,againstHero,games,hero,losses,shift,wins
0,107,10,73,1,28.662979189254322,9
1,91,10,43,0,27.344584558244538,10
2,103,15,86,2,23.967936503754768,13
3,57,12,41,2,23.379405756490286,10
4,26,10,10,2,22.772023260468664,8
5,84,10,94,1,22.762013140609874,9
6,30,20,65,3,22.085363652244506,17
7,17,11,44,2,22.07291294624117,9
8,111,24,70,5,21.76194128198864,19
9,106,10,87,1,21.56454285087387,9
10,87,29,109,6,21.22636324198765,23
11,74,14,110,3,20.87504771154673,11
12,63,12,28,2,20.823166880790417,10
13,64,10,9,2,20.434576500484805,8
14,110,12,109,2,20.16933250309852,10
15,41,12,10,2,19.73715787827288,10
16,5,10,9,2,19.535484203654345,8
17,62,11,71,1,19.25694711756818,10
18,110,12,29,2,19.248543702222978,10
19,62,13,50,3,19.202113459727393,10
20,87,10,85,2,19.06738234368307,8
21,26,11,88,3,18.785991491960523,8
22,13,13,73,3,18.664938371551475,10
23,70,15,86,4,18.5852223692848,11
24,18,10,37,2,18.374799448579125,8
25,106,12,20,4,18.3115400770612,8
26,58,11,87,2,18.229025747195355,9
27,51,11,98,3,18.11615896281521,8
28,79,12,7,3,18.096381711285993,9
29,63,13,70,3,17.959510637912526,10
30,34,12,91,3,17.68170151948013,9
31,57,16,28,3,17.62249217579795,13
32,41,10,110,1,17.607251464829996,9
33,46,13,79,4,17.459570932466367,9
34,26,11,49,4,17.344464565076983,7
35,84,12,40,4,17.332670427846264,8
36,17,12,37,4,17.032407993640543,8
37,26,13,54,5,16.939787162296547,8
38,43,14,38,5,16.915982285417527,9
39,38,12,15,3,16.880495720481196,9
40,55,10,75,2,16.87529026635735,8
41,87,16,46,5,16.835827645118428,11
42,20,10,48,2,16.747092552182814,8
43,57,13,76,3,16.719909290440036,10
44,70,18,84,5,16.508530248974694,13
45,93,11,48,2,16.455609477518344,9
46,30,13,85,3,16.384026425638844,10
47,90,10,76,4,16.36617941975424,6
48,62,13,103,4,16.29915650058687,9
49,59,11,103,3,16.266656443008632,8
50,88,11,13,4,16.14519587558019,7
51,90,12,91,4,16.09870244517902,8
52,73,15,109,4,16.045215872132836,11
53,55,16,109,4,15.902114621962271,12
54,63,11,76,2,15.722552601658151,9
55,17,15,38,4,15.678044683298907,11
56,29,12,73,3,15.669782329836798,9
57,64,14,86,4,15.598910823451098,10
58,88,15,49,4,15.58049621010895,11
59,16,10,59,4,15.561569445873221,6
60,70,12,88,3,15.445871190573252,9
61,90,11,18,3,15.206260273523736,8
62,90,17,88,5,15.203720699131468,12
63,93,14,91,4,15.158713886270988,10
64,73,14,23,4,15.067057394128556,10
65,14,10,65,2,15.014185877069247,8
66,26,24,38,7,14.873702675608984,17
67,93,25,38,8,14.706979782976548,17
68,62,19,20,5,14.58480992394943,14
69,110,11,50,3,14.53197897415603,8
70,93,10,70,3,14.39063937475962,7
71,111,30,62,9,14.365589379046474,21
72,107,25,62,8,14.352538477201135,17
73,93,10,17,3,14.339747933079,7
74,28,10,66,4,14.329185091749263,6
75,86,12,17,3,14.311620358508238,9
76,46,11,91,3,14.304066831342244,8
77,84,10,44,3,14.273373064789187,7
78,60,10,8,3,14.262033464961124,7
79,50,12,109,4,14.261856398454315,8
80,85,15,37,3,14.24206758838983,12
81,98,11,71,3,14.175605929164412,8
82,57,19,9,5,14.131595269591733,14
83,8,16,71,5,14.113253369392229,11
84,110,16,8,4,14.095812927776766,12
85,84,10,71,3,14.081174379011514,7
86,70,12,109,3,13.90225333563024,9
87,26,33,107,8,13.8753667821026,25
88,55,22,2,7,13.871872112800904,15
89,93,17,37,5,13.86566848008157,12
90,38,16,73,6,13.771113964229546,10
91,111,16,109,5,13.722443192828687,11
92,26,13,69,4,13.665838119385654,9
93,84,11,13,4,13.639117442072546,7
94,93,10,75,4,13.518069263380204,6
95,57,14,37,4,13.445596594451896,10
96,104,15,98,5,13.432187273541654,10
97,86,16,55,6,13.429599224429374,10
98,63,12,9,4,13.403892864800696,8
99,90,10,93,4,13.383501710064953,6
100,65,15,102,5,13.376564163015646,10
101,70,12,74,3,13.332522800110302,9
102,18,13,2,4,13.317961607759768,9
103,89,12,73,4,13.292782754035763,8
104,58,10,89,3,13.242354787086834,7
105,54,25,109,8,13.226950364849456,17
106,104,16,28,4,13.053729665325516,12
107,30,18,87,5,13.014989971455233,13
108,112,10,50,3,13.007963386743393,7
109,30,20,9,5,13.007263608231153,15
110,37,13,34,4,12.94192710541144,9
111,3,11,8,3,12.917286316124732,8
112,87,11,14,3,12.902634224263675,8
113,6,14,66,4,12.900366001703455,10
114,57,10,10,3,12.834446961452096,7
115,76,16,34,5,12.786935837518199,11
116,69,10,41,4,12.78611035636453,6
117,8,13,89,4,12.710180677943102,9
118,73,11,90,3,12.699639901607059,8
119,20,17,10,5,12.615963085132512,12
120,63,17,54,6,12.490244827941915,11
121,93,22,62,7,12.439036445917953,15
122,20,18,23,5,12.419097927334018,13
123,93,35,9,11,12.343319225978647,24
124,93,12,26,4,12.342400061412192,8
125,93,17,50,6,12.303370496346973,11
126,2,20,76,7,12.29741854724382,13
127,84,17,62,6,12.2561085252652,11
128,51,15,48,4,12.237016972870071,11
129,10,23,23,9,12.202189639863423,14
130,98,34,88,9,12.184111070079386,25
131,49,21,9,6,12.121824388775858,15
132,49,10,62,4,12.115401300524669,6
133,58,11,103,3,12.09340769953573,8
134,34,15,74,5,12.034087436505338,10
135,38,15,10,4,12.029907406435381,11
136,98,15,11,5,11.975065250902475,10
137,107,25,6,8,11.940202439785262,17
138,93,18,41,5,11.934886536237407,13
139,18,13,17,5,11.905263091036248,8
140,48,17,111,5,11.902706300174234,12
141,43,14,109,5,11.866460109925432,9
142,75,11,28,4,11.851884133202418,7
143,23,15,62,4,11.828374088275886,11
144,15,10,79,3,11.756403792330076,7
145,98,46,41,17,11.731122692702455,29
146,91,19,76,6,11.730074159100322,13
147,70,13,62,5,11.719880801732707,8
148,98,17,15,6,11.628891195956701,11
149,55,20,62,8,11.59917771346766,12
150,65,16,18,5,11.593628436717696,11
151,37,10,5,3,11.590467135514206,7
152,16,18,13,6,11.568229122492738,12
153,38,22,109,7,11.561969316834688,15
154,109,15,6,5,11.553622356231042,10
155,41,31,109,7,11.540113156994366,24
156,54,12,104,4,11.494854806347556,8
157,17,20,41,5,11.462467383182345,15
158,63,14,79,5,11.440813334618326,9
159,76,13,62,6,11.431107076079654,7
160,28,26,109,9,11.384585776561849,17
161,9,10,97,4,11.373867326772807,6
162,46,18,9,7,11.371108835096305,11
163,2,22,103,6,11.358008021341286,16
164,15,10,16,3,11.341181120584988,7
165,74,19,48,7,11.291194819179545,12
166,13,13,41,5,11.285884419294256,8
167,93,14,1,4,11.222746146114874,10
168,74,10,112,3,11.2220702432886,7
169,15,10,28,3,11.17654596174133,7
170,107,29,41,11,11.17644215838302,18
171,26,13,46,5,11.17021351687407,8
172,18,15,84,5,11.113494613734828,10
173,19,13,9,5,11.077926717115094,8
174,87,12,5,4,11.029432059477708,8
175,98,12,110,4,11.026999619900323,8
176,38,14,6,4,11.00539879038108,10
177,30,12,10,3,10.892413512021442,9
178,11,10,8,3,10.874801270533917,7
179,55,44,87,14,10.872497229038428,30
180,30,11,62,4,10.859839313714287,7
181,30,25,103,8,10.7828746133779,17
182,17,16,23,5,10.781653305644493,11
183,63,10,86,3,10.764144399471368,7
184,55,20,30,8,10.741156330527382,12
185,8,13,66,4,10.737460925769158,9
186,6,33,44,12,10.727467153198667,21
187,91,10,85,5,10.70245375594107,5
188,107,16,109,6,10.668493285549749,10
189,75,16,16,5,10.668295124883432,11
190,38,13,58,4,10.642287291889893,9
191,65,10,101,4,10.616476001261294,6
192,103,14,109,4,10.579033749442827,10
193,70,15,65,5,10.573807897523746,10
194,109,11,37,4,10.565386280020926,7
195,49,13,16,5,10.497714872325968,8
196,20,17,49,6,10.413212284497668,11
197,98,29,76,11,10.406226306218304,18
198,93,30,87,10,10.402767025347078,20
199,29,10,17,3,10.395985227153455,7
200,98,20,1,6,10.386375720350431,14
201,2,11,75,4,10.36983356106975,7
202,2,16,73,6,10.299221262346565,10
203,65,12,96,5,10.190345361441295,7
204,60,10,38,4,10.186949801542642,6
205,74,17,18,6,10.16104487640857,11
206,109,14,84,5,10.149942855967595,9
207,86,13,20,5,10.127179055472489,8
208,107,13,70,5,10.093719119113567,8
209,10,18,1,6,10.049405294208217,12
210,65,14,59,6,10.03616480415964,8
211,88,11,30,5,10.02483572373662,6
212,87,26,6,9,10.021273865079605,17
213,34,13,65,5,9.979765847844487,8
214,29,10,70,3,9.974371860410164,7
215,111,24,38,9,9.966212518632446,15
216,10,17,55,7,9.955177794264817,10
217,84,18,63,7,9.878227554424289,11
218,32,22,109,8,9.8595898331429,14
219,28,10,64,4,9.85835950928987,6
220,111,20,37,8,9.840471570719457,12
221,10,14,76,5,9.80833875644427,9
222,6,11,13,4,9.767233760195806,7
223,29,19,107,6,9.721393431646934,13
224,73,21,111,8,9.713634051639158,13
225,111,42,54,15,9.68998535179476,27
226,29,32,38,11,9.681299801122258,21
227,98,26,62,10,9.641858129313672,16
228,23,22,89,8,9.57687547449059,14
229,60,21,65,8,9.571951123571157,13
230,32,14,88,4,9.505084521049724,10
231,43,16,28,5,9.500596764145225,11
232,6,11,58,4,9.489496457414946,7
233,103,11,19,4,9.481054864710426,7
234,37,13,41,5,9.466346040258507,8
235,65,17,44,7,9.4437024578389,10
236,54,20,10,7,9.426248078947479,13
237,49,13,13,5,9.426239729184449,8
238,16,22,70,7,9.38991140179792,15
239,93,14,30,5,9.378386095833305,9
240,46,16,8,6,9.37241265515055,10
241,104,11,87,3,9.348380844680923,8
242,23,15,55,6,9.335240638495888,9
243,76,28,28,10,9.316382606941469,18
244,50,17,23,7,9.300090532650527,10
245,43,14,50,5,9.274747817248809,9
246,74,15,49,6,9.24696946196511,9
247,54,37,41,13,9.187270230665861,24
248,93,29,103,11,9.099325117611029,18
249,26,12,32,5,9.097694016198698,7
250,74,35,76,12,9.021109435296273,23
251,17,27,8,10,8.984203308848391,17
252,86,11,109,5,8.956500368087863,6
253,30,19,54,7,8.941378731198723,12
254,107,20,110,8,8.933567921834614,12
255,104,13,62,4,8.924566951625795,9
256,2,29,86,10,8.85665842148124,19
257,10,11,85,5,8.81027661814343,6
258,10,13,50,5,8.778099244971948,8
259,32,17,107,5,8.731768023357223,12
260,23,23,37,8,8.700238300329014,15
261,55,22,54,7,8.693503727969711,15
262,93,30,54,9,8.691717045102086,21
263,34,18,109,7,8.66273498003357,11
264,16,63,86,23,8.651858970185078,40
265,84,27,10,10,8.646492586790986,17
266,93,24,74,8,8.598694083892154,16
267,49,20,65,8,8.565638541178055,12
268,41,18,62,7,8.537234992782366,11
269,87,23,18,8,8.524533269279637,15
270,89,14,84,4,8.522483406182122,10
271,89,10,109,4,8.517312082575355,6
272,79,29,48,12,8.497699357023036,17
273,84,40,48,16,8.444321633752368,24
274,8,48,76,18,8.424370819662967,30
275,73,21,10,7,8.419335562342066,14
276,43,17,87,6,8.417190390098332,11
277,107,19,76,7,8.417024283490269,12
278,90,11,89,4,8.39679691457017,7
279,90,19,23,7,8.394839451243376,12
280,48,12,38,4,8.376240779730193,8
281,77,12,8,4,8.373441110755335,8
282,8,10,35,4,8.33580666741078,6
283,107,26,50,9,8.311520729916491,17
284,70,19,87,7,8.303039543335913,12
285,32,22,9,8,8.29537961179385,14
286,65,26,48,10,8.284285166641764,16
287,65,12,58,6,8.279172093518053,6
288,20,33,9,11,8.272596506781891,22
289,9,10,1,4,8.271879563314155,6
290,32,25,79,9,8.25246705875383,16
291,87,12,17,5,8.243209253291534,7
292,111,14,17,6,8.239799794462416,8
293,26,10,16,4,8.231874067384087,6
294,46,16,54,5,8.224744800148523,11
295,28,13,94,5,8.222371266039175,8
296,87,32,86,12,8.216798364734071,20
297,28,20,89,8,8.171930701809194,12
298,32,24,41,10,8.170536046764163,14
299,109,28,9,11,8.159691996722731,17
300,26,44,87,17,8.146474895568339,27
301,12,13,28,4,8.124512247092586,9
302,106,12,109,5,8.105226682242963,7
303,79,28,107,10,8.088960006240738,18
304,38,19,86,6,8.08239085687564,13
305,87,15,51,6,8.07320098757072,9
306,37,39,86,16,8.008070079639301,23
307,1,11,86,4,8.004187715591293,7
308,98,58,65,22,8.00384438504987,36
309,90,15,41,6,7.9977372465156895,9
310,30,11,49,4,7.987908463510181,7
311,54,15,51,6,7.985123523130607,9
312,65,17,68,7,7.944869327403057,10
313,54,25,37,8,7.943083932672223,17
314,16,12,34,5,7.93686592393514,7
315,49,16,86,8,7.927120710777818,8
316,65,14,15,6,7.9264348930210655,8
317,37,11,63,5,7.843052347950046,6
318,76,32,37,11,7.8204975769535725,21
319,10,27,28,9,7.815329969763907,18
320,28,10,11,4,7.813271079515407,6
321,51,13,79,5,7.797466060349629,8
322,65,20,50,8,7.794013777008701,12
323,2,40,65,14,7.773153242011138,26
324,29,13,109,5,7.764821554426811,8
325,111,14,85,5,7.7293785704579765,9
326,23,11,59,4,7.703199044299861,7
327,63,43,65,17,7.659582435255228,26
328,111,26,86,11,7.599516330003596,15
329,54,22,76,10,7.591329699141384,12
330,20,33,79,12,7.546840294896304,21
331,28,50,41,22,7.53721429151201,28
332,70,17,76,7,7.53513969649919,10
333,79,17,70,8,7.531628680674285,9
334,46,15,88,5,7.530723715486486,10
335,30,19,86,4,7.518943165430902,15
336,55,17,76,7,7.436338470025707,10
337,87,31,50,12,7.429484842498567,19
338,98,14,68,4,7.4276533386231165,10
339,103,29,74,10,7.419118005067163,19
340,41,13,49,4,7.406139067429067,9
341,98,15,5,6,7.403088174401656,9
342,20,28,84,10,7.362780437625798,18
343,43,14,65,6,7.347774243596503,8
344,89,23,10,9,7.332600528276464,14
345,75,10,87,3,7.3317203001443785,7
346,50,11,68,4,7.299975074722132,7
347,23,15,70,6,7.277989111704879,9
348,30,10,73,4,7.275241295919059,6
349,10,19,86,7,7.266452513785876,12
350,98,34,50,15,7.261172888009824,19
351,28,12,112,5,7.260189333899199,7
352,88,14,38,6,7.257573306252318,8
353,84,24,88,9,7.256956915758408,15
354,29,20,84,8,7.207700943776425,12
355,76,17,41,7,7.204077205660157,10
356,111,13,34,6,7.201437198359543,7
357,94,17,20,6,7.200649176708729,11
358,93,28,84,11,7.1997212040904675,17
359,87,43,79,18,7.185611842884618,25
360,5,11,6,4,7.175117705775807,7
361,91,15,50,5,7.1733464432781116,10
362,88,10,85,4,7.153055622545777,6
363,74,28,86,11,7.1305410605737976,17
364,10,11,18,3,7.118488462247402,8
365,51,16,8,6,7.047837018337103,10
366,59,19,79,8,7.0352036880537785,11
367,111,20,6,8,7.018385668922465,12
368,13,16,8,6,7.015469911604977,10
369,28,17,85,7,7.014167267714172,10
370,84,25,85,12,7.011561663750302,13
371,49,26,87,12,7.009641251598087,14
372,49,12,48,6,7.009433567710918,6
373,90,19,6,8,7.003490622158199,11
374,79,11,101,5,6.99086142593087,6
375,50,17,73,8,6.969175801780988,9
376,73,10,68,4,6.953949871021737,6
377,55,25,38,11,6.947960322969595,14
378,90,14,17,6,6.930186835428707,8
379,57,12,74,4,6.917604242425743,8
380,8,36,38,14,6.910326910265976,22
381,46,17,76,6,6.84242442002427,11
382,91,35,28,13,6.83566278109006,22
383,30,16,70,6,6.82460555340519,10
384,41,44,103,15,6.813115276519104,29
385,91,35,41,13,6.801656465480552,22
386,26,24,109,9,6.785414157125378,15
387,17,25,9,10,6.735083403706082,15
388,2,19,34,8,6.729658072634231,11
389,111,29,32,13,6.714992004730651,16
390,89,11,74,5,6.714017548400379,6
391,88,16,57,7,6.6984703888039245,9
392,48,13,41,5,6.690082670722859,8
393,107,31,9,14,6.687394009444981,17
394,18,24,9,10,6.6693794387353345,14
395,17,15,49,6,6.655321673670168,9
396,74,20,73,8,6.65525639715505,12
397,55,40,98,16,6.654534650315199,24
398,8,21,57,9,6.644454597179963,12
399,23,14,18,5,6.631187531141065,9
400,16,21,18,8,6.6099594156094685,13
401,55,15,91,5,6.584228246945676,10
402,74,23,38,10,6.562267688513879,13
403,30,14,16,5,6.557206782808545,9
404,14,18,84,5,6.539625119207458,13
405,74,26,88,9,6.515151171646329,17
406,17,13,62,5,6.51109228837904,8
407,93,13,43,5,6.501916158206527,8
408,88,37,76,16,6.498739576090078,21
409,93,14,18,6,6.492352153195742,8
410,74,50,65,20,6.490632429945082,30
411,9,35,86,15,6.489629747107354,20
412,23,11,48,5,6.485113687277618,6
413,17,10,10,4,6.479497194252815,6
414,111,41,41,18,6.476121710491767,23
415,20,16,88,6,6.450213485704795,10
416,90,10,62,4,6.4415032468905995,6
417,15,14,84,5,6.375647385580594,9
418,103,21,88,8,6.368772240906126,13
419,31,10,28,4,6.368565836830037,6
420,46,12,37,5,6.3442194687159414,7
421,86,18,73,7,6.340120760849845,11
422,23,22,93,10,6.338642170645797,12
423,16,19,73,8,6.334580998862496,11
424,55,26,41,12,6.334267485528576,14
425,6,37,28,15,6.320591835394871,22
426,16,57,65,24,6.310296262259339,33
427,8,33,109,14,6.30772945688614,19
428,55,28,9,10,6.3038299197807515,18
429,16,14,57,6,6.297480382884538,8
430,111,15,44,6,6.2820016152003975,9
431,87,25,76,10,6.268639154144933,15
432,73,34,9,14,6.263734230116221,20
433,2,35,41,13,6.231438093089564,22
434,2,11,66,4,6.205381429919992,7
435,30,21,37,8,6.185901131757959,13
436,55,34,20,15,6.177684328421455,19
437,28,63,9,27,6.1732127627142175,36
438,17,17,84,7,6.1635311782548206,10
439,111,69,65,31,6.128152820402616,38
440,49,17,6,7,6.097985660912412,10
441,50,13,48,6,6.091992406670462,7
442,107,27,2,11,6.06290925873793,16
443,84,36,76,17,6.060390706094975,19
444,16,22,85,9,6.04540093656933,13
445,41,19,1,6,6.031499987907278,13
446,1,14,107,6,6.01274894122701,8
447,98,48,91,22,6.010481139866051,26
448,49,10,77,5,6.002993751357134,5
449,28,55,16,23,6.002427011805198,32
450,20,79,65,31,5.9892858379270475,48
451,91,12,37,5,5.9860731535473475,7
452,16,26,6,12,5.978889658978726,14
453,74,25,6,10,5.973570320498571,15
454,20,33,103,11,5.964316349878249,22
455,16,34,88,12,5.925435513166335,22
456,93,38,28,16,5.919962640568542,22
457,98,49,103,19,5.894528502030381,30
458,79,17,62,8,5.892255002651105,9
459,32,13,86,6,5.890610211193869,7
460,8,70,79,32,5.887651911647315,38
461,17,17,16,7,5.8683420758720235,10
462,107,10,48,4,5.8635977751046635,6
463,65,55,54,24,5.851072715135369,31
464,2,10,44,4,5.829723764491519,6
465,38,22,87,9,5.809647209419687,13
466,87,44,41,20,5.804454173879386,24
467,32,18,54,7,5.7826104895534876,11
468,65,23,32,10,5.774601329387389,13
469,88,19,6,8,5.764151777123857,11
470,38,29,9,13,5.756435186772356,16
471,98,22,34,8,5.755771842682112,14
472,90,20,37,8,5.742590617036884,12
473,28,36,54,15,5.738264808482749,21
474,89,23,65,10,5.729458742490655,13
475,16,66,9,25,5.693199967235486,41
476,57,21,84,8,5.683170829447634,13
477,43,13,9,6,5.6825351087636395,7
478,63,16,91,7,5.669548453730626,9
479,74,18,109,8,5.655848733560989,10
480,107,41,20,18,5.643773896247953,23
481,2,16,48,8,5.635246627200352,8
482,6,25,20,12,5.631661671252286,13
483,26,22,29,8,5.630548836449716,14
484,86,11,57,5,5.628641785626695,6
485,6,33,48,14,5.618170706899612,19
486,87,27,91,11,5.596917301348129,16
487,49,29,98,13,5.553486162622289,16
488,87,40,28,16,5.547168193951342,24
489,28,11,97,6,5.5469707821451895,5
490,46,10,2,4,5.541906116456136,6
491,79,14,75,5,5.531520330232187,9
492,76,13,18,5,5.53119132502178,8
493,111,36,103,15,5.530917867453249,21
494,41,44,9,17,5.529938683768653,27
495,23,40,98,16,5.52748143097881,24
496,91,35,9,15,5.5163400705846755,20
497,107,16,34,7,5.514558906998726,9
498,93,69,65,29,5.511232533157763,40
499,89,10,87,4,5.494352199749725,6
500,93,13,49,6,5.4651623752460186,7
501,90,20,87,7,5.464899068206852,13
502,54,33,38,13,5.464199343195873,20
503,14,10,9,3,5.4634394370226635,7
504,30,15,50,7,5.456889712897827,8
505,55,14,37,6,5.456618910920282,8
506,63,13,85,6,5.448267876540921,7
507,8,33,62,14,5.446197709585512,19
508,54,34,84,13,5.440264018021867,21
509,109,16,23,6,5.438260955948294,10
510,20,26,38,11,5.422962328602491,15
511,43,11,103,5,5.405634019581254,6
512,110,23,65,9,5.385061990656434,14
513,8,66,41,30,5.383353261881381,36
514,20,24,109,8,5.375774718225749,16
515,90,23,8,9,5.338168133162715,14
516,30,18,6,6,5.328184059941261,12
517,84,11,66,5,5.328070614003662,6
518,50,36,79,16,5.311051747194992,20
519,17,13,48,6,5.3071829791256695,7
520,74,34,91,15,5.295925645705857,19
521,54,36,6,13,5.286575686970522,23
522,84,33,41,12,5.264393494768322,21
523,74,22,29,10,5.2608197922239635,12
524,50,12,89,5,5.253704218444127,7
525,1,10,111,5,5.2389835373250895,5
526,30,22,8,8,5.213064512809201,14
527,104,11,10,5,5.197242443950483,6
528,111,10,57,4,5.186942618450887,6
529,8,43,93,17,5.184113673106519,26
530,26,38,20,16,5.156160372920304,22
531,20,12,32,5,5.135866792699634,7
532,54,12,17,5,5.13265067269767,7
533,41,29,89,12,5.128070897369616,17
534,103,21,18,9,5.117263308095354,12
535,86,34,76,16,5.034414368757687,18
536,55,20,32,8,5.010948173246779,12
537,62,17,54,7,5.001633115691912,10
538,26,30,65,13,4.982618574560724,17
539,8,44,48,19,4.978226527104567,25
540,18,23,79,11,4.97103956030986,12
541,41,20,86,9,4.96812288725616,11
542,10,10,59,5,4.967497448599426,5
543,23,39,8,16,4.967143538693542,23
544,30,23,98,8,4.9611007552646305,15
545,55,30,88,11,4.9440012556944435,19
546,46,11,103,5,4.93491443987304,6
547,6,21,73,10,4.932710665188482,11
548,75,13,84,5,4.928603725365213,8
549,87,14,34,6,4.910376447473126,8
550,63,12,98,6,4.8668332020725105,6
551,55,29,6,10,4.803715742468641,19
552,90,11,70,4,4.801865378344786,7
553,55,13,18,6,4.799688141028246,7
554,87,21,88,8,4.796769422048848,13
555,86,11,18,5,4.795064637153176,6
556,17,11,30,5,4.793161472453947,6
557,34,10,103,3,4.790473034569175,7
558,13,12,20,4,4.788358918637377,8
559,111,10,104,4,4.785383853867566,6
560,98,17,94,7,4.761676089313329,10
561,6,12,32,5,4.741771241477241,7
562,74,18,55,9,4.738810454561628,9
563,15,22,76,9,4.729882122439322,13
564,90,30,9,13,4.717832744642906,17
565,54,45,9,19,4.717503599408805,26
566,109,19,93,8,4.710552248323456,11
567,87,35,29,15,4.710088352572669,20
568,88,26,54,12,4.686353390066706,14
569,26,16,6,6,4.685058896386026,10
570,90,15,54,7,4.666189046389491,8
571,28,52,18,23,4.647292067318391,29
572,16,15,89,6,4.6371266736074,9
573,79,19,104,7,4.631678959880918,12
574,86,10,15,5,4.603054673648835,5
575,28,19,49,7,4.5879435578079875,12
576,2,31,6,13,4.575369715684754,18
577,9,20,89,7,4.555028073124962,13
578,87,15,57,7,4.55240997291295,8
579,26,45,8,21,4.535697997459029,24
580,74,24,23,11,4.530539923458647,13
581,65,26,109,13,4.522732343847655,13
582,30,16,18,6,4.520627492655181,10
583,38,38,28,17,4.50616017554961,21
584,9,17,59,7,4.502961051414203,10
585,29,11,62,5,4.502398822563132,6
586,111,29,91,14,4.500138929465923,15
587,29,21,93,9,4.498959392246705,12
588,111,21,29,11,4.4840296225286655,10
589,86,13,85,7,4.4826531707733315,6
590,111,25,15,10,4.472513123100849,15
591,84,32,2,14,4.438454989875694,18
592,90,10,13,5,4.4350576589733715,5
593,103,25,91,13,4.403539882876555,12
594,16,10,93,4,4.399536862991551,6
595,1,14,65,6,4.384642024421805,8
596,54,13,89,5,4.375934710162817,8
597,87,11,94,5,4.3750154371421806,6
598,70,17,2,6,4.372410293055534,11
599,16,35,37,13,4.367993019162763,22
600,79,13,44,6,4.356415433762267,7
601,28,34,37,14,4.354061424588209,20
602,54,17,3,8,4.336905078418534,9
603,85,15,48,6,4.3053632687921874,9
604,8,22,49,10,4.28984337719209,12
605,103,34,28,15,4.283445470085922,19
606,58,11,9,4,4.2449574488184085,7
607,97,11,8,4,4.238412616249602,7
608,29,26,20,11,4.235090000321545,15
609,63,12,8,5,4.221883097493622,7
610,41,52,20,21,4.221572518729248,31
611,26,24,103,11,4.210605706707939,13
612,62,26,9,11,4.20006809871188,15
613,17,22,79,10,4.186747232119098,12
614,48,10,91,4,4.178093898435945,6
615,2,16,32,7,4.169077635966494,9
616,29,19,79,9,4.163523890816751,10
617,37,15,2,7,4.147220527730264,8
618,103,28,54,13,4.13111154459063,15
619,23,14,30,7,4.121797276586666,7
620,54,19,29,7,4.092788521879797,12
621,2,36,9,17,4.08389169356919,19
622,28,22,70,11,4.061668690910118,11
623,98,16,85,8,4.042048861968951,8
624,111,37,74,17,4.036380326078248,20
625,10,11,109,5,4.004247407956419,6
626,16,33,76,15,3.999126074826738,18
627,26,26,28,11,3.9790441547640567,15
628,16,29,74,12,3.9743417346866297,17
629,1,16,8,8,3.9724434837704097,8
630,91,40,8,19,3.961945852137989,21
631,51,11,65,5,3.9592432767387034,6
632,63,13,48,6,3.956648202742783,7
633,93,17,10,7,3.954978874369175,10
634,10,10,15,5,3.9530007600130332,5
635,8,90,9,41,3.9431015798913784,49
636,79,36,74,14,3.9251156042857227,22
637,28,23,17,10,3.9100280106678444,13
638,37,37,98,16,3.903745498406781,21
639,94,16,54,8,3.897800639878565,8
640,55,11,17,5,3.884041039360635,6
641,65,62,28,26,3.872149366224543,36
642,38,14,49,7,3.8551286140805883,7
643,23,40,9,18,3.825851357048051,22
644,87,42,9,19,3.8128189562427632,23
645,79,56,37,23,3.799347181152442,33
646,110,12,103,5,3.7849274590311146,7
647,13,19,79,7,3.7825987952497915,12
648,26,11,110,6,3.7814954576991626,5
649,79,15,73,7,3.780403758532128,8
650,13,20,28,7,3.777676713991522,13
651,65,104,9,47,3.775714714839896,57
652,98,45,84,20,3.762329835872548,25
653,98,26,18,12,3.7616966957049423,14
654,37,37,8,17,3.7513378121907257,20
655,10,20,74,8,3.7415607204357952,12
656,84,48,86,22,3.7305166192474197,26
657,84,22,38,9,3.721558072111382,13
658,60,10,87,5,3.716219490276849,5
659,32,35,8,16,3.704344714378886,19
660,104,21,8,8,3.694652229740303,13
661,30,19,84,9,3.664539402131782,10
662,48,14,89,6,3.663870491648268,8
663,106,12,65,5,3.6637536933904045,7
664,57,17,65,6,3.662004607965262,11
665,5,11,79,6,3.616233982760748,5
666,88,11,18,5,3.611718177860614,6
667,29,12,46,5,3.5756011188612917,7
668,37,21,88,9,3.570415083493485,12
669,107,23,88,11,3.56918480670233,12
670,50,25,38,11,3.5687465201033155,14
671,111,28,93,14,3.565826841924163,14
672,65,13,94,6,3.5056909876146616,7
673,91,20,30,10,3.502965357343227,10
674,41,54,79,25,3.4801419374387503,29
675,51,10,55,4,3.478851515612335,6
676,1,14,55,6,3.4728600689370874,8
677,111,21,76,11,3.468863949107616,10
678,8,12,106,6,3.455609178708625,6
679,5,10,91,6,3.425539811872453,4
680,51,17,84,7,3.4208891920364017,10
681,98,12,57,6,3.4208056101467705,6
682,98,31,10,14,3.4043551656175834,17
683,57,12,6,4,3.400016956513245,8
684,62,23,87,10,3.3975423521512753,13
685,57,14,91,5,3.387917143764689,9
686,87,48,20,22,3.3869100363416416,26
687,2,14,85,7,3.3798876085075142,7
688,6,26,91,12,3.37006635937582,14
689,84,22,34,9,3.3667603990013673,13
690,29,26,8,12,3.355791507675689,14
691,74,12,63,5,3.3417933304650638,7
692,103,23,55,10,3.3059351081926893,13
693,79,17,106,9,3.302584416052572,8
694,104,12,76,6,3.296017349449059,6
695,10,11,46,5,3.290581679590813,6
696,32,24,98,11,3.2868277404205144,13
697,59,11,98,5,3.2664563544762375,6
698,30,21,29,10,3.2444225111341125,11
699,55,72,8,31,3.242679915951949,41
700,8,60,16,26,3.237992128006084,34
701,9,24,76,11,3.236321684557724,13
702,50,17,16,8,3.22023130354894,9
703,23,19,86,9,3.2169168727971016,10
704,32,25,16,11,3.2091711041875497,14
705,88,16,41,7,3.1907658333962923,9
706,55,29,16,13,3.1562828347488936,16
707,75,11,9,4,3.137110857576188,7
708,57,11,18,4,3.135095939582447,7
709,107,14,104,6,3.1348492575520077,8
710,106,10,98,4,3.1299996913347945,6
711,91,17,10,7,3.0928301943325844,10
712,50,33,103,15,3.092695156166144,18
713,26,17,43,7,3.0481873322386352,10
714,9,14,44,8,3.0418979222799782,6
715,38,18,16,9,3.0174584469144,9
716,48,30,37,14,3.008487076456393,16
717,26,16,89,8,3.0015441091670665,8
718,65,70,88,31,2.9601206197418133,39
719,68,10,87,5,2.918596255497213,5
720,8,24,68,11,2.9120627847170204,13
721,50,20,86,8,2.9078735206797073,12
722,65,22,91,12,2.901497114560694,10
723,88,30,111,13,2.894283723315119,17
724,90,30,111,13,2.890544713054333,17
725,46,15,28,7,2.8691534505866354,8
726,98,31,29,15,2.8666453310461546,16
727,79,40,76,17,2.864436403051438,23
728,55,10,57,4,2.8631536684623486,6
729,34,20,79,10,2.8607277297103497,10
730,73,12,93,5,2.8544244467913393,7
731,87,21,73,10,2.852053456966912,11
732,54,36,16,17,2.847205712046726,19
733,37,13,20,6,2.83075763565836,7
734,6,21,37,10,2.807135109428713,11
735,38,55,65,25,2.8065899103574563,30
736,29,17,34,9,2.8011697136542666,8
737,14,12,8,5,2.800814824677635,7
738,8,47,18,21,2.7978231918914584,26
739,17,30,103,13,2.7862637913294455,17
740,98,33,86,14,2.7839089247753144,19
741,41,40,23,18,2.7673807455242936,22
742,2,18,23,9,2.76700436988762,9
743,18,10,51,5,2.762161861451463,5
744,103,25,87,11,2.755992091272528,14
745,73,14,88,6,2.749905078434886,8
746,20,21,73,10,2.747580384950556,11
747,29,30,28,14,2.7417268938351826,16
748,34,21,28,9,2.7346627104082097,12
749,23,14,29,6,2.7325720738957804,8
750,79,25,89,10,2.732343278458178,15
751,74,59,8,28,2.7296100359174895,31
752,26,14,30,9,2.7295268644643036,5
753,16,20,91,9,2.7214582735625528,11
754,90,29,28,13,2.709626925847089,16
755,10,18,48,9,2.6839997209769613,9
756,8,74,107,35,2.668363851324248,39
757,30,25,38,13,2.6609022960305335,12
758,86,20,88,8,2.6598697754609475,12
759,15,14,8,7,2.6593953269851665,7
760,87,27,54,13,2.6518374940593397,14
761,23,38,84,18,2.650250869753193,20
762,8,42,103,17,2.6366758249260895,25
763,30,13,107,5,2.6326975250966638,8
764,70,11,50,6,2.626702900417429,5
765,111,23,50,10,2.626096528214075,13
766,9,16,94,8,2.620832608628445,8
767,29,24,9,12,2.6073964056504892,12
768,98,54,74,26,2.6028088751283813,28
769,71,16,65,8,2.5963866960665394,8
770,38,20,112,9,2.587558109977976,11
771,50,31,9,14,2.5695097036396843,17
772,2,25,109,10,2.5641635343710663,15
773,50,12,88,6,2.559456050854571,6
774,79,59,111,26,2.5391252713592265,33
775,23,11,34,6,2.530674269646428,5
776,98,52,54,26,2.52901549913828,26
777,50,19,29,8,2.5251415163545516,11
778,79,25,93,13,2.5064207147836153,12
779,65,50,103,21,2.483568843444369,29
780,111,48,9,24,2.4819787644205817,24
781,74,29,107,13,2.4812045730116723,16
782,37,15,62,7,2.4789476689639205,8
783,111,10,56,4,2.470099067407655,6
784,26,27,98,15,2.469946577348654,12
785,41,40,38,19,2.4535603181412915,21
786,111,17,46,8,2.4518689623137755,9
787,10,17,37,7,2.451821926620314,10
788,9,33,6,15,2.442634272815347,18
789,18,16,50,8,2.435107533000619,8
790,32,14,38,6,2.405973678085745,8
791,76,18,35,7,2.4023433325283117,11
792,43,22,74,10,2.399363912806923,12
793,51,19,86,9,2.390997498034678,10
794,18,18,6,8,2.39036390227397,10
795,16,58,84,27,2.38803491948361,31
796,79,56,16,25,2.387568324889289,31
797,84,41,111,17,2.381984401222266,24
798,55,12,34,5,2.374285322689373,7
799,51,15,16,6,2.357243678208251,9
800,65,39,29,16,2.3260339041967435,23
801,109,13,79,6,2.287036871981501,7
802,65,25,73,12,2.2653103058461292,13
803,62,18,32,9,2.263686769900328,9
804,93,12,86,6,2.263652335832278,6
805,9,22,88,10,2.2502303698209856,12
806,8,11,58,6,2.225895511877215,5
807,87,23,37,12,2.190334202723886,11
808,54,34,86,16,2.1876120177380085,18
809,107,40,28,20,2.1685661502403653,20
810,50,35,84,17,2.168079839309706,18
811,74,45,9,20,2.16700698590985,25
812,9,11,15,5,2.157551688044861,6
813,18,10,32,5,2.1572241092213504,5
814,98,61,2,29,2.1431661416362218,32
815,87,23,48,11,2.138686265999836,12
816,111,33,26,15,2.1371335815105854,18
817,16,18,104,8,2.1264699523202086,10
818,84,11,1,5,2.1264466771262813,6
819,30,34,28,15,2.124219169093697,19
820,54,26,50,11,2.120731115430667,15
821,55,14,73,7,2.100075433191044,7
822,28,13,5,5,2.0729432233264378,8
823,91,11,18,5,2.068864434806542,6
824,32,19,84,8,2.0621508690380312,11
825,38,52,98,24,2.049865770355223,28
826,16,49,98,22,2.027059127963766,27
827,23,30,87,13,2.0171902524743803,17
828,8,65,87,29,2.0171507138951443,36
829,59,14,8,7,2.010238389237951,7
830,10,12,32,7,1.9897128149353989,5
831,37,10,71,4,1.989603705819686,6
832,103,13,37,6,1.9837820518429896,7
833,6,47,79,22,1.9831957209831137,25
834,23,41,65,20,1.9794334553560258,21
835,49,11,29,4,1.979211902956338,7
836,6,47,65,25,1.9776748983278993,22
837,54,18,23,8,1.972656582258224,10
838,37,33,65,15,1.9483360284193358,18
839,76,24,6,12,1.937944044447951,12
840,8,57,54,27,1.927915207676815,30
841,10,13,29,6,1.9268740097605606,7
842,65,31,10,14,1.9191141577897703,17
843,26,13,73,7,1.9184440317079223,6
844,48,35,16,17,1.9177064489155933,18
845,76,10,17,4,1.9048948605365967,6
846,41,11,61,5,1.9034780148497896,6
847,16,47,41,23,1.8975023949488878,24
848,91,18,88,8,1.88786606053127,10
849,84,68,65,33,1.8809383053706654,35
850,84,27,49,13,1.8786207304912836,14
851,8,45,20,21,1.8762962473388543,24
852,6,40,8,18,1.873167747491823,22
853,54,16,112,7,1.871566293788832,9
854,6,39,98,18,1.8448936378969223,21
855,90,23,107,12,1.839992081109741,11
856,35,12,79,5,1.8379035956261849,7
857,2,30,111,14,1.8367449192872456,16
858,79,38,90,16,1.833449775816603,22
859,98,61,79,31,1.8251234775219844,30
860,85,13,76,5,1.800008520609701,8
861,94,10,41,5,1.7939224836809742,5
862,111,52,28,24,1.7612142471001229,28
863,41,15,30,7,1.7536920323334506,8
864,107,35,38,17,1.7434138897292968,18
865,93,23,6,11,1.7369073602432055,12
866,16,29,103,14,1.7358551004647145,15
867,106,15,38,7,1.7348192516378895,8
868,76,10,45,5,1.7263356630732787,5
869,73,34,41,16,1.7202071823465876,18
870,16,47,2,22,1.7122028906623956,25
871,38,11,76,5,1.6999072226365513,6
872,34,15,20,6,1.6974281353522225,9
873,18,12,49,6,1.6761839169288937,6
874,103,26,6,11,1.6275337563735768,15
875,20,18,68,9,1.6168027641247988,9
876,87,33,84,16,1.6132608828210888,17
877,20,32,28,13,1.611656785344251,19
878,20,12,76,5,1.5911388338678512,7
879,70,18,37,8,1.5684495468710091,10
880,106,12,41,6,1.5589796315432078,6
881,76,28,48,13,1.5505839376852326,15
882,107,24,86,11,1.55046489041772,13
883,63,14,107,6,1.5503183730734296,8
884,50,33,2,15,1.5483452933241442,18
885,85,12,38,6,1.5317416798467203,6
886,103,12,85,5,1.505235765059641,7
887,98,16,89,8,1.5011020579783834,8
888,55,18,43,9,1.4993353058682148,9
889,98,39,107,18,1.470991347087057,21
890,18,17,48,8,1.4617300255746302,9
891,16,33,111,17,1.4503126575489818,16
892,50,36,41,18,1.4450486751473963,18
893,109,11,112,5,1.4303792106135111,6
894,62,24,28,10,1.4300815186163431,14
895,111,14,75,8,1.426535254075105,6
896,65,10,3,5,1.4258252923515962,5
897,32,13,91,7,1.4232354979639683,6
898,13,11,2,4,1.4221213524937684,7
899,2,24,38,13,1.4146987667991227,11
900,70,46,98,22,1.4102748742937037,24
901,54,18,15,9,1.4023674366161945,9
902,54,13,85,7,1.3987454013140737,6
903,44,13,8,5,1.3823607495686785,8
904,88,21,23,11,1.37274181909097,10
905,23,14,32,8,1.362990157606229,6
906,16,16,62,8,1.359505878315487,8
907,98,30,90,15,1.3401101961721698,15
908,66,19,9,9,1.3219399910119891,10
909,28,26,88,12,1.3206994118977573,14
910,87,15,110,7,1.3076573931351636,8
911,84,69,9,31,1.3007483450089,38
912,16,28,87,13,1.2579317870381803,15
913,65,76,79,38,1.243587754027949,38
914,20,43,98,20,1.2404189901414067,23
915,79,11,96,6,1.2340245916617492,5
916,23,37,28,18,1.2328353573645747,19
917,84,54,37,27,1.2184475124621383,27
918,79,74,9,36,1.188169776423483,38
919,84,29,55,14,1.1804955163745936,15
920,103,10,1,6,1.178228962480735,4
921,109,23,98,11,1.1685291459099263,12
922,54,20,48,11,1.1618779457241957,9
923,74,20,30,11,1.1520992492769822,9
924,50,18,34,10,1.1483521913828936,8
925,70,49,8,25,1.1467281456421692,24
926,79,36,38,17,1.1399672014475537,19
927,8,57,10,28,1.1382785779776168,29
928,55,27,50,12,1.1136011471986083,15
929,88,14,93,8,1.1127136691834514,6
930,84,44,74,22,1.1124968603040977,22
931,2,38,10,18,1.1121627515330017,20
932,88,20,62,10,1.1096322170107602,10
933,91,14,62,7,1.0834634078291783,7
934,104,27,65,11,1.0406659176361355,16
935,107,39,65,17,1.0164693815500474,22
936,58,11,2,5,1.0060883991850518,6
937,87,31,98,14,1.0052207296323035,17
938,79,11,94,5,0.9998691980070009,6
939,76,12,13,6,0.9984639091995154,6
940,32,15,74,7,0.9878312338208317,8
941,111,16,68,7,0.983190365703102,9
942,91,20,23,10,0.9792678927031622,10
943,103,44,9,24,0.9734466854109799,20
944,68,10,16,5,0.9723777343104946,5
945,13,11,107,5,0.9714834650171408,6
946,29,21,55,9,0.9614707597327733,12
947,93,23,107,11,0.9535678875740116,12
948,48,11,30,5,0.9383914724110479,6
949,23,35,16,17,0.937387264272772,18
950,85,19,9,8,0.9266510351352133,11
951,13,11,74,5,0.9258529887550377,6
952,103,12,89,5,0.9245541578032425,7
953,60,11,9,6,0.9156618531106764,5
954,41,17,18,8,0.91377606355372,9
955,98,55,28,28,0.898790700009148,27
956,10,21,87,11,0.8903069151175369,10
957,8,61,2,31,0.8823794512979197,30
958,62,21,65,9,0.8755953834255747,12
959,29,12,18,7,0.8741742779448156,5
960,8,52,86,25,0.8629495396225975,27
961,98,67,8,32,0.8537292484745942,35
962,54,38,20,18,0.8438668680645838,20
963,103,16,32,7,0.8405021181328001,9
964,55,19,48,10,0.8120553136411699,9
965,65,18,13,10,0.776558299644976,8
966,16,31,10,15,0.7584468045459267,16
967,23,24,6,12,0.7573800729023334,12
968,90,10,104,6,0.7461340238107392,4
969,37,11,73,5,0.7437455399697732,6
970,107,23,23,11,0.7397315330825475,12
971,50,17,74,8,0.725167252731053,9
972,87,24,32,13,0.723654834631159,11
973,46,18,6,10,0.7192942730830806,8
974,41,23,43,11,0.6921842337130567,12
975,98,39,9,21,0.6861429647441631,18
976,62,15,74,6,0.6841173627174295,9
977,44,12,16,7,0.674063172823535,5
978,90,17,10,9,0.6720080859782257,8
979,111,44,55,23,0.6715353289992407,21
980,91,23,86,11,0.6661452371008985,12
981,88,15,48,9,0.6584132572102235,6
982,74,39,41,21,0.6406425090111577,18
983,16,17,1,9,0.6380538669636839,8
984,93,32,98,16,0.6209002429509426,16
985,9,36,37,18,0.61775116251728,18
986,91,18,44,8,0.616097632961548,10
987,111,37,20,19,0.6068837109506124,18
988,62,18,38,9,0.6043816495722321,9
989,98,20,101,11,0.5948708647764208,9
990,48,18,103,9,0.5903706399248467,9
991,54,26,91,15,0.5702688984859549,11
992,15,14,2,7,0.5683026145731193,7
993,89,17,111,9,0.5563633904658443,8
994,90,18,2,9,0.5540783404275267,9
995,86,41,28,18,0.5477940883930262,23
996,13,16,48,6,0.5472229810551577,10
997,66,13,41,7,0.534743534153634,6
998,44,18,28,7,0.5251032048737557,11
999,91,13,73,5,0.5133686150476447,8
1000,73,26,8,11,0.502988944860799,15
1001,54,32,2,15,0.49725687334611157,17
1002,87,16,112,7,0.4965133955506271,9
1003,46,13,98,6,0.49490167633736465,7
1004,16,16,20,9,0.4908471999413502,7
1005,32,10,94,5,0.4833955664376234,5
1006,49,21,107,11,0.4754802407538822,10
1007,26,39,41,23,0.47541624975842567,16
1008,28,60,2,30,0.4571148489400272,30
1009,2,19,88,9,0.45627885372645166,10
1010,98,16,58,9,0.45407364718622145,7
1011,23,37,103,19,0.4333042786770564,18
1012,26,11,50,6,0.4324180875363533,5
1013,86,24,48,12,0.4289015772631212,12
1014,111,43,87,22,0.4268411890521909,21
1015,28,53,84,27,0.42165906343217385,26
1016,65,20,85,11,0.4129454829762119,9
1017,28,15,73,6,0.4127743641758703,9
1018,62,21,2,11,0.40636404979020735,10
1019,93,16,55,8,0.39897461255756284,8
1020,41,13,85,6,0.3897097634286908,7
1021,76,14,103,6,0.38777687342703565,8
1022,44,10,50,5,0.3704918139841162,5
1023,74,43,54,23,0.3670959011375288,20
1024,86,19,6,9,0.36002907163375564,10
1025,49,10,85,5,0.35745396515488925,5
1026,16,20,107,10,0.3521229801334943,10
1027,9,18,70,10,0.347707681597408,8
1028,43,15,98,7,0.3457186585350653,8
1029,49,17,91,9,0.32854883058107165,8
1030,55,49,65,21,0.313271388476451,28
1031,19,14,41,8,0.3076861914893786,6
1032,2,23,30,12,0.29321348863964763,11
1033,65,32,86,16,0.292161429870751,16
1034,13,23,9,10,0.2881217107127524,13
1035,9,15,104,7,0.28308119895337425,8
1036,79,33,55,18,0.28040874928449927,15
1037,73,18,98,9,0.25138784932662733,9
1038,103,28,38,14,0.24815234764151997,14
1039,57,10,54,5,0.24120401170219807,5
1040,73,20,84,8,0.23249348624489805,12
1041,79,24,30,13,0.2268254547513958,11
1042,75,14,8,7,0.21522325366820866,7
1043,54,24,107,12,0.21408205928725335,12
1044,29,36,41,18,0.19641039337775978,18
1045,28,33,50,16,0.1958042362037239,17
1046,73,14,54,7,0.18662207893266317,7
1047,30,32,20,17,0.18006835825974649,15
1048,55,45,28,20,0.17549490449187147,25
1049,18,25,54,13,0.17269825689702542,12
1050,26,19,2,10,0.15549736717272822,9
1051,79,27,88,11,0.15314632206052248,16
1052,32,18,50,10,0.14361277931057773,8
1053,107,35,103,17,0.13970070555149214,18
1054,16,13,63,6,0.13751618322568013,7
1055,74,20,37,10,0.13515130121839292,10
1056,87,41,107,19,0.1227366665247325,22
1057,48,24,98,12,0.11447232981992601,12
1058,86,44,79,22,0.10444912702111547,22
1059,6,29,41,15,0.09412754772533743,14
1060,34,18,9,9,0.09074125145387058,9
1061,13,22,98,9,0.08977817869064623,13
1062,70,25,54,12,0.080462290077825,13
1063,38,15,110,8,0.07451058664372237,7
1064,88,40,8,21,0.07142554607087437,19
1065,8,68,111,32,0.06643227615439237,36
1066,55,23,49,9,0.048699095801543475,14
1067,13,10,55,5,0.04571456623531418,5
1068,48,33,9,15,0.038710351071864234,18
1069,23,26,111,12,0.03864525196536135,14
1070,85,24,79,13,0.03480555903893171,11
1071,13,12,111,6,0.03396852683521152,6
1072,107,35,111,17,0.02482134096335078,18
1073,48,28,28,12,0.023069182280397418,16
1074,40,14,65,6,0.02213880190128984,8
1075,90,18,84,9,0.005300166576956953,9
1076,84,39,6,20,0.0016409707940244454,19
1077,37,15,38,8,0.001103123834968282,7
1078,38,15,37,7,-0.0011031238349704135,8
1079,6,39,84,19,-0.0016409707940247186,20
1080,84,18,90,9,-0.0053001665769565574,9
1081,65,14,40,8,-0.022138801901290386,6
1082,9,33,48,18,-0.03871035107186499,15
1083,55,10,13,5,-0.04571456623531418,5
1084,49,23,55,14,-0.048699095801543794,9
1085,79,50,103,24,-0.05775390300531349,26
1086,2,25,20,13,-0.061415201425745324,12
1087,87,59,65,29,-0.07056596419062908,30
1088,8,40,88,19,-0.0714255460708749,21
1089,110,15,38,7,-0.07451058664372263,8
1090,87,42,74,20,-0.07958529470361513,22
1091,54,25,70,13,-0.08046229007782557,12
1092,41,29,6,14,-0.09412754772533768,15
1093,43,19,20,10,-0.09655439021695482,9
1094,79,44,86,22,-0.10444912702111551,22
1095,23,14,26,7,-0.11142434588186971,7
1096,98,24,48,12,-0.11447232981992594,12
1097,8,23,43,12,-0.1348626033575063,11
1098,37,20,74,10,-0.13515130121839344,10
1099,63,13,16,7,-0.13751618322567985,6
1100,10,10,88,5,-0.13982169007618522,5
1101,111,25,30,13,-0.1455874148715972,12
1102,76,35,65,16,-0.16203578806528937,19
1103,8,11,56,5,-0.16982236953751909,6
1104,54,25,18,12,-0.17269825689702573,13
1105,20,32,30,15,-0.18006835825974682,17
1106,17,19,74,10,-0.18384205614173707,9
1107,54,14,73,7,-0.1866220789326647,7
1108,107,24,54,12,-0.2140820592872529,12
1109,8,14,75,7,-0.21522325366820866,7
1110,26,29,9,16,-0.21708003766501247,13
1111,54,30,79,15,-0.21917995041733915,15
1112,79,38,91,20,-0.22211474912049844,18
1113,2,30,74,16,-0.2222710450639769,14
1114,91,21,84,10,-0.2259849974893271,11
1115,84,20,73,12,-0.23249348624489768,8
1116,107,22,18,12,-0.23611930271088563,10
1117,54,10,57,5,-0.24120401170219843,5
1118,38,28,103,14,-0.24815234764152064,14
1119,98,18,73,9,-0.25138784932662694,9
1120,104,15,9,8,-0.283081198953374,7
1121,86,32,65,16,-0.2921614298707511,16
1122,30,23,2,11,-0.2932134886396476,12
1123,41,14,19,6,-0.30768619148937965,8
1124,91,17,49,8,-0.3285488305810701,9
1125,17,12,50,6,-0.3289162212940191,6
1126,79,56,84,28,-0.3365363772659525,28
1127,70,18,9,8,-0.3477076815974086,10
1128,107,20,16,10,-0.35212298013349413,10
1129,85,10,49,5,-0.35745396515488925,5
1130,6,19,86,10,-0.3600290716337568,9
1131,50,10,44,5,-0.3704918139841169,5
1132,103,14,76,8,-0.38777687342703565,6
1133,85,13,41,7,-0.3897097634286908,6
1134,12,10,8,5,-0.39347937244075554,5
1135,55,16,93,8,-0.39897461255756195,8
1136,2,21,62,10,-0.40636404979020735,11
1137,73,15,28,9,-0.41277436417587005,6
1138,85,20,65,9,-0.41294548297621136,11
1139,84,53,28,26,-0.42165906343217424,27
1140,48,24,86,12,-0.4289015772631215,12
1141,84,60,8,30,-0.4393392393362178,30
1142,88,19,2,10,-0.45627885372645144,9
1143,8,86,65,40,-0.46002164003734164,46
1144,32,30,28,15,-0.48257257801163955,15
1145,94,10,32,5,-0.48339556643762405,5
1146,55,25,107,12,-0.49082237211228874,13
1147,98,13,46,7,-0.4949016763373632,6
1148,112,16,87,9,-0.49651339555062735,7
1149,2,32,54,17,-0.49725687334611246,15
1150,8,26,73,15,-0.5029889448607987,11
1151,73,13,91,8,-0.5133686150476453,5
1152,84,56,79,29,-0.5143969842313992,27
1153,20,23,110,11,-0.5195268671329497,12
1154,28,18,44,11,-0.5251032048737554,7
1155,86,18,90,8,-0.5309843322728077,10
1156,41,13,66,6,-0.534743534153634,7
1157,48,16,13,10,-0.5472229810551572,6
1158,28,41,86,23,-0.5477940883930271,18
1159,111,17,89,8,-0.5563633904658417,9
1160,85,10,18,4,-0.5576976788918457,6
1161,103,45,84,25,-0.5578798381977594,20
1162,91,26,54,11,-0.5702688984859546,15
1163,103,18,48,9,-0.5903706399248498,9
1164,101,20,98,9,-0.594870864776421,11
1165,23,33,79,18,-0.5991196107820883,15
1166,38,18,62,9,-0.6043816495722321,9
1167,87,32,2,17,-0.6092720590189474,15
1168,44,18,91,10,-0.6160976329615482,8
1169,37,36,9,18,-0.6177511625172819,18
1170,107,28,84,14,-0.6201511992225903,14
1171,98,32,93,16,-0.6209002429509425,16
1172,90,15,48,8,-0.6241971263022461,7
1173,28,47,74,23,-0.6255938105145816,24
1174,41,39,74,18,-0.6406425090111568,21
1175,29,20,103,10,-0.657814486383537,10
1176,48,15,88,6,-0.6584132572102235,9
1177,86,23,91,12,-0.6661452371008979,11
1178,10,17,90,8,-0.6720080859782255,9
1179,16,12,44,5,-0.6740631728235359,7
1180,10,48,79,27,-0.6749664120382739,21
1181,101,15,23,7,-0.6750621504160516,8
1182,74,15,62,9,-0.68411736271743,6
1183,9,39,98,18,-0.6861429647441628,21
1184,8,37,50,20,-0.7177946706892544,17
1185,32,24,87,11,-0.7236548346311588,13
1186,74,42,87,23,-0.7245745938864449,19
1187,74,17,50,9,-0.7251672527310536,8
1188,62,18,6,8,-0.7348526325115916,10
1189,23,23,107,12,-0.7397315330825462,11
1190,90,19,16,10,-0.7408181147076381,9
1191,73,11,37,6,-0.7437455399697732,5
1192,104,10,90,4,-0.7461340238107393,6
1193,107,11,85,7,-0.752465203898776,4
1194,13,18,65,8,-0.7765582996449751,10
1195,74,17,85,9,-0.809559849760586,8
1196,48,19,55,9,-0.8120553136411702,10
1197,91,21,29,10,-0.8357535316372875,11
1198,8,60,84,31,-0.8494232212855742,29
1199,38,18,91,10,-0.8605561818804551,8
1200,86,52,8,27,-0.8629495396225971,25
1201,18,12,29,5,-0.8741742779448153,7
1202,65,21,62,12,-0.8755953834255744,9
1203,84,45,103,21,-0.878799888562455,24
1204,87,21,10,10,-0.8903069151175383,11
1205,29,26,6,13,-0.8939970404365927,13
1206,98,42,17,22,-0.8967649107571658,20
1207,93,30,20,17,-0.8968767950978309,13
1208,8,67,28,34,-0.9104279523309273,33
1209,111,29,18,15,-0.9151185639276502,14
1210,9,11,60,5,-0.9156618531106767,6
1211,89,12,103,7,-0.9245541578032412,5
1212,9,19,85,11,-0.9266510351352117,8
1213,30,11,48,6,-0.9383914724110473,5
1214,107,23,93,12,-0.9535678875740112,11
1215,50,12,6,6,-0.9593349652988957,6
1216,55,21,29,12,-0.9614707597327724,9
1217,16,10,68,5,-0.9723777343104949,5
1218,68,16,111,9,-0.9831903657031018,7
1219,91,23,20,11,-0.9903622576025464,12
1220,13,12,76,6,-0.9984639091995137,6
1221,94,11,79,6,-0.9998691980070007,5
1222,41,33,70,17,-1.0073100144887743,16
1223,103,10,75,5,-1.0351884603570845,5
1224,65,27,104,16,-1.0406659176361361,11
1225,79,15,49,7,-1.042408931040812,8
1226,2,32,87,16,-1.0461530255566567,16
1227,91,13,17,7,-1.0470112494614043,6
1228,89,13,6,6,-1.048764081963461,7
1229,73,20,103,10,-1.0728746625988095,10
1230,62,14,91,7,-1.0834634078291792,7
1231,62,20,88,10,-1.1096322170107613,10
1232,74,44,84,22,-1.1124968603040974,22
1233,93,14,88,6,-1.1127136691834523,8
1234,74,23,46,13,-1.146576233167723,10
1235,8,49,70,24,-1.1467281456421692,25
1236,34,18,50,8,-1.1483521913828936,10
1237,30,20,74,9,-1.1520992492769824,11
1238,41,80,65,38,-1.1627117143876546,42
1239,111,26,10,14,-1.1728080892005104,12
1240,1,10,103,4,-1.1782289624807345,6
1241,55,29,84,15,-1.1804955163745932,14
1242,74,47,28,25,-1.1863714258705305,22
1243,111,49,98,25,-1.197194144617747,24
1244,65,29,90,16,-1.201829830002786,13
1245,28,18,51,9,-1.2022784085855138,9
1246,65,59,87,31,-1.2047597063954327,28
1247,74,29,20,15,-1.2212951759493524,14
1248,2,49,79,26,-1.2271248327335258,23
1249,96,11,79,5,-1.2340245916617498,6
1250,91,28,107,14,-1.243507965011968,14
1251,87,43,111,22,-1.2506147334615216,21
1252,28,30,32,16,-1.2832141788690052,14
1253,110,15,87,8,-1.3076573931351636,7
1254,88,26,28,14,-1.3206994118977573,12
1255,9,19,66,10,-1.3219399910119898,9
1256,28,67,8,35,-1.3578605186436223,32
1257,62,16,16,8,-1.3595058783154863,8
1258,32,14,23,6,-1.3629901576062284,8
1259,59,16,41,9,-1.3704315284875377,7
1260,23,21,88,10,-1.3727418190909706,11
1261,23,15,76,7,-1.3791825091008156,8
1262,8,13,44,8,-1.3823607495686774,5
1263,85,13,54,6,-1.3987454013140734,7
1264,15,18,54,9,-1.402367436616194,9
1265,98,46,70,24,-1.410274874293704,22
1266,91,13,32,6,-1.4232354979639668,7
1267,3,10,65,5,-1.4258252923515944,5
1268,65,80,41,44,-1.4259190406310238,36
1269,85,17,8,8,-1.426438357729156,9
1270,75,14,111,6,-1.4265352540751048,8
1271,28,24,62,14,-1.430081518616344,10
1272,112,11,109,6,-1.4303792106135098,5
1273,48,17,18,9,-1.46173002557463,8
1274,20,13,90,6,-1.4684862703100567,7
1275,107,39,98,21,-1.4709913470870573,18
1276,90,29,65,14,-1.4854635473035576,15
1277,28,55,79,32,-1.4958487372379399,23
1278,89,16,98,8,-1.5011020579783834,8
1279,85,12,103,7,-1.505235765059642,5
1280,38,12,85,6,-1.5317416798467203,6
1281,6,18,62,11,-1.5340589440321633,7
1282,107,14,63,8,-1.5503183730734291,6
1283,86,24,107,13,-1.550464890417721,11
1284,48,28,76,15,-1.5505839376852317,13
1285,41,12,106,6,-1.5589796315432078,6
1286,94,11,2,6,-1.5668479197841136,5
1287,37,18,70,10,-1.5684495468710087,8
1288,29,16,16,9,-1.5836522711306946,7
1289,76,12,20,7,-1.5911388338678496,5
1290,84,33,87,17,-1.613260882821088,16
1291,79,16,57,9,-1.6225267683647044,7
1292,107,16,10,9,-1.6461334723356764,7
1293,65,86,8,48,-1.662970973602167,38
1294,49,12,18,6,-1.676183916928894,6
1295,23,18,57,10,-1.6948872060166476,8
1296,76,11,38,6,-1.6999072226365504,5
1297,65,35,76,20,-1.7203171531111823,15
1298,45,10,76,5,-1.7263356630732798,5
1299,16,16,29,8,-1.7271978980205145,8
1300,38,15,106,8,-1.7348192516378875,7
1301,103,29,16,15,-1.7358551004647156,14
1302,38,35,107,18,-1.7434138897292963,17
1303,30,15,41,8,-1.7536920323334504,7
1304,26,36,79,20,-1.7871788960457524,16
1305,41,10,94,5,-1.7939224836809735,5
1306,76,13,85,8,-1.8000085206097012,5
1307,10,26,111,13,-1.8148533802188944,13
1308,79,12,35,7,-1.8379035956261862,5
1309,107,23,90,11,-1.8399920811097403,12
1310,8,67,98,36,-1.8537292484745949,31
1311,112,16,54,9,-1.8715662937888333,7
1312,49,27,84,14,-1.8786207304912834,13
1313,65,68,84,35,-1.8809383053706645,33
1314,79,76,65,39,-1.887537324890809,37
1315,88,18,91,10,-1.88786606053127,8
1316,103,14,70,8,-1.9027941936339918,6
1317,61,11,41,6,-1.9034780148497878,5
1318,17,10,76,6,-1.9048948605365954,4
1319,16,35,48,18,-1.9177064489155928,17
1320,6,24,76,12,-1.9379440444479508,12
1321,65,33,37,18,-1.9483360284193352,15
1322,65,29,17,15,-1.9693529400333196,14
1323,23,18,54,10,-1.9726565822582236,8
1324,55,33,79,16,-1.977677617166514,17
1325,29,11,49,7,-1.979211902956338,4
1326,8,17,85,10,-1.9814351518680657,7
1327,37,13,103,7,-1.9837820518429903,6
1328,41,16,34,9,-1.984665451993842,7
1329,71,10,37,6,-1.9896037058196856,4
1330,32,12,10,5,-1.9897128149353989,7
1331,9,30,10,15,-2.0135222581265255,15
1332,46,23,74,11,-2.0141864202403936,12
1333,87,30,23,17,-2.0171902524743803,13
1334,98,49,16,27,-2.0270591279637658,22
1335,74,17,90,9,-2.0301353599309766,8
1336,84,28,107,15,-2.047403684187592,13
1337,98,52,38,28,-2.049865770355223,24
1338,84,19,32,11,-2.0621508690380304,8
1339,50,37,8,19,-2.0695631334926405,18
1340,5,13,28,8,-2.0729432233264378,5
1341,90,17,74,9,-2.084849422931559,8
1342,73,14,55,7,-2.1000754331910434,7
1343,50,26,54,15,-2.120731115430667,11
1344,28,34,30,19,-2.1242191690936965,15
1345,1,11,84,6,-2.1264466771262818,5
1346,104,18,16,10,-2.1264699523202073,8
1347,1,15,87,7,-2.13863269092095,8
1348,48,23,87,12,-2.1386862659998345,11
1349,98,22,13,14,-2.1425027644706,8
1350,17,42,98,22,-2.156040262361809,20
1351,32,10,18,5,-2.1572241092213504,5
1352,15,11,9,6,-2.1575516880448595,5
1353,86,34,54,18,-2.187612017738008,16
1354,37,23,87,11,-2.1903342027238875,12
1355,58,11,8,5,-2.225895511877215,6
1356,20,15,17,7,-2.2513060993546468,8
1357,86,12,93,6,-2.2636523358322767,6
1358,32,18,62,9,-2.2636867699003296,9
1359,73,25,65,13,-2.2653103058461306,12
1360,17,29,65,16,-2.268456811981481,13
1361,79,13,109,7,-2.2870368719814995,6
1362,54,43,74,21,-2.3054773168053213,22
1363,20,38,54,21,-2.3153558321317877,17
1364,103,37,23,19,-2.3239729626949774,18
1365,29,39,65,23,-2.3260339041967426,16
1366,65,49,55,30,-2.3309855763492444,19
1367,16,15,51,9,-2.3572436782082518,6
1368,43,23,41,13,-2.365299496779167,10
1369,10,38,2,21,-2.3661698105817304,17
1370,111,41,84,24,-2.3819844012222666,17
1371,86,19,51,10,-2.3909974980346793,9
1372,35,18,76,11,-2.402343332528309,7
1373,57,16,79,8,-2.4270888358529503,8
1374,50,16,18,8,-2.435107533000619,8
1375,6,33,9,18,-2.442634272815348,15
1376,79,24,85,12,-2.4487159616702985,12
1377,37,17,10,10,-2.4518219266203145,7
1378,38,40,41,21,-2.453560318141292,19
1379,56,10,111,6,-2.4700990674076566,4
1380,9,44,103,21,-2.4769487250437607,23
1381,29,20,2,11,-2.477941203005174,9
1382,62,15,37,8,-2.478947668963919,7
1383,107,29,74,16,-2.4812045730116727,13
1384,49,15,79,9,-2.4891645827204787,6
1385,50,33,28,18,-2.5149431929516544,15
1386,79,55,28,26,-2.5183763892961877,29
1387,88,27,79,17,-2.5235166924308925,10
1388,29,19,50,11,-2.5251415163545503,8
1389,54,52,98,26,-2.5290154991382803,26
1390,70,33,41,17,-2.5290882561404575,16
1391,34,11,23,5,-2.5306742696464295,6
1392,79,61,98,31,-2.531799154593772,30
1393,88,12,50,6,-2.55945605085457,6
1394,109,25,2,15,-2.564163534371066,10
1395,107,25,55,15,-2.584454892774177,10
1396,112,20,38,11,-2.587558109977975,9
1397,65,16,71,8,-2.5963866960665394,8
1398,74,54,98,28,-2.602808875128384,26
1399,50,11,70,5,-2.6267029004174307,6
1400,37,54,84,28,-2.6277217904901606,26
1401,111,26,23,15,-2.6303992386646597,11
1402,107,13,30,8,-2.6326975250966638,5
1403,30,25,111,13,-2.652873615194803,12
1404,79,30,54,16,-2.6549718038487007,14
1405,65,39,107,23,-2.657495022575689,16
1406,8,14,15,7,-2.6593953269851665,7
1407,88,20,86,12,-2.6598697754609466,8
1408,98,49,111,27,-2.6617844500730894,22
1409,111,13,43,8,-2.669621436422116,5
1410,43,17,107,9,-2.6703875258201832,8
1411,48,18,10,9,-2.6839997209769586,9
1412,28,29,90,16,-2.7096269258470884,13
1413,91,20,16,11,-2.721458273562552,9
1414,10,30,9,17,-2.7255115724135353,13
1415,30,14,26,5,-2.7295268644643036,9
1416,29,14,23,8,-2.7325720738957813,6
1417,28,21,34,12,-2.7346627104082093,9
1418,79,49,2,26,-2.737321151823357,23
1419,28,30,29,16,-2.741726893835182,14
1420,51,10,18,5,-2.762161861451463,5
1421,86,33,98,19,-2.783908924775316,14
1422,8,23,34,11,-2.786622245645816,12
1423,8,12,14,7,-2.800814824677635,5
1424,34,17,29,8,-2.8011697136542653,9
1425,65,55,38,30,-2.8065899103574563,25
1426,37,21,6,11,-2.8071351094287116,10
1427,20,13,37,7,-2.830757635658361,6
1428,16,35,23,19,-2.8430887250810795,16
1429,16,36,54,19,-2.847205712046724,17
1430,73,21,87,11,-2.8520534569669125,10
1431,111,68,8,39,-2.8565755169218745,29
1432,18,29,111,16,-2.8594971088993884,13
1433,57,10,55,6,-2.8631536684623486,4
1434,65,47,6,23,-2.865509863062411,24
1435,29,31,98,16,-2.8666453310461546,15
1436,28,15,46,8,-2.8691534505866363,7
1437,111,30,90,17,-2.890544713054332,13
1438,111,30,88,17,-2.894283723315121,13
1439,91,22,65,10,-2.901497114560693,12
1440,86,20,50,12,-2.9078735206797086,8
1441,20,23,91,13,-2.9131035181283305,10
1442,87,10,68,5,-2.918596255497213,5
1443,41,36,29,19,-2.9244119186735795,17
1444,76,15,23,9,-2.9404074687313466,6
1445,89,16,26,8,-3.001544109167066,8
1446,37,30,48,16,-3.008487076456393,14
1447,16,18,38,9,-3.0174584469144006,9
1448,87,65,8,37,-3.03431081241291,28
1449,28,52,111,29,-3.0373034434579136,23
1450,44,14,9,6,-3.041897922279978,8
1451,49,14,32,7,-3.0916039811268714,7
1452,10,17,91,10,-3.0928301943325844,7
1453,9,69,84,40,-3.099921947646205,29
1454,28,28,48,17,-3.110121066492069,11
1455,17,15,20,9,-3.1232806552580397,6
1456,98,10,106,6,-3.1299996913347954,4
1457,6,14,34,8,-3.133573413702534,6
1458,104,14,107,8,-3.134849257552008,6
1459,18,11,57,7,-3.1350959395824463,4
1460,9,11,75,7,-3.1371108575761877,4
1461,38,36,79,20,-3.1386740959807873,16
1462,30,24,79,12,-3.1416063426123593,12
1463,90,10,1,5,-3.1488203588125634,5
1464,87,28,16,16,-3.1498461694102997,12
1465,41,16,88,9,-3.1907658333962923,7
1466,56,11,8,7,-3.2076491625407373,4
1467,86,19,23,10,-3.2169168727971034,9
1468,16,17,50,9,-3.220231303548939,8
1469,87,15,1,9,-3.2359540636917368,6
1470,76,24,9,13,-3.2363216845577227,11
1471,10,16,107,8,-3.2508067064167334,8
1472,98,11,59,6,-3.2664563544762375,5
1473,85,17,74,9,-3.280838878179328,8
1474,46,11,10,6,-3.290581679590814,5
1475,76,12,104,6,-3.296017349449059,6
1476,41,47,16,25,-3.302949953736054,22
1477,74,27,26,15,-3.318872656585855,12
1478,9,23,13,14,-3.329632202393757,9
1479,107,41,87,24,-3.3314050553362784,17
1480,84,21,91,12,-3.3334541794660995,9
1481,63,12,74,7,-3.341793330465063,5
1482,8,26,29,14,-3.355791507675689,12
1483,23,20,91,11,-3.361881304895745,9
1484,85,14,2,7,-3.3798876085075142,7
1485,91,14,57,9,-3.3879171437646898,5
1486,87,23,62,13,-3.3975423521512766,10
1487,6,12,57,8,-3.4000169565132445,4
1488,57,12,98,6,-3.420805610146773,6
1489,84,17,51,10,-3.4208891920364017,7
1490,91,10,5,4,-3.4255398118724543,6
1491,51,18,28,10,-3.4282994177319934,8
1492,18,17,41,10,-3.449494669517191,7
1493,49,20,54,12,-3.4510428931176294,8
1494,6,12,50,7,-3.455131926902719,5
1495,106,12,8,6,-3.455609178708625,6
1496,76,21,111,10,-3.4688639491076154,11
1497,107,28,91,16,-3.470162400396322,12
1498,55,14,1,8,-3.472860068937087,6
1499,55,10,51,6,-3.478851515612335,4
1500,91,38,79,20,-3.4922631180595523,18
1501,94,13,65,7,-3.5056909876146594,6
1502,10,31,16,17,-3.519120640106856,14
1503,26,33,111,19,-3.5276889460712026,14
1504,16,56,79,32,-3.5446013546657613,24
1505,93,28,111,14,-3.5658268419241614,14
1506,38,25,50,14,-3.5687465201033155,11
1507,23,15,101,9,-3.591604516250615,6
1508,41,12,75,7,-3.6074462973145796,5
1509,18,11,88,6,-3.611718177860614,5
1510,79,11,5,5,-3.6162339827607495,6
1511,54,57,8,31,-3.6528876305308047,26
1512,65,17,57,11,-3.662004607965262,6
1513,6,18,46,9,-3.6622722012174886,9
1514,65,12,106,7,-3.663753693390405,5
1515,89,14,48,8,-3.663870491648269,6
1516,84,19,30,10,-3.6645394021317808,9
1517,90,38,79,23,-3.67436402078142,15
1518,8,21,104,13,-3.694652229740303,8
1519,87,10,60,5,-3.7162194902768513,5
1520,38,22,84,13,-3.7215580721113835,9
1521,84,45,98,25,-3.762329835872549,20
1522,16,19,90,10,-3.7634391959444016,9
1523,28,20,13,13,-3.7776767139915237,7
1524,73,15,79,8,-3.7804037585321253,7
1525,110,11,26,5,-3.781495457699161,6
1526,103,12,110,7,-3.7849274590311146,5
1527,37,56,79,33,-3.799347181152444,23
1528,9,42,87,23,-3.812818956242764,19
1529,29,21,91,12,-3.8408205117269745,9
1530,90,30,98,16,-3.8482506816580906,14
1531,49,14,38,7,-3.855128614080587,7
1532,88,70,65,40,-3.874406334027528,30
1533,20,29,74,16,-3.878284866637444,13
1534,17,11,55,6,-3.884041039360635,5
1535,54,16,94,8,-3.8978006398785654,8
1536,98,37,37,21,-3.903745498406781,16
1537,84,38,23,21,-3.904257928801921,17
1538,28,45,55,27,-3.905888696107688,18
1539,79,48,10,24,-3.91616175701918,24
1540,74,22,43,13,-3.9345782455697655,9
1541,54,20,49,10,-3.941311405051812,10
1542,112,10,91,5,-3.9467548682802898,5
1543,111,12,13,7,-3.9528063724151234,5
1544,15,10,10,5,-3.9530007600130346,5
1545,48,13,63,7,-3.9566482027427816,6
1546,8,40,6,23,-3.9569277693347025,17
1547,65,11,51,6,-3.9592432767387025,5
1548,8,40,91,21,-3.9619458521379896,19
1549,20,20,112,10,-3.9655619093439776,10
1550,74,29,16,17,-3.9743417346866288,12
1551,26,14,55,8,-3.9805474058369086,6
1552,74,30,2,16,-4.002224854294571,14
1553,79,33,23,17,-4.005580416521509,16
1554,84,35,50,19,-4.015239488001408,16
1555,103,50,79,29,-4.028559233170848,21
1556,48,15,90,8,-4.039452294275294,7
1557,2,19,26,10,-4.0418718843206785,9
1558,85,16,98,8,-4.042048861968952,8
1559,98,23,109,13,-4.043112033025349,10
1560,10,57,8,31,-4.052322680484415,26
1561,70,22,28,11,-4.0616686909101185,11
1562,9,48,111,25,-4.071160397090479,23
1563,9,36,2,19,-4.083891693569191,17
1564,50,12,17,7,-4.085550670907594,5
1565,107,21,49,11,-4.1198414585006295,10
1566,10,15,103,8,-4.145748166667439,7
1567,2,15,37,8,-4.147220527730263,7
1568,18,12,20,7,-4.147587922475693,5
1569,2,61,98,34,-4.158496116358835,27
1570,32,16,2,9,-4.1690776359664925,7
1571,91,10,48,6,-4.178093898435945,4
1572,9,26,62,15,-4.2000680987118795,11
1573,28,32,20,20,-4.206284873777962,12
1574,32,14,49,8,-4.206356269409239,6
1575,91,14,109,7,-4.213752581267598,7
1576,8,12,63,7,-4.221883097493621,5
1577,90,18,86,11,-4.223509495637678,7
1578,6,24,23,13,-4.230313442640464,11
1579,79,47,6,27,-4.237391580830745,20
1580,8,11,97,7,-4.238412616249602,4
1581,98,39,6,23,-4.250381101594535,16
1582,55,44,111,24,-4.253083069824158,20
1583,103,35,107,20,-4.274205878998454,15
1584,79,54,41,30,-4.27842372079762,24
1585,49,22,8,12,-4.28984337719209,10
1586,48,15,85,9,-4.3053632687921874,6
1587,41,39,26,18,-4.308213459712551,21
1588,90,13,20,8,-4.319530234657453,5
1589,26,27,74,15,-4.321080857814055,12
1590,3,17,54,9,-4.336905078418535,8
1591,37,34,28,20,-4.354061424588209,14
1592,34,14,6,7,-4.355179716170928,7
1593,44,13,79,7,-4.356415433762267,6
1594,2,11,57,7,-4.360321050424324,4
1595,37,35,16,22,-4.367993019162764,13
1596,94,11,87,6,-4.3750154371421806,5
1597,1,10,90,6,-4.3756010976452,4
1598,89,13,54,8,-4.375934710162816,5
1599,8,59,74,33,-4.386808600676516,26
1600,41,36,50,20,-4.391684068139686,16
1601,93,10,16,6,-4.39953686299155,4
1602,20,19,43,10,-4.407702920435086,9
1603,103,20,73,11,-4.408542656876497,9
1604,13,10,90,5,-4.435057658973371,5
1605,2,18,90,10,-4.440452857575476,8
1606,58,16,98,8,-4.454073647186222,8
1607,110,23,20,13,-4.463579786935514,10
1608,15,25,111,15,-4.472513123100849,10
1609,85,13,86,6,-4.482653170773331,7
1610,29,21,111,10,-4.484029622528667,11
1611,93,21,29,12,-4.498959392246702,9
1612,62,11,29,6,-4.502398822563132,5
1613,23,40,41,23,-4.507259861409944,17
1614,10,31,65,18,-4.513742246223482,13
1615,74,15,32,9,-4.51940474758212,6
1616,18,16,30,10,-4.520627492655181,6
1617,109,26,65,13,-4.522732343847652,13
1618,23,24,74,13,-4.530539923458647,11
1619,98,43,20,25,-4.552220105497901,18
1620,57,15,87,8,-4.552409972912951,7
1621,89,20,9,13,-4.555028073124961,7
1622,2,60,28,34,-4.5572863995695005,26
1623,49,19,28,12,-4.587943557807989,7
1624,15,10,86,5,-4.603054673648835,5
1625,54,27,87,15,-4.613822779482279,12
1626,104,19,79,12,-4.631678959880918,7
1627,89,15,16,9,-4.6371266736073995,6
1628,2,20,29,11,-4.659724574406303,9
1629,54,15,90,8,-4.666189046389491,7
1630,73,21,20,12,-4.671662937476582,9
1631,54,26,88,14,-4.6863533900667065,12
1632,29,35,87,20,-4.710088352572669,15
1633,93,19,109,11,-4.710552248323457,8
1634,9,30,90,17,-4.717832744642905,13
1635,18,22,107,12,-4.739510447833848,10
1636,98,15,43,9,-4.76949453924207,6
1637,65,41,23,23,-4.770740161452318,18
1638,28,37,23,21,-4.773448036217733,16
1639,2,61,8,33,-4.776225618469153,28
1640,9,104,65,59,-4.782143267111338,45
1641,104,10,111,6,-4.78538385386757,4
1642,20,12,13,8,-4.788358918637377,4
1643,103,33,50,19,-4.78996402404816,14
1644,30,11,17,6,-4.793161472453949,5
1645,18,11,86,6,-4.795064637153177,5
1646,88,21,87,13,-4.796769422048845,8
1647,9,74,79,42,-4.830524032978498,32
1648,28,55,98,30,-4.864835033606683,25
1649,98,12,63,6,-4.86683320207251,6
1650,20,30,93,15,-4.900735470483159,15
1651,34,14,87,8,-4.9103764474731255,6
1652,84,13,75,8,-4.928603725365215,5
1653,73,21,6,11,-4.932710665188484,10
1654,103,11,46,6,-4.93491443987304,5
1655,88,30,55,19,-4.9440012556944435,11
1656,20,37,111,20,-4.947955914179008,17
1657,59,10,10,5,-4.967497448599425,5
1658,86,20,41,11,-4.968122887256161,9
1659,48,44,8,25,-4.978226527104568,19
1660,107,74,8,42,-4.9989888791116535,32
1661,54,17,62,10,-5.00163311569191,7
1662,112,20,6,11,-5.002047966054127,9
1663,32,20,55,12,-5.010948173246778,8
1664,20,48,87,27,-5.0226538312237645,21
1665,1,17,16,9,-5.031673674933398,8
1666,43,13,111,7,-5.032790373684628,6
1667,41,34,73,19,-5.04227828505889,15
1668,93,25,79,13,-5.066420714783615,12
1669,41,16,59,9,-5.075333393683096,7
1670,28,62,65,37,-5.085765730169343,25
1671,18,21,103,12,-5.117263308095353,9
1672,89,29,41,17,-5.128070897369616,12
1673,17,12,54,7,-5.132650672697671,5
1674,32,12,20,7,-5.135866792699634,5
1675,93,43,8,26,-5.184113673106518,17
1676,57,10,111,6,-5.186942618450885,4
1677,10,11,104,6,-5.197242443950484,5
1678,8,22,30,14,-5.213064512809201,8
1679,111,10,1,5,-5.2389835373250895,5
1680,89,12,50,7,-5.253704218444127,5
1681,41,33,84,21,-5.264393494768322,12
1682,2,33,50,20,-5.273652216296244,13
1683,103,30,17,18,-5.294404276815365,12
1684,48,13,17,7,-5.3071829791256695,6
1685,79,36,50,20,-5.311051747194992,16
1686,66,11,84,6,-5.328070614003664,5
1687,48,20,54,10,-5.329397989409952,10
1688,8,23,90,14,-5.338168133162716,9
1689,6,13,89,8,-5.3628052160146265,5
1690,41,66,8,36,-5.383353261881383,30
1691,38,26,20,15,-5.42296232860249,11
1692,23,16,109,10,-5.438260955948293,6
1693,84,34,54,21,-5.4402640180218675,13
1694,6,20,112,11,-5.4417169090825235,9
1695,62,33,8,19,-5.446197709585512,14
1696,85,13,63,7,-5.448267876540921,6
1697,111,59,79,36,-5.452702660661963,23
1698,37,14,55,8,-5.456618910920279,6
1699,38,25,30,13,-5.459363326096931,12
1700,9,10,14,7,-5.463439437022663,3
1701,38,33,54,20,-5.464199343195873,13
1702,87,20,90,13,-5.46489906820685,7
1703,49,13,93,7,-5.465162375246018,6
1704,87,10,89,6,-5.494352199749724,4
1705,86,48,84,27,-5.513451804713854,21
1706,34,16,107,9,-5.514558906998727,7
1707,2,25,91,15,-5.520053374694016,10
1708,75,12,41,6,-5.528249235144268,6
1709,9,44,41,27,-5.529938683768652,17
1710,18,13,76,8,-5.531191325021778,5
1711,75,14,79,9,-5.531520330232188,5
1712,2,10,46,6,-5.5419061164561345,4
1713,97,11,28,5,-5.54697078214519,6
1714,28,40,87,24,-5.5471681939513395,16
1715,98,31,87,19,-5.56520850280109,12
1716,91,27,87,16,-5.596917301348129,11
1717,48,33,6,19,-5.618170706899615,14
1718,57,11,86,6,-5.628641785626694,5
1719,29,22,26,14,-5.630548836449715,8
1720,20,25,6,13,-5.631661671252285,12
1721,48,16,2,8,-5.635246627200354,8
1722,88,22,9,13,-5.645300221433946,9
1723,6,26,103,16,-5.659939287843902,10
1724,91,29,111,16,-5.664784285354981,13
1725,91,16,63,9,-5.669548453730627,7
1726,9,13,43,7,-5.6825351087636395,6
1727,84,21,57,13,-5.683170829447634,8
1728,65,23,89,13,-5.729458742490654,10
1729,16,29,55,17,-5.733807755992479,12
1730,54,36,28,21,-5.7382648084827474,15
1731,55,14,26,8,-5.738748859328652,6
1732,37,20,90,12,-5.74259061703688,8
1733,34,22,98,14,-5.755771842682112,8
1734,9,29,38,16,-5.756435186772359,13
1735,18,52,28,30,-5.761404560840561,22
1736,20,45,8,27,-5.761607512447498,18
1737,6,19,88,11,-5.764151777123855,8
1738,87,25,103,15,-5.765760673855632,10
1739,74,37,111,21,-5.766110055807981,16
1740,32,23,65,13,-5.774601329387391,10
1741,50,27,55,17,-5.7792084950418126,10
1742,54,18,32,11,-5.782610489553487,7
1743,94,12,8,7,-5.79404543544707,5
1744,6,23,93,13,-5.817803398507305,10
1745,8,37,37,21,-5.826102721509759,16
1746,44,10,2,6,-5.829723764491519,4
1747,10,31,98,18,-5.831587893507185,13
1748,54,55,65,31,-5.851072715135369,24
1749,48,10,107,6,-5.863597775104665,4
1750,16,17,17,10,-5.868342075872027,7
1751,86,13,32,7,-5.89061021119387,6
1752,62,17,79,9,-5.892255002651103,8
1753,9,45,74,27,-5.903246001506488,18
1754,2,32,84,19,-5.927588372496059,13
1755,112,20,20,12,-5.928531130259162,8
1756,9,29,26,15,-5.9661383093180325,14
1757,23,18,2,10,-5.985551573396108,8
1758,37,12,91,7,-5.986073153547346,5
1759,77,10,49,5,-6.002993751357136,5
1760,91,18,38,10,-6.003578716041364,8
1761,8,10,12,6,-6.006520627559245,4
1762,2,11,94,6,-6.010461250553627,5
1763,91,48,98,26,-6.010481139866049,22
1764,98,27,26,14,-6.028495429489335,13
1765,1,19,41,13,-6.031499987907278,6
1766,9,90,8,52,-6.039048902544096,38
1767,8,72,55,44,-6.055158512520881,28
1768,76,36,84,19,-6.060390706094976,17
1769,2,27,107,16,-6.062909258737931,11
1770,89,25,79,16,-6.066359313406782,9
1771,76,40,79,25,-6.084282644738501,15
1772,48,13,50,7,-6.091992406670462,6
1773,6,17,49,10,-6.097985660912413,7
1774,37,21,30,13,-6.18590113175796,8
1775,66,11,2,7,-6.205381429919992,4
1776,41,35,2,22,-6.231438093089561,13
1777,9,34,73,20,-6.26373423011622,14
1778,76,25,87,15,-6.268639154144934,10
1779,16,25,32,15,-6.270434527094817,10
1780,50,23,111,14,-6.2704577459608215,9
1781,44,15,111,9,-6.282001615200398,6
1782,57,14,16,8,-6.297480382884538,6
1783,9,28,55,18,-6.30382991978075,10
1784,34,22,84,14,-6.305423476465441,8
1785,55,23,103,14,-6.322145935947466,9
1786,111,30,2,18,-6.3285907665919945,12
1787,73,19,16,11,-6.3345809988624975,8
1788,6,26,29,15,-6.336301719273395,11
1789,93,22,23,12,-6.338642170645799,10
1790,73,18,86,11,-6.340120760849843,7
1791,37,12,46,7,-6.344219468715941,5
1792,111,35,107,21,-6.354913173556495,14
1793,28,10,31,6,-6.368565836830035,4
1794,88,21,103,13,-6.368772240906126,8
1795,18,10,85,7,-6.395980158606009,3
1796,74,36,79,23,-6.418996516558227,13
1797,62,10,90,6,-6.441503246890596,4
1798,88,16,20,10,-6.450213485704794,6
1799,65,69,93,41,-6.452409003746002,28
1800,9,31,50,19,-6.461782617972463,12
1801,41,41,111,23,-6.476121710491768,18
1802,48,11,23,6,-6.485113687277618,5
1803,86,35,9,20,-6.489629747107354,15
1804,18,14,93,8,-6.4923521531957435,6
1805,8,35,32,20,-6.49474128076034,15
1806,28,34,103,20,-6.496510604338202,14
1807,76,37,88,21,-6.498739576090078,16
1808,62,13,17,8,-6.511092288379042,5
1809,88,26,74,17,-6.51515117164633,9
1810,70,14,103,7,-6.530155528635714,7
1811,57,18,23,10,-6.535348935160996,8
1812,84,18,14,13,-6.539625119207458,5
1813,16,14,30,9,-6.557206782808548,5
1814,76,33,16,19,-6.592486344596094,14
1815,79,22,17,13,-6.594638264229068,9
1816,18,21,16,13,-6.6099594156094685,8
1817,55,18,74,10,-6.615183527938437,8
1818,73,20,74,12,-6.65525639715505,8
1819,49,15,17,9,-6.655321673670171,6
1820,9,24,18,14,-6.6693794387353345,10
1821,9,66,16,42,-6.672754326390178,24
1822,2,14,15,8,-6.681223250458031,6
1823,41,13,48,8,-6.690082670722859,5
1824,16,60,8,37,-6.697923892534512,23
1825,57,16,88,9,-6.6984703888039245,7
1826,9,45,54,27,-6.702036953544882,18
1827,74,11,89,6,-6.714017548400379,5
1828,34,19,2,11,-6.72965807263423,8
1829,9,25,17,15,-6.735083403706081,10
1830,8,39,23,24,-6.754046414467995,15
1831,6,36,54,24,-6.800107192868217,12
1832,20,25,2,14,-6.800156386602421,11
1833,41,35,91,22,-6.801656465480554,13
1834,88,23,107,13,-6.81664292563647,10
1835,91,26,6,15,-6.823132237906983,11
1836,70,16,30,10,-6.824605553405188,6
1837,28,35,91,22,-6.835662781090061,13
1838,28,38,38,22,-6.868784197702509,16
1839,74,12,57,8,-6.917604242425745,4
1840,17,14,90,8,-6.930186835428706,6
1841,79,19,29,11,-6.95160824378619,8
1842,68,10,73,6,-6.953949871021737,4
1843,101,11,79,6,-6.990861425930868,5
1844,6,19,90,11,-7.003490622158197,8
1845,48,12,49,6,-7.009433567710917,6
1846,87,26,49,14,-7.009641251598085,12
1847,85,25,84,13,-7.011561663750301,12
1848,8,16,13,10,-7.015469911604979,6
1849,6,20,111,12,-7.018385668922464,8
1850,9,40,23,24,-7.0230661313434455,16
1851,79,20,34,11,-7.028247773396106,9
1852,79,19,59,11,-7.0352036880537785,8
1853,34,12,55,8,-7.041774709364915,4
1854,8,16,51,10,-7.047837018337102,6
1855,79,70,8,39,-7.07837192412896,31
1856,65,79,20,49,-7.086476721291006,30
1857,18,11,10,8,-7.118488462247401,3
1858,88,21,37,13,-7.127154928040396,8
1859,86,28,74,17,-7.1305410605737976,11
1860,103,20,29,12,-7.147753101442866,8
1861,85,10,88,6,-7.153055622545776,4
1862,32,16,103,10,-7.165401001930764,6
1863,50,15,91,10,-7.173346443278113,5
1864,6,11,5,7,-7.175117705775805,4
1865,98,40,23,25,-7.180366591070178,15
1866,84,28,93,17,-7.199721204090467,11
1867,20,17,94,11,-7.2006491767087315,6
1868,34,13,111,7,-7.201437198359542,6
1869,41,17,76,10,-7.204077205660158,7
1870,84,20,29,12,-7.207700943776425,8
1871,29,19,54,13,-7.208882798727994,6
1872,6,29,55,20,-7.216182147698296,9
1873,103,49,98,31,-7.248745608369259,18
1874,88,24,84,15,-7.256956915758408,9
1875,38,14,88,8,-7.257573306252318,6
1876,112,12,28,7,-7.260189333899199,5
1877,50,34,98,19,-7.261172888009824,15
1878,86,19,10,12,-7.266452513785874,7
1879,73,10,30,6,-7.275241295919059,4
1880,70,15,23,9,-7.277989111704881,6
1881,68,24,8,14,-7.280502110476539,10
1882,94,16,9,9,-7.284482029205985,7
1883,41,44,87,25,-7.307077046689722,19
1884,88,14,73,9,-7.3213336498634565,5
1885,88,10,10,6,-7.329331983472329,4
1886,87,10,75,7,-7.33172030014438,3
1887,10,23,89,14,-7.332600528276464,9
1888,103,15,10,9,-7.34175922383016,6
1889,87,22,38,14,-7.344861542182534,8
1890,65,14,43,8,-7.347774243596503,6
1891,84,28,20,18,-7.362780437625795,10
1892,8,12,94,7,-7.380839863701188,5
1893,16,55,28,33,-7.39391038585395,22
1894,5,15,98,9,-7.403088174401654,6
1895,38,14,32,9,-7.40322551749003,5
1896,49,13,41,9,-7.40613906742907,4
1897,106,17,79,9,-7.417569198915104,8
1898,68,14,98,10,-7.427653338623117,4
1899,50,31,87,19,-7.429484842498567,12
1900,76,17,55,10,-7.436338470025706,7
1901,8,16,1,9,-7.473060523777067,7
1902,79,23,18,13,-7.489902589142588,10
1903,38,24,2,13,-7.498014725943604,11
1904,86,19,30,15,-7.518943165430902,4
1905,54,28,103,16,-7.519450232339541,12
1906,70,17,79,9,-7.5316286806742845,8
1907,41,50,28,28,-7.537214291512007,22
1908,76,34,86,19,-7.551499336475005,15
1909,84,58,16,35,-7.5547803687620165,23
1910,76,22,54,12,-7.5913296991413866,10
1911,86,26,111,15,-7.599516330003595,11
1912,74,20,10,13,-7.659112863437722,7
1913,18,47,8,29,-7.672994078954997,18
1914,91,25,2,14,-7.689227776137411,11
1915,65,69,111,40,-7.692935034996464,29
1916,59,11,23,7,-7.703199044299864,4
1917,85,14,111,9,-7.7293785704579765,5
1918,74,19,17,11,-7.746897696537682,8
1919,28,37,6,23,-7.752310827460261,14
1920,109,13,29,8,-7.764821554426809,5
1921,65,50,74,31,-7.770632429945084,19
1922,79,13,51,8,-7.797466060349629,5
1923,2,11,58,7,-7.801381373372687,4
1924,11,10,28,6,-7.813271079515405,4
1925,28,27,10,18,-7.815329969763904,9
1926,37,32,76,21,-7.820497576953575,11
1927,63,11,37,6,-7.843052347950046,5
1928,38,36,8,23,-7.848513446954382,13
1929,79,19,13,13,-7.906337893146557,6
1930,15,14,65,8,-7.926434893021066,6
1931,86,16,49,8,-7.927120710777818,8
1932,34,12,16,7,-7.93686592393514,5
1933,37,25,54,17,-7.943083932672221,8
1934,68,17,65,10,-7.944869327403057,7
1935,29,13,10,8,-7.9538773066866035,5
1936,18,26,98,16,-7.97184494616587,10
1937,2,47,16,29,-7.981559053660557,18
1938,34,16,41,9,-7.985588983079851,7
1939,49,11,30,7,-7.987908463510183,4
1940,46,12,29,8,-7.9900680110629,4
1941,30,20,91,11,-7.991950999433738,9
1942,41,15,90,9,-7.997737246515692,6
1943,98,23,30,16,-8.00290622272811,7
1944,86,11,1,7,-8.004187715591295,4
1945,86,39,37,23,-8.0080700796393,16
1946,74,11,13,7,-8.04867506694036,4
1947,51,15,87,9,-8.07320098757072,6
1948,86,19,38,13,-8.082390856875639,6
1949,109,12,106,7,-8.105226682242963,5
1950,88,34,16,23,-8.122245417151195,11
1951,28,13,12,9,-8.124512247092587,4
1952,85,11,107,5,-8.136688307054937,6
1953,43,23,8,14,-8.144232099403988,9
1954,20,16,16,9,-8.147746017528718,7
1955,9,28,109,17,-8.15969199672273,11
1956,28,40,107,23,-8.185288960334807,17
1957,93,12,73,8,-8.187757780124674,4
1958,20,34,55,20,-8.188491546924638,14
1959,98,29,49,17,-8.192506354783728,12
1960,86,32,87,20,-8.21679836473407,12
1961,94,13,28,8,-8.222371266039172,5
1962,54,16,46,11,-8.224744800148523,5
1963,16,10,26,6,-8.231874067384084,4
1964,17,14,111,8,-8.239799794462417,6
1965,17,12,87,7,-8.243209253291534,5
1966,9,33,20,22,-8.272596506781891,11
1967,58,12,65,6,-8.279172093518053,6
1968,103,44,41,30,-8.282446815251143,14
1969,48,26,65,16,-8.284285166641764,10
1970,9,22,32,14,-8.29537961179385,8
1971,87,19,70,12,-8.303039543335913,7
1972,59,17,9,11,-8.305936798720651,6
1973,109,33,8,20,-8.311226620633253,13
1974,50,26,107,17,-8.311520729916491,9
1975,35,10,8,6,-8.33580666741078,4
1976,65,14,1,9,-8.385347213000841,5
1977,23,19,90,12,-8.394839451243373,7
1978,89,11,90,7,-8.39679691457017,4
1979,76,19,107,12,-8.417024283490269,7
1980,87,17,43,11,-8.41719039009833,6
1981,79,43,87,26,-8.417556091871113,17
1982,10,21,73,14,-8.419335562342066,7
1983,20,52,41,34,-8.422070633311236,18
1984,48,40,84,24,-8.444321633752367,16
1985,28,38,93,23,-8.493138656897244,15
1986,48,29,79,17,-8.497699357023038,12
1987,109,10,89,6,-8.517312082575357,4
1988,84,14,89,10,-8.522483406182122,4
1989,103,24,26,14,-8.523036763842917,10
1990,18,23,87,15,-8.524533269279637,8
1991,62,18,41,11,-8.537234992782363,7
1992,10,17,93,11,-8.56386374848909,6
1993,76,22,15,14,-8.619922527093358,8
1994,103,12,13,7,-8.636840481158112,5
1995,86,63,16,40,-8.651858970185076,23
1996,109,18,34,11,-8.662734980033568,7
1997,20,15,34,10,-8.686931056567454,5
1998,54,30,93,21,-8.691717045102084,9
1999,54,22,55,15,-8.693503727969714,7
2000,37,23,23,15,-8.700238300329012,8
2001,34,23,8,15,-8.70757839693712,8
2002,26,14,23,9,-8.749236801747239,5
2003,91,25,103,13,-8.771979208636077,12
2004,50,13,10,8,-8.778099244971948,5
2005,9,24,29,14,-8.78680407934639,10
2006,85,11,10,6,-8.81027661814343,5
2007,13,12,103,7,-8.842888031531043,5
2008,111,33,16,19,-8.850438007878841,14
2009,94,17,98,11,-8.877059957058036,6
2010,62,13,104,9,-8.924566951625799,4
2011,91,34,74,21,-8.929879415193879,13
2012,110,20,107,12,-8.933567921834618,8
2013,54,19,30,12,-8.941378731198723,7
2014,109,11,86,6,-8.956500368087859,5
2015,65,40,2,27,-8.96445994810743,13
2016,84,17,17,11,-8.96660578083433,6
2017,107,17,43,11,-8.97149730664326,6
2018,8,27,17,17,-8.984203308848393,10
2019,20,10,46,5,-8.988887305938205,5
2020,76,35,74,23,-9.021109435296271,12
2021,65,57,16,35,-9.041777655106582,22
2022,46,10,20,7,-9.07799592694241,3
2023,32,12,26,7,-9.097694016198698,5
2024,57,11,2,6,-9.107338089684548,5
2025,30,14,23,8,-9.118564512919743,6
2026,65,58,98,37,-9.126651402593728,21
2027,85,22,16,14,-9.206163589977447,8
2028,9,31,107,18,-9.2148470049301,13
2029,6,18,30,13,-9.214935490589037,5
2030,49,15,74,9,-9.24696946196511,6
2031,50,14,43,9,-9.274747817248809,5
2032,23,17,50,10,-9.30009053265053,7
2033,32,29,111,17,-9.306159625162504,12
2034,28,28,76,18,-9.31638260694147,10
2035,55,15,23,9,-9.335240638495888,6
2036,29,22,74,13,-9.341715830488063,9
2037,87,11,104,8,-9.348380844680923,3
2038,8,16,46,10,-9.372412655150548,6
2039,73,17,50,10,-9.374278992438523,7
2040,8,14,59,9,-9.376826871718675,5
2041,70,22,16,15,-9.38991140179792,7
2042,13,13,49,8,-9.426239729184449,5
2043,10,20,54,13,-9.426248078947477,7
2044,9,35,91,22,-9.442968101603586,13
2045,44,17,65,10,-9.4437024578389,7
2046,41,13,37,8,-9.466346040258511,5
2047,109,24,20,17,-9.467777006169475,7
2048,19,11,103,7,-9.481054864710428,4
2049,58,11,6,7,-9.48949645741495,4
2050,28,16,43,11,-9.500596764145223,5
2051,88,14,32,10,-9.505084521049726,4
2052,8,45,26,27,-9.507536225083523,18
2053,17,13,91,8,-9.524679603281811,5
2054,65,21,60,13,-9.571951123571157,8
2055,89,22,23,14,-9.57687547449059,8
2056,68,18,20,11,-9.579258034610852,7
2057,107,28,79,19,-9.628503445575703,9
2058,62,26,98,16,-9.641858129313674,10
2059,65,43,63,27,-9.649835665543339,16
2060,38,32,29,21,-9.68129980112226,11
2061,54,42,111,27,-9.68998535179476,15
2062,2,17,70,12,-9.72121584945483,5
2063,107,19,29,13,-9.721393431646936,6
2064,103,36,111,23,-9.751404731703081,13
2065,103,42,8,29,-9.75520368768584,13
2066,13,11,6,7,-9.767233760195804,4
2067,76,48,8,31,-9.774242687735518,17
2068,76,14,10,9,-9.808338756444273,5
2069,64,10,28,6,-9.858359509289873,4
2070,63,18,84,11,-9.878227554424287,7
2071,18,13,55,8,-9.904044926459408,5
2072,75,10,103,6,-9.927646178593532,4
2073,55,17,10,10,-9.955177794264818,7
2074,38,24,111,15,-9.966212518632448,9
2075,70,10,29,7,-9.974371860410164,3
2076,6,26,87,17,-10.021273865079603,9
2077,30,11,88,6,-10.02483572373662,5
2078,46,17,111,11,-10.027977766283334,6
2079,70,13,107,8,-10.093719119113565,5
2080,74,29,103,20,-10.120878103689183,9
2081,50,15,30,9,-10.120991429675161,6
2082,20,13,86,8,-10.127179055472489,5
2083,84,14,109,9,-10.149942855967595,5
2084,65,23,110,15,-10.151511833678441,8
2085,18,17,74,11,-10.161044876408567,6
2086,38,10,60,6,-10.18694980154264,4
2087,96,12,65,7,-10.190345361441295,5
2088,6,16,26,11,-10.241752287967033,5
2089,109,14,91,9,-10.246844938152377,5
2090,73,16,2,10,-10.299221262346563,6
2091,73,13,26,7,-10.351393753977627,6
2092,75,11,2,7,-10.369833561069749,4
2093,79,25,32,17,-10.371411167010606,8
2094,20,12,18,7,-10.384022260291557,5
2095,1,20,98,14,-10.38637572035043,6
2096,17,10,29,7,-10.395985227153455,3
2097,76,29,98,18,-10.406226306218304,11
2098,49,17,20,11,-10.413212284497668,6
2099,85,17,28,11,-10.422040777311393,6
2100,37,11,109,7,-10.56538628002093,4
2101,32,12,6,8,-10.571898387448906,4
2102,65,15,70,10,-10.573807897523746,5
2103,109,14,103,10,-10.579033749442829,4
2104,9,63,28,40,-10.597279931325804,23
2105,101,10,65,6,-10.616476001261294,4
2106,58,13,38,9,-10.642287291889895,4
2107,109,18,74,11,-10.643610558105998,7
2108,16,16,75,11,-10.668295124883432,5
2109,109,16,107,10,-10.668493285549749,6
2110,6,26,16,16,-10.690827392878644,10
2111,103,50,65,34,-10.698432421307977,16
2112,85,10,91,5,-10.70245375594107,5
2113,41,26,55,16,-10.703172393729929,10
2114,44,33,6,21,-10.727467153198667,12
2115,66,13,8,9,-10.73746092576916,4
2116,30,20,55,12,-10.741156330527383,8
2117,86,10,63,7,-10.764144399471371,3
2118,18,14,23,10,-10.76931964993769,4
2119,23,16,17,11,-10.781653305644493,5
2120,103,25,30,17,-10.7828746133779,8
2121,68,11,50,8,-10.798306988405816,3
2122,62,11,30,7,-10.859839313714286,4
2123,8,10,11,7,-10.874801270533913,3
2124,10,12,30,9,-10.892413512021442,3
2125,65,30,26,19,-10.898269254189747,11
2126,20,38,26,25,-10.946036152479264,13
2127,2,11,13,8,-10.953261699605447,3
2128,6,14,38,10,-11.00539879038108,4
2129,50,20,65,13,-11.026543162219182,7
2130,110,12,98,8,-11.026999619900325,4
2131,5,12,87,8,-11.029432059477706,4
2132,9,13,19,8,-11.077926717115094,5
2133,6,25,74,17,-11.078169532223486,8
2134,84,15,18,10,-11.113494613734828,5
2135,46,13,26,8,-11.17021351687407,5
2136,28,10,15,7,-11.17654596174133,3
2137,1,14,93,10,-11.222746146114872,4
2138,50,18,32,11,-11.22509689213064,7
2139,29,21,30,13,-11.231145218657776,8
2140,48,19,74,12,-11.291194819179545,7
2141,16,10,15,7,-11.341181120584986,3
2142,103,22,2,16,-11.358008021341286,6
2143,9,18,46,11,-11.371108835096305,7
2144,97,10,9,6,-11.373867326772805,4
2145,10,27,84,18,-11.412845799216361,9
2146,9,18,34,12,-11.424677985788941,6
2147,62,13,76,7,-11.431107076079652,6
2148,79,14,63,9,-11.440813334618326,5
2149,41,20,17,15,-11.462467383182346,5
2150,104,12,54,8,-11.494854806347556,4
2151,79,33,20,23,-11.52637500903139,10
2152,109,22,38,15,-11.56196931683469,7
2153,91,15,55,11,-11.567443094683275,4
2154,13,18,16,12,-11.568229122492733,6
2155,5,10,37,7,-11.590467135514206,3
2156,18,16,65,11,-11.593628436717697,5
2157,18,11,91,7,-11.60000478191822,4
2158,15,17,98,11,-11.628891195956703,6
2159,20,41,107,26,-11.716667295780281,15
2160,62,13,70,8,-11.719880801732707,5
2161,76,19,91,13,-11.73007415910032,6
2162,41,46,98,29,-11.731122692702455,17
2163,79,10,15,7,-11.756403792330076,3
2164,107,14,1,9,-11.758251767033556,5
2165,88,15,46,11,-11.797390382153155,4
2166,103,29,93,19,-11.801085216233046,10
2167,86,29,2,20,-11.807723556046373,9
2168,9,11,58,8,-11.822266619156148,3
2169,41,37,54,25,-11.82264476558168,12
2170,62,15,23,11,-11.828374088275885,4
2171,28,11,75,7,-11.851884133202418,4
2172,109,14,43,9,-11.86646010992543,5
2173,87,44,26,29,-11.8713861461171,15
2174,111,17,48,12,-11.902706300174234,5
2175,17,13,18,8,-11.905263091036248,5
2176,41,18,93,13,-11.934886536237409,5
2177,98,24,32,16,-11.959293567844908,8
2178,11,15,98,10,-11.975065250902475,5
2179,107,11,13,8,-12.013143388782378,3
2180,6,18,18,12,-12.078104024118803,6
2181,103,11,58,8,-12.093407699535733,3
2182,62,10,49,6,-12.115401300524669,4
2183,9,21,49,15,-12.121824388775858,6
2184,98,40,55,28,-12.155148571177232,12
2185,109,11,10,7,-12.166039484484616,4
2186,88,34,98,25,-12.184111070079389,9
2187,17,23,28,16,-12.18853165380181,7
2188,48,15,51,11,-12.237016972870073,4
2189,62,17,84,11,-12.2561085252652,6
2190,41,24,32,15,-12.295470101415006,9
2191,50,17,93,11,-12.303370496346973,6
2192,79,36,26,23,-12.308609129885165,13
2193,89,20,28,13,-12.339450745494947,7
2194,26,12,93,8,-12.342400061412192,4
2195,23,18,20,13,-12.419097927334018,5
2196,62,22,93,15,-12.439036445917946,7
2197,84,14,15,10,-12.488568021465506,4
2198,54,17,63,11,-12.490244827941916,6
2199,74,24,93,17,-12.502159859623028,7
2200,76,17,70,11,-12.569309631933825,6
2201,70,11,90,8,-12.581946187652854,3
2202,103,33,20,24,-12.666531668869958,9
2203,90,11,73,8,-12.699639901607064,3
2204,89,13,8,9,-12.710180677943102,4
2205,111,21,73,14,-12.761253099258205,7
2206,34,16,76,11,-12.786935837518197,5
2207,10,10,57,7,-12.834446961452096,3
2208,14,11,87,8,-12.902634224263672,3
2209,8,11,3,8,-12.917286316124734,3
2210,34,13,37,9,-12.94192710541144,4
2211,9,20,30,15,-13.007263608231156,5
2212,50,10,112,7,-13.007963386743393,3
2213,43,18,55,12,-13.012921035450159,6
2214,87,18,30,13,-13.014989971455233,5
2215,28,16,104,12,-13.053729665325514,4
2216,87,44,55,31,-13.094785606776856,13
2217,103,11,43,7,-13.185714828889324,4
2218,109,25,54,17,-13.226950364849456,8
2219,107,17,32,13,-13.233625998220854,4
2220,89,10,58,7,-13.242354787086828,3
2221,109,24,26,17,-13.28104412568642,7
2222,73,12,89,8,-13.292782754035763,4
2223,65,20,49,13,-13.30931270402653,7
2224,74,12,70,9,-13.332522800110302,3
2225,109,22,32,15,-13.338298268264793,7
2226,91,10,112,7,-13.348872894391056,3
2227,102,15,65,10,-13.376564163015649,5
2228,93,10,90,6,-13.383501710064953,4
2229,9,12,63,8,-13.403892864800694,4
2230,55,16,86,10,-13.429599224429374,6
2231,98,15,104,10,-13.432187273541654,5
2232,37,14,57,10,-13.445596594451896,4
2233,38,23,74,15,-13.507243955925757,8
2234,75,10,93,6,-13.518069263380198,4
2235,51,15,54,10,-13.54181691471162,5
2236,37,20,111,13,-13.57504840749372,7
2237,43,17,26,13,-13.599337683555719,4
2238,13,11,84,7,-13.639117442072546,4
2239,62,20,55,13,-13.641198132357038,7
2240,87,30,93,21,-13.662123312696774,9
2241,57,21,8,14,-13.698942718189372,7
2242,73,16,38,10,-13.771113964229546,6
2243,8,12,77,9,-13.77292858304554,3
2244,50,11,26,8,-13.838338669086026,3
2245,37,17,93,12,-13.86566848008157,5
2246,2,22,55,15,-13.871872112800908,7
2247,38,25,55,17,-13.895599618213826,8
2248,109,12,70,9,-13.90225333563024,3
2249,43,13,93,9,-14.023507590551977,4
2250,71,10,84,7,-14.081174379011514,3
2251,8,16,110,12,-14.095812927776766,4
2252,9,19,57,14,-14.131595269591728,5
2253,71,11,98,8,-14.175605929164412,3
2254,38,12,48,9,-14.205802555452118,3
2255,37,15,85,12,-14.24206758838983,3
2256,109,12,50,8,-14.261856398454315,4
2257,8,10,60,7,-14.262033464961124,3
2258,44,10,84,7,-14.273373064789189,3
2259,91,11,46,8,-14.304066831342245,3
2260,17,12,86,9,-14.311620358508236,3
2261,66,10,28,6,-14.329185091749263,4
2262,17,10,93,7,-14.339747933079,3
2263,62,25,107,17,-14.352538477201138,8
2264,23,23,10,15,-14.368201832765772,8
2265,70,10,93,7,-14.39063937475962,3
2266,76,17,46,13,-14.418533223993828,4
2267,20,26,29,18,-14.478890408494557,8
2268,50,11,110,8,-14.53197897415603,3
2269,41,29,107,19,-14.562926810474382,10
2270,9,35,93,25,-14.581920450551175,10
2271,20,19,62,14,-14.58480992394943,5
2272,59,14,65,9,-14.654063925888897,5
2273,38,25,93,17,-14.706979782976548,8
2274,41,13,13,9,-14.878152444409174,4
2275,65,13,34,9,-14.952887978937532,4
2276,65,10,14,8,-15.014185877069247,2
2277,91,14,93,10,-15.15871388627099,4
2278,107,33,26,26,-15.181646063962573,7
2279,88,17,90,12,-15.203720699131468,5
2280,18,11,90,8,-15.206260273523736,3
2281,28,26,26,19,-15.21129576490937,7
2282,6,31,2,22,-15.303923962237267,9
2283,88,12,70,9,-15.445871190573252,3
2284,76,20,2,14,-15.537111030617941,6
2285,59,10,16,6,-15.561569445873218,4
2286,49,15,88,11,-15.58049621010895,4
2287,86,14,64,10,-15.598910823451101,4
2288,73,12,29,9,-15.669782329836794,3
2289,38,15,17,11,-15.678044683298909,4
2290,76,11,63,9,-15.722552601658151,2
2291,62,30,111,22,-15.726936324972732,8
2292,1,10,9,7,-15.741033236862672,3
2293,30,14,93,10,-15.791222727391174,4
2294,66,14,6,11,-15.817538028688281,3
2295,6,25,107,18,-15.86852463621124,7
2296,109,16,55,12,-15.902114621962275,4
2297,109,15,73,11,-16.045215872132836,4
2298,91,12,90,8,-16.09870244517901,4
2299,13,11,88,7,-16.14519587558019,4
2300,103,11,59,8,-16.26665644300863,3
2301,103,13,62,9,-16.299156500586875,4
2302,76,10,90,6,-16.366179419754246,4
2303,85,13,30,10,-16.384026425638844,3
2304,48,11,93,9,-16.455609477518344,2
2305,69,13,26,10,-16.62596512327185,3
2306,41,10,69,7,-16.634275461416586,3
2307,76,13,57,10,-16.719909290440036,3
2308,48,10,20,8,-16.747092552182814,2
2309,109,31,41,26,-16.84086997358482,5
2310,75,10,55,8,-16.87529026635735,2
2311,15,12,38,9,-16.8804957204812,3
2312,54,13,26,8,-16.939787162296547,5
2313,37,12,17,8,-17.032407993640543,4
2314,40,12,84,8,-17.332670427846264,4
2315,79,13,46,9,-17.45957093246637,4
2316,74,15,34,11,-17.590780828086352,4
2317,110,10,41,9,-17.60725146483,1
2318,28,16,57,13,-17.622492175797955,3
2319,70,13,63,10,-17.95951063791253,3
2320,10,15,38,12,-18.015221595889397,3
2321,109,26,28,19,-18.037037713141515,7
2322,7,12,79,9,-18.096381711285996,3
2323,98,11,51,8,-18.116158962815206,3
2324,87,11,58,9,-18.229025747195358,2
2325,20,12,106,8,-18.3115400770612,4
2326,37,10,18,8,-18.374799448579118,2
2327,1,18,10,14,-18.37916925532281,4
2328,6,15,109,11,-18.56848342127744,4
2329,86,15,70,11,-18.585222369284804,4
2330,38,24,26,18,-18.614524044017745,6
2331,73,13,13,10,-18.664938371551475,3
2332,2,13,18,10,-18.66694455968119,3
2333,88,11,26,8,-18.78599149196052,3
2334,109,16,111,12,-18.82454889767414,4
2335,85,10,87,8,-19.06738234368307,2
2336,50,13,62,10,-19.202113459727396,3
2337,29,12,110,10,-19.248543702222975,2
2338,71,11,62,10,-19.256947117568178,1
2339,38,14,43,10,-19.328461951187712,4
2340,71,16,8,12,-19.462058925791528,4
2341,9,10,5,8,-19.535484203654345,2
2342,23,14,73,11,-19.63848596555713,3
2343,10,12,41,10,-19.73715787827288,2
2344,103,10,34,9,-19.87880862427677,1
2345,109,12,110,10,-20.16933250309852,2
2346,10,10,17,8,-20.222695302818998,2
2347,46,16,87,12,-20.367401158879723,4
2348,9,10,64,8,-20.43457650048481,2
2349,28,12,63,10,-20.823166880790417,2
2350,110,14,74,11,-20.87504771154673,3
2351,112,10,74,8,-21.19759389237862,2
2352,109,29,87,23,-21.226363241987656,6
2353,84,18,70,14,-21.26302407688518,4
2354,16,13,49,10,-21.289813895584388,3
2355,87,10,106,9,-21.564542850873874,1
2356,70,24,111,19,-21.761941281988644,5
2357,44,11,17,9,-22.07291294624117,2
2358,10,17,20,14,-22.076263289071715,3
2359,65,20,30,17,-22.085363652244506,3
2360,94,10,84,9,-22.762013140609874,1
2361,10,10,26,8,-22.77202326046866,2
2362,41,12,57,10,-23.379405756490282,2
2363,86,15,103,13,-23.96793650375476,2
2364,91,12,34,10,-26.418580170999167,2
2365,49,11,26,8,-26.831812890773925,3
2366,43,10,91,10,-27.34458455824453,0
2367,73,10,107,9,-28.662979189254315,1
