,againstHero,games,hero,losses,shift,wins
0,64,10,65,1,31.455780164415454,9
1,107,10,73,1,28.662979189254322,9
2,91,10,43,0,27.344584558244538,10
3,103,15,86,2,23.967936503754768,13
4,57,12,41,2,23.379405756490286,10
5,26,10,10,2,22.772023260468664,8
6,84,10,94,1,22.762013140609874,9
7,20,11,85,2,22.58682017719025,9
8,17,11,44,2,22.07291294624117,9
9,111,24,70,5,21.76194128198864,19
10,106,10,87,1,21.56454285087387,9
11,87,29,109,6,21.22636324198765,23
12,74,14,110,3,20.87504771154673,11
13,64,10,9,2,20.434576500484805,8
14,110,12,109,2,20.16933250309852,10
15,41,13,10,2,19.73715787827288,11
16,5,10,9,2,19.535484203654345,8
17,55,12,75,2,19.50260854320923,10
18,62,11,71,1,19.25694711756818,10
19,110,12,29,2,19.248543702222978,10
20,62,13,50,3,19.202113459727393,10
21,57,18,28,3,19.08730071874414,15
22,87,10,85,2,19.06738234368307,8
23,26,11,88,3,18.785991491960523,8
24,70,15,86,4,18.5852223692848,11
25,18,10,37,2,18.374799448579125,8
26,106,12,20,4,18.3115400770612,8
27,58,11,87,2,18.229025747195355,9
28,51,11,98,3,18.11615896281521,8
29,79,12,7,3,18.096381711285993,9
30,90,11,76,4,18.031869037099202,7
31,93,12,48,2,17.975039121937545,10
32,63,13,70,3,17.959510637912526,10
33,34,12,91,3,17.68170151948013,9
34,41,10,110,1,17.607251464829996,9
35,63,13,76,2,17.535738224915978,11
36,88,12,13,4,17.46642955261517,8
37,26,11,49,4,17.344464565076983,7
38,30,22,65,5,17.16851241113137,17
39,17,12,37,4,17.032407993640543,8
40,26,13,54,5,16.939787162296547,8
41,43,14,38,5,16.915982285417527,9
42,38,12,15,3,16.880495720481196,9
43,63,13,28,3,16.83915101157232,10
44,87,16,46,5,16.835827645118428,11
45,20,10,48,2,16.747092552182814,8
46,57,13,76,3,16.719909290440036,10
47,88,14,75,3,16.698120760316787,11
48,30,13,85,3,16.384026425638844,10
49,62,13,103,4,16.29915650058687,9
50,59,11,103,3,16.266656443008632,8
51,90,12,91,4,16.09870244517902,8
52,73,15,109,4,16.045215872132836,11
53,55,16,109,4,15.902114621962271,12
54,88,17,49,4,15.76971606417422,13
55,17,15,38,4,15.678044683298907,11
56,29,12,73,3,15.669782329836798,9
57,16,10,59,4,15.561569445873221,6
58,70,12,88,3,15.445871190573252,9
59,74,11,112,3,15.445414304360204,8
60,90,11,18,3,15.206260273523736,8
61,90,17,88,5,15.203720699131468,12
62,93,14,91,4,15.158713886270988,10
63,84,14,40,5,15.139436492633187,9
64,57,15,37,4,15.06777664357477,11
65,73,14,23,4,15.067057394128556,10
66,14,10,65,2,15.014185877069247,8
67,9,10,51,3,14.933479318486382,7
68,26,24,38,7,14.873702675608984,17
69,93,25,38,8,14.706979782976548,17
70,104,18,28,4,14.692440414810822,14
71,62,19,20,5,14.58480992394943,14
72,110,11,50,3,14.53197897415603,8
73,111,30,62,9,14.365589379046474,21
74,107,25,62,8,14.352538477201135,17
75,93,10,17,3,14.339747933079,7
76,28,10,66,4,14.329185091749263,6
77,86,12,17,3,14.311620358508238,9
78,46,11,91,3,14.304066831342244,8
79,84,10,44,3,14.273373064789187,7
80,60,10,8,3,14.262033464961124,7
81,50,12,109,4,14.261856398454315,8
82,98,11,71,3,14.175605929164412,8
83,8,16,71,5,14.113253369392229,11
84,110,16,8,4,14.095812927776766,12
85,57,20,9,5,13.952239963411909,15
86,46,14,79,5,13.9267444372902,9
87,70,12,109,3,13.90225333563024,9
88,26,33,107,8,13.8753667821026,25
89,55,22,2,7,13.871872112800904,15
90,63,10,10,3,13.847715879097754,7
91,38,16,73,6,13.771113964229546,10
92,111,16,109,5,13.722443192828687,11
93,37,10,13,3,13.71058873552403,7
94,20,18,10,5,13.692854024847371,13
95,26,13,69,4,13.665838119385654,9
96,84,16,13,5,13.61439780977119,11
97,37,12,5,3,13.59306711232449,9
98,13,15,73,5,13.471561712276628,10
99,86,16,55,6,13.429599224429374,10
100,90,10,93,4,13.383501710064953,6
101,70,12,74,3,13.332522800110302,9
102,18,13,2,4,13.317961607759768,9
103,89,12,73,4,13.292782754035763,8
104,58,10,89,3,13.242354787086834,7
105,54,25,109,8,13.226950364849456,17
106,64,16,86,5,13.126489420837816,11
107,112,10,50,3,13.007963386743393,7
108,63,15,79,5,12.990676793013687,10
109,37,13,34,4,12.94192710541144,9
110,3,11,8,3,12.917286316124732,8
111,87,11,14,3,12.902634224263675,8
112,6,14,66,4,12.900366001703455,10
113,57,10,10,3,12.834446961452096,7
114,87,13,5,4,12.788098556943213,9
115,69,10,41,4,12.78611035636453,6
116,8,13,89,4,12.710180677943102,9
117,73,11,90,3,12.699639901607059,8
118,63,11,86,3,12.694676726792153,8
119,18,16,84,5,12.53715723328448,11
120,93,22,62,7,12.439036445917953,15
121,20,18,23,5,12.419097927334018,13
122,93,12,26,4,12.342400061412192,8
123,93,17,50,6,12.303370496346973,11
124,2,20,76,7,12.29741854724382,13
125,84,17,62,6,12.2561085252652,11
126,51,15,48,4,12.237016972870071,11
127,10,23,23,9,12.202189639863423,14
128,93,20,41,5,12.152619394683914,15
129,49,10,62,4,12.115401300524669,6
130,58,11,103,3,12.09340769953573,8
131,79,11,112,3,12.08961716654424,8
132,34,15,74,5,12.034087436505338,10
133,38,15,10,4,12.029907406435381,11
134,98,15,11,5,11.975065250902475,10
135,107,25,6,8,11.940202439785262,17
136,104,16,98,6,11.933644997320592,10
137,93,10,76,3,11.923250604262599,7
138,18,13,17,5,11.905263091036248,8
139,48,17,111,5,11.902706300174234,12
140,43,14,109,5,11.866460109925432,9
141,23,15,62,4,11.828374088275886,11
142,15,10,79,3,11.756403792330076,7
143,70,13,62,5,11.719880801732707,8
144,98,47,41,17,11.705875170432085,30
145,107,14,70,5,11.658453467748313,9
146,98,17,15,6,11.628891195956701,11
147,55,20,62,8,11.59917771346766,12
148,65,16,18,5,11.593628436717696,11
149,16,18,13,6,11.568229122492738,12
150,65,16,102,6,11.56505726688695,10
151,38,22,109,7,11.561969316834688,15
152,109,15,6,5,11.553622356231042,10
153,41,31,109,7,11.540113156994366,24
154,54,12,104,4,11.494854806347556,8
155,17,20,41,5,11.462467383182345,15
156,76,13,62,6,11.431107076079654,7
157,28,26,109,9,11.384585776561849,17
158,9,10,97,4,11.373867326772807,6
159,46,18,9,7,11.371108835096305,11
160,2,22,103,6,11.358008021341286,16
161,74,19,48,7,11.291194819179545,12
162,13,13,41,5,11.285884419294256,8
163,93,14,1,4,11.222746146114874,10
164,85,16,37,4,11.183890538456167,12
165,15,10,28,3,11.17654596174133,7
166,107,29,41,11,11.17644215838302,18
167,26,13,46,5,11.17021351687407,8
168,93,19,37,6,11.135373057728067,13
169,98,12,110,4,11.026999619900323,8
170,30,21,9,6,11.009407613122827,15
171,38,14,6,4,11.00539879038108,10
172,30,10,43,3,10.958461383133033,7
173,11,10,8,3,10.874801270533917,7
174,30,11,62,4,10.859839313714287,7
175,37,13,63,5,10.805969524077799,8
176,30,25,103,8,10.7828746133779,17
177,17,16,23,5,10.781653305644493,11
178,50,10,37,4,10.74227717924088,6
179,55,20,30,8,10.741156330527382,12
180,8,13,66,4,10.737460925769158,9
181,6,33,44,12,10.727467153198667,21
182,91,10,85,5,10.70245375594107,5
183,37,14,41,5,10.694476243263008,9
184,107,16,109,6,10.668493285549749,10
185,75,16,16,5,10.668295124883432,11
186,38,13,58,4,10.642287291889893,9
187,98,37,88,11,10.639663528048942,26
188,65,10,101,4,10.616476001261294,6
189,103,14,109,4,10.579033749442827,10
190,70,15,65,5,10.573807897523746,10
191,98,32,76,12,10.566257306689165,20
192,93,36,9,12,10.51557394597911,24
193,20,17,49,6,10.413212284497668,11
194,29,10,17,3,10.395985227153455,7
195,2,11,75,4,10.36983356106975,7
196,2,16,73,6,10.299221262346565,10
197,70,21,84,8,10.221911181232901,13
198,65,12,96,5,10.190345361441295,7
199,60,10,38,4,10.186949801542642,6
200,74,17,18,6,10.16104487640857,11
201,109,14,84,5,10.149942855967595,9
202,2,31,86,10,10.07894667884976,21
203,63,18,54,7,10.075840147553764,11
204,10,18,1,6,10.049405294208217,12
205,63,13,9,5,10.036609783490738,8
206,65,14,59,6,10.03616480415964,8
207,88,11,30,5,10.02483572373662,6
208,87,26,6,9,10.021273865079605,17
209,76,17,34,6,9.994247540573085,11
210,34,13,65,5,9.979765847844487,8
211,29,10,70,3,9.974371860410164,7
212,111,24,38,9,9.966212518632446,15
213,10,17,55,7,9.955177794264817,10
214,93,11,70,4,9.92887532154977,7
215,32,22,109,8,9.8595898331429,14
216,28,10,64,4,9.85835950928987,6
217,111,20,37,8,9.840471570719457,12
218,55,45,87,15,9.791368461031016,30
219,87,16,51,6,9.759393907782314,10
220,84,11,71,4,9.719967933053262,7
221,73,21,111,8,9.713634051639158,13
222,111,42,54,15,9.68998535179476,27
223,29,32,38,11,9.681299801122258,21
224,88,11,85,4,9.656301948727865,7
225,55,23,54,7,9.648181025800827,16
226,98,26,62,10,9.641858129313672,16
227,23,22,89,8,9.57687547449059,14
228,60,21,65,8,9.571951123571157,13
229,32,14,88,4,9.505084521049724,10
230,43,16,28,5,9.500596764145225,11
231,6,11,58,4,9.489496457414946,7
232,103,11,19,4,9.481054864710426,7
233,65,17,44,7,9.4437024578389,10
234,70,10,55,4,9.436952114481349,6
235,91,20,76,7,9.390956065597496,13
236,93,14,30,5,9.378386095833305,9
237,46,16,8,6,9.37241265515055,10
238,104,11,87,3,9.348380844680923,8
239,49,17,86,8,9.343172433673244,9
240,23,15,55,6,9.335240638495888,9
241,50,17,23,7,9.300090532650527,10
242,43,14,50,5,9.274747817248809,9
243,93,32,87,11,9.245964229040393,21
244,54,37,41,13,9.187270230665861,24
245,30,20,87,7,9.180499280009721,13
246,79,30,48,12,9.179366454757062,18
247,93,29,103,11,9.099325117611029,18
248,26,12,32,5,9.097694016198698,7
249,76,33,28,12,9.095469658050357,21
250,106,13,109,5,9.062668099795834,8
251,74,35,76,12,9.021109435296273,23
252,17,27,8,10,8.984203308848391,17
253,86,11,109,5,8.956500368087863,6
254,30,19,54,7,8.941378731198723,12
255,107,20,110,8,8.933567921834614,12
256,104,13,62,4,8.924566951625795,9
257,10,11,85,5,8.81027661814343,6
258,10,13,50,5,8.778099244971948,8
259,32,17,107,5,8.731768023357223,12
260,23,23,37,8,8.700238300329014,15
261,34,18,109,7,8.66273498003357,11
262,84,27,10,10,8.646492586790986,17
263,93,11,75,5,8.619979258081058,6
264,37,40,86,16,8.60382562458516,24
265,41,18,62,7,8.537234992782366,11
266,89,10,109,4,8.517312082575355,6
267,93,31,84,11,8.46536333401638,20
268,84,26,85,12,8.437491114567164,14
269,98,21,1,7,8.436557583367698,14
270,73,21,10,7,8.419335562342066,14
271,43,17,87,6,8.417190390098332,11
272,107,19,76,7,8.417024283490269,12
273,90,11,89,4,8.39679691457017,7
274,90,19,23,7,8.394839451243376,12
275,23,23,93,10,8.38720167861792,13
276,48,14,41,5,8.381561565116135,9
277,48,12,38,4,8.376240779730193,8
278,77,12,8,4,8.373441110755335,8
279,84,20,63,8,8.347628578121027,12
280,8,10,35,4,8.33580666741078,6
281,75,14,28,6,8.327996833154529,8
282,107,26,50,9,8.311520729916491,17
283,76,18,41,7,8.284971187696899,11
284,65,12,58,6,8.279172093518053,6
285,16,24,70,8,8.272893937971958,16
286,20,33,9,11,8.272596506781891,22
287,87,12,17,5,8.243209253291534,7
288,111,14,17,6,8.239799794462416,8
289,26,10,16,4,8.231874067384087,6
290,28,13,94,5,8.222371266039175,8
291,87,32,86,12,8.216798364734071,20
292,13,19,8,7,8.198779355292585,12
293,28,20,89,8,8.171930701809194,12
294,28,52,41,22,8.17137390121613,30
295,32,24,41,10,8.170536046764163,14
296,16,65,86,24,8.160600875802443,41
297,26,44,87,17,8.146474895568339,27
298,19,14,9,6,8.117304295019105,8
299,79,28,107,10,8.088960006240738,18
300,38,19,86,6,8.08239085687564,13
301,30,15,10,5,8.08039942607508,10
302,6,12,13,5,8.074590184679876,7
303,1,11,86,4,8.004187715591293,7
304,98,58,65,22,8.00384438504987,36
305,90,15,41,6,7.9977372465156895,9
306,49,23,9,8,7.992519163965539,15
307,54,15,51,6,7.985123523130607,9
308,32,14,86,6,7.973587175462609,8
309,109,12,37,5,7.9722736641499905,7
310,65,17,68,7,7.944869327403057,10
311,54,25,37,8,7.943083932672223,17
312,49,14,13,6,7.890029815709079,8
313,98,35,50,15,7.831731593724873,20
314,76,32,37,11,7.8204975769535725,21
315,28,10,11,4,7.813271079515407,6
316,65,20,50,8,7.794013777008701,12
317,2,40,65,14,7.773153242011138,26
318,29,13,109,5,7.764821554426811,8
319,111,14,85,5,7.7293785704579765,9
320,23,11,59,4,7.703199044299861,7
321,16,23,85,9,7.69932817345713,14
322,88,40,76,17,7.693645081601591,23
323,104,12,10,5,7.685162882867629,7
324,49,22,65,9,7.648203777845677,13
325,111,26,86,11,7.599516330003596,15
326,8,49,76,19,7.599383660078011,30
327,54,22,76,10,7.591329699141384,12
328,20,33,79,12,7.546840294896304,21
329,79,17,70,8,7.531628680674285,9
330,46,15,88,5,7.530723715486486,10
331,29,20,107,7,7.52553061945499,13
332,84,41,48,17,7.473943913102842,24
333,55,17,76,7,7.436338470025707,10
334,87,31,50,12,7.429484842498567,19
335,98,14,68,4,7.4276533386231165,10
336,103,29,74,10,7.419118005067163,19
337,88,29,54,12,7.418874182686381,17
338,93,31,54,10,7.412337804323152,21
339,41,13,49,4,7.406139067429067,9
340,98,15,5,6,7.403088174401656,9
341,20,28,84,10,7.362780437625798,18
342,63,45,65,18,7.355361278305467,27
343,43,14,65,6,7.347774243596503,8
344,89,23,10,9,7.332600528276464,14
345,54,21,10,8,7.316914939103646,13
346,50,11,68,4,7.299975074722132,7
347,23,15,70,6,7.277989111704879,9
348,30,10,73,4,7.275241295919059,6
349,10,19,86,7,7.266452513785876,12
350,28,12,112,5,7.260189333899199,7
351,8,46,93,17,7.259434595610272,29
352,88,14,38,6,7.257573306252318,8
353,84,24,88,9,7.256956915758408,15
354,55,41,98,16,7.239816282699838,25
355,30,13,49,5,7.228582193886496,8
356,10,19,76,8,7.223608714939952,11
357,79,15,75,5,7.2041054701473,10
358,111,13,34,6,7.201437198359543,7
359,94,17,20,6,7.200649176708729,11
360,5,11,6,4,7.175117705775807,7
361,91,15,50,5,7.1733464432781116,10
362,74,28,86,11,7.1305410605737976,17
363,86,14,20,6,7.118094837224452,8
364,16,16,89,6,7.10266421806873,10
365,30,21,86,5,7.093547407861887,16
366,109,29,9,12,7.0564874177553225,17
367,59,19,79,8,7.0352036880537785,11
368,111,20,6,8,7.018385668922465,12
369,51,10,6,3,7.0035300376142064,7
370,90,19,6,8,7.003490622158199,11
371,79,11,101,5,6.99086142593087,6
372,48,11,91,4,6.984838790483243,7
373,50,17,73,8,6.969175801780988,9
374,73,10,68,4,6.953949871021737,6
375,55,25,38,11,6.947960322969595,14
376,90,14,17,6,6.930186835428707,8
377,57,12,74,4,6.917604242425743,8
378,8,36,38,14,6.910326910265976,22
379,41,45,103,15,6.896034695840799,30
380,15,11,16,4,6.875773988595896,7
381,88,10,63,4,6.8734091426604875,6
382,30,16,70,6,6.82460555340519,10
383,32,26,79,10,6.821690929992385,16
384,91,35,41,13,6.801656465480552,22
385,93,14,43,5,6.790671371620014,9
386,26,24,109,9,6.785414157125378,15
387,46,17,54,6,6.756375555864046,11
388,73,13,93,5,6.74681570888467,8
389,111,42,41,18,6.74287931489457,24
390,65,24,32,10,6.740147619373072,14
391,17,25,9,10,6.735083403706082,15
392,2,19,34,8,6.729658072634231,11
393,111,29,32,13,6.714992004730651,16
394,89,11,74,5,6.714017548400379,6
395,70,20,87,8,6.713457115274705,12
396,79,18,62,8,6.7066833419721705,10
397,28,19,85,8,6.705663303042567,11
398,88,16,57,7,6.6984703888039245,9
399,32,23,9,9,6.67611474654004,14
400,74,51,65,20,6.6693954445548576,31
401,18,24,9,10,6.6693794387353345,14
402,74,16,49,7,6.669033870592291,9
403,98,23,34,8,6.6646586704925195,15
404,17,15,49,6,6.655321673670168,9
405,8,21,57,9,6.644454597179963,12
406,86,14,85,7,6.640232602185862,7
407,23,14,18,5,6.631187531141065,9
408,16,21,18,8,6.6099594156094685,13
409,55,15,91,5,6.584228246945676,10
410,84,12,66,5,6.5780441540966335,7
411,74,23,38,10,6.562267688513879,13
412,30,14,16,5,6.557206782808545,9
413,14,18,84,5,6.539625119207458,13
414,74,26,88,9,6.515151171646329,17
415,16,68,9,25,6.511357169334913,43
416,17,13,62,5,6.51109228837904,8
417,87,25,18,9,6.50092107817753,16
418,104,10,84,4,6.485610957245292,6
419,23,11,48,5,6.485113687277618,6
420,93,26,74,9,6.479775766836977,17
421,17,10,10,4,6.479497194252815,6
422,20,16,88,6,6.450213485704795,10
423,90,10,62,4,6.4415032468905995,6
424,12,14,28,5,6.429365216940007,9
425,28,37,54,15,6.411584180634172,22
426,49,14,16,6,6.400365622536034,8
427,10,28,28,10,6.393353899415196,18
428,30,22,37,8,6.384018768768751,14
429,15,14,84,5,6.375647385580594,9
430,103,22,88,8,6.368772240906126,14
431,31,10,28,4,6.368565836830037,6
432,86,18,73,7,6.340120760849845,11
433,55,26,41,12,6.334267485528576,14
434,87,44,79,19,6.332057319359314,25
435,6,37,28,15,6.320591835394871,22
436,20,80,65,31,6.318535384282401,49
437,16,57,65,24,6.310296262259339,33
438,8,33,109,14,6.30772945688614,19
439,90,16,54,7,6.290244829620483,9
440,111,15,44,6,6.2820016152003975,9
441,87,25,76,10,6.268639154144933,15
442,73,34,9,14,6.263734230116221,20
443,23,40,8,16,6.24315320488594,24
444,75,12,9,4,6.239095019020707,8
445,2,35,41,13,6.231438093089564,22
446,16,14,34,6,6.2295567684996,8
447,91,36,28,14,6.212240310086352,22
448,2,11,66,4,6.205381429919992,7
449,55,34,20,15,6.177684328421455,19
450,17,17,84,7,6.1635311782548206,10
451,111,11,56,4,6.133528731729064,7
452,73,15,88,6,6.130278796806204,9
453,111,69,65,31,6.128152820402616,38
454,49,17,6,7,6.097985660912412,10
455,50,13,48,6,6.091992406670462,7
456,107,27,2,11,6.06290925873793,16
457,63,13,98,6,6.056134732306879,7
458,13,23,28,8,6.033358942174994,15
459,88,20,6,8,6.015748480748672,12
460,1,14,107,6,6.01274894122701,8
461,98,48,91,22,6.010481139866051,26
462,49,10,77,5,6.002993751357134,5
463,74,10,12,5,5.981921062008417,5
464,16,26,6,12,5.978889658978726,14
465,74,25,6,10,5.973570320498571,15
466,20,33,103,11,5.964316349878249,22
467,8,23,49,10,5.962799116224745,13
468,87,28,91,11,5.954439761122967,17
469,98,49,103,19,5.894528502030381,30
470,8,34,62,14,5.8904849860809465,20
471,17,17,16,7,5.8683420758720235,10
472,107,10,48,4,5.8635977751046635,6
473,79,20,104,7,5.8474806263390615,13
474,2,10,44,4,5.829723764491519,6
475,16,36,88,13,5.820662989223607,23
476,38,22,87,9,5.809647209419687,13
477,87,44,41,20,5.804454173879386,24
478,15,23,76,9,5.782831260117777,14
479,32,18,54,7,5.7826104895534876,11
480,51,14,79,6,5.772506691008205,8
481,38,29,9,13,5.756435186772356,16
482,90,20,37,8,5.742590617036884,12
483,54,38,6,13,5.738166771423008,25
484,89,23,65,10,5.729458742490655,13
485,18,11,51,5,5.697627847770078,6
486,57,21,84,8,5.683170829447634,13
487,43,13,9,6,5.6825351087636395,7
488,63,16,91,7,5.669548453730626,9
489,74,18,109,8,5.655848733560989,10
490,41,45,9,17,5.643905739728352,28
491,107,41,20,18,5.643773896247953,23
492,2,16,48,8,5.635246627200352,8
493,6,25,20,12,5.631661671252286,13
494,26,22,29,8,5.630548836449716,14
495,86,11,57,5,5.628641785626695,6
496,6,33,48,14,5.618170706899612,19
497,87,44,28,18,5.606058738924243,26
498,28,66,9,29,5.596788390824044,37
499,74,35,91,15,5.5905433751155025,20
500,9,26,88,11,5.581928928392054,15
501,49,14,48,7,5.572044813615612,7
502,49,29,98,13,5.553486162622289,16
503,28,11,97,6,5.5469707821451895,5
504,46,10,2,4,5.541906116456136,6
505,111,36,103,15,5.530917867453249,21
506,23,40,98,16,5.52748143097881,24
507,107,16,34,7,5.514558906998726,9
508,74,21,73,9,5.496437468937686,12
509,89,10,87,4,5.494352199749725,6
510,65,15,15,7,5.4681584142167425,8
511,93,13,49,6,5.4651623752460186,7
512,90,20,87,7,5.464899068206852,13
513,54,33,38,13,5.464199343195873,20
514,14,10,9,3,5.4634394370226635,7
515,30,15,50,7,5.456889712897827,8
516,55,14,37,6,5.456618910920282,8
517,49,27,87,13,5.451792030762739,14
518,84,39,76,19,5.438513858870127,20
519,109,16,23,6,5.438260955948294,10
520,51,17,8,7,5.424319246056667,10
521,20,26,38,11,5.422962328602491,15
522,84,35,41,13,5.419690425686764,22
523,43,11,103,5,5.405634019581254,6
524,110,23,65,9,5.385061990656434,14
525,8,66,41,30,5.383353261881381,36
526,20,24,109,8,5.375774718225749,16
527,29,21,84,9,5.340667565501357,12
528,70,18,76,8,5.338743046693681,10
529,90,23,8,9,5.338168133162715,14
530,30,18,6,6,5.328184059941261,12
531,54,46,9,19,5.328004432423598,27
532,50,36,79,16,5.311051747194992,20
533,17,13,48,6,5.3071829791256695,7
534,63,15,85,7,5.266282773446657,8
535,74,22,29,10,5.2608197922239635,12
536,50,12,89,5,5.253704218444127,7
537,1,10,111,5,5.2389835373250895,5
538,55,30,9,11,5.2344891272769605,19
539,30,22,8,8,5.213064512809201,14
540,55,14,18,6,5.210031069954467,8
541,9,36,86,16,5.188225565384638,20
542,111,10,57,4,5.186942618450887,6
543,107,34,9,16,5.177997873535459,18
544,16,15,57,7,5.174682414292547,8
545,26,38,20,16,5.156160372920304,22
546,13,20,79,7,5.141920826439543,13
547,98,10,52,5,5.141825899051739,5
548,20,12,32,5,5.135866792699634,7
549,54,12,17,5,5.13265067269767,7
550,41,29,89,12,5.128070897369616,17
551,103,21,18,9,5.117263308095354,12
552,9,11,1,5,5.0962387955290955,6
553,65,30,48,13,5.091344425153351,17
554,88,17,93,9,5.077237249885121,8
555,16,20,73,9,5.070658783374491,11
556,65,57,54,26,5.034371936668329,31
557,89,15,84,5,5.015269353437399,10
558,55,20,32,8,5.010948173246779,12
559,62,17,54,7,5.001633115691912,10
560,51,18,84,7,4.999633785671801,11
561,26,30,65,13,4.982618574560724,17
562,104,22,8,8,4.981258946570289,14
563,89,10,20,4,4.9764030381512026,6
564,93,39,28,17,4.974090792886147,22
565,18,23,79,11,4.97103956030986,12
566,41,20,86,9,4.96812288725616,11
567,10,10,59,5,4.967497448599426,5
568,93,70,65,30,4.940169793162299,40
569,46,11,103,5,4.93491443987304,6
570,87,14,34,6,4.910376447473126,8
571,28,23,70,11,4.906318270343948,12
572,65,11,5,5,4.90161537792141,6
573,8,73,79,34,4.840277970460669,39
574,55,29,6,10,4.803715742468641,19
575,90,11,70,4,4.801865378344786,7
576,87,22,88,8,4.796769422048848,14
577,86,11,18,5,4.795064637153176,6
578,17,11,30,5,4.793161472453947,6
579,34,10,103,3,4.790473034569175,7
580,37,22,88,9,4.788613815708725,13
581,13,12,20,4,4.788358918637377,8
582,111,10,104,4,4.785383853867566,6
583,8,13,106,6,4.770713481148754,7
584,98,17,94,7,4.761676089313329,10
585,6,12,32,5,4.741771241477241,7
586,74,18,55,9,4.738810454561628,9
587,90,30,9,13,4.717832744642906,17
588,109,19,93,8,4.710552248323456,11
589,87,35,29,15,4.710088352572669,20
590,26,16,6,6,4.685058896386026,10
591,46,18,76,7,4.684511952245146,11
592,86,10,15,5,4.603054673648835,5
593,28,19,49,7,4.5879435578079875,12
594,2,31,6,13,4.575369715684754,18
595,46,13,37,6,4.568700097838744,7
596,9,20,89,7,4.555028073124962,13
597,87,15,57,7,4.55240997291295,8
598,2,10,51,5,4.541060117126744,5
599,26,45,8,21,4.535697997459029,24
600,74,24,23,11,4.530539923458647,13
601,75,11,87,4,4.529872180323236,7
602,65,26,109,13,4.522732343847655,13
603,91,36,9,16,4.519475424395413,20
604,111,29,93,14,4.510765206652461,15
605,38,38,28,17,4.50616017554961,21
606,9,17,59,7,4.502961051414203,10
607,29,11,62,5,4.502398822563132,6
608,111,29,91,14,4.500138929465923,15
609,29,21,93,9,4.498959392246705,12
610,111,21,29,11,4.4840296225286655,10
611,111,25,15,10,4.472513123100849,15
612,84,32,2,14,4.438454989875694,18
613,90,10,13,5,4.4350576589733715,5
614,103,25,91,13,4.403539882876555,12
615,111,38,74,17,4.395421398955389,21
616,1,14,65,6,4.384642024421805,8
617,34,21,79,10,4.376348562131225,11
618,54,13,89,5,4.375934710162817,8
619,87,11,94,5,4.3750154371421806,6
620,70,17,2,6,4.372410293055534,11
621,79,13,44,6,4.356415433762267,7
622,54,35,84,14,4.339079782197694,21
623,54,17,3,8,4.336905078418534,9
624,41,20,1,7,4.310885836842606,13
625,85,15,48,6,4.3053632687921874,9
626,103,34,28,15,4.283445470085922,19
627,79,18,106,9,4.260883343518001,9
628,58,11,9,4,4.2449574488184085,7
629,18,13,49,6,4.243576516469457,7
630,97,11,8,4,4.238412616249602,7
631,29,26,20,11,4.235090000321545,15
632,63,12,8,5,4.221883097493622,7
633,41,52,20,21,4.221572518729248,31
634,16,37,37,14,4.211147077007784,23
635,26,24,103,11,4.210605706707939,13
636,62,26,9,11,4.20006809871188,15
637,17,22,79,10,4.186747232119098,12
638,2,16,32,7,4.169077635966494,9
639,29,19,79,9,4.163523890816751,10
640,63,15,48,7,4.152796736858187,8
641,65,23,91,12,4.15010120900015,11
642,37,15,2,7,4.147220527730264,8
643,8,45,48,20,4.137812287852191,25
644,103,28,54,13,4.13111154459063,15
645,48,31,37,14,4.130093858870542,17
646,23,14,30,7,4.121797276586666,7
647,37,39,98,17,4.116775978907105,22
648,54,19,29,7,4.092788521879797,12
649,2,36,9,17,4.08389169356919,19
650,98,16,85,8,4.042048861968951,8
651,10,11,109,5,4.004247407956419,6
652,26,26,28,11,3.9790441547640567,15
653,16,29,74,12,3.9743417346866297,17
654,87,43,9,19,3.9730968179035395,24
655,1,16,8,8,3.9724434837704097,8
656,91,40,8,19,3.961945852137989,21
657,93,18,10,7,3.954978874369175,11
658,23,39,84,18,3.952949843708358,21
659,6,22,73,11,3.947699618921388,11
660,79,36,74,14,3.9251156042857227,22
661,28,23,17,10,3.9100280106678444,13
662,94,16,54,8,3.897800639878565,8
663,98,47,84,21,3.8908337456526523,26
664,55,11,17,5,3.884041039360635,6
665,51,20,86,9,3.8633622170066255,11
666,38,14,49,7,3.8551286140805883,7
667,23,40,9,18,3.825851357048051,22
668,32,14,91,7,3.825310656034844,7
669,37,14,20,6,3.8240986868747346,8
670,93,15,18,7,3.800055574547406,8
671,79,56,37,23,3.799347181152442,33
672,110,12,103,5,3.7849274590311146,7
673,26,11,110,6,3.7814954576991626,5
674,79,15,73,7,3.780403758532128,8
675,65,104,9,47,3.775714714839896,57
676,98,26,18,12,3.7616966957049423,14
677,57,12,18,4,3.7525453734501895,8
678,55,31,88,12,3.7522592797043,19
679,37,37,8,17,3.7513378121907257,20
680,10,20,74,8,3.7415607204357952,12
681,87,24,37,12,3.7376369474443707,12
682,8,12,56,5,3.7336001526879965,7
683,84,22,38,9,3.721558072111382,13
684,60,10,87,5,3.716219490276849,5
685,8,92,9,42,3.7150494796861944,50
686,32,14,10,5,3.709056496740236,9
687,32,35,8,16,3.704344714378886,19
688,30,19,84,9,3.664539402131782,10
689,48,14,89,6,3.663870491648268,8
690,106,12,65,5,3.6637536933904045,7
691,57,17,65,6,3.662004607965262,11
692,10,12,18,4,3.6042571144804327,8
693,29,12,46,5,3.5756011188612917,7
694,16,34,76,16,3.5713726859790302,18
695,50,25,38,11,3.5687465201033155,14
696,65,13,94,6,3.5056909876146616,7
697,79,41,76,17,3.500613863685398,24
698,51,10,55,4,3.478851515612335,6
699,1,14,55,6,3.4728600689370874,8
700,111,21,76,11,3.468863949107616,10
701,23,15,26,7,3.459704667443899,8
702,73,22,84,8,3.4447873488323726,14
703,5,10,91,6,3.425539811872453,4
704,86,14,93,6,3.420418426819417,8
705,98,31,10,14,3.4043551656175834,17
706,57,12,6,4,3.400016956513245,8
707,62,23,87,10,3.3975423521512753,13
708,57,14,91,5,3.387917143764689,9
709,76,13,13,6,3.383197454645706,7
710,2,14,85,7,3.3798876085075142,7
711,6,26,91,12,3.37006635937582,14
712,29,26,8,12,3.355791507675689,14
713,28,60,16,27,3.315471872519662,33
714,104,12,76,6,3.296017349449059,6
715,10,11,46,5,3.290581679590813,6
716,32,24,98,11,3.2868277404205144,13
717,59,11,98,5,3.2664563544762375,6
718,30,21,29,10,3.2444225111341125,11
719,55,72,8,31,3.242679915951949,41
720,76,15,18,6,3.2371919896499453,9
721,49,11,85,5,3.234049059231717,6
722,23,19,86,9,3.2169168727971016,10
723,32,25,16,11,3.2091711041875497,14
724,8,75,107,35,3.203023338305832,40
725,88,17,41,8,3.1907658333962923,9
726,91,13,37,6,3.1893915884876454,7
727,107,14,104,6,3.1348492575520077,8
728,106,10,98,4,3.1299996913347945,6
729,50,33,103,15,3.092695156166144,18
730,111,49,9,24,3.0754591947252536,25
731,26,17,43,7,3.0481873322386352,10
732,9,14,44,8,3.0418979222799782,6
733,16,59,84,27,3.031643154660335,32
734,20,33,28,13,3.0274591386657326,20
735,38,18,16,9,3.0174584469144,9
736,79,27,93,14,3.015824574557269,13
737,28,54,18,25,3.009651340826138,29
738,26,16,89,8,3.0015441091670665,8
739,8,62,16,27,2.9777798914412967,35
740,74,60,8,28,2.9442423049029234,32
741,68,10,87,5,2.918596255497213,5
742,8,24,68,11,2.9120627847170204,13
743,50,20,86,8,2.9078735206797073,12
744,90,30,111,13,2.890544713054333,17
745,46,15,28,7,2.8691534505866354,8
746,55,11,13,5,2.8675322125133507,6
747,98,31,29,15,2.8666453310461546,16
748,54,36,16,17,2.847205712046726,19
749,84,49,86,23,2.830691365897261,26
750,38,55,65,25,2.8065899103574563,30
751,63,15,107,6,2.802147354543155,9
752,29,17,34,9,2.8011697136542666,8
753,14,12,8,5,2.800814824677635,7
754,17,30,103,13,2.7862637913294455,17
755,98,33,86,14,2.7839089247753144,19
756,41,40,23,18,2.7673807455242936,22
757,2,18,23,9,2.76700436988762,9
758,84,24,34,10,2.75167218540845,14
759,29,30,28,14,2.7417268938351826,16
760,34,21,28,9,2.7346627104082097,12
761,23,14,29,6,2.7325720738957804,8
762,79,25,89,10,2.732343278458178,15
763,26,14,30,9,2.7295268644643036,5
764,16,20,91,9,2.7214582735625528,11
765,90,29,28,13,2.709626925847089,16
766,103,24,55,11,2.7037427493149484,13
767,86,38,76,19,2.663874243115137,19
768,30,25,38,13,2.6609022960305335,12
769,86,20,88,8,2.6598697754609475,12
770,15,14,8,7,2.6593953269851665,7
771,87,27,54,13,2.6518374940593397,14
772,8,42,103,17,2.6366758249260895,25
773,30,13,107,5,2.6326975250966638,8
774,70,11,50,6,2.626702900417429,5
775,111,23,50,10,2.626096528214075,13
776,73,27,8,11,2.6210898212265543,16
777,9,16,94,8,2.620832608628445,8
778,29,24,9,12,2.6073964056504892,12
779,98,54,74,26,2.6028088751283813,28
780,71,16,65,8,2.5963866960665394,8
781,65,67,28,30,2.58773599471434,37
782,38,20,112,9,2.587558109977976,11
783,2,25,109,10,2.5641635343710663,15
784,50,12,88,6,2.559456050854571,6
785,23,11,34,6,2.530674269646428,5
786,98,52,54,26,2.52901549913828,26
787,75,16,84,7,2.527048076541137,9
788,50,19,29,8,2.5251415163545516,11
789,16,50,98,22,2.5197213230509203,28
790,48,21,55,9,2.510477788778169,12
791,16,17,62,8,2.4884740684398885,9
792,65,50,103,21,2.483568843444369,29
793,74,29,107,13,2.4812045730116723,16
794,37,15,62,7,2.4789476689639205,8
795,26,27,98,15,2.469946577348654,12
796,16,13,93,6,2.460583316835966,7
797,41,40,38,19,2.4535603181412915,21
798,111,17,46,8,2.4518689623137755,9
799,2,40,10,18,2.446660934491016,22
800,9,33,6,15,2.442634272815347,18
801,18,16,50,8,2.435107533000619,8
802,32,14,38,6,2.405973678085745,8
803,76,18,35,7,2.4023433325283117,11
804,43,22,74,10,2.399363912806923,12
805,18,18,6,8,2.39036390227397,10
806,87,49,20,23,2.376853920994188,26
807,55,12,34,5,2.374285322689373,7
808,16,21,107,10,2.371918332267288,11
809,63,14,16,7,2.3500753449010667,7
810,41,56,79,27,2.337441224056111,29
811,65,39,29,16,2.3260339041967435,23
812,16,30,87,14,2.292110942535413,16
813,62,18,32,9,2.263686769900328,9
814,103,26,87,12,2.244435120608378,14
815,84,30,55,14,2.243237050292711,16
816,107,44,28,22,2.230559467730824,22
817,8,11,58,6,2.225895511877215,5
818,73,15,54,7,2.2175860455428436,8
819,13,26,9,11,2.216500248662662,15
820,48,32,28,13,2.2044832731648496,19
821,73,35,41,16,2.189611120966088,19
822,54,34,86,16,2.1876120177380085,18
823,44,19,28,7,2.1816767204067156,12
824,74,45,9,20,2.16700698590985,25
825,98,40,107,18,2.1579093706359758,22
826,9,11,15,5,2.157551688044861,6
827,18,10,32,5,2.1572241092213504,5
828,16,49,41,24,2.154183122999479,25
829,98,61,2,29,2.1431661416362218,32
830,111,33,26,15,2.1371335815105854,18
831,16,18,104,8,2.1264699523202086,10
832,84,11,1,5,2.1264466771262813,6
833,54,26,50,11,2.120731115430667,15
834,8,15,75,7,2.111709310612923,8
835,55,14,73,7,2.100075433191044,7
836,107,24,88,12,2.0871354397563997,12
837,9,16,104,7,2.074620642084024,9
838,55,31,16,14,2.074141742658653,17
839,28,13,5,5,2.0729432233264378,8
840,91,11,18,5,2.068864434806542,6
841,32,19,84,8,2.0621508690380312,11
842,91,18,10,8,2.053920396033911,10
843,30,25,98,10,2.0506203422205376,15
844,38,52,98,24,2.049865770355223,28
845,23,30,87,13,2.0171902524743803,17
846,59,14,8,7,2.010238389237951,7
847,37,10,71,4,1.989603705819686,6
848,103,13,37,6,1.9837820518429896,7
849,6,47,79,22,1.9831957209831137,25
850,79,60,111,27,1.9806558598524917,33
851,23,41,65,20,1.9794334553560258,21
852,49,11,29,4,1.979211902956338,7
853,6,47,65,25,1.9776748983278993,22
854,54,18,23,8,1.972656582258224,10
855,79,35,55,18,1.959199663076027,17
856,37,33,65,15,1.9483360284193358,18
857,87,10,13,4,1.9417659717514852,6
858,28,37,37,17,1.9409348825611632,20
859,76,24,6,12,1.937944044447951,12
860,10,13,29,6,1.9268740097605606,7
861,65,20,13,11,1.9236367618157109,9
862,87,22,73,11,1.9187809773134334,11
863,6,22,37,11,1.9187411338779705,11
864,48,35,16,17,1.9177064489155933,18
865,76,10,17,4,1.9048948605365967,6
866,84,42,111,18,1.904319508445317,24
867,41,11,61,5,1.9034780148497896,6
868,91,18,88,8,1.88786606053127,10
869,84,68,65,33,1.8809383053706654,35
870,84,27,49,13,1.8786207304912836,14
871,79,57,16,26,1.8779589002013803,31
872,74,21,30,11,1.874871595565309,10
873,6,40,8,18,1.873167747491823,22
874,54,16,112,7,1.871566293788832,9
875,73,19,98,9,1.8513717297876138,10
876,6,39,98,18,1.8448936378969223,21
877,90,23,107,12,1.839992081109741,11
878,35,12,79,5,1.8379035956261849,7
879,2,30,111,14,1.8367449192872456,16
880,90,19,84,9,1.8307456952070524,10
881,65,75,88,35,1.8237982131059447,40
882,8,48,18,22,1.8210825548731215,26
883,20,22,73,11,1.8197178736344521,11
884,85,13,76,5,1.800008520609701,8
885,94,10,41,5,1.7939224836809742,5
886,57,10,109,4,1.7866317267766747,6
887,14,10,28,4,1.771696362645693,6
888,111,52,28,24,1.7612142471001229,28
889,8,66,87,30,1.7501098519415272,36
890,107,35,38,17,1.7434138897292968,18
891,32,32,28,15,1.738356190048853,17
892,16,29,103,14,1.7358551004647145,15
893,106,15,38,7,1.7348192516378895,8
894,9,19,70,10,1.7325740605828868,9
895,76,10,45,5,1.7263356630732787,5
896,16,47,2,22,1.7122028906623956,25
897,38,11,76,5,1.6999072226365513,6
898,34,15,20,6,1.6974281353522225,9
899,30,37,28,17,1.6951481350285038,20
900,91,21,30,11,1.6670009255194451,10
901,50,32,9,15,1.656082247828397,17
902,103,26,6,11,1.6275337563735768,15
903,20,18,68,9,1.6168027641247988,9
904,20,12,76,5,1.5911388338678512,7
905,90,16,48,8,1.5828630197509423,8
906,50,18,16,9,1.5602090710005827,9
907,106,12,41,6,1.5589796315432078,6
908,50,33,2,15,1.5483452933241442,18
909,107,26,86,12,1.5423744984021208,14
910,85,12,38,6,1.5317416798467203,6
911,103,12,85,5,1.505235765059641,7
912,98,16,89,8,1.5011020579783834,8
913,55,18,43,9,1.4993353058682148,9
914,18,17,48,8,1.4617300255746302,9
915,41,18,18,8,1.4488156792449216,10
916,50,36,41,18,1.4450486751473963,18
917,51,10,104,5,1.4372097568979327,5
918,103,10,57,6,1.433492937470935,4
919,109,11,112,5,1.4303792106135111,6
920,62,24,28,10,1.4300815186163431,14
921,111,14,75,8,1.426535254075105,6
922,65,10,3,5,1.4258252923515962,5
923,13,11,2,4,1.4221213524937684,7
924,88,31,111,14,1.421312462080983,17
925,2,24,38,13,1.4146987667991227,11
926,34,10,48,5,1.4123185984498856,5
927,54,18,15,9,1.4023674366161945,9
928,54,13,85,7,1.3987454013140737,6
929,65,34,10,16,1.3889990791790843,18
930,44,13,8,5,1.3823607495686785,8
931,16,32,10,15,1.3769942516048135,17
932,79,25,30,13,1.3756609281230907,12
933,50,36,84,18,1.367295152597728,18
934,23,14,32,8,1.362990157606229,6
935,8,58,54,28,1.3404695893424994,30
936,6,40,84,19,1.3347878248259433,21
937,98,13,57,7,1.3243405021868557,6
938,87,15,110,7,1.3076573931351636,8
939,48,27,98,13,1.2896849035906888,14
940,54,39,20,18,1.2734253946760175,21
941,20,43,98,20,1.2404189901414067,23
942,8,53,86,25,1.234440399449158,28
943,79,11,96,6,1.2340245916617492,5
944,23,37,28,18,1.2328353573645747,19
945,74,24,46,13,1.2274275532310768,11
946,49,24,55,14,1.2120144426699917,10
947,8,59,10,29,1.1850831705992222,30
948,103,10,1,6,1.178228962480735,4
949,109,23,98,11,1.1685291459099263,12
950,79,76,9,37,1.1560570797633891,39
951,50,18,34,10,1.1483521913828936,8
952,54,25,107,12,1.145063137631291,13
953,79,36,38,17,1.1399672014475537,19
954,23,22,88,10,1.1194514842315577,12
955,55,27,50,12,1.1136011471986083,15
956,88,20,62,10,1.1096322170107602,10
957,16,10,56,4,1.1063673005412125,6
958,73,16,28,9,1.1026015831683806,7
959,91,14,62,7,1.0834634078291783,7
960,104,29,65,12,1.0741471547286872,17
961,48,10,35,5,1.0695374428464177,5
962,76,15,103,6,1.0648910249315904,9
963,79,46,86,22,1.0425261635108956,24
964,9,28,76,14,1.034161557811222,14
965,90,20,16,10,1.0306610515551813,10
966,48,27,86,13,1.0300347247258348,14
967,107,39,65,17,1.0164693815500474,22
968,58,11,2,5,1.0060883991850518,6
969,87,31,98,14,1.0052207296323035,17
970,79,11,94,5,0.9998691980070009,6
971,65,26,73,13,0.9992952333872255,13
972,37,38,9,18,0.9966802722078446,20
973,32,15,74,7,0.9878312338208317,8
974,41,16,30,8,0.9850557086879002,8
975,111,16,68,7,0.983190365703102,9
976,91,20,23,10,0.9792678927031622,10
977,103,44,9,24,0.9734466854109799,20
978,68,10,16,5,0.9723777343104946,5
979,10,11,15,6,0.9620268464624143,5
980,93,23,107,11,0.9535678875740116,12
981,84,59,28,28,0.9522114984932003,31
982,48,11,30,5,0.9383914724110479,6
983,23,35,16,17,0.937387264272772,18
984,85,19,9,8,0.9266510351352133,11
985,13,11,74,5,0.9258529887550377,6
986,51,16,16,7,0.9254181289183423,9
987,103,12,89,5,0.9245541578032425,7
988,79,29,88,12,0.9179800734687559,17
989,60,11,9,6,0.9156618531106764,5
990,79,39,90,17,0.8969827248841573,22
991,48,17,13,10,0.8869219468499782,7
992,8,61,2,31,0.8823794512979197,30
993,98,65,79,34,0.8789000637427714,31
994,62,21,65,9,0.8755953834255747,12
995,29,12,18,7,0.8741742779448156,5
996,16,34,111,18,0.8706079983684193,16
997,5,12,79,7,0.8638337222987257,5
998,8,46,20,22,0.8549179443982415,24
999,98,67,8,32,0.8537292484745942,35
1000,103,16,32,7,0.8405021181328001,9
1001,111,44,87,22,0.8376292820607008,22
1002,57,11,55,6,0.8315236951519583,5
1003,54,26,70,13,0.8260404525362524,13
1004,87,23,10,10,0.8212452099335934,13
1005,54,31,79,15,0.8204273618980665,16
1006,9,34,48,18,0.8138314912844774,16
1007,70,47,98,23,0.8130313901104012,24
1008,98,57,28,29,0.8021556173788751,28
1009,84,56,37,28,0.7869802805275471,28
1010,87,24,48,12,0.7841248719069777,12
1011,85,21,65,9,0.7821322420670093,12
1012,23,24,6,12,0.7573800729023334,12
1013,76,36,65,16,0.7568795201651484,20
1014,90,10,104,6,0.7461340238107392,4
1015,37,11,73,5,0.7437455399697732,6
1016,107,23,23,11,0.7397315330825475,12
1017,50,17,74,8,0.725167252731053,9
1018,87,24,32,13,0.723654834631159,11
1019,86,43,28,19,0.7167553120703369,24
1020,51,12,65,6,0.7082823610974582,6
1021,41,23,43,11,0.6921842337130567,12
1022,62,15,74,6,0.6841173627174295,9
1023,87,42,107,19,0.679066960604817,23
1024,44,12,16,7,0.674063172823535,5
1025,90,17,10,9,0.6720080859782257,8
1026,111,44,55,23,0.6715353289992407,21
1027,91,23,86,11,0.6661452371008985,12
1028,88,15,48,9,0.6584132572102235,6
1029,79,59,84,29,0.6494930853731948,30
1030,32,10,30,5,0.6490824873820863,5
1031,74,39,41,21,0.6406425090111577,18
1032,16,17,1,9,0.6380538669636839,8
1033,10,21,48,11,0.631414631744242,10
1034,74,13,63,6,0.6231938435062125,7
1035,91,18,44,8,0.616097632961548,10
1036,55,22,29,12,0.608123085968788,10
1037,111,37,20,19,0.6068837109506124,18
1038,62,18,38,9,0.6043816495722321,9
1039,98,20,101,11,0.5948708647764208,9
1040,48,18,103,9,0.5903706399248467,9
1041,70,50,8,26,0.5792404511939316,24
1042,87,61,65,29,0.5726682509128632,32
1043,54,26,91,15,0.5702688984859549,11
1044,15,14,2,7,0.5683026145731193,7
1045,89,17,111,9,0.5563633904658443,8
1046,90,18,2,9,0.5540783404275267,9
1047,10,18,37,8,0.546815604170652,10
1048,2,22,62,10,0.5462872756743614,12
1049,66,13,41,7,0.534743534153634,6
1050,91,13,73,5,0.5133686150476447,8
1051,79,16,49,7,0.5123191767324973,9
1052,84,70,9,32,0.5071793711101522,38
1053,76,29,48,14,0.4989185505566462,15
1054,54,32,2,15,0.49725687334611157,17
1055,87,16,112,7,0.4965133955506271,9
1056,46,13,98,6,0.49490167633736465,7
1057,16,16,20,9,0.4908471999413502,7
1058,88,12,18,6,0.4864002858281218,6
1059,32,10,94,5,0.4833955664376234,5
1060,49,21,107,11,0.4754802407538822,10
1061,26,39,41,23,0.47541624975842567,16
1062,2,19,88,9,0.45627885372645166,10
1063,98,16,58,9,0.45407364718622145,7
1064,28,49,74,23,0.4354713710778923,26
1065,23,37,103,19,0.4333042786770564,18
1066,26,11,50,6,0.4324180875363533,5
1067,98,33,93,16,0.424948144003004,17
1068,9,41,98,18,0.42442483569339234,23
1069,109,14,79,7,0.42130275303052606,7
1070,65,78,79,40,0.4089181777503222,38
1071,93,16,55,8,0.39897461255756284,8
1072,41,13,85,6,0.3897097634286908,7
1073,28,27,88,13,0.3890719968892433,14
1074,44,10,50,5,0.3704918139841162,5
1075,74,43,54,23,0.3670959011375288,20
1076,86,19,6,9,0.36002907163375564,10
1077,55,51,65,22,0.33480791871822513,29
1078,49,17,91,9,0.32854883058107165,8
1079,98,31,90,16,0.3081362679703139,15
1080,19,14,41,8,0.3076861914893786,6
1081,2,23,30,12,0.29321348863964763,11
1082,65,32,86,16,0.292161429870751,16
1083,103,28,38,14,0.24815234764151997,14
1084,57,10,54,5,0.24120401170219807,5
1085,66,20,9,10,0.2394553367054245,10
1086,85,10,66,5,0.23847533791686662,5
1087,70,19,37,9,0.2315184763340002,10
1088,8,42,88,20,0.21289914554912653,22
1089,55,47,28,21,0.2032823609872518,26
1090,29,36,41,18,0.19641039337775978,18
1091,28,33,50,16,0.1958042362037239,17
1092,30,18,18,8,0.1880919802776321,10
1093,87,35,84,17,0.18516749945203237,18
1094,30,32,20,17,0.18006835825974649,15
1095,18,25,54,13,0.17269825689702542,12
1096,26,19,2,10,0.15549736717272822,9
1097,32,18,50,10,0.14361277931057773,8
1098,107,35,103,17,0.13970070555149214,18
1099,74,20,37,10,0.13515130121839292,10
1100,74,45,84,22,0.10012553334720861,23
1101,6,29,41,15,0.09412754772533743,14
1102,13,22,98,9,0.08977817869064623,13
1103,38,15,110,8,0.07451058664372237,7
1104,8,18,85,10,0.05579820159953483,8
1105,23,26,111,12,0.03864525196536135,14
1106,85,24,79,13,0.03480555903893171,11
1107,13,12,111,6,0.03396852683521152,6
1108,40,14,65,6,0.02213880190128984,8
1109,8,38,50,20,0.0026780543899760133,18
1110,37,15,38,8,0.001103123834968282,7
1111,38,15,37,7,-0.0011031238349704135,8
1112,65,14,40,8,-0.022138801901290386,6
1113,79,50,103,24,-0.05775390300531349,26
1114,2,25,20,13,-0.061415201425745324,12
1115,110,15,38,7,-0.07451058664372263,8
1116,87,42,74,20,-0.07958529470361513,22
1117,41,29,6,14,-0.09412754772533768,15
1118,43,19,20,10,-0.09655439021695482,9
1119,84,45,74,23,-0.10012553334720688,22
1120,28,61,2,31,-0.13470852705824435,30
1121,8,23,43,12,-0.1348626033575063,11
1122,37,20,74,10,-0.13515130121839344,10
1123,111,25,30,13,-0.1455874148715972,12
1124,54,25,18,12,-0.17269825689702573,13
1125,20,32,30,15,-0.18006835825974682,17
1126,17,19,74,10,-0.18384205614173707,9
1127,84,35,87,18,-0.1851674994520317,17
1128,18,18,30,10,-0.18809198027763255,8
1129,88,42,8,22,-0.21289914554912737,20
1130,79,38,91,20,-0.22211474912049844,18
1131,2,30,74,16,-0.2222710450639769,14
1132,91,21,84,10,-0.2259849974893271,11
1133,37,19,70,10,-0.23151847633400094,9
1134,107,22,18,12,-0.23611930271088563,10
1135,66,10,85,5,-0.23847533791686643,5
1136,9,20,66,10,-0.23945533670542468,10
1137,54,10,57,5,-0.24120401170219843,5
1138,38,28,103,14,-0.24815234764152064,14
1139,86,32,65,16,-0.2921614298707511,16
1140,30,23,2,11,-0.2932134886396476,12
1141,41,14,19,6,-0.30768619148937965,8
1142,91,17,49,8,-0.3285488305810701,9
1143,17,12,50,6,-0.3289162212940191,6
1144,43,16,98,8,-0.3349193292480861,8
1145,54,21,48,12,-0.3530248887429264,9
1146,6,19,86,10,-0.3600290716337568,9
1147,84,62,8,31,-0.3626144881903714,31
1148,50,10,44,5,-0.3704918139841169,5
1149,90,30,65,14,-0.3773068188418704,16
1150,88,27,28,14,-0.38907199688924293,13
1151,85,13,41,7,-0.3897097634286908,6
1152,12,10,8,5,-0.39347937244075554,5
1153,8,69,111,33,-0.3967837192963415,36
1154,55,16,93,8,-0.39897461255756195,8
1155,79,14,109,7,-0.4213027530305255,7
1156,98,41,9,23,-0.42442483569339234,18
1157,93,33,98,17,-0.42494814400300385,16
1158,88,19,2,10,-0.45627885372645144,9
1159,8,86,65,40,-0.46002164003734164,46
1160,51,20,28,10,-0.4659566265635974,10
1161,94,10,32,5,-0.48339556643762405,5
1162,18,12,88,6,-0.4864002858281218,6
1163,55,25,107,12,-0.49082237211228874,13
1164,98,13,46,7,-0.4949016763373632,6
1165,112,16,87,9,-0.49651339555062735,7
1166,2,32,54,17,-0.49725687334611246,15
1167,48,29,76,15,-0.49891855055664525,14
1168,73,13,91,8,-0.5133686150476453,5
1169,20,23,110,11,-0.5195268671329497,12
1170,86,18,90,8,-0.5309843322728077,10
1171,41,13,66,6,-0.534743534153634,7
1172,62,22,2,12,-0.5462872756743612,10
1173,37,18,10,10,-0.546815604170652,8
1174,111,17,89,8,-0.5563633904658417,9
1175,103,46,84,25,-0.5578798381977594,21
1176,8,71,28,36,-0.5663391538671094,35
1177,91,26,54,11,-0.5702688984859546,15
1178,8,50,70,24,-0.5792404511939312,26
1179,103,18,48,9,-0.5903706399248498,9
1180,101,20,98,9,-0.594870864776421,11
1181,23,33,79,18,-0.5991196107820883,15
1182,38,18,62,9,-0.6043816495722321,9
1183,29,22,55,10,-0.6081230859687882,12
1184,87,32,2,17,-0.6092720590189474,15
1185,44,18,91,10,-0.6160976329615482,8
1186,63,13,74,7,-0.623193843506212,6
1187,48,21,10,10,-0.63141463174424,11
1188,41,39,74,18,-0.6406425090111568,21
1189,30,10,32,5,-0.6490824873820863,5
1190,6,19,46,9,-0.6560730930479025,10
1191,29,20,103,10,-0.657814486383537,10
1192,48,15,88,6,-0.6584132572102235,9
1193,93,24,6,12,-0.6627629968980052,12
1194,86,23,91,12,-0.6661452371008979,11
1195,10,17,90,8,-0.6720080859782255,9
1196,16,12,44,5,-0.6740631728235359,7
1197,101,15,23,7,-0.6750621504160516,8
1198,74,15,62,9,-0.68411736271743,6
1199,65,12,51,6,-0.7082823610974577,6
1200,28,43,86,24,-0.7167553120703375,19
1201,32,24,87,11,-0.7236548346311588,13
1202,74,42,87,23,-0.7245745938864449,19
1203,74,17,50,9,-0.7251672527310536,8
1204,62,18,6,8,-0.7348526325115916,10
1205,23,23,107,12,-0.7397315330825462,11
1206,73,11,37,6,-0.7437455399697732,5
1207,104,10,90,4,-0.7461340238107393,6
1208,65,21,85,12,-0.7821322420670087,9
1209,48,24,87,12,-0.7841248719069762,12
1210,74,17,85,9,-0.809559849760586,8
1211,98,47,70,24,-0.8130313901104019,23
1212,48,34,9,16,-0.8138314912844782,18
1213,10,23,87,13,-0.8212452099335937,10
1214,70,26,54,13,-0.8260404525362534,13
1215,55,11,57,5,-0.8315236951519567,6
1216,91,21,29,10,-0.8357535316372875,11
1217,32,17,49,9,-0.8453605230907149,8
1218,38,18,91,10,-0.8605561818804551,8
1219,79,12,5,5,-0.8638337222987263,7
1220,18,12,29,5,-0.8741742779448153,7
1221,65,21,62,12,-0.8755953834255744,9
1222,84,46,103,22,-0.878799888562455,24
1223,8,62,84,32,-0.8831892237440275,30
1224,13,17,48,7,-0.8869219468499765,10
1225,29,26,6,13,-0.8939970404365927,13
1226,98,42,17,22,-0.8967649107571658,20
1227,93,30,20,17,-0.8968767950978309,13
1228,111,29,18,15,-0.9151185639276502,14
1229,9,11,60,5,-0.9156618531106767,6
1230,89,12,103,7,-0.9245541578032412,5
1231,16,16,51,9,-0.9254181289183405,7
1232,9,19,85,11,-0.9266510351352117,8
1233,30,11,48,6,-0.9383914724110473,5
1234,28,59,84,31,-0.9522114984932001,28
1235,107,23,93,12,-0.9535678875740112,11
1236,50,12,6,6,-0.9593349652988957,6
1237,15,11,10,5,-0.9620268464624157,6
1238,16,10,68,5,-0.9723777343104949,5
1239,68,16,111,9,-0.9831903657031018,7
1240,30,16,41,8,-0.9850557086878995,8
1241,91,23,20,11,-0.9903622576025464,12
1242,9,38,37,20,-0.9966802722078469,18
1243,73,26,65,13,-0.9992952333872263,13
1244,94,11,79,6,-0.9998691980070007,5
1245,41,33,70,17,-1.0073100144887743,16
1246,86,27,48,14,-1.0300347247258346,13
1247,76,28,9,14,-1.034161557811219,14
1248,103,10,75,5,-1.0351884603570845,5
1249,79,78,65,39,-1.0359217072746858,39
1250,86,46,79,24,-1.0425261635108967,22
1251,2,32,87,16,-1.0461530255566567,16
1252,91,13,17,7,-1.0470112494614043,6
1253,89,13,6,6,-1.048764081963461,7
1254,103,15,76,9,-1.0648910249315904,6
1255,35,10,48,5,-1.069537442846417,5
1256,73,20,103,10,-1.0728746625988095,10
1257,65,29,104,17,-1.074147154728686,12
1258,62,14,91,7,-1.0834634078291792,7
1259,28,16,73,7,-1.1026015831683802,9
1260,56,10,16,6,-1.1063673005412127,4
1261,62,20,88,10,-1.1096322170107613,10
1262,88,22,23,12,-1.1194514842315584,10
1263,107,25,54,13,-1.1450631376312903,12
1264,34,18,50,8,-1.1483521913828936,10
1265,41,80,65,38,-1.1627117143876546,42
1266,111,26,10,14,-1.1728080892005104,12
1267,1,10,103,4,-1.1782289624807345,6
1268,63,10,111,5,-1.1830016075807712,5
1269,84,31,107,16,-1.1883174819228028,15
1270,111,49,98,25,-1.197194144617747,24
1271,107,36,111,18,-1.197825708062549,18
1272,55,24,49,10,-1.2120144426699921,14
1273,107,31,84,16,-1.2210869288992976,15
1274,2,49,79,26,-1.2271248327335258,23
1275,96,11,79,5,-1.2340245916617498,6
1276,86,53,8,28,-1.2344403994491575,25
1277,91,28,107,14,-1.243507965011968,14
1278,98,27,48,14,-1.289684903590688,13
1279,107,18,10,10,-1.3026419982744992,8
1280,110,15,87,8,-1.3076573931351636,7
1281,34,19,9,10,-1.3172013871658854,9
1282,28,57,79,33,-1.3181733670591929,24
1283,57,13,98,6,-1.3243405021868555,7
1284,84,40,6,21,-1.334787824825943,19
1285,32,14,23,6,-1.3629901576062284,8
1286,59,16,41,9,-1.3704315284875377,7
1287,23,15,76,7,-1.3791825091008156,8
1288,8,13,44,8,-1.3823607495686774,5
1289,85,13,54,6,-1.3987454013140734,7
1290,15,18,54,9,-1.402367436616194,9
1291,111,31,88,17,-1.4213124620809834,14
1292,3,10,65,5,-1.4258252923515944,5
1293,65,80,41,44,-1.4259190406310238,36
1294,75,14,111,6,-1.4265352540751048,8
1295,28,24,62,14,-1.430081518616344,10
1296,112,11,109,6,-1.4303792106135098,5
1297,57,10,103,4,-1.4334929374709364,6
1298,104,10,51,5,-1.4372097568979332,5
1299,84,59,79,31,-1.457158648828311,28
1300,48,17,18,9,-1.46173002557463,8
1301,20,13,90,6,-1.4684862703100567,7
1302,89,16,98,8,-1.5011020579783834,8
1303,85,12,103,7,-1.505235765059642,5
1304,38,12,85,6,-1.5317416798467203,6
1305,6,18,62,11,-1.5340589440321633,7
1306,79,65,98,32,-1.542088006840911,33
1307,86,26,107,14,-1.5423744984021206,12
1308,41,12,106,6,-1.5589796315432078,6
1309,8,24,34,11,-1.5596726153138445,13
1310,16,18,50,9,-1.5602090710005825,9
1311,94,11,2,6,-1.5668479197841136,5
1312,28,71,8,37,-1.572332833051751,34
1313,29,16,16,9,-1.5836522711306946,7
1314,76,12,20,7,-1.5911388338678496,5
1315,79,16,57,9,-1.6225267683647044,7
1316,87,44,111,23,-1.6417891706507615,21
1317,10,50,79,29,-1.6576142605157744,21
1318,65,86,8,48,-1.662970973602167,38
1319,23,18,57,10,-1.6948872060166476,8
1320,28,37,30,20,-1.6951481350285025,17
1321,76,11,38,6,-1.6999072226365504,5
1322,45,10,76,5,-1.7263356630732798,5
1323,16,16,29,8,-1.7271978980205145,8
1324,70,19,9,9,-1.7325740605828874,10
1325,38,15,106,8,-1.7348192516378875,7
1326,103,29,16,15,-1.7358551004647156,14
1327,38,35,107,18,-1.7434138897292963,17
1328,28,10,14,6,-1.7716963626456927,4
1329,13,12,107,6,-1.776140157067621,6
1330,109,10,57,6,-1.7866317267766731,4
1331,41,10,94,5,-1.7939224836809735,5
1332,76,13,85,8,-1.8000085206097012,5
1333,65,61,87,33,-1.8061799650862664,28
1334,18,11,85,7,-1.8067340182792158,4
1335,10,26,111,13,-1.8148533802188944,13
1336,84,19,90,10,-1.8307456952070524,9
1337,79,12,35,7,-1.8379035956261862,5
1338,107,23,90,11,-1.8399920811097403,12
1339,98,19,73,10,-1.8513717297876133,9
1340,8,67,98,36,-1.8537292484745949,31
1341,112,16,54,9,-1.8715662937888333,7
1342,30,21,74,10,-1.8748715955653097,11
1343,49,27,84,14,-1.8786207304912834,13
1344,65,68,84,35,-1.8809383053706645,33
1345,88,18,91,10,-1.88786606053127,8
1346,103,14,70,8,-1.9027941936339918,6
1347,61,11,41,6,-1.9034780148497878,5
1348,111,42,84,24,-1.9043195084453177,18
1349,17,10,76,6,-1.9048948605365954,4
1350,16,35,48,18,-1.9177064489155928,17
1351,37,22,6,11,-1.9187411338779703,11
1352,73,22,87,11,-1.9187809773134357,11
1353,13,20,65,9,-1.9236367618157124,11
1354,6,24,76,12,-1.9379440444479508,12
1355,37,37,28,20,-1.9409348825611623,17
1356,13,10,87,6,-1.9417659717514852,4
1357,65,33,37,18,-1.9483360284193352,15
1358,65,29,17,15,-1.9693529400333196,14
1359,23,18,54,10,-1.9726565822582236,8
1360,29,11,49,7,-1.979211902956338,4
1361,37,13,103,7,-1.9837820518429903,6
1362,41,16,34,9,-1.984665451993842,7
1363,71,10,37,6,-1.9896037058196856,4
1364,9,30,10,15,-2.0135222581265255,15
1365,87,30,23,17,-2.0171902524743803,13
1366,74,17,90,9,-2.0301353599309766,8
1367,26,14,73,8,-2.0368384601286893,6
1368,98,52,38,28,-2.049865770355223,24
1369,26,30,9,17,-2.0528879968491363,13
1370,10,18,91,10,-2.0539203960339116,8
1371,84,19,32,11,-2.0621508690380304,8
1372,5,13,28,8,-2.0729432233264378,5
1373,104,16,9,9,-2.074620642084023,7
1374,90,17,74,9,-2.084849422931559,8
1375,73,14,55,7,-2.1000754331910434,7
1376,75,15,8,8,-2.1117093106129237,7
1377,50,26,54,15,-2.120731115430667,11
1378,1,11,84,6,-2.1264466771262818,5
1379,104,18,16,10,-2.1264699523202073,8
1380,46,19,6,11,-2.1320112599215366,8
1381,1,15,87,7,-2.13863269092095,8
1382,98,22,13,14,-2.1425027644706,8
1383,37,56,84,29,-2.145008221172732,27
1384,17,42,98,22,-2.156040262361809,20
1385,32,10,18,5,-2.1572241092213504,5
1386,15,11,9,6,-2.1575516880448595,5
1387,107,40,98,22,-2.1579093706359767,18
1388,74,49,28,27,-2.171938055946958,22
1389,28,19,44,12,-2.1816767204067156,7
1390,86,34,54,18,-2.187612017738008,16
1391,65,30,90,17,-2.2173212695918405,13
1392,54,15,73,8,-2.217586045542845,7
1393,58,11,8,5,-2.225895511877215,6
1394,55,30,84,16,-2.2432370502927106,14
1395,74,30,20,16,-2.2472520034177075,14
1396,20,15,17,7,-2.2513060993546468,8
1397,32,18,62,9,-2.2636867699003296,9
1398,17,29,65,16,-2.268456811981481,13
1399,65,51,55,31,-2.271813539076107,20
1400,9,70,84,40,-2.2802779939990914,30
1401,54,43,74,21,-2.3054773168053213,22
1402,103,37,23,19,-2.3239729626949774,18
1403,29,39,65,23,-2.3260339041967426,16
1404,6,21,112,11,-2.341862816288462,10
1405,16,14,63,7,-2.350075344901066,7
1406,111,69,8,39,-2.3517155925044597,30
1407,43,23,41,13,-2.365299496779167,10
1408,107,21,16,11,-2.3719183322672883,10
1409,35,18,76,11,-2.402343332528309,7
1410,57,16,79,8,-2.4270888358529503,8
1411,50,16,18,8,-2.435107533000619,8
1412,6,33,9,18,-2.442634272815348,15
1413,79,24,85,12,-2.4487159616702985,12
1414,38,40,41,21,-2.453560318141292,19
1415,93,13,16,7,-2.460583316835967,6
1416,9,44,103,21,-2.4769487250437607,23
1417,29,20,2,11,-2.477941203005174,9
1418,62,15,37,8,-2.478947668963919,7
1419,107,29,74,16,-2.4812045730116727,13
1420,62,17,16,9,-2.488474068439887,8
1421,55,21,48,12,-2.5104777887781684,9
1422,50,33,28,18,-2.5149431929516544,15
1423,98,50,16,28,-2.519721323050921,22
1424,29,19,50,11,-2.5251415163545503,8
1425,84,16,75,9,-2.5270480765411376,7
1426,54,52,98,26,-2.5290154991382803,26
1427,70,33,41,17,-2.5290882561404575,16
1428,34,11,23,5,-2.5306742696464295,6
1429,79,57,28,27,-2.5552017550351396,30
1430,88,12,50,6,-2.55945605085457,6
1431,109,25,2,15,-2.564163534371066,10
1432,107,25,55,15,-2.584454892774177,10
1433,65,36,76,21,-2.5854509487365775,15
1434,112,20,38,11,-2.587558109977975,9
1435,65,16,71,8,-2.5963866960665394,8
1436,74,54,98,28,-2.602808875128384,26
1437,8,27,73,16,-2.621089821226552,11
1438,50,11,70,5,-2.6267029004174307,6
1439,111,26,23,15,-2.6303992386646597,11
1440,107,13,30,8,-2.6326975250966638,5
1441,107,12,85,8,-2.6471438550645616,4
1442,30,25,111,13,-2.652873615194803,12
1443,65,39,107,23,-2.657495022575689,16
1444,8,14,15,7,-2.6593953269851665,7
1445,88,20,86,12,-2.6598697754609466,8
1446,98,49,111,27,-2.6617844500730894,22
1447,111,13,43,8,-2.669621436422116,5
1448,43,17,107,9,-2.6703875258201832,8
1449,88,75,65,41,-2.6771315464392775,34
1450,20,30,74,16,-2.6823420377495286,14
1451,90,39,79,23,-2.6906940404909045,16
1452,20,39,54,22,-2.7051443867414044,17
1453,28,29,90,16,-2.7096269258470884,13
1454,50,38,8,20,-2.71668433740919,18
1455,91,20,16,11,-2.721458273562552,9
1456,10,30,9,17,-2.7255115724135353,13
1457,30,14,26,5,-2.7295268644643036,9
1458,29,14,23,8,-2.7325720738957813,6
1459,28,21,34,12,-2.7346627104082093,9
1460,90,31,98,16,-2.7353689958599143,15
1461,79,49,2,26,-2.737321151823357,23
1462,28,30,29,16,-2.741726893835182,14
1463,79,50,10,24,-2.746120922049539,26
1464,87,66,8,37,-2.751858433815085,29
1465,10,11,88,6,-2.758720835436875,5
1466,86,33,98,19,-2.783908924775316,14
1467,8,12,14,7,-2.800814824677635,5
1468,34,17,29,8,-2.8011697136542653,9
1469,107,15,63,9,-2.8021473545431546,6
1470,65,55,38,30,-2.8065899103574563,25
1471,16,35,23,19,-2.8430887250810795,16
1472,16,36,54,19,-2.847205712046724,17
1473,18,29,111,16,-2.8594971088993884,13
1474,65,47,6,23,-2.865509863062411,24
1475,29,31,98,16,-2.8666453310461546,15
1476,13,11,55,6,-2.8675322125133507,5
1477,28,15,46,8,-2.8691534505866363,7
1478,111,30,90,17,-2.890544713054332,13
1479,86,20,50,12,-2.9078735206797086,8
1480,20,23,91,13,-2.9131035181283305,10
1481,87,10,68,5,-2.918596255497213,5
1482,41,36,29,19,-2.9244119186735795,17
1483,76,15,23,9,-2.9404074687313466,6
1484,89,16,26,8,-3.001544109167066,8
1485,16,57,79,32,-3.014693104894056,25
1486,16,18,38,9,-3.0174584469144006,9
1487,54,58,8,31,-3.0346389332169545,27
1488,28,52,111,29,-3.0373034434579136,23
1489,44,14,9,6,-3.041897922279978,8
1490,10,18,107,9,-3.0501937161720885,9
1491,79,56,41,30,-3.107212943723593,26
1492,17,15,20,9,-3.1232806552580397,6
1493,88,29,79,18,-3.1248766251928926,11
1494,98,10,106,6,-3.1299996913347954,4
1495,6,14,34,8,-3.133573413702534,6
1496,104,14,107,8,-3.134849257552008,6
1497,38,36,79,20,-3.1386740959807873,16
1498,90,10,1,5,-3.1488203588125634,5
1499,84,36,50,19,-3.163144811047995,17
1500,37,13,91,7,-3.1893915884876454,6
1501,41,17,88,9,-3.1907658333962923,8
1502,86,19,23,10,-3.2169168727971034,9
1503,26,37,79,21,-3.222410339322389,16
1504,85,11,49,6,-3.234049059231718,5
1505,87,15,1,9,-3.2359540636917368,6
1506,18,15,76,9,-3.237191989649945,6
1507,6,24,93,13,-3.2407027788328717,11
1508,54,21,49,10,-3.2515113788114705,11
1509,98,11,59,6,-3.2664563544762375,5
1510,85,18,8,9,-3.274345405108024,9
1511,85,17,74,9,-3.280838878179328,8
1512,46,11,10,6,-3.290581679590814,5
1513,76,12,104,6,-3.296017349449059,6
1514,74,27,26,15,-3.318872656585855,12
1515,84,21,91,12,-3.3334541794660995,9
1516,8,26,29,14,-3.355791507675689,12
1517,23,20,91,11,-3.361881304895745,9
1518,85,14,2,7,-3.3798876085075142,7
1519,13,13,76,7,-3.383197454645705,6
1520,91,14,57,9,-3.3879171437646898,5
1521,28,32,32,18,-3.393781274624459,14
1522,87,23,62,13,-3.3975423521512766,10
1523,6,12,57,8,-3.4000169565132445,4
1524,93,14,86,8,-3.4204184268194164,6
1525,91,10,5,4,-3.4255398118724543,6
1526,84,22,73,14,-3.4447873488323726,8
1527,6,12,50,7,-3.455131926902719,5
1528,76,21,111,10,-3.4688639491076154,11
1529,107,28,91,16,-3.470162400396322,12
1530,55,14,1,8,-3.472860068937087,6
1531,55,10,51,6,-3.478851515612335,4
1532,91,38,79,20,-3.4922631180595523,18
1533,41,49,16,26,-3.501070366837179,23
1534,94,13,65,7,-3.5056909876146594,6
1535,26,33,111,19,-3.5276889460712026,14
1536,55,35,79,18,-3.559481738507642,17
1537,38,25,50,14,-3.5687465201033155,11
1538,23,15,101,9,-3.591604516250615,6
1539,79,31,54,17,-3.598774057688572,14
1540,18,12,10,8,-3.6042571144804323,4
1541,41,12,75,7,-3.6074462973145796,5
1542,48,21,54,10,-3.616041819529222,11
1543,10,40,2,23,-3.6379676405873065,17
1544,73,22,20,12,-3.652177447468763,10
1545,65,17,57,11,-3.662004607965262,6
1546,65,12,106,7,-3.663753693390405,5
1547,89,14,48,8,-3.663870491648269,6
1548,84,19,30,10,-3.6645394021317808,9
1549,28,20,51,11,-3.701563417122159,9
1550,10,14,32,9,-3.7090564967402346,5
1551,28,67,65,38,-3.7107839732901247,29
1552,87,10,60,5,-3.7162194902768513,5
1553,38,22,84,13,-3.7215580721113835,9
1554,37,24,87,12,-3.7376369474443716,12
1555,10,34,65,19,-3.7403807843221344,15
1556,88,31,55,19,-3.7522592797042997,12
1557,18,12,57,8,-3.752545373450189,4
1558,28,47,55,28,-3.7714851181849904,19
1559,73,15,79,8,-3.7804037585321253,7
1560,110,11,26,5,-3.781495457699161,6
1561,103,12,110,7,-3.7849274590311146,5
1562,49,21,54,13,-3.7888260480165687,8
1563,37,56,79,33,-3.799347181152444,23
1564,18,15,93,8,-3.800055574547406,7
1565,107,42,87,25,-3.811338483016086,17
1566,98,16,43,9,-3.81237055891473,7
1567,49,16,79,10,-3.8231693458837075,6
1568,20,14,37,8,-3.824098686874733,6
1569,91,14,32,7,-3.8253106560348433,7
1570,29,21,91,12,-3.8408205117269745,9
1571,18,18,41,11,-3.843661029321533,7
1572,49,14,38,7,-3.855128614080587,7
1573,86,20,51,11,-3.863362217006626,9
1574,17,11,55,6,-3.884041039360635,5
1575,84,47,98,26,-3.8908337456526523,21
1576,2,61,28,34,-3.897126831060739,27
1577,2,26,91,15,-3.8971597312680064,11
1578,54,16,94,8,-3.8978006398785654,8
1579,9,30,26,15,-3.917115924375873,15
1580,74,22,43,13,-3.9345782455697655,9
1581,112,10,91,5,-3.9467548682802898,5
1582,73,22,6,11,-3.9476996189213893,11
1583,111,12,13,7,-3.9528063724151234,5
1584,8,40,6,23,-3.9569277693347025,17
1585,8,40,91,21,-3.9619458521379896,19
1586,20,20,112,10,-3.9655619093439776,10
1587,9,43,87,24,-3.9730968179035395,19
1588,74,29,16,17,-3.9743417346866288,12
1589,20,49,87,27,-3.9777946564107323,22
1590,26,14,55,8,-3.9805474058369086,6
1591,10,59,8,32,-3.9968801116145545,27
1592,74,30,2,16,-4.002224854294571,14
1593,79,33,23,17,-4.005580416521509,16
1594,103,50,79,29,-4.028559233170848,21
1595,88,11,10,6,-4.031418867789046,5
1596,2,19,26,10,-4.0418718843206785,9
1597,85,16,98,8,-4.042048861968952,8
1598,98,23,109,13,-4.043112033025349,10
1599,10,32,16,18,-4.051397029804461,14
1600,87,30,16,17,-4.057897699416059,13
1601,18,54,28,30,-4.082500408662302,24
1602,9,36,2,19,-4.083891693569191,17
1603,50,12,17,7,-4.085550670907594,5
1604,98,39,37,22,-4.1167759789071035,17
1605,107,21,49,11,-4.1198414585006295,10
1606,37,31,48,17,-4.130093858870544,14
1607,48,45,8,25,-4.13781228785219,20
1608,10,16,103,9,-4.145748166667439,7
1609,2,15,37,8,-4.147220527730263,7
1610,18,12,20,7,-4.147587922475693,5
1611,91,23,65,11,-4.15010120900015,12
1612,48,15,63,8,-4.152796736858186,7
1613,2,61,98,34,-4.158496116358835,27
1614,32,16,2,9,-4.1690776359664925,7
1615,30,25,79,13,-4.173850580469615,12
1616,9,26,62,15,-4.2000680987118795,11
1617,37,37,16,23,-4.211147077007785,14
1618,91,14,109,7,-4.213752581267598,7
1619,8,12,63,7,-4.221883097493621,5
1620,90,18,86,11,-4.223509495637678,7
1621,6,24,23,13,-4.230313442640464,11
1622,79,47,6,27,-4.237391580830745,20
1623,8,11,97,7,-4.238412616249602,4
1624,49,13,18,7,-4.243576516469458,6
1625,98,39,6,23,-4.250381101594535,16
1626,46,24,74,12,-4.250765743447535,12
1627,55,44,111,24,-4.253083069824158,20
1628,103,35,107,20,-4.274205878998454,15
1629,48,15,85,9,-4.3053632687921874,6
1630,41,39,26,18,-4.308213459712551,21
1631,1,20,41,13,-4.310885836842605,7
1632,90,13,20,8,-4.319530234657453,5
1633,26,27,74,15,-4.321080857814055,12
1634,3,17,54,9,-4.336905078418535,8
1635,84,35,54,21,-4.339079782197693,14
1636,34,14,6,7,-4.355179716170928,7
1637,44,13,79,7,-4.356415433762267,6
1638,2,11,57,7,-4.360321050424324,4
1639,94,11,87,6,-4.3750154371421806,5
1640,1,10,90,6,-4.3756010976452,4
1641,89,13,54,8,-4.375934710162816,5
1642,41,36,50,20,-4.391684068139686,16
1643,20,19,43,10,-4.407702920435086,9
1644,103,20,73,11,-4.408542656876497,9
1645,13,10,90,5,-4.435057658973371,5
1646,2,18,90,10,-4.440452857575476,8
1647,58,16,98,8,-4.454073647186222,8
1648,110,23,20,13,-4.463579786935514,10
1649,15,25,111,15,-4.472513123100849,10
1650,29,21,111,10,-4.484029622528667,11
1651,16,31,55,18,-4.485374733499428,13
1652,93,21,29,12,-4.498959392246702,9
1653,62,11,29,6,-4.502398822563132,5
1654,23,40,41,23,-4.507259861409944,17
1655,93,29,111,15,-4.510765206652462,14
1656,85,11,18,5,-4.514791288537015,6
1657,74,15,32,9,-4.51940474758212,6
1658,109,26,65,13,-4.522732343847652,13
1659,87,11,75,7,-4.529872180323236,4
1660,23,24,74,13,-4.530539923458647,11
1661,51,10,2,5,-4.541060117126742,5
1662,98,43,20,25,-4.552220105497901,18
1663,57,15,87,8,-4.552409972912951,7
1664,89,20,9,13,-4.555028073124961,7
1665,37,13,46,7,-4.568700097838745,6
1666,8,60,74,34,-4.573820893582633,26
1667,86,49,84,27,-4.577240119007236,22
1668,49,19,28,12,-4.587943557807989,7
1669,16,60,28,34,-4.590998298731022,26
1670,15,10,86,5,-4.603054673648835,5
1671,54,27,87,15,-4.613822779482279,12
1672,28,57,98,31,-4.629040500674741,26
1673,9,49,111,26,-4.631532876714528,23
1674,20,46,8,27,-4.653888959171138,19
1675,2,20,29,11,-4.659724574406303,9
1676,9,76,79,43,-4.699969329384484,33
1677,29,35,87,20,-4.710088352572669,15
1678,93,19,109,11,-4.710552248323457,8
1679,9,30,90,17,-4.717832744642905,13
1680,18,22,107,12,-4.739510447833848,10
1681,106,13,8,7,-4.770713481148754,6
1682,65,41,23,23,-4.770740161452318,18
1683,28,37,23,21,-4.773448036217733,16
1684,2,61,8,33,-4.776225618469153,28
1685,9,104,65,59,-4.782143267111338,45
1686,104,10,111,6,-4.78538385386757,4
1687,20,12,13,8,-4.788358918637377,4
1688,103,33,50,19,-4.78996402404816,14
1689,30,11,17,6,-4.793161472453949,5
1690,18,11,86,6,-4.795064637153177,5
1691,88,22,87,14,-4.796769422048845,8
1692,111,60,79,36,-4.845673626000183,24
1693,98,25,30,16,-4.8490813722869355,9
1694,28,32,48,20,-4.893205881994369,12
1695,20,30,93,15,-4.900735470483159,15
1696,5,11,65,6,-4.901615377921411,5
1697,70,23,28,12,-4.906318270343948,11
1698,9,26,13,16,-4.907067222072782,10
1699,34,14,87,8,-4.9103764474731255,6
1700,76,38,86,20,-4.916002898441159,18
1701,103,11,46,6,-4.93491443987304,5
1702,20,37,111,20,-4.947955914179008,17
1703,111,36,107,21,-4.951406357885075,15
1704,59,10,10,5,-4.967497448599425,5
1705,86,20,41,11,-4.968122887256161,9
1706,20,10,89,6,-4.976403038151203,4
1707,8,22,104,14,-4.9812589465702874,8
1708,84,18,51,11,-4.9996337856718025,7
1709,54,17,62,10,-5.00163311569191,7
1710,32,20,55,12,-5.010948173246778,8
1711,84,15,89,10,-5.015269353437401,5
1712,1,17,16,9,-5.031673674933398,8
1713,43,13,111,7,-5.032790373684628,6
1714,54,57,65,31,-5.034371936668328,26
1715,73,20,16,11,-5.070658783374493,9
1716,41,16,59,9,-5.075333393683096,7
1717,93,17,88,8,-5.077237249885121,9
1718,49,17,32,9,-5.0842321804698765,8
1719,48,30,65,17,-5.09134442515335,13
1720,18,21,103,12,-5.117263308095353,9
1721,89,29,41,17,-5.128070897369616,12
1722,17,12,54,7,-5.132650672697671,5
1723,32,12,20,7,-5.135866792699634,5
1724,87,26,103,15,-5.138443373092134,11
1725,52,10,98,5,-5.141825899051739,5
1726,57,15,16,8,-5.174682414292547,7
1727,84,39,23,22,-5.174802875601991,17
1728,57,10,111,6,-5.186942618450885,4
1729,86,36,9,20,-5.188225565384638,16
1730,88,24,107,13,-5.199282803734947,11
1731,8,22,30,14,-5.213064512809201,8
1732,9,30,55,19,-5.23448912727696,11
1733,111,10,1,5,-5.2389835373250895,5
1734,89,12,50,7,-5.253704218444127,5
1735,85,15,63,8,-5.266282773446657,7
1736,2,33,50,20,-5.273652216296244,13
1737,103,30,17,18,-5.294404276815365,12
1738,48,13,17,7,-5.3071829791256695,6
1739,16,20,90,11,-5.309705496674622,9
1740,79,36,50,20,-5.311051747194992,16
1741,8,23,90,14,-5.338168133162716,9
1742,84,21,29,12,-5.340667565501356,9
1743,6,13,89,8,-5.3628052160146265,5
1744,41,66,8,36,-5.383353261881383,30
1745,93,27,79,14,-5.386194944927638,13
1746,41,35,73,20,-5.413974250069209,15
1747,41,35,84,22,-5.419690425686763,13
1748,38,26,20,15,-5.42296232860249,11
1749,8,17,51,10,-5.424319246056668,7
1750,9,32,50,19,-5.426721633588277,13
1751,23,16,109,10,-5.438260955948293,6
1752,76,39,84,20,-5.438513858870128,19
1753,34,24,84,15,-5.445446673083851,9
1754,87,27,49,14,-5.45179203076274,13
1755,37,14,55,8,-5.456618910920279,6
1756,38,25,30,13,-5.459363326096931,12
1757,9,10,14,7,-5.463439437022663,3
1758,38,33,54,20,-5.464199343195873,13
1759,87,20,90,13,-5.46489906820685,7
1760,49,13,93,7,-5.465162375246018,6
1761,15,15,65,8,-5.468158414216743,7
1762,87,10,89,6,-5.494352199749724,4
1763,73,21,74,12,-5.496437468937686,9
1764,85,12,107,5,-5.501246863309677,7
1765,107,75,8,43,-5.502573365722739,32
1766,34,16,107,9,-5.514558906998727,7
1767,75,12,41,6,-5.528249235144268,6
1768,28,33,20,21,-5.5355996241516525,12
1769,2,10,46,6,-5.5419061164561345,4
1770,97,11,28,5,-5.54697078214519,6
1771,98,31,87,19,-5.56520850280109,12
1772,48,14,49,7,-5.57204481361561,7
1773,55,24,103,14,-5.588813975862997,10
1774,28,44,87,26,-5.606058738924237,18
1775,48,33,6,19,-5.618170706899615,14
1776,57,11,86,6,-5.628641785626694,5
1777,29,22,26,14,-5.630548836449715,8
1778,20,25,6,13,-5.631661671252285,12
1779,48,16,2,8,-5.635246627200354,8
1780,9,45,41,28,-5.643905739728351,17
1781,6,26,103,16,-5.659939287843902,10
1782,91,29,111,16,-5.664784285354981,13
1783,91,16,63,9,-5.669548453730627,7
1784,9,13,43,7,-5.6825351087636395,6
1785,84,21,57,13,-5.683170829447634,8
1786,51,11,18,6,-5.697627847770078,5
1787,65,23,89,13,-5.729458742490654,10
1788,55,14,26,8,-5.738748859328652,6
1789,37,20,90,12,-5.74259061703688,8
1790,9,29,38,16,-5.756435186772359,13
1791,9,92,8,53,-5.765432730107332,39
1792,79,14,51,8,-5.772506691008205,6
1793,50,27,55,17,-5.7792084950418126,10
1794,54,18,32,11,-5.782610489553487,7
1795,73,14,26,7,-5.793757710550322,7
1796,94,12,8,7,-5.79404543544707,5
1797,8,37,37,21,-5.826102721509759,16
1798,44,10,2,6,-5.829723764491519,4
1799,10,31,98,18,-5.831587893507185,13
1800,104,20,79,13,-5.847480626339061,7
1801,48,10,107,6,-5.863597775104665,4
1802,65,70,93,41,-5.867706025046359,29
1803,16,17,17,10,-5.868342075872027,7
1804,62,34,8,20,-5.890484986080946,14
1805,9,45,74,27,-5.903246001506488,18
1806,2,32,84,19,-5.927588372496059,13
1807,112,20,20,12,-5.928531130259162,8
1808,30,21,91,11,-5.9422253465580255,10
1809,91,28,87,17,-5.954439761122967,11
1810,48,16,90,9,-5.955034351542386,7
1811,49,23,8,13,-5.962799116224747,10
1812,12,10,74,5,-5.981921062008417,5
1813,79,73,8,40,-5.982064283799234,33
1814,23,18,2,10,-5.985551573396108,8
1815,77,10,49,5,-6.002993751357136,5
1816,91,18,38,10,-6.003578716041364,8
1817,8,10,12,6,-6.006520627559245,4
1818,2,11,94,6,-6.010461250553627,5
1819,91,48,98,26,-6.010481139866049,22
1820,6,20,88,12,-6.015748480748671,8
1821,98,27,26,14,-6.028495429489335,13
1822,28,23,13,15,-6.0333589421749965,8
1823,8,72,55,44,-6.055158512520881,28
1824,98,13,63,7,-6.056134732306879,6
1825,2,27,107,16,-6.062909258737931,11
1826,89,25,79,16,-6.066359313406782,9
1827,74,38,111,22,-6.07963192527118,16
1828,76,34,16,19,-6.088457653696345,15
1829,48,13,50,7,-6.091992406670462,6
1830,6,17,49,10,-6.097985660912413,7
1831,56,11,111,7,-6.133528731729066,4
1832,66,11,2,7,-6.205381429919992,4
1833,28,36,91,22,-6.212240310086351,14
1834,34,14,16,8,-6.2295567684996,6
1835,41,35,2,22,-6.231438093089561,13
1836,9,12,75,8,-6.239095019020705,4
1837,9,34,73,20,-6.26373423011622,14
1838,76,25,87,15,-6.268639154144934,10
1839,16,25,32,15,-6.270434527094817,10
1840,50,23,111,14,-6.2704577459608215,9
1841,44,15,111,9,-6.282001615200398,6
1842,54,16,90,9,-6.290244829620483,7
1843,16,62,8,38,-6.324271270247479,24
1844,111,30,2,18,-6.3285907665919945,12
1845,6,26,29,15,-6.336301719273395,11
1846,73,18,86,11,-6.340120760849843,7
1847,28,10,31,6,-6.368565836830035,4
1848,88,22,103,14,-6.368772240906126,8
1849,37,22,30,14,-6.384018768768751,8
1850,28,28,10,18,-6.393353899415193,10
1851,54,37,28,22,-6.41158418063417,15
1852,74,36,79,23,-6.418996516558227,13
1853,28,14,12,9,-6.429365216940008,5
1854,62,10,90,6,-6.441503246890596,4
1855,88,16,20,10,-6.450213485704794,6
1856,48,11,23,6,-6.485113687277618,5
1857,84,10,104,6,-6.485610957245292,4
1858,8,35,32,20,-6.49474128076034,15
1859,28,34,103,20,-6.496510604338202,14
1860,18,25,87,16,-6.50092107817753,9
1861,62,13,17,8,-6.511092288379042,5
1862,88,26,74,17,-6.51515117164633,9
1863,70,14,103,7,-6.530155528635714,7
1864,57,18,23,10,-6.535348935160996,8
1865,84,18,14,13,-6.539625119207458,5
1866,16,14,30,9,-6.557206782808548,5
1867,66,12,84,7,-6.578044154096634,5
1868,79,22,17,13,-6.594638264229068,9
1869,18,48,8,29,-6.594687381789503,19
1870,18,21,16,13,-6.6099594156094685,8
1871,55,18,74,10,-6.615183527938437,8
1872,85,14,86,7,-6.640232602185861,7
1873,76,41,79,26,-6.641927270209361,15
1874,49,15,17,9,-6.655321673670171,6
1875,34,23,98,15,-6.6646586704925195,8
1876,49,16,74,9,-6.6690338705922905,7
1877,9,24,18,14,-6.6693794387353345,10
1878,9,23,32,14,-6.676114746540041,9
1879,2,14,15,8,-6.681223250458031,6
1880,57,16,88,9,-6.6984703888039245,7
1881,62,18,79,10,-6.70668334197217,8
1882,87,20,70,12,-6.713457115274705,8
1883,74,11,89,6,-6.714017548400379,5
1884,34,19,2,11,-6.72965807263423,8
1885,9,25,17,15,-6.735083403706081,10
1886,32,24,65,14,-6.740147619373073,10
1887,41,42,111,24,-6.742879314894573,18
1888,54,17,46,11,-6.756375555864044,6
1889,20,25,2,14,-6.800156386602421,11
1890,41,35,91,22,-6.801656465480554,13
1891,56,12,8,8,-6.804028818213684,4
1892,91,26,6,15,-6.823132237906983,11
1893,70,16,30,10,-6.824605553405188,6
1894,28,38,38,22,-6.868784197702509,16
1895,63,10,88,6,-6.873409142660487,4
1896,16,11,15,7,-6.875773988595895,4
1897,74,12,57,8,-6.917604242425745,4
1898,17,14,90,8,-6.930186835428706,6
1899,79,19,29,11,-6.95160824378619,8
1900,68,10,73,6,-6.953949871021737,4
1901,91,11,48,7,-6.984838790483244,4
1902,101,11,79,6,-6.990861425930868,5
1903,6,19,90,11,-7.003490622158197,8
1904,6,10,51,7,-7.003530037614209,3
1905,6,20,111,12,-7.018385668922464,8
1906,9,40,23,24,-7.0230661313434455,16
1907,79,19,59,11,-7.0352036880537785,8
1908,34,12,55,8,-7.041774709364915,4
1909,9,29,109,17,-7.05648741775532,12
1910,86,21,30,16,-7.0935474078618865,5
1911,89,16,16,10,-7.102664218068732,6
1912,20,14,86,8,-7.1180948372244535,6
1913,86,28,74,17,-7.1305410605737976,11
1914,103,20,29,12,-7.147753101442866,8
1915,32,16,103,10,-7.165401001930764,6
1916,6,38,54,26,-7.169885763488394,12
1917,50,15,91,10,-7.173346443278113,5
1918,6,11,5,7,-7.175117705775805,4
1919,98,40,23,25,-7.180366591070178,15
1920,20,17,94,11,-7.2006491767087315,6
1921,34,13,111,7,-7.201437198359542,6
1922,75,15,79,10,-7.204105470147302,5
1923,29,19,54,13,-7.208882798727994,6
1924,6,29,55,20,-7.216182147698296,9
1925,76,19,10,11,-7.223608714939953,8
1926,49,13,30,8,-7.2285821938864965,5
1927,103,49,98,31,-7.248745608369259,18
1928,88,24,84,15,-7.256956915758408,9
1929,38,14,88,8,-7.257573306252318,6
1930,93,46,8,29,-7.259434595610272,17
1931,112,12,28,7,-7.260189333899199,5
1932,9,46,54,28,-7.266385848091391,18
1933,86,19,10,12,-7.266452513785874,7
1934,73,10,30,6,-7.275241295919059,4
1935,70,15,23,9,-7.277989111704881,6
1936,68,24,8,14,-7.280502110476539,10
1937,94,16,9,9,-7.284482029205985,7
1938,41,44,87,25,-7.307077046689722,19
1939,10,21,54,13,-7.316914939103644,8
1940,10,23,89,14,-7.332600528276464,9
1941,103,16,10,9,-7.34175922383016,7
1942,87,22,38,14,-7.344861542182534,8
1943,65,14,43,8,-7.347774243596503,6
1944,84,28,20,18,-7.362780437625795,10
1945,111,10,63,6,-7.375087282658105,4
1946,8,12,94,7,-7.380839863701188,5
1947,65,80,20,50,-7.401837775451881,30
1948,5,15,98,9,-7.403088174401654,6
1949,38,14,32,9,-7.40322551749003,5
1950,49,13,41,9,-7.40613906742907,4
1951,54,31,93,21,-7.41233780432315,10
1952,54,29,88,17,-7.418874182686381,12
1953,68,14,98,10,-7.427653338623117,4
1954,50,31,87,19,-7.429484842498567,12
1955,76,17,55,10,-7.436338470025706,7
1956,9,68,16,44,-7.4621011061615246,24
1957,8,16,1,9,-7.473060523777067,7
1958,48,41,84,24,-7.473943913102841,17
1959,28,39,93,23,-7.481287937001295,16
1960,9,34,107,19,-7.482440310595418,15
1961,79,23,18,13,-7.489902589142588,10
1962,38,24,2,13,-7.498014725943604,11
1963,54,28,103,16,-7.519450232339541,12
1964,107,20,29,13,-7.525530619454991,7
1965,70,17,79,9,-7.5316286806742845,8
1966,79,44,87,26,-7.536002835414299,18
1967,112,21,6,12,-7.552230223314683,9
1968,76,22,54,12,-7.5913296991413866,10
1969,86,26,111,15,-7.599516330003595,11
1970,74,20,10,13,-7.659112863437722,7
1971,10,12,104,7,-7.685162882867629,5
1972,65,69,111,40,-7.692935034996464,29
1973,76,40,88,23,-7.693645081601592,17
1974,28,44,107,25,-7.7003074769075885,19
1975,59,11,23,7,-7.703199044299864,4
1976,85,14,111,9,-7.7293785704579765,5
1977,74,19,17,11,-7.746897696537682,8
1978,28,37,6,23,-7.752310827460261,14
1979,109,13,29,8,-7.764821554426809,5
1980,2,11,58,7,-7.801381373372687,4
1981,11,10,28,6,-7.813271079515405,4
1982,37,32,76,21,-7.820497576953575,11
1983,50,35,98,20,-7.8317315937248715,15
1984,38,36,8,23,-7.848513446954382,13
1985,13,14,49,8,-7.890029815709078,6
1986,88,36,16,24,-7.895427898542639,12
1987,65,51,74,32,-7.92429740533917,19
1988,37,25,54,17,-7.943083932672221,8
1989,68,17,65,10,-7.944869327403057,7
1990,29,13,10,8,-7.9538773066866035,5
1991,18,26,98,16,-7.97184494616587,10
1992,37,12,109,7,-7.972273664149992,5
1993,86,14,32,8,-7.97358717546261,6
1994,2,47,16,29,-7.981559053660557,18
1995,8,40,23,25,-7.983032320771592,15
1996,34,16,41,9,-7.985588983079851,7
1997,46,12,29,8,-7.9900680110629,4
1998,9,23,49,15,-7.9925191639655395,8
1999,41,15,90,9,-7.997737246515692,6
2000,86,11,1,7,-8.004187715591295,4
2001,111,34,16,19,-8.046487125961015,15
2002,74,11,13,7,-8.04867506694036,4
2003,13,12,6,7,-8.074590184679874,5
2004,10,15,30,10,-8.08039942607508,5
2005,86,19,38,13,-8.082390856875639,6
2006,84,59,16,36,-8.110816647171312,23
2007,9,14,19,8,-8.117304295019103,6
2008,43,23,8,14,-8.144232099403988,9
2009,106,18,79,10,-8.14725786066595,8
2010,20,16,16,9,-8.147746017528718,7
2011,86,65,16,41,-8.160600875802444,24
2012,41,52,28,30,-8.171373901216128,22
2013,88,22,37,14,-8.183683667321686,8
2014,20,34,55,20,-8.188491546924638,14
2015,98,29,49,17,-8.192506354783728,12
2016,8,19,13,12,-8.198779355292587,7
2017,86,32,87,20,-8.21679836473407,12
2018,94,13,28,8,-8.222371266039172,5
2019,16,10,26,6,-8.231874067384084,4
2020,17,14,111,8,-8.239799794462417,6
2021,17,12,87,7,-8.243209253291534,5
2022,9,33,20,22,-8.272596506781891,11
2023,70,24,16,16,-8.27289393797196,8
2024,58,12,65,6,-8.279172093518053,6
2025,41,18,76,11,-8.2849711876969,7
2026,59,17,9,11,-8.305936798720651,6
2027,109,33,8,20,-8.311226620633253,13
2028,50,26,107,17,-8.311520729916491,9
2029,28,14,75,8,-8.32799683315453,6
2030,103,45,41,31,-8.332714422601013,14
2031,35,10,8,6,-8.33580666741078,4
2032,9,36,91,22,-8.337030454552687,14
2033,107,12,13,8,-8.34538143971718,4
2034,79,21,34,12,-8.345415270403375,9
2035,63,20,84,12,-8.347628578121029,8
2036,41,14,48,9,-8.381561565116135,5
2037,65,14,1,9,-8.385347213000841,5
2038,93,23,23,13,-8.387201678617924,10
2039,23,19,90,12,-8.394839451243373,7
2040,89,11,90,7,-8.39679691457017,4
2041,76,19,107,12,-8.417024283490269,7
2042,87,17,43,11,-8.41719039009833,6
2043,10,21,73,14,-8.419335562342066,7
2044,20,52,41,34,-8.422070633311236,18
2045,1,21,98,14,-8.436557583367698,7
2046,85,26,84,14,-8.437491114567164,12
2047,88,26,9,16,-8.45468034129533,10
2048,84,31,93,20,-8.46536333401638,11
2049,109,10,89,6,-8.517312082575357,4
2050,103,24,26,14,-8.523036763842917,10
2051,62,18,41,11,-8.537234992782363,7
2052,10,18,93,12,-8.56386374848909,6
2053,86,40,37,24,-8.603825624585157,16
2054,75,11,93,6,-8.619979258081052,5
2055,103,12,13,7,-8.636840481158112,5
2056,109,18,34,11,-8.662734980033568,7
2057,20,15,34,10,-8.686931056567454,5
2058,37,23,23,15,-8.700238300329012,8
2059,91,25,103,13,-8.771979208636077,12
2060,50,13,10,8,-8.778099244971948,5
2061,91,26,2,15,-8.783750173530162,11
2062,9,24,29,14,-8.78680407934639,10
2063,85,11,10,6,-8.81027661814343,5
2064,13,12,103,7,-8.842888031531043,5
2065,79,26,32,17,-8.85913718793159,9
2066,94,17,98,11,-8.877059957058036,6
2067,76,49,8,31,-8.921707122679692,18
2068,62,13,104,9,-8.924566951625799,4
2069,110,20,107,12,-8.933567921834618,8
2070,54,19,30,12,-8.941378731198723,7
2071,109,11,86,6,-8.956500368087859,5
2072,65,40,2,27,-8.96445994810743,13
2073,84,17,17,11,-8.96660578083433,6
2074,107,17,43,11,-8.97149730664326,6
2075,8,27,17,17,-8.984203308848393,10
2076,20,10,46,5,-8.988887305938205,5
2077,76,35,74,23,-9.021109435296271,12
2078,65,57,16,35,-9.041777655106582,22
2079,79,20,13,14,-9.059472969441472,6
2080,109,13,106,8,-9.062668099795836,5
2081,46,10,20,7,-9.07799592694241,3
2082,28,33,76,21,-9.095469658050357,12
2083,32,12,26,7,-9.097694016198698,5
2084,57,11,2,6,-9.107338089684548,5
2085,30,14,23,8,-9.118564512919743,6
2086,91,35,74,22,-9.120669894046728,13
2087,65,58,98,37,-9.126651402593728,21
2088,48,30,79,18,-9.17936645475706,12
2089,87,20,30,13,-9.180499280009723,7
2090,6,18,30,13,-9.214935490589037,5
2091,65,45,63,28,-9.257158809469662,17
2092,50,14,43,9,-9.274747817248809,5
2093,23,17,50,10,-9.30009053265053,7
2094,32,29,111,17,-9.306159625162504,12
2095,55,15,23,9,-9.335240638495888,6
2096,29,22,74,13,-9.341715830488063,9
2097,86,17,49,9,-9.343172433673242,8
2098,87,11,104,8,-9.348380844680923,3
2099,8,16,46,10,-9.372412655150548,6
2100,73,17,50,10,-9.374278992438523,7
2101,8,14,59,9,-9.376826871718675,5
2102,76,20,91,13,-9.390956065597495,7
2103,9,19,34,12,-9.42021236115155,7
2104,55,10,70,6,-9.436952114481349,4
2105,44,17,65,10,-9.4437024578389,7
2106,34,24,8,16,-9.455603000494802,8
2107,109,24,20,17,-9.467777006169475,7
2108,19,11,103,7,-9.481054864710428,4
2109,58,11,6,7,-9.48949645741495,4
2110,28,16,43,11,-9.500596764145223,5
2111,76,23,15,15,-9.503739473265115,8
2112,88,14,32,10,-9.505084521049726,4
2113,8,45,26,27,-9.507536225083523,18
2114,17,13,91,8,-9.524679603281811,5
2115,65,21,60,13,-9.571951123571157,8
2116,89,22,23,14,-9.57687547449059,8
2117,68,18,20,11,-9.579258034610852,7
2118,107,28,79,19,-9.628503445575703,9
2119,62,26,98,16,-9.641858129313674,10
2120,54,23,55,16,-9.64818102580083,7
2121,85,11,88,7,-9.656301948727865,4
2122,38,32,29,21,-9.68129980112226,11
2123,54,42,111,27,-9.68998535179476,15
2124,71,11,84,7,-9.719967933053262,4
2125,2,17,70,12,-9.72121584945483,5
2126,48,10,34,6,-9.747358685821398,4
2127,103,36,111,23,-9.751404731703081,13
2128,85,19,28,12,-9.754813285313764,7
2129,103,42,8,29,-9.75520368768584,13
2130,51,16,87,10,-9.759393907782314,6
2131,9,66,28,41,-9.81976159722601,25
2132,64,10,28,6,-9.858359509289873,4
2133,75,10,103,6,-9.927646178593532,4
2134,70,11,93,7,-9.92887532154977,4
2135,18,14,55,9,-9.949790942140547,5
2136,55,17,10,10,-9.955177794264818,7
2137,38,24,111,15,-9.966212518632448,9
2138,70,10,29,7,-9.974371860410164,3
2139,34,17,76,11,-9.994247540573083,6
2140,6,26,87,17,-10.021273865079603,9
2141,30,11,88,6,-10.02483572373662,5
2142,46,17,111,11,-10.027977766283334,6
2143,9,13,63,8,-10.036609783490736,5
2144,74,26,93,18,-10.070964280509383,8
2145,54,18,63,11,-10.075840147553764,7
2146,76,18,70,11,-10.093236874604168,7
2147,74,29,103,20,-10.120878103689183,9
2148,50,15,30,9,-10.120991429675161,6
2149,84,14,109,9,-10.149942855967595,5
2150,65,23,110,15,-10.151511833678441,8
2151,18,17,74,11,-10.161044876408567,6
2152,38,10,60,6,-10.18694980154264,4
2153,96,12,65,7,-10.190345361441295,5
2154,6,16,26,11,-10.241752287967033,5
2155,109,14,91,9,-10.246844938152377,5
2156,73,16,2,10,-10.299221262346563,6
2157,75,11,2,7,-10.369833561069749,4
2158,20,12,18,7,-10.384022260291557,5
2159,17,10,29,7,-10.395985227153455,3
2160,88,15,73,10,-10.39694546347287,5
2161,49,17,20,11,-10.413212284497668,6
2162,79,37,26,23,-10.48182801922156,14
2163,76,32,98,20,-10.566257306689165,12
2164,32,12,6,8,-10.571898387448906,4
2165,65,15,70,10,-10.573807897523746,5
2166,109,14,103,10,-10.579033749442829,4
2167,101,10,65,6,-10.616476001261294,4
2168,88,37,98,26,-10.639663528048944,11
2169,58,13,38,9,-10.642287291889895,4
2170,109,18,74,11,-10.643610558105998,7
2171,16,16,75,11,-10.668295124883432,5
2172,109,16,107,10,-10.668493285549749,6
2173,6,26,16,16,-10.690827392878644,10
2174,41,14,37,9,-10.69447624326301,5
2175,103,50,65,34,-10.698432421307977,16
2176,85,10,91,5,-10.70245375594107,5
2177,41,26,55,16,-10.703172393729929,10
2178,85,23,16,15,-10.72266636367359,8
2179,44,33,6,21,-10.727467153198667,12
2180,66,13,8,9,-10.73746092576916,4
2181,30,20,55,12,-10.741156330527383,8
2182,37,10,50,6,-10.742277179240878,4
2183,18,14,23,10,-10.76931964993769,4
2184,23,16,17,11,-10.781653305644493,5
2185,103,25,30,17,-10.7828746133779,8
2186,68,11,50,8,-10.798306988405816,3
2187,63,13,37,8,-10.805969524077799,5
2188,62,11,30,7,-10.859839313714286,4
2189,8,10,11,7,-10.874801270533913,3
2190,65,30,26,19,-10.898269254189747,11
2191,20,38,26,25,-10.946036152479264,13
2192,2,11,13,8,-10.953261699605447,3
2193,43,10,30,7,-10.958461383133034,3
2194,6,14,38,10,-11.00539879038108,4
2195,9,21,30,15,-11.009407613122827,6
2196,50,20,65,13,-11.026543162219182,7
2197,110,12,98,8,-11.026999619900325,4
2198,6,25,74,17,-11.078169532223486,8
2199,37,19,93,13,-11.135373057728069,6
2200,46,13,26,8,-11.17021351687407,5
2201,28,10,15,7,-11.17654596174133,3
2202,37,16,85,12,-11.183890538456167,4
2203,1,14,93,10,-11.222746146114872,4
2204,50,18,32,11,-11.22509689213064,7
2205,29,21,30,13,-11.231145218657776,8
2206,48,19,74,12,-11.291194819179545,7
2207,103,22,2,16,-11.358008021341286,6
2208,9,18,46,11,-11.371108835096305,7
2209,97,10,9,6,-11.373867326772805,4
2210,10,27,84,18,-11.412845799216361,9
2211,62,13,76,7,-11.431107076079652,6
2212,41,20,17,15,-11.462467383182346,5
2213,104,12,54,8,-11.494854806347556,4
2214,79,33,20,23,-11.52637500903139,10
2215,109,22,38,15,-11.56196931683469,7
2216,102,16,65,10,-11.56505726688695,6
2217,91,15,55,11,-11.567443094683275,4
2218,13,18,16,12,-11.568229122492733,6
2219,18,16,65,11,-11.593628436717697,5
2220,18,11,91,7,-11.60000478191822,4
2221,15,17,98,11,-11.628891195956703,6
2222,70,14,107,9,-11.658453467748311,5
2223,93,13,73,9,-11.669892631961593,4
2224,41,47,98,30,-11.70587517043209,17
2225,20,41,107,26,-11.716667295780281,15
2226,62,13,70,8,-11.719880801732707,5
2227,26,15,23,10,-11.729655071897731,5
2228,79,10,15,7,-11.756403792330076,3
2229,107,14,1,9,-11.758251767033556,5
2230,88,15,46,11,-11.797390382153155,4
2231,103,29,93,19,-11.801085216233046,10
2232,9,11,58,8,-11.822266619156148,3
2233,41,37,54,25,-11.82264476558168,12
2234,62,15,23,11,-11.828374088275885,4
2235,76,18,46,13,-11.839725822660837,5
2236,109,14,43,9,-11.86646010992543,5
2237,87,44,26,29,-11.8713861461171,15
2238,1,11,9,7,-11.88637849875502,4
2239,111,17,48,12,-11.902706300174234,5
2240,17,13,18,8,-11.905263091036248,5
2241,76,10,93,7,-11.923250604262597,3
2242,98,16,104,10,-11.933644997320592,6
2243,98,24,32,16,-11.959293567844908,8
2244,65,22,49,14,-11.960634834980652,8
2245,87,45,55,31,-11.964272652597483,14
2246,11,15,98,10,-11.975065250902475,5
2247,6,18,18,12,-12.078104024118803,6
2248,112,11,79,8,-12.089617166544242,3
2249,103,11,58,8,-12.093407699535733,3
2250,62,10,49,6,-12.115401300524669,4
2251,41,20,93,15,-12.152619394683914,5
2252,109,11,10,7,-12.166039484484616,4
2253,17,23,28,16,-12.18853165380181,7
2254,48,15,51,11,-12.237016972870073,4
2255,62,17,84,11,-12.2561085252652,6
2256,41,24,32,15,-12.295470101415006,9
2257,87,32,93,22,-12.301610748430733,10
2258,50,17,93,11,-12.303370496346973,6
2259,89,20,28,13,-12.339450745494947,7
2260,26,12,93,8,-12.342400061412192,4
2261,23,18,20,13,-12.419097927334018,5
2262,62,22,93,15,-12.439036445917946,7
2263,84,14,15,10,-12.488568021465506,4
2264,84,16,18,11,-12.537157233284482,5
2265,70,11,90,8,-12.581946187652854,3
2266,98,41,55,29,-12.606268888418896,12
2267,103,33,20,24,-12.666531668869958,9
2268,9,36,93,25,-12.691991803202402,11
2269,86,11,63,8,-12.694676726792155,3
2270,90,11,73,8,-12.699639901607064,3
2271,89,13,8,9,-12.710180677943102,4
2272,111,21,73,14,-12.761253099258205,7
2273,5,13,87,9,-12.788098556943213,4
2274,10,10,57,7,-12.834446961452096,3
2275,86,31,2,22,-12.839620514410688,9
2276,14,11,87,8,-12.902634224263672,3
2277,8,11,3,8,-12.917286316124734,3
2278,34,13,37,9,-12.94192710541144,4
2279,79,15,63,10,-12.990676793013687,5
2280,50,10,112,7,-13.007963386743393,3
2281,43,18,55,12,-13.012921035450159,6
2282,86,16,64,11,-13.126489420837814,5
2283,103,11,43,7,-13.185714828889324,4
2284,109,25,54,17,-13.226950364849456,8
2285,107,17,32,13,-13.233625998220854,4
2286,89,10,58,7,-13.242354787086828,3
2287,109,24,26,17,-13.28104412568642,7
2288,73,12,89,8,-13.292782754035763,4
2289,74,12,70,9,-13.332522800110302,3
2290,109,22,32,15,-13.338298268264793,7
2291,91,10,112,7,-13.348872894391056,3
2292,93,10,90,6,-13.383501710064953,4
2293,55,16,86,10,-13.429599224429374,6
2294,73,15,13,10,-13.47156171227663,5
2295,38,23,74,15,-13.507243955925757,8
2296,51,15,54,10,-13.54181691471162,5
2297,37,20,111,13,-13.57504840749372,7
2298,5,12,37,9,-13.59306711232449,3
2299,43,17,26,13,-13.599337683555719,4
2300,13,16,84,11,-13.61439780977119,5
2301,62,20,55,13,-13.641198132357038,7
2302,57,21,8,14,-13.698942718189372,7
2303,13,10,37,7,-13.710588735524027,3
2304,73,16,38,10,-13.771113964229546,6
2305,8,12,77,9,-13.77292858304554,3
2306,43,14,93,10,-13.775006273083648,4
2307,50,11,26,8,-13.838338669086026,3
2308,2,22,55,15,-13.871872112800908,7
2309,38,25,55,17,-13.895599618213826,8
2310,109,12,70,9,-13.90225333563024,3
2311,79,14,46,9,-13.926744437290198,5
2312,9,20,57,15,-13.952239963411909,5
2313,8,16,110,12,-14.095812927776766,4
2314,71,11,98,8,-14.175605929164412,3
2315,38,12,48,9,-14.205802555452118,3
2316,109,12,50,8,-14.261856398454315,4
2317,8,10,60,7,-14.262033464961124,3
2318,44,10,84,7,-14.273373064789189,3
2319,84,21,70,14,-14.297191605156168,7
2320,91,11,46,8,-14.304066831342245,3
2321,17,12,86,9,-14.311620358508236,3
2322,66,10,28,6,-14.329185091749263,4
2323,17,10,93,7,-14.339747933079,3
2324,62,25,107,17,-14.352538477201138,8
2325,23,23,10,15,-14.368201832765772,8
2326,20,26,29,18,-14.478890408494557,8
2327,50,11,110,8,-14.53197897415603,3
2328,41,29,107,19,-14.562926810474382,10
2329,20,19,62,14,-14.58480992394943,5
2330,59,14,65,9,-14.654063925888897,5
2331,28,18,104,14,-14.692440414810822,4
2332,38,25,93,17,-14.706979782976548,8
2333,41,13,13,9,-14.878152444409174,4
2334,51,10,9,7,-14.933479318486377,3
2335,65,13,34,9,-14.952887978937532,4
2336,65,10,14,8,-15.014185877069247,2
2337,37,15,57,11,-15.06777664357477,4
2338,40,14,84,9,-15.139436492633186,5
2339,91,14,93,10,-15.15871388627099,4
2340,107,33,26,26,-15.181646063962573,7
2341,88,17,90,12,-15.203720699131468,5
2342,18,11,90,8,-15.206260273523736,3
2343,28,26,26,19,-15.21129576490937,7
2344,6,31,2,22,-15.303923962237267,9
2345,88,12,70,9,-15.445871190573252,3
2346,76,20,2,14,-15.537111030617941,6
2347,59,10,16,6,-15.561569445873218,4
2348,73,12,29,9,-15.669782329836794,3
2349,38,15,17,11,-15.678044683298909,4
2350,62,30,111,22,-15.726936324972732,8
2351,49,17,88,13,-15.769716064174224,4
2352,30,14,93,10,-15.791222727391174,4
2353,66,14,6,11,-15.817538028688281,3
2354,6,25,107,18,-15.86852463621124,7
2355,109,16,55,12,-15.902114621962275,4
2356,109,15,73,11,-16.045215872132836,4
2357,91,12,90,8,-16.09870244517901,4
2358,103,11,59,8,-16.26665644300863,3
2359,103,13,62,9,-16.299156500586875,4
2360,16,14,49,10,-16.362303182466885,4
2361,85,13,30,10,-16.384026425638844,3
2362,69,13,26,10,-16.62596512327185,3
2363,41,10,69,7,-16.634275461416586,3
2364,75,14,88,11,-16.698120760316787,3
2365,76,13,57,10,-16.719909290440036,3
2366,48,10,20,8,-16.747092552182814,2
2367,28,13,63,10,-16.83915101157232,3
2368,109,31,41,26,-16.84086997358482,5
2369,15,12,38,9,-16.8804957204812,3
2370,54,13,26,8,-16.939787162296547,5
2371,37,12,17,8,-17.032407993640543,4
2372,65,22,30,17,-17.16851241113137,5
2373,13,12,88,8,-17.46642955261517,4
2374,76,13,63,11,-17.535738224915978,2
2375,74,15,34,11,-17.590780828086352,4
2376,110,10,41,9,-17.60725146483,1
2377,70,13,63,10,-17.95951063791253,3
2378,48,12,93,10,-17.975039121937545,2
2379,10,15,38,12,-18.015221595889397,3
2380,76,11,90,7,-18.031869037099202,4
2381,109,26,28,19,-18.037037713141515,7
2382,7,12,79,9,-18.096381711285996,3
2383,98,11,51,8,-18.116158962815206,3
2384,87,11,58,9,-18.229025747195358,2
2385,20,12,106,8,-18.3115400770612,4
2386,37,10,18,8,-18.374799448579118,2
2387,1,18,10,14,-18.37916925532281,4
2388,6,15,109,11,-18.56848342127744,4
2389,86,15,70,11,-18.585222369284804,4
2390,38,24,26,18,-18.614524044017745,6
2391,2,13,18,10,-18.66694455968119,3
2392,88,11,26,8,-18.78599149196052,3
2393,109,16,111,12,-18.82454889767414,4
2394,85,10,87,8,-19.06738234368307,2
2395,28,18,57,15,-19.08730071874414,3
2396,50,13,62,10,-19.202113459727396,3
2397,29,12,110,10,-19.248543702222975,2
2398,71,11,62,10,-19.256947117568178,1
2399,38,14,43,10,-19.328461951187712,4
2400,71,16,8,12,-19.462058925791528,4
2401,75,12,55,10,-19.502608543209227,2
2402,9,10,5,8,-19.535484203654345,2
2403,23,14,73,11,-19.63848596555713,3
2404,10,13,41,11,-19.73715787827288,2
2405,103,10,34,9,-19.87880862427677,1
2406,109,12,110,10,-20.16933250309852,2
2407,10,10,17,8,-20.222695302818998,2
2408,46,16,87,12,-20.367401158879723,4
2409,9,10,64,8,-20.43457650048481,2
2410,110,14,74,11,-20.87504771154673,3
2411,109,29,87,23,-21.226363241987656,6
2412,87,10,106,9,-21.564542850873874,1
2413,70,24,111,19,-21.761941281988644,5
2414,44,11,17,9,-22.07291294624117,2
2415,10,10,63,8,-22.40580476933663,2
2416,85,11,20,9,-22.586820177190248,2
2417,10,18,20,15,-22.627581995234397,3
2418,94,10,84,9,-22.762013140609874,1
2419,10,10,26,8,-22.77202326046866,2
2420,41,12,57,10,-23.379405756490282,2
2421,86,15,103,13,-23.96793650375476,2
2422,112,11,74,9,-24.423385588541223,2
2423,91,12,34,10,-26.418580170999167,2
2424,49,11,26,8,-26.831812890773925,3
2425,43,10,91,10,-27.34458455824453,0
2426,73,10,107,9,-28.662979189254315,1
2427,65,10,64,9,-31.45578016441545,1
