,againstHero,games,hero,losses,shift,wins
0,64,10,65,1,31.455780164415454,9
1,107,10,73,1,28.662979189254322,9
2,91,10,43,0,27.344584558244538,10
3,103,15,86,2,23.967936503754768,13
4,57,12,41,2,23.379405756490286,10
5,26,10,10,2,22.772023260468664,8
6,84,10,94,1,22.762013140609874,9
7,30,20,65,3,22.085363652244506,17
8,17,11,44,2,22.07291294624117,9
9,111,24,70,5,21.76194128198864,19
10,106,10,87,1,21.56454285087387,9
11,87,29,109,6,21.22636324198765,23
12,74,14,110,3,20.87504771154673,11
13,63,12,28,2,20.823166880790417,10
14,64,10,9,2,20.434576500484805,8
15,110,12,109,2,20.16933250309852,10
16,41,12,10,2,19.73715787827288,10
17,5,10,9,2,19.535484203654345,8
18,55,12,75,2,19.50260854320923,10
19,62,11,71,1,19.25694711756818,10
20,110,12,29,2,19.248543702222978,10
21,62,13,50,3,19.202113459727393,10
22,87,10,85,2,19.06738234368307,8
23,26,11,88,3,18.785991491960523,8
24,70,15,86,4,18.5852223692848,11
25,18,10,37,2,18.374799448579125,8
26,106,12,20,4,18.3115400770612,8
27,58,11,87,2,18.229025747195355,9
28,51,11,98,3,18.11615896281521,8
29,79,12,7,3,18.096381711285993,9
30,63,13,70,3,17.959510637912526,10
31,34,12,91,3,17.68170151948013,9
32,57,16,28,3,17.62249217579795,13
33,41,10,110,1,17.607251464829996,9
34,88,12,13,4,17.46642955261517,8
35,26,11,49,4,17.344464565076983,7
36,84,12,40,4,17.332670427846264,8
37,17,12,37,4,17.032407993640543,8
38,26,13,54,5,16.939787162296547,8
39,43,14,38,5,16.915982285417527,9
40,38,12,15,3,16.880495720481196,9
41,87,16,46,5,16.835827645118428,11
42,20,10,48,2,16.747092552182814,8
43,57,13,76,3,16.719909290440036,10
44,64,15,86,4,16.69231676855436,11
45,84,13,13,4,16.463868604830616,9
46,93,11,48,2,16.455609477518344,9
47,30,13,85,3,16.384026425638844,10
48,90,10,76,4,16.36617941975424,6
49,62,13,103,4,16.29915650058687,9
50,59,11,103,3,16.266656443008632,8
51,13,14,73,4,16.136190462677256,10
52,90,12,91,4,16.09870244517902,8
53,73,15,109,4,16.045215872132836,11
54,55,16,109,4,15.902114621962271,12
55,63,11,76,2,15.722552601658151,9
56,17,15,38,4,15.678044683298907,11
57,29,12,73,3,15.669782329836798,9
58,88,15,49,4,15.58049621010895,11
59,16,10,59,4,15.561569445873221,6
60,70,12,88,3,15.445871190573252,9
61,90,11,18,3,15.206260273523736,8
62,90,17,88,5,15.203720699131468,12
63,93,14,91,4,15.158713886270988,10
64,73,14,23,4,15.067057394128556,10
65,14,10,65,2,15.014185877069247,8
66,26,24,38,7,14.873702675608984,17
67,93,25,38,8,14.706979782976548,17
68,62,19,20,5,14.58480992394943,14
69,110,11,50,3,14.53197897415603,8
70,93,10,70,3,14.39063937475962,7
71,111,30,62,9,14.365589379046474,21
72,107,25,62,8,14.352538477201135,17
73,93,10,17,3,14.339747933079,7
74,28,10,66,4,14.329185091749263,6
75,86,12,17,3,14.311620358508238,9
76,46,11,91,3,14.304066831342244,8
77,84,10,44,3,14.273373064789187,7
78,60,10,8,3,14.262033464961124,7
79,50,12,109,4,14.261856398454315,8
80,85,15,37,3,14.24206758838983,12
81,88,12,75,3,14.178101095403543,9
82,98,11,71,3,14.175605929164412,8
83,57,19,9,5,14.131595269591733,14
84,8,16,71,5,14.113253369392229,11
85,110,16,8,4,14.095812927776766,12
86,70,19,84,6,13.955449709554973,13
87,46,14,79,5,13.9267444372902,9
88,70,12,109,3,13.90225333563024,9
89,26,33,107,8,13.8753667821026,25
90,55,22,2,7,13.871872112800904,15
91,93,17,37,5,13.86566848008157,12
92,38,16,73,6,13.771113964229546,10
93,111,16,109,5,13.722443192828687,11
94,26,13,69,4,13.665838119385654,9
95,93,10,75,4,13.518069263380204,6
96,104,17,28,4,13.494802338566979,13
97,57,14,37,4,13.445596594451896,10
98,104,15,98,5,13.432187273541654,10
99,86,16,55,6,13.429599224429374,10
100,90,10,93,4,13.383501710064953,6
101,65,15,102,5,13.376564163015646,10
102,70,12,74,3,13.332522800110302,9
103,18,13,2,4,13.317961607759768,9
104,89,12,73,4,13.292782754035763,8
105,58,10,89,3,13.242354787086834,7
106,54,25,109,8,13.226950364849456,17
107,30,18,87,5,13.014989971455233,13
108,112,10,50,3,13.007963386743393,7
109,30,20,9,5,13.007263608231153,15
110,37,13,34,4,12.94192710541144,9
111,3,11,8,3,12.917286316124732,8
112,87,11,14,3,12.902634224263675,8
113,6,14,66,4,12.900366001703455,10
114,57,10,10,3,12.834446961452096,7
115,87,13,5,4,12.788098556943213,9
116,76,16,34,5,12.786935837518199,11
117,69,10,41,4,12.78611035636453,6
118,8,13,89,4,12.710180677943102,9
119,73,11,90,3,12.699639901607059,8
120,20,17,10,5,12.615963085132512,12
121,18,16,84,5,12.53715723328448,11
122,63,17,54,6,12.490244827941915,11
123,93,22,62,7,12.439036445917953,15
124,20,18,23,5,12.419097927334018,13
125,37,11,5,3,12.405148769597487,8
126,93,35,9,11,12.343319225978647,24
127,93,12,26,4,12.342400061412192,8
128,93,17,50,6,12.303370496346973,11
129,2,20,76,7,12.29741854724382,13
130,84,17,62,6,12.2561085252652,11
131,51,15,48,4,12.237016972870071,11
132,10,23,23,9,12.202189639863423,14
133,49,21,9,6,12.121824388775858,15
134,49,10,62,4,12.115401300524669,6
135,58,11,103,3,12.09340769953573,8
136,34,15,74,5,12.034087436505338,10
137,38,15,10,4,12.029907406435381,11
138,98,15,11,5,11.975065250902475,10
139,107,25,6,8,11.940202439785262,17
140,93,18,41,5,11.934886536237407,13
141,18,13,17,5,11.905263091036248,8
142,48,17,111,5,11.902706300174234,12
143,43,14,109,5,11.866460109925432,9
144,23,15,62,4,11.828374088275886,11
145,15,10,79,3,11.756403792330076,7
146,98,46,41,17,11.731122692702455,29
147,91,19,76,6,11.730074159100322,13
148,70,13,62,5,11.719880801732707,8
149,107,14,70,5,11.658453467748313,9
150,98,17,15,6,11.628891195956701,11
151,55,20,62,8,11.59917771346766,12
152,98,36,88,10,11.597244203642862,26
153,65,16,18,5,11.593628436717696,11
154,16,18,13,6,11.568229122492738,12
155,38,22,109,7,11.561969316834688,15
156,109,15,6,5,11.553622356231042,10
157,41,31,109,7,11.540113156994366,24
158,54,12,104,4,11.494854806347556,8
159,17,20,41,5,11.462467383182345,15
160,63,14,79,5,11.440813334618326,9
161,76,13,62,6,11.431107076079654,7
162,28,26,109,9,11.384585776561849,17
163,9,10,97,4,11.373867326772807,6
164,46,18,9,7,11.371108835096305,11
165,2,22,103,6,11.358008021341286,16
166,15,10,16,3,11.341181120584988,7
167,74,19,48,7,11.291194819179545,12
168,13,13,41,5,11.285884419294256,8
169,93,14,1,4,11.222746146114874,10
170,74,10,112,3,11.2220702432886,7
171,98,30,76,11,11.216083900022134,19
172,10,15,76,5,11.197854944553676,10
173,15,10,28,3,11.17654596174133,7
174,107,29,41,11,11.17644215838302,18
175,26,13,46,5,11.17021351687407,8
176,98,12,110,4,11.026999619900323,8
177,38,14,6,4,11.00539879038108,10
178,79,10,112,3,10.91525480386545,7
179,30,12,10,3,10.892413512021442,9
180,11,10,8,3,10.874801270533917,7
181,55,44,87,14,10.872497229038428,30
182,30,11,62,4,10.859839313714287,7
183,30,25,103,8,10.7828746133779,17
184,17,16,23,5,10.781653305644493,11
185,63,10,86,3,10.764144399471368,7
186,50,10,37,4,10.74227717924088,6
187,55,20,30,8,10.741156330527382,12
188,8,13,66,4,10.737460925769158,9
189,6,33,44,12,10.727467153198667,21
190,91,10,85,5,10.70245375594107,5
191,107,16,109,6,10.668493285549749,10
192,75,16,16,5,10.668295124883432,11
193,38,13,58,4,10.642287291889893,9
194,65,10,101,4,10.616476001261294,6
195,103,14,109,4,10.579033749442827,10
196,70,15,65,5,10.573807897523746,10
197,49,13,16,5,10.497714872325968,8
198,20,17,49,6,10.413212284497668,11
199,29,10,17,3,10.395985227153455,7
200,98,20,1,6,10.386375720350431,14
201,2,11,75,4,10.36983356106975,7
202,2,16,73,6,10.299221262346565,10
203,65,12,96,5,10.190345361441295,7
204,60,10,38,4,10.186949801542642,6
205,74,17,18,6,10.16104487640857,11
206,109,14,84,5,10.149942855967595,9
207,86,13,20,5,10.127179055472489,8
208,10,18,1,6,10.049405294208217,12
209,63,13,9,5,10.036609783490738,8
210,65,14,59,6,10.03616480415964,8
211,88,11,30,5,10.02483572373662,6
212,87,26,6,9,10.021273865079605,17
213,34,13,65,5,9.979765847844487,8
214,29,10,70,3,9.974371860410164,7
215,111,24,38,9,9.966212518632446,15
216,10,17,55,7,9.955177794264817,10
217,84,18,63,7,9.878227554424289,11
218,32,22,109,8,9.8595898331429,14
219,28,10,64,4,9.85835950928987,6
220,111,20,37,8,9.840471570719457,12
221,6,11,13,4,9.767233760195806,7
222,37,12,63,5,9.72036358497327,7
223,84,11,71,4,9.719967933053262,7
224,73,21,111,8,9.713634051639158,13
225,111,42,54,15,9.68998535179476,27
226,29,32,38,11,9.681299801122258,21
227,55,23,54,7,9.648181025800827,16
228,98,26,62,10,9.641858129313672,16
229,23,22,89,8,9.57687547449059,14
230,60,21,65,8,9.571951123571157,13
231,32,14,88,4,9.505084521049724,10
232,43,16,28,5,9.500596764145225,11
233,6,11,58,4,9.489496457414946,7
234,103,11,19,4,9.481054864710426,7
235,37,13,41,5,9.466346040258507,8
236,65,17,44,7,9.4437024578389,10
237,70,10,55,4,9.436952114481349,6
238,49,13,13,5,9.426239729184449,8
239,16,22,70,7,9.38991140179792,15
240,93,14,30,5,9.378386095833305,9
241,46,16,8,6,9.37241265515055,10
242,104,11,87,3,9.348380844680923,8
243,23,15,55,6,9.335240638495888,9
244,50,17,23,7,9.300090532650527,10
245,43,14,50,5,9.274747817248809,9
246,74,15,49,6,9.24696946196511,9
247,2,30,86,10,9.246501977779543,20
248,54,37,41,13,9.187270230665861,24
249,93,29,103,11,9.099325117611029,18
250,26,12,32,5,9.097694016198698,7
251,106,13,109,5,9.062668099795834,8
252,74,35,76,12,9.021109435296273,23
253,17,27,8,10,8.984203308848391,17
254,93,31,87,11,8.973900459157516,20
255,86,11,109,5,8.956500368087863,6
256,30,19,54,7,8.941378731198723,12
257,107,20,110,8,8.933567921834614,12
258,104,13,62,4,8.924566951625795,9
259,16,64,86,23,8.840749543839765,41
260,10,11,85,5,8.81027661814343,6
261,10,13,50,5,8.778099244971948,8
262,76,30,28,11,8.740254380542524,19
263,32,17,107,5,8.731768023357223,12
264,23,23,37,8,8.700238300329014,15
265,93,30,54,9,8.691717045102086,21
266,34,18,109,7,8.66273498003357,11
267,84,27,10,10,8.646492586790986,17
268,93,24,74,8,8.598694083892154,16
269,49,20,65,8,8.565638541178055,12
270,41,18,62,7,8.537234992782366,11
271,87,23,18,8,8.524533269279637,15
272,89,14,84,4,8.522483406182122,10
273,89,10,109,4,8.517312082575355,6
274,79,29,48,12,8.497699357023036,17
275,73,21,10,7,8.419335562342066,14
276,43,17,87,6,8.417190390098332,11
277,107,19,76,7,8.417024283490269,12
278,90,11,89,4,8.39679691457017,7
279,90,19,23,7,8.394839451243376,12
280,48,14,41,5,8.381561565116135,9
281,48,12,38,4,8.376240779730193,8
282,77,12,8,4,8.373441110755335,8
283,8,10,35,4,8.33580666741078,6
284,107,26,50,9,8.311520729916491,17
285,75,12,28,5,8.309970323928434,7
286,70,19,87,7,8.303039543335913,12
287,32,22,9,8,8.29537961179385,14
288,65,12,58,6,8.279172093518053,6
289,20,33,9,11,8.272596506781891,22
290,9,10,1,4,8.271879563314155,6
291,32,25,79,9,8.25246705875383,16
292,87,12,17,5,8.243209253291534,7
293,111,14,17,6,8.239799794462416,8
294,26,10,16,4,8.231874067384087,6
295,28,13,94,5,8.222371266039175,8
296,87,32,86,12,8.216798364734071,20
297,28,20,89,8,8.171930701809194,12
298,32,24,41,10,8.170536046764163,14
299,109,28,9,11,8.159691996722731,17
300,26,44,87,17,8.146474895568339,27
301,12,13,28,4,8.124512247092586,9
302,19,14,9,6,8.117304295019105,8
303,79,28,107,10,8.088960006240738,18
304,38,19,86,6,8.08239085687564,13
305,87,15,51,6,8.07320098757072,9
306,37,39,86,16,8.008070079639301,23
307,1,11,86,4,8.004187715591293,7
308,98,58,65,22,8.00384438504987,36
309,90,15,41,6,7.9977372465156895,9
310,30,11,49,4,7.987908463510181,7
311,54,15,51,6,7.985123523130607,9
312,28,51,41,22,7.984931407212336,29
313,109,12,37,5,7.9722736641499905,7
314,65,17,68,7,7.944869327403057,10
315,54,25,37,8,7.943083932672223,17
316,16,12,34,5,7.93686592393514,7
317,49,16,86,8,7.927120710777818,8
318,65,14,15,6,7.9264348930210655,8
319,76,32,37,11,7.8204975769535725,21
320,10,27,28,9,7.815329969763907,18
321,28,10,11,4,7.813271079515407,6
322,65,20,50,8,7.794013777008701,12
323,2,40,65,14,7.773153242011138,26
324,29,13,109,5,7.764821554426811,8
325,111,14,85,5,7.7293785704579765,9
326,23,11,59,4,7.703199044299861,7
327,111,26,86,11,7.599516330003596,15
328,8,49,76,19,7.599383660078011,30
329,54,22,76,10,7.591329699141384,12
330,20,33,79,12,7.546840294896304,21
331,79,17,70,8,7.531628680674285,9
332,46,15,88,5,7.530723715486486,10
333,29,20,107,7,7.52553061945499,13
334,30,19,86,4,7.518943165430902,15
335,84,41,48,17,7.473943913102842,24
336,55,17,76,7,7.436338470025707,10
337,87,31,50,12,7.429484842498567,19
338,98,14,68,4,7.4276533386231165,10
339,103,29,74,10,7.419118005067163,19
340,88,29,54,12,7.418874182686381,17
341,41,13,49,4,7.406139067429067,9
342,98,15,5,6,7.403088174401656,9
343,20,28,84,10,7.362780437625798,18
344,43,14,65,6,7.347774243596503,8
345,89,23,10,9,7.332600528276464,14
346,75,10,87,3,7.3317203001443785,7
347,54,21,10,8,7.316914939103646,13
348,50,11,68,4,7.299975074722132,7
349,23,15,70,6,7.277989111704879,9
350,30,10,73,4,7.275241295919059,6
351,10,19,86,7,7.266452513785876,12
352,98,34,50,15,7.261172888009824,19
353,28,12,112,5,7.260189333899199,7
354,88,14,38,6,7.257573306252318,8
355,84,24,88,9,7.256956915758408,15
356,55,41,98,16,7.239816282699838,25
357,76,17,41,7,7.204077205660157,10
358,111,13,34,6,7.201437198359543,7
359,94,17,20,6,7.200649176708729,11
360,93,28,84,11,7.1997212040904675,17
361,5,11,6,4,7.175117705775807,7
362,91,15,50,5,7.1733464432781116,10
363,88,10,85,4,7.153055622545777,6
364,88,38,76,16,7.134327523511008,22
365,74,28,86,11,7.1305410605737976,17
366,10,11,18,3,7.118488462247402,8
367,59,19,79,8,7.0352036880537785,11
368,111,20,6,8,7.018385668922465,12
369,28,17,85,7,7.014167267714172,10
370,84,25,85,12,7.011561663750302,13
371,49,26,87,12,7.009641251598087,14
372,49,12,48,6,7.009433567710918,6
373,51,10,6,3,7.0035300376142064,7
374,90,19,6,8,7.003490622158199,11
375,79,11,101,5,6.99086142593087,6
376,50,17,73,8,6.969175801780988,9
377,73,10,68,4,6.953949871021737,6
378,55,25,38,11,6.947960322969595,14
379,90,14,17,6,6.930186835428707,8
380,57,12,74,4,6.917604242425743,8
381,8,36,38,14,6.910326910265976,22
382,91,35,28,13,6.83566278109006,22
383,30,16,70,6,6.82460555340519,10
384,41,44,103,15,6.813115276519104,29
385,91,35,41,13,6.801656465480552,22
386,63,44,65,18,6.795255852812409,26
387,26,24,109,9,6.785414157125378,15
388,46,17,54,6,6.756375555864046,11
389,17,25,9,10,6.735083403706082,15
390,2,19,34,8,6.729658072634231,11
391,111,29,32,13,6.714992004730651,16
392,89,11,74,5,6.714017548400379,6
393,79,18,62,8,6.7066833419721705,10
394,88,16,57,7,6.6984703888039245,9
395,107,31,9,14,6.687394009444981,17
396,18,24,9,10,6.6693794387353345,14
397,17,15,49,6,6.655321673670168,9
398,74,20,73,8,6.65525639715505,12
399,8,21,57,9,6.644454597179963,12
400,23,14,18,5,6.631187531141065,9
401,16,21,18,8,6.6099594156094685,13
402,55,15,91,5,6.584228246945676,10
403,74,23,38,10,6.562267688513879,13
404,30,14,16,5,6.557206782808545,9
405,14,18,84,5,6.539625119207458,13
406,74,26,88,9,6.515151171646329,17
407,17,13,62,5,6.51109228837904,8
408,93,13,43,5,6.501916158206527,8
409,74,50,65,20,6.490632429945082,30
410,9,35,86,15,6.489629747107354,20
411,23,11,48,5,6.485113687277618,6
412,17,10,10,4,6.479497194252815,6
413,111,41,41,18,6.476121710491767,23
414,20,16,88,6,6.450213485704795,10
415,90,10,62,4,6.4415032468905995,6
416,28,37,54,15,6.411584180634172,22
417,15,14,84,5,6.375647385580594,9
418,103,21,88,8,6.368772240906126,13
419,31,10,28,4,6.368565836830037,6
420,86,18,73,7,6.340120760849845,11
421,23,22,93,10,6.338642170645797,12
422,16,19,73,8,6.334580998862496,11
423,55,26,41,12,6.334267485528576,14
424,87,44,79,19,6.332057319359314,25
425,6,37,28,15,6.320591835394871,22
426,16,57,65,24,6.310296262259339,33
427,8,33,109,14,6.30772945688614,19
428,55,28,9,10,6.3038299197807515,18
429,16,14,57,6,6.297480382884538,8
430,90,16,54,7,6.290244829620483,9
431,111,15,44,6,6.2820016152003975,9
432,87,25,76,10,6.268639154144933,15
433,73,34,9,14,6.263734230116221,20
434,2,35,41,13,6.231438093089564,22
435,2,11,66,4,6.205381429919992,7
436,30,21,37,8,6.185901131757959,13
437,55,34,20,15,6.177684328421455,19
438,28,63,9,27,6.1732127627142175,36
439,17,17,84,7,6.1635311782548206,10
440,111,69,65,31,6.128152820402616,38
441,49,17,6,7,6.097985660912412,10
442,50,13,48,6,6.091992406670462,7
443,107,27,2,11,6.06290925873793,16
444,84,36,76,17,6.060390706094975,19
445,16,22,85,9,6.04540093656933,13
446,41,19,1,6,6.031499987907278,13
447,1,14,107,6,6.01274894122701,8
448,98,48,91,22,6.010481139866051,26
449,49,10,77,5,6.002993751357134,5
450,28,55,16,23,6.002427011805198,32
451,20,79,65,31,5.9892858379270475,48
452,16,26,6,12,5.978889658978726,14
453,74,25,6,10,5.973570320498571,15
454,20,33,103,11,5.964316349878249,22
455,16,34,88,12,5.925435513166335,22
456,93,38,28,16,5.919962640568542,22
457,98,49,103,19,5.894528502030381,30
458,32,13,86,6,5.890610211193869,7
459,8,34,62,14,5.8904849860809465,20
460,17,17,16,7,5.8683420758720235,10
461,107,10,48,4,5.8635977751046635,6
462,8,44,93,17,5.851741181325652,27
463,65,55,54,24,5.851072715135369,31
464,2,10,44,4,5.829723764491519,6
465,38,22,87,9,5.809647209419687,13
466,87,44,41,20,5.804454173879386,24
467,32,18,54,7,5.7826104895534876,11
468,65,23,32,10,5.774601329387389,13
469,51,14,79,6,5.772506691008205,8
470,88,19,6,8,5.764151777123857,11
471,38,29,9,13,5.756435186772356,16
472,98,22,34,8,5.755771842682112,14
473,90,20,37,8,5.742590617036884,12
474,89,23,65,10,5.729458742490655,13
475,16,66,9,25,5.693199967235486,41
476,57,21,84,8,5.683170829447634,13
477,43,13,9,6,5.6825351087636395,7
478,63,16,91,7,5.669548453730626,9
479,74,18,109,8,5.655848733560989,10
480,107,41,20,18,5.643773896247953,23
481,2,16,48,8,5.635246627200352,8
482,6,25,20,12,5.631661671252286,13
483,26,22,29,8,5.630548836449716,14
484,86,11,57,5,5.628641785626695,6
485,6,33,48,14,5.618170706899612,19
486,54,37,6,13,5.604657816573774,24
487,87,27,91,11,5.596917301348129,16
488,49,29,98,13,5.553486162622289,16
489,28,11,97,6,5.5469707821451895,5
490,46,10,2,4,5.541906116456136,6
491,79,14,75,5,5.531520330232187,9
492,111,36,103,15,5.530917867453249,21
493,41,44,9,17,5.529938683768653,27
494,23,40,98,16,5.52748143097881,24
495,107,16,34,7,5.514558906998726,9
496,89,10,87,4,5.494352199749725,6
497,93,13,49,6,5.4651623752460186,7
498,90,20,87,7,5.464899068206852,13
499,54,33,38,13,5.464199343195873,20
500,14,10,9,3,5.4634394370226635,7
501,30,15,50,7,5.456889712897827,8
502,55,14,37,6,5.456618910920282,8
503,65,28,48,12,5.455011884092875,16
504,63,13,85,6,5.448267876540921,7
505,109,16,23,6,5.438260955948294,10
506,51,17,8,7,5.424319246056667,10
507,20,26,38,11,5.422962328602491,15
508,43,11,103,5,5.405634019581254,6
509,110,23,65,9,5.385061990656434,14
510,8,66,41,30,5.383353261881381,36
511,20,24,109,8,5.375774718225749,16
512,8,71,79,33,5.354023011483268,38
513,29,21,84,9,5.340667565501357,12
514,70,18,76,8,5.338743046693681,10
515,90,23,8,9,5.338168133162715,14
516,30,18,6,6,5.328184059941261,12
517,84,11,66,5,5.328070614003662,6
518,50,36,79,16,5.311051747194992,20
519,17,13,48,6,5.3071829791256695,7
520,74,34,91,15,5.295925645705857,19
521,84,33,41,12,5.264393494768322,21
522,74,22,29,10,5.2608197922239635,12
523,50,12,89,5,5.253704218444127,7
524,1,10,111,5,5.2389835373250895,5
525,30,22,8,8,5.213064512809201,14
526,104,11,10,5,5.197242443950483,6
527,111,10,57,4,5.186942618450887,6
528,26,38,20,16,5.156160372920304,22
529,98,10,52,5,5.141825899051739,5
530,20,12,32,5,5.135866792699634,7
531,54,12,17,5,5.13265067269767,7
532,41,29,89,12,5.128070897369616,17
533,103,21,18,9,5.117263308095354,12
534,55,20,32,8,5.010948173246779,12
535,62,17,54,7,5.001633115691912,10
536,26,30,65,13,4.982618574560724,17
537,104,22,8,8,4.981258946570289,14
538,18,23,79,11,4.97103956030986,12
539,41,20,86,9,4.96812288725616,11
540,10,10,59,5,4.967497448599426,5
541,23,39,8,16,4.967143538693542,23
542,93,70,65,30,4.940169793162299,40
543,46,11,103,5,4.93491443987304,6
544,87,14,34,6,4.910376447473126,8
545,65,11,5,5,4.90161537792141,6
546,63,12,98,6,4.8668332020725105,6
547,55,29,6,10,4.803715742468641,19
548,90,11,70,4,4.801865378344786,7
549,55,13,18,6,4.799688141028246,7
550,87,21,88,8,4.796769422048848,13
551,86,11,18,5,4.795064637153176,6
552,17,11,30,5,4.793161472453947,6
553,34,10,103,3,4.790473034569175,7
554,37,22,88,9,4.788613815708725,13
555,13,12,20,4,4.788358918637377,8
556,111,10,104,4,4.785383853867566,6
557,8,13,106,6,4.770713481148754,7
558,98,17,94,7,4.761676089313329,10
559,6,12,32,5,4.741771241477241,7
560,74,18,55,9,4.738810454561628,9
561,15,22,76,9,4.729882122439322,13
562,90,30,9,13,4.717832744642906,17
563,54,45,9,19,4.717503599408805,26
564,109,19,93,8,4.710552248323456,11
565,87,35,29,15,4.710088352572669,20
566,26,16,6,6,4.685058896386026,10
567,46,18,76,7,4.684511952245146,11
568,87,41,28,17,4.6711205016054835,24
569,28,52,18,23,4.647292067318391,29
570,16,15,89,6,4.6371266736074,9
571,79,19,104,7,4.631678959880918,12
572,86,10,15,5,4.603054673648835,5
573,28,19,49,7,4.5879435578079875,12
574,2,31,6,13,4.575369715684754,18
575,46,13,37,6,4.568700097838744,7
576,9,20,89,7,4.555028073124962,13
577,87,15,57,7,4.55240997291295,8
578,2,10,51,5,4.541060117126744,5
579,26,45,8,21,4.535697997459029,24
580,74,24,23,11,4.530539923458647,13
581,65,26,109,13,4.522732343847655,13
582,91,36,9,16,4.519475424395413,20
583,38,38,28,17,4.50616017554961,21
584,9,17,59,7,4.502961051414203,10
585,29,11,62,5,4.502398822563132,6
586,111,29,91,14,4.500138929465923,15
587,29,21,93,9,4.498959392246705,12
588,111,21,29,11,4.4840296225286655,10
589,86,13,85,7,4.4826531707733315,6
590,111,25,15,10,4.472513123100849,15
591,84,32,2,14,4.438454989875694,18
592,90,10,13,5,4.4350576589733715,5
593,98,46,84,20,4.417324763930307,26
594,103,25,91,13,4.403539882876555,12
595,16,10,93,4,4.399536862991551,6
596,1,14,65,6,4.384642024421805,8
597,54,13,89,5,4.375934710162817,8
598,87,11,94,5,4.3750154371421806,6
599,70,17,2,6,4.372410293055534,11
600,16,35,37,13,4.367993019162763,22
601,79,13,44,6,4.356415433762267,7
602,54,35,84,14,4.339079782197694,21
603,54,17,3,8,4.336905078418534,9
604,85,15,48,6,4.3053632687921874,9
605,8,22,49,10,4.28984337719209,12
606,13,17,8,7,4.28829881572936,10
607,103,34,28,15,4.283445470085922,19
608,79,18,106,9,4.260883343518001,9
609,58,11,9,4,4.2449574488184085,7
610,97,11,8,4,4.238412616249602,7
611,29,26,20,11,4.235090000321545,15
612,63,12,8,5,4.221883097493622,7
613,41,52,20,21,4.221572518729248,31
614,26,24,103,11,4.210605706707939,13
615,62,26,9,11,4.20006809871188,15
616,17,22,79,10,4.186747232119098,12
617,48,10,91,4,4.178093898435945,6
618,2,16,32,7,4.169077635966494,9
619,29,19,79,9,4.163523890816751,10
620,65,23,91,12,4.15010120900015,11
621,37,15,2,7,4.147220527730264,8
622,8,45,48,20,4.137812287852191,25
623,103,28,54,13,4.13111154459063,15
624,23,14,30,7,4.121797276586666,7
625,54,19,29,7,4.092788521879797,12
626,2,36,9,17,4.08389169356919,19
627,28,22,70,11,4.061668690910118,11
628,98,16,85,8,4.042048861968951,8
629,111,37,74,17,4.036380326078248,20
630,10,11,109,5,4.004247407956419,6
631,16,33,76,15,3.999126074826738,18
632,26,26,28,11,3.9790441547640567,15
633,86,35,76,17,3.976288243936038,18
634,16,29,74,12,3.9743417346866297,17
635,1,16,8,8,3.9724434837704097,8
636,91,40,8,19,3.961945852137989,21
637,51,11,65,5,3.9592432767387034,6
638,63,13,48,6,3.956648202742783,7
639,93,17,10,7,3.954978874369175,10
640,10,10,15,5,3.9530007600130332,5
641,6,22,73,11,3.947699618921388,11
642,8,90,9,41,3.9431015798913784,49
643,79,36,74,14,3.9251156042857227,22
644,28,23,17,10,3.9100280106678444,13
645,37,37,98,16,3.903745498406781,21
646,94,16,54,8,3.897800639878565,8
647,55,11,17,5,3.884041039360635,6
648,38,14,49,7,3.8551286140805883,7
649,23,40,9,18,3.825851357048051,22
650,37,14,20,6,3.8240986868747346,8
651,87,42,9,19,3.8128189562427632,23
652,93,15,18,7,3.800055574547406,8
653,79,56,37,23,3.799347181152442,33
654,110,12,103,5,3.7849274590311146,7
655,13,19,79,7,3.7825987952497915,12
656,26,11,110,6,3.7814954576991626,5
657,79,15,73,7,3.780403758532128,8
658,13,20,28,7,3.777676713991522,13
659,65,104,9,47,3.775714714839896,57
660,98,26,18,12,3.7616966957049423,14
661,55,31,88,12,3.7522592797043,19
662,37,37,8,17,3.7513378121907257,20
663,10,20,74,8,3.7415607204357952,12
664,84,48,86,22,3.7305166192474197,26
665,84,22,38,9,3.721558072111382,13
666,60,10,87,5,3.716219490276849,5
667,32,35,8,16,3.704344714378886,19
668,30,19,84,9,3.664539402131782,10
669,48,14,89,6,3.663870491648268,8
670,106,12,65,5,3.6637536933904045,7
671,57,17,65,6,3.662004607965262,11
672,28,35,37,15,3.6424606664448227,20
673,5,11,79,6,3.616233982760748,5
674,29,12,46,5,3.5756011188612917,7
675,50,25,38,11,3.5687465201033155,14
676,111,28,93,14,3.565826841924163,14
677,65,13,94,6,3.5056909876146616,7
678,91,20,30,10,3.502965357343227,10
679,51,10,55,4,3.478851515612335,6
680,9,23,88,10,3.472863275143063,13
681,1,14,55,6,3.4728600689370874,8
682,111,21,76,11,3.468863949107616,10
683,5,10,91,6,3.425539811872453,4
684,51,17,84,7,3.4208891920364017,10
685,98,12,57,6,3.4208056101467705,6
686,98,31,10,14,3.4043551656175834,17
687,57,12,6,4,3.400016956513245,8
688,62,23,87,10,3.3975423521512753,13
689,57,14,91,5,3.387917143764689,9
690,87,48,20,22,3.3869100363416416,26
691,76,13,13,6,3.383197454645706,7
692,2,14,85,7,3.3798876085075142,7
693,6,26,91,12,3.37006635937582,14
694,84,22,34,9,3.3667603990013673,13
695,29,26,8,12,3.355791507675689,14
696,30,24,98,9,3.3422175351898837,15
697,74,12,63,5,3.3417933304650638,7
698,65,63,28,27,3.3241615734577197,36
699,103,23,55,10,3.3059351081926893,13
700,104,12,76,6,3.296017349449059,6
701,10,11,46,5,3.290581679590813,6
702,32,24,98,11,3.2868277404205144,13
703,59,11,98,5,3.2664563544762375,6
704,30,21,29,10,3.2444225111341125,11
705,55,72,8,31,3.242679915951949,41
706,8,60,16,26,3.237992128006084,34
707,9,24,76,11,3.236321684557724,13
708,50,17,16,8,3.22023130354894,9
709,23,19,86,9,3.2169168727971016,10
710,32,25,16,11,3.2091711041875497,14
711,88,16,41,7,3.1907658333962923,9
712,91,13,37,6,3.1893915884876454,7
713,55,29,16,13,3.1562828347488936,16
714,75,11,9,4,3.137110857576188,7
715,57,11,18,4,3.135095939582447,7
716,107,14,104,6,3.1348492575520077,8
717,106,10,98,4,3.1299996913347945,6
718,91,17,10,7,3.0928301943325844,10
719,50,33,103,15,3.092695156166144,18
720,26,17,43,7,3.0481873322386352,10
721,9,14,44,8,3.0418979222799782,6
722,38,18,16,9,3.0174584469144,9
723,48,30,37,14,3.008487076456393,16
724,26,16,89,8,3.0015441091670665,8
725,68,10,87,5,2.918596255497213,5
726,8,24,68,11,2.9120627847170204,13
727,50,20,86,8,2.9078735206797073,12
728,107,41,28,20,2.8961620977954783,21
729,88,30,111,13,2.894283723315119,17
730,90,30,111,13,2.890544713054333,17
731,46,15,28,7,2.8691534505866354,8
732,55,11,13,5,2.8675322125133507,6
733,98,31,29,15,2.8666453310461546,16
734,41,55,79,26,2.8646704987175218,29
735,79,40,76,17,2.864436403051438,23
736,55,10,57,4,2.8631536684623486,6
737,34,20,79,10,2.8607277297103497,10
738,73,12,93,5,2.8544244467913393,7
739,87,21,73,10,2.852053456966912,11
740,54,36,16,17,2.847205712046726,19
741,38,55,65,25,2.8065899103574563,30
742,29,17,34,9,2.8011697136542666,8
743,14,12,8,5,2.800814824677635,7
744,8,47,18,21,2.7978231918914584,26
745,17,30,103,13,2.7862637913294455,17
746,98,33,86,14,2.7839089247753144,19
747,41,40,23,18,2.7673807455242936,22
748,2,18,23,9,2.76700436988762,9
749,18,10,51,5,2.762161861451463,5
750,103,25,87,11,2.755992091272528,14
751,73,14,88,6,2.749905078434886,8
752,29,30,28,14,2.7417268938351826,16
753,34,21,28,9,2.7346627104082097,12
754,23,14,29,6,2.7325720738957804,8
755,79,25,89,10,2.732343278458178,15
756,74,59,8,28,2.7296100359174895,31
757,26,14,30,9,2.7295268644643036,5
758,16,20,91,9,2.7214582735625528,11
759,76,14,18,6,2.7152421927681325,8
760,90,29,28,13,2.709626925847089,16
761,10,18,48,9,2.6839997209769613,9
762,8,74,107,35,2.668363851324248,39
763,30,25,38,13,2.6609022960305335,12
764,86,20,88,8,2.6598697754609475,12
765,15,14,8,7,2.6593953269851665,7
766,87,27,54,13,2.6518374940593397,14
767,23,38,84,18,2.650250869753193,20
768,8,42,103,17,2.6366758249260895,25
769,30,13,107,5,2.6326975250966638,8
770,70,11,50,6,2.626702900417429,5
771,111,23,50,10,2.626096528214075,13
772,9,16,94,8,2.620832608628445,8
773,65,19,13,10,2.6163104233607704,9
774,29,24,9,12,2.6073964056504892,12
775,98,54,74,26,2.6028088751283813,28
776,71,16,65,8,2.5963866960665394,8
777,38,20,112,9,2.587558109977976,11
778,50,31,9,14,2.5695097036396843,17
779,2,25,109,10,2.5641635343710663,15
780,50,12,88,6,2.559456050854571,6
781,79,59,111,26,2.5391252713592265,33
782,23,11,34,6,2.530674269646428,5
783,98,52,54,26,2.52901549913828,26
784,50,19,29,8,2.5251415163545516,11
785,79,25,93,13,2.5064207147836153,12
786,16,17,62,8,2.4884740684398885,9
787,65,50,103,21,2.483568843444369,29
788,111,48,9,24,2.4819787644205817,24
789,74,29,107,13,2.4812045730116723,16
790,37,15,62,7,2.4789476689639205,8
791,111,10,56,4,2.470099067407655,6
792,26,27,98,15,2.469946577348654,12
793,41,40,38,19,2.4535603181412915,21
794,48,26,98,12,2.452661718692013,14
795,111,17,46,8,2.4518689623137755,9
796,10,17,37,7,2.451821926620314,10
797,9,33,6,15,2.442634272815347,18
798,18,16,50,8,2.435107533000619,8
799,65,73,88,33,2.4147543481915754,40
800,32,14,38,6,2.405973678085745,8
801,76,18,35,7,2.4023433325283117,11
802,43,22,74,10,2.399363912806923,12
803,51,19,86,9,2.390997498034678,10
804,18,18,6,8,2.39036390227397,10
805,16,58,84,27,2.38803491948361,31
806,79,56,16,25,2.387568324889289,31
807,84,41,111,17,2.381984401222266,24
808,55,12,34,5,2.374285322689373,7
809,65,39,29,16,2.3260339041967435,23
810,109,13,79,6,2.287036871981501,7
811,62,18,32,9,2.263686769900328,9
812,93,12,86,6,2.263652335832278,6
813,30,17,18,7,2.261055491526683,10
814,84,30,55,14,2.243237050292711,16
815,8,11,58,6,2.225895511877215,5
816,73,15,54,7,2.2175860455428436,8
817,87,23,37,12,2.190334202723886,11
818,54,34,86,16,2.1876120177380085,18
819,44,19,28,7,2.1816767204067156,12
820,50,35,84,17,2.168079839309706,18
821,74,45,9,20,2.16700698590985,25
822,9,11,15,5,2.157551688044861,6
823,18,10,32,5,2.1572241092213504,5
824,104,28,65,11,2.1463564205777037,17
825,98,61,2,29,2.1431661416362218,32
826,111,33,26,15,2.1371335815105854,18
827,16,18,104,8,2.1264699523202086,10
828,84,11,1,5,2.1264466771262813,6
829,30,34,28,15,2.124219169093697,19
830,54,26,50,11,2.120731115430667,15
831,55,14,73,7,2.100075433191044,7
832,107,24,88,12,2.0871354397563997,12
833,28,13,5,5,2.0729432233264378,8
834,91,11,18,5,2.068864434806542,6
835,32,19,84,8,2.0621508690380312,11
836,38,52,98,24,2.049865770355223,28
837,16,49,98,22,2.027059127963766,27
838,23,30,87,13,2.0171902524743803,17
839,8,65,87,29,2.0171507138951443,36
840,59,14,8,7,2.010238389237951,7
841,10,12,32,7,1.9897128149353989,5
842,37,10,71,4,1.989603705819686,6
843,103,13,37,6,1.9837820518429896,7
844,6,47,79,22,1.9831957209831137,25
845,23,41,65,20,1.9794334553560258,21
846,49,11,29,4,1.979211902956338,7
847,6,47,65,25,1.9776748983278993,22
848,54,18,23,8,1.972656582258224,10
849,37,33,65,15,1.9483360284193358,18
850,76,24,6,12,1.937944044447951,12
851,8,57,54,27,1.927915207676815,30
852,10,13,29,6,1.9268740097605606,7
853,6,22,37,11,1.9187411338779705,11
854,26,13,73,7,1.9184440317079223,6
855,48,35,16,17,1.9177064489155933,18
856,76,10,17,4,1.9048948605365967,6
857,41,11,61,5,1.9034780148497896,6
858,16,47,41,23,1.8975023949488878,24
859,91,18,88,8,1.88786606053127,10
860,84,68,65,33,1.8809383053706654,35
861,84,27,49,13,1.8786207304912836,14
862,8,45,20,21,1.8762962473388543,24
863,6,40,8,18,1.873167747491823,22
864,54,16,112,7,1.871566293788832,9
865,73,19,98,9,1.8513717297876138,10
866,6,39,98,18,1.8448936378969223,21
867,90,23,107,12,1.839992081109741,11
868,35,12,79,5,1.8379035956261849,7
869,2,30,111,14,1.8367449192872456,16
870,79,38,90,16,1.833449775816603,22
871,20,22,73,11,1.8197178736344521,11
872,85,13,76,5,1.800008520609701,8
873,94,10,41,5,1.7939224836809742,5
874,14,10,28,4,1.771696362645693,6
875,111,52,28,24,1.7612142471001229,28
876,41,15,30,7,1.7536920323334506,8
877,107,35,38,17,1.7434138897292968,18
878,93,23,6,11,1.7369073602432055,12
879,16,29,103,14,1.7358551004647145,15
880,106,15,38,7,1.7348192516378895,8
881,76,10,45,5,1.7263356630732787,5
882,73,34,41,16,1.7202071823465876,18
883,16,47,2,22,1.7122028906623956,25
884,38,11,76,5,1.6999072226365513,6
885,34,15,20,6,1.6974281353522225,9
886,18,12,49,6,1.6761839169288937,6
887,103,26,6,11,1.6275337563735768,15
888,20,18,68,9,1.6168027641247988,9
889,87,33,84,16,1.6132608828210888,17
890,20,32,28,13,1.611656785344251,19
891,2,39,10,18,1.6106192222739582,21
892,20,12,76,5,1.5911388338678512,7
893,70,18,37,8,1.5684495468710091,10
894,106,12,41,6,1.5589796315432078,6
895,76,28,48,13,1.5505839376852326,15
896,107,24,86,11,1.55046489041772,13
897,63,14,107,6,1.5503183730734296,8
898,50,33,2,15,1.5483452933241442,18
899,85,12,38,6,1.5317416798467203,6
900,103,12,85,5,1.505235765059641,7
901,98,16,89,8,1.5011020579783834,8
902,55,18,43,9,1.4993353058682148,9
903,8,58,10,28,1.4849515517714131,30
904,98,39,107,18,1.470991347087057,21
905,18,17,48,8,1.4617300255746302,9
906,16,33,111,17,1.4503126575489818,16
907,50,36,41,18,1.4450486751473963,18
908,109,11,112,5,1.4303792106135111,6
909,62,24,28,10,1.4300815186163431,14
910,111,14,75,8,1.426535254075105,6
911,65,10,3,5,1.4258252923515962,5
912,32,13,91,7,1.4232354979639683,6
913,13,11,2,4,1.4221213524937684,7
914,2,24,38,13,1.4146987667991227,11
915,70,46,98,22,1.4102748742937037,24
916,54,18,15,9,1.4023674366161945,9
917,54,13,85,7,1.3987454013140737,6
918,44,13,8,5,1.3823607495686785,8
919,16,32,10,15,1.3769942516048135,17
920,88,21,23,11,1.37274181909097,10
921,23,14,32,8,1.362990157606229,6
922,66,19,9,9,1.3219399910119891,10
923,28,26,88,12,1.3206994118977573,14
924,87,15,110,7,1.3076573931351636,8
925,98,62,79,32,1.3058345957518112,30
926,84,69,9,31,1.3007483450089,38
927,54,39,20,18,1.2734253946760175,21
928,16,28,87,13,1.2579317870381803,15
929,20,43,98,20,1.2404189901414067,23
930,8,53,86,25,1.234440399449158,28
931,79,11,96,6,1.2340245916617492,5
932,23,37,28,18,1.2328353573645747,19
933,84,54,37,27,1.2184475124621383,27
934,79,74,9,36,1.188169776423483,38
935,103,10,1,6,1.178228962480735,4
936,109,23,98,11,1.1685291459099263,12
937,79,34,55,18,1.1654198799593305,16
938,74,20,30,11,1.1520992492769822,9
939,50,18,34,10,1.1483521913828936,8
940,70,49,8,25,1.1467281456421692,24
941,79,36,38,17,1.1399672014475537,19
942,55,27,50,12,1.1136011471986083,15
943,88,14,93,8,1.1127136691834514,6
944,84,44,74,22,1.1124968603040977,22
945,88,20,62,10,1.1096322170107602,10
946,91,14,62,7,1.0834634078291783,7
947,79,46,86,22,1.0425261635108956,24
948,107,39,65,17,1.0164693815500474,22
949,58,11,2,5,1.0060883991850518,6
950,87,31,98,14,1.0052207296323035,17
951,79,11,94,5,0.9998691980070009,6
952,65,26,73,13,0.9992952333872255,13
953,32,15,74,7,0.9878312338208317,8
954,111,16,68,7,0.983190365703102,9
955,91,20,23,10,0.9792678927031622,10
956,103,44,9,24,0.9734466854109799,20
957,68,10,16,5,0.9723777343104946,5
958,93,23,107,11,0.9535678875740116,12
959,48,11,30,5,0.9383914724110479,6
960,23,35,16,17,0.937387264272772,18
961,55,50,65,21,0.9324103719378578,29
962,85,19,9,8,0.9266510351352133,11
963,13,11,74,5,0.9258529887550377,6
964,51,16,16,7,0.9254181289183423,9
965,103,12,89,5,0.9245541578032425,7
966,60,11,9,6,0.9156618531106764,5
967,41,17,18,8,0.91377606355372,9
968,10,21,87,11,0.8903069151175369,10
969,8,61,2,31,0.8823794512979197,30
970,62,21,65,9,0.8755953834255747,12
971,29,12,18,7,0.8741742779448156,5
972,48,25,86,12,0.8682544858274028,13
973,98,67,8,32,0.8537292484745942,35
974,103,16,32,7,0.8405021181328001,9
975,65,32,10,15,0.8334409665939323,17
976,65,77,79,39,0.8003399173075768,38
977,87,24,48,12,0.7841248719069777,12
978,23,24,6,12,0.7573800729023334,12
979,76,36,65,16,0.7568795201651484,20
980,48,20,55,9,0.7470868116523264,11
981,90,10,104,6,0.7461340238107392,4
982,37,11,73,5,0.7437455399697732,6
983,107,23,23,11,0.7397315330825475,12
984,50,17,74,8,0.725167252731053,9
985,87,24,32,13,0.723654834631159,11
986,46,18,6,10,0.7192942730830806,8
987,41,23,43,11,0.6921842337130567,12
988,98,39,9,21,0.6861429647441631,18
989,62,15,74,6,0.6841173627174295,9
990,44,12,16,7,0.674063172823535,5
991,90,17,10,9,0.6720080859782257,8
992,111,44,55,23,0.6715353289992407,21
993,91,23,86,11,0.6661452371008985,12
994,88,15,48,9,0.6584132572102235,6
995,74,39,41,21,0.6406425090111577,18
996,16,17,1,9,0.6380538669636839,8
997,9,36,37,18,0.61775116251728,18
998,91,18,44,8,0.616097632961548,10
999,55,22,29,12,0.608123085968788,10
1000,111,37,20,19,0.6068837109506124,18
1001,62,18,38,9,0.6043816495722321,9
1002,98,20,101,11,0.5948708647764208,9
1003,48,18,103,9,0.5903706399248467,9
1004,54,26,91,15,0.5702688984859549,11
1005,15,14,2,7,0.5683026145731193,7
1006,89,17,111,9,0.5563633904658443,8
1007,90,18,2,9,0.5540783404275267,9
1008,86,41,28,18,0.5477940883930262,23
1009,13,16,48,6,0.5472229810551577,10
1010,2,22,62,10,0.5462872756743614,12
1011,66,13,41,7,0.534743534153634,6
1012,91,13,73,5,0.5133686150476447,8
1013,73,26,8,11,0.502988944860799,15
1014,54,32,2,15,0.49725687334611157,17
1015,87,16,112,7,0.4965133955506271,9
1016,46,13,98,6,0.49490167633736465,7
1017,16,16,20,9,0.4908471999413502,7
1018,88,12,18,6,0.4864002858281218,6
1019,32,10,94,5,0.4833955664376234,5
1020,49,21,107,11,0.4754802407538822,10
1021,26,39,41,23,0.47541624975842567,16
1022,28,60,2,30,0.4571148489400272,30
1023,2,19,88,9,0.45627885372645166,10
1024,98,16,58,9,0.45407364718622145,7
1025,23,37,103,19,0.4333042786770564,18
1026,26,11,50,6,0.4324180875363533,5
1027,111,43,87,22,0.4268411890521909,21
1028,98,33,93,16,0.424948144003004,17
1029,65,20,85,11,0.4129454829762119,9
1030,28,15,73,6,0.4127743641758703,9
1031,93,16,55,8,0.39897461255756284,8
1032,41,13,85,6,0.3897097634286908,7
1033,76,14,103,6,0.38777687342703565,8
1034,28,55,84,28,0.37670395552970865,27
1035,44,10,50,5,0.3704918139841162,5
1036,74,43,54,23,0.3670959011375288,20
1037,86,19,6,9,0.36002907163375564,10
1038,49,10,85,5,0.35745396515488925,5
1039,16,20,107,10,0.3521229801334943,10
1040,9,18,70,10,0.347707681597408,8
1041,43,15,98,7,0.3457186585350653,8
1042,98,56,28,29,0.3404053805048996,27
1043,49,17,91,9,0.32854883058107165,8
1044,98,31,90,16,0.3081362679703139,15
1045,19,14,41,8,0.3076861914893786,6
1046,2,23,30,12,0.29321348863964763,11
1047,65,32,86,16,0.292161429870751,16
1048,13,23,9,10,0.2881217107127524,13
1049,9,15,104,7,0.28308119895337425,8
1050,103,28,38,14,0.24815234764151997,14
1051,57,10,54,5,0.24120401170219807,5
1052,73,20,84,8,0.23249348624489805,12
1053,79,24,30,13,0.2268254547513958,11
1054,75,14,8,7,0.21522325366820866,7
1055,54,24,107,12,0.21408205928725335,12
1056,55,47,28,21,0.2032823609872518,26
1057,79,57,84,28,0.2021885976374634,29
1058,29,36,41,18,0.19641039337775978,18
1059,28,33,50,16,0.1958042362037239,17
1060,30,32,20,17,0.18006835825974649,15
1061,18,25,54,13,0.17269825689702542,12
1062,26,19,2,10,0.15549736717272822,9
1063,79,27,88,11,0.15314632206052248,16
1064,32,18,50,10,0.14361277931057773,8
1065,107,35,103,17,0.13970070555149214,18
1066,16,13,63,6,0.13751618322568013,7
1067,74,20,37,10,0.13515130121839292,10
1068,87,41,107,19,0.1227366665247325,22
1069,6,29,41,15,0.09412754772533743,14
1070,34,18,9,9,0.09074125145387058,9
1071,13,22,98,9,0.08977817869064623,13
1072,70,25,54,12,0.080462290077825,13
1073,38,15,110,8,0.07451058664372237,7
1074,88,40,8,21,0.07142554607087437,19
1075,8,68,111,32,0.06643227615439237,36
1076,55,23,49,9,0.048699095801543475,14
1077,48,33,9,15,0.038710351071864234,18
1078,23,26,111,12,0.03864525196536135,14
1079,85,24,79,13,0.03480555903893171,11
1080,13,12,111,6,0.03396852683521152,6
1081,107,35,111,17,0.02482134096335078,18
1082,48,28,28,12,0.023069182280397418,16
1083,40,14,65,6,0.02213880190128984,8
1084,90,18,84,9,0.005300166576956953,9
1085,75,15,84,7,0.004789895316519714,8
1086,84,39,6,20,0.0016409707940244454,19
1087,37,15,38,8,0.001103123834968282,7
1088,38,15,37,7,-0.0011031238349704135,8
1089,6,39,84,19,-0.0016409707940247186,20
1090,84,15,75,8,-0.004789895316519714,7
1091,84,18,90,9,-0.0053001665769565574,9
1092,65,14,40,8,-0.022138801901290386,6
1093,9,33,48,18,-0.03871035107186499,15
1094,49,23,55,14,-0.048699095801543794,9
1095,79,50,103,24,-0.05775390300531349,26
1096,2,25,20,13,-0.061415201425745324,12
1097,87,59,65,29,-0.07056596419062908,30
1098,8,40,88,19,-0.0714255460708749,21
1099,110,15,38,7,-0.07451058664372263,8
1100,87,42,74,20,-0.07958529470361513,22
1101,54,25,70,13,-0.08046229007782557,12
1102,41,29,6,14,-0.09412754772533768,15
1103,43,19,20,10,-0.09655439021695482,9
1104,23,14,26,7,-0.11142434588186971,7
1105,8,23,43,12,-0.1348626033575063,11
1106,37,20,74,10,-0.13515130121839344,10
1107,63,13,16,7,-0.13751618322567985,6
1108,10,10,88,5,-0.13982169007618522,5
1109,111,25,30,13,-0.1455874148715972,12
1110,8,11,56,5,-0.16982236953751909,6
1111,54,25,18,12,-0.17269825689702573,13
1112,20,32,30,15,-0.18006835825974682,17
1113,17,19,74,10,-0.18384205614173707,9
1114,107,24,54,12,-0.2140820592872529,12
1115,8,14,75,7,-0.21522325366820866,7
1116,26,29,9,16,-0.21708003766501247,13
1117,54,30,79,15,-0.21917995041733915,15
1118,79,38,91,20,-0.22211474912049844,18
1119,2,30,74,16,-0.2222710450639769,14
1120,91,21,84,10,-0.2259849974893271,11
1121,84,20,73,12,-0.23249348624489768,8
1122,107,22,18,12,-0.23611930271088563,10
1123,54,10,57,5,-0.24120401170219843,5
1124,38,28,103,14,-0.24815234764152064,14
1125,104,15,9,8,-0.283081198953374,7
1126,86,32,65,16,-0.2921614298707511,16
1127,30,23,2,11,-0.2932134886396476,12
1128,41,14,19,6,-0.30768619148937965,8
1129,91,17,49,8,-0.3285488305810701,9
1130,17,12,50,6,-0.3289162212940191,6
1131,70,18,9,8,-0.3477076815974086,10
1132,107,20,16,10,-0.35212298013349413,10
1133,54,21,48,12,-0.3530248887429264,9
1134,85,10,49,5,-0.35745396515488925,5
1135,6,19,86,10,-0.3600290716337568,9
1136,50,10,44,5,-0.3704918139841169,5
1137,84,55,28,27,-0.37670395552970903,28
1138,90,30,65,14,-0.3773068188418704,16
1139,103,14,76,8,-0.38777687342703565,6
1140,85,13,41,7,-0.3897097634286908,6
1141,12,10,8,5,-0.39347937244075554,5
1142,55,16,93,8,-0.39897461255756195,8
1143,73,15,28,9,-0.41277436417587005,6
1144,85,20,65,9,-0.41294548297621136,11
1145,93,33,98,17,-0.42494814400300385,16
1146,84,60,8,30,-0.4393392393362178,30
1147,88,19,2,10,-0.45627885372645144,9
1148,8,86,65,40,-0.46002164003734164,46
1149,32,30,28,15,-0.48257257801163955,15
1150,94,10,32,5,-0.48339556643762405,5
1151,18,12,88,6,-0.4864002858281218,6
1152,55,25,107,12,-0.49082237211228874,13
1153,98,13,46,7,-0.4949016763373632,6
1154,112,16,87,9,-0.49651339555062735,7
1155,2,32,54,17,-0.49725687334611246,15
1156,8,26,73,15,-0.5029889448607987,11
1157,73,13,91,8,-0.5133686150476453,5
1158,20,23,110,11,-0.5195268671329497,12
1159,86,18,90,8,-0.5309843322728077,10
1160,41,13,66,6,-0.534743534153634,7
1161,62,22,2,12,-0.5462872756743612,10
1162,48,16,13,10,-0.5472229810551572,6
1163,28,41,86,23,-0.5477940883930271,18
1164,111,17,89,8,-0.5563633904658417,9
1165,85,10,18,4,-0.5576976788918457,6
1166,103,45,84,25,-0.5578798381977594,20
1167,91,26,54,11,-0.5702688984859546,15
1168,103,18,48,9,-0.5903706399248498,9
1169,101,20,98,9,-0.594870864776421,11
1170,23,33,79,18,-0.5991196107820883,15
1171,38,18,62,9,-0.6043816495722321,9
1172,29,22,55,10,-0.6081230859687882,12
1173,87,32,2,17,-0.6092720590189474,15
1174,44,18,91,10,-0.6160976329615482,8
1175,37,36,9,18,-0.6177511625172819,18
1176,90,15,48,8,-0.6241971263022461,7
1177,28,47,74,23,-0.6255938105145816,24
1178,41,39,74,18,-0.6406425090111568,21
1179,29,20,103,10,-0.657814486383537,10
1180,48,15,88,6,-0.6584132572102235,9
1181,86,23,91,12,-0.6661452371008979,11
1182,10,17,90,8,-0.6720080859782255,9
1183,16,12,44,5,-0.6740631728235359,7
1184,101,15,23,7,-0.6750621504160516,8
1185,74,15,62,9,-0.68411736271743,6
1186,9,39,98,18,-0.6861429647441628,21
1187,8,37,50,20,-0.7177946706892544,17
1188,32,24,87,11,-0.7236548346311588,13
1189,74,42,87,23,-0.7245745938864449,19
1190,74,17,50,9,-0.7251672527310536,8
1191,62,18,6,8,-0.7348526325115916,10
1192,23,23,107,12,-0.7397315330825462,11
1193,90,19,16,10,-0.7408181147076381,9
1194,73,11,37,6,-0.7437455399697732,5
1195,104,10,90,4,-0.7461340238107393,6
1196,55,20,48,11,-0.7470868116523252,9
1197,107,11,85,7,-0.752465203898776,4
1198,48,24,87,12,-0.7841248719069762,12
1199,74,17,85,9,-0.809559849760586,8
1200,91,21,29,10,-0.8357535316372875,11
1201,8,60,84,31,-0.8494232212855742,29
1202,38,18,91,10,-0.8605561818804551,8
1203,86,25,48,13,-0.8682544858274036,12
1204,84,29,107,15,-0.8733552812845715,14
1205,18,12,29,5,-0.8741742779448153,7
1206,65,21,62,12,-0.8755953834255744,9
1207,84,45,103,21,-0.878799888562455,24
1208,87,21,10,10,-0.8903069151175383,11
1209,29,26,6,13,-0.8939970404365927,13
1210,98,42,17,22,-0.8967649107571658,20
1211,93,30,20,17,-0.8968767950978309,13
1212,8,67,28,34,-0.9104279523309273,33
1213,111,29,18,15,-0.9151185639276502,14
1214,9,11,60,5,-0.9156618531106767,6
1215,89,12,103,7,-0.9245541578032412,5
1216,16,16,51,9,-0.9254181289183405,7
1217,9,19,85,11,-0.9266510351352117,8
1218,30,11,48,6,-0.9383914724110473,5
1219,107,23,93,12,-0.9535678875740112,11
1220,50,12,6,6,-0.9593349652988957,6
1221,16,10,68,5,-0.9723777343104949,5
1222,68,16,111,9,-0.9831903657031018,7
1223,91,23,20,11,-0.9903622576025464,12
1224,73,26,65,13,-0.9992952333872263,13
1225,94,11,79,6,-0.9998691980070007,5
1226,41,33,70,17,-1.0073100144887743,16
1227,103,10,75,5,-1.0351884603570845,5
1228,84,57,79,30,-1.0381933036699504,27
1229,79,15,49,7,-1.042408931040812,8
1230,86,46,79,24,-1.0425261635108967,22
1231,2,32,87,16,-1.0461530255566567,16
1232,91,13,17,7,-1.0470112494614043,6
1233,89,13,6,6,-1.048764081963461,7
1234,73,20,103,10,-1.0728746625988095,10
1235,62,14,91,7,-1.0834634078291792,7
1236,10,49,79,28,-1.0890705515881078,21
1237,62,20,88,10,-1.1096322170107613,10
1238,74,44,84,22,-1.1124968603040974,22
1239,93,14,88,6,-1.1127136691834523,8
1240,74,23,46,13,-1.146576233167723,10
1241,8,49,70,24,-1.1467281456421692,25
1242,34,18,50,8,-1.1483521913828936,10
1243,30,20,74,9,-1.1520992492769824,11
1244,41,80,65,38,-1.1627117143876546,42
1245,111,26,10,14,-1.1728080892005104,12
1246,1,10,103,4,-1.1782289624807345,6
1247,74,47,28,25,-1.1863714258705305,22
1248,111,49,98,25,-1.197194144617747,24
1249,65,59,87,31,-1.2047597063954327,28
1250,74,29,20,15,-1.2212951759493524,14
1251,2,49,79,26,-1.2271248327335258,23
1252,96,11,79,5,-1.2340245916617498,6
1253,86,53,8,28,-1.2344403994491575,25
1254,91,28,107,14,-1.243507965011968,14
1255,87,43,111,22,-1.2506147334615216,21
1256,28,30,32,16,-1.2832141788690052,14
1257,110,15,87,8,-1.3076573931351636,7
1258,88,26,28,14,-1.3206994118977573,12
1259,9,19,66,10,-1.3219399910119898,9
1260,28,67,8,35,-1.3578605186436223,32
1261,32,14,23,6,-1.3629901576062284,8
1262,59,16,41,9,-1.3704315284875377,7
1263,23,21,88,10,-1.3727418190909706,11
1264,23,15,76,7,-1.3791825091008156,8
1265,8,13,44,8,-1.3823607495686774,5
1266,85,13,54,6,-1.3987454013140734,7
1267,15,18,54,9,-1.402367436616194,9
1268,98,46,70,24,-1.410274874293704,22
1269,91,13,32,6,-1.4232354979639668,7
1270,3,10,65,5,-1.4258252923515944,5
1271,65,80,41,44,-1.4259190406310238,36
1272,85,17,8,8,-1.426438357729156,9
1273,75,14,111,6,-1.4265352540751048,8
1274,28,24,62,14,-1.430081518616344,10
1275,112,11,109,6,-1.4303792106135098,5
1276,79,77,65,39,-1.4357034938922657,38
1277,48,17,18,9,-1.46173002557463,8
1278,20,13,90,6,-1.4684862703100567,7
1279,107,39,98,21,-1.4709913470870573,18
1280,28,55,79,32,-1.4958487372379399,23
1281,89,16,98,8,-1.5011020579783834,8
1282,85,12,103,7,-1.505235765059642,5
1283,38,12,85,6,-1.5317416798467203,6
1284,6,18,62,11,-1.5340589440321633,7
1285,107,14,63,8,-1.5503183730734291,6
1286,86,24,107,13,-1.550464890417721,11
1287,48,28,76,15,-1.5505839376852317,13
1288,41,12,106,6,-1.5589796315432078,6
1289,94,11,2,6,-1.5668479197841136,5
1290,37,18,70,10,-1.5684495468710087,8
1291,29,16,16,9,-1.5836522711306946,7
1292,76,12,20,7,-1.5911388338678496,5
1293,84,33,87,17,-1.613260882821088,16
1294,79,16,57,9,-1.6225267683647044,7
1295,107,16,10,9,-1.6461334723356764,7
1296,65,86,8,48,-1.662970973602167,38
1297,49,12,18,6,-1.676183916928894,6
1298,23,18,57,10,-1.6948872060166476,8
1299,76,11,38,6,-1.6999072226365504,5
1300,107,29,84,15,-1.7022149509735356,14
1301,45,10,76,5,-1.7263356630732798,5
1302,16,16,29,8,-1.7271978980205145,8
1303,38,15,106,8,-1.7348192516378875,7
1304,103,29,16,15,-1.7358551004647156,14
1305,38,35,107,18,-1.7434138897292963,17
1306,30,15,41,8,-1.7536920323334504,7
1307,28,10,14,6,-1.7716963626456927,4
1308,13,12,107,6,-1.776140157067621,6
1309,26,36,79,20,-1.7871788960457524,16
1310,41,10,94,5,-1.7939224836809735,5
1311,76,13,85,8,-1.8000085206097012,5
1312,10,26,111,13,-1.8148533802188944,13
1313,79,12,35,7,-1.8379035956261862,5
1314,107,23,90,11,-1.8399920811097403,12
1315,98,19,73,10,-1.8513717297876133,9
1316,8,67,98,36,-1.8537292484745949,31
1317,112,16,54,9,-1.8715662937888333,7
1318,49,27,84,14,-1.8786207304912834,13
1319,65,68,84,35,-1.8809383053706645,33
1320,88,18,91,10,-1.88786606053127,8
1321,103,14,70,8,-1.9027941936339918,6
1322,61,11,41,6,-1.9034780148497878,5
1323,17,10,76,6,-1.9048948605365954,4
1324,16,35,48,18,-1.9177064489155928,17
1325,37,22,6,11,-1.9187411338779703,11
1326,6,24,76,12,-1.9379440444479508,12
1327,65,33,37,18,-1.9483360284193352,15
1328,65,29,17,15,-1.9693529400333196,14
1329,23,18,54,10,-1.9726565822582236,8
1330,29,11,49,7,-1.979211902956338,4
1331,8,17,85,10,-1.9814351518680657,7
1332,37,13,103,7,-1.9837820518429903,6
1333,41,16,34,9,-1.984665451993842,7
1334,71,10,37,6,-1.9896037058196856,4
1335,32,12,10,5,-1.9897128149353989,7
1336,79,62,98,31,-2.0011122780321187,31
1337,9,30,10,15,-2.0135222581265255,15
1338,46,23,74,11,-2.0141864202403936,12
1339,87,30,23,17,-2.0171902524743803,13
1340,98,49,16,27,-2.0270591279637658,22
1341,74,17,90,9,-2.0301353599309766,8
1342,98,52,38,28,-2.049865770355223,24
1343,84,19,32,11,-2.0621508690380304,8
1344,50,37,8,19,-2.0695631334926405,18
1345,5,13,28,8,-2.0729432233264378,5
1346,90,17,74,9,-2.084849422931559,8
1347,73,14,55,7,-2.1000754331910434,7
1348,50,26,54,15,-2.120731115430667,11
1349,28,34,30,19,-2.1242191690936965,15
1350,1,11,84,6,-2.1264466771262818,5
1351,104,18,16,10,-2.1264699523202073,8
1352,1,15,87,7,-2.13863269092095,8
1353,98,22,13,14,-2.1425027644706,8
1354,65,28,104,17,-2.146356420577703,11
1355,17,42,98,22,-2.156040262361809,20
1356,32,10,18,5,-2.1572241092213504,5
1357,15,11,9,6,-2.1575516880448595,5
1358,51,19,28,10,-2.166180232039241,9
1359,28,19,44,12,-2.1816767204067156,7
1360,86,34,54,18,-2.187612017738008,16
1361,37,23,87,11,-2.1903342027238875,12
1362,65,30,90,17,-2.2173212695918405,13
1363,54,15,73,8,-2.217586045542845,7
1364,28,19,51,10,-2.2206829718405032,9
1365,58,11,8,5,-2.225895511877215,6
1366,55,30,84,16,-2.2432370502927106,14
1367,20,15,17,7,-2.2513060993546468,8
1368,18,17,30,10,-2.261055491526683,7
1369,86,12,93,6,-2.2636523358322767,6
1370,32,18,62,9,-2.2636867699003296,9
1371,17,29,65,16,-2.268456811981481,13
1372,79,13,109,7,-2.2870368719814995,6
1373,54,43,74,21,-2.3054773168053213,22
1374,103,37,23,19,-2.3239729626949774,18
1375,29,39,65,23,-2.3260339041967426,16
1376,43,23,41,13,-2.365299496779167,10
1377,111,41,84,24,-2.3819844012222666,17
1378,86,19,51,10,-2.3909974980346793,9
1379,35,18,76,11,-2.402343332528309,7
1380,57,16,79,8,-2.4270888358529503,8
1381,50,16,18,8,-2.435107533000619,8
1382,6,33,9,18,-2.442634272815348,15
1383,79,24,85,12,-2.4487159616702985,12
1384,37,17,10,10,-2.4518219266203145,7
1385,98,26,48,14,-2.4526617186920143,12
1386,38,40,41,21,-2.453560318141292,19
1387,56,10,111,6,-2.4700990674076566,4
1388,9,44,103,21,-2.4769487250437607,23
1389,29,20,2,11,-2.477941203005174,9
1390,62,15,37,8,-2.478947668963919,7
1391,107,29,74,16,-2.4812045730116727,13
1392,62,17,16,9,-2.488474068439887,8
1393,49,15,79,9,-2.4891645827204787,6
1394,50,33,28,18,-2.5149431929516544,15
1395,79,55,28,26,-2.5183763892961877,29
1396,88,27,79,17,-2.5235166924308925,10
1397,29,19,50,11,-2.5251415163545503,8
1398,54,52,98,26,-2.5290154991382803,26
1399,70,33,41,17,-2.5290882561404575,16
1400,34,11,23,5,-2.5306742696464295,6
1401,88,12,50,6,-2.55945605085457,6
1402,109,25,2,15,-2.564163534371066,10
1403,107,25,55,15,-2.584454892774177,10
1404,65,36,76,21,-2.5854509487365775,15
1405,112,20,38,11,-2.587558109977975,9
1406,65,16,71,8,-2.5963866960665394,8
1407,74,54,98,28,-2.602808875128384,26
1408,13,19,65,9,-2.6163104233607717,10
1409,50,11,70,5,-2.6267029004174307,6
1410,37,54,84,28,-2.6277217904901606,26
1411,111,26,23,15,-2.6303992386646597,11
1412,107,13,30,8,-2.6326975250966638,5
1413,30,25,111,13,-2.652873615194803,12
1414,79,30,54,16,-2.6549718038487007,14
1415,65,39,107,23,-2.657495022575689,16
1416,8,14,15,7,-2.6593953269851665,7
1417,88,20,86,12,-2.6598697754609466,8
1418,98,49,111,27,-2.6617844500730894,22
1419,111,13,43,8,-2.669621436422116,5
1420,43,17,107,9,-2.6703875258201832,8
1421,48,18,10,9,-2.6839997209769586,9
1422,20,39,54,22,-2.7051443867414044,17
1423,28,29,90,16,-2.7096269258470884,13
1424,18,14,76,8,-2.7152421927681294,6
1425,91,20,16,11,-2.721458273562552,9
1426,10,30,9,17,-2.7255115724135353,13
1427,30,14,26,5,-2.7295268644643036,9
1428,29,14,23,8,-2.7325720738957813,6
1429,28,21,34,12,-2.7346627104082093,9
1430,90,31,98,16,-2.7353689958599143,15
1431,79,49,2,26,-2.737321151823357,23
1432,28,30,29,16,-2.741726893835182,14
1433,51,10,18,5,-2.762161861451463,5
1434,86,33,98,19,-2.783908924775316,14
1435,8,23,34,11,-2.786622245645816,12
1436,8,12,14,7,-2.800814824677635,5
1437,34,17,29,8,-2.8011697136542653,9
1438,65,55,38,30,-2.8065899103574563,25
1439,55,34,79,17,-2.81276907525658,17
1440,10,39,2,22,-2.832472254167591,17
1441,16,35,23,19,-2.8430887250810795,16
1442,16,36,54,19,-2.847205712046724,17
1443,73,21,87,11,-2.8520534569669125,10
1444,111,68,8,39,-2.8565755169218745,29
1445,18,29,111,16,-2.8594971088993884,13
1446,57,10,55,6,-2.8631536684623486,4
1447,65,47,6,23,-2.865509863062411,24
1448,29,31,98,16,-2.8666453310461546,15
1449,13,11,55,6,-2.8675322125133507,5
1450,28,15,46,8,-2.8691534505866363,7
1451,111,30,90,17,-2.890544713054332,13
1452,111,30,88,17,-2.894283723315121,13
1453,86,20,50,12,-2.9078735206797086,8
1454,65,50,55,31,-2.908946719241819,19
1455,20,23,91,13,-2.9131035181283305,10
1456,87,10,68,5,-2.918596255497213,5
1457,41,36,29,19,-2.9244119186735795,17
1458,76,15,23,9,-2.9404074687313466,6
1459,89,16,26,8,-3.001544109167066,8
1460,37,30,48,16,-3.008487076456393,14
1461,16,18,38,9,-3.0174584469144006,9
1462,87,65,8,37,-3.03431081241291,28
1463,28,52,111,29,-3.0373034434579136,23
1464,44,14,9,6,-3.041897922279978,8
1465,49,14,32,7,-3.0916039811268714,7
1466,10,17,91,10,-3.0928301943325844,7
1467,9,69,84,40,-3.099921947646205,29
1468,28,28,48,17,-3.110121066492069,11
1469,17,15,20,9,-3.1232806552580397,6
1470,98,10,106,6,-3.1299996913347954,4
1471,6,14,34,8,-3.133573413702534,6
1472,104,14,107,8,-3.134849257552008,6
1473,18,11,57,7,-3.1350959395824463,4
1474,9,11,75,7,-3.1371108575761877,4
1475,38,36,79,20,-3.1386740959807873,16
1476,30,24,79,12,-3.1416063426123593,12
1477,90,10,1,5,-3.1488203588125634,5
1478,87,28,16,16,-3.1498461694102997,12
1479,37,13,91,7,-3.1893915884876454,6
1480,41,16,88,9,-3.1907658333962923,7
1481,56,11,8,7,-3.2076491625407373,4
1482,86,19,23,10,-3.2169168727971034,9
1483,16,17,50,9,-3.220231303548939,8
1484,87,15,1,9,-3.2359540636917368,6
1485,76,24,9,13,-3.2363216845577227,11
1486,10,16,107,8,-3.2508067064167334,8
1487,98,11,59,6,-3.2664563544762375,5
1488,85,17,74,9,-3.280838878179328,8
1489,46,11,10,6,-3.290581679590814,5
1490,88,73,65,41,-3.2914666769586987,32
1491,76,12,104,6,-3.296017349449059,6
1492,41,47,16,25,-3.302949953736054,22
1493,74,27,26,15,-3.318872656585855,12
1494,9,23,13,14,-3.329632202393757,9
1495,107,41,87,24,-3.3314050553362784,17
1496,84,21,91,12,-3.3334541794660995,9
1497,10,32,65,18,-3.3415814520798532,14
1498,63,12,74,7,-3.341793330465063,5
1499,8,26,29,14,-3.355791507675689,12
1500,23,20,91,11,-3.361881304895745,9
1501,85,14,2,7,-3.3798876085075142,7
1502,13,13,76,7,-3.383197454645705,6
1503,91,14,57,9,-3.3879171437646898,5
1504,87,23,62,13,-3.3975423521512766,10
1505,6,12,57,8,-3.4000169565132445,4
1506,79,49,10,24,-3.406409113947316,25
1507,57,12,98,6,-3.420805610146773,6
1508,84,17,51,10,-3.4208891920364017,7
1509,91,10,5,4,-3.4255398118724543,6
1510,18,17,41,10,-3.449494669517191,7
1511,49,20,54,12,-3.4510428931176294,8
1512,6,12,50,7,-3.455131926902719,5
1513,76,21,111,10,-3.4688639491076154,11
1514,107,28,91,16,-3.470162400396322,12
1515,55,14,1,8,-3.472860068937087,6
1516,55,10,51,6,-3.478851515612335,4
1517,91,38,79,20,-3.4922631180595523,18
1518,94,13,65,7,-3.5056909876146594,6
1519,26,33,111,19,-3.5276889460712026,14
1520,16,56,79,32,-3.5446013546657613,24
1521,93,28,111,14,-3.5658268419241614,14
1522,38,25,50,14,-3.5687465201033155,11
1523,23,15,101,9,-3.591604516250615,6
1524,41,12,75,7,-3.6074462973145796,5
1525,48,21,54,10,-3.616041819529222,11
1526,79,11,5,5,-3.6162339827607495,6
1527,37,35,28,20,-3.6424606664448222,15
1528,79,55,41,30,-3.648438067833504,25
1529,73,22,20,12,-3.652177447468763,10
1530,54,57,8,31,-3.6528876305308047,26
1531,65,17,57,11,-3.662004607965262,6
1532,6,18,46,9,-3.6622722012174886,9
1533,65,12,106,7,-3.663753693390405,5
1534,89,14,48,8,-3.663870491648269,6
1535,84,19,30,10,-3.6645394021317808,9
1536,90,38,79,23,-3.67436402078142,15
1537,87,10,60,5,-3.7162194902768513,5
1538,38,22,84,13,-3.7215580721113835,9
1539,88,31,55,19,-3.7522592797042997,12
1540,16,19,90,10,-3.7634391959444016,9
1541,28,47,55,28,-3.7714851181849904,19
1542,28,20,13,13,-3.7776767139915237,7
1543,73,15,79,8,-3.7804037585321253,7
1544,110,11,26,5,-3.781495457699161,6
1545,103,12,110,7,-3.7849274590311146,5
1546,37,56,79,33,-3.799347181152444,23
1547,18,15,93,8,-3.800055574547406,7
1548,9,42,87,23,-3.812818956242764,19
1549,20,14,37,8,-3.824098686874733,6
1550,29,21,91,12,-3.8408205117269745,9
1551,49,14,38,7,-3.855128614080587,7
1552,20,29,74,16,-3.878284866637444,13
1553,17,11,55,6,-3.884041039360635,5
1554,54,16,94,8,-3.8978006398785654,8
1555,98,37,37,21,-3.903745498406781,16
1556,84,38,23,21,-3.904257928801921,17
1557,74,22,43,13,-3.9345782455697655,9
1558,54,20,49,10,-3.941311405051812,10
1559,112,10,91,5,-3.9467548682802898,5
1560,73,22,6,11,-3.9476996189213893,11
1561,111,12,13,7,-3.9528063724151234,5
1562,15,10,10,5,-3.9530007600130346,5
1563,48,13,63,7,-3.9566482027427816,6
1564,8,40,6,23,-3.9569277693347025,17
1565,65,11,51,6,-3.9592432767387025,5
1566,8,40,91,21,-3.9619458521379896,19
1567,20,20,112,10,-3.9655619093439776,10
1568,74,29,16,17,-3.9743417346866288,12
1569,26,14,55,8,-3.9805474058369086,6
1570,74,30,2,16,-4.002224854294571,14
1571,79,33,23,17,-4.005580416521509,16
1572,84,35,50,19,-4.015239488001408,16
1573,103,50,79,29,-4.028559233170848,21
1574,48,15,90,8,-4.039452294275294,7
1575,2,19,26,10,-4.0418718843206785,9
1576,85,16,98,8,-4.042048861968952,8
1577,98,23,109,13,-4.043112033025349,10
1578,10,32,16,18,-4.051397029804461,14
1579,70,22,28,11,-4.0616686909101185,11
1580,9,48,111,25,-4.071160397090479,23
1581,9,36,2,19,-4.083891693569191,17
1582,50,12,17,7,-4.085550670907594,5
1583,107,21,49,11,-4.1198414585006295,10
1584,48,45,8,25,-4.13781228785219,20
1585,10,15,103,8,-4.145748166667439,7
1586,2,15,37,8,-4.147220527730263,7
1587,18,12,20,7,-4.147587922475693,5
1588,91,23,65,11,-4.15010120900015,12
1589,2,61,98,34,-4.158496116358835,27
1590,32,16,2,9,-4.1690776359664925,7
1591,91,10,48,6,-4.178093898435945,4
1592,9,26,62,15,-4.2000680987118795,11
1593,28,32,20,20,-4.206284873777962,12
1594,32,14,49,8,-4.206356269409239,6
1595,91,14,109,7,-4.213752581267598,7
1596,8,12,63,7,-4.221883097493621,5
1597,90,18,86,11,-4.223509495637678,7
1598,6,24,23,13,-4.230313442640464,11
1599,28,56,98,30,-4.235627493859621,26
1600,79,47,6,27,-4.237391580830745,20
1601,8,11,97,7,-4.238412616249602,4
1602,98,39,6,23,-4.250381101594535,16
1603,55,44,111,24,-4.253083069824158,20
1604,103,35,107,20,-4.274205878998454,15
1605,8,17,13,10,-4.28829881572936,7
1606,49,22,8,12,-4.28984337719209,10
1607,48,15,85,9,-4.3053632687921874,6
1608,41,39,26,18,-4.308213459712551,21
1609,90,13,20,8,-4.319530234657453,5
1610,26,27,74,15,-4.321080857814055,12
1611,3,17,54,9,-4.336905078418535,8
1612,84,35,54,21,-4.339079782197693,14
1613,10,58,8,32,-4.3469591524477345,26
1614,34,14,6,7,-4.355179716170928,7
1615,44,13,79,7,-4.356415433762267,6
1616,2,11,57,7,-4.360321050424324,4
1617,37,35,16,22,-4.367993019162764,13
1618,94,11,87,6,-4.3750154371421806,5
1619,1,10,90,6,-4.3756010976452,4
1620,89,13,54,8,-4.375934710162816,5
1621,8,59,74,33,-4.386808600676516,26
1622,41,36,50,20,-4.391684068139686,16
1623,93,10,16,6,-4.39953686299155,4
1624,20,19,43,10,-4.407702920435086,9
1625,103,20,73,11,-4.408542656876497,9
1626,84,46,98,26,-4.417324763930305,20
1627,13,10,90,5,-4.435057658973371,5
1628,2,18,90,10,-4.440452857575476,8
1629,58,16,98,8,-4.454073647186222,8
1630,110,23,20,13,-4.463579786935514,10
1631,15,25,111,15,-4.472513123100849,10
1632,85,13,86,6,-4.482653170773331,7
1633,29,21,111,10,-4.484029622528667,11
1634,93,21,29,12,-4.498959392246702,9
1635,62,11,29,6,-4.502398822563132,5
1636,23,40,41,23,-4.507259861409944,17
1637,28,63,65,37,-4.518514185593871,26
1638,74,15,32,9,-4.51940474758212,6
1639,109,26,65,13,-4.522732343847652,13
1640,23,24,74,13,-4.530539923458647,11
1641,51,10,2,5,-4.541060117126742,5
1642,98,43,20,25,-4.552220105497901,18
1643,57,15,87,8,-4.552409972912951,7
1644,89,20,9,13,-4.555028073124961,7
1645,2,60,28,34,-4.5572863995695005,26
1646,37,13,46,7,-4.568700097838745,6
1647,49,19,28,12,-4.587943557807989,7
1648,15,10,86,5,-4.603054673648835,5
1649,54,27,87,15,-4.613822779482279,12
1650,104,19,79,12,-4.631678959880918,7
1651,89,15,16,9,-4.6371266736073995,6
1652,2,20,29,11,-4.659724574406303,9
1653,28,41,87,24,-4.6711205016054835,17
1654,29,35,87,20,-4.710088352572669,15
1655,93,19,109,11,-4.710552248323457,8
1656,9,30,90,17,-4.717832744642905,13
1657,18,22,107,12,-4.739510447833848,10
1658,98,15,43,9,-4.76949453924207,6
1659,106,13,8,7,-4.770713481148754,6
1660,65,41,23,23,-4.770740161452318,18
1661,28,37,23,21,-4.773448036217733,16
1662,2,61,8,33,-4.776225618469153,28
1663,9,104,65,59,-4.782143267111338,45
1664,104,10,111,6,-4.78538385386757,4
1665,20,12,13,8,-4.788358918637377,4
1666,103,33,50,19,-4.78996402404816,14
1667,30,11,17,6,-4.793161472453949,5
1668,18,11,86,6,-4.795064637153177,5
1669,88,21,87,13,-4.796769422048845,8
1670,9,74,79,42,-4.830524032978498,32
1671,98,12,63,6,-4.86683320207251,6
1672,20,30,93,15,-4.900735470483159,15
1673,5,11,65,6,-4.901615377921411,5
1674,34,14,87,8,-4.9103764474731255,6
1675,103,11,46,6,-4.93491443987304,5
1676,20,37,111,20,-4.947955914179008,17
1677,59,10,10,5,-4.967497448599425,5
1678,86,20,41,11,-4.968122887256161,9
1679,8,22,104,14,-4.9812589465702874,8
1680,107,74,8,42,-4.9989888791116535,32
1681,54,17,62,10,-5.00163311569191,7
1682,112,20,6,11,-5.002047966054127,9
1683,32,20,55,12,-5.010948173246778,8
1684,20,48,87,27,-5.0226538312237645,21
1685,1,17,16,9,-5.031673674933398,8
1686,43,13,111,7,-5.032790373684628,6
1687,41,34,73,19,-5.04227828505889,15
1688,93,25,79,13,-5.066420714783615,12
1689,41,16,59,9,-5.075333393683096,7
1690,18,21,103,12,-5.117263308095353,9
1691,89,29,41,17,-5.128070897369616,12
1692,17,12,54,7,-5.132650672697671,5
1693,32,12,20,7,-5.135866792699634,5
1694,52,10,98,5,-5.141825899051739,5
1695,57,10,111,6,-5.186942618450885,4
1696,10,11,104,6,-5.197242443950484,5
1697,88,24,107,13,-5.199282803734947,11
1698,8,22,30,14,-5.213064512809201,8
1699,111,10,1,5,-5.2389835373250895,5
1700,89,12,50,7,-5.253704218444127,5
1701,41,33,84,21,-5.264393494768322,12
1702,2,33,50,20,-5.273652216296244,13
1703,103,30,17,18,-5.294404276815365,12
1704,48,13,17,7,-5.3071829791256695,6
1705,79,36,50,20,-5.311051747194992,16
1706,66,11,84,6,-5.328070614003664,5
1707,8,23,90,14,-5.338168133162716,9
1708,84,21,29,12,-5.340667565501356,9
1709,6,13,89,8,-5.3628052160146265,5
1710,41,66,8,36,-5.383353261881383,30
1711,38,26,20,15,-5.42296232860249,11
1712,8,17,51,10,-5.424319246056668,7
1713,23,16,109,10,-5.438260955948293,6
1714,6,20,112,11,-5.4417169090825235,9
1715,85,13,63,7,-5.448267876540921,6
1716,111,59,79,36,-5.452702660661963,23
1717,48,28,65,16,-5.455011884092875,12
1718,37,14,55,8,-5.456618910920279,6
1719,38,25,30,13,-5.459363326096931,12
1720,9,10,14,7,-5.463439437022663,3
1721,38,33,54,20,-5.464199343195873,13
1722,87,20,90,13,-5.46489906820685,7
1723,49,13,93,7,-5.465162375246018,6
1724,87,10,89,6,-5.494352199749724,4
1725,86,48,84,27,-5.513451804713854,21
1726,34,16,107,9,-5.514558906998727,7
1727,2,25,91,15,-5.520053374694016,10
1728,75,12,41,6,-5.528249235144268,6
1729,9,44,41,27,-5.529938683768652,17
1730,75,14,79,9,-5.531520330232188,5
1731,2,10,46,6,-5.5419061164561345,4
1732,97,11,28,5,-5.54697078214519,6
1733,98,31,87,19,-5.56520850280109,12
1734,91,27,87,16,-5.596917301348129,11
1735,48,33,6,19,-5.618170706899615,14
1736,57,11,86,6,-5.628641785626694,5
1737,29,22,26,14,-5.630548836449715,8
1738,20,25,6,13,-5.631661671252285,12
1739,48,16,2,8,-5.635246627200354,8
1740,6,26,103,16,-5.659939287843902,10
1741,91,29,111,16,-5.664784285354981,13
1742,91,16,63,9,-5.669548453730627,7
1743,9,13,43,7,-5.6825351087636395,6
1744,84,21,57,13,-5.683170829447634,8
1745,65,23,89,13,-5.729458742490654,10
1746,16,29,55,17,-5.733807755992479,12
1747,55,14,26,8,-5.738748859328652,6
1748,37,20,90,12,-5.74259061703688,8
1749,34,22,98,14,-5.755771842682112,8
1750,9,29,38,16,-5.756435186772359,13
1751,18,52,28,30,-5.761404560840561,22
1752,20,45,8,27,-5.761607512447498,18
1753,6,19,88,11,-5.764151777123855,8
1754,87,25,103,15,-5.765760673855632,10
1755,74,37,111,21,-5.766110055807981,16
1756,79,14,51,8,-5.772506691008205,6
1757,32,23,65,13,-5.774601329387391,10
1758,50,27,55,17,-5.7792084950418126,10
1759,54,18,32,11,-5.782610489553487,7
1760,94,12,8,7,-5.79404543544707,5
1761,6,23,93,13,-5.817803398507305,10
1762,8,37,37,21,-5.826102721509759,16
1763,44,10,2,6,-5.829723764491519,4
1764,10,31,98,18,-5.831587893507185,13
1765,54,55,65,31,-5.851072715135369,24
1766,93,44,8,27,-5.851741181325651,17
1767,48,10,107,6,-5.863597775104665,4
1768,65,70,93,41,-5.867706025046359,29
1769,16,17,17,10,-5.868342075872027,7
1770,62,34,8,20,-5.890484986080946,14
1771,86,13,32,7,-5.89061021119387,6
1772,9,45,74,27,-5.903246001506488,18
1773,2,32,84,19,-5.927588372496059,13
1774,112,20,20,12,-5.928531130259162,8
1775,9,29,26,15,-5.9661383093180325,14
1776,23,18,2,10,-5.985551573396108,8
1777,77,10,49,5,-6.002993751357136,5
1778,91,18,38,10,-6.003578716041364,8
1779,8,10,12,6,-6.006520627559245,4
1780,2,11,94,6,-6.010461250553627,5
1781,91,48,98,26,-6.010481139866049,22
1782,98,27,26,14,-6.028495429489335,13
1783,1,19,41,13,-6.031499987907278,6
1784,9,90,8,52,-6.039048902544096,38
1785,8,72,55,44,-6.055158512520881,28
1786,76,36,84,19,-6.060390706094976,17
1787,2,27,107,16,-6.062909258737931,11
1788,89,25,79,16,-6.066359313406782,9
1789,76,40,79,25,-6.084282644738501,15
1790,48,13,50,7,-6.091992406670462,6
1791,6,17,49,10,-6.097985660912413,7
1792,37,21,30,13,-6.18590113175796,8
1793,66,11,2,7,-6.205381429919992,4
1794,41,35,2,22,-6.231438093089561,13
1795,98,24,30,16,-6.257281108175715,8
1796,9,34,73,20,-6.26373423011622,14
1797,76,25,87,15,-6.268639154144934,10
1798,16,25,32,15,-6.270434527094817,10
1799,50,23,111,14,-6.2704577459608215,9
1800,44,15,111,9,-6.282001615200398,6
1801,54,16,90,9,-6.290244829620483,7
1802,57,14,16,8,-6.297480382884538,6
1803,9,28,55,18,-6.30382991978075,10
1804,34,22,84,14,-6.305423476465441,8
1805,55,23,103,14,-6.322145935947466,9
1806,111,30,2,18,-6.3285907665919945,12
1807,73,19,16,11,-6.3345809988624975,8
1808,6,26,29,15,-6.336301719273395,11
1809,93,22,23,12,-6.338642170645799,10
1810,73,18,86,11,-6.340120760849843,7
1811,111,35,107,21,-6.354913173556495,14
1812,28,10,31,6,-6.368565836830035,4
1813,88,21,103,13,-6.368772240906126,8
1814,18,10,85,7,-6.395980158606009,3
1815,54,37,28,22,-6.41158418063417,15
1816,74,36,79,23,-6.418996516558227,13
1817,76,35,86,19,-6.421456498290004,16
1818,62,10,90,6,-6.441503246890596,4
1819,88,16,20,10,-6.450213485704794,6
1820,9,31,50,19,-6.461782617972463,12
1821,41,41,111,23,-6.476121710491768,18
1822,48,11,23,6,-6.485113687277618,5
1823,86,35,9,20,-6.489629747107354,15
1824,8,35,32,20,-6.49474128076034,15
1825,28,34,103,20,-6.496510604338202,14
1826,62,13,17,8,-6.511092288379042,5
1827,88,26,74,17,-6.51515117164633,9
1828,79,71,8,39,-6.527972319563763,32
1829,70,14,103,7,-6.530155528635714,7
1830,57,18,23,10,-6.535348935160996,8
1831,84,18,14,13,-6.539625119207458,5
1832,16,14,30,9,-6.557206782808548,5
1833,76,33,16,19,-6.592486344596094,14
1834,79,22,17,13,-6.594638264229068,9
1835,18,21,16,13,-6.6099594156094685,8
1836,55,18,74,10,-6.615183527938437,8
1837,73,20,74,12,-6.65525639715505,8
1838,49,15,17,9,-6.655321673670171,6
1839,9,24,18,14,-6.6693794387353345,10
1840,9,66,16,42,-6.672754326390178,24
1841,2,14,15,8,-6.681223250458031,6
1842,16,60,8,37,-6.697923892534512,23
1843,57,16,88,9,-6.6984703888039245,7
1844,9,45,54,27,-6.702036953544882,18
1845,62,18,79,10,-6.70668334197217,8
1846,74,11,89,6,-6.714017548400379,5
1847,88,23,9,14,-6.720321394077199,9
1848,34,19,2,11,-6.72965807263423,8
1849,9,25,17,15,-6.735083403706081,10
1850,8,39,23,24,-6.754046414467995,15
1851,54,17,46,11,-6.756375555864044,6
1852,20,25,2,14,-6.800156386602421,11
1853,41,35,91,22,-6.801656465480554,13
1854,91,26,6,15,-6.823132237906983,11
1855,70,16,30,10,-6.824605553405188,6
1856,28,35,91,22,-6.835662781090061,13
1857,28,38,38,22,-6.868784197702509,16
1858,74,12,57,8,-6.917604242425745,4
1859,17,14,90,8,-6.930186835428706,6
1860,79,19,29,11,-6.95160824378619,8
1861,68,10,73,6,-6.953949871021737,4
1862,101,11,79,6,-6.990861425930868,5
1863,6,19,90,11,-7.003490622158197,8
1864,6,10,51,7,-7.003530037614209,3
1865,48,12,49,6,-7.009433567710917,6
1866,87,26,49,14,-7.009641251598085,12
1867,85,25,84,13,-7.011561663750301,12
1868,6,20,111,12,-7.018385668922464,8
1869,9,40,23,24,-7.0230661313434455,16
1870,79,20,34,11,-7.028247773396106,9
1871,79,19,59,11,-7.0352036880537785,8
1872,34,12,55,8,-7.041774709364915,4
1873,6,37,54,25,-7.076146780640979,12
1874,65,79,20,49,-7.086476721291006,30
1875,18,11,10,8,-7.118488462247401,3
1876,86,28,74,17,-7.1305410605737976,11
1877,76,38,88,22,-7.1343275235110095,16
1878,103,20,29,12,-7.147753101442866,8
1879,85,10,88,6,-7.153055622545776,4
1880,32,16,103,10,-7.165401001930764,6
1881,50,15,91,10,-7.173346443278113,5
1882,6,11,5,7,-7.175117705775805,4
1883,98,40,23,25,-7.180366591070178,15
1884,84,28,93,17,-7.199721204090467,11
1885,20,17,94,11,-7.2006491767087315,6
1886,34,13,111,7,-7.201437198359542,6
1887,41,17,76,10,-7.204077205660158,7
1888,29,19,54,13,-7.208882798727994,6
1889,6,29,55,20,-7.216182147698296,9
1890,103,49,98,31,-7.248745608369259,18
1891,88,24,84,15,-7.256956915758408,9
1892,38,14,88,8,-7.257573306252318,6
1893,112,12,28,7,-7.260189333899199,5
1894,50,34,98,19,-7.261172888009824,15
1895,86,19,10,12,-7.266452513785874,7
1896,73,10,30,6,-7.275241295919059,4
1897,70,15,23,9,-7.277989111704881,6
1898,68,24,8,14,-7.280502110476539,10
1899,94,16,9,9,-7.284482029205985,7
1900,41,44,87,25,-7.307077046689722,19
1901,10,21,54,13,-7.316914939103644,8
1902,88,14,73,9,-7.3213336498634565,5
1903,88,10,10,6,-7.329331983472329,4
1904,87,10,75,7,-7.33172030014438,3
1905,10,23,89,14,-7.332600528276464,9
1906,103,15,10,9,-7.34175922383016,6
1907,87,22,38,14,-7.344861542182534,8
1908,65,14,43,8,-7.347774243596503,6
1909,84,28,20,18,-7.362780437625795,10
1910,8,12,94,7,-7.380839863701188,5
1911,16,55,28,33,-7.39391038585395,22
1912,5,15,98,9,-7.403088174401654,6
1913,38,14,32,9,-7.40322551749003,5
1914,49,13,41,9,-7.40613906742907,4
1915,54,29,88,17,-7.418874182686381,12
1916,68,14,98,10,-7.427653338623117,4
1917,50,31,87,19,-7.429484842498567,12
1918,76,17,55,10,-7.436338470025706,7
1919,8,16,1,9,-7.473060523777067,7
1920,48,41,84,24,-7.473943913102841,17
1921,79,23,18,13,-7.489902589142588,10
1922,38,24,2,13,-7.498014725943604,11
1923,86,19,30,15,-7.518943165430902,4
1924,54,28,103,16,-7.519450232339541,12
1925,107,20,29,13,-7.525530619454991,7
1926,70,17,79,9,-7.5316286806742845,8
1927,79,44,87,26,-7.536002835414299,18
1928,84,58,16,35,-7.5547803687620165,23
1929,76,22,54,12,-7.5913296991413866,10
1930,86,26,111,15,-7.599516330003595,11
1931,74,20,10,13,-7.659112863437722,7
1932,18,47,8,29,-7.672994078954997,18
1933,91,25,2,14,-7.689227776137411,11
1934,65,69,111,40,-7.692935034996464,29
1935,59,11,23,7,-7.703199044299864,4
1936,85,14,111,9,-7.7293785704579765,5
1937,74,19,17,11,-7.746897696537682,8
1938,28,37,6,23,-7.752310827460261,14
1939,109,13,29,8,-7.764821554426809,5
1940,65,50,74,31,-7.770632429945084,19
1941,2,11,58,7,-7.801381373372687,4
1942,11,10,28,6,-7.813271079515405,4
1943,28,27,10,18,-7.815329969763904,9
1944,37,32,76,21,-7.820497576953575,11
1945,38,36,8,23,-7.848513446954382,13
1946,79,19,13,13,-7.906337893146557,6
1947,15,14,65,8,-7.926434893021066,6
1948,86,16,49,8,-7.927120710777818,8
1949,34,12,16,7,-7.93686592393514,5
1950,37,25,54,17,-7.943083932672221,8
1951,68,17,65,10,-7.944869327403057,7
1952,29,13,10,8,-7.9538773066866035,5
1953,18,26,98,16,-7.97184494616587,10
1954,37,12,109,7,-7.972273664149992,5
1955,2,47,16,29,-7.981559053660557,18
1956,41,51,28,29,-7.984931407212335,22
1957,34,16,41,9,-7.985588983079851,7
1958,49,11,30,7,-7.987908463510183,4
1959,46,12,29,8,-7.9900680110629,4
1960,30,20,91,11,-7.991950999433738,9
1961,41,15,90,9,-7.997737246515692,6
1962,86,11,1,7,-8.004187715591295,4
1963,86,39,37,23,-8.0080700796393,16
1964,74,11,13,7,-8.04867506694036,4
1965,51,15,87,9,-8.07320098757072,6
1966,86,19,38,13,-8.082390856875639,6
1967,9,14,19,8,-8.117304295019103,6
1968,88,34,16,23,-8.122245417151195,11
1969,28,13,12,9,-8.124512247092587,4
1970,85,11,107,5,-8.136688307054937,6
1971,43,23,8,14,-8.144232099403988,9
1972,106,18,79,10,-8.14725786066595,8
1973,20,16,16,9,-8.147746017528718,7
1974,9,28,109,17,-8.15969199672273,11
1975,88,22,37,14,-8.183683667321686,8
1976,93,12,73,8,-8.187757780124674,4
1977,20,34,55,20,-8.188491546924638,14
1978,98,29,49,17,-8.192506354783728,12
1979,86,32,87,20,-8.21679836473407,12
1980,94,13,28,8,-8.222371266039172,5
1981,16,10,26,6,-8.231874067384084,4
1982,17,14,111,8,-8.239799794462417,6
1983,17,12,87,7,-8.243209253291534,5
1984,9,33,20,22,-8.272596506781891,11
1985,58,12,65,6,-8.279172093518053,6
1986,103,44,41,30,-8.282446815251143,14
1987,9,22,32,14,-8.29537961179385,8
1988,87,19,70,12,-8.303039543335913,7
1989,59,17,9,11,-8.305936798720651,6
1990,28,12,75,7,-8.309970323928434,5
1991,109,33,8,20,-8.311226620633253,13
1992,50,26,107,17,-8.311520729916491,9
1993,35,10,8,6,-8.33580666741078,4
1994,9,36,91,22,-8.337030454552687,14
1995,107,12,13,8,-8.34538143971718,4
1996,41,14,48,9,-8.381561565116135,5
1997,65,14,1,9,-8.385347213000841,5
1998,23,19,90,12,-8.394839451243373,7
1999,89,11,90,7,-8.39679691457017,4
2000,76,19,107,12,-8.417024283490269,7
2001,87,17,43,11,-8.41719039009833,6
2002,10,21,73,14,-8.419335562342066,7
2003,20,52,41,34,-8.422070633311236,18
2004,28,38,93,23,-8.493138656897244,15
2005,48,29,79,17,-8.497699357023038,12
2006,109,10,89,6,-8.517312082575357,4
2007,84,14,89,10,-8.522483406182122,4
2008,103,24,26,14,-8.523036763842917,10
2009,18,23,87,15,-8.524533269279637,8
2010,62,18,41,11,-8.537234992782363,7
2011,10,17,93,11,-8.56386374848909,6
2012,76,22,15,14,-8.619922527093358,8
2013,103,12,13,7,-8.636840481158112,5
2014,109,18,34,11,-8.662734980033568,7
2015,20,15,34,10,-8.686931056567454,5
2016,54,30,93,21,-8.691717045102084,9
2017,37,23,23,15,-8.700238300329012,8
2018,34,23,8,15,-8.70757839693712,8
2019,28,30,76,19,-8.740254380542526,11
2020,65,44,63,27,-8.740276055139425,17
2021,26,14,23,9,-8.749236801747239,5
2022,28,41,107,24,-8.76613557105835,17
2023,91,25,103,13,-8.771979208636077,12
2024,50,13,10,8,-8.778099244971948,5
2025,9,24,29,14,-8.78680407934639,10
2026,85,11,10,6,-8.81027661814343,5
2027,86,64,16,41,-8.84074954383976,23
2028,13,12,103,7,-8.842888031531043,5
2029,111,33,16,19,-8.850438007878841,14
2030,94,17,98,11,-8.877059957058036,6
2031,76,49,8,31,-8.921707122679692,18
2032,62,13,104,9,-8.924566951625799,4
2033,91,34,74,21,-8.929879415193879,13
2034,110,20,107,12,-8.933567921834618,8
2035,54,19,30,12,-8.941378731198723,7
2036,109,11,86,6,-8.956500368087859,5
2037,65,40,2,27,-8.96445994810743,13
2038,84,17,17,11,-8.96660578083433,6
2039,107,17,43,11,-8.97149730664326,6
2040,8,27,17,17,-8.984203308848393,10
2041,20,10,46,5,-8.988887305938205,5
2042,76,35,74,23,-9.021109435296271,12
2043,65,57,16,35,-9.041777655106582,22
2044,109,13,106,8,-9.062668099795836,5
2045,46,10,20,7,-9.07799592694241,3
2046,32,12,26,7,-9.097694016198698,5
2047,57,11,2,6,-9.107338089684548,5
2048,30,14,23,8,-9.118564512919743,6
2049,65,58,98,37,-9.126651402593728,21
2050,85,22,16,14,-9.206163589977447,8
2051,9,31,107,18,-9.2148470049301,13
2052,6,18,30,13,-9.214935490589037,5
2053,49,15,74,9,-9.24696946196511,6
2054,50,14,43,9,-9.274747817248809,5
2055,23,17,50,10,-9.30009053265053,7
2056,32,29,111,17,-9.306159625162504,12
2057,55,15,23,9,-9.335240638495888,6
2058,29,22,74,13,-9.341715830488063,9
2059,87,11,104,8,-9.348380844680923,3
2060,8,16,46,10,-9.372412655150548,6
2061,73,17,50,10,-9.374278992438523,7
2062,8,14,59,9,-9.376826871718675,5
2063,70,22,16,15,-9.38991140179792,7
2064,13,13,49,8,-9.426239729184449,5
2065,55,10,70,6,-9.436952114481349,4
2066,44,17,65,10,-9.4437024578389,7
2067,41,13,37,8,-9.466346040258511,5
2068,109,24,20,17,-9.467777006169475,7
2069,19,11,103,7,-9.481054864710428,4
2070,58,11,6,7,-9.48949645741495,4
2071,28,16,43,11,-9.500596764145223,5
2072,88,14,32,10,-9.505084521049726,4
2073,8,45,26,27,-9.507536225083523,18
2074,17,13,91,8,-9.524679603281811,5
2075,65,21,60,13,-9.571951123571157,8
2076,89,22,23,14,-9.57687547449059,8
2077,68,18,20,11,-9.579258034610852,7
2078,107,28,79,19,-9.628503445575703,9
2079,62,26,98,16,-9.641858129313674,10
2080,54,23,55,16,-9.64818102580083,7
2081,38,32,29,21,-9.68129980112226,11
2082,54,42,111,27,-9.68998535179476,15
2083,71,11,84,7,-9.719967933053262,4
2084,63,12,37,7,-9.72036358497327,5
2085,2,17,70,12,-9.72121584945483,5
2086,103,36,111,23,-9.751404731703081,13
2087,103,42,8,29,-9.75520368768584,13
2088,13,11,6,7,-9.767233760195804,4
2089,64,10,28,6,-9.858359509289873,4
2090,63,18,84,11,-9.878227554424287,7
2091,18,13,55,8,-9.904044926459408,5
2092,75,10,103,6,-9.927646178593532,4
2093,55,17,10,10,-9.955177794264818,7
2094,38,24,111,15,-9.966212518632448,9
2095,70,10,29,7,-9.974371860410164,3
2096,6,26,87,17,-10.021273865079603,9
2097,30,11,88,6,-10.02483572373662,5
2098,46,17,111,11,-10.027977766283334,6
2099,9,13,63,8,-10.036609783490736,5
2100,76,18,70,11,-10.093236874604168,7
2101,74,29,103,20,-10.120878103689183,9
2102,50,15,30,9,-10.120991429675161,6
2103,20,13,86,8,-10.127179055472489,5
2104,84,14,109,9,-10.149942855967595,5
2105,65,23,110,15,-10.151511833678441,8
2106,18,17,74,11,-10.161044876408567,6
2107,38,10,60,6,-10.18694980154264,4
2108,96,12,65,7,-10.190345361441295,5
2109,6,16,26,11,-10.241752287967033,5
2110,109,14,91,9,-10.246844938152377,5
2111,73,16,2,10,-10.299221262346563,6
2112,73,13,26,7,-10.351393753977627,6
2113,75,11,2,7,-10.369833561069749,4
2114,79,25,32,17,-10.371411167010606,8
2115,20,12,18,7,-10.384022260291557,5
2116,1,20,98,14,-10.38637572035043,6
2117,17,10,29,7,-10.395985227153455,3
2118,49,17,20,11,-10.413212284497668,6
2119,85,17,28,11,-10.422040777311393,6
2120,32,12,6,8,-10.571898387448906,4
2121,65,15,70,10,-10.573807897523746,5
2122,109,14,103,10,-10.579033749442829,4
2123,9,63,28,40,-10.597279931325804,23
2124,101,10,65,6,-10.616476001261294,4
2125,58,13,38,9,-10.642287291889895,4
2126,109,18,74,11,-10.643610558105998,7
2127,16,16,75,11,-10.668295124883432,5
2128,109,16,107,10,-10.668493285549749,6
2129,6,26,16,16,-10.690827392878644,10
2130,103,50,65,34,-10.698432421307977,16
2131,85,10,91,5,-10.70245375594107,5
2132,41,26,55,16,-10.703172393729929,10
2133,44,33,6,21,-10.727467153198667,12
2134,66,13,8,9,-10.73746092576916,4
2135,30,20,55,12,-10.741156330527383,8
2136,37,10,50,6,-10.742277179240878,4
2137,86,10,63,7,-10.764144399471371,3
2138,18,14,23,10,-10.76931964993769,4
2139,23,16,17,11,-10.781653305644493,5
2140,103,25,30,17,-10.7828746133779,8
2141,68,11,50,8,-10.798306988405816,3
2142,62,11,30,7,-10.859839313714286,4
2143,8,10,11,7,-10.874801270533913,3
2144,10,12,30,9,-10.892413512021442,3
2145,65,30,26,19,-10.898269254189747,11
2146,112,10,79,7,-10.915254803865453,3
2147,20,38,26,25,-10.946036152479264,13
2148,2,11,13,8,-10.953261699605447,3
2149,6,14,38,10,-11.00539879038108,4
2150,50,20,65,13,-11.026543162219182,7
2151,110,12,98,8,-11.026999619900325,4
2152,6,25,74,17,-11.078169532223486,8
2153,46,13,26,8,-11.17021351687407,5
2154,28,10,15,7,-11.17654596174133,3
2155,76,15,10,10,-11.19785494455368,5
2156,76,30,98,19,-11.216083900022134,11
2157,1,14,93,10,-11.222746146114872,4
2158,50,18,32,11,-11.22509689213064,7
2159,29,21,30,13,-11.231145218657776,8
2160,48,19,74,12,-11.291194819179545,7
2161,16,10,15,7,-11.341181120584986,3
2162,103,22,2,16,-11.358008021341286,6
2163,9,18,46,11,-11.371108835096305,7
2164,97,10,9,6,-11.373867326772805,4
2165,10,27,84,18,-11.412845799216361,9
2166,9,18,34,12,-11.424677985788941,6
2167,62,13,76,7,-11.431107076079652,6
2168,79,14,63,9,-11.440813334618326,5
2169,41,20,17,15,-11.462467383182346,5
2170,104,12,54,8,-11.494854806347556,4
2171,79,33,20,23,-11.52637500903139,10
2172,109,22,38,15,-11.56196931683469,7
2173,91,15,55,11,-11.567443094683275,4
2174,13,18,16,12,-11.568229122492733,6
2175,18,16,65,11,-11.593628436717697,5
2176,88,36,98,26,-11.597244203642864,10
2177,18,11,91,7,-11.60000478191822,4
2178,15,17,98,11,-11.628891195956703,6
2179,70,14,107,9,-11.658453467748311,5
2180,20,41,107,26,-11.716667295780281,15
2181,62,13,70,8,-11.719880801732707,5
2182,76,19,91,13,-11.73007415910032,6
2183,41,46,98,29,-11.731122692702455,17
2184,79,10,15,7,-11.756403792330076,3
2185,107,14,1,9,-11.758251767033556,5
2186,88,15,46,11,-11.797390382153155,4
2187,103,29,93,19,-11.801085216233046,10
2188,9,11,58,8,-11.822266619156148,3
2189,41,37,54,25,-11.82264476558168,12
2190,62,15,23,11,-11.828374088275885,4
2191,76,18,46,13,-11.839725822660837,5
2192,109,14,43,9,-11.86646010992543,5
2193,87,44,26,29,-11.8713861461171,15
2194,111,17,48,12,-11.902706300174234,5
2195,17,13,18,8,-11.905263091036248,5
2196,41,18,93,13,-11.934886536237409,5
2197,98,24,32,16,-11.959293567844908,8
2198,11,15,98,10,-11.975065250902475,5
2199,6,18,18,12,-12.078104024118803,6
2200,103,11,58,8,-12.093407699535733,3
2201,86,30,2,21,-12.099198274525836,9
2202,62,10,49,6,-12.115401300524669,4
2203,9,21,49,15,-12.121824388775858,6
2204,87,31,93,21,-12.128116221108835,10
2205,109,11,10,7,-12.166039484484616,4
2206,17,23,28,16,-12.18853165380181,7
2207,48,15,51,11,-12.237016972870073,4
2208,62,17,84,11,-12.2561085252652,6
2209,41,24,32,15,-12.295470101415006,9
2210,50,17,93,11,-12.303370496346973,6
2211,79,36,26,23,-12.308609129885165,13
2212,89,20,28,13,-12.339450745494947,7
2213,26,12,93,8,-12.342400061412192,4
2214,5,11,37,8,-12.40514876959749,3
2215,23,18,20,13,-12.419097927334018,5
2216,62,22,93,15,-12.439036445917946,7
2217,84,14,15,10,-12.488568021465506,4
2218,54,17,63,11,-12.490244827941916,6
2219,74,24,93,17,-12.502159859623028,7
2220,84,16,18,11,-12.537157233284482,5
2221,70,11,90,8,-12.581946187652854,3
2222,98,41,55,29,-12.606268888418896,12
2223,103,33,20,24,-12.666531668869958,9
2224,90,11,73,8,-12.699639901607064,3
2225,89,13,8,9,-12.710180677943102,4
2226,111,21,73,14,-12.761253099258205,7
2227,34,16,76,11,-12.786935837518197,5
2228,5,13,87,9,-12.788098556943213,4
2229,10,10,57,7,-12.834446961452096,3
2230,14,11,87,8,-12.902634224263672,3
2231,8,11,3,8,-12.917286316124734,3
2232,34,13,37,9,-12.94192710541144,4
2233,9,20,30,15,-13.007263608231156,5
2234,50,10,112,7,-13.007963386743393,3
2235,43,18,55,12,-13.012921035450159,6
2236,87,18,30,13,-13.014989971455233,5
2237,87,44,55,31,-13.094785606776856,13
2238,103,11,43,7,-13.185714828889324,4
2239,109,25,54,17,-13.226950364849456,8
2240,107,17,32,13,-13.233625998220854,4
2241,89,10,58,7,-13.242354787086828,3
2242,109,24,26,17,-13.28104412568642,7
2243,73,12,89,8,-13.292782754035763,4
2244,65,20,49,13,-13.30931270402653,7
2245,74,12,70,9,-13.332522800110302,3
2246,109,22,32,15,-13.338298268264793,7
2247,91,10,112,7,-13.348872894391056,3
2248,102,15,65,10,-13.376564163015649,5
2249,93,10,90,6,-13.383501710064953,4
2250,55,16,86,10,-13.429599224429374,6
2251,98,15,104,10,-13.432187273541654,5
2252,37,14,57,10,-13.445596594451896,4
2253,28,17,104,13,-13.49480233856697,4
2254,38,23,74,15,-13.507243955925757,8
2255,75,10,93,6,-13.518069263380198,4
2256,51,15,54,10,-13.54181691471162,5
2257,37,20,111,13,-13.57504840749372,7
2258,43,17,26,13,-13.599337683555719,4
2259,62,20,55,13,-13.641198132357038,7
2260,57,21,8,14,-13.698942718189372,7
2261,73,16,38,10,-13.771113964229546,6
2262,8,12,77,9,-13.77292858304554,3
2263,50,11,26,8,-13.838338669086026,3
2264,37,17,93,12,-13.86566848008157,5
2265,2,22,55,15,-13.871872112800908,7
2266,38,25,55,17,-13.895599618213826,8
2267,109,12,70,9,-13.90225333563024,3
2268,79,14,46,9,-13.926744437290198,5
2269,43,13,93,9,-14.023507590551977,4
2270,8,16,110,12,-14.095812927776766,4
2271,9,19,57,14,-14.131595269591728,5
2272,71,11,98,8,-14.175605929164412,3
2273,75,12,88,9,-14.17810109540354,3
2274,38,12,48,9,-14.205802555452118,3
2275,37,15,85,12,-14.24206758838983,3
2276,109,12,50,8,-14.261856398454315,4
2277,8,10,60,7,-14.262033464961124,3
2278,44,10,84,7,-14.273373064789189,3
2279,91,11,46,8,-14.304066831342245,3
2280,17,12,86,9,-14.311620358508236,3
2281,66,10,28,6,-14.329185091749263,4
2282,17,10,93,7,-14.339747933079,3
2283,62,25,107,17,-14.352538477201138,8
2284,23,23,10,15,-14.368201832765772,8
2285,70,10,93,7,-14.39063937475962,3
2286,20,26,29,18,-14.478890408494557,8
2287,50,11,110,8,-14.53197897415603,3
2288,41,29,107,19,-14.562926810474382,10
2289,9,35,93,25,-14.581920450551175,10
2290,20,19,62,14,-14.58480992394943,5
2291,59,14,65,9,-14.654063925888897,5
2292,38,25,93,17,-14.706979782976548,8
2293,41,13,13,9,-14.878152444409174,4
2294,65,13,34,9,-14.952887978937532,4
2295,65,10,14,8,-15.014185877069247,2
2296,91,14,93,10,-15.15871388627099,4
2297,107,33,26,26,-15.181646063962573,7
2298,88,17,90,12,-15.203720699131468,5
2299,18,11,90,8,-15.206260273523736,3
2300,28,26,26,19,-15.21129576490937,7
2301,6,31,2,22,-15.303923962237267,9
2302,88,12,70,9,-15.445871190573252,3
2303,76,20,2,14,-15.537111030617941,6
2304,59,10,16,6,-15.561569445873218,4
2305,49,15,88,11,-15.58049621010895,4
2306,73,12,29,9,-15.669782329836794,3
2307,38,15,17,11,-15.678044683298909,4
2308,76,11,63,9,-15.722552601658151,2
2309,62,30,111,22,-15.726936324972732,8
2310,1,10,9,7,-15.741033236862672,3
2311,30,14,93,10,-15.791222727391174,4
2312,66,14,6,11,-15.817538028688281,3
2313,6,25,107,18,-15.86852463621124,7
2314,109,16,55,12,-15.902114621962275,4
2315,109,15,73,11,-16.045215872132836,4
2316,91,12,90,8,-16.09870244517901,4
2317,73,14,13,10,-16.136190462677256,4
2318,103,11,59,8,-16.26665644300863,3
2319,103,13,62,9,-16.299156500586875,4
2320,76,10,90,6,-16.366179419754246,4
2321,85,13,30,10,-16.384026425638844,3
2322,48,11,93,9,-16.455609477518344,2
2323,13,13,84,9,-16.46386860483062,4
2324,69,13,26,10,-16.62596512327185,3
2325,41,10,69,7,-16.634275461416586,3
2326,86,15,64,11,-16.69231676855436,4
2327,76,13,57,10,-16.719909290440036,3
2328,48,10,20,8,-16.747092552182814,2
2329,109,31,41,26,-16.84086997358482,5
2330,15,12,38,9,-16.8804957204812,3
2331,54,13,26,8,-16.939787162296547,5
2332,37,12,17,8,-17.032407993640543,4
2333,40,12,84,8,-17.332670427846264,4
2334,13,12,88,8,-17.46642955261517,4
2335,74,15,34,11,-17.590780828086352,4
2336,110,10,41,9,-17.60725146483,1
2337,28,16,57,13,-17.622492175797955,3
2338,70,13,63,10,-17.95951063791253,3
2339,10,15,38,12,-18.015221595889397,3
2340,109,26,28,19,-18.037037713141515,7
2341,7,12,79,9,-18.096381711285996,3
2342,98,11,51,8,-18.116158962815206,3
2343,87,11,58,9,-18.229025747195358,2
2344,20,12,106,8,-18.3115400770612,4
2345,37,10,18,8,-18.374799448579118,2
2346,1,18,10,14,-18.37916925532281,4
2347,84,19,70,14,-18.45970702020701,5
2348,6,15,109,11,-18.56848342127744,4
2349,86,15,70,11,-18.585222369284804,4
2350,38,24,26,18,-18.614524044017745,6
2351,2,13,18,10,-18.66694455968119,3
2352,88,11,26,8,-18.78599149196052,3
2353,109,16,111,12,-18.82454889767414,4
2354,85,10,87,8,-19.06738234368307,2
2355,50,13,62,10,-19.202113459727396,3
2356,29,12,110,10,-19.248543702222975,2
2357,71,11,62,10,-19.256947117568178,1
2358,38,14,43,10,-19.328461951187712,4
2359,71,16,8,12,-19.462058925791528,4
2360,75,12,55,10,-19.502608543209227,2
2361,9,10,5,8,-19.535484203654345,2
2362,23,14,73,11,-19.63848596555713,3
2363,10,12,41,10,-19.73715787827288,2
2364,103,10,34,9,-19.87880862427677,1
2365,109,12,110,10,-20.16933250309852,2
2366,10,10,17,8,-20.222695302818998,2
2367,46,16,87,12,-20.367401158879723,4
2368,9,10,64,8,-20.43457650048481,2
2369,28,12,63,10,-20.823166880790417,2
2370,110,14,74,11,-20.87504771154673,3
2371,112,10,74,8,-21.19759389237862,2
2372,109,29,87,23,-21.226363241987656,6
2373,16,13,49,10,-21.289813895584388,3
2374,87,10,106,9,-21.564542850873874,1
2375,70,24,111,19,-21.761941281988644,5
2376,44,11,17,9,-22.07291294624117,2
2377,10,17,20,14,-22.076263289071715,3
2378,65,20,30,17,-22.085363652244506,3
2379,94,10,84,9,-22.762013140609874,1
2380,10,10,26,8,-22.77202326046866,2
2381,41,12,57,10,-23.379405756490282,2
2382,86,15,103,13,-23.96793650375476,2
2383,91,12,34,10,-26.418580170999167,2
2384,49,11,26,8,-26.831812890773925,3
2385,43,10,91,10,-27.34458455824453,0
2386,73,10,107,9,-28.662979189254315,1
2387,65,10,64,9,-31.45578016441545,1
