,againstHero,games,hero,losses,shift,wins
0,107,10,73,1,28.662979189254322,9
1,91,10,43,0,27.344584558244538,10
2,51,10,98,2,24.35094901896113,8
3,57,12,41,2,23.379405756490286,10
4,46,12,79,3,22.937950861983726,9
5,26,10,10,2,22.772023260468664,8
6,84,10,94,1,22.762013140609874,9
7,103,14,86,2,22.23128995246997,12
8,30,20,65,3,22.085363652244506,17
9,17,11,44,2,22.07291294624117,9
10,111,24,70,5,21.76194128198864,19
11,106,10,87,1,21.56454285087387,9
12,87,29,109,6,21.22636324198765,23
13,74,14,110,3,20.87504771154673,11
14,63,12,28,2,20.823166880790417,10
15,64,10,9,2,20.434576500484805,8
16,110,12,109,2,20.16933250309852,10
17,41,12,10,2,19.73715787827288,10
18,5,10,9,2,19.535484203654345,8
19,62,11,71,1,19.25694711756818,10
20,110,12,29,2,19.248543702222978,10
21,62,13,50,3,19.202113459727393,10
22,26,11,88,3,18.785991491960523,8
23,13,13,73,3,18.664938371551475,10
24,70,15,86,4,18.5852223692848,11
25,18,10,37,2,18.374799448579125,8
26,106,12,20,4,18.3115400770612,8
27,58,11,87,2,18.229025747195355,9
28,63,13,70,3,17.959510637912526,10
29,34,12,91,3,17.68170151948013,9
30,57,16,28,3,17.62249217579795,13
31,41,10,110,1,17.607251464829996,9
32,26,11,49,4,17.344464565076983,7
33,84,12,40,4,17.332670427846264,8
34,17,12,37,4,17.032407993640543,8
35,26,13,54,5,16.939787162296547,8
36,43,14,38,5,16.915982285417527,9
37,38,12,15,3,16.880495720481196,9
38,55,10,75,2,16.87529026635735,8
39,87,16,46,5,16.835827645118428,11
40,79,11,7,3,16.787957917287823,8
41,20,10,48,2,16.747092552182814,8
42,57,13,76,3,16.719909290440036,10
43,70,18,84,5,16.508530248974694,13
44,93,11,48,2,16.455609477518344,9
45,30,13,85,3,16.384026425638844,10
46,90,10,76,4,16.36617941975424,6
47,62,13,103,4,16.29915650058687,9
48,59,11,103,3,16.266656443008632,8
49,88,11,13,4,16.14519587558019,7
50,90,12,91,4,16.09870244517902,8
51,73,15,109,4,16.045215872132836,11
52,55,16,109,4,15.902114621962271,12
53,63,10,76,2,15.758872099365846,8
54,17,15,38,4,15.678044683298907,11
55,29,12,73,3,15.669782329836798,9
56,64,14,86,4,15.598910823451098,10
57,16,10,59,4,15.561569445873221,6
58,70,12,88,3,15.445871190573252,9
59,88,14,49,4,15.417698158924916,10
60,90,11,18,3,15.206260273523736,8
61,90,17,88,5,15.203720699131468,12
62,93,14,91,4,15.158713886270988,10
63,73,14,23,4,15.067057394128556,10
64,14,10,65,2,15.014185877069247,8
65,26,24,38,7,14.873702675608984,17
66,49,18,9,4,14.8326144474012,14
67,93,25,38,8,14.706979782976548,17
68,62,19,20,5,14.58480992394943,14
69,110,11,50,3,14.53197897415603,8
70,93,10,70,3,14.39063937475962,7
71,107,25,62,8,14.352538477201135,17
72,93,10,17,3,14.339747933079,7
73,46,11,91,3,14.304066831342244,8
74,107,24,6,7,14.280700108053146,17
75,84,10,44,3,14.273373064789187,7
76,60,10,8,3,14.262033464961124,7
77,50,12,109,4,14.261856398454315,8
78,85,15,37,3,14.24206758838983,12
79,98,11,71,3,14.175605929164412,8
80,8,16,71,5,14.113253369392229,11
81,110,16,8,4,14.095812927776766,12
82,84,10,71,3,14.081174379011514,7
83,70,12,109,3,13.90225333563024,9
84,26,33,107,8,13.8753667821026,25
85,55,22,2,7,13.871872112800904,15
86,93,17,37,5,13.86566848008157,12
87,111,29,62,9,13.774369821264143,20
88,38,16,73,6,13.771113964229546,10
89,111,16,109,5,13.722443192828687,11
90,26,13,69,4,13.665838119385654,9
91,84,11,13,4,13.639117442072546,7
92,32,11,86,4,13.614509147107826,7
93,93,10,75,4,13.518069263380204,6
94,57,14,37,4,13.445596594451896,10
95,104,15,98,5,13.432187273541654,10
96,86,16,55,6,13.429599224429374,10
97,90,10,93,4,13.383501710064953,6
98,70,12,74,3,13.332522800110302,9
99,18,13,2,4,13.317961607759768,9
100,58,10,89,3,13.242354787086834,7
101,54,25,109,8,13.226950364849456,17
102,63,11,9,4,13.22612334118429,7
103,57,18,9,5,13.111737037609833,13
104,104,16,28,4,13.053729665325516,12
105,30,18,87,5,13.014989971455233,13
106,112,10,50,3,13.007963386743393,7
107,37,13,34,4,12.94192710541144,9
108,3,11,8,3,12.917286316124732,8
109,87,11,14,3,12.902634224263675,8
110,6,14,66,4,12.900366001703455,10
111,76,16,34,5,12.786935837518199,11
112,69,10,41,4,12.78611035636453,6
113,8,13,89,4,12.710180677943102,9
114,73,11,90,3,12.699639901607059,8
115,20,17,10,5,12.615963085132512,12
116,63,17,54,6,12.490244827941915,11
117,93,22,62,7,12.439036445917953,15
118,20,18,23,5,12.419097927334018,13
119,65,14,102,5,12.405379926735005,9
120,93,35,9,11,12.343319225978647,24
121,93,12,26,4,12.342400061412192,8
122,5,10,6,3,12.315803636217789,7
123,93,17,50,6,12.303370496346973,11
124,2,20,76,7,12.29741854724382,13
125,84,17,62,6,12.2561085252652,11
126,10,23,23,9,12.202189639863423,14
127,51,14,8,4,12.198118526106859,10
128,49,10,62,4,12.115401300524669,6
129,58,11,103,3,12.09340769953573,8
130,34,15,74,5,12.034087436505338,10
131,38,15,10,4,12.029907406435381,11
132,98,15,11,5,11.975065250902475,10
133,93,18,41,5,11.934886536237407,13
134,86,11,17,3,11.91334726133627,8
135,18,13,17,5,11.905263091036248,8
136,48,17,111,5,11.902706300174234,12
137,98,33,88,9,11.889432646391752,24
138,43,14,109,5,11.866460109925432,9
139,75,11,28,4,11.851884133202418,7
140,23,15,62,4,11.828374088275886,11
141,15,10,79,3,11.756403792330076,7
142,98,46,41,17,11.731122692702455,29
143,91,19,76,6,11.730074159100322,13
144,111,13,17,5,11.721850280886857,8
145,70,13,62,5,11.719880801732707,8
146,98,17,15,6,11.628891195956701,11
147,30,19,9,5,11.625842879007456,14
148,55,20,62,8,11.59917771346766,12
149,65,16,18,5,11.593628436717696,11
150,16,18,13,6,11.568229122492738,12
151,38,22,109,7,11.561969316834688,15
152,109,15,6,5,11.553622356231042,10
153,41,31,109,7,11.540113156994366,24
154,54,12,104,4,11.494854806347556,8
155,17,20,41,5,11.462467383182345,15
156,63,14,79,5,11.440813334618326,9
157,76,13,62,6,11.431107076079654,7
158,28,26,109,9,11.384585776561849,17
159,9,10,97,4,11.373867326772807,6
160,46,18,9,7,11.371108835096305,11
161,2,22,103,6,11.358008021341286,16
162,15,10,16,3,11.341181120584988,7
163,73,20,111,7,11.294740706809673,13
164,13,13,41,5,11.285884419294256,8
165,87,14,51,5,11.282138636144992,9
166,93,14,1,4,11.222746146114874,10
167,74,10,112,3,11.2220702432886,7
168,15,10,28,3,11.17654596174133,7
169,107,29,41,11,11.17644215838302,18
170,26,13,46,5,11.17021351687407,8
171,18,15,84,5,11.113494613734828,10
172,49,19,65,7,11.082475173002237,12
173,19,13,9,5,11.077926717115094,8
174,87,12,5,4,11.029432059477708,8
175,98,12,110,4,11.026999619900323,8
176,38,14,6,4,11.00539879038108,10
177,17,26,8,9,10.894850529473327,17
178,30,12,10,3,10.892413512021442,9
179,55,44,87,14,10.872497229038428,30
180,30,11,62,4,10.859839313714287,7
181,30,25,103,8,10.7828746133779,17
182,17,16,23,5,10.781653305644493,11
183,63,10,86,3,10.764144399471368,7
184,55,20,30,8,10.741156330527382,12
185,8,13,66,4,10.737460925769158,9
186,6,33,44,12,10.727467153198667,21
187,91,10,85,5,10.70245375594107,5
188,107,16,109,6,10.668493285549749,10
189,75,16,16,5,10.668295124883432,11
190,38,13,58,4,10.642287291889893,9
191,65,10,101,4,10.616476001261294,6
192,103,14,109,4,10.579033749442827,10
193,70,15,65,5,10.573807897523746,10
194,109,11,37,4,10.565386280020926,7
195,49,13,16,5,10.497714872325968,8
196,2,28,86,9,10.48910786840804,19
197,20,17,49,6,10.413212284497668,11
198,98,29,76,11,10.406226306218304,18
199,93,30,87,10,10.402767025347078,20
200,29,10,17,3,10.395985227153455,7
201,98,20,1,6,10.386375720350431,14
202,2,11,75,4,10.36983356106975,7
203,2,16,73,6,10.299221262346565,10
204,46,10,103,4,10.256504706034537,6
205,16,61,86,21,10.232663444522396,40
206,30,18,86,3,10.197363587254836,15
207,65,12,96,5,10.190345361441295,7
208,60,10,38,4,10.186949801542642,6
209,74,17,18,6,10.16104487640857,11
210,109,14,84,5,10.149942855967595,9
211,10,18,86,6,10.127463297809758,12
212,107,13,70,5,10.093719119113567,8
213,10,18,1,6,10.049405294208217,12
214,65,14,59,6,10.03616480415964,8
215,88,11,30,5,10.02483572373662,6
216,87,26,6,9,10.021273865079605,17
217,34,13,65,5,9.979765847844487,8
218,29,10,70,3,9.974371860410164,7
219,111,24,38,9,9.966212518632446,15
220,10,17,55,7,9.955177794264817,10
221,16,13,57,5,9.912103829829496,8
222,84,18,63,7,9.878227554424289,11
223,32,22,109,8,9.8595898331429,14
224,28,10,64,4,9.85835950928987,6
225,111,20,37,8,9.840471570719457,12
226,10,14,76,5,9.80833875644427,9
227,89,11,73,4,9.781054129485568,7
228,6,11,13,4,9.767233760195806,7
229,29,19,107,6,9.721393431646934,13
230,111,42,54,15,9.68998535179476,27
231,20,32,9,10,9.682737838008483,22
232,29,32,38,11,9.681299801122258,21
233,87,31,86,11,9.670628185934174,20
234,98,26,62,10,9.641858129313672,16
235,54,13,51,5,9.63790406317541,8
236,23,22,89,8,9.57687547449059,14
237,60,21,65,8,9.571951123571157,13
238,32,14,88,4,9.505084521049724,10
239,43,16,28,5,9.500596764145225,11
240,6,11,58,4,9.489496457414946,7
241,103,11,19,4,9.481054864710426,7
242,37,13,41,5,9.466346040258507,8
243,65,17,44,7,9.4437024578389,10
244,49,13,13,5,9.426239729184449,8
245,16,22,70,7,9.38991140179792,15
246,93,14,30,5,9.378386095833305,9
247,46,16,8,6,9.37241265515055,10
248,16,20,18,7,9.354506797477036,13
249,104,11,87,3,9.348380844680923,8
250,23,15,55,6,9.335240638495888,9
251,76,28,28,10,9.316382606941469,18
252,50,17,23,7,9.300090532650527,10
253,43,14,50,5,9.274747817248809,9
254,74,15,49,6,9.24696946196511,9
255,74,18,48,7,9.23620629681497,11
256,54,37,41,13,9.187270230665861,24
257,17,24,9,9,9.179120113197499,15
258,93,29,103,11,9.099325117611029,18
259,26,12,32,5,9.097694016198698,7
260,74,35,76,12,9.021109435296273,23
261,86,11,109,5,8.956500368087863,6
262,107,20,110,8,8.933567921834614,12
263,104,13,62,4,8.924566951625795,9
264,10,11,85,5,8.81027661814343,6
265,10,13,50,5,8.778099244971948,8
266,32,17,107,5,8.731768023357223,12
267,23,23,37,8,8.700238300329014,15
268,55,22,54,7,8.693503727969711,15
269,93,30,54,9,8.691717045102086,21
270,34,18,109,7,8.66273498003357,11
271,84,27,10,10,8.646492586790986,17
272,8,20,57,8,8.601129499302253,12
273,93,24,74,8,8.598694083892154,16
274,41,18,62,7,8.537234992782366,11
275,87,23,18,8,8.524533269279637,15
276,89,14,84,4,8.522483406182122,10
277,89,10,109,4,8.517312082575355,6
278,84,40,48,16,8.444321633752368,24
279,8,48,76,18,8.424370819662967,30
280,73,21,10,7,8.419335562342066,14
281,43,17,87,6,8.417190390098332,11
282,107,19,76,7,8.417024283490269,12
283,90,11,89,4,8.39679691457017,7
284,90,19,23,7,8.394839451243376,12
285,54,19,10,7,8.394077761771173,12
286,48,12,38,4,8.376240779730193,8
287,77,12,8,4,8.373441110755335,8
288,63,42,65,16,8.363584375422523,26
289,8,10,35,4,8.33580666741078,6
290,107,26,50,9,8.311520729916491,17
291,70,19,87,7,8.303039543335913,12
292,32,22,9,8,8.29537961179385,14
293,65,26,48,10,8.284285166641764,16
294,65,12,58,6,8.279172093518053,6
295,9,10,1,4,8.271879563314155,6
296,32,25,79,9,8.25246705875383,16
297,26,10,16,4,8.231874067384087,6
298,46,16,54,5,8.224744800148523,11
299,28,13,94,5,8.222371266039175,8
300,28,20,89,8,8.171930701809194,12
301,32,24,41,10,8.170536046764163,14
302,109,28,9,11,8.159691996722731,17
303,91,14,50,4,8.147171839152467,10
304,26,44,87,17,8.146474895568339,27
305,12,13,28,4,8.124512247092586,9
306,106,12,109,5,8.105226682242963,7
307,79,28,107,10,8.088960006240738,18
308,38,19,86,6,8.08239085687564,13
309,73,33,9,13,8.026932165092102,20
310,37,39,86,16,8.008070079639301,23
311,1,11,86,4,8.004187715591293,7
312,98,58,65,22,8.00384438504987,36
313,49,16,6,6,8.000818036524668,10
314,90,15,41,6,7.9977372465156895,9
315,65,17,68,7,7.944869327403057,10
316,54,25,37,8,7.943083932672223,17
317,16,12,34,5,7.93686592393514,7
318,49,16,86,8,7.927120710777818,8
319,65,14,15,6,7.9264348930210655,8
320,86,12,20,5,7.900116802389436,7
321,37,11,63,5,7.843052347950046,6
322,76,32,37,11,7.8204975769535725,21
323,10,27,28,9,7.815329969763907,18
324,2,40,65,14,7.773153242011138,26
325,29,13,109,5,7.764821554426811,8
326,111,14,85,5,7.7293785704579765,9
327,23,11,59,4,7.703199044299861,7
328,51,13,48,4,7.654351493277217,9
329,111,26,86,11,7.599516330003596,15
330,28,49,41,22,7.57906797699004,27
331,20,33,79,12,7.546840294896304,21
332,70,17,76,7,7.53513969649919,10
333,46,15,88,5,7.530723715486486,10
334,30,21,8,7,7.508348959819656,14
335,107,30,9,13,7.505629440649329,17
336,87,31,50,12,7.429484842498567,19
337,98,14,68,4,7.4276533386231165,10
338,103,29,74,10,7.419118005067163,19
339,41,13,49,4,7.406139067429067,9
340,20,28,84,10,7.362780437625798,18
341,43,14,65,6,7.347774243596503,8
342,89,23,10,9,7.332600528276464,14
343,75,10,87,3,7.3317203001443785,7
344,63,11,98,5,7.3009543160583,6
345,50,11,68,4,7.299975074722132,7
346,23,15,70,6,7.277989111704879,9
347,30,10,73,4,7.275241295919059,6
348,76,12,18,4,7.272070404155357,8
349,98,34,50,15,7.261172888009824,19
350,28,12,112,5,7.260189333899199,7
351,88,14,38,6,7.257573306252318,8
352,30,18,54,7,7.257329912738574,11
353,84,24,88,9,7.256956915758408,15
354,29,20,84,8,7.207700943776425,12
355,76,17,41,7,7.204077205660157,10
356,111,13,34,6,7.201437198359543,7
357,94,17,20,6,7.200649176708729,11
358,93,28,84,11,7.1997212040904675,17
359,87,43,79,18,7.185611842884618,25
360,88,10,85,4,7.153055622545777,6
361,9,33,86,14,7.129659158943622,19
362,10,11,18,3,7.118488462247402,8
363,91,10,18,4,7.103849700461387,6
364,91,34,9,14,7.061580327113399,20
365,59,19,79,8,7.0352036880537785,11
366,111,20,6,8,7.018385668922465,12
367,13,16,8,6,7.015469911604977,10
368,28,17,85,7,7.014167267714172,10
369,84,25,85,12,7.011561663750302,13
370,49,26,87,12,7.009641251598087,14
371,49,12,48,6,7.009433567710918,6
372,90,19,6,8,7.003490622158199,11
373,79,11,101,5,6.99086142593087,6
374,50,17,73,8,6.969175801780988,9
375,73,10,68,4,6.953949871021737,6
376,55,25,38,11,6.947960322969595,14
377,55,16,76,7,6.94114977286599,9
378,90,14,17,6,6.930186835428707,8
379,90,14,54,6,6.926141369056216,8
380,57,12,74,4,6.917604242425743,8
381,8,36,38,14,6.910326910265976,22
382,46,17,76,6,6.84242442002427,11
383,91,35,28,13,6.83566278109006,22
384,30,16,70,6,6.82460555340519,10
385,41,44,103,15,6.813115276519104,29
386,91,35,41,13,6.801656465480552,22
387,60,10,9,5,6.786490683910518,5
388,26,24,109,9,6.785414157125378,15
389,2,19,34,8,6.729658072634231,11
390,111,29,32,13,6.714992004730651,16
391,89,11,74,5,6.714017548400379,6
392,88,16,57,7,6.6984703888039245,9
393,48,13,41,5,6.690082670722859,8
394,17,15,49,6,6.655321673670168,9
395,74,20,73,8,6.65525639715505,12
396,55,40,98,16,6.654534650315199,24
397,23,14,18,5,6.631187531141065,9
398,55,15,91,5,6.584228246945676,10
399,74,23,38,10,6.562267688513879,13
400,30,14,16,5,6.557206782808545,9
401,14,18,84,5,6.539625119207458,13
402,18,21,9,9,6.522021333158077,12
403,74,26,88,9,6.515151171646329,17
404,93,13,43,5,6.501916158206527,8
405,88,37,76,16,6.498739576090078,21
406,93,14,18,6,6.492352153195742,8
407,74,50,65,20,6.490632429945082,30
408,23,11,48,5,6.485113687277618,6
409,17,10,10,4,6.479497194252815,6
410,111,41,41,18,6.476121710491767,23
411,20,16,88,6,6.450213485704795,10
412,8,69,79,31,6.443835902327215,38
413,2,15,48,7,6.429648793649558,8
414,15,14,84,5,6.375647385580594,9
415,103,21,88,8,6.368772240906126,13
416,31,10,28,4,6.368565836830037,6
417,16,65,9,24,6.347740368154019,41
418,46,12,37,5,6.3442194687159414,7
419,23,22,93,10,6.338642170645797,12
420,16,19,73,8,6.334580998862496,11
421,55,26,41,12,6.334267485528576,14
422,6,37,28,15,6.320591835394871,22
423,16,57,65,24,6.310296262259339,33
424,8,33,109,14,6.30772945688614,19
425,111,15,44,6,6.2820016152003975,9
426,87,25,76,10,6.268639154144933,15
427,2,35,41,13,6.231438093089564,22
428,2,11,66,4,6.205381429919992,7
429,54,21,76,10,6.197967966125778,11
430,30,21,37,8,6.185901131757959,13
431,55,34,20,15,6.177684328421455,19
432,17,17,84,7,6.1635311782548206,10
433,65,19,50,8,6.138211477720661,11
434,111,69,65,31,6.128152820402616,38
435,50,13,48,6,6.091992406670462,7
436,107,27,2,11,6.06290925873793,16
437,84,36,76,17,6.060390706094975,19
438,13,18,79,6,6.049790757711185,12
439,16,22,85,9,6.04540093656933,13
440,41,19,1,6,6.031499987907278,13
441,107,21,88,9,6.0213442856289205,12
442,98,48,91,22,6.010481139866051,26
443,49,10,77,5,6.002993751357134,5
444,20,79,65,31,5.9892858379270475,48
445,91,12,37,5,5.9860731535473475,7
446,16,26,6,12,5.978889658978726,14
447,74,25,6,10,5.973570320498571,15
448,20,33,103,11,5.964316349878249,22
449,55,27,9,10,5.955540392673043,17
450,16,34,88,12,5.925435513166335,22
451,93,38,28,16,5.919962640568542,22
452,98,49,103,19,5.894528502030381,30
453,8,43,48,18,5.87030438358958,25
454,17,17,16,7,5.8683420758720235,10
455,107,10,48,4,5.8635977751046635,6
456,16,28,74,11,5.840603518844792,17
457,2,10,44,4,5.829723764491519,6
458,90,29,9,12,5.810625027939031,17
459,38,22,87,9,5.809647209419687,13
460,87,44,41,20,5.804454173879386,24
461,32,18,54,7,5.7826104895534876,11
462,65,23,32,10,5.774601329387389,13
463,88,19,6,8,5.764151777123857,11
464,38,29,9,13,5.756435186772356,16
465,98,22,34,8,5.755771842682112,14
466,28,62,9,27,5.748763880737579,35
467,90,20,37,8,5.742590617036884,12
468,51,12,79,5,5.739834611606611,7
469,28,36,54,15,5.738264808482749,21
470,89,23,65,10,5.729458742490655,13
471,63,10,8,4,5.721173859711351,6
472,57,21,84,8,5.683170829447634,13
473,43,13,9,6,5.6825351087636395,7
474,63,16,91,7,5.669548453730626,9
475,65,53,54,23,5.664679578471422,30
476,55,12,18,5,5.656860794704642,7
477,74,18,109,8,5.655848733560989,10
478,107,41,20,18,5.643773896247953,23
479,6,25,20,12,5.631661671252286,13
480,26,22,29,8,5.630548836449716,14
481,86,11,57,5,5.628641785626695,6
482,62,25,9,10,5.628509084849722,15
483,74,27,86,11,5.606450424974979,16
484,87,27,91,11,5.596917301348129,16
485,49,29,98,13,5.553486162622289,16
486,87,40,28,16,5.547168193951342,24
487,28,11,97,6,5.5469707821451895,5
488,46,10,2,4,5.541906116456136,6
489,79,14,75,5,5.531520330232187,9
490,111,36,103,15,5.530917867453249,21
491,41,44,9,17,5.529938683768653,27
492,23,40,98,16,5.52748143097881,24
493,37,10,73,4,5.520302959105942,6
494,107,16,34,7,5.514558906998726,9
495,93,69,65,29,5.511232533157763,40
496,89,10,87,4,5.494352199749725,6
497,93,13,49,6,5.4651623752460186,7
498,90,20,87,7,5.464899068206852,13
499,54,33,38,13,5.464199343195873,20
500,55,14,37,6,5.456618910920282,8
501,63,13,85,6,5.448267876540921,7
502,54,34,84,13,5.440264018021867,21
503,109,16,23,6,5.438260955948294,10
504,20,26,38,11,5.422962328602491,15
505,43,11,103,5,5.405634019581254,6
506,110,23,65,9,5.385061990656434,14
507,8,66,41,30,5.383353261881381,36
508,20,24,109,8,5.375774718225749,16
509,28,54,16,23,5.360015948553443,31
510,90,23,8,9,5.338168133162715,14
511,30,18,6,6,5.328184059941261,12
512,84,11,66,5,5.328070614003662,6
513,50,36,79,16,5.311051747194992,20
514,2,35,9,16,5.287886334335022,19
515,54,36,6,13,5.286575686970522,23
516,74,22,29,10,5.2608197922239635,12
517,84,32,41,12,5.257456300758316,20
518,50,12,89,5,5.253704218444127,7
519,1,10,111,5,5.2389835373250895,5
520,75,10,9,3,5.236788836002352,7
521,104,11,10,5,5.197242443950483,6
522,111,10,57,4,5.186942618450887,6
523,8,43,93,17,5.184113673106519,26
524,26,38,20,16,5.156160372920304,22
525,20,12,32,5,5.135866792699634,7
526,54,12,17,5,5.13265067269767,7
527,41,29,89,12,5.128070897369616,17
528,103,21,18,9,5.117263308095354,12
529,79,24,48,11,5.093554960327546,13
530,16,17,104,7,5.091614550794451,10
531,32,34,8,15,5.04970741564491,19
532,6,32,48,14,5.032884405587612,18
533,1,13,107,6,5.0255056091054735,7
534,55,20,32,8,5.010948173246779,12
535,62,17,54,7,5.001633115691912,10
536,26,30,65,13,4.982618574560724,17
537,51,18,86,8,4.981149670072383,10
538,18,23,79,11,4.97103956030986,12
539,41,20,86,9,4.96812288725616,11
540,10,10,59,5,4.967497448599426,5
541,30,23,98,8,4.9611007552646305,15
542,55,30,88,11,4.9440012556944435,19
543,6,21,73,10,4.932710665188482,11
544,75,13,84,5,4.928603725365213,8
545,87,14,34,6,4.910376447473126,8
546,79,16,70,8,4.898948682626443,8
547,87,41,9,18,4.829437582460559,23
548,55,29,6,10,4.803715742468641,19
549,86,17,73,7,4.801948838237136,10
550,90,11,70,4,4.801865378344786,7
551,87,21,88,8,4.796769422048848,13
552,17,11,30,5,4.793161472453947,6
553,34,10,103,3,4.790473034569175,7
554,13,12,20,4,4.788358918637377,8
555,98,17,94,7,4.761676089313329,10
556,63,12,48,5,4.743567528228723,7
557,6,12,32,5,4.741771241477241,7
558,74,18,55,9,4.738810454561628,9
559,15,22,76,9,4.729882122439322,13
560,54,45,9,19,4.717503599408805,26
561,109,19,93,8,4.710552248323456,11
562,87,35,29,15,4.710088352572669,20
563,88,26,54,12,4.686353390066706,14
564,26,16,6,6,4.685058896386026,10
565,23,38,8,16,4.678470925196664,22
566,16,15,89,6,4.6371266736074,9
567,79,19,104,7,4.631678959880918,12
568,8,32,62,14,4.6316739956746185,18
569,86,10,15,5,4.603054673648835,5
570,28,19,49,7,4.5879435578079875,12
571,2,31,6,13,4.575369715684754,18
572,9,20,89,7,4.555028073124962,13
573,87,15,57,7,4.55240997291295,8
574,26,45,8,21,4.535697997459029,24
575,74,24,23,11,4.530539923458647,13
576,65,26,109,13,4.522732343847655,13
577,30,16,18,6,4.520627492655181,10
578,38,38,28,17,4.50616017554961,21
579,9,17,59,7,4.502961051414203,10
580,29,11,62,5,4.502398822563132,6
581,111,29,91,14,4.500138929465923,15
582,29,21,93,9,4.498959392246705,12
583,111,21,29,11,4.4840296225286655,10
584,86,13,85,7,4.4826531707733315,6
585,91,12,73,4,4.474635053917608,8
586,111,25,15,10,4.472513123100849,15
587,84,32,2,14,4.438454989875694,18
588,90,10,13,5,4.4350576589733715,5
589,16,10,93,4,4.399536862991551,6
590,8,20,49,9,4.380567014000522,11
591,54,13,89,5,4.375934710162817,8
592,87,11,94,5,4.3750154371421806,6
593,70,17,2,6,4.372410293055534,11
594,16,35,37,13,4.367993019162763,22
595,79,13,44,6,4.356415433762267,7
596,28,34,37,14,4.354061424588209,20
597,54,17,3,8,4.336905078418534,9
598,85,15,48,6,4.3053632687921874,9
599,103,34,28,15,4.283445470085922,19
600,87,11,17,5,4.272428492310046,6
601,28,49,18,22,4.259384979222525,27
602,58,11,9,4,4.2449574488184085,7
603,97,11,8,4,4.238412616249602,7
604,29,26,20,11,4.235090000321545,15
605,41,52,20,21,4.221572518729248,31
606,26,24,103,11,4.210605706707939,13
607,17,22,79,10,4.186747232119098,12
608,87,26,54,12,4.171213016618125,14
609,2,16,32,7,4.169077635966494,9
610,29,19,79,9,4.163523890816751,10
611,37,15,2,7,4.147220527730264,8
612,103,28,54,13,4.13111154459063,15
613,23,14,30,7,4.121797276586666,7
614,54,19,29,7,4.092788521879797,12
615,86,33,76,16,4.070247346827037,17
616,28,22,70,11,4.061668690910118,11
617,98,16,85,8,4.042048861968951,8
618,111,37,74,17,4.036380326078248,20
619,85,18,9,7,4.035383309207161,11
620,10,11,109,5,4.004247407956419,6
621,16,33,76,15,3.999126074826738,18
622,74,33,91,15,3.993347991886583,18
623,26,26,28,11,3.9790441547640567,15
624,17,12,62,5,3.96811193498935,7
625,91,40,8,19,3.961945852137989,21
626,93,17,10,7,3.954978874369175,10
627,10,10,15,5,3.9530007600130332,5
628,79,16,62,8,3.946342407250842,8
629,79,36,74,14,3.9251156042857227,22
630,37,37,98,16,3.903745498406781,21
631,94,16,54,8,3.897800639878565,8
632,55,11,17,5,3.884041039360635,6
633,38,14,49,7,3.8551286140805883,7
634,8,88,9,40,3.7895972006071372,48
635,110,12,103,5,3.7849274590311146,7
636,26,11,110,6,3.7814954576991626,5
637,79,15,73,7,3.780403758532128,8
638,13,20,28,7,3.777676713991522,13
639,98,45,84,20,3.762329835872548,25
640,98,26,18,12,3.7616966957049423,14
641,37,37,8,17,3.7513378121907257,20
642,88,29,111,12,3.749552094869821,17
643,10,20,74,8,3.7415607204357952,12
644,84,48,86,22,3.7305166192474197,26
645,84,22,38,9,3.721558072111382,13
646,50,30,9,13,3.705525245585479,17
647,104,21,8,8,3.694652229740303,13
648,30,19,84,9,3.664539402131782,10
649,48,14,89,6,3.663870491648268,8
650,57,17,65,6,3.662004607965262,11
651,65,102,9,46,3.6386537335813203,56
652,5,11,79,6,3.616233982760748,5
653,88,11,18,5,3.611718177860614,6
654,29,12,46,5,3.5756011188612917,7
655,37,21,88,9,3.570415083493485,12
656,50,25,38,11,3.5687465201033155,14
657,111,28,93,14,3.565826841924163,14
658,107,23,86,10,3.5409956073334485,13
659,23,39,9,18,3.5301204271113047,21
660,16,28,103,13,3.5221709334006657,15
661,65,13,94,6,3.5056909876146616,7
662,91,20,30,10,3.502965357343227,10
663,41,54,79,25,3.4801419374387503,29
664,51,10,55,4,3.478851515612335,6
665,1,14,55,6,3.4728600689370874,8
666,48,17,103,8,3.4651564553170093,9
667,98,13,5,6,3.454313997354584,7
668,5,10,91,6,3.425539811872453,4
669,30,31,28,13,3.4242213599474214,18
670,51,17,84,7,3.4208891920364017,10
671,98,12,57,6,3.4208056101467705,6
672,57,12,6,4,3.400016956513245,8
673,62,23,87,10,3.3975423521512753,13
674,57,14,91,5,3.387917143764689,9
675,87,48,20,22,3.3869100363416416,26
676,2,14,85,7,3.3798876085075142,7
677,6,26,91,12,3.37006635937582,14
678,84,22,34,9,3.3667603990013673,13
679,29,26,8,12,3.355791507675689,14
680,1,13,65,6,3.3481014934784494,7
681,74,12,63,5,3.3417933304650638,7
682,103,23,55,10,3.3059351081926893,13
683,79,17,106,9,3.302584416052572,8
684,104,12,76,6,3.296017349449059,6
685,10,11,46,5,3.290581679590813,6
686,32,24,98,11,3.2868277404205144,13
687,59,11,98,5,3.2664563544762375,6
688,30,21,29,10,3.2444225111341125,11
689,54,33,86,15,3.2384197590411565,18
690,23,19,86,9,3.2169168727971016,10
691,32,25,16,11,3.2091711041875497,14
692,88,16,41,7,3.1907658333962923,9
693,55,29,16,13,3.1562828347488936,16
694,107,14,104,6,3.1348492575520077,8
695,51,12,16,5,3.104340581350849,7
696,91,17,10,7,3.0928301943325844,10
697,50,33,103,15,3.092695156166144,18
698,50,16,16,8,3.078596778577717,8
699,55,71,8,31,3.067075891189206,40
700,26,17,43,7,3.0481873322386352,10
701,1,15,8,8,3.0466284542427418,7
702,30,14,50,7,3.0427920164275704,7
703,9,14,44,8,3.0418979222799782,6
704,38,18,16,9,3.0174584469144,9
705,48,30,37,14,3.008487076456393,16
706,26,16,89,8,3.0015441091670665,8
707,65,68,88,30,2.987641371424136,38
708,65,60,28,26,2.9818417365111496,34
709,54,19,48,10,2.9329790715657778,9
710,68,10,87,5,2.918596255497213,5
711,8,24,68,11,2.9120627847170204,13
712,50,20,86,8,2.9078735206797073,12
713,65,22,91,12,2.901497114560694,10
714,90,30,111,13,2.890544713054333,17
715,111,20,76,11,2.8743392653339397,9
716,46,15,28,7,2.8691534505866354,8
717,98,31,29,15,2.8666453310461546,16
718,79,40,76,17,2.864436403051438,23
719,55,10,57,4,2.8631536684623486,6
720,62,23,28,9,2.8623005652837543,14
721,34,20,79,10,2.8607277297103497,10
722,73,12,93,5,2.8544244467913393,7
723,37,13,20,6,2.83075763565836,7
724,6,21,37,10,2.807135109428713,11
725,38,55,65,25,2.8065899103574563,30
726,29,17,34,9,2.8011697136542666,8
727,14,12,8,5,2.800814824677635,7
728,17,30,103,13,2.7862637913294455,17
729,98,33,86,14,2.7839089247753144,19
730,41,40,23,18,2.7673807455242936,22
731,2,18,23,9,2.76700436988762,9
732,18,10,51,5,2.762161861451463,5
733,103,25,87,11,2.755992091272528,14
734,73,14,88,6,2.749905078434886,8
735,20,21,73,10,2.747580384950556,11
736,29,30,28,14,2.7417268938351826,16
737,34,21,28,9,2.7346627104082097,12
738,23,14,29,6,2.7325720738957804,8
739,79,25,89,10,2.732343278458178,15
740,74,59,8,28,2.7296100359174895,31
741,26,14,30,9,2.7295268644643036,5
742,16,20,91,9,2.7214582735625528,11
743,90,29,28,13,2.709626925847089,16
744,10,18,48,9,2.6839997209769613,9
745,17,12,48,6,2.663876849964865,6
746,30,25,38,13,2.6609022960305335,12
747,86,20,88,8,2.6598697754609475,12
748,15,14,8,7,2.6593953269851665,7
749,23,38,84,18,2.650250869753193,20
750,8,42,103,17,2.6366758249260895,25
751,30,13,107,5,2.6326975250966638,8
752,70,11,50,6,2.626702900417429,5
753,9,16,94,8,2.620832608628445,8
754,29,24,9,12,2.6073964056504892,12
755,98,54,74,26,2.6028088751283813,28
756,6,46,79,21,2.6023371609472736,25
757,71,16,65,8,2.5963866960665394,8
758,8,59,16,26,2.5922226056027426,33
759,38,20,112,9,2.587558109977976,11
760,79,54,37,23,2.578598203255124,31
761,2,25,109,10,2.5641635343710663,15
762,50,12,88,6,2.559456050854571,6
763,23,11,34,6,2.530674269646428,5
764,98,52,54,26,2.52901549913828,26
765,50,19,29,8,2.5251415163545516,11
766,79,25,93,13,2.5064207147836153,12
767,103,24,91,13,2.495824737708496,11
768,65,50,103,21,2.483568843444369,29
769,74,29,107,13,2.4812045730116723,16
770,37,15,62,7,2.4789476689639205,8
771,111,10,56,4,2.470099067407655,6
772,26,27,98,15,2.469946577348654,12
773,41,40,38,19,2.4535603181412915,21
774,111,17,46,8,2.4518689623137755,9
775,10,17,37,7,2.451821926620314,10
776,9,33,6,15,2.442634272815347,18
777,32,14,38,6,2.405973678085745,8
778,76,18,35,7,2.4023433325283117,11
779,43,22,74,10,2.399363912806923,12
780,70,17,9,7,2.3978288460375627,10
781,18,18,6,8,2.39036390227397,10
782,16,58,84,27,2.38803491948361,31
783,84,41,111,17,2.381984401222266,24
784,55,12,34,5,2.374285322689373,7
785,37,34,9,16,2.3431010784053026,18
786,8,73,107,35,2.341939924392138,38
787,65,39,29,16,2.3260339041967435,23
788,109,13,79,6,2.287036871981501,7
789,40,13,65,5,2.271745657971788,8
790,62,18,32,9,2.263686769900328,9
791,93,12,86,6,2.263652335832278,6
792,98,60,79,30,2.2613310746287456,30
793,9,22,88,10,2.2502303698209856,12
794,28,22,17,10,2.2380918099072953,12
795,8,11,58,6,2.225895511877215,5
796,30,10,48,5,2.216673724874435,5
797,111,47,9,24,2.2020357457214392,23
798,107,40,28,20,2.1685661502403653,20
799,50,35,84,17,2.168079839309706,18
800,74,45,9,20,2.16700698590985,25
801,9,11,15,5,2.157551688044861,6
802,18,10,32,5,2.1572241092213504,5
803,98,61,2,29,2.1431661416362218,32
804,87,23,48,11,2.138686265999836,12
805,111,33,26,15,2.1371335815105854,18
806,84,11,1,5,2.1264466771262813,6
807,54,26,50,11,2.120731115430667,15
808,55,14,73,7,2.100075433191044,7
809,28,13,5,5,2.0729432233264378,8
810,32,19,84,8,2.0621508690380312,11
811,38,52,98,24,2.049865770355223,28
812,98,30,10,14,2.0434422845167033,16
813,16,49,98,22,2.027059127963766,27
814,23,30,87,13,2.0171902524743803,17
815,8,65,87,29,2.0171507138951443,36
816,59,14,8,7,2.010238389237951,7
817,10,12,32,7,1.9897128149353989,5
818,37,10,71,4,1.989603705819686,6
819,103,13,37,6,1.9837820518429896,7
820,23,41,65,20,1.9794334553560258,21
821,49,11,29,4,1.979211902956338,7
822,6,47,65,25,1.9776748983278993,22
823,54,18,23,8,1.972656582258224,10
824,107,19,16,9,1.9573306313670589,10
825,37,33,65,15,1.9483360284193358,18
826,79,58,111,26,1.9445092151920516,32
827,76,24,6,12,1.937944044447951,12
828,10,13,29,6,1.9268740097605606,7
829,26,13,73,7,1.9184440317079223,6
830,76,10,17,4,1.9048948605365967,6
831,41,11,61,5,1.9034780148497896,6
832,16,47,41,23,1.8975023949488878,24
833,91,18,88,8,1.88786606053127,10
834,84,68,65,33,1.8809383053706654,35
835,84,27,49,13,1.8786207304912836,14
836,8,45,20,21,1.8762962473388543,24
837,6,40,8,18,1.873167747491823,22
838,54,16,112,7,1.871566293788832,9
839,90,23,107,12,1.839992081109741,11
840,35,12,79,5,1.8379035956261849,7
841,2,30,111,14,1.8367449192872456,16
842,79,38,90,16,1.833449775816603,22
843,54,35,16,17,1.8167596399127144,18
844,48,34,16,17,1.8127453532046254,17
845,85,13,76,5,1.800008520609701,8
846,94,10,41,5,1.7939224836809742,5
847,9,23,76,11,1.774773666822446,12
848,65,75,79,37,1.767840415440049,38
849,41,15,30,7,1.7536920323334506,8
850,107,35,38,17,1.7434138897292968,18
851,49,11,18,5,1.740004587303153,6
852,93,23,6,11,1.7369073602432055,12
853,106,15,38,7,1.7348192516378895,8
854,86,18,6,8,1.732660261662503,10
855,76,10,45,5,1.7263356630732787,5
856,73,34,41,16,1.7202071823465876,18
857,16,47,2,22,1.7122028906623956,25
858,38,11,76,5,1.6999072226365513,6
859,34,15,20,6,1.6974281353522225,9
860,8,44,18,20,1.6966696968487647,24
861,103,26,6,11,1.6275337563735768,15
862,20,18,68,9,1.6168027641247988,9
863,87,33,84,16,1.6132608828210888,17
864,20,32,28,13,1.611656785344251,19
865,8,55,54,26,1.596995243121299,29
866,20,12,76,5,1.5911388338678512,7
867,70,18,37,8,1.5684495468710091,10
868,106,12,41,6,1.5589796315432078,6
869,73,17,98,8,1.554910608214735,9
870,79,55,16,25,1.5531425085828774,30
871,76,28,48,13,1.5505839376852326,15
872,63,14,107,6,1.5503183730734296,8
873,85,12,38,6,1.5317416798467203,6
874,103,12,85,5,1.505235765059641,7
875,98,16,89,8,1.5011020579783834,8
876,55,18,43,9,1.4993353058682148,9
877,73,25,8,10,1.477401466453496,15
878,48,16,18,8,1.4644736116858255,8
879,54,24,18,11,1.4557000433773248,13
880,16,33,111,17,1.4503126575489818,16
881,65,24,73,12,1.4468441080992511,12
882,50,36,41,18,1.4450486751473963,18
883,109,11,112,5,1.4303792106135111,6
884,111,14,75,8,1.426535254075105,6
885,65,10,3,5,1.4258252923515962,5
886,50,32,2,15,1.425281593019008,17
887,32,13,91,7,1.4232354979639683,6
888,13,11,2,4,1.4221213524937684,7
889,2,24,38,13,1.4146987667991227,11
890,70,46,98,22,1.4102748742937037,24
891,54,18,15,9,1.4023674366161945,9
892,54,13,85,7,1.3987454013140737,6
893,44,13,8,5,1.3823607495686785,8
894,88,21,23,11,1.37274181909097,10
895,111,51,28,24,1.3661694470085342,27
896,23,14,32,8,1.362990157606229,6
897,8,11,106,6,1.3609090570122946,5
898,16,16,62,8,1.359505878315487,8
899,98,38,9,20,1.344918630892264,18
900,98,30,90,15,1.3401101961721698,15
901,28,26,88,12,1.3206994118977573,14
902,41,16,18,7,1.3137860489688586,9
903,87,15,110,7,1.3076573931351636,8
904,84,69,9,31,1.3007483450089,38
905,16,28,87,13,1.2579317870381803,15
906,6,38,98,18,1.2527241981341124,20
907,20,43,98,20,1.2404189901414067,23
908,23,37,28,18,1.2328353573645747,19
909,84,54,37,27,1.2184475124621383,27
910,111,22,50,10,1.1818535268880717,12
911,103,10,1,6,1.178228962480735,4
912,109,23,98,11,1.1685291459099263,12
913,74,20,30,11,1.1520992492769822,9
914,50,18,34,10,1.1483521913828936,8
915,70,49,8,25,1.1467281456421692,24
916,79,36,38,17,1.1399672014475537,19
917,55,27,50,12,1.1136011471986083,15
918,88,14,93,8,1.1127136691834514,6
919,84,44,74,22,1.1124968603040977,22
920,2,38,10,18,1.1121627515330017,20
921,88,20,62,10,1.1096322170107602,10
922,86,41,79,20,1.0910985052265567,21
923,91,14,62,7,1.0834634078291783,7
924,104,27,65,11,1.0406659176361355,16
925,65,30,10,14,1.0243273966056674,16
926,84,28,55,14,1.0210181761259303,14
927,107,39,65,17,1.0164693815500474,22
928,58,11,2,5,1.0060883991850518,6
929,87,31,98,14,1.0052207296323035,17
930,79,11,94,5,0.9998691980070009,6
931,76,12,13,6,0.9984639091995154,6
932,32,15,74,7,0.9878312338208317,8
933,111,16,68,7,0.983190365703102,9
934,91,20,23,10,0.9792678927031622,10
935,103,44,9,24,0.9734466854109799,20
936,68,10,16,5,0.9723777343104946,5
937,13,11,107,5,0.9714834650171408,6
938,29,21,55,9,0.9614707597327733,12
939,93,23,107,11,0.9535678875740116,12
940,23,35,16,17,0.937387264272772,18
941,13,11,74,5,0.9258529887550377,6
942,103,12,89,5,0.9245541578032425,7
943,32,29,28,14,0.9039809340362319,15
944,10,21,87,11,0.8903069151175369,10
945,8,61,2,31,0.8823794512979197,30
946,62,21,65,9,0.8755953834255747,12
947,29,12,18,7,0.8741742779448156,5
948,8,52,86,25,0.8629495396225975,27
949,98,67,8,32,0.8537292484745942,35
950,103,16,32,7,0.8405021181328001,9
951,107,34,111,16,0.8285223063673393,18
952,55,19,48,10,0.8120553136411699,9
953,9,18,66,9,0.7854109796807565,9
954,65,18,13,10,0.776558299644976,8
955,23,24,6,12,0.7573800729023334,12
956,79,73,9,36,0.7473124008059855,37
957,90,10,104,6,0.7461340238107392,4
958,107,23,23,11,0.7397315330825475,12
959,50,17,74,8,0.725167252731053,9
960,87,24,32,13,0.723654834631159,11
961,46,18,6,10,0.7192942730830806,8
962,41,23,43,11,0.6921842337130567,12
963,62,15,74,6,0.6841173627174295,9
964,2,31,54,16,0.6754743917868878,15
965,44,12,16,7,0.674063172823535,5
966,90,17,10,9,0.6720080859782257,8
967,111,44,55,23,0.6715353289992407,21
968,8,56,10,28,0.6686668753963078,28
969,91,23,86,11,0.6661452371008985,12
970,88,15,48,9,0.6584132572102235,6
971,74,39,41,21,0.6406425090111577,18
972,16,17,1,9,0.6380538669636839,8
973,106,11,65,5,0.6307443446935941,6
974,93,32,98,16,0.6209002429509426,16
975,18,10,57,6,0.6206569091993004,4
976,91,18,44,8,0.616097632961548,10
977,111,37,20,19,0.6068837109506124,18
978,62,18,38,9,0.6043816495722321,9
979,98,20,101,11,0.5948708647764208,9
980,54,26,91,15,0.5702688984859549,11
981,15,14,2,7,0.5683026145731193,7
982,89,17,111,9,0.5563633904658443,8
983,90,18,2,9,0.5540783404275267,9
984,107,23,54,11,0.5531173697300603,12
985,86,41,28,18,0.5477940883930262,23
986,13,16,48,6,0.5472229810551577,10
987,66,13,41,7,0.534743534153634,6
988,44,18,28,7,0.5251032048737557,11
989,98,54,28,28,0.5097220268283698,26
990,87,16,112,7,0.4965133955506271,9
991,46,13,98,6,0.49490167633736465,7
992,16,16,20,9,0.4908471999413502,7
993,32,10,94,5,0.4833955664376234,5
994,26,39,41,23,0.47541624975842567,16
995,28,60,2,30,0.4571148489400272,30
996,2,19,88,9,0.45627885372645166,10
997,98,16,58,9,0.45407364718622145,7
998,23,37,103,19,0.4333042786770564,18
999,26,11,50,6,0.4324180875363533,5
1000,86,24,48,12,0.4289015772631212,12
1001,111,43,87,22,0.4268411890521909,21
1002,28,53,84,27,0.42165906343217385,26
1003,65,20,85,11,0.4129454829762119,9
1004,28,15,73,6,0.4127743641758703,9
1005,62,21,2,11,0.40636404979020735,10
1006,93,16,55,8,0.39897461255756284,8
1007,87,20,73,10,0.39856624861086265,10
1008,41,13,85,6,0.3897097634286908,7
1009,76,14,103,6,0.38777687342703565,8
1010,44,10,50,5,0.3704918139841162,5
1011,74,43,54,23,0.3670959011375288,20
1012,49,10,85,5,0.35745396515488925,5
1013,43,15,98,7,0.3457186585350653,8
1014,98,38,107,18,0.3457084457302949,20
1015,49,17,91,9,0.32854883058107165,8
1016,55,49,65,21,0.313271388476451,28
1017,19,14,41,8,0.3076861914893786,6
1018,55,44,28,19,0.3071665000169965,25
1019,8,67,111,31,0.3037521207810944,36
1020,2,23,30,12,0.29321348863964763,11
1021,65,32,86,16,0.292161429870751,16
1022,13,23,9,10,0.2881217107127524,13
1023,9,15,104,7,0.28308119895337425,8
1024,79,33,55,18,0.28040874928449927,15
1025,48,29,9,13,0.26443157569363485,16
1026,103,28,38,14,0.24815234764151997,14
1027,57,10,54,5,0.24120401170219807,5
1028,73,20,84,8,0.23249348624489805,12
1029,75,14,8,7,0.21522325366820866,7
1030,29,36,41,18,0.19641039337775978,18
1031,46,22,74,10,0.1889946179263455,12
1032,73,14,54,7,0.18662207893266317,7
1033,88,38,8,20,0.18173294652423017,18
1034,30,32,20,17,0.18006835825974649,15
1035,37,22,87,10,0.17783072210297085,12
1036,26,19,2,10,0.15549736717272822,9
1037,79,27,88,11,0.15314632206052248,16
1038,32,18,50,10,0.14361277931057773,8
1039,107,35,103,17,0.13970070555149214,18
1040,16,13,63,6,0.13751618322568013,7
1041,74,20,37,10,0.13515130121839292,10
1042,87,41,107,19,0.1227366665247325,22
1043,48,24,98,12,0.11447232981992601,12
1044,6,29,41,15,0.09412754772533743,14
1045,34,18,9,9,0.09074125145387058,9
1046,13,22,98,9,0.08977817869064623,13
1047,70,25,54,12,0.080462290077825,13
1048,38,15,110,8,0.07451058664372237,7
1049,55,23,49,9,0.048699095801543475,14
1050,13,10,55,5,0.04571456623531418,5
1051,23,26,111,12,0.03864525196536135,14
1052,85,24,79,13,0.03480555903893171,11
1053,13,12,111,6,0.03396852683521152,6
1054,48,28,28,12,0.023069182280397418,16
1055,50,15,18,7,0.019502462364766635,8
1056,90,18,84,9,0.005300166576956953,9
1057,84,39,6,20,0.0016409707940244454,19
1058,37,15,38,8,0.001103123834968282,7
1059,38,15,37,7,-0.0011031238349704135,8
1060,6,39,84,19,-0.0016409707940247186,20
1061,84,18,90,9,-0.0053001665769565574,9
1062,18,15,50,8,-0.019502462364767343,7
1063,55,10,13,5,-0.04571456623531418,5
1064,49,23,55,14,-0.048699095801543794,9
1065,79,50,103,24,-0.05775390300531349,26
1066,2,25,20,13,-0.061415201425745324,12
1067,87,59,65,29,-0.07056596419062908,30
1068,110,15,38,7,-0.07451058664372263,8
1069,87,42,74,20,-0.07958529470361513,22
1070,54,25,70,13,-0.08046229007782557,12
1071,41,29,6,14,-0.09412754772533768,15
1072,43,19,20,10,-0.09655439021695482,9
1073,23,14,26,7,-0.11142434588186971,7
1074,98,24,48,12,-0.11447232981992594,12
1075,8,23,43,12,-0.1348626033575063,11
1076,37,20,74,10,-0.13515130121839344,10
1077,63,13,16,7,-0.13751618322567985,6
1078,111,25,30,13,-0.1455874148715972,12
1079,76,35,65,16,-0.16203578806528937,19
1080,50,35,8,17,-0.16596062631463215,18
1081,8,11,56,5,-0.16982236953751909,6
1082,87,22,37,12,-0.17783072210297185,10
1083,20,32,30,15,-0.18006835825974682,17
1084,8,38,88,18,-0.18173294652423072,20
1085,17,19,74,10,-0.18384205614173707,9
1086,54,37,20,18,-0.1849348240612593,19
1087,54,14,73,7,-0.1866220789326647,7
1088,8,14,75,7,-0.21522325366820866,7
1089,26,29,9,16,-0.21708003766501247,13
1090,54,30,79,15,-0.21917995041733915,15
1091,2,30,74,16,-0.2222710450639769,14
1092,91,21,84,10,-0.2259849974893271,11
1093,84,20,73,12,-0.23249348624489768,8
1094,107,22,18,12,-0.23611930271088563,10
1095,54,10,57,5,-0.24120401170219843,5
1096,38,28,103,14,-0.24815234764152064,14
1097,9,29,48,16,-0.2644315756936359,13
1098,104,15,9,8,-0.283081198953374,7
1099,86,32,65,16,-0.2921614298707511,16
1100,30,23,2,11,-0.2932134886396476,12
1101,41,14,19,6,-0.30768619148937965,8
1102,91,17,49,8,-0.3285488305810701,9
1103,17,12,50,6,-0.3289162212940191,6
1104,79,56,84,28,-0.3365363772659525,28
1105,107,38,98,20,-0.3457084457302959,18
1106,85,10,49,5,-0.35745396515488925,5
1107,50,10,44,5,-0.3704918139841169,5
1108,103,14,76,8,-0.38777687342703565,6
1109,85,13,41,7,-0.3897097634286908,6
1110,12,10,8,5,-0.39347937244075554,5
1111,73,20,87,10,-0.39856624861086287,10
1112,55,16,93,8,-0.39897461255756195,8
1113,2,21,62,10,-0.40636404979020735,11
1114,73,15,28,9,-0.41277436417587005,6
1115,85,20,65,9,-0.41294548297621136,11
1116,84,53,28,26,-0.42165906343217424,27
1117,48,24,86,12,-0.4289015772631215,12
1118,84,60,8,30,-0.4393392393362178,30
1119,88,19,2,10,-0.45627885372645144,9
1120,8,86,65,40,-0.46002164003734164,46
1121,94,10,32,5,-0.48339556643762405,5
1122,55,25,107,12,-0.49082237211228874,13
1123,98,13,46,7,-0.4949016763373632,6
1124,112,16,87,9,-0.49651339555062735,7
1125,84,56,79,29,-0.5143969842313992,27
1126,20,23,110,11,-0.5195268671329497,12
1127,28,18,44,11,-0.5251032048737554,7
1128,86,18,90,8,-0.5309843322728077,10
1129,41,13,66,6,-0.534743534153634,7
1130,90,28,65,13,-0.5414754019835155,15
1131,48,16,13,10,-0.5472229810551572,6
1132,28,41,86,23,-0.5477940883930271,18
1133,54,23,107,12,-0.5531173697300593,11
1134,111,17,89,8,-0.5563633904658417,9
1135,85,10,18,4,-0.5576976788918457,6
1136,103,45,84,25,-0.5578798381977594,20
1137,91,26,54,11,-0.5702688984859546,15
1138,101,20,98,9,-0.594870864776421,11
1139,23,33,79,18,-0.5991196107820883,15
1140,38,18,62,9,-0.6043816495722321,9
1141,87,32,2,17,-0.6092720590189474,15
1142,44,18,91,10,-0.6160976329615482,8
1143,107,28,84,14,-0.6201511992225903,14
1144,57,10,18,4,-0.6206569091993007,6
1145,98,32,93,16,-0.6209002429509425,16
1146,90,15,48,8,-0.6241971263022461,7
1147,28,47,74,23,-0.6255938105145816,24
1148,65,11,106,6,-0.6307443446935938,5
1149,41,39,74,18,-0.6406425090111568,21
1150,29,20,103,10,-0.657814486383537,10
1151,48,15,88,6,-0.6584132572102235,9
1152,86,23,91,12,-0.6661452371008979,11
1153,10,17,90,8,-0.6720080859782255,9
1154,16,12,44,5,-0.6740631728235359,7
1155,10,48,79,27,-0.6749664120382739,21
1156,101,15,23,7,-0.6750621504160516,8
1157,54,31,2,15,-0.6754743917868875,16
1158,74,15,62,9,-0.68411736271743,6
1159,16,30,10,15,-0.690663021924009,15
1160,65,28,17,14,-0.7172992404253921,14
1161,32,24,87,11,-0.7236548346311588,13
1162,74,42,87,23,-0.7245745938864449,19
1163,74,17,50,9,-0.7251672527310536,8
1164,62,18,6,8,-0.7348526325115916,10
1165,23,23,107,12,-0.7397315330825462,11
1166,90,19,16,10,-0.7408181147076381,9
1167,104,10,90,4,-0.7461340238107393,6
1168,107,11,85,7,-0.752465203898776,4
1169,13,18,65,8,-0.7765582996449751,10
1170,28,32,50,16,-0.782794273750351,16
1171,66,18,9,9,-0.7854109796807571,9
1172,10,25,111,12,-0.7864176661710046,13
1173,74,17,85,9,-0.809559849760586,8
1174,48,19,55,9,-0.8120553136411702,10
1175,49,20,107,11,-0.8256112730768376,9
1176,91,21,29,10,-0.8357535316372875,11
1177,8,60,84,31,-0.8494232212855742,29
1178,38,18,91,10,-0.8605561818804551,8
1179,86,52,8,27,-0.8629495396225971,25
1180,18,12,29,5,-0.8741742779448153,7
1181,65,21,62,12,-0.8755953834255744,9
1182,84,45,103,21,-0.878799888562455,24
1183,87,21,10,10,-0.8903069151175383,11
1184,29,26,6,13,-0.8939970404365927,13
1185,98,42,17,22,-0.8967649107571658,20
1186,93,30,20,17,-0.8968767950978309,13
1187,89,12,103,7,-0.9245541578032412,5
1188,49,14,79,8,-0.9278668851373916,6
1189,107,23,93,12,-0.9535678875740112,11
1190,50,12,6,6,-0.9593349652988957,6
1191,55,21,29,12,-0.9614707597327724,9
1192,28,64,8,33,-0.9673822406427347,31
1193,91,36,79,18,-0.9688833855734174,18
1194,16,10,68,5,-0.9723777343104949,5
1195,68,16,111,9,-0.9831903657031018,7
1196,91,23,20,11,-0.9903622576025464,12
1197,13,12,76,6,-0.9984639091995137,6
1198,94,11,79,6,-0.9998691980070007,5
1199,41,33,70,17,-1.0073100144887743,16
1200,55,28,84,14,-1.0210181761259298,14
1201,28,54,79,31,-1.0328587042725634,23
1202,103,10,75,5,-1.0351884603570845,5
1203,65,27,104,16,-1.0406659176361361,11
1204,2,32,87,16,-1.0461530255566567,16
1205,91,13,17,7,-1.0470112494614043,6
1206,89,13,6,6,-1.048764081963461,7
1207,73,20,103,10,-1.0728746625988095,10
1208,62,14,91,7,-1.0834634078291792,7
1209,79,41,86,21,-1.091098505226557,20
1210,62,20,88,10,-1.1096322170107613,10
1211,74,44,84,22,-1.1124968603040974,22
1212,93,14,88,6,-1.1127136691834523,8
1213,8,49,70,24,-1.1467281456421692,25
1214,34,18,50,8,-1.1483521913828936,10
1215,30,20,74,9,-1.1520992492769824,11
1216,41,80,65,38,-1.1627117143876546,42
1217,79,23,30,13,-1.1758796752709713,10
1218,1,10,103,4,-1.1782289624807345,6
1219,74,47,28,25,-1.1863714258705305,22
1220,111,49,98,25,-1.197194144617747,24
1221,65,59,87,31,-1.2047597063954327,28
1222,74,29,20,15,-1.2212951759493524,14
1223,2,49,79,26,-1.2271248327335258,23
1224,91,28,107,14,-1.243507965011968,14
1225,87,43,111,22,-1.2506147334615216,21
1226,110,15,87,8,-1.3076573931351636,7
1227,88,26,28,14,-1.3206994118977573,12
1228,20,37,54,20,-1.3285966818364354,17
1229,9,38,98,18,-1.3449186308922656,20
1230,62,16,16,8,-1.3595058783154863,8
1231,106,11,8,5,-1.3609090570122948,6
1232,32,14,23,6,-1.3629901576062284,8
1233,59,16,41,9,-1.3704315284875377,7
1234,23,21,88,10,-1.3727418190909706,11
1235,8,13,44,8,-1.3823607495686774,5
1236,85,13,54,6,-1.3987454013140734,7
1237,15,18,54,9,-1.402367436616194,9
1238,8,64,28,33,-1.4089199670448889,31
1239,98,46,70,24,-1.410274874293704,22
1240,91,13,32,6,-1.4232354979639668,7
1241,3,10,65,5,-1.4258252923515944,5
1242,65,80,41,44,-1.4259190406310238,36
1243,85,17,8,8,-1.426438357729156,9
1244,75,14,111,6,-1.4265352540751048,8
1245,112,11,109,6,-1.4303792106135098,5
1246,73,24,65,12,-1.4468441080992516,12
1247,18,24,54,13,-1.455700043377323,11
1248,18,16,48,8,-1.464473611685826,8
1249,20,13,90,6,-1.4684862703100567,7
1250,8,25,73,15,-1.477401466453494,10
1251,89,16,98,8,-1.5011020579783834,8
1252,85,12,103,7,-1.505235765059642,5
1253,38,12,85,6,-1.5317416798467203,6
1254,6,18,62,11,-1.5340589440321633,7
1255,107,14,63,8,-1.5503183730734291,6
1256,48,28,76,15,-1.5505839376852317,13
1257,98,17,73,9,-1.5549106082147346,8
1258,41,12,106,6,-1.5589796315432078,6
1259,94,11,2,6,-1.5668479197841136,5
1260,37,18,70,10,-1.5684495468710087,8
1261,29,16,16,9,-1.5836522711306946,7
1262,76,12,20,7,-1.5911388338678496,5
1263,50,32,28,17,-1.6088177753959525,15
1264,84,33,87,17,-1.613260882821088,16
1265,79,16,57,9,-1.6225267683647044,7
1266,107,16,10,9,-1.6461334723356764,7
1267,65,86,8,48,-1.662970973602167,38
1268,23,18,57,10,-1.6948872060166476,8
1269,76,11,38,6,-1.6999072226365504,5
1270,65,35,76,20,-1.7203171531111823,15
1271,45,10,76,5,-1.7263356630732798,5
1272,16,16,29,8,-1.7271978980205145,8
1273,6,18,86,10,-1.7326602616625042,8
1274,38,15,106,8,-1.7348192516378875,7
1275,18,11,49,6,-1.7400045873031535,5
1276,38,35,107,18,-1.7434138897292963,17
1277,30,15,41,8,-1.7536920323334504,7
1278,76,23,9,12,-1.7747736668224448,11
1279,51,17,28,9,-1.7763784096730444,8
1280,26,36,79,20,-1.7871788960457524,16
1281,41,10,94,5,-1.7939224836809735,5
1282,76,13,85,8,-1.8000085206097012,5
1283,16,34,48,17,-1.812745353204625,17
1284,16,35,54,18,-1.816759639912713,17
1285,18,28,111,15,-1.836230700119576,13
1286,79,12,35,7,-1.8379035956261862,5
1287,107,23,90,11,-1.8399920811097403,12
1288,8,67,98,36,-1.8537292484745949,31
1289,10,29,9,16,-1.859524718894566,13
1290,30,23,79,11,-1.8656308164100326,12
1291,112,16,54,9,-1.8715662937888333,7
1292,49,27,84,14,-1.8786207304912834,13
1293,65,68,84,35,-1.8809383053706645,33
1294,88,18,91,10,-1.88786606053127,8
1295,103,14,70,8,-1.9027941936339918,6
1296,61,11,41,6,-1.9034780148497878,5
1297,17,10,76,6,-1.9048948605365954,4
1298,6,24,76,12,-1.9379440444479508,12
1299,65,33,37,18,-1.9483360284193352,15
1300,16,19,107,10,-1.9573306313670586,9
1301,23,18,54,10,-1.9726565822582236,8
1302,55,33,79,16,-1.977677617166514,17
1303,29,11,49,7,-1.979211902956338,4
1304,8,17,85,10,-1.9814351518680657,7
1305,37,13,103,7,-1.9837820518429903,6
1306,41,16,34,9,-1.984665451993842,7
1307,71,10,37,6,-1.9896037058196856,4
1308,32,12,10,5,-1.9897128149353989,7
1309,87,30,23,17,-2.0171902524743803,13
1310,98,49,16,27,-2.0270591279637658,22
1311,74,17,90,9,-2.0301353599309766,8
1312,84,28,107,15,-2.047403684187592,13
1313,98,52,38,28,-2.049865770355223,24
1314,76,14,23,8,-2.053339600456361,6
1315,84,19,32,11,-2.0621508690380304,8
1316,5,13,28,8,-2.0729432233264378,5
1317,111,28,18,15,-2.073192675308429,13
1318,90,17,74,9,-2.084849422931559,8
1319,73,14,55,7,-2.1000754331910434,7
1320,50,26,54,15,-2.120731115430667,11
1321,1,11,84,6,-2.1264466771262818,5
1322,1,15,87,7,-2.13863269092095,8
1323,48,23,87,12,-2.1386862659998345,11
1324,98,22,13,14,-2.1425027644706,8
1325,17,42,98,22,-2.156040262361809,20
1326,32,10,18,5,-2.1572241092213504,5
1327,15,11,9,6,-2.1575516880448595,5
1328,10,30,16,16,-2.162033274822283,14
1329,48,10,30,5,-2.2166737248744335,5
1330,58,11,8,5,-2.225895511877215,6
1331,65,28,90,16,-2.2453473596675058,12
1332,20,15,17,7,-2.2513060993546468,8
1333,86,12,93,6,-2.2636523358322767,6
1334,32,18,62,9,-2.2636867699003296,9
1335,65,13,40,8,-2.2717456579717874,5
1336,79,13,109,7,-2.2870368719814995,6
1337,54,43,74,21,-2.3054773168053213,22
1338,103,37,23,19,-2.3239729626949774,18
1339,111,25,10,14,-2.325729697807542,11
1340,29,39,65,23,-2.3260339041967426,16
1341,65,49,55,30,-2.3309855763492444,19
1342,9,34,37,18,-2.343101078405303,16
1343,43,23,41,13,-2.365299496779167,10
1344,10,38,2,21,-2.3661698105817304,17
1345,111,41,84,24,-2.3819844012222666,17
1346,9,17,70,10,-2.397828846037563,7
1347,35,18,76,11,-2.402343332528309,7
1348,79,75,65,39,-2.4206112133010294,36
1349,57,16,79,8,-2.4270888358529503,8
1350,6,33,9,18,-2.442634272815348,15
1351,79,24,85,12,-2.4487159616702985,12
1352,37,17,10,10,-2.4518219266203145,7
1353,38,40,41,21,-2.453560318141292,19
1354,56,10,111,6,-2.4700990674076566,4
1355,9,44,103,21,-2.4769487250437607,23
1356,29,20,2,11,-2.477941203005174,9
1357,62,15,37,8,-2.478947668963919,7
1358,107,29,74,16,-2.4812045730116727,13
1359,88,27,79,17,-2.5235166924308925,10
1360,29,19,50,11,-2.5251415163545503,8
1361,54,52,98,26,-2.5290154991382803,26
1362,70,33,41,17,-2.5290882561404575,16
1363,34,11,23,5,-2.5306742696464295,6
1364,88,12,50,6,-2.55945605085457,6
1365,109,25,2,15,-2.564163534371066,10
1366,23,14,76,7,-2.57479251864953,7
1367,37,54,79,31,-2.5785982032551225,23
1368,107,25,55,15,-2.584454892774177,10
1369,112,20,38,11,-2.587558109977975,9
1370,65,16,71,8,-2.5963866960665394,8
1371,74,54,98,28,-2.602808875128384,26
1372,50,11,70,5,-2.6267029004174307,6
1373,37,54,84,28,-2.6277217904901606,26
1374,111,26,23,15,-2.6303992386646597,11
1375,107,13,30,8,-2.6326975250966638,5
1376,30,25,111,13,-2.652873615194803,12
1377,79,30,54,16,-2.6549718038487007,14
1378,65,39,107,23,-2.657495022575689,16
1379,8,14,15,7,-2.6593953269851665,7
1380,88,20,86,12,-2.6598697754609466,8
1381,98,49,111,27,-2.6617844500730894,22
1382,48,12,17,6,-2.6638768499648653,6
1383,28,51,111,28,-2.6672800001576538,23
1384,111,13,43,8,-2.669621436422116,5
1385,43,17,107,9,-2.6703875258201832,8
1386,48,18,10,9,-2.6839997209769586,9
1387,49,19,54,11,-2.692694154508796,8
1388,28,29,90,16,-2.7096269258470884,13
1389,91,20,16,11,-2.721458273562552,9
1390,30,14,26,5,-2.7295268644643036,9
1391,28,29,32,16,-2.7306568894300036,13
1392,16,55,79,31,-2.731212502537104,24
1393,29,14,23,8,-2.7325720738957813,6
1394,28,21,34,12,-2.7346627104082093,9
1395,79,49,2,26,-2.737321151823357,23
1396,28,30,29,16,-2.741726893835182,14
1397,51,10,18,5,-2.762161861451463,5
1398,8,35,50,20,-2.780674766677656,15
1399,86,33,98,19,-2.783908924775316,14
1400,8,23,34,11,-2.786622245645816,12
1401,8,12,14,7,-2.800814824677635,5
1402,34,17,29,8,-2.8011697136542653,9
1403,65,55,38,30,-2.8065899103574563,25
1404,37,21,6,11,-2.8071351094287116,10
1405,20,13,37,7,-2.830757635658361,6
1406,16,35,23,19,-2.8430887250810795,16
1407,79,14,49,7,-2.8559618796068484,7
1408,28,23,62,14,-2.8623005652837556,9
1409,57,10,55,6,-2.8631536684623486,4
1410,65,47,6,23,-2.865509863062411,24
1411,29,31,98,16,-2.8666453310461546,15
1412,28,15,46,8,-2.8691534505866363,7
1413,76,20,111,9,-2.874339265333938,11
1414,111,30,90,17,-2.890544713054332,13
1415,91,22,65,10,-2.901497114560693,12
1416,86,20,50,12,-2.9078735206797086,8
1417,20,23,91,13,-2.9131035181283305,10
1418,87,10,68,5,-2.918596255497213,5
1419,41,36,29,19,-2.9244119186735795,17
1420,79,36,91,20,-2.9577446454454916,16
1421,79,60,98,31,-2.9797846796517296,29
1422,107,20,49,10,-3.0009680055572483,10
1423,89,16,26,8,-3.001544109167066,8
1424,37,30,48,16,-3.008487076456393,14
1425,16,18,38,9,-3.0174584469144006,9
1426,87,65,8,37,-3.03431081241291,28
1427,44,14,9,6,-3.041897922279978,8
1428,9,29,10,15,-3.048760319879068,14
1429,79,54,28,26,-3.0557039246047886,28
1430,16,16,50,8,-3.078596778577717,8
1431,49,14,32,7,-3.0916039811268714,7
1432,10,17,91,10,-3.0928301943325844,7
1433,9,69,84,40,-3.099921947646205,29
1434,16,12,51,7,-3.1043405813508484,5
1435,28,28,48,17,-3.110121066492069,11
1436,17,15,20,9,-3.1232806552580397,6
1437,28,17,51,9,-3.126586347604316,8
1438,6,14,34,8,-3.133573413702534,6
1439,104,14,107,8,-3.134849257552008,6
1440,111,67,8,39,-3.1368206421757674,28
1441,38,36,79,20,-3.1386740959807873,16
1442,90,10,1,5,-3.1488203588125634,5
1443,87,28,16,16,-3.1498461694102997,12
1444,41,16,88,9,-3.1907658333962923,7
1445,56,11,8,7,-3.2076491625407373,4
1446,86,19,23,10,-3.2169168727971034,9
1447,87,15,1,9,-3.2359540636917368,6
1448,86,33,54,18,-3.238419759041155,15
1449,10,16,107,8,-3.2508067064167334,8
1450,98,11,59,6,-3.2664563544762375,5
1451,85,17,74,9,-3.280838878179328,8
1452,46,11,10,6,-3.290581679590814,5
1453,76,12,104,6,-3.296017349449059,6
1454,41,47,16,25,-3.302949953736054,22
1455,74,27,26,15,-3.318872656585855,12
1456,9,23,13,14,-3.329632202393757,9
1457,107,41,87,24,-3.3314050553362784,17
1458,84,21,91,12,-3.3334541794660995,9
1459,63,12,74,7,-3.341793330465063,5
1460,8,26,29,14,-3.355791507675689,12
1461,23,20,91,11,-3.361881304895745,9
1462,85,14,2,7,-3.3798876085075142,7
1463,54,55,8,30,-3.3870609649509107,25
1464,91,14,57,9,-3.3879171437646898,5
1465,87,23,62,13,-3.3975423521512766,10
1466,6,12,57,8,-3.4000169565132445,4
1467,57,12,98,6,-3.420805610146773,6
1468,84,17,51,10,-3.4208891920364017,7
1469,28,31,30,18,-3.424221359947421,13
1470,91,10,5,4,-3.4255398118724543,6
1471,5,13,98,7,-3.4543139973545847,6
1472,6,12,50,7,-3.455131926902719,5
1473,103,17,48,9,-3.4651564553170124,8
1474,107,28,91,16,-3.470162400396322,12
1475,55,14,1,8,-3.472860068937087,6
1476,55,10,51,6,-3.478851515612335,4
1477,74,22,46,13,-3.5002697786396095,9
1478,94,13,65,7,-3.5056909876146594,6
1479,103,28,16,15,-3.5221709334006666,13
1480,26,33,111,19,-3.5276889460712026,14
1481,86,23,107,13,-3.540995607333447,10
1482,93,28,111,14,-3.5658268419241614,14
1483,38,25,50,14,-3.5687465201033155,11
1484,23,15,101,9,-3.591604516250615,6
1485,41,12,75,7,-3.6074462973145796,5
1486,18,11,88,6,-3.611718177860614,5
1487,79,11,5,5,-3.6162339827607495,6
1488,10,56,8,30,-3.636674757579158,26
1489,65,17,57,11,-3.662004607965262,6
1490,6,18,46,9,-3.6622722012174886,9
1491,89,14,48,8,-3.663870491648269,6
1492,84,19,30,10,-3.6645394021317808,9
1493,17,28,65,16,-3.671860859875654,12
1494,90,38,79,23,-3.67436402078142,15
1495,8,21,104,13,-3.694652229740303,8
1496,10,30,65,17,-3.711620773912011,13
1497,98,38,6,22,-3.7215139635079795,16
1498,38,22,84,13,-3.7215580721113835,9
1499,111,29,88,17,-3.7495520948698218,12
1500,84,45,98,25,-3.762329835872549,20
1501,16,19,90,10,-3.7634391959444016,9
1502,28,20,13,13,-3.7776767139915237,7
1503,73,15,79,8,-3.7804037585321253,7
1504,110,11,26,5,-3.781495457699161,6
1505,103,12,110,7,-3.7849274590311146,5
1506,9,47,111,24,-3.825764805188506,23
1507,29,21,91,12,-3.8408205117269745,9
1508,90,30,98,16,-3.8482506816580906,14
1509,49,14,38,7,-3.855128614080587,7
1510,20,29,74,16,-3.878284866637444,13
1511,17,11,55,6,-3.884041039360635,5
1512,54,16,94,8,-3.8978006398785654,8
1513,98,37,37,21,-3.903745498406781,16
1514,84,38,23,21,-3.904257928801921,17
1515,79,48,10,24,-3.91616175701918,24
1516,88,68,65,39,-3.928817842012371,29
1517,74,22,43,13,-3.9345782455697655,9
1518,62,16,79,8,-3.946342407250839,8
1519,112,10,91,5,-3.9467548682802898,5
1520,111,12,13,7,-3.9528063724151234,5
1521,15,10,10,5,-3.9530007600130346,5
1522,8,40,6,23,-3.9569277693347025,17
1523,8,40,91,21,-3.9619458521379896,19
1524,20,20,112,10,-3.9655619093439776,10
1525,62,12,17,7,-3.968111934989349,5
1526,26,14,55,8,-3.9805474058369086,6
1527,74,30,2,16,-4.002224854294571,14
1528,79,33,23,17,-4.005580416521509,16
1529,18,16,41,10,-4.007987067805047,6
1530,84,35,50,19,-4.015239488001408,16
1531,103,50,79,29,-4.028559233170848,21
1532,9,18,85,11,-4.035383309207159,7
1533,48,15,90,8,-4.039452294275294,7
1534,2,19,26,10,-4.0418718843206785,9
1535,85,16,98,8,-4.042048861968952,8
1536,98,23,109,13,-4.043112033025349,10
1537,70,22,28,11,-4.0616686909101185,11
1538,50,12,17,7,-4.085550670907594,5
1539,28,44,55,27,-4.124313635623879,17
1540,10,15,103,8,-4.145748166667439,7
1541,2,15,37,8,-4.147220527730263,7
1542,18,12,20,7,-4.147587922475693,5
1543,2,61,98,34,-4.158496116358835,27
1544,32,16,2,9,-4.1690776359664925,7
1545,28,32,20,20,-4.206284873777962,12
1546,32,14,49,8,-4.206356269409239,6
1547,91,14,109,7,-4.213752581267598,7
1548,90,18,86,11,-4.223509495637678,7
1549,6,24,23,13,-4.230313442640464,11
1550,28,60,65,35,-4.23591197925411,25
1551,8,11,97,7,-4.238412616249602,4
1552,55,44,111,24,-4.253083069824158,20
1553,17,11,87,6,-4.272428492310046,5
1554,103,35,107,20,-4.274205878998454,15
1555,79,54,41,30,-4.27842372079762,24
1556,48,15,85,9,-4.3053632687921874,6
1557,41,39,26,18,-4.308213459712551,21
1558,90,13,20,8,-4.319530234657453,5
1559,26,27,74,15,-4.321080857814055,12
1560,3,17,54,9,-4.336905078418535,8
1561,37,34,28,20,-4.354061424588209,14
1562,34,14,6,7,-4.355179716170928,7
1563,44,13,79,7,-4.356415433762267,6
1564,2,11,57,7,-4.360321050424324,4
1565,37,35,16,22,-4.367993019162764,13
1566,94,11,87,6,-4.3750154371421806,5
1567,1,10,90,6,-4.3756010976452,4
1568,89,13,54,8,-4.375934710162816,5
1569,49,20,8,11,-4.380567014000522,9
1570,8,59,74,33,-4.386808600676516,26
1571,41,36,50,20,-4.391684068139686,16
1572,93,10,16,6,-4.39953686299155,4
1573,20,19,43,10,-4.407702920435086,9
1574,103,20,73,11,-4.408542656876497,9
1575,13,10,90,5,-4.435057658973371,5
1576,2,18,90,10,-4.440452857575476,8
1577,9,73,79,41,-4.44096742153783,32
1578,58,16,98,8,-4.454073647186222,8
1579,110,23,20,13,-4.463579786935514,10
1580,15,25,111,15,-4.472513123100849,10
1581,73,12,91,8,-4.474635053917609,4
1582,85,13,86,6,-4.482653170773331,7
1583,29,21,111,10,-4.484029622528667,11
1584,93,21,29,12,-4.498959392246702,9
1585,62,11,29,6,-4.502398822563132,5
1586,23,40,41,23,-4.507259861409944,17
1587,74,15,32,9,-4.51940474758212,6
1588,18,16,30,10,-4.520627492655181,6
1589,109,26,65,13,-4.522732343847652,13
1590,23,24,74,13,-4.530539923458647,11
1591,28,54,98,29,-4.5492116258628945,25
1592,10,30,98,17,-4.551582770002625,13
1593,98,43,20,25,-4.552220105497901,18
1594,57,15,87,8,-4.552409972912951,7
1595,89,20,9,13,-4.555028073124961,7
1596,2,60,28,34,-4.5572863995695005,26
1597,49,19,28,12,-4.587943557807989,7
1598,15,10,86,5,-4.603054673648835,5
1599,62,32,8,18,-4.631673995674618,14
1600,104,19,79,12,-4.631678959880918,7
1601,89,15,16,9,-4.6371266736073995,6
1602,2,20,29,11,-4.659724574406303,9
1603,9,102,65,58,-4.665011564115563,44
1604,73,21,20,12,-4.671662937476582,9
1605,54,26,88,14,-4.6863533900667065,12
1606,107,73,8,41,-4.704491322423206,32
1607,29,35,87,20,-4.710088352572669,15
1608,93,19,109,11,-4.710552248323457,8
1609,18,22,107,12,-4.739510447833848,10
1610,48,12,63,7,-4.743567528228723,5
1611,98,15,43,9,-4.76949453924207,6
1612,65,41,23,23,-4.770740161452318,18
1613,28,37,23,21,-4.773448036217733,16
1614,2,61,8,33,-4.776225618469153,28
1615,20,12,13,8,-4.788358918637377,4
1616,103,33,50,19,-4.78996402404816,14
1617,30,11,17,6,-4.793161472453949,5
1618,88,21,87,13,-4.796769422048845,8
1619,73,17,86,10,-4.801948838237136,7
1620,9,41,87,23,-4.829437582460561,18
1621,70,16,79,8,-4.8989486826264415,8
1622,20,30,93,15,-4.900735470483159,15
1623,79,46,6,27,-4.905537278617679,19
1624,111,58,79,35,-4.908320697413802,23
1625,34,14,87,8,-4.9103764474731255,6
1626,84,13,75,8,-4.928603725365215,5
1627,73,21,6,11,-4.932710665188484,10
1628,88,30,55,19,-4.9440012556944435,11
1629,20,37,111,20,-4.947955914179008,17
1630,59,10,10,5,-4.967497448599425,5
1631,86,20,41,11,-4.968122887256161,9
1632,86,18,51,10,-4.981149670072384,8
1633,54,17,62,10,-5.00163311569191,7
1634,112,20,6,11,-5.002047966054127,9
1635,50,22,111,13,-5.0084328055221565,9
1636,32,20,55,12,-5.010948173246778,8
1637,20,48,87,27,-5.0226538312237645,21
1638,1,17,16,9,-5.031673674933398,8
1639,43,13,111,7,-5.032790373684628,6
1640,48,32,6,18,-5.032884405587612,14
1641,41,34,73,19,-5.04227828505889,15
1642,93,25,79,13,-5.066420714783615,12
1643,41,16,59,9,-5.075333393683096,7
1644,54,19,49,10,-5.088731422511668,9
1645,104,17,16,10,-5.09161455079445,7
1646,48,24,79,13,-5.093554960327544,11
1647,18,21,103,12,-5.117263308095353,9
1648,89,29,41,17,-5.128070897369616,12
1649,17,12,54,7,-5.132650672697671,5
1650,32,12,20,7,-5.135866792699634,5
1651,93,43,8,26,-5.184113673106518,17
1652,57,10,111,6,-5.186942618450885,4
1653,10,11,104,6,-5.197242443950484,5
1654,9,10,75,7,-5.236788836002351,3
1655,111,10,1,5,-5.2389835373250895,5
1656,89,12,50,7,-5.253704218444127,5
1657,41,32,84,20,-5.257456300758316,12
1658,2,32,50,19,-5.267004357333988,13
1659,9,35,2,19,-5.287886334335022,16
1660,103,30,17,18,-5.294404276815365,12
1661,79,36,50,20,-5.311051747194992,16
1662,66,11,84,6,-5.328070614003664,5
1663,8,23,90,14,-5.338168133162716,9
1664,6,13,89,8,-5.3628052160146265,5
1665,41,66,8,36,-5.383353261881383,30
1666,38,26,20,15,-5.42296232860249,11
1667,23,16,109,10,-5.438260955948293,6
1668,84,34,54,21,-5.4402640180218675,13
1669,18,49,28,28,-5.441708441735847,21
1670,6,20,112,11,-5.4417169090825235,9
1671,85,13,63,7,-5.448267876540921,6
1672,37,14,55,8,-5.456618910920279,6
1673,38,25,30,13,-5.459363326096931,12
1674,38,33,54,20,-5.464199343195873,13
1675,87,20,90,13,-5.46489906820685,7
1676,49,13,93,7,-5.465162375246018,6
1677,87,10,89,6,-5.494352199749724,4
1678,86,48,84,27,-5.513451804713854,21
1679,34,16,107,9,-5.514558906998727,7
1680,2,25,91,15,-5.520053374694016,10
1681,73,10,37,6,-5.520302959105942,4
1682,75,12,41,6,-5.528249235144268,6
1683,9,44,41,27,-5.529938683768652,17
1684,75,14,79,9,-5.531520330232188,5
1685,2,10,46,6,-5.5419061164561345,4
1686,97,11,28,5,-5.54697078214519,6
1687,28,40,87,24,-5.5471681939513395,16
1688,98,31,87,19,-5.56520850280109,12
1689,91,27,87,16,-5.596917301348129,11
1690,86,27,74,16,-5.6064504249749785,11
1691,9,25,62,15,-5.628509084849722,10
1692,57,11,86,6,-5.628641785626694,5
1693,29,22,26,14,-5.630548836449715,8
1694,20,25,6,13,-5.631661671252285,12
1695,88,22,9,13,-5.645300221433946,9
1696,6,26,103,16,-5.659939287843902,10
1697,54,53,65,30,-5.6646795784714215,23
1698,91,29,111,16,-5.664784285354981,13
1699,91,16,63,9,-5.669548453730627,7
1700,9,13,43,7,-5.6825351087636395,6
1701,84,21,57,13,-5.683170829447634,8
1702,8,10,63,6,-5.721173859711348,4
1703,65,23,89,13,-5.729458742490654,10
1704,16,29,55,17,-5.733807755992479,12
1705,54,36,28,21,-5.7382648084827474,15
1706,55,14,26,8,-5.738748859328652,6
1707,79,12,51,7,-5.73983461160661,5
1708,37,20,90,12,-5.74259061703688,8
1709,34,22,98,14,-5.755771842682112,8
1710,9,29,38,16,-5.756435186772359,13
1711,20,45,8,27,-5.761607512447498,18
1712,6,19,88,11,-5.764151777123855,8
1713,87,25,103,15,-5.765760673855632,10
1714,74,37,111,21,-5.766110055807981,16
1715,32,23,65,13,-5.774601329387391,10
1716,50,27,55,17,-5.7792084950418126,10
1717,54,18,32,11,-5.782610489553487,7
1718,94,12,8,7,-5.79404543544707,5
1719,9,29,90,17,-5.810625027939029,12
1720,6,23,93,13,-5.817803398507305,10
1721,8,37,37,21,-5.826102721509759,16
1722,44,10,2,6,-5.829723764491519,4
1723,74,28,16,17,-5.840603518844792,11
1724,48,10,107,6,-5.863597775104665,4
1725,16,17,17,10,-5.868342075872027,7
1726,48,43,8,25,-5.870304383589578,18
1727,9,45,74,27,-5.903246001506488,18
1728,8,71,55,43,-5.920315047128705,28
1729,2,32,84,19,-5.927588372496059,13
1730,112,20,20,12,-5.928531130259162,8
1731,9,88,8,51,-5.93317968968378,37
1732,9,27,55,17,-5.955540392673043,10
1733,9,29,26,15,-5.9661383093180325,14
1734,23,18,2,10,-5.985551573396108,8
1735,37,12,91,7,-5.986073153547346,5
1736,77,10,49,5,-6.002993751357136,5
1737,91,18,38,10,-6.003578716041364,8
1738,8,10,12,6,-6.006520627559245,4
1739,2,11,94,6,-6.010461250553627,5
1740,91,48,98,26,-6.010481139866049,22
1741,98,27,26,14,-6.028495429489335,13
1742,1,19,41,13,-6.031499987907278,6
1743,76,36,84,19,-6.060390706094976,17
1744,2,27,107,16,-6.062909258737931,11
1745,89,25,79,16,-6.066359313406782,9
1746,76,40,79,25,-6.084282644738501,15
1747,48,13,50,7,-6.091992406670462,6
1748,16,59,8,36,-6.111808366071316,23
1749,37,21,30,13,-6.18590113175796,8
1750,76,21,54,11,-6.19796796612578,10
1751,66,11,2,7,-6.205381429919992,4
1752,54,26,87,15,-6.208659274557333,11
1753,41,35,2,22,-6.231438093089561,13
1754,76,25,87,15,-6.268639154144934,10
1755,16,25,32,15,-6.270434527094817,10
1756,44,15,111,9,-6.282001615200398,6
1757,34,22,84,14,-6.305423476465441,8
1758,55,23,103,14,-6.322145935947466,9
1759,111,30,2,18,-6.3285907665919945,12
1760,73,19,16,11,-6.3345809988624975,8
1761,6,26,29,15,-6.336301719273395,11
1762,93,22,23,12,-6.338642170645799,10
1763,37,12,46,7,-6.344219468715941,5
1764,28,10,31,6,-6.368565836830035,4
1765,88,21,103,13,-6.368772240906126,8
1766,18,10,85,7,-6.395980158606009,3
1767,74,36,79,23,-6.418996516558227,13
1768,48,15,2,8,-6.429648793649556,7
1769,88,16,20,10,-6.450213485704794,6
1770,65,69,93,41,-6.452409003746002,28
1771,41,41,111,23,-6.476121710491768,18
1772,48,11,23,6,-6.485113687277618,5
1773,18,14,93,8,-6.4923521531957435,6
1774,28,34,103,20,-6.496510604338202,14
1775,76,37,88,21,-6.498739576090078,16
1776,8,38,23,23,-6.515009991964853,15
1777,88,26,74,17,-6.51515117164633,9
1778,9,21,18,12,-6.522021333158075,9
1779,70,14,103,7,-6.530155528635714,7
1780,57,18,23,10,-6.535348935160996,8
1781,84,18,14,13,-6.539625119207458,5
1782,16,14,30,9,-6.557206782808548,5
1783,76,33,16,19,-6.592486344596094,14
1784,79,22,17,13,-6.594638264229068,9
1785,55,18,74,10,-6.615183527938437,8
1786,73,20,74,12,-6.65525639715505,8
1787,49,15,17,9,-6.655321673670171,6
1788,76,33,86,18,-6.663607616596395,15
1789,2,14,15,8,-6.681223250458031,6
1790,41,13,48,8,-6.690082670722859,5
1791,57,16,88,9,-6.6984703888039245,7
1792,9,45,54,27,-6.702036953544882,18
1793,74,11,89,6,-6.714017548400379,5
1794,34,19,2,11,-6.72965807263423,8
1795,16,54,28,32,-6.777267533232729,22
1796,8,15,1,8,-6.780619963583175,7
1797,9,10,60,5,-6.786490683910519,5
1798,6,36,54,24,-6.800107192868217,12
1799,20,25,2,14,-6.800156386602421,11
1800,41,35,91,22,-6.801656465480554,13
1801,9,39,23,23,-6.809315067414275,16
1802,91,26,6,15,-6.823132237906983,11
1803,70,16,30,10,-6.824605553405188,6
1804,28,35,91,22,-6.835662781090061,13
1805,28,38,38,22,-6.868784197702509,16
1806,18,44,8,27,-6.904238598939364,17
1807,74,12,57,8,-6.917604242425745,4
1808,54,14,90,8,-6.926141369056217,6
1809,17,14,90,8,-6.930186835428706,6
1810,76,16,55,9,-6.94114977286599,7
1811,79,19,29,11,-6.95160824378619,8
1812,68,10,73,6,-6.953949871021737,4
1813,101,11,79,6,-6.990861425930868,5
1814,6,19,90,11,-7.003490622158197,8
1815,48,12,49,6,-7.009433567710917,6
1816,87,26,49,14,-7.009641251598085,12
1817,85,25,84,13,-7.011561663750301,12
1818,8,16,13,10,-7.015469911604979,6
1819,6,20,111,12,-7.018385668922464,8
1820,79,20,34,11,-7.028247773396106,9
1821,79,19,59,11,-7.0352036880537785,8
1822,34,12,55,8,-7.041774709364915,4
1823,91,24,103,12,-7.054196208066259,12
1824,65,79,20,49,-7.086476721291006,30
1825,18,11,10,8,-7.118488462247401,3
1826,88,21,37,13,-7.127154928040396,8
1827,86,33,9,19,-7.129659158943622,14
1828,103,20,29,12,-7.147753101442866,8
1829,85,10,88,6,-7.153055622545776,4
1830,32,16,103,10,-7.165401001930764,6
1831,98,40,23,25,-7.180366591070178,15
1832,84,28,93,17,-7.199721204090467,11
1833,20,17,94,11,-7.2006491767087315,6
1834,34,13,111,7,-7.201437198359542,6
1835,41,17,76,10,-7.204077205660158,7
1836,84,20,29,12,-7.207700943776425,8
1837,29,19,54,13,-7.208882798727994,6
1838,6,29,55,20,-7.216182147698296,9
1839,103,49,98,31,-7.248745608369259,18
1840,88,24,84,15,-7.256956915758408,9
1841,54,18,30,11,-7.257329912738573,7
1842,38,14,88,8,-7.257573306252318,6
1843,112,12,28,7,-7.260189333899199,5
1844,50,34,98,19,-7.261172888009824,15
1845,18,12,76,8,-7.272070404155357,4
1846,73,10,30,6,-7.275241295919059,4
1847,70,15,23,9,-7.277989111704881,6
1848,68,24,8,14,-7.280502110476539,10
1849,94,16,9,9,-7.284482029205985,7
1850,98,11,63,6,-7.300954316058303,5
1851,41,44,87,25,-7.307077046689722,19
1852,48,19,54,10,-7.319842275445521,9
1853,88,14,73,9,-7.3213336498634565,5
1854,87,10,75,7,-7.33172030014438,3
1855,10,23,89,14,-7.332600528276464,9
1856,103,15,10,9,-7.34175922383016,6
1857,9,65,16,42,-7.342364794372628,23
1858,87,22,38,14,-7.344861542182534,8
1859,65,14,43,8,-7.347774243596503,6
1860,111,34,107,21,-7.350435103584518,13
1861,84,28,20,18,-7.362780437625795,10
1862,8,12,94,7,-7.380839863701188,5
1863,38,14,32,9,-7.40322551749003,5
1864,49,13,41,9,-7.40613906742907,4
1865,106,17,79,9,-7.417569198915104,8
1866,68,14,98,10,-7.427653338623117,4
1867,50,31,87,19,-7.429484842498567,12
1868,79,23,18,13,-7.489902589142588,10
1869,38,24,2,13,-7.498014725943604,11
1870,8,21,30,14,-7.508348959819656,7
1871,54,28,103,16,-7.519450232339541,12
1872,84,58,16,35,-7.5547803687620165,23
1873,41,49,28,27,-7.5790679769900375,22
1874,86,26,111,15,-7.599516330003595,11
1875,79,69,8,39,-7.65181272658396,30
1876,48,13,51,9,-7.654351493277219,4
1877,65,13,1,8,-7.656553235025104,5
1878,74,20,10,13,-7.659112863437722,7
1879,91,25,2,14,-7.689227776137411,11
1880,65,69,111,40,-7.692935034996464,29
1881,59,11,23,7,-7.703199044299864,4
1882,9,30,50,19,-7.727540590396016,11
1883,85,14,111,9,-7.7293785704579765,5
1884,91,33,74,20,-7.737421572571212,13
1885,74,19,17,11,-7.746897696537682,8
1886,28,37,6,23,-7.752310827460261,14
1887,109,13,29,8,-7.764821554426809,5
1888,65,50,74,31,-7.770632429945084,19
1889,2,11,58,7,-7.801381373372687,4
1890,28,27,10,18,-7.815329969763904,9
1891,37,32,76,21,-7.820497576953575,11
1892,63,11,37,6,-7.843052347950046,5
1893,38,36,8,23,-7.848513446954382,13
1894,20,12,86,7,-7.900116802389437,5
1895,8,34,32,20,-7.924661453734891,14
1896,15,14,65,8,-7.926434893021066,6
1897,86,16,49,8,-7.927120710777818,8
1898,34,12,16,7,-7.93686592393514,5
1899,37,25,54,17,-7.943083932672221,8
1900,68,17,65,10,-7.944869327403057,7
1901,29,13,10,8,-7.9538773066866035,5
1902,18,26,98,16,-7.97184494616587,10
1903,2,47,16,29,-7.981559053660557,18
1904,34,16,41,9,-7.985588983079851,7
1905,46,12,29,8,-7.9900680110629,4
1906,30,20,91,11,-7.991950999433738,9
1907,41,15,90,9,-7.997737246515692,6
1908,6,16,49,10,-8.00081803652467,6
1909,98,23,30,16,-8.00290622272811,7
1910,86,11,1,7,-8.004187715591295,4
1911,86,39,37,23,-8.0080700796393,16
1912,9,33,73,20,-8.026932165092104,13
1913,50,14,30,8,-8.040043855831858,6
1914,74,11,13,7,-8.04867506694036,4
1915,86,19,38,13,-8.082390856875639,6
1916,109,12,106,7,-8.105226682242963,5
1917,88,34,16,23,-8.122245417151195,11
1918,28,13,12,9,-8.124512247092587,4
1919,85,11,107,5,-8.136688307054937,6
1920,43,23,8,14,-8.144232099403988,9
1921,50,14,91,10,-8.147171839152469,4
1922,20,16,16,9,-8.147746017528718,7
1923,9,28,109,17,-8.15969199672273,11
1924,28,40,107,23,-8.185288960334807,17
1925,93,12,73,8,-8.187757780124674,4
1926,20,34,55,20,-8.188491546924638,14
1927,98,29,49,17,-8.192506354783728,12
1928,94,13,28,8,-8.222371266039172,5
1929,54,16,46,11,-8.224744800148523,5
1930,16,10,26,6,-8.231874067384084,4
1931,58,12,65,6,-8.279172093518053,6
1932,103,44,41,30,-8.282446815251143,14
1933,48,26,65,16,-8.284285166641764,10
1934,9,22,32,14,-8.29537961179385,8
1935,87,19,70,12,-8.303039543335913,7
1936,59,17,9,11,-8.305936798720651,6
1937,109,33,8,20,-8.311226620633253,13
1938,50,26,107,17,-8.311520729916491,9
1939,35,10,8,6,-8.33580666741078,4
1940,10,19,54,12,-8.394077761771173,7
1941,23,19,90,12,-8.394839451243373,7
1942,89,11,90,7,-8.39679691457017,4
1943,76,19,107,12,-8.417024283490269,7
1944,87,17,43,11,-8.41719039009833,6
1945,79,43,87,26,-8.417556091871113,17
1946,10,21,73,14,-8.419335562342066,7
1947,20,52,41,34,-8.422070633311236,18
1948,48,40,84,24,-8.444321633752367,16
1949,28,38,93,23,-8.493138656897244,15
1950,109,10,89,6,-8.517312082575357,4
1951,84,14,89,10,-8.522483406182122,4
1952,103,24,26,14,-8.523036763842917,10
1953,18,23,87,15,-8.524533269279637,8
1954,62,18,41,11,-8.537234992782363,7
1955,10,17,93,11,-8.56386374848909,6
1956,76,22,15,14,-8.619922527093358,8
1957,103,12,13,7,-8.636840481158112,5
1958,109,18,34,11,-8.662734980033568,7
1959,20,15,34,10,-8.686931056567454,5
1960,54,30,93,21,-8.691717045102084,9
1961,54,22,55,15,-8.693503727969714,7
1962,37,23,23,15,-8.700238300329012,8
1963,34,23,8,15,-8.70757839693712,8
1964,26,14,23,9,-8.749236801747239,5
1965,50,13,10,8,-8.778099244971948,5
1966,9,24,29,14,-8.78680407934639,10
1967,85,11,10,6,-8.81027661814343,5
1968,13,12,103,7,-8.842888031531043,5
1969,111,33,16,19,-8.850438007878841,14
1970,94,17,98,11,-8.877059957058036,6
1971,62,13,104,9,-8.924566951625799,4
1972,110,20,107,12,-8.933567921834618,8
1973,109,11,86,6,-8.956500368087859,5
1974,65,40,2,27,-8.96445994810743,13
1975,84,17,17,11,-8.96660578083433,6
1976,107,17,43,11,-8.97149730664326,6
1977,20,10,46,5,-8.988887305938205,5
1978,76,35,74,23,-9.021109435296271,12
1979,65,57,16,35,-9.041777655106582,22
1980,46,10,20,7,-9.07799592694241,3
1981,32,12,26,7,-9.097694016198698,5
1982,57,11,2,6,-9.107338089684548,5
1983,30,14,23,8,-9.118564512919743,6
1984,65,58,98,37,-9.126651402593728,21
1985,9,24,17,15,-9.1791201131975,9
1986,85,22,16,14,-9.206163589977447,8
1987,6,18,30,13,-9.214935490589037,5
1988,48,18,74,11,-9.23620629681497,7
1989,49,15,74,9,-9.24696946196511,6
1990,50,14,43,9,-9.274747817248809,5
1991,23,17,50,10,-9.30009053265053,7
1992,32,29,111,17,-9.306159625162504,12
1993,28,28,76,18,-9.31638260694147,10
1994,55,15,23,9,-9.335240638495888,6
1995,29,22,74,13,-9.341715830488063,9
1996,87,11,104,8,-9.348380844680923,3
1997,18,20,16,13,-9.354506797477038,7
1998,8,16,46,10,-9.372412655150548,6
1999,73,17,50,10,-9.374278992438523,7
2000,8,14,59,9,-9.376826871718675,5
2001,70,22,16,15,-9.38991140179792,7
2002,13,13,49,8,-9.426239729184449,5
2003,44,17,65,10,-9.4437024578389,7
2004,41,13,37,8,-9.466346040258511,5
2005,109,24,20,17,-9.467777006169475,7
2006,19,11,103,7,-9.481054864710428,4
2007,58,11,6,7,-9.48949645741495,4
2008,28,16,43,11,-9.500596764145223,5
2009,88,14,32,10,-9.505084521049726,4
2010,8,45,26,27,-9.507536225083523,18
2011,17,13,91,8,-9.524679603281811,5
2012,50,19,65,12,-9.540873988468537,7
2013,65,21,60,13,-9.571951123571157,8
2014,89,22,23,14,-9.57687547449059,8
2015,88,21,107,13,-9.578084130175833,8
2016,68,18,20,11,-9.579258034610852,7
2017,107,28,79,19,-9.628503445575703,9
2018,62,26,98,16,-9.641858129313674,10
2019,86,31,87,20,-9.67062818593417,11
2020,38,32,29,21,-9.68129980112226,11
2021,9,32,20,22,-9.682737838008489,10
2022,54,42,111,27,-9.68998535179476,15
2023,2,17,70,12,-9.72121584945483,5
2024,107,19,29,13,-9.721393431646936,6
2025,103,36,111,23,-9.751404731703081,13
2026,103,42,8,29,-9.75520368768584,13
2027,13,11,6,7,-9.767233760195804,4
2028,76,48,8,31,-9.774242687735518,17
2029,73,11,89,7,-9.781054129485568,4
2030,76,14,10,9,-9.808338756444273,5
2031,64,10,28,6,-9.858359509289873,4
2032,63,18,84,11,-9.878227554424287,7
2033,57,13,16,8,-9.912103829829496,5
2034,75,10,103,6,-9.927646178593532,4
2035,55,17,10,10,-9.955177794264818,7
2036,38,24,111,15,-9.966212518632448,9
2037,70,10,29,7,-9.974371860410164,3
2038,6,26,87,17,-10.021273865079603,9
2039,30,11,88,6,-10.02483572373662,5
2040,46,17,111,11,-10.027977766283334,6
2041,70,13,107,8,-10.093719119113565,5
2042,9,30,107,18,-10.117330869317284,12
2043,74,29,103,20,-10.120878103689183,9
2044,86,18,10,12,-10.127463297809758,6
2045,84,14,109,9,-10.149942855967595,5
2046,65,23,110,15,-10.151511833678441,8
2047,18,17,74,11,-10.161044876408567,6
2048,38,10,60,6,-10.18694980154264,4
2049,96,12,65,7,-10.190345361441295,5
2050,86,18,30,15,-10.197363587254836,3
2051,86,61,16,40,-10.232663444522395,21
2052,6,16,26,11,-10.241752287967033,5
2053,9,62,28,39,-10.244186971423542,23
2054,109,14,91,9,-10.246844938152377,5
2055,103,10,46,6,-10.256504706034534,4
2056,73,16,2,10,-10.299221262346563,6
2057,73,13,26,7,-10.351393753977627,6
2058,75,11,2,7,-10.369833561069749,4
2059,79,25,32,17,-10.371411167010606,8
2060,20,12,18,7,-10.384022260291557,5
2061,1,20,98,14,-10.38637572035043,6
2062,17,10,29,7,-10.395985227153455,3
2063,65,42,63,27,-10.401224587384164,15
2064,79,18,13,13,-10.402626472157774,5
2065,76,29,98,18,-10.406226306218304,11
2066,49,17,20,11,-10.413212284497668,6
2067,85,17,28,11,-10.422040777311393,6
2068,37,11,109,7,-10.56538628002093,4
2069,32,12,6,8,-10.571898387448906,4
2070,65,15,70,10,-10.573807897523746,5
2071,109,14,103,10,-10.579033749442829,4
2072,101,10,65,6,-10.616476001261294,4
2073,58,13,38,9,-10.642287291889895,4
2074,109,18,74,11,-10.643610558105998,7
2075,16,16,75,11,-10.668295124883432,5
2076,109,16,107,10,-10.668493285549749,6
2077,6,26,16,16,-10.690827392878644,10
2078,103,50,65,34,-10.698432421307977,16
2079,85,10,91,5,-10.70245375594107,5
2080,41,26,55,16,-10.703172393729929,10
2081,44,33,6,21,-10.727467153198667,12
2082,66,13,8,9,-10.73746092576916,4
2083,30,20,55,12,-10.741156330527383,8
2084,86,10,63,7,-10.764144399471371,3
2085,18,14,23,10,-10.76931964993769,4
2086,23,16,17,11,-10.781653305644493,5
2087,103,25,30,17,-10.7828746133779,8
2088,68,11,50,8,-10.798306988405816,3
2089,62,11,30,7,-10.859839313714286,4
2090,10,12,30,9,-10.892413512021442,3
2091,17,22,28,15,-10.892891073183714,7
2092,8,26,17,17,-10.894850529473327,9
2093,65,30,26,19,-10.898269254189747,11
2094,20,38,26,25,-10.946036152479264,13
2095,2,11,13,8,-10.953261699605447,3
2096,6,14,38,10,-11.00539879038108,4
2097,110,12,98,8,-11.026999619900325,4
2098,5,12,87,8,-11.029432059477706,4
2099,9,13,19,8,-11.077926717115094,5
2100,6,25,74,17,-11.078169532223486,8
2101,9,34,91,22,-11.10369741786816,12
2102,84,15,18,10,-11.113494613734828,5
2103,46,13,26,8,-11.17021351687407,5
2104,28,10,15,7,-11.17654596174133,3
2105,18,12,55,8,-11.1865806455884,4
2106,1,14,93,10,-11.222746146114872,4
2107,50,18,32,11,-11.22509689213064,7
2108,29,21,30,13,-11.231145218657776,8
2109,107,13,1,8,-11.249800337062569,5
2110,51,14,87,9,-11.282138636144992,5
2111,16,10,15,7,-11.341181120584986,3
2112,103,22,2,16,-11.358008021341286,6
2113,9,18,46,11,-11.371108835096305,7
2114,97,10,9,6,-11.373867326772805,4
2115,10,27,84,18,-11.412845799216361,9
2116,9,18,34,12,-11.424677985788941,6
2117,62,13,76,7,-11.431107076079652,6
2118,79,14,63,9,-11.440813334618326,5
2119,41,20,17,15,-11.462467383182346,5
2120,104,12,54,8,-11.494854806347556,4
2121,79,33,20,23,-11.52637500903139,10
2122,109,22,38,15,-11.56196931683469,7
2123,91,15,55,11,-11.567443094683275,4
2124,13,18,16,12,-11.568229122492733,6
2125,18,16,65,11,-11.593628436717697,5
2126,9,19,30,14,-11.625842879007456,5
2127,15,17,98,11,-11.628891195956703,6
2128,20,41,107,26,-11.716667295780281,15
2129,62,13,70,8,-11.719880801732707,5
2130,17,13,111,8,-11.721850280886859,5
2131,76,19,91,13,-11.73007415910032,6
2132,41,46,98,29,-11.731122692702455,17
2133,79,10,15,7,-11.756403792330076,3
2134,88,15,46,11,-11.797390382153155,4
2135,103,29,93,19,-11.801085216233046,10
2136,9,11,58,8,-11.822266619156148,3
2137,41,37,54,25,-11.82264476558168,12
2138,62,15,23,11,-11.828374088275885,4
2139,28,11,75,7,-11.851884133202418,4
2140,109,14,43,9,-11.86646010992543,5
2141,87,44,26,29,-11.8713861461171,15
2142,88,33,98,24,-11.889432646391759,9
2143,111,17,48,12,-11.902706300174234,5
2144,17,13,18,8,-11.905263091036248,5
2145,17,11,86,8,-11.913347261336265,3
2146,41,18,93,13,-11.934886536237409,5
2147,98,24,32,16,-11.959293567844908,8
2148,11,15,98,10,-11.975065250902475,5
2149,107,11,13,8,-12.013143388782378,3
2150,6,18,18,12,-12.078104024118803,6
2151,103,11,58,8,-12.093407699535733,3
2152,62,10,49,6,-12.115401300524669,4
2153,98,40,55,28,-12.155148571177232,12
2154,109,11,10,7,-12.166039484484616,4
2155,8,14,51,10,-12.198118526106857,4
2156,62,17,84,11,-12.2561085252652,6
2157,41,24,32,15,-12.295470101415006,9
2158,50,17,93,11,-12.303370496346973,6
2159,79,36,26,23,-12.308609129885165,13
2160,6,10,5,7,-12.315803636217787,3
2161,89,20,28,13,-12.339450745494947,7
2162,26,12,93,8,-12.342400061412192,4
2163,102,14,65,9,-12.405379926735003,5
2164,23,18,20,13,-12.419097927334018,5
2165,62,22,93,15,-12.439036445917946,7
2166,84,14,15,10,-12.488568021465506,4
2167,54,17,63,11,-12.490244827941916,6
2168,74,24,93,17,-12.502159859623028,7
2169,76,17,70,11,-12.569309631933825,6
2170,70,11,90,8,-12.581946187652854,3
2171,103,33,20,24,-12.666531668869958,9
2172,90,11,73,8,-12.699639901607064,3
2173,89,13,8,9,-12.710180677943102,4
2174,34,16,76,11,-12.786935837518197,5
2175,14,11,87,8,-12.902634224263672,3
2176,8,11,3,8,-12.917286316124734,3
2177,34,13,37,9,-12.94192710541144,4
2178,50,10,112,7,-13.007963386743393,3
2179,43,18,55,12,-13.012921035450159,6
2180,87,18,30,13,-13.014989971455233,5
2181,28,16,104,12,-13.053729665325514,4
2182,87,44,55,31,-13.094785606776856,13
2183,9,18,57,13,-13.111737037609835,5
2184,103,11,43,7,-13.185714828889324,4
2185,9,11,63,7,-13.22612334118429,4
2186,109,25,54,17,-13.226950364849456,8
2187,107,17,32,13,-13.233625998220854,4
2188,89,10,58,7,-13.242354787086828,3
2189,109,24,26,17,-13.28104412568642,7
2190,74,12,70,9,-13.332522800110302,3
2191,109,22,32,15,-13.338298268264793,7
2192,91,10,112,7,-13.348872894391056,3
2193,93,10,90,6,-13.383501710064953,4
2194,55,16,86,10,-13.429599224429374,6
2195,98,15,104,10,-13.432187273541654,5
2196,37,14,57,10,-13.445596594451896,4
2197,38,23,74,15,-13.507243955925757,8
2198,75,10,93,6,-13.518069263380198,4
2199,86,28,2,20,-13.545568186350495,8
2200,37,20,111,13,-13.57504840749372,7
2201,43,17,26,13,-13.599337683555719,4
2202,86,11,32,7,-13.614509147107826,4
2203,13,11,84,7,-13.639117442072546,4
2204,62,20,55,13,-13.641198132357038,7
2205,87,30,93,21,-13.662123312696774,9
2206,73,16,38,10,-13.771113964229546,6
2207,8,12,77,9,-13.77292858304554,3
2208,50,11,26,8,-13.838338669086026,3
2209,37,17,93,12,-13.86566848008157,5
2210,2,22,55,15,-13.871872112800908,7
2211,38,25,55,17,-13.895599618213826,8
2212,109,12,70,9,-13.90225333563024,3
2213,43,13,93,9,-14.023507590551977,4
2214,71,10,84,7,-14.081174379011514,3
2215,8,16,110,12,-14.095812927776766,4
2216,71,11,98,8,-14.175605929164412,3
2217,38,12,48,9,-14.205802555452118,3
2218,37,15,85,12,-14.24206758838983,3
2219,109,12,50,8,-14.261856398454315,4
2220,8,10,60,7,-14.262033464961124,3
2221,44,10,84,7,-14.273373064789189,3
2222,91,11,46,8,-14.304066831342245,3
2223,17,10,93,7,-14.339747933079,3
2224,62,25,107,17,-14.352538477201138,8
2225,23,23,10,15,-14.368201832765772,8
2226,70,10,93,7,-14.39063937475962,3
2227,76,17,46,13,-14.418533223993828,4
2228,20,26,29,18,-14.478890408494557,8
2229,111,20,73,14,-14.494740706809676,6
2230,50,11,110,8,-14.53197897415603,3
2231,41,29,107,19,-14.562926810474382,10
2232,9,35,93,25,-14.581920450551175,10
2233,20,19,62,14,-14.58480992394943,5
2234,59,14,65,9,-14.654063925888897,5
2235,38,25,93,17,-14.706979782976548,8
2236,9,18,49,14,-14.8326144474012,4
2237,41,13,13,9,-14.878152444409174,4
2238,65,13,34,9,-14.952887978937532,4
2239,65,10,14,8,-15.014185877069247,2
2240,91,14,93,10,-15.15871388627099,4
2241,107,33,26,26,-15.181646063962573,7
2242,62,29,111,21,-15.182659765325788,8
2243,88,17,90,12,-15.203720699131468,5
2244,18,11,90,8,-15.206260273523736,3
2245,28,26,26,19,-15.21129576490937,7
2246,6,31,2,22,-15.303923962237267,9
2247,49,14,88,10,-15.417698158924916,4
2248,88,12,70,9,-15.445871190573252,3
2249,76,20,2,14,-15.537111030617941,6
2250,59,10,16,6,-15.561569445873218,4
2251,86,14,64,10,-15.598910823451101,4
2252,73,12,29,9,-15.669782329836794,3
2253,38,15,17,11,-15.678044683298909,4
2254,1,10,9,7,-15.741033236862672,3
2255,76,10,63,8,-15.758872099365846,2
2256,30,14,93,10,-15.791222727391174,4
2257,66,14,6,11,-15.817538028688281,3
2258,109,16,55,12,-15.902114621962275,4
2259,57,20,8,14,-16.008342026362136,6
2260,109,15,73,11,-16.045215872132836,4
2261,51,13,54,9,-16.049473361153495,4
2262,65,19,49,13,-16.075816397053263,6
2263,91,12,90,8,-16.09870244517901,4
2264,13,11,88,7,-16.14519587558019,4
2265,103,11,59,8,-16.26665644300863,3
2266,103,13,62,9,-16.299156500586875,4
2267,76,10,90,6,-16.366179419754246,4
2268,85,13,30,10,-16.384026425638844,3
2269,48,11,93,9,-16.455609477518344,2
2270,69,13,26,10,-16.62596512327185,3
2271,41,10,69,7,-16.634275461416586,3
2272,76,13,57,10,-16.719909290440036,3
2273,48,10,20,8,-16.747092552182814,2
2274,7,11,79,8,-16.787957917287827,3
2275,109,31,41,26,-16.84086997358482,5
2276,75,10,55,8,-16.87529026635735,2
2277,15,12,38,9,-16.8804957204812,3
2278,54,13,26,8,-16.939787162296547,5
2279,37,12,17,8,-17.032407993640543,4
2280,40,12,84,8,-17.332670427846264,4
2281,18,10,91,7,-17.588104082284236,3
2282,74,15,34,11,-17.590780828086352,4
2283,110,10,41,9,-17.60725146483,1
2284,28,16,57,13,-17.622492175797955,3
2285,70,13,63,10,-17.95951063791253,3
2286,10,15,38,12,-18.015221595889397,3
2287,109,26,28,19,-18.037037713141515,7
2288,87,11,58,9,-18.229025747195358,2
2289,20,12,106,8,-18.3115400770612,4
2290,6,24,107,18,-18.37270239599688,6
2291,37,10,18,8,-18.374799448579118,2
2292,1,18,10,14,-18.37916925532281,4
2293,6,15,109,11,-18.56848342127744,4
2294,86,15,70,11,-18.585222369284804,4
2295,38,24,26,18,-18.614524044017745,6
2296,73,13,13,10,-18.664938371551475,3
2297,2,13,18,10,-18.66694455968119,3
2298,88,11,26,8,-18.78599149196052,3
2299,109,16,111,12,-18.82454889767414,4
2300,50,13,62,10,-19.202113459727396,3
2301,29,12,110,10,-19.248543702222975,2
2302,71,11,62,10,-19.256947117568178,1
2303,38,14,43,10,-19.328461951187712,4
2304,71,16,8,12,-19.462058925791528,4
2305,9,10,5,8,-19.535484203654345,2
2306,23,14,73,11,-19.63848596555713,3
2307,10,12,41,10,-19.73715787827288,2
2308,103,10,34,9,-19.87880862427677,1
2309,109,12,110,10,-20.16933250309852,2
2310,10,10,17,8,-20.222695302818998,2
2311,46,16,87,12,-20.367401158879723,4
2312,9,10,64,8,-20.43457650048481,2
2313,28,12,63,10,-20.823166880790417,2
2314,110,14,74,11,-20.87504771154673,3
2315,112,10,74,8,-21.19759389237862,2
2316,109,29,87,23,-21.226363241987656,6
2317,84,18,70,14,-21.26302407688518,4
2318,16,13,49,10,-21.289813895584388,3
2319,87,10,106,9,-21.564542850873874,1
2320,70,24,111,19,-21.761941281988644,5
2321,44,11,17,9,-22.07291294624117,2
2322,10,17,20,14,-22.076263289071715,3
2323,65,20,30,17,-22.085363652244506,3
2324,86,14,103,12,-22.231289952469968,2
2325,94,10,84,9,-22.762013140609874,1
2326,10,10,26,8,-22.77202326046866,2
2327,79,12,46,9,-22.937950861983726,3
2328,41,12,57,10,-23.379405756490282,2
2329,98,10,51,8,-24.350949018961124,2
2330,91,12,34,10,-26.418580170999167,2
2331,49,11,26,8,-26.831812890773925,3
2332,43,10,91,10,-27.34458455824453,0
2333,73,10,107,9,-28.662979189254315,1
