,againstHero,games,hero,losses,shift,wins
0,64,10,65,1,31.455780164415454,9
1,107,10,73,1,28.662979189254322,9
2,91,10,43,0,27.344584558244538,10
3,103,15,86,2,23.967936503754768,13
4,57,12,41,2,23.379405756490286,10
5,26,10,10,2,22.772023260468664,8
6,84,10,94,1,22.762013140609874,9
7,17,11,44,2,22.07291294624117,9
8,111,24,70,5,21.76194128198864,19
9,106,10,87,1,21.56454285087387,9
10,87,29,109,6,21.22636324198765,23
11,74,14,110,3,20.87504771154673,11
12,63,12,28,2,20.823166880790417,10
13,64,10,9,2,20.434576500484805,8
14,110,12,109,2,20.16933250309852,10
15,41,12,10,2,19.73715787827288,10
16,5,10,9,2,19.535484203654345,8
17,55,12,75,2,19.50260854320923,10
18,62,11,71,1,19.25694711756818,10
19,110,12,29,2,19.248543702222978,10
20,62,13,50,3,19.202113459727393,10
21,87,10,85,2,19.06738234368307,8
22,26,11,88,3,18.785991491960523,8
23,70,15,86,4,18.5852223692848,11
24,18,10,37,2,18.374799448579125,8
25,106,12,20,4,18.3115400770612,8
26,58,11,87,2,18.229025747195355,9
27,51,11,98,3,18.11615896281521,8
28,79,12,7,3,18.096381711285993,9
29,63,13,70,3,17.959510637912526,10
30,34,12,91,3,17.68170151948013,9
31,57,16,28,3,17.62249217579795,13
32,41,10,110,1,17.607251464829996,9
33,88,12,13,4,17.46642955261517,8
34,26,11,49,4,17.344464565076983,7
35,84,12,40,4,17.332670427846264,8
36,30,22,65,5,17.16851241113137,17
37,17,12,37,4,17.032407993640543,8
38,26,13,54,5,16.939787162296547,8
39,43,14,38,5,16.915982285417527,9
40,38,12,15,3,16.880495720481196,9
41,87,16,46,5,16.835827645118428,11
42,20,10,48,2,16.747092552182814,8
43,57,13,76,3,16.719909290440036,10
44,64,15,86,4,16.69231676855436,11
45,84,13,13,4,16.463868604830616,9
46,93,11,48,2,16.455609477518344,9
47,30,13,85,3,16.384026425638844,10
48,90,10,76,4,16.36617941975424,6
49,62,13,103,4,16.29915650058687,9
50,59,11,103,3,16.266656443008632,8
51,13,14,73,4,16.136190462677256,10
52,90,12,91,4,16.09870244517902,8
53,73,15,109,4,16.045215872132836,11
54,55,16,109,4,15.902114621962271,12
55,63,11,76,2,15.722552601658151,9
56,17,15,38,4,15.678044683298907,11
57,29,12,73,3,15.669782329836798,9
58,16,10,59,4,15.561569445873221,6
59,70,12,88,3,15.445871190573252,9
60,74,11,112,3,15.445414304360204,8
61,88,13,75,3,15.314225033375866,10
62,88,16,49,4,15.265745768601853,12
63,90,11,18,3,15.206260273523736,8
64,90,17,88,5,15.203720699131468,12
65,93,14,91,4,15.158713886270988,10
66,73,14,23,4,15.067057394128556,10
67,14,10,65,2,15.014185877069247,8
68,26,24,38,7,14.873702675608984,17
69,93,25,38,8,14.706979782976548,17
70,104,18,28,4,14.692440414810822,14
71,62,19,20,5,14.58480992394943,14
72,110,11,50,3,14.53197897415603,8
73,93,10,70,3,14.39063937475962,7
74,111,30,62,9,14.365589379046474,21
75,107,25,62,8,14.352538477201135,17
76,93,10,17,3,14.339747933079,7
77,28,10,66,4,14.329185091749263,6
78,86,12,17,3,14.311620358508238,9
79,46,11,91,3,14.304066831342244,8
80,84,10,44,3,14.273373064789187,7
81,60,10,8,3,14.262033464961124,7
82,50,12,109,4,14.261856398454315,8
83,85,15,37,3,14.24206758838983,12
84,98,11,71,3,14.175605929164412,8
85,8,16,71,5,14.113253369392229,11
86,110,16,8,4,14.095812927776766,12
87,70,19,84,6,13.955449709554973,13
88,57,20,9,5,13.952239963411909,15
89,46,14,79,5,13.9267444372902,9
90,70,12,109,3,13.90225333563024,9
91,26,33,107,8,13.8753667821026,25
92,55,22,2,7,13.871872112800904,15
93,38,16,73,6,13.771113964229546,10
94,111,16,109,5,13.722443192828687,11
95,93,18,37,5,13.68115851707678,13
96,26,13,69,4,13.665838119385654,9
97,93,10,75,4,13.518069263380204,6
98,57,14,37,4,13.445596594451896,10
99,86,16,55,6,13.429599224429374,10
100,90,10,93,4,13.383501710064953,6
101,65,15,102,5,13.376564163015646,10
102,70,12,74,3,13.332522800110302,9
103,18,13,2,4,13.317961607759768,9
104,89,12,73,4,13.292782754035763,8
105,58,10,89,3,13.242354787086834,7
106,54,25,109,8,13.226950364849456,17
107,112,10,50,3,13.007963386743393,7
108,37,13,34,4,12.94192710541144,9
109,3,11,8,3,12.917286316124732,8
110,87,11,14,3,12.902634224263675,8
111,6,14,66,4,12.900366001703455,10
112,57,10,10,3,12.834446961452096,7
113,87,13,5,4,12.788098556943213,9
114,76,16,34,5,12.786935837518199,11
115,69,10,41,4,12.78611035636453,6
116,8,13,89,4,12.710180677943102,9
117,73,11,90,3,12.699639901607059,8
118,20,17,10,5,12.615963085132512,12
119,18,16,84,5,12.53715723328448,11
120,63,17,54,6,12.490244827941915,11
121,93,22,62,7,12.439036445917953,15
122,20,18,23,5,12.419097927334018,13
123,37,11,5,3,12.405148769597487,8
124,93,12,26,4,12.342400061412192,8
125,93,17,50,6,12.303370496346973,11
126,2,20,76,7,12.29741854724382,13
127,84,17,62,6,12.2561085252652,11
128,51,15,48,4,12.237016972870071,11
129,10,23,23,9,12.202189639863423,14
130,49,21,9,6,12.121824388775858,15
131,49,10,62,4,12.115401300524669,6
132,58,11,103,3,12.09340769953573,8
133,34,15,74,5,12.034087436505338,10
134,38,15,10,4,12.029907406435381,11
135,98,15,11,5,11.975065250902475,10
136,107,25,6,8,11.940202439785262,17
137,104,16,98,6,11.933644997320592,10
138,18,13,17,5,11.905263091036248,8
139,48,17,111,5,11.902706300174234,12
140,43,14,109,5,11.866460109925432,9
141,93,19,41,5,11.861707726224667,14
142,23,15,62,4,11.828374088275886,11
143,98,31,76,11,11.807138179656187,20
144,15,10,79,3,11.756403792330076,7
145,70,13,62,5,11.719880801732707,8
146,98,47,41,17,11.705875170432085,30
147,107,14,70,5,11.658453467748313,9
148,98,17,15,6,11.628891195956701,11
149,55,20,62,8,11.59917771346766,12
150,98,36,88,10,11.597244203642862,26
151,65,16,18,5,11.593628436717696,11
152,16,18,13,6,11.568229122492738,12
153,38,22,109,7,11.561969316834688,15
154,109,15,6,5,11.553622356231042,10
155,41,31,109,7,11.540113156994366,24
156,54,12,104,4,11.494854806347556,8
157,17,20,41,5,11.462467383182345,15
158,63,14,79,5,11.440813334618326,9
159,76,13,62,6,11.431107076079654,7
160,28,26,109,9,11.384585776561849,17
161,9,10,97,4,11.373867326772807,6
162,46,18,9,7,11.371108835096305,11
163,2,22,103,6,11.358008021341286,16
164,15,10,16,3,11.341181120584988,7
165,74,19,48,7,11.291194819179545,12
166,13,13,41,5,11.285884419294256,8
167,93,14,1,4,11.222746146114874,10
168,15,10,28,3,11.17654596174133,7
169,107,29,41,11,11.17644215838302,18
170,26,13,46,5,11.17021351687407,8
171,98,12,110,4,11.026999619900323,8
172,30,21,9,6,11.009407613122827,15
173,38,14,6,4,11.00539879038108,10
174,30,10,43,3,10.958461383133033,7
175,79,10,112,3,10.91525480386545,7
176,11,10,8,3,10.874801270533917,7
177,55,44,87,14,10.872497229038428,30
178,30,11,62,4,10.859839313714287,7
179,30,25,103,8,10.7828746133779,17
180,17,16,23,5,10.781653305644493,11
181,63,10,86,3,10.764144399471368,7
182,50,10,37,4,10.74227717924088,6
183,55,20,30,8,10.741156330527382,12
184,8,13,66,4,10.737460925769158,9
185,6,33,44,12,10.727467153198667,21
186,91,10,85,5,10.70245375594107,5
187,107,16,109,6,10.668493285549749,10
188,75,16,16,5,10.668295124883432,11
189,38,13,58,4,10.642287291889893,9
190,65,10,101,4,10.616476001261294,6
191,103,14,109,4,10.579033749442827,10
192,70,15,65,5,10.573807897523746,10
193,93,36,9,12,10.51557394597911,24
194,49,13,16,5,10.497714872325968,8
195,30,19,87,6,10.485133251328312,13
196,20,17,49,6,10.413212284497668,11
197,29,10,17,3,10.395985227153455,7
198,98,20,1,6,10.386375720350431,14
199,2,11,75,4,10.36983356106975,7
200,2,16,73,6,10.299221262346565,10
201,65,12,96,5,10.190345361441295,7
202,60,10,38,4,10.186949801542642,6
203,74,17,18,6,10.16104487640857,11
204,109,14,84,5,10.149942855967595,9
205,86,13,20,5,10.127179055472489,8
206,2,31,86,10,10.07894667884976,21
207,10,18,1,6,10.049405294208217,12
208,63,13,9,5,10.036609783490738,8
209,65,14,59,6,10.03616480415964,8
210,88,11,30,5,10.02483572373662,6
211,87,26,6,9,10.021273865079605,17
212,34,13,65,5,9.979765847844487,8
213,29,10,70,3,9.974371860410164,7
214,111,24,38,9,9.966212518632446,15
215,10,17,55,7,9.955177794264817,10
216,84,18,63,7,9.878227554424289,11
217,32,22,109,8,9.8595898331429,14
218,28,10,64,4,9.85835950928987,6
219,111,20,37,8,9.840471570719457,12
220,30,14,10,4,9.772395540440696,10
221,87,16,51,6,9.759393907782314,10
222,37,12,63,5,9.72036358497327,7
223,84,11,71,4,9.719967933053262,7
224,73,21,111,8,9.713634051639158,13
225,111,42,54,15,9.68998535179476,27
226,29,32,38,11,9.681299801122258,21
227,55,23,54,7,9.648181025800827,16
228,98,26,62,10,9.641858129313672,16
229,23,22,89,8,9.57687547449059,14
230,60,21,65,8,9.571951123571157,13
231,10,17,76,6,9.521367573317217,11
232,32,14,88,4,9.505084521049724,10
233,43,16,28,5,9.500596764145225,11
234,6,11,58,4,9.489496457414946,7
235,103,11,19,4,9.481054864710426,7
236,37,13,41,5,9.466346040258507,8
237,65,17,44,7,9.4437024578389,10
238,70,10,55,4,9.436952114481349,6
239,91,20,76,7,9.390956065597496,13
240,16,22,70,7,9.38991140179792,15
241,93,14,30,5,9.378386095833305,9
242,46,16,8,6,9.37241265515055,10
243,104,11,87,3,9.348380844680923,8
244,23,15,55,6,9.335240638495888,9
245,50,17,23,7,9.300090532650527,10
246,43,14,50,5,9.274747817248809,9
247,74,15,49,6,9.24696946196511,9
248,54,37,41,13,9.187270230665861,24
249,79,30,48,12,9.179366454757062,18
250,93,29,103,11,9.099325117611029,18
251,26,12,32,5,9.097694016198698,7
252,106,13,109,5,9.062668099795834,8
253,74,35,76,12,9.021109435296273,23
254,17,27,8,10,8.984203308848391,17
255,93,31,87,11,8.973900459157516,20
256,86,11,109,5,8.956500368087863,6
257,30,19,54,7,8.941378731198723,12
258,107,20,110,8,8.933567921834614,12
259,104,13,62,4,8.924566951625795,9
260,16,64,86,23,8.840749543839765,41
261,10,11,85,5,8.81027661814343,6
262,10,13,50,5,8.778099244971948,8
263,32,17,107,5,8.731768023357223,12
264,23,23,37,8,8.700238300329014,15
265,93,30,54,9,8.691717045102086,21
266,34,18,109,7,8.66273498003357,11
267,84,27,10,10,8.646492586790986,17
268,87,24,18,8,8.608698097476124,16
269,41,18,62,7,8.537234992782366,11
270,89,14,84,4,8.522483406182122,10
271,89,10,109,4,8.517312082575355,6
272,73,21,10,7,8.419335562342066,14
273,43,17,87,6,8.417190390098332,11
274,107,19,76,7,8.417024283490269,12
275,90,11,89,4,8.39679691457017,7
276,90,19,23,7,8.394839451243376,12
277,23,23,93,10,8.38720167861792,13
278,76,32,28,12,8.384756463693382,20
279,48,14,41,5,8.381561565116135,9
280,48,12,38,4,8.376240779730193,8
281,77,12,8,4,8.373441110755335,8
282,8,10,35,4,8.33580666741078,6
283,107,26,50,9,8.311520729916491,17
284,75,12,28,5,8.309970323928434,7
285,70,19,87,7,8.303039543335913,12
286,65,12,58,6,8.279172093518053,6
287,20,33,9,11,8.272596506781891,22
288,9,10,1,4,8.271879563314155,6
289,87,12,17,5,8.243209253291534,7
290,111,14,17,6,8.239799794462416,8
291,26,10,16,4,8.231874067384087,6
292,28,13,94,5,8.222371266039175,8
293,87,32,86,12,8.216798364734071,20
294,28,20,89,8,8.171930701809194,12
295,32,24,41,10,8.170536046764163,14
296,109,28,9,11,8.159691996722731,17
297,26,44,87,17,8.146474895568339,27
298,12,13,28,4,8.124512247092586,9
299,19,14,9,6,8.117304295019105,8
300,79,28,107,10,8.088960006240738,18
301,38,19,86,6,8.08239085687564,13
302,6,12,13,5,8.074590184679876,7
303,37,39,86,16,8.008070079639301,23
304,1,11,86,4,8.004187715591293,7
305,98,58,65,22,8.00384438504987,36
306,90,15,41,6,7.9977372465156895,9
307,54,15,51,6,7.985123523130607,9
308,28,51,41,22,7.984931407212336,29
309,32,14,86,6,7.973587175462609,8
310,109,12,37,5,7.9722736641499905,7
311,65,17,68,7,7.944869327403057,10
312,54,25,37,8,7.943083932672223,17
313,16,12,34,5,7.93686592393514,7
314,49,16,86,8,7.927120710777818,8
315,49,14,13,6,7.890029815709079,8
316,76,32,37,11,7.8204975769535725,21
317,10,27,28,9,7.815329969763907,18
318,28,10,11,4,7.813271079515407,6
319,65,20,50,8,7.794013777008701,12
320,2,40,65,14,7.773153242011138,26
321,29,13,109,5,7.764821554426811,8
322,111,14,85,5,7.7293785704579765,9
323,23,11,59,4,7.703199044299861,7
324,88,39,76,16,7.693645081601591,23
325,104,12,10,5,7.685162882867629,7
326,111,26,86,11,7.599516330003596,15
327,8,49,76,19,7.599383660078011,30
328,54,22,76,10,7.591329699141384,12
329,20,33,79,12,7.546840294896304,21
330,79,17,70,8,7.531628680674285,9
331,46,15,88,5,7.530723715486486,10
332,29,20,107,7,7.52553061945499,13
333,84,41,48,17,7.473943913102842,24
334,55,17,76,7,7.436338470025707,10
335,87,31,50,12,7.429484842498567,19
336,98,14,68,4,7.4276533386231165,10
337,103,29,74,10,7.419118005067163,19
338,88,29,54,12,7.418874182686381,17
339,41,13,49,4,7.406139067429067,9
340,98,15,5,6,7.403088174401656,9
341,20,28,84,10,7.362780437625798,18
342,43,14,65,6,7.347774243596503,8
343,89,23,10,9,7.332600528276464,14
344,75,10,87,3,7.3317203001443785,7
345,54,21,10,8,7.316914939103646,13
346,50,11,68,4,7.299975074722132,7
347,23,15,70,6,7.277989111704879,9
348,30,10,73,4,7.275241295919059,6
349,10,19,86,7,7.266452513785876,12
350,98,34,50,15,7.261172888009824,19
351,28,12,112,5,7.260189333899199,7
352,88,14,38,6,7.257573306252318,8
353,84,24,88,9,7.256956915758408,15
354,55,41,98,16,7.239816282699838,25
355,30,13,49,5,7.228582193886496,8
356,79,15,75,5,7.2041054701473,10
357,76,17,41,7,7.204077205660157,10
358,111,13,34,6,7.201437198359543,7
359,94,17,20,6,7.200649176708729,11
360,93,28,84,11,7.1997212040904675,17
361,5,11,6,4,7.175117705775807,7
362,91,15,50,5,7.1733464432781116,10
363,88,10,85,4,7.153055622545777,6
364,74,28,86,11,7.1305410605737976,17
365,30,21,86,5,7.093547407861887,16
366,59,19,79,8,7.0352036880537785,11
367,111,20,6,8,7.018385668922465,12
368,28,17,85,7,7.014167267714172,10
369,84,25,85,12,7.011561663750302,13
370,51,10,6,3,7.0035300376142064,7
371,90,19,6,8,7.003490622158199,11
372,79,11,101,5,6.99086142593087,6
373,48,11,91,4,6.984838790483243,7
374,50,17,73,8,6.969175801780988,9
375,73,10,68,4,6.953949871021737,6
376,55,25,38,11,6.947960322969595,14
377,90,14,17,6,6.930186835428707,8
378,57,12,74,4,6.917604242425743,8
379,8,36,38,14,6.910326910265976,22
380,41,45,103,15,6.896034695840799,30
381,91,35,28,13,6.83566278109006,22
382,30,16,70,6,6.82460555340519,10
383,32,26,79,10,6.821690929992385,16
384,91,35,41,13,6.801656465480552,22
385,63,44,65,18,6.795255852812409,26
386,93,14,43,5,6.790671371620014,9
387,26,24,109,9,6.785414157125378,15
388,46,17,54,6,6.756375555864046,11
389,73,13,93,5,6.74681570888467,8
390,65,24,32,10,6.740147619373072,14
391,17,25,9,10,6.735083403706082,15
392,2,19,34,8,6.729658072634231,11
393,111,29,32,13,6.714992004730651,16
394,89,11,74,5,6.714017548400379,6
395,79,18,62,8,6.7066833419721705,10
396,88,16,57,7,6.6984703888039245,9
397,107,31,9,14,6.687394009444981,17
398,32,23,9,9,6.67611474654004,14
399,18,24,9,10,6.6693794387353345,14
400,17,15,49,6,6.655321673670168,9
401,74,20,73,8,6.65525639715505,12
402,8,21,57,9,6.644454597179963,12
403,23,14,18,5,6.631187531141065,9
404,16,21,18,8,6.6099594156094685,13
405,55,15,91,5,6.584228246945676,10
406,74,23,38,10,6.562267688513879,13
407,30,14,16,5,6.557206782808545,9
408,14,18,84,5,6.539625119207458,13
409,74,26,88,9,6.515151171646329,17
410,17,13,62,5,6.51109228837904,8
411,74,50,65,20,6.490632429945082,30
412,9,35,86,15,6.489629747107354,20
413,49,21,65,9,6.488594433933566,12
414,104,10,84,4,6.485610957245292,6
415,23,11,48,5,6.485113687277618,6
416,17,10,10,4,6.479497194252815,6
417,111,41,41,18,6.476121710491767,23
418,20,16,88,6,6.450213485704795,10
419,90,10,62,4,6.4415032468905995,6
420,28,37,54,15,6.411584180634172,22
421,30,22,37,8,6.384018768768751,14
422,15,14,84,5,6.375647385580594,9
423,103,21,88,8,6.368772240906126,13
424,31,10,28,4,6.368565836830037,6
425,86,18,73,7,6.340120760849845,11
426,16,19,73,8,6.334580998862496,11
427,55,26,41,12,6.334267485528576,14
428,87,44,79,19,6.332057319359314,25
429,6,37,28,15,6.320591835394871,22
430,16,57,65,24,6.310296262259339,33
431,8,33,109,14,6.30772945688614,19
432,90,16,54,7,6.290244829620483,9
433,111,15,44,6,6.2820016152003975,9
434,87,25,76,10,6.268639154144933,15
435,73,34,9,14,6.263734230116221,20
436,23,40,8,16,6.24315320488594,24
437,2,35,41,13,6.231438093089564,22
438,2,11,66,4,6.205381429919992,7
439,55,34,20,15,6.177684328421455,19
440,28,63,9,27,6.1732127627142175,36
441,17,17,84,7,6.1635311782548206,10
442,73,15,88,6,6.130278796806204,9
443,111,69,65,31,6.128152820402616,38
444,49,17,6,7,6.097985660912412,10
445,50,13,48,6,6.091992406670462,7
446,107,27,2,11,6.06290925873793,16
447,84,36,76,17,6.060390706094975,19
448,16,22,85,9,6.04540093656933,13
449,41,19,1,6,6.031499987907278,13
450,88,20,6,8,6.015748480748672,12
451,93,25,74,9,6.013102211479786,16
452,1,14,107,6,6.01274894122701,8
453,98,48,91,22,6.010481139866051,26
454,49,10,77,5,6.002993751357134,5
455,28,55,16,23,6.002427011805198,32
456,20,79,65,31,5.9892858379270475,48
457,16,26,6,12,5.978889658978726,14
458,74,25,6,10,5.973570320498571,15
459,20,33,103,11,5.964316349878249,22
460,16,34,88,12,5.925435513166335,22
461,93,38,28,16,5.919962640568542,22
462,98,49,103,19,5.894528502030381,30
463,8,34,62,14,5.8904849860809465,20
464,17,17,16,7,5.8683420758720235,10
465,107,10,48,4,5.8635977751046635,6
466,8,44,93,17,5.851741181325652,27
467,79,20,104,7,5.8474806263390615,13
468,2,10,44,4,5.829723764491519,6
469,38,22,87,9,5.809647209419687,13
470,87,44,41,20,5.804454173879386,24
471,15,23,76,9,5.782831260117777,14
472,32,18,54,7,5.7826104895534876,11
473,51,14,79,6,5.772506691008205,8
474,38,29,9,13,5.756435186772356,16
475,98,22,34,8,5.755771842682112,14
476,90,20,37,8,5.742590617036884,12
477,54,38,6,13,5.738166771423008,25
478,89,23,65,10,5.729458742490655,13
479,18,11,51,5,5.697627847770078,6
480,16,66,9,25,5.693199967235486,41
481,57,21,84,8,5.683170829447634,13
482,43,13,9,6,5.6825351087636395,7
483,63,16,91,7,5.669548453730626,9
484,74,18,109,8,5.655848733560989,10
485,41,45,9,17,5.643905739728352,28
486,107,41,20,18,5.643773896247953,23
487,2,16,48,8,5.635246627200352,8
488,6,25,20,12,5.631661671252286,13
489,26,22,29,8,5.630548836449716,14
490,86,11,57,5,5.628641785626695,6
491,6,33,48,14,5.618170706899612,19
492,87,27,91,11,5.596917301348129,16
493,49,14,48,7,5.572044813615612,7
494,9,24,88,10,5.555473590928962,14
495,49,29,98,13,5.553486162622289,16
496,65,56,54,25,5.552971590387537,31
497,28,11,97,6,5.5469707821451895,5
498,46,10,2,4,5.541906116456136,6
499,111,36,103,15,5.530917867453249,21
500,23,40,98,16,5.52748143097881,24
501,107,16,34,7,5.514558906998726,9
502,89,10,87,4,5.494352199749725,6
503,65,15,15,7,5.4681584142167425,8
504,93,13,49,6,5.4651623752460186,7
505,90,20,87,7,5.464899068206852,13
506,54,33,38,13,5.464199343195873,20
507,14,10,9,3,5.4634394370226635,7
508,30,15,50,7,5.456889712897827,8
509,55,14,37,6,5.456618910920282,8
510,49,27,87,13,5.451792030762739,14
511,63,13,85,6,5.448267876540921,7
512,109,16,23,6,5.438260955948294,10
513,51,17,8,7,5.424319246056667,10
514,20,26,38,11,5.422962328602491,15
515,84,34,41,12,5.419690425686764,22
516,43,11,103,5,5.405634019581254,6
517,87,42,28,17,5.3944816256376455,25
518,110,23,65,9,5.385061990656434,14
519,8,66,41,30,5.383353261881381,36
520,20,24,109,8,5.375774718225749,16
521,29,21,84,9,5.340667565501357,12
522,70,18,76,8,5.338743046693681,10
523,90,23,8,9,5.338168133162715,14
524,30,18,6,6,5.328184059941261,12
525,84,11,66,5,5.328070614003662,6
526,50,36,79,16,5.311051747194992,20
527,17,13,48,6,5.3071829791256695,7
528,74,34,91,15,5.295925645705857,19
529,74,22,29,10,5.2608197922239635,12
530,50,12,89,5,5.253704218444127,7
531,1,10,111,5,5.2389835373250895,5
532,55,30,9,11,5.2344891272769605,19
533,30,22,8,8,5.213064512809201,14
534,55,14,18,6,5.210031069954467,8
535,111,10,57,4,5.186942618450887,6
536,16,15,57,7,5.174682414292547,8
537,26,38,20,16,5.156160372920304,22
538,98,10,52,5,5.141825899051739,5
539,20,12,32,5,5.135866792699634,7
540,54,12,17,5,5.13265067269767,7
541,41,29,89,12,5.128070897369616,17
542,103,21,18,9,5.117263308095354,12
543,65,30,48,13,5.091344425153351,17
544,55,20,32,8,5.010948173246779,12
545,62,17,54,7,5.001633115691912,10
546,26,30,65,13,4.982618574560724,17
547,104,22,8,8,4.981258946570289,14
548,18,23,79,11,4.97103956030986,12
549,41,20,86,9,4.96812288725616,11
550,10,10,59,5,4.967497448599426,5
551,93,70,65,30,4.940169793162299,40
552,46,11,103,5,4.93491443987304,6
553,87,14,34,6,4.910376447473126,8
554,65,11,5,5,4.90161537792141,6
555,63,12,98,6,4.8668332020725105,6
556,55,29,6,10,4.803715742468641,19
557,90,11,70,4,4.801865378344786,7
558,87,21,88,8,4.796769422048848,13
559,86,11,18,5,4.795064637153176,6
560,17,11,30,5,4.793161472453947,6
561,34,10,103,3,4.790473034569175,7
562,37,22,88,9,4.788613815708725,13
563,13,12,20,4,4.788358918637377,8
564,111,10,104,4,4.785383853867566,6
565,8,13,106,6,4.770713481148754,7
566,98,17,94,7,4.761676089313329,10
567,6,12,32,5,4.741771241477241,7
568,74,18,55,9,4.738810454561628,9
569,90,30,9,13,4.717832744642906,17
570,54,45,9,19,4.717503599408805,26
571,109,19,93,8,4.710552248323456,11
572,87,35,29,15,4.710088352572669,20
573,26,16,6,6,4.685058896386026,10
574,46,18,76,7,4.684511952245146,11
575,16,15,89,6,4.6371266736074,9
576,86,10,15,5,4.603054673648835,5
577,28,19,49,7,4.5879435578079875,12
578,2,31,6,13,4.575369715684754,18
579,46,13,37,6,4.568700097838744,7
580,9,20,89,7,4.555028073124962,13
581,87,15,57,7,4.55240997291295,8
582,2,10,51,5,4.541060117126744,5
583,8,72,79,34,4.537223930018156,38
584,26,45,8,21,4.535697997459029,24
585,74,24,23,11,4.530539923458647,13
586,65,26,109,13,4.522732343847655,13
587,91,36,9,16,4.519475424395413,20
588,38,38,28,17,4.50616017554961,21
589,9,17,59,7,4.502961051414203,10
590,29,11,62,5,4.502398822563132,6
591,111,29,91,14,4.500138929465923,15
592,29,21,93,9,4.498959392246705,12
593,111,21,29,11,4.4840296225286655,10
594,86,13,85,7,4.4826531707733315,6
595,111,25,15,10,4.472513123100849,15
596,79,26,93,13,4.466001104753655,13
597,84,32,2,14,4.438454989875694,18
598,90,10,13,5,4.4350576589733715,5
599,98,46,84,20,4.417324763930307,26
600,103,25,91,13,4.403539882876555,12
601,16,10,93,4,4.399536862991551,6
602,1,14,65,6,4.384642024421805,8
603,54,13,89,5,4.375934710162817,8
604,87,11,94,5,4.3750154371421806,6
605,70,17,2,6,4.372410293055534,11
606,16,35,37,13,4.367993019162763,22
607,79,13,44,6,4.356415433762267,7
608,54,35,84,14,4.339079782197694,21
609,54,17,3,8,4.336905078418534,9
610,85,15,48,6,4.3053632687921874,9
611,8,22,49,10,4.28984337719209,12
612,13,17,8,7,4.28829881572936,10
613,103,34,28,15,4.283445470085922,19
614,79,18,106,9,4.260883343518001,9
615,58,11,9,4,4.2449574488184085,7
616,18,13,49,6,4.243576516469457,7
617,97,11,8,4,4.238412616249602,7
618,29,26,20,11,4.235090000321545,15
619,63,12,8,5,4.221883097493622,7
620,41,52,20,21,4.221572518729248,31
621,26,24,103,11,4.210605706707939,13
622,62,26,9,11,4.20006809871188,15
623,17,22,79,10,4.186747232119098,12
624,2,16,32,7,4.169077635966494,9
625,29,19,79,9,4.163523890816751,10
626,65,23,91,12,4.15010120900015,11
627,37,15,2,7,4.147220527730264,8
628,8,45,48,20,4.137812287852191,25
629,103,28,54,13,4.13111154459063,15
630,23,14,30,7,4.121797276586666,7
631,54,19,29,7,4.092788521879797,12
632,2,36,9,17,4.08389169356919,19
633,28,22,70,11,4.061668690910118,11
634,98,16,85,8,4.042048861968951,8
635,111,37,74,17,4.036380326078248,20
636,10,11,109,5,4.004247407956419,6
637,26,26,28,11,3.9790441547640567,15
638,16,29,74,12,3.9743417346866297,17
639,87,43,9,19,3.9730968179035395,24
640,1,16,8,8,3.9724434837704097,8
641,91,40,8,19,3.961945852137989,21
642,63,13,48,6,3.956648202742783,7
643,93,17,10,7,3.954978874369175,10
644,23,39,84,18,3.952949843708358,21
645,6,22,73,11,3.947699618921388,11
646,79,36,74,14,3.9251156042857227,22
647,28,23,17,10,3.9100280106678444,13
648,28,53,18,24,3.898243392256606,29
649,94,16,54,8,3.897800639878565,8
650,55,11,17,5,3.884041039360635,6
651,38,14,49,7,3.8551286140805883,7
652,23,40,9,18,3.825851357048051,22
653,32,14,91,7,3.825310656034844,7
654,37,14,20,6,3.8240986868747346,8
655,65,64,28,27,3.819913544356134,37
656,93,15,18,7,3.800055574547406,8
657,79,56,37,23,3.799347181152442,33
658,110,12,103,5,3.7849274590311146,7
659,13,19,79,7,3.7825987952497915,12
660,26,11,110,6,3.7814954576991626,5
661,79,15,73,7,3.780403758532128,8
662,13,20,28,7,3.777676713991522,13
663,65,104,9,47,3.775714714839896,57
664,98,26,18,12,3.7616966957049423,14
665,57,12,18,4,3.7525453734501895,8
666,55,31,88,12,3.7522592797043,19
667,37,37,8,17,3.7513378121907257,20
668,10,20,74,8,3.7415607204357952,12
669,84,48,86,22,3.7305166192474197,26
670,84,22,38,9,3.721558072111382,13
671,60,10,87,5,3.716219490276849,5
672,32,14,10,5,3.709056496740236,9
673,32,35,8,16,3.704344714378886,19
674,30,19,84,9,3.664539402131782,10
675,48,14,89,6,3.663870491648268,8
676,106,12,65,5,3.6637536933904045,7
677,57,17,65,6,3.662004607965262,11
678,28,35,37,15,3.6424606664448227,20
679,5,11,79,6,3.616233982760748,5
680,10,12,18,4,3.6042571144804327,8
681,86,37,76,18,3.5963652193472657,19
682,29,12,46,5,3.5756011188612917,7
683,16,34,76,16,3.5713726859790302,18
684,50,25,38,11,3.5687465201033155,14
685,111,28,93,14,3.565826841924163,14
686,37,38,98,17,3.5235287972383027,21
687,65,13,94,6,3.5056909876146616,7
688,79,41,76,17,3.500613863685398,24
689,51,10,55,4,3.478851515612335,6
690,1,14,55,6,3.4728600689370874,8
691,111,21,76,11,3.468863949107616,10
692,23,15,26,7,3.459704667443899,8
693,5,10,91,6,3.425539811872453,4
694,51,17,84,7,3.4208891920364017,10
695,98,12,57,6,3.4208056101467705,6
696,98,31,10,14,3.4043551656175834,17
697,55,30,16,13,3.402556378457109,17
698,57,12,6,4,3.400016956513245,8
699,62,23,87,10,3.3975423521512753,13
700,57,14,91,5,3.387917143764689,9
701,87,48,20,22,3.3869100363416416,26
702,76,13,13,6,3.383197454645706,7
703,2,14,85,7,3.3798876085075142,7
704,6,26,91,12,3.37006635937582,14
705,84,22,34,9,3.3667603990013673,13
706,29,26,8,12,3.355791507675689,14
707,74,12,63,5,3.3417933304650638,7
708,8,91,9,42,3.3123475971013145,49
709,104,12,76,6,3.296017349449059,6
710,10,11,46,5,3.290581679590813,6
711,32,24,98,11,3.2868277404205144,13
712,59,11,98,5,3.2664563544762375,6
713,30,21,29,10,3.2444225111341125,11
714,55,72,8,31,3.242679915951949,41
715,8,60,16,26,3.237992128006084,34
716,76,15,18,6,3.2371919896499453,9
717,50,17,16,8,3.22023130354894,9
718,23,19,86,9,3.2169168727971016,10
719,32,25,16,11,3.2091711041875497,14
720,88,16,41,7,3.1907658333962923,9
721,91,13,37,6,3.1893915884876454,7
722,75,11,9,4,3.137110857576188,7
723,107,14,104,6,3.1348492575520077,8
724,106,10,98,4,3.1299996913347945,6
725,91,17,10,7,3.0928301943325844,10
726,50,33,103,15,3.092695156166144,18
727,26,17,43,7,3.0481873322386352,10
728,9,14,44,8,3.0418979222799782,6
729,38,18,16,9,3.0174584469144,9
730,48,30,37,14,3.008487076456393,16
731,26,16,89,8,3.0015441091670665,8
732,68,10,87,5,2.918596255497213,5
733,8,24,68,11,2.9120627847170204,13
734,50,20,86,8,2.9078735206797073,12
735,88,30,111,13,2.894283723315119,17
736,90,30,111,13,2.890544713054333,17
737,46,15,28,7,2.8691534505866354,8
738,55,11,13,5,2.8675322125133507,6
739,98,31,29,15,2.8666453310461546,16
740,41,55,79,26,2.8646704987175218,29
741,55,10,57,4,2.8631536684623486,6
742,34,20,79,10,2.8607277297103497,10
743,87,21,73,10,2.852053456966912,11
744,54,36,16,17,2.847205712046726,19
745,38,55,65,25,2.8065899103574563,30
746,29,17,34,9,2.8011697136542666,8
747,14,12,8,5,2.800814824677635,7
748,8,47,18,21,2.7978231918914584,26
749,17,30,103,13,2.7862637913294455,17
750,98,33,86,14,2.7839089247753144,19
751,41,40,23,18,2.7673807455242936,22
752,2,18,23,9,2.76700436988762,9
753,73,21,84,8,2.7669228847096483,13
754,29,30,28,14,2.7417268938351826,16
755,34,21,28,9,2.7346627104082097,12
756,23,14,29,6,2.7325720738957804,8
757,79,25,89,10,2.732343278458178,15
758,74,59,8,28,2.7296100359174895,31
759,26,14,30,9,2.7295268644643036,5
760,16,20,91,9,2.7214582735625528,11
761,90,29,28,13,2.709626925847089,16
762,103,24,55,11,2.7037427493149484,13
763,9,25,76,12,2.685089251335601,13
764,8,74,107,35,2.668363851324248,39
765,30,25,38,13,2.6609022960305335,12
766,86,20,88,8,2.6598697754609475,12
767,15,14,8,7,2.6593953269851665,7
768,87,27,54,13,2.6518374940593397,14
769,8,42,103,17,2.6366758249260895,25
770,30,13,107,5,2.6326975250966638,8
771,70,11,50,6,2.626702900417429,5
772,111,23,50,10,2.626096528214075,13
773,73,27,8,11,2.6210898212265543,16
774,9,16,94,8,2.620832608628445,8
775,29,24,9,12,2.6073964056504892,12
776,98,54,74,26,2.6028088751283813,28
777,71,16,65,8,2.5963866960665394,8
778,38,20,112,9,2.587558109977976,11
779,50,31,9,14,2.5695097036396843,17
780,2,25,109,10,2.5641635343710663,15
781,50,12,88,6,2.559456050854571,6
782,79,59,111,26,2.5391252713592265,33
783,23,11,34,6,2.530674269646428,5
784,98,52,54,26,2.52901549913828,26
785,50,19,29,8,2.5251415163545516,11
786,16,17,62,8,2.4884740684398885,9
787,65,50,103,21,2.483568843444369,29
788,111,48,9,24,2.4819787644205817,24
789,74,29,107,13,2.4812045730116723,16
790,37,15,62,7,2.4789476689639205,8
791,111,10,56,4,2.470099067407655,6
792,26,27,98,15,2.469946577348654,12
793,41,40,38,19,2.4535603181412915,21
794,111,17,46,8,2.4518689623137755,9
795,10,17,37,7,2.451821926620314,10
796,2,40,10,18,2.446660934491016,22
797,9,33,6,15,2.442634272815347,18
798,18,16,50,8,2.435107533000619,8
799,32,14,38,6,2.405973678085745,8
800,76,18,35,7,2.4023433325283117,11
801,43,22,74,10,2.399363912806923,12
802,51,19,86,9,2.390997498034678,10
803,18,18,6,8,2.39036390227397,10
804,16,58,84,27,2.38803491948361,31
805,79,56,16,25,2.387568324889289,31
806,84,41,111,17,2.381984401222266,24
807,55,12,34,5,2.374285322689373,7
808,65,39,29,16,2.3260339041967435,23
809,109,13,79,6,2.287036871981501,7
810,62,18,32,9,2.263686769900328,9
811,93,12,86,6,2.263652335832278,6
812,103,26,87,12,2.244435120608378,14
813,84,30,55,14,2.243237050292711,16
814,8,11,58,6,2.225895511877215,5
815,73,15,54,7,2.2175860455428436,8
816,87,23,37,12,2.190334202723886,11
817,54,34,86,16,2.1876120177380085,18
818,44,19,28,7,2.1816767204067156,12
819,30,36,28,16,2.175778532530505,20
820,50,35,84,17,2.168079839309706,18
821,74,45,9,20,2.16700698590985,25
822,98,40,107,18,2.1579093706359758,22
823,9,11,15,5,2.157551688044861,6
824,18,10,32,5,2.1572241092213504,5
825,98,61,2,29,2.1431661416362218,32
826,107,42,28,21,2.137974612394544,21
827,111,33,26,15,2.1371335815105854,18
828,16,18,104,8,2.1264699523202086,10
829,84,11,1,5,2.1264466771262813,6
830,54,26,50,11,2.120731115430667,15
831,55,14,73,7,2.100075433191044,7
832,107,24,88,12,2.0871354397563997,12
833,9,16,104,7,2.074620642084024,9
834,28,13,5,5,2.0729432233264378,8
835,91,11,18,5,2.068864434806542,6
836,32,19,84,8,2.0621508690380312,11
837,79,28,88,11,2.0568021982013835,17
838,30,25,98,10,2.0506203422205376,15
839,38,52,98,24,2.049865770355223,28
840,16,49,98,22,2.027059127963766,27
841,23,30,87,13,2.0171902524743803,17
842,8,65,87,29,2.0171507138951443,36
843,59,14,8,7,2.010238389237951,7
844,37,10,71,4,1.989603705819686,6
845,103,13,37,6,1.9837820518429896,7
846,6,47,79,22,1.9831957209831137,25
847,23,41,65,20,1.9794334553560258,21
848,49,11,29,4,1.979211902956338,7
849,6,47,65,25,1.9776748983278993,22
850,54,18,23,8,1.972656582258224,10
851,79,35,55,18,1.959199663076027,17
852,37,33,65,15,1.9483360284193358,18
853,76,24,6,12,1.937944044447951,12
854,65,33,10,15,1.937274732541103,18
855,8,57,54,27,1.927915207676815,30
856,10,13,29,6,1.9268740097605606,7
857,65,20,13,11,1.9236367618157109,9
858,6,22,37,11,1.9187411338779705,11
859,48,35,16,17,1.9177064489155933,18
860,76,10,17,4,1.9048948605365967,6
861,41,11,61,5,1.9034780148497896,6
862,91,18,88,8,1.88786606053127,10
863,84,68,65,33,1.8809383053706654,35
864,84,27,49,13,1.8786207304912836,14
865,8,45,20,21,1.8762962473388543,24
866,6,40,8,18,1.873167747491823,22
867,54,16,112,7,1.871566293788832,9
868,73,19,98,9,1.8513717297876138,10
869,6,39,98,18,1.8448936378969223,21
870,90,23,107,12,1.839992081109741,11
871,35,12,79,5,1.8379035956261849,7
872,2,30,111,14,1.8367449192872456,16
873,79,38,90,16,1.833449775816603,22
874,65,75,88,35,1.8237982131059447,40
875,20,22,73,11,1.8197178736344521,11
876,85,13,76,5,1.800008520609701,8
877,94,10,41,5,1.7939224836809742,5
878,14,10,28,4,1.771696362645693,6
879,111,52,28,24,1.7612142471001229,28
880,107,35,38,17,1.7434138897292968,18
881,32,32,28,15,1.738356190048853,17
882,16,29,103,14,1.7358551004647145,15
883,106,15,38,7,1.7348192516378895,8
884,76,10,45,5,1.7263356630732787,5
885,73,34,41,16,1.7202071823465876,18
886,16,47,2,22,1.7122028906623956,25
887,38,11,76,5,1.6999072226365513,6
888,34,15,20,6,1.6974281353522225,9
889,91,21,30,11,1.6670009255194451,10
890,16,48,41,24,1.6327791706734784,24
891,103,26,6,11,1.6275337563735768,15
892,20,18,68,9,1.6168027641247988,9
893,87,33,84,16,1.6132608828210888,17
894,20,32,28,13,1.611656785344251,19
895,20,12,76,5,1.5911388338678512,7
896,70,18,37,8,1.5684495468710091,10
897,106,12,41,6,1.5589796315432078,6
898,63,14,107,6,1.5503183730734296,8
899,50,33,2,15,1.5483452933241442,18
900,85,12,38,6,1.5317416798467203,6
901,103,12,85,5,1.505235765059641,7
902,98,16,89,8,1.5011020579783834,8
903,55,18,43,9,1.4993353058682148,9
904,8,58,10,28,1.4849515517714131,30
905,18,17,48,8,1.4617300255746302,9
906,16,33,111,17,1.4503126575489818,16
907,41,18,18,8,1.4488156792449216,10
908,50,36,41,18,1.4450486751473963,18
909,51,10,104,5,1.4372097568979327,5
910,103,10,57,6,1.433492937470935,4
911,109,11,112,5,1.4303792106135111,6
912,62,24,28,10,1.4300815186163431,14
913,111,14,75,8,1.426535254075105,6
914,65,10,3,5,1.4258252923515962,5
915,13,11,2,4,1.4221213524937684,7
916,2,24,38,13,1.4146987667991227,11
917,70,46,98,22,1.4102748742937037,24
918,54,18,15,9,1.4023674366161945,9
919,54,13,85,7,1.3987454013140737,6
920,84,55,37,27,1.3911519871571973,28
921,44,13,8,5,1.3823607495686785,8
922,16,32,10,15,1.3769942516048135,17
923,79,25,30,13,1.3756609281230907,12
924,23,14,32,8,1.362990157606229,6
925,6,40,84,19,1.3347878248259433,21
926,66,19,9,9,1.3219399910119891,10
927,28,26,88,12,1.3206994118977573,14
928,87,15,110,7,1.3076573931351636,8
929,98,62,79,32,1.3058345957518112,30
930,48,27,98,13,1.2896849035906888,14
931,54,39,20,18,1.2734253946760175,21
932,20,43,98,20,1.2404189901414067,23
933,8,53,86,25,1.234440399449158,28
934,79,11,96,6,1.2340245916617492,5
935,23,37,28,18,1.2328353573645747,19
936,74,24,46,13,1.2274275532310768,11
937,49,24,55,14,1.2120144426699917,10
938,79,74,9,36,1.188169776423483,38
939,103,10,1,6,1.178228962480735,4
940,109,23,98,11,1.1685291459099263,12
941,74,20,30,11,1.1520992492769822,9
942,50,18,34,10,1.1483521913828936,8
943,70,49,8,25,1.1467281456421692,24
944,79,36,38,17,1.1399672014475537,19
945,79,58,84,28,1.1203493261955182,30
946,23,22,88,10,1.1194514842315577,12
947,55,27,50,12,1.1136011471986083,15
948,88,14,93,8,1.1127136691834514,6
949,88,20,62,10,1.1096322170107602,10
950,91,14,62,7,1.0834634078291783,7
951,104,29,65,12,1.0741471547286872,17
952,76,15,103,6,1.0648910249315904,9
953,79,46,86,22,1.0425261635108956,24
954,48,27,86,13,1.0300347247258348,14
955,107,39,65,17,1.0164693815500474,22
956,58,11,2,5,1.0060883991850518,6
957,87,31,98,14,1.0052207296323035,17
958,79,11,94,5,0.9998691980070009,6
959,65,26,73,13,0.9992952333872255,13
960,32,15,74,7,0.9878312338208317,8
961,41,16,30,8,0.9850557086879002,8
962,111,16,68,7,0.983190365703102,9
963,91,20,23,10,0.9792678927031622,10
964,103,44,9,24,0.9734466854109799,20
965,68,10,16,5,0.9723777343104946,5
966,10,11,15,6,0.9620268464624143,5
967,93,23,107,11,0.9535678875740116,12
968,48,11,30,5,0.9383914724110479,6
969,23,35,16,17,0.937387264272772,18
970,85,19,9,8,0.9266510351352133,11
971,13,11,74,5,0.9258529887550377,6
972,51,16,16,7,0.9254181289183423,9
973,103,12,89,5,0.9245541578032425,7
974,60,11,9,6,0.9156618531106764,5
975,8,61,2,31,0.8823794512979197,30
976,62,21,65,9,0.8755953834255747,12
977,29,12,18,7,0.8741742779448156,5
978,98,67,8,32,0.8537292484745942,35
979,16,29,87,14,0.850951754864609,15
980,103,16,32,7,0.8405021181328001,9
981,87,22,10,10,0.8212452099335934,12
982,9,34,48,18,0.8138314912844774,16
983,87,24,48,12,0.7841248719069777,12
984,23,24,6,12,0.7573800729023334,12
985,76,36,65,16,0.7568795201651484,20
986,48,20,55,9,0.7470868116523264,11
987,90,10,104,6,0.7461340238107392,4
988,37,11,73,5,0.7437455399697732,6
989,107,23,23,11,0.7397315330825475,12
990,50,17,74,8,0.725167252731053,9
991,87,24,32,13,0.723654834631159,11
992,51,12,65,6,0.7082823610974582,6
993,41,23,43,11,0.6921842337130567,12
994,98,39,9,21,0.6861429647441631,18
995,62,15,74,6,0.6841173627174295,9
996,44,12,16,7,0.674063172823535,5
997,90,17,10,9,0.6720080859782257,8
998,111,44,55,23,0.6715353289992407,21
999,91,23,86,11,0.6661452371008985,12
1000,88,15,48,9,0.6584132572102235,6
1001,32,10,30,5,0.6490824873820863,5
1002,74,39,41,21,0.6406425090111577,18
1003,16,17,1,9,0.6380538669636839,8
1004,10,21,48,11,0.631414631744242,10
1005,9,36,37,18,0.61775116251728,18
1006,91,18,44,8,0.616097632961548,10
1007,55,22,29,12,0.608123085968788,10
1008,111,37,20,19,0.6068837109506124,18
1009,62,18,38,9,0.6043816495722321,9
1010,98,20,101,11,0.5948708647764208,9
1011,48,18,103,9,0.5903706399248467,9
1012,54,26,91,15,0.5702688984859549,11
1013,15,14,2,7,0.5683026145731193,7
1014,89,17,111,9,0.5563633904658443,8
1015,90,18,2,9,0.5540783404275267,9
1016,86,41,28,18,0.5477940883930262,23
1017,13,16,48,6,0.5472229810551577,10
1018,2,22,62,10,0.5462872756743614,12
1019,66,13,41,7,0.534743534153634,6
1020,91,13,73,5,0.5133686150476447,8
1021,84,70,9,32,0.5071793711101522,38
1022,76,29,48,14,0.4989185505566462,15
1023,54,32,2,15,0.49725687334611157,17
1024,87,16,112,7,0.4965133955506271,9
1025,46,13,98,6,0.49490167633736465,7
1026,16,16,20,9,0.4908471999413502,7
1027,88,12,18,6,0.4864002858281218,6
1028,32,10,94,5,0.4833955664376234,5
1029,49,21,107,11,0.4754802407538822,10
1030,26,39,41,23,0.47541624975842567,16
1031,2,19,88,9,0.45627885372645166,10
1032,98,16,58,9,0.45407364718622145,7
1033,23,37,103,19,0.4333042786770564,18
1034,26,11,50,6,0.4324180875363533,5
1035,111,43,87,22,0.4268411890521909,21
1036,98,33,93,16,0.424948144003004,17
1037,65,20,85,11,0.4129454829762119,9
1038,28,15,73,6,0.4127743641758703,9
1039,65,78,79,40,0.4089181777503222,38
1040,93,16,55,8,0.39897461255756284,8
1041,41,13,85,6,0.3897097634286908,7
1042,28,55,84,28,0.37670395552970865,27
1043,44,10,50,5,0.3704918139841162,5
1044,74,43,54,23,0.3670959011375288,20
1045,86,19,6,9,0.36002907163375564,10
1046,49,10,85,5,0.35745396515488925,5
1047,16,20,107,10,0.3521229801334943,10
1048,9,18,70,10,0.347707681597408,8
1049,98,56,28,29,0.3404053805048996,27
1050,55,51,65,22,0.33480791871822513,29
1051,107,25,86,12,0.33053780323926046,13
1052,49,17,91,9,0.32854883058107165,8
1053,98,31,90,16,0.3081362679703139,15
1054,19,14,41,8,0.3076861914893786,6
1055,2,23,30,12,0.29321348863964763,11
1056,65,32,86,16,0.292161429870751,16
1057,13,23,9,10,0.2881217107127524,13
1058,103,28,38,14,0.24815234764151997,14
1059,57,10,54,5,0.24120401170219807,5
1060,48,30,28,13,0.23198080494769563,17
1061,75,14,8,7,0.21522325366820866,7
1062,54,24,107,12,0.21408205928725335,12
1063,55,47,28,21,0.2032823609872518,26
1064,29,36,41,18,0.19641039337775978,18
1065,28,33,50,16,0.1958042362037239,17
1066,30,18,18,8,0.1880919802776321,10
1067,30,32,20,17,0.18006835825974649,15
1068,18,25,54,13,0.17269825689702542,12
1069,26,19,2,10,0.15549736717272822,9
1070,32,18,50,10,0.14361277931057773,8
1071,107,35,103,17,0.13970070555149214,18
1072,16,13,63,6,0.13751618322568013,7
1073,74,20,37,10,0.13515130121839292,10
1074,87,41,107,19,0.1227366665247325,22
1075,74,45,84,22,0.10012553334720861,23
1076,6,29,41,15,0.09412754772533743,14
1077,34,18,9,9,0.09074125145387058,9
1078,13,22,98,9,0.08977817869064623,13
1079,70,25,54,12,0.080462290077825,13
1080,38,15,110,8,0.07451058664372237,7
1081,88,40,8,21,0.07142554607087437,19
1082,8,68,111,32,0.06643227615439237,36
1083,23,26,111,12,0.03864525196536135,14
1084,85,24,79,13,0.03480555903893171,11
1085,13,12,111,6,0.03396852683521152,6
1086,107,35,111,17,0.02482134096335078,18
1087,40,14,65,6,0.02213880190128984,8
1088,90,18,84,9,0.005300166576956953,9
1089,75,15,84,7,0.004789895316519714,8
1090,37,15,38,8,0.001103123834968282,7
1091,38,15,37,7,-0.0011031238349704135,8
1092,84,15,75,8,-0.004789895316519714,7
1093,84,18,90,9,-0.0053001665769565574,9
1094,65,14,40,8,-0.022138801901290386,6
1095,79,50,103,24,-0.05775390300531349,26
1096,2,25,20,13,-0.061415201425745324,12
1097,87,59,65,29,-0.07056596419062908,30
1098,8,40,88,19,-0.0714255460708749,21
1099,110,15,38,7,-0.07451058664372263,8
1100,87,42,74,20,-0.07958529470361513,22
1101,54,25,70,13,-0.08046229007782557,12
1102,41,29,6,14,-0.09412754772533768,15
1103,43,19,20,10,-0.09655439021695482,9
1104,84,45,74,23,-0.10012553334720688,22
1105,28,61,2,31,-0.13470852705824435,30
1106,8,23,43,12,-0.1348626033575063,11
1107,37,20,74,10,-0.13515130121839344,10
1108,63,13,16,7,-0.13751618322567985,6
1109,111,25,30,13,-0.1455874148715972,12
1110,8,11,56,5,-0.16982236953751909,6
1111,54,25,18,12,-0.17269825689702573,13
1112,20,32,30,15,-0.18006835825974682,17
1113,17,19,74,10,-0.18384205614173707,9
1114,18,18,30,10,-0.18809198027763255,8
1115,107,24,54,12,-0.2140820592872529,12
1116,8,14,75,7,-0.21522325366820866,7
1117,54,30,79,15,-0.21917995041733915,15
1118,79,38,91,20,-0.22211474912049844,18
1119,2,30,74,16,-0.2222710450639769,14
1120,91,21,84,10,-0.2259849974893271,11
1121,107,22,18,12,-0.23611930271088563,10
1122,54,10,57,5,-0.24120401170219843,5
1123,38,28,103,14,-0.24815234764152064,14
1124,86,32,65,16,-0.2921614298707511,16
1125,30,23,2,11,-0.2932134886396476,12
1126,41,14,19,6,-0.30768619148937965,8
1127,91,17,49,8,-0.3285488305810701,9
1128,17,12,50,6,-0.3289162212940191,6
1129,86,25,107,13,-0.33053780323925963,12
1130,43,16,98,8,-0.3349193292480861,8
1131,70,18,9,8,-0.3477076815974086,10
1132,107,20,16,10,-0.35212298013349413,10
1133,54,21,48,12,-0.3530248887429264,9
1134,85,10,49,5,-0.35745396515488925,5
1135,6,19,86,10,-0.3600290716337568,9
1136,50,10,44,5,-0.3704918139841169,5
1137,84,55,28,27,-0.37670395552970903,28
1138,90,30,65,14,-0.3773068188418704,16
1139,85,13,41,7,-0.3897097634286908,6
1140,12,10,8,5,-0.39347937244075554,5
1141,55,16,93,8,-0.39897461255756195,8
1142,73,15,28,9,-0.41277436417587005,6
1143,85,20,65,9,-0.41294548297621136,11
1144,93,33,98,17,-0.42494814400300385,16
1145,84,60,8,30,-0.4393392393362178,30
1146,88,19,2,10,-0.45627885372645144,9
1147,8,86,65,40,-0.46002164003734164,46
1148,94,10,32,5,-0.48339556643762405,5
1149,18,12,88,6,-0.4864002858281218,6
1150,55,25,107,12,-0.49082237211228874,13
1151,98,13,46,7,-0.4949016763373632,6
1152,112,16,87,9,-0.49651339555062735,7
1153,2,32,54,17,-0.49725687334611246,15
1154,48,29,76,15,-0.49891855055664525,14
1155,73,13,91,8,-0.5133686150476453,5
1156,20,23,110,11,-0.5195268671329497,12
1157,86,18,90,8,-0.5309843322728077,10
1158,41,13,66,6,-0.534743534153634,7
1159,62,22,2,12,-0.5462872756743612,10
1160,48,16,13,10,-0.5472229810551572,6
1161,28,41,86,23,-0.5477940883930271,18
1162,111,17,89,8,-0.5563633904658417,9
1163,85,10,18,4,-0.5576976788918457,6
1164,103,45,84,25,-0.5578798381977594,20
1165,91,26,54,11,-0.5702688984859546,15
1166,103,18,48,9,-0.5903706399248498,9
1167,101,20,98,9,-0.594870864776421,11
1168,23,33,79,18,-0.5991196107820883,15
1169,38,18,62,9,-0.6043816495722321,9
1170,29,22,55,10,-0.6081230859687882,12
1171,87,32,2,17,-0.6092720590189474,15
1172,44,18,91,10,-0.6160976329615482,8
1173,37,36,9,18,-0.6177511625172819,18
1174,90,15,48,8,-0.6241971263022461,7
1175,28,47,74,23,-0.6255938105145816,24
1176,48,21,10,10,-0.63141463174424,11
1177,41,39,74,18,-0.6406425090111568,21
1178,30,10,32,5,-0.6490824873820863,5
1179,6,19,46,9,-0.6560730930479025,10
1180,29,20,103,10,-0.657814486383537,10
1181,48,15,88,6,-0.6584132572102235,9
1182,93,24,6,12,-0.6627629968980052,12
1183,86,23,91,12,-0.6661452371008979,11
1184,10,17,90,8,-0.6720080859782255,9
1185,16,12,44,5,-0.6740631728235359,7
1186,101,15,23,7,-0.6750621504160516,8
1187,74,15,62,9,-0.68411736271743,6
1188,9,39,98,18,-0.6861429647441628,21
1189,65,12,51,6,-0.7082823610974577,6
1190,8,37,50,20,-0.7177946706892544,17
1191,32,24,87,11,-0.7236548346311588,13
1192,74,42,87,23,-0.7245745938864449,19
1193,74,17,50,9,-0.7251672527310536,8
1194,62,18,6,8,-0.7348526325115916,10
1195,23,23,107,12,-0.7397315330825462,11
1196,90,19,16,10,-0.7408181147076381,9
1197,73,11,37,6,-0.7437455399697732,5
1198,104,10,90,4,-0.7461340238107393,6
1199,55,20,48,11,-0.7470868116523252,9
1200,107,11,85,7,-0.752465203898776,4
1201,48,24,87,12,-0.7841248719069762,12
1202,74,17,85,9,-0.809559849760586,8
1203,48,34,9,16,-0.8138314912844782,18
1204,10,22,87,12,-0.8212452099335937,10
1205,91,21,29,10,-0.8357535316372875,11
1206,32,17,49,9,-0.8453605230907149,8
1207,8,60,84,31,-0.8494232212855742,29
1208,38,18,91,10,-0.8605561818804551,8
1209,84,29,107,15,-0.8733552812845715,14
1210,18,12,29,5,-0.8741742779448153,7
1211,65,21,62,12,-0.8755953834255744,9
1212,84,45,103,21,-0.878799888562455,24
1213,29,26,6,13,-0.8939970404365927,13
1214,98,42,17,22,-0.8967649107571658,20
1215,93,30,20,17,-0.8968767950978309,13
1216,8,67,28,34,-0.9104279523309273,33
1217,111,29,18,15,-0.9151185639276502,14
1218,9,11,60,5,-0.9156618531106767,6
1219,89,12,103,7,-0.9245541578032412,5
1220,16,16,51,9,-0.9254181289183405,7
1221,9,19,85,11,-0.9266510351352117,8
1222,30,11,48,6,-0.9383914724110473,5
1223,107,23,93,12,-0.9535678875740112,11
1224,50,12,6,6,-0.9593349652988957,6
1225,15,11,10,5,-0.9620268464624157,6
1226,16,10,68,5,-0.9723777343104949,5
1227,68,16,111,9,-0.9831903657031018,7
1228,30,16,41,8,-0.9850557086878995,8
1229,91,23,20,11,-0.9903622576025464,12
1230,73,26,65,13,-0.9992952333872263,13
1231,94,11,79,6,-0.9998691980070007,5
1232,41,33,70,17,-1.0073100144887743,16
1233,86,27,48,14,-1.0300347247258346,13
1234,103,10,75,5,-1.0351884603570845,5
1235,79,78,65,39,-1.0359217072746858,39
1236,79,15,49,7,-1.042408931040812,8
1237,86,46,79,24,-1.0425261635108967,22
1238,2,32,87,16,-1.0461530255566567,16
1239,91,13,17,7,-1.0470112494614043,6
1240,89,13,6,6,-1.048764081963461,7
1241,103,15,76,9,-1.0648910249315904,6
1242,73,20,103,10,-1.0728746625988095,10
1243,65,29,104,17,-1.074147154728686,12
1244,62,14,91,7,-1.0834634078291792,7
1245,62,20,88,10,-1.1096322170107613,10
1246,93,14,88,6,-1.1127136691834523,8
1247,88,22,23,12,-1.1194514842315584,10
1248,8,49,70,24,-1.1467281456421692,25
1249,34,18,50,8,-1.1483521913828936,10
1250,30,20,74,9,-1.1520992492769824,11
1251,41,80,65,38,-1.1627117143876546,42
1252,111,26,10,14,-1.1728080892005104,12
1253,1,10,103,4,-1.1782289624807345,6
1254,74,47,28,25,-1.1863714258705305,22
1255,111,49,98,25,-1.197194144617747,24
1256,65,59,87,31,-1.2047597063954327,28
1257,55,24,49,10,-1.2120144426699921,14
1258,74,29,20,15,-1.2212951759493524,14
1259,2,49,79,26,-1.2271248327335258,23
1260,96,11,79,5,-1.2340245916617498,6
1261,86,53,8,28,-1.2344403994491575,25
1262,91,28,107,14,-1.243507965011968,14
1263,87,43,111,22,-1.2506147334615216,21
1264,98,27,48,14,-1.289684903590688,13
1265,110,15,87,8,-1.3076573931351636,7
1266,88,26,28,14,-1.3206994118977573,12
1267,9,19,66,10,-1.3219399910119898,9
1268,84,40,6,21,-1.334787824825943,19
1269,10,17,107,8,-1.3567761772719975,9
1270,28,67,8,35,-1.3578605186436223,32
1271,32,14,23,6,-1.3629901576062284,8
1272,59,16,41,9,-1.3704315284875377,7
1273,23,15,76,7,-1.3791825091008156,8
1274,8,13,44,8,-1.3823607495686774,5
1275,85,13,54,6,-1.3987454013140734,7
1276,15,18,54,9,-1.402367436616194,9
1277,98,46,70,24,-1.410274874293704,22
1278,3,10,65,5,-1.4258252923515944,5
1279,65,80,41,44,-1.4259190406310238,36
1280,85,17,8,8,-1.426438357729156,9
1281,75,14,111,6,-1.4265352540751048,8
1282,28,24,62,14,-1.430081518616344,10
1283,112,11,109,6,-1.4303792106135098,5
1284,57,10,103,4,-1.4334929374709364,6
1285,104,10,51,5,-1.4372097568979332,5
1286,48,17,18,9,-1.46173002557463,8
1287,20,13,90,6,-1.4684862703100567,7
1288,28,55,79,32,-1.4958487372379399,23
1289,89,16,98,8,-1.5011020579783834,8
1290,85,12,103,7,-1.505235765059642,5
1291,38,12,85,6,-1.5317416798467203,6
1292,6,18,62,11,-1.5340589440321633,7
1293,107,14,63,8,-1.5503183730734291,6
1294,41,12,106,6,-1.5589796315432078,6
1295,94,11,2,6,-1.5668479197841136,5
1296,37,18,70,10,-1.5684495468710087,8
1297,29,16,16,9,-1.5836522711306946,7
1298,76,12,20,7,-1.5911388338678496,5
1299,84,33,87,17,-1.613260882821088,16
1300,79,16,57,9,-1.6225267683647044,7
1301,10,50,79,29,-1.6576142605157744,21
1302,65,86,8,48,-1.662970973602167,38
1303,23,18,57,10,-1.6948872060166476,8
1304,76,11,38,6,-1.6999072226365504,5
1305,107,29,84,15,-1.7022149509735356,14
1306,45,10,76,5,-1.7263356630732798,5
1307,16,16,29,8,-1.7271978980205145,8
1308,38,15,106,8,-1.7348192516378875,7
1309,103,29,16,15,-1.7358551004647156,14
1310,38,35,107,18,-1.7434138897292963,17
1311,28,10,14,6,-1.7716963626456927,4
1312,13,12,107,6,-1.776140157067621,6
1313,41,10,94,5,-1.7939224836809735,5
1314,76,13,85,8,-1.8000085206097012,5
1315,10,26,111,13,-1.8148533802188944,13
1316,79,12,35,7,-1.8379035956261862,5
1317,107,23,90,11,-1.8399920811097403,12
1318,98,19,73,10,-1.8513717297876133,9
1319,8,67,98,36,-1.8537292484745949,31
1320,112,16,54,9,-1.8715662937888333,7
1321,49,27,84,14,-1.8786207304912834,13
1322,65,68,84,35,-1.8809383053706645,33
1323,88,18,91,10,-1.88786606053127,8
1324,103,14,70,8,-1.9027941936339918,6
1325,61,11,41,6,-1.9034780148497878,5
1326,17,10,76,6,-1.9048948605365954,4
1327,16,35,48,18,-1.9177064489155928,17
1328,37,22,6,11,-1.9187411338779703,11
1329,13,20,65,9,-1.9236367618157124,11
1330,6,24,76,12,-1.9379440444479508,12
1331,84,58,79,31,-1.9419401579860653,27
1332,65,33,37,18,-1.9483360284193352,15
1333,65,29,17,15,-1.9693529400333196,14
1334,23,18,54,10,-1.9726565822582236,8
1335,29,11,49,7,-1.979211902956338,4
1336,8,17,85,10,-1.9814351518680657,7
1337,37,13,103,7,-1.9837820518429903,6
1338,41,16,34,9,-1.984665451993842,7
1339,71,10,37,6,-1.9896037058196856,4
1340,79,62,98,31,-2.0011122780321187,31
1341,9,30,10,15,-2.0135222581265255,15
1342,87,30,23,17,-2.0171902524743803,13
1343,98,49,16,27,-2.0270591279637658,22
1344,74,17,90,9,-2.0301353599309766,8
1345,26,14,73,8,-2.0368384601286893,6
1346,98,52,38,28,-2.049865770355223,24
1347,26,30,9,17,-2.0528879968491363,13
1348,84,19,32,11,-2.0621508690380304,8
1349,50,37,8,19,-2.0695631334926405,18
1350,5,13,28,8,-2.0729432233264378,5
1351,104,16,9,9,-2.074620642084023,7
1352,90,17,74,9,-2.084849422931559,8
1353,73,14,55,7,-2.1000754331910434,7
1354,50,26,54,15,-2.120731115430667,11
1355,1,11,84,6,-2.1264466771262818,5
1356,104,18,16,10,-2.1264699523202073,8
1357,46,19,6,11,-2.1320112599215366,8
1358,1,15,87,7,-2.13863269092095,8
1359,98,22,13,14,-2.1425027644706,8
1360,17,42,98,22,-2.156040262361809,20
1361,32,10,18,5,-2.1572241092213504,5
1362,15,11,9,6,-2.1575516880448595,5
1363,107,40,98,22,-2.1579093706359767,18
1364,51,19,28,10,-2.166180232039241,9
1365,28,36,30,20,-2.1757785325305035,16
1366,28,19,44,12,-2.1816767204067156,7
1367,86,34,54,18,-2.187612017738008,16
1368,37,23,87,11,-2.1903342027238875,12
1369,65,30,90,17,-2.2173212695918405,13
1370,54,15,73,8,-2.217586045542845,7
1371,28,19,51,10,-2.2206829718405032,9
1372,58,11,8,5,-2.225895511877215,6
1373,55,30,84,16,-2.2432370502927106,14
1374,20,15,17,7,-2.2513060993546468,8
1375,86,12,93,6,-2.2636523358322767,6
1376,32,18,62,9,-2.2636867699003296,9
1377,17,29,65,16,-2.268456811981481,13
1378,65,51,55,31,-2.271813539076107,20
1379,9,70,84,40,-2.2802779939990914,30
1380,79,13,109,7,-2.2870368719814995,6
1381,54,43,74,21,-2.3054773168053213,22
1382,103,37,23,19,-2.3239729626949774,18
1383,29,39,65,23,-2.3260339041967426,16
1384,6,21,112,11,-2.341862816288462,10
1385,43,23,41,13,-2.365299496779167,10
1386,111,41,84,24,-2.3819844012222666,17
1387,86,19,51,10,-2.3909974980346793,9
1388,35,18,76,11,-2.402343332528309,7
1389,57,16,79,8,-2.4270888358529503,8
1390,50,16,18,8,-2.435107533000619,8
1391,6,33,9,18,-2.442634272815348,15
1392,79,24,85,12,-2.4487159616702985,12
1393,37,17,10,10,-2.4518219266203145,7
1394,38,40,41,21,-2.453560318141292,19
1395,56,10,111,6,-2.4700990674076566,4
1396,9,44,103,21,-2.4769487250437607,23
1397,29,20,2,11,-2.477941203005174,9
1398,62,15,37,8,-2.478947668963919,7
1399,107,29,74,16,-2.4812045730116727,13
1400,62,17,16,9,-2.488474068439887,8
1401,49,15,79,9,-2.4891645827204787,6
1402,50,33,28,18,-2.5149431929516544,15
1403,79,55,28,26,-2.5183763892961877,29
1404,29,19,50,11,-2.5251415163545503,8
1405,54,52,98,26,-2.5290154991382803,26
1406,70,33,41,17,-2.5290882561404575,16
1407,34,11,23,5,-2.5306742696464295,6
1408,88,12,50,6,-2.55945605085457,6
1409,109,25,2,15,-2.564163534371066,10
1410,107,25,55,15,-2.584454892774177,10
1411,65,36,76,21,-2.5854509487365775,15
1412,112,20,38,11,-2.587558109977975,9
1413,65,16,71,8,-2.5963866960665394,8
1414,74,54,98,28,-2.602808875128384,26
1415,8,27,73,16,-2.621089821226552,11
1416,50,11,70,5,-2.6267029004174307,6
1417,111,26,23,15,-2.6303992386646597,11
1418,107,13,30,8,-2.6326975250966638,5
1419,30,25,111,13,-2.652873615194803,12
1420,79,30,54,16,-2.6549718038487007,14
1421,65,39,107,23,-2.657495022575689,16
1422,8,14,15,7,-2.6593953269851665,7
1423,88,20,86,12,-2.6598697754609466,8
1424,98,49,111,27,-2.6617844500730894,22
1425,111,13,43,8,-2.669621436422116,5
1426,43,17,107,9,-2.6703875258201832,8
1427,88,75,65,41,-2.6771315464392775,34
1428,87,29,16,16,-2.6776277102583808,13
1429,76,25,9,13,-2.6850892513355986,12
1430,20,39,54,22,-2.7051443867414044,17
1431,28,29,90,16,-2.7096269258470884,13
1432,91,20,16,11,-2.721458273562552,9
1433,10,30,9,17,-2.7255115724135353,13
1434,30,14,26,5,-2.7295268644643036,9
1435,29,14,23,8,-2.7325720738957813,6
1436,28,21,34,12,-2.7346627104082093,9
1437,90,31,98,16,-2.7353689958599143,15
1438,79,49,2,26,-2.737321151823357,23
1439,28,30,29,16,-2.741726893835182,14
1440,79,50,10,24,-2.746120922049539,26
1441,10,11,88,6,-2.758720835436875,5
1442,84,21,73,13,-2.7669228847096483,8
1443,37,55,84,29,-2.774328593369887,26
1444,86,33,98,19,-2.783908924775316,14
1445,8,23,34,11,-2.786622245645816,12
1446,8,12,14,7,-2.800814824677635,5
1447,34,17,29,8,-2.8011697136542653,9
1448,65,55,38,30,-2.8065899103574563,25
1449,16,35,23,19,-2.8430887250810795,16
1450,16,36,54,19,-2.847205712046724,17
1451,73,21,87,11,-2.8520534569669125,10
1452,111,68,8,39,-2.8565755169218745,29
1453,18,29,111,16,-2.8594971088993884,13
1454,57,10,55,6,-2.8631536684623486,4
1455,65,47,6,23,-2.865509863062411,24
1456,29,31,98,16,-2.8666453310461546,15
1457,13,11,55,6,-2.8675322125133507,5
1458,28,15,46,8,-2.8691534505866363,7
1459,111,30,90,17,-2.890544713054332,13
1460,111,30,88,17,-2.894283723315121,13
1461,86,20,50,12,-2.9078735206797086,8
1462,20,23,91,13,-2.9131035181283305,10
1463,87,10,68,5,-2.918596255497213,5
1464,41,36,29,19,-2.9244119186735795,17
1465,76,15,23,9,-2.9404074687313466,6
1466,89,16,26,8,-3.001544109167066,8
1467,41,48,16,25,-3.008323589911981,23
1468,37,30,48,16,-3.008487076456393,14
1469,16,18,38,9,-3.0174584469144006,9
1470,87,65,8,37,-3.03431081241291,28
1471,28,52,111,29,-3.0373034434579136,23
1472,44,14,9,6,-3.041897922279978,8
1473,10,17,91,10,-3.0928301943325844,7
1474,28,30,48,18,-3.1061325592137345,12
1475,17,15,20,9,-3.1232806552580397,6
1476,98,10,106,6,-3.1299996913347954,4
1477,6,14,34,8,-3.133573413702534,6
1478,104,14,107,8,-3.134849257552008,6
1479,9,11,75,7,-3.1371108575761877,4
1480,38,36,79,20,-3.1386740959807873,16
1481,90,10,1,5,-3.1488203588125634,5
1482,37,13,91,7,-3.1893915884876454,6
1483,41,16,88,9,-3.1907658333962923,7
1484,56,11,8,7,-3.2076491625407373,4
1485,86,19,23,10,-3.2169168727971034,9
1486,16,17,50,9,-3.220231303548939,8
1487,26,37,79,21,-3.222410339322389,16
1488,87,15,1,9,-3.2359540636917368,6
1489,18,15,76,9,-3.237191989649945,6
1490,6,24,93,13,-3.2407027788328717,11
1491,54,21,49,10,-3.2515113788114705,11
1492,107,17,10,10,-3.2521086968479174,7
1493,98,11,59,6,-3.2664563544762375,5
1494,85,17,74,9,-3.280838878179328,8
1495,46,11,10,6,-3.290581679590814,5
1496,76,12,104,6,-3.296017349449059,6
1497,74,27,26,15,-3.318872656585855,12
1498,9,23,13,14,-3.329632202393757,9
1499,107,41,87,24,-3.3314050553362784,17
1500,84,21,91,12,-3.3334541794660995,9
1501,63,12,74,7,-3.341793330465063,5
1502,8,26,29,14,-3.355791507675689,12
1503,23,20,91,11,-3.361881304895745,9
1504,85,14,2,7,-3.3798876085075142,7
1505,13,13,76,7,-3.383197454645705,6
1506,91,14,57,9,-3.3879171437646898,5
1507,28,32,32,18,-3.393781274624459,14
1508,87,23,62,13,-3.3975423521512766,10
1509,6,12,57,8,-3.4000169565132445,4
1510,57,12,98,6,-3.420805610146773,6
1511,84,17,51,10,-3.4208891920364017,7
1512,91,10,5,4,-3.4255398118724543,6
1513,6,12,50,7,-3.455131926902719,5
1514,76,21,111,10,-3.4688639491076154,11
1515,107,28,91,16,-3.470162400396322,12
1516,55,14,1,8,-3.472860068937087,6
1517,55,10,51,6,-3.478851515612335,4
1518,91,38,79,20,-3.4922631180595523,18
1519,94,13,65,7,-3.5056909876146594,6
1520,98,38,37,21,-3.5235287972383036,17
1521,26,33,111,19,-3.5276889460712026,14
1522,16,56,79,32,-3.5446013546657613,24
1523,55,35,79,18,-3.559481738507642,17
1524,93,28,111,14,-3.5658268419241614,14
1525,38,25,50,14,-3.5687465201033155,11
1526,23,15,101,9,-3.591604516250615,6
1527,18,12,10,8,-3.6042571144804323,4
1528,41,12,75,7,-3.6074462973145796,5
1529,48,21,54,10,-3.616041819529222,11
1530,79,11,5,5,-3.6162339827607495,6
1531,10,40,2,23,-3.6379676405873065,17
1532,37,35,28,20,-3.6424606664448222,15
1533,79,55,41,30,-3.648438067833504,25
1534,73,22,20,12,-3.652177447468763,10
1535,54,57,8,31,-3.6528876305308047,26
1536,65,17,57,11,-3.662004607965262,6
1537,65,12,106,7,-3.663753693390405,5
1538,89,14,48,8,-3.663870491648269,6
1539,84,19,30,10,-3.6645394021317808,9
1540,90,38,79,23,-3.67436402078142,15
1541,10,14,32,9,-3.7090564967402346,5
1542,87,10,60,5,-3.7162194902768513,5
1543,38,22,84,13,-3.7215580721113835,9
1544,88,31,55,19,-3.7522592797042997,12
1545,18,12,57,8,-3.752545373450189,4
1546,16,19,90,10,-3.7634391959444016,9
1547,28,47,55,28,-3.7714851181849904,19
1548,28,20,13,13,-3.7776767139915237,7
1549,73,15,79,8,-3.7804037585321253,7
1550,110,11,26,5,-3.781495457699161,6
1551,103,12,110,7,-3.7849274590311146,5
1552,49,21,54,13,-3.7888260480165687,8
1553,37,56,79,33,-3.799347181152444,23
1554,18,15,93,8,-3.800055574547406,7
1555,98,16,43,9,-3.81237055891473,7
1556,20,14,37,8,-3.824098686874733,6
1557,91,14,32,7,-3.8253106560348433,7
1558,29,21,91,12,-3.8408205117269745,9
1559,18,18,41,11,-3.843661029321533,7
1560,49,14,38,7,-3.855128614080587,7
1561,20,29,74,16,-3.878284866637444,13
1562,17,11,55,6,-3.884041039360635,5
1563,2,61,28,34,-3.897126831060739,27
1564,2,26,91,15,-3.8971597312680064,11
1565,54,16,94,8,-3.8978006398785654,8
1566,9,30,26,15,-3.917115924375873,15
1567,74,22,43,13,-3.9345782455697655,9
1568,112,10,91,5,-3.9467548682802898,5
1569,73,22,6,11,-3.9476996189213893,11
1570,111,12,13,7,-3.9528063724151234,5
1571,48,13,63,7,-3.9566482027427816,6
1572,8,40,6,23,-3.9569277693347025,17
1573,8,40,91,21,-3.9619458521379896,19
1574,20,20,112,10,-3.9655619093439776,10
1575,9,43,87,24,-3.9730968179035395,19
1576,74,29,16,17,-3.9743417346866288,12
1577,26,14,55,8,-3.9805474058369086,6
1578,74,30,2,16,-4.002224854294571,14
1579,79,33,23,17,-4.005580416521509,16
1580,84,35,50,19,-4.015239488001408,16
1581,103,50,79,29,-4.028559233170848,21
1582,88,11,10,6,-4.031418867789046,5
1583,48,15,90,8,-4.039452294275294,7
1584,2,19,26,10,-4.0418718843206785,9
1585,85,16,98,8,-4.042048861968952,8
1586,98,23,109,13,-4.043112033025349,10
1587,10,32,16,18,-4.051397029804461,14
1588,70,22,28,11,-4.0616686909101185,11
1589,9,48,111,25,-4.071160397090479,23
1590,9,36,2,19,-4.083891693569191,17
1591,50,12,17,7,-4.085550670907594,5
1592,107,21,49,11,-4.1198414585006295,10
1593,48,45,8,25,-4.13781228785219,20
1594,10,15,103,8,-4.145748166667439,7
1595,2,15,37,8,-4.147220527730263,7
1596,18,12,20,7,-4.147587922475693,5
1597,91,23,65,11,-4.15010120900015,12
1598,2,61,98,34,-4.158496116358835,27
1599,32,16,2,9,-4.1690776359664925,7
1600,30,25,79,13,-4.173850580469615,12
1601,9,26,62,15,-4.2000680987118795,11
1602,28,32,20,20,-4.206284873777962,12
1603,91,14,109,7,-4.213752581267598,7
1604,8,12,63,7,-4.221883097493621,5
1605,90,18,86,11,-4.223509495637678,7
1606,6,24,23,13,-4.230313442640464,11
1607,28,56,98,30,-4.235627493859621,26
1608,79,47,6,27,-4.237391580830745,20
1609,8,11,97,7,-4.238412616249602,4
1610,49,13,18,7,-4.243576516469458,6
1611,98,39,6,23,-4.250381101594535,16
1612,46,24,74,12,-4.250765743447535,12
1613,55,44,111,24,-4.253083069824158,20
1614,103,35,107,20,-4.274205878998454,15
1615,8,17,13,10,-4.28829881572936,7
1616,49,22,8,12,-4.28984337719209,10
1617,48,15,85,9,-4.3053632687921874,6
1618,41,39,26,18,-4.308213459712551,21
1619,90,13,20,8,-4.319530234657453,5
1620,26,27,74,15,-4.321080857814055,12
1621,3,17,54,9,-4.336905078418535,8
1622,84,35,54,21,-4.339079782197693,14
1623,88,28,79,18,-4.342516483915668,10
1624,10,58,8,32,-4.3469591524477345,26
1625,34,14,6,7,-4.355179716170928,7
1626,44,13,79,7,-4.356415433762267,6
1627,2,11,57,7,-4.360321050424324,4
1628,10,33,65,19,-4.364507460430705,14
1629,37,35,16,22,-4.367993019162764,13
1630,94,11,87,6,-4.3750154371421806,5
1631,1,10,90,6,-4.3756010976452,4
1632,89,13,54,8,-4.375934710162816,5
1633,8,59,74,33,-4.386808600676516,26
1634,41,36,50,20,-4.391684068139686,16
1635,93,10,16,6,-4.39953686299155,4
1636,20,19,43,10,-4.407702920435086,9
1637,103,20,73,11,-4.408542656876497,9
1638,84,46,98,26,-4.417324763930305,20
1639,13,10,90,5,-4.435057658973371,5
1640,2,18,90,10,-4.440452857575476,8
1641,58,16,98,8,-4.454073647186222,8
1642,110,23,20,13,-4.463579786935514,10
1643,15,25,111,15,-4.472513123100849,10
1644,85,13,86,6,-4.482653170773331,7
1645,29,21,111,10,-4.484029622528667,11
1646,93,21,29,12,-4.498959392246702,9
1647,62,11,29,6,-4.502398822563132,5
1648,23,40,41,23,-4.507259861409944,17
1649,74,15,32,9,-4.51940474758212,6
1650,109,26,65,13,-4.522732343847652,13
1651,23,24,74,13,-4.530539923458647,11
1652,51,10,2,5,-4.541060117126742,5
1653,98,43,20,25,-4.552220105497901,18
1654,57,15,87,8,-4.552409972912951,7
1655,89,20,9,13,-4.555028073124961,7
1656,37,13,46,7,-4.568700097838745,6
1657,49,19,28,12,-4.587943557807989,7
1658,15,10,86,5,-4.603054673648835,5
1659,54,27,87,15,-4.613822779482279,12
1660,89,15,16,9,-4.6371266736073995,6
1661,2,20,29,11,-4.659724574406303,9
1662,29,35,87,20,-4.710088352572669,15
1663,93,19,109,11,-4.710552248323457,8
1664,9,30,90,17,-4.717832744642905,13
1665,18,22,107,12,-4.739510447833848,10
1666,106,13,8,7,-4.770713481148754,6
1667,65,41,23,23,-4.770740161452318,18
1668,28,37,23,21,-4.773448036217733,16
1669,2,61,8,33,-4.776225618469153,28
1670,9,104,65,59,-4.782143267111338,45
1671,104,10,111,6,-4.78538385386757,4
1672,20,12,13,8,-4.788358918637377,4
1673,103,33,50,19,-4.78996402404816,14
1674,30,11,17,6,-4.793161472453949,5
1675,18,11,86,6,-4.795064637153177,5
1676,88,21,87,13,-4.796769422048845,8
1677,9,74,79,42,-4.830524032978498,32
1678,98,25,30,16,-4.8490813722869355,9
1679,98,12,63,6,-4.86683320207251,6
1680,20,30,93,15,-4.900735470483159,15
1681,5,11,65,6,-4.901615377921411,5
1682,34,14,87,8,-4.9103764474731255,6
1683,103,11,46,6,-4.93491443987304,5
1684,20,37,111,20,-4.947955914179008,17
1685,59,10,10,5,-4.967497448599425,5
1686,86,20,41,11,-4.968122887256161,9
1687,8,22,104,14,-4.9812589465702874,8
1688,18,53,28,30,-4.991334895334961,23
1689,28,64,65,38,-4.995604396927657,26
1690,107,74,8,42,-4.9989888791116535,32
1691,54,17,62,10,-5.00163311569191,7
1692,32,20,55,12,-5.010948173246778,8
1693,20,48,87,27,-5.0226538312237645,21
1694,1,17,16,9,-5.031673674933398,8
1695,43,13,111,7,-5.032790373684628,6
1696,41,34,73,19,-5.04227828505889,15
1697,41,16,59,9,-5.075333393683096,7
1698,49,17,32,9,-5.0842321804698765,8
1699,48,30,65,17,-5.09134442515335,13
1700,18,21,103,12,-5.117263308095353,9
1701,89,29,41,17,-5.128070897369616,12
1702,17,12,54,7,-5.132650672697671,5
1703,32,12,20,7,-5.135866792699634,5
1704,87,26,103,15,-5.138443373092134,11
1705,52,10,98,5,-5.141825899051739,5
1706,57,15,16,8,-5.174682414292547,7
1707,84,39,23,22,-5.174802875601991,17
1708,57,10,111,6,-5.186942618450885,4
1709,88,24,107,13,-5.199282803734947,11
1710,8,22,30,14,-5.213064512809201,8
1711,9,30,55,19,-5.23448912727696,11
1712,111,10,1,5,-5.2389835373250895,5
1713,89,12,50,7,-5.253704218444127,5
1714,2,33,50,20,-5.273652216296244,13
1715,103,30,17,18,-5.294404276815365,12
1716,48,13,17,7,-5.3071829791256695,6
1717,79,36,50,20,-5.311051747194992,16
1718,66,11,84,6,-5.328070614003664,5
1719,8,23,90,14,-5.338168133162716,9
1720,84,21,29,12,-5.340667565501356,9
1721,6,13,89,8,-5.3628052160146265,5
1722,41,66,8,36,-5.383353261881383,30
1723,9,91,8,52,-5.3852625315930105,39
1724,28,42,87,25,-5.394481625637643,17
1725,41,34,84,22,-5.419690425686763,12
1726,38,26,20,15,-5.42296232860249,11
1727,8,17,51,10,-5.424319246056668,7
1728,23,16,109,10,-5.438260955948293,6
1729,85,13,63,7,-5.448267876540921,6
1730,87,27,49,14,-5.45179203076274,13
1731,111,59,79,36,-5.452702660661963,23
1732,37,14,55,8,-5.456618910920279,6
1733,38,25,30,13,-5.459363326096931,12
1734,9,10,14,7,-5.463439437022663,3
1735,38,33,54,20,-5.464199343195873,13
1736,87,20,90,13,-5.46489906820685,7
1737,49,13,93,7,-5.465162375246018,6
1738,15,15,65,8,-5.468158414216743,7
1739,87,10,89,6,-5.494352199749724,4
1740,86,48,84,27,-5.513451804713854,21
1741,34,16,107,9,-5.514558906998727,7
1742,75,12,41,6,-5.528249235144268,6
1743,2,10,46,6,-5.5419061164561345,4
1744,97,11,28,5,-5.54697078214519,6
1745,54,56,65,31,-5.5529715903875365,25
1746,98,31,87,19,-5.56520850280109,12
1747,48,14,49,7,-5.57204481361561,7
1748,55,24,103,14,-5.588813975862997,10
1749,91,27,87,16,-5.596917301348129,11
1750,48,33,6,19,-5.618170706899615,14
1751,57,11,86,6,-5.628641785626694,5
1752,29,22,26,14,-5.630548836449715,8
1753,20,25,6,13,-5.631661671252285,12
1754,48,16,2,8,-5.635246627200354,8
1755,9,45,41,28,-5.643905739728351,17
1756,6,26,103,16,-5.659939287843902,10
1757,91,29,111,16,-5.664784285354981,13
1758,91,16,63,9,-5.669548453730627,7
1759,9,13,43,7,-5.6825351087636395,6
1760,84,21,57,13,-5.683170829447634,8
1761,79,72,8,39,-5.694868386597536,33
1762,51,11,18,6,-5.697627847770078,5
1763,65,23,89,13,-5.729458742490654,10
1764,55,14,26,8,-5.738748859328652,6
1765,37,20,90,12,-5.74259061703688,8
1766,34,22,98,14,-5.755771842682112,8
1767,9,29,38,16,-5.756435186772359,13
1768,20,45,8,27,-5.761607512447498,18
1769,74,37,111,21,-5.766110055807981,16
1770,79,14,51,8,-5.772506691008205,6
1771,50,27,55,17,-5.7792084950418126,10
1772,54,18,32,11,-5.782610489553487,7
1773,73,14,26,7,-5.793757710550322,7
1774,94,12,8,7,-5.79404543544707,5
1775,8,37,37,21,-5.826102721509759,16
1776,44,10,2,6,-5.829723764491519,4
1777,10,31,98,18,-5.831587893507185,13
1778,104,20,79,13,-5.847480626339061,7
1779,93,44,8,27,-5.851741181325651,17
1780,48,10,107,6,-5.863597775104665,4
1781,65,70,93,41,-5.867706025046359,29
1782,16,17,17,10,-5.868342075872027,7
1783,62,34,8,20,-5.890484986080946,14
1784,16,30,55,18,-5.894163802325909,12
1785,9,45,74,27,-5.903246001506488,18
1786,76,37,86,20,-5.909362216709127,17
1787,2,32,84,19,-5.927588372496059,13
1788,112,20,20,12,-5.928531130259162,8
1789,30,21,91,11,-5.9422253465580255,10
1790,23,18,2,10,-5.985551573396108,8
1791,77,10,49,5,-6.002993751357136,5
1792,91,18,38,10,-6.003578716041364,8
1793,8,10,12,6,-6.006520627559245,4
1794,2,11,94,6,-6.010461250553627,5
1795,91,48,98,26,-6.010481139866049,22
1796,6,20,88,12,-6.015748480748671,8
1797,98,27,26,14,-6.028495429489335,13
1798,1,19,41,13,-6.031499987907278,6
1799,8,72,55,44,-6.055158512520881,28
1800,76,36,84,19,-6.060390706094976,17
1801,2,27,107,16,-6.062909258737931,11
1802,89,25,79,16,-6.066359313406782,9
1803,76,34,16,19,-6.088457653696345,15
1804,48,13,50,7,-6.091992406670462,6
1805,6,17,49,10,-6.097985660912413,7
1806,66,11,2,7,-6.205381429919992,4
1807,41,35,2,22,-6.231438093089561,13
1808,9,34,73,20,-6.26373423011622,14
1809,76,25,87,15,-6.268639154144934,10
1810,16,25,32,15,-6.270434527094817,10
1811,50,23,111,14,-6.2704577459608215,9
1812,44,15,111,9,-6.282001615200398,6
1813,54,16,90,9,-6.290244829620483,7
1814,34,22,84,14,-6.305423476465441,8
1815,111,30,2,18,-6.3285907665919945,12
1816,73,19,16,11,-6.3345809988624975,8
1817,6,26,29,15,-6.336301719273395,11
1818,73,18,86,11,-6.340120760849843,7
1819,111,35,107,21,-6.354913173556495,14
1820,28,10,31,6,-6.368565836830035,4
1821,88,21,103,13,-6.368772240906126,8
1822,37,22,30,14,-6.384018768768751,8
1823,18,10,85,7,-6.395980158606009,3
1824,54,37,28,22,-6.41158418063417,15
1825,74,36,79,23,-6.418996516558227,13
1826,62,10,90,6,-6.441503246890596,4
1827,88,16,20,10,-6.450213485704794,6
1828,9,31,50,19,-6.461782617972463,12
1829,41,41,111,23,-6.476121710491768,18
1830,48,11,23,6,-6.485113687277618,5
1831,84,10,104,6,-6.485610957245292,4
1832,86,35,9,20,-6.489629747107354,15
1833,8,35,32,20,-6.49474128076034,15
1834,28,34,103,20,-6.496510604338202,14
1835,62,13,17,8,-6.511092288379042,5
1836,88,26,74,17,-6.51515117164633,9
1837,70,14,103,7,-6.530155528635714,7
1838,57,18,23,10,-6.535348935160996,8
1839,84,18,14,13,-6.539625119207458,5
1840,16,14,30,9,-6.557206782808548,5
1841,79,22,17,13,-6.594638264229068,9
1842,18,21,16,13,-6.6099594156094685,8
1843,55,18,74,10,-6.615183527938437,8
1844,76,41,79,26,-6.641927270209361,15
1845,73,20,74,12,-6.65525639715505,8
1846,49,15,17,9,-6.655321673670171,6
1847,9,24,18,14,-6.6693794387353345,10
1848,9,66,16,42,-6.672754326390178,24
1849,9,23,32,14,-6.676114746540041,9
1850,2,14,15,8,-6.681223250458031,6
1851,16,60,8,37,-6.697923892534512,23
1852,57,16,88,9,-6.6984703888039245,7
1853,9,45,54,27,-6.702036953544882,18
1854,62,18,79,10,-6.70668334197217,8
1855,74,11,89,6,-6.714017548400379,5
1856,34,19,2,11,-6.72965807263423,8
1857,9,25,17,15,-6.735083403706081,10
1858,32,24,65,14,-6.740147619373073,10
1859,54,17,46,11,-6.756375555864044,6
1860,20,25,2,14,-6.800156386602421,11
1861,41,35,91,22,-6.801656465480554,13
1862,91,26,6,15,-6.823132237906983,11
1863,70,16,30,10,-6.824605553405188,6
1864,28,35,91,22,-6.835662781090061,13
1865,28,38,38,22,-6.868784197702509,16
1866,74,12,57,8,-6.917604242425745,4
1867,93,26,79,14,-6.927539566292115,12
1868,17,14,90,8,-6.930186835428706,6
1869,79,19,29,11,-6.95160824378619,8
1870,68,10,73,6,-6.953949871021737,4
1871,91,11,48,7,-6.984838790483244,4
1872,101,11,79,6,-6.990861425930868,5
1873,6,19,90,11,-7.003490622158197,8
1874,6,10,51,7,-7.003530037614209,3
1875,85,25,84,13,-7.011561663750301,12
1876,6,20,111,12,-7.018385668922464,8
1877,9,40,23,24,-7.0230661313434455,16
1878,79,20,34,11,-7.028247773396106,9
1879,79,19,59,11,-7.0352036880537785,8
1880,34,12,55,8,-7.041774709364915,4
1881,65,79,20,49,-7.086476721291006,30
1882,86,21,30,16,-7.0935474078618865,5
1883,86,28,74,17,-7.1305410605737976,11
1884,103,20,29,12,-7.147753101442866,8
1885,85,10,88,6,-7.153055622545776,4
1886,32,16,103,10,-7.165401001930764,6
1887,6,38,54,26,-7.169885763488394,12
1888,50,15,91,10,-7.173346443278113,5
1889,6,11,5,7,-7.175117705775805,4
1890,98,40,23,25,-7.180366591070178,15
1891,84,28,93,17,-7.199721204090467,11
1892,20,17,94,11,-7.2006491767087315,6
1893,34,13,111,7,-7.201437198359542,6
1894,41,17,76,10,-7.204077205660158,7
1895,75,15,79,10,-7.204105470147302,5
1896,29,19,54,13,-7.208882798727994,6
1897,6,29,55,20,-7.216182147698296,9
1898,49,13,30,8,-7.2285821938864965,5
1899,103,49,98,31,-7.248745608369259,18
1900,88,24,84,15,-7.256956915758408,9
1901,38,14,88,8,-7.257573306252318,6
1902,112,12,28,7,-7.260189333899199,5
1903,50,34,98,19,-7.261172888009824,15
1904,86,19,10,12,-7.266452513785874,7
1905,73,10,30,6,-7.275241295919059,4
1906,70,15,23,9,-7.277989111704881,6
1907,68,24,8,14,-7.280502110476539,10
1908,94,16,9,9,-7.284482029205985,7
1909,41,44,87,25,-7.307077046689722,19
1910,10,21,54,13,-7.316914939103644,8
1911,87,10,75,7,-7.33172030014438,3
1912,10,23,89,14,-7.332600528276464,9
1913,103,15,10,9,-7.34175922383016,6
1914,87,22,38,14,-7.344861542182534,8
1915,65,14,43,8,-7.347774243596503,6
1916,84,28,20,18,-7.362780437625795,10
1917,8,12,94,7,-7.380839863701188,5
1918,16,55,28,33,-7.39391038585395,22
1919,5,15,98,9,-7.403088174401654,6
1920,38,14,32,9,-7.40322551749003,5
1921,49,13,41,9,-7.40613906742907,4
1922,54,29,88,17,-7.418874182686381,12
1923,68,14,98,10,-7.427653338623117,4
1924,50,31,87,19,-7.429484842498567,12
1925,76,17,55,10,-7.436338470025706,7
1926,8,16,1,9,-7.473060523777067,7
1927,48,41,84,24,-7.473943913102841,17
1928,79,23,18,13,-7.489902589142588,10
1929,38,24,2,13,-7.498014725943604,11
1930,54,28,103,16,-7.519450232339541,12
1931,107,20,29,13,-7.525530619454991,7
1932,70,17,79,9,-7.5316286806742845,8
1933,79,44,87,26,-7.536002835414299,18
1934,112,21,6,12,-7.552230223314683,9
1935,84,58,16,35,-7.5547803687620165,23
1936,76,22,54,12,-7.5913296991413866,10
1937,86,26,111,15,-7.599516330003595,11
1938,74,20,10,13,-7.659112863437722,7
1939,18,47,8,29,-7.672994078954997,18
1940,10,12,104,7,-7.685162882867629,5
1941,65,69,111,40,-7.692935034996464,29
1942,76,39,88,23,-7.693645081601592,16
1943,59,11,23,7,-7.703199044299864,4
1944,85,14,111,9,-7.7293785704579765,5
1945,74,19,17,11,-7.746897696537682,8
1946,28,37,6,23,-7.752310827460261,14
1947,109,13,29,8,-7.764821554426809,5
1948,65,50,74,31,-7.770632429945084,19
1949,2,11,58,7,-7.801381373372687,4
1950,11,10,28,6,-7.813271079515405,4
1951,28,27,10,18,-7.815329969763904,9
1952,37,32,76,21,-7.820497576953575,11
1953,38,36,8,23,-7.848513446954382,13
1954,28,42,107,24,-7.868186812484488,18
1955,13,14,49,8,-7.890029815709078,6
1956,79,19,13,13,-7.906337893146557,6
1957,86,16,49,8,-7.927120710777818,8
1958,34,12,16,7,-7.93686592393514,5
1959,37,25,54,17,-7.943083932672221,8
1960,68,17,65,10,-7.944869327403057,7
1961,29,13,10,8,-7.9538773066866035,5
1962,18,26,98,16,-7.97184494616587,10
1963,37,12,109,7,-7.972273664149992,5
1964,86,14,32,8,-7.97358717546261,6
1965,2,47,16,29,-7.981559053660557,18
1966,8,40,23,25,-7.983032320771592,15
1967,41,51,28,29,-7.984931407212335,22
1968,34,16,41,9,-7.985588983079851,7
1969,46,12,29,8,-7.9900680110629,4
1970,41,15,90,9,-7.997737246515692,6
1971,86,11,1,7,-8.004187715591295,4
1972,86,39,37,23,-8.0080700796393,16
1973,74,11,13,7,-8.04867506694036,4
1974,13,12,6,7,-8.074590184679874,5
1975,86,19,38,13,-8.082390856875639,6
1976,9,14,19,8,-8.117304295019103,6
1977,88,34,16,23,-8.122245417151195,11
1978,28,13,12,9,-8.124512247092587,4
1979,85,11,107,5,-8.136688307054937,6
1980,43,23,8,14,-8.144232099403988,9
1981,106,18,79,10,-8.14725786066595,8
1982,20,16,16,9,-8.147746017528718,7
1983,9,28,109,17,-8.15969199672273,11
1984,88,22,37,14,-8.183683667321686,8
1985,20,34,55,20,-8.188491546924638,14
1986,98,29,49,17,-8.192506354783728,12
1987,86,32,87,20,-8.21679836473407,12
1988,94,13,28,8,-8.222371266039172,5
1989,16,10,26,6,-8.231874067384084,4
1990,17,14,111,8,-8.239799794462417,6
1991,17,12,87,7,-8.243209253291534,5
1992,9,33,20,22,-8.272596506781891,11
1993,58,12,65,6,-8.279172093518053,6
1994,87,19,70,12,-8.303039543335913,7
1995,59,17,9,11,-8.305936798720651,6
1996,28,12,75,7,-8.309970323928434,5
1997,109,33,8,20,-8.311226620633253,13
1998,50,26,107,17,-8.311520729916491,9
1999,103,45,41,31,-8.332714422601013,14
2000,35,10,8,6,-8.33580666741078,4
2001,9,36,91,22,-8.337030454552687,14
2002,107,12,13,8,-8.34538143971718,4
2003,41,14,48,9,-8.381561565116135,5
2004,28,32,76,20,-8.384756463693382,12
2005,65,14,1,9,-8.385347213000841,5
2006,93,23,23,13,-8.387201678617924,10
2007,23,19,90,12,-8.394839451243373,7
2008,89,11,90,7,-8.39679691457017,4
2009,76,19,107,12,-8.417024283490269,7
2010,87,17,43,11,-8.41719039009833,6
2011,10,21,73,14,-8.419335562342066,7
2012,20,52,41,34,-8.422070633311236,18
2013,28,38,93,23,-8.493138656897244,15
2014,109,10,89,6,-8.517312082575357,4
2015,84,14,89,10,-8.522483406182122,4
2016,103,24,26,14,-8.523036763842917,10
2017,62,18,41,11,-8.537234992782363,7
2018,10,17,93,11,-8.56386374848909,6
2019,18,24,87,16,-8.608698097476124,8
2020,103,12,13,7,-8.636840481158112,5
2021,109,18,34,11,-8.662734980033568,7
2022,88,24,9,15,-8.667620954907507,9
2023,20,15,34,10,-8.686931056567454,5
2024,54,30,93,21,-8.691717045102084,9
2025,37,23,23,15,-8.700238300329012,8
2026,34,23,8,15,-8.70757839693712,8
2027,65,44,63,27,-8.740276055139425,17
2028,91,25,103,13,-8.771979208636077,12
2029,50,13,10,8,-8.778099244971948,5
2030,91,26,2,15,-8.783750173530162,11
2031,9,24,29,14,-8.78680407934639,10
2032,85,11,10,6,-8.81027661814343,5
2033,86,64,16,41,-8.84074954383976,23
2034,13,12,103,7,-8.842888031531043,5
2035,111,33,16,19,-8.850438007878841,14
2036,79,26,32,17,-8.85913718793159,9
2037,94,17,98,11,-8.877059957058036,6
2038,76,49,8,31,-8.921707122679692,18
2039,62,13,104,9,-8.924566951625799,4
2040,91,34,74,21,-8.929879415193879,13
2041,110,20,107,12,-8.933567921834618,8
2042,54,19,30,12,-8.941378731198723,7
2043,109,11,86,6,-8.956500368087859,5
2044,65,40,2,27,-8.96445994810743,13
2045,84,17,17,11,-8.96660578083433,6
2046,107,17,43,11,-8.97149730664326,6
2047,8,27,17,17,-8.984203308848393,10
2048,20,10,46,5,-8.988887305938205,5
2049,76,35,74,23,-9.021109435296271,12
2050,65,57,16,35,-9.041777655106582,22
2051,109,13,106,8,-9.062668099795836,5
2052,46,10,20,7,-9.07799592694241,3
2053,32,12,26,7,-9.097694016198698,5
2054,57,11,2,6,-9.107338089684548,5
2055,30,14,23,8,-9.118564512919743,6
2056,65,58,98,37,-9.126651402593728,21
2057,48,30,79,18,-9.17936645475706,12
2058,85,22,16,14,-9.206163589977447,8
2059,9,31,107,18,-9.2148470049301,13
2060,6,18,30,13,-9.214935490589037,5
2061,49,15,74,9,-9.24696946196511,6
2062,50,14,43,9,-9.274747817248809,5
2063,23,17,50,10,-9.30009053265053,7
2064,32,29,111,17,-9.306159625162504,12
2065,55,15,23,9,-9.335240638495888,6
2066,29,22,74,13,-9.341715830488063,9
2067,87,11,104,8,-9.348380844680923,3
2068,8,16,46,10,-9.372412655150548,6
2069,73,17,50,10,-9.374278992438523,7
2070,8,14,59,9,-9.376826871718675,5
2071,70,22,16,15,-9.38991140179792,7
2072,76,20,91,13,-9.390956065597495,7
2073,55,10,70,6,-9.436952114481349,4
2074,44,17,65,10,-9.4437024578389,7
2075,41,13,37,8,-9.466346040258511,5
2076,109,24,20,17,-9.467777006169475,7
2077,19,11,103,7,-9.481054864710428,4
2078,58,11,6,7,-9.48949645741495,4
2079,28,16,43,11,-9.500596764145223,5
2080,76,23,15,15,-9.503739473265115,8
2081,88,14,32,10,-9.505084521049726,4
2082,8,45,26,27,-9.507536225083523,18
2083,76,17,10,11,-9.521367573317221,6
2084,17,13,91,8,-9.524679603281811,5
2085,65,21,60,13,-9.571951123571157,8
2086,89,22,23,14,-9.57687547449059,8
2087,68,18,20,11,-9.579258034610852,7
2088,107,28,79,19,-9.628503445575703,9
2089,62,26,98,16,-9.641858129313674,10
2090,54,23,55,16,-9.64818102580083,7
2091,38,32,29,21,-9.68129980112226,11
2092,54,42,111,27,-9.68998535179476,15
2093,71,11,84,7,-9.719967933053262,4
2094,63,12,37,7,-9.72036358497327,5
2095,2,17,70,12,-9.72121584945483,5
2096,103,36,111,23,-9.751404731703081,13
2097,74,25,93,17,-9.753923579888541,8
2098,103,42,8,29,-9.75520368768584,13
2099,51,16,87,10,-9.759393907782314,6
2100,10,14,30,10,-9.772395540440696,4
2101,64,10,28,6,-9.858359509289873,4
2102,63,18,84,11,-9.878227554424287,7
2103,75,10,103,6,-9.927646178593532,4
2104,18,14,55,9,-9.949790942140547,5
2105,55,17,10,10,-9.955177794264818,7
2106,38,24,111,15,-9.966212518632448,9
2107,70,10,29,7,-9.974371860410164,3
2108,6,26,87,17,-10.021273865079603,9
2109,30,11,88,6,-10.02483572373662,5
2110,46,17,111,11,-10.027977766283334,6
2111,9,13,63,8,-10.036609783490736,5
2112,76,18,70,11,-10.093236874604168,7
2113,74,29,103,20,-10.120878103689183,9
2114,50,15,30,9,-10.120991429675161,6
2115,20,13,86,8,-10.127179055472489,5
2116,84,14,109,9,-10.149942855967595,5
2117,65,23,110,15,-10.151511833678441,8
2118,18,17,74,11,-10.161044876408567,6
2119,38,10,60,6,-10.18694980154264,4
2120,96,12,65,7,-10.190345361441295,5
2121,6,16,26,11,-10.241752287967033,5
2122,109,14,91,9,-10.246844938152377,5
2123,73,16,2,10,-10.299221262346563,6
2124,75,11,2,7,-10.369833561069749,4
2125,20,12,18,7,-10.384022260291557,5
2126,1,20,98,14,-10.38637572035043,6
2127,17,10,29,7,-10.395985227153455,3
2128,88,15,73,10,-10.39694546347287,5
2129,49,17,20,11,-10.413212284497668,6
2130,85,17,28,11,-10.422040777311393,6
2131,79,37,26,23,-10.48182801922156,14
2132,87,19,30,13,-10.485133251328316,6
2133,32,12,6,8,-10.571898387448906,4
2134,65,15,70,10,-10.573807897523746,5
2135,109,14,103,10,-10.579033749442829,4
2136,9,63,28,40,-10.597279931325804,23
2137,101,10,65,6,-10.616476001261294,4
2138,58,13,38,9,-10.642287291889895,4
2139,109,18,74,11,-10.643610558105998,7
2140,16,16,75,11,-10.668295124883432,5
2141,109,16,107,10,-10.668493285549749,6
2142,6,26,16,16,-10.690827392878644,10
2143,103,50,65,34,-10.698432421307977,16
2144,85,10,91,5,-10.70245375594107,5
2145,41,26,55,16,-10.703172393729929,10
2146,44,33,6,21,-10.727467153198667,12
2147,66,13,8,9,-10.73746092576916,4
2148,30,20,55,12,-10.741156330527383,8
2149,37,10,50,6,-10.742277179240878,4
2150,86,10,63,7,-10.764144399471371,3
2151,18,14,23,10,-10.76931964993769,4
2152,23,16,17,11,-10.781653305644493,5
2153,103,25,30,17,-10.7828746133779,8
2154,68,11,50,8,-10.798306988405816,3
2155,62,11,30,7,-10.859839313714286,4
2156,8,10,11,7,-10.874801270533913,3
2157,65,30,26,19,-10.898269254189747,11
2158,112,10,79,7,-10.915254803865453,3
2159,20,38,26,25,-10.946036152479264,13
2160,2,11,13,8,-10.953261699605447,3
2161,43,10,30,7,-10.958461383133034,3
2162,6,14,38,10,-11.00539879038108,4
2163,65,21,49,13,-11.006379350932113,8
2164,9,21,30,15,-11.009407613122827,6
2165,50,20,65,13,-11.026543162219182,7
2166,110,12,98,8,-11.026999619900325,4
2167,6,25,74,17,-11.078169532223486,8
2168,46,13,26,8,-11.17021351687407,5
2169,28,10,15,7,-11.17654596174133,3
2170,1,14,93,10,-11.222746146114872,4
2171,50,18,32,11,-11.22509689213064,7
2172,29,21,30,13,-11.231145218657776,8
2173,48,19,74,12,-11.291194819179545,7
2174,16,10,15,7,-11.341181120584986,3
2175,103,22,2,16,-11.358008021341286,6
2176,9,18,46,11,-11.371108835096305,7
2177,97,10,9,6,-11.373867326772805,4
2178,10,27,84,18,-11.412845799216361,9
2179,9,18,34,12,-11.424677985788941,6
2180,62,13,76,7,-11.431107076079652,6
2181,79,14,63,9,-11.440813334618326,5
2182,41,20,17,15,-11.462467383182346,5
2183,104,12,54,8,-11.494854806347556,4
2184,79,33,20,23,-11.52637500903139,10
2185,109,22,38,15,-11.56196931683469,7
2186,91,15,55,11,-11.567443094683275,4
2187,13,18,16,12,-11.568229122492733,6
2188,18,16,65,11,-11.593628436717697,5
2189,88,36,98,26,-11.597244203642864,10
2190,18,11,91,7,-11.60000478191822,4
2191,15,17,98,11,-11.628891195956703,6
2192,70,14,107,9,-11.658453467748311,5
2193,93,13,73,9,-11.669892631961593,4
2194,41,47,98,30,-11.70587517043209,17
2195,20,41,107,26,-11.716667295780281,15
2196,62,13,70,8,-11.719880801732707,5
2197,26,15,23,10,-11.729655071897731,5
2198,79,10,15,7,-11.756403792330076,3
2199,107,14,1,9,-11.758251767033556,5
2200,88,15,46,11,-11.797390382153155,4
2201,103,29,93,19,-11.801085216233046,10
2202,76,31,98,20,-11.80713817965619,11
2203,9,11,58,8,-11.822266619156148,3
2204,41,37,54,25,-11.82264476558168,12
2205,62,15,23,11,-11.828374088275885,4
2206,76,18,46,13,-11.839725822660837,5
2207,41,19,93,14,-11.861707726224669,5
2208,109,14,43,9,-11.86646010992543,5
2209,87,44,26,29,-11.8713861461171,15
2210,111,17,48,12,-11.902706300174234,5
2211,17,13,18,8,-11.905263091036248,5
2212,98,16,104,10,-11.933644997320592,6
2213,98,24,32,16,-11.959293567844908,8
2214,11,15,98,10,-11.975065250902475,5
2215,6,18,18,12,-12.078104024118803,6
2216,103,11,58,8,-12.093407699535733,3
2217,62,10,49,6,-12.115401300524669,4
2218,9,21,49,15,-12.121824388775858,6
2219,87,31,93,21,-12.128116221108835,10
2220,109,11,10,7,-12.166039484484616,4
2221,17,23,28,16,-12.18853165380181,7
2222,48,15,51,11,-12.237016972870073,4
2223,62,17,84,11,-12.2561085252652,6
2224,41,24,32,15,-12.295470101415006,9
2225,50,17,93,11,-12.303370496346973,6
2226,89,20,28,13,-12.339450745494947,7
2227,26,12,93,8,-12.342400061412192,4
2228,5,11,37,8,-12.40514876959749,3
2229,23,18,20,13,-12.419097927334018,5
2230,62,22,93,15,-12.439036445917946,7
2231,84,14,15,10,-12.488568021465506,4
2232,54,17,63,11,-12.490244827941916,6
2233,84,16,18,11,-12.537157233284482,5
2234,70,11,90,8,-12.581946187652854,3
2235,98,41,55,29,-12.606268888418896,12
2236,103,33,20,24,-12.666531668869958,9
2237,9,36,93,25,-12.691991803202402,11
2238,90,11,73,8,-12.699639901607064,3
2239,89,13,8,9,-12.710180677943102,4
2240,111,21,73,14,-12.761253099258205,7
2241,34,16,76,11,-12.786935837518197,5
2242,5,13,87,9,-12.788098556943213,4
2243,10,10,57,7,-12.834446961452096,3
2244,86,31,2,22,-12.839620514410688,9
2245,14,11,87,8,-12.902634224263672,3
2246,8,11,3,8,-12.917286316124734,3
2247,34,13,37,9,-12.94192710541144,4
2248,50,10,112,7,-13.007963386743393,3
2249,43,18,55,12,-13.012921035450159,6
2250,87,44,55,31,-13.094785606776856,13
2251,103,11,43,7,-13.185714828889324,4
2252,109,25,54,17,-13.226950364849456,8
2253,107,17,32,13,-13.233625998220854,4
2254,89,10,58,7,-13.242354787086828,3
2255,109,24,26,17,-13.28104412568642,7
2256,73,12,89,8,-13.292782754035763,4
2257,74,12,70,9,-13.332522800110302,3
2258,109,22,32,15,-13.338298268264793,7
2259,91,10,112,7,-13.348872894391056,3
2260,102,15,65,10,-13.376564163015649,5
2261,93,10,90,6,-13.383501710064953,4
2262,55,16,86,10,-13.429599224429374,6
2263,37,14,57,10,-13.445596594451896,4
2264,38,23,74,15,-13.507243955925757,8
2265,75,10,93,6,-13.518069263380198,4
2266,51,15,54,10,-13.54181691471162,5
2267,37,20,111,13,-13.57504840749372,7
2268,43,17,26,13,-13.599337683555719,4
2269,62,20,55,13,-13.641198132357038,7
2270,37,18,93,13,-13.681158517076781,5
2271,57,21,8,14,-13.698942718189372,7
2272,73,16,38,10,-13.771113964229546,6
2273,8,12,77,9,-13.77292858304554,3
2274,43,14,93,10,-13.775006273083648,4
2275,50,11,26,8,-13.838338669086026,3
2276,2,22,55,15,-13.871872112800908,7
2277,38,25,55,17,-13.895599618213826,8
2278,109,12,70,9,-13.90225333563024,3
2279,79,14,46,9,-13.926744437290198,5
2280,9,20,57,15,-13.952239963411909,5
2281,8,16,110,12,-14.095812927776766,4
2282,71,11,98,8,-14.175605929164412,3
2283,38,12,48,9,-14.205802555452118,3
2284,37,15,85,12,-14.24206758838983,3
2285,109,12,50,8,-14.261856398454315,4
2286,8,10,60,7,-14.262033464961124,3
2287,44,10,84,7,-14.273373064789189,3
2288,91,11,46,8,-14.304066831342245,3
2289,17,12,86,9,-14.311620358508236,3
2290,66,10,28,6,-14.329185091749263,4
2291,17,10,93,7,-14.339747933079,3
2292,62,25,107,17,-14.352538477201138,8
2293,23,23,10,15,-14.368201832765772,8
2294,70,10,93,7,-14.39063937475962,3
2295,20,26,29,18,-14.478890408494557,8
2296,50,11,110,8,-14.53197897415603,3
2297,41,29,107,19,-14.562926810474382,10
2298,20,19,62,14,-14.58480992394943,5
2299,59,14,65,9,-14.654063925888897,5
2300,28,18,104,14,-14.692440414810822,4
2301,38,25,93,17,-14.706979782976548,8
2302,41,13,13,9,-14.878152444409174,4
2303,65,13,34,9,-14.952887978937532,4
2304,65,10,14,8,-15.014185877069247,2
2305,91,14,93,10,-15.15871388627099,4
2306,107,33,26,26,-15.181646063962573,7
2307,88,17,90,12,-15.203720699131468,5
2308,18,11,90,8,-15.206260273523736,3
2309,28,26,26,19,-15.21129576490937,7
2310,49,16,88,12,-15.265745768601853,4
2311,6,31,2,22,-15.303923962237267,9
2312,75,13,88,10,-15.314225033375866,3
2313,88,12,70,9,-15.445871190573252,3
2314,76,20,2,14,-15.537111030617941,6
2315,59,10,16,6,-15.561569445873218,4
2316,73,12,29,9,-15.669782329836794,3
2317,38,15,17,11,-15.678044683298909,4
2318,76,11,63,9,-15.722552601658151,2
2319,62,30,111,22,-15.726936324972732,8
2320,1,10,9,7,-15.741033236862672,3
2321,30,14,93,10,-15.791222727391174,4
2322,66,14,6,11,-15.817538028688281,3
2323,6,25,107,18,-15.86852463621124,7
2324,109,16,55,12,-15.902114621962275,4
2325,109,15,73,11,-16.045215872132836,4
2326,91,12,90,8,-16.09870244517901,4
2327,73,14,13,10,-16.136190462677256,4
2328,103,11,59,8,-16.26665644300863,3
2329,103,13,62,9,-16.299156500586875,4
2330,76,10,90,6,-16.366179419754246,4
2331,85,13,30,10,-16.384026425638844,3
2332,48,11,93,9,-16.455609477518344,2
2333,13,13,84,9,-16.46386860483062,4
2334,69,13,26,10,-16.62596512327185,3
2335,41,10,69,7,-16.634275461416586,3
2336,86,15,64,11,-16.69231676855436,4
2337,76,13,57,10,-16.719909290440036,3
2338,48,10,20,8,-16.747092552182814,2
2339,109,31,41,26,-16.84086997358482,5
2340,15,12,38,9,-16.8804957204812,3
2341,54,13,26,8,-16.939787162296547,5
2342,37,12,17,8,-17.032407993640543,4
2343,65,22,30,17,-17.16851241113137,5
2344,40,12,84,8,-17.332670427846264,4
2345,13,12,88,8,-17.46642955261517,4
2346,74,15,34,11,-17.590780828086352,4
2347,110,10,41,9,-17.60725146483,1
2348,28,16,57,13,-17.622492175797955,3
2349,70,13,63,10,-17.95951063791253,3
2350,10,15,38,12,-18.015221595889397,3
2351,109,26,28,19,-18.037037713141515,7
2352,7,12,79,9,-18.096381711285996,3
2353,98,11,51,8,-18.116158962815206,3
2354,87,11,58,9,-18.229025747195358,2
2355,20,12,106,8,-18.3115400770612,4
2356,37,10,18,8,-18.374799448579118,2
2357,1,18,10,14,-18.37916925532281,4
2358,84,19,70,14,-18.45970702020701,5
2359,6,15,109,11,-18.56848342127744,4
2360,86,15,70,11,-18.585222369284804,4
2361,38,24,26,18,-18.614524044017745,6
2362,2,13,18,10,-18.66694455968119,3
2363,88,11,26,8,-18.78599149196052,3
2364,109,16,111,12,-18.82454889767414,4
2365,85,10,87,8,-19.06738234368307,2
2366,50,13,62,10,-19.202113459727396,3
2367,29,12,110,10,-19.248543702222975,2
2368,71,11,62,10,-19.256947117568178,1
2369,38,14,43,10,-19.328461951187712,4
2370,71,16,8,12,-19.462058925791528,4
2371,75,12,55,10,-19.502608543209227,2
2372,9,10,5,8,-19.535484203654345,2
2373,23,14,73,11,-19.63848596555713,3
2374,10,12,41,10,-19.73715787827288,2
2375,103,10,34,9,-19.87880862427677,1
2376,109,12,110,10,-20.16933250309852,2
2377,10,10,17,8,-20.222695302818998,2
2378,46,16,87,12,-20.367401158879723,4
2379,9,10,64,8,-20.43457650048481,2
2380,28,12,63,10,-20.823166880790417,2
2381,110,14,74,11,-20.87504771154673,3
2382,109,29,87,23,-21.226363241987656,6
2383,16,13,49,10,-21.289813895584388,3
2384,87,10,106,9,-21.564542850873874,1
2385,70,24,111,19,-21.761941281988644,5
2386,44,11,17,9,-22.07291294624117,2
2387,10,17,20,14,-22.076263289071715,3
2388,94,10,84,9,-22.762013140609874,1
2389,10,10,26,8,-22.77202326046866,2
2390,41,12,57,10,-23.379405756490282,2
2391,86,15,103,13,-23.96793650375476,2
2392,112,11,74,9,-24.423385588541223,2
2393,91,12,34,10,-26.418580170999167,2
2394,49,11,26,8,-26.831812890773925,3
2395,43,10,91,10,-27.34458455824453,0
2396,73,10,107,9,-28.662979189254315,1
2397,65,10,64,9,-31.45578016441545,1
