,againstHero,games,hero,losses,shift,wins
0,64,10,112,0,31.38810854729242,10
1,41,13,4,3,29.213796795605578,10
2,90,11,23,1,28.300961743533684,10
3,61,11,7,2,25.644426465226903,9
4,75,15,77,2,25.509874365270075,13
5,48,10,35,1,25.155197930838906,9
6,43,11,4,3,24.288122163599866,8
7,73,12,97,3,24.10757303293757,9
8,86,13,58,2,23.86439409876387,11
9,43,10,91,1,23.829829898779074,9
10,27,10,69,2,23.704204091949634,8
11,44,10,55,2,23.361076236430034,8
12,2,14,51,3,23.236324904468606,11
13,27,21,9,4,23.07230652184508,17
14,10,10,28,1,23.03135332069283,9
15,14,13,55,1,22.739856337181138,12
16,98,12,4,1,22.732139838727818,11
17,30,15,36,1,22.591849436299622,14
18,4,12,54,1,22.374669781363053,11
19,34,11,51,2,22.213174768846972,9
20,91,10,97,2,22.126099468550684,8
21,100,23,65,3,21.5226840641099,20
22,25,13,4,2,21.42004260246313,11
23,104,16,91,1,21.319718278752113,15
24,90,17,51,2,21.316832661511135,15
25,15,11,9,3,21.26853343676879,8
26,23,12,17,2,21.1550110115583,10
27,55,17,33,3,21.027735426652754,14
28,55,11,38,2,20.87506721402826,9
29,15,20,39,3,20.57238362183036,17
30,53,18,69,4,20.406032844482603,14
31,75,13,3,2,20.269434346658137,11
32,58,10,68,2,20.219065191384033,8
33,111,11,75,3,20.02641187481709,8
34,95,12,32,2,19.760326388824463,10
35,90,10,68,2,19.75244962865367,8
36,30,12,69,3,19.744077527158034,9
37,57,11,39,2,19.63657815196269,9
38,51,17,81,5,19.5937729806129,12
39,99,14,18,3,19.290873438644514,11
40,71,16,54,4,19.160217410882943,12
41,75,15,69,3,19.101947425469465,12
42,53,23,9,5,18.947786738261776,18
43,2,10,11,2,18.923084797888755,8
44,90,26,28,5,18.776580206085537,21
45,99,17,28,4,18.754584808369174,13
46,16,15,77,3,18.527051782521912,12
47,65,14,33,3,18.51276218041885,11
48,5,10,18,2,18.464269170029823,8
49,30,14,77,3,18.43097958565835,11
50,62,10,31,3,18.377852941958043,7
51,30,15,31,5,18.11699342281865,10
52,51,11,112,3,17.986869866556564,8
53,69,11,57,2,17.903713317642495,9
54,87,14,81,5,17.895986818118363,9
55,111,11,114,3,17.846918134233796,8
56,32,16,88,4,17.737687410276937,12
57,86,13,52,3,17.69622819904226,10
58,41,14,71,3,17.67731084823486,11
59,86,11,103,3,17.58257489935951,8
60,16,10,67,2,17.493350405648194,8
61,13,17,83,4,17.49250492705119,13
62,23,14,18,4,17.468338798211544,10
63,45,10,43,3,17.339723268429022,7
64,34,11,87,3,17.338115350277818,8
65,35,10,106,3,17.319051156851785,7
66,100,13,68,4,17.287141142351707,9
67,60,10,112,2,17.246673170125877,8
68,63,12,35,3,17.190706154289504,9
69,27,22,5,6,17.18696709990766,16
70,55,13,43,2,17.10258262325887,11
71,51,13,10,3,17.10096027286803,10
72,114,25,109,5,17.093936819354333,20
73,77,16,50,3,16.97319460562341,13
74,38,10,31,4,16.97274158238424,6
75,104,13,38,4,16.932665821816894,9
76,38,14,97,3,16.838290194315167,11
77,95,14,30,4,16.836817117204568,10
78,30,17,5,3,16.83586234693501,14
79,50,13,68,4,16.739560938672486,9
80,71,11,38,2,16.65478409438396,9
81,44,12,53,4,16.52274067415439,8
82,11,25,25,5,16.429746187224733,20
83,92,11,63,4,16.367705927405936,7
84,48,13,5,3,16.33074699984749,10
85,44,11,39,3,16.32589693565987,8
86,75,12,80,3,16.212817456366967,9
87,1,11,104,3,16.17092612327934,8
88,28,15,112,4,16.11349662694645,11
89,106,12,31,4,16.096428228240462,8
90,37,13,77,4,16.05875315967213,9
91,63,12,3,2,16.056310619788537,10
92,95,22,11,5,16.006249051562754,17
93,98,16,31,5,16.004000710168853,11
94,80,17,50,3,15.873366771105445,14
95,99,18,39,4,15.84878961626863,14
96,30,11,41,4,15.823150971823392,7
97,48,10,70,3,15.796496446665468,7
98,8,16,77,4,15.792942369486319,12
99,75,10,12,3,15.792936269133122,7
100,7,14,19,3,15.791436877857704,11
101,48,10,25,3,15.782340463377466,7
102,14,12,63,4,15.759973477645744,8
103,75,10,35,2,15.755761764469415,8
104,93,16,96,4,15.733194627661211,12
105,80,12,35,3,15.72406211872363,9
106,8,13,1,3,15.702434313684373,10
107,95,19,68,3,15.650860272181013,16
108,90,13,97,4,15.621888085765939,9
109,41,17,5,6,15.588220959820697,11
110,7,26,77,7,15.579334977261833,19
111,104,12,31,4,15.561592201078605,8
112,25,11,14,2,15.536643242754739,9
113,104,18,2,6,15.503443707499333,12
114,48,25,54,7,15.479134701809116,18
115,30,20,13,6,15.477451977147966,14
116,49,14,25,4,15.43786379260084,10
117,41,16,53,4,15.403624417612441,12
118,54,10,81,3,15.38076667844131,7
119,26,14,86,3,15.350824993299158,11
120,33,12,106,3,15.302059976130478,9
121,67,11,97,2,15.281658756670776,9
122,91,11,65,3,15.248119768267996,8
123,61,15,68,4,15.24709195978541,11
124,40,28,77,7,15.182352431696957,21
125,73,24,107,8,15.162555439058815,16
126,4,10,38,2,15.118262940497619,8
127,95,13,71,5,15.09836943445881,8
128,48,12,9,3,15.097519161061681,9
129,91,12,96,3,15.083901067533665,9
130,15,18,18,4,15.068550409028957,14
131,16,12,3,3,15.059978640439974,9
132,78,15,51,5,15.057241448728288,10
133,69,14,31,5,15.039257334356927,9
134,76,10,91,2,15.030413557864279,8
135,25,18,99,5,15.014737107768298,13
136,98,11,75,3,14.962268997775858,8
137,114,36,106,10,14.935806388204485,26
138,76,13,60,2,14.892670155328526,11
139,30,17,91,4,14.854653528597783,13
140,80,12,70,2,14.809802177737984,10
141,57,10,36,2,14.790130328982974,8
142,32,14,106,3,14.741977351969275,11
143,43,10,9,3,14.717140734665415,7
144,56,12,107,4,14.703414597955643,8
145,15,11,55,2,14.630800697849656,9
146,49,11,69,4,14.630040162483823,7
147,100,12,60,3,14.59168399850781,9
148,50,12,99,4,14.581629542155014,8
149,27,23,60,5,14.572184837803869,18
150,27,10,35,3,14.547141678753416,7
151,16,14,32,4,14.542782322425316,10
152,73,12,37,4,14.533349572792922,8
153,13,12,2,4,14.516038794033767,8
154,41,20,9,6,14.476494677187722,14
155,34,12,25,3,14.468789684868277,9
156,73,10,2,3,14.457830254043136,7
157,100,20,54,6,14.454126910452931,14
158,63,17,36,5,14.449729540714554,12
159,89,10,74,3,14.4466828072844,7
160,5,10,3,4,14.426532962397735,6
161,16,41,31,12,14.390998277399369,29
162,62,16,63,5,14.373306402935604,11
163,40,10,83,2,14.347262135245902,8
164,46,11,102,3,14.30749471315205,8
165,34,12,37,3,14.30057126443514,9
166,30,11,11,3,14.29951613613078,8
167,74,21,60,7,14.268042080973931,14
168,14,10,97,2,14.259112129654318,8
169,63,11,66,3,14.209916362631539,8
170,23,18,5,5,14.02759674176979,13
171,87,10,52,3,14.021739835927079,7
172,57,14,63,5,14.005769262322856,9
173,13,63,31,19,13.978387759391742,44
174,41,11,28,3,13.972619383089011,8
175,16,16,47,5,13.953919967066756,11
176,23,11,83,3,13.9232349355535,8
177,1,13,54,4,13.897798468139287,9
178,11,13,83,3,13.863860744018647,10
179,76,22,35,7,13.840556791437656,15
180,53,16,50,5,13.759740941024015,11
181,80,13,39,4,13.744061353836228,9
182,13,60,88,17,13.74151132476836,43
183,92,13,86,4,13.731244514391912,9
184,95,19,17,5,13.721873290450482,14
185,114,17,83,5,13.681120041397614,12
186,93,12,46,3,13.65474091099076,9
187,78,11,63,4,13.648263861078725,7
188,47,21,60,6,13.609929815632047,15
189,81,15,94,6,13.59005711274676,9
190,44,11,5,3,13.587521896557622,8
191,107,17,99,5,13.582126995646107,12
192,74,11,103,3,13.53565105452587,8
193,98,11,46,4,13.482621473195683,7
194,34,13,8,4,13.463977802181443,9
195,93,10,90,3,13.452391800759148,7
196,102,17,55,5,13.448934349992445,12
197,55,10,85,3,13.429604925610438,7
198,40,21,71,6,13.428256103960052,15
199,25,12,32,5,13.427877456338663,7
200,28,13,68,3,13.417244490921588,10
201,30,14,18,4,13.395176006688526,10
202,18,11,37,3,13.371391730474068,8
203,55,11,32,4,13.36363963009391,7
204,34,11,20,3,13.36206244645375,8
205,27,17,109,6,13.35441941772247,11
206,16,18,83,5,13.351235477213141,13
207,100,16,39,5,13.327436341351765,11
208,49,12,77,3,13.281163183221421,9
209,7,12,99,4,13.274517260788409,8
210,9,15,104,5,13.265958080839571,10
211,80,15,88,5,13.263947598977518,10
212,11,39,96,12,13.25258237771624,27
213,95,36,88,11,13.24512473637818,25
214,8,16,41,4,13.244566662838952,12
215,108,13,60,4,13.225499906177388,9
216,50,16,46,6,13.220197801431311,10
217,62,18,68,6,13.204996877799646,12
218,34,11,30,3,13.149679586972224,8
219,95,28,37,7,13.149042342745604,21
220,53,15,77,5,13.125923769197524,10
221,62,14,39,5,13.12182454321618,9
222,16,18,94,5,13.11498650467449,13
223,80,10,14,4,13.097202558791373,6
224,104,38,46,12,13.083570903140268,26
225,91,27,60,9,13.066055089202223,18
226,65,16,58,5,13.06068289958157,11
227,27,26,36,9,13.042063327238692,17
228,104,13,44,4,13.041336406816619,9
229,89,14,107,4,12.997634313671218,10
230,76,16,39,4,12.981613300224623,12
231,41,13,92,4,12.929503950347241,9
232,74,17,62,5,12.918007478610392,12
233,78,10,96,3,12.899686199305037,7
234,69,12,68,4,12.886567740350372,8
235,81,12,63,4,12.812847865042881,8
236,107,14,66,4,12.770828498475352,10
237,64,16,106,5,12.767363739008943,11
238,106,11,108,3,12.74110274694642,8
239,65,14,73,4,12.739488636982378,10
240,76,10,49,3,12.730664919589284,7
241,28,10,52,3,12.725624774771763,7
242,8,16,36,5,12.721597845881664,11
243,16,22,1,5,12.715599823721535,17
244,111,16,88,4,12.710530076381987,12
245,57,25,107,8,12.686495355302794,17
246,77,19,51,6,12.647622107219116,13
247,13,22,97,7,12.647539312160676,15
248,1,16,63,6,12.619618788583583,10
249,43,16,31,8,12.608617869250047,8
250,80,32,63,9,12.59609357196839,23
251,57,27,5,8,12.572003913811171,19
252,102,30,5,10,12.54926139668405,20
253,75,27,5,10,12.535083552437033,17
254,15,10,50,3,12.479053092203714,7
255,53,37,88,11,12.477936650567816,26
256,104,10,79,4,12.467627013550153,6
257,17,16,60,5,12.448164416078779,11
258,47,17,114,6,12.44420114374277,11
259,69,10,18,3,12.403882061597322,7
260,27,28,65,9,12.400625248481507,19
261,9,13,47,4,12.38224273123465,9
262,34,17,28,5,12.371680551795565,12
263,40,20,17,6,12.359425880450816,14
264,19,10,13,3,12.341005194030599,7
265,2,15,54,4,12.306524573726035,11
266,64,19,9,5,12.303481516082549,14
267,63,23,31,7,12.298004488291765,16
268,107,23,35,6,12.292793992800663,17
269,88,15,29,5,12.272011459810141,10
270,7,21,96,5,12.232664156332712,16
271,11,21,70,6,12.22505126846703,15
272,35,12,45,5,12.21710035204084,7
273,114,10,81,4,12.183748479704214,6
274,2,22,70,8,12.153236389251056,14
275,111,20,41,7,12.134252521617201,13
276,98,27,96,9,12.125771968912133,18
277,100,16,88,5,12.053435860435952,11
278,4,11,45,4,12.01733797592958,7
279,49,10,27,3,12.01055997009829,7
280,40,13,102,5,12.00579215350251,8
281,9,27,31,8,12.002734861738091,19
282,41,12,12,4,11.996881217759752,8
283,5,24,98,8,11.989855689002855,16
284,58,13,69,5,11.98678339614412,8
285,109,13,39,3,11.979369234454992,10
286,12,12,106,3,11.963427758944384,9
287,49,19,104,6,11.962718506463766,13
288,95,27,18,9,11.951490678023532,18
289,46,23,106,9,11.922619928802634,14
290,86,14,56,4,11.910388622199696,10
291,93,13,11,3,11.901577910299338,10
292,90,18,104,6,11.89837391797068,12
293,70,10,60,3,11.874865166831798,7
294,53,13,61,4,11.872474458651649,9
295,47,11,86,3,11.85175827716386,8
296,33,10,31,4,11.850735149227052,6
297,98,23,87,7,11.823138658909354,16
298,107,12,10,4,11.793904653306294,8
299,8,21,40,6,11.791921402372775,15
300,63,40,88,11,11.771841835698558,29
301,1,20,31,8,11.742986631682967,12
302,38,10,18,4,11.73972363253915,6
303,49,16,60,5,11.728277714206637,11
304,53,12,46,4,11.691208139075002,8
305,30,19,64,6,11.6897992194803,13
306,76,10,108,3,11.689376602430274,7
307,16,39,18,12,11.672793985441842,27
308,104,19,27,5,11.58292642048061,14
309,64,13,92,6,11.570782768134926,7
310,33,15,50,5,11.568332857311571,10
311,114,12,2,4,11.567668937733664,8
312,45,17,51,5,11.554061190587255,12
313,75,17,81,5,11.54496635795932,12
314,74,15,76,6,11.544600382799558,9
315,86,12,94,4,11.54407414297375,8
316,74,31,28,10,11.526159046117094,21
317,2,19,65,5,11.516889521254612,14
318,37,44,54,14,11.514339123049963,30
319,6,10,55,2,11.480199964282336,8
320,53,14,12,5,11.449984329373839,9
321,98,10,88,3,11.438021992981463,7
322,67,15,106,5,11.416394671072158,10
323,57,23,16,8,11.38639029821982,15
324,37,14,27,4,11.378309035824227,10
325,69,15,28,6,11.351855367268074,9
326,30,24,39,8,11.345840707396123,16
327,15,16,86,5,11.345257527400202,11
328,48,23,96,7,11.32304165734682,16
329,55,35,1,11,11.318872050309835,24
330,30,21,54,6,11.315979513400258,15
331,41,14,49,5,11.30726179664342,9
332,80,10,79,4,11.30670069299901,6
333,80,10,5,3,11.295210617596885,7
334,16,38,91,11,11.273281125854663,27
335,98,23,63,8,11.268443265371468,15
336,90,12,48,4,11.252381363492233,8
337,87,29,70,11,11.250414739740135,18
338,40,13,81,4,11.249205674756393,9
339,53,34,36,10,11.245890675311559,24
340,60,38,4,15,11.223875324295506,23
341,98,18,106,6,11.217270403208776,12
342,79,13,87,3,11.211504341364096,10
343,89,11,1,4,11.209011069389932,7
344,6,12,61,4,11.200388242698187,8
345,16,25,9,8,11.197915963174951,17
346,91,10,109,3,11.192740070217315,7
347,30,15,46,5,11.187097177578687,10
348,18,11,1,3,11.165626164288787,8
349,43,13,53,4,11.142269636564135,9
350,74,13,32,4,11.101664191982366,9
351,76,11,36,2,11.09862925336368,9
352,86,22,81,6,11.096980834900567,16
353,20,14,98,4,11.083964695514595,10
354,110,18,25,5,11.063714709672922,13
355,57,13,13,5,11.057300467931773,8
356,99,11,11,4,11.04788337752713,7
357,32,12,114,4,11.045874107216177,8
358,46,19,96,8,11.04431019266856,11
359,78,10,106,3,11.040564461209588,7
360,87,24,9,9,11.039289640554268,15
361,3,19,39,6,10.995945627351913,13
362,100,26,51,11,10.993077052386393,15
363,107,23,31,10,10.99154925209741,13
364,50,37,88,13,10.986958086725295,24
365,114,11,62,4,10.951643875994158,7
366,39,22,106,8,10.93383259877077,14
367,95,27,51,8,10.913699301393024,19
368,55,17,68,5,10.910749157644128,12
369,73,17,5,6,10.907383059794872,11
370,100,11,46,4,10.904685887838546,7
371,46,12,64,4,10.89942739550842,8
372,71,16,77,5,10.872072685026803,11
373,27,11,114,4,10.864500780146425,7
374,13,15,94,5,10.844065562173386,10
375,63,42,28,13,10.834702955484339,29
376,111,12,51,4,10.832494142927859,8
377,48,25,107,9,10.827629447931269,16
378,111,14,63,5,10.807637905788148,9
379,60,26,50,10,10.797992871029315,16
380,104,27,77,9,10.795670361212093,18
381,55,25,91,7,10.791612827626562,18
382,36,14,35,4,10.78250796990051,10
383,59,11,7,3,10.771239818059199,8
384,16,20,76,9,10.743012747059643,11
385,55,16,23,7,10.735784140394152,9
386,37,15,60,6,10.721994289598655,9
387,54,11,111,3,10.714143810197228,8
388,43,13,36,5,10.713552025008548,8
389,100,16,63,6,10.70808218920978,10
390,75,12,93,4,10.68974449521869,8
391,50,32,20,11,10.68090573343548,21
392,114,16,96,5,10.657197876480033,11
393,2,22,106,8,10.65269372009429,14
394,17,13,71,5,10.648075222312638,8
395,54,27,40,10,10.646881249270093,17
396,63,12,33,4,10.633619397558364,8
397,51,24,74,7,10.633450080638768,17
398,75,15,38,4,10.597530026810052,11
399,16,45,96,13,10.56639260365633,32
400,70,12,71,5,10.549413990341264,7
401,7,15,76,6,10.536622663044149,9
402,7,10,66,4,10.534532214717435,6
403,71,19,97,6,10.5235339621969,13
404,28,29,114,11,10.522587404115153,18
405,69,25,86,8,10.514237395372474,17
406,75,13,102,4,10.50135368794083,9
407,71,14,5,5,10.499789144404389,9
408,114,34,13,14,10.474339995927227,20
409,23,12,77,4,10.472073733658851,8
410,13,16,3,4,10.4693650353193,12
411,87,12,33,4,10.466998002217025,8
412,78,12,80,4,10.465717228459772,8
413,16,65,39,23,10.460355812394317,42
414,6,10,31,4,10.459894630543896,6
415,95,14,9,6,10.448151730885066,8
416,110,11,7,5,10.422576579231729,6
417,41,12,17,4,10.40461721225408,8
418,87,23,114,9,10.397777828168936,14
419,73,15,87,4,10.390770444852311,11
420,41,10,3,2,10.384048456655098,8
421,106,16,93,6,10.37915501513517,10
422,104,10,35,4,10.373208624658858,6
423,15,15,107,4,10.369091520007307,11
424,104,13,81,6,10.361322759461329,7
425,86,24,79,8,10.35909536994434,16
426,83,13,84,5,10.357457702755646,8
427,30,33,107,11,10.356501152267775,22
428,16,24,69,9,10.35499456222355,15
429,8,18,91,6,10.34860151027639,12
430,37,13,1,5,10.342164269053148,8
431,110,12,39,3,10.313381088355568,9
432,20,19,55,7,10.312518824176754,12
433,74,21,39,8,10.295229479000922,13
434,34,12,104,4,10.27427919250402,8
435,27,23,31,10,10.2739938026007,13
436,75,13,53,5,10.26400289295583,8
437,77,12,99,3,10.252199704478638,9
438,46,19,39,8,10.233397052672373,11
439,11,36,37,12,10.20717474941383,24
440,98,15,2,6,10.198603389321667,9
441,60,14,97,6,10.197653383589497,8
442,71,13,33,4,10.195530501937561,9
443,87,25,91,8,10.193772096879421,17
444,86,49,97,17,10.191730194804157,32
445,97,41,37,14,10.190687502541845,27
446,98,15,71,5,10.189669566674565,10
447,23,19,39,7,10.185354124124489,12
448,89,13,104,5,10.17868688184359,8
449,71,15,81,5,10.146196364004535,10
450,92,10,109,3,10.132066653367776,7
451,46,14,70,5,10.128652016947743,9
452,8,10,35,3,10.118762046100299,7
453,107,15,83,5,10.114574167697794,10
454,69,20,106,7,10.109882768326292,13
455,20,30,25,10,10.102780695495063,20
456,75,47,7,16,10.087770884796273,31
457,54,12,57,3,10.066024134547122,9
458,36,16,50,7,10.062148758273462,9
459,16,60,106,19,10.051127463174742,41
460,77,15,88,5,10.04400369134599,10
461,75,39,50,12,10.040408681755256,27
462,11,14,18,5,10.031989827572826,9
463,60,22,69,9,10.02663194032535,13
464,81,10,3,3,10.020678397963056,7
465,114,43,65,16,10.010703114891967,27
466,60,19,12,9,9.984528424599183,10
467,7,30,91,9,9.9839989099393,21
468,73,18,88,6,9.974203425238965,12
469,38,13,106,6,9.972431475981123,7
470,95,10,2,3,9.920312629990502,7
471,45,19,107,7,9.919744780089784,12
472,62,11,36,4,9.918905860825545,7
473,40,13,49,5,9.915875625263498,8
474,25,14,3,5,9.907996037168818,9
475,7,12,81,5,9.905873686943623,7
476,68,12,19,5,9.900373348129571,7
477,50,17,18,7,9.885091111762172,10
478,64,11,43,4,9.86127930439201,7
479,16,25,64,8,9.851103913802609,17
480,36,15,104,6,9.838970168079866,9
481,95,16,114,6,9.83849388625251,10
482,104,25,75,9,9.822163907084754,16
483,90,14,39,5,9.813134332006268,9
484,37,24,83,9,9.783726366978417,15
485,30,14,70,6,9.768945845713878,8
486,7,42,25,14,9.767728891918425,28
487,11,23,84,8,9.766296004538773,15
488,75,27,54,10,9.754209010714467,17
489,13,16,98,5,9.686902315619628,11
490,100,19,87,8,9.686243494464469,11
491,100,12,71,4,9.66068752031631,8
492,40,37,104,12,9.655430392173656,25
493,15,15,104,5,9.65097999933124,10
494,8,31,114,10,9.648827129690279,21
495,104,34,25,13,9.636675179077027,21
496,67,10,107,3,9.62705386726766,7
497,76,16,9,5,9.621504571842449,11
498,99,14,8,6,9.61106559286031,8
499,8,13,53,4,9.596286006275326,9
500,62,11,8,3,9.593511144115352,8
501,106,25,91,8,9.55922901342809,17
502,30,11,4,4,9.534850556328452,7
503,90,14,80,4,9.509239360264802,10
504,37,22,99,7,9.502759058160713,15
505,15,17,65,6,9.497710736916664,11
506,70,13,69,4,9.494709245292386,9
507,30,23,55,8,9.492748334961261,15
508,53,32,31,13,9.469859036589868,19
509,108,22,13,7,9.455108056944892,15
510,30,14,63,5,9.454567130977065,9
511,80,11,51,4,9.452768996423059,7
512,32,11,63,4,9.44232166344675,7
513,83,14,74,6,9.43011849323839,8
514,114,10,110,3,9.422657787947912,7
515,7,39,87,13,9.40943909531165,26
516,34,12,16,4,9.386690960959728,8
517,23,12,50,3,9.354699302165745,9
518,60,11,29,4,9.352046281724496,7
519,37,26,7,10,9.351585671584258,16
520,27,19,63,8,9.333506253315775,11
521,50,17,70,7,9.316243790355681,10
522,2,13,55,5,9.306518823595622,8
523,76,24,68,6,9.277771398501299,18
524,63,33,91,11,9.272944845071178,22
525,15,13,51,5,9.260430817248004,8
526,51,11,92,5,9.243838066928689,6
527,2,31,107,11,9.235597195463594,20
528,27,15,4,6,9.214915067697104,9
529,2,12,40,4,9.204153353273352,8
530,92,17,39,7,9.202670656436863,10
531,15,11,71,4,9.19725576782928,7
532,98,13,84,4,9.18267526002018,9
533,27,13,64,4,9.17605066058828,9
534,92,15,40,5,9.168940871834318,10
535,25,22,68,8,9.168222856665714,14
536,5,27,84,10,9.167674877244863,17
537,58,20,107,7,9.160448429827849,13
538,50,43,5,17,9.156049369840707,26
539,51,10,38,3,9.15594810457023,7
540,64,16,104,5,9.146802673004432,11
541,13,27,95,10,9.14309183376447,17
542,64,23,51,8,9.140796471719993,15
543,63,41,84,16,9.103134071079266,25
544,44,24,86,9,9.102060428273223,15
545,86,17,72,6,9.090749225860588,11
546,13,54,106,19,9.08526402322294,35
547,48,11,51,5,9.079697327016948,6
548,95,34,8,13,9.079209474058969,21
549,76,34,51,11,9.077747475176407,23
550,13,35,18,14,9.075724545841895,21
551,114,11,12,5,9.067821568235523,6
552,114,18,1,6,9.054546789899769,12
553,25,13,9,4,9.043540817668024,9
554,75,33,8,11,9.038485704084975,22
555,64,41,60,14,9.027973681472828,27
556,48,23,87,8,9.021568034700334,15
557,109,12,31,4,9.01764086548861,8
558,5,15,36,6,9.008614310253613,9
559,81,26,13,9,9.003700902863285,17
560,90,17,63,6,8.996303299649265,11
561,95,24,65,9,8.970576207756878,15
562,28,11,32,4,8.963821007682872,7
563,80,28,107,9,8.961960424498162,19
564,76,11,2,3,8.951755335280877,8
565,47,12,81,4,8.94351866787287,8
566,11,13,80,5,8.941133144462878,8
567,104,14,84,6,8.932998314387538,8
568,104,17,71,7,8.92632866469196,10
569,36,15,54,6,8.925113760028648,9
570,11,10,91,3,8.923724837318142,7
571,87,20,49,9,8.915012942359487,11
572,63,22,109,9,8.914534807393178,13
573,70,17,57,8,8.906737604649802,9
574,63,18,77,6,8.831772718752353,12
575,36,18,47,6,8.810892372607714,12
576,106,23,18,8,8.778191080978742,15
577,79,11,106,4,8.777841617086459,7
578,23,11,91,5,8.754288778364979,6
579,104,23,11,8,8.742484307216115,15
580,13,43,36,15,8.741200501460957,28
581,51,45,63,18,8.740070603704455,27
582,87,21,53,9,8.73666250026138,12
583,16,16,108,6,8.735246502538358,10
584,39,33,88,12,8.729784324192252,21
585,13,28,1,9,8.726222592414748,19
586,30,10,2,4,8.704387763563812,6
587,62,13,51,5,8.70023722676235,8
588,41,38,86,13,8.653956346098063,25
589,102,32,86,11,8.651776846078937,21
590,30,37,65,13,8.646278778061175,24
591,40,62,68,21,8.642890009281665,41
592,7,21,58,9,8.637350419359532,12
593,13,16,6,6,8.62792533539333,10
594,95,13,40,5,8.623923471834955,8
595,40,19,3,6,8.60466249133143,13
596,90,22,50,8,8.598522697494,14
597,15,13,75,4,8.597300929966654,9
598,50,19,102,8,8.595702748065333,11
599,108,20,70,7,8.591977771420845,13
600,95,23,55,8,8.575006509864881,15
601,36,10,19,4,8.57197936901591,6
602,37,27,38,10,8.549020352319754,17
603,110,15,70,5,8.53630083928903,10
604,86,27,83,8,8.51226403433352,19
605,63,17,4,6,8.51204265071513,11
606,63,17,69,5,8.506537399631053,12
607,114,17,64,6,8.482108897967732,11
608,63,25,76,8,8.481730276547944,17
609,90,21,65,9,8.468020439085363,12
610,110,11,107,4,8.455449086920911,7
611,95,14,96,5,8.45037398259218,9
612,29,15,87,5,8.448402750963464,10
613,55,20,114,7,8.432483182241098,13
614,73,19,90,7,8.424101991862472,12
615,36,16,3,5,8.414050236887807,11
616,68,24,91,10,8.412577437061728,14
617,1,19,65,8,8.39055116440421,11
618,6,10,46,4,8.386722378353735,6
619,11,11,9,4,8.359525570926444,7
620,65,36,20,12,8.34320612131785,24
621,44,13,7,5,8.34001533270396,8
622,17,13,9,5,8.326710277225676,8
623,73,16,40,6,8.325505691275456,10
624,47,10,18,3,8.30923349927551,7
625,102,17,88,5,8.307899790454732,12
626,60,11,66,3,8.298339609799458,8
627,93,15,50,5,8.294711253080576,10
628,107,11,69,4,8.293842345373674,7
629,86,36,76,13,8.291928243226383,23
630,16,28,100,10,8.28524847579159,18
631,90,31,106,10,8.283845461248372,21
632,27,13,43,6,8.281785030351253,7
633,41,18,91,6,8.276671952774393,12
634,100,15,55,7,8.275270908208638,8
635,16,98,88,35,8.270405012857204,63
636,75,12,76,5,8.269580351796622,7
637,37,12,14,5,8.266467835075433,7
638,40,49,55,18,8.264830770768937,31
639,41,19,109,6,8.25191645501863,13
640,89,12,16,5,8.242329112388783,7
641,18,35,39,12,8.237293647729608,23
642,15,26,88,8,8.210771365525122,18
643,11,24,109,8,8.196422948591085,16
644,104,35,60,10,8.183651908443375,25
645,108,13,98,5,8.179403178791242,8
646,68,11,33,4,8.166895131198165,7
647,20,14,102,6,8.160756483849335,8
648,70,16,109,6,8.155151079730675,10
649,75,53,68,18,8.15129575671397,35
650,75,12,29,5,8.144839094845086,7
651,100,19,25,8,8.126357393020873,11
652,81,15,16,5,8.120114808218235,10
653,51,19,96,7,8.115030150293324,12
654,60,16,96,4,8.111178170207001,12
655,8,19,15,8,8.110493801505946,11
656,43,11,109,4,8.094303642212859,7
657,53,15,109,5,8.093404481537448,10
658,8,61,5,24,8.080732178020162,37
659,20,23,84,7,8.075470698309143,16
660,92,11,27,5,8.074373632908287,6
661,93,24,28,8,8.070916880531737,16
662,86,15,112,6,8.066513808802785,9
663,90,18,13,6,8.054863834369634,12
664,71,25,68,9,8.049997456311523,16
665,30,24,60,7,8.029670464815947,17
666,89,13,37,6,7.999447796068283,7
667,102,19,96,7,7.9956311609664965,12
668,64,14,37,5,7.994836735645363,9
669,75,19,49,7,7.994055446090445,12
670,95,14,109,5,7.99234383641533,9
671,13,16,70,6,7.990308468406848,10
672,15,16,54,7,7.990113178125118,9
673,104,17,17,7,7.988529600474542,10
674,87,24,41,9,7.976388181655021,15
675,12,12,4,4,7.976222296376225,8
676,11,16,57,7,7.975072284787963,9
677,65,25,5,10,7.967561696591304,15
678,23,12,12,5,7.967390536474002,7
679,57,16,55,7,7.964168012543882,9
680,13,23,69,9,7.9570597151485725,14
681,54,70,88,27,7.953176748990858,43
682,27,13,77,5,7.939137496569419,8
683,97,14,84,4,7.932419590040102,10
684,77,12,64,6,7.9282827223690555,6
685,33,16,20,6,7.928062438364485,10
686,7,17,109,6,7.917079020136835,11
687,86,44,39,18,7.916188475664828,26
688,88,10,82,4,7.912578083642496,6
689,33,22,107,9,7.889216015388601,13
690,20,23,51,10,7.873291814736603,13
691,85,13,96,4,7.87177905722743,9
692,71,22,87,9,7.855606782696442,13
693,27,34,88,15,7.839183444170464,19
694,30,10,35,4,7.834589320190253,6
695,8,17,98,6,7.8322640771965775,11
696,16,87,7,36,7.82007141588358,51
697,93,17,86,6,7.815785095507573,11
698,63,56,54,21,7.809523542573286,35
699,53,12,3,4,7.802864213591086,8
700,18,19,97,7,7.786893043230254,12
701,48,20,79,8,7.777732866617034,12
702,34,13,17,4,7.773261222871451,9
703,10,14,86,6,7.764445720347282,8
704,53,11,73,4,7.756297558195456,7
705,37,49,25,20,7.755599308877524,29
706,73,13,54,5,7.746921178252216,8
707,97,15,36,6,7.746568887819004,9
708,109,31,8,13,7.730735193905243,18
709,37,43,63,16,7.7225587241992235,27
710,54,14,76,5,7.722451793722613,9
711,53,17,108,8,7.691782047867256,9
712,111,25,7,10,7.69032342577198,15
713,5,32,11,12,7.687442157533876,20
714,110,14,97,5,7.6856652674732375,9
715,109,16,34,7,7.6800599779549845,9
716,65,20,29,9,7.677088640841974,11
717,54,19,18,8,7.671164831579696,11
718,86,24,48,9,7.668739325888133,15
719,37,24,96,10,7.665844925696509,14
720,40,12,78,3,7.665773995550055,9
721,29,14,107,4,7.664786511697863,10
722,75,15,43,5,7.6544486351885395,10
723,28,34,70,13,7.649551061711329,21
724,63,14,43,5,7.634644679088045,9
725,96,22,80,8,7.6325568595370585,14
726,20,15,90,6,7.5926874674698235,9
727,58,18,88,7,7.5880987725104365,11
728,46,12,77,5,7.574271980014295,7
729,7,18,46,6,7.57256052825316,12
730,34,14,5,4,7.5706698448560905,10
731,33,11,23,4,7.562255793226968,7
732,97,22,76,9,7.55617771012973,13
733,96,23,70,11,7.543405368906036,12
734,86,82,51,35,7.536928181675869,47
735,35,18,40,6,7.533996380952332,12
736,28,32,75,12,7.533160694281728,20
737,90,12,33,4,7.529189155587313,8
738,68,38,87,15,7.527116898411069,23
739,55,18,77,7,7.520653437888106,11
740,114,24,39,10,7.515791278431393,14
741,54,25,68,9,7.489611925883005,16
742,74,13,48,6,7.488504403150373,7
743,1,11,4,4,7.485549151859818,7
744,16,27,27,10,7.481407495599662,17
745,108,15,63,6,7.475559971035058,9
746,86,14,67,6,7.4735450853829875,8
747,37,21,110,9,7.457046552670356,12
748,8,58,87,22,7.4539983723530705,36
749,45,20,65,9,7.453844435184001,11
750,28,30,18,12,7.441772892360463,18
751,25,45,46,19,7.439996628911812,26
752,36,34,41,16,7.412500474371832,18
753,76,22,50,7,7.4081472032296025,15
754,37,41,46,14,7.398384968299374,27
755,91,18,20,8,7.395662966437773,10
756,13,48,87,17,7.39107686861817,31
757,13,47,39,20,7.388331512550152,27
758,16,21,84,9,7.387304706787613,12
759,78,10,107,4,7.38675042694504,6
760,50,33,55,14,7.382587695698174,19
761,3,19,87,7,7.381225642295678,12
762,54,13,43,6,7.381026823850249,7
763,23,30,60,11,7.3761331681290505,19
764,74,26,70,12,7.373620150196768,14
765,73,10,71,4,7.37323406519455,6
766,34,15,74,5,7.367415754617591,10
767,109,13,9,6,7.366573237831339,7
768,25,16,33,5,7.36592627296452,11
769,77,10,114,4,7.3654772203978025,6
770,73,25,8,10,7.35879002547718,15
771,92,14,68,5,7.338682351737513,9
772,68,49,53,19,7.334143225637732,30
773,109,26,55,12,7.3182997081126135,14
774,106,12,4,6,7.301373821742239,6
775,107,19,109,6,7.298695286121334,13
776,28,14,111,5,7.296837620354718,9
777,28,18,17,7,7.285855618940973,11
778,73,12,51,4,7.27293256895111,8
779,41,18,97,7,7.264371648173336,11
780,30,28,87,11,7.261869989605062,17
781,98,12,93,5,7.2513528092711335,7
782,8,17,110,6,7.2499619180163615,11
783,31,14,5,5,7.246607645789562,9
784,75,16,4,6,7.243454650582433,10
785,16,11,101,4,7.238690209169098,7
786,1,12,87,5,7.233577884593117,7
787,86,21,1,8,7.227079789159727,13
788,17,18,55,8,7.225704310999122,10
789,97,28,5,10,7.203089227401705,18
790,94,15,87,6,7.201867133783275,9
791,7,32,97,14,7.201514601551131,18
792,13,46,25,20,7.193450880580756,26
793,16,15,35,5,7.1780383239732055,10
794,28,27,7,10,7.168025749877158,17
795,87,23,93,9,7.164798687762667,14
796,16,23,80,9,7.155101734961403,14
797,51,13,91,5,7.148773018081943,8
798,80,27,55,12,7.147794138544471,15
799,5,17,60,6,7.144002600647477,11
800,63,32,48,12,7.1299692009467925,20
801,7,21,5,8,7.117898011185962,13
802,32,14,87,5,7.113585901413377,9
803,63,12,79,4,7.1114844508040305,8
804,16,62,55,22,7.108256785232973,40
805,51,16,110,6,7.1045865219974775,10
806,110,15,16,6,7.102784713477103,9
807,114,24,90,10,7.101696850085239,14
808,41,37,68,15,7.094495660130798,22
809,108,19,88,7,7.08266123245474,12
810,107,19,102,8,7.0774996579991125,11
811,102,14,98,6,7.075813129571894,8
812,63,21,38,7,7.07127755522525,14
813,50,14,49,6,7.064134383315743,8
814,16,61,63,25,7.0608144590657425,36
815,68,27,18,11,7.0575085592620574,16
816,28,25,2,9,7.040494915317705,16
817,80,27,106,10,7.029777914575281,17
818,9,23,63,9,7.02836514865889,14
819,100,16,18,7,7.026565168419708,9
820,74,31,84,14,7.0251363399754485,17
821,107,38,53,14,7.016601645048432,24
822,45,14,86,6,7.001591160951405,8
823,30,12,90,5,6.995080547552479,7
824,62,15,5,6,6.992708759597391,9
825,55,12,94,5,6.987298934898079,7
826,16,16,45,6,6.976498387396664,10
827,16,34,71,12,6.970649186570067,22
828,51,19,33,6,6.969365507134874,13
829,107,18,32,8,6.9462091695657895,10
830,12,15,107,5,6.946180013497571,10
831,99,12,88,5,6.93913123202866,7
832,65,32,93,14,6.936392014320224,18
833,44,10,87,4,6.930092376966648,6
834,75,19,30,8,6.923427737676235,11
835,104,36,55,14,6.909075624793388,22
836,64,26,71,9,6.901091247298654,17
837,104,16,80,7,6.898685093267583,9
838,78,11,7,6,6.890322087249729,5
839,106,15,99,5,6.882359612487447,10
840,107,18,49,8,6.87440510291904,10
841,54,38,109,14,6.870761605419692,24
842,75,17,11,7,6.860129083231025,10
843,16,17,14,7,6.836744613344807,10
844,86,19,4,7,6.836668747251869,12
845,13,37,23,17,6.835884394296809,20
846,75,39,71,14,6.818806640750764,25
847,27,12,50,4,6.811990692910271,8
848,100,16,114,6,6.806713890734189,10
849,27,13,53,4,6.799297932562181,9
850,55,10,31,4,6.798197972656263,6
851,64,24,63,10,6.792037614062574,14
852,51,48,65,18,6.78764431764166,30
853,98,16,49,7,6.781982879058621,9
854,15,11,57,4,6.780688552172742,7
855,86,81,88,32,6.7782400639304905,49
856,97,30,96,13,6.762245122268197,17
857,48,10,108,3,6.749808304712147,7
858,102,15,51,6,6.74947281728566,9
859,98,11,17,5,6.7380138573710076,6
860,74,38,96,14,6.731828732252355,24
861,14,13,95,5,6.731405281187272,8
862,100,11,95,5,6.722166987268522,6
863,97,11,32,4,6.722008536715331,7
864,91,19,39,7,6.713734119938695,12
865,6,10,40,4,6.705680107058635,6
866,15,12,91,6,6.697476716978323,6
867,111,11,106,3,6.697425895741327,8
868,76,15,88,7,6.688159185418194,8
869,7,11,10,4,6.685744363314091,7
870,114,13,57,5,6.6838726944280715,8
871,15,13,87,6,6.6837649878118555,7
872,29,10,37,4,6.680734619445758,6
873,40,10,69,3,6.6749039421411345,7
874,25,41,106,15,6.674179308486926,26
875,83,11,71,5,6.656205380333864,6
876,63,14,102,6,6.6522226016193855,8
877,28,14,40,6,6.638137209902041,8
878,102,19,87,7,6.6316454228279165,12
879,53,13,17,5,6.628322060179847,8
880,25,48,5,19,6.626414170343125,29
881,8,27,84,10,6.62258104422981,17
882,16,37,46,15,6.611711661090455,22
883,28,16,36,7,6.602158410065062,9
884,83,17,64,7,6.597115059465707,10
885,65,28,96,12,6.593487230396348,16
886,86,77,96,30,6.579835199705017,47
887,76,14,114,5,6.578120007634398,9
888,84,20,39,8,6.5765495972485954,12
889,73,11,31,4,6.573747338426648,7
890,16,30,62,11,6.563348183934731,19
891,47,22,88,9,6.55731909182474,13
892,74,10,41,5,6.555417523357471,5
893,30,10,109,4,6.554543582587362,6
894,75,23,47,7,6.550315616153075,16
895,27,11,30,5,6.548301845648552,6
896,49,10,55,4,6.541972088163769,6
897,56,12,4,6,6.509885274579445,6
898,50,30,96,12,6.50669589608909,18
899,114,20,3,7,6.505970004031861,13
900,90,10,102,5,6.502237322589002,5
901,75,27,31,12,6.501521257577058,15
902,46,17,9,7,6.488226478108834,10
903,45,11,68,4,6.479375207416079,7
904,14,17,28,6,6.462988674713604,11
905,90,25,87,10,6.4548524533916245,15
906,51,29,31,10,6.4546925195018,19
907,4,20,87,7,6.445923142452618,13
908,34,15,7,6,6.438395937640913,9
909,40,16,33,5,6.427211772717694,11
910,101,12,68,4,6.425600910426855,8
911,107,19,77,8,6.416947048354687,11
912,104,48,28,20,6.415003868782302,28
913,106,13,77,6,6.407119934187455,7
914,87,23,64,10,6.388144400471776,13
915,74,13,77,5,6.38427445953612,8
916,103,11,16,4,6.384231863654396,7
917,3,20,31,9,6.356449955199036,11
918,11,20,98,9,6.338677652860182,11
919,71,43,13,18,6.334859859699401,25
920,43,25,65,12,6.334369637521842,13
921,62,22,88,9,6.3247742597522665,13
922,43,17,86,6,6.30367957138411,11
923,112,13,65,6,6.300152537300247,7
924,64,10,3,4,6.298167602814482,6
925,76,10,18,4,6.295952594294594,6
926,107,18,3,9,6.2959165699732,9
927,104,42,51,15,6.295418505157664,27
928,65,56,88,21,6.287559020425311,35
929,70,16,64,5,6.286009204558742,11
930,41,30,31,12,6.276695675397635,18
931,8,22,57,8,6.276405634666305,14
932,15,12,95,5,6.265255655621163,7
933,57,18,102,8,6.264739678585861,10
934,100,30,107,15,6.262014473902883,15
935,49,12,70,5,6.256572685735779,7
936,49,12,23,5,6.2493025271732385,7
937,40,13,20,5,6.240563950747325,8
938,104,41,50,16,6.230364171354915,25
939,30,22,88,10,6.229515441144281,12
940,13,32,43,15,6.196254653494401,17
941,70,40,5,17,6.19146702192266,23
942,37,59,104,23,6.175700710267806,36
943,53,23,114,10,6.175142692760426,13
944,98,37,86,16,6.173883512848302,21
945,58,13,13,4,6.163916196313293,9
946,16,11,92,3,6.161317715288817,8
947,111,10,60,3,6.155833973529333,7
948,40,22,23,9,6.152194662944809,13
949,68,15,109,5,6.151207133102543,10
950,91,26,98,10,6.147477973409045,16
951,76,26,55,9,6.147230699405092,17
952,56,17,68,8,6.145672201347775,9
953,109,14,46,6,6.137839688733693,8
954,96,22,90,8,6.131526760597793,14
955,55,24,97,9,6.128965912516967,15
956,102,23,54,9,6.120079150891424,14
957,52,10,8,4,6.118835452590007,6
958,81,13,31,4,6.117159791325403,9
959,38,19,65,9,6.1124197139679115,10
960,16,69,87,29,6.110103830263632,40
961,64,18,8,7,6.107418817752092,11
962,55,10,79,4,6.105260957218084,6
963,46,29,75,12,6.102650462365343,17
964,23,40,88,14,6.098802854801483,26
965,104,19,102,9,6.0939191224012355,10
966,16,33,36,13,6.090568410562355,20
967,111,23,107,11,6.08814286411973,12
968,86,36,36,15,6.088077023539151,21
969,93,13,109,5,6.084680305781189,8
970,68,12,5,5,6.084537265067714,7
971,20,44,5,17,6.084413199436967,27
972,60,25,41,11,6.080070950949513,14
973,29,11,55,4,6.0636297407404705,7
974,17,15,109,6,6.060510853587173,9
975,64,17,18,7,6.047713381395088,10
976,80,12,48,4,6.043656393103958,8
977,50,10,35,4,6.042114866737558,6
978,8,16,32,7,6.041444852098721,9
979,97,20,68,8,6.039555358600263,12
980,114,21,31,9,6.037115584757873,12
981,40,52,88,21,6.033805103128578,31
982,91,17,50,6,6.027790824025911,11
983,95,20,46,8,6.027785407812038,12
984,41,24,114,11,6.018800989183647,13
985,99,10,17,4,6.0116233289389776,6
986,53,19,81,7,5.994076217029547,12
987,100,21,7,9,5.991134989355656,12
988,106,14,43,6,5.989369931740143,8
989,77,20,18,7,5.987937988807762,13
990,13,37,64,17,5.976966147639874,20
991,34,10,60,3,5.968824417267719,7
992,97,18,40,7,5.966918416140386,11
993,97,12,10,6,5.950831581917705,6
994,33,15,7,7,5.9471342175078945,8
995,95,24,50,10,5.93068099165971,14
996,107,50,20,21,5.930087131424378,29
997,86,48,75,21,5.925170080936903,27
998,64,34,86,15,5.920327523630067,19
999,104,16,4,6,5.92018773625567,10
1000,41,15,45,5,5.9144627061547626,10
1001,63,21,18,8,5.913481317219114,13
1002,65,11,66,4,5.913127119507259,7
1003,93,16,25,7,5.904464695396421,9
1004,64,33,31,13,5.887968682404671,20
1005,75,47,16,19,5.887699770640001,28
1006,15,20,7,10,5.884783634259432,10
1007,46,12,36,5,5.882094180819339,7
1008,54,36,95,16,5.865979569344106,20
1009,107,19,62,9,5.846686214908971,10
1010,106,29,23,14,5.844928556047852,15
1011,108,16,87,6,5.840502938250502,10
1012,75,15,1,5,5.839655242805768,10
1013,27,29,51,11,5.832222568494554,18
1014,46,12,90,5,5.830565699084015,7
1015,41,14,77,5,5.820932172345256,9
1016,40,16,5,7,5.820527251695649,9
1017,88,19,3,8,5.819045167776271,11
1018,87,30,40,13,5.8106137612197974,17
1019,114,21,70,8,5.7983006395871595,13
1020,74,28,55,12,5.797157459674129,16
1021,9,32,51,14,5.795343064484767,18
1022,25,34,88,12,5.7871536187248696,22
1023,76,32,107,11,5.779595751257269,21
1024,54,12,62,5,5.766589012253395,7
1025,87,23,57,9,5.7654231277476615,14
1026,65,29,17,10,5.745352852862512,19
1027,47,21,13,9,5.737844311455578,12
1028,64,25,40,10,5.723565649646321,15
1029,84,12,9,5,5.723245457590759,7
1030,30,18,106,8,5.721648315514306,10
1031,2,39,50,16,5.718530498550801,23
1032,23,10,102,4,5.7160538226538815,6
1033,28,34,97,13,5.710448223070004,21
1034,50,13,48,5,5.7070179051031635,8
1035,8,40,46,18,5.695904868807617,22
1036,92,13,114,4,5.693422245280035,9
1037,70,10,32,5,5.692479372096213,5
1038,53,10,100,4,5.690378460520071,6
1039,106,12,57,6,5.685749140437754,6
1040,102,10,95,4,5.685319962340818,6
1041,94,10,25,5,5.671887186214519,5
1042,100,25,86,12,5.671432674762782,13
1043,16,31,99,13,5.665818337043021,18
1044,54,11,82,4,5.664278302313932,7
1045,114,39,68,16,5.662138688238251,23
1046,12,14,71,5,5.659957009281256,9
1047,95,24,106,9,5.657914892117911,15
1048,75,13,100,6,5.6556509586331405,7
1049,73,23,74,9,5.649045009007229,14
1050,60,29,75,12,5.6462602390595045,17
1051,109,11,77,5,5.645459503468274,6
1052,28,48,84,20,5.640820939476543,28
1053,12,14,31,6,5.63672448274127,8
1054,114,32,51,14,5.633222578355347,18
1055,68,14,17,5,5.632743402516984,9
1056,86,28,73,13,5.62531345595925,15
1057,5,21,17,7,5.625033929201379,14
1058,64,25,39,10,5.620429917273942,15
1059,114,17,18,7,5.616638058224652,10
1060,100,15,50,6,5.612526049660052,9
1061,99,11,63,5,5.595807733799709,6
1062,52,12,16,5,5.588665300895637,7
1063,78,12,87,6,5.582415110920594,6
1064,71,18,37,8,5.582059073463845,10
1065,55,27,63,12,5.56831553028517,15
1066,76,12,62,5,5.567951553158001,7
1067,11,31,54,13,5.5650490652973295,18
1068,63,11,10,4,5.56040496031845,7
1069,76,14,102,6,5.556814882908007,8
1070,46,11,4,5,5.55622187464566,6
1071,8,41,25,16,5.550067480025434,25
1072,86,20,3,8,5.549521288899443,12
1073,41,13,81,5,5.549157399363071,8
1074,27,28,86,11,5.548838862919885,17
1075,50,24,71,10,5.539942136229876,14
1076,75,12,108,5,5.5350322131385346,7
1077,75,14,109,5,5.526527848068072,9
1078,33,14,102,6,5.525239013163607,8
1079,74,36,46,14,5.51147230082985,22
1080,95,19,83,7,5.510188596504647,12
1081,104,21,100,8,5.507335747436163,13
1082,70,13,36,6,5.503890921362975,7
1083,40,25,1,10,5.499072662784783,15
1084,98,12,114,5,5.496174202168348,7
1085,46,10,1,5,5.488587081929579,5
1086,65,49,40,21,5.488110460552834,28
1087,14,12,13,4,5.487937926146761,8
1088,37,53,106,24,5.481931306152558,29
1089,99,17,36,6,5.4766719172319,11
1090,75,40,88,16,5.4644269661179345,24
1091,61,12,60,6,5.463593585576724,6
1092,41,12,89,5,5.463211968357986,7
1093,23,10,45,4,5.453033589292929,6
1094,4,20,40,9,5.4417645581438725,11
1095,32,17,104,6,5.4353295484317545,11
1096,41,26,104,12,5.420210183594351,14
1097,49,13,30,5,5.419054490017786,8
1098,83,10,50,5,5.416126776091855,5
1099,51,15,83,5,5.415397349279681,10
1100,96,10,67,5,5.408732724512927,5
1101,16,30,49,13,5.407761182315815,17
1102,68,65,31,28,5.4008541454527155,37
1103,4,10,37,4,5.399514125787476,6
1104,16,44,68,17,5.396196671497917,27
1105,63,25,2,11,5.395919280999036,14
1106,73,13,16,6,5.382229707777057,7
1107,89,11,60,5,5.373120214726715,6
1108,51,25,69,10,5.364118695437344,15
1109,75,30,63,13,5.362343223381901,17
1110,74,55,106,23,5.3610995173655125,32
1111,72,13,16,6,5.355366251776983,7
1112,17,15,63,6,5.328236059759658,9
1113,97,32,107,15,5.316751308567058,17
1114,97,16,57,7,5.312911388739813,9
1115,86,20,85,9,5.30897970179678,11
1116,111,25,55,10,5.307717141421055,15
1117,37,42,55,19,5.291708177681366,23
1118,8,24,23,11,5.290374398080683,13
1119,56,11,88,5,5.280224334897691,6
1120,100,10,43,5,5.2650109234577185,5
1121,38,18,13,9,5.264955957760157,9
1122,17,17,20,7,5.256441987432858,10
1123,47,10,69,4,5.253027615317654,6
1124,28,44,109,17,5.243370342287004,27
1125,25,26,40,11,5.242222631716463,15
1126,65,15,14,7,5.239230657167624,8
1127,51,18,47,8,5.236824970381644,10
1128,91,21,25,9,5.236778929543691,12
1129,35,11,5,5,5.226534281744142,6
1130,40,22,37,10,5.2189812618502875,12
1131,33,12,91,6,5.213867650447791,6
1132,31,10,80,3,5.212785572393212,7
1133,46,47,54,19,5.211114398473603,28
1134,55,35,54,16,5.206377054499408,19
1135,34,18,55,8,5.202160532736089,10
1136,65,41,9,16,5.201469695844276,25
1137,46,19,17,8,5.199760499725373,11
1138,45,27,7,11,5.196888647126473,16
1139,87,29,25,13,5.192606014598935,16
1140,18,18,36,8,5.188969607443518,10
1141,91,11,56,5,5.1601828143932735,6
1142,67,12,5,5,5.159840528973067,7
1143,111,14,39,6,5.158992286191915,8
1144,16,18,38,6,5.158593533457798,12
1145,8,54,63,24,5.156454172512435,30
1146,16,47,37,20,5.156319944125245,27
1147,37,20,23,9,5.153587203140157,11
1148,44,15,88,7,5.148664566159752,8
1149,7,62,31,26,5.139149232912137,36
1150,97,31,65,13,5.13743762887539,18
1151,75,12,56,4,5.129167315486338,8
1152,55,23,70,10,5.1032220329288345,13
1153,13,31,50,13,5.1001212439562575,18
1154,18,36,75,16,5.097335185119159,20
1155,54,55,70,23,5.096904873313987,32
1156,60,24,95,10,5.089480392621887,14
1157,60,14,58,6,5.085584297125204,8
1158,114,44,5,19,5.0845200413011105,25
1159,92,10,17,4,5.07288490506961,6
1160,46,17,65,6,5.066104910854949,11
1161,75,38,37,14,5.063027732293458,24
1162,28,10,92,4,5.0573533622845686,6
1163,6,10,86,4,5.056407885962587,6
1164,9,15,3,7,5.055830884483063,8
1165,106,45,5,18,5.052056869360905,27
1166,86,26,80,12,5.05164493959972,14
1167,7,86,88,37,5.047167340144154,49
1168,15,19,5,7,5.0418557472432015,12
1169,107,56,104,23,5.038593476219026,33
1170,7,55,53,23,5.028767782718329,32
1171,54,51,106,24,5.020519473488655,27
1172,1,19,51,9,5.013573391686002,10
1173,60,21,81,9,5.012994181489737,12
1174,93,26,5,10,5.004460526821323,16
1175,111,21,13,10,4.995390065434089,11
1176,104,30,63,13,4.993963037729944,17
1177,97,19,51,7,4.9890140296173415,12
1178,37,71,86,31,4.984756436647984,40
1179,100,10,17,3,4.9777623349052735,7
1180,55,55,65,24,4.97482433256795,31
1181,55,47,5,20,4.968791694509535,27
1182,51,46,60,18,4.966149080053768,28
1183,87,58,37,24,4.964929018708455,34
1184,20,36,96,15,4.958331873160826,21
1185,75,21,64,9,4.949636438236203,12
1186,44,17,16,8,4.943404604585513,9
1187,77,14,87,6,4.942401920251487,8
1188,37,11,108,5,4.94147061612662,6
1189,74,14,23,6,4.939518484257178,8
1190,13,22,54,9,4.93893146370455,13
1191,76,31,104,12,4.9366136394817115,19
1192,20,12,44,5,4.926936915071971,7
1193,106,14,81,7,4.9255436069422425,7
1194,76,12,112,4,4.924716647358051,8
1195,43,12,50,4,4.91992321235012,8
1196,36,50,31,22,4.9184409502169535,28
1197,112,13,107,6,4.914490946278641,7
1198,54,12,108,4,4.909695920764135,8
1199,107,25,38,10,4.908134063086162,15
1200,13,14,92,8,4.8979413220300305,6
1201,38,12,64,6,4.89696040571167,6
1202,28,13,62,5,4.8955044879359315,8
1203,91,13,54,6,4.89524942501341,7
1204,8,16,33,6,4.890943290835164,10
1205,83,39,5,18,4.890865835189014,21
1206,39,68,51,30,4.888476763124148,38
1207,8,12,3,7,4.88781937501622,5
1208,60,17,45,8,4.883359468709789,9
1209,7,40,27,17,4.880393789516797,23
1210,16,90,51,38,4.879594479103377,52
1211,88,10,110,5,4.870544753091405,5
1212,44,10,64,4,4.863505670480302,6
1213,63,30,20,14,4.86232561538827,16
1214,7,20,50,9,4.862115792520702,11
1215,17,23,39,9,4.860726227039888,14
1216,7,20,56,9,4.857329358756818,11
1217,38,13,84,6,4.854976710780188,7
1218,53,11,90,5,4.853050220854228,6
1219,96,54,54,25,4.8528151929372525,29
1220,5,30,51,11,4.841333405150811,19
1221,97,18,17,8,4.833173263702722,10
1222,39,15,83,6,4.8326399553033035,9
1223,8,15,67,6,4.831909846155583,9
1224,107,47,36,21,4.830606287073185,26
1225,27,13,47,7,4.827412653081429,6
1226,6,12,106,5,4.810944704219048,7
1227,96,13,108,6,4.805162668071275,7
1228,75,22,96,7,4.801381492311931,15
1229,111,11,25,5,4.797175922879397,6
1230,107,23,4,10,4.794559035726116,13
1231,30,27,71,12,4.793150289784318,15
1232,50,20,31,9,4.790427230707467,11
1233,100,21,5,9,4.790180113588851,12
1234,32,24,5,10,4.788591776396215,14
1235,76,33,5,14,4.788314400539968,19
1236,88,17,38,6,4.778170082860484,11
1237,9,12,5,5,4.777710715122403,7
1238,28,51,54,21,4.774713175137818,30
1239,69,15,114,8,4.773043389885471,7
1240,41,30,63,13,4.7705197173363185,17
1241,25,25,51,11,4.7575046365277345,14
1242,84,13,95,5,4.755677362807473,8
1243,90,30,5,12,4.752640516818983,18
1244,25,26,54,11,4.752384220937879,15
1245,3,21,60,9,4.751093731258031,12
1246,13,60,60,24,4.749695900174779,36
1247,87,36,20,16,4.748487569129384,20
1248,74,38,63,17,4.748458787006123,21
1249,25,16,77,7,4.745845616411638,9
1250,70,16,98,6,4.745137974355768,10
1251,57,11,84,4,4.735926438073418,7
1252,13,46,46,20,4.734603318364916,26
1253,54,26,60,11,4.730103679488508,15
1254,6,13,27,6,4.729645889755502,7
1255,86,18,108,9,4.726875671282598,9
1256,4,18,17,7,4.724962729619737,11
1257,53,43,71,18,4.713137963084874,25
1258,7,38,64,17,4.712342162636026,21
1259,108,14,50,5,4.706826806073906,9
1260,23,12,109,5,4.6863913372413775,7
1261,71,33,86,15,4.671793678311848,18
1262,60,45,31,22,4.669142505092238,23
1263,55,14,98,5,4.662824671110214,9
1264,91,24,13,11,4.648692464477363,13
1265,23,25,68,12,4.644746500376535,13
1266,23,50,7,22,4.6440048769032325,28
1267,23,11,47,4,4.643567503146593,7
1268,73,14,13,6,4.642713338622983,8
1269,73,19,109,8,4.637139105733967,11
1270,60,22,25,10,4.636282806493916,12
1271,39,17,4,7,4.635996289326288,10
1272,87,58,65,24,4.633433601084794,34
1273,73,19,114,8,4.63098312969833,11
1274,96,13,34,5,4.620609194568736,8
1275,64,18,23,8,4.6203346072770595,10
1276,107,31,9,14,4.618480660379781,17
1277,40,18,27,10,4.611851321709848,8
1278,16,25,17,9,4.611552657079801,16
1279,96,11,13,5,4.60827059097085,6
1280,77,13,95,6,4.60149322445291,7
1281,43,15,114,7,4.580699276275163,8
1282,54,29,90,13,4.579893896725855,16
1283,45,13,9,5,4.574382545498478,8
1284,99,14,95,6,4.572737764013027,8
1285,68,31,106,13,4.56970871778676,18
1286,75,22,23,11,4.565873174756108,11
1287,23,25,41,11,4.5633066684659,14
1288,99,16,104,8,4.5627492392393,8
1289,41,25,75,12,4.560769404939248,13
1290,70,15,23,7,4.554568026577778,8
1291,109,13,67,7,4.5540965230597985,6
1292,53,35,40,16,4.552561455394627,19
1293,83,15,46,7,4.551826612706301,8
1294,51,38,46,16,4.548214485505557,22
1295,20,43,28,18,4.544189476783367,25
1296,6,12,87,5,4.542943443769729,7
1297,8,24,102,11,4.537070383836359,13
1298,92,15,7,5,4.5352757928922465,10
1299,13,31,8,13,4.525996738671469,18
1300,79,12,8,4,4.5233682313953745,8
1301,108,20,51,9,4.509359770753944,11
1302,49,11,114,4,4.496752885669911,7
1303,93,15,37,6,4.493445665639034,9
1304,55,11,27,5,4.4890470852362,6
1305,88,29,70,12,4.478319588858416,17
1306,76,18,109,7,4.469593270372586,11
1307,91,10,57,5,4.468260927215541,5
1308,88,49,104,20,4.467090193995468,29
1309,37,18,32,8,4.466542082918521,10
1310,13,73,51,33,4.4630108320276145,40
1311,43,16,5,7,4.461738819752362,9
1312,77,11,97,4,4.4549011553839994,7
1313,13,33,37,14,4.448467961015427,19
1314,45,11,88,4,4.4416566980945715,7
1315,36,11,77,5,4.437649181831478,6
1316,12,32,65,13,4.422054803948238,19
1317,99,30,13,13,4.420966828834258,17
1318,87,41,50,19,4.419136399037691,22
1319,31,20,58,9,4.4161314640484655,11
1320,111,20,86,8,4.3910837466552355,12
1321,25,26,53,12,4.390597493613485,14
1322,63,38,96,15,4.376849709142971,23
1323,33,13,11,7,4.365968233102095,6
1324,58,10,87,4,4.362695393524183,6
1325,7,23,17,9,4.361794375643627,14
1326,104,31,54,14,4.355933806560286,17
1327,34,12,84,6,4.355418008053165,6
1328,23,15,114,6,4.351642887989123,9
1329,98,14,40,7,4.349825650924007,7
1330,43,22,88,9,4.349059981795284,13
1331,27,24,39,12,4.343262330253083,12
1332,92,25,88,10,4.343112736218732,15
1333,84,33,106,16,4.328019467626489,17
1334,55,38,28,15,4.3253848681242495,23
1335,12,14,39,6,4.321531994064716,8
1336,93,23,54,9,4.307251305123911,14
1337,7,15,62,6,4.3039880331155755,9
1338,1,14,9,5,4.283473931374265,9
1339,39,28,50,12,4.277976458980377,16
1340,97,13,102,5,4.274157979355289,8
1341,33,12,96,7,4.271042933020869,5
1342,88,29,18,14,4.2690371409288055,15
1343,40,13,91,6,4.266105722730477,7
1344,86,18,32,8,4.250668358030317,10
1345,16,77,107,31,4.236485847112407,46
1346,30,11,84,4,4.231660063143016,7
1347,39,11,38,4,4.226260758307928,7
1348,65,54,36,23,4.225784981005992,31
1349,11,37,88,16,4.225572080994506,21
1350,88,59,5,27,4.221472474474537,32
1351,76,27,87,11,4.218072684092399,16
1352,44,15,13,6,4.215811920019836,9
1353,44,10,76,4,4.214872824817864,6
1354,7,40,106,20,4.1953409925548995,20
1355,40,43,39,18,4.186108979099791,25
1356,97,28,63,12,4.183429568929187,16
1357,4,26,65,11,4.183068200895106,15
1358,23,25,25,11,4.1775393715493205,14
1359,23,22,76,10,4.176356784293711,12
1360,40,22,50,8,4.17370334148128,14
1361,91,32,86,14,4.171440091669227,18
1362,86,114,5,49,4.1637219397383145,65
1363,71,19,51,8,4.162788919844458,11
1364,88,50,9,22,4.161164150512576,28
1365,75,50,107,18,4.152785540978818,32
1366,20,13,73,5,4.146065391689569,8
1367,87,33,60,15,4.138721771840238,18
1368,11,11,69,4,4.13792149131312,7
1369,6,14,107,6,4.134287277974907,8
1370,8,22,100,9,4.130802595209799,13
1371,20,16,41,7,4.117210182736296,9
1372,12,14,68,6,4.108669111305504,8
1373,45,26,31,11,4.105065896298878,15
1374,114,21,46,9,4.104107153511736,12
1375,83,20,93,9,4.100880722204593,11
1376,43,15,87,7,4.098799175510788,8
1377,13,56,107,26,4.091240246856512,30
1378,86,26,38,11,4.088759139255406,15
1379,74,22,50,10,4.086243740312162,12
1380,13,64,40,29,4.085738010265816,35
1381,53,24,30,11,4.083039563032172,13
1382,68,15,49,7,4.074989168768559,8
1383,20,22,35,9,4.055290224745636,13
1384,32,10,40,5,4.050021677419869,5
1385,11,13,79,7,4.047561716338114,6
1386,35,14,28,7,4.036665461709038,7
1387,27,19,41,9,4.036398281844189,10
1388,13,33,28,14,4.033447367470069,19
1389,37,44,74,20,4.033137310869005,24
1390,37,53,50,25,4.019145568935869,28
1391,99,20,86,8,4.0098912228328505,12
1392,107,53,55,24,4.007419081361914,29
1393,43,10,71,5,3.995417342894245,5
1394,58,10,51,4,3.9912030401078082,6
1395,37,12,69,5,3.9709549460906977,7
1396,104,72,65,33,3.97064919727685,39
1397,74,24,93,11,3.9601017688790825,13
1398,34,12,76,6,3.9517678907570333,6
1399,6,25,7,14,3.949132386340239,11
1400,37,17,100,7,3.9481789557688414,10
1401,28,28,9,13,3.937494785693687,15
1402,80,10,97,4,3.9365866928471034,6
1403,102,10,83,4,3.9358085201394095,6
1404,86,51,104,23,3.9349590372382424,28
1405,107,17,47,7,3.9327213388354676,10
1406,50,22,114,9,3.9261505794005247,13
1407,68,18,38,7,3.924275685840279,11
1408,5,28,2,12,3.923277825320168,16
1409,37,38,70,16,3.9227382855891664,22
1410,14,17,51,6,3.9161266656978224,11
1411,7,14,57,7,3.91193695841035,7
1412,70,14,91,7,3.9081074484018643,7
1413,12,13,36,6,3.9059808220413945,7
1414,102,26,37,11,3.9015784283610255,15
1415,39,16,20,8,3.8984053346002447,8
1416,15,15,68,6,3.8979807660841916,9
1417,55,44,11,18,3.8920841591670343,26
1418,11,15,17,7,3.886158778436342,8
1419,40,17,45,7,3.8834382086944723,10
1420,45,11,53,5,3.8821334101818095,6
1421,62,19,71,8,3.87810971311386,11
1422,49,24,86,11,3.874685873315394,13
1423,96,24,104,10,3.8706241075776626,14
1424,108,11,68,5,3.868849039567309,6
1425,83,24,65,11,3.8650312387760812,13
1426,91,17,18,7,3.863168888646893,10
1427,106,22,75,11,3.8605003548235586,11
1428,31,18,25,9,3.857287465742464,9
1429,65,14,6,6,3.853639209419111,8
1430,106,24,53,12,3.853397870151072,12
1431,53,46,65,21,3.8486735792356725,25
1432,65,34,111,14,3.8475275648066685,20
1433,41,17,37,7,3.8456182281056206,10
1434,13,25,77,11,3.842001108642558,14
1435,114,21,9,7,3.841240092630792,14
1436,83,27,8,13,3.8382150032056903,14
1437,55,23,9,10,3.8359843867781165,13
1438,7,41,55,17,3.8316587459316964,24
1439,30,19,28,8,3.8298077885882966,11
1440,20,58,54,28,3.826657519065601,30
1441,96,29,88,14,3.826076326561257,15
1442,36,27,51,12,3.8233639616074644,15
1443,90,11,7,5,3.819400119735718,6
1444,110,16,5,7,3.8138584796050923,9
1445,8,23,9,12,3.807113841420042,11
1446,53,39,64,17,3.8067380932231165,22
1447,77,17,65,8,3.80475166910596,9
1448,88,50,28,21,3.776497240905,29
1449,16,13,93,6,3.765796324860313,7
1450,25,19,55,8,3.7640842052381913,11
1451,51,60,107,24,3.7629583228248076,36
1452,73,17,7,8,3.7566056838478197,9
1453,50,66,28,29,3.75491430266166,37
1454,65,15,48,6,3.7446571454477797,9
1455,109,26,16,12,3.7403001366712836,14
1456,49,19,17,7,3.7368484909488555,12
1457,102,26,114,11,3.732596192745536,15
1458,107,28,64,13,3.7292021520424647,15
1459,34,24,107,9,3.7209873956041655,15
1460,7,87,51,36,3.718645770134088,51
1461,43,19,60,8,3.7162387480856083,11
1462,7,82,86,33,3.7010059090861684,49
1463,90,16,17,8,3.700146396445632,8
1464,28,28,102,13,3.6997830630198973,15
1465,89,14,50,7,3.697778125616005,7
1466,46,20,84,8,3.686829488531013,12
1467,110,10,54,4,3.679838574958167,6
1468,87,18,97,7,3.6732434405581906,11
1469,71,12,27,5,3.672482180614424,7
1470,8,53,96,23,3.6687416252473026,30
1471,79,10,88,4,3.6658466896877484,6
1472,62,10,50,4,3.6657345895143245,6
1473,19,10,88,5,3.6656067392732057,5
1474,40,44,107,18,3.6601090332484647,26
1475,90,10,71,5,3.6561036030201253,5
1476,96,30,25,14,3.6552703634781776,16
1477,23,47,65,22,3.6506323242088645,25
1478,30,20,37,8,3.640395609700316,12
1479,36,30,4,12,3.637240076776891,18
1480,75,29,25,12,3.628310605940794,17
1481,95,30,107,14,3.6274659721021303,16
1482,87,27,109,11,3.6214670850147486,16
1483,23,12,3,5,3.6182347339374545,7
1484,71,28,106,12,3.6179609549191336,16
1485,100,17,74,8,3.608814160753291,9
1486,54,17,49,8,3.6048173377686927,9
1487,38,10,114,4,3.5955331559953168,6
1488,39,18,43,9,3.594056058012544,9
1489,41,40,16,19,3.59086824318416,21
1490,16,44,50,19,3.5905125403577944,25
1491,97,10,95,4,3.58943247133478,6
1492,55,19,4,9,3.588808092850447,10
1493,18,21,31,10,3.587950622221053,11
1494,55,41,60,19,3.5814918567431624,22
1495,25,37,65,15,3.5504406247414293,22
1496,18,21,9,8,3.5393206264713797,13
1497,95,18,41,8,3.5391363121321238,10
1498,86,30,17,15,3.5353998581661066,15
1499,87,10,110,4,3.5295519129657293,6
1500,114,22,40,8,3.526293349965295,14
1501,86,46,46,19,3.5258566439485155,27
1502,107,26,1,11,3.5126854626181543,15
1503,20,21,46,8,3.51090539647306,13
1504,91,15,84,7,3.506943767095505,8
1505,109,15,65,5,3.4929763691198916,10
1506,70,28,65,11,3.478419403846195,17
1507,23,10,81,4,3.474530372802633,6
1508,54,23,97,11,3.471940384970224,12
1509,74,60,5,28,3.469996146708342,32
1510,80,10,64,5,3.4689815319315613,5
1511,44,11,107,5,3.4683690685604427,6
1512,86,64,25,30,3.464423778098099,34
1513,75,42,51,19,3.464142646639659,23
1514,33,23,5,11,3.454327509177194,12
1515,60,24,9,9,3.452507943641605,15
1516,40,27,58,13,3.4427419316803687,14
1517,62,13,9,6,3.4417683540662103,7
1518,102,31,25,14,3.4382241991917164,17
1519,68,28,1,12,3.434017947221531,16
1520,68,21,46,10,3.4173658858402485,11
1521,54,17,64,7,3.41464136333959,10
1522,64,25,65,12,3.4066562577818007,13
1523,13,24,15,11,3.400077689467374,13
1524,60,52,40,23,3.3927254890398455,29
1525,1,11,17,5,3.3926767009628676,6
1526,73,10,104,4,3.391491099464731,6
1527,23,39,86,17,3.3893763034670576,22
1528,80,16,37,7,3.388891253141482,9
1529,106,46,51,21,3.386575882240815,25
1530,16,79,65,36,3.3833684890903815,43
1531,73,15,98,7,3.380055365181917,8
1532,7,69,40,29,3.3740068300247916,40
1533,13,96,7,45,3.3736927232668927,51
1534,64,13,100,5,3.366484818368605,8
1535,23,11,57,5,3.3647775906667623,6
1536,14,23,8,10,3.3634201583462158,13
1537,41,15,57,8,3.3629931964746174,7
1538,30,39,16,17,3.3615813153873684,22
1539,16,32,53,14,3.3614231681631748,18
1540,25,22,64,10,3.3578032874265205,12
1541,20,10,9,4,3.353443346624384,6
1542,16,69,8,30,3.3462625386364437,39
1543,7,15,38,7,3.3440541445525094,8
1544,75,13,33,5,3.342736023465548,8
1545,71,13,76,7,3.3359186512389036,6
1546,68,38,63,18,3.3306108743137783,20
1547,62,16,65,7,3.3259575258730765,9
1548,106,12,112,6,3.323575500744726,6
1549,88,31,109,13,3.319901324910579,18
1550,55,19,64,7,3.3190435026221876,12
1551,70,16,95,8,3.3075112398485507,8
1552,104,60,5,28,3.3007473735225052,32
1553,28,10,66,4,3.2971362620814295,6
1554,64,14,108,7,3.2970856020365416,7
1555,7,22,98,9,3.296043825736436,13
1556,41,17,50,7,3.2946411387183265,10
1557,104,21,18,8,3.287300479317466,13
1558,81,14,18,6,3.285175513857385,8
1559,14,14,54,5,3.277729167717837,9
1560,114,13,67,6,3.2746706512348434,7
1561,102,11,91,5,3.2738070744638943,6
1562,70,14,93,6,3.271451863431868,8
1563,69,10,95,4,3.264458823530609,6
1564,86,72,84,36,3.2610166651310086,36
1565,76,14,95,6,3.2576515088397957,8
1566,114,47,25,20,3.2540864225169766,27
1567,39,17,77,8,3.2526982147620656,9
1568,51,40,41,18,3.2494854683164425,22
1569,11,25,20,10,3.2452743370759327,15
1570,85,14,54,6,3.2397539807116327,8
1571,80,27,54,13,3.233697956928793,14
1572,36,26,55,12,3.233599728724402,14
1573,40,62,36,27,3.2253161708263898,35
1574,3,25,68,11,3.217909957322218,14
1575,74,20,109,8,3.216896835550741,12
1576,39,18,31,8,3.210181064750059,10
1577,50,46,107,22,3.2042384401027664,24
1578,65,67,107,30,3.1984977040603724,37
1579,8,20,17,10,3.195790244071943,10
1580,87,42,28,20,3.194153686351698,22
1581,56,13,40,6,3.1849812029941647,7
1582,30,20,104,10,3.175235326966708,10
1583,90,14,74,5,3.1680613510289204,9
1584,75,27,87,12,3.167894135437667,15
1585,64,10,17,5,3.1677882251551073,5
1586,8,36,39,17,3.1644923509176244,19
1587,86,21,82,9,3.1586560919846263,12
1588,71,22,9,9,3.149557456981656,13
1589,46,49,5,21,3.1376099704313343,28
1590,48,24,16,10,3.1374129948233116,14
1591,68,18,78,8,3.136919909640927,10
1592,73,17,1,7,3.1278019900589866,10
1593,86,19,35,10,3.1129031115204757,9
1594,87,54,88,27,3.1116049251566267,27
1595,109,25,106,12,3.1028448270841773,13
1596,99,14,68,6,3.1001036150844663,8
1597,102,21,16,10,3.0964065920645116,11
1598,17,22,54,11,3.092931167491581,11
1599,6,20,16,10,3.089484314971671,10
1600,98,22,37,10,3.078006071981288,12
1601,97,24,46,11,3.066170643508983,13
1602,87,45,54,19,3.065819583140276,26
1603,71,18,25,8,3.0644100067848146,10
1604,64,22,4,11,3.063727780037292,11
1605,48,14,55,6,3.06362691776684,8
1606,114,16,45,7,3.051590706731585,9
1607,16,23,43,9,3.04993781187091,14
1608,38,13,96,6,3.0422152322461717,7
1609,84,21,48,9,3.0347277834877127,12
1610,41,16,47,7,3.031406429138557,9
1611,75,15,84,7,3.030584614121957,8
1612,7,24,47,10,3.0218576148324785,14
1613,11,61,86,28,3.0132272452080953,33
1614,71,22,63,9,3.013067036312329,13
1615,100,11,30,5,3.0087992836449575,6
1616,4,17,18,7,3.005461987416452,10
1617,70,18,9,7,3.0039709196882054,11
1618,13,10,76,4,2.9998952230617983,6
1619,11,46,107,21,2.9990181027783187,25
1620,41,15,76,8,2.9964435296570433,7
1621,74,10,30,5,2.9862406732405895,5
1622,23,16,28,8,2.982809086991735,8
1623,10,12,84,5,2.980259678929738,7
1624,53,23,104,11,2.980132904984264,12
1625,107,47,106,22,2.979858171438942,25
1626,97,20,104,10,2.974415183334443,10
1627,60,53,16,25,2.9699728981115534,28
1628,74,80,86,38,2.9697910939616237,42
1629,74,27,13,12,2.9694950143468217,15
1630,8,41,65,19,2.9652698998074127,22
1631,51,19,30,9,2.961405691964683,10
1632,95,42,16,20,2.9607842859241957,22
1633,102,18,74,8,2.9546185397660167,10
1634,54,42,51,20,2.951484262144892,22
1635,94,14,107,5,2.948066087520637,9
1636,37,14,62,8,2.946481909668118,6
1637,7,65,36,30,2.945241621770237,35
1638,20,18,95,8,2.944277541841498,10
1639,36,20,87,8,2.935573250897663,12
1640,28,29,91,13,2.9278794084123945,16
1641,99,15,65,7,2.9253489592007305,8
1642,16,49,54,22,2.9250805759955867,27
1643,92,14,60,6,2.923467229900839,8
1644,62,17,87,7,2.919145987749967,10
1645,25,12,108,5,2.9132670669268244,7
1646,51,17,49,8,2.9106002243152314,9
1647,91,19,37,9,2.9050960547005245,10
1648,75,35,39,17,2.904548545029929,18
1649,109,10,38,4,2.902217953047755,6
1650,71,13,108,6,2.8992906212622866,7
1651,16,44,70,19,2.896481261942138,25
1652,16,88,86,39,2.8956065696174464,49
1653,69,17,87,8,2.88624107715955,9
1654,63,23,60,10,2.8746236800640075,13
1655,60,32,36,15,2.8688120660813876,17
1656,7,25,3,10,2.8676558749050334,15
1657,63,35,114,14,2.8649352234314653,21
1658,81,18,107,9,2.859003244509169,9
1659,51,18,99,9,2.853477797374065,9
1660,55,15,41,7,2.850526507785498,8
1661,97,13,33,6,2.8486496222061595,7
1662,63,21,23,9,2.8451438754091956,12
1663,23,13,104,5,2.8445076862849494,8
1664,86,26,62,12,2.8395121662510405,14
1665,97,18,53,9,2.833103943356172,9
1666,36,28,9,12,2.8317040557573994,16
1667,99,17,15,7,2.8189668514207984,10
1668,106,22,60,9,2.8140287890158686,13
1669,99,15,41,7,2.8081672918617278,8
1670,91,12,114,6,2.8069496149403275,6
1671,91,17,31,7,2.8051302221606758,10
1672,104,48,7,22,2.8023975146169997,26
1673,79,15,50,6,2.7998338113931376,9
1674,88,37,4,17,2.796435238112828,20
1675,64,11,47,4,2.7940444976016363,7
1676,88,55,68,25,2.7876628016546565,30
1677,20,45,37,21,2.7863088238660265,24
1678,8,37,104,17,2.7794749735414084,20
1679,68,12,81,5,2.7747349509992323,7
1680,5,11,10,6,2.7716738654503197,5
1681,109,49,5,24,2.7561957001201702,25
1682,14,15,11,6,2.753683750814255,9
1683,90,12,70,6,2.752032456337357,6
1684,14,16,84,7,2.744202009506242,9
1685,51,12,44,7,2.7441488464385255,5
1686,97,35,114,16,2.7409672534289364,19
1687,65,50,106,23,2.735321183024918,27
1688,86,75,8,37,2.7307184147353327,38
1689,95,11,80,5,2.7197438471090796,6
1690,16,21,33,8,2.7169085795346413,13
1691,107,57,37,26,2.7122377942768776,31
1692,88,16,35,7,2.7016670598150445,9
1693,47,17,68,7,2.694044903632606,10
1694,25,17,44,8,2.673535476281759,9
1695,80,10,68,4,2.6691327826896623,6
1696,86,70,54,33,2.6680240503824866,37
1697,100,15,23,8,2.667477926968046,7
1698,114,25,74,12,2.666972342657447,13
1699,86,15,34,7,2.666255439949745,8
1700,51,31,109,12,2.6658568783873675,19
1701,11,16,35,7,2.658402580780903,9
1702,74,13,91,6,2.658254293210725,7
1703,17,25,50,12,2.6581206262781656,13
1704,88,22,57,11,2.655662950437946,11
1705,65,20,76,8,2.6552026491926353,12
1706,28,36,25,15,2.6530805265031128,21
1707,30,24,8,11,2.6514132136935467,13
1708,27,14,25,7,2.6490270617847687,7
1709,60,56,88,25,2.645544371153806,31
1710,25,31,97,14,2.644610680480786,17
1711,112,15,63,6,2.644384896710046,9
1712,63,86,86,36,2.643958248855907,50
1713,16,60,5,25,2.6435184456824317,35
1714,33,14,95,6,2.641545389608455,8
1715,54,28,114,14,2.6355280322257,14
1716,18,31,107,13,2.618673524092411,18
1717,11,12,41,4,2.61594797809933,8
1718,68,72,13,32,2.607720373776666,40
1719,69,11,71,5,2.6042984987224993,6
1720,16,13,29,7,2.598885422100126,6
1721,39,23,5,11,2.5977698137373055,12
1722,36,20,91,9,2.5759002594566027,11
1723,80,24,28,11,2.5705556034476817,13
1724,47,11,91,5,2.565831417578021,6
1725,50,16,97,7,2.5655675176587955,9
1726,13,62,55,29,2.563112858964352,33
1727,83,10,63,6,2.557624644664858,4
1728,86,14,14,7,2.5565201304900333,7
1729,71,14,46,7,2.553189799938572,7
1730,9,42,40,19,2.549940843889744,23
1731,7,97,68,43,2.5483482091400553,54
1732,16,69,13,31,2.545472824988716,38
1733,43,16,18,9,2.5427113019611918,7
1734,63,35,11,14,2.539597707853179,21
1735,81,10,39,5,2.5393992954040643,5
1736,15,17,60,7,2.530064109579054,10
1737,11,13,68,6,2.5250619833588033,7
1738,86,101,87,51,2.52119645781937,50
1739,27,34,68,15,2.5045591603597663,19
1740,13,42,53,18,2.5040131846696037,24
1741,23,11,53,5,2.5030034532740983,6
1742,1,23,41,12,2.5025182941122126,11
1743,37,18,109,8,2.501013404341532,10
1744,11,20,48,9,2.499763597895506,11
1745,39,42,65,22,2.4941190501702715,20
1746,75,34,9,15,2.4939025995121273,19
1747,18,11,111,5,2.4899108726358863,6
1748,30,10,9,5,2.4892766529566774,5
1749,8,40,20,19,2.4774464429650913,21
1750,107,43,23,21,2.4742420245016374,22
1751,28,14,60,5,2.4489380790199258,9
1752,4,31,31,13,2.4445708193968865,18
1753,35,18,7,9,2.4440991195922277,9
1754,32,10,50,6,2.444054190716271,4
1755,13,17,20,7,2.4414106325578646,10
1756,55,39,106,17,2.438139246666604,22
1757,20,17,97,8,2.4355837212433697,9
1758,87,21,99,9,2.4324110326808843,12
1759,91,20,75,13,2.432369433261267,7
1760,102,11,84,5,2.4318791540205256,6
1761,25,15,43,5,2.4278403340518975,10
1762,86,16,78,7,2.425621656176869,9
1763,109,11,99,5,2.4195174025010595,6
1764,107,46,25,22,2.4187485647838765,24
1765,9,11,97,6,2.4173509345143627,5
1766,20,16,7,8,2.4138769653971535,8
1767,86,25,18,11,2.412550065781985,14
1768,107,23,108,10,2.4105812647131257,13
1769,49,25,7,10,2.404169453539046,15
1770,93,14,84,6,2.3958694367553783,8
1771,20,20,109,8,2.3908375286297607,12
1772,83,22,87,11,2.390357141943488,11
1773,111,12,8,6,2.390343846489095,6
1774,34,10,75,4,2.3858790426993286,6
1775,28,36,51,18,2.375623805094966,18
1776,69,10,96,4,2.3715807543077463,6
1777,99,23,5,11,2.3616219022642833,12
1778,48,14,109,6,2.3615030071790217,8
1779,7,51,18,25,2.3559986761599485,26
1780,61,16,88,8,2.3480784754629918,8
1781,71,13,3,6,2.33410817408907,7
1782,37,11,43,4,2.332605420766109,7
1783,87,77,107,36,2.328977670040427,41
1784,95,18,23,9,2.323798075251889,9
1785,44,18,6,7,2.3134306364458705,11
1786,4,12,28,6,2.3082234369651164,6
1787,39,15,37,7,2.3035659002530346,8
1788,4,17,114,8,2.300970949677628,9
1789,106,36,96,16,2.2984565902488905,20
1790,36,12,23,7,2.289413073926484,5
1791,4,10,69,5,2.2893847670477183,5
1792,100,10,44,5,2.2846928296940927,5
1793,97,28,16,15,2.2728107130505983,13
1794,41,39,107,17,2.272015695328518,22
1795,28,66,96,31,2.267406944603933,35
1796,46,34,28,14,2.2549666124967906,20
1797,47,19,31,9,2.254094591761988,10
1798,87,35,104,18,2.2393020839894087,17
1799,68,25,70,12,2.2334926025833988,13
1800,39,45,68,22,2.2330230919386667,23
1801,76,24,8,12,2.22939302069529,12
1802,28,16,100,7,2.2255414738387724,9
1803,88,11,33,6,2.22422094342155,5
1804,11,11,114,6,2.222333602098374,5
1805,98,13,99,7,2.2212581677933785,6
1806,104,11,69,4,2.217479448350339,7
1807,112,11,8,6,2.2144684353504553,5
1808,5,50,96,22,2.2114271922507607,28
1809,37,24,84,11,2.201223464549896,13
1810,8,23,48,10,2.2004165749645987,13
1811,96,11,14,5,2.19268862994012,6
1812,8,64,74,28,2.186622040651489,36
1813,73,13,63,7,2.1816500275336987,6
1814,63,26,70,12,2.1813121472430437,14
1815,97,10,31,5,2.1753585415679075,5
1816,33,11,39,5,2.170155887452032,6
1817,11,22,13,11,2.1659141415387677,11
1818,8,31,71,14,2.1657517931270958,17
1819,88,14,74,5,2.165363961250821,9
1820,55,51,88,22,2.161819612033386,29
1821,23,10,29,5,2.1610971150686167,5
1822,87,27,46,14,2.1507851989480726,13
1823,2,19,87,9,2.150541163273267,10
1824,49,12,9,6,2.148758495114292,6
1825,109,16,50,8,2.1420450648202105,8
1826,109,11,4,5,2.1419331908800836,6
1827,11,49,28,24,2.139899963041059,25
1828,25,15,84,7,2.1183956865956017,8
1829,53,11,70,5,2.117480208536356,6
1830,48,13,30,7,2.114145406665778,6
1831,74,12,33,6,2.113811361820999,6
1832,114,62,107,28,2.109100930023694,34
1833,99,24,60,11,2.100940382067205,13
1834,28,62,5,30,2.1003743399505708,32
1835,107,60,63,31,2.0964077028797097,29
1836,97,22,8,11,2.094799206270941,11
1837,29,10,106,5,2.0946248807739694,5
1838,40,69,86,30,2.0884651307514788,39
1839,13,83,65,38,2.086456721890302,45
1840,16,13,112,5,2.0833674534634827,8
1841,109,18,97,8,2.0795967033066414,10
1842,82,10,63,5,2.077975861296688,5
1843,50,23,4,12,2.077515520452509,11
1844,28,13,3,5,2.077352009690399,8
1845,77,52,60,24,2.0764857415563522,28
1846,49,47,13,23,2.0644672757571514,24
1847,25,46,39,22,2.053255430368431,24
1848,50,15,30,7,2.0464195072984315,8
1849,23,17,54,8,2.0401263588538048,9
1850,90,24,60,10,2.0397275719261816,14
1851,53,17,5,7,2.0365205235792767,10
1852,89,14,88,7,2.0354634990614118,7
1853,58,12,63,7,2.0345686518653676,5
1854,87,18,31,9,2.034283022840931,9
1855,71,23,31,11,2.0298886058883467,12
1856,55,12,73,6,2.0248295643907164,6
1857,39,15,96,6,2.0243430136139735,9
1858,8,36,90,16,2.0194647820717804,20
1859,4,10,58,4,2.0168974614800463,6
1860,23,30,87,13,2.0127655582890838,17
1861,107,36,70,18,2.009754198396939,18
1862,39,42,60,21,2.0085829887842834,21
1863,28,51,65,23,2.007039097241144,28
1864,12,20,51,9,2.003059252583365,11
1865,3,14,55,6,2.002391581967284,8
1866,40,12,109,5,1.998570204572248,7
1867,60,37,114,21,1.997589096560411,16
1868,84,10,35,5,1.9965083140622215,5
1869,28,31,39,14,1.9887840080238135,17
1870,7,57,9,28,1.9864125790744158,29
1871,48,13,13,6,1.9848220769452258,7
1872,43,24,40,12,1.9829158981254167,12
1873,60,23,46,11,1.9804607974865251,12
1874,88,33,37,15,1.9799898753785308,18
1875,4,21,51,9,1.972550144092395,12
1876,46,19,63,10,1.9709249209761102,9
1877,70,27,51,13,1.9701673060904334,14
1878,2,12,75,5,1.9694128550530172,7
1879,3,10,12,5,1.962908598029831,5
1880,60,10,94,5,1.9558814631865946,5
1881,36,25,106,12,1.9544195558404933,13
1882,23,14,31,6,1.9392936999416424,8
1883,110,13,104,5,1.9388474450810558,8
1884,60,43,107,21,1.9363703422518843,22
1885,18,46,53,22,1.9347147097100328,24
1886,60,27,8,14,1.9314540236492588,13
1887,87,30,84,14,1.9310332903828065,16
1888,54,33,7,16,1.9280653210517351,17
1889,70,21,41,11,1.919847111480952,10
1890,88,65,107,29,1.9194263193599825,36
1891,99,11,76,6,1.9173589523208343,5
1892,30,14,96,7,1.9170201840499577,7
1893,97,32,106,16,1.9159665785715099,16
1894,8,68,88,32,1.9060723245156992,36
1895,74,14,108,7,1.8987503296630384,7
1896,5,26,91,11,1.892251700304698,15
1897,80,21,87,10,1.8874367778467116,11
1898,112,17,53,7,1.881959431698796,10
1899,60,16,83,7,1.8774619090517453,9
1900,37,21,76,11,1.8761952725973927,10
1901,91,12,90,6,1.87462520245966,6
1902,88,15,6,7,1.8704025783167155,8
1903,74,14,17,7,1.8676704113074118,7
1904,37,44,28,20,1.8670737685584553,24
1905,37,95,5,46,1.8654288703425719,49
1906,28,11,49,6,1.8638166520419177,5
1907,48,12,39,6,1.8633366398280342,6
1908,27,16,75,9,1.8615218799158824,7
1909,2,17,84,8,1.8594432529031952,9
1910,87,61,106,30,1.856632619724249,31
1911,83,19,88,10,1.8504010929562806,9
1912,13,40,27,20,1.8480996340965112,20
1913,34,12,106,5,1.8480424044178243,7
1914,28,21,98,8,1.8460912305825183,13
1915,95,25,53,10,1.845917088035911,15
1916,40,59,51,28,1.8453671538115297,31
1917,7,14,29,8,1.8294106613069705,6
1918,69,21,65,10,1.828894459931939,11
1919,44,13,114,6,1.8263733365516701,7
1920,102,13,99,6,1.8212893413036875,7
1921,53,11,62,6,1.8210741222165558,5
1922,104,25,98,14,1.8132425151369795,11
1923,40,18,111,9,1.8104998545748818,9
1924,60,40,86,18,1.807662868878988,22
1925,36,22,25,11,1.8071440138268557,11
1926,8,65,28,30,1.8060421386611976,35
1927,13,33,9,14,1.800941496909199,19
1928,2,20,37,10,1.7943143656917857,10
1929,18,11,98,6,1.7936053548430677,5
1930,78,13,60,7,1.793099930888824,6
1931,86,18,77,8,1.7863634608366037,10
1932,65,56,68,26,1.7862444719769794,30
1933,25,23,17,11,1.7821487319531366,12
1934,37,25,90,12,1.7816453937181782,13
1935,107,21,43,9,1.7705927977449125,12
1936,88,32,31,16,1.7681321425900511,16
1937,84,26,70,12,1.7530345342228948,14
1938,86,27,31,12,1.7481604594726345,15
1939,87,45,55,21,1.7438825631797923,24
1940,7,15,112,7,1.7405042337342969,8
1941,36,37,88,16,1.7392851936744347,21
1942,70,19,75,10,1.7314858975507377,9
1943,60,14,11,7,1.72978393860355,7
1944,74,10,85,5,1.7134982697618455,5
1945,84,13,76,6,1.710890300241341,7
1946,16,23,15,10,1.7107339416917322,13
1947,50,32,8,17,1.7065203942920957,15
1948,112,12,75,6,1.7058808528019842,6
1949,4,13,9,6,1.701361350276758,7
1950,34,17,50,8,1.6919122560222062,9
1951,7,74,41,36,1.687245672647556,38
1952,3,16,65,8,1.6865763756388534,8
1953,76,29,96,13,1.6762730706442965,16
1954,75,33,36,14,1.675219130717453,19
1955,32,11,109,6,1.6660133397695764,5
1956,50,22,64,11,1.6654672188379334,11
1957,16,50,74,23,1.6504828930462028,27
1958,4,17,16,9,1.6500251202992011,8
1959,41,21,69,8,1.6332037511405506,13
1960,106,23,100,10,1.6259246684962216,13
1961,34,13,9,6,1.6242149298552002,7
1962,7,17,11,8,1.6096082788053923,9
1963,30,16,76,7,1.6024569322304725,9
1964,86,33,9,16,1.6021416906403674,17
1965,1,18,64,9,1.601991871041947,9
1966,99,18,30,8,1.5949338139614577,10
1967,90,20,88,10,1.5942056242731586,10
1968,1,30,36,16,1.5919918411390332,14
1969,11,50,16,21,1.5847538757191766,29
1970,2,15,25,8,1.5845186001024008,7
1971,55,22,90,12,1.578656952498874,10
1972,39,45,55,21,1.5783298554748115,24
1973,9,17,58,8,1.5745185575436567,9
1974,97,35,88,17,1.57373349894929,18
1975,71,44,7,23,1.5726988471076,21
1976,63,37,50,17,1.5673775939383385,20
1977,9,14,111,7,1.5621342613374551,7
1978,40,17,61,8,1.5607473214395389,9
1979,104,23,83,10,1.5563880557352996,13
1980,86,87,107,42,1.5539655972466802,45
1981,11,26,74,12,1.5483769164487977,14
1982,78,12,88,6,1.5390409866991368,6
1983,81,15,4,8,1.5369299818364033,7
1984,48,14,88,8,1.5368173707334059,6
1985,107,11,79,6,1.5337921396437175,5
1986,98,25,107,12,1.5336986422482113,13
1987,106,19,83,8,1.5311768047912764,11
1988,87,43,39,20,1.5260746942500143,23
1989,39,37,49,17,1.5260215447541619,20
1990,20,33,106,15,1.5258125164631027,18
1991,35,14,37,7,1.523131742310598,7
1992,16,17,2,8,1.5157503924432267,9
1993,46,12,55,5,1.5148590180899557,7
1994,84,30,50,15,1.5145533767727444,15
1995,40,12,108,5,1.5026228243365922,7
1996,65,36,71,16,1.5005631642179087,20
1997,68,17,77,8,1.4983876400045488,9
1998,60,12,98,6,1.4966976528921432,6
1999,55,12,35,6,1.4940575955038922,6
2000,102,17,106,9,1.4908896648943566,8
2001,88,64,51,33,1.4906474480391987,31
2002,86,88,28,41,1.4858586725756162,47
2003,54,80,65,38,1.485419292370452,42
2004,11,17,32,9,1.4729852723414754,8
2005,20,29,16,12,1.47224219682996,17
2006,28,14,89,6,1.4639788382157592,8
2007,71,23,114,11,1.4633016074417924,12
2008,8,16,38,8,1.4562520429495758,8
2009,98,20,76,9,1.4493678922731097,11
2010,23,15,111,9,1.4423437741402556,6
2011,104,36,106,18,1.4413463387141443,18
2012,91,11,9,5,1.4374740940297928,6
2013,29,10,39,5,1.4323721801769824,5
2014,76,27,70,12,1.4264215948460301,15
2015,106,14,110,7,1.4258595725562953,7
2016,7,47,4,23,1.425465670936817,24
2017,18,16,8,7,1.4245152955314584,9
2018,36,35,45,19,1.423273124508123,16
2019,41,54,13,27,1.4192783444348887,27
2020,74,10,98,5,1.4177496992788108,5
2021,62,17,40,9,1.4165929440121214,8
2022,41,30,40,15,1.4126537270823982,15
2023,102,15,11,6,1.4114820984859568,9
2024,114,26,20,12,1.4108238049500665,14
2025,95,33,87,16,1.4093862652474116,17
2026,87,39,74,18,1.4084912775273248,21
2027,69,14,74,6,1.4059175586044312,8
2028,114,25,75,12,1.3997484689276625,13
2029,55,27,84,13,1.3965203244162756,14
2030,7,15,83,6,1.3943529604549396,9
2031,95,28,39,13,1.3939598099667563,15
2032,87,14,14,7,1.3937442948736471,7
2033,83,19,97,10,1.3860983501952917,9
2034,50,41,11,19,1.3816262941644981,22
2035,65,67,41,30,1.3762695204103346,37
2036,90,11,76,6,1.3711097869836062,5
2037,7,79,65,40,1.3709709515008266,39
2038,27,13,23,7,1.3665703255989456,6
2039,30,23,40,11,1.3656919842952282,12
2040,97,14,75,7,1.365095248526459,7
2041,25,26,30,14,1.363384718034577,12
2042,104,39,95,18,1.3572737261218613,21
2043,66,10,106,5,1.351186640616529,5
2044,39,38,53,18,1.351041074347787,20
2045,68,10,32,6,1.3472663297967609,4
2046,53,34,51,17,1.3458986884044253,17
2047,79,17,28,8,1.3443965025775713,9
2048,84,17,90,8,1.3434141546201468,9
2049,74,19,18,10,1.343162947181306,9
2050,53,22,86,12,1.3406985788628303,10
2051,8,66,37,32,1.3357403383797626,34
2052,9,42,68,21,1.3253193940440775,21
2053,8,42,51,20,1.3202224517719274,22
2054,74,18,80,9,1.3199661328668575,9
2055,46,60,88,30,1.317189159463411,30
2056,10,16,8,7,1.3145513780375315,9
2057,86,52,50,23,1.3103899161881964,29
2058,86,42,90,20,1.3095228676827357,22
2059,75,40,55,17,1.3084757661622761,23
2060,13,14,62,7,1.30641575257088,7
2061,70,11,102,7,1.3043211125718095,4
2062,86,61,55,29,1.3025975558212732,32
2063,74,11,71,6,1.2965496064290503,5
2064,7,10,48,5,1.2935702348960656,5
2065,2,22,74,10,1.2925512141562505,12
2066,37,39,114,17,1.2862437740866852,22
2067,86,37,68,18,1.2860459364130297,19
2068,53,27,55,13,1.2779511796237277,14
2069,64,17,45,8,1.276230439778216,9
2070,12,14,40,7,1.2723102043179608,7
2071,63,13,45,6,1.2687094536706702,7
2072,84,37,96,19,1.2684027154450666,18
2073,30,15,7,6,1.2653074178605743,9
2074,81,16,88,8,1.263856600933,8
2075,55,26,99,12,1.2605449554949548,14
2076,72,12,7,6,1.258904197957913,6
2077,109,19,84,9,1.24524860607484,10
2078,104,12,43,5,1.2430962980218274,7
2079,8,11,68,5,1.2395579716830027,6
2080,13,19,45,9,1.2380669113567067,10
2081,54,19,98,9,1.237916298592764,10
2082,63,16,95,8,1.233969730193377,8
2083,69,20,7,11,1.233214640709448,9
2084,25,13,47,7,1.2263479187744069,6
2085,106,43,88,19,1.225832134664899,24
2086,63,45,40,21,1.217125672005324,24
2087,3,13,45,6,1.2062572293830818,7
2088,7,72,60,35,1.2061879252659613,37
2089,104,31,74,14,1.2043428927588453,17
2090,94,12,43,5,1.1957377911100522,7
2091,25,25,109,12,1.1927554377225935,13
2092,16,34,40,16,1.1922066764495736,18
2093,87,13,27,6,1.18766621796423,7
2094,39,31,104,15,1.1860951445386856,16
2095,57,14,28,7,1.1812096036740403,7
2096,106,20,9,10,1.1800889074777896,10
2097,71,30,39,14,1.1793525965371914,16
2098,76,24,28,11,1.171307704252366,13
2099,13,11,72,6,1.1645211045216037,5
2100,2,40,8,20,1.1594572352269998,20
2101,50,11,73,4,1.148123985347342,7
2102,96,57,107,26,1.142410333210293,31
2103,36,29,71,15,1.1353483167226393,14
2104,23,47,16,22,1.133588423461974,25
2105,20,14,48,6,1.1319086574299344,8
2106,40,42,31,21,1.1303256616830142,21
2107,33,13,114,7,1.1286658148323794,6
2108,8,80,55,41,1.113783107633615,39
2109,75,23,74,10,1.113638297992798,13
2110,13,52,4,27,1.1135755473174749,25
2111,25,17,57,8,1.1122394350713356,9
2112,7,13,80,7,1.1107107140209225,6
2113,86,49,109,24,1.1036917179357137,25
2114,20,16,76,9,1.1006143157067259,7
2115,54,16,33,7,1.1000953180608282,9
2116,111,46,68,23,1.0998589346567467,23
2117,27,16,106,9,1.0992702168895798,7
2118,83,16,109,9,1.0939664342434448,7
2119,86,67,20,32,1.090808542947844,35
2120,83,33,55,17,1.0771475436917035,16
2121,67,20,37,9,1.0707700527635258,11
2122,84,59,107,29,1.0684618045247287,30
2123,57,15,51,7,1.0657059676341953,8
2124,68,29,104,15,1.0567991354643385,14
2125,41,13,54,7,1.0364149113268506,6
2126,65,11,61,5,1.0296727282732392,6
2127,107,68,28,32,1.0277499916662307,36
2128,70,10,33,5,1.0222975969230632,5
2129,93,20,88,9,1.0138818382921346,11
2130,20,23,80,11,1.0138169865719238,12
2131,114,55,88,27,1.0131047344809974,28
2132,68,14,6,6,1.005162162800652,8
2133,114,39,7,18,1.0047894280060632,21
2134,104,56,16,27,1.00434112098238,29
2135,20,22,70,11,1.0037779537681712,11
2136,45,15,71,6,0.9984150243560196,9
2137,31,52,65,26,0.9975860011767542,26
2138,109,10,71,5,0.9970275319814977,5
2139,107,13,14,7,0.9920091994330184,6
2140,106,67,28,32,0.9916026418837893,35
2141,9,20,50,10,0.9885052658281767,10
2142,26,10,13,4,0.9827160697327564,6
2143,84,18,65,8,0.9824722158055605,10
2144,102,11,60,5,0.9813764507321933,6
2145,71,32,88,14,0.9703190068694105,18
2146,50,61,54,30,0.9686960838960992,31
2147,106,52,63,26,0.9674390170069784,26
2148,39,38,107,20,0.9668768431627343,18
2149,18,27,60,13,0.9660858898942075,14
2150,54,32,39,15,0.965258089821684,17
2151,96,44,87,22,0.9639736076499449,22
2152,14,14,5,6,0.9561035605846475,8
2153,34,14,63,7,0.9507384684475217,7
2154,114,10,112,4,0.948200450587195,6
2155,63,42,39,17,0.9471690774065145,25
2156,7,20,8,9,0.9446580951337806,11
2157,30,18,68,9,0.9431634627289216,9
2158,64,10,33,4,0.9428685824938471,6
2159,70,50,86,23,0.9386675711946502,27
2160,40,14,11,7,0.9327312826337018,7
2161,112,12,31,7,0.9315079114369526,5
2162,8,32,93,16,0.929819616045558,16
2163,25,22,83,10,0.9290503981463761,12
2164,33,17,86,9,0.9246066959077469,8
2165,85,12,107,6,0.9241238862197019,6
2166,69,17,50,7,0.9188452019230828,10
2167,13,20,33,10,0.918120505460343,10
2168,68,41,107,21,0.9174952469365719,20
2169,9,11,38,6,0.9163664138473987,5
2170,17,36,51,18,0.911826429156176,18
2171,51,54,68,29,0.9110605893369681,25
2172,80,15,8,8,0.9079706413866477,7
2173,95,28,25,14,0.9052285032456326,14
2174,86,55,13,28,0.9003167499142393,27
2175,68,17,74,7,0.9001065237726507,10
2176,86,29,2,15,0.8965192316081069,14
2177,107,31,46,16,0.8942764168819464,15
2178,64,17,97,8,0.8923543316851008,9
2179,13,11,61,5,0.8869748833856806,6
2180,77,21,4,10,0.8810684428976758,11
2181,50,27,25,14,0.8694133305278393,13
2182,17,25,107,12,0.8679548014758948,13
2183,39,24,47,12,0.8669398594756924,12
2184,63,15,47,6,0.8646476928239503,9
2185,10,10,114,4,0.8617397018011257,6
2186,96,13,109,6,0.860547999068384,7
2187,95,17,75,8,0.8604277528016115,9
2188,63,41,87,19,0.8565025279628337,22
2189,28,17,33,7,0.8541289895316202,10
2190,54,21,9,10,0.8370391633271439,11
2191,71,33,107,15,0.8345735817070128,18
2192,86,10,89,4,0.8309374732906825,6
2193,70,19,97,10,0.8297653905231785,9
2194,2,16,46,8,0.8285194662826778,8
2195,55,12,62,5,0.8240244688504355,7
2196,11,23,65,10,0.8217152797009966,13
2197,87,33,18,17,0.8108311765467671,16
2198,16,24,98,12,0.8098243077702199,12
2199,40,27,18,15,0.8087261485320237,12
2200,16,37,114,17,0.8068166703323738,20
2201,64,34,88,16,0.8026752440032762,18
2202,2,22,88,11,0.7956469041111237,11
2203,49,14,65,7,0.7937150257994673,7
2204,5,16,77,8,0.7908065895997609,8
2205,11,28,39,14,0.7894372385849194,14
2206,18,19,65,10,0.7868157298210118,9
2207,32,10,13,5,0.783536384760421,5
2208,65,34,37,18,0.7811221325476839,16
2209,104,29,70,14,0.7763215524039639,15
2210,33,15,104,8,0.7704375614853092,7
2211,11,15,51,8,0.765784841674621,7
2212,65,17,47,8,0.763886252367048,9
2213,43,12,41,6,0.7520051303885097,6
2214,104,42,114,20,0.7516348919980083,22
2215,28,27,48,13,0.7484805696104432,14
2216,36,13,74,5,0.7437175733038444,8
2217,60,39,53,21,0.7322279766140602,18
2218,9,11,74,6,0.7299286370521872,5
2219,15,23,25,10,0.7267013492378231,13
2220,1,21,7,11,0.7244755575764812,10
2221,8,48,11,22,0.7230407809506088,26
2222,23,12,97,6,0.7204148154622638,6
2223,74,43,65,22,0.7154736955647408,21
2224,82,13,28,7,0.7153587234866209,6
2225,70,53,8,26,0.714533044758106,27
2226,60,12,38,6,0.6995470537788487,6
2227,106,25,17,11,0.6970418753518993,14
2228,27,11,99,6,0.6941577039356042,5
2229,65,48,75,23,0.690619681916993,25
2230,69,23,88,12,0.6879038227398506,11
2231,8,11,43,5,0.6873113766159772,6
2232,69,27,36,14,0.6809724640922133,13
2233,14,12,88,6,0.6801737661196036,6
2234,63,17,53,8,0.6790939797636328,9
2235,17,35,37,19,0.6754496375254361,16
2236,12,12,50,4,0.6745215776289418,8
2237,71,10,18,5,0.6742469098900479,5
2238,23,15,15,7,0.6735916899677631,8
2239,17,10,87,5,0.6720551767544857,5
2240,46,21,76,10,0.6695307665561867,11
2241,13,12,12,8,0.6620136814767505,4
2242,51,10,32,5,0.661863088969647,5
2243,68,12,44,6,0.6567355303439977,6
2244,106,41,50,19,0.6550249237337579,22
2245,54,64,107,32,0.649092115727513,32
2246,15,12,114,6,0.6485587728380157,6
2247,47,24,40,10,0.6452925903225615,14
2248,7,29,95,15,0.6426885115113705,14
2249,98,16,50,8,0.6426219058041094,8
2250,25,25,41,14,0.6394054706376684,11
2251,111,17,36,8,0.6365354853619557,9
2252,45,13,87,6,0.6337375141360975,7
2253,41,28,106,13,0.629047162066602,15
2254,51,56,55,28,0.628635663200355,28
2255,63,87,65,43,0.6284242288955311,44
2256,11,11,97,6,0.6269874474505769,5
2257,27,10,11,4,0.6266769775986689,6
2258,20,16,30,8,0.6221727905859933,8
2259,13,42,5,21,0.6022033540566145,21
2260,86,48,114,23,0.5985858849587603,25
2261,97,34,74,16,0.5971052080534035,18
2262,50,16,112,7,0.5935648637817506,9
2263,63,15,49,8,0.5934896779184335,7
2264,49,14,8,6,0.588443561106832,8
2265,25,18,18,8,0.5853998791644801,10
2266,2,17,96,8,0.5793042045284421,9
2267,36,22,68,11,0.5729806633636697,11
2268,70,36,106,19,0.5728343742963955,17
2269,71,19,4,11,0.5721760075022247,8
2270,40,11,113,5,0.5709434730623841,6
2271,97,31,2,15,0.5614740846174435,16
2272,83,10,2,5,0.5594397265150824,5
2273,64,12,15,7,0.5592833166577472,5
2274,25,18,70,9,0.5576629056938336,9
2275,5,49,54,23,0.5526115688513309,26
2276,47,14,87,7,0.5437745197144589,7
2277,49,39,88,19,0.5397148130039713,20
2278,106,10,1,5,0.539652861011431,5
2279,64,36,68,16,0.5392659539066377,20
2280,100,12,36,6,0.5299348319981757,6
2281,46,16,57,8,0.5297057406629254,8
2282,54,39,74,20,0.5263234536886654,19
2283,73,19,28,10,0.5214155246375574,9
2284,7,18,70,7,0.5158871113950122,11
2285,102,15,65,8,0.5147167349336844,7
2286,41,11,90,6,0.513841479320257,5
2287,86,16,12,8,0.5017688026947509,8
2288,70,19,39,10,0.49953189293951183,9
2289,5,59,87,29,0.4991669720547012,30
2290,87,48,51,24,0.4987492063209562,24
2291,3,11,54,5,0.4961570914109385,6
2292,86,79,65,41,0.495135233821292,38
2293,5,39,63,22,0.49187190353271276,17
2294,28,20,71,9,0.49018926512613936,11
2295,64,22,41,9,0.4850127215004388,13
2296,57,14,104,5,0.4845128262229356,9
2297,95,28,74,13,0.47842550860281996,15
2298,20,19,2,9,0.46802771578138846,10
2299,41,52,88,25,0.4630320390531315,27
2300,36,38,39,18,0.46164253979147063,20
2301,87,16,111,8,0.45897322341286445,8
2302,63,17,44,8,0.45751243590606744,9
2303,8,65,54,34,0.4543441135725225,31
2304,98,16,51,8,0.4507423495205416,8
2305,107,64,5,32,0.44459671398689626,32
2306,68,29,4,14,0.4438325408497055,15
2307,74,38,25,19,0.44379392623894165,19
2308,37,48,51,26,0.4431124449595479,22
2309,90,15,25,7,0.44125431994319037,8
2310,90,15,11,7,0.4409004522210816,8
2311,12,13,18,6,0.4352920108827378,7
2312,106,95,86,48,0.42656000569567043,47
2313,46,16,41,7,0.42564128323796924,9
2314,33,11,99,6,0.42486651226142574,5
2315,5,14,38,7,0.4168378546295618,7
2316,88,32,84,17,0.4142628398009651,15
2317,84,14,79,8,0.41419542722796737,6
2318,109,29,104,14,0.40824541877732634,15
2319,46,40,11,19,0.4001450319361854,21
2320,114,11,84,5,0.3934140776601028,6
2321,8,13,44,6,0.3904420875790005,7
2322,109,20,60,10,0.38899228181743434,10
2323,55,12,58,6,0.383669963642026,6
2324,60,65,71,32,0.37961819750166303,33
2325,84,19,80,9,0.3726066150964867,10
2326,74,12,40,6,0.3721552291848127,6
2327,95,26,28,12,0.36814720179538635,14
2328,25,30,63,16,0.3669879376751877,14
2329,28,22,83,9,0.36492740395353174,13
2330,88,30,91,15,0.36334882610797314,15
2331,43,19,51,9,0.3536035795964867,10
2332,71,15,80,7,0.35243956476478927,8
2333,95,50,86,23,0.33939065776511895,27
2334,104,12,3,6,0.3391031595379654,6
2335,107,25,91,13,0.3335157199344009,12
2336,54,25,84,13,0.33308077981097683,12
2337,1,33,88,17,0.32793916292313363,16
2338,88,33,20,17,0.32426671353306924,16
2339,68,48,60,25,0.32060528813408967,23
2340,36,32,64,17,0.3200481048308368,15
2341,13,25,17,12,0.3139161463011365,13
2342,9,10,81,5,0.3081750592570783,5
2343,16,31,90,17,0.294076077595814,14
2344,73,15,96,7,0.29259461070533327,8
2345,16,64,25,32,0.2886416579377705,32
2346,17,25,114,14,0.28496362892659627,11
2347,67,12,25,6,0.2816428039469064,6
2348,13,38,75,18,0.2762411418176651,20
2349,23,23,51,11,0.27232896707295756,12
2350,94,10,28,6,0.27139905814562865,4
2351,13,23,109,12,0.26949623232584763,11
2352,93,18,97,9,0.2683707721473952,9
2353,36,11,38,4,0.26679215079866997,7
2354,84,11,17,5,0.26657119917942235,6
2355,31,10,35,5,0.2664857773065452,5
2356,39,32,41,17,0.2617060716931844,15
2357,53,17,4,9,0.2598719020860133,8
2358,13,54,104,27,0.25930718189621427,27
2359,36,26,114,14,0.2589371140783047,12
2360,87,11,92,6,0.2558228307296545,5
2361,95,40,5,21,0.25348100991507183,19
2362,107,34,27,16,0.25184614034206954,18
2363,27,14,8,8,0.24942183567933032,6
2364,18,10,6,5,0.24787091022534896,5
2365,13,18,100,9,0.247217583600874,9
2366,65,26,50,13,0.2462354821363454,13
2367,30,10,108,5,0.24117256366227835,5
2368,65,29,80,15,0.237121074235188,14
2369,55,15,18,8,0.23358191707429382,7
2370,11,40,87,22,0.22473431916089695,18
2371,9,26,39,15,0.21702503558163236,11
2372,110,14,86,7,0.21626481408084025,7
2373,107,59,74,28,0.21255364694604195,31
2374,8,77,107,41,0.2125244340460092,36
2375,1,15,60,8,0.20443910559027928,7
2376,69,14,9,7,0.2028497519411902,7
2377,14,14,106,6,0.19021668109411646,8
2378,20,11,104,5,0.18707180650761046,6
2379,35,12,70,7,0.18631436457958764,5
2380,44,15,65,6,0.18351226600640885,9
2381,96,37,55,19,0.17732770674363885,18
2382,47,10,28,5,0.17612071067374088,5
2383,7,22,74,9,0.17328220959237076,13
2384,11,47,106,26,0.17225906773687616,21
2385,57,20,37,10,0.16220303080862575,10
2386,62,12,106,6,0.1584669634691407,6
2387,57,17,86,9,0.15508905237468196,8
2388,16,73,28,36,0.15240188258301463,37
2389,71,19,55,11,0.1515316911701301,8
2390,18,28,41,15,0.14547306255424425,13
2391,111,25,16,13,0.14375361469294998,12
2392,30,44,86,21,0.142547615695524,23
2393,50,29,51,15,0.13866322802300382,14
2394,73,10,25,5,0.1328731236438802,5
2395,93,17,107,8,0.12757170749762345,9
2396,98,13,97,7,0.11020600858990875,6
2397,65,40,60,17,0.10700502051073175,23
2398,3,21,51,12,0.10178033810447641,9
2399,63,27,13,14,0.09086123291768516,13
2400,58,11,53,7,0.08518096324215128,4
2401,79,15,16,7,0.0846210771917389,8
2402,40,18,75,9,0.07619152334708544,9
2403,55,15,108,8,0.07480659095217349,7
2404,106,21,40,10,0.06808253080226546,11
2405,7,27,43,14,0.054252662695373884,13
2406,31,10,74,5,0.05335409972546204,5
2407,8,70,106,37,0.05212763279076112,33
2408,63,36,7,16,0.0471869803432132,20
2409,73,16,106,8,0.04700386219362951,8
2410,43,11,70,6,0.04347195489601512,5
2411,7,60,39,30,0.023140284452564882,30
2412,51,31,18,15,0.014429523170917828,16
2413,107,35,90,18,0.011302326713586044,17
2414,51,25,84,12,0.01096799308021332,13
2415,40,18,70,10,0.01037200426267613,8
2416,104,12,112,6,0.005744930063781598,6
2417,92,12,104,5,0.005092697860043316,7
2418,109,20,102,10,0.0026602667859183526,10
2419,7,81,107,44,0.00033598654808970966,37
2420,107,81,7,37,-0.0003359865480903174,44
2421,102,20,109,10,-0.0026602667859165763,10
2422,104,12,92,7,-0.00509269786004225,5
2423,112,12,104,6,-0.00574493006378192,6
2424,70,18,40,8,-0.010372004262676756,10
2425,84,25,51,13,-0.01096799308021332,12
2426,18,31,51,16,-0.01442952317091759,15
2427,39,60,7,30,-0.023140284452564146,30
2428,70,11,43,5,-0.04347195489601545,6
2429,106,16,73,8,-0.0470038621936304,8
2430,7,36,63,20,-0.047186980343214245,16
2431,106,70,8,33,-0.05212763279076128,37
2432,74,10,31,5,-0.05335409972546243,5
2433,43,27,7,13,-0.05425266269537346,14
2434,40,21,106,11,-0.0680825308022658,10
2435,108,15,55,7,-0.07480659095217229,8
2436,75,18,40,9,-0.07619152334708564,9
2437,16,15,79,8,-0.08462107719174033,7
2438,53,11,58,4,-0.0851809632421497,7
2439,13,27,63,13,-0.09086123291768572,14
2440,51,21,3,9,-0.10178033810447625,12
2441,60,40,65,23,-0.10700502051073156,17
2442,97,13,98,6,-0.11020600858990862,7
2443,25,10,73,5,-0.1328731236438802,5
2444,51,29,50,14,-0.13866322802300332,15
2445,86,44,30,23,-0.14254761569552296,21
2446,16,25,111,12,-0.14375361469294923,13
2447,41,28,18,13,-0.14547306255424347,15
2448,55,19,71,8,-0.15153169117012916,11
2449,28,73,16,37,-0.1524018825830142,36
2450,86,17,57,8,-0.15508905237468193,9
2451,106,12,62,6,-0.15846696346914188,6
2452,37,20,57,10,-0.162203030808627,10
2453,106,47,11,21,-0.17225906773687602,26
2454,74,22,7,13,-0.17328220959236976,9
2455,76,24,11,11,-0.17591095488258576,13
2456,28,10,47,5,-0.17612071067374088,5
2457,55,37,96,18,-0.17732770674364082,19
2458,65,15,44,9,-0.1835122660064091,6
2459,70,12,35,5,-0.18631436457958692,7
2460,104,11,20,6,-0.1870718065076108,5
2461,106,14,14,8,-0.19021668109411646,6
2462,9,14,69,7,-0.2028497519411907,7
2463,60,15,1,7,-0.2044391055902795,8
2464,107,77,8,36,-0.21252443404600943,41
2465,86,14,110,7,-0.21626481408084125,7
2466,39,26,9,11,-0.217025035581633,15
2467,87,40,11,18,-0.22473431916089676,22
2468,18,15,55,7,-0.23358191707429324,8
2469,80,29,65,14,-0.23712107423518775,15
2470,108,10,30,5,-0.24117256366227763,5
2471,50,26,65,13,-0.24623548213634697,13
2472,100,18,13,9,-0.24721758360087362,9
2473,6,10,18,5,-0.24787091022534966,5
2474,8,14,27,6,-0.24942183567933082,8
2475,27,34,107,18,-0.25184614034207004,16
2476,5,40,95,19,-0.253481009915071,21
2477,92,11,87,5,-0.2558228307296545,6
2478,114,26,36,12,-0.25893711407830367,14
2479,104,54,13,27,-0.25930718189621427,27
2480,4,17,53,8,-0.2598719020860129,9
2481,41,32,39,15,-0.2617060716931835,17
2482,35,10,31,5,-0.2664857773065439,5
2483,17,11,84,6,-0.26657119917942235,5
2484,38,11,36,7,-0.26679215079866964,4
2485,97,18,93,9,-0.2683707721473954,9
2486,109,23,13,11,-0.2694962323258469,12
2487,28,10,94,4,-0.27139905814562937,6
2488,51,23,23,12,-0.27232896707295867,11
2489,75,38,13,20,-0.2762411418176654,18
2490,25,12,67,6,-0.2816428039469064,6
2491,114,25,17,11,-0.2849636289265948,14
2492,25,64,16,32,-0.2886416579377708,32
2493,96,15,73,8,-0.29259461070533327,7
2494,90,31,16,14,-0.2940760775958115,17
2495,81,10,9,5,-0.3081750592570793,5
2496,17,25,13,13,-0.31391614630113795,12
2497,64,32,36,15,-0.320048104830837,17
2498,60,48,68,23,-0.32060528813408984,25
2499,88,33,1,16,-0.32793916292313485,17
2500,84,25,54,12,-0.33308077981097556,13
2501,91,25,107,12,-0.33351571993440077,13
2502,3,12,104,6,-0.33910315953796416,6
2503,86,50,95,27,-0.3393906577651184,23
2504,80,15,71,8,-0.35243956476478927,7
2505,51,19,43,10,-0.3536035795964874,9
2506,91,30,88,15,-0.3633488261079722,15
2507,83,22,28,13,-0.36492740395353107,9
2508,63,30,25,14,-0.3669879376751877,16
2509,28,26,95,14,-0.36814720179538646,12
2510,40,12,74,6,-0.3721552291848124,6
2511,80,19,84,10,-0.37260661509648724,9
2512,71,65,60,33,-0.37961819750166204,32
2513,58,12,55,6,-0.3836699636420245,6
2514,60,20,109,10,-0.38899228181743506,10
2515,44,13,8,7,-0.3904420875789997,6
2516,84,11,114,6,-0.39341407766010245,5
2517,11,40,46,21,-0.40014503193618634,19
2518,104,29,109,15,-0.40824541877732484,14
2519,79,14,84,6,-0.414195427227968,8
2520,84,32,88,15,-0.41426283980096457,17
2521,38,14,5,7,-0.4168378546295618,7
2522,99,11,33,5,-0.4248665122614248,6
2523,41,16,46,9,-0.4256412832379688,7
2524,18,13,12,7,-0.4352920108827394,6
2525,11,15,90,8,-0.4409004522210813,7
2526,25,15,90,8,-0.44125431994319136,7
2527,51,48,37,22,-0.4431124449595469,26
2528,25,38,74,19,-0.44379392623894137,19
2529,4,29,68,15,-0.4438325408497067,14
2530,5,64,107,32,-0.4445967139868961,32
2531,51,16,98,8,-0.4507423495205418,8
2532,54,65,8,31,-0.4543441135725223,34
2533,44,17,63,9,-0.45751243590606805,8
2534,111,16,87,8,-0.45897322341286373,8
2535,39,38,36,20,-0.4616425397914709,18
2536,88,52,41,27,-0.463032039053132,25
2537,2,19,20,10,-0.4680277157813875,9
2538,74,28,95,15,-0.4784255086028221,13
2539,104,14,57,9,-0.4845128262229359,5
2540,41,22,64,13,-0.4850127215004388,9
2541,71,20,28,11,-0.49018926512613936,9
2542,63,39,5,17,-0.4918719035327135,22
2543,65,79,86,38,-0.49513523382129354,41
2544,54,11,3,6,-0.49615709141093817,5
2545,51,48,87,24,-0.4987492063209555,24
2546,87,59,5,30,-0.49916697205470045,29
2547,39,19,70,9,-0.49953189293951067,10
2548,12,16,86,8,-0.5017688026947513,8
2549,90,11,41,5,-0.513841479320257,6
2550,65,15,102,7,-0.514716734933686,8
2551,70,18,7,11,-0.5158871113950115,7
2552,28,19,73,9,-0.5214155246375576,10
2553,74,39,54,19,-0.5263234536886653,20
2554,57,16,46,8,-0.5297057406629241,8
2555,36,12,100,6,-0.5299348319981751,6
2556,68,36,64,20,-0.5392659539066379,16
2557,1,10,106,5,-0.5396528610114302,5
2558,88,39,49,20,-0.5397148130039715,19
2559,87,14,47,7,-0.543774519714458,7
2560,54,49,5,26,-0.5526115688513301,23
2561,70,18,25,9,-0.5576629056938338,9
2562,15,12,64,5,-0.5592833166577464,7
2563,2,10,83,5,-0.559439726515081,5
2564,2,31,97,16,-0.5614740846174444,15
2565,113,11,40,6,-0.5709434730623837,5
2566,4,19,71,8,-0.5721760075022251,11
2567,106,36,70,17,-0.5728343742963943,19
2568,68,22,36,11,-0.572980663363671,11
2569,93,11,20,5,-0.5766686262962127,6
2570,96,17,2,9,-0.5793042045284422,8
2571,18,18,25,10,-0.5853998791644796,8
2572,8,14,49,8,-0.588443561106832,6
2573,49,15,63,7,-0.5934896779184343,8
2574,112,16,50,9,-0.5935648637817503,7
2575,74,34,97,18,-0.5971052080534027,16
2576,114,48,86,25,-0.5985858849587591,23
2577,5,42,13,21,-0.6022033540566137,21
2578,106,45,76,25,-0.6229200096733949,20
2579,11,10,27,6,-0.6266769775986694,4
2580,97,11,11,5,-0.626987447450576,6
2581,65,87,63,44,-0.6284242288955313,43
2582,55,56,51,28,-0.6286356632003562,28
2583,106,28,41,15,-0.6290471620666023,13
2584,87,13,45,7,-0.6337375141360986,6
2585,36,17,111,9,-0.6365354853619557,8
2586,41,25,25,11,-0.6394054706376676,14
2587,50,16,98,8,-0.6426219058041119,8
2588,95,29,7,14,-0.642688511511372,15
2589,40,24,47,14,-0.645292590322561,10
2590,114,12,15,6,-0.6485587728380157,6
2591,107,64,54,32,-0.6490921157275141,32
2592,50,41,106,22,-0.6550249237337565,19
2593,44,12,68,6,-0.6567355303439968,6
2594,32,10,51,5,-0.6618630889696462,5
2595,12,12,13,4,-0.6620136814767498,8
2596,76,21,46,11,-0.6695307665561854,10
2597,87,10,17,5,-0.6720551767544857,5
2598,15,15,23,8,-0.6735916899677633,7
2599,18,10,71,5,-0.6742469098900472,5
2600,50,12,12,8,-0.6745215776289424,4
2601,37,35,17,16,-0.6754496375254361,19
2602,53,17,63,9,-0.6790939797636326,8
2603,88,12,14,6,-0.6801737661196036,6
2604,36,27,69,13,-0.6809724640922118,14
2605,43,11,8,6,-0.6873113766159775,5
2606,88,23,69,11,-0.6879038227398508,12
2607,75,48,65,25,-0.6906196819169933,23
2608,99,11,27,5,-0.6941577039356038,6
2609,17,25,106,14,-0.6970418753519009,11
2610,38,12,60,6,-0.6995470537788481,6
2611,8,53,70,27,-0.7145330447581052,26
2612,28,13,82,6,-0.7153587234866207,7
2613,65,43,74,21,-0.7154736955647417,22
2614,97,12,23,6,-0.7204148154622633,6
2615,11,48,8,26,-0.7230407809506088,22
2616,7,21,1,10,-0.7244755575764811,11
2617,25,23,15,13,-0.7267013492378236,10
2618,74,11,9,5,-0.7299286370521885,6
2619,53,39,60,18,-0.7322279766140596,21
2620,74,13,36,8,-0.743717573303844,5
2621,48,27,28,14,-0.7484805696104441,13
2622,114,42,104,22,-0.7516348919980076,20
2623,41,12,43,6,-0.7520051303885111,6
2624,47,17,65,9,-0.7638862523670515,8
2625,51,15,11,7,-0.7657848416746224,8
2626,104,15,33,7,-0.7704375614853106,8
2627,70,29,104,15,-0.776321552403963,14
2628,37,34,65,16,-0.7811221325476836,18
2629,13,10,32,5,-0.7835363847604213,5
2630,65,19,18,9,-0.7868157298210114,10
2631,39,28,11,14,-0.7894372385849192,14
2632,77,16,5,8,-0.7908065895997605,8
2633,65,14,49,7,-0.7937150257994665,7
2634,88,22,2,11,-0.7956469041111237,11
2635,88,34,64,18,-0.802675244003277,16
2636,114,37,16,20,-0.8068166703323728,17
2637,18,27,40,12,-0.8087261485320242,15
2638,98,24,16,12,-0.8098243077702224,12
2639,18,33,87,16,-0.810831176546768,17
2640,76,45,106,21,-0.8113571883686943,24
2641,20,27,74,13,-0.8203305748765273,14
2642,65,23,11,13,-0.8217152797009972,10
2643,62,12,55,7,-0.8240244688504365,5
2644,46,16,2,8,-0.8285194662826783,8
2645,97,19,70,9,-0.8297653905231781,10
2646,89,10,86,6,-0.8309374732906832,4
2647,107,33,71,18,-0.8345735817070122,15
2648,9,21,54,11,-0.8370391633271433,10
2649,33,17,28,10,-0.8541289895316214,7
2650,87,41,63,22,-0.8565025279628337,19
2651,75,17,95,9,-0.8604277528016118,8
2652,109,13,96,7,-0.8605479990683851,6
2653,114,10,10,6,-0.8617397018011254,4
2654,47,15,63,9,-0.8646476928239518,6
2655,47,24,39,12,-0.866939859475694,12
2656,107,25,17,13,-0.8679548014758955,12
2657,25,27,50,13,-0.8694133305278395,14
2658,4,21,77,11,-0.8810684428976734,10
2659,61,11,13,6,-0.8869748833856793,5
2660,97,17,64,9,-0.8923543316851017,8
2661,46,31,107,15,-0.8942764168819444,16
2662,2,29,86,14,-0.896519231608107,15
2663,74,17,68,10,-0.9001065237726515,7
2664,13,55,86,27,-0.9003167499142395,28
2665,25,28,95,14,-0.9052285032456315,14
2666,8,15,80,7,-0.9079706413866468,8
2667,68,54,51,25,-0.9110605893369685,29
2668,51,36,17,18,-0.9118264291561756,18
2669,38,11,9,5,-0.9163664138473976,6
2670,107,41,68,20,-0.9174952469365719,21
2671,33,20,13,10,-0.9181205054603415,10
2672,50,17,69,10,-0.918845201923083,7
2673,107,12,85,6,-0.9241238862197033,6
2674,86,17,33,8,-0.9246066959077452,9
2675,83,22,25,12,-0.9290503981463769,10
2676,93,32,8,16,-0.9298196160455592,16
2677,31,12,112,5,-0.9315079114369523,7
2678,11,14,40,7,-0.9327312826337016,7
2679,86,50,70,27,-0.9386675711946509,23
2680,33,10,64,6,-0.9428685824938476,4
2681,68,18,30,9,-0.9431634627289214,9
2682,8,20,7,11,-0.9446580951337818,9
2683,39,42,63,25,-0.947169077406515,17
2684,112,10,114,6,-0.9482004505871948,4
2685,63,14,34,7,-0.9507384684475217,7
2686,5,14,14,8,-0.9561035605846475,6
2687,87,44,96,22,-0.9639736076499452,22
2688,39,32,54,17,-0.9652580898216846,15
2689,60,27,18,14,-0.9660858898942084,13
2690,107,38,39,18,-0.9668768431627337,20
2691,63,52,106,26,-0.9674390170069777,26
2692,54,61,50,31,-0.9686960838960988,30
2693,88,32,71,18,-0.9703190068694106,14
2694,60,11,102,6,-0.9813764507321933,5
2695,65,18,84,10,-0.9824722158055605,8
2696,13,10,26,6,-0.9827160697327572,4
2697,50,20,9,10,-0.9885052658281765,10
2698,28,67,106,35,-0.9916026418837889,32
2699,71,10,109,5,-0.9970275319814981,5
2700,65,52,31,26,-0.997586001176756,26
2701,71,15,45,9,-0.9984150243560188,6
2702,70,22,20,11,-1.00377795376817,11
2703,16,56,104,29,-1.0043411209823798,27
2704,7,39,114,21,-1.0047894280060643,18
2705,6,14,68,8,-1.005162162800652,6
2706,88,55,114,28,-1.0131047344809978,27
2707,80,23,20,12,-1.0138169865719233,11
2708,88,20,93,11,-1.013881838292134,9
2709,33,10,70,5,-1.0222975969230645,5
2710,28,68,107,36,-1.02774999166623,32
2711,61,11,65,6,-1.0296727282732392,5
2712,54,13,41,6,-1.0364149113268506,7
2713,104,29,68,14,-1.0567991354643382,15
2714,51,15,57,8,-1.0657059676341942,7
2715,107,59,84,30,-1.06846180452473,29
2716,37,20,67,11,-1.0707700527635244,9
2717,55,33,83,16,-1.0771475436917033,17
2718,20,67,86,35,-1.090808542947844,32
2719,109,16,83,7,-1.0939664342434439,9
2720,106,16,27,7,-1.0992702168895803,9
2721,68,46,111,23,-1.0998589346567473,23
2722,33,16,54,9,-1.1000953180608284,7
2723,76,16,20,7,-1.1006143157067256,9
2724,12,15,88,7,-1.1021036328161913,8
2725,109,49,86,25,-1.103691717935713,24
2726,80,13,7,6,-1.1107107140209247,7
2727,57,17,25,9,-1.1122394350713356,8
2728,86,95,106,48,-1.113182068588159,47
2729,4,52,13,25,-1.1135755473174749,27
2730,74,23,75,13,-1.1136382979927992,10
2731,55,80,8,39,-1.1137831076336164,41
2732,114,13,33,6,-1.1286658148323805,7
2733,31,42,40,21,-1.1303256616830157,21
2734,48,14,20,8,-1.1319086574299342,6
2735,16,47,23,25,-1.1335884234619735,22
2736,71,29,36,14,-1.1353483167226386,15
2737,107,57,96,31,-1.1424103332102924,26
2738,73,11,50,7,-1.1481239853473426,4
2739,8,40,2,20,-1.1594572352270007,20
2740,72,11,13,5,-1.1645211045216022,6
2741,28,24,76,13,-1.1713077042523665,11
2742,39,30,71,16,-1.17935259653719,14
2743,9,20,106,10,-1.1800889074777916,10
2744,28,14,57,7,-1.181209603674041,7
2745,104,31,39,16,-1.1860951445386847,15
2746,27,13,87,7,-1.1876662179642306,6
2747,40,34,16,18,-1.192206676449573,16
2748,109,25,25,13,-1.1927554377225942,12
2749,43,12,94,7,-1.1957377911100522,5
2750,74,31,104,17,-1.204342892758845,14
2751,60,72,7,37,-1.2061879252659617,35
2752,45,13,3,7,-1.2062572293830816,6
2753,40,45,63,24,-1.2171256720053243,21
2754,88,43,106,24,-1.2258321346648997,19
2755,47,13,25,6,-1.2263479187744069,7
2756,7,20,69,9,-1.2332146407094486,11
2757,95,16,63,8,-1.233969730193377,8
2758,98,19,54,10,-1.2379162985927636,9
2759,45,19,13,10,-1.2380669113567067,9
2760,68,11,8,6,-1.2395579716830014,5
2761,43,12,104,7,-1.2430962980218272,5
2762,84,19,109,10,-1.2452486060748378,9
2763,7,12,72,6,-1.2589041979579136,6
2764,99,26,55,14,-1.260544955494955,12
2765,88,16,81,8,-1.2638566009330001,8
2766,7,15,30,9,-1.2653074178605743,6
2767,96,37,84,18,-1.2684027154450674,19
2768,45,13,63,7,-1.2687094536706711,6
2769,40,14,12,7,-1.2723102043179608,7
2770,45,17,64,9,-1.276230439778217,8
2771,55,27,53,14,-1.27795117962373,13
2772,68,37,86,19,-1.2860459364130277,18
2773,114,39,37,22,-1.286243774086687,17
2774,74,22,2,12,-1.2925512141562505,10
2775,48,10,7,5,-1.2935702348960665,5
2776,71,11,74,5,-1.2965496064290505,6
2777,55,61,86,32,-1.3025975558212732,29
2778,102,11,70,4,-1.3043211125718082,7
2779,62,14,13,7,-1.3064157525708802,7
2780,55,40,75,23,-1.308475766162277,17
2781,90,42,86,22,-1.3095228676827355,20
2782,50,52,86,29,-1.3103899161881976,23
2783,8,16,10,9,-1.3145513780375313,7
2784,88,60,46,30,-1.3171891594634109,30
2785,80,18,74,9,-1.3199661328668575,9
2786,51,42,8,22,-1.320222451771928,20
2787,68,42,9,21,-1.3253193940440777,21
2788,37,66,8,34,-1.3357403383797612,32
2789,86,22,53,10,-1.340698578862831,12
2790,18,19,74,9,-1.3431629471813042,10
2791,90,17,84,9,-1.3434141546201466,8
2792,28,17,79,9,-1.3443965025775715,8
2793,51,34,53,17,-1.3458986884044266,17
2794,32,10,68,4,-1.3472663297967609,6
2795,53,38,39,20,-1.3510410743477863,18
2796,106,10,66,5,-1.3511866406165267,5
2797,95,39,104,21,-1.3572737261218617,18
2798,30,26,25,12,-1.3633847180345777,14
2799,75,14,97,7,-1.365095248526459,7
2800,40,23,30,12,-1.3656919842952278,11
2801,23,13,27,6,-1.3665703255989474,7
2802,65,79,7,39,-1.3709709515008277,40
2803,76,11,90,5,-1.371109786983603,6
2804,41,67,65,37,-1.3762695204103346,30
2805,11,41,50,22,-1.3816262941644981,19
2806,97,19,83,9,-1.386098350195291,10
2807,14,14,87,7,-1.3937442948736458,7
2808,39,28,95,15,-1.393959809966758,13
2809,83,15,7,9,-1.3943529604549403,6
2810,84,27,55,14,-1.3965203244162752,13
2811,75,25,114,13,-1.3997484689276667,12
2812,74,14,69,8,-1.405917558604431,6
2813,74,39,87,21,-1.4084912775273244,18
2814,87,33,95,17,-1.4093862652474118,16
2815,20,26,114,14,-1.4108238049500696,12
2816,11,15,102,9,-1.4114820984859553,6
2817,40,30,41,15,-1.4126537270823987,15
2818,40,17,62,8,-1.4165929440121199,9
2819,98,10,74,5,-1.417749699278812,5
2820,13,54,41,27,-1.419278344434888,27
2821,45,35,36,16,-1.4232731245081227,19
2822,8,16,18,9,-1.4245152955314586,7
2823,4,47,7,24,-1.4254656709368174,23
2824,110,14,106,7,-1.425859572556296,7
2825,70,27,76,15,-1.4264215948460301,12
2826,39,10,29,5,-1.4323721801769822,5
2827,9,11,91,6,-1.4374740940297928,5
2828,106,36,104,18,-1.4413463387141445,18
2829,111,15,23,6,-1.442343774140257,9
2830,76,20,98,11,-1.4493678922731097,9
2831,38,16,8,8,-1.4562520429495762,8
2832,114,23,71,12,-1.463301607441791,11
2833,89,14,28,8,-1.4639788382157586,6
2834,16,29,20,17,-1.4722421968299606,12
2835,32,17,11,8,-1.4729852723414758,9
2836,65,80,54,42,-1.4854192923704523,38
2837,28,88,86,47,-1.4858586725756155,41
2838,51,64,88,31,-1.4906474480391985,33
2839,106,17,102,8,-1.4908896648943564,9
2840,35,12,55,6,-1.4940575955038922,6
2841,98,12,60,6,-1.4966976528921432,6
2842,77,17,68,9,-1.4983876400045488,8
2843,71,36,65,20,-1.5005631642179076,16
2844,108,12,40,7,-1.5026228243365933,5
2845,50,30,84,15,-1.5145533767727424,15
2846,55,12,46,7,-1.514859018089955,5
2847,2,17,16,9,-1.5157503924432272,8
2848,37,14,35,7,-1.523131742310598,7
2849,106,33,20,18,-1.5258125164631018,15
2850,49,37,39,20,-1.5260215447541623,17
2851,39,43,87,23,-1.526074694250015,20
2852,83,19,106,11,-1.531176804791276,8
2853,107,25,98,13,-1.5336986422482113,12
2854,79,11,107,5,-1.5337921396437189,6
2855,88,14,48,6,-1.5368173707334059,8
2856,4,15,81,7,-1.5369299818364042,8
2857,88,12,78,6,-1.539040986699137,6
2858,74,26,11,14,-1.5483769164487973,12
2859,107,87,86,45,-1.5539655972466802,42
2860,83,23,104,13,-1.5563880557352991,10
2861,61,17,40,9,-1.5607473214395375,8
2862,111,14,9,7,-1.5621342613374538,7
2863,50,37,63,20,-1.5673775939383394,17
2864,7,44,71,21,-1.5726988471076,23
2865,88,35,97,18,-1.5737334989492902,17
2866,58,17,9,9,-1.5745185575436562,8
2867,55,45,39,24,-1.5783298554748102,21
2868,90,22,55,10,-1.578656952498874,12
2869,25,15,2,7,-1.5845186001024019,8
2870,106,17,48,9,-1.5868770178577234,8
2871,74,12,12,6,-1.590521420378319,6
2872,36,30,1,14,-1.5919918411390328,16
2873,88,20,90,10,-1.5942056242731582,10
2874,30,18,99,10,-1.5949338139614573,8
2875,64,18,1,9,-1.6019918710419472,9
2876,9,33,86,17,-1.6021416906403663,16
2877,76,16,30,9,-1.602456932230472,7
2878,74,59,107,32,-1.6086403256327972,27
2879,11,17,7,9,-1.6096082788053911,8
2880,9,13,34,7,-1.6242149298552002,6
2881,100,23,106,13,-1.6259246684962219,10
2882,69,21,41,13,-1.633203751140551,8
2883,16,17,4,8,-1.650025120299199,9
2884,74,50,16,27,-1.6504828930462023,23
2885,64,22,50,11,-1.6654672188379327,11
2886,109,11,32,5,-1.666013339769578,6
2887,36,33,75,19,-1.6752191307174538,14
2888,96,29,76,16,-1.676273070644297,13
2889,65,16,3,8,-1.686576375638852,8
2890,41,74,7,38,-1.6872456726475553,36
2891,50,17,34,9,-1.6919122560222062,8
2892,9,13,4,7,-1.701361350276758,6
2893,75,12,112,6,-1.705880852801986,6
2894,8,32,50,15,-1.7065203942920961,17
2895,15,23,16,13,-1.7107339416917333,10
2896,76,13,84,7,-1.710890300241341,6
2897,85,10,74,5,-1.7134982697618457,5
2898,11,14,60,7,-1.729783938603551,7
2899,75,19,70,9,-1.7314858975507368,10
2900,88,37,36,21,-1.7392851936744331,16
2901,112,15,7,8,-1.740504233734299,7
2902,55,45,87,24,-1.743882563179793,21
2903,31,27,86,15,-1.7481604594726365,12
2904,70,26,84,14,-1.7530345342228948,12
2905,31,32,88,16,-1.7681321425900525,16
2906,43,21,107,12,-1.770592797744915,9
2907,90,25,37,13,-1.7816453937181784,12
2908,17,23,25,12,-1.782148731953138,11
2909,68,56,65,30,-1.78624447197698,26
2910,77,18,86,10,-1.7863634608366032,8
2911,60,13,78,6,-1.7930999308888251,7
2912,98,11,18,5,-1.7936053548430677,6
2913,37,20,2,10,-1.7943143656917857,10
2914,9,33,13,19,-1.8009414969091986,14
2915,28,65,8,35,-1.8060421386611965,30
2916,25,22,36,11,-1.8071440138268584,11
2917,86,40,60,22,-1.8076628688789882,18
2918,111,18,40,9,-1.8104998545748818,9
2919,98,25,104,11,-1.813242515136979,14
2920,62,11,53,5,-1.821074122216558,6
2921,99,13,102,7,-1.8212893413036864,6
2922,114,13,44,7,-1.8263733365516708,6
2923,65,21,69,11,-1.8288944599319394,10
2924,29,14,7,6,-1.8294106613069705,8
2925,51,59,40,31,-1.8453671538115306,28
2926,53,25,95,15,-1.8459170880359104,10
2927,98,21,28,13,-1.8460912305825197,8
2928,106,12,34,7,-1.848042404417825,5
2929,27,40,13,20,-1.8480996340965117,20
2930,88,19,83,9,-1.8504010929562806,10
2931,106,61,87,31,-1.8566326197242504,30
2932,84,17,2,9,-1.859443252903194,8
2933,75,16,27,7,-1.861521879915883,9
2934,39,12,48,6,-1.8633366398280338,6
2935,49,11,28,5,-1.863816652041917,6
2936,5,95,37,49,-1.865428870342572,46
2937,28,44,37,24,-1.8670737685584557,20
2938,17,14,74,7,-1.8676704113074127,7
2939,6,15,88,8,-1.8704025783167153,7
2940,90,12,91,6,-1.87462520245966,6
2941,76,21,37,10,-1.8761952725973932,11
2942,83,16,60,9,-1.8774619090517453,7
2943,53,17,112,10,-1.881959431698796,7
2944,87,21,80,11,-1.8874367778467114,10
2945,91,26,5,15,-1.8922517003046981,11
2946,108,14,74,7,-1.8987503296630384,7
2947,88,68,8,36,-1.9060723245156992,32
2948,106,32,97,16,-1.9159665785715099,16
2949,96,14,30,7,-1.9170201840499566,7
2950,76,11,99,5,-1.9173589523208336,6
2951,41,21,70,10,-1.9198471114809519,11
2952,7,33,54,17,-1.9280653210517342,16
2953,84,30,87,16,-1.9310332903828082,14
2954,8,27,60,13,-1.9314540236492592,14
2955,53,46,18,24,-1.9347147097100317,22
2956,107,43,60,22,-1.936370342251885,21
2957,104,13,110,8,-1.9388474450810558,5
2958,31,14,23,8,-1.9392936999416424,6
2959,106,25,36,13,-1.9544195558404944,12
2960,94,10,60,5,-1.9558814631865937,5
2961,12,10,3,5,-1.9629085980298306,5
2962,75,12,2,7,-1.9694128550530146,5
2963,51,27,70,14,-1.9701673060904341,13
2964,63,19,46,9,-1.9709249209761102,10
2965,51,21,4,12,-1.9725501440923956,9
2966,37,33,88,18,-1.979989875378531,15
2967,46,23,60,12,-1.9804607974865263,11
2968,40,24,43,12,-1.982915898125417,12
2969,13,13,48,7,-1.984822076945226,6
2970,9,57,7,29,-1.9864125790744158,28
2971,39,31,28,17,-1.988784008023814,14
2972,35,10,84,5,-1.996508314062219,5
2973,114,37,60,16,-1.9975890965604115,21
2974,109,12,40,7,-1.998570204572249,5
2975,55,14,3,8,-2.002391581967284,6
2976,51,20,12,11,-2.0030592525833657,9
2977,65,51,28,28,-2.0070390972411434,23
2978,60,42,39,21,-2.0085829887842848,21
2979,70,36,107,18,-2.0097541983969376,18
2980,87,30,23,17,-2.0127655582890838,13
2981,58,10,4,6,-2.016897461480046,4
2982,90,36,8,20,-2.01946478207178,16
2983,96,15,39,9,-2.0243430136139744,6
2984,73,12,55,6,-2.024829564390717,6
2985,31,23,71,12,-2.029888605888344,11
2986,31,18,87,9,-2.034283022840931,9
2987,63,12,58,5,-2.0345686518653676,7
2988,88,14,89,7,-2.035463499061412,7
2989,5,17,53,10,-2.036520523579277,7
2990,60,24,90,14,-2.039727571926182,10
2991,54,17,23,9,-2.040126358853802,8
2992,30,15,50,8,-2.046419507298431,7
2993,39,46,25,24,-2.053255430368429,22
2994,13,47,49,24,-2.0644672757571514,23
2995,60,52,77,28,-2.0764857415563527,24
2996,3,13,28,8,-2.0773520096904003,5
2997,4,23,50,11,-2.077515520452508,12
2998,63,10,82,5,-2.0779758612966877,5
2999,97,18,109,10,-2.079596703306642,8
3000,112,13,16,8,-2.083367453463483,5
3001,65,83,13,45,-2.086456721890302,38
3002,86,69,40,39,-2.0884651307514797,30
3003,106,10,29,5,-2.0946248807739694,5
3004,8,22,97,11,-2.094799206270941,11
3005,63,60,107,29,-2.0964077028797106,31
3006,5,62,28,32,-2.10037433995057,30
3007,60,24,99,13,-2.100940382067204,11
3008,107,62,114,34,-2.1091009300236907,28
3009,33,12,74,6,-2.113811361821,6
3010,30,13,48,6,-2.114145406665778,7
3011,70,11,53,6,-2.117480208536356,5
3012,84,15,25,8,-2.118395686595601,7
3013,28,49,11,25,-2.1398999630410587,24
3014,4,11,109,6,-2.1419331908800836,5
3015,50,16,109,8,-2.1420450648202096,8
3016,9,12,49,6,-2.148758495114293,6
3017,87,19,2,10,-2.1505411632732674,9
3018,46,27,87,13,-2.150785198948074,14
3019,29,10,23,5,-2.1610971150686176,5
3020,88,51,55,29,-2.161819612033387,22
3021,74,14,88,9,-2.16536396125082,5
3022,71,31,8,17,-2.1657517931270975,14
3023,13,22,11,11,-2.165914141538766,11
3024,39,11,33,6,-2.1701558874520313,5
3025,31,10,97,5,-2.1753585415679084,5
3026,70,26,63,14,-2.1813121472430432,12
3027,63,13,73,6,-2.1816500275336974,7
3028,74,64,8,36,-2.1866220406514896,28
3029,14,11,96,6,-2.19268862994012,5
3030,48,23,8,13,-2.2004165749645987,10
3031,84,24,37,13,-2.2012234645498956,11
3032,48,17,106,9,-2.209739094606631,8
3033,96,50,5,28,-2.21142719225076,22
3034,8,11,112,5,-2.214468435350456,6
3035,69,11,104,7,-2.21747944835034,4
3036,99,13,98,6,-2.22125816779338,7
3037,114,11,11,5,-2.2223336020983733,6
3038,33,11,88,5,-2.224220943421554,6
3039,100,16,28,9,-2.2255414738387724,7
3040,8,24,76,12,-2.2293930206952894,12
3041,74,27,20,15,-2.230377352624161,12
3042,68,45,39,23,-2.233023091938667,22
3043,70,25,68,13,-2.2334926025833965,12
3044,104,35,87,17,-2.2393020839894078,18
3045,31,19,47,10,-2.2540945917619877,9
3046,28,34,46,20,-2.254966612496791,14
3047,96,66,28,35,-2.2674069446039327,31
3048,107,39,41,22,-2.272015695328518,17
3049,16,28,97,13,-2.272810713050596,15
3050,44,10,100,5,-2.284692829694093,5
3051,69,10,4,5,-2.28938476704772,5
3052,23,12,36,5,-2.2894130739264833,7
3053,96,36,106,20,-2.2984565902488896,16
3054,114,17,4,9,-2.300970949677628,8
3055,37,15,39,8,-2.303565900253035,7
3056,28,12,4,6,-2.308223436965115,6
3057,6,18,44,11,-2.31343063644587,7
3058,23,18,95,9,-2.3237980752518905,9
3059,43,11,37,7,-2.33260542076611,4
3060,3,13,71,7,-2.3341081740890703,6
3061,88,16,61,8,-2.3480784754629913,8
3062,18,51,7,26,-2.355998676159947,25
3063,109,14,48,8,-2.3615030071790217,6
3064,5,23,99,12,-2.3616219022642833,11
3065,90,35,107,18,-2.3647055850712584,17
3066,96,10,69,6,-2.371580754307745,4
3067,51,36,28,18,-2.375623805094966,18
3068,75,10,34,6,-2.3858790426993286,4
3069,8,12,111,6,-2.390343846489093,6
3070,87,22,83,11,-2.3903571419434884,11
3071,109,20,20,12,-2.3908375286297607,8
3072,84,14,93,8,-2.3958694367553792,6
3073,7,25,49,15,-2.4041694535390454,10
3074,108,23,107,13,-2.4105812647131275,10
3075,18,25,86,14,-2.4125500657819865,11
3076,7,16,20,8,-2.4138769653971535,8
3077,97,11,9,5,-2.4173509345143613,6
3078,25,46,107,24,-2.4187485647838773,22
3079,99,11,109,6,-2.419517402501058,5
3080,78,16,86,9,-2.4256216561768684,7
3081,43,15,25,10,-2.427840334051898,5
3082,84,11,102,6,-2.4318791540205242,5
3083,75,20,91,7,-2.4323694332612673,13
3084,99,21,87,12,-2.432411032680885,9
3085,97,17,20,9,-2.4355837212433706,8
3086,106,39,55,22,-2.4381392466666045,17
3087,20,17,13,10,-2.4414106325578637,7
3088,50,10,32,4,-2.4440541907162716,6
3089,7,18,35,9,-2.444099119592227,9
3090,31,31,4,18,-2.4445708193968856,13
3091,60,14,28,9,-2.4489380790199258,5
3092,23,43,107,22,-2.4742420245016374,21
3093,20,40,8,21,-2.4774464429650904,19
3094,9,10,30,5,-2.4892766529566774,5
3095,111,11,18,6,-2.489910872635885,5
3096,9,34,75,19,-2.4939025995121282,15
3097,65,42,39,20,-2.4941190501702715,22
3098,109,18,37,10,-2.5010134043415313,8
3099,41,23,1,11,-2.502518294112212,12
3100,53,11,23,6,-2.5030034532740997,5
3101,53,42,13,24,-2.5040131846696028,18
3102,68,34,27,19,-2.5045591603597654,15
3103,11,24,76,14,-2.5133587914463313,10
3104,68,13,11,7,-2.5250619833588037,6
3105,60,17,15,10,-2.5300641095790533,7
3106,39,10,81,5,-2.5393992954040647,5
3107,11,35,63,21,-2.539597707853179,14
3108,18,16,43,7,-2.5427113019611913,9
3109,13,69,16,38,-2.545472824988716,31
3110,68,97,7,54,-2.5483482091400553,43
3111,40,42,9,23,-2.5499408438897446,19
3112,46,14,71,7,-2.5531897999385733,7
3113,63,10,83,4,-2.557624644664858,6
3114,55,62,13,33,-2.5631128589643515,29
3115,97,16,50,9,-2.5655675176587955,7
3116,91,11,47,6,-2.565831417578021,5
3117,28,24,80,13,-2.570555603447683,11
3118,91,20,36,11,-2.5759002594566036,9
3119,5,23,39,12,-2.597769813737307,11
3120,29,13,16,6,-2.5988854221001265,7
3121,71,11,69,6,-2.6042984987224993,5
3122,13,72,68,40,-2.607720373776668,32
3123,41,12,11,8,-2.6159479780993316,4
3124,107,31,18,18,-2.618673524092411,13
3125,114,28,54,14,-2.6355280322257006,14
3126,95,14,33,8,-2.6415453896084555,6
3127,5,60,16,35,-2.643518445682432,25
3128,86,86,63,50,-2.6439582488559084,36
3129,63,15,112,9,-2.644384896710045,6
3130,97,31,25,17,-2.6446106804807874,14
3131,88,56,60,31,-2.6455443711538065,25
3132,25,14,27,7,-2.649027061784768,7
3133,8,24,30,13,-2.6514132136935475,11
3134,25,36,28,21,-2.653080526503112,15
3135,76,20,65,12,-2.6552026491926344,8
3136,57,22,88,11,-2.6556629504379483,11
3137,50,25,17,13,-2.6581206262781643,12
3138,91,13,74,7,-2.658254293210725,6
3139,35,16,11,9,-2.6584025807809044,7
3140,109,31,51,19,-2.6658568783873675,12
3141,34,15,86,8,-2.666255439949744,7
3142,74,25,114,13,-2.666972342657448,12
3143,23,15,100,7,-2.6674779269680453,8
3144,54,70,86,37,-2.6680240503824857,33
3145,68,10,80,6,-2.6691327826896623,4
3146,44,17,25,9,-2.673535476281759,8
3147,68,17,47,10,-2.694044903632607,7
3148,35,16,88,9,-2.701667059815045,7
3149,37,57,107,31,-2.7122377942768767,26
3150,33,21,16,13,-2.716908579534641,8
3151,80,11,95,6,-2.7197438471090796,5
3152,8,75,86,38,-2.730718414735334,37
3153,106,50,65,27,-2.735321183024918,23
3154,114,35,97,19,-2.7409672534289373,16
3155,44,12,51,5,-2.744148846438526,7
3156,84,16,14,9,-2.744202009506241,7
3157,70,12,90,6,-2.7520324563373566,6
3158,11,15,14,9,-2.753683750814255,6
3159,5,49,109,25,-2.7561957001201685,24
3160,10,11,5,5,-2.7716738654503192,6
3161,81,12,68,7,-2.7747349509992305,5
3162,104,37,8,20,-2.7794749735414097,17
3163,37,45,20,24,-2.7863088238660243,21
3164,68,55,88,30,-2.7876628016546574,25
3165,47,11,64,7,-2.7940444976016368,4
3166,4,37,88,20,-2.7964352381128283,17
3167,50,15,79,9,-2.7998338113931363,6
3168,7,48,104,26,-2.8023975146169997,22
3169,31,17,91,10,-2.8051302221606758,7
3170,114,12,91,6,-2.8069496149403275,6
3171,41,15,99,8,-2.808167291861728,7
3172,60,22,106,13,-2.8140287890158695,9
3173,15,17,99,10,-2.8189668514207975,7
3174,20,33,88,17,-2.8203004723972693,16
3175,9,28,36,16,-2.8317040557574007,12
3176,53,18,97,9,-2.8331039433561727,9
3177,62,26,86,14,-2.8395121662510396,12
3178,104,13,23,8,-2.8445076862849517,5
3179,23,21,63,12,-2.845143875409196,9
3180,33,13,97,7,-2.8486496222061595,6
3181,41,15,55,8,-2.850526507785498,7
3182,99,18,51,9,-2.8534777973740635,9
3183,107,18,81,9,-2.859003244509169,9
3184,114,35,63,21,-2.864935223431466,14
3185,3,25,7,15,-2.8676558749050343,10
3186,36,32,60,17,-2.868812066081388,15
3187,60,23,63,13,-2.8746236800640066,10
3188,87,17,69,9,-2.8862410771595495,8
3189,86,88,16,49,-2.8956065696174473,39
3190,70,44,16,25,-2.8964812619421374,19
3191,108,13,71,7,-2.8992906212622866,6
3192,38,10,109,6,-2.9022179530477508,4
3193,39,35,75,18,-2.9045485450299298,17
3194,37,19,91,10,-2.9050960547005253,9
3195,49,17,51,9,-2.910600224315231,8
3196,108,12,25,7,-2.9132670669268257,5
3197,87,17,62,10,-2.9191459877499675,7
3198,60,14,92,8,-2.923467229900839,6
3199,54,49,16,27,-2.9250805759955862,22
3200,65,15,99,8,-2.925348959200731,7
3201,91,29,28,16,-2.9278794084123945,13
3202,16,50,11,30,-2.9293887488836368,20
3203,87,20,36,12,-2.9355732508976633,8
3204,95,18,20,10,-2.9442775418414966,8
3205,36,65,7,35,-2.9452416217702377,30
3206,62,14,37,6,-2.946481909668118,8
3207,107,14,94,9,-2.948066087520639,5
3208,51,42,54,22,-2.951484262144892,20
3209,16,42,95,22,-2.960784285924195,20
3210,30,19,51,10,-2.961405691964683,9
3211,65,41,8,22,-2.9652698998074127,19
3212,13,27,74,15,-2.9694950143468217,12
3213,86,80,74,42,-2.969791093961623,38
3214,16,53,60,28,-2.9699728981115525,25
3215,104,20,97,10,-2.974415183334443,10
3216,104,23,53,12,-2.9801329049842638,11
3217,84,12,10,7,-2.980259678929739,5
3218,28,16,23,8,-2.982809086991735,8
3219,30,10,74,5,-2.9862406732405895,5
3220,76,15,41,7,-2.996443529657045,8
3221,76,10,13,6,-2.9998952230617983,4
3222,9,18,70,11,-3.003970919688205,7
3223,18,17,4,10,-3.0054619874164517,7
3224,30,11,100,6,-3.008799283644957,5
3225,63,22,71,13,-3.013067036312329,9
3226,47,24,7,14,-3.0218576148324785,10
3227,84,15,75,8,-3.0305846141219575,7
3228,47,16,41,9,-3.031406429138557,7
3229,48,21,84,12,-3.0347277834877144,9
3230,96,13,38,7,-3.0422152322461713,6
3231,43,23,16,14,-3.0499378118709086,9
3232,45,16,114,9,-3.0515907067315835,7
3233,55,14,48,8,-3.0636269177668387,6
3234,4,22,64,11,-3.063727780037292,11
3235,25,18,71,10,-3.0644100067848146,8
3236,54,45,87,26,-3.0658195831402755,19
3237,46,24,97,13,-3.066170643508982,11
3238,37,22,98,12,-3.078006071981289,10
3239,16,20,6,10,-3.0894843149716715,10
3240,54,22,17,11,-3.09293116749158,11
3241,68,14,99,8,-3.100103615084465,6
3242,106,25,109,13,-3.1028448270841773,12
3243,88,54,87,27,-3.1116049251566245,27
3244,35,19,86,9,-3.1129031115204757,10
3245,1,17,73,10,-3.1278019900589857,7
3246,78,18,68,10,-3.136919909640928,8
3247,16,24,48,14,-3.137412994823311,10
3248,5,49,46,28,-3.1376099704313347,21
3249,9,22,71,13,-3.149557456981658,9
3250,82,21,86,12,-3.1586560919846263,9
3251,39,36,8,19,-3.1644923509176244,17
3252,17,10,64,5,-3.167788225155107,5
3253,87,27,75,15,-3.167894135437667,12
3254,74,14,90,9,-3.168061351028922,5
3255,87,101,86,51,-3.173140638747594,50
3256,104,20,30,10,-3.175235326966705,10
3257,107,77,87,42,-3.1782207478285076,35
3258,40,13,56,7,-3.1849812029941647,6
3259,28,42,87,22,-3.1941536863516995,20
3260,17,20,8,10,-3.195790244071941,10
3261,107,67,65,37,-3.198497704060372,30
3262,107,46,50,24,-3.2042384401027677,22
3263,31,18,39,10,-3.21018106475006,8
3264,68,25,3,14,-3.217909957322218,11
3265,36,62,40,35,-3.2253161708263915,27
3266,107,65,88,37,-3.226872574003134,28
3267,55,26,36,14,-3.2335997287244007,12
3268,54,27,80,14,-3.233697956928793,13
3269,54,14,85,8,-3.239753980711634,6
3270,20,25,11,15,-3.245274337075932,10
3271,41,40,51,22,-3.2494854683164416,18
3272,77,17,39,9,-3.252698214762066,8
3273,25,47,114,27,-3.2540864225169766,20
3274,95,14,76,8,-3.257651508839797,6
3275,84,72,86,36,-3.2610166651310077,36
3276,95,10,69,6,-3.264458823530608,4
3277,93,14,70,8,-3.2714518634318708,6
3278,91,11,102,6,-3.2738070744638943,5
3279,67,13,114,7,-3.274670651234843,6
3280,54,14,14,9,-3.2777291677178373,5
3281,18,14,81,8,-3.285175513857383,6
3282,18,21,104,13,-3.287300479317466,8
3283,50,17,41,10,-3.294641138718325,7
3284,98,22,7,13,-3.296043825736437,9
3285,108,14,64,7,-3.297085602036541,7
3286,66,10,28,6,-3.2971362620814304,4
3287,5,60,104,32,-3.3007473735225057,28
3288,95,16,70,8,-3.3075112398485507,8
3289,64,19,55,12,-3.319043502622187,7
3290,112,12,106,6,-3.3235755007447274,6
3291,65,16,62,9,-3.3259575258730765,7
3292,63,38,68,20,-3.3306108743137783,18
3293,76,13,71,6,-3.3359186512389036,7
3294,33,13,75,8,-3.342736023465549,5
3295,38,15,7,8,-3.3440541445525085,7
3296,8,69,16,39,-3.3462625386364446,30
3297,9,10,20,6,-3.353443346624384,4
3298,64,22,25,12,-3.357803287426521,10
3299,53,32,16,18,-3.361423168163174,14
3300,16,39,30,22,-3.3615813153873684,17
3301,57,15,41,7,-3.3629931964746174,8
3302,8,23,14,13,-3.3634201583462153,10
3303,57,11,23,6,-3.364777590666763,5
3304,100,13,64,8,-3.366484818368605,5
3305,7,96,13,51,-3.3736927232668923,45
3306,40,69,7,40,-3.374006830024792,29
3307,98,15,73,8,-3.3800553651819163,7
3308,65,79,16,43,-3.383368489090376,36
3309,51,46,106,25,-3.386575882240814,21
3310,37,16,80,9,-3.3888912531414834,7
3311,86,39,23,22,-3.3893763034670576,17
3312,104,10,73,6,-3.391491099464731,4
3313,17,11,1,6,-3.3926767009628676,5
3314,40,52,60,29,-3.392725489039847,23
3315,15,24,13,13,-3.400077689467374,11
3316,65,25,64,13,-3.406656257781801,12
3317,64,17,54,10,-3.4146413633395896,7
3318,46,21,68,11,-3.4173658858402494,10
3319,1,28,68,16,-3.43401794722153,12
3320,25,31,102,17,-3.4382241991917164,14
3321,9,13,62,7,-3.4417683540662103,6
3322,58,27,40,14,-3.4427419316803687,13
3323,9,24,60,15,-3.4525079436416064,9
3324,5,23,33,12,-3.454327509177194,11
3325,51,42,75,23,-3.464142646639659,19
3326,25,64,86,34,-3.464423778098099,30
3327,107,11,44,6,-3.468369068560443,5
3328,64,10,80,5,-3.4689815319315613,5
3329,5,60,74,32,-3.4699961467083447,28
3330,97,23,54,12,-3.4719403849702246,11
3331,81,10,23,6,-3.4745303728026347,4
3332,65,28,70,17,-3.478419403846197,11
3333,65,15,109,10,-3.4929763691198903,5
3334,84,15,91,8,-3.5069437670955055,7
3335,46,21,20,13,-3.51090539647306,8
3336,1,26,107,15,-3.5126854626181543,11
3337,46,46,86,27,-3.525856643948515,19
3338,40,22,114,14,-3.5262933499652958,8
3339,110,10,87,6,-3.5295519129657293,4
3340,17,30,86,15,-3.5353998581661084,15
3341,41,18,95,10,-3.539136312132125,8
3342,9,21,18,13,-3.5393206264713797,8
3343,65,37,25,22,-3.550440624741428,15
3344,60,41,55,22,-3.5814918567431633,19
3345,31,21,18,11,-3.5879506222210535,10
3346,4,19,55,10,-3.5888080928504484,9
3347,95,10,97,6,-3.58943247133478,4
3348,50,44,16,25,-3.5905125403577953,19
3349,16,40,41,21,-3.59086824318416,19
3350,43,18,39,9,-3.594056058012544,9
3351,114,10,38,6,-3.5955331559953208,4
3352,49,17,54,9,-3.6048173377686927,8
3353,74,17,100,9,-3.6088141607532918,8
3354,106,28,71,16,-3.617960954919134,12
3355,3,12,23,7,-3.6182347339374545,5
3356,109,27,87,16,-3.621467085014749,11
3357,107,30,95,16,-3.6274659721021316,14
3358,25,29,75,17,-3.6283106059407966,12
3359,4,30,36,18,-3.6372400767768904,12
3360,37,20,30,12,-3.640395609700316,8
3361,65,47,23,25,-3.650632324208862,22
3362,25,30,96,16,-3.6552703634781776,14
3363,71,10,90,5,-3.656103603020123,5
3364,107,44,40,26,-3.6601090332484647,18
3365,88,10,19,5,-3.665606739273205,5
3366,50,10,62,6,-3.6657345895143245,4
3367,88,10,79,6,-3.6658466896877493,4
3368,96,53,8,30,-3.668741625247303,23
3369,27,12,71,7,-3.672482180614423,5
3370,97,18,87,11,-3.6732434405581906,7
3371,54,10,110,6,-3.6798385749581692,4
3372,84,20,46,12,-3.686829488531012,8
3373,50,14,89,7,-3.697778125616005,7
3374,102,28,28,15,-3.699783063019897,13
3375,17,16,90,8,-3.7001463964456303,8
3376,86,82,7,49,-3.7010059090861684,33
3377,60,19,43,11,-3.7162387480856083,8
3378,51,87,7,51,-3.718645770134089,36
3379,107,24,34,15,-3.7209873956041664,9
3380,64,28,107,15,-3.7292021520424647,13
3381,114,26,102,15,-3.7325961927455364,11
3382,17,19,49,12,-3.7368484909488555,7
3383,16,26,109,14,-3.7403001366712827,12
3384,48,15,65,9,-3.7446571454477797,6
3385,28,66,50,37,-3.7549143026616596,29
3386,7,17,73,9,-3.7566056838478197,8
3387,107,60,51,36,-3.7629583228248085,24
3388,55,19,25,11,-3.764084205238192,8
3389,93,13,16,7,-3.7657963248603137,6
3390,28,50,88,29,-3.7764972409049995,21
3391,65,17,77,9,-3.80475166910596,8
3392,64,39,53,22,-3.8067380932231165,17
3393,9,23,8,11,-3.8071138414200445,12
3394,5,16,110,9,-3.8138584796050923,7
3395,7,11,90,6,-3.819400119735719,5
3396,51,27,36,15,-3.823363961607464,12
3397,88,29,96,15,-3.826076326561256,14
3398,54,58,20,30,-3.8266575190656007,28
3399,28,19,30,11,-3.8298077885882953,8
3400,55,41,7,24,-3.8316587459316964,17
3401,9,23,55,13,-3.835984386778118,10
3402,8,27,83,14,-3.8382150032056903,13
3403,9,21,114,14,-3.8412400926307924,7
3404,77,25,13,14,-3.842001108642557,11
3405,37,17,41,10,-3.8456182281056206,7
3406,111,34,65,20,-3.8475275648066676,14
3407,65,46,53,25,-3.8486735792356725,21
3408,53,24,106,12,-3.8533978701510727,12
3409,6,14,65,8,-3.8536392094191116,6
3410,25,18,31,9,-3.857287465742464,9
3411,75,22,106,11,-3.8605003548235586,11
3412,18,17,91,10,-3.863168888646894,7
3413,65,24,83,13,-3.865031238776082,11
3414,68,11,108,6,-3.86884903956731,5
3415,104,24,96,14,-3.8706241075776626,10
3416,86,24,49,13,-3.8746858733153937,11
3417,71,19,62,11,-3.8781097131138593,8
3418,53,11,45,6,-3.882133410181809,5
3419,45,17,40,10,-3.8834382086944723,7
3420,17,15,11,8,-3.886158778436342,7
3421,11,44,55,26,-3.8920841591670357,18
3422,68,15,15,9,-3.8979807660841908,6
3423,20,16,39,8,-3.8984053346002447,8
3424,37,26,102,15,-3.901578428361024,11
3425,36,13,12,7,-3.905980822041396,6
3426,91,14,70,7,-3.908107448401864,7
3427,57,14,7,7,-3.911936958410347,7
3428,51,17,14,11,-3.916126665697822,6
3429,70,38,37,22,-3.9227382855891673,16
3430,2,28,5,16,-3.923277825320168,12
3431,38,18,68,11,-3.924275685840278,7
3432,114,22,50,13,-3.9261505794005247,9
3433,47,17,107,10,-3.9327213388354663,7
3434,104,51,86,28,-3.9349590372382433,23
3435,83,10,102,6,-3.9358085201394077,4
3436,97,10,80,6,-3.9365866928471034,4
3437,9,28,28,15,-3.9374947856936857,13
3438,100,17,37,10,-3.9481789557688427,7
3439,7,25,6,11,-3.9491323863402368,14
3440,76,12,34,6,-3.9517678907570324,6
3441,93,24,74,13,-3.960101768879081,11
3442,65,72,104,39,-3.970649197276848,33
3443,69,12,37,7,-3.9709549460906977,5
3444,51,10,58,6,-3.991203040107808,4
3445,71,10,43,5,-3.995417342894245,5
3446,55,53,107,29,-4.007419081361914,24
3447,86,20,99,12,-4.00989122283285,8
3448,50,53,37,28,-4.019145568935869,25
3449,74,44,37,24,-4.033137310869005,20
3450,28,33,13,19,-4.033447367470073,14
3451,41,19,27,10,-4.036398281844189,9
3452,28,14,35,7,-4.0366654617090365,7
3453,79,13,11,6,-4.047561716338114,7
3454,40,10,32,5,-4.050021677419869,5
3455,35,22,20,13,-4.055290224745635,9
3456,86,61,11,34,-4.071300588026029,27
3457,49,15,68,8,-4.074989168768559,7
3458,30,24,53,13,-4.0830395630321705,11
3459,40,64,13,35,-4.085738010265816,29
3460,50,22,74,12,-4.086243740312161,10
3461,38,26,86,15,-4.088759139255406,11
3462,107,56,13,30,-4.091240246856511,26
3463,87,15,43,8,-4.098799175510788,7
3464,93,20,83,11,-4.100880722204593,9
3465,46,21,114,12,-4.104107153511736,9
3466,31,26,45,15,-4.105065896298879,11
3467,68,14,12,8,-4.108669111305504,6
3468,41,16,20,9,-4.117210182736297,7
3469,100,22,8,13,-4.1308025952098,9
3470,107,14,6,8,-4.134287277974908,6
3471,69,11,11,7,-4.1379214913131195,4
3472,60,33,87,18,-4.138721771840238,15
3473,73,13,20,8,-4.146065391689571,5
3474,107,50,75,32,-4.152785540978816,18
3475,9,50,88,28,-4.161164150512575,22
3476,51,19,71,11,-4.16278891984446,8
3477,5,114,86,65,-4.163721939738314,49
3478,86,32,91,18,-4.171440091669228,14
3479,50,22,40,14,-4.173703341481282,8
3480,76,22,23,12,-4.176356784293711,10
3481,25,25,23,14,-4.177539371549319,11
3482,65,26,4,15,-4.183068200895106,11
3483,63,28,97,16,-4.183429568929186,12
3484,39,43,40,25,-4.186108979099793,18
3485,106,40,7,20,-4.1953409925549,20
3486,76,10,44,6,-4.214872824817864,4
3487,13,15,44,9,-4.215811920019836,6
3488,5,59,88,32,-4.221472474474537,27
3489,88,37,11,21,-4.2255720809945085,16
3490,36,54,65,31,-4.225784981005991,23
3491,38,11,39,7,-4.2262607583079275,4
3492,84,11,30,7,-4.231660063143013,4
3493,107,77,16,46,-4.236485847112408,31
3494,32,18,86,10,-4.250668358030317,8
3495,91,13,40,7,-4.266105722730478,6
3496,18,29,88,15,-4.269037140928806,14
3497,96,12,33,5,-4.271042933020871,7
3498,102,13,97,8,-4.274157979355289,5
3499,50,28,39,16,-4.277976458980378,12
3500,9,14,1,9,-4.283473931374264,5
3501,62,15,7,9,-4.303988033115575,6
3502,54,23,93,14,-4.30725130512391,9
3503,39,14,12,8,-4.321531994064719,6
3504,28,38,55,23,-4.325384868124247,15
3505,106,33,84,17,-4.32801946762649,16
3506,88,25,92,15,-4.343112736218731,10
3507,39,24,27,12,-4.343262330253082,12
3508,88,22,43,13,-4.349059981795283,9
3509,40,14,98,7,-4.349825650924007,7
3510,114,15,23,9,-4.351642887989123,6
3511,84,12,34,6,-4.355418008053163,6
3512,54,31,104,17,-4.355933806560285,14
3513,17,23,7,14,-4.361794375643627,9
3514,87,10,58,6,-4.362695393524183,4
3515,11,13,33,6,-4.365968233102095,7
3516,96,38,63,23,-4.376849709142973,15
3517,106,47,107,26,-4.382955430393164,21
3518,88,15,12,9,-4.389170636685047,6
3519,53,26,25,14,-4.3905974936134875,12
3520,86,20,111,12,-4.3910837466552355,8
3521,58,20,31,11,-4.416131464048465,9
3522,50,41,87,22,-4.419136399037691,19
3523,13,30,99,17,-4.420966828834257,13
3524,65,32,12,19,-4.422054803948239,13
3525,107,46,11,26,-4.433295300820407,20
3526,77,11,36,6,-4.437649181831479,5
3527,88,11,45,7,-4.4416566980945715,4
3528,37,33,13,19,-4.448467961015428,14
3529,97,11,77,7,-4.454901155383999,4
3530,5,16,43,9,-4.461738819752362,7
3531,51,73,13,40,-4.4630108320276145,33
3532,32,18,37,10,-4.466542082918519,8
3533,104,49,88,29,-4.46709019399547,20
3534,57,10,91,5,-4.468260927215542,5
3535,109,18,76,11,-4.469593270372586,7
3536,70,29,88,17,-4.478319588858415,12
3537,27,11,55,6,-4.4890470852362,5
3538,37,15,93,9,-4.4934456656390305,6
3539,114,11,49,7,-4.49675288566991,4
3540,51,20,108,11,-4.509359770753944,9
3541,8,12,79,8,-4.523368231395376,4
3542,8,31,13,18,-4.525996738671469,13
3543,7,15,92,10,-4.535275792892246,5
3544,102,24,8,13,-4.537070383836358,11
3545,87,12,6,7,-4.542943443769729,5
3546,28,43,20,25,-4.544189476783364,18
3547,46,38,51,22,-4.548214485505557,16
3548,46,15,83,8,-4.551826612706302,7
3549,40,35,53,19,-4.552561455394627,16
3550,67,13,109,6,-4.5540965230597985,7
3551,23,15,70,8,-4.554568026577778,7
3552,75,25,41,13,-4.560769404939248,12
3553,104,16,99,8,-4.562749239239297,8
3554,41,25,23,14,-4.5633066684659,11
3555,23,22,75,11,-4.56587317475611,11
3556,106,31,68,18,-4.569708717786759,13
3557,95,14,99,8,-4.572737764013027,6
3558,9,13,45,8,-4.574382545498477,5
3559,90,29,54,16,-4.579893896725853,13
3560,114,15,43,8,-4.580699276275163,7
3561,95,13,77,7,-4.601493224452909,6
3562,13,11,96,6,-4.60827059097085,5
3563,17,25,16,16,-4.6115526570798,9
3564,27,18,40,8,-4.611851321709845,10
3565,9,31,107,17,-4.618480660379781,14
3566,23,18,64,10,-4.620334607277058,8
3567,34,13,96,8,-4.620609194568736,5
3568,114,19,73,11,-4.63098312969833,8
3569,65,58,87,34,-4.633433601084791,24
3570,4,17,39,10,-4.635996289326287,7
3571,25,22,60,12,-4.636282806493915,10
3572,109,19,73,11,-4.637139105733963,8
3573,13,14,73,8,-4.6427133386229835,6
3574,47,11,23,7,-4.6435675031465955,4
3575,7,50,23,28,-4.644004876903234,22
3576,68,25,23,13,-4.644746500376537,12
3577,13,24,91,13,-4.648692464477365,11
3578,98,14,55,9,-4.662824671110213,5
3579,31,45,60,23,-4.669142505092241,22
3580,86,33,71,18,-4.671793678311849,15
3581,109,12,23,7,-4.686391337241379,5
3582,50,14,108,9,-4.706826806073904,5
3583,64,38,7,21,-4.712342162636026,17
3584,71,43,53,25,-4.713137963084877,18
3585,17,18,4,11,-4.724962729619737,7
3586,108,18,86,9,-4.726875671282597,9
3587,27,13,6,7,-4.729645889755504,6
3588,60,26,54,15,-4.73010367948851,11
3589,46,46,13,26,-4.734603318364915,20
3590,84,11,57,7,-4.735926438073419,4
3591,98,16,70,10,-4.745137974355769,6
3592,77,16,25,9,-4.745845616411638,7
3593,63,38,74,21,-4.748458787006122,17
3594,20,36,87,20,-4.748487569129383,16
3595,60,60,13,36,-4.74969590017478,24
3596,60,21,3,12,-4.751093731258031,9
3597,54,26,25,15,-4.752384220937879,11
3598,5,30,90,18,-4.752640516818982,12
3599,95,13,84,8,-4.755677362807473,5
3600,51,25,25,14,-4.757504636527738,11
3601,63,30,41,17,-4.7705197173363185,13
3602,114,15,69,7,-4.773043389885473,8
3603,54,51,28,30,-4.77471317513782,21
3604,5,12,9,7,-4.777710715122403,5
3605,38,17,88,11,-4.778170082860484,6
3606,5,33,76,19,-4.788314400539968,14
3607,5,24,32,14,-4.788591776396216,10
3608,5,21,100,12,-4.790180113588847,9
3609,31,20,50,11,-4.790427230707469,9
3610,71,27,30,15,-4.793150289784317,12
3611,4,23,107,13,-4.794559035726116,10
3612,25,11,111,6,-4.797175922879397,5
3613,96,22,75,15,-4.80138149231193,7
3614,108,13,96,7,-4.805162668071275,6
3615,106,12,6,7,-4.810944704219048,5
3616,47,13,27,6,-4.82741265308143,7
3617,36,47,107,26,-4.830606287073186,21
3618,67,15,8,9,-4.8319098461555825,6
3619,83,15,39,9,-4.832639955303303,6
3620,17,18,97,10,-4.8331732637027205,8
3621,51,30,5,19,-4.841333405150811,11
3622,54,54,96,29,-4.852815192937248,25
3623,90,11,53,6,-4.853050220854225,5
3624,84,13,38,7,-4.854976710780188,6
3625,56,20,7,11,-4.857329358756819,9
3626,39,23,17,14,-4.860726227039887,9
3627,50,20,7,11,-4.8621157925207,9
3628,20,30,63,16,-4.86232561538827,14
3629,64,10,44,6,-4.863505670480303,4
3630,110,10,88,5,-4.870544753091406,5
3631,51,90,16,52,-4.8795944791033765,38
3632,27,40,7,23,-4.880393789516796,17
3633,45,17,60,9,-4.883359468709789,8
3634,3,12,8,5,-4.887819375016217,7
3635,51,68,39,38,-4.888476763124149,30
3636,5,39,83,21,-4.890865835189012,18
3637,33,16,8,10,-4.890943290835164,6
3638,54,13,91,7,-4.895249425013412,6
3639,62,13,28,8,-4.895504487935932,5
3640,64,12,38,6,-4.89696040571167,6
3641,92,14,13,6,-4.8979413220300305,8
3642,38,25,107,15,-4.908134063086159,10
3643,108,12,54,8,-4.909695920764134,4
3644,107,13,112,7,-4.914490946278642,6
3645,31,50,36,28,-4.918440950216954,22
3646,50,12,43,8,-4.91992321235012,4
3647,112,12,76,8,-4.924716647358051,4
3648,81,14,106,7,-4.9255436069422425,7
3649,44,12,20,7,-4.926936915071971,5
3650,104,31,76,19,-4.936613639481712,12
3651,54,22,13,13,-4.938931463704551,9
3652,23,14,74,8,-4.93951848425718,6
3653,108,11,37,6,-4.94147061612662,5
3654,87,14,77,8,-4.94240192025149,6
3655,16,17,44,9,-4.943404604585515,8
3656,64,21,75,12,-4.949636438236204,9
3657,96,36,20,21,-4.958331873160827,15
3658,37,58,87,34,-4.964929018708454,24
3659,60,46,51,28,-4.966149080053768,18
3660,5,47,55,27,-4.968791694509531,20
3661,107,17,93,10,-4.972813709998716,7
3662,65,55,55,31,-4.974824332567949,24
3663,17,10,100,7,-4.97776233490527,3
3664,86,71,37,40,-4.984756436647988,31
3665,51,19,97,12,-4.989014029617341,7
3666,63,30,104,17,-4.993963037729945,13
3667,13,21,111,11,-4.995390065434087,10
3668,5,26,93,16,-5.004460526821323,10
3669,81,21,60,12,-5.012994181489738,9
3670,51,19,1,10,-5.013573391686001,9
3671,106,51,54,27,-5.020519473488655,24
3672,53,55,7,32,-5.028767782718328,23
3673,104,56,107,33,-5.038593476219029,23
3674,5,19,15,12,-5.041855747243198,7
3675,88,86,7,49,-5.047167340144156,37
3676,80,26,86,14,-5.051644939599721,12
3677,5,45,106,27,-5.052056869360905,18
3678,3,15,9,8,-5.055830884483063,7
3679,86,10,6,6,-5.056407885962587,4
3680,92,10,28,6,-5.057353362284569,4
3681,37,38,75,24,-5.063027732293457,14
3682,65,17,46,11,-5.06610491085495,6
3683,17,10,92,6,-5.072884905069609,4
3684,5,44,114,25,-5.0845200413011105,19
3685,58,14,60,8,-5.085584297125203,6
3686,95,24,60,14,-5.089480392621887,10
3687,70,55,54,32,-5.096904873313986,23
3688,75,36,18,20,-5.097335185119158,16
3689,50,31,13,18,-5.100121243956257,13
3690,70,23,55,13,-5.1032220329288345,10
3691,56,12,75,8,-5.129167315486339,4
3692,65,31,97,18,-5.13743762887539,13
3693,31,62,7,36,-5.139149232912133,26
3694,88,15,44,8,-5.148664566159752,7
3695,23,20,37,11,-5.153587203140156,9
3696,37,47,16,27,-5.156319944125245,20
3697,63,54,8,30,-5.156454172512432,24
3698,38,18,16,12,-5.158593533457798,6
3699,39,14,111,8,-5.158992286191917,6
3700,5,12,67,7,-5.159840528973067,5
3701,56,11,91,6,-5.160182814393273,5
3702,36,18,18,10,-5.188969607443517,8
3703,25,29,87,16,-5.192606014598935,13
3704,7,27,45,16,-5.196888647126472,11
3705,17,19,46,11,-5.1997604997253735,8
3706,9,41,65,25,-5.201469695844277,16
3707,55,18,34,10,-5.202160532736089,8
3708,54,35,55,19,-5.206377054499408,16
3709,54,47,46,28,-5.211114398473604,19
3710,80,10,31,7,-5.212785572393211,3
3711,91,12,33,6,-5.213867650447791,6
3712,37,22,40,12,-5.218981261850287,10
3713,5,11,35,6,-5.226534281744142,5
3714,25,21,91,12,-5.23677892954369,9
3715,47,18,51,10,-5.236824970381646,8
3716,14,15,65,8,-5.239230657167625,7
3717,40,26,25,15,-5.242222631716463,11
3718,109,44,28,27,-5.243370342287003,17
3719,69,10,47,6,-5.253027615317655,4
3720,20,17,17,10,-5.256441987432859,7
3721,13,18,38,9,-5.264955957760156,9
3722,43,10,100,5,-5.26501092345772,5
3723,12,12,74,7,-5.2735714164982275,5
3724,88,11,56,6,-5.280224334897691,5
3725,23,24,8,13,-5.290374398080683,11
3726,55,42,37,23,-5.291708177681367,19
3727,55,25,111,15,-5.307717141421055,10
3728,85,20,86,11,-5.308979701796779,9
3729,57,16,97,9,-5.312911388739815,7
3730,107,32,97,17,-5.316751308567057,15
3731,63,15,17,9,-5.328236059759658,6
3732,16,13,72,7,-5.355366251776982,6
3733,106,55,74,32,-5.361099517365512,23
3734,63,30,75,17,-5.362343223381898,13
3735,69,25,51,15,-5.364118695437346,10
3736,60,11,89,6,-5.373120214726714,5
3737,16,13,73,7,-5.382229707777058,6
3738,2,25,63,14,-5.3959192809990375,11
3739,68,44,16,27,-5.396196671497918,17
3740,37,10,4,6,-5.399514125787478,4
3741,31,65,68,37,-5.400854145452715,28
3742,49,30,16,17,-5.407761182315816,13
3743,67,10,96,5,-5.408732724512928,5
3744,83,15,51,10,-5.415397349279682,5
3745,50,10,83,5,-5.416126776091854,5
3746,30,13,49,8,-5.419054490017786,5
3747,104,26,41,14,-5.420210183594351,12
3748,104,17,32,11,-5.4353295484317545,6
3749,40,20,4,11,-5.441764558143872,9
3750,45,10,23,6,-5.453033589292929,4
3751,89,12,41,7,-5.463211968357986,5
3752,60,12,61,6,-5.463593585576725,6
3753,88,40,75,24,-5.464426966117933,16
3754,36,17,99,11,-5.476671917231901,6
3755,106,53,37,29,-5.481931306152558,24
3756,13,12,14,8,-5.487937926146761,4
3757,40,49,65,28,-5.488110460552834,21
3758,1,10,46,5,-5.488587081929578,5
3759,114,12,98,7,-5.496174202168348,5
3760,1,25,40,15,-5.499072662784783,10
3761,36,13,70,7,-5.503890921362977,6
3762,100,21,104,13,-5.507335747436163,8
3763,83,19,95,12,-5.510188596504647,7
3764,46,36,74,22,-5.511472300829849,14
3765,102,14,33,8,-5.525239013163607,6
3766,109,14,75,9,-5.526527848068073,5
3767,108,12,75,7,-5.535032213138533,5
3768,71,24,50,14,-5.539942136229875,10
3769,86,28,27,17,-5.548838862919885,11
3770,81,13,41,8,-5.549157399363071,5
3771,3,20,86,12,-5.549521288899443,8
3772,25,41,8,25,-5.550067480025435,16
3773,4,11,46,6,-5.55622187464566,5
3774,10,11,63,7,-5.56040496031845,4
3775,54,31,11,18,-5.565049065297328,13
3776,62,12,76,7,-5.567951553158003,5
3777,63,27,55,15,-5.568315530285167,12
3778,37,18,71,10,-5.582059073463845,8
3779,87,12,78,6,-5.582415110920593,6
3780,16,12,52,7,-5.588665300895635,5
3781,63,11,99,6,-5.5958077337997105,5
3782,50,15,100,9,-5.612526049660052,6
3783,18,17,114,10,-5.616638058224652,7
3784,39,25,64,15,-5.620429917273944,10
3785,17,21,5,14,-5.625033929201381,7
3786,73,28,86,15,-5.62531345595925,13
3787,17,14,68,9,-5.632743402516984,5
3788,51,32,114,18,-5.633222578355346,14
3789,31,14,12,8,-5.636724482741272,6
3790,84,48,28,28,-5.640820939476543,20
3791,77,11,109,6,-5.645459503468275,5
3792,75,29,60,17,-5.646260239059507,12
3793,74,23,73,14,-5.649045009007229,9
3794,100,13,75,7,-5.655650958633142,6
3795,106,24,95,15,-5.657914892117911,9
3796,71,14,12,9,-5.659957009281259,5
3797,68,39,114,23,-5.66213868823825,16
3798,82,11,54,7,-5.66427830231393,4
3799,99,31,16,18,-5.66581833704302,13
3800,86,25,100,13,-5.671432674762781,12
3801,25,10,94,5,-5.671887186214519,5
3802,95,10,102,6,-5.68531996234082,4
3803,57,12,106,6,-5.685749140437754,6
3804,100,10,53,6,-5.690378460520068,4
3805,32,10,70,5,-5.692479372096212,5
3806,114,13,92,9,-5.693422245280038,4
3807,46,40,8,22,-5.695904868807615,18
3808,48,13,50,8,-5.707017905103165,5
3809,97,34,28,21,-5.710448223070003,13
3810,102,10,23,6,-5.716053822653882,4
3811,50,39,2,23,-5.718530498550803,16
3812,106,18,30,10,-5.721648315514305,8
3813,9,12,84,7,-5.723245457590759,5
3814,40,25,64,15,-5.723565649646319,10
3815,48,20,11,12,-5.726887293490206,8
3816,13,21,47,12,-5.737844311455579,9
3817,17,29,65,19,-5.74535285286251,10
3818,57,23,87,14,-5.765423127747659,9
3819,62,12,54,7,-5.766589012253395,5
3820,30,16,20,9,-5.770242418243403,7
3821,107,32,76,21,-5.7795957512572675,11
3822,88,34,25,22,-5.7871536187248696,12
3823,51,32,9,18,-5.795343064484766,14
3824,55,28,74,16,-5.797157459674131,12
3825,70,21,114,13,-5.79830063958716,8
3826,40,30,87,17,-5.8106137612197974,13
3827,3,19,88,11,-5.819045167776271,8
3828,5,16,40,9,-5.82052725169565,7
3829,77,14,41,9,-5.820932172345258,5
3830,90,12,46,7,-5.830565699084016,5
3831,51,29,27,18,-5.832222568494555,11
3832,1,15,75,10,-5.839655242805768,5
3833,87,16,108,10,-5.840502938250504,6
3834,23,29,106,15,-5.844928556047854,14
3835,62,19,107,10,-5.846686214908971,9
3836,95,36,54,20,-5.865979569344108,16
3837,36,12,46,7,-5.88209418081934,5
3838,7,20,15,10,-5.884783634259434,10
3839,16,47,75,28,-5.887699770640001,19
3840,31,33,64,20,-5.887968682404673,13
3841,25,16,93,9,-5.904464695396422,7
3842,66,11,65,7,-5.913127119507259,4
3843,18,21,63,13,-5.913481317219114,8
3844,45,15,41,10,-5.914462706154762,5
3845,4,16,104,10,-5.920187736255669,6
3846,86,34,64,19,-5.920327523630067,15
3847,75,48,86,27,-5.925170080936903,21
3848,20,50,107,29,-5.930087131424378,21
3849,50,24,95,14,-5.930680991659709,10
3850,7,15,33,8,-5.9471342175078945,7
3851,10,12,97,6,-5.950831581917707,6
3852,40,18,97,11,-5.966918416140385,7
3853,60,10,34,7,-5.968824417267719,3
3854,64,37,13,20,-5.976966147639873,17
3855,109,31,88,19,-5.976969519830535,12
3856,18,20,77,13,-5.987937988807763,7
3857,43,14,106,8,-5.989369931740143,6
3858,7,21,100,12,-5.991134989355656,9
3859,81,19,53,12,-5.994076217029546,7
3860,17,10,99,6,-6.011623328938978,4
3861,114,24,41,13,-6.018800989183648,11
3862,46,20,95,12,-6.027785407812037,8
3863,50,17,91,11,-6.027790824025908,6
3864,88,52,40,31,-6.033805103128578,21
3865,31,21,114,12,-6.0371155847578715,9
3866,68,20,97,12,-6.0395553586002615,8
3867,32,16,8,9,-6.041444852098721,7
3868,35,10,50,6,-6.042114866737556,4
3869,48,12,80,8,-6.043656393103958,4
3870,18,17,64,10,-6.047713381395088,7
3871,109,15,17,9,-6.060510853587175,6
3872,55,11,29,7,-6.0636297407404705,4
3873,41,25,60,14,-6.080070950949514,11
3874,5,44,20,27,-6.084413199436969,17
3875,5,12,68,7,-6.084537265067713,5
3876,36,36,86,21,-6.088077023539149,15
3877,107,23,111,12,-6.08814286411973,11
3878,36,33,16,20,-6.090568410562352,13
3879,102,19,104,10,-6.093919122401235,9
3880,88,40,23,26,-6.098802854801483,14
3881,75,29,46,17,-6.102650462365345,12
3882,79,10,55,6,-6.105260957218082,4
3883,8,18,64,11,-6.107418817752091,7
3884,65,19,38,10,-6.112419713967912,9
3885,31,13,81,9,-6.1171597913254026,4
3886,8,10,52,6,-6.118835452590007,4
3887,54,23,102,14,-6.1200791508914225,9
3888,97,24,55,15,-6.128965912516969,9
3889,90,22,96,14,-6.131526760597793,8
3890,46,14,109,8,-6.137839688733693,6
3891,68,17,56,9,-6.145672201347777,8
3892,55,26,76,17,-6.147230699405089,9
3893,98,26,91,16,-6.147477973409045,10
3894,109,15,68,10,-6.151207133102543,5
3895,23,22,40,13,-6.152194662944811,9
3896,60,10,111,7,-6.155833973529334,3
3897,92,11,16,8,-6.161317715288814,3
3898,13,13,58,9,-6.163916196313295,4
3899,86,37,98,21,-6.173883512848301,16
3900,114,23,53,13,-6.175142692760426,10
3901,104,59,37,36,-6.175700710267806,23
3902,5,40,70,23,-6.19146702192266,17
3903,43,32,13,17,-6.196254653494401,15
3904,88,22,30,12,-6.229515441144281,10
3905,50,41,104,25,-6.230364171354916,16
3906,20,13,40,8,-6.240563950747324,5
3907,23,12,49,7,-6.2493025271732385,5
3908,70,12,49,7,-6.256572685735776,5
3909,107,30,100,15,-6.262014473902883,15
3910,102,18,57,10,-6.264739678585858,8
3911,95,12,15,7,-6.265255655621161,5
3912,57,22,8,14,-6.276405634666304,8
3913,31,30,41,18,-6.276695675397637,12
3914,64,16,70,11,-6.2860092045587415,5
3915,88,56,65,35,-6.287559020425313,21
3916,51,42,104,27,-6.295418505157659,15
3917,3,18,107,9,-6.2959165699732,9
3918,18,10,76,6,-6.295952594294593,4
3919,3,10,64,6,-6.298167602814483,4
3920,65,13,112,7,-6.3001525373002485,6
3921,86,17,43,11,-6.30367957138411,6
3922,16,21,102,12,-6.323530287659212,9
3923,88,22,62,13,-6.324774259752266,9
3924,65,25,43,13,-6.334369637521842,12
3925,13,43,71,25,-6.334859859699402,18
3926,98,20,11,11,-6.3386776528601825,9
3927,31,20,3,11,-6.356449955199035,9
3928,14,13,107,7,-6.370548692090853,6
3929,16,11,103,7,-6.384231863654396,4
3930,77,13,74,8,-6.38427445953612,5
3931,64,23,87,13,-6.388144400471778,10
3932,77,13,106,7,-6.407119934187455,6
3933,28,48,104,28,-6.4150038687823026,20
3934,77,19,107,11,-6.4169470483546815,8
3935,68,12,101,8,-6.425600910426854,4
3936,33,16,40,11,-6.427211772717695,5
3937,7,15,34,9,-6.438395937640913,6
3938,87,20,4,13,-6.445923142452617,7
3939,31,29,51,19,-6.454692519501799,10
3940,87,25,90,15,-6.454852453391627,10
3941,28,17,14,11,-6.462988674713606,6
3942,68,11,45,7,-6.479375207416081,4
3943,9,17,46,10,-6.488226478108835,7
3944,31,27,75,15,-6.501521257577056,12
3945,3,20,114,13,-6.505970004031861,7
3946,96,30,50,18,-6.506695896089088,12
3947,4,12,56,6,-6.509885274579447,6
3948,55,10,49,6,-6.541972088163769,4
3949,30,11,27,6,-6.548301845648552,5
3950,47,23,75,16,-6.550315616153077,7
3951,41,10,74,5,-6.555417523357471,5
3952,88,22,47,13,-6.557319091824741,9
3953,62,30,16,19,-6.56334818393473,11
3954,31,11,73,7,-6.573747338426646,4
3955,39,20,84,12,-6.576549597248594,8
3956,114,14,76,9,-6.578120007634398,5
3957,96,77,86,47,-6.579835199705017,30
3958,96,28,65,16,-6.593487230396348,12
3959,64,17,83,10,-6.597115059465707,7
3960,36,16,28,9,-6.602158410065066,7
3961,87,27,76,17,-6.608534680829213,10
3962,46,37,16,22,-6.611711661090452,15
3963,84,27,8,17,-6.622581044229809,10
3964,5,48,25,29,-6.626414170343123,19
3965,17,13,53,8,-6.628322060179848,5
3966,87,19,102,12,-6.6316454228279165,7
3967,40,14,28,8,-6.63813720990204,6
3968,102,14,63,8,-6.652222601619386,6
3969,71,11,83,6,-6.6562053803338666,5
3970,106,41,25,26,-6.674179308486926,15
3971,69,10,40,7,-6.674903942141134,3
3972,37,10,29,6,-6.680734619445758,4
3973,87,13,15,7,-6.6837649878118555,6
3974,57,13,114,8,-6.6838726944280715,5
3975,10,11,7,7,-6.6857443633140905,4
3976,88,15,76,8,-6.688159185418194,7
3977,106,11,111,8,-6.697425895741327,3
3978,91,12,15,6,-6.697476716978325,6
3979,40,10,6,6,-6.705680107058635,4
3980,39,19,91,12,-6.713734119938697,7
3981,32,11,97,7,-6.7220085367153315,4
3982,95,11,100,6,-6.722166987268522,5
3983,95,13,14,8,-6.731405281187272,5
3984,96,38,74,24,-6.731828732252354,14
3985,17,11,98,6,-6.738013857371009,5
3986,51,15,102,9,-6.749472817285659,6
3987,108,10,48,7,-6.749808304712144,3
3988,96,30,97,17,-6.762245122268197,13
3989,88,81,86,49,-6.778240063930489,32
3990,57,11,15,7,-6.7806885521727445,4
3991,49,16,98,9,-6.781982879058622,7
3992,65,48,51,30,-6.78764431764166,18
3993,63,24,64,14,-6.792037614062571,10
3994,31,10,55,6,-6.798197972656263,4
3995,53,13,27,9,-6.799297932562183,4
3996,114,16,100,10,-6.806713890734191,6
3997,50,12,27,8,-6.81199069291027,4
3998,71,39,75,25,-6.818806640750764,14
3999,23,37,13,20,-6.835884394296809,17
4000,4,19,86,12,-6.836668747251869,7
4001,11,17,75,10,-6.860129083231022,7
4002,109,38,54,24,-6.870761605419694,14
4003,49,18,107,10,-6.874405102919041,8
4004,99,15,106,10,-6.882359612487446,5
4005,7,11,78,5,-6.890322087249726,6
4006,80,16,104,9,-6.898685093267583,7
4007,71,26,64,17,-6.901091247298654,9
4008,55,36,104,22,-6.909075624793387,14
4009,20,11,93,7,-6.911432650296384,4
4010,30,19,75,11,-6.923427737676235,8
4011,87,10,44,6,-6.930092376966648,4
4012,93,32,65,18,-6.936392014320224,14
4013,88,12,99,7,-6.939131232028662,5
4014,107,15,12,10,-6.94618001349757,5
4015,32,18,107,10,-6.94620916956579,8
4016,33,19,51,13,-6.969365507134877,6
4017,71,34,16,22,-6.970649186570069,12
4018,45,16,16,10,-6.976498387396664,6
4019,94,12,55,7,-6.987298934898081,5
4020,5,15,62,9,-6.9927087595973925,6
4021,90,12,30,7,-6.995080547552479,5
4022,86,14,45,8,-7.001591160951406,6
4023,53,38,107,24,-7.016601645048433,14
4024,84,31,74,17,-7.0251363399754485,14
4025,18,16,100,9,-7.026565168419708,7
4026,63,23,9,14,-7.028365148658891,9
4027,106,27,80,17,-7.029777914575281,10
4028,2,25,28,16,-7.040494915317703,9
4029,87,69,16,41,-7.04550200289978,28
4030,18,27,68,16,-7.057508559262057,11
4031,63,61,16,36,-7.06081445906574,25
4032,49,14,50,8,-7.064134383315742,6
4033,38,21,63,14,-7.071277555225252,7
4034,98,14,102,8,-7.075813129571892,6
4035,88,19,108,12,-7.08266123245474,7
4036,68,37,41,22,-7.094495660130799,15
4037,90,24,114,14,-7.10169685008524,10
4038,16,15,110,9,-7.102784713477102,6
4039,110,16,51,10,-7.104586521997479,6
4040,55,62,16,40,-7.108256785232972,22
4041,79,12,63,8,-7.1114844508040305,4
4042,87,14,32,9,-7.113585901413378,5
4043,5,21,7,13,-7.117898011185962,8
4044,48,32,63,20,-7.1299692009467925,12
4045,60,17,5,11,-7.144002600647478,6
4046,55,27,80,15,-7.147794138544471,12
4047,91,13,51,8,-7.1487730180819415,5
4048,80,23,16,14,-7.155101734961403,9
4049,93,23,87,14,-7.164798687762666,9
4050,14,14,86,8,-7.166696838482464,6
4051,7,27,28,17,-7.16802574987716,10
4052,35,15,16,10,-7.178038323973206,5
4053,25,46,13,26,-7.193450880580756,20
4054,97,32,7,18,-7.201514601551131,14
4055,87,15,94,9,-7.201867133783275,6
4056,5,28,97,18,-7.2030892274017075,10
4057,55,18,17,10,-7.225704310999125,8
4058,1,21,86,13,-7.227079789159727,8
4059,87,12,1,7,-7.233577884593118,5
4060,101,11,16,7,-7.238690209169098,4
4061,4,16,75,10,-7.243454650582432,6
4062,5,14,31,9,-7.246607645789562,5
4063,110,17,8,11,-7.249961918016362,6
4064,93,12,98,7,-7.251352809271133,5
4065,87,28,30,17,-7.261869989605065,11
4066,97,18,41,11,-7.264371648173333,7
4067,51,12,73,8,-7.27293256895111,4
4068,17,18,28,11,-7.285855618940971,7
4069,111,14,28,9,-7.296837620354718,5
4070,109,19,107,13,-7.298695286121334,6
4071,4,12,106,6,-7.301373821742237,6
4072,55,26,109,14,-7.3182997081126135,12
4073,53,49,68,30,-7.33414322563773,19
4074,68,14,92,9,-7.338682351737512,5
4075,8,25,73,15,-7.3587900254771785,10
4076,114,10,77,6,-7.365477220397804,4
4077,33,16,25,11,-7.36592627296452,5
4078,9,13,109,7,-7.36657323783134,6
4079,74,15,34,10,-7.367415754617588,5
4080,71,10,73,6,-7.373234065194552,4
4081,70,26,74,14,-7.373620150196766,12
4082,60,30,23,19,-7.3761331681290505,11
4083,43,13,54,7,-7.381026823850249,6
4084,87,19,3,12,-7.3812256422956795,7
4085,55,33,50,19,-7.382587695698175,14
4086,107,10,78,6,-7.3867504269450395,4
4087,84,21,16,12,-7.387304706787613,9
4088,39,47,13,27,-7.388331512550153,20
4089,87,48,13,31,-7.391076868618167,17
4090,20,18,91,10,-7.395662966437773,8
4091,46,41,37,27,-7.398384968299376,14
4092,50,22,76,15,-7.4081472032296025,7
4093,41,34,36,18,-7.412500474371831,16
4094,46,45,25,26,-7.439996628911813,19
4095,18,30,28,18,-7.441772892360465,12
4096,65,20,45,11,-7.453844435183998,9
4097,87,58,8,36,-7.453998372353072,22
4098,110,21,37,12,-7.457046552670356,9
4099,67,14,86,8,-7.473545085382988,6
4100,63,15,108,9,-7.475559971035059,6
4101,27,27,16,17,-7.481407495599661,10
4102,4,11,1,7,-7.485549151859818,4
4103,48,13,74,7,-7.488504403150373,6
4104,68,25,54,16,-7.489611925883006,9
4105,39,24,114,14,-7.515791278431393,10
4106,77,18,55,11,-7.520653437888105,7
4107,87,38,68,23,-7.527116898411069,15
4108,33,12,90,8,-7.529189155587314,4
4109,74,18,102,11,-7.530680431017048,7
4110,75,32,28,20,-7.533160694281726,12
4111,40,18,35,12,-7.533996380952329,6
4112,51,82,86,47,-7.536928181675869,35
4113,70,23,96,12,-7.543405368906036,11
4114,109,20,74,13,-7.552113364104348,7
4115,76,22,97,13,-7.55617771012973,9
4116,23,11,33,7,-7.562255793226968,4
4117,5,14,34,10,-7.5706698448560905,4
4118,46,18,7,12,-7.57256052825316,6
4119,77,12,46,7,-7.574271980014295,5
4120,88,18,58,11,-7.5880987725104365,7
4121,80,22,96,14,-7.6325568595370585,8
4122,43,14,63,9,-7.634644679088043,5
4123,70,34,28,21,-7.649551061711329,13
4124,43,15,75,10,-7.654448635188538,5
4125,107,14,29,10,-7.664786511697863,4
4126,78,12,40,9,-7.665773995550055,3
4127,96,24,37,14,-7.66584492569651,10
4128,48,24,86,15,-7.668739325888133,9
4129,18,19,54,11,-7.671164831579696,8
4130,29,20,65,11,-7.677088640841975,9
4131,34,16,109,9,-7.680059977954986,7
4132,97,14,110,9,-7.6856652674732375,5
4133,11,32,5,20,-7.6874421575338765,12
4134,7,25,111,15,-7.6903234257719815,10
4135,108,17,53,9,-7.691782047867258,8
4136,76,14,54,9,-7.722451793722614,5
4137,63,43,37,27,-7.7225587241992235,16
4138,8,31,109,18,-7.730735193905241,13
4139,36,15,97,9,-7.746568887819001,6
4140,54,13,73,8,-7.746921178252214,5
4141,25,49,37,29,-7.755599308877523,20
4142,73,11,53,7,-7.756297558195456,4
4143,86,14,10,8,-7.764445720347282,6
4144,17,13,34,9,-7.773261222871452,4
4145,79,20,48,12,-7.7777328666170344,8
4146,97,19,18,12,-7.786893043230254,7
4147,3,12,53,8,-7.802864213591086,4
4148,54,56,63,35,-7.809523542573283,21
4149,86,17,93,11,-7.815785095507572,6
4150,7,87,16,51,-7.82007141588358,36
4151,98,17,8,11,-7.832264077196576,6
4152,35,10,30,6,-7.8345893201902514,4
4153,88,34,27,19,-7.839183444170466,15
4154,87,22,71,13,-7.85560678269644,9
4155,96,13,85,9,-7.87177905722743,4
4156,51,23,20,13,-7.873291814736603,10
4157,107,22,33,13,-7.889216015388602,9
4158,82,10,88,6,-7.9125780836424955,4
4159,39,44,86,26,-7.916188475664826,18
4160,109,17,7,11,-7.9170790201368355,6
4161,20,16,33,10,-7.9280624383644875,6
4162,64,12,77,6,-7.928282722369054,6
4163,84,14,97,10,-7.932419590040103,4
4164,77,13,27,8,-7.939137496569419,5
4165,88,70,54,43,-7.953176748990858,27
4166,69,23,13,14,-7.9570597151485725,9
4167,55,16,57,9,-7.964168012543881,7
4168,12,12,23,7,-7.967390536473999,5
4169,5,25,65,15,-7.967561696591303,10
4170,57,16,11,9,-7.975072284787963,7
4171,4,12,12,8,-7.976222296376226,4
4172,41,24,87,15,-7.976388181655021,9
4173,17,17,104,10,-7.98852960047454,7
4174,54,16,15,9,-7.990113178125118,7
4175,70,16,13,10,-7.990308468406848,6
4176,109,14,95,9,-7.992343836415329,5
4177,49,19,75,12,-7.994055446090442,7
4178,37,14,64,9,-7.994836735645362,5
4179,96,19,102,12,-7.995631160966494,7
4180,37,13,89,7,-7.9994477960682815,6
4181,60,24,30,17,-8.029670464815947,7
4182,68,25,71,16,-8.049997456311523,9
4183,13,18,90,12,-8.054863834369634,6
4184,112,15,86,9,-8.066513808802787,6
4185,28,24,93,16,-8.07091688053174,8
4186,27,11,92,6,-8.07437363290829,5
4187,84,23,20,16,-8.075470698309143,7
4188,5,61,8,37,-8.080732178020163,24
4189,109,15,53,10,-8.093404481537448,5
4190,109,11,43,7,-8.094303642212859,4
4191,15,19,8,11,-8.110493801505942,8
4192,96,16,60,12,-8.111178170207005,4
4193,96,19,51,12,-8.115030150293322,7
4194,16,15,81,10,-8.120114808218235,5
4195,25,19,100,11,-8.126357393020873,8
4196,29,12,75,7,-8.144839094845086,5
4197,68,53,75,35,-8.151295756713973,18
4198,109,16,70,10,-8.155151079730674,6
4199,102,14,20,8,-8.160756483849335,6
4200,33,11,68,7,-8.166895131198164,4
4201,98,13,108,8,-8.179403178791246,5
4202,60,35,104,25,-8.183651908443377,10
4203,109,24,11,16,-8.196422948591085,8
4204,88,26,15,18,-8.210771365525122,8
4205,39,35,18,23,-8.237293647729608,12
4206,16,12,89,7,-8.24232911238878,5
4207,109,19,41,13,-8.25191645501863,6
4208,55,49,40,31,-8.264830770768937,18
4209,14,12,37,7,-8.266467835075433,5
4210,76,12,75,7,-8.269580351796622,5
4211,88,98,16,63,-8.2704050128572,35
4212,55,15,100,8,-8.275270908208638,7
4213,91,18,41,12,-8.276671952774393,6
4214,43,13,27,7,-8.281785030351253,6
4215,106,31,90,21,-8.28384546124837,10
4216,100,28,16,18,-8.28524847579159,10
4217,76,36,86,23,-8.29192824322638,13
4218,69,11,107,7,-8.293842345373674,4
4219,50,15,93,10,-8.29471125308058,5
4220,66,11,60,8,-8.298339609799458,3
4221,18,10,47,7,-8.309233499275509,3
4222,40,16,73,10,-8.325505691275456,6
4223,9,13,17,8,-8.326710277225677,5
4224,7,13,44,8,-8.34001533270396,5
4225,20,36,65,24,-8.343206121317849,12
4226,9,11,11,7,-8.359525570926444,4
4227,46,10,6,6,-8.386722378353735,4
4228,65,19,1,11,-8.390551164404213,8
4229,91,24,68,14,-8.412577437061726,10
4230,3,16,36,11,-8.414050236887807,5
4231,90,19,73,12,-8.424101991862472,7
4232,114,20,55,13,-8.432483182241098,7
4233,87,15,29,10,-8.448402750963465,5
4234,96,14,95,9,-8.450373982592183,5
4235,107,11,110,7,-8.45544908692091,4
4236,65,21,90,12,-8.468020439085361,9
4237,76,25,63,17,-8.481730276547946,8
4238,64,17,114,11,-8.48210889796773,6
4239,69,17,63,12,-8.506537399631055,5
4240,4,17,63,11,-8.512042650715129,6
4241,83,27,86,19,-8.512264034333521,8
4242,70,15,110,10,-8.53630083928903,5
4243,38,27,37,17,-8.549020352319753,10
4244,19,10,36,6,-8.571979369015912,4
4245,55,23,95,15,-8.57500650986488,8
4246,70,20,108,13,-8.591977771420847,7
4247,102,19,50,11,-8.595702748065333,8
4248,75,13,15,9,-8.597300929966652,4
4249,50,22,90,14,-8.598522697493998,8
4250,3,19,40,13,-8.60466249133143,6
4251,40,13,95,8,-8.623923471834955,5
4252,6,16,13,10,-8.627925335393327,6
4253,58,21,7,12,-8.637350419359533,9
4254,68,62,40,41,-8.642890009281665,21
4255,65,37,30,24,-8.646278778061177,13
4256,86,38,41,25,-8.653956346098061,13
4257,51,13,62,8,-8.700237226762352,5
4258,2,10,30,6,-8.704387763563812,4
4259,1,28,13,19,-8.726222592414747,9
4260,88,33,39,21,-8.729784324192254,12
4261,108,16,16,10,-8.735246502538358,6
4262,53,21,87,12,-8.736662500261383,9
4263,63,45,51,27,-8.740070603704455,18
4264,36,43,13,28,-8.741200501460956,15
4265,11,23,104,15,-8.742484307216113,8
4266,91,11,23,6,-8.754288778364979,5
4267,106,11,79,7,-8.77784161708646,4
4268,18,23,106,15,-8.778191080978738,8
4269,47,18,36,12,-8.810892372607713,6
4270,77,18,63,12,-8.831772718752353,6
4271,57,17,70,9,-8.906737604649802,8
4272,109,22,63,13,-8.91453480739318,9
4273,49,20,87,11,-8.915012942359487,9
4274,91,10,11,7,-8.923724837318142,3
4275,54,15,36,9,-8.925113760028648,6
4276,71,17,104,10,-8.92632866469196,7
4277,84,14,104,8,-8.932998314387538,6
4278,80,13,11,8,-8.941133144462878,5
4279,81,12,47,8,-8.943518667872869,4
4280,2,11,76,8,-8.95175533528088,3
4281,107,28,80,19,-8.961960424498164,9
4282,32,11,28,7,-8.963821007682874,4
4283,65,24,95,15,-8.970576207756876,9
4284,63,17,90,11,-8.996303299649265,6
4285,13,26,81,17,-9.003700902863285,9
4286,36,15,5,9,-9.008614310253614,6
4287,31,12,109,8,-9.017640865488614,4
4288,60,41,64,27,-9.027973681472828,14
4289,8,33,75,22,-9.038485704084975,11
4290,9,13,25,9,-9.043540817668024,4
4291,1,18,114,12,-9.054546789899767,6
4292,12,11,114,6,-9.067821568235521,5
4293,18,35,13,21,-9.0757245458419,14
4294,51,34,76,23,-9.077747475176407,11
4295,8,34,95,21,-9.07920947405897,13
4296,51,11,48,6,-9.079697327016946,5
4297,106,54,13,35,-9.085264023222939,19
4298,72,17,86,11,-9.090749225860588,6
4299,86,24,44,15,-9.102060428273223,9
4300,84,41,63,25,-9.10313407107926,16
4301,51,23,64,15,-9.140796471719991,8
4302,95,27,13,17,-9.14309183376447,10
4303,104,16,64,11,-9.14680267300443,5
4304,38,10,51,7,-9.155948104570232,3
4305,5,43,50,26,-9.156049369840705,17
4306,107,20,58,13,-9.160448429827847,7
4307,84,27,5,17,-9.167674877244863,10
4308,68,22,25,14,-9.168222856665713,8
4309,40,15,92,10,-9.168940871834318,5
4310,64,13,27,9,-9.176050660588277,4
4311,84,13,98,9,-9.18267526002018,4
4312,71,11,15,7,-9.19725576782928,4
4313,39,17,92,10,-9.202670656436865,7
4314,40,12,2,8,-9.204153353273353,4
4315,4,15,27,9,-9.21491506769711,6
4316,107,31,2,20,-9.235597195463592,11
4317,92,11,51,6,-9.24383806692869,5
4318,51,13,15,8,-9.260430817248004,5
4319,91,33,63,22,-9.272944845071178,11
4320,68,24,76,18,-9.277771398501299,6
4321,55,13,2,8,-9.30651882359562,5
4322,70,17,50,10,-9.316243790355681,7
4323,63,19,27,11,-9.333506253315775,8
4324,7,26,37,16,-9.351585671584257,10
4325,29,11,60,7,-9.352046281724496,4
4326,50,12,23,9,-9.354699302165743,3
4327,16,12,34,8,-9.386690960959728,4
4328,87,39,7,26,-9.40943909531165,13
4329,110,10,114,7,-9.422657787947912,3
4330,74,14,83,8,-9.43011849323839,6
4331,63,11,32,7,-9.44232166344675,4
4332,51,11,80,7,-9.452768996423057,4
4333,63,14,30,9,-9.454567130977065,5
4334,13,22,108,15,-9.455108056944892,7
4335,31,32,53,19,-9.469859036589868,13
4336,55,23,30,15,-9.492748334961263,8
4337,69,13,70,9,-9.494709245292386,4
4338,65,17,15,11,-9.49771073691666,6
4339,99,22,37,15,-9.502759058160713,7
4340,80,14,90,10,-9.509239360264804,4
4341,4,11,30,7,-9.534850556328458,4
4342,91,25,106,17,-9.55922901342809,8
4343,8,11,62,8,-9.593511144115352,3
4344,53,13,8,9,-9.596286006275326,4
4345,8,14,99,8,-9.611065592860308,6
4346,9,16,76,11,-9.62150457184245,5
4347,107,10,67,7,-9.627053867267662,3
4348,25,34,104,21,-9.636675179077027,13
4349,114,31,8,21,-9.64882712969028,10
4350,104,15,15,10,-9.650979999331241,5
4351,104,37,40,25,-9.65543039217366,12
4352,71,12,100,8,-9.66068752031631,4
4353,87,19,100,11,-9.686243494464469,8
4354,98,16,13,11,-9.686902315619628,5
4355,54,27,75,17,-9.754209010714467,10
4356,84,23,11,15,-9.766296004538773,8
4357,25,42,7,28,-9.767728891918422,14
4358,70,14,30,8,-9.768945845713874,6
4359,83,24,37,15,-9.783726366978415,9
4360,39,14,90,9,-9.813134332006266,5
4361,75,25,104,16,-9.822163907084752,9
4362,114,16,95,10,-9.83849388625251,6
4363,104,15,36,9,-9.838970168079864,6
4364,64,25,16,17,-9.851103913802607,8
4365,43,11,64,7,-9.86127930439201,4
4366,18,17,50,10,-9.885091111762174,7
4367,19,12,68,7,-9.900373348129571,5
4368,81,12,7,7,-9.905873686943623,5
4369,3,14,25,9,-9.907996037168818,5
4370,49,13,40,8,-9.915875625263496,5
4371,36,11,62,7,-9.918905860825543,4
4372,107,19,45,12,-9.919744780089784,7
4373,2,10,95,7,-9.9203126299905,3
4374,106,13,38,7,-9.972431475981125,6
4375,88,18,73,12,-9.974203425238962,6
4376,91,30,7,21,-9.983998909939304,9
4377,12,19,60,10,-9.984528424599185,9
4378,65,43,114,27,-10.010703114891971,16
4379,3,10,81,7,-10.020678397963058,3
4380,69,22,60,13,-10.026631940325352,9
4381,18,14,11,9,-10.031989827572827,5
4382,50,39,75,27,-10.040408681755256,12
4383,88,15,77,10,-10.04400369134599,5
4384,50,16,36,9,-10.06214875827346,7
4385,57,12,54,9,-10.066024134547122,3
4386,7,47,75,31,-10.087770884796276,16
4387,25,30,20,20,-10.102780695495062,10
4388,106,20,69,13,-10.109882768326292,7
4389,83,15,107,10,-10.114574167697793,5
4390,35,10,8,7,-10.118762046100299,3
4391,70,14,46,9,-10.128652016947743,5
4392,109,10,92,7,-10.132066653367776,3
4393,81,15,71,10,-10.146196364004531,5
4394,102,14,76,9,-10.166991590900437,5
4395,104,13,89,8,-10.178686881843591,5
4396,39,19,23,12,-10.185354124124489,7
4397,71,15,98,10,-10.189669566674569,5
4398,37,41,97,27,-10.190687502541847,14
4399,97,49,86,32,-10.191730194804157,17
4400,91,25,87,17,-10.193772096879423,8
4401,33,13,71,9,-10.195530501937561,4
4402,97,14,60,8,-10.197653383589495,6
4403,2,15,98,9,-10.198603389321665,6
4404,37,36,11,24,-10.207174749413833,12
4405,39,19,46,11,-10.23339705267237,8
4406,99,12,77,9,-10.252199704478636,3
4407,53,13,75,8,-10.264002892955828,5
4408,31,23,27,13,-10.2739938026007,10
4409,104,12,34,8,-10.27427919250402,4
4410,39,21,74,13,-10.295229479000923,8
4411,55,19,20,12,-10.312518824176758,7
4412,39,12,110,9,-10.31338108835557,3
4413,1,13,37,8,-10.34216426905315,5
4414,91,18,8,12,-10.34860151027639,6
4415,69,24,16,15,-10.354994562223549,9
4416,84,13,83,8,-10.35745770275565,5
4417,79,24,86,16,-10.359095369944336,8
4418,81,13,104,7,-10.361322759461327,6
4419,107,15,15,11,-10.36909152000731,4
4420,35,10,104,6,-10.373208624658856,4
4421,93,16,106,10,-10.37915501513517,6
4422,3,10,41,8,-10.3840484566551,2
4423,87,15,73,11,-10.390770444852313,4
4424,114,23,87,14,-10.397777828168937,9
4425,17,12,41,8,-10.40461721225408,4
4426,7,11,110,6,-10.42257657923173,5
4427,9,14,95,8,-10.448151730885066,6
4428,31,10,6,6,-10.459894630543896,4
4429,39,65,16,42,-10.460355812394315,23
4430,80,12,78,8,-10.465717228459772,4
4431,33,12,87,8,-10.466998002217025,4
4432,3,16,13,12,-10.4693650353193,4
4433,77,12,23,8,-10.47207373365885,4
4434,13,34,114,20,-10.474339995927224,14
4435,102,19,107,12,-10.474471969151432,7
4436,5,14,71,9,-10.499789144404389,5
4437,102,13,75,9,-10.50135368794083,4
4438,86,25,69,17,-10.514237395372476,8
4439,114,29,28,18,-10.522587404115153,11
4440,97,19,71,13,-10.523533962196899,6
4441,66,10,7,6,-10.534532214717434,4
4442,76,15,7,9,-10.53662266304415,6
4443,71,12,70,7,-10.54941399034127,5
4444,96,45,16,32,-10.566392603656332,13
4445,38,15,75,11,-10.597530026810052,4
4446,74,24,51,17,-10.633450080638768,7
4447,33,12,63,8,-10.633619397558368,4
4448,40,27,54,17,-10.64688124927009,10
4449,71,13,17,8,-10.64807522231264,5
4450,106,22,2,14,-10.65269372009429,8
4451,96,16,114,11,-10.657197876480032,5
4452,86,32,102,22,-10.668729155825625,10
4453,20,32,50,21,-10.680905733435484,11
4454,93,12,75,8,-10.68974449521869,4
4455,63,16,100,10,-10.708082189209783,6
4456,36,13,43,8,-10.713552025008546,5
4457,111,11,54,8,-10.714143810197228,3
4458,60,15,37,9,-10.721994289598655,6
4459,23,16,55,9,-10.735784140394152,7
4460,76,20,16,11,-10.743012747059645,9
4461,7,11,59,8,-10.771239818059199,3
4462,35,14,36,10,-10.78250796990051,4
4463,91,25,55,18,-10.791612827626562,7
4464,77,27,104,18,-10.795670361212089,9
4465,50,26,60,16,-10.797992871029319,10
4466,63,14,111,9,-10.807637905788145,5
4467,107,25,48,16,-10.827629447931269,9
4468,51,12,111,8,-10.832494142927857,4
4469,28,42,63,29,-10.834702955484337,13
4470,94,15,13,10,-10.844065562173386,5
4471,114,11,27,7,-10.864500780146425,4
4472,14,17,16,11,-10.870649232838183,6
4473,77,16,71,11,-10.872072685026803,5
4474,64,12,46,8,-10.899427395508424,4
4475,46,11,100,7,-10.904685887838546,4
4476,5,17,73,11,-10.90738305979487,6
4477,68,17,55,12,-10.910749157644128,5
4478,51,27,95,19,-10.913699301393024,8
4479,106,22,39,14,-10.933832598770767,8
4480,62,11,114,7,-10.951643875994158,4
4481,88,37,50,24,-10.986958086725291,13
4482,31,23,107,13,-10.991549252097414,10
4483,51,26,100,15,-10.993077052386393,11
4484,39,19,3,13,-10.995945627351913,6
4485,9,24,87,15,-11.039289640554266,9
4486,106,10,78,7,-11.040564461209588,3
4487,96,19,46,11,-11.044310192668554,8
4488,114,12,32,8,-11.045874107216177,4
4489,11,11,99,7,-11.04788337752713,4
4490,13,13,57,8,-11.057300467931773,5
4491,25,18,110,13,-11.063714709672924,5
4492,98,14,20,10,-11.083964695514595,4
4493,81,22,86,16,-11.096980834900565,6
4494,36,11,76,9,-11.09862925336368,2
4495,32,13,74,9,-11.101664191982367,4
4496,53,13,43,9,-11.142269636564139,4
4497,106,60,16,42,-11.145067698969553,18
4498,1,11,18,8,-11.165626164288787,3
4499,46,15,30,10,-11.187097177578686,5
4500,109,10,91,7,-11.192740070217315,3
4501,9,25,16,17,-11.197915963174951,8
4502,61,12,6,8,-11.200388242698184,4
4503,1,11,89,7,-11.20901106938993,4
4504,87,13,79,10,-11.211504341364096,3
4505,106,18,98,12,-11.217270403208776,6
4506,4,38,60,23,-11.223875324295506,15
4507,36,34,53,24,-11.24589067531156,10
4508,81,13,40,9,-11.249205674756395,4
4509,70,29,87,18,-11.250414739740132,11
4510,48,12,90,8,-11.252381363492235,4
4511,63,23,98,15,-11.26844326537147,8
4512,91,38,16,27,-11.273281125854657,11
4513,5,10,80,7,-11.295210617596885,3
4514,79,10,80,6,-11.30670069299901,4
4515,49,14,41,9,-11.30726179664342,5
4516,54,21,30,15,-11.315979513400256,6
4517,1,35,55,24,-11.318872050309835,11
4518,96,23,48,16,-11.323041657346815,7
4519,86,16,15,11,-11.345257527400204,5
4520,39,24,30,16,-11.345840707396126,8
4521,28,15,69,9,-11.351855367268074,6
4522,27,14,37,10,-11.378309035824225,4
4523,16,23,57,15,-11.38639029821982,8
4524,106,15,67,10,-11.416394671072156,5
4525,88,10,98,7,-11.438021992981458,3
4526,12,14,53,9,-11.449984329373839,5
4527,55,10,6,8,-11.480199964282331,2
4528,54,44,37,30,-11.514339123049963,14
4529,65,19,2,14,-11.51688952125461,5
4530,28,31,74,21,-11.526159046117094,10
4531,94,12,86,8,-11.544074142973756,4
4532,76,15,74,9,-11.544600382799558,6
4533,81,17,75,12,-11.544966357959323,5
4534,51,17,45,12,-11.554061190587257,5
4535,2,12,114,8,-11.567668937733664,4
4536,50,15,33,10,-11.568332857311571,5
4537,92,13,64,7,-11.570782768134928,6
4538,27,19,104,14,-11.58292642048061,5
4539,18,39,16,27,-11.672793985441842,12
4540,108,10,76,7,-11.689376602430276,3
4541,64,19,30,13,-11.689799219480298,6
4542,46,12,53,8,-11.691208139074996,4
4543,60,16,49,11,-11.728277714206634,5
4544,18,10,38,6,-11.73972363253915,4
4545,31,20,1,12,-11.742986631682967,8
4546,88,40,63,29,-11.77184183569856,11
4547,40,21,8,15,-11.791921402372775,6
4548,10,12,107,8,-11.793904653306292,4
4549,87,23,98,16,-11.823138658909349,7
4550,87,23,48,16,-11.827762552608771,7
4551,31,10,33,6,-11.850735149227052,4
4552,86,11,47,8,-11.851758277163865,3
4553,61,13,53,9,-11.872474458651649,4
4554,60,10,70,7,-11.8748651668318,3
4555,104,18,90,12,-11.89837391797068,6
4556,11,13,93,10,-11.901577910299338,3
4557,56,14,86,10,-11.910388622199694,4
4558,106,23,46,14,-11.922619928802636,9
4559,18,27,95,18,-11.951490678023534,9
4560,104,19,49,13,-11.962718506463764,6
4561,106,12,12,9,-11.963427758944382,3
4562,39,13,109,10,-11.979369234454992,3
4563,69,13,58,8,-11.98678339614412,5
4564,98,24,5,16,-11.989855689002859,8
4565,12,12,41,8,-11.996881217759755,4
4566,31,27,9,19,-12.002734861738098,8
4567,102,13,40,8,-12.005792153502512,5
4568,27,10,49,7,-12.01055997009829,3
4569,45,11,4,7,-12.01733797592958,4
4570,88,16,100,11,-12.053435860435954,5
4571,96,27,98,18,-12.125771968912133,9
4572,41,20,111,13,-12.134252521617201,7
4573,70,22,2,14,-12.153236389251056,8
4574,81,10,114,6,-12.183748479704214,4
4575,45,12,35,7,-12.21710035204084,5
4576,70,21,11,15,-12.225051268467027,6
4577,96,21,7,16,-12.232664156332714,5
4578,29,15,88,10,-12.272011459810146,5
4579,35,23,107,17,-12.292793992800659,6
4580,31,23,63,16,-12.298004488291767,7
4581,9,19,64,14,-12.30348151608255,5
4582,54,15,2,11,-12.306524573726033,4
4583,13,10,19,7,-12.3410051940306,3
4584,17,20,40,14,-12.359425880450816,6
4585,28,17,34,12,-12.371680551795567,5
4586,47,13,9,9,-12.38224273123465,4
4587,65,28,27,19,-12.400625248481512,9
4588,18,10,69,7,-12.403882061597322,3
4589,109,13,93,9,-12.420766001359539,4
4590,114,17,47,11,-12.444201143742774,6
4591,60,16,17,11,-12.448164416078782,5
4592,79,10,104,6,-12.467627013550157,4
4593,88,37,53,26,-12.477936650567813,11
4594,50,10,15,7,-12.479053092203715,3
4595,5,27,75,17,-12.535083552437035,10
4596,5,30,102,20,-12.549261396684052,10
4597,5,27,57,19,-12.572003913811173,8
4598,63,32,80,23,-12.596093571968389,9
4599,31,16,43,8,-12.608617869250047,8
4600,63,16,1,10,-12.619618788583585,6
4601,97,22,13,15,-12.647539312160676,7
4602,51,19,77,13,-12.647622107219112,6
4603,107,25,57,17,-12.686495355302789,8
4604,88,16,111,12,-12.710530076381987,4
4605,1,22,16,17,-12.715599823721535,5
4606,36,16,8,11,-12.721597845881664,5
4607,52,10,28,7,-12.725624774771763,3
4608,49,10,76,7,-12.730664919589284,3
4609,73,14,65,10,-12.739488636982381,4
4610,108,11,106,8,-12.74110274694642,3
4611,106,16,64,11,-12.76736373900894,5
4612,66,14,107,10,-12.770828498475348,4
4613,63,12,81,8,-12.812847865042881,4
4614,68,12,69,8,-12.886567740350372,4
4615,96,10,78,7,-12.899686199305037,3
4616,62,17,74,12,-12.918007478610393,5
4617,92,13,41,9,-12.929503950347238,4
4618,107,33,30,23,-12.930535966096482,10
4619,39,16,76,12,-12.981613300224623,4
4620,107,14,89,10,-12.997634313671218,4
4621,44,13,104,9,-13.041336406816619,4
4622,36,26,27,17,-13.042063327238697,9
4623,58,16,65,11,-13.060682899581568,5
4624,60,27,91,18,-13.066055089202223,9
4625,46,38,104,26,-13.083570903140272,12
4626,90,15,20,10,-13.08396173697106,5
4627,14,10,80,6,-13.097202558791372,4
4628,94,18,16,13,-13.114986504674489,5
4629,39,14,62,9,-13.121824543216178,5
4630,77,15,53,10,-13.125923769197522,5
4631,37,28,95,21,-13.149042342745602,7
4632,30,11,34,8,-13.149679586972228,3
4633,88,17,102,13,-13.153141792955822,4
4634,68,18,62,12,-13.204996877799644,6
4635,46,16,50,10,-13.220197801431315,6
4636,60,13,108,9,-13.225499906177387,4
4637,41,16,8,12,-13.244566662838952,4
4638,88,36,95,25,-13.24512473637818,11
4639,96,39,11,27,-13.252582377716239,12
4640,88,15,80,10,-13.263947598977516,5
4641,104,15,9,10,-13.26595808083957,5
4642,99,12,7,8,-13.274517260788413,4
4643,77,12,49,9,-13.281163183221418,3
4644,39,16,100,11,-13.327436341351762,5
4645,83,18,16,13,-13.35123547721314,5
4646,109,17,27,11,-13.354419417722466,6
4647,20,11,34,8,-13.36206244645375,3
4648,32,11,55,7,-13.36363963009391,4
4649,37,11,18,8,-13.371391730474068,3
4650,18,14,30,10,-13.395176006688521,4
4651,68,13,28,10,-13.417244490921592,3
4652,32,12,25,7,-13.427877456338663,5
4653,71,21,40,15,-13.428256103960052,6
4654,85,10,55,7,-13.429604925610438,3
4655,55,17,102,12,-13.448934349992442,5
4656,90,10,93,7,-13.452391800759145,3
4657,8,13,34,9,-13.463977802181443,4
4658,46,11,98,7,-13.482621473195687,4
4659,103,11,74,8,-13.53565105452587,3
4660,99,17,107,12,-13.582126995646108,5
4661,5,11,44,8,-13.587521896557622,3
4662,94,15,81,9,-13.59005711274676,6
4663,60,21,47,15,-13.609929815632052,6
4664,63,11,78,7,-13.648263861078725,4
4665,46,12,93,9,-13.65474091099076,3
4666,83,17,114,12,-13.681120041397612,5
4667,17,19,95,14,-13.721873290450482,5
4668,86,13,92,9,-13.731244514391912,4
4669,88,60,13,43,-13.741511324768355,17
4670,39,13,80,9,-13.744061353836228,4
4671,50,16,53,11,-13.759740941024019,5
4672,35,22,76,15,-13.840556791437661,7
4673,83,13,11,10,-13.863860744018641,3
4674,54,13,1,9,-13.897798468139287,4
4675,83,11,23,8,-13.9232349355535,3
4676,47,16,16,11,-13.953919967066756,5
4677,28,11,41,8,-13.972619383089011,3
4678,31,63,13,44,-13.978387759391746,19
4679,63,14,57,9,-14.005769262322856,5
4680,52,10,87,7,-14.021739835927075,3
4681,5,18,23,13,-14.02759674176979,5
4682,66,11,63,8,-14.209916362631542,3
4683,97,10,14,8,-14.259112129654316,2
4684,60,21,74,14,-14.268042080973927,7
4685,11,11,30,8,-14.299516136130784,3
4686,37,12,34,9,-14.300571264435137,3
4687,102,11,46,8,-14.307494713152051,3
4688,83,10,40,8,-14.347262135245904,2
4689,63,16,62,11,-14.373306402935604,5
4690,31,41,16,29,-14.390998277399369,12
4691,3,10,5,6,-14.426532962397738,4
4692,74,10,89,7,-14.446682807284398,3
4693,36,17,63,12,-14.449729540714554,5
4694,54,20,100,14,-14.454126910452933,6
4695,2,10,73,7,-14.457830254043136,3
4696,25,12,34,9,-14.468789684868275,3
4697,9,20,41,14,-14.476494677187723,6
4698,2,12,13,8,-14.516038794033763,4
4699,37,12,73,8,-14.533349572792924,4
4700,32,14,16,10,-14.542782322425317,4
4701,35,10,27,7,-14.547141678753416,3
4702,60,23,27,18,-14.572184837803867,5
4703,99,12,50,8,-14.581629542155014,4
4704,60,12,100,9,-14.59168399850781,3
4705,69,11,49,7,-14.630040162483821,4
4706,55,11,15,9,-14.630800697849656,2
4707,107,12,56,8,-14.703414597955637,4
4708,9,10,43,7,-14.717140734665415,3
4709,102,10,90,6,-14.739148726840858,4
4710,106,14,32,11,-14.741977351969277,3
4711,36,10,57,8,-14.790130328982974,2
4712,70,12,80,10,-14.80980217773798,2
4713,91,17,30,13,-14.854653528597783,4
4714,60,13,76,11,-14.892670155328526,2
4715,106,36,114,26,-14.935806388204485,10
4716,75,11,98,8,-14.962268997775858,3
4717,99,18,25,13,-15.014737107768294,5
4718,91,10,76,8,-15.030413557864279,2
4719,31,14,69,9,-15.039257334356934,5
4720,51,15,78,10,-15.057241448728288,5
4721,3,12,16,9,-15.059978640439974,3
4722,18,18,15,14,-15.068550409028953,4
4723,96,12,91,9,-15.083901067533665,3
4724,9,12,48,9,-15.097519161061683,3
4725,71,13,95,8,-15.098369434458812,5
4726,38,10,4,8,-15.11826294049762,2
4727,107,24,73,16,-15.162555439058812,8
4728,77,28,40,21,-15.182352431696955,7
4729,68,15,61,11,-15.24709195978541,4
4730,65,11,91,8,-15.248119768267998,3
4731,97,11,67,9,-15.281658756670776,2
4732,106,12,33,9,-15.30205997613048,3
4733,86,14,26,11,-15.35082499329916,3
4734,81,10,54,7,-15.380766678441313,3
4735,53,16,41,12,-15.403624417612441,4
4736,25,14,49,10,-15.43786379260084,4
4737,13,20,30,14,-15.47745197714796,6
4738,54,25,48,18,-15.479134701809116,7
4739,2,18,104,12,-15.50344370749933,6
4740,14,11,25,9,-15.536643242754739,2
4741,31,12,104,8,-15.561592201078605,4
4742,77,26,7,19,-15.579334977261833,7
4743,5,17,41,11,-15.588220959820694,6
4744,97,13,90,9,-15.62188808576594,4
4745,68,19,95,16,-15.650860272181013,3
4746,1,13,8,10,-15.702434313684371,3
4747,109,10,30,7,-15.706667365089421,3
4748,35,12,80,9,-15.72406211872363,3
4749,96,16,93,12,-15.73319462766121,4
4750,35,10,75,8,-15.755761764469415,2
4751,63,12,14,8,-15.759973477645744,4
4752,25,10,48,7,-15.782340463377466,3
4753,19,14,7,11,-15.791436877857706,3
4754,12,10,75,7,-15.792936269133122,3
4755,77,16,8,12,-15.792942369486319,4
4756,70,10,48,7,-15.796496446665468,3
4757,41,11,30,7,-15.823150971823392,4
4758,39,18,99,14,-15.84878961626863,4
4759,50,17,80,14,-15.873366771105449,3
4760,31,16,98,11,-16.004000710168857,5
4761,11,22,95,17,-16.006249051562754,5
4762,3,12,63,10,-16.056310619788537,2
4763,77,13,37,9,-16.05875315967213,4
4764,31,12,106,8,-16.096428228240462,4
4765,112,15,28,11,-16.113496626946453,4
4766,104,11,1,8,-16.170926123279344,3
4767,80,12,75,9,-16.212817456366967,3
4768,39,11,44,8,-16.32589693565987,3
4769,5,13,48,10,-16.33074699984749,3
4770,63,11,92,7,-16.367705927405936,4
4771,25,25,11,20,-16.429746187224737,5
4772,53,12,44,8,-16.522740674154395,4
4773,38,11,71,9,-16.65478409438396,2
4774,68,13,50,9,-16.739560938672483,4
4775,5,17,30,14,-16.835862346935006,3
4776,30,14,95,10,-16.836817117204564,4
4777,97,14,38,11,-16.838290194315167,3
4778,38,13,104,9,-16.9326658218169,4
4779,31,10,38,6,-16.97274158238424,4
4780,50,16,77,13,-16.97319460562341,3
4781,109,25,114,20,-17.09393681935433,5
4782,10,13,51,10,-17.100960272868033,3
4783,43,13,55,11,-17.10258262325886,2
4784,5,22,27,16,-17.186967099907662,6
4785,35,12,63,9,-17.190706154289504,3
4786,112,10,60,8,-17.246673170125877,2
4787,68,13,100,9,-17.287141142351707,4
4788,106,10,35,7,-17.319051156851785,3
4789,87,11,34,8,-17.33811535027782,3
4790,43,10,45,7,-17.339723268429022,3
4791,18,14,23,10,-17.468338798211544,4
4792,83,17,13,13,-17.492504927051193,4
4793,67,10,16,8,-17.493350405648194,2
4794,103,11,86,8,-17.582574899359507,3
4795,71,14,41,11,-17.677310848234864,3
4796,52,13,86,10,-17.69622819904226,3
4797,88,16,32,12,-17.73768741027694,4
4798,114,11,111,8,-17.846918134233796,3
4799,81,14,87,9,-17.895986818118363,5
4800,57,11,69,9,-17.903713317642495,2
4801,112,11,51,8,-17.986869866556564,3
4802,31,15,30,10,-18.11699342281865,5
4803,31,10,62,7,-18.377852941958047,3
4804,77,14,30,11,-18.43097958565835,3
4805,18,10,5,8,-18.464269170029826,2
4806,33,14,65,11,-18.512762180418843,3
4807,77,15,16,12,-18.527051782521912,3
4808,28,17,99,13,-18.754584808369174,4
4809,28,26,90,21,-18.776580206085534,5
4810,11,10,2,8,-18.92308479788875,2
4811,9,23,53,18,-18.947786738261776,5
4812,69,15,75,12,-19.10194742546947,3
4813,54,16,71,12,-19.16021741088294,4
4814,18,14,99,11,-19.290873438644514,3
4815,81,17,51,12,-19.593772980612897,5
4816,39,11,57,9,-19.63657815196269,2
4817,69,12,30,9,-19.74407752715803,3
4818,68,10,90,8,-19.75244962865367,2
4819,32,12,95,10,-19.760326388824467,2
4820,75,11,111,8,-20.026411874817093,3
4821,68,10,58,8,-20.219065191384033,2
4822,3,13,75,11,-20.269434346658137,2
4823,69,18,53,14,-20.4060328444826,4
4824,39,20,15,17,-20.57238362183036,3
4825,38,11,55,9,-20.87506721402826,2
4826,33,17,55,14,-21.027735426652754,3
4827,17,12,23,10,-21.155011011558305,2
4828,9,11,15,8,-21.26853343676879,3
4829,51,17,90,15,-21.316832661511143,2
4830,91,16,104,15,-21.31971827875211,1
4831,4,13,25,11,-21.42004260246313,2
4832,65,23,100,20,-21.522684064109903,3
4833,97,10,91,8,-22.126099468550684,2
4834,51,11,34,9,-22.213174768846976,2
4835,54,12,4,11,-22.374669781363053,1
4836,36,15,30,14,-22.591849436299622,1
4837,4,12,98,11,-22.73213983872782,1
4838,55,13,14,12,-22.739856337181138,1
4839,28,10,10,9,-23.03135332069283,1
4840,9,21,27,17,-23.072306521845082,4
4841,51,14,2,11,-23.23632490446861,3
4842,55,10,44,8,-23.361076236430034,2
4843,69,10,27,8,-23.704204091949634,2
4844,91,10,43,9,-23.82982989877907,1
4845,58,13,86,11,-23.86439409876387,2
4846,97,12,73,9,-24.10757303293757,3
4847,4,11,43,8,-24.288122163599862,3
4848,35,10,48,9,-25.15519793083891,1
4849,77,15,75,13,-25.509874365270075,2
4850,7,11,61,9,-25.644426465226903,2
4851,23,11,90,10,-28.300961743533676,1
4852,4,13,41,10,-29.213796795605585,3
4853,112,10,64,10,-31.38810854729242,0
