,againstHero,games,hero,losses,shift,wins
0,46,10,30,1,30.066474719572692,9
1,64,11,65,2,27.727149312498728,9
2,91,10,43,0,27.34458455824453,10
3,55,11,89,2,24.169792122479972,9
4,103,15,86,2,23.967936503754764,13
5,57,13,41,2,23.15616213187528,11
6,26,10,10,2,22.77202326046866,8
7,84,10,94,1,22.762013140609877,9
8,20,11,85,2,22.58682017719025,9
9,107,11,73,2,22.13453383862815,9
10,17,11,44,2,22.072912946241175,9
11,111,25,70,6,21.76194128198864,19
12,74,14,110,3,20.875047711546735,11
13,37,10,104,2,20.681486856575926,8
14,28,10,71,1,20.618030954774138,9
15,87,13,85,2,20.571580164340972,11
16,18,11,37,2,20.49673353679967,9
17,110,12,109,2,20.16933250309851,10
18,51,12,98,3,20.0679948728163,9
19,5,11,9,2,19.80151383215592,9
20,41,13,10,2,19.737157878272868,11
21,87,19,46,5,19.57398065475983,14
22,55,12,75,2,19.502608543209234,10
23,87,30,109,7,19.45596890113392,23
24,62,14,50,3,19.293193829496534,11
25,110,12,29,2,19.248543702222978,10
26,62,12,71,1,19.04348733516107,11
27,26,11,88,3,18.785991491960512,8
28,88,15,75,3,18.461574020804573,12
29,79,13,7,3,18.404801500191937,10
30,58,12,87,2,18.330309566002583,10
31,90,11,76,4,18.0318690370992,7
32,106,18,87,3,17.91538572878877,15
33,64,11,9,3,17.707873254379976,8
34,63,16,70,4,17.68149233309164,12
35,55,12,85,3,17.635277277680867,9
36,41,10,110,1,17.607251464829996,9
37,57,19,28,4,17.559820084625652,15
38,88,19,49,4,17.532034552741443,15
39,37,10,89,2,17.418835616565147,8
40,26,11,49,4,17.344464565076983,7
41,63,14,28,3,17.317474597955613,11
42,26,13,54,5,16.93978716229654,8
43,43,14,38,5,16.91598228541753,9
44,38,12,15,3,16.880495720481193,9
45,73,16,109,4,16.722107664046142,12
46,57,13,76,3,16.71990929044005,10
47,30,13,85,3,16.38402642563884,10
48,63,11,10,3,16.316509167938314,8
49,62,13,103,4,16.29915650058687,9
50,59,11,103,3,16.266656443008642,8
51,17,14,37,5,16.224073122382876,9
52,30,25,65,6,16.220777761486314,19
53,90,18,88,5,16.196945416210344,13
54,90,12,91,4,16.098702445179015,8
55,46,15,79,5,15.695062063539163,10
56,17,15,38,4,15.678044683298898,11
57,29,12,73,3,15.669782329836798,9
58,46,10,107,2,15.65139707745225,8
59,70,17,86,5,15.629059032565959,12
60,16,10,59,4,15.561569445873218,6
61,70,13,88,3,15.44587119057327,10
62,74,11,112,3,15.445414304360199,8
63,63,16,76,3,15.315183161564981,13
64,90,11,18,3,15.206260273523743,8
65,84,14,40,5,15.139436492633184,9
66,57,15,37,4,15.067776643574769,11
67,73,14,23,4,15.06705739412856,10
68,26,24,38,7,14.873702675608982,17
69,93,11,17,3,14.792328082005683,8
70,93,25,38,8,14.706979782976543,17
71,63,15,86,3,14.69621094462815,12
72,49,11,62,4,14.691411076024671,7
73,90,11,93,4,14.682520064465667,7
74,88,14,13,6,14.6368480815469,8
75,62,19,20,5,14.584809923949425,14
76,110,11,50,3,14.531978974156038,8
77,111,31,62,9,14.463263378850396,22
78,28,10,66,4,14.329185091749263,6
79,46,11,91,3,14.304066831342244,8
80,84,10,44,3,14.273373064789189,7
81,60,10,8,3,14.262033464961128,7
82,50,12,109,4,14.261856398454313,8
83,110,16,8,4,14.09581292777676,12
84,57,20,9,5,13.952239963411898,15
85,70,12,109,3,13.902253335630233,9
86,26,33,107,8,13.875366782102597,25
87,55,22,2,7,13.871872112800908,15
88,38,16,73,6,13.771113964229547,10
89,111,16,109,5,13.722443192828694,11
90,37,10,13,3,13.710588735524032,7
91,26,13,69,4,13.66583811938565,9
92,84,17,13,6,13.614397809771186,11
93,106,13,20,5,13.604914514810027,8
94,37,12,5,3,13.593067112324485,9
95,107,27,62,9,13.491527071908125,18
96,13,15,73,5,13.471561712276639,10
97,10,24,23,9,13.345513564331808,15
98,30,12,62,4,13.325811773490166,8
99,18,13,2,4,13.31796160775977,9
100,89,12,73,4,13.292782754035754,8
101,58,10,89,3,13.242354787086834,7
102,20,11,48,3,13.215007868614988,8
103,55,17,109,5,13.091080409868951,12
104,30,24,9,7,13.086601208658116,17
105,107,15,70,5,13.053888487638648,10
106,3,11,8,3,12.917286316124727,8
107,6,14,66,4,12.900366001703459,10
108,2,21,76,7,12.801773404860658,14
109,69,10,41,4,12.786110356364535,6
110,73,11,90,3,12.699639901607053,8
111,46,21,9,8,12.65253338448702,13
112,28,28,109,9,12.60200219907949,19
113,18,16,84,5,12.53715723328449,11
114,13,10,86,3,12.514933779078898,7
115,51,16,48,4,12.491719199285038,12
116,93,22,62,7,12.439036445917942,15
117,20,18,23,5,12.419097927334024,13
118,9,11,97,4,12.349501112253755,7
119,93,12,26,4,12.342400061412198,8
120,93,17,50,6,12.303370496346986,11
121,63,16,9,6,12.275723948784513,10
122,74,20,48,7,12.230658480119438,13
123,30,25,54,8,12.169108306951893,17
124,93,20,41,5,12.152619394683915,15
125,54,27,109,9,12.131563798369136,18
126,58,11,103,3,12.093407699535737,8
127,79,11,112,3,12.089617166544242,8
128,104,11,48,3,12.069826525059822,8
129,29,11,70,3,12.030336124564109,8
130,38,15,10,4,12.029907406435383,11
131,14,11,65,3,11.952914938466222,8
132,93,10,76,3,11.9232506042626,7
133,18,13,17,5,11.905263091036245,8
134,43,14,109,5,11.866460109925438,9
135,85,17,37,4,11.836833776252563,13
136,23,15,62,4,11.828374088275869,11
137,50,11,37,4,11.791517943036679,7
138,15,10,79,3,11.756403792330063,7
139,93,15,48,4,11.743861625157336,11
140,70,13,62,5,11.719880801732709,8
141,46,11,86,3,11.702567693743317,8
142,10,18,55,7,11.634204977110192,11
143,98,17,15,6,11.628891195956703,11
144,30,26,103,8,11.5945127814643,18
145,65,16,18,5,11.593628436717697,11
146,16,18,13,6,11.568229122492738,12
147,65,16,102,6,11.565057266886955,10
148,38,22,109,7,11.561969316834697,15
149,109,15,6,5,11.553622356231047,10
150,16,28,70,8,11.544275868635912,20
151,41,31,109,7,11.540113156994366,24
152,17,20,41,5,11.462467383182338,15
153,87,15,5,5,11.40194095276914,10
154,2,22,103,6,11.358008021341288,16
155,13,13,41,5,11.285884419294261,8
156,98,12,71,4,11.256798740703502,8
157,93,14,1,4,11.222746146114876,10
158,15,10,28,3,11.176545961741331,7
159,26,13,46,5,11.17021351687407,8
160,93,19,37,6,11.135373057728058,13
161,86,13,17,4,11.091372779627205,9
162,107,27,6,9,11.062112051518985,18
163,98,12,110,4,11.026999619900328,8
164,20,19,10,6,11.010427213733353,13
165,38,14,6,4,11.005398790381081,10
166,30,10,43,3,10.958461383133036,7
167,55,23,62,9,10.947383871127185,14
168,98,48,41,18,10.835326353590219,30
169,37,13,63,5,10.805969524077794,8
170,17,16,23,5,10.781653305644484,11
171,93,37,9,12,10.753480854770812,25
172,8,13,66,4,10.73746092576915,9
173,50,16,48,6,10.726292546687398,10
174,87,29,6,10,10.703931695338108,19
175,91,10,85,5,10.702453755941072,5
176,37,14,41,5,10.694476243263011,9
177,107,16,109,6,10.668493285549742,10
178,38,13,58,4,10.642287291889902,9
179,98,37,88,11,10.639663528048942,26
180,54,15,104,5,10.631063301403962,10
181,65,10,101,4,10.616476001261294,6
182,55,13,11,4,10.610000856265389,9
183,86,12,109,5,10.607119538943415,7
184,84,18,62,7,10.437589238500726,11
185,64,17,86,6,10.437285409841268,11
186,20,17,49,6,10.413212284497671,11
187,29,10,17,3,10.395985227153457,7
188,93,12,75,5,10.370088912225684,7
189,2,11,75,4,10.369833561069749,7
190,8,14,89,5,10.313019177206716,9
191,2,16,73,6,10.299221262346556,10
192,2,32,86,10,10.192867967955026,22
193,65,12,96,5,10.190345361441286,7
194,60,10,38,4,10.186949801542621,6
195,106,12,28,3,10.173309897145188,9
196,109,14,84,5,10.149942855967595,9
197,10,18,1,6,10.049405294208206,12
198,37,14,34,5,10.040882054419713,9
199,65,14,59,6,10.036164804159641,8
200,88,11,30,5,10.02483572373662,6
201,76,17,34,6,9.994247540573088,11
202,34,14,91,5,9.98713094249012,9
203,111,24,38,9,9.966212518632439,15
204,104,17,98,7,9.95510121235401,10
205,93,11,70,4,9.928875321549775,7
206,87,13,17,5,9.922998390575081,8
207,10,14,50,5,9.907166966632534,9
208,107,30,41,12,9.880991735942342,18
209,32,22,109,8,9.859589833142886,14
210,17,28,9,10,9.851089499965493,18
211,111,20,37,8,9.840471570719451,12
212,70,13,74,4,9.800022679632328,9
213,6,34,44,13,9.768613303295998,21
214,11,12,54,4,9.747794227973566,8
215,73,21,111,8,9.713634051639158,13
216,63,18,79,7,9.700576655667497,11
217,29,32,38,11,9.681299801122258,21
218,88,11,85,4,9.65630194872786,7
219,98,26,62,10,9.641858129313677,16
220,13,21,8,7,9.615323131026955,14
221,30,18,70,6,9.585226013483615,12
222,23,22,89,8,9.576875474490599,14
223,60,21,65,8,9.571951123571171,13
224,32,14,88,4,9.505084521049728,10
225,43,16,28,5,9.500596764145225,11
226,54,38,41,13,9.49240451190449,25
227,6,11,58,4,9.489496457414935,7
228,103,11,19,4,9.481054864710421,7
229,65,17,44,7,9.443702457838901,10
230,30,27,87,9,9.441306317195094,18
231,57,11,10,4,9.43267475148189,7
232,34,16,74,6,9.430626027485216,10
233,46,17,8,6,9.405496106583277,11
234,55,22,30,9,9.385734127086305,13
235,49,17,86,8,9.34317243367324,9
236,23,15,55,6,9.33524063849589,9
237,28,13,112,5,9.317343463958052,8
238,50,17,23,7,9.300090532650529,10
239,20,34,9,11,9.290302263411942,23
240,38,20,86,6,9.280969369301586,14
241,32,15,86,6,9.278787908228116,9
242,43,14,50,5,9.27474781724881,9
243,79,17,75,5,9.209258931375672,12
244,55,16,37,6,9.183747537097531,10
245,13,26,28,8,9.183739107543797,18
246,106,10,86,3,9.164819307436977,7
247,84,28,85,12,9.160197369727126,16
248,84,25,63,9,9.157819288318452,16
249,93,29,103,11,9.099325117611023,18
250,26,12,32,5,9.09769401619869,7
251,106,13,109,5,9.062668099795829,8
252,15,12,16,4,9.059606623425509,8
253,91,16,50,5,9.044194652502608,11
254,74,35,76,12,9.02110943529627,23
255,41,19,62,7,9.00335332858162,12
256,75,17,16,6,8.957856245411577,11
257,48,18,111,6,8.93792122942067,12
258,70,18,65,6,8.934646645850028,12
259,107,20,110,8,8.933567921834609,12
260,10,20,86,7,8.92570532964782,13
261,112,11,50,4,8.921235906620762,7
262,79,10,80,4,8.90853030883555,6
263,49,15,16,6,8.832590137428085,9
264,111,45,54,17,8.825491482393904,28
265,10,11,85,5,8.810276618143424,6
266,29,10,76,3,8.806443209825622,7
267,23,24,93,10,8.804783518097919,14
268,98,34,76,13,8.760231110114766,21
269,30,24,37,8,8.742074606758964,16
270,32,17,107,5,8.731768023357226,12
271,76,16,62,8,8.710475893988358,8
272,54,26,37,8,8.701915458664551,18
273,34,18,109,7,8.662734980033562,11
274,54,10,71,3,8.658299695148918,7
275,37,40,86,16,8.603825624585157,24
276,54,24,76,10,8.571167297040505,14
277,30,18,16,6,8.551684928549538,12
278,32,25,9,9,8.53109215537152,16
279,84,29,10,11,8.510842712738034,18
280,93,31,84,11,8.465363334016377,20
281,98,21,1,7,8.436557583367685,14
282,73,21,10,7,8.419335562342072,14
283,93,16,91,6,8.415373132469666,10
284,98,16,11,6,8.407514908653754,10
285,90,11,89,4,8.396796914570167,7
286,90,19,23,7,8.394839451243378,12
287,48,12,38,4,8.376240779730173,8
288,20,10,70,3,8.374580328727138,7
289,77,12,8,4,8.373441110755328,8
290,84,26,88,9,8.338765030439282,17
291,76,18,41,7,8.284971187696902,11
292,65,12,58,6,8.279172093518044,6
293,17,30,8,11,8.267140148743708,19
294,51,11,37,4,8.265197669915755,7
295,63,23,54,9,8.261050334816298,14
296,111,14,17,6,8.239799794462428,8
297,26,10,16,4,8.231874067384071,6
298,28,13,94,5,8.222371266039163,8
299,8,19,71,8,8.209507898321064,11
300,11,11,9,4,8.198586667223204,7
301,32,24,41,10,8.170536046764159,14
302,26,44,87,17,8.146474895568335,27
303,19,14,9,6,8.117304295019109,8
304,28,24,89,10,8.109722064980785,14
305,93,32,54,10,8.106367720057328,22
306,30,15,10,5,8.08039942607508,10
307,6,12,13,5,8.074590184679876,7
308,76,38,28,15,8.065701412784033,23
309,16,11,96,4,8.038888444146755,7
310,98,59,65,22,8.026056461003702,37
311,1,11,86,4,8.004187715591307,7
312,55,50,87,18,8.001636513353814,32
313,90,15,41,6,7.997737246515682,9
314,109,12,37,5,7.972273664149992,7
315,111,27,86,11,7.962255850113393,16
316,2,41,65,14,7.9589934151571535,27
317,88,30,54,12,7.914375895963332,18
318,30,24,86,6,7.891799768670311,18
319,49,14,13,6,7.890029815709072,8
320,109,30,9,12,7.889736540676636,18
321,74,11,12,5,7.8813359238936185,6
322,76,32,37,11,7.820497576953577,21
323,8,22,57,9,7.7994321657351655,13
324,55,29,54,10,7.798021484884685,19
325,16,24,85,9,7.776821133174266,15
326,29,13,109,5,7.7648215544268036,8
327,11,11,87,4,7.756993850566422,7
328,103,15,109,5,7.74806703390503,10
329,55,26,38,11,7.745065833950479,15
330,111,14,85,5,7.729378570457984,9
331,8,12,96,5,7.7077470646849475,7
332,23,11,59,4,7.703199044299857,7
333,88,40,76,17,7.693645081601592,23
334,65,24,50,9,7.669757652755209,15
335,49,22,65,9,7.648203777845676,13
336,74,29,86,11,7.646930643556198,18
337,55,35,9,12,7.544431741945996,23
338,91,21,76,8,7.53854735511653,13
339,46,15,88,5,7.530723715486483,10
340,29,20,107,7,7.525530619454996,13
341,34,10,38,4,7.513274255260262,6
342,8,55,76,21,7.506058462480551,34
343,28,53,41,23,7.494799478271726,30
344,107,28,50,10,7.466708773911553,18
345,104,10,23,4,7.459802178175596,6
346,10,29,28,10,7.458178088618777,19
347,17,14,48,6,7.444960593591361,8
348,23,24,37,9,7.440544332640973,15
349,98,14,68,4,7.427653338623123,10
350,103,29,74,10,7.419118005067162,19
351,41,13,49,4,7.406139067429071,9
352,98,15,5,6,7.40308817440165,9
353,73,35,9,14,7.317625242616718,21
354,54,21,10,8,7.316914939103651,13
355,50,11,68,4,7.299975074722132,7
356,13,13,20,4,7.287197108459041,9
357,48,15,35,6,7.282980983304396,9
358,74,18,18,7,7.278982693330033,11
359,23,15,70,6,7.277989111704888,9
360,30,10,73,4,7.27524129591905,6
361,88,14,38,6,7.257573306252311,8
362,55,41,98,16,7.2398162826998345,25
363,30,13,49,5,7.228582193886499,8
364,10,19,76,8,7.223608714939963,11
365,87,10,56,4,7.222698791088141,6
366,111,13,34,6,7.201437198359541,7
367,5,11,6,4,7.175117705775805,7
368,90,12,70,4,7.158523730695325,8
369,16,16,89,6,7.102664218068734,10
370,10,10,13,5,7.081545477709261,5
371,87,15,34,6,7.057985714791884,9
372,91,37,28,14,7.047707205955762,23
373,87,34,50,13,7.043252292270627,21
374,59,19,79,8,7.0352036880537865,11
375,111,20,6,8,7.01838566892247,12
376,51,10,6,3,7.003530037614207,7
377,90,19,6,8,7.0034906221582,11
378,79,11,101,5,6.9908614259308735,6
379,107,18,104,6,6.98511123388047,12
380,73,10,68,4,6.95394987102174,6
381,84,47,48,20,6.949393290214895,27
382,90,14,17,6,6.930186835428711,8
383,57,12,74,4,6.9176042424257504,8
384,84,13,66,5,6.913281974024722,8
385,34,16,65,7,6.912804970312552,9
386,8,36,38,14,6.910326910265974,22
387,41,45,103,15,6.896034695840802,30
388,65,18,68,8,6.89592459737167,10
389,89,11,87,4,6.890327484533061,7
390,79,31,107,11,6.880046869941419,20
391,17,20,84,8,6.874361487047255,12
392,16,71,9,26,6.825766832468779,45
393,28,11,64,5,6.82253762472366,6
394,32,26,79,10,6.821690929992381,16
395,43,18,87,7,6.811944333065353,11
396,88,21,6,8,6.808639243885847,13
397,8,47,93,18,6.803263671135738,29
398,91,35,41,13,6.801656465480552,22
399,93,34,87,13,6.796283419516629,21
400,28,73,9,31,6.79339527606444,42
401,16,73,86,28,6.791733072004654,45
402,93,14,43,5,6.79067137162001,9
403,55,35,20,15,6.786443158254519,20
404,87,50,28,20,6.785536302011417,30
405,26,24,109,9,6.785414157125367,15
406,65,33,48,13,6.7759631667584115,20
407,93,27,74,9,6.758416234659334,18
408,73,13,93,5,6.746815708884676,8
409,111,42,41,18,6.742879314894578,24
410,65,24,32,10,6.740147619373068,14
411,2,19,34,8,6.729658072634226,11
412,111,29,32,13,6.714992004730652,16
413,89,11,74,5,6.7140175484003635,6
414,73,16,88,6,6.709173893318198,10
415,79,18,62,8,6.70668334197217,10
416,88,16,57,7,6.698470388803919,9
417,20,34,79,13,6.674702669544552,21
418,18,24,9,10,6.669379438735331,14
419,74,16,49,7,6.669033870592301,9
420,98,23,34,8,6.66465867049253,15
421,17,15,49,6,6.655321673670165,9
422,86,14,85,7,6.640232602185862,7
423,87,21,51,9,6.638885465379,12
424,23,14,18,5,6.63118753114106,9
425,55,19,76,8,6.61682633400798,11
426,107,20,76,8,6.611819543573891,12
427,16,21,18,8,6.609959415609469,13
428,55,15,91,5,6.584228246945671,10
429,74,23,38,10,6.562267688513878,13
430,79,18,70,9,6.541994947083337,9
431,8,11,35,5,6.520153397659235,6
432,74,26,88,9,6.515151171646331,17
433,17,13,62,5,6.51109228837904,8
434,87,25,18,9,6.500921078177537,16
435,23,11,48,5,6.485113687277626,6
436,17,10,10,4,6.479497194252798,6
437,11,12,86,6,6.442539647073443,6
438,90,10,62,4,6.441503246890602,6
439,12,14,28,5,6.429365216940004,9
440,30,16,50,7,6.395661520622662,9
441,15,14,84,5,6.375647385580588,9
442,103,22,88,8,6.368772240906124,14
443,31,10,28,4,6.368565836830035,6
444,20,30,84,11,6.362668081835638,19
445,86,18,73,7,6.340120760849839,11
446,62,19,54,7,6.312055934230411,12
447,8,33,109,14,6.3077294568861335,19
448,90,16,54,7,6.290244829620479,9
449,111,15,44,6,6.282001615200402,9
450,79,24,104,8,6.267715569049506,16
451,2,17,48,8,6.245081234312723,9
452,75,12,9,4,6.239095019020707,8
453,2,35,41,13,6.231438093089566,22
454,16,14,34,6,6.229556768499603,8
455,20,82,65,32,6.229057309998908,50
456,2,11,66,4,6.205381429919993,7
457,87,23,88,8,6.146478682205598,15
458,8,52,48,21,6.14228344797818,31
459,74,53,65,21,6.137709015019595,32
460,111,11,56,4,6.133528731729061,7
461,87,45,41,20,6.130516050826405,25
462,70,21,76,8,6.104247467977058,13
463,107,17,34,7,6.095620167822218,10
464,51,23,86,9,6.086561001211847,14
465,93,15,30,6,6.056393100709427,9
466,54,49,9,20,6.050802275785849,29
467,1,14,107,6,6.012748941227003,8
468,84,41,76,19,6.0122133251855985,22
469,98,48,91,22,6.010481139866045,26
470,49,10,77,5,6.002993751357126,5
471,50,14,89,6,5.994804521258993,8
472,74,25,6,10,5.973570320498578,15
473,17,10,34,4,5.97086385916694,6
474,20,33,103,11,5.96431634987825,22
475,8,23,49,10,5.962799116224744,13
476,89,25,10,10,5.961935346068015,15
477,87,28,91,11,5.954439761122977,17
478,111,71,65,33,5.901383737891229,38
479,98,49,103,19,5.894528502030377,30
480,17,17,16,7,5.868342075872022,10
481,46,22,54,8,5.864651522208351,14
482,49,28,87,13,5.837138934523044,15
483,104,12,84,5,5.83583289734061,7
484,46,14,37,6,5.834073346635607,8
485,2,10,44,4,5.82972376449153,6
486,2,11,51,5,5.82458141989376,6
487,96,10,28,4,5.817657099477481,6
488,13,21,79,7,5.816978385717296,14
489,6,39,28,16,5.814794559366384,23
490,63,14,87,6,5.794939568846776,8
491,15,23,76,9,5.782831260117769,14
492,32,18,54,7,5.782610489553489,11
493,51,14,79,6,5.7725066910082035,8
494,49,24,9,9,5.76893486693949,15
495,75,15,28,7,5.767432508412387,8
496,38,29,9,13,5.756435186772363,16
497,90,20,37,8,5.742590617036877,12
498,87,49,9,21,5.735371827832201,28
499,89,23,65,10,5.729458742490648,13
500,18,11,51,5,5.697627847770078,6
501,43,13,9,6,5.682535108763634,7
502,63,16,91,7,5.669548453730623,9
503,8,13,56,5,5.662090518526135,8
504,74,18,109,8,5.655848733560979,10
505,63,50,65,21,5.6463970088136985,29
506,41,45,9,17,5.6439057397283525,28
507,26,22,29,8,5.630548836449718,14
508,104,24,28,9,5.623372953987807,15
509,74,35,91,15,5.590543375115505,20
510,28,25,17,10,5.573169674184406,15
511,49,14,48,7,5.572044813615615,7
512,9,12,51,5,5.566013437140973,7
513,41,21,86,9,5.559806719909116,12
514,49,29,98,13,5.553486162622288,16
515,28,11,97,6,5.54697078214519,5
516,79,39,48,17,5.544831160402459,22
517,6,35,48,15,5.544547995709246,20
518,46,10,2,4,5.541906116456113,6
519,23,41,8,17,5.530959099012352,24
520,111,36,103,15,5.530917867453256,21
521,23,40,98,16,5.527481430978805,24
522,28,46,54,19,5.5206143371290795,27
523,107,44,20,19,5.513751890303066,25
524,34,10,51,4,5.497172152397963,6
525,74,21,73,9,5.496437468937688,12
526,54,35,38,14,5.47856504565386,21
527,87,43,86,17,5.4709779494677715,26
528,65,15,15,7,5.468158414216742,8
529,90,20,87,7,5.46489906820686,13
530,14,10,9,3,5.463439437022661,7
531,109,16,23,6,5.438260955948294,10
532,94,18,20,7,5.424401699040207,11
533,20,26,38,11,5.422962328602487,15
534,55,27,41,13,5.421661683278699,14
535,98,37,50,17,5.407228229606667,20
536,43,11,103,5,5.4056340195812504,6
537,19,10,28,4,5.405282356849322,6
538,110,23,65,9,5.3850619906564345,14
539,8,66,41,30,5.38335326188138,36
540,20,17,88,7,5.363566654525625,10
541,14,12,28,4,5.34619377938579,8
542,90,23,8,9,5.338168133162711,14
543,104,14,76,6,5.288345369680406,8
544,16,61,65,27,5.285631838867373,34
545,17,23,79,10,5.280486878224028,13
546,63,15,85,7,5.266282773446653,8
547,74,22,29,10,5.260819792223967,12
548,28,20,85,9,5.2561838588407,11
549,1,10,111,5,5.238983537325087,5
550,55,14,18,6,5.21003106995447,8
551,84,27,34,10,5.202098383182715,17
552,86,18,20,8,5.1874589996082,10
553,111,10,57,4,5.186942618450884,6
554,104,15,62,6,5.186101581217904,9
555,26,38,20,16,5.156160372920298,22
556,98,10,52,5,5.141825899051737,5
557,16,37,87,16,5.141361480193877,21
558,63,17,107,6,5.133499463893943,11
559,41,29,89,12,5.128070897369617,17
560,103,21,18,9,5.1172633080953505,12
561,87,27,76,11,5.116388437491941,16
562,28,21,49,8,5.11072806296806,13
563,70,10,48,4,5.103393723771425,6
564,107,28,2,12,5.101731059055636,16
565,9,11,1,5,5.096238795529086,6
566,29,25,84,11,5.094046057364016,14
567,16,20,73,9,5.070658783374491,11
568,89,15,84,5,5.015269353437395,10
569,93,42,28,18,4.991965722669563,24
570,26,30,65,13,4.98261857456072,17
571,50,18,73,9,4.9783134285735455,9
572,89,10,20,4,4.976403038151212,6
573,46,10,70,4,4.972558334053198,6
574,104,14,87,5,4.972299568188283,9
575,18,23,79,11,4.97103956030986,12
576,10,10,59,5,4.967497448599417,5
577,30,27,8,10,4.964140737531401,17
578,106,14,65,6,4.9521528884128925,8
579,1,17,8,8,4.943313786871868,9
580,46,11,103,5,4.9349144398730305,6
581,65,11,5,5,4.90161537792141,6
582,62,27,9,11,4.876428914210389,16
583,28,17,11,7,4.863784981994055,10
584,38,24,87,10,4.849210013950484,14
585,89,11,109,5,4.829014520032646,6
586,8,100,9,45,4.808253906976541,55
587,86,21,88,8,4.804054424462361,13
588,55,29,6,10,4.803715742468646,19
589,86,11,18,5,4.795064637153174,6
590,34,10,103,3,4.7904730345691835,7
591,111,10,104,4,4.785383853867563,6
592,46,19,28,8,4.773210022871566,11
593,98,17,94,7,4.761676089313327,10
594,107,36,9,18,4.756936242672488,18
595,6,12,32,5,4.741771241477238,7
596,90,30,9,13,4.71783274464291,17
597,87,14,14,6,4.712999134730352,8
598,109,19,93,8,4.710552248323453,11
599,50,39,79,18,4.700291458157237,21
600,26,16,6,6,4.685058896386023,10
601,41,53,20,21,4.672832095577478,32
602,79,22,106,10,4.646797741352146,12
603,16,38,88,14,4.630344925028544,24
604,68,11,87,5,4.6261419910984936,6
605,86,10,15,5,4.60305467364883,5
606,8,38,62,17,4.586265631219048,21
607,2,31,6,13,4.57536971568475,18
608,9,20,89,7,4.555028073124964,13
609,87,15,57,7,4.5524099729129395,8
610,26,45,8,21,4.5356979974590255,24
611,74,24,23,11,4.530539923458648,13
612,65,26,109,13,4.522732343847645,13
613,91,36,9,16,4.519475424395421,20
614,111,29,93,14,4.510765206652466,15
615,38,38,28,17,4.506160175549613,21
616,34,24,79,12,4.503244435504136,12
617,9,17,59,7,4.5029610514141964,10
618,29,11,62,5,4.502398822563124,6
619,111,29,91,14,4.500138929465921,15
620,29,21,93,9,4.4989593922467,12
621,8,82,79,39,4.492183765831269,43
622,16,12,106,5,4.488966556399132,7
623,6,26,20,13,4.4865728866559484,13
624,111,21,29,11,4.484029622528672,10
625,111,25,15,10,4.472513123100842,15
626,73,23,84,8,4.463513313785126,15
627,35,12,86,4,4.454208680307122,8
628,84,32,2,14,4.438454989875698,18
629,90,10,13,5,4.435057658973358,5
630,84,36,41,14,4.405400183867787,22
631,111,38,74,17,4.395421398955392,21
632,30,13,76,5,4.393413405821256,8
633,1,14,65,6,4.384642024421804,8
634,54,13,89,5,4.375934710162813,8
635,87,11,94,5,4.375015437142173,6
636,79,13,44,6,4.35641543376227,7
637,65,63,54,29,4.349415138315608,34
638,93,71,65,31,4.339245718156344,40
639,87,37,29,16,4.317833214151956,21
640,41,20,1,7,4.310885836842606,13
641,54,32,70,15,4.3093380145975395,17
642,57,22,84,9,4.3073427304627385,13
643,85,15,48,6,4.3053632687921874,9
644,32,25,98,11,4.297859841525708,14
645,54,40,6,15,4.297820852612405,25
646,46,21,76,8,4.290697960762892,13
647,103,34,28,15,4.283445470085917,19
648,37,24,88,10,4.265987830661223,14
649,70,27,84,12,4.2642396490050904,15
650,58,11,9,4,4.244957448818405,7
651,18,13,49,6,4.243576516469453,7
652,51,19,16,7,4.242679291932901,12
653,9,38,86,17,4.240091175183199,21
654,97,11,8,4,4.238412616249588,7
655,28,26,70,13,4.2376785278935305,13
656,29,26,20,11,4.235090000321542,15
657,50,34,103,15,4.223445001067976,19
658,55,10,106,4,4.220944981532464,6
659,26,24,103,11,4.2106057067079385,13
660,87,52,79,25,4.199991335254234,27
661,9,28,88,12,4.191886886127067,16
662,51,24,8,10,4.1878112962147656,14
663,2,16,32,7,4.169077635966495,9
664,16,27,6,13,4.159304128363459,14
665,65,23,91,12,4.150101209000142,11
666,37,15,2,7,4.147220527730259,8
667,63,19,48,8,4.1451904134227675,11
668,103,28,54,13,4.131111544590628,15
669,37,39,98,17,4.116775978907109,22
670,14,19,84,6,4.105576202233764,13
671,54,19,29,7,4.092788521879803,12
672,32,15,38,6,4.090422340111541,9
673,2,36,9,17,4.083891693569189,19
674,90,12,104,6,4.064341220930972,6
675,84,15,71,7,4.0469973544528735,8
676,98,16,85,8,4.042048861968958,8
677,65,107,9,48,4.038303909815371,59
678,55,76,8,31,4.036320270154211,45
679,52,10,65,4,4.03382642115339,6
680,10,11,109,5,4.004247407956422,6
681,76,20,35,8,4.003226941814819,12
682,87,26,37,13,3.9965570187790034,13
683,86,23,55,12,3.9941934535919614,11
684,73,29,8,11,3.9924196449780625,18
685,104,13,10,6,3.98234198179897,7
686,26,26,28,11,3.9790441547640487,15
687,16,29,74,12,3.974341734686631,17
688,91,40,8,19,3.961945852137986,21
689,23,32,87,13,3.9566444001518777,19
690,93,18,10,7,3.9549788743691674,11
691,23,39,84,18,3.9529498437083554,21
692,6,22,73,11,3.947699618921396,11
693,79,36,74,14,3.925115604285722,22
694,94,16,54,8,3.8978006398785645,8
695,98,47,84,21,3.890833745652655,26
696,20,25,109,9,3.878585285280937,16
697,20,10,50,4,3.866423191070092,6
698,38,14,49,7,3.855128614080598,7
699,23,12,34,6,3.853881899354071,6
700,8,20,75,9,3.8505131421822583,11
701,37,10,75,4,3.844326750652962,6
702,23,40,9,18,3.825851357048053,22
703,32,14,91,7,3.8253106560348464,7
704,93,15,18,7,3.8000555745474087,8
705,110,12,103,5,3.7849274590311146,7
706,26,11,110,6,3.7814954576991564,5
707,79,15,73,7,3.7804037585321275,8
708,86,43,76,20,3.770551952832362,23
709,74,19,55,10,3.7670610658889934,9
710,98,26,18,12,3.7616966957049445,14
711,57,12,18,4,3.7525453734501917,8
712,10,20,74,8,3.741560720435788,12
713,16,22,107,10,3.7238553633631337,12
714,48,16,41,7,3.7233952099256955,9
715,84,22,38,9,3.7215580721113755,13
716,60,10,87,5,3.716219490276845,5
717,32,14,10,5,3.709056496740225,9
718,91,15,62,7,3.7079997693755615,8
719,32,35,8,16,3.704344714378896,19
720,90,18,48,8,3.702031262726638,10
721,50,23,86,9,3.6667450797174457,14
722,57,17,65,6,3.66200460796526,11
723,16,38,37,15,3.653813418657004,23
724,8,68,16,29,3.635316204854609,39
725,98,10,112,5,3.634369737429613,5
726,10,12,18,4,3.6042571144804363,8
727,8,69,54,32,3.5822712077285583,37
728,29,12,46,5,3.5756011188612877,7
729,16,16,57,8,3.5714373486183058,8
730,50,25,38,11,3.5687465201033057,14
731,13,28,9,11,3.550319505488332,17
732,8,83,107,39,3.5450837637985866,44
733,70,26,87,11,3.5345174393475727,15
734,65,13,94,6,3.5056909876146594,7
735,55,34,88,13,3.4984778706231707,21
736,98,32,29,15,3.4944771315816667,17
737,1,14,55,6,3.472860068937084,8
738,48,12,91,5,3.4664297594725237,7
739,55,21,32,9,3.4603507284757327,12
740,23,15,26,7,3.459704667443896,8
741,8,72,87,31,3.4562852099403076,41
742,86,12,57,6,3.4531517504498637,6
743,107,10,37,4,3.444420525023787,6
744,5,10,91,6,3.4255398118724356,4
745,98,31,10,14,3.404355165617583,17
746,32,20,84,8,3.403700726822617,12
747,57,12,6,4,3.4000169565132325,8
748,87,51,20,23,3.3933610070267357,28
749,57,14,91,5,3.387917143764696,9
750,76,14,13,7,3.383197454645703,7
751,2,14,85,7,3.3798876085075156,7
752,55,13,34,5,3.375694170251583,8
753,6,26,91,12,3.3700663593758144,14
754,49,18,6,8,3.361990920437635,10
755,48,28,54,11,3.351173404087689,17
756,16,18,62,8,3.3165301409136885,10
757,29,28,8,13,3.2699761549695507,15
758,59,11,98,5,3.2664563544762513,6
759,73,30,65,13,3.2644989461981972,17
760,74,61,8,28,3.2583668403481756,33
761,51,13,55,5,3.250762185768764,8
762,30,21,29,10,3.244422511134119,11
763,76,15,18,6,3.2371919896499475,9
764,49,11,85,5,3.2340490592317157,6
765,23,19,86,9,3.2169168727971016,10
766,32,25,16,11,3.2091711041875453,14
767,54,16,85,8,3.195254150719128,8
768,88,17,41,8,3.1907658333962803,9
769,91,13,37,6,3.1893915884876662,7
770,104,25,8,10,3.1877877944585085,15
771,8,18,106,9,3.171080973854452,9
772,50,19,16,9,3.1594632722429505,10
773,23,23,88,10,3.1441600025036927,13
774,13,14,111,6,3.137242431792204,8
775,90,11,50,5,3.122479356189517,6
776,43,16,65,8,3.0818646979565365,8
777,70,15,55,7,3.055120987205429,8
778,62,28,87,12,3.0525441320022706,16
779,26,17,43,7,3.0481873322386313,10
780,9,14,44,8,3.0418979222799787,6
781,48,17,89,8,3.030683667814096,9
782,51,25,84,10,3.0276798276576233,15
783,28,38,37,17,3.018136391762285,21
784,38,18,16,9,3.0174584469144032,9
785,51,15,65,7,3.002433018856541,8
786,26,16,89,8,3.0015441091670585,8
787,79,58,37,25,2.964015442225525,33
788,65,72,28,32,2.95741614475882,40
789,63,17,8,7,2.9417679488505266,10
790,18,18,48,8,2.9186933860892363,10
791,48,31,98,15,2.9096041406405306,16
792,2,41,10,18,2.8955248222440733,23
793,90,30,111,13,2.8905447130543305,17
794,30,19,6,7,2.8896247906630976,12
795,111,22,76,12,2.8888180973130932,10
796,37,39,8,18,2.8574675602271906,21
797,28,67,16,31,2.8420443194278766,36
798,111,50,9,25,2.823059113396738,25
799,86,10,96,5,2.820681409675822,5
800,103,26,91,14,2.81795550429567,12
801,38,55,65,25,2.8065899103574585,30
802,16,35,76,17,2.796519432980327,18
803,17,30,103,13,2.786263791329437,17
804,84,55,86,25,2.779396959147141,30
805,79,29,93,15,2.7764930954452365,14
806,70,18,2,7,2.768805537158304,11
807,41,40,23,18,2.767380745524291,22
808,2,18,23,9,2.7670043698876174,9
809,48,19,103,9,2.74551902113029,10
810,34,21,28,9,2.734662710408205,12
811,23,14,29,6,2.7325720738957853,8
812,79,25,89,10,2.7323432784581803,15
813,26,14,30,9,2.729526864464305,5
814,103,24,55,11,2.703742749314949,13
815,46,10,18,4,2.6832650728648453,6
816,37,16,20,7,2.6697969055897994,9
817,30,25,38,13,2.6609022960305304,12
818,15,14,8,7,2.659395326985167,7
819,106,11,9,5,2.6544531376629674,6
820,30,24,84,11,2.649950052405462,13
821,48,33,37,16,2.6418897918039517,17
822,8,42,103,17,2.6366758249260935,25
823,111,23,50,10,2.6260965282140734,13
824,9,16,94,8,2.620832608628453,8
825,30,40,28,18,2.6105936366755755,22
826,55,35,16,16,2.593230326090691,19
827,38,20,112,9,2.5875581099779743,11
828,2,25,109,10,2.564163534371064,15
829,63,14,98,7,2.5610828062704067,7
830,90,21,16,10,2.556904125602615,11
831,30,10,11,4,2.556482524063204,6
832,8,56,86,25,2.5454892932378956,31
833,50,19,29,8,2.5251415163545525,11
834,16,50,98,22,2.5197213230509203,28
835,107,16,48,7,2.514620363733914,9
836,98,36,86,15,2.512233416506802,21
837,75,12,50,5,2.4925159155893497,7
838,65,50,103,21,2.4835688434443703,29
839,90,32,28,14,2.482450825987659,18
840,74,29,107,13,2.4812045730116683,16
841,37,15,62,7,2.478947668963917,8
842,30,15,107,6,2.473691456044196,9
843,26,27,98,15,2.4699465773486544,12
844,8,46,88,21,2.4622937925313138,25
845,16,13,93,6,2.460583316835962,7
846,41,40,38,19,2.4535603181412866,21
847,18,16,50,8,2.435107533000617,8
848,55,13,90,6,2.423005519398733,7
849,23,15,30,8,2.41151632986863,7
850,50,36,9,17,2.4068423828458214,19
851,43,22,74,10,2.3993639128069244,12
852,18,18,6,8,2.3903639022739704,10
853,51,10,107,4,2.364406054363658,6
854,88,14,50,6,2.3637017331364834,8
855,8,25,68,12,2.35813484080187,13
856,54,31,50,13,2.3541687561059974,18
857,10,22,48,11,2.352652144057524,11
858,41,56,79,27,2.337441224056112,29
859,65,10,39,5,2.3211966169516858,5
860,79,42,76,18,2.2801588987417234,24
861,20,13,32,6,2.2751108005385445,7
862,62,25,28,10,2.271350662558558,15
863,62,18,32,9,2.263686769900323,9
864,37,40,9,18,2.2628015576501816,22
865,79,31,88,12,2.247075022641597,19
866,107,48,28,24,2.246227923262538,24
867,103,26,87,12,2.244435120608379,14
868,8,11,58,6,2.225895511877211,5
869,14,14,8,6,2.218960260374273,8
870,73,15,54,7,2.217586045542856,8
871,73,35,41,16,2.1896111209660925,19
872,93,14,49,7,2.185400146226671,7
873,44,19,28,7,2.1816767204067147,12
874,74,45,9,20,2.167006985909848,25
875,111,19,46,9,2.165349951686943,10
876,111,54,28,25,2.1618622413747612,29
877,90,24,107,12,2.161624044674691,12
878,98,40,107,18,2.1579093706359807,22
879,9,11,15,5,2.1575516880448644,6
880,18,10,32,5,2.157224109221358,5
881,29,21,79,10,2.154722811821747,11
882,16,49,41,24,2.1541831229994863,25
883,16,64,84,30,2.145640334033195,34
884,84,44,111,19,2.142252654485593,25
885,111,33,26,15,2.137133581510591,18
886,54,18,3,9,2.135806802832069,9
887,98,63,2,30,2.135100922237145,33
888,48,41,9,18,2.128238062600521,23
889,65,81,88,37,2.119863485318386,44
890,76,31,48,14,2.1194903112888834,17
891,75,18,84,8,2.093719925532618,10
892,13,19,48,7,2.077711897708858,12
893,9,17,104,7,2.074620642084027,10
894,91,11,18,5,2.068864434806556,6
895,30,15,48,7,2.0547606708343134,8
896,91,18,10,8,2.053920396033922,10
897,30,25,98,10,2.050620342220537,15
898,38,52,98,24,2.0498657703552294,28
899,88,20,93,12,2.03337259421067,8
900,65,40,29,17,2.028131886387292,23
901,84,77,9,34,2.020186415252575,43
902,59,14,8,7,2.010238389237962,7
903,98,55,74,27,2.0085674767082775,28
904,80,10,65,4,1.9897653118429468,6
905,37,10,71,4,1.989603705819686,6
906,103,13,37,6,1.9837820518429876,7
907,6,47,79,22,1.9831957209831137,25
908,23,41,65,20,1.9794334553560233,21
909,49,11,29,4,1.9792119029563418,7
910,16,22,91,10,1.976694704305867,12
911,98,53,54,27,1.9614567507216076,26
912,76,24,6,12,1.937944044447951,12
913,10,13,29,6,1.9268740097605626,7
914,65,20,13,11,1.923636761815708,9
915,79,39,55,20,1.9226833207443603,19
916,6,22,37,11,1.9187411338779805,11
917,76,10,17,4,1.904894860536603,6
918,41,11,61,5,1.903478014849791,6
919,5,18,28,9,1.8930799000381913,9
920,91,18,88,8,1.8878660605312687,10
921,34,10,90,5,1.875212395692607,5
922,54,17,112,8,1.871566293788823,9
923,54,18,51,9,1.8632283839807147,9
924,73,19,98,9,1.8513717297876215,10
925,6,39,98,18,1.8448936378969205,21
926,2,30,111,14,1.8367449192872438,16
927,90,19,84,9,1.8307456952070562,10
928,8,48,18,22,1.8210825548731258,26
929,20,22,73,11,1.8197178736344486,11
930,55,28,50,12,1.805159628959204,16
931,85,13,76,5,1.8000085206097032,8
932,2,21,88,9,1.7993488805723392,12
933,94,10,41,5,1.7939224836809728,5
934,57,10,109,4,1.7866317267766754,6
935,18,26,54,13,1.7705204169781106,13
936,84,32,55,15,1.7463159686665124,17
937,107,35,38,17,1.7434138897292857,18
938,71,18,65,9,1.7385086790308775,9
939,32,32,28,15,1.7383561900488511,17
940,17,12,30,6,1.7366091011141076,6
941,16,29,103,14,1.7358551004647216,15
942,87,13,75,7,1.7332300811803307,6
943,76,10,45,5,1.7263356630732685,5
944,84,71,65,35,1.7126096579377004,36
945,38,11,76,5,1.699907222636557,6
946,34,15,20,6,1.6974281353522305,9
947,88,12,63,6,1.6883104565879539,6
948,16,49,2,23,1.6778156958659614,26
949,28,56,18,27,1.6628219191208728,29
950,107,42,65,18,1.6348710885057822,24
951,6,49,65,26,1.6288389900978633,23
952,103,26,6,11,1.6275337563735748,15
953,10,18,90,8,1.612631742744166,10
954,34,12,48,6,1.5875475207565521,6
955,17,13,50,6,1.587542514822458,7
956,104,13,86,6,1.5590713730616257,7
957,106,14,41,7,1.55653648871753,7
958,50,33,2,15,1.5483452933241444,18
959,86,16,93,8,1.5376419274115616,8
960,16,35,111,18,1.5372277990322434,17
961,6,21,46,9,1.5348461201360555,12
962,85,12,38,6,1.5317416798467223,6
963,103,12,85,5,1.5052357650596415,7
964,55,18,43,9,1.4993353058682126,9
965,41,18,18,8,1.4488156792449156,10
966,79,62,111,28,1.4456912335304024,34
967,50,36,41,18,1.4450486751473977,18
968,103,10,57,6,1.4334929374709406,4
969,28,51,86,26,1.4313598825725706,25
970,109,11,112,5,1.4303792106135154,6
971,74,47,84,22,1.429278634142668,25
972,111,14,75,8,1.4265352540751042,6
973,65,10,3,5,1.425825292351592,5
974,13,11,2,4,1.4221213524937664,7
975,88,31,111,14,1.4213124620809892,17
976,8,47,20,22,1.420582435666663,25
977,86,28,107,14,1.417876552228982,14
978,2,24,38,13,1.4146987667991204,11
979,8,40,50,20,1.4130020441022069,20
980,65,34,10,16,1.3889990791790807,18
981,44,13,8,5,1.382360749568672,8
982,16,32,10,15,1.3769942516048166,17
983,23,14,32,8,1.36299015760623,6
984,111,47,55,24,1.3611225123553383,23
985,29,18,34,10,1.3490741689669339,8
986,84,41,87,20,1.3385938795219072,21
987,79,61,16,28,1.3376507869334486,33
988,48,22,55,10,1.3259791997893802,12
989,98,13,57,7,1.3243405021868635,6
990,38,17,106,8,1.3101869215810398,9
991,87,15,110,7,1.3076573931351647,8
992,86,12,62,8,1.3029764877822878,4
993,55,12,17,6,1.2644044388351476,6
994,8,24,43,12,1.2491635720553627,12
995,20,43,98,20,1.2404189901414024,23
996,23,37,28,18,1.232835357364572,19
997,2,36,87,16,1.230956912786467,20
998,74,24,46,13,1.2274275532310792,11
999,17,14,54,7,1.2121687634663056,7
1000,49,24,55,14,1.212014442669993,10
1001,8,19,85,10,1.1861465554197632,9
1002,87,28,54,14,1.1821775870344964,14
1003,103,10,1,6,1.178228962480731,4
1004,109,23,98,11,1.1685291459099245,12
1005,9,34,6,16,1.164779086663607,18
1006,16,21,104,10,1.1641528269599484,11
1007,79,76,9,37,1.156057079763386,39
1008,20,35,28,15,1.1457491902348163,20
1009,79,36,38,17,1.1399672014475488,19
1010,96,11,55,5,1.1386513602631698,6
1011,88,20,62,10,1.1096322170107622,10
1012,16,10,56,4,1.1063673005412145,6
1013,87,64,65,30,1.1046883057470562,34
1014,73,16,28,9,1.102601583168376,7
1015,6,42,84,20,1.1025381642551553,22
1016,48,40,16,20,1.1010127729386217,20
1017,84,66,28,32,1.0932884901587276,34
1018,54,41,16,20,1.0928019940526796,21
1019,76,15,103,6,1.064891024931597,9
1020,48,12,96,6,1.0581103400607652,6
1021,34,23,9,12,1.0530539128922707,11
1022,98,11,106,6,1.0522359380778141,5
1023,11,14,16,8,1.0412324852618815,6
1024,74,16,62,9,1.038357756374001,7
1025,13,23,98,9,1.0334282765850014,14
1026,74,44,54,23,1.0319640649256887,21
1027,107,36,103,17,1.0215275466090674,19
1028,58,11,2,5,1.0060883991850635,6
1029,79,11,94,5,0.999869198006996,6
1030,8,12,5,7,0.9947252871595059,5
1031,32,15,74,7,0.9878312338208298,8
1032,41,16,30,8,0.9850557086879019,8
1033,111,16,68,7,0.9831903657030904,9
1034,91,20,23,10,0.9792678927031672,10
1035,103,44,9,24,0.9734466854109779,20
1036,68,10,16,5,0.9723777343104946,5
1037,70,55,8,28,0.963497891606038,27
1038,10,11,15,6,0.9620268464624092,5
1039,79,14,96,7,0.9587839220541053,7
1040,84,28,49,14,0.9573548536710029,14
1041,20,19,68,10,0.9561217863728688,9
1042,93,23,107,11,0.9535678875740131,12
1043,30,30,79,14,0.9459285919663998,16
1044,107,28,55,15,0.9438611347656414,13
1045,23,35,16,17,0.937387264272767,18
1046,54,34,79,17,0.93397106002864,17
1047,85,19,9,8,0.9266510351352133,11
1048,13,11,74,5,0.9258529887550367,6
1049,103,12,89,5,0.9245541578032253,7
1050,60,11,9,6,0.9156618531106675,5
1051,79,39,90,17,0.8969827248841548,22
1052,62,21,65,9,0.8755953834255741,12
1053,29,12,18,7,0.8741742779448103,5
1054,70,21,37,10,0.8723679214488167,11
1055,5,12,79,7,0.8638337222987199,5
1056,98,67,8,32,0.8537292484745975,35
1057,103,16,32,7,0.8405021181328091,9
1058,111,44,87,22,0.837629282060696,22
1059,57,11,55,6,0.8315236951519526,5
1060,85,21,65,9,0.7821322420670122,12
1061,29,25,9,13,0.7771037627191238,12
1062,112,17,87,9,0.7591685884445001,8
1063,23,24,6,12,0.757380072902326,12
1064,76,37,65,17,0.7568795201651481,20
1065,55,12,13,6,0.7567536850396058,6
1066,37,11,73,5,0.7437455399697707,6
1067,6,20,86,10,0.7430523493035031,10
1068,46,12,10,6,0.7362386600396065,6
1069,54,41,84,19,0.7292653976331493,22
1070,8,91,65,41,0.7286756190519219,50
1071,50,17,74,8,0.7251672527310546,9
1072,87,24,32,13,0.7236548346311565,11
1073,86,30,48,14,0.7113983662419715,16
1074,41,23,43,11,0.6921842337130496,12
1075,54,11,57,5,0.6838901102259136,6
1076,44,12,16,7,0.6740631728235357,5
1077,91,23,86,11,0.6661452371009022,12
1078,76,13,20,7,0.6610311160325412,6
1079,32,10,30,5,0.6490824873820774,5
1080,76,29,9,14,0.6483438291460207,15
1081,23,19,54,10,0.6410488907285614,9
1082,74,39,41,21,0.6406425090111565,18
1083,16,17,1,9,0.638053866963686,8
1084,37,34,65,16,0.6251720754670786,18
1085,74,13,63,6,0.6231938435062159,7
1086,96,14,84,7,0.6212398134239693,7
1087,91,18,44,8,0.6160976329615543,10
1088,11,11,79,7,0.6107232313792162,4
1089,55,22,29,12,0.608123085968795,10
1090,111,37,20,19,0.6068837109506102,18
1091,73,15,55,7,0.6065055891974576,8
1092,79,18,49,8,0.6053065369071557,10
1093,62,18,38,9,0.6043816495722358,9
1094,65,34,86,17,0.6039488118231636,17
1095,6,43,8,20,0.5988016059813149,23
1096,51,23,28,11,0.5981467721524202,12
1097,98,20,101,11,0.594870864776421,9
1098,54,26,91,15,0.570268898485947,11
1099,15,14,2,7,0.5683026145731128,7
1100,89,17,111,9,0.5563633904658294,8
1101,90,18,2,9,0.5540783404275302,9
1102,107,28,54,14,0.5510677207285016,14
1103,10,18,37,8,0.5468156041706492,10
1104,2,22,62,10,0.5462872756743675,12
1105,79,50,86,24,0.5434049432106826,26
1106,98,67,79,35,0.5423907596369391,32
1107,66,13,41,7,0.534743534153649,6
1108,104,14,51,7,0.5303101352697448,7
1109,91,13,73,5,0.5133686150476426,8
1110,46,13,98,6,0.4949016763373522,7
1111,86,44,54,22,0.49181498191198647,22
1112,16,16,20,9,0.49084719994134707,7
1113,73,24,87,11,0.4865857809474523,13
1114,88,12,18,6,0.48640028582812594,6
1115,32,10,94,5,0.48339556643762405,5
1116,26,39,41,23,0.4754162497584248,16
1117,29,32,28,16,0.47285680343469233,16
1118,10,24,87,13,0.4726888100769076,11
1119,28,32,88,15,0.4686798041952342,17
1120,98,16,58,9,0.4540736471862188,7
1121,48,19,88,8,0.44719077987730504,11
1122,48,33,87,16,0.4418438090502057,17
1123,23,37,103,19,0.4333042786770578,18
1124,26,11,50,6,0.4324180875363617,5
1125,98,33,93,16,0.4249481440030074,17
1126,9,41,98,18,0.424424835693392,23
1127,109,14,79,7,0.42130275303052095,7
1128,79,68,84,33,0.41908677300821845,35
1129,15,19,54,9,0.4125869340768354,10
1130,23,26,107,13,0.40709415642669183,13
1131,93,16,55,8,0.39897461255756417,8
1132,41,13,85,6,0.3897097634286919,7
1133,8,17,11,8,0.3895862297664512,9
1134,55,50,28,22,0.3864978397570932,28
1135,70,13,50,7,0.3841185141542962,6
1136,63,19,16,10,0.37324849665723103,9
1137,44,10,50,5,0.37049181398411835,5
1138,70,22,9,10,0.35783800642150543,12
1139,55,54,65,24,0.33480129578262635,30
1140,49,17,91,9,0.3285488305810779,8
1141,98,31,90,16,0.30813626797031257,15
1142,19,14,41,8,0.30768619148938015,6
1143,2,23,30,12,0.29321348863964647,11
1144,107,25,88,13,0.27765323546080284,12
1145,104,11,55,6,0.2764731135208113,5
1146,98,58,28,30,0.2696965888382482,28
1147,35,13,79,6,0.2611575923038565,7
1148,91,22,30,12,0.24988148097298304,10
1149,103,28,38,14,0.2481523476415201,14
1150,84,12,1,6,0.2428062343244942,6
1151,2,31,74,16,0.2426189207787665,15
1152,66,20,9,10,0.23945533670543603,10
1153,54,43,20,20,0.23875454713094382,23
1154,85,10,66,5,0.23847533791686767,5
1155,84,58,37,30,0.2306892845057094,28
1156,87,11,71,6,0.21156446783375316,5
1157,16,10,35,5,0.21080852108220965,5
1158,46,10,84,5,0.20795423777600278,5
1159,104,32,65,14,0.20241968289758472,18
1160,30,22,74,10,0.20088773846185115,12
1161,29,36,41,18,0.19641039337775912,18
1162,30,18,18,8,0.18809198027763627,10
1163,98,17,89,9,0.18632662325222404,8
1164,30,32,20,17,0.18006835825975015,15
1165,26,19,2,10,0.15549736717273138,9
1166,32,18,50,10,0.14361277931057495,8
1167,34,19,50,8,0.14032687609608874,11
1168,74,20,37,10,0.1351513012183972,10
1169,13,11,87,6,0.13022005589559751,5
1170,98,48,70,24,0.0971274353544797,24
1171,6,29,41,15,0.0941275477253323,14
1172,2,33,54,17,0.08325983334813843,16
1173,38,15,110,8,0.07451058664372948,7
1174,8,64,2,34,0.0602818425873517,30
1175,28,63,2,32,0.0455058748352281,31
1176,85,24,79,13,0.034805559038930234,11
1177,40,14,65,6,0.022138801901295854,8
1178,37,15,38,8,0.0011031238349569132,7
1179,38,15,37,7,-0.0011031238349578606,8
1180,28,61,79,34,-0.008836982918016517,27
1181,107,36,84,18,-0.01756418263771052,18
1182,65,14,40,8,-0.022138801901296672,6
1183,13,13,107,6,-0.03566165788038671,7
1184,65,81,79,42,-0.04424467295364335,39
1185,79,50,103,24,-0.05775390300531491,26
1186,2,25,20,13,-0.06141520142574363,12
1187,110,15,38,7,-0.07451058664372871,8
1188,84,65,8,32,-0.07708402155400751,33
1189,87,42,74,20,-0.07958529470361445,22
1190,54,33,2,16,-0.08325983334813972,17
1191,84,47,103,22,-0.09369403051445593,25
1192,41,29,6,14,-0.09412754772533327,15
1193,43,19,20,10,-0.09655439021695145,9
1194,70,48,98,24,-0.09712743535447865,24
1195,87,11,13,5,-0.13022005589559688,6
1196,37,20,74,10,-0.135151301218397,10
1197,50,19,34,11,-0.14032687609608985,8
1198,111,25,30,13,-0.14558741487159338,12
1199,87,34,98,16,-0.1724338468755451,18
1200,28,50,74,24,-0.17793202645056747,26
1201,20,32,30,15,-0.1800683582597512,17
1202,17,19,74,10,-0.18384205614173943,9
1203,89,17,98,8,-0.18632662325222404,9
1204,18,18,30,10,-0.18809198027763716,8
1205,28,40,50,20,-0.19212139814079485,20
1206,74,22,30,12,-0.20088773846185182,10
1207,65,32,104,18,-0.2024196828975851,14
1208,84,10,46,5,-0.20795423777600347,5
1209,35,10,16,5,-0.21080852108221074,5
1210,87,46,107,22,-0.21152128069448936,24
1211,71,11,87,5,-0.21156446783375446,6
1212,10,12,88,6,-0.22505216329234803,6
1213,91,21,84,10,-0.22598499748931863,11
1214,66,10,85,5,-0.23847533791686928,5
1215,9,20,66,10,-0.23945533670543603,10
1216,1,12,84,6,-0.24280623432449092,6
1217,38,28,103,14,-0.24815234764151944,14
1218,79,13,35,7,-0.26115759230385677,6
1219,55,11,104,5,-0.27647311352081066,6
1220,30,23,2,11,-0.29321348863964564,12
1221,28,37,48,20,-0.3045575028463844,17
1222,41,14,19,6,-0.30768619148938214,8
1223,10,27,111,13,-0.3114645815059003,14
1224,91,17,49,8,-0.32854883058107764,9
1225,50,42,84,22,-0.3319233607614978,20
1226,43,16,98,8,-0.334919329248079,8
1227,9,22,70,12,-0.3578380064215045,10
1228,50,10,44,5,-0.37049181398411835,5
1229,16,19,63,9,-0.3732484966572318,10
1230,90,30,65,14,-0.37730681884186645,16
1231,50,13,70,6,-0.38411851415429754,7
1232,8,62,10,32,-0.38632082928330636,30
1233,11,17,8,9,-0.3895862297664516,8
1234,85,13,41,7,-0.3897097634286919,6
1235,55,16,93,8,-0.3989746125575646,8
1236,107,26,23,13,-0.4070941564266929,13
1237,54,19,15,10,-0.4125869340768352,9
1238,79,14,109,7,-0.42130275303052045,7
1239,98,41,9,23,-0.42442483569339234,18
1240,93,33,98,17,-0.42494814400300696,16
1241,87,33,48,17,-0.44184380905020415,16
1242,88,19,48,11,-0.44719077987730504,8
1243,88,32,28,17,-0.4686798041952336,15
1244,87,24,10,11,-0.4726888100769076,13
1245,28,32,29,16,-0.47285680343469205,16
1246,94,10,32,5,-0.4833955664376234,5
1247,18,12,88,6,-0.4864002858281247,6
1248,87,24,73,13,-0.4865857809474514,11
1249,54,44,86,22,-0.4918149819119847,22
1250,98,13,46,7,-0.494901676337354,6
1251,8,77,28,39,-0.5079739691736349,38
1252,73,13,91,8,-0.5133686150476421,5
1253,20,23,110,11,-0.5195268671329448,12
1254,51,14,104,7,-0.5303101352697429,7
1255,86,18,90,8,-0.530984332272809,10
1256,41,13,66,6,-0.5347435341536495,7
1257,49,22,107,12,-0.5403853948936642,10
1258,86,50,79,26,-0.5434049432106804,24
1259,62,22,2,12,-0.5462872756743683,10
1260,37,18,10,10,-0.5468156041706485,8
1261,54,28,107,14,-0.5510677207285009,14
1262,111,17,89,8,-0.556363390465831,9
1263,79,81,65,40,-0.5589485959558708,41
1264,91,26,54,11,-0.5702688984859479,15
1265,101,20,98,9,-0.5948708647764195,11
1266,39,10,87,5,-0.5972214062189816,5
1267,23,33,79,18,-0.5991196107820859,15
1268,86,34,65,17,-0.6039488118231647,17
1269,38,18,62,9,-0.6043816495722345,9
1270,55,15,73,8,-0.6065055891974562,7
1271,29,22,55,10,-0.6081230859687949,12
1272,79,11,11,4,-0.6107232313792149,7
1273,44,18,91,10,-0.6160976329615553,8
1274,84,14,96,7,-0.6212398134239683,7
1275,63,13,74,7,-0.6231938435062153,6
1276,65,34,37,18,-0.625172075467078,16
1277,41,39,74,18,-0.640642509011156,21
1278,54,19,23,9,-0.6410488907285617,10
1279,6,19,62,11,-0.6431821395568814,8
1280,9,29,76,15,-0.6483438291460213,14
1281,30,10,32,5,-0.6490824873820789,5
1282,29,20,103,10,-0.6578144863835312,10
1283,20,13,76,6,-0.6610311160325401,7
1284,93,24,6,12,-0.662762996898009,12
1285,86,23,91,12,-0.6661452371009026,11
1286,16,12,44,5,-0.6740631728235359,7
1287,101,15,23,7,-0.6750621504160544,8
1288,57,11,54,6,-0.683890110225914,5
1289,48,30,86,16,-0.7113983662419707,14
1290,32,24,87,11,-0.723654834631157,13
1291,74,42,87,23,-0.7245745938864455,19
1292,74,17,50,9,-0.7251672527310556,8
1293,84,41,54,22,-0.7292653976331479,19
1294,10,12,46,6,-0.7362386600396065,6
1295,86,20,6,10,-0.7430523493035024,10
1296,73,11,37,6,-0.7437455399697719,5
1297,13,12,55,6,-0.7567536850396056,6
1298,87,17,112,8,-0.7591685884445006,9
1299,65,21,85,12,-0.7821322420670123,9
1300,74,17,85,9,-0.8095598497605868,8
1301,55,11,57,5,-0.8315236951519509,6
1302,91,21,29,10,-0.8357535316372816,11
1303,32,17,49,9,-0.8453605230907211,8
1304,10,51,79,29,-0.8544891772527285,22
1305,38,18,91,10,-0.8605561818804589,8
1306,79,12,5,5,-0.8638337222987221,7
1307,37,21,70,11,-0.8723679214488156,10
1308,18,12,29,5,-0.8741742779448094,7
1309,65,21,62,12,-0.8755953834255741,9
1310,93,30,20,17,-0.8968767950978295,13
1311,111,29,18,15,-0.9151185639276579,14
1312,9,11,60,5,-0.9156618531106686,6
1313,89,12,103,7,-0.9245541578032253,5
1314,9,19,85,11,-0.9266510351352133,8
1315,107,23,93,12,-0.9535678875740138,11
1316,8,70,111,34,-0.9571051337572238,36
1317,49,28,84,14,-0.9573548536710035,14
1318,96,14,79,7,-0.9587839220541056,7
1319,15,11,10,5,-0.9620268464624092,6
1320,8,55,70,27,-0.9634978916060372,28
1321,16,10,68,5,-0.9723777343104946,5
1322,68,16,111,9,-0.9831903657030906,7
1323,30,16,41,8,-0.9850557086879017,8
1324,91,23,20,11,-0.9903622576025491,12
1325,5,12,8,5,-0.9947252871595057,7
1326,94,11,79,6,-0.9998691980069959,5
1327,41,33,70,17,-1.0073100144887814,16
1328,41,13,75,7,-1.0160682715228835,6
1329,103,10,75,5,-1.035188460357086,5
1330,112,10,8,5,-1.0357746876565699,5
1331,62,16,74,7,-1.0383577563740003,9
1332,16,14,11,6,-1.041232485261881,8
1333,91,13,17,7,-1.0470112494613972,6
1334,111,27,23,15,-1.048513117845392,12
1335,89,13,6,6,-1.0487640819634654,7
1336,106,11,98,5,-1.0522359380778148,6
1337,96,12,48,6,-1.0581103400607665,6
1338,103,15,76,9,-1.0648910249315973,6
1339,73,20,103,10,-1.0728746625988024,10
1340,6,22,112,11,-1.0749917782912326,11
1341,16,41,54,21,-1.0928019940526796,20
1342,28,66,84,34,-1.093288490158726,32
1343,16,40,48,20,-1.1010127729386203,20
1344,84,42,6,22,-1.1025381642551555,20
1345,28,16,73,7,-1.102601583168377,9
1346,56,10,16,6,-1.1063673005412131,4
1347,8,65,84,34,-1.1093957040978006,31
1348,62,20,88,10,-1.1096322170107622,10
1349,84,68,79,36,-1.1198554236530964,32
1350,55,11,96,6,-1.13865136026317,5
1351,65,81,41,44,-1.1521295696669458,37
1352,104,21,16,11,-1.1641528269599466,10
1353,6,34,9,18,-1.1647790866636063,16
1354,1,10,103,4,-1.178228962480731,6
1355,79,67,98,33,-1.185782047717224,34
1356,111,49,98,25,-1.1971941446177512,24
1357,107,36,111,18,-1.1978257080625474,18
1358,84,42,50,21,-1.2073763464815856,21
1359,55,24,49,10,-1.2120144426699921,14
1360,54,14,17,7,-1.212168763466305,7
1361,91,28,107,14,-1.2435079650119625,14
1362,17,12,55,6,-1.2644044388351479,6
1363,79,39,91,21,-1.2807830144337706,18
1364,107,18,10,10,-1.302641998274499,8
1365,62,12,86,4,-1.3029764877822885,8
1366,110,15,87,8,-1.307657393135164,7
1367,74,31,20,16,-1.3078088890253396,15
1368,106,17,38,9,-1.3101869215810407,8
1369,103,47,84,26,-1.3117535282727075,21
1370,57,13,98,6,-1.3243405021868624,7
1371,55,22,48,12,-1.3259791997893813,10
1372,87,41,84,21,-1.3385938795219061,20
1373,34,18,29,8,-1.3490741689669334,10
1374,32,14,23,6,-1.3629901576062295,8
1375,59,16,41,9,-1.3704315284875221,7
1376,23,15,76,7,-1.3791825091008199,8
1377,8,13,44,8,-1.3823607495686732,5
1378,41,81,65,39,-1.4041433009139985,42
1379,107,28,86,14,-1.4178765522289805,14
1380,111,31,88,17,-1.4213124620809878,14
1381,3,10,65,5,-1.425825292351591,5
1382,75,14,111,6,-1.4265352540751037,8
1383,84,47,74,25,-1.4292786341426686,22
1384,107,23,18,13,-1.4296389206294247,10
1385,112,11,109,6,-1.4303792106135154,5
1386,86,51,28,25,-1.4313598825725704,26
1387,57,10,103,4,-1.43349293747094,6
1388,23,27,111,13,-1.4435580232116272,14
1389,28,77,8,40,-1.461855492462158,37
1390,17,43,98,22,-1.4651649500523514,21
1391,20,13,90,6,-1.4684862703100507,7
1392,85,12,103,7,-1.505235765059642,5
1393,62,19,6,9,-1.506313038221411,10
1394,98,43,17,23,-1.5166447539243209,20
1395,6,14,50,8,-1.5219443856325081,6
1396,74,50,28,27,-1.5230965628089277,23
1397,20,43,54,24,-1.5307936375314148,19
1398,38,12,85,6,-1.5317416798467212,6
1399,93,16,86,8,-1.5376419274115607,8
1400,37,58,84,29,-1.5410671219703609,29
1401,41,14,106,7,-1.5565364887175293,7
1402,86,13,104,7,-1.559071373061625,6
1403,94,11,2,6,-1.566847919784111,5
1404,65,31,17,16,-1.5719110162211456,15
1405,29,16,16,9,-1.5836522711307057,7
1406,90,18,10,10,-1.612631742744166,8
1407,79,16,57,9,-1.6225267683647033,7
1408,87,44,111,23,-1.641789170650758,21
1409,63,12,88,6,-1.6883104565879534,6
1410,23,18,57,10,-1.6948872060166507,8
1411,2,50,79,27,-1.6951484119487967,23
1412,18,13,20,7,-1.69876804268239,6
1413,76,11,38,6,-1.6999072226365548,5
1414,65,71,84,36,-1.712609657937704,35
1415,50,40,28,21,-1.7211682411762488,19
1416,45,10,76,5,-1.7263356630732685,5
1417,16,16,29,8,-1.7271978980205005,8
1418,75,13,87,6,-1.7332300811803312,7
1419,103,29,16,15,-1.735855100464721,14
1420,30,12,17,6,-1.736609101114107,6
1421,65,18,71,9,-1.7385086790308772,9
1422,38,35,107,18,-1.7434138897292857,17
1423,55,32,84,17,-1.7463159686665113,15
1424,111,70,8,39,-1.7509750705170983,31
1425,49,23,54,13,-1.7534036403756752,10
1426,54,26,18,13,-1.7705204169781106,13
1427,109,10,57,6,-1.7866317267766754,4
1428,41,10,94,5,-1.7939224836809735,5
1429,88,21,2,12,-1.7993488805723394,9
1430,76,13,85,8,-1.8000085206097036,5
1431,18,11,85,7,-1.8067340182792189,4
1432,84,19,90,10,-1.8307456952070555,9
1433,98,19,73,10,-1.851371729787623,9
1434,8,67,98,36,-1.8537292484745975,31
1435,112,17,54,9,-1.8715662937888236,8
1436,90,10,34,5,-1.8752123956926063,5
1437,88,18,91,10,-1.8878660605312692,8
1438,28,18,5,9,-1.8930799000381917,9
1439,103,14,70,8,-1.9027941936339994,6
1440,61,11,41,6,-1.9034780148497894,5
1441,17,10,76,6,-1.9048948605366014,4
1442,37,22,6,11,-1.9187411338779805,11
1443,13,20,65,9,-1.9236367618157104,11
1444,6,24,76,12,-1.937944044447951,12
1445,54,53,98,26,-1.9614567507216076,27
1446,91,22,16,12,-1.9766947043058665,10
1447,29,11,49,7,-1.9792119029563418,4
1448,37,13,103,7,-1.9837820518429876,6
1449,41,16,34,9,-1.9846654519938336,7
1450,71,10,37,6,-1.9896037058196856,4
1451,65,10,80,6,-1.9897653118429464,4
1452,74,55,98,28,-2.008567476708278,27
1453,48,37,28,18,-2.0107314103123723,19
1454,9,30,10,15,-2.0135222581265264,15
1455,29,40,65,23,-2.028131886387292,17
1456,74,17,90,9,-2.030135359930969,8
1457,93,20,88,8,-2.033372594210669,12
1458,26,14,73,8,-2.0368384601286986,6
1459,98,52,38,28,-2.0498657703552294,24
1460,26,30,9,17,-2.052887996849143,13
1461,10,18,91,10,-2.0539203960339205,8
1462,48,15,30,8,-2.054760670834312,7
1463,84,36,107,19,-2.0572007266813213,17
1464,104,17,9,10,-2.0746206420840276,7
1465,48,19,13,12,-2.0777118977088573,7
1466,90,17,74,9,-2.0848494229315673,8
1467,84,18,75,10,-2.0937199255326187,8
1468,48,31,76,17,-2.1194903112888834,14
1469,9,41,48,23,-2.128238062600521,18
1470,3,18,54,9,-2.1358068028320694,9
1471,1,15,87,7,-2.138632690920939,8
1472,111,44,84,25,-2.1422526544855915,19
1473,32,10,18,5,-2.1572241092213575,5
1474,15,11,9,6,-2.1575516880448644,5
1475,107,40,98,22,-2.1579093706359798,18
1476,107,24,90,12,-2.161624044674689,12
1477,65,54,55,32,-2.1621650885730803,22
1478,28,19,44,12,-2.1816767204067156,7
1479,49,14,93,7,-2.185400146226671,7
1480,17,16,20,9,-2.1859862240300507,7
1481,79,50,2,26,-2.19000865291695,24
1482,65,30,90,17,-2.2173212695918445,13
1483,54,15,73,8,-2.217586045542855,7
1484,8,14,14,8,-2.2189602603742733,6
1485,58,11,8,5,-2.2258955118772117,6
1486,50,14,6,7,-2.2618843791117285,7
1487,9,40,37,22,-2.262801557650182,18
1488,32,18,62,9,-2.2636867699003225,9
1489,28,25,62,15,-2.271350662558558,10
1490,32,13,20,7,-2.2751108005385445,6
1491,65,64,87,35,-2.28037915831858,29
1492,10,62,8,32,-2.284886264681262,30
1493,103,37,23,19,-2.3239729626949814,18
1494,91,39,79,20,-2.3358480667678583,19
1495,48,22,10,11,-2.3526521440575237,11
1496,50,31,54,18,-2.354168756105997,13
1497,50,14,88,8,-2.363701733136483,6
1498,107,10,51,6,-2.364406054363658,4
1499,43,23,41,13,-2.3652994967791563,10
1500,17,31,65,17,-2.392491655018507,14
1501,16,61,79,34,-2.3998450437774235,27
1502,57,16,79,8,-2.4270888358529543,8
1503,50,16,18,8,-2.4351075330006164,8
1504,79,24,85,12,-2.448715961670296,12
1505,38,40,41,21,-2.4535603181412866,19
1506,29,27,6,14,-2.45903121181426,13
1507,93,13,16,7,-2.460583316835962,6
1508,88,46,8,25,-2.4622937925313138,21
1509,107,15,30,9,-2.473691456044197,6
1510,9,44,103,21,-2.4769487250437585,23
1511,29,20,2,11,-2.477941203005181,9
1512,62,15,37,8,-2.4789476689639174,7
1513,65,49,6,24,-2.47968083130177,25
1514,107,29,74,16,-2.481204573011676,13
1515,28,32,90,18,-2.4824508259876605,14
1516,50,12,75,7,-2.4925159155893497,5
1517,86,36,98,21,-2.5122334165068043,15
1518,48,16,107,9,-2.514620363733915,7
1519,98,50,16,28,-2.5197213230509203,22
1520,29,19,50,11,-2.525141516354553,8
1521,70,33,41,17,-2.5290882561404504,16
1522,8,43,6,24,-2.5371830216491102,19
1523,86,56,8,31,-2.5454892932378956,25
1524,11,10,30,6,-2.5564825240632034,4
1525,98,14,63,7,-2.561082806270407,7
1526,111,27,10,15,-2.561286831397376,12
1527,109,25,2,15,-2.5641635343710636,10
1528,65,37,76,21,-2.585450948736576,16
1529,112,20,38,11,-2.5875581099779774,9
1530,8,25,34,12,-2.599349637379093,13
1531,28,40,30,22,-2.6105936366755755,18
1532,37,33,48,17,-2.6418897918039517,16
1533,107,12,85,8,-2.6471438550645616,4
1534,107,46,87,26,-2.6483788049853674,20
1535,84,24,30,13,-2.649950052405462,11
1536,30,25,111,13,-2.6528736151948067,12
1537,9,11,106,6,-2.6544531376629665,5
1538,63,11,111,6,-2.656681768070538,5
1539,8,14,15,7,-2.6593953269851673,7
1540,98,49,111,27,-2.661784450073085,22
1541,111,13,43,8,-2.669621436422116,5
1542,20,16,37,9,-2.669796905589799,7
1543,43,17,107,9,-2.670387525820163,8
1544,90,39,79,23,-2.6906940404909006,16
1545,18,56,28,30,-2.6973549488200317,26
1546,87,36,2,21,-2.7024458768536723,15
1547,10,30,9,17,-2.725511572413539,13
1548,30,14,26,5,-2.7295268644643054,9
1549,29,14,23,8,-2.732572073895786,6
1550,65,91,8,52,-2.7337241986003473,39
1551,28,21,34,12,-2.734662710408204,9
1552,90,31,98,16,-2.735368995859913,15
1553,103,19,48,10,-2.7455190211302885,9
1554,12,11,8,6,-2.8009343879230215,5
1555,65,55,38,30,-2.806589910357459,25
1556,96,10,86,5,-2.8206814096758226,5
1557,20,16,17,8,-2.830294746941787,8
1558,16,35,23,19,-2.843088725081075,16
1559,18,29,111,16,-2.859497108899379,13
1560,76,22,111,10,-2.8888180973130924,12
1561,111,30,90,17,-2.89054471305433,13
1562,34,16,6,8,-2.8927905205883553,8
1563,98,31,48,16,-2.9096041406405297,15
1564,20,23,91,13,-2.91310351812833,10
1565,48,18,18,10,-2.9186933860892377,8
1566,88,81,65,45,-2.919863485318388,36
1567,41,36,29,19,-2.9244119186735795,17
1568,54,44,74,22,-2.926291357510124,22
1569,107,22,49,11,-2.938323040228233,11
1570,76,15,23,9,-2.940407468731348,6
1571,8,17,63,10,-2.9417679488505266,7
1572,37,58,79,33,-2.9640154422255227,25
1573,98,23,13,15,-2.9928471993749595,8
1574,89,16,26,8,-3.0015441091670585,8
1575,65,15,51,8,-3.0024330188565416,7
1576,8,11,12,6,-3.0172474302587955,5
1577,16,18,38,9,-3.0174584469144037,9
1578,37,38,28,21,-3.0181363917622845,17
1579,84,25,51,15,-3.0276798276576233,10
1580,89,17,48,9,-3.030683667814096,8
1581,44,14,9,6,-3.0418979222799787,8
1582,10,18,107,9,-3.050193716172087,9
1583,87,28,62,16,-3.05254413200227,12
1584,55,15,70,8,-3.0551209872054277,7
1585,54,28,87,15,-3.0740919694066138,13
1586,65,16,43,8,-3.0818646979565365,8
1587,79,56,41,30,-3.1072129437235954,26
1588,50,11,90,6,-3.1224793561895168,5
1589,38,36,79,20,-3.1386740959807797,16
1590,88,23,23,13,-3.1441600025036935,10
1591,90,10,1,5,-3.14882035881255,5
1592,65,42,107,25,-3.158680612315307,17
1593,16,19,50,10,-3.1594632722429505,9
1594,106,18,8,9,-3.1710809738544516,9
1595,8,25,104,15,-3.1877877944585076,10
1596,37,13,91,7,-3.1893915884876662,6
1597,41,17,88,9,-3.1907658333962816,8
1598,85,16,54,8,-3.1952541507191263,8
1599,86,19,23,10,-3.216916872797102,9
1600,26,37,79,21,-3.2224103393223973,16
1601,85,11,49,6,-3.234049059231714,5
1602,87,15,1,9,-3.235954063691745,6
1603,18,15,76,9,-3.237191989649946,6
1604,6,24,93,13,-3.240702778832872,11
1605,55,13,51,8,-3.2507621857687634,5
1606,65,30,73,17,-3.264498946198197,13
1607,88,25,107,13,-3.2653147048802107,12
1608,98,11,59,6,-3.2664563544762517,5
1609,8,28,29,15,-3.269976154969551,13
1610,85,17,74,9,-3.280838878179328,8
1611,62,18,16,10,-3.3165301409136863,8
1612,74,27,26,15,-3.318872656585847,12
1613,18,23,107,12,-3.3296591016307526,11
1614,84,21,91,12,-3.3334541794661074,9
1615,79,30,30,17,-3.3581610508858177,13
1616,55,39,79,20,-3.358833901259915,19
1617,23,20,91,11,-3.3618813048957485,9
1618,6,18,49,10,-3.361990920437636,8
1619,85,14,2,7,-3.3798876085075156,7
1620,13,14,76,7,-3.383197454645703,7
1621,91,14,57,9,-3.387917143764696,5
1622,28,32,32,18,-3.3937812746244553,14
1623,6,12,57,8,-3.4000169565132334,4
1624,84,20,32,12,-3.403700726822616,8
1625,28,54,111,30,-3.413874283084288,24
1626,91,10,5,4,-3.4255398118724374,6
1627,37,10,107,6,-3.444420525023787,4
1628,57,12,86,6,-3.4531517504498637,6
1629,79,34,54,18,-3.4597407834745564,16
1630,32,21,55,12,-3.4603507284757336,9
1631,79,51,10,25,-3.461171301661281,26
1632,20,31,74,17,-3.4627659895235983,14
1633,91,12,48,7,-3.4664297594725237,5
1634,107,28,91,16,-3.470162400396327,12
1635,55,14,1,8,-3.472860068937083,6
1636,29,32,98,17,-3.494477131581665,15
1637,28,35,20,21,-3.497130895377864,14
1638,88,34,55,21,-3.4984778706231747,13
1639,41,49,16,26,-3.501070366837183,23
1640,94,13,65,7,-3.505690987614661,6
1641,26,33,111,19,-3.5276889460712058,14
1642,87,26,70,15,-3.5345174393475727,11
1643,49,18,79,11,-3.5482844650415624,7
1644,38,25,50,14,-3.5687465201033057,11
1645,57,16,16,8,-3.5714373486183053,8
1646,23,15,101,9,-3.591604516250614,6
1647,18,12,10,8,-3.6042571144804363,4
1648,79,61,28,30,-3.610546327891444,31
1649,9,77,84,45,-3.629973322875428,32
1650,112,10,98,5,-3.634369737429611,5
1651,73,22,20,12,-3.6521774474687554,10
1652,37,38,16,23,-3.6538134186570033,15
1653,6,16,34,9,-3.6598684680509215,7
1654,65,17,57,11,-3.66200460796526,6
1655,86,23,50,14,-3.666745079717447,9
1656,55,28,107,15,-3.6896444069856997,13
1657,62,15,91,8,-3.707999769375562,7
1658,10,14,32,9,-3.709056496740224,5
1659,87,10,60,5,-3.716219490276847,5
1660,38,22,84,13,-3.721558072111377,9
1661,41,16,48,9,-3.723395209925695,7
1662,107,22,16,12,-3.7238553633631337,10
1663,28,50,55,30,-3.7362392036570076,20
1664,10,34,65,19,-3.7403807843221304,15
1665,18,12,57,8,-3.7525453734501912,4
1666,2,64,8,33,-3.771603970672433,31
1667,73,15,79,8,-3.780403758532128,7
1668,110,11,26,5,-3.781495457699158,6
1669,103,12,110,7,-3.784927459031115,5
1670,18,15,93,8,-3.8000555745474087,7
1671,98,16,43,9,-3.8123705589147328,7
1672,91,14,32,7,-3.8253106560348464,7
1673,29,21,91,12,-3.840820511726981,9
1674,18,18,41,11,-3.84366102932153,7
1675,75,10,37,6,-3.8443267506529617,4
1676,75,20,8,11,-3.850513142182257,9
1677,34,12,23,6,-3.85388189935407,6
1678,49,14,38,7,-3.8551286140805963,7
1679,50,10,20,6,-3.866423191070092,4
1680,84,47,98,26,-3.8908337456526567,21
1681,2,26,91,15,-3.8971597312680113,11
1682,54,16,94,8,-3.897800639878564,8
1683,9,30,26,15,-3.917115924375875,15
1684,74,22,43,13,-3.9345782455697673,9
1685,112,10,91,5,-3.946754868280294,5
1686,2,63,28,35,-3.947282027853599,28
1687,73,22,6,11,-3.9476996189213933,11
1688,87,32,23,19,-3.956644400151879,13
1689,8,40,91,21,-3.961945852137986,19
1690,20,20,112,10,-3.9655619093439842,10
1691,74,29,16,17,-3.974341734686631,12
1692,26,14,55,8,-3.9805474058369166,6
1693,10,13,104,7,-3.982341981798969,6
1694,16,67,28,37,-3.9843067906619325,30
1695,98,34,87,20,-3.9852020639548185,14
1696,50,40,8,22,-3.9913080129704546,18
1697,8,29,73,18,-3.9924196449780625,11
1698,55,23,86,11,-3.994193453591961,12
1699,37,26,87,13,-3.9965570187790043,13
1700,28,72,65,41,-4.002474680377952,31
1701,35,20,76,12,-4.003226941814819,8
1702,79,33,23,17,-4.005580416521516,16
1703,103,50,79,29,-4.028559233170849,21
1704,28,58,98,31,-4.030600698284184,27
1705,65,10,52,6,-4.033826421153391,4
1706,2,19,26,10,-4.041871884320681,9
1707,85,16,98,8,-4.042048861968959,8
1708,98,23,109,13,-4.0431120330253485,10
1709,71,15,84,8,-4.046997354452872,7
1710,10,32,16,18,-4.051397029804468,14
1711,46,21,6,13,-4.0573986299655465,8
1712,10,41,2,24,-4.057775267216063,17
1713,104,12,90,6,-4.064341220930973,6
1714,9,36,2,19,-4.08389169356919,17
1715,2,63,98,35,-4.0864521676034835,28
1716,84,19,14,13,-4.105576202233761,6
1717,98,39,37,22,-4.11677597890711,17
1718,48,19,63,11,-4.1451904134227675,8
1719,10,16,103,9,-4.145748166667432,7
1720,2,15,37,8,-4.14722052773026,7
1721,91,23,65,11,-4.15010120900014,12
1722,32,16,2,9,-4.169077635966493,7
1723,8,24,51,14,-4.187811296214764,10
1724,91,14,109,7,-4.213752581267606,7
1725,111,62,79,37,-4.218289071737846,25
1726,106,10,55,6,-4.220944981532464,4
1727,28,23,51,13,-4.222077244922647,10
1728,90,18,86,11,-4.223509495637682,7
1729,6,24,23,13,-4.230313442640459,11
1730,85,19,8,10,-4.235296537690964,9
1731,79,47,6,27,-4.237391580830745,20
1732,70,26,28,13,-4.23767852789353,13
1733,8,11,97,7,-4.238412616249588,4
1734,86,38,9,21,-4.2400911751832,17
1735,16,19,51,12,-4.2426792919329,7
1736,49,13,18,7,-4.243576516469454,6
1737,98,39,6,23,-4.250381101594533,16
1738,46,24,74,12,-4.250765743447537,12
1739,48,15,85,9,-4.305363268792187,6
1740,84,22,57,13,-4.307342730462738,9
1741,41,39,26,18,-4.308213459712551,21
1742,70,32,54,17,-4.3093380145975395,15
1743,1,20,41,13,-4.310885836842604,7
1744,88,31,79,20,-4.311591151673855,11
1745,29,37,87,21,-4.317833214151955,16
1746,90,13,20,8,-4.319530234657456,5
1747,26,27,74,15,-4.321080857814067,12
1748,74,31,2,17,-4.326298290158694,14
1749,30,22,91,11,-4.330777519237086,11
1750,86,55,84,31,-4.335413121008756,24
1751,9,50,111,26,-4.347376189631131,24
1752,54,63,65,34,-4.349415138315609,29
1753,44,13,79,7,-4.356415433762269,6
1754,2,11,57,7,-4.360321050424336,4
1755,87,72,8,42,-4.374554743324401,30
1756,94,11,87,6,-4.375015437142172,5
1757,1,10,90,6,-4.375601097645208,4
1758,89,13,54,8,-4.375934710162814,5
1759,41,36,50,20,-4.39168406813968,16
1760,76,13,30,8,-4.393413405821257,5
1761,41,36,84,22,-4.405400183867785,14
1762,20,19,43,10,-4.407702920435093,9
1763,103,20,73,11,-4.408542656876506,9
1764,13,10,90,5,-4.435057658973358,5
1765,2,18,90,10,-4.440452857575481,8
1766,58,16,98,8,-4.454073647186219,8
1767,86,12,35,8,-4.454208680307121,4
1768,84,23,73,15,-4.463513313785124,8
1769,110,23,20,13,-4.46357978693552,10
1770,15,25,111,15,-4.472513123100842,10
1771,29,21,111,10,-4.484029622528673,11
1772,20,26,6,13,-4.48657288665595,13
1773,106,12,16,7,-4.488966556399131,5
1774,93,21,29,12,-4.498959392246701,9
1775,62,11,29,6,-4.502398822563125,5
1776,6,27,29,15,-4.503478704943507,12
1777,23,40,41,23,-4.507259861409941,17
1778,93,29,111,15,-4.510765206652467,14
1779,85,11,18,5,-4.514791288537011,6
1780,74,15,32,9,-4.519404747582117,6
1781,109,26,65,13,-4.522732343847644,13
1782,23,24,74,13,-4.530539923458647,11
1783,98,43,20,25,-4.552220105497898,18
1784,57,15,87,8,-4.5524099729129395,7
1785,89,20,9,13,-4.555028073124964,7
1786,62,38,8,21,-4.586265631219047,17
1787,15,10,86,5,-4.603054673648832,5
1788,87,11,68,6,-4.626141991098492,5
1789,2,20,29,11,-4.659724574406296,9
1790,54,23,49,12,-4.674730531945575,11
1791,79,21,29,12,-4.677275321651237,9
1792,55,47,111,26,-4.698473816305829,21
1793,9,76,79,43,-4.699969329384482,33
1794,79,39,50,21,-4.700291458157238,18
1795,93,19,109,11,-4.710552248323455,8
1796,14,14,87,8,-4.712999134730353,6
1797,9,30,90,17,-4.717832744642908,13
1798,16,35,55,20,-4.728893832263945,15
1799,65,41,23,23,-4.770740161452314,18
1800,28,19,46,11,-4.7732100228715675,8
1801,28,37,23,21,-4.773448036217731,16
1802,104,10,111,6,-4.78538385386756,4
1803,18,11,86,6,-4.795064637153174,5
1804,88,21,86,13,-4.80405442446236,8
1805,8,39,37,22,-4.823034316424169,17
1806,109,11,89,6,-4.829014520032646,5
1807,13,13,103,7,-4.835710066696813,6
1808,98,25,30,16,-4.849081372286935,9
1809,8,61,74,35,-4.861231025934779,26
1810,11,17,28,10,-4.863784981994054,7
1811,9,27,62,16,-4.876428914210389,11
1812,20,30,93,15,-4.900735470483163,15
1813,5,11,65,6,-4.901615377921411,5
1814,20,51,87,29,-4.928957222630361,22
1815,103,11,46,6,-4.934914439873031,5
1816,20,37,111,20,-4.9479559141790075,17
1817,111,36,107,21,-4.95140635788508,15
1818,65,14,106,8,-4.9521528884128925,6
1819,8,27,30,17,-4.9641407375314035,10
1820,59,10,10,5,-4.967497448599415,5
1821,87,14,104,9,-4.972299568188284,5
1822,20,10,89,6,-4.97640303815121,4
1823,93,29,79,15,-4.983389647169374,14
1824,54,69,8,38,-4.998293345892281,31
1825,84,15,89,10,-5.0152693534373975,5
1826,9,107,65,61,-5.016248635135731,46
1827,1,17,16,9,-5.031673674933401,8
1828,43,13,111,7,-5.0327903736846205,6
1829,103,36,107,21,-5.041185354126945,15
1830,73,20,16,11,-5.0706587833744905,9
1831,41,16,59,9,-5.075333393683101,7
1832,49,17,32,9,-5.084232180469871,8
1833,84,25,29,14,-5.0940460573640145,11
1834,2,28,107,16,-5.101731059055636,12
1835,48,10,70,6,-5.103393723771427,4
1836,49,21,28,13,-5.11072806296806,8
1837,76,27,87,16,-5.11638843749194,11
1838,18,21,103,12,-5.117263308095348,9
1839,111,11,63,6,-5.123399041237538,5
1840,89,29,41,17,-5.128070897369619,12
1841,107,17,63,11,-5.133499463893942,6
1842,20,47,8,28,-5.13696712403145,19
1843,87,26,103,15,-5.13844337309213,11
1844,52,10,98,5,-5.141825899051739,5
1845,84,39,23,22,-5.174802875601986,17
1846,62,15,104,9,-5.186101581217904,6
1847,57,10,111,6,-5.186942618450885,4
1848,20,18,86,10,-5.187458999608201,8
1849,79,52,87,28,-5.2187144642238374,24
1850,111,10,1,5,-5.238983537325088,5
1851,76,35,16,19,-5.241687687334296,16
1852,65,71,93,41,-5.253531432442059,30
1853,85,15,63,8,-5.266282773446651,7
1854,2,33,50,20,-5.273652216296242,13
1855,76,14,104,8,-5.288345369680408,6
1856,103,30,17,18,-5.294404276815358,12
1857,8,23,90,14,-5.338168133162711,9
1858,28,12,14,8,-5.34619377938579,4
1859,76,42,79,26,-5.3466791289198765,16
1860,6,13,89,8,-5.362805216014631,5
1861,88,17,20,10,-5.363566654525625,7
1862,41,66,8,36,-5.383353261881381,30
1863,28,10,19,6,-5.405282356849322,4
1864,50,37,98,20,-5.4072282296066625,17
1865,41,35,73,20,-5.413974250069213,15
1866,38,26,20,15,-5.422962328602488,11
1867,20,18,94,11,-5.424401699040208,7
1868,23,16,109,10,-5.438260955948294,6
1869,38,25,30,13,-5.45936332609693,12
1870,9,10,14,7,-5.463439437022661,3
1871,87,20,90,13,-5.4648990682068606,7
1872,15,15,65,8,-5.468158414216741,7
1873,86,43,87,26,-5.470977949467769,17
1874,38,35,54,21,-5.478565045653858,14
1875,73,21,74,12,-5.49643746893769,9
1876,85,12,107,5,-5.501246863309672,7
1877,79,82,8,44,-5.508652069169263,38
1878,54,46,28,27,-5.5206143371290795,19
1879,2,10,46,6,-5.541906116456114,4
1880,48,35,6,20,-5.544547995709246,15
1881,55,19,74,10,-5.544677661719653,9
1882,48,39,79,22,-5.544831160402457,17
1883,97,11,28,5,-5.54697078214519,6
1884,86,21,41,12,-5.559806719909117,9
1885,51,12,9,7,-5.566013437140973,5
1886,48,14,49,7,-5.572044813615613,7
1887,55,24,103,14,-5.588813975862993,10
1888,107,83,8,47,-5.622990415078921,36
1889,28,24,104,15,-5.62337295398781,9
1890,29,22,26,14,-5.630548836449718,8
1891,9,45,41,28,-5.6439057397283525,17
1892,6,40,54,26,-5.65611835790521,14
1893,6,26,103,16,-5.659939287843899,10
1894,50,13,17,8,-5.662435030700867,5
1895,91,29,111,16,-5.664784285354977,13
1896,91,16,63,9,-5.6695484537306235,7
1897,9,13,43,7,-5.682535108763632,6
1898,51,11,18,6,-5.697627847770079,5
1899,65,23,89,13,-5.729458742490648,10
1900,9,49,87,28,-5.7353718278322,21
1901,55,14,26,8,-5.738748859328644,6
1902,37,20,90,12,-5.742590617036875,8
1903,9,29,38,16,-5.756435186772364,13
1904,9,36,50,21,-5.758521836854601,15
1905,76,43,86,24,-5.7608051831204765,19
1906,28,15,75,8,-5.767432508412389,7
1907,9,24,49,15,-5.768934866939488,9
1908,79,14,51,8,-5.772506691008202,6
1909,54,18,32,11,-5.782610489553489,7
1910,73,14,26,7,-5.793757710550314,7
1911,94,12,8,7,-5.79404543544707,5
1912,87,14,63,8,-5.794939568846778,6
1913,28,10,96,6,-5.817657099477481,4
1914,51,11,2,6,-5.82458141989376,5
1915,44,10,2,6,-5.829723764491529,4
1916,10,31,98,18,-5.831587893507183,13
1917,37,14,46,8,-5.834073346635607,6
1918,84,12,104,7,-5.8358328973406115,5
1919,87,28,49,15,-5.837138934523044,13
1920,54,22,46,14,-5.8646515222083515,8
1921,16,17,17,10,-5.868342075872026,7
1922,103,34,50,20,-5.870794196365225,14
1923,9,45,74,27,-5.903246001506488,18
1924,20,11,46,5,-5.919838640633247,6
1925,2,32,84,19,-5.92758837249606,13
1926,112,20,20,12,-5.92853113025916,8
1927,91,28,87,17,-5.954439761122977,11
1928,10,25,89,15,-5.961935346068012,10
1929,49,23,8,13,-5.962799116224744,10
1930,34,10,17,6,-5.970863859166942,4
1931,23,18,2,10,-5.985551573396107,8
1932,89,14,50,8,-5.994804521258989,6
1933,88,12,10,7,-5.999242564664751,5
1934,77,10,49,5,-6.002993751357126,5
1935,91,18,38,10,-6.003578716041363,8
1936,2,11,94,6,-6.010461250553638,5
1937,91,48,98,26,-6.010481139866049,22
1938,76,41,84,22,-6.0122133251855985,19
1939,98,27,26,14,-6.028495429489334,13
1940,9,28,13,18,-6.048703123654873,10
1941,89,25,79,16,-6.066359313406789,9
1942,74,38,111,22,-6.079631925271179,16
1943,86,23,51,14,-6.08656100121185,9
1944,34,17,107,10,-6.095620167822218,7
1945,56,11,111,7,-6.133528731729063,4
1946,48,52,8,31,-6.142283447978181,21
1947,88,23,87,15,-6.146478682205597,8
1948,66,11,2,7,-6.205381429919995,4
1949,34,14,16,8,-6.229556768499603,6
1950,41,35,2,22,-6.231438093089563,13
1951,9,12,75,8,-6.239095019020707,4
1952,48,17,2,9,-6.245081234312723,8
1953,87,24,38,15,-6.25648981898309,9
1954,104,24,79,16,-6.267715569049506,8
1955,16,25,32,15,-6.270434527094816,10
1956,50,23,111,14,-6.270457745960824,9
1957,44,15,111,9,-6.2820016152004,6
1958,54,16,90,9,-6.290244829620479,7
1959,50,28,55,18,-6.304138142950863,10
1960,54,19,62,12,-6.312055934230411,7
1961,54,28,48,18,-6.327973435291805,10
1962,111,30,2,18,-6.328590766591992,12
1963,73,18,86,11,-6.340120760849839,7
1964,84,30,20,19,-6.362668081835638,11
1965,28,10,31,6,-6.368565836830035,4
1966,88,22,103,14,-6.368772240906126,8
1967,46,10,16,6,-6.36959589880105,4
1968,39,10,65,6,-6.40523745473044,4
1969,74,36,79,23,-6.418996516558229,13
1970,28,14,12,9,-6.429365216940005,5
1971,8,10,112,6,-6.439047583949824,4
1972,62,10,90,6,-6.4415032468905995,4
1973,86,12,11,6,-6.442539647073443,6
1974,48,11,23,6,-6.485113687277626,5
1975,51,18,54,10,-6.493806210298227,8
1976,8,35,32,20,-6.494741280760348,15
1977,28,34,103,20,-6.496510604338202,14
1978,18,25,87,16,-6.500921078177539,9
1979,62,13,17,8,-6.51109228837904,5
1980,88,26,74,17,-6.515151171646331,9
1981,35,11,8,6,-6.520153397659235,5
1982,70,14,103,7,-6.530155528635705,7
1983,57,18,23,10,-6.535348935161005,8
1984,70,18,79,9,-6.541994947083339,9
1985,68,25,8,14,-6.551836593531009,11
1986,6,19,30,13,-6.571810356539939,6
1987,87,37,16,22,-6.573080472259264,15
1988,18,48,8,29,-6.594687381789504,19
1989,88,38,16,25,-6.595911681225523,13
1990,18,21,16,13,-6.6099594156094685,8
1991,76,20,107,12,-6.61181954357389,8
1992,76,19,55,11,-6.616826334007979,8
1993,16,21,90,12,-6.632184549525892,9
1994,51,21,87,12,-6.638885465379,9
1995,85,14,86,7,-6.640232602185863,7
1996,49,15,17,9,-6.655321673670166,6
1997,34,23,98,15,-6.664658670492527,8
1998,49,16,74,9,-6.6690338705923,7
1999,9,24,18,14,-6.669379438735331,10
2000,2,14,15,8,-6.68122325045803,6
2001,16,68,8,42,-6.68212178854382,26
2002,9,100,8,58,-6.694606497363985,42
2003,8,76,55,48,-6.696772996638336,28
2004,57,16,88,9,-6.698470388803919,7
2005,62,18,79,10,-6.706683341972167,8
2006,9,25,29,14,-6.70933512946719,11
2007,74,11,89,6,-6.714017548400364,5
2008,111,14,13,9,-6.729510456907126,5
2009,34,19,2,11,-6.729658072634228,8
2010,32,24,65,14,-6.740147619373065,10
2011,41,42,111,24,-6.742879314894576,18
2012,48,33,65,20,-6.775963166758408,13
2013,28,50,87,30,-6.785536302011417,20
2014,86,73,16,45,-6.791733072004659,28
2015,20,25,2,14,-6.800156386602417,11
2016,41,35,91,22,-6.801656465480553,13
2017,93,47,8,29,-6.803263671135738,18
2018,6,21,88,13,-6.808639243885848,8
2019,87,18,43,11,-6.811944333065352,7
2020,64,11,28,6,-6.82253762472366,5
2021,91,26,6,15,-6.823132237906975,11
2022,84,64,16,38,-6.828003397441747,26
2023,88,28,9,17,-6.859441769537254,11
2024,28,38,38,22,-6.8687841977025155,16
2025,87,11,89,7,-6.89032748453306,4
2026,68,18,65,10,-6.895924597371667,8
2027,66,13,84,8,-6.913281974024723,5
2028,74,12,57,8,-6.91760424242575,4
2029,17,14,90,8,-6.930186835428714,6
2030,48,47,84,27,-6.949393290214897,20
2031,68,10,73,6,-6.95394987102174,4
2032,104,18,107,12,-6.98511123388047,6
2033,101,11,79,6,-6.990861425930873,5
2034,9,36,107,19,-6.995537467245023,17
2035,6,19,90,11,-7.0034906221582,8
2036,6,10,51,7,-7.0035300376142064,3
2037,91,26,103,13,-7.011657257024809,13
2038,6,20,111,12,-7.01838566892247,8
2039,9,40,23,24,-7.023066131343451,16
2040,79,19,59,11,-7.0352036880537865,8
2041,50,34,87,21,-7.043252292270627,13
2042,28,37,91,23,-7.04770720595576,14
2043,34,15,87,9,-7.057985714791882,6
2044,16,10,46,6,-7.063466905445056,4
2045,30,15,23,8,-7.0751657504461685,7
2046,13,10,10,5,-7.08154547770926,5
2047,89,16,16,10,-7.102664218068734,6
2048,103,20,29,12,-7.147753101442872,8
2049,32,16,103,10,-7.165401001930772,6
2050,28,39,6,24,-7.173092064659189,15
2051,6,11,5,7,-7.175117705775805,4
2052,98,40,23,25,-7.180366591070175,15
2053,34,13,111,7,-7.201437198359538,6
2054,29,19,54,13,-7.2088827987279975,6
2055,6,29,55,20,-7.216182147698299,9
2056,76,19,10,11,-7.223608714939963,8
2057,8,41,23,25,-7.226225929875295,16
2058,49,13,30,8,-7.228582193886497,5
2059,73,18,50,10,-7.241939960957099,8
2060,103,49,98,31,-7.248745608369252,18
2061,38,14,88,8,-7.257573306252311,6
2062,28,48,107,27,-7.2601635983412365,21
2063,73,10,30,6,-7.2752412959190496,4
2064,70,15,23,9,-7.277989111704888,6
2065,18,18,74,11,-7.278982693330032,7
2066,35,15,48,9,-7.282980983304395,6
2067,94,16,9,9,-7.284482029205993,7
2068,65,82,20,51,-7.285611493979019,31
2069,20,13,13,9,-7.287197108459042,4
2070,10,21,54,13,-7.316914939103655,8
2071,9,35,73,21,-7.31762524261672,14
2072,28,42,93,25,-7.320077356490772,17
2073,103,16,10,9,-7.341759223830171,7
2074,65,53,74,33,-7.345256184830916,20
2075,65,50,63,30,-7.358014786861475,20
2076,88,24,37,15,-7.378135194639771,9
2077,8,12,94,7,-7.380839863701195,5
2078,5,15,98,9,-7.40308817440165,6
2079,49,13,41,9,-7.40613906742907,4
2080,75,13,41,7,-7.41688145074682,6
2081,68,14,98,10,-7.427653338623123,4
2082,37,24,23,15,-7.440544332640971,9
2083,65,71,111,40,-7.44315444932928,31
2084,48,14,17,8,-7.444960593591363,6
2085,28,29,10,19,-7.458178088618773,10
2086,23,10,104,6,-7.459802178175598,4
2087,50,28,107,18,-7.466708773911556,10
2088,79,23,18,13,-7.489902589142591,10
2089,41,53,28,30,-7.494799478271726,23
2090,38,24,2,13,-7.498014725943601,11
2091,38,10,34,6,-7.513274255260262,4
2092,54,28,103,16,-7.519450232339535,12
2093,107,20,29,13,-7.525530619454991,7
2094,76,21,91,13,-7.538547355116531,8
2095,9,35,55,23,-7.544431741945991,12
2096,84,27,70,16,-7.555812299096969,11
2097,79,23,17,14,-7.583686995894435,9
2098,48,18,90,11,-7.588405779874588,7
2099,34,27,84,18,-7.5965645944497355,9
2100,41,45,87,26,-7.5997473042409585,19
2101,86,29,74,18,-7.646930643556196,11
2102,74,20,10,13,-7.659112863437717,7
2103,34,13,55,9,-7.684145911798235,4
2104,2,49,16,30,-7.691279770578487,19
2105,76,40,88,23,-7.693645081601591,17
2106,59,11,23,7,-7.703199044299859,4
2107,96,12,8,7,-7.7077470646849475,5
2108,85,14,111,9,-7.729378570457982,5
2109,9,71,16,46,-7.73633849027455,25
2110,74,19,17,11,-7.746897696537681,8
2111,109,15,103,10,-7.74806703390503,5
2112,87,11,11,7,-7.75699385056642,4
2113,109,13,29,8,-7.7648215544268036,5
2114,54,29,55,19,-7.798021484884689,10
2115,2,11,58,7,-7.801381373372695,4
2116,2,18,70,12,-7.802975472592941,6
2117,90,13,55,8,-7.804139466218974,5
2118,109,25,20,17,-7.80690748170692,8
2119,37,32,76,21,-7.820497576953574,11
2120,106,22,79,13,-7.826558709927744,9
2121,65,61,16,36,-7.831928052538539,25
2122,38,36,8,23,-7.848513446954377,13
2123,9,49,54,30,-7.862767512170962,19
2124,12,11,74,6,-7.881335923893619,5
2125,9,30,109,18,-7.889736540676633,12
2126,13,14,49,8,-7.890029815709072,6
2127,86,24,30,18,-7.891799768670313,6
2128,54,30,88,18,-7.914375895963333,12
2129,29,13,10,8,-7.953877306686606,5
2130,86,27,111,16,-7.962255850113394,11
2131,18,26,98,16,-7.97184494616587,10
2132,37,12,109,7,-7.972273664149992,5
2133,34,25,8,16,-7.975314953797204,9
2134,34,16,41,9,-7.985588983079854,7
2135,46,12,29,8,-7.990068011062898,4
2136,41,15,90,9,-7.997737246515682,6
2137,86,11,1,7,-8.004187715591307,4
2138,96,11,16,7,-8.038888444146755,4
2139,74,11,13,7,-8.04867506694036,4
2140,28,38,76,23,-8.065701412784033,15
2141,13,12,6,7,-8.074590184679874,5
2142,10,15,30,10,-8.08039942607508,5
2143,54,32,93,22,-8.106367720057326,10
2144,9,14,19,8,-8.117304295019109,6
2145,79,24,34,13,-8.127174908274364,11
2146,20,16,16,9,-8.147746017528714,7
2147,85,20,28,12,-8.15287634199834,8
2148,98,29,49,17,-8.192506354783728,12
2149,9,11,11,7,-8.198586667223204,4
2150,94,13,28,8,-8.222371266039165,5
2151,16,10,26,6,-8.231874067384071,4
2152,8,17,1,10,-8.238012177466368,7
2153,17,14,111,8,-8.239799794462428,6
2154,54,23,63,14,-8.261050334816298,9
2155,37,11,51,7,-8.265197669915755,4
2156,8,30,17,19,-8.267140148743708,11
2157,58,12,65,6,-8.279172093518044,6
2158,41,18,76,11,-8.284971187696902,7
2159,59,17,9,11,-8.305936798720639,6
2160,109,33,8,20,-8.311226620633244,13
2161,107,31,79,21,-8.316954079987386,10
2162,112,22,6,13,-8.324396609331753,9
2163,103,45,41,31,-8.332714422601015,14
2164,9,36,91,22,-8.337030454552696,14
2165,88,26,84,17,-8.338765030439285,9
2166,70,10,20,7,-8.374580328727138,3
2167,65,14,1,9,-8.38534721300084,5
2168,23,19,90,12,-8.394839451243376,7
2169,89,11,90,7,-8.396796914570167,4
2170,11,16,98,10,-8.407514908653754,6
2171,91,16,93,10,-8.415373132469666,6
2172,10,21,73,14,-8.419335562342074,7
2173,1,21,98,14,-8.436557583367687,7
2174,84,31,93,20,-8.465363334016377,11
2175,56,13,8,9,-8.47665012859135,4
2176,68,19,20,11,-8.49950046367544,8
2177,111,35,16,20,-8.50205165816624,15
2178,103,24,26,14,-8.523036763842914,10
2179,9,25,32,16,-8.53109215537152,9
2180,48,12,34,7,-8.533414260232822,5
2181,16,18,30,12,-8.551684928549538,6
2182,10,18,93,12,-8.563863748489084,6
2183,76,24,54,14,-8.571167297040507,10
2184,86,40,37,24,-8.603825624585157,16
2185,71,10,54,7,-8.658299695148916,3
2186,109,18,34,11,-8.66273498003356,7
2187,76,55,8,35,-8.684128456434776,20
2188,20,15,34,10,-8.68693105656746,5
2189,6,27,16,16,-8.696725649896711,11
2190,37,26,54,18,-8.701915458664551,8
2191,62,16,76,8,-8.710475893988356,8
2192,20,35,55,21,-8.738108987978196,14
2193,37,24,30,16,-8.742074606758964,8
2194,38,15,32,10,-8.75452405688887,5
2195,76,34,98,21,-8.760231110114765,13
2196,91,26,2,15,-8.783750173530157,11
2197,20,53,41,35,-8.79255140026366,18
2198,93,24,23,14,-8.804783518097919,10
2199,76,10,29,7,-8.806443209825622,3
2200,85,11,10,6,-8.810276618143424,5
2201,54,45,111,28,-8.825491482393904,17
2202,79,26,32,17,-8.859137187931584,9
2203,94,17,98,11,-8.877059957058028,6
2204,80,10,79,6,-8.908530308835552,4
2205,50,11,112,7,-8.921235906620762,4
2206,86,20,10,13,-8.925705329647823,7
2207,110,20,107,12,-8.933567921834605,8
2208,65,18,70,12,-8.93464664585003,6
2209,111,18,48,12,-8.93792122942067,6
2210,46,19,111,12,-8.943973618396548,7
2211,16,17,75,11,-8.957856245411575,6
2212,107,17,43,11,-8.971497306643272,6
2213,62,19,41,12,-9.00335332858162,7
2214,76,35,74,23,-9.021109435296268,12
2215,50,16,91,11,-9.044194652502608,5
2216,16,12,15,8,-9.05960662342551,4
2217,109,13,106,8,-9.06266809979583,5
2218,32,12,26,7,-9.09769401619869,5
2219,57,11,2,6,-9.107338089684553,5
2220,91,35,74,22,-9.120669894046731,13
2221,65,41,2,28,-9.121243860129145,13
2222,65,59,98,38,-9.129504736865767,21
2223,63,25,84,16,-9.157819288318455,9
2224,85,28,84,16,-9.160197369727129,12
2225,86,10,106,7,-9.164819307436977,3
2226,43,24,8,15,-9.183295995535126,9
2227,28,26,13,18,-9.183739107543797,8
2228,37,16,55,10,-9.183747537097535,6
2229,75,17,79,12,-9.20925893137567,5
2230,84,20,17,13,-9.25697489923984,7
2231,50,14,43,9,-9.27474781724881,5
2232,86,15,32,9,-9.27878790822812,6
2233,86,20,38,14,-9.280969369301586,6
2234,9,34,20,23,-9.290302263411943,11
2235,23,17,50,10,-9.300090532650529,7
2236,32,29,111,17,-9.306159625162506,12
2237,107,13,13,9,-9.307281354536356,4
2238,112,13,28,8,-9.317343463958052,5
2239,55,15,23,9,-9.335240638495891,6
2240,29,22,74,13,-9.341715830488068,9
2241,86,17,49,9,-9.343172433673239,8
2242,8,14,59,9,-9.376826871718674,5
2243,30,22,55,13,-9.385734127086305,9
2244,8,17,46,11,-9.405496106583279,6
2245,10,11,57,7,-9.432674751481889,4
2246,87,27,30,18,-9.441306317195094,9
2247,44,17,65,10,-9.443702457838898,7
2248,19,11,103,7,-9.481054864710421,4
2249,58,11,6,7,-9.489496457414932,4
2250,28,16,43,11,-9.500596764145225,5
2251,76,23,15,15,-9.503739473265108,8
2252,88,14,32,10,-9.505084521049728,4
2253,8,45,26,27,-9.507536225083523,18
2254,17,13,91,8,-9.524679603281824,5
2255,79,21,13,15,-9.547980426671515,6
2256,65,21,60,13,-9.571951123571171,8
2257,89,22,23,14,-9.576875474490599,8
2258,70,18,30,12,-9.585226013483616,6
2259,8,21,13,14,-9.615323131026955,7
2260,41,27,55,16,-9.622531787318458,11
2261,18,10,46,7,-9.6369429103627,3
2262,62,26,98,16,-9.641858129313675,10
2263,85,11,88,7,-9.656301948727862,4
2264,87,34,93,22,-9.672186026001654,12
2265,38,32,29,21,-9.681299801122256,11
2266,79,18,63,11,-9.700576655667497,7
2267,54,12,11,8,-9.747794227973568,4
2268,103,36,111,23,-9.751404731703087,13
2269,103,42,8,29,-9.755203687685839,13
2270,44,34,6,21,-9.768613303295997,13
2271,74,13,70,9,-9.800022679632324,4
2272,9,28,17,18,-9.851089499965493,10
2273,50,14,10,9,-9.907166966632534,5
2274,17,13,87,8,-9.92299839057508,5
2275,75,10,103,6,-9.92764617859353,4
2276,70,11,93,7,-9.928875321549777,4
2277,18,14,55,9,-9.949790942140542,5
2278,98,17,104,10,-9.95510121235401,7
2279,87,50,55,33,-9.957250285763632,17
2280,38,24,111,15,-9.966212518632437,9
2281,34,17,76,11,-9.994247540573088,6
2282,30,11,88,6,-10.024835723736619,5
2283,34,14,37,9,-10.040882054419711,5
2284,74,29,103,20,-10.120878103689181,9
2285,84,14,109,9,-10.149942855967593,5
2286,65,23,110,15,-10.151511833678441,8
2287,28,12,106,9,-10.173309897145188,3
2288,38,10,60,6,-10.186949801542625,4
2289,96,12,65,7,-10.190345361441285,5
2290,74,27,93,19,-10.211482113190499,8
2291,6,16,26,11,-10.241752287967037,5
2292,109,14,91,9,-10.246844938152377,5
2293,87,10,39,6,-10.267299551613329,4
2294,73,16,2,10,-10.299221262346556,6
2295,89,14,8,9,-10.313019177206712,5
2296,9,23,34,14,-10.326274877348238,9
2297,46,11,20,8,-10.3403562689593,3
2298,50,24,65,16,-10.363532140430609,8
2299,75,11,2,7,-10.369833561069749,4
2300,75,12,93,7,-10.370088912225684,5
2301,76,21,70,14,-10.3832919130965,7
2302,17,10,29,7,-10.39598522715346,3
2303,49,17,20,11,-10.413212284497675,6
2304,76,21,46,15,-10.423738421119205,6
2305,86,17,64,11,-10.437285409841268,6
2306,62,18,84,11,-10.437589238500726,7
2307,79,37,26,23,-10.48182801922156,14
2308,79,34,20,23,-10.53719224502861,11
2309,32,12,6,8,-10.5718983874489,4
2310,109,12,86,7,-10.607119538943413,5
2311,11,13,55,9,-10.610000856265389,4
2312,9,73,28,46,-10.611425846236083,27
2313,101,10,65,6,-10.616476001261296,4
2314,104,15,54,10,-10.631063301403966,5
2315,88,37,98,26,-10.63966352804894,11
2316,58,13,38,9,-10.642287291889899,4
2317,109,18,74,11,-10.643610558105994,7
2318,109,16,107,10,-10.668493285549742,6
2319,85,24,16,16,-10.67418689879837,8
2320,41,14,37,9,-10.69447624326301,5
2321,103,50,65,34,-10.69843242130798,16
2322,85,10,91,5,-10.702453755941068,5
2323,6,29,87,19,-10.703931695338108,10
2324,88,16,73,11,-10.709173893318198,5
2325,48,16,50,10,-10.7262925466874,6
2326,66,13,8,9,-10.737460925769152,4
2327,50,16,30,10,-10.768256880101408,6
2328,18,14,23,10,-10.769319649937687,4
2329,23,16,17,11,-10.781653305644483,5
2330,68,11,50,8,-10.798306988405807,3
2331,63,13,37,8,-10.805969524077794,5
2332,41,48,98,30,-10.835326353590224,18
2333,65,30,26,19,-10.898269254189744,11
2334,20,38,26,25,-10.94603615247926,13
2335,2,11,13,8,-10.953261699605443,3
2336,65,16,34,10,-10.953466701825645,6
2337,43,10,30,7,-10.958461383133036,3
2338,56,10,87,7,-10.97544493784176,3
2339,6,14,38,10,-11.005398790381081,4
2340,110,12,98,8,-11.026999619900332,4
2341,103,13,13,8,-11.054952217566056,5
2342,6,25,74,17,-11.078169532223491,8
2343,10,29,84,19,-11.086412944996143,10
2344,17,13,86,9,-11.091372779627203,4
2345,37,19,93,13,-11.13537305772806,6
2346,20,44,107,28,-11.162955052658718,16
2347,46,13,26,8,-11.170213516874066,5
2348,28,10,15,7,-11.176545961741331,3
2349,1,14,93,10,-11.222746146114872,4
2350,50,18,32,11,-11.225096892130631,7
2351,29,21,30,13,-11.231145218657787,8
2352,71,12,98,8,-11.256798740703502,4
2353,103,22,2,16,-11.358008021341288,6
2354,5,15,87,10,-11.401940952769143,5
2355,41,20,17,15,-11.462467383182341,5
2356,70,28,16,20,-11.54427586863591,8
2357,109,22,38,15,-11.561969316834697,7
2358,102,16,65,10,-11.565057266886953,6
2359,91,15,55,11,-11.567443094683266,4
2360,13,18,16,12,-11.568229122492735,6
2361,89,24,28,15,-11.582655434718921,9
2362,18,16,65,11,-11.593628436717696,5
2363,103,26,30,18,-11.594512781464298,8
2364,18,11,91,7,-11.600004781918232,4
2365,15,17,98,11,-11.628891195956705,6
2366,55,18,10,11,-11.634204977110194,7
2367,93,13,73,9,-11.6698926319616,4
2368,86,11,46,8,-11.702567693743317,3
2369,20,13,18,8,-11.715025972179685,5
2370,62,13,70,8,-11.719880801732709,5
2371,26,15,23,10,-11.729655071897735,5
2372,48,15,93,11,-11.743861625157338,4
2373,79,10,15,7,-11.756403792330063,3
2374,107,14,1,9,-11.758251767033554,5
2375,37,11,50,7,-11.791517943036679,4
2376,88,15,46,11,-11.79739038215315,4
2377,103,29,93,19,-11.801085216233043,10
2378,9,11,58,8,-11.82226661915616,3
2379,62,15,23,11,-11.828374088275872,4
2380,37,17,85,13,-11.836833776252561,4
2381,109,14,43,9,-11.866460109925436,5
2382,87,44,26,29,-11.871386146117102,15
2383,1,11,9,7,-11.88637849875501,4
2384,17,13,18,8,-11.905263091036245,5
2385,76,10,93,7,-11.923250604262599,3
2386,65,11,14,8,-11.952914938466222,3
2387,65,22,49,14,-11.960634834980652,8
2388,70,11,29,8,-12.030336124564109,3
2389,30,15,93,10,-12.041707290163442,5
2390,41,38,54,26,-12.0565527080388,12
2391,48,11,104,8,-12.069826525059817,3
2392,6,18,18,12,-12.078104024118801,6
2393,112,11,79,8,-12.089617166544242,3
2394,103,11,58,8,-12.093407699535737,3
2395,109,27,54,18,-12.131563798369134,9
2396,41,20,93,15,-12.152619394683914,5
2397,109,11,10,7,-12.166039484484626,4
2398,54,25,30,17,-12.169108306951893,8
2399,48,20,74,13,-12.23065848011944,7
2400,9,16,63,10,-12.275723948784513,6
2401,41,24,32,15,-12.295470101415006,9
2402,50,17,93,11,-12.303370496346982,6
2403,26,12,93,8,-12.342400061412198,4
2404,97,11,9,7,-12.349501112253755,4
2405,23,18,20,13,-12.419097927334022,5
2406,62,22,93,15,-12.439036445917942,7
2407,84,14,15,10,-12.488568021465507,4
2408,48,16,51,12,-12.491719199285036,4
2409,86,10,13,7,-12.514933779078893,3
2410,84,16,18,11,-12.537157233284487,5
2411,98,41,55,29,-12.606268888418896,12
2412,98,25,32,17,-12.60897292614075,8
2413,9,21,46,13,-12.652533384487015,8
2414,103,33,20,24,-12.666531668869954,9
2415,90,11,73,8,-12.699639901607055,3
2416,71,19,8,12,-12.71376520897311,7
2417,62,23,55,15,-12.723053800596206,8
2418,111,21,73,14,-12.761253099258202,7
2419,86,32,2,23,-12.867270746154679,9
2420,9,37,93,26,-12.871076607744827,11
2421,8,11,3,8,-12.917286316124729,3
2422,43,18,55,12,-13.012921035450152,6
2423,70,15,107,10,-13.053888487638648,5
2424,9,24,30,17,-13.086601208658113,7
2425,109,17,55,12,-13.091080409868953,5
2426,41,30,107,19,-13.154593566297324,11
2427,103,11,43,7,-13.18571482888933,4
2428,17,25,28,18,-13.189393025867652,7
2429,48,11,20,8,-13.215007868614993,3
2430,107,17,32,13,-13.233625998220862,4
2431,89,10,58,7,-13.242354787086834,3
2432,109,24,26,17,-13.281044125686407,7
2433,73,12,89,8,-13.292782754035754,4
2434,62,12,30,8,-13.325811773490164,4
2435,109,22,32,15,-13.338298268264783,7
2436,91,10,112,7,-13.34887289439105,3
2437,73,15,13,10,-13.471561712276635,5
2438,62,27,107,18,-13.491527071908129,9
2439,38,23,74,15,-13.50724395592576,8
2440,37,20,111,13,-13.57504840749371,7
2441,5,12,37,9,-13.593067112324485,3
2442,43,17,26,13,-13.59933768355571,4
2443,20,13,106,8,-13.604914514810028,5
2444,13,17,84,11,-13.614397809771184,6
2445,13,10,37,7,-13.71058873552403,3
2446,73,16,38,10,-13.771113964229546,6
2447,8,12,77,9,-13.772928583045534,3
2448,43,14,93,10,-13.775006273083642,4
2449,51,10,34,7,-13.832212239769484,3
2450,50,11,26,8,-13.83833866908602,3
2451,2,22,55,15,-13.871872112800904,7
2452,109,12,70,9,-13.902253335630233,3
2453,9,20,57,15,-13.952239963411907,5
2454,8,16,110,12,-14.095812927776763,4
2455,38,12,48,9,-14.205802555452095,3
2456,109,12,50,8,-14.261856398454313,4
2457,8,10,60,7,-14.262033464961128,3
2458,44,10,84,7,-14.273373064789189,3
2459,70,12,90,9,-14.290264472561063,3
2460,91,11,46,8,-14.304066831342237,3
2461,66,10,28,6,-14.329185091749263,4
2462,38,26,55,18,-14.425488233223774,8
2463,20,26,29,18,-14.478890408494554,8
2464,50,11,110,8,-14.531978974156036,3
2465,57,22,8,15,-14.533261735789608,7
2466,20,19,62,14,-14.584809923949425,5
2467,13,14,88,8,-14.636848081546901,6
2468,74,16,34,11,-14.640026082092419,5
2469,59,14,65,9,-14.654063925888893,5
2470,93,11,90,7,-14.682520064465665,4
2471,62,11,49,7,-14.691411076024673,4
2472,86,15,63,12,-14.696210944628149,3
2473,6,27,107,19,-14.699447418580075,8
2474,38,25,93,17,-14.706979782976546,8
2475,17,11,93,8,-14.792328082005685,3
2476,41,13,13,9,-14.878152444409187,4
2477,37,15,57,11,-15.067776643574774,4
2478,40,14,84,9,-15.139436492633186,5
2479,107,33,26,26,-15.181646063962567,7
2480,18,11,90,8,-15.206260273523743,3
2481,28,26,26,19,-15.211295764909368,7
2482,6,31,2,22,-15.303923962237263,9
2483,76,16,63,13,-15.315183161564981,3
2484,23,24,10,16,-15.417351314064488,8
2485,88,13,70,10,-15.445871190573264,3
2486,59,10,16,6,-15.561569445873218,4
2487,86,17,70,12,-15.629059032565962,5
2488,107,10,46,8,-15.65139707745225,2
2489,73,12,29,9,-15.669782329836792,3
2490,38,15,17,11,-15.678044683298898,4
2491,79,15,46,10,-15.695062063539162,5
2492,62,31,111,23,-15.780695907166118,8
2493,66,14,6,11,-15.817538028688281,3
2494,76,21,2,15,-15.887194817597921,6
2495,91,12,90,8,-16.09870244517901,4
2496,88,18,90,13,-16.196945416210344,5
2497,65,25,30,19,-16.220777761486307,6
2498,37,14,17,9,-16.224073122382876,5
2499,103,11,59,8,-16.266656443008642,3
2500,103,13,62,9,-16.299156500586875,4
2501,85,13,30,10,-16.38402642563884,3
2502,69,13,26,10,-16.625965123271836,3
2503,41,10,69,7,-16.634275461416582,3
2504,76,13,57,10,-16.71990929044005,3
2505,109,16,73,12,-16.722107664046142,4
2506,109,31,41,26,-16.84086997358483,5
2507,15,12,38,9,-16.880495720481193,3
2508,54,13,26,8,-16.93978716229654,5
2509,70,10,46,7,-17.153485710664995,3
2510,28,14,63,11,-17.317474597955613,3
2511,89,10,37,8,-17.418835616565143,2
2512,91,14,34,10,-17.47588407236358,4
2513,49,19,88,15,-17.53203455274144,4
2514,28,19,57,15,-17.55982008462565,4
2515,110,10,41,9,-17.607251464829996,1
2516,70,16,63,12,-17.68149233309164,4
2517,9,11,64,8,-17.70787325437998,3
2518,87,18,106,15,-17.91538572878877,3
2519,10,15,38,12,-18.015221595889397,3
2520,76,11,90,7,-18.0318690370992,4
2521,16,15,49,11,-18.082960728792447,4
2522,87,12,58,10,-18.33030956600258,2
2523,1,18,10,14,-18.3791692553228,4
2524,7,13,79,10,-18.40480150019194,3
2525,75,15,88,12,-18.46157402080457,3
2526,6,15,109,11,-18.568483421277442,4
2527,38,24,26,18,-18.614524044017738,6
2528,2,13,18,10,-18.666944559681195,3
2529,109,28,28,21,-18.76167991813475,7
2530,88,11,26,8,-18.785991491960512,3
2531,109,16,111,12,-18.82454889767414,4
2532,71,12,62,11,-19.04348733516107,1
2533,29,12,110,10,-19.248543702222975,2
2534,50,14,62,11,-19.293193829496534,3
2535,38,14,43,10,-19.328461951187712,4
2536,109,30,87,23,-19.45596890113393,7
2537,10,19,20,15,-19.474906343573682,4
2538,75,12,55,10,-19.502608543209234,2
2539,23,14,73,11,-19.638485965557127,3
2540,10,13,41,11,-19.737157878272868,2
2541,9,11,5,9,-19.801513832155916,2
2542,103,10,34,9,-19.87880862427678,1
2543,98,12,51,9,-20.0679948728163,3
2544,109,12,110,10,-20.16933250309851,2
2545,10,10,17,8,-20.222695302818984,2
2546,37,11,18,9,-20.496733536799674,2
2547,85,13,87,11,-20.571580164340965,2
2548,71,10,28,9,-20.618030954774138,1
2549,104,10,37,8,-20.681486856575923,2
2550,110,14,74,11,-20.875047711546735,3
2551,70,25,111,19,-21.761941281988644,6
2552,44,11,17,9,-22.072912946241182,2
2553,73,11,107,9,-22.13453383862815,2
2554,46,19,87,15,-22.516958582894237,4
2555,85,11,20,9,-22.58682017719025,2
2556,94,10,84,9,-22.762013140609877,1
2557,10,10,26,8,-22.77202326046866,2
2558,41,13,57,11,-23.156162131875274,2
2559,86,15,103,13,-23.967936503754764,2
2560,10,11,63,9,-24.09658997724639,2
2561,89,11,55,9,-24.169792122479972,2
2562,112,11,74,9,-24.423385588541223,2
2563,85,12,55,10,-25.7836679960551,2
2564,49,11,26,8,-26.831812890773925,3
2565,43,10,91,10,-27.34458455824453,0
2566,65,11,64,9,-27.72714931249874,2
2567,30,10,46,9,-30.066474719572692,1
