,againstHero,games,hero,losses,shift,wins
0,80,10,112,1,29.523617683422906,9
1,90,11,23,1,28.300961743533684,10
2,44,10,37,0,28.253477074224726,10
3,75,17,77,2,26.826580833678786,15
4,19,11,107,0,25.62700990509966,11
5,78,19,112,3,24.293257718319964,16
6,75,16,3,2,24.194103806582213,14
7,73,12,97,3,24.10757303293757,9
8,34,11,97,2,24.058676404388496,9
9,27,22,9,4,24.023674987501078,18
10,27,11,69,2,23.96512545131146,9
11,4,11,8,1,23.177905083651492,10
12,78,11,69,2,22.860180593261035,9
13,91,12,97,2,22.175648770183788,10
14,62,12,31,3,21.79094106777599,9
15,41,15,4,5,21.480590173913868,10
16,25,13,4,2,21.42004260246313,11
17,90,19,51,2,21.39328709298296,17
18,12,10,109,1,21.32950515182345,9
19,2,16,51,4,21.322170492802822,12
20,104,16,91,1,21.319718278752113,15
21,98,10,77,2,21.266559747636286,8
22,7,10,84,2,21.17364400986741,8
23,16,17,77,3,20.89936034383646,14
24,55,11,38,2,20.87506721402826,9
25,30,10,79,2,20.824119521738705,8
26,90,11,68,2,20.787956198015944,9
27,3,11,29,2,20.616564829174436,9
28,49,12,81,3,20.596347227570796,9
29,48,11,35,2,20.438098241934792,9
30,64,10,5,2,20.375787318305825,8
31,49,11,112,2,20.081273718937805,9
32,111,11,75,3,20.02641187481709,8
33,112,10,10,2,19.980952801461246,8
34,100,15,68,4,19.919601065708385,11
35,95,12,32,2,19.760326388824463,10
36,101,10,51,2,19.538804927619935,8
37,31,11,57,3,19.41352124883645,8
38,86,18,58,4,19.310387562039804,14
39,30,19,36,2,19.30529767168729,17
40,99,14,18,3,19.290873438644514,11
41,4,16,54,2,19.2440876038421,14
42,100,10,2,3,19.14350422886928,7
43,92,10,106,2,19.041690772468705,8
44,87,13,112,3,18.936535119389838,10
45,98,13,4,2,18.936498509144613,11
46,2,10,11,2,18.923084797888755,8
47,28,14,72,3,18.867516837427928,11
48,55,11,47,3,18.857554518412744,8
49,100,10,77,2,18.78580739314227,8
50,99,17,28,4,18.754584808369174,13
51,50,15,68,4,18.68712791744929,11
52,106,15,31,4,18.52908676481624,11
53,65,14,33,3,18.51276218041885,11
54,5,10,18,2,18.464269170029823,8
55,109,10,103,3,18.37872283171988,7
56,51,14,10,3,18.10396467420879,11
57,90,28,28,6,18.060877876686437,22
58,55,18,33,4,17.969879843551904,14
59,95,21,68,3,17.962668451083438,18
60,55,16,43,2,17.887669395914717,14
61,111,11,114,3,17.846918134233796,8
62,32,17,88,4,17.82459413467382,13
63,69,10,8,2,17.824588271872045,8
64,30,18,5,3,17.81053305502534,15
65,100,28,65,5,17.80898130408499,23
66,44,12,55,3,17.77184716319356,9
67,30,14,69,4,17.765258614983445,10
68,39,13,85,4,17.73138579710301,9
69,5,11,3,4,17.694163901939547,7
70,34,12,57,3,17.642040510861822,9
71,110,11,83,2,17.575104905290946,9
72,112,23,68,6,17.50484448792458,17
73,23,14,18,4,17.468338798211544,10
74,55,11,19,3,17.435802328445057,8
75,45,10,43,3,17.339723268429022,7
76,45,10,39,3,17.32115834390289,7
77,35,10,106,3,17.319051156851785,7
78,63,12,35,3,17.190706154289504,9
79,27,22,5,6,17.18696709990766,16
80,49,14,69,4,17.144708838601282,10
81,41,11,84,3,17.126277871141774,8
82,60,12,20,3,17.12579419517071,9
83,80,17,13,5,17.063751983939074,12
84,104,13,79,4,17.056081750892357,9
85,19,11,54,4,17.04448096462319,7
86,34,12,87,3,16.987810368259346,9
87,77,16,50,3,16.97319460562341,13
88,38,10,31,4,16.97274158238424,6
89,47,13,112,4,16.87246054147755,9
90,38,14,97,3,16.838290194315167,11
91,95,14,30,4,16.836817117204568,10
92,1,10,76,3,16.815372977495876,7
93,95,15,71,5,16.72675418994599,10
94,30,12,41,4,16.67014747818193,8
95,101,10,36,2,16.6279467044195,8
96,20,10,29,3,16.50938950913484,7
97,80,17,88,5,16.47753804603461,12
98,14,15,55,3,16.464885141480416,12
99,78,22,51,7,16.432560974011682,15
100,11,25,25,5,16.429746187224733,20
101,61,16,7,5,16.42696802044795,11
102,88,19,29,5,16.32863392758839,14
103,43,13,91,3,16.255864059996064,10
104,53,21,69,6,16.247322250303586,15
105,65,18,58,5,16.230092308358206,13
106,30,12,11,3,16.16112498926937,9
107,23,12,83,3,16.123810814063006,9
108,41,18,5,6,16.05037708250146,12
109,14,13,63,4,15.961958621197992,9
110,41,26,9,7,15.923207095513272,19
111,80,13,70,2,15.901333417895936,11
112,53,30,9,8,15.894615033798411,22
113,34,18,8,5,15.876296726362224,13
114,76,11,91,2,15.872477419459232,9
115,41,15,12,4,15.852631956602023,11
116,99,18,39,4,15.84878961626863,14
117,60,10,2,3,15.842056772053983,7
118,16,45,31,12,15.837412153743443,33
119,87,12,35,4,15.830624546248833,8
120,48,10,70,3,15.796496446665468,7
121,8,16,77,4,15.792942369486319,12
122,75,12,12,4,15.785867542761377,8
123,15,10,37,2,15.78269510258246,8
124,75,10,35,2,15.755761764469415,8
125,7,20,57,7,15.746440629237663,13
126,93,16,96,4,15.733194627661211,12
127,37,14,77,4,15.73169378416834,10
128,16,23,94,6,15.724833818203335,17
129,80,12,35,3,15.72406211872363,9
130,75,13,80,3,15.718052052365534,10
131,8,13,1,3,15.702434313684373,10
132,34,12,51,3,15.6894891289244,9
133,30,10,94,3,15.665277818052123,7
134,87,10,38,3,15.648595936017909,7
135,90,13,97,4,15.621888085765939,9
136,106,11,85,3,15.60573196351404,8
137,4,14,45,4,15.600891470448106,10
138,23,20,5,5,15.563915929412016,15
139,104,12,31,4,15.561592201078605,8
140,25,11,14,2,15.536643242754739,9
141,89,10,106,4,15.508251121091039,6
142,104,18,2,6,15.503443707499333,12
143,69,15,31,5,15.502962092044205,10
144,100,13,60,3,15.468043250681323,10
145,73,25,107,8,15.460672720698525,17
146,49,14,25,4,15.43786379260084,10
147,11,10,71,3,15.386871545741162,7
148,98,12,46,4,15.381140721878971,8
149,18,13,37,3,15.368965567811566,10
150,107,18,99,5,15.347683777553831,13
151,20,18,112,4,15.347636279185814,14
152,60,17,112,4,15.25292996044572,13
153,61,15,68,4,15.24709195978541,11
154,41,17,71,4,15.16238863659133,13
155,48,12,9,3,15.097519161061681,9
156,63,17,3,3,15.071396371833838,14
157,81,17,94,6,15.053941840602283,11
158,25,18,99,5,15.014737107768298,13
159,45,10,75,2,15.003649946946844,8
160,38,11,57,4,15.001479354971178,7
161,95,21,17,5,14.970865650802967,16
162,9,16,104,5,14.915937256999364,11
163,55,10,112,2,14.907032679929213,8
164,8,10,108,2,14.883275708091887,8
165,69,12,57,3,14.86920981303713,9
166,30,17,91,4,14.854653528597783,13
167,55,11,85,3,14.836765173492136,8
168,18,13,1,3,14.814066225099424,10
169,57,10,2,3,14.75670329182861,7
170,114,26,109,6,14.744077219906968,20
171,32,14,106,3,14.741977351969275,11
172,100,10,31,3,14.730848989291463,7
173,114,19,83,5,14.712530964906872,14
174,28,18,112,5,14.687264657306779,13
175,78,14,8,3,14.668119505967436,11
176,14,11,97,2,14.634263785488013,9
177,30,10,102,3,14.616177341977675,7
178,27,12,12,3,14.588940972449642,9
179,50,12,99,4,14.581629542155014,8
180,73,12,37,4,14.533349572792922,8
181,13,12,2,4,14.516038794033767,8
182,45,18,51,5,14.493324057948724,13
183,34,12,25,3,14.468789684868277,9
184,73,10,2,3,14.457830254043136,7
185,44,12,5,3,14.447481002517355,9
186,80,11,14,4,14.435345395194508,7
187,40,10,83,2,14.347262135245902,8
188,7,27,77,8,14.33556677589385,19
189,80,18,50,4,14.309192739594003,14
190,46,11,102,3,14.30749471315205,8
191,34,12,37,3,14.30057126443514,9
192,74,21,60,7,14.268042080973931,14
193,30,15,77,4,14.240898393688356,11
194,91,28,60,9,14.219487017087326,19
195,63,11,66,3,14.209916362631539,8
196,41,11,80,3,14.18671629223256,8
197,51,23,81,8,14.18139248312247,15
198,40,29,77,8,14.048771071022596,21
199,30,12,43,3,14.040170128250274,9
200,40,24,71,7,13.948125771645659,17
201,75,19,69,5,13.942304484906579,14
202,100,10,40,3,13.927928921941099,7
203,54,17,76,5,13.892444764564262,12
204,53,19,50,6,13.883151416746285,13
205,30,23,13,8,13.875626061777945,15
206,11,13,83,3,13.863860744018647,10
207,10,12,28,3,13.863096669360585,9
208,86,19,52,5,13.851910838120485,14
209,71,14,112,4,13.807689689966653,10
210,98,17,31,6,13.805084918983171,11
211,97,11,112,2,13.794615799527321,9
212,63,14,33,4,13.733555706081617,10
213,63,25,31,7,13.714594813504092,18
214,104,14,44,4,13.703910249073422,10
215,92,16,86,5,13.67676060817369,11
216,93,12,46,3,13.65474091099076,9
217,75,34,54,11,13.622914667233593,23
218,26,23,86,6,13.54200453358962,17
219,64,18,104,5,13.54129056151704,13
220,27,26,60,6,13.540065663312776,20
221,104,20,71,7,13.539738470235218,13
222,37,10,10,4,13.538762623915124,6
223,74,11,103,3,13.53565105452587,8
224,104,15,38,5,13.530669032796665,10
225,7,11,66,4,13.514093541012448,7
226,78,10,1,3,13.511302040012387,7
227,34,10,70,3,13.500624883981928,7
228,108,14,39,5,13.481039273987522,9
229,93,10,90,3,13.452391800759148,7
230,102,17,55,5,13.448934349992445,12
231,36,15,35,4,13.440272285829963,11
232,25,12,32,5,13.427877456338663,7
233,75,15,53,5,13.423496737137006,10
234,74,18,62,5,13.411803700884374,13
235,86,16,103,5,13.404186851009108,11
236,104,12,35,4,13.369677424437178,8
237,55,11,32,4,13.36363963009391,7
238,16,18,83,5,13.351235477213141,13
239,18,12,46,3,13.322032493347338,9
240,50,17,46,6,13.310329365776974,11
241,64,19,106,6,13.295192075566398,13
242,7,12,99,4,13.274517260788409,8
243,102,31,5,10,13.269431869962297,21
244,95,23,11,6,13.26328800508424,17
245,58,17,69,6,13.25426189611172,11
246,11,39,96,12,13.25258237771624,27
247,95,36,88,11,13.24512473637818,25
248,8,16,41,4,13.244566662838952,12
249,102,11,17,3,13.231752901126407,8
250,36,18,54,6,13.217744798273172,12
251,41,13,28,4,13.19117071449606,9
252,79,14,87,3,13.17533484699995,11
253,11,22,70,6,13.174919150937761,16
254,97,12,35,3,13.159538935863281,9
255,43,10,46,3,13.153505239922268,7
256,95,28,37,7,13.149042342745604,21
257,53,15,77,5,13.125923769197524,10
258,83,10,70,4,13.118339150755117,6
259,104,38,46,12,13.083570903140268,26
260,15,17,9,6,13.0743651466811,11
261,6,11,9,4,13.029614696230583,7
262,27,12,114,4,13.009570993376595,8
263,13,72,31,23,12.993302649386727,49
264,23,16,17,5,12.920452187354222,11
265,98,12,75,4,12.900340980932176,8
266,2,21,65,5,12.890027578518202,16
267,16,28,69,9,12.886719752127538,19
268,23,14,45,4,12.875487654765548,10
269,27,19,109,7,12.854514856980066,12
270,87,17,81,7,12.844251489474974,10
271,108,10,9,4,12.825707088631287,6
272,49,20,104,6,12.812277987885736,14
273,3,10,57,3,12.811476309279985,7
274,104,20,27,5,12.796343894614777,15
275,78,13,16,4,12.768292027137429,9
276,54,12,81,4,12.757047966098476,8
277,95,10,36,3,12.746346244298937,7
278,33,14,106,4,12.736963404825662,10
279,46,24,106,9,12.725492516069492,15
280,80,16,51,5,12.713909479894406,11
281,111,16,88,4,12.710530076381987,12
282,30,11,52,3,12.667026316194523,8
283,48,14,5,4,12.657719903594751,10
284,108,24,70,7,12.6471886080542,17
285,20,13,3,4,12.6087588757485,9
286,20,19,9,6,12.586361422949272,13
287,64,24,112,6,12.576658543796354,18
288,80,34,63,10,12.572385685987726,24
289,57,27,5,8,12.572003913811171,19
290,54,14,58,5,12.535089602873327,9
291,75,27,5,10,12.535083552437033,17
292,80,10,49,4,12.50914199523895,6
293,111,14,51,4,12.456032818979448,10
294,36,17,50,7,12.423703215189779,10
295,43,16,53,4,12.41343484704957,12
296,37,10,112,3,12.392005916673293,7
297,76,11,94,3,12.387810233208155,8
298,98,11,29,3,12.372640461667329,8
299,67,12,97,3,12.35346782744064,9
300,87,13,33,4,12.350753088118475,9
301,78,10,20,3,12.337947782230119,7
302,65,13,57,4,12.331834608042938,9
303,28,10,108,4,12.299856976610261,6
304,87,27,114,10,12.28642258906464,17
305,32,10,39,3,12.25900875776762,7
306,91,23,39,7,12.232573714352018,16
307,48,27,54,9,12.230401373927076,18
308,43,14,9,5,12.224469441855378,9
309,78,11,106,3,12.210243252742755,8
310,7,18,76,7,12.19661731578168,11
311,109,17,39,4,12.189314131019263,13
312,77,23,51,8,12.161499329151763,15
313,2,22,70,8,12.153236389251056,14
314,92,12,63,5,12.136993324985582,7
315,15,13,55,3,12.101702748474299,10
316,34,14,20,4,12.080633416209027,10
317,34,21,28,6,12.064560123194633,15
318,98,28,96,9,12.0522531035848,19
319,1,12,104,4,12.020108292717422,8
320,50,11,72,3,11.966306538639385,8
321,104,17,84,6,11.954953482800976,11
322,27,12,35,4,11.953831865399296,8
323,53,10,54,3,11.951994898142782,7
324,95,27,18,9,11.951490678023532,18
325,62,18,63,6,11.898616241132697,12
326,90,18,104,6,11.89837391797068,12
327,78,10,47,4,11.843066191666676,6
328,74,34,28,11,11.834419909257846,23
329,74,10,64,4,11.828764368523546,6
330,83,10,17,4,11.812775268760372,6
331,53,10,91,3,11.811611902058761,7
332,8,21,40,6,11.791921402372775,15
333,44,10,54,3,11.791894285038754,7
334,91,12,65,4,11.784658313781675,8
335,55,37,1,11,11.76903355576794,26
336,16,11,67,3,11.761532223804268,8
337,15,17,51,6,11.740493233850566,11
338,15,12,53,4,11.70980845034874,8
339,7,20,19,5,11.707331952559509,15
340,91,13,96,4,11.692854193124042,9
341,30,30,39,10,11.676641348162722,20
342,98,26,87,8,11.644897694141665,18
343,55,11,103,3,11.639657223031874,8
344,7,14,10,5,11.631959119868696,9
345,11,26,84,8,11.59938792716206,18
346,15,21,18,6,11.590119158022436,15
347,90,15,39,5,11.57797650142359,10
348,33,15,50,5,11.568332857311571,10
349,36,16,104,6,11.564722196156039,10
350,111,10,71,3,11.563837134119533,7
351,74,15,76,6,11.544600382799558,9
352,69,10,91,4,11.501202941557144,6
353,53,19,17,6,11.472645683923517,13
354,47,14,81,4,11.445134927289029,10
355,86,19,72,6,11.423615729846855,13
356,114,39,106,13,11.417874917507987,26
357,29,10,95,3,11.401888238693152,7
358,76,23,35,8,11.396918545348738,15
359,4,11,38,3,11.395009854616484,8
360,13,67,88,22,11.391224602207457,45
361,85,10,13,3,11.334330359029437,7
362,64,12,20,3,11.33130846260478,9
363,69,12,18,4,11.324568934723304,8
364,47,23,60,7,11.313305625779169,16
365,63,46,28,14,11.30701920844641,32
366,80,10,79,4,11.30670069299901,6
367,30,15,70,6,11.30291408800561,9
368,7,25,96,7,11.300422106484014,18
369,80,10,5,3,11.295210617596885,7
370,2,14,55,5,11.276816159574059,9
371,75,52,7,17,11.274663385996204,35
372,65,23,29,9,11.272698873119092,14
373,90,12,48,4,11.252381363492233,8
374,87,29,70,11,11.250414739740135,18
375,107,16,83,5,11.249585120390279,11
376,40,13,81,4,11.249205674756393,9
377,95,28,51,8,11.244919045567018,20
378,75,17,109,5,11.242273446455997,12
379,46,20,96,8,11.223825219116966,12
380,73,13,51,4,11.219804453521853,9
381,98,18,106,6,11.217270403208776,12
382,100,12,46,4,11.210309669403356,8
383,89,11,1,4,11.209011069389932,7
384,114,45,65,16,11.207925536927627,29
385,6,12,61,4,11.200388242698187,8
386,91,10,109,3,11.192740070217315,7
387,58,15,13,4,11.187681570256991,11
388,43,16,4,6,11.162760468553993,10
389,100,20,87,8,11.113455718095162,12
390,74,13,32,4,11.101664191982366,9
391,58,16,68,5,11.098600977228575,11
392,78,13,80,4,11.097915766170063,9
393,75,13,29,5,11.096282078020437,8
394,12,18,107,5,11.095629908733306,13
395,17,12,78,4,11.090068157424293,8
396,99,11,11,4,11.04788337752713,7
397,32,12,114,4,11.045874107216177,8
398,98,11,88,3,11.027639102171307,8
399,45,12,68,4,11.024019728389067,8
400,53,41,88,13,11.023031682203495,28
401,41,14,92,5,11.016394202336144,9
402,98,10,68,3,11.014423279510455,7
403,15,13,71,4,11.00914391321026,9
404,56,13,107,5,11.000292497508868,8
405,75,18,43,5,10.989434810711296,13
406,50,37,88,13,10.986958086725295,24
407,62,10,57,3,10.976941614842483,7
408,9,15,47,5,10.968614103246173,10
409,89,10,13,4,10.939542022741618,6
410,27,14,64,4,10.925557497140753,10
411,78,10,31,4,10.912809716780329,6
412,73,17,5,6,10.907383059794872,11
413,102,10,35,4,10.903207987031468,6
414,63,41,88,12,10.89220871689106,29
415,111,21,41,8,10.875724405637953,13
416,71,16,77,5,10.872072685026803,11
417,37,46,54,15,10.870093974692763,31
418,27,30,65,10,10.85658782517334,20
419,15,28,39,8,10.848484454141273,20
420,109,34,8,13,10.819891467814772,21
421,106,17,81,7,10.816681182916202,10
422,104,27,77,9,10.795670361212093,18
423,55,25,91,7,10.791612827626562,18
424,47,11,15,4,10.775485769989336,7
425,59,11,7,3,10.771239818059199,8
426,27,27,31,11,10.758919665279384,16
427,47,15,18,4,10.753380069409127,11
428,23,20,39,7,10.742827162036496,13
429,37,15,60,6,10.721994289598655,9
430,54,11,111,3,10.714143810197228,8
431,114,13,81,5,10.713660949239014,8
432,43,13,36,5,10.713552025008548,8
433,51,25,74,7,10.704030149650722,18
434,40,23,17,7,10.673939896309559,16
435,5,25,98,9,10.66291868554062,16
436,30,20,64,7,10.642272986004784,13
437,51,19,110,6,10.641404239934534,13
438,87,31,9,12,10.627973222796337,19
439,98,18,71,6,10.627953776602759,12
440,16,12,101,4,10.622717697482882,8
441,87,14,19,5,10.62093475817673,9
442,70,21,57,9,10.620608742132898,12
443,7,31,91,9,10.609100286101588,22
444,75,15,38,4,10.597530026810052,11
445,69,18,28,7,10.575983527327304,11
446,95,15,9,6,10.569002592922953,9
447,71,19,54,7,10.563773271372229,12
448,86,16,56,5,10.543126647721753,11
449,71,19,97,6,10.5235339621969,13
450,27,27,36,10,10.523349599331352,17
451,89,14,37,6,10.519274673853001,8
452,57,10,43,2,10.510535240006794,8
453,114,12,12,5,10.50495457801322,7
454,50,37,20,12,10.501577095705528,25
455,63,18,69,5,10.495670691796661,13
456,75,14,102,4,10.47886729381523,10
457,75,35,8,11,10.477015226263449,24
458,23,12,77,4,10.472073733658851,8
459,6,10,31,4,10.459894630543896,6
460,100,14,112,5,10.456632827685274,9
461,49,10,62,3,10.4539945527009,7
462,34,11,60,3,10.444545857082172,8
463,44,16,39,6,10.434810009571377,10
464,53,20,108,8,10.431511884012187,12
465,95,19,114,7,10.422604339796184,12
466,110,11,7,5,10.422576579231729,6
467,100,23,54,8,10.42177381868298,15
468,28,10,12,3,10.401916137932792,7
469,100,10,57,4,10.386884791301807,6
470,106,16,93,6,10.37915501513517,10
471,60,26,69,11,10.376677418840426,15
472,49,21,60,7,10.36875684851125,14
473,3,11,18,3,10.36192093091692,8
474,104,13,81,6,10.361322759461329,7
475,94,10,7,3,10.355621654064773,7
476,1,17,63,7,10.344681903521664,10
477,37,13,1,5,10.342164269053148,8
478,7,14,81,6,10.32158298772756,8
479,57,18,63,7,10.314939985261887,11
480,107,29,31,13,10.30345756995746,16
481,15,13,3,5,10.297068162756684,8
482,40,13,78,3,10.282455211399137,10
483,38,12,54,4,10.280232127604943,8
484,71,10,84,3,10.279461085413814,7
485,34,12,104,4,10.27427919250402,8
486,85,15,50,5,10.26203922127155,10
487,77,12,99,3,10.252199704478638,9
488,67,16,106,6,10.252161434234207,10
489,7,43,25,14,10.249875265637385,29
490,54,16,43,6,10.23290427669035,10
491,30,17,31,7,10.214096274935343,10
492,25,24,68,8,10.211790433098953,16
493,11,36,37,12,10.20717474941383,24
494,48,24,96,8,10.200121519345739,16
495,98,15,2,6,10.198603389321667,9
496,71,13,33,4,10.195530501937561,9
497,97,41,37,14,10.190687502541845,27
498,89,13,104,5,10.17868688184359,8
499,64,24,9,7,10.178655144521006,17
500,58,13,39,4,10.147489402696785,9
501,96,11,23,4,10.143008283174426,7
502,53,37,31,14,10.136338371296793,23
503,92,10,109,3,10.132066653367776,7
504,46,14,70,5,10.128652016947743,9
505,8,20,15,8,10.121581558030638,12
506,8,10,35,3,10.118762046100299,7
507,50,20,102,8,10.118106239071224,12
508,53,36,36,11,10.114732824687987,25
509,39,28,43,11,10.108201581404133,17
510,18,24,8,7,10.103008591242306,17
511,89,11,74,4,10.093150392265771,7
512,79,12,106,4,10.079963228120917,8
513,13,23,83,8,10.067954696106945,15
514,110,10,28,4,10.06674072061994,6
515,91,11,71,4,10.058832289642849,7
516,44,10,38,3,10.048373138060269,7
517,70,12,29,5,10.037060199943541,7
518,110,13,107,4,10.03472132274693,9
519,11,14,18,5,10.031989827572826,9
520,16,43,18,14,10.022908903594146,29
521,60,15,29,6,10.014518053593553,9
522,75,12,57,4,10.001839571130395,8
523,95,25,65,9,9.987438820754939,16
524,34,11,48,4,9.987399142382838,7
525,107,13,10,5,9.987353405179212,8
526,87,13,52,5,9.984852518055051,8
527,73,18,88,6,9.974203425238965,12
528,38,10,17,4,9.957251396991316,6
529,95,10,2,3,9.920312629990502,7
530,25,14,3,5,9.907996037168818,9
531,91,20,20,8,9.89818094044061,12
532,27,13,30,5,9.89635566134904,8
533,18,39,39,13,9.885046818102031,26
534,2,17,54,5,9.883928701627934,12
535,17,15,71,6,9.874078720771614,9
536,63,34,91,11,9.863803572303501,23
537,76,12,18,4,9.847622493503502,8
538,30,16,63,6,9.842696842263113,10
539,86,26,79,9,9.841357831333449,17
540,53,10,98,4,9.839111782848335,6
541,54,13,57,3,9.824315369895016,10
542,104,25,75,9,9.822163907084754,16
543,48,27,107,10,9.812988008703408,17
544,102,17,51,6,9.81128950469166,11
545,62,10,93,4,9.798162399200404,6
546,37,24,83,9,9.783726366978417,15
547,100,12,62,5,9.768885934940618,7
548,89,13,16,5,9.733195931265595,8
549,16,16,32,6,9.72172092201369,10
550,43,19,31,10,9.720852773553682,9
551,102,33,86,11,9.70383463978044,22
552,17,17,109,6,9.672922776879656,11
553,53,12,38,4,9.664145468055217,8
554,35,14,45,6,9.663816215290334,8
555,100,12,71,4,9.66068752031631,8
556,111,16,63,6,9.656549842780759,10
557,41,15,17,5,9.654478177971624,10
558,22,10,114,5,9.649313306364819,5
559,100,37,51,16,9.63867209278027,21
560,93,10,104,4,9.637966581885273,6
561,41,23,53,8,9.631953807885303,15
562,70,17,109,6,9.623350653501726,11
563,76,16,9,5,9.621504571842449,11
564,99,14,8,6,9.61106559286031,8
565,83,18,84,7,9.609473734372159,11
566,43,25,86,8,9.598085131900419,17
567,8,13,53,4,9.596286006275326,9
568,84,15,78,5,9.591697472496204,10
569,80,14,39,5,9.589468521855673,9
570,15,31,88,9,9.582914300229938,22
571,73,20,7,8,9.582485903794176,12
572,20,32,84,9,9.5796272692917,23
573,64,44,60,14,9.569439655645416,30
574,13,24,97,9,9.567486234498416,15
575,92,15,68,5,9.538113226799515,10
576,106,13,108,4,9.535201707134298,9
577,1,22,31,9,9.525804060927038,13
578,20,32,25,11,9.520523686179052,21
579,8,17,36,6,9.51236026695053,11
580,90,14,80,4,9.509239360264802,10
581,114,13,2,5,9.509158562417847,8
582,90,21,13,7,9.506733485788097,14
583,37,22,99,7,9.502759058160713,15
584,37,29,7,11,9.500511382222342,18
585,102,13,60,5,9.490462801517765,8
586,107,17,66,6,9.469730190602778,11
587,112,10,29,4,9.468799644939955,6
588,97,23,51,7,9.463450569827408,16
589,16,47,96,14,9.46295382882651,33
590,76,28,68,7,9.459920139276978,21
591,86,14,94,5,9.44487953345369,9
592,32,11,63,4,9.44232166344675,7
593,78,12,53,5,9.436495389192622,7
594,64,14,92,7,9.432471863302014,7
595,80,31,107,10,9.425810020032932,21
596,38,11,112,3,9.41394016209822,8
597,65,35,93,14,9.411885467293352,21
598,108,14,60,5,9.40273406812832,9
599,63,25,109,10,9.392892060380623,15
600,109,11,36,3,9.390936468630548,8
601,76,17,39,5,9.374915521858481,12
602,28,15,111,5,9.365771514395545,10
603,23,12,50,3,9.354699302165745,9
604,98,10,48,3,9.346073134818257,7
605,28,29,2,10,9.34282167881126,19
606,109,10,29,5,9.339951738191694,5
607,60,16,58,6,9.319426070200468,10
608,50,17,70,7,9.316243790355681,10
609,86,15,67,6,9.30654184494345,9
610,63,19,77,6,9.291814452323939,13
611,75,13,93,5,9.279825087560205,8
612,100,10,102,3,9.252164791252763,7
613,65,13,66,4,9.24629898792323,9
614,15,10,76,4,9.241288842836553,6
615,2,31,107,11,9.235597195463594,20
616,70,16,69,5,9.227346228401574,11
617,64,15,37,5,9.227089681457187,10
618,64,11,81,4,9.217681779438383,7
619,27,15,4,6,9.214915067697104,9
620,19,10,31,3,9.206206241182457,7
621,2,12,40,4,9.204153353273352,8
622,73,17,40,6,9.199997222971483,11
623,41,39,86,13,9.172157333193887,26
624,41,15,49,6,9.171912615870818,9
625,40,15,102,6,9.171373555966685,9
626,92,15,40,5,9.168940871834318,10
627,16,63,106,21,9.160803291418002,42
628,78,18,107,6,9.158524152991713,12
629,50,43,5,17,9.156049369840707,26
630,13,42,18,16,9.15021879704067,26
631,62,12,69,5,9.133574808880727,7
632,57,32,107,12,9.121513278200574,20
633,104,18,17,7,9.118260519592532,11
634,92,11,17,4,9.114563540800457,7
635,109,15,31,5,9.11388757240418,10
636,95,34,8,13,9.079209474058969,21
637,11,19,57,8,9.07906529920014,11
638,44,29,86,10,9.073857704921485,19
639,28,34,75,12,9.068390514566694,22
640,13,19,98,6,9.066193026352275,13
641,58,10,112,4,9.041979275484929,6
642,72,11,68,4,9.034468080260366,7
643,75,18,100,8,9.024866169547831,10
644,48,23,87,8,9.021568034700334,15
645,5,15,36,6,9.008614310253613,9
646,114,15,57,5,9.000054094310599,10
647,16,25,1,7,9.00003911994724,18
648,17,17,60,6,8.995312545980157,11
649,84,16,3,7,8.990478608347889,9
650,28,15,52,6,8.975367013246691,9
651,97,18,36,7,8.970668153566264,11
652,47,20,114,8,8.969382880850322,12
653,28,11,32,4,8.963821007682872,7
654,11,13,80,5,8.941133144462878,8
655,28,25,68,8,8.940487090707837,17
656,73,12,31,4,8.938919570135752,8
657,30,38,107,14,8.938338387407445,24
658,11,10,91,3,8.923724837318142,7
659,110,19,25,6,8.917701672558222,13
660,89,15,107,5,8.908975430626485,10
661,7,20,109,7,8.9080321410632,13
662,69,12,97,4,8.888377862411462,8
663,28,16,40,7,8.877350715587877,9
664,23,16,12,6,8.872217683410865,10
665,53,17,3,6,8.84518913908164,11
666,32,15,87,5,8.84415502943487,10
667,49,13,77,4,8.842593838828115,9
668,63,19,36,7,8.822881427312195,12
669,63,28,76,9,8.821395394022662,19
670,36,18,47,6,8.810892372607714,12
671,106,10,42,3,8.802546839644418,7
672,109,12,77,5,8.789144881364965,7
673,106,23,18,8,8.778191080978742,15
674,84,29,39,11,8.776044272286493,18
675,39,36,88,13,8.756638990991734,23
676,38,14,106,7,8.74501943352997,7
677,104,23,11,8,8.742484307216115,15
678,4,22,17,7,8.727735068009611,15
679,8,26,57,9,8.727187925997562,17
680,58,10,45,4,8.721721801464442,6
681,63,15,102,6,8.710165699989911,9
682,63,35,20,14,8.705248065274409,21
683,30,10,2,4,8.704387763563812,6
684,110,14,39,4,8.694421097429624,10
685,107,25,35,8,8.683347995006125,17
686,76,15,60,4,8.678706996102921,11
687,77,16,88,6,8.678317130754186,10
688,9,31,31,11,8.678153869820548,20
689,41,19,97,7,8.638943706099205,12
690,76,12,57,4,8.631010009083717,8
691,23,34,60,12,8.608807282411219,22
692,47,33,13,12,8.605595364799182,21
693,90,22,50,8,8.598522697494,14
694,40,15,49,6,8.588514005098899,9
695,95,23,55,8,8.575006509864881,15
696,78,19,7,8,8.565348954184037,11
697,78,11,36,4,8.552435160203329,7
698,114,13,62,5,8.54955618000272,8
699,18,12,20,4,8.532272478061662,8
700,12,13,106,4,8.530975907772834,9
701,86,28,48,10,8.527783865058886,18
702,30,15,84,5,8.524592987987479,10
703,62,23,88,9,8.512625127129992,14
704,91,10,45,4,8.504304930616431,6
705,20,20,41,8,8.499902151857665,12
706,64,28,40,10,8.496071624321134,18
707,75,16,1,5,8.487454866261048,11
708,74,14,77,5,8.485489523270209,9
709,75,56,68,19,8.48370722934506,37
710,95,14,96,5,8.45037398259218,9
711,8,32,114,11,8.446067232393613,21
712,52,12,20,4,8.437421503459811,8
713,96,24,70,11,8.437417991026262,13
714,55,20,114,7,8.432483182241098,13
715,73,19,90,7,8.424101991862472,12
716,48,21,79,8,8.423308200700252,13
717,19,14,13,5,8.420495547605444,9
718,64,20,8,7,8.418575329228204,13
719,68,24,91,10,8.412577437061728,14
720,109,14,67,7,8.410228891959628,7
721,67,10,104,4,8.393331116483226,6
722,45,21,107,8,8.374668953212842,13
723,11,11,9,4,8.359525570926444,7
724,57,10,109,4,8.357793842250308,6
725,7,22,5,8,8.357081514884824,14
726,41,32,31,12,8.353957395244583,20
727,39,20,112,8,8.345179878987272,12
728,76,39,51,13,8.339242903099507,26
729,102,17,88,5,8.307899790454732,12
730,53,29,30,11,8.306098230837586,18
731,63,12,85,5,8.296401774903982,7
732,80,19,37,7,8.285055505298251,12
733,90,31,106,10,8.283845461248372,21
734,41,18,91,6,8.276671952774393,12
735,75,12,76,5,8.269580351796622,7
736,50,34,55,14,8.268886532039616,20
737,37,12,14,5,8.266467835075433,7
738,39,24,38,9,8.25451704052885,15
739,94,10,2,4,8.235738884159371,6
740,69,21,106,8,8.230262561693124,13
741,102,10,39,4,8.224547128845817,6
742,41,28,104,12,8.222150207467429,16
743,86,26,1,10,8.213403239086288,16
744,40,24,3,8,8.21009163331203,16
745,87,24,93,9,8.20135369004028,15
746,11,24,109,8,8.196422948591085,16
747,74,25,39,10,8.195535087876927,15
748,51,48,63,20,8.189686334820157,28
749,104,35,60,10,8.183651908443375,25
750,50,18,30,7,8.173377893689405,11
751,68,11,33,4,8.166895131198165,7
752,50,28,71,11,8.165371088482388,17
753,86,38,76,14,8.159754461381874,24
754,16,65,63,25,8.14697641925856,40
755,4,10,112,4,8.145974306589784,6
756,26,10,107,4,8.136960920766814,6
757,100,19,88,7,8.116464062015535,12
758,28,19,62,7,8.102294192905244,12
759,45,31,7,12,8.099756768827417,19
760,30,16,46,6,8.09849810603762,10
761,64,32,51,12,8.098231531874424,20
762,60,30,50,13,8.087484578525554,17
763,49,13,27,5,8.087391629783898,8
764,18,26,9,9,8.08412594161126,17
765,8,61,5,24,8.080732178020162,37
766,110,16,97,6,8.077466293642946,10
767,16,18,14,7,8.06483217295593,11
768,53,13,46,5,8.064750592390656,8
769,51,15,91,5,8.060157448942936,10
770,9,11,12,4,8.058955245687951,7
771,86,87,51,36,8.04854278255993,51
772,37,16,27,6,8.030406858059436,10
773,108,26,13,9,8.028546837864388,17
774,75,41,50,14,8.02466935745211,27
775,35,11,9,5,8.012816785902409,6
776,48,12,25,5,8.01244102921806,7
777,16,30,43,10,8.009469483283386,20
778,102,19,96,7,7.9956311609664965,12
779,13,16,70,6,7.990308468406848,10
780,5,28,84,11,7.986435375626319,17
781,12,12,4,4,7.976222296376225,8
782,81,30,13,11,7.974436586188656,19
783,65,25,5,10,7.967561696591304,15
784,63,44,84,18,7.9567498808400074,26
785,89,12,53,5,7.9499730264780055,7
786,73,17,87,5,7.942207150258419,12
787,27,13,77,5,7.939137496569419,8
788,18,10,34,3,7.934073113605032,7
789,77,12,64,6,7.9282827223690555,6
790,33,16,20,6,7.928062438364485,10
791,54,22,18,9,7.917650548154775,13
792,88,10,82,4,7.912578083642496,6
793,57,20,102,8,7.906650367160248,12
794,71,13,38,4,7.906029048659733,9
795,76,11,108,4,7.890267325318871,7
796,60,24,81,9,7.879588509675568,15
797,55,17,23,8,7.871570609888838,9
798,114,25,90,10,7.8701656835045455,15
799,44,12,35,5,7.859665557157517,7
800,106,26,91,9,7.859341034872018,17
801,53,19,109,7,7.841205358929896,12
802,7,11,2,4,7.836909370766421,7
803,63,57,54,21,7.834983225160246,36
804,8,17,98,6,7.8322640771965775,11
805,25,46,46,19,7.8204011950255445,27
806,75,21,49,8,7.802050873504809,13
807,114,12,110,4,7.80031681097971,8
808,50,15,48,5,7.798532000224024,10
809,68,28,18,11,7.775566947501909,17
810,92,14,114,4,7.774797164908212,10
811,41,15,81,5,7.770221546669875,10
812,10,14,86,6,7.764445720347282,8
813,50,22,18,9,7.758401768064157,13
814,53,11,73,4,7.756297558195456,7
815,37,49,25,20,7.755599308877524,29
816,73,13,54,5,7.746921178252216,8
817,81,17,16,6,7.744341233366221,11
818,44,11,84,5,7.741464370739849,6
819,63,10,52,4,7.736846011905835,6
820,63,22,38,7,7.735228422421994,15
821,86,28,112,11,7.733542128760624,17
822,68,44,87,17,7.713445601645926,27
823,16,104,88,38,7.704040091964249,66
824,46,13,64,5,7.701785189637151,8
825,41,15,77,5,7.700447698799743,10
826,64,11,11,3,7.699861982788657,8
827,39,35,20,15,7.691469595920374,20
828,111,25,7,10,7.69032342577198,15
829,5,32,11,12,7.687442157533876,20
830,37,29,38,11,7.668156637885108,18
831,37,24,96,10,7.665844925696509,14
832,13,13,76,5,7.663087166722208,8
833,33,13,31,6,7.647223417443057,7
834,70,11,60,4,7.6464357490262,7
835,16,35,9,12,7.644783932906991,23
836,108,20,88,7,7.642505031143237,13
837,97,29,5,10,7.639418302115124,19
838,107,33,43,12,7.633857276455771,21
839,96,22,80,8,7.6325568595370585,14
840,23,13,91,6,7.630492751883036,7
841,87,27,41,10,7.608960513510675,17
842,18,20,36,8,7.5949028785012285,12
843,20,15,90,6,7.5926874674698235,9
844,58,18,88,7,7.5880987725104365,11
845,72,10,36,4,7.585561627806539,6
846,28,31,114,13,7.584853881328923,18
847,46,12,77,5,7.574271980014295,7
848,16,40,46,15,7.572419663088398,25
849,34,14,5,4,7.5706698448560905,10
850,3,14,43,5,7.55517181775504,9
851,16,76,39,30,7.545927517413184,46
852,51,20,33,6,7.54115209621082,14
853,6,11,55,3,7.526848268362216,8
854,55,18,77,7,7.520653437888106,11
855,16,25,76,12,7.512035601002999,13
856,53,19,12,8,7.511441486905761,11
857,65,11,52,3,7.51122589655402,8
858,15,13,50,5,7.509982415529958,8
859,54,30,60,11,7.494934117874263,19
860,41,11,96,3,7.480521636982391,8
861,48,10,89,3,7.476757612743907,7
862,70,14,36,6,7.476080415111229,8
863,108,15,63,6,7.475559971035058,9
864,64,37,31,14,7.4738922265185375,23
865,112,16,84,6,7.464568116980383,10
866,45,12,53,5,7.463487107897495,7
867,40,64,68,23,7.460123554388273,41
868,37,21,110,9,7.457046552670356,12
869,86,53,97,21,7.453774682156136,32
870,46,30,75,12,7.449361290092638,18
871,70,13,71,6,7.447387393345601,7
872,8,28,84,10,7.447150756775401,18
873,64,17,43,7,7.43896725456377,10
874,16,31,100,11,7.43619268884141,20
875,7,49,87,18,7.4314438134316605,31
876,54,44,109,16,7.42149631612999,28
877,8,19,91,7,7.416456742894205,12
878,36,34,41,16,7.412500474371832,18
879,37,41,46,14,7.398384968299374,27
880,1,10,5,4,7.391988711274886,6
881,73,10,71,4,7.37323406519455,6
882,34,15,74,5,7.367415754617591,10
883,25,16,33,5,7.36592627296452,11
884,77,10,114,4,7.3654772203978025,6
885,53,18,61,6,7.3640960284192225,12
886,49,13,23,5,7.360298065336568,8
887,73,25,8,10,7.35879002547718,15
888,29,11,86,4,7.353143643010355,7
889,51,12,38,4,7.343541893344224,8
890,28,15,94,5,7.340247323495024,10
891,87,12,110,4,7.338384482252361,8
892,29,12,54,5,7.335670707790366,7
893,97,26,68,10,7.3316577092188355,16
894,58,25,107,9,7.327155673902655,16
895,70,42,5,17,7.323141246130927,25
896,1,23,65,10,7.319832649719675,13
897,109,26,55,12,7.3182997081126135,14
898,39,24,106,10,7.31226919998241,14
899,16,41,91,14,7.309347152714904,27
900,17,17,9,7,7.295940921809664,10
901,43,31,40,13,7.2876910701836355,18
902,44,19,13,7,7.286242475868136,12
903,97,16,29,6,7.284915525257299,10
904,114,42,13,19,7.284350704257176,23
905,91,16,54,7,7.27744302438935,9
906,55,20,68,7,7.273979151335479,13
907,106,13,57,6,7.272492874678534,7
908,62,10,96,3,7.268496266352443,7
909,110,16,70,6,7.267896542251015,10
910,20,17,98,6,7.267496359610282,11
911,75,19,81,7,7.259552889264539,12
912,29,10,93,4,7.254266289134745,6
913,98,12,93,5,7.2513528092711335,7
914,46,13,90,5,7.250761878801304,8
915,49,11,15,4,7.248095103585942,7
916,31,14,5,5,7.246607645789562,9
917,54,32,40,13,7.243609732204195,19
918,20,10,75,4,7.241047227766171,6
919,114,27,40,9,7.240772461331043,18
920,13,60,106,23,7.22482230869508,37
921,35,20,40,7,7.2238461178978355,13
922,41,12,3,3,7.218526234783575,9
923,48,12,51,6,7.20224130205775,6
924,27,20,63,9,7.19472225275396,11
925,36,16,112,6,7.175574629533441,10
926,13,29,69,11,7.1646814900445905,18
927,5,17,60,6,7.144002600647477,11
928,18,39,75,16,7.143872456900073,23
929,40,50,55,19,7.142420946012768,31
930,87,27,91,10,7.142016410462965,17
931,75,57,107,18,7.131800392099847,39
932,63,32,48,12,7.1299692009467925,20
933,88,11,67,3,7.127393540580368,8
934,88,23,3,9,7.12663205785296,14
935,67,12,107,4,7.124134838046416,8
936,11,10,10,4,7.092215172488676,6
937,68,16,19,7,7.090473719692582,9
938,43,15,71,7,7.085526814616307,8
939,28,35,70,14,7.078735797739843,21
940,65,59,88,21,7.078066845947458,38
941,107,19,102,8,7.0774996579991125,11
942,102,14,98,6,7.075813129571894,8
943,50,14,49,6,7.064134383315743,8
944,100,21,25,9,7.062312436550092,12
945,99,18,36,6,7.061516094995872,12
946,30,39,65,15,7.0585708403802245,24
947,65,16,73,6,7.056062739811479,10
948,41,15,112,6,7.039515078376401,9
949,62,15,51,6,7.028758985101916,9
950,100,16,18,7,7.026565168419708,9
951,95,15,40,6,7.026458120737083,9
952,87,27,53,12,7.022639512769477,15
953,91,30,98,12,7.005781194364029,18
954,45,14,86,6,7.001591160951405,8
955,80,13,48,4,6.99747900943173,9
956,57,22,39,9,6.994065127671541,13
957,13,14,29,6,6.9936289172651716,8
958,62,15,5,6,6.992708759597391,9
959,114,19,1,7,6.990089974683044,12
960,111,23,13,10,6.988942249892523,13
961,17,20,55,9,6.987444025974705,11
962,46,23,39,11,6.9816941894182785,12
963,8,17,33,6,6.975602243001775,11
964,18,23,97,9,6.965163575719862,14
965,16,34,36,13,6.9623095532486845,21
966,32,18,104,6,6.95922508638955,12
967,2,11,38,5,6.952650087165873,6
968,100,18,43,8,6.945332357815133,10
969,99,12,88,5,6.93913123202866,7
970,75,19,30,8,6.923427737676235,11
971,15,18,104,7,6.920093805338113,11
972,93,25,54,9,6.919601882693421,16
973,87,35,40,15,6.913424689515499,20
974,104,36,55,14,6.909075624793388,22
975,49,10,53,4,6.907813000954768,6
976,76,16,88,7,6.891817282335726,9
977,90,22,65,10,6.887045978873851,12
978,114,47,5,19,6.885144276646171,28
979,106,15,99,5,6.882359612487447,10
980,12,16,68,6,6.869818370181398,10
981,60,43,4,19,6.864343045215706,24
982,75,17,11,7,6.860129083231025,10
983,114,19,96,7,6.8573207383282995,12
984,13,29,95,12,6.852052215706936,17
985,7,99,51,37,6.849475435937799,62
986,86,80,96,31,6.839782165020975,49
987,78,14,96,5,6.830515928543477,9
988,95,25,106,9,6.830338155584792,16
989,7,20,46,7,6.829366067671735,13
990,89,10,68,4,6.826893879643049,6
991,86,28,78,11,6.822056261466188,17
992,68,69,31,28,6.821634358561019,41
993,30,22,104,10,6.820606807560422,12
994,56,13,4,6,6.816273515879696,7
995,25,14,9,5,6.810304163725227,9
996,51,20,96,8,6.809158319794973,12
997,100,16,114,6,6.806713890734189,10
998,60,18,45,8,6.8022482279138705,10
999,49,10,71,4,6.800377692667283,6
1000,55,10,31,4,6.798197972656263,6
1001,1,16,87,7,6.782771040032774,9
1002,39,81,51,33,6.781026894224875,48
1003,6,14,27,6,6.780540737481572,8
1004,81,10,108,4,6.778588424753946,6
1005,38,11,19,3,6.772394939740198,8
1006,33,23,107,10,6.763493299081546,13
1007,13,43,23,19,6.759962036733638,24
1008,51,54,65,20,6.756843368647584,34
1009,53,13,90,5,6.752088210585151,8
1010,30,19,18,8,6.749976540021853,11
1011,94,10,71,4,6.748460655059317,6
1012,100,18,63,8,6.742683547587139,10
1013,74,38,96,14,6.731828732252355,24
1014,14,13,95,5,6.731405281187272,8
1015,85,16,84,5,6.72402437717923,11
1016,27,11,98,5,6.722224921815259,6
1017,100,11,95,5,6.722166987268522,6
1018,65,10,32,4,6.718474357729474,6
1019,28,35,97,13,6.716635909782017,22
1020,107,25,109,9,6.707778229737099,16
1021,60,21,12,11,6.704537300087493,10
1022,83,15,74,7,6.703298030488857,8
1023,28,24,71,9,6.697570308642473,15
1024,15,12,91,6,6.697476716978323,6
1025,111,11,106,3,6.697425895741327,8
1026,7,18,62,7,6.690218008322475,11
1027,15,10,30,4,6.684640344838423,6
1028,107,20,47,8,6.679988416533418,12
1029,27,36,88,16,6.672694825026893,20
1030,14,13,13,4,6.663851771345142,9
1031,83,11,71,5,6.656205380333864,6
1032,54,74,88,30,6.654867228993362,44
1033,12,13,87,5,6.654704325795005,8
1034,71,19,37,8,6.653996053488669,11
1035,76,15,114,5,6.6539119931134865,10
1036,32,26,5,10,6.647447060451906,16
1037,4,30,65,12,6.6356003955737535,18
1038,39,22,37,9,6.632156694863052,13
1039,25,48,5,19,6.626414170343125,29
1040,74,14,9,5,6.620459467868885,9
1041,85,10,75,3,6.61929344121288,7
1042,71,18,81,7,6.61709770119633,11
1043,55,21,64,7,6.604925944972094,14
1044,34,16,30,6,6.601140375094157,10
1045,65,28,96,12,6.593487230396348,16
1046,16,49,68,18,6.592720635029753,31
1047,13,40,43,18,6.584602401444723,22
1048,53,26,114,11,6.571088082289226,15
1049,104,37,25,16,6.567754121461538,21
1050,16,66,55,24,6.56292048935515,42
1051,107,44,53,17,6.556157644451656,27
1052,72,11,51,5,6.553708462421182,6
1053,16,29,27,11,6.548968077490892,18
1054,77,21,18,7,6.545250800191177,14
1055,49,10,55,4,6.541972088163769,6
1056,86,29,81,9,6.532482502137965,20
1057,35,15,28,7,6.525585250622975,8
1058,16,21,108,8,6.502477858846357,13
1059,90,10,102,5,6.502237322589002,5
1060,13,27,3,9,6.4968837891721805,18
1061,1,20,54,8,6.493394551110143,12
1062,48,10,104,4,6.493358473776671,6
1063,68,16,94,7,6.4856507943578245,9
1064,70,20,9,7,6.477071321597407,13
1065,90,25,87,10,6.4548524533916245,15
1066,86,54,39,23,6.454361372746669,31
1067,27,30,86,11,6.453315924089684,19
1068,6,10,28,4,6.452419128804086,6
1069,69,31,86,13,6.447204277363735,18
1070,4,20,87,7,6.445923142452618,13
1071,84,18,29,8,6.444526066469944,10
1072,75,49,16,20,6.443913435512626,29
1073,41,20,109,7,6.432688342356182,13
1074,100,22,39,9,6.432511887302126,13
1075,40,16,33,5,6.427211772717694,11
1076,107,19,77,8,6.416947048354687,11
1077,106,13,77,6,6.407119934187455,7
1078,20,30,51,14,6.390780350627106,16
1079,7,21,56,9,6.361794853449644,12
1080,28,12,44,6,6.357970575228094,6
1081,92,13,27,6,6.356396578041118,7
1082,51,15,112,6,6.350376289921739,9
1083,15,16,87,7,6.3463488110906745,9
1084,86,29,83,10,6.342700324127683,19
1085,107,23,69,9,6.341765510677753,14
1086,62,22,40,11,6.34058891485694,11
1087,40,40,104,15,6.335056823615204,25
1088,13,18,94,7,6.333471224988879,11
1089,54,14,112,5,6.3267118256224935,9
1090,80,12,60,5,6.326591453694461,7
1091,29,13,55,5,6.301089833667023,8
1092,39,16,83,6,6.297771796270439,10
1093,23,17,114,6,6.291790840234864,11
1094,70,16,64,5,6.286009204558742,11
1095,16,12,92,3,6.284475222709882,9
1096,41,11,102,4,6.282861273718874,7
1097,86,21,4,8,6.2794844995496994,13
1098,104,12,69,4,6.27892885653445,8
1099,30,28,54,11,6.2765304609168515,17
1100,20,45,5,17,6.270373633442785,28
1101,69,11,96,4,6.268969865653719,7
1102,29,13,51,5,6.267766589078402,8
1103,15,12,95,5,6.265255655621163,7
1104,92,22,39,10,6.263991845659126,12
1105,108,18,87,7,6.262008842945723,11
1106,43,17,5,7,6.250727481432205,10
1107,54,15,62,6,6.240490314200175,9
1108,104,41,50,16,6.230364171354915,25
1109,13,17,6,7,6.226729543003945,10
1110,80,31,55,14,6.225846961531592,17
1111,38,21,65,10,6.225284615552252,11
1112,85,10,72,3,6.220112706759078,7
1113,35,15,84,6,6.209299301194261,9
1114,74,28,70,13,6.203999405338755,15
1115,63,28,2,12,6.200018491851485,16
1116,34,11,39,5,6.181745150214426,6
1117,55,14,35,6,6.181710197353361,8
1118,97,23,76,10,6.171425808149794,13
1119,65,45,20,17,6.171028105010781,28
1120,13,47,36,18,6.167141158071529,29
1121,63,10,89,3,6.159771716986653,7
1122,31,15,112,5,6.149641402394961,10
1123,40,48,39,19,6.1478732659202615,29
1124,78,16,63,8,6.142144937717797,8
1125,109,14,46,6,6.137839688733693,8
1126,23,10,48,4,6.136507124451633,6
1127,78,17,87,8,6.134748128994161,9
1128,31,13,80,4,6.13276887148396,9
1129,55,24,97,9,6.128965912516967,15
1130,25,35,88,12,6.123879676950231,23
1131,81,13,31,4,6.117159791325403,9
1132,39,18,29,8,6.11667916860653,10
1133,90,12,7,5,6.108519045195328,7
1134,98,39,86,17,6.096402500191193,22
1135,111,23,107,11,6.08814286411973,12
1136,79,10,108,3,6.083927302918588,7
1137,55,10,69,4,6.075582313218194,6
1138,87,64,65,25,6.074994574024921,39
1139,74,14,48,7,6.068043245358376,7
1140,23,27,41,11,6.068042449918637,16
1141,23,18,28,8,6.06620277166243,10
1142,69,19,68,8,6.057902735707317,11
1143,90,19,63,8,6.053395439788756,11
1144,63,24,18,9,6.046455003215173,15
1145,8,16,32,7,6.041444852098721,9
1146,7,24,98,9,6.0336860037819795,15
1147,75,31,31,14,6.033482134287373,17
1148,16,20,79,8,6.0309592755619885,12
1149,64,38,86,16,6.030765339147399,22
1150,64,30,65,13,6.029400567070289,17
1151,91,17,50,6,6.027790824025911,11
1152,95,20,46,8,6.027785407812038,12
1153,30,31,71,13,6.024215205048038,18
1154,85,11,7,4,6.023882130639264,7
1155,99,10,17,4,6.0116233289389776,6
1156,100,14,17,4,6.011059679512766,10
1157,37,19,100,7,6.000890669706824,12
1158,54,57,70,23,6.000249372764343,34
1159,114,25,31,11,5.991876520395493,14
1160,74,12,27,6,5.991317096712259,6
1161,47,19,68,7,5.980171387335271,12
1162,64,20,18,8,5.974775055211904,12
1163,29,12,37,5,5.9745011617497505,7
1164,112,19,76,9,5.969192222728869,10
1165,97,18,40,7,5.966918416140386,11
1166,12,10,38,4,5.966686013029674,6
1167,68,52,53,21,5.964244334939563,31
1168,97,12,10,6,5.950831581917705,6
1169,39,12,14,5,5.947548147792332,7
1170,33,15,7,7,5.9471342175078945,8
1171,104,50,28,21,5.941710221571149,29
1172,16,40,71,15,5.938571238576761,25
1173,112,13,40,6,5.934161105944305,7
1174,37,45,63,18,5.933785173114154,27
1175,73,20,114,8,5.924435121305103,12
1176,93,10,63,4,5.9175632502755855,6
1177,41,15,45,5,5.9144627061547626,10
1178,39,55,68,24,5.907725939188766,31
1179,6,17,107,7,5.906261036560345,10
1180,93,16,25,7,5.904464695396421,9
1181,46,12,1,6,5.891865749051654,6
1182,74,34,84,16,5.891399521581718,18
1183,109,19,34,8,5.8910600256239505,11
1184,46,12,36,5,5.882094180819339,7
1185,54,53,106,24,5.881114693459095,29
1186,62,17,9,7,5.86600144742425,10
1187,54,36,95,16,5.865979569344106,20
1188,34,17,7,7,5.863504951401833,10
1189,7,20,112,8,5.8633899504874805,12
1190,107,31,38,12,5.854113831303679,19
1191,74,37,46,14,5.850135921281393,23
1192,58,13,87,5,5.8383296210552,8
1193,17,12,43,5,5.837167143714403,7
1194,40,16,5,7,5.820527251695649,9
1195,100,10,49,5,5.813425744151518,5
1196,80,28,106,11,5.812470547213421,17
1197,6,12,50,5,5.811269083562531,7
1198,79,13,20,5,5.810117746469002,8
1199,27,32,51,12,5.804553521558318,20
1200,7,45,64,20,5.801061458968774,25
1201,74,28,55,12,5.797157459674129,16
1202,98,26,63,11,5.795644107915217,15
1203,11,19,35,8,5.768399159544,11
1204,18,15,112,5,5.767208039651442,10
1205,64,30,71,11,5.764884814228726,19
1206,58,13,53,7,5.756559382638666,6
1207,23,13,47,5,5.755142063292807,8
1208,94,11,37,4,5.752143682001779,7
1209,36,12,77,5,5.751140829309578,7
1210,107,44,9,19,5.739717930392418,25
1211,25,42,106,16,5.73768822242091,26
1212,13,48,25,22,5.729332953997915,26
1213,45,14,9,5,5.727853500458987,9
1214,25,26,51,11,5.72613511284895,15
1215,98,13,17,6,5.723425305113809,7
1216,6,10,12,5,5.722414314921584,5
1217,41,18,37,7,5.716493275276269,11
1218,23,10,102,4,5.7160538226538815,6
1219,74,22,109,8,5.703058853572775,14
1220,53,17,62,7,5.701449545318567,10
1221,70,10,32,5,5.692479372096213,5
1222,38,17,84,8,5.691352570903176,9
1223,23,10,43,4,5.689859175567734,6
1224,106,46,5,18,5.689619439430471,28
1225,30,25,55,10,5.686463879094618,15
1226,102,10,95,4,5.685319962340818,6
1227,54,11,12,5,5.67450373056912,6
1228,94,10,25,5,5.671887186214519,5
1229,75,39,37,14,5.670197882049105,25
1230,16,31,99,13,5.665818337043021,18
1231,16,48,37,20,5.664774565241773,28
1232,54,11,82,4,5.664278302313932,7
1233,23,41,88,15,5.662482081944022,26
1234,43,12,68,5,5.6614021510813615,7
1235,9,13,61,5,5.652969843590383,8
1236,4,10,97,4,5.649870700339136,6
1237,39,13,97,5,5.649731064357227,8
1238,73,23,74,9,5.649045009007229,14
1239,108,14,98,6,5.640790264148573,8
1240,86,28,73,13,5.62531345595925,15
1241,5,21,17,7,5.625033929201379,14
1242,95,26,50,11,5.619957219349123,15
1243,16,48,50,20,5.617696720442929,28
1244,114,22,3,8,5.616945915532873,14
1245,30,14,90,6,5.614315415339312,8
1246,100,15,50,6,5.612526049660052,9
1247,27,14,43,7,5.609839390205427,7
1248,38,13,18,6,5.608114426083465,7
1249,70,17,98,6,5.604121247592221,11
1250,99,11,63,5,5.595807733799709,6
1251,87,32,25,14,5.592843725263717,18
1252,62,21,68,9,5.591004045591886,12
1253,7,14,79,6,5.580594560810972,8
1254,12,17,71,7,5.57619075244912,10
1255,42,11,69,5,5.570250078296481,6
1256,11,31,54,13,5.5650490652973295,18
1257,37,60,104,24,5.563475261062019,36
1258,63,11,10,4,5.56040496031845,7
1259,31,10,95,4,5.5581891593402775,6
1260,70,28,20,11,5.557937128069357,17
1261,76,14,102,6,5.556814882908007,8
1262,46,11,4,5,5.55622187464566,6
1263,13,55,87,21,5.553750171591183,34
1264,30,43,16,18,5.551467850064679,25
1265,8,41,25,16,5.550067480025434,25
1266,36,53,31,23,5.548564460468652,30
1267,25,18,84,7,5.5466876181289715,11
1268,86,51,75,23,5.544222274149607,28
1269,75,16,84,7,5.542746956131477,9
1270,65,26,69,11,5.540534749641236,15
1271,15,21,107,7,5.539272924336072,14
1272,106,31,23,15,5.535479536227778,16
1273,54,30,68,12,5.529360876289248,18
1274,114,45,68,19,5.528966703625285,26
1275,30,23,88,11,5.525413582454542,12
1276,33,14,102,6,5.525239013163607,8
1277,88,24,57,11,5.524909922819241,13
1278,28,33,7,13,5.522079859732702,20
1279,62,10,20,4,5.517288163699186,6
1280,87,59,37,24,5.516733087496062,35
1281,16,30,64,11,5.512894912147262,19
1282,95,19,83,7,5.510188596504647,12
1283,32,13,109,6,5.5080518973086185,7
1284,67,10,102,4,5.49724656177184,6
1285,18,10,62,4,5.493140482819633,6
1286,15,20,54,9,5.4915266593547525,11
1287,65,49,40,21,5.488110460552834,28
1288,47,12,69,5,5.485890015271255,7
1289,114,23,70,9,5.484820175107314,14
1290,14,10,75,4,5.479308338136782,6
1291,80,11,68,4,5.466227321340817,7
1292,49,17,30,7,5.458460770772241,10
1293,75,43,71,16,5.454468163058883,27
1294,97,18,57,8,5.45235309786646,10
1295,93,11,51,5,5.442643801494353,6
1296,91,18,18,7,5.437015235679076,11
1297,28,13,29,5,5.435057235617696,8
1298,49,11,37,5,5.40579366661915,6
1299,4,11,58,4,5.405037105567146,7
1300,9,11,66,5,5.404825557202403,6
1301,84,10,64,3,5.401793074305331,7
1302,54,31,90,13,5.397442007333916,18
1303,16,21,47,9,5.388962879253936,12
1304,75,30,63,13,5.362343223381901,17
1305,20,16,68,7,5.359104780354977,9
1306,7,35,97,16,5.356987360153851,19
1307,16,37,62,14,5.351709212219602,23
1308,13,33,54,13,5.351163209561115,20
1309,62,18,65,8,5.34575502328806,10
1310,86,86,88,36,5.345596536414867,50
1311,97,14,102,5,5.335160623731844,9
1312,26,19,13,7,5.3234217587029,12
1313,61,15,60,7,5.316729344745585,8
1314,85,16,96,5,5.314304637448895,11
1315,28,13,49,6,5.31428031912519,7
1316,28,33,9,15,5.312913390343199,18
1317,111,25,55,10,5.307717141421055,15
1318,109,12,22,5,5.303001885552313,7
1319,30,11,35,5,5.293385259461386,6
1320,14,19,28,7,5.288795345484194,12
1321,56,11,88,5,5.280224334897691,6
1322,28,11,92,4,5.26619903758234,7
1323,107,24,62,12,5.261786874758226,12
1324,35,11,31,5,5.255104723881263,6
1325,25,26,40,11,5.242222631716463,15
1326,98,15,40,7,5.239271076053035,8
1327,65,15,14,7,5.239230657167624,8
1328,91,21,25,9,5.236778929543691,12
1329,71,47,13,21,5.235216499316668,26
1330,88,17,112,7,5.231027938888666,10
1331,20,37,96,15,5.229501973456113,22
1332,35,11,5,5,5.226534281744142,6
1333,40,22,37,10,5.2189812618502875,12
1334,33,12,91,6,5.213867650447791,6
1335,34,18,55,8,5.202160532736089,10
1336,41,15,89,6,5.196780511481055,9
1337,40,13,113,5,5.193726392686624,8
1338,15,14,81,6,5.19209119433169,8
1339,44,20,6,7,5.189449523361068,13
1340,84,24,48,9,5.188857256683019,15
1341,4,24,51,9,5.183921696313047,15
1342,75,17,97,7,5.183439015487436,10
1343,75,26,47,9,5.17693162231529,17
1344,91,11,56,5,5.1601828143932735,6
1345,67,12,5,5,5.159840528973067,7
1346,111,14,39,6,5.158992286191915,8
1347,8,54,63,24,5.156454172512435,30
1348,76,28,50,10,5.151966096130058,18
1349,63,13,79,5,5.150156389678723,8
1350,106,24,9,10,5.150083731218861,14
1351,44,15,88,7,5.148664566159752,8
1352,40,12,69,4,5.137627663794988,8
1353,36,21,3,8,5.136055944816986,13
1354,109,12,4,5,5.135069245647407,7
1355,40,30,58,14,5.133397385337812,16
1356,100,16,55,8,5.1129537660427005,8
1357,75,18,4,7,5.112428644465592,11
1358,16,80,87,35,5.106090860017988,45
1359,55,23,70,10,5.1032220329288345,13
1360,53,25,104,11,5.0942603831986055,14
1361,60,24,95,10,5.089480392621887,14
1362,107,61,104,25,5.0845878069653105,36
1363,32,10,20,3,5.082163415292109,7
1364,90,13,33,5,5.072843762888294,8
1365,46,17,65,6,5.066104910854949,11
1366,19,15,39,7,5.064222320631038,8
1367,53,26,112,13,5.062618261015588,13
1368,55,29,63,13,5.056066807562624,16
1369,75,41,9,17,5.040607611984742,24
1370,84,22,57,11,5.026867760977003,11
1371,81,14,63,6,5.016441825370756,8
1372,93,26,5,10,5.004460526821323,16
1373,7,41,106,20,5.003800212982272,21
1374,65,33,17,12,4.99622978764096,21
1375,32,12,68,4,4.994599728673895,8
1376,104,30,63,13,4.993963037729944,17
1377,74,15,71,7,4.993812181109021,8
1378,27,25,39,12,4.989393098929608,13
1379,23,17,15,7,4.9841342107101605,10
1380,14,18,51,6,4.969794868699566,12
1381,40,49,107,19,4.964616090179718,30
1382,109,16,38,6,4.964461961570972,10
1383,62,12,8,4,4.9642207369004785,8
1384,96,23,90,9,4.963939687748078,14
1385,39,18,77,8,4.961640817784317,10
1386,13,32,8,13,4.955794878282507,19
1387,56,19,68,9,4.94813216675333,10
1388,86,33,17,16,4.947496305270282,17
1389,100,13,30,5,4.947415784475727,8
1390,76,12,49,5,4.943121216792114,7
1391,77,14,87,6,4.942401920251487,8
1392,20,21,55,9,4.931554548881413,12
1393,114,22,9,7,4.931319071415342,15
1394,86,40,36,17,4.927433251240005,23
1395,74,56,106,24,4.924754963776778,32
1396,38,10,91,4,4.918487915214837,6
1397,54,12,108,4,4.909695920764135,8
1398,38,12,28,6,4.907164394244691,6
1399,46,48,54,20,4.906943181154001,28
1400,76,27,55,10,4.8923898677809445,17
1401,83,39,5,18,4.890865835189014,21
1402,114,22,46,9,4.889264452897007,13
1403,62,25,71,11,4.888439777720533,14
1404,65,44,9,18,4.887961308210911,26
1405,8,12,3,7,4.88781937501622,5
1406,9,10,29,4,4.887671889551099,6
1407,69,11,95,4,4.882909765417961,7
1408,30,11,114,5,4.8820710984651585,6
1409,81,15,18,6,4.877040041598752,9
1410,85,12,88,5,4.8737543176102305,7
1411,87,27,57,11,4.871666288606831,16
1412,84,11,19,5,4.870688517782825,6
1413,37,54,106,25,4.865641247327302,29
1414,5,10,89,3,4.86246564090175,7
1415,97,12,32,5,4.851459349576839,7
1416,104,23,100,9,4.850527098250832,14
1417,20,10,38,3,4.844230675667008,7
1418,5,30,51,11,4.841333405150811,19
1419,83,20,64,9,4.840996077098241,11
1420,75,39,39,18,4.835166255544909,21
1421,8,15,67,6,4.831909846155583,9
1422,31,19,25,9,4.823839301099763,10
1423,100,33,86,16,4.820701885589361,17
1424,14,15,54,5,4.820525855929132,10
1425,23,27,68,13,4.81982927042641,14
1426,74,11,85,5,4.812388004493803,6
1427,83,30,8,14,4.811627367676455,16
1428,6,12,106,5,4.810944704219048,7
1429,2,25,106,11,4.808494527305082,14
1430,96,13,108,6,4.805162668071275,7
1431,114,36,51,17,4.804348446858166,19
1432,110,16,16,7,4.801952356665634,9
1433,75,22,96,7,4.801381492311931,15
1434,98,17,84,6,4.7978961426483835,11
1435,111,11,25,5,4.797175922879397,6
1436,8,29,9,15,4.796436219845455,14
1437,9,17,1,9,4.794059502939978,8
1438,16,93,107,36,4.7935065133052275,57
1439,76,33,5,14,4.788314400539968,19
1440,87,48,50,22,4.77809392160859,26
1441,9,12,5,5,4.777710715122403,7
1442,93,26,28,10,4.7762193932866115,16
1443,90,13,70,6,4.771084444295362,7
1444,12,15,31,7,4.770632464521183,8
1445,60,16,97,8,4.770560692259114,8
1446,93,16,50,6,4.755526241513054,10
1447,90,30,5,12,4.752640516818983,18
1448,74,38,63,17,4.748458787006123,21
1449,16,21,3,8,4.747059555887118,13
1450,25,16,77,7,4.745845616411638,9
1451,55,57,65,25,4.744057377410872,32
1452,16,97,7,43,4.743286222921809,54
1453,28,25,17,11,4.742091644609896,14
1454,97,11,3,4,4.740273088979023,7
1455,9,30,63,13,4.738784392770433,17
1456,8,41,46,19,4.737192297274268,22
1457,6,11,46,5,4.730994669309113,6
1458,15,14,75,5,4.729161606780822,9
1459,47,17,86,7,4.720142586161402,10
1460,28,37,18,17,4.710953949587104,20
1461,20,23,46,8,4.708713070266485,15
1462,15,19,68,7,4.704332289270894,12
1463,88,31,18,14,4.699584875943507,17
1464,55,45,60,20,4.699539635247214,25
1465,97,10,62,4,4.689387738532959,6
1466,60,26,41,12,4.687979614839915,14
1467,71,16,5,7,4.686451238703377,9
1468,53,22,81,9,4.67351225402936,13
1469,52,12,8,5,4.669562642233978,7
1470,55,14,98,5,4.662824671110214,9
1471,28,19,100,8,4.660885966766407,11
1472,25,15,47,7,4.655390231832646,8
1473,27,15,25,7,4.649655011418165,8
1474,63,39,96,15,4.649023449526137,24
1475,6,21,16,10,4.642825718029857,11
1476,73,14,13,6,4.642713338622983,8
1477,73,19,109,8,4.637139105733967,11
1478,43,24,88,10,4.636555985964769,14
1479,60,22,25,10,4.636282806493916,12
1480,106,15,110,7,4.633960085739299,8
1481,28,12,78,6,4.6317757313725965,6
1482,8,63,87,27,4.62091726825585,36
1483,49,17,9,8,4.620658268254684,9
1484,7,42,55,17,4.609551229914398,25
1485,37,72,86,32,4.607837359690983,40
1486,7,35,3,14,4.603775118928216,21
1487,23,11,30,5,4.601908928188203,6
1488,77,13,95,6,4.60149322445291,7
1489,7,94,88,42,4.598064452346124,52
1490,50,32,96,14,4.592653394244439,18
1491,60,30,8,14,4.584471076654316,16
1492,16,19,29,9,4.577979448312799,10
1493,7,23,58,11,4.575034525669344,12
1494,99,14,95,6,4.572737764013027,8
1495,11,14,68,6,4.569201976807364,8
1496,99,16,104,8,4.5627492392393,8
1497,70,15,23,7,4.554568026577778,8
1498,74,10,112,4,4.553694289700708,6
1499,83,15,46,7,4.551826612706301,8
1500,99,18,15,7,4.551461310618723,11
1501,1,11,39,6,4.548291694643937,5
1502,76,36,107,13,4.544662386882575,23
1503,23,24,76,11,4.537606040144393,13
1504,88,51,9,22,4.537426821075463,29
1505,8,24,102,11,4.537070383836359,13
1506,71,28,68,11,4.532265816801447,17
1507,106,23,75,11,4.532198108241345,12
1508,13,18,72,9,4.527595256070807,9
1509,37,43,55,20,4.516821858156878,23
1510,11,21,98,10,4.513098149532237,11
1511,87,37,60,17,4.510957784527988,20
1512,80,10,69,5,4.508733977407145,5
1513,62,10,104,3,4.50664568251795,7
1514,78,17,54,7,4.506577020775673,10
1515,75,20,112,8,4.4989690721071325,12
1516,93,15,37,6,4.493445665639034,9
1517,64,15,3,6,4.492765978443915,9
1518,75,45,51,20,4.490318359114665,25
1519,55,11,27,5,4.4890470852362,6
1520,11,65,86,29,4.488707456237284,36
1521,93,15,11,5,4.484686270589562,10
1522,16,102,51,45,4.484511676609862,57
1523,95,33,107,15,4.475609109265348,18
1524,65,74,107,32,4.4743161182651745,42
1525,96,31,25,14,4.4728328775528,17
1526,68,16,8,7,4.472450037155224,9
1527,91,10,57,5,4.468260927215541,5
1528,37,18,32,8,4.466542082918521,10
1529,57,23,13,11,4.4664903118687675,12
1530,3,15,50,7,4.464463620895282,8
1531,78,13,98,6,4.463806568924881,7
1532,77,11,97,4,4.4549011553839994,7
1533,50,12,73,4,4.454782630059153,8
1534,95,44,16,20,4.453378575583387,24
1535,7,67,31,29,4.4532123702344615,38
1536,2,42,50,18,4.448957186147168,24
1537,13,33,37,14,4.448467961015427,19
1538,95,15,109,6,4.444131433700797,9
1539,107,59,20,26,4.4437443859769585,33
1540,1,24,51,11,4.443642769643948,13
1541,45,11,88,4,4.4416566980945715,7
1542,16,35,53,14,4.432680586189367,21
1543,86,115,5,49,4.430772584334587,66
1544,23,14,20,6,4.42777867543601,8
1545,102,20,87,8,4.423994697827657,12
1546,99,30,13,13,4.420966828834258,17
1547,7,64,53,28,4.416213736910661,36
1548,64,12,57,5,4.409680008541512,7
1549,114,20,64,8,4.407773657880817,12
1550,111,20,86,8,4.3910837466552355,12
1551,65,23,76,9,4.385586505985178,14
1552,87,24,49,12,4.380791657180537,12
1553,60,13,98,6,4.372454949323835,7
1554,55,24,9,10,4.371040618945099,14
1555,28,58,84,25,4.3699281494105815,33
1556,55,13,58,6,4.369004483506264,7
1557,40,23,23,10,4.368423326803309,13
1558,94,20,87,9,4.367418143965146,11
1559,33,13,11,7,4.365968233102095,6
1560,104,31,54,14,4.355933806560286,17
1561,20,49,28,21,4.349749782422696,28
1562,47,24,88,11,4.347102674354304,13
1563,70,29,65,11,4.343984179663613,18
1564,60,12,22,5,4.334241842742782,7
1565,95,19,41,8,4.332143979792177,11
1566,98,23,37,10,4.327931130640237,13
1567,4,22,40,10,4.316643149060896,12
1568,97,23,17,10,4.3134285513049555,13
1569,17,19,20,8,4.3112321942034,11
1570,50,10,52,5,4.308197298973349,5
1571,20,22,109,8,4.302333411252667,14
1572,25,28,54,12,4.300413553073274,16
1573,7,22,38,10,4.300171500471753,12
1574,20,21,44,9,4.299103845073809,12
1575,86,57,46,22,4.294019246680481,35
1576,20,63,54,30,4.290782184792432,33
1577,49,15,70,7,4.274835544264272,8
1578,9,27,54,12,4.272544772651765,15
1579,33,12,96,7,4.271042933020869,5
1580,103,16,16,7,4.27064958267566,9
1581,100,22,13,9,4.266245772639934,13
1582,23,33,87,13,4.256680488948144,20
1583,104,17,80,8,4.256665633473226,9
1584,28,12,85,5,4.253389606053364,7
1585,51,41,46,17,4.249050364803488,24
1586,106,14,34,7,4.243674039664675,7
1587,31,12,74,5,4.240578281890586,7
1588,60,21,1,9,4.237560386673236,12
1589,28,14,53,6,4.234286185730041,8
1590,109,16,65,5,4.2330518085976205,11
1591,71,11,44,5,4.223524348839462,6
1592,4,19,18,8,4.220670692754494,11
1593,87,21,31,10,4.220659397575877,11
1594,27,11,112,5,4.214543381192911,6
1595,20,38,16,14,4.208743959106769,24
1596,41,41,68,18,4.207626519911898,23
1597,65,56,36,24,4.205692860728479,32
1598,15,11,40,5,4.201647176656486,6
1599,39,12,94,5,4.199237943666824,7
1600,47,13,28,6,4.1983584961153175,7
1601,23,18,100,7,4.197161790157007,11
1602,7,14,48,7,4.194687020035504,7
1603,107,11,61,5,4.191310039387475,6
1604,23,27,25,12,4.182190113226028,15
1605,80,18,7,7,4.182061930373814,11
1606,19,11,88,5,4.179295461270407,6
1607,86,29,62,13,4.168140003828563,16
1608,75,15,2,7,4.157456952203449,8
1609,60,10,62,4,4.155747625311636,6
1610,96,13,3,6,4.149840606440919,7
1611,20,13,73,5,4.146065391689569,8
1612,53,47,71,20,4.141303557057986,27
1613,23,11,29,5,4.138000210796417,6
1614,11,11,69,4,4.13792149131312,7
1615,71,11,20,4,4.13643055739397,7
1616,76,32,104,13,4.1357118218948905,19
1617,13,56,46,24,4.135553796162192,32
1618,45,22,65,11,4.1259231703887,11
1619,29,11,106,5,4.122686341567239,6
1620,93,14,109,6,4.103558953267082,8
1621,83,20,93,9,4.100880722204593,11
1622,20,24,35,10,4.098728722002914,14
1623,87,21,97,8,4.089970328864312,13
1624,36,11,19,5,4.088590218421688,6
1625,74,22,50,10,4.086243740312162,12
1626,51,41,84,17,4.075791611908905,24
1627,60,57,40,25,4.067256254892929,32
1628,7,26,17,11,4.064887482017846,15
1629,43,10,95,4,4.063398320607949,6
1630,34,10,38,4,4.0610942900478735,6
1631,16,28,80,12,4.056076921695064,16
1632,49,13,64,6,4.0514895827876565,7
1633,51,27,69,11,4.050423840769316,16
1634,32,10,40,5,4.050021677419869,5
1635,104,73,65,33,4.049259983805755,40
1636,11,13,79,7,4.047561716338114,6
1637,7,21,50,10,4.045740478776832,11
1638,1,10,43,5,4.038976715758721,5
1639,71,13,47,6,4.030916530509353,7
1640,104,16,3,7,4.020656220421076,9
1641,102,28,114,12,4.017120825737178,16
1642,104,44,51,17,4.0154244082227635,27
1643,8,20,110,8,4.013172679497404,12
1644,50,70,28,30,4.011477637487843,40
1645,55,36,54,17,4.011039158800403,19
1646,99,20,86,8,4.0098912228328505,12
1647,66,12,31,5,4.008754872558654,7
1648,86,20,77,8,4.0075201103206535,12
1649,34,17,17,7,3.985705258546001,10
1650,41,14,43,6,3.977377796491963,8
1651,96,12,14,5,3.975747798085754,7
1652,40,28,1,12,3.9750240059769117,16
1653,7,15,29,8,3.9743744250187345,7
1654,74,24,93,11,3.9601017688790825,13
1655,94,16,54,7,3.955738681406249,9
1656,88,50,104,21,3.9536343834384886,29
1657,34,12,76,6,3.9517678907570333,6
1658,6,11,40,5,3.9442678680230823,6
1659,80,10,97,4,3.9365866928471034,6
1660,97,35,16,16,3.9340820840887147,19
1661,87,88,107,39,3.9306624003452133,49
1662,57,11,50,4,3.9290278222481443,7
1663,64,28,63,13,3.927368902324373,15
1664,5,28,2,12,3.923277825320168,16
1665,37,38,70,16,3.9227382855891664,22
1666,20,17,48,7,3.9196076613306303,10
1667,49,30,86,14,3.9188195592198185,16
1668,89,13,86,7,3.91749283769541,6
1669,27,16,53,6,3.9149964442694025,10
1670,60,21,96,7,3.912428069824762,14
1671,98,19,49,9,3.906322793569991,10
1672,28,55,54,24,3.9037970789571346,31
1673,102,26,37,11,3.9015784283610255,15
1674,7,29,47,12,3.897446682675393,17
1675,55,44,11,18,3.8920841591670343,26
1676,76,13,62,6,3.8913968956310088,7
1677,110,10,17,4,3.8887191359542532,6
1678,11,15,17,7,3.886158778436342,8
1679,1,11,112,6,3.882693398534097,5
1680,30,11,108,5,3.8822679511938505,6
1681,65,10,81,5,3.879537563037692,5
1682,18,13,98,7,3.8754830902904014,6
1683,95,36,87,16,3.86940077356921,20
1684,108,11,68,5,3.868849039567309,6
1685,11,16,51,8,3.8660778701548058,8
1686,41,25,114,12,3.854494902198664,13
1687,65,14,6,6,3.853639209419111,8
1688,65,34,111,14,3.8475275648066685,20
1689,28,11,31,5,3.8453747580936164,6
1690,18,23,31,11,3.843025830767866,12
1691,63,31,13,14,3.8403036315605172,17
1692,20,26,7,12,3.839940256500117,14
1693,91,26,13,12,3.831748260733109,14
1694,70,30,51,14,3.8297117807076555,16
1695,44,16,87,7,3.8267549460576484,9
1696,60,12,66,4,3.826632219817407,8
1697,38,24,13,12,3.8266234961268997,12
1698,44,14,64,6,3.8242226428845654,8
1699,55,21,4,10,3.821660634263142,11
1700,49,10,3,4,3.8208441036339096,6
1701,86,32,18,13,3.8203668272153473,19
1702,91,18,31,7,3.8197018311679423,11
1703,110,16,5,7,3.8138584796050923,9
1704,39,12,78,6,3.805891795343841,6
1705,15,12,1,5,3.803325851759549,7
1706,100,40,107,20,3.8015054517432247,20
1707,20,13,104,5,3.7974160411444706,8
1708,91,29,107,12,3.7951757088821294,17
1709,7,10,93,5,3.7802315490169653,5
1710,104,13,92,7,3.7768187223532306,6
1711,63,19,4,8,3.775833657808686,11
1712,88,16,6,7,3.757051253043465,9
1713,18,55,53,25,3.751842811643862,30
1714,85,11,16,4,3.751829713120851,7
1715,53,42,40,19,3.7429391558119995,23
1716,12,20,39,9,3.7389126567698803,11
1717,1,13,4,5,3.736039087851971,8
1718,86,65,25,30,3.735239092039536,35
1719,39,17,81,7,3.728914203220537,10
1720,75,42,88,18,3.726903391628384,24
1721,91,10,80,4,3.7198935399827406,6
1722,12,14,3,5,3.71740069479101,9
1723,15,21,5,8,3.714734226349825,13
1724,106,17,43,8,3.7068539679712273,9
1725,11,24,13,11,3.7025156977182605,13
1726,94,17,107,6,3.701502882672336,11
1727,13,68,40,31,3.690363085789059,37
1728,39,48,53,21,3.6851162429567523,27
1729,52,11,107,4,3.6792228295103513,7
1730,101,14,68,5,3.6742625668258913,9
1731,71,12,27,5,3.672482180614424,7
1732,86,53,104,24,3.66553549979236,29
1733,97,33,96,16,3.657438935158263,17
1734,53,11,100,5,3.656950058764998,6
1735,63,22,23,9,3.656375723040438,13
1736,90,10,71,5,3.6561036030201253,5
1737,107,21,32,10,3.6546977761524686,11
1738,109,15,9,8,3.6538651478462696,7
1739,13,47,64,23,3.653151677590903,24
1740,17,11,18,6,3.651905683853181,5
1741,23,47,65,22,3.6506323242088645,25
1742,27,13,50,5,3.6503401008022798,8
1743,16,19,2,8,3.6499962386684337,11
1744,14,10,70,5,3.647042134114848,5
1745,30,28,60,10,3.642920901334595,18
1746,102,21,74,9,3.6400241455657913,12
1747,88,60,5,28,3.63799769202775,32
1748,75,14,108,6,3.6340908116173014,8
1749,48,11,108,4,3.6336145248971845,7
1750,6,10,69,5,3.632252984558259,5
1751,43,19,18,10,3.6267699505365183,9
1752,11,39,88,17,3.622315707377218,22
1753,55,13,94,6,3.6120696685756317,7
1754,34,16,84,8,3.6041106207285085,8
1755,34,14,13,7,3.5918746626908384,7
1756,58,13,71,6,3.5901555481142546,7
1757,97,10,95,4,3.58943247133478,6
1758,33,12,23,5,3.5712223539857573,7
1759,16,71,8,31,3.5597923636148616,40
1760,64,11,33,4,3.5581108018586245,7
1761,7,90,86,38,3.5577462755235447,52
1762,28,19,36,9,3.5549996153541237,10
1763,23,13,57,6,3.554408044637193,7
1764,16,31,49,14,3.5542822347062724,17
1765,30,13,4,6,3.554167963462701,7
1766,62,19,39,9,3.544513110025233,10
1767,40,65,36,28,3.5400829247343655,37
1768,88,26,69,11,3.536532050456282,15
1769,44,15,7,7,3.5352660207554516,8
1770,3,28,87,12,3.5300981237445432,16
1771,20,17,76,9,3.5278207011714735,8
1772,63,18,43,8,3.524851733785241,10
1773,7,17,30,9,3.521225077195732,8
1774,112,11,17,5,3.5191492672023625,6
1775,8,38,104,17,3.50734140656749,21
1776,91,15,84,7,3.506943767095505,8
1777,49,10,33,4,3.5057518320537766,6
1778,74,16,23,7,3.505315761927058,9
1779,85,14,68,5,3.5027894631624408,9
1780,50,26,9,11,3.4989626487903873,15
1781,97,36,114,16,3.4948097299506915,20
1782,62,13,36,6,3.489528327052378,7
1783,36,30,51,14,3.4874600225025074,16
1784,25,20,70,9,3.484518115943736,11
1785,55,16,18,8,3.4810467173744706,8
1786,96,57,54,28,3.4766133859583515,29
1787,23,10,81,4,3.474530372802633,6
1788,73,14,16,7,3.4738693799097953,7
1789,74,60,5,28,3.469996146708342,32
1790,13,32,1,13,3.4629329225242813,19
1791,77,10,17,4,3.4626586322684796,6
1792,34,29,107,12,3.4592396196199293,17
1793,20,46,37,21,3.4576214767552655,25
1794,106,49,51,22,3.457607975311814,27
1795,33,23,5,11,3.454327509177194,12
1796,37,21,23,10,3.453043705748743,11
1797,16,106,86,47,3.4524297350202193,59
1798,114,29,39,14,3.441117211126096,15
1799,102,31,25,14,3.4382241991917164,17
1800,4,12,37,5,3.421871703775507,7
1801,17,11,36,6,3.4172736451567545,5
1802,104,26,98,14,3.4091853213510754,12
1803,68,20,17,8,3.395638967050425,12
1804,4,13,28,6,3.3940824912486867,7
1805,73,10,104,4,3.391491099464731,6
1806,39,48,55,21,3.389422612270981,27
1807,60,28,9,11,3.384232112219374,17
1808,36,28,55,13,3.383336577257353,15
1809,28,50,109,21,3.382857419112391,29
1810,73,15,98,7,3.380055365181917,8
1811,100,13,44,6,3.3720452657314226,7
1812,63,89,86,37,3.371849072384877,52
1813,107,56,55,26,3.3696189355898034,30
1814,60,59,88,25,3.3684255972917945,34
1815,40,17,20,7,3.3649339637959645,10
1816,54,25,97,12,3.3648153427656755,13
1817,14,23,8,10,3.3634201583462158,13
1818,7,48,27,22,3.361741499616722,26
1819,54,12,3,6,3.355227899021248,6
1820,88,30,70,13,3.3524090493184278,17
1821,83,10,20,5,3.3478898251644025,5
1822,40,15,91,7,3.345577169162442,8
1823,16,47,70,20,3.3445553948476245,27
1824,20,21,2,9,3.343168498501612,12
1825,75,13,33,5,3.342736023465548,8
1826,54,20,98,9,3.3414082574982986,11
1827,68,13,5,6,3.3380294056441144,7
1828,71,13,76,7,3.3359186512389036,6
1829,69,12,109,5,3.3344685187765166,7
1830,50,22,31,10,3.333423687645379,12
1831,80,33,54,16,3.3322159324199094,17
1832,41,19,50,8,3.331657114556134,11
1833,78,10,34,5,3.3271359801886424,5
1834,64,30,39,13,3.324524230733537,17
1835,9,13,81,6,3.321776466067701,7
1836,97,16,84,6,3.316428205809935,10
1837,88,57,68,25,3.315238564665119,32
1838,60,31,75,14,3.3139158628036856,17
1839,86,11,66,5,3.3092941516234364,6
1840,16,38,17,15,3.3028597486650217,23
1841,104,60,5,28,3.3007473735225052,32
1842,57,22,41,9,3.2995392233028893,13
1843,69,11,54,5,3.295823383931072,6
1844,16,18,45,7,3.276855643218357,11
1845,114,13,67,6,3.2746706512348434,7
1846,102,11,91,5,3.2738070744638943,6
1847,85,12,17,5,3.2737777276415283,7
1848,70,14,93,6,3.271451863431868,8
1849,13,12,102,4,3.269263582511039,8
1850,98,23,76,10,3.2651133620022033,13
1851,13,114,7,52,3.2643026156976367,62
1852,76,14,95,6,3.2576515088397957,8
1853,7,24,74,9,3.257493143792888,15
1854,84,14,95,6,3.2568961944145873,8
1855,114,47,25,20,3.2540864225169766,27
1856,69,10,19,5,3.2524853199038497,5
1857,68,15,6,6,3.251551578791195,9
1858,87,47,28,22,3.244764597626062,25
1859,107,49,36,23,3.234838704648264,26
1860,56,10,97,5,3.231426212036921,5
1861,2,21,87,9,3.2308938185741103,12
1862,16,18,35,7,3.2305329948687067,11
1863,51,44,41,20,3.228342506596857,24
1864,4,21,16,11,3.2239938149007976,10
1865,23,55,7,25,3.2229283053761675,30
1866,97,29,63,13,3.2191950537106915,16
1867,55,39,28,16,3.2184704312839787,23
1868,9,11,100,4,3.213107615631006,7
1869,64,19,23,9,3.212372911598019,10
1870,107,36,64,17,3.2108312929962435,19
1871,50,19,97,8,3.210625734622642,11
1872,60,47,31,24,3.2094707274879264,23
1873,84,15,60,5,3.2064037329190676,10
1874,44,12,76,5,3.2019945343572473,7
1875,36,41,39,18,3.1998605067578225,23
1876,55,49,5,22,3.1989531771818034,27
1877,68,14,81,6,3.1985312995714845,8
1878,29,16,38,7,3.193559662814012,9
1879,37,54,50,26,3.188335276013606,28
1880,83,25,65,12,3.1850517665827933,13
1881,35,11,51,5,3.1832252109996144,6
1882,106,25,60,10,3.171261503808182,15
1883,110,16,86,7,3.1694821197260503,9
1884,54,48,51,22,3.1685476843403957,26
1885,90,14,74,5,3.1680613510289204,9
1886,13,17,62,8,3.1612952767397977,9
1887,86,21,82,9,3.1586560919846263,12
1888,86,85,84,41,3.15758944772919,44
1889,87,13,17,6,3.1557879324593294,7
1890,75,23,23,12,3.1487336010920157,11
1891,30,37,87,17,3.135051615658295,20
1892,5,27,91,11,3.121858390948631,16
1893,15,10,27,5,3.1179326913841705,5
1894,36,11,80,5,3.115857421175661,6
1895,25,25,17,11,3.1106502600539105,14
1896,50,24,4,12,3.110559237136959,12
1897,13,37,50,17,3.1097024463042606,20
1898,106,26,53,13,3.105027322219241,13
1899,109,25,106,12,3.1028448270841773,13
1900,68,34,1,15,3.102238947138023,19
1901,92,15,60,6,3.101629065738582,9
1902,99,14,68,6,3.1001036150844663,8
1903,64,10,91,4,3.0993479020870796,6
1904,13,27,77,12,3.097681583212727,15
1905,13,72,107,34,3.09361249272018,38
1906,76,26,11,11,3.0870761355979353,15
1907,45,14,87,6,3.0862202973256596,8
1908,28,30,102,14,3.0740911214451736,16
1909,74,11,41,6,3.0735662157516845,5
1910,75,30,25,13,3.069551733540898,17
1911,60,40,114,22,3.0670908685799034,18
1912,71,18,25,8,3.0644100067848146,10
1913,48,14,55,6,3.06362691776684,8
1914,38,13,96,6,3.0422152322461717,7
1915,25,39,65,16,3.0368934823131175,23
1916,65,16,49,7,3.034256149542809,9
1917,41,16,47,7,3.031406429138557,9
1918,78,10,55,5,3.027993385213423,5
1919,86,107,87,53,3.0145371966175083,54
1920,6,27,7,15,3.013941061604383,12
1921,88,19,38,7,3.0023329742590956,12
1922,96,14,34,6,3.0017630147825622,8
1923,86,19,34,8,3.000129589106959,11
1924,4,11,69,5,2.999484176661719,6
1925,11,46,107,21,2.9990181027783187,25
1926,64,28,41,11,2.9985462284656723,17
1927,27,10,18,5,2.996654278290002,5
1928,65,37,37,18,2.9918797859979525,19
1929,100,25,7,11,2.9877637593718034,14
1930,74,10,30,5,2.9862406732405895,5
1931,95,27,53,10,2.9811343498680327,17
1932,107,24,49,12,2.9811174657733583,12
1933,6,12,51,6,2.980948961210987,6
1934,84,36,106,18,2.9754739608250116,18
1935,36,32,4,13,2.9739066740354185,19
1936,60,12,94,6,2.9727316679047617,6
1937,2,21,37,10,2.9697580112694486,11
1938,47,11,53,5,2.9672181618537916,6
1939,9,17,38,8,2.961582849274608,9
1940,80,16,8,8,2.9519293865537115,8
1941,86,78,8,38,2.9505503650201574,40
1942,86,31,38,14,2.9478210267751117,17
1943,41,32,40,15,2.9467288085082743,17
1944,27,18,87,8,2.943381441401977,10
1945,30,17,76,7,2.9372015853586086,10
1946,36,20,87,8,2.935573250897663,12
1947,61,15,3,8,2.934761403571649,7
1948,99,15,65,7,2.9253489592007305,8
1949,8,24,100,10,2.9246971191484064,14
1950,68,20,77,9,2.9217850346788454,11
1951,74,82,86,39,2.921287780715151,43
1952,102,19,106,10,2.9207255392565097,9
1953,25,12,108,5,2.9132670669268244,7
1954,91,19,37,9,2.9050960547005245,10
1955,71,13,108,6,2.8992906212622866,7
1956,44,10,70,5,2.8975248911261433,5
1957,68,20,78,9,2.8969266940151797,11
1958,75,24,74,10,2.8903655619324433,14
1959,43,31,7,13,2.8869337290340304,18
1960,63,23,60,10,2.8746236800640075,13
1961,27,21,75,10,2.874214711599615,11
1962,87,42,20,20,2.8691206159340576,22
1963,28,54,65,24,2.8645560920703144,30
1964,60,48,86,22,2.8571270629897767,26
1965,68,23,46,11,2.8541343211422925,12
1966,88,53,28,23,2.854042679776566,30
1967,51,18,99,9,2.853477797374065,9
1968,73,16,96,7,2.8534303980093814,9
1969,74,20,18,10,2.84961422222247,10
1970,16,16,93,8,2.8490979642271874,8
1971,97,13,33,6,2.8486496222061595,7
1972,47,10,61,4,2.846896267551427,6
1973,23,13,104,5,2.8445076862849494,8
1974,16,84,65,38,2.8433317593388674,46
1975,95,19,23,9,2.8404436396815522,10
1976,89,12,60,6,2.839673113881044,6
1977,16,14,58,6,2.8389435880706144,8
1978,77,18,65,9,2.836180648453274,9
1979,104,33,74,14,2.8329598216365466,19
1980,107,47,23,22,2.8244859300002187,25
1981,16,21,38,8,2.8217292489636367,13
1982,18,13,71,6,2.821320109059578,7
1983,64,13,47,5,2.8212403790572256,8
1984,51,32,109,12,2.817926639661738,20
1985,65,17,48,7,2.813018636762518,10
1986,68,33,106,15,2.8127952198562456,18
1987,1,32,36,16,2.8095303452930684,16
1988,99,15,41,7,2.8081672918617278,8
1989,106,14,112,7,2.805082024542767,7
1990,15,13,19,6,2.8034318915529917,7
1991,4,25,114,12,2.797376255941943,13
1992,7,26,1,12,2.7932054952385035,14
1993,100,13,36,6,2.7923934619121087,7
1994,86,19,108,10,2.7920033870005008,9
1995,9,15,97,8,2.7891659901703596,7
1996,3,16,55,7,2.785774326842637,9
1997,107,27,3,14,2.774749446201735,13
1998,5,11,10,6,2.7716738654503197,5
1999,38,11,40,6,2.7715520430648577,5
2000,5,17,77,8,2.765837567194589,9
2001,84,15,17,7,2.76024547578841,8
2002,18,31,60,14,2.7592417090229198,17
2003,53,42,64,19,2.759026680292717,23
2004,86,94,28,42,2.754352701034727,52
2005,97,22,104,11,2.7396377781056174,11
2006,65,50,106,23,2.735321183024918,27
2007,75,12,34,6,2.7327928404854553,6
2008,9,12,30,5,2.7296904854733155,7
2009,55,53,88,22,2.721264805593774,31
2010,104,31,70,14,2.720810924975006,17
2011,11,50,28,24,2.7199624016130106,26
2012,95,11,80,5,2.7197438471090796,6
2013,16,21,33,8,2.7169085795346413,13
2014,107,57,37,26,2.7122377942768776,31
2015,12,14,18,6,2.7036570911929863,8
2016,88,32,109,14,2.698492977632003,18
2017,88,70,107,31,2.6977701523587334,39
2018,65,40,71,17,2.686780335165667,23
2019,13,11,35,5,2.684594978225239,6
2020,90,17,17,9,2.680753861205159,8
2021,39,25,5,12,2.679132217269287,13
2022,25,17,44,8,2.673535476281759,9
2023,95,18,75,8,2.672802736686619,10
2024,114,25,74,12,2.666972342657447,13
2025,47,10,76,7,2.6595736051653853,3
2026,74,13,91,6,2.658254293210725,7
2027,92,29,88,13,2.6541256559252315,16
2028,57,13,36,5,2.6531160901053807,8
2029,53,48,65,23,2.651912649859134,25
2030,30,24,8,11,2.6514132136935467,13
2031,23,43,86,20,2.6484576158238533,23
2032,30,21,37,9,2.6448172779185537,12
2033,16,60,5,25,2.6435184456824317,35
2034,85,23,107,11,2.642943935546886,12
2035,33,14,95,6,2.641545389608455,8
2036,54,28,114,14,2.6355280322257,14
2037,17,30,39,13,2.6347382750427313,17
2038,16,85,13,38,2.6278459194386543,47
2039,27,10,57,5,2.625816231763605,5
2040,41,44,16,22,2.6236346308099385,22
2041,11,26,20,11,2.6225934054521085,15
2042,11,12,41,4,2.61594797809933,8
2043,29,21,107,8,2.615094075024305,13
2044,76,13,2,5,2.6134640032331116,8
2045,11,16,40,7,2.6127959858163616,9
2046,93,20,86,9,2.6126285193850958,11
2047,36,23,91,10,2.600483205457648,13
2048,68,83,13,37,2.597690238852479,46
2049,40,19,27,11,2.5947052105553365,8
2050,39,23,31,10,2.5934090452929373,13
2051,13,81,51,39,2.5933197102801517,42
2052,1,10,109,5,2.5929606771402254,5
2053,57,36,16,17,2.5920758052139194,19
2054,71,25,87,12,2.5901035214218346,13
2055,87,21,62,10,2.586304566496697,11
2056,104,50,7,23,2.5854072339864183,27
2057,69,14,71,7,2.5823526075537777,7
2058,47,11,91,5,2.565831417578021,6
2059,50,50,107,24,2.5656690703128167,26
2060,92,13,87,6,2.565186954563254,7
2061,28,43,51,21,2.5635290356109595,22
2062,72,20,16,9,2.5595101413751196,11
2063,83,10,63,6,2.557624644664858,4
2064,86,14,14,7,2.5565201304900333,7
2065,51,16,83,6,2.5563009225954785,10
2066,16,29,84,14,2.553730719112528,15
2067,73,19,1,8,2.55342910039073,11
2068,7,74,36,34,2.5493587507973596,40
2069,64,20,38,9,2.5449420802693483,11
2070,52,13,16,6,2.542332195506542,7
2071,63,35,11,14,2.539597707853179,21
2072,111,11,60,4,2.535604443502029,7
2073,108,27,107,13,2.5311945782165,14
2074,87,27,64,13,2.5304532187422586,14
2075,36,33,9,15,2.5279240780374668,18
2076,39,18,4,8,2.5267698999647226,10
2077,39,32,50,15,2.5245695496572065,17
2078,12,15,36,7,2.516319942513749,8
2079,7,105,68,48,2.5114811010541342,57
2080,106,37,96,16,2.50842381050559,21
2081,88,68,51,35,2.5073024431361657,33
2082,37,18,109,8,2.501013404341532,10
2083,11,20,48,9,2.499763597895506,11
2084,65,20,3,9,2.497136850038322,11
2085,18,11,111,5,2.4899108726358863,6
2086,65,59,68,27,2.4863573145608644,32
2087,95,30,39,14,2.481130681096554,16
2088,7,61,9,30,2.475604646115282,31
2089,4,17,81,7,2.4678124777063273,10
2090,12,25,51,11,2.4675072863255405,14
2091,87,40,74,18,2.4671563114027473,22
2092,74,17,69,9,2.4664972820824542,8
2093,54,10,27,5,2.4638694969344774,5
2094,30,22,68,11,2.4504178114938604,11
2095,32,10,50,6,2.444054190716271,4
2096,96,31,88,15,2.4406464912019903,16
2097,12,18,86,8,2.4382543520920796,10
2098,55,39,106,17,2.438139246666604,22
2099,41,24,69,9,2.4354335303163985,15
2100,91,20,75,13,2.432369433261267,7
2101,109,11,99,5,2.4195174025010595,6
2102,107,46,25,22,2.4187485647838765,24
2103,71,35,39,16,2.4158892555534424,19
2104,65,11,92,5,2.4112859752548714,6
2105,8,33,93,16,2.4111455321691304,17
2106,47,24,51,12,2.409457368099758,12
2107,68,21,38,9,2.4070210829507572,12
2108,20,26,80,12,2.4033351571638564,14
2109,3,31,68,14,2.4024413251399013,17
2110,78,20,60,10,2.4024308351348855,10
2111,56,10,8,4,2.40008605471798,6
2112,46,38,28,16,2.3990178798165633,22
2113,17,17,63,8,2.3925163886016922,9
2114,83,22,87,11,2.390357141943488,11
2115,111,12,8,6,2.390343846489095,6
2116,104,40,95,18,2.3890342183876085,22
2117,4,21,71,8,2.3871750117365993,13
2118,96,25,104,11,2.3866419839158346,14
2119,75,13,56,5,2.3840139649043497,8
2120,13,86,65,39,2.383373860419213,47
2121,71,41,86,20,2.3810130412337966,21
2122,55,28,84,13,2.379086300412449,15
2123,8,55,96,25,2.371439357092425,30
2124,40,24,50,10,2.3671440474550507,14
2125,7,19,70,7,2.364945757295021,12
2126,99,23,5,11,2.3616219022642833,12
2127,96,14,109,6,2.3566759619593642,8
2128,39,48,49,21,2.353804446492823,27
2129,4,36,31,15,2.3535355966794667,21
2130,57,20,51,10,2.342442465208323,10
2131,104,17,4,7,2.3357072159096575,10
2132,46,22,63,12,2.3313756374008845,10
2133,40,57,88,26,2.330477029151316,31
2134,25,28,53,14,2.3301510854690854,14
2135,109,51,5,25,2.3285813949081655,26
2136,50,23,64,11,2.3285304422785047,12
2137,104,21,102,11,2.320627297470276,10
2138,3,26,60,12,2.318286691403535,14
2139,9,23,3,11,2.3162904113567784,12
2140,58,12,50,6,2.3033767529431137,6
2141,23,13,109,6,2.301790643179129,7
2142,86,21,32,10,2.2989864902239003,11
2143,68,16,109,6,2.2985123206238915,10
2144,97,33,65,15,2.2943542233121987,18
2145,100,24,5,11,2.2932427434044684,13
2146,114,18,45,8,2.292094813707232,10
2147,13,68,55,32,2.291844398388461,36
2148,106,13,4,7,2.287883468044352,6
2149,37,46,74,22,2.283869095408045,24
2150,63,38,114,15,2.2836807270192585,23
2151,46,21,17,10,2.279991454185123,11
2152,88,20,35,10,2.2787018333731495,10
2153,19,15,16,7,2.275521368107463,8
2154,80,16,71,8,2.275392383804814,8
2155,61,10,31,5,2.2696136748473603,5
2156,28,66,96,31,2.267406944603933,35
2157,95,30,25,14,2.25397314365567,16
2158,41,14,54,7,2.251101436056138,7
2159,88,38,4,18,2.2459217004175493,20
2160,70,10,27,5,2.243263258457552,5
2161,49,23,17,9,2.2404394780670995,14
2162,7,18,11,8,2.239320590268621,10
2163,87,35,104,18,2.2393020839894087,17
2164,81,14,3,6,2.2358028798300924,8
2165,68,25,70,12,2.2334926025833988,13
2166,90,16,25,7,2.2261576936837058,9
2167,88,11,33,6,2.22422094342155,5
2168,11,11,114,6,2.222333602098374,5
2169,98,13,99,7,2.2212581677933785,6
2170,112,11,8,6,2.2144684353504553,5
2171,106,27,17,11,2.2117443407706983,16
2172,5,50,96,22,2.2114271922507607,28
2173,57,19,55,10,2.2104060039233278,9
2174,49,51,13,25,2.209069641169752,26
2175,84,15,76,7,2.2084039467189505,8
2176,107,50,106,24,2.1993074270722803,26
2177,31,10,54,5,2.186668926147148,5
2178,8,64,74,28,2.186622040651489,36
2179,13,16,112,8,2.186416558676373,8
2180,63,26,70,12,2.1813121472430437,14
2181,114,11,94,6,2.180080939335122,5
2182,84,16,93,8,2.173203038685072,8
2183,58,11,51,5,2.173021708544625,6
2184,33,11,39,5,2.170155887452032,6
2185,86,75,54,36,2.1689438842347455,39
2186,88,14,74,5,2.165363961250821,9
2187,48,29,16,13,2.16366949518096,16
2188,87,27,46,14,2.1507851989480726,13
2189,9,39,51,19,2.14335596169476,20
2190,28,30,91,14,2.1280361219889317,16
2191,35,16,43,8,2.1256405181906697,8
2192,37,26,84,12,2.124049904647881,14
2193,51,68,107,29,2.1219848270849972,39
2194,53,11,70,5,2.117480208536356,6
2195,1,20,64,10,2.1164326209593654,10
2196,48,13,30,7,2.114145406665778,6
2197,74,12,33,6,2.113811361820999,6
2198,1,13,17,6,2.1103206894628075,7
2199,77,10,3,4,2.1078393954054353,6
2200,15,21,60,9,2.1017320838613562,12
2201,99,24,60,11,2.100940382067205,13
2202,83,34,55,17,2.0962093979720215,17
2203,97,22,8,11,2.094799206270941,11
2204,17,12,91,5,2.0932516032559634,7
2205,74,47,65,23,2.0847963525870914,24
2206,82,10,63,5,2.077975861296688,5
2207,68,16,49,8,2.0637805548779458,8
2208,3,25,31,13,2.0628076616728963,12
2209,86,45,90,20,2.0574221764428238,25
2210,65,31,80,15,2.0509198465423397,16
2211,93,21,88,9,2.047097578055209,12
2212,18,34,51,17,2.042743355152735,17
2213,90,24,60,10,2.0397275719261816,14
2214,100,19,74,9,2.03594794458151,10
2215,89,14,88,7,2.0354634990614118,7
2216,58,12,63,7,2.0345686518653676,5
2217,55,11,79,5,2.0315889229013426,6
2218,91,14,114,7,2.0312426341433967,7
2219,32,11,13,5,2.026181507027534,6
2220,75,30,87,14,2.0247725005088753,16
2221,13,18,78,8,2.0247666538737707,10
2222,8,36,90,16,2.0194647820717804,20
2223,109,29,13,13,2.010974217190567,16
2224,83,22,97,12,2.007636873207567,10
2225,64,14,17,7,1.997717670710987,7
2226,69,24,7,12,1.9945381002011566,12
2227,104,15,112,7,1.99393597279257,8
2228,70,55,86,25,1.9917052888221574,30
2229,53,19,4,9,1.987694792892671,10
2230,48,13,13,6,1.9848220769452258,7
2231,28,38,25,16,1.9833898911599184,22
2232,64,15,15,8,1.9745380862871305,7
2233,41,18,76,10,1.9724048364464457,8
2234,8,22,17,11,1.9650399384720445,11
2235,50,11,35,5,1.9581460146246747,6
2236,78,12,71,6,1.95458083263832,6
2237,36,34,64,17,1.9485056781764598,17
2238,98,11,19,4,1.9474548221717747,7
2239,25,20,55,9,1.9429576796619945,11
2240,23,14,31,6,1.9392936999416424,8
2241,110,13,104,5,1.9388474450810558,8
2242,32,10,98,5,1.9380052263831626,5
2243,20,19,30,9,1.9352963119709488,10
2244,23,14,97,7,1.9330528734436567,7
2245,70,19,40,8,1.9276789997691202,11
2246,114,21,18,10,1.923577249757446,11
2247,80,25,28,12,1.9225523112040792,13
2248,70,21,41,11,1.919847111480952,10
2249,99,11,76,6,1.9173589523208343,5
2250,97,32,106,16,1.9159665785715099,16
2251,14,13,88,6,1.902096229341471,7
2252,13,58,39,28,1.9010983385285232,30
2253,85,17,54,7,1.9006272791395138,10
2254,108,25,51,12,1.9002486171144384,13
2255,87,36,84,17,1.8949157222211868,19
2256,12,17,13,6,1.89366507601321,11
2257,20,35,106,16,1.890590591428699,19
2258,25,23,64,11,1.8857238852847684,12
2259,2,41,8,20,1.8848654476169697,21
2260,8,14,79,8,1.8787453444383122,6
2261,94,11,69,5,1.8749407442851007,6
2262,9,37,39,19,1.8697146872485217,18
2263,17,26,54,13,1.867393134138254,13
2264,37,95,5,46,1.8654288703425719,49
2265,64,28,54,14,1.8650724062797466,14
2266,39,49,60,24,1.859398798683601,25
2267,87,61,106,30,1.856632619724249,31
2268,98,19,51,9,1.8552094547524471,10
2269,6,11,86,5,1.8539951054916266,6
2270,46,22,76,10,1.8507100299988166,12
2271,53,22,97,10,1.849246682219108,12
2272,30,12,109,5,1.8472545205463433,7
2273,103,10,106,4,1.8460294979122147,6
2274,98,27,107,13,1.840767846154218,14
2275,84,38,96,19,1.8356486827006797,19
2276,54,20,49,10,1.829154265922774,10
2277,74,29,13,14,1.8278354237299064,15
2278,9,17,69,8,1.8276767965349943,9
2279,44,13,114,6,1.8263733365516701,7
2280,114,16,84,7,1.8232489038137314,9
2281,102,13,99,6,1.8212893413036875,7
2282,71,11,109,5,1.8196417828202216,6
2283,13,14,84,6,1.8143890124288116,8
2284,79,18,28,8,1.8130893193426152,10
2285,80,12,64,6,1.8118137894523878,6
2286,40,18,111,9,1.8104998545748818,9
2287,36,22,25,11,1.8071440138268557,11
2288,8,65,28,30,1.8060421386611976,35
2289,15,24,86,11,1.8030894581437416,13
2290,37,25,90,12,1.7816453937181782,13
2291,102,13,84,6,1.779322402529277,7
2292,104,62,16,29,1.778027708852634,33
2293,49,15,8,6,1.7678498041146895,9
2294,88,11,110,6,1.7642228121429866,5
2295,84,27,54,12,1.7533288896590717,15
2296,84,26,70,12,1.7530345342228948,14
2297,87,56,88,29,1.7513462767543788,27
2298,4,31,68,15,1.751066192618154,16
2299,97,38,107,19,1.7507246476170455,19
2300,53,39,51,19,1.7493185772901738,20
2301,60,33,36,16,1.7416473627060747,17
2302,18,11,6,5,1.7414584600944751,6
2303,8,26,23,13,1.7400762718841152,13
2304,36,37,88,16,1.7392851936744347,21
2305,68,16,57,8,1.7355749286087516,8
2306,46,51,5,23,1.7323776092910628,28
2307,51,24,43,12,1.7315989391195263,12
2308,70,19,75,10,1.7314858975507377,9
2309,60,14,11,7,1.72978393860355,7
2310,50,13,12,8,1.7279667161947851,5
2311,83,11,50,6,1.7272952536822097,5
2312,64,41,88,18,1.726143672618883,23
2313,63,15,45,7,1.7260545689947924,8
2314,8,49,11,22,1.725678638141755,27
2315,9,46,40,21,1.71485959208228,25
2316,9,42,86,19,1.7117622661778296,23
2317,54,40,7,19,1.7088310244062668,21
2318,48,10,37,5,1.7035937503192145,5
2319,20,16,102,8,1.6989391239814933,8
2320,36,15,23,9,1.6972875274185721,6
2321,51,25,23,12,1.6961813528047331,13
2322,41,62,13,30,1.6944548774743582,32
2323,84,66,107,31,1.6864806299862014,35
2324,50,18,69,10,1.686362400438779,8
2325,20,30,13,15,1.6736140320651685,15
2326,63,45,39,18,1.6729604614700202,27
2327,45,28,31,13,1.6710870406691087,15
2328,43,13,109,6,1.6656590774439002,7
2329,36,23,68,11,1.6511686348202657,12
2330,69,10,39,5,1.644395797770094,5
2331,95,10,57,6,1.6443605111684718,4
2332,71,39,107,17,1.6439964154335995,22
2333,106,44,88,19,1.6421661548035555,25
2334,85,12,20,6,1.6390974332364696,6
2335,39,19,96,8,1.6315253594413592,11
2336,16,83,28,39,1.623193110635921,44
2337,68,43,63,21,1.6131794883842965,22
2338,91,35,86,17,1.6127783916757956,18
2339,87,20,69,9,1.6090402907699264,11
2340,70,13,43,6,1.6071210379776917,7
2341,86,64,13,32,1.6004253524703345,32
2342,99,18,30,8,1.5949338139614577,10
2343,64,10,90,5,1.5921132093044654,5
2344,7,73,40,33,1.5888049712895005,40
2345,2,15,25,8,1.5845186001024008,7
2346,60,60,16,29,1.5827171720559003,31
2347,55,22,90,12,1.578656952498874,10
2348,60,25,46,12,1.5735893742532674,13
2349,58,12,43,6,1.5653312346763884,6
2350,107,54,60,25,1.5627254967293458,29
2351,9,14,111,7,1.5621342613374551,7
2352,40,17,61,8,1.5607473214395389,9
2353,97,12,100,6,1.5601199386945834,6
2354,104,23,83,10,1.5563880557352996,13
2355,7,84,65,43,1.5543231245397546,41
2356,17,42,51,21,1.5539556128144005,21
2357,106,15,14,8,1.5523885439078582,7
2358,11,26,74,12,1.5483769164487977,14
2359,107,30,17,14,1.547594152671412,16
2360,51,52,60,22,1.5379585605411303,30
2361,97,25,46,12,1.5379422598602892,13
2362,13,23,45,11,1.536281477648622,12
2363,107,32,46,16,1.5343792707290018,16
2364,29,13,53,5,1.5317670028644748,8
2365,1,34,88,17,1.5234508852206479,17
2366,35,14,37,7,1.523131742310598,7
2367,43,12,8,6,1.5194230889621367,6
2368,46,12,55,5,1.5148590180899557,7
2369,28,63,5,31,1.5122016375527902,32
2370,86,77,20,36,1.5052536125341225,41
2371,102,26,54,12,1.5038621703367967,14
2372,50,17,108,9,1.5013768012598343,8
2373,29,21,87,9,1.496087722033851,12
2374,4,59,13,27,1.4911690163054754,32
2375,87,51,54,23,1.4805638305796738,28
2376,30,13,38,5,1.4776077790113868,8
2377,73,15,63,8,1.4760785674332926,7
2378,11,17,32,9,1.4729852723414754,8
2379,86,32,2,16,1.4682447143488935,16
2380,15,26,7,14,1.4671619013667956,12
2381,63,89,65,43,1.4663105199346151,46
2382,57,13,40,6,1.4659794198664808,7
2383,112,16,23,7,1.4656028868993851,9
2384,31,21,47,10,1.4606130980712668,11
2385,86,64,55,30,1.4599929257917066,34
2386,25,23,83,10,1.4597201880554966,13
2387,8,16,38,8,1.4562520429495758,8
2388,50,16,89,7,1.4560158637801317,9
2389,53,30,55,14,1.4538038424746393,16
2390,106,55,63,27,1.4485566818099482,28
2391,20,21,97,11,1.439527960881874,10
2392,50,28,25,14,1.4391705454909012,14
2393,19,12,28,6,1.429288766824447,6
2394,65,70,41,31,1.4285809086277084,39
2395,36,35,45,19,1.423273124508123,16
2396,80,23,87,11,1.4202226913102636,12
2397,49,17,63,8,1.4171594607729323,9
2398,68,47,86,24,1.4153886750252886,23
2399,12,16,40,8,1.4120822666164417,8
2400,102,15,11,6,1.4114820984859568,9
2401,70,17,95,9,1.4011695857654913,8
2402,75,12,44,5,1.399837377533035,7
2403,16,10,56,4,1.3984899579645478,6
2404,20,19,95,9,1.3957034121223277,10
2405,91,13,9,6,1.3946381880594532,7
2406,7,15,83,6,1.3943529604549396,9
2407,100,25,106,13,1.3941621457208537,12
2408,44,25,16,13,1.3924747988210242,12
2409,43,13,37,7,1.3915535608538905,6
2410,17,15,74,7,1.3910983775391357,8
2411,15,15,114,7,1.385848653276297,8
2412,36,11,29,6,1.3837445576600587,5
2413,50,41,11,19,1.3816262941644981,22
2414,95,31,7,14,1.3809406634768675,17
2415,106,30,41,15,1.3806292559177733,15
2416,87,29,109,13,1.3766608968038978,16
2417,75,10,48,5,1.3711471542080278,5
2418,90,11,76,6,1.3711097869836062,5
2419,87,54,39,25,1.3671012502066116,29
2420,43,32,60,15,1.366965509377514,17
2421,27,13,23,7,1.3665703255989456,6
2422,25,26,30,14,1.363384718034577,12
2423,68,31,104,16,1.3616459533032328,15
2424,107,39,70,20,1.3599998705907188,19
2425,53,44,60,20,1.3503746570549047,24
2426,97,37,88,18,1.349074362930903,19
2427,84,17,90,8,1.3434141546201468,9
2428,71,48,7,25,1.3388864417450883,23
2429,77,53,60,25,1.338750114348228,28
2430,8,44,51,21,1.3380278840989286,23
2431,8,66,37,32,1.3357403383797626,34
2432,64,39,68,17,1.3356994520331131,22
2433,61,13,65,7,1.327965247882516,6
2434,15,22,65,10,1.3276516223555774,12
2435,60,25,109,12,1.3235251021634884,13
2436,74,18,80,9,1.3199661328668575,9
2437,46,60,88,30,1.317189159463411,30
2438,72,13,54,6,1.3158490559472218,7
2439,10,16,8,7,1.3145513780375315,9
2440,32,12,51,6,1.314434714983352,6
2441,37,12,108,6,1.3047215727540855,6
2442,70,11,102,7,1.3043211125718095,4
2443,5,44,13,21,1.302350985374302,23
2444,65,43,60,18,1.292557414516089,25
2445,2,22,74,10,1.2925512141562505,12
2446,15,31,13,14,1.2870483465437985,17
2447,97,20,109,10,1.283406905257821,10
2448,50,30,51,15,1.277023353905357,15
2449,8,82,55,42,1.2721684605222603,40
2450,50,27,65,13,1.2644687002361983,14
2451,75,42,55,18,1.2635366494506202,24
2452,88,34,37,16,1.263075132683617,18
2453,55,26,99,12,1.2605449554949548,14
2454,40,62,51,30,1.2569124216168759,32
2455,109,30,16,15,1.2499451161124784,15
2456,65,10,89,5,1.246766687204138,5
2457,1,10,71,4,1.2456643982922146,6
2458,104,12,43,5,1.2430962980218274,7
2459,107,30,4,15,1.2387516471106226,15
2460,71,25,31,12,1.2380158081615504,13
2461,63,16,95,8,1.233969730193377,8
2462,13,14,61,6,1.2296565256158196,8
2463,38,16,60,7,1.2292640845256295,9
2464,71,26,9,12,1.2262156519313812,14
2465,87,50,55,24,1.2223891795427406,26
2466,18,39,107,17,1.217822598510958,22
2467,98,11,74,5,1.2137114800422117,6
2468,38,12,46,5,1.2117798317776198,7
2469,25,33,97,16,1.211209753293348,17
2470,16,51,74,24,1.19895248847691,27
2471,25,25,109,12,1.1927554377225935,13
2472,69,17,43,8,1.1823687630105753,9
2473,46,21,9,11,1.1799938454171786,10
2474,76,29,87,13,1.173923997825125,16
2475,47,16,27,7,1.1658557312566065,9
2476,7,77,41,38,1.15072550046604,39
2477,39,11,98,5,1.1404948944014273,6
2478,13,46,28,22,1.1383330164762724,24
2479,60,73,71,35,1.1360670304013205,38
2480,80,11,38,6,1.135431064035941,5
2481,88,31,91,15,1.1352768006015477,16
2482,48,15,109,7,1.133812900706227,8
2483,23,47,16,22,1.133588423461974,25
2484,36,26,106,13,1.1307287364062801,13
2485,81,19,107,10,1.1293503192154635,9
2486,33,13,114,7,1.1286658148323794,6
2487,61,18,88,10,1.1254133453483963,8
2488,25,17,57,8,1.1122394350713356,9
2489,63,47,40,22,1.1085655861732644,25
2490,73,13,55,6,1.1082443575059586,7
2491,40,19,45,9,1.1043531225931202,10
2492,96,18,2,9,1.1039761816908797,9
2493,70,39,106,20,1.1024614638047308,19
2494,54,16,33,7,1.1000953180608282,9
2495,13,67,60,30,1.0987386561282546,37
2496,14,16,11,7,1.0923565448715802,9
2497,40,13,74,6,1.0901529369074687,7
2498,65,46,39,20,1.089267893981286,26
2499,3,31,51,18,1.0776643181053591,13
2500,64,19,97,9,1.0748997556854092,10
2501,67,20,37,9,1.0707700527635258,11
2502,106,12,66,5,1.070759127853136,7
2503,41,47,107,21,1.067462992326089,26
2504,70,55,8,27,1.0665028298167964,28
2505,8,43,20,21,1.064860256583808,22
2506,104,30,109,15,1.0638658496000608,15
2507,18,35,87,16,1.0595333397572304,19
2508,28,25,76,13,1.059013659975815,12
2509,16,37,40,17,1.0479395774839413,20
2510,114,19,69,8,1.0427404151557151,11
2511,90,21,88,11,1.0373159148886417,10
2512,114,29,20,14,1.0369418237684707,15
2513,45,14,3,7,1.0349134798027078,7
2514,35,22,7,11,1.0299988339542105,11
2515,11,41,87,22,1.027110181689243,19
2516,63,20,44,9,1.0233184771026502,11
2517,70,10,33,5,1.0222975969230632,5
2518,43,17,94,9,1.0114215769239345,8
2519,114,55,86,27,1.009397796693002,28
2520,114,59,88,29,1.0065827898738118,30
2521,13,43,75,20,1.005364432264769,23
2522,3,28,39,13,1.005279876255595,15
2523,114,11,93,6,1.004990658958168,5
2524,114,39,7,18,1.0047894280060632,21
2525,8,40,39,20,0.9993368710228037,20
2526,37,37,17,16,0.9978108601802018,21
2527,107,14,79,8,0.9916516151596949,6
2528,23,17,111,10,0.9902411232186314,7
2529,60,21,28,12,0.9891037947174114,9
2530,64,14,100,6,0.9873146869937531,8
2531,39,38,28,19,0.9827440527550545,19
2532,50,29,17,13,0.9785385252670544,16
2533,51,33,31,14,0.9782499075201472,19
2534,107,65,5,32,0.9748363761521144,33
2535,79,11,88,5,0.9736004729947267,6
2536,114,26,17,11,0.9721557918960149,15
2537,14,16,87,7,0.9719183858987279,9
2538,37,50,51,27,0.9710667257210692,23
2539,104,38,106,19,0.9604760273979323,19
2540,14,14,5,6,0.9561035605846475,8
2541,107,41,27,20,0.952515535377431,21
2542,7,20,8,9,0.9446580951337806,11
2543,112,13,114,7,0.9421647262329379,6
2544,47,33,39,16,0.9409236558902792,17
2545,102,11,83,5,0.9259324073609744,6
2546,33,17,86,9,0.9246066959077469,8
2547,39,33,104,16,0.9243967556000993,17
2548,102,18,65,10,0.9231577333764872,8
2549,13,20,33,10,0.918120505460343,10
2550,106,100,86,49,0.9173221659807225,51
2551,13,29,17,14,0.911997059489202,15
2552,43,17,50,7,0.911659904777202,10
2553,36,35,75,19,0.9076169876586753,16
2554,23,13,3,6,0.9036934098771335,7
2555,84,17,79,9,0.9012801816556621,8
2556,107,65,63,35,0.9004862155219548,30
2557,68,17,74,7,0.9001065237726507,10
2558,8,24,48,11,0.8990865709573224,13
2559,3,10,106,5,0.8904989515497614,5
2560,60,17,83,8,0.8851626447494981,9
2561,77,21,4,10,0.8810684428976758,11
2562,37,21,57,10,0.8778160008276704,11
2563,39,40,41,21,0.8751561183312206,19
2564,111,47,68,24,0.8746288393374696,23
2565,7,27,49,15,0.8744069756975954,12
2566,7,72,39,36,0.8666556089412244,36
2567,107,20,112,9,0.8660939476152458,11
2568,55,21,71,9,0.863684832703073,12
2569,10,10,114,4,0.8617397018011257,6
2570,34,17,16,8,0.8560019455164203,9
2571,71,28,63,13,0.8479499084443569,15
2572,62,11,50,5,0.8451062062670078,6
2573,50,56,86,29,0.8444740252545996,27
2574,27,39,68,18,0.8444718126987756,21
2575,54,40,74,20,0.8415267564978521,20
2576,28,23,30,12,0.8403239904216823,11
2577,2,16,46,8,0.8285194662826778,8
2578,7,57,18,29,0.8231688841647112,28
2579,107,47,68,22,0.8112636346140222,25
2580,96,58,107,27,0.8081270899904945,31
2581,84,31,50,16,0.8064114901977948,15
2582,56,14,40,7,0.8062835825274064,7
2583,2,22,88,11,0.7956469041111237,11
2584,15,23,57,11,0.7930287445383305,12
2585,53,53,13,28,0.7874885927037626,25
2586,18,19,65,10,0.7868157298210118,9
2587,16,27,15,12,0.7846898802990135,15
2588,9,17,34,8,0.77910514985876,9
2589,104,45,114,21,0.7777920700848383,24
2590,87,22,99,10,0.7762165713325069,12
2591,43,28,65,15,0.7736410586664142,13
2592,97,20,93,10,0.7717644600090583,10
2593,33,15,104,8,0.7704375614853092,7
2594,107,80,8,36,0.7700051528352245,44
2595,75,27,64,13,0.7678085379778312,14
2596,110,12,54,6,0.762633303380524,6
2597,50,19,109,9,0.7621588618054026,10
2598,16,40,114,18,0.7591396705393908,22
2599,107,79,28,37,0.7544537727453153,42
2600,28,27,48,13,0.7484805696104432,14
2601,47,21,87,10,0.7462429355983711,11
2602,3,20,71,10,0.744611540631482,10
2603,36,13,74,5,0.7437175733038444,8
2604,40,77,86,36,0.7352757671814381,41
2605,95,41,5,21,0.731606653431554,20
2606,58,25,9,13,0.7270071603708143,12
2607,15,23,25,10,0.7267013492378231,13
2608,86,39,3,18,0.7256558940842943,21
2609,69,12,3,5,0.7220114611067269,7
2610,82,13,28,7,0.7153587234866209,6
2611,87,45,63,23,0.7153353724609679,22
2612,69,12,20,6,0.7149448032089584,6
2613,68,51,60,26,0.7146206283070944,25
2614,54,85,65,41,0.7126472318729192,44
2615,13,17,96,8,0.7114671477918352,9
2616,76,25,8,13,0.7077738529790866,12
2617,18,23,104,13,0.701208945227421,10
2618,27,11,99,6,0.6941577039356042,5
2619,43,13,84,6,0.6853274773451387,7
2620,18,19,25,10,0.6816652439852776,9
2621,50,24,114,11,0.6812811811945304,13
2622,78,17,57,9,0.6691978614246572,8
2623,37,40,114,18,0.6680388190804037,22
2624,1,10,62,5,0.6629322217278115,5
2625,63,38,50,18,0.6599709375930062,20
2626,64,15,108,8,0.6582287703496978,7
2627,41,27,1,12,0.6450987397179471,15
2628,98,16,50,8,0.6426219058041094,8
2629,53,22,63,11,0.6396118229300763,11
2630,25,25,41,14,0.6394054706376684,11
2631,111,17,36,8,0.6365354853619557,9
2632,4,28,64,13,0.6316212138641686,15
2633,11,11,97,6,0.6269874474505769,5
2634,51,65,68,34,0.625925013228295,31
2635,50,63,54,31,0.6257662884110836,32
2636,46,22,84,10,0.6253563987208556,12
2637,36,33,71,17,0.6241330409639582,16
2638,51,58,55,29,0.6228899757373463,29
2639,109,13,40,7,0.6223424064374103,6
2640,76,30,96,14,0.6223340675935091,16
2641,31,22,58,11,0.6168553703735019,11
2642,43,20,114,11,0.6074470201565788,9
2643,91,16,70,7,0.6063303701253773,9
2644,63,15,34,7,0.6010869874219945,8
2645,71,32,106,15,0.6009609652453856,17
2646,61,10,86,5,0.5990640749995453,5
2647,30,24,40,12,0.5893402617113984,12
2648,76,13,36,4,0.5885035889042722,9
2649,11,30,39,15,0.5835846349669753,15
2650,106,46,76,25,0.577289694916291,21
2651,23,12,53,6,0.5700661218932129,6
2652,40,10,94,5,0.5678516928680516,5
2653,11,11,27,6,0.5615364354397145,5
2654,97,31,2,15,0.5614740846174435,16
2655,86,24,57,11,0.5597512143657926,13
2656,83,10,2,5,0.5594397265150824,5
2657,3,10,4,5,0.5556184418282119,5
2658,5,49,54,23,0.5526115688513309,26
2659,86,26,85,13,0.5520922026279291,13
2660,92,17,7,7,0.5480230211986101,10
2661,104,55,13,27,0.5474902747445213,28
2662,98,27,16,13,0.5462850233229243,14
2663,87,14,6,7,0.5451369775684941,7
2664,86,32,80,16,0.5398930710578201,16
2665,106,10,1,5,0.539652861011431,5
2666,63,43,7,18,0.5381341307781913,25
2667,28,19,33,8,0.5377400393884932,11
2668,8,75,88,37,0.5304582267575177,38
2669,73,19,28,10,0.5214155246375574,9
2670,43,17,25,10,0.5197036131496171,7
2671,106,68,28,33,0.5161436710076662,35
2672,41,11,90,6,0.513841479320257,5
2673,114,11,38,6,0.5127819422302534,5
2674,4,18,9,9,0.5118055197130339,9
2675,49,12,97,5,0.510198270023406,7
2676,51,22,71,11,0.5066228412969123,11
2677,23,10,9,5,0.5053397207394539,5
2678,18,29,41,15,0.5040827449695365,14
2679,90,13,91,6,0.5003235284827323,7
2680,88,35,31,18,0.4999807976090588,17
2681,70,19,39,10,0.49953189293951183,9
2682,5,59,87,29,0.4991669720547012,30
2683,5,39,63,22,0.49187190353271276,17
2684,57,14,104,5,0.4845128262229356,9
2685,37,17,62,10,0.47941613349669066,7
2686,95,28,74,13,0.47842550860281996,15
2687,75,31,41,14,0.47837138213253816,17
2688,25,51,39,26,0.4759465051184244,25
2689,37,13,69,6,0.4741041536564538,7
2690,1,30,107,15,0.4712941931511099,15
2691,113,11,86,6,0.46954311123939263,5
2692,65,54,31,26,0.46913887469692744,28
2693,87,16,111,8,0.45897322341286445,8
2694,88,19,81,9,0.4578137577915323,10
2695,109,23,84,11,0.4540120385179338,12
2696,88,41,49,20,0.4529990219368629,21
2697,62,13,55,7,0.4490302976953222,6
2698,80,11,9,7,0.4439834453330457,4
2699,86,83,65,43,0.4411076558908754,40
2700,90,15,11,7,0.4409004522210816,8
2701,40,43,31,22,0.429627197462679,21
2702,28,11,15,6,0.4267449726371353,5
2703,33,11,99,6,0.42486651226142574,5
2704,87,46,96,22,0.4185307257645089,24
2705,5,14,38,7,0.4168378546295618,7
2706,31,33,86,17,0.4107692180392416,16
2707,109,55,86,27,0.4101866414275542,28
2708,50,18,79,9,0.4091046493522828,9
2709,98,14,114,7,0.4067842985377363,7
2710,27,17,106,10,0.4013630945998079,7
2711,88,13,78,6,0.3934639813104847,7
2712,54,62,16,32,0.3930951100531193,30
2713,55,16,41,8,0.3929137359889599,8
2714,23,18,54,9,0.39214168570707464,9
2715,8,13,44,6,0.3904420875790005,7
2716,69,30,36,15,0.38598798110099336,15
2717,51,51,87,25,0.38566064440595554,26
2718,8,35,50,16,0.38293825667797665,19
2719,114,28,71,14,0.3795577437704574,14
2720,70,22,97,12,0.3783758219642565,10
2721,9,18,112,9,0.3778679456227214,9
2722,14,18,84,8,0.37783903496494214,10
2723,40,16,108,7,0.373845897515691,9
2724,114,26,75,13,0.3719126663008889,13
2725,88,35,71,19,0.3711092012403024,16
2726,86,48,30,25,0.36962670770563905,23
2727,40,21,75,10,0.36863713867004627,11
2728,95,26,28,12,0.36814720179538635,14
2729,63,17,47,7,0.3681401863793021,10
2730,25,30,63,16,0.3669879376751877,14
2731,92,18,13,7,0.36521745881563183,11
2732,46,18,41,8,0.36430211798636986,10
2733,10,13,84,6,0.3553918658090926,7
2734,79,12,54,5,0.3524093679970092,7
2735,87,19,43,9,0.33952641673551315,10
2736,49,21,51,10,0.3351069066929168,11
2737,39,41,54,21,0.33442242846591713,20
2738,83,20,106,11,0.33164456490941063,9
2739,9,19,84,9,0.33153170217178507,10
2740,54,72,107,37,0.3294015364989724,35
2741,76,28,70,13,0.3288931307094032,15
2742,49,14,114,6,0.32751436291229447,8
2743,41,34,63,17,0.326061354616667,17
2744,114,68,107,33,0.32070298196932506,35
2745,83,25,28,14,0.3193130867023741,11
2746,28,20,57,10,0.3178817124708434,10
2747,50,18,112,8,0.31747188429243445,10
2748,51,13,92,7,0.31029394338620886,6
2749,57,19,46,9,0.3079095171810309,10
2750,30,23,51,11,0.3044708608368797,12
2751,88,36,20,19,0.3041395250896581,17
2752,53,28,86,16,0.3007788516561258,12
2753,88,15,48,6,0.2955612335778544,9
2754,13,42,27,22,0.2905119523861549,20
2755,57,11,53,6,0.2873041046379347,5
2756,48,17,39,9,0.281951836002177,8
2757,67,12,25,6,0.2816428039469064,6
2758,96,12,67,7,0.27996501259109813,5
2759,53,18,5,8,0.2778213329671456,10
2760,112,23,65,12,0.2684756762277067,11
2761,36,11,38,4,0.26679215079866997,7
2762,37,22,76,12,0.2606095394442829,10
2763,40,25,47,14,0.24655985846699452,11
2764,83,20,88,11,0.24121558114701722,9
2765,30,20,106,10,0.23895557447172086,10
2766,64,19,45,9,0.2352744559029064,10
2767,16,26,111,12,0.2324255478959678,14
2768,57,14,20,7,0.22969067246688318,7
2769,65,10,101,5,0.22906131925901718,5
2770,67,12,84,5,0.22644335659627104,7
2771,72,16,7,8,0.22521266099875584,8
2772,11,24,65,11,0.2231872290555846,13
2773,107,59,74,28,0.21255364694604195,31
2774,53,21,44,9,0.2122113313421154,12
2775,28,11,66,5,0.2056598644516812,6
2776,44,14,107,7,0.20330478165271706,7
2777,46,16,71,7,0.19894184736909315,9
2778,8,66,54,35,0.1986057005994308,31
2779,9,52,13,27,0.19055874122105107,25
2780,98,11,100,5,0.18985443720382733,6
2781,35,12,70,7,0.18631436457958764,5
2782,44,15,65,6,0.18351226600640885,9
2783,71,33,8,17,0.17759312635004623,16
2784,96,37,55,19,0.17732770674363885,18
2785,88,53,41,27,0.17567237068802208,26
2786,11,47,106,26,0.17225906773687616,21
2787,65,50,75,24,0.16783556996935692,26
2788,7,51,4,26,0.16136746029798088,25
2789,62,12,106,6,0.1584669634691407,6
2790,84,22,80,10,0.15202664995311643,12
2791,37,47,28,23,0.1387371009601698,24
2792,73,10,25,5,0.1328731236438802,5
2793,51,13,44,8,0.13191763257362837,5
2794,60,76,7,38,0.13134493579901685,38
2795,28,22,98,9,0.12169006680659694,13
2796,68,47,9,23,0.12106464829716804,24
2797,40,28,18,16,0.11377047107058737,12
2798,98,13,97,7,0.11020600858990875,6
2799,2,18,84,9,0.10504403066305398,9
2800,68,13,44,7,0.10451112471006771,6
2801,112,34,16,18,0.10310790517554788,16
2802,84,33,88,15,0.10026530043554462,18
2803,47,18,65,9,0.09599132258442843,9
2804,74,39,25,20,0.09563368284676016,19
2805,25,65,16,32,0.09364645449744402,33
2806,30,15,96,8,0.09214636377364425,7
2807,114,29,36,13,0.09213128587786307,16
2808,95,52,86,24,0.08956033992826938,28
2809,107,94,7,42,0.07975391090501975,52
2810,97,36,74,17,0.07931920932357782,19
2811,76,20,109,9,0.07505370430495735,11
2812,55,15,108,8,0.07480659095217349,7
2813,84,20,65,9,0.07280165631996083,11
2814,106,21,40,10,0.06808253080226546,11
2815,108,15,74,7,0.06305457719799344,8
2816,107,102,86,50,0.061981154725548174,52
2817,8,70,106,37,0.05212763279076112,33
2818,8,16,27,7,0.051328614148521634,9
2819,34,19,50,10,0.05002588679712766,9
2820,73,16,106,8,0.04700386219362951,8
2821,112,19,63,9,0.04656981650604271,10
2822,65,44,8,22,0.044780594216323605,22
2823,31,11,97,5,0.04256244744109723,6
2824,12,36,65,17,0.04009292919049301,19
2825,41,23,27,11,0.03715076021582355,12
2826,45,17,71,7,0.03389797077786283,10
2827,106,42,50,20,0.025298087208634697,22
2828,107,58,39,28,0.022002026984637022,30
2829,89,15,28,8,0.018607611913672883,7
2830,35,24,86,11,0.011498856499630127,13
2831,11,41,46,21,0.010078384039398624,20
2832,109,17,83,7,0.00972932964701334,10
2833,90,33,16,15,0.006116246156991541,18
2834,3,17,28,9,0.004336797009449314,8
2835,109,20,102,10,0.0026602667859183526,10
2836,102,20,109,10,-0.0026602667859165763,10
2837,28,17,3,8,-0.004336797009449105,9
2838,16,33,90,18,-0.0061162461569911645,15
2839,83,17,109,10,-0.009729329647013785,7
2840,46,41,11,20,-0.010078384039398624,21
2841,86,24,35,13,-0.011498856499629817,11
2842,28,15,89,7,-0.018607611913672648,8
2843,39,58,107,30,-0.022002026984636165,28
2844,50,42,106,22,-0.02529808720863334,20
2845,71,17,45,10,-0.03389797077786216,7
2846,27,23,41,12,-0.037150760215824086,11
2847,65,36,12,19,-0.04009292919049182,17
2848,97,11,31,6,-0.042562447441096586,5
2849,8,44,65,22,-0.04478059421632261,22
2850,63,19,112,10,-0.04656981650604271,9
2851,106,16,73,8,-0.0470038621936304,8
2852,50,19,34,9,-0.05002588679712785,10
2853,27,16,8,9,-0.051328614148522966,7
2854,106,70,8,33,-0.05212763279076128,37
2855,86,102,107,52,-0.06198115472554828,50
2856,74,15,108,8,-0.06305457719799369,7
2857,40,21,106,11,-0.0680825308022658,10
2858,65,20,84,11,-0.07280165631996083,9
2859,108,15,55,7,-0.07480659095217229,8
2860,109,20,76,11,-0.07505370430495617,9
2861,11,52,16,23,-0.07554651902881368,29
2862,74,36,97,19,-0.07931920932357782,17
2863,7,94,107,52,-0.0797539109050192,42
2864,86,52,95,28,-0.08956033992827091,24
2865,36,29,114,16,-0.09213128587786189,13
2866,96,15,30,7,-0.09214636377364507,8
2867,16,65,25,33,-0.09364645449744435,32
2868,25,39,74,19,-0.0956336828467596,20
2869,65,18,47,9,-0.09599132258443177,9
2870,88,33,84,18,-0.10026530043554559,15
2871,16,34,112,16,-0.10310790517554731,18
2872,44,13,68,6,-0.10451112471006657,7
2873,84,18,2,9,-0.10504403066305477,9
2874,97,13,98,6,-0.11020600858990862,7
2875,18,28,40,12,-0.11377047107058744,16
2876,9,47,68,24,-0.12106464829716938,23
2877,98,22,28,13,-0.1216900668065983,9
2878,7,76,60,38,-0.13134493579901632,38
2879,44,13,51,5,-0.1319176325736292,8
2880,25,10,73,5,-0.1328731236438802,5
2881,28,47,37,24,-0.13873710096017047,23
2882,80,22,84,12,-0.15202664995311627,10
2883,106,12,62,6,-0.15846696346914188,6
2884,4,51,7,25,-0.16136746029798163,26
2885,75,50,65,26,-0.16783556996935745,24
2886,106,47,11,21,-0.17225906773687602,26
2887,41,53,88,26,-0.17567237068802258,27
2888,55,37,96,18,-0.17732770674364082,19
2889,8,33,71,16,-0.17759312635004632,17
2890,65,15,44,9,-0.1835122660064091,6
2891,70,12,35,5,-0.18631436457958692,7
2892,100,11,98,6,-0.18985443720382733,5
2893,13,52,9,25,-0.1905587412210518,27
2894,54,66,8,31,-0.19860570059943058,35
2895,71,16,46,9,-0.19894184736909182,7
2896,107,14,44,7,-0.20330478165271787,7
2897,66,11,28,6,-0.20565986445168055,5
2898,44,21,53,12,-0.2122113313421161,9
2899,65,24,11,13,-0.22318722905558436,11
2900,7,16,72,8,-0.22521266099875537,8
2901,84,12,67,7,-0.22644335659627166,5
2902,101,10,65,5,-0.2290613192590168,5
2903,20,14,57,7,-0.2296906724668833,7
2904,111,26,16,14,-0.23242554789596853,12
2905,45,19,64,10,-0.23527445590290527,9
2906,106,20,30,10,-0.2389555744717199,10
2907,88,20,83,9,-0.24121558114701463,11
2908,47,25,40,11,-0.24655985846699366,14
2909,76,22,37,10,-0.26060953944428406,12
2910,38,11,36,7,-0.26679215079866964,4
2911,65,23,112,11,-0.26847567622770757,12
2912,5,18,53,10,-0.277821332967146,8
2913,67,12,96,5,-0.279965012591097,7
2914,25,12,67,6,-0.2816428039469064,6
2915,39,17,48,8,-0.28195183600217677,9
2916,53,11,57,5,-0.2873041046379331,6
2917,27,42,13,20,-0.29051195238615496,22
2918,48,15,88,9,-0.29556123357785347,6
2919,86,28,53,12,-0.300778851656125,16
2920,51,23,30,12,-0.3044708608368795,11
2921,46,19,57,10,-0.3079095171810289,9
2922,92,13,51,6,-0.31029394338620975,7
2923,112,18,50,10,-0.31747188429243345,8
2924,57,20,28,10,-0.3178817124708441,10
2925,28,25,83,11,-0.3193130867023753,14
2926,107,68,114,35,-0.3207029819693246,33
2927,63,34,41,17,-0.3260613546166661,17
2928,114,14,49,8,-0.32751436291229385,6
2929,70,28,76,15,-0.32889313070940346,13
2930,107,72,54,35,-0.3294015364989732,37
2931,84,19,9,10,-0.33153170217178424,9
2932,106,20,83,9,-0.3316445649094112,11
2933,54,41,39,20,-0.3344224284659163,21
2934,51,21,49,11,-0.3351069066929168,10
2935,43,19,87,10,-0.3395264167355131,9
2936,54,12,79,7,-0.352409367997008,5
2937,84,13,10,7,-0.35539186580909315,6
2938,41,18,46,10,-0.36430211798637085,8
2939,13,18,92,11,-0.3652174588156323,7
2940,63,30,25,14,-0.3669879376751877,16
2941,47,17,63,10,-0.368140186379302,7
2942,28,26,95,14,-0.36814720179538646,12
2943,75,21,40,11,-0.3686371386700461,10
2944,30,48,86,23,-0.3696267077056387,25
2945,71,35,88,16,-0.37110920124030156,19
2946,75,26,114,13,-0.37191266630088854,13
2947,108,16,40,9,-0.3738458975156912,7
2948,84,18,14,10,-0.37783903496494253,8
2949,112,18,9,9,-0.37786794562272125,9
2950,97,22,70,10,-0.3783758219642562,12
2951,71,28,114,14,-0.3795577437704577,14
2952,50,35,8,19,-0.3829382566779763,16
2953,87,51,51,26,-0.38566064440595466,25
2954,36,30,69,15,-0.3859879811009911,15
2955,44,13,8,7,-0.3904420875789997,6
2956,54,18,23,9,-0.39214168570707364,9
2957,41,16,55,8,-0.39291373598895946,8
2958,16,62,54,30,-0.3930951100531199,32
2959,78,13,88,7,-0.3934639813104835,6
2960,106,17,27,7,-0.40136309459980746,10
2961,102,23,16,12,-0.4055631726315678,11
2962,114,14,98,7,-0.40678429853773473,7
2963,79,18,50,9,-0.4091046493522828,9
2964,86,55,109,28,-0.41018664142755423,27
2965,86,33,31,16,-0.4107692180392426,17
2966,38,14,5,7,-0.4168378546295618,7
2967,96,46,87,24,-0.4185307257645087,22
2968,99,11,33,5,-0.4248665122614248,6
2969,15,11,28,5,-0.42674497263713496,6
2970,31,43,40,21,-0.4296271974626791,22
2971,11,15,90,8,-0.4409004522210813,7
2972,65,83,86,40,-0.44110765589087725,43
2973,9,11,80,4,-0.4439834453330448,7
2974,55,13,62,6,-0.4490302976953225,7
2975,49,41,88,21,-0.45299902193686364,20
2976,84,23,109,12,-0.45401203851793426,11
2977,81,19,88,10,-0.4578137577915323,9
2978,111,16,87,8,-0.45897322341286373,8
2979,31,54,65,28,-0.4691388746969265,26
2980,86,11,113,5,-0.46954311123939296,6
2981,107,30,1,15,-0.47129419315110943,15
2982,69,13,37,7,-0.47410415365645314,6
2983,39,51,25,25,-0.4759465051184236,26
2984,41,31,75,17,-0.47837138213253816,14
2985,74,28,95,15,-0.4784255086028221,13
2986,62,17,37,7,-0.47941613349669043,10
2987,104,14,57,9,-0.4845128262229359,5
2988,20,13,93,7,-0.4910409331485479,6
2989,63,39,5,17,-0.4918719035327135,22
2990,87,59,5,30,-0.49916697205470045,29
2991,39,19,70,9,-0.49953189293951067,10
2992,31,35,88,17,-0.499980797609059,18
2993,91,13,90,7,-0.5003235284827329,6
2994,41,29,18,14,-0.5040827449695369,15
2995,9,10,23,5,-0.5053397207394532,5
2996,71,22,51,11,-0.5066228412969127,11
2997,97,12,49,7,-0.510198270023406,5
2998,9,18,4,9,-0.5118055197130339,9
2999,38,11,114,5,-0.5127819422302561,6
3000,90,11,41,5,-0.513841479320257,6
3001,28,68,106,35,-0.5161436710076651,33
3002,25,17,43,7,-0.5197036131496168,10
3003,28,19,73,9,-0.5214155246375576,10
3004,88,75,8,38,-0.5304582267575169,37
3005,33,19,28,11,-0.5377400393884936,8
3006,7,43,63,25,-0.5381341307781913,18
3007,1,10,106,5,-0.5396528610114302,5
3008,80,32,86,16,-0.5398930710578194,16
3009,6,14,87,7,-0.5451369775684937,7
3010,16,27,98,14,-0.5462850233229247,13
3011,13,55,104,28,-0.5474902747445204,27
3012,7,17,92,10,-0.5480230211986107,7
3013,85,26,86,13,-0.5520922026279292,13
3014,54,49,5,26,-0.5526115688513301,23
3015,4,10,3,5,-0.5556184418282125,5
3016,2,10,83,5,-0.559439726515081,5
3017,57,24,86,13,-0.5597512143657926,11
3018,2,31,97,16,-0.5614740846174444,15
3019,27,11,11,5,-0.5615364354397134,6
3020,107,36,90,19,-0.5646498466658356,17
3021,94,10,40,5,-0.5678516928680514,5
3022,53,12,23,6,-0.5700661218932138,6
3023,39,30,11,15,-0.5835846349669755,15
3024,36,13,76,9,-0.5885035889042698,4
3025,40,24,30,12,-0.5893402617113975,12
3026,86,10,61,5,-0.5990640749995453,5
3027,106,32,71,17,-0.6009609652453869,15
3028,34,15,63,8,-0.6010869874219955,7
3029,70,16,91,9,-0.6063303701253777,7
3030,114,20,43,9,-0.6074470201565787,11
3031,58,22,31,11,-0.6168553703735028,11
3032,96,30,76,16,-0.6223340675935105,14
3033,40,13,109,6,-0.6223424064374109,7
3034,55,58,51,29,-0.622889975737348,29
3035,71,33,36,16,-0.6241330409639598,17
3036,84,22,46,12,-0.6253563987208561,10
3037,54,63,50,32,-0.6257662884110818,31
3038,68,65,51,31,-0.6259250132282955,34
3039,97,11,11,5,-0.626987447450576,6
3040,64,28,4,15,-0.6316212138641698,13
3041,36,17,111,9,-0.6365354853619557,8
3042,41,25,25,11,-0.6394054706376676,14
3043,63,22,53,11,-0.6396118229300776,11
3044,50,16,98,8,-0.6426219058041119,8
3045,1,27,41,15,-0.6450987397179483,12
3046,108,15,64,7,-0.6582287703496964,8
3047,50,38,63,20,-0.6599709375930077,18
3048,62,10,1,5,-0.6629322217278115,5
3049,114,40,37,22,-0.6680388190804033,18
3050,57,17,78,8,-0.6691978614246582,9
3051,114,24,50,13,-0.6812811811945291,11
3052,25,19,18,9,-0.6816652439852758,10
3053,84,13,43,7,-0.6853274773451387,6
3054,99,11,27,5,-0.6941577039356038,6
3055,104,23,18,10,-0.7012089452274208,13
3056,8,25,76,12,-0.7077738529790857,13
3057,96,17,13,9,-0.7114671477918357,8
3058,65,85,54,44,-0.7126472318729195,41
3059,60,51,68,25,-0.7146206283070936,26
3060,20,12,69,6,-0.7149448032089586,6
3061,63,45,87,22,-0.715335372460967,23
3062,28,13,82,6,-0.7153587234866207,7
3063,3,12,69,7,-0.7220114611067269,5
3064,3,39,86,21,-0.7256558940842948,18
3065,25,23,15,13,-0.7267013492378236,10
3066,9,25,58,12,-0.727007160370813,13
3067,5,41,95,20,-0.7316066534315533,21
3068,86,77,40,41,-0.7352757671814375,36
3069,74,13,36,8,-0.743717573303844,5
3070,71,20,3,10,-0.7446115406314829,10
3071,87,21,47,11,-0.7462429355983705,10
3072,48,27,28,14,-0.7484805696104441,13
3073,28,79,107,42,-0.7544537727453159,37
3074,114,40,16,22,-0.7591396705393901,18
3075,109,19,50,10,-0.762158861805403,9
3076,54,12,110,6,-0.7626333033805247,6
3077,64,27,75,14,-0.7678085379778318,13
3078,8,80,107,44,-0.7700051528352247,36
3079,104,15,33,7,-0.7704375614853106,8
3080,93,20,97,10,-0.7717644600090567,10
3081,65,28,43,13,-0.7736410586664141,15
3082,99,22,87,12,-0.7762165713325071,10
3083,114,45,104,24,-0.7777920700848373,21
3084,34,17,9,9,-0.77910514985876,8
3085,15,27,16,15,-0.7846898802990133,12
3086,65,19,18,9,-0.7868157298210114,10
3087,13,53,53,25,-0.787488592703762,28
3088,57,23,15,12,-0.79302874453833,11
3089,88,22,2,11,-0.7956469041111237,11
3090,40,14,56,7,-0.8062835825274064,7
3091,50,31,84,15,-0.8064114901977935,16
3092,107,58,96,31,-0.8081270899904945,27
3093,68,47,107,25,-0.811263634614022,22
3094,20,27,74,13,-0.8203305748765273,14
3095,18,57,7,28,-0.8231688841647117,29
3096,46,16,2,8,-0.8285194662826783,8
3097,93,19,107,9,-0.8317061972633653,10
3098,30,23,28,11,-0.840323990421683,12
3099,74,40,54,20,-0.8415267564978521,20
3100,68,39,27,21,-0.8444718126987766,18
3101,86,56,50,27,-0.8444740252545996,29
3102,50,11,62,6,-0.8451062062670082,5
3103,63,28,71,15,-0.8479499084443569,13
3104,16,17,34,9,-0.8560019455164201,8
3105,114,10,10,6,-0.8617397018011254,4
3106,71,21,55,12,-0.8636848327030733,9
3107,112,20,107,11,-0.8660939476152466,9
3108,39,72,7,36,-0.8666556089412238,36
3109,49,27,7,12,-0.8744069756975955,15
3110,68,47,111,23,-0.87462883933747,24
3111,41,40,39,19,-0.8751561183312209,21
3112,57,21,37,11,-0.877816000827672,10
3113,4,21,77,11,-0.8810684428976734,10
3114,83,17,60,9,-0.8851626447494985,8
3115,106,10,3,5,-0.8904989515497619,5
3116,48,24,8,13,-0.8990865709573216,11
3117,74,17,68,10,-0.9001065237726515,7
3118,63,65,107,30,-0.9004862155219557,35
3119,79,17,84,8,-0.9012801816556617,9
3120,3,13,23,7,-0.9036934098771321,6
3121,75,35,36,16,-0.9076169876586756,19
3122,50,17,43,10,-0.911659904777202,7
3123,17,29,13,15,-0.9119970594892034,14
3124,33,20,13,10,-0.9181205054603415,10
3125,65,18,102,8,-0.9231577333764884,10
3126,104,33,39,17,-0.924396755600099,16
3127,86,17,33,8,-0.9246066959077452,9
3128,83,11,102,6,-0.9259324073609722,5
3129,39,33,47,17,-0.9409236558902793,16
3130,114,13,112,6,-0.9421647262329372,7
3131,8,20,7,11,-0.9446580951337818,9
3132,27,41,107,21,-0.952515535377432,20
3133,5,14,14,8,-0.9561035605846475,6
3134,106,38,104,19,-0.9604760273979325,19
3135,51,50,37,23,-0.9710667257210696,27
3136,87,16,14,9,-0.9719183858987275,7
3137,17,26,114,15,-0.9721557918960135,11
3138,88,11,79,6,-0.973600472994728,5
3139,5,65,107,33,-0.9748363761521153,32
3140,31,33,51,19,-0.9782499075201476,14
3141,17,29,50,16,-0.9785385252670543,13
3142,28,38,39,19,-0.9827440527550564,19
3143,100,14,64,8,-0.9873146869937529,6
3144,28,21,60,9,-0.9891037947174117,12
3145,111,17,23,7,-0.9902411232186308,10
3146,79,14,107,6,-0.9916516151596952,8
3147,17,37,37,21,-0.9978108601802036,16
3148,39,40,8,20,-0.9993368710228037,20
3149,7,39,114,21,-1.0047894280060643,18
3150,93,11,114,5,-1.0049906589581687,6
3151,39,28,3,15,-1.0052798762555943,13
3152,75,43,13,23,-1.0053644322647692,20
3153,88,59,114,30,-1.0065827898738118,29
3154,86,55,114,28,-1.0093977966930037,27
3155,94,17,43,8,-1.0114215769239345,9
3156,33,10,70,5,-1.0222975969230645,5
3157,44,20,63,11,-1.0233184771026504,9
3158,87,41,11,19,-1.0271101816892427,22
3159,7,22,35,11,-1.02999883395421,11
3160,3,14,45,7,-1.0349134798027073,7
3161,20,29,114,15,-1.0369418237684724,14
3162,88,21,90,10,-1.0373159148886413,11
3163,69,19,114,11,-1.0427404151557151,8
3164,40,37,16,20,-1.0479395774839417,17
3165,76,25,28,12,-1.059013659975815,13
3166,87,35,18,19,-1.059533339757231,16
3167,109,30,104,15,-1.063865849600061,15
3168,20,43,8,22,-1.0648602565838075,21
3169,8,55,70,28,-1.0665028298167962,27
3170,107,47,41,26,-1.0674629923260874,21
3171,66,12,106,7,-1.0707591278531368,5
3172,37,20,67,11,-1.0707700527635244,9
3173,97,19,64,10,-1.0748997556854094,9
3174,51,31,3,13,-1.07766431810536,18
3175,39,46,65,26,-1.0892678939812854,20
3176,74,13,40,7,-1.0901529369074696,6
3177,11,16,14,9,-1.0923565448715815,7
3178,60,67,13,37,-1.0987386561282542,30
3179,33,16,54,9,-1.1000953180608284,7
3180,106,39,70,19,-1.1024614638047292,20
3181,2,18,96,9,-1.1039761816908782,9
3182,45,19,40,10,-1.1043531225931214,9
3183,55,13,73,7,-1.1082443575059588,6
3184,40,47,63,25,-1.1085655861732648,22
3185,57,17,25,9,-1.1122394350713356,8
3186,88,18,61,8,-1.1254133453483963,10
3187,114,13,33,6,-1.1286658148323805,7
3188,107,19,81,9,-1.1293503192154632,10
3189,106,26,36,13,-1.1307287364062808,13
3190,16,47,23,25,-1.1335884234619735,22
3191,109,15,48,8,-1.1338129007062274,7
3192,91,31,88,16,-1.1352768006015461,15
3193,38,11,80,5,-1.1354310640359402,6
3194,71,73,60,38,-1.1360670304013198,35
3195,28,46,13,24,-1.1383330164762764,22
3196,98,11,39,6,-1.1404948944014273,5
3197,41,77,7,39,-1.1507255004660388,38
3198,27,16,47,9,-1.1658557312566071,7
3199,74,14,12,7,-1.1676100167547812,7
3200,9,21,46,10,-1.1799938454171792,11
3201,43,17,69,9,-1.1823687630105748,8
3202,109,25,25,13,-1.1927554377225942,12
3203,74,51,16,27,-1.1989524884769094,24
3204,97,33,25,17,-1.2112097532933461,16
3205,46,12,38,7,-1.2117798317776216,5
3206,74,11,98,6,-1.2137114800422124,5
3207,16,52,11,30,-1.2153029592090678,22
3208,107,39,18,22,-1.2178225985109594,17
3209,55,50,87,26,-1.2223891795427406,24
3210,9,26,71,14,-1.2262156519313807,12
3211,60,16,38,9,-1.2292640845256295,7
3212,61,14,13,8,-1.2296565256158196,6
3213,95,16,63,8,-1.233969730193377,8
3214,31,25,71,13,-1.2380158081615502,12
3215,4,30,107,15,-1.2387516471106224,15
3216,43,12,104,7,-1.2430962980218272,5
3217,71,10,1,6,-1.2456643982922142,4
3218,89,10,65,5,-1.2467666872041385,5
3219,16,30,109,15,-1.2499451161124762,15
3220,51,62,40,32,-1.256912421616875,30
3221,99,26,55,14,-1.260544955494955,12
3222,14,15,107,7,-1.262180496300674,8
3223,37,34,88,18,-1.2630751326836194,16
3224,55,42,75,24,-1.263536649450621,18
3225,65,27,50,14,-1.2644687002361992,13
3226,55,82,8,40,-1.2721684605222614,42
3227,51,30,50,15,-1.277023353905357,15
3228,109,20,97,10,-1.2834069052578214,10
3229,88,17,12,9,-1.2849459638777523,8
3230,13,31,15,17,-1.2870483465437976,14
3231,74,22,2,12,-1.2925512141562505,10
3232,60,43,65,25,-1.2925574145160876,18
3233,13,44,5,23,-1.3023509853743016,21
3234,102,11,70,4,-1.3043211125718082,7
3235,108,12,37,6,-1.3047215727540855,6
3236,51,12,32,6,-1.314434714983353,6
3237,8,16,10,9,-1.3145513780375313,7
3238,54,13,72,7,-1.3158490559472218,6
3239,88,60,46,30,-1.3171891594634109,30
3240,80,18,74,9,-1.3199661328668575,9
3241,109,25,60,13,-1.3235251021634893,12
3242,65,22,15,12,-1.3276516223555772,10
3243,65,13,61,6,-1.3279652478825155,7
3244,68,39,64,22,-1.3356994520331136,17
3245,37,66,8,34,-1.3357403383797612,32
3246,51,44,8,23,-1.3380278840989295,21
3247,60,53,77,28,-1.3387501143482283,25
3248,7,48,71,23,-1.3388864417450879,25
3249,90,17,84,9,-1.3434141546201466,8
3250,88,37,97,19,-1.3490743629309028,18
3251,60,44,53,24,-1.3503746570549038,20
3252,70,39,107,19,-1.3599998705907195,20
3253,104,31,68,15,-1.3616459533032323,16
3254,30,26,25,12,-1.3633847180345777,14
3255,23,13,27,6,-1.3665703255989474,7
3256,60,32,43,17,-1.3669655093775135,15
3257,39,54,87,29,-1.367101250206611,25
3258,76,11,90,5,-1.371109786983603,6
3259,48,10,75,5,-1.3711471542080287,5
3260,109,29,87,16,-1.3766608968038976,13
3261,41,30,106,15,-1.3806292559177735,15
3262,7,31,95,17,-1.3809406634768695,14
3263,11,41,50,22,-1.3816262941644981,19
3264,29,11,36,5,-1.3837445576600587,6
3265,114,15,15,8,-1.3858486532762986,7
3266,74,15,17,8,-1.3910983775391348,7
3267,37,13,43,6,-1.39155356085389,7
3268,16,25,44,12,-1.3924747988210244,13
3269,106,25,100,12,-1.3941621457208517,13
3270,83,15,7,9,-1.3943529604549403,6
3271,9,13,91,7,-1.3946381880594534,6
3272,95,19,20,10,-1.3957034121223266,9
3273,56,10,16,6,-1.398489957964547,4
3274,44,12,75,7,-1.3998373775330364,5
3275,95,17,70,8,-1.4011695857654913,9
3276,11,15,102,9,-1.4114820984859553,6
3277,40,16,12,8,-1.412082266616442,8
3278,86,47,68,23,-1.415388675025289,24
3279,63,17,49,9,-1.4171594607729328,8
3280,87,23,80,12,-1.4202226913102634,11
3281,45,35,36,16,-1.4232731245081227,19
3282,41,70,65,39,-1.4285809086277088,31
3283,28,12,19,6,-1.429288766824448,6
3284,25,28,50,14,-1.4391705454909016,14
3285,97,21,20,10,-1.4395279608818727,11
3286,63,55,106,28,-1.4485566818099482,27
3287,55,30,53,16,-1.4538038424746405,14
3288,89,16,50,9,-1.4560158637801313,7
3289,38,16,8,8,-1.4562520429495762,8
3290,83,23,25,13,-1.459720188055496,10
3291,55,64,86,34,-1.4599929257917068,30
3292,47,21,31,11,-1.4606130980712662,10
3293,23,16,112,9,-1.4656028868993891,7
3294,40,13,57,7,-1.4659794198664808,6
3295,65,89,63,46,-1.4663105199346156,43
3296,7,26,15,12,-1.4671619013667965,14
3297,2,32,86,16,-1.4682447143488924,16
3298,32,17,11,8,-1.4729852723414758,9
3299,63,15,73,7,-1.4760785674332912,8
3300,38,13,30,8,-1.477607779011386,5
3301,54,51,87,28,-1.4805638305796713,23
3302,13,59,4,32,-1.4911690163054772,27
3303,87,21,29,12,-1.496087722033852,9
3304,108,17,50,8,-1.5013768012598367,9
3305,54,26,102,14,-1.5038621703367974,12
3306,20,77,86,41,-1.5052536125341243,36
3307,5,63,28,32,-1.5122016375527894,31
3308,55,12,46,7,-1.514859018089955,5
3309,8,12,43,6,-1.5194230889621378,6
3310,37,14,35,7,-1.523131742310598,7
3311,88,34,1,17,-1.5234508852206479,17
3312,53,13,29,8,-1.5317670028644754,5
3313,46,32,107,16,-1.5343792707290005,16
3314,45,23,13,12,-1.5362814776486233,11
3315,46,25,97,13,-1.53794225986029,12
3316,60,52,51,30,-1.5379585605411297,22
3317,17,30,107,16,-1.5475941526714119,14
3318,74,26,11,14,-1.5483769164487973,12
3319,14,15,106,7,-1.552388543907857,8
3320,51,42,17,21,-1.5539556128144012,21
3321,65,84,7,41,-1.5543231245397562,43
3322,83,23,104,13,-1.5563880557352991,10
3323,100,12,97,6,-1.5601199386945845,6
3324,61,17,40,9,-1.5607473214395375,8
3325,111,14,9,7,-1.5621342613374538,7
3326,60,54,107,29,-1.5627254967293462,25
3327,43,12,58,6,-1.565331234676389,6
3328,86,100,106,52,-1.5692663469089445,48
3329,46,25,60,13,-1.5735893742532685,12
3330,90,22,55,10,-1.578656952498874,12
3331,16,60,60,31,-1.5827171720558997,29
3332,25,15,2,7,-1.5845186001024019,8
3333,40,73,7,40,-1.588804971289502,33
3334,90,10,64,5,-1.5921132093044663,5
3335,30,18,99,10,-1.5949338139614573,8
3336,13,64,86,32,-1.600425352470335,32
3337,43,13,70,7,-1.6071210379776915,6
3338,74,59,107,32,-1.6086403256327972,27
3339,69,20,87,11,-1.6090402907699282,9
3340,86,35,91,18,-1.6127783916757956,17
3341,63,43,68,22,-1.6131794883842976,21
3342,28,83,16,44,-1.6231931106359216,39
3343,96,19,39,11,-1.6315253594413601,8
3344,20,12,85,6,-1.6390974332364685,6
3345,88,44,106,25,-1.6421661548035542,19
3346,107,39,71,22,-1.6439964154336006,17
3347,57,10,95,4,-1.6443605111684718,6
3348,39,10,69,5,-1.6443957977700934,5
3349,68,23,36,12,-1.6511686348202665,11
3350,48,19,106,10,-1.6634533717988316,9
3351,109,13,43,7,-1.6656590774438986,6
3352,31,28,45,15,-1.6710870406691087,13
3353,39,45,63,27,-1.672960461470019,18
3354,13,30,20,15,-1.6736140320651678,15
3355,69,18,50,8,-1.6863624004387787,10
3356,107,66,84,35,-1.6864806299862012,31
3357,13,62,41,32,-1.6944548774743566,30
3358,23,25,51,13,-1.6961813528047356,12
3359,23,15,36,6,-1.6972875274185715,9
3360,102,16,20,8,-1.6989391239814924,8
3361,37,10,48,5,-1.703593750319215,5
3362,7,40,54,21,-1.7088310244062668,19
3363,86,42,9,23,-1.7117622661778302,19
3364,40,46,9,25,-1.7148595920822798,21
3365,90,36,107,18,-1.723381098959678,18
3366,11,49,8,27,-1.7256786381417557,22
3367,45,15,63,8,-1.7260545689947928,7
3368,88,41,64,23,-1.7261436726188826,18
3369,50,11,83,5,-1.7272952536822093,6
3370,12,13,50,5,-1.7279667161947843,8
3371,11,14,60,7,-1.729783938603551,7
3372,75,19,70,9,-1.7314858975507368,10
3373,43,24,51,12,-1.7315989391195261,12
3374,5,51,46,28,-1.7323776092910628,23
3375,106,19,48,10,-1.7335189393534853,9
3376,57,16,68,8,-1.7355749286087518,8
3377,88,37,36,21,-1.7392851936744331,16
3378,23,26,8,13,-1.7400762718841147,13
3379,6,11,18,6,-1.7414584600944745,5
3380,36,33,60,17,-1.7416473627060742,16
3381,51,39,53,20,-1.7493185772901758,19
3382,107,38,97,19,-1.7507246476170446,19
3383,68,31,4,16,-1.7510661926181545,15
3384,88,56,87,27,-1.7513462767543797,29
3385,70,26,84,14,-1.7530345342228948,12
3386,54,27,84,15,-1.7533288896590713,12
3387,110,11,88,5,-1.7642228121429868,6
3388,8,15,49,9,-1.7678498041146895,6
3389,16,62,104,33,-1.7780277088526335,29
3390,84,13,102,7,-1.7793224025292758,6
3391,90,25,37,13,-1.7816453937181784,12
3392,86,24,15,13,-1.8030894581437409,11
3393,28,65,8,35,-1.8060421386611965,30
3394,25,22,36,11,-1.8071440138268584,11
3395,111,18,40,9,-1.8104998545748818,9
3396,64,12,80,6,-1.8118137894523876,6
3397,28,18,79,10,-1.8130893193426156,8
3398,84,14,13,8,-1.8143890124288107,6
3399,109,11,71,6,-1.819641782820222,5
3400,99,13,102,7,-1.8212893413036864,6
3401,84,16,114,9,-1.8232489038137314,7
3402,114,13,44,7,-1.8263733365516708,6
3403,69,17,9,9,-1.8276767965349947,8
3404,13,29,74,15,-1.8278354237299068,14
3405,49,20,54,10,-1.8291542659227744,10
3406,96,38,84,19,-1.835648682700679,19
3407,107,27,98,14,-1.8407678461542192,13
3408,106,10,103,6,-1.8460294979122165,4
3409,97,22,53,12,-1.8492466822191078,10
3410,76,22,46,12,-1.8507100299988153,10
3411,86,11,6,6,-1.8539951054916275,5
3412,51,19,98,10,-1.8552094547524458,9
3413,106,61,87,31,-1.8566326197242504,30
3414,60,49,39,25,-1.8593987986836014,24
3415,54,28,64,14,-1.8650724062797466,14
3416,5,95,37,49,-1.865428870342572,46
3417,54,26,17,13,-1.867393134138254,13
3418,39,37,9,18,-1.8697146872485257,19
3419,69,11,94,6,-1.8749407442851007,5
3420,79,14,8,6,-1.8787453444383126,8
3421,8,41,2,21,-1.8848654476169693,20
3422,64,23,25,12,-1.8857238852847689,11
3423,106,35,20,19,-1.890590591428699,16
3424,13,17,12,11,-1.8936650760132092,6
3425,84,36,87,19,-1.8949157222211868,17
3426,51,25,108,13,-1.9002486171144384,12
3427,54,17,85,10,-1.9006272791395151,7
3428,39,58,13,30,-1.9010983385285236,28
3429,88,13,14,7,-1.902096229341472,6
3430,106,32,97,16,-1.9159665785715099,16
3431,76,11,99,5,-1.9173589523208336,6
3432,41,21,70,10,-1.9198471114809519,11
3433,28,25,80,13,-1.9225523112040797,12
3434,18,21,114,11,-1.923577249757447,10
3435,40,19,70,11,-1.9276789997691202,8
3436,97,14,23,7,-1.9330528734436563,7
3437,98,10,32,5,-1.9380052263831622,5
3438,104,13,110,8,-1.9388474450810558,5
3439,31,14,23,8,-1.9392936999416424,6
3440,55,20,25,11,-1.9429576796619947,9
3441,19,11,98,7,-1.9474548221717738,4
3442,64,34,36,17,-1.9485056781764598,17
3443,71,12,78,6,-1.9545808326383198,6
3444,35,11,50,6,-1.9581460146246743,5
3445,17,22,8,11,-1.9650399384720443,11
3446,76,18,41,8,-1.972404836446448,10
3447,15,15,64,7,-1.974538086287131,8
3448,76,46,106,22,-1.9803869538705086,24
3449,25,38,28,22,-1.983389891159918,16
3450,13,13,48,7,-1.984822076945226,6
3451,4,19,53,10,-1.987694792892672,9
3452,86,55,70,30,-1.99170528882216,25
3453,112,15,104,8,-1.9939359727925703,7
3454,7,24,69,12,-1.9945381002011557,12
3455,17,14,64,7,-1.997717670710988,7
3456,97,22,83,10,-2.007636873207568,12
3457,13,29,109,16,-2.010974217190567,13
3458,90,36,8,20,-2.01946478207178,16
3459,78,18,13,10,-2.024766653873771,8
3460,87,30,75,16,-2.024772500508876,14
3461,13,11,32,6,-2.026181507027533,5
3462,114,14,91,7,-2.031242634143396,7
3463,79,11,55,6,-2.0315889229013417,5
3464,63,12,58,5,-2.0345686518653676,7
3465,88,14,89,7,-2.035463499061412,7
3466,74,19,100,10,-2.0359479445815105,9
3467,60,24,90,14,-2.039727571926182,10
3468,51,34,18,17,-2.042743355152735,17
3469,88,21,93,12,-2.047097578055207,9
3470,80,31,65,16,-2.05091984654234,15
3471,90,45,86,25,-2.0574221764428238,20
3472,31,25,3,12,-2.062807661672897,13
3473,49,16,68,8,-2.063780554877947,8
3474,63,10,82,5,-2.0779758612966877,5
3475,65,47,74,24,-2.0847963525870905,23
3476,91,12,17,7,-2.0932516032559643,5
3477,8,22,97,11,-2.094799206270941,11
3478,55,34,83,17,-2.0962093979720193,17
3479,60,24,99,13,-2.100940382067204,11
3480,60,21,15,12,-2.1017320838613562,9
3481,3,10,77,6,-2.1078393954054353,4
3482,17,13,1,7,-2.1103206894628075,6
3483,33,12,74,6,-2.113811361821,6
3484,30,13,48,6,-2.114145406665778,7
3485,64,20,1,10,-2.116432620959366,10
3486,70,11,53,6,-2.117480208536356,5
3487,107,68,51,39,-2.1219848270849972,29
3488,84,26,37,14,-2.1240499046478805,12
3489,43,16,35,8,-2.1256405181906706,8
3490,91,30,28,16,-2.128036121988931,14
3491,51,39,9,20,-2.14335596169476,19
3492,46,27,87,13,-2.150785198948074,14
3493,16,29,48,16,-2.1636694951809585,13
3494,74,14,88,9,-2.16536396125082,5
3495,54,75,86,39,-2.1689438842347455,36
3496,39,11,33,6,-2.1701558874520313,5
3497,51,11,58,6,-2.1730217085446246,5
3498,93,16,84,8,-2.173203038685071,8
3499,94,11,114,5,-2.180080939335122,6
3500,70,26,63,14,-2.1813121472430432,12
3501,112,16,13,8,-2.186416558676373,8
3502,74,64,8,36,-2.1866220406514896,28
3503,54,10,31,5,-2.1866689261471493,5
3504,76,15,84,8,-2.2084039467189505,7
3505,13,51,49,26,-2.2090696411697515,25
3506,55,19,57,9,-2.210406003923328,10
3507,96,50,5,28,-2.21142719225076,22
3508,17,27,106,16,-2.2117443407707005,11
3509,8,11,112,5,-2.214468435350456,6
3510,99,13,98,6,-2.22125816779338,7
3511,114,11,11,5,-2.2223336020983733,6
3512,33,11,88,5,-2.224220943421554,6
3513,25,16,90,9,-2.226157693683706,7
3514,74,27,20,15,-2.230377352624161,12
3515,70,25,68,13,-2.2334926025833965,12
3516,3,14,81,8,-2.2358028798300933,6
3517,104,35,87,17,-2.2393020839894078,18
3518,11,18,7,10,-2.23932059026862,8
3519,17,23,49,14,-2.240439478067099,9
3520,27,10,70,5,-2.243263258457554,5
3521,4,38,88,20,-2.24592170041755,18
3522,54,14,41,7,-2.2511014360561394,7
3523,25,30,95,16,-2.25397314365567,14
3524,96,66,28,35,-2.2674069446039327,31
3525,31,10,61,5,-2.2696136748473594,5
3526,71,16,80,8,-2.2753923838048147,8
3527,16,15,19,8,-2.2755213681074635,7
3528,35,20,88,10,-2.2787018333731495,10
3529,17,21,46,11,-2.279991454185124,10
3530,114,38,63,23,-2.2836807270192585,15
3531,74,46,37,24,-2.2838690954080456,22
3532,4,13,106,6,-2.287883468044352,7
3533,55,68,13,36,-2.2918443983884624,32
3534,45,18,114,10,-2.292094813707231,8
3535,5,24,100,13,-2.2932427434044693,11
3536,65,33,97,18,-2.294354223312199,15
3537,109,16,68,10,-2.29851232062389,6
3538,32,21,86,11,-2.2989864902239,10
3539,109,13,23,7,-2.3017906431791286,6
3540,50,12,58,6,-2.303376752943112,6
3541,3,23,9,12,-2.3162904113567793,11
3542,60,26,3,14,-2.3182866914035363,12
3543,102,21,104,10,-2.320627297470276,11
3544,64,23,50,12,-2.3285304422785043,11
3545,5,51,109,26,-2.3285813949081646,25
3546,53,28,25,14,-2.3301510854690832,14
3547,88,57,40,31,-2.330477029151316,26
3548,63,22,46,10,-2.3313756374008836,12
3549,4,17,104,10,-2.3357072159096566,7
3550,51,20,57,10,-2.342442465208323,10
3551,31,36,4,21,-2.3535355966794675,15
3552,49,48,39,27,-2.353804446492822,21
3553,109,14,96,8,-2.3566759619593642,6
3554,5,23,99,12,-2.3616219022642833,11
3555,70,19,7,12,-2.364945757295021,7
3556,50,24,40,14,-2.3671440474550494,10
3557,96,55,8,30,-2.3714393570924233,25
3558,84,28,55,15,-2.3790863004124483,13
3559,86,41,71,21,-2.381013041233798,20
3560,65,86,13,47,-2.3833738604192134,39
3561,56,13,75,8,-2.3840139649043506,5
3562,104,25,96,14,-2.3866419839158355,11
3563,71,21,4,13,-2.3871750117365993,8
3564,95,40,104,22,-2.389034218387607,18
3565,8,12,111,6,-2.390343846489093,6
3566,87,22,83,11,-2.3903571419434884,11
3567,63,17,17,9,-2.392516388601692,8
3568,28,38,46,22,-2.3990178798165633,16
3569,8,10,56,6,-2.4000860547179794,4
3570,60,20,78,10,-2.402430835134886,10
3571,68,31,3,17,-2.4024413251399017,14
3572,80,26,20,14,-2.4033351571638573,12
3573,38,21,68,12,-2.407021082950757,9
3574,51,24,47,12,-2.4094573680997575,12
3575,93,33,8,17,-2.4111455321691304,16
3576,92,11,65,6,-2.411285975254871,5
3577,39,35,71,19,-2.4158892555534424,16
3578,25,46,107,24,-2.4187485647838773,22
3579,99,11,109,6,-2.419517402501058,5
3580,75,20,91,7,-2.4323694332612673,13
3581,69,24,41,15,-2.435433530316399,9
3582,106,39,55,22,-2.4381392466666045,17
3583,86,18,12,10,-2.4382543520920796,8
3584,88,31,96,16,-2.4406464912019885,15
3585,50,10,32,4,-2.4440541907162716,6
3586,68,22,30,11,-2.4504178114938604,11
3587,27,10,54,5,-2.463869496934477,5
3588,69,17,74,8,-2.466497282082454,9
3589,74,40,87,22,-2.4671563114027464,18
3590,51,25,12,14,-2.4675072863255414,11
3591,81,17,4,10,-2.467812477706327,7
3592,9,61,7,31,-2.4756046461152823,30
3593,39,30,95,16,-2.481130681096556,14
3594,68,59,65,32,-2.4863573145608657,27
3595,111,11,18,6,-2.489910872635885,5
3596,3,20,65,11,-2.4971368500383213,9
3597,109,18,37,10,-2.5010134043415313,8
3598,51,68,88,33,-2.507302443136165,35
3599,96,37,106,21,-2.5084238105055885,16
3600,68,105,7,57,-2.5114811010541356,48
3601,36,15,12,8,-2.5163199425137495,7
3602,50,32,39,17,-2.524569549657206,15
3603,4,18,39,10,-2.5267698999647226,8
3604,9,33,36,18,-2.527924078037467,15
3605,16,23,102,12,-2.528185641545434,11
3606,64,27,87,14,-2.5304532187422577,13
3607,107,27,108,14,-2.5311945782165,13
3608,60,11,111,7,-2.535604443502029,4
3609,11,35,63,21,-2.539597707853179,14
3610,16,13,52,7,-2.542332195506543,6
3611,38,20,64,11,-2.5449420802693488,9
3612,36,74,7,40,-2.54935875079736,34
3613,1,19,73,11,-2.5534291003907295,8
3614,84,29,16,15,-2.553730719112528,14
3615,83,16,51,10,-2.556300922595479,6
3616,63,10,83,4,-2.557624644664858,6
3617,16,20,72,11,-2.5595101413751187,9
3618,51,43,28,22,-2.5635290356109595,21
3619,87,13,92,7,-2.5651869545632544,6
3620,107,50,50,26,-2.5656690703128167,24
3621,91,11,47,6,-2.565831417578021,5
3622,71,14,69,7,-2.582352607553779,7
3623,7,50,104,27,-2.5854072339864174,23
3624,62,21,87,11,-2.586304566496697,10
3625,87,25,71,13,-2.590103521421834,12
3626,16,36,57,19,-2.592075805213918,17
3627,20,36,88,18,-2.5921704707151747,18
3628,109,10,1,5,-2.592960677140225,5
3629,51,81,13,42,-2.5933197102801517,39
3630,31,23,39,13,-2.5934090452929364,10
3631,27,19,40,8,-2.5947052105553348,11
3632,13,83,68,46,-2.5976902388524796,37
3633,91,23,36,13,-2.600483205457647,10
3634,86,20,93,11,-2.6126285193850958,9
3635,40,16,11,9,-2.612795985816362,7
3636,2,13,76,8,-2.6134640032331116,5
3637,107,21,29,13,-2.6150940750243037,8
3638,41,12,11,8,-2.6159479780993316,4
3639,20,26,11,15,-2.6225934054521076,11
3640,16,44,41,22,-2.6236346308099376,22
3641,57,10,27,5,-2.625816231763606,5
3642,13,85,16,47,-2.627845919438654,38
3643,39,30,17,17,-2.63473827504273,13
3644,114,28,54,14,-2.6355280322257006,14
3645,95,14,33,8,-2.6415453896084555,6
3646,107,23,85,12,-2.6429439355468864,11
3647,5,60,16,35,-2.643518445682432,25
3648,37,21,30,12,-2.6448172779185537,9
3649,86,43,23,23,-2.6484576158238538,20
3650,8,24,30,13,-2.6514132136935475,11
3651,65,48,53,25,-2.6519126498591334,23
3652,36,13,57,8,-2.653116090105381,5
3653,88,29,92,16,-2.65412565592523,13
3654,91,13,74,7,-2.658254293210725,6
3655,76,10,47,3,-2.6595736051653853,7
3656,74,25,114,13,-2.666972342657448,12
3657,75,18,95,10,-2.672802736686619,8
3658,44,17,25,9,-2.673535476281759,8
3659,5,25,39,13,-2.6791322172692884,12
3660,17,17,90,8,-2.680753861205159,9
3661,35,11,13,6,-2.684594978225239,5
3662,71,40,65,23,-2.6867803351656674,17
3663,18,14,12,8,-2.7036570911929836,6
3664,37,57,107,31,-2.7122377942768767,26
3665,33,21,16,13,-2.716908579534641,8
3666,80,11,95,6,-2.7197438471090796,5
3667,28,50,11,26,-2.7199624016130106,24
3668,70,31,104,17,-2.7208109249750048,14
3669,88,53,55,31,-2.721264805593774,22
3670,30,12,9,7,-2.7296904854733155,5
3671,34,12,75,6,-2.7327928404854562,6
3672,106,50,65,27,-2.735321183024918,23
3673,104,22,97,11,-2.7396377781056187,11
3674,28,94,86,52,-2.7543527010347275,42
3675,64,42,53,23,-2.7590266802927172,19
3676,60,31,18,17,-2.759241709022921,14
3677,17,15,84,8,-2.7602454757884107,7
3678,77,17,5,9,-2.7658375671945885,8
3679,40,11,38,5,-2.771552043064858,6
3680,10,11,5,5,-2.7716738654503192,6
3681,3,27,107,13,-2.7747494462017355,14
3682,55,16,3,9,-2.7857743268426365,7
3683,97,15,9,7,-2.7891659901703596,8
3684,108,19,86,9,-2.7920033870005003,10
3685,36,13,100,7,-2.7923934619121096,6
3686,1,26,7,14,-2.793205495238504,12
3687,114,25,4,13,-2.7973762559419417,12
3688,19,13,15,7,-2.8034318915529908,6
3689,112,14,106,7,-2.805082024542768,7
3690,41,15,99,8,-2.808167291861728,7
3691,36,32,1,16,-2.8095303452930684,16
3692,106,33,68,18,-2.8127952198562447,15
3693,48,17,65,10,-2.813018636762518,7
3694,109,32,51,20,-2.817926639661738,12
3695,47,13,64,8,-2.821240379057225,5
3696,71,13,18,7,-2.821320109059578,6
3697,38,21,16,13,-2.8217292489636367,8
3698,23,47,107,25,-2.8244859300002187,22
3699,74,33,104,19,-2.832959821636547,14
3700,65,18,77,9,-2.836180648453273,9
3701,58,14,16,8,-2.8389435880706166,6
3702,60,12,89,6,-2.8396731138810423,6
3703,23,19,95,10,-2.8404436396815522,9
3704,65,84,16,46,-2.8433317593388634,38
3705,104,13,23,8,-2.8445076862849517,5
3706,61,10,47,6,-2.846896267551428,4
3707,33,13,97,7,-2.8486496222061595,6
3708,93,16,16,8,-2.84909796422719,8
3709,18,20,74,10,-2.8496142222224696,10
3710,96,16,73,9,-2.853430398009382,7
3711,99,18,51,9,-2.8534777973740635,9
3712,28,53,88,30,-2.8540426797765646,23
3713,46,23,68,12,-2.8541343211422934,11
3714,86,48,60,26,-2.8571270629897767,22
3715,65,54,28,30,-2.864556092070314,24
3716,20,42,87,22,-2.869120615934056,20
3717,75,21,27,11,-2.8742147115996155,10
3718,60,23,63,13,-2.8746236800640066,10
3719,7,31,43,18,-2.8869337290340296,13
3720,74,24,75,14,-2.8903655619324415,10
3721,78,20,68,11,-2.8969266940151783,9
3722,70,10,44,5,-2.8975248911261424,5
3723,108,13,71,7,-2.8992906212622866,6
3724,37,19,91,10,-2.9050960547005253,9
3725,108,12,25,7,-2.9132670669268257,5
3726,106,19,102,9,-2.9207255392565092,10
3727,86,82,74,43,-2.9212877807151494,39
3728,77,20,68,11,-2.921785034678846,9
3729,100,24,8,14,-2.9246971191484055,10
3730,65,15,99,8,-2.925348959200731,7
3731,3,15,61,7,-2.93476140357165,8
3732,87,20,36,12,-2.9355732508976633,8
3733,76,17,30,10,-2.9372015853586078,7
3734,87,18,27,10,-2.9433814414019763,8
3735,40,32,41,17,-2.946728808508273,15
3736,38,31,86,17,-2.9478210267751135,14
3737,8,78,86,40,-2.9505503650201597,38
3738,8,16,80,8,-2.9519293865537106,8
3739,38,17,9,9,-2.961582849274608,8
3740,53,11,47,6,-2.967218161853792,5
3741,37,21,2,11,-2.96975801126945,10
3742,94,12,60,6,-2.9727316679047604,6
3743,4,32,36,19,-2.9739066740354194,13
3744,106,36,84,18,-2.9754739608250116,18
3745,51,12,6,6,-2.980948961210987,6
3746,49,24,107,12,-2.9811174657733575,12
3747,53,27,95,17,-2.981134349868032,10
3748,30,10,74,5,-2.9862406732405895,5
3749,7,25,100,14,-2.9877637593718043,11
3750,37,37,65,19,-2.9918797859979525,18
3751,18,10,27,5,-2.996654278290003,5
3752,41,28,64,17,-2.998546228465672,11
3753,69,11,4,6,-2.9994841766617175,5
3754,34,19,86,11,-3.0001295891069586,8
3755,34,14,96,8,-3.001763014782562,6
3756,38,19,88,12,-3.0023329742590943,7
3757,7,27,6,12,-3.013941061604383,15
3758,55,10,78,5,-3.0279933852134207,5
3759,47,16,41,9,-3.031406429138557,7
3760,49,16,65,9,-3.0342561495428084,7
3761,65,39,25,23,-3.0368934823131157,16
3762,96,13,38,7,-3.0422152322461713,6
3763,55,14,48,8,-3.0636269177668387,6
3764,25,18,71,10,-3.0644100067848146,8
3765,114,40,60,18,-3.0670908685799043,22
3766,25,30,75,17,-3.069551733540898,13
3767,41,11,74,5,-3.0735662157516845,6
3768,102,30,28,16,-3.0740911214451745,14
3769,87,14,45,8,-3.086220297325659,6
3770,107,72,13,38,-3.093612492720178,34
3771,77,27,13,15,-3.0976815832127267,12
3772,91,10,64,6,-3.0993479020870796,4
3773,68,14,99,8,-3.100103615084465,6
3774,60,15,92,9,-3.101629065738581,6
3775,1,34,68,19,-3.102238947138022,15
3776,106,25,109,13,-3.1028448270841773,12
3777,53,26,106,13,-3.1050273222192404,13
3778,50,37,13,20,-3.1097024463042615,17
3779,4,24,50,12,-3.1105592371369597,12
3780,17,25,25,14,-3.1106502600539105,11
3781,80,11,36,6,-3.1158574211756616,5
3782,27,10,15,5,-3.1179326913841714,5
3783,91,27,5,16,-3.121858390948631,11
3784,87,37,30,20,-3.135051615658294,17
3785,23,23,75,11,-3.148733601092015,12
3786,17,13,87,7,-3.155787932459329,6
3787,84,85,86,44,-3.15758944772919,41
3788,82,21,86,12,-3.1586560919846263,9
3789,62,17,13,9,-3.161295276739798,8
3790,74,14,90,9,-3.168061351028922,5
3791,51,48,54,26,-3.1685476843403935,22
3792,86,16,110,9,-3.1694821197260485,7
3793,60,25,106,15,-3.171261503808182,10
3794,51,11,35,6,-3.1832252109996158,5
3795,65,25,83,13,-3.1850517665827933,12
3796,50,54,37,28,-3.1883352760136074,26
3797,38,16,29,9,-3.193559662814012,7
3798,81,14,68,8,-3.1985312995714845,6
3799,5,49,55,27,-3.198953177181802,22
3800,39,41,36,23,-3.1998605067578225,18
3801,76,12,44,7,-3.2019945343572456,5
3802,60,15,84,10,-3.2064037329190676,5
3803,31,47,60,23,-3.2094707274879264,24
3804,97,19,50,11,-3.210625734622642,8
3805,64,36,107,19,-3.2108312929962435,17
3806,23,19,64,10,-3.2123729115980186,9
3807,100,11,9,7,-3.213107615631007,4
3808,28,39,55,23,-3.2184704312839756,16
3809,63,29,97,16,-3.219195053710692,13
3810,7,55,23,30,-3.222928305376168,25
3811,16,21,4,10,-3.223993814900797,11
3812,41,44,51,24,-3.228342506596857,20
3813,35,18,16,11,-3.2305329948687067,7
3814,87,21,2,12,-3.2308938185741103,9
3815,97,10,56,5,-3.2314262120369195,5
3816,36,49,107,26,-3.234838704648262,23
3817,28,47,87,25,-3.2447645976260606,22
3818,6,15,68,9,-3.251551578791195,6
3819,19,10,69,5,-3.252485319903849,5
3820,25,47,114,27,-3.2540864225169766,20
3821,95,14,84,8,-3.2568961944145873,6
3822,74,24,7,15,-3.257493143792889,9
3823,95,14,76,8,-3.257651508839797,6
3824,7,114,13,62,-3.264302615697635,52
3825,76,23,98,13,-3.2651133620022033,10
3826,102,12,13,8,-3.269263582511039,4
3827,93,14,70,8,-3.2714518634318708,6
3828,17,12,85,7,-3.2737777276415283,5
3829,91,11,102,6,-3.2738070744638943,5
3830,67,13,114,7,-3.274670651234843,6
3831,45,18,16,11,-3.276855643218356,7
3832,54,11,69,6,-3.2958233839310727,5
3833,41,22,57,13,-3.299539223302888,9
3834,5,60,104,32,-3.3007473735225057,28
3835,17,38,16,23,-3.3028597486650213,15
3836,66,11,86,6,-3.309294151623436,5
3837,75,31,60,17,-3.313915862803686,14
3838,68,57,88,32,-3.315238564665118,25
3839,84,16,97,10,-3.316428205809935,6
3840,81,13,9,7,-3.3217764660677,6
3841,39,30,64,17,-3.3245242307335383,13
3842,34,10,78,5,-3.3271359801886407,5
3843,50,19,41,11,-3.331657114556132,8
3844,54,33,80,17,-3.332215932419911,16
3845,31,22,50,12,-3.3334236876453813,10
3846,109,12,69,7,-3.3344685187765157,5
3847,76,13,71,6,-3.3359186512389036,7
3848,5,13,68,7,-3.3380294056441127,6
3849,98,20,54,11,-3.3414082574983,9
3850,33,13,75,8,-3.342736023465549,5
3851,2,21,20,12,-3.343168498501611,9
3852,70,47,16,27,-3.3445553948476245,20
3853,91,15,40,8,-3.345577169162442,7
3854,20,10,83,5,-3.347889825164404,5
3855,107,15,14,9,-3.3479962116917545,6
3856,70,30,88,17,-3.3524090493184286,13
3857,3,12,54,6,-3.3552278990212483,6
3858,27,48,7,26,-3.3617414996167194,22
3859,8,23,14,13,-3.3634201583462153,10
3860,97,25,54,13,-3.364815342765676,12
3861,20,17,40,10,-3.3649339637959637,7
3862,88,59,60,34,-3.368425597291795,25
3863,55,56,107,30,-3.369618935589803,26
3864,86,89,63,52,-3.3718490723848773,37
3865,44,13,100,7,-3.3720452657314217,6
3866,98,15,73,8,-3.3800553651819163,7
3867,109,50,28,29,-3.38285741911239,21
3868,55,28,36,15,-3.383336577257353,13
3869,9,28,60,17,-3.384232112219374,11
3870,55,48,39,27,-3.3894226122709816,21
3871,104,10,73,6,-3.391491099464731,4
3872,28,13,4,7,-3.3940824912486858,6
3873,17,20,68,12,-3.395638967050424,8
3874,87,29,76,17,-3.3995265465111264,12
3875,98,26,104,12,-3.4091853213510745,14
3876,36,11,17,5,-3.417273645156755,6
3877,37,12,4,7,-3.4218717037755084,5
3878,25,31,102,17,-3.4382241991917164,14
3879,39,29,114,15,-3.4411172111260955,14
3880,86,106,16,59,-3.4524297350202198,47
3881,23,21,37,11,-3.4530437057487418,10
3882,5,23,33,12,-3.454327509177194,11
3883,51,49,106,27,-3.457607975311812,22
3884,37,46,20,25,-3.457621476755263,21
3885,107,29,34,17,-3.4592396196199293,12
3886,17,10,77,6,-3.4626586322684796,4
3887,1,32,13,19,-3.462932922524283,13
3888,5,60,74,32,-3.4699961467083447,28
3889,16,14,73,7,-3.4738693799097957,7
3890,81,10,23,6,-3.4745303728026347,4
3891,54,57,96,29,-3.47661338595835,28
3892,18,16,55,8,-3.481046717374471,8
3893,70,20,25,11,-3.484518115943737,9
3894,51,30,36,16,-3.4874600225025065,14
3895,36,13,62,7,-3.489528327052378,6
3896,114,36,97,20,-3.494809729950691,16
3897,9,26,50,15,-3.4989626487903873,11
3898,68,14,85,9,-3.5027894631624408,5
3899,107,19,93,11,-3.5035103312902427,8
3900,23,16,74,9,-3.5053157619270587,7
3901,33,10,49,6,-3.5057518320537775,4
3902,84,15,91,8,-3.5069437670955055,7
3903,104,38,8,21,-3.5073414065674897,17
3904,106,50,107,27,-3.5165007722129795,23
3905,17,11,112,6,-3.5191492672023625,5
3906,30,17,7,8,-3.5212250771957296,9
3907,43,18,63,10,-3.5248517337852396,8
3908,76,17,20,8,-3.5278207011714757,9
3909,87,28,3,16,-3.530098123744544,12
3910,7,15,44,8,-3.535266020755452,7
3911,69,26,88,15,-3.536532050456282,11
3912,36,65,40,37,-3.5400829247343655,28
3913,39,19,62,10,-3.544513110025233,9
3914,4,13,30,7,-3.554167963462701,6
3915,49,31,16,17,-3.554282234706272,14
3916,57,13,23,7,-3.554408044637194,6
3917,36,19,28,10,-3.554999615354126,9
3918,86,90,7,52,-3.5577462755235434,38
3919,33,11,64,7,-3.558110801858625,4
3920,8,71,16,40,-3.5597923636148607,31
3921,12,17,88,9,-3.5602960386233384,8
3922,23,12,33,7,-3.5712223539857573,5
3923,95,10,97,6,-3.58943247133478,4
3924,71,13,58,7,-3.5901555481142533,6
3925,13,14,34,7,-3.5918746626908375,7
3926,84,16,34,8,-3.604110620728508,8
3927,94,13,55,7,-3.6120696685756326,6
3928,88,39,11,22,-3.622315707377218,17
3929,18,19,43,9,-3.6267699505365183,10
3930,87,107,86,55,-3.6292274243498333,52
3931,69,10,6,5,-3.632252984558259,5
3932,108,11,48,7,-3.633614524897183,4
3933,108,14,75,8,-3.634090811617301,6
3934,5,60,88,32,-3.63799769202775,28
3935,60,28,30,18,-3.6429209013345942,10
3936,70,10,14,5,-3.6470421341148493,5
3937,2,19,16,11,-3.6499962386684315,8
3938,50,13,27,8,-3.6503401008022798,5
3939,65,47,23,25,-3.650632324208862,22
3940,18,11,17,5,-3.6519056838531805,6
3941,64,47,13,24,-3.6531516775909005,23
3942,9,15,109,7,-3.6538651478462696,8
3943,32,21,107,11,-3.6546977761524695,10
3944,71,10,90,5,-3.656103603020123,5
3945,23,22,63,13,-3.656375723040438,9
3946,100,11,53,6,-3.6569500587649983,5
3947,96,33,97,17,-3.6574389351582637,16
3948,104,53,86,29,-3.66553549979236,24
3949,27,12,71,7,-3.672482180614423,5
3950,68,14,101,9,-3.6742625668258904,5
3951,107,11,52,7,-3.67922282951035,4
3952,53,48,39,27,-3.685116242956752,21
3953,40,68,13,37,-3.6903630857890595,31
3954,107,17,94,11,-3.701502882672337,6
3955,13,24,11,13,-3.702515697718262,11
3956,43,17,106,9,-3.706853967971227,8
3957,5,21,15,13,-3.7147342263498238,8
3958,3,14,12,9,-3.71740069479101,5
3959,80,10,91,6,-3.719893539982741,4
3960,88,42,75,24,-3.726903391628383,18
3961,81,17,39,10,-3.728914203220536,7
3962,25,65,86,35,-3.735239092039536,30
3963,4,13,1,8,-3.7360390878519714,5
3964,39,20,12,11,-3.7389126567698825,9
3965,40,42,53,23,-3.7429391558119995,19
3966,16,11,85,7,-3.751829713120854,4
3967,53,55,18,30,-3.7518428116438605,25
3968,6,16,88,9,-3.7570512530434645,7
3969,4,19,63,11,-3.7758336578086884,8
3970,92,13,104,6,-3.7768187223532292,7
3971,93,10,7,5,-3.7802315490169662,5
3972,107,29,91,17,-3.79517570888213,12
3973,104,13,20,8,-3.7974160411444697,5
3974,107,40,100,20,-3.801505451743224,20
3975,1,12,15,7,-3.8033258517595496,5
3976,78,12,39,6,-3.805891795343841,6
3977,5,16,110,9,-3.8138584796050923,7
3978,31,18,91,11,-3.819701831167943,7
3979,18,32,86,19,-3.8203668272153477,13
3980,3,10,49,6,-3.8208441036339096,4
3981,4,21,55,11,-3.821660634263143,10
3982,64,14,44,8,-3.824222642884567,6
3983,13,24,38,12,-3.826623496126898,12
3984,66,12,60,8,-3.8266322198174065,4
3985,87,16,44,9,-3.826754946057649,7
3986,51,30,70,16,-3.8297117807076546,14
3987,13,26,91,14,-3.8317482607331113,12
3988,7,26,20,14,-3.839940256500115,12
3989,13,31,63,17,-3.8403036315605172,14
3990,31,23,18,12,-3.8430258307678655,11
3991,31,11,28,6,-3.845374758093618,5
3992,111,34,65,20,-3.8475275648066676,14
3993,6,14,65,8,-3.8536392094191116,6
3994,114,25,41,13,-3.8544949021986654,12
3995,51,16,11,8,-3.8660778701548084,8
3996,68,11,108,6,-3.86884903956731,5
3997,87,36,95,20,-3.8694007735692093,16
3998,98,13,18,6,-3.8754830902904,7
3999,81,10,65,5,-3.87953756303769,5
4000,108,11,30,6,-3.88226795119385,5
4001,112,11,1,5,-3.8826933985340957,6
4002,17,15,11,8,-3.886158778436342,7
4003,17,10,110,6,-3.888719135954252,4
4004,62,13,76,7,-3.8913968956310074,6
4005,11,44,55,26,-3.8920841591670357,18
4006,47,29,7,17,-3.8974466826753917,12
4007,37,26,102,15,-3.901578428361024,11
4008,54,55,28,31,-3.903797078957133,24
4009,49,19,98,10,-3.906322793569991,9
4010,107,70,88,40,-3.909080652984006,30
4011,96,21,60,14,-3.9124280698247627,7
4012,53,16,27,10,-3.914996444269401,6
4013,86,13,89,6,-3.9174928376954097,7
4014,86,30,49,16,-3.918819559219819,14
4015,48,17,20,10,-3.9196076613306294,7
4016,70,38,37,22,-3.9227382855891673,16
4017,2,28,5,16,-3.923277825320168,12
4018,63,28,64,15,-3.9273689023243743,13
4019,50,11,57,7,-3.929027822248146,4
4020,16,35,97,19,-3.9340820840887147,16
4021,97,10,80,6,-3.9365866928471034,4
4022,40,11,6,6,-3.9442678680230827,5
4023,76,12,34,6,-3.9517678907570324,6
4024,104,50,88,29,-3.9536343834384904,21
4025,54,16,94,9,-3.955738681406249,7
4026,93,24,74,13,-3.960101768879081,11
4027,29,15,7,7,-3.9743744250187336,8
4028,1,28,40,16,-3.9750240059769126,12
4029,14,12,96,7,-3.975747798085754,5
4030,43,14,41,8,-3.9773777964919623,6
4031,17,17,34,10,-3.9857052585459996,7
4032,77,20,86,12,-4.007520110320655,8
4033,31,12,66,7,-4.0087548725586535,5
4034,86,20,99,12,-4.00989122283285,8
4035,54,36,55,19,-4.011039158800405,17
4036,28,70,50,40,-4.011477637487842,30
4037,110,20,8,12,-4.013172679497405,8
4038,51,44,104,27,-4.015424408222765,17
4039,114,28,102,16,-4.0171208257371775,12
4040,3,16,104,9,-4.020656220421077,7
4041,47,13,71,7,-4.030916530509354,6
4042,43,10,1,5,-4.03897671575872,5
4043,50,21,7,11,-4.045740478776831,10
4044,79,13,11,6,-4.047561716338114,7
4045,65,73,104,40,-4.0492599838057535,33
4046,40,10,32,5,-4.050021677419869,5
4047,69,27,51,16,-4.050423840769318,11
4048,64,13,49,7,-4.0514895827876565,6
4049,80,28,16,16,-4.056076921695063,12
4050,38,10,34,6,-4.0610942900478735,4
4051,95,10,43,6,-4.0633983206079485,4
4052,17,26,7,15,-4.064887482017846,11
4053,40,57,60,32,-4.06725625489293,25
4054,84,41,51,24,-4.0757916119089055,17
4055,50,22,74,12,-4.086243740312161,10
4056,19,11,36,6,-4.0885902184216905,5
4057,97,21,87,13,-4.089970328864312,8
4058,35,24,20,14,-4.098728722002913,10
4059,93,20,83,11,-4.100880722204593,9
4060,106,11,29,6,-4.1226863415672375,5
4061,65,22,45,11,-4.125923170388699,11
4062,46,56,13,32,-4.135553796162193,24
4063,104,32,76,19,-4.135711821894891,13
4064,20,11,71,7,-4.136430557393971,4
4065,69,11,11,7,-4.1379214913131195,4
4066,29,11,23,6,-4.138000210796417,5
4067,71,47,53,27,-4.141303557057988,20
4068,73,13,20,8,-4.146065391689571,5
4069,3,13,96,7,-4.14984060644092,6
4070,62,10,60,6,-4.155747625311636,4
4071,2,15,75,8,-4.157456952203448,7
4072,62,29,86,16,-4.168140003828562,13
4073,88,11,19,6,-4.1792954612704065,5
4074,7,18,80,11,-4.182061930373812,7
4075,25,27,23,15,-4.182190113226027,12
4076,61,11,107,6,-4.191310039387476,5
4077,48,14,7,7,-4.194687020035504,7
4078,100,18,23,11,-4.197161790157007,7
4079,28,13,47,7,-4.198358496115318,6
4080,94,12,39,7,-4.199237943666825,5
4081,40,11,15,6,-4.201647176656486,5
4082,36,56,65,32,-4.205692860728475,24
4083,68,41,41,23,-4.207626519911899,18
4084,16,38,20,24,-4.208743959106769,14
4085,112,11,27,6,-4.214543381192909,5
4086,31,21,87,11,-4.220659397575877,10
4087,18,19,4,11,-4.220670692754493,8
4088,44,11,71,6,-4.223524348839462,5
4089,65,16,109,11,-4.2330518085976205,5
4090,53,14,28,8,-4.23428618573004,6
4091,1,21,60,12,-4.237560386673236,9
4092,74,12,31,7,-4.240578281890586,5
4093,34,14,106,7,-4.243674039664674,7
4094,46,41,51,24,-4.2490503648034865,17
4095,85,12,28,7,-4.253389606053365,5
4096,80,17,104,9,-4.256665633473226,8
4097,87,33,23,20,-4.2566804889481435,13
4098,13,22,100,13,-4.266245772639935,9
4099,16,16,103,9,-4.27064958267566,7
4100,96,12,33,5,-4.271042933020871,7
4101,54,27,9,15,-4.272544772651764,12
4102,70,15,49,8,-4.274835544264272,7
4103,54,63,20,33,-4.290782184792433,30
4104,46,57,86,35,-4.29401924668048,22
4105,44,21,20,12,-4.299103845073811,9
4106,38,22,7,12,-4.300171500471751,10
4107,54,28,25,16,-4.300413553073274,12
4108,109,22,20,14,-4.302333411252665,8
4109,52,10,50,5,-4.308197298973348,5
4110,20,19,17,11,-4.3112321942034,8
4111,17,23,97,13,-4.313428551304956,10
4112,40,22,4,12,-4.316643149060896,10
4113,37,23,98,13,-4.327931130640238,10
4114,41,19,95,11,-4.332143979792176,8
4115,22,12,60,7,-4.334241842742782,5
4116,65,29,70,18,-4.3439841796636145,11
4117,88,24,47,13,-4.347102674354305,11
4118,28,49,20,28,-4.349749782422694,21
4119,54,31,104,17,-4.355933806560285,14
4120,11,13,33,6,-4.365968233102095,7
4121,87,20,94,11,-4.367418143965147,9
4122,23,23,40,13,-4.36842332680331,10
4123,58,13,55,7,-4.369004483506263,6
4124,84,58,28,33,-4.369928149410577,25
4125,9,24,55,14,-4.371040618945101,10
4126,98,13,60,7,-4.372454949323837,6
4127,49,24,87,12,-4.380791657180536,12
4128,76,23,65,14,-4.385586505985179,9
4129,86,20,111,12,-4.3910837466552355,8
4130,64,20,114,12,-4.407773657880816,8
4131,57,12,64,7,-4.4096800085415095,5
4132,53,64,7,36,-4.416213736910661,28
4133,13,30,99,17,-4.420966828834257,13
4134,87,20,102,12,-4.423994697827658,8
4135,20,14,23,8,-4.42777867543601,6
4136,5,115,86,66,-4.430772584334585,49
4137,53,35,16,21,-4.432680586189367,14
4138,107,46,11,26,-4.433295300820407,20
4139,88,11,45,7,-4.4416566980945715,4
4140,51,24,1,13,-4.443642769643949,11
4141,20,59,107,33,-4.443744385976959,26
4142,109,15,95,9,-4.444131433700797,6
4143,37,33,13,19,-4.448467961015428,14
4144,50,42,2,24,-4.448957186147167,18
4145,31,67,7,38,-4.453212370234459,29
4146,16,44,95,24,-4.453378575583385,20
4147,73,12,50,8,-4.454782630059153,4
4148,97,11,77,7,-4.454901155383999,4
4149,98,13,78,7,-4.46380656892488,6
4150,50,15,3,8,-4.464463620895281,7
4151,13,23,57,12,-4.466490311868767,11
4152,32,18,37,10,-4.466542082918519,8
4153,57,10,91,5,-4.468260927215542,5
4154,8,16,68,9,-4.472450037155225,7
4155,25,31,96,17,-4.472832877552798,14
4156,107,74,65,42,-4.474316118265179,32
4157,107,33,95,18,-4.475609109265347,15
4158,51,102,16,57,-4.484511676609862,45
4159,11,15,93,10,-4.484686270589563,5
4160,27,11,55,6,-4.4890470852362,5
4161,51,45,75,25,-4.490318359114664,20
4162,3,15,64,9,-4.492765978443915,6
4163,37,15,93,9,-4.4934456656390305,6
4164,112,20,75,12,-4.4989690721071325,8
4165,54,17,78,10,-4.506577020775673,7
4166,104,10,62,7,-4.506645682517949,3
4167,69,10,80,5,-4.508733977407145,5
4168,60,37,87,20,-4.510957784527986,17
4169,98,21,11,11,-4.5130981495322375,10
4170,55,43,37,23,-4.516821858156877,20
4171,72,18,13,9,-4.527595256070807,9
4172,75,23,106,12,-4.532198108241345,11
4173,68,28,71,17,-4.532265816801446,11
4174,102,24,8,13,-4.537070383836358,11
4175,9,51,88,29,-4.537426821075462,22
4176,76,24,23,13,-4.537606040144393,11
4177,107,36,76,23,-4.544662386882574,13
4178,39,11,1,5,-4.548291694643937,6
4179,15,18,99,11,-4.551461310618722,7
4180,46,15,83,8,-4.551826612706302,7
4181,112,10,74,6,-4.553694289700708,4
4182,23,15,70,8,-4.554568026577778,7
4183,104,16,99,8,-4.562749239239297,8
4184,68,14,11,8,-4.569201976807364,6
4185,95,14,99,8,-4.572737764013027,6
4186,58,23,7,12,-4.575034525669345,11
4187,29,19,16,10,-4.5779794483127985,9
4188,8,30,60,16,-4.584471076654315,14
4189,96,32,50,18,-4.592653394244437,14
4190,88,94,7,52,-4.598064452346123,42
4191,95,13,77,7,-4.601493224452909,6
4192,30,11,23,6,-4.601908928188203,5
4193,3,35,7,21,-4.603775118928218,14
4194,86,72,37,40,-4.607837359690986,32
4195,55,42,7,25,-4.609551229914398,17
4196,9,17,49,9,-4.620658268254684,8
4197,87,63,8,36,-4.620917268255847,27
4198,78,12,28,6,-4.631775731372597,6
4199,110,15,106,8,-4.633960085739299,7
4200,25,22,60,12,-4.636282806493915,10
4201,88,24,43,14,-4.636555985964769,10
4202,109,19,73,11,-4.637139105733963,8
4203,13,14,73,8,-4.6427133386229835,6
4204,16,21,6,11,-4.642825718029856,10
4205,96,39,63,24,-4.649023449526139,15
4206,25,15,27,8,-4.649655011418167,7
4207,47,15,25,8,-4.655390231832644,7
4208,100,19,28,11,-4.660885966766407,8
4209,98,14,55,9,-4.662824671110213,5
4210,8,12,52,7,-4.669562642233976,5
4211,107,88,87,50,-4.672529916573878,38
4212,81,22,53,13,-4.67351225402936,9
4213,5,16,71,9,-4.686451238703376,7
4214,41,26,60,14,-4.687979614839917,12
4215,62,10,97,6,-4.689387738532959,4
4216,60,45,55,25,-4.699539635247212,20
4217,18,31,88,17,-4.699584875943505,14
4218,68,19,15,12,-4.704332289270896,7
4219,46,23,20,15,-4.708713070266484,8
4220,18,37,28,20,-4.710953949587104,17
4221,12,14,74,8,-4.7158981291394015,6
4222,86,17,47,10,-4.720142586161406,7
4223,75,14,15,9,-4.7291616067808215,5
4224,46,11,6,6,-4.730994669309113,5
4225,46,41,8,22,-4.737192297274267,19
4226,63,30,9,17,-4.738784392770433,13
4227,3,11,97,7,-4.7402730889790226,4
4228,17,25,28,14,-4.742091644609896,11
4229,7,97,16,54,-4.743286222921811,43
4230,65,57,55,32,-4.74405737741087,25
4231,77,16,25,9,-4.745845616411638,7
4232,3,21,16,13,-4.747059555887119,8
4233,63,38,74,21,-4.748458787006122,17
4234,5,30,90,18,-4.752640516818982,12
4235,50,16,93,10,-4.755526241513055,6
4236,97,16,60,8,-4.770560692259115,8
4237,31,15,12,8,-4.770632464521183,7
4238,70,13,90,7,-4.771084444295363,6
4239,28,26,93,16,-4.7762193932866115,10
4240,5,12,9,7,-4.777710715122403,5
4241,50,48,87,26,-4.778093921608591,22
4242,5,33,76,19,-4.788314400539968,14
4243,107,93,16,57,-4.793506513305225,36
4244,1,17,9,8,-4.79405950293998,9
4245,9,29,8,14,-4.796436219845456,15
4246,25,11,111,6,-4.797175922879397,5
4247,84,17,98,11,-4.7978961426483835,6
4248,96,22,75,15,-4.80138149231193,7
4249,16,16,110,9,-4.801952356665633,7
4250,51,36,114,19,-4.804348446858166,17
4251,108,13,96,7,-4.805162668071275,6
4252,106,25,2,14,-4.808494527305082,11
4253,106,12,6,7,-4.810944704219048,5
4254,8,30,83,16,-4.811627367676455,14
4255,85,11,74,6,-4.812388004493803,5
4256,68,27,23,14,-4.819829270426411,13
4257,54,15,14,10,-4.820525855929131,5
4258,86,33,100,17,-4.82070188558936,16
4259,25,19,31,10,-4.823839301099763,9
4260,67,15,8,9,-4.8319098461555825,6
4261,39,39,75,21,-4.835166255544909,18
4262,64,20,83,11,-4.840996077098241,9
4263,51,30,5,19,-4.841333405150811,11
4264,38,10,20,7,-4.844230675667009,3
4265,100,23,104,14,-4.850527098250833,9
4266,32,12,97,7,-4.851459349576838,5
4267,89,10,5,7,-4.862465640901751,3
4268,106,54,37,29,-4.865641247327304,25
4269,19,11,84,6,-4.870688517782824,5
4270,57,27,87,16,-4.871666288606831,11
4271,88,12,85,7,-4.873754317610231,5
4272,18,15,81,9,-4.877040041598751,6
4273,114,11,30,6,-4.882071098465157,5
4274,95,11,69,7,-4.882909765417962,4
4275,29,10,9,6,-4.887671889551099,4
4276,3,12,8,5,-4.887819375016217,7
4277,9,44,65,26,-4.887961308210908,18
4278,71,25,62,14,-4.888439777720532,11
4279,46,22,114,13,-4.889264452897009,9
4280,5,39,83,21,-4.890865835189012,18
4281,55,27,76,17,-4.892389867780943,10
4282,54,48,46,28,-4.906943181154002,20
4283,28,12,38,6,-4.907164394244693,6
4284,108,12,54,8,-4.909695920764134,4
4285,91,10,38,6,-4.918487915214837,4
4286,106,56,74,32,-4.924754963776778,24
4287,36,40,86,23,-4.927433251240003,17
4288,9,22,114,15,-4.931319071415344,7
4289,55,21,20,12,-4.931554548881413,9
4290,87,14,77,8,-4.94240192025149,6
4291,49,12,76,7,-4.943121216792114,5
4292,30,13,100,8,-4.947415784475727,5
4293,17,33,86,17,-4.94749630527028,16
4294,68,19,56,10,-4.94813216675333,9
4295,8,32,13,19,-4.955794878282507,13
4296,77,18,39,10,-4.961640817784316,8
4297,90,23,96,14,-4.963939687748077,9
4298,8,12,62,8,-4.964220736900479,4
4299,38,16,109,10,-4.9644619615709695,6
4300,107,49,40,30,-4.964616090179718,19
4301,51,18,14,12,-4.969794868699568,6
4302,15,17,23,10,-4.9841342107101605,7
4303,39,25,27,13,-4.989393098929608,12
4304,71,15,74,8,-4.993812181109021,7
4305,63,30,104,17,-4.993963037729945,13
4306,68,12,32,8,-4.994599728673894,4
4307,17,33,65,21,-4.996229787640958,12
4308,106,41,7,21,-5.003800212982272,20
4309,5,26,93,16,-5.004460526821323,10
4310,63,14,81,8,-5.016441825370757,6
4311,57,22,84,11,-5.026867760977004,11
4312,9,41,75,24,-5.040607611984742,17
4313,63,29,55,16,-5.056066807562622,13
4314,112,26,53,13,-5.062618261015588,13
4315,39,15,19,8,-5.064222320631038,7
4316,65,17,46,11,-5.06610491085495,6
4317,33,13,90,8,-5.072843762888294,5
4318,20,10,32,7,-5.08216341529211,3
4319,104,61,107,36,-5.084587806965312,25
4320,95,24,60,14,-5.089480392621887,10
4321,104,25,53,14,-5.094260383198605,11
4322,70,23,55,13,-5.1032220329288345,10
4323,4,18,75,11,-5.1124286444655915,7
4324,55,16,100,8,-5.1129537660427005,8
4325,58,30,40,16,-5.133397385337809,14
4326,4,12,109,7,-5.135069245647407,5
4327,3,21,36,13,-5.136055944816986,8
4328,69,12,40,8,-5.137627663794989,4
4329,88,15,44,8,-5.148664566159752,7
4330,9,24,106,14,-5.150083731218861,10
4331,79,13,63,8,-5.150156389678723,5
4332,50,28,76,18,-5.1519660961300575,10
4333,63,54,8,30,-5.156454172512432,24
4334,39,14,111,8,-5.158992286191917,6
4335,5,12,67,7,-5.159840528973067,5
4336,56,11,91,6,-5.160182814393273,5
4337,47,26,75,17,-5.17693162231529,9
4338,97,17,75,10,-5.183439015487436,7
4339,51,24,4,15,-5.183921696313045,9
4340,48,24,84,15,-5.188857256683019,9
4341,6,20,44,13,-5.189449523361067,7
4342,81,14,15,8,-5.192091194331689,6
4343,113,13,40,8,-5.193726392686624,5
4344,89,15,41,9,-5.196780511481055,6
4345,55,18,34,10,-5.202160532736089,8
4346,91,12,33,6,-5.213867650447791,6
4347,37,22,40,12,-5.218981261850287,10
4348,5,11,35,6,-5.226534281744142,5
4349,96,37,20,22,-5.229501973456112,15
4350,112,17,88,10,-5.231027938888665,7
4351,13,47,71,26,-5.235216499316669,21
4352,25,21,91,12,-5.23677892954369,9
4353,14,15,65,8,-5.239230657167625,7
4354,40,15,98,8,-5.239271076053038,7
4355,40,26,25,15,-5.242222631716463,11
4356,31,11,35,6,-5.255104723881262,5
4357,62,24,107,12,-5.261786874758227,12
4358,92,11,28,7,-5.266199037582341,4
4359,109,32,88,19,-5.272527791460708,13
4360,88,11,56,6,-5.280224334897691,5
4361,28,19,14,12,-5.2887953454841945,7
4362,35,11,30,6,-5.293385259461386,5
4363,22,12,109,7,-5.3030018855523124,5
4364,55,25,111,15,-5.307717141421055,10
4365,9,33,28,18,-5.3129133903431995,15
4366,49,13,28,7,-5.31428031912519,6
4367,96,16,85,11,-5.314304637448896,5
4368,60,15,61,8,-5.316729344745585,7
4369,13,19,26,12,-5.323421758702902,7
4370,102,14,97,9,-5.335160623731844,5
4371,88,86,86,50,-5.345596536414867,36
4372,65,18,62,10,-5.345755023288058,8
4373,54,33,13,20,-5.351163209561118,13
4374,62,37,16,23,-5.3517092122196015,14
4375,97,35,7,19,-5.356987360153851,16
4376,68,16,20,9,-5.35910478035498,7
4377,63,30,75,17,-5.362343223381898,13
4378,47,21,16,12,-5.388962879253937,9
4379,90,31,54,18,-5.397442007333916,13
4380,64,10,84,7,-5.40179307430533,3
4381,66,11,9,6,-5.404825557202403,5
4382,58,11,4,7,-5.405037105567146,4
4383,37,11,49,6,-5.405793666619149,5
4384,29,13,28,8,-5.4350572356176965,5
4385,18,18,91,11,-5.437015235679075,7
4386,51,11,93,6,-5.442643801494352,5
4387,57,18,97,10,-5.45235309786646,8
4388,71,43,75,27,-5.454468163058883,16
4389,30,17,49,10,-5.458460770772242,7
4390,68,11,80,7,-5.466227321340817,4
4391,75,10,14,6,-5.479308338136782,4
4392,86,65,11,37,-5.481668593343347,28
4393,70,23,114,14,-5.484820175107314,9
4394,69,12,47,7,-5.485890015271257,5
4395,40,49,65,28,-5.488110460552834,21
4396,54,20,15,11,-5.491526659354752,9
4397,62,10,18,6,-5.493140482819633,4
4398,102,10,67,6,-5.497246561771841,4
4399,109,13,32,7,-5.508051897308618,6
4400,83,19,95,12,-5.510188596504647,7
4401,64,30,16,19,-5.512894912147264,11
4402,37,59,87,35,-5.516733087496061,24
4403,20,10,62,6,-5.517288163699186,4
4404,7,33,28,20,-5.522079859732704,13
4405,57,24,88,13,-5.524909922819241,11
4406,102,14,33,8,-5.525239013163607,6
4407,88,23,30,12,-5.525413582454541,11
4408,68,45,114,26,-5.528966703625285,19
4409,68,30,54,18,-5.5293608762892505,12
4410,23,31,106,16,-5.535479536227777,15
4411,107,21,15,14,-5.539272924336071,7
4412,69,26,65,15,-5.540534749641235,11
4413,84,16,75,9,-5.542746956131477,7
4414,75,51,86,28,-5.544222274149607,23
4415,84,18,25,11,-5.5466876181289715,7
4416,31,53,36,30,-5.548564460468652,23
4417,25,41,8,25,-5.550067480025435,16
4418,16,43,30,25,-5.551467850064679,18
4419,87,55,13,34,-5.55375017159118,21
4420,4,11,46,6,-5.55622187464566,5
4421,20,28,70,17,-5.557937128069356,11
4422,95,10,31,6,-5.5581891593402775,4
4423,10,11,63,7,-5.56040496031845,4
4424,104,60,37,36,-5.5634752610620195,24
4425,54,31,11,18,-5.565049065297328,13
4426,11,26,76,16,-5.5694789783630885,10
4427,69,11,42,6,-5.570250078296482,5
4428,71,17,12,10,-5.576190752449122,7
4429,79,14,7,8,-5.580594560810973,6
4430,68,21,62,12,-5.5910040455918875,9
4431,25,32,87,18,-5.592843725263718,14
4432,63,11,99,6,-5.5958077337997105,5
4433,98,17,70,11,-5.604121247592223,6
4434,18,13,38,7,-5.6081144260834686,6
4435,43,14,27,7,-5.609839390205424,7
4436,50,15,100,9,-5.612526049660052,6
4437,90,14,30,8,-5.614315415339312,6
4438,3,22,114,14,-5.6169459155328765,8
4439,50,48,16,28,-5.617696720442926,20
4440,50,26,95,15,-5.619957219349124,11
4441,17,21,5,14,-5.625033929201381,7
4442,73,28,86,15,-5.62531345595925,13
4443,98,14,108,8,-5.640790264148575,6
4444,74,23,73,14,-5.649045009007229,9
4445,97,13,39,8,-5.649731064357227,5
4446,97,10,4,6,-5.649870700339136,4
4447,61,13,9,8,-5.652969843590385,5
4448,68,12,43,7,-5.661402151081362,5
4449,88,41,23,26,-5.662482081944023,15
4450,82,11,54,7,-5.66427830231393,4
4451,37,48,16,28,-5.664774565241773,20
4452,99,31,16,18,-5.66581833704302,13
4453,37,39,75,25,-5.670197882049106,14
4454,25,10,94,5,-5.671887186214519,5
4455,12,11,54,6,-5.67450373056912,5
4456,95,10,102,6,-5.68531996234082,4
4457,55,25,30,15,-5.686463879094617,10
4458,5,46,106,28,-5.689619439430468,18
4459,43,10,23,6,-5.689859175567735,4
4460,84,17,38,9,-5.691352570903175,8
4461,32,10,70,5,-5.692479372096212,5
4462,62,17,53,10,-5.701449545318568,7
4463,102,10,23,6,-5.716053822653882,4
4464,37,18,41,11,-5.716493275276267,7
4465,12,10,6,5,-5.722414314921584,5
4466,17,13,98,7,-5.72342530511381,6
4467,51,26,25,15,-5.726135112848949,11
4468,48,20,11,12,-5.726887293490206,8
4469,9,14,45,9,-5.727853500458989,5
4470,25,48,13,26,-5.729332953997916,22
4471,106,42,25,26,-5.737688222420908,16
4472,9,44,107,25,-5.73971793039242,19
4473,77,12,36,7,-5.751140829309579,5
4474,37,11,94,7,-5.752143682001779,4
4475,47,13,23,8,-5.7551420632928085,5
4476,53,13,58,6,-5.756559382638664,7
4477,71,30,64,19,-5.764884814228726,11
4478,112,15,18,10,-5.767208039651441,5
4479,35,19,11,11,-5.768399159544,8
4480,63,26,98,15,-5.795644107915215,11
4481,55,28,74,16,-5.797157459674131,12
4482,64,45,7,25,-5.8010614589687695,20
4483,51,32,27,20,-5.804553521558319,12
4484,20,13,79,8,-5.810117746469,5
4485,50,12,6,7,-5.811269083562532,5
4486,106,28,80,17,-5.812470547213422,11
4487,49,10,100,5,-5.813425744151518,5
4488,5,16,40,9,-5.82052725169565,7
4489,43,12,17,7,-5.8371671437144,5
4490,87,13,58,8,-5.838329621055198,5
4491,93,13,20,7,-5.845044762429803,6
4492,46,37,74,23,-5.850135921281392,14
4493,38,31,107,19,-5.854113831303677,12
4494,112,20,7,12,-5.863389950487481,8
4495,7,17,34,10,-5.863504951401834,7
4496,95,36,54,20,-5.865979569344108,16
4497,9,17,62,10,-5.866001447424248,7
4498,106,53,54,29,-5.8811146934590965,24
4499,36,12,46,7,-5.88209418081934,5
4500,34,19,109,11,-5.8910600256239505,8
4501,84,34,74,18,-5.89139952158172,16
4502,1,12,46,6,-5.891865749051654,6
4503,25,16,93,9,-5.904464695396422,7
4504,107,17,6,10,-5.906261036560345,7
4505,68,55,39,31,-5.907725939188766,24
4506,87,80,16,46,-5.912871783916666,34
4507,45,15,41,10,-5.914462706154762,5
4508,63,10,93,6,-5.917563250275586,4
4509,114,20,73,12,-5.924435121305104,8
4510,63,45,37,27,-5.933785173114153,18
4511,40,13,112,7,-5.934161105944305,6
4512,71,40,16,25,-5.9385712385767615,15
4513,28,50,104,29,-5.9417102215711495,21
4514,7,15,33,8,-5.9471342175078945,7
4515,14,12,39,7,-5.9475481477923315,5
4516,10,12,97,6,-5.950831581917707,6
4517,53,52,68,31,-5.964244334939566,21
4518,38,10,12,6,-5.966686013029675,4
4519,40,18,97,11,-5.966918416140385,7
4520,76,19,112,10,-5.9691922227288705,9
4521,37,12,29,7,-5.974501161749752,5
4522,18,20,64,12,-5.974775055211904,8
4523,68,19,47,12,-5.980171387335273,7
4524,27,12,74,6,-5.991317096712257,6
4525,31,25,114,14,-5.9918765203954925,11
4526,70,57,54,34,-6.000249372764341,23
4527,100,19,37,12,-6.000890669706825,7
4528,17,14,100,10,-6.011059679512768,4
4529,17,10,99,6,-6.011623328938978,4
4530,7,11,85,7,-6.023882130639264,4
4531,71,31,30,18,-6.024215205048038,13
4532,46,20,95,12,-6.027785407812037,8
4533,50,17,91,11,-6.027790824025908,6
4534,65,30,64,17,-6.029400567070288,13
4535,86,38,64,22,-6.0307653391474,16
4536,79,20,16,12,-6.030959275561986,8
4537,31,31,75,17,-6.03348213428737,14
4538,98,24,7,15,-6.033686003781978,9
4539,32,16,8,9,-6.041444852098721,7
4540,18,24,63,15,-6.046455003215171,9
4541,63,19,90,11,-6.053395439788755,8
4542,68,19,69,11,-6.057902735707315,8
4543,28,18,23,10,-6.0662027716624305,8
4544,41,27,23,16,-6.068042449918635,11
4545,48,14,74,7,-6.068043245358376,7
4546,65,64,87,39,-6.074994574024917,25
4547,69,10,55,6,-6.075582313218194,4
4548,108,10,79,7,-6.083927302918585,3
4549,107,23,111,12,-6.08814286411973,11
4550,86,39,98,22,-6.096402500191196,17
4551,7,12,90,7,-6.108519045195329,5
4552,29,18,39,10,-6.11667916860653,8
4553,31,13,81,9,-6.1171597913254026,4
4554,88,35,25,23,-6.12387967695023,12
4555,97,24,55,15,-6.128965912516969,9
4556,80,13,31,9,-6.13276887148396,4
4557,87,17,78,9,-6.134748128994162,8
4558,48,10,23,6,-6.136507124451631,4
4559,46,14,109,8,-6.137839688733693,6
4560,63,16,78,8,-6.142144937717797,8
4561,39,48,40,29,-6.1478732659202615,19
4562,112,15,31,10,-6.149641402394962,5
4563,89,10,63,7,-6.159771716986654,3
4564,36,47,13,29,-6.167141158071527,18
4565,20,45,65,28,-6.17102810501078,17
4566,76,23,97,13,-6.171425808149793,10
4567,35,14,55,8,-6.18171019735336,6
4568,39,11,34,6,-6.181745150214425,5
4569,2,28,63,16,-6.200018491851487,12
4570,70,28,74,15,-6.203999405338755,13
4571,84,15,35,9,-6.209299301194262,6
4572,72,10,85,7,-6.220112706759078,3
4573,65,21,38,11,-6.2252846155522565,10
4574,55,31,80,17,-6.225846961531595,14
4575,6,17,13,10,-6.2267295430039455,7
4576,50,41,104,25,-6.230364171354916,16
4577,62,15,54,9,-6.240490314200173,6
4578,5,17,43,10,-6.250727481432203,7
4579,87,18,108,11,-6.262008842945725,7
4580,39,22,92,12,-6.263991845659126,10
4581,95,12,15,7,-6.265255655621161,5
4582,51,13,29,8,-6.267766589078404,5
4583,96,11,69,7,-6.268969865653717,4
4584,5,45,20,28,-6.270373633442783,17
4585,30,19,20,11,-6.270512840524559,8
4586,54,28,30,17,-6.276530460916851,11
4587,69,12,104,8,-6.27892885653445,4
4588,4,21,86,13,-6.2794844995496994,8
4589,102,11,41,7,-6.282861273718874,4
4590,92,12,16,9,-6.284475222709882,3
4591,64,16,70,11,-6.2860092045587415,5
4592,114,17,23,11,-6.291790840234865,6
4593,83,16,39,10,-6.297771796270442,6
4594,55,13,29,8,-6.301089833667023,5
4595,60,12,80,7,-6.326591453694461,5
4596,112,14,54,9,-6.326711825622494,5
4597,94,18,13,11,-6.333471224988879,7
4598,104,40,40,25,-6.3350568236152025,15
4599,40,22,62,11,-6.340588914856938,11
4600,69,23,107,14,-6.34176551067775,9
4601,83,29,86,19,-6.342700324127685,10
4602,87,16,15,9,-6.3463488110906745,7
4603,112,15,51,9,-6.350376289921741,6
4604,27,13,92,7,-6.356396578041118,6
4605,44,12,28,6,-6.3579705752280935,6
4606,56,21,7,12,-6.361794853449643,9
4607,51,30,20,16,-6.3907803506271055,14
4608,77,13,106,7,-6.407119934187455,6
4609,77,19,107,11,-6.4169470483546815,8
4610,33,16,40,11,-6.427211772717695,5
4611,39,22,100,13,-6.432511887302127,9
4612,109,20,41,13,-6.432688342356182,7
4613,16,49,75,29,-6.443913435512627,20
4614,29,18,84,10,-6.444526066469944,8
4615,87,20,4,13,-6.445923142452617,7
4616,86,31,69,18,-6.447204277363733,13
4617,28,10,6,6,-6.452419128804086,4
4618,86,30,27,19,-6.453315924089684,11
4619,39,54,86,31,-6.454361372746669,23
4620,87,25,90,15,-6.454852453391627,10
4621,9,20,70,13,-6.477071321597405,7
4622,94,16,68,9,-6.4856507943578245,7
4623,104,10,48,6,-6.493358473776669,4
4624,54,20,1,12,-6.4933945511101445,8
4625,3,27,13,18,-6.496883789172181,9
4626,108,21,16,13,-6.502477858846357,8
4627,28,15,35,8,-6.525585250622974,7
4628,81,29,86,20,-6.532482502137965,9
4629,55,10,49,6,-6.541972088163769,4
4630,18,21,77,14,-6.545250800191178,7
4631,27,29,16,18,-6.548968077490891,11
4632,51,11,72,6,-6.553708462421182,5
4633,53,44,107,27,-6.556157644451659,17
4634,55,66,16,42,-6.562920489355149,24
4635,25,37,104,21,-6.567754121461538,16
4636,114,26,53,15,-6.571088082289226,11
4637,43,40,13,22,-6.584602401444724,18
4638,68,49,16,31,-6.592720635029753,18
4639,96,28,65,16,-6.593487230396348,12
4640,30,16,34,10,-6.601140375094156,6
4641,64,21,55,14,-6.604925944972096,7
4642,81,18,71,11,-6.61709770119633,7
4643,75,10,85,7,-6.619293441212882,3
4644,9,14,74,9,-6.620459467868888,5
4645,5,48,25,29,-6.626414170343123,19
4646,37,22,39,13,-6.632156694863052,9
4647,65,30,4,18,-6.635600395573753,12
4648,5,26,32,16,-6.6474470604519045,10
4649,114,15,76,10,-6.653911993113485,5
4650,37,19,71,11,-6.65399605348867,8
4651,87,13,12,8,-6.654704325795005,5
4652,88,74,54,44,-6.654867228993362,30
4653,71,11,83,6,-6.6562053803338666,5
4654,13,13,14,9,-6.663851771345143,4
4655,88,36,27,20,-6.672694825026895,16
4656,47,20,107,12,-6.679988416533417,8
4657,30,10,15,6,-6.684640344838419,4
4658,62,18,7,11,-6.690218008322474,7
4659,106,11,111,8,-6.697425895741327,3
4660,91,12,15,6,-6.697476716978325,6
4661,71,24,28,15,-6.697570308642472,9
4662,74,15,83,8,-6.703298030488857,7
4663,12,21,60,10,-6.704537300087495,11
4664,109,25,107,16,-6.707778229737098,9
4665,97,35,28,22,-6.716635909782018,13
4666,32,10,65,6,-6.718474357729474,4
4667,95,11,100,6,-6.722166987268522,5
4668,98,11,27,6,-6.722224921815258,5
4669,84,16,85,11,-6.72402437717923,5
4670,95,13,14,8,-6.731405281187272,5
4671,96,38,74,24,-6.731828732252354,14
4672,63,18,100,10,-6.742683547587138,8
4673,71,10,94,6,-6.748460655059317,4
4674,18,19,30,11,-6.749976540021853,8
4675,90,13,53,8,-6.752088210585149,5
4676,65,54,51,34,-6.756843368647584,20
4677,23,43,13,24,-6.759962036733637,19
4678,107,23,33,13,-6.763493299081546,10
4679,19,11,38,8,-6.772394939740198,3
4680,108,10,81,6,-6.778588424753946,4
4681,27,14,6,8,-6.780540737481573,6
4682,51,81,39,48,-6.781026894224875,33
4683,87,16,1,9,-6.782771040032775,7
4684,31,10,55,6,-6.798197972656263,4
4685,71,10,49,6,-6.8003776926672845,4
4686,45,18,60,10,-6.802248227913869,8
4687,114,16,100,10,-6.806713890734191,6
4688,96,20,51,12,-6.8091583197949745,8
4689,9,14,25,9,-6.810304163725227,5
4690,4,13,56,7,-6.816273515879698,6
4691,104,22,30,12,-6.820606807560422,10
4692,31,69,68,41,-6.8216343585610195,28
4693,78,28,86,17,-6.822056261466189,11
4694,68,10,89,6,-6.826893879643049,4
4695,46,20,7,13,-6.8293660676717325,7
4696,106,25,95,16,-6.830338155584793,9
4697,96,14,78,9,-6.830515928543477,5
4698,96,80,86,49,-6.839782165020976,31
4699,51,99,7,62,-6.849475435937795,37
4700,95,29,13,17,-6.852052215706936,12
4701,96,19,114,12,-6.857320738328298,7
4702,11,17,75,10,-6.860129083231022,7
4703,4,43,60,24,-6.864343045215706,19
4704,68,16,12,10,-6.869818370181398,6
4705,99,15,106,10,-6.882359612487446,5
4706,5,47,114,28,-6.885144276646174,19
4707,65,22,90,12,-6.887045978873849,10
4708,88,16,76,9,-6.891817282335724,7
4709,53,10,49,6,-6.90781300095477,4
4710,55,36,104,22,-6.909075624793387,14
4711,40,35,87,20,-6.9134246895155,15
4712,54,25,93,16,-6.919601882693421,9
4713,104,18,15,11,-6.9200938053381105,7
4714,30,19,75,11,-6.923427737676235,8
4715,88,12,99,7,-6.939131232028662,5
4716,43,18,100,10,-6.945332357815133,8
4717,38,11,2,6,-6.952650087165873,5
4718,104,18,32,12,-6.959225086389547,6
4719,36,34,16,21,-6.96230955324868,13
4720,97,23,18,14,-6.965163575719862,9
4721,33,17,8,11,-6.9756022430017754,6
4722,39,23,46,12,-6.9816941894182785,11
4723,55,20,17,11,-6.987444025974705,9
4724,13,23,111,13,-6.988942249892523,10
4725,1,19,114,12,-6.990089974683046,7
4726,5,15,62,9,-6.9927087595973925,6
4727,29,14,13,8,-6.9936289172651716,6
4728,39,22,57,13,-6.994065127671541,9
4729,48,13,80,9,-6.99747900943173,4
4730,86,14,45,8,-7.001591160951406,6
4731,98,30,91,18,-7.00578119436403,12
4732,53,27,87,15,-7.0226395127694765,12
4733,40,15,95,9,-7.026458120737084,6
4734,18,16,100,9,-7.026565168419708,7
4735,51,15,62,9,-7.028758985101916,6
4736,112,15,41,9,-7.039515078376401,6
4737,73,16,65,10,-7.056062739811477,6
4738,65,39,30,24,-7.058570840380226,15
4739,36,18,99,12,-7.061516094995873,6
4740,25,21,100,12,-7.062312436550092,9
4741,49,14,50,8,-7.064134383315742,6
4742,98,14,102,8,-7.075813129571892,6
4743,88,59,65,38,-7.0780668459474585,21
4744,70,35,28,21,-7.078735797739843,14
4745,71,15,43,8,-7.085526814616305,7
4746,19,16,68,9,-7.090473719692582,7
4747,10,10,11,6,-7.092215172488676,4
4748,107,12,67,8,-7.124134838046419,4
4749,3,23,88,14,-7.12663205785296,9
4750,67,11,88,8,-7.127393540580368,3
4751,48,32,63,20,-7.1299692009467925,12
4752,107,57,75,39,-7.131800392099847,18
4753,91,27,87,17,-7.142016410462964,10
4754,55,50,40,31,-7.142420946012767,19
4755,75,39,18,23,-7.143872456900073,16
4756,60,17,5,11,-7.144002600647478,6
4757,69,29,13,18,-7.164681490044589,11
4758,14,14,86,8,-7.166696838482464,6
4759,112,16,36,10,-7.175574629533439,6
4760,63,20,27,11,-7.19472225275396,9
4761,51,12,48,6,-7.20224130205775,6
4762,3,12,41,9,-7.218526234783575,3
4763,40,20,35,13,-7.223846117897835,7
4764,106,60,13,37,-7.224822308695077,23
4765,40,27,114,18,-7.240772461331045,9
4766,75,10,20,6,-7.241047227766171,4
4767,40,32,54,19,-7.243609732204197,13
4768,5,14,31,9,-7.246607645789562,5
4769,15,11,49,7,-7.248095103585943,4
4770,90,13,46,8,-7.250761878801305,5
4771,93,12,98,7,-7.251352809271133,5
4772,93,10,29,6,-7.254266289134743,4
4773,81,19,75,12,-7.259552889264539,7
4774,98,17,20,11,-7.267496359610283,6
4775,70,16,110,10,-7.267896542251016,6
4776,96,10,62,7,-7.268496266352443,3
4777,57,13,106,7,-7.272492874678534,6
4778,68,20,55,13,-7.273979151335479,7
4779,54,16,91,9,-7.277443024389351,7
4780,13,42,114,23,-7.284350704257173,19
4781,29,16,97,10,-7.284915525257297,6
4782,13,19,44,12,-7.286242475868136,7
4783,40,31,43,18,-7.287691070183636,13
4784,9,17,17,10,-7.295940921809663,7
4785,91,41,16,27,-7.309347152714906,14
4786,106,24,39,14,-7.312269199982411,10
4787,55,26,109,14,-7.3182997081126135,12
4788,65,23,1,13,-7.319832649719675,10
4789,5,42,70,25,-7.323141246130922,17
4790,107,25,58,16,-7.327155673902655,9
4791,68,26,97,16,-7.331657709218834,10
4792,54,12,29,7,-7.335670707790364,5
4793,110,12,87,8,-7.338384482252361,4
4794,94,15,28,10,-7.340247323495026,5
4795,38,12,51,8,-7.343541893344224,4
4796,86,11,29,7,-7.353143643010355,4
4797,8,25,73,15,-7.3587900254771785,10
4798,23,13,49,8,-7.360298065336568,5
4799,61,18,53,12,-7.3640960284192225,6
4800,114,10,77,6,-7.365477220397804,4
4801,33,16,25,11,-7.36592627296452,5
4802,74,15,34,10,-7.367415754617588,5
4803,71,10,73,6,-7.373234065194552,4
4804,5,10,1,6,-7.391988711274882,4
4805,46,41,37,27,-7.398384968299376,14
4806,41,34,36,18,-7.412500474371831,16
4807,91,19,8,12,-7.416456742894205,7
4808,109,44,54,28,-7.42149631612999,16
4809,87,49,7,31,-7.4314438134316605,18
4810,100,31,16,20,-7.436192688841409,11
4811,43,17,64,10,-7.438967254563773,7
4812,84,28,8,18,-7.447150756775401,10
4813,71,13,70,7,-7.447387393345607,6
4814,75,30,46,18,-7.449361290092636,12
4815,97,53,86,32,-7.453774682156136,21
4816,110,21,37,12,-7.457046552670356,9
4817,68,64,40,41,-7.460123554388274,23
4818,53,12,45,7,-7.463487107897495,5
4819,84,16,112,10,-7.464568116980383,6
4820,31,37,64,23,-7.4738922265185375,14
4821,63,15,108,9,-7.475559971035059,6
4822,36,14,70,8,-7.476080415111231,6
4823,89,10,48,7,-7.47675761274391,3
4824,96,11,41,8,-7.480521636982391,3
4825,60,30,54,19,-7.494934117874264,11
4826,50,13,15,8,-7.509982415529958,5
4827,52,11,65,8,-7.511225896554021,3
4828,12,19,53,11,-7.511441486905761,8
4829,76,25,16,13,-7.512035601002999,12
4830,77,18,55,11,-7.520653437888105,7
4831,55,11,6,8,-7.526848268362213,3
4832,33,20,51,14,-7.541152096210821,6
4833,39,76,16,46,-7.545927517413183,30
4834,43,14,3,9,-7.555171817755039,5
4835,74,21,102,13,-7.5623629094952465,8
4836,5,14,34,10,-7.5706698448560905,4
4837,46,40,16,25,-7.572419663088395,15
4838,77,12,46,7,-7.574271980014295,5
4839,114,31,28,18,-7.584853881328922,13
4840,36,10,72,6,-7.585561627806541,4
4841,88,18,58,11,-7.5880987725104365,7
4842,36,20,18,12,-7.59490287850123,8
4843,41,27,87,17,-7.608960513510674,10
4844,91,13,23,7,-7.630492751883035,6
4845,80,22,96,14,-7.6325568595370585,8
4846,43,33,107,21,-7.633857276455769,12
4847,5,29,97,19,-7.639418302115126,10
4848,88,20,108,13,-7.642505031143239,7
4849,9,35,16,23,-7.644783932906994,12
4850,60,11,70,7,-7.646435749026202,4
4851,31,13,33,7,-7.647223417443056,6
4852,76,13,13,8,-7.663087166722208,5
4853,96,24,37,14,-7.66584492569651,10
4854,38,29,37,18,-7.668156637885105,11
4855,11,32,5,20,-7.6874421575338765,12
4856,7,25,111,15,-7.6903234257719815,10
4857,20,35,39,20,-7.691469595920376,15
4858,11,11,64,8,-7.699861982788658,3
4859,77,15,41,10,-7.700447698799745,5
4860,64,13,46,8,-7.70178518963715,5
4861,88,104,16,66,-7.704040091964244,38
4862,87,44,68,27,-7.713445601645925,17
4863,112,28,86,17,-7.7335421287606225,11
4864,38,22,63,15,-7.7352284224219945,7
4865,52,10,63,6,-7.736846011905837,4
4866,84,11,44,6,-7.741464370739851,5
4867,16,17,81,11,-7.744341233366222,6
4868,54,13,73,8,-7.746921178252214,5
4869,25,49,37,29,-7.755599308877523,20
4870,73,11,53,7,-7.756297558195456,4
4871,18,22,50,13,-7.75840176806416,9
4872,86,14,10,8,-7.764445720347282,6
4873,81,15,41,10,-7.770221546669878,5
4874,114,14,92,10,-7.774797164908212,4
4875,18,28,68,17,-7.775566947501909,11
4876,48,15,50,10,-7.798532000224026,5
4877,110,12,114,8,-7.80031681097971,4
4878,49,21,75,13,-7.802050873504806,8
4879,46,46,25,27,-7.8204011950255445,19
4880,98,17,8,11,-7.832264077196576,6
4881,54,57,63,36,-7.834983225160243,21
4882,2,11,7,7,-7.836909370766421,4
4883,109,19,53,12,-7.841205358929898,7
4884,91,26,106,17,-7.859341034872017,9
4885,35,12,44,7,-7.859665557157517,5
4886,90,25,114,15,-7.8701656835045455,10
4887,23,17,55,9,-7.8715706098888365,8
4888,81,24,60,15,-7.879588509675568,9
4889,108,11,76,7,-7.890267325318873,4
4890,38,13,71,9,-7.906029048659733,4
4891,102,20,57,12,-7.906650367160248,8
4892,82,10,88,6,-7.9125780836424955,4
4893,18,22,54,13,-7.917650548154778,9
4894,20,16,33,10,-7.9280624383644875,6
4895,64,12,77,6,-7.928282722369054,6
4896,34,10,18,7,-7.93407311360503,3
4897,77,13,27,8,-7.939137496569419,5
4898,87,17,73,12,-7.94220715025842,5
4899,53,12,89,7,-7.949973026478008,5
4900,84,44,63,26,-7.956749880840007,18
4901,5,25,65,15,-7.967561696591303,10
4902,13,30,81,19,-7.974436586188656,11
4903,4,12,12,8,-7.976222296376226,4
4904,84,28,5,17,-7.986435375626319,11
4905,70,16,13,10,-7.990308468406848,6
4906,96,19,102,12,-7.995631160966494,7
4907,43,30,16,20,-8.009469483283386,10
4908,25,12,48,7,-8.01244102921806,5
4909,9,11,35,6,-8.012816785902407,5
4910,50,41,75,27,-8.02466935745211,14
4911,13,26,108,17,-8.028546837864384,9
4912,27,16,37,10,-8.030406858059436,6
4913,51,87,86,51,-8.048542782559926,36
4914,12,11,9,7,-8.058955245687951,4
4915,91,15,51,10,-8.060157448942936,5
4916,46,13,53,8,-8.064750592390654,5
4917,97,16,110,10,-8.077466293642948,6
4918,5,61,8,37,-8.080732178020163,24
4919,9,26,18,17,-8.084125941611262,9
4920,27,13,49,8,-8.087391629783898,5
4921,50,30,60,17,-8.087484578525556,13
4922,51,32,64,20,-8.098231531874424,12
4923,46,16,30,10,-8.098498106037622,6
4924,7,31,45,19,-8.09975676882742,12
4925,62,19,28,12,-8.102294192905243,7
4926,88,19,100,12,-8.116464062015531,7
4927,107,10,26,6,-8.136960920766814,4
4928,112,10,4,6,-8.145974306589782,4
4929,63,65,16,40,-8.146976419258557,25
4930,76,38,86,24,-8.159754461381873,14
4931,71,28,50,17,-8.165371088482388,11
4932,33,11,68,7,-8.166895131198164,4
4933,30,18,50,11,-8.173377893689405,7
4934,60,35,104,25,-8.183651908443377,10
4935,63,48,51,28,-8.189686334820157,20
4936,39,25,74,15,-8.19553508787693,10
4937,109,24,11,16,-8.196422948591085,8
4938,93,24,87,15,-8.201353690040278,9
4939,3,24,40,16,-8.21009163331203,8
4940,1,26,86,16,-8.213403239086288,10
4941,104,28,41,16,-8.222150207467427,12
4942,39,10,102,6,-8.224547128845817,4
4943,106,21,69,13,-8.230262561693124,8
4944,2,10,94,6,-8.235738884159375,4
4945,38,24,39,15,-8.254517040528851,9
4946,14,12,37,7,-8.266467835075433,5
4947,55,34,50,20,-8.268886532039618,14
4948,76,12,75,7,-8.269580351796622,5
4949,91,18,41,12,-8.276671952774393,6
4950,106,31,90,21,-8.28384546124837,10
4951,37,19,80,12,-8.28505550529825,7
4952,85,12,63,7,-8.296401774903984,5
4953,30,29,53,18,-8.306098230837584,11
4954,51,39,76,26,-8.339242903099509,13
4955,112,20,39,12,-8.345179878987272,8
4956,31,32,41,20,-8.353957395244585,12
4957,5,22,7,14,-8.357081514884824,8
4958,109,10,57,6,-8.357793842250306,4
4959,9,11,11,7,-8.359525570926444,4
4960,107,21,45,13,-8.374668953212842,8
4961,104,10,67,6,-8.393331116483225,4
4962,67,14,109,7,-8.41022889195963,7
4963,91,24,68,14,-8.412577437061726,10
4964,8,20,64,13,-8.418575329228208,7
4965,13,14,19,9,-8.420495547605444,5
4966,79,21,48,13,-8.423308200700253,8
4967,90,19,73,12,-8.424101991862472,7
4968,114,20,55,13,-8.432483182241098,7
4969,70,24,96,13,-8.437417991026262,11
4970,20,12,52,8,-8.437421503459813,4
4971,114,32,8,21,-8.446067232393617,11
4972,96,14,95,9,-8.450373982592183,5
4973,68,56,75,37,-8.483707229345061,19
4974,77,14,74,9,-8.485489523270209,5
4975,1,16,75,11,-8.487454866261048,5
4976,40,28,64,18,-8.49607162432113,10
4977,41,20,20,12,-8.49990215185767,8
4978,45,10,91,6,-8.504304930616431,4
4979,88,23,62,14,-8.51262512712999,9
4980,84,15,30,10,-8.524592987987473,5
4981,48,28,86,18,-8.527783865058888,10
4982,106,13,12,9,-8.530975907772833,4
4983,20,12,18,8,-8.532272478061662,4
4984,62,13,114,8,-8.549556180002718,5
4985,36,11,78,7,-8.552435160203329,4
4986,7,19,78,11,-8.565348954184037,8
4987,55,23,95,15,-8.57500650986488,8
4988,49,15,40,9,-8.588514005098899,6
4989,50,22,90,14,-8.598522697493998,8
4990,13,33,47,21,-8.605595364799179,12
4991,60,34,23,22,-8.60880728241122,12
4992,57,12,76,8,-8.631010009083715,4
4993,97,19,41,12,-8.638943706099203,7
4994,31,31,9,20,-8.678153869820548,11
4995,88,16,77,10,-8.678317130754186,6
4996,60,15,76,11,-8.678706996102923,4
4997,35,25,107,17,-8.683347995006125,8
4998,39,14,110,10,-8.694421097429624,4
4999,2,10,30,6,-8.704387763563812,4
5000,20,35,63,21,-8.70524806527441,14
5001,102,15,63,9,-8.71016569998991,6
5002,45,10,58,6,-8.721721801464438,4
5003,57,26,8,17,-8.727187925997562,9
5004,17,22,4,15,-8.72773506800961,7
5005,11,23,104,15,-8.742484307216113,8
5006,106,14,38,7,-8.74501943352997,7
5007,88,36,39,23,-8.756638990991735,13
5008,39,29,84,18,-8.776044272286493,11
5009,18,23,106,15,-8.778191080978738,8
5010,77,12,109,7,-8.789144881364967,5
5011,42,10,106,7,-8.802546839644418,3
5012,47,18,36,12,-8.810892372607713,6
5013,76,28,63,19,-8.821395394022662,9
5014,36,19,63,12,-8.822881427312195,7
5015,77,13,49,9,-8.842593838828112,4
5016,87,15,32,10,-8.84415502943487,5
5017,3,17,53,11,-8.845189139081638,6
5018,12,16,23,10,-8.872217683410863,6
5019,40,16,28,9,-8.877350715587879,7
5020,97,12,69,8,-8.888377862411463,4
5021,109,20,7,13,-8.908032141063202,7
5022,107,15,89,10,-8.908975430626485,5
5023,25,19,110,13,-8.917701672558223,6
5024,91,10,11,7,-8.923724837318142,3
5025,31,12,73,8,-8.93891957013575,4
5026,68,25,28,17,-8.940487090707837,8
5027,80,13,11,8,-8.941133144462878,5
5028,32,11,28,7,-8.963821007682874,4
5029,114,20,47,12,-8.969382880850324,8
5030,36,18,97,11,-8.970668153566264,7
5031,52,15,28,9,-8.975367013246691,6
5032,3,16,84,9,-8.990478608347892,7
5033,60,17,17,11,-8.995312545980157,6
5034,1,25,16,18,-9.00003911994724,7
5035,57,15,114,10,-9.000054094310599,5
5036,36,15,5,9,-9.008614310253614,6
5037,100,18,75,10,-9.024866169547831,8
5038,68,11,72,7,-9.034468080260368,4
5039,112,10,58,6,-9.041979275484929,4
5040,98,19,13,13,-9.066193026352275,6
5041,75,34,28,22,-9.068390514566694,12
5042,86,29,44,19,-9.073857704921481,10
5043,57,19,11,11,-9.07906529920014,8
5044,8,34,95,21,-9.07920947405897,13
5045,31,15,109,10,-9.113887572404183,5
5046,17,11,92,7,-9.114563540800457,4
5047,17,18,104,11,-9.118260519592534,7
5048,107,32,57,20,-9.12151327820057,12
5049,69,12,62,7,-9.133574808880725,5
5050,18,42,13,26,-9.15021879704067,16
5051,5,43,50,26,-9.156049369840705,17
5052,107,18,78,12,-9.158524152991715,6
5053,40,15,92,10,-9.168940871834318,5
5054,102,15,40,9,-9.171373555966687,6
5055,49,15,41,9,-9.171912615870816,6
5056,86,39,41,26,-9.172157333193885,13
5057,40,17,73,11,-9.199997222971483,6
5058,40,12,2,8,-9.204153353273353,4
5059,31,10,19,7,-9.206206241182459,3
5060,4,15,27,9,-9.21491506769711,6
5061,81,11,64,7,-9.217681779438383,4
5062,37,15,64,10,-9.227089681457189,5
5063,69,16,70,11,-9.227346228401576,5
5064,107,31,2,20,-9.235597195463592,11
5065,76,10,15,6,-9.241288842836557,4
5066,66,13,65,9,-9.24629898792323,4
5067,102,10,100,7,-9.252164791252763,3
5068,93,13,75,8,-9.279825087560207,5
5069,77,19,63,13,-9.291814452323939,6
5070,67,15,86,9,-9.306541844943451,6
5071,70,17,50,10,-9.316243790355681,7
5072,58,16,60,10,-9.319426070200468,6
5073,109,12,30,8,-9.335355797138938,4
5074,29,10,109,5,-9.339951738191695,5
5075,2,29,28,19,-9.34282167881126,10
5076,48,10,98,7,-9.346073134818255,3
5077,50,12,23,9,-9.354699302165743,3
5078,111,15,28,10,-9.365771514395545,5
5079,39,17,76,12,-9.374915521858478,5
5080,36,11,109,8,-9.390936468630553,3
5081,109,25,63,15,-9.392892060380623,10
5082,60,14,108,9,-9.402734068128316,5
5083,93,35,65,21,-9.411885467293354,14
5084,112,11,38,8,-9.413940162098223,3
5085,107,31,80,21,-9.425810020032927,10
5086,92,14,64,7,-9.432471863302016,7
5087,53,12,78,7,-9.436495389192622,5
5088,63,11,32,7,-9.44232166344675,4
5089,94,14,86,9,-9.444879533453692,5
5090,68,28,76,21,-9.459920139276978,7
5091,96,47,16,33,-9.462953828826512,14
5092,51,23,97,16,-9.463450569827408,7
5093,29,10,112,6,-9.468799644939955,4
5094,66,17,107,11,-9.469730190602778,6
5095,60,13,102,8,-9.490462801517765,5
5096,7,29,37,18,-9.500511382222342,11
5097,99,22,37,15,-9.502759058160713,7
5098,13,21,90,14,-9.506733485788098,7
5099,2,13,114,8,-9.50915856241785,5
5100,80,14,90,10,-9.509239360264804,4
5101,36,17,8,11,-9.51236026695053,6
5102,25,32,20,21,-9.520523686179052,11
5103,31,22,1,13,-9.525804060927038,9
5104,108,13,106,9,-9.535201707134298,4
5105,68,15,92,10,-9.538113226799515,5
5106,97,24,13,15,-9.567486234498414,9
5107,60,44,64,30,-9.569439655645416,14
5108,84,32,20,23,-9.579627269291699,9
5109,7,20,73,12,-9.582485903794177,8
5110,88,31,15,22,-9.58291430022994,9
5111,39,14,80,9,-9.589468521855673,5
5112,78,15,84,10,-9.591697472496202,5
5113,53,13,8,9,-9.596286006275326,4
5114,86,25,43,17,-9.598085131900419,8
5115,84,18,83,11,-9.60947373437216,7
5116,8,14,99,8,-9.611065592860308,6
5117,9,16,76,11,-9.62150457184245,5
5118,109,17,70,11,-9.623350653501726,6
5119,109,22,74,15,-9.62539761750223,7
5120,53,23,41,15,-9.631953807885303,8
5121,104,10,93,6,-9.63796658188527,4
5122,51,37,100,21,-9.638672092780272,16
5123,114,10,22,5,-9.649313306364819,5
5124,17,15,41,10,-9.654478177971626,5
5125,63,16,111,10,-9.656549842780757,6
5126,71,12,100,8,-9.66068752031631,4
5127,45,14,35,8,-9.663816215290336,6
5128,38,12,53,8,-9.664145468055217,4
5129,109,17,17,11,-9.67292277687966,6
5130,31,19,43,9,-9.720852773553686,10
5131,32,16,16,10,-9.721720922013692,6
5132,16,13,89,8,-9.733195931265595,5
5133,62,12,100,7,-9.768885934940618,5
5134,83,24,37,15,-9.783726366978415,9
5135,93,10,62,6,-9.798162399200404,4
5136,51,17,102,11,-9.81128950469166,6
5137,107,27,48,17,-9.812988008703408,10
5138,75,25,104,16,-9.822163907084752,9
5139,57,13,54,10,-9.824315369895016,3
5140,98,10,53,6,-9.839111782848335,4
5141,79,26,86,17,-9.841357831333447,9
5142,63,16,30,10,-9.842696842263113,6
5143,18,12,76,8,-9.8476224935035,4
5144,91,34,63,23,-9.863803572303501,11
5145,71,15,17,9,-9.874078720771612,6
5146,54,17,2,12,-9.883928701627932,5
5147,39,39,18,26,-9.885046818102037,13
5148,30,13,27,8,-9.896355661349038,5
5149,20,20,91,12,-9.89818094044061,8
5150,3,14,25,9,-9.907996037168818,5
5151,2,10,95,7,-9.9203126299905,3
5152,17,10,38,6,-9.957251396991314,4
5153,88,18,73,12,-9.974203425238962,6
5154,52,13,87,8,-9.98485251805505,5
5155,109,14,93,9,-9.987067099161266,5
5156,10,13,107,8,-9.98735340517921,5
5157,48,11,34,7,-9.987399142382838,4
5158,65,25,95,16,-9.987438820754939,9
5159,57,12,75,8,-10.001839571130395,4
5160,29,15,60,9,-10.014518053593555,6
5161,18,43,16,29,-10.022908903594146,14
5162,18,14,11,9,-10.031989827572827,5
5163,107,13,110,9,-10.034721322746934,4
5164,29,12,70,7,-10.037060199943543,5
5165,38,10,44,7,-10.048373138060267,3
5166,71,11,91,7,-10.05883228964285,4
5167,28,10,110,6,-10.066740720619942,4
5168,83,23,13,15,-10.067954696106943,8
5169,106,12,79,8,-10.079963228120917,4
5170,74,11,89,7,-10.093150392265773,4
5171,8,24,18,17,-10.10300859124231,7
5172,43,28,39,17,-10.108201581404133,11
5173,36,36,53,25,-10.11473282468799,11
5174,102,20,50,12,-10.118106239071224,8
5175,35,10,8,7,-10.118762046100299,3
5176,15,20,8,12,-10.121581558030638,8
5177,70,14,46,9,-10.128652016947743,5
5178,109,10,92,7,-10.132066653367776,3
5179,31,37,53,23,-10.136338371296794,14
5180,23,11,96,7,-10.143008283174424,4
5181,39,13,58,9,-10.147489402696785,4
5182,102,14,76,9,-10.166991590900437,5
5183,9,24,64,17,-10.178655144521004,7
5184,104,13,89,8,-10.178686881843591,5
5185,37,41,97,27,-10.190687502541847,14
5186,33,13,71,9,-10.195530501937561,4
5187,2,15,98,9,-10.198603389321665,6
5188,96,24,48,16,-10.200121519345737,8
5189,106,63,16,43,-10.201810935158226,20
5190,37,36,11,24,-10.207174749413833,12
5191,68,24,25,16,-10.21179043309895,8
5192,31,17,30,10,-10.214096274935343,7
5193,43,16,54,10,-10.232904276690352,6
5194,25,43,7,29,-10.249875265637383,14
5195,106,16,67,10,-10.252161434234205,6
5196,99,12,77,9,-10.252199704478636,3
5197,50,15,85,10,-10.26203922127155,5
5198,104,12,34,8,-10.27427919250402,4
5199,84,10,71,7,-10.279461085413814,3
5200,54,12,38,8,-10.280232127604942,4
5201,78,13,40,10,-10.282455211399137,3
5202,3,13,15,8,-10.29706816275668,5
5203,31,29,107,16,-10.30345756995746,13
5204,63,18,57,11,-10.314939985261887,7
5205,81,14,7,8,-10.321582987727558,6
5206,1,13,37,8,-10.34216426905315,5
5207,63,17,1,10,-10.344681903521664,7
5208,7,10,94,7,-10.355621654064775,3
5209,81,13,104,7,-10.361322759461327,6
5210,18,11,3,8,-10.36192093091692,3
5211,60,21,49,14,-10.368756848511252,7
5212,69,26,60,15,-10.376677418840428,11
5213,93,16,106,10,-10.37915501513517,6
5214,57,10,100,6,-10.38688479130181,4
5215,12,10,28,7,-10.401916137932794,3
5216,54,23,100,15,-10.421773818682981,8
5217,7,11,110,6,-10.42257657923173,5
5218,114,19,95,12,-10.422604339796184,7
5219,108,20,53,12,-10.431511884012183,8
5220,39,16,44,10,-10.434810009571377,6
5221,60,11,34,8,-10.444545857082172,3
5222,62,10,49,7,-10.453994552700898,3
5223,112,14,100,9,-10.456632827685278,5
5224,31,10,6,6,-10.459894630543896,4
5225,77,12,23,8,-10.47207373365885,4
5226,102,19,107,12,-10.474471969151432,7
5227,8,35,75,24,-10.477015226263449,11
5228,102,14,75,10,-10.47886729381523,4
5229,69,18,63,13,-10.495670691796661,5
5230,20,37,50,25,-10.501577095705532,12
5231,12,12,114,7,-10.504954578013217,5
5232,43,10,57,8,-10.510535240006796,2
5233,37,14,89,8,-10.519274673853,6
5234,36,27,27,17,-10.523349599331356,10
5235,97,19,71,13,-10.523533962196899,6
5236,56,16,86,11,-10.543126647721751,5
5237,54,19,71,12,-10.56377327137223,7
5238,9,15,95,9,-10.569002592922953,6
5239,28,18,69,11,-10.575983527327306,7
5240,38,15,75,11,-10.597530026810052,4
5241,91,31,7,22,-10.60910028610159,9
5242,57,21,70,12,-10.620608742132898,9
5243,19,14,87,9,-10.62093475817673,5
5244,101,12,16,8,-10.62271769748288,4
5245,71,18,98,12,-10.627953776602759,6
5246,9,31,87,19,-10.627973222796335,12
5247,110,19,51,13,-10.641404239934534,6
5248,64,20,30,13,-10.642272986004782,7
5249,98,25,5,16,-10.662918685540621,9
5250,17,23,40,16,-10.673939896309559,7
5251,74,25,51,18,-10.704030149650722,7
5252,36,13,43,8,-10.713552025008546,5
5253,81,13,114,8,-10.713660949239014,5
5254,111,11,54,8,-10.714143810197228,3
5255,60,15,37,9,-10.721994289598655,6
5256,39,20,23,13,-10.742827162036495,7
5257,18,15,47,11,-10.75338006940913,4
5258,31,27,27,16,-10.758919665279386,11
5259,7,11,59,8,-10.771239818059199,3
5260,15,11,47,7,-10.775485769989336,4
5261,91,25,55,18,-10.791612827626562,7
5262,77,27,104,18,-10.795670361212089,9
5263,81,17,106,10,-10.816681182916206,7
5264,8,34,109,21,-10.819891467814774,13
5265,39,28,15,20,-10.848484454141273,8
5266,65,30,27,20,-10.856587825173339,10
5267,54,46,37,31,-10.87009397469276,15
5268,77,16,71,11,-10.872072685026803,5
5269,41,21,111,13,-10.875724405637953,8
5270,88,41,63,29,-10.892208716891064,12
5271,35,10,102,6,-10.90320798703147,4
5272,5,17,73,11,-10.90738305979487,6
5273,31,10,78,6,-10.912809716780334,4
5274,64,14,27,10,-10.925557497140751,4
5275,13,10,89,6,-10.939542022741616,4
5276,47,15,9,10,-10.968614103246171,5
5277,57,10,62,7,-10.976941614842481,3
5278,88,37,50,24,-10.986958086725291,13
5279,43,18,75,13,-10.9894348107113,5
5280,107,13,56,8,-11.000292497508868,5
5281,71,13,15,9,-11.00914391321026,4
5282,68,10,98,7,-11.014423279510455,3
5283,92,14,41,9,-11.016394202336143,5
5284,88,41,53,28,-11.023031682203495,13
5285,68,12,45,8,-11.02401972838907,4
5286,88,11,98,8,-11.027639102171303,3
5287,114,12,32,8,-11.045874107216177,4
5288,11,11,99,7,-11.04788337752713,4
5289,78,12,17,8,-11.090068157424293,4
5290,107,18,12,13,-11.095629908733304,5
5291,29,13,75,8,-11.096282078020437,5
5292,80,13,78,9,-11.09791576617006,4
5293,68,16,58,11,-11.098600977228577,5
5294,32,13,74,9,-11.101664191982367,4
5295,87,20,100,12,-11.113455718095159,8
5296,4,16,43,10,-11.162760468553993,6
5297,107,38,30,25,-11.164530658826866,13
5298,13,15,58,11,-11.187681570256993,4
5299,109,10,91,7,-11.192740070217315,3
5300,61,12,6,8,-11.200388242698184,4
5301,65,45,114,29,-11.20792553692763,16
5302,1,11,89,7,-11.20901106938993,4
5303,46,12,100,8,-11.210309669403358,4
5304,106,18,98,12,-11.217270403208776,6
5305,51,13,73,9,-11.219804453521853,4
5306,96,20,46,12,-11.223825219116964,8
5307,109,17,75,12,-11.242273446455997,5
5308,51,28,95,20,-11.244919045567018,8
5309,81,13,40,9,-11.249205674756395,4
5310,83,16,107,11,-11.24958512039028,5
5311,70,29,87,18,-11.250414739740132,11
5312,48,12,90,8,-11.252381363492235,4
5313,29,23,65,14,-11.27269887311909,9
5314,7,52,75,35,-11.2746633859962,17
5315,55,14,2,9,-11.276816159574057,5
5316,5,10,80,7,-11.295210617596885,3
5317,96,25,7,18,-11.300422106484014,7
5318,70,15,30,9,-11.302914088005606,6
5319,79,10,80,6,-11.30670069299901,4
5320,28,46,63,32,-11.30701920844641,14
5321,60,23,47,16,-11.31330562577917,7
5322,18,12,69,8,-11.324568934723304,4
5323,20,12,64,9,-11.331308462604776,3
5324,13,10,85,7,-11.334330359029437,3
5325,88,67,13,45,-11.391224602207453,22
5326,38,11,4,8,-11.395009854616482,3
5327,35,23,76,15,-11.39691854534874,8
5328,95,10,29,7,-11.401888238693147,3
5329,106,39,114,26,-11.417874917507989,13
5330,72,19,86,13,-11.423615729846851,6
5331,81,14,47,10,-11.445134927289029,4
5332,17,19,53,13,-11.472645683923515,6
5333,91,10,69,6,-11.501202941557144,4
5334,76,15,74,9,-11.544600382799558,6
5335,71,10,111,7,-11.563837134119527,3
5336,104,16,36,10,-11.564722196156035,6
5337,50,15,33,10,-11.568332857311571,5
5338,39,15,90,10,-11.577976501423594,5
5339,18,21,15,15,-11.590119158022436,6
5340,84,26,11,18,-11.599387927162054,8
5341,10,14,7,9,-11.631959119868696,5
5342,103,11,55,8,-11.639657223031874,3
5343,87,26,98,18,-11.644897694141662,8
5344,86,33,102,23,-11.659667182565103,10
5345,39,30,30,20,-11.676641348162722,10
5346,96,13,91,9,-11.692854193124042,4
5347,19,20,7,15,-11.707331952559505,5
5348,53,12,15,8,-11.70980845034874,4
5349,51,17,15,11,-11.740493233850568,6
5350,67,11,16,8,-11.761532223804268,3
5351,1,37,55,26,-11.769033555767942,11
5352,65,12,91,8,-11.784658313781671,4
5353,54,10,44,7,-11.791894285038754,3
5354,40,21,8,15,-11.791921402372775,6
5355,91,10,53,7,-11.811611902058761,3
5356,17,10,83,6,-11.812775268760374,4
5357,87,23,48,16,-11.827762552608771,7
5358,64,10,74,6,-11.828764368523549,4
5359,28,34,74,23,-11.834419909257845,11
5360,47,10,78,6,-11.843066191666676,4
5361,14,18,16,12,-11.861448285420282,6
5362,104,18,90,12,-11.89837391797068,6
5363,63,18,62,12,-11.898616241132698,6
5364,18,27,95,18,-11.951490678023534,9
5365,54,10,53,7,-11.951994898142779,3
5366,35,12,27,8,-11.953831865399296,4
5367,84,17,104,11,-11.954953482800974,6
5368,72,11,50,8,-11.966306538639385,3
5369,104,12,1,8,-12.020108292717424,4
5370,96,28,98,19,-12.0522531035848,9
5371,28,21,34,15,-12.064560123194633,6
5372,20,14,34,10,-12.080633416209027,4
5373,55,13,15,10,-12.1017027484743,3
5374,63,12,92,7,-12.136993324985582,5
5375,70,22,2,14,-12.153236389251056,8
5376,51,23,77,15,-12.16149932915176,8
5377,39,17,109,13,-12.189314131019263,4
5378,76,18,7,11,-12.196617315781682,7
5379,106,11,78,8,-12.21024325274275,3
5380,9,14,43,9,-12.224469441855376,5
5381,54,27,48,18,-12.230401373927076,9
5382,39,23,91,16,-12.232573714352018,7
5383,39,10,32,7,-12.25900875776762,3
5384,114,27,87,17,-12.286422589064637,10
5385,108,10,28,6,-12.299856976610261,4
5386,57,13,65,9,-12.33183460804294,4
5387,20,10,78,7,-12.337947782230119,3
5388,33,13,87,9,-12.350753088118475,4
5389,97,12,67,9,-12.35346782744064,3
5390,29,11,98,8,-12.372640461667327,3
5391,94,11,76,8,-12.387810233208159,3
5392,112,10,37,7,-12.392005916673295,3
5393,53,16,43,12,-12.41343484704957,4
5394,50,17,36,10,-12.423703215189779,7
5395,51,14,111,10,-12.456032818979448,4
5396,49,10,80,6,-12.509141995238949,4
5397,5,27,75,17,-12.535083552437035,10
5398,58,14,54,9,-12.535089602873326,5
5399,5,27,57,19,-12.572003913811173,8
5400,63,34,80,24,-12.572385685987724,10
5401,112,24,64,18,-12.57665854379635,6
5402,9,19,20,13,-12.586361422949272,6
5403,3,13,20,9,-12.608758875748501,4
5404,70,24,108,17,-12.647188608054195,7
5405,5,14,48,10,-12.657719903594751,4
5406,52,11,30,8,-12.667026316194525,3
5407,88,16,111,12,-12.710530076381987,4
5408,51,16,80,11,-12.71390947989441,5
5409,106,24,46,15,-12.725492516069489,9
5410,106,14,33,10,-12.736963404825662,4
5411,36,10,95,7,-12.746346244298937,3
5412,81,12,54,8,-12.757047966098474,4
5413,16,13,78,9,-12.76829202713743,4
5414,27,20,104,15,-12.796343894614779,5
5415,57,10,3,7,-12.811476309279987,3
5416,104,20,49,14,-12.812277987885736,6
5417,9,10,108,6,-12.825707088631287,4
5418,81,17,87,10,-12.844251489474976,7
5419,109,19,27,12,-12.854514856980064,7
5420,45,14,23,10,-12.875487654765546,4
5421,69,28,16,19,-12.886719752127538,9
5422,65,21,2,16,-12.8900275785182,5
5423,75,12,98,8,-12.900340980932176,4
5424,17,16,23,11,-12.920452187354222,5
5425,31,72,13,49,-12.99330264938673,23
5426,114,12,27,8,-13.009570993376595,4
5427,9,11,6,7,-13.029614696230583,4
5428,9,17,15,11,-13.074365146681096,6
5429,46,38,104,26,-13.083570903140272,12
5430,90,15,20,10,-13.08396173697106,5
5431,70,10,83,6,-13.118339150755117,4
5432,77,15,53,10,-13.125923769197522,5
5433,37,28,95,21,-13.149042342745602,7
5434,88,17,102,13,-13.153141792955822,4
5435,46,10,43,7,-13.15350523992227,3
5436,35,12,97,9,-13.15953893586328,3
5437,70,22,11,16,-13.174919150937757,6
5438,87,14,79,11,-13.17533484699995,3
5439,28,13,41,9,-13.19117071449606,4
5440,54,18,36,12,-13.217744798273172,6
5441,17,11,102,8,-13.231752901126407,3
5442,41,16,8,12,-13.244566662838952,4
5443,88,36,95,25,-13.24512473637818,11
5444,96,39,11,27,-13.252582377716239,12
5445,69,17,58,11,-13.254261896111718,6
5446,11,23,95,17,-13.263288005084238,6
5447,5,31,102,21,-13.269431869962297,10
5448,99,12,7,8,-13.274517260788413,4
5449,106,19,64,13,-13.295192075566398,6
5450,46,17,50,11,-13.310329365776978,6
5451,46,12,18,9,-13.322032493347338,3
5452,83,18,16,13,-13.35123547721314,5
5453,32,11,55,7,-13.36363963009391,4
5454,35,12,104,8,-13.369677424437175,4
5455,103,16,86,11,-13.404186851009111,5
5456,62,18,74,13,-13.411803700884379,5
5457,53,15,75,10,-13.423496737137004,5
5458,32,12,25,7,-13.427877456338663,5
5459,35,15,36,11,-13.440272285829963,4
5460,55,17,102,12,-13.448934349992442,5
5461,90,10,93,7,-13.452391800759145,3
5462,39,14,108,9,-13.481039273987522,5
5463,70,10,34,7,-13.500624883981926,3
5464,1,10,78,7,-13.511302040012385,3
5465,66,11,7,7,-13.514093541012448,4
5466,38,15,104,10,-13.530669032796668,5
5467,103,11,74,8,-13.53565105452587,3
5468,10,10,37,6,-13.538762623915119,4
5469,71,20,104,13,-13.539738470235218,7
5470,60,26,27,20,-13.540065663312776,6
5471,104,18,64,13,-13.541290561517043,5
5472,86,23,26,17,-13.542004533589624,6
5473,54,34,75,23,-13.62291466723359,11
5474,46,12,93,9,-13.65474091099076,3
5475,86,16,92,11,-13.67676060817369,5
5476,44,14,104,10,-13.703910249073422,4
5477,31,25,63,18,-13.714594813504094,7
5478,33,14,63,10,-13.733555706081619,4
5479,112,11,97,9,-13.794615799527321,2
5480,31,17,98,11,-13.805084918983175,6
5481,112,14,71,10,-13.80768968996665,4
5482,52,19,86,14,-13.851910838120485,5
5483,28,12,10,9,-13.863096669360587,3
5484,83,13,11,10,-13.863860744018641,3
5485,13,23,30,15,-13.875626061777945,8
5486,50,19,53,13,-13.883151416746287,6
5487,76,17,54,12,-13.892444764564262,5
5488,40,10,100,7,-13.927928921941099,3
5489,69,19,75,14,-13.94230448490658,5
5490,71,24,40,17,-13.948125771645659,7
5491,43,12,30,9,-14.040170128250274,3
5492,77,29,40,21,-14.048771071022598,8
5493,81,23,51,15,-14.181392483122476,8
5494,80,11,41,8,-14.186716292232557,3
5495,66,11,63,8,-14.209916362631542,3
5496,60,28,91,19,-14.21948701708733,9
5497,77,15,30,11,-14.240898393688356,4
5498,60,21,74,14,-14.268042080973927,7
5499,37,12,34,9,-14.300571264435137,3
5500,102,11,46,8,-14.307494713152051,3
5501,50,18,80,14,-14.309192739594003,4
5502,77,27,7,19,-14.33556677589385,8
5503,83,10,40,8,-14.347262135245904,2
5504,14,11,80,7,-14.435345395194508,4
5505,5,12,44,9,-14.447481002517355,3
5506,2,10,73,7,-14.457830254043136,3
5507,25,12,34,9,-14.468789684868275,3
5508,51,18,45,13,-14.493324057948728,5
5509,2,12,13,8,-14.516038794033763,4
5510,37,12,73,8,-14.533349572792924,4
5511,99,12,50,8,-14.581629542155014,4
5512,12,12,27,9,-14.58894097244964,3
5513,97,11,14,9,-14.634263785488013,2
5514,8,14,78,11,-14.668119505967436,3
5515,112,18,28,13,-14.687264657306782,5
5516,83,19,114,14,-14.71253096490687,5
5517,31,10,100,7,-14.730848989291465,3
5518,102,10,90,6,-14.739148726840858,4
5519,106,14,32,11,-14.741977351969277,3
5520,109,26,114,20,-14.744077219906973,6
5521,2,10,57,7,-14.75670329182861,3
5522,1,13,18,10,-14.814066225099426,3
5523,85,11,55,8,-14.836765173492132,3
5524,91,17,30,13,-14.854653528597783,4
5525,57,12,69,9,-14.86920981303713,3
5526,108,10,8,8,-14.88327570809189,2
5527,112,10,55,8,-14.907032679929216,2
5528,104,16,9,11,-14.915937256999365,5
5529,17,21,95,16,-14.970865650802967,5
5530,57,11,38,7,-15.001479354971174,4
5531,75,10,45,8,-15.003649946946844,2
5532,99,18,25,13,-15.014737107768294,5
5533,94,17,81,11,-15.053941840602283,6
5534,3,17,63,14,-15.071396371833842,3
5535,9,12,48,9,-15.097519161061683,3
5536,71,17,41,13,-15.162388636591329,4
5537,68,15,61,11,-15.24709195978541,4
5538,112,17,60,13,-15.252929960445716,4
5539,112,18,20,14,-15.347636279185814,4
5540,99,18,107,13,-15.347683777553833,5
5541,37,13,18,10,-15.368965567811568,3
5542,46,12,98,8,-15.381140721878973,4
5543,71,10,11,7,-15.386871545741162,3
5544,25,14,49,10,-15.43786379260084,4
5545,107,25,73,17,-15.460672720698524,8
5546,60,13,100,10,-15.468043250681323,3
5547,31,15,69,10,-15.502962092044207,5
5548,2,18,104,12,-15.50344370749933,6
5549,106,10,89,6,-15.508251121091035,4
5550,14,11,25,9,-15.536643242754739,2
5551,31,12,104,8,-15.561592201078605,4
5552,5,20,23,15,-15.563915929412014,5
5553,45,14,4,10,-15.600891470448104,4
5554,85,11,106,8,-15.605731963514037,3
5555,97,13,90,9,-15.62188808576594,4
5556,38,10,87,7,-15.648595936017907,3
5557,94,10,30,7,-15.665277818052123,3
5558,51,12,34,9,-15.6894891289244,3
5559,1,13,8,10,-15.702434313684371,3
5560,80,13,75,10,-15.71805205236554,3
5561,35,12,80,9,-15.72406211872363,3
5562,94,23,16,17,-15.724833818203336,6
5563,77,14,37,10,-15.73169378416834,4
5564,96,16,93,12,-15.73319462766121,4
5565,57,20,7,13,-15.746440629237659,7
5566,35,10,75,8,-15.755761764469415,2
5567,37,10,15,8,-15.78269510258246,2
5568,12,12,75,8,-15.785867542761379,4
5569,77,16,8,12,-15.792942369486319,4
5570,70,10,48,7,-15.796496446665468,3
5571,35,12,87,8,-15.83062454624883,4
5572,31,45,16,33,-15.837412153743443,12
5573,2,10,60,7,-15.84205677205398,3
5574,39,18,99,14,-15.84878961626863,4
5575,12,15,41,11,-15.852631956602023,4
5576,91,11,76,9,-15.872477419459234,2
5577,8,18,34,13,-15.876296726362224,5
5578,9,30,53,22,-15.894615033798411,8
5579,70,13,80,11,-15.90133341789594,2
5580,9,26,41,19,-15.923207095513275,7
5581,63,13,14,9,-15.961958621197994,4
5582,5,18,41,12,-16.050377082501456,6
5583,83,12,23,9,-16.123810814063006,3
5584,11,12,30,9,-16.16112498926937,3
5585,58,18,65,13,-16.230092308358206,5
5586,69,21,53,15,-16.247322250303586,6
5587,91,13,43,10,-16.255864059996068,3
5588,29,19,88,14,-16.32863392758839,5
5589,7,16,61,11,-16.426968020447948,5
5590,25,25,11,20,-16.429746187224737,5
5591,51,22,78,15,-16.43256097401169,7
5592,55,15,14,12,-16.464885141480416,3
5593,88,17,80,12,-16.477538046034613,5
5594,29,10,20,7,-16.50938950913484,3
5595,36,10,101,8,-16.627946704419497,2
5596,41,12,30,8,-16.67014747818193,4
5597,71,15,95,10,-16.72675418994599,5
5598,76,10,1,7,-16.815372977495876,3
5599,30,14,95,10,-16.836817117204564,4
5600,97,14,38,11,-16.838290194315167,3
5601,112,13,47,9,-16.872460541477547,4
5602,31,10,38,6,-16.97274158238424,4
5603,50,16,77,13,-16.97319460562341,3
5604,87,12,34,9,-16.98781036825935,3
5605,54,11,19,7,-17.04448096462319,4
5606,79,13,104,9,-17.056081750892357,4
5607,13,17,80,12,-17.06375198393908,5
5608,20,12,60,9,-17.12579419517071,3
5609,84,11,41,8,-17.126277871141777,3
5610,69,14,49,10,-17.144708838601282,4
5611,5,22,27,16,-17.186967099907662,6
5612,35,12,63,9,-17.190706154289504,3
5613,106,10,35,7,-17.319051156851785,3
5614,39,10,45,7,-17.32115834390289,3
5615,43,10,45,7,-17.339723268429022,3
5616,19,11,55,8,-17.435802328445057,3
5617,18,14,23,10,-17.468338798211544,4
5618,68,23,112,17,-17.504844487924583,6
5619,83,11,110,9,-17.575104905290946,2
5620,57,12,34,9,-17.642040510861822,3
5621,3,11,5,7,-17.694163901939547,4
5622,85,13,39,9,-17.73138579710301,4
5623,69,14,30,10,-17.76525861498344,4
5624,55,12,44,9,-17.771847163193563,3
5625,65,28,100,23,-17.80898130408499,5
5626,5,18,30,15,-17.81053305502534,3
5627,8,10,69,8,-17.824588271872045,2
5628,88,17,32,13,-17.824594134673823,4
5629,114,11,111,8,-17.846918134233796,3
5630,43,16,55,14,-17.88766939591472,2
5631,68,21,95,18,-17.962668451083434,3
5632,33,18,55,14,-17.969879843551904,4
5633,28,28,90,22,-18.060877876686433,6
5634,10,14,51,11,-18.10396467420879,3
5635,103,10,109,7,-18.37872283171988,3
5636,18,10,5,8,-18.464269170029826,2
5637,33,14,65,11,-18.512762180418843,3
5638,31,15,106,11,-18.52908676481624,4
5639,68,15,50,11,-18.68712791744929,4
5640,28,17,99,13,-18.754584808369174,4
5641,77,10,100,8,-18.785807393142274,2
5642,47,11,55,8,-18.857554518412744,3
5643,72,14,28,11,-18.867516837427928,3
5644,11,10,2,8,-18.92308479788875,2
5645,4,13,98,11,-18.936498509144613,2
5646,112,13,87,10,-18.936535119389838,3
5647,106,10,92,8,-19.041690772468705,2
5648,2,10,100,7,-19.143504228869272,3
5649,54,16,4,14,-19.244087603842104,2
5650,18,14,99,11,-19.290873438644514,3
5651,36,19,30,17,-19.30529767168729,2
5652,58,18,86,14,-19.310387562039804,4
5653,57,11,31,8,-19.413521248836453,3
5654,51,10,101,8,-19.538804927619935,2
5655,32,12,95,10,-19.760326388824467,2
5656,68,15,100,11,-19.919601065708385,4
5657,10,10,112,8,-19.980952801461246,2
5658,75,11,111,8,-20.026411874817093,3
5659,112,11,49,9,-20.081273718937805,2
5660,5,10,64,8,-20.37578731830582,2
5661,35,11,48,9,-20.438098241934796,2
5662,81,12,49,9,-20.5963472275708,3
5663,29,11,3,9,-20.616564829174436,2
5664,68,11,90,9,-20.787956198015944,2
5665,79,10,30,8,-20.824119521738712,2
5666,38,11,55,9,-20.87506721402826,2
5667,77,17,16,14,-20.89936034383646,3
5668,84,10,7,8,-21.17364400986741,2
5669,77,10,98,8,-21.266559747636286,2
5670,91,16,104,15,-21.31971827875211,1
5671,51,16,2,12,-21.322170492802826,4
5672,109,10,12,9,-21.32950515182345,1
5673,51,19,90,17,-21.393287092982963,2
5674,4,13,25,11,-21.42004260246313,2
5675,4,15,41,10,-21.480590173913868,5
5676,31,12,62,9,-21.790941067775986,3
5677,97,12,91,10,-22.175648770183788,2
5678,69,11,78,9,-22.86018059326103,2
5679,8,11,4,10,-23.17790508365148,1
5680,102,10,30,8,-23.768301124479738,2
5681,69,11,27,9,-23.965125451311458,2
5682,9,22,27,18,-24.023674987501078,4
5683,97,11,34,9,-24.058676404388496,2
5684,97,12,73,9,-24.10757303293757,3
5685,3,16,75,14,-24.194103806582213,2
5686,112,19,78,16,-24.293257718319964,3
5687,107,11,19,11,-25.62700990509966,0
5688,77,17,75,15,-26.826580833678783,2
5689,37,10,44,10,-28.25347707422472,0
5690,23,11,90,10,-28.300961743533676,1
5691,112,10,80,9,-29.5236176834229,1
