,againstHero,games,hero,losses,shift,wins
0,80,10,112,1,29.523617683422906,9
1,90,11,23,1,28.300961743533684,10
2,44,10,37,0,28.253477074224726,10
3,75,17,77,2,26.826580833678786,15
4,19,11,107,0,25.62700990509966,11
5,78,19,112,3,24.293257718319964,16
6,75,16,3,2,24.194103806582213,14
7,73,12,97,3,24.10757303293757,9
8,34,11,97,2,24.058676404388496,9
9,27,22,9,4,24.023674987501078,18
10,27,11,69,2,23.96512545131146,9
11,4,11,8,1,23.177905083651492,10
12,78,11,69,2,22.860180593261035,9
13,91,12,97,2,22.175648770183788,10
14,62,12,31,3,21.79094106777599,9
15,41,15,4,5,21.480590173913868,10
16,25,13,4,2,21.42004260246313,11
17,90,19,51,2,21.39328709298296,17
18,12,10,109,1,21.32950515182345,9
19,2,16,51,4,21.322170492802822,12
20,104,16,91,1,21.319718278752113,15
21,98,10,77,2,21.266559747636286,8
22,7,10,84,2,21.17364400986741,8
23,16,17,77,3,20.89936034383646,14
24,55,11,38,2,20.87506721402826,9
25,30,10,79,2,20.824119521738705,8
26,90,11,68,2,20.787956198015944,9
27,3,11,29,2,20.616564829174436,9
28,49,12,81,3,20.596347227570796,9
29,48,11,35,2,20.438098241934792,9
30,64,10,5,2,20.375787318305825,8
31,49,11,112,2,20.081273718937805,9
32,100,15,68,4,19.919601065708385,11
33,95,12,32,2,19.760326388824463,10
34,101,10,51,2,19.538804927619935,8
35,31,11,57,3,19.41352124883645,8
36,86,19,58,4,19.384187711945845,15
37,30,19,36,2,19.30529767168729,17
38,99,14,18,3,19.290873438644514,11
39,4,16,54,2,19.2440876038421,14
40,100,10,2,3,19.14350422886928,7
41,92,10,106,2,19.041690772468705,8
42,98,13,4,2,18.936498509144613,11
43,2,10,11,2,18.923084797888755,8
44,28,14,72,3,18.867516837427928,11
45,55,11,47,3,18.857554518412744,8
46,100,10,77,2,18.78580739314227,8
47,99,17,28,4,18.754584808369174,13
48,50,15,68,4,18.68712791744929,11
49,45,11,43,3,18.574891926068155,8
50,106,15,31,4,18.52908676481624,11
51,65,14,33,3,18.51276218041885,11
52,5,10,18,2,18.464269170029823,8
53,109,10,103,3,18.37872283171988,7
54,51,14,10,3,18.10396467420879,11
55,90,28,28,6,18.060877876686437,22
56,55,18,33,4,17.969879843551904,14
57,95,21,68,3,17.962668451083438,18
58,55,16,43,2,17.887669395914717,14
59,111,11,114,3,17.846918134233796,8
60,32,17,88,4,17.82459413467382,13
61,69,10,8,2,17.824588271872045,8
62,30,18,5,3,17.81053305502534,15
63,100,28,65,5,17.80898130408499,23
64,44,12,55,3,17.77184716319356,9
65,5,11,3,4,17.694163901939547,7
66,34,12,57,3,17.642040510861822,9
67,110,11,83,2,17.575104905290946,9
68,112,23,68,6,17.50484448792458,17
69,23,14,18,4,17.468338798211544,10
70,55,11,19,3,17.435802328445057,8
71,78,23,51,7,17.431646007174983,16
72,65,19,58,5,17.423823642195952,14
73,45,10,39,3,17.32115834390289,7
74,35,10,106,3,17.319051156851785,7
75,20,11,29,3,17.261971083229245,8
76,63,12,35,3,17.190706154289504,9
77,27,22,5,6,17.18696709990766,16
78,41,11,84,3,17.126277871141774,8
79,60,12,20,3,17.12579419517071,9
80,80,17,13,5,17.063751983939074,12
81,104,13,79,4,17.056081750892357,9
82,34,13,51,3,17.050470848560973,10
83,34,12,87,3,16.987810368259346,9
84,77,16,50,3,16.97319460562341,13
85,38,10,31,4,16.97274158238424,6
86,47,13,112,4,16.87246054147755,9
87,38,14,97,3,16.838290194315167,11
88,95,14,30,4,16.836817117204568,10
89,1,10,76,3,16.815372977495876,7
90,112,11,10,3,16.760907633708104,8
91,95,15,71,5,16.72675418994599,10
92,10,10,87,2,16.717426239102245,8
93,30,12,41,4,16.67014747818193,8
94,101,10,36,2,16.6279467044195,8
95,30,17,69,5,16.6252519902636,12
96,60,18,112,4,16.58864655611243,14
97,80,17,88,5,16.47753804603461,12
98,14,15,55,3,16.464885141480416,12
99,11,25,25,5,16.429746187224733,20
100,61,16,7,5,16.42696802044795,11
101,88,19,29,5,16.32863392758839,14
102,43,13,91,3,16.255864059996064,10
103,53,21,69,6,16.247322250303586,15
104,30,12,11,3,16.16112498926937,9
105,23,12,83,3,16.123810814063006,9
106,41,18,5,6,16.05037708250146,12
107,14,13,63,4,15.961958621197992,9
108,41,26,9,7,15.923207095513272,19
109,80,13,70,2,15.901333417895936,11
110,53,30,9,8,15.894615033798411,22
111,34,18,8,5,15.876296726362224,13
112,76,11,91,2,15.872477419459232,9
113,41,15,12,4,15.852631956602023,11
114,99,18,39,4,15.84878961626863,14
115,60,10,2,3,15.842056772053983,7
116,16,45,31,12,15.837412153743443,33
117,87,12,35,4,15.830624546248833,8
118,48,10,70,3,15.796496446665468,7
119,8,16,77,4,15.792942369486319,12
120,75,12,12,4,15.785867542761377,8
121,15,10,37,2,15.78269510258246,8
122,75,10,35,2,15.755761764469415,8
123,7,20,57,7,15.746440629237663,13
124,93,16,96,4,15.733194627661211,12
125,37,14,77,4,15.73169378416834,10
126,16,23,94,6,15.724833818203335,17
127,80,12,35,3,15.72406211872363,9
128,75,13,80,3,15.718052052365534,10
129,8,13,1,3,15.702434313684373,10
130,30,10,94,3,15.665277818052123,7
131,87,10,38,3,15.648595936017909,7
132,90,13,97,4,15.621888085765939,9
133,106,11,85,3,15.60573196351404,8
134,4,14,45,4,15.600891470448106,10
135,23,20,5,5,15.563915929412016,15
136,104,12,31,4,15.561592201078605,8
137,25,11,14,2,15.536643242754739,9
138,89,10,106,4,15.508251121091039,6
139,104,18,2,6,15.503443707499333,12
140,69,15,31,5,15.502962092044205,10
141,100,13,60,3,15.468043250681323,10
142,73,25,107,8,15.460672720698525,17
143,49,14,25,4,15.43786379260084,10
144,11,10,71,3,15.386871545741162,7
145,98,12,46,4,15.381140721878971,8
146,18,13,37,3,15.368965567811566,10
147,20,18,112,4,15.347636279185814,14
148,69,13,57,3,15.318700628207706,10
149,61,15,68,4,15.24709195978541,11
150,30,13,43,3,15.232406371172788,10
151,41,17,71,4,15.16238863659133,13
152,49,10,29,3,15.145229624598752,7
153,48,12,9,3,15.097519161061681,9
154,63,17,3,3,15.071396371833838,14
155,98,13,29,3,15.068046024724161,10
156,81,17,94,6,15.053941840602283,11
157,25,18,99,5,15.014737107768298,13
158,45,10,75,2,15.003649946946844,8
159,38,11,57,4,15.001479354971178,7
160,95,21,17,5,14.970865650802967,16
161,9,16,104,5,14.915937256999364,11
162,55,10,112,2,14.907032679929213,8
163,8,10,108,2,14.883275708091887,8
164,30,17,91,4,14.854653528597783,13
165,55,11,85,3,14.836765173492136,8
166,18,13,1,3,14.814066225099424,10
167,57,10,2,3,14.75670329182861,7
168,114,26,109,6,14.744077219906968,20
169,32,14,106,3,14.741977351969275,11
170,100,10,31,3,14.730848989291463,7
171,114,19,83,5,14.712530964906872,14
172,69,13,18,4,14.69589661715718,9
173,3,10,35,3,14.67345115895829,7
174,78,14,8,3,14.668119505967436,11
175,14,11,97,2,14.634263785488013,9
176,49,15,69,5,14.620888888677557,10
177,30,10,102,3,14.616177341977675,7
178,79,15,87,3,14.594363104783758,12
179,27,12,12,3,14.588940972449642,9
180,50,12,99,4,14.581629542155014,8
181,73,12,37,4,14.533349572792922,8
182,13,12,2,4,14.516038794033767,8
183,45,18,51,5,14.493324057948724,13
184,34,12,25,3,14.468789684868277,9
185,73,10,2,3,14.457830254043136,7
186,44,12,5,3,14.447481002517355,9
187,80,11,14,4,14.435345395194508,7
188,78,14,16,4,14.356111626549053,10
189,40,10,83,2,14.347262135245902,8
190,7,27,77,8,14.33556677589385,19
191,80,18,50,4,14.309192739594003,14
192,46,11,102,3,14.30749471315205,8
193,34,12,37,3,14.30057126443514,9
194,74,21,60,7,14.268042080973931,14
195,30,15,77,4,14.240898393688356,11
196,91,28,60,9,14.219487017087326,19
197,63,11,66,3,14.209916362631539,8
198,41,11,80,3,14.18671629223256,8
199,51,23,81,8,14.18139248312247,15
200,39,14,85,5,14.177624685555417,9
201,80,36,63,10,14.049544936434046,26
202,40,29,77,8,14.048771071022596,21
203,29,10,19,2,14.046077097311198,8
204,65,14,57,4,14.034059539251718,10
205,69,11,91,4,13.993001551531528,7
206,111,12,75,4,13.972281809419963,8
207,40,24,71,7,13.948125771645659,17
208,75,19,69,5,13.942304484906579,14
209,100,10,40,3,13.927928921941099,7
210,54,17,76,5,13.892444764564262,12
211,53,19,50,6,13.883151416746285,13
212,30,23,13,8,13.875626061777945,15
213,11,13,83,3,13.863860744018647,10
214,19,13,54,5,13.85338913179669,8
215,86,19,52,5,13.851910838120485,14
216,71,14,112,4,13.807689689966653,10
217,98,17,31,6,13.805084918983171,11
218,97,11,112,2,13.794615799527321,9
219,10,13,28,3,13.736666069876708,10
220,63,14,33,4,13.733555706081617,10
221,63,25,31,7,13.714594813504092,18
222,104,14,44,4,13.703910249073422,10
223,92,16,86,5,13.67676060817369,11
224,93,12,46,3,13.65474091099076,9
225,75,34,54,11,13.622914667233593,23
226,26,23,86,6,13.54200453358962,17
227,64,18,104,5,13.54129056151704,13
228,27,26,60,6,13.540065663312776,20
229,37,10,10,4,13.538762623915124,6
230,74,11,103,3,13.53565105452587,8
231,104,15,38,5,13.530669032796665,10
232,7,11,66,4,13.514093541012448,7
233,78,10,1,3,13.511302040012387,7
234,34,10,70,3,13.500624883981928,7
235,107,10,103,2,13.498191984744315,8
236,108,14,39,5,13.481039273987522,9
237,20,14,3,4,13.47868944349313,10
238,93,10,90,3,13.452391800759148,7
239,102,17,55,5,13.448934349992445,12
240,36,15,35,4,13.440272285829963,11
241,25,12,32,5,13.427877456338663,7
242,75,15,53,5,13.423496737137006,10
243,74,18,62,5,13.411803700884374,13
244,86,16,103,5,13.404186851009108,11
245,104,12,35,4,13.369677424437178,8
246,55,11,32,4,13.36363963009391,7
247,16,18,83,5,13.351235477213141,13
248,87,28,114,10,13.329695440899371,18
249,18,12,46,3,13.322032493347338,9
250,47,16,18,4,13.317575135316673,12
251,50,17,46,6,13.310329365776974,11
252,64,19,106,6,13.295192075566398,13
253,7,12,99,4,13.274517260788409,8
254,102,31,5,10,13.269431869962297,21
255,87,15,112,5,13.2638460838065,10
256,95,23,11,6,13.26328800508424,17
257,11,39,96,12,13.25258237771624,27
258,95,36,88,11,13.24512473637818,25
259,8,16,41,4,13.244566662838952,12
260,36,18,54,6,13.217744798273172,12
261,85,11,13,3,13.214961214077967,8
262,41,13,28,4,13.19117071449606,9
263,11,22,70,6,13.174919150937761,16
264,97,12,35,3,13.159538935863281,9
265,43,10,46,3,13.153505239922268,7
266,95,28,37,7,13.149042342745604,21
267,53,15,77,5,13.125923769197524,10
268,83,10,70,4,13.118339150755117,6
269,104,38,46,12,13.083570903140268,26
270,6,11,9,4,13.029614696230583,7
271,27,12,114,4,13.009570993376595,8
272,13,72,31,23,12.993302649386727,49
273,91,10,112,3,12.979190972482943,7
274,23,16,17,5,12.920452187354222,11
275,107,19,99,6,12.912196289132078,13
276,98,12,75,4,12.900340980932176,8
277,2,21,65,5,12.890027578518202,16
278,23,14,45,4,12.875487654765548,10
279,27,19,109,7,12.854514856980066,12
280,108,10,9,4,12.825707088631287,6
281,49,20,104,6,12.812277987885736,14
282,104,20,27,5,12.796343894614777,15
283,54,12,81,4,12.757047966098476,8
284,95,10,36,3,12.746346244298937,7
285,33,14,106,4,12.736963404825662,10
286,46,24,106,9,12.725492516069492,15
287,30,32,39,10,12.722134282300573,22
288,80,16,51,5,12.713909479894406,11
289,111,16,88,4,12.710530076381987,12
290,104,18,84,6,12.684623419796734,12
291,30,11,52,3,12.667026316194523,8
292,48,14,5,4,12.657719903594751,10
293,108,24,70,7,12.6471886080542,17
294,38,11,17,4,12.634911882425525,7
295,20,19,9,6,12.586361422949272,13
296,57,27,5,8,12.572003913811171,19
297,54,14,58,5,12.535089602873327,9
298,75,27,5,10,12.535083552437033,17
299,80,10,49,4,12.50914199523895,6
300,65,24,29,9,12.491095821350719,15
301,36,17,50,7,12.423703215189779,10
302,43,16,53,4,12.41343484704957,12
303,37,10,112,3,12.392005916673293,7
304,76,11,94,3,12.387810233208155,8
305,67,12,97,3,12.35346782744064,9
306,78,10,20,3,12.337947782230119,7
307,28,10,108,4,12.299856976610261,6
308,32,10,39,3,12.25900875776762,7
309,71,11,84,3,12.255989147154674,8
310,48,27,54,9,12.230401373927076,18
311,28,19,112,6,12.22892074036625,13
312,75,19,43,5,12.224767647713705,14
313,43,14,9,5,12.224469441855378,9
314,78,11,106,3,12.210243252742755,8
315,7,18,76,7,12.19661731578168,11
316,109,17,39,4,12.189314131019263,13
317,77,23,51,8,12.161499329151763,15
318,2,22,70,8,12.153236389251056,14
319,92,12,63,5,12.136993324985582,7
320,15,13,55,3,12.101702748474299,10
321,58,19,69,7,12.089414430124696,12
322,34,14,20,4,12.080633416209027,10
323,34,21,28,6,12.064560123194633,15
324,110,11,28,4,12.062606997342062,7
325,1,18,63,7,12.054495717242014,11
326,98,28,96,9,12.0522531035848,19
327,58,16,13,4,12.037688148626765,12
328,1,12,104,4,12.020108292717422,8
329,50,11,72,3,11.966306538639385,8
330,27,12,35,4,11.953831865399296,8
331,53,10,54,3,11.951994898142782,7
332,95,27,18,9,11.951490678023532,18
333,109,11,29,5,11.905733206262543,6
334,62,18,63,6,11.898616241132697,12
335,90,18,104,6,11.89837391797068,12
336,78,10,47,4,11.843066191666676,6
337,74,34,28,11,11.834419909257846,23
338,74,10,64,4,11.828764368523546,6
339,83,10,17,4,11.812775268760372,6
340,53,10,91,3,11.811611902058761,7
341,8,21,40,6,11.791921402372775,15
342,44,10,54,3,11.791894285038754,7
343,91,12,65,4,11.784658313781675,8
344,55,37,1,11,11.76903355576794,26
345,16,11,67,3,11.761532223804268,8
346,15,17,51,6,11.740493233850566,11
347,15,12,53,4,11.70980845034874,8
348,7,20,19,5,11.707331952559509,15
349,84,19,3,7,11.706603419105937,12
350,91,13,96,4,11.692854193124042,9
351,98,11,48,3,11.678045251552971,8
352,98,26,87,8,11.644897694141665,18
353,55,11,103,3,11.639657223031874,8
354,11,26,84,8,11.59938792716206,18
355,15,21,18,6,11.590119158022436,15
356,90,15,39,5,11.57797650142359,10
357,33,15,50,5,11.568332857311571,10
358,36,16,104,6,11.564722196156039,10
359,111,10,71,3,11.563837134119533,7
360,74,15,76,6,11.544600382799558,9
361,53,19,17,6,11.472645683923517,13
362,47,14,81,4,11.445134927289029,10
363,86,19,72,6,11.423615729846855,13
364,114,39,106,13,11.417874917507987,26
365,29,10,95,3,11.401888238693152,7
366,76,23,35,8,11.396918545348738,15
367,4,11,38,3,11.395009854616484,8
368,104,21,71,8,11.370166649530528,13
369,87,18,81,8,11.3699132326782,10
370,64,12,20,3,11.33130846260478,9
371,47,23,60,7,11.313305625779169,16
372,63,46,28,14,11.30701920844641,32
373,80,10,79,4,11.30670069299901,6
374,7,25,96,7,11.300422106484014,18
375,80,10,5,3,11.295210617596885,7
376,2,14,55,5,11.276816159574059,9
377,75,52,7,17,11.274663385996204,35
378,90,12,48,4,11.252381363492233,8
379,87,29,70,11,11.250414739740135,18
380,107,16,83,5,11.249585120390279,11
381,40,13,81,4,11.249205674756393,9
382,95,28,51,8,11.244919045567018,20
383,75,17,109,5,11.242273446455997,12
384,46,20,96,8,11.223825219116966,12
385,73,13,51,4,11.219804453521853,9
386,98,18,106,6,11.217270403208776,12
387,100,12,46,4,11.210309669403356,8
388,89,11,1,4,11.209011069389932,7
389,114,45,65,16,11.207925536927627,29
390,6,12,61,4,11.200388242698187,8
391,91,10,109,3,11.192740070217315,7
392,43,16,4,6,11.162760468553993,10
393,100,20,87,8,11.113455718095162,12
394,40,10,19,3,11.104417905023016,7
395,74,13,32,4,11.101664191982366,9
396,70,22,57,9,11.101179297757742,13
397,78,13,80,4,11.097915766170063,9
398,75,13,29,5,11.096282078020437,8
399,12,18,107,5,11.095629908733306,13
400,17,12,78,4,11.090068157424293,8
401,62,11,57,3,11.089901365863183,8
402,99,11,11,4,11.04788337752713,7
403,32,12,114,4,11.045874107216177,8
404,98,11,88,3,11.027639102171307,8
405,45,12,68,4,11.024019728389067,8
406,53,41,88,13,11.023031682203495,28
407,41,14,92,5,11.016394202336144,9
408,98,10,68,3,11.014423279510455,7
409,15,13,71,4,11.00914391321026,9
410,56,13,107,5,11.000292497508868,8
411,50,37,88,13,10.986958086725295,24
412,9,15,47,5,10.968614103246173,10
413,89,10,13,4,10.939542022741618,6
414,27,14,64,4,10.925557497140753,10
415,78,10,31,4,10.912809716780329,6
416,73,17,5,6,10.907383059794872,11
417,102,10,35,4,10.903207987031468,6
418,13,69,88,23,10.89582561175846,46
419,63,41,88,12,10.89220871689106,29
420,30,17,84,5,10.881128054888238,12
421,111,21,41,8,10.875724405637953,13
422,71,16,77,5,10.872072685026803,11
423,37,46,54,15,10.870093974692763,31
424,27,30,65,10,10.85658782517334,20
425,15,28,39,8,10.848484454141273,20
426,109,34,8,13,10.819891467814772,21
427,106,17,81,7,10.816681182916202,10
428,104,27,77,9,10.795670361212093,18
429,55,25,91,7,10.791612827626562,18
430,47,11,15,4,10.775485769989336,7
431,59,11,7,3,10.771239818059199,8
432,27,27,31,11,10.758919665279384,16
433,23,20,39,7,10.742827162036496,13
434,37,15,60,6,10.721994289598655,9
435,54,11,111,3,10.714143810197228,8
436,43,13,36,5,10.713552025008548,8
437,51,25,74,7,10.704030149650722,18
438,40,23,17,7,10.673939896309559,16
439,5,25,98,9,10.66291868554062,16
440,30,20,64,7,10.642272986004784,13
441,51,19,110,6,10.641404239934534,13
442,98,18,71,6,10.627953776602759,12
443,16,12,101,4,10.622717697482882,8
444,7,31,91,9,10.609100286101588,22
445,75,15,38,4,10.597530026810052,11
446,69,18,28,7,10.575983527327304,11
447,95,15,9,6,10.569002592922953,9
448,71,19,54,7,10.563773271372229,12
449,86,16,56,5,10.543126647721753,11
450,71,19,97,6,10.5235339621969,13
451,27,27,36,10,10.523349599331352,17
452,89,14,37,6,10.519274673853001,8
453,114,12,12,5,10.50495457801322,7
454,50,37,20,12,10.501577095705528,25
455,63,18,69,5,10.495670691796661,13
456,75,14,102,4,10.47886729381523,10
457,19,15,13,5,10.478851089928183,10
458,75,35,8,11,10.477015226263449,24
459,23,12,77,4,10.472073733658851,8
460,6,10,31,4,10.459894630543896,6
461,100,14,112,5,10.456632827685274,9
462,49,10,62,3,10.4539945527009,7
463,60,27,69,11,10.453461646225001,16
464,64,25,112,7,10.447348803692252,18
465,34,11,60,3,10.444545857082172,8
466,44,16,39,6,10.434810009571377,10
467,53,20,108,8,10.431511884012187,12
468,95,19,114,7,10.422604339796184,12
469,110,11,7,5,10.422576579231729,6
470,100,23,54,8,10.42177381868298,15
471,28,10,12,3,10.401916137932792,7
472,100,10,57,4,10.386884791301807,6
473,106,16,93,6,10.37915501513517,10
474,49,21,60,7,10.36875684851125,14
475,80,32,107,10,10.362863354930886,22
476,3,11,18,3,10.36192093091692,8
477,104,13,81,6,10.361322759461329,7
478,112,18,84,6,10.358451447508308,12
479,94,10,7,3,10.355621654064773,7
480,37,13,1,5,10.342164269053148,8
481,7,14,81,6,10.32158298772756,8
482,57,18,63,7,10.314939985261887,11
483,107,29,31,13,10.30345756995746,16
484,15,13,3,5,10.297068162756684,8
485,38,12,54,4,10.280232127604943,8
486,34,12,104,4,10.27427919250402,8
487,15,19,9,8,10.263935810819845,11
488,85,15,50,5,10.26203922127155,10
489,77,12,99,3,10.252199704478638,9
490,67,16,106,6,10.252161434234207,10
491,54,16,43,6,10.23290427669035,10
492,30,17,31,7,10.214096274935343,10
493,25,24,68,8,10.211790433098953,16
494,11,36,37,12,10.20717474941383,24
495,91,24,39,8,10.206322081312438,16
496,48,24,96,8,10.200121519345739,16
497,98,15,2,6,10.198603389321667,9
498,71,13,33,4,10.195530501937561,9
499,97,41,37,14,10.190687502541845,27
500,89,13,104,5,10.17868688184359,8
501,64,24,9,7,10.178655144521006,17
502,58,13,39,4,10.147489402696785,9
503,96,11,23,4,10.143008283174426,7
504,53,37,31,14,10.136338371296793,23
505,92,10,109,3,10.132066653367776,7
506,46,14,70,5,10.128652016947743,9
507,8,20,15,8,10.121581558030638,12
508,8,10,35,3,10.118762046100299,7
509,50,20,102,8,10.118106239071224,12
510,53,36,36,11,10.114732824687987,25
511,39,28,43,11,10.108201581404133,17
512,65,36,93,14,10.107687501917344,22
513,18,24,8,7,10.103008591242306,17
514,89,11,74,4,10.093150392265771,7
515,79,12,106,4,10.079963228120917,8
516,40,16,49,6,10.077718304922938,10
517,13,23,83,8,10.067954696106945,15
518,44,10,38,3,10.048373138060269,7
519,110,13,107,4,10.03472132274693,9
520,11,14,18,5,10.031989827572826,9
521,16,43,18,14,10.022908903594146,29
522,75,12,57,4,10.001839571130395,8
523,95,25,65,9,9.987438820754939,16
524,34,11,48,4,9.987399142382838,7
525,107,13,10,5,9.987353405179212,8
526,87,13,52,5,9.984852518055051,8
527,73,18,88,6,9.974203425238965,12
528,95,10,2,3,9.920312629990502,7
529,46,10,29,5,9.908374858149834,5
530,25,14,3,5,9.907996037168818,9
531,27,13,30,5,9.89635566134904,8
532,87,32,9,13,9.890957993800642,19
533,18,39,39,13,9.885046818102031,26
534,2,17,54,5,9.883928701627934,12
535,17,15,71,6,9.874078720771614,9
536,63,34,91,11,9.863803572303501,23
537,76,12,18,4,9.847622493503502,8
538,30,16,63,6,9.842696842263113,10
539,86,26,79,9,9.841357831333449,17
540,53,10,98,4,9.839111782848335,6
541,54,13,57,3,9.824315369895016,10
542,104,25,75,9,9.822163907084754,16
543,48,27,107,10,9.812988008703408,17
544,102,17,51,6,9.81128950469166,11
545,62,10,93,4,9.798162399200404,6
546,112,12,29,5,9.788855332685795,7
547,37,24,83,9,9.783726366978417,15
548,100,12,62,5,9.768885934940618,7
549,13,14,76,5,9.765754801505128,9
550,89,13,16,5,9.733195931265595,8
551,16,16,32,6,9.72172092201369,10
552,43,19,31,10,9.720852773553682,9
553,102,33,86,11,9.70383463978044,22
554,17,17,109,6,9.672922776879656,11
555,53,12,38,4,9.664145468055217,8
556,100,12,71,4,9.66068752031631,8
557,111,16,63,6,9.656549842780759,10
558,41,15,17,5,9.654478177971624,10
559,22,10,114,5,9.649313306364819,5
560,100,37,51,16,9.63867209278027,21
561,93,10,104,4,9.637966581885273,6
562,78,10,114,4,9.632244308821944,6
563,41,23,53,8,9.631953807885303,15
564,70,17,109,6,9.623350653501726,11
565,76,16,9,5,9.621504571842449,11
566,99,14,8,6,9.61106559286031,8
567,83,18,84,7,9.609473734372159,11
568,43,25,86,8,9.598085131900419,17
569,8,13,53,4,9.596286006275326,9
570,80,14,39,5,9.589468521855673,9
571,15,31,88,9,9.582914300229938,22
572,73,20,7,8,9.582485903794176,12
573,20,32,84,9,9.5796272692917,23
574,64,44,60,14,9.569439655645416,30
575,13,24,97,9,9.567486234498416,15
576,92,15,68,5,9.538113226799515,10
577,106,13,108,4,9.535201707134298,9
578,1,22,31,9,9.525804060927038,13
579,20,32,25,11,9.520523686179052,21
580,8,17,36,6,9.51236026695053,11
581,90,14,80,4,9.509239360264802,10
582,114,13,2,5,9.509158562417847,8
583,90,21,13,7,9.506733485788097,14
584,37,22,99,7,9.502759058160713,15
585,37,29,7,11,9.500511382222342,18
586,102,13,60,5,9.490462801517765,8
587,70,10,58,3,9.487562225897108,7
588,97,23,51,7,9.463450569827408,16
589,16,47,96,14,9.46295382882651,33
590,102,12,17,4,9.460667678985603,8
591,76,28,68,7,9.459920139276978,21
592,32,11,63,4,9.44232166344675,7
593,78,12,53,5,9.436495389192622,7
594,64,14,92,7,9.432471863302014,7
595,38,11,112,3,9.41394016209822,8
596,108,14,60,5,9.40273406812832,9
597,45,22,107,8,9.39975575090587,14
598,3,11,57,4,9.393361478966048,7
599,63,25,109,10,9.392892060380623,15
600,109,11,36,3,9.390936468630548,8
601,76,17,39,5,9.374915521858481,12
602,28,15,111,5,9.365771514395545,10
603,30,39,107,14,9.363356123231583,25
604,87,14,33,5,9.358610632806945,9
605,23,12,50,3,9.354699302165745,9
606,28,29,2,10,9.34282167881126,19
607,60,17,29,7,9.328648293170021,10
608,111,15,51,5,9.328246716797016,10
609,60,16,58,6,9.319426070200468,10
610,50,17,70,7,9.316243790355681,10
611,86,15,67,6,9.30654184494345,9
612,75,57,68,19,9.300627868865528,38
613,63,19,77,6,9.291814452323939,13
614,75,13,93,5,9.279825087560205,8
615,100,10,102,3,9.252164791252763,7
616,15,10,76,4,9.241288842836553,6
617,7,44,25,15,9.233724493378423,29
618,70,16,69,5,9.227346228401574,11
619,64,15,37,5,9.227089681457187,10
620,64,11,81,4,9.217681779438383,7
621,27,15,4,6,9.214915067697104,9
622,19,10,31,3,9.206206241182457,7
623,2,12,40,4,9.204153353273352,8
624,73,17,40,6,9.199997222971483,11
625,15,13,91,6,9.175439096539632,7
626,41,39,86,13,9.172157333193887,26
627,41,15,49,6,9.171912615870818,9
628,40,15,102,6,9.171373555966685,9
629,92,15,40,5,9.168940871834318,10
630,16,63,106,21,9.160803291418002,42
631,78,18,107,6,9.158524152991713,12
632,50,43,5,17,9.156049369840707,26
633,13,42,18,16,9.15021879704067,26
634,62,12,69,5,9.133574808880727,7
635,57,32,107,12,9.121513278200574,20
636,104,18,17,7,9.118260519592532,11
637,92,11,17,4,9.114563540800457,7
638,109,15,31,5,9.11388757240418,10
639,16,31,69,11,9.108263327756003,20
640,95,34,8,13,9.079209474058969,21
641,11,19,57,8,9.07906529920014,11
642,44,29,86,10,9.073857704921485,19
643,28,16,94,5,9.068842266957846,11
644,28,34,75,12,9.068390514566694,22
645,47,21,68,7,9.052758514326353,14
646,58,10,112,4,9.041979275484929,6
647,75,18,100,8,9.024866169547831,10
648,48,23,87,8,9.021568034700334,15
649,30,16,70,7,9.016092338129877,9
650,5,15,36,6,9.008614310253613,9
651,114,15,57,5,9.000054094310599,10
652,16,25,1,7,9.00003911994724,18
653,19,10,20,4,8.998414633482223,6
654,17,17,60,6,8.995312545980157,11
655,28,15,52,6,8.975367013246691,9
656,97,18,36,7,8.970668153566264,11
657,47,20,114,8,8.969382880850322,12
658,28,11,32,4,8.963821007682872,7
659,11,13,80,5,8.941133144462878,8
660,28,25,68,8,8.940487090707837,17
661,73,12,31,4,8.938919570135752,8
662,11,10,91,3,8.923724837318142,7
663,110,19,25,6,8.917701672558222,13
664,89,15,107,5,8.908975430626485,10
665,7,20,109,7,8.9080321410632,13
666,69,12,97,4,8.888377862411462,8
667,44,20,13,7,8.886721786197054,13
668,28,16,40,7,8.877350715587877,9
669,23,16,12,6,8.872217683410865,10
670,13,15,29,6,8.860571417374171,9
671,53,17,3,6,8.84518913908164,11
672,32,15,87,5,8.84415502943487,10
673,49,13,77,4,8.842593838828115,9
674,63,19,36,7,8.822881427312195,12
675,63,28,76,9,8.821395394022662,19
676,36,18,47,6,8.810892372607714,12
677,106,10,42,3,8.802546839644418,7
678,85,11,72,3,8.800228412539498,8
679,109,12,77,5,8.789144881364965,7
680,106,23,18,8,8.778191080978742,15
681,39,36,88,13,8.756638990991734,23
682,38,14,106,7,8.74501943352997,7
683,104,23,11,8,8.742484307216115,15
684,4,22,17,7,8.727735068009611,15
685,8,26,57,9,8.727187925997562,17
686,58,10,45,4,8.721721801464442,6
687,45,15,86,6,8.710518828201982,9
688,63,15,102,6,8.710165699989911,9
689,63,35,20,14,8.705248065274409,21
690,30,10,2,4,8.704387763563812,6
691,110,14,39,4,8.694421097429624,10
692,107,25,35,8,8.683347995006125,17
693,76,15,60,4,8.678706996102921,11
694,77,16,88,6,8.678317130754186,10
695,9,31,31,11,8.678153869820548,20
696,41,19,97,7,8.638943706099205,12
697,76,12,57,4,8.631010009083717,8
698,51,51,63,21,8.61580742538916,30
699,23,34,60,12,8.608807282411219,22
700,47,33,13,12,8.605595364799182,21
701,90,22,50,8,8.598522697494,14
702,95,23,55,8,8.575006509864881,15
703,41,13,3,3,8.570007818582788,10
704,78,19,7,8,8.565348954184037,11
705,78,11,36,4,8.552435160203329,7
706,114,13,62,5,8.54955618000272,8
707,12,13,106,4,8.530975907772834,9
708,34,12,39,5,8.530792842427957,7
709,86,28,48,10,8.527783865058886,18
710,62,23,88,9,8.512625127129992,14
711,91,10,45,4,8.504304930616431,6
712,20,20,41,8,8.499902151857665,12
713,64,28,40,10,8.496071624321134,18
714,63,45,84,18,8.491516989367192,27
715,75,16,1,5,8.487454866261048,11
716,74,14,77,5,8.485489523270209,9
717,69,10,85,4,8.472081723542164,6
718,95,14,96,5,8.45037398259218,9
719,8,32,114,11,8.446067232393613,21
720,96,24,70,11,8.437417991026262,13
721,55,20,114,7,8.432483182241098,13
722,73,19,90,7,8.424101991862472,12
723,48,21,79,8,8.423308200700252,13
724,64,20,8,7,8.418575329228204,13
725,68,24,91,10,8.412577437061728,14
726,109,14,67,7,8.410228891959628,7
727,67,10,104,4,8.393331116483226,6
728,11,11,9,4,8.359525570926444,7
729,57,10,109,4,8.357793842250308,6
730,7,22,5,8,8.357081514884824,14
731,41,32,31,12,8.353957395244583,20
732,39,20,112,8,8.345179878987272,12
733,69,20,68,8,8.344032655118443,12
734,76,39,51,13,8.339242903099507,26
735,102,17,88,5,8.307899790454732,12
736,53,29,30,11,8.306098230837586,18
737,63,12,85,5,8.296401774903982,7
738,80,19,37,7,8.285055505298251,12
739,90,31,106,10,8.283845461248372,21
740,84,20,29,8,8.278852142240282,12
741,41,18,91,6,8.276671952774393,12
742,75,12,76,5,8.269580351796622,7
743,50,34,55,14,8.268886532039616,20
744,37,12,14,5,8.266467835075433,7
745,94,10,2,4,8.235738884159371,6
746,69,21,106,8,8.230262561693124,13
747,41,28,104,12,8.222150207467429,16
748,86,26,1,10,8.213403239086288,16
749,40,24,3,8,8.21009163331203,16
750,87,24,93,9,8.20135369004028,15
751,11,24,109,8,8.196422948591085,16
752,74,25,39,10,8.195535087876927,15
753,104,35,60,10,8.183651908443375,25
754,16,41,46,15,8.18364091562527,26
755,50,18,30,7,8.173377893689405,11
756,68,11,33,4,8.166895131198165,7
757,50,28,71,11,8.165371088482388,17
758,86,38,76,14,8.159754461381874,24
759,107,12,61,5,8.157075963099336,7
760,16,65,63,25,8.14697641925856,40
761,4,10,112,4,8.145974306589784,6
762,26,10,107,4,8.136960920766814,6
763,100,19,88,7,8.116464062015535,12
764,45,31,7,12,8.099756768827417,19
765,30,16,46,6,8.09849810603762,10
766,60,30,50,13,8.087484578525554,17
767,49,13,27,5,8.087391629783898,8
768,7,15,10,6,8.086365440359023,9
769,18,26,9,9,8.08412594161126,17
770,8,61,5,24,8.080732178020162,37
771,110,16,97,6,8.077466293642946,10
772,16,18,14,7,8.06483217295593,11
773,53,13,46,5,8.064750592390656,8
774,51,15,91,5,8.060157448942936,10
775,9,11,12,4,8.058955245687951,7
776,86,87,51,36,8.04854278255993,51
777,58,26,107,9,8.037629940895535,17
778,37,16,27,6,8.030406858059436,10
779,108,26,13,9,8.028546837864388,17
780,75,41,50,14,8.02466935745211,27
781,35,11,9,5,8.012816785902409,6
782,48,12,25,5,8.01244102921806,7
783,102,19,96,7,7.9956311609664965,12
784,13,16,70,6,7.990308468406848,10
785,5,28,84,11,7.986435375626319,17
786,84,31,39,12,7.976509708255431,19
787,12,12,4,4,7.976222296376225,8
788,81,30,13,11,7.974436586188656,19
789,65,25,5,10,7.967561696591304,15
790,89,12,53,5,7.9499730264780055,7
791,87,15,19,6,7.943589688548752,9
792,73,17,87,5,7.942207150258419,12
793,27,13,77,5,7.939137496569419,8
794,18,10,34,3,7.934073113605032,7
795,77,12,64,6,7.9282827223690555,6
796,33,16,20,6,7.928062438364485,10
797,54,22,18,9,7.917650548154775,13
798,88,10,82,4,7.912578083642496,6
799,57,20,102,8,7.906650367160248,12
800,71,13,38,4,7.906029048659733,9
801,76,11,108,4,7.890267325318871,7
802,60,24,81,9,7.879588509675568,15
803,55,17,23,8,7.871570609888838,9
804,114,25,90,10,7.8701656835045455,15
805,44,12,35,5,7.859665557157517,7
806,106,26,91,9,7.859341034872018,17
807,104,13,69,4,7.846435814216967,9
808,53,19,109,7,7.841205358929896,12
809,40,65,68,23,7.838614763228131,42
810,7,11,2,4,7.836909370766421,7
811,63,57,54,21,7.834983225160246,36
812,8,17,98,6,7.8322640771965775,11
813,25,46,46,19,7.8204011950255445,27
814,87,36,40,15,7.816149468605837,21
815,75,21,49,8,7.802050873504809,13
816,114,12,110,4,7.80031681097971,8
817,50,15,48,5,7.798532000224024,10
818,68,28,18,11,7.775566947501909,17
819,92,14,114,4,7.774797164908212,10
820,41,15,81,5,7.770221546669875,10
821,57,23,39,9,7.767705201432487,14
822,10,14,86,6,7.764445720347282,8
823,50,22,18,9,7.758401768064157,13
824,53,11,73,4,7.756297558195456,7
825,37,49,25,20,7.755599308877524,29
826,73,13,54,5,7.746921178252216,8
827,81,17,16,6,7.744341233366221,11
828,44,11,84,5,7.741464370739849,6
829,78,18,87,8,7.738249145100052,10
830,63,10,52,4,7.736846011905835,6
831,85,19,84,6,7.7283759336747835,13
832,30,40,65,15,7.715483969963987,25
833,68,44,87,17,7.713445601645926,27
834,46,13,64,5,7.701785189637151,8
835,41,15,77,5,7.700447698799743,10
836,64,11,11,3,7.699861982788657,8
837,39,35,20,15,7.691469595920374,20
838,111,25,7,10,7.69032342577198,15
839,5,32,11,12,7.687442157533876,20
840,37,29,38,11,7.668156637885108,18
841,37,24,96,10,7.665844925696509,14
842,33,13,31,6,7.647223417443057,7
843,70,11,60,4,7.6464357490262,7
844,16,35,9,12,7.644783932906991,23
845,108,20,88,7,7.642505031143237,13
846,97,29,5,10,7.639418302115124,19
847,107,33,43,12,7.633857276455771,21
848,96,22,80,8,7.6325568595370585,14
849,23,13,91,6,7.630492751883036,7
850,18,20,36,8,7.5949028785012285,12
851,20,15,90,6,7.5926874674698235,9
852,58,18,88,7,7.5880987725104365,11
853,72,10,36,4,7.585561627806539,6
854,28,31,114,13,7.584853881328923,18
855,46,12,77,5,7.574271980014295,7
856,91,21,20,9,7.573934817025565,12
857,107,18,66,7,7.57118010681632,11
858,34,14,5,4,7.5706698448560905,10
859,3,14,43,5,7.55517181775504,9
860,51,20,33,6,7.54115209621082,14
861,6,11,55,3,7.526848268362216,8
862,55,18,77,7,7.520653437888106,11
863,16,25,76,12,7.512035601002999,13
864,53,19,12,8,7.511441486905761,11
865,65,11,52,3,7.51122589655402,8
866,15,13,50,5,7.509982415529958,8
867,16,106,88,39,7.509350786852026,67
868,54,30,60,11,7.494934117874263,19
869,64,10,29,3,7.494394888436804,7
870,41,11,96,3,7.480521636982391,8
871,48,10,89,3,7.476757612743907,7
872,70,14,36,6,7.476080415111229,8
873,108,15,63,6,7.475559971035058,9
874,16,32,43,11,7.475406687421778,21
875,64,37,31,14,7.4738922265185375,23
876,45,12,53,5,7.463487107897495,7
877,37,21,110,9,7.457046552670356,12
878,86,53,97,21,7.453774682156136,32
879,46,30,75,12,7.449361290092638,18
880,8,28,84,10,7.447150756775401,18
881,64,17,43,7,7.43896725456377,10
882,16,31,100,11,7.43619268884141,20
883,7,49,87,18,7.4314438134316605,31
884,54,44,109,16,7.42149631612999,28
885,112,20,76,9,7.420620932537434,11
886,8,19,91,7,7.416456742894205,12
887,36,34,41,16,7.412500474371832,18
888,29,11,68,4,7.409353661857099,7
889,37,41,46,14,7.398384968299374,27
890,38,22,65,10,7.397829395052753,12
891,1,10,5,4,7.391988711274886,6
892,75,50,16,20,7.38842567902132,30
893,73,10,71,4,7.37323406519455,6
894,34,15,74,5,7.367415754617591,10
895,25,16,33,5,7.36592627296452,11
896,77,10,114,4,7.3654772203978025,6
897,53,18,61,6,7.3640960284192225,12
898,49,13,23,5,7.360298065336568,8
899,73,25,8,10,7.35879002547718,15
900,75,16,2,7,7.332326563651873,9
901,97,26,68,10,7.3316577092188355,16
902,2,32,107,12,7.32884412298255,20
903,70,42,5,17,7.323141246130927,25
904,1,23,65,10,7.319832649719675,13
905,109,26,55,12,7.3182997081126135,14
906,39,24,106,10,7.31226919998241,14
907,16,41,91,14,7.309347152714904,27
908,13,28,3,9,7.300646281741024,19
909,17,17,9,7,7.295940921809664,10
910,47,11,61,4,7.295405799949466,7
911,51,55,65,20,7.289610971438151,35
912,43,31,40,13,7.2876910701836355,18
913,97,16,29,6,7.284915525257299,10
914,13,20,98,7,7.284404613166717,13
915,114,42,13,19,7.284350704257176,23
916,55,20,68,7,7.273979151335479,13
917,106,13,57,6,7.272492874678534,7
918,62,10,96,3,7.268496266352443,7
919,110,16,70,6,7.267896542251015,10
920,20,17,98,6,7.267496359610282,11
921,75,19,81,7,7.259552889264539,12
922,29,10,93,4,7.254266289134745,6
923,98,12,93,5,7.2513528092711335,7
924,46,13,90,5,7.250761878801304,8
925,49,11,15,4,7.248095103585942,7
926,31,14,5,5,7.246607645789562,9
927,54,32,40,13,7.243609732204195,19
928,20,10,75,4,7.241047227766171,6
929,114,27,40,9,7.240772461331043,18
930,114,14,81,6,7.238705590547007,8
931,13,60,106,23,7.22482230869508,37
932,35,20,40,7,7.2238461178978355,13
933,48,12,51,6,7.20224130205775,6
934,27,20,63,9,7.19472225275396,11
935,36,16,112,6,7.175574629533441,10
936,38,18,84,8,7.154125748328736,10
937,5,17,60,6,7.144002600647477,11
938,40,50,55,19,7.142420946012768,31
939,87,27,91,10,7.142016410462965,17
940,75,57,107,18,7.131800392099847,39
941,63,32,48,12,7.1299692009467925,20
942,88,11,67,3,7.127393540580368,8
943,88,23,3,9,7.12663205785296,14
944,67,12,107,4,7.124134838046416,8
945,11,10,10,4,7.092215172488676,6
946,68,16,19,7,7.090473719692582,9
947,28,20,62,8,7.086204539456473,12
948,28,35,70,14,7.078735797739843,21
949,65,59,88,21,7.078066845947458,38
950,107,19,102,8,7.0774996579991125,11
951,102,14,98,6,7.075813129571894,8
952,50,14,49,6,7.064134383315743,8
953,100,21,25,9,7.062312436550092,12
954,99,18,36,6,7.061516094995872,12
955,65,16,73,6,7.056062739811479,10
956,41,15,112,6,7.039515078376401,9
957,16,77,39,31,7.032067812452452,46
958,62,15,51,6,7.028758985101916,9
959,100,16,18,7,7.026565168419708,9
960,95,15,40,6,7.026458120737083,9
961,87,27,53,12,7.022639512769477,15
962,35,15,45,7,7.020124866610042,8
963,91,30,98,12,7.005781194364029,18
964,80,13,48,4,6.99747900943173,9
965,62,15,5,6,6.992708759597391,9
966,114,19,1,7,6.990089974683044,12
967,111,23,13,10,6.988942249892523,13
968,17,20,55,9,6.987444025974705,11
969,46,23,39,11,6.9816941894182785,12
970,8,17,33,6,6.975602243001775,11
971,18,23,97,9,6.965163575719862,14
972,16,34,36,13,6.9623095532486845,21
973,32,18,104,6,6.95922508638955,12
974,2,11,38,5,6.952650087165873,6
975,100,18,43,8,6.945332357815133,10
976,99,12,88,5,6.93913123202866,7
977,75,19,30,8,6.923427737676235,11
978,93,25,54,9,6.919601882693421,16
979,49,10,53,4,6.907813000954768,6
980,76,16,88,7,6.891817282335726,9
981,90,22,65,10,6.887045978873851,12
982,114,47,5,19,6.885144276646171,28
983,106,15,99,5,6.882359612487447,10
984,60,43,4,19,6.864343045215706,24
985,75,17,11,7,6.860129083231025,10
986,114,19,96,7,6.8573207383282995,12
987,13,29,95,12,6.852052215706936,17
988,7,99,51,37,6.849475435937799,62
989,86,80,96,31,6.839782165020975,49
990,78,14,96,5,6.830515928543477,9
991,95,25,106,9,6.830338155584792,16
992,7,20,46,7,6.829366067671735,13
993,89,10,68,4,6.826893879643049,6
994,86,28,78,11,6.822056261466188,17
995,68,69,31,28,6.821634358561019,41
996,65,14,66,5,6.821265394674894,9
997,30,22,104,10,6.820606807560422,12
998,98,40,86,17,6.818936598158919,23
999,56,13,4,6,6.816273515879696,7
1000,44,21,6,7,6.813562816650853,14
1001,25,14,9,5,6.810304163725227,9
1002,51,20,96,8,6.809158319794973,12
1003,100,16,114,6,6.806713890734189,10
1004,60,18,45,8,6.8022482279138705,10
1005,49,10,71,4,6.800377692667283,6
1006,55,10,31,4,6.798197972656263,6
1007,1,16,87,7,6.782771040032774,9
1008,39,81,51,33,6.781026894224875,48
1009,6,14,27,6,6.780540737481572,8
1010,81,10,108,4,6.778588424753946,6
1011,38,11,19,3,6.772394939740198,8
1012,33,23,107,10,6.763493299081546,13
1013,13,43,23,19,6.759962036733638,24
1014,86,15,94,6,6.753448997726147,9
1015,53,13,90,5,6.752088210585151,8
1016,30,19,18,8,6.749976540021853,11
1017,94,10,71,4,6.748460655059317,6
1018,100,18,63,8,6.742683547587139,10
1019,40,14,78,4,6.732885786530082,10
1020,74,38,96,14,6.731828732252355,24
1021,14,13,95,5,6.731405281187272,8
1022,27,11,98,5,6.722224921815259,6
1023,100,11,95,5,6.722166987268522,6
1024,65,10,32,4,6.718474357729474,6
1025,28,35,97,13,6.716635909782017,22
1026,107,25,109,9,6.707778229737099,16
1027,60,21,12,11,6.704537300087493,10
1028,83,15,74,7,6.703298030488857,8
1029,28,24,71,9,6.697570308642473,15
1030,111,11,106,3,6.697425895741327,8
1031,7,18,62,7,6.690218008322475,11
1032,27,36,88,16,6.672694825026893,20
1033,14,13,13,4,6.663851771345142,9
1034,83,11,71,5,6.656205380333864,6
1035,54,74,88,30,6.654867228993362,44
1036,12,13,87,5,6.654704325795005,8
1037,71,19,37,8,6.653996053488669,11
1038,76,15,114,5,6.6539119931134865,10
1039,32,26,5,10,6.647447060451906,16
1040,72,10,17,4,6.642338096334109,6
1041,4,30,65,12,6.6356003955737535,18
1042,39,22,37,9,6.632156694863052,13
1043,64,33,51,13,6.629193432400993,20
1044,25,48,5,19,6.626414170343125,29
1045,74,14,9,5,6.620459467868885,9
1046,85,10,75,3,6.61929344121288,7
1047,71,18,81,7,6.61709770119633,11
1048,55,21,64,7,6.604925944972094,14
1049,34,16,30,6,6.601140375094157,10
1050,65,28,96,12,6.593487230396348,16
1051,13,40,43,18,6.584602401444723,22
1052,39,25,38,10,6.576359256983345,15
1053,53,26,114,11,6.571088082289226,15
1054,104,37,25,16,6.567754121461538,21
1055,107,44,53,17,6.556157644451656,27
1056,72,11,51,5,6.553708462421182,6
1057,58,18,68,7,6.553002087451516,11
1058,16,29,27,11,6.548968077490892,18
1059,77,21,18,7,6.545250800191177,14
1060,54,58,70,23,6.543056803225659,35
1061,49,10,55,4,6.541972088163769,6
1062,86,29,81,9,6.532482502137965,20
1063,84,16,78,6,6.528996584417214,10
1064,35,15,28,7,6.525585250622975,8
1065,16,21,108,8,6.502477858846357,13
1066,90,10,102,5,6.502237322589002,5
1067,1,20,54,8,6.493394551110143,12
1068,48,10,104,4,6.493358473776671,6
1069,20,18,68,8,6.48964373329749,10
1070,70,20,9,7,6.477071321597407,13
1071,98,18,84,6,6.475666713551259,12
1072,70,13,29,6,6.465173609286504,7
1073,86,30,112,12,6.458697068748916,18
1074,90,25,87,10,6.4548524533916245,15
1075,86,54,39,23,6.454361372746669,31
1076,27,30,86,11,6.453315924089684,19
1077,6,10,28,4,6.452419128804086,6
1078,69,31,86,13,6.447204277363735,18
1079,4,20,87,7,6.445923142452618,13
1080,41,20,109,7,6.432688342356182,13
1081,100,22,39,9,6.432511887302126,13
1082,40,16,33,5,6.427211772717694,11
1083,107,19,77,8,6.416947048354687,11
1084,106,13,77,6,6.407119934187455,7
1085,20,30,51,14,6.390780350627106,16
1086,81,12,69,5,6.3766610232414545,7
1087,57,11,43,3,6.37341690737889,8
1088,7,21,56,9,6.361794853449644,12
1089,92,13,27,6,6.356396578041118,7
1090,51,15,112,6,6.350376289921739,9
1091,15,16,87,7,6.3463488110906745,9
1092,86,29,83,10,6.342700324127683,19
1093,107,23,69,9,6.341765510677753,14
1094,62,22,40,11,6.34058891485694,11
1095,40,40,104,15,6.335056823615204,25
1096,81,10,111,3,6.333917467029674,7
1097,13,18,94,7,6.333471224988879,11
1098,54,14,112,5,6.3267118256224935,9
1099,80,12,60,5,6.326591453694461,7
1100,20,40,16,14,6.318333724670661,26
1101,29,13,55,5,6.301089833667023,8
1102,39,16,83,6,6.297771796270439,10
1103,23,17,114,6,6.291790840234864,11
1104,70,16,64,5,6.286009204558742,11
1105,16,12,92,3,6.284475222709882,9
1106,41,11,102,4,6.282861273718874,7
1107,87,28,41,11,6.282239020662331,17
1108,86,21,4,8,6.2794844995496994,13
1109,20,45,5,17,6.270373633442785,28
1110,69,11,96,4,6.268969865653719,7
1111,15,12,95,5,6.265255655621163,7
1112,92,22,39,10,6.263991845659126,12
1113,108,18,87,7,6.262008842945723,11
1114,110,17,16,7,6.257086999581947,10
1115,43,17,5,7,6.250727481432205,10
1116,54,15,62,6,6.240490314200175,9
1117,104,41,50,16,6.230364171354915,25
1118,28,15,29,6,6.228934107057335,9
1119,13,17,6,7,6.226729543003945,10
1120,80,31,55,14,6.225846961531592,17
1121,72,12,68,5,6.2229147971092145,7
1122,65,15,6,6,6.216451840954273,9
1123,15,16,81,7,6.211297843490551,9
1124,35,15,84,6,6.209299301194261,9
1125,74,28,70,13,6.203999405338755,15
1126,63,28,2,12,6.200018491851485,16
1127,91,12,71,5,6.187474142289449,7
1128,55,14,35,6,6.181710197353361,8
1129,97,23,76,10,6.171425808149794,13
1130,65,45,20,17,6.171028105010781,28
1131,13,47,36,18,6.167141158071529,29
1132,63,10,89,3,6.159771716986653,7
1133,31,15,112,5,6.149641402394961,10
1134,40,48,39,19,6.1478732659202615,29
1135,78,16,63,8,6.142144937717797,8
1136,109,14,46,6,6.137839688733693,8
1137,23,10,48,4,6.136507124451633,6
1138,31,13,80,4,6.13276887148396,9
1139,55,24,97,9,6.128965912516967,15
1140,25,35,88,12,6.123879676950231,23
1141,81,13,31,4,6.117159791325403,9
1142,39,18,29,8,6.11667916860653,10
1143,90,12,7,5,6.108519045195328,7
1144,85,12,16,4,6.107616384074386,8
1145,30,44,16,18,6.0966445190687315,26
1146,111,23,107,11,6.08814286411973,12
1147,79,10,108,3,6.083927302918588,7
1148,70,29,20,11,6.080511379179193,18
1149,55,10,69,4,6.075582313218194,6
1150,74,14,48,7,6.068043245358376,7
1151,23,27,41,11,6.068042449918637,16
1152,23,18,28,8,6.06620277166243,10
1153,90,19,63,8,6.053395439788756,11
1154,13,34,54,13,6.046782926371077,21
1155,63,24,18,9,6.046455003215173,15
1156,8,16,32,7,6.041444852098721,9
1157,7,24,98,9,6.0336860037819795,15
1158,75,31,31,14,6.033482134287373,17
1159,16,20,79,8,6.0309592755619885,12
1160,64,38,86,16,6.030765339147399,22
1161,91,17,50,6,6.027790824025911,11
1162,95,20,46,8,6.027785407812038,12
1163,85,11,7,4,6.023882130639264,7
1164,99,10,17,4,6.0116233289389776,6
1165,100,14,17,4,6.011059679512766,10
1166,37,19,100,7,6.000890669706824,12
1167,114,25,31,11,5.991876520395493,14
1168,74,12,27,6,5.991317096712259,6
1169,64,20,18,8,5.974775055211904,12
1170,29,12,37,5,5.9745011617497505,7
1171,16,67,55,25,5.96931756237179,42
1172,97,18,40,7,5.966918416140386,11
1173,12,10,38,4,5.966686013029674,6
1174,68,52,53,21,5.964244334939563,31
1175,86,34,17,16,5.961143965020203,18
1176,97,12,10,6,5.950831581917705,6
1177,39,12,14,5,5.947548147792332,7
1178,33,15,7,7,5.9471342175078945,8
1179,41,15,43,6,5.943674988011269,9
1180,104,50,28,21,5.941710221571149,29
1181,13,30,69,12,5.935740401036209,18
1182,112,13,40,6,5.934161105944305,7
1183,37,45,63,18,5.933785173114154,27
1184,73,20,114,8,5.924435121305103,12
1185,93,10,63,4,5.9175632502755855,6
1186,41,15,45,5,5.9144627061547626,10
1187,39,55,68,24,5.907725939188766,31
1188,6,17,107,7,5.906261036560345,10
1189,46,12,1,6,5.891865749051654,6
1190,74,34,84,16,5.891399521581718,18
1191,109,19,34,8,5.8910600256239505,11
1192,46,12,36,5,5.882094180819339,7
1193,62,17,9,7,5.86600144742425,10
1194,54,36,95,16,5.865979569344106,20
1195,34,17,7,7,5.863504951401833,10
1196,7,20,112,8,5.8633899504874805,12
1197,104,37,55,15,5.856904127783749,22
1198,74,37,46,14,5.850135921281393,23
1199,58,13,87,5,5.8383296210552,8
1200,17,12,43,5,5.837167143714403,7
1201,40,16,5,7,5.820527251695649,9
1202,100,10,49,5,5.813425744151518,5
1203,80,28,106,11,5.812470547213421,17
1204,79,13,20,5,5.810117746469002,8
1205,71,48,13,21,5.805132526236809,27
1206,27,32,51,12,5.804553521558318,20
1207,7,45,64,20,5.801061458968774,25
1208,74,28,55,12,5.797157459674129,16
1209,98,26,63,11,5.795644107915217,15
1210,11,19,35,8,5.768399159544,11
1211,112,11,19,4,5.767630336632137,7
1212,18,15,112,5,5.767208039651442,10
1213,58,13,53,7,5.756559382638666,6
1214,23,13,47,5,5.755142063292807,8
1215,94,11,37,4,5.752143682001779,7
1216,36,12,77,5,5.751140829309578,7
1217,25,42,106,16,5.73768822242091,26
1218,13,48,25,22,5.729332953997915,26
1219,45,14,9,5,5.727853500458987,9
1220,25,26,51,11,5.72613511284895,15
1221,98,13,17,6,5.723425305113809,7
1222,6,10,12,5,5.722414314921584,5
1223,41,18,37,7,5.716493275276269,11
1224,23,10,102,4,5.7160538226538815,6
1225,74,22,109,8,5.703058853572775,14
1226,53,17,62,7,5.701449545318567,10
1227,70,10,32,5,5.692479372096213,5
1228,23,10,43,4,5.689859175567734,6
1229,106,46,5,18,5.689619439430471,28
1230,30,25,55,10,5.686463879094618,15
1231,63,23,38,8,5.685369937239836,15
1232,102,10,95,4,5.685319962340818,6
1233,54,11,12,5,5.67450373056912,6
1234,94,10,25,5,5.671887186214519,5
1235,75,39,37,14,5.670197882049105,25
1236,16,31,99,13,5.665818337043021,18
1237,16,48,37,20,5.664774565241773,28
1238,54,11,82,4,5.664278302313932,7
1239,23,41,88,15,5.662482081944022,26
1240,43,12,68,5,5.6614021510813615,7
1241,9,13,61,5,5.652969843590383,8
1242,4,10,97,4,5.649870700339136,6
1243,39,13,97,5,5.649731064357227,8
1244,73,23,74,9,5.649045009007229,14
1245,108,14,98,6,5.640790264148573,8
1246,86,28,73,13,5.62531345595925,15
1247,5,21,17,7,5.625033929201379,14
1248,95,26,50,11,5.619957219349123,15
1249,16,48,50,20,5.617696720442929,28
1250,114,22,3,8,5.616945915532873,14
1251,30,14,90,6,5.614315415339312,8
1252,100,15,50,6,5.612526049660052,9
1253,27,14,43,7,5.609839390205427,7
1254,38,13,18,6,5.608114426083465,7
1255,70,17,98,6,5.604121247592221,11
1256,99,11,63,5,5.595807733799709,6
1257,62,21,68,9,5.591004045591886,12
1258,42,11,69,5,5.570250078296481,6
1259,11,31,54,13,5.5650490652973295,18
1260,37,60,104,24,5.563475261062019,36
1261,63,11,10,4,5.56040496031845,7
1262,31,10,95,4,5.5581891593402775,6
1263,76,14,102,6,5.556814882908007,8
1264,46,11,4,5,5.55622187464566,6
1265,16,82,87,35,5.550823492576418,47
1266,8,41,25,16,5.550067480025434,25
1267,36,53,31,23,5.548564460468652,30
1268,25,18,84,7,5.5466876181289715,11
1269,20,22,2,9,5.544865436021075,13
1270,86,51,75,23,5.544222274149607,28
1271,75,16,84,7,5.542746956131477,9
1272,65,26,69,11,5.540534749641236,15
1273,15,21,107,7,5.539272924336072,14
1274,15,12,30,5,5.538463534767753,7
1275,106,31,23,15,5.535479536227778,16
1276,54,30,68,12,5.529360876289248,18
1277,114,45,68,19,5.528966703625285,26
1278,30,23,88,11,5.525413582454542,12
1279,33,14,102,6,5.525239013163607,8
1280,88,24,57,11,5.524909922819241,13
1281,28,33,7,13,5.522079859732702,20
1282,62,10,20,4,5.517288163699186,6
1283,87,59,37,24,5.516733087496062,35
1284,16,30,64,11,5.512894912147262,19
1285,95,19,83,7,5.510188596504647,12
1286,32,13,109,6,5.5080518973086185,7
1287,18,40,75,17,5.507084301877024,23
1288,67,10,102,4,5.49724656177184,6
1289,18,10,62,4,5.493140482819633,6
1290,15,20,54,9,5.4915266593547525,11
1291,65,49,40,21,5.488110460552834,28
1292,47,12,69,5,5.485890015271255,7
1293,114,23,70,9,5.484820175107314,14
1294,14,10,75,4,5.479308338136782,6
1295,80,11,68,4,5.466227321340817,7
1296,75,43,71,16,5.454468163058883,27
1297,97,18,57,8,5.45235309786646,10
1298,93,11,51,5,5.442643801494353,6
1299,16,52,68,20,5.441952996669662,32
1300,91,18,18,7,5.437015235679076,11
1301,87,65,65,26,5.421192101641339,39
1302,49,11,37,5,5.40579366661915,6
1303,4,11,58,4,5.405037105567146,7
1304,9,11,66,5,5.404825557202403,6
1305,84,10,64,3,5.401793074305331,7
1306,54,31,90,13,5.397442007333916,18
1307,75,30,63,13,5.362343223381901,17
1308,7,35,97,16,5.356987360153851,19
1309,16,37,62,14,5.351709212219602,23
1310,62,18,65,8,5.34575502328806,10
1311,86,86,88,36,5.345596536414867,50
1312,97,14,102,5,5.335160623731844,9
1313,26,19,13,7,5.3234217587029,12
1314,107,45,9,20,5.322061725590964,25
1315,61,15,60,7,5.316729344745585,8
1316,85,16,96,5,5.314304637448895,11
1317,28,13,49,6,5.31428031912519,7
1318,111,25,55,10,5.307717141421055,15
1319,109,12,22,5,5.303001885552313,7
1320,30,11,35,5,5.293385259461386,6
1321,99,21,86,8,5.291638236148403,13
1322,14,19,28,7,5.288795345484194,12
1323,56,11,88,5,5.280224334897691,6
1324,34,17,84,8,5.275708217424672,9
1325,28,11,92,4,5.26619903758234,7
1326,107,24,62,12,5.261786874758226,12
1327,35,11,31,5,5.255104723881263,6
1328,25,26,40,11,5.242222631716463,15
1329,98,15,40,7,5.239271076053035,8
1330,65,15,14,7,5.239230657167624,8
1331,91,21,25,9,5.236778929543691,12
1332,15,19,104,8,5.235404007755863,11
1333,88,17,112,7,5.231027938888666,10
1334,20,37,96,15,5.229501973456113,22
1335,35,11,5,5,5.226534281744142,6
1336,54,54,106,25,5.222938310920249,29
1337,40,22,37,10,5.2189812618502875,12
1338,94,18,107,6,5.214007083771622,12
1339,33,12,91,6,5.213867650447791,6
1340,30,29,54,12,5.208230399590289,17
1341,34,18,55,8,5.202160532736089,10
1342,41,15,89,6,5.196780511481055,9
1343,40,13,113,5,5.193726392686624,8
1344,84,24,48,9,5.188857256683019,15
1345,4,24,51,9,5.183921696313047,15
1346,75,17,97,7,5.183439015487436,10
1347,64,32,65,14,5.182122584236017,18
1348,75,26,47,9,5.17693162231529,17
1349,91,11,56,5,5.1601828143932735,6
1350,67,12,5,5,5.159840528973067,7
1351,111,14,39,6,5.158992286191915,8
1352,8,54,63,24,5.156454172512435,30
1353,76,28,50,10,5.151966096130058,18
1354,63,13,79,5,5.150156389678723,8
1355,106,24,9,10,5.150083731218861,14
1356,44,15,88,7,5.148664566159752,8
1357,35,12,51,5,5.14727626674268,7
1358,40,12,69,4,5.137627663794988,8
1359,36,21,3,8,5.136055944816986,13
1360,109,12,4,5,5.135069245647407,7
1361,40,30,58,14,5.133397385337812,16
1362,100,16,55,8,5.1129537660427005,8
1363,75,18,4,7,5.112428644465592,11
1364,55,23,70,10,5.1032220329288345,13
1365,53,25,104,11,5.0942603831986055,14
1366,60,24,95,10,5.089480392621887,14
1367,32,10,20,3,5.082163415292109,7
1368,90,13,33,5,5.072843762888294,8
1369,46,17,65,6,5.066104910854949,11
1370,30,32,71,14,5.063953126216741,18
1371,53,26,112,13,5.062618261015588,13
1372,16,98,7,43,5.056101722825338,55
1373,55,29,63,13,5.056066807562624,16
1374,75,41,9,17,5.040607611984742,24
1375,107,21,47,9,5.028190535792003,12
1376,84,22,57,11,5.026867760977003,11
1377,81,14,63,6,5.016441825370756,8
1378,93,26,5,10,5.004460526821323,16
1379,7,41,106,20,5.003800212982272,21
1380,65,33,17,12,4.99622978764096,21
1381,32,12,68,4,4.994599728673895,8
1382,104,30,63,13,4.993963037729944,17
1383,74,15,71,7,4.993812181109021,8
1384,27,25,39,12,4.989393098929608,13
1385,23,17,15,7,4.9841342107101605,10
1386,14,18,51,6,4.969794868699566,12
1387,40,49,107,19,4.964616090179718,30
1388,109,16,38,6,4.964461961570972,10
1389,62,12,8,4,4.9642207369004785,8
1390,96,23,90,9,4.963939687748078,14
1391,39,18,77,8,4.961640817784317,10
1392,13,32,8,13,4.955794878282507,19
1393,56,19,68,9,4.94813216675333,10
1394,100,13,30,5,4.947415784475727,8
1395,76,12,49,5,4.943121216792114,7
1396,77,14,87,6,4.942401920251487,8
1397,20,21,55,9,4.931554548881413,12
1398,114,22,9,7,4.931319071415342,15
1399,86,40,36,17,4.927433251240005,23
1400,74,56,106,24,4.924754963776778,32
1401,38,10,91,4,4.918487915214837,6
1402,54,12,108,4,4.909695920764135,8
1403,38,12,28,6,4.907164394244691,6
1404,76,27,55,10,4.8923898677809445,17
1405,83,39,5,18,4.890865835189014,21
1406,28,59,84,25,4.889044052283284,34
1407,62,25,71,11,4.888439777720533,14
1408,65,44,9,18,4.887961308210911,26
1409,8,12,3,7,4.88781937501622,5
1410,9,10,29,4,4.887671889551099,6
1411,69,11,95,4,4.882909765417961,7
1412,30,11,114,5,4.8820710984651585,6
1413,81,15,18,6,4.877040041598752,9
1414,85,12,88,5,4.8737543176102305,7
1415,87,27,57,11,4.871666288606831,16
1416,29,13,54,6,4.8710674750716105,7
1417,84,11,19,5,4.870688517782825,6
1418,37,54,106,25,4.865641247327302,29
1419,5,10,89,3,4.86246564090175,7
1420,97,12,32,5,4.851459349576839,7
1421,104,23,100,9,4.850527098250832,14
1422,20,10,38,3,4.844230675667008,7
1423,5,30,51,11,4.841333405150811,19
1424,83,20,64,9,4.840996077098241,11
1425,75,39,39,18,4.835166255544909,21
1426,8,15,67,6,4.831909846155583,9
1427,31,19,25,9,4.823839301099763,10
1428,100,33,86,16,4.820701885589361,17
1429,14,15,54,5,4.820525855929132,10
1430,23,27,68,13,4.81982927042641,14
1431,74,11,85,5,4.812388004493803,6
1432,83,30,8,14,4.811627367676455,16
1433,6,12,106,5,4.810944704219048,7
1434,2,25,106,11,4.808494527305082,14
1435,96,13,108,6,4.805162668071275,7
1436,75,22,96,7,4.801381492311931,15
1437,28,34,9,16,4.797254206036922,18
1438,111,11,25,5,4.797175922879397,6
1439,8,29,9,15,4.796436219845455,14
1440,52,13,20,5,4.795236183864801,8
1441,9,17,1,9,4.794059502939978,8
1442,76,33,5,14,4.788314400539968,19
1443,87,48,50,22,4.77809392160859,26
1444,9,12,5,5,4.777710715122403,7
1445,93,26,28,10,4.7762193932866115,16
1446,1,14,17,6,4.774691835698866,8
1447,90,13,70,6,4.771084444295362,7
1448,12,15,31,7,4.770632464521183,8
1449,60,16,97,8,4.770560692259114,8
1450,93,16,50,6,4.755526241513054,10
1451,90,30,5,12,4.752640516818983,18
1452,74,38,63,17,4.748458787006123,21
1453,16,21,3,8,4.747059555887118,13
1454,25,16,77,7,4.745845616411638,9
1455,55,57,65,25,4.744057377410872,32
1456,97,11,3,4,4.740273088979023,7
1457,9,30,63,13,4.738784392770433,17
1458,8,41,46,19,4.737192297274268,22
1459,13,56,87,22,4.736199864166477,34
1460,6,11,46,5,4.730994669309113,6
1461,15,14,75,5,4.729161606780822,9
1462,47,17,86,7,4.720142586161402,10
1463,15,10,72,4,4.7131251167737505,6
1464,28,37,18,17,4.710953949587104,20
1465,43,16,71,8,4.70977023229907,8
1466,20,23,46,8,4.708713070266485,15
1467,16,17,93,8,4.7086074200818855,9
1468,91,17,54,8,4.708330759507744,9
1469,15,19,68,7,4.704332289270894,12
1470,88,31,18,14,4.699584875943507,17
1471,55,45,60,20,4.699539635247214,25
1472,97,10,62,4,4.689387738532959,6
1473,60,26,41,12,4.687979614839915,14
1474,71,16,5,7,4.686451238703377,9
1475,53,22,81,9,4.67351225402936,13
1476,52,12,8,5,4.669562642233978,7
1477,80,13,64,6,4.665596394208,7
1478,55,14,98,5,4.662824671110214,9
1479,28,19,100,8,4.660885966766407,11
1480,25,15,47,7,4.655390231832646,8
1481,30,29,60,10,4.653426738413294,19
1482,27,15,25,7,4.649655011418165,8
1483,63,39,96,15,4.649023449526137,24
1484,98,24,76,10,4.644793929693419,14
1485,6,21,16,10,4.642825718029857,11
1486,73,14,13,6,4.642713338622983,8
1487,73,19,109,8,4.637139105733967,11
1488,43,24,88,10,4.636555985964769,14
1489,60,22,25,10,4.636282806493916,12
1490,106,15,110,7,4.633960085739299,8
1491,28,12,78,6,4.6317757313725965,6
1492,8,63,87,27,4.62091726825585,36
1493,49,17,9,8,4.620658268254684,9
1494,7,42,55,17,4.609551229914398,25
1495,37,72,86,32,4.607837359690983,40
1496,7,35,3,14,4.603775118928216,21
1497,23,11,30,5,4.601908928188203,6
1498,77,13,95,6,4.60149322445291,7
1499,7,94,88,42,4.598064452346124,52
1500,107,62,104,26,4.597916836712244,36
1501,50,32,96,14,4.592653394244439,18
1502,60,30,8,14,4.584471076654316,16
1503,16,19,29,9,4.577979448312799,10
1504,7,23,58,11,4.575034525669344,12
1505,99,14,95,6,4.572737764013027,8
1506,11,14,68,6,4.569201976807364,8
1507,99,16,104,8,4.5627492392393,8
1508,70,15,23,7,4.554568026577778,8
1509,74,10,112,4,4.553694289700708,6
1510,83,15,46,7,4.551826612706301,8
1511,99,18,15,7,4.551461310618723,11
1512,1,11,39,6,4.548291694643937,5
1513,76,36,107,13,4.544662386882575,23
1514,23,24,76,11,4.537606040144393,13
1515,88,51,9,22,4.537426821075463,29
1516,8,24,102,11,4.537070383836359,13
1517,71,28,68,11,4.532265816801447,17
1518,106,23,75,11,4.532198108241345,12
1519,50,71,28,30,4.530365152854881,41
1520,13,18,72,9,4.527595256070807,9
1521,37,43,55,20,4.516821858156878,23
1522,11,21,98,10,4.513098149532237,11
1523,80,10,69,5,4.508733977407145,5
1524,62,10,104,3,4.50664568251795,7
1525,78,17,54,7,4.506577020775673,10
1526,87,13,110,5,4.501644038521952,8
1527,75,20,112,8,4.4989690721071325,12
1528,93,15,37,6,4.493445665639034,9
1529,64,15,3,6,4.492765978443915,9
1530,75,45,51,20,4.490318359114665,25
1531,55,11,27,5,4.4890470852362,6
1532,11,65,86,29,4.488707456237284,36
1533,16,96,107,37,4.485744929408155,59
1534,93,15,11,5,4.484686270589562,10
1535,95,33,107,15,4.475609109265348,18
1536,65,74,107,32,4.4743161182651745,42
1537,96,31,25,14,4.4728328775528,17
1538,91,10,57,5,4.468260927215541,5
1539,37,18,32,8,4.466542082918521,10
1540,57,23,13,11,4.4664903118687675,12
1541,3,15,50,7,4.464463620895282,8
1542,78,13,98,6,4.463806568924881,7
1543,75,43,88,18,4.458661851679068,25
1544,49,15,64,7,4.458412060664093,8
1545,77,11,97,4,4.4549011553839994,7
1546,50,12,73,4,4.454782630059153,8
1547,95,44,16,20,4.453378575583387,24
1548,7,67,31,29,4.4532123702344615,38
1549,2,42,50,18,4.448957186147168,24
1550,13,33,37,14,4.448467961015427,19
1551,95,15,109,6,4.444131433700797,9
1552,107,59,20,26,4.4437443859769585,33
1553,1,24,51,11,4.443642769643948,13
1554,45,11,88,4,4.4416566980945715,7
1555,9,10,57,4,4.4406570861085,6
1556,86,58,46,22,4.4330627489504755,36
1557,16,35,53,14,4.432680586189367,21
1558,86,115,5,49,4.430772584334587,66
1559,23,14,20,6,4.42777867543601,8
1560,102,20,87,8,4.423994697827657,12
1561,99,30,13,13,4.420966828834258,17
1562,7,64,53,28,4.416213736910661,36
1563,64,12,57,5,4.409680008541512,7
1564,114,20,64,8,4.407773657880817,12
1565,107,32,38,13,4.39393220007557,19
1566,111,20,86,8,4.3910837466552355,12
1567,65,23,76,9,4.385586505985178,14
1568,87,24,49,12,4.380791657180537,12
1569,87,33,25,15,4.379098196808542,18
1570,60,13,98,6,4.372454949323835,7
1571,55,24,9,10,4.371040618945099,14
1572,55,13,58,6,4.369004483506264,7
1573,40,23,23,10,4.368423326803309,13
1574,94,20,87,9,4.367418143965146,11
1575,33,13,11,7,4.365968233102095,6
1576,64,31,71,12,4.35947313780117,19
1577,104,31,54,14,4.355933806560286,17
1578,20,49,28,21,4.349749782422696,28
1579,47,24,88,11,4.347102674354304,13
1580,70,29,65,11,4.343984179663613,18
1581,19,13,28,6,4.342099529564607,7
1582,60,12,22,5,4.334241842742782,7
1583,95,19,41,8,4.332143979792177,11
1584,98,23,37,10,4.327931130640237,13
1585,100,41,107,20,4.320712937035456,21
1586,4,22,40,10,4.316643149060896,12
1587,70,14,71,7,4.315612188206775,7
1588,97,23,17,10,4.3134285513049555,13
1589,17,19,20,8,4.3112321942034,11
1590,50,10,52,5,4.308197298973349,5
1591,16,42,71,17,4.305176391927468,25
1592,20,22,109,8,4.302333411252667,14
1593,25,28,54,12,4.300413553073274,16
1594,7,22,38,10,4.300171500471753,12
1595,20,21,44,9,4.299103845073809,12
1596,20,63,54,30,4.290782184792432,33
1597,68,17,94,8,4.284931423956807,9
1598,9,27,54,12,4.272544772651765,15
1599,33,12,96,7,4.271042933020869,5
1600,103,16,16,7,4.27064958267566,9
1601,100,22,13,9,4.266245772639934,13
1602,23,33,87,13,4.256680488948144,20
1603,104,17,80,8,4.256665633473226,9
1604,28,12,85,5,4.253389606053364,7
1605,106,14,34,7,4.243674039664675,7
1606,31,12,74,5,4.240578281890586,7
1607,60,21,1,9,4.237560386673236,12
1608,28,14,53,6,4.234286185730041,8
1609,109,16,65,5,4.2330518085976205,11
1610,71,11,44,5,4.223524348839462,6
1611,4,19,18,8,4.220670692754494,11
1612,87,21,31,10,4.220659397575877,11
1613,27,11,112,5,4.214543381192911,6
1614,41,41,68,18,4.207626519911898,23
1615,65,56,36,24,4.205692860728479,32
1616,15,11,40,5,4.201647176656486,6
1617,39,12,94,5,4.199237943666824,7
1618,47,13,28,6,4.1983584961153175,7
1619,23,18,100,7,4.197161790157007,11
1620,7,14,48,7,4.194687020035504,7
1621,23,27,25,12,4.182190113226028,15
1622,80,18,7,7,4.182061930373814,11
1623,12,17,68,7,4.176829780683942,10
1624,86,29,62,13,4.168140003828563,16
1625,102,11,39,5,4.16800052816911,6
1626,60,10,62,4,4.155747625311636,6
1627,96,13,3,6,4.149840606440919,7
1628,20,13,73,5,4.146065391689569,8
1629,53,47,71,20,4.141303557057986,27
1630,23,11,29,5,4.138000210796417,6
1631,11,11,69,4,4.13792149131312,7
1632,71,11,20,4,4.13643055739397,7
1633,76,32,104,13,4.1357118218948905,19
1634,45,22,65,11,4.1259231703887,11
1635,29,11,106,5,4.122686341567239,6
1636,46,49,54,21,4.121236522734485,28
1637,93,14,109,6,4.103558953267082,8
1638,83,20,93,9,4.100880722204593,11
1639,20,24,35,10,4.098728722002914,14
1640,87,21,97,8,4.089970328864312,13
1641,36,11,19,5,4.088590218421688,6
1642,74,22,50,10,4.086243740312162,12
1643,87,38,60,18,4.07068260924909,20
1644,7,26,17,11,4.064887482017846,15
1645,43,10,95,4,4.063398320607949,6
1646,51,13,38,5,4.063140921851932,8
1647,34,10,38,4,4.0610942900478735,6
1648,16,103,51,46,4.0590656047678495,57
1649,51,27,69,11,4.050423840769316,16
1650,32,10,40,5,4.050021677419869,5
1651,104,73,65,33,4.049259983805755,40
1652,11,13,79,7,4.047561716338114,6
1653,7,21,50,10,4.045740478776832,11
1654,1,10,43,5,4.038976715758721,5
1655,71,13,47,6,4.030916530509353,7
1656,104,16,3,7,4.020656220421076,9
1657,102,28,114,12,4.017120825737178,16
1658,104,44,51,17,4.0154244082227635,27
1659,8,20,110,8,4.013172679497404,12
1660,55,36,54,17,4.011039158800403,19
1661,66,12,31,5,4.008754872558654,7
1662,86,20,77,8,4.0075201103206535,12
1663,34,17,17,7,3.985705258546001,10
1664,96,12,14,5,3.975747798085754,7
1665,40,28,1,12,3.9750240059769117,16
1666,7,15,29,8,3.9743744250187345,7
1667,74,24,93,11,3.9601017688790825,13
1668,94,16,54,7,3.955738681406249,9
1669,88,50,104,21,3.9536343834384886,29
1670,34,12,76,6,3.9517678907570333,6
1671,6,11,40,5,3.9442678680230823,6
1672,80,10,97,4,3.9365866928471034,6
1673,97,35,16,16,3.9340820840887147,19
1674,87,88,107,39,3.9306624003452133,49
1675,57,11,50,4,3.9290278222481443,7
1676,64,28,63,13,3.927368902324373,15
1677,5,28,2,12,3.923277825320168,16
1678,37,38,70,16,3.9227382855891664,22
1679,20,17,48,7,3.9196076613306303,10
1680,89,13,86,7,3.91749283769541,6
1681,27,16,53,6,3.9149964442694025,10
1682,60,21,96,7,3.912428069824762,14
1683,98,19,49,9,3.906322793569991,10
1684,102,26,37,11,3.9015784283610255,15
1685,7,29,47,12,3.897446682675393,17
1686,18,13,20,5,3.8928283548315483,8
1687,55,44,11,18,3.8920841591670343,26
1688,76,13,62,6,3.8913968956310088,7
1689,110,10,17,4,3.8887191359542532,6
1690,11,15,17,7,3.886158778436342,8
1691,1,11,112,6,3.882693398534097,5
1692,30,11,108,5,3.8822679511938505,6
1693,18,13,98,7,3.8754830902904014,6
1694,95,36,87,16,3.86940077356921,20
1695,108,11,68,5,3.868849039567309,6
1696,11,16,51,8,3.8660778701548058,8
1697,41,25,114,12,3.854494902198664,13
1698,65,34,111,14,3.8475275648066685,20
1699,28,11,31,5,3.8453747580936164,6
1700,18,23,31,11,3.843025830767866,12
1701,63,31,13,14,3.8403036315605172,17
1702,20,26,7,12,3.839940256500117,14
1703,91,26,13,12,3.831748260733109,14
1704,30,38,87,17,3.8298987122526285,21
1705,70,30,51,14,3.8297117807076555,16
1706,44,16,87,7,3.8267549460576484,9
1707,60,12,66,4,3.826632219817407,8
1708,38,24,13,12,3.8266234961268997,12
1709,44,14,64,6,3.8242226428845654,8
1710,55,21,4,10,3.821660634263142,11
1711,49,10,3,4,3.8208441036339096,6
1712,86,32,18,13,3.8203668272153473,19
1713,91,18,31,7,3.8197018311679423,11
1714,110,16,5,7,3.8138584796050923,9
1715,39,12,78,6,3.805891795343841,6
1716,15,12,1,5,3.803325851759549,7
1717,20,13,104,5,3.7974160411444706,8
1718,91,29,107,12,3.7951757088821294,17
1719,88,58,68,25,3.791296149799503,33
1720,7,10,93,5,3.7802315490169653,5
1721,104,13,92,7,3.7768187223532306,6
1722,63,19,4,8,3.775833657808686,11
1723,88,16,6,7,3.757051253043465,9
1724,18,55,53,25,3.751842811643862,30
1725,53,42,40,19,3.7429391558119995,23
1726,1,13,4,5,3.736039087851971,8
1727,86,65,25,30,3.735239092039536,35
1728,39,17,81,7,3.728914203220537,10
1729,91,10,80,4,3.7198935399827406,6
1730,12,14,3,5,3.71740069479101,9
1731,15,21,5,8,3.714734226349825,13
1732,107,28,3,14,3.7114453081623813,14
1733,106,17,43,8,3.7068539679712273,9
1734,11,24,13,11,3.7025156977182605,13
1735,13,68,40,31,3.690363085789059,37
1736,39,48,53,21,3.6851162429567523,27
1737,114,37,51,18,3.6824882422691596,19
1738,52,11,107,4,3.6792228295103513,7
1739,101,14,68,5,3.6742625668258913,9
1740,71,12,27,5,3.672482180614424,7
1741,86,53,104,24,3.66553549979236,29
1742,97,33,96,16,3.657438935158263,17
1743,53,11,100,5,3.656950058764998,6
1744,63,22,23,9,3.656375723040438,13
1745,90,10,71,5,3.6561036030201253,5
1746,107,21,32,10,3.6546977761524686,11
1747,109,15,9,8,3.6538651478462696,7
1748,13,47,64,23,3.653151677590903,24
1749,17,11,18,6,3.651905683853181,5
1750,23,47,65,22,3.6506323242088645,25
1751,27,13,50,5,3.6503401008022798,8
1752,16,19,2,8,3.6499962386684337,11
1753,14,10,70,5,3.647042134114848,5
1754,102,21,74,9,3.6400241455657913,12
1755,88,60,5,28,3.63799769202775,32
1756,75,14,108,6,3.6340908116173014,8
1757,48,11,108,4,3.6336145248971845,7
1758,6,10,69,5,3.632252984558259,5
1759,43,19,18,10,3.6267699505365183,9
1760,11,39,88,17,3.622315707377218,22
1761,55,13,94,6,3.6120696685756317,7
1762,19,10,60,5,3.605970297917163,5
1763,34,14,13,7,3.5918746626908384,7
1764,58,13,71,6,3.5901555481142546,7
1765,97,10,95,4,3.58943247133478,6
1766,33,12,23,5,3.5712223539857573,7
1767,41,25,69,9,3.5647588534800043,16
1768,16,71,8,31,3.5597923636148616,40
1769,64,11,33,4,3.5581108018586245,7
1770,7,90,86,38,3.5577462755235447,52
1771,28,19,36,9,3.5549996153541237,10
1772,23,13,57,6,3.554408044637193,7
1773,30,13,4,6,3.554167963462701,7
1774,62,19,39,9,3.544513110025233,10
1775,40,65,36,28,3.5400829247343655,37
1776,88,26,69,11,3.536532050456282,15
1777,44,15,7,7,3.5352660207554516,8
1778,3,28,87,12,3.5300981237445432,16
1779,93,17,25,8,3.5300397889756283,9
1780,20,17,76,9,3.5278207011714735,8
1781,63,18,43,8,3.524851733785241,10
1782,7,17,30,9,3.521225077195732,8
1783,112,11,17,5,3.5191492672023625,6
1784,8,38,104,17,3.50734140656749,21
1785,49,10,33,4,3.5057518320537766,6
1786,74,16,23,7,3.505315761927058,9
1787,85,14,68,5,3.5027894631624408,9
1788,49,18,63,8,3.500149915800845,10
1789,50,26,9,11,3.4989626487903873,15
1790,97,36,114,16,3.4948097299506915,20
1791,62,13,36,6,3.489528327052378,7
1792,36,30,51,14,3.4874600225025074,16
1793,12,18,71,8,3.487442945948432,10
1794,25,20,70,9,3.484518115943736,11
1795,55,16,18,8,3.4810467173744706,8
1796,96,57,54,28,3.4766133859583515,29
1797,23,10,81,4,3.474530372802633,6
1798,73,14,16,7,3.4738693799097953,7
1799,74,60,5,28,3.469996146708342,32
1800,57,21,51,10,3.4647096831565727,11
1801,13,32,1,13,3.4629329225242813,19
1802,77,10,17,4,3.4626586322684796,6
1803,34,29,107,12,3.4592396196199293,17
1804,20,46,37,21,3.4576214767552655,25
1805,106,49,51,22,3.457607975311814,27
1806,29,12,86,5,3.456088611362189,7
1807,33,23,5,11,3.454327509177194,12
1808,37,21,23,10,3.453043705748743,11
1809,16,106,86,47,3.4524297350202193,59
1810,60,58,40,26,3.4423663485116363,32
1811,114,29,39,14,3.441117211126096,15
1812,102,31,25,14,3.4382241991917164,17
1813,4,12,37,5,3.421871703775507,7
1814,17,11,36,6,3.4172736451567545,5
1815,104,26,98,14,3.4091853213510754,12
1816,55,29,84,13,3.40123055779696,16
1817,68,20,17,8,3.395638967050425,12
1818,4,13,28,6,3.3940824912486867,7
1819,73,10,104,4,3.391491099464731,6
1820,39,48,55,21,3.389422612270981,27
1821,51,42,84,18,3.388563553906946,24
1822,19,13,88,6,3.388300396354987,7
1823,60,28,9,11,3.384232112219374,17
1824,36,28,55,13,3.383336577257353,15
1825,28,50,109,21,3.382857419112391,29
1826,73,15,98,7,3.380055365181917,8
1827,100,13,44,6,3.3720452657314226,7
1828,13,57,46,25,3.37157010260202,32
1829,107,56,55,26,3.3696189355898034,30
1830,40,17,20,7,3.3649339637959645,10
1831,54,25,97,12,3.3648153427656755,13
1832,14,23,8,10,3.3634201583462158,13
1833,7,48,27,22,3.361741499616722,26
1834,54,12,3,6,3.355227899021248,6
1835,88,30,70,13,3.3524090493184278,17
1836,83,10,20,5,3.3478898251644025,5
1837,40,15,91,7,3.345577169162442,8
1838,16,47,70,20,3.3445553948476245,27
1839,75,13,33,5,3.342736023465548,8
1840,54,20,98,9,3.3414082574982986,11
1841,68,13,5,6,3.3380294056441144,7
1842,71,13,76,7,3.3359186512389036,6
1843,69,12,109,5,3.3344685187765166,7
1844,50,22,31,10,3.333423687645379,12
1845,80,33,54,16,3.3322159324199094,17
1846,41,19,50,8,3.331657114556134,11
1847,28,26,17,12,3.328116205795544,14
1848,78,10,34,5,3.3271359801886424,5
1849,9,13,81,6,3.321776466067701,7
1850,49,18,30,8,3.318164342935082,10
1851,97,16,84,6,3.316428205809935,10
1852,60,31,75,14,3.3139158628036856,17
1853,86,11,66,5,3.3092941516234364,6
1854,28,12,15,6,3.3076634264923883,6
1855,16,38,17,15,3.3028597486650217,23
1856,104,60,5,28,3.3007473735225052,32
1857,57,22,41,9,3.2995392233028893,13
1858,69,11,54,5,3.295823383931072,6
1859,114,13,67,6,3.2746706512348434,7
1860,102,11,91,5,3.2738070744638943,6
1861,85,12,17,5,3.2737777276415283,7
1862,70,14,93,6,3.271451863431868,8
1863,13,12,102,4,3.269263582511039,8
1864,13,114,7,52,3.2643026156976367,62
1865,28,56,54,25,3.2622780281799852,31
1866,76,14,95,6,3.2576515088397957,8
1867,7,24,74,9,3.257493143792888,15
1868,84,14,95,6,3.2568961944145873,8
1869,114,47,25,20,3.2540864225169766,27
1870,68,15,6,6,3.251551578791195,9
1871,41,45,16,22,3.2495789716339614,23
1872,107,49,36,23,3.234838704648264,26
1873,56,10,97,5,3.231426212036921,5
1874,2,21,87,9,3.2308938185741103,12
1875,16,18,35,7,3.2305329948687067,11
1876,4,21,16,11,3.2239938149007976,10
1877,23,55,7,25,3.2229283053761675,30
1878,97,29,63,13,3.2191950537106915,16
1879,55,39,28,16,3.2184704312839787,23
1880,9,11,100,4,3.213107615631006,7
1881,64,19,23,9,3.212372911598019,10
1882,50,19,97,8,3.210625734622642,11
1883,60,47,31,24,3.2094707274879264,23
1884,84,15,60,5,3.2064037329190676,10
1885,106,28,17,11,3.2039846830051117,17
1886,44,12,76,5,3.2019945343572473,7
1887,36,41,39,18,3.1998605067578225,23
1888,55,49,5,22,3.1989531771818034,27
1889,68,14,81,6,3.1985312995714845,8
1890,37,54,50,26,3.188335276013606,28
1891,83,25,65,12,3.1850517665827933,13
1892,106,25,60,10,3.171261503808182,15
1893,110,16,86,7,3.1694821197260503,9
1894,54,48,51,22,3.1685476843403957,26
1895,90,14,74,5,3.1680613510289204,9
1896,13,17,62,8,3.1612952767397977,9
1897,68,17,49,8,3.160769369900104,9
1898,86,21,82,9,3.1586560919846263,12
1899,86,85,84,41,3.15758944772919,44
1900,51,42,46,18,3.1575361872642107,24
1901,87,13,17,6,3.1557879324593294,7
1902,75,23,23,12,3.1487336010920157,11
1903,5,27,91,11,3.121858390948631,16
1904,15,10,27,5,3.1179326913841705,5
1905,36,11,80,5,3.115857421175661,6
1906,25,25,17,11,3.1106502600539105,14
1907,50,24,4,12,3.110559237136959,12
1908,106,26,53,13,3.105027322219241,13
1909,109,25,106,12,3.1028448270841773,13
1910,68,34,1,15,3.102238947138023,19
1911,92,15,60,6,3.101629065738582,9
1912,99,14,68,6,3.1001036150844663,8
1913,64,10,91,4,3.0993479020870796,6
1914,49,31,86,15,3.0977725602373374,16
1915,13,27,77,12,3.097681583212727,15
1916,13,72,107,34,3.09361249272018,38
1917,76,26,11,11,3.0870761355979353,15
1918,45,14,87,6,3.0862202973256596,8
1919,28,30,102,14,3.0740911214451736,16
1920,74,11,41,6,3.0735662157516845,5
1921,75,30,25,13,3.069551733540898,17
1922,60,40,114,22,3.0670908685799034,18
1923,71,18,25,8,3.0644100067848146,10
1924,48,14,55,6,3.06362691776684,8
1925,71,42,86,20,3.060669361739169,22
1926,38,13,96,6,3.0422152322461717,7
1927,51,25,43,12,3.0407653301050273,13
1928,25,39,65,16,3.0368934823131175,23
1929,65,16,49,7,3.034256149542809,9
1930,41,16,47,7,3.031406429138557,9
1931,78,10,55,5,3.027993385213423,5
1932,19,17,16,8,3.0266213489285114,9
1933,86,107,87,53,3.0145371966175083,54
1934,6,27,7,15,3.013941061604383,12
1935,29,14,51,6,3.0049606372322573,8
1936,88,19,38,7,3.0023329742590956,12
1937,96,14,34,6,3.0017630147825622,8
1938,86,19,34,8,3.000129589106959,11
1939,4,11,69,5,2.999484176661719,6
1940,11,46,107,21,2.9990181027783187,25
1941,64,28,41,11,2.9985462284656723,17
1942,27,10,18,5,2.996654278290002,5
1943,65,37,37,18,2.9918797859979525,19
1944,100,25,7,11,2.9877637593718034,14
1945,74,10,30,5,2.9862406732405895,5
1946,16,87,65,39,2.9829025581724227,48
1947,95,27,53,10,2.9811343498680327,17
1948,107,24,49,12,2.9811174657733583,12
1949,6,12,51,6,2.980948961210987,6
1950,84,36,106,18,2.9754739608250116,18
1951,36,32,4,13,2.9739066740354185,19
1952,2,21,37,10,2.9697580112694486,11
1953,47,11,53,5,2.9672181618537916,6
1954,25,18,57,8,2.964934950553875,10
1955,114,23,46,10,2.9631435316072405,13
1956,9,17,38,8,2.961582849274608,9
1957,80,16,8,8,2.9519293865537115,8
1958,86,78,8,38,2.9505503650201574,40
1959,86,31,38,14,2.9478210267751117,17
1960,41,32,40,15,2.9467288085082743,17
1961,27,18,87,8,2.943381441401977,10
1962,30,17,76,7,2.9372015853586086,10
1963,36,20,87,8,2.935573250897663,12
1964,61,15,3,8,2.934761403571649,7
1965,99,15,65,7,2.9253489592007305,8
1966,8,24,100,10,2.9246971191484064,14
1967,68,20,77,9,2.9217850346788454,11
1968,74,82,86,39,2.921287780715151,43
1969,102,19,106,10,2.9207255392565097,9
1970,25,12,108,5,2.9132670669268244,7
1971,7,15,79,7,2.9111710091731053,8
1972,87,37,84,17,2.908877911803523,20
1973,91,19,37,9,2.9050960547005245,10
1974,71,13,108,6,2.8992906212622866,7
1975,44,10,70,5,2.8975248911261433,5
1976,68,20,78,9,2.8969266940151797,11
1977,75,24,74,10,2.8903655619324433,14
1978,43,31,7,13,2.8869337290340304,18
1979,63,90,86,38,2.885674460917235,52
1980,63,23,60,10,2.8746236800640075,13
1981,27,21,75,10,2.874214711599615,11
1982,87,42,20,20,2.8691206159340576,22
1983,16,33,49,15,2.8666893055729035,18
1984,60,48,86,22,2.8571270629897767,26
1985,68,23,46,11,2.8541343211422925,12
1986,88,53,28,23,2.854042679776566,30
1987,51,18,99,9,2.853477797374065,9
1988,73,16,96,7,2.8534303980093814,9
1989,68,17,57,8,2.851869956940863,9
1990,74,20,18,10,2.84961422222247,10
1991,97,13,33,6,2.8486496222061595,7
1992,28,13,44,7,2.8461398630992765,6
1993,23,13,104,5,2.8445076862849494,8
1994,95,19,23,9,2.8404436396815522,10
1995,89,12,60,6,2.839673113881044,6
1996,16,14,58,6,2.8389435880706144,8
1997,77,18,65,9,2.836180648453274,9
1998,104,33,74,14,2.8329598216365466,19
1999,107,47,23,22,2.8244859300002187,25
2000,43,10,19,4,2.822488366427096,6
2001,16,21,38,8,2.8217292489636367,13
2002,18,13,71,6,2.821320109059578,7
2003,64,13,47,5,2.8212403790572256,8
2004,80,24,87,11,2.8192870132931773,13
2005,51,32,109,12,2.817926639661738,20
2006,51,10,85,4,2.8169661452285406,6
2007,65,17,48,7,2.813018636762518,10
2008,68,33,106,15,2.8127952198562456,18
2009,1,32,36,16,2.8095303452930684,16
2010,99,15,41,7,2.8081672918617278,8
2011,106,14,112,7,2.805082024542767,7
2012,15,13,19,6,2.8034318915529917,7
2013,4,25,114,12,2.797376255941943,13
2014,7,26,1,12,2.7932054952385035,14
2015,100,13,36,6,2.7923934619121087,7
2016,86,19,108,10,2.7920033870005008,9
2017,16,22,47,10,2.79035087910922,12
2018,9,15,97,8,2.7891659901703596,7
2019,60,60,88,26,2.787154341363807,34
2020,3,16,55,7,2.785774326842637,9
2021,5,11,10,6,2.7716738654503197,5
2022,38,11,40,6,2.7715520430648577,5
2023,5,17,77,8,2.765837567194589,9
2024,18,31,60,14,2.7592417090229198,17
2025,53,42,64,19,2.759026680292717,23
2026,68,17,8,8,2.7561781927605944,9
2027,97,22,104,11,2.7396377781056174,11
2028,65,50,106,23,2.735321183024918,27
2029,75,12,34,6,2.7327928404854553,6
2030,60,22,28,12,2.7303185623414623,10
2031,9,12,30,5,2.7296904854733155,7
2032,55,53,88,22,2.721264805593774,31
2033,104,31,70,14,2.720810924975006,17
2034,11,50,28,24,2.7199624016130106,26
2035,95,11,80,5,2.7197438471090796,6
2036,49,16,70,8,2.713121422106841,8
2037,107,57,37,26,2.7122377942768776,31
2038,12,14,18,6,2.7036570911929863,8
2039,88,32,109,14,2.698492977632003,18
2040,65,40,71,17,2.686780335165667,23
2041,13,11,35,5,2.684594978225239,6
2042,90,17,17,9,2.680753861205159,8
2043,39,25,5,12,2.679132217269287,13
2044,51,69,107,29,2.678545004841455,40
2045,25,17,44,8,2.673535476281759,9
2046,95,18,75,8,2.672802736686619,10
2047,114,25,74,12,2.666972342657447,13
2048,47,10,76,7,2.6595736051653853,3
2049,74,13,91,6,2.658254293210725,7
2050,92,29,88,13,2.6541256559252315,16
2051,57,13,36,5,2.6531160901053807,8
2052,53,48,65,23,2.651912649859134,25
2053,30,24,8,11,2.6514132136935467,13
2054,23,43,86,20,2.6484576158238533,23
2055,30,21,37,9,2.6448172779185537,12
2056,16,60,5,25,2.6435184456824317,35
2057,85,23,107,11,2.642943935546886,12
2058,33,14,95,6,2.641545389608455,8
2059,54,15,72,7,2.6412935569868567,8
2060,54,28,114,14,2.6355280322257,14
2061,17,30,39,13,2.6347382750427313,17
2062,16,85,13,38,2.6278459194386543,47
2063,27,10,57,5,2.625816231763605,5
2064,11,26,20,11,2.6225934054521085,15
2065,11,12,41,4,2.61594797809933,8
2066,29,21,107,8,2.615094075024305,13
2067,76,13,2,5,2.6134640032331116,8
2068,11,16,40,7,2.6127959858163616,9
2069,93,20,86,9,2.6126285193850958,11
2070,36,23,91,10,2.600483205457648,13
2071,68,83,13,37,2.597690238852479,46
2072,40,19,27,11,2.5947052105553365,8
2073,39,23,31,10,2.5934090452929373,13
2074,13,81,51,39,2.5933197102801517,42
2075,1,10,109,5,2.5929606771402254,5
2076,71,25,87,12,2.5901035214218346,13
2077,87,21,62,10,2.586304566496697,11
2078,104,50,7,23,2.5854072339864183,27
2079,69,14,71,7,2.5823526075537777,7
2080,78,18,57,9,2.5763405590621855,9
2081,69,13,3,5,2.5732249505733895,8
2082,47,11,91,5,2.565831417578021,6
2083,50,50,107,24,2.5656690703128167,26
2084,92,13,87,6,2.565186954563254,7
2085,28,43,51,21,2.5635290356109595,22
2086,51,45,41,21,2.5612918082451857,24
2087,83,10,63,6,2.557624644664858,4
2088,86,14,14,7,2.5565201304900333,7
2089,51,16,83,6,2.5563009225954785,10
2090,73,19,1,8,2.55342910039073,11
2091,7,74,36,34,2.5493587507973596,40
2092,64,20,38,9,2.5449420802693483,11
2093,52,13,16,6,2.542332195506542,7
2094,63,35,11,14,2.539597707853179,21
2095,111,11,60,4,2.535604443502029,7
2096,108,27,107,13,2.5311945782165,14
2097,87,27,64,13,2.5304532187422586,14
2098,36,33,9,15,2.5279240780374668,18
2099,39,18,4,8,2.5267698999647226,10
2100,39,32,50,15,2.5245695496572065,17
2101,12,15,36,7,2.516319942513749,8
2102,7,105,68,48,2.5114811010541342,57
2103,106,37,96,16,2.50842381050559,21
2104,88,70,51,36,2.506363518676434,34
2105,37,18,109,8,2.501013404341532,10
2106,11,20,48,9,2.499763597895506,11
2107,65,20,3,9,2.497136850038322,11
2108,18,11,111,5,2.4899108726358863,6
2109,65,59,68,27,2.4863573145608644,32
2110,95,30,39,14,2.481130681096554,16
2111,68,44,63,21,2.480570375893391,23
2112,7,61,9,30,2.475604646115282,31
2113,19,16,39,8,2.472866833179225,8
2114,4,17,81,7,2.4678124777063273,10
2115,87,40,74,18,2.4671563114027473,22
2116,74,17,69,9,2.4664972820824542,8
2117,54,10,27,5,2.4638694969344774,5
2118,107,31,17,14,2.462748800285693,17
2119,86,96,28,43,2.4596967328586916,53
2120,32,10,50,6,2.444054190716271,4
2121,96,31,88,15,2.4406464912019903,16
2122,12,18,86,8,2.4382543520920796,10
2123,55,39,106,17,2.438139246666604,22
2124,107,37,64,18,2.435414553814307,19
2125,91,20,75,13,2.432369433261267,7
2126,87,48,28,23,2.4310937249340125,25
2127,109,11,99,5,2.4195174025010595,6
2128,20,31,13,15,2.419232509229948,16
2129,107,46,25,22,2.4187485647838765,24
2130,71,35,39,16,2.4158892555534424,19
2131,65,11,92,5,2.4112859752548714,6
2132,8,33,93,16,2.4111455321691304,17
2133,47,24,51,12,2.409457368099758,12
2134,68,21,38,9,2.4070210829507572,12
2135,9,18,69,8,2.405000245398061,10
2136,20,26,80,12,2.4033351571638564,14
2137,3,31,68,14,2.4024413251399013,17
2138,78,20,60,10,2.4024308351348855,10
2139,56,10,8,4,2.40008605471798,6
2140,46,38,28,16,2.3990178798165633,22
2141,17,17,63,8,2.3925163886016922,9
2142,83,22,87,11,2.390357141943488,11
2143,111,12,8,6,2.390343846489095,6
2144,104,40,95,18,2.3890342183876085,22
2145,4,21,71,8,2.3871750117365993,13
2146,96,25,104,11,2.3866419839158346,14
2147,75,13,56,5,2.3840139649043497,8
2148,71,40,107,17,2.3760609676092463,23
2149,8,55,96,25,2.371439357092425,30
2150,50,19,112,8,2.3689643473531756,11
2151,40,24,50,10,2.3671440474550507,14
2152,7,19,70,7,2.364945757295021,12
2153,28,26,76,13,2.364350304549829,13
2154,63,46,39,18,2.3626947638130473,28
2155,99,23,5,11,2.3616219022642833,12
2156,96,14,109,6,2.3566759619593642,8
2157,39,48,49,21,2.353804446492823,27
2158,4,36,31,15,2.3535355966794667,21
2159,6,13,50,6,2.3414923323310646,7
2160,104,17,4,7,2.3357072159096575,10
2161,46,22,63,12,2.3313756374008845,10
2162,25,28,53,14,2.3301510854690854,14
2163,109,51,5,25,2.3285813949081655,26
2164,50,23,64,11,2.3285304422785047,12
2165,104,21,102,11,2.320627297470276,10
2166,3,26,60,12,2.318286691403535,14
2167,9,23,3,11,2.3162904113567784,12
2168,88,32,91,15,2.315767764685104,17
2169,46,23,84,10,2.311711196027238,13
2170,58,12,50,6,2.3033767529431137,6
2171,23,13,109,6,2.301790643179129,7
2172,86,21,32,10,2.2989864902239003,11
2173,68,16,109,6,2.2985123206238915,10
2174,97,33,65,15,2.2943542233121987,18
2175,100,24,5,11,2.2932427434044684,13
2176,114,18,45,8,2.292094813707232,10
2177,106,13,4,7,2.287883468044352,6
2178,37,46,74,22,2.283869095408045,24
2179,63,38,114,15,2.2836807270192585,23
2180,88,20,35,10,2.2787018333731495,10
2181,80,16,71,8,2.275392383804814,8
2182,61,10,31,5,2.2696136748473603,5
2183,28,66,96,31,2.267406944603933,35
2184,106,45,88,19,2.2639858690375614,26
2185,84,17,17,8,2.257920350197807,9
2186,95,30,25,14,2.25397314365567,16
2187,69,13,20,6,2.253225234520165,7
2188,41,14,54,7,2.251101436056138,7
2189,88,38,4,18,2.2459217004175493,20
2190,70,10,27,5,2.243263258457552,5
2191,49,23,17,9,2.2404394780670995,14
2192,7,18,11,8,2.239320590268621,10
2193,87,35,104,18,2.2393020839894087,17
2194,88,71,107,32,2.238349808395566,39
2195,81,14,3,6,2.2358028798300924,8
2196,68,25,70,12,2.2334926025833988,13
2197,90,16,25,7,2.2261576936837058,9
2198,13,16,84,7,2.2257141105456366,9
2199,88,11,33,6,2.22422094342155,5
2200,11,11,114,6,2.222333602098374,5
2201,98,13,99,7,2.2212581677933785,6
2202,112,11,8,6,2.2144684353504553,5
2203,5,50,96,22,2.2114271922507607,28
2204,57,19,55,10,2.2104060039233278,9
2205,49,51,13,25,2.209069641169752,26
2206,84,15,76,7,2.2084039467189505,8
2207,107,50,106,24,2.1993074270722803,26
2208,31,10,54,5,2.186668926147148,5
2209,8,64,74,28,2.186622040651489,36
2210,13,16,112,8,2.186416558676373,8
2211,63,26,70,12,2.1813121472430437,14
2212,84,16,93,8,2.173203038685072,8
2213,33,11,39,5,2.170155887452032,6
2214,86,75,54,36,2.1689438842347455,39
2215,16,31,84,15,2.166724934437137,16
2216,88,14,74,5,2.165363961250821,9
2217,48,29,16,13,2.16366949518096,16
2218,87,27,46,14,2.1507851989480726,13
2219,9,39,51,19,2.14335596169476,20
2220,28,30,91,14,2.1280361219889317,16
2221,35,16,43,8,2.1256405181906697,8
2222,37,26,84,12,2.124049904647881,14
2223,53,11,70,5,2.117480208536356,6
2224,1,20,64,10,2.1164326209593654,10
2225,48,13,30,7,2.114145406665778,6
2226,74,12,33,6,2.113811361820999,6
2227,77,10,3,4,2.1078393954054353,6
2228,99,24,60,11,2.100940382067205,13
2229,83,34,55,17,2.0962093979720215,17
2230,97,22,8,11,2.094799206270941,11
2231,17,12,91,5,2.0932516032559634,7
2232,74,47,65,23,2.0847963525870914,24
2233,28,55,65,25,2.0838082258755595,30
2234,82,10,63,5,2.077975861296688,5
2235,3,25,31,13,2.0628076616728963,12
2236,86,45,90,20,2.0574221764428238,25
2237,65,31,80,15,2.0509198465423397,16
2238,93,21,88,9,2.047097578055209,12
2239,64,31,39,14,2.043169723980909,17
2240,18,34,51,17,2.042743355152735,17
2241,90,24,60,10,2.0397275719261816,14
2242,12,21,39,10,2.036046827182587,11
2243,100,19,74,9,2.03594794458151,10
2244,89,14,88,7,2.0354634990614118,7
2245,58,12,63,7,2.0345686518653676,5
2246,55,11,79,5,2.0315889229013426,6
2247,91,14,114,7,2.0312426341433967,7
2248,32,11,13,5,2.026181507027534,6
2249,75,30,87,14,2.0247725005088753,16
2250,8,36,90,16,2.0194647820717804,20
2251,109,29,13,13,2.010974217190567,16
2252,83,22,97,12,2.007636873207567,10
2253,64,14,17,7,1.997717670710987,7
2254,69,24,7,12,1.9945381002011566,12
2255,104,15,112,7,1.99393597279257,8
2256,13,38,50,18,1.9937674166002914,20
2257,70,55,86,25,1.9917052888221574,30
2258,53,19,4,9,1.987694792892671,10
2259,28,38,25,16,1.9833898911599184,22
2260,64,15,15,8,1.9745380862871305,7
2261,41,18,76,10,1.9724048364464457,8
2262,28,28,48,13,1.97166934994222,15
2263,28,21,57,10,1.9693047937293828,11
2264,8,22,17,11,1.9650399384720445,11
2265,50,11,35,5,1.9581460146246747,6
2266,78,12,71,6,1.95458083263832,6
2267,36,34,64,17,1.9485056781764598,17
2268,98,11,19,4,1.9474548221717747,7
2269,25,20,55,9,1.9429576796619945,11
2270,23,14,31,6,1.9392936999416424,8
2271,110,13,104,5,1.9388474450810558,8
2272,32,10,98,5,1.9380052263831626,5
2273,20,19,30,9,1.9352963119709488,10
2274,23,14,97,7,1.9330528734436567,7
2275,70,19,40,8,1.9276789997691202,11
2276,114,21,18,10,1.923577249757446,11
2277,80,25,28,12,1.9225523112040792,13
2278,70,21,41,11,1.919847111480952,10
2279,99,11,76,6,1.9173589523208343,5
2280,97,32,106,16,1.9159665785715099,16
2281,14,13,88,6,1.902096229341471,7
2282,85,17,54,7,1.9006272791395138,10
2283,108,25,51,12,1.9002486171144384,13
2284,13,87,65,40,1.8987319703858903,47
2285,12,17,13,6,1.89366507601321,11
2286,109,24,84,11,1.893335137700528,13
2287,20,35,106,16,1.890590591428699,19
2288,25,23,64,11,1.8857238852847684,12
2289,2,41,8,20,1.8848654476169697,21
2290,8,14,79,8,1.8787453444383122,6
2291,94,11,69,5,1.8749407442851007,6
2292,107,48,68,22,1.8731227489747677,26
2293,9,37,39,19,1.8697146872485217,18
2294,17,26,54,13,1.867393134138254,13
2295,39,34,104,16,1.8667262407201952,18
2296,37,95,5,46,1.8654288703425719,49
2297,39,49,60,24,1.859398798683601,25
2298,87,61,106,30,1.856632619724249,31
2299,98,19,51,9,1.8552094547524471,10
2300,6,11,86,5,1.8539951054916266,6
2301,46,22,76,10,1.8507100299988166,12
2302,53,22,97,10,1.849246682219108,12
2303,13,30,17,14,1.8483382768762247,16
2304,30,12,109,5,1.8472545205463433,7
2305,98,27,107,13,1.840767846154218,14
2306,84,38,96,19,1.8356486827006797,19
2307,86,26,57,11,1.8322546886695221,15
2308,54,20,49,10,1.829154265922774,10
2309,74,29,13,14,1.8278354237299064,15
2310,106,11,3,5,1.8270221877820192,6
2311,44,13,114,6,1.8263733365516701,7
2312,114,16,84,7,1.8232489038137314,9
2313,102,13,99,6,1.8212893413036875,7
2314,71,11,109,5,1.8196417828202216,6
2315,79,18,28,8,1.8130893193426152,10
2316,40,18,111,9,1.8104998545748818,9
2317,36,22,25,11,1.8071440138268557,11
2318,8,65,28,30,1.8060421386611976,35
2319,37,25,90,12,1.7816453937181782,13
2320,13,69,55,33,1.7797083661055997,36
2321,102,13,84,6,1.779322402529277,7
2322,104,62,16,29,1.778027708852634,33
2323,109,21,76,11,1.7708841969163662,10
2324,88,11,110,6,1.7642228121429866,5
2325,84,26,70,12,1.7530345342228948,14
2326,86,78,20,36,1.7515015201972057,42
2327,87,56,88,29,1.7513462767543788,27
2328,4,31,68,15,1.751066192618154,16
2329,97,38,107,19,1.7507246476170455,19
2330,53,39,51,19,1.7493185772901738,20
2331,94,10,65,5,1.74928216807962,5
2332,60,33,36,16,1.7416473627060747,17
2333,18,11,6,5,1.7414584600944751,6
2334,8,26,23,13,1.7400762718841152,13
2335,36,37,88,16,1.7392851936744347,21
2336,46,51,5,23,1.7323776092910628,28
2337,70,19,75,10,1.7314858975507377,9
2338,60,14,11,7,1.72978393860355,7
2339,50,13,12,8,1.7279667161947851,5
2340,1,31,107,15,1.727430404235514,16
2341,83,11,50,6,1.7272952536822097,5
2342,64,41,88,18,1.726143672618883,23
2343,63,15,45,7,1.7260545689947924,8
2344,8,49,11,22,1.725678638141755,27
2345,16,19,45,8,1.7223541453977003,11
2346,9,46,40,21,1.71485959208228,25
2347,81,20,107,10,1.7130423485236068,10
2348,9,42,86,19,1.7117622661778296,23
2349,54,40,7,19,1.7088310244062668,21
2350,48,10,37,5,1.7035937503192145,5
2351,20,16,102,8,1.6989391239814933,8
2352,36,15,23,9,1.6972875274185721,6
2353,51,25,23,12,1.6961813528047331,13
2354,41,62,13,30,1.6944548774743582,32
2355,84,66,107,31,1.6864806299862014,35
2356,50,18,69,10,1.686362400438779,8
2357,45,28,31,13,1.6710870406691087,15
2358,43,13,109,6,1.6656590774439002,7
2359,36,23,68,11,1.6511686348202657,12
2360,69,10,39,5,1.644395797770094,5
2361,95,10,57,6,1.6443605111684718,4
2362,39,19,96,8,1.6315253594413592,11
2363,16,41,114,18,1.6232837485706129,23
2364,91,35,86,17,1.6127783916757956,18
2365,87,20,69,9,1.6090402907699264,11
2366,70,13,43,6,1.6071210379776917,7
2367,99,18,30,8,1.5949338139614577,10
2368,64,10,90,5,1.5921132093044654,5
2369,57,37,16,18,1.590647845241731,19
2370,7,73,40,33,1.5888049712895005,40
2371,2,15,25,8,1.5845186001024008,7
2372,60,60,16,29,1.5827171720559003,31
2373,55,22,90,12,1.578656952498874,10
2374,60,25,46,12,1.5735893742532674,13
2375,40,58,88,27,1.5715316879527905,31
2376,58,12,43,6,1.5653312346763884,6
2377,9,14,111,7,1.5621342613374551,7
2378,97,12,100,6,1.5601199386945834,6
2379,86,50,30,25,1.5573237823378583,25
2380,104,23,83,10,1.5563880557352996,13
2381,106,15,14,8,1.5523885439078582,7
2382,16,27,111,12,1.5488999004290867,15
2383,11,26,74,12,1.5483769164487977,14
2384,16,85,28,40,1.5473042950797171,45
2385,30,25,68,13,1.540357950667601,12
2386,51,52,60,22,1.5379585605411303,30
2387,97,25,46,12,1.5379422598602892,13
2388,13,23,45,11,1.536281477648622,12
2389,107,32,46,16,1.5343792707290018,16
2390,29,13,53,5,1.5317670028644748,8
2391,84,29,54,13,1.528304959907984,16
2392,1,34,88,17,1.5234508852206479,17
2393,35,14,37,7,1.523131742310598,7
2394,43,12,8,6,1.5194230889621367,6
2395,46,12,55,5,1.5148590180899557,7
2396,28,63,5,31,1.5122016375527902,32
2397,50,17,108,9,1.5013768012598343,8
2398,29,21,87,9,1.496087722033851,12
2399,4,59,13,27,1.4911690163054754,32
2400,87,51,54,23,1.4805638305796738,28
2401,61,15,13,8,1.4797550252097438,7
2402,73,15,63,8,1.4760785674332926,7
2403,11,17,32,9,1.4729852723414754,8
2404,86,32,2,16,1.4682447143488935,16
2405,15,26,7,14,1.4671619013667956,12
2406,57,13,40,6,1.4659794198664808,7
2407,112,16,23,7,1.4656028868993851,9
2408,47,19,65,9,1.4631124334160452,10
2409,31,21,47,10,1.4606130980712668,11
2410,86,64,55,30,1.4599929257917066,34
2411,25,23,83,10,1.4597201880554966,13
2412,8,16,38,8,1.4562520429495758,8
2413,50,16,89,7,1.4560158637801317,9
2414,53,30,55,14,1.4538038424746393,16
2415,65,24,112,11,1.4517114698016078,13
2416,106,55,63,27,1.4485566818099482,28
2417,38,14,30,8,1.4430439721156862,6
2418,39,20,70,9,1.4424153371414083,11
2419,20,21,97,11,1.439527960881874,10
2420,50,28,25,14,1.4391705454909012,14
2421,65,70,41,31,1.4285809086277084,39
2422,43,20,87,10,1.4273382250462692,10
2423,36,35,45,19,1.423273124508123,16
2424,15,22,60,10,1.4197687048169967,12
2425,68,47,86,24,1.4153886750252886,23
2426,12,16,40,8,1.4120822666164417,8
2427,102,15,11,6,1.4114820984859568,9
2428,70,17,95,9,1.4011695857654913,8
2429,75,12,44,5,1.399837377533035,7
2430,16,10,56,4,1.3984899579645478,6
2431,20,19,95,9,1.3957034121223277,10
2432,91,13,9,6,1.3946381880594532,7
2433,7,15,83,6,1.3943529604549396,9
2434,100,25,106,13,1.3941621457208537,12
2435,44,25,16,13,1.3924747988210242,12
2436,43,13,37,7,1.3915535608538905,6
2437,17,15,74,7,1.3910983775391357,8
2438,15,15,114,7,1.385848653276297,8
2439,36,11,29,6,1.3837445576600587,5
2440,50,41,11,19,1.3816262941644981,22
2441,95,31,7,14,1.3809406634768675,17
2442,106,30,41,15,1.3806292559177733,15
2443,87,29,109,13,1.3766608968038978,16
2444,75,10,48,5,1.3711471542080278,5
2445,90,11,76,6,1.3711097869836062,5
2446,87,54,39,25,1.3671012502066116,29
2447,43,32,60,15,1.366965509377514,17
2448,27,13,23,7,1.3665703255989456,6
2449,25,26,30,14,1.363384718034577,12
2450,68,31,104,16,1.3616459533032328,15
2451,107,39,70,20,1.3599998705907188,19
2452,63,91,65,44,1.3534100725026459,47
2453,53,44,60,20,1.3503746570549047,24
2454,97,37,88,18,1.349074362930903,19
2455,84,17,90,8,1.3434141546201468,9
2456,71,48,7,25,1.3388864417450883,23
2457,77,53,60,25,1.338750114348228,28
2458,8,44,51,21,1.3380278840989286,23
2459,8,66,37,32,1.3357403383797626,34
2460,61,13,65,7,1.327965247882516,6
2461,60,25,109,12,1.3235251021634884,13
2462,16,30,80,14,1.3220466579095416,16
2463,74,18,80,9,1.3199661328668575,9
2464,46,60,88,30,1.317189159463411,30
2465,13,59,39,29,1.316229922957975,30
2466,10,16,8,7,1.3145513780375315,9
2467,32,12,51,6,1.314434714983352,6
2468,37,12,108,6,1.3047215727540855,6
2469,70,11,102,7,1.3043211125718095,4
2470,107,55,60,26,1.3026835274312414,29
2471,5,44,13,21,1.302350985374302,23
2472,65,43,60,18,1.292557414516089,25
2473,2,22,74,10,1.2925512141562505,12
2474,15,31,13,14,1.2870483465437985,17
2475,97,20,109,10,1.283406905257821,10
2476,50,30,51,15,1.277023353905357,15
2477,8,82,55,42,1.2721684605222603,40
2478,50,27,65,13,1.2644687002361983,14
2479,75,42,55,18,1.2635366494506202,24
2480,88,34,37,16,1.263075132683617,18
2481,55,26,99,12,1.2605449554949548,14
2482,40,62,51,30,1.2569124216168759,32
2483,16,22,33,9,1.250719949272024,13
2484,51,12,58,6,1.250645738107039,6
2485,109,30,16,15,1.2499451161124784,15
2486,65,10,89,5,1.246766687204138,5
2487,1,10,71,4,1.2456643982922146,6
2488,104,12,43,5,1.2430962980218274,7
2489,15,25,86,12,1.2421859247751872,13
2490,107,30,4,15,1.2387516471106226,15
2491,71,25,31,12,1.2380158081615504,13
2492,63,16,95,8,1.233969730193377,8
2493,38,16,60,7,1.2292640845256295,9
2494,71,26,9,12,1.2262156519313812,14
2495,87,50,55,24,1.2223891795427406,26
2496,98,11,74,5,1.2137114800422117,6
2497,38,12,46,5,1.2117798317776198,7
2498,25,33,97,16,1.211209753293348,17
2499,16,51,74,24,1.19895248847691,27
2500,25,25,109,12,1.1927554377225935,13
2501,69,17,43,8,1.1823687630105753,9
2502,88,42,49,20,1.178560438139782,22
2503,76,29,87,13,1.173923997825125,16
2504,47,16,27,7,1.1658557312566065,9
2505,7,77,41,38,1.15072550046604,39
2506,39,11,98,5,1.1404948944014273,6
2507,13,46,28,22,1.1383330164762724,24
2508,60,73,71,35,1.1360670304013205,38
2509,80,11,38,6,1.135431064035941,5
2510,23,47,16,22,1.133588423461974,25
2511,36,26,106,13,1.1307287364062801,13
2512,33,13,114,7,1.1286658148323794,6
2513,61,18,88,10,1.1254133453483963,8
2514,109,16,48,8,1.124410806769173,8
2515,19,10,9,5,1.1214361797377137,5
2516,7,85,65,44,1.1151148094385754,41
2517,63,47,40,22,1.1085655861732644,25
2518,73,13,55,6,1.1082443575059586,7
2519,40,19,45,9,1.1043531225931202,10
2520,96,18,2,9,1.1039761816908797,9
2521,70,39,106,20,1.1024614638047308,19
2522,112,35,16,18,1.100098148424823,17
2523,54,16,33,7,1.1000953180608282,9
2524,14,16,11,7,1.0923565448715802,9
2525,40,13,74,6,1.0901529369074687,7
2526,65,46,39,20,1.089267893981286,26
2527,3,31,51,18,1.0776643181053591,13
2528,64,19,97,9,1.0748997556854092,10
2529,67,20,37,9,1.0707700527635258,11
2530,106,12,66,5,1.070759127853136,7
2531,41,47,107,21,1.067462992326089,26
2532,70,55,8,27,1.0665028298167964,28
2533,8,43,20,21,1.064860256583808,22
2534,104,30,109,15,1.0638658496000608,15
2535,18,35,87,16,1.0595333397572304,19
2536,16,37,40,17,1.0479395774839413,20
2537,54,28,102,14,1.0470828148001607,14
2538,114,19,69,8,1.0427404151557151,11
2539,90,21,88,11,1.0373159148886417,10
2540,114,29,20,14,1.0369418237684707,15
2541,45,14,3,7,1.0349134798027078,7
2542,35,22,7,11,1.0299988339542105,11
2543,109,56,86,27,1.0278219945967084,29
2544,11,41,87,22,1.027110181689243,19
2545,63,20,44,9,1.0233184771026502,11
2546,70,10,33,5,1.0222975969230632,5
2547,86,65,13,33,1.019501673559692,32
2548,65,37,12,19,1.0126389783896663,18
2549,114,55,86,27,1.009397796693002,28
2550,13,43,75,20,1.005364432264769,23
2551,3,28,39,13,1.005279876255595,15
2552,114,11,93,6,1.004990658958168,5
2553,114,39,7,18,1.0047894280060632,21
2554,9,19,112,9,1.0011116788041667,10
2555,8,40,39,20,0.9993368710228037,20
2556,37,37,17,16,0.9978108601802018,21
2557,107,14,79,8,0.9916516151596949,6
2558,23,17,111,10,0.9902411232186314,7
2559,64,14,100,6,0.9873146869937531,8
2560,39,38,28,19,0.9827440527550545,19
2561,50,29,17,13,0.9785385252670544,16
2562,51,33,31,14,0.9782499075201472,19
2563,107,65,5,32,0.9748363761521144,33
2564,79,11,88,5,0.9736004729947267,6
2565,114,26,17,11,0.9721557918960149,15
2566,14,16,87,7,0.9719183858987279,9
2567,37,50,51,27,0.9710667257210692,23
2568,30,26,51,12,0.9638359516152135,14
2569,104,38,106,19,0.9604760273979323,19
2570,106,11,103,6,0.9583580547252424,5
2571,14,14,5,6,0.9561035605846475,8
2572,107,41,27,20,0.952515535377431,21
2573,7,20,8,9,0.9446580951337806,11
2574,112,13,114,7,0.9421647262329379,6
2575,47,33,39,16,0.9409236558902792,17
2576,102,11,83,5,0.9259324073609744,6
2577,33,17,86,9,0.9246066959077469,8
2578,102,18,65,10,0.9231577333764872,8
2579,75,27,114,13,0.9181862737012574,14
2580,13,20,33,10,0.918120505460343,10
2581,106,100,86,49,0.9173221659807225,51
2582,43,17,50,7,0.911659904777202,10
2583,36,35,75,19,0.9076169876586753,16
2584,23,13,3,6,0.9036934098771335,7
2585,64,41,68,18,0.9029247023462412,23
2586,84,17,79,9,0.9012801816556621,8
2587,107,65,63,35,0.9004862155219548,30
2588,68,17,74,7,0.9001065237726507,10
2589,8,24,48,11,0.8990865709573224,13
2590,60,17,83,8,0.8851626447494981,9
2591,77,21,4,10,0.8810684428976758,11
2592,37,21,57,10,0.8778160008276704,11
2593,12,26,51,12,0.8760267118024294,14
2594,111,47,68,24,0.8746288393374696,23
2595,7,27,49,15,0.8744069756975954,12
2596,94,12,114,5,0.8733223650892258,7
2597,7,72,39,36,0.8666556089412244,36
2598,19,11,30,5,0.8639657549674947,6
2599,55,21,71,9,0.863684832703073,12
2600,10,10,114,4,0.8617397018011257,6
2601,34,17,16,8,0.8560019455164203,9
2602,91,16,84,8,0.8558230534473272,8
2603,71,28,63,13,0.8479499084443569,15
2604,94,20,43,9,0.8454581746365188,11
2605,62,11,50,5,0.8451062062670078,6
2606,50,56,86,29,0.8444740252545996,27
2607,27,39,68,18,0.8444718126987756,21
2608,54,40,74,20,0.8415267564978521,20
2609,28,23,30,12,0.8403239904216823,11
2610,2,16,46,8,0.8285194662826778,8
2611,7,57,18,29,0.8231688841647112,28
2612,96,58,107,27,0.8081270899904945,31
2613,84,31,50,16,0.8064114901977948,15
2614,56,14,40,7,0.8062835825274064,7
2615,2,22,88,11,0.7956469041111237,11
2616,15,23,57,11,0.7930287445383305,12
2617,10,15,84,7,0.7902384797272094,8
2618,53,53,13,28,0.7874885927037626,25
2619,18,19,65,10,0.7868157298210118,9
2620,54,63,16,32,0.7852092424321565,31
2621,9,17,34,8,0.77910514985876,9
2622,104,45,114,21,0.7777920700848383,24
2623,87,22,99,10,0.7762165713325069,12
2624,43,28,65,15,0.7736410586664142,13
2625,97,20,93,10,0.7717644600090583,10
2626,33,15,104,8,0.7704375614853092,7
2627,75,27,64,13,0.7678085379778312,14
2628,110,12,54,6,0.762633303380524,6
2629,50,19,109,9,0.7621588618054026,10
2630,107,79,28,37,0.7544537727453153,42
2631,47,21,87,10,0.7462429355983711,11
2632,3,20,71,10,0.744611540631482,10
2633,36,13,74,5,0.7437175733038444,8
2634,25,24,15,13,0.7394428200536315,11
2635,40,77,86,36,0.7352757671814381,41
2636,95,41,5,21,0.731606653431554,20
2637,58,25,9,13,0.7270071603708143,12
2638,86,39,3,18,0.7256558940842943,21
2639,61,18,40,9,0.7154895706830828,9
2640,82,13,28,7,0.7153587234866209,6
2641,87,45,63,23,0.7153353724609679,22
2642,68,51,60,26,0.7146206283070944,25
2643,54,85,65,41,0.7126472318729192,44
2644,13,17,96,8,0.7114671477918352,9
2645,76,25,8,13,0.7077738529790866,12
2646,18,23,104,13,0.701208945227421,10
2647,27,11,99,6,0.6941577039356042,5
2648,29,17,38,8,0.6873786981327397,9
2649,43,13,84,6,0.6853274773451387,7
2650,18,19,25,10,0.6816652439852776,9
2651,50,24,114,11,0.6812811811945304,13
2652,37,40,114,18,0.6680388190804037,22
2653,1,10,62,5,0.6629322217278115,5
2654,63,38,50,18,0.6599709375930062,20
2655,64,15,108,8,0.6582287703496978,7
2656,13,14,48,7,0.6567913870437307,7
2657,46,22,17,11,0.6465980628161522,11
2658,41,27,1,12,0.6450987397179471,15
2659,98,16,50,8,0.6426219058041094,8
2660,53,22,63,11,0.6396118229300763,11
2661,25,25,41,14,0.6394054706376684,11
2662,111,17,36,8,0.6365354853619557,9
2663,4,28,64,13,0.6316212138641686,15
2664,11,11,97,6,0.6269874474505769,5
2665,88,21,81,10,0.6261281112170193,11
2666,51,65,68,34,0.625925013228295,31
2667,50,63,54,31,0.6257662884110836,32
2668,36,33,71,17,0.6241330409639582,16
2669,51,58,55,29,0.6228899757373463,29
2670,109,13,40,7,0.6223424064374103,6
2671,76,30,96,14,0.6223340675935091,16
2672,31,22,58,11,0.6168553703735019,11
2673,43,20,114,11,0.6074470201565788,9
2674,91,16,70,7,0.6063303701253773,9
2675,63,15,34,7,0.6010869874219945,8
2676,71,32,106,15,0.6009609652453856,17
2677,61,10,86,5,0.5990640749995453,5
2678,30,24,40,12,0.5893402617113984,12
2679,76,13,36,4,0.5885035889042722,9
2680,11,30,39,15,0.5835846349669753,15
2681,17,43,51,22,0.578587223538638,21
2682,106,46,76,25,0.577289694916291,21
2683,46,22,9,12,0.57092599444048,10
2684,23,12,53,6,0.5700661218932129,6
2685,75,51,65,26,0.5689430318120555,25
2686,40,10,94,5,0.5678516928680516,5
2687,11,11,27,6,0.5615364354397145,5
2688,97,31,2,15,0.5614740846174435,16
2689,83,10,2,5,0.5594397265150824,5
2690,3,10,4,5,0.5556184418282119,5
2691,5,49,54,23,0.5526115688513309,26
2692,86,26,85,13,0.5520922026279291,13
2693,92,17,7,7,0.5480230211986101,10
2694,104,55,13,27,0.5474902747445213,28
2695,98,27,16,13,0.5462850233229243,14
2696,64,29,54,15,0.5456745481805155,14
2697,87,14,6,7,0.5451369775684941,7
2698,86,32,80,16,0.5398930710578201,16
2699,106,10,1,5,0.539652861011431,5
2700,63,43,7,18,0.5381341307781913,25
2701,28,19,33,8,0.5377400393884932,11
2702,8,75,88,37,0.5304582267575177,38
2703,73,19,28,10,0.5214155246375574,9
2704,43,17,25,10,0.5197036131496171,7
2705,8,45,65,22,0.517695585596627,23
2706,106,68,28,33,0.5161436710076662,35
2707,41,11,90,6,0.513841479320257,5
2708,114,11,38,6,0.5127819422302534,5
2709,4,18,9,9,0.5118055197130339,9
2710,49,12,97,5,0.510198270023406,7
2711,51,22,71,11,0.5066228412969123,11
2712,23,10,9,5,0.5053397207394539,5
2713,18,29,41,15,0.5040827449695365,14
2714,90,13,91,6,0.5003235284827323,7
2715,88,35,31,18,0.4999807976090588,17
2716,5,59,87,29,0.4991669720547012,30
2717,5,39,63,22,0.49187190353271276,17
2718,13,68,60,31,0.48669975705893975,37
2719,57,14,104,5,0.4845128262229356,9
2720,37,17,62,10,0.47941613349669066,7
2721,95,28,74,13,0.47842550860281996,15
2722,75,31,41,14,0.47837138213253816,17
2723,25,51,39,26,0.4759465051184244,25
2724,37,13,69,6,0.4741041536564538,7
2725,113,11,86,6,0.46954311123939263,5
2726,65,54,31,26,0.46913887469692744,28
2727,87,16,111,8,0.45897322341286445,8
2728,107,81,8,37,0.451577946955366,44
2729,62,13,55,7,0.4490302976953222,6
2730,80,11,9,7,0.4439834453330457,4
2731,86,83,65,43,0.4411076558908754,40
2732,90,15,11,7,0.4409004522210816,8
2733,40,43,31,22,0.429627197462679,21
2734,87,52,51,26,0.42652664908738336,26
2735,33,11,99,6,0.42486651226142574,5
2736,87,46,96,22,0.4185307257645089,24
2737,5,14,38,7,0.4168378546295618,7
2738,31,33,86,17,0.4107692180392416,16
2739,50,18,79,9,0.4091046493522828,9
2740,98,14,114,7,0.4067842985377363,7
2741,27,17,106,10,0.4013630945998079,7
2742,20,13,85,6,0.39373981733351443,7
2743,88,13,78,6,0.3934639813104847,7
2744,55,16,41,8,0.3929137359889599,8
2745,23,18,54,9,0.39214168570707464,9
2746,8,13,44,6,0.3904420875790005,7
2747,69,30,36,15,0.38598798110099336,15
2748,65,10,85,5,0.3851248758076393,5
2749,8,35,50,16,0.38293825667797665,19
2750,114,28,71,14,0.3795577437704574,14
2751,70,22,97,12,0.3783758219642565,10
2752,14,18,84,8,0.37783903496494214,10
2753,40,16,108,7,0.373845897515691,9
2754,88,35,71,19,0.3711092012403024,16
2755,40,21,75,10,0.36863713867004627,11
2756,95,26,28,12,0.36814720179538635,14
2757,63,17,47,7,0.3681401863793021,10
2758,25,30,63,16,0.3669879376751877,14
2759,92,18,13,7,0.36521745881563183,11
2760,46,18,41,8,0.36430211798636986,10
2761,79,12,54,5,0.3524093679970092,7
2762,49,21,51,10,0.3351069066929168,11
2763,39,41,54,21,0.33442242846591713,20
2764,83,20,106,11,0.33164456490941063,9
2765,9,19,84,9,0.33153170217178507,10
2766,76,28,70,13,0.3288931307094032,15
2767,49,14,114,6,0.32751436291229447,8
2768,41,34,63,17,0.326061354616667,17
2769,86,103,107,52,0.32501392264203255,51
2770,114,68,107,33,0.32070298196932506,35
2771,83,25,28,14,0.3193130867023741,11
2772,51,13,92,7,0.31029394338620886,6
2773,57,19,46,9,0.3079095171810309,10
2774,88,36,20,19,0.3041395250896581,17
2775,53,28,86,16,0.3007788516561258,12
2776,114,60,88,30,0.29749332449413723,30
2777,88,15,48,6,0.2955612335778544,9
2778,13,42,27,22,0.2905119523861549,20
2779,57,11,53,6,0.2873041046379347,5
2780,48,17,39,9,0.281951836002177,8
2781,67,12,25,6,0.2816428039469064,6
2782,96,12,67,7,0.27996501259109813,5
2783,53,18,5,8,0.2778213329671456,10
2784,69,11,19,6,0.2714192647995953,5
2785,36,11,38,4,0.26679215079866997,7
2786,37,22,76,12,0.2606095394442829,10
2787,16,22,72,11,0.25160173884610776,11
2788,39,41,41,22,0.24923068070915827,19
2789,40,25,47,14,0.24655985846699452,11
2790,107,21,112,10,0.24297047982070114,11
2791,83,20,88,11,0.24121558114701722,9
2792,30,20,106,10,0.23895557447172086,10
2793,64,19,45,9,0.2352744559029064,10
2794,57,14,20,7,0.22969067246688318,7
2795,65,10,101,5,0.22906131925901718,5
2796,65,23,15,12,0.2283662183449726,11
2797,67,12,84,5,0.22644335659627104,7
2798,72,16,7,8,0.22521266099875584,8
2799,11,24,65,11,0.2231872290555846,13
2800,107,40,18,22,0.21456452912257484,18
2801,107,59,74,28,0.21255364694604195,31
2802,53,21,44,9,0.2122113313421154,12
2803,28,11,66,5,0.2056598644516812,6
2804,44,14,107,7,0.20330478165271706,7
2805,88,35,84,19,0.2028722354655662,16
2806,46,16,71,7,0.19894184736909315,9
2807,8,66,54,35,0.1986057005994308,31
2808,9,52,13,27,0.19055874122105107,25
2809,98,11,100,5,0.18985443720382733,6
2810,35,12,70,7,0.18631436457958764,5
2811,44,15,65,6,0.18351226600640885,9
2812,71,33,8,17,0.17759312635004623,16
2813,96,37,55,19,0.17732770674363885,18
2814,88,53,41,27,0.17567237068802208,26
2815,11,47,106,26,0.17225906773687616,21
2816,7,51,4,26,0.16136746029798088,25
2817,62,12,106,6,0.1584669634691407,6
2818,78,19,13,10,0.15609036668630244,9
2819,84,22,80,10,0.15202664995311643,12
2820,37,47,28,23,0.1387371009601698,24
2821,16,31,15,14,0.13715243190554174,17
2822,73,10,25,5,0.1328731236438802,5
2823,51,13,44,8,0.13191763257362837,5
2824,60,76,7,38,0.13134493579901685,38
2825,28,22,98,9,0.12169006680659694,13
2826,68,47,9,23,0.12106464829716804,24
2827,40,28,18,16,0.11377047107058737,12
2828,49,16,8,7,0.1133484840104294,9
2829,98,13,97,7,0.11020600858990875,6
2830,94,13,60,6,0.10902380212835151,7
2831,2,18,84,9,0.10504403066305398,9
2832,68,13,44,7,0.10451112471006771,6
2833,74,39,25,20,0.09563368284676016,19
2834,25,65,16,32,0.09364645449744402,33
2835,30,15,96,8,0.09214636377364425,7
2836,114,29,36,13,0.09213128587786307,16
2837,95,52,86,24,0.08956033992826938,28
2838,107,94,7,42,0.07975391090501975,52
2839,97,36,74,17,0.07931920932357782,19
2840,107,73,54,35,0.07798228457878793,38
2841,55,15,108,8,0.07480659095217349,7
2842,84,20,65,9,0.07280165631996083,11
2843,106,21,40,10,0.06808253080226546,11
2844,108,15,74,7,0.06305457719799344,8
2845,8,70,106,37,0.05212763279076112,33
2846,8,16,27,7,0.051328614148521634,9
2847,34,19,50,10,0.05002588679712766,9
2848,73,16,106,8,0.04700386219362951,8
2849,112,19,63,9,0.04656981650604271,10
2850,65,11,81,6,0.04550793535821782,5
2851,31,11,97,5,0.04256244744109723,6
2852,41,23,27,11,0.03715076021582355,12
2853,45,17,71,7,0.03389797077786283,10
2854,106,42,50,20,0.025298087208634697,22
2855,107,58,39,28,0.022002026984637022,30
2856,89,15,28,8,0.018607611913672883,7
2857,35,24,86,11,0.011498856499630127,13
2858,11,41,46,21,0.010078384039398624,20
2859,109,17,83,7,0.00972932964701334,10
2860,90,33,16,15,0.006116246156991541,18
2861,3,17,28,9,0.004336797009449314,8
2862,109,20,102,10,0.0026602667859183526,10
2863,102,20,109,10,-0.0026602667859165763,10
2864,28,17,3,8,-0.004336797009449105,9
2865,16,33,90,18,-0.0061162461569911645,15
2866,83,17,109,10,-0.009729329647013785,7
2867,46,41,11,20,-0.010078384039398624,21
2868,86,24,35,13,-0.011498856499629817,11
2869,28,15,89,7,-0.018607611913672648,8
2870,39,58,107,30,-0.022002026984636165,28
2871,50,42,106,22,-0.02529808720863334,20
2872,71,17,45,10,-0.03389797077786216,7
2873,27,23,41,12,-0.037150760215824086,11
2874,97,11,31,6,-0.042562447441096586,5
2875,81,11,65,5,-0.04550793535821569,6
2876,63,19,112,10,-0.04656981650604271,9
2877,106,16,73,8,-0.0470038621936304,8
2878,50,19,34,9,-0.05002588679712785,10
2879,27,16,8,9,-0.051328614148522966,7
2880,106,70,8,33,-0.05212763279076128,37
2881,74,15,108,8,-0.06305457719799369,7
2882,40,21,106,11,-0.0680825308022658,10
2883,65,20,84,11,-0.07280165631996083,9
2884,108,15,55,7,-0.07480659095217229,8
2885,11,52,16,23,-0.07554651902881368,29
2886,54,73,107,38,-0.07798228457878872,35
2887,74,36,97,19,-0.07931920932357782,17
2888,7,94,107,52,-0.0797539109050192,42
2889,86,52,95,28,-0.08956033992827091,24
2890,36,29,114,16,-0.09213128587786189,13
2891,96,15,30,7,-0.09214636377364507,8
2892,16,65,25,33,-0.09364645449744435,32
2893,25,39,74,19,-0.0956336828467596,20
2894,44,13,68,6,-0.10451112471006657,7
2895,84,18,2,9,-0.10504403066305477,9
2896,60,13,94,7,-0.10902380212834957,6
2897,97,13,98,6,-0.11020600858990862,7
2898,8,16,49,9,-0.11334848401042974,7
2899,18,28,40,12,-0.11377047107058744,16
2900,9,47,68,24,-0.12106464829716938,23
2901,98,22,28,13,-0.1216900668065983,9
2902,7,76,60,38,-0.13134493579901632,38
2903,44,13,51,5,-0.1319176325736292,8
2904,25,10,73,5,-0.1328731236438802,5
2905,15,31,16,17,-0.13715243190554152,14
2906,28,47,37,24,-0.13873710096017047,23
2907,80,22,84,12,-0.15202664995311627,10
2908,13,19,78,9,-0.15609036668630338,10
2909,106,12,62,6,-0.15846696346914188,6
2910,4,51,7,25,-0.16136746029798163,26
2911,106,47,11,21,-0.17225906773687602,26
2912,41,53,88,26,-0.17567237068802258,27
2913,55,37,96,18,-0.17732770674364082,19
2914,8,33,71,16,-0.17759312635004632,17
2915,65,15,44,9,-0.1835122660064091,6
2916,70,12,35,5,-0.18631436457958692,7
2917,100,11,98,6,-0.18985443720382733,5
2918,13,52,9,25,-0.1905587412210518,27
2919,54,66,8,31,-0.19860570059943058,35
2920,71,16,46,9,-0.19894184736909182,7
2921,84,35,88,16,-0.20287223546556712,19
2922,107,14,44,7,-0.20330478165271787,7
2923,66,11,28,6,-0.20565986445168055,5
2924,44,21,53,12,-0.2122113313421161,9
2925,18,40,107,18,-0.21456452912257684,22
2926,65,24,11,13,-0.22318722905558436,11
2927,7,16,72,8,-0.22521266099875537,8
2928,84,12,67,7,-0.22644335659627166,5
2929,15,23,65,11,-0.22836621834497134,12
2930,101,10,65,5,-0.2290613192590168,5
2931,20,14,57,7,-0.2296906724668833,7
2932,45,19,64,10,-0.23527445590290527,9
2933,106,20,30,10,-0.2389555744717199,10
2934,88,20,83,9,-0.24121558114701463,11
2935,112,21,107,11,-0.24297047982070197,10
2936,47,25,40,11,-0.24655985846699366,14
2937,41,41,39,19,-0.24923068070915905,22
2938,72,22,16,11,-0.25160173884610787,11
2939,76,22,37,10,-0.26060953944428406,12
2940,38,11,36,7,-0.26679215079866964,4
2941,19,11,69,5,-0.2714192647995956,6
2942,5,18,53,10,-0.277821332967146,8
2943,67,12,96,5,-0.279965012591097,7
2944,25,12,67,6,-0.2816428039469064,6
2945,39,17,48,8,-0.28195183600217677,9
2946,53,11,57,5,-0.2873041046379331,6
2947,27,42,13,20,-0.29051195238615496,22
2948,48,15,88,9,-0.29556123357785347,6
2949,88,60,114,30,-0.2974933244941375,30
2950,86,28,53,12,-0.300778851656125,16
2951,46,19,57,10,-0.3079095171810289,9
2952,92,13,51,6,-0.31029394338620975,7
2953,28,25,83,11,-0.3193130867023753,14
2954,107,68,114,35,-0.3207029819693246,33
2955,107,103,86,51,-0.325013922642032,52
2956,63,34,41,17,-0.3260613546166661,17
2957,114,14,49,8,-0.32751436291229385,6
2958,70,28,76,15,-0.32889313070940346,13
2959,84,19,9,10,-0.33153170217178424,9
2960,106,20,83,9,-0.3316445649094112,11
2961,54,41,39,20,-0.3344224284659163,21
2962,51,21,49,11,-0.3351069066929168,10
2963,54,12,79,7,-0.352409367997008,5
2964,41,18,46,10,-0.36430211798637085,8
2965,13,18,92,11,-0.3652174588156323,7
2966,63,30,25,14,-0.3669879376751877,16
2967,47,17,63,10,-0.368140186379302,7
2968,28,26,95,14,-0.36814720179538646,12
2969,75,21,40,11,-0.3686371386700461,10
2970,71,35,88,16,-0.37110920124030156,19
2971,108,16,40,9,-0.3738458975156912,7
2972,84,18,14,10,-0.37783903496494253,8
2973,97,22,70,10,-0.3783758219642562,12
2974,71,28,114,14,-0.3795577437704577,14
2975,50,35,8,19,-0.3829382566779763,16
2976,85,10,65,5,-0.3851248758076405,5
2977,36,30,69,15,-0.3859879811009911,15
2978,44,13,8,7,-0.3904420875789997,6
2979,54,18,23,9,-0.39214168570707364,9
2980,41,16,55,8,-0.39291373598895946,8
2981,78,13,88,7,-0.3934639813104835,6
2982,85,13,20,7,-0.3937398173335161,6
2983,106,17,27,7,-0.40136309459980746,10
2984,114,14,98,7,-0.40678429853773473,7
2985,79,18,50,9,-0.4091046493522828,9
2986,86,33,31,16,-0.4107692180392426,17
2987,38,14,5,7,-0.4168378546295618,7
2988,96,46,87,24,-0.4185307257645087,22
2989,99,11,33,5,-0.4248665122614248,6
2990,51,52,87,26,-0.4265266490873827,26
2991,31,43,40,21,-0.4296271974626791,22
2992,11,15,90,8,-0.4409004522210813,7
2993,65,83,86,40,-0.44110765589087725,43
2994,9,11,80,4,-0.4439834453330448,7
2995,55,13,62,6,-0.4490302976953225,7
2996,8,81,107,44,-0.4515779469553662,37
2997,111,16,87,8,-0.45897322341286373,8
2998,31,54,65,28,-0.4691388746969265,26
2999,86,11,113,5,-0.46954311123939296,6
3000,69,13,37,7,-0.47410415365645314,6
3001,39,51,25,25,-0.4759465051184236,26
3002,41,31,75,17,-0.47837138213253816,14
3003,74,28,95,15,-0.4784255086028221,13
3004,62,17,37,7,-0.47941613349669043,10
3005,104,14,57,9,-0.4845128262229359,5
3006,60,68,13,37,-0.48669975705893814,31
3007,20,13,93,7,-0.4910409331485479,6
3008,63,39,5,17,-0.4918719035327135,22
3009,87,59,5,30,-0.49916697205470045,29
3010,31,35,88,17,-0.499980797609059,18
3011,91,13,90,7,-0.5003235284827329,6
3012,41,29,18,14,-0.5040827449695369,15
3013,9,10,23,5,-0.5053397207394532,5
3014,71,22,51,11,-0.5066228412969127,11
3015,97,12,49,7,-0.510198270023406,5
3016,9,18,4,9,-0.5118055197130339,9
3017,38,11,114,5,-0.5127819422302561,6
3018,90,11,41,5,-0.513841479320257,6
3019,28,68,106,35,-0.5161436710076651,33
3020,65,45,8,23,-0.5176955855966269,22
3021,25,17,43,7,-0.5197036131496168,10
3022,28,19,73,9,-0.5214155246375576,10
3023,88,75,8,38,-0.5304582267575169,37
3024,33,19,28,11,-0.5377400393884936,8
3025,7,43,63,25,-0.5381341307781913,18
3026,1,10,106,5,-0.5396528610114302,5
3027,80,32,86,16,-0.5398930710578194,16
3028,6,14,87,7,-0.5451369775684937,7
3029,54,29,64,14,-0.5456745481805153,15
3030,16,27,98,14,-0.5462850233229247,13
3031,13,55,104,28,-0.5474902747445204,27
3032,7,17,92,10,-0.5480230211986107,7
3033,85,26,86,13,-0.5520922026279292,13
3034,54,49,5,26,-0.5526115688513301,23
3035,4,10,3,5,-0.5556184418282125,5
3036,2,10,83,5,-0.559439726515081,5
3037,2,31,97,16,-0.5614740846174444,15
3038,27,11,11,5,-0.5615364354397134,6
3039,107,36,90,19,-0.5646498466658356,17
3040,94,10,40,5,-0.5678516928680514,5
3041,65,51,75,25,-0.5689430318120551,26
3042,53,12,23,6,-0.5700661218932138,6
3043,9,22,46,10,-0.57092599444048,12
3044,51,43,17,21,-0.5785872235386386,22
3045,39,30,11,15,-0.5835846349669755,15
3046,36,13,76,9,-0.5885035889042698,4
3047,40,24,30,12,-0.5893402617113975,12
3048,86,10,61,5,-0.5990640749995453,5
3049,106,32,71,17,-0.6009609652453869,15
3050,34,15,63,8,-0.6010869874219955,7
3051,70,16,91,9,-0.6063303701253777,7
3052,114,20,43,9,-0.6074470201565787,11
3053,58,22,31,11,-0.6168553703735028,11
3054,96,30,76,16,-0.6223340675935105,14
3055,40,13,109,6,-0.6223424064374109,7
3056,55,58,51,29,-0.622889975737348,29
3057,71,33,36,16,-0.6241330409639598,17
3058,54,63,50,32,-0.6257662884110818,31
3059,68,65,51,31,-0.6259250132282955,34
3060,81,21,88,11,-0.62612811121702,10
3061,97,11,11,5,-0.626987447450576,6
3062,64,28,4,15,-0.6316212138641698,13
3063,36,17,111,9,-0.6365354853619557,8
3064,41,25,25,11,-0.6394054706376676,14
3065,63,22,53,11,-0.6396118229300776,11
3066,50,16,98,8,-0.6426219058041119,8
3067,1,27,41,15,-0.6450987397179483,12
3068,17,22,46,11,-0.6465980628161528,11
3069,48,14,13,7,-0.6567913870437321,7
3070,108,15,64,7,-0.6582287703496964,8
3071,50,38,63,20,-0.6599709375930077,18
3072,62,10,1,5,-0.6629322217278115,5
3073,114,40,37,22,-0.6680388190804033,18
3074,114,24,50,13,-0.6812811811945291,11
3075,25,19,18,9,-0.6816652439852758,10
3076,84,13,43,7,-0.6853274773451387,6
3077,38,17,29,9,-0.6873786981327392,8
3078,99,11,27,5,-0.6941577039356038,6
3079,104,23,18,10,-0.7012089452274208,13
3080,8,25,76,12,-0.7077738529790857,13
3081,96,17,13,9,-0.7114671477918357,8
3082,65,85,54,44,-0.7126472318729195,41
3083,60,51,68,25,-0.7146206283070936,26
3084,63,45,87,22,-0.715335372460967,23
3085,28,13,82,6,-0.7153587234866207,7
3086,40,18,61,9,-0.7154895706830816,9
3087,3,39,86,21,-0.7256558940842948,18
3088,9,25,58,12,-0.727007160370813,13
3089,5,41,95,20,-0.7316066534315533,21
3090,86,77,40,41,-0.7352757671814375,36
3091,15,24,25,11,-0.7394428200536295,13
3092,74,13,36,8,-0.743717573303844,5
3093,71,20,3,10,-0.7446115406314829,10
3094,87,21,47,11,-0.7462429355983705,10
3095,28,79,107,42,-0.7544537727453159,37
3096,109,19,50,10,-0.762158861805403,9
3097,54,12,110,6,-0.7626333033805247,6
3098,64,27,75,14,-0.7678085379778318,13
3099,104,15,33,7,-0.7704375614853106,8
3100,93,20,97,10,-0.7717644600090567,10
3101,65,28,43,13,-0.7736410586664141,15
3102,99,22,87,12,-0.7762165713325071,10
3103,114,45,104,24,-0.7777920700848373,21
3104,34,17,9,9,-0.77910514985876,8
3105,16,63,54,31,-0.7852092424321576,32
3106,65,19,18,9,-0.7868157298210114,10
3107,13,53,53,25,-0.787488592703762,28
3108,84,15,10,8,-0.7902384797272098,7
3109,57,23,15,12,-0.79302874453833,11
3110,88,22,2,11,-0.7956469041111237,11
3111,40,14,56,7,-0.8062835825274064,7
3112,50,31,84,15,-0.8064114901977935,16
3113,107,58,96,31,-0.8081270899904945,27
3114,20,27,74,13,-0.8203305748765273,14
3115,18,57,7,28,-0.8231688841647117,29
3116,46,16,2,8,-0.8285194662826783,8
3117,93,19,107,9,-0.8317061972633653,10
3118,30,23,28,11,-0.840323990421683,12
3119,74,40,54,20,-0.8415267564978521,20
3120,68,39,27,21,-0.8444718126987766,18
3121,86,56,50,27,-0.8444740252545996,29
3122,50,11,62,6,-0.8451062062670082,5
3123,43,20,94,11,-0.8454581746365185,9
3124,63,28,71,15,-0.8479499084443569,13
3125,84,16,91,8,-0.855823053447327,8
3126,16,17,34,9,-0.8560019455164201,8
3127,114,10,10,6,-0.8617397018011254,4
3128,71,21,55,12,-0.8636848327030733,9
3129,30,11,19,6,-0.8639657549674944,5
3130,39,72,7,36,-0.8666556089412238,36
3131,114,12,94,7,-0.8733223650892254,5
3132,49,27,7,12,-0.8744069756975955,15
3133,68,47,111,23,-0.87462883933747,24
3134,51,26,12,14,-0.8760267118024314,12
3135,57,21,37,11,-0.877816000827672,10
3136,4,21,77,11,-0.8810684428976734,10
3137,83,17,60,9,-0.8851626447494985,8
3138,48,24,8,13,-0.8990865709573216,11
3139,74,17,68,10,-0.9001065237726515,7
3140,63,65,107,30,-0.9004862155219557,35
3141,79,17,84,8,-0.9012801816556617,9
3142,68,41,64,23,-0.9029247023462396,18
3143,3,13,23,7,-0.9036934098771321,6
3144,75,35,36,16,-0.9076169876586756,19
3145,50,17,43,10,-0.911659904777202,7
3146,33,20,13,10,-0.9181205054603415,10
3147,114,27,75,14,-0.9181862737012573,13
3148,65,18,102,8,-0.9231577333764884,10
3149,86,17,33,8,-0.9246066959077452,9
3150,83,11,102,6,-0.9259324073609722,5
3151,39,33,47,17,-0.9409236558902793,16
3152,114,13,112,6,-0.9421647262329372,7
3153,8,20,7,11,-0.9446580951337818,9
3154,27,41,107,21,-0.952515535377432,20
3155,5,14,14,8,-0.9561035605846475,6
3156,103,11,106,5,-0.9583580547252434,6
3157,106,38,104,19,-0.9604760273979325,19
3158,51,26,30,14,-0.9638359516152128,12
3159,51,50,37,23,-0.9710667257210696,27
3160,87,16,14,9,-0.9719183858987275,7
3161,17,26,114,15,-0.9721557918960135,11
3162,88,11,79,6,-0.973600472994728,5
3163,5,65,107,33,-0.9748363761521153,32
3164,31,33,51,19,-0.9782499075201476,14
3165,17,29,50,16,-0.9785385252670543,13
3166,28,38,39,19,-0.9827440527550564,19
3167,100,14,64,8,-0.9873146869937529,6
3168,111,17,23,7,-0.9902411232186308,10
3169,79,14,107,6,-0.9916516151596952,8
3170,17,37,37,21,-0.9978108601802036,16
3171,39,40,8,20,-0.9993368710228037,20
3172,112,19,9,10,-1.001111678804167,9
3173,7,39,114,21,-1.0047894280060643,18
3174,93,11,114,5,-1.0049906589581687,6
3175,39,28,3,15,-1.0052798762555943,13
3176,75,43,13,23,-1.0053644322647692,20
3177,86,55,114,28,-1.0093977966930037,27
3178,12,37,65,18,-1.0126389783896657,19
3179,13,65,86,32,-1.0195016735596916,33
3180,33,10,70,5,-1.0222975969230645,5
3181,44,20,63,11,-1.0233184771026504,9
3182,16,24,102,12,-1.0260354064972297,12
3183,87,41,11,19,-1.0271101816892427,22
3184,86,56,109,29,-1.027821994596708,27
3185,7,22,35,11,-1.02999883395421,11
3186,3,14,45,7,-1.0349134798027073,7
3187,20,29,114,15,-1.0369418237684724,14
3188,88,21,90,10,-1.0373159148886413,11
3189,69,19,114,11,-1.0427404151557151,8
3190,102,28,54,14,-1.047082814800161,14
3191,40,37,16,20,-1.0479395774839417,17
3192,87,35,18,19,-1.059533339757231,16
3193,109,30,104,15,-1.063865849600061,15
3194,20,43,8,22,-1.0648602565838075,21
3195,8,55,70,28,-1.0665028298167962,27
3196,107,47,41,26,-1.0674629923260874,21
3197,66,12,106,7,-1.0707591278531368,5
3198,37,20,67,11,-1.0707700527635244,9
3199,97,19,64,10,-1.0748997556854094,9
3200,51,31,3,13,-1.07766431810536,18
3201,39,46,65,26,-1.0892678939812854,20
3202,74,13,40,7,-1.0901529369074696,6
3203,11,16,14,9,-1.0923565448715815,7
3204,33,16,54,9,-1.1000953180608284,7
3205,16,35,112,17,-1.1000981484248227,18
3206,106,39,70,19,-1.1024614638047292,20
3207,2,18,96,9,-1.1039761816908782,9
3208,45,19,40,10,-1.1043531225931214,9
3209,55,13,73,7,-1.1082443575059588,6
3210,40,47,63,25,-1.1085655861732648,22
3211,65,85,7,41,-1.1151148094385757,44
3212,9,10,19,5,-1.121436179737714,5
3213,48,16,109,8,-1.124410806769173,8
3214,88,18,61,8,-1.1254133453483963,10
3215,114,13,33,6,-1.1286658148323805,7
3216,106,26,36,13,-1.1307287364062808,13
3217,16,47,23,25,-1.1335884234619735,22
3218,38,11,80,5,-1.1354310640359402,6
3219,71,73,60,38,-1.1360670304013198,35
3220,28,46,13,24,-1.1383330164762764,22
3221,98,11,39,6,-1.1404948944014273,5
3222,41,77,7,39,-1.1507255004660388,38
3223,27,16,47,9,-1.1658557312566071,7
3224,74,14,12,7,-1.1676100167547812,7
3225,49,42,88,22,-1.178560438139783,20
3226,43,17,69,9,-1.1823687630105748,8
3227,109,25,25,13,-1.1927554377225942,12
3228,74,51,16,27,-1.1989524884769094,24
3229,97,33,25,17,-1.2112097532933461,16
3230,46,12,38,7,-1.2117798317776216,5
3231,74,11,98,6,-1.2137114800422124,5
3232,16,52,11,30,-1.2153029592090678,22
3233,55,50,87,26,-1.2223891795427406,24
3234,9,26,71,14,-1.2262156519313807,12
3235,60,16,38,9,-1.2292640845256295,7
3236,95,16,63,8,-1.233969730193377,8
3237,31,25,71,13,-1.2380158081615502,12
3238,4,30,107,15,-1.2387516471106224,15
3239,86,25,15,13,-1.2421859247751836,12
3240,43,12,104,7,-1.2430962980218272,5
3241,71,10,1,6,-1.2456643982922142,4
3242,89,10,65,5,-1.2467666872041385,5
3243,16,30,109,15,-1.2499451161124762,15
3244,58,12,51,6,-1.250645738107039,6
3245,33,22,16,13,-1.2507199492720238,9
3246,51,62,40,32,-1.256912421616875,30
3247,99,26,55,14,-1.260544955494955,12
3248,14,15,107,7,-1.262180496300674,8
3249,37,34,88,18,-1.2630751326836194,16
3250,55,42,75,24,-1.263536649450621,18
3251,65,27,50,14,-1.2644687002361992,13
3252,55,82,8,40,-1.2721684605222614,42
3253,51,30,50,15,-1.277023353905357,15
3254,109,20,97,10,-1.2834069052578214,10
3255,88,17,12,9,-1.2849459638777523,8
3256,13,31,15,17,-1.2870483465437976,14
3257,74,22,2,12,-1.2925512141562505,10
3258,60,43,65,25,-1.2925574145160876,18
3259,13,44,5,23,-1.3023509853743016,21
3260,60,55,107,29,-1.3026835274312423,26
3261,102,11,70,4,-1.3043211125718082,7
3262,108,12,37,6,-1.3047215727540855,6
3263,51,12,32,6,-1.314434714983353,6
3264,8,16,10,9,-1.3145513780375313,7
3265,39,59,13,30,-1.3162299229579755,29
3266,88,60,46,30,-1.3171891594634109,30
3267,80,18,74,9,-1.3199661328668575,9
3268,80,30,16,16,-1.3220466579095416,14
3269,109,25,60,13,-1.3235251021634893,12
3270,65,13,61,6,-1.3279652478825155,7
3271,37,66,8,34,-1.3357403383797612,32
3272,51,44,8,23,-1.3380278840989295,21
3273,60,53,77,28,-1.3387501143482283,25
3274,7,48,71,23,-1.3388864417450879,25
3275,90,17,84,9,-1.3434141546201466,8
3276,88,37,97,19,-1.3490743629309028,18
3277,60,44,53,24,-1.3503746570549038,20
3278,65,91,63,47,-1.3534100725026463,44
3279,70,39,107,19,-1.3599998705907195,20
3280,104,31,68,15,-1.3616459533032323,16
3281,30,26,25,12,-1.3633847180345777,14
3282,23,13,27,6,-1.3665703255989474,7
3283,60,32,43,17,-1.3669655093775135,15
3284,39,54,87,29,-1.367101250206611,25
3285,76,11,90,5,-1.371109786983603,6
3286,48,10,75,5,-1.3711471542080287,5
3287,109,29,87,16,-1.3766608968038976,13
3288,41,30,106,15,-1.3806292559177735,15
3289,7,31,95,17,-1.3809406634768695,14
3290,11,41,50,22,-1.3816262941644981,19
3291,29,11,36,5,-1.3837445576600587,6
3292,114,15,15,8,-1.3858486532762986,7
3293,74,15,17,8,-1.3910983775391348,7
3294,37,13,43,6,-1.39155356085389,7
3295,16,25,44,12,-1.3924747988210244,13
3296,106,25,100,12,-1.3941621457208517,13
3297,83,15,7,9,-1.3943529604549403,6
3298,9,13,91,7,-1.3946381880594534,6
3299,95,19,20,10,-1.3957034121223266,9
3300,56,10,16,6,-1.398489957964547,4
3301,44,12,75,7,-1.3998373775330364,5
3302,95,17,70,8,-1.4011695857654913,9
3303,11,15,102,9,-1.4114820984859553,6
3304,40,16,12,8,-1.412082266616442,8
3305,86,47,68,23,-1.415388675025289,24
3306,60,22,15,12,-1.4197687048169967,10
3307,45,35,36,16,-1.4232731245081227,19
3308,87,20,43,10,-1.427338225046271,10
3309,41,70,65,39,-1.4285809086277088,31
3310,25,28,50,14,-1.4391705454909016,14
3311,97,21,20,10,-1.4395279608818727,11
3312,70,20,39,11,-1.442415337141408,9
3313,30,14,38,6,-1.4430439721156856,8
3314,63,55,106,28,-1.4485566818099482,27
3315,112,24,65,13,-1.451711469801608,11
3316,55,30,53,16,-1.4538038424746405,14
3317,89,16,50,9,-1.4560158637801313,7
3318,38,16,8,8,-1.4562520429495762,8
3319,83,23,25,13,-1.459720188055496,10
3320,55,64,86,34,-1.4599929257917068,30
3321,47,21,31,11,-1.4606130980712662,10
3322,65,19,47,10,-1.4631124334160444,9
3323,23,16,112,9,-1.4656028868993891,7
3324,40,13,57,7,-1.4659794198664808,6
3325,7,26,15,12,-1.4671619013667965,14
3326,2,32,86,16,-1.4682447143488924,16
3327,32,17,11,8,-1.4729852723414758,9
3328,63,15,73,7,-1.4760785674332912,8
3329,13,15,61,7,-1.4797550252097438,8
3330,54,51,87,28,-1.4805638305796713,23
3331,13,59,4,32,-1.4911690163054772,27
3332,87,21,29,12,-1.496087722033852,9
3333,108,17,50,8,-1.5013768012598367,9
3334,5,63,28,32,-1.5122016375527894,31
3335,55,12,46,7,-1.514859018089955,5
3336,8,12,43,6,-1.5194230889621378,6
3337,37,14,35,7,-1.523131742310598,7
3338,88,34,1,17,-1.5234508852206479,17
3339,54,29,84,16,-1.5283049599079825,13
3340,53,13,29,8,-1.5317670028644754,5
3341,46,32,107,16,-1.5343792707290005,16
3342,45,23,13,12,-1.5362814776486233,11
3343,46,25,97,13,-1.53794225986029,12
3344,60,52,51,30,-1.5379585605411297,22
3345,68,25,30,12,-1.5403579506676015,13
3346,28,85,16,45,-1.5473042950797173,40
3347,74,26,11,14,-1.5483769164487973,12
3348,111,27,16,15,-1.5488999004290869,12
3349,14,15,106,7,-1.552388543907857,8
3350,83,23,104,13,-1.5563880557352991,10
3351,30,50,86,25,-1.5573237823378576,25
3352,100,12,97,6,-1.5601199386945845,6
3353,111,14,9,7,-1.5621342613374538,7
3354,43,12,58,6,-1.565331234676389,6
3355,86,100,106,52,-1.5692663469089445,48
3356,88,58,40,31,-1.5715316879527899,27
3357,46,25,60,13,-1.5735893742532685,12
3358,90,22,55,10,-1.578656952498874,12
3359,16,60,60,31,-1.5827171720558997,29
3360,25,15,2,7,-1.5845186001024019,8
3361,40,73,7,40,-1.588804971289502,33
3362,16,37,57,19,-1.5906478452417327,18
3363,90,10,64,5,-1.5921132093044663,5
3364,30,18,99,10,-1.5949338139614573,8
3365,43,13,70,7,-1.6071210379776915,6
3366,74,59,107,32,-1.6086403256327972,27
3367,69,20,87,11,-1.6090402907699282,9
3368,86,35,91,18,-1.6127783916757956,17
3369,114,41,16,23,-1.6232837485706122,18
3370,96,19,39,11,-1.6315253594413601,8
3371,57,10,95,4,-1.6443605111684718,6
3372,39,10,69,5,-1.6443957977700934,5
3373,68,23,36,12,-1.6511686348202665,11
3374,48,19,106,10,-1.6634533717988316,9
3375,109,13,43,7,-1.6656590774438986,6
3376,31,28,45,15,-1.6710870406691087,13
3377,69,18,50,8,-1.6863624004387787,10
3378,107,66,84,35,-1.6864806299862012,31
3379,13,62,41,32,-1.6944548774743566,30
3380,23,25,51,13,-1.6961813528047356,12
3381,23,15,36,6,-1.6972875274185715,9
3382,102,16,20,8,-1.6989391239814924,8
3383,37,10,48,5,-1.703593750319215,5
3384,7,40,54,21,-1.7088310244062668,19
3385,86,42,9,23,-1.7117622661778302,19
3386,107,20,81,10,-1.7130423485236068,10
3387,40,46,9,25,-1.7148595920822798,21
3388,45,19,16,11,-1.7223541453976996,8
3389,90,36,107,18,-1.723381098959678,18
3390,11,49,8,27,-1.7256786381417557,22
3391,45,15,63,8,-1.7260545689947928,7
3392,88,41,64,23,-1.7261436726188826,18
3393,50,11,83,5,-1.7272952536822093,6
3394,107,31,1,16,-1.7274304042355133,15
3395,12,13,50,5,-1.7279667161947843,8
3396,11,14,60,7,-1.729783938603551,7
3397,75,19,70,9,-1.7314858975507368,10
3398,5,51,46,28,-1.7323776092910628,23
3399,106,19,48,10,-1.7335189393534853,9
3400,88,37,36,21,-1.7392851936744331,16
3401,23,26,8,13,-1.7400762718841147,13
3402,6,11,18,6,-1.7414584600944745,5
3403,36,33,60,17,-1.7416473627060742,16
3404,65,10,94,5,-1.7492821680796196,5
3405,51,39,53,20,-1.7493185772901758,19
3406,107,38,97,19,-1.7507246476170446,19
3407,68,31,4,16,-1.7510661926181545,15
3408,88,56,87,27,-1.7513462767543797,29
3409,20,78,86,42,-1.7515015201972068,36
3410,70,26,84,14,-1.7530345342228948,12
3411,110,11,88,5,-1.7642228121429868,6
3412,76,21,109,10,-1.7708841969163658,11
3413,16,62,104,33,-1.7780277088526335,29
3414,84,13,102,7,-1.7793224025292758,6
3415,55,69,13,36,-1.7797083661056008,33
3416,102,24,16,13,-1.7801591114112068,11
3417,90,25,37,13,-1.7816453937181784,12
3418,28,65,8,35,-1.8060421386611965,30
3419,25,22,36,11,-1.8071440138268584,11
3420,111,18,40,9,-1.8104998545748818,9
3421,28,18,79,10,-1.8130893193426156,8
3422,109,11,71,6,-1.819641782820222,5
3423,99,13,102,7,-1.8212893413036864,6
3424,84,16,114,9,-1.8232489038137314,7
3425,114,13,44,7,-1.8263733365516708,6
3426,3,11,106,6,-1.8270221877820196,5
3427,13,29,74,15,-1.8278354237299068,14
3428,49,20,54,10,-1.8291542659227744,10
3429,57,26,86,15,-1.8322546886695215,11
3430,96,38,84,19,-1.835648682700679,19
3431,107,27,98,14,-1.8407678461542192,13
3432,17,30,13,16,-1.848338276876224,14
3433,97,22,53,12,-1.8492466822191078,10
3434,76,22,46,12,-1.8507100299988153,10
3435,86,11,6,6,-1.8539951054916275,5
3436,51,19,98,10,-1.8552094547524458,9
3437,106,61,87,31,-1.8566326197242504,30
3438,60,49,39,25,-1.8593987986836014,24
3439,5,95,37,49,-1.865428870342572,46
3440,104,34,39,18,-1.8667262407201952,16
3441,54,26,17,13,-1.867393134138254,13
3442,39,37,9,18,-1.8697146872485257,19
3443,68,48,107,26,-1.873122748974768,22
3444,69,11,94,6,-1.8749407442851007,5
3445,79,14,8,6,-1.8787453444383126,8
3446,8,41,2,21,-1.8848654476169693,20
3447,64,23,25,12,-1.8857238852847689,11
3448,106,35,20,19,-1.890590591428699,16
3449,84,24,109,13,-1.893335137700527,11
3450,13,17,12,11,-1.8936650760132092,6
3451,65,87,13,47,-1.8987319703858903,40
3452,51,25,108,13,-1.9002486171144384,12
3453,54,17,85,10,-1.9006272791395151,7
3454,88,13,14,7,-1.902096229341472,6
3455,106,32,97,16,-1.9159665785715099,16
3456,76,11,99,5,-1.9173589523208336,6
3457,41,21,70,10,-1.9198471114809519,11
3458,28,25,80,13,-1.9225523112040797,12
3459,18,21,114,11,-1.923577249757447,10
3460,40,19,70,11,-1.9276789997691202,8
3461,97,14,23,7,-1.9330528734436563,7
3462,98,10,32,5,-1.9380052263831622,5
3463,104,13,110,8,-1.9388474450810558,5
3464,31,14,23,8,-1.9392936999416424,6
3465,55,20,25,11,-1.9429576796619947,9
3466,19,11,98,7,-1.9474548221717738,4
3467,64,34,36,17,-1.9485056781764598,17
3468,71,12,78,6,-1.9545808326383198,6
3469,35,11,50,6,-1.9581460146246743,5
3470,17,22,8,11,-1.9650399384720443,11
3471,57,21,28,11,-1.9693047937293835,10
3472,48,28,28,15,-1.9716693499422207,13
3473,76,18,41,8,-1.972404836446448,10
3474,15,15,64,7,-1.974538086287131,8
3475,76,46,106,22,-1.9803869538705086,24
3476,25,38,28,22,-1.983389891159918,16
3477,4,19,53,10,-1.987694792892672,9
3478,86,55,70,30,-1.99170528882216,25
3479,50,38,13,20,-1.9937674166002943,18
3480,112,15,104,8,-1.9939359727925703,7
3481,7,24,69,12,-1.9945381002011557,12
3482,17,14,64,7,-1.997717670710988,7
3483,97,22,83,10,-2.007636873207568,12
3484,13,29,109,16,-2.010974217190567,13
3485,90,36,8,20,-2.01946478207178,16
3486,87,30,75,16,-2.024772500508876,14
3487,13,11,32,6,-2.026181507027533,5
3488,114,14,91,7,-2.031242634143396,7
3489,79,11,55,6,-2.0315889229013417,5
3490,63,12,58,5,-2.0345686518653676,7
3491,88,14,89,7,-2.035463499061412,7
3492,74,19,100,10,-2.0359479445815105,9
3493,39,21,12,11,-2.0360468271825893,10
3494,60,24,90,14,-2.039727571926182,10
3495,51,34,18,17,-2.042743355152735,17
3496,39,31,64,17,-2.0431697239809092,14
3497,88,21,93,12,-2.047097578055207,9
3498,80,31,65,16,-2.05091984654234,15
3499,90,45,86,25,-2.0574221764428238,20
3500,31,25,3,12,-2.062807661672897,13
3501,63,10,82,5,-2.0779758612966877,5
3502,65,55,28,30,-2.0838082258755577,25
3503,65,47,74,24,-2.0847963525870905,23
3504,91,12,17,7,-2.0932516032559643,5
3505,8,22,97,11,-2.094799206270941,11
3506,55,34,83,17,-2.0962093979720193,17
3507,60,24,99,13,-2.100940382067204,11
3508,3,10,77,6,-2.1078393954054353,4
3509,33,12,74,6,-2.113811361821,6
3510,30,13,48,6,-2.114145406665778,7
3511,64,20,1,10,-2.116432620959366,10
3512,70,11,53,6,-2.117480208536356,5
3513,84,26,37,14,-2.1240499046478805,12
3514,43,16,35,8,-2.1256405181906706,8
3515,91,30,28,16,-2.128036121988931,14
3516,51,39,9,20,-2.14335596169476,19
3517,46,27,87,13,-2.150785198948074,14
3518,16,29,48,16,-2.1636694951809585,13
3519,74,14,88,9,-2.16536396125082,5
3520,84,31,16,16,-2.1667249344371378,15
3521,54,75,86,39,-2.1689438842347455,36
3522,39,11,33,6,-2.1701558874520313,5
3523,93,16,84,8,-2.173203038685071,8
3524,70,26,63,14,-2.1813121472430432,12
3525,112,16,13,8,-2.186416558676373,8
3526,74,64,8,36,-2.1866220406514896,28
3527,54,10,31,5,-2.1866689261471493,5
3528,76,15,84,8,-2.2084039467189505,7
3529,13,51,49,26,-2.2090696411697515,25
3530,55,19,57,9,-2.210406003923328,10
3531,96,50,5,28,-2.21142719225076,22
3532,8,11,112,5,-2.214468435350456,6
3533,99,13,98,6,-2.22125816779338,7
3534,114,11,11,5,-2.2223336020983733,6
3535,33,11,88,5,-2.224220943421554,6
3536,84,16,13,9,-2.2257141105456366,7
3537,25,16,90,9,-2.226157693683706,7
3538,74,27,20,15,-2.230377352624161,12
3539,70,25,68,13,-2.2334926025833965,12
3540,3,14,81,8,-2.2358028798300933,6
3541,104,35,87,17,-2.2393020839894078,18
3542,11,18,7,10,-2.23932059026862,8
3543,17,23,49,14,-2.240439478067099,9
3544,27,10,70,5,-2.243263258457554,5
3545,4,38,88,20,-2.24592170041755,18
3546,54,14,41,7,-2.2511014360561394,7
3547,20,13,69,7,-2.2532252345201647,6
3548,25,30,95,16,-2.25397314365567,14
3549,17,17,84,9,-2.257920350197807,8
3550,88,45,106,26,-2.2639858690375605,19
3551,96,66,28,35,-2.2674069446039327,31
3552,31,10,61,5,-2.2696136748473594,5
3553,71,16,80,8,-2.2753923838048147,8
3554,35,20,88,10,-2.2787018333731495,10
3555,114,38,63,23,-2.2836807270192585,15
3556,74,46,37,24,-2.2838690954080456,22
3557,4,13,106,6,-2.287883468044352,7
3558,45,18,114,10,-2.292094813707231,8
3559,5,24,100,13,-2.2932427434044693,11
3560,65,33,97,18,-2.294354223312199,15
3561,109,16,68,10,-2.29851232062389,6
3562,32,21,86,11,-2.2989864902239,10
3563,109,13,23,7,-2.3017906431791286,6
3564,50,12,58,6,-2.303376752943112,6
3565,84,23,46,13,-2.3117111960272374,10
3566,91,32,88,17,-2.315767764685103,15
3567,3,23,9,12,-2.3162904113567793,11
3568,60,26,3,14,-2.3182866914035363,12
3569,102,21,104,10,-2.320627297470276,11
3570,64,23,50,12,-2.3285304422785043,11
3571,5,51,109,26,-2.3285813949081646,25
3572,53,28,25,14,-2.3301510854690832,14
3573,63,22,46,10,-2.3313756374008836,12
3574,4,17,104,10,-2.3357072159096566,7
3575,50,13,6,7,-2.341492332331065,6
3576,31,36,4,21,-2.3535355966794675,15
3577,49,48,39,27,-2.353804446492822,21
3578,109,14,96,8,-2.3566759619593642,6
3579,5,23,99,12,-2.3616219022642833,11
3580,39,46,63,28,-2.3626947638130464,18
3581,76,26,28,13,-2.364350304549829,13
3582,70,19,7,12,-2.364945757295021,7
3583,50,24,40,14,-2.3671440474550494,10
3584,112,19,50,11,-2.3689643473531765,8
3585,96,55,8,30,-2.3714393570924233,25
3586,107,40,71,23,-2.3760609676092477,17
3587,56,13,75,8,-2.3840139649043506,5
3588,104,25,96,14,-2.3866419839158355,11
3589,71,21,4,13,-2.3871750117365993,8
3590,95,40,104,22,-2.389034218387607,18
3591,8,12,111,6,-2.390343846489093,6
3592,87,22,83,11,-2.3903571419434884,11
3593,63,17,17,9,-2.392516388601692,8
3594,28,38,46,22,-2.3990178798165633,16
3595,8,10,56,6,-2.4000860547179794,4
3596,60,20,78,10,-2.402430835134886,10
3597,68,31,3,17,-2.4024413251399017,14
3598,80,26,20,14,-2.4033351571638573,12
3599,69,18,9,10,-2.4050002453980612,8
3600,38,21,68,12,-2.407021082950757,9
3601,51,24,47,12,-2.4094573680997575,12
3602,93,33,8,17,-2.4111455321691304,16
3603,92,11,65,6,-2.411285975254871,5
3604,39,35,71,19,-2.4158892555534424,16
3605,25,46,107,24,-2.4187485647838773,22
3606,13,31,20,16,-2.419232509229948,15
3607,99,11,109,6,-2.419517402501058,5
3608,28,48,87,25,-2.4310937249340157,23
3609,75,20,91,7,-2.4323694332612673,13
3610,64,37,107,19,-2.435414553814307,18
3611,106,39,55,22,-2.4381392466666045,17
3612,86,18,12,10,-2.4382543520920796,8
3613,88,31,96,16,-2.4406464912019885,15
3614,50,10,32,4,-2.4440541907162716,6
3615,28,96,86,53,-2.4596967328586916,43
3616,17,31,107,17,-2.4627488002856923,14
3617,27,10,54,5,-2.463869496934477,5
3618,69,17,74,8,-2.466497282082454,9
3619,74,40,87,22,-2.4671563114027464,18
3620,81,17,4,10,-2.467812477706327,7
3621,39,16,19,8,-2.472866833179226,8
3622,9,61,7,31,-2.4756046461152823,30
3623,63,44,68,23,-2.4805703758933917,21
3624,39,30,95,16,-2.481130681096556,14
3625,68,59,65,32,-2.4863573145608657,27
3626,111,11,18,6,-2.489910872635885,5
3627,3,20,65,11,-2.4971368500383213,9
3628,109,18,37,10,-2.5010134043415313,8
3629,51,70,88,34,-2.5063635186764337,36
3630,96,37,106,21,-2.5084238105055885,16
3631,68,105,7,57,-2.5114811010541356,48
3632,36,15,12,8,-2.5163199425137495,7
3633,50,32,39,17,-2.524569549657206,15
3634,4,18,39,10,-2.5267698999647226,8
3635,9,33,36,18,-2.527924078037467,15
3636,64,27,87,14,-2.5304532187422577,13
3637,107,27,108,14,-2.5311945782165,13
3638,60,11,111,7,-2.535604443502029,4
3639,11,35,63,21,-2.539597707853179,14
3640,16,13,52,7,-2.542332195506543,6
3641,38,20,64,11,-2.5449420802693488,9
3642,36,74,7,40,-2.54935875079736,34
3643,1,19,73,11,-2.5534291003907295,8
3644,83,16,51,10,-2.556300922595479,6
3645,63,10,83,4,-2.557624644664858,6
3646,41,45,51,24,-2.5612918082451848,21
3647,51,43,28,22,-2.5635290356109595,21
3648,87,13,92,7,-2.5651869545632544,6
3649,107,50,50,26,-2.5656690703128167,24
3650,91,11,47,6,-2.565831417578021,5
3651,3,13,69,8,-2.5732249505733895,5
3652,57,18,78,9,-2.5763405590621864,9
3653,71,14,69,7,-2.582352607553779,7
3654,7,50,104,27,-2.5854072339864174,23
3655,62,21,87,11,-2.586304566496697,10
3656,87,25,71,13,-2.590103521421834,12
3657,20,36,88,18,-2.5921704707151747,18
3658,109,10,1,5,-2.592960677140225,5
3659,51,81,13,42,-2.5933197102801517,39
3660,31,23,39,13,-2.5934090452929364,10
3661,27,19,40,8,-2.5947052105553348,11
3662,13,83,68,46,-2.5976902388524796,37
3663,91,23,36,13,-2.600483205457647,10
3664,86,20,93,11,-2.6126285193850958,9
3665,40,16,11,9,-2.612795985816362,7
3666,2,13,76,8,-2.6134640032331116,5
3667,107,21,29,13,-2.6150940750243037,8
3668,41,12,11,8,-2.6159479780993316,4
3669,20,26,11,15,-2.6225934054521076,11
3670,57,10,27,5,-2.625816231763606,5
3671,13,85,16,47,-2.627845919438654,38
3672,39,30,17,17,-2.63473827504273,13
3673,114,28,54,14,-2.6355280322257006,14
3674,72,15,54,8,-2.641293556986857,7
3675,95,14,33,8,-2.6415453896084555,6
3676,107,23,85,12,-2.6429439355468864,11
3677,5,60,16,35,-2.643518445682432,25
3678,37,21,30,12,-2.6448172779185537,9
3679,86,43,23,23,-2.6484576158238538,20
3680,8,24,30,13,-2.6514132136935475,11
3681,65,48,53,25,-2.6519126498591334,23
3682,36,13,57,8,-2.653116090105381,5
3683,88,29,92,16,-2.65412565592523,13
3684,91,13,74,7,-2.658254293210725,6
3685,76,10,47,3,-2.6595736051653853,7
3686,74,25,114,13,-2.666972342657448,12
3687,75,18,95,10,-2.672802736686619,8
3688,44,17,25,9,-2.673535476281759,8
3689,107,69,51,40,-2.678545004841455,29
3690,5,25,39,13,-2.6791322172692884,12
3691,17,17,90,8,-2.680753861205159,9
3692,35,11,13,6,-2.684594978225239,5
3693,71,40,65,23,-2.6867803351656674,17
3694,18,14,12,8,-2.7036570911929836,6
3695,37,57,107,31,-2.7122377942768767,26
3696,70,16,49,8,-2.7131214221068403,8
3697,80,11,95,6,-2.7197438471090796,5
3698,28,50,11,26,-2.7199624016130106,24
3699,70,31,104,17,-2.7208109249750048,14
3700,88,53,55,31,-2.721264805593774,22
3701,30,12,9,7,-2.7296904854733155,5
3702,28,22,60,10,-2.730318562341463,12
3703,34,12,75,6,-2.7327928404854562,6
3704,106,50,65,27,-2.735321183024918,23
3705,104,22,97,11,-2.7396377781056187,11
3706,8,17,68,9,-2.7561781927605957,8
3707,64,42,53,23,-2.7590266802927172,19
3708,60,31,18,17,-2.759241709022921,14
3709,77,17,5,9,-2.7658375671945885,8
3710,40,11,38,5,-2.771552043064858,6
3711,10,11,5,5,-2.7716738654503192,6
3712,55,16,3,9,-2.7857743268426365,7
3713,88,60,60,34,-2.787154341363807,26
3714,97,15,9,7,-2.7891659901703596,8
3715,47,22,16,12,-2.7903508791092206,10
3716,108,19,86,9,-2.7920033870005003,10
3717,36,13,100,7,-2.7923934619121096,6
3718,1,26,7,14,-2.793205495238504,12
3719,114,25,4,13,-2.7973762559419417,12
3720,19,13,15,7,-2.8034318915529908,6
3721,112,14,106,7,-2.805082024542768,7
3722,41,15,99,8,-2.808167291861728,7
3723,36,32,1,16,-2.8095303452930684,16
3724,106,33,68,18,-2.8127952198562447,15
3725,48,17,65,10,-2.813018636762518,7
3726,85,10,51,6,-2.8169661452285424,4
3727,109,32,51,20,-2.817926639661738,12
3728,87,24,80,13,-2.819287013293175,11
3729,47,13,64,8,-2.821240379057225,5
3730,71,13,18,7,-2.821320109059578,6
3731,38,21,16,13,-2.8217292489636367,8
3732,19,10,43,6,-2.822488366427094,4
3733,23,47,107,25,-2.8244859300002187,22
3734,74,33,104,19,-2.832959821636547,14
3735,65,18,77,9,-2.836180648453273,9
3736,58,14,16,8,-2.8389435880706166,6
3737,60,12,89,6,-2.8396731138810423,6
3738,23,19,95,10,-2.8404436396815522,9
3739,104,13,23,8,-2.8445076862849517,5
3740,44,13,28,6,-2.846139863099275,7
3741,33,13,97,7,-2.8486496222061595,6
3742,18,20,74,10,-2.8496142222224696,10
3743,57,17,68,9,-2.8518699569408628,8
3744,96,16,73,9,-2.853430398009382,7
3745,99,18,51,9,-2.8534777973740635,9
3746,28,53,88,30,-2.8540426797765646,23
3747,46,23,68,12,-2.8541343211422934,11
3748,86,48,60,26,-2.8571270629897767,22
3749,49,33,16,18,-2.866689305572905,15
3750,20,42,87,22,-2.869120615934056,20
3751,75,21,27,11,-2.8742147115996155,10
3752,60,23,63,13,-2.8746236800640066,10
3753,86,90,63,52,-2.885674460917235,38
3754,7,31,43,18,-2.8869337290340296,13
3755,74,24,75,14,-2.8903655619324415,10
3756,78,20,68,11,-2.8969266940151783,9
3757,70,10,44,5,-2.8975248911261424,5
3758,108,13,71,7,-2.8992906212622866,6
3759,37,19,91,10,-2.9050960547005253,9
3760,84,37,87,20,-2.908877911803523,17
3761,79,15,7,8,-2.9111710091731053,7
3762,108,12,25,7,-2.9132670669268257,5
3763,106,19,102,9,-2.9207255392565092,10
3764,86,82,74,43,-2.9212877807151494,39
3765,77,20,68,11,-2.921785034678846,9
3766,100,24,8,14,-2.9246971191484055,10
3767,65,15,99,8,-2.925348959200731,7
3768,3,15,61,7,-2.93476140357165,8
3769,87,20,36,12,-2.9355732508976633,8
3770,76,17,30,10,-2.9372015853586078,7
3771,87,18,27,10,-2.9433814414019763,8
3772,40,32,41,17,-2.946728808508273,15
3773,38,31,86,17,-2.9478210267751135,14
3774,8,78,86,40,-2.9505503650201597,38
3775,8,16,80,8,-2.9519293865537106,8
3776,38,17,9,9,-2.961582849274608,8
3777,46,23,114,13,-2.9631435316072414,10
3778,57,18,25,10,-2.964934950553877,8
3779,53,11,47,6,-2.967218161853792,5
3780,37,21,2,11,-2.96975801126945,10
3781,4,32,36,19,-2.9739066740354194,13
3782,106,36,84,18,-2.9754739608250116,18
3783,51,12,6,6,-2.980948961210987,6
3784,49,24,107,12,-2.9811174657733575,12
3785,53,27,95,17,-2.981134349868032,10
3786,65,87,16,48,-2.9829025581724187,39
3787,30,10,74,5,-2.9862406732405895,5
3788,7,25,100,14,-2.9877637593718043,11
3789,37,37,65,19,-2.9918797859979525,18
3790,18,10,27,5,-2.996654278290003,5
3791,41,28,64,17,-2.998546228465672,11
3792,69,11,4,6,-2.9994841766617175,5
3793,34,19,86,11,-3.0001295891069586,8
3794,34,14,96,8,-3.001763014782562,6
3795,38,19,88,12,-3.0023329742590943,7
3796,51,14,29,8,-3.0049606372322564,6
3797,7,27,6,12,-3.013941061604383,15
3798,16,17,19,9,-3.0266213489285114,8
3799,55,10,78,5,-3.0279933852134207,5
3800,47,16,41,9,-3.031406429138557,7
3801,49,16,65,9,-3.0342561495428084,7
3802,65,39,25,23,-3.0368934823131157,16
3803,43,25,51,13,-3.0407653301050264,12
3804,96,13,38,7,-3.0422152322461713,6
3805,86,42,71,22,-3.0606693617391714,20
3806,55,14,48,8,-3.0636269177668387,6
3807,25,18,71,10,-3.0644100067848146,8
3808,114,40,60,18,-3.0670908685799043,22
3809,25,30,75,17,-3.069551733540898,13
3810,41,11,74,5,-3.0735662157516845,6
3811,102,30,28,16,-3.0740911214451745,14
3812,87,14,45,8,-3.086220297325659,6
3813,107,72,13,38,-3.093612492720178,34
3814,77,27,13,15,-3.0976815832127267,12
3815,86,31,49,16,-3.0977725602373374,15
3816,91,10,64,6,-3.0993479020870796,4
3817,68,14,99,8,-3.100103615084465,6
3818,60,15,92,9,-3.101629065738581,6
3819,1,34,68,19,-3.102238947138022,15
3820,106,25,109,13,-3.1028448270841773,12
3821,53,26,106,13,-3.1050273222192404,13
3822,4,24,50,12,-3.1105592371369597,12
3823,17,25,25,14,-3.1106502600539105,11
3824,80,11,36,6,-3.1158574211756616,5
3825,27,10,15,5,-3.1179326913841714,5
3826,91,27,5,16,-3.121858390948631,11
3827,23,23,75,11,-3.148733601092015,12
3828,17,13,87,7,-3.155787932459329,6
3829,46,42,51,24,-3.1575361872642103,18
3830,84,85,86,44,-3.15758944772919,41
3831,82,21,86,12,-3.1586560919846263,9
3832,49,17,68,9,-3.1607693699001054,8
3833,62,17,13,9,-3.161295276739798,8
3834,74,14,90,9,-3.168061351028922,5
3835,51,48,54,26,-3.1685476843403935,22
3836,86,16,110,9,-3.1694821197260485,7
3837,60,25,106,15,-3.171261503808182,10
3838,65,25,83,13,-3.1850517665827933,12
3839,50,54,37,28,-3.1883352760136074,26
3840,81,14,68,8,-3.1985312995714845,6
3841,5,49,55,27,-3.198953177181802,22
3842,39,41,36,23,-3.1998605067578225,18
3843,76,12,44,7,-3.2019945343572456,5
3844,17,28,106,17,-3.2039846830051117,11
3845,60,15,84,10,-3.2064037329190676,5
3846,31,47,60,23,-3.2094707274879264,24
3847,97,19,50,11,-3.210625734622642,8
3848,23,19,64,10,-3.2123729115980186,9
3849,100,11,9,7,-3.213107615631007,4
3850,28,39,55,23,-3.2184704312839756,16
3851,63,29,97,16,-3.219195053710692,13
3852,7,55,23,30,-3.222928305376168,25
3853,16,21,4,10,-3.223993814900797,11
3854,35,18,16,11,-3.2305329948687067,7
3855,87,21,2,12,-3.2308938185741103,9
3856,97,10,56,5,-3.2314262120369195,5
3857,36,49,107,26,-3.234838704648262,23
3858,16,45,41,23,-3.2495789716339614,22
3859,6,15,68,9,-3.251551578791195,6
3860,25,47,114,27,-3.2540864225169766,20
3861,95,14,84,8,-3.2568961944145873,6
3862,74,24,7,15,-3.257493143792889,9
3863,95,14,76,8,-3.257651508839797,6
3864,54,56,28,31,-3.262278028179984,25
3865,7,114,13,62,-3.264302615697635,52
3866,102,12,13,8,-3.269263582511039,4
3867,93,14,70,8,-3.2714518634318708,6
3868,17,12,85,7,-3.2737777276415283,5
3869,91,11,102,6,-3.2738070744638943,5
3870,67,13,114,7,-3.274670651234843,6
3871,54,11,69,6,-3.2958233839310727,5
3872,41,22,57,13,-3.299539223302888,9
3873,5,60,104,32,-3.3007473735225057,28
3874,17,38,16,23,-3.3028597486650213,15
3875,15,12,28,6,-3.307663426492388,6
3876,66,11,86,6,-3.309294151623436,5
3877,75,31,60,17,-3.313915862803686,14
3878,84,16,97,10,-3.316428205809935,6
3879,30,18,49,10,-3.318164342935083,8
3880,81,13,9,7,-3.3217764660677,6
3881,34,10,78,5,-3.3271359801886407,5
3882,17,26,28,14,-3.328116205795543,12
3883,50,19,41,11,-3.331657114556132,8
3884,54,33,80,17,-3.332215932419911,16
3885,31,22,50,12,-3.3334236876453813,10
3886,109,12,69,7,-3.3344685187765157,5
3887,76,13,71,6,-3.3359186512389036,7
3888,5,13,68,7,-3.3380294056441127,6
3889,98,20,54,11,-3.3414082574983,9
3890,33,13,75,8,-3.342736023465549,5
3891,70,47,16,27,-3.3445553948476245,20
3892,91,15,40,8,-3.345577169162442,7
3893,20,10,83,5,-3.347889825164404,5
3894,107,15,14,9,-3.3479962116917545,6
3895,70,30,88,17,-3.3524090493184286,13
3896,3,12,54,6,-3.3552278990212483,6
3897,27,48,7,26,-3.3617414996167194,22
3898,8,23,14,13,-3.3634201583462153,10
3899,97,25,54,13,-3.364815342765676,12
3900,20,17,40,10,-3.3649339637959637,7
3901,55,56,107,30,-3.369618935589803,26
3902,46,57,13,32,-3.371570102602021,25
3903,44,13,100,7,-3.3720452657314217,6
3904,98,15,73,8,-3.3800553651819163,7
3905,109,50,28,29,-3.38285741911239,21
3906,55,28,36,15,-3.383336577257353,13
3907,9,28,60,17,-3.384232112219374,11
3908,88,13,19,7,-3.3883003963549876,6
3909,84,42,51,24,-3.3885635539069456,18
3910,55,48,39,27,-3.3894226122709816,21
3911,104,10,73,6,-3.391491099464731,4
3912,28,13,4,7,-3.3940824912486858,6
3913,17,20,68,12,-3.395638967050424,8
3914,87,29,76,17,-3.3995265465111264,12
3915,84,29,55,16,-3.4012305577969593,13
3916,98,26,104,12,-3.4091853213510745,14
3917,36,11,17,5,-3.417273645156755,6
3918,37,12,4,7,-3.4218717037755084,5
3919,107,71,88,40,-3.432105084374096,31
3920,25,31,102,17,-3.4382241991917164,14
3921,39,29,114,15,-3.4411172111260955,14
3922,40,58,60,32,-3.4423663485116376,26
3923,86,106,16,59,-3.4524297350202198,47
3924,23,21,37,11,-3.4530437057487418,10
3925,5,23,33,12,-3.454327509177194,11
3926,86,12,29,7,-3.456088611362189,5
3927,51,49,106,27,-3.457607975311812,22
3928,37,46,20,25,-3.457621476755263,21
3929,107,29,34,17,-3.4592396196199293,12
3930,17,10,77,6,-3.4626586322684796,4
3931,1,32,13,19,-3.462932922524283,13
3932,51,21,57,11,-3.464709683156573,10
3933,5,60,74,32,-3.4699961467083447,28
3934,16,14,73,7,-3.4738693799097957,7
3935,81,10,23,6,-3.4745303728026347,4
3936,54,57,96,29,-3.47661338595835,28
3937,18,16,55,8,-3.481046717374471,8
3938,70,20,25,11,-3.484518115943737,9
3939,71,18,12,10,-3.4874429459484335,8
3940,51,30,36,16,-3.4874600225025065,14
3941,36,13,62,7,-3.489528327052378,6
3942,114,36,97,20,-3.494809729950691,16
3943,9,26,50,15,-3.4989626487903873,11
3944,63,18,49,10,-3.500149915800845,8
3945,68,14,85,9,-3.5027894631624408,5
3946,107,19,93,11,-3.5035103312902427,8
3947,23,16,74,9,-3.5053157619270587,7
3948,33,10,49,6,-3.5057518320537775,4
3949,104,38,8,21,-3.5073414065674897,17
3950,106,50,107,27,-3.5165007722129795,23
3951,17,11,112,6,-3.5191492672023625,5
3952,30,17,7,8,-3.5212250771957296,9
3953,43,18,63,10,-3.5248517337852396,8
3954,76,17,20,8,-3.5278207011714757,9
3955,25,17,93,9,-3.530039788975629,8
3956,87,28,3,16,-3.530098123744544,12
3957,7,15,44,8,-3.535266020755452,7
3958,69,26,88,15,-3.536532050456282,11
3959,36,65,40,37,-3.5400829247343655,28
3960,39,19,62,10,-3.544513110025233,9
3961,4,13,30,7,-3.554167963462701,6
3962,57,13,23,7,-3.554408044637194,6
3963,36,19,28,10,-3.554999615354126,9
3964,86,90,7,52,-3.5577462755235434,38
3965,33,11,64,7,-3.558110801858625,4
3966,8,71,16,40,-3.5597923636148607,31
3967,12,17,88,9,-3.5602960386233384,8
3968,69,25,41,16,-3.5647588534800048,9
3969,23,12,33,7,-3.5712223539857573,5
3970,95,10,97,6,-3.58943247133478,4
3971,71,13,58,7,-3.5901555481142533,6
3972,13,14,34,7,-3.5918746626908375,7
3973,60,10,19,5,-3.605970297917165,5
3974,94,13,55,7,-3.6120696685756326,6
3975,88,39,11,22,-3.622315707377218,17
3976,18,19,43,9,-3.6267699505365183,10
3977,87,107,86,55,-3.6292274243498333,52
3978,69,10,6,5,-3.632252984558259,5
3979,108,11,48,7,-3.633614524897183,4
3980,108,14,75,8,-3.634090811617301,6
3981,5,60,88,32,-3.63799769202775,28
3982,70,10,14,5,-3.6470421341148493,5
3983,2,19,16,11,-3.6499962386684315,8
3984,50,13,27,8,-3.6503401008022798,5
3985,65,47,23,25,-3.650632324208862,22
3986,18,11,17,5,-3.6519056838531805,6
3987,64,47,13,24,-3.6531516775909005,23
3988,9,15,109,7,-3.6538651478462696,8
3989,32,21,107,11,-3.6546977761524695,10
3990,71,10,90,5,-3.656103603020123,5
3991,23,22,63,13,-3.656375723040438,9
3992,100,11,53,6,-3.6569500587649983,5
3993,96,33,97,17,-3.6574389351582637,16
3994,104,53,86,29,-3.66553549979236,24
3995,27,12,71,7,-3.672482180614423,5
3996,68,14,101,9,-3.6742625668258904,5
3997,107,11,52,7,-3.67922282951035,4
3998,51,37,114,19,-3.6824882422691596,18
3999,53,48,39,27,-3.685116242956752,21
4000,40,68,13,37,-3.6903630857890595,31
4001,13,24,11,13,-3.702515697718262,11
4002,43,17,106,9,-3.706853967971227,8
4003,3,28,107,14,-3.7114453081623817,14
4004,5,21,15,13,-3.7147342263498238,8
4005,3,14,12,9,-3.71740069479101,5
4006,80,10,91,6,-3.719893539982741,4
4007,81,17,39,10,-3.728914203220536,7
4008,25,65,86,35,-3.735239092039536,30
4009,4,13,1,8,-3.7360390878519714,5
4010,40,42,53,23,-3.7429391558119995,19
4011,53,55,18,30,-3.7518428116438605,25
4012,6,16,88,9,-3.7570512530434645,7
4013,4,19,63,11,-3.7758336578086884,8
4014,92,13,104,6,-3.7768187223532292,7
4015,93,10,7,5,-3.7802315490169662,5
4016,68,58,88,33,-3.7912961497995052,25
4017,107,29,91,17,-3.79517570888213,12
4018,104,13,20,8,-3.7974160411444697,5
4019,1,12,15,7,-3.8033258517595496,5
4020,78,12,39,6,-3.805891795343841,6
4021,5,16,110,9,-3.8138584796050923,7
4022,31,18,91,11,-3.819701831167943,7
4023,18,32,86,19,-3.8203668272153477,13
4024,3,10,49,6,-3.8208441036339096,4
4025,4,21,55,11,-3.821660634263143,10
4026,64,14,44,8,-3.824222642884567,6
4027,13,24,38,12,-3.826623496126898,12
4028,66,12,60,8,-3.8266322198174065,4
4029,87,16,44,9,-3.826754946057649,7
4030,51,30,70,16,-3.8297117807076546,14
4031,87,38,30,21,-3.8298987122526276,17
4032,13,26,91,14,-3.8317482607331113,12
4033,7,26,20,14,-3.839940256500115,12
4034,13,31,63,17,-3.8403036315605172,14
4035,31,23,18,12,-3.8430258307678655,11
4036,31,11,28,6,-3.845374758093618,5
4037,111,34,65,20,-3.8475275648066676,14
4038,114,25,41,13,-3.8544949021986654,12
4039,51,16,11,8,-3.8660778701548084,8
4040,68,11,108,6,-3.86884903956731,5
4041,87,36,95,20,-3.8694007735692093,16
4042,98,13,18,6,-3.8754830902904,7
4043,108,11,30,6,-3.88226795119385,5
4044,112,11,1,5,-3.8826933985340957,6
4045,17,15,11,8,-3.886158778436342,7
4046,17,10,110,6,-3.888719135954252,4
4047,62,13,76,7,-3.8913968956310074,6
4048,11,44,55,26,-3.8920841591670357,18
4049,20,13,18,8,-3.8928283548315483,5
4050,47,29,7,17,-3.8974466826753917,12
4051,37,26,102,15,-3.901578428361024,11
4052,49,19,98,10,-3.906322793569991,9
4053,96,21,60,14,-3.9124280698247627,7
4054,53,16,27,10,-3.914996444269401,6
4055,86,13,89,6,-3.9174928376954097,7
4056,48,17,20,10,-3.9196076613306294,7
4057,70,38,37,22,-3.9227382855891673,16
4058,2,28,5,16,-3.923277825320168,12
4059,63,28,64,15,-3.9273689023243743,13
4060,50,11,57,7,-3.929027822248146,4
4061,16,35,97,19,-3.9340820840887147,16
4062,97,10,80,6,-3.9365866928471034,4
4063,40,11,6,6,-3.9442678680230827,5
4064,76,12,34,6,-3.9517678907570324,6
4065,104,50,88,29,-3.9536343834384904,21
4066,54,16,94,9,-3.955738681406249,7
4067,93,24,74,13,-3.960101768879081,11
4068,29,15,7,7,-3.9743744250187336,8
4069,1,28,40,16,-3.9750240059769126,12
4070,14,12,96,7,-3.975747798085754,5
4071,17,17,34,10,-3.9857052585459996,7
4072,77,20,86,12,-4.007520110320655,8
4073,31,12,66,7,-4.0087548725586535,5
4074,54,36,55,19,-4.011039158800405,17
4075,110,20,8,12,-4.013172679497405,8
4076,51,44,104,27,-4.015424408222765,17
4077,114,28,102,16,-4.0171208257371775,12
4078,3,16,104,9,-4.020656220421077,7
4079,47,13,71,7,-4.030916530509354,6
4080,43,10,1,5,-4.03897671575872,5
4081,50,21,7,11,-4.045740478776831,10
4082,79,13,11,6,-4.047561716338114,7
4083,65,73,104,40,-4.0492599838057535,33
4084,40,10,32,5,-4.050021677419869,5
4085,69,27,51,16,-4.050423840769318,11
4086,51,103,16,57,-4.059065604767849,46
4087,38,10,34,6,-4.0610942900478735,4
4088,38,13,51,8,-4.063140921851932,5
4089,95,10,43,6,-4.0633983206079485,4
4090,17,26,7,15,-4.064887482017846,11
4091,60,38,87,20,-4.070682609249087,18
4092,50,22,74,12,-4.086243740312161,10
4093,19,11,36,6,-4.0885902184216905,5
4094,97,21,87,13,-4.089970328864312,8
4095,35,24,20,14,-4.098728722002913,10
4096,93,20,83,11,-4.100880722204593,9
4097,54,49,46,28,-4.121236522734486,21
4098,106,11,29,6,-4.1226863415672375,5
4099,65,22,45,11,-4.125923170388699,11
4100,104,32,76,19,-4.135711821894891,13
4101,20,11,71,7,-4.136430557393971,4
4102,69,11,11,7,-4.1379214913131195,4
4103,29,11,23,6,-4.138000210796417,5
4104,71,47,53,27,-4.141303557057988,20
4105,73,13,20,8,-4.146065391689571,5
4106,3,13,96,7,-4.14984060644092,6
4107,62,10,60,6,-4.155747625311636,4
4108,39,11,102,6,-4.16800052816911,5
4109,62,29,86,16,-4.168140003828562,13
4110,68,17,12,10,-4.176829780683943,7
4111,7,18,80,11,-4.182061930373812,7
4112,25,27,23,15,-4.182190113226027,12
4113,48,14,7,7,-4.194687020035504,7
4114,100,18,23,11,-4.197161790157007,7
4115,28,13,47,7,-4.198358496115318,6
4116,94,12,39,7,-4.199237943666825,5
4117,40,11,15,6,-4.201647176656486,5
4118,36,56,65,32,-4.205692860728475,24
4119,68,41,41,23,-4.207626519911899,18
4120,112,11,27,6,-4.214543381192909,5
4121,31,21,87,11,-4.220659397575877,10
4122,18,19,4,11,-4.220670692754493,8
4123,44,11,71,6,-4.223524348839462,5
4124,65,16,109,11,-4.2330518085976205,5
4125,53,14,28,8,-4.23428618573004,6
4126,1,21,60,12,-4.237560386673236,9
4127,74,12,31,7,-4.240578281890586,5
4128,34,14,106,7,-4.243674039664674,7
4129,85,12,28,7,-4.253389606053365,5
4130,80,17,104,9,-4.256665633473226,8
4131,87,33,23,20,-4.2566804889481435,13
4132,13,22,100,13,-4.266245772639935,9
4133,16,16,103,9,-4.27064958267566,7
4134,96,12,33,5,-4.271042933020871,7
4135,54,27,9,15,-4.272544772651764,12
4136,94,17,68,9,-4.284931423956808,8
4137,54,63,20,33,-4.290782184792433,30
4138,44,21,20,12,-4.299103845073811,9
4139,38,22,7,12,-4.300171500471751,10
4140,54,28,25,16,-4.300413553073274,12
4141,109,22,20,14,-4.302333411252665,8
4142,71,42,16,25,-4.3051763919274695,17
4143,52,10,50,5,-4.308197298973348,5
4144,20,19,17,11,-4.3112321942034,8
4145,17,23,97,13,-4.313428551304956,10
4146,71,14,70,7,-4.315612188206777,7
4147,40,22,4,12,-4.316643149060896,10
4148,107,41,100,21,-4.320712937035455,20
4149,37,23,98,13,-4.327931130640238,10
4150,41,19,95,11,-4.332143979792176,8
4151,22,12,60,7,-4.334241842742782,5
4152,28,13,19,7,-4.3420995295646065,6
4153,65,29,70,18,-4.3439841796636145,11
4154,88,24,47,13,-4.347102674354305,11
4155,28,49,20,28,-4.349749782422694,21
4156,54,31,104,17,-4.355933806560285,14
4157,71,31,64,19,-4.35947313780117,12
4158,11,13,33,6,-4.365968233102095,7
4159,87,20,94,11,-4.367418143965147,9
4160,23,23,40,13,-4.36842332680331,10
4161,58,13,55,7,-4.369004483506263,6
4162,9,24,55,14,-4.371040618945101,10
4163,98,13,60,7,-4.372454949323837,6
4164,25,33,87,18,-4.379098196808543,15
4165,49,24,87,12,-4.380791657180536,12
4166,76,23,65,14,-4.385586505985179,9
4167,86,20,111,12,-4.3910837466552355,8
4168,38,32,107,19,-4.39393220007557,13
4169,64,20,114,12,-4.407773657880816,8
4170,57,12,64,7,-4.4096800085415095,5
4171,53,64,7,36,-4.416213736910661,28
4172,13,30,99,17,-4.420966828834257,13
4173,87,20,102,12,-4.423994697827658,8
4174,20,14,23,8,-4.42777867543601,6
4175,5,115,86,66,-4.430772584334585,49
4176,53,35,16,21,-4.432680586189367,14
4177,46,58,86,36,-4.433062748950475,22
4178,107,46,11,26,-4.433295300820407,20
4179,57,10,9,6,-4.4406570861085,4
4180,88,11,45,7,-4.4416566980945715,4
4181,51,24,1,13,-4.443642769643949,11
4182,20,59,107,33,-4.443744385976959,26
4183,109,15,95,9,-4.444131433700797,6
4184,37,33,13,19,-4.448467961015428,14
4185,50,42,2,24,-4.448957186147167,18
4186,31,67,7,38,-4.453212370234459,29
4187,16,44,95,24,-4.453378575583385,20
4188,73,12,50,8,-4.454782630059153,4
4189,97,11,77,7,-4.454901155383999,4
4190,64,15,49,8,-4.458412060664094,7
4191,88,43,75,25,-4.458661851679064,18
4192,98,13,78,7,-4.46380656892488,6
4193,50,15,3,8,-4.464463620895281,7
4194,13,23,57,12,-4.466490311868767,11
4195,32,18,37,10,-4.466542082918519,8
4196,57,10,91,5,-4.468260927215542,5
4197,25,31,96,17,-4.472832877552798,14
4198,107,74,65,42,-4.474316118265179,32
4199,107,33,95,18,-4.475609109265347,15
4200,11,15,93,10,-4.484686270589563,5
4201,107,96,16,59,-4.485744929408156,37
4202,27,11,55,6,-4.4890470852362,5
4203,51,45,75,25,-4.490318359114664,20
4204,3,15,64,9,-4.492765978443915,6
4205,37,15,93,9,-4.4934456656390305,6
4206,112,20,75,12,-4.4989690721071325,8
4207,110,13,87,8,-4.501644038521952,5
4208,54,17,78,10,-4.506577020775673,7
4209,104,10,62,7,-4.506645682517949,3
4210,69,10,80,5,-4.508733977407145,5
4211,98,21,11,11,-4.5130981495322375,10
4212,55,43,37,23,-4.516821858156877,20
4213,72,18,13,9,-4.527595256070807,9
4214,28,71,50,41,-4.530365152854882,30
4215,75,23,106,12,-4.532198108241345,11
4216,68,28,71,17,-4.532265816801446,11
4217,102,24,8,13,-4.537070383836358,11
4218,9,51,88,29,-4.537426821075462,22
4219,76,24,23,13,-4.537606040144393,11
4220,107,36,76,23,-4.544662386882574,13
4221,39,11,1,5,-4.548291694643937,6
4222,15,18,99,11,-4.551461310618722,7
4223,46,15,83,8,-4.551826612706302,7
4224,112,10,74,6,-4.553694289700708,4
4225,23,15,70,8,-4.554568026577778,7
4226,104,16,99,8,-4.562749239239297,8
4227,68,14,11,8,-4.569201976807364,6
4228,95,14,99,8,-4.572737764013027,6
4229,58,23,7,12,-4.575034525669345,11
4230,29,19,16,10,-4.5779794483127985,9
4231,8,30,60,16,-4.584471076654315,14
4232,96,32,50,18,-4.592653394244437,14
4233,104,62,107,36,-4.5979168367122485,26
4234,88,94,7,52,-4.598064452346123,42
4235,95,13,77,7,-4.601493224452909,6
4236,30,11,23,6,-4.601908928188203,5
4237,3,35,7,21,-4.603775118928218,14
4238,86,72,37,40,-4.607837359690986,32
4239,55,42,7,25,-4.609551229914398,17
4240,9,17,49,9,-4.620658268254684,8
4241,87,63,8,36,-4.620917268255847,27
4242,78,12,28,6,-4.631775731372597,6
4243,110,15,106,8,-4.633960085739299,7
4244,25,22,60,12,-4.636282806493915,10
4245,88,24,43,14,-4.636555985964769,10
4246,109,19,73,11,-4.637139105733963,8
4247,13,14,73,8,-4.6427133386229835,6
4248,16,21,6,11,-4.642825718029856,10
4249,76,24,98,14,-4.644793929693419,10
4250,96,39,63,24,-4.649023449526139,15
4251,25,15,27,8,-4.649655011418167,7
4252,60,29,30,19,-4.653426738413294,10
4253,47,15,25,8,-4.655390231832644,7
4254,100,19,28,11,-4.660885966766407,8
4255,98,14,55,9,-4.662824671110213,5
4256,64,13,80,7,-4.665596394208,6
4257,8,12,52,7,-4.669562642233976,5
4258,107,88,87,50,-4.672529916573878,38
4259,81,22,53,13,-4.67351225402936,9
4260,5,16,71,9,-4.686451238703376,7
4261,41,26,60,14,-4.687979614839917,12
4262,62,10,97,6,-4.689387738532959,4
4263,60,45,55,25,-4.699539635247212,20
4264,18,31,88,17,-4.699584875943505,14
4265,68,19,15,12,-4.704332289270896,7
4266,54,17,91,9,-4.708330759507745,8
4267,93,17,16,9,-4.708607420081888,8
4268,46,23,20,15,-4.708713070266484,8
4269,71,16,43,8,-4.709770232299069,8
4270,18,37,28,20,-4.710953949587104,17
4271,72,10,15,6,-4.7131251167737505,4
4272,12,14,74,8,-4.7158981291394015,6
4273,86,17,47,10,-4.720142586161406,7
4274,75,14,15,9,-4.7291616067808215,5
4275,46,11,6,6,-4.730994669309113,5
4276,87,56,13,34,-4.736199864166475,22
4277,46,41,8,22,-4.737192297274267,19
4278,63,30,9,17,-4.738784392770433,13
4279,3,11,97,7,-4.7402730889790226,4
4280,65,57,55,32,-4.74405737741087,25
4281,77,16,25,9,-4.745845616411638,7
4282,3,21,16,13,-4.747059555887119,8
4283,63,38,74,21,-4.748458787006122,17
4284,5,30,90,18,-4.752640516818982,12
4285,50,16,93,10,-4.755526241513055,6
4286,97,16,60,8,-4.770560692259115,8
4287,31,15,12,8,-4.770632464521183,7
4288,70,13,90,7,-4.771084444295363,6
4289,17,14,1,8,-4.774691835698866,6
4290,28,26,93,16,-4.7762193932866115,10
4291,5,12,9,7,-4.777710715122403,5
4292,50,48,87,26,-4.778093921608591,22
4293,5,33,76,19,-4.788314400539968,14
4294,1,17,9,8,-4.79405950293998,9
4295,20,13,52,8,-4.795236183864801,5
4296,9,29,8,14,-4.796436219845456,15
4297,25,11,111,6,-4.797175922879397,5
4298,9,34,28,18,-4.797254206036923,16
4299,96,22,75,15,-4.80138149231193,7
4300,108,13,96,7,-4.805162668071275,6
4301,106,25,2,14,-4.808494527305082,11
4302,106,12,6,7,-4.810944704219048,5
4303,8,30,83,16,-4.811627367676455,14
4304,85,11,74,6,-4.812388004493803,5
4305,68,27,23,14,-4.819829270426411,13
4306,54,15,14,10,-4.820525855929131,5
4307,86,33,100,17,-4.82070188558936,16
4308,25,19,31,10,-4.823839301099763,9
4309,67,15,8,9,-4.8319098461555825,6
4310,39,39,75,21,-4.835166255544909,18
4311,64,20,83,11,-4.840996077098241,9
4312,51,30,5,19,-4.841333405150811,11
4313,38,10,20,7,-4.844230675667009,3
4314,100,23,104,14,-4.850527098250833,9
4315,32,12,97,7,-4.851459349576838,5
4316,89,10,5,7,-4.862465640901751,3
4317,106,54,37,29,-4.865641247327304,25
4318,19,11,84,6,-4.870688517782824,5
4319,54,13,29,7,-4.871067475071608,6
4320,57,27,87,16,-4.871666288606831,11
4321,88,12,85,7,-4.873754317610231,5
4322,18,15,81,9,-4.877040041598751,6
4323,114,11,30,6,-4.882071098465157,5
4324,95,11,69,7,-4.882909765417962,4
4325,29,10,9,6,-4.887671889551099,4
4326,3,12,8,5,-4.887819375016217,7
4327,9,44,65,26,-4.887961308210908,18
4328,71,25,62,14,-4.888439777720532,11
4329,84,59,28,34,-4.889044052283284,25
4330,5,39,83,21,-4.890865835189012,18
4331,55,27,76,17,-4.892389867780943,10
4332,28,12,38,6,-4.907164394244693,6
4333,108,12,54,8,-4.909695920764134,4
4334,91,10,38,6,-4.918487915214837,4
4335,106,56,74,32,-4.924754963776778,24
4336,36,40,86,23,-4.927433251240003,17
4337,9,22,114,15,-4.931319071415344,7
4338,55,21,20,12,-4.931554548881413,9
4339,87,14,77,8,-4.94240192025149,6
4340,49,12,76,7,-4.943121216792114,5
4341,30,13,100,8,-4.947415784475727,5
4342,68,19,56,10,-4.94813216675333,9
4343,8,32,13,19,-4.955794878282507,13
4344,77,18,39,10,-4.961640817784316,8
4345,90,23,96,14,-4.963939687748077,9
4346,8,12,62,8,-4.964220736900479,4
4347,38,16,109,10,-4.9644619615709695,6
4348,107,49,40,30,-4.964616090179718,19
4349,51,18,14,12,-4.969794868699568,6
4350,15,17,23,10,-4.9841342107101605,7
4351,39,25,27,13,-4.989393098929608,12
4352,71,15,74,8,-4.993812181109021,7
4353,63,30,104,17,-4.993963037729945,13
4354,68,12,32,8,-4.994599728673894,4
4355,17,33,65,21,-4.996229787640958,12
4356,106,41,7,21,-5.003800212982272,20
4357,5,26,93,16,-5.004460526821323,10
4358,63,14,81,8,-5.016441825370757,6
4359,57,22,84,11,-5.026867760977004,11
4360,47,21,107,12,-5.028190535792003,9
4361,9,41,75,24,-5.040607611984742,17
4362,63,29,55,16,-5.056066807562622,13
4363,7,98,16,55,-5.056101722825339,43
4364,112,26,53,13,-5.062618261015588,13
4365,71,32,30,18,-5.06395312621674,14
4366,65,17,46,11,-5.06610491085495,6
4367,33,13,90,8,-5.072843762888294,5
4368,20,10,32,7,-5.08216341529211,3
4369,95,24,60,14,-5.089480392621887,10
4370,104,25,53,14,-5.094260383198605,11
4371,70,23,55,13,-5.1032220329288345,10
4372,4,18,75,11,-5.1124286444655915,7
4373,55,16,100,8,-5.1129537660427005,8
4374,58,30,40,16,-5.133397385337809,14
4375,4,12,109,7,-5.135069245647407,5
4376,3,21,36,13,-5.136055944816986,8
4377,69,12,40,8,-5.137627663794989,4
4378,51,12,35,7,-5.14727626674268,5
4379,88,15,44,8,-5.148664566159752,7
4380,9,24,106,14,-5.150083731218861,10
4381,79,13,63,8,-5.150156389678723,5
4382,50,28,76,18,-5.1519660961300575,10
4383,63,54,8,30,-5.156454172512432,24
4384,39,14,111,8,-5.158992286191917,6
4385,5,12,67,7,-5.159840528973067,5
4386,56,11,91,6,-5.160182814393273,5
4387,47,26,75,17,-5.17693162231529,9
4388,65,32,64,18,-5.182122584236016,14
4389,97,17,75,10,-5.183439015487436,7
4390,51,24,4,15,-5.183921696313045,9
4391,48,24,84,15,-5.188857256683019,9
4392,113,13,40,8,-5.193726392686624,5
4393,89,15,41,9,-5.196780511481055,6
4394,55,18,34,10,-5.202160532736089,8
4395,54,29,30,17,-5.208230399590288,12
4396,91,12,33,6,-5.213867650447791,6
4397,107,18,94,12,-5.214007083771622,6
4398,37,22,40,12,-5.218981261850287,10
4399,106,54,54,29,-5.222938310920249,25
4400,5,11,35,6,-5.226534281744142,5
4401,96,37,20,22,-5.229501973456112,15
4402,112,17,88,10,-5.231027938888665,7
4403,104,19,15,11,-5.23540400775586,8
4404,25,21,91,12,-5.23677892954369,9
4405,14,15,65,8,-5.239230657167625,7
4406,40,15,98,8,-5.239271076053038,7
4407,40,26,25,15,-5.242222631716463,11
4408,31,11,35,6,-5.255104723881262,5
4409,62,24,107,12,-5.261786874758227,12
4410,92,11,28,7,-5.266199037582341,4
4411,109,32,88,19,-5.272527791460708,13
4412,84,17,34,9,-5.275708217424672,8
4413,88,11,56,6,-5.280224334897691,5
4414,28,19,14,12,-5.2887953454841945,7
4415,86,21,99,13,-5.291638236148403,8
4416,35,11,30,6,-5.293385259461386,5
4417,22,12,109,7,-5.3030018855523124,5
4418,55,25,111,15,-5.307717141421055,10
4419,49,13,28,7,-5.31428031912519,6
4420,96,16,85,11,-5.314304637448896,5
4421,60,15,61,8,-5.316729344745585,7
4422,9,45,107,25,-5.322061725590964,20
4423,13,19,26,12,-5.323421758702902,7
4424,102,14,97,9,-5.335160623731844,5
4425,88,86,86,50,-5.345596536414867,36
4426,65,18,62,10,-5.345755023288058,8
4427,62,37,16,23,-5.3517092122196015,14
4428,97,35,7,19,-5.356987360153851,16
4429,63,30,75,17,-5.362343223381898,13
4430,90,31,54,18,-5.397442007333916,13
4431,64,10,84,7,-5.40179307430533,3
4432,66,11,9,6,-5.404825557202403,5
4433,58,11,4,7,-5.405037105567146,4
4434,37,11,49,6,-5.405793666619149,5
4435,65,65,87,39,-5.421192101641339,26
4436,18,18,91,11,-5.437015235679075,7
4437,68,52,16,32,-5.441952996669665,20
4438,51,11,93,6,-5.442643801494352,5
4439,57,18,97,10,-5.45235309786646,8
4440,71,43,75,27,-5.454468163058883,16
4441,68,11,80,7,-5.466227321340817,4
4442,75,10,14,6,-5.479308338136782,4
4443,86,65,11,37,-5.481668593343347,28
4444,70,23,114,14,-5.484820175107314,9
4445,69,12,47,7,-5.485890015271257,5
4446,40,49,65,28,-5.488110460552834,21
4447,54,20,15,11,-5.491526659354752,9
4448,62,10,18,6,-5.493140482819633,4
4449,102,10,67,6,-5.497246561771841,4
4450,75,40,18,23,-5.507084301877023,17
4451,109,13,32,7,-5.508051897308618,6
4452,83,19,95,12,-5.510188596504647,7
4453,64,30,16,19,-5.512894912147264,11
4454,37,59,87,35,-5.516733087496061,24
4455,20,10,62,6,-5.517288163699186,4
4456,7,33,28,20,-5.522079859732704,13
4457,57,24,88,13,-5.524909922819241,11
4458,102,14,33,8,-5.525239013163607,6
4459,88,23,30,12,-5.525413582454541,11
4460,68,45,114,26,-5.528966703625285,19
4461,68,30,54,18,-5.5293608762892505,12
4462,23,31,106,16,-5.535479536227777,15
4463,30,12,15,7,-5.538463534767753,5
4464,107,21,15,14,-5.539272924336071,7
4465,69,26,65,15,-5.540534749641235,11
4466,84,16,75,9,-5.542746956131477,7
4467,75,51,86,28,-5.544222274149607,23
4468,2,22,20,13,-5.544865436021075,9
4469,84,18,25,11,-5.5466876181289715,7
4470,31,53,36,30,-5.548564460468652,23
4471,25,41,8,25,-5.550067480025435,16
4472,4,11,46,6,-5.55622187464566,5
4473,95,10,31,6,-5.5581891593402775,4
4474,10,11,63,7,-5.56040496031845,4
4475,104,60,37,36,-5.5634752610620195,24
4476,54,31,11,18,-5.565049065297328,13
4477,11,26,76,16,-5.5694789783630885,10
4478,69,11,42,6,-5.570250078296482,5
4479,68,21,62,12,-5.5910040455918875,9
4480,63,11,99,6,-5.5958077337997105,5
4481,98,17,70,11,-5.604121247592223,6
4482,18,13,38,7,-5.6081144260834686,6
4483,43,14,27,7,-5.609839390205424,7
4484,50,15,100,9,-5.612526049660052,6
4485,90,14,30,8,-5.614315415339312,6
4486,3,22,114,14,-5.6169459155328765,8
4487,50,48,16,28,-5.617696720442926,20
4488,50,26,95,15,-5.619957219349124,11
4489,17,21,5,14,-5.625033929201381,7
4490,73,28,86,15,-5.62531345595925,13
4491,98,14,108,8,-5.640790264148575,6
4492,74,23,73,14,-5.649045009007229,9
4493,97,13,39,8,-5.649731064357227,5
4494,97,10,4,6,-5.649870700339136,4
4495,61,13,9,8,-5.652969843590385,5
4496,68,12,43,7,-5.661402151081362,5
4497,88,41,23,26,-5.662482081944023,15
4498,82,11,54,7,-5.66427830231393,4
4499,37,48,16,28,-5.664774565241773,20
4500,99,31,16,18,-5.66581833704302,13
4501,37,39,75,25,-5.670197882049106,14
4502,25,10,94,5,-5.671887186214519,5
4503,12,11,54,6,-5.67450373056912,5
4504,95,10,102,6,-5.68531996234082,4
4505,38,23,63,15,-5.685369937239837,8
4506,55,25,30,15,-5.686463879094617,10
4507,5,46,106,28,-5.689619439430468,18
4508,43,10,23,6,-5.689859175567735,4
4509,32,10,70,5,-5.692479372096212,5
4510,62,17,53,10,-5.701449545318568,7
4511,102,10,23,6,-5.716053822653882,4
4512,37,18,41,11,-5.716493275276267,7
4513,12,10,6,5,-5.722414314921584,5
4514,17,13,98,7,-5.72342530511381,6
4515,51,26,25,15,-5.726135112848949,11
4516,48,20,11,12,-5.726887293490206,8
4517,9,14,45,9,-5.727853500458989,5
4518,25,48,13,26,-5.729332953997916,22
4519,106,42,25,26,-5.737688222420908,16
4520,77,12,36,7,-5.751140829309579,5
4521,37,11,94,7,-5.752143682001779,4
4522,47,13,23,8,-5.7551420632928085,5
4523,53,13,58,6,-5.756559382638664,7
4524,112,15,18,10,-5.767208039651441,5
4525,19,11,112,7,-5.767630336632137,4
4526,35,19,11,11,-5.768399159544,8
4527,63,26,98,15,-5.795644107915215,11
4528,55,28,74,16,-5.797157459674131,12
4529,64,45,7,25,-5.8010614589687695,20
4530,51,32,27,20,-5.804553521558319,12
4531,13,48,71,27,-5.80513252623681,21
4532,20,13,79,8,-5.810117746469,5
4533,106,28,80,17,-5.812470547213422,11
4534,49,10,100,5,-5.813425744151518,5
4535,5,16,40,9,-5.82052725169565,7
4536,43,12,17,7,-5.8371671437144,5
4537,87,13,58,8,-5.838329621055198,5
4538,93,13,20,7,-5.845044762429803,6
4539,46,37,74,23,-5.850135921281392,14
4540,55,37,104,22,-5.856904127783748,15
4541,112,20,7,12,-5.863389950487481,8
4542,7,17,34,10,-5.863504951401834,7
4543,95,36,54,20,-5.865979569344108,16
4544,9,17,62,10,-5.866001447424248,7
4545,36,12,46,7,-5.88209418081934,5
4546,34,19,109,11,-5.8910600256239505,8
4547,84,34,74,18,-5.89139952158172,16
4548,1,12,46,6,-5.891865749051654,6
4549,107,17,6,10,-5.906261036560345,7
4550,68,55,39,31,-5.907725939188766,24
4551,45,15,41,10,-5.914462706154762,5
4552,63,10,93,6,-5.917563250275586,4
4553,114,20,73,12,-5.924435121305104,8
4554,63,45,37,27,-5.933785173114153,18
4555,40,13,112,7,-5.934161105944305,6
4556,69,30,13,18,-5.935740401036207,12
4557,28,50,104,29,-5.9417102215711495,21
4558,43,15,41,9,-5.943674988011268,6
4559,7,15,33,8,-5.9471342175078945,7
4560,14,12,39,7,-5.9475481477923315,5
4561,10,12,97,6,-5.950831581917707,6
4562,17,34,86,18,-5.961143965020202,16
4563,53,52,68,31,-5.964244334939566,21
4564,38,10,12,6,-5.966686013029675,4
4565,40,18,97,11,-5.966918416140385,7
4566,55,67,16,42,-5.96931756237179,25
4567,37,12,29,7,-5.974501161749752,5
4568,18,20,64,12,-5.974775055211904,8
4569,27,12,74,6,-5.991317096712257,6
4570,31,25,114,14,-5.9918765203954925,11
4571,100,19,37,12,-6.000890669706825,7
4572,17,14,100,10,-6.011059679512768,4
4573,17,10,99,6,-6.011623328938978,4
4574,7,11,85,7,-6.023882130639264,4
4575,46,20,95,12,-6.027785407812037,8
4576,50,17,91,11,-6.027790824025908,6
4577,86,38,64,22,-6.0307653391474,16
4578,79,20,16,12,-6.030959275561986,8
4579,31,31,75,17,-6.03348213428737,14
4580,98,24,7,15,-6.033686003781978,9
4581,32,16,8,9,-6.041444852098721,7
4582,18,24,63,15,-6.046455003215171,9
4583,54,34,13,21,-6.04678292637108,13
4584,63,19,90,11,-6.053395439788755,8
4585,28,18,23,10,-6.0662027716624305,8
4586,41,27,23,16,-6.068042449918635,11
4587,48,14,74,7,-6.068043245358376,7
4588,69,10,55,6,-6.075582313218194,4
4589,20,29,70,18,-6.0805113791791925,11
4590,108,10,79,7,-6.083927302918585,3
4591,107,23,111,12,-6.08814286411973,11
4592,16,44,30,26,-6.09664451906873,18
4593,16,12,85,8,-6.107616384074388,4
4594,7,12,90,7,-6.108519045195329,5
4595,29,18,39,10,-6.11667916860653,8
4596,31,13,81,9,-6.1171597913254026,4
4597,88,35,25,23,-6.12387967695023,12
4598,97,24,55,15,-6.128965912516969,9
4599,80,13,31,9,-6.13276887148396,4
4600,48,10,23,6,-6.136507124451631,4
4601,46,14,109,8,-6.137839688733693,6
4602,63,16,78,8,-6.142144937717797,8
4603,39,48,40,29,-6.1478732659202615,19
4604,112,15,31,10,-6.149641402394962,5
4605,89,10,63,7,-6.159771716986654,3
4606,36,47,13,29,-6.167141158071527,18
4607,20,45,65,28,-6.17102810501078,17
4608,76,23,97,13,-6.171425808149793,10
4609,35,14,55,8,-6.18171019735336,6
4610,71,12,91,7,-6.18747414228945,5
4611,2,28,63,16,-6.200018491851487,12
4612,70,28,74,15,-6.203999405338755,13
4613,84,15,35,9,-6.209299301194262,6
4614,81,16,15,9,-6.21129784349055,7
4615,6,15,65,9,-6.216451840954274,6
4616,68,12,72,7,-6.2229147971092145,5
4617,55,31,80,17,-6.225846961531595,14
4618,6,17,13,10,-6.2267295430039455,7
4619,29,15,28,9,-6.228934107057336,6
4620,50,41,104,25,-6.230364171354916,16
4621,62,15,54,9,-6.240490314200173,6
4622,5,17,43,10,-6.250727481432203,7
4623,16,17,110,10,-6.257086999581945,7
4624,87,18,108,11,-6.262008842945725,7
4625,39,22,92,12,-6.263991845659126,10
4626,95,12,15,7,-6.265255655621161,5
4627,96,11,69,7,-6.268969865653717,4
4628,5,45,20,28,-6.270373633442783,17
4629,30,19,20,11,-6.270512840524559,8
4630,4,21,86,13,-6.2794844995496994,8
4631,41,28,87,17,-6.282239020662331,11
4632,102,11,41,7,-6.282861273718874,4
4633,92,12,16,9,-6.284475222709882,3
4634,64,16,70,11,-6.2860092045587415,5
4635,114,17,23,11,-6.291790840234865,6
4636,83,16,39,10,-6.297771796270442,6
4637,55,13,29,8,-6.301089833667023,5
4638,16,40,20,26,-6.318333724670657,14
4639,60,12,80,7,-6.326591453694461,5
4640,112,14,54,9,-6.326711825622494,5
4641,94,18,13,11,-6.333471224988879,7
4642,111,10,81,7,-6.333917467029675,3
4643,104,40,40,25,-6.3350568236152025,15
4644,87,82,16,48,-6.337926832965373,34
4645,40,22,62,11,-6.340588914856938,11
4646,69,23,107,14,-6.34176551067775,9
4647,83,29,86,19,-6.342700324127685,10
4648,87,16,15,9,-6.3463488110906745,7
4649,112,15,51,9,-6.350376289921741,6
4650,27,13,92,7,-6.356396578041118,6
4651,56,21,7,12,-6.361794853449643,9
4652,43,11,57,8,-6.37341690737889,3
4653,69,12,81,7,-6.376661023241456,5
4654,51,30,20,16,-6.3907803506271055,14
4655,77,13,106,7,-6.407119934187455,6
4656,77,19,107,11,-6.4169470483546815,8
4657,33,16,40,11,-6.427211772717695,5
4658,39,22,100,13,-6.432511887302127,9
4659,109,20,41,13,-6.432688342356182,7
4660,87,20,4,13,-6.445923142452617,7
4661,86,31,69,18,-6.447204277363733,13
4662,28,10,6,6,-6.452419128804086,4
4663,86,30,27,19,-6.453315924089684,11
4664,39,54,86,31,-6.454361372746669,23
4665,87,25,90,15,-6.454852453391627,10
4666,112,30,86,18,-6.458697068748916,12
4667,29,13,70,7,-6.465173609286503,6
4668,84,18,98,12,-6.475666713551258,6
4669,9,20,70,13,-6.477071321597405,7
4670,68,18,20,10,-6.489643733297491,8
4671,104,10,48,6,-6.493358473776669,4
4672,54,20,1,12,-6.4933945511101445,8
4673,108,21,16,13,-6.502477858846357,8
4674,28,15,35,8,-6.525585250622974,7
4675,78,16,84,10,-6.528996584417213,6
4676,81,29,86,20,-6.532482502137965,9
4677,55,10,49,6,-6.541972088163769,4
4678,70,58,54,35,-6.543056803225656,23
4679,18,21,77,14,-6.545250800191178,7
4680,27,29,16,18,-6.548968077490891,11
4681,68,18,58,11,-6.553002087451514,7
4682,51,11,72,6,-6.553708462421182,5
4683,53,44,107,27,-6.556157644451659,17
4684,25,37,104,21,-6.567754121461538,16
4685,114,26,53,15,-6.571088082289226,11
4686,38,25,39,15,-6.576359256983345,10
4687,43,40,13,22,-6.584602401444724,18
4688,96,28,65,16,-6.593487230396348,12
4689,30,16,34,10,-6.601140375094156,6
4690,64,21,55,14,-6.604925944972096,7
4691,81,18,71,11,-6.61709770119633,7
4692,75,10,85,7,-6.619293441212882,3
4693,9,14,74,9,-6.620459467868888,5
4694,5,48,25,29,-6.626414170343123,19
4695,51,33,64,20,-6.629193432400994,13
4696,37,22,39,13,-6.632156694863052,9
4697,65,30,4,18,-6.635600395573753,12
4698,17,10,72,6,-6.642338096334112,4
4699,5,26,32,16,-6.6474470604519045,10
4700,114,15,76,10,-6.653911993113485,5
4701,37,19,71,11,-6.65399605348867,8
4702,87,13,12,8,-6.654704325795005,5
4703,88,74,54,44,-6.654867228993362,30
4704,71,11,83,6,-6.6562053803338666,5
4705,13,13,14,9,-6.663851771345143,4
4706,88,36,27,20,-6.672694825026895,16
4707,62,18,7,11,-6.690218008322474,7
4708,106,11,111,8,-6.697425895741327,3
4709,71,24,28,15,-6.697570308642472,9
4710,74,15,83,8,-6.703298030488857,7
4711,12,21,60,10,-6.704537300087495,11
4712,109,25,107,16,-6.707778229737098,9
4713,97,35,28,22,-6.716635909782018,13
4714,32,10,65,6,-6.718474357729474,4
4715,95,11,100,6,-6.722166987268522,5
4716,98,11,27,6,-6.722224921815258,5
4717,95,13,14,8,-6.731405281187272,5
4718,96,38,74,24,-6.731828732252354,14
4719,78,14,40,10,-6.732885786530082,4
4720,63,18,100,10,-6.742683547587138,8
4721,71,10,94,6,-6.748460655059317,4
4722,18,19,30,11,-6.749976540021853,8
4723,90,13,53,8,-6.752088210585149,5
4724,94,15,86,9,-6.7534489977261485,6
4725,23,43,13,24,-6.759962036733637,19
4726,107,23,33,13,-6.763493299081546,10
4727,19,11,38,8,-6.772394939740198,3
4728,108,10,81,6,-6.778588424753946,4
4729,27,14,6,8,-6.780540737481573,6
4730,51,81,39,48,-6.781026894224875,33
4731,87,16,1,9,-6.782771040032775,7
4732,31,10,55,6,-6.798197972656263,4
4733,71,10,49,6,-6.8003776926672845,4
4734,45,18,60,10,-6.802248227913869,8
4735,114,16,100,10,-6.806713890734191,6
4736,96,20,51,12,-6.8091583197949745,8
4737,9,14,25,9,-6.810304163725227,5
4738,6,21,44,14,-6.81356281665085,7
4739,4,13,56,7,-6.816273515879698,6
4740,86,40,98,23,-6.818936598158919,17
4741,104,22,30,12,-6.820606807560422,10
4742,66,14,65,9,-6.821265394674894,5
4743,31,69,68,41,-6.8216343585610195,28
4744,78,28,86,17,-6.822056261466189,11
4745,68,10,89,6,-6.826893879643049,4
4746,46,20,7,13,-6.8293660676717325,7
4747,106,25,95,16,-6.830338155584793,9
4748,96,14,78,9,-6.830515928543477,5
4749,96,80,86,49,-6.839782165020976,31
4750,51,99,7,62,-6.849475435937795,37
4751,95,29,13,17,-6.852052215706936,12
4752,96,19,114,12,-6.857320738328298,7
4753,11,17,75,10,-6.860129083231022,7
4754,4,43,60,24,-6.864343045215706,19
4755,99,15,106,10,-6.882359612487446,5
4756,5,47,114,28,-6.885144276646174,19
4757,65,22,90,12,-6.887045978873849,10
4758,88,16,76,9,-6.891817282335724,7
4759,53,10,49,6,-6.90781300095477,4
4760,54,25,93,16,-6.919601882693421,9
4761,30,19,75,11,-6.923427737676235,8
4762,88,12,99,7,-6.939131232028662,5
4763,43,18,100,10,-6.945332357815133,8
4764,38,11,2,6,-6.952650087165873,5
4765,104,18,32,12,-6.959225086389547,6
4766,36,34,16,21,-6.96230955324868,13
4767,97,23,18,14,-6.965163575719862,9
4768,33,17,8,11,-6.9756022430017754,6
4769,39,23,46,12,-6.9816941894182785,11
4770,55,20,17,11,-6.987444025974705,9
4771,13,23,111,13,-6.988942249892523,10
4772,1,19,114,12,-6.990089974683046,7
4773,5,15,62,9,-6.9927087595973925,6
4774,48,13,80,9,-6.99747900943173,4
4775,98,30,91,18,-7.00578119436403,12
4776,45,15,35,8,-7.020124866610042,7
4777,53,27,87,15,-7.0226395127694765,12
4778,40,15,95,9,-7.026458120737084,6
4779,18,16,100,9,-7.026565168419708,7
4780,51,15,62,9,-7.028758985101916,6
4781,39,77,16,46,-7.03206781245245,31
4782,112,15,41,9,-7.039515078376401,6
4783,73,16,65,10,-7.056062739811477,6
4784,36,18,99,12,-7.061516094995873,6
4785,25,21,100,12,-7.062312436550092,9
4786,49,14,50,8,-7.064134383315742,6
4787,98,14,102,8,-7.075813129571892,6
4788,88,59,65,38,-7.0780668459474585,21
4789,70,35,28,21,-7.078735797739843,14
4790,62,20,28,12,-7.086204539456472,8
4791,19,16,68,9,-7.090473719692582,7
4792,10,10,11,6,-7.092215172488676,4
4793,107,12,67,8,-7.124134838046419,4
4794,3,23,88,14,-7.12663205785296,9
4795,67,11,88,8,-7.127393540580368,3
4796,48,32,63,20,-7.1299692009467925,12
4797,107,57,75,39,-7.131800392099847,18
4798,91,27,87,17,-7.142016410462964,10
4799,55,50,40,31,-7.142420946012767,19
4800,60,17,5,11,-7.144002600647478,6
4801,84,18,38,10,-7.154125748328735,8
4802,14,14,86,8,-7.166696838482464,6
4803,112,16,36,10,-7.175574629533439,6
4804,63,20,27,11,-7.19472225275396,9
4805,51,12,48,6,-7.20224130205775,6
4806,40,20,35,13,-7.223846117897835,7
4807,106,60,13,37,-7.224822308695077,23
4808,81,14,114,8,-7.238705590547008,6
4809,40,27,114,18,-7.240772461331045,9
4810,75,10,20,6,-7.241047227766171,4
4811,40,32,54,19,-7.243609732204197,13
4812,5,14,31,9,-7.246607645789562,5
4813,15,11,49,7,-7.248095103585943,4
4814,90,13,46,8,-7.250761878801305,5
4815,93,12,98,7,-7.251352809271133,5
4816,93,10,29,6,-7.254266289134743,4
4817,81,19,75,12,-7.259552889264539,7
4818,98,17,20,11,-7.267496359610283,6
4819,70,16,110,10,-7.267896542251016,6
4820,96,10,62,7,-7.268496266352443,3
4821,57,13,106,7,-7.272492874678534,6
4822,68,20,55,13,-7.273979151335479,7
4823,13,42,114,23,-7.284350704257173,19
4824,98,20,13,13,-7.284404613166717,7
4825,29,16,97,10,-7.284915525257297,6
4826,40,31,43,18,-7.287691070183636,13
4827,65,55,51,35,-7.289610971438152,20
4828,61,11,47,7,-7.295405799949464,4
4829,9,17,17,10,-7.295940921809663,7
4830,3,28,13,19,-7.300646281741025,9
4831,91,41,16,27,-7.309347152714906,14
4832,106,24,39,14,-7.312269199982411,10
4833,55,26,109,14,-7.3182997081126135,12
4834,65,23,1,13,-7.319832649719675,10
4835,5,42,70,25,-7.323141246130922,17
4836,107,32,2,20,-7.328844122982543,12
4837,68,26,97,16,-7.331657709218834,10
4838,2,16,75,9,-7.332326563651874,7
4839,8,25,73,15,-7.3587900254771785,10
4840,23,13,49,8,-7.360298065336568,5
4841,61,18,53,12,-7.3640960284192225,6
4842,114,10,77,6,-7.365477220397804,4
4843,33,16,25,11,-7.36592627296452,5
4844,74,15,34,10,-7.367415754617588,5
4845,71,10,73,6,-7.373234065194552,4
4846,16,50,75,30,-7.388425679021318,20
4847,5,10,1,6,-7.391988711274882,4
4848,65,22,38,12,-7.3978293950527565,10
4849,46,41,37,27,-7.398384968299376,14
4850,68,11,29,7,-7.409353661857099,4
4851,41,34,36,18,-7.412500474371831,16
4852,91,19,8,12,-7.416456742894205,7
4853,76,20,112,11,-7.420620932537434,9
4854,109,44,54,28,-7.42149631612999,16
4855,87,49,7,31,-7.4314438134316605,18
4856,100,31,16,20,-7.436192688841409,11
4857,43,17,64,10,-7.438967254563773,7
4858,84,28,8,18,-7.447150756775401,10
4859,75,30,46,18,-7.449361290092636,12
4860,97,53,86,32,-7.453774682156136,21
4861,110,21,37,12,-7.457046552670356,9
4862,53,12,45,7,-7.463487107897495,5
4863,31,37,64,23,-7.4738922265185375,14
4864,43,32,16,21,-7.4754066874217795,11
4865,63,15,108,9,-7.475559971035059,6
4866,36,14,70,8,-7.476080415111231,6
4867,89,10,48,7,-7.47675761274391,3
4868,96,11,41,8,-7.480521636982391,3
4869,29,10,64,7,-7.494394888436804,3
4870,60,30,54,19,-7.494934117874264,11
4871,88,106,16,67,-7.509350786852021,39
4872,50,13,15,8,-7.509982415529958,5
4873,52,11,65,8,-7.511225896554021,3
4874,12,19,53,11,-7.511441486905761,8
4875,76,25,16,13,-7.512035601002999,12
4876,77,18,55,11,-7.520653437888105,7
4877,55,11,6,8,-7.526848268362213,3
4878,33,20,51,14,-7.541152096210821,6
4879,43,14,3,9,-7.555171817755039,5
4880,74,21,102,13,-7.5623629094952465,8
4881,5,14,34,10,-7.5706698448560905,4
4882,66,18,107,11,-7.57118010681632,7
4883,20,21,91,12,-7.573934817025565,9
4884,77,12,46,7,-7.574271980014295,5
4885,114,31,28,18,-7.584853881328922,13
4886,36,10,72,6,-7.585561627806541,4
4887,88,18,58,11,-7.5880987725104365,7
4888,36,20,18,12,-7.59490287850123,8
4889,91,13,23,7,-7.630492751883035,6
4890,80,22,96,14,-7.6325568595370585,8
4891,43,33,107,21,-7.633857276455769,12
4892,5,29,97,19,-7.639418302115126,10
4893,88,20,108,13,-7.642505031143239,7
4894,9,35,16,23,-7.644783932906994,12
4895,60,11,70,7,-7.646435749026202,4
4896,31,13,33,7,-7.647223417443056,6
4897,96,24,37,14,-7.66584492569651,10
4898,38,29,37,18,-7.668156637885105,11
4899,11,32,5,20,-7.6874421575338765,12
4900,7,25,111,15,-7.6903234257719815,10
4901,20,35,39,20,-7.691469595920376,15
4902,11,11,64,8,-7.699861982788658,3
4903,77,15,41,10,-7.700447698799745,5
4904,64,13,46,8,-7.70178518963715,5
4905,87,44,68,27,-7.713445601645925,17
4906,65,40,30,25,-7.715483969963989,15
4907,84,19,85,13,-7.728375933674782,6
4908,52,10,63,6,-7.736846011905837,4
4909,87,18,78,10,-7.738249145100052,8
4910,84,11,44,6,-7.741464370739851,5
4911,16,17,81,11,-7.744341233366222,6
4912,54,13,73,8,-7.746921178252214,5
4913,25,49,37,29,-7.755599308877523,20
4914,73,11,53,7,-7.756297558195456,4
4915,18,22,50,13,-7.75840176806416,9
4916,86,14,10,8,-7.764445720347282,6
4917,39,23,57,14,-7.767705201432489,9
4918,81,15,41,10,-7.770221546669878,5
4919,114,14,92,10,-7.774797164908212,4
4920,18,28,68,17,-7.775566947501909,11
4921,48,15,50,10,-7.798532000224026,5
4922,110,12,114,8,-7.80031681097971,4
4923,49,21,75,13,-7.802050873504806,8
4924,40,36,87,21,-7.816149468605837,15
4925,46,46,25,27,-7.8204011950255445,19
4926,98,17,8,11,-7.832264077196576,6
4927,54,57,63,36,-7.834983225160243,21
4928,2,11,7,7,-7.836909370766421,4
4929,68,65,40,42,-7.838614763228133,23
4930,109,19,53,12,-7.841205358929898,7
4931,69,13,104,9,-7.84643581421697,4
4932,91,26,106,17,-7.859341034872017,9
4933,35,12,44,7,-7.859665557157517,5
4934,90,25,114,15,-7.8701656835045455,10
4935,23,17,55,9,-7.8715706098888365,8
4936,81,24,60,15,-7.879588509675568,9
4937,108,11,76,7,-7.890267325318873,4
4938,38,13,71,9,-7.906029048659733,4
4939,102,20,57,12,-7.906650367160248,8
4940,82,10,88,6,-7.9125780836424955,4
4941,18,22,54,13,-7.917650548154778,9
4942,20,16,33,10,-7.9280624383644875,6
4943,64,12,77,6,-7.928282722369054,6
4944,34,10,18,7,-7.93407311360503,3
4945,77,13,27,8,-7.939137496569419,5
4946,87,17,73,12,-7.94220715025842,5
4947,19,15,87,9,-7.943589688548751,6
4948,53,12,89,7,-7.949973026478008,5
4949,5,25,65,15,-7.967561696591303,10
4950,13,30,81,19,-7.974436586188656,11
4951,4,12,12,8,-7.976222296376226,4
4952,39,31,84,19,-7.9765097082554295,12
4953,84,28,5,17,-7.986435375626319,11
4954,70,16,13,10,-7.990308468406848,6
4955,96,19,102,12,-7.995631160966494,7
4956,25,12,48,7,-8.01244102921806,5
4957,9,11,35,6,-8.012816785902407,5
4958,50,41,75,27,-8.02466935745211,14
4959,13,26,108,17,-8.028546837864384,9
4960,27,16,37,10,-8.030406858059436,6
4961,107,26,58,17,-8.037629940895535,9
4962,51,87,86,51,-8.048542782559926,36
4963,12,11,9,7,-8.058955245687951,4
4964,91,15,51,10,-8.060157448942936,5
4965,46,13,53,8,-8.064750592390654,5
4966,97,16,110,10,-8.077466293642948,6
4967,5,61,8,37,-8.080732178020163,24
4968,9,26,18,17,-8.084125941611262,9
4969,10,15,7,9,-8.086365440359023,6
4970,27,13,49,8,-8.087391629783898,5
4971,50,30,60,17,-8.087484578525556,13
4972,46,16,30,10,-8.098498106037622,6
4973,7,31,45,19,-8.09975676882742,12
4974,88,19,100,12,-8.116464062015531,7
4975,107,10,26,6,-8.136960920766814,4
4976,112,10,4,6,-8.145974306589782,4
4977,63,65,16,40,-8.146976419258557,25
4978,61,12,107,7,-8.157075963099336,5
4979,76,38,86,24,-8.159754461381873,14
4980,71,28,50,17,-8.165371088482388,11
4981,33,11,68,7,-8.166895131198164,4
4982,30,18,50,11,-8.173377893689405,7
4983,46,41,16,26,-8.183640915625267,15
4984,60,35,104,25,-8.183651908443377,10
4985,39,25,74,15,-8.19553508787693,10
4986,109,24,11,16,-8.196422948591085,8
4987,93,24,87,15,-8.201353690040278,9
4988,3,24,40,16,-8.21009163331203,8
4989,1,26,86,16,-8.213403239086288,10
4990,104,28,41,16,-8.222150207467427,12
4991,106,21,69,13,-8.230262561693124,8
4992,2,10,94,6,-8.235738884159375,4
4993,14,12,37,7,-8.266467835075433,5
4994,55,34,50,20,-8.268886532039618,14
4995,76,12,75,7,-8.269580351796622,5
4996,91,18,41,12,-8.276671952774393,6
4997,29,20,84,12,-8.278852142240282,8
4998,106,31,90,21,-8.28384546124837,10
4999,37,19,80,12,-8.28505550529825,7
5000,85,12,63,7,-8.296401774903984,5
5001,30,29,53,18,-8.306098230837584,11
5002,51,39,76,26,-8.339242903099509,13
5003,68,20,69,12,-8.34403265511844,8
5004,112,20,39,12,-8.345179878987272,8
5005,31,32,41,20,-8.353957395244585,12
5006,5,22,7,14,-8.357081514884824,8
5007,109,10,57,6,-8.357793842250306,4
5008,9,11,11,7,-8.359525570926444,4
5009,104,10,67,6,-8.393331116483225,4
5010,67,14,109,7,-8.41022889195963,7
5011,91,24,68,14,-8.412577437061726,10
5012,8,20,64,13,-8.418575329228208,7
5013,79,21,48,13,-8.423308200700253,8
5014,90,19,73,12,-8.424101991862472,7
5015,114,20,55,13,-8.432483182241098,7
5016,70,24,96,13,-8.437417991026262,11
5017,114,32,8,21,-8.446067232393617,11
5018,96,14,95,9,-8.450373982592183,5
5019,85,10,69,6,-8.472081723542168,4
5020,77,14,74,9,-8.485489523270209,5
5021,1,16,75,11,-8.487454866261048,5
5022,84,45,63,27,-8.49151698936719,18
5023,40,28,64,18,-8.49607162432113,10
5024,41,20,20,12,-8.49990215185767,8
5025,45,10,91,6,-8.504304930616431,4
5026,88,23,62,14,-8.51262512712999,9
5027,48,28,86,18,-8.527783865058888,10
5028,39,12,34,7,-8.530792842427957,5
5029,106,13,12,9,-8.530975907772833,4
5030,62,13,114,8,-8.549556180002718,5
5031,36,11,78,7,-8.552435160203329,4
5032,7,19,78,11,-8.565348954184037,8
5033,3,13,41,10,-8.570007818582788,3
5034,55,23,95,15,-8.57500650986488,8
5035,50,22,90,14,-8.598522697493998,8
5036,13,33,47,21,-8.605595364799179,12
5037,60,34,23,22,-8.60880728241122,12
5038,63,51,51,30,-8.615807425389162,21
5039,57,12,76,8,-8.631010009083715,4
5040,97,19,41,12,-8.638943706099203,7
5041,31,31,9,20,-8.678153869820548,11
5042,88,16,77,10,-8.678317130754186,6
5043,60,15,76,11,-8.678706996102923,4
5044,35,25,107,17,-8.683347995006125,8
5045,39,14,110,10,-8.694421097429624,4
5046,2,10,30,6,-8.704387763563812,4
5047,20,35,63,21,-8.70524806527441,14
5048,102,15,63,9,-8.71016569998991,6
5049,86,15,45,9,-8.710518828201982,6
5050,45,10,58,6,-8.721721801464438,4
5051,57,26,8,17,-8.727187925997562,9
5052,17,22,4,15,-8.72773506800961,7
5053,11,23,104,15,-8.742484307216113,8
5054,106,14,38,7,-8.74501943352997,7
5055,88,36,39,23,-8.756638990991735,13
5056,18,23,106,15,-8.778191080978738,8
5057,77,12,109,7,-8.789144881364967,5
5058,72,11,85,8,-8.800228412539498,3
5059,42,10,106,7,-8.802546839644418,3
5060,47,18,36,12,-8.810892372607713,6
5061,76,28,63,19,-8.821395394022662,9
5062,36,19,63,12,-8.822881427312195,7
5063,77,13,49,9,-8.842593838828112,4
5064,87,15,32,10,-8.84415502943487,5
5065,3,17,53,11,-8.845189139081638,6
5066,29,15,13,9,-8.860571417374171,6
5067,12,16,23,10,-8.872217683410863,6
5068,40,16,28,9,-8.877350715587879,7
5069,13,20,44,13,-8.886721786197054,7
5070,97,12,69,8,-8.888377862411463,4
5071,109,20,7,13,-8.908032141063202,7
5072,107,15,89,10,-8.908975430626485,5
5073,25,19,110,13,-8.917701672558223,6
5074,91,10,11,7,-8.923724837318142,3
5075,31,12,73,8,-8.93891957013575,4
5076,68,25,28,17,-8.940487090707837,8
5077,80,13,11,8,-8.941133144462878,5
5078,32,11,28,7,-8.963821007682874,4
5079,114,20,47,12,-8.969382880850324,8
5080,36,18,97,11,-8.970668153566264,7
5081,52,15,28,9,-8.975367013246691,6
5082,60,17,17,11,-8.995312545980157,6
5083,20,10,19,6,-8.998414633482223,4
5084,1,25,16,18,-9.00003911994724,7
5085,57,15,114,10,-9.000054094310599,5
5086,36,15,5,9,-9.008614310253614,6
5087,70,16,30,9,-9.016092338129875,7
5088,100,18,75,10,-9.024866169547831,8
5089,112,10,58,6,-9.041979275484929,4
5090,68,21,47,14,-9.052758514326356,7
5091,75,34,28,22,-9.068390514566694,12
5092,94,16,28,11,-9.068842266957848,5
5093,86,29,44,19,-9.073857704921481,10
5094,57,19,11,11,-9.07906529920014,8
5095,8,34,95,21,-9.07920947405897,13
5096,69,31,16,20,-9.108263327756001,11
5097,31,15,109,10,-9.113887572404183,5
5098,17,11,92,7,-9.114563540800457,4
5099,17,18,104,11,-9.118260519592534,7
5100,107,32,57,20,-9.12151327820057,12
5101,69,12,62,7,-9.133574808880725,5
5102,18,42,13,26,-9.15021879704067,16
5103,5,43,50,26,-9.156049369840705,17
5104,107,18,78,12,-9.158524152991715,6
5105,40,15,92,10,-9.168940871834318,5
5106,102,15,40,9,-9.171373555966687,6
5107,49,15,41,9,-9.171912615870816,6
5108,86,39,41,26,-9.172157333193885,13
5109,91,13,15,7,-9.175439096539634,6
5110,40,17,73,11,-9.199997222971483,6
5111,40,12,2,8,-9.204153353273353,4
5112,31,10,19,7,-9.206206241182459,3
5113,4,15,27,9,-9.21491506769711,6
5114,81,11,64,7,-9.217681779438383,4
5115,37,15,64,10,-9.227089681457189,5
5116,69,16,70,11,-9.227346228401576,5
5117,25,44,7,29,-9.23372449337842,15
5118,76,10,15,6,-9.241288842836557,4
5119,102,10,100,7,-9.252164791252763,3
5120,93,13,75,8,-9.279825087560207,5
5121,77,19,63,13,-9.291814452323939,6
5122,68,57,75,38,-9.30062786886553,19
5123,67,15,86,9,-9.306541844943451,6
5124,70,17,50,10,-9.316243790355681,7
5125,58,16,60,10,-9.319426070200468,6
5126,51,15,111,10,-9.328246716797015,5
5127,29,17,60,10,-9.328648293170021,7
5128,109,12,30,8,-9.335355797138938,4
5129,2,29,28,19,-9.34282167881126,10
5130,50,12,23,9,-9.354699302165743,3
5131,33,14,87,9,-9.358610632806945,5
5132,111,15,28,10,-9.365771514395545,5
5133,39,17,76,12,-9.374915521858478,5
5134,36,11,109,8,-9.390936468630553,3
5135,109,25,63,15,-9.392892060380623,10
5136,57,11,3,7,-9.39336147896605,4
5137,107,22,45,14,-9.39975575090587,8
5138,60,14,108,9,-9.402734068128316,5
5139,112,11,38,8,-9.413940162098223,3
5140,92,14,64,7,-9.432471863302016,7
5141,53,12,78,7,-9.436495389192622,5
5142,63,11,32,7,-9.44232166344675,4
5143,68,28,76,21,-9.459920139276978,7
5144,17,12,102,8,-9.460667678985605,4
5145,96,47,16,33,-9.462953828826512,14
5146,51,23,97,16,-9.463450569827408,7
5147,58,10,70,7,-9.487562225897111,3
5148,60,13,102,8,-9.490462801517765,5
5149,7,29,37,18,-9.500511382222342,11
5150,99,22,37,15,-9.502759058160713,7
5151,13,21,90,14,-9.506733485788098,7
5152,2,13,114,8,-9.50915856241785,5
5153,80,14,90,10,-9.509239360264804,4
5154,36,17,8,11,-9.51236026695053,6
5155,25,32,20,21,-9.520523686179052,11
5156,31,22,1,13,-9.525804060927038,9
5157,108,13,106,9,-9.535201707134298,4
5158,68,15,92,10,-9.538113226799515,5
5159,97,24,13,15,-9.567486234498414,9
5160,60,44,64,30,-9.569439655645416,14
5161,84,32,20,23,-9.579627269291699,9
5162,7,20,73,12,-9.582485903794177,8
5163,88,31,15,22,-9.58291430022994,9
5164,39,14,80,9,-9.589468521855673,5
5165,53,13,8,9,-9.596286006275326,4
5166,86,25,43,17,-9.598085131900419,8
5167,84,18,83,11,-9.60947373437216,7
5168,8,14,99,8,-9.611065592860308,6
5169,9,16,76,11,-9.62150457184245,5
5170,109,17,70,11,-9.623350653501726,6
5171,109,22,74,15,-9.62539761750223,7
5172,53,23,41,15,-9.631953807885303,8
5173,114,10,78,6,-9.632244308821944,4
5174,104,10,93,6,-9.63796658188527,4
5175,51,37,100,21,-9.638672092780272,16
5176,114,10,22,5,-9.649313306364819,5
5177,17,15,41,10,-9.654478177971626,5
5178,63,16,111,10,-9.656549842780757,6
5179,71,12,100,8,-9.66068752031631,4
5180,38,12,53,8,-9.664145468055217,4
5181,109,17,17,11,-9.67292277687966,6
5182,31,19,43,9,-9.720852773553686,10
5183,32,16,16,10,-9.721720922013692,6
5184,16,13,89,8,-9.733195931265595,5
5185,76,14,13,9,-9.765754801505128,5
5186,62,12,100,7,-9.768885934940618,5
5187,83,24,37,15,-9.783726366978415,9
5188,29,12,112,7,-9.788855332685793,5
5189,93,10,62,6,-9.798162399200404,4
5190,51,17,102,11,-9.81128950469166,6
5191,107,27,48,17,-9.812988008703408,10
5192,75,25,104,16,-9.822163907084752,9
5193,57,13,54,10,-9.824315369895016,3
5194,98,10,53,6,-9.839111782848335,4
5195,79,26,86,17,-9.841357831333447,9
5196,63,16,30,10,-9.842696842263113,6
5197,18,12,76,8,-9.8476224935035,4
5198,91,34,63,23,-9.863803572303501,11
5199,71,15,17,9,-9.874078720771612,6
5200,54,17,2,12,-9.883928701627932,5
5201,39,39,18,26,-9.885046818102037,13
5202,9,32,87,19,-9.890957993800642,13
5203,30,13,27,8,-9.896355661349038,5
5204,3,14,25,9,-9.907996037168818,5
5205,29,10,46,5,-9.908374858149834,5
5206,2,10,95,7,-9.9203126299905,3
5207,88,18,73,12,-9.974203425238962,6
5208,52,13,87,8,-9.98485251805505,5
5209,109,14,93,9,-9.987067099161266,5
5210,10,13,107,8,-9.98735340517921,5
5211,48,11,34,7,-9.987399142382838,4
5212,65,25,95,16,-9.987438820754939,9
5213,57,12,75,8,-10.001839571130395,4
5214,18,43,16,29,-10.022908903594146,14
5215,18,14,11,9,-10.031989827572827,5
5216,107,13,110,9,-10.034721322746934,4
5217,38,10,44,7,-10.048373138060267,3
5218,83,23,13,15,-10.067954696106943,8
5219,49,16,40,10,-10.077718304922938,6
5220,106,12,79,8,-10.079963228120917,4
5221,74,11,89,7,-10.093150392265773,4
5222,8,24,18,17,-10.10300859124231,7
5223,93,36,65,22,-10.107687501917342,14
5224,43,28,39,17,-10.108201581404133,11
5225,36,36,53,25,-10.11473282468799,11
5226,102,20,50,12,-10.118106239071224,8
5227,35,10,8,7,-10.118762046100299,3
5228,15,20,8,12,-10.121581558030638,8
5229,70,14,46,9,-10.128652016947743,5
5230,109,10,92,7,-10.132066653367776,3
5231,31,37,53,23,-10.136338371296794,14
5232,23,11,96,7,-10.143008283174424,4
5233,39,13,58,9,-10.147489402696785,4
5234,102,14,76,9,-10.166991590900437,5
5235,9,24,64,17,-10.178655144521004,7
5236,104,13,89,8,-10.178686881843591,5
5237,37,41,97,27,-10.190687502541847,14
5238,33,13,71,9,-10.195530501937561,4
5239,2,15,98,9,-10.198603389321665,6
5240,96,24,48,16,-10.200121519345737,8
5241,106,63,16,43,-10.201810935158226,20
5242,39,24,91,16,-10.206322081312436,8
5243,37,36,11,24,-10.207174749413833,12
5244,68,24,25,16,-10.21179043309895,8
5245,31,17,30,10,-10.214096274935343,7
5246,43,16,54,10,-10.232904276690352,6
5247,106,16,67,10,-10.252161434234205,6
5248,99,12,77,9,-10.252199704478636,3
5249,50,15,85,10,-10.26203922127155,5
5250,9,19,15,11,-10.263935810819845,8
5251,104,12,34,8,-10.27427919250402,4
5252,54,12,38,8,-10.280232127604942,4
5253,3,13,15,8,-10.29706816275668,5
5254,31,29,107,16,-10.30345756995746,13
5255,63,18,57,11,-10.314939985261887,7
5256,81,14,7,8,-10.321582987727558,6
5257,1,13,37,8,-10.34216426905315,5
5258,7,10,94,7,-10.355621654064775,3
5259,84,18,112,12,-10.358451447508308,6
5260,81,13,104,7,-10.361322759461327,6
5261,18,11,3,8,-10.36192093091692,3
5262,107,32,80,22,-10.362863354930886,10
5263,60,21,49,14,-10.368756848511252,7
5264,93,16,106,10,-10.37915501513517,6
5265,57,10,100,6,-10.38688479130181,4
5266,12,10,28,7,-10.401916137932794,3
5267,54,23,100,15,-10.421773818682981,8
5268,7,11,110,6,-10.42257657923173,5
5269,114,19,95,12,-10.422604339796184,7
5270,108,20,53,12,-10.431511884012183,8
5271,39,16,44,10,-10.434810009571377,6
5272,60,11,34,8,-10.444545857082172,3
5273,112,25,64,18,-10.44734880369225,7
5274,69,27,60,16,-10.453461646225001,11
5275,62,10,49,7,-10.453994552700898,3
5276,112,14,100,9,-10.456632827685278,5
5277,31,10,6,6,-10.459894630543896,4
5278,77,12,23,8,-10.47207373365885,4
5279,102,19,107,12,-10.474471969151432,7
5280,8,35,75,24,-10.477015226263449,11
5281,13,15,19,10,-10.478851089928181,5
5282,102,14,75,10,-10.47886729381523,4
5283,69,18,63,13,-10.495670691796661,5
5284,20,37,50,25,-10.501577095705532,12
5285,12,12,114,7,-10.504954578013217,5
5286,37,14,89,8,-10.519274673853,6
5287,36,27,27,17,-10.523349599331356,10
5288,97,19,71,13,-10.523533962196899,6
5289,56,16,86,11,-10.543126647721751,5
5290,54,19,71,12,-10.56377327137223,7
5291,9,15,95,9,-10.569002592922953,6
5292,28,18,69,11,-10.575983527327306,7
5293,38,15,75,11,-10.597530026810052,4
5294,91,31,7,22,-10.60910028610159,9
5295,101,12,16,8,-10.62271769748288,4
5296,71,18,98,12,-10.627953776602759,6
5297,110,19,51,13,-10.641404239934534,6
5298,64,20,30,13,-10.642272986004782,7
5299,98,25,5,16,-10.662918685540621,9
5300,17,23,40,16,-10.673939896309559,7
5301,74,25,51,18,-10.704030149650722,7
5302,36,13,43,8,-10.713552025008546,5
5303,111,11,54,8,-10.714143810197228,3
5304,60,15,37,9,-10.721994289598655,6
5305,39,20,23,13,-10.742827162036495,7
5306,31,27,27,16,-10.758919665279386,11
5307,7,11,59,8,-10.771239818059199,3
5308,15,11,47,7,-10.775485769989336,4
5309,91,25,55,18,-10.791612827626562,7
5310,77,27,104,18,-10.795670361212089,9
5311,81,17,106,10,-10.816681182916206,7
5312,8,34,109,21,-10.819891467814774,13
5313,39,28,15,20,-10.848484454141273,8
5314,65,30,27,20,-10.856587825173339,10
5315,54,46,37,31,-10.87009397469276,15
5316,77,16,71,11,-10.872072685026803,5
5317,41,21,111,13,-10.875724405637953,8
5318,84,17,30,12,-10.881128054888238,5
5319,88,41,63,29,-10.892208716891064,12
5320,88,69,13,46,-10.89582561175846,23
5321,35,10,102,6,-10.90320798703147,4
5322,5,17,73,11,-10.90738305979487,6
5323,31,10,78,6,-10.912809716780334,4
5324,64,14,27,10,-10.925557497140751,4
5325,13,10,89,6,-10.939542022741616,4
5326,47,15,9,10,-10.968614103246171,5
5327,88,37,50,24,-10.986958086725291,13
5328,107,13,56,8,-11.000292497508868,5
5329,71,13,15,9,-11.00914391321026,4
5330,68,10,98,7,-11.014423279510455,3
5331,92,14,41,9,-11.016394202336143,5
5332,88,41,53,28,-11.023031682203495,13
5333,68,12,45,8,-11.02401972838907,4
5334,88,11,98,8,-11.027639102171303,3
5335,114,12,32,8,-11.045874107216177,4
5336,11,11,99,7,-11.04788337752713,4
5337,57,11,62,8,-11.089901365863179,3
5338,78,12,17,8,-11.090068157424293,4
5339,107,18,12,13,-11.095629908733304,5
5340,29,13,75,8,-11.096282078020437,5
5341,80,13,78,9,-11.09791576617006,4
5342,57,22,70,13,-11.101179297757742,9
5343,32,13,74,9,-11.101664191982367,4
5344,19,10,40,7,-11.104417905023016,3
5345,87,20,100,12,-11.113455718095159,8
5346,4,16,43,10,-11.162760468553993,6
5347,109,10,91,7,-11.192740070217315,3
5348,61,12,6,8,-11.200388242698184,4
5349,65,45,114,29,-11.20792553692763,16
5350,1,11,89,7,-11.20901106938993,4
5351,46,12,100,8,-11.210309669403358,4
5352,106,18,98,12,-11.217270403208776,6
5353,51,13,73,9,-11.219804453521853,4
5354,96,20,46,12,-11.223825219116964,8
5355,109,17,75,12,-11.242273446455997,5
5356,51,28,95,20,-11.244919045567018,8
5357,81,13,40,9,-11.249205674756395,4
5358,83,16,107,11,-11.24958512039028,5
5359,70,29,87,18,-11.250414739740132,11
5360,48,12,90,8,-11.252381363492235,4
5361,7,52,75,35,-11.2746633859962,17
5362,55,14,2,9,-11.276816159574057,5
5363,5,10,80,7,-11.295210617596885,3
5364,96,25,7,18,-11.300422106484014,7
5365,79,10,80,6,-11.30670069299901,4
5366,28,46,63,32,-11.30701920844641,14
5367,60,23,47,16,-11.31330562577917,7
5368,20,12,64,9,-11.331308462604776,3
5369,81,18,87,10,-11.3699132326782,8
5370,71,21,104,13,-11.370166649530528,8
5371,38,11,4,8,-11.395009854616482,3
5372,35,23,76,15,-11.39691854534874,8
5373,95,10,29,7,-11.401888238693147,3
5374,106,39,114,26,-11.417874917507989,13
5375,72,19,86,13,-11.423615729846851,6
5376,81,14,47,10,-11.445134927289029,4
5377,17,19,53,13,-11.472645683923515,6
5378,107,39,30,26,-11.530964387508385,13
5379,76,15,74,9,-11.544600382799558,6
5380,71,10,111,7,-11.563837134119527,3
5381,104,16,36,10,-11.564722196156035,6
5382,50,15,33,10,-11.568332857311571,5
5383,39,15,90,10,-11.577976501423594,5
5384,18,21,15,15,-11.590119158022436,6
5385,84,26,11,18,-11.599387927162054,8
5386,103,11,55,8,-11.639657223031874,3
5387,87,26,98,18,-11.644897694141662,8
5388,86,33,102,23,-11.659667182565103,10
5389,48,11,98,8,-11.678045251552971,3
5390,96,13,91,9,-11.692854193124042,4
5391,3,19,84,12,-11.706603419105937,7
5392,19,20,7,15,-11.707331952559505,5
5393,53,12,15,8,-11.70980845034874,4
5394,51,17,15,11,-11.740493233850568,6
5395,67,11,16,8,-11.761532223804268,3
5396,1,37,55,26,-11.769033555767942,11
5397,65,12,91,8,-11.784658313781671,4
5398,54,10,44,7,-11.791894285038754,3
5399,40,21,8,15,-11.791921402372775,6
5400,91,10,53,7,-11.811611902058761,3
5401,17,10,83,6,-11.812775268760374,4
5402,87,23,48,16,-11.827762552608771,7
5403,64,10,74,6,-11.828764368523549,4
5404,28,34,74,23,-11.834419909257845,11
5405,47,10,78,6,-11.843066191666676,4
5406,14,18,16,12,-11.861448285420282,6
5407,104,18,90,12,-11.89837391797068,6
5408,63,18,62,12,-11.898616241132698,6
5409,29,11,109,6,-11.905733206262543,5
5410,18,27,95,18,-11.951490678023534,9
5411,54,10,53,7,-11.951994898142779,3
5412,35,12,27,8,-11.953831865399296,4
5413,72,11,50,8,-11.966306538639385,3
5414,104,12,1,8,-12.020108292717424,4
5415,13,16,58,12,-12.037688148626765,4
5416,96,28,98,19,-12.0522531035848,9
5417,63,18,1,11,-12.054495717242014,7
5418,28,11,110,7,-12.062606997342062,4
5419,28,21,34,15,-12.064560123194633,6
5420,20,14,34,10,-12.080633416209027,4
5421,69,19,58,12,-12.089414430124698,7
5422,55,13,15,10,-12.1017027484743,3
5423,63,12,92,7,-12.136993324985582,5
5424,70,22,2,14,-12.153236389251056,8
5425,51,23,77,15,-12.16149932915176,8
5426,39,17,109,13,-12.189314131019263,4
5427,76,18,7,11,-12.196617315781682,7
5428,106,11,78,8,-12.21024325274275,3
5429,9,14,43,9,-12.224469441855376,5
5430,43,19,75,14,-12.224767647713705,5
5431,112,19,28,13,-12.228920740366254,6
5432,54,27,48,18,-12.230401373927076,9
5433,84,11,71,8,-12.255989147154674,3
5434,39,10,32,7,-12.25900875776762,3
5435,108,10,28,6,-12.299856976610261,4
5436,20,10,78,7,-12.337947782230119,3
5437,97,12,67,9,-12.35346782744064,3
5438,94,11,76,8,-12.387810233208159,3
5439,112,10,37,7,-12.392005916673295,3
5440,53,16,43,12,-12.41343484704957,4
5441,50,17,36,10,-12.423703215189779,7
5442,29,24,65,15,-12.491095821350719,9
5443,49,10,80,6,-12.509141995238949,4
5444,5,27,75,17,-12.535083552437035,10
5445,58,14,54,9,-12.535089602873326,5
5446,5,27,57,19,-12.572003913811173,8
5447,9,19,20,13,-12.586361422949272,6
5448,17,11,38,7,-12.634911882425529,4
5449,70,24,108,17,-12.647188608054195,7
5450,5,14,48,10,-12.657719903594751,4
5451,52,11,30,8,-12.667026316194525,3
5452,84,18,104,12,-12.684623419796733,6
5453,88,16,111,12,-12.710530076381987,4
5454,51,16,80,11,-12.71390947989441,5
5455,39,32,30,22,-12.722134282300573,10
5456,106,24,46,15,-12.725492516069489,9
5457,106,14,33,10,-12.736963404825662,4
5458,36,10,95,7,-12.746346244298937,3
5459,81,12,54,8,-12.757047966098474,4
5460,27,20,104,15,-12.796343894614779,5
5461,104,20,49,14,-12.812277987885736,6
5462,9,10,108,6,-12.825707088631287,4
5463,109,19,27,12,-12.854514856980064,7
5464,45,14,23,10,-12.875487654765546,4
5465,65,21,2,16,-12.8900275785182,5
5466,75,12,98,8,-12.900340980932176,4
5467,99,19,107,13,-12.91219628913208,6
5468,17,16,23,11,-12.920452187354222,5
5469,112,10,91,7,-12.97919097248294,3
5470,31,72,13,49,-12.99330264938673,23
5471,114,12,27,8,-13.009570993376595,4
5472,9,11,6,7,-13.029614696230583,4
5473,46,38,104,26,-13.083570903140272,12
5474,90,15,20,10,-13.08396173697106,5
5475,70,10,83,6,-13.118339150755117,4
5476,77,15,53,10,-13.125923769197522,5
5477,37,28,95,21,-13.149042342745602,7
5478,88,17,102,13,-13.153141792955822,4
5479,46,10,43,7,-13.15350523992227,3
5480,35,12,97,9,-13.15953893586328,3
5481,70,22,11,16,-13.174919150937757,6
5482,28,13,41,9,-13.19117071449606,4
5483,13,11,85,8,-13.214961214077967,3
5484,54,18,36,12,-13.217744798273172,6
5485,41,16,8,12,-13.244566662838952,4
5486,88,36,95,25,-13.24512473637818,11
5487,96,39,11,27,-13.252582377716239,12
5488,11,23,95,17,-13.263288005084238,6
5489,112,15,87,10,-13.263846083806499,5
5490,5,31,102,21,-13.269431869962297,10
5491,99,12,7,8,-13.274517260788413,4
5492,106,19,64,13,-13.295192075566398,6
5493,46,17,50,11,-13.310329365776978,6
5494,18,16,47,12,-13.317575135316673,4
5495,46,12,18,9,-13.322032493347338,3
5496,114,28,87,18,-13.32969544089937,10
5497,83,18,16,13,-13.35123547721314,5
5498,32,11,55,7,-13.36363963009391,4
5499,35,12,104,8,-13.369677424437175,4
5500,103,16,86,11,-13.404186851009111,5
5501,62,18,74,13,-13.411803700884379,5
5502,53,15,75,10,-13.423496737137004,5
5503,32,12,25,7,-13.427877456338663,5
5504,35,15,36,11,-13.440272285829963,4
5505,55,17,102,12,-13.448934349992442,5
5506,90,10,93,7,-13.452391800759145,3
5507,3,14,20,10,-13.478689443493133,4
5508,39,14,108,9,-13.481039273987522,5
5509,103,10,107,8,-13.498191984744313,2
5510,70,10,34,7,-13.500624883981926,3
5511,1,10,78,7,-13.511302040012385,3
5512,66,11,7,7,-13.514093541012448,4
5513,38,15,104,10,-13.530669032796668,5
5514,103,11,74,8,-13.53565105452587,3
5515,10,10,37,6,-13.538762623915119,4
5516,60,26,27,20,-13.540065663312776,6
5517,104,18,64,13,-13.541290561517043,5
5518,86,23,26,17,-13.542004533589624,6
5519,54,34,75,23,-13.62291466723359,11
5520,46,12,93,9,-13.65474091099076,3
5521,86,16,92,11,-13.67676060817369,5
5522,44,14,104,10,-13.703910249073422,4
5523,31,25,63,18,-13.714594813504094,7
5524,33,14,63,10,-13.733555706081619,4
5525,28,13,10,10,-13.73666606987671,3
5526,112,11,97,9,-13.794615799527321,2
5527,31,17,98,11,-13.805084918983175,6
5528,112,14,71,10,-13.80768968996665,4
5529,52,19,86,14,-13.851910838120485,5
5530,54,13,19,8,-13.85338913179669,5
5531,83,13,11,10,-13.863860744018641,3
5532,13,23,30,15,-13.875626061777945,8
5533,50,19,53,13,-13.883151416746287,6
5534,76,17,54,12,-13.892444764564262,5
5535,40,10,100,7,-13.927928921941099,3
5536,69,19,75,14,-13.94230448490658,5
5537,71,24,40,17,-13.948125771645659,7
5538,75,12,111,8,-13.972281809419961,4
5539,91,11,69,7,-13.993001551531528,4
5540,57,14,65,10,-14.034059539251718,4
5541,19,10,29,8,-14.046077097311198,2
5542,77,29,40,21,-14.048771071022598,8
5543,63,36,80,26,-14.049544936434044,10
5544,85,14,39,9,-14.177624685555418,5
5545,81,23,51,15,-14.181392483122476,8
5546,80,11,41,8,-14.186716292232557,3
5547,66,11,63,8,-14.209916362631542,3
5548,60,28,91,19,-14.21948701708733,9
5549,77,15,30,11,-14.240898393688356,4
5550,60,21,74,14,-14.268042080973927,7
5551,37,12,34,9,-14.300571264435137,3
5552,102,11,46,8,-14.307494713152051,3
5553,50,18,80,14,-14.309192739594003,4
5554,77,27,7,19,-14.33556677589385,8
5555,83,10,40,8,-14.347262135245904,2
5556,16,14,78,10,-14.356111626549053,4
5557,14,11,80,7,-14.435345395194508,4
5558,5,12,44,9,-14.447481002517355,3
5559,2,10,73,7,-14.457830254043136,3
5560,25,12,34,9,-14.468789684868275,3
5561,51,18,45,13,-14.493324057948728,5
5562,2,12,13,8,-14.516038794033763,4
5563,37,12,73,8,-14.533349572792924,4
5564,99,12,50,8,-14.581629542155014,4
5565,12,12,27,9,-14.58894097244964,3
5566,87,15,79,12,-14.594363104783758,3
5567,69,15,49,10,-14.620888888677557,5
5568,97,11,14,9,-14.634263785488013,2
5569,8,14,78,11,-14.668119505967436,3
5570,35,10,3,7,-14.67345115895829,3
5571,18,13,69,9,-14.695896617157176,4
5572,83,19,114,14,-14.71253096490687,5
5573,31,10,100,7,-14.730848989291465,3
5574,102,10,90,6,-14.739148726840858,4
5575,106,14,32,11,-14.741977351969277,3
5576,109,26,114,20,-14.744077219906973,6
5577,2,10,57,7,-14.75670329182861,3
5578,1,13,18,10,-14.814066225099426,3
5579,85,11,55,8,-14.836765173492132,3
5580,91,17,30,13,-14.854653528597783,4
5581,108,10,8,8,-14.88327570809189,2
5582,112,10,55,8,-14.907032679929216,2
5583,104,16,9,11,-14.915937256999365,5
5584,17,21,95,16,-14.970865650802967,5
5585,57,11,38,7,-15.001479354971174,4
5586,75,10,45,8,-15.003649946946844,2
5587,99,18,25,13,-15.014737107768294,5
5588,94,17,81,11,-15.053941840602283,6
5589,29,13,98,10,-15.068046024724161,3
5590,3,17,63,14,-15.071396371833842,3
5591,9,12,48,9,-15.097519161061683,3
5592,29,10,49,7,-15.14522962459875,3
5593,71,17,41,13,-15.162388636591329,4
5594,43,13,30,10,-15.232406371172784,3
5595,68,15,61,11,-15.24709195978541,4
5596,57,13,69,10,-15.318700628207706,3
5597,112,18,20,14,-15.347636279185814,4
5598,37,13,18,10,-15.368965567811568,3
5599,46,12,98,8,-15.381140721878973,4
5600,71,10,11,7,-15.386871545741162,3
5601,25,14,49,10,-15.43786379260084,4
5602,107,25,73,17,-15.460672720698524,8
5603,60,13,100,10,-15.468043250681323,3
5604,31,15,69,10,-15.502962092044207,5
5605,2,18,104,12,-15.50344370749933,6
5606,106,10,89,6,-15.508251121091035,4
5607,14,11,25,9,-15.536643242754739,2
5608,31,12,104,8,-15.561592201078605,4
5609,5,20,23,15,-15.563915929412014,5
5610,45,14,4,10,-15.600891470448104,4
5611,85,11,106,8,-15.605731963514037,3
5612,97,13,90,9,-15.62188808576594,4
5613,38,10,87,7,-15.648595936017907,3
5614,94,10,30,7,-15.665277818052123,3
5615,1,13,8,10,-15.702434313684371,3
5616,80,13,75,10,-15.71805205236554,3
5617,35,12,80,9,-15.72406211872363,3
5618,94,23,16,17,-15.724833818203336,6
5619,77,14,37,10,-15.73169378416834,4
5620,96,16,93,12,-15.73319462766121,4
5621,57,20,7,13,-15.746440629237659,7
5622,35,10,75,8,-15.755761764469415,2
5623,37,10,15,8,-15.78269510258246,2
5624,12,12,75,8,-15.785867542761379,4
5625,77,16,8,12,-15.792942369486319,4
5626,70,10,48,7,-15.796496446665468,3
5627,35,12,87,8,-15.83062454624883,4
5628,31,45,16,33,-15.837412153743443,12
5629,2,10,60,7,-15.84205677205398,3
5630,39,18,99,14,-15.84878961626863,4
5631,12,15,41,11,-15.852631956602023,4
5632,91,11,76,9,-15.872477419459234,2
5633,8,18,34,13,-15.876296726362224,5
5634,9,30,53,22,-15.894615033798411,8
5635,70,13,80,11,-15.90133341789594,2
5636,9,26,41,19,-15.923207095513275,7
5637,63,13,14,9,-15.961958621197994,4
5638,5,18,41,12,-16.050377082501456,6
5639,83,12,23,9,-16.123810814063006,3
5640,11,12,30,9,-16.16112498926937,3
5641,69,21,53,15,-16.247322250303586,6
5642,91,13,43,10,-16.255864059996068,3
5643,29,19,88,14,-16.32863392758839,5
5644,7,16,61,11,-16.426968020447948,5
5645,25,25,11,20,-16.429746187224737,5
5646,55,15,14,12,-16.464885141480416,3
5647,88,17,80,12,-16.477538046034613,5
5648,112,18,60,14,-16.588646556112433,4
5649,69,17,30,12,-16.6252519902636,5
5650,36,10,101,8,-16.627946704419497,2
5651,41,12,30,8,-16.67014747818193,4
5652,87,10,10,8,-16.717426239102245,2
5653,71,15,95,10,-16.72675418994599,5
5654,10,11,112,8,-16.760907633708104,3
5655,76,10,1,7,-16.815372977495876,3
5656,30,14,95,10,-16.836817117204564,4
5657,97,14,38,11,-16.838290194315167,3
5658,112,13,47,9,-16.872460541477547,4
5659,31,10,38,6,-16.97274158238424,4
5660,50,16,77,13,-16.97319460562341,3
5661,87,12,34,9,-16.98781036825935,3
5662,51,13,34,10,-17.050470848560973,3
5663,79,13,104,9,-17.056081750892357,4
5664,13,17,80,12,-17.06375198393908,5
5665,20,12,60,9,-17.12579419517071,3
5666,84,11,41,8,-17.126277871141777,3
5667,5,22,27,16,-17.186967099907662,6
5668,35,12,63,9,-17.190706154289504,3
5669,29,11,20,8,-17.261971083229245,3
5670,106,10,35,7,-17.319051156851785,3
5671,39,10,45,7,-17.32115834390289,3
5672,58,19,65,14,-17.423823642195952,5
5673,51,23,78,16,-17.43164600717499,7
5674,19,11,55,8,-17.435802328445057,3
5675,18,14,23,10,-17.468338798211544,4
5676,68,23,112,17,-17.504844487924583,6
5677,83,11,110,9,-17.575104905290946,2
5678,57,12,34,9,-17.642040510861822,3
5679,3,11,5,7,-17.694163901939547,4
5680,55,12,44,9,-17.771847163193563,3
5681,65,28,100,23,-17.80898130408499,5
5682,5,18,30,15,-17.81053305502534,3
5683,8,10,69,8,-17.824588271872045,2
5684,88,17,32,13,-17.824594134673823,4
5685,114,11,111,8,-17.846918134233796,3
5686,43,16,55,14,-17.88766939591472,2
5687,68,21,95,18,-17.962668451083434,3
5688,33,18,55,14,-17.969879843551904,4
5689,28,28,90,22,-18.060877876686433,6
5690,10,14,51,11,-18.10396467420879,3
5691,103,10,109,7,-18.37872283171988,3
5692,18,10,5,8,-18.464269170029826,2
5693,33,14,65,11,-18.512762180418843,3
5694,31,15,106,11,-18.52908676481624,4
5695,43,11,45,8,-18.574891926068155,3
5696,68,15,50,11,-18.68712791744929,4
5697,28,17,99,13,-18.754584808369174,4
5698,77,10,100,8,-18.785807393142274,2
5699,47,11,55,8,-18.857554518412744,3
5700,72,14,28,11,-18.867516837427928,3
5701,11,10,2,8,-18.92308479788875,2
5702,4,13,98,11,-18.936498509144613,2
5703,106,10,92,8,-19.041690772468705,2
5704,2,10,100,7,-19.143504228869272,3
5705,54,16,4,14,-19.244087603842104,2
5706,18,14,99,11,-19.290873438644514,3
5707,36,19,30,17,-19.30529767168729,2
5708,58,19,86,15,-19.384187711945845,4
5709,57,11,31,8,-19.413521248836453,3
5710,51,10,101,8,-19.538804927619935,2
5711,32,12,95,10,-19.760326388824467,2
5712,68,15,100,11,-19.919601065708385,4
5713,112,11,49,9,-20.081273718937805,2
5714,5,10,64,8,-20.37578731830582,2
5715,35,11,48,9,-20.438098241934796,2
5716,81,12,49,9,-20.5963472275708,3
5717,29,11,3,9,-20.616564829174436,2
5718,68,11,90,9,-20.787956198015944,2
5719,79,10,30,8,-20.824119521738712,2
5720,38,11,55,9,-20.87506721402826,2
5721,77,17,16,14,-20.89936034383646,3
5722,84,10,7,8,-21.17364400986741,2
5723,77,10,98,8,-21.266559747636286,2
5724,91,16,104,15,-21.31971827875211,1
5725,51,16,2,12,-21.322170492802826,4
5726,109,10,12,9,-21.32950515182345,1
5727,51,19,90,17,-21.393287092982963,2
5728,4,13,25,11,-21.42004260246313,2
5729,4,15,41,10,-21.480590173913868,5
5730,31,12,62,9,-21.790941067775986,3
5731,97,12,91,10,-22.175648770183788,2
5732,69,11,78,9,-22.86018059326103,2
5733,8,11,4,10,-23.17790508365148,1
5734,102,10,30,8,-23.768301124479738,2
5735,69,11,27,9,-23.965125451311458,2
5736,9,22,27,18,-24.023674987501078,4
5737,97,11,34,9,-24.058676404388496,2
5738,97,12,73,9,-24.10757303293757,3
5739,3,16,75,14,-24.194103806582213,2
5740,112,19,78,16,-24.293257718319964,3
5741,107,11,19,11,-25.62700990509966,0
5742,77,17,75,15,-26.826580833678783,2
5743,37,10,44,10,-28.25347707422472,0
5744,23,11,90,10,-28.300961743533676,1
5745,112,10,80,9,-29.5236176834229,1
