,againstHero,games,hero,losses,shift,wins
0,19,12,107,1,27.902421454254707,11
1,64,11,65,2,27.727149312498728,9
2,91,10,43,0,27.34458455824453,10
3,90,14,76,4,23.99660276951993,10
4,103,15,86,2,23.967936503754764,13
5,55,12,89,2,23.859507970316177,10
6,65,10,97,3,23.53209680517744,7
7,11,10,96,2,23.398905297150787,8
8,57,13,41,2,23.15616213187528,11
9,26,10,10,2,22.77202326046866,8
10,84,10,94,1,22.762013140609877,9
11,111,26,70,6,22.275676967970096,20
12,17,11,44,2,22.072912946241175,9
13,37,10,104,2,20.681486856575926,8
14,18,11,37,2,20.49673353679967,9
15,110,12,109,2,20.16933250309851,10
16,51,12,98,3,20.0679948728163,9
17,41,13,10,2,19.737157878272868,11
18,46,12,30,3,19.658771905767804,9
19,88,17,75,3,19.640469345320547,14
20,62,13,71,1,19.577656350343144,12
21,6,11,12,4,19.32835940292554,7
22,106,12,107,2,19.31961041681027,10
23,110,12,29,2,19.248543702222978,10
24,106,15,50,3,19.19241412512063,12
25,57,20,28,4,18.917976797154502,16
26,79,13,7,3,18.404801500191937,10
27,50,11,46,2,18.380392496841136,9
28,28,12,52,2,18.364553051836488,10
29,58,13,87,2,18.24410492014657,11
30,93,12,76,3,18.082770445937008,9
31,49,10,112,2,18.03224593969945,8
32,62,10,63,2,18.031802170985944,8
33,107,12,73,3,18.009767759901283,9
34,64,11,9,3,17.707873254379976,8
35,87,32,109,8,17.701039370075165,24
36,11,10,63,3,17.63634503388182,7
37,41,10,110,1,17.607251464829996,9
38,88,19,49,4,17.532034552741443,15
39,37,10,89,2,17.418835616565147,8
40,26,11,49,4,17.344464565076983,7
41,62,16,50,4,17.235813943056094,12
42,106,11,48,2,17.192330163510128,9
43,48,12,73,3,17.093964024864245,9
44,73,17,109,4,17.085641782719854,13
45,26,13,54,5,16.93978716229654,8
46,43,14,38,5,16.91598228541753,9
47,57,15,76,4,16.89647205199251,11
48,38,12,15,3,16.880495720481193,9
49,74,15,110,4,16.836715903263343,11
50,63,20,20,5,16.83486412950002,15
51,5,13,9,3,16.7060467975664,10
52,28,12,71,2,16.63851586652194,10
53,39,13,55,4,16.616243530697464,9
54,111,10,106,2,16.614986015463362,8
55,49,10,96,3,16.4668046049511,7
56,63,11,10,3,16.316509167938314,8
57,62,13,103,4,16.29915650058687,9
58,59,11,103,3,16.266656443008642,8
59,87,14,85,3,16.25520793639719,11
60,17,14,37,5,16.224073122382876,9
61,30,25,65,6,16.220777761486314,19
62,87,23,46,7,16.166397812758035,16
63,28,12,66,4,16.011877124422664,8
64,37,17,63,5,15.955493748739721,12
65,104,12,50,3,15.773911417272641,9
66,46,15,79,5,15.695062063539163,10
67,17,15,38,4,15.678044683298898,11
68,29,12,73,3,15.669782329836798,9
69,16,10,59,4,15.561569445873218,6
70,16,18,106,5,15.530666511008816,13
71,74,11,112,3,15.445414304360199,8
72,63,17,70,5,15.423330820666749,12
73,62,20,20,5,15.291234725709055,15
74,90,11,18,3,15.206260273523743,8
75,84,14,40,5,15.139436492633184,9
76,57,15,37,4,15.067776643574769,11
77,93,26,38,8,14.945048831229194,18
78,26,24,38,7,14.873702675608982,17
79,90,19,88,6,14.848820731417785,13
80,111,17,109,5,14.83552280759147,12
81,93,11,17,3,14.792328082005683,8
82,37,13,5,3,14.756162408233527,10
83,69,12,41,4,14.708599737863674,8
84,49,11,62,4,14.691411076024671,7
85,88,14,13,6,14.6368480815469,8
86,111,31,62,9,14.463263378850396,22
87,26,12,88,4,14.385453144142543,8
88,55,10,80,3,14.33309852037076,7
89,55,18,75,5,14.305259411887567,13
90,60,10,8,3,14.262033464961128,7
91,57,21,9,5,14.205802139668359,16
92,28,15,112,5,14.162036513146953,10
93,106,24,87,6,14.142460326987873,18
94,11,13,46,5,13.971925124028672,8
95,63,20,76,4,13.935325978058145,16
96,30,27,54,8,13.923397923845725,19
97,70,12,109,3,13.902253335630233,9
98,86,16,109,5,13.838248765872814,11
99,38,16,73,6,13.771113964229547,10
100,88,12,109,3,13.730907256228043,9
101,37,10,13,3,13.710588735524032,7
102,46,22,9,8,13.70496575592517,14
103,26,13,69,4,13.66583811938565,9
104,13,15,73,5,13.471561712276639,10
105,74,27,48,10,13.450895577876453,17
106,10,25,23,9,13.45057355573614,16
107,73,12,90,3,13.337519609995004,9
108,89,12,73,4,13.292782754035754,8
109,107,11,7,3,13.290462035759607,8
110,58,10,89,3,13.242354787086834,7
111,70,15,88,4,13.239318163348516,11
112,86,12,52,3,13.150274929933458,9
113,30,24,9,7,13.086601208658116,17
114,6,14,66,4,12.900366001703459,10
115,86,14,17,4,12.845058614378047,10
116,54,28,109,9,12.824426413749993,19
117,2,21,76,7,12.801773404860658,14
118,26,35,107,9,12.719830578595298,26
119,39,12,54,4,12.719289008108062,8
120,87,11,97,5,12.69108979690934,6
121,107,18,70,6,12.682033904752588,12
122,107,13,66,4,12.675436620401037,9
123,3,12,8,3,12.625631089351694,9
124,98,14,71,4,12.599763195527048,10
125,73,15,23,5,12.578415919943863,10
126,8,15,66,4,12.577302494556069,11
127,63,13,109,3,12.562363591220352,10
128,104,12,48,3,12.498145078794371,9
129,15,11,28,3,12.48540617456215,8
130,93,22,62,7,12.439036445917942,15
131,93,20,50,7,12.385609627032688,13
132,93,12,26,4,12.342400061412198,8
133,51,10,74,3,12.299925807232606,7
134,11,16,54,5,12.197817241087678,11
135,93,20,41,5,12.152619394683915,15
136,20,16,85,5,12.097313339051045,11
137,58,11,103,3,12.093407699535737,8
138,79,11,112,3,12.089617166544242,8
139,28,14,80,5,12.060119231134523,9
140,90,13,91,5,12.030792449190766,8
141,29,11,70,3,12.030336124564109,8
142,38,15,10,4,12.029907406435383,11
143,107,28,62,10,12.009467725805582,18
144,63,19,9,7,11.997572673730792,12
145,54,16,104,5,11.95764257880154,11
146,84,18,13,7,11.935528256500719,11
147,18,13,17,5,11.905263091036245,8
148,43,14,109,5,11.866460109925438,9
149,55,14,85,5,11.860707980162308,9
150,55,10,108,3,11.846202494892411,7
151,85,17,37,4,11.836833776252563,13
152,23,15,62,4,11.828374088275869,11
153,28,35,109,11,11.826569300040482,24
154,50,14,109,5,11.809368464557789,9
155,55,25,2,9,11.807932628931718,16
156,110,13,50,4,11.789801735998644,9
157,26,14,46,5,11.785571142877396,9
158,84,18,106,7,11.759279094165112,11
159,104,18,98,7,11.758094591275455,11
160,15,10,79,3,11.756403792330063,7
161,52,10,20,3,11.755055953702932,7
162,11,11,76,4,11.750022140716602,7
163,70,13,62,5,11.719880801732709,8
164,93,15,1,4,11.687642643688715,11
165,10,18,55,7,11.634204977110192,11
166,32,15,88,4,11.62259561238565,11
167,70,22,86,8,11.622158138069935,14
168,10,20,1,6,11.620008343989017,14
169,30,26,103,8,11.5945127814643,18
170,65,16,18,5,11.593628436717697,11
171,16,18,13,6,11.568229122492738,12
172,65,16,102,6,11.565057266886955,10
173,109,15,6,5,11.553622356231047,10
174,16,28,70,8,11.544275868635912,20
175,41,31,109,7,11.540113156994366,24
176,43,17,28,5,11.503038032270851,12
177,17,20,41,5,11.462467383182338,15
178,34,15,91,5,11.445515293888622,10
179,30,15,85,5,11.375876505138454,10
180,20,17,48,5,11.362684990472749,12
181,2,22,103,6,11.358008021341288,16
182,39,10,2,4,11.302944205280658,6
183,13,13,41,5,11.285884419294261,8
184,55,24,62,9,11.2411377363916,15
185,93,17,48,5,11.235463842161245,12
186,97,11,2,4,11.22646619845986,7
187,65,18,44,7,11.219859746185271,11
188,8,15,89,5,11.136544141609958,10
189,93,19,37,6,11.135373057728058,13
190,63,12,2,4,11.123429561783267,8
191,32,23,109,8,11.083621382461542,15
192,87,30,6,10,11.079517220381964,20
193,48,18,35,6,11.064814060189882,12
194,10,15,50,5,11.061080668679153,10
195,30,20,16,6,11.056706393827778,14
196,10,12,85,5,11.037949468704035,7
197,98,12,110,4,11.026999619900328,8
198,63,33,54,12,11.01861659015757,21
199,49,17,16,6,11.010920636133424,11
200,20,19,10,6,11.010427213733353,13
201,38,14,6,4,11.005398790381081,10
202,30,10,43,3,10.958461383133036,7
203,49,18,86,8,10.91347154436731,10
204,98,48,41,18,10.835326353590219,30
205,49,15,13,6,10.803069449129238,9
206,93,11,63,4,10.802700985962154,7
207,17,16,23,5,10.781653305644484,11
208,93,38,9,12,10.751734078642695,26
209,50,13,68,4,10.706461420578247,9
210,91,10,85,5,10.702453755941072,5
211,37,14,41,5,10.694476243263011,9
212,63,22,91,8,10.68299305555198,14
213,39,13,11,3,10.646218716239577,10
214,38,13,58,4,10.642287291889902,9
215,106,14,109,5,10.63700694173572,9
216,65,10,101,4,10.616476001261294,6
217,87,17,5,6,10.594673728658035,11
218,90,14,50,5,10.544137931863863,9
219,110,17,8,5,10.493443474648158,12
220,20,19,23,6,10.475943157232132,13
221,88,13,85,4,10.474485947559344,9
222,79,12,66,3,10.448674909094285,9
223,90,12,93,5,10.444030736195835,7
224,18,14,51,5,10.42518053681612,9
225,98,10,75,3,10.422827528026358,7
226,16,17,96,5,10.412156563635486,12
227,29,10,17,3,10.395985227153457,7
228,63,27,79,9,10.37770241869829,18
229,32,18,107,5,10.358465103585823,13
230,6,12,106,5,10.2894367115075,7
231,88,10,71,3,10.263450457417434,7
232,17,29,9,10,10.257069894218061,19
233,98,39,88,12,10.209445633018722,27
234,60,10,38,4,10.186949801542621,6
235,30,13,62,5,10.146431281762991,8
236,38,23,109,8,10.144797049666245,15
237,9,12,97,5,10.043091409865225,7
238,37,14,34,5,10.040882054419713,9
239,65,14,59,6,10.036164804159641,8
240,29,33,38,11,10.021162687074476,22
241,8,21,71,8,10.00543019554652,13
242,76,17,34,6,9.994247540573088,11
243,90,20,23,7,9.967154481509692,13
244,111,24,38,9,9.966212518632439,15
245,93,11,70,4,9.928875321549775,7
246,87,13,17,5,9.922998390575081,8
247,88,14,30,6,9.922637542624903,8
248,80,10,50,2,9.899896989592929,8
249,107,30,41,12,9.880991735942342,18
250,3,10,84,4,9.861910211581991,6
251,65,15,96,6,9.851177535683917,9
252,111,20,37,8,9.840471570719451,12
253,54,25,76,10,9.821966207421672,15
254,84,11,80,4,9.807434273803766,7
255,50,25,48,9,9.79758412391437,16
256,93,17,91,6,9.794639196057782,11
257,73,21,111,8,9.713634051639158,13
258,46,12,91,4,9.659685528250385,8
259,98,16,68,4,9.657676259709891,12
260,10,21,86,7,9.655898857397647,14
261,98,26,62,10,9.641858129313677,16
262,41,20,62,7,9.588548331059114,13
263,23,22,89,8,9.576875474490599,14
264,60,21,65,8,9.571951123571171,13
265,98,18,15,7,9.562063446027423,11
266,13,11,86,4,9.494734946605222,7
267,6,11,58,4,9.489496457414935,7
268,103,11,19,4,9.481054864710421,7
269,64,19,86,7,9.463737237263311,12
270,30,27,87,9,9.441306317195094,18
271,57,11,10,4,9.43267475148189,7
272,6,38,44,15,9.42684133272971,23
273,37,42,86,16,9.39744513090877,26
274,55,22,30,9,9.385734127086305,13
275,86,20,73,7,9.377152492619757,13
276,80,10,38,3,9.352767448336465,7
277,34,13,51,4,9.327179248321166,9
278,86,11,108,4,9.320443832368008,7
279,34,11,38,4,9.304419549994037,7
280,55,18,109,6,9.293902461593769,12
281,43,14,50,5,9.27474781724881,9
282,84,21,62,8,9.235845718439357,13
283,111,46,54,17,9.235401744617302,29
284,46,15,107,4,9.229701935273749,11
285,80,15,20,6,9.203603983336214,9
286,74,10,3,4,9.166257810235754,6
287,28,14,94,5,9.114148559760046,9
288,93,29,103,11,9.099325117611023,18
289,26,12,32,5,9.09769401619869,7
290,15,12,16,4,9.059606623425509,8
291,11,23,86,10,9.00110623960404,13
292,74,19,18,7,8.9712615057984,12
293,48,18,111,6,8.93792122942067,12
294,107,20,110,8,8.933567921834609,12
295,55,21,11,7,8.922205824357368,14
296,63,28,28,10,8.916039326351276,18
297,86,11,39,5,8.910603166031022,6
298,1,11,111,5,8.869705750936069,6
299,29,10,76,3,8.806443209825622,7
300,23,24,93,10,8.804783518097919,14
301,11,11,65,5,8.802914251345628,6
302,54,16,80,6,8.796906484485886,10
303,74,38,76,14,8.745244698836947,24
304,30,24,37,8,8.742074606758964,16
305,41,10,63,3,8.728275875066831,7
306,65,25,50,9,8.726631256466746,16
307,10,32,28,10,8.71590249521479,22
308,48,11,75,3,8.67281534666425,8
309,34,10,86,4,8.658891537816718,6
310,104,16,76,6,8.627302198470357,10
311,84,14,66,5,8.616861190106436,9
312,29,22,107,7,8.613463392470166,15
313,1,15,107,6,8.550852993527569,9
314,32,25,9,9,8.53109215537152,16
315,98,60,65,22,8.49413981702294,38
316,65,36,48,13,8.491868880953179,23
317,98,21,1,7,8.436557583367685,14
318,2,19,48,8,8.431429514676985,11
319,73,21,10,7,8.419335562342072,14
320,104,13,84,5,8.407689964583597,8
321,106,18,88,6,8.397970188956428,12
322,90,11,89,4,8.396796914570167,7
323,77,12,8,4,8.373441110755328,8
324,30,17,50,7,8.363042610972485,10
325,35,11,20,4,8.313016014822018,7
326,76,18,41,7,8.284971187696902,11
327,65,12,58,6,8.279172093518044,6
328,17,30,8,11,8.267140148743708,19
329,111,14,17,6,8.239799794462428,8
330,26,10,16,4,8.231874067384071,6
331,2,37,86,13,8.226316013719446,24
332,85,10,46,3,8.219708905443785,7
333,87,24,51,10,8.200429685364442,14
334,32,24,41,10,8.170536046764159,14
335,26,44,87,17,8.146474895568335,27
336,107,18,109,7,8.141176766481435,11
337,98,37,76,14,8.140203678364204,23
338,19,14,9,6,8.117304295019109,8
339,54,39,41,14,8.096759700478561,25
340,2,46,65,16,8.09131482146227,30
341,87,11,56,4,8.0871242477829,7
342,30,15,10,5,8.08039942607508,10
343,6,12,13,5,8.074590184679876,7
344,93,14,75,6,8.060889694277078,8
345,13,22,8,8,8.054761378395103,14
346,13,27,28,9,8.03408555040244,18
347,90,15,41,6,7.997737246515682,9
348,110,11,28,5,7.99182567988978,6
349,109,12,37,5,7.972273664149992,7
350,71,10,9,4,7.971373091011489,6
351,111,27,86,11,7.962255850113393,16
352,74,27,88,9,7.895683127849934,18
353,1,16,55,6,7.8911836307920025,10
354,109,30,9,12,7.889736540676636,18
355,74,11,12,5,7.8813359238936185,6
356,20,18,49,7,7.854535242795636,11
357,75,17,28,7,7.8516397601466075,10
358,38,21,86,7,7.843933921356488,14
359,13,14,20,4,7.832853357556731,10
360,30,15,49,6,7.795814319272768,9
361,85,10,6,4,7.790183570433162,6
362,88,19,57,8,7.788961359506542,11
363,29,13,109,5,7.7648215544268036,8
364,103,15,109,5,7.74806703390503,10
365,55,26,38,11,7.745065833950479,15
366,30,19,70,7,7.739756109183135,12
367,111,14,85,5,7.729378570457984,9
368,23,11,59,4,7.703199044299857,7
369,71,10,30,4,7.697965933449675,6
370,55,52,87,19,7.690249724322315,33
371,98,11,52,5,7.667561966174592,6
372,70,14,74,5,7.664549718106509,9
373,50,19,20,8,7.663029216139786,11
374,49,22,65,9,7.648203777845676,13
375,87,16,34,6,7.640142491832506,10
376,55,21,76,9,7.629988062190021,12
377,84,30,10,12,7.620608168656018,18
378,2,12,51,5,7.607189009680265,7
379,18,18,84,7,7.585204254692915,11
380,93,33,84,12,7.552169826266673,21
381,18,15,2,6,7.546857580328141,9
382,8,57,76,22,7.539034585297876,35
383,37,17,2,7,7.507204713409891,10
384,43,19,87,7,7.5001879241242175,12
385,39,10,28,3,7.4964272810639105,7
386,93,37,54,12,7.494158499009498,25
387,111,30,32,13,7.463790988299924,17
388,19,11,28,4,7.459905289768759,7
389,104,10,23,4,7.459802178175596,6
390,70,10,85,4,7.450454709233595,6
391,84,54,48,22,7.443290260907536,32
392,93,47,28,18,7.44121106270095,29
393,23,24,37,9,7.440544332640973,15
394,5,14,63,6,7.43334778268016,8
395,103,29,74,10,7.419118005067162,19
396,41,13,49,4,7.406139067429071,9
397,98,11,112,5,7.3696956099544275,6
398,34,18,74,7,7.3607062055480235,11
399,54,21,10,8,7.316914939103651,13
400,20,37,9,13,7.309609065347868,24
401,91,36,41,13,7.300459692535227,23
402,2,20,34,8,7.293049000876174,12
403,41,22,86,9,7.286274520016925,13
404,46,11,2,4,7.277934272960428,7
405,30,10,73,4,7.27524129591905,6
406,74,19,109,8,7.255868408074382,11
407,91,18,50,6,7.2418942506008674,12
408,10,19,76,8,7.223608714939963,11
409,111,13,34,6,7.201437198359541,7
410,84,42,76,19,7.185450456544011,23
411,104,31,28,11,7.179478028958356,20
412,5,11,6,4,7.175117705775805,7
413,90,12,70,4,7.158523730695325,8
414,16,16,89,6,7.102664218068734,10
415,8,13,35,6,7.091208332013396,7
416,10,10,13,5,7.081545477709261,5
417,98,24,34,8,7.0691518153654185,16
418,98,20,11,8,7.041751318141553,12
419,59,19,79,8,7.0352036880537865,11
420,111,20,6,8,7.01838566892247,12
421,8,48,93,18,7.017566439579715,30
422,55,44,98,17,7.014286751503236,27
423,35,11,28,4,7.003809872399808,7
424,90,19,6,8,7.0034906221582,11
425,39,10,107,4,6.993461980446467,6
426,46,18,8,7,6.992942507225589,11
427,79,11,101,5,6.9908614259308735,6
428,80,13,107,4,6.983241252080647,9
429,1,18,8,8,6.976807780569815,10
430,65,27,32,11,6.9742130878923945,16
431,91,40,28,15,6.963487260821276,25
432,73,10,68,4,6.95394987102174,6
433,30,15,76,5,6.939385084561165,10
434,18,25,79,11,6.9323311923462425,14
435,90,14,17,6,6.930186835428711,8
436,57,12,74,4,6.9176042424257504,8
437,106,12,34,5,6.911634944562736,7
438,8,36,38,14,6.910326910265974,22
439,41,45,103,15,6.896034695840802,30
440,65,18,68,8,6.89592459737167,10
441,89,11,87,4,6.890327484533061,7
442,2,19,73,8,6.88922048991821,11
443,16,11,52,4,6.888199161627634,7
444,17,20,84,8,6.874361487047255,12
445,63,34,48,13,6.871723075976833,21
446,14,13,65,5,6.864176953366238,8
447,16,80,86,31,6.828972768016326,49
448,28,11,64,5,6.82253762472366,6
449,32,26,79,10,6.821690929992381,16
450,88,21,6,8,6.808639243885847,13
451,76,39,28,16,6.804995058327358,23
452,16,25,85,10,6.790728536327192,15
453,93,14,43,5,6.79067137162001,9
454,55,35,20,15,6.786443158254519,20
455,26,24,109,9,6.785414157125367,15
456,73,13,93,5,6.746815708884676,8
457,111,42,41,18,6.742879314894578,24
458,106,18,11,6,6.736736663767907,12
459,2,36,41,13,6.732225074181361,23
460,84,36,2,15,6.728378551782848,21
461,16,74,9,27,6.72699969228074,47
462,16,35,74,13,6.725326314137958,22
463,89,11,74,5,6.7140175484003635,6
464,73,16,88,6,6.709173893318198,10
465,79,18,62,8,6.70668334197217,10
466,55,18,37,7,6.702819421850529,11
467,74,16,49,7,6.669033870592301,9
468,79,25,106,11,6.651336371901259,14
469,51,21,48,7,6.631548697206318,14
470,23,14,18,5,6.63118753114106,9
471,70,21,65,8,6.590792438337791,13
472,8,55,48,22,6.564485691807404,33
473,74,23,38,10,6.562267688513878,13
474,28,54,41,24,6.549671741224454,30
475,14,11,54,4,6.542365287655037,7
476,79,18,70,9,6.541994947083337,9
477,63,11,51,5,6.526706335317948,6
478,17,13,62,5,6.51109228837904,8
479,87,25,18,9,6.500921078177537,16
480,73,36,9,15,6.4959532992484235,21
481,17,10,10,4,6.479497194252798,6
482,106,20,20,10,6.474134463348747,10
483,32,16,86,7,6.471177759830174,9
484,55,34,54,12,6.445304702920418,22
485,90,10,62,4,6.441503246890602,6
486,12,14,28,5,6.429365216940004,9
487,16,25,91,10,6.409140256729836,15
488,50,19,73,9,6.385008192916682,10
489,15,14,84,5,6.375647385580588,9
490,103,22,88,8,6.368772240906124,14
491,31,10,28,4,6.368565836830035,6
492,90,13,104,6,6.344098112647823,7
493,87,29,76,11,6.333598604110546,18
494,106,13,9,5,6.321323922487702,8
495,62,19,54,7,6.312055934230411,12
496,2,15,75,6,6.304051551682389,9
497,6,40,28,16,6.2836176921265,24
498,111,15,44,6,6.282001615200402,9
499,107,33,2,14,6.279480132521573,19
500,86,31,20,13,6.261799608752032,18
501,88,36,54,15,6.253469070522791,21
502,37,18,20,7,6.246922639849088,11
503,50,19,23,9,6.246016408138442,10
504,8,24,57,10,6.231916416163357,14
505,16,14,108,6,6.212630572758722,8
506,107,21,34,9,6.211702849908707,12
507,2,11,66,4,6.205381429919993,7
508,13,23,79,8,6.185271732408835,15
509,87,54,28,22,6.169973287171115,32
510,107,30,6,12,6.1621070209550295,18
511,111,11,56,4,6.133528731729061,7
512,87,45,41,20,6.130516050826405,25
513,68,10,55,5,6.1081482212338845,5
514,93,15,30,6,6.056393100709427,9
515,54,49,9,20,6.050802275785849,29
516,74,55,65,22,6.019896580662451,33
517,98,48,91,22,6.010481139866045,26
518,49,10,77,5,6.002993751357126,5
519,30,17,107,6,5.992050362775075,11
520,87,37,50,15,5.978280802307982,22
521,17,10,34,4,5.97086385916694,6
522,20,33,103,11,5.96431634987825,22
523,8,23,49,10,5.962799116224744,13
524,89,25,10,10,5.961935346068015,15
525,26,10,85,4,5.960882730964135,6
526,86,11,82,4,5.945474489082359,7
527,49,30,98,13,5.930886416801632,17
528,76,33,37,12,5.909024236467577,21
529,111,71,65,33,5.901383737891229,38
530,86,12,18,5,5.898212622367466,7
531,55,17,91,6,5.873903790869504,11
532,54,12,106,5,5.869834053085394,7
533,17,17,16,7,5.868342075872022,10
534,87,52,9,22,5.867901198385369,30
535,107,34,50,13,5.844817653026282,21
536,112,12,50,5,5.843955029488771,7
537,49,28,87,13,5.837138934523044,15
538,46,14,37,6,5.834073346635607,8
539,16,23,20,11,5.8338567557187,12
540,23,16,70,7,5.8314302073461,9
541,65,12,5,5,5.815393542930937,7
542,89,17,84,6,5.806364989397548,11
543,91,22,76,9,5.805724385018095,13
544,28,28,89,12,5.80142983404725,16
545,5,14,86,6,5.789814867253924,8
546,15,23,76,9,5.782831260117769,14
547,32,18,54,7,5.782610489553489,11
548,49,24,9,9,5.76893486693949,15
549,38,29,9,13,5.756435186772363,16
550,5,11,91,6,5.724427643442397,5
551,14,11,48,3,5.715763459513543,8
552,54,28,37,10,5.684646340178299,18
553,43,13,9,6,5.682535108763634,7
554,50,13,37,6,5.675193762840744,7
555,8,13,56,5,5.662090518526135,8
556,90,31,9,13,5.652779456533463,18
557,41,45,9,17,5.6439057397283525,28
558,54,20,51,9,5.633516022729307,11
559,26,22,29,8,5.630548836449718,14
560,20,11,44,4,5.615461510594532,7
561,9,14,51,6,5.613148737525185,8
562,63,52,65,22,5.601422971133672,30
563,16,24,18,9,5.594394619068029,15
564,18,20,48,8,5.575542543556776,12
565,86,38,55,17,5.532299525559407,21
566,23,41,8,17,5.530959099012352,24
567,111,36,103,15,5.530917867453256,21
568,54,35,38,14,5.47856504565386,21
569,28,78,9,35,5.470651349596168,43
570,86,45,76,20,5.453288694440867,25
571,84,33,88,13,5.450617130747437,20
572,48,35,54,13,5.427497390159443,22
573,48,13,38,5,5.42579677220132,8
574,94,18,20,7,5.424401699040207,11
575,20,26,38,11,5.422962328602487,15
576,55,27,41,13,5.421661683278699,14
577,18,25,9,11,5.420684705901656,14
578,90,18,54,8,5.42005392136164,10
579,104,17,87,6,5.418907024921248,11
580,90,37,28,15,5.407980269819981,22
581,43,11,103,5,5.4056340195812504,6
582,6,27,20,13,5.3915163015983865,14
583,110,23,65,9,5.3850619906564345,14
584,8,66,41,30,5.38335326188138,36
585,74,23,73,10,5.381257055101065,13
586,6,39,48,17,5.377342390796052,22
587,65,11,66,5,5.361243620827198,6
588,54,11,71,4,5.354693946074447,7
589,46,13,86,5,5.325313367776606,8
590,17,23,79,10,5.280486878224028,13
591,90,23,48,10,5.2776156591373855,13
592,63,15,85,7,5.266282773446653,8
593,76,35,48,14,5.264639135669365,21
594,74,12,104,5,5.250027134181312,7
595,16,42,88,16,5.247205318236338,26
596,14,13,79,5,5.225020209971016,8
597,16,16,93,7,5.217988854591054,9
598,55,14,18,6,5.21003106995447,8
599,16,17,57,8,5.190965262638069,9
600,111,10,57,4,5.186942618450884,6
601,104,15,62,6,5.186101581217904,9
602,30,29,8,11,5.181741196459269,18
603,11,17,87,7,5.176735910144514,10
604,73,24,84,8,5.172867570272621,16
605,28,48,54,20,5.158061629177753,28
606,26,38,20,16,5.156160372920298,22
607,75,14,9,5,5.136583522371566,9
608,55,39,9,15,5.130322807520925,24
609,41,29,89,12,5.128070897369617,17
610,87,31,91,13,5.12269354596261,18
611,103,21,18,9,5.1172633080953505,12
612,70,10,48,4,5.103393723771425,6
613,9,11,1,5,5.096238795529086,6
614,29,25,84,11,5.094046057364016,14
615,39,17,63,7,5.052516246166987,10
616,79,16,73,7,5.012547822539445,9
617,108,13,63,5,4.996425532523546,8
618,91,37,9,16,4.981773951662844,21
619,89,10,20,4,4.976403038151212,6
620,10,10,59,5,4.967497448599417,5
621,73,10,85,4,4.960807319232127,6
622,106,16,41,7,4.960372389296862,9
623,20,38,79,16,4.951850859736934,22
624,63,37,86,14,4.951705107059465,23
625,98,50,103,20,4.945713818521071,30
626,46,11,103,5,4.9349144398730305,6
627,51,16,79,7,4.928842881668873,9
628,84,31,85,15,4.922650840746779,16
629,93,30,74,11,4.917683135551752,19
630,11,16,48,7,4.898330615406472,9
631,62,27,9,11,4.876428914210389,16
632,86,27,88,11,4.870031949208748,16
633,16,22,73,10,4.863726239262455,12
634,96,11,63,5,4.85629700625709,6
635,38,24,87,10,4.849210013950484,14
636,89,11,109,5,4.829014520032646,6
637,74,12,80,6,4.827940877053677,6
638,88,44,76,20,4.825020915480377,24
639,55,29,6,10,4.803715742468646,19
640,8,12,39,6,4.797245812540771,6
641,34,10,103,3,4.7904730345691835,7
642,74,24,29,11,4.789077465546291,13
643,9,21,89,7,4.786570717016554,14
644,111,10,104,4,4.785383853867563,6
645,84,29,34,11,4.780446789091473,18
646,88,15,38,7,4.775099664625831,8
647,23,16,26,7,4.7747757947662715,9
648,98,17,94,7,4.761676089313327,10
649,87,38,29,16,4.756132257695766,22
650,6,12,32,5,4.741771241477238,7
651,11,16,9,7,4.72996023302619,9
652,23,42,98,17,4.71986953427498,25
653,89,24,65,11,4.719339811655218,13
654,87,14,14,6,4.712999134730352,8
655,109,19,93,8,4.710552248323453,11
656,37,41,8,18,4.7000187472787,23
657,46,28,54,11,4.696492010204566,17
658,107,23,76,10,4.688296475831248,13
659,87,15,75,7,4.68733022544958,8
660,26,16,6,6,4.685058896386023,10
661,46,11,18,4,4.678291795136257,7
662,41,53,20,21,4.672832095577478,32
663,9,29,88,12,4.640775240739044,17
664,16,23,104,10,4.63379333705212,13
665,68,11,87,5,4.6261419910984936,6
666,84,12,39,6,4.6231931515811615,6
667,20,26,109,9,4.6102623005201036,17
668,86,42,107,18,4.60515208171478,24
669,86,10,15,5,4.60305467364883,5
670,8,101,9,46,4.590254866611679,55
671,70,30,84,13,4.582666430243415,17
672,6,22,86,10,4.5754436396942,12
673,2,31,6,13,4.57536971568475,18
674,17,15,48,7,4.57243158960934,8
675,2,37,9,17,4.570200756721712,20
676,84,12,44,5,4.567287740540188,7
677,75,23,16,10,4.563833694281337,13
678,79,35,107,14,4.563667127320086,21
679,55,22,32,9,4.561305856484579,13
680,16,28,6,13,4.5581652422222145,15
681,55,17,63,8,4.555889732262362,9
682,74,21,106,10,4.549705086583889,11
683,8,16,96,7,4.548961209547798,9
684,90,26,8,11,4.539275050684182,15
685,28,26,17,11,4.527104650820006,15
686,86,13,14,7,4.5235348439430325,6
687,20,86,65,36,4.523427668367042,50
688,65,26,109,13,4.522732343847645,13
689,107,38,9,19,4.516129598984898,19
690,111,29,93,14,4.510765206652466,15
691,9,17,59,7,4.5029610514141964,10
692,29,11,62,5,4.502398822563124,6
693,111,29,91,14,4.500138929465921,15
694,29,21,93,9,4.4989593922467,12
695,8,34,109,15,4.496969100534061,19
696,86,18,85,9,4.494562526633741,9
697,111,21,29,11,4.484029622528672,10
698,63,27,16,12,4.483061798201042,15
699,79,21,75,8,4.481307871244594,13
700,111,25,15,10,4.472513123100842,15
701,9,42,86,18,4.471433189978505,24
702,20,24,88,10,4.446942657353557,14
703,74,35,107,15,4.435896642118504,20
704,37,23,74,10,4.434678719983253,13
705,16,29,107,12,4.421752842699685,17
706,48,12,39,6,4.409523912199052,6
707,54,18,112,8,4.392236178577867,10
708,29,29,8,13,4.3862864415616,16
709,1,14,65,6,4.384642024421804,8
710,90,21,37,9,4.378553555201822,12
711,6,27,91,12,4.3779734566970445,15
712,30,32,86,11,4.37705628176244,21
713,54,13,89,5,4.375934710162813,8
714,87,11,94,5,4.375015437142173,6
715,79,13,44,6,4.35641543376227,7
716,14,20,28,7,4.343832047386857,13
717,16,66,65,30,4.336633855356834,36
718,84,34,63,14,4.3183760498973545,20
719,30,20,48,8,4.312431377271299,12
720,41,20,1,7,4.310885836842606,13
721,85,15,48,6,4.3053632687921874,9
722,8,85,79,41,4.303137084355776,44
723,32,25,98,11,4.297859841525708,14
724,87,25,88,10,4.293791057606334,15
725,46,21,76,8,4.290697960762892,13
726,98,48,84,21,4.290567988042359,27
727,103,34,28,15,4.283445470085917,19
728,65,110,9,49,4.274082942867132,61
729,28,22,85,10,4.272972553475371,12
730,37,24,88,10,4.265987830661223,14
731,58,11,9,4,4.244957448818405,7
732,18,13,49,6,4.243576516469453,7
733,97,11,8,4,4.238412616249588,7
734,29,26,20,11,4.235090000321542,15
735,16,19,62,8,4.231831363925152,11
736,50,34,103,15,4.223445001067976,19
737,50,26,38,11,4.210629481734024,15
738,26,24,103,11,4.2106057067079385,13
739,70,22,76,9,4.19015960066655,13
740,26,31,65,14,4.172411189315191,17
741,2,16,32,7,4.169077635966495,9
742,44,10,75,4,4.15986118876275,6
743,74,37,91,17,4.145308331268211,20
744,35,14,86,5,4.145135736198837,9
745,103,28,54,13,4.131111544590628,15
746,37,39,98,17,4.116775978907109,22
747,87,57,20,25,4.108344151100899,32
748,75,11,23,5,4.104457342593521,6
749,50,16,63,7,4.09617328816498,9
750,32,15,38,6,4.090422340111541,9
751,16,69,84,31,4.082924009781385,38
752,98,38,50,18,4.075108597079137,20
753,65,10,75,4,4.061741964132056,6
754,111,24,50,10,4.056346583547234,14
755,84,15,71,7,4.0469973544528735,8
756,87,56,79,27,4.04134035206165,29
757,10,24,48,11,4.007661201519657,13
758,10,11,109,5,4.004247407956422,6
759,98,45,107,19,3.9960773542760277,26
760,34,20,109,9,3.986624720816212,11
761,104,13,10,6,3.98234198179897,7
762,26,26,28,11,3.9790441547640487,15
763,14,11,9,4,3.9753531338355614,7
764,93,18,10,7,3.9549788743691674,11
765,23,39,84,18,3.9529498437083554,21
766,6,22,73,11,3.947699618921396,11
767,65,69,54,32,3.928858591790434,37
768,16,44,87,20,3.9093727916352248,24
769,111,39,74,18,3.908635436008302,21
770,94,16,54,8,3.8978006398785645,8
771,96,14,55,6,3.8943089599625167,8
772,48,18,89,8,3.8908343305777393,10
773,38,39,28,18,3.8876478489747184,21
774,86,40,48,17,3.875547087950655,23
775,38,14,49,7,3.855128614080598,7
776,23,12,34,6,3.853881899354071,6
777,17,16,49,7,3.8354352643495573,9
778,23,40,9,18,3.825851357048053,22
779,32,14,91,7,3.8253106560348464,7
780,8,39,62,18,3.8203580499873473,21
781,51,17,55,7,3.8078734853693637,10
782,93,15,18,7,3.8000555745474087,8
783,26,11,110,6,3.7814954576991564,5
784,57,15,55,8,3.7814243990139818,7
785,51,12,50,4,3.7800990421800567,8
786,107,55,20,26,3.7762308393376878,29
787,11,12,84,6,3.7715362491408313,6
788,48,17,96,8,3.769055074728634,9
789,28,22,49,9,3.761707702389012,13
790,34,16,48,7,3.757100171151603,9
791,12,10,87,5,3.7542048507224997,5
792,57,12,18,4,3.7525453734501917,8
793,74,25,23,12,3.7522629426872345,13
794,8,71,16,30,3.7514366100882657,41
795,55,14,90,6,3.742560484980643,8
796,10,20,74,8,3.741560720435788,12
797,93,74,65,33,3.7387096294626696,41
798,49,26,55,14,3.7369764261201532,12
799,48,16,41,7,3.7233952099256955,9
800,84,22,38,9,3.7215580721113755,13
801,60,10,87,5,3.716219490276845,5
802,32,14,10,5,3.709056496740225,9
803,84,37,41,15,3.707826473812251,22
804,32,35,8,16,3.704344714378896,19
805,109,17,23,7,3.6771372112100464,10
806,76,18,62,10,3.665603119096149,8
807,86,14,62,8,3.6646334062582624,6
808,57,17,65,6,3.66200460796526,11
809,16,38,37,15,3.653813418657004,23
810,37,12,107,6,3.6430087575288113,6
811,11,13,93,7,3.638432969957416,6
812,90,23,87,9,3.634338193813059,14
813,54,37,70,17,3.6330290974610886,20
814,5,11,50,5,3.6303718632789383,6
815,91,36,107,15,3.607879025635152,21
816,18,21,50,10,3.605837672795865,11
817,10,12,18,4,3.6042571144804363,8
818,106,29,28,12,3.6036961084402037,17
819,93,37,87,16,3.6027270439790913,21
820,54,41,6,16,3.576182334552821,25
821,29,12,46,5,3.5756011188612877,7
822,74,26,6,11,3.551324451472569,15
823,20,32,84,13,3.5442833935533202,19
824,91,15,48,7,3.510341747119144,8
825,65,13,94,6,3.5056909876146594,7
826,5,14,8,5,3.4764198977431877,9
827,86,62,79,28,3.462066969208975,34
828,76,22,35,9,3.461651095947973,13
829,16,15,34,7,3.460781105392662,8
830,34,27,79,13,3.454080054186641,14
831,86,12,57,6,3.4531517504498637,6
832,34,18,65,9,3.423205526978699,9
833,8,30,63,14,3.418619477878193,16
834,23,17,55,8,3.404295001427899,9
835,32,20,84,8,3.403700726822617,12
836,57,12,6,4,3.4000169565132325,8
837,91,12,18,5,3.399195770216398,7
838,65,16,15,8,3.3963132917863037,8
839,76,14,13,7,3.383197454645703,7
840,104,15,55,7,3.3746149312999796,8
841,90,19,2,9,3.3730708336092663,10
842,49,18,6,8,3.361990920437635,10
843,23,33,87,14,3.3559293165704362,19
844,48,24,107,11,3.324639262352747,13
845,111,51,9,25,3.320225202022207,26
846,75,11,76,4,3.3071188013348984,7
847,23,22,86,10,3.3045595000103454,12
848,33,11,28,5,3.303759015094735,6
849,35,10,9,5,3.2814605351740482,5
850,90,31,111,13,3.2679216950842256,18
851,59,11,98,5,3.2664563544762513,6
852,73,30,65,13,3.2644989461981972,17
853,55,83,8,35,3.2636828555126196,48
854,28,59,18,27,3.262388894863607,32
855,51,26,8,11,3.2614570414763673,15
856,50,31,86,14,3.258775013581551,17
857,62,28,28,11,3.2557773269494237,17
858,8,80,87,35,3.25520601051518,45
859,30,21,29,10,3.244422511134119,11
860,76,15,18,6,3.2371919896499475,9
861,49,11,85,5,3.2340490592317157,6
862,55,19,106,8,3.2161809115675513,11
863,91,13,37,6,3.1893915884876662,7
864,111,15,75,8,3.1768571401147816,7
865,18,13,88,6,3.1759771370815293,7
866,74,12,108,6,3.1689586707194892,6
867,44,14,8,5,3.1679643082660265,9
868,14,18,8,8,3.164886384508364,10
869,50,16,75,8,3.161621923576126,8
870,73,16,54,7,3.15458999081358,9
871,16,54,98,24,3.1532282189912895,30
872,34,24,28,10,3.144888496647179,14
873,13,14,111,6,3.137242431792204,8
874,104,15,51,7,3.112954444351724,8
875,43,16,65,8,3.0818646979565365,8
876,84,10,52,5,3.070377905456948,5
877,28,13,97,7,3.0547375240563244,6
878,79,47,48,22,3.0543744330852873,25
879,26,17,43,7,3.0481873322386313,10
880,1,15,86,7,3.0234071702801644,8
881,38,18,16,9,3.0174584469144032,9
882,84,38,55,17,3.01546805583361,21
883,63,18,98,9,3.0073208177516255,9
884,51,15,65,7,3.002433018856541,8
885,26,16,89,8,3.0015441091670585,8
886,57,11,109,4,2.9843830658057695,7
887,48,11,108,4,2.963900529529869,7
888,51,21,16,8,2.9622705722069407,13
889,87,59,86,26,2.953566380564,33
890,54,11,75,5,2.9498939570669074,6
891,32,33,28,15,2.9362166355349024,18
892,85,20,98,8,2.9230483905619185,12
893,91,19,44,8,2.9196808859177223,11
894,13,29,9,12,2.9131917778567793,17
895,15,21,54,9,2.909263028328593,12
896,2,41,10,18,2.8955248222440733,23
897,30,19,6,7,2.8896247906630976,12
898,111,22,76,12,2.8888180973130932,10
899,76,13,109,4,2.8773626055464465,9
900,90,25,107,12,2.8707019854150553,13
901,8,76,54,36,2.865360866158664,40
902,54,21,29,8,2.8437383782919365,13
903,8,88,107,42,2.8401744909904605,46
904,73,20,98,9,2.8332039167724927,11
905,86,24,96,11,2.8322406262874438,13
906,26,47,8,23,2.8321807044990077,24
907,54,21,23,9,2.818710864845722,12
908,103,26,91,14,2.81795550429567,12
909,65,85,88,38,2.8091472029718085,47
910,38,55,65,25,2.8065899103574585,30
911,17,30,103,13,2.786263791329437,17
912,50,15,89,7,2.7678854176457244,8
913,41,40,23,18,2.767380745524291,22
914,2,18,23,9,2.7670043698876174,9
915,48,19,103,9,2.74551902113029,10
916,74,41,86,19,2.7326033248166657,22
917,23,14,29,6,2.7325720738957853,8
918,79,25,89,10,2.7323432784581803,15
919,26,14,30,9,2.729526864464305,5
920,50,37,55,19,2.7164593279225335,18
921,48,44,9,19,2.7118293842835715,25
922,6,49,79,23,2.7115589937863547,26
923,103,24,55,11,2.703742749314949,13
924,46,27,28,12,2.698112414293377,15
925,23,12,48,6,2.6721896490462043,6
926,30,25,38,13,2.6609022960305304,12
927,15,14,8,7,2.659395326985167,7
928,70,27,87,12,2.659290912641029,15
929,109,17,84,8,2.647899017987723,9
930,84,79,9,34,2.636062111742769,45
931,50,46,79,23,2.6337450510542064,23
932,9,16,94,8,2.620832608628453,8
933,98,57,54,28,2.6147362809185486,29
934,98,33,29,16,2.599178855969541,17
935,38,20,112,9,2.5875581099779743,11
936,48,35,37,17,2.564870406200917,18
937,90,21,16,10,2.556904125602615,11
938,30,10,11,4,2.556482524063204,6
939,91,41,8,20,2.5454365457229,21
940,49,15,48,8,2.5444991556032637,7
941,98,32,10,15,2.5398512725547144,17
942,10,26,87,13,2.53847837357819,13
943,74,20,55,11,2.533869260717271,9
944,63,10,49,5,2.5291147398136253,5
945,44,14,16,8,2.522508039167435,6
946,13,24,98,9,2.5115874098276842,15
947,65,50,103,21,2.4835688434443703,29
948,37,15,62,7,2.478947668963917,8
949,26,27,98,15,2.4699465773486544,12
950,50,17,11,8,2.4599084593739486,9
951,41,40,38,19,2.4535603181412866,21
952,63,19,88,9,2.4297157289241893,10
953,43,22,74,10,2.3993639128069244,12
954,18,18,6,8,2.3903639022739704,10
955,65,24,91,13,2.37035213457978,11
956,8,25,68,12,2.35813484080187,13
957,58,12,2,5,2.3563851300758447,7
958,84,71,86,32,2.338435969725922,39
959,41,11,94,5,2.327533953224649,6
960,28,39,37,18,2.3108067440306623,21
961,87,32,54,15,2.279380424010783,17
962,108,12,107,6,2.2778401474444223,6
963,20,13,32,6,2.2751108005385445,7
964,110,13,103,6,2.273244319256744,7
965,13,10,30,4,2.273061958601036,6
966,2,36,54,17,2.266311791525705,19
967,62,18,32,9,2.263686769900323,9
968,37,40,9,18,2.2628015576501816,22
969,52,11,8,6,2.257162770789511,5
970,62,10,106,5,2.25172428368668,5
971,103,26,87,12,2.244435120608379,14
972,74,57,28,28,2.2349949672748606,29
973,8,11,58,6,2.225895511877211,5
974,54,12,57,5,2.224387822283533,7
975,87,16,110,7,2.217613390941449,9
976,8,28,106,14,2.2101298280894754,14
977,8,64,86,28,2.206968534697074,36
978,86,11,89,5,2.1974022229705885,6
979,73,35,41,16,2.1896111209660925,19
980,89,18,98,8,2.1800794132028996,10
981,111,19,46,9,2.165349951686943,10
982,9,11,15,5,2.1575516880448644,6
983,18,10,32,5,2.157224109221358,5
984,29,21,79,10,2.154722811821747,11
985,16,49,41,24,2.1541831229994863,25
986,84,44,111,19,2.142252654485593,25
987,16,37,76,18,2.1381270128695977,19
988,111,33,26,15,2.137133581510591,18
989,32,19,50,10,2.1367023944769645,9
990,28,79,16,37,2.135481167995057,42
991,86,17,104,9,2.101840185723775,8
992,11,17,79,10,2.1000015129710556,7
993,2,15,85,8,2.096764877404634,7
994,50,40,2,18,2.0886025692067403,22
995,9,17,104,7,2.074620642084027,10
996,79,37,88,15,2.0647530534302163,22
997,91,18,10,8,2.053920396033922,10
998,20,46,98,21,2.0517374400705877,25
999,38,52,98,24,2.0498657703552294,28
1000,84,72,65,35,2.037917633089768,37
1001,50,12,3,6,2.0377948804903228,6
1002,88,20,93,12,2.03337259421067,8
1003,87,68,65,31,2.031976896806863,37
1004,32,26,16,12,2.021073617693015,14
1005,59,14,8,7,2.010238389237962,7
1006,85,12,66,6,2.002988916691535,6
1007,37,10,71,4,1.989603705819686,6
1008,79,59,37,26,1.9886494787106563,33
1009,74,47,9,21,1.9845964496174235,26
1010,57,25,84,11,1.9838455756579165,14
1011,103,13,37,6,1.9837820518429876,7
1012,49,11,29,4,1.9792119029563418,7
1013,54,40,50,17,1.9685166822318956,23
1014,55,40,88,17,1.9632957995288727,23
1015,65,46,86,22,1.9570230556604997,24
1016,98,13,106,7,1.9401901762662823,6
1017,76,24,6,12,1.937944044447951,12
1018,34,18,20,7,1.9316894236613227,11
1019,62,10,48,4,1.9270832455013291,6
1020,10,13,29,6,1.9268740097605626,7
1021,70,21,2,9,1.9193005276453519,12
1022,6,22,37,11,1.9187411338779805,11
1023,30,32,79,14,1.9121472837585174,18
1024,74,66,8,32,1.9079079826419596,34
1025,76,10,17,4,1.904894860536603,6
1026,19,15,41,8,1.9044917395497039,7
1027,41,11,61,5,1.903478014849791,6
1028,62,29,87,13,1.8959853967718379,16
1029,16,12,35,6,1.881008846062058,6
1030,98,27,18,13,1.877022513938192,14
1031,34,10,90,5,1.875212395692607,5
1032,91,10,39,4,1.864576968002248,6
1033,86,60,54,29,1.8509587831499028,31
1034,2,30,111,14,1.8367449192872438,16
1035,54,35,79,17,1.8339047649993603,18
1036,50,58,28,28,1.830016562191895,30
1037,52,13,65,6,1.8219258225521469,7
1038,20,22,73,11,1.8197178736344486,11
1039,93,10,85,4,1.8184953609101577,6
1040,9,15,44,9,1.817277039700739,6
1041,87,25,32,13,1.8019631830327207,12
1042,85,13,76,5,1.8000085206097032,8
1043,96,15,28,7,1.798109167181381,8
1044,8,21,75,10,1.7971565748640823,11
1045,13,14,107,6,1.793600482166094,8
1046,30,41,28,19,1.7778543521460957,22
1047,9,23,66,11,1.7663319480011388,12
1048,107,21,104,9,1.7432274674115629,12
1049,17,12,30,6,1.7366091011141076,6
1050,70,58,8,29,1.7358583823266793,29
1051,16,29,103,14,1.7358551004647216,15
1052,76,10,45,5,1.7263356630732685,5
1053,54,29,91,16,1.7259493348898993,13
1054,84,49,107,22,1.721198686708916,27
1055,87,27,37,14,1.717530877322721,13
1056,41,57,79,28,1.7119654486461777,29
1057,90,11,13,6,1.7069607533602957,5
1058,98,64,2,31,1.7021460905964025,33
1059,37,16,38,8,1.7020262096785106,8
1060,38,11,76,5,1.699907222636557,6
1061,93,26,107,12,1.6992218170224516,14
1062,84,74,28,36,1.6900558639107006,38
1063,73,31,8,13,1.6827099795090423,18
1064,91,16,62,8,1.6816681613432138,8
1065,87,12,13,5,1.680290942229875,7
1066,8,43,103,18,1.6388984297731046,25
1067,6,49,65,26,1.6288389900978633,23
1068,103,26,6,11,1.6275337563735748,15
1069,10,18,90,8,1.612631742744166,10
1070,5,16,79,9,1.6063038188326542,7
1071,70,16,55,8,1.5862770319729356,8
1072,104,27,8,11,1.5847929007576513,16
1073,107,37,38,18,1.5744818194516734,19
1074,76,10,14,5,1.56343838736732,5
1075,9,35,6,16,1.557967815496838,19
1076,84,11,46,5,1.5536654797415743,6
1077,74,18,63,9,1.537587239036068,9
1078,6,21,46,9,1.5348461201360555,12
1079,85,12,38,6,1.5317416798467223,6
1080,28,29,70,15,1.528822200513599,14
1081,63,13,14,6,1.5219308064414174,7
1082,74,18,50,9,1.5058020463222817,9
1083,74,52,84,25,1.5032704959262344,27
1084,1,13,84,6,1.5030861165131688,7
1085,65,77,28,36,1.5022420459271182,41
1086,55,18,43,9,1.4993353058682126,9
1087,8,49,18,23,1.486178193427121,26
1088,2,27,109,11,1.484515892189103,16
1089,5,11,2,6,1.4830828720803892,5
1090,62,23,2,12,1.45053493375147,11
1091,41,18,18,8,1.4488156792449156,10
1092,50,36,41,18,1.4450486751473977,18
1093,88,40,28,20,1.4428071062298002,20
1094,98,70,8,33,1.4400631337443104,37
1095,103,10,57,6,1.4334929374709406,4
1096,65,10,3,5,1.425825292351592,5
1097,84,22,96,10,1.42272644115059,12
1098,8,47,20,22,1.420582435666663,25
1099,6,40,98,19,1.4155859140392824,21
1100,2,24,38,13,1.4146987667991204,11
1101,11,10,51,6,1.4095502574829752,4
1102,51,11,6,4,1.4047930882718538,7
1103,85,15,107,5,1.4027465268810781,10
1104,8,42,50,21,1.3971182132620348,21
1105,51,26,84,11,1.3946044446619845,15
1106,65,34,10,16,1.3889990791790807,18
1107,16,32,10,15,1.3769942516048166,17
1108,23,24,88,11,1.3769043869202309,13
1109,5,11,20,5,1.3762491741307408,6
1110,28,52,48,26,1.3709489943903235,26
1111,63,19,87,9,1.3686247132739577,10
1112,88,11,51,5,1.3668352390432403,6
1113,23,14,32,8,1.36299015760623,6
1114,16,18,1,9,1.3602664332342813,9
1115,51,12,107,5,1.3597300507907146,7
1116,74,12,75,6,1.3554590976430498,6
1117,50,20,29,9,1.3540456886595515,11
1118,111,55,28,26,1.352453576285694,29
1119,5,20,28,10,1.3493326587417727,10
1120,29,18,34,10,1.3490741689669339,8
1121,20,43,28,19,1.3478722546865523,24
1122,76,30,9,14,1.3464329670764867,16
1123,62,23,88,11,1.3277639684106675,12
1124,55,16,73,8,1.3250772092992573,8
1125,23,25,6,12,1.3241402538193012,13
1126,37,35,65,16,1.3173393657012906,19
1127,38,17,106,8,1.3101869215810398,9
1128,54,47,20,21,1.3082635912660832,26
1129,23,27,107,13,1.2905265733143776,14
1130,88,11,104,5,1.284044959434777,6
1131,112,12,109,6,1.2807700475171355,6
1132,55,12,5,5,1.2717408201175149,7
1133,70,50,98,24,1.2645113460830104,26
1134,55,12,17,6,1.2644044388351476,6
1135,8,24,43,12,1.2491635720553627,12
1136,23,42,65,21,1.2395198214726815,21
1137,14,10,16,4,1.2378356380358335,6
1138,16,51,54,25,1.2330888264862843,26
1139,48,31,55,14,1.215644939535552,17
1140,17,14,54,7,1.2121687634663056,7
1141,8,19,85,10,1.1861465554197632,9
1142,50,23,16,12,1.1818243816176008,11
1143,103,10,1,6,1.178228962480731,4
1144,109,23,98,11,1.1685291459099245,12
1145,79,76,9,37,1.156057079763386,39
1146,73,25,87,11,1.1555083165045317,14
1147,2,11,44,5,1.1530964006985889,6
1148,96,16,79,7,1.1513538575456803,9
1149,79,27,104,11,1.1505168859403772,16
1150,2,24,88,11,1.1431667929787546,13
1151,79,36,38,17,1.1399672014475488,19
1152,10,13,88,6,1.116078708489712,7
1153,97,10,63,5,1.113626272118395,5
1154,8,24,11,11,1.1119848585601473,13
1155,29,33,28,16,1.111104248250653,17
1156,16,10,56,4,1.1063673005412145,6
1157,6,42,84,20,1.1025381642551553,22
1158,30,25,84,12,1.1014873070906024,13
1159,2,10,14,5,1.0959529328783628,5
1160,65,41,29,18,1.0863542275741345,23
1161,107,64,28,32,1.0685934078697672,32
1162,75,16,86,8,1.068069891714189,8
1163,76,15,103,6,1.064891024931597,9
1164,64,11,84,6,1.0531813217300625,5
1165,34,23,9,12,1.0530539128922707,11
1166,74,16,62,9,1.038357756374001,7
1167,8,92,65,41,1.0360299729293234,51
1168,86,26,91,13,1.0337576457460722,13
1169,54,28,18,13,1.0250295523893804,15
1170,107,36,103,17,1.0215275466090674,19
1171,50,13,76,8,1.0154044917487344,5
1172,79,11,94,5,0.999869198006996,6
1173,32,15,74,7,0.9878312338208298,8
1174,41,16,30,8,0.9850557086879019,8
1175,111,16,68,7,0.9831903657030904,9
1176,91,20,23,10,0.9792678927031672,10
1177,103,44,9,24,0.9734466854109779,20
1178,68,10,16,5,0.9723777343104946,5
1179,70,15,50,8,0.9670623069266762,7
1180,10,11,15,6,0.9620268464624092,5
1181,84,28,49,14,0.9573548536710029,14
1182,20,19,68,10,0.9561217863728688,9
1183,57,15,91,6,0.9462820674582961,9
1184,80,15,106,7,0.9367081769436092,8
1185,20,10,66,4,0.9364744036490531,6
1186,87,50,107,23,0.9336449569119724,27
1187,85,19,9,8,0.9266510351352133,11
1188,13,11,74,5,0.9258529887550367,6
1189,103,12,89,5,0.9245541578032253,7
1190,79,63,111,29,0.9222403087278062,34
1191,60,11,9,6,0.9156618531106675,5
1192,93,15,49,8,0.9146738839447187,7
1193,30,26,98,11,0.8945913052519345,15
1194,79,30,93,16,0.8801121352343778,14
1195,29,12,18,7,0.8741742779448103,5
1196,88,23,48,12,0.8691420269150582,11
1197,20,33,30,15,0.8624210657658014,18
1198,37,11,75,5,0.8613050770633002,6
1199,65,21,106,10,0.8544195862331218,11
1200,48,36,87,17,0.8422049682665195,19
1201,103,16,32,7,0.8405021181328091,9
1202,111,44,87,22,0.837629282060696,22
1203,79,14,35,7,0.82366684970547,7
1204,87,46,84,22,0.8185557762768446,24
1205,109,16,79,8,0.8037643927102174,8
1206,86,44,98,23,0.7963803644953341,21
1207,51,27,86,13,0.7958466347748088,14
1208,49,25,54,13,0.7952964242907768,12
1209,46,23,88,11,0.7851370129607893,12
1210,98,57,74,29,0.7836006339144945,28
1211,29,25,9,13,0.7771037627191238,12
1212,50,12,39,6,0.763954037274358,6
1213,112,17,87,9,0.7591685884445001,8
1214,55,12,13,6,0.7567536850396058,6
1215,28,17,73,7,0.7445408150621146,10
1216,37,11,73,5,0.7437455399697707,6
1217,46,12,10,6,0.7362386600396065,6
1218,85,14,41,7,0.7329420279882578,7
1219,2,38,87,17,0.7210314064467757,21
1220,85,23,65,10,0.7098961841132355,13
1221,55,16,34,7,0.7072850076733446,9
1222,51,13,37,6,0.701440420506911,7
1223,98,69,79,36,0.6924215661390296,33
1224,41,23,43,11,0.6921842337130496,12
1225,13,22,48,9,0.690775016485432,13
1226,11,29,28,15,0.6847851673650321,14
1227,86,77,28,35,0.6806931777985841,42
1228,39,10,16,4,0.676252099870446,6
1229,8,66,2,34,0.6662102238933972,32
1230,50,23,34,13,0.6618712012138183,10
1231,76,13,20,7,0.6610311160325412,6
1232,65,33,104,18,0.6526567218920184,15
1233,32,10,30,5,0.6490824873820774,5
1234,91,21,88,10,0.6418498921600013,11
1235,111,37,20,19,0.6068837109506102,18
1236,79,18,49,8,0.6053065369071557,10
1237,62,18,38,9,0.6043816495722358,9
1238,54,19,3,10,0.596372630298602,9
1239,98,20,101,11,0.594870864776421,9
1240,90,20,84,10,0.59409902637174,10
1241,54,37,107,18,0.5889535415404149,19
1242,15,14,2,7,0.5683026145731128,7
1243,55,11,97,6,0.5678491282013002,5
1244,8,69,84,35,0.5615927375138012,34
1245,89,17,111,9,0.5563633904658294,8
1246,74,44,87,23,0.551215304799837,21
1247,65,22,62,12,0.5500070971701462,10
1248,10,18,37,8,0.5468156041706492,10
1249,11,19,16,10,0.5396980687671015,9
1250,66,13,41,7,0.534743534153649,6
1251,16,47,48,23,0.5276480958458563,24
1252,16,51,2,25,0.525770434070558,26
1253,28,69,79,37,0.5245551332817691,32
1254,91,13,73,5,0.5133686150476426,8
1255,2,25,30,13,0.5037954043160977,12
1256,107,37,55,20,0.4987836819451582,17
1257,23,16,30,9,0.4884824633855258,7
1258,70,13,20,7,0.48625772561519326,6
1259,32,10,94,5,0.48339556643762405,5
1260,26,39,41,23,0.4754162497584248,16
1261,98,16,58,9,0.4540736471862188,7
1262,63,28,107,12,0.4513983463804988,16
1263,88,18,41,9,0.44177382423880074,9
1264,79,73,84,35,0.43308669842287767,38
1265,26,11,50,6,0.4324180875363617,5
1266,98,33,93,16,0.4249481440030074,17
1267,85,20,54,9,0.42227408911351655,11
1268,96,11,54,6,0.4203802696764918,5
1269,52,11,79,5,0.420310893328946,6
1270,93,16,55,8,0.39897461255756417,8
1271,48,33,98,17,0.3967785099913375,16
1272,8,50,88,25,0.39155858119761916,25
1273,50,41,9,21,0.3851321848412743,20
1274,79,42,74,18,0.3831053597484213,24
1275,88,28,107,13,0.3809872191952965,15
1276,8,84,28,41,0.3752560383144503,43
1277,79,16,80,8,0.3747455905620363,8
1278,46,15,98,7,0.3640759967683955,8
1279,63,21,106,10,0.36322298397703345,11
1280,70,22,9,10,0.35783800642150543,12
1281,17,14,50,7,0.340792809618303,7
1282,49,17,91,9,0.3285488305810779,8
1283,85,26,79,14,0.32471454085637974,12
1284,11,10,85,6,0.3172500994391079,4
1285,88,32,111,15,0.31153401809271974,17
1286,80,16,65,7,0.31151701489976613,9
1287,57,19,87,9,0.2857842373592109,10
1288,86,11,66,6,0.2691198516965333,5
1289,37,22,70,11,0.26541516331841886,11
1290,54,44,84,21,0.2633931538816796,23
1291,103,28,38,14,0.2481523476415201,14
1292,98,18,5,9,0.23991249503077494,9
1293,86,10,80,6,0.23136426710937422,4
1294,88,18,50,8,0.21637443249567034,10
1295,87,11,71,6,0.21156446783375316,5
1296,103,13,85,6,0.21041645110054574,7
1297,79,69,16,33,0.20708192255499022,36
1298,30,22,74,10,0.20088773846185115,12
1299,75,22,84,11,0.1977893844371876,11
1300,29,36,41,18,0.19641039337775912,18
1301,30,18,18,8,0.18809198027763627,10
1302,34,11,1,4,0.18667100823416566,7
1303,93,20,86,10,0.1616165281959887,10
1304,111,28,23,15,0.1581620727797386,13
1305,26,19,2,10,0.15549736717273138,9
1306,65,19,71,9,0.14728639594672713,10
1307,57,14,98,6,0.14718708116915735,8
1308,6,23,112,11,0.14608972875934934,12
1309,74,40,41,22,0.1069451118325894,18
1310,6,44,8,21,0.09437629853605566,23
1311,6,29,41,15,0.0941275477253323,14
1312,65,33,17,16,0.08426322185815655,17
1313,93,33,20,18,0.08368758505146223,15
1314,111,49,55,26,0.08160768943954089,23
1315,65,21,13,12,0.07590050666658854,9
1316,38,15,110,8,0.07451058664372948,7
1317,106,29,86,14,0.0631569008883137,15
1318,84,26,14,15,0.05843126963561673,11
1319,9,42,98,19,0.04938102254810637,23
1320,29,23,55,10,0.039422511567713675,13
1321,40,14,65,6,0.022138801901295854,8
1322,44,12,50,6,0.017864942319109883,6
1323,69,12,28,6,0.011874228565720438,6
1324,28,24,44,14,0.005777033075436607,10
1325,26,10,86,5,0.004038355127033889,5
1326,86,10,26,5,-0.004038355127033889,5
1327,44,24,28,10,-0.005777033075437051,14
1328,28,12,69,6,-0.011874228565721623,6
1329,50,12,44,6,-0.01786494231910929,6
1330,65,14,40,8,-0.022138801901296672,6
1331,91,42,79,20,-0.03503791530017175,22
1332,55,59,65,27,-0.03896525154627633,32
1333,55,23,29,13,-0.03942251156771319,10
1334,50,50,84,26,-0.041920488873883596,24
1335,65,81,79,42,-0.04424467295364335,39
1336,98,42,9,23,-0.04938102254810671,19
1337,76,38,65,18,-0.05184006466891194,20
1338,14,26,84,11,-0.05843126963561673,15
1339,86,29,106,15,-0.06315690088831322,14
1340,110,15,38,7,-0.07451058664372871,8
1341,13,21,65,9,-0.07590050666659102,12
1342,84,47,103,22,-0.09369403051445593,25
1343,41,29,6,14,-0.09412754772533327,15
1344,43,19,20,10,-0.09655439021695145,9
1345,98,63,28,33,-0.09777663764031136,30
1346,41,40,74,18,-0.10694511183258992,22
1347,74,47,54,25,-0.11602595236064492,22
1348,17,17,20,9,-0.12665014758012894,8
1349,111,25,30,13,-0.14558741487159338,12
1350,98,14,57,8,-0.14718708116915735,6
1351,71,19,65,10,-0.1472863959467275,9
1352,86,20,93,10,-0.16161652819598818,10
1353,87,34,98,16,-0.1724338468755451,18
1354,17,19,74,10,-0.18384205614173943,9
1355,18,18,30,10,-0.18809198027763716,8
1356,16,37,111,20,-0.1929815390724199,17
1357,84,22,75,11,-0.19778938443718774,11
1358,74,22,30,12,-0.20088773846185182,10
1359,18,25,107,12,-0.2061360742833756,13
1360,85,13,103,7,-0.21041645110054602,6
1361,71,11,87,5,-0.21156446783375446,6
1362,79,47,76,23,-0.21353395465678998,24
1363,50,18,88,10,-0.21637443249567034,8
1364,80,10,86,4,-0.23136426710937422,6
1365,79,18,57,10,-0.23975285216616626,8
1366,5,18,98,9,-0.23991249503077505,9
1367,38,28,103,14,-0.24815234764151944,14
1368,84,44,54,23,-0.26339315388167894,21
1369,70,22,37,11,-0.2654151633184179,11
1370,20,22,112,10,-0.2667669703435458,12
1371,66,11,86,5,-0.2691198516965327,6
1372,87,19,57,10,-0.28578423735921055,9
1373,79,42,55,23,-0.29649786875917394,19
1374,10,27,111,13,-0.3114645815059003,14
1375,65,16,80,9,-0.31151701489976613,7
1376,111,32,88,17,-0.31153401809271863,15
1377,85,10,11,4,-0.31725009943910754,6
1378,91,17,49,8,-0.32854883058107764,9
1379,43,16,98,8,-0.334919329248079,8
1380,9,22,70,12,-0.3578380064215045,10
1381,106,21,63,11,-0.36322298397703345,10
1382,98,15,46,8,-0.364075996768397,7
1383,80,16,79,8,-0.3747455905620361,8
1384,84,23,91,12,-0.37632994706828293,11
1385,88,50,8,25,-0.3915585811976193,25
1386,98,33,48,16,-0.3967785099913387,17
1387,55,16,93,8,-0.3989746125575646,8
1388,55,42,16,21,-0.40298529099589314,21
1389,79,11,52,6,-0.42031089332894633,5
1390,54,11,96,5,-0.4203802696764918,6
1391,13,12,2,5,-0.4219932083916736,7
1392,54,20,85,11,-0.4222740891135178,9
1393,93,33,98,17,-0.42494814400300696,16
1394,41,18,88,9,-0.4417738242388016,9
1395,107,28,63,16,-0.4513983463804984,12
1396,55,58,28,26,-0.4723623832387307,32
1397,79,40,90,18,-0.4783152360099624,22
1398,94,10,32,5,-0.4833955664376234,5
1399,20,13,70,6,-0.48625772561519354,7
1400,30,25,2,12,-0.5037954043160969,13
1401,84,59,37,31,-0.5062533674774059,28
1402,73,13,91,8,-0.5133686150476421,5
1403,23,38,16,19,-0.5164735690806078,19
1404,20,23,110,11,-0.5195268671329448,12
1405,48,47,16,24,-0.527648095845856,23
1406,41,13,66,6,-0.5347435341536495,7
1407,16,19,11,9,-0.5396980687671018,10
1408,37,18,10,10,-0.5468156041706485,8
1409,62,22,65,10,-0.5500070971701475,12
1410,111,17,89,8,-0.556363390465831,9
1411,79,81,65,40,-0.5589485959558708,41
1412,97,11,55,5,-0.5678491282013008,6
1413,49,24,107,13,-0.5883775965859891,11
1414,107,37,54,19,-0.5889535415404155,18
1415,84,20,90,10,-0.5940990263717392,10
1416,101,20,98,9,-0.5948708647764195,11
1417,3,19,54,9,-0.596372630298603,10
1418,39,10,87,5,-0.5972214062189816,5
1419,23,33,79,18,-0.5991196107820859,15
1420,38,18,62,9,-0.6043816495722345,9
1421,65,50,107,27,-0.6221414452368816,23
1422,88,21,91,11,-0.6418498921600014,10
1423,6,19,62,11,-0.6431821395568814,8
1424,30,10,32,5,-0.6490824873820789,5
1425,104,33,65,15,-0.6526567218920186,18
1426,29,20,103,10,-0.6578144863835312,10
1427,107,50,65,24,-0.6578585547631178,26
1428,20,13,76,6,-0.6610311160325401,7
1429,34,23,50,10,-0.6618712012138183,13
1430,8,63,10,33,-0.6621130971618493,30
1431,101,15,23,7,-0.6750621504160544,8
1432,16,10,39,6,-0.6762520998704448,4
1433,28,77,86,42,-0.6806931777985865,35
1434,28,29,11,14,-0.6847851673650338,15
1435,48,22,13,13,-0.6907750164854317,9
1436,37,13,51,7,-0.7014404205069099,6
1437,65,23,85,13,-0.7098961841132344,10
1438,74,27,46,15,-0.7141772437171631,12
1439,8,71,111,34,-0.7317959121668131,37
1440,41,14,85,7,-0.7329420279882578,7
1441,10,12,46,6,-0.7362386600396065,6
1442,73,11,37,6,-0.7437455399697719,5
1443,73,17,28,10,-0.7445408150621152,7
1444,13,12,55,6,-0.7567536850396056,6
1445,87,17,112,8,-0.7591685884445006,9
1446,39,12,50,6,-0.7639540372743591,6
1447,37,59,84,29,-0.7815317486516481,30
1448,74,57,98,28,-0.7836006339144942,29
1449,28,70,2,37,-0.7844991620687214,33
1450,103,39,23,19,-0.7910274741071583,20
1451,86,27,51,14,-0.7958466347748083,13
1452,98,44,86,21,-0.7963803644953328,23
1453,79,16,109,8,-0.8037643927102165,8
1454,84,46,87,24,-0.818555776276845,22
1455,35,14,79,7,-0.8236668497054691,7
1456,91,25,30,14,-0.8290044271419152,11
1457,91,21,29,10,-0.8357535316372816,11
1458,87,36,48,19,-0.8422049682665212,17
1459,106,21,65,11,-0.8544195862331221,10
1460,10,51,79,29,-0.8544891772527285,22
1461,38,18,91,10,-0.8605561818804589,8
1462,75,11,37,6,-0.8613050770632995,5
1463,30,33,20,18,-0.8624210657658024,15
1464,48,23,88,11,-0.8691420269150538,12
1465,18,12,29,5,-0.8741742779448094,7
1466,39,12,65,6,-0.8833442404940938,6
1467,85,18,74,9,-0.8842572167875924,9
1468,49,15,93,7,-0.9146738839447184,8
1469,111,29,18,15,-0.9151185639276579,14
1470,9,11,60,5,-0.9156618531106686,6
1471,89,12,103,7,-0.9245541578032253,5
1472,9,19,85,11,-0.9266510351352133,8
1473,66,10,20,6,-0.9364744036490535,4
1474,106,15,80,8,-0.9367081769436102,7
1475,91,15,57,9,-0.9462820674582971,6
1476,49,28,84,14,-0.9573548536710035,14
1477,15,11,10,5,-0.9620268464624092,6
1478,50,15,70,7,-0.9670623069266775,8
1479,16,10,68,5,-0.9723777343104946,5
1480,68,16,111,9,-0.9831903657030906,7
1481,30,16,41,8,-0.9850557086879017,8
1482,91,23,20,11,-0.9903622576025491,12
1483,74,34,20,17,-0.9993227738016515,17
1484,94,11,79,6,-0.9998691980069959,5
1485,23,39,103,21,-1.0026838414995893,18
1486,41,33,70,17,-1.0073100144887814,16
1487,76,13,50,5,-1.0154044917487335,8
1488,41,13,75,7,-1.0160682715228835,6
1489,18,28,54,15,-1.02502955238938,13
1490,98,32,90,17,-1.0267736789331345,15
1491,91,26,86,13,-1.0337576457460727,13
1492,51,30,28,15,-1.0343920374063071,15
1493,103,10,75,5,-1.035188460357086,5
1494,112,10,8,5,-1.0357746876565699,5
1495,55,42,79,20,-1.0370705274338399,22
1496,62,16,74,7,-1.0383577563740003,9
1497,89,13,6,6,-1.0487640819634654,7
1498,2,27,20,14,-1.0527389396756568,13
1499,103,15,76,9,-1.0648910249315973,6
1500,86,16,75,8,-1.068069891714187,8
1501,73,20,103,10,-1.0728746625988024,10
1502,84,73,79,39,-1.0858574962838596,34
1503,29,41,65,23,-1.0863542275741362,18
1504,14,10,2,5,-1.0959529328783617,5
1505,84,25,30,13,-1.1014873070906033,12
1506,84,42,6,22,-1.1025381642551555,20
1507,56,10,16,6,-1.1063673005412131,4
1508,28,33,29,17,-1.111104248250654,16
1509,11,24,8,13,-1.111984858560148,11
1510,63,10,97,5,-1.113626272118395,5
1511,23,41,28,21,-1.118601283133015,20
1512,90,31,65,15,-1.128136180930446,16
1513,88,24,2,13,-1.1431667929787543,11
1514,16,69,79,37,-1.1461232220837207,32
1515,104,27,79,16,-1.1505168859403776,11
1516,79,16,96,9,-1.1513538575456796,7
1517,65,81,41,44,-1.1521295696669458,37
1518,44,11,2,6,-1.1530964006985882,5
1519,87,25,73,14,-1.155508316504531,11
1520,1,10,103,4,-1.178228962480731,6
1521,16,23,50,11,-1.1818243816176015,12
1522,111,49,98,25,-1.1971941446177512,24
1523,107,36,111,18,-1.1978257080625474,18
1524,54,14,17,7,-1.212168763466305,7
1525,55,31,48,17,-1.2156449395355515,14
1526,54,51,16,26,-1.2330888264862838,25
1527,16,38,23,20,-1.2347115570675697,18
1528,16,10,14,6,-1.2378356380358353,4
1529,46,12,70,6,-1.2383877522538576,6
1530,84,50,50,25,-1.2510912652103068,25
1531,17,12,55,6,-1.2644044388351479,6
1532,98,50,70,26,-1.2645113460830095,24
1533,90,40,79,23,-1.2705532967066155,17
1534,5,12,55,7,-1.2717408201175153,5
1535,109,12,112,6,-1.2807700475171353,6
1536,104,11,88,6,-1.2840449594347776,5
1537,107,27,23,14,-1.2905265733143787,13
1538,106,17,38,9,-1.3101869215810407,8
1539,103,47,84,26,-1.3117535282727075,21
1540,79,69,98,34,-1.3171638313764082,35
1541,65,35,37,19,-1.3173393657012917,16
1542,87,44,74,22,-1.3188224711812568,22
1543,90,32,98,16,-1.3246080262099156,16
1544,73,16,55,8,-1.3250772092992573,8
1545,88,23,62,12,-1.3277639684106675,11
1546,91,15,109,7,-1.3373257862259469,8
1547,9,30,76,16,-1.3464329670764872,14
1548,34,18,29,8,-1.3490741689669334,10
1549,28,20,5,10,-1.3493326587417735,10
1550,29,20,50,11,-1.3540456886595518,9
1551,75,12,74,6,-1.355459097643048,6
1552,107,12,51,7,-1.3597300507907153,5
1553,32,14,23,6,-1.3629901576062295,8
1554,51,11,88,6,-1.3668352390432417,5
1555,87,19,63,10,-1.3686247132739588,9
1556,59,16,41,9,-1.3704315284875221,7
1557,20,11,5,6,-1.3762491741307412,5
1558,16,42,55,22,-1.3767342974818197,20
1559,88,24,23,13,-1.3769043869202289,11
1560,23,15,76,7,-1.3791825091008199,8
1561,65,31,90,17,-1.3800043045554724,14
1562,74,18,90,9,-1.39415986244323,9
1563,84,26,51,15,-1.3946044446619839,11
1564,41,81,65,39,-1.4041433009139985,42
1565,6,11,51,7,-1.4047930882718551,4
1566,51,10,11,4,-1.4095502574829755,6
1567,43,18,107,9,-1.4171119653199424,9
1568,96,22,84,12,-1.422726441150587,10
1569,3,10,65,5,-1.425825292351591,5
1570,57,10,103,4,-1.43349293747094,6
1571,28,40,88,20,-1.4428071062298002,20
1572,2,23,62,11,-1.4505349337514701,12
1573,17,43,98,22,-1.4651649500523514,21
1574,2,11,5,5,-1.48308287208039,6
1575,109,27,2,16,-1.4845158921891026,11
1576,84,13,1,7,-1.503086116513169,6
1577,84,52,74,27,-1.5032704959262353,25
1578,50,18,74,9,-1.5058020463222825,9
1579,62,19,6,9,-1.506313038221411,10
1580,98,43,17,23,-1.5166447539243209,20
1581,14,13,63,7,-1.5219308064414179,6
1582,6,14,50,8,-1.5219443856325081,6
1583,70,29,28,14,-1.5288222005135974,15
1584,38,12,85,6,-1.5317416798467212,6
1585,63,18,74,9,-1.5375872390360672,9
1586,74,36,2,19,-1.5401979696938868,17
1587,46,11,84,6,-1.553665479741575,5
1588,6,35,9,19,-1.5579678154968377,16
1589,14,10,76,5,-1.56343838736732,5
1590,38,37,107,19,-1.5744818194516736,18
1591,29,16,16,9,-1.5836522711307057,7
1592,8,27,104,16,-1.5847929007576513,11
1593,55,16,70,8,-1.586277031972935,8
1594,90,14,20,8,-1.6037651598069205,6
1595,79,16,5,7,-1.6063038188326537,9
1596,79,52,103,26,-1.6096899152923092,26
1597,90,18,10,10,-1.612631742744166,8
1598,10,19,107,9,-1.6128272357212297,10
1599,65,59,55,34,-1.6308671797967242,25
1600,87,44,111,23,-1.641789170650758,21
1601,79,52,2,27,-1.6438129495322433,25
1602,54,47,74,23,-1.6573868321864862,24
1603,8,26,34,12,-1.667662307737974,14
1604,84,69,8,35,-1.6772378526789344,34
1605,13,12,87,7,-1.680290942229875,5
1606,62,16,91,8,-1.6816681613432154,8
1607,8,31,73,18,-1.6827099795090414,13
1608,28,74,84,38,-1.6900558639107024,36
1609,23,18,57,10,-1.6948872060166507,8
1610,18,13,20,7,-1.69876804268239,6
1611,107,26,93,14,-1.6992218170224525,12
1612,76,11,38,6,-1.6999072226365548,5
1613,86,24,90,11,-1.700371377025861,13
1614,38,16,37,8,-1.7020262096785124,8
1615,13,11,90,5,-1.7069607533602953,6
1616,37,27,87,13,-1.7175308773227205,14
1617,65,38,76,21,-1.7259377131088651,17
1618,91,29,54,13,-1.7259493348898998,16
1619,45,10,76,5,-1.7263356630732685,5
1620,16,16,29,8,-1.7271978980205005,8
1621,103,29,16,15,-1.735855100464721,14
1622,8,58,70,29,-1.7358583823266789,29
1623,30,12,17,6,-1.736609101114107,6
1624,104,21,107,12,-1.743227467411562,9
1625,28,30,51,16,-1.7439546583842014,14
1626,66,23,9,12,-1.7663319480011395,11
1627,28,41,30,22,-1.777854352146095,19
1628,75,21,8,11,-1.7971565748640816,10
1629,28,15,96,8,-1.7981091671813807,7
1630,76,13,85,8,-1.8000085206097036,5
1631,32,25,87,12,-1.8019631830327214,13
1632,93,25,6,13,-1.8024437751588966,12
1633,18,11,85,7,-1.8067340182792189,4
1634,44,15,9,6,-1.8172770397007398,9
1635,65,13,52,7,-1.8219258225521469,6
1636,54,60,86,31,-1.8509587831499024,29
1637,39,10,91,6,-1.8645769680022486,4
1638,90,24,86,14,-1.8654989939070072,10
1639,90,10,34,5,-1.8752123956926063,5
1640,35,12,16,6,-1.8810088460620558,6
1641,87,29,62,16,-1.8959853967718374,13
1642,103,14,70,8,-1.9027941936339994,6
1643,61,11,41,6,-1.9034780148497894,5
1644,41,15,19,7,-1.9044917395497039,8
1645,17,10,76,6,-1.9048948605366014,4
1646,37,22,6,11,-1.9187411338779805,11
1647,48,10,62,6,-1.9270832455013296,4
1648,111,71,8,40,-1.9370367529151276,31
1649,6,24,76,12,-1.937944044447951,12
1650,6,25,93,13,-1.9383775932498641,12
1651,106,13,98,6,-1.940190176266284,7
1652,86,46,65,24,-1.9570230556604997,22
1653,2,36,74,19,-1.960098632631766,17
1654,46,27,74,13,-1.960314232243549,14
1655,88,40,55,23,-1.963295799528872,17
1656,10,63,8,32,-1.9653037165737905,31
1657,50,40,54,23,-1.9685166822318947,17
1658,29,11,49,7,-1.9792119029563418,4
1659,37,13,103,7,-1.9837820518429876,6
1660,84,25,57,14,-1.9838455756579163,11
1661,41,16,34,9,-1.9846654519938336,7
1662,37,59,79,33,-1.9886494787106561,26
1663,8,44,6,24,-1.9887035911204924,20
1664,71,10,37,6,-1.9896037058196856,4
1665,66,12,85,6,-2.002988916691536,6
1666,9,30,10,15,-2.0135222581265264,15
1667,93,20,88,8,-2.033372594210669,12
1668,26,14,73,8,-2.0368384601286986,6
1669,3,12,50,6,-2.0377948804903236,6
1670,65,72,84,37,-2.0379176330897706,35
1671,98,52,38,28,-2.0498657703552294,24
1672,26,30,9,17,-2.052887996849143,13
1673,10,18,91,10,-2.0539203960339205,8
1674,104,17,9,10,-2.0746206420840276,7
1675,28,41,23,22,-2.076585768514958,19
1676,2,52,79,28,-2.0919149974540514,24
1677,85,15,2,7,-2.0967648774046337,8
1678,79,17,11,7,-2.100001512971056,10
1679,104,17,86,8,-2.1018401857237743,9
1680,87,38,2,22,-2.1150735829314953,16
1681,1,15,87,7,-2.138632690920939,8
1682,111,44,84,25,-2.1422526544855915,19
1683,46,13,20,8,-2.151765308535924,5
1684,32,10,18,5,-2.1572241092213575,5
1685,15,11,9,6,-2.1575516880448644,5
1686,28,84,8,45,-2.1789553043905987,39
1687,98,18,89,10,-2.180079413202899,8
1688,89,11,86,6,-2.1974022229705885,5
1689,86,64,8,36,-2.206968534697074,28
1690,106,28,8,14,-2.210129828089476,14
1691,110,16,87,9,-2.2176133909414486,7
1692,57,12,54,7,-2.224387822283533,5
1693,58,11,8,5,-2.2258955118772117,6
1694,74,29,26,16,-2.2324393914305243,13
1695,106,10,62,5,-2.251724283686679,5
1696,8,11,52,5,-2.257162770789511,6
1697,50,14,6,7,-2.2618843791117285,7
1698,9,40,37,22,-2.262801557650182,18
1699,32,18,62,9,-2.2636867699003225,9
1700,54,36,2,19,-2.2663117915257036,17
1701,103,13,110,7,-2.2732443192567455,6
1702,32,13,20,7,-2.2751108005385445,6
1703,107,12,108,6,-2.277840147444422,6
1704,37,39,28,21,-2.310806744030662,18
1705,103,52,79,29,-2.319457331030927,23
1706,94,11,41,6,-2.3275339532246493,5
1707,43,23,41,13,-2.3652994967791563,10
1708,91,24,65,11,-2.370352134579779,13
1709,8,70,98,38,-2.395287014341326,32
1710,28,58,55,34,-2.407239841868213,24
1711,88,19,63,10,-2.4297157289241897,9
1712,38,40,41,21,-2.4535603181412866,19
1713,29,27,6,14,-2.45903121181426,13
1714,11,17,50,9,-2.4599084593739486,8
1715,79,57,41,30,-2.4682324013019508,27
1716,9,44,103,21,-2.4769487250437585,23
1717,62,15,37,8,-2.4789476689639174,7
1718,28,77,65,42,-2.4794396376748793,35
1719,65,49,6,24,-2.47968083130177,25
1720,20,47,54,27,-2.485454762519845,20
1721,90,18,74,10,-2.492214654704721,8
1722,2,27,91,15,-2.4984888581051337,12
1723,107,19,10,11,-2.5109118621755364,8
1724,65,12,39,7,-2.5200231243215345,5
1725,74,42,79,25,-2.520717570267713,17
1726,16,14,44,6,-2.5225080391674344,8
1727,76,47,79,26,-2.526760719119433,21
1728,70,33,41,17,-2.5290882561404504,16
1729,49,10,63,5,-2.5291147398136253,5
1730,87,26,10,13,-2.5384783735781897,13
1731,48,15,49,7,-2.544499155603262,8
1732,8,41,91,21,-2.5454365457229002,20
1733,79,26,85,13,-2.552939527900718,13
1734,11,10,30,6,-2.5564825240632034,4
1735,23,28,111,14,-2.5579342826864977,14
1736,111,27,10,15,-2.561286831397376,12
1737,37,35,48,18,-2.564870406200917,17
1738,55,37,107,19,-2.576673725787365,18
1739,28,55,111,30,-2.5812802098154153,25
1740,112,20,38,11,-2.5875581099779774,9
1741,29,33,98,17,-2.59917885596954,16
1742,107,24,49,12,-2.600438468942416,12
1743,54,57,98,29,-2.6147362809185486,28
1744,79,46,50,23,-2.6337450510542073,23
1745,84,17,109,9,-2.647899017987722,8
1746,30,25,111,13,-2.6528736151948067,12
1747,63,11,111,6,-2.656681768070538,5
1748,87,27,70,15,-2.659290912641029,12
1749,8,14,15,7,-2.6593953269851673,7
1750,98,49,111,27,-2.661784450073085,22
1751,111,13,43,8,-2.669621436422116,5
1752,48,12,23,6,-2.6721896490462047,6
1753,49,18,32,9,-2.688514142434056,9
1754,28,27,46,15,-2.6981124142933774,12
1755,9,44,48,25,-2.7118293842835715,19
1756,2,70,28,37,-2.7214446275999595,33
1757,10,30,9,17,-2.725511572413539,13
1758,30,14,26,5,-2.7295268644643054,9
1759,29,14,23,8,-2.732572073895786,6
1760,86,41,74,22,-2.732603324816666,19
1761,103,19,48,10,-2.7455190211302885,9
1762,30,25,91,12,-2.7621840865304956,13
1763,89,15,50,8,-2.767885417645722,7
1764,12,11,8,6,-2.8009343879230215,5
1765,65,55,38,30,-2.806589910357459,25
1766,23,21,54,12,-2.81871086484572,9
1767,96,24,86,13,-2.832240626287442,11
1768,98,20,73,11,-2.833203916772493,9
1769,18,29,111,16,-2.859497108899379,13
1770,107,25,90,13,-2.870701985415053,12
1771,91,23,84,12,-2.8735927797171086,11
1772,109,13,76,9,-2.877362605546446,4
1773,76,22,111,10,-2.8888180973130924,12
1774,32,18,49,10,-2.892278990328854,8
1775,34,16,6,8,-2.8927905205883553,8
1776,54,21,15,12,-2.909263028328594,9
1777,20,23,91,13,-2.91310351812833,10
1778,44,19,91,11,-2.9196808859177237,8
1779,98,20,85,12,-2.9230483905619185,8
1780,41,36,29,19,-2.9244119186735795,17
1781,76,15,23,9,-2.940407468731348,6
1782,75,11,54,6,-2.9498939570669056,5
1783,86,59,87,33,-2.953566380563998,26
1784,16,21,51,13,-2.9622705722069402,8
1785,108,11,48,7,-2.963900529529869,4
1786,74,18,85,10,-2.978897137377882,8
1787,109,11,57,7,-2.9843830658057695,4
1788,89,16,26,8,-3.0015441091670585,8
1789,65,15,51,8,-3.0024330188565416,7
1790,48,52,28,27,-3.005270580149446,25
1791,98,18,63,9,-3.0073208177516255,9
1792,93,30,79,15,-3.0134454685677112,15
1793,55,38,84,21,-3.0154680558336096,17
1794,8,11,12,6,-3.0172474302587955,5
1795,16,18,38,9,-3.0174584469144037,9
1796,65,92,8,53,-3.0190450516035905,39
1797,86,15,1,8,-3.0234071702801657,7
1798,107,28,88,16,-3.04854210260548,12
1799,48,47,79,25,-3.0543744330852878,22
1800,97,13,28,6,-3.0547375240563235,7
1801,52,10,84,5,-3.070377905456948,5
1802,65,16,43,8,-3.0818646979565365,8
1803,16,79,28,43,-3.104235415750522,36
1804,51,15,104,8,-3.1129544443517223,7
1805,65,68,87,38,-3.1385094639330045,30
1806,38,36,79,20,-3.1386740959807797,16
1807,28,24,34,14,-3.14488849664718,10
1808,90,10,1,5,-3.14882035881255,5
1809,28,58,50,31,-3.149526658272614,27
1810,98,54,16,30,-3.1532282189912895,24
1811,54,16,73,9,-3.1545899908135793,7
1812,75,16,50,8,-3.161621923576125,8
1813,94,12,2,7,-3.161881707979729,5
1814,8,18,14,10,-3.164886384508363,8
1815,8,14,44,9,-3.1679643082660283,5
1816,108,12,74,6,-3.1689586707194892,6
1817,91,14,17,8,-3.16960980301192,6
1818,88,13,18,7,-3.1759771370815284,6
1819,75,15,111,7,-3.17685714011478,8
1820,37,13,91,7,-3.1893915884876662,6
1821,106,19,55,11,-3.2161809115675517,8
1822,28,43,20,25,-3.2289776188009904,18
1823,85,11,49,6,-3.234049059231714,5
1824,87,15,1,9,-3.235954063691745,6
1825,18,15,76,9,-3.237191989649946,6
1826,107,49,84,28,-3.245515762943307,21
1827,28,28,62,17,-3.2557773269494237,11
1828,86,31,50,17,-3.25877501358155,14
1829,8,26,51,15,-3.261457041476366,11
1830,65,30,73,17,-3.264498946198197,13
1831,98,11,59,6,-3.2664563544762517,5
1832,111,31,90,18,-3.267921695084226,13
1833,55,49,111,26,-3.2738567627834874,23
1834,9,10,35,5,-3.2814605351740482,5
1835,28,11,33,6,-3.3037590150947365,5
1836,86,22,23,12,-3.3045595000103467,10
1837,76,11,75,7,-3.3071188013348984,4
1838,29,21,2,12,-3.316924897230131,9
1839,79,42,91,24,-3.3169616233745067,18
1840,107,24,48,13,-3.324639262352747,11
1841,9,41,50,22,-3.3280702420197166,19
1842,20,34,74,19,-3.3503190272282626,15
1843,87,33,23,19,-3.3559293165704367,14
1844,57,18,79,9,-3.359905462693975,9
1845,23,20,91,11,-3.3618813048957485,9
1846,6,18,49,10,-3.361990920437636,8
1847,28,63,98,33,-3.3646430186749945,30
1848,55,15,104,8,-3.3746149312999796,7
1849,13,14,76,7,-3.383197454645703,7
1850,8,66,74,36,-3.389343063259877,30
1851,15,16,65,8,-3.396313291786303,8
1852,6,12,57,8,-3.4000169565132334,4
1853,84,20,32,12,-3.403700726822616,8
1854,55,17,23,9,-3.4042950014279,8
1855,63,30,8,16,-3.41861947787819,14
1856,57,12,86,6,-3.4531517504498637,6
1857,34,15,16,8,-3.4607811053926616,7
1858,79,51,10,25,-3.461171301661281,26
1859,35,22,76,13,-3.461651095947974,9
1860,79,62,86,34,-3.4620669692089745,28
1861,8,14,5,9,-3.4764198977431877,5
1862,2,21,29,11,-3.480852033637943,10
1863,41,49,16,26,-3.501070366837183,23
1864,94,13,65,7,-3.505690987614661,6
1865,48,15,91,8,-3.5103417471191447,7
1866,16,11,46,6,-3.5247066219075394,5
1867,26,33,111,19,-3.5276889460712058,14
1868,86,71,84,40,-3.5438006021539343,31
1869,84,32,20,19,-3.5442833935533202,13
1870,49,18,79,11,-3.5482844650415624,7
1871,107,50,87,29,-3.564753035737441,21
1872,88,23,46,13,-3.5677457086129625,10
1873,88,85,65,48,-3.5710519648765726,37
1874,98,26,30,16,-3.585419218777317,10
1875,23,15,101,9,-3.591604516250614,6
1876,28,29,106,17,-3.6036961084402055,12
1877,18,12,10,8,-3.6042571144804363,4
1878,50,21,18,11,-3.6058376727958663,10
1879,2,64,98,35,-3.6230074727538932,29
1880,50,11,5,6,-3.630371863278941,5
1881,70,37,54,20,-3.6330290974610886,17
1882,87,23,90,14,-3.6343381938130586,9
1883,93,13,11,6,-3.6384329699574156,7
1884,107,12,37,6,-3.64300875752881,6
1885,111,63,79,37,-3.6508286574398943,26
1886,73,22,20,12,-3.6521774474687554,10
1887,37,38,16,23,-3.6538134186570033,15
1888,6,16,34,9,-3.6598684680509215,7
1889,65,17,57,11,-3.66200460796526,6
1890,62,14,86,6,-3.6646334062582624,8
1891,62,18,76,8,-3.665603119096148,10
1892,23,17,109,10,-3.677137211210047,7
1893,41,37,84,22,-3.7078264738122493,15
1894,10,14,32,9,-3.709056496740224,5
1895,87,10,60,5,-3.716219490276847,5
1896,38,22,84,13,-3.721558072111377,9
1897,28,57,74,30,-3.7233949828769197,27
1898,41,16,48,9,-3.723395209925695,7
1899,79,69,28,35,-3.724299799359697,34
1900,55,26,49,12,-3.736976426120153,14
1901,10,34,65,19,-3.7403807843221304,15
1902,23,25,74,13,-3.752262942687233,12
1903,18,12,57,8,-3.7525453734501912,4
1904,87,10,12,5,-3.754204850722502,5
1905,98,40,6,23,-3.760936191144453,17
1906,49,22,28,13,-3.761707702389012,9
1907,96,17,48,9,-3.7690550747286315,8
1908,20,14,90,7,-3.770821594805764,7
1909,84,12,11,6,-3.7715362491408313,6
1910,50,12,51,8,-3.780099042180057,4
1911,55,15,57,7,-3.7814243990139826,8
1912,110,11,26,5,-3.781495457699158,6
1913,2,12,94,6,-3.7839850314965418,6
1914,88,37,79,23,-3.794482783159947,14
1915,26,38,79,22,-3.7975031059515727,16
1916,18,15,93,8,-3.8000555745474087,7
1917,55,17,51,10,-3.8078734853693628,7
1918,17,33,65,19,-3.8083990645378307,14
1919,98,16,43,9,-3.8123705589147328,7
1920,62,39,8,21,-3.8203580499873464,18
1921,91,14,32,7,-3.8253106560348464,7
1922,49,16,17,9,-3.8354352643495577,7
1923,29,21,91,12,-3.840820511726981,9
1924,18,18,41,11,-3.84366102932153,7
1925,50,42,8,23,-3.8526477074222707,19
1926,34,12,23,6,-3.85388189935407,6
1927,49,14,38,7,-3.8551286140805963,7
1928,48,40,86,23,-3.8755470879506504,17
1929,89,18,48,10,-3.8908343305777375,8
1930,55,14,96,8,-3.8943089599625167,6
1931,54,16,94,8,-3.897800639878564,8
1932,9,30,26,15,-3.917115924375875,15
1933,54,69,65,37,-3.928858591790434,32
1934,74,22,43,13,-3.9345782455697673,9
1935,54,32,87,18,-3.9348055085863867,14
1936,73,22,6,11,-3.9476996189213933,11
1937,65,42,23,23,-3.9627458762007683,19
1938,9,11,14,7,-3.9753531338355614,4
1939,26,14,55,8,-3.9805474058369166,6
1940,10,13,104,7,-3.982341981798969,6
1941,98,34,87,20,-3.9852020639548185,14
1942,109,20,34,11,-3.9866247208162107,9
1943,107,45,98,26,-3.9960773542760295,19
1944,79,33,23,17,-4.005580416521516,16
1945,48,24,10,13,-4.007661201519658,11
1946,2,19,26,10,-4.041871884320681,9
1947,98,23,109,13,-4.0431120330253485,10
1948,71,15,84,8,-4.046997354452872,7
1949,10,32,16,18,-4.051397029804468,14
1950,46,21,6,13,-4.0573986299655465,8
1951,10,41,2,24,-4.057775267216063,17
1952,75,10,65,6,-4.061741964132054,4
1953,50,38,98,20,-4.0751085970791365,18
1954,87,80,8,46,-4.0816485905608655,34
1955,63,16,50,9,-4.09617328816498,7
1956,23,11,75,6,-4.1044573425935225,5
1957,98,39,37,22,-4.11677597890711,17
1958,50,14,17,8,-4.12462157436254,6
1959,86,14,35,9,-4.145135736198837,5
1960,10,16,103,9,-4.145748166667432,7
1961,54,76,8,41,-4.14743496422582,35
1962,75,10,44,6,-4.15986118876275,4
1963,79,32,30,19,-4.168751842102488,13
1964,32,16,2,9,-4.169077635966493,7
1965,107,25,18,15,-4.1724181061959875,10
1966,9,79,84,47,-4.204572431990677,32
1967,34,16,55,10,-4.2079020476799975,6
1968,38,26,50,15,-4.210629481734023,11
1969,55,20,74,10,-4.2226050267563995,10
1970,62,19,16,11,-4.231831363925151,8
1971,85,19,8,10,-4.235296537690964,9
1972,8,11,97,7,-4.238412616249588,4
1973,49,13,18,7,-4.243576516469454,6
1974,18,59,28,33,-4.244318550171283,26
1975,2,66,8,35,-4.265068045066808,31
1976,79,35,54,19,-4.285387143638045,16
1977,84,48,98,27,-4.2905679880423575,21
1978,88,25,87,15,-4.293791057606331,10
1979,48,15,85,9,-4.305363268792187,6
1980,41,39,26,18,-4.308213459712551,21
1981,1,20,41,13,-4.310885836842604,7
1982,48,20,30,12,-4.312431377271299,8
1983,63,34,84,20,-4.318376049897355,14
1984,28,20,14,13,-4.343832047386856,7
1985,44,13,79,7,-4.356415433762269,6
1986,2,11,57,7,-4.360321050424336,4
1987,94,11,87,6,-4.375015437142172,5
1988,1,10,90,6,-4.375601097645208,4
1989,89,13,54,8,-4.375934710162814,5
1990,86,32,30,21,-4.377056281762439,11
1991,37,21,90,12,-4.378553555201821,9
1992,98,24,13,16,-4.385814205539817,8
1993,8,29,29,16,-4.386286441561601,13
1994,41,36,50,20,-4.39168406813968,16
1995,112,18,54,10,-4.392236178577868,8
1996,20,19,43,10,-4.407702920435093,9
1997,103,20,73,11,-4.408542656876506,9
1998,39,12,48,6,-4.409523912199052,6
1999,107,29,16,17,-4.421752842699686,12
2000,74,23,37,13,-4.4346787199832525,10
2001,107,35,74,20,-4.435896642118507,15
2002,88,24,20,14,-4.446942657353557,10
2003,76,37,16,20,-4.451124010231458,17
2004,58,16,98,8,-4.454073647186219,8
2005,110,23,20,13,-4.46357978693552,10
2006,86,42,9,24,-4.471433189978506,18
2007,15,25,111,15,-4.472513123100842,10
2008,75,21,79,13,-4.481307871244594,8
2009,16,27,63,15,-4.483061798201042,12
2010,29,21,111,10,-4.484029622528673,11
2011,85,18,86,9,-4.49456252663374,9
2012,93,21,29,12,-4.498959392246701,9
2013,62,11,29,6,-4.502398822563125,5
2014,6,27,29,15,-4.503478704943507,12
2015,23,40,41,23,-4.507259861409941,17
2016,93,29,111,15,-4.510765206652467,14
2017,85,11,18,5,-4.514791288537011,6
2018,74,15,32,9,-4.519404747582117,6
2019,109,26,65,13,-4.522732343847644,13
2020,14,13,86,6,-4.523534843943031,7
2021,8,26,90,15,-4.539275050684183,11
2022,28,33,32,19,-4.541477323608219,14
2023,96,16,8,9,-4.548961209547797,7
2024,106,21,74,11,-4.549705086583889,10
2025,63,17,55,9,-4.555889732262361,8
2026,32,22,55,13,-4.5613058564845765,9
2027,16,23,75,13,-4.563833694281335,10
2028,44,12,84,7,-4.567287740540188,5
2029,9,37,2,20,-4.570200756721712,17
2030,48,15,17,8,-4.57243158960934,7
2031,86,22,6,12,-4.575443639694201,10
2032,20,17,17,9,-4.57611326270597,8
2033,15,10,86,5,-4.603054673648832,5
2034,107,42,86,24,-4.60515208171478,18
2035,65,74,93,42,-4.615421958229791,32
2036,39,12,84,6,-4.623193151581163,6
2037,87,11,68,6,-4.626141991098492,5
2038,104,23,16,13,-4.63379333705212,10
2039,6,25,23,14,-4.658156288767909,11
2040,79,21,29,12,-4.677275321651237,9
2041,75,15,87,8,-4.687330225449579,7
2042,76,23,107,13,-4.6882964758312475,10
2043,54,28,46,17,-4.696492010204566,11
2044,9,76,79,43,-4.699969329384482,33
2045,93,19,109,11,-4.710552248323455,8
2046,14,14,87,8,-4.712999134730353,6
2047,65,24,89,13,-4.719339811655218,11
2048,9,16,11,9,-4.7299602330261905,7
2049,29,38,87,22,-4.756132257695764,16
2050,38,15,88,8,-4.775099664625832,7
2051,104,10,111,6,-4.78538385386756,4
2052,89,21,9,14,-4.786570717016552,7
2053,39,12,8,6,-4.79724581254077,6
2054,107,88,8,49,-4.800018264357139,39
2055,9,51,111,27,-4.814055936731913,24
2056,76,44,88,24,-4.825020915480377,20
2057,80,12,74,6,-4.827940877053677,6
2058,109,11,89,6,-4.829014520032646,5
2059,28,64,107,35,-4.829045164178792,29
2060,13,13,103,7,-4.835710066696813,6
2061,63,11,96,6,-4.8562970062570905,5
2062,30,16,23,8,-4.860653795176971,8
2063,73,22,16,12,-4.863726239262454,10
2064,88,27,86,16,-4.870031949208747,11
2065,79,49,6,28,-4.8737468593544895,21
2066,9,27,62,16,-4.876428914210389,11
2067,26,29,74,16,-4.880620777148706,13
2068,10,32,98,18,-4.891232977697764,14
2069,48,16,11,9,-4.898330615406472,7
2070,6,41,54,26,-4.900522402213304,15
2071,85,31,84,16,-4.922650840746781,15
2072,79,16,51,9,-4.9288428816688725,7
2073,103,11,46,6,-4.934914439873031,5
2074,20,37,111,20,-4.9479559141790075,17
2075,111,36,107,21,-4.95140635788508,15
2076,86,37,63,23,-4.951705107059466,14
2077,41,16,106,9,-4.960372389296861,7
2078,85,10,73,6,-4.960807319232127,4
2079,16,26,32,15,-4.9645961397192355,11
2080,59,10,10,5,-4.967497448599415,5
2081,20,10,89,6,-4.97640303815121,4
2082,79,56,87,30,-4.987297543247709,26
2083,63,13,108,8,-4.996425532523546,5
2084,73,16,79,9,-5.012547822539443,7
2085,43,13,111,7,-5.0327903736846205,6
2086,103,36,107,21,-5.041185354126945,15
2087,63,17,39,10,-5.052516246166989,7
2088,41,16,59,9,-5.075333393683101,7
2089,84,25,29,14,-5.0940460573640145,11
2090,48,10,70,6,-5.103393723771427,4
2091,87,44,16,25,-5.11331830769021,19
2092,18,21,103,12,-5.117263308095348,9
2093,91,31,87,18,-5.12269354596261,13
2094,111,11,63,6,-5.123399041237538,5
2095,89,29,41,17,-5.128070897369619,12
2096,9,39,55,24,-5.130322807520925,15
2097,98,46,20,27,-5.132482663658025,19
2098,9,14,75,9,-5.136583522371566,5
2099,20,47,8,28,-5.13696712403145,19
2100,87,26,103,15,-5.13844337309213,11
2101,54,48,28,28,-5.158061629177753,20
2102,2,40,50,24,-5.1619807806587215,16
2103,84,24,73,16,-5.172867570272622,8
2104,84,39,23,22,-5.174802875601986,17
2105,87,17,11,10,-5.176735910144515,7
2106,8,29,30,18,-5.181741196459271,11
2107,62,15,104,9,-5.186101581217904,6
2108,57,10,111,6,-5.186942618450885,4
2109,57,17,16,9,-5.19096526263807,8
2110,93,16,16,9,-5.217988854591054,7
2111,79,13,14,8,-5.225020209971016,5
2112,9,110,65,63,-5.22511175831629,47
2113,104,12,74,7,-5.250027134181312,5
2114,20,27,2,15,-5.25990692131025,12
2115,48,35,76,21,-5.2646391356693645,14
2116,85,15,63,8,-5.266282773446651,7
2117,1,11,34,8,-5.278477611880212,3
2118,79,85,8,45,-5.283730035811252,40
2119,103,30,17,18,-5.294404276815358,12
2120,86,13,46,8,-5.325313367776607,5
2121,9,29,13,18,-5.325424236776197,11
2122,20,33,93,17,-5.337773700734238,16
2123,71,11,54,7,-5.354693946074446,4
2124,66,11,65,6,-5.361243620827197,5
2125,6,13,89,8,-5.362805216014631,5
2126,48,39,6,22,-5.377342390796051,17
2127,73,23,74,13,-5.3812570551010666,10
2128,41,66,8,36,-5.383353261881381,30
2129,20,27,6,14,-5.391516301598387,13
2130,28,37,90,22,-5.407980269819981,15
2131,41,35,73,20,-5.413974250069213,15
2132,87,17,104,11,-5.418907024921249,6
2133,54,18,90,10,-5.42005392136164,8
2134,9,25,18,14,-5.420684705901656,11
2135,38,26,20,15,-5.422962328602488,11
2136,20,18,94,11,-5.424401699040208,7
2137,88,33,84,20,-5.450617130747439,13
2138,38,25,30,13,-5.45936332609693,12
2139,20,57,87,33,-5.476420779547767,24
2140,38,35,54,21,-5.478565045653858,14
2141,1,18,16,10,-5.509796251872346,8
2142,65,86,20,51,-5.530261655453969,35
2143,55,38,86,21,-5.532299525559407,17
2144,74,39,111,22,-5.5496610770339405,17
2145,9,47,74,28,-5.561846570933356,19
2146,48,20,18,12,-5.575542543556777,8
2147,55,24,103,14,-5.588813975862993,10
2148,18,24,16,15,-5.594394619068029,9
2149,51,14,9,8,-5.613148737525185,6
2150,44,11,20,7,-5.615461510594531,4
2151,29,22,26,14,-5.630548836449718,8
2152,29,21,54,14,-5.631822731261375,7
2153,9,45,41,28,-5.6439057397283525,17
2154,9,31,90,18,-5.6527794565334615,13
2155,6,26,103,16,-5.659939287843899,10
2156,91,29,111,16,-5.664784285354977,13
2157,37,13,50,7,-5.675193762840744,6
2158,9,13,43,7,-5.682535108763632,6
2159,37,28,54,18,-5.684646340178298,10
2160,8,83,55,51,-5.694219914275894,32
2161,48,11,14,8,-5.715763459513543,3
2162,91,11,5,5,-5.724427643442397,6
2163,55,14,26,8,-5.738748859328644,6
2164,9,29,38,16,-5.756435186772364,13
2165,9,24,49,15,-5.768934866939488,9
2166,54,18,32,11,-5.782610489553489,7
2167,86,14,5,8,-5.789814867253924,6
2168,73,14,26,7,-5.793757710550314,7
2169,94,12,8,7,-5.79404543544707,5
2170,76,22,91,13,-5.805724385018095,9
2171,84,17,89,11,-5.806364989397548,6
2172,5,12,65,7,-5.815393542930937,5
2173,70,16,23,9,-5.8314302073461,7
2174,107,35,79,22,-5.831526430301823,13
2175,37,14,46,8,-5.834073346635607,6
2176,87,28,49,15,-5.837138934523044,13
2177,50,12,112,7,-5.843955029488771,5
2178,50,34,107,21,-5.844817653026284,13
2179,9,52,87,30,-5.867901198385371,22
2180,16,17,17,10,-5.868342075872026,7
2181,106,12,54,7,-5.869834053085394,5
2182,103,34,50,20,-5.870794196365225,14
2183,18,12,86,7,-5.898212622367464,5
2184,37,33,76,21,-5.909024236467577,12
2185,18,27,98,16,-5.93123934771538,11
2186,82,11,86,7,-5.945474489082358,4
2187,10,25,89,15,-5.961935346068012,10
2188,49,23,8,13,-5.962799116224744,10
2189,34,10,17,6,-5.970863859166942,4
2190,50,37,87,22,-5.978280802307981,15
2191,23,18,2,10,-5.985551573396107,8
2192,107,17,30,11,-5.992050362775076,6
2193,77,10,49,5,-6.002993751357126,5
2194,91,18,38,10,-6.003578716041363,8
2195,91,48,98,26,-6.010481139866049,22
2196,98,27,26,14,-6.028495429489334,13
2197,89,25,79,16,-6.066359313406789,9
2198,55,10,68,5,-6.108148221233886,5
2199,55,37,50,20,-6.121091716889197,17
2200,56,11,111,7,-6.133528731729063,4
2201,112,11,91,6,-6.133971209251461,5
2202,18,49,8,29,-6.162362513671736,20
2203,28,54,87,32,-6.169973287171114,22
2204,28,39,38,22,-6.189691767995496,17
2205,2,21,70,13,-6.1983449727647955,8
2206,66,11,2,7,-6.205381429919995,4
2207,34,21,107,12,-6.211702849908707,9
2208,108,14,16,8,-6.212630572758722,6
2209,87,37,93,22,-6.245448358046409,15
2210,23,19,50,10,-6.246016408138442,9
2211,20,18,37,11,-6.246922639849087,7
2212,54,36,88,21,-6.253469070522792,15
2213,87,24,38,15,-6.25648981898309,9
2214,20,31,86,18,-6.26179960875203,13
2215,103,50,98,31,-6.27284658273317,19
2216,2,33,107,19,-6.279480132521572,14
2217,44,15,111,9,-6.2820016152004,6
2218,98,42,23,26,-6.2940458772191406,16
2219,2,51,16,30,-6.303412388206122,21
2220,75,15,2,9,-6.304051551682386,6
2221,54,19,62,12,-6.312055934230411,7
2222,9,13,106,8,-6.321323922487702,5
2223,111,30,2,18,-6.328590766591992,12
2224,76,29,87,18,-6.333598604110546,11
2225,104,13,90,7,-6.344098112647823,6
2226,28,10,31,6,-6.368565836830035,4
2227,88,22,103,14,-6.368772240906126,8
2228,111,37,16,20,-6.384907661220798,17
2229,91,25,16,15,-6.409140256729834,10
2230,28,14,12,9,-6.429365216940005,5
2231,8,10,112,6,-6.439047583949824,4
2232,62,10,90,6,-6.4415032468905995,4
2233,109,34,8,20,-6.441539877112137,14
2234,54,34,55,22,-6.44530470292042,12
2235,9,101,8,58,-6.457930698678457,43
2236,86,16,32,9,-6.471177759830176,7
2237,20,20,106,10,-6.474134463348745,10
2238,8,35,32,20,-6.494741280760348,15
2239,9,36,73,21,-6.495953299248424,15
2240,28,34,103,20,-6.496510604338202,14
2241,18,25,87,16,-6.500921078177539,9
2242,62,13,17,8,-6.51109228837904,5
2243,51,11,63,6,-6.5267063353179475,5
2244,70,14,103,7,-6.530155528635705,7
2245,57,18,23,10,-6.535348935161005,8
2246,70,18,79,9,-6.541994947083339,9
2247,54,11,14,7,-6.542365287655037,4
2248,41,54,28,30,-6.549671741224456,24
2249,68,25,8,14,-6.551836593531009,11
2250,48,55,8,33,-6.564485691807407,22
2251,8,41,37,24,-6.567307165665831,17
2252,6,19,30,13,-6.571810356539939,6
2253,65,21,70,13,-6.590792438337795,8
2254,48,21,51,14,-6.631548697206318,7
2255,16,21,90,12,-6.632184549525892,9
2256,9,38,107,20,-6.633725351958916,18
2257,17,14,91,8,-6.646960274535358,6
2258,79,27,34,15,-6.659864703175689,12
2259,16,71,8,44,-6.6676648116193675,27
2260,49,16,74,9,-6.6690338705923,7
2261,2,14,15,8,-6.68122325045803,6
2262,65,66,16,38,-6.684000677334938,28
2263,37,18,55,11,-6.702819421850531,7
2264,62,18,79,10,-6.706683341972167,8
2265,54,25,49,14,-6.709179862826327,11
2266,9,25,29,14,-6.70933512946719,11
2267,74,11,89,6,-6.714017548400364,5
2268,74,35,16,22,-6.725326314137961,13
2269,111,14,13,9,-6.729510456907126,5
2270,41,36,2,23,-6.7322250741813585,13
2271,11,18,106,12,-6.736736663767907,6
2272,41,42,111,24,-6.742879314894576,18
2273,28,39,76,23,-6.80499505832736,16
2274,6,21,88,13,-6.808639243885848,8
2275,64,11,28,6,-6.82253762472366,5
2276,86,80,16,49,-6.828972768016331,31
2277,88,13,10,8,-6.861581534296264,5
2278,65,13,14,8,-6.864176953366238,5
2279,48,34,63,21,-6.871723075976834,13
2280,52,11,16,7,-6.888199161627634,4
2281,73,19,2,11,-6.88922048991821,8
2282,87,11,89,7,-6.89032748453306,4
2283,68,18,65,10,-6.895924597371667,8
2284,85,22,28,13,-6.906329356345953,9
2285,34,12,106,7,-6.911634944562736,5
2286,74,12,57,8,-6.91760424242575,4
2287,17,14,90,8,-6.930186835428714,6
2288,76,15,30,10,-6.939385084561165,5
2289,68,10,73,6,-6.95394987102174,4
2290,28,40,91,25,-6.963487260821276,15
2291,32,27,65,16,-6.974213087892394,11
2292,107,13,80,9,-6.983241252080647,4
2293,101,11,79,6,-6.990861425930873,5
2294,8,18,46,11,-6.992942507225588,7
2295,6,19,90,11,-7.0034906221582,8
2296,28,11,35,7,-7.003809872399808,4
2297,34,29,84,19,-7.009777399581457,10
2298,91,26,103,13,-7.011657257024809,13
2299,65,18,34,10,-7.014904843879228,8
2300,93,48,8,30,-7.0175664395797135,18
2301,6,20,111,12,-7.01838566892247,8
2302,9,40,23,24,-7.023066131343451,16
2303,88,42,16,27,-7.025575240509795,15
2304,79,19,59,11,-7.0352036880537865,8
2305,11,20,98,12,-7.041751318141549,8
2306,2,19,90,11,-7.054899323538905,8
2307,34,24,98,16,-7.069151815365415,8
2308,13,10,10,5,-7.08154547770926,5
2309,35,13,8,7,-7.091208332013396,6
2310,89,16,16,10,-7.102664218068734,6
2311,103,20,29,12,-7.147753101442872,8
2312,32,16,103,10,-7.165401001930772,6
2313,6,11,5,7,-7.175117705775805,4
2314,28,31,104,20,-7.179478028958359,11
2315,65,55,74,34,-7.183532944298815,21
2316,76,42,84,23,-7.185450456544011,19
2317,34,13,111,7,-7.201437198359538,6
2318,6,29,55,20,-7.216182147698299,9
2319,88,29,9,18,-7.216345472997156,11
2320,76,19,10,11,-7.223608714939963,8
2321,8,41,23,25,-7.226225929875295,16
2322,50,18,91,12,-7.2418942506008674,6
2323,65,52,63,31,-7.2472092961796095,21
2324,107,36,91,23,-7.274067087619376,13
2325,73,10,30,6,-7.2752412959190496,4
2326,2,11,46,7,-7.277934272960428,4
2327,94,16,9,9,-7.284482029205993,7
2328,86,22,41,13,-7.286274520016925,9
2329,34,20,2,12,-7.293049000876174,8
2330,41,36,91,23,-7.3004596925352265,13
2331,9,37,20,24,-7.3096090653478685,13
2332,10,21,54,13,-7.316914939103655,8
2333,103,16,10,9,-7.341759223830171,7
2334,76,45,86,26,-7.355086225605065,19
2335,112,11,98,6,-7.369695609954425,5
2336,88,24,37,15,-7.378135194639771,9
2337,8,12,94,7,-7.380839863701195,5
2338,49,13,41,9,-7.40613906742907,4
2339,75,13,41,7,-7.41688145074682,6
2340,63,14,5,8,-7.43334778268016,6
2341,37,24,23,15,-7.440544332640971,9
2342,65,71,111,40,-7.44315444932928,31
2343,48,54,84,32,-7.443290260907535,22
2344,85,10,70,6,-7.450454709233595,4
2345,23,10,104,6,-7.459802178175598,4
2346,28,11,19,7,-7.459905289768759,4
2347,91,37,74,22,-7.484617200527478,15
2348,54,37,93,25,-7.494158499009497,12
2349,38,24,2,13,-7.498014725943601,11
2350,87,19,43,12,-7.500187924124219,7
2351,2,17,37,10,-7.507204713409891,7
2352,54,28,103,16,-7.519450232339535,12
2353,84,30,70,18,-7.533731564808547,12
2354,50,24,111,15,-7.535055018669132,9
2355,84,33,93,21,-7.552169826266673,12
2356,8,47,26,27,-7.578026285413298,20
2357,79,23,17,14,-7.583686995894435,9
2358,84,18,18,11,-7.585204254692911,7
2359,41,45,87,26,-7.5997473042409585,19
2360,9,74,16,48,-7.600656282878167,26
2361,51,12,2,7,-7.607189009680265,5
2362,28,40,6,25,-7.6079577597869825,15
2363,76,21,55,12,-7.629988062190021,9
2364,34,16,87,10,-7.640142491832505,6
2365,74,20,10,13,-7.659112863437717,7
2366,20,19,50,11,-7.663029216139786,8
2367,74,14,70,9,-7.664549718106508,5
2368,52,11,98,6,-7.667561966174594,5
2369,30,10,71,6,-7.697965933449675,4
2370,91,27,6,16,-7.70314800639372,11
2371,59,11,23,7,-7.703199044299859,4
2372,85,14,111,9,-7.729378570457982,5
2373,70,19,30,12,-7.7397561091831335,7
2374,74,19,17,11,-7.746897696537681,8
2375,109,15,103,10,-7.74806703390503,5
2376,20,18,34,12,-7.756275191340679,6
2377,109,13,29,8,-7.7648215544268036,5
2378,57,19,88,11,-7.788961359506542,8
2379,6,10,85,6,-7.79018357043316,4
2380,49,15,30,9,-7.795814319272768,6
2381,54,35,48,23,-7.808937415122732,12
2382,20,14,13,10,-7.832853357556729,4
2383,86,21,38,14,-7.843933921356487,7
2384,38,36,8,23,-7.848513446954377,13
2385,28,17,75,10,-7.8516397601466075,7
2386,49,18,20,11,-7.854535242795636,7
2387,9,49,54,30,-7.862767512170962,19
2388,12,11,74,6,-7.881335923893619,5
2389,9,30,109,18,-7.889736540676633,12
2390,55,16,1,10,-7.891183630792001,6
2391,88,27,74,18,-7.895683127849934,9
2392,107,15,85,11,-7.921459101580465,4
2393,29,13,10,8,-7.953877306686606,5
2394,86,27,111,16,-7.962255850113394,11
2395,9,10,71,6,-7.971373091011489,4
2396,37,12,109,7,-7.972273664149992,5
2397,34,16,41,9,-7.985588983079854,7
2398,46,12,29,8,-7.990068011062898,4
2399,28,11,110,6,-7.99182567988978,5
2400,41,15,90,9,-7.997737246515682,6
2401,74,30,93,20,-8.013535302510729,10
2402,28,27,13,18,-8.03408555040244,9
2403,74,11,13,7,-8.04867506694036,4
2404,2,36,84,22,-8.052052669667614,14
2405,8,22,13,14,-8.054761378395103,8
2406,75,14,93,8,-8.060889694277074,6
2407,13,12,6,7,-8.074590184679874,5
2408,10,15,30,10,-8.08039942607508,5
2409,9,14,19,8,-8.117304295019109,6
2410,76,37,98,23,-8.140203678364204,14
2411,109,18,107,11,-8.141176766481436,7
2412,51,24,87,14,-8.200429685364442,10
2413,46,10,85,7,-8.219708905443785,3
2414,16,10,26,6,-8.231874067384071,4
2415,17,14,111,8,-8.239799794462428,6
2416,76,22,70,14,-8.265440024589829,8
2417,8,30,17,19,-8.267140148743708,11
2418,20,55,107,32,-8.274670394546817,23
2419,58,12,65,6,-8.279172093518044,6
2420,41,18,76,11,-8.284971187696902,7
2421,59,17,9,11,-8.305936798720639,6
2422,20,11,35,7,-8.313016014822015,4
2423,2,12,13,8,-8.314885443127363,4
2424,48,23,90,14,-8.31912615081839,9
2425,103,45,41,31,-8.332714422601015,14
2426,65,14,1,9,-8.38534721300084,5
2427,109,26,20,18,-8.387495181698934,8
2428,89,11,90,7,-8.396796914570167,4
2429,88,18,106,12,-8.397970188956425,6
2430,84,13,104,8,-8.407689964583597,5
2431,79,38,20,24,-8.407762585170037,14
2432,10,21,73,14,-8.419335562342074,7
2433,84,69,16,42,-8.425985401928449,27
2434,48,19,2,11,-8.431429514676985,8
2435,1,21,98,14,-8.436557583367687,7
2436,6,26,74,17,-8.451739694728484,9
2437,56,13,8,9,-8.47665012859135,4
2438,98,30,49,18,-8.481939269224359,12
2439,48,36,65,23,-8.49186888095318,13
2440,68,19,20,11,-8.49950046367544,8
2441,34,26,8,17,-8.500284414546929,9
2442,73,19,50,11,-8.522877695723372,8
2443,103,24,26,14,-8.523036763842914,10
2444,29,24,74,14,-8.52989883395505,10
2445,9,25,32,16,-8.53109215537152,9
2446,10,18,93,12,-8.563863748489084,6
2447,2,12,58,8,-8.58540368974784,4
2448,103,43,8,29,-8.587937533895715,14
2449,107,22,29,15,-8.613463392470168,7
2450,66,14,84,9,-8.616861190106436,5
2451,76,16,104,10,-8.627302198470357,6
2452,86,10,34,6,-8.658891537816714,4
2453,75,11,48,8,-8.672815346664251,3
2454,76,57,8,36,-8.67576878999055,21
2455,112,22,20,14,-8.6850314940593,8
2456,46,11,16,7,-8.68716865467983,4
2457,9,37,91,23,-8.696151818842894,14
2458,28,32,10,22,-8.715902495214786,10
2459,70,12,46,7,-8.727825555883067,5
2460,63,10,41,7,-8.728275875066831,3
2461,20,35,55,21,-8.738108987978196,14
2462,90,14,55,9,-8.739327721313723,5
2463,37,24,30,16,-8.742074606758964,8
2464,76,38,74,24,-8.745244698836945,14
2465,38,15,32,10,-8.75452405688887,5
2466,89,28,28,17,-8.778229865251367,11
2467,20,53,41,35,-8.79255140026366,18
2468,80,16,54,10,-8.79690648448589,6
2469,65,11,11,6,-8.80291425134563,5
2470,93,24,23,14,-8.804783518097919,10
2471,76,10,29,7,-8.806443209825622,3
2472,84,11,64,6,-8.83326213103814,5
2473,79,26,32,17,-8.859137187931584,9
2474,111,11,1,6,-8.869705750936069,5
2475,94,17,98,11,-8.877059957058028,6
2476,39,11,86,6,-8.910603166031022,5
2477,28,28,63,18,-8.916039326351278,10
2478,11,21,55,14,-8.922205824357368,7
2479,6,28,16,17,-8.933535995129278,11
2480,110,20,107,12,-8.933567921834605,8
2481,111,18,48,12,-8.93792122942067,6
2482,46,19,111,12,-8.943973618396548,7
2483,48,16,34,10,-8.966500225758807,6
2484,18,19,74,12,-8.971261505798399,7
2485,86,23,11,13,-9.00110623960404,10
2486,9,78,28,47,-9.043936370397834,31
2487,16,12,15,8,-9.05960662342551,4
2488,32,12,26,7,-9.09769401619869,5
2489,112,23,6,14,-9.097888193162195,9
2490,57,11,2,6,-9.107338089684553,5
2491,94,14,28,9,-9.114148559760048,5
2492,65,46,2,31,-9.127233696328608,15
2493,3,10,74,6,-9.166257810235756,4
2494,43,24,8,15,-9.183295995535126,9
2495,20,15,80,9,-9.203603983336214,6
2496,107,15,46,11,-9.229701935273749,4
2497,54,46,111,29,-9.235401744617302,17
2498,62,21,84,13,-9.235845718439357,8
2499,79,25,18,15,-9.249685178872355,10
2500,84,20,17,13,-9.25697489923984,7
2501,50,14,43,9,-9.27474781724881,5
2502,109,18,55,12,-9.29390246159377,6
2503,38,11,34,7,-9.304419549994037,4
2504,108,11,86,7,-9.320443832368007,4
2505,38,10,80,7,-9.352767448336463,3
2506,8,14,59,9,-9.376826871718674,5
2507,73,20,86,13,-9.377152492619757,7
2508,30,22,55,13,-9.385734127086305,9
2509,86,42,37,26,-9.397445130908768,16
2510,44,38,6,23,-9.426841332729712,15
2511,10,11,57,7,-9.432674751481889,4
2512,6,30,107,19,-9.435708851310011,11
2513,87,27,30,18,-9.441306317195094,9
2514,106,25,79,15,-9.449526024247783,10
2515,86,19,64,12,-9.463737237263311,7
2516,19,11,103,7,-9.481054864710421,4
2517,58,11,6,7,-9.489496457414932,4
2518,86,11,13,7,-9.494734946605222,4
2519,76,23,15,15,-9.503739473265108,8
2520,28,47,93,30,-9.52165124611565,17
2521,79,38,26,23,-9.536350432091197,15
2522,15,18,98,11,-9.562063446027425,7
2523,87,52,55,34,-9.570647582408675,18
2524,65,21,60,13,-9.571951123571171,8
2525,85,25,16,16,-9.572199671326333,9
2526,89,22,23,14,-9.576875474490599,8
2527,107,18,43,12,-9.57800148756219,6
2528,65,60,98,39,-9.578885579734806,21
2529,62,20,41,13,-9.588548331059112,7
2530,91,11,112,7,-9.589326756813396,4
2531,79,23,13,16,-9.591838813280079,7
2532,41,27,55,16,-9.622531787318458,11
2533,62,26,98,16,-9.641858129313675,10
2534,86,21,10,14,-9.65589885739765,7
2535,68,16,98,12,-9.657676259709891,4
2536,91,12,46,8,-9.659685528250385,4
2537,91,27,2,16,-9.694693742662338,11
2538,103,36,111,23,-9.751404731703087,13
2539,91,17,93,11,-9.794639196057782,6
2540,48,25,50,16,-9.79758412391437,9
2541,51,20,54,12,-9.801036066415065,8
2542,80,11,84,7,-9.807434273803766,4
2543,76,25,54,15,-9.82196620742167,10
2544,96,15,65,9,-9.851177535683915,6
2545,84,10,3,6,-9.861910211581995,4
2546,65,31,26,19,-9.884073914474246,12
2547,50,10,80,8,-9.899896989592929,2
2548,30,14,88,8,-9.922637542624901,6
2549,17,13,87,8,-9.92299839057508,5
2550,75,10,103,6,-9.92764617859353,4
2551,70,11,93,7,-9.928875321549777,4
2552,18,14,55,9,-9.949790942140542,5
2553,32,30,111,18,-9.962416908002066,12
2554,38,24,111,15,-9.966212518632437,9
2555,23,20,90,13,-9.96715448150969,7
2556,34,17,76,11,-9.994247540573088,6
2557,38,33,29,22,-10.021162687074472,11
2558,34,14,37,9,-10.040882054419711,5
2559,97,12,9,7,-10.043091409865225,5
2560,30,10,13,7,-10.045810992896937,3
2561,8,18,1,11,-10.088467371686841,7
2562,10,30,84,19,-10.110326059838856,11
2563,74,29,103,20,-10.120878103689181,9
2564,109,23,38,15,-10.144797049666247,8
2565,62,13,30,8,-10.146431281762988,5
2566,65,23,110,15,-10.151511833678441,8
2567,38,10,60,6,-10.186949801542625,4
2568,88,39,98,27,-10.20944563301872,12
2569,6,16,26,11,-10.241752287967037,5
2570,9,29,17,19,-10.257069894218064,10
2571,71,10,88,7,-10.263450457417434,3
2572,87,10,39,6,-10.267299551613329,4
2573,91,17,55,12,-10.270858068285028,5
2574,106,12,6,7,-10.289436711507506,5
2575,9,23,34,14,-10.326274877348238,9
2576,79,27,63,18,-10.37770241869829,9
2577,17,10,29,7,-10.39598522715346,3
2578,96,17,16,12,-10.412156563635486,5
2579,75,10,98,7,-10.422827528026357,3
2580,76,21,46,15,-10.423738421119205,6
2581,51,14,18,9,-10.42518053681612,5
2582,93,12,90,7,-10.444030736195835,5
2583,66,12,79,9,-10.448674909094285,3
2584,107,14,13,10,-10.469190422267355,4
2585,85,13,88,9,-10.474485947559346,4
2586,23,19,20,13,-10.475943157232132,6
2587,8,17,110,12,-10.493443474648162,5
2588,86,37,2,25,-10.539313011081308,12
2589,50,14,90,9,-10.544137931863862,5
2590,32,12,6,8,-10.5718983874489,4
2591,41,39,54,26,-10.593430312504074,13
2592,5,17,87,11,-10.594673728658039,6
2593,101,10,65,6,-10.616476001261296,4
2594,109,14,106,9,-10.63700694173572,5
2595,58,13,38,9,-10.642287291889899,4
2596,11,13,39,10,-10.646218716239577,3
2597,91,22,63,14,-10.682993055551979,8
2598,41,14,37,9,-10.69447624326301,5
2599,103,50,65,34,-10.69843242130798,16
2600,85,10,91,5,-10.702453755941068,5
2601,88,16,73,11,-10.709173893318198,5
2602,18,14,23,10,-10.769319649937687,4
2603,23,16,17,11,-10.781653305644483,5
2604,63,11,93,7,-10.80270098596215,4
2605,13,15,49,9,-10.803069449129238,6
2606,38,13,48,9,-10.806930719021558,4
2607,41,48,98,30,-10.835326353590224,18
2608,86,18,49,10,-10.913471544367308,8
2609,20,38,26,25,-10.94603615247926,13
2610,43,10,30,7,-10.958461383133036,3
2611,18,11,46,8,-10.999817101952488,3
2612,6,14,38,10,-11.005398790381081,4
2613,54,33,63,21,-11.018616590157572,12
2614,110,12,98,8,-11.026999619900332,4
2615,85,12,10,7,-11.037949468704035,5
2616,103,13,13,8,-11.054952217566056,5
2617,16,20,30,14,-11.05670639382778,6
2618,50,15,10,10,-11.061080668679153,5
2619,35,18,48,12,-11.064814060189882,6
2620,6,30,87,20,-11.079517220381964,10
2621,2,12,63,8,-11.123429561783263,4
2622,37,19,93,13,-11.13537305772806,6
2623,89,15,8,10,-11.136544141609958,5
2624,20,23,16,14,-11.160395063605563,9
2625,44,18,65,11,-11.219859746185271,7
2626,2,11,97,7,-11.226466198459859,4
2627,29,21,30,13,-11.231145218657787,8
2628,48,17,93,12,-11.235463842161247,5
2629,2,10,39,6,-11.302944205280658,4
2630,50,25,65,17,-11.312654764635129,8
2631,103,22,2,16,-11.358008021341288,6
2632,48,17,20,12,-11.362684990472752,5
2633,85,15,30,10,-11.375876505138455,5
2634,20,13,46,7,-11.398397116124533,6
2635,41,20,17,15,-11.462467383182341,5
2636,56,11,87,8,-11.464595779861154,3
2637,28,17,43,12,-11.503038032270851,5
2638,70,28,16,20,-11.54427586863591,8
2639,102,16,65,10,-11.565057266886953,6
2640,13,18,16,12,-11.568229122492735,6
2641,18,16,65,11,-11.593628436717696,5
2642,103,26,30,18,-11.594512781464298,8
2643,85,10,93,7,-11.596564222959241,3
2644,86,22,70,14,-11.622158138069938,8
2645,88,15,32,11,-11.622595612385652,4
2646,55,18,10,11,-11.634204977110194,7
2647,93,13,73,9,-11.6698926319616,4
2648,1,15,93,11,-11.687642643688712,4
2649,20,13,18,8,-11.715025972179685,5
2650,62,13,70,8,-11.719880801732709,5
2651,76,11,11,7,-11.750022140716602,4
2652,20,10,52,7,-11.75505595370293,3
2653,79,10,15,7,-11.756403792330063,3
2654,98,18,104,11,-11.758094591275455,7
2655,106,18,84,11,-11.759279094165112,7
2656,46,14,26,9,-11.785571142877396,5
2657,50,13,110,9,-11.789801735998642,4
2658,103,29,93,19,-11.801085216233043,10
2659,2,25,55,16,-11.807932628931717,9
2660,109,14,50,9,-11.809368464557789,5
2661,9,11,58,8,-11.82226661915616,3
2662,62,15,23,11,-11.828374088275872,4
2663,37,17,85,13,-11.836833776252561,4
2664,108,10,55,7,-11.84620249489241,3
2665,17,26,28,18,-11.85039633513082,8
2666,109,14,43,9,-11.866460109925436,5
2667,87,44,26,29,-11.871386146117102,15
2668,1,11,9,7,-11.88637849875501,4
2669,17,13,18,8,-11.905263091036245,5
2670,13,18,84,11,-11.93552825650072,7
2671,104,16,54,11,-11.957642578801543,5
2672,65,22,49,14,-11.960634834980652,8
2673,109,19,74,12,-11.981116452380181,7
2674,74,18,34,12,-11.991284031865538,6
2675,9,19,63,12,-11.997572673730792,7
2676,62,28,107,18,-12.009467725805584,10
2677,98,44,55,31,-12.014844861377815,13
2678,70,11,29,8,-12.030336124564109,3
2679,91,13,90,8,-12.030792449190766,5
2680,30,15,93,10,-12.041707290163442,5
2681,80,14,28,9,-12.060119231134525,5
2682,6,18,18,12,-12.078104024118801,6
2683,112,11,79,8,-12.089617166544242,3
2684,109,15,91,10,-12.09037191037832,5
2685,103,11,58,8,-12.093407699535737,3
2686,85,16,20,11,-12.097313339051045,5
2687,18,12,91,8,-12.136074421735435,4
2688,41,20,93,15,-12.152619394683914,5
2689,109,11,10,7,-12.166039484484626,4
2690,2,15,18,10,-12.18264280532671,5
2691,54,16,11,11,-12.197817241087677,5
2692,41,24,32,15,-12.295470101415006,9
2693,74,10,51,7,-12.299925807232606,3
2694,26,12,93,8,-12.342400061412198,4
2695,50,20,93,13,-12.385609627032686,7
2696,57,24,8,16,-12.404593522046598,8
2697,62,22,93,15,-12.439036445917942,7
2698,50,17,30,11,-12.478426478717187,6
2699,28,11,15,8,-12.485406174562149,3
2700,84,14,15,10,-12.488568021465507,4
2701,48,12,104,9,-12.498145078794368,3
2702,26,16,23,11,-12.527854298941746,5
2703,109,13,63,10,-12.56236359122035,3
2704,66,15,8,11,-12.57730249455607,4
2705,71,14,98,10,-12.599763195527046,4
2706,98,25,32,17,-12.60897292614075,8
2707,8,12,3,9,-12.625631089351694,3
2708,50,19,32,12,-12.634950501359127,7
2709,103,33,20,24,-12.666531668869954,9
2710,66,13,107,9,-12.675436620401038,4
2711,70,18,107,12,-12.682033904752588,6
2712,97,11,87,6,-12.69108979690934,5
2713,54,12,39,8,-12.719289008108058,4
2714,111,21,73,14,-12.761253099258202,7
2715,9,38,93,27,-12.813603627591082,11
2716,109,28,54,19,-12.824426413749991,9
2717,17,14,86,10,-12.845058614378045,4
2718,62,24,55,16,-12.942821418799412,8
2719,43,18,55,12,-13.012921035450152,6
2720,9,24,30,17,-13.086601208658113,7
2721,52,12,86,9,-13.150274929933458,3
2722,41,30,107,19,-13.154593566297324,11
2723,103,11,43,7,-13.18571482888933,4
2724,88,15,70,11,-13.239318163348512,4
2725,89,10,58,7,-13.242354787086834,3
2726,109,24,26,17,-13.281044125686407,7
2727,7,11,107,8,-13.290462035759605,3
2728,73,12,89,8,-13.292782754035754,4
2729,90,12,73,9,-13.337519609995004,3
2730,48,27,74,17,-13.450895577876453,10
2731,73,15,13,10,-13.471561712276635,5
2732,38,23,74,15,-13.50724395592576,8
2733,37,20,111,13,-13.57504840749371,7
2734,43,17,26,13,-13.59933768355571,4
2735,68,13,50,10,-13.666588424464432,3
2736,9,22,46,14,-13.704965755925164,8
2737,13,10,37,7,-13.71058873552403,3
2738,109,12,88,9,-13.730907256228043,3
2739,73,16,38,10,-13.771113964229546,6
2740,8,12,77,9,-13.772928583045534,3
2741,43,14,93,10,-13.775006273083642,4
2742,109,16,86,11,-13.838248765872814,5
2743,50,11,26,8,-13.83833866908602,3
2744,107,15,1,10,-13.885962760347939,5
2745,109,12,70,9,-13.902253335630233,3
2746,54,27,30,19,-13.923397923845725,8
2747,76,20,63,16,-13.935325978058145,4
2748,107,35,26,27,-13.95146533006327,8
2749,46,13,11,8,-13.97192512402867,5
2750,71,21,8,14,-14.080710619469802,7
2751,87,24,106,18,-14.142460326987873,6
2752,112,15,28,10,-14.162036513146953,5
2753,9,21,57,16,-14.205802139668362,5
2754,8,10,60,7,-14.262033464961128,3
2755,70,12,90,9,-14.290264472561063,3
2756,75,18,55,13,-14.305259411887565,5
2757,80,10,55,7,-14.33309852037076,3
2758,88,12,26,8,-14.385453144142543,4
2759,109,23,32,16,-14.41108162475205,7
2760,38,26,55,18,-14.425488233223774,8
2761,20,26,29,18,-14.478890408494554,8
2762,107,18,32,14,-14.610219857623699,4
2763,13,14,88,8,-14.636848081546901,6
2764,59,14,65,9,-14.654063925888893,5
2765,62,11,49,7,-14.691411076024673,4
2766,5,13,37,10,-14.756162408233527,3
2767,17,11,93,8,-14.792328082005685,3
2768,88,19,90,13,-14.848820731417785,6
2769,41,13,13,9,-14.878152444409187,4
2770,38,26,93,18,-14.945048831229197,8
2771,37,15,57,11,-15.067776643574774,4
2772,40,14,84,9,-15.139436492633186,5
2773,18,11,90,8,-15.206260273523743,3
2774,28,26,26,19,-15.211295764909368,7
2775,20,20,62,15,-15.291234725709051,5
2776,6,31,2,22,-15.303923962237263,9
2777,70,17,63,12,-15.423330820666749,5
2778,23,25,10,17,-15.43608473256329,8
2779,106,18,16,13,-15.530666511008812,5
2780,59,10,16,6,-15.561569445873218,4
2781,73,12,29,9,-15.669782329836792,3
2782,38,15,17,11,-15.678044683298898,4
2783,79,15,46,10,-15.695062063539162,5
2784,51,13,34,10,-15.73874854629926,3
2785,85,10,26,7,-15.738951593013217,3
2786,50,12,104,9,-15.773911417272641,3
2787,62,31,111,23,-15.780695907166118,8
2788,66,14,6,11,-15.817538028688281,3
2789,76,21,2,15,-15.887194817597921,6
2790,63,17,37,12,-15.955493748739714,5
2791,66,12,28,8,-16.011877124422657,4
2792,65,25,30,19,-16.220777761486307,6
2793,37,14,17,9,-16.224073122382876,5
2794,85,14,87,11,-16.255207936397188,3
2795,103,11,59,8,-16.266656443008642,3
2796,103,13,62,9,-16.299156500586875,4
2797,96,10,49,7,-16.466804604951104,3
2798,106,10,111,8,-16.614986015463362,2
2799,55,13,39,9,-16.616243530697464,4
2800,69,13,26,10,-16.625965123271836,3
2801,71,12,28,10,-16.63851586652194,2
2802,9,13,5,10,-16.7060467975664,3
2803,109,35,28,26,-16.718078076937303,9
2804,107,10,39,7,-16.814267471511418,3
2805,20,20,63,15,-16.834864129500016,5
2806,110,15,74,11,-16.836715903263343,4
2807,109,31,41,26,-16.84086997358483,5
2808,23,15,73,11,-16.845082586610527,4
2809,15,12,38,9,-16.880495720481193,3
2810,76,15,57,11,-16.896472051992507,4
2811,54,13,26,8,-16.93978716229654,5
2812,109,17,73,13,-17.085641782719854,4
2813,73,12,48,9,-17.09396402486424,3
2814,48,11,106,9,-17.19233016351013,2
2815,50,16,62,12,-17.235813943056094,4
2816,28,10,39,8,-17.27449614311299,2
2817,89,10,37,8,-17.418835616565143,2
2818,49,19,88,15,-17.53203455274144,4
2819,110,10,41,9,-17.607251464829996,1
2820,63,10,11,7,-17.63634503388182,3
2821,109,32,87,24,-17.701039370075176,8
2822,9,11,64,8,-17.70787325437998,3
2823,41,12,69,9,-17.91540399207371,3
2824,73,12,107,9,-18.009767759901283,3
2825,10,15,38,12,-18.015221595889397,3
2826,63,10,62,8,-18.031802170985944,2
2827,112,10,49,8,-18.032245939699454,2
2828,76,12,93,9,-18.082770445937008,3
2829,87,13,58,11,-18.244104920146572,2
2830,52,12,28,10,-18.364553051836488,2
2831,46,11,50,9,-18.38039249684114,2
2832,7,13,79,10,-18.40480150019194,3
2833,91,15,34,11,-18.43501821510385,4
2834,6,15,109,11,-18.568483421277442,4
2835,46,23,87,17,-18.574288844868004,6
2836,38,24,26,18,-18.614524044017738,6
2837,85,14,55,10,-18.845042881625936,4
2838,28,20,57,16,-18.9179767971545,4
2839,16,17,49,13,-19.10499490357724,4
2840,1,20,10,16,-19.11679590899215,4
2841,50,15,106,12,-19.19241412512064,3
2842,29,12,110,10,-19.248543702222975,2
2843,107,12,106,10,-19.319610416810274,2
2844,12,11,6,7,-19.32835940292554,4
2845,38,14,43,10,-19.328461951187712,4
2846,10,19,20,15,-19.474906343573682,4
2847,71,13,62,12,-19.577656350343144,1
2848,109,17,111,13,-19.61874690588408,4
2849,75,17,88,14,-19.64046934532055,3
2850,30,12,46,9,-19.658771905767804,3
2851,10,13,41,11,-19.737157878272868,2
2852,103,10,34,9,-19.87880862427678,1
2853,98,12,51,9,-20.0679948728163,3
2854,109,12,110,10,-20.16933250309851,2
2855,10,10,17,8,-20.222695302818984,2
2856,37,11,18,9,-20.496733536799674,2
2857,104,10,37,8,-20.681486856575923,2
2858,44,11,17,9,-22.072912946241182,2
2859,70,26,111,20,-22.2756769679701,6
2860,94,10,84,9,-22.762013140609877,1
2861,10,10,26,8,-22.77202326046866,2
2862,41,13,57,11,-23.156162131875274,2
2863,96,10,11,8,-23.398905297150783,2
2864,97,10,65,7,-23.53209680517744,3
2865,89,12,55,10,-23.859507970316177,2
2866,86,15,103,13,-23.967936503754764,2
2867,76,14,90,10,-23.99660276951992,4
2868,10,11,63,9,-24.09658997724639,2
2869,112,11,74,9,-24.423385588541223,2
2870,49,11,26,8,-26.831812890773925,3
2871,43,10,91,10,-27.34458455824453,0
2872,65,11,64,9,-27.72714931249874,2
2873,107,12,19,11,-27.902421454254707,1
