,againstHero,games,hero,losses,shift,wins
0,30,11,54,1,25.713620235434703,10
1,76,13,35,3,24.45415726080802,10
2,50,18,55,4,21.384042844031153,14
3,93,11,96,2,20.479798947683257,9
4,88,10,109,1,19.217087032001295,9
5,50,10,70,3,18.66920839814296,7
6,76,11,70,2,18.16327918336155,9
7,28,13,112,3,17.971811670799113,10
8,90,23,28,5,17.842079516061677,18
9,107,13,35,2,17.620728555906965,11
10,37,16,54,5,17.587582584571035,11
11,2,11,54,2,17.459471983824496,9
12,16,18,74,4,17.072738387287373,14
13,63,15,91,4,16.74510820316582,11
14,73,14,107,4,16.729028870174297,10
15,74,18,28,4,16.65413556471704,14
16,41,11,86,2,16.212567441432284,9
17,97,10,107,3,15.679539610564513,7
18,2,10,97,2,15.661292942741351,8
19,48,11,9,3,15.643745764186933,8
20,50,10,98,2,15.576307807477628,8
21,93,10,11,2,15.321419061771829,8
22,90,11,63,3,15.231492942849917,8
23,73,14,90,4,15.181297397438652,10
24,91,12,96,3,15.083901067533665,9
25,8,10,65,3,15.076101306925045,7
26,11,12,70,3,14.978837163595108,9
27,80,12,50,2,14.926124931290452,10
28,88,17,107,4,14.622923878105594,13
29,80,11,35,3,14.578551377058158,8
30,14,11,63,4,14.53302527333945,7
31,2,13,70,4,14.416654152482302,9
32,2,10,65,2,14.403245473195582,8
33,16,18,107,4,14.391265938932909,14
34,91,10,20,3,14.231787377472761,7
35,102,12,86,2,14.175511618842263,10
36,46,12,84,3,13.974033982222737,9
37,63,32,84,10,13.780562093586637,22
38,63,34,54,9,13.769468131307079,25
39,86,10,14,3,13.51658876982535,7
40,55,25,11,6,13.485189958967284,19
41,84,10,76,3,13.371791794476119,7
42,5,13,20,4,13.290437765849143,9
43,16,10,91,3,13.247386679926667,7
44,93,12,28,3,13.20141174363148,9
45,80,10,14,4,13.097202558791373,6
46,46,15,96,6,13.007933788948428,9
47,5,17,84,5,12.835529049516088,12
48,51,16,96,5,12.677781286430333,11
49,98,23,96,8,12.672735601907378,15
50,11,10,98,3,12.660061190220242,7
51,71,12,8,4,12.540934170497003,8
52,75,12,8,3,12.489331619909464,9
53,16,33,96,8,12.378166138619676,25
54,85,11,96,3,12.207174001404555,8
55,86,15,73,6,12.194166691508588,9
56,90,14,50,4,12.16711832570274,10
57,20,21,84,5,12.095717972205856,16
58,48,18,54,6,12.073710033699513,12
59,30,10,87,3,11.954020606538128,7
60,76,10,55,2,11.845869320079572,8
61,93,10,54,3,11.750544108006398,7
62,50,26,107,9,11.691885246095044,17
63,91,10,98,3,11.6111736728835,7
64,71,10,107,3,11.601148789823474,7
65,63,22,20,8,11.466483806886446,14
66,11,19,84,6,11.373729994467022,13
67,86,15,25,6,11.172724098290495,9
68,11,10,80,3,11.144994413403579,7
69,106,15,70,6,11.108058922265554,9
70,87,12,70,4,11.095594557997302,8
71,88,18,46,5,11.050366904672497,13
72,63,11,70,4,10.739186359719405,7
73,63,23,48,7,10.699286546994388,16
74,50,23,20,9,10.679903465549346,14
75,86,16,109,4,10.649445962515502,12
76,88,20,28,6,10.622632032530678,14
77,11,17,37,5,10.601662336108308,12
78,50,16,88,6,10.561260525311432,10
79,51,10,74,3,10.5457485552475,7
80,16,16,84,6,10.536673756149728,10
81,16,30,87,10,10.495642826840163,20
82,95,11,8,4,10.462675081953488,7
83,97,10,37,4,10.388744453162008,6
84,96,10,108,4,10.358535309969966,6
85,48,19,96,6,10.13228507850065,13
86,86,14,104,6,10.100644133292379,8
87,38,10,84,4,10.052543866721539,6
88,106,14,75,7,10.013304733371458,7
89,80,14,107,3,9.896045256810657,11
90,86,23,79,8,9.865377107457421,15
91,98,12,54,4,9.813455317184909,8
92,20,19,74,6,9.788439625659583,13
93,16,18,55,6,9.733018432439057,12
94,50,24,96,8,9.715882886946693,16
95,98,14,106,5,9.701360201061402,9
96,25,11,114,5,9.67839215500448,6
97,109,10,8,4,9.639424798383356,6
98,16,25,106,8,9.638544235218625,17
99,5,13,11,5,9.605487524183182,8
100,28,10,18,4,9.538088324550174,6
101,79,12,87,3,9.532024747647966,9
102,20,14,51,6,9.477293220680314,8
103,86,16,82,5,9.445784289963353,11
104,74,28,96,10,9.384080508255389,18
105,37,14,63,5,9.38345431127444,9
106,90,13,80,4,9.306752684001106,9
107,108,14,63,5,9.298531248541144,9
108,86,20,70,8,9.278344214978095,12
109,30,12,16,4,9.256221331794032,8
110,11,34,96,12,9.221964641265846,22
111,30,15,8,5,9.185211827951935,10
112,37,19,106,7,9.074789469461852,12
113,86,25,51,10,9.064197489975363,15
114,8,33,87,11,9.045742041611302,22
115,90,17,106,6,8.974439428387358,11
116,11,18,20,5,8.872799316531829,13
117,91,18,107,6,8.785801812136054,12
118,11,11,109,4,8.68187802103632,7
119,50,27,86,11,8.625181586204928,16
120,37,13,84,5,8.553620322324825,8
121,98,15,63,6,8.442303234287188,9
122,55,11,70,4,8.38534628867522,7
123,5,15,107,5,8.367061705956523,10
124,104,20,28,6,8.348323398495209,14
125,86,12,108,5,8.204205290543774,7
126,54,14,95,5,8.161305591079648,9
127,80,14,65,5,8.117894882236026,9
128,63,31,28,11,8.090716586910139,20
129,74,10,75,5,8.073067665445317,5
130,16,14,48,6,8.053586068768567,8
131,96,21,70,10,8.033484191024925,11
132,107,15,108,5,8.025288645198323,10
133,80,24,106,9,7.948937081453317,15
134,90,10,74,3,7.90961064421023,7
135,8,16,48,5,7.897553509317897,11
136,48,20,79,8,7.777732866617034,12
137,20,20,106,7,7.744012981661159,13
138,79,10,106,4,7.723339908977314,6
139,76,13,50,4,7.685614095381232,9
140,16,15,51,7,7.664109351174933,8
141,55,10,108,4,7.660382487173957,6
142,96,22,80,8,7.6325568595370585,14
143,8,38,54,17,7.535782247342721,21
144,16,11,5,4,7.4555005649871475,7
145,51,14,84,5,7.416041984054565,9
146,50,10,109,3,7.344576987504273,7
147,106,22,107,8,7.176438436561743,14
148,87,13,65,5,7.172858695964161,8
149,109,10,96,4,7.124903407369766,6
150,63,12,79,4,7.1114844508040305,8
151,86,21,80,9,7.071945289109106,12
152,50,11,48,4,7.05821121395096,7
153,84,18,54,7,6.998797887534528,11
154,96,10,14,4,6.969659690213488,6
155,90,16,5,6,6.933722984795333,10
156,16,11,75,4,6.924311209594038,7
157,28,21,109,7,6.921186948632654,14
158,28,11,95,4,6.901599143206901,7
159,80,22,63,8,6.843518885460648,14
160,48,10,108,3,6.749808304712147,7
161,86,21,48,8,6.673493721207736,13
162,8,16,104,7,6.621732850928029,9
163,8,34,74,13,6.619121911866381,21
164,11,18,74,7,6.589421301376547,11
165,76,10,20,4,6.5798996872199185,6
166,28,19,65,8,6.5589484285821715,11
167,87,11,2,5,6.540123535767901,6
168,50,10,18,5,6.440154509710169,5
169,55,18,54,7,6.426879964732238,11
170,63,16,76,5,6.419762014379263,11
171,34,11,106,4,6.348877012003049,7
172,50,10,102,5,6.331840839736005,5
173,8,10,91,4,6.308204468778511,6
174,5,13,54,5,6.303960107522825,8
175,28,16,70,7,6.300429130292786,9
176,90,11,16,4,6.264500370946453,7
177,50,17,5,8,6.214542806313333,9
178,74,11,70,5,6.194971180039403,6
179,37,24,86,10,6.163976647638873,14
180,86,19,97,8,6.162459694003265,11
181,102,10,54,4,6.152274527601259,6
182,74,24,84,11,6.132037579992367,13
183,8,32,63,13,6.131732885162136,19
184,63,32,96,12,6.122578975830857,20
185,55,10,79,4,6.105260957218084,6
186,2,15,107,5,6.092998078548302,10
187,73,16,8,7,5.972734606342919,9
188,63,13,2,6,5.950174659853719,7
189,46,20,28,7,5.919058295674569,13
190,86,45,54,20,5.879611167261525,25
191,30,12,96,5,5.827709187189812,7
192,93,11,84,4,5.824709609265531,7
193,106,13,104,5,5.822027909601284,8
194,39,14,11,4,5.821131817679595,10
195,75,15,37,4,5.797048664251042,11
196,16,12,108,5,5.770631208900039,7
197,84,12,9,5,5.723245457590759,7
198,63,15,65,7,5.713704172425599,8
199,84,30,106,14,5.705141756996406,16
200,14,16,28,6,5.699150520615662,10
201,96,12,104,5,5.690923647741919,7
202,23,11,86,4,5.682927735199495,7
203,75,11,71,4,5.672326712897658,7
204,50,49,28,21,5.6498806782573725,28
205,86,17,76,7,5.645287753297045,10
206,95,17,86,6,5.641395768359863,11
207,93,12,8,5,5.634459761864633,7
208,86,31,90,12,5.589997787642123,19
209,109,13,84,5,5.586101592455795,8
210,9,12,50,4,5.578106204160814,8
211,84,21,70,8,5.555667371241247,13
212,50,30,11,12,5.52212264758003,18
213,97,23,96,10,5.46969798296896,13
214,63,16,88,7,5.4621065552345485,9
215,28,16,91,7,5.461797673881119,9
216,95,10,96,4,5.457408171788018,6
217,86,12,91,5,5.434023480431899,7
218,96,40,54,19,5.3616206568045826,21
219,8,16,51,8,5.31555566891209,8
220,74,11,97,5,5.309866326620995,6
221,46,23,54,9,5.27547634350934,14
222,91,13,84,6,5.251375089450027,7
223,76,16,28,6,5.224596027209698,10
224,106,25,87,11,5.20459904381547,14
225,86,17,46,7,5.203140381478721,10
226,5,31,96,12,5.196850626279604,19
227,87,11,95,4,5.184870110841576,7
228,76,14,37,5,5.155260207804176,9
229,102,15,96,6,5.127604347789325,9
230,46,15,107,5,5.113021484964983,10
231,90,12,37,5,5.100258022698349,7
232,84,15,90,6,5.086383926048671,9
233,37,14,5,7,5.0843060059519525,7
234,63,19,55,8,5.03485084824411,11
235,63,15,75,7,5.0013663141315385,8
236,16,15,20,7,4.944333830213606,8
237,38,11,37,5,4.935263452020291,6
238,96,18,88,9,4.930308811256227,9
239,8,23,84,9,4.912151072923224,14
240,74,13,108,6,4.9091054802012675,7
241,50,19,87,8,4.882631201191227,11
242,28,41,84,17,4.882344663066597,24
243,85,13,86,6,4.833314993475176,7
244,55,33,8,14,4.8317917957595835,19
245,48,16,87,7,4.831381287284806,9
246,51,14,107,5,4.812684625944082,9
247,54,31,70,14,4.811150729299094,17
248,14,15,84,6,4.752366615638507,9
249,16,13,79,6,4.716412220610577,7
250,55,11,9,5,4.690967100580704,6
251,93,11,86,4,4.642214513191261,7
252,46,10,8,4,4.597475292002486,6
253,88,15,16,6,4.5733857172477945,9
254,8,29,90,12,4.545875813376989,17
255,86,67,96,28,4.49745486385167,39
256,28,10,89,4,4.495723165298258,6
257,87,24,37,10,4.494073296405454,14
258,90,16,87,8,4.47742998597362,8
259,102,11,28,5,4.45639747622017,6
260,38,11,96,5,4.4285292151726745,6
261,48,20,107,9,4.387356221966215,11
262,8,23,88,11,4.315426590123708,12
263,84,13,39,6,4.298313506568312,7
264,74,23,5,11,4.27692224846496,12
265,16,24,11,11,4.271446871614979,13
266,20,28,96,12,4.261107019123627,16
267,20,28,37,13,4.213060341787695,15
268,28,18,97,6,4.2089084311924,12
269,11,38,86,17,4.189043277772603,21
270,74,19,54,8,4.159740384146266,11
271,51,11,63,5,4.136590143565562,6
272,88,20,84,9,4.060172711403915,11
273,11,13,79,7,4.047561716338114,6
274,5,21,63,11,4.031137339567583,10
275,2,10,20,5,4.012437087213795,5
276,76,13,107,6,3.9853176744528107,7
277,20,16,35,7,3.8710603822233915,9
278,98,13,107,6,3.870673537614344,7
279,54,21,106,9,3.8510977236127726,12
280,80,13,55,7,3.844743684805329,6
281,28,11,98,4,3.8105658150956856,7
282,104,10,63,4,3.7654753954634925,6
283,106,25,88,10,3.7257535270813857,15
284,86,58,84,28,3.7215839172906726,30
285,98,23,86,11,3.6891905247171084,12
286,16,22,63,10,3.6516620422484505,12
287,54,18,90,8,3.6286178426203275,10
288,73,10,106,5,3.507929514925787,5
289,74,12,95,6,3.5017690384433444,6
290,73,17,74,7,3.4538968752911243,10
291,76,20,106,7,3.446935025851039,13
292,54,16,65,7,3.428123038178454,9
293,65,18,20,7,3.3768154338626357,11
294,2,14,96,6,3.3761987362341257,8
295,20,10,9,4,3.353443346624384,6
296,96,11,73,6,3.3499711120870073,5
297,28,14,75,7,3.3380894293590813,7
298,51,22,28,9,3.3101205733455643,13
299,62,11,86,5,3.301029259605096,6
300,5,10,70,5,3.268426056649987,5
301,108,10,50,4,3.223778556245025,6
302,93,11,5,4,3.199375680882207,7
303,37,12,16,5,3.1867938106772074,7
304,8,44,96,19,3.175424435557002,25
305,50,16,8,9,3.0986022435294434,7
306,16,26,54,13,3.0907320210630163,13
307,55,22,84,10,3.089338762612198,12
308,63,17,74,7,3.0628191986335085,10
309,50,32,54,15,3.0544531595217945,17
310,55,12,75,7,2.939970983573788,5
311,20,11,70,5,2.9276851517454787,6
312,86,11,9,6,2.904091823827273,5
313,11,18,54,9,2.8952113675329616,9
314,107,22,37,10,2.893398631522563,12
315,65,21,107,9,2.83027712832968,12
316,65,13,88,6,2.8256435057944165,7
317,87,10,80,4,2.824759591911268,6
318,79,15,50,6,2.7998338113931376,9
319,86,12,35,6,2.75135449963285,6
320,37,13,80,6,2.723838841391227,7
321,106,31,96,14,2.7080386521599618,17
322,76,24,96,10,2.683972338580807,14
323,28,13,73,6,2.6504423752868203,7
324,50,20,2,9,2.6460173497892985,11
325,86,43,107,21,2.627595473187187,22
326,88,13,11,6,2.5982782354346177,7
327,107,36,20,17,2.567438137054363,19
328,88,16,5,7,2.517513591576331,9
329,37,16,70,7,2.496833860911776,9
330,74,16,80,8,2.4851777101640504,8
331,75,10,84,4,2.463647182390163,6
332,86,30,16,15,2.4547935681359445,15
333,63,30,106,14,2.444613727117989,16
334,86,48,20,22,2.3624663517193647,26
335,65,11,37,5,2.333365211634566,6
336,86,19,75,10,2.3289010117874347,9
337,17,10,86,4,2.3204734568351078,6
338,8,26,20,12,2.3167078725000385,14
339,63,55,86,23,2.2841625156738785,32
340,90,15,107,6,2.275653964413605,9
341,96,39,107,17,2.25249280064778,22
342,65,15,106,6,2.2061652971857493,9
343,54,13,109,5,2.19392362402146,8
344,107,13,38,6,2.179372128477191,7
345,88,14,87,6,2.169814874048232,8
346,8,18,5,10,2.162875425330906,8
347,54,17,88,8,2.1412541828395595,9
348,65,10,50,4,2.1373944724599268,6
349,50,23,37,11,2.1316520172601203,12
350,38,12,86,6,2.1204594738043294,6
351,60,15,90,7,2.117910855592109,8
352,96,19,90,8,2.0975196885604808,11
353,65,18,96,8,2.096623842974454,10
354,88,17,20,9,2.0843157925029026,8
355,63,29,107,12,2.068987622395191,17
356,55,12,5,6,2.068392636551294,6
357,39,11,63,5,2.059393527316194,6
358,55,20,106,9,2.0459606838360083,11
359,37,18,96,9,2.0435281677289043,9
360,55,14,87,7,2.036481471541838,7
361,107,31,54,16,2.0103577530179737,15
362,28,26,48,12,2.0079373593473675,14
363,84,10,35,5,1.9965083140622215,5
364,55,12,90,7,1.9940592194265985,5
365,106,24,50,10,1.9939953216648874,14
366,107,42,8,19,1.9792241441022496,23
367,28,18,37,8,1.968988718057074,10
368,107,40,28,19,1.9139781052019849,21
369,62,10,28,5,1.893815032183228,5
370,51,17,87,8,1.8833490464670963,9
371,37,10,74,5,1.831910142831464,5
372,50,11,74,6,1.8099421025317037,5
373,14,18,8,8,1.778104288691898,10
374,74,25,107,12,1.7343101710342395,13
375,8,12,80,5,1.7222815544039995,7
376,85,13,54,6,1.7196059703411017,7
377,28,18,87,9,1.7172510470214348,9
378,8,38,28,17,1.713376971178582,21
379,55,10,37,4,1.707045599083528,6
380,84,22,50,11,1.703082651888093,11
381,75,12,50,5,1.6993769547334743,7
382,48,12,55,5,1.6914768408443575,7
383,20,35,28,16,1.6750958962803895,19
384,84,34,96,17,1.6515767592096184,17
385,11,18,48,8,1.6285219730934672,10
386,70,27,8,13,1.6197680931324971,14
387,79,11,8,4,1.6049188828513907,7
388,28,16,9,9,1.5934445988139305,7
389,65,14,70,7,1.5807991420132326,7
390,84,18,80,8,1.570942028221592,10
391,11,32,8,16,1.5651743632029411,16
392,20,21,80,10,1.4986265041055002,11
393,86,44,5,21,1.4700649704448485,23
394,20,11,48,5,1.3954149889669076,6
395,107,34,87,17,1.3898253947740875,17
396,84,47,107,23,1.3807723290644989,24
397,80,23,28,11,1.3633599598332944,12
398,28,32,54,14,1.3516591430299352,18
399,79,17,28,8,1.3443965025775713,9
400,106,51,86,24,1.3291667311293889,27
401,106,16,48,8,1.2966873109190276,8
402,63,26,87,12,1.2352767812377896,14
403,54,18,80,8,1.2235928560664608,10
404,82,11,28,6,1.1949949841809344,5
405,84,11,65,5,1.1947651203796725,6
406,74,14,2,8,1.1667217294168222,6
407,109,13,20,8,1.166118955660283,5
408,28,57,96,27,1.1438425922814035,30
409,96,36,87,18,1.1356017501041247,18
410,5,26,28,12,1.1247301720099225,14
411,28,17,2,8,1.1141188014173518,9
412,70,11,97,6,1.093716787519625,5
413,70,16,107,8,1.069466716031569,8
414,8,12,39,7,1.0422350515052903,5
415,65,18,16,8,1.039626031812042,10
416,97,14,55,7,1.0174264872711138,7
417,50,10,39,6,0.9581747634912936,4
418,88,21,86,8,0.9466195971728976,13
419,8,39,106,20,0.9408889284566859,19
420,35,10,37,5,0.9260414362328069,5
421,84,10,2,5,0.8909497035634487,5
422,106,14,97,6,0.871464650349245,8
423,96,29,55,14,0.8435213858035651,15
424,63,15,97,7,0.8368776796999675,8
425,106,11,14,6,0.8292000189715029,5
426,71,11,28,6,0.7906121882474628,5
427,74,14,65,6,0.7762183903830466,8
428,106,18,5,8,0.7754718845542204,10
429,86,35,55,17,0.7670071872065258,18
430,11,24,63,13,0.7667519814667255,11
431,86,19,30,9,0.7659070049417118,10
432,65,16,55,7,0.7579567813833229,9
433,88,19,55,9,0.7153400360098916,10
434,107,22,55,11,0.6732864832670306,11
435,8,17,76,8,0.6695037265077856,9
436,9,11,8,4,0.6509778840933579,7
437,86,64,28,31,0.6389630677922472,33
438,5,18,87,9,0.6096879288104541,9
439,74,28,106,14,0.5895101563089021,14
440,11,12,35,6,0.5661945015097173,6
441,54,18,87,10,0.5528249286853695,8
442,51,13,55,7,0.5521554244421191,6
443,33,12,28,7,0.5371012612754805,5
444,86,51,87,27,0.5369535027019136,24
445,11,18,46,9,0.5348527890989845,9
446,75,14,96,5,0.5309664280749116,9
447,65,27,86,13,0.523025795887587,14
448,104,11,5,5,0.5178570800287061,6
449,20,22,87,10,0.5116909789840209,12
450,84,17,48,8,0.4998550824144651,9
451,8,25,37,12,0.4837189494693537,13
452,50,19,63,11,0.4822914626505841,8
453,86,37,8,20,0.45211301088967465,17
454,9,11,63,5,0.41758664889208236,6
455,84,14,79,8,0.41419542722796737,6
456,2,19,8,9,0.4071309337923791,10
457,54,35,20,16,0.4039734321843099,19
458,37,16,51,9,0.4038062444177477,7
459,107,15,75,9,0.4015788550643521,6
460,76,16,87,8,0.39595996235299813,8
461,87,23,84,11,0.3445124319060621,12
462,16,36,28,18,0.3293399807849167,18
463,11,31,106,16,0.29488633223268784,15
464,87,19,74,9,0.2465097624637726,10
465,28,41,11,20,0.23904988804781796,21
466,37,14,104,7,0.2177262520118519,7
467,16,26,8,13,0.2067453644888085,13
468,16,15,50,7,0.18149295024867296,8
469,86,39,74,19,0.1756378831895197,20
470,28,18,55,11,0.17346416802036302,7
471,88,10,76,4,0.14500962782709123,6
472,74,13,93,7,0.139424009514577,6
473,76,15,11,7,0.1376774645288651,8
474,11,28,87,15,0.08426229375323478,13
475,11,11,51,6,0.07978822497443648,5
476,109,13,48,7,0.0675018600088535,6
477,86,16,2,9,0.059673324824613516,7
478,74,15,46,7,0.05910856736900432,8
479,28,39,106,18,0.028842463462053065,21
480,35,12,28,6,0.0265085475018972,6
481,107,15,104,7,0.012810701922437554,8
482,104,15,107,8,-0.012810701922437554,7
483,28,12,35,6,-0.02650854750189661,6
484,106,39,28,21,-0.02884246346205343,18
485,46,15,74,8,-0.05910856736900598,7
486,2,16,86,7,-0.05967332482461374,9
487,48,13,109,6,-0.0675018600088535,7
488,51,11,11,5,-0.07978822497443616,6
489,87,28,11,13,-0.08426229375323377,15
490,93,13,74,6,-0.13942400951457715,7
491,76,10,88,6,-0.14500962782709123,4
492,55,18,28,7,-0.1734641680203632,11
493,74,39,86,20,-0.17563788318952042,19
494,50,15,16,8,-0.18149295024867249,7
495,8,26,16,13,-0.20674536448880865,13
496,104,14,37,7,-0.21772625201185036,7
497,11,41,28,21,-0.23904988804781918,20
498,74,19,87,10,-0.2465097624637726,9
499,106,31,11,15,-0.2948863322326874,16
500,28,36,16,18,-0.32933998078491633,18
501,84,23,87,12,-0.34451243190606073,11
502,75,15,107,6,-0.40157885506435337,9
503,51,16,37,7,-0.40380624441774726,9
504,20,35,54,19,-0.40397343218431103,16
505,8,19,2,10,-0.40713093379238086,9
506,79,14,84,6,-0.414195427227968,8
507,63,11,9,6,-0.41758664889208175,5
508,8,37,86,17,-0.45211301088967504,20
509,63,19,50,8,-0.4822914626505848,11
510,37,25,8,13,-0.4837189494693543,12
511,48,17,84,9,-0.4998550824144652,8
512,87,22,20,12,-0.511690978984021,10
513,5,11,104,6,-0.5178570800287055,5
514,86,27,65,14,-0.5230257958875872,13
515,96,14,75,9,-0.530966428074911,5
516,46,18,11,9,-0.5348527890989838,9
517,28,12,33,5,-0.5371012612754809,7
518,55,13,51,6,-0.5521554244421188,7
519,87,18,54,8,-0.5528249286853687,10
520,35,12,11,6,-0.5661945015097167,6
521,106,28,74,14,-0.589510156308903,14
522,87,18,5,9,-0.6096879288104542,9
523,28,64,86,33,-0.6389630677922455,31
524,8,11,9,7,-0.6509778840933574,4
525,76,17,8,9,-0.669503726507786,8
526,55,22,107,11,-0.6732864832670304,11
527,55,19,88,10,-0.7153400360098918,9
528,55,16,65,9,-0.7579567813833243,7
529,30,19,86,10,-0.7659070049417123,9
530,63,24,11,11,-0.7667519814667254,13
531,55,35,86,18,-0.7670071872065258,17
532,5,18,106,10,-0.7754718845542194,8
533,65,14,74,8,-0.7762183903830474,6
534,28,11,71,5,-0.7906121882474615,6
535,14,11,106,5,-0.8292000189715015,6
536,97,15,63,8,-0.8368776796999678,7
537,55,29,96,15,-0.8435213858035656,14
538,97,14,106,8,-0.8714646503492466,6
539,2,10,84,5,-0.8909497035634508,5
540,37,10,35,5,-0.9260414362328042,5
541,106,39,8,19,-0.9408889284566851,20
542,86,21,88,13,-0.9466195971728966,8
543,39,10,50,4,-0.9581747634912936,6
544,55,14,97,7,-1.0174264872711132,7
545,16,18,65,10,-1.0396260318120427,8
546,39,12,8,5,-1.0422350515052898,7
547,107,16,70,8,-1.0694667160315687,8
548,97,11,70,5,-1.0937167875196259,6
549,2,17,28,9,-1.114118801417351,8
550,28,26,5,14,-1.1247301720099212,12
551,87,36,96,18,-1.135601750104125,18
552,96,57,28,30,-1.1438425922814024,27
553,20,13,109,5,-1.1661189556602822,8
554,2,14,74,6,-1.1667217294168222,8
555,65,11,84,6,-1.1947651203796725,5
556,28,11,82,5,-1.1949949841809342,6
557,80,18,54,10,-1.2235928560664604,8
558,11,26,107,14,-1.2240420778923373,12
559,87,26,63,14,-1.23527678123779,12
560,107,26,11,13,-1.2583607648728181,13
561,28,17,79,9,-1.3443965025775715,8
562,54,32,28,18,-1.3516591430299343,14
563,28,23,80,12,-1.3633599598332946,11
564,107,47,84,24,-1.3807723290645009,23
565,48,11,20,6,-1.3954149889669076,5
566,5,44,86,23,-1.470064970444848,21
567,80,21,20,11,-1.4986265041055,10
568,8,32,11,16,-1.5651743632029405,16
569,80,18,84,10,-1.5709420282215925,8
570,70,14,65,7,-1.5807991420132326,7
571,9,16,28,7,-1.593444598813931,9
572,8,11,79,7,-1.6049188828513907,4
573,8,27,70,14,-1.6197680931324978,13
574,96,34,84,17,-1.6515767592096187,17
575,28,35,20,19,-1.67509589628039,16
576,55,12,48,7,-1.6914768408443577,5
577,50,12,75,7,-1.6993769547334763,5
578,50,22,84,11,-1.703082651888093,11
579,37,10,55,6,-1.7070455990835285,4
580,28,38,8,21,-1.713376971178581,17
581,87,18,28,9,-1.7172510470214346,9
582,54,13,85,7,-1.719605970341104,6
583,80,12,8,7,-1.7222815544039987,5
584,107,25,74,13,-1.734310171034239,12
585,8,18,14,10,-1.7781042886918976,8
586,87,51,86,25,-1.8024922068566982,26
587,74,11,50,5,-1.8099421025317044,6
588,74,10,37,5,-1.8319101428314633,5
589,87,17,51,9,-1.8833490464670963,8
590,28,10,62,5,-1.893815032183228,5
591,28,40,107,21,-1.9139781052019846,19
592,37,18,28,10,-1.968988718057074,8
593,8,42,107,23,-1.9792241441022493,19
594,50,24,106,14,-1.9939953216648865,10
595,90,12,55,5,-1.9940592194265978,7
596,35,10,84,5,-1.996508314062219,5
597,48,26,28,14,-2.0079373593473675,12
598,54,31,107,15,-2.0103577530179737,16
599,87,14,55,7,-2.0364814715418387,7
600,96,18,37,9,-2.0435281677289043,9
601,106,20,55,11,-2.0459606838360087,9
602,63,11,39,6,-2.0593935273161956,5
603,5,12,55,6,-2.068392636551294,6
604,107,29,63,17,-2.068987622395191,12
605,20,17,88,8,-2.084315792502901,9
606,96,18,65,10,-2.096623842974454,8
607,90,19,96,11,-2.0975196885604803,8
608,90,15,60,8,-2.117910855592109,7
609,86,12,38,6,-2.12045947380433,6
610,37,23,50,12,-2.13165201726012,11
611,50,10,65,6,-2.1373944724599268,4
612,88,17,54,9,-2.14125418283956,8
613,5,18,8,8,-2.162875425330905,10
614,87,14,88,8,-2.1698148740482317,6
615,38,13,107,7,-2.1793721284771914,6
616,109,13,54,8,-2.19392362402146,5
617,106,15,65,9,-2.2061652971857493,6
618,107,39,96,22,-2.2524928006477807,17
619,107,15,90,9,-2.2756539644136056,6
620,86,55,63,32,-2.2841625156738776,23
621,20,26,8,14,-2.3167078725000376,12
622,86,10,17,6,-2.3204734568351095,4
623,75,19,86,9,-2.3289010117874334,10
624,37,11,65,6,-2.333365211634566,5
625,20,48,86,26,-2.362466351719365,22
626,106,30,63,16,-2.4446137271179906,14
627,16,30,86,15,-2.454793568135943,15
628,84,10,75,6,-2.463647182390163,4
629,80,16,74,8,-2.4851777101640518,8
630,70,16,37,9,-2.4968338609117757,7
631,5,16,88,9,-2.517513591576331,7
632,20,36,107,19,-2.5674381370543617,17
633,86,51,106,28,-2.5947054352841734,23
634,11,13,88,7,-2.598278235434617,6
635,107,43,86,22,-2.6275954731871876,21
636,2,20,50,11,-2.6460173497892994,9
637,73,13,28,7,-2.6504423752868203,6
638,96,24,76,14,-2.683972338580808,10
639,96,31,106,17,-2.70803865215996,14
640,80,13,37,7,-2.7238388413912276,6
641,35,12,86,6,-2.7513544996328485,6
642,14,12,107,6,-2.752826564735613,6
643,50,15,79,9,-2.7998338113931363,6
644,80,10,87,6,-2.824759591911268,4
645,88,13,65,7,-2.825643505794417,6
646,107,21,65,12,-2.83027712832968,9
647,37,22,107,12,-2.8933986315225635,10
648,54,18,11,9,-2.8952113675329616,9
649,9,11,86,5,-2.9040918238272733,6
650,70,11,20,6,-2.9276851517454783,5
651,75,12,55,5,-2.9399709835737866,7
652,54,32,50,17,-3.054453159521794,15
653,74,17,63,10,-3.062819198633509,7
654,84,22,55,12,-3.089338762612198,10
655,54,26,16,13,-3.0907320210630145,13
656,8,16,50,7,-3.0986022435294425,9
657,107,12,14,7,-3.1146710636183896,5
658,96,44,8,25,-3.175424435557004,19
659,16,12,37,7,-3.1867938106772074,5
660,5,11,93,7,-3.199375680882207,4
661,50,10,108,6,-3.2237785562450227,4
662,70,10,5,5,-3.2684260566499868,5
663,87,34,107,18,-3.288133451006263,16
664,86,11,62,6,-3.3010292596050945,5
665,28,22,51,13,-3.310120573345564,9
666,75,14,28,7,-3.338089429359081,7
667,73,11,96,5,-3.349971112087006,6
668,9,10,20,6,-3.353443346624384,4
669,96,14,2,8,-3.3761987362341266,6
670,20,18,65,11,-3.3768154338626357,7
671,65,16,54,9,-3.4281230381784535,7
672,74,17,73,10,-3.4538968752911248,7
673,95,12,74,6,-3.5017690384433444,6
674,106,10,73,5,-3.5079295149257868,5
675,90,18,54,10,-3.6286178426203275,8
676,63,22,16,12,-3.6516620422484505,10
677,86,23,98,12,-3.689190524717108,11
678,84,58,86,30,-3.7215839172906726,28
679,88,25,106,15,-3.7257535270813857,10
680,63,10,104,6,-3.765475395463492,4
681,98,11,28,7,-3.8105658150956856,4
682,55,13,80,6,-3.8447436848053296,7
683,106,21,54,12,-3.8510977236127735,9
684,107,13,98,7,-3.8706735376143446,6
685,35,16,20,9,-3.8710603822233933,7
686,107,13,76,7,-3.985317674452811,6
687,20,10,2,5,-4.0124370872137956,5
688,63,21,5,10,-4.031137339567583,11
689,79,13,11,6,-4.047561716338114,7
690,84,20,88,11,-4.060172711403915,9
691,63,11,51,6,-4.13659014356556,5
692,54,19,74,11,-4.159740384146267,8
693,97,18,28,12,-4.208908431192398,6
694,37,28,20,15,-4.213060341787693,13
695,96,28,20,16,-4.261107019123626,12
696,5,23,74,12,-4.2769222484649605,11
697,39,13,84,7,-4.298313506568312,6
698,88,23,8,12,-4.315426590123705,11
699,107,20,48,11,-4.387356221966216,9
700,96,11,38,6,-4.4285292151726745,5
701,87,16,76,9,-4.429864581846375,7
702,11,15,76,9,-4.440509058655133,6
703,28,11,102,6,-4.456397476220169,5
704,87,16,90,8,-4.47742998597362,8
705,37,24,87,14,-4.494073296405454,10
706,89,10,28,6,-4.495723165298258,4
707,96,67,86,39,-4.497454863851668,28
708,90,29,8,17,-4.545875813376988,12
709,16,15,88,9,-4.573385717247794,6
710,8,10,46,6,-4.597475292002486,4
711,86,11,93,7,-4.64221451319126,4
712,9,11,55,6,-4.690967100580704,5
713,79,13,16,7,-4.716412220610577,6
714,84,15,14,9,-4.752366615638507,6
715,70,31,54,17,-4.811150729299093,14
716,107,14,51,9,-4.812684625944084,5
717,8,33,55,19,-4.8317917957595835,14
718,86,13,85,7,-4.833314993475175,6
719,84,41,28,24,-4.8823446630666005,17
720,87,19,50,11,-4.882631201191227,8
721,108,13,74,7,-4.90910548020127,6
722,84,23,8,14,-4.912151072923222,9
723,88,18,96,9,-4.930308811256227,9
724,37,11,38,6,-4.935263452020291,5
725,20,15,16,8,-4.9443338302136075,7
726,75,15,63,8,-5.001366314131536,7
727,55,19,63,11,-5.034850848244109,8
728,5,14,37,7,-5.084306005951952,7
729,90,15,84,9,-5.086383926048672,6
730,37,12,90,7,-5.100258022698351,5
731,107,15,46,10,-5.113021484964983,5
732,96,15,102,9,-5.127604347789324,6
733,37,14,76,9,-5.155260207804176,5
734,95,11,87,7,-5.184870110841573,4
735,96,31,5,19,-5.196850626279604,12
736,46,17,86,10,-5.20314038147872,7
737,87,25,106,14,-5.2045990438154695,11
738,48,18,11,11,-5.21421496819869,7
739,28,16,76,10,-5.224596027209698,6
740,84,13,91,7,-5.251375089450026,6
741,54,23,46,14,-5.275476343509341,9
742,97,11,74,6,-5.309866326620995,5
743,51,16,8,8,-5.315555668912091,8
744,48,16,106,9,-5.330591930412405,7
745,54,40,96,21,-5.361620656804578,19
746,91,12,86,7,-5.434023480431901,5
747,96,10,95,6,-5.457408171788017,4
748,91,16,28,9,-5.4617976738811205,7
749,88,16,63,9,-5.4621065552345485,7
750,96,23,97,13,-5.46969798296896,10
751,11,30,50,18,-5.522122647580029,12
752,70,21,84,13,-5.555667371241247,8
753,50,12,9,8,-5.578106204160814,4
754,84,13,109,8,-5.586101592455794,5
755,90,31,86,19,-5.589997787642124,12
756,8,12,93,7,-5.634459761864631,5
757,86,17,95,11,-5.641395768359862,6
758,76,17,86,10,-5.645287753297045,7
759,28,49,50,28,-5.649880678257372,21
760,71,11,75,7,-5.672326712897659,4
761,86,11,23,7,-5.682927735199494,4
762,104,12,96,7,-5.690923647741919,5
763,28,16,14,10,-5.699150520615664,6
764,106,30,84,16,-5.705141756996407,14
765,65,15,63,8,-5.713704172425599,7
766,9,12,84,7,-5.723245457590759,5
767,108,12,16,7,-5.770631208900042,5
768,37,15,75,11,-5.797048664251041,4
769,11,14,39,10,-5.821131817679595,4
770,104,13,106,8,-5.822027909601284,5
771,84,11,93,7,-5.824709609265529,4
772,96,12,30,7,-5.827709187189811,5
773,54,45,86,25,-5.8796111672615226,20
774,86,38,11,22,-5.88752943334876,16
775,28,20,46,13,-5.919058295674567,7
776,2,13,63,7,-5.950174659853716,6
777,8,16,73,9,-5.97273460634292,7
778,107,15,2,10,-6.092998078548302,5
779,79,10,55,6,-6.105260957218082,4
780,96,32,63,20,-6.122578975830857,12
781,63,32,8,19,-6.131732885162138,13
782,84,24,74,13,-6.132037579992367,11
783,54,10,102,6,-6.152274527601259,4
784,97,19,86,11,-6.162459694003264,8
785,86,24,37,14,-6.163976647638872,10
786,70,11,74,6,-6.194971180039403,5
787,5,17,50,9,-6.214542806313337,8
788,16,11,90,7,-6.26450037094645,4
789,70,16,28,9,-6.300429130292783,7
790,54,13,5,8,-6.303960107522825,5
791,91,10,8,6,-6.30820446877851,4
792,102,10,50,5,-6.331840839736004,5
793,106,11,34,7,-6.348877012003049,4
794,76,16,63,11,-6.419762014379263,5
795,54,18,55,11,-6.426879964732236,7
796,18,10,50,5,-6.440154509710172,5
797,2,11,87,6,-6.540123535767899,5
798,65,19,28,11,-6.558948428582172,8
799,20,10,76,6,-6.5798996872199185,4
800,74,18,11,11,-6.589421301376547,7
801,74,34,8,21,-6.6191219118663795,13
802,104,16,8,9,-6.621732850928032,7
803,48,21,86,13,-6.673493721207734,8
804,106,20,76,14,-6.674058721445737,6
805,108,10,48,7,-6.749808304712144,3
806,63,22,80,14,-6.84351888546065,8
807,95,11,28,7,-6.901599143206901,4
808,109,21,28,14,-6.921186948632654,7
809,75,11,16,7,-6.924311209594037,4
810,5,16,90,10,-6.933722984795333,6
811,11,24,16,14,-6.9607166179438975,10
812,14,10,96,6,-6.969659690213488,4
813,54,18,84,11,-6.998797887534528,7
814,48,11,50,7,-7.058211213950958,4
815,80,21,86,12,-7.071945289109108,9
816,79,12,63,8,-7.1114844508040305,4
817,96,10,109,6,-7.124903407369766,4
818,65,13,87,8,-7.172858695964161,5
819,109,10,50,7,-7.344576987504273,3
820,84,14,51,9,-7.416041984054565,5
821,5,11,16,7,-7.4555005649871475,4
822,54,38,8,21,-7.535782247342722,17
823,80,22,96,14,-7.6325568595370585,8
824,108,10,55,6,-7.6603824871739565,4
825,51,15,16,8,-7.664109351174935,7
826,50,13,76,9,-7.685614095381234,4
827,106,10,79,6,-7.723339908977311,4
828,106,20,20,13,-7.74401298166116,7
829,79,20,48,12,-7.7777328666170344,8
830,48,16,8,11,-7.897553509317897,5
831,74,10,90,7,-7.909610644210227,3
832,106,24,80,15,-7.94893708145332,9
833,108,15,107,10,-8.025288645198323,5
834,70,21,96,11,-8.033484191024925,10
835,48,14,16,8,-8.053586068768565,6
836,75,10,74,5,-8.073067665445317,5
837,28,31,63,20,-8.090716586910137,11
838,65,14,80,9,-8.117894882236024,5
839,95,14,54,9,-8.161305591079648,5
840,108,12,86,7,-8.204205290543772,5
841,28,20,104,14,-8.348323398495209,6
842,107,15,5,10,-8.367061705956521,5
843,70,11,55,7,-8.38534628867522,4
844,63,15,98,9,-8.442303234287186,6
845,84,13,37,8,-8.553620322324825,5
846,86,27,50,16,-8.625181586204928,11
847,109,11,11,7,-8.681878021036322,4
848,107,18,91,12,-8.785801812136052,6
849,87,16,48,10,-8.865285906778183,6
850,20,18,11,13,-8.87279931653183,5
851,106,17,90,11,-8.974439428387358,6
852,87,33,8,22,-9.0457420416113,11
853,51,25,86,15,-9.064197489975363,10
854,106,19,37,12,-9.07478946946185,7
855,8,15,30,10,-9.185211827951933,5
856,96,34,11,22,-9.221964641265844,12
857,16,12,30,8,-9.256221331794034,4
858,70,20,86,12,-9.278344214978095,8
859,63,14,108,9,-9.298531248541147,5
860,80,13,90,9,-9.30675268400111,4
861,63,14,37,9,-9.38345431127444,5
862,96,28,74,18,-9.384080508255392,10
863,82,16,86,11,-9.445784289963353,5
864,51,14,20,8,-9.477293220680318,6
865,87,12,79,9,-9.532024747647966,3
866,18,10,28,6,-9.538088324550174,4
867,11,13,5,8,-9.60548752418318,5
868,8,10,109,6,-9.639424798383356,4
869,114,11,25,6,-9.67839215500448,5
870,106,14,98,9,-9.701360201061403,5
871,96,24,50,16,-9.715882886946691,8
872,55,18,16,12,-9.733018432439058,6
873,74,19,20,13,-9.788439625659583,6
874,54,12,98,8,-9.813455317184909,4
875,79,23,86,15,-9.865377107457421,8
876,107,14,80,11,-9.896045256810655,3
877,75,14,106,7,-10.013304733371458,7
878,84,10,38,6,-10.052543866721539,4
879,104,14,86,8,-10.100644133292377,6
880,96,19,48,13,-10.132285078500649,6
881,107,22,106,15,-10.249889575223364,7
882,108,10,96,6,-10.358535309969964,4
883,37,10,97,6,-10.388744453162008,4
884,8,11,95,7,-10.462675081953488,4
885,84,16,16,10,-10.536673756149728,6
886,74,10,51,7,-10.5457485552475,3
887,88,16,50,10,-10.561260525311432,6
888,37,17,11,12,-10.60166233610831,5
889,28,20,88,14,-10.622632032530678,6
890,109,16,86,12,-10.6494459625155,4
891,20,23,50,14,-10.679903465549344,9
892,48,23,63,16,-10.699286546994388,7
893,70,11,63,7,-10.739186359719405,4
894,46,18,88,13,-11.050366904672497,5
895,70,12,87,8,-11.095594557997302,4
896,70,15,106,9,-11.108058922265554,6
897,80,10,11,7,-11.144994413403579,3
898,25,15,86,9,-11.172724098290493,6
899,84,19,11,13,-11.37372999446702,6
900,20,22,63,14,-11.466483806886448,8
901,107,10,71,7,-11.601148789823478,3
902,98,10,91,7,-11.6111736728835,3
903,107,26,50,17,-11.691885246095048,9
904,54,10,93,7,-11.750544108006396,3
905,55,10,76,8,-11.845869320079572,2
906,87,10,30,7,-11.954020606538128,3
907,54,18,48,12,-12.073710033699513,6
908,84,21,20,16,-12.095717972205849,5
909,50,14,90,10,-12.167118325702736,4
910,73,15,86,9,-12.194166691508588,6
911,96,11,85,8,-12.207174001404555,3
912,106,25,16,18,-12.220243191694381,7
913,96,33,16,25,-12.378166138619676,8
914,8,12,75,9,-12.489331619909464,3
915,8,12,71,8,-12.540934170497003,4
916,87,30,16,21,-12.6470586239033,9
917,98,10,11,7,-12.66006119022024,3
918,96,23,98,15,-12.672735601907378,8
919,96,16,51,11,-12.677781286430335,5
920,84,17,5,12,-12.835529049516088,5
921,96,15,46,9,-13.00793378894843,6
922,14,10,80,6,-13.097202558791372,4
923,28,12,93,9,-13.201411743631482,3
924,91,10,16,7,-13.247386679926667,3
925,20,13,5,9,-13.290437765849143,4
926,76,10,84,7,-13.371791794476115,3
927,11,25,55,19,-13.485189958967283,6
928,54,34,63,25,-13.769468131307079,9
929,84,32,63,22,-13.780562093586635,10
930,84,12,46,9,-13.97403398222274,3
931,20,10,91,7,-14.231787377472761,3
932,107,18,16,14,-14.391265938932909,4
933,65,10,2,8,-14.403245473195582,2
934,70,13,2,9,-14.416654152482302,4
935,63,11,14,7,-14.53302527333945,4
936,35,11,80,8,-14.578551377058158,3
937,107,17,88,13,-14.622923878105595,4
938,50,12,80,10,-14.926124931290454,2
939,70,12,11,9,-14.978837163595108,3
940,65,10,8,7,-15.076101306925045,3
941,96,12,91,9,-15.083901067533665,3
942,90,14,73,10,-15.18129739743865,4
943,63,11,90,8,-15.231492942849913,3
944,11,10,93,8,-15.321419061771829,2
945,98,10,50,8,-15.57630780747763,2
946,9,11,48,8,-15.643745764186933,3
947,97,10,2,8,-15.661292942741351,2
948,107,10,97,7,-15.679539610564513,3
949,86,11,41,9,-16.212567441432288,2
950,28,18,74,14,-16.654135564717038,4
951,107,14,73,10,-16.729028870174297,4
952,91,15,63,11,-16.74510820316582,4
953,74,18,16,14,-17.072738387287373,4
954,54,11,2,9,-17.459471983824496,2
955,54,16,37,11,-17.587582584571038,5
956,35,13,107,11,-17.620728555906968,2
957,28,23,90,18,-17.842079516061677,5
958,112,13,28,10,-17.971811670799116,3
959,70,11,76,9,-18.163279183361553,2
960,70,10,50,7,-18.669208398142956,3
961,109,10,88,9,-19.21708703200129,1
962,86,12,102,11,-19.554051111500097,1
963,14,10,86,8,-19.970836161014752,2
964,96,11,93,9,-20.479798947683257,2
965,55,18,50,14,-21.38404284403115,4
966,35,13,76,10,-24.45415726080802,3
967,54,11,30,10,-25.713620235434703,1
