,againstHero,games,hero,losses,shift,wins
0,64,11,65,2,27.727149312498728,9
1,91,10,43,0,27.34458455824453,10
2,19,14,107,1,26.83982417040145,13
3,90,14,76,4,23.99660276951993,10
4,103,15,86,2,23.967936503754764,13
5,55,12,89,2,23.859507970316177,10
6,65,10,97,3,23.53209680517744,7
7,44,10,13,2,23.349797487914284,8
8,57,13,41,2,23.15616213187528,11
9,11,11,96,2,23.03475113163473,9
10,26,10,10,2,22.77202326046866,8
11,84,10,94,1,22.762013140609877,9
12,111,26,70,6,22.275676967970096,20
13,17,11,44,2,22.072912946241175,9
14,28,14,52,2,21.054527541956727,12
15,37,10,104,2,20.681486856575926,8
16,110,13,29,2,20.526658436069184,11
17,110,12,109,2,20.16933250309851,10
18,18,12,37,2,20.1495733097828,10
19,51,12,98,3,20.0679948728163,9
20,41,13,10,2,19.737157878272868,11
21,46,12,30,3,19.658771905767804,9
22,6,11,12,4,19.32835940292554,7
23,106,12,107,2,19.31961041681027,10
24,57,11,107,3,18.94387612691803,8
25,57,20,28,4,18.917976797154502,16
26,79,13,7,3,18.404801500191937,10
27,50,11,46,2,18.380392496841136,9
28,46,11,96,2,18.260041150706886,9
29,58,13,87,2,18.24410492014657,11
30,93,12,76,3,18.082770445937008,9
31,49,10,112,2,18.03224593969945,8
32,62,10,63,2,18.031802170985944,8
33,107,12,73,3,18.009767759901283,9
34,64,11,9,3,17.707873254379976,8
35,87,33,109,8,17.707668471693246,25
36,41,10,110,1,17.607251464829996,9
37,88,19,49,4,17.532034552741443,15
38,37,10,89,2,17.418835616565147,8
39,88,18,75,4,17.352928189575536,14
40,26,11,49,4,17.344464565076983,7
41,62,16,50,4,17.235813943056094,12
42,106,11,48,2,17.192330163510128,9
43,48,12,73,3,17.093964024864245,9
44,73,17,109,4,17.085641782719854,13
45,26,13,54,5,16.93978716229654,8
46,43,14,38,5,16.91598228541753,9
47,57,15,76,4,16.89647205199251,11
48,38,12,15,3,16.880495720481193,9
49,74,15,110,4,16.836715903263343,11
50,63,20,20,5,16.83486412950002,15
51,106,16,50,4,16.780812650020955,12
52,5,13,9,3,16.7060467975664,10
53,28,12,71,2,16.63851586652194,10
54,39,13,55,4,16.616243530697464,9
55,111,10,106,2,16.614986015463362,8
56,49,10,96,3,16.4668046049511,7
57,63,11,10,3,16.316509167938314,8
58,62,13,103,4,16.29915650058687,9
59,59,11,103,3,16.266656443008642,8
60,87,14,85,3,16.25520793639719,11
61,17,14,37,5,16.224073122382876,9
62,28,12,66,4,16.011877124422664,8
63,104,12,50,3,15.773911417272641,9
64,46,15,79,5,15.695062063539163,10
65,17,15,38,4,15.678044683298898,11
66,29,12,73,3,15.669782329836798,9
67,62,15,71,2,15.665087208322289,13
68,16,10,59,4,15.561569445873218,6
69,16,18,106,5,15.530666511008816,13
70,74,11,112,3,15.445414304360199,8
71,63,17,70,5,15.423330820666749,12
72,62,20,20,5,15.291234725709055,15
73,90,11,18,3,15.206260273523743,8
74,57,16,37,4,15.14671627913867,12
75,84,14,40,5,15.139436492633184,9
76,93,26,38,8,14.945048831229194,18
77,26,24,38,7,14.873702675608982,17
78,111,17,109,5,14.83552280759147,12
79,93,11,17,3,14.792328082005683,8
80,69,12,41,4,14.708599737863674,8
81,49,11,62,4,14.691411076024671,7
82,88,14,13,6,14.6368480815469,8
83,86,17,109,5,14.602063081104587,12
84,30,26,65,7,14.563622151554524,19
85,111,31,62,9,14.463263378850396,22
86,26,12,88,4,14.385453144142543,8
87,55,10,80,3,14.33309852037076,7
88,60,10,8,3,14.262033464961128,7
89,28,10,3,3,14.224615619881277,7
90,57,21,9,5,14.205802139668359,16
91,28,15,112,5,14.162036513146953,10
92,106,24,87,6,14.142460326987873,18
93,55,20,75,6,14.013733108817094,14
94,37,18,63,6,13.991676902894502,12
95,63,20,76,4,13.935325978058145,16
96,30,27,54,8,13.923397923845725,19
97,70,12,109,3,13.902253335630233,9
98,38,16,73,6,13.771113964229547,10
99,88,12,109,3,13.730907256228043,9
100,37,10,13,3,13.710588735524032,7
101,26,13,69,4,13.66583811938565,9
102,10,26,23,9,13.610440136401223,17
103,30,25,9,7,13.586761149710142,18
104,87,24,46,8,13.524085276397868,16
105,13,15,73,5,13.471561712276639,10
106,74,27,48,10,13.450895577876453,17
107,73,12,90,3,13.337519609995004,9
108,89,12,73,4,13.292782754035754,8
109,58,10,89,3,13.242354787086834,7
110,86,12,52,3,13.150274929933458,9
111,90,20,88,7,13.136719221023185,13
112,6,14,66,4,12.900366001703459,10
113,86,14,17,4,12.845058614378047,10
114,54,28,109,9,12.824426413749993,19
115,2,21,76,7,12.801773404860658,14
116,17,10,75,3,12.759002952989487,7
117,26,35,107,9,12.719830578595298,26
118,39,12,54,4,12.719289008108062,8
119,87,11,97,5,12.69108979690934,6
120,107,18,70,6,12.682033904752588,12
121,107,13,66,4,12.675436620401037,9
122,3,12,8,3,12.625631089351694,9
123,98,14,71,4,12.599763195527048,10
124,73,15,23,5,12.578415919943863,10
125,8,15,66,4,12.577302494556069,11
126,63,13,109,3,12.562363591220352,10
127,37,14,5,4,12.535664321031334,10
128,104,12,48,3,12.498145078794371,9
129,15,11,28,3,12.48540617456215,8
130,93,22,62,7,12.439036445917942,15
131,93,20,50,7,12.385609627032688,13
132,93,12,26,4,12.342400061412198,8
133,51,10,74,3,12.299925807232606,7
134,80,11,50,2,12.225287150472026,9
135,11,16,54,5,12.197817241087678,11
136,63,23,91,8,12.157940771550841,15
137,93,20,41,5,12.152619394683915,15
138,58,11,103,3,12.093407699535737,8
139,79,11,112,3,12.089617166544242,8
140,103,12,19,4,12.064157815204576,8
141,29,11,70,3,12.030336124564109,8
142,38,15,10,4,12.029907406435383,11
143,63,19,9,7,11.997572673730792,12
144,11,11,63,4,11.977878165026583,7
145,54,16,104,5,11.95764257880154,11
146,18,13,17,5,11.905263091036245,8
147,43,14,109,5,11.866460109925438,9
148,55,14,85,5,11.860707980162308,9
149,55,10,108,3,11.846202494892411,7
150,85,17,37,4,11.836833776252563,13
151,23,15,62,4,11.828374088275869,11
152,50,14,109,5,11.809368464557789,9
153,55,25,2,9,11.807932628931718,16
154,110,13,50,4,11.789801735998644,9
155,26,14,46,5,11.785571142877396,9
156,28,38,109,12,11.779726827830626,26
157,84,18,106,7,11.759279094165112,11
158,104,18,98,7,11.758094591275455,11
159,15,10,79,3,11.756403792330063,7
160,11,11,76,4,11.750022140716602,7
161,41,32,109,7,11.739478362196792,25
162,80,11,38,3,11.727896658420695,8
163,30,21,16,6,11.724979412879154,15
164,70,13,62,5,11.719880801732709,8
165,46,23,9,9,11.712540493367959,14
166,93,15,1,4,11.687642643688715,11
167,10,18,55,7,11.634204977110192,11
168,32,15,88,4,11.62259561238565,11
169,70,22,86,8,11.622158138069935,14
170,10,20,1,6,11.620008343989017,14
171,30,26,103,8,11.5945127814643,18
172,65,16,18,5,11.593628436717697,11
173,16,18,13,6,11.568229122492738,12
174,65,16,102,6,11.565057266886955,10
175,74,11,3,4,11.5583424419655,7
176,109,15,6,5,11.553622356231047,10
177,16,28,70,8,11.544275868635912,20
178,43,17,28,5,11.503038032270851,12
179,17,20,41,5,11.462467383182338,15
180,34,15,91,5,11.445515293888622,10
181,29,11,17,3,11.408647611784016,8
182,30,15,85,5,11.375876505138454,10
183,20,17,48,5,11.362684990472749,12
184,2,22,103,6,11.358008021341288,16
185,28,16,80,6,11.308008582322735,10
186,39,10,2,4,11.302944205280658,6
187,13,13,41,5,11.285884419294261,8
188,63,34,54,12,11.264928145637473,22
189,38,24,109,8,11.246292341387845,16
190,55,24,62,9,11.2411377363916,15
191,93,17,48,5,11.235463842161245,12
192,97,11,2,4,11.22646619845986,7
193,50,11,96,4,11.223821515592276,7
194,65,18,44,7,11.219859746185271,11
195,17,17,23,5,11.173746527216176,12
196,8,15,89,5,11.136544141609958,10
197,93,19,37,6,11.135373057728058,13
198,63,12,2,4,11.123429561783267,8
199,32,23,109,8,11.083621382461542,15
200,87,30,6,10,11.079517220381964,20
201,48,18,35,6,11.064814060189882,12
202,10,15,50,5,11.061080668679153,10
203,10,12,85,5,11.037949468704035,7
204,98,12,110,4,11.026999619900328,8
205,49,17,16,6,11.010920636133424,11
206,20,19,10,6,11.010427213733353,13
207,38,14,6,4,11.005398790381081,10
208,18,10,63,4,11.002328341283704,6
209,30,10,43,3,10.958461383133036,7
210,107,29,62,11,10.926616787795936,18
211,49,18,86,8,10.91347154436731,10
212,98,48,41,18,10.835326353590219,30
213,93,11,63,4,10.802700985962154,7
214,90,21,23,7,10.77182655842543,14
215,96,10,87,4,10.7596907498127,6
216,93,38,9,12,10.751734078642695,26
217,50,13,68,4,10.706461420578247,9
218,91,10,85,5,10.702453755941072,5
219,17,10,107,3,10.67390300106017,7
220,39,13,11,3,10.646218716239577,10
221,38,13,58,4,10.642287291889902,9
222,65,10,101,4,10.616476001261294,6
223,87,17,5,6,10.594673728658035,11
224,49,10,104,3,10.571918118353276,7
225,55,22,11,7,10.544232401592295,15
226,90,14,50,5,10.544137931863863,9
227,110,17,8,5,10.493443474648158,12
228,88,13,85,4,10.474485947559344,9
229,96,10,76,3,10.473454930849595,7
230,79,12,66,3,10.448674909094285,9
231,90,12,93,5,10.444030736195835,7
232,18,14,51,5,10.42518053681612,9
233,98,10,75,3,10.422827528026358,7
234,63,27,79,9,10.37770241869829,18
235,32,18,107,5,10.358465103585823,13
236,104,10,5,3,10.305151002741349,7
237,80,16,20,6,10.30482199217851,10
238,6,12,106,5,10.2894367115075,7
239,88,10,71,3,10.263450457417434,7
240,17,29,9,10,10.257069894218061,19
241,52,12,20,4,10.212471754033883,8
242,98,39,88,12,10.209445633018722,27
243,60,10,38,4,10.186949801542621,6
244,48,12,75,3,10.185338411509976,9
245,30,13,62,5,10.146431281762991,8
246,55,19,109,6,10.125299163294448,13
247,30,18,50,7,10.060071366256977,11
248,9,12,97,5,10.043091409865225,7
249,37,14,34,5,10.040882054419713,9
250,65,14,59,6,10.036164804159641,8
251,29,33,38,11,10.021162687074476,22
252,8,21,71,8,10.00543019554652,13
253,76,17,34,6,9.994247540573088,11
254,111,24,38,9,9.966212518632439,15
255,93,11,70,4,9.928875321549775,7
256,90,14,91,6,9.92521884050834,8
257,87,13,17,5,9.922998390575081,8
258,88,14,30,6,9.922637542624903,8
259,107,30,41,12,9.880991735942342,18
260,84,19,13,8,9.878530031478089,11
261,65,15,96,6,9.851177535683917,9
262,111,20,37,8,9.840471570719451,12
263,54,25,76,10,9.821966207421672,15
264,84,11,80,4,9.807434273803766,7
265,50,25,48,9,9.79758412391437,16
266,93,17,91,6,9.794639196057782,11
267,11,14,46,6,9.787731149203355,8
268,73,21,111,8,9.713634051639158,13
269,98,16,68,4,9.657676259709891,12
270,10,21,86,7,9.655898857397647,14
271,98,26,62,10,9.641858129313677,16
272,41,20,62,7,9.588548331059114,13
273,23,22,89,8,9.576875474490599,14
274,60,21,65,8,9.571951123571171,13
275,98,18,15,7,9.562063446027423,11
276,34,11,86,4,9.500792281967191,7
277,13,11,86,4,9.494734946605222,7
278,6,11,58,4,9.489496457414935,7
279,64,19,86,7,9.463737237263311,12
280,30,27,87,9,9.441306317195094,18
281,6,38,44,15,9.42684133272971,23
282,37,42,86,16,9.39744513090877,26
283,55,22,30,9,9.385734127086305,13
284,86,20,73,7,9.377152492619757,13
285,107,12,7,4,9.343569897698089,8
286,34,13,51,4,9.327179248321166,9
287,86,11,108,4,9.320443832368008,7
288,34,11,38,4,9.304419549994037,7
289,43,14,50,5,9.27474781724881,9
290,84,21,62,8,9.235845718439357,13
291,111,46,54,17,9.235401744617302,29
292,46,15,107,4,9.229701935273749,11
293,63,12,51,5,9.225277491215897,7
294,90,16,41,6,9.176957924654713,10
295,28,14,94,5,9.114148559760046,9
296,93,29,103,11,9.099325117611023,18
297,26,12,32,5,9.09769401619869,7
298,15,12,16,4,9.059606623425509,8
299,37,15,41,6,9.04554650327796,9
300,20,17,85,6,9.004630773775084,11
301,11,23,86,10,9.00110623960404,13
302,74,19,18,7,8.9712615057984,12
303,48,18,111,6,8.93792122942067,12
304,107,20,110,8,8.933567921834609,12
305,63,28,28,10,8.916039326351276,18
306,86,11,39,5,8.910603166031022,6
307,49,16,13,7,8.888211504289158,9
308,1,11,111,5,8.869705750936069,6
309,29,10,76,3,8.806443209825622,7
310,23,24,93,10,8.804783518097919,14
311,11,11,65,5,8.802914251345628,6
312,54,16,80,6,8.796906484485886,10
313,46,14,91,5,8.74835380238617,9
314,74,38,76,14,8.745244698836947,24
315,30,24,37,8,8.742074606758964,16
316,13,28,28,9,8.729974682788011,19
317,41,10,63,3,8.728275875066831,7
318,65,25,50,9,8.726631256466746,16
319,10,32,28,10,8.71590249521479,22
320,74,20,109,8,8.667034425633812,12
321,104,16,76,6,8.627302198470357,10
322,109,12,48,4,8.619529044150651,8
323,84,14,66,5,8.616861190106436,9
324,70,17,88,6,8.613830003289296,11
325,29,22,107,7,8.613463392470166,15
326,1,15,107,6,8.550852993527569,9
327,32,25,9,9,8.53109215537152,16
328,55,27,38,11,8.500284312610692,16
329,98,60,65,22,8.49413981702294,38
330,65,36,48,13,8.491868880953179,23
331,98,21,1,7,8.436557583367685,14
332,2,19,48,8,8.431429514676985,11
333,73,21,10,7,8.419335562342072,14
334,104,13,84,5,8.407689964583597,8
335,106,18,88,6,8.397970188956428,12
336,90,11,89,4,8.396796914570167,7
337,20,39,9,13,8.396666554749325,26
338,55,53,87,19,8.386788229967664,34
339,77,12,8,4,8.373441110755328,8
340,35,11,20,4,8.313016014822018,7
341,76,18,41,7,8.284971187696902,11
342,65,12,58,6,8.279172093518044,6
343,17,30,8,11,8.267140148743708,19
344,111,14,17,6,8.239799794462428,8
345,26,10,16,4,8.231874067384071,6
346,2,37,86,13,8.226316013719446,24
347,85,10,46,3,8.219708905443785,7
348,87,24,51,10,8.200429685364442,14
349,32,24,41,10,8.170536046764159,14
350,26,44,87,17,8.146474895568335,27
351,107,18,109,7,8.141176766481435,11
352,98,37,76,14,8.140203678364204,23
353,106,15,109,6,8.139667003965808,9
354,19,14,9,6,8.117304295019109,8
355,54,39,41,14,8.096759700478561,25
356,2,46,65,16,8.09131482146227,30
357,87,11,56,4,8.0871242477829,7
358,30,15,10,5,8.08039942607508,10
359,6,12,13,5,8.074590184679876,7
360,93,14,75,6,8.060889694277078,8
361,13,22,8,8,8.054761378395103,14
362,55,18,91,6,8.02573083157263,12
363,110,11,28,5,7.99182567988978,6
364,109,12,37,5,7.972273664149992,7
365,111,27,86,11,7.962255850113393,16
366,20,20,23,7,7.928231485838512,13
367,74,27,88,9,7.895683127849934,18
368,1,16,55,6,7.8911836307920025,10
369,109,30,9,12,7.889736540676636,18
370,74,11,12,5,7.8813359238936185,6
371,80,14,107,4,7.869667553823043,10
372,20,18,49,7,7.854535242795636,11
373,38,21,86,7,7.843933921356488,14
374,23,25,37,9,7.79615499183922,16
375,85,10,6,4,7.790183570433162,6
376,88,19,57,8,7.788961359506542,11
377,68,12,87,5,7.779357536999487,7
378,16,18,96,6,7.77066275991908,12
379,74,24,38,10,7.767139399795091,14
380,29,13,109,5,7.7648215544268036,8
381,41,23,86,9,7.748601702775839,14
382,103,15,109,5,7.74806703390503,10
383,30,19,70,7,7.739756109183135,12
384,111,14,85,5,7.729378570457984,9
385,23,11,59,4,7.703199044299857,7
386,71,10,30,4,7.697965933449675,6
387,3,11,84,5,7.689057478118829,6
388,50,19,20,8,7.663029216139786,11
389,87,16,34,6,7.640142491832506,10
390,55,21,76,9,7.629988062190021,12
391,84,30,10,12,7.620608168656018,18
392,2,12,51,5,7.607189009680265,7
393,18,18,84,7,7.585204254692915,11
394,93,33,84,12,7.552169826266673,21
395,18,15,2,6,7.546857580328141,9
396,8,57,76,22,7.539034585297876,35
397,37,17,2,7,7.507204713409891,10
398,43,19,87,7,7.5001879241242175,12
399,39,10,28,3,7.4964272810639105,7
400,93,37,54,12,7.494158499009498,25
401,19,11,37,5,7.487512685271381,6
402,111,30,32,13,7.463790988299924,17
403,19,11,28,4,7.459905289768759,7
404,70,10,85,4,7.450454709233595,6
405,84,54,48,22,7.443290260907536,32
406,93,47,28,18,7.44121106270095,29
407,5,14,63,6,7.43334778268016,8
408,79,26,106,11,7.427173131628631,15
409,103,29,74,10,7.419118005067162,19
410,41,13,49,4,7.406139067429071,9
411,26,25,109,9,7.375408449163936,16
412,98,11,112,5,7.3696956099544275,6
413,34,18,74,7,7.3607062055480235,11
414,54,21,10,8,7.316914939103651,13
415,91,36,41,13,7.300459692535227,23
416,2,20,34,8,7.293049000876174,12
417,46,11,2,4,7.277934272960428,7
418,30,10,73,4,7.27524129591905,6
419,55,45,98,17,7.256631484213652,28
420,91,18,50,6,7.2418942506008674,12
421,10,19,76,8,7.223608714939963,11
422,111,13,34,6,7.201437198359541,7
423,57,12,10,5,7.192682016161463,7
424,84,42,76,19,7.185450456544011,23
425,104,31,28,11,7.179478028958356,20
426,5,11,6,4,7.175117705775805,7
427,91,10,96,4,7.1724396488654305,6
428,90,12,70,4,7.158523730695325,8
429,16,16,89,6,7.102664218068734,10
430,8,13,35,6,7.091208332013396,7
431,10,10,13,5,7.081545477709261,5
432,98,24,34,8,7.0691518153654185,16
433,13,24,79,8,7.0451809154256715,16
434,98,20,11,8,7.041751318141553,12
435,59,19,79,8,7.0352036880537865,11
436,111,20,6,8,7.01838566892247,12
437,8,48,93,18,7.017566439579715,30
438,90,19,6,8,7.0034906221582,11
439,39,10,107,4,6.993461980446467,6
440,46,18,8,7,6.992942507225589,11
441,79,11,101,5,6.9908614259308735,6
442,1,18,8,8,6.976807780569815,10
443,65,27,32,11,6.9742130878923945,16
444,73,10,68,4,6.95394987102174,6
445,30,15,76,5,6.939385084561165,10
446,18,25,79,11,6.9323311923462425,14
447,57,12,74,4,6.9176042424257504,8
448,106,12,34,5,6.911634944562736,7
449,8,36,38,14,6.910326910265974,22
450,65,18,68,8,6.89592459737167,10
451,89,11,87,4,6.890327484533061,7
452,2,19,73,8,6.88922048991821,11
453,63,34,48,13,6.871723075976833,21
454,14,13,65,5,6.864176953366238,8
455,16,80,86,31,6.828972768016326,49
456,28,11,64,5,6.82253762472366,6
457,32,26,79,10,6.821690929992381,16
458,88,21,6,8,6.808639243885847,13
459,76,39,28,16,6.804995058327358,23
460,16,25,85,10,6.790728536327192,15
461,93,14,43,5,6.79067137162001,9
462,55,35,20,15,6.786443158254519,20
463,73,13,93,5,6.746815708884676,8
464,111,42,41,18,6.742879314894578,24
465,2,36,41,13,6.732225074181361,23
466,84,36,2,15,6.728378551782848,21
467,16,74,9,27,6.72699969228074,47
468,16,35,74,13,6.725326314137958,22
469,89,11,74,5,6.7140175484003635,6
470,79,18,62,8,6.70668334197217,10
471,55,18,37,7,6.702819421850529,11
472,74,16,49,7,6.669033870592301,9
473,50,14,37,6,6.655052028100278,8
474,51,21,48,7,6.631548697206318,14
475,23,14,18,5,6.63118753114106,9
476,70,21,65,8,6.590792438337791,13
477,8,55,48,22,6.564485691807404,33
478,28,54,41,24,6.549671741224454,30
479,14,11,54,4,6.542365287655037,7
480,79,18,70,9,6.541994947083337,9
481,87,25,18,9,6.500921078177537,16
482,73,36,9,15,6.4959532992484235,21
483,17,10,10,4,6.479497194252798,6
484,106,20,20,10,6.474134463348747,10
485,32,16,86,7,6.471177759830174,9
486,55,34,54,12,6.445304702920418,22
487,30,16,49,7,6.431109058286171,9
488,12,14,28,5,6.429365216940004,9
489,50,19,73,9,6.385008192916682,10
490,15,14,84,5,6.375647385580588,9
491,103,22,88,8,6.368772240906124,14
492,31,10,28,4,6.368565836830035,6
493,90,13,104,6,6.344098112647823,7
494,106,13,9,5,6.321323922487702,8
495,62,19,54,7,6.312055934230411,12
496,2,15,75,6,6.304051551682389,9
497,6,40,28,16,6.2836176921265,24
498,111,15,44,6,6.282001615200402,9
499,107,33,2,14,6.279480132521573,19
500,86,31,20,13,6.261799608752032,18
501,37,18,20,7,6.246922639849088,11
502,50,19,23,9,6.246016408138442,10
503,88,16,38,7,6.235153732947733,9
504,8,24,57,10,6.231916416163357,14
505,16,14,108,6,6.212630572758722,8
506,107,21,34,9,6.211702849908707,12
507,107,30,6,12,6.1621070209550295,18
508,49,23,65,10,6.14761804416803,13
509,111,11,56,4,6.133528731729061,7
510,87,45,41,20,6.130516050826405,25
511,51,14,107,5,6.119321444960711,9
512,68,10,55,5,6.1081482212338845,5
513,28,80,9,35,6.091005422770885,45
514,93,15,30,6,6.056393100709427,9
515,54,49,9,20,6.050802275785849,29
516,74,55,65,22,6.019896580662451,33
517,98,48,91,22,6.010481139866045,26
518,49,10,77,5,6.002993751357126,5
519,30,17,107,6,5.992050362775075,11
520,87,37,50,15,5.978280802307982,22
521,20,33,103,11,5.96431634987825,22
522,8,23,49,10,5.962799116224744,13
523,89,25,10,10,5.961935346068015,15
524,26,10,85,4,5.960882730964135,6
525,86,11,82,4,5.945474489082359,7
526,49,30,98,13,5.930886416801632,17
527,76,33,37,12,5.909024236467577,21
528,111,71,65,33,5.901383737891229,38
529,86,12,18,5,5.898212622367466,7
530,54,12,106,5,5.869834053085394,7
531,17,17,16,7,5.868342075872022,10
532,87,52,9,22,5.867901198385369,30
533,41,46,103,16,5.866158066134691,30
534,71,13,87,5,5.8462734336894515,8
535,112,12,50,5,5.843955029488771,7
536,49,28,87,13,5.837138934523044,15
537,46,14,37,6,5.834073346635607,8
538,16,23,20,11,5.8338567557187,12
539,23,16,70,7,5.8314302073461,9
540,65,12,5,5,5.815393542930937,7
541,54,19,112,8,5.8108761897136185,11
542,89,17,84,6,5.806364989397548,11
543,91,22,76,9,5.805724385018095,13
544,28,28,89,12,5.80142983404725,16
545,5,14,86,6,5.789814867253924,8
546,15,23,76,9,5.782831260117769,14
547,32,18,54,7,5.782610489553489,11
548,17,21,84,9,5.769353282302285,12
549,49,24,9,9,5.76893486693949,15
550,5,11,91,6,5.724427643442397,5
551,14,11,48,3,5.715763459513543,8
552,91,41,28,16,5.705675607544519,25
553,54,28,37,10,5.684646340178299,18
554,43,13,9,6,5.682535108763634,7
555,8,13,56,5,5.662090518526135,8
556,90,31,9,13,5.652779456533463,18
557,41,45,9,17,5.6439057397283525,28
558,55,40,9,15,5.642120678966712,25
559,6,10,61,4,5.633845329548251,6
560,54,20,51,9,5.633516022729307,11
561,26,22,29,8,5.630548836449718,14
562,20,11,44,4,5.615461510594532,7
563,9,14,51,6,5.613148737525185,8
564,63,52,65,22,5.601422971133672,30
565,16,24,18,9,5.594394619068029,15
566,87,15,14,6,5.593452507313126,9
567,18,20,48,8,5.575542543556776,12
568,98,12,52,6,5.535281825370716,6
569,86,38,55,17,5.532299525559407,21
570,23,41,8,17,5.530959099012352,24
571,111,36,103,15,5.530917867453256,21
572,54,35,38,14,5.47856504565386,21
573,84,33,88,13,5.450617130747437,20
574,48,35,54,13,5.427497390159443,22
575,48,13,38,5,5.42579677220132,8
576,94,18,20,7,5.424401699040207,11
577,20,26,38,11,5.422962328602487,15
578,55,27,41,13,5.421661683278699,14
579,18,25,9,11,5.420684705901656,14
580,104,17,87,6,5.418907024921248,11
581,90,37,28,15,5.407980269819981,22
582,43,11,103,5,5.4056340195812504,6
583,6,27,20,13,5.3915163015983865,14
584,110,23,65,9,5.3850619906564345,14
585,8,66,41,30,5.38335326188138,36
586,74,23,73,10,5.381257055101065,13
587,6,39,48,17,5.377342390796052,22
588,106,19,11,7,5.361476340597268,12
589,65,11,66,5,5.361243620827198,6
590,54,11,71,4,5.354693946074447,7
591,90,15,17,7,5.305025174909248,8
592,107,10,59,4,5.297733762485309,6
593,104,11,23,5,5.297019179014435,6
594,17,23,79,10,5.280486878224028,13
595,90,23,48,10,5.2776156591373855,13
596,88,37,54,16,5.275598112427002,21
597,63,15,85,7,5.266282773446653,8
598,76,35,48,14,5.264639135669365,21
599,74,12,104,5,5.250027134181312,7
600,87,55,28,23,5.246759399703899,32
601,14,13,79,5,5.225020209971016,8
602,16,16,93,7,5.217988854591054,9
603,55,14,18,6,5.21003106995447,8
604,16,17,57,8,5.190965262638069,9
605,111,10,57,4,5.186942618450884,6
606,104,15,62,6,5.186101581217904,9
607,30,29,8,11,5.181741196459269,18
608,11,17,87,7,5.176735910144514,10
609,20,29,109,10,5.17442027262284,19
610,73,17,88,7,5.173739577448055,10
611,73,24,84,8,5.172867570272621,16
612,28,48,54,20,5.158061629177753,28
613,76,23,35,9,5.157437071859383,14
614,26,38,20,16,5.156160372920298,22
615,75,14,9,5,5.136583522371566,9
616,41,29,89,12,5.128070897369617,17
617,87,31,91,13,5.12269354596261,18
618,103,21,18,9,5.1172633080953505,12
619,70,10,48,4,5.103393723771425,6
620,9,11,1,5,5.096238795529086,6
621,29,25,84,11,5.094046057364016,14
622,23,23,86,10,5.084567183733076,13
623,39,17,63,7,5.052516246166987,10
624,48,18,96,8,5.049834910844428,10
625,79,16,73,7,5.012547822539445,9
626,108,13,63,5,4.996425532523546,8
627,91,37,9,16,4.981773951662844,21
628,89,10,20,4,4.976403038151212,6
629,10,10,59,5,4.967497448599417,5
630,73,10,85,4,4.960807319232127,6
631,106,16,41,7,4.960372389296862,9
632,63,37,86,14,4.951705107059465,23
633,98,50,103,20,4.945713818521071,30
634,75,18,28,8,4.937282522164807,10
635,46,11,103,5,4.9349144398730305,6
636,51,16,79,7,4.928842881668873,9
637,84,31,85,15,4.922650840746779,16
638,93,30,74,11,4.917683135551752,19
639,11,16,48,7,4.898330615406472,9
640,17,14,62,6,4.879527781166455,8
641,62,27,9,11,4.876428914210389,16
642,86,27,88,11,4.870031949208748,16
643,16,22,73,10,4.863726239262455,12
644,38,24,87,10,4.849210013950484,14
645,89,11,109,5,4.829014520032646,6
646,74,12,80,6,4.827940877053677,6
647,88,44,76,20,4.825020915480377,24
648,11,11,51,6,4.818642070993009,5
649,84,16,71,7,4.814735695586892,9
650,55,29,6,10,4.803715742468646,19
651,8,12,39,6,4.797245812540771,6
652,34,10,103,3,4.7904730345691835,7
653,74,24,29,11,4.789077465546291,13
654,70,15,74,6,4.788300486281876,9
655,9,21,89,7,4.786570717016554,14
656,111,10,104,4,4.785383853867563,6
657,84,29,34,11,4.780446789091473,18
658,23,16,26,7,4.7747757947662715,9
659,98,17,94,7,4.761676089313327,10
660,87,38,29,16,4.756132257695766,22
661,28,14,97,7,4.749791544814042,7
662,6,12,32,5,4.741771241477238,7
663,37,13,107,6,4.741223447216745,7
664,16,26,91,11,4.7343759428840775,15
665,11,16,9,7,4.72996023302619,9
666,23,42,98,17,4.71986953427498,25
667,89,24,65,11,4.719339811655218,13
668,109,19,93,8,4.710552248323453,11
669,87,30,76,12,4.70698769924318,18
670,37,41,8,18,4.7000187472787,23
671,46,28,54,11,4.696492010204566,17
672,55,15,90,6,4.68770976754673,9
673,87,15,75,7,4.68733022544958,8
674,26,16,6,6,4.685058896386023,10
675,46,11,18,4,4.678291795136257,7
676,9,17,94,8,4.674479868043111,9
677,41,53,20,21,4.672832095577478,32
678,34,21,109,9,4.6501092447521994,12
679,9,29,88,12,4.640775240739044,17
680,16,23,104,10,4.63379333705212,13
681,84,12,39,6,4.6231931515811615,6
682,86,42,107,18,4.60515208171478,24
683,86,10,15,5,4.60305467364883,5
684,8,101,9,46,4.590254866611679,55
685,6,22,86,10,4.5754436396942,12
686,2,31,6,13,4.57536971568475,18
687,17,15,48,7,4.57243158960934,8
688,2,37,9,17,4.570200756721712,20
689,84,12,44,5,4.567287740540188,7
690,75,23,16,10,4.563833694281337,13
691,79,35,107,14,4.563667127320086,21
692,55,22,32,9,4.561305856484579,13
693,16,28,6,13,4.5581652422222145,15
694,55,17,63,8,4.555889732262362,9
695,74,21,106,10,4.549705086583889,11
696,8,16,96,7,4.548961209547798,9
697,50,13,39,6,4.548306045444576,7
698,90,26,8,11,4.539275050684182,15
699,28,26,17,11,4.527104650820006,15
700,86,13,14,7,4.5235348439430325,6
701,20,86,65,36,4.523427668367042,50
702,111,29,93,14,4.510765206652466,15
703,9,17,59,7,4.5029610514141964,10
704,29,11,62,5,4.502398822563124,6
705,111,29,91,14,4.500138929465921,15
706,29,21,93,9,4.4989593922467,12
707,8,34,109,15,4.496969100534061,19
708,63,27,16,12,4.483061798201042,15
709,79,21,75,8,4.481307871244594,13
710,111,25,15,10,4.472513123100842,15
711,9,42,86,18,4.471433189978505,24
712,37,40,98,17,4.46185157252123,23
713,74,35,107,15,4.435896642118504,20
714,37,23,74,10,4.434678719983253,13
715,16,29,107,12,4.421752842699685,17
716,86,46,76,21,4.411592667563666,25
717,48,12,39,6,4.409523912199052,6
718,29,29,8,13,4.3862864415616,16
719,6,27,91,12,4.3779734566970445,15
720,54,13,89,5,4.375934710162813,8
721,87,11,94,5,4.375015437142173,6
722,90,11,62,5,4.371292877846259,6
723,79,13,44,6,4.35641543376227,7
724,91,14,37,6,4.346807151915276,8
725,14,20,28,7,4.343832047386857,13
726,38,32,9,15,4.337520489331945,17
727,16,66,65,30,4.336633855356834,36
728,35,12,28,5,4.32928906687427,7
729,30,20,48,8,4.312431377271299,12
730,41,20,1,7,4.310885836842606,13
731,85,15,48,6,4.3053632687921874,9
732,8,85,79,41,4.303137084355776,44
733,32,25,98,11,4.297859841525708,14
734,87,25,88,10,4.293791057606334,15
735,46,21,76,8,4.290697960762892,13
736,98,48,84,21,4.290567988042359,27
737,103,34,28,15,4.283445470085917,19
738,28,22,85,10,4.272972553475371,12
739,37,24,88,10,4.265987830661223,14
740,16,43,88,17,4.261578871224798,26
741,58,11,9,4,4.244957448818405,7
742,18,13,49,6,4.243576516469453,7
743,97,11,8,4,4.238412616249588,7
744,16,19,62,8,4.231831363925152,11
745,50,34,103,15,4.223445001067976,19
746,16,12,52,5,4.223312581999777,7
747,55,10,52,5,4.213992615100168,5
748,50,26,38,11,4.210629481734024,15
749,26,24,103,11,4.2106057067079385,13
750,70,22,76,9,4.19015960066655,13
751,26,31,65,14,4.172411189315191,17
752,84,23,38,9,4.170162932302742,14
753,2,16,32,7,4.169077635966495,9
754,44,10,75,4,4.15986118876275,6
755,13,17,20,6,4.158308677021297,11
756,35,14,86,5,4.145135736198837,9
757,20,39,79,17,4.137108731927964,22
758,103,28,54,13,4.131111544590628,15
759,87,57,20,25,4.108344151100899,32
760,75,11,23,5,4.104457342593521,6
761,32,15,38,6,4.090422340111541,9
762,46,10,75,3,4.0884745110941,7
763,16,69,84,31,4.082924009781385,38
764,98,38,50,18,4.075108597079137,20
765,65,10,75,4,4.061741964132056,6
766,111,24,50,10,4.056346583547234,14
767,87,56,79,27,4.04134035206165,29
768,54,10,13,5,4.026874717547941,5
769,71,11,9,5,4.021322013713808,6
770,10,24,48,11,4.007661201519657,13
771,10,11,109,5,4.004247407956422,6
772,98,45,107,19,3.9960773542760277,26
773,26,15,30,9,3.9832431707059897,6
774,104,13,10,6,3.98234198179897,7
775,65,111,9,50,3.979446145588556,61
776,26,26,28,11,3.9790441547640487,15
777,14,11,9,4,3.9753531338355614,7
778,70,31,84,14,3.961928554018208,17
779,93,18,10,7,3.9549788743691674,11
780,23,39,84,18,3.9529498437083554,21
781,6,22,73,11,3.947699618921396,11
782,17,11,34,5,3.9434388890065653,6
783,65,69,54,32,3.928858591790434,37
784,16,44,87,20,3.9093727916352248,24
785,111,39,74,18,3.908635436008302,21
786,94,16,54,8,3.8978006398785645,8
787,48,18,89,8,3.8908343305777393,10
788,38,39,28,18,3.8876478489747184,21
789,23,35,87,15,3.878947369039188,20
790,86,40,48,17,3.875547087950655,23
791,28,60,18,27,3.856508416717437,33
792,38,14,49,7,3.855128614080598,7
793,23,12,34,6,3.853881899354071,6
794,17,16,49,7,3.8354352643495573,9
795,86,63,79,28,3.8328768923138,35
796,50,13,44,6,3.8266269873582996,7
797,23,40,9,18,3.825851357048053,22
798,32,14,91,7,3.8253106560348464,7
799,8,39,62,18,3.8203580499873473,21
800,30,33,86,12,3.8189797321177363,21
801,91,10,75,5,3.815297916319733,5
802,62,11,106,5,3.810041119394636,6
803,20,26,88,11,3.802908223795737,15
804,93,15,18,7,3.8000555745474087,8
805,86,25,96,11,3.7918746862284625,14
806,26,11,110,6,3.7814954576991564,5
807,57,15,55,8,3.7814243990139818,7
808,51,12,50,4,3.7800990421800567,8
809,11,12,84,6,3.7715362491408313,6
810,28,22,49,9,3.761707702389012,13
811,34,16,48,7,3.757100171151603,9
812,12,10,87,5,3.7542048507224997,5
813,57,12,18,4,3.7525453734501917,8
814,74,25,23,12,3.7522629426872345,13
815,8,71,16,30,3.7514366100882657,41
816,10,20,74,8,3.741560720435788,12
817,93,74,65,33,3.7387096294626696,41
818,48,16,41,7,3.7233952099256955,9
819,60,10,87,5,3.716219490276845,5
820,32,14,10,5,3.709056496740225,9
821,84,37,41,15,3.707826473812251,22
822,32,35,8,16,3.704344714378896,19
823,109,17,23,7,3.6771372112100464,10
824,76,18,62,10,3.665603119096149,8
825,86,14,62,8,3.6646334062582624,6
826,57,17,65,6,3.66200460796526,11
827,107,39,9,20,3.6568639580174995,19
828,16,38,37,15,3.653813418657004,23
829,11,13,93,7,3.638432969957416,6
830,54,37,70,17,3.6330290974610886,20
831,10,12,18,4,3.6042571144804363,8
832,106,29,28,12,3.6036961084402037,17
833,93,37,87,16,3.6027270439790913,21
834,54,41,6,16,3.576182334552821,25
835,29,12,46,5,3.5756011188612877,7
836,90,19,54,9,3.5596428529204274,10
837,74,26,6,11,3.551324451472569,15
838,20,32,84,13,3.5442833935533202,19
839,63,20,87,9,3.5305330037865517,11
840,74,38,91,18,3.5258736521170957,20
841,91,15,48,7,3.510341747119144,8
842,65,13,94,6,3.5056909876146594,7
843,84,35,63,15,3.478124168645811,20
844,5,14,8,5,3.4764198977431877,9
845,16,15,34,7,3.460781105392662,8
846,34,27,79,13,3.454080054186641,14
847,86,12,57,6,3.4531517504498637,6
848,34,18,65,9,3.423205526978699,9
849,8,30,63,14,3.418619477878193,16
850,23,17,55,8,3.404295001427899,9
851,32,20,84,8,3.403700726822617,12
852,57,12,6,4,3.4000169565132325,8
853,91,12,18,5,3.399195770216398,7
854,65,16,15,8,3.3963132917863037,8
855,76,14,13,7,3.383197454645703,7
856,104,15,55,7,3.3746149312999796,8
857,90,19,2,9,3.3730708336092663,10
858,90,22,37,10,3.364992042534833,12
859,49,18,6,8,3.361990920437635,10
860,65,27,109,14,3.3617758820453996,13
861,107,56,20,27,3.3549682881411065,29
862,48,24,107,11,3.324639262352747,13
863,111,51,9,25,3.320225202022207,26
864,86,19,85,10,3.3148592503123893,9
865,75,11,76,4,3.3071188013348984,7
866,33,11,28,5,3.303759015094735,6
867,111,22,29,12,3.301334118864207,10
868,74,19,50,9,3.2938750312138994,10
869,35,10,9,5,3.2814605351740482,5
870,90,31,111,13,3.2679216950842256,18
871,59,11,98,5,3.2664563544762513,6
872,46,14,86,6,3.264811717981154,8
873,73,30,65,13,3.2644989461981972,17
874,55,83,8,35,3.2636828555126196,48
875,51,26,8,11,3.2614570414763673,15
876,50,31,86,14,3.258775013581551,17
877,62,28,28,11,3.2557773269494237,17
878,8,80,87,35,3.25520601051518,45
879,76,15,18,6,3.2371919896499475,9
880,49,11,85,5,3.2340490592317157,6
881,55,19,106,8,3.2161809115675513,11
882,48,45,9,19,3.209131837830751,26
883,64,12,84,6,3.2041885529809053,6
884,87,60,86,26,3.2030036029458007,34
885,34,11,90,5,3.1893577063202954,6
886,111,15,75,8,3.1768571401147816,7
887,18,13,88,6,3.1759771370815293,7
888,74,12,108,6,3.1689586707194892,6
889,44,14,8,5,3.1679643082660265,9
890,14,18,8,8,3.164886384508364,10
891,73,16,54,7,3.15458999081358,9
892,13,25,98,9,3.153596256229528,16
893,16,54,98,24,3.1532282189912895,30
894,34,24,28,10,3.144888496647179,14
895,13,14,111,6,3.137242431792204,8
896,91,39,107,16,3.1312128704660815,23
897,104,15,51,7,3.112954444351724,8
898,43,16,65,8,3.0818646979565365,8
899,84,10,52,5,3.070377905456948,5
900,26,17,43,7,3.0481873322386313,10
901,1,15,86,7,3.0234071702801644,8
902,38,18,16,9,3.0174584469144032,9
903,84,38,55,17,3.01546805583361,21
904,63,18,98,9,3.0073208177516255,9
905,51,15,65,7,3.002433018856541,8
906,26,16,89,8,3.0015441091670585,8
907,57,11,109,4,2.9843830658057695,7
908,48,11,108,4,2.963900529529869,7
909,51,21,16,8,2.9622705722069407,13
910,54,11,75,5,2.9498939570669074,6
911,32,33,28,15,2.9362166355349024,18
912,85,20,98,8,2.9230483905619185,12
913,91,19,44,8,2.9196808859177223,11
914,13,29,9,12,2.9131917778567793,17
915,15,21,54,9,2.909263028328593,12
916,49,27,55,15,2.9040234972896877,12
917,2,41,10,18,2.8955248222440733,23
918,30,19,6,7,2.8896247906630976,12
919,111,22,76,12,2.8888180973130932,10
920,76,13,109,4,2.8773626055464465,9
921,90,25,107,12,2.8707019854150553,13
922,13,15,107,6,2.868680431586483,9
923,8,76,54,36,2.865360866158664,40
924,54,21,29,8,2.8437383782919365,13
925,8,88,107,42,2.8401744909904605,46
926,73,20,98,9,2.8332039167724927,11
927,26,47,8,23,2.8321807044990077,24
928,54,21,23,9,2.818710864845722,12
929,103,26,91,14,2.81795550429567,12
930,20,11,66,4,2.8090923176891023,7
931,38,55,65,25,2.8065899103574585,30
932,87,33,54,15,2.7979813043884634,18
933,17,30,103,13,2.786263791329437,17
934,50,15,89,7,2.7678854176457244,8
935,41,40,23,18,2.767380745524291,22
936,2,18,23,9,2.7670043698876174,9
937,90,24,87,10,2.755939182722379,14
938,41,41,38,19,2.750634921689274,22
939,29,27,20,12,2.749937213560607,15
940,48,19,103,9,2.74551902113029,10
941,74,41,86,19,2.7326033248166657,22
942,23,14,29,6,2.7325720738957853,8
943,79,25,89,10,2.7323432784581803,15
944,2,12,66,5,2.7316672474880774,7
945,50,37,55,19,2.7164593279225335,18
946,6,49,79,23,2.7115589937863547,26
947,103,24,55,11,2.703742749314949,13
948,46,27,28,12,2.698112414293377,15
949,74,48,9,21,2.6824004560683736,27
950,23,12,48,6,2.6721896490462043,6
951,65,87,88,39,2.667065950580759,48
952,80,16,106,7,2.662467106801564,9
953,30,25,38,13,2.6609022960305304,12
954,15,14,8,7,2.659395326985167,7
955,70,27,87,12,2.659290912641029,15
956,1,15,65,7,2.656647792254378,8
957,109,17,84,8,2.647899017987723,9
958,30,33,79,14,2.6364689247006474,19
959,84,79,9,34,2.636062111742769,45
960,20,23,73,11,2.6185129464908012,12
961,98,57,54,28,2.6147362809185486,29
962,18,10,38,5,2.612917260417028,5
963,55,12,97,6,2.611398350343413,6
964,51,18,55,8,2.6007805293226247,10
965,98,33,29,16,2.599178855969541,17
966,38,20,112,9,2.5875581099779743,11
967,107,37,50,16,2.575616674647395,21
968,48,35,37,17,2.564870406200917,18
969,90,21,16,10,2.556904125602615,11
970,30,10,11,4,2.556482524063204,6
971,91,41,8,20,2.5454365457229,21
972,49,15,48,8,2.5444991556032637,7
973,98,32,10,15,2.5398512725547144,17
974,10,26,87,13,2.53847837357819,13
975,74,20,55,11,2.533869260717271,9
976,63,10,49,5,2.5291147398136253,5
977,44,14,16,8,2.522508039167435,6
978,65,50,103,21,2.4835688434443703,29
979,52,12,79,5,2.4761549683770885,7
980,26,27,98,15,2.4699465773486544,12
981,10,19,90,8,2.446032075882012,11
982,79,15,35,7,2.4414517126522157,8
983,63,19,88,9,2.4297157289241893,10
984,28,80,16,37,2.4224181508189493,43
985,30,22,29,11,2.421380017436647,11
986,75,13,37,6,2.4195480836051932,7
987,107,24,76,11,2.4112620333596455,13
988,43,22,74,10,2.3993639128069244,12
989,18,18,6,8,2.3903639022739704,10
990,87,28,37,14,2.3721856402542576,14
991,65,24,91,13,2.37035213457978,11
992,79,50,48,24,2.369303171222038,26
993,8,25,68,12,2.35813484080187,13
994,58,12,2,5,2.3563851300758447,7
995,84,71,86,32,2.338435969725922,39
996,41,11,94,5,2.327533953224649,6
997,9,24,70,12,2.3226132239902557,12
998,28,39,37,18,2.3108067440306623,21
999,108,12,107,6,2.2778401474444223,6
1000,20,13,32,6,2.2751108005385445,7
1001,110,13,103,6,2.273244319256744,7
1002,13,10,30,4,2.273061958601036,6
1003,2,36,54,17,2.266311791525705,19
1004,62,18,32,9,2.263686769900323,9
1005,37,40,9,18,2.2628015576501816,22
1006,52,11,8,6,2.257162770789511,5
1007,103,26,87,12,2.244435120608379,14
1008,74,57,28,28,2.2349949672748606,29
1009,30,19,18,8,2.2260639921626733,11
1010,8,11,58,6,2.225895511877211,5
1011,54,12,57,5,2.224387822283533,7
1012,87,16,110,7,2.217613390941449,9
1013,8,28,106,14,2.2101298280894754,14
1014,8,64,86,28,2.206968534697074,36
1015,86,11,89,5,2.1974022229705885,6
1016,73,35,41,16,2.1896111209660925,19
1017,89,18,98,8,2.1800794132028996,10
1018,9,11,15,5,2.1575516880448644,6
1019,18,10,32,5,2.157224109221358,5
1020,29,21,79,10,2.154722811821747,11
1021,16,49,41,24,2.1541831229994863,25
1022,84,44,111,19,2.142252654485593,25
1023,16,37,76,18,2.1381270128695977,19
1024,111,33,26,15,2.137133581510591,18
1025,32,19,50,10,2.1367023944769645,9
1026,86,17,104,9,2.101840185723775,8
1027,11,17,79,10,2.1000015129710556,7
1028,2,15,85,8,2.096764877404634,7
1029,9,17,104,7,2.074620642084027,10
1030,79,37,88,15,2.0647530534302163,22
1031,91,18,10,8,2.053920396033922,10
1032,20,46,98,21,2.0517374400705877,25
1033,38,52,98,24,2.0498657703552294,28
1034,50,47,79,24,2.043868777757167,23
1035,84,72,65,35,2.037917633089768,37
1036,50,12,3,6,2.0377948804903228,6
1037,88,20,93,12,2.03337259421067,8
1038,87,68,65,31,2.031976896806863,37
1039,32,26,16,12,2.021073617693015,14
1040,59,14,8,7,2.010238389237962,7
1041,85,12,66,6,2.002988916691535,6
1042,37,10,71,4,1.989603705819686,6
1043,79,59,37,26,1.9886494787106563,33
1044,57,25,84,11,1.9838455756579165,14
1045,103,13,37,6,1.9837820518429876,7
1046,49,11,29,4,1.9792119029563418,7
1047,54,40,50,17,1.9685166822318956,23
1048,55,40,88,17,1.9632957995288727,23
1049,65,46,86,22,1.9570230556604997,24
1050,98,13,106,7,1.9401901762662823,6
1051,88,30,107,13,1.9398938790572913,17
1052,76,24,6,12,1.937944044447951,12
1053,34,18,20,7,1.9316894236613227,11
1054,62,10,48,4,1.9270832455013291,6
1055,10,13,29,6,1.9268740097605626,7
1056,6,22,37,11,1.9187411338779805,11
1057,74,66,8,32,1.9079079826419596,34
1058,76,10,17,4,1.904894860536603,6
1059,19,15,41,8,1.9044917395497039,7
1060,62,29,87,13,1.8959853967718379,16
1061,18,22,50,11,1.8931976139879358,11
1062,16,12,35,6,1.881008846062058,6
1063,98,27,18,13,1.877022513938192,14
1064,80,17,65,7,1.8710214331299517,10
1065,91,10,39,4,1.864576968002248,6
1066,86,60,54,29,1.8509587831499028,31
1067,86,18,75,8,1.8475379770414249,10
1068,2,30,111,14,1.8367449192872438,16
1069,54,35,79,17,1.8339047649993603,18
1070,23,28,107,13,1.8276795818601932,15
1071,13,23,48,9,1.826962716847497,14
1072,52,13,65,6,1.8219258225521469,7
1073,93,10,85,4,1.8184953609101577,6
1074,9,15,44,9,1.817277039700739,6
1075,87,25,32,13,1.8019631830327207,12
1076,85,13,76,5,1.8000085206097032,8
1077,8,21,75,10,1.7971565748640823,11
1078,30,41,28,19,1.7778543521460957,22
1079,91,21,23,10,1.763456948877457,11
1080,107,21,104,9,1.7432274674115629,12
1081,17,12,30,6,1.7366091011141076,6
1082,70,58,8,29,1.7358583823266793,29
1083,16,29,103,14,1.7358551004647216,15
1084,20,12,5,6,1.7271078605654668,6
1085,76,10,45,5,1.7263356630732685,5
1086,84,49,107,22,1.721198686708916,27
1087,41,57,79,28,1.7119654486461777,29
1088,98,64,2,31,1.7021460905964025,33
1089,37,16,38,8,1.7020262096785106,8
1090,38,11,76,5,1.699907222636557,6
1091,93,26,107,12,1.6992218170224516,14
1092,73,31,8,13,1.6827099795090423,18
1093,91,16,62,8,1.6816681613432138,8
1094,87,12,13,5,1.680290942229875,7
1095,6,43,84,20,1.6603963416889103,23
1096,99,11,41,5,1.6483642965326255,6
1097,8,43,103,18,1.6388984297731046,25
1098,6,49,65,26,1.6288389900978633,23
1099,57,10,70,4,1.6286602443158884,6
1100,61,12,41,6,1.628336008941049,6
1101,103,26,6,11,1.6275337563735748,15
1102,5,16,79,9,1.6063038188326542,7
1103,104,27,8,11,1.5847929007576513,16
1104,76,10,14,5,1.56343838736732,5
1105,9,35,6,16,1.557967815496838,19
1106,84,11,46,5,1.5536654797415743,6
1107,6,21,46,9,1.5348461201360555,12
1108,85,12,38,6,1.5317416798467223,6
1109,28,29,70,15,1.528822200513599,14
1110,63,13,14,6,1.5219308064414174,7
1111,20,34,30,15,1.5084476405259206,19
1112,74,52,84,25,1.5032704959262344,27
1113,1,13,84,6,1.5030861165131688,7
1114,65,77,28,36,1.5022420459271182,41
1115,55,18,43,9,1.4993353058682126,9
1116,8,49,18,23,1.486178193427121,26
1117,2,27,109,11,1.484515892189103,16
1118,65,20,71,9,1.4831854809863998,11
1119,5,11,2,6,1.4830828720803892,5
1120,62,23,2,12,1.45053493375147,11
1121,41,18,18,8,1.4488156792449156,10
1122,50,36,41,18,1.4450486751473977,18
1123,107,11,11,5,1.4430659812518654,6
1124,88,40,28,20,1.4428071062298002,20
1125,98,70,8,33,1.4400631337443104,37
1126,103,10,57,6,1.4334929374709406,4
1127,65,10,3,5,1.425825292351592,5
1128,84,22,96,10,1.42272644115059,12
1129,8,47,20,22,1.420582435666663,25
1130,6,40,98,19,1.4155859140392824,21
1131,51,11,6,4,1.4047930882718538,7
1132,85,15,107,5,1.4027465268810781,10
1133,8,42,50,21,1.3971182132620348,21
1134,51,26,84,11,1.3946044446619845,15
1135,65,34,10,16,1.3889990791790807,18
1136,16,32,10,15,1.3769942516048166,17
1137,23,24,88,11,1.3769043869202309,13
1138,28,52,48,26,1.3709489943903235,26
1139,88,11,51,5,1.3668352390432403,6
1140,23,14,32,8,1.36299015760623,6
1141,16,18,1,9,1.3602664332342813,9
1142,74,12,75,6,1.3554590976430498,6
1143,50,20,29,9,1.3540456886595515,11
1144,111,55,28,26,1.352453576285694,29
1145,5,20,28,10,1.3493326587417727,10
1146,29,18,34,10,1.3490741689669339,8
1147,20,43,28,19,1.3478722546865523,24
1148,76,30,9,14,1.3464329670764867,16
1149,84,75,28,37,1.3281572739401961,38
1150,62,23,88,11,1.3277639684106675,12
1151,55,16,73,8,1.3250772092992573,8
1152,23,25,6,12,1.3241402538193012,13
1153,38,17,106,8,1.3101869215810398,9
1154,54,47,20,21,1.3082635912660832,26
1155,2,26,38,14,1.3015228654551918,12
1156,88,11,104,5,1.284044959434777,6
1157,112,12,109,6,1.2807700475171355,6
1158,26,20,2,10,1.2807486351157238,10
1159,55,12,5,5,1.2717408201175149,7
1160,70,50,98,24,1.2645113460830104,26
1161,55,12,17,6,1.2644044388351476,6
1162,8,24,43,12,1.2491635720553627,12
1163,23,42,65,21,1.2395198214726815,21
1164,14,10,16,4,1.2378356380358335,6
1165,16,51,54,25,1.2330888264862843,26
1166,48,31,55,14,1.215644939535552,17
1167,17,14,54,7,1.2121687634663056,7
1168,13,22,65,9,1.205003904356244,13
1169,8,19,85,10,1.1861465554197632,9
1170,50,23,16,12,1.1818243816176008,11
1171,103,10,1,6,1.178228962480731,4
1172,50,41,2,19,1.1723149758294293,22
1173,109,23,98,11,1.1685291459099245,12
1174,79,76,9,37,1.156057079763386,39
1175,73,25,87,11,1.1555083165045317,14
1176,2,11,44,5,1.1530964006985889,6
1177,96,16,79,7,1.1513538575456803,9
1178,79,27,104,11,1.1505168859403772,16
1179,2,24,88,11,1.1431667929787546,13
1180,79,36,38,17,1.1399672014475488,19
1181,10,13,88,6,1.116078708489712,7
1182,97,10,63,5,1.113626272118395,5
1183,8,24,11,11,1.1119848585601473,13
1184,37,16,62,8,1.1119378473740347,8
1185,29,33,28,16,1.111104248250653,17
1186,16,10,56,4,1.1063673005412145,6
1187,20,23,112,10,1.105711363718498,13
1188,63,29,107,12,1.1045642474182131,17
1189,28,16,96,8,1.102197063487817,8
1190,30,25,84,12,1.1014873070906024,13
1191,2,10,14,5,1.0959529328783628,5
1192,65,41,29,18,1.0863542275741345,23
1193,107,64,28,32,1.0685934078697672,32
1194,76,15,103,6,1.064891024931597,9
1195,34,23,9,12,1.0530539128922707,11
1196,74,16,62,9,1.038357756374001,7
1197,8,92,65,41,1.0360299729293234,51
1198,86,26,91,13,1.0337576457460722,13
1199,54,28,18,13,1.0250295523893804,15
1200,54,30,91,17,1.0219773745110952,13
1201,107,36,103,17,1.0215275466090674,19
1202,90,22,84,11,1.0189289914353545,11
1203,50,13,76,8,1.0154044917487344,5
1204,79,11,94,5,0.999869198006996,6
1205,32,15,74,7,0.9878312338208298,8
1206,41,16,30,8,0.9850557086879019,8
1207,111,16,68,7,0.9831903657030904,9
1208,111,20,46,10,0.9803188811981156,10
1209,103,44,9,24,0.9734466854109779,20
1210,68,10,16,5,0.9723777343104946,5
1211,70,15,50,8,0.9670623069266762,7
1212,10,11,15,6,0.9620268464624092,5
1213,84,28,49,14,0.9573548536710029,14
1214,20,19,68,10,0.9561217863728688,9
1215,20,14,70,6,0.933704217391192,8
1216,85,19,9,8,0.9266510351352133,11
1217,13,11,74,5,0.9258529887550367,6
1218,103,12,89,5,0.9245541578032253,7
1219,79,63,111,29,0.9222403087278062,34
1220,60,11,9,6,0.9156618531106675,5
1221,93,15,49,8,0.9146738839447187,7
1222,30,26,98,11,0.8945913052519345,15
1223,50,17,75,9,0.8886330598797062,8
1224,79,30,93,16,0.8801121352343778,14
1225,29,12,18,7,0.8741742779448103,5
1226,88,23,48,12,0.8691420269150582,11
1227,110,16,38,7,0.8664214429000395,9
1228,65,21,106,10,0.8544195862331218,11
1229,48,36,87,17,0.8422049682665195,19
1230,103,16,32,7,0.8405021181328091,9
1231,111,44,87,22,0.837629282060696,22
1232,50,12,5,6,0.8355366372849052,6
1233,28,30,11,14,0.8249340223313273,16
1234,87,46,84,22,0.8185557762768446,24
1235,63,13,96,6,0.813902533167079,7
1236,109,16,79,8,0.8037643927102174,8
1237,86,44,98,23,0.7963803644953341,21
1238,49,25,54,13,0.7952964242907768,12
1239,98,57,74,29,0.7836006339144945,28
1240,29,25,9,13,0.7771037627191238,12
1241,79,74,84,35,0.7662941726861723,39
1242,112,17,87,9,0.7591685884445001,8
1243,55,12,13,6,0.7567536850396058,6
1244,28,17,73,7,0.7445408150621146,10
1245,37,11,73,5,0.7437455399697707,6
1246,46,12,10,6,0.7362386600396065,6
1247,87,53,107,24,0.7342623560549109,29
1248,85,14,41,7,0.7329420279882578,7
1249,2,38,87,17,0.7210314064467757,21
1250,55,16,34,7,0.7072850076733446,9
1251,51,15,37,7,0.7061423479728058,8
1252,50,60,28,30,0.7023493434521637,30
1253,98,69,79,36,0.6924215661390296,33
1254,41,23,43,11,0.6921842337130496,12
1255,86,77,28,35,0.6806931777985841,42
1256,39,10,16,4,0.676252099870446,6
1257,8,66,2,34,0.6662102238933972,32
1258,37,36,65,17,0.6644076278786955,19
1259,50,23,34,13,0.6618712012138183,10
1260,76,13,20,7,0.6610311160325412,6
1261,96,15,55,7,0.6609023277299629,8
1262,65,33,104,18,0.6526567218920184,15
1263,32,10,30,5,0.6490824873820774,5
1264,91,21,88,10,0.6418498921600013,11
1265,107,38,38,19,0.6364100973350881,19
1266,111,37,20,19,0.6068837109506102,18
1267,79,18,49,8,0.6053065369071557,10
1268,91,43,79,20,0.6044413713691875,23
1269,62,18,38,9,0.6043816495722358,9
1270,87,20,57,10,0.6008668781269118,10
1271,91,24,20,11,0.5981833324333832,13
1272,54,19,3,10,0.596372630298602,9
1273,98,20,101,11,0.594870864776421,9
1274,54,37,107,18,0.5889535415404149,19
1275,15,14,2,7,0.5683026145731128,7
1276,8,69,84,35,0.5615927375138012,34
1277,89,17,111,9,0.5563633904658294,8
1278,65,22,62,12,0.5500070971701462,10
1279,10,18,37,8,0.5468156041706492,10
1280,91,16,109,7,0.5400354078433115,9
1281,11,19,16,10,0.5396980687671015,9
1282,66,13,41,7,0.534743534153649,6
1283,16,51,2,25,0.525770434070558,26
1284,91,13,73,5,0.5133686150476426,8
1285,2,25,30,13,0.5037954043160977,12
1286,65,24,85,13,0.4890240020108274,11
1287,23,16,30,9,0.4884824633855258,7
1288,28,71,79,38,0.48537537838782796,33
1289,32,10,94,5,0.48339556643762405,5
1290,26,39,41,23,0.4754162497584248,16
1291,98,16,58,9,0.4540736471862188,7
1292,43,19,107,9,0.4507488550115603,10
1293,88,18,41,9,0.44177382423880074,9
1294,74,19,63,10,0.4359663592723691,9
1295,26,11,50,6,0.4324180875363617,5
1296,18,26,107,12,0.429900344442799,14
1297,98,33,93,16,0.4249481440030074,17
1298,85,20,54,9,0.42227408911351655,11
1299,96,11,54,6,0.4203802696764918,5
1300,93,16,55,8,0.39897461255756417,8
1301,48,33,98,17,0.3967785099913375,16
1302,8,50,88,25,0.39155858119761916,25
1303,79,42,74,18,0.3831053597484213,24
1304,8,84,28,41,0.3752560383144503,43
1305,79,16,80,8,0.3747455905620363,8
1306,46,15,98,7,0.3640759967683955,8
1307,63,21,106,10,0.36322298397703345,11
1308,30,10,104,4,0.34924327499157465,6
1309,17,14,50,7,0.340792809618303,7
1310,49,17,91,9,0.3285488305810779,8
1311,85,26,79,14,0.32471454085637974,12
1312,11,10,85,6,0.3172500994391079,4
1313,88,32,111,15,0.31153401809271974,17
1314,86,11,66,6,0.2691198516965333,5
1315,37,22,70,11,0.26541516331841886,11
1316,54,44,84,21,0.2633931538816796,23
1317,6,15,50,8,0.25221455967010464,7
1318,103,28,38,14,0.2481523476415201,14
1319,98,18,5,9,0.23991249503077494,9
1320,86,10,80,6,0.23136426710937422,4
1321,88,18,50,8,0.21637443249567034,10
1322,9,24,66,12,0.214435251865133,12
1323,103,13,85,6,0.21041645110054574,7
1324,79,69,16,33,0.20708192255499022,36
1325,91,16,57,9,0.20331294128054944,7
1326,30,22,74,10,0.20088773846185115,12
1327,75,22,84,11,0.1977893844371876,11
1328,29,36,41,18,0.19641039337775912,18
1329,55,43,16,21,0.18988505981579376,22
1330,34,11,1,4,0.18667100823416566,7
1331,55,17,70,8,0.1620901321299596,9
1332,93,20,86,10,0.1616165281959887,10
1333,50,18,11,9,0.16160464462576604,9
1334,111,28,23,15,0.1581620727797386,13
1335,57,14,98,6,0.14718708116915735,8
1336,6,23,112,11,0.14608972875934934,12
1337,70,22,2,10,0.13842008541162054,12
1338,74,45,87,24,0.10800586521596935,21
1339,74,40,41,22,0.1069451118325894,18
1340,6,44,8,21,0.09437629853605566,23
1341,6,29,41,15,0.0941275477253323,14
1342,50,18,63,9,0.08548736725775896,9
1343,65,33,17,16,0.08426322185815655,17
1344,93,33,20,18,0.08368758505146223,15
1345,111,49,55,26,0.08160768943954089,23
1346,86,28,51,14,0.0726375210871397,14
1347,55,61,65,28,0.07234514516671116,33
1348,90,12,13,7,0.07139738029094156,5
1349,106,29,86,14,0.0631569008883137,15
1350,84,26,14,15,0.05843126963561673,11
1351,9,42,98,19,0.04938102254810637,23
1352,29,23,55,10,0.039422511567713675,13
1353,40,14,65,6,0.022138801901295854,8
1354,69,12,28,6,0.011874228565720438,6
1355,48,48,16,24,0.0060620685239879775,24
1356,28,24,44,14,0.005777033075436607,10
1357,26,10,86,5,0.004038355127033889,5
1358,86,10,26,5,-0.004038355127033889,5
1359,44,24,28,10,-0.005777033075437051,14
1360,16,48,48,24,-0.006062068523988162,24
1361,28,12,69,6,-0.011874228565721623,6
1362,65,14,40,8,-0.022138801901296672,6
1363,55,23,29,13,-0.03942251156771319,10
1364,50,50,84,26,-0.041920488873883596,24
1365,98,42,9,23,-0.04938102254810671,19
1366,76,38,65,18,-0.05184006466891194,20
1367,14,26,84,11,-0.05843126963561673,15
1368,86,29,106,15,-0.06315690088831322,14
1369,13,12,90,5,-0.071397380290942,7
1370,51,28,86,14,-0.07263752108713886,14
1371,63,18,50,9,-0.08548736725775896,9
1372,84,47,103,22,-0.09369403051445593,25
1373,41,29,6,14,-0.09412754772533327,15
1374,43,19,20,10,-0.09655439021695145,9
1375,98,63,28,33,-0.09777663764031136,30
1376,41,40,74,18,-0.10694511183258992,22
1377,74,47,54,25,-0.11602595236064492,22
1378,17,17,20,9,-0.12665014758012894,8
1379,111,25,30,13,-0.14558741487159338,12
1380,98,14,57,8,-0.14718708116915735,6
1381,11,18,50,9,-0.16160464462576643,9
1382,86,20,93,10,-0.16161652819598818,10
1383,70,17,55,9,-0.16209013212995918,8
1384,87,34,98,16,-0.1724338468755451,18
1385,17,19,74,10,-0.18384205614173943,9
1386,65,51,107,27,-0.1876823687010682,24
1387,16,37,111,20,-0.1929815390724199,17
1388,84,22,75,11,-0.19778938443718774,11
1389,74,22,30,12,-0.20088773846185182,10
1390,57,16,91,7,-0.2033129412805491,9
1391,85,13,103,7,-0.21041645110054602,6
1392,79,47,76,23,-0.21353395465678998,24
1393,66,24,9,12,-0.2144352518651352,12
1394,50,18,88,10,-0.21637443249567034,8
1395,79,82,65,40,-0.2166730869462607,42
1396,20,16,90,7,-0.21690852948656736,9
1397,80,10,86,4,-0.23136426710937422,6
1398,79,18,57,10,-0.23975285216616626,8
1399,5,18,98,9,-0.23991249503077505,9
1400,38,28,103,14,-0.24815234764151944,14
1401,84,60,37,31,-0.25971568571486026,29
1402,84,44,54,23,-0.26339315388167894,21
1403,70,22,37,11,-0.2654151633184179,11
1404,28,71,2,37,-0.2664464774782691,34
1405,66,11,86,5,-0.2691198516965327,6
1406,10,27,111,13,-0.3114645815059003,14
1407,111,32,88,17,-0.31153401809271863,15
1408,85,10,11,4,-0.31725009943910754,6
1409,91,17,49,8,-0.32854883058107764,9
1410,43,16,98,8,-0.334919329248079,8
1411,104,10,30,6,-0.3492432749915757,4
1412,106,21,63,11,-0.36322298397703345,10
1413,98,15,46,8,-0.364075996768397,7
1414,80,16,79,8,-0.3747455905620361,8
1415,84,23,91,12,-0.37632994706828293,11
1416,65,82,79,43,-0.37898026610188457,39
1417,88,50,8,25,-0.3915585811976193,25
1418,98,33,48,16,-0.3967785099913387,17
1419,55,16,93,8,-0.3989746125575646,8
1420,54,11,96,5,-0.4203802696764918,6
1421,13,12,2,5,-0.4219932083916736,7
1422,54,20,85,11,-0.4222740891135178,9
1423,93,33,98,17,-0.42494814400300696,16
1424,55,43,79,20,-0.4294540083328978,23
1425,28,31,51,16,-0.4325509530784743,15
1426,63,19,74,9,-0.435966359272368,10
1427,41,18,88,9,-0.4417738242388016,9
1428,50,42,9,22,-0.4687802185897801,20
1429,55,58,28,26,-0.4723623832387307,32
1430,79,40,90,18,-0.4783152360099624,22
1431,94,10,32,5,-0.4833955664376234,5
1432,85,24,65,11,-0.4890240020108263,13
1433,30,25,2,12,-0.5037954043160969,13
1434,74,37,2,19,-0.5118816716673071,18
1435,73,13,91,8,-0.5133686150476421,5
1436,23,38,16,19,-0.5164735690806078,19
1437,20,23,110,11,-0.5195268671329448,12
1438,41,13,66,6,-0.5347435341536495,7
1439,41,34,70,17,-0.5370981435199814,17
1440,16,19,11,9,-0.5396980687671018,10
1441,37,18,10,10,-0.5468156041706485,8
1442,62,22,65,10,-0.5500070971701475,12
1443,111,17,89,8,-0.556363390465831,9
1444,49,24,107,13,-0.5883775965859891,11
1445,107,37,54,19,-0.5889535415404155,18
1446,101,20,98,9,-0.5948708647764195,11
1447,3,19,54,9,-0.596372630298603,10
1448,39,10,87,5,-0.5972214062189816,5
1449,23,33,79,18,-0.5991196107820859,15
1450,57,20,87,10,-0.600866878126911,10
1451,38,18,62,9,-0.6043816495722345,9
1452,38,38,107,19,-0.6364100973350874,19
1453,88,21,91,11,-0.6418498921600014,10
1454,6,19,62,11,-0.6431821395568814,8
1455,30,10,32,5,-0.6490824873820789,5
1456,104,33,65,15,-0.6526567218920186,18
1457,29,20,103,10,-0.6578144863835312,10
1458,10,20,107,9,-0.6598239703170072,11
1459,55,15,96,8,-0.6609023277299632,7
1460,20,13,76,6,-0.6610311160325401,7
1461,34,23,50,10,-0.6618712012138183,13
1462,8,63,10,33,-0.6621130971618493,30
1463,65,36,37,19,-0.6644076278786949,17
1464,88,25,46,13,-0.6714981854824822,12
1465,101,15,23,7,-0.6750621504160544,8
1466,16,10,39,6,-0.6762520998704448,4
1467,28,77,86,42,-0.6806931777985865,35
1468,37,15,51,8,-0.7061423479728067,7
1469,107,39,55,22,-0.7077120063917266,17
1470,74,27,46,15,-0.7141772437171631,12
1471,8,71,111,34,-0.7317959121668131,37
1472,41,14,85,7,-0.7329420279882578,7
1473,10,12,46,6,-0.7362386600396065,6
1474,73,11,37,6,-0.7437455399697719,5
1475,73,17,28,10,-0.7445408150621152,7
1476,13,12,55,6,-0.7567536850396056,6
1477,87,17,112,8,-0.7591685884445006,9
1478,2,13,94,6,-0.7637408937458072,7
1479,74,57,98,28,-0.7836006339144942,29
1480,103,39,23,19,-0.7910274741071583,20
1481,98,44,86,21,-0.7963803644953328,23
1482,79,16,109,8,-0.8037643927102165,8
1483,96,13,63,7,-0.8139025331670786,6
1484,84,46,87,24,-0.818555776276845,22
1485,11,30,28,16,-0.8249340223313266,14
1486,91,25,30,14,-0.8290044271419152,11
1487,5,12,50,6,-0.8355366372849061,6
1488,91,21,29,10,-0.8357535316372816,11
1489,87,36,48,19,-0.8422049682665212,17
1490,106,21,65,11,-0.8544195862331221,10
1491,10,51,79,29,-0.8544891772527285,22
1492,87,45,74,22,-0.8585550945666907,23
1493,38,18,91,10,-0.8605561818804589,8
1494,38,16,110,9,-0.8664214429000391,7
1495,48,23,88,11,-0.8691420269150538,12
1496,79,43,55,24,-0.8731011693439991,19
1497,18,12,29,5,-0.8741742779448094,7
1498,39,12,65,6,-0.8833442404940938,6
1499,85,18,74,9,-0.8842572167875924,9
1500,75,17,50,8,-0.8886330598797059,9
1501,49,15,93,7,-0.9146738839447184,8
1502,111,29,18,15,-0.9151185639276579,14
1503,9,11,60,5,-0.9156618531106686,6
1504,89,12,103,7,-0.9245541578032253,5
1505,9,19,85,11,-0.9266510351352133,8
1506,70,14,20,8,-0.9337042173911918,6
1507,49,28,84,14,-0.9573548536710035,14
1508,15,11,10,5,-0.9620268464624092,6
1509,50,15,70,7,-0.9670623069266775,8
1510,16,10,68,5,-0.9723777343104946,5
1511,68,16,111,9,-0.9831903657030906,7
1512,30,16,41,8,-0.9850557086879017,8
1513,74,34,20,17,-0.9993227738016515,17
1514,94,11,79,6,-0.9998691980069959,5
1515,23,39,103,21,-1.0026838414995893,18
1516,37,60,84,30,-1.0062425640391262,30
1517,76,13,50,5,-1.0154044917487335,8
1518,41,13,75,7,-1.0160682715228835,6
1519,84,22,90,11,-1.0189289914353536,11
1520,91,30,54,13,-1.021977374511096,17
1521,18,28,54,15,-1.02502955238938,13
1522,98,32,90,17,-1.0267736789331345,15
1523,91,26,86,13,-1.0337576457460727,13
1524,103,10,75,5,-1.035188460357086,5
1525,112,10,8,5,-1.0357746876565699,5
1526,62,16,74,7,-1.0383577563740003,9
1527,89,13,6,6,-1.0487640819634654,7
1528,103,15,76,9,-1.0648910249315973,6
1529,107,51,65,25,-1.0672195920832455,26
1530,73,20,103,10,-1.0728746625988024,10
1531,29,41,65,23,-1.0863542275741362,18
1532,14,10,2,5,-1.0959529328783617,5
1533,84,25,30,13,-1.1014873070906033,12
1534,96,16,28,8,-1.102197063487818,8
1535,107,29,63,17,-1.1045642474182131,12
1536,56,10,16,6,-1.1063673005412131,4
1537,28,33,29,17,-1.111104248250654,16
1538,62,16,37,8,-1.111937847374034,8
1539,11,24,8,13,-1.111984858560148,11
1540,63,10,97,5,-1.113626272118395,5
1541,23,41,28,21,-1.118601283133015,20
1542,90,31,65,15,-1.128136180930446,16
1543,88,24,2,13,-1.1431667929787543,11
1544,16,69,79,37,-1.1461232220837207,32
1545,104,27,79,16,-1.1505168859403776,11
1546,79,16,96,9,-1.1513538575456796,7
1547,65,81,41,44,-1.1521295696669458,37
1548,44,11,2,6,-1.1530964006985882,5
1549,87,25,73,14,-1.155508316504531,11
1550,1,10,103,4,-1.178228962480731,6
1551,16,23,50,11,-1.1818243816176015,12
1552,111,49,98,25,-1.1971941446177512,24
1553,107,36,111,18,-1.1978257080625474,18
1554,65,22,13,13,-1.2050039043562446,9
1555,54,14,17,7,-1.212168763466305,7
1556,55,31,48,17,-1.2156449395355515,14
1557,54,51,16,26,-1.2330888264862838,25
1558,16,38,23,20,-1.2347115570675697,18
1559,16,10,14,6,-1.2378356380358353,4
1560,46,12,70,6,-1.2383877522538576,6
1561,84,50,50,25,-1.2510912652103068,25
1562,55,39,107,19,-1.2636195736637004,20
1563,17,12,55,6,-1.2644044388351479,6
1564,98,50,70,26,-1.2645113460830095,24
1565,26,31,9,17,-1.2666160150178518,14
1566,90,40,79,23,-1.2705532967066155,17
1567,5,12,55,7,-1.2717408201175153,5
1568,109,12,112,6,-1.2807700475171353,6
1569,104,11,88,6,-1.2840449594347776,5
1570,106,17,38,9,-1.3101869215810407,8
1571,103,47,84,26,-1.3117535282727075,21
1572,79,69,98,34,-1.3171638313764082,35
1573,90,32,98,16,-1.3246080262099156,16
1574,73,16,55,8,-1.3250772092992573,8
1575,88,23,62,12,-1.3277639684106675,11
1576,28,75,84,38,-1.3281572739401972,37
1577,9,30,76,16,-1.3464329670764872,14
1578,34,18,29,8,-1.3490741689669334,10
1579,28,20,5,10,-1.3493326587417735,10
1580,29,20,50,11,-1.3540456886595518,9
1581,75,12,74,6,-1.355459097643048,6
1582,32,14,23,6,-1.3629901576062295,8
1583,51,11,88,6,-1.3668352390432417,5
1584,59,16,41,9,-1.3704315284875221,7
1585,88,24,23,13,-1.3769043869202289,11
1586,23,15,76,7,-1.3791825091008199,8
1587,65,31,90,17,-1.3800043045554724,14
1588,74,18,90,9,-1.39415986244323,9
1589,84,26,51,15,-1.3946044446619839,11
1590,41,81,65,39,-1.4041433009139985,42
1591,6,11,51,7,-1.4047930882718551,4
1592,84,74,79,40,-1.4102437435490327,34
1593,96,22,84,12,-1.422726441150587,10
1594,3,10,65,5,-1.425825292351591,5
1595,57,10,103,4,-1.43349293747094,6
1596,28,40,88,20,-1.4428071062298002,20
1597,11,11,107,6,-1.4430659812518656,5
1598,2,23,62,11,-1.4505349337514701,12
1599,17,43,98,22,-1.4651649500523514,21
1600,2,11,5,5,-1.48308287208039,6
1601,71,20,65,11,-1.4831854809864005,9
1602,109,27,2,16,-1.4845158921891026,11
1603,84,13,1,7,-1.503086116513169,6
1604,84,52,74,27,-1.5032704959262353,25
1605,62,19,6,9,-1.506313038221411,10
1606,30,34,20,19,-1.5084476405259206,15
1607,98,43,17,23,-1.5166447539243209,20
1608,14,13,63,7,-1.5219308064414179,6
1609,70,29,28,14,-1.5288222005135974,15
1610,38,12,85,6,-1.5317416798467212,6
1611,46,11,84,6,-1.553665479741575,5
1612,6,35,9,19,-1.5579678154968377,16
1613,14,10,76,5,-1.56343838736732,5
1614,29,16,16,9,-1.5836522711307057,7
1615,8,27,104,16,-1.5847929007576513,11
1616,79,16,5,7,-1.6063038188326537,9
1617,79,52,103,26,-1.6096899152923092,26
1618,41,12,61,6,-1.6283360089410486,6
1619,70,10,57,6,-1.628660244315889,4
1620,87,44,111,23,-1.641789170650758,21
1621,79,52,2,27,-1.6438129495322433,25
1622,41,11,99,6,-1.6483642965326255,5
1623,54,47,74,23,-1.6573868321864862,24
1624,84,43,6,23,-1.6603963416889107,20
1625,8,26,34,12,-1.667662307737974,14
1626,84,69,8,35,-1.6772378526789344,34
1627,13,12,87,7,-1.680290942229875,5
1628,62,16,91,8,-1.6816681613432154,8
1629,8,31,73,18,-1.6827099795090414,13
1630,65,61,55,35,-1.6865164954649445,26
1631,23,18,57,10,-1.6948872060166507,8
1632,18,13,20,7,-1.69876804268239,6
1633,107,26,93,14,-1.6992218170224525,12
1634,76,11,38,6,-1.6999072226365548,5
1635,86,24,90,11,-1.700371377025861,13
1636,38,16,37,8,-1.7020262096785124,8
1637,65,38,76,21,-1.7259377131088651,17
1638,45,10,76,5,-1.7263356630732685,5
1639,5,12,20,6,-1.727107860565465,6
1640,16,16,29,8,-1.7271978980205005,8
1641,103,29,16,15,-1.735855100464721,14
1642,8,58,70,29,-1.7358583823266789,29
1643,30,12,17,6,-1.736609101114107,6
1644,104,21,107,12,-1.743227467411562,9
1645,28,41,30,22,-1.777854352146095,19
1646,75,21,8,11,-1.7971565748640816,10
1647,76,13,85,8,-1.8000085206097036,5
1648,32,25,87,12,-1.8019631830327214,13
1649,93,25,6,13,-1.8024437751588966,12
1650,18,11,85,7,-1.8067340182792189,4
1651,44,15,9,6,-1.8172770397007398,9
1652,65,13,52,7,-1.8219258225521469,6
1653,48,23,13,14,-1.8269627168474962,9
1654,107,28,23,15,-1.8276795818601932,13
1655,75,18,86,10,-1.8475379770414249,8
1656,54,60,86,31,-1.8509587831499024,29
1657,39,10,91,6,-1.8645769680022486,4
1658,90,24,86,14,-1.8654989939070072,10
1659,65,17,80,10,-1.8710214331299524,7
1660,35,12,16,6,-1.8810088460620558,6
1661,46,25,88,13,-1.888501814517517,12
1662,50,22,18,11,-1.8931976139879354,11
1663,87,29,62,16,-1.8959853967718374,13
1664,103,14,70,8,-1.9027941936339994,6
1665,41,15,19,7,-1.9044917395497039,8
1666,17,10,76,6,-1.9048948605366014,4
1667,37,22,6,11,-1.9187411338779805,11
1668,48,10,62,6,-1.9270832455013296,4
1669,16,43,55,23,-1.9282158206544904,20
1670,111,71,8,40,-1.9370367529151276,31
1671,6,24,76,12,-1.937944044447951,12
1672,6,25,93,13,-1.9383775932498641,12
1673,106,13,98,6,-1.940190176266284,7
1674,86,46,65,24,-1.9570230556604997,22
1675,46,27,74,13,-1.960314232243549,14
1676,88,40,55,23,-1.963295799528872,17
1677,10,63,8,32,-1.9653037165737905,31
1678,50,40,54,23,-1.9685166822318947,17
1679,28,60,50,31,-1.9778757696635272,29
1680,29,11,49,7,-1.9792119029563418,4
1681,37,13,103,7,-1.9837820518429876,6
1682,84,25,57,14,-1.9838455756579163,11
1683,41,16,34,9,-1.9846654519938336,7
1684,37,59,79,33,-1.9886494787106561,26
1685,8,44,6,24,-1.9887035911204924,20
1686,71,10,37,6,-1.9896037058196856,4
1687,66,12,85,6,-2.002988916691536,6
1688,9,30,10,15,-2.0135222581265264,15
1689,93,20,88,8,-2.033372594210669,12
1690,26,14,73,8,-2.0368384601286986,6
1691,3,12,50,6,-2.0377948804903236,6
1692,65,72,84,37,-2.0379176330897706,35
1693,79,47,50,23,-2.043868777757168,24
1694,98,52,38,28,-2.0498657703552294,24
1695,10,18,91,10,-2.0539203960339205,8
1696,104,17,9,10,-2.0746206420840276,7
1697,28,41,23,22,-2.076585768514958,19
1698,2,52,79,28,-2.0919149974540514,24
1699,85,15,2,7,-2.0967648774046337,8
1700,79,17,11,7,-2.100001512971056,10
1701,104,17,86,8,-2.1018401857237743,9
1702,87,38,2,22,-2.1150735829314953,16
1703,1,15,87,7,-2.138632690920939,8
1704,111,44,84,25,-2.1422526544855915,19
1705,46,13,20,8,-2.151765308535924,5
1706,32,10,18,5,-2.1572241092213575,5
1707,15,11,9,6,-2.1575516880448644,5
1708,28,84,8,45,-2.1789553043905987,39
1709,98,18,89,10,-2.180079413202899,8
1710,89,11,86,6,-2.1974022229705885,5
1711,86,64,8,36,-2.206968534697074,28
1712,106,28,8,14,-2.210129828089476,14
1713,110,16,87,9,-2.2176133909414486,7
1714,57,12,54,7,-2.224387822283533,5
1715,58,11,8,5,-2.2258955118772117,6
1716,18,19,30,11,-2.2260639921626746,8
1717,74,29,26,16,-2.2324393914305243,13
1718,51,31,28,16,-2.25617165575105,15
1719,8,11,52,5,-2.257162770789511,6
1720,9,40,37,22,-2.262801557650182,18
1721,32,18,62,9,-2.2636867699003225,9
1722,54,36,2,19,-2.2663117915257036,17
1723,103,13,110,7,-2.2732443192567455,6
1724,32,13,20,7,-2.2751108005385445,6
1725,107,12,108,6,-2.277840147444422,6
1726,37,39,28,21,-2.310806744030662,18
1727,103,52,79,29,-2.319457331030927,23
1728,70,24,9,12,-2.3226132239902566,12
1729,94,11,41,6,-2.3275339532246493,5
1730,43,23,41,13,-2.3652994967791563,10
1731,48,50,79,26,-2.369303171222037,24
1732,91,24,65,11,-2.370352134579779,13
1733,37,28,87,14,-2.3721856402542576,14
1734,8,70,98,38,-2.395287014341326,32
1735,9,42,50,22,-2.4040878848463185,20
1736,28,58,55,34,-2.407239841868213,24
1737,76,24,107,13,-2.411262033359645,11
1738,37,13,75,7,-2.4195480836051932,6
1739,88,19,63,10,-2.4297157289241897,9
1740,35,15,79,8,-2.4414517126522153,7
1741,90,19,10,11,-2.4460320758820115,8
1742,29,27,6,14,-2.45903121181426,13
1743,79,57,41,30,-2.4682324013019508,27
1744,79,12,52,7,-2.4761549683770894,5
1745,9,44,103,21,-2.4769487250437585,23
1746,28,77,65,42,-2.4794396376748793,35
1747,65,49,6,24,-2.47968083130177,25
1748,20,47,54,27,-2.485454762519845,20
1749,90,18,74,10,-2.492214654704721,8
1750,2,27,91,15,-2.4984888581051337,12
1751,65,12,39,7,-2.5200231243215345,5
1752,74,42,79,25,-2.520717570267713,17
1753,16,14,44,6,-2.5225080391674344,8
1754,76,47,79,26,-2.526760719119433,21
1755,49,10,63,5,-2.5291147398136253,5
1756,87,26,10,13,-2.5384783735781897,13
1757,48,15,49,7,-2.544499155603262,8
1758,8,41,91,21,-2.5454365457229002,20
1759,79,26,85,13,-2.552939527900718,13
1760,11,10,30,6,-2.5564825240632034,4
1761,23,28,111,14,-2.5579342826864977,14
1762,111,27,10,15,-2.561286831397376,12
1763,37,35,48,18,-2.564870406200917,17
1764,50,37,107,21,-2.5756166746473945,16
1765,28,55,111,30,-2.5812802098154153,25
1766,112,20,38,11,-2.5875581099779774,9
1767,29,33,98,17,-2.59917885596954,16
1768,107,24,49,12,-2.600438468942416,12
1769,55,18,51,10,-2.6007805293226243,8
1770,97,12,55,6,-2.6113983503434137,6
1771,38,10,18,5,-2.612917260417027,5
1772,54,57,98,29,-2.6147362809185486,28
1773,84,17,109,9,-2.647899017987722,8
1774,30,25,111,13,-2.6528736151948067,12
1775,63,11,111,6,-2.656681768070538,5
1776,87,27,70,15,-2.659290912641029,12
1777,8,14,15,7,-2.6593953269851673,7
1778,98,49,111,27,-2.661784450073085,22
1779,106,16,80,9,-2.662467106801565,7
1780,111,13,43,8,-2.669621436422116,5
1781,48,12,23,6,-2.6721896490462047,6
1782,49,18,32,9,-2.688514142434056,9
1783,28,27,46,15,-2.6981124142933774,12
1784,10,30,9,17,-2.725511572413539,13
1785,66,12,2,7,-2.7316672474880774,5
1786,29,14,23,8,-2.732572073895786,6
1787,86,41,74,22,-2.732603324816666,19
1788,103,19,48,10,-2.7455190211302885,9
1789,38,41,41,22,-2.750634921689275,19
1790,87,24,90,14,-2.7559391827223796,10
1791,20,29,2,15,-2.758637511681619,14
1792,30,25,91,12,-2.7621840865304956,13
1793,89,15,50,8,-2.767885417645722,7
1794,12,11,8,6,-2.8009343879230215,5
1795,65,55,38,30,-2.806589910357459,25
1796,66,11,20,7,-2.8090923176891023,4
1797,23,21,54,12,-2.81871086484572,9
1798,98,20,73,11,-2.833203916772493,9
1799,18,29,111,16,-2.859497108899379,13
1800,107,25,90,13,-2.870701985415053,12
1801,91,23,84,12,-2.8735927797171086,11
1802,109,13,76,9,-2.877362605546446,4
1803,70,34,41,18,-2.8887876811520856,16
1804,76,22,111,10,-2.8888180973130924,12
1805,2,37,74,20,-2.891184469482633,17
1806,32,18,49,10,-2.892278990328854,8
1807,34,16,6,8,-2.8927905205883553,8
1808,55,27,49,12,-2.9040234972896863,15
1809,54,21,15,12,-2.909263028328594,9
1810,44,19,91,11,-2.9196808859177237,8
1811,98,20,85,12,-2.9230483905619185,8
1812,41,36,29,19,-2.9244119186735795,17
1813,76,15,23,9,-2.940407468731348,6
1814,75,11,54,6,-2.9498939570669056,5
1815,16,21,51,13,-2.9622705722069402,8
1816,108,11,48,7,-2.963900529529869,4
1817,74,18,85,10,-2.978897137377882,8
1818,109,11,57,7,-2.9843830658057695,4
1819,89,16,26,8,-3.0015441091670585,8
1820,65,15,51,8,-3.0024330188565416,7
1821,48,52,28,27,-3.005270580149446,25
1822,98,18,63,9,-3.0073208177516255,9
1823,93,30,79,15,-3.0134454685677112,15
1824,55,38,84,21,-3.0154680558336096,17
1825,8,11,12,6,-3.0172474302587955,5
1826,16,18,38,9,-3.0174584469144037,9
1827,65,92,8,53,-3.0190450516035905,39
1828,86,15,1,8,-3.0234071702801657,7
1829,52,10,84,5,-3.070377905456948,5
1830,65,16,43,8,-3.0818646979565365,8
1831,2,29,20,16,-3.086404952194223,13
1832,51,15,104,8,-3.1129544443517223,7
1833,65,68,87,38,-3.1385094639330045,30
1834,38,36,79,20,-3.1386740959807797,16
1835,28,24,34,14,-3.14488849664718,10
1836,90,10,1,5,-3.14882035881255,5
1837,98,54,16,30,-3.1532282189912895,24
1838,54,16,73,9,-3.1545899908135793,7
1839,8,18,14,10,-3.164886384508363,8
1840,8,14,44,9,-3.1679643082660283,5
1841,108,12,74,6,-3.1689586707194892,6
1842,91,14,17,8,-3.16960980301192,6
1843,88,13,18,7,-3.1759771370815284,6
1844,75,15,111,7,-3.17685714011478,8
1845,90,11,34,6,-3.1893577063202954,5
1846,2,71,28,38,-3.189412400909431,33
1847,86,60,87,34,-3.2030036029457984,26
1848,9,45,48,26,-3.2091318378307516,19
1849,106,19,55,11,-3.2161809115675517,8
1850,107,53,87,31,-3.216439788909126,22
1851,28,43,20,25,-3.2289776188009904,18
1852,85,11,49,6,-3.234049059231714,5
1853,87,15,1,9,-3.235954063691745,6
1854,18,15,76,9,-3.237191989649946,6
1855,107,49,84,28,-3.245515762943307,21
1856,28,28,62,17,-3.2557773269494237,11
1857,107,20,10,12,-3.2577281726849217,8
1858,86,31,50,17,-3.25877501358155,14
1859,8,26,51,15,-3.261457041476366,11
1860,65,30,73,17,-3.264498946198197,13
1861,86,14,46,8,-3.2648117179811544,6
1862,98,11,59,6,-3.2664563544762517,5
1863,111,31,90,18,-3.267921695084226,13
1864,55,49,111,26,-3.2738567627834874,23
1865,9,10,35,5,-3.2814605351740482,5
1866,50,19,74,10,-3.2938750312138994,9
1867,29,22,111,10,-3.301334118864206,12
1868,28,11,33,6,-3.3037590150947365,5
1869,76,11,75,7,-3.3071188013348984,4
1870,85,19,86,9,-3.3148592503123897,10
1871,29,21,2,12,-3.316924897230131,9
1872,107,24,48,13,-3.324639262352747,11
1873,20,34,74,19,-3.3503190272282626,15
1874,57,18,79,9,-3.359905462693975,9
1875,109,27,65,13,-3.3617758820453996,14
1876,6,18,49,10,-3.361990920437636,8
1877,28,63,98,33,-3.3646430186749945,30
1878,37,22,90,12,-3.3649920425348316,10
1879,55,15,104,8,-3.3746149312999796,7
1880,16,80,28,44,-3.379062970477473,36
1881,13,14,76,7,-3.383197454645703,7
1882,8,66,74,36,-3.389343063259877,30
1883,15,16,65,8,-3.396313291786303,8
1884,6,12,57,8,-3.4000169565132334,4
1885,84,20,32,12,-3.403700726822616,8
1886,55,17,23,9,-3.4042950014279,8
1887,88,87,65,49,-3.41125199709239,38
1888,63,30,8,16,-3.41861947787819,14
1889,57,12,86,6,-3.4531517504498637,6
1890,34,15,16,8,-3.4607811053926616,7
1891,79,51,10,25,-3.461171301661281,26
1892,8,14,5,9,-3.4764198977431877,5
1893,63,35,84,20,-3.4781241686458113,15
1894,2,21,29,11,-3.480852033637943,10
1895,41,49,16,26,-3.501070366837183,23
1896,94,13,65,7,-3.505690987614661,6
1897,48,15,91,8,-3.5103417471191447,7
1898,16,11,46,6,-3.5247066219075394,5
1899,26,33,111,19,-3.5276889460712058,14
1900,87,20,63,11,-3.5305330037865503,9
1901,86,71,84,40,-3.5438006021539343,31
1902,84,32,20,19,-3.5442833935533202,13
1903,49,18,79,11,-3.5482844650415624,7
1904,54,19,90,10,-3.5596428529204274,9
1905,98,26,30,16,-3.585419218777317,10
1906,23,15,101,9,-3.591604516250614,6
1907,79,71,28,36,-3.5949863919001803,35
1908,28,29,106,17,-3.6036961084402055,12
1909,18,12,10,8,-3.6042571144804363,4
1910,2,64,98,35,-3.6230074727538932,29
1911,70,37,54,20,-3.6330290974610886,17
1912,93,13,11,6,-3.6384329699574156,7
1913,111,63,79,37,-3.6508286574398943,26
1914,37,38,16,23,-3.6538134186570033,15
1915,6,16,34,9,-3.6598684680509215,7
1916,65,17,57,11,-3.66200460796526,6
1917,62,14,86,6,-3.6646334062582624,8
1918,62,18,76,8,-3.665603119096148,10
1919,23,17,109,10,-3.677137211210047,7
1920,41,37,84,22,-3.7078264738122493,15
1921,10,14,32,9,-3.709056496740224,5
1922,87,10,60,5,-3.716219490276847,5
1923,28,57,74,30,-3.7233949828769197,27
1924,41,16,48,9,-3.723395209925695,7
1925,10,34,65,19,-3.7403807843221304,15
1926,23,25,74,13,-3.752262942687233,12
1927,18,12,57,8,-3.7525453734501912,4
1928,87,10,12,5,-3.754204850722502,5
1929,98,40,6,23,-3.760936191144453,17
1930,49,22,28,13,-3.761707702389012,9
1931,84,12,11,6,-3.7715362491408313,6
1932,50,12,51,8,-3.780099042180057,4
1933,55,15,57,7,-3.7814243990139826,8
1934,110,11,26,5,-3.781495457699158,6
1935,50,15,6,8,-3.7837880734313925,7
1936,96,25,86,14,-3.791874686228462,11
1937,88,37,79,23,-3.794482783159947,14
1938,26,38,79,22,-3.7975031059515727,16
1939,18,15,93,8,-3.8000555745474087,7
1940,88,26,20,15,-3.8029082237957357,11
1941,17,33,65,19,-3.8083990645378307,14
1942,106,11,62,6,-3.8100411193946386,5
1943,98,16,43,9,-3.8123705589147328,7
1944,75,10,91,5,-3.8152979163197345,5
1945,86,33,30,21,-3.8189797321177346,12
1946,62,39,8,21,-3.8203580499873464,18
1947,91,14,32,7,-3.8253106560348464,7
1948,44,13,50,7,-3.8266269873582996,6
1949,79,63,86,35,-3.8328768923137995,28
1950,49,16,17,9,-3.8354352643495577,7
1951,29,21,91,12,-3.840820511726981,9
1952,18,18,41,11,-3.84366102932153,7
1953,50,42,8,23,-3.8526477074222707,19
1954,34,12,23,6,-3.85388189935407,6
1955,49,14,38,7,-3.8551286140805963,7
1956,48,40,86,23,-3.8755470879506504,17
1957,79,43,91,25,-3.876631397218278,18
1958,87,35,23,20,-3.8789473690391887,15
1959,89,18,48,10,-3.8908343305777375,8
1960,54,16,94,8,-3.897800639878564,8
1961,54,69,65,37,-3.928858591790434,32
1962,74,22,43,13,-3.9345782455697673,9
1963,34,11,17,6,-3.9434388890065644,5
1964,73,22,6,11,-3.9476996189213933,11
1965,65,42,23,23,-3.9627458762007683,19
1966,9,11,14,7,-3.9753531338355614,4
1967,26,14,55,8,-3.9805474058369166,6
1968,10,13,104,7,-3.982341981798969,6
1969,30,15,26,6,-3.9832431707059905,9
1970,98,34,87,20,-3.9852020639548185,14
1971,107,45,98,26,-3.9960773542760295,19
1972,79,33,23,17,-4.005580416521516,16
1973,48,24,10,13,-4.007661201519658,11
1974,9,11,71,6,-4.0213220137138075,5
1975,13,10,54,5,-4.0268747175479405,5
1976,23,21,91,12,-4.032612579537057,9
1977,98,23,109,13,-4.0431120330253485,10
1978,10,32,16,18,-4.051397029804468,14
1979,46,21,6,13,-4.0573986299655465,8
1980,10,41,2,24,-4.057775267216063,17
1981,75,10,65,6,-4.061741964132054,4
1982,50,38,98,20,-4.0751085970791365,18
1983,87,80,8,46,-4.0816485905608655,34
1984,23,11,75,6,-4.1044573425935225,5
1985,50,14,17,8,-4.12462157436254,6
1986,86,14,35,9,-4.145135736198837,5
1987,10,16,103,9,-4.145748166667432,7
1988,54,76,8,41,-4.14743496422582,35
1989,20,17,13,11,-4.158308677021297,6
1990,75,10,44,6,-4.15986118876275,4
1991,32,16,2,9,-4.169077635966493,7
1992,38,23,84,14,-4.170162932302742,9
1993,2,41,50,24,-4.170732743099653,17
1994,9,79,84,47,-4.204572431990677,32
1995,34,16,55,10,-4.2079020476799975,6
1996,38,26,50,15,-4.210629481734023,11
1997,2,22,70,13,-4.213700509334899,9
1998,52,10,55,5,-4.213992615100169,5
1999,55,20,74,10,-4.2226050267563995,10
2000,52,12,16,7,-4.223312581999777,5
2001,62,19,16,11,-4.231831363925151,8
2002,85,19,8,10,-4.235296537690964,9
2003,8,11,97,7,-4.238412616249588,4
2004,49,13,18,7,-4.243576516469454,6
2005,2,66,8,35,-4.265068045066808,31
2006,79,35,54,19,-4.285387143638045,16
2007,84,48,98,27,-4.2905679880423575,21
2008,88,25,87,15,-4.293791057606331,10
2009,48,15,85,9,-4.305363268792187,6
2010,41,39,26,18,-4.308213459712551,21
2011,1,20,41,13,-4.310885836842604,7
2012,48,20,30,12,-4.312431377271299,8
2013,28,12,35,7,-4.32928906687427,5
2014,9,32,38,17,-4.337520489331947,15
2015,20,24,91,14,-4.339004700842141,10
2016,28,20,14,13,-4.343832047386856,7
2017,37,14,91,8,-4.346807151915277,6
2018,44,13,79,7,-4.356415433762269,6
2019,2,11,57,7,-4.360321050424336,4
2020,73,23,20,13,-4.36767890333264,10
2021,62,11,90,6,-4.371292877846256,5
2022,94,11,87,6,-4.375015437142172,5
2023,1,10,90,6,-4.375601097645208,4
2024,89,13,54,8,-4.375934710162814,5
2025,8,29,29,16,-4.386286441561601,13
2026,41,36,50,20,-4.39168406813968,16
2027,54,33,87,19,-4.403241992461775,14
2028,20,19,43,10,-4.407702920435093,9
2029,103,20,73,11,-4.408542656876506,9
2030,39,12,48,6,-4.409523912199052,6
2031,107,29,16,17,-4.421752842699686,12
2032,107,30,88,18,-4.429611770240132,12
2033,74,23,37,13,-4.4346787199832525,10
2034,107,35,74,20,-4.435896642118507,15
2035,76,37,16,20,-4.451124010231458,17
2036,58,16,98,8,-4.454073647186219,8
2037,98,40,37,23,-4.4618515725212315,17
2038,110,23,20,13,-4.46357978693552,10
2039,86,42,9,24,-4.471433189978506,18
2040,15,25,111,15,-4.472513123100842,10
2041,75,21,79,13,-4.481307871244594,8
2042,16,27,63,15,-4.483061798201042,12
2043,90,16,20,10,-4.485854880799533,6
2044,93,21,29,12,-4.498959392246701,9
2045,62,11,29,6,-4.502398822563125,5
2046,6,27,29,15,-4.503478704943507,12
2047,9,31,26,16,-4.504387775499666,15
2048,23,40,41,23,-4.507259861409941,17
2049,93,29,111,15,-4.510765206652467,14
2050,85,11,18,5,-4.514791288537011,6
2051,74,15,32,9,-4.519404747582117,6
2052,14,13,86,6,-4.523534843943031,7
2053,8,26,90,15,-4.539275050684183,11
2054,28,33,32,19,-4.541477323608219,14
2055,39,13,50,7,-4.548306045444578,6
2056,96,16,8,9,-4.548961209547797,7
2057,106,21,74,11,-4.549705086583889,10
2058,63,17,55,9,-4.555889732262361,8
2059,32,22,55,13,-4.5613058564845765,9
2060,16,23,75,13,-4.563833694281335,10
2061,44,12,84,7,-4.567287740540188,5
2062,9,37,2,20,-4.570200756721712,17
2063,48,15,17,8,-4.57243158960934,7
2064,86,22,6,12,-4.575443639694201,10
2065,20,17,17,9,-4.57611326270597,8
2066,15,10,86,5,-4.603054673648832,5
2067,107,42,86,24,-4.60515208171478,18
2068,65,74,93,42,-4.615421958229791,32
2069,39,12,84,6,-4.623193151581163,6
2070,104,23,16,13,-4.63379333705212,10
2071,107,26,18,16,-4.6400485949037265,10
2072,109,21,34,12,-4.650109244752197,9
2073,6,25,23,14,-4.658156288767909,11
2074,79,21,29,12,-4.677275321651237,9
2075,75,15,87,8,-4.687330225449579,7
2076,54,28,46,17,-4.696492010204566,11
2077,9,76,79,43,-4.699969329384482,33
2078,76,30,87,18,-4.7069876992431805,12
2079,93,19,109,11,-4.710552248323455,8
2080,65,24,89,13,-4.719339811655218,11
2081,9,16,11,9,-4.7299602330261905,7
2082,91,26,16,15,-4.734375942884079,11
2083,107,13,37,7,-4.741223447216742,6
2084,97,14,28,7,-4.749791544814041,7
2085,29,38,87,22,-4.756132257695764,16
2086,104,10,111,6,-4.78538385386756,4
2087,89,21,9,14,-4.786570717016552,7
2088,74,15,70,9,-4.788300486281874,6
2089,39,12,8,6,-4.79724581254077,6
2090,107,88,8,49,-4.800018264357139,39
2091,9,51,111,27,-4.814055936731913,24
2092,71,16,84,9,-4.814735695586892,7
2093,51,11,11,5,-4.8186420709930085,6
2094,18,60,28,34,-4.822072577769984,26
2095,79,33,30,20,-4.822554590596368,13
2096,76,44,88,24,-4.825020915480377,20
2097,80,12,74,6,-4.827940877053677,6
2098,109,11,89,6,-4.829014520032646,5
2099,28,64,107,35,-4.829045164178792,29
2100,30,16,23,8,-4.860653795176971,8
2101,73,22,16,12,-4.863726239262454,10
2102,88,27,86,16,-4.870031949208747,11
2103,79,49,6,28,-4.8737468593544895,21
2104,9,27,62,16,-4.876428914210389,11
2105,62,14,17,8,-4.879527781166455,6
2106,26,29,74,16,-4.880620777148706,13
2107,10,32,98,18,-4.891232977697764,14
2108,48,16,11,9,-4.898330615406472,7
2109,6,41,54,26,-4.900522402213304,15
2110,9,111,65,63,-4.9218292445336305,48
2111,85,31,84,16,-4.922650840746781,15
2112,79,16,51,9,-4.9288428816688725,7
2113,103,11,46,6,-4.934914439873031,5
2114,28,18,75,10,-4.937282522164807,8
2115,20,37,111,20,-4.9479559141790075,17
2116,98,25,13,17,-4.949730268786989,8
2117,111,36,107,21,-4.95140635788508,15
2118,86,37,63,23,-4.951705107059466,14
2119,41,16,106,9,-4.960372389296861,7
2120,85,10,73,6,-4.960807319232127,4
2121,2,20,26,11,-4.96257712504536,9
2122,16,26,32,15,-4.9645961397192355,11
2123,59,10,10,5,-4.967497448599415,5
2124,20,10,89,6,-4.97640303815121,4
2125,79,56,87,30,-4.987297543247709,26
2126,63,13,108,8,-4.996425532523546,5
2127,73,16,79,9,-5.012547822539443,7
2128,43,13,111,7,-5.0327903736846205,6
2129,103,36,107,21,-5.041185354126945,15
2130,96,18,48,10,-5.0498349108444245,8
2131,63,17,39,10,-5.052516246166989,7
2132,41,16,59,9,-5.075333393683101,7
2133,86,23,23,13,-5.084567183733076,10
2134,84,25,29,14,-5.0940460573640145,11
2135,48,10,70,6,-5.103393723771427,4
2136,87,44,16,25,-5.11331830769021,19
2137,18,21,103,12,-5.117263308095348,9
2138,91,31,87,18,-5.12269354596261,13
2139,111,11,63,6,-5.123399041237538,5
2140,89,29,41,17,-5.128070897369619,12
2141,98,46,20,27,-5.132482663658025,19
2142,9,14,75,9,-5.136583522371566,5
2143,20,47,8,28,-5.13696712403145,19
2144,87,26,103,15,-5.13844337309213,11
2145,35,23,76,14,-5.157437071859384,9
2146,54,48,28,28,-5.158061629177753,20
2147,84,24,73,16,-5.172867570272622,8
2148,84,39,23,22,-5.174802875601986,17
2149,87,17,11,10,-5.176735910144515,7
2150,8,29,30,18,-5.181741196459271,11
2151,62,15,104,9,-5.186101581217904,6
2152,57,10,111,6,-5.186942618450885,4
2153,57,17,16,9,-5.19096526263807,8
2154,93,16,16,9,-5.217988854591054,7
2155,79,13,14,8,-5.225020209971016,5
2156,28,55,87,32,-5.2467593997039,23
2157,104,12,74,7,-5.250027134181312,5
2158,48,35,76,21,-5.2646391356693645,14
2159,85,15,63,8,-5.266282773446651,7
2160,54,37,88,21,-5.275598112427002,16
2161,1,11,34,8,-5.278477611880212,3
2162,79,85,8,45,-5.283730035811252,40
2163,103,30,17,18,-5.294404276815358,12
2164,23,11,104,6,-5.297019179014435,5
2165,59,10,107,6,-5.29773376248531,4
2166,17,15,90,8,-5.30502517490925,7
2167,9,29,13,18,-5.325424236776197,11
2168,20,33,93,17,-5.337773700734238,16
2169,71,11,54,7,-5.354693946074446,4
2170,66,11,65,6,-5.361243620827197,5
2171,11,19,106,12,-5.361476340597268,7
2172,6,13,89,8,-5.362805216014631,5
2173,48,39,6,22,-5.377342390796051,17
2174,73,23,74,13,-5.3812570551010666,10
2175,41,66,8,36,-5.383353261881381,30
2176,20,27,6,14,-5.391516301598387,13
2177,28,37,90,22,-5.407980269819981,15
2178,41,35,73,20,-5.413974250069213,15
2179,87,17,104,11,-5.418907024921249,6
2180,9,25,18,14,-5.420684705901656,11
2181,38,26,20,15,-5.422962328602488,11
2182,20,18,94,11,-5.424401699040208,7
2183,88,33,84,20,-5.450617130747439,13
2184,38,25,30,13,-5.45936332609693,12
2185,20,57,87,33,-5.476420779547767,24
2186,38,35,54,21,-5.478565045653858,14
2187,1,18,16,10,-5.509796251872346,8
2188,65,86,20,51,-5.530261655453969,35
2189,55,38,86,21,-5.532299525559407,17
2190,52,12,98,6,-5.535281825370717,6
2191,74,39,111,22,-5.5496610770339405,17
2192,48,20,18,12,-5.575542543556777,8
2193,55,24,103,14,-5.588813975862993,10
2194,14,15,87,9,-5.593452507313127,6
2195,18,24,16,15,-5.594394619068029,9
2196,51,14,9,8,-5.613148737525185,6
2197,44,11,20,7,-5.615461510594531,4
2198,29,22,26,14,-5.630548836449718,8
2199,29,21,54,14,-5.631822731261375,7
2200,61,10,6,6,-5.633845329548252,4
2201,9,40,55,25,-5.642120678966714,15
2202,9,45,41,28,-5.6439057397283525,17
2203,94,13,2,8,-5.647828404232287,5
2204,9,31,90,18,-5.6527794565334615,13
2205,6,26,103,16,-5.659939287843899,10
2206,91,29,111,16,-5.664784285354977,13
2207,9,13,43,7,-5.682535108763632,6
2208,37,28,54,18,-5.684646340178298,10
2209,8,83,55,51,-5.694219914275894,32
2210,28,41,91,25,-5.705675607544519,16
2211,48,11,14,8,-5.715763459513543,3
2212,9,39,107,20,-5.718733506965886,19
2213,91,11,5,5,-5.724427643442397,6
2214,55,14,26,8,-5.738748859328644,6
2215,9,24,49,15,-5.768934866939488,9
2216,54,18,32,11,-5.782610489553489,7
2217,86,14,5,8,-5.789814867253924,6
2218,73,14,26,7,-5.793757710550314,7
2219,94,12,8,7,-5.79404543544707,5
2220,76,22,91,13,-5.805724385018095,9
2221,84,17,89,11,-5.806364989397548,6
2222,112,19,54,11,-5.8108761897136185,8
2223,5,12,65,7,-5.815393542930937,5
2224,70,16,23,9,-5.8314302073461,7
2225,107,35,79,22,-5.831526430301823,13
2226,37,14,46,8,-5.834073346635607,6
2227,87,28,49,15,-5.837138934523044,13
2228,50,12,112,7,-5.843955029488771,5
2229,87,13,71,8,-5.846273433689453,5
2230,9,52,87,30,-5.867901198385371,22
2231,16,17,17,10,-5.868342075872026,7
2232,106,12,54,7,-5.869834053085394,5
2233,103,34,50,20,-5.870794196365225,14
2234,18,12,86,7,-5.898212622367464,5
2235,37,33,76,21,-5.909024236467577,12
2236,18,27,98,16,-5.93123934771538,11
2237,82,11,86,7,-5.945474489082358,4
2238,10,25,89,15,-5.961935346068012,10
2239,49,23,8,13,-5.962799116224744,10
2240,50,37,87,22,-5.978280802307981,15
2241,23,18,2,10,-5.985551573396107,8
2242,107,17,30,11,-5.992050362775076,6
2243,88,43,16,27,-5.998591353445385,16
2244,77,10,49,5,-6.002993751357126,5
2245,91,18,38,10,-6.003578716041363,8
2246,91,48,98,26,-6.010481139866049,22
2247,98,27,26,14,-6.028495429489334,13
2248,89,25,79,16,-6.066359313406789,9
2249,55,10,68,5,-6.108148221233886,5
2250,107,14,51,9,-6.119321444960712,5
2251,55,37,50,20,-6.121091716889197,17
2252,56,11,111,7,-6.133528731729063,4
2253,112,11,91,6,-6.133971209251461,5
2254,18,49,8,29,-6.162362513671736,20
2255,9,48,74,29,-6.185124533190222,19
2256,28,39,38,22,-6.189691767995496,17
2257,34,21,107,12,-6.211702849908707,9
2258,108,14,16,8,-6.212630572758722,6
2259,38,16,88,9,-6.235153732947734,7
2260,87,37,93,22,-6.245448358046409,15
2261,23,19,50,10,-6.246016408138442,9
2262,20,18,37,11,-6.246922639849087,7
2263,87,24,38,15,-6.25648981898309,9
2264,20,31,86,18,-6.26179960875203,13
2265,76,46,86,26,-6.272046774137338,20
2266,103,50,98,31,-6.27284658273317,19
2267,2,33,107,19,-6.279480132521572,14
2268,44,15,111,9,-6.2820016152004,6
2269,98,42,23,26,-6.2940458772191406,16
2270,2,51,16,30,-6.303412388206122,21
2271,75,15,2,9,-6.304051551682386,6
2272,54,19,62,12,-6.312055934230411,7
2273,9,13,106,8,-6.321323922487702,5
2274,111,30,2,18,-6.328590766591992,12
2275,104,13,90,7,-6.344098112647823,6
2276,28,10,31,6,-6.368565836830035,4
2277,88,22,103,14,-6.368772240906126,8
2278,111,37,16,20,-6.384907661220798,17
2279,65,15,1,9,-6.390639301594812,6
2280,28,14,12,9,-6.429365216940005,5
2281,49,16,30,9,-6.431109058286171,7
2282,8,10,112,6,-6.439047583949824,4
2283,109,34,8,20,-6.441539877112137,14
2284,54,34,55,22,-6.44530470292042,12
2285,9,101,8,58,-6.457930698678457,43
2286,86,16,32,9,-6.471177759830176,7
2287,20,20,106,10,-6.474134463348745,10
2288,8,35,32,20,-6.494741280760348,15
2289,9,36,73,21,-6.495953299248424,15
2290,28,34,103,20,-6.496510604338202,14
2291,18,25,87,16,-6.500921078177539,9
2292,107,39,91,25,-6.515386466143828,14
2293,70,14,103,7,-6.530155528635705,7
2294,57,18,23,10,-6.535348935161005,8
2295,70,18,79,9,-6.541994947083339,9
2296,54,11,14,7,-6.542365287655037,4
2297,41,54,28,30,-6.549671741224456,24
2298,68,25,8,14,-6.551836593531009,11
2299,48,55,8,33,-6.564485691807407,22
2300,8,41,37,24,-6.567307165665831,17
2301,6,19,30,13,-6.571810356539939,6
2302,65,21,70,13,-6.590792438337795,8
2303,48,21,51,14,-6.631548697206318,7
2304,16,21,90,12,-6.632184549525892,9
2305,17,14,91,8,-6.646960274535358,6
2306,37,14,50,8,-6.655052028100278,6
2307,79,27,34,15,-6.659864703175689,12
2308,16,71,8,44,-6.6676648116193675,27
2309,49,16,74,9,-6.6690338705923,7
2310,2,14,15,8,-6.68122325045803,6
2311,65,66,16,38,-6.684000677334938,28
2312,37,18,55,11,-6.702819421850531,7
2313,62,18,79,10,-6.706683341972167,8
2314,54,25,49,14,-6.709179862826327,11
2315,9,25,29,14,-6.70933512946719,11
2316,74,11,89,6,-6.714017548400364,5
2317,74,35,16,22,-6.725326314137961,13
2318,111,14,13,9,-6.729510456907126,5
2319,41,36,2,23,-6.7322250741813585,13
2320,41,42,111,24,-6.742879314894576,18
2321,103,14,13,8,-6.760515343548861,6
2322,91,38,74,22,-6.777305972185329,16
2323,28,39,76,23,-6.80499505832736,16
2324,6,21,88,13,-6.808639243885848,8
2325,84,31,70,18,-6.8146248507645035,13
2326,64,11,28,6,-6.82253762472366,5
2327,86,80,16,49,-6.828972768016331,31
2328,88,13,10,8,-6.861581534296264,5
2329,65,13,14,8,-6.864176953366238,5
2330,48,34,63,21,-6.871723075976834,13
2331,73,19,2,11,-6.88922048991821,8
2332,87,11,89,7,-6.89032748453306,4
2333,68,18,65,10,-6.895924597371667,8
2334,38,26,2,14,-6.8981735478681125,12
2335,85,22,28,13,-6.906329356345953,9
2336,34,12,106,7,-6.911634944562736,5
2337,74,12,57,8,-6.91760424242575,4
2338,76,15,30,10,-6.939385084561165,5
2339,68,10,73,6,-6.95394987102174,4
2340,32,27,65,16,-6.974213087892394,11
2341,101,11,79,6,-6.990861425930873,5
2342,8,18,46,11,-6.992942507225588,7
2343,6,19,90,11,-7.0034906221582,8
2344,34,29,84,19,-7.009777399581457,10
2345,91,26,103,13,-7.011657257024809,13
2346,65,18,34,10,-7.014904843879228,8
2347,93,48,8,30,-7.0175664395797135,18
2348,6,20,111,12,-7.01838566892247,8
2349,9,40,23,24,-7.023066131343451,16
2350,79,19,59,11,-7.0352036880537865,8
2351,11,20,98,12,-7.041751318141549,8
2352,2,19,90,11,-7.054899323538905,8
2353,34,24,98,16,-7.069151815365415,8
2354,13,10,10,5,-7.08154547770926,5
2355,35,13,8,7,-7.091208332013396,6
2356,89,16,16,10,-7.102664218068734,6
2357,103,20,29,12,-7.147753101442872,8
2358,32,16,103,10,-7.165401001930772,6
2359,96,10,91,6,-7.17243964886543,4
2360,6,11,5,7,-7.175117705775805,4
2361,28,31,104,20,-7.179478028958359,11
2362,65,55,74,34,-7.183532944298815,21
2363,76,42,84,23,-7.185450456544011,19
2364,10,12,57,7,-7.192682016161462,5
2365,34,13,111,7,-7.201437198359538,6
2366,6,29,55,20,-7.216182147698299,9
2367,88,29,9,18,-7.216345472997156,11
2368,76,19,10,11,-7.223608714939963,8
2369,8,41,23,25,-7.226225929875295,16
2370,50,18,91,12,-7.2418942506008674,6
2371,65,52,63,31,-7.2472092961796095,21
2372,103,46,41,31,-7.271605624921858,15
2373,73,10,30,6,-7.2752412959190496,4
2374,2,11,46,7,-7.277934272960428,4
2375,34,20,2,12,-7.293049000876174,8
2376,41,36,91,23,-7.3004596925352265,13
2377,10,21,54,13,-7.316914939103655,8
2378,103,16,10,9,-7.341759223830171,7
2379,112,11,98,6,-7.369695609954425,5
2380,88,24,37,15,-7.378135194639771,9
2381,8,12,94,7,-7.380839863701195,5
2382,49,13,41,9,-7.40613906742907,4
2383,75,13,41,7,-7.41688145074682,6
2384,46,20,111,12,-7.420011364572242,8
2385,63,14,5,8,-7.43334778268016,6
2386,65,71,111,40,-7.44315444932928,31
2387,48,54,84,32,-7.443290260907535,22
2388,85,10,70,6,-7.450454709233595,4
2389,28,11,19,7,-7.459905289768759,4
2390,37,11,19,6,-7.4875126852713825,5
2391,54,37,93,25,-7.494158499009497,12
2392,87,19,43,12,-7.500187924124219,7
2393,79,39,20,24,-7.504407336196116,15
2394,2,17,37,10,-7.507204713409891,7
2395,54,28,103,16,-7.519450232339535,12
2396,50,24,111,15,-7.535055018669132,9
2397,84,33,93,21,-7.552169826266673,12
2398,8,47,26,27,-7.578026285413298,20
2399,79,23,17,14,-7.583686995894435,9
2400,84,18,18,11,-7.585204254692911,7
2401,41,45,87,26,-7.5997473042409585,19
2402,9,74,16,48,-7.600656282878167,26
2403,51,12,2,7,-7.607189009680265,5
2404,28,40,6,25,-7.6079577597869825,15
2405,76,21,55,12,-7.629988062190021,9
2406,34,16,87,10,-7.640142491832505,6
2407,74,20,10,13,-7.659112863437717,7
2408,20,19,50,11,-7.663029216139786,8
2409,84,11,3,6,-7.689057478118832,5
2410,30,10,71,6,-7.697965933449675,4
2411,91,27,6,16,-7.70314800639372,11
2412,59,11,23,7,-7.703199044299859,4
2413,85,14,111,9,-7.729378570457982,5
2414,70,19,30,12,-7.7397561091831335,7
2415,74,19,17,11,-7.746897696537681,8
2416,109,15,103,10,-7.74806703390503,5
2417,86,23,41,14,-7.748601702775839,9
2418,20,18,34,12,-7.756275191340679,6
2419,109,13,29,8,-7.7648215544268036,5
2420,96,18,16,12,-7.77066275991908,6
2421,20,56,107,32,-7.771618033255526,24
2422,87,12,68,7,-7.779357536999484,5
2423,57,19,88,11,-7.788961359506542,8
2424,6,10,85,6,-7.79018357043316,4
2425,37,25,23,16,-7.796154991839219,9
2426,13,14,103,8,-7.8059250836921015,6
2427,54,35,48,23,-7.808937415122732,12
2428,86,21,38,14,-7.843933921356487,7
2429,38,36,8,23,-7.848513446954377,13
2430,49,18,20,11,-7.854535242795636,7
2431,9,49,54,30,-7.862767512170962,19
2432,107,14,80,10,-7.869667553823043,4
2433,12,11,74,6,-7.881335923893619,5
2434,9,30,109,18,-7.889736540676633,12
2435,55,16,1,10,-7.891183630792001,6
2436,88,27,74,18,-7.895683127849934,9
2437,107,15,85,11,-7.921459101580465,4
2438,23,20,20,13,-7.928231485838512,7
2439,29,13,10,8,-7.953877306686606,5
2440,86,27,111,16,-7.962255850113394,11
2441,37,12,109,7,-7.972273664149992,5
2442,34,16,41,9,-7.985588983079854,7
2443,46,12,29,8,-7.990068011062898,4
2444,28,11,110,6,-7.99182567988978,5
2445,74,30,93,20,-8.013535302510729,10
2446,84,21,17,13,-8.038508912961888,8
2447,74,11,13,7,-8.04867506694036,4
2448,2,36,84,22,-8.052052669667614,14
2449,8,22,13,14,-8.054761378395103,8
2450,75,14,93,8,-8.060889694277074,6
2451,13,12,6,7,-8.074590184679874,5
2452,10,15,30,10,-8.08039942607508,5
2453,9,14,19,8,-8.117304295019109,6
2454,109,15,106,9,-8.139667003965808,6
2455,76,37,98,23,-8.140203678364204,14
2456,109,18,107,11,-8.141176766481436,7
2457,51,24,87,14,-8.200429685364442,10
2458,46,10,85,7,-8.219708905443785,3
2459,16,10,26,6,-8.231874067384071,4
2460,17,14,111,8,-8.239799794462428,6
2461,76,22,70,14,-8.265440024589829,8
2462,8,30,17,19,-8.267140148743708,11
2463,58,12,65,6,-8.279172093518044,6
2464,41,18,76,11,-8.284971187696902,7
2465,59,17,9,11,-8.305936798720639,6
2466,20,11,35,7,-8.313016014822015,4
2467,2,12,13,8,-8.314885443127363,4
2468,48,23,90,14,-8.31912615081839,9
2469,9,39,20,26,-8.396666554749327,13
2470,89,11,90,7,-8.396796914570167,4
2471,88,18,106,12,-8.397970188956425,6
2472,84,13,104,8,-8.407689964583597,5
2473,10,21,73,14,-8.419335562342074,7
2474,84,69,16,42,-8.425985401928449,27
2475,48,19,2,11,-8.431429514676985,8
2476,1,21,98,14,-8.436557583367687,7
2477,6,26,74,17,-8.451739694728484,9
2478,56,13,8,9,-8.47665012859135,4
2479,98,30,49,18,-8.481939269224359,12
2480,48,36,65,23,-8.49186888095318,13
2481,68,19,20,11,-8.49950046367544,8
2482,34,26,8,17,-8.500284414546929,9
2483,73,19,50,11,-8.522877695723372,8
2484,103,24,26,14,-8.523036763842914,10
2485,29,24,74,14,-8.52989883395505,10
2486,9,25,32,16,-8.53109215537152,9
2487,109,29,20,20,-8.560904924714205,9
2488,10,18,93,12,-8.563863748489084,6
2489,2,12,58,8,-8.58540368974784,4
2490,103,43,8,29,-8.587937533895715,14
2491,107,22,29,15,-8.613463392470168,7
2492,88,17,70,11,-8.613830003289294,6
2493,66,14,84,9,-8.616861190106436,5
2494,48,12,109,8,-8.619529044150653,4
2495,76,16,104,10,-8.627302198470357,6
2496,76,57,8,36,-8.67576878999055,21
2497,46,11,16,7,-8.68716865467983,4
2498,9,37,91,23,-8.696151818842894,14
2499,28,32,10,22,-8.715902495214786,10
2500,70,12,46,7,-8.727825555883067,5
2501,63,10,41,7,-8.728275875066831,3
2502,28,28,13,19,-8.729974682788013,9
2503,20,35,55,21,-8.738108987978196,14
2504,37,24,30,16,-8.742074606758964,8
2505,76,38,74,24,-8.745244698836945,14
2506,91,14,46,9,-8.74835380238617,5
2507,38,15,32,10,-8.75452405688887,5
2508,89,28,28,17,-8.778229865251367,11
2509,20,53,41,35,-8.79255140026366,18
2510,80,16,54,10,-8.79690648448589,6
2511,65,11,11,6,-8.80291425134563,5
2512,93,24,23,14,-8.804783518097919,10
2513,76,10,29,7,-8.806443209825622,3
2514,79,26,32,17,-8.859137187931584,9
2515,111,11,1,6,-8.869705750936069,5
2516,94,17,98,11,-8.877059957058028,6
2517,13,16,49,9,-8.888211504289162,7
2518,39,11,86,6,-8.910603166031022,5
2519,28,28,63,18,-8.916039326351278,10
2520,6,28,16,17,-8.933535995129278,11
2521,110,20,107,12,-8.933567921834605,8
2522,111,18,48,12,-8.93792122942067,6
2523,88,17,73,11,-8.938445459800997,6
2524,48,16,34,10,-8.966500225758807,6
2525,18,19,74,12,-8.971261505798399,7
2526,86,23,11,13,-9.00110623960404,10
2527,85,17,20,11,-9.004630773775084,6
2528,41,15,37,9,-9.045546503277958,6
2529,94,17,9,10,-9.046651199834555,7
2530,16,12,15,8,-9.05960662342551,4
2531,32,12,26,7,-9.09769401619869,5
2532,112,23,6,14,-9.097888193162195,9
2533,57,11,2,6,-9.107338089684553,5
2534,94,14,28,9,-9.114148559760048,5
2535,65,46,2,31,-9.127233696328608,15
2536,41,16,90,10,-9.176957924654713,6
2537,43,24,8,15,-9.183295995535126,9
2538,51,12,63,7,-9.225277491215897,5
2539,107,15,46,11,-9.229701935273749,4
2540,54,46,111,29,-9.235401744617302,17
2541,62,21,84,13,-9.235845718439357,8
2542,79,25,18,15,-9.249685178872355,10
2543,50,14,43,9,-9.27474781724881,5
2544,38,11,34,7,-9.304419549994037,4
2545,108,11,86,7,-9.320443832368007,4
2546,7,12,107,8,-9.343569897698087,4
2547,90,15,55,10,-9.35135918812427,5
2548,8,14,59,9,-9.376826871718674,5
2549,73,20,86,13,-9.377152492619757,7
2550,30,22,55,13,-9.385734127086305,9
2551,86,42,37,26,-9.397445130908768,16
2552,44,38,6,23,-9.426841332729712,15
2553,6,30,107,19,-9.435708851310011,11
2554,87,27,30,18,-9.441306317195094,9
2555,86,19,64,12,-9.463737237263311,7
2556,58,11,6,7,-9.489496457414932,4
2557,86,11,13,7,-9.494734946605222,4
2558,86,11,34,7,-9.50079228196719,4
2559,76,23,15,15,-9.503739473265108,8
2560,28,47,93,30,-9.52165124611565,17
2561,79,38,26,23,-9.536350432091197,15
2562,15,18,98,11,-9.562063446027425,7
2563,65,21,60,13,-9.571951123571171,8
2564,85,25,16,16,-9.572199671326333,9
2565,9,80,28,49,-9.574958318052508,31
2566,89,22,23,14,-9.576875474490599,8
2567,65,60,98,39,-9.578885579734806,21
2568,62,20,41,13,-9.588548331059112,7
2569,91,11,112,7,-9.589326756813396,4
2570,41,27,55,16,-9.622531787318458,11
2571,62,26,98,16,-9.641858129313675,10
2572,112,23,20,15,-9.650609897921214,8
2573,86,21,10,14,-9.65589885739765,7
2574,68,16,98,12,-9.657676259709891,4
2575,91,27,2,16,-9.694693742662338,11
2576,103,36,111,23,-9.751404731703087,13
2577,46,14,11,8,-9.787731149203353,6
2578,91,17,93,11,-9.794639196057782,6
2579,48,25,50,16,-9.79758412391437,9
2580,51,20,54,12,-9.801036066415065,8
2581,80,11,84,7,-9.807434273803766,4
2582,76,25,54,15,-9.82196620742167,10
2583,96,15,65,9,-9.851177535683915,6
2584,13,19,84,11,-9.87853003147809,8
2585,65,31,26,19,-9.884073914474246,12
2586,30,14,88,8,-9.922637542624901,6
2587,17,13,87,8,-9.92299839057508,5
2588,91,14,90,8,-9.92521884050834,6
2589,75,10,103,6,-9.92764617859353,4
2590,70,11,93,7,-9.928875321549777,4
2591,18,14,55,9,-9.949790942140542,5
2592,32,30,111,18,-9.962416908002066,12
2593,38,24,111,15,-9.966212518632437,9
2594,34,17,76,11,-9.994247540573088,6
2595,38,33,29,22,-10.021162687074472,11
2596,29,22,30,13,-10.027782596030615,9
2597,34,14,37,9,-10.040882054419711,5
2598,97,12,9,7,-10.043091409865225,5
2599,30,10,13,7,-10.045810992896937,3
2600,8,18,1,11,-10.088467371686841,7
2601,10,30,84,19,-10.110326059838856,11
2602,106,26,79,16,-10.117740105038752,10
2603,74,29,103,20,-10.120878103689181,9
2604,109,19,55,13,-10.125299163294448,6
2605,62,13,30,8,-10.146431281762988,5
2606,65,23,110,15,-10.151511833678441,8
2607,75,12,48,9,-10.185338411509974,3
2608,38,10,60,6,-10.186949801542625,4
2609,88,39,98,27,-10.20944563301872,12
2610,20,12,52,8,-10.212471754033883,4
2611,87,53,55,35,-10.23170688318447,18
2612,6,16,26,11,-10.241752287967037,5
2613,9,29,17,19,-10.257069894218064,10
2614,71,10,88,7,-10.263450457417434,3
2615,87,10,39,6,-10.267299551613329,4
2616,65,23,49,14,-10.272552098818878,9
2617,106,12,6,7,-10.289436711507506,5
2618,20,16,80,10,-10.304821992178509,6
2619,5,10,104,7,-10.305151002741349,3
2620,79,24,13,17,-10.309807701260615,7
2621,9,23,34,14,-10.326274877348238,9
2622,84,12,64,7,-10.335929294846645,5
2623,79,27,63,18,-10.37770241869829,9
2624,75,10,98,7,-10.422827528026357,3
2625,76,21,46,15,-10.423738421119205,6
2626,51,14,18,9,-10.42518053681612,5
2627,93,12,90,7,-10.444030736195835,5
2628,66,12,79,9,-10.448674909094285,3
2629,76,10,96,7,-10.473454930849595,3
2630,85,13,88,9,-10.474485947559346,4
2631,8,17,110,12,-10.493443474648162,5
2632,86,37,2,25,-10.539313011081308,12
2633,50,14,90,9,-10.544137931863862,5
2634,11,22,55,15,-10.544232401592296,7
2635,32,12,6,8,-10.5718983874489,4
2636,104,10,49,7,-10.571918118353274,3
2637,41,39,54,26,-10.593430312504074,13
2638,5,17,87,11,-10.594673728658039,6
2639,101,10,65,6,-10.616476001261296,4
2640,58,13,38,9,-10.642287291889899,4
2641,11,13,39,10,-10.646218716239577,3
2642,107,10,17,7,-10.673903001060172,3
2643,103,50,65,34,-10.69843242130798,16
2644,85,10,91,5,-10.702453755941068,5
2645,87,10,96,6,-10.7596907498127,4
2646,18,14,23,10,-10.769319649937687,4
2647,23,21,90,14,-10.771826558425428,7
2648,63,11,93,7,-10.80270098596215,4
2649,38,13,48,9,-10.806930719021558,4
2650,41,48,98,30,-10.835326353590224,18
2651,107,19,43,13,-10.867172126163055,6
2652,86,18,49,10,-10.913471544367308,8
2653,62,29,107,18,-10.926616787795936,11
2654,20,38,26,25,-10.94603615247926,13
2655,43,10,30,7,-10.958461383133036,3
2656,107,15,13,11,-10.965897709014325,4
2657,18,11,46,8,-10.999817101952488,3
2658,63,10,18,6,-11.002328341283704,4
2659,6,14,38,10,-11.005398790381081,4
2660,110,12,98,8,-11.026999619900332,4
2661,85,12,10,7,-11.037949468704035,5
2662,50,15,10,10,-11.061080668679153,5
2663,35,18,48,12,-11.064814060189882,6
2664,6,30,87,20,-11.079517220381964,10
2665,2,12,63,8,-11.123429561783263,4
2666,37,19,93,13,-11.13537305772806,6
2667,89,15,8,10,-11.136544141609958,5
2668,20,23,16,14,-11.160395063605563,9
2669,23,17,17,12,-11.173746527216174,5
2670,44,18,65,11,-11.219859746185271,7
2671,96,11,50,7,-11.223821515592277,4
2672,2,11,97,7,-11.226466198459859,4
2673,48,17,93,12,-11.235463842161247,5
2674,109,24,38,16,-11.246292341387843,8
2675,54,34,63,22,-11.264928145637475,12
2676,2,10,39,6,-11.302944205280658,4
2677,80,16,28,10,-11.308008582322735,6
2678,50,25,65,17,-11.312654764635129,8
2679,103,22,2,16,-11.358008021341288,6
2680,48,17,20,12,-11.362684990472752,5
2681,85,15,30,10,-11.375876505138455,5
2682,20,13,46,7,-11.398397116124533,6
2683,17,11,29,8,-11.408647611784017,3
2684,41,20,17,15,-11.462467383182341,5
2685,56,11,87,8,-11.464595779861154,3
2686,28,17,43,12,-11.503038032270851,5
2687,70,28,16,20,-11.54427586863591,8
2688,3,11,74,7,-11.558342441965504,4
2689,102,16,65,10,-11.565057266886953,6
2690,13,18,16,12,-11.568229122492735,6
2691,18,16,65,11,-11.593628436717696,5
2692,103,26,30,18,-11.594512781464298,8
2693,85,10,93,7,-11.596564222959241,3
2694,86,22,70,14,-11.622158138069938,8
2695,88,15,32,11,-11.622595612385652,4
2696,55,18,10,11,-11.634204977110194,7
2697,93,13,73,9,-11.6698926319616,4
2698,1,15,93,11,-11.687642643688712,4
2699,9,23,46,14,-11.712540493367957,9
2700,20,13,18,8,-11.715025972179685,5
2701,62,13,70,8,-11.719880801732709,5
2702,16,21,30,15,-11.724979412879154,6
2703,38,11,80,8,-11.727896658420697,3
2704,76,11,11,7,-11.750022140716602,4
2705,79,10,15,7,-11.756403792330063,3
2706,98,18,104,11,-11.758094591275455,7
2707,106,18,84,11,-11.759279094165112,7
2708,46,14,26,9,-11.785571142877396,5
2709,50,13,110,9,-11.789801735998642,4
2710,103,29,93,19,-11.801085216233043,10
2711,2,25,55,16,-11.807932628931717,9
2712,109,14,50,9,-11.809368464557789,5
2713,9,11,58,8,-11.82226661915616,3
2714,62,15,23,11,-11.828374088275872,4
2715,37,17,85,13,-11.836833776252561,4
2716,108,10,55,7,-11.84620249489241,3
2717,17,26,28,18,-11.85039633513082,8
2718,109,14,43,9,-11.866460109925436,5
2719,87,44,26,29,-11.871386146117102,15
2720,1,11,9,7,-11.88637849875501,4
2721,17,13,18,8,-11.905263091036245,5
2722,104,16,54,11,-11.957642578801543,5
2723,63,11,11,7,-11.97787816502658,4
2724,74,18,34,12,-11.991284031865538,6
2725,9,19,63,12,-11.997572673730792,7
2726,70,11,29,8,-12.030336124564109,3
2727,30,15,93,10,-12.041707290163442,5
2728,19,12,103,8,-12.064157815204576,4
2729,6,18,18,12,-12.078104024118801,6
2730,112,11,79,8,-12.089617166544242,3
2731,103,11,58,8,-12.093407699535737,3
2732,18,12,91,8,-12.136074421735435,4
2733,98,45,55,32,-12.146066080535462,13
2734,41,20,93,15,-12.152619394683914,5
2735,91,23,63,15,-12.157940771550841,8
2736,109,11,10,7,-12.166039484484626,4
2737,91,18,55,13,-12.178409871353962,5
2738,2,15,18,10,-12.18264280532671,5
2739,54,16,11,11,-12.197817241087677,5
2740,50,11,80,9,-12.22528715047203,2
2741,41,24,32,15,-12.295470101415006,9
2742,74,10,51,7,-12.299925807232606,3
2743,26,12,93,8,-12.342400061412198,4
2744,50,20,93,13,-12.385609627032686,7
2745,57,24,8,16,-12.404593522046598,8
2746,62,22,93,15,-12.439036445917942,7
2747,28,11,15,8,-12.485406174562149,3
2748,84,14,15,10,-12.488568021465507,4
2749,48,12,104,9,-12.498145078794368,3
2750,26,16,23,11,-12.527854298941746,5
2751,5,14,37,10,-12.535664321031334,4
2752,109,13,63,10,-12.56236359122035,3
2753,66,15,8,11,-12.57730249455607,4
2754,71,14,98,10,-12.599763195527046,4
2755,98,25,32,17,-12.60897292614075,8
2756,20,27,29,18,-12.614337606616099,9
2757,8,12,3,9,-12.625631089351694,3
2758,50,19,32,12,-12.634950501359127,7
2759,103,33,20,24,-12.666531668869954,9
2760,66,13,107,9,-12.675436620401038,4
2761,70,18,107,12,-12.682033904752588,6
2762,97,11,87,6,-12.69108979690934,5
2763,54,12,39,8,-12.719289008108058,4
2764,75,10,17,7,-12.759002952989487,3
2765,111,21,73,14,-12.761253099258202,7
2766,9,38,93,27,-12.813603627591082,11
2767,109,28,54,19,-12.824426413749991,9
2768,17,14,86,10,-12.845058614378045,4
2769,62,24,55,16,-12.942821418799412,8
2770,43,18,55,12,-13.012921035450152,6
2771,109,16,91,11,-13.072553258007293,5
2772,88,20,90,13,-13.136719221023185,7
2773,52,12,86,9,-13.150274929933458,3
2774,41,30,107,19,-13.154593566297324,11
2775,109,20,74,13,-13.156020067724324,7
2776,103,11,43,7,-13.18571482888933,4
2777,89,10,58,7,-13.242354787086834,3
2778,73,12,89,8,-13.292782754035754,4
2779,90,12,73,9,-13.337519609995004,3
2780,48,27,74,17,-13.450895577876453,10
2781,73,15,13,10,-13.471561712276635,5
2782,37,20,111,13,-13.57504840749371,7
2783,9,25,30,18,-13.586761149710135,7
2784,43,17,26,13,-13.59933768355571,4
2785,109,25,26,18,-13.611213218982535,7
2786,68,13,50,10,-13.666588424464432,3
2787,13,10,37,7,-13.71058873552403,3
2788,109,12,88,9,-13.730907256228043,3
2789,73,16,38,10,-13.771113964229546,6
2790,8,12,77,9,-13.772928583045534,3
2791,43,14,93,10,-13.775006273083642,4
2792,50,11,26,8,-13.83833866908602,3
2793,107,15,1,10,-13.885962760347939,5
2794,109,12,70,9,-13.902253335630233,3
2795,54,27,30,19,-13.923397923845725,8
2796,76,20,63,16,-13.935325978058145,4
2797,50,18,30,12,-13.946822796904751,6
2798,107,35,26,27,-13.95146533006327,8
2799,63,18,37,12,-13.991676902894497,6
2800,75,20,55,14,-14.013733108817094,6
2801,71,21,8,14,-14.080710619469802,7
2802,87,24,106,18,-14.142460326987873,6
2803,112,15,28,10,-14.162036513146953,5
2804,9,21,57,16,-14.205802139668362,5
2805,3,10,28,7,-14.224615619881277,3
2806,8,10,60,7,-14.262033464961128,3
2807,70,12,90,9,-14.290264472561063,3
2808,80,10,55,7,-14.33309852037076,3
2809,88,12,26,8,-14.385453144142543,4
2810,109,23,32,16,-14.41108162475205,7
2811,38,24,74,16,-14.422741656064813,8
2812,65,26,30,19,-14.563622151554522,7
2813,109,17,86,12,-14.602063081104589,5
2814,107,18,32,14,-14.610219857623699,4
2815,13,14,88,8,-14.636848081546901,6
2816,59,14,65,9,-14.654063925888893,5
2817,62,11,49,7,-14.691411076024673,4
2818,17,11,93,8,-14.792328082005685,3
2819,41,13,13,9,-14.878152444409187,4
2820,38,27,55,19,-14.933283660059052,8
2821,38,26,93,18,-14.945048831229197,8
2822,40,14,84,9,-15.139436492633186,5
2823,37,16,57,12,-15.146716279138674,4
2824,18,11,90,8,-15.206260273523743,3
2825,28,26,26,19,-15.211295764909368,7
2826,20,20,62,15,-15.291234725709051,5
2827,6,31,2,22,-15.303923962237263,9
2828,70,17,63,12,-15.423330820666749,5
2829,23,26,10,18,-15.516530866155287,8
2830,106,18,16,13,-15.530666511008812,5
2831,59,10,16,6,-15.561569445873218,4
2832,71,15,62,13,-15.665087208322287,2
2833,73,12,29,9,-15.669782329836792,3
2834,38,15,17,11,-15.678044683298898,4
2835,79,15,46,10,-15.695062063539162,5
2836,51,13,34,10,-15.73874854629926,3
2837,85,10,26,7,-15.738951593013217,3
2838,50,12,104,9,-15.773911417272641,3
2839,62,31,111,23,-15.780695907166118,8
2840,66,14,6,11,-15.817538028688281,3
2841,46,24,87,17,-15.827285394068275,7
2842,76,21,2,15,-15.887194817597921,6
2843,66,12,28,8,-16.011877124422657,4
2844,37,14,17,9,-16.224073122382876,5
2845,85,14,87,11,-16.255207936397188,3
2846,103,11,59,8,-16.266656443008642,3
2847,75,10,46,8,-16.269401887705897,2
2848,109,38,28,28,-16.274626784979056,10
2849,103,13,62,9,-16.299156500586875,4
2850,96,10,49,7,-16.466804604951104,3
2851,106,10,111,8,-16.614986015463362,2
2852,55,13,39,9,-16.616243530697464,4
2853,69,13,26,10,-16.625965123271836,3
2854,71,12,28,10,-16.63851586652194,2
2855,9,13,5,10,-16.7060467975664,3
2856,50,16,106,12,-16.780812650020962,4
2857,107,10,39,7,-16.814267471511418,3
2858,20,20,63,15,-16.834864129500016,5
2859,110,15,74,11,-16.836715903263343,4
2860,23,15,73,11,-16.845082586610527,4
2861,109,32,41,27,-16.8745865282688,5
2862,15,12,38,9,-16.880495720481193,3
2863,76,15,57,11,-16.896472051992507,4
2864,54,13,26,8,-16.93978716229654,5
2865,109,17,73,13,-17.085641782719854,4
2866,73,12,48,9,-17.09396402486424,3
2867,48,11,106,9,-17.19233016351013,2
2868,50,16,62,12,-17.235813943056094,4
2869,28,10,39,8,-17.27449614311299,2
2870,75,18,88,14,-17.35292818957554,4
2871,89,10,37,8,-17.418835616565143,2
2872,49,19,88,15,-17.53203455274144,4
2873,110,10,41,9,-17.607251464829996,1
2874,109,33,87,25,-17.707668471693257,8
2875,9,11,64,8,-17.70787325437998,3
2876,41,12,69,9,-17.91540399207371,3
2877,73,12,107,9,-18.009767759901283,3
2878,10,15,38,12,-18.015221595889397,3
2879,63,10,62,8,-18.031802170985944,2
2880,112,10,49,8,-18.032245939699454,2
2881,76,12,93,9,-18.082770445937008,3
2882,87,13,58,11,-18.244104920146572,2
2883,96,11,46,9,-18.260041150706883,2
2884,46,11,50,9,-18.38039249684114,2
2885,7,13,79,10,-18.40480150019194,3
2886,91,15,34,11,-18.43501821510385,4
2887,6,15,109,11,-18.568483421277442,4
2888,38,24,26,18,-18.614524044017738,6
2889,85,14,55,10,-18.845042881625936,4
2890,28,20,57,16,-18.9179767971545,4
2891,107,11,57,8,-18.94387612691803,3
2892,16,17,49,13,-19.10499490357724,4
2893,1,20,10,16,-19.11679590899215,4
2894,107,12,106,10,-19.319610416810274,2
2895,12,11,6,7,-19.32835940292554,4
2896,38,14,43,10,-19.328461951187712,4
2897,10,19,20,15,-19.474906343573682,4
2898,109,17,111,13,-19.61874690588408,4
2899,30,12,46,9,-19.658771905767804,3
2900,10,13,41,11,-19.737157878272868,2
2901,103,10,34,9,-19.87880862427678,1
2902,98,12,51,9,-20.0679948728163,3
2903,37,12,18,10,-20.1495733097828,2
2904,109,12,110,10,-20.16933250309851,2
2905,10,10,17,8,-20.222695302818984,2
2906,29,13,110,11,-20.526658436069187,2
2907,104,10,37,8,-20.681486856575923,2
2908,52,14,28,12,-21.054527541956734,2
2909,44,11,17,9,-22.072912946241182,2
2910,70,26,111,20,-22.2756769679701,6
2911,94,10,84,9,-22.762013140609877,1
2912,10,10,26,8,-22.77202326046866,2
2913,96,11,11,9,-23.03475113163473,2
2914,41,13,57,11,-23.156162131875274,2
2915,13,10,44,8,-23.349797487914284,2
2916,97,10,65,7,-23.53209680517744,3
2917,89,12,55,10,-23.859507970316177,2
2918,86,15,103,13,-23.967936503754764,2
2919,76,14,90,10,-23.99660276951992,4
2920,10,11,63,9,-24.09658997724639,2
2921,112,11,74,9,-24.423385588541223,2
2922,49,11,26,8,-26.831812890773925,3
2923,107,14,19,13,-26.83982417040145,1
2924,43,10,91,10,-27.34458455824453,0
2925,65,11,64,9,-27.72714931249874,2
