,againstHero,games,hero,losses,shift,wins
0,64,10,65,1,31.455780164415444,9
1,91,10,43,0,27.34458455824453,10
2,103,15,86,2,23.967936503754764,13
3,57,12,41,2,23.379405756490282,10
4,26,10,10,2,22.77202326046866,8
5,84,10,94,1,22.762013140609877,9
6,20,11,85,2,22.58682017719025,9
7,107,11,73,2,22.13453383862815,9
8,17,11,44,2,22.072912946241175,9
9,111,25,70,6,21.76194128198864,19
10,87,29,109,6,21.22636324198765,23
11,74,14,110,3,20.875047711546735,11
12,37,10,104,2,20.681486856575926,8
13,28,10,71,1,20.618030954774138,9
14,64,10,9,2,20.434576500484816,8
15,110,12,109,2,20.16933250309851,10
16,87,11,85,2,19.84968427684578,9
17,41,13,10,2,19.737157878272868,11
18,5,10,9,2,19.535484203654335,8
19,55,12,75,2,19.502608543209234,10
20,110,12,29,2,19.248543702222978,10
21,62,13,50,3,19.2021134597274,10
22,62,12,71,1,19.04348733516107,11
23,26,11,88,3,18.785991491960512,8
24,70,15,86,4,18.585222369284793,11
25,88,15,75,3,18.461574020804573,12
26,79,13,7,3,18.404801500191937,10
27,18,10,37,2,18.37479944857912,8
28,106,12,20,4,18.311540077061185,8
29,58,11,87,2,18.229025747195358,9
30,51,11,98,3,18.11615896281521,8
31,93,13,48,2,18.078353771886377,11
32,55,10,85,3,18.05317512013182,7
33,90,11,76,4,18.0318690370992,7
34,63,13,70,3,17.959510637912523,10
35,41,10,110,1,17.607251464829996,9
36,57,19,28,4,17.559820084625652,15
37,63,13,76,2,17.535738224915978,11
38,88,19,49,4,17.532034552741443,15
39,87,17,46,5,17.514030324475865,12
40,37,10,89,2,17.418835616565147,8
41,26,11,49,4,17.344464565076983,7
42,106,11,87,2,17.088429536387807,9
43,26,13,54,5,16.93978716229654,8
44,43,14,38,5,16.91598228541753,9
45,38,12,15,3,16.880495720481193,9
46,63,13,28,3,16.83915101157232,10
47,73,16,109,4,16.722107664046142,12
48,57,13,76,3,16.71990929044005,10
49,30,13,85,3,16.38402642563884,10
50,62,13,103,4,16.29915650058687,9
51,59,11,103,3,16.266656443008642,8
52,90,12,91,4,16.098702445179015,8
53,55,16,109,4,15.902114621962271,12
54,17,15,38,4,15.678044683298898,11
55,29,12,73,3,15.669782329836798,9
56,16,10,59,4,15.561569445873218,6
57,70,13,88,3,15.44587119057327,10
58,74,11,112,3,15.445414304360199,8
59,90,11,18,3,15.206260273523743,8
60,90,17,88,5,15.203720699131468,12
61,84,14,40,5,15.139436492633184,9
62,57,15,37,4,15.067776643574769,11
63,73,14,23,4,15.06705739412856,10
64,14,10,65,2,15.014185877069243,8
65,9,10,51,3,14.933479318486382,7
66,30,23,65,6,14.922473908669254,17
67,26,24,38,7,14.873702675608982,17
68,93,11,17,3,14.792328082005683,8
69,93,25,38,8,14.706979782976543,17
70,90,11,93,4,14.682520064465667,7
71,88,14,13,6,14.6368480815469,8
72,62,19,20,5,14.584809923949425,14
73,110,11,50,3,14.531978974156038,8
74,111,30,62,9,14.365589379046465,21
75,63,16,79,5,14.33440781504391,11
76,28,10,66,4,14.329185091749263,6
77,86,12,17,3,14.311620358508236,9
78,46,11,91,3,14.304066831342244,8
79,84,10,44,3,14.273373064789189,7
80,106,10,28,2,14.267038541695133,8
81,60,10,8,3,14.262033464961128,7
82,50,12,109,4,14.261856398454313,8
83,110,16,8,4,14.09581292777676,12
84,17,13,37,5,14.003196529897787,8
85,57,20,9,5,13.952239963411898,15
86,46,14,79,5,13.926744437290191,9
87,70,12,109,3,13.902253335630233,9
88,26,33,107,8,13.875366782102597,25
89,55,22,2,7,13.871872112800908,15
90,87,14,5,4,13.851284632052465,10
91,63,10,10,3,13.847715879097754,7
92,54,26,109,8,13.824526520753494,18
93,38,16,73,6,13.771113964229547,10
94,111,16,109,5,13.722443192828694,11
95,37,10,13,3,13.710588735524032,7
96,63,12,86,3,13.68914564901756,9
97,26,13,69,4,13.66583811938565,9
98,84,17,13,6,13.614397809771186,11
99,37,12,5,3,13.593067112324485,9
100,13,15,73,5,13.471561712276639,10
101,107,26,62,9,13.41840886925082,17
102,70,12,74,3,13.332522800110311,9
103,18,13,2,4,13.31796160775977,9
104,89,12,73,4,13.292782754035754,8
105,58,10,89,3,13.242354787086834,7
106,20,11,48,3,13.215007868614988,8
107,64,16,86,5,13.126489420837816,11
108,3,11,8,3,12.917286316124727,8
109,6,14,66,4,12.900366001703459,10
110,54,13,104,4,12.823245238040407,9
111,69,10,41,4,12.786110356364535,6
112,73,11,90,3,12.699639901607053,8
113,28,28,109,9,12.60200219907949,19
114,18,16,84,5,12.53715723328449,11
115,93,22,62,7,12.439036445917942,15
116,20,18,23,5,12.419097927334024,13
117,9,11,97,4,12.349501112253755,7
118,93,12,26,4,12.342400061412198,8
119,55,21,62,8,12.32662089581423,13
120,107,26,6,8,12.322254797620149,18
121,93,17,50,6,12.303370496346986,11
122,2,20,76,7,12.297418547243822,13
123,84,17,62,6,12.256108525265194,11
124,51,15,48,4,12.237016972870082,11
125,74,20,48,7,12.230658480119438,13
126,10,23,23,9,12.202189639863427,14
127,93,20,41,5,12.152619394683915,15
128,49,10,62,4,12.115401300524658,6
129,58,11,103,3,12.093407699535737,8
130,79,11,112,3,12.089617166544242,8
131,38,15,10,4,12.029907406435383,11
132,98,15,11,5,11.975065250902471,10
133,104,16,98,6,11.93364499732059,10
134,93,10,76,3,11.9232506042626,7
135,18,13,17,5,11.905263091036245,8
136,48,17,111,5,11.902706300174232,12
137,43,14,109,5,11.866460109925438,9
138,23,15,62,4,11.828374088275869,11
139,63,14,9,5,11.783307166491197,9
140,15,10,79,3,11.756403792330063,7
141,70,13,62,5,11.719880801732709,8
142,93,15,91,5,11.673165263369297,10
143,87,28,6,9,11.670469918906115,19
144,107,14,70,5,11.658453467748302,9
145,98,17,15,6,11.628891195956703,11
146,65,16,18,5,11.593628436717697,11
147,16,18,13,6,11.568229122492738,12
148,65,16,102,6,11.565057266886955,10
149,38,22,109,7,11.561969316834697,15
150,109,15,6,5,11.553622356231047,10
151,41,31,109,7,11.540113156994366,24
152,17,20,41,5,11.462467383182338,15
153,46,18,9,7,11.371108835096301,11
154,63,19,54,7,11.360815568498154,12
155,2,22,103,6,11.358008021341288,16
156,13,13,41,5,11.285884419294261,8
157,98,12,71,4,11.256798740703502,8
158,93,14,1,4,11.222746146114876,10
159,85,16,37,4,11.183890538456172,12
160,15,10,28,3,11.176545961741331,7
161,26,13,46,5,11.17021351687407,8
162,93,19,37,6,11.135373057728058,13
163,98,12,110,4,11.026999619900328,8
164,28,12,11,4,11.015382388068575,8
165,20,19,10,6,11.010427213733353,13
166,30,21,9,6,11.009407613122825,15
167,38,14,6,4,11.005398790381081,10
168,30,10,43,3,10.958461383133036,7
169,87,17,51,6,10.954751209558498,11
170,11,10,8,3,10.874801270533911,7
171,30,11,62,4,10.859839313714291,7
172,98,48,41,18,10.835326353590219,30
173,37,13,63,5,10.805969524077794,8
174,30,25,103,8,10.782874613377906,17
175,17,16,23,5,10.781653305644484,11
176,93,37,9,12,10.753480854770812,25
177,50,10,37,4,10.742277179240864,6
178,55,20,30,8,10.741156330527383,12
179,8,13,66,4,10.73746092576915,9
180,91,10,85,5,10.702453755941072,5
181,37,14,41,5,10.694476243263011,9
182,107,16,109,6,10.668493285549742,10
183,75,16,16,5,10.668295124883429,11
184,38,13,58,4,10.642287291889902,9
185,98,37,88,11,10.639663528048942,26
186,65,10,101,4,10.616476001261294,6
187,86,12,109,5,10.607119538943415,7
188,103,14,109,4,10.579033749442829,10
189,70,15,65,5,10.573807897523746,10
190,98,32,76,12,10.566257306689167,20
191,79,34,48,13,10.554708421565547,21
192,20,17,49,6,10.413212284497671,11
193,29,10,17,3,10.395985227153457,7
194,93,12,75,5,10.370088912225684,7
195,2,11,75,4,10.369833561069749,7
196,8,14,89,5,10.313019177206716,9
197,2,16,73,6,10.299221262346556,10
198,70,22,84,8,10.2219111812329,14
199,2,32,86,10,10.192867967955026,22
200,65,12,96,5,10.190345361441286,7
201,60,10,38,4,10.186949801542621,6
202,74,17,18,6,10.161044876408575,11
203,109,14,84,5,10.149942855967595,9
204,10,18,1,6,10.049405294208206,12
205,37,14,34,5,10.040882054419713,9
206,65,14,59,6,10.036164804159641,8
207,88,11,30,5,10.02483572373662,6
208,76,17,34,6,9.994247540573088,11
209,34,14,91,5,9.98713094249012,9
210,29,10,70,3,9.97437186041017,7
211,111,24,38,9,9.966212518632439,15
212,10,17,55,7,9.95517779426481,10
213,93,11,70,4,9.928875321549775,7
214,87,13,17,5,9.922998390575081,8
215,10,14,50,5,9.907166966632534,9
216,107,30,41,12,9.880991735942342,18
217,32,22,109,8,9.859589833142886,14
218,28,10,64,4,9.858359509289869,6
219,55,24,54,7,9.845323433417098,17
220,111,20,37,8,9.840471570719451,12
221,6,34,44,13,9.768613303295998,21
222,73,21,111,8,9.713634051639158,13
223,111,42,54,15,9.68998535179476,27
224,29,32,38,11,9.681299801122258,21
225,88,11,85,4,9.65630194872786,7
226,98,26,62,10,9.641858129313677,16
227,23,22,89,8,9.576875474490599,14
228,60,21,65,8,9.571951123571171,13
229,32,14,88,4,9.505084521049728,10
230,43,16,28,5,9.500596764145225,11
231,6,11,58,4,9.489496457414935,7
232,103,11,19,4,9.481054864710421,7
233,65,17,44,7,9.443702457838901,10
234,57,11,10,4,9.43267475148189,7
235,34,16,74,6,9.430626027485216,10
236,46,17,8,6,9.405496106583277,11
237,93,14,30,5,9.378386095833301,9
238,87,12,14,4,9.36827913436646,8
239,49,17,86,8,9.34317243367324,9
240,23,15,55,6,9.33524063849589,9
241,28,13,112,5,9.317343463958052,8
242,28,21,89,8,9.309170244837063,13
243,50,17,23,7,9.300090532650529,10
244,38,20,86,6,9.280969369301586,14
245,43,14,50,5,9.27474781724881,9
246,54,37,41,13,9.187270230665858,24
247,55,47,87,16,9.141155465246936,31
248,50,15,48,6,9.13089598930206,9
249,93,29,103,11,9.099325117611023,18
250,26,12,32,5,9.09769401619869,7
251,106,13,109,5,9.062668099795829,8
252,91,16,50,5,9.044194652502608,11
253,74,35,76,12,9.02110943529627,23
254,30,19,54,7,8.941378731198725,12
255,107,20,110,8,8.933567921834609,12
256,112,11,50,4,8.921235906620762,7
257,13,20,8,7,8.90162940957447,13
258,10,11,85,5,8.810276618143424,6
259,32,17,107,5,8.731768023357226,12
260,79,16,75,5,8.729196308002653,11
261,54,26,37,8,8.701915458664551,18
262,23,23,37,8,8.700238300329007,15
263,34,18,109,7,8.662734980033562,11
264,54,10,71,3,8.658299695148918,7
265,84,27,10,10,8.646492586790982,17
266,13,25,28,8,8.6304861488093,17
267,37,40,86,16,8.603825624585157,24
268,54,24,76,10,8.571167297040505,14
269,41,18,62,7,8.537234992782361,11
270,32,25,9,9,8.53109215537152,16
271,16,25,70,8,8.490955297661813,17
272,93,31,84,11,8.465363334016377,20
273,84,26,85,12,8.43749111456715,14
274,98,21,1,7,8.436557583367685,14
275,73,21,10,7,8.419335562342072,14
276,43,17,87,6,8.417190390098328,11
277,16,66,86,24,8.413950151459279,42
278,90,11,89,4,8.396796914570167,7
279,90,19,23,7,8.394839451243378,12
280,23,23,93,10,8.387201678617911,13
281,48,12,38,4,8.376240779730173,8
282,20,10,70,3,8.374580328727138,7
283,77,12,8,4,8.373441110755328,8
284,84,20,63,8,8.347628578121027,12
285,104,11,84,4,8.339235828654417,7
286,8,10,35,4,8.335806667410798,6
287,76,18,41,7,8.284971187696902,11
288,65,12,58,6,8.279172093518044,6
289,20,33,9,11,8.272596506781882,22
290,104,21,28,7,8.265027043088962,14
291,111,14,17,6,8.239799794462428,8
292,26,10,16,4,8.231874067384071,6
293,28,13,94,5,8.222371266039163,8
294,8,19,71,8,8.209507898321064,11
295,17,29,8,11,8.17510581548791,18
296,32,24,41,10,8.170536046764159,14
297,26,44,87,17,8.146474895568335,27
298,76,15,62,8,8.13160872872303,7
299,30,22,87,8,8.119510877690908,14
300,19,14,9,6,8.117304295019109,8
301,86,15,20,6,8.11727777921371,9
302,93,32,54,10,8.106367720057328,22
303,79,28,107,10,8.08896000624074,18
304,30,15,10,5,8.08039942607508,10
305,6,12,13,5,8.074590184679876,7
306,76,37,28,15,8.031633541184371,22
307,1,11,86,4,8.004187715591307,7
308,98,58,65,22,8.003844385049874,36
309,90,15,41,6,7.997737246515682,9
310,32,14,86,6,7.973587175462614,8
311,109,12,37,5,7.972273664149992,7
312,55,18,76,7,7.950732428839994,11
313,65,17,68,7,7.944869327403054,10
314,89,24,10,9,7.895828853446882,15
315,49,14,13,6,7.890029815709072,8
316,109,30,9,12,7.889736540676636,18
317,74,11,12,5,7.8813359238936185,6
318,17,26,9,10,7.831275179780669,16
319,76,32,37,11,7.820497576953577,21
320,8,22,57,9,7.7994321657351655,13
321,65,20,50,8,7.794013777008706,12
322,2,40,65,14,7.773153242011129,26
323,29,13,109,5,7.7648215544268036,8
324,55,26,38,11,7.745065833950479,15
325,86,19,55,9,7.741962199946462,10
326,111,14,85,5,7.729378570457984,9
327,23,11,59,4,7.703199044299857,7
328,16,23,85,9,7.699328173457129,14
329,88,40,76,17,7.693645081601592,23
330,104,12,10,5,7.685162882867616,7
331,49,22,65,9,7.648203777845676,13
332,74,29,86,11,7.646930643556198,18
333,84,43,48,18,7.630223766084296,25
334,111,26,86,11,7.59951633000359,15
335,91,21,76,8,7.53854735511653,13
336,28,40,54,15,7.533969917846796,25
337,79,17,70,8,7.531628680674288,9
338,46,15,88,5,7.530723715486483,10
339,29,20,107,7,7.525530619454996,13
340,34,10,38,4,7.513274255260262,6
341,28,53,41,23,7.494799478271726,30
342,87,33,86,13,7.461882361903259,20
343,10,29,28,10,7.458178088618777,19
344,17,14,48,6,7.444960593591361,8
345,87,31,50,12,7.429484842498573,19
346,98,14,68,4,7.427653338623123,10
347,103,29,74,10,7.419118005067162,19
348,88,29,54,12,7.418874182686383,17
349,41,13,49,4,7.406139067429071,9
350,98,15,5,6,7.40308817440165,9
351,43,14,65,6,7.3477742435965085,8
352,73,35,9,14,7.317625242616718,21
353,54,21,10,8,7.316914939103651,13
354,50,11,68,4,7.299975074722132,7
355,13,13,20,4,7.287197108459041,9
356,23,15,70,6,7.277989111704888,9
357,30,10,73,4,7.27524129591905,6
358,10,19,86,7,7.266452513785874,12
359,88,14,38,6,7.257573306252311,8
360,84,24,88,9,7.256956915758401,15
361,55,41,98,16,7.2398162826998345,25
362,30,13,49,5,7.228582193886499,8
363,10,19,76,8,7.223608714939963,11
364,87,10,56,4,7.222698791088141,6
365,111,13,34,6,7.201437198359541,7
366,94,17,20,6,7.200649176708726,11
367,5,11,6,4,7.175117705775805,7
368,16,16,89,6,7.102664218068734,10
369,104,14,62,5,7.094567188746601,9
370,30,21,86,5,7.093547407861881,16
371,10,10,13,5,7.081545477709261,5
372,87,15,34,6,7.057985714791884,9
373,74,52,65,20,7.057974081058533,32
374,91,37,28,14,7.047707205955762,23
375,59,19,79,8,7.0352036880537865,11
376,111,20,6,8,7.01838566892247,12
377,51,10,6,3,7.003530037614207,7
378,90,19,6,8,7.0034906221582,11
379,79,21,104,7,7.001432407845644,14
380,79,11,101,5,6.9908614259308735,6
381,107,27,50,10,6.978239572703387,17
382,73,10,68,4,6.95394987102174,6
383,55,15,37,6,6.9376912240904405,9
384,28,70,9,29,6.933299509350403,41
385,90,14,17,6,6.930186835428711,8
386,57,12,74,4,6.9176042424257504,8
387,8,36,38,14,6.910326910265974,22
388,41,45,103,15,6.896034695840802,30
389,89,11,87,4,6.890327484533061,7
390,15,11,16,4,6.875773988595895,7
391,88,10,63,4,6.87340914266048,6
392,87,45,79,19,6.859799779773055,26
393,8,50,76,20,6.857203449786383,30
394,30,16,70,6,6.824605553405183,10
395,32,26,79,10,6.821690929992381,16
396,88,21,6,8,6.808639243885847,13
397,8,47,93,18,6.803263671135738,29
398,91,35,41,13,6.801656465480552,22
399,93,34,87,13,6.796283419516629,21
400,93,14,43,5,6.79067137162001,9
401,55,35,20,15,6.786443158254519,20
402,26,24,109,9,6.785414157125367,15
403,87,46,28,18,6.771264575755612,28
404,93,27,74,9,6.758416234659334,18
405,46,17,54,6,6.756375555864047,11
406,98,36,50,16,6.748525889961953,20
407,73,13,93,5,6.746815708884676,8
408,111,42,41,18,6.742879314894578,24
409,65,24,32,10,6.740147619373068,14
410,2,19,34,8,6.729658072634226,11
411,111,29,32,13,6.714992004730652,16
412,89,11,74,5,6.7140175484003635,6
413,79,18,62,8,6.70668334197217,10
414,28,19,85,8,6.70566330304257,11
415,88,16,57,7,6.698470388803919,9
416,20,34,79,13,6.674702669544552,21
417,18,24,9,10,6.669379438735331,14
418,74,16,49,7,6.669033870592301,9
419,98,23,34,8,6.66465867049253,15
420,17,15,49,6,6.655321673670165,9
421,70,23,87,9,6.643543273052479,14
422,86,14,85,7,6.640232602185862,7
423,23,14,18,5,6.63118753114106,9
424,34,14,65,6,6.615174326051721,8
425,107,20,76,8,6.611819543573891,12
426,16,21,18,8,6.609959415609469,13
427,55,15,91,5,6.584228246945671,10
428,84,12,66,5,6.578044154096627,7
429,74,23,38,10,6.562267688513878,13
430,30,14,16,5,6.5572067828085405,9
431,28,20,49,7,6.516042363299268,13
432,74,26,88,9,6.515151171646331,17
433,17,13,62,5,6.51109228837904,8
434,87,25,18,9,6.500921078177537,16
435,23,11,48,5,6.485113687277626,6
436,17,10,10,4,6.479497194252798,6
437,65,32,48,13,6.477954122109943,19
438,20,16,88,6,6.450213485704791,10
439,63,46,65,19,6.445671399527154,27
440,90,10,62,4,6.441503246890602,6
441,12,14,28,5,6.429365216940004,9
442,49,14,16,6,6.40036562253603,8
443,30,22,37,8,6.384018768768751,14
444,15,14,84,5,6.375647385580588,9
445,103,22,88,8,6.368772240906124,14
446,31,10,28,4,6.368565836830035,6
447,86,18,73,7,6.340120760849839,11
448,55,26,41,12,6.334267485528576,14
449,20,80,65,31,6.318535384282401,49
450,16,57,65,24,6.310296262259337,33
451,8,33,109,14,6.3077294568861335,19
452,90,16,54,7,6.290244829620479,9
453,111,15,44,6,6.282001615200402,9
454,55,32,9,11,6.253306035745026,21
455,23,40,8,16,6.243153204885935,24
456,75,12,9,4,6.239095019020707,8
457,2,35,41,13,6.231438093089566,22
458,16,14,34,6,6.229556768499603,8
459,2,11,66,4,6.205381429919993,7
460,87,23,88,8,6.146478682205598,15
461,111,11,56,4,6.133528731729061,7
462,73,15,88,6,6.130278796806204,9
463,111,70,65,32,6.128152820402619,38
464,54,34,38,13,6.117390645115775,21
465,70,11,55,5,6.063347048758252,6
466,63,13,98,6,6.056134732306893,7
467,107,42,20,18,6.045287678462957,24
468,8,36,62,15,6.033809520555299,21
469,1,14,107,6,6.012748941227003,8
470,98,48,91,22,6.010481139866045,26
471,49,10,77,5,6.002993751357126,5
472,74,25,6,10,5.973570320498578,15
473,17,10,34,4,5.97086385916694,6
474,20,33,103,11,5.96431634987825,22
475,86,10,62,6,5.9629944894743,4
476,8,23,49,10,5.962799116224744,13
477,87,28,91,11,5.954439761122977,17
478,70,20,76,8,5.93646339837733,12
479,98,49,103,19,5.894528502030377,30
480,17,17,16,7,5.868342075872022,10
481,107,10,48,4,5.863597775104664,6
482,54,47,9,19,5.835838504606529,28
483,2,10,44,4,5.82972376449153,6
484,13,21,79,7,5.816978385717296,14
485,87,44,41,20,5.804454173879385,24
486,16,69,9,26,5.791628519523778,43
487,17,19,84,8,5.7860858723157875,11
488,15,23,76,9,5.782831260117769,14
489,32,18,54,7,5.782610489553489,11
490,51,14,79,6,5.7725066910082035,8
491,49,24,9,9,5.76893486693949,15
492,20,29,84,11,5.768636301056334,18
493,75,15,28,7,5.767432508412387,8
494,38,29,9,13,5.756435186772363,16
495,90,20,37,8,5.742590617036877,12
496,54,38,6,13,5.738166771423007,25
497,89,23,65,10,5.729458742490648,13
498,37,15,20,6,5.70608951477605,9
499,18,11,51,5,5.697627847770078,6
500,43,13,9,6,5.682535108763634,7
501,63,16,91,7,5.669548453730623,9
502,8,13,56,5,5.662090518526135,8
503,74,18,109,8,5.655848733560979,10
504,9,37,86,16,5.645458360024604,21
505,41,45,9,17,5.6439057397283525,28
506,2,16,48,8,5.635246627200363,8
507,54,16,51,7,5.634722358696406,9
508,104,12,87,4,5.633009975820381,8
509,6,25,20,12,5.631661671252286,13
510,26,22,29,8,5.630548836449718,14
511,86,11,57,5,5.628641785626694,6
512,74,35,91,15,5.590543375115505,20
513,28,25,17,10,5.573169674184406,15
514,8,75,79,34,5.572148440361378,41
515,49,14,48,7,5.572044813615615,7
516,49,29,98,13,5.553486162622288,16
517,28,11,97,6,5.54697078214519,5
518,34,22,79,10,5.544717629215146,12
519,6,35,48,15,5.544547995709246,20
520,46,10,2,4,5.541906116456113,6
521,111,36,103,15,5.530917867453256,21
522,23,40,98,16,5.527481430978805,24
523,107,16,34,7,5.514558906998724,9
524,74,21,73,9,5.496437468937688,12
525,65,15,15,7,5.468158414216742,8
526,93,13,49,6,5.465162375246014,7
527,90,20,87,7,5.46489906820686,13
528,14,10,9,3,5.463439437022661,7
529,30,15,50,7,5.456889712897822,8
530,49,27,87,13,5.451792030762737,14
531,84,39,76,19,5.438513858870126,20
532,109,16,23,6,5.438260955948294,10
533,20,26,38,11,5.422962328602487,15
534,37,23,88,9,5.420331892037574,14
535,43,11,103,5,5.4056340195812504,6
536,19,10,28,4,5.405282356849322,6
537,110,23,65,9,5.3850619906564345,14
538,8,66,41,30,5.38335326188138,36
539,6,38,28,16,5.362669207148232,22
540,8,15,106,7,5.356587228673996,8
541,87,47,9,20,5.350758253257082,27
542,29,21,84,9,5.3406675655013585,12
543,90,23,8,9,5.338168133162711,14
544,30,18,6,6,5.328184059941263,12
545,63,15,85,7,5.266282773446653,8
546,74,22,29,10,5.260819792223967,12
547,50,12,89,5,5.253704218444142,7
548,1,10,111,5,5.238983537325087,5
549,55,14,18,6,5.21003106995447,8
550,111,10,57,4,5.186942618450884,6
551,107,34,9,16,5.177997873535454,18
552,16,15,57,7,5.174682414292543,8
553,26,38,20,16,5.156160372920298,22
554,98,10,52,5,5.141825899051737,5
555,54,12,17,5,5.132650672697678,7
556,41,29,89,12,5.128070897369617,17
557,103,21,18,9,5.1172633080953505,12
558,107,28,2,12,5.101731059055636,16
559,9,11,1,5,5.096238795529086,6
560,16,20,73,9,5.070658783374491,11
561,84,26,34,10,5.0345191207409545,16
562,65,58,54,26,5.034371936668327,32
563,89,15,84,5,5.015269353437395,10
564,55,20,32,8,5.0109481732467795,12
565,62,17,54,7,5.001633115691913,10
566,93,42,28,18,4.991965722669563,24
567,26,30,65,13,4.98261857456072,17
568,50,18,73,9,4.9783134285735455,9
569,89,10,20,4,4.976403038151212,6
570,18,23,79,11,4.97103956030986,12
571,41,20,86,9,4.96812288725616,11
572,10,10,59,5,4.967497448599417,5
573,46,11,103,5,4.9349144398730305,6
574,28,23,70,11,4.90631827034395,12
575,65,11,5,5,4.90161537792141,6
576,87,26,76,11,4.892551999966175,15
577,89,11,109,5,4.829014520032646,6
578,8,46,48,20,4.8288846721587095,26
579,55,29,6,10,4.803715742468646,19
580,90,11,70,4,4.801865378344786,7
581,86,11,18,5,4.795064637153174,6
582,17,11,30,5,4.793161472453948,6
583,34,10,103,3,4.7904730345691835,7
584,111,10,104,4,4.785383853867563,6
585,8,97,9,43,4.769438593781652,54
586,98,17,94,7,4.761676089313327,10
587,6,12,32,5,4.741771241477238,7
588,90,30,9,13,4.71783274464291,17
589,109,19,93,8,4.710552248323453,11
590,87,35,29,15,4.710088352572669,20
591,26,16,6,6,4.685058896386023,10
592,41,53,20,21,4.672832095577478,32
593,86,10,15,5,4.60305467364883,5
594,2,31,6,13,4.57536971568475,18
595,46,13,37,6,4.568700097838744,7
596,9,20,89,7,4.555028073124964,13
597,87,15,57,7,4.5524099729129395,8
598,30,24,8,9,4.54320036860865,15
599,2,10,51,5,4.541060117126738,5
600,26,45,8,21,4.5356979974590255,24
601,74,24,23,11,4.530539923458648,13
602,65,26,109,13,4.522732343847645,13
603,91,36,9,16,4.519475424395421,20
604,111,29,93,14,4.510765206652466,15
605,38,38,28,17,4.506160175549613,21
606,9,17,59,7,4.5029610514141964,10
607,29,11,62,5,4.502398822563124,6
608,111,29,91,14,4.500138929465921,15
609,29,21,93,9,4.4989593922467,12
610,16,37,88,14,4.497133728227466,23
611,111,21,29,11,4.484029622528672,10
612,111,25,15,10,4.472513123100842,15
613,73,23,84,8,4.463513313785126,15
614,84,32,2,14,4.438454989875698,18
615,90,10,13,5,4.435057658973358,5
616,28,62,16,27,4.419746305055146,35
617,84,36,41,14,4.405400183867787,22
618,111,38,74,17,4.395421398955392,21
619,75,11,50,4,4.392668801200932,7
620,1,14,65,6,4.384642024421804,8
621,107,15,104,6,4.384096889948018,9
622,54,13,89,5,4.375934710162813,8
623,87,11,94,5,4.375015437142173,6
624,70,17,2,6,4.37241029305553,11
625,79,13,44,6,4.35641543376227,7
626,38,23,87,10,4.353892826033056,13
627,93,71,65,31,4.339245718156344,40
628,54,17,3,8,4.336905078418527,9
629,41,20,1,7,4.310885836842606,13
630,57,22,84,9,4.3073427304627385,13
631,85,15,48,6,4.3053632687921874,9
632,103,34,28,15,4.283445470085917,19
633,79,18,106,9,4.260883343518002,9
634,58,11,9,4,4.244957448818405,7
635,18,13,49,6,4.243576516469453,7
636,97,11,8,4,4.238412616249588,7
637,29,26,20,11,4.235090000321542,15
638,65,106,9,47,4.223360140775499,59
639,104,24,8,9,4.217796324401939,15
640,16,37,37,14,4.211147077007781,23
641,26,24,103,11,4.2106057067079385,13
642,62,26,9,11,4.200068098711877,15
643,17,22,79,10,4.186747232119098,12
644,2,16,32,7,4.169077635966495,9
645,16,27,6,13,4.159304128363459,14
646,65,23,91,12,4.150101209000142,11
647,37,15,2,7,4.147220527730259,8
648,103,28,54,13,4.131111544590628,15
649,23,14,30,7,4.121797276586662,7
650,37,39,98,17,4.116775978907109,22
651,14,19,84,6,4.105576202233764,13
652,54,19,29,7,4.092788521879803,12
653,32,15,38,6,4.090422340111541,9
654,2,36,9,17,4.083891693569189,19
655,55,32,88,12,4.06388955003286,20
656,84,15,71,7,4.0469973544528735,8
657,98,16,85,8,4.042048861968958,8
658,10,11,109,5,4.004247407956422,6
659,50,37,79,17,4.001295763010438,20
660,16,21,91,9,3.9970853488454217,12
661,87,26,37,13,3.9965570187790034,13
662,26,26,28,11,3.9790441547640487,15
663,16,29,74,12,3.974341734686631,17
664,1,16,8,8,3.972443483770406,8
665,91,40,8,19,3.961945852137986,21
666,93,18,10,7,3.9549788743691674,11
667,23,39,84,18,3.9529498437083554,21
668,6,22,73,11,3.947699618921396,11
669,79,36,74,14,3.925115604285722,22
670,94,16,54,8,3.8978006398785645,8
671,98,47,84,21,3.890833745652655,26
672,55,11,17,5,3.8840410393606315,6
673,20,25,109,9,3.878585285280937,16
674,20,10,50,4,3.866423191070092,6
675,51,20,86,9,3.863362217006627,11
676,38,14,49,7,3.855128614080598,7
677,106,10,9,4,3.8491129304664526,6
678,23,40,9,18,3.825851357048053,22
679,32,14,91,7,3.8253106560348464,7
680,93,15,18,7,3.8000555745474087,8
681,110,12,103,5,3.7849274590311146,7
682,26,11,110,6,3.7814954576991564,5
683,79,15,73,7,3.7804037585321275,8
684,9,27,88,12,3.7770456470577694,15
685,74,19,55,10,3.7670610658889934,9
686,98,26,18,12,3.7616966957049445,14
687,57,12,18,4,3.7525453734501917,8
688,37,37,8,17,3.7513378121907266,20
689,10,20,74,8,3.741560720435788,12
690,48,12,30,5,3.734389945168223,7
691,8,76,107,35,3.7286403952706766,41
692,48,16,41,7,3.7233952099256955,9
693,84,22,38,9,3.7215580721113755,13
694,60,10,87,5,3.716219490276845,5
695,32,14,10,5,3.709056496740225,9
696,32,35,8,16,3.704344714378896,19
697,86,40,76,19,3.6671645346353188,21
698,30,19,84,9,3.664539402131773,10
699,48,14,89,6,3.6638704916482574,8
700,106,12,65,5,3.663753693390408,7
701,57,17,65,6,3.66200460796526,11
702,55,74,8,31,3.6502480696377546,43
703,98,10,112,5,3.634369737429613,5
704,10,12,18,4,3.6042571144804363,8
705,29,12,46,5,3.5756011188612877,7
706,16,34,76,16,3.57137268597902,18
707,50,25,38,11,3.5687465201033057,14
708,73,28,8,11,3.5539511566695987,17
709,65,13,94,6,3.5056909876146594,7
710,79,41,76,17,3.500613863685392,24
711,16,32,87,14,3.499918220649479,18
712,51,10,55,4,3.4788515156123396,6
713,1,14,55,6,3.472860068937084,8
714,111,21,76,11,3.468863949107616,10
715,48,12,91,5,3.4664297594725237,7
716,23,15,26,7,3.459704667443896,8
717,51,18,8,8,3.4518310636103333,10
718,98,34,86,14,3.4263911267965415,20
719,5,10,91,6,3.4255398118724356,4
720,98,31,10,14,3.404355165617583,17
721,57,12,6,4,3.4000169565132325,8
722,48,32,37,15,3.3973368766785685,17
723,79,57,37,24,3.3937774135660375,33
724,87,51,20,23,3.3933610070267357,28
725,57,14,91,5,3.387917143764696,9
726,76,14,13,7,3.383197454645703,7
727,2,14,85,7,3.3798876085075156,7
728,6,26,91,12,3.3700663593758144,14
729,49,18,6,8,3.361990920437635,10
730,29,26,8,12,3.3557915076756846,14
731,8,11,5,6,3.3403788275926294,5
732,46,20,76,8,3.328448797754116,12
733,104,12,76,6,3.2960173494490537,6
734,10,11,46,5,3.290581679590821,6
735,32,24,98,11,3.2868277404205144,13
736,54,14,85,7,3.2754567018254073,7
737,59,11,98,5,3.2664563544762513,6
738,74,61,8,28,3.2583668403481756,33
739,30,21,29,10,3.244422511134119,11
740,76,15,18,6,3.2371919896499475,9
741,49,11,85,5,3.2340490592317157,6
742,23,19,86,9,3.2169168727971016,10
743,16,60,84,27,3.209856234252974,33
744,32,25,16,11,3.2091711041875453,14
745,88,17,41,8,3.1907658333962803,9
746,91,13,37,6,3.1893915884876662,7
747,50,19,16,9,3.1594632722429505,10
748,13,14,111,6,3.137242431792204,8
749,106,10,98,4,3.1299996913347945,6
750,54,27,50,11,3.10751627479821,16
751,50,33,103,15,3.0926951561661493,18
752,8,19,75,9,3.0842682640793213,10
753,63,17,48,8,3.0841106882866245,9
754,111,49,9,24,3.075459194725251,25
755,26,17,43,7,3.0481873322386313,10
756,9,14,44,8,3.0418979222799787,6
757,79,17,49,7,3.0204133232560935,10
758,38,18,16,9,3.0174584469144032,9
759,55,32,16,14,3.0076385286569893,18
760,26,16,89,8,3.0015441091670585,8
761,79,12,96,6,2.9733424562785395,6
762,18,18,48,8,2.9186933860892363,10
763,68,10,87,5,2.9185962554972145,5
764,8,24,68,11,2.912062784717025,13
765,63,14,8,6,2.911233669474754,8
766,2,41,10,18,2.8955248222440733,23
767,90,30,111,13,2.8905447130543305,17
768,54,37,84,16,2.8757727410642766,21
769,46,15,28,7,2.8691534505866247,8
770,55,11,13,5,2.867532212513362,6
771,98,31,29,15,2.8666453310461617,16
772,13,27,9,11,2.849893927277836,16
773,54,36,16,17,2.8472057120467213,19
774,84,49,86,23,2.8306913658972572,26
775,103,26,91,14,2.81795550429567,12
776,38,55,65,25,2.8065899103574585,30
777,63,15,107,6,2.8021473545431568,9
778,29,17,34,9,2.8011697136542724,8
779,50,22,86,9,2.7881626768111425,13
780,17,30,103,13,2.786263791329437,17
781,41,40,23,18,2.767380745524291,22
782,2,18,23,9,2.7670043698876174,9
783,34,21,28,9,2.734662710408205,12
784,23,14,29,6,2.7325720738957853,8
785,79,25,89,10,2.7323432784581803,15
786,26,14,30,9,2.729526864464305,5
787,84,43,111,18,2.7268529009540052,25
788,62,25,87,11,2.7185367714166633,14
789,90,29,28,13,2.709626925847091,16
790,103,24,55,11,2.703742749314949,13
791,46,10,18,4,2.6832650728648453,6
792,88,19,93,11,2.677402138703953,8
793,65,69,28,31,2.66126583420825,38
794,30,25,38,13,2.6609022960305304,12
795,86,20,88,8,2.659869775460948,12
796,15,14,8,7,2.659395326985167,7
797,87,27,54,13,2.65183749405934,14
798,8,42,103,17,2.6366758249260935,25
799,30,13,107,5,2.6326975250966647,8
800,70,11,50,6,2.626702900417426,5
801,111,23,50,10,2.6260965282140734,13
802,9,16,94,8,2.620832608628453,8
803,79,58,16,26,2.5895444306743456,32
804,38,20,112,9,2.5875581099779743,11
805,2,25,109,10,2.564163534371064,15
806,23,11,34,6,2.5306742696464357,5
807,98,52,54,26,2.529015499138276,26
808,50,19,29,8,2.5251415163545525,11
809,16,50,98,22,2.5197213230509203,28
810,87,27,48,13,2.519174410816004,14
811,48,21,55,9,2.51047778877817,12
812,16,17,62,8,2.48847406843989,9
813,65,50,103,21,2.4835688434443703,29
814,74,29,107,13,2.4812045730116683,16
815,37,15,62,7,2.478947668963917,8
816,26,27,98,15,2.4699465773486544,12
817,16,13,93,6,2.460583316835962,7
818,8,63,16,28,2.453789460055098,35
819,41,40,38,19,2.4535603181412866,21
820,111,17,46,8,2.451868962313777,9
821,28,55,18,26,2.451529125268619,29
822,9,33,6,15,2.442634272815349,18
823,18,16,50,8,2.435107533000617,8
824,76,18,35,7,2.4023433325283063,11
825,43,22,74,10,2.3993639128069244,12
826,18,18,6,8,2.3903639022739704,10
827,55,12,34,5,2.3742853226893694,7
828,16,21,107,10,2.371918332267291,11
829,63,14,16,7,2.3500753449010623,7
830,41,56,79,27,2.337441224056112,29
831,104,11,86,5,2.3312767847407874,6
832,65,39,29,16,2.326033904196744,23
833,65,10,39,5,2.3211966169516858,5
834,86,15,93,7,2.2774286696835606,8
835,20,13,32,6,2.2751108005385445,7
836,62,18,32,9,2.263686769900323,9
837,37,40,9,18,2.2628015576501816,22
838,103,26,87,12,2.244435120608379,14
839,84,30,55,14,2.243237050292714,16
840,8,11,58,6,2.225895511877211,5
841,48,11,35,5,2.219982032607504,6
842,14,14,8,6,2.218960260374273,8
843,79,28,93,15,2.2181833550633505,13
844,73,15,54,7,2.217586045542856,8
845,16,48,2,22,2.1896216594714466,26
846,73,35,41,16,2.1896111209660925,19
847,44,19,28,7,2.1816767204067147,12
848,74,45,9,20,2.167006985909848,25
849,98,40,107,18,2.1579093706359807,22
850,9,11,15,5,2.1575516880448644,6
851,18,10,32,5,2.157224109221358,5
852,16,49,41,24,2.1541831229994863,25
853,111,33,26,15,2.137133581510591,18
854,98,63,2,30,2.135100922237145,33
855,16,18,104,8,2.126469952320215,10
856,84,11,1,5,2.1264466771262907,6
857,55,10,90,4,2.1262099334359297,6
858,55,14,73,7,2.1000754331910327,7
859,28,37,50,17,2.0963190245572716,20
860,75,18,84,8,2.093719925532618,10
861,13,19,48,7,2.077711897708858,12
862,9,16,104,7,2.074620642084027,9
863,91,11,18,5,2.068864434806556,6
864,32,19,84,8,2.06215086903803,11
865,91,18,10,8,2.053920396033922,10
866,30,25,98,10,2.050620342220537,15
867,38,52,98,24,2.0498657703552294,28
868,23,30,87,13,2.01719025247438,17
869,59,14,8,7,2.010238389237962,7
870,98,55,74,27,2.0085674767082775,28
871,37,10,71,4,1.989603705819686,6
872,103,13,37,6,1.9837820518429876,7
873,6,47,79,22,1.9831957209831137,25
874,79,60,111,27,1.9806558598524882,33
875,23,41,65,20,1.9794334553560233,21
876,49,11,29,4,1.9792119029563418,7
877,54,18,23,8,1.9726565822582194,10
878,107,45,28,23,1.9602174500144183,22
879,37,33,65,15,1.948336028419335,18
880,28,37,37,17,1.9409348825611596,20
881,76,24,6,12,1.937944044447951,12
882,10,13,29,6,1.9268740097605626,7
883,65,20,13,11,1.923636761815708,9
884,87,22,73,11,1.9187809773134352,11
885,6,22,37,11,1.9187411338779805,11
886,76,10,17,4,1.904894860536603,6
887,41,11,61,5,1.903478014849791,6
888,104,11,51,5,1.896724728424177,6
889,65,79,88,36,1.890300628616431,43
890,91,18,88,8,1.8878660605312687,10
891,84,27,49,13,1.878620730491277,14
892,74,21,30,11,1.8748715955653132,10
893,54,17,112,8,1.871566293788823,9
894,73,19,98,9,1.8513717297876215,10
895,6,39,98,18,1.8448936378969205,21
896,90,23,107,12,1.8399920811097459,11
897,35,12,79,5,1.8379035956261764,7
898,2,30,111,14,1.8367449192872438,16
899,90,19,84,9,1.8307456952070562,10
900,8,48,18,22,1.8210825548731258,26
901,54,28,70,14,1.820361310163525,14
902,20,22,73,11,1.8197178736344486,11
903,8,54,86,25,1.8051722643740717,29
904,85,13,76,5,1.8000085206097032,8
905,29,20,79,10,1.7978517128942393,10
906,94,10,41,5,1.7939224836809728,5
907,57,10,109,4,1.7866317267766754,6
908,14,10,28,4,1.771696362645693,6
909,111,53,28,25,1.7612142471001206,28
910,8,66,87,30,1.7501098519415277,36
911,107,35,38,17,1.7434138897292857,18
912,71,18,65,9,1.7385086790308775,9
913,32,32,28,15,1.7383561900488511,17
914,16,29,103,14,1.7358551004647216,15
915,87,13,75,7,1.7332300811803307,6
916,54,36,86,17,1.7279944712648927,19
917,76,10,45,5,1.7263356630732685,5
918,8,60,54,29,1.7176179106753482,31
919,38,11,76,5,1.699907222636557,6
920,34,15,20,6,1.6974281353522305,9
921,30,37,28,17,1.695148135028505,20
922,103,26,6,11,1.6275337563735748,15
923,20,18,68,9,1.616802764124798,9
924,17,13,50,6,1.587542514822458,7
925,90,16,48,8,1.5828630197509534,8
926,73,28,65,13,1.5729902907968396,15
927,9,36,48,19,1.5677942100754119,17
928,106,12,41,6,1.5589796315432007,6
929,34,21,9,10,1.5583973947761134,11
930,50,33,2,15,1.5483452933241444,18
931,79,47,86,22,1.544351219468049,25
932,107,26,86,12,1.542374498402116,14
933,85,12,38,6,1.5317416798467223,6
934,79,36,55,19,1.505344149974161,17
935,103,12,85,5,1.5052357650596415,7
936,55,18,43,9,1.4993353058682126,9
937,41,18,18,8,1.4488156792449156,10
938,50,36,41,18,1.4450486751473977,18
939,103,10,57,6,1.4334929374709406,4
940,109,11,112,5,1.4303792106135154,6
941,62,24,28,10,1.430081518616343,14
942,111,14,75,8,1.4265352540751042,6
943,65,10,3,5,1.425825292351592,5
944,13,11,2,4,1.4221213524937664,7
945,88,31,111,14,1.4213124620809892,17
946,8,47,20,22,1.420582435666663,25
947,2,24,38,13,1.4146987667991204,11
948,34,10,48,5,1.412318598449887,5
949,76,30,48,14,1.405190282699339,16
950,54,18,15,9,1.4023674366161885,9
951,65,34,10,16,1.3889990791790807,18
952,44,13,8,5,1.382360749568672,8
953,16,32,10,15,1.3769942516048166,17
954,79,25,30,13,1.3756609281230874,12
955,23,14,32,8,1.36299015760623,6
956,84,70,65,35,1.3269531130271417,35
957,98,13,57,7,1.3243405021868635,6
958,87,15,110,7,1.3076573931351647,8
959,87,43,107,19,1.3071600665172027,24
960,54,39,20,18,1.273425394676017,21
961,87,36,84,17,1.2473160473972962,19
962,20,43,98,20,1.2404189901414024,23
963,51,20,84,9,1.23384352612348,11
964,23,37,28,18,1.232835357364572,19
965,74,24,46,13,1.2274275532310792,11
966,49,24,55,14,1.212014442669993,10
967,29,31,28,15,1.2120053417862238,16
968,6,48,65,26,1.2017589825018333,22
969,48,36,16,18,1.1803172755152416,18
970,103,10,1,6,1.178228962480731,4
971,109,23,98,11,1.1685291459099245,12
972,70,51,8,26,1.1578481792601099,25
973,79,76,9,37,1.156057079763386,39
974,50,18,34,10,1.148352191382895,8
975,20,35,28,15,1.1457491902348163,20
976,79,36,38,17,1.1399672014475488,19
977,2,20,88,9,1.1196863075510504,11
978,23,22,88,10,1.1194514842315597,12
979,55,27,50,12,1.1136011471986094,15
980,88,20,62,10,1.1096322170107622,10
981,16,10,56,4,1.1063673005412145,6
982,73,16,28,9,1.102601583168376,7
983,88,17,48,10,1.0903379635464523,7
984,91,14,62,7,1.083463407829189,7
985,28,29,88,13,1.0651097674029193,16
986,76,15,103,6,1.064891024931597,9
987,84,64,28,31,1.0495091480081127,33
988,74,16,62,9,1.038357756374001,7
989,9,28,76,14,1.0341615578112182,14
990,13,23,98,9,1.0334282765850014,14
991,74,44,54,23,1.0319640649256887,21
992,90,20,16,10,1.030661051555181,10
993,48,27,86,13,1.0300347247258272,14
994,107,39,65,17,1.0164693815500512,22
995,8,43,88,20,1.010049703687452,23
996,58,11,2,5,1.0060883991850635,6
997,87,31,98,14,1.0052207296323061,17
998,79,11,94,5,0.999869198006996,6
999,87,62,65,29,0.9969072233617808,33
1000,32,15,74,7,0.9878312338208298,8
1001,41,16,30,8,0.9850557086879019,8
1002,111,16,68,7,0.9831903657030904,9
1003,91,20,23,10,0.9792678927031672,10
1004,103,44,9,24,0.9734466854109779,20
1005,68,10,16,5,0.9723777343104946,5
1006,10,11,15,6,0.9620268464624092,5
1007,88,13,50,6,0.9566497736445121,7
1008,93,23,107,11,0.9535678875740131,12
1009,23,35,16,17,0.937387264272767,18
1010,85,19,9,8,0.9266510351352133,11
1011,13,11,74,5,0.9258529887550367,6
1012,51,16,16,7,0.9254181289183436,9
1013,103,12,89,5,0.9245541578032253,7
1014,79,29,88,12,0.9179800734687579,17
1015,60,11,9,6,0.9156618531106675,5
1016,84,73,9,33,0.9129307711520921,40
1017,79,39,90,17,0.8969827248841548,22
1018,62,21,65,9,0.8755953834255741,12
1019,29,12,18,7,0.8741742779448103,5
1020,16,34,111,18,0.8706079983684201,16
1021,5,12,79,7,0.8638337222987199,5
1022,55,52,65,22,0.8552133427187645,30
1023,98,67,8,32,0.8537292484745975,35
1024,103,16,32,7,0.8405021181328091,9
1025,111,44,87,22,0.837629282060696,22
1026,57,11,55,6,0.8315236951519526,5
1027,87,23,10,10,0.8212452099335941,13
1028,70,47,98,23,0.8130313901104028,24
1029,85,21,65,9,0.7821322420670122,12
1030,29,25,9,13,0.7771037627191238,12
1031,28,46,86,24,0.7758412086648933,22
1032,112,17,87,9,0.7591685884445001,8
1033,23,24,6,12,0.757380072902326,12
1034,76,37,65,17,0.7568795201651481,20
1035,74,46,84,22,0.7518721095348239,24
1036,90,10,104,6,0.7461340238107435,4
1037,37,11,73,5,0.7437455399697707,6
1038,8,60,10,30,0.7407705754471612,30
1039,107,23,23,11,0.7397315330825384,12
1040,104,31,65,13,0.7351510467171646,18
1041,50,17,74,8,0.7251672527310546,9
1042,87,24,32,13,0.7236548346311565,11
1043,51,12,65,6,0.7082823610974588,6
1044,28,16,5,7,0.7047026546051012,9
1045,9,21,70,11,0.6947320940904104,10
1046,41,23,43,11,0.6921842337130496,12
1047,54,11,57,5,0.6838901102259136,6
1048,44,12,16,7,0.6740631728235357,5
1049,90,17,10,9,0.6720080859782234,8
1050,111,44,55,23,0.671535328999238,21
1051,91,23,86,11,0.6661452371009022,12
1052,76,13,20,7,0.6610311160325412,6
1053,65,79,79,40,0.6544923516921638,39
1054,32,10,30,5,0.6490824873820774,5
1055,74,39,41,21,0.6406425090111565,18
1056,16,17,1,9,0.638053866963686,8
1057,10,21,48,11,0.6314146317442502,10
1058,74,13,63,6,0.6231938435062159,7
1059,91,18,44,8,0.6160976329615543,10
1060,54,27,107,13,0.609465585304671,14
1061,55,22,29,12,0.608123085968795,10
1062,111,37,20,19,0.6068837109506102,18
1063,62,18,38,9,0.6043816495722358,9
1064,98,20,101,11,0.594870864776421,9
1065,48,18,103,9,0.5903706399248485,9
1066,54,26,91,15,0.570268898485947,11
1067,6,41,84,20,0.5685620720746435,21
1068,15,14,2,7,0.5683026145731128,7
1069,89,17,111,9,0.5563633904658294,8
1070,90,18,2,9,0.5540783404275302,9
1071,10,18,37,8,0.5468156041706492,10
1072,2,22,62,10,0.5462872756743675,12
1073,66,13,41,7,0.534743534153649,6
1074,84,57,37,29,0.5278479910499358,28
1075,91,13,73,5,0.5133686150476426,8
1076,50,39,84,20,0.49953786158025776,19
1077,54,32,2,15,0.4972568733461067,17
1078,46,13,98,6,0.4949016763373522,7
1079,16,16,20,9,0.49084719994134707,7
1080,88,12,18,6,0.48640028582812594,6
1081,32,10,94,5,0.48339556643762405,5
1082,26,39,41,23,0.4754162497584248,16
1083,37,20,70,10,0.4662788439936151,10
1084,98,16,58,9,0.4540736471862188,7
1085,23,37,103,19,0.4333042786770578,18
1086,26,11,50,6,0.4324180875363617,5
1087,98,33,93,16,0.4249481440030074,17
1088,9,41,98,18,0.424424835693392,23
1089,109,14,79,7,0.42130275303052095,7
1090,98,66,79,35,0.4098187288682279,31
1091,93,16,55,8,0.39897461255756417,8
1092,41,13,85,6,0.3897097634286919,7
1093,79,62,84,31,0.38613698755528053,31
1094,38,16,106,8,0.37697952067664864,8
1095,44,10,50,5,0.37049181398411835,5
1096,48,28,98,14,0.36404245012326253,14
1097,86,19,6,9,0.36002907163374875,10
1098,8,88,65,40,0.3554432736460405,48
1099,49,17,91,9,0.3285488305810779,8
1100,98,31,90,16,0.30813626797031257,15
1101,19,14,41,8,0.30768619148938015,6
1102,8,63,2,33,0.305565686771248,30
1103,50,33,9,16,0.2983246140265216,17
1104,2,23,30,12,0.29321348863964647,11
1105,65,32,86,16,0.2921614298707558,16
1106,107,25,88,13,0.27765323546080284,12
1107,98,58,28,30,0.2696965888382482,28
1108,91,22,30,12,0.24988148097298304,10
1109,103,28,38,14,0.2481523476415201,14
1110,6,42,8,20,0.24656830276662894,22
1111,2,31,74,16,0.2426189207787665,15
1112,66,20,9,10,0.23945533670543603,10
1113,85,10,66,5,0.23847533791686767,5
1114,87,11,71,6,0.21156446783375316,5
1115,29,36,41,18,0.19641039337775912,18
1116,30,18,18,8,0.18809198027763627,10
1117,98,17,89,9,0.18632662325222404,8
1118,30,32,20,17,0.18006835825975015,15
1119,18,25,54,13,0.17269825689702856,12
1120,26,19,2,10,0.15549736717273138,9
1121,28,60,79,33,0.14588481387288166,27
1122,32,18,50,10,0.14361277931057495,8
1123,107,35,103,17,0.13970070555149355,18
1124,74,20,37,10,0.1351513012183972,10
1125,13,11,87,6,0.13022005589559751,5
1126,6,13,50,7,0.12987204190777119,6
1127,6,29,41,15,0.0941275477253323,14
1128,54,32,79,16,0.08087038354446646,16
1129,38,15,110,8,0.07451058664372948,7
1130,8,18,85,10,0.0557982015995376,8
1131,28,63,2,32,0.0455058748352281,31
1132,23,26,111,12,0.03864525196535908,14
1133,85,24,79,13,0.034805559038930234,11
1134,40,14,65,6,0.022138801901295854,8
1135,8,38,50,20,0.0026780543899767614,18
1136,37,15,38,8,0.0011031238349569132,7
1137,38,15,37,7,-0.0011031238349578606,8
1138,65,14,40,8,-0.022138801901296672,6
1139,13,13,107,6,-0.03566165788038671,7
1140,79,50,103,24,-0.05775390300531491,26
1141,2,25,20,13,-0.06141520142574363,12
1142,110,15,38,7,-0.07451058664372871,8
1143,87,42,74,20,-0.07958529470361445,22
1144,84,47,103,22,-0.09369403051445593,25
1145,41,29,6,14,-0.09412754772533327,15
1146,55,49,28,22,-0.0957768140175183,27
1147,43,19,20,10,-0.09655439021695145,9
1148,87,11,13,5,-0.13022005589559688,6
1149,8,23,43,12,-0.13486260335750042,11
1150,37,20,74,10,-0.135151301218397,10
1151,111,25,30,13,-0.14558741487159338,12
1152,54,25,18,12,-0.1726982568970277,13
1153,28,50,74,24,-0.17793202645056747,26
1154,20,32,30,15,-0.1800683582597512,17
1155,17,19,74,10,-0.18384205614173943,9
1156,89,17,98,8,-0.18632662325222404,9
1157,18,18,30,10,-0.18809198027763716,8
1158,71,11,87,5,-0.21156446783375446,6
1159,79,38,91,20,-0.22211474912049806,18
1160,91,21,84,10,-0.22598499748931863,11
1161,66,10,85,5,-0.23847533791686928,5
1162,9,20,66,10,-0.23945533670543603,10
1163,38,28,103,14,-0.24815234764151944,14
1164,86,32,65,16,-0.29216142987075866,16
1165,30,23,2,11,-0.29321348863964564,12
1166,41,14,19,6,-0.30768619148938214,8
1167,10,27,111,13,-0.3114645815059003,14
1168,91,17,49,8,-0.32854883058107764,9
1169,43,16,98,8,-0.334919329248079,8
1170,6,19,86,10,-0.36002907163374687,9
1171,98,28,48,14,-0.36404245012326253,14
1172,50,10,44,5,-0.37049181398411835,5
1173,106,16,38,8,-0.3769795206766502,8
1174,90,30,65,14,-0.37730681884186645,16
1175,2,33,87,16,-0.3826308025892905,17
1176,85,13,41,7,-0.3897097634286919,6
1177,8,69,111,33,-0.39678371929634243,36
1178,55,16,93,8,-0.3989746125575646,8
1179,79,14,109,7,-0.42130275303052045,7
1180,98,41,9,23,-0.42442483569339234,18
1181,93,33,98,17,-0.42494814400300696,16
1182,51,22,28,11,-0.44446843006512377,11
1183,70,20,37,10,-0.46627884399361397,10
1184,94,10,32,5,-0.4833955664376234,5
1185,18,12,88,6,-0.4864002858281247,6
1186,55,25,107,12,-0.49082237211228164,13
1187,98,13,46,7,-0.494901676337354,6
1188,2,32,54,17,-0.4972568733461067,15
1189,73,13,91,8,-0.5133686150476421,5
1190,20,23,110,11,-0.5195268671329448,12
1191,84,64,8,32,-0.522707927820123,32
1192,86,18,90,8,-0.530984332272809,10
1193,41,13,66,6,-0.5347435341536495,7
1194,49,22,107,12,-0.5403853948936642,10
1195,62,22,2,12,-0.5462872756743683,10
1196,37,18,10,10,-0.5468156041706485,8
1197,111,17,89,8,-0.556363390465831,9
1198,84,41,6,21,-0.5685620720746437,20
1199,91,26,54,11,-0.5702688984859479,15
1200,103,18,48,9,-0.590370639924845,9
1201,101,20,98,9,-0.5948708647764195,11
1202,23,33,79,18,-0.5991196107820859,15
1203,38,18,62,9,-0.6043816495722345,9
1204,29,22,55,10,-0.6081230859687949,12
1205,107,27,54,14,-0.6094655853046702,13
1206,44,18,91,10,-0.6160976329615553,8
1207,63,13,74,7,-0.6231938435062153,6
1208,48,21,10,10,-0.6314146317442528,11
1209,41,39,74,18,-0.640642509011156,21
1210,30,10,32,5,-0.6490824873820789,5
1211,6,19,46,9,-0.6560730930479052,10
1212,29,20,103,10,-0.6578144863835312,10
1213,20,13,76,6,-0.6610311160325401,7
1214,93,24,6,12,-0.662762996898009,12
1215,86,23,91,12,-0.6661452371009026,11
1216,10,17,90,8,-0.6720080859782221,9
1217,16,12,44,5,-0.6740631728235359,7
1218,101,15,23,7,-0.6750621504160544,8
1219,8,64,84,33,-0.6829085676002623,31
1220,57,11,54,6,-0.683890110225914,5
1221,70,21,9,10,-0.6947320940904097,11
1222,5,16,28,9,-0.7047026546051018,7
1223,65,12,51,6,-0.7082823610974588,6
1224,32,24,87,11,-0.723654834631157,13
1225,74,42,87,23,-0.7245745938864455,19
1226,74,17,50,9,-0.7251672527310556,8
1227,62,18,6,8,-0.7348526325115939,10
1228,65,31,104,18,-0.7351510467171638,13
1229,23,23,107,12,-0.7397315330825399,11
1230,73,11,37,6,-0.7437455399697719,5
1231,104,10,90,4,-0.7461340238107453,6
1232,84,46,74,24,-0.7518721095348248,22
1233,87,17,112,8,-0.7591685884445006,9
1234,86,46,28,22,-0.7758412086648936,24
1235,65,21,85,12,-0.7821322420670123,9
1236,74,17,85,9,-0.8095598497605868,8
1237,98,47,70,24,-0.8130313901104015,23
1238,10,23,87,13,-0.8212452099335924,10
1239,55,11,57,5,-0.8315236951519509,6
1240,91,21,29,10,-0.8357535316372816,11
1241,32,17,49,9,-0.8453605230907211,8
1242,38,18,91,10,-0.8605561818804589,8
1243,79,12,5,5,-0.8638337222987221,7
1244,18,12,29,5,-0.8741742779448094,7
1245,65,21,62,12,-0.8755953834255741,9
1246,98,42,17,22,-0.896764910757158,20
1247,93,30,20,17,-0.8968767950978295,13
1248,111,29,18,15,-0.9151185639276579,14
1249,9,11,60,5,-0.9156618531106686,6
1250,89,12,103,7,-0.9245541578032253,5
1251,16,16,51,9,-0.9254181289183445,7
1252,9,19,85,11,-0.9266510351352133,8
1253,107,23,93,12,-0.9535678875740138,11
1254,50,13,88,7,-0.9566497736445115,6
1255,15,11,10,5,-0.9620268464624092,6
1256,16,10,68,5,-0.9723777343104946,5
1257,68,16,111,9,-0.9831903657030906,7
1258,30,16,41,8,-0.9850557086879017,8
1259,28,36,48,20,-0.9860731791841433,16
1260,91,23,20,11,-0.9903622576025491,12
1261,94,11,79,6,-0.9998691980069959,5
1262,41,33,70,17,-1.0073100144887814,16
1263,88,43,8,23,-1.0100497036874514,20
1264,41,13,75,7,-1.0160682715228835,6
1265,28,73,8,37,-1.0174025339079131,36
1266,86,27,48,14,-1.0300347247258272,13
1267,76,28,9,14,-1.034161557811218,14
1268,103,10,75,5,-1.035188460357086,5
1269,112,10,8,5,-1.0357746876565699,5
1270,62,16,74,7,-1.0383577563740003,9
1271,91,13,17,7,-1.0470112494613972,6
1272,89,13,6,6,-1.0487640819634654,7
1273,28,64,84,33,-1.0495091480081138,31
1274,8,73,28,38,-1.0618618978187568,35
1275,79,66,98,32,-1.0629583697982146,34
1276,103,15,76,9,-1.0648910249315973,6
1277,88,29,28,16,-1.0651097674029202,13
1278,73,20,103,10,-1.0728746625988024,10
1279,62,14,91,7,-1.0834634078291885,7
1280,48,17,88,7,-1.090337963546454,10
1281,28,16,73,7,-1.102601583168377,9
1282,56,10,16,6,-1.1063673005412131,4
1283,62,20,88,10,-1.1096322170107622,10
1284,88,22,23,12,-1.1194514842315604,10
1285,88,20,2,11,-1.1196863075510506,9
1286,34,18,50,8,-1.1483521913828947,10
1287,84,62,79,32,-1.1547219592303077,30
1288,8,51,70,25,-1.157848179260109,26
1289,41,80,65,38,-1.162711714387654,42
1290,1,10,103,4,-1.178228962480731,6
1291,16,36,48,18,-1.1803172755152405,18
1292,63,10,111,5,-1.1830016075807657,5
1293,84,31,107,16,-1.1883174819228042,15
1294,111,49,98,25,-1.1971941446177512,24
1295,107,36,111,18,-1.1978257080625474,18
1296,28,31,29,16,-1.2120053417862247,15
1297,55,24,49,10,-1.2120144426699921,14
1298,107,31,84,16,-1.2210869288992972,15
1299,87,33,2,18,-1.222629885484021,15
1300,84,20,51,11,-1.2338435261234795,9
1301,91,28,107,14,-1.2435079650119625,14
1302,84,36,87,19,-1.2473160473972953,17
1303,65,30,17,15,-1.2597701896564553,15
1304,79,79,65,40,-1.27335297823569,39
1305,107,18,10,10,-1.302641998274499,8
1306,110,15,87,8,-1.307657393135164,7
1307,74,31,20,16,-1.3078088890253396,15
1308,103,47,84,26,-1.3117535282727075,21
1309,57,13,98,6,-1.3243405021868624,7
1310,65,70,84,35,-1.3269531130271437,35
1311,32,14,23,6,-1.3629901576062295,8
1312,59,16,41,9,-1.3704315284875221,7
1313,23,15,76,7,-1.3791825091008199,8
1314,8,13,44,8,-1.3823607495686732,5
1315,48,36,28,17,-1.3953668457791493,19
1316,15,18,54,9,-1.402367436616189,9
1317,48,30,76,16,-1.4051902826993394,14
1318,111,31,88,17,-1.4213124620809878,14
1319,3,10,65,5,-1.425825292351591,5
1320,65,80,41,44,-1.4259190406310245,36
1321,75,14,111,6,-1.4265352540751037,8
1322,107,23,18,13,-1.4296389206294247,10
1323,28,24,62,14,-1.4300815186163431,10
1324,112,11,109,6,-1.4303792106135154,5
1325,57,10,103,4,-1.43349293747094,6
1326,20,13,90,6,-1.4684862703100507,7
1327,85,12,103,7,-1.505235765059642,5
1328,74,50,28,27,-1.5230965628089277,23
1329,38,12,85,6,-1.5317416798467212,6
1330,6,18,62,11,-1.5340589440321593,7
1331,86,26,107,14,-1.5423744984021162,12
1332,86,47,79,25,-1.5443512194680482,22
1333,41,12,106,6,-1.558979631543201,6
1334,8,24,34,11,-1.5596726153138405,13
1335,94,11,2,6,-1.566847919784111,5
1336,48,36,9,17,-1.5677942100754119,19
1337,65,28,73,15,-1.57299029079684,13
1338,29,16,16,9,-1.5836522711307057,7
1339,79,16,57,9,-1.6225267683647033,7
1340,87,44,111,23,-1.641789170650758,21
1341,10,50,79,29,-1.6576142605157707,21
1342,23,18,57,10,-1.6948872060166507,8
1343,28,37,30,20,-1.695148135028504,17
1344,2,50,79,27,-1.6951484119487967,23
1345,18,13,20,7,-1.69876804268239,6
1346,76,11,38,6,-1.6999072226365548,5
1347,48,23,54,10,-1.7152800188895265,13
1348,45,10,76,5,-1.7263356630732685,5
1349,16,16,29,8,-1.7271978980205005,8
1350,86,36,54,19,-1.7279944712648918,17
1351,75,13,87,6,-1.7332300811803312,7
1352,103,29,16,15,-1.735855100464721,14
1353,65,18,71,9,-1.7385086790308772,9
1354,38,35,107,18,-1.7434138897292857,17
1355,28,10,14,6,-1.771696362645692,4
1356,109,10,57,6,-1.7866317267766754,4
1357,41,10,94,5,-1.7939224836809735,5
1358,76,13,85,8,-1.8000085206097036,5
1359,86,54,8,29,-1.805172264374073,25
1360,18,11,85,7,-1.8067340182792189,4
1361,70,28,54,14,-1.8203613101635243,14
1362,84,19,90,10,-1.8307456952070555,9
1363,79,12,35,7,-1.8379035956261767,5
1364,107,23,90,11,-1.8399920811097439,12
1365,98,19,73,10,-1.851371729787623,9
1366,8,67,98,36,-1.8537292484745975,31
1367,37,57,84,29,-1.861625432755028,28
1368,112,17,54,9,-1.8715662937888236,8
1369,30,21,74,10,-1.8748715955653132,11
1370,49,27,84,14,-1.878620730491277,13
1371,88,18,91,10,-1.8878660605312692,8
1372,51,11,104,6,-1.8967247284241764,5
1373,103,14,70,8,-1.9027941936339994,6
1374,61,11,41,6,-1.9034780148497894,5
1375,17,10,76,6,-1.9048948605366014,4
1376,54,23,48,14,-1.908650453880701,9
1377,37,22,6,11,-1.9187411338779805,11
1378,73,22,87,11,-1.9187809773134346,11
1379,13,20,65,9,-1.9236367618157104,11
1380,6,24,76,12,-1.937944044447951,12
1381,37,37,28,20,-1.9409348825611594,17
1382,65,33,37,18,-1.9483360284193356,15
1383,23,18,54,10,-1.9726565822582198,8
1384,29,11,49,7,-1.9792119029563418,4
1385,37,13,103,7,-1.9837820518429876,6
1386,41,16,34,9,-1.9846654519938336,7
1387,71,10,37,6,-1.9896037058196856,4
1388,74,55,98,28,-2.008567476708278,27
1389,9,30,10,15,-2.0135222581265264,15
1390,87,30,23,17,-2.017190252474381,13
1391,74,17,90,9,-2.030135359930969,8
1392,26,14,73,8,-2.0368384601286986,6
1393,98,52,38,28,-2.0498657703552294,24
1394,26,30,9,17,-2.052887996849143,13
1395,10,18,91,10,-2.0539203960339205,8
1396,34,15,6,7,-2.0594698658943718,8
1397,84,19,32,11,-2.0621508690380304,8
1398,65,48,6,23,-2.0707038416036956,25
1399,104,16,9,9,-2.0746206420840276,7
1400,48,19,13,12,-2.0777118977088573,7
1401,90,17,74,9,-2.0848494229315673,8
1402,84,18,75,10,-2.0937199255326187,8
1403,73,14,55,7,-2.100075433191031,7
1404,1,11,84,6,-2.126446677126287,5
1405,104,18,16,10,-2.1264699523202126,8
1406,46,19,6,11,-2.1320112599215313,8
1407,1,15,87,7,-2.138632690920939,8
1408,17,42,98,22,-2.1560402623618153,20
1409,32,10,18,5,-2.1572241092213575,5
1410,84,39,50,20,-2.1572452386112704,19
1411,15,11,9,6,-2.1575516880448644,5
1412,107,40,98,22,-2.1579093706359798,18
1413,28,19,44,12,-2.1816767204067156,7
1414,79,50,2,26,-2.19000865291695,24
1415,65,62,87,34,-2.2105235873065796,28
1416,65,30,90,17,-2.2173212695918445,13
1417,54,15,73,8,-2.217586045542855,7
1418,8,14,14,8,-2.2189602603742733,6
1419,35,11,48,6,-2.2199820326075046,5
1420,58,11,8,5,-2.2258955118772117,6
1421,8,42,6,23,-2.2311016569027053,19
1422,55,30,84,16,-2.2432370502927133,14
1423,20,15,17,7,-2.251306099354639,8
1424,9,40,37,22,-2.262801557650182,18
1425,32,18,62,9,-2.2636867699003225,9
1426,32,13,20,7,-2.2751108005385445,6
1427,93,15,86,8,-2.27742866968356,7
1428,103,37,23,19,-2.3239729626949814,18
1429,29,39,65,23,-2.326033904196744,16
1430,86,11,104,6,-2.3312767847407865,5
1431,6,21,112,11,-2.3418628162884616,10
1432,16,14,63,7,-2.3500753449010636,7
1433,111,69,8,39,-2.351715592504463,30
1434,43,23,41,13,-2.3652994967791563,10
1435,107,21,16,11,-2.3719183322672905,10
1436,35,18,76,11,-2.4023433325283063,7
1437,57,16,79,8,-2.4270888358529543,8
1438,65,88,8,50,-2.4296314593857904,38
1439,50,16,18,8,-2.4351075330006164,8
1440,6,33,9,18,-2.4426342728153476,15
1441,79,24,85,12,-2.448715961670296,12
1442,38,40,41,21,-2.4535603181412866,19
1443,29,27,6,14,-2.45903121181426,13
1444,93,13,16,7,-2.460583316835962,6
1445,9,44,103,21,-2.4769487250437585,23
1446,29,20,2,11,-2.477941203005181,9
1447,62,15,37,8,-2.4789476689639174,7
1448,107,29,74,16,-2.481204573011676,13
1449,62,17,16,9,-2.4884740684398885,8
1450,55,21,48,12,-2.510477788778171,9
1451,48,27,87,14,-2.5191744108160026,13
1452,98,50,16,28,-2.5197213230509203,22
1453,29,19,50,11,-2.525141516354553,8
1454,54,52,98,26,-2.529015499138276,26
1455,70,33,41,17,-2.5290882561404504,16
1456,34,11,23,5,-2.5306742696464353,6
1457,111,27,10,15,-2.561286831397376,12
1458,109,25,2,15,-2.5641635343710636,10
1459,107,25,55,15,-2.584454892774184,10
1460,65,37,76,21,-2.585450948736576,16
1461,112,20,38,11,-2.5875581099779774,9
1462,9,73,84,42,-2.6121502847539935,31
1463,50,11,70,5,-2.626702900417428,6
1464,111,26,23,15,-2.6303992386646597,11
1465,107,13,30,8,-2.632697525096665,5
1466,107,12,85,8,-2.6471438550645616,4
1467,30,25,111,13,-2.6528736151948067,12
1468,65,39,107,23,-2.657495022575693,16
1469,8,14,15,7,-2.6593953269851673,7
1470,88,20,86,12,-2.6598697754609466,8
1471,98,49,111,27,-2.661784450073085,22
1472,111,13,43,8,-2.669621436422116,5
1473,43,17,107,9,-2.670387525820163,8
1474,93,19,88,8,-2.677402138703952,11
1475,90,39,79,23,-2.6906940404909006,16
1476,20,39,54,22,-2.705144386741404,17
1477,28,29,90,16,-2.709626925847093,13
1478,88,79,65,44,-2.710813449129251,35
1479,50,38,8,20,-2.7166843374091876,18
1480,87,25,62,14,-2.7185367714166615,11
1481,10,30,9,17,-2.725511572413539,13
1482,111,43,84,25,-2.7268529009540043,18
1483,30,14,26,5,-2.7295268644643054,9
1484,29,14,23,8,-2.732572073895786,6
1485,28,21,34,12,-2.734662710408204,9
1486,90,31,98,16,-2.735368995859913,15
1487,79,50,10,24,-2.746120922049544,26
1488,87,66,8,37,-2.751858433815085,29
1489,65,52,55,32,-2.7542384607166874,20
1490,10,11,88,6,-2.7587208354368746,5
1491,79,32,54,17,-2.7695929923739913,15
1492,86,22,50,13,-2.788162676811143,9
1493,12,11,8,6,-2.8009343879230215,5
1494,34,17,29,8,-2.8011697136542715,9
1495,107,15,63,9,-2.8021473545431568,6
1496,65,55,38,30,-2.806589910357459,25
1497,17,30,65,17,-2.836779237291186,13
1498,16,35,23,19,-2.843088725081075,16
1499,16,36,54,19,-2.8472057120467222,17
1500,18,29,111,16,-2.859497108899379,13
1501,29,31,98,16,-2.8666453310461617,15
1502,13,11,55,6,-2.867532212513363,5
1503,28,15,46,8,-2.8691534505866247,7
1504,84,37,54,21,-2.8757727410642757,16
1505,111,30,90,17,-2.89054471305433,13
1506,8,14,63,8,-2.911233669474753,6
1507,20,23,91,13,-2.91310351812833,10
1508,87,10,68,5,-2.918596255497213,5
1509,48,18,18,10,-2.9186933860892377,8
1510,41,36,29,19,-2.9244119186735795,17
1511,54,44,74,22,-2.926291357510124,22
1512,107,22,49,11,-2.938323040228233,11
1513,76,15,23,9,-2.940407468731348,6
1514,96,12,79,6,-2.973342456278541,6
1515,98,23,13,15,-2.9928471993749595,8
1516,89,16,26,8,-3.0015441091670585,8
1517,8,11,12,6,-3.0172474302587955,5
1518,16,18,38,9,-3.0174584469144037,9
1519,28,53,111,29,-3.0373034434579074,24
1520,44,14,9,6,-3.0418979222799787,8
1521,10,18,107,9,-3.050193716172087,9
1522,55,36,79,18,-3.061173945532678,18
1523,48,17,63,9,-3.0841106882866245,8
1524,75,19,8,10,-3.0842682640793213,9
1525,79,56,41,30,-3.1072129437235954,26
1526,50,27,54,16,-3.107516274798209,11
1527,17,15,20,9,-3.1232806552580437,6
1528,88,29,79,18,-3.124876625192895,11
1529,98,10,106,6,-3.1299996913347967,4
1530,38,36,79,20,-3.1386740959807797,16
1531,90,10,1,5,-3.14882035881255,5
1532,16,19,50,10,-3.1594632722429505,9
1533,37,13,91,7,-3.1893915884876662,6
1534,41,17,88,9,-3.1907658333962816,8
1535,86,19,23,10,-3.216916872797102,9
1536,26,37,79,21,-3.2224103393223973,16
1537,85,11,49,6,-3.234049059231714,5
1538,87,15,1,9,-3.235954063691745,6
1539,18,15,76,9,-3.237191989649946,6
1540,6,24,93,13,-3.240702778832872,11
1541,54,21,49,10,-3.2515113788114665,11
1542,88,25,107,13,-3.2653147048802107,12
1543,98,11,59,6,-3.2664563544762517,5
1544,85,18,8,9,-3.274345405108027,9
1545,85,14,54,7,-3.275456701825405,7
1546,85,17,74,9,-3.280838878179328,8
1547,46,11,10,6,-3.290581679590821,5
1548,76,12,104,6,-3.2960173494490537,6
1549,74,27,26,15,-3.318872656585847,12
1550,28,49,55,29,-3.3237508282969777,20
1551,18,23,107,12,-3.3296591016307526,11
1552,84,21,91,12,-3.3334541794661074,9
1553,5,11,8,5,-3.340378827592629,6
1554,28,22,51,12,-3.3441861551037495,10
1555,54,60,8,32,-3.353367622002409,28
1556,8,26,29,14,-3.3557915076756832,12
1557,23,20,91,11,-3.3618813048957485,9
1558,6,18,49,10,-3.361990920437636,8
1559,85,14,2,7,-3.3798876085075156,7
1560,13,14,76,7,-3.383197454645703,7
1561,91,14,57,9,-3.387917143764696,5
1562,37,57,79,33,-3.393777413566036,24
1563,28,32,32,18,-3.3937812746244553,14
1564,37,32,48,17,-3.3973368766785703,15
1565,6,12,57,8,-3.4000169565132334,4
1566,91,10,5,4,-3.4255398118724374,6
1567,86,34,98,20,-3.4263911267965415,14
1568,8,18,51,10,-3.451831063610333,8
1569,20,31,74,17,-3.4627659895235983,14
1570,91,12,48,7,-3.4664297594725237,5
1571,76,21,111,10,-3.4688639491076154,11
1572,107,28,91,16,-3.470162400396327,12
1573,55,14,1,8,-3.472860068937083,6
1574,55,10,51,6,-3.4788515156123387,4
1575,91,38,79,20,-3.4922631180595523,18
1576,28,35,20,21,-3.497130895377864,14
1577,41,49,16,26,-3.501070366837183,23
1578,10,60,8,32,-3.5040882588587823,28
1579,18,55,28,30,-3.5048718464168536,25
1580,94,13,65,7,-3.505690987614661,6
1581,26,33,111,19,-3.5276889460712058,14
1582,8,28,73,17,-3.5539511566695987,11
1583,38,25,50,14,-3.5687465201033057,11
1584,23,15,101,9,-3.591604516250614,6
1585,18,12,10,8,-3.6042571144804363,4
1586,112,10,98,5,-3.634369737429611,5
1587,73,22,20,12,-3.6521774474687554,10
1588,65,17,57,11,-3.66200460796526,6
1589,65,12,106,7,-3.6637536933904076,5
1590,89,14,48,8,-3.663870491648256,6
1591,84,19,30,10,-3.6645394021317745,9
1592,16,58,79,33,-3.706679769768872,25
1593,10,14,32,9,-3.709056496740224,5
1594,87,10,60,5,-3.716219490276847,5
1595,38,22,84,13,-3.721558072111377,9
1596,41,16,48,9,-3.723395209925695,7
1597,30,12,48,7,-3.7343899451682225,5
1598,10,34,65,19,-3.7403807843221304,15
1599,28,69,65,39,-3.7517616974629986,30
1600,18,12,57,8,-3.7525453734501912,4
1601,73,15,79,8,-3.780403758532128,7
1602,110,11,26,5,-3.781495457699158,6
1603,103,12,110,7,-3.784927459031115,5
1604,49,21,54,13,-3.788826048016568,8
1605,18,15,93,8,-3.8000555745474087,7
1606,98,16,43,9,-3.8123705589147328,7
1607,91,14,32,7,-3.8253106560348464,7
1608,79,60,28,30,-3.8255911798624993,30
1609,29,21,91,12,-3.840820511726981,9
1610,18,18,41,11,-3.84366102932153,7
1611,9,10,106,6,-3.8491129304664526,4
1612,49,14,38,7,-3.8551286140805963,7
1613,86,20,51,11,-3.863362217006626,9
1614,50,10,20,6,-3.866423191070092,4
1615,17,11,55,6,-3.8840410393606315,5
1616,84,47,98,26,-3.8908337456526567,21
1617,2,26,91,15,-3.8971597312680113,11
1618,54,16,94,8,-3.897800639878564,8
1619,9,30,26,15,-3.917115924375875,15
1620,74,22,43,13,-3.9345782455697673,9
1621,112,10,91,5,-3.946754868280294,5
1622,2,63,28,35,-3.947282027853599,28
1623,73,22,6,11,-3.9476996189213933,11
1624,9,33,50,19,-3.9547022002179157,14
1625,8,40,91,21,-3.961945852137986,19
1626,20,20,112,10,-3.9655619093439842,10
1627,74,29,16,17,-3.974341734686631,12
1628,26,14,55,8,-3.9805474058369166,6
1629,37,26,87,13,-3.9965570187790043,13
1630,91,21,16,12,-3.9970853488454208,9
1631,79,37,50,20,-4.0012957630104395,17
1632,79,33,23,17,-4.005580416521516,16
1633,103,50,79,29,-4.028559233170849,21
1634,28,58,98,31,-4.030600698284184,27
1635,88,11,10,6,-4.0314188677890535,5
1636,2,19,26,10,-4.041871884320681,9
1637,85,16,98,8,-4.042048861968959,8
1638,98,23,109,13,-4.0431120330253485,10
1639,71,15,84,8,-4.046997354452872,7
1640,10,32,16,18,-4.051397029804468,14
1641,10,41,2,24,-4.057775267216063,17
1642,88,32,55,20,-4.0638895500328625,12
1643,2,63,8,33,-4.075797689905299,30
1644,9,36,2,19,-4.08389169356919,17
1645,2,63,98,35,-4.0864521676034835,28
1646,84,19,14,13,-4.105576202233761,6
1647,98,39,37,22,-4.11677597890711,17
1648,10,16,103,9,-4.145748166667432,7
1649,2,15,37,8,-4.14722052773026,7
1650,91,23,65,11,-4.15010120900014,12
1651,50,37,28,21,-4.164740256251371,16
1652,32,16,2,9,-4.169077635966493,7
1653,30,25,79,13,-4.1738505804696135,12
1654,9,26,62,15,-4.200068098711876,11
1655,50,13,6,7,-4.204764557786179,6
1656,37,37,16,23,-4.21114707700778,14
1657,91,14,109,7,-4.213752581267606,7
1658,8,24,104,15,-4.217796324401938,9
1659,90,18,86,11,-4.223509495637682,7
1660,6,24,23,13,-4.230313442640459,11
1661,79,47,6,27,-4.237391580830745,20
1662,8,11,97,7,-4.238412616249588,4
1663,49,13,18,7,-4.243576516469454,6
1664,98,39,6,23,-4.250381101594533,16
1665,46,24,74,12,-4.250765743447537,12
1666,55,44,111,24,-4.253083069824154,20
1667,103,35,107,20,-4.274205878998454,15
1668,48,15,85,9,-4.305363268792187,6
1669,84,22,57,13,-4.307342730462738,9
1670,41,39,26,18,-4.308213459712551,21
1671,1,20,41,13,-4.310885836842604,7
1672,90,13,20,8,-4.319530234657456,5
1673,26,27,74,15,-4.321080857814067,12
1674,74,31,2,17,-4.326298290158694,14
1675,30,22,91,11,-4.330777519237086,11
1676,3,17,54,9,-4.336905078418528,8
1677,44,13,79,7,-4.356415433762269,6
1678,2,11,57,7,-4.360321050424336,4
1679,107,43,87,26,-4.366588065151469,17
1680,94,11,87,6,-4.375015437142172,5
1681,1,10,90,6,-4.375601097645208,4
1682,89,13,54,8,-4.375934710162814,5
1683,104,15,107,9,-4.384096889948017,6
1684,41,36,50,20,-4.39168406813968,16
1685,50,11,75,7,-4.392668801200932,4
1686,41,36,84,22,-4.405400183867785,14
1687,20,19,43,10,-4.407702920435093,9
1688,103,20,73,11,-4.408542656876506,9
1689,13,10,90,5,-4.435057658973358,5
1690,2,18,90,10,-4.440452857575481,8
1691,79,20,29,11,-4.446531848215205,9
1692,58,16,98,8,-4.454073647186219,8
1693,84,23,73,15,-4.463513313785124,8
1694,110,23,20,13,-4.46357978693552,10
1695,15,25,111,15,-4.472513123100842,10
1696,29,21,111,10,-4.484029622528673,11
1697,93,21,29,12,-4.498959392246701,9
1698,62,11,29,6,-4.502398822563125,5
1699,6,27,29,15,-4.503478704943507,12
1700,93,28,79,14,-4.503897640777635,14
1701,23,40,41,23,-4.507259861409941,17
1702,93,29,111,15,-4.510765206652467,14
1703,85,11,18,5,-4.514791288537011,6
1704,74,15,32,9,-4.519404747582117,6
1705,109,26,65,13,-4.522732343847644,13
1706,23,24,74,13,-4.530539923458647,11
1707,51,10,2,5,-4.541060117126738,5
1708,8,24,30,15,-4.543200368608651,9
1709,98,43,20,25,-4.552220105497898,18
1710,57,15,87,8,-4.5524099729129395,7
1711,89,20,9,13,-4.555028073124964,7
1712,37,13,46,7,-4.568700097838745,6
1713,86,49,84,27,-4.577240119007232,22
1714,15,10,86,5,-4.603054673648832,5
1715,54,27,87,15,-4.613822779482278,12
1716,9,49,111,26,-4.631532876714527,23
1717,2,20,29,11,-4.659724574406296,9
1718,9,76,79,43,-4.699969329384482,33
1719,29,35,87,20,-4.710088352572669,15
1720,93,19,109,11,-4.710552248323455,8
1721,9,30,90,17,-4.717832744642908,13
1722,65,41,23,23,-4.770740161452314,18
1723,28,37,23,21,-4.773448036217731,16
1724,104,10,111,6,-4.78538385386756,4
1725,103,33,50,19,-4.789964024048163,14
1726,30,11,17,6,-4.793161472453949,5
1727,18,11,86,6,-4.795064637153174,5
1728,48,46,8,26,-4.828884672158708,20
1729,109,11,89,6,-4.829014520032646,5
1730,13,13,103,7,-4.835710066696813,6
1731,111,60,79,36,-4.845673626000181,24
1732,98,25,30,16,-4.849081372286935,9
1733,8,61,74,35,-4.861231025934779,26
1734,76,26,87,15,-4.892551999966174,11
1735,20,30,93,15,-4.900735470483163,15
1736,5,11,65,6,-4.901615377921411,5
1737,70,23,28,12,-4.906318270343949,11
1738,20,51,87,29,-4.928957222630361,22
1739,6,15,34,9,-4.930033055320858,6
1740,103,11,46,6,-4.934914439873031,5
1741,20,37,111,20,-4.9479559141790075,17
1742,111,36,107,21,-4.95140635788508,15
1743,59,10,10,5,-4.967497448599415,5
1744,86,20,41,11,-4.968122887256159,9
1745,20,10,89,6,-4.97640303815121,4
1746,54,17,62,10,-5.001633115691913,7
1747,32,20,55,12,-5.0109481732467795,8
1748,84,15,89,10,-5.0152693534373975,5
1749,1,17,16,9,-5.031673674933401,8
1750,43,13,111,7,-5.0327903736846205,6
1751,54,58,65,32,-5.034371936668328,26
1752,73,20,16,11,-5.0706587833744905,9
1753,41,16,59,9,-5.075333393683101,7
1754,49,17,32,9,-5.084232180469871,8
1755,2,28,107,16,-5.101731059055636,12
1756,18,21,103,12,-5.117263308095348,9
1757,89,29,41,17,-5.128070897369619,12
1758,17,12,54,7,-5.132650672697679,5
1759,20,47,8,28,-5.13696712403145,19
1760,87,26,103,15,-5.13844337309213,11
1761,52,10,98,5,-5.141825899051739,5
1762,87,32,16,19,-5.155343305225084,13
1763,57,15,16,8,-5.174682414292543,7
1764,84,39,23,22,-5.174802875601986,17
1765,57,10,111,6,-5.186942618450885,4
1766,9,106,65,61,-5.210618625384625,45
1767,111,10,1,5,-5.238983537325088,5
1768,65,71,93,41,-5.253531432442059,30
1769,89,12,50,7,-5.253704218444141,5
1770,85,15,63,8,-5.266282773446651,7
1771,2,33,50,20,-5.273652216296242,13
1772,103,30,17,18,-5.294404276815358,12
1773,16,20,90,11,-5.309705496674622,9
1774,8,23,90,14,-5.338168133162711,9
1775,84,21,29,12,-5.340667565501357,9
1776,16,32,55,19,-5.343520488533987,13
1777,9,47,87,27,-5.350758253257081,20
1778,106,15,8,8,-5.356587228673996,7
1779,6,13,89,8,-5.362805216014631,5
1780,41,66,8,36,-5.383353261881381,30
1781,28,10,19,6,-5.405282356849322,4
1782,41,35,73,20,-5.413974250069213,15
1783,38,26,20,15,-5.422962328602488,11
1784,23,16,109,10,-5.438260955948294,6
1785,76,39,84,20,-5.438513858870126,19
1786,9,27,13,17,-5.440810272043136,10
1787,87,27,49,14,-5.451792030762737,13
1788,38,25,30,13,-5.45936332609693,12
1789,9,10,14,7,-5.463439437022661,3
1790,87,20,90,13,-5.4648990682068606,7
1791,49,13,93,7,-5.465162375246015,6
1792,15,15,65,8,-5.468158414216741,7
1793,73,21,74,12,-5.49643746893769,9
1794,85,12,107,5,-5.501246863309672,7
1795,34,16,107,9,-5.514558906998724,7
1796,2,10,46,6,-5.541906116456114,4
1797,48,35,6,20,-5.544547995709246,15
1798,55,19,74,10,-5.544677661719653,9
1799,97,11,28,5,-5.54697078214519,6
1800,98,31,87,19,-5.565208502801091,12
1801,48,14,49,7,-5.572044813615613,7
1802,55,24,103,14,-5.588813975862993,10
1803,57,11,86,6,-5.628641785626694,5
1804,29,22,26,14,-5.630548836449718,8
1805,20,25,6,13,-5.631661671252286,12
1806,87,12,104,8,-5.633009975820382,4
1807,48,16,2,8,-5.635246627200363,8
1808,9,45,41,28,-5.6439057397283525,17
1809,86,37,9,21,-5.6454583600246036,16
1810,16,62,28,36,-5.654126717517755,26
1811,6,26,103,16,-5.659939287843899,10
1812,50,13,17,8,-5.662435030700867,5
1813,91,29,111,16,-5.664784285354977,13
1814,91,16,63,9,-5.6695484537306235,7
1815,9,13,43,7,-5.682535108763632,6
1816,51,11,18,6,-5.697627847770079,5
1817,20,15,37,9,-5.706089514776047,6
1818,65,23,89,13,-5.729458742490648,10
1819,55,14,26,8,-5.738748859328644,6
1820,37,20,90,12,-5.742590617036875,8
1821,16,63,8,38,-5.746305171461183,25
1822,9,29,38,16,-5.756435186772364,13
1823,28,15,75,8,-5.767432508412389,7
1824,84,29,20,18,-5.768636301056337,11
1825,9,24,49,15,-5.768934866939488,9
1826,79,14,51,8,-5.772506691008202,6
1827,50,27,55,17,-5.779208495041811,10
1828,54,18,32,11,-5.782610489553489,7
1829,73,14,26,7,-5.793757710550314,7
1830,94,12,8,7,-5.79404543544707,5
1831,76,40,86,22,-5.806686757195042,18
1832,87,23,38,14,-5.822358709545341,9
1833,8,37,37,21,-5.826102721509761,16
1834,44,10,2,6,-5.829723764491529,4
1835,10,31,98,18,-5.831587893507183,13
1836,48,10,107,6,-5.863597775104665,4
1837,16,17,17,10,-5.868342075872026,7
1838,9,45,74,27,-5.903246001506488,18
1839,2,32,84,19,-5.92758837249606,13
1840,112,20,20,12,-5.92853113025916,8
1841,91,28,87,17,-5.954439761122977,11
1842,48,16,90,9,-5.9550343515423965,7
1843,49,23,8,13,-5.962799116224744,10
1844,62,10,86,4,-5.9629944894743,6
1845,34,10,17,6,-5.970863859166942,4
1846,23,18,2,10,-5.985551573396107,8
1847,107,76,8,44,-5.997933185484727,32
1848,77,10,49,5,-6.002993751357126,5
1849,91,18,38,10,-6.003578716041363,8
1850,2,11,94,6,-6.010461250553638,5
1851,91,48,98,26,-6.010481139866049,22
1852,98,27,26,14,-6.028495429489334,13
1853,62,36,8,21,-6.033809520555298,15
1854,98,13,63,7,-6.056134732306893,6
1855,55,11,70,6,-6.063347048758252,5
1856,89,25,79,16,-6.066359313406789,9
1857,74,38,111,22,-6.079631925271179,16
1858,76,34,16,19,-6.08845765369634,15
1859,38,34,54,21,-6.117390645115775,13
1860,56,11,111,7,-6.133528731729063,4
1861,49,17,79,11,-6.136507600104288,6
1862,88,23,87,15,-6.146478682205597,8
1863,66,11,2,7,-6.205381429919995,4
1864,34,14,16,8,-6.229556768499603,6
1865,41,35,2,22,-6.231438093089563,13
1866,9,12,75,8,-6.239095019020707,4
1867,9,32,55,21,-6.253306035745025,11
1868,16,25,32,15,-6.270434527094816,10
1869,50,23,111,14,-6.270457745960824,9
1870,44,15,111,9,-6.2820016152004,6
1871,54,16,90,9,-6.290244829620479,7
1872,111,30,2,18,-6.328590766591992,12
1873,73,18,86,11,-6.340120760849839,7
1874,28,10,31,6,-6.368565836830035,4
1875,88,22,103,14,-6.368772240906126,8
1876,37,22,30,14,-6.384018768768752,8
1877,8,74,55,46,-6.38460226074644,28
1878,39,10,65,6,-6.40523745473044,4
1879,74,36,79,23,-6.418996516558229,13
1880,28,14,12,9,-6.429365216940005,5
1881,8,10,112,6,-6.439047583949824,4
1882,62,10,90,6,-6.4415032468905995,4
1883,88,16,20,10,-6.450213485704791,6
1884,48,32,65,19,-6.477954122109943,13
1885,48,11,23,6,-6.485113687277626,5
1886,8,35,32,20,-6.494741280760348,15
1887,28,34,103,20,-6.496510604338202,14
1888,18,25,87,16,-6.500921078177539,9
1889,62,13,17,8,-6.51109228837904,5
1890,88,26,74,17,-6.515151171646331,9
1891,88,37,16,24,-6.515823910267607,13
1892,49,20,28,13,-6.516042363299269,7
1893,70,14,103,7,-6.530155528635705,7
1894,57,18,23,10,-6.535348935161005,8
1895,88,27,9,16,-6.543398859483147,11
1896,16,14,30,9,-6.55720678280854,5
1897,66,12,84,7,-6.578044154096628,5
1898,79,22,17,13,-6.594638264229067,9
1899,18,48,8,29,-6.594687381789504,19
1900,18,21,16,13,-6.6099594156094685,8
1901,76,20,107,12,-6.61181954357389,8
1902,85,14,86,7,-6.640232602185863,7
1903,76,41,79,26,-6.641927270209355,15
1904,87,23,70,14,-6.643543273052479,9
1905,49,15,17,9,-6.655321673670166,6
1906,34,23,98,15,-6.664658670492527,8
1907,49,16,74,9,-6.6690338705923,7
1908,9,24,18,14,-6.669379438735331,10
1909,2,14,15,8,-6.68122325045803,6
1910,79,75,8,42,-6.683487118677582,33
1911,57,16,88,9,-6.698470388803919,7
1912,62,18,79,10,-6.706683341972167,8
1913,9,25,29,14,-6.70933512946719,11
1914,74,11,89,6,-6.714017548400364,5
1915,9,97,8,57,-6.714131985933656,40
1916,9,69,16,44,-6.72859355871522,25
1917,111,14,13,9,-6.729510456907126,5
1918,34,19,2,11,-6.729658072634228,8
1919,32,24,65,14,-6.740147619373065,10
1920,41,42,111,24,-6.742879314894576,18
1921,50,36,98,20,-6.748525889961948,16
1922,54,17,46,11,-6.756375555864047,6
1923,28,38,6,23,-6.756711383632952,15
1924,28,46,87,28,-6.771264575755612,18
1925,20,25,2,14,-6.800156386602417,11
1926,41,35,91,22,-6.801656465480553,13
1927,93,47,8,29,-6.803263671135738,18
1928,6,21,88,13,-6.808639243885848,8
1929,91,26,6,15,-6.823132237906975,11
1930,70,16,30,10,-6.824605553405184,6
1931,28,38,38,22,-6.8687841977025155,16
1932,63,10,88,6,-6.87340914266048,4
1933,16,11,15,7,-6.875773988595896,4
1934,87,11,89,7,-6.89032748453306,4
1935,74,12,57,8,-6.91760424242575,4
1936,17,14,90,8,-6.930186835428714,6
1937,37,15,55,9,-6.937691224090444,6
1938,68,10,73,6,-6.95394987102174,4
1939,50,27,107,17,-6.978239572703387,10
1940,101,11,79,6,-6.990861425930873,5
1941,104,21,79,14,-7.001432407845643,7
1942,6,19,90,11,-7.0034906221582,8
1943,6,10,51,7,-7.0035300376142064,3
1944,91,26,103,13,-7.011657257024809,13
1945,6,20,111,12,-7.01838566892247,8
1946,9,40,23,24,-7.023066131343451,16
1947,79,19,59,11,-7.0352036880537865,8
1948,34,12,55,8,-7.041774709364912,4
1949,28,37,91,23,-7.04770720595576,14
1950,34,15,87,9,-7.057985714791882,6
1951,13,10,10,5,-7.08154547770926,5
1952,86,21,30,16,-7.093547407861882,5
1953,62,14,104,9,-7.094567188746597,5
1954,89,16,16,10,-7.102664218068734,6
1955,103,20,29,12,-7.147753101442872,8
1956,32,16,103,10,-7.165401001930772,6
1957,6,38,54,26,-7.169885763488394,12
1958,6,11,5,7,-7.175117705775805,4
1959,98,40,23,25,-7.180366591070175,15
1960,20,17,94,11,-7.200649176708728,6
1961,34,13,111,7,-7.201437198359538,6
1962,29,19,54,13,-7.2088827987279975,6
1963,6,29,55,20,-7.216182147698299,9
1964,76,19,10,11,-7.223608714939963,8
1965,49,13,30,8,-7.228582193886497,5
1966,73,18,50,10,-7.241939960957099,8
1967,103,49,98,31,-7.248745608369252,18
1968,88,24,84,15,-7.256956915758404,9
1969,38,14,88,8,-7.257573306252311,6
1970,86,19,10,12,-7.266452513785876,7
1971,73,10,30,6,-7.2752412959190496,4
1972,70,15,23,9,-7.277989111704888,6
1973,68,24,8,14,-7.280502110476545,10
1974,94,16,9,9,-7.284482029205993,7
1975,20,13,13,9,-7.287197108459042,4
1976,41,44,87,25,-7.307077046689725,19
1977,28,45,107,25,-7.308415503431697,20
1978,10,21,54,13,-7.316914939103655,8
1979,9,35,73,21,-7.31762524261672,14
1980,28,42,93,25,-7.320077356490772,17
1981,103,16,10,9,-7.341759223830171,7
1982,65,14,43,8,-7.3477742435965085,6
1983,111,10,63,6,-7.375087282658117,4
1984,8,12,94,7,-7.380839863701195,5
1985,65,80,20,50,-7.401837775451882,30
1986,5,15,98,9,-7.40308817440165,6
1987,49,13,41,9,-7.40613906742907,4
1988,75,13,41,7,-7.41688145074682,6
1989,54,29,88,17,-7.418874182686384,12
1990,68,14,98,10,-7.427653338623123,4
1991,50,31,87,19,-7.429484842498572,12
1992,48,14,17,8,-7.444960593591363,6
1993,28,29,10,19,-7.458178088618773,10
1994,86,33,87,20,-7.461882361903258,13
1995,8,16,1,9,-7.473060523777063,7
1996,9,34,107,19,-7.482440310595418,15
1997,79,23,18,13,-7.489902589142591,10
1998,41,53,28,30,-7.494799478271726,23
1999,38,24,2,13,-7.498014725943601,11
2000,38,10,34,6,-7.513274255260262,4
2001,54,28,103,16,-7.519450232339535,12
2002,34,26,84,17,-7.521080186287478,9
2003,107,20,29,13,-7.525530619454991,7
2004,70,17,79,9,-7.531628680674292,8
2005,54,40,28,25,-7.5339699178468,15
2006,76,21,91,13,-7.538547355116531,8
2007,112,21,6,12,-7.552230223314681,9
2008,86,26,111,15,-7.599516330003592,11
2009,48,43,84,25,-7.630223766084297,18
2010,86,29,74,18,-7.646930643556196,11
2011,74,20,10,13,-7.659112863437717,7
2012,10,12,104,7,-7.6851628828676155,5
2013,65,70,111,40,-7.692935034996462,30
2014,76,40,88,23,-7.693645081601591,17
2015,59,11,23,7,-7.703199044299859,4
2016,85,14,111,9,-7.729378570457982,5
2017,9,47,54,29,-7.730165797190964,18
2018,55,19,86,10,-7.741962199946462,9
2019,74,19,17,11,-7.746897696537681,8
2020,109,13,29,8,-7.7648215544268036,5
2021,2,11,58,7,-7.801381373372695,4
2022,109,25,20,17,-7.80690748170692,8
2023,37,32,76,21,-7.820497576953574,11
2024,9,26,17,16,-7.831275179780667,10
2025,38,36,8,23,-7.848513446954377,13
2026,12,11,74,6,-7.881335923893619,5
2027,9,30,109,18,-7.889736540676633,12
2028,13,14,49,8,-7.890029815709072,6
2029,10,24,89,15,-7.895828853446882,9
2030,68,17,65,10,-7.94486932740305,7
2031,76,18,55,11,-7.9507324288399905,7
2032,29,13,10,8,-7.953877306686606,5
2033,18,26,98,16,-7.97184494616587,10
2034,37,12,109,7,-7.972273664149992,5
2035,86,14,32,8,-7.973587175462616,6
2036,8,40,23,25,-7.983032320771588,15
2037,34,16,41,9,-7.985588983079854,7
2038,46,12,29,8,-7.990068011062898,4
2039,41,15,90,9,-7.997737246515682,6
2040,86,11,1,7,-8.004187715591307,4
2041,28,37,76,22,-8.031633541184373,15
2042,79,45,87,27,-8.036990951026816,18
2043,111,34,16,19,-8.046487125961022,15
2044,74,11,13,7,-8.04867506694036,4
2045,13,12,6,7,-8.074590184679874,5
2046,10,15,30,10,-8.08039942607508,5
2047,54,32,93,22,-8.106367720057326,10
2048,20,15,86,9,-8.11727777921371,6
2049,9,14,19,8,-8.117304295019109,6
2050,87,22,30,14,-8.119510877690912,8
2051,62,15,76,7,-8.131608728723029,8
2052,43,23,8,14,-8.14423209940399,9
2053,106,18,79,10,-8.147257860665952,8
2054,20,16,16,9,-8.147746017528714,7
2055,76,50,8,31,-8.153080443136032,19
2056,8,29,17,18,-8.17510581548791,11
2057,98,29,49,17,-8.192506354783728,12
2058,84,60,16,37,-8.204376835222098,23
2059,94,13,28,8,-8.222371266039165,5
2060,16,10,26,6,-8.231874067384071,4
2061,17,14,111,8,-8.239799794462428,6
2062,28,21,104,14,-8.265027043088967,7
2063,9,33,20,22,-8.272596506781884,11
2064,58,12,65,6,-8.279172093518044,6
2065,41,18,76,11,-8.284971187696902,7
2066,65,52,74,33,-8.288743311827762,19
2067,84,19,17,12,-8.294099990413244,7
2068,59,17,9,11,-8.305936798720639,6
2069,65,46,63,28,-8.306125506100823,18
2070,109,33,8,20,-8.311226620633244,13
2071,2,48,16,30,-8.328366235740484,18
2072,103,45,41,31,-8.332714422601015,14
2073,35,10,8,6,-8.335806667410798,4
2074,9,36,91,22,-8.337030454552696,14
2075,84,11,104,7,-8.339235828654417,4
2076,63,20,84,12,-8.347628578121029,8
2077,70,10,20,7,-8.374580328727138,3
2078,65,14,1,9,-8.38534721300084,5
2079,93,23,23,13,-8.387201678617911,10
2080,23,19,90,12,-8.394839451243376,7
2081,89,11,90,7,-8.396796914570167,4
2082,86,66,16,42,-8.413950151459284,24
2083,87,17,43,11,-8.41719039009833,6
2084,10,21,73,14,-8.419335562342074,7
2085,1,21,98,14,-8.436557583367687,7
2086,85,26,84,14,-8.437491114567154,12
2087,84,31,93,20,-8.465363334016377,11
2088,56,13,8,9,-8.47665012859135,4
2089,70,25,16,17,-8.490955297661811,8
2090,103,24,26,14,-8.523036763842914,10
2091,9,25,32,16,-8.53109215537152,9
2092,62,18,41,11,-8.537234992782361,7
2093,10,18,93,12,-8.563863748489084,6
2094,76,24,54,14,-8.571167297040507,10
2095,86,40,37,24,-8.603825624585157,16
2096,28,25,13,17,-8.630486148809299,8
2097,71,10,54,7,-8.658299695148916,3
2098,109,18,34,11,-8.66273498003356,7
2099,88,23,37,15,-8.667790010971713,8
2100,20,15,34,10,-8.68693105656746,5
2101,6,27,16,16,-8.696725649896711,11
2102,37,23,23,15,-8.700238300329007,8
2103,37,26,54,18,-8.701915458664551,8
2104,75,16,79,11,-8.729196308002651,5
2105,20,35,55,21,-8.738108987978196,14
2106,38,15,32,10,-8.75452405688887,5
2107,91,26,2,15,-8.783750173530157,11
2108,20,53,41,35,-8.79255140026366,18
2109,85,11,10,6,-8.810276618143424,5
2110,79,26,32,17,-8.859137187931584,9
2111,94,17,98,11,-8.877059957058028,6
2112,8,20,13,13,-8.901629409574467,7
2113,50,11,112,7,-8.921235906620762,4
2114,110,20,107,12,-8.933567921834605,8
2115,54,19,30,12,-8.941378731198725,7
2116,65,40,2,27,-8.964459948107422,13
2117,107,17,43,11,-8.971497306643272,6
2118,20,10,46,5,-8.988887305938196,5
2119,76,35,74,23,-9.021109435296268,12
2120,65,57,16,35,-9.041777655106586,22
2121,50,16,91,11,-9.044194652502608,5
2122,109,13,106,8,-9.06266809979583,5
2123,46,10,20,7,-9.077995926942414,3
2124,32,12,26,7,-9.09769401619869,5
2125,57,11,2,6,-9.107338089684553,5
2126,30,14,23,8,-9.118564512919738,6
2127,91,35,74,22,-9.120669894046731,13
2128,90,10,55,7,-9.12168406430224,3
2129,65,58,98,37,-9.126651402593732,21
2130,48,15,50,9,-9.13089598930206,6
2131,6,18,30,13,-9.214935490589038,5
2132,50,14,43,9,-9.27474781724881,5
2133,86,20,38,14,-9.280969369301586,6
2134,23,17,50,10,-9.300090532650529,7
2135,32,29,111,17,-9.306159625162506,12
2136,107,13,13,9,-9.307281354536356,4
2137,112,13,28,8,-9.317343463958052,5
2138,79,22,34,13,-9.33337221438402,9
2139,55,15,23,9,-9.335240638495891,6
2140,29,22,74,13,-9.341715830488068,9
2141,86,17,49,9,-9.343172433673239,8
2142,14,12,87,8,-9.368279134366459,4
2143,8,14,59,9,-9.376826871718674,5
2144,8,17,46,11,-9.405496106583279,6
2145,10,11,57,7,-9.432674751481889,4
2146,44,17,65,10,-9.443702457838898,7
2147,34,24,8,16,-9.455603000494804,8
2148,19,11,103,7,-9.481054864710421,4
2149,58,11,6,7,-9.489496457414932,4
2150,28,16,43,11,-9.500596764145225,5
2151,76,23,15,15,-9.503739473265108,8
2152,88,14,32,10,-9.505084521049728,4
2153,8,45,26,27,-9.507536225083523,18
2154,17,13,91,8,-9.524679603281824,5
2155,79,21,13,15,-9.547980426671515,6
2156,65,21,60,13,-9.571951123571171,8
2157,89,22,23,14,-9.576875474490599,8
2158,68,18,20,11,-9.579258034610845,7
2159,107,28,79,19,-9.628503445575708,9
2160,18,10,46,7,-9.6369429103627,3
2161,62,26,98,16,-9.641858129313675,10
2162,85,11,88,7,-9.656301948727862,4
2163,87,34,93,22,-9.672186026001654,12
2164,38,32,29,21,-9.681299801122256,11
2165,54,42,111,27,-9.689985351794757,15
2166,2,17,70,12,-9.721215849454834,5
2167,48,10,34,6,-9.747358685821412,4
2168,103,36,111,23,-9.751404731703087,13
2169,85,19,28,12,-9.754813285313771,7
2170,103,42,8,29,-9.755203687685839,13
2171,76,20,46,14,-9.768141281128242,6
2172,44,34,6,21,-9.768613303295997,13
2173,54,24,55,17,-9.845323433417095,7
2174,64,10,28,6,-9.858359509289869,4
2175,50,14,10,9,-9.907166966632534,5
2176,17,13,87,8,-9.92299839057508,5
2177,75,10,103,6,-9.92764617859353,4
2178,70,11,93,7,-9.928875321549777,4
2179,18,14,55,9,-9.949790942140542,5
2180,55,17,10,10,-9.95517779426481,7
2181,38,24,111,15,-9.966212518632437,9
2182,70,10,29,7,-9.97437186041017,3
2183,34,17,76,11,-9.994247540573088,6
2184,30,11,88,6,-10.024835723736619,5
2185,46,17,111,11,-10.027977766283337,6
2186,34,14,37,9,-10.040882054419711,5
2187,74,29,103,20,-10.120878103689181,9
2188,50,15,30,9,-10.12099142967515,6
2189,84,14,109,9,-10.149942855967593,5
2190,65,23,110,15,-10.151511833678441,8
2191,18,17,74,11,-10.161044876408573,6
2192,38,10,60,6,-10.186949801542625,4
2193,96,12,65,7,-10.190345361441285,5
2194,74,27,93,19,-10.211482113190499,8
2195,6,16,26,11,-10.241752287967037,5
2196,109,14,91,9,-10.246844938152377,5
2197,73,16,2,10,-10.299221262346556,6
2198,89,14,8,9,-10.313019177206712,5
2199,75,11,2,7,-10.369833561069749,4
2200,75,12,93,7,-10.370088912225684,5
2201,17,10,29,7,-10.39598522715346,3
2202,88,15,73,10,-10.39694546347287,5
2203,49,17,20,11,-10.413212284497675,6
2204,76,20,70,13,-10.440720709029375,7
2205,79,37,26,23,-10.48182801922156,14
2206,79,34,20,23,-10.53719224502861,11
2207,48,34,79,21,-10.554708421565545,13
2208,76,32,98,20,-10.566257306689163,12
2209,32,12,6,8,-10.5718983874489,4
2210,65,15,70,10,-10.573807897523746,5
2211,109,14,103,10,-10.579033749442829,4
2212,109,12,86,7,-10.607119538943413,5
2213,101,10,65,6,-10.616476001261296,4
2214,88,37,98,26,-10.63966352804894,11
2215,58,13,38,9,-10.642287291889899,4
2216,109,18,74,11,-10.643610558105994,7
2217,16,16,75,11,-10.668295124883427,5
2218,109,16,107,10,-10.668493285549742,6
2219,41,14,37,9,-10.69447624326301,5
2220,103,50,65,34,-10.69843242130798,16
2221,85,10,91,5,-10.702453755941068,5
2222,41,26,55,16,-10.703172393729925,10
2223,85,23,16,15,-10.722666363673586,8
2224,66,13,8,9,-10.737460925769152,4
2225,30,20,55,12,-10.741156330527382,8
2226,37,10,50,6,-10.742277179240862,4
2227,18,14,23,10,-10.769319649937687,4
2228,23,16,17,11,-10.781653305644483,5
2229,103,25,30,17,-10.782874613377903,8
2230,68,11,50,8,-10.798306988405807,3
2231,63,13,37,8,-10.805969524077794,5
2232,41,48,98,30,-10.835326353590224,18
2233,51,16,54,10,-10.84412241330361,6
2234,62,11,30,7,-10.85983931371429,4
2235,8,10,11,7,-10.874801270533911,3
2236,65,30,26,19,-10.898269254189744,11
2237,9,70,28,45,-10.91495996110083,25
2238,20,38,26,25,-10.94603615247926,13
2239,2,11,13,8,-10.953261699605443,3
2240,51,17,87,11,-10.954751209558498,6
2241,43,10,30,7,-10.958461383133036,3
2242,56,10,87,7,-10.97544493784176,3
2243,6,14,38,10,-11.005398790381081,4
2244,9,21,30,15,-11.009407613122827,6
2245,11,12,28,8,-11.015382388068575,4
2246,50,20,65,13,-11.026543162219186,7
2247,110,12,98,8,-11.026999619900332,4
2248,103,13,13,8,-11.054952217566056,5
2249,6,25,74,17,-11.078169532223491,8
2250,37,19,93,13,-11.13537305772806,6
2251,46,13,26,8,-11.170213516874066,5
2252,28,10,15,7,-11.176545961741331,3
2253,37,16,85,12,-11.18389053845617,4
2254,87,47,55,32,-11.221595648661637,15
2255,1,14,93,10,-11.222746146114872,4
2256,50,18,32,11,-11.225096892130631,7
2257,29,21,30,13,-11.231145218657787,8
2258,65,14,34,9,-11.233073447780972,5
2259,71,12,98,8,-11.256798740703502,4
2260,9,21,34,14,-11.27320030992046,7
2261,103,22,2,16,-11.358008021341288,6
2262,54,19,63,12,-11.360815568498154,7
2263,9,18,46,11,-11.371108835096297,7
2264,10,27,84,18,-11.41284579921636,9
2265,41,20,17,15,-11.462467383182341,5
2266,109,22,38,15,-11.561969316834697,7
2267,102,16,65,10,-11.565057266886953,6
2268,91,15,55,11,-11.567443094683266,4
2269,13,18,16,12,-11.568229122492735,6
2270,18,16,65,11,-11.593628436717696,5
2271,18,11,91,7,-11.600004781918232,4
2272,15,17,98,11,-11.628891195956705,6
2273,70,14,107,9,-11.658453467748302,5
2274,93,13,73,9,-11.6698926319616,4
2275,6,28,87,19,-11.670469918906115,9
2276,91,15,93,10,-11.673165263369297,5
2277,20,13,18,8,-11.715025972179685,5
2278,62,13,70,8,-11.719880801732709,5
2279,26,15,23,10,-11.729655071897735,5
2280,79,10,15,7,-11.756403792330063,3
2281,107,14,1,9,-11.758251767033554,5
2282,9,14,63,9,-11.783307166491198,5
2283,88,15,46,11,-11.79739038215315,4
2284,103,29,93,19,-11.801085216233043,10
2285,9,11,58,8,-11.82226661915616,3
2286,41,37,54,25,-11.822644765581678,12
2287,62,15,23,11,-11.828374088275872,4
2288,109,14,43,9,-11.866460109925436,5
2289,87,44,26,29,-11.871386146117102,15
2290,1,11,9,7,-11.88637849875501,4
2291,111,17,48,12,-11.90270630017423,5
2292,17,13,18,8,-11.905263091036245,5
2293,76,10,93,7,-11.923250604262599,3
2294,98,16,104,10,-11.93364499732059,6
2295,98,24,32,16,-11.959293567844906,8
2296,65,22,49,14,-11.960634834980652,8
2297,20,42,107,27,-11.97006172678718,15
2298,11,15,98,10,-11.975065250902471,5
2299,6,18,18,12,-12.078104024118801,6
2300,112,11,79,8,-12.089617166544242,3
2301,103,11,58,8,-12.093407699535737,3
2302,62,10,49,6,-12.115401300524661,4
2303,41,20,93,15,-12.152619394683914,5
2304,109,11,10,7,-12.166039484484626,4
2305,48,20,74,13,-12.23065848011944,7
2306,48,15,51,11,-12.237016972870084,4
2307,62,17,84,11,-12.256108525265194,6
2308,41,24,32,15,-12.295470101415006,9
2309,50,17,93,11,-12.303370496346982,6
2310,26,12,93,8,-12.342400061412198,4
2311,97,11,9,7,-12.349501112253755,4
2312,23,18,20,13,-12.419097927334022,5
2313,62,22,93,15,-12.439036445917942,7
2314,84,14,15,10,-12.488568021465507,4
2315,84,16,18,11,-12.537157233284487,5
2316,70,11,90,8,-12.581946187652864,3
2317,98,41,55,29,-12.606268888418896,12
2318,103,33,20,24,-12.666531668869954,9
2319,90,11,73,8,-12.699639901607055,3
2320,71,19,8,12,-12.71376520897311,7
2321,111,21,73,14,-12.761253099258202,7
2322,104,13,54,9,-12.823245238040407,4
2323,86,32,2,23,-12.867270746154679,9
2324,9,37,93,26,-12.871076607744827,11
2325,8,11,3,8,-12.917286316124729,3
2326,43,18,55,12,-13.012921035450152,6
2327,86,16,64,11,-13.126489420837816,5
2328,41,30,107,19,-13.154593566297324,11
2329,103,11,43,7,-13.18571482888933,4
2330,17,25,28,18,-13.189393025867652,7
2331,48,11,20,8,-13.215007868614993,3
2332,107,17,32,13,-13.233625998220862,4
2333,89,10,58,7,-13.242354787086834,3
2334,89,21,28,14,-13.278236953109218,7
2335,109,24,26,17,-13.281044125686407,7
2336,73,12,89,8,-13.292782754035754,4
2337,74,12,70,9,-13.332522800110311,3
2338,109,22,32,15,-13.338298268264783,7
2339,91,10,112,7,-13.34887289439105,3
2340,62,26,107,17,-13.418408869250822,9
2341,73,15,13,10,-13.471561712276635,5
2342,38,23,74,15,-13.50724395592576,8
2343,37,20,111,13,-13.57504840749371,7
2344,5,12,37,9,-13.593067112324485,3
2345,43,17,26,13,-13.59933768355571,4
2346,13,17,84,11,-13.614397809771184,6
2347,86,12,63,9,-13.689145649017556,3
2348,13,10,37,7,-13.71058873552403,3
2349,73,16,38,10,-13.771113964229546,6
2350,8,12,77,9,-13.772928583045534,3
2351,43,14,93,10,-13.775006273083642,4
2352,109,26,54,18,-13.82452652075349,8
2353,50,11,26,8,-13.83833866908602,3
2354,5,14,87,10,-13.851284632052463,4
2355,2,22,55,15,-13.871872112800904,7
2356,109,12,70,9,-13.902253335630233,3
2357,79,14,46,9,-13.926744437290193,5
2358,9,20,57,15,-13.952239963411907,5
2359,37,13,17,8,-14.00319652989779,5
2360,8,16,110,12,-14.095812927776763,4
2361,38,12,48,9,-14.205802555452095,3
2362,109,12,50,8,-14.261856398454313,4
2363,8,10,60,7,-14.262033464961128,3
2364,28,10,106,8,-14.267038541695133,2
2365,62,21,55,14,-14.271402247137448,7
2366,44,10,84,7,-14.273373064789189,3
2367,84,22,70,15,-14.297191605156181,7
2368,91,11,46,8,-14.304066831342237,3
2369,17,12,86,9,-14.311620358508238,3
2370,66,10,28,6,-14.329185091749263,4
2371,79,16,63,11,-14.33440781504391,5
2372,23,23,10,15,-14.368201832765767,8
2373,38,26,55,18,-14.425488233223774,8
2374,20,26,29,18,-14.478890408494554,8
2375,50,11,110,8,-14.531978974156036,3
2376,57,22,8,15,-14.533261735789608,7
2377,20,19,62,14,-14.584809923949425,5
2378,13,14,88,8,-14.636848081546901,6
2379,74,16,34,11,-14.640026082092419,5
2380,59,14,65,9,-14.654063925888893,5
2381,93,11,90,7,-14.682520064465665,4
2382,38,25,93,17,-14.706979782976546,8
2383,17,11,93,8,-14.792328082005685,3
2384,41,13,13,9,-14.878152444409187,4
2385,65,23,30,17,-14.922473908669254,6
2386,51,10,9,7,-14.933479318486382,3
2387,65,10,14,8,-15.014185877069242,2
2388,37,15,57,11,-15.067776643574774,4
2389,40,14,84,9,-15.139436492633186,5
2390,107,33,26,26,-15.181646063962567,7
2391,88,17,90,12,-15.203720699131468,5
2392,18,11,90,8,-15.206260273523743,3
2393,28,26,26,19,-15.211295764909368,7
2394,6,31,2,22,-15.303923962237263,9
2395,88,13,70,10,-15.445871190573264,3
2396,76,20,2,14,-15.53711103061795,6
2397,59,10,16,6,-15.561569445873218,4
2398,73,12,29,9,-15.669782329836792,3
2399,38,15,17,11,-15.678044683298898,4
2400,62,30,111,22,-15.726936324972716,8
2401,30,14,93,10,-15.791222727391169,4
2402,66,14,6,11,-15.817538028688281,3
2403,109,16,55,12,-15.902114621962273,4
2404,91,12,90,8,-16.09870244517901,4
2405,6,26,107,19,-16.099487678798972,7
2406,103,11,59,8,-16.266656443008642,3
2407,103,13,62,9,-16.299156500586875,4
2408,16,14,49,10,-16.36230318246688,4
2409,85,13,30,10,-16.38402642563884,3
2410,69,13,26,10,-16.625965123271836,3
2411,41,10,69,7,-16.634275461416582,3
2412,76,13,57,10,-16.71990929044005,3
2413,109,16,73,12,-16.722107664046142,4
2414,28,13,63,10,-16.83915101157232,3
2415,109,31,41,26,-16.84086997358483,5
2416,15,12,38,9,-16.880495720481193,3
2417,54,13,26,8,-16.93978716229654,5
2418,87,11,106,9,-17.088429536387807,2
2419,89,10,37,8,-17.418835616565143,2
2420,91,14,34,10,-17.47588407236358,4
2421,49,19,88,15,-17.53203455274144,4
2422,76,13,63,11,-17.535738224915978,2
2423,28,19,57,15,-17.55982008462565,4
2424,110,10,41,9,-17.607251464829996,1
2425,70,13,63,10,-17.959510637912523,3
2426,10,15,38,12,-18.015221595889397,3
2427,76,11,90,7,-18.0318690370992,4
2428,48,13,93,11,-18.078353771886377,2
2429,98,11,51,8,-18.116158962815213,3
2430,87,11,58,9,-18.229025747195358,2
2431,20,12,106,8,-18.31154007706119,4
2432,37,10,18,8,-18.374799448579125,2
2433,1,18,10,14,-18.3791692553228,4
2434,7,13,79,10,-18.40480150019194,3
2435,75,15,88,12,-18.46157402080457,3
2436,6,15,109,11,-18.568483421277442,4
2437,86,15,70,11,-18.585222369284796,4
2438,38,24,26,18,-18.614524044017738,6
2439,2,13,18,10,-18.666944559681195,3
2440,109,28,28,21,-18.76167991813475,7
2441,88,11,26,8,-18.785991491960512,3
2442,109,16,111,12,-18.82454889767414,4
2443,71,12,62,11,-19.04348733516107,1
2444,50,13,62,10,-19.2021134597274,3
2445,29,12,110,10,-19.248543702222975,2
2446,38,14,43,10,-19.328461951187712,4
2447,10,19,20,15,-19.474906343573682,4
2448,75,12,55,10,-19.502608543209234,2
2449,9,10,5,8,-19.535484203654338,2
2450,23,14,73,11,-19.638485965557127,3
2451,10,13,41,11,-19.737157878272868,2
2452,85,11,87,9,-19.849684276845778,2
2453,103,10,34,9,-19.87880862427678,1
2454,109,12,110,10,-20.16933250309851,2
2455,10,10,17,8,-20.222695302818984,2
2456,9,10,64,8,-20.43457650048482,2
2457,71,10,28,9,-20.618030954774138,1
2458,104,10,37,8,-20.681486856575923,2
2459,46,17,87,13,-20.82488049362707,4
2460,110,14,74,11,-20.875047711546735,3
2461,109,29,87,23,-21.22636324198766,6
2462,70,25,111,19,-21.761941281988644,6
2463,44,11,17,9,-22.072912946241182,2
2464,73,11,107,9,-22.13453383862815,2
2465,10,10,63,8,-22.405804769336637,2
2466,85,11,20,9,-22.58682017719025,2
2467,94,10,84,9,-22.762013140609877,1
2468,10,10,26,8,-22.77202326046866,2
2469,41,12,57,10,-23.379405756490275,2
2470,86,15,103,13,-23.967936503754764,2
2471,112,11,74,9,-24.423385588541223,2
2472,49,11,26,8,-26.831812890773925,3
2473,43,10,91,10,-27.34458455824453,0
2474,85,10,55,8,-27.8312439821809,2
2475,65,10,64,9,-31.455780164415454,1
