,againstHero,games,hero,losses,shift,wins
0,64,11,65,2,27.727149312498728,9
1,91,10,43,0,27.34458455824453,10
2,46,11,30,2,24.436531907478123,9
3,55,11,89,2,24.169792122479972,9
4,103,15,86,2,23.967936503754764,13
5,65,10,97,3,23.53209680517744,7
6,106,10,50,1,23.514739146454772,9
7,6,10,12,3,23.4207865353791,7
8,57,13,41,2,23.15616213187528,11
9,26,10,10,2,22.77202326046866,8
10,84,10,94,1,22.762013140609877,9
11,20,11,85,2,22.58682017719025,9
12,107,11,73,2,22.13453383862815,9
13,17,11,44,2,22.072912946241175,9
14,111,25,70,6,21.76194128198864,19
15,74,14,110,3,20.875047711546735,11
16,37,10,104,2,20.681486856575926,8
17,28,10,71,1,20.618030954774138,9
18,18,11,37,2,20.49673353679967,9
19,110,12,109,2,20.16933250309851,10
20,51,12,98,3,20.0679948728163,9
21,90,12,76,4,19.849308288721737,8
22,41,13,10,2,19.737157878272868,11
23,62,15,50,3,19.692589576651248,12
24,87,19,46,5,19.57398065475983,14
25,87,30,109,7,19.45596890113392,23
26,110,12,29,2,19.248543702222978,10
27,63,15,28,3,19.065782846243966,12
28,62,12,71,1,19.04348733516107,11
29,26,11,88,3,18.785991491960512,8
30,48,10,73,2,18.77672730692626,8
31,88,15,75,3,18.461574020804573,12
32,79,13,7,3,18.404801500191937,10
33,58,12,87,2,18.330309566002583,10
34,64,11,9,3,17.707873254379976,8
35,63,16,70,4,17.68149233309164,12
36,41,10,110,1,17.607251464829996,9
37,57,19,28,4,17.559820084625652,15
38,88,19,49,4,17.532034552741443,15
39,37,10,89,2,17.418835616565147,8
40,26,11,49,4,17.344464565076983,7
41,26,13,54,5,16.93978716229654,8
42,63,19,86,4,16.93963691496408,15
43,43,14,38,5,16.91598228541753,9
44,38,12,15,3,16.880495720481193,9
45,70,18,86,5,16.806348175717314,13
46,73,16,109,4,16.722107664046142,12
47,49,10,96,3,16.4668046049511,7
48,63,11,10,3,16.316509167938314,8
49,62,13,103,4,16.29915650058687,9
50,5,12,9,3,16.296173952922768,9
51,59,11,103,3,16.266656443008642,8
52,55,14,75,3,16.265128193907934,11
53,87,14,85,3,16.25520793639719,11
54,17,14,37,5,16.224073122382876,9
55,30,25,65,6,16.220777761486314,19
56,90,18,88,5,16.196945416210344,13
57,90,12,91,4,16.098702445179015,8
58,46,15,79,5,15.695062063539163,10
59,17,15,38,4,15.678044683298898,11
60,29,12,73,3,15.669782329836798,9
61,46,10,107,2,15.65139707745225,8
62,16,10,59,4,15.561569445873218,6
63,39,11,54,3,15.528226686771601,8
64,106,19,87,4,15.497991654896767,15
65,106,12,11,2,15.453171865714515,10
66,70,13,88,3,15.44587119057327,10
67,74,11,112,3,15.445414304360199,8
68,63,16,76,3,15.315183161564981,13
69,90,11,18,3,15.206260273523743,8
70,106,11,88,2,15.199536868203369,9
71,84,14,40,5,15.139436492633184,9
72,57,15,37,4,15.067776643574769,11
73,55,13,85,4,14.980602580320598,9
74,26,24,38,7,14.873702675608982,17
75,93,11,17,3,14.792328082005683,8
76,93,25,38,8,14.706979782976543,17
77,49,11,62,4,14.691411076024671,7
78,90,11,93,4,14.682520064465667,7
79,88,14,13,6,14.6368480815469,8
80,62,19,20,5,14.584809923949425,14
81,55,15,11,4,14.552741756285249,11
82,111,31,62,9,14.463263378850396,22
83,104,10,50,3,14.369017199502489,7
84,28,10,66,4,14.329185091749263,6
85,46,11,91,3,14.304066831342244,8
86,60,10,8,3,14.262033464961128,7
87,50,12,109,4,14.261856398454313,8
88,57,14,76,4,14.156354151485953,10
89,30,14,85,4,14.008346410378739,10
90,57,20,9,5,13.952239963411898,15
91,30,27,54,8,13.923397923845725,19
92,70,12,109,3,13.902253335630233,9
93,55,22,2,7,13.871872112800908,15
94,38,16,73,6,13.771113964229547,10
95,111,16,109,5,13.722443192828694,11
96,37,10,13,3,13.710588735524032,7
97,26,13,69,4,13.66583811938565,9
98,84,17,13,6,13.614397809771186,11
99,37,12,5,3,13.593067112324485,9
100,28,29,109,9,13.560226410906258,20
101,107,27,62,9,13.491527071908125,18
102,13,15,73,5,13.471561712276639,10
103,10,24,23,9,13.345513564331808,15
104,30,12,62,4,13.325811773490166,8
105,18,13,2,4,13.31796160775977,9
106,89,12,73,4,13.292782754035754,8
107,58,10,89,3,13.242354787086834,7
108,55,17,109,5,13.091080409868951,12
109,30,24,9,7,13.086601208658116,17
110,107,15,70,5,13.053888487638648,10
111,3,11,8,3,12.917286316124727,8
112,6,14,66,4,12.900366001703459,10
113,86,14,17,4,12.845058614378047,10
114,2,21,76,7,12.801773404860658,14
115,69,10,41,4,12.786110356364535,6
116,26,35,107,9,12.719830578595298,26
117,73,11,90,3,12.699639901607053,8
118,46,21,9,8,12.65253338448702,13
119,73,15,23,5,12.578415919943863,10
120,86,13,109,5,12.564742847433584,8
121,13,10,86,3,12.514933779078898,7
122,51,16,48,4,12.491719199285038,12
123,93,22,62,7,12.439036445917942,15
124,20,18,23,5,12.419097927334024,13
125,9,11,97,4,12.349501112253755,7
126,93,12,26,4,12.342400061412198,8
127,93,17,50,6,12.303370496346986,11
128,63,16,9,6,12.275723948784513,10
129,8,14,66,4,12.246420589176186,10
130,93,20,41,5,12.152619394683915,15
131,54,27,109,9,12.131563798369136,18
132,58,11,103,3,12.093407699535737,8
133,79,11,112,3,12.089617166544242,8
134,104,11,48,3,12.069826525059822,8
135,63,20,79,7,12.045237433446486,13
136,29,11,70,3,12.030336124564109,8
137,38,15,10,4,12.029907406435383,11
138,14,11,65,3,11.952914938466222,8
139,93,10,76,3,11.9232506042626,7
140,18,13,17,5,11.905263091036245,8
141,43,14,109,5,11.866460109925438,9
142,85,17,37,4,11.836833776252563,13
143,23,15,62,4,11.828374088275869,11
144,28,14,112,5,11.811196680681133,9
145,50,11,37,4,11.791517943036679,7
146,37,14,63,5,11.788951691627307,9
147,26,14,46,5,11.785571142877396,9
148,104,18,98,7,11.758094591275455,11
149,15,10,79,3,11.756403792330063,7
150,93,15,48,4,11.743861625157336,11
151,70,13,62,5,11.719880801732709,8
152,46,11,86,3,11.702567693743317,8
153,93,13,75,5,11.701725422413729,8
154,93,15,1,4,11.687642643688715,11
155,10,18,55,7,11.634204977110192,11
156,98,17,15,6,11.628891195956703,11
157,30,26,103,8,11.5945127814643,18
158,65,16,18,5,11.593628436717697,11
159,74,22,48,8,11.585683993127107,14
160,16,18,13,6,11.568229122492738,12
161,65,16,102,6,11.565057266886955,10
162,38,22,109,7,11.561969316834697,15
163,107,10,7,3,11.56115244063066,7
164,109,15,6,5,11.553622356231047,10
165,16,28,70,8,11.544275868635912,20
166,41,31,109,7,11.540113156994366,24
167,43,17,28,5,11.503038032270851,12
168,17,20,41,5,11.462467383182338,15
169,34,15,91,5,11.445515293888622,10
170,87,15,5,5,11.40194095276914,10
171,2,22,103,6,11.358008021341288,16
172,39,10,2,4,11.302944205280658,6
173,13,13,41,5,11.285884419294261,8
174,98,12,71,4,11.256798740703502,8
175,65,18,44,7,11.219859746185271,11
176,15,10,28,3,11.176545961741331,7
177,93,19,37,6,11.135373057728058,13
178,74,10,104,3,11.124138818031259,7
179,98,12,110,4,11.026999619900328,8
180,49,17,16,6,11.010920636133424,11
181,20,19,10,6,11.010427213733353,13
182,38,14,6,4,11.005398790381081,10
183,30,10,43,3,10.958461383133036,7
184,55,23,62,9,10.947383871127185,14
185,49,18,86,8,10.91347154436731,10
186,98,48,41,18,10.835326353590219,30
187,17,16,23,5,10.781653305644484,11
188,93,37,9,12,10.753480854770812,25
189,107,12,66,4,10.732234223681386,8
190,87,29,6,10,10.703931695338108,19
191,91,10,85,5,10.702453755941072,5
192,37,14,41,5,10.694476243263011,9
193,6,35,44,13,10.67278245600393,22
194,107,16,109,6,10.668493285549742,10
195,38,13,58,4,10.642287291889902,9
196,98,37,88,11,10.639663528048942,26
197,48,10,39,4,10.636653060776387,6
198,54,15,104,5,10.631063301403962,10
199,65,10,101,4,10.616476001261294,6
200,110,17,8,5,10.493443474648158,12
201,10,19,1,6,10.478183626603695,13
202,14,10,54,3,10.443430113517227,7
203,64,17,86,6,10.437285409841268,11
204,70,19,65,6,10.41844263586608,13
205,29,10,17,3,10.395985227153457,7
206,2,11,75,4,10.369833561069749,7
207,8,14,89,5,10.313019177206716,9
208,2,16,73,6,10.299221262346556,10
209,79,11,80,4,10.243933749816184,7
210,30,19,16,6,10.19849835634007,13
211,2,32,86,10,10.192867967955026,22
212,60,10,38,4,10.186949801542621,6
213,106,16,86,5,10.123235071873825,11
214,37,14,34,5,10.040882054419713,9
215,65,14,59,6,10.036164804159641,8
216,88,11,30,5,10.02483572373662,6
217,76,17,34,6,9.994247540573088,11
218,90,20,23,7,9.967154481509692,13
219,111,24,38,9,9.966212518632439,15
220,93,11,70,4,9.928875321549775,7
221,87,13,17,5,9.922998390575081,8
222,16,11,108,4,9.921562283850516,7
223,10,14,50,5,9.907166966632534,9
224,107,30,41,12,9.880991735942342,18
225,32,22,109,8,9.859589833142886,14
226,17,28,9,10,9.851089499965493,18
227,111,20,37,8,9.840471570719451,12
228,54,25,76,10,9.821966207421672,15
229,70,13,74,4,9.800022679632328,9
230,93,17,91,6,9.794639196057782,11
231,73,21,111,8,9.713634051639158,13
232,29,32,38,11,9.681299801122258,21
233,88,11,85,4,9.65630194872786,7
234,106,14,20,6,9.651889529369445,8
235,98,26,62,10,9.641858129313677,16
236,13,21,8,7,9.615323131026955,14
237,8,12,35,5,9.605315474711038,7
238,30,18,70,6,9.585226013483615,12
239,23,22,89,8,9.576875474490599,14
240,60,21,65,8,9.571951123571171,13
241,32,14,88,4,9.505084521049728,10
242,6,11,58,4,9.489496457414935,7
243,103,11,19,4,9.481054864710421,7
244,18,17,84,6,9.48013150601899,11
245,8,20,71,8,9.460862953446574,12
246,30,27,87,9,9.441306317195094,18
247,57,11,10,4,9.43267475148189,7
248,34,16,74,6,9.430626027485216,10
249,55,12,106,4,9.421217936860208,8
250,46,17,8,6,9.405496106583277,11
251,55,22,30,9,9.385734127086305,13
252,63,26,54,10,9.380965402014514,16
253,79,19,75,6,9.342561498216153,13
254,50,17,23,7,9.300090532650529,10
255,20,34,9,11,9.290302263411942,23
256,38,20,86,6,9.280969369301586,14
257,43,14,50,5,9.27474781724881,9
258,110,12,50,4,9.252517401752682,8
259,111,46,54,17,9.235401744617302,29
260,55,16,37,6,9.183747537097531,10
261,13,26,28,8,9.183739107543797,18
262,84,28,85,12,9.160197369727126,16
263,84,25,63,9,9.157819288318452,16
264,20,12,48,4,9.143509340718829,8
265,93,29,103,11,9.099325117611023,18
266,26,12,32,5,9.09769401619869,7
267,106,13,109,5,9.062668099795829,8
268,15,12,16,4,9.059606623425509,8
269,91,16,50,5,9.044194652502608,11
270,74,35,76,12,9.02110943529627,23
271,84,11,44,4,9.017421120510091,7
272,41,19,62,7,9.00335332858162,12
273,37,41,86,16,8.9832167055326,25
274,74,19,18,7,8.9712615057984,12
275,65,14,96,6,8.945535735868065,8
276,48,18,111,6,8.93792122942067,12
277,107,20,110,8,8.933567921834609,12
278,10,20,86,7,8.92570532964782,13
279,112,11,50,4,8.921235906620762,7
280,8,23,57,9,8.905396375956737,14
281,16,14,106,5,8.877977313206348,9
282,11,16,86,7,8.830666824887533,9
283,10,11,85,5,8.810276618143424,6
284,29,10,76,3,8.806443209825622,7
285,23,24,93,10,8.804783518097919,14
286,93,32,84,11,8.779261084845606,21
287,48,16,35,6,8.750506609295915,10
288,30,24,37,8,8.742074606758964,16
289,32,17,107,5,8.731768023357226,12
290,55,31,54,10,8.716015508186064,21
291,76,16,62,8,8.710475893988358,8
292,48,11,75,3,8.67281534666425,8
293,34,18,109,7,8.662734980033562,11
294,65,26,32,10,8.65722618752934,16
295,84,14,66,5,8.616861190106436,9
296,107,29,50,10,8.583068473313558,19
297,11,10,76,4,8.560443995014507,6
298,32,25,9,9,8.53109215537152,16
299,98,60,65,22,8.49413981702294,38
300,98,21,1,7,8.436557583367685,14
301,104,26,28,9,8.427206469615594,17
302,73,21,10,7,8.419335562342072,14
303,90,11,89,4,8.396796914570167,7
304,48,12,38,4,8.376240779730173,8
305,20,10,70,3,8.374580328727138,7
306,77,12,8,4,8.373441110755328,8
307,30,17,50,7,8.363042610972485,10
308,84,26,88,9,8.338765030439282,17
309,11,10,48,4,8.287859925157544,6
310,76,18,41,7,8.284971187696902,11
311,65,12,58,6,8.279172093518044,6
312,76,11,109,3,8.273966572487598,8
313,17,30,8,11,8.267140148743708,19
314,51,11,37,4,8.265197669915755,7
315,111,14,17,6,8.239799794462428,8
316,26,10,16,4,8.231874067384071,6
317,28,13,94,5,8.222371266039163,8
318,93,36,54,11,8.207302497792842,25
319,11,11,9,4,8.198586667223204,7
320,32,24,41,10,8.170536046764159,14
321,26,44,87,17,8.146474895568335,27
322,55,36,9,12,8.11977265059526,24
323,19,14,9,6,8.117304295019109,8
324,54,39,41,14,8.096759700478561,25
325,30,15,10,5,8.08039942607508,10
326,6,12,13,5,8.074590184679876,7
327,55,50,87,18,8.001636513353814,32
328,90,15,41,6,7.997737246515682,9
329,109,12,37,5,7.972273664149992,7
330,71,10,9,4,7.971373091011489,6
331,111,27,86,11,7.962255850113393,16
332,2,41,65,14,7.9589934151571535,27
333,20,19,88,7,7.9383201557946155,12
334,107,29,6,11,7.905082416130331,18
335,74,27,88,9,7.895683127849934,18
336,49,14,13,6,7.890029815709072,8
337,109,30,9,12,7.889736540676636,18
338,74,11,12,5,7.8813359238936185,6
339,20,18,49,7,7.854535242795636,11
340,98,18,11,7,7.845858753819518,11
341,76,32,37,11,7.820497576953577,21
342,10,30,28,10,7.816111939322235,20
343,30,15,49,6,7.795814319272768,9
344,29,13,109,5,7.7648215544268036,8
345,50,17,48,7,7.751737687672278,10
346,103,15,109,5,7.74806703390503,10
347,55,26,38,11,7.745065833950479,15
348,111,14,85,5,7.729378570457984,9
349,30,26,86,7,7.726335622844074,19
350,23,11,59,4,7.703199044299857,7
351,65,24,50,9,7.669757652755209,15
352,84,19,62,8,7.65619075053016,11
353,49,22,65,9,7.648203777845676,13
354,54,10,106,4,7.643289711475541,6
355,87,16,34,6,7.640142491832506,10
356,84,30,10,12,7.620608168656018,18
357,91,21,76,8,7.53854735511653,13
358,29,20,107,7,7.525530619454996,13
359,34,10,38,4,7.513274255260262,6
360,11,13,87,5,7.500246141417867,8
361,54,27,37,9,7.469706742796568,18
362,111,30,32,13,7.463790988299924,17
363,104,10,23,4,7.459802178175596,6
364,23,24,37,9,7.440544332640973,15
365,88,17,57,7,7.432081698575297,10
366,98,14,68,4,7.427653338623123,10
367,75,13,9,4,7.420012168869883,9
368,103,29,74,10,7.419118005067162,19
369,65,34,48,13,7.410700295202606,21
370,41,13,49,4,7.406139067429071,9
371,98,15,5,6,7.40308817440165,9
372,54,21,10,8,7.316914939103651,13
373,50,11,68,4,7.299975074722132,7
374,13,13,20,4,7.287197108459041,9
375,41,22,86,9,7.286274520016925,13
376,23,15,70,6,7.277989111704888,9
377,30,10,73,4,7.27524129591905,6
378,88,14,38,6,7.257573306252311,8
379,74,19,109,8,7.255868408074382,11
380,55,41,98,16,7.2398162826998345,25
381,10,19,76,8,7.223608714939963,11
382,87,10,56,4,7.222698791088141,6
383,84,48,48,20,7.209403276697926,28
384,111,13,34,6,7.201437198359541,7
385,5,11,6,4,7.175117705775805,7
386,90,12,70,4,7.158523730695325,8
387,63,17,91,7,7.145656838756393,10
388,98,35,76,14,7.116562365346761,21
389,16,16,89,6,7.102664218068734,10
390,84,12,106,6,7.092355828935631,6
391,10,10,13,5,7.081545477709261,5
392,98,24,34,8,7.0691518153654185,16
393,11,13,54,5,7.053030822989655,8
394,91,37,28,14,7.047707205955762,23
395,87,34,50,13,7.043252292270627,21
396,59,19,79,8,7.0352036880537865,11
397,8,56,76,22,7.029702728241303,34
398,111,20,6,8,7.01838566892247,12
399,8,48,93,18,7.017566439579715,30
400,51,10,6,3,7.003530037614207,7
401,90,19,6,8,7.0034906221582,11
402,79,11,101,5,6.9908614259308735,6
403,73,10,68,4,6.95394987102174,6
404,90,14,17,6,6.930186835428711,8
405,57,12,74,4,6.9176042424257504,8
406,34,16,65,7,6.912804970312552,9
407,8,36,38,14,6.910326910265974,22
408,41,45,103,15,6.896034695840802,30
409,65,18,68,8,6.89592459737167,10
410,89,11,87,4,6.890327484533061,7
411,17,20,84,8,6.874361487047255,12
412,90,24,8,9,6.838297347223881,15
413,16,71,9,26,6.825766832468779,45
414,28,11,64,5,6.82253762472366,6
415,32,26,79,10,6.821690929992381,16
416,43,18,87,7,6.811944333065353,11
417,88,21,6,8,6.808639243885847,13
418,76,39,28,16,6.804995058327358,23
419,91,35,41,13,6.801656465480552,22
420,28,73,9,31,6.79339527606444,42
421,16,25,85,10,6.790728536327192,15
422,93,14,43,5,6.79067137162001,9
423,55,35,20,15,6.786443158254519,20
424,87,50,28,20,6.785536302011417,30
425,26,24,109,9,6.785414157125367,15
426,73,13,93,5,6.746815708884676,8
427,111,42,41,18,6.742879314894578,24
428,2,19,34,8,6.729658072634226,11
429,18,24,79,11,6.727434004130173,13
430,89,11,74,5,6.7140175484003635,6
431,73,16,88,6,6.709173893318198,10
432,79,18,62,8,6.70668334197217,10
433,20,34,79,13,6.674702669544552,21
434,18,24,9,10,6.669379438735331,14
435,74,16,49,7,6.669033870592301,9
436,86,14,85,7,6.640232602185862,7
437,87,21,51,9,6.638885465379,12
438,23,14,18,5,6.63118753114106,9
439,55,19,76,8,6.61682633400798,11
440,107,20,76,8,6.611819543573891,12
441,74,23,38,10,6.562267688513878,13
442,28,54,41,24,6.549671741224454,30
443,16,40,88,14,6.547604687657639,26
444,79,18,70,9,6.541994947083337,9
445,74,15,106,7,6.5362197915338545,8
446,16,79,86,31,6.517762010081222,48
447,17,13,62,5,6.51109228837904,8
448,87,25,18,9,6.500921078177537,16
449,73,36,9,15,6.4959532992484235,21
450,23,11,48,5,6.485113687277626,6
451,17,10,10,4,6.479497194252798,6
452,32,16,86,7,6.471177759830174,9
453,90,10,62,4,6.441503246890602,6
454,12,14,28,5,6.429365216940004,9
455,86,24,88,9,6.421829854483621,15
456,90,12,50,5,6.3963545792520575,7
457,15,14,84,5,6.375647385580588,9
458,103,22,88,8,6.368772240906124,14
459,31,10,28,4,6.368565836830035,6
460,86,18,73,7,6.340120760849839,11
461,88,41,76,18,6.323191299261618,23
462,62,19,54,7,6.312055934230411,12
463,8,33,109,14,6.3077294568861335,19
464,90,16,54,7,6.290244829620479,9
465,79,23,106,10,6.288631840986401,13
466,6,40,28,16,6.2836176921265,24
467,111,15,44,6,6.282001615200402,9
468,6,11,106,5,6.262787648448941,6
469,2,17,48,8,6.245081234312723,9
470,2,35,41,13,6.231438093089566,22
471,16,14,34,6,6.229556768499603,8
472,2,11,66,4,6.205381429919993,7
473,87,23,88,8,6.146478682205598,15
474,8,52,48,21,6.14228344797818,31
475,74,53,65,21,6.137709015019595,32
476,111,11,56,4,6.133528731729061,7
477,87,45,41,20,6.130516050826405,25
478,88,33,54,14,6.10912306129122,19
479,30,14,76,5,6.105099986395528,9
480,70,21,76,8,6.104247467977058,13
481,28,25,89,11,6.088973901063954,14
482,51,23,86,9,6.086561001211847,14
483,74,30,86,12,6.063445254541929,18
484,93,15,30,6,6.056393100709427,9
485,54,49,9,20,6.050802275785849,29
486,79,32,107,12,6.039727207849199,20
487,35,13,86,4,6.029699746849705,9
488,1,14,107,6,6.012748941227003,8
489,84,41,76,19,6.0122133251855985,22
490,98,48,91,22,6.010481139866045,26
491,49,10,77,5,6.002993751357126,5
492,28,18,11,7,5.97888540218109,11
493,107,19,34,8,5.973688522150957,11
494,74,25,6,10,5.973570320498578,15
495,17,10,34,4,5.97086385916694,6
496,20,33,103,11,5.96431634987825,22
497,8,23,49,10,5.962799116224744,13
498,89,25,10,10,5.961935346068015,15
499,87,28,91,11,5.954439761122977,17
500,49,30,98,13,5.930886416801632,17
501,16,13,96,5,5.918742950992743,8
502,111,71,65,33,5.901383737891229,38
503,98,49,103,19,5.894528502030377,30
504,17,17,16,7,5.868342075872022,10
505,49,28,87,13,5.837138934523044,15
506,104,12,84,5,5.83583289734061,7
507,46,14,37,6,5.834073346635607,8
508,2,10,44,4,5.82972376449153,6
509,2,11,51,5,5.82458141989376,6
510,1,12,86,5,5.820822605148493,7
511,96,10,28,4,5.817657099477481,6
512,13,21,79,7,5.816978385717296,14
513,23,16,55,7,5.806506460340061,9
514,93,35,87,14,5.801672416811602,21
515,63,14,87,6,5.794939568846776,8
516,63,11,20,4,5.791453238708792,7
517,15,23,76,9,5.782831260117769,14
518,32,18,54,7,5.782610489553489,11
519,51,14,79,6,5.7725066910082035,8
520,49,24,9,9,5.76893486693949,15
521,75,15,28,7,5.767432508412387,8
522,38,29,9,13,5.756435186772363,16
523,90,20,37,8,5.742590617036877,12
524,87,49,9,21,5.735371827832201,28
525,89,23,65,10,5.729458742490648,13
526,18,11,51,5,5.697627847770078,6
527,43,13,9,6,5.682535108763634,7
528,8,13,56,5,5.662090518526135,8
529,63,50,65,21,5.6463970088136985,29
530,41,45,9,17,5.6439057397283525,28
531,26,22,29,8,5.630548836449718,14
532,74,35,91,15,5.590543375115505,20
533,28,25,17,10,5.573169674184406,15
534,9,12,51,5,5.566013437140973,7
535,28,11,97,6,5.54697078214519,5
536,6,35,48,15,5.544547995709246,20
537,46,10,2,4,5.541906116456113,6
538,63,15,98,7,5.5319776999855375,8
539,23,41,8,17,5.530959099012352,24
540,111,36,103,15,5.530917867453256,21
541,28,46,54,19,5.5206143371290795,27
542,34,10,51,4,5.497172152397963,6
543,74,21,73,9,5.496437468937688,12
544,16,39,87,17,5.479884914015475,22
545,54,35,38,14,5.47856504565386,21
546,93,28,74,10,5.4705081639253095,18
547,87,16,57,7,5.466000765538215,9
548,90,20,87,7,5.46489906820686,13
549,14,10,9,3,5.463439437022661,7
550,16,26,107,11,5.454588725112236,15
551,109,16,23,6,5.438260955948294,10
552,94,18,20,7,5.424401699040207,11
553,20,26,38,11,5.422962328602487,15
554,55,27,41,13,5.421661683278699,14
555,98,37,50,17,5.407228229606667,20
556,43,11,103,5,5.4056340195812504,6
557,19,10,28,4,5.405282356849322,6
558,6,27,20,13,5.3915163015983865,14
559,110,23,65,9,5.3850619906564345,14
560,8,66,41,30,5.38335326188138,36
561,54,11,71,4,5.354693946074447,7
562,20,84,65,34,5.311994770706184,50
563,93,43,28,18,5.299040789810327,25
564,104,14,76,6,5.288345369680406,8
565,64,10,84,5,5.285274543011926,5
566,17,23,79,10,5.280486878224028,13
567,107,46,20,20,5.275871842584808,26
568,63,15,85,7,5.266282773446653,8
569,74,22,29,10,5.260819792223967,12
570,28,20,85,9,5.2561838588407,11
571,18,19,48,8,5.245315113768612,11
572,1,10,111,5,5.238983537325087,5
573,16,16,93,7,5.217988854591054,9
574,55,14,18,6,5.21003106995447,8
575,111,10,57,4,5.186942618450884,6
576,104,15,62,6,5.186101581217904,9
577,16,30,74,12,5.170451377759473,18
578,26,38,20,16,5.156160372920298,22
579,98,10,52,5,5.141825899051737,5
580,87,45,86,18,5.134164339252917,27
581,41,29,89,12,5.128070897369617,17
582,20,31,84,12,5.125132779135493,19
583,103,21,18,9,5.1172633080953505,12
584,87,27,76,11,5.116388437491941,16
585,70,10,48,4,5.103393723771425,6
586,107,28,2,12,5.101731059055636,16
587,9,11,1,5,5.096238795529086,6
588,29,25,84,11,5.094046057364016,14
589,16,20,73,9,5.070658783374491,11
590,109,16,84,7,5.067243867891083,9
591,63,14,88,6,5.029062789658772,8
592,48,14,96,6,5.024611756936058,8
593,89,15,84,5,5.015269353437395,10
594,79,16,73,7,5.012547822539445,9
595,107,19,104,7,4.998347958456829,12
596,26,30,65,13,4.98261857456072,17
597,50,18,73,9,4.9783134285735455,9
598,89,10,20,4,4.976403038151212,6
599,46,10,70,4,4.972558334053198,6
600,10,10,59,5,4.967497448599417,5
601,1,17,8,8,4.943313786871868,9
602,11,11,93,6,4.9352888324581015,5
603,46,11,103,5,4.9349144398730305,6
604,65,11,5,5,4.90161537792141,6
605,62,27,9,11,4.876428914210389,16
606,38,24,87,10,4.849210013950484,14
607,8,83,79,39,4.838502142156572,44
608,39,11,63,5,4.830077117168623,6
609,89,11,109,5,4.829014520032646,6
610,110,10,28,5,4.821015306608337,5
611,8,100,9,45,4.808253906976541,55
612,55,29,6,10,4.803715742468646,19
613,86,11,18,5,4.795064637153174,6
614,34,10,103,3,4.7904730345691835,7
615,111,10,104,4,4.785383853867563,6
616,84,29,34,11,4.780446789091473,18
617,46,23,54,9,4.7761943840724514,14
618,46,19,28,8,4.773210022871566,11
619,98,17,94,7,4.761676089313327,10
620,65,66,54,30,4.757496898509859,36
621,107,36,9,18,4.756936242672488,18
622,6,12,32,5,4.741771241477238,7
623,76,21,35,8,4.725447690057796,13
624,90,30,9,13,4.71783274464291,17
625,87,14,14,6,4.712999134730352,8
626,109,19,93,8,4.710552248323453,11
627,9,39,86,17,4.70220588142573,22
628,50,39,79,18,4.700291458157237,21
629,26,16,6,6,4.685058896386023,10
630,41,53,20,21,4.672832095577478,32
631,68,11,87,5,4.6261419910984936,6
632,86,10,15,5,4.60305467364883,5
633,2,31,6,13,4.57536971568475,18
634,17,15,48,7,4.57243158960934,8
635,2,37,9,17,4.570200756721712,20
636,55,22,32,9,4.561305856484579,13
637,9,20,89,7,4.555028073124964,13
638,74,24,23,11,4.530539923458648,13
639,65,26,109,13,4.522732343847645,13
640,91,36,9,16,4.519475424395421,20
641,86,18,93,8,4.518633091858861,10
642,111,29,93,14,4.510765206652466,15
643,38,38,28,17,4.506160175549613,21
644,34,24,79,12,4.503244435504136,12
645,9,17,59,7,4.5029610514141964,10
646,29,11,62,5,4.502398822563124,6
647,111,29,91,14,4.500138929465921,15
648,14,15,28,5,4.4990639134595956,10
649,29,21,93,9,4.4989593922467,12
650,74,31,107,13,4.496848852346025,18
651,111,21,29,11,4.484029622528672,10
652,87,53,79,25,4.482441737512029,28
653,111,25,15,10,4.472513123100842,15
654,73,23,84,8,4.463513313785126,15
655,16,64,65,29,4.4549887746296175,35
656,84,32,2,14,4.438454989875698,18
657,90,10,13,5,4.435057658973358,5
658,16,24,91,10,4.4213987794735585,14
659,84,36,41,14,4.405400183867787,22
660,111,38,74,17,4.395421398955392,21
661,29,29,8,13,4.3862864415616,16
662,1,14,65,6,4.384642024421804,8
663,54,13,89,5,4.375934710162813,8
664,87,11,94,5,4.375015437142173,6
665,79,13,44,6,4.35641543376227,7
666,75,19,16,8,4.325958452336133,11
667,87,37,29,16,4.317833214151956,21
668,41,20,1,7,4.310885836842606,13
669,30,16,107,6,4.31051675338316,10
670,85,15,48,6,4.3053632687921874,9
671,55,14,34,5,4.304037025765173,9
672,32,25,98,11,4.297859841525708,14
673,46,21,76,8,4.290697960762892,13
674,103,34,28,15,4.283445470085917,19
675,63,21,16,10,4.279009624505893,11
676,37,24,88,10,4.265987830661223,14
677,65,108,9,48,4.259267083972893,60
678,55,16,91,6,4.250002044063523,10
679,58,11,9,4,4.244957448818405,7
680,18,13,49,6,4.243576516469453,7
681,23,41,98,17,4.243286610418413,24
682,51,19,16,7,4.242679291932901,12
683,97,11,8,4,4.238412616249588,7
684,29,26,20,11,4.235090000321542,15
685,50,34,103,15,4.223445001067976,19
686,23,20,86,9,4.219319390999459,11
687,93,73,65,32,4.214075863061876,41
688,26,24,103,11,4.2106057067079385,13
689,9,28,88,12,4.191886886127067,16
690,51,24,8,10,4.1878112962147656,14
691,2,16,32,7,4.169077635966495,9
692,16,22,18,9,4.167483705263703,13
693,16,27,6,13,4.159304128363459,14
694,30,28,8,11,4.155265384733845,17
695,65,23,91,12,4.150101209000142,11
696,16,11,35,5,4.150016684827545,6
697,37,15,2,7,4.147220527730259,8
698,103,28,54,13,4.131111544590628,15
699,37,39,98,17,4.116775978907109,22
700,50,25,86,10,4.103724204758594,15
701,48,33,54,13,4.10362086951445,20
702,106,16,65,7,4.0921186691282205,9
703,32,15,38,6,4.090422340111541,9
704,90,12,104,6,4.064341220930972,6
705,65,10,75,4,4.061741964132056,6
706,84,15,71,7,4.0469973544528735,8
707,52,10,65,4,4.03382642115339,6
708,10,11,109,5,4.004247407956422,6
709,87,26,37,13,3.9965570187790034,13
710,73,29,8,11,3.9924196449780625,18
711,104,13,10,6,3.98234198179897,7
712,26,26,28,11,3.9790441547640487,15
713,91,40,8,19,3.961945852137986,21
714,23,32,87,13,3.9566444001518777,19
715,93,18,10,7,3.9549788743691674,11
716,23,39,84,18,3.9529498437083554,21
717,6,22,73,11,3.947699618921396,11
718,94,16,54,8,3.8978006398785645,8
719,98,47,84,21,3.890833745652655,26
720,87,52,20,23,3.8857958203893874,29
721,20,25,109,9,3.878585285280937,16
722,38,14,49,7,3.855128614080598,7
723,23,12,34,6,3.853881899354071,6
724,8,20,75,9,3.8505131421822583,11
725,37,10,75,4,3.844326750652962,6
726,54,19,51,9,3.840546896941151,10
727,17,16,49,7,3.8354352643495573,9
728,8,69,16,29,3.830024698724433,40
729,23,40,9,18,3.825851357048053,22
730,32,14,91,7,3.8253106560348464,7
731,8,39,62,18,3.8203580499873473,21
732,93,15,18,7,3.8000555745474087,8
733,110,12,103,5,3.7849274590311146,7
734,26,11,110,6,3.7814954576991564,5
735,86,43,76,20,3.770551952832362,23
736,74,19,55,10,3.7670610658889934,9
737,16,16,11,6,3.764288435187581,10
738,28,22,49,9,3.761707702389012,13
739,57,12,18,4,3.7525453734501917,8
740,10,20,74,8,3.741560720435788,12
741,48,16,41,7,3.7233952099256955,9
742,84,22,38,9,3.7215580721113755,13
743,60,10,87,5,3.716219490276845,5
744,32,14,10,5,3.709056496740225,9
745,91,15,62,7,3.7079997693755615,8
746,32,35,8,16,3.704344714378896,19
747,79,43,48,20,3.7040167788581893,23
748,90,18,48,8,3.702031262726638,10
749,16,18,20,9,3.701780437410533,9
750,54,34,70,16,3.700162543327729,18
751,90,33,28,14,3.692345711046821,19
752,26,46,8,22,3.689219062321196,24
753,57,17,65,6,3.66200460796526,11
754,84,59,86,26,3.654371494370924,33
755,16,38,37,15,3.653813418657004,23
756,46,17,88,7,3.642829227288957,10
757,98,10,112,5,3.634369737429613,5
758,10,12,18,4,3.6042571144804363,8
759,87,14,75,7,3.5866681857153266,7
760,54,41,6,16,3.576182334552821,25
761,29,12,46,5,3.5756011188612877,7
762,16,16,57,8,3.5714373486183058,8
763,50,25,38,11,3.5687465201033057,14
764,13,28,9,11,3.550319505488332,17
765,70,26,87,11,3.5345174393475727,15
766,76,32,48,14,3.5258970581860236,18
767,65,13,94,6,3.5056909876146594,7
768,55,34,88,13,3.4984778706231707,21
769,98,32,29,15,3.4944771315816667,17
770,1,14,55,6,3.472860068937084,8
771,48,12,91,5,3.4664297594725237,7
772,23,15,26,7,3.459704667443896,8
773,86,12,57,6,3.4531517504498637,6
774,107,10,37,4,3.444420525023787,6
775,34,22,28,9,3.437459569467943,13
776,5,10,91,6,3.4255398118724356,4
777,98,31,10,14,3.404355165617583,17
778,32,20,84,8,3.403700726822617,12
779,37,40,8,18,3.4036571085144507,22
780,57,12,6,4,3.4000169565132325,8
781,65,16,15,8,3.3963132917863037,8
782,70,14,50,7,3.3858944797818467,7
783,76,14,13,7,3.383197454645703,7
784,2,14,85,7,3.3798876085075156,7
785,6,26,91,12,3.3700663593758144,14
786,49,18,6,8,3.361990920437635,10
787,55,79,8,33,3.3433762407278653,46
788,55,13,57,5,3.3276700776213226,8
789,111,51,9,25,3.320225202022207,26
790,16,18,62,8,3.3165301409136885,10
791,8,22,106,11,3.306180580155974,11
792,2,26,109,10,3.295965627936023,16
793,57,23,84,10,3.2865946702288213,13
794,20,12,50,5,3.277981555190234,7
795,59,11,98,5,3.2664563544762513,6
796,73,30,65,13,3.2644989461981972,17
797,74,61,8,28,3.2583668403481756,33
798,51,13,55,5,3.250762185768764,8
799,30,21,29,10,3.244422511134119,11
800,76,15,18,6,3.2371919896499475,9
801,49,11,85,5,3.2340490592317157,6
802,70,28,84,13,3.2115322566926667,15
803,91,13,37,6,3.1893915884876662,7
804,104,25,8,10,3.1877877944585085,15
805,111,15,75,8,3.1768571401147816,7
806,18,13,88,6,3.1759771370815293,7
807,48,43,9,18,3.1751195832174797,25
808,50,19,16,9,3.1594632722429505,10
809,23,23,88,10,3.1441600025036927,13
810,13,14,111,6,3.137242431792204,8
811,65,37,86,17,3.114632738629267,20
812,16,67,84,31,3.088053247550798,36
813,43,16,65,8,3.0818646979565365,8
814,70,15,55,7,3.055120987205429,8
815,62,28,87,12,3.0525441320022706,16
816,26,17,43,7,3.0481873322386313,10
817,9,14,44,8,3.0418979222799787,6
818,48,17,89,8,3.030683667814096,9
819,38,18,16,9,3.0174584469144032,9
820,51,15,65,7,3.002433018856541,8
821,26,16,89,8,3.0015441091670585,8
822,79,58,37,25,2.964015442225525,33
823,65,72,28,32,2.95741614475882,40
824,2,41,10,18,2.8955248222440733,23
825,90,30,111,13,2.8905447130543305,17
826,30,19,6,7,2.8896247906630976,12
827,111,22,76,12,2.8888180973130932,10
828,16,52,98,23,2.8744462121533845,29
829,74,14,63,6,2.8546011556463164,8
830,75,10,86,5,2.853654010473079,5
831,63,20,107,8,2.8489994132116685,12
832,103,26,91,14,2.81795550429567,12
833,104,12,55,6,2.817049603991469,6
834,8,85,107,41,2.8168131208732516,44
835,93,25,107,11,2.8066980710044707,14
836,38,55,65,25,2.8065899103574585,30
837,17,30,103,13,2.786263791329437,17
838,79,29,93,15,2.7764930954452365,14
839,104,15,87,6,2.773139485298443,9
840,54,34,50,14,2.769221861295628,20
841,70,18,2,7,2.768805537158304,11
842,50,15,89,7,2.7678854176457244,8
843,41,40,23,18,2.767380745524291,22
844,79,26,104,10,2.76733655223797,16
845,2,18,23,9,2.7670043698876174,9
846,48,19,103,9,2.74551902113029,10
847,23,14,29,6,2.7325720738957853,8
848,79,25,89,10,2.7323432784581803,15
849,26,14,30,9,2.729526864464305,5
850,103,24,55,11,2.703742749314949,13
851,46,10,18,4,2.6832650728648453,6
852,6,21,86,10,2.6797895540068417,11
853,37,16,20,7,2.6697969055897994,9
854,30,25,38,13,2.6609022960305304,12
855,15,14,8,7,2.659395326985167,7
856,106,11,9,5,2.6544531376629674,6
857,30,24,84,11,2.649950052405462,13
858,48,33,37,16,2.6418897918039517,17
859,8,42,103,17,2.6366758249260935,25
860,14,21,84,7,2.6332142559850604,14
861,111,23,50,10,2.6260965282140734,13
862,8,74,87,33,2.6221580810087284,41
863,9,16,94,8,2.620832608628453,8
864,30,40,28,18,2.6105936366755755,22
865,38,20,112,9,2.5875581099779743,11
866,90,21,16,10,2.556904125602615,11
867,30,10,11,4,2.556482524063204,6
868,49,15,48,8,2.5444991556032637,7
869,63,10,49,5,2.5291147398136253,5
870,50,19,29,8,2.5251415163545525,11
871,28,27,70,14,2.5100244330478434,13
872,98,41,107,18,2.504606560314171,23
873,75,12,50,5,2.4925159155893497,7
874,65,50,103,21,2.4835688434443703,29
875,37,15,62,7,2.478947668963917,8
876,26,27,98,15,2.4699465773486544,12
877,8,46,88,21,2.4622937925313138,25
878,41,40,38,19,2.4535603181412866,21
879,63,22,48,10,2.4502218283603603,12
880,18,16,50,8,2.435107533000617,8
881,55,13,90,6,2.423005519398733,7
882,50,36,9,17,2.4068423828458214,19
883,55,38,16,17,2.4019689679738265,21
884,65,82,88,37,2.4015391527263157,45
885,43,22,74,10,2.3993639128069244,12
886,20,36,28,15,2.396150185468307,21
887,18,18,6,8,2.3903639022739704,10
888,16,22,104,10,2.3846505018781015,12
889,51,10,107,4,2.364406054363658,6
890,8,25,68,12,2.35813484080187,13
891,10,22,48,11,2.352652144057524,11
892,41,56,79,27,2.337441224056112,29
893,41,11,94,5,2.327533953224649,6
894,28,57,18,27,2.325443992999963,30
895,65,10,39,5,2.3211966169516858,5
896,28,39,37,18,2.3108067440306623,21
897,79,33,88,13,2.303396520773149,20
898,74,48,84,22,2.2830224549509466,26
899,87,32,54,15,2.279380424010783,17
900,20,13,32,6,2.2751108005385445,7
901,84,78,9,34,2.274353058782541,44
902,62,25,28,10,2.271350662558558,15
903,62,18,32,9,2.263686769900323,9
904,37,40,9,18,2.2628015576501816,22
905,62,10,106,5,2.25172428368668,5
906,20,44,98,20,2.2445302838681975,24
907,103,26,87,12,2.244435120608379,14
908,8,11,58,6,2.225895511877211,5
909,54,12,57,5,2.224387822283533,7
910,14,14,8,6,2.218960260374273,8
911,73,15,54,7,2.217586045542856,8
912,8,18,11,8,2.2144208281589424,10
913,107,50,28,25,2.202481909354619,25
914,73,35,41,16,2.1896111209660925,19
915,44,19,28,7,2.1816767204067147,12
916,89,18,98,8,2.1800794132028996,10
917,74,45,9,20,2.167006985909848,25
918,111,19,46,9,2.165349951686943,10
919,111,54,28,25,2.1618622413747612,29
920,90,24,107,12,2.161624044674691,12
921,28,68,16,32,2.159924574696866,36
922,9,11,15,5,2.1575516880448644,6
923,18,10,32,5,2.157224109221358,5
924,29,21,79,10,2.154722811821747,11
925,16,49,41,24,2.1541831229994863,25
926,8,72,54,35,2.153257726871373,37
927,84,44,111,19,2.142252654485593,25
928,16,37,76,18,2.1381270128695977,19
929,111,33,26,15,2.137133581510591,18
930,54,18,3,9,2.135806802832069,9
931,28,56,86,28,2.1353552322037332,28
932,98,63,2,30,2.135100922237145,33
933,75,18,84,8,2.093719925532618,10
934,13,19,48,7,2.077711897708858,12
935,9,17,104,7,2.074620642084027,10
936,98,56,54,28,2.07348295312418,28
937,91,11,18,5,2.068864434806556,6
938,62,22,88,10,2.068203078615547,12
939,85,22,65,9,2.0630480183814526,13
940,8,57,86,26,2.0572503576228924,31
941,91,18,10,8,2.053920396033922,10
942,30,25,98,10,2.050620342220537,15
943,38,52,98,24,2.0498657703552294,28
944,84,72,65,35,2.037917633089768,37
945,8,14,96,7,2.0352117697299548,7
946,88,20,93,12,2.03337259421067,8
947,87,66,65,30,2.0306725693730434,36
948,32,26,16,12,2.021073617693015,14
949,59,14,8,7,2.010238389237962,7
950,98,55,74,27,2.0085674767082775,28
951,37,10,71,4,1.989603705819686,6
952,55,10,97,5,1.9884220470048688,5
953,103,13,37,6,1.9837820518429876,7
954,6,47,79,22,1.9831957209831137,25
955,49,11,29,4,1.9792119029563418,7
956,63,19,8,8,1.9640537669425608,11
957,50,20,34,11,1.9535612317766191,9
958,76,24,6,12,1.937944044447951,12
959,62,10,48,4,1.9270832455013291,6
960,10,13,29,6,1.9268740097605626,7
961,65,20,13,11,1.923636761815708,9
962,6,22,37,11,1.9187411338779805,11
963,76,10,17,4,1.904894860536603,6
964,41,11,61,5,1.903478014849791,6
965,5,18,28,9,1.8930799000381913,9
966,54,20,29,8,1.8852461336565378,12
967,98,27,18,13,1.877022513938192,14
968,34,10,90,5,1.875212395692607,5
969,54,17,112,8,1.871566293788823,9
970,49,25,55,14,1.8646594153921858,11
971,73,19,98,9,1.8513717297876215,10
972,6,39,98,18,1.8448936378969205,21
973,2,30,111,14,1.8367449192872438,16
974,90,19,84,9,1.8307456952070562,10
975,8,48,18,22,1.8210825548731258,26
976,20,22,73,11,1.8197178736344486,11
977,93,10,85,4,1.8184953609101577,6
978,87,25,32,13,1.8019631830327207,12
979,85,13,76,5,1.8000085206097032,8
980,2,21,88,9,1.7993488805723392,12
981,57,10,109,4,1.7866317267766754,6
982,15,20,54,9,1.7760257646065063,11
983,84,32,55,15,1.7463159686665124,17
984,107,35,38,17,1.7434138897292857,18
985,71,18,65,9,1.7385086790308775,9
986,32,32,28,15,1.7383561900488511,17
987,17,12,30,6,1.7366091011141076,6
988,16,29,103,14,1.7358551004647216,15
989,76,10,45,5,1.7263356630732685,5
990,38,11,76,5,1.699907222636557,6
991,34,15,20,6,1.6974281353522305,9
992,98,41,86,18,1.6914695767197412,23
993,54,27,91,15,1.6885326799927167,12
994,16,49,2,23,1.6778156958659614,26
995,79,38,74,16,1.6713290506213756,22
996,6,49,65,26,1.6288389900978633,23
997,103,26,6,11,1.6275337563735748,15
998,10,18,90,8,1.612631742744166,10
999,70,56,8,28,1.5940338293248182,28
1000,30,17,48,8,1.59066657704961,9
1001,34,12,48,6,1.5875475207565521,6
1002,17,13,50,6,1.587542514822458,7
1003,96,14,86,6,1.5713948623262897,8
1004,76,10,14,5,1.56343838736732,5
1005,104,13,86,6,1.5590713730616257,7
1006,106,14,41,7,1.55653648871753,7
1007,84,11,46,5,1.5536654797415743,6
1008,50,33,2,15,1.5483452933241444,18
1009,6,21,46,9,1.5348461201360555,12
1010,85,12,38,6,1.5317416798467223,6
1011,74,18,50,9,1.5058020463222817,9
1012,103,12,85,5,1.5052357650596415,7
1013,55,18,43,9,1.4993353058682126,9
1014,86,30,107,15,1.4638400007714805,15
1015,41,18,18,8,1.4488156792449156,10
1016,79,62,111,28,1.4456912335304024,34
1017,50,36,41,18,1.4450486751473977,18
1018,86,32,48,15,1.4438716400192069,17
1019,16,44,54,21,1.4396923883896255,23
1020,103,10,57,6,1.4334929374709406,4
1021,109,11,112,5,1.4303792106135154,6
1022,65,10,3,5,1.425825292351592,5
1023,13,11,2,4,1.4221213524937664,7
1024,88,31,111,14,1.4213124620809892,17
1025,8,47,20,22,1.420582435666663,25
1026,96,13,55,6,1.4199005276160928,7
1027,2,24,38,13,1.4146987667991204,11
1028,8,40,50,20,1.4130020441022069,20
1029,86,54,79,27,1.3978768919165763,27
1030,51,26,84,11,1.3946044446619845,15
1031,65,34,10,16,1.3889990791790807,18
1032,54,20,23,9,1.3830605566363516,11
1033,44,13,8,5,1.382360749568672,8
1034,54,17,85,9,1.3789825215785754,8
1035,16,32,10,15,1.3769942516048166,17
1036,23,14,32,8,1.36299015760623,6
1037,111,47,55,24,1.3611225123553383,23
1038,29,18,34,10,1.3490741689669339,8
1039,76,30,9,14,1.3464329670764867,16
1040,48,32,98,16,1.346038192120595,16
1041,84,41,87,20,1.3385938795219072,21
1042,79,61,16,28,1.3376507869334486,33
1043,54,34,107,16,1.3280682216199444,18
1044,98,13,57,7,1.3243405021868635,6
1045,37,35,65,16,1.3173393657012906,19
1046,54,43,84,20,1.3144548521624781,23
1047,38,17,106,8,1.3101869215810398,9
1048,87,15,110,7,1.3076573931351647,8
1049,86,12,62,8,1.3029764877822878,4
1050,54,49,86,23,1.2958282736901545,26
1051,55,12,17,6,1.2644044388351476,6
1052,50,10,63,4,1.2561234705003208,6
1053,8,24,43,12,1.2491635720553627,12
1054,23,42,65,21,1.2395198214726815,21
1055,28,33,88,15,1.2332708273566548,18
1056,2,36,87,16,1.230956912786467,20
1057,74,24,46,13,1.2274275532310792,11
1058,17,14,54,7,1.2121687634663056,7
1059,8,19,85,10,1.1861465554197632,9
1060,103,10,1,6,1.178228962480731,4
1061,109,23,98,11,1.1685291459099245,12
1062,9,34,6,16,1.164779086663607,18
1063,79,76,9,37,1.156057079763386,39
1064,79,36,38,17,1.1399672014475488,19
1065,98,69,8,33,1.112214433038039,36
1066,16,10,56,4,1.1063673005412145,6
1067,73,16,28,9,1.102601583168376,7
1068,6,42,84,20,1.1025381642551553,22
1069,84,66,28,32,1.0932884901587276,34
1070,65,41,29,18,1.0863542275741345,23
1071,76,15,103,6,1.064891024931597,9
1072,79,13,5,5,1.0633661477796628,8
1073,34,23,9,12,1.0530539128922707,11
1074,98,11,106,6,1.0522359380778141,5
1075,74,16,62,9,1.038357756374001,7
1076,13,23,98,9,1.0334282765850014,14
1077,48,21,88,9,1.022088854727801,12
1078,107,36,103,17,1.0215275466090674,19
1079,58,11,2,5,1.0060883991850635,6
1080,79,11,94,5,0.999869198006996,6
1081,8,12,5,7,0.9947252871595059,5
1082,32,15,74,7,0.9878312338208298,8
1083,41,16,30,8,0.9850557086879019,8
1084,111,16,68,7,0.9831903657030904,9
1085,91,20,23,10,0.9792678927031672,10
1086,103,44,9,24,0.9734466854109779,20
1087,68,10,16,5,0.9723777343104946,5
1088,54,44,20,20,0.965531605512796,24
1089,84,40,107,19,0.9630991799556797,21
1090,10,11,15,6,0.9620268464624092,5
1091,79,14,96,7,0.9587839220541053,7
1092,84,28,49,14,0.9573548536710029,14
1093,20,19,68,10,0.9561217863728688,9
1094,86,22,20,11,0.9513488629224628,11
1095,57,15,91,6,0.9462820674582961,9
1096,30,30,79,14,0.9459285919663998,16
1097,54,34,79,17,0.93397106002864,17
1098,85,19,9,8,0.9266510351352133,11
1099,13,11,74,5,0.9258529887550367,6
1100,103,12,89,5,0.9245541578032253,7
1101,86,26,55,14,0.9234184839405306,12
1102,60,11,9,6,0.9156618531106675,5
1103,93,15,49,8,0.9146738839447187,7
1104,79,39,90,17,0.8969827248841548,22
1105,62,21,65,9,0.8755953834255741,12
1106,29,12,18,7,0.8741742779448103,5
1107,20,33,30,15,0.8624210657658014,18
1108,103,16,32,7,0.8405021181328091,9
1109,111,44,87,22,0.837629282060696,22
1110,2,34,54,17,0.8033910108899872,17
1111,49,25,54,13,0.7952964242907768,12
1112,29,25,9,13,0.7771037627191238,12
1113,107,45,65,20,0.7750649968921992,25
1114,70,49,98,24,0.7703441864474497,25
1115,112,17,87,9,0.7591685884445001,8
1116,23,24,6,12,0.757380072902326,12
1117,55,12,13,6,0.7567536850396058,6
1118,37,11,73,5,0.7437455399697707,6
1119,46,12,10,6,0.7362386600396065,6
1120,8,91,65,41,0.7286756190519219,50
1121,87,48,107,22,0.7220336856386385,26
1122,79,70,84,34,0.7045123518634121,36
1123,16,36,111,19,0.7024109034978862,17
1124,50,15,88,8,0.6966849372246732,7
1125,41,23,43,11,0.6921842337130496,12
1126,44,12,16,7,0.6740631728235357,5
1127,91,23,86,11,0.6661452371009022,12
1128,76,13,20,7,0.6610311160325412,6
1129,65,33,104,18,0.6526567218920184,15
1130,32,10,30,5,0.6490824873820774,5
1131,74,39,41,21,0.6406425090111565,18
1132,16,17,1,9,0.638053866963686,8
1133,48,46,16,23,0.6372929392635934,23
1134,91,18,44,8,0.6160976329615543,10
1135,11,11,79,7,0.6107232313792162,4
1136,55,22,29,12,0.608123085968795,10
1137,111,37,20,19,0.6068837109506102,18
1138,73,15,55,7,0.6065055891974576,8
1139,79,18,49,8,0.6053065369071557,10
1140,62,18,38,9,0.6043816495722358,9
1141,6,43,8,20,0.5988016059813149,23
1142,98,20,101,11,0.594870864776421,9
1143,75,10,23,5,0.5879055997029298,5
1144,15,14,2,7,0.5683026145731128,7
1145,107,17,48,8,0.557090283563172,9
1146,89,17,111,9,0.5563633904658294,8
1147,90,18,2,9,0.5540783404275302,9
1148,79,41,55,22,0.550687264714179,19
1149,10,18,37,8,0.5468156041706492,10
1150,2,22,62,10,0.5462872756743675,12
1151,98,67,79,35,0.5423907596369391,32
1152,66,13,41,7,0.534743534153649,6
1153,48,24,55,11,0.5337677992724043,13
1154,104,14,51,7,0.5303101352697448,7
1155,91,13,73,5,0.5133686150476426,8
1156,46,13,98,6,0.4949016763373522,7
1157,23,16,30,9,0.4884824633855258,7
1158,73,24,87,11,0.4865857809474523,13
1159,32,10,94,5,0.48339556643762405,5
1160,26,39,41,23,0.4754162497584248,16
1161,29,32,28,16,0.47285680343469233,16
1162,10,24,87,13,0.4726888100769076,11
1163,65,11,80,6,0.4579944933573847,5
1164,107,31,55,17,0.45756440261895776,14
1165,98,16,58,9,0.4540736471862188,7
1166,48,33,87,16,0.4418438090502057,17
1167,88,18,41,9,0.44177382423880074,9
1168,98,18,85,10,0.441092054257157,8
1169,23,37,103,19,0.4333042786770578,18
1170,26,11,50,6,0.4324180875363617,5
1171,98,33,93,16,0.4249481440030074,17
1172,9,41,98,18,0.424424835693392,23
1173,109,14,79,7,0.42130275303052095,7
1174,84,17,96,8,0.4094187460594172,9
1175,23,26,107,13,0.40709415642669183,13
1176,93,16,55,8,0.39897461255756417,8
1177,41,13,85,6,0.3897097634286919,7
1178,55,50,28,22,0.3864978397570932,28
1179,44,10,50,5,0.37049181398411835,5
1180,70,22,9,10,0.35783800642150543,12
1181,55,54,65,24,0.33480129578262635,30
1182,49,17,91,9,0.3285488305810779,8
1183,74,10,75,5,0.3162987227122439,5
1184,19,14,41,8,0.30768619148938015,6
1185,2,23,30,12,0.29321348863964647,11
1186,98,58,28,30,0.2696965888382482,28
1187,37,22,70,11,0.26541516331841886,11
1188,35,13,79,6,0.2611575923038565,7
1189,103,28,38,14,0.2481523476415201,14
1190,18,27,54,14,0.24449076708154974,13
1191,84,12,1,6,0.2428062343244942,6
1192,2,31,74,16,0.2426189207787665,15
1193,66,20,9,10,0.23945533670543603,10
1194,85,10,66,5,0.23847533791686767,5
1195,84,58,37,30,0.2306892845057094,28
1196,87,11,71,6,0.21156446783375316,5
1197,30,22,74,10,0.20088773846185115,12
1198,29,36,41,18,0.19641039337775912,18
1199,30,18,18,8,0.18809198027763627,10
1200,79,45,76,21,0.17513970918172436,24
1201,26,19,2,10,0.15549736717273138,9
1202,23,38,28,19,0.15194126752419734,19
1203,6,23,112,11,0.14608972875934934,12
1204,32,18,50,10,0.14361277931057495,8
1205,74,20,37,10,0.1351513012183972,10
1206,13,11,87,6,0.13022005589559751,5
1207,74,45,54,24,0.12330639621907567,21
1208,91,19,88,9,0.11151015137343248,10
1209,106,15,28,6,0.09851488159507558,9
1210,6,29,41,15,0.0941275477253323,14
1211,38,15,110,8,0.07451058664372948,7
1212,8,64,2,34,0.0602818425873517,30
1213,85,24,79,13,0.034805559038930234,11
1214,40,14,65,6,0.022138801901295854,8
1215,37,15,38,8,0.0011031238349569132,7
1216,38,15,37,7,-0.0011031238349578606,8
1217,28,61,79,34,-0.008836982918016517,27
1218,65,14,40,8,-0.022138801901296672,6
1219,13,13,107,6,-0.03566165788038671,7
1220,65,81,79,42,-0.04424467295364335,39
1221,76,38,65,18,-0.05184006466891194,20
1222,79,50,103,24,-0.05775390300531491,26
1223,2,25,20,13,-0.06141520142574363,12
1224,110,15,38,7,-0.07451058664372871,8
1225,87,42,74,20,-0.07958529470361445,22
1226,84,47,103,22,-0.09369403051445593,25
1227,41,29,6,14,-0.09412754772533327,15
1228,43,19,20,10,-0.09655439021695145,9
1229,28,15,106,9,-0.09851488159507558,6
1230,88,19,91,10,-0.11151015137343323,9
1231,17,17,20,9,-0.12665014758012894,8
1232,87,11,13,5,-0.13022005589559688,6
1233,37,20,74,10,-0.135151301218397,10
1234,91,29,107,14,-0.13982179383331866,15
1235,111,25,30,13,-0.14558741487159338,12
1236,87,34,98,16,-0.1724338468755451,18
1237,17,19,74,10,-0.18384205614173943,9
1238,18,18,30,10,-0.18809198027763716,8
1239,74,22,30,12,-0.20088773846185182,10
1240,71,11,87,5,-0.21156446783375446,6
1241,10,12,88,6,-0.22505216329234803,6
1242,66,10,85,5,-0.23847533791686928,5
1243,9,20,66,10,-0.23945533670543603,10
1244,1,12,84,6,-0.24280623432449092,6
1245,54,27,18,13,-0.24449076708155026,14
1246,38,28,103,14,-0.24815234764151944,14
1247,79,13,35,7,-0.26115759230385677,6
1248,70,22,37,11,-0.2654151633184179,11
1249,30,23,2,11,-0.29321348863964564,12
1250,41,14,19,6,-0.30768619148938214,8
1251,10,27,111,13,-0.3114645815059003,14
1252,75,10,74,5,-0.3162987227122439,5
1253,28,44,50,22,-0.32045066520029036,22
1254,91,17,49,8,-0.32854883058107764,9
1255,43,16,98,8,-0.334919329248079,8
1256,84,45,50,22,-0.341940991423321,23
1257,28,64,2,33,-0.34518024809502945,31
1258,9,22,70,12,-0.3578380064215045,10
1259,50,10,44,5,-0.37049181398411835,5
1260,84,67,8,33,-0.3729158728731228,34
1261,90,30,65,14,-0.37730681884186645,16
1262,8,62,10,32,-0.38632082928330636,30
1263,85,13,41,7,-0.3897097634286919,6
1264,55,16,93,8,-0.3989746125575646,8
1265,107,26,23,13,-0.4070941564266929,13
1266,65,32,17,16,-0.4089458448973926,16
1267,96,17,84,9,-0.4094187460594168,8
1268,79,14,109,7,-0.42130275303052045,7
1269,98,41,9,23,-0.42442483569339234,18
1270,93,33,98,17,-0.42494814400300696,16
1271,85,18,98,8,-0.44109205425715736,10
1272,41,18,88,9,-0.4417738242388016,9
1273,87,33,48,17,-0.44184380905020415,16
1274,80,11,65,5,-0.457994493357384,6
1275,87,24,10,11,-0.4726888100769076,13
1276,28,32,29,16,-0.47285680343469205,16
1277,94,10,32,5,-0.4833955664376234,5
1278,87,24,73,13,-0.4865857809474514,11
1279,91,41,79,20,-0.4867348746757923,21
1280,98,13,46,7,-0.494901676337354,6
1281,73,13,91,8,-0.5133686150476421,5
1282,20,23,110,11,-0.5195268671329448,12
1283,51,14,104,7,-0.5303101352697429,7
1284,55,24,48,13,-0.5337677992724031,11
1285,41,13,66,6,-0.5347435341536495,7
1286,62,22,2,12,-0.5462872756743683,10
1287,37,18,10,10,-0.5468156041706485,8
1288,111,17,89,8,-0.556363390465831,9
1289,48,17,107,9,-0.5570902835631725,8
1290,79,81,65,40,-0.5589485959558708,41
1291,23,10,75,5,-0.5879055997029312,5
1292,49,24,107,13,-0.5883775965859891,11
1293,16,37,23,19,-0.5884301363027267,18
1294,101,20,98,9,-0.5948708647764195,11
1295,39,10,87,5,-0.5972214062189816,5
1296,23,33,79,18,-0.5991196107820859,15
1297,38,18,62,9,-0.6043816495722345,9
1298,55,15,73,8,-0.6065055891974562,7
1299,29,22,55,10,-0.6081230859687949,12
1300,79,11,11,4,-0.6107232313792149,7
1301,44,18,91,10,-0.6160976329615553,8
1302,16,46,48,23,-0.6372929392635932,23
1303,41,39,74,18,-0.640642509011156,21
1304,6,19,62,11,-0.6431821395568814,8
1305,30,10,32,5,-0.6490824873820789,5
1306,104,33,65,15,-0.6526567218920186,18
1307,29,20,103,10,-0.6578144863835312,10
1308,74,51,28,27,-0.6578859259255861,24
1309,20,13,76,6,-0.6610311160325401,7
1310,86,23,91,12,-0.6661452371009026,11
1311,16,12,44,5,-0.6740631728235359,7
1312,101,15,23,7,-0.6750621504160544,8
1313,88,15,50,7,-0.6966849372246742,8
1314,74,42,87,23,-0.7245745938864455,19
1315,10,12,46,6,-0.7362386600396065,6
1316,73,11,37,6,-0.7437455399697719,5
1317,13,12,55,6,-0.7567536850396056,6
1318,87,17,112,8,-0.7591685884445006,9
1319,98,49,70,25,-0.770344186447448,24
1320,8,67,84,35,-0.7770567842970908,32
1321,54,34,2,17,-0.8033910108899884,17
1322,48,38,28,18,-0.8283485267537116,20
1323,91,21,29,10,-0.8357535316372816,11
1324,10,51,79,29,-0.8544891772527285,22
1325,38,18,91,10,-0.8605561818804589,8
1326,30,33,20,18,-0.8624210657658024,15
1327,18,12,29,5,-0.8741742779448094,7
1328,65,21,62,12,-0.8755953834255741,9
1329,85,18,74,9,-0.8842572167875924,9
1330,93,30,20,17,-0.8968767950978295,13
1331,49,15,93,7,-0.9146738839447184,8
1332,111,29,18,15,-0.9151185639276579,14
1333,9,11,60,5,-0.9156618531106686,6
1334,55,26,86,12,-0.9234184839405314,14
1335,89,12,103,7,-0.9245541578032253,5
1336,28,78,8,40,-0.9254529528643421,38
1337,9,19,85,11,-0.9266510351352133,8
1338,91,15,57,9,-0.9462820674582971,6
1339,20,22,86,11,-0.9513488629224631,11
1340,8,70,111,34,-0.9571051337572238,36
1341,49,28,84,14,-0.9573548536710035,14
1342,96,14,79,7,-0.9587839220541056,7
1343,15,11,10,5,-0.9620268464624092,6
1344,16,10,68,5,-0.9723777343104946,5
1345,68,16,111,9,-0.9831903657030906,7
1346,30,16,41,8,-0.9850557086879017,8
1347,91,23,20,11,-0.9903622576025491,12
1348,5,12,8,5,-0.9947252871595057,7
1349,94,11,79,6,-0.9998691980069959,5
1350,41,33,70,17,-1.0073100144887814,16
1351,28,51,74,25,-1.0091220915487187,26
1352,41,13,75,7,-1.0160682715228835,6
1353,8,78,28,40,-1.0187943079709858,38
1354,88,21,48,12,-1.022088854727801,9
1355,98,32,90,17,-1.0267736789331345,15
1356,103,10,75,5,-1.035188460357086,5
1357,112,10,8,5,-1.0357746876565699,5
1358,62,16,74,7,-1.0383577563740003,9
1359,111,27,23,15,-1.048513117845392,12
1360,89,13,6,6,-1.0487640819634654,7
1361,106,11,98,5,-1.0522359380778148,6
1362,5,13,79,8,-1.0633661477796628,5
1363,103,15,76,9,-1.0648910249315973,6
1364,51,24,28,12,-1.0697876821134717,12
1365,73,20,103,10,-1.0728746625988024,10
1366,29,41,65,23,-1.0863542275741362,18
1367,28,66,84,34,-1.093288490158726,32
1368,50,45,84,24,-1.0947387353368896,21
1369,84,42,6,22,-1.1025381642551555,20
1370,28,16,73,7,-1.102601583168377,9
1371,56,10,16,6,-1.1063673005412131,4
1372,88,27,107,13,-1.1333373612451967,14
1373,91,23,30,13,-1.146326244872261,10
1374,65,81,41,44,-1.1521295696669458,37
1375,55,30,50,14,-1.1578354664260424,16
1376,34,10,1,4,-1.158449896925856,6
1377,6,34,9,18,-1.1647790866636063,16
1378,1,10,103,4,-1.178228962480731,6
1379,79,67,98,33,-1.185782047717224,34
1380,111,49,98,25,-1.1971941446177512,24
1381,107,36,111,18,-1.1978257080625474,18
1382,23,37,16,19,-1.2113990211273438,18
1383,54,14,17,7,-1.212168763466305,7
1384,88,33,28,18,-1.233270827356654,15
1385,2,51,79,27,-1.2385569143211732,24
1386,63,10,50,6,-1.2561234705003208,4
1387,17,12,55,6,-1.2644044388351479,6
1388,86,49,54,26,-1.2958282736901536,23
1389,107,18,10,10,-1.302641998274499,8
1390,62,12,86,4,-1.3029764877822885,8
1391,110,15,87,8,-1.307657393135164,7
1392,106,17,38,9,-1.3101869215810407,8
1393,103,47,84,26,-1.3117535282727075,21
1394,84,43,54,23,-1.3144548521624781,20
1395,65,35,37,19,-1.3173393657012917,16
1396,57,13,98,6,-1.3243405021868624,7
1397,90,32,98,16,-1.3246080262099156,16
1398,107,34,54,18,-1.3280682216199446,16
1399,91,15,109,7,-1.3373257862259469,8
1400,87,41,84,21,-1.3385938795219061,20
1401,98,32,48,16,-1.3460381921205946,16
1402,9,30,76,16,-1.3464329670764872,14
1403,34,18,29,8,-1.3490741689669334,10
1404,74,33,20,17,-1.353456899126018,16
1405,32,14,23,6,-1.3629901576062295,8
1406,59,16,41,9,-1.3704315284875221,7
1407,85,17,54,8,-1.3789825215785738,9
1408,23,15,76,7,-1.3791825091008199,8
1409,8,13,44,8,-1.3823607495686732,5
1410,23,20,54,11,-1.3830605566363494,9
1411,84,70,79,37,-1.3852590410612948,33
1412,84,26,51,15,-1.3946044446619839,11
1413,79,54,86,27,-1.3978768919165763,27
1414,41,81,65,39,-1.4041433009139985,42
1415,50,44,28,23,-1.4189035523606586,21
1416,55,13,96,7,-1.4199005276160916,6
1417,111,31,88,17,-1.4213124620809878,14
1418,28,38,48,21,-1.4243650103737282,17
1419,3,10,65,5,-1.425825292351591,5
1420,107,23,18,13,-1.4296389206294247,10
1421,112,11,109,6,-1.4303792106135154,5
1422,57,10,103,4,-1.43349293747094,6
1423,54,44,16,23,-1.439692388389625,21
1424,23,27,111,13,-1.4435580232116272,14
1425,48,32,86,17,-1.4438716400192062,15
1426,107,30,86,15,-1.4638400007714791,15
1427,17,43,98,22,-1.4651649500523514,21
1428,20,13,90,6,-1.4684862703100507,7
1429,85,12,103,7,-1.505235765059642,5
1430,50,18,74,9,-1.5058020463222825,9
1431,62,19,6,9,-1.506313038221411,10
1432,98,43,17,23,-1.5166447539243209,20
1433,6,14,50,8,-1.5219443856325081,6
1434,38,12,85,6,-1.5317416798467212,6
1435,37,58,84,29,-1.5410671219703609,29
1436,46,11,84,6,-1.553665479741575,5
1437,41,14,106,7,-1.5565364887175293,7
1438,86,13,104,7,-1.559071373061625,6
1439,14,10,76,5,-1.56343838736732,5
1440,94,11,2,6,-1.566847919784111,5
1441,86,14,96,8,-1.5713948623262906,6
1442,29,16,16,9,-1.5836522711307057,7
1443,48,17,30,9,-1.5906665770496091,8
1444,8,56,70,28,-1.594033829324818,28
1445,90,18,10,10,-1.612631742744166,8
1446,91,22,84,11,-1.6140489066565649,11
1447,79,16,57,9,-1.6225267683647033,7
1448,107,27,88,15,-1.6330158511801816,12
1449,87,44,111,23,-1.641789170650758,21
1450,20,21,112,10,-1.6804120498088793,11
1451,91,27,54,12,-1.688532679992717,15
1452,86,41,98,23,-1.6914695767197396,18
1453,23,18,57,10,-1.6948872060166507,8
1454,18,13,20,7,-1.69876804268239,6
1455,76,11,38,6,-1.6999072226365548,5
1456,65,38,76,21,-1.7259377131088651,17
1457,45,10,76,5,-1.7263356630732685,5
1458,16,16,29,8,-1.7271978980205005,8
1459,103,29,16,15,-1.735855100464721,14
1460,30,12,17,6,-1.736609101114107,6
1461,65,18,71,9,-1.7385086790308772,9
1462,38,35,107,18,-1.7434138897292857,17
1463,55,32,84,17,-1.7463159686665113,15
1464,111,70,8,39,-1.7509750705170983,31
1465,54,20,15,11,-1.7760257646065063,9
1466,84,22,91,12,-1.7835975804372517,10
1467,109,10,57,6,-1.7866317267766754,4
1468,88,21,2,12,-1.7993488805723394,9
1469,76,13,85,8,-1.8000085206097036,5
1470,32,25,87,12,-1.8019631830327214,13
1471,93,25,6,13,-1.8024437751588966,12
1472,18,11,85,7,-1.8067340182792189,4
1473,84,19,90,10,-1.8307456952070555,9
1474,98,19,73,10,-1.851371729787623,9
1475,55,25,49,11,-1.8646594153921843,14
1476,112,17,54,9,-1.8715662937888236,8
1477,90,10,34,5,-1.8752123956926063,5
1478,28,18,5,9,-1.8930799000381917,9
1479,103,14,70,8,-1.9027941936339994,6
1480,61,11,41,6,-1.9034780148497894,5
1481,90,19,86,11,-1.9043174139425585,8
1482,17,10,76,6,-1.9048948605366014,4
1483,55,41,79,20,-1.9167817193509258,21
1484,37,22,6,11,-1.9187411338779805,11
1485,13,20,65,9,-1.9236367618157104,11
1486,48,10,62,6,-1.9270832455013296,4
1487,6,24,76,12,-1.937944044447951,12
1488,6,25,93,13,-1.9383775932498641,12
1489,34,20,50,9,-1.9535612317766202,11
1490,8,19,63,11,-1.9640537669425608,8
1491,54,45,74,22,-1.97553752674608,23
1492,29,11,49,7,-1.9792119029563418,4
1493,37,13,103,7,-1.9837820518429876,6
1494,41,16,34,9,-1.9846654519938336,7
1495,97,10,55,5,-1.9884220470048688,5
1496,71,10,37,6,-1.9896037058196856,4
1497,74,55,98,28,-2.008567476708278,27
1498,85,13,107,5,-2.0121024102187826,8
1499,9,30,10,15,-2.0135222581265264,15
1500,74,17,90,9,-2.030135359930969,8
1501,93,20,88,8,-2.033372594210669,12
1502,96,14,8,7,-2.0352117697299557,7
1503,26,14,73,8,-2.0368384601286986,6
1504,65,72,84,37,-2.0379176330897706,35
1505,98,52,38,28,-2.0498657703552294,24
1506,26,30,9,17,-2.052887996849143,13
1507,10,18,91,10,-2.0539203960339205,8
1508,86,57,8,31,-2.057250357622893,26
1509,74,28,26,15,-2.062380911226794,13
1510,65,22,85,13,-2.0630480183814526,9
1511,88,22,62,12,-2.068203078615548,10
1512,54,56,98,28,-2.0734829531241803,28
1513,104,17,9,10,-2.0746206420840276,7
1514,48,19,13,12,-2.0777118977088573,7
1515,8,69,98,37,-2.081911402735009,32
1516,90,17,74,9,-2.0848494229315673,8
1517,84,18,75,10,-2.0937199255326187,8
1518,86,56,28,28,-2.135355232203732,28
1519,3,18,54,9,-2.1358068028320694,9
1520,1,15,87,7,-2.138632690920939,8
1521,111,44,84,25,-2.1422526544855915,19
1522,32,10,18,5,-2.1572241092213575,5
1523,15,11,9,6,-2.1575516880448644,5
1524,107,24,90,12,-2.161624044674689,12
1525,65,54,55,32,-2.1621650885730803,22
1526,98,18,89,10,-2.180079413202899,8
1527,28,19,44,12,-2.1816767204067156,7
1528,65,45,107,26,-2.197287219114421,19
1529,11,18,8,10,-2.214420828158943,8
1530,65,30,90,17,-2.2173212695918445,13
1531,54,15,73,8,-2.217586045542855,7
1532,8,14,14,8,-2.2189602603742733,6
1533,57,12,54,7,-2.224387822283533,5
1534,58,11,8,5,-2.2258955118772117,6
1535,20,44,54,25,-2.2268078604275408,19
1536,106,10,62,5,-2.251724283686679,5
1537,50,14,6,7,-2.2618843791117285,7
1538,9,40,37,22,-2.262801557650182,18
1539,32,18,62,9,-2.2636867699003225,9
1540,28,25,62,15,-2.271350662558558,10
1541,32,13,20,7,-2.2751108005385445,6
1542,84,48,74,26,-2.2830224549509457,22
1543,10,62,8,32,-2.284886264681262,30
1544,37,39,28,21,-2.310806744030662,18
1545,103,37,23,19,-2.3239729626949814,18
1546,94,11,41,6,-2.3275339532246493,5
1547,48,22,10,11,-2.3526521440575237,11
1548,107,10,51,6,-2.364406054363658,4
1549,43,23,41,13,-2.3652994967791563,10
1550,104,22,16,12,-2.3846505018780997,10
1551,16,61,79,34,-2.3998450437774235,27
1552,28,24,51,13,-2.4031456876246624,11
1553,57,16,79,8,-2.4270888358529543,8
1554,50,16,18,8,-2.4351075330006164,8
1555,79,24,85,12,-2.448715961670296,12
1556,48,22,63,12,-2.4502218283603607,10
1557,38,40,41,21,-2.4535603181412866,19
1558,29,27,6,14,-2.45903121181426,13
1559,88,46,8,25,-2.4622937925313138,21
1560,9,44,103,21,-2.4769487250437585,23
1561,29,20,2,11,-2.477941203005181,9
1562,62,15,37,8,-2.4789476689639174,7
1563,65,49,6,24,-2.47968083130177,25
1564,50,12,75,7,-2.4925159155893497,5
1565,107,41,98,23,-2.504606560314172,18
1566,70,27,28,13,-2.510024433047842,14
1567,29,19,50,11,-2.525141516354553,8
1568,70,33,41,17,-2.5290882561404504,16
1569,49,10,63,5,-2.5291147398136253,5
1570,8,43,6,24,-2.5371830216491102,19
1571,48,15,49,7,-2.544499155603262,8
1572,11,10,30,6,-2.5564825240632034,4
1573,111,27,10,15,-2.561286831397376,12
1574,79,51,2,27,-2.570420600253088,24
1575,112,20,38,11,-2.5875581099779774,9
1576,8,25,34,12,-2.599349637379093,13
1577,86,19,90,9,-2.5999398967094858,10
1578,107,24,49,12,-2.600438468942416,12
1579,28,40,30,22,-2.6105936366755755,18
1580,84,21,14,14,-2.6332142559850586,7
1581,37,33,48,17,-2.6418897918039517,16
1582,84,24,30,13,-2.649950052405462,11
1583,30,25,111,13,-2.6528736151948067,12
1584,9,11,106,6,-2.6544531376629665,5
1585,63,11,111,6,-2.656681768070538,5
1586,8,14,15,7,-2.6593953269851673,7
1587,98,49,111,27,-2.661784450073085,22
1588,111,13,43,8,-2.669621436422116,5
1589,20,16,37,9,-2.669796905589799,7
1590,43,17,107,9,-2.670387525820163,8
1591,86,21,6,11,-2.6797895540068413,10
1592,49,18,32,9,-2.688514142434056,9
1593,90,39,79,23,-2.6906940404909006,16
1594,87,36,2,21,-2.7024458768536723,15
1595,10,30,9,17,-2.725511572413539,13
1596,30,14,26,5,-2.7295268644643054,9
1597,29,14,23,8,-2.732572073895786,6
1598,65,91,8,52,-2.7337241986003473,39
1599,103,19,48,10,-2.7455190211302885,9
1600,30,23,91,11,-2.757139530858619,12
1601,104,26,79,16,-2.7673365522379703,10
1602,89,15,50,8,-2.767885417645722,7
1603,50,34,54,20,-2.769221861295628,14
1604,87,15,104,9,-2.773139485298443,6
1605,12,11,8,6,-2.8009343879230215,5
1606,65,55,38,30,-2.806589910357459,25
1607,107,25,93,14,-2.806698071004472,11
1608,55,12,104,6,-2.817049603991468,6
1609,107,40,84,22,-2.830387598342809,18
1610,107,20,63,12,-2.8489994132116676,8
1611,86,10,75,5,-2.8536540104730803,5
1612,63,14,74,8,-2.8546011556463156,6
1613,18,29,111,16,-2.859497108899379,13
1614,98,52,16,29,-2.8744462121533867,23
1615,76,22,111,10,-2.8888180973130924,12
1616,111,30,90,17,-2.89054471305433,13
1617,32,18,49,10,-2.892278990328854,8
1618,34,16,6,8,-2.8927905205883553,8
1619,20,23,91,13,-2.91310351812833,10
1620,41,36,29,19,-2.9244119186735795,17
1621,55,31,107,16,-2.937626713011269,15
1622,76,15,23,9,-2.940407468731348,6
1623,79,41,91,23,-2.9490646524657533,18
1624,37,58,79,33,-2.9640154422255227,25
1625,74,18,85,10,-2.978897137377882,8
1626,98,23,13,15,-2.9928471993749595,8
1627,89,16,26,8,-3.0015441091670585,8
1628,65,15,51,8,-3.0024330188565416,7
1629,8,11,12,6,-3.0172474302587955,5
1630,16,18,38,9,-3.0174584469144037,9
1631,89,17,48,9,-3.030683667814096,8
1632,76,45,79,26,-3.037225257348003,19
1633,50,30,55,18,-3.0412111466328393,12
1634,44,14,9,6,-3.0418979222799787,8
1635,10,18,107,9,-3.050193716172087,9
1636,87,28,62,16,-3.05254413200227,12
1637,55,15,70,8,-3.0551209872054277,7
1638,65,16,43,8,-3.0818646979565365,8
1639,79,56,41,30,-3.1072129437235954,26
1640,86,37,65,20,-3.1146327386292665,17
1641,20,33,74,18,-3.1279922292078326,15
1642,38,36,79,20,-3.1386740959807797,16
1643,88,23,23,13,-3.1441600025036935,10
1644,90,10,1,5,-3.14882035881255,5
1645,16,19,50,10,-3.1594632722429505,9
1646,91,14,17,8,-3.16960980301192,6
1647,65,66,87,37,-3.1707364264120983,29
1648,9,43,48,25,-3.1751195832174797,18
1649,88,13,18,7,-3.1759771370815284,6
1650,75,15,111,7,-3.17685714011478,8
1651,8,25,104,15,-3.1877877944585076,10
1652,37,13,91,7,-3.1893915884876662,6
1653,88,82,65,46,-3.191662609516441,36
1654,26,37,79,21,-3.2224103393223973,16
1655,85,11,49,6,-3.234049059231714,5
1656,87,15,1,9,-3.235954063691745,6
1657,18,15,76,9,-3.237191989649946,6
1658,55,13,51,8,-3.2507621857687634,5
1659,65,30,73,17,-3.264498946198197,13
1660,98,11,59,6,-3.2664563544762517,5
1661,50,12,20,7,-3.277981555190234,5
1662,16,68,28,37,-3.2853890684127722,31
1663,84,23,57,13,-3.2865946702288213,10
1664,109,26,2,16,-3.2959656279360225,10
1665,106,22,8,11,-3.3061805801559743,11
1666,62,18,16,10,-3.3165301409136863,8
1667,57,13,55,8,-3.327670077621321,5
1668,18,23,107,12,-3.3296591016307526,11
1669,18,57,28,31,-3.341827320423698,26
1670,79,30,30,17,-3.3581610508858177,13
1671,23,20,91,11,-3.3618813048957485,9
1672,6,18,49,10,-3.361990920437636,8
1673,85,14,2,7,-3.3798876085075156,7
1674,13,14,76,7,-3.383197454645703,7
1675,50,14,70,7,-3.3858944797818475,7
1676,28,32,32,18,-3.3937812746244553,14
1677,15,16,65,8,-3.396313291786303,8
1678,6,12,57,8,-3.4000169565132334,4
1679,84,20,32,12,-3.403700726822616,8
1680,28,54,111,30,-3.413874283084288,24
1681,91,10,5,4,-3.4255398118724374,6
1682,17,32,65,18,-3.431569242866022,14
1683,28,22,34,13,-3.4374595694679444,9
1684,37,10,107,6,-3.444420525023787,4
1685,57,12,86,6,-3.4531517504498637,6
1686,79,34,54,18,-3.4597407834745564,16
1687,79,51,10,25,-3.461171301661281,26
1688,107,48,87,28,-3.462771267748502,20
1689,91,12,48,7,-3.4664297594725237,5
1690,55,14,1,8,-3.472860068937083,6
1691,29,32,98,17,-3.494477131581665,15
1692,2,64,28,35,-3.494662950113527,29
1693,88,34,55,21,-3.4984778706231747,13
1694,41,49,16,26,-3.501070366837183,23
1695,94,13,65,7,-3.505690987614661,6
1696,54,72,8,38,-3.508593201970937,34
1697,87,74,8,42,-3.5156095188959546,32
1698,16,11,46,6,-3.5247066219075394,5
1699,48,32,76,18,-3.525897058186025,14
1700,26,33,111,19,-3.5276889460712058,14
1701,87,26,70,15,-3.5345174393475727,11
1702,49,18,79,11,-3.5482844650415624,7
1703,38,25,50,14,-3.5687465201033057,11
1704,57,16,16,8,-3.5714373486183053,8
1705,75,14,87,7,-3.5866681857153258,7
1706,23,15,101,9,-3.591604516250614,6
1707,28,38,23,21,-3.599379928512799,17
1708,18,12,10,8,-3.6042571144804363,4
1709,79,61,28,30,-3.610546327891444,31
1710,112,10,98,5,-3.634369737429611,5
1711,73,22,20,12,-3.6521774474687554,10
1712,37,38,16,23,-3.6538134186570033,15
1713,6,16,34,9,-3.6598684680509215,7
1714,65,17,57,11,-3.66200460796526,6
1715,28,33,90,19,-3.6923457110468223,14
1716,70,34,54,18,-3.70016254332773,16
1717,48,43,79,23,-3.7040167788581893,20
1718,62,15,91,8,-3.707999769375562,7
1719,10,14,32,9,-3.709056496740224,5
1720,87,10,60,5,-3.716219490276847,5
1721,38,22,84,13,-3.721558072111377,9
1722,41,16,48,9,-3.723395209925695,7
1723,28,50,55,30,-3.7362392036570076,20
1724,10,34,65,19,-3.7403807843221304,15
1725,18,12,57,8,-3.7525453734501912,4
1726,49,22,28,13,-3.761707702389012,9
1727,11,16,16,10,-3.7642884351875816,6
1728,2,64,8,33,-3.771603970672433,31
1729,110,11,26,5,-3.781495457699158,6
1730,103,12,110,7,-3.784927459031115,5
1731,18,15,93,8,-3.8000555745474087,7
1732,98,16,43,9,-3.8123705589147328,7
1733,62,39,8,21,-3.8203580499873464,18
1734,91,14,32,7,-3.8253106560348464,7
1735,49,16,17,9,-3.8354352643495577,7
1736,29,21,91,12,-3.840820511726981,9
1737,18,18,41,11,-3.84366102932153,7
1738,75,10,37,6,-3.8443267506529617,4
1739,75,20,8,11,-3.850513142182257,9
1740,34,12,23,6,-3.85388189935407,6
1741,49,14,38,7,-3.8551286140805963,7
1742,9,78,84,46,-3.8632336429297727,32
1743,84,47,98,26,-3.8908337456526567,21
1744,2,26,91,15,-3.8971597312680113,11
1745,54,16,94,8,-3.897800639878564,8
1746,9,30,26,15,-3.917115924375875,15
1747,74,22,43,13,-3.9345782455697673,9
1748,54,32,87,18,-3.9348055085863867,14
1749,112,10,91,5,-3.946754868280294,5
1750,73,22,6,11,-3.9476996189213933,11
1751,87,32,23,19,-3.956644400151879,13
1752,8,40,91,21,-3.961945852137986,19
1753,65,42,23,23,-3.9627458762007683,19
1754,26,14,55,8,-3.9805474058369166,6
1755,10,13,104,7,-3.982341981798969,6
1756,98,34,87,20,-3.9852020639548185,14
1757,50,40,8,22,-3.9913080129704546,18
1758,8,29,73,18,-3.9924196449780625,11
1759,37,26,87,13,-3.9965570187790043,13
1760,28,72,65,41,-4.002474680377952,31
1761,79,33,23,17,-4.005580416521516,16
1762,103,50,79,29,-4.028559233170849,21
1763,28,58,98,31,-4.030600698284184,27
1764,65,10,52,6,-4.033826421153391,4
1765,74,38,79,23,-4.033953072774277,15
1766,2,19,26,10,-4.041871884320681,9
1767,98,23,109,13,-4.0431120330253485,10
1768,71,15,84,8,-4.046997354452872,7
1769,10,32,16,18,-4.051397029804468,14
1770,46,21,6,13,-4.0573986299655465,8
1771,10,41,2,24,-4.057775267216063,17
1772,75,10,65,6,-4.061741964132054,4
1773,104,12,90,6,-4.064341220930973,6
1774,2,63,98,35,-4.0864521676034835,28
1775,65,16,106,9,-4.0921186691282205,7
1776,86,25,50,15,-4.103724204758594,10
1777,98,39,37,22,-4.11677597890711,17
1778,10,16,103,9,-4.145748166667432,7
1779,2,15,37,8,-4.14722052773026,7
1780,35,11,16,6,-4.150016684827543,5
1781,91,23,65,11,-4.15010120900014,12
1782,8,28,30,17,-4.155265384733847,11
1783,18,22,16,13,-4.167483705263702,9
1784,32,16,2,9,-4.169077635966493,7
1785,8,24,51,14,-4.187811296214764,10
1786,111,62,79,37,-4.218289071737846,25
1787,86,20,23,11,-4.219319390999459,9
1788,6,24,23,13,-4.230313442640459,11
1789,85,19,8,10,-4.235296537690964,9
1790,79,47,6,27,-4.237391580830745,20
1791,8,11,97,7,-4.238412616249588,4
1792,16,19,51,12,-4.2426792919329,7
1793,88,33,79,21,-4.242790460167086,12
1794,49,13,18,7,-4.243576516469454,6
1795,98,39,6,23,-4.250381101594533,16
1796,46,24,74,12,-4.250765743447537,12
1797,16,21,63,11,-4.279009624505892,10
1798,48,15,85,9,-4.305363268792187,6
1799,41,39,26,18,-4.308213459712551,21
1800,107,16,30,10,-4.310516753383161,6
1801,1,20,41,13,-4.310885836842604,7
1802,29,37,87,21,-4.317833214151955,16
1803,90,13,20,8,-4.319530234657456,5
1804,16,19,75,11,-4.325958452336133,8
1805,74,31,2,17,-4.326298290158694,14
1806,44,13,79,7,-4.356415433762269,6
1807,2,11,57,7,-4.360321050424336,4
1808,16,38,55,22,-4.369027460501823,16
1809,94,11,87,6,-4.375015437142172,5
1810,1,10,90,6,-4.375601097645208,4
1811,89,13,54,8,-4.375934710162814,5
1812,8,29,29,16,-4.386286441561601,13
1813,41,36,50,20,-4.39168406813968,16
1814,41,36,84,22,-4.405400183867785,14
1815,20,19,43,10,-4.407702920435093,9
1816,103,20,73,11,-4.408542656876506,9
1817,107,29,91,17,-4.411308214147099,12
1818,91,24,16,14,-4.421398779473557,10
1819,13,10,90,5,-4.435057658973358,5
1820,2,18,90,10,-4.440452857575481,8
1821,1,10,34,7,-4.442537367084793,3
1822,76,37,16,20,-4.451124010231458,17
1823,58,16,98,8,-4.454073647186219,8
1824,84,23,73,15,-4.463513313785124,8
1825,110,23,20,13,-4.46357978693552,10
1826,15,25,111,15,-4.472513123100842,10
1827,29,21,111,10,-4.484029622528673,11
1828,107,31,74,18,-4.49684885234603,13
1829,93,21,29,12,-4.498959392246701,9
1830,28,15,14,10,-4.4990639134595956,5
1831,62,11,29,6,-4.502398822563125,5
1832,6,27,29,15,-4.503478704943507,12
1833,23,40,41,23,-4.507259861409941,17
1834,93,29,111,15,-4.510765206652467,14
1835,85,11,18,5,-4.514791288537011,6
1836,93,18,86,10,-4.51863309185886,8
1837,74,15,32,9,-4.519404747582117,6
1838,109,26,65,13,-4.522732343847644,13
1839,23,24,74,13,-4.530539923458647,11
1840,89,20,9,13,-4.555028073124964,7
1841,32,22,55,13,-4.5613058564845765,9
1842,9,37,2,20,-4.570200756721712,17
1843,48,15,17,8,-4.57243158960934,7
1844,20,17,17,9,-4.57611326270597,8
1845,15,10,86,5,-4.603054673648832,5
1846,87,11,68,6,-4.626141991098492,5
1847,2,20,29,11,-4.659724574406296,9
1848,28,36,20,22,-4.676277899546413,14
1849,79,21,29,12,-4.677275321651237,9
1850,55,47,111,26,-4.698473816305829,21
1851,9,76,79,43,-4.699969329384482,33
1852,79,39,50,21,-4.700291458157238,18
1853,86,39,9,22,-4.702205881425731,17
1854,93,19,109,11,-4.710552248323455,8
1855,14,14,87,8,-4.712999134730353,6
1856,9,30,90,17,-4.717832744642908,13
1857,35,21,76,13,-4.725447690057797,8
1858,54,66,65,36,-4.75749689850986,30
1859,28,19,46,11,-4.7732100228715675,8
1860,54,23,46,14,-4.7761943840724514,9
1861,104,10,111,6,-4.78538385386756,4
1862,18,11,86,6,-4.795064637153174,5
1863,9,51,111,27,-4.814055936731913,24
1864,28,10,110,5,-4.821015306608336,5
1865,29,20,54,13,-4.828224061790944,7
1866,109,11,89,6,-4.829014520032646,5
1867,63,11,39,6,-4.830077117168623,5
1868,13,13,103,7,-4.835710066696813,6
1869,107,85,8,47,-4.84582785094699,38
1870,98,25,30,16,-4.849081372286935,9
1871,30,16,23,8,-4.860653795176971,8
1872,8,61,74,35,-4.861231025934779,26
1873,9,27,62,16,-4.876428914210389,11
1874,6,41,54,26,-4.900522402213304,15
1875,20,30,93,15,-4.900735470483163,15
1876,5,11,65,6,-4.901615377921411,5
1877,103,11,46,6,-4.934914439873031,5
1878,93,11,11,5,-4.935288832458101,6
1879,20,37,111,20,-4.9479559141790075,17
1880,111,36,107,21,-4.95140635788508,15
1881,16,26,32,15,-4.9645961397192355,11
1882,59,10,10,5,-4.967497448599415,5
1883,20,10,89,6,-4.97640303815121,4
1884,93,29,79,15,-4.983389647169374,14
1885,104,19,107,12,-4.99834795845683,7
1886,73,16,79,9,-5.012547822539443,7
1887,84,15,89,10,-5.0152693534373975,5
1888,96,14,48,8,-5.024611756936056,6
1889,88,14,63,8,-5.029062789658771,6
1890,1,17,16,9,-5.031673674933401,8
1891,43,13,111,7,-5.0327903736846205,6
1892,103,36,107,21,-5.041185354126945,15
1893,84,16,109,9,-5.067243867891082,7
1894,73,20,16,11,-5.0706587833744905,9
1895,41,16,59,9,-5.075333393683101,7
1896,84,25,29,14,-5.0940460573640145,11
1897,2,28,107,16,-5.101731059055636,12
1898,65,73,93,42,-5.102964751950764,31
1899,48,10,70,6,-5.103393723771427,4
1900,86,59,84,34,-5.104895035089378,25
1901,76,27,87,16,-5.11638843749194,11
1902,18,21,103,12,-5.117263308095348,9
1903,111,11,63,6,-5.123399041237538,5
1904,84,31,20,19,-5.125132779135495,12
1905,89,29,41,17,-5.128070897369619,12
1906,86,45,87,27,-5.134164339252914,18
1907,20,47,8,28,-5.13696712403145,19
1908,87,26,103,15,-5.13844337309213,11
1909,52,10,98,5,-5.141825899051739,5
1910,74,30,16,18,-5.170451377759474,12
1911,84,39,23,22,-5.174802875601986,17
1912,62,15,104,9,-5.186101581217904,6
1913,57,10,111,6,-5.186942618450885,4
1914,93,16,16,9,-5.217988854591054,7
1915,9,108,65,62,-5.228072138963157,46
1916,111,10,1,5,-5.238983537325088,5
1917,48,19,18,11,-5.245315113768614,8
1918,85,15,63,8,-5.266282773446651,7
1919,2,33,50,20,-5.273652216296242,13
1920,76,14,104,8,-5.288345369680408,6
1921,103,30,17,18,-5.294404276815358,12
1922,26,28,74,16,-5.30471712051598,12
1923,8,40,37,23,-5.3188247171166365,17
1924,71,11,54,7,-5.354693946074446,4
1925,6,13,89,8,-5.362805216014631,5
1926,41,66,8,36,-5.383353261881381,30
1927,20,52,87,30,-5.390680111680939,22
1928,20,27,6,14,-5.391516301598387,13
1929,28,10,19,6,-5.405282356849322,4
1930,50,37,98,20,-5.4072282296066625,17
1931,41,35,73,20,-5.413974250069213,15
1932,38,26,20,15,-5.422962328602488,11
1933,20,18,94,11,-5.424401699040208,7
1934,23,16,109,10,-5.438260955948294,6
1935,107,26,16,15,-5.454588725112235,11
1936,38,25,30,13,-5.45936332609693,12
1937,9,10,14,7,-5.463439437022661,3
1938,87,20,90,13,-5.4648990682068606,7
1939,57,16,87,9,-5.466000765538215,7
1940,98,44,20,26,-5.475555762264778,18
1941,38,35,54,21,-5.478565045653858,14
1942,79,53,87,29,-5.481943675368997,24
1943,73,21,74,12,-5.49643746893769,9
1944,107,13,85,9,-5.5094890221266635,4
1945,54,46,28,27,-5.5206143371290795,19
1946,98,15,63,8,-5.531977699985538,7
1947,2,10,46,6,-5.541906116456114,4
1948,48,35,6,20,-5.544547995709246,15
1949,55,19,74,10,-5.544677661719653,9
1950,97,11,28,5,-5.54697078214519,6
1951,51,12,9,7,-5.566013437140973,5
1952,55,24,103,14,-5.588813975862993,10
1953,29,22,26,14,-5.630548836449718,8
1954,9,45,41,28,-5.6439057397283525,17
1955,6,26,103,16,-5.659939287843899,10
1956,50,13,17,8,-5.662435030700867,5
1957,91,29,111,16,-5.664784285354977,13
1958,9,13,43,7,-5.682535108763632,6
1959,51,11,18,6,-5.697627847770079,5
1960,65,23,89,13,-5.729458742490648,10
1961,9,49,87,28,-5.7353718278322,21
1962,55,14,26,8,-5.738748859328644,6
1963,37,20,90,12,-5.742590617036875,8
1964,9,29,38,16,-5.756435186772364,13
1965,9,36,50,21,-5.758521836854601,15
1966,76,43,86,24,-5.7608051831204765,19
1967,28,15,75,8,-5.767432508412389,7
1968,9,24,49,15,-5.768934866939488,9
1969,79,14,51,8,-5.772506691008202,6
1970,54,18,32,11,-5.782610489553489,7
1971,20,11,63,7,-5.791453238708793,4
1972,73,14,26,7,-5.793757710550314,7
1973,94,12,8,7,-5.79404543544707,5
1974,87,14,63,8,-5.794939568846778,6
1975,55,16,23,9,-5.806506460340061,7
1976,28,10,96,6,-5.817657099477481,4
1977,86,12,1,7,-5.820822605148494,5
1978,51,11,2,6,-5.82458141989376,5
1979,44,10,2,6,-5.829723764491529,4
1980,10,31,98,18,-5.831587893507183,13
1981,37,14,46,8,-5.834073346635607,6
1982,84,12,104,7,-5.8358328973406115,5
1983,87,28,49,15,-5.837138934523044,13
1984,79,83,8,45,-5.842723839430253,38
1985,98,41,23,25,-5.855857498312431,16
1986,16,17,17,10,-5.868342075872026,7
1987,103,34,50,20,-5.870794196365225,14
1988,8,79,55,49,-5.900174964881441,30
1989,9,45,74,27,-5.903246001506488,18
1990,96,13,16,8,-5.918742950992745,5
1991,20,11,46,5,-5.919838640633247,6
1992,2,32,84,19,-5.92758837249606,13
1993,18,27,98,16,-5.93123934771538,11
1994,91,28,87,17,-5.954439761122977,11
1995,10,25,89,15,-5.961935346068012,10
1996,49,23,8,13,-5.962799116224744,10
1997,34,10,17,6,-5.970863859166942,4
1998,34,19,107,11,-5.973688522150958,8
1999,11,18,28,11,-5.978885402181088,7
2000,23,18,2,10,-5.985551573396107,8
2001,88,12,10,7,-5.999242564664751,5
2002,77,10,49,5,-6.002993751357126,5
2003,91,18,38,10,-6.003578716041363,8
2004,2,11,94,6,-6.010461250553638,5
2005,91,48,98,26,-6.010481139866049,22
2006,76,41,84,22,-6.0122133251855985,19
2007,98,27,26,14,-6.028495429489334,13
2008,86,13,35,9,-6.029699746849703,4
2009,9,28,13,18,-6.048703123654873,10
2010,86,30,74,18,-6.063445254541929,12
2011,89,25,79,16,-6.066359313406789,9
2012,74,38,111,22,-6.079631925271179,16
2013,86,23,51,14,-6.08656100121185,9
2014,76,14,30,9,-6.105099986395525,5
2015,54,33,88,19,-6.109123061291221,14
2016,56,11,111,7,-6.133528731729063,4
2017,48,52,8,31,-6.142283447978181,21
2018,88,23,87,15,-6.146478682205597,8
2019,66,11,2,7,-6.205381429919995,4
2020,34,14,16,8,-6.229556768499603,6
2021,41,35,2,22,-6.231438093089563,13
2022,48,17,2,9,-6.245081234312723,8
2023,87,24,38,15,-6.25648981898309,9
2024,106,11,6,6,-6.262787648448941,5
2025,50,23,111,14,-6.270457745960824,9
2026,44,15,111,9,-6.2820016152004,6
2027,54,16,90,9,-6.290244829620479,7
2028,54,19,62,12,-6.312055934230411,7
2029,76,41,88,23,-6.323191299261617,18
2030,111,30,2,18,-6.328590766591992,12
2031,73,18,86,11,-6.340120760849839,7
2032,65,84,20,51,-6.343089817722918,33
2033,28,10,31,6,-6.368565836830035,4
2034,88,22,103,14,-6.368772240906126,8
2035,84,28,70,16,-6.381194808632994,12
2036,50,12,90,7,-6.396354579252059,5
2037,39,10,65,6,-6.40523745473044,4
2038,88,24,86,15,-6.42182985448362,9
2039,28,14,12,9,-6.429365216940005,5
2040,8,10,112,6,-6.439047583949824,4
2041,62,10,90,6,-6.4415032468905995,4
2042,86,16,32,9,-6.471177759830176,7
2043,48,11,23,6,-6.485113687277626,5
2044,8,35,32,20,-6.494741280760348,15
2045,9,36,73,21,-6.495953299248424,15
2046,28,34,103,20,-6.496510604338202,14
2047,18,25,87,16,-6.500921078177539,9
2048,62,13,17,8,-6.51109228837904,5
2049,86,79,16,48,-6.517762010081229,31
2050,70,14,103,7,-6.530155528635705,7
2051,57,18,23,10,-6.535348935161005,8
2052,106,15,74,8,-6.5362197915338545,7
2053,70,18,79,9,-6.541994947083339,9
2054,41,54,28,30,-6.549671741224456,24
2055,68,25,8,14,-6.551836593531009,11
2056,6,19,30,13,-6.571810356539939,6
2057,18,48,8,29,-6.594687381789504,19
2058,76,20,107,12,-6.61181954357389,8
2059,76,19,55,11,-6.616826334007979,8
2060,54,33,48,21,-6.6293905929603625,12
2061,16,21,90,12,-6.632184549525892,9
2062,51,21,87,12,-6.638885465379,9
2063,85,14,86,7,-6.640232602185863,7
2064,17,14,91,8,-6.646960274535358,6
2065,49,16,74,9,-6.6690338705923,7
2066,9,24,18,14,-6.669379438735331,10
2067,2,14,15,8,-6.68122325045803,6
2068,9,100,8,58,-6.694606497363985,42
2069,62,18,79,10,-6.706683341972167,8
2070,54,25,49,14,-6.709179862826327,11
2071,9,25,29,14,-6.70933512946719,11
2072,74,11,89,6,-6.714017548400364,5
2073,111,14,13,9,-6.729510456907126,5
2074,34,19,2,11,-6.729658072634228,8
2075,41,42,111,24,-6.742879314894576,18
2076,28,50,87,30,-6.785536302011417,20
2077,20,25,2,14,-6.800156386602417,11
2078,41,35,91,22,-6.801656465480553,13
2079,28,39,76,23,-6.80499505832736,16
2080,6,21,88,13,-6.808639243885848,8
2081,87,18,43,11,-6.811944333065352,7
2082,64,11,28,6,-6.82253762472366,5
2083,91,26,6,15,-6.823132237906975,11
2084,16,69,8,43,-6.832024317947625,26
2085,87,39,16,23,-6.838182419308276,16
2086,8,24,90,15,-6.838297347223882,9
2087,88,28,9,17,-6.859441769537254,11
2088,28,38,38,22,-6.8687841977025155,16
2089,65,64,16,37,-6.878077106994111,27
2090,87,11,89,7,-6.89032748453306,4
2091,68,18,65,10,-6.895924597371667,8
2092,74,12,57,8,-6.91760424242575,4
2093,17,14,90,8,-6.930186835428714,6
2094,68,10,73,6,-6.95394987102174,4
2095,101,11,79,6,-6.990861425930873,5
2096,9,36,107,19,-6.995537467245023,17
2097,6,19,90,11,-7.0034906221582,8
2098,6,10,51,7,-7.0035300376142064,3
2099,34,29,84,19,-7.009777399581457,10
2100,91,26,103,13,-7.011657257024809,13
2101,28,50,107,28,-7.015860157430169,22
2102,93,48,8,30,-7.0175664395797135,18
2103,6,20,111,12,-7.01838566892247,8
2104,9,40,23,24,-7.023066131343451,16
2105,79,19,59,11,-7.0352036880537865,8
2106,50,34,87,21,-7.043252292270627,13
2107,28,37,91,23,-7.04770720595576,14
2108,54,13,11,8,-7.053030822989656,5
2109,34,24,98,16,-7.069151815365415,8
2110,13,10,10,5,-7.08154547770926,5
2111,106,12,84,6,-7.092355828935631,6
2112,89,16,16,10,-7.102664218068734,6
2113,76,35,98,21,-7.11656236534676,14
2114,91,17,63,10,-7.145656838756392,7
2115,103,20,29,12,-7.147753101442872,8
2116,32,16,103,10,-7.165401001930772,6
2117,6,11,5,7,-7.175117705775805,4
2118,34,13,111,7,-7.201437198359538,6
2119,48,48,84,28,-7.209403276697929,20
2120,6,29,55,20,-7.216182147698299,9
2121,76,19,10,11,-7.223608714939963,8
2122,8,41,23,25,-7.226225929875295,16
2123,73,18,50,10,-7.241939960957099,8
2124,103,49,98,31,-7.248745608369252,18
2125,38,14,88,8,-7.257573306252311,6
2126,73,10,30,6,-7.2752412959190496,4
2127,70,15,23,9,-7.277989111704888,6
2128,94,16,9,9,-7.284482029205993,7
2129,86,22,41,13,-7.286274520016925,9
2130,20,13,13,9,-7.287197108459042,4
2131,10,21,54,13,-7.316914939103655,8
2132,103,16,10,9,-7.341759223830171,7
2133,65,53,74,33,-7.345256184830916,20
2134,65,50,63,30,-7.358014786861475,20
2135,88,24,37,15,-7.378135194639771,9
2136,8,12,94,7,-7.380839863701195,5
2137,5,15,98,9,-7.40308817440165,6
2138,49,13,41,9,-7.40613906742907,4
2139,88,17,46,11,-7.407535109641899,6
2140,48,34,65,21,-7.410700295202604,13
2141,75,13,41,7,-7.41688145074682,6
2142,9,13,75,9,-7.420012168869883,4
2143,68,14,98,10,-7.427653338623123,4
2144,107,32,79,21,-7.430282572409814,11
2145,57,17,88,10,-7.432081698575297,7
2146,37,24,23,15,-7.440544332640971,9
2147,65,71,111,40,-7.44315444932928,31
2148,23,10,104,6,-7.459802178175598,4
2149,111,36,16,20,-7.468239795228054,16
2150,37,27,54,18,-7.469706742796568,9
2151,38,24,2,13,-7.498014725943601,11
2152,87,13,11,8,-7.5002461414178665,5
2153,38,10,34,6,-7.513274255260262,4
2154,54,28,103,16,-7.519450232339535,12
2155,107,20,29,13,-7.525530619454991,7
2156,76,21,91,13,-7.538547355116531,8
2157,84,67,16,40,-7.560758263344042,27
2158,28,43,93,26,-7.57301029261244,17
2159,79,23,17,14,-7.583686995894435,9
2160,48,18,90,11,-7.588405779874588,7
2161,41,45,87,26,-7.5997473042409585,19
2162,28,40,6,25,-7.6079577597869825,15
2163,34,16,87,10,-7.640142491832505,6
2164,106,10,54,6,-7.643289711475541,4
2165,62,19,84,11,-7.65619075053016,8
2166,74,20,10,13,-7.659112863437717,7
2167,2,49,16,30,-7.691279770578487,19
2168,59,11,23,7,-7.703199044299859,4
2169,112,21,20,13,-7.71897633781411,8
2170,86,26,30,19,-7.726335622844075,7
2171,85,14,111,9,-7.729378570457982,5
2172,9,71,16,46,-7.73633849027455,25
2173,74,19,17,11,-7.746897696537681,8
2174,109,15,103,10,-7.74806703390503,5
2175,48,17,50,10,-7.751737687672279,7
2176,109,13,29,8,-7.7648215544268036,5
2177,49,15,30,9,-7.795814319272768,6
2178,2,11,58,7,-7.801381373372695,4
2179,2,18,70,12,-7.802975472592941,6
2180,90,13,55,8,-7.804139466218974,5
2181,109,25,20,17,-7.80690748170692,8
2182,28,30,10,20,-7.816111939322229,10
2183,37,32,76,21,-7.820497576953574,11
2184,11,18,98,11,-7.845858753819514,7
2185,38,36,8,23,-7.848513446954377,13
2186,49,18,20,11,-7.854535242795636,7
2187,9,49,54,30,-7.862767512170962,19
2188,12,11,74,6,-7.881335923893619,5
2189,9,30,109,18,-7.889736540676633,12
2190,13,14,49,8,-7.890029815709072,6
2191,88,27,74,18,-7.895683127849934,9
2192,88,19,20,12,-7.938320155794614,7
2193,29,13,10,8,-7.953877306686606,5
2194,86,27,111,16,-7.962255850113394,11
2195,9,10,71,6,-7.971373091011489,4
2196,37,12,109,7,-7.972273664149992,5
2197,34,25,8,16,-7.975314953797204,9
2198,34,16,41,9,-7.985588983079854,7
2199,46,12,29,8,-7.990068011062898,4
2200,41,15,90,9,-7.997737246515682,6
2201,74,11,13,7,-8.04867506694036,4
2202,13,12,6,7,-8.074590184679874,5
2203,10,15,30,10,-8.08039942607508,5
2204,9,14,19,8,-8.117304295019109,6
2205,9,36,55,24,-8.119772650595259,12
2206,79,24,34,13,-8.127174908274364,11
2207,85,20,28,12,-8.15287634199834,8
2208,76,56,8,35,-8.186735758017774,21
2209,9,11,11,7,-8.198586667223204,4
2210,54,36,93,25,-8.20730249779284,11
2211,94,13,28,8,-8.222371266039165,5
2212,51,19,54,11,-8.227410100820899,8
2213,16,10,26,6,-8.231874067384071,4
2214,8,17,1,10,-8.238012177466368,7
2215,17,14,111,8,-8.239799794462428,6
2216,37,11,51,7,-8.265197669915755,4
2217,8,30,17,19,-8.267140148743708,11
2218,109,11,76,8,-8.273966572487595,3
2219,58,12,65,6,-8.279172093518044,6
2220,41,18,76,11,-8.284971187696902,7
2221,48,10,11,6,-8.287859925157548,4
2222,34,14,55,10,-8.304742214344207,4
2223,59,17,9,11,-8.305936798720639,6
2224,109,33,8,20,-8.311226620633244,13
2225,103,45,41,31,-8.332714422601015,14
2226,9,36,91,22,-8.337030454552696,14
2227,88,26,84,17,-8.338765030439285,9
2228,70,10,20,7,-8.374580328727138,3
2229,65,14,1,9,-8.38534721300084,5
2230,89,11,90,7,-8.396796914570167,4
2231,88,40,16,27,-8.414893106044769,13
2232,10,21,73,14,-8.419335562342074,7
2233,28,26,104,17,-8.4272064696156,9
2234,1,21,98,14,-8.436557583367687,7
2235,56,13,8,9,-8.47665012859135,4
2236,98,30,49,18,-8.481939269224359,12
2237,68,19,20,11,-8.49950046367544,8
2238,103,24,26,14,-8.523036763842914,10
2239,9,25,32,16,-8.53109215537152,9
2240,48,12,34,7,-8.533414260232822,5
2241,8,46,26,27,-8.545433145117217,19
2242,76,10,11,6,-8.56044399501451,4
2243,10,18,93,12,-8.563863748489084,6
2244,50,29,107,19,-8.583068473313562,10
2245,87,35,93,22,-8.595406377397056,13
2246,66,14,84,9,-8.616861190106436,5
2247,32,26,65,16,-8.65722618752934,10
2248,109,18,34,11,-8.66273498003356,7
2249,75,11,48,8,-8.672815346664251,3
2250,20,15,34,10,-8.68693105656746,5
2251,46,11,16,7,-8.68716865467983,4
2252,6,27,16,16,-8.696725649896711,11
2253,62,16,76,8,-8.710475893988356,8
2254,54,31,55,21,-8.716015508186064,10
2255,20,35,55,21,-8.738108987978196,14
2256,37,24,30,16,-8.742074606758964,8
2257,35,16,48,10,-8.750506609295915,6
2258,38,15,32,10,-8.75452405688887,5
2259,84,32,93,21,-8.779261084845606,11
2260,91,26,2,15,-8.783750173530157,11
2261,20,53,41,35,-8.79255140026366,18
2262,74,28,93,19,-8.795682713621986,9
2263,93,24,23,14,-8.804783518097919,10
2264,76,10,29,7,-8.806443209825622,3
2265,85,11,10,6,-8.810276618143424,5
2266,86,16,11,9,-8.830666824887535,7
2267,79,26,32,17,-8.859137187931584,9
2268,94,17,98,11,-8.877059957058028,6
2269,106,14,16,9,-8.877977313206351,5
2270,50,11,112,7,-8.921235906620762,4
2271,91,16,55,11,-8.921765963817519,5
2272,86,20,10,13,-8.925705329647823,7
2273,110,20,107,12,-8.933567921834605,8
2274,111,18,48,12,-8.93792122942067,6
2275,46,19,111,12,-8.943973618396548,7
2276,96,14,65,8,-8.945535735868065,6
2277,18,19,74,12,-8.971261505798399,7
2278,107,17,43,11,-8.971497306643272,6
2279,86,41,37,25,-8.9832167055326,16
2280,62,19,41,12,-9.00335332858162,7
2281,44,11,84,7,-9.017421120510093,4
2282,76,35,74,23,-9.021109435296268,12
2283,50,16,91,11,-9.044194652502608,5
2284,16,12,15,8,-9.05960662342551,4
2285,109,13,106,8,-9.06266809979583,5
2286,32,12,26,7,-9.09769401619869,5
2287,112,23,6,14,-9.097888193162195,9
2288,57,11,2,6,-9.107338089684553,5
2289,91,35,74,22,-9.120669894046731,13
2290,65,41,2,28,-9.121243860129145,13
2291,79,24,18,14,-9.141344406761542,10
2292,48,12,20,8,-9.14350934071883,4
2293,63,25,84,16,-9.157819288318455,9
2294,85,28,84,16,-9.160197369727129,12
2295,43,24,8,15,-9.183295995535126,9
2296,28,26,13,18,-9.183739107543797,8
2297,37,16,55,10,-9.183747537097535,6
2298,54,46,111,29,-9.235401744617302,17
2299,50,12,110,8,-9.25251740175268,4
2300,84,20,17,13,-9.25697489923984,7
2301,50,14,43,9,-9.27474781724881,5
2302,86,20,38,14,-9.280969369301586,6
2303,9,34,20,23,-9.290302263411943,11
2304,23,17,50,10,-9.300090532650529,7
2305,107,13,13,9,-9.307281354536356,4
2306,106,23,79,14,-9.330142332667407,9
2307,29,22,74,13,-9.341715830488068,9
2308,75,19,79,13,-9.342561498216151,6
2309,8,14,59,9,-9.376826871718674,5
2310,54,26,63,16,-9.380965402014514,10
2311,30,22,55,13,-9.385734127086305,9
2312,8,17,46,11,-9.405496106583279,6
2313,106,12,55,8,-9.421217936860206,4
2314,89,25,28,15,-9.422989936012565,10
2315,10,11,57,7,-9.432674751481889,4
2316,87,27,30,18,-9.441306317195094,9
2317,84,17,18,11,-9.480131506018989,6
2318,19,11,103,7,-9.481054864710421,4
2319,58,11,6,7,-9.489496457414932,4
2320,76,23,15,15,-9.503739473265108,8
2321,88,14,32,10,-9.505084521049728,4
2322,79,21,13,15,-9.547980426671515,6
2323,65,21,60,13,-9.571951123571171,8
2324,85,25,16,16,-9.572199671326333,9
2325,89,22,23,14,-9.576875474490599,8
2326,65,60,98,39,-9.578885579734806,21
2327,70,18,30,12,-9.585226013483616,6
2328,35,12,8,7,-9.605315474711036,5
2329,8,21,13,14,-9.615323131026955,7
2330,41,27,55,16,-9.622531787318458,11
2331,18,10,46,7,-9.6369429103627,3
2332,62,26,98,16,-9.641858129313675,10
2333,20,14,106,8,-9.651889529369447,6
2334,85,11,88,7,-9.656301948727862,4
2335,38,32,29,21,-9.681299801122256,11
2336,103,36,111,23,-9.751404731703087,13
2337,103,42,8,29,-9.755203687685839,13
2338,91,17,93,11,-9.794639196057782,6
2339,74,13,70,9,-9.800022679632324,4
2340,76,25,54,15,-9.82196620742167,10
2341,9,28,17,18,-9.851089499965493,10
2342,50,14,10,9,-9.907166966632534,5
2343,108,11,16,7,-9.921562283850518,4
2344,17,13,87,8,-9.92299839057508,5
2345,75,10,103,6,-9.92764617859353,4
2346,70,11,93,7,-9.928875321549777,4
2347,18,14,55,9,-9.949790942140542,5
2348,87,50,55,33,-9.957250285763632,17
2349,32,30,111,18,-9.962416908002066,12
2350,38,24,111,15,-9.966212518632437,9
2351,23,20,90,13,-9.96715448150969,7
2352,34,17,76,11,-9.994247540573088,6
2353,30,11,88,6,-10.024835723736619,5
2354,34,14,37,9,-10.040882054419711,5
2355,10,30,84,19,-10.110326059838856,11
2356,74,29,103,20,-10.120878103689181,9
2357,86,16,106,11,-10.12323507187382,5
2358,65,23,110,15,-10.151511833678441,8
2359,38,10,60,6,-10.186949801542625,4
2360,16,19,30,13,-10.198498356340071,6
2361,6,16,26,11,-10.241752287967037,5
2362,80,11,79,7,-10.243933749816184,4
2363,87,10,39,6,-10.267299551613329,4
2364,73,16,2,10,-10.299221262346556,6
2365,89,14,8,9,-10.313019177206712,5
2366,9,23,34,14,-10.326274877348238,9
2367,46,11,20,8,-10.3403562689593,3
2368,50,24,65,16,-10.363532140430609,8
2369,75,11,2,7,-10.369833561069749,4
2370,76,21,70,14,-10.3832919130965,7
2371,17,10,29,7,-10.39598522715346,3
2372,65,19,70,13,-10.418442635866082,6
2373,76,21,46,15,-10.423738421119205,6
2374,86,17,64,11,-10.437285409841268,6
2375,54,10,14,7,-10.443430113517227,3
2376,79,37,26,23,-10.48182801922156,14
2377,8,17,110,12,-10.493443474648162,5
2378,20,18,16,11,-10.507912719710413,7
2379,79,34,20,23,-10.53719224502861,11
2380,32,12,6,8,-10.5718983874489,4
2381,41,39,54,26,-10.593430312504074,13
2382,9,73,28,46,-10.611425846236083,27
2383,101,10,65,6,-10.616476001261296,4
2384,104,15,54,10,-10.631063301403966,5
2385,39,10,48,6,-10.63665306077639,4
2386,88,37,98,26,-10.63966352804894,11
2387,58,13,38,9,-10.642287291889899,4
2388,109,16,107,10,-10.668493285549742,6
2389,44,35,6,22,-10.67278245600393,13
2390,20,46,107,29,-10.673999308835764,17
2391,41,14,37,9,-10.69447624326301,5
2392,103,50,65,34,-10.69843242130798,16
2393,85,10,91,5,-10.702453755941068,5
2394,6,29,87,19,-10.703931695338108,10
2395,88,16,73,11,-10.709173893318198,5
2396,66,12,107,8,-10.732234223681386,4
2397,18,14,23,10,-10.769319649937687,4
2398,23,16,17,11,-10.781653305644483,5
2399,68,11,50,8,-10.798306988405807,3
2400,41,48,98,30,-10.835326353590224,18
2401,65,30,26,19,-10.898269254189744,11
2402,86,18,49,10,-10.913471544367308,8
2403,20,38,26,25,-10.94603615247926,13
2404,2,11,13,8,-10.953261699605443,3
2405,65,16,34,10,-10.953466701825645,6
2406,43,10,30,7,-10.958461383133036,3
2407,56,10,87,7,-10.97544493784176,3
2408,6,14,38,10,-11.005398790381081,4
2409,110,12,98,8,-11.026999619900332,4
2410,103,13,13,8,-11.054952217566056,5
2411,6,25,74,17,-11.078169532223491,8
2412,104,10,74,7,-11.124138818031259,3
2413,37,19,93,13,-11.13537305772806,6
2414,28,10,15,7,-11.176545961741331,3
2415,44,18,65,11,-11.219859746185271,7
2416,50,18,32,11,-11.225096892130631,7
2417,29,21,30,13,-11.231145218657787,8
2418,71,12,98,8,-11.256798740703502,4
2419,6,29,107,19,-11.291567068221694,10
2420,2,10,39,6,-11.302944205280658,4
2421,103,22,2,16,-11.358008021341288,6
2422,5,15,87,10,-11.401940952769143,5
2423,41,20,17,15,-11.462467383182341,5
2424,28,17,43,12,-11.503038032270851,5
2425,70,28,16,20,-11.54427586863591,8
2426,7,10,107,7,-11.561152440630659,3
2427,109,22,38,15,-11.561969316834697,7
2428,102,16,65,10,-11.565057266886953,6
2429,13,18,16,12,-11.568229122492735,6
2430,48,22,74,14,-11.585683993127107,8
2431,18,16,65,11,-11.593628436717696,5
2432,103,26,30,18,-11.594512781464298,8
2433,85,10,93,7,-11.596564222959241,3
2434,18,11,91,7,-11.600004781918232,4
2435,15,17,98,11,-11.628891195956705,6
2436,55,18,10,11,-11.634204977110194,7
2437,93,13,73,9,-11.6698926319616,4
2438,1,15,93,11,-11.687642643688712,4
2439,75,13,93,8,-11.701725422413729,5
2440,86,11,46,8,-11.702567693743317,3
2441,20,13,18,8,-11.715025972179685,5
2442,62,13,70,8,-11.719880801732709,5
2443,26,15,23,10,-11.729655071897735,5
2444,48,15,93,11,-11.743861625157338,4
2445,79,10,15,7,-11.756403792330063,3
2446,98,18,104,11,-11.758094591275455,7
2447,107,14,1,9,-11.758251767033554,5
2448,46,14,26,9,-11.785571142877396,5
2449,63,14,37,9,-11.788951691627307,5
2450,37,11,50,7,-11.791517943036679,4
2451,103,29,93,19,-11.801085216233043,10
2452,112,14,28,9,-11.811196680681133,5
2453,9,11,58,8,-11.82226661915616,3
2454,62,15,23,11,-11.828374088275872,4
2455,37,17,85,13,-11.836833776252561,4
2456,109,14,43,9,-11.866460109925436,5
2457,87,44,26,29,-11.871386146117102,15
2458,1,11,9,7,-11.88637849875501,4
2459,17,13,18,8,-11.905263091036245,5
2460,76,10,93,7,-11.923250604262599,3
2461,65,11,14,8,-11.952914938466222,3
2462,65,22,49,14,-11.960634834980652,8
2463,109,19,74,12,-11.981116452380181,7
2464,70,11,29,8,-12.030336124564109,3
2465,30,15,93,10,-12.041707290163442,5
2466,79,20,63,13,-12.045237433446484,7
2467,48,11,104,8,-12.069826525059817,3
2468,6,18,18,12,-12.078104024118801,6
2469,112,11,79,8,-12.089617166544242,3
2470,109,15,91,10,-12.09037191037832,5
2471,103,11,58,8,-12.093407699535737,3
2472,109,27,54,18,-12.131563798369134,9
2473,41,20,93,15,-12.152619394683914,5
2474,109,11,10,7,-12.166039484484626,4
2475,66,14,8,10,-12.246420589176186,4
2476,9,16,63,10,-12.275723948784513,6
2477,41,24,32,15,-12.295470101415006,9
2478,50,17,93,11,-12.303370496346982,6
2479,26,12,93,8,-12.342400061412198,4
2480,97,11,9,7,-12.349501112253755,4
2481,23,18,20,13,-12.419097927334022,5
2482,62,22,93,15,-12.439036445917942,7
2483,50,17,30,11,-12.478426478717187,6
2484,84,14,15,10,-12.488568021465507,4
2485,48,16,51,12,-12.491719199285036,4
2486,86,10,13,7,-12.514933779078893,3
2487,109,13,86,8,-12.564742847433582,5
2488,98,41,55,29,-12.606268888418896,12
2489,98,25,32,17,-12.60897292614075,8
2490,9,21,46,13,-12.652533384487015,8
2491,103,33,20,24,-12.666531668869954,9
2492,90,11,73,8,-12.699639901607055,3
2493,62,23,55,15,-12.723053800596206,8
2494,111,21,73,14,-12.761253099258202,7
2495,17,14,86,10,-12.845058614378045,4
2496,86,32,2,23,-12.867270746154679,9
2497,9,37,93,26,-12.871076607744827,11
2498,8,11,3,8,-12.917286316124729,3
2499,43,18,55,12,-13.012921035450152,6
2500,70,15,107,10,-13.053888487638648,5
2501,9,24,30,17,-13.086601208658113,7
2502,109,17,55,12,-13.091080409868953,5
2503,41,30,107,19,-13.154593566297324,11
2504,103,11,43,7,-13.18571482888933,4
2505,17,25,28,18,-13.189393025867652,7
2506,107,17,32,13,-13.233625998220862,4
2507,89,10,58,7,-13.242354787086834,3
2508,109,24,26,17,-13.281044125686407,7
2509,73,12,89,8,-13.292782754035754,4
2510,62,12,30,8,-13.325811773490164,4
2511,109,22,32,15,-13.338298268264783,7
2512,91,10,112,7,-13.34887289439105,3
2513,73,15,13,10,-13.471561712276635,5
2514,62,27,107,18,-13.491527071908129,9
2515,38,23,74,15,-13.50724395592576,8
2516,37,20,111,13,-13.57504840749371,7
2517,5,12,37,9,-13.593067112324485,3
2518,43,17,26,13,-13.59933768355571,4
2519,13,17,84,11,-13.614397809771184,6
2520,13,10,37,7,-13.71058873552403,3
2521,71,20,8,13,-13.739907398566018,7
2522,73,16,38,10,-13.771113964229546,6
2523,8,12,77,9,-13.772928583045534,3
2524,43,14,93,10,-13.775006273083642,4
2525,51,10,34,7,-13.832212239769484,3
2526,50,11,26,8,-13.83833866908602,3
2527,84,10,64,6,-13.843363433250811,4
2528,2,22,55,15,-13.871872112800904,7
2529,109,12,70,9,-13.902253335630233,3
2530,54,27,30,19,-13.923397923845725,8
2531,107,35,26,27,-13.95146533006327,8
2532,9,20,57,15,-13.952239963411907,5
2533,85,14,30,10,-14.008346410378737,4
2534,76,14,57,10,-14.156354151485946,4
2535,38,12,48,9,-14.205802555452095,3
2536,109,12,50,8,-14.261856398454313,4
2537,8,10,60,7,-14.262033464961128,3
2538,70,12,90,9,-14.290264472561063,3
2539,91,11,46,8,-14.304066831342237,3
2540,66,10,28,6,-14.329185091749263,4
2541,50,10,104,7,-14.369017199502489,3
2542,38,26,55,18,-14.425488233223774,8
2543,20,26,29,18,-14.478890408494554,8
2544,11,15,55,11,-14.552741756285249,4
2545,20,19,62,14,-14.584809923949425,5
2546,13,14,88,8,-14.636848081546901,6
2547,74,16,34,11,-14.640026082092419,5
2548,59,14,65,9,-14.654063925888893,5
2549,93,11,90,7,-14.682520064465665,4
2550,62,11,49,7,-14.691411076024673,4
2551,38,25,93,17,-14.706979782976546,8
2552,17,11,93,8,-14.792328082005685,3
2553,41,13,13,9,-14.878152444409187,4
2554,37,15,57,11,-15.067776643574774,4
2555,40,14,84,9,-15.139436492633186,5
2556,88,11,106,9,-15.199536868203365,2
2557,18,11,90,8,-15.206260273523743,3
2558,28,26,26,19,-15.211295764909368,7
2559,6,31,2,22,-15.303923962237263,9
2560,76,16,63,13,-15.315183161564981,3
2561,57,23,8,16,-15.346450747313162,7
2562,23,24,10,16,-15.417351314064488,8
2563,88,13,70,10,-15.445871190573264,3
2564,11,12,106,10,-15.453171865714518,2
2565,87,19,106,15,-15.497991654896767,4
2566,54,11,39,8,-15.528226686771598,3
2567,59,10,16,6,-15.561569445873218,4
2568,107,10,46,8,-15.65139707745225,2
2569,73,12,29,9,-15.669782329836792,3
2570,38,15,17,11,-15.678044683298898,4
2571,79,15,46,10,-15.695062063539162,5
2572,62,31,111,23,-15.780695907166118,8
2573,66,14,6,11,-15.817538028688281,3
2574,76,21,2,15,-15.887194817597921,6
2575,91,12,90,8,-16.09870244517901,4
2576,88,18,90,13,-16.196945416210344,5
2577,65,25,30,19,-16.220777761486307,6
2578,37,14,17,9,-16.224073122382876,5
2579,85,14,87,11,-16.255207936397188,3
2580,75,14,55,11,-16.26512819390793,3
2581,103,11,59,8,-16.266656443008642,3
2582,9,12,5,9,-16.296173952922768,3
2583,103,13,62,9,-16.299156500586875,4
2584,96,10,49,7,-16.466804604951104,3
2585,69,13,26,10,-16.625965123271836,3
2586,41,10,69,7,-16.634275461416582,3
2587,109,16,73,12,-16.722107664046142,4
2588,86,18,70,13,-16.806348175717314,5
2589,109,31,41,26,-16.84086997358483,5
2590,23,15,73,11,-16.845082586610527,4
2591,15,12,38,9,-16.880495720481193,3
2592,86,19,63,15,-16.93963691496408,4
2593,54,13,26,8,-16.93978716229654,5
2594,70,10,46,7,-17.153485710664995,3
2595,89,10,37,8,-17.418835616565143,2
2596,49,19,88,15,-17.53203455274144,4
2597,28,19,57,15,-17.55982008462565,4
2598,110,10,41,9,-17.607251464829996,1
2599,70,16,63,12,-17.68149233309164,4
2600,9,11,64,8,-17.70787325437998,3
2601,10,15,38,12,-18.015221595889397,3
2602,87,12,58,10,-18.33030956600258,2
2603,1,19,10,15,-18.36953895818594,4
2604,7,13,79,10,-18.40480150019194,3
2605,91,15,34,11,-18.43501821510385,4
2606,75,15,88,12,-18.46157402080457,3
2607,6,15,109,11,-18.568483421277442,4
2608,38,24,26,18,-18.614524044017738,6
2609,2,13,18,10,-18.666944559681195,3
2610,73,10,48,8,-18.776727306926254,2
2611,88,11,26,8,-18.785991491960512,3
2612,109,16,111,12,-18.82454889767414,4
2613,71,12,62,11,-19.04348733516107,1
2614,28,15,63,12,-19.065782846243966,3
2615,16,17,49,13,-19.10499490357724,4
2616,29,12,110,10,-19.248543702222975,2
2617,38,14,43,10,-19.328461951187712,4
2618,109,30,87,23,-19.45596890113393,7
2619,10,19,20,15,-19.474906343573682,4
2620,109,29,28,22,-19.49991563999526,7
2621,50,15,62,12,-19.69258957665125,3
2622,10,13,41,11,-19.737157878272868,2
2623,76,12,90,8,-19.849308288721737,4
2624,103,10,34,9,-19.87880862427678,1
2625,98,12,51,9,-20.0679948728163,3
2626,109,12,110,10,-20.16933250309851,2
2627,10,10,17,8,-20.222695302818984,2
2628,37,11,18,9,-20.496733536799674,2
2629,71,10,28,9,-20.618030954774138,1
2630,104,10,37,8,-20.681486856575923,2
2631,110,14,74,11,-20.875047711546735,3
2632,70,25,111,19,-21.761941281988644,6
2633,44,11,17,9,-22.072912946241182,2
2634,73,11,107,9,-22.13453383862815,2
2635,85,13,55,10,-22.50219401266605,3
2636,46,19,87,15,-22.516958582894237,4
2637,85,11,20,9,-22.58682017719025,2
2638,94,10,84,9,-22.762013140609877,1
2639,10,10,26,8,-22.77202326046866,2
2640,41,13,57,11,-23.156162131875274,2
2641,12,10,6,7,-23.420786535379097,3
2642,50,10,106,9,-23.514739146454776,1
2643,97,10,65,7,-23.53209680517744,3
2644,86,15,103,13,-23.967936503754764,2
2645,10,11,63,9,-24.09658997724639,2
2646,89,11,55,9,-24.169792122479972,2
2647,112,11,74,9,-24.423385588541223,2
2648,30,11,46,9,-24.436531907478123,2
2649,49,11,26,8,-26.831812890773925,3
2650,43,10,91,10,-27.34458455824453,0
2651,65,11,64,9,-27.72714931249874,2
