,againstHero,games,hero,losses,shift,wins
0,30,11,54,1,25.713620235434703,10
1,76,13,35,3,24.45415726080802,10
2,50,18,55,4,21.384042844031153,14
3,93,11,96,2,20.479798947683257,9
4,107,10,66,2,20.152222817707916,8
5,88,10,109,1,19.217087032001295,9
6,16,19,74,4,18.96872349642753,15
7,50,10,70,3,18.66920839814296,7
8,28,13,112,3,17.971811670799113,10
9,90,23,28,5,17.842079516061677,18
10,107,13,35,2,17.620728555906965,11
11,2,11,54,2,17.459471983824496,9
12,37,17,54,5,17.194403876010952,12
13,63,15,91,4,16.74510820316582,11
14,73,14,107,4,16.729028870174297,10
15,74,18,28,4,16.65413556471704,14
16,41,11,86,2,16.212567441432284,9
17,97,10,8,3,15.994272245447414,7
18,97,13,107,4,15.949265044267133,9
19,96,10,34,2,15.715371567543961,8
20,2,10,97,2,15.661292942741351,8
21,48,11,9,3,15.643745764186933,8
22,50,10,98,2,15.576307807477628,8
23,88,10,104,3,15.342580583527766,7
24,93,10,11,2,15.321419061771829,8
25,90,11,63,3,15.231492942849917,8
26,46,10,75,2,15.209832232263318,8
27,73,14,90,4,15.181297397438652,10
28,91,12,96,3,15.083901067533665,9
29,8,10,65,3,15.076101306925045,7
30,11,12,70,3,14.978837163595108,9
31,80,12,50,2,14.926124931290452,10
32,63,35,54,9,14.893096340725457,26
33,86,10,114,3,14.800092372439215,7
34,76,12,70,3,14.685088495200567,9
35,80,11,35,3,14.578551377058158,8
36,14,11,63,4,14.53302527333945,7
37,2,13,70,4,14.416654152482302,9
38,2,10,65,2,14.403245473195582,8
39,91,10,20,3,14.231787377472761,7
40,102,12,86,2,14.175511618842263,10
41,16,20,107,5,14.086921033236786,15
42,46,12,84,3,13.974033982222737,9
43,63,32,84,10,13.780562093586637,22
44,86,10,14,3,13.51658876982535,7
45,55,25,11,6,13.485189958967284,19
46,84,10,76,3,13.371791794476119,7
47,5,13,20,4,13.290437765849143,9
48,16,10,91,3,13.247386679926667,7
49,80,10,14,4,13.097202558791373,6
50,46,15,96,6,13.007933788948428,9
51,86,16,73,6,12.90546934044994,10
52,97,11,37,4,12.835898529806235,7
53,5,17,84,5,12.835529049516088,12
54,51,16,96,5,12.677781286430333,11
55,98,23,96,8,12.672735601907378,15
56,88,18,107,5,12.669741050548794,13
57,11,10,98,3,12.660061190220242,7
58,71,12,8,4,12.540934170497003,8
59,75,12,8,3,12.489331619909464,9
60,51,11,74,3,12.350755204498364,8
61,85,11,96,3,12.207174001404555,8
62,20,21,84,5,12.095717972205856,16
63,48,18,54,6,12.073710033699513,12
64,87,12,93,4,11.974909065966635,8
65,30,10,87,3,11.954020606538128,7
66,16,31,87,10,11.869862589230813,21
67,76,10,55,2,11.845869320079572,8
68,97,10,5,3,11.651243557074398,7
69,91,10,98,3,11.6111736728835,7
70,71,10,107,3,11.601148789823474,7
71,63,22,20,8,11.466483806886446,14
72,11,19,84,6,11.373729994467022,13
73,16,34,96,9,11.36838245959749,25
74,11,10,80,3,11.144994413403579,7
75,106,15,70,6,11.108058922265554,9
76,87,12,70,4,11.095594557997302,8
77,88,18,46,5,11.050366904672497,13
78,30,13,16,4,10.882729052195028,9
79,20,10,90,3,10.768008363427821,7
80,63,23,48,7,10.699286546994388,16
81,63,13,70,5,10.69729708597253,8
82,50,23,20,9,10.679903465549346,14
83,86,16,109,4,10.649445962515502,12
84,88,20,28,6,10.622632032530678,14
85,11,17,37,5,10.601662336108308,12
86,50,16,88,6,10.561260525311432,10
87,16,16,84,6,10.536673756149728,10
88,96,10,108,4,10.358535309969966,6
89,74,30,96,10,10.300008918041234,20
90,48,19,96,6,10.13228507850065,13
91,86,14,104,6,10.100644133292379,8
92,102,10,25,3,10.093114603967836,7
93,38,10,84,4,10.052543866721539,6
94,106,14,75,7,10.013304733371458,7
95,80,14,107,3,9.896045256810657,11
96,86,23,79,8,9.865377107457421,15
97,98,12,54,4,9.813455317184909,8
98,20,19,74,6,9.788439625659583,13
99,16,18,55,6,9.733018432439057,12
100,50,27,107,10,9.722993971104628,17
101,50,24,96,8,9.715882886946693,16
102,98,14,106,5,9.701360201061402,9
103,109,10,8,4,9.639424798383356,6
104,5,13,11,5,9.605487524183182,8
105,16,26,106,8,9.547492727419954,18
106,28,10,18,4,9.538088324550174,6
107,79,12,87,3,9.532024747647966,9
108,95,13,8,5,9.502751434643129,8
109,63,32,28,11,9.497145926723896,21
110,20,14,51,6,9.477293220680314,8
111,86,16,82,5,9.445784289963353,11
112,37,14,63,5,9.38345431127444,9
113,90,13,80,4,9.306752684001106,9
114,108,14,63,5,9.298531248541144,9
115,86,20,70,8,9.278344214978095,12
116,11,34,96,12,9.221964641265846,22
117,50,11,102,5,9.219287312483528,6
118,74,11,75,5,9.20591306112454,6
119,30,15,8,5,9.185211827951935,10
120,93,10,107,3,9.152961571909811,7
121,90,15,50,5,9.086064370309861,10
122,37,19,106,7,9.074789469461852,12
123,86,25,51,10,9.064197489975363,15
124,8,33,87,11,9.045742041611302,22
125,90,17,106,6,8.974439428387358,11
126,5,10,95,3,8.888673428502385,7
127,11,18,20,5,8.872799316531829,13
128,91,18,107,6,8.785801812136054,12
129,86,17,25,7,8.724235613972366,10
130,11,11,109,4,8.68187802103632,7
131,50,27,86,11,8.625181586204928,16
132,37,13,84,5,8.553620322324825,8
133,98,15,63,6,8.442303234287188,9
134,55,11,70,4,8.38534628867522,7
135,104,20,28,6,8.348323398495209,14
136,86,12,108,5,8.204205290543774,7
137,80,14,65,5,8.117894882236026,9
138,16,14,48,6,8.053586068768567,8
139,107,15,108,5,8.025288645198323,10
140,50,18,5,8,7.985609985960301,10
141,93,13,28,4,7.977780890104037,9
142,80,24,106,9,7.948937081453317,15
143,90,10,74,3,7.90961064421023,7
144,8,16,48,5,7.897553509317897,11
145,48,20,79,8,7.777732866617034,12
146,20,20,106,7,7.744012981661159,13
147,90,17,5,6,7.733760869096595,11
148,79,10,106,4,7.723339908977314,6
149,8,36,74,13,7.705706823572182,23
150,54,23,106,9,7.6976965533365105,14
151,76,13,50,4,7.685614095381232,9
152,55,10,108,4,7.660382487173957,6
153,96,22,80,8,7.6325568595370585,14
154,8,38,54,17,7.535782247342721,21
155,8,17,104,7,7.523659091940186,10
156,7,10,96,3,7.4569702058661615,7
157,51,14,84,5,7.416041984054565,9
158,50,10,109,3,7.344576987504273,7
159,87,13,65,5,7.172858695964161,8
160,109,10,96,4,7.124903407369766,6
161,63,12,79,4,7.1114844508040305,8
162,86,21,80,9,7.071945289109106,12
163,50,11,48,4,7.05821121395096,7
164,96,10,14,4,6.969659690213488,6
165,28,21,109,7,6.921186948632654,14
166,74,25,84,11,6.915221928479445,14
167,65,12,37,5,6.8663176912939194,7
168,80,22,63,8,6.843518885460648,14
169,48,10,108,3,6.749808304712147,7
170,96,22,70,11,6.734945499709392,11
171,86,21,48,8,6.673493721207736,13
172,86,18,76,7,6.641383382256667,11
173,11,18,74,7,6.589421301376547,11
174,87,25,37,10,6.583462163251109,15
175,5,16,107,6,6.560722410714439,10
176,28,19,65,8,6.5589484285821715,11
177,87,11,2,5,6.540123535767901,6
178,50,10,18,5,6.440154509710169,5
179,55,18,54,7,6.426879964732238,11
180,63,16,76,5,6.419762014379263,11
181,34,11,106,4,6.348877012003049,7
182,8,10,91,4,6.308204468778511,6
183,28,16,70,7,6.300429130292786,9
184,54,10,51,4,6.279040873171764,6
185,74,11,70,5,6.194971180039403,6
186,37,24,86,10,6.163976647638873,14
187,46,21,28,7,6.1564147834543315,14
188,8,32,63,13,6.131732885162136,19
189,96,13,104,5,6.12530872201756,8
190,63,32,96,12,6.122578975830857,20
191,55,10,79,4,6.105260957218084,6
192,2,15,107,5,6.092998078548302,10
193,16,28,54,13,5.982292107634971,15
194,73,16,8,7,5.972734606342919,9
195,63,13,2,6,5.950174659853719,7
196,33,10,11,5,5.887923901561769,5
197,28,15,75,7,5.880095412644891,8
198,30,12,96,5,5.827709187189812,7
199,93,11,84,4,5.824709609265531,7
200,106,13,104,5,5.822027909601284,8
201,39,14,11,4,5.821131817679595,10
202,16,12,108,5,5.770631208900039,7
203,84,12,9,5,5.723245457590759,7
204,63,15,65,7,5.713704172425599,8
205,84,30,106,14,5.705141756996406,16
206,14,16,28,6,5.699150520615662,10
207,23,11,86,4,5.682927735199495,7
208,75,11,71,4,5.672326712897658,7
209,88,16,16,6,5.659704044178227,10
210,50,49,28,21,5.6498806782573725,28
211,95,17,86,6,5.641395768359863,11
212,93,12,8,5,5.634459761864633,7
213,65,16,106,6,5.613829651583314,10
214,86,31,90,12,5.589997787642123,19
215,109,13,84,5,5.586101592455795,8
216,9,12,50,4,5.578106204160814,8
217,84,20,54,8,5.5585130111250916,12
218,84,21,70,8,5.555667371241247,13
219,50,30,11,12,5.52212264758003,18
220,46,24,54,9,5.509979184990185,15
221,63,16,88,7,5.4621065552345485,9
222,28,16,91,7,5.461797673881119,9
223,102,13,54,5,5.447458147983637,8
224,86,12,91,5,5.434023480431899,7
225,20,29,37,13,5.354245822975999,16
226,8,16,51,8,5.31555566891209,8
227,74,11,97,5,5.309866326620995,6
228,16,16,51,8,5.285051160663565,8
229,91,13,84,6,5.251375089450027,7
230,76,16,28,6,5.224596027209698,10
231,86,48,54,22,5.218731927435488,26
232,86,17,46,7,5.203140381478721,10
233,87,11,95,4,5.184870110841576,7
234,97,25,96,11,5.182408838092828,14
235,76,14,37,5,5.155260207804176,9
236,38,13,86,6,5.147207143407551,7
237,28,19,97,6,5.142885826820941,13
238,102,15,96,6,5.127604347789325,9
239,46,15,107,5,5.113021484964983,10
240,90,12,37,5,5.100258022698349,7
241,84,15,90,6,5.086383926048671,9
242,37,14,5,7,5.0843060059519525,7
243,96,12,73,6,5.035390942293943,6
244,63,19,55,8,5.03485084824411,11
245,16,12,5,5,5.004668938893663,7
246,63,15,75,7,5.0013663141315385,8
247,5,11,70,5,4.96715813769405,6
248,106,23,107,9,4.965319454052291,14
249,38,11,37,5,4.935263452020291,6
250,96,18,88,9,4.930308811256227,9
251,8,23,84,9,4.912151072923224,14
252,74,13,108,6,4.9091054802012675,7
253,50,19,87,8,4.882631201191227,11
254,85,13,86,6,4.833314993475176,7
255,55,33,8,14,4.8317917957595835,19
256,48,16,87,7,4.831381287284806,9
257,51,14,107,5,4.812684625944082,9
258,96,42,54,20,4.75373153616818,22
259,75,16,37,5,4.753261589044753,11
260,14,15,84,6,4.752366615638507,9
261,54,33,70,15,4.744398811567507,18
262,50,36,54,16,4.719026226384627,20
263,16,13,79,6,4.716412220610577,7
264,55,11,9,5,4.690967100580704,6
265,93,11,86,4,4.642214513191261,7
266,46,10,8,4,4.597475292002486,6
267,74,26,5,12,4.5822470356267395,14
268,114,12,107,5,4.578303088082307,7
269,86,20,97,9,4.568754394694636,11
270,8,29,90,12,4.545875813376989,17
271,16,12,75,5,4.517745363116643,7
272,28,42,84,18,4.506490158254307,24
273,86,67,96,28,4.49745486385167,39
274,28,10,89,4,4.495723165298258,6
275,90,16,87,8,4.47742998597362,8
276,63,17,97,7,4.469166077781202,10
277,63,19,74,8,4.454211306305434,11
278,38,11,96,5,4.4285292151726745,6
279,54,10,97,4,4.405521788932946,6
280,48,20,107,9,4.387356221966215,11
281,8,23,88,11,4.315426590123708,12
282,84,13,39,6,4.298313506568312,7
283,16,24,11,11,4.271446871614979,13
284,20,28,96,12,4.261107019123627,16
285,11,38,86,17,4.189043277772603,21
286,74,19,54,8,4.159740384146266,11
287,25,12,114,6,4.144459894791872,6
288,51,11,63,5,4.136590143565562,6
289,54,16,95,7,4.0788113560066686,9
290,88,20,84,9,4.060172711403915,11
291,11,13,79,7,4.047561716338114,6
292,28,14,95,6,4.040550234811001,8
293,2,10,20,5,4.012437087213795,5
294,65,19,96,8,4.001451730598467,11
295,76,13,107,6,3.9853176744528107,7
296,88,10,90,4,3.934351625812753,6
297,20,16,35,7,3.8710603822233915,9
298,98,13,107,6,3.870673537614344,7
299,80,13,55,7,3.844743684805329,6
300,28,11,98,4,3.8105658150956856,7
301,104,10,63,4,3.7654753954634925,6
302,86,58,84,28,3.7215839172906726,30
303,63,31,106,14,3.7034384191027705,17
304,98,23,86,11,3.6891905247171084,12
305,76,21,106,7,3.62904312140352,14
306,54,18,90,8,3.6286178426203275,10
307,28,34,54,14,3.612206582222438,20
308,5,33,96,14,3.544199009839817,19
309,73,10,106,5,3.507929514925787,5
310,74,12,95,6,3.5017690384433444,6
311,73,17,74,7,3.4538968752911243,10
312,54,16,65,7,3.428123038178454,9
313,2,14,96,6,3.3761987362341257,8
314,20,10,9,4,3.353443346624384,6
315,51,22,28,9,3.3101205733455643,13
316,62,11,86,5,3.301029259605096,6
317,108,10,50,4,3.223778556245025,6
318,8,19,5,10,3.204538768636367,9
319,93,11,5,4,3.199375680882207,7
320,37,12,16,5,3.1867938106772074,7
321,8,44,96,19,3.175424435557002,25
322,63,27,87,12,3.1560611767827003,15
323,9,12,8,4,3.1301315351694914,8
324,97,16,106,8,3.111030579986816,8
325,50,16,8,9,3.0986022435294434,7
326,93,12,54,5,3.0906671196391113,7
327,55,22,84,10,3.089338762612198,12
328,65,16,74,8,3.08598594941267,8
329,63,31,107,13,2.9858944997578742,18
330,63,56,86,23,2.98387709894124,33
331,95,11,96,5,2.965418433613227,6
332,28,29,5,14,2.9486564092434753,15
333,55,12,75,7,2.939970983573788,5
334,65,15,70,7,2.939044462421329,8
335,20,11,70,5,2.9276851517454787,6
336,90,12,16,5,2.9050677562683798,7
337,86,11,9,6,2.904091823827273,5
338,11,18,54,9,2.8952113675329616,9
339,107,22,37,10,2.893398631522563,12
340,5,22,63,12,2.849972962853844,10
341,65,21,107,9,2.83027712832968,12
342,65,13,88,6,2.8256435057944165,7
343,87,10,80,4,2.824759591911268,6
344,79,15,50,6,2.7998338113931376,9
345,86,12,35,6,2.75135449963285,6
346,37,13,80,6,2.723838841391227,7
347,106,31,96,14,2.7080386521599618,17
348,28,13,73,6,2.6504423752868203,7
349,50,20,2,9,2.6460173497892985,11
350,88,13,11,6,2.5982782354346177,7
351,76,11,20,5,2.5901415978136977,6
352,16,23,63,11,2.5383515644057053,12
353,88,16,5,7,2.517513591576331,9
354,37,16,70,7,2.496833860911776,9
355,74,16,80,8,2.4851777101640504,8
356,86,30,16,15,2.4547935681359445,15
357,50,16,16,8,2.4216115578072586,8
358,8,29,16,13,2.3770482798816337,16
359,86,48,20,22,2.3624663517193647,26
360,86,19,75,10,2.3289010117874347,9
361,17,10,86,4,2.3204734568351078,6
362,87,19,5,9,2.3016529807177433,10
363,54,13,109,5,2.19392362402146,8
364,107,13,38,6,2.179372128477191,7
365,88,14,87,6,2.169814874048232,8
366,87,20,74,9,2.1486019597321198,11
367,54,17,88,8,2.1412541828395595,9
368,65,19,16,8,2.1404077642500763,11
369,65,10,50,4,2.1373944724599268,6
370,50,23,37,11,2.1316520172601203,12
371,60,15,90,7,2.117910855592109,8
372,96,19,90,8,2.0975196885604808,11
373,88,17,20,9,2.0843157925029026,8
374,55,12,5,6,2.068392636551294,6
375,39,11,63,5,2.059393527316194,6
376,55,20,106,9,2.0459606838360083,11
377,16,16,20,8,2.043551767159867,8
378,37,18,96,9,2.0435281677289043,9
379,55,14,87,7,2.036481471541838,7
380,28,26,48,12,2.0079373593473675,14
381,84,10,35,5,1.9965083140622215,5
382,55,12,90,7,1.9940592194265985,5
383,107,42,8,19,1.9792241441022496,23
384,74,14,93,7,1.9660113154184866,7
385,5,14,54,6,1.9461208603979574,8
386,20,36,28,16,1.9314416919128687,20
387,86,45,5,21,1.9304929298087181,24
388,62,10,28,5,1.893815032183228,5
389,51,17,87,8,1.8833490464670963,9
390,86,46,107,23,1.87666365046788,23
391,65,28,86,13,1.8717875070284127,15
392,37,10,74,5,1.831910142831464,5
393,50,11,74,6,1.8099421025317037,5
394,14,18,8,8,1.778104288691898,10
395,8,12,80,5,1.7222815544039995,7
396,85,13,54,6,1.7196059703411017,7
397,28,18,87,9,1.7172510470214348,9
398,8,38,28,17,1.713376971178582,21
399,55,10,37,4,1.707045599083528,6
400,84,22,50,11,1.703082651888093,11
401,48,12,55,5,1.6914768408443575,7
402,104,13,5,6,1.679669305549218,7
403,107,16,75,9,1.6598781152426305,7
404,84,34,96,17,1.6515767592096184,17
405,76,25,96,11,1.6336130820547659,14
406,11,18,48,8,1.6285219730934672,10
407,106,25,50,11,1.6233873075001646,14
408,50,13,75,7,1.6212042862957303,6
409,63,20,50,8,1.6152320694142552,12
410,79,11,8,4,1.6049188828513907,7
411,84,18,80,8,1.570942028221592,10
412,11,32,8,16,1.5651743632029411,16
413,20,21,80,10,1.4986265041055002,11
414,107,37,20,18,1.4897387469650958,19
415,90,16,107,7,1.4519540579471535,9
416,86,65,28,31,1.4460014123023726,34
417,107,17,70,8,1.432747748361242,9
418,87,24,84,11,1.401476342750362,13
419,106,26,88,11,1.4005785849803014,15
420,28,40,106,18,1.3957661356811328,22
421,20,11,48,5,1.3954149889669076,6
422,84,47,107,23,1.3807723290644989,24
423,80,23,28,11,1.3633599598332944,12
424,102,15,28,7,1.3480553897491852,8
425,79,17,28,8,1.3443965025775713,9
426,106,51,86,24,1.3291667311293889,27
427,106,16,48,8,1.2966873109190276,8
428,28,19,37,9,1.2914869676830376,10
429,75,11,84,5,1.2484479349865476,6
430,65,19,20,8,1.2355388691199436,11
431,54,18,80,8,1.2235928560664608,10
432,82,11,28,6,1.1949949841809344,5
433,84,11,65,5,1.1947651203796725,6
434,74,14,2,8,1.1667217294168222,6
435,109,13,20,8,1.166118955660283,5
436,28,17,2,8,1.1141188014173518,9
437,70,11,97,6,1.093716787519625,5
438,8,12,39,7,1.0422350515052903,5
439,20,37,54,19,1.0333149619255386,18
440,97,14,55,7,1.0174264872711138,7
441,50,10,39,6,0.9581747634912936,4
442,88,21,86,8,0.9466195971728976,13
443,8,39,106,20,0.9408889284566859,19
444,107,27,74,13,0.938200782554877,14
445,28,58,96,28,0.9361290210515576,30
446,37,15,104,7,0.9301141378143688,8
447,35,10,37,5,0.9260414362328069,5
448,84,10,2,5,0.8909497035634487,5
449,8,27,20,13,0.8491468662500922,14
450,96,29,55,14,0.8435213858035651,15
451,86,41,74,20,0.8349923564188378,21
452,106,11,14,6,0.8292000189715029,5
453,71,11,28,6,0.7906121882474628,5
454,107,42,28,20,0.779925699878659,22
455,70,28,8,14,0.7778306988015273,14
456,106,18,5,8,0.7754718845542204,10
457,86,35,55,17,0.7670071872065258,18
458,11,24,63,13,0.7667519814667255,11
459,86,19,30,9,0.7659070049417118,10
460,65,16,55,7,0.7579567813833229,9
461,88,19,55,9,0.7153400360098916,10
462,106,27,87,13,0.6918663620598019,14
463,107,22,55,11,0.6732864832670306,11
464,8,17,76,8,0.6695037265077856,9
465,96,41,107,19,0.6693001424717038,22
466,87,38,96,18,0.60837728937504,20
467,74,28,106,14,0.5895101563089021,14
468,11,12,35,6,0.5661945015097173,6
469,107,33,54,17,0.5611771372842876,16
470,54,18,87,10,0.5528249286853695,8
471,51,13,55,7,0.5521554244421191,6
472,33,12,28,7,0.5371012612754805,5
473,11,18,46,9,0.5348527890989845,9
474,20,22,87,10,0.5116909789840209,12
475,84,17,48,8,0.4998550824144651,9
476,8,25,37,12,0.4837189494693537,13
477,86,37,8,20,0.45211301088967465,17
478,9,11,63,5,0.41758664889208236,6
479,84,14,79,8,0.41419542722796737,6
480,2,19,8,9,0.4071309337923791,10
481,37,16,51,9,0.4038062444177477,7
482,76,16,87,8,0.39595996235299813,8
483,86,54,87,29,0.30520526108792523,25
484,11,31,106,16,0.29488633223268784,15
485,9,17,28,7,0.28857106564612295,10
486,28,41,11,20,0.23904988804781796,21
487,96,15,75,9,0.23133430306672242,6
488,28,18,55,11,0.17346416802036302,7
489,88,10,76,4,0.14500962782709123,6
490,76,15,11,7,0.1376774645288651,8
491,11,28,87,15,0.08426229375323478,13
492,11,11,51,6,0.07978822497443648,5
493,109,13,48,7,0.0675018600088535,6
494,86,16,2,9,0.059673324824613516,7
495,74,15,46,7,0.05910856736900432,8
496,16,39,28,20,0.03923170878016581,19
497,35,12,28,6,0.0265085475018972,6
498,107,15,104,7,0.012810701922437554,8
499,104,15,107,8,-0.012810701922437554,7
500,28,12,35,6,-0.02650854750189661,6
501,28,39,16,19,-0.03923170878016581,20
502,46,15,74,8,-0.05910856736900598,7
503,2,16,86,7,-0.05967332482461374,9
504,48,13,109,6,-0.0675018600088535,7
505,51,11,11,5,-0.07978822497443616,6
506,87,28,11,13,-0.08426229375323377,15
507,76,10,88,6,-0.14500962782709123,4
508,55,18,28,7,-0.1734641680203632,11
509,107,35,87,18,-0.2129064551401812,17
510,75,15,96,6,-0.23133430306672337,9
511,11,41,28,21,-0.23904988804781918,20
512,28,17,9,10,-0.2885710656461217,7
513,106,31,11,15,-0.2948863322326874,16
514,51,16,37,7,-0.40380624441774726,9
515,8,19,2,10,-0.40713093379238086,9
516,79,14,84,6,-0.414195427227968,8
517,63,11,9,6,-0.41758664889208175,5
518,8,37,86,17,-0.45211301088967504,20
519,37,25,8,13,-0.4837189494693543,12
520,48,17,84,9,-0.4998550824144652,8
521,87,22,20,12,-0.511690978984021,10
522,46,18,11,9,-0.5348527890989838,9
523,28,12,33,5,-0.5371012612754809,7
524,55,13,51,6,-0.5521554244421188,7
525,87,18,54,8,-0.5528249286853687,10
526,54,33,107,16,-0.5611771372842878,17
527,35,12,11,6,-0.5661945015097167,6
528,106,28,74,14,-0.589510156308903,14
529,96,38,87,20,-0.6083772893750399,18
530,107,41,96,22,-0.6693001424717038,19
531,76,17,8,9,-0.669503726507786,8
532,55,22,107,11,-0.6732864832670304,11
533,87,27,106,14,-0.6918663620597992,13
534,55,19,88,10,-0.7153400360098918,9
535,55,16,65,9,-0.7579567813833243,7
536,30,19,86,10,-0.7659070049417123,9
537,63,24,11,11,-0.7667519814667254,13
538,55,35,86,18,-0.7670071872065258,17
539,5,18,106,10,-0.7754718845542194,8
540,8,28,70,14,-0.7778306988015278,14
541,28,42,107,22,-0.7799256998786587,20
542,28,11,71,5,-0.7906121882474615,6
543,14,11,106,5,-0.8292000189715015,6
544,74,41,86,21,-0.8349923564188386,20
545,55,29,96,15,-0.8435213858035656,14
546,20,27,8,14,-0.849146866250092,13
547,2,10,84,5,-0.8909497035634508,5
548,37,10,35,5,-0.9260414362328042,5
549,104,15,37,8,-0.9301141378143682,7
550,96,58,28,30,-0.9361290210515574,28
551,74,27,107,14,-0.9382007825548768,13
552,106,39,8,19,-0.9408889284566851,20
553,86,21,88,13,-0.9466195971728966,8
554,39,10,50,4,-0.9581747634912936,6
555,55,14,97,7,-1.0174264872711132,7
556,54,37,20,18,-1.0333149619255388,19
557,39,12,8,5,-1.0422350515052898,7
558,97,11,70,5,-1.0937167875196259,6
559,2,17,28,9,-1.114118801417351,8
560,20,13,109,5,-1.1661189556602822,8
561,2,14,74,6,-1.1667217294168222,8
562,65,11,84,6,-1.1947651203796725,5
563,28,11,82,5,-1.1949949841809342,6
564,80,18,54,10,-1.2235928560664604,8
565,11,26,107,14,-1.2240420778923373,12
566,20,19,65,11,-1.235538869119944,8
567,84,11,75,6,-1.2484479349865476,5
568,107,26,11,13,-1.2583607648728181,13
569,37,19,28,10,-1.291486967683038,9
570,28,17,79,9,-1.3443965025775715,8
571,28,15,102,8,-1.348055389749186,7
572,28,23,80,12,-1.3633599598332946,11
573,107,47,84,24,-1.3807723290645009,23
574,48,11,20,6,-1.3954149889669076,5
575,106,40,28,22,-1.3957661356811337,18
576,88,26,106,15,-1.4005785849803014,11
577,84,24,87,13,-1.4014763427503627,11
578,70,17,107,9,-1.432747748361242,8
579,28,65,86,34,-1.4460014123023717,31
580,107,16,90,9,-1.4519540579471542,7
581,20,37,107,19,-1.489738746965095,18
582,80,21,20,11,-1.4986265041055,10
583,87,54,86,26,-1.5004362594563336,28
584,8,32,11,16,-1.5651743632029405,16
585,80,18,84,10,-1.5709420282215925,8
586,8,11,79,7,-1.6049188828513907,4
587,50,20,63,12,-1.6152320694142557,8
588,75,13,50,6,-1.6212042862957334,7
589,50,25,106,14,-1.6233873075001646,11
590,87,35,107,18,-1.6311642280567897,17
591,96,25,76,14,-1.6336130820547663,11
592,96,34,84,17,-1.6515767592096187,17
593,75,16,107,7,-1.65987811524263,9
594,5,13,104,7,-1.6796693055492184,6
595,55,12,48,7,-1.6914768408443577,5
596,50,22,84,11,-1.703082651888093,11
597,37,10,55,6,-1.7070455990835285,4
598,28,38,8,21,-1.713376971178581,17
599,87,18,28,9,-1.7172510470214346,9
600,54,13,85,7,-1.719605970341104,6
601,80,12,8,7,-1.7222815544039987,5
602,8,18,14,10,-1.7781042886918976,8
603,74,11,50,5,-1.8099421025317044,6
604,74,10,37,5,-1.8319101428314633,5
605,86,28,65,15,-1.8717875070284127,13
606,107,46,86,23,-1.8766636504678798,23
607,87,17,51,9,-1.8833490464670963,8
608,28,10,62,5,-1.893815032183228,5
609,5,45,86,24,-1.930492929808718,21
610,28,36,20,20,-1.9314416919128692,16
611,54,14,5,8,-1.9461208603979565,6
612,93,14,74,7,-1.9660113154184862,7
613,8,42,107,23,-1.9792241441022493,19
614,90,12,55,5,-1.9940592194265978,7
615,35,10,84,5,-1.996508314062219,5
616,48,26,28,14,-2.0079373593473675,12
617,87,14,55,7,-2.0364814715418387,7
618,96,18,37,9,-2.0435281677289043,9
619,20,16,16,8,-2.0435517671598675,8
620,106,20,55,11,-2.0459606838360087,9
621,63,11,39,6,-2.0593935273161956,5
622,5,12,55,6,-2.068392636551294,6
623,20,17,88,8,-2.084315792502901,9
624,90,19,96,11,-2.0975196885604803,8
625,90,15,60,8,-2.117910855592109,7
626,37,23,50,12,-2.13165201726012,11
627,50,10,65,6,-2.1373944724599268,4
628,16,19,65,11,-2.1404077642500767,8
629,88,17,54,9,-2.14125418283956,8
630,74,20,87,11,-2.1486019597321184,9
631,87,14,88,8,-2.1698148740482317,6
632,38,13,107,7,-2.1793721284771914,6
633,109,13,54,8,-2.19392362402146,5
634,5,19,87,10,-2.301652980717743,9
635,86,10,17,6,-2.3204734568351095,4
636,75,19,86,9,-2.3289010117874334,10
637,20,48,86,26,-2.362466351719365,22
638,16,29,8,16,-2.377048279881632,13
639,16,16,50,8,-2.421611557807258,8
640,16,30,86,15,-2.454793568135943,15
641,80,16,74,8,-2.4851777101640518,8
642,70,16,37,9,-2.4968338609117757,7
643,5,16,88,9,-2.517513591576331,7
644,63,23,16,12,-2.538351564405705,11
645,20,11,76,6,-2.590141597813698,5
646,86,51,106,28,-2.5947054352841734,23
647,11,13,88,7,-2.598278235434617,6
648,2,20,50,11,-2.6460173497892994,9
649,73,13,28,7,-2.6504423752868203,6
650,96,31,106,17,-2.70803865215996,14
651,80,13,37,7,-2.7238388413912276,6
652,35,12,86,6,-2.7513544996328485,6
653,14,12,107,6,-2.752826564735613,6
654,50,15,79,9,-2.7998338113931363,6
655,80,10,87,6,-2.824759591911268,4
656,88,13,65,7,-2.825643505794417,6
657,107,21,65,12,-2.83027712832968,9
658,63,22,5,10,-2.8499729628538435,12
659,37,22,107,12,-2.8933986315225635,10
660,54,18,11,9,-2.8952113675329616,9
661,9,11,86,5,-2.9040918238272733,6
662,16,12,90,7,-2.9050677562683784,5
663,70,11,20,6,-2.9276851517454783,5
664,70,15,65,8,-2.9390444624213297,7
665,75,12,55,5,-2.9399709835737866,7
666,5,29,28,15,-2.9486564092434753,14
667,96,11,95,6,-2.9654184336132263,5
668,86,56,63,33,-2.9838770989412415,23
669,107,31,63,18,-2.9858944997578742,13
670,74,16,65,8,-3.0859859494126702,8
671,84,22,55,12,-3.089338762612198,10
672,54,12,93,7,-3.0906671196391122,5
673,8,16,50,7,-3.0986022435294425,9
674,106,16,97,8,-3.1110305799868163,8
675,107,12,14,7,-3.1146710636183896,5
676,8,12,9,8,-3.130131535169493,4
677,87,27,63,15,-3.1560611767827007,12
678,96,44,8,25,-3.175424435557004,19
679,16,12,37,7,-3.1867938106772074,5
680,5,11,93,7,-3.199375680882207,4
681,5,19,8,9,-3.204538768636367,10
682,50,10,108,6,-3.2237785562450227,4
683,86,11,62,6,-3.3010292596050945,5
684,28,22,51,13,-3.310120573345564,9
685,9,10,20,6,-3.353443346624384,4
686,96,14,2,8,-3.3761987362341266,6
687,65,16,54,9,-3.4281230381784535,7
688,74,17,73,10,-3.4538968752911248,7
689,95,12,74,6,-3.5017690384433444,6
690,106,10,73,5,-3.5079295149257868,5
691,96,33,5,19,-3.5441990098398177,14
692,54,34,28,20,-3.612206582222439,14
693,90,18,54,10,-3.6286178426203275,8
694,86,23,98,12,-3.689190524717108,11
695,106,31,63,17,-3.703438419102772,14
696,84,58,86,30,-3.7215839172906726,28
697,63,10,104,6,-3.765475395463492,4
698,98,11,28,7,-3.8105658150956856,4
699,55,13,80,6,-3.8447436848053296,7
700,107,13,98,7,-3.8706735376143446,6
701,35,16,20,9,-3.8710603822233933,7
702,90,10,88,6,-3.9343516258127544,4
703,107,13,76,7,-3.985317674452811,6
704,96,19,65,11,-4.0014517305984665,8
705,20,10,2,5,-4.0124370872137956,5
706,95,14,28,8,-4.040550234811,6
707,79,13,11,6,-4.047561716338114,7
708,84,20,88,11,-4.060172711403915,9
709,95,16,54,9,-4.078811356006668,7
710,63,11,51,6,-4.13659014356556,5
711,114,12,25,6,-4.144459894791873,6
712,54,19,74,11,-4.159740384146267,8
713,96,28,20,16,-4.261107019123626,12
714,39,13,84,7,-4.298313506568312,6
715,88,23,8,12,-4.315426590123705,11
716,107,20,48,11,-4.387356221966216,9
717,97,10,54,6,-4.405521788932944,4
718,96,11,38,6,-4.4285292151726745,5
719,87,16,76,9,-4.429864581846375,7
720,11,15,76,9,-4.440509058655133,6
721,74,19,63,11,-4.454211306305433,8
722,97,17,63,10,-4.4691660777812015,7
723,87,16,90,8,-4.47742998597362,8
724,89,10,28,6,-4.495723165298258,4
725,96,67,86,39,-4.497454863851668,28
726,84,42,28,24,-4.50649015825431,18
727,75,12,16,7,-4.517745363116643,5
728,90,29,8,17,-4.545875813376988,12
729,97,20,86,11,-4.568754394694635,9
730,107,12,114,7,-4.578303088082306,5
731,5,26,74,14,-4.582247035626741,12
732,8,10,46,6,-4.597475292002486,4
733,86,11,93,7,-4.64221451319126,4
734,9,11,55,6,-4.690967100580704,5
735,79,13,16,7,-4.716412220610577,6
736,54,36,50,20,-4.719026226384626,16
737,70,33,54,18,-4.744398811567506,15
738,84,15,14,9,-4.752366615638507,6
739,37,16,75,11,-4.753261589044752,5
740,54,42,96,22,-4.753731536168177,20
741,107,14,51,9,-4.812684625944084,5
742,8,33,55,19,-4.8317917957595835,14
743,86,13,85,7,-4.833314993475175,6
744,87,19,50,11,-4.882631201191227,8
745,108,13,74,7,-4.90910548020127,6
746,84,23,8,14,-4.912151072923222,9
747,88,18,96,9,-4.930308811256227,9
748,37,11,38,6,-4.935263452020291,5
749,70,11,5,6,-4.96715813769405,5
750,75,15,63,8,-5.001366314131536,7
751,5,12,16,7,-5.004668938893661,5
752,55,19,63,11,-5.034850848244109,8
753,73,12,96,6,-5.035390942293941,6
754,5,14,37,7,-5.084306005951952,7
755,90,15,84,9,-5.086383926048672,6
756,37,12,90,7,-5.100258022698351,5
757,107,15,46,10,-5.113021484964983,5
758,96,15,102,9,-5.127604347789324,6
759,97,19,28,13,-5.14288582682094,6
760,86,13,38,7,-5.1472071434075515,6
761,37,14,76,9,-5.155260207804176,5
762,96,25,97,14,-5.182408838092829,11
763,95,11,87,7,-5.184870110841573,4
764,46,17,86,10,-5.20314038147872,7
765,48,18,11,11,-5.21421496819869,7
766,54,48,86,26,-5.218731927435486,22
767,28,16,76,10,-5.224596027209698,6
768,84,13,91,7,-5.251375089450026,6
769,51,16,16,8,-5.285051160663567,8
770,97,11,74,6,-5.309866326620995,5
771,51,16,8,8,-5.315555668912091,8
772,48,16,106,9,-5.330591930412405,7
773,37,29,20,16,-5.354245822975996,13
774,91,12,86,7,-5.434023480431901,5
775,54,13,102,8,-5.447458147983637,5
776,91,16,28,9,-5.4617976738811205,7
777,88,16,63,9,-5.4621065552345485,7
778,54,24,46,15,-5.509979184990186,9
779,11,30,50,18,-5.522122647580029,12
780,70,21,84,13,-5.555667371241247,8
781,54,20,84,12,-5.558513011125089,8
782,50,12,9,8,-5.578106204160814,4
783,84,13,109,8,-5.586101592455794,5
784,90,31,86,19,-5.589997787642124,12
785,106,16,65,10,-5.613829651583315,6
786,8,12,93,7,-5.634459761864631,5
787,86,17,95,11,-5.641395768359862,6
788,28,49,50,28,-5.649880678257372,21
789,16,16,88,10,-5.659704044178225,6
790,71,11,75,7,-5.672326712897659,4
791,86,11,23,7,-5.682927735199494,4
792,28,16,14,10,-5.699150520615664,6
793,106,30,84,16,-5.705141756996407,14
794,65,15,63,8,-5.713704172425599,7
795,9,12,84,7,-5.723245457590759,5
796,108,12,16,7,-5.770631208900042,5
797,11,14,39,10,-5.821131817679595,4
798,104,13,106,8,-5.822027909601284,5
799,84,11,93,7,-5.824709609265529,4
800,96,12,30,7,-5.827709187189811,5
801,75,15,28,8,-5.880095412644891,7
802,86,38,11,22,-5.88752943334876,16
803,11,10,33,5,-5.887923901561768,5
804,2,13,63,7,-5.950174659853716,6
805,8,16,73,9,-5.97273460634292,7
806,54,28,16,15,-5.982292107634971,13
807,107,15,2,10,-6.092998078548302,5
808,79,10,55,6,-6.105260957218082,4
809,96,32,63,20,-6.122578975830857,12
810,104,13,96,8,-6.125308722017562,5
811,63,32,8,19,-6.131732885162138,13
812,28,21,46,14,-6.1564147834543315,7
813,86,24,37,14,-6.163976647638872,10
814,70,11,74,6,-6.194971180039403,5
815,51,10,54,6,-6.279040873171764,4
816,70,16,28,9,-6.300429130292783,7
817,91,10,8,6,-6.30820446877851,4
818,106,11,34,7,-6.348877012003049,4
819,76,16,63,11,-6.419762014379263,5
820,54,18,55,11,-6.426879964732236,7
821,18,10,50,5,-6.440154509710172,5
822,2,11,87,6,-6.540123535767899,5
823,65,19,28,11,-6.558948428582172,8
824,107,16,5,10,-6.560722410714439,6
825,37,25,87,15,-6.583462163251109,10
826,74,18,11,11,-6.589421301376547,7
827,76,18,86,11,-6.641383382256667,7
828,48,21,86,13,-6.673493721207734,8
829,106,21,76,15,-6.702494260065141,6
830,70,22,96,11,-6.734945499709392,11
831,108,10,48,7,-6.749808304712144,3
832,63,22,80,14,-6.84351888546065,8
833,37,12,65,7,-6.8663176912939194,5
834,84,25,74,14,-6.915221928479445,11
835,109,21,28,14,-6.921186948632654,7
836,11,24,16,14,-6.9607166179438975,10
837,14,10,96,6,-6.969659690213488,4
838,48,11,50,7,-7.058211213950958,4
839,80,21,86,12,-7.071945289109108,9
840,79,12,63,8,-7.1114844508040305,4
841,96,10,109,6,-7.124903407369766,4
842,65,13,87,8,-7.172858695964161,5
843,109,10,50,7,-7.344576987504273,3
844,84,14,51,9,-7.416041984054565,5
845,96,10,7,7,-7.456970205866161,3
846,104,17,8,10,-7.523659091940188,7
847,54,38,8,21,-7.535782247342722,17
848,80,22,96,14,-7.6325568595370585,8
849,108,10,55,6,-7.6603824871739565,4
850,50,13,76,9,-7.685614095381234,4
851,106,23,54,14,-7.6976965533365105,9
852,74,36,8,23,-7.705706823572184,13
853,106,10,79,6,-7.723339908977311,4
854,5,17,90,11,-7.733760869096595,6
855,106,20,20,13,-7.74401298166116,7
856,79,20,48,12,-7.7777328666170344,8
857,48,16,8,11,-7.897553509317897,5
858,107,23,106,15,-7.899068268229291,8
859,74,10,90,7,-7.909610644210227,3
860,106,24,80,15,-7.94893708145332,9
861,28,13,93,9,-7.977780890104037,4
862,5,18,50,10,-7.985609985960305,8
863,108,15,107,10,-8.025288645198323,5
864,48,14,16,8,-8.053586068768565,6
865,65,14,80,9,-8.117894882236024,5
866,108,12,86,7,-8.204205290543772,5
867,28,20,104,14,-8.348323398495209,6
868,70,11,55,7,-8.38534628867522,4
869,63,15,98,9,-8.442303234287186,6
870,84,13,37,8,-8.553620322324825,5
871,86,27,50,16,-8.625181586204928,11
872,109,11,11,7,-8.681878021036322,4
873,25,17,86,10,-8.724235613972366,7
874,107,18,91,12,-8.785801812136052,6
875,87,16,48,10,-8.865285906778183,6
876,20,18,11,13,-8.87279931653183,5
877,95,10,5,7,-8.888673428502386,3
878,106,17,90,11,-8.974439428387358,6
879,87,33,8,22,-9.0457420416113,11
880,51,25,86,15,-9.064197489975363,10
881,106,19,37,12,-9.07478946946185,7
882,50,15,90,10,-9.086064370309861,5
883,107,10,93,7,-9.15296157190981,3
884,8,15,30,10,-9.185211827951933,5
885,75,11,74,6,-9.20591306112454,5
886,102,11,50,6,-9.219287312483527,5
887,96,34,11,22,-9.221964641265844,12
888,70,20,86,12,-9.278344214978095,8
889,63,14,108,9,-9.298531248541147,5
890,80,13,90,9,-9.30675268400111,4
891,63,14,37,9,-9.38345431127444,5
892,82,16,86,11,-9.445784289963353,5
893,51,14,20,8,-9.477293220680318,6
894,28,32,63,21,-9.497145926723896,11
895,8,13,95,8,-9.502751434643129,5
896,87,12,79,9,-9.532024747647966,3
897,18,10,28,6,-9.538088324550174,4
898,11,13,5,8,-9.60548752418318,5
899,8,10,109,6,-9.639424798383356,4
900,106,14,98,9,-9.701360201061403,5
901,96,24,50,16,-9.715882886946691,8
902,107,27,50,17,-9.72299397110463,10
903,55,18,16,12,-9.733018432439058,6
904,74,19,20,13,-9.788439625659583,6
905,54,12,98,8,-9.813455317184909,4
906,79,23,86,15,-9.865377107457421,8
907,107,14,80,11,-9.896045256810655,3
908,75,14,106,7,-10.013304733371458,7
909,84,10,38,6,-10.052543866721539,4
910,25,10,102,7,-10.093114603967836,3
911,104,14,86,8,-10.100644133292377,6
912,96,19,48,13,-10.132285078500649,6
913,96,30,74,20,-10.300008918041236,10
914,108,10,96,6,-10.358535309969964,4
915,84,16,16,10,-10.536673756149728,6
916,88,16,50,10,-10.561260525311432,6
917,37,17,11,12,-10.60166233610831,5
918,28,20,88,14,-10.622632032530678,6
919,109,16,86,12,-10.6494459625155,4
920,20,23,50,14,-10.679903465549344,9
921,70,13,63,8,-10.697297085972528,5
922,48,23,63,16,-10.699286546994388,7
923,90,10,20,7,-10.768008363427821,3
924,16,13,30,9,-10.88272905219503,4
925,46,18,88,13,-11.050366904672497,5
926,70,12,87,8,-11.095594557997302,4
927,70,15,106,9,-11.108058922265554,6
928,80,10,11,7,-11.144994413403579,3
929,96,34,16,25,-11.368382459597491,9
930,84,19,11,13,-11.37372999446702,6
931,20,22,63,14,-11.466483806886448,8
932,107,10,71,7,-11.601148789823478,3
933,98,10,91,7,-11.6111736728835,3
934,5,10,97,7,-11.651243557074398,3
935,55,10,76,8,-11.845869320079572,2
936,87,10,30,7,-11.954020606538128,3
937,93,12,87,8,-11.974909065966637,4
938,106,26,16,19,-12.029895570185102,7
939,54,18,48,12,-12.073710033699513,6
940,84,21,20,16,-12.095717972205849,5
941,96,11,85,8,-12.207174001404555,3
942,74,11,51,8,-12.350755204498363,3
943,8,12,75,9,-12.489331619909464,3
944,8,12,71,8,-12.540934170497003,4
945,98,10,11,7,-12.66006119022024,3
946,107,18,88,13,-12.669741050548794,5
947,96,23,98,15,-12.672735601907378,8
948,96,16,51,11,-12.677781286430335,5
949,84,17,5,12,-12.835529049516088,5
950,37,11,97,7,-12.835898529806231,4
951,73,16,86,10,-12.90546934044994,6
952,96,15,46,9,-13.00793378894843,6
953,14,10,80,6,-13.097202558791372,4
954,91,10,16,7,-13.247386679926667,3
955,20,13,5,9,-13.290437765849143,4
956,76,10,84,7,-13.371791794476115,3
957,11,25,55,19,-13.485189958967283,6
958,84,32,63,22,-13.780562093586635,10
959,87,31,16,22,-13.951877876711272,9
960,84,12,46,9,-13.97403398222274,3
961,107,20,16,15,-14.086921033236786,5
962,20,10,91,7,-14.231787377472761,3
963,65,10,2,8,-14.403245473195582,2
964,70,13,2,9,-14.416654152482302,4
965,63,11,14,7,-14.53302527333945,4
966,35,11,80,8,-14.578551377058158,3
967,70,12,76,9,-14.685088495200567,3
968,114,10,86,7,-14.800092372439218,3
969,54,35,63,26,-14.89309634072546,9
970,50,12,80,10,-14.926124931290454,2
971,70,12,11,9,-14.978837163595108,3
972,65,10,8,7,-15.076101306925045,3
973,96,12,91,9,-15.083901067533665,3
974,90,14,73,10,-15.18129739743865,4
975,75,10,46,8,-15.209832232263318,2
976,63,11,90,8,-15.231492942849913,3
977,11,10,93,8,-15.321419061771829,2
978,104,10,88,7,-15.342580583527766,3
979,98,10,50,8,-15.57630780747763,2
980,9,11,48,8,-15.643745764186933,3
981,97,10,2,8,-15.661292942741351,2
982,34,10,96,8,-15.715371567543961,2
983,107,13,97,9,-15.949265044267134,4
984,8,10,97,7,-15.994272245447414,3
985,86,11,41,9,-16.212567441432288,2
986,28,18,74,14,-16.654135564717038,4
987,107,14,73,10,-16.729028870174297,4
988,91,15,63,11,-16.74510820316582,4
989,54,17,37,12,-17.194403876010952,5
990,54,11,2,9,-17.459471983824496,2
991,35,13,107,11,-17.620728555906968,2
992,28,23,90,18,-17.842079516061677,5
993,112,13,28,10,-17.971811670799116,3
994,70,10,50,7,-18.669208398142956,3
995,74,19,16,15,-18.96872349642753,4
996,109,10,88,9,-19.21708703200129,1
997,86,12,102,11,-19.554051111500097,1
998,14,10,86,8,-19.970836161014752,2
999,66,10,107,8,-20.152222817707916,2
1000,96,11,93,9,-20.479798947683257,2
1001,55,18,50,14,-21.38404284403115,4
1002,35,13,76,10,-24.45415726080802,3
1003,54,11,30,10,-25.713620235434703,1
