,againstHero,games,hero,losses,shift,wins
0,3,10,39,0,28.725074023896866,10
1,27,13,9,2,27.988696165988863,11
2,48,10,35,1,25.155197930838906,9
3,44,10,55,2,23.361076236430034,8
4,10,10,28,1,23.03135332069283,9
5,14,12,55,1,22.798222840334336,11
6,69,13,106,2,22.73676173529586,11
7,2,13,51,3,22.46077922587735,10
8,34,10,51,1,22.213174768846972,9
9,38,11,97,1,22.176359713839886,10
10,86,12,52,2,21.816288972743816,10
11,75,12,77,2,21.65697550735631,10
12,63,11,36,2,21.612575022439515,9
13,100,14,65,2,21.601550893299844,12
14,23,10,17,2,21.215760860674095,8
15,57,11,13,3,20.619945240208803,8
16,8,11,36,2,20.34025716086894,9
17,114,10,39,2,20.217263961166076,8
18,55,16,33,3,20.174007528343807,13
19,107,10,66,2,20.152222817707916,8
20,95,12,32,2,19.760326388824463,10
21,27,11,109,2,19.589550007720504,9
22,15,16,39,3,19.411328140872982,13
23,99,14,18,3,19.290873438644514,11
24,28,14,112,3,19.249826897720943,11
25,104,13,91,1,19.168888324804982,12
26,48,12,5,2,19.15405252867682,10
27,68,11,18,3,19.106481436306485,8
28,77,14,50,2,18.9601043763584,12
29,2,10,11,2,18.923084797888755,8
30,27,13,60,2,18.903299216443365,11
31,90,26,28,5,18.776580206085537,21
32,44,10,5,2,18.758661413857347,8
33,98,10,46,3,18.66966202924449,7
34,5,10,18,2,18.464269170029823,8
35,114,21,109,4,18.30576563543077,17
36,71,10,54,2,18.201053620067494,8
37,26,11,86,2,18.01144379039894,9
38,8,12,77,3,17.994666569137156,9
39,100,12,39,3,17.749728851184297,9
40,16,14,77,3,17.677083033460956,11
41,23,10,18,3,17.633825837607823,7
42,16,10,67,2,17.493350405648194,8
43,95,23,51,5,17.35650130333503,18
44,34,11,87,3,17.338115350277818,8
45,35,10,106,3,17.319051156851785,7
46,90,14,51,2,17.088820957180307,12
47,40,11,17,2,17.086573002444847,9
48,30,11,18,2,17.068354015610023,9
49,27,21,5,6,17.02393852387809,15
50,34,12,8,3,16.979471141980934,9
51,10,11,86,3,16.95145578080744,8
52,30,17,5,3,16.83586234693501,14
53,41,14,5,5,16.723825478761608,9
54,16,15,76,4,16.696805142201285,11
55,53,10,36,2,16.612742592387267,8
56,86,10,103,3,16.57051549779981,7
57,63,11,35,3,16.493810387811518,8
58,11,25,25,5,16.429746187224733,20
59,60,15,50,4,16.23078469019145,11
60,69,13,88,3,16.183753216746744,10
61,73,10,16,3,16.163676933136152,7
62,17,10,71,3,16.133957382191333,7
63,76,20,51,4,16.059816015696757,16
64,114,13,13,4,16.046310047093424,9
65,70,10,36,3,16.0185320247598,7
66,95,21,11,5,16.006249051562754,16
67,13,16,83,4,15.934926256250733,12
68,67,14,106,4,15.86890640221611,10
69,88,13,29,4,15.850906570917441,9
70,99,18,39,4,15.84878961626863,14
71,14,12,63,4,15.759973477645744,8
72,34,10,17,2,15.75126461275924,8
73,93,16,96,4,15.733194627661211,12
74,80,12,35,3,15.72406211872363,9
75,80,16,50,3,15.718368557038913,13
76,23,16,5,4,15.598001372374195,12
77,99,15,28,4,15.590204088651856,11
78,73,11,87,2,15.55795672641622,9
79,104,18,2,6,15.503443707499333,12
80,90,12,97,4,15.449883037579115,8
81,49,14,25,4,15.43786379260084,10
82,75,27,7,6,15.375438154462913,21
83,37,11,60,3,15.345188265922372,8
84,7,11,99,3,15.3158743249674,8
85,67,11,97,2,15.281658756670776,9
86,114,16,83,4,15.254612667104073,12
87,71,21,86,5,15.209148887501426,16
88,8,14,41,3,15.189181179702913,11
89,89,12,107,3,15.163906699283089,9
90,7,21,77,6,15.158635706227761,15
91,80,11,70,2,15.1572772977841,9
92,48,12,9,3,15.097519161061681,9
93,91,12,96,3,15.083901067533665,9
94,41,11,97,2,15.02369323138218,9
95,25,18,99,5,15.014737107768298,13
96,87,18,91,4,15.006202180134604,14
97,50,15,46,5,14.990794174346137,10
98,77,12,88,3,14.977617068976796,9
99,7,29,87,7,14.903453669840152,22
100,64,14,60,4,14.864014157585933,10
101,32,13,106,3,14.741977351969275,10
102,109,12,39,2,14.675982860996214,10
103,30,12,46,3,14.658819133979227,9
104,7,18,5,5,14.615769591051182,13
105,100,10,60,3,14.612225079139728,7
106,50,12,99,4,14.581629542155014,8
107,37,11,77,3,14.55993313549925,8
108,48,24,54,7,14.535603927866184,17
109,73,12,37,4,14.533349572792922,8
110,16,13,32,4,14.531367270350456,9
111,73,10,2,3,14.457830254043136,7
112,100,20,54,6,14.454126910452931,14
113,89,10,74,3,14.4466828072844,7
114,95,11,30,4,14.445403657605016,7
115,114,23,106,7,14.366848050849034,16
116,34,15,28,4,14.366739527209466,11
117,40,10,83,2,14.347262135245902,8
118,46,11,102,3,14.30749471315205,8
119,60,12,9,3,14.304107510260854,9
120,34,12,37,3,14.30057126443514,9
121,30,11,11,3,14.29951613613078,8
122,14,10,97,2,14.259112129654318,8
123,15,15,18,4,14.248476385059174,11
124,7,33,25,8,14.17922434709996,25
125,107,13,53,3,14.172860484543653,10
126,74,19,60,6,14.155436372823559,13
127,32,12,88,4,14.106761757299536,8
128,9,12,68,3,14.066290771471008,9
129,13,15,36,4,14.053521380319815,11
130,100,15,88,4,14.04956823717941,11
131,76,20,35,7,13.96733759196386,13
132,23,11,83,3,13.9232349355535,8
133,41,12,109,2,13.914029202125853,10
134,11,13,83,3,13.863860744018647,10
135,100,21,51,8,13.816816739386772,13
136,33,13,50,4,13.8066594696148,9
137,106,23,23,8,13.757025468922565,15
138,93,12,46,3,13.65474091099076,9
139,68,18,53,5,13.627830006911765,13
140,107,17,99,5,13.582126995646107,12
141,27,13,63,5,13.551940945126718,8
142,6,14,7,6,13.543929448931385,8
143,74,11,103,3,13.53565105452587,8
144,23,10,77,3,13.476022973760971,7
145,93,10,90,3,13.452391800759148,7
146,51,11,10,3,13.446955688168293,8
147,50,15,70,5,13.44110105599258,10
148,25,12,32,5,13.427877456338663,7
149,30,21,39,6,13.42696028846743,15
150,8,13,40,4,13.4145759843304,9
151,100,11,55,4,13.383239409595307,7
152,18,11,37,3,13.371391730474068,8
153,55,10,32,3,13.36363963009391,7
154,34,11,20,3,13.36206244645375,8
155,16,18,83,5,13.351235477213141,13
156,95,18,17,5,13.342671111008823,13
157,65,10,33,3,13.314880602814076,7
158,75,25,5,9,13.227746160072009,16
159,87,11,33,3,13.22203468303232,8
160,62,12,63,4,13.174816238245654,8
161,69,14,28,5,13.159247509741927,9
162,106,19,91,4,13.115643186389448,15
163,57,22,107,7,13.099281826721857,15
164,80,10,14,4,13.097202558791373,6
165,11,13,18,4,13.094881521032239,9
166,34,11,25,3,12.978396480778377,8
167,16,15,94,4,12.969401282348118,11
168,16,55,39,17,12.952005337101408,38
169,77,16,51,5,12.941193832575705,11
170,95,27,37,7,12.921122211679824,20
171,49,11,77,3,12.92036615088008,8
172,57,22,16,7,12.918311642986259,15
173,40,22,77,6,12.904839091751661,16
174,78,10,96,3,12.899686199305037,7
175,104,15,71,5,12.790892712888178,10
176,102,16,55,5,12.774824407782457,11
177,28,10,52,3,12.725624774771763,7
178,30,11,77,3,12.627749719644049,8
179,13,10,98,3,12.623579592155687,7
180,57,27,5,8,12.572003913811171,19
181,71,16,97,5,12.555483253298778,11
182,102,30,5,10,12.54926139668405,20
183,2,10,40,3,12.538938846391357,7
184,15,10,50,3,12.479053092203714,7
185,38,12,106,5,12.468362041882083,7
186,50,11,64,4,12.458410065026014,7
187,16,17,31,6,12.45702128320668,11
188,11,38,96,12,12.43376452627604,26
189,100,16,87,6,12.425189483620699,10
190,55,13,23,5,12.384564492570101,8
191,54,15,40,5,12.361220400588588,10
192,27,17,65,6,12.342991508598002,11
193,8,11,1,3,12.329208893104186,8
194,2,15,54,4,12.306524573726035,11
195,109,14,34,5,12.291212343288572,9
196,98,21,87,6,12.226369792030983,15
197,106,16,18,6,12.222089952192754,10
198,7,29,40,9,12.196365424116948,20
199,16,13,1,3,12.163423446439076,10
200,90,15,104,5,12.15736870976491,10
201,2,22,70,8,12.153236389251056,14
202,25,13,68,4,12.146371672247039,9
203,5,24,98,8,11.989855689002855,16
204,53,15,30,5,11.980494941115529,10
205,49,18,104,6,11.962718506463766,12
206,11,22,84,7,11.957437378814483,15
207,97,38,37,12,11.95034053539652,26
208,73,16,90,5,11.917606166791595,11
209,93,13,11,3,11.901577910299338,10
210,64,11,40,3,11.881688706602604,8
211,104,33,46,11,11.841714895705282,22
212,80,23,107,6,11.841425138580046,17
213,11,20,70,6,11.792116726498547,14
214,8,17,15,6,11.780660660956793,11
215,73,19,107,7,11.762643271727162,12
216,27,13,36,4,11.741567000670516,9
217,48,10,51,4,11.705725037939857,6
218,76,20,107,6,11.696253994184996,14
219,57,13,63,5,11.67022671873631,8
220,90,16,63,5,11.66300690274577,11
221,114,11,2,3,11.567668937733664,8
222,74,15,76,6,11.544600382799558,9
223,74,31,28,10,11.526159046117094,21
224,17,11,60,4,11.523239199910632,7
225,13,32,88,9,11.495121437316511,23
226,27,13,51,4,11.39954557151333,9
227,104,21,75,7,11.395733009824234,14
228,37,14,27,4,11.378309035824227,10
229,80,30,63,9,11.377551941304597,21
230,100,13,63,5,11.33209634222994,8
231,48,23,96,7,11.32304165734682,16
232,98,26,96,9,11.315795357847566,17
233,80,10,79,4,11.30670069299901,6
234,80,10,5,3,11.295210617596885,7
235,63,14,77,4,11.259828408243738,10
236,90,12,48,4,11.252381363492233,8
237,7,33,51,12,11.229621570713904,21
238,79,13,87,3,11.211504341364096,10
239,86,10,112,3,11.167307681837226,7
240,40,20,55,5,11.157682006395493,15
241,27,12,77,4,11.13773931409657,8
242,51,10,91,3,11.134030582434093,7
243,108,10,87,3,11.133663289740909,7
244,74,13,32,4,11.101664191982366,9
245,6,10,107,3,11.069549745970512,7
246,110,18,25,5,11.063714709672922,13
247,76,21,55,6,11.060383237071557,15
248,13,46,51,16,11.059972446868096,30
249,34,13,5,3,11.055394545543235,10
250,99,11,11,4,11.04788337752713,7
251,46,19,96,8,11.04431019266856,11
252,98,10,40,4,11.010186531894902,6
253,73,17,5,6,10.907383059794872,11
254,100,11,46,4,10.904685887838546,7
255,31,11,36,4,10.899944936597143,7
256,65,19,111,5,10.872429391692464,14
257,43,14,5,5,10.84111992153788,9
258,30,19,54,6,10.830949355612654,13
259,48,25,107,9,10.827629447931269,16
260,41,26,86,7,10.826191446306183,19
261,80,11,88,4,10.820834504420485,7
262,75,33,50,10,10.804883235233362,23
263,98,22,63,8,10.75970205191674,14
264,30,14,13,4,10.738595010557942,10
265,37,43,54,14,10.702102057687048,29
266,75,12,93,4,10.68974449521869,8
267,54,13,76,4,10.686858558117363,9
268,74,18,39,7,10.669346357467866,11
269,2,16,65,4,10.668339624865121,12
270,37,22,7,8,10.662936414000136,14
271,20,28,25,9,10.608185499490585,19
272,107,15,36,5,10.601447423507087,10
273,87,18,41,6,10.566422140881262,12
274,16,45,96,13,10.56639260365633,32
275,88,18,57,7,10.555628423294737,11
276,9,10,40,3,10.541358983254002,7
277,104,10,38,4,10.511918642412144,6
278,13,16,54,5,10.496105581783883,11
279,104,17,27,5,10.473446544405565,12
280,16,54,106,18,10.472281296528454,36
281,78,11,80,4,10.465715646953605,7
282,65,10,73,3,10.465374169823736,7
283,110,13,97,4,10.452372833112596,9
284,91,16,60,6,10.446238276389526,10
285,73,12,54,4,10.427247423602203,8
286,1,11,51,4,10.419908825636535,7
287,106,16,93,6,10.37915501513517,10
288,86,31,76,11,10.377958971749353,20
289,83,13,84,5,10.357457702755646,8
290,8,18,91,6,10.34860151027639,12
291,50,17,102,7,10.348240016843025,10
292,29,12,107,3,10.33521701845799,9
293,50,31,20,11,10.317789300027846,20
294,20,18,55,7,10.312518824176754,11
295,63,41,28,13,10.300883603096642,28
296,63,40,84,15,10.295594423044465,25
297,15,11,51,4,10.274901265855426,7
298,64,11,41,4,10.261662296711632,7
299,77,12,99,3,10.252199704478638,9
300,16,32,18,10,10.23181135834145,22
301,114,20,90,7,10.224251416414765,13
302,16,17,69,7,10.22264708174151,10
303,104,12,44,4,10.208907808787586,8
304,98,14,2,5,10.198603389321667,9
305,102,10,65,4,10.189199303308586,6
306,92,10,39,4,10.187295715481907,6
307,3,10,87,3,10.164373686804392,7
308,86,44,97,16,10.163469283868963,28
309,13,15,64,6,10.14593755739836,9
310,107,15,83,5,10.114574167697794,10
311,91,13,50,4,10.102561852065726,9
312,54,12,57,3,10.066024134547122,9
313,70,12,23,4,10.065986276416501,8
314,60,17,4,6,10.06428172641554,11
315,46,16,39,7,10.060214928117245,9
316,95,28,88,10,10.05476218784627,18
317,63,10,33,3,10.043388813579654,7
318,63,31,88,10,10.03619319350583,21
319,7,26,53,8,10.018382379827301,18
320,65,23,17,6,9.991394921788482,17
321,16,34,46,12,9.989350548671633,22
322,7,10,57,4,9.983551061766935,6
323,75,31,8,10,9.942334170394213,21
324,63,46,54,16,9.93150896527679,30
325,70,15,109,5,9.924354258384088,10
326,46,10,77,4,9.900782595186337,6
327,30,16,55,6,9.88523341372206,10
328,30,14,106,5,9.870728252110508,9
329,87,24,70,9,9.867797329951717,15
330,86,23,79,8,9.865377107457421,15
331,13,34,87,11,9.861346134072312,23
332,63,20,109,8,9.854767957937824,12
333,55,10,94,4,9.846979651390305,6
334,89,11,104,4,9.813989134763222,7
335,39,19,106,7,9.812135076375876,12
336,77,10,68,3,9.791067179218,7
337,37,24,83,9,9.783726366978417,15
338,7,10,56,4,9.769965949419092,6
339,15,13,65,4,9.727285822137503,9
340,13,35,39,14,9.691624444985925,21
341,76,11,39,3,9.681961570558546,8
342,87,14,53,6,9.64333255467204,8
343,88,32,104,10,9.627770386776227,22
344,99,14,8,6,9.61106559286031,8
345,86,15,35,6,9.604686839909265,9
346,62,11,8,3,9.593511144115352,8
347,63,24,91,8,9.581902382807373,16
348,2,21,106,8,9.573373481710446,13
349,90,13,39,5,9.529975909191753,8
350,13,20,31,7,9.526547029148857,13
351,107,10,10,4,9.504556938677329,6
352,37,22,99,7,9.502759058160713,15
353,95,21,18,8,9.461457865276858,13
354,100,10,95,4,9.449134938035408,6
355,32,11,63,4,9.44232166344675,7
356,83,14,74,6,9.43011849323839,8
357,114,10,110,3,9.422657787947912,7
358,68,24,51,8,9.41997434806425,16
359,37,41,63,14,9.417998111066987,27
360,13,28,106,9,9.411883629905006,19
361,76,20,50,6,9.400140024953476,14
362,86,16,1,6,9.39952495770026,10
363,71,12,37,5,9.38020830857434,7
364,63,23,76,7,9.35386164955796,16
365,51,22,74,7,9.344397651003662,15
366,51,13,33,3,9.326921984705281,10
367,108,15,51,6,9.306988990301447,9
368,90,13,80,4,9.306752684001106,9
369,2,13,55,5,9.306518823595622,8
370,114,15,96,5,9.304547518897671,10
371,108,14,63,5,9.298531248541144,9
372,2,29,107,10,9.295436230624016,19
373,91,17,20,7,9.292852528319253,10
374,65,35,88,12,9.28575231911853,23
375,30,22,107,7,9.281592879328237,15
376,74,14,62,5,9.256148160859697,9
377,74,24,70,10,9.249270082293563,14
378,17,12,63,4,9.24390740307754,8
379,75,20,54,7,9.239394701631351,13
380,46,21,106,9,9.198394638018083,12
381,77,16,18,5,9.198014169479123,11
382,18,10,97,4,9.196379494686322,6
383,98,13,84,4,9.18267526002018,9
384,16,35,91,11,9.182394894220272,24
385,5,27,84,10,9.167674877244863,17
386,50,43,5,17,9.156049369840707,26
387,29,13,87,4,9.14751084628353,9
388,7,18,96,5,9.132819640450865,13
389,77,11,87,4,9.123832889782783,7
390,23,17,76,6,9.122791190215523,11
391,86,19,18,6,9.102053817096145,13
392,110,10,39,3,9.085258579238133,7
393,95,34,8,13,9.079209474058969,21
394,86,31,39,13,9.07325733767357,18
395,62,13,71,4,9.064981661759585,9
396,30,13,91,4,9.047349511242516,9
397,70,11,64,4,9.0351175636301,7
398,109,25,55,11,9.015163892645331,14
399,102,17,87,6,8.972219911227105,11
400,37,10,108,4,8.970431804543574,6
401,28,11,32,4,8.963821007682872,7
402,55,11,98,3,8.95677359937087,8
403,76,11,2,3,8.951755335280877,8
404,11,12,80,4,8.941133144462878,8
405,54,10,68,4,8.93316534324945,6
406,104,14,84,6,8.932998314387538,8
407,11,10,91,3,8.923724837318142,7
408,70,17,57,8,8.906737604649802,9
409,107,20,35,6,8.885826294176168,14
410,8,24,114,8,8.87922638843428,16
411,47,10,39,4,8.876547255057023,6
412,28,16,17,6,8.863383779145725,10
413,73,12,98,4,8.853796300056942,8
414,40,20,37,8,8.849367605337227,12
415,69,12,50,4,8.84479304998475,8
416,16,20,36,7,8.842982308517254,13
417,90,14,13,5,8.836238677449446,9
418,37,25,38,9,8.83307113340101,16
419,88,45,28,16,8.831064240746565,29
420,44,11,13,4,8.828555491536155,7
421,62,13,87,4,8.793846456811252,9
422,11,14,57,6,8.783548700894539,8
423,69,17,86,6,8.7805890555138,11
424,79,11,106,4,8.777841617086459,7
425,71,12,63,5,8.768149712473138,7
426,20,13,98,4,8.754865726410022,9
427,7,14,91,4,8.747371182576538,10
428,16,16,108,6,8.735246502538358,10
429,100,20,86,9,8.69871264551417,11
430,30,11,90,4,8.695806027026102,7
431,68,13,30,5,8.686434216789552,8
432,7,26,36,10,8.683659851079694,16
433,11,34,37,12,8.643977561339529,22
434,30,12,70,6,8.628315532902242,6
435,32,11,114,4,8.619976183865209,7
436,8,55,87,20,8.598595479025969,35
437,90,22,50,8,8.598522697494,14
438,15,13,75,4,8.597300929966654,9
439,71,13,5,5,8.58837744258604,8
440,27,18,86,7,8.578635265192984,11
441,50,31,55,12,8.547249952830775,19
442,15,10,107,3,8.540362330799288,7
443,104,24,77,9,8.536042495877567,15
444,86,27,83,8,8.51226403433352,19
445,88,22,109,7,8.498634026474123,15
446,43,11,51,4,8.45253808884155,7
447,95,14,96,5,8.45037398259218,9
448,13,41,25,17,8.44596846540986,24
449,91,19,98,6,8.436895068807962,13
450,112,10,107,4,8.436220472698569,6
451,55,22,91,7,8.428118254814667,15
452,16,18,9,7,8.41202558922891,11
453,51,14,110,5,8.405376385205704,9
454,6,10,46,4,8.386722378353735,6
455,11,21,109,7,8.381649122235256,14
456,44,21,86,8,8.37774251716795,13
457,90,19,65,8,8.363720823360874,11
458,7,11,29,5,8.355468910469419,6
459,15,14,104,5,8.330235989560043,9
460,99,10,63,4,8.327283039780834,6
461,65,12,76,4,8.31287645900771,8
462,75,11,76,4,8.269580351796622,7
463,37,12,14,5,8.266467835075433,7
464,7,23,95,9,8.261452601437247,14
465,16,13,38,4,8.260657119668942,9
466,89,12,16,5,8.242329112388783,7
467,81,10,16,3,8.240523173362813,7
468,69,11,87,5,8.233960994375396,6
469,64,11,37,4,8.227838269840156,7
470,20,11,44,4,8.212958514210372,7
471,71,18,107,7,8.200499335406866,11
472,93,14,50,5,8.18736526783909,9
473,13,10,97,4,8.180332249171473,6
474,107,16,32,6,8.171074060984463,10
475,107,11,62,4,8.165070586638626,7
476,20,14,102,6,8.160756483849335,8
477,114,23,65,9,8.155133723424004,14
478,104,35,55,13,8.14798328327785,22
479,5,12,36,5,8.146458997643016,7
480,104,30,25,12,8.132792790875845,18
481,55,25,1,10,8.124364419745028,15
482,23,22,60,8,8.109764498932195,14
483,81,14,13,6,8.084856554509258,8
484,8,61,5,24,8.080732178020162,37
485,20,23,84,7,8.075470698309143,16
486,51,14,23,5,8.072235222238366,9
487,93,24,28,8,8.070916880531737,16
488,65,22,40,9,8.057401805718655,13
489,30,29,65,10,8.041267028087226,19
490,40,15,1,6,8.039759908453538,9
491,100,13,50,5,8.011252834481748,8
492,15,14,86,5,8.007884617525495,9
493,89,13,37,6,7.999447796068283,7
494,102,19,96,7,7.9956311609664965,12
495,104,17,17,7,7.988529600474542,10
496,65,23,5,9,7.973301349025733,14
497,102,10,91,4,7.970489437012806,6
498,86,10,56,4,7.95903686442131,6
499,97,14,84,4,7.932419590040102,10
500,28,13,36,6,7.8800289290868415,7
501,63,31,48,11,7.879517250797574,20
502,20,23,51,10,7.873291814736603,13
503,85,13,96,4,7.87177905722743,9
504,108,13,70,5,7.857262681865159,8
505,30,26,87,10,7.8530318896622715,16
506,107,18,108,6,7.8518673455312,12
507,13,18,77,7,7.849487187133511,11
508,95,21,55,8,7.84870978802165,13
509,104,18,11,7,7.839042780454144,11
510,48,20,79,8,7.777732866617034,12
511,109,14,60,6,7.773898798474325,8
512,37,49,25,20,7.755599308877524,29
513,40,13,30,5,7.733551605515391,8
514,34,13,55,6,7.723796086616038,7
515,7,16,71,6,7.720282156055403,10
516,46,13,70,5,7.705270409518369,8
517,48,22,87,8,7.698735978257642,14
518,5,32,11,12,7.687442157533876,20
519,90,28,106,10,7.670984333772028,18
520,86,24,48,9,7.668739325888133,15
521,70,12,91,5,7.6670664101078145,7
522,37,24,96,10,7.665844925696509,14
523,44,16,16,7,7.63510947214958,9
524,96,22,80,8,7.6325568595370585,14
525,15,10,87,4,7.629777802129095,6
526,16,27,71,9,7.616677174551033,18
527,51,18,96,7,7.611388504075612,11
528,104,25,60,8,7.608625351956834,17
529,20,15,90,6,7.5926874674698235,9
530,69,10,74,4,7.579248302946877,6
531,28,25,114,11,7.565049679539049,14
532,96,23,70,11,7.543405368906036,12
533,114,18,70,6,7.542200625865836,12
534,104,18,102,8,7.533956675469565,10
535,98,16,106,6,7.529459965554982,10
536,70,10,71,5,7.515715016674821,5
537,102,16,88,5,7.5023041010359375,11
538,86,10,94,4,7.492158076331634,6
539,74,13,48,6,7.488504403150373,7
540,86,68,51,29,7.465579029883816,39
541,17,16,55,7,7.461932340099582,9
542,63,11,18,4,7.446741563872577,7
543,25,45,46,19,7.439996628911812,26
544,91,13,18,5,7.416545148915923,8
545,7,29,18,12,7.408063107188986,17
546,37,41,46,14,7.398384968299374,27
547,16,21,84,9,7.387304706787613,12
548,34,15,74,5,7.367415754617591,10
549,109,13,46,5,7.363639283748701,8
550,25,38,106,14,7.361514789314747,24
551,100,15,74,6,7.347492137419622,9
552,72,12,16,5,7.333554822764275,7
553,97,18,104,8,7.327124557030449,10
554,102,31,86,11,7.3220305228245754,20
555,65,34,20,12,7.3208049230077705,22
556,88,11,89,4,7.3072534677857455,7
557,110,14,70,5,7.302453099036633,9
558,51,32,63,13,7.263042167084605,19
559,50,11,49,4,7.25744207771154,7
560,98,12,93,5,7.2513528092711335,7
561,41,12,50,4,7.250027884407811,8
562,8,17,110,6,7.2499619180163615,11
563,13,20,15,8,7.226944117697118,12
564,97,28,5,10,7.203089227401705,18
565,86,12,36,4,7.202246160214453,8
566,13,13,1,5,7.196521489296269,8
567,57,15,55,7,7.186289928876396,8
568,73,18,109,7,7.142307709742035,11
569,8,17,23,7,7.139182279975597,10
570,109,29,8,13,7.13726971466264,16
571,108,11,98,4,7.129820893009727,7
572,95,12,114,5,7.1214298671986604,7
573,32,13,87,5,7.113585901413377,8
574,16,19,64,7,7.112054053014951,12
575,63,12,79,4,7.1114844508040305,8
576,41,21,107,9,7.110693899279792,12
577,13,12,62,5,7.106261423982883,7
578,86,14,72,5,7.097565864195884,9
579,1,10,17,4,7.089282944121619,6
580,90,23,87,9,7.067717517445951,14
581,68,11,49,5,7.065794883611326,6
582,104,20,100,7,7.055063125494979,13
583,95,21,65,8,7.043830966280528,13
584,80,27,106,10,7.029777914575281,17
585,74,31,84,14,7.0251363399754485,17
586,16,12,93,5,7.007856526653325,7
587,9,16,50,6,6.998855361767971,10
588,62,15,5,6,6.992708759597391,9
589,6,10,106,4,6.989547350675936,6
590,11,13,17,5,6.984735524340635,8
591,50,15,18,7,6.975457853882176,8
592,40,21,107,8,6.968913559309364,13
593,8,19,9,9,6.958250440080998,10
594,60,14,54,5,6.945861068734532,9
595,86,58,88,25,6.933344505363015,33
596,44,10,87,4,6.930092376966648,6
597,41,15,91,5,6.893895997089626,10
598,98,32,86,13,6.8926235781685445,19
599,106,15,99,5,6.882359612487447,10
600,104,47,28,19,6.867595835363374,28
601,75,17,11,7,6.860129083231025,10
602,98,14,49,6,6.852175548516358,8
603,107,17,102,7,6.840789603969229,10
604,100,18,25,8,6.839947973125937,10
605,95,12,40,5,6.839500647000751,7
606,44,11,88,5,6.8383818341711695,6
607,39,23,88,8,6.795308081348258,15
608,8,39,46,17,6.790452136276324,22
609,70,15,98,5,6.782158452834323,10
610,88,27,70,10,6.779439228833638,17
611,97,30,96,13,6.762245122268197,17
612,40,15,36,5,6.7605038839505704,10
613,48,10,108,3,6.749808304712147,7
614,102,15,51,6,6.74947281728566,9
615,54,18,7,8,6.739912207637534,10
616,74,38,96,14,6.731828732252355,24
617,14,13,95,5,6.731405281187272,8
618,104,33,51,12,6.728840756540841,21
619,97,11,32,4,6.722008536715331,7
620,17,21,39,8,6.693454438922507,13
621,41,18,63,7,6.6886065005121305,11
622,29,10,37,4,6.680734619445758,6
623,7,24,27,10,6.66861907446479,14
624,95,21,50,9,6.657433489482592,12
625,83,11,71,5,6.656205380333864,6
626,63,14,102,6,6.6522226016193855,8
627,40,11,43,4,6.649724792712508,7
628,98,11,99,5,6.6450573588341655,6
629,16,14,35,5,6.642200850876746,9
630,25,48,5,19,6.626414170343125,29
631,7,16,97,6,6.624941571852624,10
632,95,13,109,5,6.624370660207742,8
633,8,27,84,10,6.62258104422981,17
634,33,19,107,8,6.618873691013778,11
635,7,14,50,6,6.597321772163716,8
636,83,17,64,7,6.597115059465707,10
637,65,27,96,11,6.593487230396348,16
638,28,33,70,13,6.5875803788420075,20
639,86,77,96,30,6.579835199705017,47
640,13,31,28,12,6.579014229200039,19
641,28,47,84,19,6.578685517540444,28
642,107,38,25,16,6.571735103090738,22
643,50,10,73,3,6.568577646848983,7
644,27,11,50,4,6.540575751678349,7
645,75,20,96,6,6.53962686497079,14
646,41,17,104,6,6.535227649895295,11
647,50,30,96,12,6.50669589608909,18
648,86,40,104,16,6.498243850038454,24
649,88,20,9,8,6.493878560267966,12
650,14,17,28,6,6.462988674713604,11
651,50,27,88,11,6.454854939095326,16
652,60,20,53,8,6.451987631407908,12
653,16,56,55,20,6.447187289417926,36
654,44,12,6,4,6.417958090399313,8
655,63,19,23,7,6.414686550201393,12
656,60,36,16,15,6.407450762342858,21
657,60,16,25,7,6.40548534704152,9
658,7,21,4,10,6.403037552956368,11
659,103,11,16,4,6.384231863654396,7
660,74,13,23,5,6.3699879675856135,8
661,73,22,74,8,6.357115716806277,14
662,37,16,100,6,6.343110325621272,10
663,11,20,98,9,6.338677652860182,11
664,8,15,98,6,6.332478639002671,9
665,28,24,2,9,6.327861304376497,15
666,95,15,75,6,6.30501186711362,9
667,7,17,17,6,6.280459848617262,11
668,8,22,57,8,6.276405634666305,14
669,57,18,102,8,6.264739678585861,10
670,60,19,75,7,6.262695797840887,12
671,16,25,68,9,6.2623712700163905,16
672,65,13,48,5,6.251292777097239,8
673,74,20,50,8,6.247739889991348,12
674,13,28,37,12,6.230409881481568,16
675,16,84,88,33,6.211543568516388,51
676,97,10,33,4,6.197569301394057,6
677,55,16,77,7,6.195572885542833,9
678,13,12,91,4,6.185960793246167,8
679,53,19,88,7,6.180336854796283,12
680,99,11,88,5,6.17703713379853,6
681,37,59,104,23,6.175700710267806,36
682,54,34,109,13,6.139125062485929,21
683,75,12,1,4,6.1372401761978495,8
684,96,22,90,8,6.131526760597793,14
685,55,24,97,9,6.128965912516967,15
686,102,23,54,9,6.120079150891424,14
687,93,16,86,6,6.1080887829358055,10
688,55,10,79,4,6.105260957218084,6
689,68,12,5,5,6.084537265067714,7
690,20,44,5,17,6.084413199436967,27
691,100,12,13,5,6.068988765220787,7
692,30,19,60,6,6.068101421901045,13
693,51,12,97,5,6.067344814895203,7
694,29,11,55,4,6.0636297407404705,7
695,91,10,90,4,6.057465510076112,6
696,33,15,20,6,6.052404113154946,9
697,31,15,68,6,6.046213480858748,9
698,8,16,32,7,6.041444852098721,9
699,37,10,1,5,6.037547835973022,5
700,41,16,37,6,6.029295619076081,10
701,20,13,41,5,6.02906816064692,8
702,99,10,17,4,6.0116233289389776,6
703,39,24,50,10,6.010792416092778,14
704,40,11,75,4,6.006938010180454,7
705,25,24,54,10,5.984288858689808,14
706,106,14,53,6,5.964662256693667,8
707,41,10,1,3,5.936713931085728,7
708,107,18,109,6,5.926400579794741,12
709,40,18,104,7,5.9242009395670685,11
710,93,16,25,7,5.904464695396421,9
711,60,14,96,4,5.900809515031541,10
712,49,11,60,4,5.889051777859123,7
713,74,10,77,4,5.876462992127559,6
714,71,15,87,7,5.838621100274335,8
715,46,12,90,5,5.830565699084015,7
716,91,19,25,8,5.828763319756676,11
717,107,15,77,6,5.828375450935681,9
718,40,16,5,7,5.820527251695649,9
719,70,39,5,17,5.812017017327767,22
720,74,28,55,12,5.797157459674129,16
721,100,12,7,5,5.7924077855668585,7
722,30,17,71,7,5.790918228794656,10
723,23,11,39,5,5.780994499014116,6
724,37,20,110,9,5.74878628902198,11
725,46,42,54,17,5.7427950319383285,25
726,88,20,68,8,5.740047798156635,12
727,54,53,70,22,5.727675523088418,31
728,87,35,20,15,5.726562552686569,20
729,84,12,9,5,5.723245457590759,7
730,13,23,18,10,5.710219551499986,13
731,50,13,48,5,5.7070179051031635,8
732,80,22,55,10,5.702005440074988,12
733,100,14,18,6,5.697684011266831,8
734,39,21,107,10,5.695101778176521,11
735,46,25,75,10,5.691502289376633,15
736,106,12,57,6,5.685749140437754,6
737,102,10,95,4,5.685319962340818,6
738,87,15,64,6,5.672577041378895,9
739,94,10,25,5,5.671887186214519,5
740,16,31,99,13,5.665818337043021,18
741,54,11,82,4,5.664278302313932,7
742,55,11,35,5,5.650743870496083,6
743,2,38,50,16,5.650047560448173,22
744,73,24,8,10,5.645022963800572,14
745,5,20,17,7,5.625033929201379,13
746,114,43,5,18,5.610879096822169,25
747,108,14,88,6,5.608453698027056,8
748,7,38,88,16,5.603543983371071,22
749,4,13,17,5,5.601009834999203,8
750,80,11,48,4,5.594209169092441,7
751,97,25,107,12,5.575264944397934,13
752,55,27,63,12,5.56831553028517,15
753,87,22,93,9,5.565802071262539,13
754,63,11,10,4,5.56040496031845,7
755,76,14,102,6,5.556814882908007,8
756,8,41,25,16,5.550067480025434,25
757,86,14,77,5,5.538347201505088,9
758,65,18,9,8,5.526330723616251,10
759,33,14,102,6,5.525239013163607,8
760,95,19,83,7,5.510188596504647,12
761,28,27,18,11,5.501828238454591,16
762,23,21,87,9,5.477767310408314,12
763,74,34,46,13,5.475304789089528,21
764,41,19,18,8,5.469715304569553,11
765,109,21,16,9,5.461892685468702,12
766,50,10,112,4,5.456291047139746,6
767,64,16,39,7,5.452480934197579,9
768,60,10,28,5,5.435614604566067,5
769,32,16,104,6,5.4353295484317545,10
770,51,31,65,12,5.4258684031681605,19
771,30,10,7,3,5.416410719823541,7
772,83,10,50,5,5.416126776091855,5
773,51,15,83,5,5.415397349279681,10
774,96,10,67,5,5.408732724512927,5
775,63,25,2,11,5.395919280999036,14
776,36,19,55,8,5.38704555614748,11
777,84,19,39,8,5.386084146529571,11
778,65,26,93,12,5.367004650543753,14
779,104,26,63,11,5.355601218480844,15
780,87,16,9,7,5.353624653601196,9
781,16,78,51,34,5.347352516379422,44
782,100,22,107,11,5.3426551667188305,11
783,102,30,25,13,5.32886134482215,17
784,80,20,65,8,5.32370729957773,12
785,88,13,35,5,5.305527424977248,8
786,17,17,20,7,5.256441987432858,10
787,53,14,86,7,5.240184571722175,7
788,37,49,50,22,5.228576286593012,27
789,16,59,107,23,5.208591635424401,36
790,107,19,27,7,5.200896691974087,12
791,55,13,108,6,5.197810339207508,7
792,53,13,95,6,5.178119050614186,7
793,67,12,5,5,5.159840528973067,7
794,38,13,8,5,5.158625539766783,8
795,16,46,37,19,5.156319944125245,27
796,37,20,23,9,5.153587203140157,11
797,40,22,88,10,5.153144377885406,12
798,86,22,73,10,5.151945844046346,12
799,14,13,54,4,5.139758720068028,9
800,54,13,18,6,5.134256509712103,7
801,58,11,107,4,5.121507570465872,7
802,77,15,4,6,5.119767617788873,9
803,55,22,70,9,5.1032220329288345,13
804,41,21,39,9,5.102555963921199,12
805,11,30,54,13,5.089658806379616,17
806,99,16,36,6,5.086907679142809,10
807,23,30,7,13,5.073226990787421,17
808,106,45,5,18,5.052056869360905,27
809,86,26,80,12,5.05164493959972,14
810,106,19,41,9,5.042635492748387,10
811,15,19,5,7,5.0418557472432015,12
812,16,20,27,7,5.038848117395627,13
813,76,13,95,5,5.029825996184284,8
814,50,41,107,18,5.024688355903744,23
815,65,24,68,10,5.015059607870097,14
816,93,26,5,10,5.004460526821323,16
817,17,14,109,6,5.001708621140783,8
818,86,11,111,5,4.988071380487679,6
819,37,71,86,31,4.984756436647984,40
820,27,13,25,6,4.983545927288363,7
821,55,47,5,20,4.968791694509535,27
822,18,16,75,7,4.9604667534045275,9
823,53,20,65,10,4.958594062169171,10
824,91,19,88,8,4.953605826347504,11
825,55,13,53,5,4.932477625900763,8
826,37,52,106,24,4.929607997592941,28
827,78,10,87,5,4.928933903600315,5
828,96,29,25,13,4.925630164170213,16
829,38,12,5,5,4.92351943090761,7
830,13,28,23,14,4.922091816490076,14
831,41,13,68,6,4.915678587029404,7
832,34,10,7,4,4.8999742789281955,6
833,28,13,62,5,4.8955044879359315,8
834,65,36,41,14,4.893988454274595,22
835,83,39,5,18,4.890865835189014,21
836,39,55,51,24,4.888723760085988,31
837,8,12,3,7,4.88781937501622,5
838,100,13,114,5,4.886489949545645,8
839,110,11,104,4,4.886003470603164,7
840,28,33,97,13,4.884868668188755,20
841,25,30,88,11,4.873935976327288,19
842,8,52,63,23,4.864260653101078,29
843,63,30,20,14,4.86232561538827,16
844,8,20,100,8,4.860106370787934,12
845,38,13,84,6,4.854976710780188,7
846,71,20,39,9,4.853422342910106,11
847,63,32,50,13,4.851166505601919,19
848,51,20,41,8,4.841581156440148,12
849,5,30,51,11,4.841333405150811,19
850,13,22,95,9,4.839189119607627,13
851,31,12,65,6,4.83400705862199,6
852,97,17,17,8,4.833173263702722,9
853,39,15,83,6,4.8326399553033035,9
854,8,15,67,6,4.831909846155583,9
855,37,37,70,15,4.817822919278334,22
856,75,18,87,7,4.814941727585257,11
857,65,15,36,6,4.809640197868619,9
858,65,12,6,5,4.808783095927869,7
859,96,13,108,6,4.805162668071275,7
860,87,38,39,16,4.796337577701307,22
861,102,19,16,9,4.795025141717224,10
862,23,15,28,7,4.791243131318297,8
863,100,21,5,9,4.790180113588851,12
864,32,24,5,10,4.788591776396215,14
865,99,22,60,10,4.788512200740043,12
866,76,33,5,14,4.788314400539968,19
867,9,12,5,5,4.777710715122403,7
868,28,51,54,21,4.774713175137818,30
869,41,12,75,5,4.773721870700078,7
870,46,16,65,6,4.770389277379545,10
871,20,56,54,26,4.770199196047598,30
872,75,36,37,13,4.761783492346941,23
873,104,37,50,15,4.760473941886916,22
874,84,13,95,5,4.755677362807473,8
875,90,30,5,12,4.752640516818983,18
876,16,62,87,28,4.747118995402613,34
877,25,16,77,7,4.745845616411638,9
878,110,12,16,5,4.744361952221326,7
879,73,11,88,4,4.740966849993722,7
880,57,11,84,4,4.735926438073418,7
881,50,65,28,28,4.73524581768419,37
882,27,23,88,12,4.733506817611588,11
883,60,28,86,12,4.727635165947746,16
884,100,10,23,5,4.7250378008475105,5
885,106,11,43,5,4.722121789568363,6
886,51,17,99,8,4.721255445811637,9
887,7,40,65,20,4.719220140525665,20
888,74,51,106,22,4.718099800964195,29
889,92,21,88,8,4.717675433437501,13
890,86,40,75,19,4.704179194238295,21
891,20,19,35,8,4.681781057889634,11
892,88,57,5,25,4.645874302248228,32
893,23,10,111,5,4.637926760289516,5
894,75,12,49,5,4.624753097044053,7
895,96,13,34,5,4.620609194568736,8
896,28,43,109,17,4.618123280961818,26
897,54,43,106,20,4.613394421834746,23
898,7,53,86,21,4.6128631646651,32
899,77,13,95,6,4.60149322445291,7
900,25,15,33,5,4.583917339891116,10
901,13,24,53,10,4.5814907599330095,14
902,54,29,90,13,4.579893896725855,16
903,107,11,111,5,4.57369050327888,6
904,99,14,95,6,4.572737764013027,8
905,17,23,107,10,4.556628194816711,13
906,109,13,67,7,4.5540965230597985,6
907,111,19,16,9,4.547702363564985,10
908,25,10,3,5,4.546247932856725,5
909,20,43,28,18,4.544189476783367,25
910,87,57,37,24,4.5398331565645655,33
911,8,24,102,11,4.537070383836359,13
912,54,22,97,10,4.535944223800904,12
913,87,17,40,7,4.52617400544544,10
914,86,13,108,6,4.5258078770363745,7
915,83,21,87,10,4.5238867039340604,11
916,79,12,8,4,4.5233682313953745,8
917,16,13,14,6,4.510342602500319,7
918,60,30,71,14,4.505888233555722,16
919,93,15,37,6,4.493445665639034,9
920,91,10,57,5,4.468260927215541,5
921,37,18,32,8,4.466542082918521,10
922,85,11,107,5,4.45820125427633,6
923,40,25,51,11,4.416616133168666,14
924,36,10,18,4,4.401137892231646,6
925,63,38,96,15,4.376849709142971,23
926,86,113,5,48,4.357059130864303,65
927,34,12,84,6,4.355418008053165,6
928,46,17,17,8,4.350816122366196,9
929,41,20,25,7,4.342470395791372,13
930,86,20,82,8,4.3319380690325975,12
931,102,22,114,9,4.331076584650545,13
932,16,21,100,9,4.330573675976946,12
933,84,33,106,16,4.328019467626489,17
934,30,20,88,9,4.322600096754096,11
935,6,11,27,5,4.320589105702404,6
936,51,10,36,5,4.3198623209408025,5
937,9,15,63,6,4.307570480889334,9
938,93,23,54,9,4.307251305123911,14
939,74,26,13,11,4.306038187470952,15
940,76,24,87,10,4.304022266566311,14
941,37,38,55,18,4.301606273781788,20
942,7,16,63,8,4.29076125033182,8
943,74,34,63,15,4.284478405701852,19
944,75,24,25,10,4.277372987760686,14
945,114,10,84,4,4.276636908378796,6
946,40,16,50,6,4.260254553301022,10
947,20,35,96,15,4.25759458795479,20
948,25,14,64,6,4.2567930582596185,8
949,107,46,20,21,4.2524996136942805,25
950,30,11,84,4,4.231660063143016,7
951,16,38,50,16,4.228613851151322,22
952,71,15,25,7,4.22821184042616,8
953,88,31,37,13,4.224270631924043,18
954,70,13,41,6,4.21760048461706,7
955,104,43,65,19,4.2008122656930995,24
956,25,21,40,9,4.184511628636794,12
957,28,29,75,12,4.173159235209232,17
958,13,25,8,11,4.169454652002989,14
959,87,40,28,18,4.161796757953555,22
960,27,10,8,5,4.15725246142287,5
961,71,14,106,6,4.156896719734133,8
962,60,20,95,8,4.156384552080203,12
963,5,14,60,6,4.1550252161435335,8
964,97,14,40,6,4.152756271979643,8
965,74,11,33,5,4.152065435529706,6
966,30,22,8,9,4.150524980229852,13
967,20,13,73,5,4.146065391689569,8
968,7,15,98,6,4.1415486338363054,9
969,71,16,13,7,4.141509484690016,9
970,75,40,16,17,4.136606569502713,23
971,86,13,67,6,4.131604740801435,7
972,12,17,65,7,4.1244499138770685,10
973,15,13,7,6,4.117095636679336,7
974,54,50,88,23,4.114397061908053,27
975,13,35,40,15,4.103184785483473,20
976,87,26,25,12,4.102463690405524,14
977,44,15,63,7,4.10127313865578,8
978,83,20,93,9,4.100880722204593,11
979,30,34,16,14,4.084532797345256,20
980,55,31,54,14,4.07249295432044,17
981,96,53,54,25,4.068141273301063,28
982,83,14,46,7,4.055902658620626,7
983,50,30,8,15,4.0537983612302835,15
984,60,14,41,6,4.0497535460972305,8
985,11,13,79,7,4.047561716338114,6
986,55,36,28,14,4.038052587834734,22
987,35,13,28,6,4.036665461709038,7
988,37,44,74,20,4.033137310869005,24
989,75,34,107,13,4.020326517107878,21
990,90,11,33,4,4.003292593732325,7
991,27,18,39,10,3.9885890078162407,8
992,14,11,13,4,3.98325425585621,7
993,37,12,69,5,3.9709549460906977,7
994,74,24,93,11,3.9601017688790825,13
995,15,19,88,8,3.957478381988093,11
996,28,12,111,5,3.945242479309322,7
997,80,10,97,4,3.9365866928471034,6
998,102,10,83,4,3.9358085201394095,6
999,16,64,7,30,3.933868958332119,34
1000,5,28,2,12,3.923277825320168,16
1001,97,11,10,6,3.9207678088340034,5
1002,102,26,37,11,3.9015784283610255,15
1003,86,11,81,4,3.9006647647945574,7
1004,54,37,51,17,3.900510354202893,20
1005,95,16,23,8,3.8860544765791154,8
1006,96,24,104,10,3.8706241075776626,14
1007,83,24,65,11,3.8650312387760812,13
1008,106,21,75,11,3.8605003548235586,10
1009,83,27,8,13,3.8382150032056903,14
1010,25,23,51,10,3.8366454931777065,13
1011,11,60,86,27,3.8353485548947646,33
1012,114,30,86,12,3.832111347835939,18
1013,30,19,28,8,3.8298077885882966,11
1014,65,18,71,8,3.8280549628414366,10
1015,98,18,76,7,3.8277911803923965,11
1016,110,16,5,7,3.8138584796050923,9
1017,64,14,88,6,3.8105053234380315,8
1018,71,11,68,5,3.8071954572931124,6
1019,74,74,86,34,3.8065457844621924,40
1020,75,14,9,8,3.7936903299709526,6
1021,31,11,18,4,3.7918067318061977,7
1022,77,11,39,5,3.791378785799657,6
1023,80,10,71,5,3.791264767099546,5
1024,114,24,16,12,3.7867404841059336,12
1025,107,45,104,19,3.756641135498072,26
1026,95,18,46,7,3.756541538400943,11
1027,54,32,95,15,3.7552584847129173,17
1028,9,12,107,4,3.7501912059519076,8
1029,97,16,76,8,3.7370860130894332,8
1030,87,39,65,17,3.735323383196724,22
1031,16,19,80,9,3.7348635267747627,10
1032,6,10,87,4,3.7330820078347076,6
1033,68,12,1,5,3.732628962928787,7
1034,97,21,8,10,3.7245036436776515,11
1035,95,25,107,12,3.721321768434082,13
1036,74,59,5,27,3.7150397399954445,32
1037,28,28,102,13,3.6997830630198973,15
1038,89,14,50,7,3.697778125616005,7
1039,16,48,54,21,3.695210707305646,27
1040,7,28,55,13,3.694619767331749,15
1041,75,15,30,7,3.6896953532209826,8
1042,46,20,84,8,3.686829488531013,12
1043,55,41,11,16,3.6751670322630696,25
1044,8,53,96,23,3.6687416252473026,30
1045,20,31,106,13,3.6670765571458195,18
1046,79,10,88,4,3.6658466896877484,6
1047,62,10,50,4,3.6657345895143245,6
1048,39,29,60,13,3.6454651269449805,16
1049,30,20,37,8,3.640395609700316,12
1050,4,12,16,5,3.6304445783049495,7
1051,2,18,88,8,3.6220576195763163,10
1052,50,14,30,6,3.615631638334466,8
1053,91,26,86,11,3.613221536376561,15
1054,13,24,50,10,3.6058666646899353,14
1055,48,11,39,5,3.594601769104413,6
1056,28,19,98,7,3.593034409386323,12
1057,97,10,95,4,3.58943247133478,6
1058,53,23,18,11,3.588729836514642,12
1059,63,28,39,11,3.5868034831779694,17
1060,70,10,69,4,3.577006655469959,6
1061,13,34,46,15,3.5724338202223356,19
1062,97,25,63,11,3.5596414004116443,14
1063,13,17,11,7,3.5480218115850195,10
1064,104,16,68,7,3.544595354099001,9
1065,87,10,110,4,3.5295519129657293,6
1066,65,41,107,18,3.5236677042176723,23
1067,25,33,65,14,3.5115873311153147,19
1068,20,21,46,8,3.51090539647306,13
1069,91,15,84,7,3.506943767095505,8
1070,104,30,54,14,3.494678026548527,16
1071,109,14,65,5,3.4929763691198916,9
1072,39,29,49,12,3.482221210670831,17
1073,70,28,65,11,3.478419403846195,17
1074,53,21,51,10,3.474733130583958,11
1075,13,27,75,12,3.4740651410533627,15
1076,33,10,7,5,3.461965742090353,5
1077,16,63,8,28,3.460200287173046,35
1078,33,23,5,11,3.454327509177194,12
1079,28,22,7,10,3.452088725085167,12
1080,53,17,64,8,3.448090735888575,9
1081,97,15,57,7,3.4435443466893796,8
1082,75,10,102,4,3.4391155267314995,6
1083,33,12,13,5,3.438502427413771,7
1084,87,25,109,10,3.438248375396607,15
1085,13,19,17,8,3.4218843529498777,11
1086,16,44,13,19,3.4201404408600102,25
1087,86,17,32,8,3.4193017987895304,9
1088,51,16,30,8,3.4104953848850323,8
1089,75,25,71,10,3.3995010157384034,15
1090,40,17,68,8,3.3908693707776685,9
1091,80,16,37,7,3.388891253141482,9
1092,4,25,13,10,3.36994043772605,15
1093,16,21,62,9,3.365085356146172,12
1094,14,22,8,9,3.3634201583462158,13
1095,20,10,9,4,3.353443346624384,6
1096,65,13,29,7,3.349876988639922,6
1097,75,13,33,5,3.342736023465548,8
1098,16,10,45,4,3.339755666160267,6
1099,13,29,68,13,3.330346720166865,16
1100,70,17,97,8,3.3275523495851074,9
1101,7,18,31,8,3.3145366369343217,10
1102,75,17,23,8,3.3075495966730815,9
1103,70,16,95,8,3.3075112398485507,8
1104,74,18,109,7,3.304665096761529,11
1105,4,10,18,4,3.3032826745965735,6
1106,71,10,50,4,3.300812706273156,6
1107,114,13,67,6,3.2746706512348434,7
1108,86,72,84,36,3.2610166651310086,36
1109,13,34,60,15,3.2577958806801717,19
1110,30,10,63,4,3.254074696673354,6
1111,11,25,20,10,3.2452743370759327,15
1112,85,14,54,6,3.2397539807116327,8
1113,14,11,88,5,3.2206098277423347,6
1114,25,16,18,6,3.21981452522341,10
1115,99,15,30,7,3.2133273586495648,8
1116,7,38,60,20,3.206409889282106,18
1117,86,70,8,33,3.1963852247420705,37
1118,86,59,25,28,3.1954658339631274,31
1119,86,69,54,32,3.1888799872804534,37
1120,99,24,13,11,3.1869164042235205,13
1121,9,19,86,8,3.184061740151892,11
1122,57,11,41,4,3.1749646912296132,7
1123,90,14,74,5,3.1680613510289204,9
1124,13,52,7,24,3.1521353683738784,28
1125,95,22,106,9,3.1374807998128023,13
1126,80,23,54,11,3.1299020659812844,12
1127,88,17,1,8,3.129185086185112,9
1128,15,11,54,5,3.125295121676584,6
1129,52,11,16,5,3.1090472473690998,6
1130,64,16,86,7,3.106297132113329,9
1131,93,11,109,5,3.105851166548928,6
1132,65,12,44,6,3.103105872794513,6
1133,99,14,68,6,3.1001036150844663,8
1134,17,22,54,11,3.092931167491581,11
1135,28,27,91,12,3.0909280045200784,15
1136,49,15,7,6,3.077115574283794,9
1137,48,14,55,6,3.06362691776684,8
1138,96,28,88,14,3.0532343196114033,14
1139,86,71,107,34,3.04857975208806,37
1140,23,11,104,4,3.0484914587139618,7
1141,114,15,75,7,3.0477574182711247,8
1142,38,13,96,6,3.0422152322461717,7
1143,84,21,48,9,3.0347277834877127,12
1144,75,26,63,12,3.0306179578107497,14
1145,75,15,84,7,3.030584614121957,8
1146,8,33,39,16,3.028875288162882,17
1147,87,30,104,15,3.0187790494931863,15
1148,104,59,5,28,2.9970663239960817,31
1149,97,12,102,5,2.9943230050472285,7
1150,106,49,63,23,2.9941725427271724,26
1151,12,12,51,5,2.990924571538882,7
1152,13,15,63,6,2.9904556427756623,9
1153,16,21,40,10,2.9901244577525667,11
1154,10,12,84,5,2.980259678929738,7
1155,15,11,95,5,2.9708859793353697,6
1156,13,14,43,6,2.968373544421054,8
1157,104,22,83,9,2.957808958542738,13
1158,102,18,74,8,2.9546185397660167,10
1159,108,12,50,5,2.950628355195833,7
1160,86,28,17,14,2.94742778634219,14
1161,20,18,95,8,2.944277541841498,10
1162,18,11,40,5,2.929054007959597,6
1163,99,15,65,7,2.9253489592007305,8
1164,97,12,98,5,2.9183345258744944,7
1165,11,30,88,14,2.9177725470173828,16
1166,7,16,64,8,2.9123205739156903,8
1167,14,15,51,6,2.907372171253044,9
1168,91,19,37,9,2.9050960547005245,10
1169,16,22,17,9,2.869944125440124,13
1170,95,41,16,20,2.850256655932001,21
1171,87,21,57,9,2.842460195115372,12
1172,86,41,46,18,2.830781053281954,23
1173,63,12,34,5,2.8100003290876803,7
1174,75,22,74,9,2.809934258633539,13
1175,99,15,41,7,2.8081672918617278,8
1176,104,16,18,7,2.8046551455186632,9
1177,79,15,50,6,2.7998338113931376,9
1178,88,10,6,4,2.7938858775082784,6
1179,20,45,37,21,2.7863088238660265,24
1180,107,38,7,16,2.783775823935713,22
1181,8,36,104,17,2.7794749735414084,19
1182,25,17,53,8,2.774786838502582,9
1183,5,11,10,6,2.7716738654503197,5
1184,106,28,51,13,2.7648760215311223,15
1185,14,15,11,6,2.753683750814255,9
1186,25,18,55,8,2.7487856444546024,10
1187,20,15,30,7,2.7449376883217553,8
1188,14,16,84,7,2.744202009506242,9
1189,13,42,86,18,2.7241966019924346,24
1190,39,20,68,10,2.716508058724645,10
1191,43,10,39,4,2.692573091515764,6
1192,18,17,88,7,2.6808391222455255,10
1193,71,27,8,13,2.6791944013625146,14
1194,65,25,60,10,2.66995121147518,15
1195,49,30,88,14,2.668419603969371,16
1196,51,11,31,4,2.661986132637874,7
1197,74,13,91,6,2.658254293210725,7
1198,28,36,25,15,2.6530805265031128,21
1199,109,47,5,23,2.651945214364779,24
1200,65,55,86,25,2.6449684745231776,30
1201,16,60,5,25,2.6435184456824317,35
1202,76,26,104,12,2.640434575214534,14
1203,109,11,13,5,2.6318006145991983,6
1204,36,11,75,5,2.6199658175530485,6
1205,34,10,76,5,2.615955033214912,5
1206,30,36,86,16,2.604988398458736,20
1207,39,23,5,11,2.5977698137373055,12
1208,104,12,80,6,2.5977540631792615,6
1209,23,12,68,6,2.5867463686621477,6
1210,107,13,68,5,2.571344325723367,8
1211,80,24,28,11,2.5705556034476817,13
1212,7,12,11,6,2.569451739277442,6
1213,11,10,69,4,2.569037957161563,6
1214,88,14,43,7,2.560908485800628,7
1215,83,10,63,6,2.557624644664858,4
1216,63,15,95,7,2.557509411427886,8
1217,86,14,14,7,2.5565201304900333,7
1218,54,21,114,11,2.5423821876282777,10
1219,7,12,46,5,2.529405347030781,7
1220,76,15,109,6,2.5285469015591207,9
1221,36,14,87,7,2.5281752879458814,7
1222,107,18,38,8,2.5216665848696533,10
1223,51,30,46,12,2.5160980050649258,18
1224,55,21,90,11,2.5152743292271547,10
1225,108,10,13,4,2.5134195464085143,6
1226,107,55,37,25,2.511119120051266,30
1227,37,18,109,8,2.501013404341532,10
1228,11,20,48,9,2.499763597895506,11
1229,23,26,107,12,2.494290004886282,14
1230,60,12,18,5,2.489438198061326,7
1231,51,28,17,12,2.4842837769178345,16
1232,8,39,20,18,2.4774464429650913,21
1233,8,38,51,18,2.4628496026875637,20
1234,54,14,49,7,2.454208065190866,7
1235,46,48,5,21,2.452279517290662,27
1236,18,21,39,10,2.449709990874039,11
1237,32,10,50,6,2.444054190716271,4
1238,104,48,16,23,2.442145888045198,25
1239,8,29,65,14,2.4386655960736667,15
1240,20,17,97,8,2.4355837212433697,9
1241,87,21,99,9,2.4324110326808843,12
1242,91,22,107,10,2.42409916831482,12
1243,109,11,99,5,2.4195174025010595,6
1244,86,11,4,5,2.4130242941982507,6
1245,81,10,88,5,2.411097045225808,5
1246,87,39,50,19,2.4090424159296533,20
1247,110,13,86,6,2.4084031140746345,7
1248,97,30,74,14,2.407418393961558,16
1249,25,17,70,8,2.405943954843893,9
1250,17,22,50,11,2.403392331478126,11
1251,99,19,86,8,2.400382898068694,11
1252,25,27,97,12,2.4001130715079033,15
1253,93,14,84,6,2.3958694367553783,8
1254,70,22,51,11,2.394448723174668,11
1255,20,20,109,8,2.3908375286297607,12
1256,51,16,109,6,2.385243901128958,10
1257,55,37,106,16,2.381056579834337,21
1258,15,20,25,8,2.380758889536655,12
1259,104,33,95,15,2.37695990686575,18
1260,41,28,7,13,2.376775752449967,15
1261,99,23,5,11,2.3616219022642833,12
1262,48,14,109,6,2.3615030071790217,8
1263,86,87,87,43,2.353928948305111,44
1264,114,14,46,6,2.345233267827878,8
1265,33,12,11,7,2.336303729576231,5
1266,41,26,16,12,2.3352287925306534,14
1267,37,11,43,4,2.332605420766109,7
1268,50,25,51,12,2.3323232012179402,13
1269,107,30,70,14,2.3257523274084737,16
1270,86,20,38,9,2.317394772106249,11
1271,106,36,96,16,2.2984565902488905,20
1272,90,29,16,12,2.2849821824969307,17
1273,20,14,13,7,2.282975221459528,7
1274,51,23,18,10,2.279914851691796,13
1275,36,16,60,8,2.276452922140439,8
1276,28,66,96,31,2.267406944603933,35
1277,75,10,108,5,2.265770458776132,5
1278,46,34,28,14,2.2549666124967906,20
1279,86,40,90,18,2.2520097652852837,22
1280,16,21,15,9,2.2411165435882596,12
1281,76,23,8,11,2.22939302069529,12
1282,54,54,107,25,2.2276425220621676,29
1283,106,37,50,16,2.225933629118433,21
1284,28,16,100,7,2.2255414738387724,9
1285,28,10,3,4,2.2170154466950467,6
1286,86,28,2,14,2.2092021993038244,14
1287,37,24,84,11,2.201223464549896,13
1288,77,14,65,7,2.2011849181716925,7
1289,8,23,48,10,2.2004165749645987,13
1290,107,43,55,20,2.194044985473453,23
1291,96,11,14,5,2.19268862994012,6
1292,8,64,74,28,2.186622040651489,36
1293,91,14,68,6,2.174225836806776,8
1294,51,14,98,6,2.1722912157052283,8
1295,16,47,63,22,2.1668391821082813,25
1296,111,20,55,9,2.1630144850271353,11
1297,64,10,75,5,2.161929685109979,5
1298,23,10,29,5,2.1610971150686167,5
1299,28,10,40,5,2.155370208616526,5
1300,46,17,63,9,2.154361145113281,8
1301,2,19,87,9,2.150541163273267,10
1302,109,16,50,8,2.1420450648202105,8
1303,73,14,106,7,2.139958358931589,7
1304,70,13,93,6,2.134945244153538,7
1305,8,15,33,6,2.129402754491363,9
1306,41,10,89,5,2.124994842096453,5
1307,87,63,107,30,2.122679957664317,33
1308,25,15,84,7,2.1183956865956017,8
1309,48,13,30,7,2.114145406665778,6
1310,60,29,55,13,2.1137308896417215,16
1311,8,64,88,30,2.1113656393261833,34
1312,87,36,63,18,2.11057231546335,18
1313,13,28,107,14,2.105753512399432,14
1314,28,62,5,30,2.1003743399505708,32
1315,77,39,60,18,2.09573583998731,21
1316,91,15,75,10,2.0918744194384895,5
1317,40,10,106,5,2.0918702037357386,5
1318,8,14,18,7,2.089050009065866,7
1319,75,12,109,5,2.086370884794744,7
1320,82,10,63,5,2.077975861296688,5
1321,8,16,7,8,2.0759524100352413,8
1322,57,15,46,7,2.0747037466091505,8
1323,50,26,25,13,2.0720055901853556,13
1324,16,21,98,10,2.0672287007178305,11
1325,97,30,106,15,2.0644256996528543,15
1326,88,26,75,13,2.048743448775826,13
1327,90,24,60,10,2.0397275719261816,14
1328,99,16,15,7,2.0375168850995924,9
1329,13,14,70,6,2.032328222536006,8
1330,55,12,73,6,2.0248295643907164,6
1331,76,23,70,11,2.0205668013908826,12
1332,8,36,90,16,2.0194647820717804,20
1333,33,10,99,5,1.9995697947435775,5
1334,46,38,11,17,1.9985912350445674,21
1335,84,10,35,5,1.9965083140622215,5
1336,107,53,63,27,1.992318042895758,26
1337,75,23,68,12,1.9869107593751973,11
1338,16,82,86,37,1.974675720559085,45
1339,2,12,75,5,1.9694128550530172,7
1340,106,19,17,8,1.9601546930788782,11
1341,13,50,55,23,1.9539400479817817,27
1342,25,10,43,3,1.9520645077419574,7
1343,9,27,7,11,1.9519882942010371,16
1344,18,13,107,6,1.9518147572420157,7
1345,98,22,107,10,1.9482886679818217,12
1346,106,34,70,15,1.9471218681408475,19
1347,64,10,104,4,1.9410731528407534,6
1348,25,15,57,7,1.9367936004868358,8
1349,87,30,84,14,1.9310332903828065,16
1350,112,10,75,5,1.9289326018714483,5
1351,99,11,76,6,1.9173589523208343,5
1352,30,14,96,7,1.9170201840499577,7
1353,70,17,39,9,1.9157212262198098,8
1354,60,31,40,14,1.9033289648931253,17
1355,74,34,65,16,1.90209120333685,18
1356,74,14,108,7,1.8987503296630384,7
1357,49,20,86,10,1.8976322802746382,10
1358,5,26,91,11,1.892251700304698,15
1359,5,49,96,22,1.8890948283914337,27
1360,16,48,74,22,1.8818651609735453,26
1361,98,18,37,9,1.8817953145609947,9
1362,20,15,76,8,1.8717042450890158,7
1363,74,13,17,6,1.8676704113074118,7
1364,37,44,28,20,1.8670737685584553,24
1365,37,95,5,46,1.8654288703425719,49
1366,2,17,84,8,1.8594432529031952,9
1367,86,55,55,26,1.8505820225718854,29
1368,34,12,106,5,1.8480424044178243,7
1369,50,18,114,8,1.8469975740050815,10
1370,37,46,51,24,1.8410186071468577,22
1371,60,13,68,6,1.8376877852754332,7
1372,55,12,64,5,1.8371304139760676,7
1373,39,25,65,13,1.8345752420553607,12
1374,94,10,87,5,1.8330912777415755,5
1375,102,13,99,6,1.8212893413036875,7
1376,106,38,88,16,1.8099801281733559,22
1377,2,20,37,10,1.7943143656917857,10
1378,11,45,16,19,1.7926390358211874,26
1379,95,26,25,13,1.7915870343345557,13
1380,55,11,18,6,1.788615977764045,5
1381,30,13,104,6,1.7857310633357768,7
1382,97,21,46,10,1.7824502760939187,11
1383,37,25,90,12,1.7816453937181782,13
1384,48,23,16,10,1.7794429962560594,13
1385,96,55,107,25,1.7781061515399443,30
1386,114,15,63,7,1.775094103738666,8
1387,7,35,68,16,1.7737844822751787,19
1388,84,26,70,12,1.7530345342228948,14
1389,79,10,107,4,1.7505887367760633,6
1390,75,10,29,5,1.7461509403171567,5
1391,88,35,51,16,1.7397036536182067,19
1392,60,13,11,7,1.72978393860355,6
1393,9,12,13,5,1.7226701034980332,7
1394,95,25,28,11,1.7143083531485523,14
1395,74,10,85,5,1.7134982697618455,5
1396,84,13,76,6,1.710890300241341,7
1397,86,14,33,6,1.6956445150868669,8
1398,70,10,7,5,1.6865389444370247,5
1399,87,25,46,13,1.6819991140712225,12
1400,65,52,63,25,1.6790787668239018,27
1401,76,29,96,13,1.6762730706442965,16
1402,96,14,73,7,1.6753693979758282,7
1403,77,15,5,7,1.6718563886987095,8
1404,16,63,65,29,1.670722234982645,34
1405,32,11,109,6,1.6660133397695764,5
1406,63,76,86,34,1.665062155456317,42
1407,8,20,60,9,1.6641205129510446,11
1408,68,12,27,6,1.6328759902689274,6
1409,97,23,65,11,1.6236702657140518,12
1410,88,25,23,13,1.621207316857123,12
1411,55,49,88,22,1.6154630922330864,27
1412,63,25,70,12,1.612262611699524,13
1413,55,31,75,17,1.607882458532873,14
1414,109,16,97,7,1.6022431108951518,9
1415,87,15,97,6,1.595552572689484,9
1416,95,23,39,11,1.5861677629693824,12
1417,2,15,25,8,1.5845186001024008,7
1418,68,17,87,8,1.5747539846864018,9
1419,84,18,80,8,1.570942028221592,10
1420,86,41,109,20,1.5695774925224184,21
1421,70,11,90,5,1.5691735166520109,6
1422,63,16,68,8,1.5579991979329613,8
1423,40,10,11,5,1.55541521138649,5
1424,8,19,17,10,1.5403077254917843,9
1425,50,39,11,18,1.5332241488733838,21
1426,106,19,83,8,1.5311768047912764,11
1427,86,21,62,10,1.5281295682123723,11
1428,106,11,9,5,1.5258731144316224,6
1429,35,14,37,7,1.523131742310598,7
1430,39,11,4,5,1.5205153281631296,6
1431,16,17,2,8,1.5157503924432267,9
1432,46,12,55,5,1.5148590180899557,7
1433,88,24,114,11,1.5135173346862072,13
1434,70,13,9,6,1.504563121307626,7
1435,62,15,88,7,1.4996831435467608,8
1436,102,16,106,8,1.4908896648943566,8
1437,106,83,86,41,1.4851616230049764,42
1438,20,28,16,12,1.47224219682996,16
1439,88,28,41,14,1.4680925884738476,14
1440,28,14,89,6,1.4639788382157592,8
1441,70,13,40,6,1.43617994756994,7
1442,91,12,54,6,1.4331424659599215,6
1443,63,18,40,8,1.4270950624577143,10
1444,106,14,110,7,1.4258595725562953,7
1445,106,20,109,9,1.4211012661720264,11
1446,74,10,98,5,1.4177496992788108,5
1447,87,40,54,18,1.4131847618133258,22
1448,102,15,11,6,1.4114820984859568,9
1449,39,24,53,10,1.4109733429819427,14
1450,104,32,7,15,1.4088972734475984,17
1451,55,27,84,13,1.3965203244162756,14
1452,25,59,16,28,1.3929676943202622,31
1453,83,19,97,10,1.3860983501952917,9
1454,39,12,12,6,1.3850490174415733,6
1455,11,48,28,24,1.3816823064618553,24
1456,65,44,13,22,1.3783929203446912,22
1457,97,13,50,7,1.3748102351512164,6
1458,86,17,85,8,1.3738528392472165,9
1459,90,11,76,6,1.3711097869836062,5
1460,97,12,75,7,1.365095248526459,5
1461,25,26,30,14,1.363384718034577,12
1462,8,63,28,29,1.3532960511779597,34
1463,23,31,86,14,1.3500249319326687,17
1464,104,24,109,12,1.3448623515902252,12
1465,79,17,28,8,1.3443965025775713,9
1466,84,17,90,8,1.3434141546201468,9
1467,8,66,37,32,1.3357403383797626,34
1468,23,13,54,6,1.3347092168121752,7
1469,87,40,88,20,1.330798184332504,20
1470,10,16,8,7,1.3145513780375315,9
1471,70,10,102,6,1.3043211125718095,4
1472,49,29,13,15,1.3038732825494264,14
1473,106,16,48,8,1.2966873109190276,8
1474,7,14,114,7,1.2957242481712299,7
1475,104,30,114,13,1.2941265458183848,17
1476,50,56,54,27,1.2865367341863367,29
1477,106,12,60,6,1.2795484772851269,6
1478,17,34,37,18,1.2727375464984247,16
1479,87,41,55,19,1.2726321489984762,22
1480,62,10,76,5,1.2686993930037311,5
1481,84,37,96,19,1.2684027154450666,18
1482,28,18,73,8,1.2674667464036864,10
1483,114,24,20,11,1.2632782432832785,13
1484,114,18,17,8,1.2631717601516683,10
1485,65,12,14,6,1.2593828148312758,6
1486,11,44,107,21,1.2577214098422742,23
1487,7,37,39,17,1.251649698365779,20
1488,109,19,84,9,1.24524860607484,10
1489,47,10,75,5,1.2417859347593179,5
1490,54,19,98,9,1.237916298592764,10
1491,97,21,88,11,1.2286481129273583,10
1492,75,26,65,13,1.2239442670517482,13
1493,75,30,51,15,1.2134649542248057,15
1494,53,18,40,9,1.1980857598588648,9
1495,25,25,109,12,1.1927554377225935,13
1496,86,83,28,39,1.1902605397684778,44
1497,107,22,60,10,1.1867597192766661,12
1498,57,14,28,7,1.1812096036740403,7
1499,88,19,93,10,1.1761331934222983,9
1500,46,13,68,6,1.162665566838129,7
1501,51,11,9,5,1.160803083531973,6
1502,2,40,8,20,1.1594572352269998,20
1503,7,25,106,13,1.1583556659237946,12
1504,20,14,48,6,1.1319086574299344,8
1505,20,11,7,6,1.129769919483782,5
1506,13,39,5,19,1.1249218143526358,20
1507,53,16,5,7,1.1100089939054687,9
1508,69,11,51,6,1.104249720135501,5
1509,6,15,16,8,1.100006398241832,7
1510,5,47,54,22,1.0944368571176064,25
1511,83,16,109,9,1.0939664342434448,7
1512,86,67,20,32,1.090808542947844,35
1513,111,11,8,6,1.0802670243020827,5
1514,9,22,28,10,1.0797667092568453,12
1515,83,33,55,17,1.0771475436917035,16
1516,67,20,37,9,1.0707700527635258,11
1517,84,59,107,29,1.0684618045247287,30
1518,39,14,20,8,1.0673965411691178,6
1519,57,10,104,3,1.055650316374437,7
1520,80,10,95,5,1.0516970090952047,5
1521,16,23,49,10,1.0511839451073195,13
1522,33,16,28,9,1.0436942408383045,7
1523,88,11,74,4,1.043558433601539,7
1524,51,26,60,12,1.0317231530020434,14
1525,87,17,80,8,1.02311056991515,9
1526,70,10,33,5,1.0222975969230632,5
1527,20,23,80,11,1.0138169865719238,12
1528,87,29,95,14,1.0109411688585392,15
1529,20,22,70,11,1.0037779537681712,11
1530,87,23,60,11,1.0013420763138412,12
1531,109,10,71,5,0.9970275319814977,5
1532,107,13,14,7,0.9920091994330184,6
1533,106,67,28,32,0.9916026418837893,35
1534,1,12,7,6,0.9831015839062266,6
1535,96,44,87,22,0.9639736076499449,22
1536,64,10,68,5,0.9602783247067507,5
1537,14,14,5,6,0.9561035605846475,8
1538,63,27,25,12,0.9527168084783876,15
1539,87,38,74,18,0.9489215682392524,20
1540,37,20,76,11,0.942629410207245,9
1541,23,21,25,10,0.9363341713180622,11
1542,49,12,8,5,0.934404378662043,7
1543,8,32,93,16,0.929819616045558,16
1544,25,22,83,10,0.9290503981463761,12
1545,104,26,39,13,0.9266699265535022,13
1546,25,14,44,7,0.9260507045996414,7
1547,18,18,74,8,0.9157992079065538,10
1548,108,10,25,5,0.9146750049457186,5
1549,68,11,106,5,0.9123663165558766,6
1550,18,15,65,8,0.9097582893498202,7
1551,107,31,46,16,0.8942764168819464,15
1552,40,35,86,15,0.8884117629068351,20
1553,31,17,60,9,0.8684337154590883,8
1554,10,10,114,4,0.8617397018011257,6
1555,96,13,109,6,0.860547999068384,7
1556,39,14,96,6,0.8584786467987305,8
1557,49,11,51,5,0.850234920668641,6
1558,25,21,17,10,0.8501204774315503,11
1559,8,64,54,33,0.8453996480922652,31
1560,34,19,107,9,0.8438793263657306,10
1561,28,42,65,20,0.8424488738435458,22
1562,39,38,55,18,0.8421613872882462,20
1563,55,16,9,8,0.83539092148884,8
1564,86,10,89,4,0.8309374732906825,6
1565,2,16,46,8,0.8285194662826778,8
1566,70,18,75,10,0.8251218966341022,8
1567,83,15,60,8,0.8249582076687048,7
1568,50,12,4,6,0.8210544229672087,6
1569,74,37,25,18,0.8204962979912085,19
1570,25,14,90,7,0.8193923685462247,7
1571,49,14,17,6,0.8168710470278943,8
1572,51,41,107,18,0.8159943879599907,23
1573,8,14,80,6,0.8089658215861046,8
1574,25,40,39,20,0.8087773618763647,20
1575,48,12,13,6,0.8080555546550418,6
1576,96,36,55,18,0.7893581602386032,18
1577,106,55,87,26,0.7882945133949287,29
1578,65,16,84,8,0.7808353432634707,8
1579,46,20,60,10,0.7782430213526009,10
1580,33,15,104,8,0.7704375614853092,7
1581,83,13,7,8,0.7695159448560518,5
1582,51,10,57,5,0.7683757112822238,5
1583,106,33,104,15,0.7665725528171266,18
1584,11,15,51,8,0.765784841674621,7
1585,114,15,51,7,0.7514919339071914,8
1586,114,22,74,12,0.7506194135084285,10
1587,28,27,48,13,0.7484805696104432,14
1588,104,30,74,14,0.7473029478332428,16
1589,65,30,37,16,0.7390927440074131,14
1590,31,13,75,6,0.7282097535423555,7
1591,68,15,111,7,0.7276760913573919,8
1592,8,46,11,21,0.7230407809506088,25
1593,88,12,48,5,0.721628645159468,7
1594,82,13,28,7,0.7153587234866209,6
1595,75,29,39,15,0.7103866309575745,14
1596,88,30,84,16,0.7084791071128511,14
1597,76,15,30,8,0.708134364255956,7
1598,114,45,107,22,0.6982803813662544,23
1599,27,11,99,6,0.6941577039356042,5
1600,65,43,54,21,0.6928782578660068,22
1601,70,22,104,11,0.689507796618511,11
1602,91,15,39,7,0.6883006418308203,8
1603,87,14,49,8,0.6840823406866632,6
1604,29,12,16,5,0.6823544697986406,7
1605,23,15,15,7,0.6735916899677631,8
1606,97,23,16,13,0.6584607423108081,10
1607,106,46,11,20,0.6535108004818931,26
1608,88,27,60,15,0.6484011976576008,12
1609,98,16,50,8,0.6426219058041094,8
1610,16,19,43,8,0.6408960966953514,11
1611,107,63,28,30,0.6317236545166676,33
1612,11,11,97,6,0.6269874474505769,5
1613,107,62,5,31,0.6252815058217583,31
1614,107,52,74,24,0.623333674463133,28
1615,28,70,16,35,0.6212975055336629,35
1616,102,11,98,6,0.6175099367937772,5
1617,27,10,23,5,0.6166909350425549,5
1618,107,14,1,7,0.6036375512016736,7
1619,97,17,93,8,0.5934767161556218,9
1620,104,16,53,8,0.5885398244034938,8
1621,25,38,114,20,0.5872708891298798,18
1622,13,42,104,20,0.5845584541544605,22
1623,2,17,96,8,0.5793042045284421,9
1624,23,27,65,14,0.5762817829797771,13
1625,11,14,35,7,0.5717880493559687,7
1626,97,30,2,14,0.5614740846174435,16
1627,84,29,50,15,0.5600416600783537,14
1628,83,10,2,5,0.5594397265150824,5
1629,102,10,84,5,0.555323987307036,5
1630,77,11,41,6,0.5488776457096901,5
1631,50,25,65,12,0.5410298532564218,13
1632,41,12,95,5,0.5396942316178904,7
1633,39,19,36,9,0.5338101008241762,10
1634,76,18,46,9,0.528169825790584,9
1635,87,10,4,5,0.5224275012201673,5
1636,107,10,94,6,0.5213574094812394,4
1637,86,14,34,7,0.5201415239407956,7
1638,75,13,27,5,0.4974930029627913,8
1639,95,28,74,13,0.47842550860281996,15
1640,20,19,2,9,0.46802771578138846,10
1641,73,14,114,6,0.46595036800587825,8
1642,86,21,68,11,0.4633894138500841,10
1643,74,16,7,10,0.44922344279131066,6
1644,90,15,11,7,0.4409004522210816,8
1645,33,13,54,7,0.43670790689912964,6
1646,8,74,107,39,0.43526473064358406,35
1647,74,17,80,9,0.4324611679866122,8
1648,114,18,60,8,0.4298545629790136,10
1649,16,40,23,20,0.42836427546595185,20
1650,11,16,32,9,0.41605311029258796,7
1651,84,14,79,8,0.41419542722796737,6
1652,53,17,71,8,0.41014715952733927,9
1653,88,50,46,24,0.40974216717370715,26
1654,53,23,16,11,0.40833174016746493,12
1655,63,38,5,16,0.40800993583737216,22
1656,70,51,8,26,0.40767994697233234,25
1657,99,14,104,8,0.39792129449437547,6
1658,90,15,17,8,0.39476347822724994,7
1659,8,13,44,6,0.3904420875790005,7
1660,104,22,98,13,0.390344641080382,9
1661,55,12,71,5,0.382681476916952,7
1662,28,22,83,9,0.36492740395353174,13
1663,4,10,65,5,0.360953624754006,5
1664,55,46,51,22,0.35362432780089037,24
1665,54,25,84,13,0.33308077981097683,12
1666,83,18,88,10,0.32681938667449933,8
1667,114,21,97,10,0.32357523675310906,11
1668,76,20,11,9,0.3179380930289623,11
1669,8,75,55,39,0.31178306035257475,36
1670,16,39,70,18,0.3070972120099422,21
1671,50,47,86,25,0.30104953753715946,22
1672,70,49,86,23,0.28498345260667884,26
1673,37,13,39,7,0.28210005082695544,6
1674,67,12,25,6,0.2816428039469064,6
1675,74,38,54,18,0.2707426697250304,20
1676,65,43,55,20,0.2672931134757015,23
1677,84,11,17,5,0.26657119917942235,6
1678,28,23,76,12,0.2624094415845059,11
1679,33,11,96,7,0.2613811530785739,4
1680,28,18,71,8,0.2547312662987768,10
1681,95,40,5,21,0.25348100991507183,19
1682,30,10,108,5,0.24117256366227835,5
1683,28,32,51,17,0.22942654135968313,15
1684,11,40,87,22,0.22473431916089695,18
1685,86,13,78,6,0.21601840566709724,7
1686,40,29,39,14,0.20491426025038964,15
1687,88,17,4,8,0.2029179351590433,9
1688,106,69,8,32,0.1950573284676129,37
1689,14,14,106,6,0.19021668109411646,8
1690,28,26,39,13,0.18775719177901556,13
1691,20,11,104,5,0.18707180650761046,6
1692,88,46,107,22,0.17737831400305515,24
1693,41,18,23,9,0.17519172699992483,9
1694,37,13,62,8,0.17494933246516955,5
1695,33,13,95,6,0.16746373964834158,7
1696,57,20,37,10,0.16220303080862575,10
1697,16,19,33,8,0.15766880077552775,11
1698,57,16,86,8,0.15508905237468196,8
1699,11,25,74,12,0.15006666233224167,13
1700,76,12,88,7,0.14822849742764474,5
1701,65,12,43,5,0.14707048531237632,7
1702,87,17,18,9,0.14416855367002537,8
1703,50,16,34,8,0.13128791109247806,8
1704,93,17,107,8,0.12757170749762345,9
1705,100,20,106,11,0.12223853702694036,9
1706,11,32,63,18,0.1149495311465305,14
1707,74,21,2,11,0.11327187771293404,10
1708,87,57,5,28,0.10062627053374182,29
1709,41,28,13,14,0.09936069318454813,14
1710,79,15,16,7,0.0846210771917389,8
1711,11,27,39,14,0.08435132768700179,13
1712,65,22,11,12,0.08328669901936944,10
1713,13,31,27,16,0.07992272331161315,15
1714,90,17,88,9,0.07413833306968426,8
1715,51,39,87,19,0.06646293648636259,20
1716,95,46,86,21,0.0533388813813724,25
1717,39,24,54,12,0.046828923438471705,12
1718,38,15,63,8,0.03570970786892407,7
1719,87,13,14,7,0.034291897518969265,6
1720,51,25,84,12,0.01096799308021332,13
1721,106,33,65,17,0.007850195936515592,16
1722,114,35,37,19,0.00622221621453757,16
1723,109,20,102,10,0.0026602667859183526,10
1724,99,25,55,13,0.0009906570474895915,12
1725,55,25,99,12,-0.0009906570474892363,13
1726,102,20,109,10,-0.0026602667859165763,10
1727,37,35,114,16,-0.006222216214538382,19
1728,65,33,106,16,-0.007850195936516702,17
1729,84,25,51,13,-0.01096799308021332,12
1730,88,29,20,16,-0.011978973913990448,13
1731,14,13,87,6,-0.034291897518968995,7
1732,63,15,38,7,-0.035709707868921234,8
1733,54,24,39,12,-0.04682892343847141,12
1734,86,46,95,25,-0.053338881381371626,21
1735,87,39,51,20,-0.06646293648636131,19
1736,88,17,90,8,-0.07413833306968468,9
1737,27,31,13,15,-0.07992272331161293,16
1738,11,22,65,10,-0.08328669901936994,12
1739,39,27,11,13,-0.08435132768700153,14
1740,16,15,79,8,-0.08462107719174033,7
1741,13,28,41,14,-0.09936069318454877,14
1742,5,57,87,29,-0.10062627053374157,28
1743,2,21,74,10,-0.11327187771293505,11
1744,63,32,11,14,-0.11494953114653139,18
1745,106,20,100,9,-0.12223853702694125,11
1746,34,16,50,8,-0.13128791109247828,8
1747,18,17,87,8,-0.14416855367002476,9
1748,43,12,65,7,-0.1470704853123769,5
1749,88,12,76,5,-0.1482284974276471,7
1750,74,25,11,13,-0.1500666623322408,12
1751,86,16,57,8,-0.15508905237468193,8
1752,33,19,16,11,-0.15766880077552733,8
1753,37,20,57,10,-0.162203030808627,10
1754,95,13,33,7,-0.16746373964834213,6
1755,62,13,37,5,-0.17494933246516897,8
1756,23,18,41,9,-0.1751917269999256,9
1757,104,11,20,6,-0.1870718065076108,5
1758,39,26,28,13,-0.18775719177901487,13
1759,106,14,14,8,-0.19021668109411646,6
1760,8,69,106,37,-0.19505732846761326,32
1761,4,17,88,9,-0.20291793515904394,8
1762,39,29,40,15,-0.20491426025039,14
1763,78,13,86,7,-0.21601840566709504,6
1764,87,40,11,18,-0.22473431916089676,22
1765,51,32,28,15,-0.22942654135968277,17
1766,108,10,30,5,-0.24117256366227763,5
1767,5,40,95,19,-0.253481009915071,21
1768,71,18,28,10,-0.2547312662987772,8
1769,96,11,33,4,-0.26138115307857424,7
1770,76,23,28,11,-0.2624094415845068,12
1771,17,11,84,6,-0.26657119917942235,5
1772,55,43,65,23,-0.26729311347570217,20
1773,54,38,74,20,-0.27074266972503125,18
1774,25,12,67,6,-0.2816428039469064,6
1775,39,13,37,6,-0.28210005082695544,7
1776,86,49,70,26,-0.28498345260667907,23
1777,86,47,50,22,-0.3010495375371577,25
1778,70,39,16,21,-0.3070972120099418,18
1779,55,75,8,36,-0.3117830603525748,39
1780,97,21,114,11,-0.32357523675310906,10
1781,88,18,83,8,-0.32681938667449884,10
1782,84,25,54,12,-0.33308077981097556,13
1783,51,46,55,24,-0.35362432780088976,22
1784,65,10,4,5,-0.3609536247540067,5
1785,83,22,28,13,-0.36492740395353107,9
1786,71,12,55,7,-0.38268147691695403,5
1787,98,22,104,9,-0.39034464108038125,13
1788,44,13,8,7,-0.3904420875789997,6
1789,17,15,90,7,-0.39476347822725016,8
1790,104,14,99,6,-0.39792129449437524,8
1791,8,51,70,25,-0.4076799469723319,26
1792,5,38,63,22,-0.4080099358373725,16
1793,16,23,53,12,-0.4083317401674652,11
1794,46,50,88,26,-0.4097421671737061,24
1795,71,17,53,9,-0.41014715952733966,8
1796,79,14,84,6,-0.414195427227968,8
1797,32,16,11,7,-0.4160531102925862,9
1798,23,40,16,20,-0.42836427546595174,20
1799,60,18,114,10,-0.42985456297901276,8
1800,80,17,74,8,-0.4324611679866118,9
1801,107,74,8,35,-0.43526473064358473,39
1802,54,13,33,6,-0.43670790689912903,7
1803,11,15,90,8,-0.4409004522210813,7
1804,7,16,74,6,-0.4492234427913093,10
1805,68,21,86,10,-0.46338941385008375,11
1806,114,14,73,8,-0.4659503680058797,6
1807,2,19,20,10,-0.4680277157813875,9
1808,106,38,76,21,-0.4712121694924553,17
1809,74,28,95,15,-0.4784255086028221,13
1810,27,13,75,8,-0.49749300296279125,5
1811,34,14,86,7,-0.5201415239407952,7
1812,94,10,107,4,-0.5213574094812394,6
1813,4,10,87,5,-0.5224275012201673,5
1814,46,18,76,9,-0.5281698257905821,9
1815,36,19,39,10,-0.5338101008241761,9
1816,95,12,41,7,-0.5396942316178889,5
1817,65,25,50,13,-0.5410298532564222,12
1818,41,11,77,5,-0.5488776457096898,6
1819,84,10,102,5,-0.5553239873070354,5
1820,2,10,83,5,-0.559439726515081,5
1821,50,29,84,14,-0.5600416600783534,15
1822,2,30,97,16,-0.5614740846174444,14
1823,35,14,11,7,-0.5717880493559682,7
1824,65,27,23,13,-0.576281782979776,14
1825,93,11,20,5,-0.5766686262962127,6
1826,96,17,2,9,-0.5793042045284422,8
1827,104,42,13,22,-0.5845584541544612,20
1828,114,38,25,18,-0.5872708891298799,20
1829,53,16,104,8,-0.588539824403493,8
1830,93,17,97,9,-0.5934767161556219,8
1831,1,14,107,7,-0.6036375512016734,7
1832,23,10,27,5,-0.6166909350425549,5
1833,98,11,102,5,-0.6175099367937773,6
1834,16,70,28,35,-0.6212975055336629,35
1835,5,62,107,31,-0.6252815058217575,31
1836,97,11,11,5,-0.626987447450576,6
1837,28,63,107,33,-0.6317236545166688,30
1838,43,19,16,11,-0.6408960966953504,8
1839,50,16,98,8,-0.6426219058041119,8
1840,60,27,88,12,-0.6484011976576001,15
1841,11,46,106,26,-0.6535108004818926,20
1842,16,23,97,10,-0.6584607423108081,13
1843,15,15,23,8,-0.6735916899677633,7
1844,16,12,29,7,-0.6823544697986406,5
1845,49,14,87,6,-0.6840823406866632,8
1846,39,15,91,8,-0.6883006418308211,7
1847,104,22,70,11,-0.6895077966185112,11
1848,54,43,65,22,-0.6928782578660067,21
1849,99,11,27,5,-0.6941577039356038,6
1850,106,38,107,19,-0.6959961834151963,19
1851,107,45,114,23,-0.6982803813662546,22
1852,30,15,76,7,-0.708134364255956,8
1853,84,30,88,14,-0.7084791071128513,16
1854,39,29,75,14,-0.710386630957576,15
1855,28,13,82,6,-0.7153587234866207,7
1856,107,29,90,15,-0.7206295892273683,14
1857,48,12,88,7,-0.7216286451594675,5
1858,11,46,8,25,-0.7230407809506088,21
1859,111,15,68,8,-0.7276760913573923,7
1860,75,13,31,7,-0.7282097535423545,6
1861,37,30,65,14,-0.7390927440074138,16
1862,74,30,104,16,-0.7473029478332418,14
1863,48,27,28,14,-0.7484805696104441,13
1864,74,22,114,10,-0.7506194135084283,12
1865,51,15,114,8,-0.7514919339071905,7
1866,51,15,11,7,-0.7657848416746224,8
1867,104,33,106,18,-0.7665725528171268,15
1868,57,10,51,5,-0.768375711282222,5
1869,7,13,83,5,-0.7695159448560503,8
1870,104,15,33,7,-0.7704375614853106,8
1871,60,20,46,10,-0.7782430213526004,10
1872,84,16,65,8,-0.7808353432634698,8
1873,87,55,106,29,-0.7882945133949288,26
1874,55,36,96,18,-0.7893581602386027,18
1875,13,12,48,6,-0.808055554655042,6
1876,39,40,25,20,-0.8087773618763645,20
1877,80,14,8,8,-0.8089658215861041,6
1878,107,41,51,23,-0.8159943879599915,18
1879,17,14,49,8,-0.8168710470278943,6
1880,90,14,25,7,-0.8193923685462242,7
1881,20,27,74,13,-0.8203305748765273,14
1882,25,37,74,19,-0.8204962979912087,18
1883,4,12,50,6,-0.821054422967209,6
1884,60,15,83,7,-0.8249582076687048,8
1885,75,18,70,8,-0.8251218966341024,10
1886,46,16,2,8,-0.8285194662826783,8
1887,89,10,86,6,-0.8309374732906832,4
1888,9,16,55,8,-0.8353909214888394,8
1889,55,38,39,20,-0.8421613872882481,18
1890,65,42,28,22,-0.8424488738435456,20
1891,107,19,34,10,-0.8438793263657312,9
1892,54,64,8,31,-0.8453996480922648,33
1893,17,21,25,11,-0.8501204774315487,10
1894,51,11,49,6,-0.8502349206686404,5
1895,96,14,39,8,-0.8584786467987305,6
1896,109,13,96,7,-0.8605479990683851,6
1897,114,10,10,6,-0.8617397018011254,4
1898,60,17,31,8,-0.8684337154590867,9
1899,86,35,40,20,-0.8884117629068352,15
1900,46,31,107,15,-0.8942764168819444,16
1901,65,15,18,7,-0.9097582893498202,8
1902,106,11,68,6,-0.9123663165558775,5
1903,25,10,108,5,-0.9146750049457175,5
1904,74,18,18,10,-0.915799207906551,8
1905,44,14,25,7,-0.9260507045996424,7
1906,39,26,104,13,-0.9266699265535011,13
1907,83,22,25,12,-0.9290503981463769,10
1908,93,32,8,16,-0.9298196160455592,16
1909,8,12,49,7,-0.934404378662043,5
1910,25,21,23,11,-0.9363341713180617,10
1911,76,20,37,9,-0.9426294102072454,11
1912,74,38,87,20,-0.9489215682392524,18
1913,25,27,63,15,-0.9527168084783868,12
1914,5,14,14,8,-0.9561035605846475,6
1915,68,10,64,5,-0.9602783247067519,5
1916,87,44,96,22,-0.9639736076499452,22
1917,7,12,1,6,-0.9831015839062278,6
1918,28,67,106,35,-0.9916026418837889,32
1919,71,10,109,5,-0.9970275319814981,5
1920,60,23,87,12,-1.001342076313842,11
1921,70,22,20,11,-1.00377795376817,11
1922,95,29,87,15,-1.0109411688585377,14
1923,80,23,20,12,-1.0138169865719233,11
1924,33,10,70,5,-1.0222975969230645,5
1925,80,17,87,9,-1.023110569915149,8
1926,60,26,51,14,-1.0317231530020419,12
1927,74,11,88,7,-1.0435584336015389,4
1928,28,16,33,7,-1.0436942408383059,9
1929,107,38,106,20,-1.048395003392752,18
1930,49,23,16,13,-1.0511839451073195,10
1931,95,10,80,5,-1.0516970090952036,5
1932,104,10,57,7,-1.0556503163744377,3
1933,20,14,39,6,-1.0673965411691182,8
1934,107,59,84,30,-1.06846180452473,29
1935,37,20,67,11,-1.0707700527635244,9
1936,55,33,83,16,-1.0771475436917033,17
1937,28,22,9,12,-1.0797667092568441,10
1938,8,11,111,5,-1.0802670243020815,6
1939,20,67,86,35,-1.090808542947844,32
1940,109,16,83,7,-1.0939664342434439,9
1941,54,47,5,25,-1.094436857117606,22
1942,16,15,6,7,-1.1000063982418324,8
1943,51,11,69,5,-1.1042497201355013,6
1944,5,16,53,9,-1.1100089939054691,7
1945,5,39,13,20,-1.1249218143526365,19
1946,7,11,20,5,-1.1297699194837811,6
1947,48,14,20,8,-1.1319086574299342,6
1948,106,25,7,12,-1.1583556659237946,13
1949,8,40,2,20,-1.1594572352270007,20
1950,9,11,51,6,-1.1608030835319718,5
1951,68,13,46,7,-1.162665566838128,6
1952,93,19,88,9,-1.1761331934222976,10
1953,28,14,57,7,-1.181209603674041,7
1954,60,22,107,12,-1.1867597192766657,10
1955,28,83,86,44,-1.190260539768478,39
1956,109,25,25,13,-1.1927554377225942,12
1957,40,18,53,9,-1.1980857598588637,9
1958,51,30,75,15,-1.2134649542248066,15
1959,65,26,75,13,-1.2239442670517477,13
1960,76,38,106,18,-1.2272739860837023,20
1961,88,21,97,10,-1.2286481129273579,11
1962,98,19,54,10,-1.2379162985927636,9
1963,75,10,47,5,-1.2417859347593179,5
1964,84,19,109,10,-1.2452486060748378,9
1965,39,37,7,20,-1.2516496983657772,17
1966,14,12,65,6,-1.259382814831276,6
1967,17,18,114,10,-1.2631717601516688,8
1968,20,24,114,13,-1.263278243283281,11
1969,73,18,28,10,-1.2674667464036864,8
1970,96,37,84,18,-1.2684027154450674,19
1971,76,10,62,5,-1.2686993930037296,5
1972,55,41,87,22,-1.2726321489984769,19
1973,37,34,17,16,-1.272737546498424,18
1974,60,12,106,6,-1.2795484772851262,6
1975,54,56,50,29,-1.286536734186336,27
1976,114,30,104,17,-1.2941265458183857,13
1977,114,14,7,7,-1.2957242481712299,7
1978,13,29,49,14,-1.3038732825494264,15
1979,102,10,70,4,-1.3043211125718082,6
1980,8,16,10,9,-1.3145513780375313,7
1981,88,40,87,20,-1.3307981843325045,20
1982,54,13,23,7,-1.3347092168121735,6
1983,37,66,8,34,-1.3357403383797612,32
1984,90,17,84,9,-1.3434141546201466,8
1985,28,17,79,9,-1.3443965025775715,8
1986,109,24,104,12,-1.3448623515902252,12
1987,86,31,23,17,-1.3500249319326674,14
1988,28,63,8,34,-1.3532960511779586,29
1989,30,26,25,12,-1.3633847180345777,14
1990,75,12,97,5,-1.365095248526459,7
1991,76,11,90,5,-1.371109786983603,6
1992,85,17,86,9,-1.3738528392472158,8
1993,50,13,97,6,-1.3748102351512186,7
1994,13,44,65,22,-1.3783929203446919,22
1995,28,48,11,24,-1.3816823064618546,24
1996,12,12,39,6,-1.3850490174415748,6
1997,97,19,83,9,-1.386098350195291,10
1998,16,59,25,31,-1.3929676943202618,28
1999,84,27,55,14,-1.3965203244162752,13
2000,7,32,104,17,-1.4088972734475997,15
2001,53,24,39,14,-1.4109733429819429,10
2002,11,15,102,9,-1.4114820984859553,6
2003,54,40,87,22,-1.413184761813326,18
2004,98,10,74,5,-1.417749699278812,5
2005,109,20,106,11,-1.4211012661720264,9
2006,110,14,106,7,-1.425859572556296,7
2007,40,18,63,10,-1.4270950624577134,8
2008,54,12,91,6,-1.4331424659599221,6
2009,40,13,70,7,-1.4361799475699388,6
2010,89,14,28,8,-1.4639788382157586,6
2011,41,28,88,14,-1.468092588473848,14
2012,16,28,20,16,-1.4722421968299606,12
2013,106,16,102,8,-1.4908896648943564,8
2014,88,15,62,8,-1.4996831435467617,7
2015,9,13,70,7,-1.5045631213076247,6
2016,114,24,88,13,-1.5135173346862076,11
2017,55,12,46,7,-1.514859018089955,5
2018,2,17,16,9,-1.5157503924432272,8
2019,4,11,39,6,-1.520515328163129,5
2020,37,14,35,7,-1.523131742310598,7
2021,9,11,106,6,-1.5258731144316215,5
2022,62,21,86,11,-1.528129568212373,10
2023,83,19,106,11,-1.531176804791276,8
2024,11,39,50,21,-1.5332241488733842,18
2025,17,19,8,9,-1.5403077254917807,10
2026,11,10,40,5,-1.555415211386489,5
2027,68,16,63,8,-1.557999197932964,8
2028,90,11,70,6,-1.5691735166520102,5
2029,109,41,86,21,-1.5695774925224184,20
2030,80,18,84,10,-1.5709420282215925,8
2031,87,17,68,9,-1.5747539846864025,8
2032,25,15,2,7,-1.5845186001024019,8
2033,39,23,95,12,-1.5861677629693829,11
2034,97,15,87,9,-1.5955525726894844,6
2035,97,16,109,9,-1.6022431108951523,7
2036,75,31,55,14,-1.6078824585328735,17
2037,70,25,63,13,-1.612262611699524,12
2038,88,49,55,27,-1.6154630922330873,22
2039,23,25,88,12,-1.621207316857123,13
2040,65,23,97,12,-1.6236702657140516,11
2041,27,12,68,6,-1.6328759902689285,6
2042,60,20,8,11,-1.6641205129510446,9
2043,86,76,63,42,-1.665062155456317,34
2044,109,11,32,5,-1.666013339769578,6
2045,65,63,16,34,-1.670722234982645,29
2046,5,15,77,8,-1.671856388698709,7
2047,73,14,96,7,-1.6753693979758282,7
2048,96,29,76,16,-1.676273070644297,13
2049,63,52,65,27,-1.6790787668239013,25
2050,46,25,87,12,-1.6819991140712227,13
2051,7,10,70,5,-1.6865389444370251,5
2052,33,14,86,8,-1.695644515086867,6
2053,76,13,84,7,-1.710890300241341,6
2054,85,10,74,5,-1.7134982697618457,5
2055,28,25,95,14,-1.7143083531485501,11
2056,13,12,9,7,-1.7226701034980332,5
2057,11,13,60,6,-1.729783938603551,7
2058,51,35,88,19,-1.7397036536182058,16
2059,29,10,75,5,-1.7461509403171567,5
2060,107,10,79,6,-1.7505887367760633,4
2061,70,26,84,14,-1.7530345342228948,12
2062,68,35,7,19,-1.7737844822751792,16
2063,63,15,114,8,-1.7750941037386656,7
2064,107,55,96,30,-1.778106151539944,25
2065,16,23,48,13,-1.7794429962560583,10
2066,90,25,37,13,-1.7816453937181784,12
2067,46,21,97,11,-1.7824502760939194,10
2068,104,13,30,7,-1.7857310633357777,6
2069,18,11,55,5,-1.7886159777640436,6
2070,25,26,95,13,-1.7915870343345555,13
2071,37,20,2,10,-1.7943143656917857,10
2072,88,38,106,22,-1.8099801281733543,16
2073,99,13,102,7,-1.8212893413036864,6
2074,87,10,94,5,-1.8330912777415755,5
2075,65,25,39,12,-1.83457524205536,13
2076,64,12,55,7,-1.837130413976068,5
2077,68,13,60,7,-1.8376877852754336,6
2078,51,46,37,22,-1.8410186071468577,24
2079,114,18,50,10,-1.8469975740050815,8
2080,106,12,34,7,-1.848042404417825,5
2081,55,55,86,29,-1.850582022571885,26
2082,84,17,2,9,-1.859443252903194,8
2083,5,95,37,49,-1.865428870342572,46
2084,28,44,37,24,-1.8670737685584557,20
2085,17,13,74,7,-1.8676704113074127,6
2086,76,15,20,7,-1.871704245089016,8
2087,37,18,98,9,-1.8817953145609947,9
2088,74,48,16,26,-1.8818651609735453,22
2089,96,49,5,27,-1.889094828391433,22
2090,91,26,5,15,-1.8922517003046981,11
2091,86,20,49,10,-1.8976322802746393,10
2092,108,14,74,7,-1.8987503296630384,7
2093,65,34,74,18,-1.90209120333685,16
2094,40,31,60,17,-1.9033289648931253,14
2095,39,17,70,8,-1.9157212262198098,9
2096,96,14,30,7,-1.9170201840499566,7
2097,76,11,99,5,-1.9173589523208336,6
2098,75,10,112,5,-1.9289326018714505,5
2099,84,30,87,16,-1.9310332903828082,14
2100,57,15,25,8,-1.9367936004868347,7
2101,104,10,64,6,-1.9410731528407539,4
2102,70,34,106,19,-1.9471218681408484,15
2103,107,22,98,12,-1.948288667981822,10
2104,107,13,18,7,-1.951814757242019,6
2105,7,27,9,16,-1.9519882942010358,11
2106,43,10,25,7,-1.9520645077419574,3
2107,55,50,13,27,-1.9539400479817826,23
2108,17,19,106,11,-1.9601546930788794,8
2109,75,12,2,7,-1.9694128550530146,5
2110,86,82,16,45,-1.974675720559086,37
2111,68,23,75,11,-1.9869107593751976,12
2112,63,53,107,26,-1.9923180428957599,27
2113,35,10,84,5,-1.996508314062219,5
2114,11,38,46,21,-1.9985912350445674,17
2115,99,10,33,5,-1.9995697947435764,5
2116,107,46,88,25,-2.0078030705034657,21
2117,90,36,8,20,-2.01946478207178,16
2118,70,23,76,12,-2.0205668013908817,11
2119,73,12,55,6,-2.024829564390717,6
2120,70,14,13,8,-2.0323282225360066,6
2121,15,16,99,9,-2.037516885099592,7
2122,60,24,90,14,-2.039727571926182,10
2123,75,26,88,13,-2.0487434487758263,13
2124,106,30,97,15,-2.0644256996528543,15
2125,98,21,16,11,-2.0672287007178314,10
2126,25,26,50,13,-2.0720055901853556,13
2127,46,15,57,8,-2.074703746609149,7
2128,7,16,8,8,-2.075952410035242,8
2129,63,10,82,5,-2.0779758612966877,5
2130,109,12,75,7,-2.0863708847947433,5
2131,18,14,8,7,-2.0890500090658657,7
2132,106,10,40,5,-2.0918702037357386,5
2133,75,15,91,5,-2.0918744194384904,10
2134,60,39,77,21,-2.09573583998731,18
2135,5,62,28,32,-2.10037433995057,30
2136,107,28,13,14,-2.1057535123994318,14
2137,63,36,87,18,-2.1105723154633473,18
2138,88,64,8,34,-2.111365639326183,30
2139,55,29,60,16,-2.113730889641721,13
2140,30,13,48,6,-2.114145406665778,7
2141,84,15,25,8,-2.118395686595601,7
2142,90,29,107,15,-2.1196846881008575,14
2143,89,10,41,5,-2.1249948420964526,5
2144,33,15,8,9,-2.1294027544913625,6
2145,93,13,70,7,-2.1349452441535393,6
2146,106,14,73,7,-2.1399583589315894,7
2147,50,16,109,8,-2.1420450648202096,8
2148,87,19,2,10,-2.1505411632732674,9
2149,63,17,46,8,-2.154361145113282,9
2150,40,10,28,5,-2.1553702086165254,5
2151,29,10,23,5,-2.1610971150686176,5
2152,75,10,64,5,-2.161929685109979,5
2153,55,20,111,11,-2.1630144850271353,9
2154,63,47,16,25,-2.166839182108281,22
2155,98,14,51,8,-2.172291215705228,6
2156,68,14,91,8,-2.1742258368067766,6
2157,74,64,8,36,-2.1866220406514896,28
2158,14,11,96,6,-2.19268862994012,5
2159,55,43,107,23,-2.194044985473454,20
2160,48,23,8,13,-2.2004165749645987,10
2161,65,14,77,7,-2.2011849181716925,7
2162,84,24,37,13,-2.2012234645498956,11
2163,74,52,107,29,-2.2073550983577204,23
2164,2,28,86,14,-2.2092021993038244,14
2165,3,10,28,6,-2.2170154466950462,4
2166,100,16,28,9,-2.2255414738387724,7
2167,50,37,106,21,-2.225933629118432,16
2168,107,54,54,29,-2.2276425220621663,25
2169,8,23,76,12,-2.2293930206952894,11
2170,74,27,20,15,-2.230377352624161,12
2171,15,21,16,12,-2.24111654358826,9
2172,90,40,86,22,-2.252009765285282,18
2173,28,34,46,20,-2.254966612496791,14
2174,86,83,106,43,-2.2627817906181558,40
2175,108,10,75,5,-2.2657704587761325,5
2176,96,66,28,35,-2.2674069446039327,31
2177,60,16,36,8,-2.276452922140439,8
2178,18,23,51,13,-2.279914851691796,10
2179,13,14,20,7,-2.2829752214595276,7
2180,16,29,90,17,-2.2849821824969294,12
2181,96,36,106,20,-2.2984565902488896,16
2182,38,20,86,11,-2.3173947721062502,9
2183,70,30,107,16,-2.3257523274084737,14
2184,51,25,50,13,-2.3323232012179407,12
2185,43,11,37,7,-2.33260542076611,4
2186,16,26,41,14,-2.335228792530654,12
2187,11,12,33,5,-2.336303729576231,7
2188,46,14,114,8,-2.345233267827877,6
2189,109,14,48,8,-2.3615030071790217,6
2190,5,23,99,12,-2.3616219022642833,11
2191,7,28,41,15,-2.376775752449968,13
2192,95,33,104,18,-2.376959906865749,15
2193,25,20,15,12,-2.380758889536655,8
2194,106,37,55,21,-2.3810565798343375,16
2195,109,16,51,10,-2.3852439011289586,6
2196,109,20,20,12,-2.3908375286297607,8
2197,51,22,70,11,-2.394448723174666,11
2198,84,14,93,8,-2.3958694367553792,6
2199,97,27,25,15,-2.4001130715079033,12
2200,86,19,99,11,-2.400382898068693,8
2201,50,22,17,11,-2.403392331478124,11
2202,70,17,25,9,-2.4059439548438926,8
2203,74,30,97,16,-2.4074183939615588,14
2204,86,13,110,7,-2.4084031140746323,6
2205,50,39,87,20,-2.409042415929656,19
2206,88,10,81,5,-2.411097045225806,5
2207,4,11,86,6,-2.41302429419825,5
2208,99,11,109,6,-2.419517402501058,5
2209,107,22,91,12,-2.4240991683148194,10
2210,99,21,87,12,-2.432411032680885,9
2211,97,17,20,9,-2.4355837212433706,8
2212,65,29,8,15,-2.438665596073666,14
2213,16,48,104,25,-2.4421458880451965,23
2214,50,10,32,4,-2.4440541907162716,6
2215,39,21,18,11,-2.4497099908740387,10
2216,5,48,46,27,-2.452279517290662,21
2217,49,14,54,7,-2.454208065190869,7
2218,51,38,8,20,-2.462849602687563,18
2219,20,39,8,21,-2.4774464429650904,18
2220,17,28,51,16,-2.4842837769178354,12
2221,18,12,60,7,-2.489438198061326,5
2222,107,26,23,14,-2.494290004886282,12
2223,109,18,37,10,-2.5010134043415313,8
2224,37,55,107,30,-2.511119120051266,25
2225,13,10,108,6,-2.5134195464085147,4
2226,90,21,55,10,-2.5152743292271547,11
2227,46,30,51,18,-2.516098005064926,12
2228,38,18,107,10,-2.521666584869653,8
2229,87,14,36,7,-2.5281752879458814,7
2230,109,15,76,9,-2.5285469015591193,6
2231,46,12,7,7,-2.5294053470307802,5
2232,114,21,54,10,-2.542382187628278,11
2233,95,15,63,8,-2.5575094114278856,7
2234,63,10,83,4,-2.557624644664858,6
2235,43,14,88,7,-2.5609084858006272,7
2236,69,10,11,6,-2.5690379571615622,4
2237,11,12,7,6,-2.5694517392774414,6
2238,28,24,80,13,-2.570555603447683,11
2239,68,13,107,8,-2.571344325723368,5
2240,68,12,23,6,-2.586746368662149,6
2241,80,12,104,6,-2.5977540631792615,6
2242,5,23,39,12,-2.597769813737307,11
2243,86,36,30,20,-2.6049883984587345,16
2244,76,10,34,5,-2.6159550332149113,5
2245,75,11,36,6,-2.61996581755305,5
2246,13,11,109,6,-2.631800614599199,5
2247,104,26,76,14,-2.640434575214534,12
2248,5,60,16,35,-2.643518445682432,25
2249,86,55,65,30,-2.6449684745231767,25
2250,5,47,109,24,-2.6519452143647766,23
2251,25,36,28,21,-2.653080526503112,15
2252,91,13,74,7,-2.658254293210725,6
2253,31,11,51,7,-2.6619861326378738,4
2254,88,30,49,16,-2.668419603969371,14
2255,60,25,65,15,-2.6699512114751798,10
2256,8,27,71,14,-2.679194401362514,13
2257,88,17,18,10,-2.680839122245526,7
2258,39,10,43,6,-2.6925730915157633,4
2259,68,20,39,10,-2.716508058724645,10
2260,86,42,13,24,-2.724196601992434,18
2261,84,16,14,9,-2.744202009506241,7
2262,55,18,25,10,-2.748785644454604,8
2263,11,15,14,9,-2.753683750814255,6
2264,107,44,11,24,-2.75870917523516,20
2265,51,28,106,15,-2.764876021531123,13
2266,10,11,5,5,-2.7716738654503192,6
2267,53,17,25,9,-2.774786838502579,8
2268,104,36,8,19,-2.7794749735414097,17
2269,7,38,107,22,-2.783775823935713,16
2270,37,45,20,24,-2.7863088238660243,21
2271,6,10,88,6,-2.7938858775082798,4
2272,50,15,79,9,-2.7998338113931363,6
2273,18,16,104,9,-2.8046551455186632,7
2274,41,15,99,8,-2.808167291861728,7
2275,74,22,75,13,-2.809934258633541,9
2276,34,12,63,7,-2.81000032908768,5
2277,20,29,88,14,-2.828335303414235,15
2278,46,41,86,23,-2.830781053281953,18
2279,57,21,87,12,-2.842460195115371,9
2280,16,41,95,21,-2.8502566559320006,20
2281,17,22,16,13,-2.869944125440124,9
2282,37,19,91,10,-2.9050960547005253,9
2283,51,15,14,9,-2.9073721712530443,6
2284,64,16,7,8,-2.9123205739156903,8
2285,88,30,11,16,-2.917772547017382,14
2286,98,12,97,7,-2.9183345258744953,5
2287,65,15,99,8,-2.925348959200731,7
2288,40,11,18,6,-2.9290540079595964,5
2289,95,18,20,10,-2.9442775418414966,8
2290,17,28,86,14,-2.94742778634219,14
2291,50,12,108,7,-2.9506283551958306,5
2292,83,22,104,13,-2.957808958542738,9
2293,43,14,13,8,-2.9683735444210546,6
2294,95,11,15,6,-2.9708859793353706,5
2295,84,12,10,7,-2.980259678929739,5
2296,40,21,16,11,-2.990124457752565,10
2297,63,15,13,9,-2.9904556427756623,6
2298,51,12,12,7,-2.9909245715388835,5
2299,63,49,106,26,-2.99417254272717,23
2300,102,12,97,7,-2.99432300504723,5
2301,5,59,104,31,-2.9970663239960813,28
2302,104,30,87,15,-3.0187790494931854,15
2303,39,33,8,17,-3.028875288162882,16
2304,84,15,75,8,-3.0305846141219575,7
2305,63,26,75,14,-3.0306179578107506,12
2306,48,21,84,12,-3.0347277834877144,9
2307,96,13,38,7,-3.0422152322461713,6
2308,75,15,114,8,-3.047757418271125,7
2309,104,11,23,7,-3.0484914587139618,4
2310,107,71,86,37,-3.0485797520880595,34
2311,88,28,96,14,-3.0532343196114025,14
2312,55,14,48,8,-3.0636269177668387,6
2313,7,15,49,9,-3.0771155742837935,6
2314,91,27,28,15,-3.0909280045200798,12
2315,54,22,17,11,-3.09293116749158,11
2316,87,87,86,45,-3.0957964645337777,42
2317,68,14,99,8,-3.100103615084465,6
2318,44,12,65,6,-3.103105872794513,6
2319,86,16,64,9,-3.106297132113329,7
2320,16,11,52,6,-3.1090472473690998,5
2321,54,11,15,6,-3.1252951216765847,5
2322,1,17,88,9,-3.129185086185113,8
2323,54,23,80,12,-3.1299020659812853,11
2324,106,22,95,13,-3.1374807998128023,9
2325,107,63,87,34,-3.147163670551523,29
2326,7,52,13,28,-3.1521353683738793,24
2327,74,14,90,9,-3.168061351028922,5
2328,41,11,57,7,-3.1749646912296132,4
2329,86,19,9,11,-3.184061740151893,8
2330,13,24,99,13,-3.1869164042235187,11
2331,54,69,86,37,-3.1888799872804525,32
2332,25,59,86,31,-3.195465833963126,28
2333,8,70,86,37,-3.196385224742072,33
2334,60,38,7,18,-3.2064098892821047,20
2335,30,15,99,8,-3.213327358649565,7
2336,18,16,25,10,-3.2198145252234087,6
2337,88,11,14,6,-3.2206098277423347,5
2338,74,11,12,6,-3.2267097800337137,5
2339,54,14,85,8,-3.239753980711634,6
2340,20,25,11,15,-3.245274337075932,10
2341,63,10,30,6,-3.254074696673354,4
2342,60,34,13,19,-3.2577958806801717,15
2343,16,45,11,27,-3.259513442909689,18
2344,84,72,86,36,-3.2610166651310077,36
2345,67,13,114,7,-3.274670651234843,6
2346,50,10,71,6,-3.300812706273156,4
2347,18,10,4,6,-3.3032826745965727,4
2348,95,16,70,8,-3.3075112398485507,8
2349,23,17,75,9,-3.307549596673082,8
2350,31,18,7,10,-3.3145366369343217,8
2351,97,17,70,9,-3.327552349585108,8
2352,68,29,13,16,-3.330346720166864,13
2353,45,10,16,6,-3.3397556661602676,4
2354,33,13,75,8,-3.342736023465549,5
2355,29,13,65,6,-3.3498769886399242,7
2356,9,10,20,6,-3.353443346624384,4
2357,8,22,14,13,-3.3634201583462153,9
2358,62,21,16,12,-3.365085356146172,9
2359,13,25,4,15,-3.369940437726052,10
2360,37,16,80,9,-3.3888912531414834,7
2361,68,17,40,9,-3.3908693707776685,8
2362,71,25,75,15,-3.3995010157384034,10
2363,30,16,51,8,-3.410495384885033,8
2364,32,17,86,9,-3.4193017987895304,8
2365,13,44,16,25,-3.420140440860008,19
2366,17,19,13,11,-3.4218843529498795,8
2367,109,25,87,15,-3.438248375396607,10
2368,13,12,33,7,-3.4385024274137703,5
2369,102,10,75,6,-3.4391155267314995,4
2370,57,15,97,8,-3.44354434668938,7
2371,64,17,53,9,-3.448090735888574,8
2372,7,22,28,12,-3.4520887250851655,10
2373,5,23,33,12,-3.454327509177194,11
2374,8,63,16,35,-3.460200287173046,28
2375,7,10,33,5,-3.461965742090354,5
2376,75,27,13,15,-3.4740651410533645,12
2377,51,21,53,11,-3.4747331305839593,10
2378,65,28,70,17,-3.478419403846197,11
2379,49,29,39,17,-3.482221210670832,12
2380,65,14,109,9,-3.4929763691198903,5
2381,54,30,104,16,-3.494678026548527,14
2382,84,15,91,8,-3.5069437670955055,7
2383,46,21,20,13,-3.51090539647306,8
2384,65,33,25,19,-3.5115873311153125,14
2385,107,41,65,23,-3.5236677042176723,18
2386,110,10,87,6,-3.5295519129657293,4
2387,68,16,104,9,-3.5445953540990027,7
2388,11,20,76,12,-3.545061788623662,8
2389,11,17,13,10,-3.548021811585019,7
2390,63,25,97,14,-3.559641400411643,11
2391,46,34,13,19,-3.572433820222334,15
2392,69,10,70,6,-3.577006655469959,4
2393,39,28,63,17,-3.5868034831779676,11
2394,18,23,53,12,-3.5887298365146405,11
2395,95,10,97,6,-3.58943247133478,4
2396,98,19,28,12,-3.593034409386323,7
2397,39,11,48,6,-3.594601769104413,5
2398,50,24,13,14,-3.6058666646899353,10
2399,86,26,91,15,-3.613221536376561,11
2400,30,14,50,8,-3.615631638334464,6
2401,88,18,2,10,-3.622057619576315,8
2402,16,12,4,7,-3.63044457830495,5
2403,37,20,30,12,-3.640395609700316,8
2404,60,29,39,16,-3.64546512694498,13
2405,50,10,62,6,-3.6657345895143245,4
2406,88,10,79,6,-3.6658466896877493,4
2407,106,31,20,18,-3.6670765571458195,13
2408,96,53,8,30,-3.668741625247303,23
2409,11,41,55,25,-3.6751670322630714,16
2410,84,20,46,12,-3.686829488531012,8
2411,30,15,75,8,-3.6896953532209826,7
2412,55,28,7,15,-3.6946197673317487,13
2413,54,48,16,27,-3.695210707305645,21
2414,50,14,89,7,-3.697778125616005,7
2415,102,28,28,15,-3.699783063019897,13
2416,5,59,74,32,-3.715039739995446,27
2417,107,25,95,13,-3.721321768434082,12
2418,8,21,97,11,-3.7245036436776515,10
2419,1,12,68,7,-3.732628962928788,5
2420,87,10,6,6,-3.7330820078347076,4
2421,80,19,16,10,-3.734863526774762,9
2422,65,39,87,22,-3.7353233831967247,17
2423,76,16,97,8,-3.7370860130894323,8
2424,107,12,9,8,-3.750191205951907,4
2425,95,32,54,17,-3.755258484712917,15
2426,46,18,95,11,-3.7565415384009433,7
2427,104,45,107,26,-3.756641135498071,19
2428,16,24,114,12,-3.7867404841059327,12
2429,71,10,80,5,-3.791264767099547,5
2430,39,11,77,6,-3.791378785799657,5
2431,18,11,31,7,-3.7918067318061977,4
2432,9,14,75,6,-3.7936903299709535,8
2433,86,74,74,40,-3.806545784462189,34
2434,68,11,71,6,-3.8071954572931124,5
2435,88,14,64,8,-3.8105053234380315,6
2436,5,16,110,9,-3.8138584796050923,7
2437,76,18,98,11,-3.8277911803923956,7
2438,71,18,65,10,-3.828054962841435,8
2439,28,19,30,11,-3.8298077885882953,8
2440,86,30,114,18,-3.832111347835941,12
2441,51,23,25,13,-3.8366454931777065,10
2442,8,27,83,14,-3.8382150032056903,13
2443,75,21,106,10,-3.8605003548235586,11
2444,65,24,83,13,-3.865031238776082,11
2445,104,24,96,14,-3.8706241075776626,10
2446,23,16,95,8,-3.8860544765791154,8
2447,51,37,54,20,-3.900510354202894,17
2448,81,11,86,7,-3.900664764794557,4
2449,37,26,102,15,-3.901578428361024,11
2450,10,11,97,5,-3.9207678088340043,6
2451,2,28,5,16,-3.923277825320168,12
2452,7,64,16,34,-3.933868958332119,30
2453,83,10,102,6,-3.9358085201394077,4
2454,97,10,80,6,-3.9365866928471034,4
2455,111,12,28,7,-3.9452424793093215,5
2456,88,19,15,11,-3.957478381988093,8
2457,93,24,74,13,-3.960101768879081,11
2458,69,12,37,7,-3.9709549460906977,5
2459,13,11,14,7,-3.983254255856211,4
2460,39,18,27,8,-3.9885890078162425,10
2461,33,11,90,7,-4.003292593732326,4
2462,107,34,75,21,-4.020326517107878,13
2463,74,44,37,24,-4.033137310869005,20
2464,28,13,35,7,-4.0366654617090365,6
2465,28,36,55,22,-4.038052587834732,14
2466,79,13,11,6,-4.047561716338114,7
2467,41,14,60,8,-4.0497535460972305,6
2468,8,30,50,15,-4.053798361230284,15
2469,46,14,83,7,-4.055902658620627,7
2470,54,53,96,28,-4.06814127330106,25
2471,54,31,55,17,-4.07249295432044,14
2472,16,34,30,20,-4.084532797345256,14
2473,93,20,83,11,-4.100880722204593,9
2474,63,15,44,8,-4.101273138655781,7
2475,25,26,87,14,-4.102463690405522,12
2476,40,35,13,20,-4.103184785483473,15
2477,88,50,54,27,-4.114397061908053,23
2478,7,13,15,7,-4.117095636679336,6
2479,65,17,12,10,-4.124449913877067,7
2480,67,13,86,7,-4.131604740801435,6
2481,16,40,75,23,-4.136606569502713,17
2482,13,16,71,9,-4.141509484690017,7
2483,98,15,7,9,-4.141548633836306,6
2484,73,13,20,8,-4.146065391689571,5
2485,8,22,30,13,-4.150524980229852,9
2486,33,11,74,6,-4.152065435529707,5
2487,40,14,97,8,-4.1527562719796425,6
2488,60,14,5,8,-4.1550252161435335,6
2489,95,20,60,12,-4.156384552080203,8
2490,106,14,71,8,-4.156896719734132,6
2491,8,10,27,5,-4.157252461422869,5
2492,28,40,87,22,-4.161796757953555,18
2493,8,25,13,14,-4.16945465200299,11
2494,75,29,28,17,-4.173159235209231,12
2495,40,21,25,12,-4.184511628636794,9
2496,65,43,104,24,-4.200812265693097,19
2497,41,13,70,7,-4.217600484617061,6
2498,37,31,88,18,-4.224270631924043,13
2499,25,15,71,8,-4.22821184042616,7
2500,50,38,16,22,-4.228613851151325,16
2501,84,11,30,7,-4.231660063143013,4
2502,20,46,107,25,-4.252499613694278,21
2503,64,14,25,8,-4.256793058259619,6
2504,96,35,20,20,-4.257594587954791,15
2505,50,16,40,10,-4.260254553301021,6
2506,12,11,74,6,-4.2613914965588835,5
2507,84,10,114,6,-4.276636908378795,4
2508,25,24,75,14,-4.277372987760686,10
2509,63,34,74,19,-4.284478405701849,15
2510,63,16,7,8,-4.290761250331821,8
2511,55,38,37,20,-4.301606273781788,18
2512,13,26,74,15,-4.30603818747095,11
2513,54,23,93,14,-4.30725130512391,9
2514,63,15,9,9,-4.307570480889335,6
2515,36,10,51,5,-4.319862320940802,5
2516,27,11,6,6,-4.320589105702402,5
2517,88,20,30,11,-4.322600096754097,9
2518,106,33,84,17,-4.32801946762649,16
2519,100,21,16,12,-4.330573675976946,9
2520,114,22,102,13,-4.331076584650545,9
2521,82,20,86,12,-4.3319380690325975,8
2522,25,20,41,13,-4.342470395791372,7
2523,17,17,46,9,-4.350816122366196,8
2524,84,12,34,6,-4.355418008053163,6
2525,5,113,86,65,-4.357059130864303,48
2526,96,38,63,23,-4.376849709142973,15
2527,18,10,36,6,-4.401137892231647,4
2528,51,25,40,14,-4.416616133168668,11
2529,107,11,85,6,-4.458201254276332,5
2530,32,18,37,10,-4.466542082918519,8
2531,57,10,91,5,-4.468260927215542,5
2532,37,15,93,9,-4.4934456656390305,6
2533,71,30,60,16,-4.505888233555722,14
2534,8,12,79,8,-4.523368231395376,4
2535,87,21,83,11,-4.5238867039340604,10
2536,108,13,86,7,-4.525807877036373,6
2537,40,17,87,10,-4.52617400544544,7
2538,97,22,54,12,-4.535944223800905,10
2539,102,24,8,13,-4.537070383836358,11
2540,37,57,87,33,-4.539833156564566,24
2541,28,43,20,25,-4.544189476783364,18
2542,3,10,25,5,-4.546247932856727,5
2543,16,19,111,10,-4.547702363564986,9
2544,67,13,109,6,-4.5540965230597985,7
2545,107,23,17,13,-4.556628194816713,10
2546,95,14,99,8,-4.572737764013027,6
2547,111,11,107,6,-4.573690503278878,5
2548,90,29,54,16,-4.579893896725853,13
2549,53,24,13,14,-4.581490759933005,10
2550,33,15,25,10,-4.583917339891116,5
2551,95,13,77,7,-4.601493224452909,6
2552,86,53,7,32,-4.612863164665101,21
2553,106,43,54,23,-4.613394421834746,20
2554,109,43,28,26,-4.618123280961818,17
2555,34,13,96,8,-4.620609194568736,5
2556,49,12,75,7,-4.624753097044052,5
2557,111,10,23,5,-4.637926760289516,5
2558,5,57,88,32,-4.645874302248229,25
2559,35,19,20,11,-4.681781057889634,8
2560,75,40,86,21,-4.704179194238294,19
2561,88,21,92,13,-4.717675433437501,8
2562,106,51,74,29,-4.718099800964193,22
2563,65,40,7,20,-4.719220140525663,20
2564,99,17,51,9,-4.721255445811637,8
2565,43,11,106,6,-4.722121789568361,5
2566,23,10,100,5,-4.725037800847511,5
2567,86,28,60,16,-4.727635165947746,12
2568,88,23,27,11,-4.733506817611589,12
2569,28,65,50,37,-4.7352458176841905,28
2570,84,11,57,7,-4.735926438073419,4
2571,88,11,73,7,-4.740966849993722,4
2572,16,12,110,7,-4.744361952221326,5
2573,77,16,25,9,-4.745845616411638,7
2574,5,30,90,18,-4.752640516818982,12
2575,95,13,84,8,-4.755677362807473,5
2576,50,37,104,22,-4.760473941886917,15
2577,37,36,75,23,-4.761783492346939,13
2578,54,56,20,30,-4.770199196047593,26
2579,65,16,46,10,-4.770389277379545,6
2580,75,12,41,7,-4.7737218707000775,5
2581,54,51,28,30,-4.77471317513782,21
2582,5,12,9,7,-4.777710715122403,5
2583,5,33,76,19,-4.788314400539968,14
2584,60,22,99,12,-4.788512200740043,10
2585,5,24,32,14,-4.788591776396216,10
2586,5,21,100,12,-4.790180113588847,9
2587,28,15,23,8,-4.791243131318297,7
2588,39,38,87,22,-4.7963375777013075,16
2589,108,13,96,7,-4.805162668071275,6
2590,6,12,65,7,-4.808783095927869,5
2591,36,15,65,9,-4.809640197868617,6
2592,87,18,75,11,-4.814941727585258,7
2593,70,37,37,22,-4.817822919278335,15
2594,67,15,8,9,-4.8319098461555825,6
2595,83,15,39,9,-4.832639955303303,6
2596,17,17,97,9,-4.8331732637027205,8
2597,65,12,31,6,-4.834007058621989,6
2598,95,22,13,13,-4.839189119607627,9
2599,51,30,5,19,-4.841333405150811,11
2600,41,20,51,12,-4.841581156440149,8
2601,50,32,63,19,-4.851166505601919,13
2602,39,20,71,11,-4.853422342910105,9
2603,84,13,38,7,-4.854976710780188,6
2604,100,20,8,12,-4.860106370787934,8
2605,20,30,63,16,-4.86232561538827,14
2606,63,52,8,29,-4.864260653101076,23
2607,88,30,25,19,-4.873935976327287,11
2608,97,33,28,20,-4.884868668188754,13
2609,104,11,110,7,-4.886003470603163,4
2610,114,13,100,8,-4.886489949545647,5
2611,3,12,8,5,-4.887819375016217,7
2612,51,55,39,31,-4.888723760085988,24
2613,5,39,83,21,-4.890865835189012,18
2614,41,36,65,22,-4.893988454274595,14
2615,62,13,28,8,-4.895504487935932,5
2616,7,10,34,6,-4.8999742789281955,4
2617,86,60,11,34,-4.911056453426332,26
2618,68,13,41,7,-4.915678587029406,6
2619,23,28,13,14,-4.922091816490079,14
2620,5,12,38,7,-4.923519430907612,5
2621,25,29,96,16,-4.925630164170213,13
2622,87,10,78,5,-4.928933903600315,5
2623,106,52,37,28,-4.929607997592943,24
2624,53,13,55,8,-4.932477625900763,5
2625,88,19,91,11,-4.953605826347504,8
2626,65,20,53,10,-4.958594062169169,10
2627,75,16,18,9,-4.960466753404526,7
2628,5,47,55,27,-4.968791694509531,20
2629,107,17,93,10,-4.972813709998716,7
2630,25,13,27,7,-4.983545927288363,6
2631,86,71,37,40,-4.984756436647988,31
2632,111,11,86,6,-4.988071380487679,5
2633,109,14,17,8,-5.001708621140783,6
2634,5,26,93,16,-5.004460526821323,10
2635,68,24,65,14,-5.015059607870096,10
2636,107,41,50,23,-5.024688355903747,18
2637,95,13,76,8,-5.029825996184284,5
2638,27,20,16,13,-5.038848117395627,7
2639,5,19,15,12,-5.041855747243198,7
2640,41,19,106,10,-5.042635492748387,9
2641,80,26,86,14,-5.051644939599721,12
2642,5,45,106,27,-5.052056869360905,18
2643,7,30,23,17,-5.073226990787422,13
2644,36,16,99,10,-5.08690767914281,6
2645,54,30,11,17,-5.0896588063796155,13
2646,39,21,41,12,-5.102555963921198,9
2647,70,22,55,13,-5.1032220329288345,9
2648,4,15,77,9,-5.119767617788872,6
2649,107,11,58,7,-5.121507570465872,4
2650,18,13,54,7,-5.134256509712103,6
2651,54,13,14,9,-5.139758720068027,4
2652,73,22,86,12,-5.151945844046347,10
2653,88,22,40,12,-5.153144377885406,10
2654,23,20,37,11,-5.153587203140156,9
2655,37,46,16,27,-5.156319944125245,19
2656,8,13,38,8,-5.158625539766782,5
2657,5,12,67,7,-5.159840528973067,5
2658,95,13,53,7,-5.178119050614186,6
2659,108,13,55,7,-5.197810339207505,6
2660,27,19,107,12,-5.200896691974088,7
2661,107,59,16,36,-5.208591635424401,23
2662,50,49,37,27,-5.22857628659301,22
2663,86,14,53,7,-5.2401845717221756,7
2664,20,17,17,10,-5.256441987432859,7
2665,35,13,88,8,-5.305527424977249,5
2666,65,20,80,12,-5.32370729957773,8
2667,25,30,102,17,-5.328861344822154,13
2668,48,16,106,9,-5.330591930412405,7
2669,107,22,100,11,-5.342655166718831,11
2670,51,78,16,44,-5.347352516379421,34
2671,9,16,87,9,-5.353624653601196,7
2672,63,26,104,15,-5.355601218480842,11
2673,93,26,65,14,-5.36700465054375,12
2674,39,19,84,11,-5.3860841465295675,8
2675,55,19,36,11,-5.387045556147477,8
2676,2,25,63,14,-5.3959192809990375,11
2677,67,10,96,5,-5.408732724512928,5
2678,83,15,51,10,-5.415397349279682,5
2679,50,10,83,5,-5.416126776091854,5
2680,7,10,30,7,-5.416410719823541,3
2681,65,31,51,19,-5.425868403168161,12
2682,104,16,32,10,-5.4353295484317545,6
2683,28,10,60,5,-5.435614604566068,5
2684,39,16,64,9,-5.45248093419758,7
2685,112,10,50,6,-5.456291047139745,4
2686,16,21,109,12,-5.461892685468699,9
2687,18,19,41,11,-5.469715304569553,8
2688,46,34,74,21,-5.475304789089529,13
2689,87,21,23,12,-5.477767310408315,9
2690,18,27,28,16,-5.50182823845459,11
2691,83,19,95,12,-5.510188596504647,7
2692,102,14,33,8,-5.525239013163607,6
2693,9,18,65,10,-5.526330723616251,8
2694,77,14,86,9,-5.53834720150509,5
2695,25,41,8,25,-5.550067480025435,16
2696,10,11,63,7,-5.56040496031845,4
2697,93,22,87,13,-5.565802071262539,9
2698,63,27,55,15,-5.568315530285167,12
2699,107,25,97,13,-5.575264944397934,12
2700,48,11,80,7,-5.594209169092441,4
2701,17,13,4,8,-5.601009834999203,5
2702,88,38,7,22,-5.603543983371072,16
2703,88,14,108,8,-5.608453698027055,6
2704,5,43,114,25,-5.6108790968221705,18
2705,17,20,5,13,-5.625033929201381,7
2706,8,24,73,14,-5.645022963800572,10
2707,50,38,2,22,-5.650047560448175,16
2708,35,11,55,6,-5.650743870496082,5
2709,82,11,54,7,-5.66427830231393,4
2710,99,31,16,18,-5.66581833704302,13
2711,25,10,94,5,-5.671887186214519,5
2712,64,15,87,9,-5.672577041378897,6
2713,95,10,102,6,-5.68531996234082,4
2714,57,12,106,6,-5.685749140437754,6
2715,75,25,46,15,-5.691502289376634,10
2716,107,21,39,11,-5.69510177817652,10
2717,18,14,100,8,-5.69768401126683,6
2718,55,22,80,12,-5.702005440074988,10
2719,48,13,50,8,-5.707017905103165,5
2720,18,23,13,13,-5.710219551499983,10
2721,9,12,84,7,-5.723245457590759,5
2722,20,35,87,20,-5.726562552686569,15
2723,48,20,11,12,-5.726887293490206,8
2724,70,53,54,31,-5.72767552308842,22
2725,68,20,88,12,-5.740047798156634,8
2726,54,42,46,25,-5.742795031938329,17
2727,110,20,37,11,-5.748786289021979,9
2728,39,11,23,6,-5.780994499014115,5
2729,87,62,16,35,-5.788126639142839,27
2730,71,17,30,10,-5.790918228794654,7
2731,7,12,100,7,-5.7924077855668585,5
2732,55,28,74,16,-5.797157459674131,12
2733,5,39,70,22,-5.812017017327767,17
2734,5,16,40,9,-5.82052725169565,7
2735,77,15,107,9,-5.828375450935679,6
2736,25,19,91,11,-5.828763319756675,8
2737,90,12,46,7,-5.830565699084016,5
2738,87,15,71,8,-5.838621100274336,7
2739,77,10,74,6,-5.876462992127559,4
2740,60,11,49,7,-5.889051777859122,4
2741,96,14,60,10,-5.90080951503154,4
2742,25,16,93,9,-5.904464695396422,7
2743,104,18,40,11,-5.9242009395670685,7
2744,109,18,107,12,-5.926400579794739,6
2745,1,10,41,7,-5.936713931085726,3
2746,53,14,106,8,-5.964662256693667,6
2747,54,24,25,14,-5.984288858689811,10
2748,75,11,40,7,-6.006938010180454,4
2749,50,24,39,14,-6.010792416092778,10
2750,17,10,99,6,-6.011623328938978,4
2751,41,13,20,8,-6.029068160646921,5
2752,37,16,41,10,-6.0292956190760805,6
2753,1,10,37,5,-6.037547835973022,5
2754,32,16,8,9,-6.041444852098721,7
2755,68,15,31,9,-6.046213480858749,6
2756,20,15,33,9,-6.052404113154947,6
2757,90,10,91,6,-6.057465510076111,4
2758,55,11,29,7,-6.0636297407404705,4
2759,97,12,51,7,-6.0673448148952005,5
2760,60,19,30,13,-6.068101421901045,6
2761,13,12,100,7,-6.068988765220787,5
2762,5,44,20,27,-6.084413199436969,17
2763,5,12,68,7,-6.084537265067713,5
2764,79,10,55,6,-6.105260957218082,4
2765,86,16,93,10,-6.108088782935806,6
2766,54,23,102,14,-6.1200791508914225,9
2767,97,24,55,15,-6.128965912516969,9
2768,90,22,96,14,-6.131526760597793,8
2769,1,12,75,8,-6.1372401761978495,4
2770,109,34,54,21,-6.139125062485929,13
2771,104,59,37,36,-6.175700710267806,23
2772,88,11,99,6,-6.177037133798533,5
2773,88,19,53,12,-6.180336854796283,7
2774,91,12,13,8,-6.185960793246167,4
2775,77,16,55,9,-6.195572885542832,7
2776,33,10,97,6,-6.197569301394056,4
2777,88,84,16,51,-6.211543568516383,33
2778,37,28,13,16,-6.2304098814815685,12
2779,50,20,74,12,-6.2477398899913466,8
2780,48,13,65,8,-6.251292777097238,5
2781,68,25,16,16,-6.262371270016393,9
2782,75,19,60,12,-6.26269579784089,7
2783,102,18,57,10,-6.264739678585858,8
2784,57,22,8,14,-6.276405634666304,8
2785,17,17,7,11,-6.280459848617263,6
2786,75,15,95,9,-6.3050118671136195,6
2787,2,24,28,15,-6.327861304376494,9
2788,98,15,8,9,-6.332478639002671,6
2789,98,20,11,11,-6.3386776528601825,9
2790,100,16,37,10,-6.343110325621272,6
2791,74,22,73,14,-6.357115716806277,8
2792,23,13,74,8,-6.3699879675856135,5
2793,14,13,107,7,-6.370548692090853,6
2794,16,11,103,7,-6.384231863654396,4
2795,4,21,7,11,-6.403037552956367,10
2796,25,16,60,9,-6.405485347041519,7
2797,16,36,60,21,-6.407450762342858,15
2798,23,19,63,12,-6.4146865502013934,7
2799,6,12,44,8,-6.417958090399313,4
2800,55,56,16,36,-6.4471872894179265,20
2801,53,20,60,12,-6.45198763140791,8
2802,88,27,50,16,-6.454854939095323,11
2803,28,17,14,11,-6.462988674713606,6
2804,9,20,88,12,-6.493878560267966,8
2805,104,40,86,24,-6.498243850038454,16
2806,96,30,50,18,-6.506695896089088,12
2807,104,17,41,11,-6.535227649895295,6
2808,96,20,75,14,-6.539626864970789,6
2809,50,11,27,7,-6.540575751678348,4
2810,73,10,50,7,-6.568577646848983,3
2811,25,38,107,22,-6.57173510309074,16
2812,84,47,28,28,-6.5786855175404435,19
2813,28,31,13,19,-6.579014229200042,12
2814,96,77,86,47,-6.579835199705017,30
2815,70,33,28,20,-6.587580378842006,13
2816,96,27,65,16,-6.593487230396348,11
2817,64,17,83,10,-6.597115059465707,7
2818,50,14,7,8,-6.597321772163718,6
2819,107,19,33,11,-6.618873691013778,8
2820,84,27,8,17,-6.622581044229809,10
2821,109,13,95,8,-6.624370660207741,5
2822,97,16,7,10,-6.624941571852625,6
2823,5,48,25,29,-6.626414170343123,19
2824,35,14,16,9,-6.642200850876748,5
2825,99,11,98,6,-6.645057358834166,5
2826,43,11,40,7,-6.649724792712508,4
2827,102,14,63,8,-6.652222601619386,6
2828,71,11,83,6,-6.6562053803338666,5
2829,50,21,95,12,-6.657433489482592,9
2830,27,24,7,14,-6.6686190744647895,10
2831,37,10,29,6,-6.680734619445758,4
2832,63,18,41,11,-6.688606500512131,7
2833,39,21,17,13,-6.693454438922507,8
2834,32,11,97,7,-6.7220085367153315,4
2835,51,33,104,21,-6.728840756540836,12
2836,95,13,14,8,-6.731405281187272,5
2837,96,38,74,24,-6.731828732252354,14
2838,7,18,54,10,-6.739912207637535,8
2839,51,15,102,9,-6.749472817285659,6
2840,108,10,48,7,-6.749808304712144,3
2841,36,15,40,10,-6.7605038839505704,5
2842,96,30,97,17,-6.762245122268197,13
2843,70,27,88,17,-6.779439228833637,10
2844,98,15,70,10,-6.782158452834324,5
2845,46,39,8,22,-6.790452136276324,17
2846,88,23,39,15,-6.795308081348258,8
2847,88,11,44,6,-6.838381834171168,5
2848,40,12,95,7,-6.839500647000754,5
2849,25,18,100,10,-6.839947973125936,8
2850,49,14,98,8,-6.852175548516357,6
2851,11,17,75,10,-6.860129083231022,7
2852,28,47,104,28,-6.867595835363374,19
2853,99,15,106,10,-6.882359612487446,5
2854,86,32,98,19,-6.892623578168545,13
2855,91,15,41,10,-6.893895997089624,5
2856,20,11,93,7,-6.911432650296384,4
2857,87,10,44,6,-6.930092376966648,4
2858,88,58,86,33,-6.933344505363015,25
2859,54,14,60,9,-6.945861068734532,5
2860,9,19,8,10,-6.958250440081,9
2861,107,21,40,13,-6.968913559309365,8
2862,18,15,50,8,-6.975457853882176,7
2863,17,13,11,8,-6.9847355243406355,5
2864,106,10,6,6,-6.989547350675937,4
2865,5,15,62,9,-6.9927087595973925,6
2866,87,24,76,15,-6.993292012895228,9
2867,50,16,9,10,-6.998855361767971,6
2868,93,12,16,7,-7.007856526653327,5
2869,84,31,74,17,-7.0251363399754485,14
2870,106,27,80,17,-7.029777914575281,10
2871,65,21,95,13,-7.0438309662805265,8
2872,100,20,104,13,-7.055063125494979,7
2873,49,11,68,6,-7.065794883611326,5
2874,87,23,90,14,-7.067717517445952,9
2875,17,10,1,6,-7.089282944121619,4
2876,72,14,86,9,-7.097565864195886,5
2877,62,12,13,7,-7.106261423982883,5
2878,107,21,41,12,-7.110693899279791,9
2879,79,12,63,8,-7.1114844508040305,4
2880,64,19,16,12,-7.112054053014952,7
2881,87,13,32,8,-7.113585901413378,5
2882,114,12,95,7,-7.1214298671986604,5
2883,98,11,108,7,-7.12982089300973,4
2884,8,29,109,16,-7.137269714662637,13
2885,23,17,8,10,-7.139182279975597,7
2886,109,18,73,11,-7.142307709742033,7
2887,14,14,86,8,-7.166696838482464,6
2888,55,15,57,8,-7.186289928876395,7
2889,1,13,13,8,-7.196521489296269,5
2890,36,12,86,8,-7.20224616021445,4
2891,5,28,97,18,-7.2030892274017075,10
2892,15,20,13,12,-7.226944117697118,8
2893,110,17,8,11,-7.249961918016362,6
2894,50,12,41,8,-7.250027884407809,4
2895,93,12,98,7,-7.251352809271133,5
2896,49,11,50,7,-7.25744207771154,4
2897,63,32,51,19,-7.263042167084605,13
2898,70,14,110,9,-7.302453099036632,5
2899,89,11,88,7,-7.3072534677857455,4
2900,20,34,65,22,-7.320804923007769,12
2901,104,18,97,10,-7.327124557030451,8
2902,16,12,72,7,-7.333554822764275,5
2903,74,15,100,9,-7.347492137419624,6
2904,106,38,25,24,-7.3615147893147475,14
2905,46,13,109,8,-7.363639283748701,5
2906,74,15,34,10,-7.367415754617588,5
2907,84,21,16,12,-7.387304706787613,9
2908,46,41,37,27,-7.398384968299376,14
2909,18,29,7,17,-7.408063107188985,12
2910,18,13,91,8,-7.4165451489159215,5
2911,46,45,25,26,-7.439996628911813,19
2912,18,11,63,7,-7.446741563872579,4
2913,55,16,17,9,-7.461932340099582,7
2914,51,68,86,39,-7.465579029883814,29
2915,48,13,74,7,-7.488504403150373,6
2916,94,10,86,6,-7.492158076331636,4
2917,71,10,70,5,-7.515715016674823,5
2918,106,16,98,10,-7.529459965554982,6
2919,74,18,102,11,-7.530680431017048,7
2920,102,18,104,10,-7.533956675469564,8
2921,70,18,114,12,-7.542200625865838,6
2922,70,23,96,12,-7.543405368906036,11
2923,114,25,28,14,-7.565049679539049,11
2924,74,10,69,6,-7.579248302946878,4
2925,60,25,104,17,-7.608625351956835,8
2926,96,18,51,11,-7.611388504075614,7
2927,71,27,16,18,-7.616677174551032,9
2928,87,10,15,6,-7.629777802129095,4
2929,80,22,96,14,-7.6325568595370585,8
2930,16,16,44,9,-7.6351094721495825,7
2931,96,24,37,14,-7.66584492569651,10
2932,91,12,70,7,-7.6670664101078145,5
2933,48,24,86,15,-7.668739325888133,9
2934,106,28,90,18,-7.670984333772028,10
2935,11,32,5,20,-7.6874421575338765,12
2936,70,13,46,8,-7.705270409518368,5
2937,71,16,7,10,-7.720282156055403,6
2938,55,13,34,7,-7.723796086616038,6
2939,30,13,40,8,-7.733551605515393,5
2940,25,49,37,29,-7.755599308877523,20
2941,60,14,109,8,-7.773898798474325,6
2942,79,20,48,12,-7.7777328666170344,8
2943,11,18,104,11,-7.839042780454146,7
2944,55,21,95,13,-7.848709788021649,8
2945,77,18,13,11,-7.849487187133511,7
2946,108,18,107,12,-7.851867345531198,6
2947,87,26,30,16,-7.853031889662271,10
2948,70,13,108,8,-7.857262681865159,5
2949,96,13,85,9,-7.87177905722743,4
2950,51,23,20,13,-7.873291814736603,10
2951,48,31,63,20,-7.879517250797573,11
2952,36,13,28,7,-7.880028929086843,6
2953,84,14,97,10,-7.932419590040103,4
2954,56,10,86,6,-7.95903686442131,4
2955,91,10,102,6,-7.970489437012806,4
2956,5,23,65,14,-7.973301349025733,9
2957,17,17,104,10,-7.98852960047454,7
2958,96,19,102,12,-7.995631160966494,7
2959,37,13,89,7,-7.9994477960682815,6
2960,86,14,15,9,-8.007884617525496,5
2961,50,13,100,8,-8.011252834481748,5
2962,1,15,40,9,-8.03975990845354,6
2963,65,29,30,19,-8.041267028087223,10
2964,40,22,65,13,-8.057401805718653,9
2965,28,24,93,16,-8.07091688053174,8
2966,23,14,51,9,-8.072235222238367,5
2967,84,23,20,16,-8.075470698309143,7
2968,5,61,8,37,-8.080732178020163,24
2969,13,14,81,8,-8.084856554509258,6
2970,60,22,23,14,-8.109764498932195,8
2971,1,25,55,15,-8.124364419745026,10
2972,25,30,104,18,-8.132792790875847,12
2973,36,12,5,7,-8.146458997643018,5
2974,55,35,104,22,-8.147983283277846,13
2975,109,18,74,12,-8.14990709926262,6
2976,65,23,114,14,-8.155133723424003,9
2977,102,14,20,8,-8.160756483849335,6
2978,62,11,107,7,-8.165070586638626,4
2979,32,16,107,10,-8.171074060984463,6
2980,97,10,13,6,-8.180332249171473,4
2981,50,14,93,9,-8.187365267839093,5
2982,16,19,102,11,-8.19199745286954,8
2983,107,18,71,11,-8.200499335406867,7
2984,44,11,20,7,-8.212958514210372,4
2985,37,11,64,7,-8.227838269840156,4
2986,87,11,69,6,-8.233960994375394,5
2987,30,15,20,9,-8.236211957822993,6
2988,16,10,81,7,-8.240523173362813,3
2989,16,12,89,7,-8.24232911238878,5
2990,38,13,16,9,-8.260657119668942,4
2991,95,23,7,14,-8.261452601437247,9
2992,14,12,37,7,-8.266467835075433,5
2993,76,11,75,7,-8.269580351796622,4
2994,76,12,65,8,-8.31287645900771,4
2995,63,10,99,6,-8.327283039780834,4
2996,104,14,15,9,-8.330235989560041,5
2997,29,11,7,6,-8.355468910469419,5
2998,65,19,90,11,-8.363720823360875,8
2999,86,21,44,13,-8.37774251716795,8
3000,109,21,11,14,-8.38164912223526,7
3001,46,10,6,6,-8.386722378353735,4
3002,110,14,51,9,-8.405376385205704,5
3003,9,18,16,11,-8.412025589228909,7
3004,91,22,55,15,-8.428118254814668,7
3005,107,10,112,6,-8.436220472698569,4
3006,98,19,91,13,-8.436895068807962,6
3007,25,41,13,24,-8.44596846540986,17
3008,96,14,95,9,-8.450373982592183,5
3009,51,11,43,7,-8.452538088841548,4
3010,83,27,86,19,-8.512264034333521,8
3011,77,24,104,15,-8.536042495877567,9
3012,107,10,15,7,-8.540362330799292,3
3013,55,31,50,19,-8.547249952830777,12
3014,86,18,27,11,-8.578635265192988,7
3015,5,13,71,8,-8.58837744258604,5
3016,75,13,15,9,-8.597300929966652,4
3017,50,22,90,14,-8.598522697493998,8
3018,87,55,8,35,-8.598595479025969,20
3019,114,11,32,7,-8.619976183865209,4
3020,70,12,30,6,-8.628315532902242,6
3021,37,34,11,22,-8.643977561339529,12
3022,36,26,7,16,-8.683659851079693,10
3023,30,13,68,8,-8.686434216789552,5
3024,90,11,30,7,-8.695806027026098,4
3025,86,20,100,11,-8.69871264551417,9
3026,108,16,16,10,-8.735246502538358,6
3027,91,14,7,10,-8.747371182576538,4
3028,98,13,20,9,-8.75486572641002,4
3029,63,12,71,7,-8.768149712473138,5
3030,106,11,79,7,-8.77784161708646,4
3031,86,17,69,11,-8.7805890555138,6
3032,57,14,11,8,-8.783548700894539,6
3033,87,13,62,9,-8.793846456811252,4
3034,13,11,44,7,-8.828555491536155,4
3035,28,45,88,29,-8.831064240746569,16
3036,38,25,37,16,-8.833071133401008,9
3037,13,14,90,9,-8.836238677449444,5
3038,36,20,16,13,-8.842982308517254,7
3039,50,12,69,8,-8.84479304998475,4
3040,37,20,40,12,-8.849367605337227,8
3041,98,12,73,8,-8.85379630005694,4
3042,17,16,28,10,-8.863383779145725,6
3043,39,10,47,6,-8.876547255057021,4
3044,114,24,8,16,-8.87922638843428,8
3045,35,20,107,14,-8.88582629417617,6
3046,57,17,70,9,-8.906737604649802,8
3047,91,10,11,7,-8.923724837318142,3
3048,84,14,104,8,-8.932998314387538,6
3049,68,10,54,6,-8.933165343249453,4
3050,80,12,11,8,-8.941133144462878,4
3051,2,11,76,8,-8.95175533528088,3
3052,98,11,55,8,-8.95677359937087,3
3053,32,11,28,7,-8.963821007682874,4
3054,108,10,37,6,-8.970431804543574,4
3055,87,17,102,11,-8.972219911227103,6
3056,55,25,109,14,-9.015163892645331,11
3057,64,11,70,7,-9.035117563630099,4
3058,91,13,30,9,-9.047349511242516,4
3059,71,13,62,9,-9.064981661759585,4
3060,39,31,86,18,-9.07325733767357,13
3061,8,34,95,21,-9.07920947405897,13
3062,39,10,110,7,-9.085258579238133,3
3063,18,19,86,13,-9.102053817096145,6
3064,76,17,23,11,-9.122791190215523,6
3065,87,11,77,7,-9.123832889782786,4
3066,96,18,7,13,-9.132819640450865,5
3067,87,13,29,9,-9.147510846283529,4
3068,5,43,50,26,-9.156049369840705,17
3069,84,27,5,17,-9.167674877244863,10
3070,91,35,16,24,-9.18239489422027,11
3071,84,13,98,9,-9.18267526002018,4
3072,97,10,18,6,-9.196379494686322,4
3073,18,16,77,11,-9.19801416947912,5
3074,106,21,46,12,-9.198394638018083,9
3075,54,20,75,13,-9.239394701631353,7
3076,63,12,17,8,-9.243907403077538,4
3077,70,24,74,14,-9.249270082293561,10
3078,62,14,74,9,-9.256148160859695,5
3079,88,35,65,23,-9.285752319118528,12
3080,20,17,91,10,-9.292852528319253,7
3081,107,29,2,19,-9.295436230624016,10
3082,63,14,108,9,-9.298531248541147,5
3083,96,15,114,10,-9.304547518897671,5
3084,55,13,2,8,-9.30651882359562,5
3085,80,13,90,9,-9.30675268400111,4
3086,51,15,108,9,-9.306988990301447,6
3087,33,13,51,10,-9.32692198470528,3
3088,74,22,51,15,-9.344397651003662,7
3089,76,23,63,16,-9.35386164955796,7
3090,37,12,71,7,-9.38020830857434,5
3091,1,16,86,10,-9.39952495770026,6
3092,50,20,76,14,-9.400140024953474,6
3093,86,31,102,21,-9.40404581030503,10
3094,106,28,13,19,-9.411883629905006,9
3095,63,41,37,27,-9.417998111066987,14
3096,51,24,68,16,-9.41997434806425,8
3097,110,10,114,7,-9.422657787947912,3
3098,74,14,83,8,-9.43011849323839,6
3099,63,11,32,7,-9.44232166344675,4
3100,95,10,100,6,-9.44913493803541,4
3101,18,21,95,13,-9.461457865276858,8
3102,99,22,37,15,-9.502759058160713,7
3103,10,10,107,6,-9.504556938677329,4
3104,31,20,13,13,-9.526547029148858,7
3105,39,13,90,8,-9.529975909191752,5
3106,106,21,2,13,-9.573373481710446,8
3107,91,24,63,16,-9.581902382807373,8
3108,8,11,62,8,-9.593511144115352,3
3109,35,15,86,9,-9.604686839909265,6
3110,8,14,99,8,-9.611065592860308,6
3111,104,32,88,22,-9.62777038677623,10
3112,53,14,87,8,-9.643332554672039,6
3113,39,11,76,8,-9.681961570558546,3
3114,39,35,13,21,-9.691624444985925,14
3115,65,13,15,9,-9.727285822137501,4
3116,56,10,7,6,-9.769965949419088,4
3117,83,24,37,15,-9.783726366978415,9
3118,68,10,77,7,-9.791067179218,3
3119,106,19,39,12,-9.812135076375876,7
3120,104,11,89,7,-9.813989134763226,4
3121,94,10,55,6,-9.846979651390308,4
3122,109,20,63,12,-9.854767957937824,8
3123,87,34,13,23,-9.861346134072312,11
3124,79,23,86,15,-9.865377107457421,8
3125,70,24,87,15,-9.867797329951719,9
3126,106,14,30,9,-9.870728252110508,5
3127,55,16,30,10,-9.885233413722059,6
3128,14,13,16,8,-9.888882095158154,5
3129,77,10,46,6,-9.900782595186337,4
3130,109,15,70,10,-9.924354258384088,5
3131,54,46,63,30,-9.931508965276786,16
3132,8,31,75,21,-9.942334170394213,10
3133,57,10,7,6,-9.983551061766935,4
3134,46,34,16,22,-9.98935054867163,12
3135,17,23,65,17,-9.991394921788478,6
3136,53,26,7,18,-10.018382379827303,8
3137,88,31,63,21,-10.03619319350583,10
3138,33,10,63,7,-10.043388813579655,3
3139,88,28,95,18,-10.05476218784627,10
3140,39,16,46,9,-10.060214928117244,7
3141,4,17,60,11,-10.064281726415542,6
3142,23,12,70,8,-10.065986276416501,4
3143,57,12,54,9,-10.066024134547122,3
3144,50,13,91,9,-10.102561852065726,4
3145,83,15,107,10,-10.114574167697793,5
3146,64,15,13,9,-10.145937557398357,6
3147,97,44,86,28,-10.163469283868963,16
3148,87,10,3,7,-10.164373686804392,3
3149,102,14,76,9,-10.166991590900437,5
3150,39,10,92,6,-10.187295715481909,4
3151,65,10,102,6,-10.189199303308586,4
3152,2,14,98,9,-10.198603389321665,5
3153,44,12,104,8,-10.208907808787586,4
3154,69,17,16,10,-10.22264708174151,7
3155,90,20,114,13,-10.224251416414765,7
3156,18,32,16,22,-10.23181135834145,10
3157,99,12,77,9,-10.252199704478636,3
3158,41,11,64,7,-10.261662296711632,4
3159,51,11,15,7,-10.274901265855426,4
3160,84,40,63,25,-10.29559442304446,15
3161,28,41,63,28,-10.300883603096644,13
3162,55,18,20,11,-10.312518824176758,7
3163,20,31,50,20,-10.317789300027849,11
3164,107,12,29,9,-10.33521701845799,3
3165,102,17,50,10,-10.348240016843025,7
3166,91,18,8,12,-10.34860151027639,6
3167,84,13,83,8,-10.35745770275565,5
3168,76,31,86,20,-10.377958971749353,11
3169,93,16,106,10,-10.37915501513517,6
3170,51,11,1,7,-10.419908825636533,4
3171,54,12,73,8,-10.427247423602202,4
3172,60,16,91,10,-10.446238276389526,6
3173,97,13,110,9,-10.452372833112598,4
3174,73,10,65,7,-10.465374169823736,3
3175,80,11,78,7,-10.465715646953603,4
3176,27,17,104,12,-10.473446544405565,5
3177,54,16,13,11,-10.496105581783887,5
3178,38,10,104,6,-10.511918642412144,4
3179,40,10,9,7,-10.541358983254,3
3180,57,18,88,11,-10.555628423294738,7
3181,96,45,16,32,-10.566392603656332,13
3182,41,18,87,12,-10.566422140881258,6
3183,109,11,93,7,-10.593952443141525,4
3184,36,15,107,10,-10.601447423507086,5
3185,25,28,20,19,-10.608185499490585,9
3186,87,22,48,15,-10.632484792434644,7
3187,102,17,107,11,-10.637405716433584,6
3188,7,22,37,14,-10.662936414000132,8
3189,65,16,2,12,-10.668339624865121,4
3190,39,18,74,11,-10.669346357467866,7
3191,76,13,54,9,-10.686858558117365,4
3192,93,12,75,8,-10.68974449521869,4
3193,54,43,37,29,-10.702102057687048,14
3194,13,14,30,10,-10.738595010557942,4
3195,63,22,98,14,-10.75970205191674,8
3196,50,33,75,23,-10.80488323523336,10
3197,88,11,80,7,-10.820834504420484,4
3198,86,26,41,19,-10.826191446306183,7
3199,107,25,48,16,-10.827629447931269,9
3200,54,19,30,13,-10.830949355612654,6
3201,5,14,43,9,-10.841119921537882,5
3202,111,19,65,14,-10.87242939169246,5
3203,36,11,31,7,-10.899944936597137,4
3204,46,11,100,7,-10.904685887838546,4
3205,5,17,73,11,-10.90738305979487,6
3206,40,10,98,6,-11.010186531894902,4
3207,96,19,46,11,-11.044310192668554,8
3208,11,11,99,7,-11.04788337752713,4
3209,5,13,34,10,-11.055394545543237,3
3210,51,46,13,30,-11.059972446868098,16
3211,55,21,76,15,-11.060383237071555,6
3212,25,18,110,13,-11.063714709672924,5
3213,107,10,6,7,-11.069549745970512,3
3214,32,13,74,9,-11.101664191982367,4
3215,87,10,108,7,-11.133663289740907,3
3216,91,10,51,7,-11.134030582434093,3
3217,77,12,27,8,-11.13773931409657,4
3218,55,20,40,15,-11.157682006395492,5
3219,112,10,86,7,-11.167307681837228,3
3220,87,13,79,10,-11.211504341364096,3
3221,51,33,7,21,-11.229621570713913,12
3222,48,12,90,8,-11.252381363492235,4
3223,77,14,63,10,-11.25982840824374,4
3224,5,10,80,7,-11.295210617596885,3
3225,79,10,80,6,-11.30670069299901,4
3226,96,26,98,17,-11.315795357847566,9
3227,96,23,48,16,-11.323041657346815,7
3228,63,13,100,8,-11.33209634222994,5
3229,63,30,80,21,-11.377551941304596,9
3230,27,14,37,10,-11.378309035824225,4
3231,75,21,104,14,-11.395733009824232,7
3232,51,13,27,9,-11.399545571513332,4
3233,88,32,13,23,-11.495121437316513,9
3234,60,11,17,7,-11.523239199910632,4
3235,28,31,74,21,-11.526159046117094,10
3236,76,15,74,9,-11.544600382799558,6
3237,2,11,114,8,-11.567668937733664,3
3238,63,16,90,11,-11.66300690274577,5
3239,63,13,57,8,-11.67022671873631,5
3240,106,54,16,37,-11.69006382316796,17
3241,107,20,76,14,-11.696253994185,6
3242,51,10,48,6,-11.705725037939857,4
3243,36,13,27,9,-11.741567000670512,4
3244,107,19,73,12,-11.762643271727164,7
3245,15,17,8,11,-11.78066066095679,6
3246,70,20,11,14,-11.792116726498545,6
3247,107,23,80,17,-11.84142513858004,6
3248,46,33,104,22,-11.841714895705284,11
3249,40,11,64,8,-11.881688706602604,3
3250,11,13,93,10,-11.901577910299338,3
3251,90,16,73,11,-11.917606166791593,5
3252,37,38,97,26,-11.950340535396526,12
3253,84,22,11,15,-11.957437378814483,7
3254,104,18,49,12,-11.962718506463764,6
3255,30,15,53,10,-11.980494941115529,5
3256,98,24,5,16,-11.989855689002859,8
3257,68,13,25,9,-12.14637167224704,4
3258,70,22,2,14,-12.153236389251056,8
3259,104,15,90,10,-12.157368709764908,5
3260,1,13,16,10,-12.163423446439074,3
3261,40,29,7,20,-12.19636542411695,9
3262,18,16,106,10,-12.222089952192754,6
3263,87,21,98,15,-12.22636979203098,6
3264,109,22,88,16,-12.242684664770422,6
3265,34,14,109,9,-12.291212343288574,5
3266,54,15,2,11,-12.306524573726033,4
3267,1,11,8,8,-12.329208893104187,3
3268,65,17,27,11,-12.342991508598004,6
3269,40,15,54,10,-12.36122040058859,5
3270,23,13,55,8,-12.384564492570101,5
3271,87,16,100,10,-12.425189483620697,6
3272,96,38,11,26,-12.433764526276038,12
3273,31,17,16,11,-12.457021283206677,6
3274,64,11,50,7,-12.458410065026014,4
3275,106,12,38,7,-12.468362041882086,5
3276,50,10,15,7,-12.479053092203715,3
3277,40,10,2,7,-12.538938846391357,3
3278,5,30,102,20,-12.549261396684052,10
3279,97,16,71,11,-12.555483253298778,5
3280,5,27,57,19,-12.572003913811173,8
3281,98,10,13,7,-12.623579592155687,3
3282,77,11,30,8,-12.627749719644045,3
3283,88,16,102,12,-12.65037372869335,4
3284,52,10,28,7,-12.725624774771763,3
3285,55,16,102,11,-12.774824407782454,5
3286,71,15,104,10,-12.790892712888182,5
3287,96,10,78,7,-12.899686199305037,3
3288,77,22,40,16,-12.904839091751665,6
3289,16,22,57,15,-12.91831164298626,7
3290,77,11,49,8,-12.920366150880083,3
3291,37,27,95,20,-12.921122211679824,7
3292,51,16,77,11,-12.941193832575703,5
3293,39,55,16,38,-12.952005337101406,17
3294,94,15,16,11,-12.969401282348114,4
3295,25,11,34,8,-12.978396480778377,3
3296,107,22,30,16,-13.025643517624536,6
3297,90,15,20,10,-13.08396173697106,5
3298,18,13,11,9,-13.094881521032239,4
3299,14,10,80,6,-13.097202558791372,4
3300,107,22,57,15,-13.099281826721855,7
3301,91,19,106,15,-13.115643186389446,4
3302,28,14,69,9,-13.15924750974193,5
3303,63,12,62,8,-13.174816238245654,4
3304,33,11,87,8,-13.22203468303232,3
3305,5,25,75,16,-13.227746160072014,9
3306,33,10,65,7,-13.314880602814075,3
3307,17,18,95,13,-13.342671111008821,5
3308,83,18,16,13,-13.35123547721314,5
3309,20,11,34,8,-13.36206244645375,3
3310,32,10,55,7,-13.36363963009391,3
3311,37,11,18,8,-13.371391730474068,3
3312,55,11,100,7,-13.383239409595303,4
3313,40,13,8,9,-13.4145759843304,4
3314,39,21,30,15,-13.426960288467429,6
3315,32,12,25,7,-13.427877456338663,5
3316,70,15,50,10,-13.441101055992577,5
3317,10,11,51,8,-13.446955688168295,3
3318,90,10,93,7,-13.452391800759145,3
3319,77,10,23,7,-13.476022973760971,3
3320,103,11,74,8,-13.53565105452587,3
3321,7,14,6,8,-13.54392944893139,6
3322,63,13,27,8,-13.55194094512672,5
3323,99,17,107,12,-13.582126995646108,5
3324,53,18,68,13,-13.627830006911767,5
3325,46,12,93,9,-13.65474091099076,3
3326,23,23,106,15,-13.757025468922569,8
3327,50,13,33,9,-13.806659469614802,4
3328,51,21,100,13,-13.816816739386772,8
3329,83,13,11,10,-13.863860744018641,3
3330,109,12,41,10,-13.914029202125853,2
3331,83,11,23,8,-13.9232349355535,3
3332,35,20,76,13,-13.967337591963863,7
3333,88,15,100,11,-14.049568237179408,4
3334,36,15,13,11,-14.053521380319813,4
3335,68,12,9,9,-14.06629077147101,3
3336,88,12,32,8,-14.106761757299536,4
3337,60,19,74,13,-14.155436372823557,6
3338,53,13,107,10,-14.172860484543653,3
3339,25,33,7,25,-14.179224347099954,8
3340,18,15,15,11,-14.248476385059174,4
3341,97,10,14,8,-14.259112129654316,2
3342,11,11,30,8,-14.299516136130784,3
3343,37,12,34,9,-14.300571264435137,3
3344,9,12,60,9,-14.304107510260854,3
3345,102,11,46,8,-14.307494713152051,3
3346,83,10,40,8,-14.347262135245904,2
3347,28,15,34,11,-14.366739527209468,4
3348,106,23,114,16,-14.366848050849034,7
3349,30,11,95,7,-14.44540365760502,4
3350,74,10,89,7,-14.446682807284398,3
3351,54,20,100,14,-14.454126910452933,6
3352,2,10,73,7,-14.457830254043136,3
3353,32,13,16,9,-14.531367270350458,4
3354,37,12,73,8,-14.533349572792924,4
3355,54,24,48,17,-14.535603927866182,7
3356,77,11,37,8,-14.55993313549925,3
3357,99,12,50,8,-14.581629542155014,4
3358,60,10,100,7,-14.61222507913973,3
3359,5,18,7,13,-14.615769591051182,5
3360,46,12,30,9,-14.658819133979227,3
3361,39,12,109,10,-14.675982860996212,2
3362,106,13,32,10,-14.741977351969277,3
3363,60,14,64,10,-14.864014157585936,4
3364,87,29,7,22,-14.903453669840152,7
3365,88,12,77,9,-14.977617068976798,3
3366,46,15,50,10,-14.99079417434614,5
3367,91,18,87,14,-15.006202180134604,4
3368,99,18,25,13,-15.014737107768294,5
3369,97,11,41,9,-15.02369323138218,2
3370,96,12,91,9,-15.083901067533665,3
3371,9,12,48,9,-15.097519161061683,3
3372,70,11,80,9,-15.157277297784104,2
3373,77,21,7,15,-15.158635706227756,6
3374,107,12,89,9,-15.163906699283089,3
3375,41,14,8,11,-15.189181179702913,3
3376,86,21,71,16,-15.209148887501426,5
3377,83,16,114,12,-15.254612667104073,4
3378,97,11,67,9,-15.281658756670776,2
3379,99,11,7,8,-15.315874324967403,3
3380,60,11,37,8,-15.345188265922376,3
3381,7,27,75,21,-15.375438154462916,6
3382,25,14,49,10,-15.43786379260084,4
3383,97,12,90,8,-15.449883037579118,4
3384,2,18,104,12,-15.50344370749933,6
3385,87,11,73,9,-15.55795672641622,2
3386,28,15,99,11,-15.590204088651852,4
3387,5,16,23,12,-15.598001372374195,4
3388,50,16,80,13,-15.718368557038914,3
3389,35,12,80,9,-15.72406211872363,3
3390,96,16,93,12,-15.73319462766121,4
3391,17,10,34,8,-15.751264612759243,2
3392,63,12,14,8,-15.759973477645744,4
3393,39,18,99,14,-15.84878961626863,4
3394,29,13,88,9,-15.850906570917441,4
3395,106,14,67,10,-15.86890640221611,4
3396,83,16,13,12,-15.934926256250732,4
3397,11,21,95,16,-16.006249051562754,5
3398,36,10,70,7,-16.0185320247598,3
3399,13,13,114,9,-16.04631004709342,4
3400,51,20,76,16,-16.059816015696757,4
3401,71,10,17,7,-16.13395738219133,3
3402,16,10,73,7,-16.163676933136152,3
3403,88,13,69,10,-16.183753216746744,3
3404,50,15,60,11,-16.230784690191452,4
3405,25,25,11,20,-16.429746187224737,5
3406,35,11,63,8,-16.493810387811514,3
3407,103,10,86,7,-16.57051549779981,3
3408,36,10,53,8,-16.612742592387267,2
3409,76,15,16,11,-16.69680514220129,4
3410,5,14,41,9,-16.723825478761608,5
3411,5,17,30,14,-16.835862346935006,3
3412,86,11,10,8,-16.95145578080744,3
3413,8,12,34,9,-16.979471141980934,3
3414,5,21,27,15,-17.023938523878094,6
3415,18,11,30,9,-17.068354015610023,2
3416,17,11,40,9,-17.086573002444847,2
3417,51,14,90,12,-17.088820957180307,2
3418,106,10,35,7,-17.319051156851785,3
3419,87,11,34,8,-17.33811535027782,3
3420,51,23,95,18,-17.356501303335026,5
3421,67,10,16,8,-17.493350405648194,2
3422,18,10,23,7,-17.633825837607827,3
3423,77,14,16,11,-17.677083033460956,3
3424,39,12,100,9,-17.749728851184297,3
3425,77,12,8,9,-17.994666569137152,3
3426,86,11,26,9,-18.01144379039894,2
3427,54,10,71,8,-18.201053620067494,2
3428,109,21,114,17,-18.305765635430763,4
3429,18,10,5,8,-18.464269170029826,2
3430,46,10,98,7,-18.66966202924449,3
3431,5,10,44,8,-18.75866141385734,2
3432,28,26,90,21,-18.776580206085534,5
3433,60,13,27,11,-18.903299216443365,2
3434,11,10,2,8,-18.92308479788875,2
3435,50,14,77,12,-18.960104376358405,2
3436,18,11,68,8,-19.106481436306485,3
3437,5,12,48,10,-19.15405252867682,2
3438,91,13,104,12,-19.168888324804986,1
3439,112,14,28,11,-19.249826897720947,3
3440,18,14,99,11,-19.290873438644514,3
3441,39,16,15,13,-19.411328140872982,3
3442,109,11,27,9,-19.5895500077205,2
3443,32,12,95,10,-19.760326388824467,2
3444,66,10,107,8,-20.152222817707916,2
3445,33,16,55,13,-20.174007528343807,3
3446,39,10,114,8,-20.217263961166076,2
3447,36,11,8,9,-20.34025716086894,2
3448,13,11,57,8,-20.619945240208803,3
3449,17,10,23,8,-21.215760860674102,2
3450,65,14,100,12,-21.601550893299848,2
3451,36,11,63,9,-21.61257502243951,2
3452,77,12,75,10,-21.656975507356307,2
3453,52,12,86,10,-21.816288972743816,2
3454,97,11,38,10,-22.176359713839883,1
3455,51,10,34,9,-22.213174768846976,1
3456,51,13,2,10,-22.46077922587735,3
3457,106,13,69,11,-22.736761735295865,2
3458,55,12,14,11,-22.798222840334333,1
3459,28,10,10,9,-23.03135332069283,1
3460,55,10,44,8,-23.361076236430034,2
3461,35,10,48,9,-25.15519793083891,1
3462,9,13,27,11,-27.988696165988866,2
3463,39,10,3,10,-28.725074023896866,0
