,againstHero,games,hero,losses,shift,wins
0,30,11,54,1,25.713620235434703,10
1,48,10,35,1,25.155197930838906,9
2,76,13,35,3,24.45415726080802,10
3,100,12,54,2,23.111299810651484,10
4,34,10,51,1,22.213174768846972,9
5,93,13,96,2,21.644278578741655,11
6,50,18,55,4,21.384042844031153,14
7,30,11,107,2,20.234821388500237,9
8,107,10,66,2,20.152222817707916,8
9,20,11,25,2,19.98791829237953,9
10,2,13,54,2,19.759970484752476,11
11,28,14,112,3,19.249826897720943,11
12,50,10,70,3,18.66920839814296,7
13,95,10,107,2,18.591514154221795,8
14,37,23,54,6,18.217022019040886,17
15,8,11,114,2,18.131770742234252,9
16,63,17,91,4,18.120595699414864,13
17,2,15,70,4,18.05781343886209,11
18,90,23,28,5,17.842079516061677,18
19,11,10,25,2,17.653416318836914,8
20,107,13,35,2,17.620728555906965,11
21,34,11,87,3,17.338115350277818,8
22,16,21,74,5,17.197858238465976,16
23,73,10,54,2,17.106743436572106,8
24,41,12,86,2,16.916591977189356,10
25,90,12,63,3,16.840668609829066,9
26,91,11,20,3,16.614550431285505,8
27,11,13,70,3,16.32604658673946,10
28,106,10,23,3,16.05394351537058,7
29,37,14,25,4,15.864782351497581,10
30,88,12,109,2,15.756053179646178,10
31,48,11,9,3,15.643745764186933,8
32,11,11,98,3,15.62874661472016,8
33,16,10,46,3,15.615390213809864,7
34,93,10,11,2,15.321419061771829,8
35,73,14,90,4,15.181297397438652,10
36,87,14,70,4,15.12081768591584,10
37,91,12,96,3,15.083901067533665,9
38,80,12,50,2,14.926124931290452,10
39,46,16,96,6,14.744941109171663,10
40,8,11,65,3,14.67711948639893,8
41,80,11,35,3,14.578551377058158,8
42,63,33,84,10,14.557123158417967,23
43,14,11,63,4,14.53302527333945,7
44,50,11,114,3,14.440936377383059,8
45,90,10,48,3,14.062301149493257,7
46,71,13,8,4,13.992705985768803,9
47,46,12,84,3,13.974033982222737,9
48,16,33,87,10,13.893762489100295,23
49,34,11,28,3,13.638017355711037,8
50,74,14,70,5,13.57265203330867,9
51,5,18,84,5,13.492491984016144,13
52,55,25,11,6,13.485189958967284,19
53,8,10,98,2,13.401113555216398,8
54,69,11,28,4,13.38734226962898,7
55,84,10,76,3,13.371791794476119,7
56,73,10,37,4,13.344685118626419,6
57,16,10,91,3,13.247386679926667,7
58,114,10,109,2,13.1871519949772,8
59,48,19,54,6,13.122325082638987,13
60,80,10,14,4,13.097202558791373,6
61,17,10,107,3,13.095515887019284,7
62,97,13,8,4,13.031573471749283,9
63,74,22,28,6,12.995845160436726,16
64,16,23,107,6,12.980459438572407,17
65,114,11,20,3,12.975045668551978,8
66,88,23,46,6,12.946499898938846,17
67,63,38,54,11,12.927281881197459,27
68,86,16,73,6,12.90546934044994,10
69,98,23,96,8,12.672735601907378,15
70,86,10,39,4,12.521968554365156,6
71,73,17,107,6,12.476279417058619,11
72,11,38,96,12,12.43376452627604,26
73,51,11,74,3,12.350755204498364,8
74,85,11,96,3,12.207174001404555,8
75,97,14,107,5,12.193866750720966,9
76,48,21,96,6,12.070440756211477,15
77,102,14,8,4,12.059796950333432,10
78,30,10,87,3,11.954020606538128,7
79,63,12,109,3,11.942560456485014,9
80,88,12,104,4,11.911529882206118,8
81,76,10,55,2,11.845869320079572,8
82,86,17,109,4,11.844463141455284,13
83,95,10,88,3,11.838381077895013,7
84,109,11,5,4,11.832394491701882,7
85,102,17,86,4,11.692265119834602,13
86,80,15,107,3,11.678062977381895,12
87,2,13,97,4,11.663957871857763,9
88,91,10,98,3,11.6111736728835,7
89,28,18,114,7,11.571094203781072,11
90,11,18,37,5,11.382728976908798,13
91,11,19,84,6,11.373729994467022,13
92,54,10,104,3,11.25199412047397,7
93,69,12,86,4,11.221927430915741,8
94,106,16,104,5,10.9858576113729,11
95,109,13,8,5,10.964382741158797,8
96,30,13,16,4,10.882729052195028,9
97,2,24,107,7,10.77308762549499,17
98,16,27,106,8,10.725565651925926,19
99,90,18,106,6,10.722647291777667,12
100,98,10,37,4,10.708566838907794,6
101,97,11,25,4,10.706492708864033,7
102,50,11,98,3,10.6914012264267,8
103,50,23,20,9,10.679903465549346,14
104,90,20,5,6,10.678407751484231,14
105,75,14,8,4,10.634775722140729,10
106,50,16,88,6,10.561260525311432,10
107,16,16,84,6,10.536673756149728,10
108,90,16,50,5,10.406651686467335,11
109,114,17,5,6,10.369502294340972,11
110,46,11,75,3,10.358241612595512,8
111,16,37,96,11,10.284315397893865,26
112,55,12,70,4,10.141434019068976,8
113,109,11,102,4,10.030166218885235,7
114,106,14,75,7,10.013304733371458,7
115,90,11,74,3,10.005531313326735,8
116,98,16,63,6,9.997373775280366,10
117,86,20,76,7,9.940010233613187,13
118,2,13,106,5,9.919015199493716,8
119,51,17,96,6,9.90017056684033,11
120,86,25,70,10,9.87350336519557,15
121,86,23,79,8,9.865377107457421,15
122,20,22,84,6,9.790302500691975,16
123,106,17,70,7,9.772908373637206,10
124,16,18,55,6,9.733018432439057,12
125,50,27,107,10,9.722993971104628,17
126,98,14,106,5,9.701360201061402,9
127,17,12,37,5,9.669214485642492,7
128,73,13,5,5,9.6154675420233,8
129,28,10,18,4,9.538088324550174,6
130,79,12,87,3,9.532024747647966,9
131,95,13,8,5,9.502751434643129,8
132,28,18,70,7,9.49831769161556,11
133,20,14,51,6,9.477293220680314,8
134,87,13,2,5,9.430732046556473,8
135,63,18,2,7,9.424323722958958,11
136,63,25,20,10,9.320091766955512,15
137,90,13,80,4,9.306752684001106,9
138,108,14,63,5,9.298531248541144,9
139,97,13,5,4,9.29611525828206,9
140,2,11,65,3,9.274625860779652,8
141,50,11,102,5,9.219287312483528,6
142,2,10,16,3,9.214178381730257,7
143,30,15,8,5,9.185211827951935,10
144,88,21,28,7,9.173292677246714,14
145,93,13,107,4,9.132364805556763,9
146,63,36,28,12,9.124544539213488,24
147,88,12,70,4,9.07996284568391,8
148,88,24,107,8,8.926746514263165,16
149,5,10,95,3,8.888673428502385,7
150,11,18,20,5,8.872799316531829,13
151,71,12,107,4,8.85340822050049,8
152,91,18,107,6,8.785801812136054,12
153,93,16,8,6,8.764909146358075,10
154,102,10,87,3,8.61362310955975,7
155,90,10,114,4,8.560822077428913,6
156,86,17,114,7,8.541327271410411,10
157,50,25,96,9,8.534707794331519,16
158,33,10,20,4,8.511061177639789,6
159,74,33,96,12,8.474831991428163,21
160,57,10,107,4,8.46673756025304,6
161,87,13,93,5,8.417894490746614,8
162,63,18,88,7,8.41076138243071,11
163,37,17,63,6,8.28255070017803,11
164,97,15,37,6,8.227995174488177,9
165,86,12,108,5,8.204205290543774,7
166,80,14,65,5,8.117894882236026,9
167,76,16,107,6,8.078268794170354,10
168,86,26,51,11,8.062447213774556,15
169,51,15,84,5,8.0537264978673,10
170,16,14,48,6,8.053586068768567,8
171,63,17,76,5,8.029454753014045,12
172,73,20,74,7,8.01522036427702,13
173,28,18,91,7,8.01457036803685,11
174,102,19,96,7,7.9956311609664965,12
175,93,13,28,4,7.977780890104037,9
176,96,12,34,4,7.949755484984076,8
177,80,24,106,9,7.948937081453317,15
178,114,14,96,5,7.889762565328155,9
179,28,10,17,4,7.859284706452111,6
180,5,15,70,6,7.800041984653827,9
181,48,20,79,8,7.777732866617034,12
182,46,23,28,7,7.7505833090146155,16
183,79,10,106,4,7.723339908977314,6
184,76,14,70,5,7.7067801731883225,9
185,76,13,50,4,7.685614095381232,9
186,48,18,87,7,7.681552221415861,11
187,55,10,108,4,7.660382487173957,6
188,96,22,80,8,7.6325568595370585,14
189,85,10,107,4,7.595499375056901,6
190,104,22,28,7,7.584713096573633,15
191,93,14,54,5,7.533120657862029,9
192,7,10,96,3,7.4569702058661615,7
193,25,22,114,10,7.422709875271526,12
194,102,15,25,5,7.370724163994214,10
195,50,10,109,3,7.344576987504273,7
196,48,22,107,9,7.330278865374194,13
197,20,20,74,7,7.239789793313642,13
198,87,15,65,6,7.227386125132581,9
199,93,12,84,4,7.171686286545099,8
200,63,12,79,4,7.1114844508040305,8
201,5,17,20,7,7.082525775122669,10
202,86,22,75,10,7.080135146983534,12
203,11,13,109,5,7.078888073047802,8
204,86,21,80,9,7.071945289109106,12
205,8,38,87,14,7.06628470338925,24
206,50,11,48,4,7.05821121395096,7
207,2,15,37,6,6.9901158351153105,9
208,50,20,5,9,6.924732109128544,11
209,93,12,86,4,6.922029970425321,8
210,37,33,86,13,6.906367117367792,20
211,30,10,28,4,6.887888917999973,6
212,65,12,37,5,6.8663176912939194,7
213,28,18,75,8,6.846566435399733,10
214,80,22,63,8,6.843518885460648,14
215,20,22,106,8,6.829724934902,14
216,90,13,37,5,6.816364682749635,8
217,11,11,80,4,6.802148460786961,7
218,28,17,25,6,6.7819072820531785,11
219,48,10,108,3,6.749808304712147,7
220,54,37,70,16,6.740686016828507,21
221,96,22,70,11,6.734945499709392,11
222,91,14,84,6,6.727253664703563,8
223,86,17,104,8,6.722487029251984,9
224,54,12,51,5,6.707099858050083,7
225,87,23,74,9,6.70329608778849,14
226,46,10,2,4,6.670222065576344,6
227,102,11,114,3,6.658731824235186,8
228,5,16,11,7,6.631509753576113,9
229,54,11,76,4,6.60321190549357,7
230,63,27,48,10,6.571090299613162,17
231,98,15,54,6,6.5692813678210955,9
232,114,30,107,12,6.527260198734067,18
233,14,17,28,6,6.462988674713604,11
234,50,10,18,5,6.440154509710169,5
235,34,11,106,4,6.348877012003049,7
236,86,76,96,30,6.329796370249291,46
237,86,12,14,5,6.306786470454386,7
238,50,29,86,13,6.305205067940382,16
239,37,23,106,10,6.288276905479724,13
240,93,14,5,5,6.28136680821021,9
241,86,23,48,9,6.215181955253339,14
242,63,16,70,7,6.193877894018655,9
243,20,34,37,15,6.136211544699578,19
244,37,17,84,7,6.135362755463087,10
245,96,13,104,5,6.12530872201756,8
246,86,17,82,6,6.124344607685837,11
247,55,10,79,4,6.105260957218084,6
248,87,29,37,12,6.061636673078703,17
249,76,13,5,5,6.061052091280194,8
250,20,11,90,4,6.045047873910812,7
251,109,15,84,6,6.015767126917386,9
252,87,12,46,5,5.996729580761838,7
253,16,28,54,13,5.982292107634971,15
254,54,21,88,9,5.941290188768393,12
255,33,10,11,5,5.887923901561769,5
256,108,11,50,4,5.8529749166500435,7
257,50,42,54,18,5.841101522115835,24
258,30,12,96,5,5.827709187189812,7
259,39,14,11,4,5.821131817679595,10
260,96,21,25,9,5.815913112162357,12
261,16,12,108,5,5.770631208900039,7
262,84,12,9,5,5.723245457590759,7
263,63,20,55,8,5.717328262845937,12
264,28,18,102,8,5.700253275575528,10
265,5,10,2,4,5.655750547481818,6
266,95,17,86,6,5.641395768359863,11
267,63,11,46,4,5.629323926806442,7
268,38,11,84,5,5.627456024192355,6
269,65,16,106,6,5.613829651583314,10
270,9,12,50,4,5.578106204160814,8
271,84,20,54,8,5.5585130111250916,12
272,73,21,8,9,5.53991081191783,12
273,107,16,108,6,5.5146494473296634,10
274,2,11,88,4,5.477658376983315,7
275,46,20,107,7,5.461199830974728,13
276,28,22,65,10,5.410372486313548,12
277,63,34,96,13,5.39321635342965,21
278,87,26,20,12,5.3755539347824755,14
279,88,14,11,6,5.366648482123659,8
280,63,20,74,8,5.330922227821182,12
281,8,16,51,8,5.31555566891209,8
282,16,16,51,8,5.285051160663565,8
283,8,11,100,4,5.278831269681898,7
284,16,10,104,5,5.21735896074004,5
285,87,11,95,4,5.184870110841576,7
286,16,15,5,6,5.173435534526229,9
287,74,26,84,12,5.163735608111026,14
288,46,12,5,5,5.137756058052447,7
289,28,24,109,9,5.056716059445876,15
290,96,12,73,6,5.035390942293943,6
291,38,15,86,7,5.020597384796872,8
292,90,13,16,5,5.005867269542307,8
293,63,15,75,7,5.0013663141315385,8
294,86,13,35,6,4.963361102394037,7
295,74,13,108,6,4.9091054802012675,7
296,5,16,25,6,4.867054890846939,10
297,50,52,28,23,4.842006177720463,29
298,28,22,2,9,4.837290355461167,13
299,85,13,86,6,4.833314993475176,7
300,51,14,107,5,4.812684625944082,9
301,20,12,70,5,4.7525723743767765,7
302,14,15,84,6,4.752366615638507,9
303,16,13,79,6,4.716412220610577,7
304,55,11,9,5,4.690967100580704,6
305,14,20,8,8,4.574516362462752,12
306,98,24,86,11,4.56301016412544,13
307,79,12,8,4,4.5233682313953745,8
308,28,42,84,18,4.506490158254307,24
309,28,10,89,4,4.495723165298258,6
310,87,10,91,4,4.489603676814871,6
311,90,16,87,8,4.47742998597362,8
312,8,47,74,19,4.465830488136581,28
313,104,17,5,7,4.434559267763122,10
314,76,10,98,5,4.379545503881031,5
315,106,25,107,10,4.361615918052929,15
316,74,20,46,8,4.333854869232385,12
317,86,56,107,26,4.311527245291205,30
318,84,13,39,6,4.298313506568312,7
319,25,10,46,4,4.282271929171335,6
320,28,44,54,18,4.245817693054631,26
321,46,14,8,6,4.220599713273972,8
322,84,22,70,9,4.182188769343139,13
323,50,17,16,8,4.1615167602891825,9
324,84,31,106,15,4.157296923791599,16
325,28,13,98,5,4.146799456584137,8
326,51,11,63,5,4.136590143565562,6
327,74,13,50,5,4.131400013417275,8
328,37,12,46,5,4.115895508831177,7
329,84,16,90,7,4.100528600599519,9
330,74,31,5,15,4.086574883330395,16
331,54,16,95,7,4.0788113560066686,9
332,5,22,54,8,4.058205887373023,14
333,20,30,96,13,4.049587501562743,17
334,11,13,79,7,4.047561716338114,6
335,28,14,95,6,4.040550234811001,8
336,96,20,88,10,3.999156724474132,10
337,5,25,107,11,3.959553052107511,14
338,86,39,55,17,3.9547678901800314,22
339,50,31,11,13,3.9439218565792564,18
340,88,10,90,4,3.934351625812753,6
341,37,21,96,10,3.919945326141697,11
342,80,13,55,7,3.844743684805329,6
343,8,40,63,18,3.8400589182997793,22
344,74,14,37,6,3.8352370877843542,8
345,65,24,107,10,3.792460626924312,14
346,114,10,73,5,3.7201211944929797,5
347,28,25,97,10,3.677513402546221,15
348,8,25,84,10,3.6608734975068677,15
349,54,18,90,8,3.6286178426203275,10
350,63,60,86,24,3.6116085945966727,36
351,34,11,74,4,3.6078608741247753,7
352,54,22,87,11,3.595354766645855,11
353,97,26,96,12,3.5743811494977495,14
354,86,60,84,29,3.5529905844827048,31
355,107,18,25,8,3.5341499372492606,10
356,74,15,93,7,3.490032682611992,8
357,74,16,25,6,3.449101233224534,10
358,86,57,54,27,3.4390228326623684,30
359,9,14,8,5,3.40854125083978,9
360,8,11,91,5,3.3789426858895975,6
361,100,12,28,6,3.3608978166973564,6
362,20,10,9,4,3.353443346624384,6
363,86,21,46,9,3.3443655545987965,12
364,88,17,16,7,3.3394544785694715,10
365,51,22,28,9,3.3101205733455643,13
366,62,11,86,5,3.301029259605096,6
367,65,20,96,9,3.2670140800116543,11
368,17,12,54,6,3.244378643466575,6
369,37,12,55,6,3.238139723142457,6
370,16,25,11,12,3.187971277600751,13
371,86,33,90,14,3.1823998863350984,19
372,63,10,25,4,3.128845413640201,6
373,97,16,106,8,3.111030579986816,8
374,74,13,75,7,3.09993879103395,6
375,55,22,84,10,3.089338762612198,12
376,86,21,97,10,3.045973490025126,11
377,11,41,86,19,3.042531543148512,22
378,38,13,96,6,3.0422152322461717,7
379,87,25,84,11,3.036539211934451,14
380,88,17,87,7,3.032313010975377,10
381,90,10,65,5,3.027765344735429,5
382,8,27,5,13,2.9660237044922684,14
383,109,11,96,5,2.9659646975089258,6
384,95,11,96,5,2.965418433613227,6
385,86,53,20,24,2.9582720761436825,29
386,33,13,28,7,2.9473995278098504,6
387,76,19,8,9,2.941917329794885,10
388,20,12,73,5,2.9374134598402435,7
389,46,31,54,13,2.9305713657717556,18
390,63,13,39,6,2.9059687736292825,7
391,86,11,9,6,2.904091823827273,5
392,104,13,74,6,2.863476689570002,7
393,96,49,54,24,2.833383930072962,25
394,65,13,88,6,2.8256435057944165,7
395,87,10,80,4,2.824759591911268,6
396,96,31,55,14,2.8188234933181313,17
397,55,20,54,9,2.8062710008984633,11
398,79,15,50,6,2.7998338113931376,9
399,86,33,16,16,2.777962512161828,17
400,86,26,25,13,2.774458082994866,13
401,86,20,30,9,2.7676142003206357,11
402,11,20,54,10,2.7629234986803453,10
403,74,32,106,15,2.7612048035475674,17
404,98,15,107,7,2.751509983238408,8
405,107,40,20,19,2.7059472937253624,21
406,87,12,104,6,2.7052943494990296,6
407,23,12,86,5,2.6913953048637516,7
408,63,35,106,16,2.6816377957713704,19
409,97,11,76,6,2.6606949198631935,5
410,2,25,50,12,2.654728105131012,13
411,76,11,20,5,2.5901415978136977,6
412,8,16,25,7,2.5885820445701015,9
413,76,17,37,7,2.571764436347988,10
414,28,48,106,21,2.5642902894537087,27
415,20,18,35,8,2.5627214829564173,10
416,65,24,20,10,2.556824132597502,14
417,96,12,108,6,2.55336363887327,6
418,39,11,50,4,2.5147259903046506,7
419,74,16,80,8,2.4851777101640504,8
420,106,33,96,15,2.4846554394342033,18
421,50,20,87,9,2.4683945474594706,11
422,54,29,106,14,2.4537860561105083,15
423,76,17,28,7,2.4459980101162073,10
424,39,10,54,5,2.4307020889287747,5
425,65,29,86,13,2.3928055133807304,16
426,84,18,48,8,2.3757676007188655,10
427,8,49,96,22,2.333601925976549,27
428,90,19,107,8,2.3156817608347353,11
429,11,13,35,6,2.2776751536044095,7
430,74,14,97,7,2.2722785511479233,7
431,48,12,20,6,2.221833782061969,6
432,97,15,55,7,2.195224664138417,8
433,96,11,14,5,2.19268862994012,6
434,107,13,38,6,2.179372128477191,7
435,84,13,65,6,2.1773880887408454,7
436,50,11,65,6,2.121724673878297,5
437,87,31,63,15,2.118093831905287,16
438,60,15,90,7,2.117910855592109,8
439,84,50,107,24,2.1078768651125173,26
440,96,19,90,8,2.0975196885604808,11
441,35,12,37,6,2.089032815390569,6
442,75,17,37,6,2.069303836340336,11
443,28,64,96,30,2.0558086605309875,34
444,10,12,8,5,2.0503759021730206,7
445,63,11,38,5,2.0377552699599373,6
446,54,39,107,18,2.0358108882998858,21
447,88,21,84,10,2.0276205631894673,11
448,8,19,48,8,1.999230113515404,11
449,84,10,35,5,1.9965083140622215,5
450,63,36,107,16,1.9964318492105986,20
451,55,12,90,7,1.9940592194265985,5
452,11,27,63,14,1.9872168297368233,13
453,11,20,74,9,1.9548228575807027,11
454,87,16,55,7,1.9404799216015798,9
455,87,41,107,19,1.9301722661331329,22
456,37,18,104,8,1.912722379050171,10
457,86,13,91,6,1.9050846765976825,7
458,65,18,74,9,1.9006747978415603,9
459,62,10,28,5,1.893815032183228,5
460,8,34,70,16,1.8843474596478074,18
461,51,17,87,8,1.8833490464670963,9
462,5,23,87,11,1.8798315610042973,12
463,8,47,54,24,1.8764602304295757,23
464,107,12,34,6,1.8698580351185214,6
465,28,25,37,12,1.860678868667299,13
466,86,53,5,25,1.8310944117770107,28
467,17,10,65,6,1.8006374195790151,4
468,75,12,71,5,1.7934644695786615,7
469,76,22,106,8,1.77118963732772,14
470,75,16,96,6,1.7523391118454663,10
471,16,13,75,6,1.7465772324516469,7
472,88,24,86,9,1.7246485121594402,15
473,8,12,80,5,1.7222815544039995,7
474,85,13,54,6,1.7196059703411017,7
475,8,42,106,21,1.6938761092836299,21
476,48,12,55,5,1.6914768408443575,7
477,106,22,55,11,1.6908427299306483,11
478,11,34,8,17,1.683632820533261,17
479,11,18,48,8,1.6285219730934672,10
480,84,18,80,8,1.570942028221592,10
481,88,19,20,10,1.5223637214431065,9
482,107,34,37,16,1.5221854163762443,18
483,8,31,90,14,1.5056548864922348,17
484,20,20,16,9,1.4827356605490611,11
485,74,10,55,5,1.4286826201538882,5
486,102,16,54,7,1.4089469030692696,9
487,37,14,16,6,1.4072505012704302,8
488,106,26,88,11,1.4005785849803014,15
489,28,35,5,18,1.3866317126420997,17
490,55,19,28,7,1.3861075804754606,12
491,86,70,28,33,1.383000577475478,37
492,20,38,28,17,1.377543749179071,21
493,109,11,73,6,1.3735030211742993,5
494,80,23,28,11,1.3633599598332944,12
495,88,27,8,12,1.3461492085569122,15
496,79,17,28,8,1.3443965025775713,9
497,91,10,5,5,1.3307864414729824,5
498,54,13,114,7,1.3062855709151644,6
499,106,16,48,8,1.2966873109190276,8
500,63,21,97,10,1.2893166339590412,11
501,75,11,84,5,1.2484479349865476,6
502,63,27,5,11,1.232527873586552,16
503,109,11,87,6,1.2284964497151856,5
504,2,19,86,8,1.2277524355686495,11
505,84,24,50,12,1.2273354450449643,12
506,54,18,80,8,1.2235928560664608,10
507,75,14,50,6,1.2201434901598596,8
508,50,10,34,5,1.2099513767481038,5
509,82,11,28,6,1.1949949841809344,5
510,2,11,84,5,1.1889938819078087,6
511,109,18,54,10,1.1848897439191548,8
512,74,49,86,24,1.1794581272142899,25
513,50,19,8,11,1.1697928653841763,8
514,87,24,28,11,1.16907639186366,13
515,37,19,70,9,1.1674993437115007,10
516,109,13,20,8,1.166118955660283,5
517,96,50,107,23,1.163938588430391,27
518,54,18,65,9,1.1604082904646678,9
519,55,36,8,17,1.1379965404184393,19
520,86,60,87,31,1.1327161641325862,29
521,38,12,37,6,1.1178231471077413,6
522,54,44,20,20,1.1059894419034548,24
523,97,12,70,5,1.0662872633837654,7
524,8,12,39,7,1.0422350515052903,5
525,70,20,107,10,1.0170699004269221,10
526,55,14,5,7,1.016465354628442,7
527,54,23,74,12,0.9317443594507194,11
528,20,14,2,6,0.9201059198292383,8
529,63,22,50,9,0.9200933974891796,13
530,70,17,65,8,0.9099362463379622,9
531,28,51,107,26,0.885211434770724,25
532,74,17,2,9,0.8667525886050844,8
533,28,48,8,25,0.8386050061771423,23
534,106,11,14,6,0.8292000189715029,5
535,106,54,86,26,0.8287962233523535,28
536,104,13,63,6,0.8244830725629905,7
537,54,14,97,7,0.8042932950440935,7
538,11,42,28,21,0.80002515389246,21
539,86,11,17,6,0.7998063152817568,5
540,71,11,28,6,0.7906121882474628,5
541,11,20,46,10,0.7800389206995956,10
542,8,34,16,16,0.779150764384508,18
543,106,18,5,8,0.7754718845542204,10
544,65,16,55,7,0.7579567813833229,9
545,28,27,48,13,0.7484805696104432,14
546,5,24,37,10,0.7236864139069024,14
547,88,19,55,9,0.7153400360098916,10
548,107,22,55,11,0.6732864832670306,11
549,2,27,8,13,0.6632475456495832,14
550,5,41,96,20,0.6566491427391816,21
551,106,11,73,5,0.6544320839177008,6
552,8,33,20,16,0.6347510371412081,17
553,5,18,88,9,0.6335697605240891,9
554,28,14,73,7,0.6101482668377957,7
555,63,17,65,9,0.6100329666368388,8
556,104,19,107,10,0.5916837768511737,9
557,74,10,91,5,0.5863595626570582,5
558,74,10,76,6,0.5805497326470934,4
559,2,17,96,8,0.5793042045284421,9
560,50,28,37,14,0.5688425617216251,14
561,51,13,55,7,0.5521554244421191,6
562,84,36,96,19,0.5431287052497142,17
563,114,12,37,6,0.4821664810655116,6
564,107,58,8,28,0.46266993324056654,30
565,8,21,104,11,0.4607025255898365,10
566,65,20,16,9,0.4261404500025613,11
567,87,40,96,19,0.4246868564905933,21
568,63,27,16,13,0.42109162793691096,14
569,9,11,63,5,0.41758664889208236,6
570,84,14,79,8,0.41419542722796737,6
571,37,16,51,9,0.4038062444177477,7
572,76,16,87,8,0.39595996235299813,8
573,87,32,106,16,0.38845028179034213,16
574,106,26,50,12,0.3301801033655424,14
575,55,13,75,8,0.2901701128736263,5
576,9,17,28,7,0.28857106564612295,10
577,100,12,86,7,0.28409428109562196,5
578,74,13,95,7,0.26136969694004936,6
579,76,26,96,12,0.24225869633728628,14
580,80,22,20,11,0.23432520359835018,11
581,11,30,87,16,0.21064944652429082,14
582,107,19,75,11,0.2058755385802943,8
583,74,36,107,18,0.20336218775698894,18
584,11,33,106,17,0.15174923934260073,16
585,88,10,76,4,0.14500962782709123,6
586,76,15,11,7,0.1376774645288651,8
587,8,48,86,23,0.13696655671742933,25
588,28,42,16,20,0.1207294469421681,22
589,80,14,37,7,0.08688615194951728,7
590,8,35,37,17,0.084349149673781,18
591,11,11,51,6,0.07978822497443648,5
592,109,13,48,7,0.0675018600088535,6
593,35,12,28,6,0.0265085475018972,6
594,28,12,35,6,-0.02650854750189661,6
595,48,13,109,6,-0.0675018600088535,7
596,51,11,11,5,-0.07978822497443616,6
597,37,35,8,18,-0.08434914967378404,17
598,37,14,80,7,-0.08688615194951765,7
599,16,42,28,22,-0.12072944694216876,20
600,86,48,8,25,-0.1369665567174293,23
601,76,10,88,6,-0.14500962782709123,4
602,106,33,11,16,-0.15174923934259965,17
603,75,19,107,8,-0.20587553858029328,11
604,87,30,11,14,-0.21064944652429057,16
605,20,22,80,11,-0.23432520359835107,11
606,96,26,76,14,-0.24225869633728683,12
607,95,13,74,6,-0.26136969694005074,7
608,86,12,100,5,-0.28409428109562046,7
609,28,17,9,10,-0.2885710656461217,7
610,75,13,55,5,-0.2901701128736252,8
611,50,26,106,14,-0.3301801033655417,12
612,106,32,87,16,-0.3884502817903429,16
613,51,16,37,7,-0.40380624441774726,9
614,79,14,84,6,-0.414195427227968,8
615,63,11,9,6,-0.41758664889208175,5
616,16,27,63,14,-0.4210916279369104,13
617,96,40,87,21,-0.4246868564905931,19
618,16,20,65,11,-0.4261404500025613,9
619,104,21,8,10,-0.46070252558983577,11
620,8,58,107,30,-0.4626699332405652,28
621,37,12,114,6,-0.48216648106551246,6
622,96,36,84,17,-0.5431287052497149,19
623,55,13,51,6,-0.5521554244421188,7
624,37,28,50,14,-0.5688425617216252,14
625,96,17,2,9,-0.5793042045284422,8
626,76,10,74,4,-0.5805497326470934,6
627,91,10,74,5,-0.5863595626570579,5
628,107,19,104,9,-0.5916837768511737,10
629,65,17,63,8,-0.6100329666368389,9
630,73,14,28,7,-0.6101482668377952,7
631,88,18,5,9,-0.6335697605240893,9
632,20,33,8,17,-0.6347510371412074,16
633,73,11,106,6,-0.6544320839177015,5
634,96,41,5,21,-0.6566491427391822,20
635,8,27,2,14,-0.6632475456495831,13
636,55,22,107,11,-0.6732864832670304,11
637,55,19,88,10,-0.7153400360098918,9
638,37,24,5,14,-0.7236864139069027,10
639,48,27,28,14,-0.7484805696104441,13
640,55,16,65,9,-0.7579567813833243,7
641,5,18,106,10,-0.7754718845542194,8
642,16,34,8,18,-0.7791507643845089,16
643,46,20,11,10,-0.7800389206995959,10
644,28,11,71,5,-0.7906121882474615,6
645,17,11,86,5,-0.7998063152817575,6
646,28,42,11,21,-0.80002515389246,21
647,97,14,54,7,-0.8042932950440923,7
648,63,13,104,7,-0.824483072562991,6
649,14,11,106,5,-0.8292000189715015,6
650,8,48,28,23,-0.8386050061771423,25
651,2,17,74,8,-0.8667525886050853,9
652,107,51,28,25,-0.8852114347707236,26
653,65,17,70,9,-0.9099362463379616,8
654,50,22,63,13,-0.9200933974891797,9
655,2,14,20,8,-0.9201059198292378,6
656,11,28,107,15,-0.9232737791068057,13
657,74,23,54,11,-0.931744359450719,12
658,5,14,55,7,-1.0164653546284423,7
659,107,20,70,10,-1.017069900426923,10
660,39,12,8,5,-1.0422350515052898,7
661,70,12,97,7,-1.0662872633837661,5
662,20,44,54,24,-1.1059894419034564,20
663,37,12,38,6,-1.11782314710774,6
664,107,13,102,7,-1.1379685230493204,6
665,8,36,55,19,-1.1379965404184398,17
666,65,18,54,9,-1.1604082904646675,9
667,107,50,96,27,-1.1639385884303914,23
668,20,13,109,5,-1.1661189556602822,8
669,70,19,37,10,-1.1674993437115004,9
670,28,24,87,13,-1.16907639186366,11
671,8,19,50,8,-1.1697928653841783,11
672,86,49,74,25,-1.179458127214287,24
673,54,18,109,8,-1.1848897439191548,10
674,84,11,2,6,-1.1889938819078048,5
675,28,11,82,5,-1.1949949841809342,6
676,34,10,50,5,-1.2099513767481056,5
677,50,14,75,8,-1.2201434901598602,6
678,80,18,54,10,-1.2235928560664604,8
679,50,24,84,12,-1.227335445044964,12
680,86,19,2,11,-1.2277524355686478,8
681,87,11,109,5,-1.2284964497151856,6
682,5,27,63,16,-1.2325278735865541,11
683,84,11,75,6,-1.2484479349865476,5
684,97,21,63,11,-1.2893166339590398,10
685,114,13,54,6,-1.3062855709151644,7
686,5,10,91,5,-1.3307864414729813,5
687,28,17,79,9,-1.3443965025775715,8
688,8,27,88,15,-1.3461492085569107,12
689,28,23,80,12,-1.3633599598332946,11
690,73,11,109,5,-1.3735030211742982,6
691,28,38,20,21,-1.3775437491790712,17
692,107,28,11,14,-1.381814574889409,14
693,28,70,86,37,-1.3830005774754779,33
694,28,19,55,12,-1.3861075804754588,7
695,5,35,28,17,-1.3866317126420988,18
696,88,26,106,15,-1.4005785849803014,11
697,16,14,37,8,-1.4072505012704295,6
698,54,16,102,9,-1.40894690306927,7
699,55,10,74,5,-1.4286826201538898,5
700,16,20,20,11,-1.482735660549062,9
701,90,31,8,17,-1.5056548864922334,14
702,37,34,107,18,-1.522185416376245,16
703,80,18,84,10,-1.5709420282215925,8
704,8,34,11,17,-1.6836328205332602,17
705,55,22,106,11,-1.690842729930649,11
706,55,12,48,7,-1.6914768408443577,5
707,106,42,8,21,-1.6938761092836312,21
708,54,13,85,7,-1.719605970341104,6
709,80,12,8,7,-1.7222815544039987,5
710,86,24,88,15,-1.7246485121594421,9
711,75,13,16,7,-1.7465772324516466,6
712,96,16,75,10,-1.7523391118454665,6
713,71,12,75,7,-1.7934644695786608,5
714,65,10,17,4,-1.8006374195790151,6
715,5,53,86,28,-1.8310944117770085,25
716,37,25,28,13,-1.8606788686672986,12
717,34,12,107,6,-1.869858035118521,6
718,54,47,8,23,-1.8764602304295752,24
719,87,23,5,12,-1.8798315610042977,11
720,87,17,51,9,-1.8833490464670963,8
721,70,34,8,18,-1.8843474596478085,16
722,28,10,62,5,-1.893815032183228,5
723,74,18,65,9,-1.9006747978415612,9
724,91,13,86,7,-1.905084676597684,6
725,104,18,37,10,-1.91272237905017,8
726,55,16,87,9,-1.9404799216015791,7
727,74,20,11,11,-1.954822857580702,9
728,63,27,11,13,-1.987216829736823,14
729,90,12,55,5,-1.9940592194265978,7
730,107,36,63,20,-1.9964318492105986,16
731,35,10,84,5,-1.996508314062219,5
732,48,19,8,11,-1.9992301135154034,8
733,86,54,106,29,-2.0240272217207607,25
734,84,21,88,11,-2.027620563189467,10
735,107,39,54,21,-2.035810888299886,18
736,38,11,63,6,-2.0377552699599373,5
737,8,12,10,7,-2.050375902173021,5
738,96,64,28,34,-2.055808660530986,30
739,37,17,75,11,-2.069303836340335,6
740,37,12,35,6,-2.0890328153905666,6
741,90,19,96,11,-2.0975196885604803,8
742,107,50,84,26,-2.107876865112518,24
743,90,15,60,8,-2.117910855592109,7
744,63,31,87,16,-2.118093831905288,15
745,65,11,50,5,-2.1217246738782976,6
746,65,13,84,7,-2.1773880887408454,6
747,38,13,107,7,-2.1793721284771914,6
748,14,11,96,6,-2.19268862994012,5
749,55,15,97,8,-2.1952246641384163,7
750,87,60,86,30,-2.208424062664152,30
751,20,12,48,6,-2.2218337820619696,6
752,97,14,74,7,-2.2722785511479224,7
753,35,13,11,7,-2.277675153604409,6
754,96,49,8,27,-2.3336019259765495,22
755,48,18,84,10,-2.3757676007188655,8
756,86,29,65,16,-2.39280551338073,13
757,54,10,39,5,-2.4307020889287743,5
758,28,17,76,10,-2.445998010116208,7
759,106,29,54,15,-2.4537860561105083,14
760,87,20,50,11,-2.4683945474594706,9
761,96,33,106,18,-2.4846554394342006,15
762,80,16,74,8,-2.4851777101640518,8
763,107,36,74,19,-2.491393133382504,17
764,50,11,39,7,-2.5147259903046506,4
765,108,12,96,6,-2.5533636388732703,6
766,20,24,65,14,-2.556824132597502,10
767,35,18,20,10,-2.562721482956418,8
768,106,48,28,27,-2.5642902894537083,21
769,37,17,76,10,-2.5717644363479883,7
770,25,16,8,9,-2.588582044570101,7
771,20,11,76,6,-2.590141597813698,5
772,50,25,2,13,-2.654728105131013,12
773,76,11,97,5,-2.6606949198631926,6
774,106,35,63,19,-2.6816377957713704,16
775,86,12,23,7,-2.6913953048637516,5
776,104,12,87,6,-2.7052943494990296,6
777,20,40,107,21,-2.7059472937253615,19
778,107,15,98,8,-2.7515099832384076,7
779,14,12,107,6,-2.752826564735613,6
780,106,32,74,17,-2.7612048035475665,15
781,54,20,11,10,-2.762923498680346,10
782,30,20,86,11,-2.7676142003206357,9
783,25,26,86,13,-2.774458082994865,13
784,16,33,86,17,-2.7779625121618285,16
785,50,15,79,9,-2.7998338113931363,6
786,54,20,55,11,-2.8062710008984615,9
787,55,31,96,17,-2.8188234933181313,14
788,80,10,87,6,-2.824759591911268,4
789,88,13,65,7,-2.825643505794417,6
790,54,49,96,25,-2.8333839300729595,24
791,74,13,104,7,-2.8634766895700015,6
792,9,11,86,5,-2.9040918238272733,6
793,39,13,63,7,-2.905968773629283,6
794,54,31,46,18,-2.9305713657717556,13
795,73,12,20,7,-2.9374134598402435,5
796,8,19,76,10,-2.941917329794886,9
797,28,13,33,6,-2.947399527809851,7
798,20,53,86,29,-2.9582720761436825,24
799,96,11,95,6,-2.9654184336132263,5
800,96,11,109,6,-2.965964697508925,5
801,5,27,8,14,-2.9660237044922693,13
802,65,10,90,5,-3.027765344735429,5
803,87,17,88,10,-3.0323130109753764,7
804,84,25,87,14,-3.0365392119344508,11
805,96,13,38,7,-3.0422152322461713,6
806,97,21,86,11,-3.045973490025126,10
807,84,22,55,12,-3.089338762612198,10
808,75,13,74,6,-3.09993879103395,7
809,106,16,97,8,-3.1110305799868163,8
810,107,12,14,7,-3.1146710636183896,5
811,25,10,63,6,-3.1288454136402013,4
812,90,33,86,19,-3.1823998863350966,14
813,55,12,37,6,-3.2381397231424565,6
814,54,12,17,6,-3.2443786434665753,6
815,96,20,65,11,-3.2670140800116547,9
816,86,11,62,6,-3.3010292596050945,5
817,28,22,51,13,-3.310120573345564,9
818,16,17,88,10,-3.339454478569473,7
819,46,21,86,12,-3.3443655545987965,9
820,9,10,20,6,-3.353443346624384,4
821,28,12,100,6,-3.3608978166973564,6
822,91,11,8,6,-3.378942685889598,5
823,8,14,9,9,-3.4085412508397837,5
824,54,57,86,30,-3.439022832662367,27
825,25,16,74,10,-3.449101233224533,6
826,93,15,74,8,-3.4900326826119916,7
827,107,41,87,23,-3.504378946911036,18
828,25,18,107,10,-3.5341499372492597,8
829,84,60,86,31,-3.5529905844827057,29
830,96,26,97,14,-3.5743811494977504,12
831,87,22,54,11,-3.5953547666458547,11
832,74,11,34,7,-3.607860874124775,4
833,86,60,63,36,-3.6116085945966736,24
834,90,18,54,10,-3.6286178426203275,8
835,84,25,8,15,-3.6608734975068673,10
836,97,25,28,15,-3.6775134025462215,10
837,73,10,114,5,-3.7201211944929797,5
838,107,24,65,14,-3.792460626924312,10
839,102,13,107,7,-3.82683716248099,6
840,37,14,74,8,-3.8352370877843547,6
841,63,40,8,22,-3.8400589182997775,18
842,55,13,80,6,-3.8447436848053296,7
843,96,21,37,11,-3.919945326141697,10
844,90,10,88,6,-3.9343516258127544,4
845,11,31,50,18,-3.9439218565792564,13
846,55,39,86,22,-3.9547678901800305,17
847,107,25,5,14,-3.9595530521075104,11
848,88,20,96,10,-3.999156724474132,10
849,95,14,28,8,-4.040550234811,6
850,79,13,11,6,-4.047561716338114,7
851,96,30,20,17,-4.049587501562743,13
852,54,22,5,14,-4.058205887373023,8
853,95,16,54,9,-4.078811356006668,7
854,5,31,74,16,-4.086574883330395,15
855,90,16,84,9,-4.100528600599519,7
856,46,12,37,7,-4.1158955088311755,5
857,50,13,74,8,-4.1314000134172755,5
858,63,11,51,6,-4.13659014356556,5
859,98,13,28,8,-4.1467994565841355,5
860,106,31,84,16,-4.1572969237916,15
861,16,17,50,9,-4.161516760289184,8
862,70,22,84,13,-4.182188769343141,9
863,8,14,46,8,-4.220599713273973,6
864,54,44,28,26,-4.245817693054632,18
865,46,10,25,6,-4.282271929171334,4
866,39,13,84,7,-4.298313506568312,6
867,107,56,86,30,-4.311527245291203,26
868,46,20,74,12,-4.333854869232386,8
869,98,10,76,5,-4.379545503881031,5
870,87,16,76,9,-4.429864581846375,7
871,5,17,104,10,-4.434559267763124,7
872,11,15,76,9,-4.440509058655133,6
873,74,47,8,28,-4.4658304881365805,19
874,87,16,90,8,-4.47742998597362,8
875,91,10,87,6,-4.4896036768148715,4
876,89,10,28,6,-4.495723165298258,4
877,84,42,28,24,-4.50649015825431,18
878,8,12,79,8,-4.523368231395376,4
879,86,24,98,13,-4.5630101641254415,11
880,8,20,14,12,-4.5745163624627505,8
881,86,41,11,23,-4.616738223926415,18
882,9,11,55,6,-4.690967100580704,5
883,106,22,76,15,-4.704938451504721,7
884,79,13,16,7,-4.716412220610577,6
885,84,15,14,9,-4.752366615638507,6
886,70,12,20,7,-4.75257237437678,5
887,107,14,51,9,-4.812684625944084,5
888,86,13,85,7,-4.833314993475175,6
889,2,22,28,13,-4.837290355461167,9
890,28,52,50,29,-4.842006177720464,23
891,25,16,5,10,-4.867054890846939,6
892,108,13,74,7,-4.90910548020127,6
893,35,13,86,7,-4.963361102394038,6
894,75,15,63,8,-5.001366314131536,7
895,16,13,90,8,-5.005867269542305,5
896,86,15,38,8,-5.020597384796871,7
897,73,12,96,6,-5.035390942293941,6
898,109,24,28,15,-5.056716059445876,9
899,5,12,46,7,-5.137756058052447,5
900,84,26,74,14,-5.163735608111025,12
901,5,15,16,9,-5.173435534526228,6
902,95,11,87,7,-5.184870110841573,4
903,48,18,11,11,-5.21421496819869,7
904,104,10,16,5,-5.21735896074004,5
905,100,11,8,7,-5.278831269681899,4
906,51,16,16,8,-5.285051160663567,8
907,51,16,8,8,-5.315555668912091,8
908,48,16,106,9,-5.330591930412405,7
909,74,20,63,12,-5.33092222782118,8
910,11,14,88,8,-5.366648482123658,6
911,20,26,87,14,-5.375553934782474,12
912,96,34,63,21,-5.39321635342965,13
913,65,22,28,12,-5.410372486313549,10
914,107,20,46,13,-5.461199830974728,7
915,88,11,2,7,-5.477658376983314,4
916,108,16,107,10,-5.514649447329664,6
917,8,21,73,12,-5.539910811917831,9
918,54,20,84,12,-5.558513011125089,8
919,50,12,9,8,-5.578106204160814,4
920,106,16,65,10,-5.613829651583315,6
921,84,11,38,6,-5.627456024192355,5
922,46,11,63,7,-5.629323926806441,4
923,86,17,95,11,-5.641395768359862,6
924,2,10,5,6,-5.6557505474818175,4
925,102,18,28,10,-5.700253275575529,8
926,55,20,63,12,-5.717328262845937,8
927,9,12,84,7,-5.723245457590759,5
928,11,25,16,14,-5.769670234076513,11
929,108,12,16,7,-5.770631208900042,5
930,25,21,96,12,-5.815913112162358,9
931,11,14,39,10,-5.821131817679595,4
932,96,12,30,7,-5.827709187189811,5
933,54,42,50,24,-5.8411015221158396,18
934,50,11,108,7,-5.852974916650042,4
935,20,19,88,10,-5.857580249996713,9
936,11,10,33,5,-5.887923901561768,5
937,88,21,54,12,-5.941290188768393,9
938,54,28,16,15,-5.982292107634971,13
939,46,12,87,7,-5.996729580761838,5
940,84,15,109,9,-6.015767126917385,6
941,5,13,76,8,-6.061052091280193,5
942,37,29,87,17,-6.0616366730787,12
943,79,10,55,6,-6.105260957218082,4
944,82,17,86,11,-6.124344607685839,6
945,104,13,96,8,-6.125308722017562,5
946,84,17,37,10,-6.135362755463087,7
947,37,34,20,19,-6.136211544699574,15
948,70,16,63,9,-6.193877894018655,7
949,48,23,86,14,-6.215181955253337,9
950,5,14,93,9,-6.281366808210213,5
951,106,23,37,13,-6.288276905479725,10
952,86,29,50,16,-6.30520506794038,13
953,96,76,86,46,-6.3297963702492925,30
954,106,11,34,7,-6.348877012003049,4
955,18,10,50,5,-6.440154509710172,5
956,28,17,14,11,-6.462988674713606,6
957,107,30,114,18,-6.527260198734067,12
958,54,15,98,9,-6.569281367821096,6
959,48,27,63,17,-6.571090299613161,10
960,76,11,54,7,-6.60321190549357,4
961,11,16,5,9,-6.631509753576111,7
962,107,19,90,12,-6.650898289388344,7
963,114,11,102,8,-6.658731824235187,3
964,2,10,46,6,-6.670222065576342,4
965,74,23,87,14,-6.703296087788493,9
966,51,12,54,7,-6.707099858050083,5
967,104,17,86,9,-6.722487029251985,8
968,84,14,91,8,-6.727253664703563,6
969,70,22,96,11,-6.734945499709392,11
970,70,37,54,21,-6.740686016828504,16
971,108,10,48,7,-6.749808304712144,3
972,25,17,28,11,-6.781907282053179,6
973,80,11,11,7,-6.802148460786961,4
974,37,13,90,8,-6.816364682749636,5
975,106,22,20,14,-6.829724934902,8
976,63,22,80,14,-6.84351888546065,8
977,75,18,28,10,-6.846566435399732,8
978,37,12,65,7,-6.8663176912939194,5
979,28,10,30,6,-6.887888917999973,4
980,86,33,37,20,-6.906367117367792,13
981,86,12,93,8,-6.922029970425322,4
982,5,20,50,11,-6.9247321091285485,9
983,37,15,2,9,-6.990115835115313,6
984,107,25,106,16,-7.050885664381847,9
985,48,11,50,7,-7.058211213950958,4
986,87,38,8,24,-7.0662847033892495,14
987,80,21,86,12,-7.071945289109108,9
988,109,13,11,8,-7.078888073047802,5
989,75,22,86,12,-7.080135146983534,10
990,20,17,5,10,-7.082525775122669,7
991,79,12,63,8,-7.1114844508040305,4
992,84,12,93,8,-7.171686286545099,4
993,65,15,87,9,-7.22738612513258,6
994,107,22,48,13,-7.3302788653741935,9
995,109,10,50,7,-7.344576987504273,3
996,25,15,102,10,-7.370724163994214,5
997,114,22,25,12,-7.422709875271525,10
998,96,10,7,7,-7.456970205866161,3
999,54,14,93,9,-7.533120657862029,5
1000,28,22,104,15,-7.584713096573633,7
1001,107,10,85,6,-7.595499375056905,4
1002,80,22,96,14,-7.6325568595370585,8
1003,108,10,55,6,-7.6603824871739565,4
1004,50,13,76,9,-7.685614095381234,4
1005,70,14,76,9,-7.7067801731883225,5
1006,106,10,79,6,-7.723339908977311,4
1007,28,23,46,16,-7.750583309014615,7
1008,79,20,48,12,-7.7777328666170344,8
1009,70,15,5,9,-7.800041984653825,6
1010,17,10,28,6,-7.85928470645211,4
1011,96,14,114,9,-7.889762565328155,5
1012,106,24,80,15,-7.94893708145332,9
1013,34,12,96,8,-7.949755484984076,4
1014,28,13,93,9,-7.977780890104037,4
1015,96,19,102,12,-7.995631160966494,7
1016,91,18,28,11,-8.014570368036852,7
1017,74,20,73,13,-8.015220364277019,7
1018,76,17,63,12,-8.029454753014045,5
1019,48,14,16,8,-8.053586068768565,6
1020,84,15,51,10,-8.053726497867302,5
1021,51,26,86,15,-8.062447213774558,11
1022,107,16,76,10,-8.078268794170352,6
1023,65,14,80,9,-8.117894882236024,5
1024,108,12,86,7,-8.204205290543772,5
1025,37,15,97,9,-8.227995174488175,6
1026,63,17,37,11,-8.282550700178032,6
1027,88,18,63,11,-8.410761382430712,7
1028,93,13,87,8,-8.417894490746612,5
1029,107,10,57,6,-8.46673756025304,4
1030,96,33,74,21,-8.474831991428166,12
1031,20,10,33,6,-8.511061177639792,4
1032,96,25,50,16,-8.534707794331519,9
1033,114,17,86,10,-8.541327271410411,7
1034,114,10,90,6,-8.560822077428913,4
1035,87,10,102,7,-8.61362310955975,3
1036,8,16,93,10,-8.764909146358075,6
1037,107,18,91,12,-8.785801812136052,6
1038,107,12,71,8,-8.85340822050049,4
1039,20,18,11,13,-8.87279931653183,5
1040,95,10,5,7,-8.888673428502386,3
1041,70,12,88,8,-9.079962845683914,4
1042,28,36,63,24,-9.124544539213488,12
1043,28,21,88,14,-9.173292677246712,7
1044,8,15,30,10,-9.185211827951933,5
1045,16,10,2,7,-9.214178381730255,3
1046,102,11,50,6,-9.219287312483527,5
1047,65,11,2,8,-9.274625860779656,3
1048,5,13,97,9,-9.29611525828206,4
1049,63,14,108,9,-9.298531248541147,5
1050,80,13,90,9,-9.30675268400111,4
1051,20,25,63,15,-9.320091766955514,10
1052,2,18,63,11,-9.42432372295896,7
1053,2,13,87,8,-9.430732046556471,5
1054,51,14,20,8,-9.477293220680318,6
1055,70,18,28,11,-9.49831769161556,7
1056,8,13,95,8,-9.502751434643129,5
1057,87,12,79,9,-9.532024747647966,3
1058,18,10,28,6,-9.538088324550174,4
1059,5,13,73,8,-9.6154675420233,5
1060,37,12,17,7,-9.669214485642494,5
1061,106,14,98,9,-9.701360201061403,5
1062,107,27,50,17,-9.72299397110463,10
1063,55,18,16,12,-9.733018432439058,6
1064,70,17,106,10,-9.772908373637206,7
1065,84,22,20,16,-9.790302500691977,6
1066,79,23,86,15,-9.865377107457421,8
1067,70,25,86,15,-9.873503365195567,10
1068,96,17,51,11,-9.900170566840332,6
1069,106,13,2,8,-9.919015199493714,5
1070,76,20,86,13,-9.940010233613185,7
1071,63,16,98,10,-9.99737377528037,6
1072,74,11,90,8,-10.005531313326735,3
1073,75,14,106,7,-10.013304733371458,7
1074,102,11,109,7,-10.030166218885235,4
1075,70,12,55,8,-10.141434019068976,4
1076,96,37,16,26,-10.284315397893868,11
1077,75,11,46,8,-10.358241612595513,3
1078,5,17,114,11,-10.36950229434097,6
1079,50,16,90,11,-10.406651686467333,5
1080,84,16,16,10,-10.536673756149728,6
1081,88,16,50,10,-10.561260525311432,6
1082,8,14,75,10,-10.634775722140729,4
1083,5,20,90,14,-10.678407751484231,6
1084,20,23,50,14,-10.679903465549344,9
1085,98,11,50,8,-10.691401226426704,3
1086,25,11,97,7,-10.706492708864031,4
1087,37,10,98,6,-10.708566838907796,4
1088,106,18,90,12,-10.722647291777667,6
1089,107,24,2,17,-10.773087625494988,7
1090,16,13,30,9,-10.88272905219503,4
1091,8,13,109,8,-10.964382741158794,5
1092,104,16,106,11,-10.9858576113729,5
1093,86,12,69,8,-11.221927430915741,4
1094,104,10,54,7,-11.25199412047397,3
1095,87,18,48,12,-11.267245216521085,6
1096,74,20,20,14,-11.358245495439569,6
1097,84,19,11,13,-11.37372999446702,6
1098,37,18,11,13,-11.3827289769088,5
1099,114,18,28,11,-11.571094203781072,7
1100,98,10,91,7,-11.6111736728835,3
1101,97,13,2,9,-11.663957871857763,4
1102,107,15,80,12,-11.678062977381893,3
1103,14,12,86,8,-11.685325963112222,4
1104,5,11,109,7,-11.832394491701884,4
1105,88,10,95,7,-11.838381077895013,3
1106,109,17,86,13,-11.844463141455284,4
1107,55,10,76,8,-11.845869320079572,2
1108,104,12,88,8,-11.911529882206116,4
1109,109,12,63,9,-11.942560456485012,3
1110,87,10,30,7,-11.954020606538128,3
1111,8,14,102,10,-12.059796950333432,4
1112,96,21,48,15,-12.070440756211473,6
1113,107,14,97,9,-12.19386675072097,5
1114,96,11,85,8,-12.207174001404555,3
1115,74,11,51,8,-12.350755204498363,3
1116,107,24,88,17,-12.358792932701435,7
1117,96,38,11,26,-12.433764526276038,12
1118,107,17,73,11,-12.476279417058619,6
1119,39,10,86,6,-12.521968554365154,4
1120,96,23,98,15,-12.672735601907378,8
1121,73,16,86,10,-12.90546934044994,6
1122,54,38,63,27,-12.927281881197459,11
1123,46,23,88,17,-12.946499898938844,6
1124,20,11,114,8,-12.975045668551978,3
1125,107,23,16,17,-12.980459438572407,6
1126,28,22,74,16,-12.995845160436723,6
1127,8,13,97,9,-13.031573471749281,4
1128,107,10,17,7,-13.095515887019285,3
1129,14,10,80,6,-13.097202558791372,4
1130,106,27,16,20,-13.116027648662739,7
1131,54,19,48,13,-13.122325082638987,6
1132,109,10,114,8,-13.187151994977205,2
1133,91,10,16,7,-13.247386679926667,3
1134,37,10,73,6,-13.34468511862642,4
1135,76,10,84,7,-13.371791794476115,3
1136,28,11,69,7,-13.387342269628983,4
1137,98,10,8,8,-13.401113555216398,2
1138,11,25,55,19,-13.485189958967283,6
1139,84,18,5,13,-13.492491984016144,5
1140,90,11,20,8,-13.533149150503409,3
1141,70,14,74,9,-13.572652033308668,5
1142,28,11,34,8,-13.638017355711035,3
1143,84,12,46,9,-13.97403398222274,3
1144,8,13,71,9,-13.992705985768803,4
1145,48,10,90,7,-14.062301149493257,3
1146,114,11,50,8,-14.440936377383055,3
1147,63,11,14,7,-14.53302527333945,4
1148,84,33,63,23,-14.557123158417973,10
1149,35,11,80,8,-14.578551377058158,3
1150,65,11,8,8,-14.67711948639893,3
1151,96,16,46,10,-14.744941109171661,6
1152,50,12,80,10,-14.926124931290454,2
1153,96,12,91,9,-15.083901067533665,3
1154,70,14,87,10,-15.120817685915842,4
1155,90,14,73,10,-15.18129739743865,4
1156,11,10,93,8,-15.321419061771829,2
1157,107,13,93,10,-15.468450501135113,3
1158,86,17,102,14,-15.488881232298953,3
1159,46,10,16,7,-15.615390213809864,3
1160,98,11,11,8,-15.628746614720155,3
1161,9,11,48,8,-15.643745764186933,3
1162,87,33,16,24,-15.84959503188496,9
1163,25,14,37,10,-15.864782351497585,4
1164,23,10,106,7,-16.05394351537058,3
1165,70,13,11,10,-16.32604658673946,3
1166,20,11,91,8,-16.614550431285505,3
1167,63,12,90,9,-16.840668609829063,3
1168,86,12,41,10,-16.916591977189356,2
1169,54,10,73,8,-17.106743436572103,2
1170,74,21,16,16,-17.197858238465976,5
1171,87,11,34,8,-17.33811535027782,3
1172,35,13,107,11,-17.620728555906968,2
1173,25,10,11,8,-17.65341631883691,2
1174,28,23,90,18,-17.842079516061677,5
1175,70,15,2,11,-18.05781343886209,4
1176,91,17,63,13,-18.120595699414864,4
1177,114,11,8,9,-18.131770742234252,2
1178,54,23,37,17,-18.217022019040886,6
1179,107,10,95,8,-18.59151415422179,2
1180,70,10,50,7,-18.669208398142956,3
1181,112,14,28,11,-19.249826897720947,3
1182,54,13,2,11,-19.75997048475248,2
1183,25,11,20,9,-19.987918292379536,2
1184,66,10,107,8,-20.152222817707916,2
1185,55,18,50,14,-21.38404284403115,4
1186,96,13,93,11,-21.644278578741655,2
1187,51,10,34,9,-22.213174768846976,1
1188,109,12,88,11,-22.620146016522725,1
1189,54,12,100,10,-23.111299810651477,2
1190,35,13,76,10,-24.45415726080802,3
1191,35,10,48,9,-25.15519793083891,1
1192,54,11,30,10,-25.713620235434703,1
1193,107,11,30,10,-27.722922665092828,1
