,againstHero,games,hero,losses,shift,wins
0,40,10,71,0,31.230444776245673,10
1,3,10,39,0,28.725074023896866,10
2,27,13,9,2,27.988696165988863,11
3,48,10,35,1,25.155197930838906,9
4,75,14,77,2,24.219783572291735,12
5,44,10,55,2,23.361076236430034,8
6,10,10,28,1,23.03135332069283,9
7,14,12,55,1,22.798222840334336,11
8,69,13,106,2,22.73676173529586,11
9,2,13,51,3,22.46077922587735,10
10,34,10,51,1,22.213174768846972,9
11,38,11,97,1,22.176359713839886,10
12,100,15,65,2,22.04143481454899,13
13,86,12,52,2,21.816288972743816,10
14,63,11,36,2,21.612575022439515,9
15,55,10,43,1,21.47756068248007,9
16,3,10,60,2,21.47258720408984,8
17,23,10,17,2,21.215760860674095,8
18,71,11,54,2,21.21323377888104,9
19,61,10,68,2,21.209357422961563,8
20,57,11,13,3,20.619945240208803,8
21,4,10,54,1,20.381350839445236,9
22,55,16,33,3,20.174007528343807,13
23,107,10,66,2,20.152222817707916,8
24,95,12,32,2,19.760326388824463,10
25,15,16,39,3,19.411328140872982,13
26,99,14,18,3,19.290873438644514,11
27,28,14,112,3,19.249826897720943,11
28,104,13,91,1,19.168888324804982,12
29,48,12,5,2,19.15405252867682,10
30,77,14,50,2,18.9601043763584,12
31,2,10,11,2,18.923084797888755,8
32,27,13,60,2,18.903299216443365,11
33,90,15,51,2,18.880140990693622,13
34,90,26,28,5,18.776580206085537,21
35,44,10,5,2,18.758661413857347,8
36,98,10,46,3,18.66966202924449,7
37,5,10,18,2,18.464269170029823,8
38,78,10,51,3,18.31394254950606,7
39,114,21,109,4,18.30576563543077,17
40,60,16,50,4,18.193608082564946,12
41,26,11,86,2,18.01144379039894,9
42,8,12,77,3,17.994666569137156,9
43,100,12,39,3,17.749728851184297,9
44,16,14,77,3,17.677083033460956,11
45,16,10,67,2,17.493350405648194,8
46,95,23,51,5,17.35650130333503,18
47,34,11,87,3,17.338115350277818,8
48,35,10,106,3,17.319051156851785,7
49,8,12,36,3,17.245136656584343,9
50,63,12,35,3,17.190706154289504,9
51,75,10,80,2,17.160491094383627,8
52,40,11,17,2,17.086573002444847,9
53,27,21,5,6,17.02393852387809,15
54,53,10,46,3,17.023590244335466,7
55,34,12,8,3,16.979471141980934,9
56,10,11,86,3,16.95145578080744,8
57,95,13,30,4,16.836817117204568,9
58,30,17,5,3,16.83586234693501,14
59,41,14,5,5,16.723825478761608,9
60,16,15,76,4,16.696805142201285,11
61,37,12,60,3,16.65752424604732,9
62,86,10,103,3,16.57051549779981,7
63,27,12,109,3,16.55698843286494,9
64,13,10,6,3,16.528041255540572,7
65,87,19,91,4,16.446280345305915,15
66,11,25,25,5,16.429746187224733,20
67,8,15,41,3,16.318502033007384,12
68,32,13,88,4,16.30207764263433,9
69,73,10,16,3,16.163676933136152,7
70,17,10,71,3,16.133957382191333,7
71,7,23,77,6,16.022128463052777,17
72,95,21,11,5,16.006249051562754,16
73,13,16,83,4,15.934926256250733,12
74,23,13,18,4,15.879451530655546,9
75,80,17,50,3,15.873366771105445,14
76,67,14,106,4,15.86890640221611,10
77,88,13,29,4,15.850906570917441,9
78,99,18,39,4,15.84878961626863,14
79,48,10,70,3,15.796496446665468,7
80,14,12,63,4,15.759973477645744,8
81,34,10,17,2,15.75126461275924,8
82,93,16,96,4,15.733194627661211,12
83,80,12,35,3,15.72406211872363,9
84,87,11,114,3,15.696272753225891,8
85,23,16,5,4,15.598001372374195,12
86,99,15,28,4,15.590204088651856,11
87,104,18,2,6,15.503443707499333,12
88,90,12,97,4,15.449883037579115,8
89,49,14,25,4,15.43786379260084,10
90,7,11,99,3,15.3158743249674,8
91,67,11,97,2,15.281658756670776,9
92,114,16,83,4,15.254612667104073,12
93,4,12,68,3,15.241560356472114,9
94,71,21,86,5,15.209148887501426,16
95,89,12,107,3,15.163906699283089,9
96,80,11,70,2,15.1572772977841,9
97,114,24,106,7,15.150023447962845,17
98,48,12,9,3,15.097519161061681,9
99,91,12,96,3,15.083901067533665,9
100,41,11,97,2,15.02369323138218,9
101,30,12,77,3,15.022291517496546,9
102,25,18,99,5,15.014737107768298,13
103,50,15,46,5,14.990794174346137,10
104,63,10,31,2,14.838875810959095,8
105,32,13,106,3,14.741977351969275,10
106,109,12,39,2,14.675982860996214,10
107,100,10,60,3,14.612225079139728,7
108,50,12,99,4,14.581629542155014,8
109,37,11,77,3,14.55993313549925,8
110,16,14,32,4,14.542782322425316,10
111,48,24,54,7,14.535603927866184,17
112,73,12,37,4,14.533349572792922,8
113,76,22,51,5,14.5232746467921,17
114,13,11,2,3,14.516038794033767,8
115,73,10,2,3,14.457830254043136,7
116,100,20,54,6,14.454126910452931,14
117,89,10,74,3,14.4466828072844,7
118,34,15,28,4,14.366739527209466,11
119,40,10,83,2,14.347262135245902,8
120,30,12,18,3,14.310372508653467,9
121,46,11,102,3,14.30749471315205,8
122,60,12,9,3,14.304107510260854,9
123,34,12,37,3,14.30057126443514,9
124,30,11,11,3,14.29951613613078,8
125,14,10,97,2,14.259112129654318,8
126,15,15,18,4,14.248476385059174,11
127,8,14,40,4,14.231860527274467,10
128,7,33,25,8,14.17922434709996,25
129,74,19,60,6,14.155436372823559,13
130,90,16,104,5,14.144947006647104,11
131,54,10,111,2,14.107577214977887,8
132,47,11,60,3,14.051459552113549,8
133,100,15,88,4,14.04956823717941,11
134,76,21,35,7,14.001262608885755,14
135,23,11,83,3,13.9232349355535,8
136,114,15,13,5,13.895530124970225,10
137,11,13,83,3,13.863860744018647,10
138,100,21,51,8,13.816816739386772,13
139,33,13,50,4,13.8066594696148,9
140,93,12,46,3,13.65474091099076,9
141,107,17,99,5,13.582126995646107,12
142,74,11,103,3,13.53565105452587,8
143,23,10,77,3,13.476022973760971,7
144,7,30,87,8,13.466678223777581,22
145,93,10,90,3,13.452391800759148,7
146,51,11,10,3,13.446955688168293,8
147,87,16,53,6,13.445191662192824,10
148,50,15,70,5,13.44110105599258,10
149,25,12,32,5,13.427877456338663,7
150,30,21,39,6,13.42696028846743,15
151,100,11,55,4,13.383239409595307,7
152,18,11,37,3,13.371391730474068,8
153,55,10,32,3,13.36363963009391,7
154,34,11,20,3,13.36206244645375,8
155,16,18,83,5,13.351235477213141,13
156,95,18,17,5,13.342671111008823,13
157,65,10,33,3,13.314880602814076,7
158,107,11,43,4,13.281040569151314,7
159,62,12,63,4,13.174816238245654,8
160,69,14,28,5,13.159247509741927,9
161,106,19,91,4,13.115643186389448,15
162,53,17,36,5,13.11131638803811,12
163,57,22,107,7,13.099281826721857,15
164,80,10,14,4,13.097202558791373,6
165,11,13,18,4,13.094881521032239,9
166,65,21,111,5,13.044696089382947,16
167,34,11,25,3,12.978396480778377,8
168,16,15,94,4,12.969401282348118,11
169,77,16,51,5,12.941193832575705,11
170,95,27,37,7,12.921122211679824,20
171,49,11,77,3,12.92036615088008,8
172,57,22,16,7,12.918311642986259,15
173,7,12,56,4,12.911250066157422,8
174,40,22,77,6,12.904839091751661,16
175,78,10,96,3,12.899686199305037,7
176,30,14,46,4,12.822811242166974,10
177,104,15,71,5,12.790892712888178,10
178,50,12,64,4,12.783879312259893,8
179,102,16,55,5,12.774824407782457,11
180,28,10,52,3,12.725624774771763,7
181,13,10,98,3,12.623579592155687,7
182,57,27,5,8,12.572003913811171,19
183,71,16,97,5,12.555483253298778,11
184,102,30,5,10,12.54926139668405,20
185,75,31,7,9,12.535077682101436,22
186,15,10,50,3,12.479053092203714,7
187,38,12,106,5,12.468362041882083,7
188,104,10,79,4,12.467627013550153,6
189,25,16,68,5,12.44636566599386,11
190,11,38,96,12,12.43376452627604,26
191,100,16,87,6,12.425189483620699,10
192,73,11,7,4,12.404360121203124,7
193,55,13,23,5,12.384564492570101,8
194,13,33,88,9,12.354551042915809,24
195,27,16,51,5,12.337981365841701,11
196,16,56,39,18,12.335081901924088,38
197,65,11,73,3,12.330685068480049,8
198,8,11,1,3,12.329208893104186,8
199,2,15,54,4,12.306524573726035,11
200,109,14,34,5,12.291212343288572,9
201,31,10,53,2,12.194109919056821,8
202,16,13,1,3,12.163423446439076,10
203,13,16,64,6,12.159796917460309,10
204,2,22,70,8,12.153236389251056,14
205,104,34,46,11,12.13729041501205,23
206,5,24,98,8,11.989855689002855,16
207,106,24,23,9,11.98320554719475,15
208,49,18,104,6,11.962718506463766,12
209,11,22,84,7,11.957437378814483,15
210,97,38,37,12,11.95034053539652,26
211,73,16,90,5,11.917606166791595,11
212,75,26,5,10,11.916835118435042,16
213,93,13,11,3,11.901577910299338,10
214,45,12,7,4,11.898566375726766,8
215,69,14,88,4,11.887869311273402,10
216,80,23,107,6,11.841425138580046,17
217,73,20,107,7,11.81929745969668,13
218,11,20,70,6,11.792116726498547,14
219,40,16,30,5,11.790472334669433,11
220,23,10,50,2,11.788365261374189,8
221,8,17,15,6,11.780660660956793,11
222,114,13,39,4,11.773426773267202,9
223,48,10,51,4,11.705725037939857,6
224,76,20,107,6,11.696253994184996,14
225,13,52,51,18,11.68026543706769,34
226,57,13,63,5,11.67022671873631,8
227,90,16,63,5,11.66300690274577,11
228,114,14,68,4,11.637879863280011,10
229,114,11,2,3,11.567668937733664,8
230,27,15,63,6,11.562585214415714,9
231,63,15,77,4,11.558629111186876,11
232,74,15,76,6,11.544600382799558,9
233,74,31,28,10,11.526159046117094,21
234,17,11,60,4,11.523239199910632,7
235,7,19,5,6,11.44406267553112,13
236,34,10,30,3,11.431742980658932,7
237,37,14,27,4,11.378309035824227,10
238,80,30,63,9,11.377551941304597,21
239,7,43,51,15,11.365396508924963,28
240,100,13,63,5,11.33209634222994,8
241,48,23,96,7,11.32304165734682,16
242,114,21,90,7,11.316575519517894,14
243,98,26,96,9,11.315795357847566,17
244,80,10,79,4,11.30670069299901,6
245,80,10,5,3,11.295210617596885,7
246,90,12,48,4,11.252381363492233,8
247,1,10,31,5,11.223372789487719,5
248,79,13,87,3,11.211504341364096,10
249,30,20,54,6,11.207068797640524,14
250,13,23,36,8,11.16319030901835,15
251,27,12,77,4,11.13773931409657,8
252,51,10,91,3,11.134030582434093,7
253,108,10,87,3,11.133663289740909,7
254,7,39,40,13,11.109288651975234,26
255,95,29,88,10,11.102327367891293,19
256,74,13,32,4,11.101664191982366,9
257,77,13,88,4,11.099370566703435,9
258,20,14,98,4,11.083964695514595,10
259,20,29,25,9,11.06909713193041,20
260,110,18,25,5,11.063714709672922,13
261,34,13,5,3,11.055394545543235,10
262,99,11,11,4,11.04788337752713,7
263,46,19,96,8,11.04431019266856,11
264,98,10,40,4,11.010186531894902,6
265,111,12,7,4,10.992489881636919,8
266,36,10,41,3,10.992461642395892,7
267,7,15,91,4,10.988725591630741,11
268,63,32,88,10,10.968071481899187,22
269,64,16,60,6,10.960507258908619,10
270,74,19,39,7,10.936319651937492,12
271,13,10,69,4,10.930195820641604,6
272,73,17,5,6,10.907383059794872,11
273,100,11,46,4,10.904685887838546,7
274,36,10,25,4,10.872848892533504,6
275,60,11,81,4,10.850721376705717,7
276,13,38,39,14,10.849478869963269,24
277,48,25,107,9,10.827629447931269,16
278,41,26,86,7,10.826191446306183,19
279,80,11,88,4,10.820834504420485,7
280,75,33,50,10,10.804883235233362,23
281,8,10,53,3,10.761161561739844,7
282,7,10,76,4,10.760195355862356,6
283,98,22,63,8,10.75970205191674,14
284,3,10,86,3,10.74425568721737,7
285,30,14,13,4,10.738595010557942,10
286,56,10,68,4,10.728238813572464,6
287,37,43,54,14,10.702102057687048,29
288,75,12,93,4,10.68974449521869,8
289,81,10,18,3,10.688324307488283,7
290,54,13,76,4,10.686858558117363,9
291,70,11,36,4,10.685404725540554,7
292,2,16,65,4,10.668339624865121,12
293,37,22,7,8,10.662936414000136,14
294,71,13,63,5,10.644681087019856,8
295,106,11,77,4,10.594156026318409,7
296,73,12,87,3,10.581327456444136,9
297,87,18,41,6,10.566422140881262,12
298,16,45,96,13,10.56639260365633,32
299,86,32,76,11,10.565024036126953,21
300,88,18,57,7,10.555628423294737,11
301,107,19,53,6,10.540680375545577,13
302,104,10,38,4,10.511918642412144,6
303,28,10,68,3,10.490940734087157,7
304,104,17,27,5,10.473446544405565,12
305,87,12,33,4,10.466998002217025,8
306,78,11,80,4,10.465715646953605,7
307,16,18,69,7,10.453723059325718,11
308,110,13,97,4,10.452372833112596,9
309,54,16,40,6,10.441560488291174,10
310,73,12,54,4,10.427247423602203,8
311,78,10,63,4,10.405129843299601,6
312,63,48,54,16,10.394161725304079,32
313,98,22,87,7,10.38881617820971,15
314,81,11,16,3,10.38874888675983,8
315,106,16,93,6,10.37915501513517,10
316,83,13,84,5,10.357457702755646,8
317,8,18,91,6,10.34860151027639,12
318,50,17,102,7,10.348240016843025,10
319,29,12,107,3,10.33521701845799,9
320,50,31,20,11,10.317789300027846,20
321,20,18,55,7,10.312518824176754,11
322,63,41,28,13,10.300883603096642,28
323,63,40,84,15,10.295594423044465,25
324,15,11,51,4,10.274901265855426,7
325,64,11,41,4,10.261662296711632,7
326,77,12,99,3,10.252199704478638,9
327,13,37,87,12,10.218372540213977,25
328,16,19,31,7,10.211704342815832,12
329,104,12,44,4,10.208907808787586,8
330,98,14,2,5,10.198603389321667,9
331,63,25,91,8,10.192888670916975,17
332,102,10,65,4,10.189199303308586,6
333,92,10,39,4,10.187295715481907,6
334,13,14,97,5,10.168363731292557,9
335,86,44,97,16,10.163469283868963,28
336,107,15,83,5,10.114574167697794,10
337,54,12,57,3,10.066024134547122,9
338,40,12,43,4,10.065244307333751,8
339,60,17,4,6,10.06428172641554,11
340,95,10,68,3,10.062878865981,7
341,63,10,33,3,10.043388813579654,7
342,65,23,17,6,9.991394921788482,17
343,16,34,46,12,9.989350548671633,22
344,107,21,35,6,9.980358662107303,15
345,40,21,104,7,9.970558522733771,14
346,75,31,8,10,9.942334170394213,21
347,70,15,109,5,9.924354258384088,10
348,9,16,40,5,9.917802149211576,11
349,46,10,77,4,9.900782595186337,6
350,88,35,104,11,9.894924205691158,24
351,30,14,106,5,9.870728252110508,9
352,87,24,70,9,9.867797329951717,15
353,86,23,79,8,9.865377107457421,15
354,63,20,109,8,9.854767957937824,12
355,27,19,36,7,9.844400635251425,12
356,89,11,104,4,9.813989134763222,7
357,37,24,83,9,9.783726366978417,15
358,81,16,13,6,9.763106493512709,10
359,97,10,53,4,9.746355004042211,6
360,76,11,39,3,9.681961570558546,8
361,30,23,107,7,9.662655706924841,16
362,27,20,65,8,9.65792044215186,12
363,39,21,106,8,9.647313810026368,13
364,70,12,64,4,9.645861185980307,8
365,111,10,41,4,9.640196573646781,6
366,100,21,86,9,9.627336315348591,12
367,99,14,8,6,9.61106559286031,8
368,86,17,1,6,9.605183903195394,11
369,86,15,35,6,9.604686839909265,9
370,65,26,40,10,9.594574329819928,16
371,62,11,8,3,9.593511144115352,8
372,64,12,40,4,9.579728068353155,8
373,2,21,106,8,9.573373481710446,13
374,65,38,88,13,9.556814571034312,25
375,16,56,106,19,9.550091405590502,37
376,90,13,39,5,9.529975909191753,8
377,23,18,76,6,9.525082848083137,12
378,8,25,114,8,9.518319716318803,17
379,107,10,10,4,9.504556938677329,6
380,37,22,99,7,9.502759058160713,15
381,95,21,18,8,9.461457865276858,13
382,100,10,95,4,9.449134938035408,6
383,32,11,63,4,9.44232166344675,7
384,83,14,74,6,9.43011849323839,8
385,114,10,110,3,9.422657787947912,7
386,37,41,63,14,9.417998111066987,27
387,76,20,50,6,9.400140024953476,14
388,71,12,37,5,9.38020830857434,7
389,63,23,76,7,9.35386164955796,16
390,51,22,74,7,9.344397651003662,15
391,75,23,54,8,9.319695519056216,15
392,108,15,51,6,9.306988990301447,9
393,90,13,80,4,9.306752684001106,9
394,2,13,55,5,9.306518823595622,8
395,114,15,96,5,9.304547518897671,10
396,2,29,107,10,9.295436230624016,19
397,16,33,18,11,9.26734110406357,22
398,13,26,18,10,9.261423401559433,16
399,74,14,62,5,9.256148160859697,9
400,74,24,70,10,9.249270082293563,14
401,17,12,63,4,9.24390740307754,8
402,86,11,56,4,9.213458879693576,7
403,2,11,40,4,9.204153353273352,7
404,46,21,106,9,9.198394638018083,12
405,23,23,60,8,9.187895606482023,15
406,98,13,84,4,9.18267526002018,9
407,16,35,91,11,9.182394894220272,24
408,5,27,84,10,9.167674877244863,17
409,18,12,97,5,9.160967974857392,7
410,50,43,5,17,9.156049369840707,26
411,29,13,87,4,9.14751084628353,9
412,7,18,96,5,9.132819640450865,13
413,77,11,87,4,9.123832889782783,7
414,86,19,18,6,9.102053817096145,13
415,110,10,39,3,9.085258579238133,7
416,95,34,8,13,9.079209474058969,21
417,86,31,39,13,9.07325733767357,18
418,76,22,55,7,9.05690191061572,15
419,30,13,91,4,9.047349511242516,9
420,104,22,75,8,9.039829127143499,14
421,5,13,36,5,9.023272142505265,8
422,68,25,53,8,9.021137318458267,17
423,109,25,55,11,9.015163892645331,14
424,102,17,87,6,8.972219911227105,11
425,37,10,108,4,8.970431804543574,6
426,28,11,32,4,8.963821007682872,7
427,55,11,98,3,8.95677359937087,8
428,76,11,2,3,8.951755335280877,8
429,13,26,31,10,8.950748264423892,16
430,11,12,80,4,8.941133144462878,8
431,104,14,84,6,8.932998314387538,8
432,11,10,91,3,8.923724837318142,7
433,70,17,57,8,8.906737604649802,9
434,41,13,109,3,8.894870389114903,10
435,23,13,39,5,8.889102996552037,8
436,47,10,39,4,8.876547255057023,6
437,28,16,17,6,8.863383779145725,10
438,73,12,98,4,8.853796300056942,8
439,40,20,37,8,8.849367605337227,12
440,69,12,50,4,8.84479304998475,8
441,90,14,13,5,8.836238677449446,9
442,37,25,38,9,8.83307113340101,16
443,107,20,36,8,8.812775929605241,12
444,11,14,57,6,8.783548700894539,8
445,69,17,86,6,8.7805890555138,11
446,79,11,106,4,8.777841617086459,7
447,61,10,40,4,8.7398122874208,6
448,16,16,108,6,8.735246502538358,10
449,40,23,55,7,8.696724766949274,16
450,30,11,90,4,8.695806027026102,7
451,16,28,71,9,8.69282168657732,19
452,88,13,71,5,8.684247633421592,8
453,7,31,53,10,8.680006804050276,21
454,73,10,51,3,8.653546669629687,7
455,11,34,37,12,8.643977561339529,22
456,30,12,70,6,8.628315532902242,6
457,95,13,40,5,8.623923471834955,8
458,32,11,114,4,8.619976183865209,7
459,62,15,71,5,8.618901718471038,10
460,8,55,87,20,8.598595479025969,35
461,90,22,50,8,8.598522697494,14
462,15,13,75,4,8.597300929966654,9
463,71,13,5,5,8.58837744258604,8
464,51,16,23,6,8.583405133614669,10
465,27,18,86,7,8.578635265192984,11
466,50,31,55,12,8.547249952830775,19
467,15,10,107,3,8.540362330799288,7
468,91,17,60,7,8.539418297438086,10
469,104,24,77,9,8.536042495877567,15
470,86,27,83,8,8.51226403433352,19
471,1,12,51,5,8.496169370751533,7
472,31,16,36,6,8.462160944385852,10
473,95,14,96,5,8.45037398259218,9
474,13,41,25,17,8.44596846540986,24
475,91,19,98,6,8.436895068807962,13
476,55,22,91,7,8.428118254814667,15
477,16,18,9,7,8.41202558922891,11
478,51,14,110,5,8.405376385205704,9
479,107,10,3,5,8.399424845192016,5
480,6,10,46,4,8.386722378353735,6
481,11,21,109,7,8.381649122235256,14
482,44,21,86,8,8.37774251716795,13
483,30,17,55,7,8.360959444216725,10
484,15,14,104,5,8.330235989560043,9
485,99,10,63,4,8.327283039780834,6
486,108,14,70,5,8.323316395893162,9
487,65,12,76,4,8.31287645900771,8
488,75,11,76,4,8.269580351796622,7
489,37,12,14,5,8.266467835075433,7
490,16,13,38,4,8.260657119668942,9
491,89,12,16,5,8.242329112388783,7
492,69,11,87,5,8.233960994375396,6
493,64,11,37,4,8.227838269840156,7
494,20,11,44,4,8.212958514210372,7
495,28,26,114,11,8.202690137168576,15
496,93,14,50,5,8.18736526783909,9
497,107,11,62,4,8.165070586638626,7
498,20,14,102,6,8.160756483849335,8
499,104,35,55,13,8.14798328327785,22
500,104,30,25,12,8.132792790875845,18
501,55,25,1,10,8.124364419745028,15
502,8,61,5,24,8.080732178020162,37
503,20,23,84,7,8.075470698309143,16
504,93,24,28,8,8.070916880531737,16
505,100,13,50,5,8.011252834481748,8
506,15,14,86,5,8.007884617525495,9
507,89,13,37,6,7.999447796068283,7
508,102,19,96,7,7.9956311609664965,12
509,104,17,17,7,7.988529600474542,10
510,102,10,91,4,7.970489437012806,6
511,97,14,84,4,7.932419590040102,10
512,13,33,106,12,7.912363306794574,21
513,28,13,36,6,7.8800289290868415,7
514,63,31,48,11,7.879517250797574,20
515,20,23,51,10,7.873291814736603,13
516,85,13,96,4,7.87177905722743,9
517,75,29,68,12,7.866906540478606,17
518,95,21,55,8,7.84870978802165,13
519,104,18,11,7,7.839042780454144,11
520,3,11,87,4,7.830562213641775,7
521,91,14,50,5,7.811685907933535,9
522,39,24,88,8,7.807721079101317,16
523,48,20,79,8,7.777732866617034,12
524,70,13,68,5,7.776277487095706,8
525,9,12,31,4,7.768569320743235,8
526,37,49,25,20,7.755599308877524,29
527,109,31,8,13,7.730735193905243,18
528,34,13,55,6,7.723796086616038,7
529,88,46,28,17,7.71200049058573,29
530,68,19,18,8,7.707757227223851,11
531,46,13,70,5,7.705270409518369,8
532,48,22,87,8,7.698735978257642,14
533,5,32,11,12,7.687442157533876,20
534,90,28,106,10,7.670984333772028,18
535,86,24,48,9,7.668739325888133,15
536,70,12,91,5,7.6670664101078145,7
537,37,24,96,10,7.665844925696509,14
538,87,17,9,7,7.636446410051055,10
539,44,16,16,7,7.63510947214958,9
540,96,22,80,8,7.6325568595370585,14
541,15,10,87,4,7.629777802129095,6
542,88,10,38,3,7.626144189720357,7
543,51,18,96,7,7.611388504075612,11
544,104,25,60,8,7.608625351956834,17
545,20,15,90,6,7.5926874674698235,9
546,7,11,57,5,7.588315416894252,6
547,13,14,1,5,7.587124570988214,9
548,70,14,41,6,7.5831315476455945,8
549,69,10,74,4,7.579248302946877,6
550,16,20,64,7,7.574653401955831,13
551,53,17,30,7,7.558725213006018,10
552,62,14,87,5,7.54541053050395,9
553,96,23,70,11,7.543405368906036,12
554,114,18,70,6,7.542200625865836,12
555,104,18,102,8,7.533956675469565,10
556,98,16,106,6,7.529459965554982,10
557,100,13,7,5,7.516054087603023,8
558,70,10,71,5,7.515715016674821,5
559,102,16,88,5,7.5023041010359375,11
560,86,10,94,4,7.492158076331634,6
561,74,13,48,6,7.488504403150373,7
562,108,15,63,6,7.475559971035058,9
563,60,37,16,15,7.4679699796803485,22
564,17,16,55,7,7.461932340099582,9
565,88,21,36,9,7.444208570708063,12
566,25,45,46,19,7.439996628911812,26
567,91,13,18,5,7.416545148915923,8
568,114,25,65,10,7.405578806950692,15
569,70,11,69,4,7.401520759866324,7
570,60,10,12,5,7.400797875656224,5
571,37,41,46,14,7.398384968299374,27
572,91,18,20,8,7.395662966437773,10
573,16,21,84,9,7.387304706787613,12
574,13,17,54,6,7.370107120111191,11
575,34,15,74,5,7.367415754617591,10
576,109,13,46,5,7.363639283748701,8
577,25,38,106,14,7.361514789314747,24
578,43,13,51,5,7.353032170848945,8
579,72,12,16,5,7.333554822764275,7
580,97,18,104,8,7.327124557030449,10
581,16,27,68,9,7.3251808284366575,18
582,102,31,86,11,7.3220305228245754,20
583,65,34,20,12,7.3208049230077705,22
584,88,11,89,4,7.3072534677857455,7
585,110,14,70,5,7.302453099036633,9
586,28,14,111,5,7.296837620354718,9
587,51,32,63,13,7.263042167084605,19
588,98,12,93,5,7.2513528092711335,7
589,41,12,50,4,7.250027884407811,8
590,8,17,110,6,7.2499619180163615,11
591,51,14,33,4,7.243684308172674,10
592,16,22,36,8,7.232393948606017,14
593,86,69,51,30,7.23152344232766,39
594,13,20,15,8,7.226944117697118,12
595,97,28,5,10,7.203089227401705,18
596,57,15,55,7,7.186289928876396,8
597,16,15,35,5,7.1780383239732055,10
598,1,12,36,5,7.16003710162424,7
599,7,10,3,3,7.15195406317859,7
600,73,18,109,7,7.142307709742035,11
601,8,17,23,7,7.139182279975597,10
602,95,12,114,5,7.1214298671986604,7
603,32,13,87,5,7.113585901413377,8
604,63,12,79,4,7.1114844508040305,8
605,86,14,72,5,7.097565864195884,9
606,1,10,17,4,7.089282944121619,6
607,43,15,5,6,7.075267806513356,9
608,90,23,87,9,7.067717517445951,14
609,68,11,49,5,7.065794883611326,6
610,104,20,100,7,7.055063125494979,13
611,6,11,107,4,7.048403625284058,7
612,95,21,65,8,7.043830966280528,13
613,28,25,2,9,7.040494915317705,16
614,46,17,39,8,7.035363973882464,9
615,80,27,106,10,7.029777914575281,17
616,9,11,39,5,7.029074219962297,6
617,74,31,84,14,7.0251363399754485,17
618,16,12,93,5,7.007856526653325,7
619,30,32,65,12,7.006135379271245,20
620,9,16,50,6,6.998855361767971,10
621,62,15,5,6,6.992708759597391,9
622,6,10,106,4,6.989547350675936,6
623,15,14,65,5,6.98678701664079,9
624,49,10,30,3,6.986267783548394,7
625,50,15,18,7,6.975457853882176,8
626,107,17,32,7,6.9462091695657895,10
627,13,20,77,8,6.938692275774379,12
628,44,10,87,4,6.930092376966648,6
629,41,15,91,5,6.893895997089626,10
630,98,32,86,13,6.8926235781685445,19
631,106,15,99,5,6.882359612487447,10
632,104,47,28,19,6.867595835363374,28
633,4,13,16,5,6.862461287960721,8
634,75,17,11,7,6.860129083231025,10
635,4,11,18,4,6.854592187668661,7
636,98,14,49,6,6.852175548516358,8
637,107,17,102,7,6.840789603969229,10
638,100,18,25,8,6.839947973125937,10
639,44,11,88,5,6.8383818341711695,6
640,77,17,18,6,6.834378391566045,11
641,28,28,18,11,6.828401096604493,17
642,65,24,5,10,6.826704214447485,14
643,63,13,18,5,6.815953695623937,8
644,8,39,46,17,6.790452136276324,22
645,70,15,98,5,6.782158452834323,10
646,88,27,70,10,6.779439228833638,17
647,74,11,77,4,6.773315352151489,7
648,53,15,86,7,6.770826247743165,8
649,97,30,96,13,6.762245122268197,17
650,48,10,108,3,6.749808304712147,7
651,102,15,51,6,6.74947281728566,9
652,88,10,3,4,6.747446753866268,6
653,74,38,96,14,6.731828732252355,24
654,14,13,95,5,6.731405281187272,8
655,104,33,51,12,6.728840756540841,21
656,97,11,32,4,6.722008536715331,7
657,111,10,106,3,6.697425895741327,7
658,17,21,39,8,6.693454438922507,13
659,107,19,108,7,6.6816630284897025,12
660,29,10,37,4,6.680734619445758,6
661,7,14,46,5,6.66505874936229,9
662,68,28,51,10,6.659493892796064,18
663,95,21,50,9,6.657433489482592,12
664,83,11,71,5,6.656205380333864,6
665,63,14,102,6,6.6522226016193855,8
666,98,11,99,5,6.6450573588341655,6
667,25,48,5,19,6.626414170343125,29
668,95,13,109,5,6.624370660207742,8
669,8,27,84,10,6.62258104422981,17
670,33,19,107,8,6.618873691013778,11
671,13,27,53,10,6.6117059774044105,17
672,86,61,88,26,6.602525441298171,35
673,83,17,64,7,6.597115059465707,10
674,65,27,96,11,6.593487230396348,16
675,28,33,70,13,6.5875803788420075,20
676,86,77,96,30,6.579835199705017,47
677,28,47,84,19,6.578685517540444,28
678,70,12,7,5,6.573007690002734,7
679,63,20,68,8,6.541169119053123,12
680,27,11,50,4,6.540575751678349,7
681,75,20,96,6,6.53962686497079,14
682,41,17,104,6,6.535227649895295,11
683,112,11,107,5,6.519143239441155,6
684,50,30,96,12,6.50669589608909,18
685,86,40,104,16,6.498243850038454,24
686,31,11,50,4,6.4969883827749815,7
687,7,16,98,6,6.4678425500886645,10
688,14,17,28,6,6.462988674713604,11
689,100,10,30,4,6.461771751506818,6
690,7,20,97,8,6.455761793933853,12
691,50,27,88,11,6.454854939095326,16
692,60,20,53,8,6.451987631407908,12
693,16,56,55,20,6.447187289417926,36
694,16,85,88,33,6.433508044909613,52
695,31,12,18,4,6.429121792537089,8
696,60,18,54,7,6.427714131855758,11
697,63,19,23,7,6.414686550201393,12
698,60,16,25,7,6.40548534704152,9
699,63,10,60,4,6.39145106510611,6
700,39,23,107,11,6.389458689933819,12
701,86,12,111,5,6.385538684815059,7
702,103,11,16,4,6.384231863654396,7
703,74,13,23,5,6.3699879675856135,8
704,37,16,100,6,6.343110325621272,10
705,11,20,98,9,6.338677652860182,11
706,23,13,68,6,6.336614753150944,7
707,8,15,98,6,6.332478639002671,9
708,71,17,106,7,6.309121150841055,10
709,95,15,75,6,6.30501186711362,9
710,90,20,65,9,6.287381903113806,11
711,9,18,68,7,6.279030542685844,11
712,8,22,57,8,6.276405634666305,14
713,57,18,102,8,6.264739678585861,10
714,60,19,75,7,6.262695797840887,12
715,74,20,50,8,6.247739889991348,12
716,9,16,63,6,6.237431535049686,10
717,13,28,37,12,6.230409881481568,16
718,65,21,9,9,6.1983013158040645,12
719,97,10,33,4,6.197569301394057,6
720,55,16,77,7,6.195572885542833,9
721,13,12,91,4,6.185960793246167,8
722,99,11,88,5,6.17703713379853,6
723,37,59,104,23,6.175700710267806,36
724,106,18,18,8,6.169741460360394,10
725,30,27,87,11,6.164077985923405,16
726,62,10,68,4,6.151919742975855,6
727,54,34,109,13,6.139125062485929,21
728,75,12,1,4,6.1372401761978495,8
729,96,22,90,8,6.131526760597793,14
730,55,24,97,9,6.128965912516967,15
731,102,23,54,9,6.120079150891424,14
732,77,12,68,5,6.11278994285269,7
733,93,16,86,6,6.1080887829358055,10
734,88,22,9,9,6.107129719196386,13
735,55,10,79,4,6.105260957218084,6
736,68,12,5,5,6.084537265067714,7
737,20,44,5,17,6.084413199436967,27
738,44,12,13,5,6.080867402415918,7
739,100,12,13,5,6.068988765220787,7
740,29,11,55,4,6.0636297407404705,7
741,7,11,109,4,6.063539014843868,7
742,91,10,90,4,6.057465510076112,6
743,33,15,20,6,6.052404113154946,9
744,8,16,32,7,6.041444852098721,9
745,37,10,1,5,6.037547835973022,5
746,20,13,41,5,6.02906816064692,8
747,95,19,46,7,6.027785407812038,12
748,109,15,60,7,6.026577074635168,8
749,99,10,17,4,6.0116233289389776,6
750,39,24,50,10,6.010792416092778,14
751,40,11,75,4,6.006938010180454,7
752,25,24,54,10,5.984288858689808,14
753,16,10,101,4,5.956893838363051,6
754,41,10,1,3,5.936713931085728,7
755,75,13,49,5,5.930211092104401,8
756,107,18,109,6,5.926400579794741,12
757,27,10,106,5,5.912387451440968,5
758,93,16,25,7,5.904464695396421,9
759,60,14,96,4,5.900809515031541,10
760,25,22,40,9,5.9007812633201695,13
761,49,11,60,4,5.889051777859123,7
762,7,57,86,21,5.879765305718922,36
763,97,15,40,6,5.878372345170693,9
764,30,21,71,9,5.837559306230109,12
765,46,12,90,5,5.830565699084015,7
766,91,19,25,8,5.828763319756676,11
767,107,15,77,6,5.828375450935681,9
768,41,23,107,10,5.824921339558466,13
769,40,16,5,7,5.820527251695649,9
770,8,20,9,10,5.816798898311961,10
771,40,23,107,9,5.812603990312519,14
772,70,39,5,17,5.812017017327767,22
773,23,10,40,4,5.803835311608997,6
774,74,28,55,12,5.797157459674129,16
775,107,40,25,17,5.793952829150563,23
776,51,32,65,12,5.790474157456974,20
777,9,10,54,4,5.777642965099742,6
778,37,20,110,9,5.74878628902198,11
779,46,42,54,17,5.7427950319383285,25
780,100,16,74,7,5.736028437636332,9
781,54,53,70,22,5.727675523088418,31
782,87,35,20,15,5.726562552686569,20
783,84,12,9,5,5.723245457590759,7
784,28,34,97,13,5.710448223070004,21
785,50,13,48,5,5.7070179051031635,8
786,80,22,55,10,5.702005440074988,12
787,100,14,18,6,5.697684011266831,8
788,46,25,75,10,5.691502289376633,15
789,20,20,35,8,5.6905199842725205,12
790,106,12,57,6,5.685749140437754,6
791,102,10,95,4,5.685319962340818,6
792,87,15,64,6,5.672577041378895,9
793,94,10,25,5,5.671887186214519,5
794,16,31,99,13,5.665818337043021,18
795,54,11,82,4,5.664278302313932,7
796,55,11,35,5,5.650743870496083,6
797,2,38,50,16,5.650047560448173,22
798,73,23,74,9,5.649045009007229,14
799,73,24,8,10,5.645022963800572,14
800,23,29,107,12,5.637081729134322,17
801,7,34,18,15,5.636286379619258,19
802,65,13,6,5,5.631765359162988,8
803,5,20,17,7,5.625033929201379,13
804,114,43,5,18,5.610879096822169,25
805,108,14,88,6,5.608453698027056,8
806,4,13,17,5,5.601009834999203,8
807,80,11,48,4,5.594209169092441,7
808,25,11,43,3,5.587553515371877,8
809,11,14,17,6,5.581185513103199,8
810,3,10,68,4,5.578876648633715,6
811,97,25,107,12,5.575264944397934,13
812,75,42,16,17,5.574878659689373,25
813,55,27,63,12,5.56831553028517,15
814,87,22,93,9,5.565802071262539,13
815,63,11,10,4,5.56040496031845,7
816,76,14,102,6,5.556814882908007,8
817,7,50,88,20,5.555337830685561,30
818,8,41,25,16,5.550067480025434,25
819,33,14,102,6,5.525239013163607,8
820,95,19,83,7,5.510188596504647,12
821,74,34,46,13,5.475304789089528,21
822,16,79,51,34,5.466998803955629,45
823,109,21,16,9,5.461892685468702,12
824,50,12,49,5,5.454154014714142,7
825,64,16,39,7,5.452480934197579,9
826,32,16,104,6,5.4353295484317545,10
827,25,24,51,10,5.4243870806149275,14
828,6,18,7,10,5.417883969079586,8
829,83,10,50,5,5.416126776091855,5
830,51,15,83,5,5.415397349279681,10
831,7,35,36,15,5.408874375035371,20
832,96,10,67,5,5.408732724512927,5
833,23,12,111,6,5.4067861909700285,6
834,88,18,1,8,5.397487106945941,10
835,63,25,2,11,5.395919280999036,14
836,60,32,71,14,5.395434402826282,18
837,84,19,39,8,5.386084146529571,11
838,111,14,107,6,5.363991242992134,8
839,104,26,63,11,5.355601218480844,15
840,100,22,107,11,5.3426551667188305,11
841,102,30,25,13,5.32886134482215,17
842,88,13,35,5,5.305527424977248,8
843,30,20,60,7,5.268270822677399,13
844,40,28,88,12,5.260979190877047,16
845,17,17,20,7,5.256441987432858,10
846,13,18,43,8,5.250521124908592,10
847,7,25,95,11,5.246470392426651,14
848,28,44,109,17,5.243370342287004,27
849,37,49,50,22,5.228576286593012,27
850,7,18,17,7,5.22793626630611,11
851,107,19,27,7,5.200896691974087,12
852,55,13,108,6,5.197810339207508,7
853,23,12,104,4,5.195671558199883,8
854,75,27,71,10,5.185023405419134,17
855,65,44,107,18,5.178085579582619,26
856,54,52,88,23,5.172477532960761,29
857,67,12,5,5,5.159840528973067,7
858,38,13,8,5,5.158625539766783,8
859,16,46,37,19,5.156319944125245,27
860,37,20,23,9,5.153587203140157,11
861,86,22,73,10,5.151945844046346,12
862,14,13,54,4,5.139758720068028,9
863,58,11,107,4,5.121507570465872,7
864,80,11,71,5,5.115089624287771,6
865,68,14,30,6,5.111528108885009,8
866,41,15,68,7,5.108425031362653,8
867,55,22,70,9,5.1032220329288345,13
868,75,11,29,5,5.090070581030939,6
869,11,30,54,13,5.089658806379616,17
870,99,16,36,6,5.086907679142809,10
871,60,21,68,9,5.077905277630482,12
872,87,11,111,4,5.07353420920843,7
873,23,37,7,16,5.07275409823441,21
874,106,45,5,18,5.052056869360905,27
875,86,26,80,12,5.05164493959972,14
876,86,12,112,5,5.05141242296813,7
877,106,19,41,9,5.042635492748387,10
878,15,19,5,7,5.0418557472432015,12
879,16,20,27,7,5.038848117395627,13
880,76,13,95,5,5.029825996184284,8
881,93,26,5,10,5.004460526821323,16
882,17,14,109,6,5.001708621140783,8
883,7,28,27,12,4.9915036980641245,16
884,86,41,75,19,4.9885660683259605,22
885,37,71,86,31,4.984756436647984,40
886,27,13,25,6,4.983545927288363,7
887,40,20,1,8,4.981454143490505,12
888,55,47,5,20,4.968791694509535,27
889,18,16,75,7,4.9604667534045275,9
890,91,19,88,8,4.953605826347504,11
891,33,11,7,5,4.950732991604976,6
892,37,52,106,24,4.929607997592941,28
893,12,15,51,6,4.929478770854846,9
894,96,29,25,13,4.925630164170213,16
895,38,12,5,5,4.92351943090761,7
896,34,10,7,4,4.8999742789281955,6
897,28,13,62,5,4.8955044879359315,8
898,83,39,5,18,4.890865835189014,21
899,8,12,3,7,4.88781937501622,5
900,100,13,114,5,4.886489949545645,8
901,110,11,104,4,4.886003470603164,7
902,25,30,88,11,4.873935976327288,19
903,45,13,36,6,4.8719481672538105,7
904,46,10,9,5,4.86610901507194,5
905,8,52,63,23,4.864260653101078,29
906,63,30,20,14,4.86232561538827,16
907,8,20,100,8,4.860106370787934,12
908,38,13,84,6,4.854976710780188,7
909,5,30,51,11,4.841333405150811,19
910,71,22,107,9,4.8392031121096215,13
911,13,22,95,9,4.839189119607627,13
912,97,17,17,8,4.833173263702722,9
913,39,15,83,6,4.8326399553033035,9
914,8,15,67,6,4.831909846155583,9
915,37,37,70,15,4.817822919278334,22
916,75,18,87,7,4.814941727585257,11
917,88,26,109,10,4.813288380865055,16
918,96,13,108,6,4.805162668071275,7
919,87,38,39,16,4.796337577701307,22
920,102,19,16,9,4.795025141717224,10
921,100,21,5,9,4.790180113588851,12
922,32,24,5,10,4.788591776396215,14
923,99,22,60,10,4.788512200740043,12
924,76,33,5,14,4.788314400539968,19
925,92,11,7,4,4.780218736430547,7
926,9,12,5,5,4.777710715122403,7
927,28,51,54,21,4.774713175137818,30
928,41,12,75,5,4.773721870700078,7
929,46,16,65,6,4.770389277379545,10
930,20,56,54,26,4.770199196047598,30
931,75,36,37,13,4.761783492346941,23
932,13,32,23,16,4.756005264014363,16
933,84,13,95,5,4.755677362807473,8
934,90,30,5,12,4.752640516818983,18
935,16,62,87,28,4.747118995402613,34
936,25,16,77,7,4.745845616411638,9
937,110,12,16,5,4.744361952221326,7
938,13,25,50,10,4.736472238931539,15
939,57,11,84,4,4.735926438073418,7
940,50,65,28,28,4.73524581768419,37
941,100,10,23,5,4.7250378008475105,5
942,88,11,6,4,4.723924661172382,7
943,13,33,41,15,4.723713957847583,18
944,106,11,43,5,4.722121789568363,6
945,51,17,99,8,4.721255445811637,9
946,74,51,106,22,4.718099800964195,29
947,92,21,88,8,4.717675433437501,13
948,108,12,98,5,4.704860704776837,7
949,65,20,36,8,4.675894565384766,12
950,75,17,9,9,4.6580384864342985,8
951,76,10,9,4,4.62546158637072,6
952,55,11,94,5,4.62125795870324,6
953,96,13,34,5,4.620609194568736,8
954,70,23,51,11,4.619020843349296,12
955,77,13,95,6,4.60149322445291,7
956,65,19,71,8,4.5925435540692545,11
957,16,60,107,24,4.59059834115516,36
958,25,15,33,5,4.583917339891116,10
959,54,29,90,13,4.579893896725855,16
960,99,14,95,6,4.572737764013027,8
961,75,17,30,8,4.572561458436264,9
962,64,10,63,5,4.569403793082111,5
963,17,23,107,10,4.556628194816711,13
964,70,14,23,6,4.554568026577778,8
965,109,13,67,7,4.5540965230597985,6
966,111,19,16,9,4.547702363564985,10
967,15,20,88,8,4.546696410508228,12
968,25,10,3,5,4.546247932856725,5
969,20,43,28,18,4.544189476783367,25
970,87,57,37,24,4.5398331565645655,33
971,8,24,102,11,4.537070383836359,13
972,54,22,97,10,4.535944223800904,12
973,28,23,7,10,4.528076594083074,13
974,86,13,108,6,4.5258078770363745,7
975,83,21,87,10,4.5238867039340604,11
976,79,12,8,4,4.5233682313953745,8
977,16,13,14,6,4.510342602500319,7
978,13,43,40,19,4.509666702728195,24
979,7,51,68,22,4.495684746188181,29
980,93,15,37,6,4.493445665639034,9
981,20,15,7,7,4.4847557608097715,8
982,91,10,57,5,4.468260927215541,5
983,37,18,32,8,4.466542082918521,10
984,12,20,65,8,4.465003779468814,12
985,85,11,107,5,4.45820125427633,6
986,40,31,51,13,4.420994006115522,18
987,86,15,77,6,4.413638896173249,9
988,36,20,55,9,4.398592544427244,11
989,63,38,96,15,4.376849709142971,23
990,39,56,51,25,4.373306856508638,31
991,86,113,5,48,4.357059130864303,65
992,34,12,84,6,4.355418008053165,6
993,46,17,17,8,4.350816122366196,9
994,87,40,65,17,4.346935541417734,23
995,86,20,82,8,4.3319380690325975,12
996,102,22,114,9,4.331076584650545,13
997,16,21,100,9,4.330573675976946,12
998,111,21,55,9,4.328392793748099,12
999,84,33,106,16,4.328019467626489,17
1000,55,37,28,14,4.3253848681242495,23
1001,30,20,88,9,4.322600096754096,11
1002,6,11,27,5,4.320589105702404,6
1003,93,23,54,9,4.307251305123911,14
1004,74,26,13,11,4.306038187470952,15
1005,76,24,87,10,4.304022266566311,14
1006,37,38,55,18,4.301606273781788,20
1007,27,19,39,10,4.301216458066535,9
1008,64,12,68,5,4.29749791013668,7
1009,74,34,63,15,4.284478405701852,19
1010,75,24,25,10,4.277372987760686,14
1011,114,10,84,4,4.276636908378796,6
1012,13,34,107,16,4.270113069194841,18
1013,20,35,96,15,4.25759458795479,20
1014,25,14,64,6,4.2567930582596185,8
1015,95,23,106,9,4.253879576018551,14
1016,107,46,20,21,4.2524996136942805,25
1017,7,20,71,8,4.2454160150014975,12
1018,30,11,84,4,4.231660063143016,7
1019,16,38,50,16,4.228613851151322,22
1020,71,15,25,7,4.22821184042616,8
1021,74,75,86,34,4.224929805302096,41
1022,88,31,37,13,4.224270631924043,18
1023,75,27,63,12,4.221533861130906,15
1024,88,58,5,26,4.221472474474537,32
1025,43,13,7,5,4.212115804350548,8
1026,54,44,106,21,4.211882247068054,23
1027,51,21,41,9,4.1974936484434275,12
1028,65,28,93,13,4.184071657822706,15
1029,74,10,68,5,4.18239910403396,5
1030,28,29,75,12,4.173159235209232,17
1031,13,25,8,11,4.169454652002989,14
1032,87,40,28,18,4.161796757953555,22
1033,94,12,87,6,4.161620639809542,6
1034,60,20,95,8,4.156384552080203,12
1035,5,14,60,6,4.1550252161435335,8
1036,74,11,33,5,4.152065435529706,6
1037,30,22,8,9,4.150524980229852,13
1038,20,13,73,5,4.146065391689569,8
1039,74,19,109,7,4.145290761336613,12
1040,60,11,28,6,4.14007204728216,5
1041,57,12,41,4,4.13369787923745,8
1042,86,13,67,6,4.131604740801435,7
1043,13,13,62,6,4.12743151741627,7
1044,16,65,7,30,4.125102374847511,35
1045,87,26,25,12,4.102463690405524,14
1046,44,15,63,7,4.10127313865578,8
1047,83,20,93,9,4.100880722204593,11
1048,55,31,54,14,4.07249295432044,17
1049,96,53,54,25,4.068141273301063,28
1050,44,13,6,5,4.067061192837313,8
1051,83,14,46,7,4.055902658620626,7
1052,50,30,8,15,4.0537983612302835,15
1053,60,14,41,6,4.0497535460972305,8
1054,11,13,79,7,4.047561716338114,6
1055,63,33,50,14,4.038412933741711,19
1056,31,12,40,5,4.038049848083589,7
1057,35,13,28,6,4.036665461709038,7
1058,53,20,64,9,4.03589496390162,11
1059,13,33,28,14,4.033447367470069,19
1060,37,44,74,20,4.033137310869005,24
1061,75,34,107,13,4.020326517107878,21
1062,4,10,36,5,4.0157512075594965,5
1063,23,20,41,9,4.015528913014393,11
1064,7,33,41,15,4.015007463152455,18
1065,114,32,86,13,4.012219023441153,19
1066,65,54,54,24,4.01022638975392,30
1067,63,29,39,11,4.005942637288756,18
1068,104,39,50,16,4.0035445313545575,23
1069,90,11,33,4,4.003292593732325,7
1070,27,27,88,14,3.9972856820177016,13
1071,16,22,40,10,3.9840533271977847,12
1072,14,11,13,4,3.98325425585621,7
1073,37,12,69,5,3.9709549460906977,7
1074,27,15,68,7,3.9673140839971848,8
1075,74,24,93,11,3.9601017688790825,13
1076,33,10,39,4,3.9525968008389243,6
1077,80,10,97,4,3.9365866928471034,6
1078,102,10,83,4,3.9358085201394095,6
1079,16,22,62,9,3.933526039744061,13
1080,40,27,36,11,3.9325232434260906,16
1081,41,13,77,5,3.9281873956506344,8
1082,5,28,2,12,3.923277825320168,16
1083,97,11,10,6,3.9207678088340034,5
1084,102,26,37,11,3.9015784283610255,15
1085,54,37,51,17,3.900510354202893,20
1086,40,18,50,7,3.897409445397431,11
1087,95,16,23,8,3.8860544765791154,8
1088,8,34,39,16,3.884761132018973,18
1089,96,24,104,10,3.8706241075776626,14
1090,54,15,18,7,3.870411168392847,8
1091,83,24,65,11,3.8650312387760812,13
1092,31,10,5,4,3.8620843453498637,6
1093,106,21,75,11,3.8605003548235586,10
1094,18,12,9,5,3.8577897553317615,7
1095,41,17,37,7,3.8456182281056206,10
1096,83,27,8,13,3.8382150032056903,14
1097,11,60,86,27,3.8353485548947646,33
1098,108,13,50,5,3.8299657646620937,8
1099,30,19,28,8,3.8298077885882966,11
1100,9,20,86,8,3.818397672909284,12
1101,60,29,86,13,3.814348469452436,16
1102,23,30,65,14,3.8141938620343923,16
1103,110,16,5,7,3.8138584796050923,9
1104,71,11,68,5,3.8071954572931124,6
1105,107,47,104,20,3.7997199099580063,27
1106,112,10,106,4,3.7955129781731443,6
1107,80,24,54,11,3.7642119047391476,13
1108,97,16,76,8,3.7370860130894332,8
1109,16,19,80,9,3.7348635267747627,10
1110,95,25,107,12,3.721321768434082,13
1111,74,59,5,27,3.7150397399954445,32
1112,75,11,108,5,3.700340227437407,6
1113,28,28,102,13,3.6997830630198973,15
1114,89,14,50,7,3.697778125616005,7
1115,16,48,54,21,3.695210707305646,27
1116,7,28,55,13,3.694619767331749,15
1117,78,11,87,6,3.6913711385920154,5
1118,46,20,84,8,3.686829488531013,12
1119,55,41,11,16,3.6751670322630696,25
1120,86,14,36,6,3.670543608126451,8
1121,88,40,51,18,3.670041711086776,22
1122,8,53,96,23,3.6687416252473026,30
1123,20,31,106,13,3.6670765571458195,18
1124,79,10,88,4,3.6658466896877484,6
1125,62,10,50,4,3.6657345895143245,6
1126,30,20,37,8,3.640395609700316,12
1127,39,31,49,13,3.633922954184222,18
1128,4,27,13,11,3.63052469356486,16
1129,50,43,107,20,3.6229739157012446,23
1130,91,26,86,11,3.613221536376561,15
1131,54,19,7,9,3.613194585049902,10
1132,7,27,106,13,3.596115403913245,14
1133,48,11,39,5,3.594601769104413,6
1134,28,19,98,7,3.593034409386323,12
1135,97,10,95,4,3.58943247133478,6
1136,65,37,106,16,3.5814533257353682,21
1137,13,17,11,7,3.5480218115850195,10
1138,104,16,68,7,3.544595354099001,9
1139,87,10,110,4,3.5295519129657293,6
1140,25,33,65,14,3.5115873311153147,19
1141,20,21,46,8,3.51090539647306,13
1142,91,15,84,7,3.506943767095505,8
1143,7,17,64,8,3.4995797772805055,9
1144,104,30,54,14,3.494678026548527,16
1145,109,14,65,5,3.4929763691198916,9
1146,70,28,65,11,3.478419403846195,17
1147,33,23,5,11,3.454327509177194,12
1148,114,11,40,4,3.4534135965890274,7
1149,97,15,57,7,3.4435443466893796,8
1150,75,10,102,4,3.4391155267314995,6
1151,33,12,13,5,3.438502427413771,7
1152,87,31,104,15,3.438412759763363,16
1153,87,25,109,10,3.438248375396607,15
1154,13,19,17,8,3.4218843529498777,11
1155,86,17,32,8,3.4193017987895304,9
1156,54,22,114,11,3.4158047714822755,11
1157,53,14,95,7,3.4121798412237276,7
1158,65,34,68,15,3.3978153869566374,19
1159,86,73,107,34,3.3942577601162034,39
1160,13,58,7,27,3.3898729223950514,31
1161,80,16,37,7,3.388891253141482,9
1162,65,12,4,5,3.384808127697133,7
1163,14,22,8,9,3.3634201583462158,13
1164,20,10,9,4,3.353443346624384,6
1165,13,41,68,20,3.3457044378718335,21
1166,75,13,33,5,3.342736023465548,8
1167,16,10,45,4,3.339755666160267,6
1168,70,17,97,8,3.3275523495851074,9
1169,76,13,88,7,3.318537943308137,6
1170,70,16,95,8,3.3075112398485507,8
1171,16,66,8,29,3.304521902117639,37
1172,23,14,54,6,3.297562319364522,8
1173,87,21,40,9,3.292368603280335,12
1174,55,15,53,6,3.2777226099690275,9
1175,114,13,67,6,3.2746706512348434,7
1176,70,14,93,6,3.271451863431868,8
1177,86,72,84,36,3.2610166651310086,36
1178,30,10,63,4,3.254074696673354,6
1179,23,25,87,11,3.2499606858506294,14
1180,11,25,20,10,3.2452743370759327,15
1181,18,22,39,10,3.240105240686639,12
1182,85,14,54,6,3.2397539807116327,8
1183,88,11,31,5,3.2310317370064356,6
1184,97,25,65,11,3.227912087066721,14
1185,14,11,88,5,3.2206098277423347,6
1186,25,16,18,6,3.21981452522341,10
1187,99,15,30,7,3.2133273586495648,8
1188,86,70,8,33,3.1963852247420705,37
1189,86,59,25,28,3.1954658339631274,31
1190,86,69,54,32,3.1888799872804534,37
1191,1,17,107,8,3.188406853982179,9
1192,99,24,13,11,3.1869164042235205,13
1193,65,26,60,10,3.183700167490314,16
1194,39,32,60,15,3.1814318187143114,17
1195,13,37,46,17,3.172904248193807,20
1196,65,39,41,16,3.1693521049419124,23
1197,90,14,74,5,3.1680613510289204,9
1198,80,21,65,9,3.144761599162034,12
1199,76,27,104,12,3.13624900086839,15
1200,15,11,54,5,3.125295121676584,6
1201,71,16,87,8,3.114412062051743,8
1202,41,23,39,10,3.1113251664225854,13
1203,52,11,16,5,3.1090472473690998,6
1204,93,11,109,5,3.105851166548928,6
1205,65,12,44,6,3.103105872794513,6
1206,99,14,68,6,3.1001036150844663,8
1207,1,14,7,7,3.096890149636068,7
1208,17,22,54,11,3.092931167491581,11
1209,28,27,91,12,3.0909280045200784,15
1210,48,14,55,6,3.06362691776684,8
1211,96,28,88,14,3.0532343196114033,14
1212,51,13,97,6,3.049621553627842,7
1213,114,15,75,7,3.0477574182711247,8
1214,38,13,96,6,3.0422152322461717,7
1215,84,21,48,9,3.0347277834877127,12
1216,75,15,84,7,3.030584614121957,8
1217,104,59,5,28,2.9970663239960817,31
1218,97,12,102,5,2.9943230050472285,7
1219,106,49,63,23,2.9941725427271724,26
1220,13,15,63,6,2.9904556427756623,9
1221,23,16,28,8,2.982809086991735,8
1222,10,12,84,5,2.980259678929738,7
1223,68,14,1,6,2.9775421242741578,8
1224,15,11,95,5,2.9708859793353697,6
1225,30,14,104,6,2.9691315728239362,8
1226,62,16,88,7,2.959487921171799,9
1227,104,22,83,9,2.957808958542738,13
1228,102,18,74,8,2.9546185397660167,10
1229,55,10,41,5,2.9529405453984947,5
1230,7,16,50,8,2.9489881953696515,8
1231,86,28,17,14,2.94742778634219,14
1232,20,18,95,8,2.944277541841498,10
1233,49,32,88,15,2.939336216591142,17
1234,99,15,65,7,2.9253489592007305,8
1235,97,12,98,5,2.9183345258744944,7
1236,14,15,51,6,2.907372171253044,9
1237,91,19,37,9,2.9050960547005245,10
1238,30,35,16,15,2.889296902812902,20
1239,13,37,60,16,2.887581936146785,21
1240,25,29,97,13,2.870384307522535,16
1241,16,22,17,9,2.869944125440124,13
1242,13,51,55,23,2.8675804263854956,28
1243,106,16,53,8,2.8540493645391667,8
1244,95,41,16,20,2.850256655932001,21
1245,63,17,38,7,2.8438368509015857,10
1246,109,16,13,7,2.8426763674639637,9
1247,87,21,57,9,2.842460195115372,12
1248,23,22,25,10,2.8322220847423267,12
1249,86,41,46,18,2.830781053281954,23
1250,41,20,63,9,2.8284936103473437,11
1251,7,13,29,7,2.8153327011944786,6
1252,63,12,34,5,2.8100003290876803,7
1253,75,22,74,9,2.809934258633539,13
1254,99,15,41,7,2.8081672918617278,8
1255,104,16,18,7,2.8046551455186632,9
1256,79,15,50,6,2.7998338113931376,9
1257,107,45,55,21,2.7989437616812713,24
1258,20,45,37,21,2.7863088238660265,24
1259,114,20,60,8,2.7815895525795105,12
1260,63,20,40,9,2.7807749491880167,11
1261,8,36,104,17,2.7794749735414084,19
1262,9,16,107,6,2.777459759648454,10
1263,25,17,53,8,2.774786838502582,9
1264,5,11,10,6,2.7716738654503197,5
1265,114,16,51,7,2.7680365595977934,9
1266,64,16,88,7,2.7589027994577107,9
1267,65,14,48,6,2.7586384168294447,8
1268,14,15,11,6,2.753683750814255,9
1269,25,18,55,8,2.7487856444546024,10
1270,20,15,30,7,2.7449376883217553,8
1271,14,16,84,7,2.744202009506242,9
1272,53,22,51,11,2.7411105049672555,11
1273,13,42,86,18,2.7241966019924346,24
1274,41,22,18,10,2.722545546616939,12
1275,95,11,80,5,2.7197438471090796,6
1276,54,33,95,16,2.7046161899626613,17
1277,97,22,46,10,2.6830528559454945,12
1278,71,27,8,13,2.6791944013625146,14
1279,11,15,35,7,2.658402580780903,8
1280,74,13,91,6,2.658254293210725,7
1281,16,26,53,12,2.6570935949339445,14
1282,28,36,25,15,2.6530805265031128,21
1283,71,21,39,10,2.652675979253717,11
1284,109,47,5,23,2.651945214364779,24
1285,39,27,68,14,2.650364232666134,13
1286,16,60,5,25,2.6435184456824317,35
1287,16,47,13,21,2.6432958065771817,26
1288,65,17,31,7,2.6396594280520715,10
1289,15,14,7,7,2.6229324561632237,7
1290,34,10,76,5,2.615955033214912,5
1291,55,17,9,8,2.615263221837835,9
1292,47,11,88,5,2.6133979645293848,6
1293,30,36,86,16,2.604988398458736,20
1294,111,27,68,13,2.599978604682309,14
1295,39,25,53,10,2.598263210359535,15
1296,39,23,5,11,2.5977698137373055,12
1297,80,24,28,11,2.5705556034476817,13
1298,7,12,11,6,2.569451739277442,6
1299,11,10,69,4,2.569037957161563,6
1300,49,32,13,16,2.5607650346164035,16
1301,83,10,63,6,2.557624644664858,4
1302,63,15,95,7,2.557509411427886,8
1303,86,14,14,7,2.5565201304900333,7
1304,97,24,16,13,2.532969119874108,11
1305,76,15,109,6,2.5285469015591207,9
1306,36,14,87,7,2.5281752879458814,7
1307,55,21,90,11,2.5152743292271547,10
1308,107,55,37,25,2.511119120051266,30
1309,37,18,109,8,2.501013404341532,10
1310,11,20,48,9,2.499763597895506,11
1311,13,29,75,13,2.4929930545695704,16
1312,51,28,17,12,2.4842837769178345,16
1313,8,39,20,18,2.4774464429650913,21
1314,8,65,88,30,2.461291700037279,35
1315,11,46,16,19,2.461047191041384,27
1316,65,60,86,27,2.4569022576550177,33
1317,54,14,49,7,2.454208065190866,7
1318,46,48,5,21,2.452279517290662,27
1319,32,10,50,6,2.444054190716271,4
1320,104,48,16,23,2.442145888045198,25
1321,63,78,86,34,2.4406380591916865,44
1322,20,17,97,8,2.4355837212433697,9
1323,87,21,99,9,2.4324110326808843,12
1324,91,22,107,10,2.42409916831482,12
1325,109,11,99,5,2.4195174025010595,6
1326,86,11,4,5,2.4130242941982507,6
1327,81,10,88,5,2.411097045225808,5
1328,87,39,50,19,2.4090424159296533,20
1329,49,11,63,5,2.408719311407968,6
1330,110,13,86,6,2.4084031140746345,7
1331,25,17,70,8,2.405943954843893,9
1332,17,22,50,11,2.403392331478126,11
1333,99,19,86,8,2.400382898068694,11
1334,11,31,88,15,2.3983479743506857,16
1335,93,14,84,6,2.3958694367553783,8
1336,20,20,109,8,2.3908375286297607,12
1337,111,12,8,6,2.390343846489095,6
1338,55,37,106,16,2.381056579834337,21
1339,15,20,25,8,2.380758889536655,12
1340,99,23,5,11,2.3616219022642833,12
1341,48,14,109,6,2.3615030071790217,8
1342,23,11,27,5,2.3601895117131306,6
1343,53,28,71,13,2.347041975026536,15
1344,107,20,38,9,2.33882811596706,11
1345,65,15,29,8,2.3384287817487253,7
1346,33,12,11,7,2.336303729576231,5
1347,37,11,43,4,2.332605420766109,7
1348,50,25,51,12,2.3323232012179402,13
1349,86,20,38,9,2.317394772106249,11
1350,60,35,40,16,2.3022200144512173,19
1351,106,36,96,16,2.2984565902488905,20
1352,90,29,16,12,2.2849821824969307,17
1353,86,12,81,5,2.283313324562977,7
1354,18,19,88,8,2.278828168377765,11
1355,28,66,96,31,2.267406944603933,35
1356,46,34,28,14,2.2549666124967906,20
1357,86,40,90,18,2.2520097652852837,22
1358,65,56,63,26,2.2452270168635153,30
1359,16,21,15,9,2.2411165435882596,12
1360,76,23,8,11,2.22939302069529,12
1361,28,16,100,7,2.2255414738387724,9
1362,28,10,3,4,2.2170154466950467,6
1363,75,18,23,9,2.214683450644989,9
1364,112,10,8,5,2.2144684353504553,5
1365,86,28,2,14,2.2092021993038244,14
1366,37,24,84,11,2.201223464549896,13
1367,77,14,65,7,2.2011849181716925,7
1368,8,23,48,10,2.2004165749645987,13
1369,96,11,14,5,2.19268862994012,6
1370,8,64,74,28,2.186622040651489,36
1371,91,14,68,6,2.174225836806776,8
1372,16,47,63,22,2.1668391821082813,25
1373,64,17,86,8,2.1650015930997486,9
1374,64,10,75,5,2.161929685109979,5
1375,23,10,29,5,2.1610971150686167,5
1376,28,10,40,5,2.155370208616526,5
1377,97,22,88,11,2.154423518377413,11
1378,46,17,63,9,2.154361145113281,8
1379,2,19,87,9,2.150541163273267,10
1380,16,83,86,37,2.142098668447526,46
1381,109,16,50,8,2.1420450648202105,8
1382,73,14,106,7,2.139958358931589,7
1383,53,23,88,10,2.138168696621838,13
1384,8,15,33,6,2.129402754491363,9
1385,68,22,31,11,2.1288743463532764,11
1386,41,10,89,5,2.124994842096453,5
1387,25,15,84,7,2.1183956865956017,8
1388,48,13,30,7,2.114145406665778,6
1389,87,36,63,18,2.11057231546335,18
1390,28,62,5,30,2.1003743399505708,32
1391,97,22,8,11,2.094799206270941,11
1392,91,15,75,10,2.0918744194384895,5
1393,40,10,106,5,2.0918702037357386,5
1394,8,14,18,7,2.089050009065866,7
1395,75,12,109,5,2.086370884794744,7
1396,82,10,63,5,2.077975861296688,5
1397,57,15,46,7,2.0747037466091505,8
1398,50,26,25,13,2.0720055901853556,13
1399,97,26,63,12,2.0694495254936975,14
1400,16,21,98,10,2.0672287007178305,11
1401,106,29,51,14,2.066087988956932,15
1402,97,30,106,15,2.0644256996528543,15
1403,50,11,112,5,2.0629004046061317,6
1404,104,48,65,23,2.0541888985811703,25
1405,47,12,13,6,2.0503929365321074,6
1406,50,15,30,7,2.0464195072984315,8
1407,90,24,60,10,2.0397275719261816,14
1408,99,16,15,7,2.0375168850995924,9
1409,18,16,40,7,2.033343892608061,9
1410,13,14,70,6,2.032328222536006,8
1411,55,12,73,6,2.0248295643907164,6
1412,7,23,4,12,2.0237628561879832,11
1413,76,23,70,11,2.0205668013908826,12
1414,8,36,90,16,2.0194647820717804,20
1415,33,10,99,5,1.9995697947435775,5
1416,46,38,11,17,1.9985912350445674,21
1417,84,10,35,5,1.9965083140622215,5
1418,6,11,87,5,1.9839334145784242,6
1419,7,40,39,18,1.9744865583518294,22
1420,2,12,75,5,1.9694128550530172,7
1421,8,39,51,19,1.9688998977328516,20
1422,13,14,9,7,1.963998059553121,7
1423,106,19,17,8,1.9601546930788782,11
1424,98,22,107,10,1.9482886679818217,12
1425,13,20,71,10,1.9474226751886594,10
1426,77,16,4,7,1.946865778937695,9
1427,64,10,104,4,1.9410731528407534,6
1428,25,15,57,7,1.9367936004868358,8
1429,87,11,4,5,1.9319726436427564,6
1430,87,30,84,14,1.9310332903828065,16
1431,112,10,75,5,1.9289326018714483,5
1432,23,32,86,14,1.9182051181478577,18
1433,99,11,76,6,1.9173589523208343,5
1434,30,14,96,7,1.9170201840499577,7
1435,70,17,39,9,1.9157212262198098,8
1436,74,34,65,16,1.90209120333685,18
1437,74,14,108,7,1.8987503296630384,7
1438,49,20,86,10,1.8976322802746382,10
1439,7,52,65,27,1.895743490475071,25
1440,5,26,91,11,1.892251700304698,15
1441,5,49,96,22,1.8890948283914337,27
1442,16,48,74,22,1.8818651609735453,26
1443,98,18,37,9,1.8817953145609947,9
1444,20,15,76,8,1.8717042450890158,7
1445,74,13,17,6,1.8676704113074118,7
1446,37,44,28,20,1.8670737685584553,24
1447,37,95,5,46,1.8654288703425719,49
1448,75,16,36,8,1.861496909878586,8
1449,2,17,84,8,1.8594432529031952,9
1450,86,55,55,26,1.8505820225718854,29
1451,34,12,106,5,1.8480424044178243,7
1452,114,27,16,14,1.8471183538717204,13
1453,50,18,114,8,1.8469975740050815,10
1454,109,24,106,12,1.8438625812895593,12
1455,37,46,51,24,1.8410186071468577,22
1456,51,13,9,6,1.8395555759341258,7
1457,55,12,64,5,1.8371304139760676,7
1458,8,30,65,15,1.8283507296945531,15
1459,102,13,99,6,1.8212893413036875,7
1460,55,48,51,22,1.813159344480936,26
1461,2,20,37,10,1.7943143656917857,10
1462,95,26,25,13,1.7915870343345557,13
1463,31,27,7,12,1.7908649065368447,15
1464,37,25,90,12,1.7816453937181782,13
1465,48,23,16,10,1.7794429962560594,13
1466,50,57,54,27,1.778110232728455,30
1467,96,55,107,25,1.7781061515399443,30
1468,68,20,87,9,1.7677204342874753,11
1469,60,20,31,9,1.7646425107471884,11
1470,84,26,70,12,1.7530345342228948,14
1471,36,18,60,9,1.7363741266115713,9
1472,70,19,75,10,1.7314858975507377,9
1473,60,13,11,7,1.72978393860355,6
1474,95,25,28,11,1.7143083531485523,14
1475,74,10,85,5,1.7134982697618455,5
1476,84,13,76,6,1.710890300241341,7
1477,46,10,41,4,1.7055763851805161,6
1478,41,27,16,13,1.705043913276791,14
1479,86,14,33,6,1.6956445150868669,8
1480,86,90,87,46,1.693335552900358,44
1481,87,25,46,13,1.6819991140712225,12
1482,76,29,96,13,1.6762730706442965,16
1483,96,14,73,7,1.6753693979758282,7
1484,77,15,5,7,1.6718563886987095,8
1485,107,31,70,15,1.6685978034904536,16
1486,32,11,109,6,1.6660133397695764,5
1487,107,54,63,28,1.66390772816823,26
1488,65,49,13,24,1.6626280164796472,25
1489,71,12,50,5,1.6544816018752924,7
1490,28,28,39,13,1.636644088967189,15
1491,87,24,60,11,1.6274288259619583,13
1492,55,49,88,22,1.6154630922330864,27
1493,49,17,7,7,1.6144439248242508,10
1494,18,10,111,5,1.6141345577429873,5
1495,63,25,70,12,1.612262611699524,13
1496,34,20,107,9,1.6030565634408773,11
1497,106,84,86,41,1.602389191522447,43
1498,109,16,97,7,1.6022431108951518,9
1499,87,15,97,6,1.595552572689484,9
1500,95,23,39,11,1.5861677629693824,12
1501,2,15,25,8,1.5845186001024008,7
1502,84,18,80,8,1.570942028221592,10
1503,70,11,90,5,1.5691735166520109,6
1504,18,27,53,12,1.5558904916460117,15
1505,40,10,11,5,1.55541521138649,5
1506,8,19,17,10,1.5403077254917843,9
1507,107,11,79,6,1.5337921396437175,5
1508,106,19,83,8,1.5311768047912764,11
1509,86,21,62,10,1.5281295682123723,11
1510,35,14,37,7,1.523131742310598,7
1511,39,11,4,5,1.5205153281631296,6
1512,16,17,2,8,1.5157503924432267,9
1513,46,12,55,5,1.5148590180899557,7
1514,36,11,106,5,1.5136887800303371,6
1515,51,12,36,6,1.509572027592031,6
1516,70,13,9,6,1.504563121307626,7
1517,102,16,106,8,1.4908896648943566,8
1518,20,28,16,12,1.47224219682996,16
1519,28,14,89,6,1.4639788382157592,8
1520,108,12,13,5,1.4622090647131183,7
1521,98,19,76,8,1.4493678922731097,11
1522,70,13,40,6,1.43617994756994,7
1523,91,12,54,6,1.4331424659599215,6
1524,106,14,110,7,1.4258595725562953,7
1525,74,10,98,5,1.4177496992788108,5
1526,51,32,46,14,1.414568155396009,18
1527,87,40,54,18,1.4131847618133258,22
1528,102,15,11,6,1.4114820984859568,9
1529,7,17,114,9,1.4040140776210401,8
1530,55,27,84,13,1.3965203244162756,14
1531,25,59,16,28,1.3929676943202622,31
1532,83,19,97,10,1.3860983501952917,9
1533,39,12,12,6,1.3850490174415733,6
1534,11,48,28,24,1.3816823064618553,24
1535,54,56,107,27,1.3761345995511172,29
1536,97,13,50,7,1.3748102351512164,6
1537,86,17,85,8,1.3738528392472165,9
1538,90,11,76,6,1.3711097869836062,5
1539,97,12,75,7,1.365095248526459,5
1540,25,26,30,14,1.363384718034577,12
1541,111,12,13,6,1.3589509075541042,6
1542,8,63,28,29,1.3532960511779597,34
1543,98,10,18,4,1.3471084627969787,6
1544,87,64,107,31,1.3452012244481961,33
1545,104,24,109,12,1.3448623515902252,12
1546,106,39,88,17,1.34469695650301,22
1547,79,17,28,8,1.3443965025775713,9
1548,84,17,90,8,1.3434141546201468,9
1549,8,66,37,32,1.3357403383797626,34
1550,87,40,88,20,1.330798184332504,20
1551,10,16,8,7,1.3145513780375315,9
1552,70,10,102,6,1.3043211125718095,4
1553,16,64,65,30,1.3014138339062762,34
1554,106,16,48,8,1.2966873109190276,8
1555,104,30,114,13,1.2941265458183848,17
1556,75,13,47,6,1.282294179692713,7
1557,17,34,37,18,1.2727375464984247,16
1558,87,41,55,19,1.2726321489984762,22
1559,62,10,76,5,1.2686993930037311,5
1560,84,37,96,19,1.2684027154450666,18
1561,28,18,73,8,1.2674667464036864,10
1562,65,12,14,6,1.2593828148312758,6
1563,51,17,30,9,1.2591099162694142,8
1564,23,28,88,12,1.2579266936898772,16
1565,11,44,107,21,1.2577214098422742,23
1566,30,11,7,4,1.2481777080985,7
1567,109,19,84,9,1.24524860607484,10
1568,54,19,98,9,1.237916298592764,10
1569,88,51,46,24,1.2324469740602921,27
1570,68,12,54,6,1.222592046337456,6
1571,68,13,106,6,1.2095694650231672,7
1572,97,31,74,15,1.194748531335218,16
1573,25,25,109,12,1.1927554377225935,13
1574,86,83,28,39,1.1902605397684778,44
1575,57,14,28,7,1.1812096036740403,7
1576,107,47,7,21,1.168685677873543,26
1577,2,40,8,20,1.1594572352269998,20
1578,50,11,73,4,1.148123985347342,7
1579,28,25,9,13,1.14610750250603,12
1580,20,14,48,6,1.1319086574299344,8
1581,13,39,5,19,1.1249218143526358,20
1582,39,30,65,16,1.1245483033480668,14
1583,9,32,7,14,1.1198529944659934,18
1584,107,43,51,23,1.115475551693722,20
1585,53,16,5,7,1.1100089939054687,9
1586,6,15,16,8,1.100006398241832,7
1587,5,47,54,22,1.0944368571176064,25
1588,83,16,109,9,1.0939664342434448,7
1589,86,67,20,32,1.090808542947844,35
1590,18,19,107,9,1.087633411979241,10
1591,13,32,27,16,1.0814562000603125,16
1592,83,33,55,17,1.0771475436917035,16
1593,86,44,109,22,1.0769552946912215,22
1594,49,10,28,4,1.071731750298935,6
1595,67,20,37,9,1.0707700527635258,11
1596,84,59,107,29,1.0684618045247287,30
1597,39,14,20,8,1.0673965411691178,6
1598,57,10,104,3,1.055650316374437,7
1599,16,23,49,10,1.0511839451073195,13
1600,33,16,28,9,1.0436942408383045,7
1601,88,11,74,4,1.043558433601539,7
1602,114,16,46,7,1.0425155794457335,9
1603,40,40,86,17,1.0345742104892823,23
1604,51,26,60,12,1.0317231530020434,14
1605,28,43,65,20,1.0278652610926937,23
1606,87,17,80,8,1.02311056991515,9
1607,70,10,33,5,1.0222975969230632,5
1608,93,20,88,9,1.0138818382921346,11
1609,20,23,80,11,1.0138169865719238,12
1610,87,29,95,14,1.0109411688585392,15
1611,60,10,78,4,1.0077900317025859,6
1612,60,30,55,14,1.0068325257396056,16
1613,20,22,70,11,1.0037779537681712,11
1614,109,10,71,5,0.9970275319814977,5
1615,88,30,41,15,0.9963330503330308,15
1616,107,13,14,7,0.9920091994330184,6
1617,106,67,28,32,0.9916026418837893,35
1618,104,13,80,7,0.9861315816908558,6
1619,107,10,12,6,0.9798393160313019,4
1620,109,17,51,10,0.9722735531301328,7
1621,8,17,7,9,0.965532333530449,8
1622,96,44,87,22,0.9639736076499449,22
1623,14,14,5,6,0.9561035605846475,8
1624,63,27,25,12,0.9527168084783876,15
1625,87,38,74,18,0.9489215682392524,20
1626,37,20,76,11,0.942629410207245,9
1627,18,12,55,5,0.9424181916365569,7
1628,43,13,39,5,0.9397651908861315,8
1629,9,10,36,4,0.9397197124439909,6
1630,49,12,8,5,0.934404378662043,7
1631,8,32,93,16,0.929819616045558,16
1632,25,22,83,10,0.9290503981463761,12
1633,107,25,60,12,0.9209667136001833,13
1634,18,18,74,8,0.9157992079065538,10
1635,108,10,25,5,0.9146750049457186,5
1636,18,15,65,8,0.9097582893498202,7
1637,107,31,46,16,0.8942764168819464,15
1638,114,23,97,11,0.8792499255153927,12
1639,10,10,114,4,0.8617397018011257,6
1640,96,13,109,6,0.860547999068384,7
1641,27,11,8,6,0.8585027849962472,5
1642,39,14,96,6,0.8584786467987305,8
1643,46,15,68,7,0.8565592203009194,8
1644,49,11,51,5,0.850234920668641,6
1645,25,21,17,10,0.8501204774315503,11
1646,8,64,54,33,0.8453996480922652,31
1647,39,38,55,18,0.8421613872882462,20
1648,86,10,89,4,0.8309374732906825,6
1649,2,16,46,8,0.8285194662826778,8
1650,43,15,88,7,0.8270294830933608,8
1651,83,15,60,8,0.8249582076687048,7
1652,50,12,4,6,0.8210544229672087,6
1653,74,37,25,18,0.8204962979912085,19
1654,25,14,90,7,0.8193923685462247,7
1655,49,14,17,6,0.8168710470278943,8
1656,39,26,54,13,0.8124305111350559,13
1657,106,39,50,18,0.8096202630526165,21
1658,8,14,80,6,0.8089658215861046,8
1659,25,40,39,20,0.8087773618763647,20
1660,48,12,13,6,0.8080555546550418,6
1661,114,28,88,14,0.806091887125101,14
1662,8,21,60,10,0.8056366298661098,11
1663,96,36,55,18,0.7893581602386032,18
1664,106,55,87,26,0.7882945133949287,29
1665,65,16,84,8,0.7808353432634707,8
1666,46,20,60,10,0.7782430213526009,10
1667,33,15,104,8,0.7704375614853092,7
1668,83,13,7,8,0.7695159448560518,5
1669,106,33,104,15,0.7665725528171266,18
1670,11,15,51,8,0.765784841674621,7
1671,77,42,60,20,0.7542255805180192,22
1672,114,22,74,12,0.7506194135084285,10
1673,28,27,48,13,0.7484805696104432,14
1674,104,30,74,14,0.7473029478332428,16
1675,65,30,37,16,0.7390927440074131,14
1676,44,15,25,7,0.7339941983900393,8
1677,31,13,75,6,0.7282097535423555,7
1678,18,10,43,4,0.7279925453954619,6
1679,8,46,11,21,0.7230407809506088,25
1680,88,12,48,5,0.721628645159468,7
1681,82,13,28,7,0.7153587234866209,6
1682,70,52,8,26,0.714533044758106,26
1683,18,12,36,6,0.7140101804629405,6
1684,75,29,39,15,0.7103866309575745,14
1685,88,30,84,16,0.7084791071128511,14
1686,76,15,30,8,0.708134364255956,7
1687,50,40,11,19,0.6981183946332987,21
1688,27,11,99,6,0.6941577039356042,5
1689,70,22,104,11,0.689507796618511,11
1690,91,15,39,7,0.6883006418308203,8
1691,87,14,49,8,0.6840823406866632,6
1692,29,12,16,5,0.6823544697986406,7
1693,23,15,15,7,0.6735916899677631,8
1694,106,46,11,20,0.6535108004818931,26
1695,88,27,60,15,0.6484011976576008,12
1696,31,10,27,4,0.6450919649382086,6
1697,98,16,50,8,0.6426219058041094,8
1698,16,19,43,8,0.6408960966953514,11
1699,57,11,51,5,0.636000530409219,6
1700,11,11,97,6,0.6269874474505769,5
1701,31,14,51,8,0.6263742318099647,6
1702,107,62,5,31,0.6252815058217583,31
1703,102,11,98,6,0.6175099367937772,5
1704,75,31,51,16,0.6073440581538613,15
1705,20,10,40,5,0.6005897193257779,5
1706,97,17,93,8,0.5934767161556218,9
1707,55,32,75,18,0.5893925674836219,14
1708,25,38,114,20,0.5872708891298798,18
1709,2,17,96,8,0.5793042045284421,9
1710,51,15,98,7,0.562825043605883,8
1711,51,26,18,12,0.5627621288744068,14
1712,97,30,2,14,0.5614740846174435,16
1713,84,29,50,15,0.5600416600783537,14
1714,83,10,2,5,0.5594397265150824,5
1715,102,10,84,5,0.555323987307036,5
1716,107,22,68,10,0.544570213173611,12
1717,41,12,95,5,0.5396942316178904,7
1718,114,19,17,9,0.5301119499866597,10
1719,20,15,13,8,0.5291560401746672,7
1720,76,18,46,9,0.528169825790584,9
1721,1,12,73,6,0.5279151460001303,6
1722,36,10,114,5,0.5266225489502225,5
1723,107,12,94,7,0.5206364747602409,5
1724,86,14,34,7,0.5201415239407956,7
1725,75,27,65,14,0.510241223307233,13
1726,104,34,7,16,0.50888792453836,18
1727,62,10,65,5,0.5003342966372036,5
1728,104,36,95,17,0.5001729275119371,19
1729,75,13,27,5,0.4974930029627913,8
1730,95,28,74,13,0.47842550860281996,15
1731,88,27,75,14,0.47530286144516876,13
1732,20,19,2,9,0.46802771578138846,10
1733,40,23,53,11,0.46452807764850695,12
1734,35,11,40,6,0.46270701875768405,5
1735,74,16,7,10,0.44922344279131066,6
1736,68,22,86,10,0.4454824181803146,12
1737,90,15,11,7,0.4409004522210816,8
1738,33,13,54,7,0.43670790689912964,6
1739,8,74,107,39,0.43526473064358406,35
1740,74,17,80,9,0.4324611679866122,8
1741,23,10,97,5,0.4316091463570402,5
1742,53,11,109,5,0.4252831189704099,6
1743,13,45,104,22,0.421227841135493,23
1744,88,27,68,13,0.4205747216392921,14
1745,11,16,32,9,0.41605311029258796,7
1746,84,14,79,8,0.41419542722796737,6
1747,49,10,65,5,0.4100055456606196,5
1748,63,38,5,16,0.40800993583737216,22
1749,28,71,16,36,0.4038581985222006,35
1750,99,14,104,8,0.39792129449437547,6
1751,18,20,87,9,0.396331636427475,11
1752,90,15,17,8,0.39476347822724994,7
1753,8,13,44,6,0.3904420875790005,7
1754,104,22,98,13,0.390344641080382,9
1755,55,12,71,5,0.382681476916952,7
1756,106,35,70,16,0.3799995965185726,19
1757,7,19,63,11,0.3740180678402557,8
1758,114,47,107,23,0.3686556431114865,24
1759,23,41,16,20,0.3657176331861448,21
1760,28,22,83,9,0.36492740395353174,13
1761,106,14,60,7,0.336939838579221,7
1762,54,25,84,13,0.33308077981097683,12
1763,83,18,88,10,0.32681938667449933,8
1764,76,20,11,9,0.3179380930289623,11
1765,8,75,55,39,0.31178306035257475,36
1766,16,39,70,18,0.3070972120099422,21
1767,50,47,86,25,0.30104953753715946,22
1768,70,49,86,23,0.28498345260667884,26
1769,37,13,39,7,0.28210005082695544,6
1770,67,12,25,6,0.2816428039469064,6
1771,63,33,11,14,0.27232059503922706,19
1772,74,38,54,18,0.2707426697250304,20
1773,65,43,55,20,0.2672931134757015,23
1774,84,11,17,5,0.26657119917942235,6
1775,28,23,76,12,0.2624094415845059,11
1776,60,47,7,21,0.2623864927317807,26
1777,33,11,96,7,0.2613811530785739,4
1778,28,18,71,8,0.2547312662987768,10
1779,95,40,5,21,0.25348100991507183,19
1780,65,26,50,13,0.2462354821363454,13
1781,30,10,108,5,0.24117256366227835,5
1782,18,13,60,7,0.2333478150647963,6
1783,28,32,51,17,0.22942654135968313,15
1784,114,15,73,8,0.22701369403263455,7
1785,11,40,87,22,0.22473431916089695,18
1786,114,25,20,12,0.21848473013005174,13
1787,53,27,65,15,0.21718743971110346,12
1788,86,13,78,6,0.21601840566709724,7
1789,88,17,4,8,0.2029179351590433,9
1790,106,69,8,32,0.1950573284676129,37
1791,14,14,106,6,0.19021668109411646,8
1792,20,11,104,5,0.18707180650761046,6
1793,35,10,70,6,0.18631436457958764,4
1794,37,13,62,8,0.17494933246516955,5
1795,39,27,104,13,0.1748605393390361,14
1796,33,13,95,6,0.16746373964834158,7
1797,57,20,37,10,0.16220303080862575,10
1798,16,19,33,8,0.15766880077552775,11
1799,57,16,86,8,0.15508905237468196,8
1800,11,25,74,12,0.15006666233224167,13
1801,69,13,51,7,0.14920558294134031,6
1802,65,12,43,5,0.14707048531237632,7
1803,40,32,39,15,0.144256549036331,17
1804,41,22,25,9,0.134750942385696,13
1805,68,24,40,12,0.133673655246669,12
1806,50,16,34,8,0.13128791109247806,8
1807,104,18,53,9,0.13117835115072612,9
1808,93,17,107,8,0.12757170749762345,9
1809,100,20,106,11,0.12223853702694036,9
1810,74,21,2,11,0.11327187771293404,10
1811,88,14,73,8,0.11071484178267989,6
1812,107,64,28,31,0.10332498300397976,33
1813,87,57,5,28,0.10062627053374182,29
1814,63,19,114,9,0.09244039887809458,10
1815,79,15,16,7,0.0846210771917389,8
1816,11,27,39,14,0.08435132768700179,13
1817,65,22,11,12,0.08328669901936944,10
1818,106,12,9,6,0.07615198862067658,6
1819,90,17,88,9,0.07413833306968426,8
1820,51,39,87,19,0.06646293648636259,20
1821,95,46,86,21,0.0533388813813724,25
1822,87,13,14,7,0.034291897518969265,6
1823,77,12,39,6,0.028576279160181645,6
1824,36,21,39,11,0.018614049084859408,10
1825,51,25,84,12,0.01096799308021332,13
1826,2,20,88,10,0.009580056392909242,10
1827,114,35,37,19,0.00622221621453757,16
1828,109,20,102,10,0.0026602667859183526,10
1829,99,25,55,13,0.0009906570474895915,12
1830,55,25,99,12,-0.0009906570474892363,13
1831,102,20,109,10,-0.0026602667859165763,10
1832,37,35,114,16,-0.006222216214538382,19
1833,88,20,2,10,-0.009580056392909242,10
1834,84,25,51,13,-0.01096799308021332,12
1835,39,21,36,10,-0.018614049084859578,11
1836,39,12,77,6,-0.028576279160181645,6
1837,14,13,87,6,-0.034291897518968995,7
1838,86,46,95,25,-0.053338881381371626,21
1839,87,39,51,20,-0.06646293648636131,19
1840,88,17,90,8,-0.07413833306968468,9
1841,9,12,106,6,-0.0761519886206754,6
1842,11,22,65,10,-0.08328669901936994,12
1843,39,27,11,13,-0.08435132768700153,14
1844,16,15,79,8,-0.08462107719174033,7
1845,114,19,63,10,-0.09244039887809513,9
1846,5,57,87,29,-0.10062627053374157,28
1847,28,64,107,33,-0.1033249830039801,31
1848,73,14,88,6,-0.11071484178267912,8
1849,2,21,74,10,-0.11327187771293505,11
1850,106,20,100,9,-0.12223853702694125,11
1851,53,18,104,9,-0.13117835115072612,9
1852,34,16,50,8,-0.13128791109247828,8
1853,40,24,68,12,-0.133673655246669,12
1854,25,22,41,13,-0.13475094238569565,9
1855,39,32,40,17,-0.1442565490363309,15
1856,43,12,65,7,-0.1470704853123769,5
1857,51,13,69,6,-0.14920558294134112,7
1858,74,25,11,13,-0.1500666623322408,12
1859,86,16,57,8,-0.15508905237468193,8
1860,33,19,16,11,-0.15766880077552733,8
1861,37,20,57,10,-0.162203030808627,10
1862,95,13,33,7,-0.16746373964834213,6
1863,104,27,39,14,-0.17486053933903567,13
1864,62,13,37,5,-0.17494933246516897,8
1865,70,10,35,4,-0.18631436457958692,6
1866,104,11,20,6,-0.1870718065076108,5
1867,106,14,14,8,-0.19021668109411646,6
1868,8,69,106,37,-0.19505732846761326,32
1869,4,17,88,9,-0.20291793515904394,8
1870,107,55,74,27,-0.21259864549077664,28
1871,78,13,86,7,-0.21601840566709504,6
1872,65,27,53,12,-0.21718743971110294,15
1873,20,25,114,13,-0.21848473013005537,12
1874,87,40,11,18,-0.22473431916089676,22
1875,73,15,114,7,-0.22701369403263538,8
1876,51,32,28,15,-0.22942654135968277,17
1877,60,13,18,6,-0.23334781506479574,7
1878,108,10,30,5,-0.24117256366227763,5
1879,50,26,65,13,-0.24623548213634697,13
1880,5,40,95,19,-0.253481009915071,21
1881,71,18,28,10,-0.2547312662987772,8
1882,96,11,33,4,-0.26138115307857424,7
1883,7,47,60,26,-0.26238649273178155,21
1884,76,23,28,11,-0.2624094415845068,12
1885,17,11,84,6,-0.26657119917942235,5
1886,55,43,65,23,-0.26729311347570217,20
1887,54,38,74,20,-0.27074266972503125,18
1888,11,33,63,19,-0.27232059503922706,14
1889,25,12,67,6,-0.2816428039469064,6
1890,39,13,37,6,-0.28210005082695544,7
1891,86,49,70,26,-0.28498345260667907,23
1892,86,47,50,22,-0.3010495375371577,25
1893,70,39,16,21,-0.3070972120099418,18
1894,55,75,8,36,-0.3117830603525748,39
1895,88,18,83,8,-0.32681938667449884,10
1896,84,25,54,12,-0.33308077981097556,13
1897,60,14,106,7,-0.336939838579221,7
1898,106,39,107,19,-0.3447428866639288,20
1899,83,22,28,13,-0.36492740395353107,9
1900,16,41,23,21,-0.3657176331861435,20
1901,107,47,114,24,-0.36865564311148735,23
1902,63,19,7,8,-0.37401806784025543,11
1903,70,35,106,19,-0.37999959651857307,16
1904,71,12,55,7,-0.38268147691695403,5
1905,98,22,104,9,-0.39034464108038125,13
1906,44,13,8,7,-0.3904420875789997,6
1907,17,15,90,7,-0.39476347822725016,8
1908,87,20,18,11,-0.3963316364274748,9
1909,104,14,99,6,-0.39792129449437524,8
1910,16,71,28,35,-0.4038581985222006,36
1911,5,38,63,22,-0.4080099358373725,16
1912,12,11,88,5,-0.4090282765032756,6
1913,65,10,49,5,-0.4100055456606192,5
1914,79,14,84,6,-0.414195427227968,8
1915,32,16,11,7,-0.4160531102925862,9
1916,68,27,88,14,-0.42057472163929116,13
1917,104,45,13,23,-0.42122784113549283,22
1918,109,11,53,6,-0.4252831189704086,5
1919,97,10,23,5,-0.43160914635703873,5
1920,80,17,74,8,-0.4324611679866118,9
1921,107,74,8,35,-0.43526473064358473,39
1922,54,13,33,6,-0.43670790689912903,7
1923,11,15,90,8,-0.4409004522210813,7
1924,86,22,68,12,-0.4454824181803151,10
1925,7,16,74,6,-0.4492234427913093,10
1926,40,11,35,5,-0.46270701875768433,6
1927,53,23,40,12,-0.4645280776485067,11
1928,2,19,20,10,-0.4680277157813875,9
1929,106,38,76,21,-0.4712121694924553,17
1930,75,27,88,13,-0.47530286144516903,14
1931,74,28,95,15,-0.4784255086028221,13
1932,27,13,75,8,-0.49749300296279125,5
1933,95,36,104,19,-0.5001729275119376,17
1934,65,10,62,5,-0.5003342966372052,5
1935,7,34,104,18,-0.508887924538359,16
1936,65,27,75,13,-0.5102412233072324,14
1937,34,14,86,7,-0.5201415239407952,7
1938,94,12,107,5,-0.5206364747602409,7
1939,114,10,36,5,-0.5266225489502233,5
1940,73,12,1,6,-0.5279151460001312,6
1941,46,18,76,9,-0.5281698257905821,9
1942,13,15,20,7,-0.529156040174666,8
1943,17,19,114,10,-0.5301119499866599,9
1944,95,12,41,7,-0.5396942316178889,5
1945,68,22,107,12,-0.5445702131736112,10
1946,84,10,102,5,-0.5553239873070354,5
1947,2,10,83,5,-0.559439726515081,5
1948,50,29,84,14,-0.5600416600783534,15
1949,2,30,97,16,-0.5614740846174444,14
1950,18,26,51,14,-0.5627621288744072,12
1951,98,15,51,8,-0.5628250436058823,7
1952,88,31,20,17,-0.5704944851473027,14
1953,93,11,20,5,-0.5766686262962127,6
1954,96,17,2,9,-0.5793042045284422,8
1955,114,38,25,18,-0.5872708891298799,20
1956,75,32,55,14,-0.5893925674836225,18
1957,93,17,97,9,-0.5934767161556219,8
1958,40,10,20,5,-0.600589719325777,5
1959,51,31,75,15,-0.6073440581538619,16
1960,98,11,102,5,-0.6175099367937773,6
1961,5,62,107,31,-0.6252815058217575,31
1962,51,14,31,6,-0.6263742318099642,8
1963,97,11,11,5,-0.626987447450576,6
1964,51,11,57,6,-0.6360005304092176,5
1965,43,19,16,11,-0.6408960966953504,8
1966,50,16,98,8,-0.6426219058041119,8
1967,27,10,31,6,-0.6450919649382086,4
1968,60,27,88,12,-0.6484011976576001,15
1969,11,46,106,26,-0.6535108004818926,20
1970,88,50,107,24,-0.6706291396626085,26
1971,15,15,23,8,-0.6735916899677633,7
1972,16,12,29,7,-0.6823544697986406,5
1973,49,14,87,6,-0.6840823406866632,8
1974,39,15,91,8,-0.6883006418308211,7
1975,104,22,70,11,-0.6895077966185112,11
1976,99,11,27,5,-0.6941577039356038,6
1977,11,40,50,21,-0.698118394633299,19
1978,30,15,76,7,-0.708134364255956,8
1979,84,30,88,14,-0.7084791071128513,16
1980,39,29,75,14,-0.710386630957576,15
1981,36,12,18,6,-0.7140101804629401,6
1982,8,52,70,26,-0.7145330447581052,26
1983,28,13,82,6,-0.7153587234866207,7
1984,107,29,90,15,-0.7206295892273683,14
1985,48,12,88,7,-0.7216286451594675,5
1986,11,46,8,25,-0.7230407809506088,21
1987,43,10,18,6,-0.7279925453954611,4
1988,75,13,31,7,-0.7282097535423545,6
1989,25,15,44,8,-0.7339941983900398,7
1990,37,30,65,14,-0.7390927440074138,16
1991,74,30,104,16,-0.7473029478332418,14
1992,48,27,28,14,-0.7484805696104441,13
1993,74,22,114,10,-0.7506194135084283,12
1994,60,42,77,22,-0.7542255805180188,20
1995,51,15,11,7,-0.7657848416746224,8
1996,104,33,106,18,-0.7665725528171268,15
1997,7,13,83,5,-0.7695159448560503,8
1998,104,15,33,7,-0.7704375614853106,8
1999,60,20,46,10,-0.7782430213526004,10
2000,84,16,65,8,-0.7808353432634698,8
2001,87,55,106,29,-0.7882945133949288,26
2002,55,36,96,18,-0.7893581602386027,18
2003,60,21,8,11,-0.8056366298661101,10
2004,88,28,114,14,-0.8060918871251018,14
2005,13,12,48,6,-0.808055554655042,6
2006,39,40,25,20,-0.8087773618763645,20
2007,80,14,8,8,-0.8089658215861041,6
2008,50,39,106,21,-0.8096202630526154,18
2009,54,26,39,13,-0.8124305111350552,13
2010,17,14,49,8,-0.8168710470278943,6
2011,90,14,25,7,-0.8193923685462242,7
2012,20,27,74,13,-0.8203305748765273,14
2013,25,37,74,19,-0.8204962979912087,18
2014,4,12,50,6,-0.821054422967209,6
2015,60,15,83,7,-0.8249582076687048,8
2016,88,15,43,8,-0.8270294830933601,7
2017,46,16,2,8,-0.8285194662826783,8
2018,89,10,86,6,-0.8309374732906832,4
2019,55,38,39,20,-0.8421613872882481,18
2020,54,64,8,31,-0.8453996480922648,33
2021,17,21,25,11,-0.8501204774315487,10
2022,51,11,49,6,-0.8502349206686404,5
2023,68,15,46,8,-0.8565592203009186,7
2024,96,14,39,8,-0.8584786467987305,6
2025,8,11,27,5,-0.8585027849962465,6
2026,109,13,96,7,-0.8605479990683851,6
2027,114,10,10,6,-0.8617397018011254,4
2028,97,23,114,12,-0.8792499255153928,11
2029,46,31,107,15,-0.8942764168819444,16
2030,65,15,18,7,-0.9097582893498202,8
2031,25,10,108,5,-0.9146750049457175,5
2032,74,18,18,10,-0.915799207906551,8
2033,60,25,107,13,-0.9209667136001827,12
2034,83,22,25,12,-0.9290503981463769,10
2035,93,32,8,16,-0.9298196160455592,16
2036,8,12,49,7,-0.934404378662043,5
2037,36,10,9,6,-0.939719712443992,4
2038,39,13,43,8,-0.9397651908861313,5
2039,55,12,18,7,-0.942418191636556,5
2040,76,20,37,9,-0.9426294102072454,11
2041,74,38,87,20,-0.9489215682392524,18
2042,25,27,63,15,-0.9527168084783868,12
2043,5,14,14,8,-0.9561035605846475,6
2044,87,44,96,22,-0.9639736076499452,22
2045,7,17,8,8,-0.9655323335304494,9
2046,51,17,109,7,-0.9722735531301332,10
2047,12,10,107,4,-0.9798393160313011,6
2048,80,13,104,6,-0.9861315816908558,7
2049,28,67,106,35,-0.9916026418837889,32
2050,41,30,88,15,-0.9963330503330314,15
2051,71,10,109,5,-0.9970275319814981,5
2052,70,22,20,11,-1.00377795376817,11
2053,55,30,60,16,-1.0068325257396056,14
2054,78,10,60,6,-1.0077900317025854,4
2055,107,50,88,27,-1.0103731877357307,23
2056,95,29,87,15,-1.0109411688585377,14
2057,80,23,20,12,-1.0138169865719233,11
2058,88,20,93,11,-1.013881838292134,9
2059,33,10,70,5,-1.0222975969230645,5
2060,80,17,87,9,-1.023110569915149,8
2061,65,43,28,23,-1.0278652610926942,20
2062,60,26,51,14,-1.0317231530020419,12
2063,86,40,40,23,-1.0345742104892826,17
2064,46,16,114,9,-1.0425155794457348,7
2065,74,11,88,7,-1.0435584336015389,4
2066,28,16,33,7,-1.0436942408383059,9
2067,49,23,16,13,-1.0511839451073195,10
2068,104,10,57,7,-1.0556503163744377,3
2069,20,14,39,6,-1.0673965411691182,8
2070,107,59,84,30,-1.06846180452473,29
2071,37,20,67,11,-1.0707700527635244,9
2072,28,10,49,6,-1.0717317502989343,4
2073,109,44,86,22,-1.0769552946912209,22
2074,55,33,83,16,-1.0771475436917033,17
2075,27,32,13,16,-1.081456200060312,16
2076,107,19,18,10,-1.0876334119792432,9
2077,20,67,86,35,-1.090808542947844,32
2078,109,16,83,7,-1.0939664342434439,9
2079,54,47,5,25,-1.094436857117606,22
2080,16,15,6,7,-1.1000063982418324,8
2081,5,16,53,9,-1.1100089939054691,7
2082,51,43,107,20,-1.1154755516937223,23
2083,7,32,9,18,-1.119852994465994,14
2084,65,30,39,14,-1.1245483033480648,16
2085,5,39,13,20,-1.1249218143526365,19
2086,48,14,20,8,-1.1319086574299342,6
2087,9,25,28,12,-1.1461075025060317,13
2088,73,11,50,7,-1.1481239853473426,4
2089,8,40,2,20,-1.1594572352270007,20
2090,7,47,107,26,-1.1686856778735426,21
2091,28,14,57,7,-1.181209603674041,7
2092,28,83,86,44,-1.190260539768478,39
2093,109,25,25,13,-1.1927554377225942,12
2094,74,31,97,16,-1.194748531335217,15
2095,106,13,68,7,-1.2095694650231659,6
2096,54,12,68,6,-1.2225920463374564,6
2097,76,38,106,18,-1.2272739860837023,20
2098,46,51,88,27,-1.232446974060291,24
2099,98,19,54,10,-1.2379162985927636,9
2100,84,19,109,10,-1.2452486060748378,9
2101,7,11,30,7,-1.248177708098501,4
2102,88,28,23,16,-1.2579266936898763,12
2103,30,17,51,8,-1.2591099162694146,9
2104,14,12,65,6,-1.259382814831276,6
2105,73,18,28,10,-1.2674667464036864,8
2106,96,37,84,18,-1.2684027154450674,19
2107,76,10,62,5,-1.2686993930037296,5
2108,55,41,87,22,-1.2726321489984769,19
2109,37,34,17,16,-1.272737546498424,18
2110,47,13,75,7,-1.2822941796927128,6
2111,74,55,107,29,-1.285021609827743,26
2112,114,30,104,17,-1.2941265458183857,13
2113,65,64,16,34,-1.301413833906276,30
2114,102,10,70,4,-1.3043211125718082,6
2115,8,16,10,9,-1.3145513780375313,7
2116,88,40,87,20,-1.3307981843325045,20
2117,37,66,8,34,-1.3357403383797612,32
2118,90,17,84,9,-1.3434141546201466,8
2119,28,17,79,9,-1.3443965025775715,8
2120,88,39,106,22,-1.3446969565030102,17
2121,109,24,104,12,-1.3448623515902252,12
2122,18,10,98,6,-1.3471084627969787,4
2123,28,63,8,34,-1.3532960511779586,29
2124,107,39,106,21,-1.3537432689122317,18
2125,13,12,111,6,-1.3589509075541066,6
2126,30,26,25,12,-1.3633847180345777,14
2127,75,12,97,5,-1.365095248526459,7
2128,76,11,90,5,-1.371109786983603,6
2129,85,17,86,9,-1.3738528392472158,8
2130,50,13,97,6,-1.3748102351512186,7
2131,107,56,54,29,-1.3761345995511163,27
2132,28,48,11,24,-1.3816823064618546,24
2133,12,12,39,6,-1.3850490174415748,6
2134,97,19,83,9,-1.386098350195291,10
2135,16,59,25,31,-1.3929676943202618,28
2136,84,27,55,14,-1.3965203244162752,13
2137,114,17,7,8,-1.40401407762104,9
2138,11,15,102,9,-1.4114820984859553,6
2139,54,40,87,22,-1.413184761813326,18
2140,46,32,51,18,-1.4145681553960086,14
2141,98,10,74,5,-1.417749699278812,5
2142,110,14,106,7,-1.425859572556296,7
2143,54,12,91,6,-1.4331424659599221,6
2144,40,13,70,7,-1.4361799475699388,6
2145,76,19,98,11,-1.4493678922731097,8
2146,13,12,108,7,-1.462209064713119,5
2147,89,14,28,8,-1.4639788382157586,6
2148,16,28,20,16,-1.4722421968299606,12
2149,106,16,102,8,-1.4908896648943564,8
2150,9,13,70,7,-1.5045631213076247,6
2151,36,12,51,6,-1.509572027592031,6
2152,106,11,36,6,-1.5136887800303371,5
2153,55,12,46,7,-1.514859018089955,5
2154,2,17,16,9,-1.5157503924432272,8
2155,4,11,39,6,-1.520515328163129,5
2156,37,14,35,7,-1.523131742310598,7
2157,62,21,86,11,-1.528129568212373,10
2158,83,19,106,11,-1.531176804791276,8
2159,79,11,107,5,-1.5337921396437189,6
2160,17,19,8,9,-1.5403077254917807,10
2161,11,10,40,5,-1.555415211386489,5
2162,53,27,18,15,-1.5558904916460097,12
2163,90,11,70,6,-1.5691735166520102,5
2164,80,18,84,10,-1.5709420282215925,8
2165,25,15,2,7,-1.5845186001024019,8
2166,39,23,95,12,-1.5861677629693829,11
2167,97,15,87,9,-1.5955525726894844,6
2168,97,16,109,9,-1.6022431108951523,7
2169,107,20,34,11,-1.6030565634408767,9
2170,70,25,63,13,-1.612262611699524,12
2171,111,10,18,5,-1.614134557742986,5
2172,7,17,49,10,-1.61444392482425,7
2173,88,49,55,27,-1.6154630922330873,22
2174,60,24,87,13,-1.6274288259619591,11
2175,39,28,28,15,-1.6366440889671883,13
2176,50,12,71,7,-1.6544816018752926,5
2177,13,49,65,25,-1.6626280164796472,24
2178,63,54,107,26,-1.6639077281682306,28
2179,109,11,32,5,-1.666013339769578,6
2180,70,31,107,16,-1.6685978034904543,15
2181,5,15,77,8,-1.671856388698709,7
2182,73,14,96,7,-1.6753693979758282,7
2183,96,29,76,16,-1.676273070644297,13
2184,46,25,87,12,-1.6819991140712227,13
2185,33,14,86,8,-1.695644515086867,6
2186,16,27,41,14,-1.7050439132767916,13
2187,41,10,46,6,-1.7055763851805168,4
2188,76,13,84,7,-1.710890300241341,6
2189,85,10,74,5,-1.7134982697618457,5
2190,28,25,95,14,-1.7143083531485501,11
2191,11,13,60,6,-1.729783938603551,7
2192,75,19,70,9,-1.7314858975507368,10
2193,60,18,36,9,-1.7363741266115724,9
2194,70,26,84,14,-1.7530345342228948,12
2195,31,20,60,11,-1.7646425107471884,9
2196,87,20,68,11,-1.7677204342874753,9
2197,107,55,96,30,-1.778106151539944,25
2198,54,57,50,30,-1.7781102327284555,27
2199,16,23,48,13,-1.7794429962560583,10
2200,90,25,37,13,-1.7816453937181784,12
2201,7,27,31,15,-1.7908649065368456,12
2202,25,26,95,13,-1.7915870343345555,13
2203,37,20,2,10,-1.7943143656917857,10
2204,51,48,55,26,-1.8131593444809357,22
2205,99,13,102,7,-1.8212893413036864,6
2206,65,30,8,15,-1.8283507296945525,15
2207,64,12,55,7,-1.837130413976068,5
2208,9,13,51,7,-1.8395555759341262,6
2209,51,46,37,22,-1.8410186071468577,24
2210,106,24,109,12,-1.8438625812895593,12
2211,114,18,50,10,-1.8469975740050815,8
2212,16,27,114,13,-1.8471183538717209,14
2213,106,12,34,7,-1.848042404417825,5
2214,55,55,86,29,-1.850582022571885,26
2215,84,17,2,9,-1.859443252903194,8
2216,36,16,75,8,-1.8614969098785852,8
2217,5,95,37,49,-1.865428870342572,46
2218,28,44,37,24,-1.8670737685584557,20
2219,17,13,74,7,-1.8676704113074127,6
2220,76,15,20,7,-1.871704245089016,8
2221,37,18,98,9,-1.8817953145609947,9
2222,74,48,16,26,-1.8818651609735453,22
2223,96,49,5,27,-1.889094828391433,22
2224,91,26,5,15,-1.8922517003046981,11
2225,65,52,7,25,-1.8957434904750736,27
2226,86,20,49,10,-1.8976322802746393,10
2227,108,14,74,7,-1.8987503296630384,7
2228,65,34,74,18,-1.90209120333685,16
2229,39,17,70,8,-1.9157212262198098,9
2230,96,14,30,7,-1.9170201840499566,7
2231,76,11,99,5,-1.9173589523208336,6
2232,86,32,23,18,-1.9182051181478563,14
2233,75,10,112,5,-1.9289326018714505,5
2234,84,30,87,16,-1.9310332903828082,14
2235,4,11,87,6,-1.9319726436427564,5
2236,57,15,25,8,-1.9367936004868347,7
2237,104,10,64,6,-1.9410731528407539,4
2238,4,16,77,9,-1.9468657789376955,7
2239,71,20,13,10,-1.947422675188659,10
2240,107,22,98,12,-1.948288667981822,10
2241,17,19,106,11,-1.9601546930788794,8
2242,9,14,13,7,-1.9639980595531217,7
2243,51,39,8,20,-1.9688998977328516,19
2244,75,12,2,7,-1.9694128550530146,5
2245,39,40,7,22,-1.974486558351828,18
2246,87,11,6,6,-1.9839334145784238,5
2247,35,10,84,5,-1.996508314062219,5
2248,11,38,46,21,-1.9985912350445674,17
2249,99,10,33,5,-1.9995697947435764,5
2250,90,36,8,20,-2.01946478207178,16
2251,70,23,76,12,-2.0205668013908817,11
2252,4,23,7,11,-2.023762856187983,12
2253,73,12,55,6,-2.024829564390717,6
2254,70,14,13,8,-2.0323282225360066,6
2255,40,16,18,9,-2.0333438926080607,7
2256,15,16,99,9,-2.037516885099592,7
2257,60,24,90,14,-2.039727571926182,10
2258,30,15,50,8,-2.046419507298431,7
2259,13,12,47,6,-2.050392936532107,6
2260,65,48,104,25,-2.0541888985811694,23
2261,112,11,50,6,-2.062900404606131,5
2262,106,30,97,15,-2.0644256996528543,15
2263,51,29,106,15,-2.066087988956932,14
2264,98,21,16,11,-2.0672287007178314,10
2265,63,26,97,14,-2.0694495254936975,12
2266,25,26,50,13,-2.0720055901853556,13
2267,46,15,57,8,-2.074703746609149,7
2268,63,10,82,5,-2.0779758612966877,5
2269,109,12,75,7,-2.0863708847947433,5
2270,20,31,88,15,-2.0865737097726504,16
2271,18,14,8,7,-2.0890500090658657,7
2272,106,10,40,5,-2.0918702037357386,5
2273,75,15,91,5,-2.0918744194384904,10
2274,8,22,97,11,-2.094799206270941,11
2275,5,62,28,32,-2.10037433995057,30
2276,63,36,87,18,-2.1105723154633473,18
2277,30,13,48,6,-2.114145406665778,7
2278,84,15,25,8,-2.118395686595601,7
2279,90,29,107,15,-2.1196846881008575,14
2280,89,10,41,5,-2.1249948420964526,5
2281,31,22,68,11,-2.128874346353275,11
2282,33,15,8,9,-2.1294027544913625,6
2283,88,23,53,13,-2.138168696621837,10
2284,106,14,73,7,-2.1399583589315894,7
2285,50,16,109,8,-2.1420450648202096,8
2286,86,83,16,46,-2.142098668447526,37
2287,87,19,2,10,-2.1505411632732674,9
2288,63,17,46,8,-2.154361145113282,9
2289,88,22,97,11,-2.154423518377414,11
2290,40,10,28,5,-2.1553702086165254,5
2291,29,10,23,5,-2.1610971150686176,5
2292,75,10,64,5,-2.161929685109979,5
2293,86,17,64,9,-2.165001593099748,8
2294,63,47,16,25,-2.166839182108281,22
2295,68,14,91,8,-2.1742258368067766,6
2296,74,64,8,36,-2.1866220406514896,28
2297,14,11,96,6,-2.19268862994012,5
2298,48,23,8,13,-2.2004165749645987,10
2299,65,14,77,7,-2.2011849181716925,7
2300,84,24,37,13,-2.2012234645498956,11
2301,2,28,86,14,-2.2092021993038244,14
2302,8,10,112,5,-2.214468435350456,5
2303,23,18,75,9,-2.2146834506449893,9
2304,3,10,28,6,-2.2170154466950462,4
2305,100,16,28,9,-2.2255414738387724,7
2306,8,23,76,12,-2.2293930206952894,11
2307,74,27,20,15,-2.230377352624161,12
2308,15,21,16,12,-2.24111654358826,9
2309,63,56,65,30,-2.2452270168635153,26
2310,90,40,86,22,-2.252009765285282,18
2311,28,34,46,20,-2.254966612496791,14
2312,96,66,28,35,-2.2674069446039327,31
2313,88,19,18,11,-2.2788281683777645,8
2314,81,12,86,7,-2.283313324562978,5
2315,16,29,90,17,-2.2849821824969294,12
2316,96,36,106,20,-2.2984565902488896,16
2317,40,35,60,19,-2.3022200144512164,16
2318,38,20,86,11,-2.3173947721062502,9
2319,51,25,50,13,-2.3323232012179407,12
2320,43,11,37,7,-2.33260542076611,4
2321,11,12,33,5,-2.336303729576231,7
2322,29,15,65,7,-2.3384287817487257,8
2323,38,20,107,11,-2.338828115967061,9
2324,71,28,53,15,-2.347041975026535,13
2325,107,64,87,34,-2.35367737932154,30
2326,27,11,23,6,-2.360189511713131,5
2327,109,14,48,8,-2.3615030071790217,6
2328,5,23,99,12,-2.3616219022642833,11
2329,86,84,106,44,-2.3707519761878504,40
2330,25,20,15,12,-2.380758889536655,8
2331,106,37,55,21,-2.3810565798343375,16
2332,8,12,111,6,-2.390343846489093,6
2333,109,20,20,12,-2.3908375286297607,8
2334,84,14,93,8,-2.3958694367553792,6
2335,88,31,11,16,-2.3983479743506857,15
2336,86,19,99,11,-2.400382898068693,8
2337,50,22,17,11,-2.403392331478124,11
2338,70,17,25,9,-2.4059439548438926,8
2339,86,13,110,7,-2.4084031140746323,6
2340,63,11,49,6,-2.4087193114079675,5
2341,50,39,87,20,-2.409042415929656,19
2342,87,90,86,45,-2.410474151921404,45
2343,88,10,81,5,-2.411097045225806,5
2344,4,11,86,6,-2.41302429419825,5
2345,99,11,109,6,-2.419517402501058,5
2346,107,22,91,12,-2.4240991683148194,10
2347,99,21,87,12,-2.432411032680885,9
2348,97,17,20,9,-2.4355837212433706,8
2349,86,78,63,44,-2.440638059191687,34
2350,16,48,104,25,-2.4421458880451965,23
2351,50,10,32,4,-2.4440541907162716,6
2352,5,48,46,27,-2.452279517290662,21
2353,49,14,54,7,-2.454208065190869,7
2354,86,60,65,33,-2.456902257655017,27
2355,88,65,8,35,-2.4612917000372785,30
2356,20,39,8,21,-2.4774464429650904,18
2357,17,28,51,16,-2.4842837769178354,12
2358,75,29,13,16,-2.49299305456957,13
2359,109,18,37,10,-2.5010134043415313,8
2360,37,55,107,30,-2.511119120051266,25
2361,90,21,55,10,-2.5152743292271547,11
2362,87,14,36,7,-2.5281752879458814,7
2363,109,15,76,9,-2.5285469015591193,6
2364,16,24,97,11,-2.5329691198741067,13
2365,95,15,63,8,-2.5575094114278856,7
2366,63,10,83,4,-2.557624644664858,6
2367,13,32,49,16,-2.5607650346164035,16
2368,69,10,11,6,-2.5690379571615622,4
2369,11,12,7,6,-2.5694517392774414,6
2370,28,24,80,13,-2.570555603447683,11
2371,5,23,39,12,-2.597769813737307,11
2372,53,25,39,15,-2.5982632103595353,10
2373,68,27,111,14,-2.5999786046823092,13
2374,86,36,30,20,-2.6049883984587345,16
2375,88,11,47,6,-2.6133979645293848,5
2376,9,17,55,9,-2.615263221837834,8
2377,76,10,34,5,-2.6159550332149113,5
2378,7,14,15,7,-2.6229324561632237,7
2379,31,17,65,10,-2.6396594280520733,7
2380,13,47,16,26,-2.6432958065771808,21
2381,5,60,16,35,-2.643518445682432,25
2382,68,27,39,13,-2.650364232666134,14
2383,5,47,109,24,-2.6519452143647766,23
2384,39,21,71,11,-2.6526759792537167,10
2385,25,36,28,21,-2.653080526503112,15
2386,53,26,16,14,-2.6570935949339445,12
2387,91,13,74,7,-2.658254293210725,6
2388,35,15,11,8,-2.6584025807809044,7
2389,8,27,71,14,-2.679194401362514,13
2390,46,22,97,12,-2.6830528559454945,10
2391,95,33,54,17,-2.704616189962661,16
2392,80,11,95,6,-2.7197438471090796,5
2393,18,22,41,12,-2.7225455466169386,10
2394,86,42,13,24,-2.724196601992434,18
2395,51,22,53,11,-2.741110504967257,11
2396,84,16,14,9,-2.744202009506241,7
2397,55,18,25,10,-2.748785644454604,8
2398,11,15,14,9,-2.753683750814255,6
2399,48,14,65,8,-2.7586384168294438,6
2400,107,44,11,24,-2.75870917523516,20
2401,88,16,64,9,-2.7589027994577124,7
2402,51,16,114,9,-2.7680365595977934,7
2403,10,11,5,5,-2.7716738654503192,6
2404,53,17,25,9,-2.774786838502579,8
2405,107,16,9,10,-2.777459759648454,6
2406,104,36,8,19,-2.7794749735414097,17
2407,40,20,63,11,-2.7807749491880167,9
2408,60,20,114,12,-2.78158955257951,8
2409,37,45,20,24,-2.7863088238660243,21
2410,55,45,107,24,-2.7989437616812727,21
2411,50,15,79,9,-2.7998338113931363,6
2412,18,16,104,9,-2.8046551455186632,7
2413,41,15,99,8,-2.808167291861728,7
2414,74,22,75,13,-2.809934258633541,9
2415,34,12,63,7,-2.81000032908768,5
2416,29,13,7,6,-2.8153327011944786,7
2417,63,20,41,11,-2.828493610347344,9
2418,46,41,86,23,-2.830781053281953,18
2419,25,22,23,12,-2.8322220847423263,10
2420,57,21,87,12,-2.842460195115371,9
2421,13,16,109,9,-2.8426763674639637,7
2422,38,17,63,10,-2.8438368509015834,7
2423,16,41,95,21,-2.8502566559320006,20
2424,53,16,106,8,-2.854049364539167,8
2425,55,51,13,28,-2.867580426385495,23
2426,17,22,16,13,-2.869944125440124,9
2427,97,29,25,16,-2.8703843075225346,13
2428,60,37,13,21,-2.887581936146784,16
2429,16,35,30,20,-2.8892969028129025,15
2430,37,19,91,10,-2.9050960547005253,9
2431,51,15,14,9,-2.9073721712530443,6
2432,98,12,97,7,-2.9183345258744953,5
2433,65,15,99,8,-2.925348959200731,7
2434,88,32,49,17,-2.9393362165911423,15
2435,95,18,20,10,-2.9442775418414966,8
2436,17,28,86,14,-2.94742778634219,14
2437,50,16,7,8,-2.948988195369652,8
2438,41,10,55,5,-2.9529405453984947,5
2439,83,22,104,13,-2.957808958542738,9
2440,88,16,62,9,-2.959487921171801,7
2441,104,14,30,8,-2.9691315728239362,6
2442,95,11,15,6,-2.9708859793353706,5
2443,1,14,68,8,-2.9775421242741578,6
2444,84,12,10,7,-2.980259678929739,5
2445,28,16,23,8,-2.982809086991735,8
2446,63,15,13,9,-2.9904556427756623,6
2447,63,49,106,26,-2.99417254272717,23
2448,102,12,97,7,-2.99432300504723,5
2449,5,59,104,31,-2.9970663239960813,28
2450,84,15,75,8,-3.0305846141219575,7
2451,48,21,84,12,-3.0347277834877144,9
2452,96,13,38,7,-3.0422152322461713,6
2453,75,15,114,8,-3.047757418271125,7
2454,97,13,51,7,-3.049621553627841,6
2455,88,28,96,14,-3.0532343196114025,14
2456,55,14,48,8,-3.0636269177668387,6
2457,91,27,28,15,-3.0909280045200798,12
2458,54,22,17,11,-3.09293116749158,11
2459,7,14,1,7,-3.0968901496360695,7
2460,68,14,99,8,-3.100103615084465,6
2461,44,12,65,6,-3.103105872794513,6
2462,16,11,52,6,-3.1090472473690998,5
2463,39,23,41,13,-3.111325166422584,10
2464,87,16,71,8,-3.114412062051744,8
2465,54,11,15,6,-3.1252951216765847,5
2466,104,27,76,15,-3.1362490008683896,12
2467,65,21,80,12,-3.1447615991620332,9
2468,74,14,90,9,-3.168061351028922,5
2469,41,39,65,23,-3.1693521049419107,16
2470,46,37,13,20,-3.1729042481938046,17
2471,60,32,39,17,-3.1814318187143127,15
2472,60,26,65,16,-3.1837001674903127,10
2473,13,24,99,13,-3.1869164042235187,11
2474,107,17,1,9,-3.1884068539821784,8
2475,54,69,86,37,-3.1888799872804525,32
2476,25,59,86,31,-3.195465833963126,28
2477,8,70,86,37,-3.196385224742072,33
2478,30,15,99,8,-3.213327358649565,7
2479,18,16,25,10,-3.2198145252234087,6
2480,88,11,14,6,-3.2206098277423347,5
2481,74,11,12,6,-3.2267097800337137,5
2482,65,25,97,14,-3.2279120870667204,11
2483,31,11,88,6,-3.2310317370064356,5
2484,54,14,85,8,-3.239753980711634,6
2485,39,22,18,12,-3.240105240686638,10
2486,20,25,11,15,-3.245274337075932,10
2487,87,25,23,14,-3.24996068585063,11
2488,63,10,30,6,-3.254074696673354,4
2489,84,72,86,36,-3.2610166651310077,36
2490,93,14,70,8,-3.2714518634318708,6
2491,67,13,114,7,-3.274670651234843,6
2492,53,15,55,9,-3.2777226099690266,6
2493,40,21,87,12,-3.292368603280335,9
2494,54,14,23,8,-3.29756231936452,6
2495,8,66,16,37,-3.30452190211764,29
2496,95,16,70,8,-3.3075112398485507,8
2497,88,13,76,6,-3.318537943308137,7
2498,97,17,70,9,-3.327552349585108,8
2499,45,10,16,6,-3.3397556661602676,4
2500,33,13,75,8,-3.342736023465549,5
2501,68,41,13,21,-3.3457044378718344,20
2502,9,10,20,6,-3.353443346624384,4
2503,8,22,14,13,-3.3634201583462153,9
2504,4,12,65,7,-3.3848081276971342,5
2505,37,16,80,9,-3.3888912531414834,7
2506,7,58,13,31,-3.389872922395053,27
2507,107,73,86,39,-3.3942577601162047,34
2508,68,34,65,19,-3.3978153869566374,15
2509,95,14,53,7,-3.4121798412237294,7
2510,114,22,54,11,-3.415804771482276,11
2511,32,17,86,9,-3.4193017987895304,8
2512,17,19,13,11,-3.4218843529498795,8
2513,109,25,87,15,-3.438248375396607,10
2514,104,31,87,16,-3.438412759763362,15
2515,13,12,33,7,-3.4385024274137703,5
2516,102,10,75,6,-3.4391155267314995,4
2517,57,15,97,8,-3.44354434668938,7
2518,40,11,114,7,-3.4534135965890287,4
2519,5,23,33,12,-3.454327509177194,11
2520,65,28,70,17,-3.478419403846197,11
2521,65,14,109,9,-3.4929763691198903,5
2522,54,30,104,16,-3.494678026548527,14
2523,64,17,7,9,-3.4995797772805055,8
2524,84,15,91,8,-3.5069437670955055,7
2525,46,21,20,13,-3.51090539647306,8
2526,65,33,25,19,-3.5115873311153125,14
2527,110,10,87,6,-3.5295519129657293,4
2528,68,16,104,9,-3.5445953540990027,7
2529,11,20,76,12,-3.545061788623662,8
2530,11,17,13,10,-3.548021811585019,7
2531,106,37,65,21,-3.5814533257353673,16
2532,95,10,97,6,-3.58943247133478,4
2533,98,19,28,12,-3.593034409386323,7
2534,39,11,48,6,-3.594601769104413,5
2535,106,27,7,14,-3.596115403913245,13
2536,7,19,54,10,-3.613194585049902,9
2537,86,26,91,15,-3.613221536376561,11
2538,107,43,50,23,-3.622973915701246,20
2539,13,27,4,16,-3.630524693564862,11
2540,49,31,39,18,-3.6339229541842206,13
2541,37,20,30,12,-3.640395609700316,8
2542,50,10,62,6,-3.6657345895143245,4
2543,88,10,79,6,-3.6658466896877493,4
2544,106,31,20,18,-3.6670765571458195,13
2545,96,53,8,30,-3.668741625247303,23
2546,51,40,88,22,-3.670041711086777,18
2547,36,14,86,8,-3.670543608126451,6
2548,11,41,55,25,-3.6751670322630714,16
2549,84,20,46,12,-3.686829488531012,8
2550,87,11,78,5,-3.6913711385920154,6
2551,55,28,7,15,-3.6946197673317487,13
2552,54,48,16,27,-3.695210707305645,21
2553,50,14,89,7,-3.697778125616005,7
2554,102,28,28,15,-3.699783063019897,13
2555,108,11,75,6,-3.7003402274374064,5
2556,5,59,74,32,-3.715039739995446,27
2557,107,25,95,13,-3.721321768434082,12
2558,80,19,16,10,-3.734863526774762,9
2559,76,16,97,8,-3.7370860130894323,8
2560,54,24,80,13,-3.764211904739149,11
2561,106,10,112,6,-3.7955129781731443,4
2562,104,47,107,27,-3.7997199099580072,20
2563,68,11,71,6,-3.8071954572931124,5
2564,5,16,110,9,-3.8138584796050923,7
2565,65,30,23,16,-3.8141938620343914,14
2566,86,29,60,16,-3.8143484694524363,13
2567,86,20,9,12,-3.818397672909285,8
2568,28,19,30,11,-3.8298077885882953,8
2569,50,13,108,8,-3.8299657646620924,5
2570,8,27,83,14,-3.8382150032056903,13
2571,37,17,41,10,-3.8456182281056206,7
2572,9,12,18,7,-3.857789755331762,5
2573,75,21,106,10,-3.8605003548235586,11
2574,5,10,31,6,-3.8620843453498637,4
2575,65,24,83,13,-3.865031238776082,11
2576,18,15,54,8,-3.870411168392848,7
2577,104,24,96,14,-3.8706241075776626,10
2578,39,34,8,18,-3.884761132018973,16
2579,23,16,95,8,-3.8860544765791154,8
2580,16,46,11,28,-3.895324389083474,18
2581,50,18,40,11,-3.8974094453974306,7
2582,51,37,54,20,-3.900510354202894,17
2583,37,26,102,15,-3.901578428361024,11
2584,10,11,97,5,-3.9207678088340043,6
2585,2,28,5,16,-3.923277825320168,12
2586,77,13,41,8,-3.9281873956506344,5
2587,36,27,40,16,-3.9325232434260897,11
2588,62,22,16,13,-3.9335260397440606,9
2589,83,10,102,6,-3.9358085201394077,4
2590,97,10,80,6,-3.9365866928471034,4
2591,39,10,33,6,-3.9525968008389256,4
2592,93,24,74,13,-3.960101768879081,11
2593,68,15,27,8,-3.967314083997185,7
2594,69,12,37,7,-3.9709549460906977,5
2595,13,11,14,7,-3.983254255856211,4
2596,40,22,16,12,-3.9840533271977843,10
2597,88,27,27,13,-3.9972856820177034,14
2598,33,11,90,7,-4.003292593732326,4
2599,50,39,104,23,-4.003544531354558,16
2600,39,29,63,18,-4.005942637288756,11
2601,54,54,65,30,-4.0102263897539165,24
2602,86,32,114,19,-4.012219023441155,13
2603,41,33,7,18,-4.015007463152457,15
2604,41,20,23,11,-4.015528913014391,9
2605,36,10,4,5,-4.015751207559498,5
2606,107,34,75,21,-4.020326517107878,13
2607,74,44,37,24,-4.033137310869005,20
2608,28,33,13,19,-4.033447367470073,14
2609,64,20,53,11,-4.035894963901619,9
2610,28,13,35,7,-4.0366654617090365,6
2611,40,12,31,7,-4.03804984808359,5
2612,50,33,63,19,-4.038412933741711,14
2613,79,13,11,6,-4.047561716338114,7
2614,41,14,60,8,-4.0497535460972305,6
2615,8,30,50,15,-4.053798361230284,15
2616,46,14,83,7,-4.055902658620627,7
2617,6,13,44,8,-4.067061192837313,5
2618,54,53,96,28,-4.06814127330106,25
2619,54,31,55,17,-4.07249295432044,14
2620,93,20,83,11,-4.100880722204593,9
2621,63,15,44,8,-4.101273138655781,7
2622,25,26,87,14,-4.102463690405522,12
2623,7,65,16,35,-4.12510237484751,30
2624,62,13,13,7,-4.12743151741627,6
2625,67,13,86,7,-4.131604740801435,6
2626,41,12,57,8,-4.133697879237449,4
2627,28,11,60,5,-4.140072047282161,6
2628,73,13,20,8,-4.146065391689571,5
2629,8,22,30,13,-4.150524980229852,9
2630,33,11,74,6,-4.152065435529707,5
2631,60,14,5,8,-4.1550252161435335,6
2632,95,20,60,12,-4.156384552080203,8
2633,87,12,94,6,-4.161620639809543,6
2634,28,40,87,22,-4.161796757953555,18
2635,8,25,13,14,-4.16945465200299,11
2636,75,29,28,17,-4.173159235209231,12
2637,68,10,74,5,-4.182399104033962,5
2638,93,28,65,15,-4.184071657822707,13
2639,41,21,51,12,-4.197493648443428,9
2640,106,44,54,23,-4.211882247068055,21
2641,7,13,43,8,-4.2121158043505496,5
2642,5,58,88,32,-4.221472474474537,26
2643,63,27,75,15,-4.221533861130908,12
2644,37,31,88,18,-4.224270631924043,13
2645,86,75,74,41,-4.224929805302094,34
2646,25,15,71,8,-4.22821184042616,7
2647,50,38,16,22,-4.228613851151325,16
2648,84,11,30,7,-4.231660063143013,4
2649,71,20,7,12,-4.245416015001496,8
2650,20,46,107,25,-4.252499613694278,21
2651,106,23,95,14,-4.253879576018551,9
2652,64,14,25,8,-4.256793058259619,6
2653,96,35,20,20,-4.257594587954791,15
2654,12,11,74,6,-4.2613914965588835,5
2655,107,34,13,18,-4.27011306919484,16
2656,84,10,114,6,-4.276636908378795,4
2657,25,24,75,14,-4.277372987760686,10
2658,63,34,74,19,-4.284478405701849,15
2659,68,12,64,7,-4.2974979101366815,5
2660,39,19,27,9,-4.301216458066537,10
2661,55,38,37,20,-4.301606273781788,18
2662,13,26,74,15,-4.30603818747095,11
2663,54,23,93,14,-4.30725130512391,9
2664,27,11,6,6,-4.320589105702402,5
2665,88,20,30,11,-4.322600096754097,9
2666,28,37,55,23,-4.325384868124247,14
2667,106,33,84,17,-4.32801946762649,16
2668,55,21,111,12,-4.328392793748101,9
2669,100,21,16,12,-4.330573675976946,9
2670,114,22,102,13,-4.331076584650545,9
2671,82,20,86,12,-4.3319380690325975,8
2672,65,40,87,23,-4.346935541417732,17
2673,17,17,46,9,-4.350816122366196,8
2674,84,12,34,6,-4.355418008053163,6
2675,5,113,86,65,-4.357059130864303,48
2676,51,56,39,31,-4.373306856508639,25
2677,96,38,63,23,-4.376849709142973,15
2678,55,20,36,11,-4.398592544427244,9
2679,77,15,86,9,-4.41363889617325,6
2680,51,31,40,18,-4.420994006115523,13
2681,107,11,85,6,-4.458201254276332,5
2682,65,20,12,12,-4.465003779468813,8
2683,32,18,37,10,-4.466542082918519,8
2684,57,10,91,5,-4.468260927215542,5
2685,7,15,20,8,-4.4847557608097715,7
2686,37,15,93,9,-4.4934456656390305,6
2687,68,51,7,29,-4.4956847461881795,22
2688,40,43,13,24,-4.509666702728195,19
2689,8,12,79,8,-4.523368231395376,4
2690,87,21,83,11,-4.5238867039340604,10
2691,108,13,86,7,-4.525807877036373,6
2692,7,23,28,13,-4.528076594083072,10
2693,97,22,54,12,-4.535944223800905,10
2694,102,24,8,13,-4.537070383836358,11
2695,37,57,87,33,-4.539833156564566,24
2696,28,43,20,25,-4.544189476783364,18
2697,3,10,25,5,-4.546247932856727,5
2698,88,20,15,12,-4.546696410508229,8
2699,16,19,111,10,-4.547702363564986,9
2700,67,13,109,6,-4.5540965230597985,7
2701,23,14,70,8,-4.554568026577778,6
2702,107,23,17,13,-4.556628194816713,10
2703,63,10,64,5,-4.569403793082112,5
2704,30,17,75,9,-4.5725614584362635,8
2705,95,14,99,8,-4.572737764013027,6
2706,90,29,54,16,-4.579893896725853,13
2707,33,15,25,10,-4.583917339891116,5
2708,107,60,16,36,-4.59059834115516,24
2709,71,19,65,11,-4.592543554069253,8
2710,95,13,77,7,-4.601493224452909,6
2711,51,23,70,12,-4.6190208433492925,11
2712,34,13,96,8,-4.620609194568736,5
2713,94,11,55,6,-4.62125795870324,5
2714,9,10,76,6,-4.625461586370719,4
2715,9,17,75,8,-4.6580384864343,9
2716,36,20,65,12,-4.675894565384765,8
2717,98,12,108,7,-4.704860704776838,5
2718,88,21,92,13,-4.717675433437501,8
2719,106,51,74,29,-4.718099800964193,22
2720,99,17,51,9,-4.721255445811637,8
2721,43,11,106,6,-4.722121789568361,5
2722,41,33,13,18,-4.7237139578475835,15
2723,6,11,88,7,-4.723924661172381,4
2724,23,10,100,5,-4.725037800847511,5
2725,28,65,50,37,-4.7352458176841905,28
2726,84,11,57,7,-4.735926438073419,4
2727,50,25,13,15,-4.736472238931537,10
2728,16,12,110,7,-4.744361952221326,5
2729,77,16,25,9,-4.745845616411638,7
2730,5,30,90,18,-4.752640516818982,12
2731,95,13,84,8,-4.755677362807473,5
2732,23,32,13,16,-4.756005264014364,16
2733,37,36,75,23,-4.761783492346939,13
2734,54,56,20,30,-4.770199196047593,26
2735,65,16,46,10,-4.770389277379545,6
2736,75,12,41,7,-4.7737218707000775,5
2737,54,51,28,30,-4.77471317513782,21
2738,5,12,9,7,-4.777710715122403,5
2739,7,11,92,7,-4.780218736430546,4
2740,5,33,76,19,-4.788314400539968,14
2741,60,22,99,12,-4.788512200740043,10
2742,5,24,32,14,-4.788591776396216,10
2743,5,21,100,12,-4.790180113588847,9
2744,39,38,87,22,-4.7963375777013075,16
2745,108,13,96,7,-4.805162668071275,6
2746,87,18,75,11,-4.814941727585258,7
2747,70,37,37,22,-4.817822919278335,15
2748,67,15,8,9,-4.8319098461555825,6
2749,83,15,39,9,-4.832639955303303,6
2750,17,17,97,9,-4.8331732637027205,8
2751,95,22,13,13,-4.839189119607627,9
2752,107,22,71,13,-4.839203112109624,9
2753,51,30,5,19,-4.841333405150811,11
2754,84,13,38,7,-4.854976710780188,6
2755,100,20,8,12,-4.860106370787934,8
2756,20,30,63,16,-4.86232561538827,14
2757,63,52,8,29,-4.864260653101076,23
2758,9,10,46,5,-4.8661090150719435,5
2759,36,13,45,7,-4.87194816725381,6
2760,88,30,25,19,-4.873935976327287,11
2761,104,11,110,7,-4.886003470603163,4
2762,114,13,100,8,-4.886489949545647,5
2763,3,12,8,5,-4.887819375016217,7
2764,5,39,83,21,-4.890865835189012,18
2765,62,13,28,8,-4.895504487935932,5
2766,7,10,34,6,-4.8999742789281955,4
2767,86,60,11,34,-4.911056453426332,26
2768,5,12,38,7,-4.923519430907612,5
2769,25,29,96,16,-4.925630164170213,13
2770,51,15,12,9,-4.929478770854847,6
2771,106,52,37,28,-4.929607997592943,24
2772,7,11,33,6,-4.950732991604977,5
2773,88,19,91,11,-4.953605826347504,8
2774,75,16,18,9,-4.960466753404526,7
2775,5,47,55,27,-4.968791694509531,20
2776,107,17,93,10,-4.972813709998716,7
2777,1,20,40,12,-4.981454143490505,8
2778,25,13,27,7,-4.983545927288363,6
2779,86,71,37,40,-4.984756436647988,31
2780,75,41,86,22,-4.98856606832596,19
2781,27,28,7,16,-4.991503698064127,12
2782,109,14,17,8,-5.001708621140783,6
2783,5,26,93,16,-5.004460526821323,10
2784,95,13,76,8,-5.029825996184284,5
2785,27,20,16,13,-5.038848117395627,7
2786,5,19,15,12,-5.041855747243198,7
2787,41,19,106,10,-5.042635492748387,9
2788,112,12,86,7,-5.051412422968131,5
2789,80,26,86,14,-5.051644939599721,12
2790,5,45,106,27,-5.052056869360905,18
2791,7,37,23,21,-5.0727540982344115,16
2792,111,11,87,7,-5.07353420920843,4
2793,68,21,60,12,-5.077905277630482,9
2794,36,16,99,10,-5.08690767914281,6
2795,54,30,11,17,-5.0896588063796155,13
2796,29,11,75,6,-5.090070581030939,5
2797,70,22,55,13,-5.1032220329288345,9
2798,68,15,41,8,-5.108425031362657,7
2799,30,14,68,8,-5.11152810888501,6
2800,71,11,80,6,-5.115089624287771,5
2801,107,11,58,7,-5.121507570465872,4
2802,54,13,14,9,-5.139758720068027,4
2803,73,22,86,12,-5.151945844046347,10
2804,23,20,37,11,-5.153587203140156,9
2805,37,46,16,27,-5.156319944125245,19
2806,8,13,38,8,-5.158625539766782,5
2807,5,12,67,7,-5.159840528973067,5
2808,88,52,54,29,-5.172477532960759,23
2809,107,44,65,26,-5.178085579582619,18
2810,71,27,75,17,-5.185023405419134,10
2811,104,12,23,8,-5.195671558199884,4
2812,108,13,55,7,-5.197810339207505,6
2813,27,19,107,12,-5.200896691974088,7
2814,17,18,7,11,-5.22793626630611,7
2815,50,49,37,27,-5.22857628659301,22
2816,109,44,28,27,-5.243370342287003,17
2817,95,25,7,14,-5.246470392426651,11
2818,43,18,13,10,-5.250521124908594,8
2819,20,17,17,10,-5.256441987432859,7
2820,88,28,40,16,-5.260979190877047,12
2821,60,20,30,13,-5.268270822677401,7
2822,35,13,88,8,-5.305527424977249,5
2823,25,30,102,17,-5.328861344822154,13
2824,48,16,106,9,-5.330591930412405,7
2825,107,22,100,11,-5.342655166718831,11
2826,63,26,104,15,-5.355601218480842,11
2827,107,14,111,8,-5.363991242992134,6
2828,39,19,84,11,-5.3860841465295675,8
2829,71,32,60,18,-5.395434402826281,14
2830,2,25,63,14,-5.3959192809990375,11
2831,1,18,88,10,-5.397487106945941,8
2832,111,12,23,6,-5.406786190970031,6
2833,67,10,96,5,-5.408732724512928,5
2834,36,35,7,20,-5.4088743750353725,15
2835,83,15,51,10,-5.415397349279682,5
2836,50,10,83,5,-5.416126776091854,5
2837,7,18,6,8,-5.41788396907959,10
2838,51,24,25,14,-5.42438708061493,10
2839,104,16,32,10,-5.4353295484317545,6
2840,39,16,64,9,-5.45248093419758,7
2841,49,12,50,7,-5.454154014714142,5
2842,16,21,109,12,-5.461892685468699,9
2843,51,79,16,45,-5.4669988039556285,34
2844,46,34,74,21,-5.475304789089529,13
2845,83,19,95,12,-5.510188596504647,7
2846,102,14,33,8,-5.525239013163607,6
2847,25,41,8,25,-5.550067480025435,16
2848,88,50,7,30,-5.55533783068556,20
2849,10,11,63,7,-5.56040496031845,4
2850,93,22,87,13,-5.565802071262539,9
2851,63,27,55,15,-5.568315530285167,12
2852,16,42,75,25,-5.574878659689373,17
2853,107,25,97,13,-5.575264944397934,12
2854,68,10,3,6,-5.578876648633715,4
2855,17,14,11,8,-5.581185513103198,6
2856,43,11,25,8,-5.587553515371877,3
2857,48,11,80,7,-5.594209169092441,4
2858,17,13,4,8,-5.601009834999203,5
2859,88,14,108,8,-5.608453698027055,6
2860,5,43,114,25,-5.6108790968221705,18
2861,17,20,5,13,-5.625033929201381,7
2862,6,13,65,8,-5.631765359162988,5
2863,18,34,7,19,-5.636286379619257,15
2864,107,29,23,17,-5.63708172913432,12
2865,8,24,73,14,-5.645022963800572,10
2866,74,23,73,14,-5.649045009007229,9
2867,50,38,2,22,-5.650047560448175,16
2868,35,11,55,6,-5.650743870496082,5
2869,82,11,54,7,-5.66427830231393,4
2870,99,31,16,18,-5.66581833704302,13
2871,25,10,94,5,-5.671887186214519,5
2872,64,15,87,9,-5.672577041378897,6
2873,95,10,102,6,-5.68531996234082,4
2874,57,12,106,6,-5.685749140437754,6
2875,35,20,20,12,-5.690519984272521,8
2876,75,25,46,15,-5.691502289376634,10
2877,18,14,100,8,-5.69768401126683,6
2878,55,22,80,12,-5.702005440074988,10
2879,48,13,50,8,-5.707017905103165,5
2880,97,34,28,21,-5.710448223070003,13
2881,9,12,84,7,-5.723245457590759,5
2882,20,35,87,20,-5.726562552686569,15
2883,48,20,11,12,-5.726887293490206,8
2884,70,53,54,31,-5.72767552308842,22
2885,74,16,100,9,-5.736028437636332,7
2886,54,42,46,25,-5.742795031938329,17
2887,110,20,37,11,-5.748786289021979,9
2888,54,10,9,6,-5.77764296509974,4
2889,87,62,16,35,-5.788126639142839,27
2890,65,32,51,20,-5.790474157456975,12
2891,25,40,107,23,-5.793952829150565,17
2892,55,28,74,16,-5.797157459674131,12
2893,40,10,23,6,-5.803835311608997,4
2894,5,39,70,22,-5.812017017327767,17
2895,107,23,40,14,-5.812603990312519,9
2896,9,20,8,10,-5.816798898311963,10
2897,5,16,40,9,-5.82052725169565,7
2898,107,23,41,13,-5.824921339558463,10
2899,77,15,107,9,-5.828375450935679,6
2900,25,19,91,11,-5.828763319756675,8
2901,90,12,46,7,-5.830565699084016,5
2902,71,21,30,12,-5.837559306230109,9
2903,40,15,97,9,-5.878372345170692,6
2904,86,57,7,36,-5.879765305718925,21
2905,60,11,49,7,-5.889051777859122,4
2906,40,22,25,13,-5.90078126332017,9
2907,96,14,60,10,-5.90080951503154,4
2908,25,16,93,9,-5.904464695396422,7
2909,106,10,27,5,-5.912387451440967,5
2910,109,18,107,12,-5.926400579794739,6
2911,49,13,75,8,-5.9302110921044004,5
2912,1,10,41,7,-5.936713931085726,3
2913,101,10,16,6,-5.956893838363049,4
2914,54,24,25,14,-5.984288858689811,10
2915,75,11,40,7,-6.006938010180454,4
2916,50,24,39,14,-6.010792416092778,10
2917,17,10,99,6,-6.011623328938978,4
2918,60,15,109,8,-6.026577074635168,7
2919,46,19,95,12,-6.027785407812037,7
2920,41,13,20,8,-6.029068160646921,5
2921,1,10,37,5,-6.037547835973022,5
2922,32,16,8,9,-6.041444852098721,7
2923,20,15,33,9,-6.052404113154947,6
2924,90,10,91,6,-6.057465510076111,4
2925,109,11,7,7,-6.063539014843866,4
2926,55,11,29,7,-6.0636297407404705,4
2927,13,12,100,7,-6.068988765220787,5
2928,13,12,44,7,-6.080867402415918,5
2929,5,44,20,27,-6.084413199436969,17
2930,5,12,68,7,-6.084537265067713,5
2931,79,10,55,6,-6.105260957218082,4
2932,9,22,88,13,-6.107129719196386,9
2933,86,16,93,10,-6.108088782935806,6
2934,68,12,77,7,-6.11278994285269,5
2935,54,23,102,14,-6.1200791508914225,9
2936,97,24,55,15,-6.128965912516969,9
2937,90,22,96,14,-6.131526760597793,8
2938,1,12,75,8,-6.1372401761978495,4
2939,109,34,54,21,-6.139125062485929,13
2940,68,10,62,6,-6.1519197429758545,4
2941,87,27,30,16,-6.164077985923404,11
2942,18,18,106,10,-6.169741460360391,8
2943,104,59,37,36,-6.175700710267806,23
2944,88,11,99,6,-6.177037133798533,5
2945,91,12,13,8,-6.185960793246167,4
2946,77,16,55,9,-6.195572885542832,7
2947,33,10,97,6,-6.197569301394056,4
2948,9,21,65,12,-6.1983013158040645,9
2949,37,28,13,16,-6.2304098814815685,12
2950,63,16,9,10,-6.237431535049687,6
2951,50,20,74,12,-6.2477398899913466,8
2952,75,19,60,12,-6.26269579784089,7
2953,102,18,57,10,-6.264739678585858,8
2954,57,22,8,14,-6.276405634666304,8
2955,68,18,9,11,-6.279030542685844,7
2956,65,20,90,11,-6.287381903113807,9
2957,75,15,95,9,-6.3050118671136195,6
2958,106,17,71,10,-6.309121150841055,7
2959,98,15,8,9,-6.332478639002671,6
2960,68,13,23,7,-6.336614753150945,6
2961,98,20,11,11,-6.3386776528601825,9
2962,100,16,37,10,-6.343110325621272,6
2963,23,13,74,8,-6.3699879675856135,5
2964,14,13,107,7,-6.370548692090853,6
2965,16,11,103,7,-6.384231863654396,4
2966,111,12,86,7,-6.385538684815059,5
2967,107,23,39,12,-6.389458689933819,11
2968,60,10,63,6,-6.391451065106109,4
2969,25,16,60,9,-6.405485347041519,7
2970,23,19,63,12,-6.4146865502013934,7
2971,54,18,60,11,-6.427714131855756,7
2972,18,12,31,8,-6.429121792537089,4
2973,88,85,16,52,-6.43350804490961,33
2974,55,56,16,36,-6.4471872894179265,20
2975,53,20,60,12,-6.45198763140791,8
2976,88,27,50,16,-6.454854939095323,11
2977,97,20,7,12,-6.455761793933853,8
2978,30,10,100,6,-6.461771751506818,4
2979,28,17,14,11,-6.462988674713606,6
2980,98,16,7,10,-6.467842550088665,6
2981,50,11,31,7,-6.4969883827749815,4
2982,104,40,86,24,-6.498243850038454,16
2983,96,30,50,18,-6.506695896089088,12
2984,107,11,112,6,-6.5191432394411555,5
2985,104,17,41,11,-6.535227649895295,6
2986,96,20,75,14,-6.539626864970789,6
2987,50,11,27,7,-6.540575751678348,4
2988,68,20,63,12,-6.541169119053121,8
2989,7,12,70,7,-6.573007690002734,5
2990,84,47,28,28,-6.5786855175404435,19
2991,96,77,86,47,-6.579835199705017,30
2992,70,33,28,20,-6.587580378842006,13
2993,96,27,65,16,-6.593487230396348,11
2994,64,17,83,10,-6.597115059465707,7
2995,88,61,86,35,-6.6025254412981695,26
2996,53,27,13,17,-6.61170597740441,10
2997,107,19,33,11,-6.618873691013778,8
2998,84,27,8,17,-6.622581044229809,10
2999,109,13,95,8,-6.624370660207741,5
3000,5,48,25,29,-6.626414170343123,19
3001,99,11,98,6,-6.645057358834166,5
3002,102,14,63,8,-6.652222601619386,6
3003,71,11,83,6,-6.6562053803338666,5
3004,50,21,95,12,-6.657433489482592,9
3005,51,28,68,18,-6.659493892796064,10
3006,46,14,7,9,-6.665058749362287,5
3007,37,10,29,6,-6.680734619445758,4
3008,108,19,107,12,-6.681663028489704,7
3009,39,21,17,13,-6.693454438922507,8
3010,106,10,111,7,-6.697425895741327,3
3011,32,11,97,7,-6.7220085367153315,4
3012,51,33,104,21,-6.728840756540836,12
3013,95,13,14,8,-6.731405281187272,5
3014,96,38,74,24,-6.731828732252354,14
3015,3,10,88,6,-6.747446753866268,4
3016,51,15,102,9,-6.749472817285659,6
3017,108,10,48,7,-6.749808304712144,3
3018,96,30,97,17,-6.762245122268197,13
3019,86,15,53,8,-6.770826247743165,7
3020,77,11,74,7,-6.773315352151489,4
3021,70,27,88,17,-6.779439228833637,10
3022,98,15,70,10,-6.782158452834324,5
3023,46,39,8,22,-6.790452136276324,17
3024,18,13,63,8,-6.815953695623937,5
3025,5,24,65,14,-6.826704214447485,10
3026,18,28,28,17,-6.828401096604493,11
3027,18,17,77,11,-6.8343783915660445,6
3028,88,11,44,6,-6.838381834171168,5
3029,25,18,100,10,-6.839947973125936,8
3030,49,14,98,8,-6.852175548516357,6
3031,18,11,4,7,-6.85459218766866,4
3032,11,17,75,10,-6.860129083231022,7
3033,16,13,4,8,-6.862461287960722,5
3034,28,47,104,28,-6.867595835363374,19
3035,99,15,106,10,-6.882359612487446,5
3036,86,32,98,19,-6.892623578168545,13
3037,91,15,41,10,-6.893895997089624,5
3038,20,11,93,7,-6.911432650296384,4
3039,87,10,44,6,-6.930092376966648,4
3040,77,20,13,12,-6.938692275774381,8
3041,32,17,107,10,-6.94620916956579,7
3042,18,15,50,8,-6.975457853882176,7
3043,30,10,49,7,-6.986267783548394,3
3044,65,14,15,9,-6.98678701664079,5
3045,106,10,6,6,-6.989547350675937,4
3046,5,15,62,9,-6.9927087595973925,6
3047,87,24,76,15,-6.993292012895228,9
3048,50,16,9,10,-6.998855361767971,6
3049,65,32,30,20,-7.006135379271243,12
3050,93,12,16,7,-7.007856526653327,5
3051,84,31,74,17,-7.0251363399754485,14
3052,39,11,9,6,-7.029074219962296,5
3053,106,27,80,17,-7.029777914575281,10
3054,39,17,46,9,-7.035363973882463,8
3055,2,25,28,16,-7.040494915317703,9
3056,65,21,95,13,-7.0438309662805265,8
3057,107,11,6,7,-7.048403625284058,4
3058,100,20,104,13,-7.055063125494979,7
3059,49,11,68,6,-7.065794883611326,5
3060,87,23,90,14,-7.067717517445952,9
3061,5,15,43,9,-7.075267806513356,6
3062,88,11,12,7,-7.079073000089318,4
3063,17,10,1,6,-7.089282944121619,4
3064,72,14,86,9,-7.097565864195886,5
3065,79,12,63,8,-7.1114844508040305,4
3066,87,13,32,8,-7.113585901413378,5
3067,114,12,95,7,-7.1214298671986604,5
3068,23,17,8,10,-7.139182279975597,7
3069,109,18,73,11,-7.142307709742033,7
3070,3,10,7,7,-7.15195406317859,3
3071,36,12,1,7,-7.160037101624241,5
3072,14,14,86,8,-7.166696838482464,6
3073,35,15,16,10,-7.178038323973206,5
3074,55,15,57,8,-7.186289928876395,7
3075,5,28,97,18,-7.2030892274017075,10
3076,15,20,13,12,-7.226944117697118,8
3077,51,69,86,39,-7.231523442327657,30
3078,36,22,16,14,-7.232393948606014,8
3079,33,14,51,10,-7.243684308172673,4
3080,110,17,8,11,-7.249961918016362,6
3081,50,12,41,8,-7.250027884407809,4
3082,93,12,98,7,-7.251352809271133,5
3083,63,32,51,19,-7.263042167084605,13
3084,111,14,28,9,-7.296837620354718,5
3085,70,14,110,9,-7.302453099036632,5
3086,89,11,88,7,-7.3072534677857455,4
3087,20,34,65,22,-7.320804923007769,12
3088,68,27,16,18,-7.325180828436658,9
3089,104,18,97,10,-7.327124557030451,8
3090,16,12,72,7,-7.333554822764275,5
3091,51,13,43,8,-7.353032170848943,5
3092,106,38,25,24,-7.3615147893147475,14
3093,46,13,109,8,-7.363639283748701,5
3094,74,15,34,10,-7.367415754617588,5
3095,54,17,13,11,-7.370107120111193,6
3096,84,21,16,12,-7.387304706787613,9
3097,20,18,91,10,-7.395662966437773,8
3098,46,41,37,27,-7.398384968299376,14
3099,12,10,60,5,-7.400797875656222,5
3100,69,11,70,7,-7.401520759866326,4
3101,65,25,114,15,-7.405578806950691,10
3102,18,13,91,8,-7.4165451489159215,5
3103,46,45,25,26,-7.439996628911813,19
3104,36,21,88,12,-7.44420857070806,9
3105,55,16,17,9,-7.461932340099582,7
3106,16,37,60,22,-7.4679699796803485,15
3107,63,15,108,9,-7.475559971035059,6
3108,48,13,74,7,-7.488504403150373,6
3109,94,10,86,6,-7.492158076331636,4
3110,71,10,70,5,-7.515715016674823,5
3111,7,13,100,8,-7.516054087603025,5
3112,106,16,98,10,-7.529459965554982,6
3113,74,18,102,11,-7.530680431017048,7
3114,102,18,104,10,-7.533956675469564,8
3115,70,18,114,12,-7.542200625865838,6
3116,70,23,96,12,-7.543405368906036,11
3117,87,14,62,9,-7.54541053050395,5
3118,30,17,53,10,-7.558725213006016,7
3119,64,20,16,13,-7.574653401955834,7
3120,74,10,69,6,-7.579248302946878,4
3121,41,14,70,8,-7.583131547645593,6
3122,1,14,13,9,-7.587124570988214,5
3123,57,11,7,6,-7.58831541689425,5
3124,60,25,104,17,-7.608625351956835,8
3125,96,18,51,11,-7.611388504075614,7
3126,38,10,88,7,-7.626144189720355,3
3127,87,10,15,6,-7.629777802129095,4
3128,80,22,96,14,-7.6325568595370585,8
3129,16,16,44,9,-7.6351094721495825,7
3130,9,17,87,10,-7.6364464100510565,7
3131,96,24,37,14,-7.66584492569651,10
3132,91,12,70,7,-7.6670664101078145,5
3133,48,24,86,15,-7.668739325888133,9
3134,106,28,90,18,-7.670984333772028,10
3135,11,32,5,20,-7.6874421575338765,12
3136,70,13,46,8,-7.705270409518368,5
3137,18,19,68,11,-7.707757227223853,8
3138,28,46,88,29,-7.712000490585732,17
3139,55,13,34,7,-7.723796086616038,6
3140,8,31,109,18,-7.730735193905241,13
3141,25,49,37,29,-7.755599308877523,20
3142,31,12,9,8,-7.768569320743235,4
3143,68,13,70,8,-7.776277487095707,5
3144,79,20,48,12,-7.7777328666170344,8
3145,88,24,39,16,-7.807721079101323,8
3146,50,14,91,9,-7.811685907933535,5
3147,87,11,3,7,-7.830562213641775,4
3148,11,18,104,11,-7.839042780454146,7
3149,55,21,95,13,-7.848709788021649,8
3150,68,29,75,17,-7.866906540478607,12
3151,96,13,85,9,-7.87177905722743,4
3152,51,23,20,13,-7.873291814736603,10
3153,48,31,63,20,-7.879517250797573,11
3154,36,13,28,7,-7.880028929086843,6
3155,106,33,13,21,-7.912363306794574,12
3156,84,14,97,10,-7.932419590040103,4
3157,91,10,102,6,-7.970489437012806,4
3158,109,26,88,17,-7.9813312286542315,9
3159,17,17,104,10,-7.98852960047454,7
3160,96,19,102,12,-7.995631160966494,7
3161,37,13,89,7,-7.9994477960682815,6
3162,86,14,15,9,-8.007884617525496,5
3163,50,13,100,8,-8.011252834481748,5
3164,28,24,93,16,-8.07091688053174,8
3165,84,23,20,16,-8.075470698309143,7
3166,5,61,8,37,-8.080732178020163,24
3167,1,25,55,15,-8.124364419745026,10
3168,25,30,104,18,-8.132792790875847,12
3169,55,35,104,22,-8.147983283277846,13
3170,102,14,20,8,-8.160756483849335,6
3171,62,11,107,7,-8.165070586638626,4
3172,50,14,93,9,-8.187365267839093,5
3173,16,19,102,11,-8.19199745286954,8
3174,114,26,28,15,-8.202690137168576,11
3175,44,11,20,7,-8.212958514210372,4
3176,37,11,64,7,-8.227838269840156,4
3177,87,11,69,6,-8.233960994375394,5
3178,30,15,20,9,-8.236211957822993,6
3179,16,12,89,7,-8.24232911238878,5
3180,38,13,16,9,-8.260657119668942,4
3181,14,12,37,7,-8.266467835075433,5
3182,76,11,75,7,-8.269580351796622,4
3183,76,12,65,8,-8.31287645900771,4
3184,70,14,108,9,-8.323316395893164,5
3185,63,10,99,6,-8.327283039780834,4
3186,104,14,15,9,-8.330235989560041,5
3187,55,17,30,10,-8.360959444216725,7
3188,86,21,44,13,-8.37774251716795,8
3189,109,21,11,14,-8.38164912223526,7
3190,46,10,6,6,-8.386722378353735,4
3191,3,10,107,5,-8.399424845192016,5
3192,110,14,51,9,-8.405376385205704,5
3193,9,18,16,11,-8.412025589228909,7
3194,91,22,55,15,-8.428118254814668,7
3195,98,19,91,13,-8.436895068807962,6
3196,25,41,13,24,-8.44596846540986,17
3197,96,14,95,9,-8.450373982592183,5
3198,36,16,31,10,-8.46216094438585,6
3199,51,12,1,7,-8.496169370751531,5
3200,83,27,86,19,-8.512264034333521,8
3201,77,24,104,15,-8.536042495877567,9
3202,60,17,91,10,-8.539418297438084,7
3203,107,10,15,7,-8.540362330799292,3
3204,55,31,50,19,-8.547249952830777,12
3205,86,18,27,11,-8.578635265192988,7
3206,23,16,51,10,-8.58340513361467,6
3207,5,13,71,8,-8.58837744258604,5
3208,75,13,15,9,-8.597300929966652,4
3209,50,22,90,14,-8.598522697493998,8
3210,87,55,8,35,-8.598595479025969,20
3211,71,15,62,10,-8.618901718471038,5
3212,114,11,32,7,-8.619976183865209,4
3213,40,13,95,8,-8.623923471834955,5
3214,70,12,30,6,-8.628315532902242,6
3215,37,34,11,22,-8.643977561339529,12
3216,51,10,73,7,-8.653546669629687,3
3217,53,31,7,21,-8.680006804050274,10
3218,71,13,88,8,-8.68424763342159,5
3219,71,28,16,19,-8.692821686577322,9
3220,90,11,30,7,-8.695806027026098,4
3221,55,23,40,16,-8.696724766949274,7
3222,109,19,74,13,-8.721352652587642,6
3223,108,16,16,10,-8.735246502538358,6
3224,40,10,61,6,-8.7398122874208,4
3225,106,11,79,7,-8.77784161708646,4
3226,86,17,69,11,-8.7805890555138,6
3227,57,14,11,8,-8.783548700894539,6
3228,36,20,107,12,-8.81277592960524,8
3229,38,25,37,16,-8.833071133401008,9
3230,13,14,90,9,-8.836238677449444,5
3231,50,12,69,8,-8.84479304998475,4
3232,37,20,40,12,-8.849367605337227,8
3233,98,12,73,8,-8.85379630005694,4
3234,17,16,28,10,-8.863383779145725,6
3235,39,10,47,6,-8.876547255057021,4
3236,39,13,23,8,-8.889102996552037,5
3237,109,13,41,10,-8.894870389114903,3
3238,57,17,70,9,-8.906737604649802,8
3239,91,10,11,7,-8.923724837318142,3
3240,84,14,104,8,-8.932998314387538,6
3241,80,12,11,8,-8.941133144462878,4
3242,31,26,13,16,-8.950748264423892,10
3243,2,11,76,8,-8.95175533528088,3
3244,98,11,55,8,-8.95677359937087,3
3245,32,11,28,7,-8.963821007682874,4
3246,108,10,37,6,-8.970431804543574,4
3247,87,17,102,11,-8.972219911227103,6
3248,55,25,109,14,-9.015163892645331,11
3249,53,25,68,17,-9.021137318458267,8
3250,36,13,5,8,-9.023272142505265,5
3251,75,22,104,14,-9.039829127143499,8
3252,91,13,30,9,-9.047349511242516,4
3253,55,22,76,15,-9.05690191061572,7
3254,39,31,86,18,-9.07325733767357,13
3255,8,34,95,21,-9.07920947405897,13
3256,39,10,110,7,-9.085258579238133,3
3257,18,19,86,13,-9.102053817096145,6
3258,87,11,77,7,-9.123832889782786,4
3259,96,18,7,13,-9.132819640450865,5
3260,87,13,29,9,-9.147510846283529,4
3261,5,43,50,26,-9.156049369840705,17
3262,97,12,18,7,-9.160967974857392,5
3263,84,27,5,17,-9.167674877244863,10
3264,91,35,16,24,-9.18239489422027,11
3265,84,13,98,9,-9.18267526002018,4
3266,60,23,23,15,-9.187895606482027,8
3267,106,21,46,12,-9.198394638018083,9
3268,40,11,2,7,-9.204153353273353,4
3269,56,11,86,7,-9.213458879693576,4
3270,63,12,17,8,-9.243907403077538,4
3271,70,24,74,14,-9.249270082293561,10
3272,62,14,74,9,-9.256148160859695,5
3273,18,26,13,16,-9.261423401559433,10
3274,18,33,16,22,-9.267341104063568,11
3275,107,29,2,19,-9.295436230624016,10
3276,96,15,114,10,-9.304547518897671,5
3277,55,13,2,8,-9.30651882359562,5
3278,80,13,90,9,-9.30675268400111,4
3279,51,15,108,9,-9.306988990301447,6
3280,54,23,75,15,-9.319695519056218,8
3281,74,22,51,15,-9.344397651003662,7
3282,76,23,63,16,-9.35386164955796,7
3283,37,12,71,7,-9.38020830857434,5
3284,50,20,76,14,-9.400140024953474,6
3285,86,31,102,21,-9.40404581030503,10
3286,63,41,37,27,-9.417998111066987,14
3287,110,10,114,7,-9.422657787947912,3
3288,74,14,83,8,-9.43011849323839,6
3289,63,11,32,7,-9.44232166344675,4
3290,95,10,100,6,-9.44913493803541,4
3291,18,21,95,13,-9.461457865276858,8
3292,99,22,37,15,-9.502759058160713,7
3293,10,10,107,6,-9.504556938677329,4
3294,114,25,8,17,-9.518319716318803,8
3295,76,18,23,12,-9.525082848083137,6
3296,39,13,90,8,-9.529975909191752,5
3297,88,38,65,25,-9.556814571034316,13
3298,106,21,2,13,-9.573373481710446,8
3299,40,12,64,8,-9.579728068353155,4
3300,8,11,62,8,-9.593511144115352,3
3301,40,26,65,16,-9.594574329819928,10
3302,35,15,86,9,-9.604686839909265,6
3303,1,17,86,11,-9.605183903195396,6
3304,8,14,99,8,-9.611065592860308,6
3305,86,21,100,12,-9.627336315348591,9
3306,41,10,111,6,-9.640196573646781,4
3307,64,12,70,8,-9.645861185980307,4
3308,106,21,39,13,-9.647313810026368,8
3309,65,20,27,12,-9.65792044215186,8
3310,39,11,76,8,-9.681961570558546,3
3311,53,10,97,6,-9.746355004042218,4
3312,13,16,81,10,-9.763106493512707,6
3313,83,24,37,15,-9.783726366978415,9
3314,104,11,89,7,-9.813989134763226,4
3315,36,19,27,12,-9.844400635251423,7
3316,109,20,63,12,-9.854767957937824,8
3317,79,23,86,15,-9.865377107457421,8
3318,70,24,87,15,-9.867797329951719,9
3319,106,14,30,9,-9.870728252110508,5
3320,14,13,16,8,-9.888882095158154,5
3321,104,35,88,24,-9.894924205691158,11
3322,77,10,46,6,-9.900782595186337,4
3323,40,16,9,11,-9.917802149211578,5
3324,109,15,70,10,-9.924354258384088,5
3325,8,31,75,21,-9.942334170394213,10
3326,104,21,40,14,-9.970558522733771,7
3327,35,21,107,15,-9.980358662107305,6
3328,46,34,16,22,-9.98935054867163,12
3329,17,23,65,17,-9.991394921788478,6
3330,33,10,63,7,-10.043388813579655,3
3331,68,10,95,7,-10.062878865981002,3
3332,4,17,60,11,-10.064281726415542,6
3333,43,12,40,8,-10.065244307333751,4
3334,57,12,54,9,-10.066024134547122,3
3335,83,15,107,10,-10.114574167697793,5
3336,97,44,86,28,-10.163469283868963,16
3337,102,14,76,9,-10.166991590900437,5
3338,97,14,13,9,-10.168363731292557,5
3339,39,10,92,6,-10.187295715481909,4
3340,65,10,102,6,-10.189199303308586,4
3341,91,25,63,17,-10.192888670916973,8
3342,2,14,98,9,-10.198603389321665,5
3343,44,12,104,8,-10.208907808787586,4
3344,31,19,16,12,-10.21170434281583,7
3345,87,37,13,25,-10.218372540213974,12
3346,99,12,77,9,-10.252199704478636,3
3347,41,11,64,7,-10.261662296711632,4
3348,51,11,15,7,-10.274901265855426,4
3349,84,40,63,25,-10.29559442304446,15
3350,28,41,63,28,-10.300883603096644,13
3351,55,18,20,11,-10.312518824176758,7
3352,20,31,50,20,-10.317789300027849,11
3353,107,12,29,9,-10.33521701845799,3
3354,102,17,50,10,-10.348240016843025,7
3355,91,18,8,12,-10.34860151027639,6
3356,84,13,83,8,-10.35745770275565,5
3357,93,16,106,10,-10.37915501513517,6
3358,16,11,81,8,-10.38874888675983,3
3359,87,22,98,15,-10.388816178209707,7
3360,54,48,63,32,-10.394161725304077,16
3361,63,10,78,6,-10.4051298432996,4
3362,54,12,73,8,-10.427247423602202,4
3363,40,16,54,10,-10.441560488291174,6
3364,97,13,110,9,-10.452372833112598,4
3365,69,18,16,11,-10.453723059325718,7
3366,80,11,78,7,-10.465715646953603,4
3367,33,12,87,8,-10.466998002217025,4
3368,27,17,104,12,-10.473446544405565,5
3369,68,10,28,7,-10.490940734087157,3
3370,38,10,104,6,-10.511918642412144,4
3371,53,19,107,13,-10.540680375545579,6
3372,57,18,88,11,-10.555628423294738,7
3373,76,32,86,21,-10.565024036126953,11
3374,96,45,16,32,-10.566392603656332,13
3375,41,18,87,12,-10.566422140881258,6
3376,87,12,73,9,-10.581327456444136,3
3377,109,11,93,7,-10.593952443141525,4
3378,77,11,106,7,-10.594156026318409,4
3379,87,22,48,15,-10.632484792434644,7
3380,102,17,107,11,-10.637405716433584,6
3381,63,13,71,8,-10.644681087019856,5
3382,7,22,37,14,-10.662936414000132,8
3383,65,16,2,12,-10.668339624865121,4
3384,36,11,70,7,-10.685404725540558,4
3385,76,13,54,9,-10.686858558117365,4
3386,18,10,81,7,-10.688324307488283,3
3387,93,12,75,8,-10.68974449521869,4
3388,54,43,37,29,-10.702102057687048,14
3389,106,56,16,38,-10.723590931261302,18
3390,68,10,56,6,-10.728238813572466,4
3391,13,14,30,10,-10.738595010557942,4
3392,86,10,3,7,-10.74425568721737,3
3393,63,22,98,14,-10.75970205191674,8
3394,76,10,7,6,-10.760195355862358,4
3395,53,10,8,7,-10.761161561739845,3
3396,50,33,75,23,-10.80488323523336,10
3397,88,11,80,7,-10.820834504420484,4
3398,86,26,41,19,-10.826191446306183,7
3399,107,25,48,16,-10.827629447931269,9
3400,39,38,13,24,-10.849478869963269,14
3401,81,11,60,7,-10.850721376705717,4
3402,25,10,36,6,-10.872848892533508,4
3403,46,11,100,7,-10.904685887838546,4
3404,5,17,73,11,-10.90738305979487,6
3405,69,10,13,6,-10.9301958206416,4
3406,39,19,74,12,-10.936319651937493,7
3407,60,16,64,10,-10.96050725890862,6
3408,88,32,63,22,-10.968071481899193,10
3409,91,15,7,11,-10.988725591630738,4
3410,41,10,36,7,-10.992461642395892,3
3411,7,12,111,8,-10.992489881636919,4
3412,40,10,98,6,-11.010186531894902,4
3413,96,19,46,11,-11.044310192668554,8
3414,11,11,99,7,-11.04788337752713,4
3415,5,13,34,10,-11.055394545543237,3
3416,25,18,110,13,-11.063714709672924,5
3417,25,29,20,20,-11.06909713193041,9
3418,98,14,20,10,-11.083964695514595,4
3419,88,13,77,9,-11.099370566703438,4
3420,32,13,74,9,-11.101664191982367,4
3421,88,29,95,19,-11.102327367891291,10
3422,40,39,7,26,-11.109288651975232,13
3423,87,10,108,7,-11.133663289740907,3
3424,91,10,51,7,-11.134030582434093,3
3425,77,12,27,8,-11.13773931409657,4
3426,36,23,13,15,-11.16319030901835,8
3427,54,20,30,14,-11.20706879764052,6
3428,87,13,79,10,-11.211504341364096,3
3429,31,10,1,5,-11.223372789487719,5
3430,48,12,90,8,-11.252381363492235,4
3431,5,10,80,7,-11.295210617596885,3
3432,79,10,80,6,-11.30670069299901,4
3433,96,26,98,17,-11.315795357847566,9
3434,90,21,114,14,-11.316575519517894,7
3435,96,23,48,16,-11.323041657346815,7
3436,63,13,100,8,-11.33209634222994,5
3437,51,43,7,28,-11.365396508924968,15
3438,63,30,80,21,-11.377551941304596,9
3439,27,14,37,10,-11.378309035824225,4
3440,30,10,34,7,-11.431742980658933,3
3441,5,19,7,13,-11.44406267553112,6
3442,60,11,17,7,-11.523239199910632,4
3443,28,31,74,21,-11.526159046117094,10
3444,76,15,74,9,-11.544600382799558,6
3445,77,15,63,11,-11.558629111186876,4
3446,63,15,27,9,-11.562585214415712,6
3447,2,11,114,8,-11.567668937733664,3
3448,68,14,114,10,-11.637879863280014,4
3449,63,16,90,11,-11.66300690274577,5
3450,63,13,57,8,-11.67022671873631,5
3451,51,52,13,34,-11.680265437067693,18
3452,107,20,76,14,-11.696253994185,6
3453,51,10,48,6,-11.705725037939857,4
3454,39,13,114,9,-11.7734267732672,4
3455,15,17,8,11,-11.78066066095679,6
3456,50,10,23,8,-11.788365261374185,2
3457,30,16,40,11,-11.790472334669435,5
3458,70,20,11,14,-11.792116726498545,6
3459,107,20,73,13,-11.819297459696681,7
3460,107,23,80,17,-11.84142513858004,6
3461,88,14,69,10,-11.887869311273404,4
3462,7,12,45,8,-11.898566375726768,4
3463,11,13,93,10,-11.901577910299338,3
3464,5,26,75,16,-11.916835118435044,10
3465,90,16,73,11,-11.917606166791593,5
3466,37,38,97,26,-11.950340535396526,12
3467,84,22,11,15,-11.957437378814483,7
3468,104,18,49,12,-11.962718506463764,6
3469,23,24,106,15,-11.983205547194752,9
3470,98,24,5,16,-11.989855689002859,8
3471,46,34,104,23,-12.13729041501205,11
3472,70,22,2,14,-12.153236389251056,8
3473,64,16,13,10,-12.159796917460309,6
3474,1,13,16,10,-12.163423446439074,3
3475,53,10,31,8,-12.194109919056823,2
3476,34,14,109,9,-12.291212343288574,5
3477,54,15,2,11,-12.306524573726033,4
3478,1,11,8,8,-12.329208893104187,3
3479,73,11,65,8,-12.33068506848005,3
3480,39,56,16,38,-12.335081901924086,18
3481,51,16,27,11,-12.337981365841703,5
3482,88,33,13,24,-12.354551042915807,9
3483,23,13,55,8,-12.384564492570101,5
3484,7,11,73,7,-12.404360121203126,4
3485,87,16,100,10,-12.425189483620697,6
3486,96,38,11,26,-12.433764526276038,12
3487,68,16,25,11,-12.446365665993861,5
3488,79,10,104,6,-12.467627013550157,4
3489,106,12,38,7,-12.468362041882086,5
3490,50,10,15,7,-12.479053092203715,3
3491,7,31,75,22,-12.535077682101438,9
3492,5,30,102,20,-12.549261396684052,10
3493,97,16,71,11,-12.555483253298778,5
3494,5,27,57,19,-12.572003913811173,8
3495,98,10,13,7,-12.623579592155687,3
3496,88,16,102,12,-12.65037372869335,4
3497,52,10,28,7,-12.725624774771763,3
3498,55,16,102,11,-12.774824407782454,5
3499,64,12,50,8,-12.783879312259893,4
3500,71,15,104,10,-12.790892712888182,5
3501,46,14,30,10,-12.822811242166972,4
3502,96,10,78,7,-12.899686199305037,3
3503,77,22,40,16,-12.904839091751665,6
3504,56,12,7,8,-12.91125006615742,4
3505,16,22,57,15,-12.91831164298626,7
3506,77,11,49,8,-12.920366150880083,3
3507,37,27,95,20,-12.921122211679824,7
3508,51,16,77,11,-12.941193832575703,5
3509,94,15,16,11,-12.969401282348114,4
3510,25,11,34,8,-12.978396480778377,3
3511,111,21,65,16,-13.044696089382953,5
3512,90,15,20,10,-13.08396173697106,5
3513,18,13,11,9,-13.094881521032239,4
3514,14,10,80,6,-13.097202558791372,4
3515,107,22,57,15,-13.099281826721855,7
3516,36,17,53,12,-13.111316388038114,5
3517,91,19,106,15,-13.115643186389446,4
3518,28,14,69,9,-13.15924750974193,5
3519,63,12,62,8,-13.174816238245654,4
3520,107,23,30,17,-13.243921534860432,6
3521,43,11,107,7,-13.28104056915131,4
3522,33,10,65,7,-13.314880602814075,3
3523,17,18,95,13,-13.342671111008821,5
3524,83,18,16,13,-13.35123547721314,5
3525,20,11,34,8,-13.36206244645375,3
3526,32,10,55,7,-13.36363963009391,3
3527,37,11,18,8,-13.371391730474068,3
3528,55,11,100,7,-13.383239409595303,4
3529,39,21,30,15,-13.426960288467429,6
3530,32,12,25,7,-13.427877456338663,5
3531,70,15,50,10,-13.441101055992577,5
3532,53,16,87,10,-13.445191662192826,6
3533,10,11,51,8,-13.446955688168295,3
3534,90,10,93,7,-13.452391800759145,3
3535,87,30,7,22,-13.46667822377758,8
3536,77,10,23,7,-13.476022973760971,3
3537,103,11,74,8,-13.53565105452587,3
3538,99,17,107,12,-13.582126995646108,5
3539,46,12,93,9,-13.65474091099076,3
3540,50,13,33,9,-13.806659469614802,4
3541,51,21,100,13,-13.816816739386772,8
3542,83,13,11,10,-13.863860744018641,3
3543,13,15,114,10,-13.895530124970225,5
3544,83,11,23,8,-13.9232349355535,3
3545,35,21,76,14,-14.001262608885755,7
3546,88,15,100,11,-14.049568237179408,4
3547,60,11,47,8,-14.05145955211355,3
3548,111,10,54,8,-14.107577214977887,2
3549,104,16,90,11,-14.1449470066471,5
3550,60,19,74,13,-14.155436372823557,6
3551,25,33,7,25,-14.179224347099954,8
3552,40,14,8,10,-14.231860527274469,4
3553,18,15,15,11,-14.248476385059174,4
3554,97,10,14,8,-14.259112129654316,2
3555,11,11,30,8,-14.299516136130784,3
3556,37,12,34,9,-14.300571264435137,3
3557,9,12,60,9,-14.304107510260854,3
3558,102,11,46,8,-14.307494713152051,3
3559,18,12,30,9,-14.310372508653467,3
3560,83,10,40,8,-14.347262135245904,2
3561,28,15,34,11,-14.366739527209468,4
3562,74,10,89,7,-14.446682807284398,3
3563,54,20,100,14,-14.454126910452933,6
3564,2,10,73,7,-14.457830254043136,3
3565,2,11,13,8,-14.516038794033763,3
3566,51,22,76,17,-14.5232746467921,5
3567,37,12,73,8,-14.533349572792924,4
3568,54,24,48,17,-14.535603927866182,7
3569,32,14,16,10,-14.542782322425317,4
3570,77,11,37,8,-14.55993313549925,3
3571,99,12,50,8,-14.581629542155014,4
3572,60,10,100,7,-14.61222507913973,3
3573,39,12,109,10,-14.675982860996212,2
3574,106,13,32,10,-14.741977351969277,3
3575,31,10,63,8,-14.838875810959092,2
3576,46,15,50,10,-14.99079417434614,5
3577,99,18,25,13,-15.014737107768294,5
3578,77,12,30,9,-15.022291517496546,3
3579,97,11,41,9,-15.02369323138218,2
3580,96,12,91,9,-15.083901067533665,3
3581,9,12,48,9,-15.097519161061683,3
3582,106,24,114,17,-15.150023447962845,7
3583,70,11,80,9,-15.157277297784104,2
3584,107,12,89,9,-15.163906699283089,3
3585,86,21,71,16,-15.209148887501426,5
3586,68,12,4,9,-15.241560356472116,3
3587,83,16,114,12,-15.254612667104073,4
3588,97,11,67,9,-15.281658756670776,2
3589,99,11,7,8,-15.315874324967403,3
3590,25,14,49,10,-15.43786379260084,4
3591,97,12,90,8,-15.449883037579118,4
3592,2,18,104,12,-15.50344370749933,6
3593,28,15,99,11,-15.590204088651852,4
3594,5,16,23,12,-15.598001372374195,4
3595,114,11,87,8,-15.6962727532259,3
3596,35,12,80,9,-15.72406211872363,3
3597,96,16,93,12,-15.73319462766121,4
3598,17,10,34,8,-15.751264612759243,2
3599,63,12,14,8,-15.759973477645744,4
3600,70,10,48,7,-15.796496446665468,3
3601,39,18,99,14,-15.84878961626863,4
3602,29,13,88,9,-15.850906570917441,4
3603,106,14,67,10,-15.86890640221611,4
3604,50,17,80,14,-15.873366771105449,3
3605,18,13,23,9,-15.879451530655546,4
3606,83,16,13,12,-15.934926256250732,4
3607,11,21,95,16,-16.006249051562754,5
3608,77,23,7,17,-16.02212846305278,6
3609,71,10,17,7,-16.13395738219133,3
3610,16,10,73,7,-16.163676933136152,3
3611,88,13,32,9,-16.30207764263433,4
3612,41,15,8,12,-16.318502033007384,3
3613,25,25,11,20,-16.429746187224737,5
3614,91,19,87,15,-16.446280345305915,4
3615,6,10,13,7,-16.528041255540565,3
3616,109,12,27,9,-16.556988432864937,3
3617,103,10,86,7,-16.57051549779981,3
3618,60,12,37,9,-16.65752424604732,3
3619,76,15,16,11,-16.69680514220129,4
3620,5,14,41,9,-16.723825478761608,5
3621,5,17,30,14,-16.835862346935006,3
3622,30,13,95,9,-16.836817117204564,4
3623,86,11,10,8,-16.95145578080744,3
3624,8,12,34,9,-16.979471141980934,3
3625,46,10,53,7,-17.02359024433546,3
3626,5,21,27,15,-17.023938523878094,6
3627,17,11,40,9,-17.086573002444847,2
3628,80,10,75,8,-17.160491094383627,2
3629,35,12,63,9,-17.190706154289504,3
3630,36,12,8,9,-17.245136656584343,3
3631,106,10,35,7,-17.319051156851785,3
3632,87,11,34,8,-17.33811535027782,3
3633,51,23,95,18,-17.356501303335026,5
3634,67,10,16,8,-17.493350405648194,2
3635,77,14,16,11,-17.677083033460956,3
3636,39,12,100,9,-17.749728851184297,3
3637,77,12,8,9,-17.994666569137152,3
3638,86,11,26,9,-18.01144379039894,2
3639,50,16,60,12,-18.19360808256495,4
3640,109,21,114,17,-18.305765635430763,4
3641,51,10,78,7,-18.313942549506056,3
3642,18,10,5,8,-18.464269170029826,2
3643,46,10,98,7,-18.66966202924449,3
3644,5,10,44,8,-18.75866141385734,2
3645,28,26,90,21,-18.776580206085534,5
3646,51,15,90,13,-18.880140990693626,2
3647,60,13,27,11,-18.903299216443365,2
3648,11,10,2,8,-18.92308479788875,2
3649,50,14,77,12,-18.960104376358405,2
3650,5,12,48,10,-19.15405252867682,2
3651,91,13,104,12,-19.168888324804986,1
3652,112,14,28,11,-19.249826897720947,3
3653,18,14,99,11,-19.290873438644514,3
3654,39,16,15,13,-19.411328140872982,3
3655,32,12,95,10,-19.760326388824467,2
3656,66,10,107,8,-20.152222817707916,2
3657,33,16,55,13,-20.174007528343807,3
3658,54,10,4,9,-20.381350839445236,1
3659,13,11,57,8,-20.619945240208803,3
3660,68,10,61,8,-21.209357422961563,2
3661,54,11,71,9,-21.21323377888104,2
3662,17,10,23,8,-21.215760860674102,2
3663,60,10,3,8,-21.472587204089837,2
3664,43,10,55,9,-21.477560682480068,1
3665,36,11,63,9,-21.61257502243951,2
3666,52,12,86,10,-21.816288972743816,2
3667,65,15,100,13,-22.041434814548992,2
3668,97,11,38,10,-22.176359713839883,1
3669,51,10,34,9,-22.213174768846976,1
3670,51,13,2,10,-22.46077922587735,3
3671,106,13,69,11,-22.736761735295865,2
3672,55,12,14,11,-22.798222840334333,1
3673,28,10,10,9,-23.03135332069283,1
3674,55,10,44,8,-23.361076236430034,2
3675,77,14,75,12,-24.219783572291735,2
3676,35,10,48,9,-25.15519793083891,1
3677,9,13,27,11,-27.988696165988866,2
3678,39,10,3,10,-28.725074023896866,0
3679,71,10,40,10,-31.23044477624567,0
