,againstHero,games,hero,losses,shift,wins
0,19,11,107,1,27.89299298473576,10
1,64,11,65,2,27.727149312498728,9
2,28,10,80,1,27.409264067569126,9
3,91,10,43,0,27.34458455824453,10
4,55,11,89,2,24.169792122479972,9
5,103,15,86,2,23.967936503754764,13
6,65,10,97,3,23.53209680517744,7
7,57,13,41,2,23.15616213187528,11
8,26,10,10,2,22.77202326046866,8
9,84,10,94,1,22.762013140609877,9
10,90,13,76,4,22.485125782733952,9
11,17,11,44,2,22.072912946241175,9
12,111,25,70,6,21.76194128198864,19
13,106,13,50,2,20.98575703707351,11
14,74,14,110,3,20.875047711546735,11
15,28,11,71,1,20.69712045611149,10
16,37,10,104,2,20.681486856575926,8
17,18,11,37,2,20.49673353679967,9
18,110,12,109,2,20.16933250309851,10
19,51,12,98,3,20.0679948728163,9
20,41,13,10,2,19.737157878272868,11
21,62,15,50,3,19.692589576651248,12
22,46,12,30,3,19.658771905767804,9
23,62,13,71,1,19.577656350343144,12
24,6,11,12,4,19.32835940292554,7
25,110,12,29,2,19.248543702222978,10
26,88,16,75,3,18.956526305212513,13
27,57,20,28,4,18.917976797154502,16
28,87,22,46,6,18.52263951690414,16
29,79,13,7,3,18.404801500191937,10
30,50,10,46,2,18.256849690438127,8
31,58,13,87,2,18.24410492014657,11
32,28,11,52,2,18.175295847774855,9
33,107,12,73,3,18.009767759901283,9
34,20,14,85,3,17.836149714961596,11
35,64,11,9,3,17.707873254379976,8
36,87,32,109,8,17.701039370075165,24
37,41,10,110,1,17.607251464829996,9
38,88,19,49,4,17.532034552741443,15
39,37,10,89,2,17.418835616565147,8
40,26,11,49,4,17.344464565076983,7
41,106,11,48,2,17.192330163510128,9
42,106,11,107,2,17.09695089114781,9
43,48,12,73,3,17.093964024864245,9
44,73,17,109,4,17.085641782719854,13
45,26,13,54,5,16.93978716229654,8
46,43,14,38,5,16.91598228541753,9
47,57,15,76,4,16.89647205199251,11
48,38,12,15,3,16.880495720481193,9
49,5,13,9,3,16.7060467975664,10
50,39,13,55,4,16.616243530697464,9
51,49,10,96,3,16.4668046049511,7
52,63,11,10,3,16.316509167938314,8
53,62,13,103,4,16.29915650058687,9
54,59,11,103,3,16.266656443008642,8
55,87,14,85,3,16.25520793639719,11
56,17,14,37,5,16.224073122382876,9
57,30,25,65,6,16.220777761486314,19
58,90,12,91,4,16.098702445179015,8
59,28,12,66,4,16.011877124422664,8
60,37,17,63,5,15.955493748739721,12
61,63,18,20,5,15.832253743781482,13
62,93,11,76,3,15.758858341227866,8
63,46,15,79,5,15.695062063539163,10
64,17,15,38,4,15.678044683298898,11
65,29,12,73,3,15.669782329836798,9
66,16,10,59,4,15.561569445873218,6
67,16,18,106,5,15.530666511008816,13
68,11,11,46,4,15.49317340113408,7
69,74,11,112,3,15.445414304360199,8
70,63,17,70,5,15.423330820666749,12
71,62,20,20,5,15.291234725709055,15
72,90,11,18,3,15.206260273523743,8
73,84,14,40,5,15.139436492633184,9
74,57,15,37,4,15.067776643574769,11
75,26,24,38,7,14.873702675608982,17
76,90,19,88,6,14.848820731417785,13
77,111,17,109,5,14.83552280759147,12
78,50,12,11,3,14.803596907153391,9
79,93,11,17,3,14.792328082005683,8
80,37,13,5,3,14.756162408233527,10
81,93,25,38,8,14.706979782976543,17
82,49,11,62,4,14.691411076024671,7
83,90,11,93,4,14.682520064465667,7
84,63,18,9,6,14.674068481980962,12
85,88,14,13,6,14.6368480815469,8
86,111,31,62,9,14.463263378850396,22
87,104,11,50,3,14.41968696280469,8
88,93,16,48,4,14.392053755515036,12
89,26,12,88,4,14.385453144142543,8
90,46,11,91,3,14.304066831342244,8
91,60,10,8,3,14.262033464961128,7
92,57,21,9,5,14.205802139668359,16
93,28,15,112,5,14.162036513146953,10
94,39,12,11,2,14.155306479721048,10
95,30,14,85,4,14.008346410378739,10
96,30,27,54,8,13.923397923845725,19
97,70,12,109,3,13.902253335630233,9
98,86,16,109,5,13.838248765872814,11
99,38,16,73,6,13.771113964229547,10
100,88,12,109,3,13.730907256228043,9
101,37,10,13,3,13.710588735524032,7
102,46,22,9,8,13.70496575592517,14
103,26,13,69,4,13.66583811938565,9
104,74,25,48,9,13.58747104804324,16
105,107,27,62,9,13.491527071908125,18
106,13,15,73,5,13.471561712276639,10
107,10,24,23,9,13.345513564331808,15
108,30,12,62,4,13.325811773490166,8
109,106,23,87,6,13.308885646669513,17
110,89,12,73,4,13.292782754035754,8
111,58,10,89,3,13.242354787086834,7
112,70,15,88,4,13.239318163348516,11
113,70,21,86,7,13.225585159799158,14
114,63,18,76,4,13.201852709762095,14
115,28,34,109,10,13.138369413542863,24
116,30,24,9,7,13.086601208658116,17
117,84,16,106,6,13.040132240831973,10
118,51,17,48,4,12.926828220690847,13
119,6,14,66,4,12.900366001703459,10
120,86,14,17,4,12.845058614378047,10
121,54,28,109,9,12.824426413749993,19
122,2,21,76,7,12.801773404860658,14
123,69,10,41,4,12.786110356364535,6
124,26,35,107,9,12.719830578595298,26
125,39,12,54,4,12.719289008108062,8
126,73,11,90,3,12.699639901607053,8
127,107,18,70,6,12.682033904752588,12
128,3,12,8,3,12.625631089351694,9
129,73,15,23,5,12.578415919943863,10
130,8,15,66,4,12.577302494556069,11
131,104,12,48,3,12.498145078794371,9
132,86,11,52,3,12.486992442062455,8
133,93,22,62,7,12.439036445917942,15
134,20,18,23,5,12.419097927334024,13
135,98,13,71,4,12.389943801613084,9
136,55,17,75,5,12.363049153810547,12
137,9,11,97,4,12.349501112253755,7
138,93,12,26,4,12.342400061412198,8
139,63,26,79,8,12.168358353062546,18
140,93,20,41,5,12.152619394683915,15
141,58,11,103,3,12.093407699535737,8
142,79,11,112,3,12.089617166544242,8
143,29,11,70,3,12.030336124564109,8
144,38,15,10,4,12.029907406435383,11
145,54,16,104,5,11.95764257880154,11
146,84,18,13,7,11.935528256500719,11
147,18,13,17,5,11.905263091036245,8
148,43,14,109,5,11.866460109925438,9
149,55,14,85,5,11.860707980162308,9
150,55,10,108,3,11.846202494892411,7
151,85,17,37,4,11.836833776252563,13
152,23,15,62,4,11.828374088275869,11
153,50,14,109,5,11.809368464557789,9
154,26,14,46,5,11.785571142877396,9
155,104,18,98,7,11.758094591275455,11
156,15,10,79,3,11.756403792330063,7
157,70,13,62,5,11.719880801732709,8
158,93,13,75,5,11.701725422413729,8
159,93,15,1,4,11.687642643688715,11
160,10,18,55,7,11.634204977110192,11
161,98,17,15,6,11.628891195956703,11
162,32,15,88,4,11.62259561238565,11
163,30,26,103,8,11.5945127814643,18
164,65,16,18,5,11.593628436717697,11
165,16,18,13,6,11.568229122492738,12
166,63,12,109,3,11.567490331771891,9
167,65,16,102,6,11.565057266886955,10
168,38,22,109,7,11.561969316834697,15
169,107,10,7,3,11.56115244063066,7
170,109,15,6,5,11.553622356231047,10
171,16,28,70,8,11.544275868635912,20
172,41,31,109,7,11.540113156994366,24
173,43,17,28,5,11.503038032270851,12
174,17,20,41,5,11.462467383182338,15
175,34,15,91,5,11.445515293888622,10
176,20,17,48,5,11.362684990472749,12
177,2,22,103,6,11.358008021341288,16
178,11,15,54,5,11.306071170308833,10
179,39,10,2,4,11.302944205280658,6
180,13,13,41,5,11.285884419294261,8
181,55,24,62,9,11.2411377363916,15
182,97,11,2,4,11.22646619845986,7
183,65,18,44,7,11.219859746185271,11
184,15,10,28,3,11.176545961741331,7
185,98,38,88,11,11.14860741726199,27
186,8,15,89,5,11.136544141609958,10
187,93,19,37,6,11.135373057728058,13
188,32,23,109,8,11.083621382461542,15
189,87,30,6,10,11.079517220381964,20
190,30,20,16,6,11.056706393827778,14
191,98,12,110,4,11.026999619900328,8
192,63,33,54,12,11.01861659015757,21
193,49,17,16,6,11.010920636133424,11
194,20,19,10,6,11.010427213733353,13
195,38,14,6,4,11.005398790381081,10
196,30,10,43,3,10.958461383133036,7
197,55,20,11,6,10.941457837852138,14
198,49,18,86,8,10.91347154436731,10
199,98,48,41,18,10.835326353590219,30
200,63,27,28,9,10.785011363380395,18
201,17,16,23,5,10.781653305644484,11
202,93,38,9,12,10.751734078642695,26
203,107,12,66,4,10.732234223681386,8
204,50,13,68,4,10.706461420578247,9
205,91,10,85,5,10.702453755941072,5
206,37,14,41,5,10.694476243263011,9
207,6,35,44,13,10.67278245600393,22
208,38,13,58,4,10.642287291889902,9
209,106,14,109,5,10.63700694173572,9
210,65,10,101,4,10.616476001261294,6
211,87,17,5,6,10.594673728658035,11
212,110,17,8,5,10.493443474648158,12
213,10,19,1,6,10.478183626603695,13
214,88,13,85,4,10.474485947559344,9
215,79,12,66,3,10.448674909094285,9
216,63,11,2,4,10.44197984386537,7
217,98,10,75,3,10.422827528026358,7
218,29,10,17,3,10.395985227153457,7
219,11,14,9,5,10.376796972581593,9
220,32,18,107,5,10.358465103585823,13
221,55,24,2,9,10.348250415358319,15
222,106,11,34,4,10.32438568875219,7
223,6,12,106,5,10.2894367115075,7
224,88,10,71,3,10.263450457417434,7
225,17,29,9,10,10.257069894218061,19
226,60,10,38,4,10.186949801542621,6
227,93,18,50,7,10.176089661409485,11
228,16,16,96,5,10.104952891587164,11
229,37,14,34,5,10.040882054419713,9
230,65,14,59,6,10.036164804159641,8
231,76,17,34,6,9.994247540573088,11
232,90,20,23,7,9.967154481509692,13
233,111,24,38,9,9.966212518632439,15
234,93,11,70,4,9.928875321549775,7
235,87,13,17,5,9.922998390575081,8
236,74,10,80,4,9.918626196445201,6
237,10,14,50,5,9.907166966632534,9
238,107,30,41,12,9.880991735942342,18
239,65,15,96,6,9.851177535683917,9
240,18,14,2,5,9.845101623055177,9
241,111,20,37,8,9.840471570719451,12
242,54,25,76,10,9.821966207421672,15
243,84,11,80,4,9.807434273803766,7
244,93,17,91,6,9.794639196057782,11
245,2,18,73,7,9.793100713864773,11
246,73,21,111,8,9.713634051639158,13
247,29,32,38,11,9.681299801122258,21
248,10,21,86,7,9.655898857397647,14
249,98,26,62,10,9.641858129313677,16
250,91,17,50,5,9.605985015453987,12
251,41,20,62,7,9.588548331059114,13
252,30,18,70,6,9.585226013483615,12
253,23,22,89,8,9.576875474490599,14
254,60,21,65,8,9.571951123571171,13
255,13,11,86,4,9.494734946605222,7
256,6,11,58,4,9.489496457414935,7
257,103,11,19,4,9.481054864710421,7
258,18,17,84,6,9.48013150601899,11
259,64,19,86,7,9.463737237263311,12
260,8,20,71,8,9.460862953446574,12
261,106,15,11,4,9.458751603990255,11
262,30,27,87,9,9.441306317195094,18
263,16,10,52,3,9.438956723678405,7
264,57,11,10,4,9.43267475148189,7
265,48,17,35,6,9.405686959524614,11
266,37,42,86,16,9.39744513090877,26
267,55,22,30,9,9.385734127086305,13
268,86,20,73,7,9.377152492619757,13
269,79,19,75,6,9.342561498216153,13
270,86,11,108,4,9.320443832368008,7
271,55,18,109,6,9.293902461593769,12
272,63,20,91,8,9.291145638810722,12
273,38,20,86,6,9.280969369301586,14
274,43,14,50,5,9.27474781724881,9
275,110,12,50,4,9.252517401752682,8
276,84,21,62,8,9.235845718439357,13
277,111,46,54,17,9.235401744617302,29
278,28,14,94,5,9.114148559760046,9
279,93,29,103,11,9.099325117611023,18
280,26,12,32,5,9.09769401619869,7
281,15,12,16,4,9.059606623425509,8
282,84,11,44,4,9.017421120510091,7
283,11,21,86,9,8.997792772186937,12
284,74,19,18,7,8.9712615057984,12
285,48,18,111,6,8.93792122942067,12
286,107,20,110,8,8.933567921834609,12
287,112,11,50,4,8.921235906620762,7
288,86,11,39,5,8.910603166031022,6
289,98,19,11,7,8.853737963747768,12
290,10,11,85,5,8.810276618143424,6
291,29,10,76,3,8.806443209825622,7
292,23,24,93,10,8.804783518097919,14
293,104,30,28,10,8.8036674857048,20
294,14,12,65,4,8.758437812649733,8
295,74,11,104,4,8.755909416771445,7
296,74,38,76,14,8.745244698836947,24
297,30,24,37,8,8.742074606758964,16
298,70,20,65,7,8.731970869068393,13
299,41,10,63,3,8.728275875066831,7
300,88,13,30,6,8.726017186809473,7
301,76,16,62,8,8.710475893988358,8
302,48,11,75,3,8.67281534666425,8
303,98,15,68,4,8.664988751550116,11
304,34,10,86,4,8.658891537816718,6
305,65,26,32,10,8.65722618752934,16
306,18,13,51,5,8.656621961728826,8
307,84,50,48,20,8.631355531302614,30
308,84,14,66,5,8.616861190106436,9
309,29,22,107,7,8.613463392470166,15
310,11,10,76,4,8.560443995014507,6
311,32,25,9,9,8.53109215537152,16
312,20,36,9,12,8.512483355525221,24
313,98,60,65,22,8.49413981702294,38
314,65,36,48,13,8.491868880953179,23
315,98,21,1,7,8.436557583367685,14
316,73,21,10,7,8.419335562342072,14
317,50,12,37,5,8.416115951188457,7
318,90,11,89,4,8.396796914570167,7
319,77,12,8,4,8.373441110755328,8
320,30,17,50,7,8.363042610972485,10
321,2,44,65,15,8.2859715257456,29
322,76,18,41,7,8.284971187696902,11
323,65,12,58,6,8.279172093518044,6
324,17,30,8,11,8.267140148743708,19
325,111,14,17,6,8.239799794462428,8
326,26,10,16,4,8.231874067384071,6
327,32,24,41,10,8.170536046764159,14
328,26,44,87,17,8.146474895568335,27
329,107,18,109,7,8.141176766481435,11
330,10,31,28,10,8.119129269340046,21
331,19,14,9,6,8.117304295019109,8
332,54,39,41,14,8.096759700478561,25
333,30,15,10,5,8.08039942607508,10
334,6,12,13,5,8.074590184679876,7
335,13,22,8,8,8.054761378395103,14
336,13,27,28,9,8.03408555040244,18
337,90,15,41,6,7.997737246515682,9
338,46,14,107,4,7.972447599312473,10
339,109,12,37,5,7.972273664149992,7
340,71,10,9,4,7.971373091011489,6
341,111,27,86,11,7.962255850113393,16
342,108,12,63,4,7.961424159154595,8
343,50,18,23,8,7.954175247735129,10
344,107,29,6,11,7.905082416130331,18
345,90,17,54,7,7.902652828657513,10
346,74,27,88,9,7.895683127849934,18
347,46,12,86,4,7.89231466244345,8
348,49,14,13,6,7.890029815709072,8
349,109,30,9,12,7.889736540676636,18
350,74,11,12,5,7.8813359238936185,6
351,20,18,49,7,7.854535242795636,11
352,75,17,28,7,7.8516397601466075,10
353,13,14,20,4,7.832853357556731,10
354,30,15,49,6,7.795814319272768,9
355,88,19,57,8,7.788961359506542,11
356,29,13,109,5,7.7648215544268036,8
357,103,15,109,5,7.74806703390503,10
358,2,36,86,13,7.747083064983168,23
359,55,26,38,11,7.745065833950479,15
360,111,14,85,5,7.729378570457984,9
361,23,11,59,4,7.703199044299857,7
362,55,52,87,19,7.690249724322315,33
363,84,29,85,13,7.671208885189808,16
364,65,24,50,9,7.669757652755209,15
365,98,11,52,5,7.667561966174592,6
366,70,14,74,5,7.664549718106509,9
367,49,22,65,9,7.648203777845676,13
368,87,16,34,6,7.640142491832506,10
369,84,30,10,12,7.620608168656018,18
370,98,36,76,14,7.5726056514899485,22
371,93,33,84,12,7.552169826266673,21
372,8,57,76,22,7.539034585297876,35
373,91,21,76,8,7.53854735511653,13
374,93,10,63,4,7.518390724784612,6
375,34,10,38,4,7.513274255260262,6
376,37,17,2,7,7.507204713409891,10
377,43,19,87,7,7.5001879241242175,12
378,39,10,28,3,7.4964272810639105,7
379,93,37,54,12,7.494158499009498,25
380,111,30,32,13,7.463790988299924,17
381,104,10,23,4,7.459802178175596,6
382,70,10,85,4,7.450454709233595,6
383,23,24,37,9,7.440544332640973,15
384,8,54,48,21,7.429286832624515,33
385,75,13,9,4,7.420012168869883,9
386,103,29,74,10,7.419118005067162,19
387,41,13,49,4,7.406139067429071,9
388,98,11,112,5,7.3696956099544275,6
389,54,21,10,8,7.316914939103651,13
390,91,36,41,13,7.300459692535227,23
391,2,20,34,8,7.293049000876174,12
392,41,22,86,9,7.286274520016925,13
393,23,15,70,6,7.277989111704888,9
394,46,11,2,4,7.277934272960428,7
395,30,10,73,4,7.27524129591905,6
396,107,32,2,13,7.271923329419916,19
397,11,12,93,6,7.258231592205573,6
398,74,19,109,8,7.255868408074382,11
399,10,19,76,8,7.223608714939963,11
400,87,10,56,4,7.222698791088141,6
401,16,72,9,26,7.203471024821367,46
402,111,13,34,6,7.201437198359541,7
403,84,42,76,19,7.185450456544011,23
404,5,11,6,4,7.175117705775805,7
405,90,12,70,4,7.158523730695325,8
406,16,16,89,6,7.102664218068734,10
407,55,37,9,13,7.097058915248295,24
408,8,13,35,6,7.091208332013396,7
409,10,10,13,5,7.081545477709261,5
410,98,24,34,8,7.0691518153654185,16
411,74,18,106,8,7.0562338073245074,10
412,59,19,79,8,7.0352036880537865,11
413,90,20,48,8,7.032003550157192,12
414,111,20,6,8,7.01838566892247,12
415,8,48,93,18,7.017566439579715,30
416,55,44,98,17,7.014286751503236,27
417,35,11,28,4,7.003809872399808,7
418,90,19,6,8,7.0034906221582,11
419,46,18,8,7,6.992942507225589,11
420,79,11,101,5,6.9908614259308735,6
421,73,10,68,4,6.95394987102174,6
422,18,25,79,11,6.9323311923462425,14
423,106,17,88,6,6.932281495700325,11
424,90,14,17,6,6.930186835428711,8
425,57,12,74,4,6.9176042424257504,8
426,8,36,38,14,6.910326910265974,22
427,41,45,103,15,6.896034695840802,30
428,65,18,68,8,6.89592459737167,10
429,89,11,87,4,6.890327484533061,7
430,17,20,84,8,6.874361487047255,12
431,87,23,51,10,6.849579899010746,13
432,16,80,86,31,6.828972768016326,49
433,28,11,64,5,6.82253762472366,6
434,32,26,79,10,6.821690929992381,16
435,2,13,75,5,6.811660824328119,8
436,88,21,6,8,6.808639243885847,13
437,76,39,28,16,6.804995058327358,23
438,16,25,85,10,6.790728536327192,15
439,93,14,43,5,6.79067137162001,9
440,55,35,20,15,6.786443158254519,20
441,26,24,109,9,6.785414157125367,15
442,11,12,48,5,6.772695558236367,7
443,73,13,93,5,6.746815708884676,8
444,111,42,41,18,6.742879314894578,24
445,2,36,41,13,6.732225074181361,23
446,84,36,2,15,6.728378551782848,21
447,16,35,74,13,6.725326314137958,22
448,89,11,74,5,6.7140175484003635,6
449,73,16,88,6,6.709173893318198,10
450,79,18,62,8,6.70668334197217,10
451,55,18,37,7,6.702819421850529,11
452,86,29,20,12,6.693647857631482,17
453,18,24,9,10,6.669379438735331,14
454,74,16,49,7,6.669033870592301,9
455,79,25,106,11,6.651336371901259,14
456,23,14,18,5,6.63118753114106,9
457,106,18,20,9,6.599002197801564,9
458,104,14,55,6,6.583244974495329,8
459,74,23,38,10,6.562267688513878,13
460,74,22,73,9,6.551050394072135,13
461,28,54,41,24,6.549671741224454,30
462,14,11,54,4,6.542365287655037,7
463,79,18,70,9,6.541994947083337,9
464,17,13,62,5,6.51109228837904,8
465,93,45,28,18,6.503573178547266,27
466,87,25,18,9,6.500921078177537,16
467,73,36,9,15,6.4959532992484235,21
468,50,18,48,8,6.491842005255667,10
469,23,11,48,5,6.485113687277626,6
470,17,10,10,4,6.479497194252798,6
471,32,16,86,7,6.471177759830174,9
472,30,30,86,9,6.451687926786224,21
473,55,34,54,12,6.445304702920418,22
474,90,10,62,4,6.441503246890602,6
475,12,14,28,5,6.429365216940004,9
476,20,36,79,14,6.4247375509301525,22
477,91,39,28,15,6.423932200356101,24
478,16,25,91,10,6.409140256729836,15
479,90,12,50,5,6.3963545792520575,7
480,50,19,73,9,6.385008192916682,10
481,15,14,84,5,6.375647385580588,9
482,103,22,88,8,6.368772240906124,14
483,31,10,28,4,6.368565836830035,6
484,28,76,9,33,6.356037724365796,43
485,90,13,104,6,6.344098112647823,7
486,106,13,9,5,6.321323922487702,8
487,62,19,54,7,6.312055934230411,12
488,6,40,28,16,6.2836176921265,24
489,111,15,44,6,6.282001615200402,9
490,88,36,54,15,6.253469070522791,21
491,2,17,48,8,6.245081234312723,9
492,8,24,57,10,6.231916416163357,14
493,16,14,108,6,6.212630572758722,8
494,2,11,66,4,6.205381429919993,7
495,34,17,74,7,6.192755247207801,10
496,13,23,79,8,6.185271732408835,15
497,111,11,56,4,6.133528731729061,7
498,28,47,54,19,6.133235347479532,28
499,87,45,41,20,6.130516050826405,25
500,30,14,76,5,6.105099986395528,9
501,70,21,76,8,6.104247467977058,13
502,50,18,20,8,6.0890938736455045,10
503,34,11,51,4,6.074689566682864,7
504,11,15,87,6,6.0579456248612615,9
505,93,15,30,6,6.056393100709427,9
506,54,49,9,20,6.050802275785849,29
507,20,21,88,8,6.044952878900595,13
508,35,13,86,4,6.029699746849705,9
509,74,55,65,22,6.019896580662451,33
510,1,14,107,6,6.012748941227003,8
511,98,48,91,22,6.010481139866045,26
512,49,10,77,5,6.002993751357126,5
513,30,17,107,6,5.992050362775075,11
514,90,35,28,14,5.990386428247876,21
515,87,37,50,15,5.978280802307982,22
516,17,10,34,4,5.97086385916694,6
517,80,13,20,6,5.966103974184957,7
518,20,33,103,11,5.96431634987825,22
519,8,23,49,10,5.962799116224744,13
520,89,25,10,10,5.961935346068015,15
521,26,10,85,4,5.960882730964135,6
522,74,11,108,5,5.931216049633243,6
523,49,30,98,13,5.930886416801632,17
524,76,33,37,12,5.909024236467577,21
525,74,23,29,10,5.905853661332887,13
526,111,71,65,33,5.901383737891229,38
527,86,12,18,5,5.898212622367466,7
528,98,49,103,19,5.894528502030377,30
529,54,14,80,6,5.8879427057278475,8
530,75,22,16,9,5.887098356844422,13
531,55,17,91,6,5.873903790869504,11
532,54,12,106,5,5.869834053085394,7
533,17,17,16,7,5.868342075872022,10
534,87,52,9,22,5.867901198385369,30
535,49,28,87,13,5.837138934523044,15
536,104,12,84,5,5.83583289734061,7
537,46,14,37,6,5.834073346635607,8
538,16,41,88,15,5.829317068897715,26
539,2,11,51,5,5.82458141989376,6
540,63,30,48,12,5.823156119933601,18
541,89,17,84,6,5.806364989397548,11
542,34,19,109,8,5.806108021230174,11
543,84,31,88,12,5.802269848860173,19
544,15,23,76,9,5.782831260117769,14
545,32,18,54,7,5.782610489553489,11
546,51,14,79,6,5.7725066910082035,8
547,49,24,9,9,5.76893486693949,15
548,87,28,76,11,5.7578773283085996,17
549,38,29,9,13,5.756435186772363,16
550,86,16,85,8,5.748226684014123,8
551,55,20,76,9,5.742456288243529,11
552,5,11,91,6,5.724427643442397,5
553,14,11,48,3,5.715763459513543,8
554,54,28,37,10,5.684646340178299,18
555,43,13,9,6,5.682535108763634,7
556,8,13,56,5,5.662090518526135,8
557,90,31,9,13,5.652779456533463,18
558,41,45,9,17,5.6439057397283525,28
559,26,22,29,8,5.630548836449718,14
560,20,11,44,4,5.615461510594532,7
561,107,31,50,12,5.6109694845727285,19
562,87,53,28,22,5.6037585968390164,31
563,63,52,65,22,5.601422971133672,30
564,90,25,8,10,5.5991104710270845,15
565,63,33,86,12,5.581318246149036,21
566,18,20,48,8,5.575542543556776,12
567,107,37,9,18,5.569812143760891,19
568,86,38,55,17,5.532299525559407,21
569,23,41,8,17,5.530959099012352,24
570,111,36,103,15,5.530917867453256,21
571,50,13,63,5,5.5288357131887285,8
572,46,26,54,10,5.488919057139451,16
573,54,35,38,14,5.47856504565386,21
574,90,22,87,8,5.444051378748757,14
575,109,16,23,6,5.438260955948294,10
576,88,42,76,19,5.437759040300481,23
577,48,13,38,5,5.42579677220132,8
578,94,18,20,7,5.424401699040207,11
579,20,26,38,11,5.422962328602487,15
580,55,27,41,13,5.421661683278699,14
581,43,11,103,5,5.4056340195812504,6
582,19,10,28,4,5.405282356849322,6
583,6,27,20,13,5.3915163015983865,14
584,110,23,65,9,5.3850619906564345,14
585,8,66,41,30,5.38335326188138,36
586,65,11,66,5,5.361243620827198,6
587,54,11,71,4,5.354693946074447,7
588,104,14,76,6,5.288345369680406,8
589,17,23,79,10,5.280486878224028,13
590,11,14,79,8,5.27378465447808,6
591,63,15,85,7,5.266282773446653,8
592,28,27,89,12,5.259024187289206,15
593,1,10,111,5,5.238983537325087,5
594,80,12,107,4,5.2313334715071065,8
595,48,10,108,3,5.22187263856998,7
596,16,16,93,7,5.217988854591054,9
597,55,14,18,6,5.21003106995447,8
598,16,17,57,8,5.190965262638069,9
599,111,10,57,4,5.186942618450884,6
600,104,15,62,6,5.186101581217904,9
601,30,29,8,11,5.181741196459269,18
602,73,24,84,8,5.172867570272621,16
603,46,25,28,10,5.169959329978424,15
604,26,38,20,16,5.156160372920298,22
605,84,33,63,13,5.129653940093185,20
606,41,29,89,12,5.128070897369617,17
607,87,31,91,13,5.12269354596261,18
608,103,21,18,9,5.1172633080953505,12
609,74,32,107,13,5.114440119847531,19
610,86,39,48,16,5.112975973260383,23
611,70,10,48,4,5.103393723771425,6
612,9,11,1,5,5.096238795529086,6
613,29,25,84,11,5.094046057364016,14
614,18,18,50,8,5.0868481750812755,10
615,39,17,63,7,5.052516246166987,10
616,37,17,20,7,5.013455001173635,10
617,79,16,73,7,5.012547822539445,9
618,107,20,34,9,4.993110093051689,11
619,91,37,9,16,4.981773951662844,21
620,89,10,20,4,4.976403038151212,6
621,6,36,48,16,4.9759109792776925,20
622,10,10,59,5,4.967497448599417,5
623,73,10,85,4,4.960807319232127,6
624,1,17,8,8,4.943313786871868,9
625,86,44,76,20,4.94072401433809,24
626,50,41,79,19,4.936718315955137,22
627,79,45,48,20,4.93545661995572,25
628,46,11,103,5,4.9349144398730305,6
629,50,29,86,12,4.905965408994344,17
630,65,11,5,5,4.90161537792141,6
631,62,27,9,11,4.876428914210389,16
632,86,27,88,11,4.870031949208748,16
633,16,22,73,10,4.863726239262455,12
634,38,24,87,10,4.849210013950484,14
635,48,34,54,13,4.83495295155324,21
636,63,17,98,8,4.831641725793668,9
637,89,11,109,5,4.829014520032646,6
638,110,10,28,5,4.821015306608337,5
639,5,12,86,5,4.8138167455066485,7
640,55,29,6,10,4.803715742468646,19
641,8,12,39,6,4.797245812540771,6
642,93,36,87,15,4.793635427742384,21
643,34,10,103,3,4.7904730345691835,7
644,79,33,107,13,4.787846086295939,20
645,9,21,89,7,4.786570717016554,14
646,111,10,104,4,4.785383853867563,6
647,84,29,34,11,4.780446789091473,18
648,88,15,38,7,4.775099664625831,8
649,16,23,18,9,4.770325303283744,14
650,98,17,94,7,4.761676089313327,10
651,87,38,29,16,4.756132257695766,22
652,88,10,104,4,4.74391725280927,6
653,6,12,32,5,4.741771241477238,7
654,23,42,98,17,4.71986953427498,25
655,89,24,65,11,4.719339811655218,13
656,87,14,14,6,4.712999134730352,8
657,109,19,93,8,4.710552248323453,11
658,37,41,8,18,4.7000187472787,23
659,107,23,76,10,4.688296475831248,13
660,87,15,75,7,4.68733022544958,8
661,26,16,6,6,4.685058896386023,10
662,41,53,20,21,4.672832095577478,32
663,9,29,88,12,4.640775240739044,17
664,16,23,104,10,4.63379333705212,13
665,68,11,87,5,4.6261419910984936,6
666,84,12,39,6,4.6231931515811615,6
667,20,26,109,9,4.6102623005201036,17
668,86,10,15,5,4.60305467364883,5
669,8,101,9,46,4.590254866611679,55
670,8,84,79,40,4.5760241503466785,44
671,2,31,6,13,4.57536971568475,18
672,17,15,48,7,4.57243158960934,8
673,2,37,9,17,4.570200756721712,20
674,55,22,32,9,4.561305856484579,13
675,8,16,96,7,4.548961209547798,9
676,28,26,17,11,4.527104650820006,15
677,86,13,14,7,4.5235348439430325,6
678,20,86,65,36,4.523427668367042,50
679,65,26,109,13,4.522732343847645,13
680,76,34,48,14,4.519965051805255,20
681,111,29,93,14,4.510765206652466,15
682,38,38,28,17,4.506160175549613,21
683,9,17,59,7,4.5029610514141964,10
684,29,11,62,5,4.502398822563124,6
685,65,109,9,48,4.502122566433147,61
686,111,29,91,14,4.500138929465921,15
687,29,21,93,9,4.4989593922467,12
688,8,34,109,15,4.496969100534061,19
689,111,21,29,11,4.484029622528672,10
690,111,25,15,10,4.472513123100842,15
691,9,42,86,18,4.471433189978505,24
692,90,10,13,5,4.435057658973358,5
693,16,29,107,12,4.421752842699685,17
694,48,12,39,6,4.409523912199052,6
695,54,18,112,8,4.392236178577867,10
696,29,29,8,13,4.3862864415616,16
697,1,14,65,6,4.384642024421804,8
698,90,21,37,9,4.378553555201822,12
699,54,13,89,5,4.375934710162813,8
700,87,11,94,5,4.375015437142173,6
701,79,13,44,6,4.35641543376227,7
702,93,29,74,11,4.347001281909121,18
703,86,10,82,4,4.344505387617904,6
704,14,20,28,7,4.343832047386857,13
705,16,66,65,30,4.336633855356834,36
706,1,13,86,6,4.323999323226733,7
707,30,20,48,8,4.312431377271299,12
708,41,20,1,7,4.310885836842606,13
709,85,15,48,6,4.3053632687921874,9
710,32,25,98,11,4.297859841525708,14
711,87,25,88,10,4.293791057606334,15
712,46,21,76,8,4.290697960762892,13
713,98,48,84,21,4.290567988042359,27
714,103,34,28,15,4.283445470085917,19
715,28,22,85,10,4.272972553475371,12
716,37,24,88,10,4.265987830661223,14
717,58,11,9,4,4.244957448818405,7
718,18,13,49,6,4.243576516469453,7
719,97,11,8,4,4.238412616249588,7
720,29,26,20,11,4.235090000321542,15
721,16,19,62,8,4.231831363925152,11
722,50,34,103,15,4.223445001067976,19
723,26,24,103,11,4.2106057067079385,13
724,65,67,54,31,4.184792592825602,36
725,26,31,65,14,4.172411189315191,17
726,2,16,32,7,4.169077635966495,9
727,44,10,75,4,4.15986118876275,6
728,16,27,6,13,4.159304128363459,14
729,65,23,91,12,4.150101209000142,11
730,74,37,91,17,4.145308331268211,20
731,48,20,107,9,4.142364220666589,11
732,96,10,54,5,4.140831046910959,5
733,103,28,54,13,4.131111544590628,15
734,98,43,107,18,4.125380340144849,25
735,37,39,98,17,4.116775978907109,22
736,32,15,38,6,4.090422340111541,9
737,16,69,84,31,4.082924009781385,38
738,87,54,79,26,4.0807363503382055,28
739,98,38,50,18,4.075108597079137,20
740,65,10,75,4,4.061741964132056,6
741,84,15,71,7,4.0469973544528735,8
742,10,11,109,5,4.004247407956422,6
743,104,13,10,6,3.98234198179897,7
744,26,26,28,11,3.9790441547640487,15
745,14,11,9,4,3.9753531338355614,7
746,51,11,107,4,3.9575121006200358,7
747,23,32,87,13,3.9566444001518777,19
748,93,18,10,7,3.9549788743691674,11
749,23,39,84,18,3.9529498437083554,21
750,6,22,73,11,3.947699618921396,11
751,16,44,87,20,3.9093727916352248,24
752,111,39,74,18,3.908635436008302,21
753,94,16,54,8,3.8978006398785645,8
754,96,14,55,6,3.8943089599625167,8
755,48,18,89,8,3.8908343305777393,10
756,107,51,20,24,3.8838312846611003,27
757,84,19,96,8,3.8689156027977076,11
758,38,14,49,7,3.855128614080598,7
759,23,12,34,6,3.853881899354071,6
760,8,20,75,9,3.8505131421822583,11
761,75,13,50,5,3.8466761360616406,8
762,54,19,51,9,3.840546896941151,10
763,70,29,84,13,3.8363794396011976,16
764,17,16,49,7,3.8354352643495573,9
765,8,27,106,13,3.8307348466644533,14
766,23,40,9,18,3.825851357048053,22
767,32,14,91,7,3.8253106560348464,7
768,8,39,62,18,3.8203580499873473,21
769,93,15,18,7,3.8000555745474087,8
770,86,20,96,9,3.7961531259756,11
771,110,12,103,5,3.7849274590311146,7
772,26,11,110,6,3.7814954576991564,5
773,57,15,55,8,3.7814243990139818,7
774,11,12,84,6,3.7715362491408313,6
775,74,19,55,10,3.7670610658889934,9
776,28,22,49,9,3.761707702389012,13
777,12,10,87,5,3.7542048507224997,5
778,57,12,18,4,3.7525453734501917,8
779,74,25,23,12,3.7522629426872345,13
780,10,20,74,8,3.741560720435788,12
781,93,74,65,33,3.7387096294626696,41
782,48,16,41,7,3.7233952099256955,9
783,84,22,38,9,3.7215580721113755,13
784,60,10,87,5,3.716219490276845,5
785,63,26,16,12,3.7131471479548557,14
786,32,14,10,5,3.709056496740225,9
787,84,37,41,15,3.707826473812251,22
788,32,35,8,16,3.704344714378896,19
789,104,16,87,6,3.675421340584443,10
790,86,14,62,8,3.6646334062582624,6
791,57,17,65,6,3.66200460796526,11
792,16,38,37,15,3.653813418657004,23
793,37,12,107,6,3.6430087575288113,6
794,54,37,70,17,3.6330290974610886,20
795,10,12,18,4,3.6042571144804363,8
796,54,41,6,16,3.576182334552821,25
797,29,12,46,5,3.5756011188612877,7
798,50,25,38,11,3.5687465201033057,14
799,74,26,6,11,3.551324451472569,15
800,20,32,84,13,3.5442833935533202,19
801,87,56,20,25,3.5144366006625405,31
802,74,37,86,16,3.508116306911025,21
803,65,13,94,6,3.5056909876146594,7
804,86,40,107,18,3.495906112757183,22
805,9,13,51,6,3.474433870184742,7
806,1,14,55,6,3.472860068937084,8
807,79,10,52,5,3.4646554944881034,5
808,86,62,79,28,3.462066969208975,34
809,76,22,35,9,3.461651095947973,13
810,16,15,34,7,3.460781105392662,8
811,23,15,26,7,3.459704667443896,8
812,34,27,79,13,3.454080054186641,14
813,86,12,57,6,3.4531517504498637,6
814,34,18,65,9,3.423205526978699,9
815,5,11,63,5,3.4085669222936277,6
816,23,17,55,8,3.404295001427899,9
817,32,20,84,8,3.403700726822617,12
818,57,12,6,4,3.4000169565132325,8
819,91,12,18,5,3.399195770216398,7
820,37,22,74,10,3.399169911921955,12
821,65,16,15,8,3.3963132917863037,8
822,76,14,13,7,3.383197454645703,7
823,2,14,85,7,3.3798876085075156,7
824,90,19,2,9,3.3730708336092663,10
825,6,26,91,12,3.3700663593758144,14
826,49,18,6,8,3.361990920437635,10
827,111,51,9,25,3.320225202022207,26
828,23,22,86,10,3.3045595000103454,12
829,96,13,28,6,3.296845382526419,7
830,8,70,16,30,3.2814668236435685,40
831,90,31,111,13,3.2679216950842256,18
832,59,11,98,5,3.2664563544762513,6
833,73,30,65,13,3.2644989461981972,17
834,51,26,8,11,3.2614570414763673,15
835,8,80,87,35,3.25520601051518,45
836,87,57,86,25,3.247742107035456,32
837,30,21,29,10,3.244422511134119,11
838,76,15,18,6,3.2371919896499475,9
839,49,11,85,5,3.2340490592317157,6
840,74,17,63,8,3.228967223528297,9
841,55,81,8,34,3.2186701274509524,47
842,55,19,106,8,3.2161809115675513,11
843,16,21,20,11,3.2149742659082428,10
844,91,13,37,6,3.1893915884876662,7
845,62,26,28,10,3.1835173498650757,16
846,111,15,75,8,3.1768571401147816,7
847,18,13,88,6,3.1759771370815293,7
848,44,14,8,5,3.1679643082660265,9
849,14,18,8,8,3.164886384508364,10
850,8,75,54,35,3.1596723363646735,40
851,73,16,54,7,3.15458999081358,9
852,16,54,98,24,3.1532282189912895,30
853,23,23,88,10,3.1441600025036927,13
854,13,14,111,6,3.137242431792204,8
855,43,16,65,8,3.0818646979565365,8
856,84,10,52,5,3.070377905456948,5
857,106,15,41,7,3.0700853502959746,8
858,70,15,55,7,3.055120987205429,8
859,28,13,97,7,3.0547375240563244,6
860,26,17,43,7,3.0481873322386313,10
861,9,14,44,8,3.0418979222799787,6
862,51,12,37,5,3.0278831636601384,7
863,38,18,16,9,3.0174584469144032,9
864,84,38,55,17,3.01546805583361,21
865,51,15,65,7,3.002433018856541,8
866,26,16,89,8,3.0015441091670585,8
867,10,23,48,11,2.9986085364843453,12
868,57,11,109,4,2.9843830658057695,7
869,54,11,75,5,2.9498939570669074,6
870,32,33,28,15,2.9362166355349024,18
871,13,29,9,12,2.9131917778567793,17
872,2,41,10,18,2.8955248222440733,23
873,28,58,18,27,2.894006651363834,31
874,30,19,6,7,2.8896247906630976,12
875,111,22,76,12,2.8888180973130932,10
876,76,13,109,4,2.8773626055464465,9
877,90,25,107,12,2.8707019854150553,13
878,86,25,91,12,2.8504751291410657,13
879,54,21,29,8,2.8437383782919365,13
880,8,88,107,42,2.8401744909904605,46
881,13,21,48,8,2.837201419133727,13
882,73,20,98,9,2.8332039167724927,11
883,26,47,8,23,2.8321807044990077,24
884,54,21,23,9,2.818710864845722,12
885,103,26,91,14,2.81795550429567,12
886,50,35,2,15,2.816316990905994,20
887,38,55,65,25,2.8065899103574585,30
888,54,28,91,15,2.787809476098936,13
889,17,30,103,13,2.786263791329437,17
890,74,64,8,30,2.785649005272701,34
891,50,38,9,18,2.7826423649599463,20
892,65,14,80,7,2.775329441168562,7
893,50,15,89,7,2.7678854176457244,8
894,41,40,23,18,2.767380745524291,22
895,79,26,104,10,2.76733655223797,16
896,2,18,23,9,2.7670043698876174,9
897,48,19,103,9,2.74551902113029,10
898,5,11,55,6,2.7381576090645208,5
899,23,14,29,6,2.7325720738957853,8
900,79,25,89,10,2.7323432784581803,15
901,26,14,30,9,2.729526864464305,5
902,48,44,9,19,2.7118293842835715,25
903,6,49,79,23,2.7115589937863547,26
904,65,83,88,37,2.710133703735986,46
905,103,24,55,11,2.703742749314949,13
906,98,17,5,8,2.697919446116992,9
907,46,10,18,4,2.6832650728648453,6
908,6,21,86,10,2.6797895540068417,11
909,30,25,38,13,2.6609022960305304,12
910,15,14,8,7,2.659395326985167,7
911,70,27,87,12,2.659290912641029,15
912,109,17,84,8,2.647899017987723,9
913,28,26,11,11,2.640034897702328,15
914,8,42,103,17,2.6366758249260935,25
915,84,79,9,34,2.636062111742769,45
916,50,22,16,11,2.629651872437497,11
917,111,23,50,10,2.6260965282140734,13
918,28,78,16,36,2.6243189442646955,42
919,9,16,94,8,2.620832608628453,8
920,98,57,54,28,2.6147362809185486,29
921,98,33,29,16,2.599178855969541,17
922,38,20,112,9,2.5875581099779743,11
923,48,35,37,17,2.564870406200917,18
924,90,21,16,10,2.556904125602615,11
925,30,10,11,4,2.556482524063204,6
926,91,41,8,20,2.5454365457229,21
927,49,15,48,8,2.5444991556032637,7
928,98,32,10,15,2.5398512725547144,17
929,63,10,49,5,2.5291147398136253,5
930,50,19,29,8,2.5251415163545525,11
931,44,14,16,8,2.522508039167435,6
932,13,24,98,9,2.5115874098276842,15
933,65,50,103,21,2.4835688434443703,29
934,37,15,62,7,2.478947668963917,8
935,26,27,98,15,2.4699465773486544,12
936,41,40,38,19,2.4535603181412866,21
937,65,45,86,21,2.452827932503232,24
938,108,10,107,5,2.4501197743431162,5
939,51,10,88,5,2.4234787142023793,5
940,55,13,90,6,2.423005519398733,7
941,48,16,96,8,2.406245497976027,8
942,84,69,86,31,2.406216722471602,38
943,43,22,74,10,2.3993639128069244,12
944,18,18,6,8,2.3903639022739704,10
945,14,12,79,5,2.3879406631769826,7
946,8,25,68,12,2.35813484080187,13
947,58,12,2,5,2.3563851300758447,7
948,79,35,88,14,2.352890279260208,21
949,41,56,79,27,2.337441224056112,29
950,41,11,94,5,2.327533953224649,6
951,28,39,37,18,2.3108067440306623,21
952,87,32,54,15,2.279380424010783,17
953,20,13,32,6,2.2751108005385445,7
954,13,10,30,4,2.273061958601036,6
955,62,18,32,9,2.263686769900323,9
956,37,40,9,18,2.2628015576501816,22
957,62,10,106,5,2.25172428368668,5
958,103,26,87,12,2.244435120608379,14
959,74,57,28,28,2.2349949672748606,29
960,8,11,58,6,2.225895511877211,5
961,54,12,57,5,2.224387822283533,7
962,8,64,86,28,2.206968534697074,36
963,34,15,48,7,2.1931820160729223,8
964,73,35,41,16,2.1896111209660925,19
965,89,18,98,8,2.1800794132028996,10
966,63,14,55,6,2.16953420026001,8
967,111,19,46,9,2.165349951686943,10
968,111,54,28,25,2.1618622413747612,29
969,9,11,15,5,2.1575516880448644,6
970,18,10,32,5,2.157224109221358,5
971,29,21,79,10,2.154722811821747,11
972,16,49,41,24,2.1541831229994863,25
973,84,44,111,19,2.142252654485593,25
974,16,37,76,18,2.1381270128695977,19
975,111,33,26,15,2.137133581510591,18
976,32,19,50,10,2.1367023944769645,9
977,54,18,3,9,2.135806802832069,9
978,98,63,2,30,2.135100922237145,33
979,86,19,93,9,2.1270248965167267,10
980,86,17,104,9,2.101840185723775,8
981,34,23,28,10,2.098323974878283,13
982,9,17,104,7,2.074620642084027,10
983,91,18,10,8,2.053920396033922,10
984,20,46,98,21,2.0517374400705877,25
985,30,25,98,10,2.050620342220537,15
986,38,52,98,24,2.0498657703552294,28
987,106,26,28,11,2.0483255721207594,15
988,84,72,65,35,2.037917633089768,37
989,88,20,93,12,2.03337259421067,8
990,87,68,65,31,2.031976896806863,37
991,39,11,50,5,2.026853272567798,6
992,32,26,16,12,2.021073617693015,14
993,59,14,8,7,2.010238389237962,7
994,85,12,66,6,2.002988916691535,6
995,37,10,71,4,1.989603705819686,6
996,79,59,37,26,1.9886494787106563,33
997,74,47,9,21,1.9845964496174235,26
998,57,25,84,11,1.9838455756579165,14
999,103,13,37,6,1.9837820518429876,7
1000,49,11,29,4,1.9792119029563418,7
1001,55,40,88,17,1.9632957995288727,23
1002,50,20,34,11,1.9535612317766191,9
1003,98,13,106,7,1.9401901762662823,6
1004,76,24,6,12,1.937944044447951,12
1005,16,17,11,7,1.9332915209945327,10
1006,62,10,48,4,1.9270832455013291,6
1007,10,13,29,6,1.9268740097605626,7
1008,44,23,28,9,1.9237187237094893,14
1009,70,21,2,9,1.9193005276453519,12
1010,6,22,37,11,1.9187411338779805,11
1011,30,32,79,14,1.9121472837585174,18
1012,76,10,17,4,1.904894860536603,6
1013,19,15,41,8,1.9044917395497039,7
1014,41,11,61,5,1.903478014849791,6
1015,62,29,87,13,1.8959853967718379,16
1016,16,12,35,6,1.881008846062058,6
1017,98,27,18,13,1.877022513938192,14
1018,34,10,90,5,1.875212395692607,5
1019,49,25,55,14,1.8646594153921858,11
1020,91,10,39,4,1.864576968002248,6
1021,6,39,98,18,1.8448936378969205,21
1022,2,30,111,14,1.8367449192872438,16
1023,54,35,79,17,1.8339047649993603,18
1024,20,22,73,11,1.8197178736344486,11
1025,93,10,85,4,1.8184953609101577,6
1026,87,25,32,13,1.8019631830327207,12
1027,85,13,76,5,1.8000085206097032,8
1028,50,36,55,19,1.792086937558247,17
1029,30,41,28,19,1.7778543521460957,22
1030,15,20,54,9,1.7760257646065063,11
1031,75,10,76,4,1.7758930355803781,6
1032,107,21,104,9,1.7432274674115629,12
1033,71,18,65,9,1.7385086790308775,9
1034,17,12,30,6,1.7366091011141076,6
1035,85,19,98,8,1.7359087180533077,11
1036,70,58,8,29,1.7358583823266793,29
1037,16,29,103,14,1.7358551004647216,15
1038,76,10,45,5,1.7263356630732685,5
1039,87,27,37,14,1.717530877322721,13
1040,38,11,76,5,1.699907222636557,6
1041,93,26,107,12,1.6992218170224516,14
1042,84,25,14,14,1.697114854682911,11
1043,91,34,107,15,1.6909803195521649,19
1044,84,74,28,36,1.6900558639107006,38
1045,73,31,8,13,1.6827099795090423,18
1046,91,16,62,8,1.6816681613432138,8
1047,87,12,13,5,1.680290942229875,7
1048,85,25,79,13,1.67029024146304,12
1049,65,75,28,35,1.6593417389345757,40
1050,16,50,54,24,1.6466818532647505,26
1051,88,38,28,19,1.6363199934743273,19
1052,6,49,65,26,1.6288389900978633,23
1053,103,26,6,11,1.6275337563735748,15
1054,8,48,88,23,1.6139016727137605,25
1055,10,18,90,8,1.612631742744166,10
1056,91,20,88,9,1.6049112097120055,11
1057,2,35,54,17,1.600377605490144,18
1058,20,12,70,5,1.596445977935665,7
1059,17,13,50,6,1.587542514822458,7
1060,54,45,20,20,1.5874097620245762,25
1061,104,27,8,11,1.5847929007576513,16
1062,76,10,14,5,1.56343838736732,5
1063,9,35,6,16,1.557967815496838,19
1064,84,11,46,5,1.5536654797415743,6
1065,98,56,74,28,1.5394900322600191,28
1066,6,21,46,9,1.5348461201360555,12
1067,85,12,38,6,1.5317416798467223,6
1068,63,13,14,6,1.5219308064414174,7
1069,74,18,50,9,1.5058020463222817,9
1070,103,12,85,5,1.5052357650596415,7
1071,74,52,84,25,1.5032704959262344,27
1072,55,18,43,9,1.4993353058682126,9
1073,8,49,18,23,1.486178193427121,26
1074,2,27,109,11,1.484515892189103,16
1075,5,11,2,6,1.4830828720803892,5
1076,86,59,54,29,1.448873198071591,30
1077,41,18,18,8,1.4488156792449156,10
1078,50,36,41,18,1.4450486751473977,18
1079,98,70,8,33,1.4400631337443104,37
1080,103,10,57,6,1.4334929374709406,4
1081,65,10,3,5,1.425825292351592,5
1082,88,31,111,14,1.4213124620809892,17
1083,8,47,20,22,1.420582435666663,25
1084,2,24,38,13,1.4146987667991204,11
1085,51,11,6,4,1.4047930882718538,7
1086,51,26,84,11,1.3946044446619845,15
1087,65,34,10,16,1.3889990791790807,18
1088,16,32,10,15,1.3769942516048166,17
1089,5,11,20,5,1.3762491741307408,6
1090,63,19,87,9,1.3686247132739577,10
1091,23,14,32,8,1.36299015760623,6
1092,16,18,1,9,1.3602664332342813,9
1093,74,12,75,6,1.3554590976430498,6
1094,5,20,28,10,1.3493326587417727,10
1095,29,18,34,10,1.3490741689669339,8
1096,76,30,9,14,1.3464329670764867,16
1097,2,24,30,12,1.3352376592376716,12
1098,62,23,88,11,1.3277639684106675,12
1099,55,16,73,8,1.3250772092992573,8
1100,23,25,6,12,1.3241402538193012,13
1101,37,35,65,16,1.3173393657012906,19
1102,54,36,107,17,1.3157024816601588,19
1103,38,17,106,8,1.3101869215810398,9
1104,54,37,50,16,1.3088512442339093,21
1105,87,15,110,7,1.3076573931351647,8
1106,51,20,16,8,1.3014165070786716,12
1107,23,27,107,13,1.2905265733143776,14
1108,112,12,109,6,1.2807700475171355,6
1109,55,12,17,6,1.2644044388351476,6
1110,8,24,43,12,1.2491635720553627,12
1111,79,15,5,6,1.2465463136389352,9
1112,23,42,65,21,1.2395198214726815,21
1113,14,10,16,4,1.2378356380358335,6
1114,84,48,107,22,1.2262506975106533,26
1115,48,31,55,14,1.215644939535552,17
1116,17,14,54,7,1.2121687634663056,7
1117,10,25,87,13,1.200382738763758,12
1118,8,19,85,10,1.1861465554197632,9
1119,46,11,70,5,1.185643689343307,6
1120,103,10,1,6,1.178228962480731,4
1121,109,23,98,11,1.1685291459099245,12
1122,79,76,9,37,1.156057079763386,39
1123,73,25,87,11,1.1555083165045317,14
1124,2,11,44,5,1.1530964006985889,6
1125,96,16,79,7,1.1513538575456803,9
1126,79,36,38,17,1.1399672014475488,19
1127,10,13,88,6,1.116078708489712,7
1128,16,10,56,4,1.1063673005412145,6
1129,6,42,84,20,1.1025381642551553,22
1130,30,25,84,12,1.1014873070906024,13
1131,2,10,14,5,1.0959529328783628,5
1132,55,40,16,19,1.0904118010328976,21
1133,65,41,29,18,1.0863542275741345,23
1134,75,16,86,8,1.068069891714189,8
1135,76,15,103,6,1.064891024931597,9
1136,64,11,84,6,1.0531813217300625,5
1137,34,23,9,12,1.0530539128922707,11
1138,107,59,28,30,1.0388077133370084,29
1139,74,16,62,9,1.038357756374001,7
1140,8,92,65,41,1.0360299729293234,51
1141,55,15,51,8,1.0267713251900186,7
1142,54,28,18,13,1.0250295523893804,15
1143,107,36,103,17,1.0215275466090674,19
1144,111,48,55,25,1.0066702086145287,23
1145,79,11,94,5,0.999869198006996,6
1146,32,15,74,7,0.9878312338208298,8
1147,41,16,30,8,0.9850557086879019,8
1148,111,16,68,7,0.9831903657030904,9
1149,91,20,23,10,0.9792678927031672,10
1150,103,44,9,24,0.9734466854109779,20
1151,68,10,16,5,0.9723777343104946,5
1152,70,15,50,8,0.9670623069266762,7
1153,10,11,15,6,0.9620268464624092,5
1154,84,28,49,14,0.9573548536710029,14
1155,20,19,68,10,0.9561217863728688,9
1156,57,15,91,6,0.9462820674582961,9
1157,20,10,66,4,0.9364744036490531,6
1158,2,22,88,10,0.9353035146429401,12
1159,87,50,107,23,0.9336449569119724,27
1160,80,15,79,7,0.9284423286035397,8
1161,85,19,9,8,0.9266510351352133,11
1162,13,11,74,5,0.9258529887550367,6
1163,103,12,89,5,0.9245541578032253,7
1164,79,63,111,29,0.9222403087278062,34
1165,60,11,9,6,0.9156618531106675,5
1166,93,15,49,8,0.9146738839447187,7
1167,54,19,85,10,0.9015013958157893,9
1168,79,30,93,16,0.8801121352343778,14
1169,29,12,18,7,0.8741742779448103,5
1170,20,33,30,15,0.8624210657658014,18
1171,107,36,38,18,0.8622209672883362,18
1172,37,11,75,5,0.8613050770633002,6
1173,28,28,70,15,0.8531950542278539,13
1174,48,36,87,17,0.8422049682665195,19
1175,103,16,32,7,0.8405021181328091,9
1176,111,44,87,22,0.837629282060696,22
1177,51,11,50,4,0.8347124210353059,7
1178,79,14,35,7,0.82366684970547,7
1179,106,20,65,10,0.8074393217324026,10
1180,51,27,86,13,0.7958466347748088,14
1181,49,25,54,13,0.7952964242907768,12
1182,29,25,9,13,0.7771037627191238,12
1183,70,49,98,24,0.7703441864474497,25
1184,112,17,87,9,0.7591685884445001,8
1185,55,12,13,6,0.7567536850396058,6
1186,28,17,73,7,0.7445408150621146,10
1187,74,46,54,24,0.7444936880816061,22
1188,37,11,73,5,0.7437455399697707,6
1189,46,12,10,6,0.7362386600396065,6
1190,2,38,87,17,0.7210314064467757,21
1191,85,23,65,10,0.7098961841132355,13
1192,55,16,34,7,0.7072850076733446,9
1193,50,15,88,8,0.6966849372246732,7
1194,98,69,79,36,0.6924215661390296,33
1195,41,23,43,11,0.6921842337130496,12
1196,107,35,55,19,0.6859239006962533,16
1197,39,10,16,4,0.676252099870446,6
1198,8,66,2,34,0.6662102238933972,32
1199,20,42,28,19,0.6643270658589463,23
1200,76,13,20,7,0.6610311160325412,6
1201,65,33,104,18,0.6526567218920184,15
1202,32,10,30,5,0.6490824873820774,5
1203,84,44,87,22,0.6469724565404926,22
1204,91,18,44,8,0.6160976329615543,10
1205,79,40,74,17,0.6080488202139609,23
1206,111,37,20,19,0.6068837109506102,18
1207,79,18,49,8,0.6053065369071557,10
1208,62,18,38,9,0.6043816495722358,9
1209,98,20,101,11,0.594870864776421,9
1210,90,20,84,10,0.59409902637174,10
1211,91,14,48,7,0.5907819119756007,7
1212,74,26,46,14,0.5898427855065562,12
1213,75,10,23,5,0.5879055997029298,5
1214,15,14,2,7,0.5683026145731128,7
1215,55,11,97,6,0.5678491282013002,5
1216,8,69,84,35,0.5615927375138012,34
1217,89,17,111,9,0.5563633904658294,8
1218,74,44,87,23,0.551215304799837,21
1219,65,22,62,12,0.5500070971701462,10
1220,8,41,50,21,0.5487710507861748,20
1221,10,18,37,8,0.5468156041706492,10
1222,2,22,62,10,0.5462872756743675,12
1223,66,13,41,7,0.534743534153649,6
1224,104,14,51,7,0.5303101352697448,7
1225,16,47,48,23,0.5276480958458563,24
1226,16,51,2,25,0.525770434070558,26
1227,28,69,79,37,0.5245551332817691,32
1228,8,27,63,14,0.5192452954996267,13
1229,84,20,75,10,0.5145024648015456,10
1230,91,13,73,5,0.5133686150476426,8
1231,23,16,30,9,0.4884824633855258,7
1232,32,10,94,5,0.48339556643762405,5
1233,48,22,88,10,0.48151324400012674,12
1234,107,27,63,15,0.47553883220635385,12
1235,26,39,41,23,0.4754162497584248,16
1236,29,32,28,16,0.47285680343469233,16
1237,106,27,86,13,0.4700901397594862,14
1238,98,16,58,9,0.4540736471862188,7
1239,34,17,20,7,0.44438453697482255,10
1240,88,18,41,9,0.44177382423880074,9
1241,23,37,103,19,0.4333042786770578,18
1242,79,73,84,35,0.43308669842287767,38
1243,106,12,80,6,0.4329492607384124,6
1244,26,11,50,6,0.4324180875363617,5
1245,98,33,93,16,0.4249481440030074,17
1246,9,41,98,18,0.424424835693392,23
1247,109,14,79,7,0.42130275303052095,7
1248,8,22,11,10,0.41489369043415053,12
1249,93,16,55,8,0.39897461255756417,8
1250,48,33,98,17,0.3967785099913375,16
1251,41,13,85,6,0.3897097634286919,7
1252,88,28,107,13,0.3809872191952965,15
1253,28,28,51,14,0.3788224692696466,14
1254,86,10,89,5,0.37250421561620256,5
1255,46,15,98,7,0.3640759967683955,8
1256,70,22,9,10,0.35783800642150543,12
1257,28,10,33,5,0.3490846359805499,5
1258,49,17,91,9,0.3285488305810779,8
1259,5,13,8,5,0.3039377497688787,8
1260,57,19,87,9,0.2857842373592109,10
1261,86,11,66,6,0.2691198516965333,5
1262,37,22,70,11,0.26541516331841886,11
1263,54,44,84,21,0.2633931538816796,23
1264,8,81,28,40,0.2541605921306339,41
1265,103,28,38,14,0.2481523476415201,14
1266,84,12,1,6,0.2428062343244942,6
1267,88,17,63,8,0.23192131391272183,9
1268,86,10,80,6,0.23136426710937422,4
1269,86,43,98,23,0.2223728806876566,20
1270,87,11,71,6,0.21156446783375316,5
1271,9,22,66,11,0.2105349737722424,11
1272,30,22,74,10,0.20088773846185115,12
1273,29,36,41,18,0.19641039337775912,18
1274,50,55,28,28,0.19414774839257803,27
1275,30,18,18,8,0.18809198027763627,10
1276,34,11,1,4,0.18667100823416566,7
1277,111,28,23,15,0.1581620727797386,13
1278,26,19,2,10,0.15549736717273138,9
1279,57,14,98,6,0.14718708116915735,8
1280,6,23,112,11,0.14608972875934934,12
1281,74,40,41,22,0.1069451118325894,18
1282,6,44,8,21,0.09437629853605566,23
1283,6,29,41,15,0.0941275477253323,14
1284,86,72,28,34,0.09227323657365884,38
1285,50,11,76,7,0.0895828105408519,4
1286,65,21,13,12,0.07590050666658854,9
1287,38,15,110,8,0.07451058664372948,7
1288,106,18,63,9,0.05185404717351597,9
1289,28,48,48,25,0.0465237177362041,23
1290,29,23,55,10,0.039422511567713675,13
1291,40,14,65,6,0.022138801901295854,8
1292,44,12,50,6,0.017864942319109883,6
1293,52,12,65,6,0.016695640057018696,6
1294,26,10,86,5,0.004038355127033889,5
1295,16,66,79,34,0.003288919916326923,32
1296,37,15,38,8,0.0011031238349569132,7
1297,38,15,37,7,-0.0011031238349578606,8
1298,86,10,26,5,-0.004038355127033889,5
1299,65,12,52,6,-0.016695640057019585,6
1300,50,12,44,6,-0.01786494231910929,6
1301,28,68,2,35,-0.02000837884536816,33
1302,65,14,40,8,-0.022138801901296672,6
1303,91,42,79,20,-0.03503791530017175,22
1304,13,13,107,6,-0.03566165788038671,7
1305,55,59,65,27,-0.03896525154627633,32
1306,55,23,29,13,-0.03942251156771319,10
1307,50,50,84,26,-0.041920488873883596,24
1308,65,81,79,42,-0.04424467295364335,39
1309,76,38,65,18,-0.05184006466891194,20
1310,63,18,106,9,-0.05185404717351597,9
1311,79,50,103,24,-0.05775390300531491,26
1312,110,15,38,7,-0.07451058664372871,8
1313,13,21,65,9,-0.07590050666659102,12
1314,91,24,30,13,-0.08773892581949116,11
1315,76,11,50,4,-0.08958281054085156,7
1316,28,72,86,38,-0.09227323657365874,34
1317,84,47,103,22,-0.09369403051445593,25
1318,41,29,6,14,-0.09412754772533327,15
1319,43,19,20,10,-0.09655439021695145,9
1320,107,49,65,23,-0.0997304718202604,26
1321,41,40,74,18,-0.10694511183258992,22
1322,17,17,20,9,-0.12665014758012894,8
1323,111,25,30,13,-0.14558741487159338,12
1324,98,14,57,8,-0.14718708116915735,6
1325,87,34,98,16,-0.1724338468755451,18
1326,17,19,74,10,-0.18384205614173943,9
1327,18,18,30,10,-0.18809198027763716,8
1328,16,37,111,20,-0.1929815390724199,17
1329,74,22,30,12,-0.20088773846185182,10
1330,66,22,9,11,-0.21053497377224287,11
1331,71,11,87,5,-0.21156446783375446,6
1332,79,47,76,23,-0.21353395465678998,24
1333,98,43,86,20,-0.22237288068765504,23
1334,80,10,86,4,-0.23136426710937422,6
1335,63,17,88,9,-0.23192131391272225,8
1336,79,18,57,10,-0.23975285216616626,8
1337,1,12,84,6,-0.24280623432449092,6
1338,38,28,103,14,-0.24815234764151944,14
1339,84,44,54,23,-0.26339315388167894,21
1340,70,22,37,11,-0.2654151633184179,11
1341,66,11,86,5,-0.2691198516965327,6
1342,87,19,57,10,-0.28578423735921055,9
1343,79,42,55,23,-0.29649786875917394,19
1344,8,13,5,8,-0.30393774976887755,5
1345,10,27,111,13,-0.3114645815059003,14
1346,85,14,107,5,-0.3237721713967271,9
1347,91,17,49,8,-0.32854883058107764,9
1348,43,16,98,8,-0.334919329248079,8
1349,33,10,28,5,-0.3490846359805491,5
1350,9,22,70,12,-0.3578380064215045,10
1351,98,15,46,8,-0.364075996768397,7
1352,89,10,86,5,-0.3725042156162012,5
1353,85,13,41,7,-0.3897097634286919,6
1354,98,33,48,16,-0.3967785099913387,17
1355,55,16,93,8,-0.3989746125575646,8
1356,65,32,17,16,-0.4089458448973926,16
1357,11,22,8,12,-0.4148936904341515,10
1358,79,14,109,7,-0.42130275303052045,7
1359,13,12,2,5,-0.4219932083916736,7
1360,98,41,9,23,-0.42442483569339234,18
1361,93,33,98,17,-0.42494814400300696,16
1362,80,12,106,6,-0.4329492607384124,6
1363,41,18,88,9,-0.4417738242388016,9
1364,86,27,106,14,-0.4700901397594861,13
1365,28,32,29,16,-0.47285680343469205,16
1366,63,27,107,12,-0.4755388322063532,15
1367,79,40,90,18,-0.4783152360099624,22
1368,88,22,48,12,-0.48151324400012674,10
1369,94,10,32,5,-0.4833955664376234,5
1370,84,59,37,31,-0.5062533674774059,28
1371,73,13,91,8,-0.5133686150476421,5
1372,75,20,84,10,-0.5145024648015465,10
1373,63,27,8,13,-0.519245295499625,14
1374,20,23,110,11,-0.5195268671329448,12
1375,48,47,16,24,-0.527648095845856,23
1376,51,14,104,7,-0.5303101352697429,7
1377,41,13,66,6,-0.5347435341536495,7
1378,62,22,2,12,-0.5462872756743683,10
1379,37,18,10,10,-0.5468156041706485,8
1380,62,22,65,10,-0.5500070971701475,12
1381,98,62,28,33,-0.5510655288758504,29
1382,111,17,89,8,-0.556363390465831,9
1383,79,81,65,40,-0.5589485959558708,41
1384,97,11,55,5,-0.5678491282013008,6
1385,23,10,75,5,-0.5879055997029312,5
1386,49,24,107,13,-0.5883775965859891,11
1387,16,37,23,19,-0.5884301363027267,18
1388,48,14,91,7,-0.5907819119756007,7
1389,84,20,90,10,-0.5940990263717392,10
1390,101,20,98,9,-0.5948708647764195,11
1391,39,10,87,5,-0.5972214062189816,5
1392,23,33,79,18,-0.5991196107820859,15
1393,38,18,62,9,-0.6043816495722345,9
1394,44,18,91,10,-0.6160976329615553,8
1395,6,19,62,11,-0.6431821395568814,8
1396,87,44,84,22,-0.6469724565404921,22
1397,30,10,32,5,-0.6490824873820789,5
1398,104,33,65,15,-0.6526567218920186,18
1399,29,20,103,10,-0.6578144863835312,10
1400,20,13,76,6,-0.6610311160325401,7
1401,8,63,10,33,-0.6621130971618493,30
1402,101,15,23,7,-0.6750621504160544,8
1403,16,10,39,6,-0.6762520998704448,4
1404,88,15,50,7,-0.6966849372246742,8
1405,65,23,85,13,-0.7098961841132344,10
1406,46,20,88,10,-0.7203191762918436,10
1407,8,71,111,34,-0.7317959121668131,37
1408,10,12,46,6,-0.7362386600396065,6
1409,73,11,37,6,-0.7437455399697719,5
1410,73,17,28,10,-0.7445408150621152,7
1411,13,12,55,6,-0.7567536850396056,6
1412,87,17,112,8,-0.7591685884445006,9
1413,98,49,70,25,-0.770344186447448,24
1414,37,59,84,29,-0.7815317486516481,30
1415,86,27,51,14,-0.7958466347748083,13
1416,65,20,106,10,-0.8074393217324024,10
1417,35,14,79,7,-0.8236668497054691,7
1418,74,35,2,18,-0.8333211951916387,17
1419,50,11,51,7,-0.8347124210353059,4
1420,91,21,29,10,-0.8357535316372816,11
1421,87,36,48,19,-0.8422049682665212,17
1422,70,28,28,13,-0.853195054227853,15
1423,55,57,28,26,-0.8539541228955914,31
1424,10,51,79,29,-0.8544891772527285,22
1425,38,18,91,10,-0.8605561818804589,8
1426,75,11,37,6,-0.8613050770632995,5
1427,38,36,107,18,-0.8622209672883362,18
1428,30,33,20,18,-0.8624210657658024,15
1429,18,12,29,5,-0.8741742779448094,7
1430,39,12,65,6,-0.8833442404940938,6
1431,85,18,74,9,-0.8842572167875924,9
1432,85,19,54,9,-0.9015013958157898,10
1433,49,15,93,7,-0.9146738839447184,8
1434,111,29,18,15,-0.9151185639276579,14
1435,9,11,60,5,-0.9156618531106686,6
1436,89,12,103,7,-0.9245541578032253,5
1437,9,19,85,11,-0.9266510351352133,8
1438,79,15,80,8,-0.92844232860354,7
1439,88,22,2,12,-0.9353035146429405,10
1440,66,10,20,6,-0.9364744036490535,4
1441,91,15,57,9,-0.9462820674582971,6
1442,49,28,84,14,-0.9573548536710035,14
1443,15,11,10,5,-0.9620268464624092,6
1444,50,15,70,7,-0.9670623069266775,8
1445,16,10,68,5,-0.9723777343104946,5
1446,68,16,111,9,-0.9831903657030906,7
1447,79,66,16,33,-0.985013914878182,33
1448,30,16,41,8,-0.9850557086879017,8
1449,91,23,20,11,-0.9903622576025491,12
1450,74,34,20,17,-0.9993227738016515,17
1451,94,11,79,6,-0.9998691980069959,5
1452,41,33,70,17,-1.0073100144887814,16
1453,41,13,75,7,-1.0160682715228835,6
1454,18,28,54,15,-1.02502955238938,13
1455,51,15,55,7,-1.0267713251900197,8
1456,98,32,90,17,-1.0267736789331345,15
1457,103,10,75,5,-1.035188460357086,5
1458,112,10,8,5,-1.0357746876565699,5
1459,55,42,79,20,-1.0370705274338399,22
1460,62,16,74,7,-1.0383577563740003,9
1461,89,13,6,6,-1.0487640819634654,7
1462,2,27,20,14,-1.0527389396756568,13
1463,103,15,76,9,-1.0648910249315973,6
1464,86,16,75,8,-1.068069891714187,8
1465,73,20,103,10,-1.0728746625988024,10
1466,90,20,86,11,-1.0796399854463752,9
1467,93,32,20,18,-1.0806886823588873,14
1468,84,73,79,39,-1.0858574962838596,34
1469,29,41,65,23,-1.0863542275741362,18
1470,14,10,2,5,-1.0959529328783617,5
1471,84,25,30,13,-1.1014873070906033,12
1472,84,42,6,22,-1.1025381642551555,20
1473,56,10,16,6,-1.1063673005412131,4
1474,23,41,28,21,-1.118601283133015,20
1475,90,31,65,15,-1.128136180930446,16
1476,79,16,96,9,-1.1513538575456796,7
1477,65,81,41,44,-1.1521295696669458,37
1478,44,11,2,6,-1.1530964006985882,5
1479,87,25,73,14,-1.155508316504531,11
1480,1,10,103,4,-1.178228962480731,6
1481,111,49,98,25,-1.1971941446177512,24
1482,107,36,111,18,-1.1978257080625474,18
1483,87,25,10,12,-1.200382738763757,13
1484,65,49,107,27,-1.2063919771593297,22
1485,23,37,16,19,-1.2113990211273438,18
1486,54,14,17,7,-1.212168763466305,7
1487,55,31,48,17,-1.2156449395355515,14
1488,16,10,14,6,-1.2378356380358353,4
1489,5,15,79,9,-1.2465463136389352,6
1490,84,50,50,25,-1.2510912652103068,25
1491,17,12,55,6,-1.2644044388351479,6
1492,90,40,79,23,-1.2705532967066155,17
1493,109,12,112,6,-1.2807700475171353,6
1494,107,27,23,14,-1.2905265733143787,13
1495,16,20,51,12,-1.3014165070786727,8
1496,110,15,87,8,-1.307657393135164,7
1497,50,37,54,21,-1.3088512442339084,16
1498,106,17,38,9,-1.3101869215810407,8
1499,103,47,84,26,-1.3117535282727075,21
1500,107,36,54,19,-1.3157024816601586,17
1501,79,69,98,34,-1.3171638313764082,35
1502,65,35,37,19,-1.3173393657012917,16
1503,87,44,74,22,-1.3188224711812568,22
1504,90,32,98,16,-1.3246080262099156,16
1505,73,16,55,8,-1.3250772092992573,8
1506,88,23,62,12,-1.3277639684106675,11
1507,30,24,2,12,-1.33523765923767,12
1508,91,15,109,7,-1.3373257862259469,8
1509,9,30,76,16,-1.3464329670764872,14
1510,34,18,29,8,-1.3490741689669334,10
1511,28,20,5,10,-1.3493326587417735,10
1512,75,12,74,6,-1.355459097643048,6
1513,32,14,23,6,-1.3629901576062295,8
1514,87,19,63,10,-1.3686247132739588,9
1515,59,16,41,9,-1.3704315284875221,7
1516,20,11,5,6,-1.3762491741307412,5
1517,23,15,76,7,-1.3791825091008199,8
1518,65,31,90,17,-1.3800043045554724,14
1519,74,18,90,9,-1.39415986244323,9
1520,84,26,51,15,-1.3946044446619839,11
1521,41,81,65,39,-1.4041433009139985,42
1522,6,11,51,7,-1.4047930882718551,4
1523,43,18,107,9,-1.4171119653199424,9
1524,111,31,88,17,-1.4213124620809878,14
1525,3,10,65,5,-1.425825292351591,5
1526,57,10,103,4,-1.43349293747094,6
1527,54,59,86,30,-1.4488731980715892,29
1528,17,43,98,22,-1.4651649500523514,21
1529,2,11,5,5,-1.48308287208039,6
1530,109,27,2,16,-1.4845158921891026,11
1531,84,52,74,27,-1.5032704959262353,25
1532,85,12,103,7,-1.505235765059642,5
1533,50,18,74,9,-1.5058020463222825,9
1534,62,19,6,9,-1.506313038221411,10
1535,98,43,17,23,-1.5166447539243209,20
1536,14,13,63,7,-1.5219308064414179,6
1537,6,14,50,8,-1.5219443856325081,6
1538,38,12,85,6,-1.5317416798467212,6
1539,74,56,98,28,-1.5394900322600193,28
1540,46,11,84,6,-1.553665479741575,5
1541,6,35,9,19,-1.5579678154968377,16
1542,14,10,76,5,-1.56343838736732,5
1543,29,16,16,9,-1.5836522711307057,7
1544,8,27,104,16,-1.5847929007576513,11
1545,28,55,50,28,-1.5856311224413366,27
1546,70,12,20,7,-1.5964459779356666,5
1547,54,35,2,18,-1.600377605490145,17
1548,90,14,20,8,-1.6037651598069205,6
1549,88,20,91,11,-1.604911209712006,9
1550,18,24,107,12,-1.6070768279181384,12
1551,90,18,10,10,-1.612631742744166,8
1552,10,19,107,9,-1.6128272357212297,10
1553,88,48,8,25,-1.6139016727137594,23
1554,91,22,84,11,-1.6140489066565649,11
1555,65,59,55,34,-1.6308671797967242,25
1556,28,38,88,19,-1.6363199934743273,19
1557,87,44,111,23,-1.641789170650758,21
1558,79,52,2,27,-1.6438129495322433,25
1559,54,50,16,26,-1.6466818532647505,24
1560,8,26,34,12,-1.667662307737974,14
1561,84,69,8,35,-1.6772378526789344,34
1562,13,12,87,7,-1.680290942229875,5
1563,20,21,112,10,-1.6804120498088793,11
1564,62,16,91,8,-1.6816681613432154,8
1565,8,31,73,18,-1.6827099795090414,13
1566,28,74,84,38,-1.6900558639107024,36
1567,23,18,57,10,-1.6948872060166507,8
1568,14,25,84,11,-1.697114854682911,14
1569,18,13,20,7,-1.69876804268239,6
1570,107,26,93,14,-1.6992218170224525,12
1571,76,11,38,6,-1.6999072226365548,5
1572,37,27,87,13,-1.7175308773227205,14
1573,65,38,76,21,-1.7259377131088651,17
1574,45,10,76,5,-1.7263356630732685,5
1575,16,16,29,8,-1.7271978980205005,8
1576,103,29,16,15,-1.735855100464721,14
1577,8,58,70,29,-1.7358583823266789,29
1578,98,19,85,11,-1.735908718053309,8
1579,30,12,17,6,-1.736609101114107,6
1580,65,18,71,9,-1.7385086790308772,9
1581,104,21,107,12,-1.743227467411562,9
1582,76,10,75,6,-1.7758930355803784,4
1583,54,20,15,11,-1.7760257646065063,9
1584,28,41,30,22,-1.777854352146095,19
1585,84,22,91,12,-1.7835975804372517,10
1586,76,13,85,8,-1.8000085206097036,5
1587,32,25,87,12,-1.8019631830327214,13
1588,93,25,6,13,-1.8024437751588966,12
1589,18,11,85,7,-1.8067340182792189,4
1590,48,48,28,24,-1.8199365022833365,24
1591,39,10,91,6,-1.8645769680022486,4
1592,55,25,49,11,-1.8646594153921843,14
1593,90,10,34,5,-1.8752123956926063,5
1594,35,12,16,6,-1.8810088460620558,6
1595,87,29,62,16,-1.8959853967718374,13
1596,103,14,70,8,-1.9027941936339994,6
1597,61,11,41,6,-1.9034780148497894,5
1598,41,15,19,7,-1.9044917395497039,8
1599,17,10,76,6,-1.9048948605366014,4
1600,37,22,6,11,-1.9187411338779805,11
1601,28,23,44,14,-1.9237187237094886,9
1602,48,10,62,6,-1.9270832455013296,4
1603,11,17,16,10,-1.9332915209945327,7
1604,111,71,8,40,-1.9370367529151276,31
1605,6,24,76,12,-1.937944044447951,12
1606,6,25,93,13,-1.9383775932498641,12
1607,106,13,98,6,-1.940190176266284,7
1608,34,20,50,9,-1.9535612317766202,11
1609,88,40,55,23,-1.963295799528872,17
1610,10,63,8,32,-1.9653037165737905,31
1611,29,11,49,7,-1.9792119029563418,4
1612,37,13,103,7,-1.9837820518429876,6
1613,84,25,57,14,-1.9838455756579163,11
1614,41,16,34,9,-1.9846654519938336,7
1615,37,59,79,33,-1.9886494787106561,26
1616,8,44,6,24,-1.9887035911204924,20
1617,71,10,37,6,-1.9896037058196856,4
1618,66,12,85,6,-2.002988916691536,6
1619,9,30,10,15,-2.0135222581265264,15
1620,50,11,39,6,-2.0268532725677986,5
1621,93,20,88,8,-2.033372594210669,12
1622,26,14,73,8,-2.0368384601286986,6
1623,65,72,84,37,-2.0379176330897706,35
1624,28,26,106,15,-2.0483255721207603,11
1625,98,52,38,28,-2.0498657703552294,24
1626,26,30,9,17,-2.052887996849143,13
1627,10,18,91,10,-2.0539203960339205,8
1628,104,17,9,10,-2.0746206420840276,7
1629,28,41,23,22,-2.076585768514958,19
1630,28,57,55,33,-2.0770695705168345,24
1631,2,52,79,28,-2.0919149974540514,24
1632,28,23,34,13,-2.0983239748782827,10
1633,104,17,86,8,-2.1018401857237743,9
1634,87,38,2,22,-2.1150735829314953,16
1635,28,81,8,43,-2.1254985806846376,38
1636,93,19,86,10,-2.1270248965167258,9
1637,3,18,54,9,-2.1358068028320694,9
1638,1,15,87,7,-2.138632690920939,8
1639,111,44,84,25,-2.1422526544855915,19
1640,46,13,20,8,-2.151765308535924,5
1641,32,10,18,5,-2.1572241092213575,5
1642,15,11,9,6,-2.1575516880448644,5
1643,55,14,63,8,-2.169534200260009,6
1644,98,18,89,10,-2.180079413202899,8
1645,86,64,8,36,-2.206968534697074,28
1646,57,12,54,7,-2.224387822283533,5
1647,58,11,8,5,-2.2258955118772117,6
1648,74,29,26,16,-2.2324393914305243,13
1649,106,10,62,5,-2.251724283686679,5
1650,50,14,6,7,-2.2618843791117285,7
1651,9,40,37,22,-2.262801557650182,18
1652,32,18,62,9,-2.2636867699003225,9
1653,32,13,20,7,-2.2751108005385445,6
1654,37,39,28,21,-2.310806744030662,18
1655,103,37,23,19,-2.3239729626949814,18
1656,94,11,41,6,-2.3275339532246493,5
1657,43,23,41,13,-2.3652994967791563,10
1658,79,12,14,7,-2.3879406631769813,5
1659,8,70,98,38,-2.395287014341326,32
1660,96,16,48,8,-2.4062454979760264,8
1661,88,10,51,5,-2.423478714202382,5
1662,107,10,108,5,-2.450119774343117,5
1663,86,45,65,24,-2.452827932503231,21
1664,38,40,41,21,-2.4535603181412866,19
1665,29,27,6,14,-2.45903121181426,13
1666,9,44,103,21,-2.4769487250437585,23
1667,62,15,37,8,-2.4789476689639174,7
1668,88,20,46,11,-2.479680823708157,9
1669,65,49,6,24,-2.47968083130177,25
1670,90,18,74,10,-2.492214654704721,8
1671,2,27,91,15,-2.4984888581051337,12
1672,107,19,10,11,-2.5109118621755364,8
1673,65,12,39,7,-2.5200231243215345,5
1674,16,14,44,6,-2.5225080391674344,8
1675,29,19,50,11,-2.525141516354553,8
1676,76,47,79,26,-2.526760719119433,21
1677,70,33,41,17,-2.5290882561404504,16
1678,49,10,63,5,-2.5291147398136253,5
1679,48,15,49,7,-2.544499155603262,8
1680,8,41,91,21,-2.5454365457229002,20
1681,54,46,74,23,-2.5564589244667184,23
1682,11,10,30,6,-2.5564825240632034,4
1683,23,28,111,14,-2.5579342826864977,14
1684,111,27,10,15,-2.561286831397376,12
1685,37,35,48,18,-2.564870406200917,17
1686,112,20,38,11,-2.5875581099779774,9
1687,28,42,20,24,-2.593665900848115,18
1688,29,33,98,17,-2.59917885596954,16
1689,107,24,49,12,-2.600438468942416,12
1690,54,57,98,29,-2.6147362809185486,28
1691,16,22,50,11,-2.6296518724374964,11
1692,11,26,28,15,-2.640034897702328,11
1693,84,17,109,9,-2.647899017987722,8
1694,30,25,111,13,-2.6528736151948067,12
1695,63,11,111,6,-2.656681768070538,5
1696,87,27,70,15,-2.659290912641029,12
1697,8,14,15,7,-2.6593953269851673,7
1698,98,49,111,27,-2.661784450073085,22
1699,28,75,65,41,-2.6625979331289433,34
1700,111,13,43,8,-2.669621436422116,5
1701,86,21,6,11,-2.6797895540068413,10
1702,49,18,32,9,-2.688514142434056,9
1703,5,17,98,9,-2.697919446116991,8
1704,9,44,48,25,-2.7118293842835715,19
1705,10,30,9,17,-2.725511572413539,13
1706,30,14,26,5,-2.7295268644643054,9
1707,29,14,23,8,-2.732572073895786,6
1708,55,11,5,5,-2.7381576090645208,6
1709,103,19,48,10,-2.7455190211302885,9
1710,104,26,79,16,-2.7673365522379703,10
1711,89,15,50,8,-2.767885417645722,7
1712,2,35,74,19,-2.7699253072024157,16
1713,80,14,65,7,-2.775329441168561,7
1714,107,48,84,27,-2.782324379499928,21
1715,91,28,54,13,-2.7878094760989365,15
1716,12,11,8,6,-2.8009343879230215,5
1717,65,55,38,30,-2.806589910357459,25
1718,23,21,54,12,-2.81871086484572,9
1719,20,45,54,26,-2.819354011011071,19
1720,98,20,73,11,-2.833203916772493,9
1721,48,21,13,13,-2.8372014191337267,8
1722,91,25,86,13,-2.8504751291410675,12
1723,74,40,79,24,-2.8525416412592173,16
1724,18,29,111,16,-2.859497108899379,13
1725,107,25,90,13,-2.870701985415053,12
1726,109,13,76,9,-2.877362605546446,4
1727,55,35,107,18,-2.8825505184723004,17
1728,76,22,111,10,-2.8888180973130924,12
1729,32,18,49,10,-2.892278990328854,8
1730,34,16,6,8,-2.8927905205883553,8
1731,20,23,91,13,-2.91310351812833,10
1732,41,36,29,19,-2.9244119186735795,17
1733,76,15,23,9,-2.940407468731348,6
1734,75,11,54,6,-2.9498939570669056,5
1735,107,24,18,14,-2.9539171100811985,10
1736,16,40,55,22,-2.959117368934495,18
1737,28,62,98,32,-2.9671996057671217,30
1738,74,18,85,10,-2.978897137377882,8
1739,109,11,57,7,-2.9843830658057695,4
1740,48,23,10,12,-2.998608536484347,11
1741,89,16,26,8,-3.0015441091670585,8
1742,65,15,51,8,-3.0024330188565416,7
1743,93,30,79,15,-3.0134454685677112,15
1744,55,38,84,21,-3.0154680558336096,17
1745,8,11,12,6,-3.0172474302587955,5
1746,16,18,38,9,-3.0174584469144037,9
1747,65,92,8,53,-3.0190450516035905,39
1748,37,12,51,7,-3.027883163660137,5
1749,44,14,9,6,-3.0418979222799787,8
1750,107,28,88,16,-3.04854210260548,12
1751,97,13,28,6,-3.0547375240563235,7
1752,55,15,70,8,-3.0551209872054277,7
1753,50,41,8,22,-3.0641915082186117,19
1754,41,15,106,8,-3.0700853502959746,7
1755,52,10,84,5,-3.070377905456948,5
1756,65,16,43,8,-3.0818646979565365,8
1757,79,56,41,30,-3.1072129437235954,26
1758,65,68,87,38,-3.1385094639330045,30
1759,38,36,79,20,-3.1386740959807797,16
1760,88,23,23,13,-3.1441600025036935,10
1761,90,10,1,5,-3.14882035881255,5
1762,98,54,16,30,-3.1532282189912895,24
1763,54,16,73,9,-3.1545899908135793,7
1764,94,12,2,7,-3.161881707979729,5
1765,8,18,14,10,-3.164886384508363,8
1766,8,14,44,9,-3.1679643082660283,5
1767,91,14,17,8,-3.16960980301192,6
1768,88,13,18,7,-3.1759771370815284,6
1769,75,15,111,7,-3.17685714011478,8
1770,28,26,62,16,-3.1835173498650757,10
1771,37,13,91,7,-3.1893915884876662,6
1772,86,20,90,10,-3.1994044596730675,10
1773,106,19,55,11,-3.2161809115675517,8
1774,26,37,79,21,-3.2224103393223973,16
1775,63,17,74,9,-3.228967223528296,8
1776,85,11,49,6,-3.234049059231714,5
1777,87,15,1,9,-3.235954063691745,6
1778,18,15,76,9,-3.237191989649946,6
1779,86,57,87,32,-3.2477421070354557,25
1780,8,26,51,15,-3.261457041476366,11
1781,65,30,73,17,-3.264498946198197,13
1782,98,11,59,6,-3.2664563544762517,5
1783,111,31,90,18,-3.267921695084226,13
1784,28,13,96,7,-3.29684538252642,6
1785,86,22,23,12,-3.3045595000103467,10
1786,29,21,2,12,-3.316924897230131,9
1787,79,42,91,24,-3.3169616233745067,18
1788,20,34,74,19,-3.3503190272282626,15
1789,51,28,28,15,-3.355622500473763,13
1790,57,18,79,9,-3.359905462693975,9
1791,23,20,91,11,-3.3618813048957485,9
1792,6,18,49,10,-3.361990920437636,8
1793,46,26,74,13,-3.371313920505697,13
1794,85,14,2,7,-3.3798876085075156,7
1795,13,14,76,7,-3.383197454645703,7
1796,15,16,65,8,-3.396313291786303,8
1797,74,22,37,12,-3.399169911921955,10
1798,6,12,57,8,-3.4000169565132334,4
1799,84,20,32,12,-3.403700726822616,8
1800,55,17,23,9,-3.4042950014279,8
1801,63,11,5,6,-3.4085669222936263,5
1802,28,54,111,30,-3.413874283084288,24
1803,17,32,65,18,-3.431569242866022,14
1804,57,12,86,6,-3.4531517504498637,6
1805,34,15,16,8,-3.4607811053926616,7
1806,79,51,10,25,-3.461171301661281,26
1807,35,22,76,13,-3.461651095947974,9
1808,79,62,86,34,-3.4620669692089745,28
1809,52,10,79,5,-3.4646554944881034,5
1810,55,14,1,8,-3.472860068937083,6
1811,51,13,9,7,-3.474433870184742,6
1812,2,21,29,11,-3.480852033637943,10
1813,88,83,65,47,-3.4906215086140375,36
1814,107,40,86,22,-3.495906112757183,18
1815,41,49,16,26,-3.501070366837183,23
1816,94,13,65,7,-3.505690987614661,6
1817,86,37,74,21,-3.508116306911024,16
1818,16,11,46,6,-3.5247066219075394,5
1819,26,33,111,19,-3.5276889460712058,14
1820,84,32,20,19,-3.5442833935533202,13
1821,49,18,79,11,-3.5482844650415624,7
1822,107,50,87,29,-3.564753035737441,21
1823,38,25,50,14,-3.5687465201033057,11
1824,2,68,28,37,-3.5905904493208856,31
1825,23,15,101,9,-3.591604516250614,6
1826,18,12,10,8,-3.6042571144804363,4
1827,16,78,28,43,-3.6054931182734364,35
1828,70,37,54,20,-3.6330290974610886,17
1829,107,12,37,6,-3.64300875752881,6
1830,86,69,84,39,-3.646519460187382,30
1831,111,63,79,37,-3.6508286574398943,26
1832,73,22,20,12,-3.6521774474687554,10
1833,30,24,91,12,-3.6530824425892696,12
1834,37,38,16,23,-3.6538134186570033,15
1835,6,16,34,9,-3.6598684680509215,7
1836,65,17,57,11,-3.66200460796526,6
1837,62,14,86,6,-3.6646334062582624,8
1838,87,16,104,10,-3.6754213405844434,6
1839,41,37,84,22,-3.7078264738122493,15
1840,10,14,32,9,-3.709056496740224,5
1841,16,26,63,14,-3.713147147954855,12
1842,87,10,60,5,-3.716219490276847,5
1843,38,22,84,13,-3.721558072111377,9
1844,28,57,74,30,-3.7233949828769197,27
1845,41,16,48,9,-3.723395209925695,7
1846,79,69,28,35,-3.724299799359697,34
1847,10,34,65,19,-3.7403807843221304,15
1848,23,25,74,13,-3.752262942687233,12
1849,18,12,57,8,-3.7525453734501912,4
1850,87,10,12,5,-3.754204850722502,5
1851,49,22,28,13,-3.761707702389012,9
1852,20,14,90,7,-3.770821594805764,7
1853,84,12,11,6,-3.7715362491408313,6
1854,55,15,57,7,-3.7814243990139826,8
1855,110,11,26,5,-3.781495457699158,6
1856,2,12,94,6,-3.7839850314965418,6
1857,103,12,110,7,-3.784927459031115,5
1858,96,20,86,11,-3.796153125975599,9
1859,18,15,93,8,-3.8000555745474087,7
1860,98,16,43,9,-3.8123705589147328,7
1861,62,39,8,21,-3.8203580499873464,18
1862,91,14,32,7,-3.8253106560348464,7
1863,106,27,8,14,-3.830734846664452,13
1864,49,16,17,9,-3.8354352643495577,7
1865,29,21,91,12,-3.840820511726981,9
1866,18,18,41,11,-3.84366102932153,7
1867,50,13,75,8,-3.8466761360616393,5
1868,75,20,8,11,-3.850513142182257,9
1869,34,12,23,6,-3.85388189935407,6
1870,49,14,38,7,-3.8551286140805963,7
1871,96,19,84,11,-3.868915602797706,8
1872,89,18,48,10,-3.8908343305777375,8
1873,18,58,28,32,-3.8928661283147465,26
1874,55,14,96,8,-3.8943089599625167,6
1875,54,16,94,8,-3.897800639878564,8
1876,9,30,26,15,-3.917115924375875,15
1877,74,22,43,13,-3.9345782455697673,9
1878,54,32,87,18,-3.9348055085863867,14
1879,112,10,91,5,-3.946754868280294,5
1880,73,22,6,11,-3.9476996189213933,11
1881,87,32,23,19,-3.956644400151879,13
1882,107,11,51,7,-3.957512100620035,4
1883,65,42,23,23,-3.9627458762007683,19
1884,9,11,14,7,-3.9753531338355614,4
1885,26,14,55,8,-3.9805474058369166,6
1886,10,13,104,7,-3.982341981798969,6
1887,98,34,87,20,-3.9852020639548185,14
1888,79,25,85,13,-3.9876442279891533,12
1889,79,33,23,17,-4.005580416521516,16
1890,103,50,79,29,-4.028559233170849,21
1891,2,19,26,10,-4.041871884320681,9
1892,98,23,109,13,-4.0431120330253485,10
1893,71,15,84,8,-4.046997354452872,7
1894,10,32,16,18,-4.051397029804468,14
1895,46,21,6,13,-4.0573986299655465,8
1896,10,41,2,24,-4.057775267216063,17
1897,75,10,65,6,-4.061741964132054,4
1898,50,38,98,20,-4.0751085970791365,18
1899,87,80,8,46,-4.0816485905608655,34
1900,2,63,98,35,-4.0864521676034835,28
1901,98,39,37,22,-4.11677597890711,17
1902,107,43,98,25,-4.125380340144849,18
1903,54,10,96,5,-4.140831046910959,5
1904,107,20,48,11,-4.142364220666589,9
1905,10,16,103,9,-4.145748166667432,7
1906,91,23,65,11,-4.15010120900014,12
1907,75,10,44,6,-4.15986118876275,4
1908,79,32,30,19,-4.168751842102488,13
1909,32,16,2,9,-4.169077635966493,7
1910,88,35,79,22,-4.181461707831637,13
1911,54,67,65,36,-4.184792592825603,31
1912,9,79,84,47,-4.204572431990677,32
1913,34,16,55,10,-4.2079020476799975,6
1914,62,19,16,11,-4.231831363925151,8
1915,85,19,8,10,-4.235296537690964,9
1916,8,11,97,7,-4.238412616249588,4
1917,49,13,18,7,-4.243576516469454,6
1918,98,39,6,23,-4.250381101594533,16
1919,2,66,8,35,-4.265068045066808,31
1920,55,48,111,26,-4.269858150255007,22
1921,79,35,54,19,-4.285387143638045,16
1922,84,48,98,27,-4.2905679880423575,21
1923,88,25,87,15,-4.293791057606331,10
1924,48,15,85,9,-4.305363268792187,6
1925,41,39,26,18,-4.308213459712551,21
1926,1,20,41,13,-4.310885836842604,7
1927,48,20,30,12,-4.312431377271299,8
1928,8,64,74,36,-4.313378932159928,28
1929,86,13,1,7,-4.323999323226734,6
1930,20,32,93,16,-4.34288408221688,16
1931,28,20,14,13,-4.343832047386856,7
1932,82,10,86,6,-4.344505387617904,4
1933,44,13,79,7,-4.356415433762269,6
1934,2,11,57,7,-4.360321050424336,4
1935,94,11,87,6,-4.375015437142172,5
1936,1,10,90,6,-4.375601097645208,4
1937,89,13,54,8,-4.375934710162814,5
1938,37,21,90,12,-4.378553555201821,9
1939,98,24,13,16,-4.385814205539817,8
1940,8,29,29,16,-4.386286441561601,13
1941,41,36,50,20,-4.39168406813968,16
1942,112,18,54,10,-4.392236178577868,8
1943,20,19,43,10,-4.407702920435093,9
1944,103,20,73,11,-4.408542656876506,9
1945,39,12,48,6,-4.409523912199052,6
1946,107,29,16,17,-4.421752842699686,12
1947,13,10,90,5,-4.435057658973358,5
1948,76,37,16,20,-4.451124010231458,17
1949,58,16,98,8,-4.454073647186219,8
1950,54,75,8,41,-4.459309093309462,34
1951,110,23,20,13,-4.46357978693552,10
1952,86,42,9,24,-4.471433189978506,18
1953,15,25,111,15,-4.472513123100842,10
1954,29,21,111,10,-4.484029622528673,11
1955,93,21,29,12,-4.498959392246701,9
1956,62,11,29,6,-4.502398822563125,5
1957,6,27,29,15,-4.503478704943507,12
1958,23,40,41,23,-4.507259861409941,17
1959,93,29,111,15,-4.510765206652467,14
1960,85,11,18,5,-4.514791288537011,6
1961,74,15,32,9,-4.519404747582117,6
1962,48,34,76,20,-4.519965051805255,14
1963,109,26,65,13,-4.522732343847644,13
1964,14,13,86,6,-4.523534843943031,7
1965,28,33,32,19,-4.541477323608219,14
1966,96,16,8,9,-4.548961209547797,7
1967,32,22,55,13,-4.5613058564845765,9
1968,9,37,2,20,-4.570200756721712,17
1969,48,15,17,8,-4.57243158960934,7
1970,20,17,17,9,-4.57611326270597,8
1971,15,10,86,5,-4.603054673648832,5
1972,65,74,93,42,-4.615421958229791,32
1973,39,12,84,6,-4.623193151581163,6
1974,87,11,68,6,-4.626141991098492,5
1975,104,23,16,13,-4.63379333705212,10
1976,6,25,23,14,-4.658156288767909,11
1977,79,21,29,12,-4.677275321651237,9
1978,75,15,87,8,-4.687330225449579,7
1979,76,23,107,13,-4.6882964758312475,10
1980,9,76,79,43,-4.699969329384482,33
1981,93,19,109,11,-4.710552248323455,8
1982,14,14,87,8,-4.712999134730353,6
1983,65,24,89,13,-4.719339811655218,11
1984,104,10,88,6,-4.74391725280927,4
1985,29,38,87,22,-4.756132257695764,16
1986,18,23,16,14,-4.770325303283745,9
1987,38,15,88,8,-4.775099664625832,7
1988,104,10,111,6,-4.78538385386756,4
1989,89,21,9,14,-4.786570717016552,7
1990,39,12,8,6,-4.79724581254077,6
1991,107,88,8,49,-4.800018264357139,39
1992,86,12,5,7,-4.81381674550665,5
1993,9,51,111,27,-4.814055936731913,24
1994,28,10,110,5,-4.821015306608336,5
1995,109,11,89,6,-4.829014520032646,5
1996,98,17,63,9,-4.83164172579367,8
1997,13,13,103,7,-4.835710066696813,6
1998,98,25,30,16,-4.849081372286935,9
1999,30,16,23,8,-4.860653795176971,8
2000,73,22,16,12,-4.863726239262454,10
2001,88,27,86,16,-4.870031949208747,11
2002,79,49,6,28,-4.8737468593544895,21
2003,9,27,62,16,-4.876428914210389,11
2004,26,29,74,16,-4.880620777148706,13
2005,10,32,98,18,-4.891232977697764,14
2006,6,41,54,26,-4.900522402213304,15
2007,5,11,65,6,-4.901615377921411,5
2008,86,29,50,17,-4.905965408994342,12
2009,20,56,87,32,-4.907847981488053,24
2010,103,11,46,6,-4.934914439873031,5
2011,48,45,79,25,-4.935456619955719,20
2012,79,41,50,22,-4.936718315955138,19
2013,20,37,111,20,-4.9479559141790075,17
2014,111,36,107,21,-4.95140635788508,15
2015,85,10,73,6,-4.960807319232127,4
2016,16,26,32,15,-4.9645961397192355,11
2017,59,10,10,5,-4.967497448599415,5
2018,48,36,6,20,-4.975910979277691,16
2019,20,10,89,6,-4.97640303815121,4
2020,34,20,107,11,-4.9931100930516905,9
2021,73,16,79,9,-5.012547822539443,7
2022,20,17,37,10,-5.013455001173632,7
2023,43,13,111,7,-5.0327903736846205,6
2024,103,36,107,21,-5.041185354126945,15
2025,63,17,39,10,-5.052516246166989,7
2026,79,54,87,29,-5.061728993049676,25
2027,41,16,59,9,-5.075333393683101,7
2028,50,18,18,10,-5.0868481750812755,8
2029,84,25,29,14,-5.0940460573640145,11
2030,48,10,70,6,-5.103393723771427,4
2031,48,39,86,23,-5.112975973260381,16
2032,87,44,16,25,-5.11331830769021,19
2033,107,32,74,19,-5.114440119847535,13
2034,18,21,103,12,-5.117263308095348,9
2035,28,59,107,32,-5.117941821875611,27
2036,91,31,87,18,-5.12269354596261,13
2037,111,11,63,6,-5.123399041237538,5
2038,89,29,41,17,-5.128070897369619,12
2039,63,33,84,20,-5.129653940093187,13
2040,98,46,20,27,-5.132482663658025,19
2041,20,47,8,28,-5.13696712403145,19
2042,87,26,103,15,-5.13844337309213,11
2043,28,25,46,15,-5.169959329978424,10
2044,84,24,73,16,-5.172867570272622,8
2045,84,39,23,22,-5.174802875601986,17
2046,8,29,30,18,-5.181741196459271,11
2047,62,15,104,9,-5.186101581217904,6
2048,57,10,111,6,-5.186942618450885,4
2049,57,17,16,9,-5.19096526263807,8
2050,93,16,16,9,-5.217988854591054,7
2051,108,10,48,7,-5.22187263856998,3
2052,107,12,80,8,-5.2313334715071065,4
2053,111,10,1,5,-5.238983537325088,5
2054,20,27,2,15,-5.25990692131025,12
2055,85,15,63,8,-5.266282773446651,7
2056,79,14,11,6,-5.27378465447808,8
2057,1,11,34,8,-5.278477611880212,3
2058,76,14,104,8,-5.288345369680408,6
2059,55,36,50,19,-5.2912924484406485,17
2060,103,30,17,18,-5.294404276815358,12
2061,9,29,13,18,-5.325424236776197,11
2062,71,11,54,7,-5.354693946074446,4
2063,66,11,65,6,-5.361243620827197,5
2064,6,13,89,8,-5.362805216014631,5
2065,41,66,8,36,-5.383353261881381,30
2066,20,27,6,14,-5.391516301598387,13
2067,28,10,19,6,-5.405282356849322,4
2068,41,35,73,20,-5.413974250069213,15
2069,38,26,20,15,-5.422962328602488,11
2070,20,18,94,11,-5.424401699040208,7
2071,76,42,88,23,-5.437759040300481,19
2072,23,16,109,10,-5.438260955948294,6
2073,87,22,90,14,-5.444051378748758,8
2074,38,25,30,13,-5.45936332609693,12
2075,9,109,65,63,-5.461957204247574,46
2076,38,35,54,21,-5.478565045653858,14
2077,54,26,46,16,-5.488919057139451,10
2078,1,18,16,10,-5.509796251872346,8
2079,63,13,50,8,-5.52883571318873,5
2080,65,86,20,51,-5.530261655453969,35
2081,55,38,86,21,-5.532299525559407,17
2082,55,19,74,10,-5.544677661719653,9
2083,74,39,111,22,-5.5496610770339405,17
2084,9,47,74,28,-5.561846570933356,19
2085,79,84,8,45,-5.56829082741472,39
2086,107,34,91,21,-5.572826502829578,13
2087,48,20,18,12,-5.575542543556777,8
2088,86,33,63,21,-5.581318246149038,12
2089,55,24,103,14,-5.588813975862993,10
2090,8,25,90,15,-5.599110471027085,10
2091,28,53,87,31,-5.603758596839017,22
2092,50,31,107,19,-5.610969484572729,12
2093,44,11,20,7,-5.615461510594531,4
2094,29,22,26,14,-5.630548836449718,8
2095,29,21,54,14,-5.631822731261375,7
2096,9,45,41,28,-5.6439057397283525,17
2097,9,31,90,18,-5.6527794565334615,13
2098,6,26,103,16,-5.659939287843899,10
2099,50,13,17,8,-5.662435030700867,5
2100,91,29,111,16,-5.664784285354977,13
2101,9,13,43,7,-5.682535108763632,6
2102,37,28,54,18,-5.684646340178298,10
2103,8,81,55,50,-5.710739769980387,31
2104,48,11,14,8,-5.715763459513543,3
2105,91,11,5,5,-5.724427643442397,6
2106,55,14,26,8,-5.738748859328644,6
2107,76,20,55,11,-5.742456288243527,9
2108,85,16,86,8,-5.7482266840141225,8
2109,9,29,38,16,-5.756435186772364,13
2110,76,28,87,17,-5.757877328308596,11
2111,9,24,49,15,-5.768934866939488,9
2112,79,14,51,8,-5.772506691008202,6
2113,54,18,32,11,-5.782610489553489,7
2114,73,14,26,7,-5.793757710550314,7
2115,94,12,8,7,-5.79404543544707,5
2116,88,31,84,19,-5.802269848860177,12
2117,109,19,34,11,-5.806108021230174,8
2118,84,17,89,11,-5.806364989397548,6
2119,48,30,63,18,-5.823156119933601,12
2120,51,11,2,6,-5.82458141989376,5
2121,37,14,46,8,-5.834073346635607,6
2122,84,12,104,7,-5.8358328973406115,5
2123,87,28,49,15,-5.837138934523044,13
2124,9,52,87,30,-5.867901198385371,22
2125,16,17,17,10,-5.868342075872026,7
2126,106,12,54,7,-5.869834053085394,5
2127,103,34,50,20,-5.870794196365225,14
2128,16,22,75,13,-5.8870983568444215,9
2129,80,14,54,8,-5.887942705727851,6
2130,18,12,86,7,-5.898212622367464,5
2131,37,33,76,21,-5.909024236467577,12
2132,108,11,74,6,-5.931216049633243,5
2133,18,27,98,16,-5.93123934771538,11
2134,9,38,50,22,-5.95791763717879,16
2135,10,25,89,15,-5.961935346068012,10
2136,49,23,8,13,-5.962799116224744,10
2137,20,13,80,7,-5.966103974184957,6
2138,34,10,17,6,-5.970863859166942,4
2139,50,37,87,22,-5.978280802307981,15
2140,23,18,2,10,-5.985551573396107,8
2141,28,35,90,21,-5.990386428247877,14
2142,107,17,30,11,-5.992050362775076,6
2143,77,10,49,5,-6.002993751357126,5
2144,91,18,38,10,-6.003578716041363,8
2145,91,48,98,26,-6.010481139866049,22
2146,98,27,26,14,-6.028495429489334,13
2147,86,13,35,9,-6.029699746849703,4
2148,88,21,20,13,-6.044952878900595,8
2149,87,15,11,9,-6.057945624861261,6
2150,89,25,79,16,-6.066359313406789,9
2151,20,18,50,10,-6.0890938736455045,8
2152,76,14,30,9,-6.105099986395525,5
2153,54,47,28,28,-6.133235347479538,19
2154,56,11,111,7,-6.133528731729063,4
2155,107,33,79,21,-6.134946595714035,12
2156,18,49,8,29,-6.162362513671736,20
2157,2,21,70,13,-6.1983449727647955,8
2158,66,11,2,7,-6.205381429919995,4
2159,108,14,16,8,-6.212630572758722,6
2160,16,70,8,43,-6.239959202008456,27
2161,48,17,2,9,-6.245081234312723,8
2162,54,36,88,21,-6.253469070522792,15
2163,87,24,38,15,-6.25648981898309,9
2164,50,23,111,14,-6.270457745960824,9
2165,44,15,111,9,-6.2820016152004,6
2166,98,42,23,26,-6.2940458772191406,16
2167,2,51,16,30,-6.303412388206122,21
2168,54,19,62,12,-6.312055934230411,7
2169,9,13,106,8,-6.321323922487702,5
2170,111,30,2,18,-6.328590766591992,12
2171,2,35,50,22,-6.328749232565399,13
2172,104,13,90,7,-6.344098112647823,6
2173,28,10,31,6,-6.368565836830035,4
2174,88,22,103,14,-6.368772240906126,8
2175,111,37,16,20,-6.384907661220798,17
2176,50,12,90,7,-6.396354579252059,5
2177,91,25,16,15,-6.409140256729834,10
2178,28,39,91,24,-6.4239322003561,15
2179,28,14,12,9,-6.429365216940005,5
2180,8,10,112,6,-6.439047583949824,4
2181,62,10,90,6,-6.4415032468905995,4
2182,109,34,8,20,-6.441539877112137,14
2183,54,34,55,22,-6.44530470292042,12
2184,86,30,30,21,-6.451687926786223,9
2185,9,101,8,58,-6.457930698678457,43
2186,86,16,32,9,-6.471177759830176,7
2187,48,11,23,6,-6.485113687277626,5
2188,48,18,50,10,-6.491842005255668,8
2189,8,35,32,20,-6.494741280760348,15
2190,9,36,73,21,-6.495953299248424,15
2191,28,34,103,20,-6.496510604338202,14
2192,18,25,87,16,-6.500921078177539,9
2193,62,13,17,8,-6.51109228837904,5
2194,70,14,103,7,-6.530155528635705,7
2195,57,18,23,10,-6.535348935161005,8
2196,70,18,79,9,-6.541994947083339,9
2197,54,11,14,7,-6.542365287655037,4
2198,41,54,28,30,-6.549671741224456,24
2199,73,22,74,13,-6.551050394072134,9
2200,68,25,8,14,-6.551836593531009,11
2201,8,41,37,24,-6.567307165665831,17
2202,6,19,30,13,-6.571810356539939,6
2203,55,14,104,8,-6.583244974495328,6
2204,20,18,106,9,-6.599002197801563,9
2205,20,17,34,11,-6.611592996870613,6
2206,16,21,90,12,-6.632184549525892,9
2207,17,14,91,8,-6.646960274535358,6
2208,79,27,34,15,-6.659864703175689,12
2209,107,14,85,10,-6.660562730066902,4
2210,49,16,74,9,-6.6690338705923,7
2211,9,24,18,14,-6.669379438735331,10
2212,2,14,15,8,-6.68122325045803,6
2213,65,66,16,38,-6.684000677334938,28
2214,20,29,86,17,-6.693647857631482,12
2215,37,18,55,11,-6.702819421850531,7
2216,62,18,79,10,-6.706683341972167,8
2217,54,25,49,14,-6.709179862826327,11
2218,9,25,29,14,-6.70933512946719,11
2219,74,11,89,6,-6.714017548400364,5
2220,74,35,16,22,-6.725326314137961,13
2221,111,14,13,9,-6.729510456907126,5
2222,41,36,2,23,-6.7322250741813585,13
2223,41,42,111,24,-6.742879314894576,18
2224,48,12,11,7,-6.772695558236367,5
2225,28,39,76,23,-6.80499505832736,16
2226,6,21,88,13,-6.808639243885848,8
2227,75,13,2,8,-6.811660824328116,5
2228,64,11,28,6,-6.82253762472366,5
2229,91,26,6,15,-6.823132237906975,11
2230,86,80,16,49,-6.828972768016331,31
2231,51,23,87,13,-6.849579899010746,10
2232,88,13,10,8,-6.861581534296264,5
2233,28,38,38,22,-6.8687841977025155,16
2234,76,44,86,25,-6.885744216665108,19
2235,87,11,89,7,-6.89032748453306,4
2236,84,29,70,17,-6.892839757543657,12
2237,68,18,65,10,-6.895924597371667,8
2238,85,22,28,13,-6.906329356345953,9
2239,74,12,57,8,-6.91760424242575,4
2240,17,14,90,8,-6.930186835428714,6
2241,88,17,106,11,-6.932281495700323,6
2242,68,10,73,6,-6.95394987102174,4
2243,101,11,79,6,-6.990861425930873,5
2244,8,18,46,11,-6.992942507225588,7
2245,6,19,90,11,-7.0034906221582,8
2246,28,11,35,7,-7.003809872399808,4
2247,34,29,84,19,-7.009777399581457,10
2248,91,26,103,13,-7.011657257024809,13
2249,65,18,34,10,-7.014904843879228,8
2250,93,48,8,30,-7.0175664395797135,18
2251,6,20,111,12,-7.01838566892247,8
2252,9,40,23,24,-7.023066131343451,16
2253,79,19,59,11,-7.0352036880537865,8
2254,2,19,90,11,-7.054899323538905,8
2255,106,18,74,10,-7.0562338073245074,8
2256,34,24,98,16,-7.069151815365415,8
2257,13,10,10,5,-7.08154547770926,5
2258,35,13,8,7,-7.091208332013396,6
2259,9,37,55,24,-7.097058915248293,13
2260,89,16,16,10,-7.102664218068734,6
2261,103,20,29,12,-7.147753101442872,8
2262,32,16,103,10,-7.165401001930772,6
2263,6,11,5,7,-7.175117705775805,4
2264,65,55,74,34,-7.183532944298815,21
2265,76,42,84,23,-7.185450456544011,19
2266,34,13,111,7,-7.201437198359538,6
2267,6,29,55,20,-7.216182147698299,9
2268,88,29,9,18,-7.216345472997156,11
2269,76,19,10,11,-7.223608714939963,8
2270,8,41,23,25,-7.226225929875295,16
2271,65,52,63,31,-7.2472092961796095,21
2272,103,49,98,31,-7.248745608369252,18
2273,93,12,11,6,-7.25823159220557,6
2274,2,32,107,19,-7.271923329419919,13
2275,73,10,30,6,-7.2752412959190496,4
2276,2,11,46,7,-7.277934272960428,4
2277,70,15,23,9,-7.277989111704888,6
2278,94,16,9,9,-7.284482029205993,7
2279,86,22,41,13,-7.286274520016925,9
2280,54,34,48,22,-7.286435330191923,12
2281,34,20,2,12,-7.293049000876174,8
2282,41,36,91,23,-7.3004596925352265,13
2283,10,21,54,13,-7.316914939103655,8
2284,103,16,10,9,-7.341759223830171,7
2285,112,11,98,6,-7.369695609954425,5
2286,88,24,37,15,-7.378135194639771,9
2287,8,12,94,7,-7.380839863701195,5
2288,49,13,41,9,-7.40613906742907,4
2289,75,13,41,7,-7.41688145074682,6
2290,9,13,75,9,-7.420012168869883,4
2291,48,54,8,33,-7.429286832624517,21
2292,37,24,23,15,-7.440544332640971,9
2293,65,71,111,40,-7.44315444932928,31
2294,85,10,70,6,-7.450454709233595,4
2295,23,10,104,6,-7.459802178175598,4
2296,91,37,74,22,-7.484617200527478,15
2297,54,37,93,25,-7.494158499009497,12
2298,38,24,2,13,-7.498014725943601,11
2299,87,19,43,12,-7.500187924124219,7
2300,2,17,37,10,-7.507204713409891,7
2301,87,36,93,22,-7.509765667200461,14
2302,38,10,34,6,-7.513274255260262,4
2303,63,10,93,6,-7.518390724784612,4
2304,54,28,103,16,-7.519450232339535,12
2305,76,21,91,13,-7.538547355116531,8
2306,84,33,93,21,-7.552169826266673,12
2307,74,29,93,19,-7.553419597688056,10
2308,76,36,98,22,-7.5726056514899485,14
2309,8,47,26,27,-7.578026285413298,20
2310,79,23,17,14,-7.583686995894435,9
2311,41,45,87,26,-7.5997473042409585,19
2312,28,40,6,25,-7.6079577597869825,15
2313,34,16,87,10,-7.640142491832505,6
2314,88,41,16,27,-7.651061867324183,14
2315,74,20,10,13,-7.659112863437717,7
2316,74,14,70,9,-7.664549718106508,5
2317,52,11,98,6,-7.667561966174594,5
2318,85,29,84,16,-7.6712088851898095,13
2319,59,11,23,7,-7.703199044299859,4
2320,112,21,20,13,-7.71897633781411,8
2321,85,14,111,9,-7.729378570457982,5
2322,9,37,107,20,-7.746230000984192,17
2323,74,19,17,11,-7.746897696537681,8
2324,109,15,103,10,-7.74806703390503,5
2325,48,15,34,9,-7.749875407653939,6
2326,109,13,29,8,-7.7648215544268036,5
2327,57,19,88,11,-7.788961359506542,8
2328,49,15,30,9,-7.795814319272768,6
2329,90,13,55,8,-7.804139466218974,5
2330,20,14,13,10,-7.832853357556729,4
2331,38,36,8,23,-7.848513446954377,13
2332,28,17,75,10,-7.8516397601466075,7
2333,49,18,20,11,-7.854535242795636,7
2334,9,49,54,30,-7.862767512170962,19
2335,12,11,74,6,-7.881335923893619,5
2336,9,30,109,18,-7.889736540676633,12
2337,13,14,49,8,-7.890029815709072,6
2338,86,12,46,8,-7.89231466244345,4
2339,88,27,74,18,-7.895683127849934,9
2340,54,17,90,10,-7.902652828657513,7
2341,29,13,10,8,-7.953877306686606,5
2342,23,18,50,10,-7.954175247735129,8
2343,63,12,108,8,-7.961424159154596,4
2344,86,27,111,16,-7.962255850113394,11
2345,9,10,71,6,-7.971373091011489,4
2346,37,12,109,7,-7.972273664149992,5
2347,107,14,46,10,-7.972447599312473,4
2348,34,16,41,9,-7.985588983079854,7
2349,46,12,29,8,-7.990068011062898,4
2350,41,15,90,9,-7.997737246515682,6
2351,28,27,13,18,-8.03408555040244,9
2352,74,11,13,7,-8.04867506694036,4
2353,2,36,84,22,-8.052052669667614,14
2354,8,22,13,14,-8.054761378395103,8
2355,13,12,6,7,-8.074590184679874,5
2356,10,15,30,10,-8.08039942607508,5
2357,9,72,16,47,-8.101395854046503,25
2358,9,14,19,8,-8.117304295019109,6
2359,28,31,10,21,-8.119129269340041,10
2360,109,18,107,11,-8.141176766481436,7
2361,51,19,54,11,-8.227410100820899,8
2362,16,10,26,6,-8.231874067384071,4
2363,8,17,1,10,-8.238012177466368,7
2364,17,14,111,8,-8.239799794462428,6
2365,8,30,17,19,-8.267140148743708,11
2366,58,12,65,6,-8.279172093518044,6
2367,41,18,76,11,-8.284971187696902,7
2368,59,17,9,11,-8.305936798720639,6
2369,2,12,13,8,-8.314885443127363,4
2370,103,45,41,31,-8.332714422601015,14
2371,89,27,28,16,-8.346076071500882,11
2372,65,14,1,9,-8.38534721300084,5
2373,109,26,20,18,-8.387495181698934,8
2374,89,11,90,7,-8.396796914570167,4
2375,37,12,50,7,-8.416115951188457,5
2376,10,21,73,14,-8.419335562342074,7
2377,84,69,16,42,-8.425985401928449,27
2378,1,21,98,14,-8.436557583367687,7
2379,6,26,74,17,-8.451739694728484,9
2380,56,13,8,9,-8.47665012859135,4
2381,98,30,49,18,-8.481939269224359,12
2382,48,36,65,23,-8.49186888095318,13
2383,68,19,20,11,-8.49950046367544,8
2384,34,26,8,17,-8.500284414546929,9
2385,9,36,20,24,-8.512483355525223,12
2386,73,19,50,11,-8.522877695723372,8
2387,103,24,26,14,-8.523036763842914,10
2388,9,25,32,16,-8.53109215537152,9
2389,76,10,11,6,-8.56044399501451,4
2390,10,18,93,12,-8.563863748489084,6
2391,2,12,58,8,-8.58540368974784,4
2392,107,22,29,15,-8.613463392470168,7
2393,66,14,84,9,-8.616861190106436,5
2394,48,50,84,30,-8.631355531302612,20
2395,51,13,18,8,-8.656621961728826,5
2396,32,26,65,16,-8.65722618752934,10
2397,86,10,34,6,-8.658891537816714,4
2398,68,15,98,11,-8.664988751550114,4
2399,75,11,48,8,-8.672815346664251,3
2400,76,57,8,36,-8.67576878999055,21
2401,28,45,93,28,-8.67647737011373,17
2402,46,11,16,7,-8.68716865467983,4
2403,9,37,91,23,-8.696151818842894,14
2404,6,27,16,16,-8.696725649896711,11
2405,62,16,76,8,-8.710475893988356,8
2406,30,13,88,7,-8.726017186809473,6
2407,63,10,41,7,-8.728275875066831,3
2408,65,20,70,13,-8.731970869068395,7
2409,20,35,55,21,-8.738108987978196,14
2410,37,24,30,16,-8.742074606758964,8
2411,20,51,107,30,-8.742146004286962,21
2412,76,38,74,24,-8.745244698836945,14
2413,38,15,32,10,-8.75452405688887,5
2414,104,11,74,7,-8.755909416771443,4
2415,65,12,14,8,-8.758437812649733,4
2416,20,53,41,35,-8.79255140026366,18
2417,28,30,104,20,-8.803667485704802,10
2418,93,24,23,14,-8.804783518097919,10
2419,76,10,29,7,-8.806443209825622,3
2420,85,11,10,6,-8.810276618143424,5
2421,84,11,64,6,-8.83326213103814,5
2422,11,19,98,12,-8.853737963747765,7
2423,79,26,32,17,-8.859137187931584,9
2424,94,17,98,11,-8.877059957058028,6
2425,39,11,86,6,-8.910603166031022,5
2426,50,11,112,7,-8.921235906620762,4
2427,110,20,107,12,-8.933567921834605,8
2428,111,18,48,12,-8.93792122942067,6
2429,46,19,111,12,-8.943973618396548,7
2430,18,19,74,12,-8.971261505798399,7
2431,86,21,11,12,-8.997792772186937,9
2432,44,11,84,7,-9.017421120510093,4
2433,20,21,16,12,-9.048801936450998,9
2434,16,12,15,8,-9.05960662342551,4
2435,32,12,26,7,-9.09769401619869,5
2436,112,23,6,14,-9.097888193162195,9
2437,57,11,2,6,-9.107338089684553,5
2438,94,14,28,9,-9.114148559760048,5
2439,43,24,8,15,-9.183295995535126,9
2440,54,46,111,29,-9.235401744617302,17
2441,62,21,84,13,-9.235845718439357,8
2442,79,25,18,15,-9.249685178872355,10
2443,50,12,110,8,-9.25251740175268,4
2444,84,20,17,13,-9.25697489923984,7
2445,50,14,43,9,-9.27474781724881,5
2446,86,20,38,14,-9.280969369301586,6
2447,91,20,63,12,-9.29114563881072,8
2448,109,18,55,12,-9.29390246159377,6
2449,107,13,13,9,-9.307281354536356,4
2450,108,11,86,7,-9.320443832368007,4
2451,75,19,79,13,-9.342561498216151,6
2452,65,44,2,30,-9.368977622196773,14
2453,8,14,59,9,-9.376826871718674,5
2454,73,20,86,13,-9.377152492619757,7
2455,30,22,55,13,-9.385734127086305,9
2456,86,42,37,26,-9.397445130908768,16
2457,35,17,48,11,-9.405686959524614,6
2458,10,11,57,7,-9.432674751481889,4
2459,52,10,16,7,-9.438956723678409,3
2460,87,27,30,18,-9.441306317195094,9
2461,106,25,79,15,-9.449526024247783,10
2462,11,15,106,11,-9.458751603990255,4
2463,86,19,64,12,-9.463737237263311,7
2464,84,17,18,11,-9.480131506018989,6
2465,19,11,103,7,-9.481054864710421,4
2466,58,11,6,7,-9.489496457414932,4
2467,86,11,13,7,-9.494734946605222,4
2468,76,23,15,15,-9.503739473265108,8
2469,87,52,55,34,-9.570647582408675,18
2470,65,21,60,13,-9.571951123571171,8
2471,85,25,16,16,-9.572199671326333,9
2472,89,22,23,14,-9.576875474490599,8
2473,107,18,43,12,-9.57800148756219,6
2474,65,60,98,39,-9.578885579734806,21
2475,70,18,30,12,-9.585226013483616,6
2476,62,20,41,13,-9.588548331059112,7
2477,79,23,13,16,-9.591838813280079,7
2478,50,17,91,12,-9.605985015453989,5
2479,41,27,55,16,-9.622531787318458,11
2480,18,10,46,7,-9.6369429103627,3
2481,62,26,98,16,-9.641858129313675,10
2482,86,21,10,14,-9.65589885739765,7
2483,38,32,29,21,-9.681299801122256,11
2484,91,27,2,16,-9.694693742662338,11
2485,103,36,111,23,-9.751404731703087,13
2486,103,42,8,29,-9.755203687685839,13
2487,73,18,2,11,-9.793100713864773,7
2488,91,17,93,11,-9.794639196057782,6
2489,80,11,84,7,-9.807434273803766,4
2490,29,23,74,14,-9.809319437063767,9
2491,76,25,54,15,-9.82196620742167,10
2492,96,15,65,9,-9.851177535683915,6
2493,65,31,26,19,-9.884073914474246,12
2494,50,14,10,9,-9.907166966632534,5
2495,80,10,74,6,-9.9186261964452,4
2496,17,13,87,8,-9.92299839057508,5
2497,75,10,103,6,-9.92764617859353,4
2498,70,11,93,7,-9.928875321549777,4
2499,18,14,55,9,-9.949790942140542,5
2500,32,30,111,18,-9.962416908002066,12
2501,38,24,111,15,-9.966212518632437,9
2502,23,20,90,13,-9.96715448150969,7
2503,34,17,76,11,-9.994247540573088,6
2504,9,76,28,47,-10.023356561504345,29
2505,34,14,37,9,-10.040882054419711,5
2506,30,10,13,7,-10.045810992896937,3
2507,79,36,20,24,-10.072644372220651,12
2508,96,16,16,11,-10.104952891587164,5
2509,10,30,84,19,-10.110326059838856,11
2510,74,29,103,20,-10.120878103689181,9
2511,86,36,2,24,-10.124329978938412,12
2512,65,23,110,15,-10.151511833678441,8
2513,50,18,93,11,-10.176089661409483,7
2514,38,10,60,6,-10.186949801542625,4
2515,6,16,26,11,-10.241752287967037,5
2516,9,29,17,19,-10.257069894218064,10
2517,71,10,88,7,-10.263450457417434,3
2518,87,10,39,6,-10.267299551613329,4
2519,91,17,55,12,-10.270858068285028,5
2520,106,12,6,7,-10.289436711507506,5
2521,34,11,106,7,-10.32438568875219,4
2522,9,23,34,14,-10.326274877348238,9
2523,2,24,55,15,-10.348250415358317,9
2524,50,24,65,16,-10.363532140430609,8
2525,9,14,11,9,-10.376796972581591,5
2526,76,21,70,14,-10.3832919130965,7
2527,17,10,29,7,-10.39598522715346,3
2528,75,10,98,7,-10.422827528026357,3
2529,76,21,46,15,-10.423738421119205,6
2530,2,11,63,7,-10.44197984386537,4
2531,66,12,79,9,-10.448674909094285,3
2532,85,13,88,9,-10.474485947559346,4
2533,79,37,26,23,-10.48182801922156,14
2534,8,17,110,12,-10.493443474648162,5
2535,48,20,90,13,-10.529740615590345,7
2536,32,12,6,8,-10.5718983874489,4
2537,41,39,54,26,-10.593430312504074,13
2538,5,17,87,11,-10.594673728658039,6
2539,101,10,65,6,-10.616476001261296,4
2540,109,14,106,9,-10.63700694173572,5
2541,58,13,38,9,-10.642287291889899,4
2542,44,35,6,22,-10.67278245600393,13
2543,41,14,37,9,-10.69447624326301,5
2544,103,50,65,34,-10.69843242130798,16
2545,85,10,91,5,-10.702453755941068,5
2546,88,16,73,11,-10.709173893318198,5
2547,66,12,107,8,-10.732234223681386,4
2548,18,14,23,10,-10.769319649937687,4
2549,23,16,17,11,-10.781653305644483,5
2550,28,27,63,18,-10.785011363380397,9
2551,38,13,48,9,-10.806930719021558,4
2552,41,48,98,30,-10.835326353590224,18
2553,86,18,49,10,-10.913471544367308,8
2554,11,20,55,14,-10.941457837852141,6
2555,20,38,26,25,-10.94603615247926,13
2556,43,10,30,7,-10.958461383133036,3
2557,56,10,87,7,-10.97544493784176,3
2558,6,14,38,10,-11.005398790381081,4
2559,54,33,63,21,-11.018616590157572,12
2560,110,12,98,8,-11.026999619900332,4
2561,103,13,13,8,-11.054952217566056,5
2562,16,20,30,14,-11.05670639382778,6
2563,6,30,87,20,-11.079517220381964,10
2564,74,17,34,11,-11.09572000448517,6
2565,37,19,93,13,-11.13537305772806,6
2566,89,15,8,10,-11.136544141609958,5
2567,88,38,98,27,-11.14860741726199,11
2568,28,10,15,7,-11.176545961741331,3
2569,44,18,65,11,-11.219859746185271,7
2570,2,11,97,7,-11.226466198459859,4
2571,29,21,30,13,-11.231145218657787,8
2572,6,29,107,19,-11.291567068221694,10
2573,2,10,39,6,-11.302944205280658,4
2574,54,15,11,10,-11.306071170308833,5
2575,103,22,2,16,-11.358008021341288,6
2576,48,17,20,12,-11.362684990472752,5
2577,20,13,46,7,-11.398397116124533,6
2578,41,20,17,15,-11.462467383182341,5
2579,28,17,43,12,-11.503038032270851,5
2580,70,28,16,20,-11.54427586863591,8
2581,7,10,107,7,-11.561152440630659,3
2582,109,22,38,15,-11.561969316834697,7
2583,102,16,65,10,-11.565057266886953,6
2584,109,12,63,9,-11.567490331771888,3
2585,13,18,16,12,-11.568229122492735,6
2586,18,16,65,11,-11.593628436717696,5
2587,103,26,30,18,-11.594512781464298,8
2588,85,10,93,7,-11.596564222959241,3
2589,88,15,32,11,-11.622595612385652,4
2590,15,17,98,11,-11.628891195956705,6
2591,55,18,10,11,-11.634204977110194,7
2592,93,13,73,9,-11.6698926319616,4
2593,1,15,93,11,-11.687642643688712,4
2594,75,13,93,8,-11.701725422413729,5
2595,20,13,18,8,-11.715025972179685,5
2596,62,13,70,8,-11.719880801732709,5
2597,26,15,23,10,-11.729655071897735,5
2598,79,10,15,7,-11.756403792330063,3
2599,98,18,104,11,-11.758094591275455,7
2600,107,14,1,9,-11.758251767033554,5
2601,46,14,26,9,-11.785571142877396,5
2602,103,29,93,19,-11.801085216233043,10
2603,109,14,50,9,-11.809368464557789,5
2604,9,11,58,8,-11.82226661915616,3
2605,62,15,23,11,-11.828374088275872,4
2606,37,17,85,13,-11.836833776252561,4
2607,108,10,55,7,-11.84620249489241,3
2608,17,26,28,18,-11.85039633513082,8
2609,109,14,43,9,-11.866460109925436,5
2610,87,44,26,29,-11.871386146117102,15
2611,1,11,9,7,-11.88637849875501,4
2612,17,13,18,8,-11.905263091036245,5
2613,13,18,84,11,-11.93552825650072,7
2614,104,16,54,11,-11.957642578801543,5
2615,65,22,49,14,-11.960634834980652,8
2616,109,19,74,12,-11.981116452380181,7
2617,98,44,55,31,-12.014844861377815,13
2618,70,11,29,8,-12.030336124564109,3
2619,30,15,93,10,-12.041707290163442,5
2620,6,18,18,12,-12.078104024118801,6
2621,112,11,79,8,-12.089617166544242,3
2622,109,15,91,10,-12.09037191037832,5
2623,103,11,58,8,-12.093407699535737,3
2624,18,12,91,8,-12.136074421735435,4
2625,70,11,46,7,-12.148478328293923,4
2626,41,20,93,15,-12.152619394683914,5
2627,109,11,10,7,-12.166039484484626,4
2628,79,26,63,18,-12.168358353062546,8
2629,41,24,32,15,-12.295470101415006,9
2630,26,12,93,8,-12.342400061412198,4
2631,97,11,9,7,-12.349501112253755,4
2632,75,17,55,12,-12.363049153810543,5
2633,71,13,98,9,-12.38994380161308,4
2634,57,24,8,16,-12.404593522046598,8
2635,23,18,20,13,-12.419097927334022,5
2636,62,22,93,15,-12.439036445917942,7
2637,50,17,30,11,-12.478426478717187,6
2638,52,11,86,8,-12.486992442062455,3
2639,84,14,15,10,-12.488568021465507,4
2640,48,12,104,9,-12.498145078794368,3
2641,66,15,8,11,-12.57730249455607,4
2642,98,25,32,17,-12.60897292614075,8
2643,8,12,3,9,-12.625631089351694,3
2644,50,19,32,12,-12.634950501359127,7
2645,103,33,20,24,-12.666531668869954,9
2646,70,18,107,12,-12.682033904752588,6
2647,90,11,73,8,-12.699639901607055,3
2648,54,12,39,8,-12.719289008108058,4
2649,111,21,73,14,-12.761253099258202,7
2650,9,38,93,27,-12.813603627591082,11
2651,109,28,54,19,-12.824426413749991,9
2652,17,14,86,10,-12.845058614378045,4
2653,48,17,51,13,-12.926828220690846,4
2654,62,24,55,16,-12.942821418799412,8
2655,43,18,55,12,-13.012921035450152,6
2656,106,16,84,10,-13.040132240831975,6
2657,9,24,30,17,-13.086601208658113,7
2658,41,30,107,19,-13.154593566297324,11
2659,103,11,43,7,-13.18571482888933,4
2660,76,18,63,14,-13.201852709762095,4
2661,86,21,70,14,-13.225585159799158,7
2662,88,15,70,11,-13.239318163348512,4
2663,89,10,58,7,-13.242354787086834,3
2664,109,24,26,17,-13.281044125686407,7
2665,73,12,89,8,-13.292782754035754,4
2666,87,23,106,17,-13.308885646669513,6
2667,62,12,30,8,-13.325811773490164,4
2668,91,10,112,7,-13.34887289439105,3
2669,73,15,13,10,-13.471561712276635,5
2670,62,27,107,18,-13.491527071908129,9
2671,38,23,74,15,-13.50724395592576,8
2672,37,20,111,13,-13.57504840749371,7
2673,48,25,74,16,-13.587471048043238,9
2674,43,17,26,13,-13.59933768355571,4
2675,51,11,34,8,-13.651998737020612,3
2676,68,13,50,10,-13.666588424464432,3
2677,9,22,46,14,-13.704965755925164,8
2678,13,10,37,7,-13.71058873552403,3
2679,109,12,88,9,-13.730907256228043,3
2680,71,20,8,13,-13.739907398566018,7
2681,73,16,38,10,-13.771113964229546,6
2682,8,12,77,9,-13.772928583045534,3
2683,43,14,93,10,-13.775006273083642,4
2684,109,16,86,11,-13.838248765872814,5
2685,50,11,26,8,-13.83833866908602,3
2686,109,12,70,9,-13.902253335630233,3
2687,54,27,30,19,-13.923397923845725,8
2688,107,35,26,27,-13.95146533006327,8
2689,85,14,30,10,-14.008346410378737,4
2690,11,12,39,10,-14.155306479721046,2
2691,112,15,28,10,-14.162036513146953,5
2692,9,21,57,16,-14.205802139668362,5
2693,8,10,60,7,-14.262033464961128,3
2694,70,12,90,9,-14.290264472561063,3
2695,91,11,46,8,-14.304066831342237,3
2696,88,12,26,8,-14.385453144142543,4
2697,48,16,93,12,-14.392053755515036,4
2698,109,23,32,16,-14.41108162475205,7
2699,50,11,104,8,-14.41968696280469,3
2700,38,26,55,18,-14.425488233223774,8
2701,20,26,29,18,-14.478890408494554,8
2702,107,18,32,14,-14.610219857623699,4
2703,13,14,88,8,-14.636848081546901,6
2704,59,14,65,9,-14.654063925888893,5
2705,9,18,63,12,-14.674068481980965,6
2706,93,11,90,7,-14.682520064465665,4
2707,62,11,49,7,-14.691411076024673,4
2708,38,25,93,17,-14.706979782976546,8
2709,5,13,37,10,-14.756162408233527,3
2710,17,11,93,8,-14.792328082005685,3
2711,11,12,50,9,-14.803596907153391,3
2712,2,14,18,10,-14.812014364125073,4
2713,88,19,90,13,-14.848820731417785,6
2714,41,13,13,9,-14.878152444409187,4
2715,37,15,57,11,-15.067776643574774,4
2716,40,14,84,9,-15.139436492633186,5
2717,18,11,90,8,-15.206260273523743,3
2718,28,26,26,19,-15.211295764909368,7
2719,20,20,62,15,-15.291234725709051,5
2720,6,31,2,22,-15.303923962237263,9
2721,23,24,10,16,-15.417351314064488,8
2722,70,17,63,12,-15.423330820666749,5
2723,46,11,11,7,-15.493173401134078,4
2724,106,18,16,13,-15.530666511008812,5
2725,59,10,16,6,-15.561569445873218,4
2726,73,12,29,9,-15.669782329836792,3
2727,38,15,17,11,-15.678044683298898,4
2728,79,15,46,10,-15.695062063539162,5
2729,85,10,26,7,-15.738951593013217,3
2730,76,11,93,8,-15.758858341227866,3
2731,62,31,111,23,-15.780695907166118,8
2732,66,14,6,11,-15.817538028688281,3
2733,20,18,63,13,-15.832253743781482,5
2734,76,21,2,15,-15.887194817597921,6
2735,63,17,37,12,-15.955493748739714,5
2736,66,12,28,8,-16.011877124422657,4
2737,91,12,90,8,-16.09870244517901,4
2738,65,25,30,19,-16.220777761486307,6
2739,37,14,17,9,-16.224073122382876,5
2740,85,14,87,11,-16.255207936397188,3
2741,103,11,59,8,-16.266656443008642,3
2742,103,13,62,9,-16.299156500586875,4
2743,96,10,49,7,-16.466804604951104,3
2744,55,13,39,9,-16.616243530697464,4
2745,69,13,26,10,-16.625965123271836,3
2746,41,10,69,7,-16.634275461416582,3
2747,9,13,5,10,-16.7060467975664,3
2748,109,31,41,26,-16.84086997358483,5
2749,23,15,73,11,-16.845082586610527,4
2750,15,12,38,9,-16.880495720481193,3
2751,76,15,57,11,-16.896472051992507,4
2752,54,13,26,8,-16.93978716229654,5
2753,109,17,73,13,-17.085641782719854,4
2754,73,12,48,9,-17.09396402486424,3
2755,107,11,106,9,-17.096950891147813,2
2756,48,11,106,9,-17.19233016351013,2
2757,28,10,39,8,-17.27449614311299,2
2758,89,10,37,8,-17.418835616565143,2
2759,49,19,88,15,-17.53203455274144,4
2760,110,10,41,9,-17.607251464829996,1
2761,109,32,87,24,-17.701039370075176,8
2762,9,11,64,8,-17.70787325437998,3
2763,85,14,20,11,-17.836149714961593,3
2764,73,12,107,9,-18.009767759901283,3
2765,10,15,38,12,-18.015221595889397,3
2766,52,11,28,9,-18.175295847774855,2
2767,109,34,28,26,-18.178105729133527,8
2768,87,13,58,11,-18.244104920146572,2
2769,46,10,50,8,-18.256849690438127,2
2770,1,19,10,15,-18.36953895818594,4
2771,7,13,79,10,-18.40480150019194,3
2772,91,15,34,11,-18.43501821510385,4
2773,6,15,109,11,-18.568483421277442,4
2774,38,24,26,18,-18.614524044017738,6
2775,85,14,55,10,-18.845042881625936,4
2776,28,20,57,16,-18.9179767971545,4
2777,75,16,88,13,-18.956526305212517,3
2778,16,17,49,13,-19.10499490357724,4
2779,29,12,110,10,-19.248543702222975,2
2780,12,11,6,7,-19.32835940292554,4
2781,38,14,43,10,-19.328461951187712,4
2782,10,19,20,15,-19.474906343573682,4
2783,71,13,62,12,-19.577656350343144,1
2784,109,17,111,13,-19.61874690588408,4
2785,30,12,46,9,-19.658771905767804,3
2786,50,15,62,12,-19.69258957665125,3
2787,10,13,41,11,-19.737157878272868,2
2788,103,10,34,9,-19.87880862427678,1
2789,98,12,51,9,-20.0679948728163,3
2790,109,12,110,10,-20.16933250309851,2
2791,10,10,17,8,-20.222695302818984,2
2792,37,11,18,9,-20.496733536799674,2
2793,104,10,37,8,-20.681486856575923,2
2794,71,11,28,10,-20.69712045611149,1
2795,110,14,74,11,-20.875047711546735,3
2796,50,13,106,11,-20.98575703707352,2
2797,46,22,87,17,-21.04519202673363,5
2798,70,25,111,19,-21.761941281988644,6
2799,44,11,17,9,-22.072912946241182,2
2800,76,13,90,9,-22.485125782733952,4
2801,94,10,84,9,-22.762013140609877,1
2802,10,10,26,8,-22.77202326046866,2
2803,41,13,57,11,-23.156162131875274,2
2804,97,10,65,7,-23.53209680517744,3
2805,86,15,103,13,-23.967936503754764,2
2806,10,11,63,9,-24.09658997724639,2
2807,89,11,55,9,-24.169792122479972,2
2808,112,11,74,9,-24.423385588541223,2
2809,49,11,26,8,-26.831812890773925,3
2810,43,10,91,10,-27.34458455824453,0
2811,80,10,28,9,-27.409264067569126,1
2812,65,11,64,9,-27.72714931249874,2
2813,107,11,19,10,-27.89299298473576,1
