,againstHero,games,hero,losses,shift,wins
0,90,11,23,1,28.300961743533684,10
1,75,15,77,2,25.509874365270075,13
2,41,14,4,4,25.49518204204923,10
3,49,10,112,1,24.460078908180627,9
4,19,10,107,0,24.226623453768696,10
5,73,12,97,3,24.10757303293757,9
6,27,10,69,2,23.704204091949634,8
7,71,12,112,2,23.507799276651657,10
8,44,10,55,2,23.361076236430034,8
9,2,14,51,3,23.236324904468606,11
10,4,11,8,1,23.177905083651492,10
11,30,17,36,1,23.15986767669618,16
12,27,21,9,4,23.07230652184508,17
13,10,10,28,1,23.03135332069283,9
14,15,13,9,3,22.928409220421134,10
15,100,25,65,3,22.417652768002984,22
16,91,11,97,2,22.276396914355818,9
17,34,11,51,2,22.213174768846972,9
18,23,13,17,2,21.59864600416367,11
19,86,15,58,3,21.50384076763655,12
20,34,10,97,2,21.449947297008155,8
21,25,13,4,2,21.42004260246313,11
22,104,16,91,1,21.319718278752113,15
23,90,17,51,2,21.316832661511135,15
24,7,10,84,2,21.17364400986741,8
25,55,17,33,3,21.027735426652754,14
26,78,13,112,3,20.936079403637276,10
27,55,11,38,2,20.87506721402826,9
28,30,10,79,2,20.824119521738705,8
29,48,11,35,2,20.438098241934792,9
30,43,12,91,2,20.29321965959792,10
31,75,13,3,2,20.269434346658137,11
32,111,11,75,3,20.02641187481709,8
33,4,15,54,2,20.02505777330617,13
34,53,28,9,6,19.93974090037054,22
35,20,13,112,2,19.929098585759142,11
36,95,12,32,2,19.760326388824463,10
37,90,10,68,2,19.75244962865367,8
38,99,14,18,3,19.290873438644514,11
39,47,10,112,3,19.05098189885603,7
40,98,13,4,2,18.936498509144613,11
41,2,10,11,2,18.923084797888755,8
42,87,15,81,5,18.824930184196745,10
43,99,17,28,4,18.754584808369174,13
44,27,10,12,2,18.745339188817162,8
45,16,15,77,3,18.527051782521912,12
46,65,14,33,3,18.51276218041885,11
47,49,10,81,3,18.504867259421538,7
48,5,10,18,2,18.464269170029823,8
49,30,14,77,3,18.43097958565835,11
50,109,10,103,3,18.37872283171988,7
51,62,10,31,3,18.377852941958043,7
52,55,15,43,2,18.330276358916958,13
53,30,15,31,5,18.11699342281865,10
54,41,16,71,3,18.08946308130621,13
55,58,12,68,3,17.99999433156734,9
56,69,11,57,2,17.903713317642495,9
57,111,11,114,3,17.846918134233796,8
58,32,17,88,4,17.82459413467382,13
59,69,10,8,2,17.824588271872045,8
60,30,18,5,3,17.81053305502534,15
61,30,14,69,4,17.765258614983445,10
62,5,11,3,4,17.694163901939547,7
63,13,19,83,4,17.652916390105933,15
64,90,27,28,6,17.576354024280796,21
65,110,11,83,2,17.575104905290946,9
66,16,10,67,2,17.493350405648194,8
67,23,14,18,4,17.468338798211544,10
68,51,19,81,6,17.43897437062157,13
69,15,21,39,4,17.42156046310767,17
70,45,10,43,3,17.339723268429022,7
71,35,10,106,3,17.319051156851785,7
72,100,13,68,4,17.287141142351707,9
73,63,12,35,3,17.190706154289504,9
74,27,22,5,6,17.18696709990766,16
75,49,14,69,4,17.144708838601282,10
76,51,13,10,3,17.10096027286803,10
77,114,25,109,5,17.093936819354333,20
78,53,18,50,5,17.001925465006988,13
79,34,12,87,3,16.987810368259346,9
80,77,16,50,3,16.97319460562341,13
81,38,10,31,4,16.97274158238424,6
82,104,13,38,4,16.932665821816894,9
83,106,13,31,4,16.86539107583447,9
84,38,14,97,3,16.838290194315167,11
85,95,14,30,4,16.836817117204568,10
86,1,10,76,3,16.815372977495876,7
87,75,18,69,4,16.79312367014116,14
88,50,13,68,4,16.739560938672486,9
89,60,12,112,3,16.723990551091106,9
90,87,10,19,3,16.682250206717093,7
91,30,12,41,4,16.67014747818193,8
92,101,10,36,2,16.6279467044195,8
93,104,12,79,4,16.610032165830475,8
94,39,13,112,4,16.608495951273387,9
95,14,15,55,3,16.464885141480416,12
96,11,25,25,5,16.429746187224733,20
97,95,14,71,5,16.392856882688648,9
98,47,10,15,3,16.295058176377424,7
99,53,21,69,6,16.247322250303586,15
100,30,22,13,7,16.24126600025946,15
101,65,18,58,5,16.230092308358206,13
102,4,13,45,4,16.22176504033788,9
103,7,15,19,3,16.201774042939142,12
104,28,15,112,4,16.11349662694645,11
105,41,18,5,6,16.05037708250146,12
106,98,16,31,5,16.004000710168853,11
107,14,13,63,4,15.961958621197992,9
108,80,13,70,2,15.901333417895936,11
109,76,11,91,2,15.872477419459232,9
110,99,18,39,4,15.84878961626863,14
111,48,10,70,3,15.796496446665468,7
112,8,16,77,4,15.792942369486319,12
113,15,10,37,2,15.78269510258246,8
114,48,10,25,3,15.782340463377466,7
115,62,17,63,5,15.764032245306241,12
116,75,10,35,2,15.755761764469415,8
117,93,16,96,4,15.733194627661211,12
118,37,14,77,4,15.73169378416834,10
119,80,12,35,3,15.72406211872363,9
120,75,13,80,3,15.718052052365534,10
121,8,13,1,3,15.702434313684373,10
122,95,19,68,3,15.650860272181013,16
123,90,13,97,4,15.621888085765939,9
124,106,11,85,3,15.60573196351404,8
125,23,20,5,5,15.563915929412016,15
126,104,12,31,4,15.561592201078605,8
127,25,11,14,2,15.536643242754739,9
128,89,10,106,4,15.508251121091039,6
129,86,16,52,4,15.506556487763946,12
130,104,18,2,6,15.503443707499333,12
131,100,13,60,3,15.468043250681323,10
132,73,25,107,8,15.460672720698525,17
133,49,14,25,4,15.43786379260084,10
134,11,10,71,3,15.386871545741162,7
135,107,18,99,5,15.347683777553831,13
136,49,19,60,5,15.34016466894574,14
137,91,11,65,3,15.248119768267996,8
138,61,15,68,4,15.24709195978541,11
139,41,14,12,4,15.231681493254909,10
140,27,11,35,3,15.129282720135883,8
141,48,12,9,3,15.097519161061681,9
142,19,11,13,3,15.079444977391654,8
143,61,15,7,5,15.062720453324896,10
144,69,14,31,5,15.039257334356927,9
145,25,18,99,5,15.014737107768298,13
146,45,10,75,2,15.003649946946844,8
147,95,21,17,5,14.970865650802967,16
148,9,16,104,5,14.915937256999364,11
149,76,13,60,2,14.892670155328526,11
150,8,10,108,2,14.883275708091887,8
151,30,17,91,4,14.854653528597783,13
152,55,11,85,3,14.836765173492136,8
153,41,21,9,6,14.805256847596036,15
154,18,12,37,3,14.803594606441186,9
155,32,14,106,3,14.741977351969275,11
156,63,16,3,3,14.714932525465596,13
157,56,12,107,4,14.703414597955643,8
158,16,42,31,12,14.686484334749888,30
159,14,11,97,2,14.634263785488013,9
160,15,11,55,2,14.630800697849656,9
161,50,12,99,4,14.581629542155014,8
162,73,12,37,4,14.533349572792922,8
163,13,12,2,4,14.516038794033767,8
164,45,18,51,5,14.493324057948724,13
165,34,12,25,3,14.468789684868277,9
166,73,10,2,3,14.457830254043136,7
167,44,12,5,3,14.447481002517355,9
168,80,11,14,4,14.435345395194508,7
169,40,10,83,2,14.347262135245902,8
170,7,27,77,8,14.33556677589385,19
171,80,18,50,4,14.309192739594003,14
172,46,11,102,3,14.30749471315205,8
173,34,12,37,3,14.30057126443514,9
174,30,11,11,3,14.29951613613078,8
175,74,21,60,7,14.268042080973931,14
176,91,28,60,9,14.219487017087326,19
177,63,11,66,3,14.209916362631539,8
178,71,18,54,6,14.183245475418028,12
179,91,10,71,3,14.063234581200414,7
180,40,29,77,8,14.048771071022596,21
181,114,18,83,5,13.959074384580724,13
182,40,24,71,7,13.948125771645659,17
183,23,11,83,3,13.9232349355535,8
184,2,16,54,4,13.913344645570438,12
185,11,13,83,3,13.863860744018647,10
186,57,16,63,6,13.810752926681854,10
187,43,12,9,4,13.800780824161127,8
188,97,11,112,2,13.794615799527321,9
189,109,10,36,2,13.76618884634921,8
190,47,22,60,6,13.763300022789732,16
191,80,13,39,4,13.744061353836228,9
192,63,14,33,4,13.733555706081617,10
193,54,11,58,4,13.723463958291575,7
194,87,12,52,4,13.717025989199326,8
195,63,25,31,7,13.714594813504092,18
196,104,14,44,4,13.703910249073422,10
197,39,10,97,3,13.662889543825607,7
198,93,12,46,3,13.65474091099076,9
199,81,15,94,6,13.59005711274676,9
200,74,11,103,3,13.53565105452587,8
201,78,10,1,3,13.511302040012387,7
202,34,10,70,3,13.500624883981928,7
203,98,11,46,4,13.482621473195683,7
204,93,10,90,3,13.452391800759148,7
205,102,17,55,5,13.448934349992445,12
206,25,12,32,5,13.427877456338663,7
207,74,18,62,5,13.411803700884374,13
208,26,15,86,4,13.377068508342035,11
209,55,11,32,4,13.36363963009391,7
210,34,11,20,3,13.36206244645375,8
211,16,18,83,5,13.351235477213141,13
212,78,16,51,6,13.341291870311672,10
213,30,22,54,6,13.323976347634606,16
214,100,12,112,4,13.302851040311163,8
215,64,19,106,6,13.295192075566398,13
216,49,12,77,3,13.281163183221421,9
217,7,12,99,4,13.274517260788409,8
218,102,31,5,10,13.269431869962297,21
219,80,15,88,5,13.263947598977518,10
220,95,23,11,6,13.26328800508424,17
221,11,39,96,12,13.25258237771624,27
222,95,36,88,11,13.24512473637818,25
223,8,16,41,4,13.244566662838952,12
224,108,13,60,4,13.225499906177388,9
225,50,16,46,6,13.220197801431311,10
226,27,25,60,6,13.218976933527705,19
227,48,26,54,8,13.218100464174018,18
228,36,18,54,6,13.217744798273172,12
229,34,16,8,5,13.162445537556675,11
230,95,28,37,7,13.149042342745604,21
231,53,15,77,5,13.125923769197524,10
232,51,13,112,4,13.12503322058542,9
233,83,10,70,4,13.118339150755117,6
234,71,12,38,3,13.11375866950239,9
235,30,29,39,9,13.10113473228172,20
236,104,38,46,12,13.083570903140268,26
237,27,26,36,9,13.042063327238692,17
238,58,12,39,3,13.038608389876652,9
239,27,29,65,9,13.035250514579241,20
240,27,12,114,4,13.009570993376595,8
241,44,13,39,4,12.955209040520206,9
242,108,11,39,4,12.95101632457721,7
243,41,13,92,4,12.929503950347241,9
244,40,22,17,6,12.90898046932079,16
245,98,12,75,4,12.900340980932176,8
246,17,14,71,5,12.8655606787438,9
247,27,19,109,7,12.854514856980066,12
248,2,20,65,5,12.841827331353704,15
249,49,20,104,6,12.812277987885736,14
250,104,20,27,5,12.796343894614777,15
251,7,12,79,4,12.7579472840455,8
252,54,12,81,4,12.757047966098476,8
253,95,10,36,3,12.746346244298937,7
254,33,14,106,4,12.736963404825662,10
255,109,10,22,3,12.73637855263929,7
256,76,10,49,3,12.730664919589284,7
257,8,16,36,5,12.721597845881664,11
258,111,16,88,4,12.710530076381987,12
259,15,19,18,5,12.69776862546919,14
260,98,24,87,7,12.694500945202563,17
261,16,15,32,5,12.664143019872137,10
262,48,14,5,4,12.657719903594751,10
263,34,19,28,5,12.632536354451823,14
264,13,69,31,22,12.62995012343029,47
265,80,34,63,10,12.572385685987726,24
266,57,27,5,8,12.572003913811171,19
267,75,27,5,10,12.535083552437033,17
268,13,63,88,19,12.51982913028671,44
269,104,11,35,4,12.510382448223591,7
270,7,16,76,6,12.49941002448646,10
271,17,16,60,5,12.448164416078779,11
272,36,17,50,7,12.423703215189779,10
273,64,23,9,6,12.391246669177535,17
274,100,17,88,5,12.37809055432869,12
275,67,12,97,3,12.35346782744064,9
276,87,13,33,4,12.350753088118475,9
277,100,22,54,7,12.349967715760691,15
278,75,11,12,4,12.349857549218326,7
279,111,13,51,4,12.302448210462586,9
280,107,23,35,6,12.292793992800663,17
281,87,10,35,4,12.264853365777977,6
282,91,23,39,7,12.232573714352018,16
283,11,21,70,6,12.22505126846703,15
284,74,32,28,10,12.211034505860946,22
285,78,11,106,3,12.210243252742755,8
286,28,10,53,3,12.208997945331086,7
287,7,24,96,6,12.185718391591626,18
288,2,22,70,8,12.153236389251056,14
289,80,13,13,5,12.146905118225318,8
290,18,11,20,3,12.14564787914046,8
291,92,12,63,5,12.136993324985582,7
292,98,27,96,9,12.125771968912133,18
293,100,31,51,13,12.11891302681655,18
294,1,21,31,8,12.094663220680305,13
295,88,16,29,5,12.083806084198883,11
296,41,20,53,6,12.033617238867736,14
297,55,18,68,5,12.021329423509217,13
298,1,12,104,4,12.020108292717422,8
299,49,10,27,3,12.01055997009829,7
300,39,15,38,5,11.983149837399365,10
301,95,27,18,9,11.951490678023532,18
302,92,15,86,5,11.933731151246336,10
303,46,23,106,9,11.922619928802634,14
304,93,13,11,3,11.901577910299338,10
305,90,18,104,6,11.89837391797068,12
306,107,12,10,4,11.793904653306294,8
307,8,21,40,6,11.791921402372775,15
308,104,19,71,7,11.784281392964672,12
309,16,18,47,6,11.770587154395855,12
310,55,37,1,11,11.76903355576794,26
311,34,10,48,3,11.721604635677128,7
312,91,13,96,4,11.692854193124042,9
313,53,12,46,4,11.691208139075002,8
314,76,10,108,3,11.689376602430274,7
315,18,12,1,3,11.656493402808342,9
316,78,17,107,5,11.64562231980435,12
317,55,11,103,3,11.639657223031874,8
318,75,32,54,11,11.638197745741712,21
319,33,15,50,5,11.568332857311571,10
320,111,10,71,3,11.563837134119533,7
321,49,10,15,3,11.54727068179138,7
322,87,29,9,11,11.545859379034649,18
323,74,15,76,6,11.544600382799558,9
324,86,12,94,4,11.54407414297375,8
325,37,44,54,14,11.514339123049963,30
326,69,10,91,4,11.501202941557144,6
327,6,10,55,2,11.480199964282336,8
328,53,39,88,12,11.468278466574699,27
329,41,12,28,4,11.455962851607183,8
330,47,14,81,4,11.445134927289029,10
331,98,10,88,3,11.438021992981463,7
332,1,18,54,6,11.434068336265456,12
333,64,17,104,5,11.423286049235612,12
334,114,39,106,13,11.417874917507987,26
335,29,10,95,3,11.401888238693152,7
336,76,23,35,8,11.396918545348738,15
337,41,10,96,2,11.395654048565303,8
338,4,11,38,3,11.395009854616484,8
339,28,13,52,5,11.390219996371501,8
340,43,15,53,4,11.385837645609968,11
341,37,14,27,4,11.378309035824227,10
342,60,13,29,5,11.371173035745986,8
343,69,15,28,6,11.351855367268074,9
344,84,10,60,2,11.347879767103896,8
345,77,20,51,7,11.333764666726038,13
346,48,23,96,7,11.32304165734682,16
347,80,10,79,4,11.30670069299901,6
348,30,15,70,6,11.30291408800561,9
349,80,10,5,3,11.295210617596885,7
350,29,10,86,3,11.288307199014056,7
351,98,23,63,8,11.268443265371468,15
352,86,14,103,5,11.266539954551964,9
353,90,12,48,4,11.252381363492233,8
354,87,29,70,11,11.250414739740135,18
355,40,13,81,4,11.249205674756393,9
356,86,18,72,6,11.245438259267337,12
357,95,28,51,8,11.244919045567018,20
358,114,12,62,4,11.242008485847649,8
359,76,27,68,6,11.237056803999655,21
360,16,19,94,6,11.236807003120548,13
361,46,20,96,8,11.223825219116966,12
362,73,13,51,4,11.219804453521853,9
363,98,18,106,6,11.217270403208776,12
364,79,13,87,3,11.211504341364096,10
365,89,11,1,4,11.209011069389932,7
366,6,12,61,4,11.200388242698187,8
367,91,10,109,3,11.192740070217315,7
368,30,15,46,5,11.187097177578687,10
369,43,16,4,6,11.162760468553993,10
370,74,13,32,4,11.101664191982366,9
371,78,13,80,4,11.097915766170063,9
372,34,12,30,4,11.074025628614608,8
373,99,11,11,4,11.04788337752713,7
374,87,26,114,10,11.046799663049546,16
375,32,12,114,4,11.045874107216177,8
376,15,13,71,4,11.00914391321026,9
377,38,10,54,3,10.990145608410517,7
378,50,37,88,13,10.986958086725295,24
379,9,15,47,5,10.968614103246173,10
380,15,10,53,3,10.953947902365101,7
381,75,14,53,5,10.951715748098703,9
382,23,12,91,5,10.949067409142136,7
383,109,13,31,4,10.938945271577337,9
384,27,14,64,4,10.925557497140753,10
385,73,17,5,6,10.907383059794872,11
386,100,11,46,4,10.904685887838546,7
387,63,41,88,12,10.89220871689106,29
388,111,21,41,8,10.875724405637953,13
389,71,16,77,5,10.872072685026803,11
390,108,22,70,7,10.841065136029917,15
391,48,25,107,9,10.827629447931269,16
392,104,27,77,9,10.795670361212093,18
393,55,25,91,7,10.791612827626562,18
394,36,14,35,4,10.78250796990051,10
395,59,11,7,3,10.771239818059199,8
396,23,13,45,4,10.7635908991577,9
397,28,18,68,5,10.756755636959523,13
398,13,17,98,5,10.744670761259274,12
399,23,20,39,7,10.742827162036496,13
400,37,15,60,6,10.721994289598655,9
401,54,11,111,3,10.714143810197228,8
402,43,13,36,5,10.713552025008548,8
403,20,25,51,10,10.704829023043489,15
404,51,25,74,7,10.704030149650722,18
405,23,14,12,5,10.685853401881314,9
406,5,25,98,9,10.66291868554062,16
407,2,22,106,8,10.65269372009429,14
408,30,20,64,7,10.642272986004784,13
409,18,37,39,12,10.64044716457482,25
410,16,12,101,4,10.622717697482882,8
411,7,31,91,9,10.609100286101588,22
412,75,15,38,4,10.597530026810052,11
413,75,51,7,17,10.587695481592943,34
414,11,24,84,8,10.563882323195871,16
415,57,17,39,6,10.56321086550771,11
416,63,44,28,14,10.536882161036063,30
417,7,10,66,4,10.534532214717435,6
418,30,10,52,3,10.532362440897717,7
419,71,19,97,6,10.5235339621969,13
420,102,10,17,3,10.521913643472294,7
421,89,14,37,6,10.519274673853001,8
422,75,13,102,4,10.50135368794083,9
423,67,11,107,3,10.497709880226342,8
424,16,41,18,13,10.487903979595947,28
425,23,12,77,4,10.472073733658851,8
426,43,17,31,9,10.463118168786075,8
427,30,17,18,6,10.4602198646646,11
428,6,10,31,4,10.459894630543896,6
429,49,10,62,3,10.4539945527009,7
430,95,14,9,6,10.448151730885066,8
431,110,11,7,5,10.422576579231729,6
432,41,10,3,2,10.384048456655098,8
433,106,16,93,6,10.37915501513517,10
434,16,23,1,6,10.375674453583683,17
435,104,13,81,6,10.361322759461329,7
436,86,24,79,8,10.35909536994434,16
437,16,24,69,9,10.35499456222355,15
438,1,17,63,7,10.344681903521664,10
439,37,13,1,5,10.342164269053148,8
440,41,13,17,4,10.309292898735405,9
441,64,17,112,5,10.299926352587223,12
442,74,21,39,8,10.295229479000922,13
443,15,14,51,5,10.286699632762666,9
444,40,13,78,3,10.282455211399137,10
445,71,10,84,3,10.279461085413814,7
446,97,11,35,3,10.275101346884464,8
447,34,12,104,4,10.27427919250402,8
448,77,12,99,3,10.252199704478638,9
449,67,16,106,6,10.252161434234207,10
450,7,43,25,14,10.249875265637385,29
451,57,26,107,9,10.245745583810688,17
452,16,31,9,10,10.230243119676485,21
453,11,36,37,12,10.20717474941383,24
454,98,15,2,6,10.198603389321667,9
455,71,13,33,4,10.195530501937561,9
456,97,41,37,14,10.190687502541845,27
457,89,13,104,5,10.17868688184359,8
458,40,11,69,3,10.175676528085834,8
459,114,44,65,16,10.151241381752921,28
460,92,10,109,3,10.132066653367776,7
461,46,14,70,5,10.128652016947743,9
462,65,11,57,4,10.12755736675403,7
463,8,20,15,8,10.121581558030638,12
464,8,10,35,3,10.118762046100299,7
465,50,20,102,8,10.118106239071224,12
466,53,36,36,11,10.114732824687987,25
467,107,15,83,5,10.114574167697794,10
468,89,11,74,4,10.093150392265771,7
469,40,23,3,7,10.087421551229513,16
470,79,12,106,4,10.079963228120917,8
471,110,10,28,4,10.06674072061994,6
472,54,12,57,3,10.066024134547122,9
473,78,15,7,6,10.038018876034005,9
474,70,12,29,5,10.037060199943541,7
475,11,14,18,5,10.031989827572826,9
476,75,12,57,4,10.001839571130395,8
477,95,25,65,9,9.987438820754939,16
478,17,14,9,5,9.976727315177728,9
479,73,18,88,6,9.974203425238965,12
480,39,11,14,4,9.93222041799205,7
481,47,15,86,5,9.922697319770093,10
482,95,10,2,3,9.920312629990502,7
483,25,14,3,5,9.907996037168818,9
484,46,21,39,9,9.870396281158962,12
485,63,34,91,11,9.863803572303501,23
486,30,16,63,6,9.842696842263113,10
487,36,15,104,6,9.838970168079866,9
488,104,25,75,9,9.822163907084754,16
489,90,14,39,5,9.813134332006268,9
490,62,10,93,4,9.798162399200404,6
491,37,24,83,9,9.783726366978417,15
492,8,24,57,8,9.760841373483045,16
493,20,27,84,8,9.752482123804997,19
494,100,19,39,7,9.73316298515931,12
495,13,12,112,5,9.727864777009707,7
496,63,23,109,9,9.72382995808271,14
497,58,14,13,4,9.687344315616338,10
498,100,19,87,8,9.686243494464469,11
499,53,12,38,4,9.664145468055217,8
500,100,12,71,4,9.66068752031631,8
501,111,16,63,6,9.656549842780759,10
502,8,31,114,10,9.648827129690279,21
503,65,22,29,9,9.643319235535328,13
504,100,17,63,7,9.628829836647935,10
505,64,43,60,14,9.623458774306034,29
506,70,17,109,6,9.623350653501726,11
507,76,16,9,5,9.621504571842449,11
508,99,14,8,6,9.61106559286031,8
509,25,23,68,8,9.604572732889517,15
510,8,13,53,4,9.596286006275326,9
511,58,15,69,6,9.58014802435262,9
512,100,14,43,6,9.569290027183786,8
513,13,24,97,9,9.567486234498416,15
514,16,61,106,20,9.564448025087364,41
515,81,13,63,5,9.541818568077552,8
516,20,32,25,11,9.520523686179052,21
517,90,14,80,4,9.509239360264802,10
518,114,13,2,5,9.509158562417847,8
519,37,22,99,7,9.502759058160713,15
520,75,17,43,5,9.501415277619836,12
521,37,29,7,11,9.500511382222342,18
522,107,17,66,6,9.469730190602778,11
523,18,23,8,7,9.454085269321482,16
524,32,11,63,4,9.44232166344675,7
525,78,12,53,5,9.436495389192622,7
526,30,36,107,13,9.432629370650437,23
527,64,14,92,7,9.432471863302014,7
528,83,14,74,6,9.43011849323839,8
529,50,35,20,12,9.430020370132222,23
530,86,37,76,13,9.404159373470087,24
531,86,15,56,5,9.396795900031623,10
532,84,10,3,4,9.385748847208339,6
533,76,17,39,5,9.374915521858481,12
534,35,13,45,6,9.365578608940048,7
535,109,16,39,4,9.356347251836707,12
536,23,12,50,3,9.354699302165745,9
537,98,10,48,3,9.346073134818257,7
538,16,46,96,14,9.342765312407817,32
539,16,22,76,10,9.339094465816046,12
540,69,11,18,4,9.335540134815123,7
541,50,17,70,7,9.316243790355681,10
542,75,34,8,11,9.310281336500847,23
543,110,12,107,4,9.307853181235298,8
544,2,13,55,5,9.306518823595622,8
545,7,12,10,4,9.299775482452409,8
546,63,19,77,6,9.291814452323939,13
547,75,13,93,5,9.279825087560205,8
548,53,17,12,7,9.27312011933641,10
549,89,10,53,4,9.260052844451385,6
550,86,23,81,7,9.257929816451894,16
551,65,13,66,4,9.24629898792323,9
552,112,11,68,4,9.24524103096979,7
553,51,11,92,5,9.243838066928689,6
554,60,29,50,12,9.2413218599569,17
555,15,10,76,4,9.241288842836553,6
556,2,31,107,11,9.235597195463594,20
557,64,15,37,5,9.227089681457187,10
558,27,15,4,6,9.214915067697104,9
559,75,16,109,5,9.210222247325481,11
560,11,17,57,7,9.206442600524502,10
561,2,12,40,4,9.204153353273352,8
562,73,17,40,6,9.199997222971483,11
563,15,30,88,9,9.176202112652083,21
564,41,15,49,6,9.171912615870818,9
565,40,15,102,6,9.171373555966685,9
566,92,15,40,5,9.168940871834318,10
567,27,12,30,5,9.159316291712274,7
568,50,43,5,17,9.156049369840707,26
569,104,18,17,7,9.118260519592532,11
570,63,41,84,16,9.103134071079266,25
571,78,11,8,3,9.100292733336452,8
572,48,11,51,5,9.079697327016948,6
573,95,34,8,13,9.079209474058969,21
574,29,16,87,5,9.069488850517308,11
575,20,15,98,5,9.068391127675763,10
576,114,11,12,5,9.067821568235523,6
577,87,25,41,9,9.055565219146258,16
578,58,10,112,4,9.041979275484929,6
579,17,19,55,8,9.039765747912266,11
580,75,40,50,13,9.025452808659388,27
581,48,23,87,8,9.021568034700334,15
582,5,15,36,6,9.008614310253613,9
583,47,20,114,8,8.969382880850322,12
584,64,15,43,6,8.968369384777382,9
585,28,11,32,4,8.963821007682872,7
586,53,35,31,14,8.960751757551133,21
587,69,17,68,7,8.951691444155669,10
588,20,18,41,7,8.950378265153477,11
589,11,13,80,5,8.941133144462878,8
590,73,12,31,4,8.938919570135752,8
591,104,14,84,6,8.932998314387538,8
592,11,10,91,3,8.923724837318142,7
593,110,19,25,6,8.917701672558222,13
594,109,32,8,13,8.913990428825272,19
595,89,15,107,5,8.908975430626485,10
596,95,18,114,7,8.907938896760854,11
597,70,17,57,8,8.906737604649802,9
598,27,14,53,4,8.906298436748038,10
599,87,26,91,9,8.88711273267609,17
600,28,30,114,12,8.875783073761175,18
601,100,12,17,3,8.85264429268078,9
602,32,15,87,5,8.84415502943487,10
603,63,19,36,7,8.822881427312195,12
604,63,28,76,9,8.821395394022662,19
605,16,69,39,26,8.818344521722508,43
606,36,18,47,6,8.810892372607714,12
607,106,12,108,4,8.792855982281736,8
608,7,19,46,6,8.788211094177631,13
609,106,23,18,8,8.778191080978742,15
610,23,32,60,11,8.764024699210452,21
611,76,11,18,4,8.75490295148128,7
612,15,17,107,5,8.746601719039075,12
613,38,14,106,7,8.74501943352997,7
614,104,23,11,8,8.742484307216115,15
615,39,35,88,13,8.74018182363142,22
616,51,45,63,18,8.740070603704455,27
617,58,10,45,4,8.721721801464442,6
618,100,20,25,8,8.712871143074373,12
619,63,15,102,6,8.710165699989911,9
620,96,10,3,4,8.709326138906567,6
621,30,10,2,4,8.704387763563812,6
622,110,14,39,4,8.694421097429624,10
623,77,16,88,6,8.678317130754186,10
624,81,12,3,4,8.666352335190863,8
625,41,38,86,13,8.653956346098063,25
626,102,32,86,11,8.651776846078937,21
627,13,16,6,6,8.62792533539333,10
628,90,22,50,8,8.598522697494,14
629,15,13,75,4,8.597300929966654,9
630,60,23,69,10,8.59340779680834,13
631,40,15,49,6,8.588514005098899,9
632,16,27,64,9,8.58005648719111,18
633,95,23,55,8,8.575006509864881,15
634,36,10,19,4,8.57197936901591,6
635,78,11,36,4,8.552435160203329,7
636,12,13,106,4,8.530975907772834,9
637,7,43,87,15,8.520807538202282,28
638,63,17,4,6,8.51204265071513,11
639,63,17,69,5,8.506537399631053,12
640,91,10,45,4,8.504304930616431,6
641,61,14,60,6,8.502669551258707,8
642,94,10,37,3,8.495177713557318,7
643,75,56,68,19,8.48370722934506,37
644,60,20,12,10,8.478087405935288,10
645,27,24,31,11,8.47388346565531,13
646,16,100,88,35,8.471564313243901,65
647,90,21,65,9,8.468020439085363,12
648,95,14,96,5,8.45037398259218,9
649,80,30,107,10,8.450019757222567,20
650,96,24,70,11,8.437417991026262,13
651,55,20,114,7,8.432483182241098,13
652,73,19,90,7,8.424101991862472,12
653,48,21,79,8,8.423308200700252,13
654,64,20,8,7,8.418575329228204,13
655,50,18,18,8,8.415632395108501,10
656,68,24,91,10,8.412577437061728,14
657,91,19,20,8,8.407006886407046,11
658,109,18,34,7,8.4009207796274,11
659,67,10,104,4,8.393331116483226,6
660,6,10,46,4,8.386722378353735,6
661,45,21,107,8,8.374668953212842,13
662,28,33,75,12,8.362065140682944,21
663,11,11,9,4,8.359525570926444,7
664,7,22,5,8,8.357081514884824,14
665,65,34,93,14,8.350774120379102,20
666,13,45,36,16,8.340727615472174,29
667,30,13,90,5,8.325698662002965,8
668,7,16,57,7,8.31505464677608,9
669,13,38,18,15,8.311558918244636,23
670,102,17,88,5,8.307899790454732,12
671,18,22,97,8,8.29806548281246,14
672,3,23,39,8,8.2942343998063,15
673,90,31,106,10,8.283845461248372,21
674,41,18,91,6,8.276671952774393,12
675,100,15,55,7,8.275270908208638,8
676,44,28,86,10,8.273917321239946,18
677,75,12,76,5,8.269580351796622,7
678,50,34,55,14,8.268886532039616,20
679,37,12,14,5,8.266467835075433,7
680,40,49,55,18,8.264830770768937,31
681,41,19,109,6,8.25191645501863,13
682,89,12,16,5,8.242329112388783,7
683,106,16,81,7,8.234635443757194,9
684,69,21,106,8,8.230262561693124,13
685,91,15,54,6,8.224193238953289,9
686,11,24,109,8,8.196422948591085,16
687,104,35,60,10,8.183651908443375,25
688,68,16,17,5,8.18046788735624,11
689,108,13,98,5,8.179403178791242,8
690,60,15,97,7,8.171952563449574,8
691,68,11,33,4,8.166895131198165,7
692,75,12,29,5,8.144839094845086,7
693,20,16,9,6,8.121821018750522,10
694,81,15,16,5,8.120114808218235,10
695,43,19,86,6,8.120011929937796,13
696,114,14,57,5,8.115945976762234,9
697,1,22,65,9,8.101857330353239,13
698,86,20,4,7,8.098499996816944,13
699,8,61,5,24,8.080732178020162,37
700,110,16,97,6,8.077466293642946,10
701,87,25,53,11,8.07726427006638,14
702,93,24,28,8,8.070916880531737,16
703,9,30,31,11,8.059796732295995,19
704,9,11,12,4,8.058955245687951,7
705,73,19,7,8,8.049715087137763,11
706,30,24,60,7,8.029670464815947,17
707,114,11,81,5,8.029159474636774,6
708,64,27,51,10,8.025421551592801,17
709,102,19,96,7,7.9956311609664965,12
710,13,16,70,6,7.990308468406848,10
711,96,10,23,4,7.990228863607195,6
712,15,16,54,7,7.990113178125118,9
713,15,14,87,6,7.9871826221688895,8
714,5,28,84,11,7.986435375626319,17
715,12,12,4,4,7.976222296376225,8
716,65,25,5,10,7.967561696591304,15
717,86,46,39,19,7.966218612463481,27
718,30,38,65,14,7.9498712802636,24
719,73,17,87,5,7.942207150258419,12
720,27,13,77,5,7.939137496569419,8
721,54,14,43,6,7.938994815987671,8
722,78,15,63,7,7.936609127814031,8
723,77,12,64,6,7.9282827223690555,6
724,33,16,20,6,7.928062438364485,10
725,107,27,31,13,7.922256861744877,14
726,28,19,17,7,7.913140586881612,12
727,88,10,82,4,7.912578083642496,6
728,38,12,18,5,7.9056762271381755,7
729,13,57,106,21,7.903462974878785,36
730,50,26,71,10,7.901963818656761,16
731,45,29,7,11,7.898910111724257,18
732,98,16,71,6,7.889615378391535,10
733,70,15,69,5,7.8892362038055985,10
734,114,26,39,11,7.88570624894725,15
735,92,20,39,8,7.878862062646908,12
736,55,17,23,8,7.871570609888838,9
737,44,12,35,5,7.859665557157517,7
738,106,26,91,9,7.859341034872018,17
739,27,34,88,15,7.839183444170464,19
740,63,57,54,21,7.834983225160246,36
741,92,12,27,5,7.832860841882918,7
742,8,17,98,6,7.8322640771965775,11
743,86,83,51,35,7.813532735246285,48
744,75,21,49,8,7.802050873504809,13
745,114,12,110,4,7.80031681097971,8
746,50,15,48,5,7.798532000224024,10
747,15,19,65,7,7.793928827079966,12
748,69,11,97,4,7.781192287695094,7
749,92,14,114,4,7.774797164908212,10
750,10,14,86,6,7.764445720347282,8
751,53,11,73,4,7.756297558195456,7
752,37,49,25,20,7.755599308877524,29
753,40,63,68,22,7.752246342623857,41
754,84,24,39,9,7.748470893977124,15
755,73,13,54,5,7.746921178252216,8
756,104,36,25,15,7.742559807869425,21
757,63,10,52,4,7.736846011905835,6
758,54,14,76,5,7.722451793722613,9
759,69,10,109,4,7.709222479752556,6
760,46,13,64,5,7.701785189637151,8
761,40,39,104,14,7.699889638025223,25
762,53,17,108,8,7.691782047867256,9
763,1,10,112,5,7.690624824586812,5
764,111,25,7,10,7.69032342577198,15
765,5,32,11,12,7.687442157533876,20
766,76,37,51,13,7.668100625661309,24
767,37,24,96,10,7.665844925696509,14
768,86,24,1,9,7.654184049540344,15
769,70,11,60,4,7.6464357490262,7
770,108,20,88,7,7.642505031143237,13
771,97,29,5,10,7.639418302115124,19
772,96,22,80,8,7.6325568595370585,14
773,18,20,36,8,7.5949028785012285,12
774,80,30,55,13,7.593416164771855,17
775,20,15,90,6,7.5926874674698235,9
776,58,18,88,7,7.5880987725104365,11
777,46,12,77,5,7.574271980014295,7
778,34,14,5,4,7.5706698448560905,10
779,13,10,84,3,7.562323454159971,7
780,33,11,23,4,7.562255793226968,7
781,12,16,107,5,7.554377135078079,11
782,53,13,62,6,7.543314063492198,7
783,17,16,109,6,7.542787160900621,10
784,51,20,33,6,7.54115209621082,14
785,100,23,7,9,7.52752191024334,14
786,53,16,3,6,7.523939046153444,10
787,55,18,77,7,7.520653437888106,11
788,85,10,20,4,7.501503338231049,6
789,91,29,98,11,7.486111931896227,18
790,60,19,1,7,7.4822576678845,12
791,16,27,27,10,7.481407495599662,17
792,7,13,81,6,7.480028378880558,7
793,70,14,36,6,7.476080415111229,8
794,108,15,63,6,7.475559971035058,9
795,86,14,67,6,7.4735450853829875,8
796,45,12,53,5,7.463487107897495,7
797,37,21,110,9,7.457046552670356,12
798,86,53,97,21,7.453774682156136,32
799,112,18,76,8,7.4528102438630635,10
800,46,30,75,12,7.449361290092638,18
801,70,13,71,6,7.447387393345601,7
802,8,28,84,10,7.447150756775401,18
803,18,11,112,3,7.442617961192051,8
804,25,45,46,19,7.439996628911812,26
805,69,10,20,4,7.425842209136067,6
806,8,19,91,7,7.416456742894205,12
807,36,34,41,16,7.412500474371832,18
808,13,27,69,10,7.410798113719347,17
809,37,41,46,14,7.398384968299374,27
810,1,10,5,4,7.391988711274886,6
811,73,10,71,4,7.37323406519455,6
812,30,12,4,5,7.371580414746788,7
813,34,15,74,5,7.367415754617591,10
814,25,16,33,5,7.36592627296452,11
815,77,10,114,4,7.3654772203978025,6
816,49,12,64,5,7.364918196286091,7
817,49,13,23,5,7.360298065336568,8
818,73,25,8,10,7.35879002547718,15
819,76,24,50,8,7.355699647312172,16
820,92,14,68,5,7.338682351737513,9
821,70,42,5,17,7.323141246130927,25
822,109,26,55,12,7.3182997081126135,14
823,114,40,13,18,7.318181693252523,22
824,39,24,106,10,7.31226919998241,14
825,16,41,91,14,7.309347152714904,27
826,97,17,36,7,7.301788222671786,10
827,28,14,111,5,7.296837620354718,9
828,87,21,49,10,7.287852583518847,11
829,69,28,86,11,7.2791999546274795,17
830,65,42,20,15,7.275621933808215,27
831,62,10,96,3,7.268496266352443,7
832,110,16,70,6,7.267896542251015,10
833,41,18,97,7,7.264371648173336,11
834,75,19,81,7,7.259552889264539,12
835,4,29,65,11,7.258642786898055,18
836,98,12,93,5,7.2513528092711335,7
837,46,13,90,5,7.250761878801304,8
838,31,14,5,5,7.246607645789562,9
839,54,32,40,13,7.243609732204195,19
840,30,30,71,12,7.22456687624422,18
841,35,20,40,7,7.2238461178978355,13
842,53,17,61,6,7.205087339517602,11
843,27,20,63,9,7.19472225275396,11
844,23,12,47,4,7.180906240191946,8
845,16,15,35,5,7.1780383239732055,10
846,54,72,88,29,7.171089550335251,43
847,87,23,93,9,7.164798687762667,14
848,34,15,16,6,7.153313950057951,9
849,51,13,91,5,7.148773018081943,8
850,5,17,60,6,7.144002600647477,11
851,18,39,75,16,7.143872456900073,23
852,13,51,87,18,7.1394100338356346,33
853,63,32,48,12,7.1299692009467925,20
854,88,11,67,3,7.127393540580368,8
855,88,23,3,9,7.12663205785296,14
856,47,25,13,10,7.12600720855405,15
857,86,28,83,9,7.1046405351353314,19
858,51,16,110,6,7.1045865219974775,10
859,114,24,90,10,7.101696850085239,14
860,44,16,13,6,7.100478256103446,10
861,90,19,13,7,7.099319512939565,12
862,36,20,3,7,7.093052097907007,13
863,28,35,70,14,7.078735797739843,21
864,107,19,102,8,7.0774996579991125,11
865,102,14,98,6,7.075813129571894,8
866,63,21,38,7,7.07127755522525,14
867,84,15,9,6,7.065463204236462,9
868,50,14,49,6,7.064134383315743,8
869,16,61,63,25,7.0608144590657425,36
870,68,27,18,11,7.0575085592620574,16
871,65,16,73,6,7.056062739811479,10
872,28,27,2,10,7.052082984819958,17
873,64,10,11,3,7.044290994994302,7
874,37,28,38,11,7.0413163805665135,17
875,7,22,58,10,7.035143698213466,12
876,100,16,18,7,7.026565168419708,9
877,14,18,28,6,7.0242207365630644,12
878,20,20,55,8,7.022753690173921,12
879,41,12,112,5,7.006191894093448,7
880,45,14,86,6,7.001591160951405,8
881,62,15,5,6,6.992708759597391,9
882,114,19,1,7,6.990089974683044,12
883,111,23,13,10,6.988942249892523,13
884,55,12,94,5,6.987298934898079,7
885,97,21,51,7,6.980039097404115,14
886,16,64,55,23,6.979782207933069,41
887,94,11,54,4,6.977216982115354,7
888,16,16,45,6,6.976498387396664,10
889,83,15,84,7,6.963483843011809,8
890,16,34,36,13,6.9623095532486845,21
891,32,18,104,6,6.95922508638955,12
892,47,12,18,4,6.958091333768663,8
893,15,11,50,4,6.950752908185209,7
894,99,12,88,5,6.93913123202866,7
895,13,11,76,4,6.936217987616365,7
896,75,19,30,8,6.923427737676235,11
897,16,38,46,15,6.9206390826160336,23
898,94,10,68,3,6.919738017837593,7
899,104,36,55,14,6.909075624793388,22
900,49,10,53,4,6.907813000954768,6
901,53,18,109,7,6.886369823569264,11
902,114,47,5,19,6.885144276646171,28
903,106,15,99,5,6.882359612487447,10
904,54,21,18,9,6.880495431858326,12
905,57,12,36,4,6.873476463690229,8
906,60,43,4,19,6.864343045215706,24
907,75,17,11,7,6.860129083231025,10
908,16,39,71,14,6.8596933376667515,25
909,114,19,96,7,6.8573207383282995,12
910,13,29,95,12,6.852052215706936,17
911,16,17,14,7,6.836744613344807,10
912,78,14,96,5,6.830515928543477,9
913,65,10,52,3,6.817085213239555,7
914,16,93,7,39,6.810883538882982,54
915,25,14,9,5,6.810304163725227,9
916,51,20,96,8,6.809158319794973,12
917,100,16,114,6,6.806713890734189,10
918,60,18,45,8,6.8022482279138705,10
919,108,25,13,9,6.801707995205209,16
920,55,10,31,4,6.798197972656263,6
921,63,22,18,8,6.7887020180852895,14
922,39,22,43,10,6.78160592141605,12
923,6,14,27,6,6.780540737481572,8
924,33,23,107,10,6.763493299081546,13
925,53,13,90,5,6.752088210585151,8
926,86,79,96,31,6.7509941858211375,48
927,102,15,51,6,6.74947281728566,9
928,114,19,64,7,6.7463489896759805,12
929,52,11,20,4,6.739976324437407,7
930,74,38,96,14,6.731828732252355,24
931,14,13,95,5,6.731405281187272,8
932,100,11,95,5,6.722166987268522,6
933,97,11,32,4,6.722008536715331,7
934,65,10,32,4,6.718474357729474,6
935,28,35,97,13,6.716635909782017,22
936,6,10,40,4,6.705680107058635,6
937,15,12,91,6,6.697476716978323,6
938,111,11,106,3,6.697425895741327,8
939,76,15,88,7,6.688159185418194,8
940,28,53,84,21,6.68723548462888,32
941,29,10,37,4,6.680734619445758,6
942,107,20,47,8,6.679988416533418,12
943,43,11,71,5,6.677650042464424,6
944,68,51,53,20,6.67704695789799,31
945,83,11,71,5,6.656205380333864,6
946,86,25,48,10,6.654329471738231,15
947,107,40,53,15,6.654081088621638,25
948,76,15,114,5,6.6539119931134865,10
949,64,27,40,10,6.644176524893486,17
950,53,13,17,5,6.628322060179847,8
951,25,48,5,19,6.626414170343125,29
952,93,18,86,7,6.62437888449924,11
953,16,30,100,11,6.617449381235235,19
954,71,18,81,7,6.61709770119633,11
955,28,16,36,7,6.602158410065062,9
956,80,18,37,7,6.595363149795721,11
957,65,28,96,12,6.593487230396348,16
958,40,26,1,10,6.58137324665705,16
959,53,26,114,11,6.571088082289226,15
960,57,28,16,12,6.556845840340002,16
961,77,21,18,7,6.545250800191177,14
962,49,10,55,4,6.541972088163769,6
963,109,14,38,5,6.539620107256842,9
964,35,15,28,7,6.525585250622975,8
965,27,30,51,11,6.516683017185276,19
966,56,12,4,6,6.509885274579445,6
967,90,10,102,5,6.502237322589002,5
968,41,27,104,12,6.500266163182682,15
969,48,10,104,4,6.493358473776671,6
970,45,11,68,4,6.479375207416079,7
971,12,15,39,6,6.475459814124786,9
972,107,26,43,10,6.466098586244284,16
973,90,25,87,10,6.4548524533916245,15
974,6,10,28,4,6.452419128804086,6
975,15,16,104,6,6.448047941592665,10
976,4,20,87,7,6.445923142452618,13
977,75,56,107,18,6.4407948781292,38
978,86,39,36,16,6.439394441072944,23
979,34,15,7,6,6.438395937640913,9
980,7,34,97,15,6.427997126547526,19
981,40,16,33,5,6.427211772717694,11
982,62,12,36,5,6.419555894210638,7
983,107,19,77,8,6.416947048354687,11
984,106,13,77,6,6.407119934187455,7
985,13,47,25,21,6.403337095443306,26
986,3,21,87,8,6.39281620361146,13
987,75,42,71,15,6.390996584406331,27
988,74,13,77,5,6.38427445953612,8
989,16,18,108,7,6.383719600885128,11
990,74,32,84,15,6.379678119893638,17
991,7,21,56,9,6.361794853449644,12
992,30,12,84,4,6.354899474173294,8
993,11,20,98,9,6.338677652860182,11
994,62,22,88,9,6.3247742597522665,13
995,32,25,5,10,6.322230990899957,15
996,107,26,38,10,6.320633845666428,16
997,29,13,55,5,6.301089833667023,8
998,23,17,114,6,6.291790840234864,11
999,65,56,88,21,6.287559020425311,35
1000,70,16,64,5,6.286009204558742,11
1001,16,12,92,3,6.284475222709882,9
1002,41,11,102,4,6.282861273718874,7
1003,41,30,31,12,6.276695675397635,18
1004,34,14,17,5,6.270843597010631,9
1005,15,12,95,5,6.265255655621163,7
1006,57,18,102,8,6.264739678585861,10
1007,86,83,88,34,6.254550732132806,49
1008,43,17,5,7,6.250727481432205,10
1009,63,26,2,11,6.247165588393399,15
1010,58,24,107,9,6.246057958192936,15
1011,80,12,51,5,6.2445608145487,7
1012,54,15,62,6,6.240490314200175,9
1013,104,41,50,16,6.230364171354915,25
1014,38,21,65,10,6.225284615552252,11
1015,20,20,44,8,6.21474229078563,12
1016,74,28,70,13,6.203999405338755,15
1017,54,42,109,16,6.183872533544285,26
1018,23,23,76,10,6.183442791007625,13
1019,55,14,35,6,6.181710197353361,8
1020,98,37,86,16,6.173883512848302,21
1021,97,23,76,10,6.171425808149794,13
1022,87,61,65,24,6.169242314096733,37
1023,68,41,87,17,6.166464303817792,24
1024,20,12,68,5,6.158182099944324,7
1025,31,15,112,5,6.149641402394961,10
1026,40,48,39,19,6.1478732659202615,29
1027,86,23,112,10,6.141996180637338,13
1028,109,14,46,6,6.137839688733693,8
1029,23,10,48,4,6.136507124451633,6
1030,31,13,80,4,6.13276887148396,9
1031,55,24,97,9,6.128965912516967,15
1032,25,35,88,12,6.123879676950231,23
1033,81,13,31,4,6.117159791325403,9
1034,90,12,7,5,6.108519045195328,7
1035,55,10,79,4,6.105260957218084,6
1036,102,12,60,5,6.102540677846686,7
1037,23,40,88,14,6.098802854801483,26
1038,68,67,31,28,6.092199764223388,39
1039,111,23,107,11,6.08814286411973,12
1040,20,44,5,17,6.084413199436967,27
1041,60,25,41,11,6.080070950949513,14
1042,74,14,48,7,6.068043245358376,7
1043,23,18,28,8,6.06620277166243,10
1044,35,10,9,5,6.055687068848652,5
1045,90,19,63,8,6.053395439788756,11
1046,80,12,48,4,6.043656393103958,8
1047,8,16,32,7,6.041444852098721,9
1048,87,25,64,11,6.038918526680432,14
1049,75,31,31,14,6.033482134287373,17
1050,91,17,50,6,6.027790824025911,11
1051,95,20,46,8,6.027785407812038,12
1052,63,32,20,14,6.0251398652884625,18
1053,7,16,62,6,6.019047959814989,10
1054,99,10,17,4,6.0116233289389776,6
1055,13,35,43,16,6.003113306752954,19
1056,71,27,68,10,5.99525701293446,17
1057,74,12,27,6,5.991317096712259,6
1058,41,38,68,16,5.977577896409429,22
1059,34,10,60,3,5.968824417267719,7
1060,97,18,40,7,5.966918416140386,11
1061,8,61,87,25,5.956644293134339,36
1062,4,20,17,7,5.952314296620963,13
1063,97,12,10,6,5.950831581917705,6
1064,28,29,7,11,5.948429372911716,18
1065,33,15,7,7,5.9471342175078945,8
1066,16,23,84,10,5.934817545203711,13
1067,37,45,63,18,5.933785173114154,27
1068,73,20,114,8,5.924435121305103,12
1069,81,28,13,11,5.921413734268427,17
1070,28,47,109,18,5.9213170604434575,29
1071,93,10,63,4,5.9175632502755855,6
1072,41,15,45,5,5.9144627061547626,10
1073,107,34,64,15,5.909994591389041,19
1074,100,33,107,16,5.907266287901798,17
1075,93,16,25,7,5.904464695396421,9
1076,34,10,13,5,5.884954073686414,5
1077,15,20,7,10,5.884783634259432,10
1078,46,12,36,5,5.882094180819339,7
1079,104,49,28,21,5.869912935195163,28
1080,54,36,95,16,5.865979569344106,20
1081,51,52,65,20,5.865717524678075,32
1082,74,37,46,14,5.850135921281393,23
1083,108,16,87,6,5.840502938250502,10
1084,107,54,20,23,5.840118502830556,31
1085,62,14,51,6,5.8401093038711664,8
1086,75,15,1,5,5.839655242805768,10
1087,41,14,77,5,5.820932172345256,9
1088,40,16,5,7,5.820527251695649,9
1089,100,10,49,5,5.813425744151518,5
1090,80,28,106,11,5.812470547213421,17
1091,74,28,55,12,5.797157459674129,16
1092,64,37,86,16,5.796824578298752,21
1093,18,23,9,8,5.785477096919834,15
1094,13,38,23,18,5.76847005103782,20
1095,30,31,87,13,5.767221225393502,18
1096,100,11,62,5,5.764834126315438,6
1097,50,31,96,13,5.762442293376412,18
1098,40,16,20,6,5.760773366457582,10
1099,36,12,77,5,5.751140829309578,7
1100,16,25,80,10,5.747131433105698,15
1101,68,30,1,12,5.742992873536798,18
1102,25,42,106,16,5.73768822242091,26
1103,45,14,9,5,5.727853500458987,9
1104,25,26,51,11,5.72613511284895,15
1105,41,18,37,7,5.716493275276269,11
1106,23,10,102,4,5.7160538226538815,6
1107,40,53,88,22,5.711119435609974,31
1108,87,30,25,13,5.710285011277159,17
1109,51,26,69,10,5.708510695737555,16
1110,38,20,13,10,5.701525044937783,10
1111,8,40,46,18,5.695904868807617,22
1112,70,10,32,5,5.692479372096213,5
1113,106,46,5,18,5.689619439430471,28
1114,30,25,55,10,5.686463879094618,15
1115,106,12,57,6,5.685749140437754,6
1116,102,10,95,4,5.685319962340818,6
1117,94,10,25,5,5.671887186214519,5
1118,97,15,84,5,5.671301332253195,10
1119,75,39,37,14,5.670197882049105,25
1120,16,31,99,13,5.665818337043021,18
1121,16,48,37,20,5.664774565241773,28
1122,54,11,82,4,5.664278302313932,7
1123,95,24,106,9,5.657914892117911,15
1124,9,13,61,5,5.652969843590383,8
1125,13,28,54,10,5.650846179676529,18
1126,4,10,97,4,5.649870700339136,6
1127,73,23,74,9,5.649045009007229,14
1128,109,11,77,5,5.645459503468274,6
1129,55,44,60,19,5.644771934395871,25
1130,76,12,36,3,5.641487589296995,9
1131,12,14,31,6,5.63672448274127,8
1132,86,28,73,13,5.62531345595925,15
1133,5,21,17,7,5.625033929201379,14
1134,95,26,50,11,5.619957219349123,15
1135,16,48,50,20,5.617696720442929,28
1136,114,22,3,8,5.616945915532873,14
1137,100,15,50,6,5.612526049660052,9
1138,27,14,43,7,5.609839390205427,7
1139,68,13,19,6,5.609014492078276,7
1140,99,11,63,5,5.595807733799709,6
1141,75,48,16,20,5.593636562488228,28
1142,62,21,68,9,5.591004045591886,12
1143,52,12,16,5,5.588665300895637,7
1144,86,49,75,22,5.5837344877785275,27
1145,71,18,37,8,5.582059073463845,10
1146,87,19,97,7,5.581011131648731,12
1147,12,17,71,7,5.57619075244912,10
1148,71,12,47,5,5.571212302193355,7
1149,55,27,63,12,5.56831553028517,15
1150,11,31,54,13,5.5650490652973295,18
1151,37,60,104,24,5.563475261062019,36
1152,3,24,60,10,5.560495932377157,14
1153,63,11,10,4,5.56040496031845,7
1154,31,10,95,4,5.5581891593402775,6
1155,76,14,102,6,5.556814882908007,8
1156,46,11,4,5,5.55622187464566,6
1157,54,56,70,23,5.553942408448957,33
1158,8,41,25,16,5.550067480025434,25
1159,41,13,81,5,5.549157399363071,8
1160,36,53,31,23,5.548564460468652,30
1161,25,18,84,7,5.5466876181289715,11
1162,27,29,86,11,5.5437963271010124,18
1163,28,14,3,5,5.5268606730952,9
1164,30,23,88,11,5.525413582454542,12
1165,33,14,102,6,5.525239013163607,8
1166,27,20,75,9,5.525223821089192,11
1167,88,24,57,11,5.524909922819241,13
1168,62,10,20,4,5.517288163699186,6
1169,87,59,37,24,5.516733087496062,35
1170,95,19,83,7,5.510188596504647,12
1171,67,10,102,4,5.49724656177184,6
1172,18,10,62,4,5.493140482819633,6
1173,7,31,3,12,5.492769242428185,19
1174,86,28,80,12,5.491180597516541,16
1175,46,10,1,5,5.488587081929579,5
1176,65,49,40,21,5.488110460552834,28
1177,14,12,13,4,5.487937926146761,8
1178,114,23,70,9,5.484820175107314,14
1179,37,53,106,24,5.481931306152558,29
1180,14,10,75,4,5.479308338136782,6
1181,99,17,36,6,5.4766719172319,11
1182,43,15,50,5,5.476388636923783,10
1183,28,15,40,7,5.465351180312728,8
1184,28,31,9,14,5.423324150093188,17
1185,83,10,50,5,5.416126776091855,5
1186,38,10,40,5,5.415692699604588,5
1187,51,15,83,5,5.415397349279681,10
1188,49,11,37,5,5.40579366661915,6
1189,9,11,66,5,5.404825557202403,6
1190,54,52,106,24,5.400574012233974,28
1191,54,31,90,13,5.397442007333916,18
1192,60,11,22,4,5.396868900315767,7
1193,93,24,54,9,5.392828840599427,15
1194,107,24,109,9,5.374789076628488,15
1195,89,11,60,5,5.373120214726715,6
1196,75,30,63,13,5.362343223381901,17
1197,98,12,17,6,5.361440435561062,6
1198,106,13,112,6,5.358449059964543,7
1199,72,13,16,6,5.355366251776983,7
1200,104,43,51,16,5.354494200185867,27
1201,64,35,31,14,5.344284465687696,21
1202,87,25,57,10,5.341931643339133,15
1203,97,14,102,5,5.335160623731844,9
1204,7,18,109,7,5.3198310911618,11
1205,111,25,55,10,5.307717141421055,15
1206,7,23,98,9,5.29662940828479,14
1207,97,21,17,9,5.293816017316168,12
1208,30,11,35,5,5.293385259461386,6
1209,56,11,88,5,5.280224334897691,6
1210,39,25,20,12,5.275058003903015,13
1211,23,26,25,11,5.272958869039183,15
1212,39,69,51,30,5.265117148399291,39
1213,64,25,63,11,5.2519471843425505,14
1214,33,12,31,6,5.250274176377645,6
1215,25,26,40,11,5.242222631716463,15
1216,98,15,40,7,5.239271076053035,8
1217,65,15,14,7,5.239230657167624,8
1218,91,21,25,9,5.236778929543691,12
1219,15,18,86,7,5.23535256192823,11
1220,71,47,13,21,5.235216499316668,26
1221,35,11,5,5,5.226534281744142,6
1222,53,25,30,11,5.226055832762314,14
1223,13,66,107,29,5.22255799045195,37
1224,40,22,37,10,5.2189812618502875,12
1225,33,12,91,6,5.213867650447791,6
1226,7,17,112,7,5.205751188464,10
1227,34,18,55,8,5.202160532736089,10
1228,23,26,41,11,5.184832408715122,15
1229,91,25,13,11,5.1844258161997425,14
1230,16,47,68,18,5.179182431483823,29
1231,75,26,47,9,5.17693162231529,17
1232,2,40,50,17,5.160264368077373,23
1233,91,11,56,5,5.1601828143932735,6
1234,67,12,5,5,5.159840528973067,7
1235,111,14,39,6,5.158992286191915,8
1236,8,54,63,24,5.156454172512435,30
1237,87,46,50,21,5.1516202521080965,25
1238,63,13,79,5,5.150156389678723,8
1239,106,24,9,10,5.150083731218861,14
1240,44,15,88,7,5.148664566159752,8
1241,109,12,4,5,5.135069245647407,7
1242,40,30,58,14,5.133397385337812,16
1243,107,41,9,18,5.117645320537845,23
1244,55,23,70,10,5.1032220329288345,13
1245,13,31,50,13,5.1001212439562575,18
1246,87,11,110,4,5.0925904586002675,7
1247,60,24,95,10,5.089480392621887,14
1248,60,14,58,6,5.085584297125204,8
1249,7,13,48,6,5.083098005465932,7
1250,32,10,20,3,5.082163415292109,7
1251,92,10,17,4,5.07288490506961,6
1252,90,13,33,5,5.072843762888294,8
1253,27,20,41,9,5.071720567111737,11
1254,46,17,65,6,5.066104910854949,11
1255,28,10,92,4,5.0573533622845686,6
1256,16,33,62,13,5.051011656032601,20
1257,95,14,40,6,5.030598238019023,8
1258,44,12,64,5,5.0247847099548055,7
1259,60,21,81,9,5.012994181489737,12
1260,93,26,5,10,5.004460526821323,16
1261,32,12,68,4,4.994599728673895,8
1262,104,30,63,13,4.993963037729944,17
1263,74,15,71,7,4.993812181109021,8
1264,27,25,39,12,4.989393098929608,13
1265,37,71,86,31,4.984756436647984,40
1266,38,15,64,7,4.983337320570344,8
1267,7,61,53,26,4.979032554051547,35
1268,55,55,65,24,4.97482433256795,31
1269,1,15,87,7,4.968031301569397,8
1270,40,49,107,19,4.964616090179718,30
1271,62,12,8,4,4.9642207369004785,8
1272,96,23,90,9,4.963939687748078,14
1273,20,36,96,15,4.958331873160826,21
1274,12,14,36,6,4.9582572583252125,8
1275,86,19,32,8,4.958080919600271,11
1276,107,58,104,24,4.9565619682131015,34
1277,13,32,8,13,4.955794878282507,19
1278,77,14,87,6,4.942401920251487,8
1279,37,11,108,5,4.94147061612662,6
1280,45,21,65,10,4.938797125414042,11
1281,114,22,9,7,4.931319071415342,15
1282,74,56,106,24,4.924754963776778,32
1283,65,31,17,11,4.917244641739984,20
1284,54,12,108,4,4.909695920764135,8
1285,46,48,54,20,4.906943181154001,28
1286,84,34,106,16,4.903872752933781,18
1287,76,27,55,10,4.8923898677809445,17
1288,8,16,33,6,4.890943290835164,10
1289,83,39,5,18,4.890865835189014,21
1290,60,20,96,6,4.889401556049959,14
1291,8,12,3,7,4.88781937501622,5
1292,30,11,114,5,4.8820710984651585,6
1293,51,11,38,4,4.8736842084361065,7
1294,49,13,70,6,4.870823408885395,7
1295,88,10,110,5,4.870544753091405,5
1296,5,10,89,3,4.86246564090175,7
1297,23,12,57,5,4.862280698308251,7
1298,13,17,94,7,4.855238762429886,10
1299,13,42,64,20,4.854598754048183,22
1300,13,21,3,7,4.844782698570159,14
1301,5,30,51,11,4.841333405150811,19
1302,41,14,89,6,4.840368821573814,8
1303,39,15,83,6,4.8326399553033035,9
1304,8,15,67,6,4.831909846155583,9
1305,31,19,25,9,4.823839301099763,10
1306,63,17,43,7,4.821038820338602,10
1307,13,47,46,20,4.820691792404558,27
1308,14,15,54,5,4.820525855929132,10
1309,106,30,23,15,4.818998910388463,15
1310,75,17,4,7,4.813951260599897,10
1311,6,12,106,5,4.810944704219048,7
1312,96,13,108,6,4.805162668071275,7
1313,83,28,8,13,4.804749965348905,15
1314,110,16,16,7,4.801952356665634,9
1315,75,22,96,7,4.801381492311931,15
1316,111,11,25,5,4.797175922879397,6
1317,8,29,9,15,4.796436219845455,14
1318,76,33,5,14,4.788314400539968,19
1319,9,12,5,5,4.777710715122403,7
1320,69,15,114,8,4.773043389885471,7
1321,90,13,70,6,4.771084444295362,7
1322,16,11,58,4,4.759663036075424,7
1323,93,16,50,6,4.755526241513054,10
1324,90,30,5,12,4.752640516818983,18
1325,87,36,20,16,4.748487569129384,20
1326,74,38,63,17,4.748458787006123,21
1327,25,16,77,7,4.745845616411638,9
1328,70,16,98,6,4.745137974355768,10
1329,114,42,68,18,4.745053261523827,24
1330,97,11,3,4,4.740273088979023,7
1331,7,42,64,19,4.740071487224756,23
1332,64,10,81,4,4.73660561378694,6
1333,97,22,68,9,4.736282381079661,13
1334,54,26,60,11,4.730103679488508,15
1335,85,16,54,6,4.730021736475019,10
1336,86,18,108,9,4.726875671282598,9
1337,64,29,71,11,4.721898683351539,18
1338,11,38,88,16,4.710454574435891,22
1339,86,22,78,9,4.691187751330173,13
1340,39,10,98,4,4.691177704712753,6
1341,16,91,51,39,4.687621742602924,52
1342,71,16,5,7,4.686451238703377,9
1343,23,12,109,5,4.6863913372413775,7
1344,107,22,62,11,4.683884119799682,11
1345,62,16,9,7,4.679077909097035,9
1346,16,85,107,33,4.675503608686112,52
1347,53,22,81,9,4.67351225402936,13
1348,7,65,31,28,4.670097576885124,37
1349,16,18,79,8,4.6647981879631075,10
1350,55,14,98,5,4.662824671110214,9
1351,27,15,25,7,4.649655011418165,8
1352,23,25,68,12,4.644746500376535,13
1353,73,14,13,6,4.642713338622983,8
1354,73,19,109,8,4.637139105733967,11
1355,60,22,25,10,4.636282806493916,12
1356,102,19,74,8,4.634614725478841,11
1357,32,11,51,5,4.6285064285954,6
1358,7,92,51,37,4.605888678978495,55
1359,23,11,30,5,4.601908928188203,6
1360,77,13,95,6,4.60149322445291,7
1361,55,20,64,7,4.598509710106534,13
1362,51,42,41,18,4.585162671564328,24
1363,71,24,87,11,4.583143708944138,13
1364,100,12,30,5,4.575260966636385,7
1365,99,14,95,6,4.572737764013027,8
1366,30,21,104,10,4.571829941100375,11
1367,99,16,104,8,4.5627492392393,8
1368,70,15,23,7,4.554568026577778,8
1369,109,13,67,7,4.5540965230597985,6
1370,47,11,28,5,4.553950548976112,6
1371,74,10,112,4,4.553694289700708,6
1372,83,15,46,7,4.551826612706301,8
1373,51,38,46,16,4.548214485505557,22
1374,20,43,28,18,4.544189476783367,25
1375,55,20,4,9,4.543048579446397,11
1376,88,51,9,22,4.537426821075463,29
1377,8,24,102,11,4.537070383836359,13
1378,106,23,75,11,4.532198108241345,12
1379,57,16,51,7,4.5192137684835405,9
1380,37,43,55,20,4.516821858156878,23
1381,28,52,54,22,4.514030967957707,30
1382,62,10,104,3,4.50664568251795,7
1383,7,93,88,42,4.5053270586483745,51
1384,102,24,54,10,4.497323538158562,14
1385,93,15,37,6,4.493445665639034,9
1386,64,15,3,6,4.492765978443915,9
1387,75,45,51,20,4.490318359114665,25
1388,55,11,27,5,4.4890470852362,6
1389,88,29,70,12,4.478319588858416,17
1390,30,40,16,17,4.476195567754862,23
1391,96,31,25,14,4.4728328775528,17
1392,49,20,17,7,4.470260930834099,13
1393,88,30,18,14,4.470121317889942,16
1394,98,16,84,6,4.468561917829734,10
1395,91,10,57,5,4.468260927215541,5
1396,109,14,9,7,4.467532481839809,7
1397,37,18,32,8,4.466542082918521,10
1398,77,11,97,4,4.4549011553839994,7
1399,50,12,73,4,4.454782630059153,8
1400,13,33,37,14,4.448467961015427,19
1401,106,25,53,12,4.4447759925456225,13
1402,95,15,109,6,4.444131433700797,9
1403,45,11,88,4,4.4416566980945715,7
1404,100,11,44,5,4.439207506700405,6
1405,69,23,7,11,4.4374210683113,12
1406,16,35,53,14,4.432680586189367,21
1407,86,115,5,49,4.430772584334587,66
1408,28,34,18,16,4.428436085520259,18
1409,102,20,87,8,4.423994697827657,12
1410,46,18,9,8,4.423884935946225,10
1411,57,16,13,8,4.421101961359069,8
1412,99,30,13,13,4.420966828834258,17
1413,17,24,54,11,4.405567288972997,13
1414,39,50,68,23,4.391388400265073,27
1415,111,20,86,8,4.3910837466552355,12
1416,13,10,102,3,4.383909812807431,7
1417,11,63,86,28,4.377353463167258,35
1418,63,38,96,15,4.376849709142971,23
1419,60,13,98,6,4.372454949323835,7
1420,55,24,9,10,4.371040618945099,14
1421,13,26,77,11,4.37009974510294,15
1422,55,13,58,6,4.369004483506264,7
1423,40,23,23,10,4.368423326803309,13
1424,33,13,11,7,4.365968233102095,6
1425,58,10,87,4,4.362695393524183,6
1426,104,31,54,14,4.355933806560286,17
1427,34,12,84,6,4.355418008053165,6
1428,43,22,88,9,4.349059981795284,13
1429,47,24,88,11,4.347102674354304,13
1430,13,21,20,8,4.344318116762581,13
1431,95,19,41,8,4.332143979792177,11
1432,13,51,39,23,4.328278128101348,28
1433,4,22,40,10,4.316643149060896,12
1434,17,19,20,8,4.3112321942034,11
1435,50,10,52,5,4.308197298973349,5
1436,16,74,87,33,4.304157056454704,41
1437,107,17,69,7,4.303168710324758,10
1438,25,28,54,12,4.300413553073274,16
1439,39,42,53,18,4.299630565155943,24
1440,11,17,35,7,4.299025397751417,10
1441,88,51,28,21,4.297219042911352,30
1442,92,27,88,11,4.288758824459125,16
1443,85,14,96,5,4.283571776810651,9
1444,33,12,96,7,4.271042933020869,5
1445,6,26,7,14,4.269618286715636,12
1446,57,18,55,9,4.2666079561233055,9
1447,80,11,60,5,4.259959127961849,6
1448,104,17,80,8,4.256665633473226,9
1449,31,12,74,5,4.240578281890586,7
1450,97,32,16,15,4.233041922945586,17
1451,30,20,28,8,4.226225794824841,12
1452,58,12,53,7,4.225473402473383,5
1453,39,24,5,11,4.222693276685166,13
1454,27,11,112,5,4.214543381192911,6
1455,46,20,17,9,4.208745383811279,11
1456,43,26,60,11,4.207805100047994,15
1457,65,56,36,24,4.205692860728479,32
1458,23,18,100,7,4.197161790157007,11
1459,7,40,106,20,4.1953409925548995,20
1460,44,10,84,5,4.193092599186408,5
1461,49,15,9,7,4.1882351469886725,8
1462,70,19,9,7,4.17870836598717,12
1463,13,74,51,34,4.175645973323164,40
1464,40,22,50,8,4.17370334148128,14
1465,60,10,62,4,4.155747625311636,6
1466,74,21,109,8,4.146368967750308,13
1467,20,13,73,5,4.146065391689569,8
1468,53,47,71,20,4.141303557057986,27
1469,100,18,74,8,4.138016461047893,10
1470,23,11,29,5,4.138000210796417,6
1471,11,11,69,4,4.13792149131312,7
1472,76,32,104,13,4.1357118218948905,19
1473,6,14,107,6,4.134287277974907,8
1474,13,61,60,25,4.128061965232045,36
1475,64,19,18,8,4.124127361254889,11
1476,29,11,106,5,4.122686341567239,6
1477,84,22,48,9,4.111917368197651,13
1478,29,17,107,6,4.109780082549345,11
1479,80,31,54,15,4.109369333958967,16
1480,12,14,68,6,4.108669111305504,8
1481,114,21,46,9,4.104107153511736,12
1482,93,14,109,6,4.103558953267082,8
1483,83,20,93,9,4.100880722204593,11
1484,74,22,50,10,4.086243740312162,12
1485,68,20,38,8,4.069118441023081,12
1486,43,12,109,5,4.068059286395715,7
1487,60,57,40,25,4.067256254892929,32
1488,9,29,63,13,4.065325398742935,16
1489,107,55,55,25,4.063634355067367,30
1490,43,10,95,4,4.063398320607949,6
1491,23,12,112,5,4.059378810943215,7
1492,32,10,40,5,4.050021677419869,5
1493,11,13,79,7,4.047561716338114,6
1494,7,21,50,10,4.045740478776832,11
1495,1,10,43,5,4.038976715758721,5
1496,53,24,104,11,4.026975227838304,13
1497,4,23,51,9,4.023686131970649,14
1498,8,20,110,8,4.013172679497404,12
1499,55,36,54,17,4.011039158800403,19
1500,107,48,36,22,4.010519619837042,26
1501,99,20,86,8,4.0098912228328505,12
1502,58,10,51,4,3.9912030401078082,6
1503,97,32,65,14,3.9859775040058776,18
1504,7,46,27,20,3.979296896350462,26
1505,41,14,43,6,3.977377796491963,8
1506,96,12,14,5,3.975747798085754,7
1507,104,72,65,33,3.97064919727685,39
1508,64,28,65,13,3.9614336031376807,15
1509,74,24,93,11,3.9601017688790825,13
1510,88,50,104,21,3.9536343834384886,29
1511,34,12,76,6,3.9517678907570333,6
1512,37,17,100,7,3.9481789557688414,10
1513,87,32,40,15,3.9412626429874287,17
1514,80,10,97,4,3.9365866928471034,6
1515,102,10,83,4,3.9358085201394095,6
1516,16,20,38,7,3.9302083923805924,13
1517,57,11,50,4,3.9290278222481443,7
1518,100,21,13,9,3.928732330408649,12
1519,5,28,2,12,3.923277825320168,16
1520,37,38,70,16,3.9227382855891664,22
1521,81,11,9,5,3.9178439529208298,6
1522,14,17,51,6,3.9161266656978224,11
1523,50,48,107,22,3.915403186530734,26
1524,98,19,49,9,3.906322793569991,10
1525,102,26,37,11,3.9015784283610255,15
1526,17,16,63,7,3.896935952486399,9
1527,55,44,11,18,3.8920841591670343,26
1528,76,13,62,6,3.8913968956310088,7
1529,11,15,17,7,3.886158778436342,8
1530,86,28,38,12,3.8860227218711705,16
1531,40,17,45,7,3.8834382086944723,10
1532,18,13,98,7,3.8754830902904014,6
1533,16,46,70,19,3.872285837038859,27
1534,39,17,37,8,3.87069041756088,9
1535,108,11,68,5,3.868849039567309,6
1536,11,16,51,8,3.8660778701548058,8
1537,91,17,18,7,3.863168888646893,10
1538,9,14,97,7,3.8555395465693487,7
1539,41,25,114,12,3.854494902198664,13
1540,65,14,6,6,3.853639209419111,8
1541,54,28,68,12,3.8524478248196368,16
1542,107,20,49,10,3.847532249018397,10
1543,65,34,111,14,3.8475275648066685,20
1544,7,41,55,17,3.8316587459316964,24
1545,20,58,54,28,3.826657519065601,30
1546,60,12,66,4,3.826632219817407,8
1547,96,29,88,14,3.826076326561257,15
1548,75,38,39,18,3.824902681052029,20
1549,56,18,68,9,3.8169753802143487,9
1550,110,16,5,7,3.8138584796050923,9
1551,23,54,7,24,3.813655225195049,30
1552,50,24,9,10,3.798818454141344,14
1553,20,13,104,5,3.7974160411444706,8
1554,76,10,57,4,3.789745051317444,6
1555,44,19,6,7,3.787510949793907,12
1556,28,12,49,6,3.781572164594755,6
1557,112,19,65,9,3.778140966593066,10
1558,104,13,92,7,3.7768187223532306,6
1559,28,11,44,6,3.7722197970055333,5
1560,16,13,93,6,3.765796324860313,7
1561,88,16,6,7,3.757051253043465,9
1562,65,43,9,18,3.756511153961385,25
1563,16,19,3,8,3.7438389020275653,11
1564,53,42,40,19,3.7429391558119995,23
1565,1,13,4,5,3.736039087851971,8
1566,75,42,88,18,3.726903391628384,24
1567,91,10,80,4,3.7198935399827406,6
1568,15,21,5,8,3.714734226349825,13
1569,106,17,43,8,3.7068539679712273,9
1570,28,28,102,13,3.6997830630198973,15
1571,109,21,84,9,3.6963866244338397,12
1572,13,68,40,31,3.690363085789059,37
1573,46,20,84,8,3.686829488531013,12
1574,114,25,40,9,3.678483572324909,16
1575,101,14,68,5,3.6742625668258913,9
1576,71,12,27,5,3.672482180614424,7
1577,102,16,65,8,3.6702036238670748,8
1578,79,10,88,4,3.6658466896877484,6
1579,62,10,50,4,3.6657345895143245,6
1580,19,10,88,5,3.6656067392732057,5
1581,100,28,86,14,3.6578232778165285,14
1582,97,33,96,16,3.657438935158263,17
1583,53,11,100,5,3.656950058764998,6
1584,63,22,23,9,3.656375723040438,13
1585,90,10,71,5,3.6561036030201253,5
1586,107,21,32,10,3.6546977761524686,11
1587,76,35,107,13,3.6519592132431544,22
1588,23,47,65,22,3.6506323242088645,25
1589,27,13,50,5,3.6503401008022798,8
1590,16,19,2,8,3.6499962386684337,11
1591,30,20,37,8,3.640395609700316,12
1592,88,60,5,28,3.63799769202775,32
1593,75,14,108,6,3.6340908116173014,8
1594,48,11,108,4,3.6336145248971845,7
1595,87,27,109,11,3.6214670850147486,16
1596,23,12,3,5,3.6182347339374545,7
1597,18,29,60,13,3.5981861482906186,16
1598,114,35,51,17,3.589681659955981,18
1599,97,10,95,4,3.58943247133478,6
1600,18,21,31,10,3.587950622221053,11
1601,107,27,4,12,3.5863546759764726,15
1602,63,14,45,6,3.582850982463552,8
1603,95,32,107,15,3.5691026636126355,17
1604,64,11,33,4,3.5581108018586245,7
1605,16,31,49,14,3.5542822347062724,17
1606,40,65,36,28,3.5400829247343655,37
1607,44,15,7,7,3.5352660207554516,8
1608,20,17,76,9,3.5278207011714735,8
1609,43,11,68,5,3.5239997356866324,6
1610,112,11,17,5,3.5191492672023625,6
1611,112,17,63,7,3.5183674154847644,10
1612,20,21,46,8,3.51090539647306,13
1613,8,38,104,17,3.50734140656749,21
1614,91,15,84,7,3.506943767095505,8
1615,49,10,33,4,3.5057518320537766,6
1616,74,16,23,7,3.505315761927058,9
1617,97,36,114,16,3.4948097299506915,20
1618,17,26,39,11,3.4929964025106597,15
1619,109,15,65,5,3.4929763691198916,10
1620,25,20,70,9,3.484518115943736,11
1621,86,77,84,38,3.4833413171947707,39
1622,23,16,15,7,3.4811736288039175,9
1623,55,16,18,8,3.4810467173744706,8
1624,70,28,65,11,3.478419403846195,17
1625,50,69,28,30,3.4770086085643532,39
1626,96,57,54,28,3.4766133859583515,29
1627,23,10,81,4,3.474530372802633,6
1628,73,14,16,7,3.4738693799097953,7
1629,74,60,5,28,3.469996146708342,32
1630,80,10,64,5,3.4689815319315613,5
1631,18,52,53,24,3.4673469668258114,28
1632,86,64,25,30,3.464423778098099,34
1633,30,19,106,9,3.463995690702536,10
1634,13,32,1,13,3.4629329225242813,19
1635,20,46,37,21,3.4576214767552655,25
1636,33,23,5,11,3.454327509177194,12
1637,37,21,23,10,3.453043705748743,11
1638,60,24,9,9,3.452507943641605,15
1639,3,24,31,12,3.4493770198178146,12
1640,93,10,114,4,3.4434774013838236,6
1641,102,31,25,14,3.4382241991917164,17
1642,41,43,16,21,3.436628258679591,22
1643,68,21,46,10,3.4173658858402485,11
1644,71,39,86,18,3.4138868360147647,21
1645,104,26,98,14,3.4091853213510754,12
1646,4,13,28,6,3.3940824912486867,7
1647,43,28,40,13,3.3929222536074835,15
1648,73,10,104,4,3.391491099464731,6
1649,106,46,51,21,3.386575882240815,25
1650,103,12,16,5,3.3838737993966075,7
1651,36,28,55,13,3.383336577257353,15
1652,73,15,98,7,3.380055365181917,8
1653,28,14,62,6,3.373010915498393,8
1654,54,25,97,12,3.3648153427656755,13
1655,14,23,8,10,3.3634201583462158,13
1656,28,22,71,9,3.3619344486700466,13
1657,48,13,39,6,3.361142658484695,7
1658,88,15,112,6,3.3574409261865963,9
1659,54,12,3,6,3.355227899021248,6
1660,87,18,47,8,3.351186620999735,10
1661,40,15,91,7,3.345577169162442,8
1662,32,12,109,6,3.3443738514172856,6
1663,75,13,33,5,3.342736023465548,8
1664,54,20,98,9,3.3414082574982986,11
1665,68,13,5,6,3.3380294056441144,7
1666,71,13,76,7,3.3359186512389036,6
1667,38,14,84,7,3.324966532295611,7
1668,64,30,39,13,3.324524230733537,17
1669,43,18,114,9,3.3212920735200457,9
1670,49,26,86,12,3.3170076200908665,14
1671,20,21,109,8,3.3153852405779687,13
1672,40,12,113,5,3.315029603487703,7
1673,60,31,75,14,3.3139158628036856,17
1674,86,11,66,5,3.3092941516234364,6
1675,54,13,112,5,3.3090243049292263,8
1676,104,60,5,28,3.3007473735225052,32
1677,28,10,66,4,3.2971362620814295,6
1678,64,14,108,7,3.2970856020365416,7
1679,41,17,50,7,3.2946411387183265,10
1680,51,49,60,20,3.2935360118464385,29
1681,62,17,39,8,3.2912606144655134,9
1682,81,14,18,6,3.285175513857385,8
1683,13,12,72,6,3.2771374540650897,6
1684,114,13,67,6,3.2746706512348434,7
1685,102,11,91,5,3.2738070744638943,6
1686,70,14,93,6,3.271451863431868,8
1687,86,16,34,7,3.267224837209171,9
1688,69,10,95,4,3.264458823530609,6
1689,109,25,13,11,3.261500174975238,14
1690,25,14,47,7,3.2609325671124063,7
1691,76,14,95,6,3.2576515088397957,8
1692,84,14,95,6,3.2568961944145873,8
1693,114,47,25,20,3.2540864225169766,27
1694,39,17,77,8,3.2526982147620656,9
1695,11,25,20,10,3.2452743370759327,15
1696,56,10,97,5,3.231426212036921,5
1697,4,21,16,11,3.2239938149007976,10
1698,9,10,80,3,3.221926472724658,7
1699,97,29,63,13,3.2191950537106915,16
1700,55,39,28,16,3.2184704312839787,23
1701,75,37,9,16,3.218026821116724,21
1702,62,22,71,10,3.2158931408708087,12
1703,83,19,64,9,3.2155089975127553,10
1704,64,19,23,9,3.212372911598019,10
1705,13,107,7,49,3.2109752123355846,58
1706,50,19,97,8,3.210625734622642,11
1707,60,47,31,24,3.2094707274879264,23
1708,44,12,76,5,3.2019945343572473,7
1709,55,49,5,22,3.1989531771818034,27
1710,68,14,81,6,3.1985312995714845,8
1711,86,50,46,20,3.196980014797721,30
1712,37,54,50,26,3.188335276013606,28
1713,65,71,107,32,3.185186692508565,39
1714,83,25,65,12,3.1850517665827933,13
1715,56,13,40,6,3.1849812029941647,7
1716,47,11,69,5,3.1775295332798312,6
1717,88,56,68,25,3.171688752257409,31
1718,106,25,60,10,3.171261503808182,15
1719,110,16,86,7,3.1694821197260503,9
1720,90,14,74,5,3.1680613510289204,9
1721,13,17,62,8,3.1612952767397977,9
1722,23,32,87,13,3.1607512154600745,19
1723,80,15,7,6,3.159101638147781,9
1724,86,21,82,9,3.1586560919846263,12
1725,87,31,84,14,3.1565105897665346,17
1726,46,21,63,11,3.15628045747171,10
1727,75,23,23,12,3.1487336010920157,11
1728,68,18,78,8,3.136919909640927,10
1729,16,70,8,31,3.1304849607513625,39
1730,51,64,107,26,3.1254338730064406,38
1731,5,27,91,11,3.121858390948631,16
1732,36,11,80,5,3.115857421175661,6
1733,87,54,88,27,3.1116049251566267,27
1734,25,25,17,11,3.1106502600539105,14
1735,50,24,4,12,3.110559237136959,12
1736,86,31,17,16,3.105842856149512,15
1737,109,25,106,12,3.1028448270841773,13
1738,92,15,60,6,3.101629065738582,9
1739,99,14,68,6,3.1001036150844663,8
1740,64,10,91,4,3.0993479020870796,6
1741,102,21,16,10,3.0964065920645116,11
1742,20,31,16,12,3.094373786411531,19
1743,6,20,16,10,3.089484314971671,10
1744,104,22,100,9,3.0821377557829504,13
1745,98,22,37,10,3.078006071981288,12
1746,8,25,23,12,3.0779710454969043,13
1747,74,11,41,6,3.0735662157516845,5
1748,75,30,25,13,3.069551733540898,17
1749,97,24,46,11,3.066170643508983,13
1750,71,18,25,8,3.0644100067848146,10
1751,48,14,55,6,3.06362691776684,8
1752,97,17,57,8,3.052472846235205,9
1753,38,13,96,6,3.0422152322461717,7
1754,25,39,65,16,3.0368934823131175,23
1755,98,18,51,8,3.0331574033151076,10
1756,41,16,47,7,3.031406429138557,9
1757,75,15,84,7,3.030584614121957,8
1758,78,10,55,5,3.027993385213423,5
1759,89,11,86,6,3.0260507446890146,5
1760,86,52,104,24,3.024341198003758,28
1761,25,27,53,13,3.0184106862098106,14
1762,23,13,97,6,3.0156003098174384,7
1763,4,17,18,7,3.005461987416452,10
1764,50,16,30,7,3.004950949655304,9
1765,88,19,38,7,3.0023329742590956,12
1766,96,14,34,6,3.0017630147825622,8
1767,31,21,58,10,2.9999355657905133,11
1768,4,11,69,5,2.999484176661719,6
1769,11,46,107,21,2.9990181027783187,25
1770,27,10,18,5,2.996654278290002,5
1771,78,10,39,4,2.996439368357059,6
1772,40,15,108,6,2.9906857571186904,9
1773,74,10,30,5,2.9862406732405895,5
1774,95,35,87,16,2.9808551819914744,19
1775,10,12,84,5,2.980259678929738,7
1776,87,35,60,17,2.9762532182299,18
1777,15,12,57,5,2.975502630616336,7
1778,36,32,4,13,2.9739066740354185,19
1779,2,21,37,10,2.9697580112694486,11
1780,47,11,53,5,2.9672181618537916,6
1781,53,21,112,11,2.9614582798264566,10
1782,95,42,16,20,2.9607842859241957,22
1783,94,14,107,5,2.948066087520637,9
1784,60,55,16,26,2.9379882918859836,29
1785,30,17,76,7,2.9372015853586086,10
1786,36,20,87,8,2.935573250897663,12
1787,28,29,91,13,2.9278794084123945,16
1788,49,13,114,5,2.9277201605204626,8
1789,99,15,65,7,2.9253489592007305,8
1790,43,18,18,10,2.9253206069812965,8
1791,102,19,106,10,2.9207255392565097,9
1792,25,12,108,5,2.9132670669268244,7
1793,114,23,31,11,2.9060065702121505,12
1794,91,19,37,9,2.9050960547005245,10
1795,71,13,108,6,2.8992906212622866,7
1796,107,44,23,21,2.8979165012177974,23
1797,12,13,3,5,2.89161361518273,8
1798,43,31,7,13,2.8869337290340304,18
1799,69,17,87,8,2.88624107715955,9
1800,107,25,3,13,2.8816945157688134,12
1801,94,17,87,8,2.8778163111812196,9
1802,63,23,60,10,2.8746236800640075,13
1803,53,28,55,13,2.873666271153709,15
1804,81,18,107,9,2.859003244509169,9
1805,65,22,76,9,2.85644100734494,13
1806,51,18,99,9,2.853477797374065,9
1807,55,15,41,7,2.850526507785498,8
1808,28,11,94,4,2.8494647634240358,7
1809,97,13,33,6,2.8486496222061595,7
1810,23,13,104,5,2.8445076862849494,8
1811,36,32,9,14,2.842981887107707,18
1812,30,20,68,10,2.8393809182025875,10
1813,77,18,65,9,2.836180648453274,9
1814,16,93,86,41,2.822137123184064,52
1815,18,13,71,6,2.821320109059578,7
1816,76,28,87,12,2.81900529826996,16
1817,99,17,15,7,2.8189668514207984,10
1818,68,33,106,15,2.8127952198562456,18
1819,18,35,107,14,2.8126640539885583,21
1820,86,73,20,33,2.812574705202228,40
1821,99,15,41,7,2.8081672918617278,8
1822,91,12,114,6,2.8069496149403275,6
1823,91,17,31,7,2.8051302221606758,10
1824,86,71,54,33,2.803428863702459,38
1825,54,44,51,21,2.8013495156384685,23
1826,62,19,40,10,2.8011020177238843,9
1827,4,25,114,12,2.797376255941943,13
1828,65,36,37,18,2.7949417706202166,18
1829,100,13,36,6,2.7923934619121087,7
1830,97,37,107,18,2.790784506784008,19
1831,88,67,107,29,2.788634980843412,38
1832,107,49,60,22,2.782166284675307,27
1833,96,15,13,7,2.773454366126087,8
1834,5,11,10,6,2.7716738654503197,5
1835,23,40,86,18,2.7594834088918283,22
1836,13,85,65,38,2.7590429387625766,47
1837,51,12,44,7,2.7441488464385255,5
1838,7,86,86,37,2.7399737190397238,49
1839,97,22,104,11,2.7396377781056174,11
1840,65,50,106,23,2.735321183024918,27
1841,98,26,107,12,2.7337807533135248,14
1842,75,12,34,6,2.7327928404854553,6
1843,78,17,60,9,2.728288995229736,8
1844,104,31,70,14,2.720810924975006,17
1845,95,11,80,5,2.7197438471090796,6
1846,16,21,33,8,2.7169085795346413,13
1847,107,57,37,26,2.7122377942768776,31
1848,8,41,20,19,2.7094644797239438,22
1849,43,27,65,14,2.704466819899112,13
1850,8,38,39,18,2.700428655952155,20
1851,2,20,87,9,2.6997368834124105,11
1852,88,32,109,14,2.698492977632003,18
1853,47,17,68,7,2.694044903632606,10
1854,70,29,51,14,2.6826185453384466,15
1855,51,28,84,12,2.681851453035667,16
1856,90,17,17,9,2.680753861205159,8
1857,25,17,44,8,2.673535476281759,9
1858,102,27,114,12,2.6703423661893817,15
1859,80,10,68,4,2.6691327826896623,6
1860,114,25,74,12,2.666972342657447,13
1861,51,31,109,12,2.6658568783873675,19
1862,74,13,91,6,2.658254293210725,7
1863,28,36,25,15,2.6530805265031128,21
1864,53,48,65,23,2.651912649859134,25
1865,30,24,8,11,2.6514132136935467,13
1866,78,11,57,5,2.6497924035524028,6
1867,47,22,51,11,2.649428689191073,11
1868,60,56,88,25,2.645544371153806,31
1869,75,15,100,8,2.6444020654152705,7
1870,16,60,5,25,2.6435184456824317,35
1871,86,28,62,13,2.642237041880456,15
1872,33,14,95,6,2.641545389608455,8
1873,68,13,8,6,2.636586364754952,7
1874,54,28,114,14,2.6355280322257,14
1875,86,104,87,52,2.628134764574938,52
1876,86,77,8,38,2.6214013074003426,39
1877,11,12,41,4,2.61594797809933,8
1878,57,20,86,10,2.61518156598738,10
1879,7,25,17,11,2.6142771621918555,14
1880,107,13,44,6,2.614225242306437,7
1881,76,13,2,5,2.6134640032331116,8
1882,109,29,16,14,2.610188033474427,15
1883,36,23,91,10,2.600483205457648,13
1884,40,19,27,11,2.5947052105553365,8
1885,104,50,7,23,2.5854072339864183,27
1886,13,15,78,6,2.5684900010183225,9
1887,47,11,91,5,2.565831417578021,6
1888,91,28,107,12,2.5653431282322665,16
1889,7,72,36,33,2.5652585348480756,39
1890,86,22,85,11,2.5646165941915995,11
1891,39,46,55,21,2.5645441640745514,25
1892,27,15,87,7,2.5610593244075193,8
1893,83,10,63,6,2.557624644664858,4
1894,86,14,14,7,2.5565201304900333,7
1895,55,52,88,22,2.5540628419606892,30
1896,73,19,1,8,2.55342910039073,11
1897,68,76,13,34,2.5514655057101394,42
1898,75,26,64,12,2.549518466155247,14
1899,91,34,86,16,2.5421304216054588,18
1900,63,35,11,14,2.539597707853179,21
1901,39,13,81,6,2.5358588891526312,7
1902,111,11,60,4,2.535604443502029,7
1903,16,83,65,38,2.5324454922464295,45
1904,39,18,4,8,2.5267698999647226,10
1905,11,13,68,6,2.5250619833588033,7
1906,39,32,50,15,2.5245695496572065,17
1907,7,18,38,9,2.5244945430569183,9
1908,71,31,39,14,2.511110345390903,17
1909,74,81,86,39,2.5025770549212383,42
1910,37,18,109,8,2.501013404341532,10
1911,11,20,48,9,2.499763597895506,11
1912,65,20,3,9,2.497136850038322,11
1913,87,20,31,10,2.492676559594957,10
1914,53,36,51,17,2.490601312926468,19
1915,18,11,111,5,2.4899108726358863,6
1916,60,28,8,14,2.488874682072423,14
1917,13,64,55,30,2.4831351739721392,34
1918,7,61,9,30,2.475604646115282,31
1919,36,28,51,13,2.4708671287104758,15
1920,46,50,5,22,2.4690859933319382,28
1921,54,10,27,5,2.4638694969344774,5
1922,107,18,85,8,2.4579163644894475,10
1923,28,18,33,7,2.4572625454191077,11
1924,32,10,50,6,2.444054190716271,4
1925,51,32,31,13,2.442717268856009,19
1926,9,37,51,18,2.442051118378038,19
1927,55,39,106,17,2.438139246666604,22
1928,16,25,43,10,2.4373771920531233,15
1929,87,21,99,9,2.4324110326808843,12
1930,91,20,75,13,2.432369433261267,7
1931,109,11,99,5,2.4195174025010595,6
1932,107,46,25,22,2.4187485647838765,24
1933,8,33,93,16,2.4111455321691304,17
1934,86,19,77,8,2.4096878419842773,11
1935,56,10,8,4,2.40008605471798,6
1936,44,23,16,12,2.3999833792654575,11
1937,53,41,64,19,2.3943285328808845,22
1938,83,22,87,11,2.390357141943488,11
1939,111,12,8,6,2.390343846489095,6
1940,104,40,95,18,2.3890342183876085,22
1941,108,23,51,11,2.3869193933604906,12
1942,96,25,104,11,2.3866419839158346,14
1943,75,13,56,5,2.3840139649043497,8
1944,54,18,49,9,2.382044302967445,9
1945,55,28,84,13,2.379086300412449,15
1946,28,36,51,18,2.375623805094966,18
1947,20,24,80,11,2.3743533978302183,13
1948,69,10,96,4,2.3715807543077463,6
1949,8,55,96,25,2.371439357092425,30
1950,104,37,106,18,2.363471674556246,19
1951,99,23,5,11,2.3616219022642833,12
1952,96,14,109,6,2.3566759619593642,8
1953,13,15,12,9,2.3425974502134457,6
1954,75,19,112,8,2.3380385182898786,11
1955,16,73,13,33,2.3367490413306253,40
1956,104,17,4,7,2.3357072159096575,10
1957,95,18,23,9,2.323798075251889,9
1958,104,21,102,11,2.320627297470276,10
1959,63,87,86,37,2.32018364824965,50
1960,84,13,57,7,2.317662899604203,6
1961,9,23,3,11,2.3162904113567784,12
1962,3,29,68,13,2.3084870452668658,16
1963,65,37,71,16,2.307709360825174,21
1964,68,16,109,6,2.2985123206238915,10
1965,106,36,96,16,2.2984565902488905,20
1966,100,24,5,11,2.2932427434044684,13
1967,114,18,45,8,2.292094813707232,10
1968,12,34,65,15,2.291256782782868,19
1969,106,13,4,7,2.287883468044352,6
1970,50,21,31,10,2.283882121200706,11
1971,37,46,74,22,2.283869095408045,24
1972,80,16,71,8,2.275392383804814,8
1973,63,18,53,8,2.272596623719554,10
1974,61,10,31,5,2.2696136748473603,5
1975,28,66,96,31,2.267406944603933,35
1976,60,24,46,11,2.2638066641840875,13
1977,41,14,54,7,2.251101436056138,7
1978,87,43,28,21,2.245948853463187,22
1979,88,38,4,18,2.2459217004175493,20
1980,87,35,104,18,2.2393020839894087,17
1981,68,25,70,12,2.2334926025833988,13
1982,52,11,8,5,2.23336855433637,6
1983,90,16,25,7,2.2261576936837058,9
1984,28,16,100,7,2.2255414738387724,9
1985,88,11,33,6,2.22422094342155,5
1986,1,22,51,11,2.2233051744545986,11
1987,11,11,114,6,2.222333602098374,5
1988,98,13,99,7,2.2212581677933785,6
1989,104,11,69,4,2.217479448350339,7
1990,112,11,8,6,2.2144684353504553,5
1991,5,50,96,22,2.2114271922507607,28
1992,112,12,40,6,2.2105918484505556,6
1993,8,23,48,10,2.2004165749645987,13
1994,107,50,106,24,2.1993074270722803,26
1995,69,10,3,4,2.186951889336714,6
1996,8,64,74,28,2.186622040651489,36
1997,63,26,70,12,2.1813121472430437,14
1998,33,11,39,5,2.170155887452032,6
1999,11,22,13,11,2.1659141415387677,11
2000,88,14,74,5,2.165363961250821,9
2001,17,12,84,6,2.1646737051112885,6
2002,88,65,51,33,2.1624171882527143,32
2003,87,27,46,14,2.1507851989480726,13
2004,11,49,28,24,2.139899963041059,25
2005,62,17,65,8,2.1395306991535668,9
2006,15,17,68,7,2.1350807224391315,10
2007,74,12,9,5,2.1177465625288687,7
2008,53,11,70,5,2.117480208536356,6
2009,75,41,55,17,2.116618837663173,24
2010,1,20,64,10,2.1164326209593654,10
2011,11,15,40,7,2.115832802221001,8
2012,48,13,30,7,2.114145406665778,6
2013,74,12,33,6,2.113811361820999,6
2014,81,18,88,9,2.113043846902455,9
2015,97,21,70,9,2.1100037608471256,12
2016,8,23,100,10,2.1093275750438316,13
2017,20,23,35,10,2.103616009688827,13
2018,99,24,60,11,2.100940382067205,13
2019,28,62,5,30,2.1003743399505708,32
2020,16,15,29,8,2.0960967700074415,7
2021,97,22,8,11,2.094799206270941,11
2022,86,90,28,41,2.087428596854245,49
2023,98,13,114,6,2.082503686116617,7
2024,109,50,5,25,2.0811517758308082,25
2025,36,14,112,6,2.0784628030114525,8
2026,82,10,63,5,2.077975861296688,5
2027,60,39,114,22,2.077962541555554,17
2028,9,16,1,9,2.076553496826979,7
2029,77,52,60,24,2.0764857415563522,28
2030,46,36,28,15,2.067281553252178,21
2031,50,23,114,10,2.0649465321872778,13
2032,68,16,49,8,2.0637805548779458,8
2033,13,22,45,10,2.063714442075686,12
2034,23,17,54,8,2.0401263588538048,9
2035,90,24,60,10,2.0397275719261816,14
2036,7,82,65,41,2.0356092203463323,41
2037,89,14,88,7,2.0354634990614118,7
2038,58,12,63,7,2.0345686518653676,5
2039,38,10,80,4,2.0310395723254193,6
2040,55,12,73,6,2.0248295643907164,6
2041,8,36,90,16,2.0194647820717804,20
2042,4,10,58,4,2.0168974614800463,6
2043,9,44,40,20,2.013131078746107,24
2044,12,20,51,9,2.003059252583365,11
2045,65,57,68,26,2.0015768761708967,31
2046,104,15,112,7,1.99393597279257,8
2047,50,11,58,5,1.9915314759076346,6
2048,53,19,4,9,1.987694792892671,10
2049,48,13,13,6,1.9848220769452258,7
2050,88,33,37,15,1.9799898753785308,18
2051,75,16,97,7,1.9718298395799765,9
2052,87,47,54,21,1.9691631988961396,26
2053,86,62,55,29,1.9647331960922174,33
2054,78,15,87,8,1.9606966739631158,7
2055,40,20,75,9,1.9606784180037777,11
2056,50,11,35,5,1.9581460146246747,6
2057,60,10,94,5,1.9558814631865946,5
2058,13,17,92,10,1.9557816590236836,7
2059,78,12,71,6,1.95458083263832,6
2060,53,20,97,9,1.9536953475899288,11
2061,7,54,18,27,1.9485749042545342,27
2062,36,34,64,17,1.9485056781764598,17
2063,25,20,55,9,1.9429576796619945,11
2064,23,14,31,6,1.9392936999416424,8
2065,110,13,104,5,1.9388474450810558,8
2066,7,102,68,47,1.929361736089658,55
2067,70,19,40,8,1.9276789997691202,11
2068,17,26,50,13,1.924177865934716,13
2069,114,21,18,10,1.923577249757446,11
2070,80,25,28,12,1.9225523112040792,13
2071,70,21,41,11,1.919847111480952,10
2072,99,11,76,6,1.9173589523208343,5
2073,97,32,106,16,1.9159665785715099,16
2074,43,16,87,8,1.9112996055903815,8
2075,63,37,114,15,1.9099176429878706,22
2076,14,13,88,6,1.902096229341471,7
2077,25,23,64,11,1.8857238852847684,12
2078,2,41,8,20,1.8848654476169697,21
2079,8,14,79,8,1.8787453444383122,6
2080,60,16,83,7,1.8774619090517453,9
2081,87,78,107,37,1.868672195964078,41
2082,74,14,17,7,1.8676704113074118,7
2083,37,95,5,46,1.8654288703425719,49
2084,63,29,13,14,1.8611602738086928,15
2085,6,13,87,6,1.861104979629091,7
2086,87,61,106,30,1.856632619724249,31
2087,6,11,86,5,1.8539951054916266,6
2088,46,22,76,10,1.8507100299988166,12
2089,34,12,106,5,1.8480424044178243,7
2090,60,43,86,20,1.846643728407254,23
2091,28,21,98,8,1.8460912305825183,13
2092,95,25,53,10,1.845917088035911,15
2093,40,59,51,28,1.8453671538115297,31
2094,68,40,63,20,1.8432100569925858,20
2095,84,38,96,19,1.8356486827006797,19
2096,46,17,41,7,1.829610386306841,10
2097,7,14,29,8,1.8294106613069705,6
2098,74,29,13,14,1.8278354237299064,15
2099,44,13,114,6,1.8263733365516701,7
2100,47,28,39,13,1.8256978807212827,15
2101,102,13,99,6,1.8212893413036875,7
2102,79,18,28,8,1.8130893193426152,10
2103,84,21,80,9,1.8116947476965417,12
2104,40,18,111,9,1.8104998545748818,9
2105,36,22,25,11,1.8071440138268557,11
2106,8,65,28,30,1.8060421386611976,35
2107,87,48,55,23,1.7924162039290537,25
2108,86,44,90,20,1.789317395866341,24
2109,8,42,65,20,1.786552363958814,22
2110,1,25,41,13,1.7850851573908948,12
2111,37,25,90,12,1.7816453937181782,13
2112,39,44,60,22,1.7808710766359668,22
2113,102,13,84,6,1.779322402529277,7
2114,71,10,20,4,1.778650300459979,6
2115,104,62,16,29,1.778027708852634,33
2116,49,15,8,6,1.7678498041146895,9
2117,84,26,70,12,1.7530345342228948,14
2118,4,31,68,15,1.751066192618154,16
2119,76,25,11,11,1.745006286070099,14
2120,60,33,36,16,1.7416473627060747,17
2121,18,11,6,5,1.7414584600944751,6
2122,104,22,18,9,1.7410989710262748,13
2123,15,19,60,8,1.739956999676668,11
2124,36,37,88,16,1.7392851936744347,21
2125,75,28,87,13,1.7361250156469608,15
2126,16,30,17,12,1.7329307723745115,18
2127,70,19,75,10,1.7314858975507377,9
2128,60,14,11,7,1.72978393860355,7
2129,50,13,12,8,1.7279667161947851,5
2130,39,20,31,9,1.7276829359560453,11
2131,8,49,11,22,1.725678638141755,27
2132,74,10,85,5,1.7134982697618455,5
2133,84,13,76,6,1.710890300241341,7
2134,78,12,54,5,1.7090527658110268,7
2135,51,22,43,11,1.7055396893146841,11
2136,48,10,37,5,1.7035937503192145,5
2137,41,33,63,16,1.6996369290219266,17
2138,20,16,102,8,1.6989391239814933,8
2139,36,15,23,9,1.6972875274185721,6
2140,96,11,67,6,1.6933647660310183,5
2141,51,56,68,29,1.6875805796494086,27
2142,75,14,2,7,1.68604849673709,7
2143,53,43,60,19,1.6794097413590614,24
2144,18,32,51,16,1.671256335211397,16
2145,45,28,31,13,1.6710870406691087,15
2146,50,22,64,11,1.6654672188379334,11
2147,37,49,51,26,1.6543448329472816,23
2148,49,50,13,25,1.6512345250772436,25
2149,36,23,68,11,1.6511686348202657,12
2150,16,50,74,23,1.6504828930462028,27
2151,28,52,65,24,1.645638504302072,28
2152,106,44,88,19,1.6421661548035555,25
2153,39,19,96,8,1.6315253594413592,11
2154,16,35,40,16,1.6293137915514357,19
2155,93,19,97,9,1.6218435881798232,10
2156,65,42,60,17,1.6141246546544779,25
2157,7,17,11,8,1.6096082788053923,9
2158,114,28,20,13,1.609390659763289,15
2159,70,13,43,6,1.6071210379776917,7
2160,13,14,26,7,1.6051046471259123,7
2161,106,53,63,26,1.597863471262713,27
2162,36,39,39,18,1.5968371417160847,21
2163,99,18,30,8,1.5949338139614577,10
2164,1,30,36,16,1.5919918411390332,14
2165,7,73,40,33,1.5888049712895005,40
2166,2,15,25,8,1.5845186001024008,7
2167,95,29,25,14,1.5820643564901045,15
2168,66,11,31,5,1.5814503962598214,6
2169,55,22,90,12,1.578656952498874,10
2170,39,44,49,20,1.5713064695273764,24
2171,63,37,50,17,1.5673775939383385,20
2172,84,61,107,29,1.563165104726148,32
2173,9,14,111,7,1.5621342613374551,7
2174,40,17,61,8,1.5607473214395389,9
2175,97,12,100,6,1.5601199386945834,6
2176,104,23,83,10,1.5563880557352996,13
2177,104,32,74,14,1.5541431712956817,18
2178,11,26,74,12,1.5483769164487977,14
2179,69,12,71,6,1.5455671010954823,6
2180,65,12,61,5,1.5448114274450557,7
2181,48,14,88,8,1.5368173707334059,6
2182,71,30,106,14,1.5367748054190211,16
2183,107,11,79,6,1.5337921396437175,5
2184,106,19,83,8,1.5311768047912764,11
2185,70,24,20,11,1.5291025938951794,13
2186,70,54,86,25,1.5265643039354155,29
2187,7,75,41,37,1.5262460973140628,38
2188,1,34,88,17,1.5234508852206479,17
2189,35,14,37,7,1.523131742310598,7
2190,43,12,8,6,1.5194230889621367,6
2191,98,11,78,5,1.5190069892875968,6
2192,46,12,55,5,1.5148590180899557,7
2193,84,30,50,15,1.5145533767727444,15
2194,38,13,60,6,1.5118752843856296,7
2195,28,33,39,15,1.4988037688650104,18
2196,68,17,77,8,1.4983876400045488,9
2197,64,12,17,6,1.482338901127826,6
2198,11,17,32,9,1.4729852723414754,8
2199,86,30,3,14,1.4720188653692654,16
2200,86,32,2,16,1.4682447143488935,16
2201,4,35,31,15,1.467424080580519,20
2202,49,15,30,7,1.4667608883534216,8
2203,63,89,65,43,1.4663105199346151,46
2204,28,14,89,6,1.4639788382157592,8
2205,110,11,54,5,1.4614008940578211,6
2206,25,23,83,10,1.4597201880554966,13
2207,8,16,38,8,1.4562520429495758,8
2208,50,16,89,7,1.4560158637801317,9
2209,98,20,76,9,1.4493678922731097,11
2210,107,64,63,34,1.4442309150489363,30
2211,86,22,35,12,1.4400736229214335,10
2212,20,21,97,11,1.439527960881874,10
2213,76,27,70,12,1.4264215948460301,15
2214,106,14,110,7,1.4258595725562953,7
2215,36,35,45,19,1.423273124508123,16
2216,80,23,87,11,1.4202226913102636,12
2217,7,23,74,9,1.4166931670314638,14
2218,44,18,53,10,1.4145514525267595,8
2219,13,28,15,14,1.4143705369608406,14
2220,41,30,40,15,1.4126537270823982,15
2221,102,15,11,6,1.4114820984859568,9
2222,87,39,74,18,1.4084912775273248,21
2223,54,26,64,12,1.4061463194260118,14
2224,70,17,95,9,1.4011695857654913,8
2225,55,20,71,8,1.4011045905491628,12
2226,75,12,44,5,1.399837377533035,7
2227,20,19,95,9,1.3957034121223277,10
2228,91,13,9,6,1.3946381880594532,7
2229,7,15,83,6,1.3943529604549396,9
2230,100,25,106,13,1.3941621457208537,12
2231,95,28,39,13,1.3939598099667563,15
2232,88,17,35,8,1.3903417931875612,9
2233,69,15,9,7,1.3894868657900228,8
2234,15,15,114,7,1.385848653276297,8
2235,50,41,11,19,1.3816262941644981,22
2236,107,27,17,13,1.3774655590316507,14
2237,4,11,37,5,1.3739635228518734,6
2238,104,15,3,7,1.3716937929461996,8
2239,75,10,48,5,1.3711471542080278,5
2240,90,11,76,6,1.3711097869836062,5
2241,34,26,107,11,1.366862177778207,15
2242,27,13,23,7,1.3665703255989456,6
2243,30,23,40,11,1.3656919842952282,12
2244,25,26,30,14,1.363384718034577,12
2245,68,31,104,16,1.3616459533032328,15
2246,41,16,76,9,1.3542221522537383,7
2247,97,37,88,18,1.349074362930903,19
2248,84,17,90,8,1.3434141546201468,9
2249,71,27,114,13,1.3431780041778802,14
2250,74,19,18,10,1.343162947181306,9
2251,30,11,109,5,1.3395989531940025,6
2252,8,44,51,21,1.3380278840989286,23
2253,9,15,34,7,1.3379713483382543,8
2254,8,66,37,32,1.3357403383797626,34
2255,64,39,68,17,1.3356994520331131,22
2256,61,13,3,7,1.3229217896944439,6
2257,74,18,80,9,1.3199661328668575,9
2258,46,60,88,30,1.317189159463411,30
2259,63,16,47,6,1.3162850335917953,10
2260,10,16,8,7,1.3145513780375315,9
2261,70,11,102,7,1.3043211125718095,4
2262,5,44,13,21,1.302350985374302,23
2263,112,16,107,8,1.2995663050577217,8
2264,2,22,74,10,1.2925512141562505,12
2265,13,37,28,17,1.2907694367415539,20
2266,7,27,47,12,1.288208149508243,15
2267,65,15,49,7,1.2832734530229162,8
2268,50,30,51,15,1.277023353905357,15
2269,8,82,55,42,1.2721684605222603,40
2270,107,37,70,19,1.271004560619494,18
2271,30,15,7,6,1.2653074178605743,9
2272,50,27,65,13,1.2644687002361983,14
2273,55,26,99,12,1.2605449554949548,14
2274,72,12,7,6,1.258904197957913,6
2275,51,18,49,9,1.251925570642198,9
2276,65,10,89,5,1.246766687204138,5
2277,112,14,9,7,1.2462060918375688,7
2278,104,12,43,5,1.2430962980218274,7
2279,71,25,31,12,1.2380158081615504,13
2280,63,16,95,8,1.233969730193377,8
2281,71,26,9,12,1.2262156519313812,14
2282,41,43,107,19,1.2230791102829806,24
2283,50,62,54,30,1.2219864026222231,32
2284,37,45,28,21,1.21384272318488,24
2285,98,11,74,5,1.2137114800422117,6
2286,38,12,46,5,1.2117798317776198,7
2287,25,33,97,16,1.211209753293348,17
2288,40,76,86,35,1.2050622441021135,41
2289,37,25,84,12,1.200224547121566,13
2290,94,12,43,5,1.1957377911100522,7
2291,25,25,109,12,1.1927554377225935,13
2292,88,34,31,17,1.1836541894089576,17
2293,7,66,39,32,1.1790975280339937,34
2294,76,24,28,11,1.171307704252366,13
2295,48,28,16,13,1.1700437405112523,15
2296,16,25,98,12,1.1686660236333457,13
2297,65,16,48,7,1.1655305065337143,9
2298,27,38,68,17,1.1654046230648216,21
2299,16,20,112,8,1.1599133821614356,12
2300,88,31,91,15,1.1352768006015477,16
2301,63,16,49,8,1.135191913675407,8
2302,42,10,69,5,1.134758835620745,5
2303,48,15,109,7,1.133812900706227,8
2304,23,47,16,22,1.133588423461974,25
2305,107,46,39,21,1.1319631461408335,25
2306,20,14,48,6,1.1319086574299344,8
2307,36,26,106,13,1.1307287364062801,13
2308,33,13,114,7,1.1286658148323794,6
2309,61,18,88,10,1.1254133453483963,8
2310,65,23,69,11,1.1196028112727805,12
2311,43,12,69,6,1.1180412117323637,6
2312,75,23,74,10,1.113638297992798,13
2313,25,17,57,8,1.1122394350713356,9
2314,29,12,97,6,1.1121402109632499,6
2315,68,44,107,22,1.1117407134644675,22
2316,63,47,40,22,1.1085655861732644,25
2317,106,98,86,48,1.1065983557269747,50
2318,96,18,2,9,1.1039761816908797,9
2319,54,16,33,7,1.1000953180608282,9
2320,27,16,106,9,1.0992702168895798,7
2321,14,16,11,7,1.0923565448715802,9
2322,40,13,74,6,1.0901529369074687,7
2323,65,46,39,20,1.089267893981286,26
2324,41,29,75,15,1.0870897660952286,14
2325,83,33,55,17,1.0771475436917035,16
2326,64,19,97,9,1.0748997556854092,10
2327,107,29,1,14,1.072552937399315,15
2328,67,20,37,9,1.0707700527635258,11
2329,106,12,66,5,1.070759127853136,7
2330,86,51,109,25,1.063455196646584,26
2331,16,32,90,17,1.0440460762774686,15
2332,90,21,88,11,1.0373159148886417,10
2333,45,14,3,7,1.0349134798027078,7
2334,71,34,88,15,1.0311330418182323,19
2335,35,22,7,11,1.0299988339542105,11
2336,8,21,17,11,1.026318191087208,10
2337,63,20,44,9,1.0233184771026502,11
2338,70,10,33,5,1.0222975969230632,5
2339,79,10,54,4,1.0149152326576492,6
2340,93,20,88,9,1.0138818382921346,11
2341,68,14,6,6,1.005162162800652,8
2342,114,39,7,18,1.0047894280060632,21
2343,4,20,71,8,1.0014924900336701,12
2344,31,52,65,26,0.9975860011767542,26
2345,109,10,71,5,0.9970275319814977,5
2346,106,67,28,32,0.9916026418837893,35
2347,23,17,111,10,0.9902411232186314,7
2348,64,14,100,6,0.9873146869937531,8
2349,84,18,65,8,0.9824722158055605,10
2350,13,45,9,20,0.980824286373925,25
2351,107,65,5,32,0.9748363761521144,33
2352,14,16,87,7,0.9719183858987279,9
2353,86,29,18,13,0.9698308303466703,16
2354,65,49,75,23,0.9671493682311952,26
2355,13,41,27,21,0.9633164048559403,20
2356,14,14,5,6,0.9561035605846475,8
2357,34,14,63,7,0.9507384684475217,7
2358,7,20,8,9,0.9446580951337806,11
2359,112,13,114,7,0.9421647262329379,6
2360,49,26,7,11,0.9400026625604868,15
2361,41,58,13,29,0.932827405385871,29
2362,9,32,39,17,0.9285536820319171,15
2363,47,20,31,10,0.9260327461409719,10
2364,33,17,86,9,0.9246066959077469,8
2365,39,33,104,16,0.9243967556000993,17
2366,54,68,107,34,0.9237160218389204,34
2367,69,17,50,7,0.9188452019230828,10
2368,13,20,33,10,0.918120505460343,10
2369,20,34,106,16,0.9177110065063093,18
2370,86,37,9,19,0.9096994625950221,18
2371,80,15,8,8,0.9079706413866477,7
2372,64,37,88,17,0.9018856813247726,20
2373,25,48,39,24,0.9005573108368409,24
2374,68,17,74,7,0.9001065237726507,10
2375,27,14,47,8,0.8948680262740218,6
2376,107,31,46,16,0.8942764168819464,15
2377,77,21,4,10,0.8810684428976758,11
2378,74,45,65,23,0.8800404347092065,22
2379,111,47,68,24,0.8746288393374696,23
2380,107,70,28,33,0.8732207027933339,37
2381,63,14,73,6,0.8724283651363763,8
2382,50,27,25,14,0.8694133305278393,13
2383,10,10,114,4,0.8617397018011257,6
2384,95,17,75,8,0.8604277528016115,9
2385,8,73,88,36,0.8508025087607854,37
2386,54,40,74,20,0.8415267564978521,20
2387,60,16,28,9,0.8360731874033271,7
2388,2,16,46,8,0.8285194662826778,8
2389,55,12,62,5,0.8240244688504355,7
2390,11,23,65,10,0.8217152797009966,13
2391,96,58,107,27,0.8081270899904945,31
2392,79,17,50,8,0.8036407520519759,9
2393,12,17,86,8,0.8013363403706056,9
2394,2,22,88,11,0.7956469041111237,11
2395,5,16,77,8,0.7908065895997609,8
2396,87,46,39,22,0.7901955149162592,24
2397,28,11,78,6,0.7898078034632366,5
2398,11,28,39,14,0.7894372385849194,14
2399,38,13,9,6,0.7885433122821558,7
2400,18,19,65,10,0.7868157298210118,9
2401,32,10,13,5,0.783536384760421,5
2402,65,68,41,31,0.7778443112166791,37
2403,104,45,114,21,0.7777920700848383,24
2404,16,24,15,11,0.7772765056505548,13
2405,41,19,57,10,0.7739586140831617,9
2406,33,15,104,8,0.7704375614853092,7
2407,51,25,3,10,0.7691035780298825,15
2408,65,17,47,8,0.763886252367048,9
2409,7,74,60,36,0.7622237113186221,38
2410,28,27,48,13,0.7484805696104432,14
2411,3,20,71,10,0.744611540631482,10
2412,36,13,74,5,0.7437175733038444,8
2413,95,41,5,21,0.731606653431554,20
2414,71,47,7,25,0.7293662611261026,22
2415,60,72,71,35,0.7281126865225346,37
2416,15,23,25,10,0.7267013492378231,13
2417,1,24,7,12,0.723064375513561,12
2418,82,13,28,7,0.7153587234866209,6
2419,93,15,84,7,0.7145615095611303,8
2420,54,85,65,41,0.7126472318729192,44
2421,76,25,8,13,0.7077738529790866,12
2422,106,25,17,11,0.6970418753518993,14
2423,27,11,99,6,0.6941577039356042,5
2424,7,37,54,18,0.6880798945507965,19
2425,18,19,25,10,0.6816652439852776,9
2426,8,32,71,15,0.6805048911548379,17
2427,17,10,87,5,0.6720551767544857,5
2428,87,19,62,10,0.6714148996508001,9
2429,37,40,114,18,0.6680388190804037,22
2430,63,43,87,20,0.6645353122982498,23
2431,71,37,107,17,0.6552961959934859,20
2432,98,16,50,8,0.6426219058041094,8
2433,107,90,7,40,0.6409600058655293,50
2434,25,25,41,14,0.6394054706376684,11
2435,65,30,80,15,0.6386092316307005,15
2436,111,17,36,8,0.6365354853619557,9
2437,45,13,87,6,0.6337375141360975,7
2438,4,28,64,13,0.6316212138641686,15
2439,41,28,106,13,0.629047162066602,15
2440,51,56,55,28,0.628635663200355,28
2441,11,11,97,6,0.6269874474505769,5
2442,27,10,11,4,0.6266769775986689,6
2443,3,13,50,7,0.6256160311234288,6
2444,4,16,81,7,0.6256116131670714,9
2445,36,33,71,17,0.6241330409639582,16
2446,109,13,40,7,0.6223424064374103,6
2447,76,30,96,14,0.6223340675935091,16
2448,20,16,30,8,0.6221727905859933,8
2449,39,12,29,6,0.6210417076734439,6
2450,91,16,70,7,0.6063303701253773,9
2451,71,11,58,5,0.598890926730215,6
2452,50,55,86,29,0.5948795299571148,26
2453,96,45,87,23,0.5775655020876899,22
2454,11,51,16,22,0.5759421625629789,29
2455,23,12,53,6,0.5700661218932129,6
2456,97,31,2,15,0.5614740846174435,16
2457,83,10,2,5,0.5594397265150824,5
2458,64,12,15,7,0.5592833166577472,5
2459,86,58,13,30,0.5560405025938514,28
2460,5,49,54,23,0.5526115688513309,26
2461,92,17,7,7,0.5480230211986101,10
2462,104,55,13,27,0.5474902747445213,28
2463,16,57,54,27,0.5405894805743554,30
2464,106,10,1,5,0.539652861011431,5
2465,63,43,7,18,0.5381341307781913,25
2466,46,16,57,8,0.5297057406629254,8
2467,41,22,69,9,0.5251046614961192,13
2468,73,19,28,10,0.5214155246375574,9
2469,7,18,70,7,0.5158871113950122,11
2470,60,22,109,11,0.5152194261091816,11
2471,41,11,90,6,0.513841479320257,5
2472,114,11,38,6,0.5127819422302534,5
2473,51,22,71,11,0.5066228412969123,11
2474,9,45,68,23,0.5033010628307032,22
2475,90,13,91,6,0.5003235284827323,7
2476,70,19,39,10,0.49953189293951183,9
2477,5,59,87,29,0.4991669720547012,30
2478,86,39,68,19,0.49538149273848137,20
2479,5,39,63,22,0.49187190353271276,17
2480,57,14,104,5,0.4845128262229356,9
2481,17,10,18,6,0.4807393003672915,4
2482,95,28,74,13,0.47842550860281996,15
2483,37,13,69,6,0.4741041536564538,7
2484,45,18,64,9,0.47078973461046125,9
2485,20,19,2,9,0.46802771578138846,10
2486,25,16,43,6,0.46361854443668904,10
2487,41,52,88,25,0.4630320390531315,27
2488,87,16,111,8,0.45897322341286445,8
2489,13,47,53,21,0.45461417007505983,26
2490,88,41,49,20,0.4529990219368629,21
2491,86,96,107,48,0.4468075883124491,48
2492,86,83,65,43,0.4411076558908754,40
2493,90,15,11,7,0.4409004522210816,8
2494,12,13,18,6,0.4352920108827378,7
2495,40,43,31,22,0.429627197462679,21
2496,33,11,99,6,0.42486651226142574,5
2497,37,36,17,16,0.42335569980871807,20
2498,9,21,58,10,0.42303022437283994,11
2499,114,56,88,28,0.4216629632034502,28
2500,5,14,38,7,0.4168378546295618,7
2501,57,11,40,5,0.40892721771307644,6
2502,109,29,104,14,0.40824541877732634,15
2503,15,10,81,5,0.40598881161956657,5
2504,64,26,41,11,0.40374152700026245,15
2505,68,11,57,6,0.4016716158171127,5
2506,46,40,11,19,0.4001450319361854,21
2507,88,13,78,6,0.3934639813104847,7
2508,3,15,55,7,0.39115052061440836,8
2509,8,13,44,6,0.3904420875790005,7
2510,70,38,106,20,0.38322439183367313,18
2511,8,35,50,16,0.38293825667797665,19
2512,14,18,84,8,0.37783903496494214,10
2513,16,39,114,18,0.3744778890921723,21
2514,114,26,75,13,0.3719126663008889,13
2515,51,38,17,18,0.36986831063967746,20
2516,95,26,28,12,0.36814720179538635,14
2517,25,30,63,16,0.3669879376751877,14
2518,17,12,1,6,0.3644523251464431,6
2519,107,67,114,34,0.3636753253095943,33
2520,63,27,71,14,0.3504623524169741,13
2521,107,79,8,36,0.3489627757682446,43
2522,87,34,18,18,0.3459882851266709,16
2523,114,13,84,6,0.3321803924883228,7
2524,68,48,60,25,0.32060528813408967,23
2525,50,18,112,8,0.31747188429243445,10
2526,63,43,39,18,0.3173141535020637,25
2527,97,10,49,6,0.2986343941212317,4
2528,73,15,96,7,0.29259461070533327,8
2529,16,64,25,32,0.2886416579377705,32
2530,17,25,114,14,0.28496362892659627,11
2531,91,10,17,5,0.28492932600072474,5
2532,97,21,83,9,0.284664584172639,12
2533,4,57,13,27,0.28380681703961486,30
2534,67,12,25,6,0.2816428039469064,6
2535,53,18,5,8,0.2778213329671456,10
2536,23,23,51,11,0.27232896707295756,12
2537,36,11,38,4,0.26679215079866997,7
2538,31,10,35,5,0.2664857773065452,5
2539,95,30,7,14,0.2613554696330983,16
2540,37,22,76,12,0.2606095394442829,10
2541,30,11,9,6,0.25964021517278035,5
2542,87,13,44,7,0.25594227376448775,6
2543,87,11,92,6,0.2558228307296545,5
2544,40,25,47,14,0.24655985846699452,11
2545,86,32,31,15,0.24444323577164595,17
2546,83,20,88,11,0.24121558114701722,9
2547,30,10,108,5,0.24117256366227835,5
2548,37,12,43,5,0.23624251310573877,7
2549,16,26,111,12,0.2324255478959678,14
2550,109,19,97,9,0.22727351714110486,10
2551,11,40,87,22,0.22473431916089695,18
2552,86,46,30,24,0.21653621847332555,22
2553,107,59,74,28,0.21255364694604195,31
2554,74,16,69,9,0.2118793093368751,7
2555,51,20,30,10,0.20736385142110692,10
2556,28,17,57,8,0.20685346022681894,9
2557,84,26,54,12,0.20394258489876999,14
2558,7,21,20,10,0.2027195831362576,11
2559,46,16,71,7,0.19894184736909315,9
2560,8,66,54,35,0.1986057005994308,31
2561,51,49,87,24,0.19343129150589594,25
2562,14,14,106,6,0.19021668109411646,8
2563,35,12,70,7,0.18631436457958764,5
2564,44,15,65,6,0.18351226600640885,9
2565,61,13,13,7,0.18189002672976676,6
2566,96,37,55,19,0.17732770674363885,18
2567,11,47,106,26,0.17225906773687616,21
2568,17,28,13,14,0.1676823988018485,14
2569,57,20,37,10,0.16220303080862575,10
2570,83,23,28,13,0.1621636967974565,10
2571,7,51,4,26,0.16136746029798088,25
2572,107,39,27,19,0.16105152039595438,20
2573,62,12,106,6,0.1584669634691407,6
2574,94,10,39,5,0.15532018609088852,5
2575,75,34,36,15,0.1531825120374645,19
2576,69,29,36,15,0.1524943306378237,14
2577,18,28,41,15,0.14547306255424425,13
2578,12,15,40,8,0.14369807725415834,7
2579,70,54,8,27,0.1404751949417945,27
2580,50,17,109,8,0.13868989752014263,9
2581,73,10,25,5,0.1328731236438802,5
2582,108,16,50,7,0.11486075029930842,9
2583,41,37,39,17,0.11453841885087006,20
2584,40,28,18,16,0.11377047107058737,12
2585,114,53,86,27,0.11065210693112888,26
2586,98,13,97,7,0.11020600858990875,6
2587,2,18,84,9,0.10504403066305398,9
2588,68,13,44,7,0.10451112471006771,6
2589,88,24,69,11,0.1024062201336718,13
2590,84,33,88,15,0.10026530043554462,18
2591,28,75,16,38,0.09681341211277841,37
2592,74,39,25,20,0.09563368284676016,19
2593,30,15,96,8,0.09214636377364425,7
2594,114,29,36,13,0.09213128587786307,16
2595,95,52,86,24,0.08956033992826938,28
2596,47,12,64,7,0.08420478222401477,5
2597,39,37,54,19,0.08415875734840579,18
2598,97,36,74,17,0.07931920932357782,19
2599,76,20,109,9,0.07505370430495735,11
2600,55,15,108,8,0.07480659095217349,7
2601,4,17,9,9,0.07319742332753343,8
2602,106,21,40,10,0.06808253080226546,11
2603,20,12,23,6,0.06562707953631779,6
2604,108,15,74,7,0.06305457719799344,8
2605,9,24,54,12,0.05654972241177777,12
2606,75,42,13,22,0.055380452553568084,20
2607,8,70,106,37,0.05212763279076112,33
2608,8,16,27,7,0.051328614148521634,9
2609,34,19,50,10,0.05002588679712766,9
2610,73,16,106,8,0.04700386219362951,8
2611,31,11,97,5,0.04256244744109723,6
2612,84,12,35,6,0.03547581193109058,6
2613,45,17,71,7,0.03389797077786283,10
2614,85,12,68,5,0.026458754445840137,7
2615,106,42,50,20,0.025298087208634697,22
2616,37,15,62,9,0.02061565017493169,6
2617,79,16,84,7,0.019079910408303924,9
2618,107,25,108,12,0.013698196737241802,13
2619,109,17,83,7,0.00972932964701334,10
2620,86,25,53,11,0.008691682626614466,14
2621,109,20,102,10,0.0026602667859183526,10
2622,102,20,109,10,-0.0026602667859165763,10
2623,53,25,86,14,-0.008691682626614182,11
2624,83,17,109,10,-0.009729329647013785,7
2625,108,25,107,13,-0.013698196737241517,12
2626,84,16,79,9,-0.0190799104083047,7
2627,62,15,37,6,-0.020615650174930673,9
2628,50,42,106,22,-0.02529808720863334,20
2629,68,12,85,7,-0.026458754445838843,5
2630,71,17,45,10,-0.03389797077786216,7
2631,35,12,84,6,-0.035475811931090284,6
2632,97,11,31,6,-0.042562447441096586,5
2633,106,16,73,8,-0.0470038621936304,8
2634,50,19,34,9,-0.05002588679712785,10
2635,27,16,8,9,-0.051328614148522966,7
2636,106,70,8,33,-0.05212763279076128,37
2637,13,42,75,20,-0.05538045255357105,22
2638,54,24,9,12,-0.05654972241177599,12
2639,74,15,108,8,-0.06305457719799369,7
2640,23,12,20,6,-0.06562707953631748,6
2641,40,21,106,11,-0.0680825308022658,10
2642,9,17,4,8,-0.07319742332753343,9
2643,108,15,55,7,-0.07480659095217229,8
2644,109,20,76,11,-0.07505370430495617,9
2645,74,36,97,19,-0.07931920932357782,17
2646,54,37,39,18,-0.08415875734840503,19
2647,64,12,47,5,-0.08420478222401447,7
2648,86,52,95,28,-0.08956033992827091,24
2649,36,29,114,16,-0.09213128587786189,13
2650,96,15,30,7,-0.09214636377364507,8
2651,25,39,74,19,-0.0956336828467596,20
2652,16,75,28,37,-0.0968134121127788,38
2653,88,33,84,18,-0.10026530043554559,15
2654,69,24,88,13,-0.10240622013367166,11
2655,44,13,68,6,-0.10451112471006657,7
2656,84,18,2,9,-0.10504403066305477,9
2657,97,13,98,6,-0.11020600858990862,7
2658,86,53,114,26,-0.11065210693112851,27
2659,18,28,40,12,-0.11377047107058744,16
2660,39,37,41,20,-0.11453841885087088,17
2661,50,16,108,9,-0.11486075029930998,7
2662,25,10,73,5,-0.1328731236438802,5
2663,109,17,50,9,-0.1386898975201418,8
2664,8,54,70,27,-0.14047519494179392,27
2665,40,15,12,7,-0.14369807725415834,8
2666,41,28,18,13,-0.14547306255424347,15
2667,36,29,69,14,-0.15249433063782128,15
2668,36,34,75,19,-0.1531825120374645,15
2669,39,10,94,5,-0.1553201860908871,5
2670,106,12,62,6,-0.15846696346914188,6
2671,27,39,107,20,-0.16105152039595397,19
2672,4,51,7,25,-0.16136746029798163,26
2673,28,23,83,10,-0.16216369679745715,13
2674,37,20,57,10,-0.162203030808627,10
2675,13,28,17,14,-0.16768239880184893,14
2676,106,47,11,21,-0.17225906773687602,26
2677,55,37,96,18,-0.17732770674364082,19
2678,13,13,61,6,-0.18189002672976565,7
2679,65,15,44,9,-0.1835122660064091,6
2680,70,12,35,5,-0.18631436457958692,7
2681,106,14,14,8,-0.19021668109411646,6
2682,87,49,51,25,-0.19343129150589594,24
2683,54,66,8,31,-0.19860570059943058,35
2684,71,16,46,9,-0.19894184736909182,7
2685,20,21,7,11,-0.2027195831362571,10
2686,54,26,84,14,-0.2039425848987681,12
2687,57,17,28,9,-0.20685346022681894,8
2688,30,20,51,10,-0.20736385142110766,10
2689,69,16,74,7,-0.21187930933687607,9
2690,30,46,86,22,-0.216536218473325,24
2691,88,34,20,18,-0.22290398998921776,16
2692,87,40,11,18,-0.22473431916089676,22
2693,97,19,109,10,-0.22727351714110525,9
2694,111,26,16,14,-0.23242554789596853,12
2695,43,12,37,7,-0.23624251310573818,5
2696,108,10,30,5,-0.24117256366227763,5
2697,88,20,83,9,-0.24121558114701463,11
2698,31,32,86,17,-0.24444323577164873,15
2699,47,25,40,11,-0.24655985846699366,14
2700,92,11,87,5,-0.2558228307296545,6
2701,44,13,87,6,-0.255942273764488,7
2702,9,11,30,5,-0.25964021517278013,6
2703,76,22,37,10,-0.26060953944428406,12
2704,7,30,95,16,-0.2613554696330997,14
2705,35,10,31,5,-0.2664857773065439,5
2706,38,11,36,7,-0.26679215079866964,4
2707,51,23,23,12,-0.27232896707295867,11
2708,5,18,53,10,-0.277821332967146,8
2709,25,12,67,6,-0.2816428039469064,6
2710,13,57,4,30,-0.28380681703961697,27
2711,83,21,97,12,-0.28466458417263885,9
2712,17,10,91,5,-0.28492932600072507,5
2713,114,25,17,11,-0.2849636289265948,14
2714,25,64,16,32,-0.2886416579377708,32
2715,96,15,73,8,-0.29259461070533327,7
2716,49,10,97,4,-0.2986343941212313,6
2717,39,43,63,25,-0.3173141535020636,18
2718,112,18,50,10,-0.31747188429243345,8
2719,60,48,68,23,-0.32060528813408984,25
2720,84,13,114,7,-0.33218039248832254,6
2721,18,34,87,16,-0.34598828512667124,18
2722,8,79,107,43,-0.3489627757682449,36
2723,71,27,63,13,-0.35046235241697343,14
2724,114,67,107,33,-0.36367532530959656,34
2725,1,12,17,6,-0.36445232514644194,6
2726,63,30,25,14,-0.3669879376751877,16
2727,28,26,95,14,-0.36814720179538646,12
2728,17,38,51,20,-0.36986831063967585,18
2729,75,26,114,13,-0.37191266630088854,13
2730,114,39,16,21,-0.3744778890921726,18
2731,84,18,14,10,-0.37783903496494253,8
2732,50,35,8,19,-0.3829382566779763,16
2733,106,38,70,18,-0.383224391833672,20
2734,44,13,8,7,-0.3904420875789997,6
2735,55,15,3,8,-0.391150520614408,7
2736,78,13,88,7,-0.3934639813104835,6
2737,11,40,46,21,-0.40014503193618634,19
2738,57,11,68,5,-0.40167161581711236,6
2739,41,26,64,15,-0.40374152700026184,11
2740,81,10,15,5,-0.40598881161956585,5
2741,104,29,109,15,-0.40824541877732484,14
2742,40,11,57,6,-0.4089272177130761,5
2743,38,14,5,7,-0.4168378546295618,7
2744,88,56,114,28,-0.4216629632034512,28
2745,58,21,9,11,-0.42303022437283955,10
2746,17,36,37,20,-0.42335569980871945,16
2747,99,11,33,5,-0.4248665122614248,6
2748,31,43,40,21,-0.4296271974626791,22
2749,18,13,12,7,-0.4352920108827394,6
2750,11,15,90,8,-0.4409004522210813,7
2751,65,83,86,40,-0.44110765589087725,43
2752,107,96,86,48,-0.446807588312449,48
2753,49,41,88,21,-0.45299902193686364,20
2754,53,47,13,26,-0.45461417007506105,21
2755,111,16,87,8,-0.45897322341286373,8
2756,88,52,41,27,-0.463032039053132,25
2757,43,16,25,10,-0.4636185444366884,6
2758,2,19,20,10,-0.4680277157813875,9
2759,64,18,45,9,-0.47078973461046025,9
2760,69,13,37,7,-0.47410415365645314,6
2761,74,28,95,15,-0.4784255086028221,13
2762,18,10,17,4,-0.48073930036729234,6
2763,104,14,57,9,-0.4845128262229359,5
2764,63,39,5,17,-0.4918719035327135,22
2765,68,39,86,20,-0.4953814927384827,19
2766,87,59,5,30,-0.49916697205470045,29
2767,39,19,70,9,-0.49953189293951067,10
2768,91,13,90,7,-0.5003235284827329,6
2769,68,45,9,22,-0.503301062830704,23
2770,71,22,51,11,-0.5066228412969127,11
2771,38,11,114,5,-0.5127819422302561,6
2772,90,11,41,5,-0.513841479320257,6
2773,109,22,60,11,-0.5152194261091816,11
2774,70,18,7,11,-0.5158871113950115,7
2775,28,19,73,9,-0.5214155246375576,10
2776,69,22,41,13,-0.525104661496118,9
2777,57,16,46,8,-0.5297057406629241,8
2778,7,43,63,25,-0.5381341307781913,18
2779,1,10,106,5,-0.5396528610114302,5
2780,54,57,16,30,-0.540589480574354,27
2781,13,55,104,28,-0.5474902747445204,27
2782,7,17,92,10,-0.5480230211986107,7
2783,54,49,5,26,-0.5526115688513301,23
2784,13,58,86,28,-0.5560405025938512,30
2785,15,12,64,5,-0.5592833166577464,7
2786,2,10,83,5,-0.559439726515081,5
2787,2,31,97,16,-0.5614740846174444,15
2788,107,36,90,19,-0.5646498466658356,17
2789,53,12,23,6,-0.5700661218932138,6
2790,87,45,96,22,-0.57756550208769,23
2791,86,55,50,26,-0.5948795299571146,29
2792,58,11,71,6,-0.5988909267302156,5
2793,70,16,91,9,-0.6063303701253777,7
2794,29,12,39,6,-0.6210417076734448,6
2795,96,30,76,16,-0.6223340675935105,14
2796,40,13,109,6,-0.6223424064374109,7
2797,106,45,76,25,-0.6229200096733949,20
2798,71,33,36,16,-0.6241330409639598,17
2799,81,16,4,9,-0.6256116131670714,7
2800,50,13,3,6,-0.6256160311234288,7
2801,11,10,27,6,-0.6266769775986694,4
2802,97,11,11,5,-0.626987447450576,6
2803,55,56,51,28,-0.6286356632003562,28
2804,106,28,41,15,-0.6290471620666023,13
2805,64,28,4,15,-0.6316212138641698,13
2806,87,13,45,7,-0.6337375141360986,6
2807,36,17,111,9,-0.6365354853619557,8
2808,80,30,65,15,-0.6386092316307003,15
2809,41,25,25,11,-0.6394054706376676,14
2810,7,90,107,50,-0.6409600058655307,40
2811,50,16,98,8,-0.6426219058041119,8
2812,107,37,71,20,-0.655296195993484,17
2813,87,43,63,23,-0.6645353122982502,20
2814,114,40,37,22,-0.6680388190804033,18
2815,62,19,87,9,-0.6714148996507997,10
2816,87,10,17,5,-0.6720551767544857,5
2817,71,32,8,17,-0.6805048911548376,15
2818,25,19,18,9,-0.6816652439852758,10
2819,54,37,7,19,-0.6880798945507957,18
2820,99,11,27,5,-0.6941577039356038,6
2821,17,25,106,14,-0.6970418753519009,11
2822,8,25,76,12,-0.7077738529790857,13
2823,65,85,54,44,-0.7126472318729195,41
2824,84,15,93,8,-0.7145615095611293,7
2825,28,13,82,6,-0.7153587234866207,7
2826,7,24,1,12,-0.7230643755135597,12
2827,25,23,15,13,-0.7267013492378236,10
2828,71,72,60,37,-0.7281126865225326,35
2829,7,47,71,22,-0.7293662611261019,25
2830,48,18,106,9,-0.7312368699340437,9
2831,5,41,95,20,-0.7316066534315533,21
2832,74,13,36,8,-0.743717573303844,5
2833,71,20,3,10,-0.7446115406314829,10
2834,48,27,28,14,-0.7484805696104441,13
2835,60,74,7,38,-0.762223711318622,36
2836,47,17,65,9,-0.7638862523670515,8
2837,3,25,51,15,-0.7691035780298825,10
2838,104,15,33,7,-0.7704375614853106,8
2839,57,19,41,9,-0.7739586140831615,10
2840,15,24,16,13,-0.777276505650555,11
2841,114,45,104,24,-0.7777920700848373,21
2842,41,68,65,37,-0.7778443112166791,31
2843,13,10,32,5,-0.7835363847604213,5
2844,65,19,18,9,-0.7868157298210114,10
2845,9,13,38,7,-0.7885433122821547,6
2846,39,28,11,14,-0.7894372385849192,14
2847,78,11,28,5,-0.7898078034632366,6
2848,39,46,87,24,-0.7901955149162592,22
2849,77,16,5,8,-0.7908065895997605,8
2850,88,22,2,11,-0.7956469041111237,11
2851,86,17,12,9,-0.8013363403706052,8
2852,50,17,79,9,-0.8036407520519754,8
2853,107,58,96,31,-0.8081270899904945,27
2854,76,45,106,21,-0.8113571883686943,24
2855,20,27,74,13,-0.8203305748765273,14
2856,65,23,11,13,-0.8217152797009972,10
2857,62,12,55,7,-0.8240244688504365,5
2858,46,16,2,8,-0.8285194662826783,8
2859,93,19,107,9,-0.8317061972633653,10
2860,28,16,60,7,-0.8360731874033259,9
2861,74,40,54,20,-0.8415267564978521,20
2862,88,73,8,37,-0.8508025087607838,36
2863,75,17,95,9,-0.8604277528016118,8
2864,114,10,10,6,-0.8617397018011254,4
2865,25,27,50,13,-0.8694133305278395,14
2866,73,14,63,8,-0.8724283651363756,6
2867,28,70,107,37,-0.8732207027933347,33
2868,68,47,111,23,-0.87462883933747,24
2869,65,45,74,22,-0.8800404347092061,23
2870,4,21,77,11,-0.8810684428976734,10
2871,46,31,107,15,-0.8942764168819444,16
2872,47,14,27,6,-0.894868026274021,8
2873,74,17,68,10,-0.9001065237726515,7
2874,39,48,25,24,-0.9005573108368402,24
2875,88,37,64,20,-0.9018856813247718,17
2876,8,15,80,7,-0.9079706413866468,8
2877,9,37,86,18,-0.909699462595022,19
2878,106,34,20,18,-0.9177110065063081,16
2879,33,20,13,10,-0.9181205054603415,10
2880,50,17,69,10,-0.918845201923083,7
2881,107,68,54,34,-0.9237160218389213,34
2882,104,33,39,17,-0.924396755600099,16
2883,86,17,33,8,-0.9246066959077452,9
2884,31,20,47,10,-0.9260327461409713,10
2885,39,32,9,15,-0.928553682031918,17
2886,13,58,41,29,-0.9328274053858711,29
2887,7,26,49,15,-0.9400026625604864,11
2888,114,13,112,6,-0.9421647262329372,7
2889,8,20,7,11,-0.9446580951337818,9
2890,63,14,34,7,-0.9507384684475217,7
2891,5,14,14,8,-0.9561035605846475,6
2892,27,41,13,20,-0.9633164048559403,21
2893,75,49,65,26,-0.967149368231196,23
2894,18,29,86,16,-0.9698308303466704,13
2895,87,16,14,9,-0.9719183858987275,7
2896,5,65,107,33,-0.9748363761521153,32
2897,9,45,13,25,-0.9808242863739254,20
2898,65,18,84,10,-0.9824722158055605,8
2899,100,14,64,8,-0.9873146869937529,6
2900,111,17,23,7,-0.9902411232186308,10
2901,28,67,106,35,-0.9916026418837889,32
2902,71,10,109,5,-0.9970275319814981,5
2903,65,52,31,26,-0.997586001176756,26
2904,107,14,14,8,-0.9979055699599793,6
2905,71,20,4,12,-1.0014924900336724,8
2906,7,39,114,21,-1.0047894280060643,18
2907,6,14,68,8,-1.005162162800652,6
2908,88,20,93,11,-1.013881838292134,9
2909,54,10,79,6,-1.0149152326576492,4
2910,33,10,70,5,-1.0222975969230645,5
2911,44,20,63,11,-1.0233184771026504,9
2912,17,21,8,10,-1.026318191087207,11
2913,7,22,35,11,-1.02999883395421,11
2914,88,34,71,19,-1.0311330418182334,15
2915,3,14,45,7,-1.0349134798027073,7
2916,88,21,90,10,-1.0373159148886413,11
2917,90,32,16,15,-1.044046076277467,17
2918,109,51,86,26,-1.0634551966465833,25
2919,66,12,106,7,-1.0707591278531368,5
2920,37,20,67,11,-1.0707700527635244,9
2921,1,29,107,15,-1.0725529373993175,14
2922,97,19,64,10,-1.0748997556854094,9
2923,55,33,83,16,-1.0771475436917033,17
2924,75,29,41,14,-1.0870897660952288,15
2925,39,46,65,26,-1.0892678939812854,20
2926,74,13,40,7,-1.0901529369074696,6
2927,11,16,14,9,-1.0923565448715815,7
2928,106,16,27,7,-1.0992702168895803,9
2929,33,16,54,9,-1.1000953180608284,7
2930,12,15,88,7,-1.1021036328161913,8
2931,2,18,96,9,-1.1039761816908782,9
2932,40,47,63,25,-1.1085655861732648,22
2933,107,44,68,22,-1.1117407134644683,22
2934,97,12,29,6,-1.1121402109632494,6
2935,57,17,25,9,-1.1122394350713356,8
2936,74,23,75,13,-1.1136382979927992,10
2937,69,12,43,6,-1.118041211732364,6
2938,69,23,65,12,-1.119602811272781,11
2939,88,18,61,8,-1.1254133453483963,10
2940,114,13,33,6,-1.1286658148323805,7
2941,106,26,36,13,-1.1307287364062808,13
2942,48,14,20,8,-1.1319086574299342,6
2943,39,46,107,25,-1.1319631461408335,21
2944,16,47,23,25,-1.1335884234619735,22
2945,109,15,48,8,-1.1338129007062274,7
2946,69,10,42,5,-1.1347588356207454,5
2947,49,16,63,8,-1.1351919136754067,8
2948,91,31,88,16,-1.1352768006015461,15
2949,112,20,16,12,-1.1599133821614367,8
2950,68,38,27,21,-1.1654046230648214,17
2951,48,16,65,9,-1.1655305065337136,7
2952,98,25,16,13,-1.168666023633347,12
2953,16,28,48,15,-1.1700437405112516,13
2954,28,24,76,13,-1.1713077042523665,11
2955,39,66,7,34,-1.1790975280339926,32
2956,31,34,88,17,-1.1836541894089585,17
2957,109,25,25,13,-1.1927554377225942,12
2958,43,12,94,7,-1.1957377911100522,5
2959,84,25,37,13,-1.2002245471215662,12
2960,86,76,40,41,-1.2050622441021135,35
2961,97,33,25,17,-1.2112097532933461,16
2962,46,12,38,7,-1.2117798317776216,5
2963,74,11,98,6,-1.2137114800422124,5
2964,28,45,37,24,-1.213842723184881,21
2965,54,62,50,32,-1.2219864026222214,30
2966,107,43,41,24,-1.2230791102829786,19
2967,9,26,71,14,-1.2262156519313807,12
2968,95,16,63,8,-1.233969730193377,8
2969,31,25,71,13,-1.2380158081615502,12
2970,43,12,104,7,-1.2430962980218272,5
2971,9,14,112,7,-1.2462060918375695,7
2972,89,10,65,5,-1.2467666872041385,5
2973,49,18,51,9,-1.2519255706421974,9
2974,7,12,72,6,-1.2589041979579136,6
2975,99,26,55,14,-1.260544955494955,12
2976,65,27,50,14,-1.2644687002361992,13
2977,7,15,30,9,-1.2653074178605743,6
2978,70,37,107,18,-1.2710045606194935,19
2979,55,82,8,40,-1.2721684605222614,42
2980,51,30,50,15,-1.277023353905357,15
2981,49,15,65,8,-1.283273453022916,7
2982,47,27,7,15,-1.2882081495082418,12
2983,28,37,13,20,-1.2907694367415563,17
2984,74,22,2,12,-1.2925512141562505,10
2985,107,16,112,8,-1.2995663050577217,8
2986,13,44,5,23,-1.3023509853743016,21
2987,102,11,70,4,-1.3043211125718082,7
2988,8,16,10,9,-1.3145513780375313,7
2989,47,16,63,10,-1.3162850335917957,6
2990,88,60,46,30,-1.3171891594634109,30
2991,80,18,74,9,-1.3199661328668575,9
2992,3,13,61,6,-1.3229217896944443,7
2993,68,39,64,22,-1.3356994520331136,17
2994,37,66,8,34,-1.3357403383797612,32
2995,34,15,9,8,-1.337971348338254,7
2996,51,44,8,23,-1.3380278840989295,21
2997,18,19,74,9,-1.3431629471813042,10
2998,114,27,71,14,-1.3431780041778798,13
2999,90,17,84,9,-1.3434141546201466,8
3000,88,37,97,19,-1.3490743629309028,18
3001,76,16,41,7,-1.3542221522537392,9
3002,104,31,68,15,-1.3616459533032323,16
3003,30,26,25,12,-1.3633847180345777,14
3004,40,23,30,12,-1.3656919842952278,11
3005,23,13,27,6,-1.3665703255989474,7
3006,107,26,34,15,-1.3668621777782066,11
3007,76,11,90,5,-1.371109786983603,6
3008,48,10,75,5,-1.3711471542080287,5
3009,3,15,104,8,-1.3716937929461992,7
3010,37,11,4,6,-1.3739635228518743,5
3011,17,27,107,14,-1.3774655590316487,13
3012,11,41,50,22,-1.3816262941644981,19
3013,114,15,15,8,-1.3858486532762986,7
3014,9,15,69,8,-1.3894868657900223,7
3015,35,17,88,9,-1.3903417931875626,8
3016,39,28,95,15,-1.393959809966758,13
3017,106,25,100,12,-1.3941621457208517,13
3018,83,15,7,9,-1.3943529604549403,6
3019,9,13,91,7,-1.3946381880594534,6
3020,95,19,20,10,-1.3957034121223266,9
3021,44,12,75,7,-1.3998373775330364,5
3022,71,20,55,12,-1.4011045905491621,8
3023,95,17,70,8,-1.4011695857654913,9
3024,64,26,54,14,-1.4061463194260126,12
3025,74,39,87,21,-1.4084912775273244,18
3026,11,15,102,9,-1.4114820984859553,6
3027,40,30,41,15,-1.4126537270823987,15
3028,15,28,13,14,-1.4143705369608408,14
3029,53,18,44,8,-1.41455145252676,10
3030,74,23,7,14,-1.416693167031464,9
3031,87,23,80,12,-1.4202226913102634,11
3032,45,35,36,16,-1.4232731245081227,19
3033,110,14,106,7,-1.425859572556296,7
3034,70,27,76,15,-1.4264215948460301,12
3035,97,21,20,10,-1.4395279608818727,11
3036,35,22,86,10,-1.4400736229214335,12
3037,63,64,107,30,-1.4442309150489372,34
3038,76,20,98,11,-1.4493678922731097,9
3039,89,16,50,9,-1.4560158637801313,7
3040,38,16,8,8,-1.4562520429495762,8
3041,83,23,25,13,-1.459720188055496,10
3042,54,11,110,6,-1.4614008940578218,5
3043,89,14,28,8,-1.4639788382157586,6
3044,65,89,63,46,-1.4663105199346156,43
3045,30,15,49,8,-1.4667608883534202,7
3046,31,35,4,20,-1.467424080580519,15
3047,2,32,86,16,-1.4682447143488924,16
3048,3,30,86,16,-1.4720188653692665,14
3049,32,17,11,8,-1.4729852723414758,9
3050,17,12,64,6,-1.482338901127826,6
3051,77,17,68,9,-1.4983876400045488,8
3052,39,33,28,18,-1.4988037688650102,15
3053,60,13,38,7,-1.5118752843856305,6
3054,50,30,84,15,-1.5145533767727424,15
3055,55,12,46,7,-1.514859018089955,5
3056,78,11,98,6,-1.5190069892875961,5
3057,8,12,43,6,-1.5194230889621378,6
3058,37,14,35,7,-1.523131742310598,7
3059,88,34,1,17,-1.5234508852206479,17
3060,41,75,7,38,-1.5262460973140617,37
3061,86,54,70,29,-1.5265643039354164,25
3062,20,24,70,13,-1.5291025938951803,11
3063,83,19,106,11,-1.531176804791276,8
3064,79,11,107,5,-1.5337921396437189,6
3065,106,30,71,16,-1.5367748054190216,14
3066,88,14,48,6,-1.5368173707334059,8
3067,61,12,65,7,-1.5448114274450557,5
3068,71,12,69,6,-1.5455671010954832,6
3069,74,26,11,14,-1.5483769164487973,12
3070,74,32,104,18,-1.554143171295681,14
3071,83,23,104,13,-1.5563880557352991,10
3072,100,12,97,6,-1.5601199386945845,6
3073,61,17,40,9,-1.5607473214395375,8
3074,111,14,9,7,-1.5621342613374538,7
3075,107,61,84,32,-1.5631651047261477,29
3076,50,37,63,20,-1.5673775939383394,17
3077,49,44,39,24,-1.5713064695273775,20
3078,90,22,55,10,-1.578656952498874,12
3079,31,11,66,6,-1.581450396259821,5
3080,25,29,95,15,-1.5820643564901036,14
3081,25,15,2,7,-1.5845186001024019,8
3082,40,73,7,40,-1.588804971289502,33
3083,36,30,1,14,-1.5919918411390328,16
3084,30,18,99,10,-1.5949338139614573,8
3085,39,39,36,21,-1.5968371417160858,18
3086,63,53,106,27,-1.597863471262713,26
3087,26,14,13,7,-1.6051046471259123,7
3088,43,13,70,7,-1.6071210379776915,6
3089,74,59,107,32,-1.6086403256327972,27
3090,20,28,114,15,-1.6093906597632899,13
3091,11,17,7,9,-1.6096082788053911,8
3092,60,42,65,25,-1.6141246546544767,17
3093,97,19,93,10,-1.6218435881798225,9
3094,40,35,16,19,-1.629313791551436,16
3095,96,19,39,11,-1.6315253594413601,8
3096,88,44,106,25,-1.6421661548035542,19
3097,65,52,28,28,-1.6456385043020714,24
3098,74,50,16,27,-1.6504828930462023,23
3099,68,23,36,12,-1.6511686348202665,11
3100,13,50,49,25,-1.6512345250772436,25
3101,51,49,37,23,-1.6543448329472816,26
3102,64,22,50,11,-1.6654672188379327,11
3103,31,28,45,15,-1.6710870406691087,13
3104,51,32,18,16,-1.6712563352113965,16
3105,60,43,53,24,-1.6794097413590596,19
3106,2,14,75,7,-1.6860484967370888,7
3107,68,56,51,27,-1.6875805796494077,29
3108,67,11,96,5,-1.6933647660310176,6
3109,23,15,36,6,-1.6972875274185715,9
3110,102,16,20,8,-1.6989391239814924,8
3111,63,33,41,17,-1.6996369290219266,16
3112,37,10,48,5,-1.703593750319215,5
3113,43,22,51,11,-1.7055396893146837,11
3114,54,12,78,7,-1.7090527658110262,5
3115,76,13,84,7,-1.710890300241341,6
3116,85,10,74,5,-1.7134982697618457,5
3117,90,36,107,18,-1.723381098959678,18
3118,11,49,8,27,-1.7256786381417557,22
3119,31,20,39,11,-1.7276829359560442,9
3120,12,13,50,5,-1.7279667161947843,8
3121,11,14,60,7,-1.729783938603551,7
3122,75,19,70,9,-1.7314858975507368,10
3123,17,30,16,18,-1.732930772374511,12
3124,87,28,75,15,-1.7361250156469619,13
3125,88,37,36,21,-1.7392851936744331,16
3126,60,19,15,11,-1.739956999676668,8
3127,18,22,104,13,-1.7410989710262754,9
3128,6,11,18,6,-1.7414584600944745,5
3129,36,33,60,17,-1.7416473627060742,16
3130,68,31,4,16,-1.7510661926181545,15
3131,70,26,84,14,-1.7530345342228948,12
3132,8,15,49,9,-1.7678498041146895,6
3133,86,98,106,51,-1.7719846847155705,47
3134,16,62,104,33,-1.7780277088526335,29
3135,20,10,71,6,-1.7786503004599794,4
3136,84,13,102,7,-1.7793224025292758,6
3137,60,44,39,22,-1.7808710766359674,22
3138,90,25,37,13,-1.7816453937181784,12
3139,41,25,1,12,-1.7850851573908935,13
3140,65,42,8,22,-1.786552363958813,20
3141,90,44,86,24,-1.7893173958663402,20
3142,55,48,87,25,-1.7924162039290543,23
3143,28,65,8,35,-1.8060421386611965,30
3144,25,22,36,11,-1.8071440138268584,11
3145,111,18,40,9,-1.8104998545748818,9
3146,80,21,84,12,-1.8116947476965408,9
3147,28,18,79,10,-1.8130893193426156,8
3148,99,13,102,7,-1.8212893413036864,6
3149,39,28,47,15,-1.8256978807212814,13
3150,114,13,44,7,-1.8263733365516708,6
3151,13,29,74,15,-1.8278354237299068,14
3152,29,14,7,6,-1.8294106613069705,8
3153,41,17,46,10,-1.8296103863068403,7
3154,96,38,84,19,-1.835648682700679,19
3155,63,40,68,20,-1.8432100569925869,20
3156,51,59,40,31,-1.8453671538115306,28
3157,53,25,95,15,-1.8459170880359104,10
3158,98,21,28,13,-1.8460912305825197,8
3159,86,43,60,23,-1.8466437284072539,20
3160,106,12,34,7,-1.848042404417825,5
3161,76,22,46,12,-1.8507100299988153,10
3162,86,11,6,6,-1.8539951054916275,5
3163,106,61,87,31,-1.8566326197242504,30
3164,87,13,6,7,-1.8611049796290908,6
3165,13,29,63,15,-1.8611602738086934,14
3166,5,95,37,49,-1.865428870342572,46
3167,17,14,74,7,-1.8676704113074127,7
3168,83,16,60,9,-1.8774619090517453,7
3169,79,14,8,6,-1.8787453444383126,8
3170,8,41,2,21,-1.8848654476169693,20
3171,64,23,25,12,-1.8857238852847689,11
3172,16,51,11,30,-1.8931355077036744,21
3173,88,13,14,7,-1.902096229341472,6
3174,114,37,63,22,-1.909917642987871,15
3175,87,16,43,8,-1.911299605590382,8
3176,106,32,97,16,-1.9159665785715099,16
3177,76,11,99,5,-1.9173589523208336,6
3178,41,21,70,10,-1.9198471114809519,11
3179,28,25,80,13,-1.9225523112040797,12
3180,18,21,114,11,-1.923577249757447,10
3181,50,26,17,13,-1.924177865934715,13
3182,40,19,70,11,-1.9276789997691202,8
3183,68,102,7,55,-1.9293617360896569,47
3184,104,13,110,8,-1.9388474450810558,5
3185,31,14,23,8,-1.9392936999416424,6
3186,55,20,25,11,-1.9429576796619947,9
3187,64,34,36,17,-1.9485056781764598,17
3188,18,54,7,27,-1.9485749042545342,27
3189,97,20,53,11,-1.9536953475899286,9
3190,71,12,78,6,-1.9545808326383198,6
3191,92,17,13,7,-1.9557816590236845,10
3192,94,10,60,5,-1.9558814631865937,5
3193,35,11,50,6,-1.9581460146246743,5
3194,75,20,40,11,-1.9606784180037784,9
3195,87,15,78,7,-1.9606966739631162,8
3196,55,62,86,33,-1.9647331960922172,29
3197,54,47,87,26,-1.9691631988961396,21
3198,97,16,75,9,-1.9718298395799774,7
3199,37,33,88,18,-1.979989875378531,15
3200,13,13,48,7,-1.984822076945226,6
3201,4,19,53,10,-1.987694792892672,9
3202,58,11,50,6,-1.9915314759076352,5
3203,112,15,104,8,-1.9939359727925703,7
3204,68,57,65,31,-2.0015768761708967,26
3205,51,20,12,11,-2.0030592525833657,9
3206,40,44,9,24,-2.013131078746107,20
3207,58,10,4,6,-2.016897461480046,4
3208,90,36,8,20,-2.01946478207178,16
3209,73,12,55,6,-2.024829564390717,6
3210,80,10,38,6,-2.0310395723254184,4
3211,63,12,58,5,-2.0345686518653676,7
3212,88,14,89,7,-2.035463499061412,7
3213,65,82,7,41,-2.0356092203463327,41
3214,60,24,90,14,-2.039727571926182,10
3215,54,17,23,9,-2.040126358853802,8
3216,45,22,13,12,-2.063714442075688,10
3217,49,16,68,8,-2.063780554877947,8
3218,114,23,50,13,-2.0649465321872778,10
3219,28,36,46,21,-2.0672815532521795,15
3220,60,52,77,28,-2.0764857415563527,24
3221,1,16,9,7,-2.076553496826979,9
3222,114,39,60,17,-2.0779625415555554,22
3223,63,10,82,5,-2.0779758612966877,5
3224,112,14,36,8,-2.078462803011453,6
3225,5,50,109,25,-2.081151775830807,25
3226,114,13,98,7,-2.0825036861166173,6
3227,28,90,86,49,-2.0874285968542443,41
3228,8,22,97,11,-2.094799206270941,11
3229,29,15,16,7,-2.096096770007441,8
3230,5,62,28,32,-2.10037433995057,30
3231,60,24,99,13,-2.100940382067204,11
3232,35,23,20,13,-2.1036160096888272,10
3233,100,23,8,13,-2.1093275750438307,10
3234,70,21,97,12,-2.110003760847125,9
3235,88,18,81,9,-2.113043846902455,9
3236,33,12,74,6,-2.113811361821,6
3237,30,13,48,6,-2.114145406665778,7
3238,40,15,11,8,-2.115832802221002,7
3239,64,20,1,10,-2.116432620959366,10
3240,55,41,75,24,-2.116618837663174,17
3241,70,11,53,6,-2.117480208536356,5
3242,9,12,74,7,-2.117746562528868,5
3243,68,17,15,10,-2.135080722439133,7
3244,65,17,62,9,-2.139530699153567,8
3245,28,49,11,25,-2.1398999630410587,24
3246,46,27,87,13,-2.150785198948074,14
3247,51,65,88,32,-2.162417188252714,33
3248,84,12,17,6,-2.1646737051112903,6
3249,74,14,88,9,-2.16536396125082,5
3250,13,22,11,11,-2.165914141538766,11
3251,39,11,33,6,-2.1701558874520313,5
3252,70,26,63,14,-2.1813121472430432,12
3253,74,64,8,36,-2.1866220406514896,28
3254,3,10,69,6,-2.186951889336714,4
3255,20,34,88,17,-2.1997170112613285,17
3256,48,23,8,13,-2.2004165749645987,10
3257,40,12,112,6,-2.2105918484505547,6
3258,96,50,5,28,-2.21142719225076,22
3259,8,11,112,5,-2.214468435350456,6
3260,69,11,104,7,-2.21747944835034,4
3261,99,13,98,6,-2.22125816779338,7
3262,114,11,11,5,-2.2223336020983733,6
3263,51,22,1,11,-2.223305174454598,11
3264,33,11,88,5,-2.224220943421554,6
3265,100,16,28,9,-2.2255414738387724,7
3266,25,16,90,9,-2.226157693683706,7
3267,74,27,20,15,-2.230377352624161,12
3268,8,11,52,6,-2.23336855433637,5
3269,70,25,68,13,-2.2334926025833965,12
3270,104,35,87,17,-2.2393020839894078,18
3271,4,38,88,20,-2.24592170041755,18
3272,28,43,87,22,-2.2459488534631893,21
3273,54,14,41,7,-2.2511014360561394,7
3274,46,24,60,13,-2.263806664184089,11
3275,96,66,28,35,-2.2674069446039327,31
3276,31,10,61,5,-2.2696136748473594,5
3277,53,18,63,10,-2.272596623719556,8
3278,71,16,80,8,-2.2753923838048147,8
3279,74,46,37,24,-2.2838690954080456,22
3280,31,21,50,11,-2.283882121200707,10
3281,4,13,106,6,-2.287883468044352,7
3282,65,34,12,19,-2.2912567827828676,15
3283,45,18,114,10,-2.292094813707231,8
3284,5,24,100,13,-2.2932427434044693,11
3285,96,36,106,20,-2.2984565902488896,16
3286,109,16,68,10,-2.29851232062389,6
3287,71,37,65,21,-2.3077093608251746,16
3288,68,29,3,16,-2.308487045266865,13
3289,3,23,9,12,-2.3162904113567793,11
3290,57,13,84,6,-2.3176628996042026,7
3291,86,87,63,50,-2.3201836482496514,37
3292,102,21,104,10,-2.320627297470276,11
3293,23,18,95,9,-2.3237980752518905,9
3294,93,12,20,6,-2.3328644598895543,6
3295,4,17,104,10,-2.3357072159096566,7
3296,13,73,16,40,-2.3367490413306244,33
3297,112,19,75,11,-2.3380385182898786,8
3298,12,15,13,6,-2.3425974502134452,9
3299,109,14,96,8,-2.3566759619593642,6
3300,5,23,99,12,-2.3616219022642833,11
3301,106,37,104,19,-2.3634716745562443,18
3302,96,55,8,30,-2.3714393570924233,25
3303,96,10,69,6,-2.371580754307745,4
3304,80,24,20,13,-2.3743533978302183,11
3305,51,36,28,18,-2.375623805094966,18
3306,84,28,55,15,-2.3790863004124483,13
3307,49,18,54,9,-2.3820443029674467,9
3308,56,13,75,8,-2.3840139649043506,5
3309,104,25,96,14,-2.3866419839158355,11
3310,51,23,108,12,-2.3869193933604893,11
3311,95,40,104,22,-2.389034218387607,18
3312,8,12,111,6,-2.390343846489093,6
3313,87,22,83,11,-2.3903571419434884,11
3314,64,41,53,22,-2.3943285328808854,19
3315,16,23,44,11,-2.3999833792654597,12
3316,8,10,56,6,-2.4000860547179794,4
3317,77,19,86,11,-2.4096878419842764,8
3318,93,33,8,17,-2.4111455321691304,16
3319,25,46,107,24,-2.4187485647838773,22
3320,99,11,109,6,-2.419517402501058,5
3321,75,20,91,7,-2.4323694332612673,13
3322,99,21,87,12,-2.432411032680885,9
3323,43,25,16,15,-2.437377192053122,10
3324,106,39,55,22,-2.4381392466666045,17
3325,51,37,9,19,-2.442051118378038,18
3326,31,32,51,19,-2.442717268856009,13
3327,50,10,32,4,-2.4440541907162716,6
3328,33,18,28,11,-2.457262545419108,7
3329,85,18,107,10,-2.4579163644894484,8
3330,27,10,54,5,-2.463869496934477,5
3331,5,50,46,28,-2.4690859933319382,22
3332,51,28,36,15,-2.4708671287104753,13
3333,9,61,7,31,-2.4756046461152823,30
3334,55,64,13,34,-2.483135173972139,30
3335,8,28,60,14,-2.4888746820724226,14
3336,111,11,18,6,-2.489910872635885,5
3337,51,36,53,19,-2.4906013129264695,17
3338,31,20,87,10,-2.492676559594957,10
3339,3,20,65,11,-2.4971368500383213,9
3340,109,18,37,10,-2.5010134043415313,8
3341,86,81,74,42,-2.502577054921237,39
3342,39,31,71,17,-2.511110345390901,14
3343,38,18,7,9,-2.5244945430569192,9
3344,50,32,39,17,-2.524569549657206,15
3345,68,13,11,7,-2.5250619833588037,6
3346,4,18,39,10,-2.5267698999647226,8
3347,65,83,16,45,-2.5324454922464255,38
3348,60,11,111,7,-2.535604443502029,4
3349,81,13,39,7,-2.535858889152629,6
3350,11,35,63,21,-2.539597707853179,14
3351,86,34,91,18,-2.5421304216054597,16
3352,64,26,75,14,-2.5495184661552464,12
3353,13,76,68,42,-2.551465505710141,34
3354,1,19,73,11,-2.5534291003907295,8
3355,88,52,55,30,-2.55406284196069,22
3356,63,10,83,4,-2.557624644664858,6
3357,87,15,27,8,-2.5610593244075193,7
3358,55,46,39,25,-2.5645441640745537,21
3359,85,22,86,11,-2.564616594191601,11
3360,36,72,7,39,-2.5652585348480765,33
3361,107,28,91,16,-2.5653431282322647,12
3362,91,11,47,6,-2.565831417578021,5
3363,78,15,13,9,-2.568490001018321,6
3364,7,50,104,27,-2.5854072339864174,23
3365,27,19,40,8,-2.5947052105553348,11
3366,91,23,36,13,-2.600483205457647,10
3367,16,29,109,15,-2.610188033474426,14
3368,2,13,76,8,-2.6134640032331116,5
3369,44,13,107,7,-2.614225242306437,6
3370,17,25,7,14,-2.6142771621918577,11
3371,86,20,57,10,-2.6151815659873816,10
3372,41,12,11,8,-2.6159479780993316,4
3373,8,77,86,39,-2.621401307400344,38
3374,114,28,54,14,-2.6355280322257006,14
3375,8,13,68,7,-2.6365863647549523,6
3376,95,14,33,8,-2.6415453896084555,6
3377,62,28,86,15,-2.642237041880456,13
3378,5,60,16,35,-2.643518445682432,25
3379,100,15,75,7,-2.6444020654152705,8
3380,88,56,60,31,-2.6455443711538065,25
3381,51,22,47,11,-2.649428689191073,11
3382,57,11,78,6,-2.649792403552403,5
3383,8,24,30,13,-2.6514132136935475,11
3384,65,48,53,25,-2.6519126498591334,23
3385,25,36,28,21,-2.653080526503112,15
3386,91,13,74,7,-2.658254293210725,6
3387,109,31,51,19,-2.6658568783873675,12
3388,74,25,114,13,-2.666972342657448,12
3389,68,10,80,6,-2.6691327826896623,4
3390,114,27,102,15,-2.6703423661893813,12
3391,44,17,25,9,-2.673535476281759,8
3392,17,17,90,8,-2.680753861205159,9
3393,84,28,51,16,-2.681851453035667,12
3394,51,29,70,15,-2.682618545338448,14
3395,68,17,47,10,-2.694044903632607,7
3396,87,20,2,11,-2.6997368834124122,9
3397,39,38,8,20,-2.700428655952155,18
3398,65,27,43,13,-2.7044668198991113,14
3399,107,78,87,42,-2.706886142871792,36
3400,20,41,8,22,-2.7094644797239433,19
3401,37,57,107,31,-2.7122377942768767,26
3402,33,21,16,13,-2.716908579534641,8
3403,80,11,95,6,-2.7197438471090796,5
3404,70,31,104,17,-2.7208109249750048,14
3405,60,17,78,8,-2.728288995229736,9
3406,34,12,75,6,-2.7327928404854562,6
3407,107,26,98,14,-2.733780753313525,12
3408,106,50,65,27,-2.735321183024918,23
3409,104,22,97,11,-2.7396377781056187,11
3410,86,86,7,49,-2.739973719039726,37
3411,44,12,51,5,-2.744148846438526,7
3412,65,85,13,47,-2.759042938762578,38
3413,86,40,23,22,-2.759483408891829,18
3414,10,11,5,5,-2.7716738654503192,6
3415,13,15,96,8,-2.773454366126088,7
3416,60,49,107,27,-2.782166284675309,22
3417,107,37,97,19,-2.7907845067840067,18
3418,36,13,100,7,-2.7923934619121096,6
3419,37,36,65,18,-2.7949417706202184,18
3420,114,25,4,13,-2.7973762559419417,12
3421,40,19,62,9,-2.8011020177238843,10
3422,51,44,54,23,-2.801349515638466,21
3423,54,71,86,38,-2.8034288637024587,33
3424,31,17,91,10,-2.8051302221606758,7
3425,114,12,91,6,-2.8069496149403275,6
3426,41,15,99,8,-2.808167291861728,7
3427,20,73,86,40,-2.812574705202229,33
3428,107,35,18,21,-2.8126640539885566,14
3429,106,33,68,18,-2.8127952198562447,15
3430,15,17,99,10,-2.8189668514207975,7
3431,71,13,18,7,-2.821320109059578,6
3432,86,93,16,52,-2.822137123184068,41
3433,65,18,77,9,-2.836180648453273,9
3434,68,20,30,10,-2.8393809182025875,10
3435,9,32,36,18,-2.8429818871077073,14
3436,104,13,23,8,-2.8445076862849517,5
3437,33,13,97,7,-2.8486496222061595,6
3438,94,11,28,7,-2.8494647634240344,4
3439,41,15,55,8,-2.850526507785498,7
3440,99,18,51,9,-2.8534777973740635,9
3441,106,18,48,10,-2.854456125171181,8
3442,76,22,65,13,-2.85644100734494,9
3443,107,18,81,9,-2.859003244509169,9
3444,55,28,53,15,-2.873666271153706,13
3445,60,23,63,13,-2.8746236800640066,10
3446,87,17,94,9,-2.8778163111812205,8
3447,3,25,107,12,-2.881694515768815,13
3448,87,17,69,9,-2.8862410771595495,8
3449,7,31,43,18,-2.8869337290340296,13
3450,3,13,12,8,-2.891613615182729,5
3451,23,44,107,23,-2.897916501217797,21
3452,108,13,71,7,-2.8992906212622866,6
3453,74,13,12,7,-2.901854459581128,6
3454,37,19,91,10,-2.9050960547005253,9
3455,31,23,114,12,-2.90600657021215,11
3456,108,12,25,7,-2.9132670669268257,5
3457,106,19,102,9,-2.9207255392565092,10
3458,18,18,43,8,-2.925320606981296,10
3459,65,15,99,8,-2.925348959200731,7
3460,114,13,49,8,-2.9277201605204626,5
3461,91,29,28,16,-2.9278794084123945,13
3462,87,20,36,12,-2.9355732508976633,8
3463,76,17,30,10,-2.9372015853586078,7
3464,16,55,60,29,-2.937988291885984,26
3465,107,14,94,9,-2.948066087520639,5
3466,16,42,95,22,-2.960784285924195,20
3467,112,21,53,10,-2.9614582798264535,11
3468,53,11,47,6,-2.967218161853792,5
3469,37,21,2,11,-2.96975801126945,10
3470,4,32,36,19,-2.9739066740354194,13
3471,57,12,15,7,-2.9755026306163335,5
3472,60,35,87,18,-2.9762532182298993,17
3473,84,12,10,7,-2.980259678929739,5
3474,87,35,95,19,-2.9808551819914744,16
3475,30,10,74,5,-2.9862406732405895,5
3476,108,15,40,9,-2.9906857571186913,6
3477,39,10,78,6,-2.9964393683570583,4
3478,18,10,27,5,-2.996654278290003,5
3479,69,11,4,6,-2.9994841766617175,5
3480,58,21,31,11,-2.999935565790512,10
3481,34,14,96,8,-3.001763014782562,6
3482,38,19,88,12,-3.0023329742590943,7
3483,30,16,50,9,-3.004950949655304,7
3484,18,17,4,10,-3.0054619874164517,7
3485,97,13,23,7,-3.0156003098174367,6
3486,53,27,25,14,-3.0184106862098083,13
3487,104,52,86,28,-3.0243411980037593,24
3488,86,11,89,5,-3.026050744689014,6
3489,55,10,78,5,-3.0279933852134207,5
3490,84,15,75,8,-3.0305846141219575,7
3491,47,16,41,9,-3.031406429138557,7
3492,51,18,98,10,-3.0331574033151085,8
3493,65,39,25,23,-3.0368934823131157,16
3494,96,13,38,7,-3.0422152322461713,6
3495,57,17,97,9,-3.0524728462352058,8
3496,55,14,48,8,-3.0636269177668387,6
3497,25,18,71,10,-3.0644100067848146,8
3498,46,24,97,13,-3.066170643508982,11
3499,25,30,75,17,-3.069551733540898,13
3500,41,11,74,5,-3.0735662157516845,6
3501,23,25,8,13,-3.0779710454969047,12
3502,37,22,98,12,-3.078006071981289,10
3503,100,22,104,13,-3.082137755782951,9
3504,16,20,6,10,-3.0894843149716715,10
3505,16,31,20,19,-3.0943737864115324,12
3506,91,10,64,6,-3.0993479020870796,4
3507,68,14,99,8,-3.100103615084465,6
3508,60,15,92,9,-3.101629065738581,6
3509,106,25,109,13,-3.1028448270841773,12
3510,17,31,86,15,-3.105842856149513,16
3511,4,24,50,12,-3.1105592371369597,12
3512,17,25,25,14,-3.1106502600539105,11
3513,88,54,87,27,-3.1116049251566245,27
3514,80,11,36,6,-3.1158574211756616,5
3515,91,27,5,16,-3.121858390948631,11
3516,107,64,51,38,-3.1254338730064415,26
3517,8,70,16,39,-3.1304849607513634,31
3518,78,18,68,10,-3.136919909640928,8
3519,23,23,75,11,-3.148733601092015,12
3520,63,21,46,10,-3.156280457471709,11
3521,84,31,87,17,-3.1565105897665355,14
3522,82,21,86,12,-3.1586560919846263,9
3523,7,15,80,9,-3.159101638147781,6
3524,87,32,23,19,-3.1607512154600745,13
3525,62,17,13,9,-3.161295276739798,8
3526,74,14,90,9,-3.168061351028922,5
3527,86,16,110,9,-3.1694821197260485,7
3528,60,25,106,15,-3.171261503808182,10
3529,68,56,88,31,-3.1716887522574075,25
3530,69,11,47,6,-3.1775295332798312,5
3531,40,13,56,7,-3.1849812029941647,6
3532,65,25,83,13,-3.1850517665827933,12
3533,107,71,65,39,-3.185186692508566,32
3534,50,54,37,28,-3.1883352760136074,26
3535,46,50,86,30,-3.1969800147977203,20
3536,81,14,68,8,-3.1985312995714845,6
3537,5,49,55,27,-3.198953177181802,22
3538,76,12,44,7,-3.2019945343572456,5
3539,31,47,60,23,-3.2094707274879264,24
3540,97,19,50,11,-3.210625734622642,8
3541,7,107,13,58,-3.2109752123355837,49
3542,23,19,64,10,-3.2123729115980186,9
3543,64,19,83,10,-3.2155089975127553,9
3544,71,22,62,12,-3.2158931408708082,10
3545,9,37,75,21,-3.218026821116724,16
3546,28,39,55,23,-3.2184704312839756,16
3547,63,29,97,16,-3.219195053710692,13
3548,80,10,9,7,-3.221926472724657,3
3549,16,21,4,10,-3.223993814900797,11
3550,97,10,56,5,-3.2314262120369195,5
3551,20,25,11,15,-3.245274337075932,10
3552,77,17,39,9,-3.252698214762066,8
3553,25,47,114,27,-3.2540864225169766,20
3554,95,14,84,8,-3.2568961944145873,6
3555,95,14,76,8,-3.257651508839797,6
3556,87,104,86,53,-3.2609041166523305,51
3557,47,14,25,7,-3.260932567112406,7
3558,13,25,109,14,-3.261500174975238,11
3559,95,10,69,6,-3.264458823530608,4
3560,34,16,86,9,-3.2672248372091697,7
3561,93,14,70,8,-3.2714518634318708,6
3562,91,11,102,6,-3.2738070744638943,5
3563,67,13,114,7,-3.274670651234843,6
3564,72,12,13,6,-3.277137454065087,6
3565,18,14,81,8,-3.285175513857383,6
3566,39,17,62,9,-3.2912606144655134,8
3567,60,49,51,29,-3.293536011846439,20
3568,50,17,41,10,-3.294641138718325,7
3569,108,14,64,7,-3.297085602036541,7
3570,66,10,28,6,-3.2971362620814304,4
3571,5,60,104,32,-3.3007473735225057,28
3572,112,13,54,8,-3.3090243049292267,5
3573,66,11,86,6,-3.309294151623436,5
3574,75,31,60,17,-3.313915862803686,14
3575,113,12,40,7,-3.3150296034877016,5
3576,109,21,20,13,-3.315385240577966,8
3577,86,26,49,14,-3.317007620090867,12
3578,114,18,43,9,-3.3212920735200457,9
3579,39,30,64,17,-3.3245242307335383,13
3580,84,14,38,7,-3.324966532295611,7
3581,76,13,71,6,-3.3359186512389036,7
3582,5,13,68,7,-3.3380294056441127,6
3583,98,20,54,11,-3.3414082574983,9
3584,33,13,75,8,-3.342736023465549,5
3585,109,12,32,6,-3.344373851417286,6
3586,91,15,40,8,-3.345577169162442,7
3587,47,18,87,10,-3.3511866209997354,8
3588,3,12,54,6,-3.3552278990212483,6
3589,112,15,88,9,-3.357440926186597,6
3590,39,13,48,7,-3.361142658484695,6
3591,71,22,28,13,-3.3619344486700453,9
3592,8,23,14,13,-3.3634201583462153,10
3593,97,25,54,13,-3.364815342765676,12
3594,62,14,28,8,-3.3730109154983947,6
3595,98,15,73,8,-3.3800553651819163,7
3596,55,28,36,15,-3.383336577257353,13
3597,16,12,103,7,-3.3838737993966084,5
3598,51,46,106,25,-3.386575882240814,21
3599,104,10,73,6,-3.391491099464731,4
3600,40,28,43,15,-3.392922253607483,13
3601,28,13,4,7,-3.3940824912486858,6
3602,98,26,104,12,-3.4091853213510745,14
3603,86,39,71,21,-3.413886836014766,18
3604,46,21,68,11,-3.4173658858402494,10
3605,12,13,74,7,-3.4342312359972222,6
3606,16,43,41,22,-3.436628258679591,21
3607,25,31,102,17,-3.4382241991917164,14
3608,114,10,93,6,-3.4434774013838236,4
3609,31,24,3,12,-3.4493770198178155,12
3610,9,24,60,15,-3.4525079436416064,9
3611,23,21,37,11,-3.4530437057487418,10
3612,5,23,33,12,-3.454327509177194,11
3613,37,46,20,25,-3.457621476755263,21
3614,1,32,13,19,-3.462932922524283,13
3615,106,19,30,10,-3.463995690702536,9
3616,25,64,86,34,-3.464423778098099,30
3617,53,52,18,28,-3.4673469668258106,24
3618,64,10,80,5,-3.4689815319315613,5
3619,5,60,74,32,-3.4699961467083447,28
3620,16,14,73,7,-3.4738693799097957,7
3621,81,10,23,6,-3.4745303728026347,4
3622,54,57,96,29,-3.47661338595835,28
3623,28,69,50,39,-3.477008608564353,30
3624,65,28,70,17,-3.478419403846197,11
3625,18,16,55,8,-3.481046717374471,8
3626,15,16,23,9,-3.481173628803917,7
3627,84,77,86,39,-3.4833413171947702,38
3628,70,20,25,11,-3.484518115943737,9
3629,65,15,109,10,-3.4929763691198903,5
3630,39,26,17,15,-3.492996402510658,11
3631,114,36,97,20,-3.494809729950691,16
3632,107,19,93,11,-3.5035103312902427,8
3633,23,16,74,9,-3.5053157619270587,7
3634,33,10,49,6,-3.5057518320537775,4
3635,84,15,91,8,-3.5069437670955055,7
3636,104,38,8,21,-3.5073414065674897,17
3637,46,21,20,13,-3.51090539647306,8
3638,106,50,107,27,-3.5165007722129795,23
3639,63,17,112,10,-3.518367415484765,7
3640,17,11,112,6,-3.5191492672023625,5
3641,68,11,43,6,-3.5239997356866337,5
3642,76,17,20,8,-3.5278207011714757,9
3643,7,15,44,8,-3.535266020755452,7
3644,36,65,40,37,-3.5400829247343655,28
3645,49,31,16,17,-3.554282234706272,14
3646,33,11,64,7,-3.558110801858625,4
3647,107,32,95,17,-3.5691026636126346,15
3648,45,14,63,8,-3.582850982463552,6
3649,4,27,107,15,-3.5863546759764717,12
3650,31,21,18,11,-3.5879506222210535,10
3651,95,10,97,6,-3.58943247133478,4
3652,51,35,114,18,-3.5896816599559798,17
3653,60,29,18,16,-3.598186148290619,13
3654,3,12,23,7,-3.6182347339374545,5
3655,109,27,87,16,-3.621467085014749,11
3656,108,11,48,7,-3.633614524897183,4
3657,108,14,75,8,-3.634090811617301,6
3658,5,60,88,32,-3.63799769202775,28
3659,37,20,30,12,-3.640395609700316,8
3660,2,19,16,11,-3.6499962386684315,8
3661,50,13,27,8,-3.6503401008022798,5
3662,65,47,23,25,-3.650632324208862,22
3663,107,35,76,22,-3.6519592132431544,13
3664,32,21,107,11,-3.6546977761524695,10
3665,71,10,90,5,-3.656103603020123,5
3666,23,22,63,13,-3.656375723040438,9
3667,100,11,53,6,-3.6569500587649983,5
3668,96,33,97,17,-3.6574389351582637,16
3669,86,28,100,14,-3.657823277816528,14
3670,88,10,19,5,-3.665606739273205,5
3671,50,10,62,6,-3.6657345895143245,4
3672,88,10,79,6,-3.6658466896877493,4
3673,65,16,102,8,-3.6702036238670743,8
3674,27,12,71,7,-3.672482180614423,5
3675,68,14,101,9,-3.6742625668258904,5
3676,40,25,114,16,-3.6784835723249087,9
3677,84,20,46,12,-3.686829488531012,8
3678,40,68,13,37,-3.6903630857890595,31
3679,84,21,109,12,-3.696386624433838,9
3680,102,28,28,15,-3.699783063019897,13
3681,43,17,106,9,-3.706853967971227,8
3682,5,21,15,13,-3.7147342263498238,8
3683,80,10,91,6,-3.719893539982741,4
3684,88,42,75,24,-3.726903391628383,18
3685,4,13,1,8,-3.7360390878519714,5
3686,40,42,53,23,-3.7429391558119995,19
3687,3,19,16,11,-3.7438389020275658,8
3688,9,43,65,25,-3.756511153961384,18
3689,6,16,88,9,-3.7570512530434645,7
3690,93,13,16,7,-3.7657963248603137,6
3691,44,11,28,5,-3.772219797005532,6
3692,92,13,104,6,-3.7768187223532292,7
3693,65,19,112,10,-3.778140966593068,9
3694,49,12,28,6,-3.781572164594755,6
3695,6,19,44,12,-3.787510949793907,7
3696,57,10,76,6,-3.789745051317444,4
3697,104,13,20,8,-3.7974160411444697,5
3698,9,24,50,14,-3.7988184541413403,10
3699,7,54,23,30,-3.8136552251950495,24
3700,5,16,110,9,-3.8138584796050923,7
3701,68,18,56,9,-3.8169753802143505,9
3702,39,38,75,20,-3.82490268105203,18
3703,88,29,96,15,-3.826076326561256,14
3704,66,12,60,8,-3.8266322198174065,4
3705,54,58,20,30,-3.8266575190656007,28
3706,55,41,7,24,-3.8316587459316964,17
3707,111,34,65,20,-3.8475275648066676,14
3708,49,20,107,10,-3.8475322490183976,10
3709,68,28,54,16,-3.8524478248196368,12
3710,6,14,65,8,-3.8536392094191116,6
3711,114,25,41,13,-3.8544949021986654,12
3712,97,14,9,7,-3.8555395465693474,7
3713,18,17,91,10,-3.863168888646894,7
3714,51,16,11,8,-3.8660778701548084,8
3715,68,11,108,6,-3.86884903956731,5
3716,37,17,39,9,-3.87069041756088,8
3717,70,46,16,27,-3.8722858370388584,19
3718,98,13,18,6,-3.8754830902904,7
3719,45,17,40,10,-3.8834382086944723,7
3720,38,28,86,16,-3.8860227218711705,12
3721,17,15,11,8,-3.886158778436342,7
3722,62,13,76,7,-3.8913968956310074,6
3723,11,44,55,26,-3.8920841591670357,18
3724,63,16,17,9,-3.896935952486399,7
3725,37,26,102,15,-3.901578428361024,11
3726,49,19,98,10,-3.906322793569991,9
3727,107,48,50,26,-3.9154031865307353,22
3728,51,17,14,11,-3.916126665697822,6
3729,9,11,81,6,-3.9178439529208315,5
3730,70,38,37,22,-3.9227382855891673,16
3731,2,28,5,16,-3.923277825320168,12
3732,13,21,100,12,-3.92873233040865,9
3733,50,11,57,7,-3.929027822248146,4
3734,38,20,16,13,-3.9302083923805924,7
3735,83,10,102,6,-3.9358085201394077,4
3736,97,10,80,6,-3.9365866928471034,4
3737,40,32,87,17,-3.941262642987428,15
3738,100,17,37,10,-3.9481789557688427,7
3739,76,12,34,6,-3.9517678907570324,6
3740,104,50,88,29,-3.9536343834384904,21
3741,93,24,74,13,-3.960101768879081,11
3742,65,28,64,15,-3.96143360313768,13
3743,14,14,107,7,-3.96690011557033,7
3744,65,72,104,39,-3.970649197276848,33
3745,14,12,96,7,-3.975747798085754,5
3746,43,14,41,8,-3.9773777964919623,6
3747,27,46,7,26,-3.979296896350458,20
3748,65,32,97,18,-3.9859775040058785,14
3749,51,10,58,6,-3.991203040107808,4
3750,86,20,99,12,-4.00989122283285,8
3751,36,48,107,26,-4.010519619837041,22
3752,54,36,55,19,-4.011039158800405,17
3753,110,20,8,12,-4.013172679497405,8
3754,51,23,4,14,-4.023686131970646,9
3755,104,24,53,13,-4.026975227838304,11
3756,43,10,1,5,-4.03897671575872,5
3757,50,21,7,11,-4.045740478776831,10
3758,79,13,11,6,-4.047561716338114,7
3759,40,10,32,5,-4.050021677419869,5
3760,107,67,88,39,-4.055852119959083,28
3761,112,12,23,7,-4.059378810943215,5
3762,95,10,43,6,-4.0633983206079485,4
3763,55,55,107,30,-4.063634355067367,25
3764,63,29,9,16,-4.065325398742937,13
3765,40,57,60,32,-4.06725625489293,25
3766,109,12,43,7,-4.068059286395716,5
3767,38,20,68,12,-4.069118441023081,8
3768,50,22,74,12,-4.086243740312161,10
3769,93,20,83,11,-4.100880722204593,9
3770,46,21,114,12,-4.104107153511736,9
3771,68,14,12,8,-4.108669111305504,6
3772,54,31,80,16,-4.109369333958969,15
3773,107,17,29,11,-4.109780082549344,6
3774,48,22,84,13,-4.111917368197652,9
3775,106,11,29,6,-4.1226863415672375,5
3776,18,19,64,11,-4.1241273612548905,8
3777,60,61,13,36,-4.128061965232043,25
3778,107,14,6,8,-4.134287277974908,6
3779,104,32,76,19,-4.135711821894891,13
3780,69,11,11,7,-4.1379214913131195,4
3781,29,11,23,6,-4.138000210796417,5
3782,74,18,100,10,-4.138016461047894,8
3783,71,47,53,27,-4.141303557057988,20
3784,73,13,20,8,-4.146065391689571,5
3785,62,10,60,6,-4.155747625311636,4
3786,50,22,40,14,-4.173703341481282,8
3787,51,74,13,40,-4.175645973323164,34
3788,9,19,70,12,-4.17870836598717,7
3789,9,15,49,8,-4.188235146988672,7
3790,84,10,44,5,-4.193092599186409,5
3791,106,40,7,20,-4.1953409925549,20
3792,100,18,23,11,-4.197161790157007,7
3793,36,56,65,32,-4.205692860728475,24
3794,60,26,43,15,-4.207805100047995,11
3795,17,20,46,11,-4.208745383811279,9
3796,112,11,27,6,-4.214543381192909,5
3797,5,24,39,13,-4.222693276685169,11
3798,53,12,58,5,-4.225473402473382,7
3799,28,20,30,12,-4.22622579482484,8
3800,16,32,97,17,-4.233041922945588,15
3801,74,12,31,7,-4.240578281890586,5
3802,80,17,104,9,-4.256665633473226,8
3803,60,11,80,6,-4.259959127961848,5
3804,55,18,57,9,-4.266607956123305,9
3805,7,26,6,12,-4.269618286715634,14
3806,96,12,33,5,-4.271042933020871,7
3807,96,14,85,9,-4.2835717768106525,5
3808,88,27,92,16,-4.288758824459124,11
3809,28,51,88,30,-4.297219042911353,21
3810,35,17,11,10,-4.299025397751419,7
3811,53,42,39,24,-4.299630565155944,18
3812,54,28,25,16,-4.300413553073274,12
3813,69,17,107,10,-4.303168710324758,7
3814,52,10,50,5,-4.308197298973348,5
3815,20,19,17,11,-4.3112321942034,8
3816,40,22,4,12,-4.316643149060896,10
3817,11,25,76,15,-4.3267052425458585,10
3818,39,51,13,28,-4.3282781281013465,23
3819,41,19,95,11,-4.332143979792176,8
3820,20,21,13,13,-4.344318116762581,8
3821,88,24,47,13,-4.347102674354305,11
3822,88,22,43,13,-4.349059981795283,9
3823,84,12,34,6,-4.355418008053163,6
3824,54,31,104,17,-4.355933806560285,14
3825,87,10,58,6,-4.362695393524183,4
3826,11,13,33,6,-4.365968233102095,7
3827,23,23,40,13,-4.36842332680331,10
3828,58,13,55,7,-4.369004483506263,6
3829,77,26,13,15,-4.370099745102938,11
3830,9,24,55,14,-4.371040618945101,10
3831,98,13,60,7,-4.372454949323837,6
3832,96,38,63,23,-4.376849709142973,15
3833,102,10,13,7,-4.383909812807433,3
3834,88,15,12,9,-4.389170636685047,6
3835,86,20,111,12,-4.3910837466552355,8
3836,68,50,39,27,-4.391388400265071,23
3837,54,24,17,13,-4.405567288972997,11
3838,13,30,99,17,-4.420966828834257,13
3839,13,16,57,8,-4.421101961359069,8
3840,9,18,46,10,-4.4238849359462264,8
3841,87,20,102,12,-4.423994697827658,8
3842,18,34,28,18,-4.428436085520258,16
3843,5,115,86,66,-4.430772584334585,49
3844,53,35,16,21,-4.432680586189367,14
3845,107,46,11,26,-4.433295300820407,20
3846,7,23,69,12,-4.437421068311299,11
3847,44,11,100,6,-4.439207506700404,5
3848,88,11,45,7,-4.4416566980945715,4
3849,109,15,95,9,-4.444131433700797,6
3850,53,25,106,13,-4.444775992545624,12
3851,37,33,13,19,-4.448467961015428,14
3852,73,12,50,8,-4.454782630059153,4
3853,97,11,77,7,-4.454901155383999,4
3854,32,18,37,10,-4.466542082918519,8
3855,9,14,109,7,-4.46753248183981,7
3856,57,10,91,5,-4.468260927215542,5
3857,84,16,98,10,-4.468561917829733,6
3858,18,30,88,16,-4.47012131788994,14
3859,17,20,49,13,-4.470260930834101,7
3860,25,31,96,17,-4.472832877552798,14
3861,16,40,30,23,-4.476195567754862,17
3862,70,29,88,17,-4.478319588858415,12
3863,27,11,55,6,-4.4890470852362,5
3864,51,45,75,25,-4.490318359114664,20
3865,3,15,64,9,-4.492765978443915,6
3866,37,15,93,9,-4.4934456656390305,6
3867,54,24,102,14,-4.497323538158561,10
3868,88,93,7,51,-4.5053270586483745,42
3869,104,10,62,7,-4.506645682517949,3
3870,54,52,28,30,-4.514030967957707,22
3871,55,43,37,23,-4.516821858156877,20
3872,51,16,57,9,-4.519213768483541,7
3873,20,12,93,7,-4.531228376986993,5
3874,75,23,106,12,-4.532198108241345,11
3875,102,24,8,13,-4.537070383836358,11
3876,9,51,88,29,-4.537426821075462,22
3877,4,20,55,11,-4.543048579446398,9
3878,28,43,20,25,-4.544189476783364,18
3879,46,38,51,22,-4.548214485505557,16
3880,46,15,83,8,-4.551826612706302,7
3881,112,10,74,6,-4.553694289700708,4
3882,28,11,47,6,-4.553950548976113,5
3883,67,13,109,6,-4.5540965230597985,7
3884,23,15,70,8,-4.554568026577778,7
3885,104,16,99,8,-4.562749239239297,8
3886,104,21,30,11,-4.571829941100374,10
3887,95,14,99,8,-4.572737764013027,6
3888,30,12,100,7,-4.575260966636385,5
3889,87,24,71,13,-4.583143708944139,11
3890,41,42,51,24,-4.585162671564328,18
3891,64,20,55,13,-4.5985097101065335,7
3892,95,13,77,7,-4.601493224452909,6
3893,30,11,23,6,-4.601908928188203,5
3894,51,92,7,55,-4.605888678978495,37
3895,51,11,32,6,-4.628506428595399,5
3896,25,22,60,12,-4.636282806493915,10
3897,109,19,73,11,-4.637139105733963,8
3898,13,14,73,8,-4.6427133386229835,6
3899,68,25,23,13,-4.644746500376537,12
3900,25,15,27,8,-4.649655011418167,7
3901,98,14,55,9,-4.662824671110213,5
3902,79,18,16,10,-4.664798187963107,8
3903,31,65,7,37,-4.67009757688512,28
3904,81,22,53,13,-4.67351225402936,9
3905,107,85,16,52,-4.675503608686112,33
3906,9,16,62,9,-4.679077909097035,7
3907,62,22,107,11,-4.683884119799683,11
3908,109,12,23,7,-4.686391337241379,5
3909,5,16,71,9,-4.686451238703376,7
3910,51,91,16,52,-4.687621742602922,39
3911,98,10,39,6,-4.691177704712752,4
3912,78,22,86,13,-4.691187751330176,9
3913,88,38,11,22,-4.710454574435896,16
3914,71,29,64,18,-4.721898683351538,11
3915,108,18,86,9,-4.726875671282597,9
3916,54,16,85,10,-4.730021736475019,6
3917,60,26,54,15,-4.73010367948851,11
3918,68,22,97,13,-4.736282381079661,9
3919,81,10,64,6,-4.736605613786942,4
3920,64,42,7,23,-4.740071487224755,19
3921,3,11,97,7,-4.7402730889790226,4
3922,68,42,114,24,-4.745053261523828,18
3923,98,16,70,10,-4.745137974355769,6
3924,77,16,25,9,-4.745845616411638,7
3925,63,38,74,21,-4.748458787006122,17
3926,20,36,87,20,-4.748487569129383,16
3927,5,30,90,18,-4.752640516818982,12
3928,50,16,93,10,-4.755526241513055,6
3929,58,11,16,7,-4.759663036075425,4
3930,70,13,90,7,-4.771084444295363,6
3931,114,15,69,7,-4.773043389885473,8
3932,5,12,9,7,-4.777710715122403,5
3933,5,33,76,19,-4.788314400539968,14
3934,9,29,8,14,-4.796436219845456,15
3935,25,11,111,6,-4.797175922879397,5
3936,96,22,75,15,-4.80138149231193,7
3937,16,16,110,9,-4.801952356665633,7
3938,8,28,83,15,-4.804749965348905,13
3939,108,13,96,7,-4.805162668071275,6
3940,106,12,6,7,-4.810944704219048,5
3941,4,17,75,10,-4.813951260599894,7
3942,23,30,106,15,-4.818998910388466,15
3943,54,15,14,10,-4.820525855929131,5
3944,46,47,13,27,-4.820691792404558,20
3945,43,17,63,10,-4.821038820338599,7
3946,25,19,31,10,-4.823839301099763,9
3947,67,15,8,9,-4.8319098461555825,6
3948,83,15,39,9,-4.832639955303303,6
3949,89,14,41,8,-4.840368821573814,6
3950,51,30,5,19,-4.841333405150811,11
3951,3,21,13,14,-4.8447826985701585,7
3952,64,42,13,22,-4.854598754048183,20
3953,94,17,13,10,-4.855238762429886,7
3954,57,12,23,7,-4.8622806983082505,5
3955,89,10,5,7,-4.862465640901751,3
3956,110,10,88,5,-4.870544753091406,5
3957,70,13,49,7,-4.870823408885395,6
3958,38,11,51,7,-4.873684208436107,4
3959,114,11,30,6,-4.882071098465157,5
3960,3,12,8,5,-4.887819375016217,7
3961,96,20,60,14,-4.889401556049956,6
3962,5,39,83,21,-4.890865835189012,18
3963,33,16,8,10,-4.890943290835164,6
3964,55,27,76,17,-4.892389867780943,10
3965,106,34,84,18,-4.903872752933782,16
3966,54,48,46,28,-4.906943181154002,20
3967,108,12,54,8,-4.909695920764134,4
3968,17,31,65,20,-4.917244641739983,11
3969,106,56,74,32,-4.924754963776778,24
3970,9,22,114,15,-4.931319071415344,7
3971,65,21,45,11,-4.93879712541404,10
3972,108,11,37,6,-4.94147061612662,5
3973,87,14,77,8,-4.94240192025149,6
3974,8,32,13,19,-4.955794878282507,13
3975,104,58,107,34,-4.956561968213105,24
3976,32,19,86,11,-4.95808091960027,8
3977,36,14,12,8,-4.958257258325214,6
3978,96,36,20,21,-4.958331873160827,15
3979,90,23,96,14,-4.963939687748077,9
3980,8,12,62,8,-4.964220736900479,4
3981,107,49,40,30,-4.964616090179718,19
3982,87,15,1,8,-4.968031301569398,7
3983,65,55,55,31,-4.974824332567949,24
3984,53,61,7,35,-4.979032554051548,26
3985,64,15,38,8,-4.983337320570341,7
3986,86,71,37,40,-4.984756436647988,31
3987,39,25,27,13,-4.989393098929608,12
3988,71,15,74,8,-4.993812181109021,7
3989,63,30,104,17,-4.993963037729945,13
3990,68,12,32,8,-4.994599728673894,4
3991,5,26,93,16,-5.004460526821323,10
3992,81,21,60,12,-5.012994181489738,9
3993,64,12,44,7,-5.0247847099548055,5
3994,40,14,95,8,-5.030598238019023,6
3995,62,33,16,20,-5.051011656032601,13
3996,92,10,28,6,-5.057353362284569,4
3997,65,17,46,11,-5.06610491085495,6
3998,41,20,27,11,-5.071720567111737,9
3999,33,13,90,8,-5.072843762888294,5
4000,17,10,92,6,-5.072884905069609,4
4001,20,10,32,7,-5.08216341529211,3
4002,48,13,7,7,-5.083098005465932,6
4003,58,14,60,8,-5.085584297125203,6
4004,95,24,60,14,-5.089480392621887,10
4005,110,11,87,7,-5.0925904586002675,4
4006,50,31,13,18,-5.100121243956257,13
4007,70,23,55,13,-5.1032220329288345,10
4008,9,41,107,23,-5.117645320537843,18
4009,87,28,76,17,-5.1240936522661755,11
4010,58,30,40,16,-5.133397385337809,14
4011,4,12,109,7,-5.135069245647407,5
4012,88,15,44,8,-5.148664566159752,7
4013,9,24,106,14,-5.150083731218861,10
4014,79,13,63,8,-5.150156389678723,5
4015,50,46,87,25,-5.151620252108098,21
4016,63,54,8,30,-5.156454172512432,24
4017,39,14,111,8,-5.158992286191917,6
4018,5,12,67,7,-5.159840528973067,5
4019,56,11,91,6,-5.160182814393273,5
4020,50,40,2,23,-5.1602643680773745,17
4021,87,74,16,42,-5.176352649858678,32
4022,47,26,75,17,-5.17693162231529,9
4023,68,47,16,29,-5.179182431483823,18
4024,13,25,91,14,-5.184425816199746,11
4025,41,26,23,15,-5.1848324087151205,11
4026,55,18,34,10,-5.202160532736089,8
4027,112,17,7,10,-5.205751188464,7
4028,91,12,33,6,-5.213867650447791,6
4029,37,22,40,12,-5.218981261850287,10
4030,107,66,13,37,-5.22255799045195,29
4031,30,25,53,14,-5.226055832762313,11
4032,5,11,35,6,-5.226534281744142,5
4033,13,47,71,26,-5.235216499316669,21
4034,86,18,15,11,-5.235352561928231,7
4035,25,21,91,12,-5.23677892954369,9
4036,14,15,65,8,-5.239230657167625,7
4037,40,15,98,8,-5.239271076053038,7
4038,40,26,25,15,-5.242222631716463,11
4039,31,12,33,6,-5.250274176377645,6
4040,63,25,64,14,-5.251947184342549,11
4041,51,69,39,39,-5.265117148399291,30
4042,109,32,88,19,-5.272527791460708,13
4043,25,26,23,15,-5.272958869039182,11
4044,20,25,39,13,-5.275058003903015,12
4045,88,11,56,6,-5.280224334897691,5
4046,35,11,30,6,-5.293385259461386,5
4047,17,21,97,12,-5.293816017316166,9
4048,98,23,7,14,-5.296629408284789,9
4049,55,25,111,15,-5.307717141421055,10
4050,109,18,7,11,-5.319831091161802,7
4051,102,14,97,9,-5.335160623731844,5
4052,57,25,87,15,-5.341931643339133,10
4053,31,35,64,21,-5.344284465687698,14
4054,51,43,104,27,-5.354494200185865,16
4055,16,13,72,7,-5.355366251776982,6
4056,112,13,106,7,-5.358449059964546,6
4057,17,12,98,6,-5.361440435561064,6
4058,63,30,75,17,-5.362343223381898,13
4059,60,11,89,6,-5.373120214726714,5
4060,109,24,107,15,-5.374789076628487,9
4061,54,24,93,15,-5.392828840599425,9
4062,22,11,60,7,-5.396868900315767,4
4063,90,31,54,18,-5.397442007333916,13
4064,106,52,54,28,-5.400574012233974,24
4065,86,63,11,36,-5.401837176054467,27
4066,66,11,9,6,-5.404825557202403,5
4067,37,11,49,6,-5.405793666619149,5
4068,83,15,51,10,-5.415397349279682,5
4069,40,10,38,5,-5.415692699604588,5
4070,50,10,83,5,-5.416126776091854,5
4071,9,31,28,17,-5.423324150093188,14
4072,40,15,28,8,-5.4653511803127275,7
4073,50,15,43,10,-5.476388636923783,5
4074,36,17,99,11,-5.476671917231901,6
4075,75,10,14,6,-5.479308338136782,4
4076,106,53,37,29,-5.481931306152558,24
4077,70,23,114,14,-5.484820175107314,9
4078,13,12,14,8,-5.487937926146761,4
4079,40,49,65,28,-5.488110460552834,21
4080,1,10,46,5,-5.488587081929578,5
4081,80,28,86,16,-5.491180597516542,12
4082,3,31,7,19,-5.492769242428184,12
4083,62,10,18,6,-5.493140482819633,4
4084,102,10,67,6,-5.497246561771841,4
4085,83,19,95,12,-5.510188596504647,7
4086,37,59,87,35,-5.516733087496061,24
4087,20,10,62,6,-5.517288163699186,4
4088,57,24,88,13,-5.524909922819241,11
4089,75,20,27,11,-5.525223821089191,9
4090,102,14,33,8,-5.525239013163607,6
4091,88,23,30,12,-5.525413582454541,11
4092,3,14,28,9,-5.526860673095199,5
4093,86,29,27,18,-5.543796327101014,11
4094,84,18,25,11,-5.5466876181289715,7
4095,31,53,36,30,-5.548564460468652,23
4096,81,13,41,8,-5.549157399363071,5
4097,25,41,8,25,-5.550067480025435,16
4098,70,56,54,33,-5.553942408448956,23
4099,4,11,46,6,-5.55622187464566,5
4100,95,10,31,6,-5.5581891593402775,4
4101,10,11,63,7,-5.56040496031845,4
4102,60,24,3,14,-5.560495932377157,10
4103,104,60,37,36,-5.5634752610620195,24
4104,54,31,11,18,-5.565049065297328,13
4105,63,27,55,15,-5.568315530285167,12
4106,47,12,71,7,-5.571212302193355,5
4107,71,17,12,10,-5.576190752449122,7
4108,97,19,87,12,-5.581011131648729,7
4109,37,18,71,10,-5.582059073463845,8
4110,75,49,86,27,-5.5837344877785275,22
4111,16,12,52,7,-5.588665300895635,5
4112,68,21,62,12,-5.5910040455918875,9
4113,16,48,75,28,-5.593636562488228,20
4114,63,11,99,6,-5.5958077337997105,5
4115,19,13,68,7,-5.609014492078277,6
4116,43,14,27,7,-5.609839390205424,7
4117,50,15,100,9,-5.612526049660052,6
4118,3,22,114,14,-5.6169459155328765,8
4119,50,48,16,28,-5.617696720442926,20
4120,50,26,95,15,-5.619957219349124,11
4121,17,21,5,14,-5.625033929201381,7
4122,73,28,86,15,-5.62531345595925,13
4123,31,14,12,8,-5.636724482741272,6
4124,36,12,76,9,-5.641487589296995,3
4125,60,44,55,25,-5.64477193439587,19
4126,77,11,109,6,-5.645459503468275,5
4127,74,23,73,14,-5.649045009007229,9
4128,97,10,4,6,-5.649870700339136,4
4129,54,28,13,18,-5.650846179676532,10
4130,61,13,9,8,-5.652969843590385,5
4131,106,24,95,15,-5.657914892117911,9
4132,82,11,54,7,-5.66427830231393,4
4133,37,48,16,28,-5.664774565241773,20
4134,99,31,16,18,-5.66581833704302,13
4135,37,39,75,25,-5.670197882049106,14
4136,84,15,97,10,-5.671301332253195,5
4137,25,10,94,5,-5.671887186214519,5
4138,95,10,102,6,-5.68531996234082,4
4139,57,12,106,6,-5.685749140437754,6
4140,55,25,30,15,-5.686463879094617,10
4141,5,46,106,28,-5.689619439430468,18
4142,32,10,70,5,-5.692479372096212,5
4143,46,40,8,22,-5.695904868807615,18
4144,13,20,38,10,-5.701525044937782,10
4145,69,26,51,16,-5.708510695737556,10
4146,25,30,87,17,-5.710285011277161,13
4147,88,53,40,31,-5.711119435609974,22
4148,102,10,23,6,-5.716053822653882,4
4149,37,18,41,11,-5.716493275276267,7
4150,51,26,25,15,-5.726135112848949,11
4151,48,20,11,12,-5.726887293490206,8
4152,9,14,45,9,-5.727853500458989,5
4153,106,42,25,26,-5.737688222420908,16
4154,1,30,68,18,-5.7429928735367985,12
4155,80,25,16,15,-5.7471314331057,10
4156,77,12,36,7,-5.751140829309579,5
4157,20,16,40,10,-5.760773366457583,6
4158,96,31,50,18,-5.762442293376412,13
4159,62,11,100,6,-5.76483412631544,5
4160,87,31,30,18,-5.767221225393501,13
4161,23,38,13,20,-5.768470051037821,18
4162,30,16,20,9,-5.770242418243403,7
4163,9,23,18,15,-5.785477096919834,8
4164,86,37,64,21,-5.796824578298753,16
4165,55,28,74,16,-5.797157459674131,12
4166,106,28,80,17,-5.812470547213422,11
4167,49,10,100,5,-5.813425744151518,5
4168,5,16,40,9,-5.82052725169565,7
4169,77,14,41,9,-5.820932172345258,5
4170,1,15,75,10,-5.839655242805768,5
4171,51,14,62,8,-5.840109303871166,6
4172,20,54,107,31,-5.840118502830554,23
4173,87,16,108,10,-5.840502938250504,6
4174,46,37,74,23,-5.850135921281392,14
4175,65,52,51,32,-5.865717524678075,20
4176,95,36,54,20,-5.865979569344108,16
4177,28,49,104,28,-5.869912935195165,21
4178,36,12,46,7,-5.88209418081934,5
4179,7,20,15,10,-5.884783634259434,10
4180,13,10,34,5,-5.884954073686413,5
4181,25,16,93,9,-5.904464695396422,7
4182,107,33,100,17,-5.907266287901797,16
4183,64,34,107,19,-5.909994591389041,15
4184,45,15,41,10,-5.914462706154762,5
4185,63,10,93,6,-5.917563250275586,4
4186,109,47,28,29,-5.921317060443457,18
4187,13,28,81,17,-5.921413734268427,11
4188,114,20,73,12,-5.924435121305104,8
4189,63,45,37,27,-5.933785173114153,18
4190,84,23,16,13,-5.934817545203709,10
4191,7,15,33,8,-5.9471342175078945,7
4192,7,29,28,18,-5.948429372911717,11
4193,10,12,97,6,-5.950831581917707,6
4194,17,20,4,13,-5.952314296620962,7
4195,87,61,8,36,-5.956644293134337,25
4196,40,18,97,11,-5.966918416140385,7
4197,60,10,34,7,-5.968824417267719,3
4198,68,38,41,22,-5.9775778964094295,16
4199,27,12,74,6,-5.991317096712257,6
4200,68,27,71,17,-5.99525701293446,10
4201,43,35,13,19,-6.003113306752954,16
4202,17,10,99,6,-6.011623328938978,4
4203,62,16,7,10,-6.019047959814988,6
4204,20,32,63,18,-6.0251398652884625,14
4205,46,20,95,12,-6.027785407812037,8
4206,50,17,91,11,-6.027790824025908,6
4207,31,31,75,17,-6.03348213428737,14
4208,64,25,87,14,-6.038918526680432,11
4209,32,16,8,9,-6.041444852098721,7
4210,48,12,80,8,-6.043656393103958,4
4211,63,19,90,11,-6.053395439788755,8
4212,9,10,35,5,-6.055687068848653,5
4213,28,18,23,10,-6.0662027716624305,8
4214,48,14,74,7,-6.068043245358376,7
4215,41,25,60,14,-6.080070950949514,11
4216,5,44,20,27,-6.084413199436969,17
4217,107,23,111,12,-6.08814286411973,11
4218,31,67,68,39,-6.092199764223388,28
4219,88,40,23,26,-6.098802854801483,14
4220,60,12,102,7,-6.1025406778466875,5
4221,79,10,55,6,-6.105260957218082,4
4222,7,12,90,7,-6.108519045195329,5
4223,31,13,81,9,-6.1171597913254026,4
4224,88,35,25,23,-6.12387967695023,12
4225,97,24,55,15,-6.128965912516969,9
4226,80,13,31,9,-6.13276887148396,4
4227,48,10,23,6,-6.136507124451631,4
4228,46,14,109,8,-6.137839688733693,6
4229,112,23,86,13,-6.141996180637336,10
4230,39,48,40,29,-6.1478732659202615,19
4231,112,15,31,10,-6.149641402394962,5
4232,68,12,20,7,-6.158182099944326,5
4233,87,41,68,24,-6.166464303817792,17
4234,65,61,87,37,-6.169242314096732,24
4235,76,23,97,13,-6.171425808149793,10
4236,86,37,98,21,-6.173883512848301,16
4237,35,14,55,8,-6.18171019735336,6
4238,76,23,23,13,-6.183442791007627,10
4239,109,42,54,26,-6.183872533544285,16
4240,70,28,74,15,-6.203999405338755,13
4241,44,20,20,12,-6.2147422907856305,8
4242,65,21,38,11,-6.2252846155522565,10
4243,50,41,104,25,-6.230364171354916,16
4244,62,15,54,9,-6.240490314200173,6
4245,51,12,80,7,-6.2445608145487,5
4246,107,24,58,15,-6.246057958192936,9
4247,2,26,63,15,-6.2471655883934,11
4248,5,17,43,10,-6.250727481432203,7
4249,88,83,86,49,-6.254550732132809,34
4250,102,18,57,10,-6.264739678585858,8
4251,95,12,15,7,-6.265255655621161,5
4252,17,14,34,9,-6.270843597010633,5
4253,31,30,41,18,-6.276695675397637,12
4254,102,11,41,7,-6.282861273718874,4
4255,92,12,16,9,-6.284475222709882,3
4256,64,16,70,11,-6.2860092045587415,5
4257,88,56,65,35,-6.287559020425313,21
4258,114,17,23,11,-6.291790840234865,6
4259,55,13,29,8,-6.301089833667023,5
4260,38,26,107,16,-6.3206338456664275,10
4261,5,25,32,15,-6.322230990899956,10
4262,16,21,102,12,-6.323530287659212,9
4263,88,22,62,13,-6.324774259752266,9
4264,98,20,11,11,-6.3386776528601825,9
4265,84,12,30,8,-6.354899474173293,4
4266,56,21,7,12,-6.361794853449643,9
4267,84,32,74,17,-6.37967811989364,15
4268,108,18,16,11,-6.383719600885128,7
4269,77,13,74,8,-6.38427445953612,5
4270,71,42,75,27,-6.390996584406329,15
4271,87,21,3,13,-6.392816203611458,8
4272,25,47,13,26,-6.403337095443306,21
4273,77,13,106,7,-6.407119934187455,6
4274,77,19,107,11,-6.4169470483546815,8
4275,36,12,62,7,-6.419555894210636,5
4276,33,16,40,11,-6.427211772717695,5
4277,97,34,7,19,-6.4279971265475275,15
4278,7,15,34,9,-6.438395937640913,6
4279,36,39,86,23,-6.43939444107294,16
4280,107,56,75,38,-6.440794878129198,18
4281,87,20,4,13,-6.445923142452617,7
4282,104,16,15,10,-6.448047941592666,6
4283,28,10,6,6,-6.452419128804086,4
4284,87,25,90,15,-6.454852453391627,10
4285,43,26,107,16,-6.466098586244282,10
4286,39,15,12,9,-6.475459814124789,6
4287,68,11,45,7,-6.479375207416081,4
4288,104,10,48,6,-6.493358473776669,4
4289,104,27,41,15,-6.500266163182682,12
4290,4,12,56,6,-6.509885274579447,6
4291,51,30,27,19,-6.516683017185277,11
4292,28,15,35,8,-6.525585250622974,7
4293,38,14,109,9,-6.53962010725684,5
4294,55,10,49,6,-6.541972088163769,4
4295,18,21,77,14,-6.545250800191178,7
4296,16,28,57,16,-6.556845840340001,12
4297,114,26,53,15,-6.571088082289226,11
4298,1,26,40,16,-6.58137324665705,10
4299,96,28,65,16,-6.593487230396348,12
4300,37,18,80,11,-6.59536314979572,7
4301,36,16,28,9,-6.602158410065066,7
4302,81,18,71,11,-6.61709770119633,7
4303,100,30,16,19,-6.617449381235234,11
4304,86,18,93,11,-6.62437888449924,7
4305,5,48,25,29,-6.626414170343123,19
4306,17,13,53,8,-6.628322060179848,5
4307,40,27,64,17,-6.644176524893485,10
4308,114,15,76,10,-6.653911993113485,5
4309,53,40,107,25,-6.65408108862164,15
4310,48,25,86,15,-6.6543294717382295,10
4311,71,11,83,6,-6.6562053803338666,5
4312,53,51,68,31,-6.677046957897992,20
4313,71,11,43,6,-6.677650042464424,5
4314,47,20,107,12,-6.679988416533417,8
4315,37,10,29,6,-6.680734619445758,4
4316,84,53,28,32,-6.6872354846288795,21
4317,88,15,76,8,-6.688159185418194,7
4318,106,11,111,8,-6.697425895741327,3
4319,91,12,15,6,-6.697476716978325,6
4320,40,10,6,6,-6.705680107058635,4
4321,97,35,28,22,-6.716635909782018,13
4322,32,10,65,6,-6.718474357729474,4
4323,32,11,97,7,-6.7220085367153315,4
4324,95,11,100,6,-6.722166987268522,5
4325,95,13,14,8,-6.731405281187272,5
4326,96,38,74,24,-6.731828732252354,14
4327,20,11,52,7,-6.739976324437407,4
4328,64,19,114,12,-6.746348989675979,7
4329,51,15,102,9,-6.749472817285659,6
4330,96,79,86,48,-6.750994185821139,31
4331,90,13,53,8,-6.752088210585149,5
4332,107,23,33,13,-6.763493299081546,10
4333,27,14,6,8,-6.780540737481573,6
4334,43,22,39,12,-6.781605921416048,10
4335,18,22,63,14,-6.7887020180852895,8
4336,31,10,55,6,-6.798197972656263,4
4337,13,25,108,16,-6.801707995205208,9
4338,45,18,60,10,-6.802248227913869,8
4339,114,16,100,10,-6.806713890734191,6
4340,96,20,51,12,-6.8091583197949745,8
4341,9,14,25,9,-6.810304163725227,5
4342,7,93,16,54,-6.810883538882984,39
4343,52,10,65,7,-6.817085213239556,3
4344,96,14,78,9,-6.830515928543477,5
4345,95,29,13,17,-6.852052215706936,12
4346,96,19,114,12,-6.857320738328298,7
4347,71,39,16,25,-6.859693337666749,14
4348,11,17,75,10,-6.860129083231022,7
4349,4,43,60,24,-6.864343045215706,19
4350,36,12,57,8,-6.873476463690229,4
4351,18,21,54,12,-6.880495431858326,9
4352,99,15,106,10,-6.882359612487446,5
4353,5,47,114,28,-6.885144276646174,19
4354,109,18,53,11,-6.886369823569262,7
4355,53,10,49,6,-6.90781300095477,4
4356,55,36,104,22,-6.909075624793387,14
4357,68,10,94,7,-6.919738017837595,3
4358,46,38,16,23,-6.920639082616032,15
4359,30,19,75,11,-6.923427737676235,8
4360,76,11,13,7,-6.936217987616365,4
4361,88,12,99,7,-6.939131232028662,5
4362,50,11,15,7,-6.9507529081852075,4
4363,18,12,47,8,-6.958091333768663,4
4364,104,18,32,12,-6.959225086389547,6
4365,36,34,16,21,-6.96230955324868,13
4366,84,15,83,8,-6.963483843011809,7
4367,45,16,16,10,-6.976498387396664,6
4368,54,11,94,7,-6.977216982115354,4
4369,55,64,16,41,-6.979782207933068,23
4370,51,21,97,14,-6.980039097404116,7
4371,94,12,55,7,-6.987298934898081,5
4372,13,23,111,13,-6.988942249892523,10
4373,1,19,114,12,-6.990089974683046,7
4374,5,15,62,9,-6.9927087595973925,6
4375,86,14,45,8,-7.001591160951406,6
4376,112,12,41,7,-7.0061918940934484,5
4377,55,20,20,12,-7.022753690173921,8
4378,28,18,14,12,-7.024220736563066,6
4379,18,16,100,9,-7.026565168419708,7
4380,58,22,7,12,-7.035143698213465,10
4381,38,28,37,17,-7.041316380566512,11
4382,11,10,64,7,-7.044290994994302,3
4383,2,27,28,17,-7.052082984819958,10
4384,73,16,65,10,-7.056062739811477,6
4385,18,27,68,16,-7.057508559262057,11
4386,63,61,16,36,-7.06081445906574,25
4387,49,14,50,8,-7.064134383315742,6
4388,9,15,84,9,-7.065463204236461,6
4389,38,21,63,14,-7.071277555225252,7
4390,98,14,102,8,-7.075813129571892,6
4391,70,35,28,21,-7.078735797739843,14
4392,3,20,36,13,-7.093052097907007,7
4393,13,19,90,12,-7.099319512939565,7
4394,13,16,44,10,-7.100478256103446,6
4395,90,24,114,14,-7.10169685008524,10
4396,110,16,51,10,-7.104586521997479,6
4397,83,28,86,19,-7.104640535135333,9
4398,13,25,47,15,-7.12600720855405,10
4399,3,23,88,14,-7.12663205785296,9
4400,67,11,88,8,-7.127393540580368,3
4401,48,32,63,20,-7.1299692009467925,12
4402,87,51,13,33,-7.139410033835633,18
4403,75,39,18,23,-7.143872456900073,16
4404,60,17,5,11,-7.144002600647478,6
4405,91,13,51,8,-7.1487730180819415,5
4406,16,15,34,9,-7.153313950057951,6
4407,93,23,87,14,-7.164798687762666,9
4408,14,14,86,8,-7.166696838482464,6
4409,88,72,54,43,-7.171089550335251,29
4410,35,15,16,10,-7.178038323973206,5
4411,47,12,23,8,-7.180906240191951,4
4412,63,20,27,11,-7.19472225275396,9
4413,61,17,53,11,-7.205087339517602,6
4414,40,20,35,13,-7.223846117897835,7
4415,71,30,30,18,-7.224566876244219,12
4416,40,32,54,19,-7.243609732204197,13
4417,5,14,31,9,-7.246607645789562,5
4418,90,13,46,8,-7.250761878801305,5
4419,93,12,98,7,-7.251352809271133,5
4420,65,29,4,18,-7.258642786898054,11
4421,81,19,75,12,-7.259552889264539,7
4422,97,18,41,11,-7.264371648173333,7
4423,70,16,110,10,-7.267896542251016,6
4424,96,10,62,7,-7.268496266352443,3
4425,20,42,65,27,-7.275621933808214,15
4426,86,28,69,17,-7.27919995462748,11
4427,49,21,87,11,-7.287852583518847,10
4428,111,14,28,9,-7.296837620354718,5
4429,36,17,97,10,-7.301788222671786,7
4430,91,41,16,27,-7.309347152714906,14
4431,106,24,39,14,-7.312269199982411,10
4432,13,40,114,22,-7.318181693252523,18
4433,55,26,109,14,-7.3182997081126135,12
4434,5,42,70,25,-7.323141246130922,17
4435,68,14,92,9,-7.338682351737512,5
4436,50,24,76,16,-7.355699647312172,8
4437,8,25,73,15,-7.3587900254771785,10
4438,23,13,49,8,-7.360298065336568,5
4439,64,12,49,7,-7.364918196286091,5
4440,114,10,77,6,-7.365477220397804,4
4441,33,16,25,11,-7.36592627296452,5
4442,74,15,34,10,-7.367415754617588,5
4443,4,12,30,7,-7.371580414746792,5
4444,71,10,73,6,-7.373234065194552,4
4445,5,10,1,6,-7.391988711274882,4
4446,46,41,37,27,-7.398384968299376,14
4447,69,27,13,17,-7.410798113719346,10
4448,41,34,36,18,-7.412500474371831,16
4449,91,19,8,12,-7.416456742894205,7
4450,20,10,69,6,-7.425842209136067,4
4451,46,45,25,26,-7.439996628911813,19
4452,112,11,18,8,-7.442617961192051,3
4453,84,28,8,18,-7.447150756775401,10
4454,71,13,70,7,-7.447387393345607,6
4455,75,30,46,18,-7.449361290092636,12
4456,76,18,112,10,-7.452810243863066,8
4457,97,53,86,32,-7.453774682156136,21
4458,110,21,37,12,-7.457046552670356,9
4459,53,12,45,7,-7.463487107897495,5
4460,67,14,86,8,-7.473545085382988,6
4461,63,15,108,9,-7.475559971035059,6
4462,36,14,70,8,-7.476080415111231,6
4463,81,13,7,7,-7.480028378880558,6
4464,27,27,16,17,-7.481407495599661,10
4465,1,19,60,12,-7.482257667884499,7
4466,98,29,91,18,-7.486111931896229,11
4467,20,10,85,6,-7.501503338231049,4
4468,77,18,55,11,-7.520653437888105,7
4469,3,16,53,10,-7.523939046153444,6
4470,7,23,100,14,-7.527521910243343,9
4471,33,20,51,14,-7.541152096210821,6
4472,109,16,17,10,-7.542787160900625,6
4473,62,13,53,7,-7.543314063492198,6
4474,107,16,12,11,-7.554377135078079,5
4475,23,11,33,7,-7.562255793226968,4
4476,84,10,13,7,-7.562323454159971,3
4477,5,14,34,10,-7.5706698448560905,4
4478,77,12,46,7,-7.574271980014295,5
4479,88,18,58,11,-7.5880987725104365,7
4480,55,30,80,17,-7.593416164771854,13
4481,36,20,18,12,-7.59490287850123,8
4482,80,22,96,14,-7.6325568595370585,8
4483,5,29,97,19,-7.639418302115126,10
4484,88,20,108,13,-7.642505031143239,7
4485,60,11,70,7,-7.646435749026202,4
4486,1,24,86,15,-7.654184049540344,9
4487,96,24,37,14,-7.66584492569651,10
4488,51,37,76,24,-7.668100625661311,13
4489,11,32,5,20,-7.6874421575338765,12
4490,7,25,111,15,-7.6903234257719815,10
4491,112,10,1,5,-7.69062482458681,5
4492,108,17,53,9,-7.691782047867258,8
4493,104,39,40,25,-7.699889638025223,14
4494,64,13,46,8,-7.70178518963715,5
4495,109,10,69,6,-7.709222479752555,4
4496,76,14,54,9,-7.722451793722614,5
4497,52,10,63,6,-7.736846011905837,4
4498,25,36,104,21,-7.742559807869426,15
4499,54,13,73,8,-7.746921178252214,5
4500,39,24,84,15,-7.748470893977124,9
4501,68,63,40,41,-7.7522463426238595,22
4502,25,49,37,29,-7.755599308877523,20
4503,73,11,53,7,-7.756297558195456,4
4504,86,14,10,8,-7.764445720347282,6
4505,114,14,92,10,-7.774797164908212,4
4506,97,11,69,7,-7.781192287695097,4
4507,65,19,15,12,-7.793928827079963,7
4508,48,15,50,10,-7.798532000224026,5
4509,110,12,114,8,-7.80031681097971,4
4510,49,21,75,13,-7.802050873504806,8
4511,51,83,86,48,-7.813532735246281,35
4512,98,17,8,11,-7.832264077196576,6
4513,27,12,92,7,-7.83286084188292,5
4514,54,57,63,36,-7.834983225160243,21
4515,88,34,27,19,-7.839183444170466,15
4516,91,26,106,17,-7.859341034872017,9
4517,35,12,44,7,-7.859665557157517,5
4518,23,17,55,9,-7.8715706098888365,8
4519,39,20,92,12,-7.878862062646907,8
4520,39,26,114,15,-7.885706248947249,11
4521,69,15,70,10,-7.889236203805598,5
4522,71,16,98,10,-7.889615378391536,6
4523,7,29,45,18,-7.898910111724259,11
4524,71,26,50,16,-7.901963818656764,10
4525,106,57,13,36,-7.903462974878782,21
4526,18,12,38,7,-7.905676227138177,5
4527,82,10,88,6,-7.9125780836424955,4
4528,17,19,28,12,-7.913140586881615,7
4529,31,27,107,14,-7.922256861744879,13
4530,20,16,33,10,-7.9280624383644875,6
4531,64,12,77,6,-7.928282722369054,6
4532,63,15,78,8,-7.936609127814033,7
4533,43,14,54,8,-7.93899481598767,6
4534,77,13,27,8,-7.939137496569419,5
4535,87,17,73,12,-7.94220715025842,5
4536,65,38,30,24,-7.949871280263602,14
4537,39,46,86,27,-7.966218612463479,19
4538,5,25,65,15,-7.967561696591303,10
4539,4,12,12,8,-7.976222296376226,4
4540,84,28,5,17,-7.986435375626319,11
4541,87,14,15,8,-7.9871826221688895,6
4542,54,16,15,9,-7.990113178125118,7
4543,23,10,96,6,-7.990228863607191,4
4544,70,16,13,10,-7.990308468406848,6
4545,96,19,102,12,-7.995631160966494,7
4546,51,27,64,17,-8.025421551592801,10
4547,81,11,114,6,-8.02915947463677,5
4548,60,24,30,17,-8.029670464815947,7
4549,7,19,73,11,-8.049715087137763,8
4550,12,11,9,7,-8.058955245687951,4
4551,31,30,9,19,-8.059796732295993,11
4552,28,24,93,16,-8.07091688053174,8
4553,53,25,87,14,-8.07726427006638,11
4554,97,16,110,10,-8.077466293642948,6
4555,5,61,8,37,-8.080732178020163,24
4556,4,20,86,13,-8.098499996816942,7
4557,65,22,1,13,-8.101857330353239,9
4558,57,14,114,9,-8.115945976762234,5
4559,86,19,43,13,-8.120011929937794,6
4560,16,15,81,10,-8.120114808218235,5
4561,9,16,20,10,-8.121821018750524,6
4562,29,12,75,7,-8.144839094845086,5
4563,33,11,68,7,-8.166895131198164,4
4564,97,15,60,8,-8.171952563449576,7
4565,98,13,108,8,-8.179403178791246,5
4566,17,16,68,11,-8.180467887356242,5
4567,60,35,104,25,-8.183651908443377,10
4568,109,24,11,16,-8.196422948591085,8
4569,54,15,91,9,-8.22419323895329,6
4570,106,21,69,13,-8.230262561693124,8
4571,81,16,106,9,-8.234635443757195,7
4572,16,12,89,7,-8.24232911238878,5
4573,109,19,41,13,-8.25191645501863,6
4574,109,21,74,14,-8.264824669876235,7
4575,55,49,40,31,-8.264830770768937,18
4576,14,12,37,7,-8.266467835075433,5
4577,55,34,50,20,-8.268886532039618,14
4578,76,12,75,7,-8.269580351796622,5
4579,86,28,44,18,-8.273917321239944,10
4580,55,15,100,8,-8.275270908208638,7
4581,91,18,41,12,-8.276671952774393,6
4582,106,31,90,21,-8.28384546124837,10
4583,39,23,3,15,-8.294234399806298,8
4584,97,22,18,14,-8.298065482812461,8
4585,18,38,13,23,-8.31155891824464,15
4586,57,16,7,9,-8.31505464677608,7
4587,90,13,30,8,-8.325698662002964,5
4588,36,45,13,29,-8.340727615472174,16
4589,93,34,65,20,-8.350774120379098,14
4590,5,22,7,14,-8.357081514884824,8
4591,9,11,11,7,-8.359525570926444,4
4592,75,33,28,21,-8.362065140682944,12
4593,107,21,45,13,-8.374668953212842,8
4594,46,10,6,6,-8.386722378353735,4
4595,104,10,67,6,-8.393331116483225,4
4596,34,18,109,11,-8.400920779627398,7
4597,20,19,91,11,-8.407006886407046,8
4598,91,24,68,14,-8.412577437061726,10
4599,18,18,50,10,-8.415632395108505,8
4600,8,20,64,13,-8.418575329228208,7
4601,79,21,48,13,-8.423308200700253,8
4602,90,19,73,12,-8.424101991862472,7
4603,114,20,55,13,-8.432483182241098,7
4604,70,24,96,13,-8.437417991026262,11
4605,107,30,80,20,-8.450019757222567,10
4606,96,14,95,9,-8.450373982592183,5
4607,65,21,90,12,-8.468020439085361,9
4608,88,100,16,65,-8.471564313243896,35
4609,31,24,27,13,-8.473883465655312,11
4610,12,20,60,10,-8.47808740593529,10
4611,68,56,75,37,-8.483707229345061,19
4612,37,10,94,7,-8.495177713557316,3
4613,60,14,61,8,-8.502669551258707,6
4614,45,10,91,6,-8.504304930616431,4
4615,69,17,63,12,-8.506537399631055,5
4616,4,17,63,11,-8.512042650715129,6
4617,87,43,7,28,-8.520807538202282,15
4618,106,13,12,9,-8.530975907772833,4
4619,36,11,78,7,-8.552435160203329,4
4620,19,10,36,6,-8.571979369015912,4
4621,55,23,95,15,-8.57500650986488,8
4622,64,27,16,18,-8.580056487191111,9
4623,49,15,40,9,-8.588514005098899,6
4624,69,23,60,13,-8.593407796808341,10
4625,75,13,15,9,-8.597300929966652,4
4626,50,22,90,14,-8.598522697493998,8
4627,6,16,13,10,-8.627925335393327,6
4628,86,38,41,25,-8.653956346098061,13
4629,3,12,81,8,-8.666352335190865,4
4630,88,16,77,10,-8.678317130754186,6
4631,39,14,110,10,-8.694421097429624,4
4632,2,10,30,6,-8.704387763563812,4
4633,3,10,96,6,-8.709326138906565,4
4634,102,15,63,9,-8.71016569998991,6
4635,25,20,100,12,-8.712871143074372,8
4636,45,10,58,6,-8.721721801464438,4
4637,63,45,51,27,-8.740070603704455,18
4638,88,35,39,22,-8.74018182363142,13
4639,11,23,104,15,-8.742484307216113,8
4640,106,14,38,7,-8.74501943352997,7
4641,107,17,15,12,-8.746601719039074,5
4642,18,11,76,7,-8.754902951481279,4
4643,60,32,23,21,-8.764024699210452,11
4644,18,23,106,15,-8.778191080978738,8
4645,46,19,7,13,-8.788211094177631,6
4646,108,12,106,8,-8.792855982281738,4
4647,47,18,36,12,-8.810892372607713,6
4648,39,69,16,43,-8.818344521722507,26
4649,76,28,63,19,-8.821395394022662,9
4650,36,19,63,12,-8.822881427312195,7
4651,87,15,32,10,-8.84415502943487,5
4652,17,12,100,9,-8.852644292680779,3
4653,114,30,28,18,-8.875783073761175,12
4654,91,26,87,17,-8.887112732676092,9
4655,53,14,27,10,-8.90629843674804,4
4656,57,17,70,9,-8.906737604649802,8
4657,114,18,95,11,-8.907938896760854,7
4658,107,15,89,10,-8.908975430626485,5
4659,8,32,109,19,-8.913990428825272,13
4660,25,19,110,13,-8.917701672558223,6
4661,91,10,11,7,-8.923724837318142,3
4662,84,14,104,8,-8.932998314387538,6
4663,31,12,73,8,-8.93891957013575,4
4664,80,13,11,8,-8.941133144462878,5
4665,41,18,20,11,-8.950378265153477,7
4666,68,17,69,10,-8.951691444155669,7
4667,31,35,53,21,-8.960751757551133,14
4668,32,11,28,7,-8.963821007682874,4
4669,43,15,64,9,-8.968369384777382,6
4670,114,20,47,12,-8.969382880850324,8
4671,74,19,102,12,-8.969831254032448,7
4672,36,15,5,9,-9.008614310253614,6
4673,50,40,75,27,-9.025452808659386,13
4674,55,19,17,11,-9.039765747912266,8
4675,112,10,58,6,-9.041979275484929,4
4676,41,25,87,16,-9.055565219146255,9
4677,12,11,114,6,-9.067821568235521,5
4678,98,15,20,10,-9.068391127675763,5
4679,87,16,29,11,-9.069488850517308,5
4680,8,34,95,21,-9.07920947405897,13
4681,51,11,48,6,-9.079697327016946,5
4682,8,11,78,8,-9.100292733336456,3
4683,84,41,63,25,-9.10313407107926,16
4684,17,18,104,11,-9.118260519592534,7
4685,5,43,50,26,-9.156049369840705,17
4686,30,12,27,7,-9.159316291712273,5
4687,40,15,92,10,-9.168940871834318,5
4688,102,15,40,9,-9.171373555966687,6
4689,49,15,41,9,-9.171912615870816,6
4690,88,30,15,21,-9.176202112652083,9
4691,40,17,73,11,-9.199997222971483,6
4692,40,12,2,8,-9.204153353273353,4
4693,57,17,11,10,-9.206442600524502,7
4694,109,16,75,11,-9.210222247325481,5
4695,4,15,27,9,-9.21491506769711,6
4696,37,15,64,10,-9.227089681457189,5
4697,107,31,2,20,-9.235597195463592,11
4698,76,10,15,6,-9.241288842836557,4
4699,50,29,60,17,-9.241321859956901,12
4700,92,11,51,6,-9.24383806692869,5
4701,68,11,112,7,-9.245241030969792,4
4702,66,13,65,9,-9.24629898792323,4
4703,81,23,86,16,-9.257929816451894,7
4704,53,10,89,6,-9.260052844451385,4
4705,12,17,53,10,-9.27312011933641,7
4706,93,13,75,8,-9.279825087560207,5
4707,77,19,63,13,-9.291814452323939,6
4708,10,12,7,8,-9.299775482452409,4
4709,55,13,2,8,-9.30651882359562,5
4710,107,12,110,8,-9.307853181235297,4
4711,8,34,75,23,-9.310281336500847,11
4712,70,17,50,10,-9.316243790355681,7
4713,18,11,69,7,-9.33554013481512,4
4714,76,22,16,12,-9.339094465816045,10
4715,96,46,16,32,-9.342765312407819,14
4716,48,10,98,7,-9.346073134818255,3
4717,50,12,23,9,-9.354699302165743,3
4718,39,16,109,12,-9.356347251836707,4
4719,45,13,35,7,-9.365578608940048,6
4720,39,17,76,12,-9.374915521858478,5
4721,3,10,84,6,-9.385748847208339,4
4722,56,15,86,10,-9.396795900031623,5
4723,76,37,86,24,-9.404159373470087,13
4724,20,35,50,23,-9.430020370132222,12
4725,74,14,83,8,-9.43011849323839,6
4726,92,14,64,7,-9.432471863302016,7
4727,53,12,78,7,-9.436495389192622,5
4728,63,11,32,7,-9.44232166344675,4
4729,8,23,18,16,-9.454085269321482,7
4730,66,17,107,11,-9.469730190602778,6
4731,7,29,37,18,-9.500511382222342,11
4732,43,17,75,12,-9.501415277619838,5
4733,99,22,37,15,-9.502759058160713,7
4734,2,13,114,8,-9.50915856241785,5
4735,80,14,90,10,-9.509239360264804,4
4736,25,32,20,21,-9.520523686179052,11
4737,63,13,81,8,-9.541818568077552,5
4738,97,24,13,15,-9.567486234498414,9
4739,43,14,100,8,-9.569290027183786,6
4740,109,11,30,7,-9.576510357445859,4
4741,69,15,58,9,-9.580148024352619,6
4742,53,13,8,9,-9.596286006275326,4
4743,68,23,25,15,-9.604572732889515,8
4744,8,14,99,8,-9.611065592860308,6
4745,9,16,76,11,-9.62150457184245,5
4746,109,17,70,11,-9.623350653501726,6
4747,60,43,64,29,-9.623458774306034,14
4748,63,17,100,10,-9.628829836647936,7
4749,29,22,65,13,-9.643319235535328,9
4750,114,31,8,21,-9.64882712969028,10
4751,63,16,111,10,-9.656549842780757,6
4752,71,12,100,8,-9.66068752031631,4
4753,38,12,53,8,-9.664145468055217,4
4754,87,19,100,11,-9.686243494464469,8
4755,13,14,58,10,-9.687344315616334,4
4756,109,23,63,14,-9.72382995808271,9
4757,112,12,13,7,-9.727864777009708,5
4758,39,19,100,12,-9.733162985159312,7
4759,84,27,20,19,-9.752482123804995,8
4760,57,24,8,16,-9.760841373483045,8
4761,83,24,37,15,-9.783726366978415,9
4762,93,10,62,6,-9.798162399200404,4
4763,39,14,90,9,-9.813134332006266,5
4764,75,25,104,16,-9.822163907084752,9
4765,104,15,36,9,-9.838970168079864,6
4766,63,16,30,10,-9.842696842263113,6
4767,91,34,63,23,-9.863803572303501,11
4768,39,21,46,12,-9.87039628115896,9
4769,3,14,25,9,-9.907996037168818,5
4770,2,10,95,7,-9.9203126299905,3
4771,86,15,47,10,-9.922697319770094,5
4772,14,11,39,7,-9.93222041799205,4
4773,88,18,73,12,-9.974203425238962,6
4774,9,14,17,9,-9.976727315177726,5
4775,109,14,93,9,-9.987067099161266,5
4776,65,25,95,16,-9.987438820754939,9
4777,57,12,75,8,-10.001839571130395,4
4778,18,14,11,9,-10.031989827572827,5
4779,29,12,70,7,-10.037060199943543,5
4780,7,15,78,9,-10.038018876034005,6
4781,57,12,54,9,-10.066024134547122,3
4782,28,10,110,6,-10.066740720619942,4
4783,106,12,79,8,-10.079963228120917,4
4784,3,23,40,16,-10.087421551229507,7
4785,74,11,89,7,-10.093150392265773,4
4786,83,15,107,10,-10.114574167697793,5
4787,36,36,53,25,-10.11473282468799,11
4788,102,20,50,12,-10.118106239071224,8
4789,35,10,8,7,-10.118762046100299,3
4790,15,20,8,12,-10.121581558030638,8
4791,57,11,65,7,-10.12755736675403,4
4792,70,14,46,9,-10.128652016947743,5
4793,109,10,92,7,-10.132066653367776,3
4794,65,44,114,28,-10.151241381752921,16
4795,102,14,76,9,-10.166991590900437,5
4796,69,11,40,8,-10.175676528085834,3
4797,104,13,89,8,-10.178686881843591,5
4798,37,41,97,27,-10.190687502541847,14
4799,33,13,71,9,-10.195530501937561,4
4800,2,15,98,9,-10.198603389321665,6
4801,37,36,11,24,-10.207174749413833,12
4802,9,31,16,21,-10.230243119676485,10
4803,107,26,57,17,-10.245745583810685,9
4804,25,43,7,29,-10.249875265637383,14
4805,106,16,67,10,-10.252161434234205,6
4806,99,12,77,9,-10.252199704478636,3
4807,104,12,34,8,-10.27427919250402,4
4808,35,11,97,8,-10.275101346884465,3
4809,84,10,71,7,-10.279461085413814,3
4810,78,13,40,10,-10.282455211399137,3
4811,51,14,15,9,-10.286699632762668,5
4812,39,21,74,13,-10.295229479000923,8
4813,112,17,64,12,-10.299926352587223,5
4814,17,13,41,9,-10.309292898735405,4
4815,1,13,37,8,-10.34216426905315,5
4816,63,17,1,10,-10.344681903521664,7
4817,69,24,16,15,-10.354994562223549,9
4818,79,24,86,16,-10.359095369944336,8
4819,81,13,104,7,-10.361322759461327,6
4820,1,23,16,17,-10.375674453583683,6
4821,93,16,106,10,-10.37915501513517,6
4822,3,10,41,8,-10.3840484566551,2
4823,7,11,110,6,-10.42257657923173,5
4824,9,14,95,8,-10.448151730885066,6
4825,62,10,49,7,-10.453994552700898,3
4826,31,10,6,6,-10.459894630543896,4
4827,18,17,30,11,-10.4602198646646,6
4828,31,17,43,8,-10.463118168786075,9
4829,77,12,23,8,-10.47207373365885,4
4830,102,19,107,12,-10.474471969151432,7
4831,18,41,16,28,-10.487903979595947,13
4832,107,11,67,8,-10.497709880226346,3
4833,102,13,75,9,-10.50135368794083,4
4834,37,14,89,8,-10.519274673853,6
4835,17,10,102,7,-10.521913643472296,3
4836,97,19,71,13,-10.523533962196899,6
4837,52,10,30,7,-10.532362440897717,3
4838,66,10,7,6,-10.534532214717434,4
4839,28,44,63,30,-10.536882161036063,14
4840,39,17,57,11,-10.563210865507711,6
4841,84,24,11,16,-10.56388232319587,8
4842,7,51,75,34,-10.587695481592943,17
4843,38,15,75,11,-10.597530026810052,4
4844,91,31,7,22,-10.60910028610159,9
4845,101,12,16,8,-10.62271769748288,4
4846,106,61,16,42,-10.640155923618929,19
4847,39,37,18,25,-10.640447164574823,12
4848,64,20,30,13,-10.642272986004782,7
4849,106,22,2,14,-10.65269372009429,8
4850,98,25,5,16,-10.662918685540621,9
4851,86,32,102,22,-10.668729155825625,10
4852,12,14,23,9,-10.685853401881314,5
4853,74,25,51,18,-10.704030149650722,7
4854,51,25,20,15,-10.704829023043493,10
4855,36,13,43,8,-10.713552025008546,5
4856,111,11,54,8,-10.714143810197228,3
4857,60,15,37,9,-10.721994289598655,6
4858,39,20,23,13,-10.742827162036495,7
4859,98,17,13,12,-10.744670761259275,5
4860,68,18,28,13,-10.756755636959523,5
4861,45,13,23,9,-10.763590899157698,4
4862,7,11,59,8,-10.771239818059199,3
4863,35,14,36,10,-10.78250796990051,4
4864,91,25,55,18,-10.791612827626562,7
4865,77,27,104,18,-10.795670361212089,9
4866,107,25,48,16,-10.827629447931269,9
4867,70,22,108,15,-10.841065136029917,7
4868,14,17,16,11,-10.870649232838183,6
4869,77,16,71,11,-10.872072685026803,5
4870,41,21,111,13,-10.875724405637953,8
4871,88,41,63,29,-10.892208716891064,12
4872,46,11,100,7,-10.904685887838546,4
4873,5,17,73,11,-10.90738305979487,6
4874,64,14,27,10,-10.925557497140751,4
4875,31,13,109,9,-10.93894527157734,4
4876,91,12,23,7,-10.949067409142138,5
4877,53,14,75,9,-10.9517157480987,5
4878,53,10,15,7,-10.9539479023651,3
4879,47,15,9,10,-10.968614103246171,5
4880,88,37,50,24,-10.986958086725291,13
4881,54,10,38,7,-10.990145608410517,3
4882,71,13,15,9,-11.00914391321026,4
4883,114,12,32,8,-11.045874107216177,4
4884,114,26,87,16,-11.046799663049542,10
4885,11,11,99,7,-11.04788337752713,4
4886,30,12,34,8,-11.074025628614608,4
4887,80,13,78,9,-11.09791576617006,4
4888,32,13,74,9,-11.101664191982367,4
4889,4,16,43,10,-11.162760468553993,6
4890,46,15,30,10,-11.187097177578686,5
4891,109,10,91,7,-11.192740070217315,3
4892,61,12,6,8,-11.200388242698184,4
4893,1,11,89,7,-11.20901106938993,4
4894,87,13,79,10,-11.211504341364096,3
4895,106,18,98,12,-11.217270403208776,6
4896,51,13,73,9,-11.219804453521853,4
4897,96,20,46,12,-11.223825219116964,8
4898,94,19,16,13,-11.236807003120544,6
4899,68,27,76,21,-11.237056803999655,6
4900,62,12,114,8,-11.242008485847647,4
4901,51,28,95,20,-11.244919045567018,8
4902,72,18,86,12,-11.245438259267335,6
4903,81,13,40,9,-11.249205674756395,4
4904,70,29,87,18,-11.250414739740132,11
4905,48,12,90,8,-11.252381363492235,4
4906,103,14,86,9,-11.266539954551964,5
4907,63,23,98,15,-11.26844326537147,8
4908,86,10,29,7,-11.288307199014056,3
4909,5,10,80,7,-11.295210617596885,3
4910,70,15,30,9,-11.302914088005606,6
4911,79,10,80,6,-11.30670069299901,4
4912,96,23,48,16,-11.323041657346815,7
4913,51,20,77,13,-11.333764666726038,7
4914,60,10,84,8,-11.347879767103896,2
4915,28,15,69,9,-11.351855367268074,6
4916,29,13,60,8,-11.371173035745986,5
4917,27,14,37,10,-11.378309035824225,4
4918,53,15,43,11,-11.385837645609968,4
4919,52,13,28,8,-11.390219996371501,5
4920,38,11,4,8,-11.395009854616482,3
4921,96,10,41,8,-11.395654048565303,2
4922,35,23,76,15,-11.39691854534874,8
4923,95,10,29,7,-11.401888238693147,3
4924,106,39,114,26,-11.417874917507989,13
4925,104,17,64,12,-11.423286049235614,5
4926,54,18,1,12,-11.434068336265456,6
4927,88,10,98,7,-11.438021992981458,3
4928,81,14,47,10,-11.445134927289029,4
4929,28,12,41,8,-11.455962851607183,4
4930,88,39,53,27,-11.468278466574699,12
4931,55,10,6,8,-11.480199964282331,2
4932,91,10,69,6,-11.501202941557144,4
4933,54,44,37,30,-11.514339123049963,14
4934,94,12,86,8,-11.544074142973756,4
4935,76,15,74,9,-11.544600382799558,6
4936,9,29,87,18,-11.545859379034644,11
4937,15,10,49,7,-11.54727068179138,3
4938,71,10,111,7,-11.563837134119527,3
4939,50,15,33,10,-11.568332857311571,5
4940,54,32,75,21,-11.638197745741712,11
4941,103,11,55,8,-11.639657223031874,3
4942,107,17,78,12,-11.645622319804351,5
4943,1,12,18,9,-11.656493402808342,3
4944,108,10,76,7,-11.689376602430276,3
4945,46,12,53,8,-11.691208139074996,4
4946,96,13,91,9,-11.692854193124042,4
4947,48,10,34,7,-11.721604635677128,3
4948,1,37,55,26,-11.769033555767942,11
4949,47,18,16,12,-11.770587154395857,6
4950,71,19,104,12,-11.784281392964676,7
4951,107,36,30,24,-11.78603262900811,12
4952,40,21,8,15,-11.791921402372775,6
4953,10,12,107,8,-11.793904653306292,4
4954,87,23,48,16,-11.827762552608771,7
4955,104,18,90,12,-11.89837391797068,6
4956,11,13,93,10,-11.901577910299338,3
4957,106,23,46,14,-11.922619928802636,9
4958,86,15,92,10,-11.933731151246336,5
4959,18,27,95,18,-11.951490678023534,9
4960,38,15,39,10,-11.983149837399363,5
4961,27,10,49,7,-12.01055997009829,3
4962,104,12,1,8,-12.020108292717424,4
4963,68,18,55,13,-12.021329423509217,5
4964,53,20,41,14,-12.033617238867736,6
4965,29,16,88,11,-12.083806084198887,5
4966,31,21,1,13,-12.094663220680305,8
4967,51,31,100,18,-12.118913026816555,13
4968,96,27,98,18,-12.125771968912133,9
4969,63,12,92,7,-12.136993324985582,5
4970,20,11,18,8,-12.145647879140462,3
4971,13,13,80,8,-12.146905118225316,5
4972,70,22,2,14,-12.153236389251056,8
4973,96,24,7,18,-12.185718391591623,6
4974,53,10,28,7,-12.208997945331086,3
4975,106,11,78,8,-12.21024325274275,3
4976,28,32,74,22,-12.21103450586095,10
4977,70,21,11,15,-12.225051268467027,6
4978,39,23,91,16,-12.232573714352018,7
4979,35,10,87,6,-12.264853365777979,4
4980,35,23,107,17,-12.292793992800659,6
4981,51,13,111,9,-12.302448210462586,4
4982,12,11,75,7,-12.349857549218326,4
4983,54,22,100,15,-12.349967715760693,7
4984,33,13,87,9,-12.350753088118475,4
4985,97,12,67,9,-12.35346782744064,3
4986,88,17,100,12,-12.378090554328692,5
4987,9,23,64,17,-12.391246669177534,6
4988,50,17,36,10,-12.423703215189779,7
4989,60,16,17,11,-12.448164416078782,5
4990,76,16,7,10,-12.499410024486462,6
4991,35,11,104,7,-12.510382448223586,4
4992,88,63,13,44,-12.519829130286709,19
4993,5,27,75,17,-12.535083552437035,10
4994,5,27,57,19,-12.572003913811173,8
4995,63,34,80,24,-12.572385685987724,10
4996,31,69,13,47,-12.629950123430293,22
4997,28,19,34,14,-12.632536354451824,5
4998,5,14,48,10,-12.657719903594751,4
4999,32,15,16,10,-12.66414301987214,5
5000,87,24,98,17,-12.694500945202563,7
5001,18,19,15,14,-12.69776862546919,5
5002,88,16,111,12,-12.710530076381987,4
5003,36,16,8,11,-12.721597845881664,5
5004,49,10,76,7,-12.730664919589284,3
5005,22,10,109,7,-12.73637855263929,3
5006,106,14,33,10,-12.736963404825662,4
5007,36,10,95,7,-12.746346244298937,3
5008,81,12,54,8,-12.757047966098474,4
5009,79,12,7,8,-12.757947284045494,4
5010,27,20,104,15,-12.796343894614779,5
5011,104,20,49,14,-12.812277987885736,6
5012,65,20,2,15,-12.841827331353704,5
5013,109,19,27,12,-12.854514856980064,7
5014,71,14,17,9,-12.865560678743796,5
5015,75,12,98,8,-12.900340980932176,4
5016,17,22,40,16,-12.90898046932079,6
5017,92,13,41,9,-12.929503950347238,4
5018,39,11,108,7,-12.951016324577209,4
5019,39,13,44,9,-12.955209040520206,4
5020,114,12,27,8,-13.009570993376595,4
5021,65,29,27,20,-13.035250514579241,9
5022,39,12,58,9,-13.038608389876652,3
5023,36,26,27,17,-13.042063327238697,9
5024,46,38,104,26,-13.083570903140272,12
5025,90,15,20,10,-13.08396173697106,5
5026,39,29,30,20,-13.10113473228172,9
5027,38,12,71,9,-13.11375866950239,3
5028,70,10,83,6,-13.118339150755117,4
5029,112,13,51,9,-13.12503322058542,4
5030,77,15,53,10,-13.125923769197522,5
5031,37,28,95,21,-13.149042342745602,7
5032,88,17,102,13,-13.153141792955822,4
5033,8,16,34,11,-13.162445537556675,5
5034,54,18,36,12,-13.217744798273172,6
5035,54,26,48,18,-13.218100464174018,8
5036,60,25,27,19,-13.218976933527705,6
5037,46,16,50,10,-13.220197801431315,6
5038,60,13,108,9,-13.225499906177387,4
5039,41,16,8,12,-13.244566662838952,4
5040,88,36,95,25,-13.24512473637818,11
5041,96,39,11,27,-13.252582377716239,12
5042,11,23,95,17,-13.263288005084238,6
5043,88,15,80,10,-13.263947598977516,5
5044,5,31,102,21,-13.269431869962297,10
5045,99,12,7,8,-13.274517260788413,4
5046,77,12,49,9,-13.281163183221418,3
5047,106,19,64,13,-13.295192075566398,6
5048,112,12,100,8,-13.302851040311163,4
5049,54,22,30,16,-13.323976347634606,6
5050,51,16,78,10,-13.34129187031167,6
5051,83,18,16,13,-13.35123547721314,5
5052,20,11,34,8,-13.36206244645375,3
5053,32,11,55,7,-13.36363963009391,4
5054,86,15,26,11,-13.377068508342036,4
5055,62,18,74,13,-13.411803700884379,5
5056,32,12,25,7,-13.427877456338663,5
5057,55,17,102,12,-13.448934349992442,5
5058,90,10,93,7,-13.452391800759145,3
5059,46,11,98,7,-13.482621473195687,4
5060,70,10,34,7,-13.500624883981926,3
5061,1,10,78,7,-13.511302040012385,3
5062,103,11,74,8,-13.53565105452587,3
5063,94,15,81,9,-13.59005711274676,6
5064,46,12,93,9,-13.65474091099076,3
5065,97,10,39,7,-13.662889543825607,3
5066,44,14,104,10,-13.703910249073422,4
5067,31,25,63,18,-13.714594813504094,7
5068,52,12,87,8,-13.717025989199323,4
5069,58,11,54,7,-13.723463958291577,4
5070,33,14,63,10,-13.733555706081619,4
5071,39,13,80,9,-13.744061353836228,4
5072,60,22,47,16,-13.763300022789736,6
5073,36,10,109,8,-13.766188846349216,2
5074,112,11,97,9,-13.794615799527321,2
5075,9,12,43,8,-13.800780824161127,4
5076,63,16,57,10,-13.810752926681854,6
5077,83,13,11,10,-13.863860744018641,3
5078,54,16,2,12,-13.913344645570438,4
5079,83,11,23,8,-13.9232349355535,3
5080,71,24,40,17,-13.948125771645659,7
5081,83,18,114,13,-13.959074384580722,5
5082,77,29,40,21,-14.048771071022598,8
5083,71,10,91,7,-14.063234581200414,3
5084,54,18,71,12,-14.18324547541803,6
5085,66,11,63,8,-14.209916362631542,3
5086,60,28,91,19,-14.21948701708733,9
5087,60,21,74,14,-14.268042080973927,7
5088,11,11,30,8,-14.299516136130784,3
5089,37,12,34,9,-14.300571264435137,3
5090,102,11,46,8,-14.307494713152051,3
5091,50,18,80,14,-14.309192739594003,4
5092,77,27,7,19,-14.33556677589385,8
5093,83,10,40,8,-14.347262135245904,2
5094,14,11,80,7,-14.435345395194508,4
5095,5,12,44,9,-14.447481002517355,3
5096,2,10,73,7,-14.457830254043136,3
5097,25,12,34,9,-14.468789684868275,3
5098,51,18,45,13,-14.493324057948728,5
5099,2,12,13,8,-14.516038794033763,4
5100,37,12,73,8,-14.533349572792924,4
5101,99,12,50,8,-14.581629542155014,4
5102,55,11,15,9,-14.630800697849656,2
5103,97,11,14,9,-14.634263785488013,2
5104,31,42,16,30,-14.686484334749888,12
5105,107,12,56,8,-14.703414597955637,4
5106,3,16,63,13,-14.714932525465596,3
5107,102,10,90,6,-14.739148726840858,4
5108,106,14,32,11,-14.741977351969277,3
5109,37,12,18,9,-14.803594606441187,3
5110,9,21,41,15,-14.805256847596034,6
5111,85,11,55,8,-14.836765173492132,3
5112,91,17,30,13,-14.854653528597783,4
5113,108,10,8,8,-14.88327570809189,2
5114,60,13,76,11,-14.892670155328526,2
5115,104,16,9,11,-14.915937256999365,5
5116,17,21,95,16,-14.970865650802967,5
5117,75,10,45,8,-15.003649946946844,2
5118,99,18,25,13,-15.014737107768294,5
5119,31,14,69,9,-15.039257334356934,5
5120,7,15,61,10,-15.062720453324895,5
5121,13,11,19,8,-15.079444977391654,3
5122,9,12,48,9,-15.097519161061683,3
5123,35,11,27,8,-15.129282720135883,3
5124,12,14,41,10,-15.231681493254909,4
5125,68,15,61,11,-15.24709195978541,4
5126,65,11,91,8,-15.248119768267998,3
5127,60,19,49,14,-15.34016466894574,5
5128,99,18,107,13,-15.347683777553833,5
5129,71,10,11,7,-15.386871545741162,3
5130,25,14,49,10,-15.43786379260084,4
5131,107,25,73,17,-15.460672720698524,8
5132,60,13,100,10,-15.468043250681323,3
5133,2,18,104,12,-15.50344370749933,6
5134,52,16,86,12,-15.506556487763948,4
5135,106,10,89,6,-15.508251121091035,4
5136,14,11,25,9,-15.536643242754739,2
5137,31,12,104,8,-15.561592201078605,4
5138,5,20,23,15,-15.563915929412014,5
5139,85,11,106,8,-15.605731963514037,3
5140,97,13,90,9,-15.62188808576594,4
5141,68,19,95,16,-15.650860272181013,3
5142,1,13,8,10,-15.702434313684371,3
5143,80,13,75,10,-15.71805205236554,3
5144,35,12,80,9,-15.72406211872363,3
5145,77,14,37,10,-15.73169378416834,4
5146,96,16,93,12,-15.73319462766121,4
5147,35,10,75,8,-15.755761764469415,2
5148,63,17,62,12,-15.764032245306241,5
5149,25,10,48,7,-15.782340463377466,3
5150,37,10,15,8,-15.78269510258246,2
5151,77,16,8,12,-15.792942369486319,4
5152,70,10,48,7,-15.796496446665468,3
5153,39,18,99,14,-15.84878961626863,4
5154,91,11,76,9,-15.872477419459234,2
5155,70,13,80,11,-15.90133341789594,2
5156,63,13,14,9,-15.961958621197994,4
5157,31,16,98,11,-16.004000710168857,5
5158,5,18,41,12,-16.050377082501456,6
5159,112,15,28,11,-16.113496626946453,4
5160,19,15,7,12,-16.20177404293914,3
5161,45,13,4,9,-16.22176504033788,4
5162,58,18,65,13,-16.230092308358206,5
5163,13,22,30,15,-16.24126600025946,7
5164,69,21,53,15,-16.247322250303586,6
5165,15,10,47,7,-16.295058176377424,3
5166,71,14,95,9,-16.392856882688644,5
5167,25,25,11,20,-16.429746187224737,5
5168,55,15,14,12,-16.464885141480416,3
5169,112,13,39,9,-16.608495951273387,4
5170,79,12,104,8,-16.610032165830475,4
5171,36,10,101,8,-16.627946704419497,2
5172,41,12,30,8,-16.67014747818193,4
5173,19,10,87,7,-16.682250206717093,3
5174,112,12,60,9,-16.723990551091102,3
5175,68,13,50,9,-16.739560938672483,4
5176,69,18,75,14,-16.793123670141163,4
5177,76,10,1,7,-16.815372977495876,3
5178,30,14,95,10,-16.836817117204564,4
5179,97,14,38,11,-16.838290194315167,3
5180,31,13,106,9,-16.865391075834467,4
5181,38,13,104,9,-16.9326658218169,4
5182,31,10,38,6,-16.97274158238424,4
5183,50,16,77,13,-16.97319460562341,3
5184,87,12,34,9,-16.98781036825935,3
5185,50,18,53,13,-17.001925465006995,5
5186,109,25,114,20,-17.09393681935433,5
5187,10,13,51,10,-17.100960272868033,3
5188,69,14,49,10,-17.144708838601282,4
5189,5,22,27,16,-17.186967099907662,6
5190,35,12,63,9,-17.190706154289504,3
5191,68,13,100,9,-17.287141142351707,4
5192,106,10,35,7,-17.319051156851785,3
5193,43,10,45,7,-17.339723268429022,3
5194,39,21,15,17,-17.421560463107667,4
5195,81,19,51,13,-17.438974370621573,6
5196,18,14,23,10,-17.468338798211544,4
5197,67,10,16,8,-17.493350405648194,2
5198,83,11,110,9,-17.575104905290946,2
5199,28,27,90,21,-17.5763540242808,6
5200,83,19,13,15,-17.652916390105926,4
5201,3,11,5,7,-17.694163901939547,4
5202,69,14,30,10,-17.76525861498344,4
5203,5,18,30,15,-17.81053305502534,3
5204,8,10,69,8,-17.824588271872045,2
5205,88,17,32,13,-17.824594134673823,4
5206,114,11,111,8,-17.846918134233796,3
5207,57,11,69,9,-17.903713317642495,2
5208,68,12,58,9,-17.99999433156734,3
5209,71,16,41,13,-18.08946308130621,3
5210,31,15,30,10,-18.11699342281865,5
5211,43,15,55,13,-18.330276358916965,2
5212,31,10,62,7,-18.377852941958047,3
5213,103,10,109,7,-18.37872283171988,3
5214,77,14,30,11,-18.43097958565835,3
5215,18,10,5,8,-18.464269170029826,2
5216,81,10,49,7,-18.50486725942154,3
5217,33,14,65,11,-18.512762180418843,3
5218,77,15,16,12,-18.527051782521912,3
5219,12,10,27,8,-18.745339188817162,2
5220,28,17,99,13,-18.754584808369174,4
5221,81,15,87,10,-18.82493018419675,5
5222,11,10,2,8,-18.92308479788875,2
5223,4,13,98,11,-18.936498509144613,2
5224,112,10,47,7,-19.05098189885603,3
5225,18,14,99,11,-19.290873438644514,3
5226,68,10,90,8,-19.75244962865367,2
5227,32,12,95,10,-19.760326388824467,2
5228,112,13,20,11,-19.929098585759142,2
5229,9,28,53,22,-19.93974090037054,6
5230,54,15,4,13,-20.025057773306173,2
5231,75,11,111,8,-20.026411874817093,3
5232,3,13,75,11,-20.269434346658137,2
5233,91,12,43,10,-20.29321965959792,2
5234,35,11,48,9,-20.438098241934796,2
5235,79,10,30,8,-20.824119521738712,2
5236,38,11,55,9,-20.87506721402826,2
5237,112,13,78,10,-20.93607940363728,3
5238,33,17,55,14,-21.027735426652754,3
5239,84,10,7,8,-21.17364400986741,2
5240,51,17,90,15,-21.316832661511143,2
5241,91,16,104,15,-21.31971827875211,1
5242,4,13,25,11,-21.42004260246313,2
5243,97,10,34,8,-21.449947297008155,2
5244,58,15,86,12,-21.50384076763655,3
5245,17,13,23,11,-21.598646004163673,2
5246,51,11,34,9,-22.213174768846976,2
5247,97,11,91,9,-22.276396914355814,2
5248,65,25,100,22,-22.41765276800298,3
5249,9,13,15,10,-22.928409220421134,3
5250,28,10,10,9,-23.03135332069283,1
5251,9,21,27,17,-23.072306521845082,4
5252,36,17,30,16,-23.159867676696177,1
5253,8,11,4,10,-23.17790508365148,1
5254,51,14,2,11,-23.23632490446861,3
5255,55,10,44,8,-23.361076236430034,2
5256,112,12,71,10,-23.507799276651657,2
5257,69,10,27,8,-23.704204091949634,2
5258,97,12,73,9,-24.10757303293757,3
5259,107,10,19,10,-24.226623453768692,0
5260,112,10,49,9,-24.460078908180627,1
5261,4,14,41,10,-25.49518204204923,4
5262,77,15,75,13,-25.509874365270075,2
5263,23,11,90,10,-28.300961743533676,1
