,againstHero,games,hero,losses,shift,wins
0,19,11,107,1,27.89299298473576,10
1,64,11,65,2,27.727149312498728,9
2,91,10,43,0,27.34458455824453,10
3,46,11,30,2,24.436531907478123,9
4,55,11,89,2,24.169792122479972,9
5,103,15,86,2,23.967936503754764,13
6,65,10,97,3,23.53209680517744,7
7,6,10,12,3,23.4207865353791,7
8,57,13,41,2,23.15616213187528,11
9,26,10,10,2,22.77202326046866,8
10,84,10,94,1,22.762013140609877,9
11,90,13,76,4,22.485125782733952,9
12,17,11,44,2,22.072912946241175,9
13,111,25,70,6,21.76194128198864,19
14,20,13,85,2,21.415693679335217,11
15,74,14,110,3,20.875047711546735,11
16,37,10,104,2,20.681486856575926,8
17,28,10,71,1,20.618030954774138,9
18,18,11,37,2,20.49673353679967,9
19,110,12,109,2,20.16933250309851,10
20,106,12,50,2,20.07987581184921,10
21,51,12,98,3,20.0679948728163,9
22,87,31,109,7,20.054560725854504,24
23,41,13,10,2,19.737157878272868,11
24,62,15,50,3,19.692589576651248,12
25,62,13,71,1,19.577656350343144,12
26,110,12,29,2,19.248543702222978,10
27,87,22,46,6,18.52263951690414,16
28,88,15,75,3,18.461574020804573,12
29,79,13,7,3,18.404801500191937,10
30,58,13,87,2,18.24410492014657,11
31,28,11,52,2,18.175295847774855,9
32,107,12,73,3,18.009767759901283,9
33,64,11,9,3,17.707873254379976,8
34,63,16,70,4,17.68149233309164,12
35,41,10,110,1,17.607251464829996,9
36,57,19,28,4,17.559820084625652,15
37,88,19,49,4,17.532034552741443,15
38,39,10,55,3,17.520622017928282,7
39,37,10,89,2,17.418835616565147,8
40,26,11,49,4,17.344464565076983,7
41,73,17,109,4,17.085641782719854,13
42,26,13,54,5,16.93978716229654,8
43,43,14,38,5,16.91598228541753,9
44,38,12,15,3,16.880495720481193,9
45,5,13,9,3,16.7060467975664,10
46,49,10,96,3,16.4668046049511,7
47,97,10,2,3,16.39630446252257,7
48,63,11,10,3,16.316509167938314,8
49,62,13,103,4,16.29915650058687,9
50,59,11,103,3,16.266656443008642,8
51,87,14,85,3,16.25520793639719,11
52,17,14,37,5,16.224073122382876,9
53,30,25,65,6,16.220777761486314,19
54,90,12,91,4,16.098702445179015,8
55,37,17,63,5,15.955493748739721,12
56,93,11,76,3,15.758858341227866,8
57,46,15,79,5,15.695062063539163,10
58,17,15,38,4,15.678044683298898,11
59,29,12,73,3,15.669782329836798,9
60,16,17,106,5,15.642006890489665,12
61,16,10,59,4,15.561569445873218,6
62,39,11,54,3,15.528226686771601,8
63,28,11,66,4,15.514046365780628,7
64,70,13,88,3,15.44587119057327,10
65,74,11,112,3,15.445414304360199,8
66,63,23,28,6,15.357528386874117,17
67,63,16,76,3,15.315183161564981,13
68,62,20,20,5,15.291234725709055,15
69,90,11,18,3,15.206260273523743,8
70,84,14,40,5,15.139436492633184,9
71,57,15,37,4,15.067776643574769,11
72,55,13,85,4,14.980602580320598,9
73,26,24,38,7,14.873702675608982,17
74,90,19,88,6,14.848820731417785,13
75,111,17,109,5,14.83552280759147,12
76,93,11,17,3,14.792328082005683,8
77,74,24,48,8,14.775548366537821,16
78,37,13,5,3,14.756162408233527,10
79,93,25,38,8,14.706979782976543,17
80,49,11,62,4,14.691411076024671,7
81,90,11,93,4,14.682520064465667,7
82,88,14,13,6,14.6368480815469,8
83,48,11,73,3,14.582237633015303,8
84,111,31,62,9,14.463263378850396,22
85,93,16,48,4,14.392053755515036,12
86,26,12,88,4,14.385453144142543,8
87,104,10,50,3,14.369017199502489,7
88,46,11,91,3,14.304066831342244,8
89,63,25,79,7,14.291969591970714,18
90,107,16,70,5,14.267288142846661,11
91,60,10,8,3,14.262033464961128,7
92,50,11,11,3,14.195922492395967,8
93,57,14,76,4,14.156354151485953,10
94,55,16,75,4,14.09644443472021,12
95,30,14,85,4,14.008346410378739,10
96,57,20,9,5,13.952239963411898,15
97,30,27,54,8,13.923397923845725,19
98,70,12,109,3,13.902253335630233,9
99,38,16,73,6,13.771113964229547,10
100,37,10,13,3,13.710588735524032,7
101,26,13,69,4,13.66583811938565,9
102,84,17,13,6,13.614397809771186,11
103,63,17,9,6,13.554826580141608,11
104,20,15,48,4,13.50576806634232,11
105,107,27,62,9,13.491527071908125,18
106,13,15,73,5,13.471561712276639,10
107,106,21,87,5,13.462027569241892,16
108,10,24,23,9,13.345513564331808,15
109,30,12,62,4,13.325811773490166,8
110,18,13,2,4,13.31796160775977,9
111,89,12,73,4,13.292782754035754,8
112,58,10,89,3,13.242354787086834,7
113,28,34,109,10,13.138369413542863,24
114,55,17,109,5,13.091080409868951,12
115,30,24,9,7,13.086601208658116,17
116,86,10,39,4,12.987296656610644,6
117,51,17,48,4,12.926828220690847,13
118,6,14,66,4,12.900366001703459,10
119,86,14,17,4,12.845058614378047,10
120,54,28,109,9,12.824426413749993,19
121,2,21,76,7,12.801773404860658,14
122,69,10,41,4,12.786110356364535,6
123,26,35,107,9,12.719830578595298,26
124,73,11,90,3,12.699639901607053,8
125,55,18,11,5,12.65715558206878,13
126,46,21,9,8,12.65253338448702,13
127,3,12,8,3,12.625631089351694,9
128,73,15,23,5,12.578415919943863,10
129,8,15,66,4,12.577302494556069,11
130,13,10,86,3,12.514933779078898,7
131,104,12,48,3,12.498145078794371,9
132,86,11,52,3,12.486992442062455,8
133,93,22,62,7,12.439036445917942,15
134,55,23,2,8,12.42326535142481,15
135,20,18,23,5,12.419097927334024,13
136,86,10,108,3,12.412079407765814,7
137,98,13,71,4,12.389943801613084,9
138,63,15,20,5,12.379288310929553,10
139,9,11,97,4,12.349501112253755,7
140,93,12,26,4,12.342400061412198,8
141,70,20,86,7,12.190269214891442,13
142,86,14,109,5,12.17060465838588,9
143,93,20,41,5,12.152619394683915,15
144,58,11,103,3,12.093407699535737,8
145,79,11,112,3,12.089617166544242,8
146,29,11,70,3,12.030336124564109,8
147,38,15,10,4,12.029907406435383,11
148,14,11,65,3,11.952914938466222,8
149,18,13,17,5,11.905263091036245,8
150,43,14,109,5,11.866460109925438,9
151,55,10,108,3,11.846202494892411,7
152,85,17,37,4,11.836833776252563,13
153,23,15,62,4,11.828374088275869,11
154,28,14,112,5,11.811196680681133,9
155,50,14,109,5,11.809368464557789,9
156,26,14,46,5,11.785571142877396,9
157,104,18,98,7,11.758094591275455,11
158,15,10,79,3,11.756403792330063,7
159,70,13,62,5,11.719880801732709,8
160,93,13,75,5,11.701725422413729,8
161,93,15,1,4,11.687642643688715,11
162,10,18,55,7,11.634204977110192,11
163,98,17,15,6,11.628891195956703,11
164,32,15,88,4,11.62259561238565,11
165,30,26,103,8,11.5945127814643,18
166,65,16,18,5,11.593628436717697,11
167,16,18,13,6,11.568229122492738,12
168,63,12,109,3,11.567490331771891,9
169,65,16,102,6,11.565057266886955,10
170,38,22,109,7,11.561969316834697,15
171,107,10,7,3,11.56115244063066,7
172,109,15,6,5,11.553622356231047,10
173,16,28,70,8,11.544275868635912,20
174,41,31,109,7,11.540113156994366,24
175,43,17,28,5,11.503038032270851,12
176,17,20,41,5,11.462467383182338,15
177,34,15,91,5,11.445515293888622,10
178,46,13,107,3,11.378200575342321,10
179,88,10,109,3,11.374737203817379,7
180,2,22,103,6,11.358008021341288,16
181,11,15,54,5,11.306071170308833,10
182,39,10,2,4,11.302944205280658,6
183,13,13,41,5,11.285884419294261,8
184,55,24,62,9,11.2411377363916,15
185,65,18,44,7,11.219859746185271,11
186,106,14,11,3,11.203083608282181,11
187,15,10,28,3,11.176545961741331,7
188,98,38,88,11,11.14860741726199,27
189,93,19,37,6,11.135373057728058,13
190,74,10,104,3,11.124138818031259,7
191,32,23,109,8,11.083621382461542,15
192,35,10,28,3,11.074308940964794,7
193,63,30,54,11,11.070804548887914,19
194,30,20,16,6,11.056706393827778,14
195,106,14,88,4,11.032539916989034,10
196,98,12,110,4,11.026999619900328,8
197,55,15,106,5,11.019586743651415,10
198,49,17,16,6,11.010920636133424,11
199,20,19,10,6,11.010427213733353,13
200,38,14,6,4,11.005398790381081,10
201,30,10,43,3,10.958461383133036,7
202,49,18,86,8,10.91347154436731,10
203,98,48,41,18,10.835326353590219,30
204,17,16,23,5,10.781653305644484,11
205,93,37,9,12,10.753480854770812,25
206,39,10,11,2,10.734584321540082,8
207,107,12,66,4,10.732234223681386,8
208,87,29,6,10,10.703931695338108,19
209,91,10,85,5,10.702453755941072,5
210,37,14,41,5,10.694476243263011,9
211,6,35,44,13,10.67278245600393,22
212,107,16,109,6,10.668493285549742,10
213,38,13,58,4,10.642287291889902,9
214,48,10,39,4,10.636653060776387,6
215,54,15,104,5,10.631063301403962,10
216,65,10,101,4,10.616476001261294,6
217,16,12,108,4,10.597502131840029,8
218,87,17,5,6,10.594673728658035,11
219,110,17,8,5,10.493443474648158,12
220,10,19,1,6,10.478183626603695,13
221,88,13,85,4,10.474485947559344,9
222,98,10,75,3,10.422827528026358,7
223,29,10,17,3,10.395985227153457,7
224,32,18,107,5,10.358465103585823,13
225,55,17,37,6,10.34758072072905,11
226,8,14,89,5,10.313019177206716,9
227,6,12,106,5,10.2894367115075,7
228,88,10,71,3,10.263450457417434,7
229,17,29,9,10,10.257069894218061,19
230,60,10,38,4,10.186949801542621,6
231,93,18,50,7,10.176089661409485,11
232,37,14,34,5,10.040882054419713,9
233,65,14,59,6,10.036164804159641,8
234,88,11,30,5,10.02483572373662,6
235,76,17,34,6,9.994247540573088,11
236,90,20,23,7,9.967154481509692,13
237,111,24,38,9,9.966212518632439,15
238,93,11,70,4,9.928875321549775,7
239,87,13,17,5,9.922998390575081,8
240,11,17,86,7,9.920784017899694,10
241,54,10,80,4,9.908173914867035,6
242,10,14,50,5,9.907166966632534,9
243,107,30,41,12,9.880991735942342,18
244,65,15,96,6,9.851177535683917,9
245,111,20,37,8,9.840471570719451,12
246,54,25,76,10,9.821966207421672,15
247,74,37,76,13,9.805593452580656,24
248,70,13,74,4,9.800022679632328,9
249,93,17,91,6,9.794639196057782,11
250,84,13,106,6,9.721232372178164,7
251,73,21,111,8,9.713634051639158,13
252,29,32,38,11,9.681299801122258,21
253,10,21,86,7,9.655898857397647,14
254,98,26,62,10,9.641858129313677,16
255,13,21,8,7,9.615323131026955,14
256,91,17,50,5,9.605985015453987,12
257,8,12,35,5,9.605315474711038,7
258,30,18,70,6,9.585226013483615,12
259,23,22,89,8,9.576875474490599,14
260,74,10,108,4,9.573103573564598,6
261,60,21,65,8,9.571951123571171,13
262,6,11,58,4,9.489496457414935,7
263,103,11,19,4,9.481054864710421,7
264,18,17,84,6,9.48013150601899,11
265,8,20,71,8,9.460862953446574,12
266,30,27,87,9,9.441306317195094,18
267,16,10,52,3,9.438956723678405,7
268,57,11,10,4,9.43267475148189,7
269,48,17,35,6,9.405686959524614,11
270,55,22,30,9,9.385734127086305,13
271,55,32,54,10,9.348918512893793,22
272,79,19,75,6,9.342561498216153,13
273,50,17,23,7,9.300090532650529,10
274,20,34,9,11,9.290302263411942,23
275,38,20,86,6,9.280969369301586,14
276,43,14,50,5,9.27474781724881,9
277,110,12,50,4,9.252517401752682,8
278,111,46,54,17,9.235401744617302,29
279,13,26,28,8,9.183739107543797,18
280,93,29,103,11,9.099325117611023,18
281,26,12,32,5,9.09769401619869,7
282,106,13,109,5,9.062668099795829,8
283,15,12,16,4,9.059606623425509,8
284,84,11,44,4,9.017421120510091,7
285,41,19,62,7,9.00335332858162,12
286,37,41,86,16,8.9832167055326,25
287,74,19,18,7,8.9712615057984,12
288,48,18,111,6,8.93792122942067,12
289,107,20,110,8,8.933567921834609,12
290,112,11,50,4,8.921235906620762,7
291,8,23,57,9,8.905396375956737,14
292,50,12,68,4,8.857284196205955,8
293,98,19,11,7,8.853737963747768,12
294,63,27,86,8,8.832023387948837,19
295,11,13,9,5,8.829807571266308,8
296,10,11,85,5,8.810276618143424,6
297,29,10,76,3,8.806443209825622,7
298,23,24,93,10,8.804783518097919,14
299,93,32,84,11,8.779261084845606,21
300,104,27,28,9,8.752482125180736,18
301,30,24,37,8,8.742074606758964,16
302,70,20,65,7,8.731970869068393,13
303,76,16,62,8,8.710475893988358,8
304,2,17,73,7,8.68105241339238,10
305,48,11,75,3,8.67281534666425,8
306,98,15,68,4,8.664988751550116,11
307,65,26,32,10,8.65722618752934,16
308,84,50,48,20,8.631355531302614,30
309,84,14,66,5,8.616861190106436,9
310,11,10,76,4,8.560443995014507,6
311,32,25,9,9,8.53109215537152,16
312,98,60,65,22,8.49413981702294,38
313,98,21,1,7,8.436557583367685,14
314,73,21,10,7,8.419335562342072,14
315,50,12,37,5,8.416115951188457,7
316,90,11,89,4,8.396796914570167,7
317,18,12,51,5,8.390518482745238,7
318,77,12,8,4,8.373441110755328,8
319,30,17,50,7,8.363042610972485,10
320,29,21,107,7,8.362242559101954,14
321,76,18,41,7,8.284971187696902,11
322,65,12,58,6,8.279172093518044,6
323,17,30,8,11,8.267140148743708,19
324,111,14,17,6,8.239799794462428,8
325,26,10,16,4,8.231874067384071,6
326,28,13,94,5,8.222371266039163,8
327,93,36,54,11,8.207302497792842,25
328,84,20,62,8,8.173255044877312,12
329,32,24,41,10,8.170536046764159,14
330,76,12,109,3,8.162406720512882,9
331,26,44,87,17,8.146474895568335,27
332,55,36,9,12,8.11977265059526,24
333,10,31,28,10,8.119129269340046,21
334,19,14,9,6,8.117304295019109,8
335,63,19,91,8,8.103504265076275,11
336,54,39,41,14,8.096759700478561,25
337,30,15,10,5,8.08039942607508,10
338,6,12,13,5,8.074590184679876,7
339,64,18,86,7,8.028273851661021,11
340,55,50,87,18,8.001636513353814,32
341,90,15,41,6,7.997737246515682,9
342,65,35,48,13,7.9807562612280805,22
343,109,12,37,5,7.972273664149992,7
344,71,10,9,4,7.971373091011489,6
345,111,27,86,11,7.962255850113393,16
346,63,16,98,7,7.928803979605935,9
347,107,29,6,11,7.905082416130331,18
348,55,42,98,16,7.901513236472854,26
349,74,27,88,9,7.895683127849934,18
350,46,12,86,4,7.89231466244345,8
351,49,14,13,6,7.890029815709072,8
352,109,30,9,12,7.889736540676636,18
353,74,11,12,5,7.8813359238936185,6
354,20,18,49,7,7.854535242795636,11
355,75,17,28,7,7.8516397601466075,10
356,16,14,96,5,7.847755785736346,9
357,76,32,37,11,7.820497576953577,21
358,2,43,65,15,7.811275007230487,28
359,2,34,86,12,7.796497871493368,22
360,30,15,49,6,7.795814319272768,9
361,29,13,109,5,7.7648215544268036,8
362,50,17,48,7,7.751737687672278,10
363,103,15,109,5,7.74806703390503,10
364,55,26,38,11,7.745065833950479,15
365,111,14,85,5,7.729378570457984,9
366,23,11,59,4,7.703199044299857,7
367,84,29,85,13,7.671208885189808,16
368,65,24,50,9,7.669757652755209,15
369,98,11,52,5,7.667561966174592,6
370,49,22,65,9,7.648203777845676,13
371,54,10,106,4,7.643289711475541,6
372,87,16,34,6,7.640142491832506,10
373,84,30,10,12,7.620608168656018,18
374,91,21,76,8,7.53854735511653,13
375,34,10,38,4,7.513274255260262,6
376,84,35,2,14,7.5122537497804,21
377,11,13,87,5,7.500246141417867,8
378,43,19,87,7,7.5001879241242175,12
379,54,27,37,9,7.469706742796568,18
380,111,30,32,13,7.463790988299924,17
381,104,10,23,4,7.459802178175596,6
382,70,10,85,4,7.450454709233595,6
383,23,24,37,9,7.440544332640973,15
384,88,17,57,7,7.432081698575297,10
385,91,38,28,14,7.431307567201398,24
386,75,13,9,4,7.420012168869883,9
387,103,29,74,10,7.419118005067162,19
388,41,13,49,4,7.406139067429071,9
389,86,10,14,5,7.381994796102996,5
390,11,13,79,7,7.332384664013706,6
391,54,21,10,8,7.316914939103651,13
392,91,36,41,13,7.300459692535227,23
393,2,20,34,8,7.293049000876174,12
394,13,13,20,4,7.287197108459041,9
395,41,22,86,9,7.286274520016925,13
396,23,15,70,6,7.277989111704888,9
397,46,11,2,4,7.277934272960428,7
398,30,10,73,4,7.27524129591905,6
399,74,19,109,8,7.255868408074382,11
400,88,35,54,14,7.22374796783828,21
401,10,19,76,8,7.223608714939963,11
402,87,10,56,4,7.222698791088141,6
403,16,72,9,26,7.203471024821367,46
404,111,13,34,6,7.201437198359541,7
405,84,42,76,19,7.185450456544011,23
406,5,11,6,4,7.175117705775805,7
407,90,12,70,4,7.158523730695325,8
408,13,22,79,7,7.14489247460136,15
409,98,35,76,14,7.116562365346761,21
410,16,33,74,12,7.114417163588672,21
411,16,16,89,6,7.102664218068734,10
412,84,30,88,11,7.092231780923706,19
413,10,10,13,5,7.081545477709261,5
414,98,24,34,8,7.0691518153654185,16
415,8,53,48,21,7.064834453033995,32
416,74,18,106,8,7.0562338073245074,10
417,59,19,79,8,7.0352036880537865,11
418,90,20,48,8,7.032003550157192,12
419,8,56,76,22,7.029702728241303,34
420,30,28,86,8,7.0255595811073945,20
421,111,20,6,8,7.01838566892247,12
422,8,48,93,18,7.017566439579715,30
423,90,19,6,8,7.0034906221582,11
424,46,18,8,7,6.992942507225589,11
425,79,11,101,5,6.9908614259308735,6
426,87,36,50,14,6.985978024226258,22
427,73,10,68,4,6.95394987102174,6
428,90,14,17,6,6.930186835428711,8
429,84,11,39,5,6.925961017918677,6
430,107,30,50,11,6.921374494500155,19
431,57,12,74,4,6.9176042424257504,8
432,8,36,38,14,6.910326910265974,22
433,41,45,103,15,6.896034695840802,30
434,65,18,68,8,6.89592459737167,10
435,89,11,87,4,6.890327484533061,7
436,17,20,84,8,6.874361487047255,12
437,87,23,51,10,6.849579899010746,13
438,28,11,64,5,6.82253762472366,6
439,32,26,79,10,6.821690929992381,16
440,88,21,6,8,6.808639243885847,13
441,76,39,28,16,6.804995058327358,23
442,16,25,85,10,6.790728536327192,15
443,93,14,43,5,6.79067137162001,9
444,55,35,20,15,6.786443158254519,20
445,87,50,28,20,6.785536302011417,30
446,26,24,109,9,6.785414157125367,15
447,11,12,48,5,6.772695558236367,7
448,73,13,93,5,6.746815708884676,8
449,111,42,41,18,6.742879314894578,24
450,2,36,41,13,6.732225074181361,23
451,18,24,79,11,6.727434004130173,13
452,89,11,74,5,6.7140175484003635,6
453,73,16,88,6,6.709173893318198,10
454,79,18,62,8,6.70668334197217,10
455,20,34,79,13,6.674702669544552,21
456,18,24,9,10,6.669379438735331,14
457,74,16,49,7,6.669033870592301,9
458,86,14,85,7,6.640232602185862,7
459,23,14,18,5,6.63118753114106,9
460,106,16,20,8,6.573591095556702,8
461,74,23,38,10,6.562267688513878,13
462,28,54,41,24,6.549671741224454,30
463,14,11,54,4,6.542365287655037,7
464,79,18,70,9,6.541994947083337,9
465,16,79,86,31,6.517762010081222,48
466,17,13,62,5,6.51109228837904,8
467,87,25,18,9,6.500921078177537,16
468,73,36,9,15,6.4959532992484235,21
469,23,11,48,5,6.485113687277626,6
470,17,10,10,4,6.479497194252798,6
471,32,16,86,7,6.471177759830174,9
472,28,74,9,32,6.46902981057878,42
473,90,10,62,4,6.441503246890602,6
474,12,14,28,5,6.429365216940004,9
475,16,25,91,10,6.409140256729836,15
476,93,44,28,18,6.4084929471073755,26
477,46,24,54,9,6.405569541982427,15
478,90,12,50,5,6.3963545792520575,7
479,15,14,84,5,6.375647385580588,9
480,103,22,88,8,6.368772240906124,14
481,31,10,28,4,6.368565836830035,6
482,86,18,73,7,6.340120760849839,11
483,14,11,79,4,6.325200961615044,7
484,62,19,54,7,6.312055934230411,12
485,8,33,109,14,6.3077294568861335,19
486,90,16,54,7,6.290244829620479,9
487,79,23,106,10,6.288631840986401,13
488,6,40,28,16,6.2836176921265,24
489,111,15,44,6,6.282001615200402,9
490,2,17,48,8,6.245081234312723,9
491,16,14,34,6,6.229556768499603,8
492,2,11,66,4,6.205381429919993,7
493,34,17,74,7,6.192755247207801,10
494,107,31,2,13,6.135147161642657,18
495,111,11,56,4,6.133528731729061,7
496,87,45,41,20,6.130516050826405,25
497,30,14,76,5,6.105099986395528,9
498,70,21,76,8,6.104247467977058,13
499,46,23,28,9,6.098728555278831,14
500,28,25,89,11,6.088973901063954,14
501,93,15,30,6,6.056393100709427,9
502,54,49,9,20,6.050802275785849,29
503,35,13,86,4,6.029699746849705,9
504,1,14,107,6,6.012748941227003,8
505,98,48,91,22,6.010481139866045,26
506,49,10,77,5,6.002993751357126,5
507,107,19,34,8,5.973688522150957,11
508,17,10,34,4,5.97086385916694,6
509,63,27,48,11,5.969647986004213,16
510,20,33,103,11,5.96431634987825,22
511,8,23,49,10,5.962799116224744,13
512,89,25,10,10,5.961935346068015,15
513,26,10,85,4,5.960882730964135,6
514,49,30,98,13,5.930886416801632,17
515,111,71,65,33,5.901383737891229,38
516,86,12,18,5,5.898212622367466,7
517,98,49,103,19,5.894528502030377,30
518,17,17,16,7,5.868342075872022,10
519,49,28,87,13,5.837138934523044,15
520,104,12,84,5,5.83583289734061,7
521,46,14,37,6,5.834073346635607,8
522,16,41,88,15,5.829317068897715,26
523,2,11,51,5,5.82458141989376,6
524,1,12,86,5,5.820822605148493,7
525,34,19,109,8,5.806108021230174,11
526,93,35,87,14,5.801672416811602,21
527,86,25,88,10,5.788259716510343,15
528,15,23,76,9,5.782831260117769,14
529,32,18,54,7,5.782610489553489,11
530,51,14,79,6,5.7725066910082035,8
531,49,24,9,9,5.76893486693949,15
532,106,17,65,7,5.761304804530494,10
533,38,29,9,13,5.756435186772363,16
534,55,20,76,9,5.742456288243529,11
535,5,11,91,6,5.724427643442397,5
536,14,11,48,3,5.715763459513543,8
537,2,12,75,5,5.704582661211368,7
538,43,13,9,6,5.682535108763634,7
539,8,13,56,5,5.662090518526135,8
540,41,45,9,17,5.6439057397283525,28
541,84,29,63,11,5.636519314642291,18
542,26,22,29,8,5.630548836449718,14
543,74,54,65,22,5.599933150269248,32
544,90,25,8,10,5.5991104710270845,15
545,86,37,48,15,5.5812992664173064,22
546,107,37,9,18,5.569812143760891,19
547,6,35,48,15,5.544547995709246,20
548,23,41,8,17,5.530959099012352,24
549,111,36,103,15,5.530917867453256,21
550,28,46,54,19,5.5206143371290795,27
551,34,10,51,4,5.497172152397963,6
552,74,21,73,9,5.496437468937688,12
553,54,35,38,14,5.47856504565386,21
554,87,16,57,7,5.466000765538215,9
555,90,22,87,8,5.444051378748757,14
556,109,16,23,6,5.438260955948294,10
557,88,42,76,19,5.437759040300481,23
558,50,40,79,18,5.433295888749682,22
559,48,13,38,5,5.42579677220132,8
560,94,18,20,7,5.424401699040207,11
561,98,16,5,7,5.424159575226909,9
562,20,26,38,11,5.422962328602487,15
563,55,27,41,13,5.421661683278699,14
564,43,11,103,5,5.4056340195812504,6
565,19,10,28,4,5.405282356849322,6
566,6,27,20,13,5.3915163015983865,14
567,110,23,65,9,5.3850619906564345,14
568,8,66,41,30,5.38335326188138,36
569,8,10,39,5,5.364894113507092,5
570,54,11,71,4,5.354693946074447,7
571,20,20,88,8,5.3485269428007625,12
572,37,16,2,7,5.319405974840823,9
573,20,84,65,34,5.311994770706184,50
574,104,14,76,6,5.288345369680406,8
575,17,23,79,10,5.280486878224028,13
576,87,50,9,22,5.2671060931851255,28
577,63,15,85,7,5.266282773446653,8
578,74,22,29,10,5.260819792223967,12
579,39,10,50,4,5.259420518499576,6
580,18,19,48,8,5.245315113768612,11
581,1,10,111,5,5.238983537325087,5
582,48,10,108,3,5.22187263856998,7
583,16,16,93,7,5.217988854591054,9
584,75,21,16,9,5.210455479468961,12
585,55,14,18,6,5.21003106995447,8
586,111,10,57,4,5.186942618450884,6
587,104,15,62,6,5.186101581217904,9
588,90,34,28,14,5.175363063983107,20
589,26,38,20,16,5.156160372920298,22
590,87,24,88,9,5.130994862549945,15
591,41,29,89,12,5.128070897369617,17
592,103,21,18,9,5.1172633080953505,12
593,87,27,76,11,5.116388437491941,16
594,74,32,107,13,5.114440119847531,19
595,87,49,86,20,5.111663758486058,29
596,70,10,48,4,5.103393723771425,6
597,9,11,1,5,5.096238795529086,6
598,29,25,84,11,5.094046057364016,14
599,18,18,50,8,5.0868481750812755,10
600,63,51,65,22,5.086620838415405,29
601,109,16,84,7,5.067243867891083,9
602,79,16,73,7,5.012547822539445,9
603,107,19,104,7,4.998347958456829,12
604,91,37,9,16,4.981773951662844,21
605,50,18,73,9,4.9783134285735455,9
606,89,10,20,4,4.976403038151212,6
607,46,10,70,4,4.972558334053198,6
608,10,10,59,5,4.967497448599417,5
609,73,10,85,4,4.960807319232127,6
610,1,17,8,8,4.943313786871868,9
611,79,45,48,20,4.93545661995572,25
612,11,11,93,6,4.9352888324581015,5
613,46,11,103,5,4.9349144398730305,6
614,65,11,5,5,4.90161537792141,6
615,62,27,9,11,4.876428914210389,16
616,107,21,76,9,4.869374264444425,12
617,38,24,87,10,4.849210013950484,14
618,48,34,54,13,4.83495295155324,21
619,89,11,109,5,4.829014520032646,6
620,14,18,28,6,4.826480052652063,12
621,110,10,28,5,4.821015306608337,5
622,9,40,86,17,4.820086324261295,23
623,55,29,6,10,4.803715742468646,19
624,34,10,103,3,4.7904730345691835,7
625,79,33,107,13,4.787846086295939,20
626,9,21,89,7,4.786570717016554,14
627,111,10,104,4,4.785383853867563,6
628,84,29,34,11,4.780446789091473,18
629,88,15,38,7,4.775099664625831,8
630,16,23,18,9,4.770325303283744,14
631,98,17,94,7,4.761676089313327,10
632,88,10,104,4,4.74391725280927,6
633,6,12,32,5,4.741771241477238,7
634,76,21,35,8,4.725447690057796,13
635,23,42,98,17,4.71986953427498,25
636,89,24,65,11,4.719339811655218,13
637,90,30,9,13,4.71783274464291,17
638,87,14,14,6,4.712999134730352,8
639,109,19,93,8,4.710552248323453,11
640,26,16,6,6,4.685058896386023,10
641,41,53,20,21,4.672832095577478,32
642,9,29,88,12,4.640775240739044,17
643,16,23,104,10,4.63379333705212,13
644,68,11,87,5,4.6261419910984936,6
645,20,26,109,9,4.6102623005201036,17
646,51,25,8,10,4.6038680906054195,15
647,86,10,15,5,4.60305467364883,5
648,8,101,9,46,4.590254866611679,55
649,8,84,79,40,4.5760241503466785,44
650,2,31,6,13,4.57536971568475,18
651,17,15,48,7,4.57243158960934,8
652,2,37,9,17,4.570200756721712,20
653,8,24,106,12,4.568385804351563,12
654,55,22,32,9,4.561305856484579,13
655,16,41,87,18,4.548516028588825,23
656,74,24,23,11,4.530539923458648,13
657,86,24,20,11,4.528836305504914,13
658,28,26,17,11,4.527104650820006,15
659,65,26,109,13,4.522732343847645,13
660,76,34,48,14,4.519965051805255,20
661,86,18,93,8,4.518633091858861,10
662,111,29,93,14,4.510765206652466,15
663,38,38,28,17,4.506160175549613,21
664,9,17,59,7,4.5029610514141964,10
665,29,11,62,5,4.502398822563124,6
666,111,29,91,14,4.500138929465921,15
667,29,21,93,9,4.4989593922467,12
668,79,14,5,5,4.4902746931220605,9
669,111,21,29,11,4.484029622528672,10
670,111,25,15,10,4.472513123100842,15
671,73,23,84,8,4.463513313785126,15
672,90,10,13,5,4.435057658973358,5
673,84,36,41,14,4.405400183867787,22
674,29,29,8,13,4.3862864415616,16
675,1,14,65,6,4.384642024421804,8
676,16,20,20,10,4.380552918290109,10
677,90,21,37,9,4.378553555201822,12
678,54,13,89,5,4.375934710162813,8
679,87,11,94,5,4.375015437142173,6
680,79,13,44,6,4.35641543376227,7
681,93,29,74,11,4.347001281909121,18
682,108,10,63,4,4.345351879856482,6
683,86,10,82,4,4.344505387617904,6
684,87,37,29,16,4.317833214151956,21
685,41,20,1,7,4.310885836842606,13
686,30,16,107,6,4.31051675338316,10
687,85,15,48,6,4.3053632687921874,9
688,55,14,34,5,4.304037025765173,9
689,32,25,98,11,4.297859841525708,14
690,46,21,76,8,4.290697960762892,13
691,103,34,28,15,4.283445470085917,19
692,28,22,85,10,4.272972553475371,12
693,37,24,88,10,4.265987830661223,14
694,65,108,9,48,4.259267083972893,60
695,55,16,91,6,4.250002044063523,10
696,58,11,9,4,4.244957448818405,7
697,18,13,49,6,4.243576516469453,7
698,97,11,8,4,4.238412616249588,7
699,29,26,20,11,4.235090000321542,15
700,87,30,91,13,4.231572272835857,17
701,63,15,88,7,4.224004723630471,8
702,50,34,103,15,4.223445001067976,19
703,93,73,65,32,4.214075863061876,41
704,26,24,103,11,4.2106057067079385,13
705,65,67,54,31,4.184792592825602,36
706,74,36,86,15,4.180765464828872,21
707,26,31,65,14,4.172411189315191,17
708,2,16,32,7,4.169077635966495,9
709,20,10,44,4,4.167347783481073,6
710,16,27,6,13,4.159304128363459,14
711,30,28,8,11,4.155265384733845,17
712,65,23,91,12,4.150101209000142,11
713,16,11,35,5,4.150016684827545,6
714,74,37,91,17,4.145308331268211,20
715,103,28,54,13,4.131111544590628,15
716,79,13,80,6,4.126636828400185,7
717,37,39,98,17,4.116775978907109,22
718,89,16,84,6,4.113226044169538,10
719,16,28,107,12,4.092605442087731,16
720,32,15,38,6,4.090422340111541,9
721,87,54,79,26,4.0807363503382055,28
722,98,38,50,18,4.075108597079137,20
723,90,12,104,6,4.064341220930972,6
724,65,10,75,4,4.061741964132056,6
725,84,15,71,7,4.0469973544528735,8
726,10,11,109,5,4.004247407956422,6
727,87,26,37,13,3.9965570187790034,13
728,73,29,8,11,3.9924196449780625,18
729,104,13,10,6,3.98234198179897,7
730,26,26,28,11,3.9790441547640487,15
731,14,11,9,4,3.9753531338355614,7
732,51,11,107,4,3.9575121006200358,7
733,23,32,87,13,3.9566444001518777,19
734,93,18,10,7,3.9549788743691674,11
735,5,10,86,4,3.954734926614898,6
736,23,39,84,18,3.9529498437083554,21
737,16,65,65,30,3.949946744776858,35
738,51,10,50,3,3.9480655818138337,7
739,6,22,73,11,3.947699618921396,11
740,63,24,16,11,3.9237917435249763,13
741,63,12,55,5,3.9195348275463098,7
742,30,19,48,8,3.915724412415478,11
743,111,39,74,18,3.908635436008302,21
744,86,60,79,27,3.8995693798164686,33
745,94,16,54,8,3.8978006398785645,8
746,48,18,89,8,3.8908343305777393,10
747,98,47,84,21,3.890833745652655,26
748,38,14,49,7,3.855128614080598,7
749,23,12,34,6,3.853881899354071,6
750,8,20,75,9,3.8505131421822583,11
751,54,19,51,9,3.840546896941151,10
752,16,68,84,31,3.8384485778938835,37
753,17,16,49,7,3.8354352643495573,9
754,46,14,98,6,3.8323090992277007,8
755,23,40,9,18,3.825851357048053,22
756,32,14,91,7,3.8253106560348464,7
757,8,39,62,18,3.8203580499873473,21
758,93,15,18,7,3.8000555745474087,8
759,110,12,103,5,3.7849274590311146,7
760,26,11,110,6,3.7814954576991564,5
761,86,43,76,20,3.770551952832362,23
762,74,19,55,10,3.7670610658889934,9
763,28,22,49,9,3.761707702389012,13
764,57,12,18,4,3.7525453734501917,8
765,10,20,74,8,3.741560720435788,12
766,13,20,48,7,3.7253807198817483,13
767,48,16,41,7,3.7233952099256955,9
768,84,22,38,9,3.7215580721113755,13
769,60,10,87,5,3.716219490276845,5
770,32,14,10,5,3.709056496740225,9
771,98,12,106,6,3.7082931630215925,6
772,32,35,8,16,3.704344714378896,19
773,104,16,87,6,3.675421340584443,10
774,16,21,73,10,3.6720164601308034,11
775,57,17,65,6,3.66200460796526,11
776,16,38,37,15,3.653813418657004,23
777,16,53,98,23,3.64815851331864,30
778,98,10,112,5,3.634369737429613,5
779,20,11,70,4,3.6240550103054088,7
780,10,12,18,4,3.6042571144804363,8
781,87,14,75,7,3.5866681857153266,7
782,107,49,20,23,3.5786703850889414,26
783,54,41,6,16,3.576182334552821,25
784,29,12,46,5,3.5756011188612877,7
785,16,16,57,8,3.5714373486183058,8
786,50,25,38,11,3.5687465201033057,14
787,74,26,6,11,3.551324451472569,15
788,13,28,9,11,3.550319505488332,17
789,20,32,84,13,3.5442833935533202,19
790,70,26,87,11,3.5345174393475727,15
791,65,13,94,6,3.5056909876146594,7
792,86,10,66,5,3.4816650108427076,5
793,9,13,51,6,3.474433870184742,7
794,1,14,55,6,3.472860068937084,8
795,23,15,26,7,3.459704667443896,8
796,86,12,57,6,3.4531517504498637,6
797,34,18,65,9,3.423205526978699,9
798,48,34,37,16,3.4162139643636382,18
799,23,17,55,8,3.404295001427899,9
800,32,20,84,8,3.403700726822617,12
801,37,40,8,18,3.4036571085144507,22
802,57,12,6,4,3.4000169565132325,8
803,91,12,18,5,3.399195770216398,7
804,37,22,74,10,3.399169911921955,12
805,65,16,15,8,3.3963132917863037,8
806,70,14,50,7,3.3858944797818467,7
807,76,14,13,7,3.383197454645703,7
808,2,14,85,7,3.3798876085075156,7
809,90,19,2,9,3.3730708336092663,10
810,6,26,91,12,3.3700663593758144,14
811,49,18,6,8,3.361990920437635,10
812,48,15,96,7,3.3566527784765543,8
813,55,79,8,33,3.3433762407278653,46
814,8,15,96,7,3.341165713967293,8
815,55,13,57,5,3.3276700776213226,8
816,111,51,9,25,3.320225202022207,26
817,16,18,62,8,3.3165301409136885,10
818,23,22,86,10,3.3045595000103454,12
819,57,23,84,10,3.2865946702288213,13
820,8,70,16,30,3.2814668236435685,40
821,50,14,20,7,3.272369314479832,7
822,90,31,111,13,3.2679216950842256,18
823,59,11,98,5,3.2664563544762513,6
824,73,30,65,13,3.2644989461981972,17
825,50,37,9,17,3.2612647152514778,20
826,30,21,29,10,3.244422511134119,11
827,76,15,18,6,3.2371919896499475,9
828,49,11,85,5,3.2340490592317157,6
829,74,17,63,8,3.228967223528297,9
830,70,28,84,13,3.2115322566926667,15
831,91,13,37,6,3.1893915884876662,7
832,62,26,28,10,3.1835173498650757,16
833,111,15,75,8,3.1768571401147816,7
834,18,13,88,6,3.1759771370815293,7
835,54,36,70,17,3.162641392196288,19
836,98,42,107,18,3.1587714355006167,24
837,73,16,54,7,3.15458999081358,9
838,23,23,88,10,3.1441600025036927,13
839,13,14,111,6,3.137242431792204,8
840,34,26,79,13,3.1182487079728314,13
841,43,16,65,8,3.0818646979565365,8
842,6,48,79,22,3.079016151903293,26
843,70,20,2,8,3.078032070244008,12
844,106,15,41,7,3.0700853502959746,8
845,70,15,55,7,3.055120987205429,8
846,62,28,87,12,3.0525441320022706,16
847,26,17,43,7,3.0481873322386313,10
848,9,14,44,8,3.0418979222799787,6
849,51,12,37,5,3.0278831636601384,7
850,65,10,66,5,3.0275758007203697,5
851,38,18,16,9,3.0174584469144032,9
852,51,15,65,7,3.002433018856541,8
853,26,16,89,8,3.0015441091670585,8
854,87,54,20,25,3.000276840259931,29
855,10,23,48,11,2.9986085364843453,12
856,44,20,28,7,2.9724667162600378,13
857,32,33,28,15,2.9362166355349024,18
858,55,37,88,15,2.9210181897272123,22
859,2,41,10,18,2.8955248222440733,23
860,30,19,6,7,2.8896247906630976,12
861,111,22,76,12,2.8888180973130932,10
862,50,27,86,12,2.870868757721276,15
863,90,25,107,12,2.8707019854150553,13
864,86,25,91,12,2.8504751291410657,13
865,8,88,107,42,2.8401744909904605,46
866,26,47,8,23,2.8321807044990077,24
867,20,39,28,16,2.827922367482375,23
868,54,21,23,9,2.818710864845722,12
869,103,26,91,14,2.81795550429567,12
870,104,12,55,6,2.817049603991469,6
871,38,55,65,25,2.8065899103574585,30
872,8,74,54,35,2.8049744268434122,39
873,54,28,91,15,2.787809476098936,13
874,17,30,103,13,2.786263791329437,17
875,74,64,8,30,2.785649005272701,34
876,50,15,89,7,2.7678854176457244,8
877,41,40,23,18,2.767380745524291,22
878,79,26,104,10,2.76733655223797,16
879,2,18,23,9,2.7670043698876174,9
880,48,19,103,9,2.74551902113029,10
881,20,10,5,5,2.737324361507682,5
882,23,14,29,6,2.7325720738957853,8
883,79,25,89,10,2.7323432784581803,15
884,26,14,30,9,2.729526864464305,5
885,48,44,9,19,2.7118293842835715,25
886,103,24,55,11,2.703742749314949,13
887,46,10,18,4,2.6832650728648453,6
888,6,21,86,10,2.6797895540068417,11
889,96,11,28,5,2.6784786396029823,6
890,84,71,28,33,2.6722480340368957,38
891,37,16,20,7,2.6697969055897994,9
892,30,25,38,13,2.6609022960305304,12
893,15,14,8,7,2.659395326985167,7
894,8,76,87,34,2.655683204864104,42
895,106,11,9,5,2.6544531376629674,6
896,30,24,84,11,2.649950052405462,13
897,8,42,103,17,2.6366758249260935,25
898,50,22,16,11,2.629651872437497,11
899,111,23,50,10,2.6260965282140734,13
900,9,16,94,8,2.620832608628453,8
901,2,10,5,4,2.6198072937630683,6
902,98,57,54,28,2.6147362809185486,29
903,98,33,29,16,2.599178855969541,17
904,38,20,112,9,2.5875581099779743,11
905,90,21,16,10,2.556904125602615,11
906,30,10,11,4,2.556482524063204,6
907,91,41,8,20,2.5454365457229,21
908,49,15,48,8,2.5444991556032637,7
909,98,32,10,15,2.5398512725547144,17
910,63,10,49,5,2.5291147398136253,5
911,50,19,29,8,2.5251415163545525,11
912,44,14,16,8,2.522508039167435,6
913,13,24,98,9,2.5115874098276842,15
914,75,12,50,5,2.4925159155893497,7
915,65,50,103,21,2.4835688434443703,29
916,37,15,62,7,2.478947668963917,8
917,26,27,98,15,2.4699465773486544,12
918,41,40,38,19,2.4535603181412866,21
919,65,73,28,33,2.4370256723488812,40
920,55,13,90,6,2.423005519398733,7
921,86,14,104,7,2.41764341864853,7
922,65,82,88,37,2.4015391527263157,45
923,43,22,74,10,2.3993639128069244,12
924,18,18,6,8,2.3903639022739704,10
925,86,30,55,15,2.373754109421002,15
926,28,75,16,35,2.3732816335294418,40
927,8,25,68,12,2.35813484080187,13
928,58,12,2,5,2.3563851300758447,7
929,8,59,86,26,2.353331836908829,33
930,79,35,88,14,2.352890279260208,21
931,16,47,54,22,2.349810757658804,25
932,41,56,79,27,2.337441224056112,29
933,41,11,94,5,2.327533953224649,6
934,28,57,18,27,2.325443992999963,30
935,51,25,86,11,2.321826700665065,14
936,65,10,39,5,2.3211966169516858,5
937,28,39,37,18,2.3108067440306623,21
938,84,63,86,28,2.2838732413830503,35
939,87,32,54,15,2.279380424010783,17
940,20,13,32,6,2.2751108005385445,7
941,84,78,9,34,2.274353058782541,44
942,50,34,2,15,2.2671493885948473,19
943,62,18,32,9,2.263686769900323,9
944,37,40,9,18,2.2628015576501816,22
945,62,10,106,5,2.25172428368668,5
946,20,44,98,20,2.2445302838681975,24
947,103,26,87,12,2.244435120608379,14
948,8,11,58,6,2.225895511877211,5
949,54,12,57,5,2.224387822283533,7
950,63,23,8,10,2.2112456230425157,13
951,8,47,88,22,2.2095338481189812,25
952,73,35,41,16,2.1896111209660925,19
953,89,18,98,8,2.1800794132028996,10
954,74,45,9,20,2.167006985909848,25
955,111,19,46,9,2.165349951686943,10
956,111,54,28,25,2.1618622413747612,29
957,9,11,15,5,2.1575516880448644,6
958,18,10,32,5,2.157224109221358,5
959,29,21,79,10,2.154722811821747,11
960,16,49,41,24,2.1541831229994863,25
961,84,44,111,19,2.142252654485593,25
962,16,37,76,18,2.1381270128695977,19
963,111,33,26,15,2.137133581510591,18
964,32,19,50,10,2.1367023944769645,9
965,54,18,3,9,2.135806802832069,9
966,98,63,2,30,2.135100922237145,33
967,75,14,86,7,2.1308606270660184,7
968,74,51,84,24,2.130543627016558,27
969,34,23,28,10,2.098323974878283,13
970,106,19,28,7,2.0931760990685513,12
971,9,17,104,7,2.074620642084027,10
972,62,22,88,10,2.068203078615547,12
973,85,22,65,9,2.0630480183814526,13
974,91,18,10,8,2.053920396033922,10
975,30,25,98,10,2.050620342220537,15
976,38,52,98,24,2.0498657703552294,28
977,84,72,65,35,2.037917633089768,37
978,86,16,96,8,2.034369718632819,8
979,88,20,93,12,2.03337259421067,8
980,87,66,65,30,2.0306725693730434,36
981,32,26,16,12,2.021073617693015,14
982,59,14,8,7,2.010238389237962,7
983,86,54,54,26,2.007812063447017,28
984,37,10,71,4,1.989603705819686,6
985,79,59,37,26,1.9886494787106563,33
986,55,10,97,5,1.9884220470048688,5
987,103,13,37,6,1.9837820518429876,7
988,49,11,29,4,1.9792119029563418,7
989,44,11,50,5,1.972944979755849,6
990,50,20,34,11,1.9535612317766191,9
991,76,24,6,12,1.937944044447951,12
992,16,17,11,7,1.9332915209945327,10
993,86,34,107,16,1.9316478114137354,18
994,62,10,48,4,1.9270832455013291,6
995,10,13,29,6,1.9268740097605626,7
996,6,22,37,11,1.9187411338779805,11
997,76,10,17,4,1.904894860536603,6
998,19,15,41,8,1.9044917395497039,7
999,41,11,61,5,1.903478014849791,6
1000,54,20,29,8,1.8852461336565378,12
1001,65,40,86,19,1.877617478081089,21
1002,98,27,18,13,1.877022513938192,14
1003,34,10,90,5,1.875212395692607,5
1004,54,17,112,8,1.871566293788823,9
1005,49,25,55,14,1.8646594153921858,11
1006,73,19,98,9,1.8513717297876215,10
1007,6,39,98,18,1.8448936378969205,21
1008,2,30,111,14,1.8367449192872438,16
1009,54,35,79,17,1.8339047649993603,18
1010,20,22,73,11,1.8197178736344486,11
1011,93,10,85,4,1.8184953609101577,6
1012,87,25,32,13,1.8019631830327207,12
1013,85,13,76,5,1.8000085206097032,8
1014,63,11,14,5,1.798645498521675,6
1015,57,10,109,4,1.7866317267766754,6
1016,30,41,28,19,1.7778543521460957,22
1017,15,20,54,9,1.7760257646065063,11
1018,75,10,76,4,1.7758930355803781,6
1019,71,18,65,9,1.7385086790308775,9
1020,17,12,30,6,1.7366091011141076,6
1021,16,29,103,14,1.7358551004647216,15
1022,76,10,45,5,1.7263356630732685,5
1023,38,11,76,5,1.699907222636557,6
1024,93,26,107,12,1.6992218170224516,14
1025,91,34,107,15,1.6909803195521649,19
1026,107,54,28,27,1.6824478208065454,27
1027,91,16,62,8,1.6816681613432138,8
1028,28,22,11,10,1.680252390578459,12
1029,16,49,2,23,1.6778156958659614,26
1030,14,23,84,9,1.647853849441722,14
1031,6,49,65,26,1.6288389900978633,23
1032,103,26,6,11,1.6275337563735748,15
1033,10,18,90,8,1.612631742744166,10
1034,91,20,88,9,1.6049112097120055,11
1035,14,15,8,7,1.6047577872069896,8
1036,74,55,28,28,1.5884202404369323,27
1037,17,13,50,6,1.587542514822458,7
1038,104,27,8,11,1.5847929007576513,16
1039,30,31,79,14,1.58089006956607,17
1040,76,10,14,5,1.56343838736732,5
1041,84,11,46,5,1.5536654797415743,6
1042,98,56,74,28,1.5394900322600191,28
1043,6,21,46,9,1.5348461201360555,12
1044,85,12,38,6,1.5317416798467223,6
1045,74,18,50,9,1.5058020463222817,9
1046,103,12,85,5,1.5052357650596415,7
1047,34,14,48,7,1.5034190379687102,7
1048,55,18,43,9,1.4993353058682126,9
1049,8,49,18,23,1.486178193427121,26
1050,2,27,109,11,1.484515892189103,16
1051,55,39,16,18,1.4680603102859053,21
1052,63,17,87,8,1.4666992841505808,9
1053,55,10,5,4,1.4603220635492842,6
1054,84,43,107,20,1.4520180125357682,23
1055,41,18,18,8,1.4488156792449156,10
1056,50,36,41,18,1.4450486751473977,18
1057,54,35,50,15,1.4363527174325563,20
1058,103,10,57,6,1.4334929374709406,4
1059,109,11,112,5,1.4303792106135154,6
1060,65,10,3,5,1.425825292351592,5
1061,13,11,2,4,1.4221213524937664,7
1062,88,31,111,14,1.4213124620809892,17
1063,8,47,20,22,1.420582435666663,25
1064,96,13,55,6,1.4199005276160928,7
1065,2,24,38,13,1.4146987667991204,11
1066,51,11,6,4,1.4047930882718538,7
1067,51,26,84,11,1.3946044446619845,15
1068,65,34,10,16,1.3889990791790807,18
1069,44,13,8,5,1.382360749568672,8
1070,16,32,10,15,1.3769942516048166,17
1071,23,14,32,8,1.36299015760623,6
1072,5,20,28,10,1.3493326587417727,10
1073,29,18,34,10,1.3490741689669339,8
1074,76,30,9,14,1.3464329670764867,16
1075,2,24,30,12,1.3352376592376716,12
1076,54,34,107,16,1.3280682216199444,18
1077,98,13,57,7,1.3243405021868635,6
1078,37,35,65,16,1.3173393657012906,19
1079,38,17,106,8,1.3101869215810398,9
1080,87,15,110,7,1.3076573931351647,8
1081,86,12,62,8,1.3029764877822878,4
1082,51,20,16,8,1.3014165070786716,12
1083,23,27,107,13,1.2905265733143776,14
1084,55,12,17,6,1.2644044388351476,6
1085,8,24,43,12,1.2491635720553627,12
1086,55,54,28,23,1.2434864612151697,31
1087,23,42,65,21,1.2395198214726815,21
1088,106,12,63,5,1.224142995636776,7
1089,17,14,54,7,1.2121687634663056,7
1090,10,25,87,13,1.200382738763758,12
1091,8,19,85,10,1.1861465554197632,9
1092,70,57,8,29,1.1794167799924111,28
1093,103,10,1,6,1.178228962480731,4
1094,55,27,48,14,1.1698460602685214,13
1095,109,23,98,11,1.1685291459099245,12
1096,9,34,6,16,1.164779086663607,18
1097,79,76,9,37,1.156057079763386,39
1098,73,25,87,11,1.1555083165045317,14
1099,2,11,44,5,1.1530964006985889,6
1100,79,36,38,17,1.1399672014475488,19
1101,11,11,84,6,1.123804261513115,5
1102,10,13,88,6,1.116078708489712,7
1103,98,69,8,33,1.112214433038039,36
1104,16,10,56,4,1.1063673005412145,6
1105,73,16,28,9,1.102601583168376,7
1106,6,42,84,20,1.1025381642551553,22
1107,2,10,14,5,1.0959529328783628,5
1108,65,41,29,18,1.0863542275741345,23
1109,106,19,86,8,1.0710171787655682,11
1110,76,15,103,6,1.064891024931597,9
1111,51,14,55,6,1.0640892363499774,8
1112,64,11,84,6,1.0531813217300625,5
1113,34,23,9,12,1.0530539128922707,11
1114,107,11,37,5,1.0492743244307832,6
1115,54,10,75,5,1.0447045321044397,5
1116,74,16,62,9,1.038357756374001,7
1117,107,36,103,17,1.0215275466090674,19
1118,8,20,11,9,1.0214168690493484,11
1119,98,68,79,35,1.0186044637217357,33
1120,48,34,87,16,1.0138064194658996,18
1121,111,48,55,25,1.0066702086145287,23
1122,79,11,94,5,0.999869198006996,6
1123,32,15,74,7,0.9878312338208298,8
1124,41,16,30,8,0.9850557086879019,8
1125,111,16,68,7,0.9831903657030904,9
1126,91,20,23,10,0.9792678927031672,10
1127,55,55,65,24,0.9773251299564052,31
1128,103,44,9,24,0.9734466854109779,20
1129,46,19,88,9,0.9731686624846756,10
1130,68,10,16,5,0.9723777343104946,5
1131,54,44,20,20,0.965531605512796,24
1132,10,11,15,6,0.9620268464624092,5
1133,84,28,49,14,0.9573548536710029,14
1134,20,19,68,10,0.9561217863728688,9
1135,57,15,91,6,0.9462820674582961,9
1136,2,22,88,10,0.9353035146429401,12
1137,87,50,107,23,0.9336449569119724,27
1138,85,19,9,8,0.9266510351352133,11
1139,13,11,74,5,0.9258529887550367,6
1140,103,12,89,5,0.9245541578032253,7
1141,79,63,111,29,0.9222403087278062,34
1142,60,11,9,6,0.9156618531106675,5
1143,93,15,49,8,0.9146738839447187,7
1144,79,30,93,16,0.8801121352343778,14
1145,62,21,65,9,0.8755953834255741,12
1146,29,12,18,7,0.8741742779448103,5
1147,20,33,30,15,0.8624210657658014,18
1148,107,36,38,18,0.8622209672883362,18
1149,37,11,75,5,0.8613050770633002,6
1150,28,28,70,15,0.8531950542278539,13
1151,103,16,32,7,0.8405021181328091,9
1152,111,44,87,22,0.837629282060696,22
1153,2,34,54,17,0.8033910108899872,17
1154,49,25,54,13,0.7952964242907768,12
1155,84,33,55,16,0.7864651053071425,17
1156,29,25,9,13,0.7771037627191238,12
1157,70,49,98,24,0.7703441864474497,25
1158,112,17,87,9,0.7591685884445001,8
1159,23,24,6,12,0.757380072902326,12
1160,55,12,13,6,0.7567536850396058,6
1161,37,11,73,5,0.7437455399697707,6
1162,46,12,10,6,0.7362386600396065,6
1163,8,91,65,41,0.7286756190519219,50
1164,50,15,88,8,0.6966849372246732,7
1165,41,23,43,11,0.6921842337130496,12
1166,39,10,16,4,0.676252099870446,6
1167,8,66,2,34,0.6662102238933972,32
1168,76,13,20,7,0.6610311160325412,6
1169,65,33,104,18,0.6526567218920184,15
1170,32,10,30,5,0.6490824873820774,5
1171,74,39,41,21,0.6406425090111565,18
1172,16,17,1,9,0.638053866963686,8
1173,107,33,55,18,0.631585032028744,15
1174,91,18,44,8,0.6160976329615543,10
1175,55,22,29,12,0.608123085968795,10
1176,111,37,20,19,0.6068837109506102,18
1177,73,15,55,7,0.6065055891974576,8
1178,79,18,49,8,0.6053065369071557,10
1179,62,18,38,9,0.6043816495722358,9
1180,88,35,28,18,0.6042201982050055,17
1181,6,43,8,20,0.5988016059813149,23
1182,98,20,101,11,0.594870864776421,9
1183,90,20,84,10,0.59409902637174,10
1184,91,14,48,7,0.5907819119756007,7
1185,74,26,46,14,0.5898427855065562,12
1186,75,10,23,5,0.5879055997029298,5
1187,85,18,54,8,0.5876536563899644,10
1188,48,18,107,9,0.5787798745894364,9
1189,15,14,2,7,0.5683026145731128,7
1190,8,69,84,35,0.5615927375138012,34
1191,84,42,87,21,0.5614783528974142,21
1192,89,17,111,9,0.5563633904658294,8
1193,8,41,50,21,0.5487710507861748,20
1194,10,18,37,8,0.5468156041706492,10
1195,2,22,62,10,0.5462872756743675,12
1196,66,13,41,7,0.534743534153649,6
1197,104,14,51,7,0.5303101352697448,7
1198,16,47,48,23,0.5276480958458563,24
1199,84,20,75,10,0.5145024648015456,10
1200,91,13,73,5,0.5133686150476426,8
1201,50,11,63,5,0.5013115003852245,6
1202,23,16,30,9,0.4884824633855258,7
1203,32,10,94,5,0.48339556643762405,5
1204,48,22,88,10,0.48151324400012674,12
1205,26,39,41,23,0.4754162497584248,16
1206,107,48,65,22,0.4754062336734706,26
1207,29,32,28,16,0.47285680343469233,16
1208,65,11,80,6,0.4579944933573847,5
1209,98,16,58,9,0.4540736471862188,7
1210,88,18,41,9,0.44177382423880074,9
1211,98,18,85,10,0.441092054257157,8
1212,96,15,79,7,0.4381198674132664,8
1213,23,37,103,19,0.4333042786770578,18
1214,26,11,50,6,0.4324180875363617,5
1215,98,33,93,16,0.4249481440030074,17
1216,9,41,98,18,0.424424835693392,23
1217,66,11,85,5,0.42382316559973143,6
1218,63,14,39,7,0.4227315785590647,7
1219,109,14,79,7,0.42130275303052095,7
1220,84,17,96,8,0.4094187460594172,9
1221,93,16,55,8,0.39897461255756417,8
1222,48,33,98,17,0.3967785099913375,16
1223,41,13,85,6,0.3897097634286919,7
1224,63,25,107,11,0.38336760204240405,14
1225,88,28,107,13,0.3809872191952965,15
1226,70,22,9,10,0.35783800642150543,12
1227,75,11,74,5,0.34828087363750365,6
1228,49,17,91,9,0.3285488305810779,8
1229,5,13,8,5,0.3039377497688787,8
1230,37,22,70,11,0.26541516331841886,11
1231,54,44,84,21,0.2633931538816796,23
1232,35,13,79,6,0.2611575923038565,7
1233,103,28,38,14,0.2481523476415201,14
1234,18,27,54,14,0.24449076708154974,13
1235,84,12,1,6,0.2428062343244942,6
1236,79,39,74,17,0.24091200545466052,22
1237,66,20,9,10,0.23945533670543603,10
1238,84,58,37,30,0.2306892845057094,28
1239,86,43,98,23,0.2223728806876566,20
1240,87,11,71,6,0.21156446783375316,5
1241,30,22,74,10,0.20088773846185115,12
1242,29,36,41,18,0.19641039337775912,18
1243,30,18,18,8,0.18809198027763627,10
1244,111,28,23,15,0.1581620727797386,13
1245,26,19,2,10,0.15549736717273138,9
1246,28,66,79,36,0.1552686546342618,30
1247,6,23,112,11,0.14608972875934934,12
1248,13,11,87,6,0.13022005589559751,5
1249,74,45,54,24,0.12330639621907567,21
1250,28,12,97,7,0.12316110096103407,5
1251,98,60,28,31,0.10998330573299574,29
1252,6,29,41,15,0.0941275477253323,14
1253,28,66,2,34,0.09029761491955061,32
1254,65,21,13,12,0.07590050666658854,9
1255,38,15,110,8,0.07451058664372948,7
1256,85,24,79,13,0.034805559038930234,11
1257,28,64,86,34,0.022869410615777075,30
1258,40,14,65,6,0.022138801901295854,8
1259,52,12,65,6,0.016695640057018696,6
1260,26,10,86,5,0.004038355127033889,5
1261,16,66,79,34,0.003288919916326923,32
1262,37,15,38,8,0.0011031238349569132,7
1263,38,15,37,7,-0.0011031238349578606,8
1264,86,10,26,5,-0.004038355127033889,5
1265,65,12,52,6,-0.016695640057019585,6
1266,65,14,40,8,-0.022138801901296672,6
1267,86,64,28,30,-0.02286941061577641,34
1268,91,42,79,20,-0.03503791530017175,22
1269,2,37,87,17,-0.03510076694372962,20
1270,13,13,107,6,-0.03566165788038671,7
1271,65,81,79,42,-0.04424467295364335,39
1272,76,38,65,18,-0.05184006466891194,20
1273,79,50,103,24,-0.05775390300531491,26
1274,79,71,84,35,-0.06759255042875613,36
1275,110,15,38,7,-0.07451058664372871,8
1276,13,21,65,9,-0.07590050666659102,12
1277,91,24,30,13,-0.08773892581949116,11
1278,84,47,103,22,-0.09369403051445593,25
1279,41,29,6,14,-0.09412754772533327,15
1280,43,19,20,10,-0.09655439021695145,9
1281,74,43,87,23,-0.10335926536517887,20
1282,97,12,28,5,-0.12316110096103407,7
1283,50,51,28,26,-0.12406176491030681,25
1284,17,17,20,9,-0.12665014758012894,8
1285,87,11,13,5,-0.13022005589559688,6
1286,111,25,30,13,-0.14558741487159338,12
1287,87,34,98,16,-0.1724338468755451,18
1288,17,19,74,10,-0.18384205614173943,9
1289,18,18,30,10,-0.18809198027763716,8
1290,16,37,111,20,-0.1929815390724199,17
1291,74,22,30,12,-0.20088773846185182,10
1292,71,11,87,5,-0.21156446783375446,6
1293,79,47,76,23,-0.21353395465678998,24
1294,98,43,86,20,-0.22237288068765504,23
1295,9,20,66,10,-0.23945533670543603,10
1296,1,12,84,6,-0.24280623432449092,6
1297,54,27,18,13,-0.24449076708155026,14
1298,38,28,103,14,-0.24815234764151944,14
1299,79,13,35,7,-0.26115759230385677,6
1300,84,44,54,23,-0.26339315388167894,21
1301,70,22,37,11,-0.2654151633184179,11
1302,79,42,55,23,-0.29649786875917394,19
1303,8,13,5,8,-0.30393774976887755,5
1304,10,27,111,13,-0.3114645815059003,14
1305,85,14,107,5,-0.3237721713967271,9
1306,91,17,49,8,-0.32854883058107764,9
1307,43,16,98,8,-0.334919329248079,8
1308,74,11,75,6,-0.3482808736375043,5
1309,9,22,70,12,-0.3578380064215045,10
1310,107,25,63,14,-0.3833676020424036,11
1311,85,13,41,7,-0.3897097634286919,6
1312,98,33,48,16,-0.3967785099913387,17
1313,55,16,93,8,-0.3989746125575646,8
1314,65,32,17,16,-0.4089458448973926,16
1315,96,17,84,9,-0.4094187460594168,8
1316,79,14,109,7,-0.42130275303052045,7
1317,39,14,63,7,-0.4227315785590657,7
1318,85,11,66,6,-0.4238231655997328,5
1319,98,41,9,23,-0.42442483569339234,18
1320,93,33,98,17,-0.42494814400300696,16
1321,79,15,96,8,-0.43811986741326575,7
1322,85,18,98,8,-0.44109205425715736,10
1323,41,18,88,9,-0.4417738242388016,9
1324,80,11,65,5,-0.457994493357384,6
1325,28,32,29,16,-0.47285680343469205,16
1326,79,40,90,18,-0.4783152360099624,22
1327,88,22,48,12,-0.48151324400012674,10
1328,94,10,32,5,-0.4833955664376234,5
1329,63,11,50,6,-0.5013115003852245,5
1330,73,13,91,8,-0.5133686150476421,5
1331,75,20,84,10,-0.5145024648015465,10
1332,20,23,110,11,-0.5195268671329448,12
1333,48,47,16,24,-0.527648095845856,23
1334,51,14,104,7,-0.5303101352697429,7
1335,41,13,66,6,-0.5347435341536495,7
1336,62,22,2,12,-0.5462872756743683,10
1337,37,18,10,10,-0.5468156041706485,8
1338,50,47,84,25,-0.5530418901392473,22
1339,111,17,89,8,-0.556363390465831,9
1340,79,81,65,40,-0.5589485959558708,41
1341,87,42,84,21,-0.5614783528974139,21
1342,8,79,28,40,-0.5695729875885999,39
1343,107,18,48,9,-0.5787798745894376,9
1344,54,18,85,10,-0.5876536563899626,8
1345,23,10,75,5,-0.5879055997029312,5
1346,49,24,107,13,-0.5883775965859891,11
1347,16,37,23,19,-0.5884301363027267,18
1348,48,14,91,7,-0.5907819119756007,7
1349,84,20,90,10,-0.5940990263717392,10
1350,101,20,98,9,-0.5948708647764195,11
1351,39,10,87,5,-0.5972214062189816,5
1352,23,33,79,18,-0.5991196107820859,15
1353,84,71,79,37,-0.6035661572311276,34
1354,28,35,88,17,-0.6042201982050053,18
1355,38,18,62,9,-0.6043816495722345,9
1356,55,15,73,8,-0.6065055891974562,7
1357,29,22,55,10,-0.6081230859687949,12
1358,44,18,91,10,-0.6160976329615553,8
1359,41,39,74,18,-0.640642509011156,21
1360,6,19,62,11,-0.6431821395568814,8
1361,30,10,32,5,-0.6490824873820789,5
1362,104,33,65,15,-0.6526567218920186,18
1363,29,20,103,10,-0.6578144863835312,10
1364,20,13,76,6,-0.6610311160325401,7
1365,8,63,10,33,-0.6621130971618493,30
1366,101,15,23,7,-0.6750621504160544,8
1367,16,10,39,6,-0.6762520998704448,4
1368,87,43,74,21,-0.6820992304669727,22
1369,88,15,50,7,-0.6966849372246742,8
1370,8,71,111,34,-0.7317959121668131,37
1371,10,12,46,6,-0.7362386600396065,6
1372,73,11,37,6,-0.7437455399697719,5
1373,13,12,55,6,-0.7567536850396056,6
1374,87,17,112,8,-0.7591685884445006,9
1375,98,49,70,25,-0.770344186447448,24
1376,55,33,84,17,-0.7864651053071425,16
1377,54,34,2,17,-0.8033910108899884,17
1378,84,47,50,23,-0.8225025290992528,24
1379,74,35,2,18,-0.8333211951916387,17
1380,91,21,29,10,-0.8357535316372816,11
1381,70,28,28,13,-0.853195054227853,15
1382,10,51,79,29,-0.8544891772527285,22
1383,38,18,91,10,-0.8605561818804589,8
1384,75,11,37,6,-0.8613050770632995,5
1385,38,36,107,18,-0.8622209672883362,18
1386,30,33,20,18,-0.8624210657658024,15
1387,18,12,29,5,-0.8741742779448094,7
1388,65,21,62,12,-0.8755953834255741,9
1389,85,18,74,9,-0.8842572167875924,9
1390,93,30,20,17,-0.8968767950978295,13
1391,28,42,48,23,-0.909125517874963,19
1392,49,15,93,7,-0.9146738839447184,8
1393,111,29,18,15,-0.9151185639276579,14
1394,9,11,60,5,-0.9156618531106686,6
1395,89,12,103,7,-0.9245541578032253,5
1396,9,19,85,11,-0.9266510351352133,8
1397,88,22,2,12,-0.9353035146429405,10
1398,91,15,57,9,-0.9462820674582971,6
1399,49,28,84,14,-0.9573548536710035,14
1400,15,11,10,5,-0.9620268464624092,6
1401,16,10,68,5,-0.9723777343104946,5
1402,68,16,111,9,-0.9831903657030906,7
1403,79,66,16,33,-0.985013914878182,33
1404,30,16,41,8,-0.9850557086879017,8
1405,91,23,20,11,-0.9903622576025491,12
1406,94,11,79,6,-0.9998691980069959,5
1407,41,33,70,17,-1.0073100144887814,16
1408,87,34,48,18,-1.0138064194658998,16
1409,41,13,75,7,-1.0160682715228835,6
1410,11,20,8,11,-1.0214168690493488,9
1411,98,32,90,17,-1.0267736789331345,15
1412,50,33,55,19,-1.0286542867731718,14
1413,103,10,75,5,-1.035188460357086,5
1414,112,10,8,5,-1.0357746876565699,5
1415,55,42,79,20,-1.0370705274338399,22
1416,62,16,74,7,-1.0383577563740003,9
1417,75,10,54,5,-1.0447045321044388,5
1418,89,13,6,6,-1.0487640819634654,7
1419,37,11,107,6,-1.0492743244307818,5
1420,55,14,51,8,-1.0640892363499783,6
1421,103,15,76,9,-1.0648910249315973,6
1422,86,19,106,11,-1.0710171787655676,8
1423,73,20,103,10,-1.0728746625988024,10
1424,90,20,86,11,-1.0796399854463752,9
1425,29,41,65,23,-1.0863542275741362,18
1426,14,10,2,5,-1.0959529328783617,5
1427,84,42,6,22,-1.1025381642551555,20
1428,28,16,73,7,-1.102601583168377,9
1429,56,10,16,6,-1.1063673005412131,4
1430,84,11,11,5,-1.1238042615131152,6
1431,48,42,28,20,-1.1238110888010184,22
1432,90,31,65,15,-1.128136180930446,16
1433,65,81,41,44,-1.1521295696669458,37
1434,44,11,2,6,-1.1530964006985882,5
1435,87,25,73,14,-1.155508316504531,11
1436,34,10,1,4,-1.158449896925856,6
1437,6,34,9,18,-1.1647790866636063,16
1438,48,27,55,13,-1.1698460602685206,14
1439,1,10,103,4,-1.178228962480731,6
1440,8,57,70,28,-1.1794167799924105,29
1441,111,49,98,25,-1.1971941446177512,24
1442,107,36,111,18,-1.1978257080625474,18
1443,87,25,10,12,-1.200382738763757,13
1444,23,37,16,19,-1.2113990211273438,18
1445,54,14,17,7,-1.212168763466305,7
1446,63,12,106,7,-1.2241429956367758,5
1447,34,16,20,7,-1.2594847004342105,9
1448,17,12,55,6,-1.2644044388351479,6
1449,90,40,79,23,-1.2705532967066155,17
1450,107,27,23,14,-1.2905265733143787,13
1451,16,20,51,12,-1.3014165070786727,8
1452,62,12,86,4,-1.3029764877822885,8
1453,110,15,87,8,-1.307657393135164,7
1454,106,17,38,9,-1.3101869215810407,8
1455,103,47,84,26,-1.3117535282727075,21
1456,65,35,37,19,-1.3173393657012917,16
1457,57,13,98,6,-1.3243405021868624,7
1458,90,32,98,16,-1.3246080262099156,16
1459,107,34,54,18,-1.3280682216199446,16
1460,30,24,2,12,-1.33523765923767,12
1461,91,15,109,7,-1.3373257862259469,8
1462,9,30,76,16,-1.3464329670764872,14
1463,34,18,29,8,-1.3490741689669334,10
1464,28,20,5,10,-1.3493326587417735,10
1465,28,79,8,41,-1.3497480263129418,38
1466,74,33,20,17,-1.353456899126018,16
1467,32,14,23,6,-1.3629901576062295,8
1468,59,16,41,9,-1.3704315284875221,7
1469,28,51,50,26,-1.3765575600442368,25
1470,23,15,76,7,-1.3791825091008199,8
1471,65,31,90,17,-1.3800043045554724,14
1472,8,13,44,8,-1.3823607495686732,5
1473,74,18,90,9,-1.39415986244323,9
1474,84,26,51,15,-1.3946044446619839,11
1475,87,37,2,21,-1.3966182251216572,16
1476,41,81,65,39,-1.4041433009139985,42
1477,6,11,51,7,-1.4047930882718551,4
1478,43,18,107,9,-1.4171119653199424,9
1479,55,13,96,7,-1.4199005276160916,6
1480,111,31,88,17,-1.4213124620809878,14
1481,3,10,65,5,-1.425825292351591,5
1482,112,11,109,6,-1.4303792106135154,5
1483,57,10,103,4,-1.43349293747094,6
1484,50,35,54,20,-1.4363527174325552,15
1485,5,10,55,6,-1.4603220635492842,4
1486,17,43,98,22,-1.4651649500523514,21
1487,87,17,63,9,-1.4666992841505817,8
1488,20,13,90,6,-1.4684862703100507,7
1489,109,27,2,16,-1.4845158921891026,11
1490,85,12,103,7,-1.505235765059642,5
1491,50,18,74,9,-1.5058020463222825,9
1492,62,19,6,9,-1.506313038221411,10
1493,98,43,17,23,-1.5166447539243209,20
1494,23,40,28,21,-1.5197259301070072,19
1495,6,14,50,8,-1.5219443856325081,6
1496,38,12,85,6,-1.5317416798467212,6
1497,74,56,98,28,-1.5394900322600193,28
1498,37,58,84,29,-1.5410671219703609,29
1499,46,11,84,6,-1.553665479741575,5
1500,14,10,76,5,-1.56343838736732,5
1501,94,11,2,6,-1.566847919784111,5
1502,29,16,16,9,-1.5836522711307057,7
1503,8,27,104,16,-1.5847929007576513,11
1504,28,26,51,14,-1.587988537261921,12
1505,8,15,14,8,-1.6047577872069896,7
1506,88,20,91,11,-1.604911209712006,9
1507,18,24,107,12,-1.6070768279181384,12
1508,90,18,10,10,-1.612631742744166,8
1509,10,19,107,9,-1.6128272357212297,10
1510,91,22,84,11,-1.6140489066565649,11
1511,51,26,28,13,-1.6177961117271271,13
1512,79,16,57,9,-1.6225267683647033,7
1513,87,44,111,23,-1.641789170650758,21
1514,79,52,2,27,-1.6438129495322433,25
1515,84,23,14,14,-1.6478538494417214,9
1516,79,68,98,34,-1.6525341152126052,34
1517,8,26,34,12,-1.667662307737974,14
1518,84,69,8,35,-1.6772378526789344,34
1519,11,22,28,12,-1.680252390578459,10
1520,20,21,112,10,-1.6804120498088793,11
1521,62,16,91,8,-1.6816681613432154,8
1522,23,18,57,10,-1.6948872060166507,8
1523,18,13,20,7,-1.69876804268239,6
1524,107,26,93,14,-1.6992218170224525,12
1525,76,11,38,6,-1.6999072226365548,5
1526,65,38,76,21,-1.7259377131088651,17
1527,45,10,76,5,-1.7263356630732685,5
1528,16,16,29,8,-1.7271978980205005,8
1529,103,29,16,15,-1.735855100464721,14
1530,30,12,17,6,-1.736609101114107,6
1531,65,18,71,9,-1.7385086790308772,9
1532,28,40,23,21,-1.7553407978321645,19
1533,76,10,75,6,-1.7758930355803784,4
1534,54,20,15,11,-1.7760257646065063,9
1535,28,41,30,22,-1.777854352146095,19
1536,84,22,91,12,-1.7835975804372517,10
1537,109,10,57,6,-1.7866317267766754,4
1538,14,11,63,6,-1.7986454985216758,5
1539,76,13,85,8,-1.8000085206097036,5
1540,32,25,87,12,-1.8019631830327214,13
1541,93,25,6,13,-1.8024437751588966,12
1542,18,11,85,7,-1.8067340182792189,4
1543,65,48,107,27,-1.8087395670068023,21
1544,98,19,73,10,-1.851371729787623,9
1545,55,25,49,11,-1.8646594153921843,14
1546,112,17,54,9,-1.8715662937888236,8
1547,90,10,34,5,-1.8752123956926063,5
1548,86,40,65,21,-1.8776174780810895,19
1549,103,14,70,8,-1.9027941936339994,6
1550,61,11,41,6,-1.9034780148497894,5
1551,41,15,19,7,-1.9044917395497039,8
1552,17,10,76,6,-1.9048948605366014,4
1553,37,22,6,11,-1.9187411338779805,11
1554,48,10,62,6,-1.9270832455013296,4
1555,107,34,86,18,-1.9316478114137354,16
1556,11,17,16,10,-1.9332915209945327,7
1557,111,71,8,40,-1.9370367529151276,31
1558,6,24,76,12,-1.937944044447951,12
1559,6,25,93,13,-1.9383775932498641,12
1560,34,20,50,9,-1.9535612317766202,11
1561,2,26,20,14,-1.959405286250955,12
1562,10,63,8,32,-1.9653037165737905,31
1563,50,11,44,6,-1.9729449797558496,5
1564,54,45,74,22,-1.97553752674608,23
1565,29,11,49,7,-1.9792119029563418,4
1566,37,13,103,7,-1.9837820518429876,6
1567,41,16,34,9,-1.9846654519938336,7
1568,97,10,55,5,-1.9884220470048688,5
1569,37,59,79,33,-1.9886494787106561,26
1570,71,10,37,6,-1.9896037058196856,4
1571,54,54,86,28,-2.007812063447016,26
1572,9,30,10,15,-2.0135222581265264,15
1573,93,20,88,8,-2.033372594210669,12
1574,96,16,86,8,-2.034369718632819,8
1575,26,14,73,8,-2.0368384601286986,6
1576,65,72,84,37,-2.0379176330897706,35
1577,98,52,38,28,-2.0498657703552294,24
1578,26,30,9,17,-2.052887996849143,13
1579,10,18,91,10,-2.0539203960339205,8
1580,65,22,85,13,-2.0630480183814526,9
1581,88,22,62,12,-2.068203078615548,10
1582,104,17,9,10,-2.0746206420840276,7
1583,8,69,98,37,-2.081911402735009,32
1584,2,52,79,28,-2.0919149974540514,24
1585,28,19,106,12,-2.093176099068552,7
1586,28,23,34,13,-2.0983239748782827,10
1587,84,51,74,27,-2.1305436270165576,24
1588,86,14,75,7,-2.1308606270660184,7
1589,3,18,54,9,-2.1358068028320694,9
1590,1,15,87,7,-2.138632690920939,8
1591,111,44,84,25,-2.1422526544855915,19
1592,32,10,18,5,-2.1572241092213575,5
1593,15,11,9,6,-2.1575516880448644,5
1594,98,18,89,10,-2.180079413202899,8
1595,88,47,8,25,-2.2095338481189803,22
1596,8,23,63,13,-2.2112456230425157,10
1597,57,12,54,7,-2.224387822283533,5
1598,58,11,8,5,-2.2258955118772117,6
1599,20,44,54,25,-2.2268078604275408,19
1600,74,29,26,16,-2.2324393914305243,13
1601,106,10,62,5,-2.251724283686679,5
1602,50,14,6,7,-2.2618843791117285,7
1603,9,40,37,22,-2.262801557650182,18
1604,32,18,62,9,-2.2636867699003225,9
1605,32,13,20,7,-2.2751108005385445,6
1606,37,39,28,21,-2.310806744030662,18
1607,86,25,51,14,-2.3218267006650657,11
1608,103,37,23,19,-2.3239729626949814,18
1609,94,11,41,6,-2.3275339532246493,5
1610,54,47,16,25,-2.3498107576588034,22
1611,86,59,8,33,-2.35333183690883,26
1612,43,23,41,13,-2.3652994967791563,10
1613,55,30,86,15,-2.373754109421002,15
1614,104,14,86,7,-2.417643418648528,7
1615,57,16,79,8,-2.4270888358529543,8
1616,79,24,85,12,-2.448715961670296,12
1617,38,40,41,21,-2.4535603181412866,19
1618,29,27,6,14,-2.45903121181426,13
1619,9,44,103,21,-2.4769487250437585,23
1620,29,20,2,11,-2.477941203005181,9
1621,62,15,37,8,-2.4789476689639174,7
1622,65,49,6,24,-2.47968083130177,25
1623,90,18,74,10,-2.492214654704721,8
1624,50,12,75,7,-2.4925159155893497,5
1625,2,27,91,15,-2.4984888581051337,12
1626,107,19,10,11,-2.5109118621755364,8
1627,16,14,44,6,-2.5225080391674344,8
1628,29,19,50,11,-2.525141516354553,8
1629,76,47,79,26,-2.526760719119433,21
1630,70,33,41,17,-2.5290882561404504,16
1631,49,10,63,5,-2.5291147398136253,5
1632,8,43,6,24,-2.5371830216491102,19
1633,74,39,79,23,-2.5429559244754354,16
1634,48,15,49,7,-2.544499155603262,8
1635,8,41,91,21,-2.5454365457229002,20
1636,11,10,30,6,-2.5564825240632034,4
1637,23,28,111,14,-2.5579342826864977,14
1638,111,27,10,15,-2.561286831397376,12
1639,112,20,38,11,-2.5875581099779774,9
1640,29,33,98,17,-2.59917885596954,16
1641,107,24,49,12,-2.600438468942416,12
1642,54,57,98,29,-2.6147362809185486,28
1643,5,10,2,6,-2.619807293763069,4
1644,16,22,50,11,-2.6296518724374964,11
1645,84,24,30,13,-2.649950052405462,11
1646,30,25,111,13,-2.6528736151948067,12
1647,9,11,106,6,-2.6544531376629665,5
1648,63,11,111,6,-2.656681768070538,5
1649,8,14,15,7,-2.6593953269851673,7
1650,98,49,111,27,-2.661784450073085,22
1651,111,13,43,8,-2.669621436422116,5
1652,20,16,37,9,-2.669796905589799,7
1653,28,71,84,38,-2.6722480340368975,33
1654,28,11,96,6,-2.678478639602982,5
1655,86,21,6,11,-2.6797895540068413,10
1656,49,18,32,9,-2.688514142434056,9
1657,9,44,48,25,-2.7118293842835715,19
1658,10,30,9,17,-2.725511572413539,13
1659,30,14,26,5,-2.7295268644643054,9
1660,29,14,23,8,-2.732572073895786,6
1661,65,91,8,52,-2.7337241986003473,39
1662,5,10,20,5,-2.737324361507683,5
1663,103,19,48,10,-2.7455190211302885,9
1664,104,26,79,16,-2.7673365522379703,10
1665,89,15,50,8,-2.767885417645722,7
1666,2,35,74,19,-2.7699253072024157,16
1667,65,55,55,33,-2.7708488525099977,22
1668,91,28,54,13,-2.7878094760989365,15
1669,55,33,50,16,-2.78866081600763,17
1670,12,11,8,6,-2.8009343879230215,5
1671,65,55,38,30,-2.806589910357459,25
1672,55,12,104,6,-2.817049603991468,6
1673,23,21,54,12,-2.81871086484572,9
1674,91,25,86,13,-2.8504751291410675,12
1675,18,29,111,16,-2.859497108899379,13
1676,107,25,90,13,-2.870701985415053,12
1677,86,27,50,15,-2.870868757721276,12
1678,76,22,111,10,-2.8888180973130924,12
1679,32,18,49,10,-2.892278990328854,8
1680,34,16,6,8,-2.8927905205883553,8
1681,20,23,91,13,-2.91310351812833,10
1682,88,37,55,22,-2.9210181897272123,15
1683,41,36,29,19,-2.9244119186735795,17
1684,76,15,23,9,-2.940407468731348,6
1685,107,24,18,14,-2.9539171100811985,10
1686,55,33,107,17,-2.9613405357306117,16
1687,28,20,44,13,-2.972466716260038,7
1688,74,18,85,10,-2.978897137377882,8
1689,48,23,10,12,-2.998608536484347,11
1690,89,16,26,8,-3.0015441091670585,8
1691,65,15,51,8,-3.0024330188565416,7
1692,93,30,79,15,-3.0134454685677112,15
1693,8,11,12,6,-3.0172474302587955,5
1694,16,18,38,9,-3.0174584469144037,9
1695,66,10,65,5,-3.0275758007203697,5
1696,37,12,51,7,-3.027883163660137,5
1697,44,14,9,6,-3.0418979222799787,8
1698,107,28,88,16,-3.04854210260548,12
1699,87,28,62,16,-3.05254413200227,12
1700,55,15,70,8,-3.0551209872054277,7
1701,50,41,8,22,-3.0641915082186117,19
1702,41,15,106,8,-3.0700853502959746,7
1703,65,16,43,8,-3.0818646979565365,8
1704,79,56,41,30,-3.1072129437235954,26
1705,20,33,74,18,-3.1279922292078326,15
1706,28,55,74,28,-3.13194618254277,27
1707,38,36,79,20,-3.1386740959807797,16
1708,88,23,23,13,-3.1441600025036935,10
1709,90,10,1,5,-3.14882035881255,5
1710,54,16,73,9,-3.1545899908135793,7
1711,107,42,98,24,-3.1587714355006167,18
1712,70,36,54,19,-3.162641392196288,17
1713,91,14,17,8,-3.16960980301192,6
1714,65,66,87,37,-3.1707364264120983,29
1715,88,13,18,7,-3.1759771370815284,6
1716,75,15,111,7,-3.17685714011478,8
1717,28,26,62,16,-3.1835173498650757,10
1718,107,43,84,24,-3.189030494756354,19
1719,37,13,91,7,-3.1893915884876662,6
1720,88,82,65,46,-3.191662609516441,36
1721,86,20,90,10,-3.1994044596730675,10
1722,26,37,79,21,-3.2224103393223973,16
1723,63,17,74,9,-3.228967223528296,8
1724,85,11,49,6,-3.234049059231714,5
1725,87,15,1,9,-3.235954063691745,6
1726,18,15,76,9,-3.237191989649946,6
1727,65,30,73,17,-3.264498946198197,13
1728,98,11,59,6,-3.2664563544762517,5
1729,111,31,90,18,-3.267921695084226,13
1730,20,14,50,7,-3.272369314479831,7
1731,84,23,57,13,-3.2865946702288213,10
1732,86,22,23,12,-3.3045595000103467,10
1733,62,18,16,10,-3.3165301409136863,8
1734,79,42,91,24,-3.3169616233745067,18
1735,57,13,55,8,-3.327670077621321,5
1736,96,15,8,8,-3.3411657139672903,7
1737,18,57,28,31,-3.341827320423698,26
1738,96,15,48,8,-3.3566527784765534,7
1739,23,20,91,11,-3.3618813048957485,9
1740,6,18,49,10,-3.361990920437636,8
1741,46,26,74,13,-3.371313920505697,13
1742,85,14,2,7,-3.3798876085075156,7
1743,13,14,76,7,-3.383197454645703,7
1744,16,39,55,22,-3.384681405569595,17
1745,50,14,70,7,-3.3858944797818475,7
1746,16,75,28,41,-3.393702774498532,34
1747,15,16,65,8,-3.396313291786303,8
1748,74,22,37,12,-3.399169911921955,10
1749,6,12,57,8,-3.4000169565132334,4
1750,84,20,32,12,-3.403700726822616,8
1751,55,17,23,9,-3.4042950014279,8
1752,28,54,111,30,-3.413874283084288,24
1753,37,34,48,18,-3.4162139643636396,16
1754,17,32,65,18,-3.431569242866022,14
1755,57,12,86,6,-3.4531517504498637,6
1756,79,51,10,25,-3.461171301661281,26
1757,28,73,65,41,-3.467768337617067,32
1758,55,14,1,8,-3.472860068937083,6
1759,51,13,9,7,-3.474433870184742,6
1760,66,10,86,5,-3.4816650108427063,5
1761,79,66,28,33,-3.5004562600793685,33
1762,41,49,16,26,-3.501070366837183,23
1763,94,13,65,7,-3.505690987614661,6
1764,16,11,46,6,-3.5247066219075394,5
1765,87,76,8,43,-3.525622762806931,33
1766,26,33,111,19,-3.5276889460712058,14
1767,87,26,70,15,-3.5345174393475727,11
1768,84,32,20,19,-3.5442833935533202,13
1769,49,18,79,11,-3.5482844650415624,7
1770,107,50,87,29,-3.564753035737441,21
1771,38,25,50,14,-3.5687465201033057,11
1772,57,16,16,8,-3.5714373486183053,8
1773,75,14,87,7,-3.5866681857153258,7
1774,23,15,101,9,-3.591604516250614,6
1775,18,12,10,8,-3.6042571144804363,4
1776,70,11,20,7,-3.6240550103054088,4
1777,112,10,98,5,-3.634369737429611,5
1778,86,63,84,36,-3.6423000493574755,27
1779,98,53,16,30,-3.64815851331864,23
1780,111,63,79,37,-3.6508286574398943,26
1781,73,22,20,12,-3.6521774474687554,10
1782,30,24,91,12,-3.6530824425892696,12
1783,37,38,16,23,-3.6538134186570033,15
1784,6,16,34,9,-3.6598684680509215,7
1785,65,17,57,11,-3.66200460796526,6
1786,73,21,16,11,-3.672016460130803,10
1787,87,16,104,10,-3.6754213405844434,6
1788,106,12,98,6,-3.7082931630215934,6
1789,10,14,32,9,-3.709056496740224,5
1790,87,10,60,5,-3.716219490276847,5
1791,38,22,84,13,-3.721558072111377,9
1792,41,16,48,9,-3.723395209925695,7
1793,48,20,13,13,-3.7253807198817483,7
1794,10,34,65,19,-3.7403807843221304,15
1795,28,60,98,32,-3.7455239448640665,28
1796,18,12,57,8,-3.7525453734501912,4
1797,49,22,28,13,-3.761707702389012,9
1798,110,11,26,5,-3.781495457699158,6
1799,103,12,110,7,-3.784927459031115,5
1800,18,15,93,8,-3.8000555745474087,7
1801,2,66,28,36,-3.8119917916447656,30
1802,98,16,43,9,-3.8123705589147328,7
1803,62,39,8,21,-3.8203580499873464,18
1804,91,14,32,7,-3.8253106560348464,7
1805,98,14,46,8,-3.8323090992277025,6
1806,49,16,17,9,-3.8354352643495577,7
1807,29,21,91,12,-3.840820511726981,9
1808,18,18,41,11,-3.84366102932153,7
1809,75,20,8,11,-3.850513142182257,9
1810,34,12,23,6,-3.85388189935407,6
1811,49,14,38,7,-3.8551286140805963,7
1812,9,78,84,46,-3.8632336429297727,32
1813,84,47,98,26,-3.8908337456526567,21
1814,89,18,48,10,-3.8908343305777375,8
1815,54,16,94,8,-3.897800639878564,8
1816,79,60,86,33,-3.8995693798164663,27
1817,79,31,30,18,-3.91271477985484,13
1818,48,19,30,11,-3.915724412415478,8
1819,9,30,26,15,-3.917115924375875,15
1820,55,12,63,7,-3.919534827546311,5
1821,16,24,63,13,-3.9237917435249767,11
1822,74,22,43,13,-3.9345782455697673,9
1823,54,32,87,18,-3.9348055085863867,14
1824,112,10,91,5,-3.946754868280294,5
1825,73,22,6,11,-3.9476996189213933,11
1826,50,10,51,7,-3.9480655818138337,3
1827,86,10,5,6,-3.9547349266148983,4
1828,87,32,23,19,-3.956644400151879,13
1829,107,11,51,7,-3.957512100620035,4
1830,65,42,23,23,-3.9627458762007683,19
1831,9,11,14,7,-3.9753531338355614,4
1832,26,14,55,8,-3.9805474058369166,6
1833,10,13,104,7,-3.982341981798969,6
1834,98,34,87,20,-3.9852020639548185,14
1835,8,29,73,18,-3.9924196449780625,11
1836,37,26,87,13,-3.9965570187790043,13
1837,79,33,23,17,-4.005580416521516,16
1838,103,50,79,29,-4.028559233170849,21
1839,2,19,26,10,-4.041871884320681,9
1840,98,23,109,13,-4.0431120330253485,10
1841,71,15,84,8,-4.046997354452872,7
1842,10,32,16,18,-4.051397029804468,14
1843,46,21,6,13,-4.0573986299655465,8
1844,10,41,2,24,-4.057775267216063,17
1845,75,10,65,6,-4.061741964132054,4
1846,104,12,90,6,-4.064341220930973,6
1847,50,38,98,20,-4.0751085970791365,18
1848,2,63,98,35,-4.0864521676034835,28
1849,107,28,16,16,-4.092605442087732,12
1850,84,16,89,10,-4.113226044169538,6
1851,98,39,37,22,-4.11677597890711,17
1852,54,74,8,40,-4.122661694301323,34
1853,80,13,79,7,-4.126636828400184,6
1854,10,16,103,9,-4.145748166667432,7
1855,35,11,16,6,-4.150016684827543,5
1856,91,23,65,11,-4.15010120900014,12
1857,8,28,30,17,-4.155265384733847,11
1858,44,10,20,6,-4.167347783481074,4
1859,32,16,2,9,-4.169077635966493,7
1860,86,36,74,21,-4.180765464828872,15
1861,88,35,79,22,-4.181461707831637,13
1862,54,67,65,36,-4.184792592825603,31
1863,88,15,63,8,-4.22400472363047,7
1864,6,24,23,13,-4.230313442640459,11
1865,91,30,87,17,-4.231572272835857,13
1866,85,19,8,10,-4.235296537690964,9
1867,8,11,97,7,-4.238412616249588,4
1868,49,13,18,7,-4.243576516469454,6
1869,98,39,6,23,-4.250381101594533,16
1870,2,66,8,35,-4.265068045066808,31
1871,55,48,111,26,-4.269858150255007,22
1872,79,35,54,19,-4.285387143638045,16
1873,48,15,85,9,-4.305363268792187,6
1874,41,39,26,18,-4.308213459712551,21
1875,107,16,30,10,-4.310516753383161,6
1876,1,20,41,13,-4.310885836842604,7
1877,8,64,74,36,-4.313378932159928,28
1878,29,37,87,21,-4.317833214151955,16
1879,90,13,20,8,-4.319530234657456,5
1880,28,54,55,33,-4.340417156141506,21
1881,88,19,46,11,-4.341589715116255,8
1882,82,10,86,6,-4.344505387617904,4
1883,63,10,108,6,-4.345351879856479,4
1884,44,13,79,7,-4.356415433762269,6
1885,2,11,57,7,-4.360321050424336,4
1886,94,11,87,6,-4.375015437142172,5
1887,1,10,90,6,-4.375601097645208,4
1888,89,13,54,8,-4.375934710162814,5
1889,37,21,90,12,-4.378553555201821,9
1890,98,24,13,16,-4.385814205539817,8
1891,8,29,29,16,-4.386286441561601,13
1892,41,36,50,20,-4.39168406813968,16
1893,41,36,84,22,-4.405400183867785,14
1894,20,19,43,10,-4.407702920435093,9
1895,103,20,73,11,-4.408542656876506,9
1896,13,10,90,5,-4.435057658973358,5
1897,1,10,34,7,-4.442537367084793,3
1898,20,54,87,30,-4.4472809665018085,24
1899,76,37,16,20,-4.451124010231458,17
1900,58,16,98,8,-4.454073647186219,8
1901,84,23,73,15,-4.463513313785124,8
1902,110,23,20,13,-4.46357978693552,10
1903,15,25,111,15,-4.472513123100842,10
1904,29,21,111,10,-4.484029622528673,11
1905,5,14,79,9,-4.4902746931220605,5
1906,93,21,29,12,-4.498959392246701,9
1907,62,11,29,6,-4.502398822563125,5
1908,6,27,29,15,-4.503478704943507,12
1909,23,40,41,23,-4.507259861409941,17
1910,93,29,111,15,-4.510765206652467,14
1911,85,11,18,5,-4.514791288537011,6
1912,93,18,86,10,-4.51863309185886,8
1913,74,15,32,9,-4.519404747582117,6
1914,48,34,76,20,-4.519965051805255,14
1915,109,26,65,13,-4.522732343847644,13
1916,20,24,86,13,-4.528836305504915,11
1917,23,24,74,13,-4.530539923458647,11
1918,28,33,32,19,-4.541477323608219,14
1919,32,22,55,13,-4.5613058564845765,9
1920,106,24,8,12,-4.568385804351563,12
1921,9,37,2,20,-4.570200756721712,17
1922,48,15,17,8,-4.57243158960934,7
1923,20,17,17,9,-4.57611326270597,8
1924,15,10,86,5,-4.603054673648832,5
1925,8,25,51,15,-4.6038680906054195,10
1926,20,26,2,14,-4.616267485609366,12
1927,87,11,68,6,-4.626141991098492,5
1928,104,23,16,13,-4.63379333705212,10
1929,2,20,29,11,-4.659724574406296,9
1930,79,21,29,12,-4.677275321651237,9
1931,9,76,79,43,-4.699969329384482,33
1932,93,19,109,11,-4.710552248323455,8
1933,14,14,87,8,-4.712999134730353,6
1934,9,30,90,17,-4.717832744642908,13
1935,65,24,89,13,-4.719339811655218,11
1936,35,21,76,13,-4.725447690057797,8
1937,104,10,88,6,-4.74391725280927,4
1938,18,23,16,14,-4.770325303283745,9
1939,38,15,88,8,-4.775099664625832,7
1940,104,10,111,6,-4.78538385386756,4
1941,89,21,9,14,-4.786570717016552,7
1942,107,88,8,49,-4.800018264357139,39
1943,9,51,111,27,-4.814055936731913,24
1944,86,40,9,23,-4.820086324261296,17
1945,28,10,110,5,-4.821015306608336,5
1946,28,18,14,12,-4.826480052652062,6
1947,29,20,54,13,-4.828224061790944,7
1948,109,11,89,6,-4.829014520032646,5
1949,13,13,103,7,-4.835710066696813,6
1950,98,25,30,16,-4.849081372286935,9
1951,30,16,23,8,-4.860653795176971,8
1952,76,21,107,12,-4.869374264444424,9
1953,9,27,62,16,-4.876428914210389,11
1954,26,29,74,16,-4.880620777148706,13
1955,10,32,98,18,-4.891232977697764,14
1956,6,41,54,26,-4.900522402213304,15
1957,20,30,93,15,-4.900735470483163,15
1958,5,11,65,6,-4.901615377921411,5
1959,28,39,20,24,-4.9180394387206405,15
1960,103,11,46,6,-4.934914439873031,5
1961,93,11,11,5,-4.935288832458101,6
1962,48,45,79,25,-4.935456619955719,20
1963,20,37,111,20,-4.9479559141790075,17
1964,111,36,107,21,-4.95140635788508,15
1965,85,10,73,6,-4.960807319232127,4
1966,16,26,32,15,-4.9645961397192355,11
1967,59,10,10,5,-4.967497448599415,5
1968,20,10,89,6,-4.97640303815121,4
1969,104,19,107,12,-4.99834795845683,7
1970,73,16,79,9,-5.012547822539443,7
1971,1,17,16,9,-5.031673674933401,8
1972,43,13,111,7,-5.0327903736846205,6
1973,103,36,107,21,-5.041185354126945,15
1974,79,54,87,29,-5.061728993049676,25
1975,84,16,109,9,-5.067243867891082,7
1976,41,16,59,9,-5.075333393683101,7
1977,50,18,18,10,-5.0868481750812755,8
1978,84,25,29,14,-5.0940460573640145,11
1979,65,73,93,42,-5.102964751950764,31
1980,48,10,70,6,-5.103393723771427,4
1981,86,49,87,29,-5.111663758486056,20
1982,107,32,74,19,-5.114440119847535,13
1983,76,27,87,16,-5.11638843749194,11
1984,18,21,103,12,-5.117263308095348,9
1985,111,11,63,6,-5.123399041237538,5
1986,89,29,41,17,-5.128070897369619,12
1987,88,24,87,15,-5.130994862549942,9
1988,20,47,8,28,-5.13696712403145,19
1989,87,26,103,15,-5.13844337309213,11
1990,84,39,23,22,-5.174802875601986,17
1991,28,34,90,20,-5.175363063983108,14
1992,62,15,104,9,-5.186101581217904,6
1993,57,10,111,6,-5.186942618450885,4
1994,16,21,75,12,-5.21045547946896,9
1995,93,16,16,9,-5.217988854591054,7
1996,108,10,48,7,-5.22187263856998,3
1997,9,108,65,62,-5.228072138963157,46
1998,111,10,1,5,-5.238983537325088,5
1999,48,19,18,11,-5.245315113768614,8
2000,50,10,39,6,-5.259420518499576,4
2001,85,15,63,8,-5.266282773446651,7
2002,9,50,87,28,-5.267106093185126,22
2003,79,48,6,28,-5.286249598004098,20
2004,76,14,104,8,-5.288345369680408,6
2005,20,16,34,10,-5.293174288205066,6
2006,103,30,17,18,-5.294404276815358,12
2007,8,40,37,23,-5.3188247171166365,17
2008,2,16,37,9,-5.319405974840823,7
2009,88,20,20,12,-5.3485269428007625,8
2010,71,11,54,7,-5.354693946074446,4
2011,6,13,89,8,-5.362805216014631,5
2012,39,10,8,5,-5.364894113507091,5
2013,41,66,8,36,-5.383353261881381,30
2014,20,27,6,14,-5.391516301598387,13
2015,28,10,19,6,-5.405282356849322,4
2016,46,12,20,8,-5.411124046880102,4
2017,41,35,73,20,-5.413974250069213,15
2018,38,26,20,15,-5.422962328602488,11
2019,5,16,98,9,-5.424159575226909,7
2020,20,18,94,11,-5.424401699040208,7
2021,79,40,50,22,-5.433295888749685,18
2022,76,42,88,23,-5.437759040300481,19
2023,23,16,109,10,-5.438260955948294,6
2024,87,22,90,14,-5.444051378748758,8
2025,38,25,30,13,-5.45936332609693,12
2026,57,16,87,9,-5.466000765538215,7
2027,98,44,20,26,-5.475555762264778,18
2028,38,35,54,21,-5.478565045653858,14
2029,73,21,74,12,-5.49643746893769,9
2030,54,46,28,27,-5.5206143371290795,19
2031,48,35,6,20,-5.544547995709246,15
2032,55,19,74,10,-5.544677661719653,9
2033,74,39,111,22,-5.5496610770339405,17
2034,79,84,8,45,-5.56829082741472,39
2035,107,34,91,21,-5.572826502829578,13
2036,48,37,86,22,-5.581299266417303,15
2037,55,24,103,14,-5.588813975862993,10
2038,8,25,90,15,-5.599110471027085,10
2039,29,22,26,14,-5.630548836449718,8
2040,63,29,84,18,-5.6365193146422925,11
2041,9,45,41,28,-5.6439057397283525,17
2042,6,26,103,16,-5.659939287843899,10
2043,50,13,17,8,-5.662435030700867,5
2044,91,29,111,16,-5.664784285354977,13
2045,9,13,43,7,-5.682535108763632,6
2046,75,12,2,7,-5.704582661211366,5
2047,48,11,14,8,-5.715763459513543,3
2048,91,11,5,5,-5.724427643442397,6
2049,55,14,26,8,-5.738748859328644,6
2050,76,20,55,11,-5.742456288243527,9
2051,9,29,38,16,-5.756435186772364,13
2052,76,43,86,24,-5.7608051831204765,19
2053,65,17,106,10,-5.761304804530494,7
2054,9,24,49,15,-5.768934866939488,9
2055,79,14,51,8,-5.772506691008202,6
2056,54,18,32,11,-5.782610489553489,7
2057,88,25,86,15,-5.788259716510342,10
2058,73,14,26,7,-5.793757710550314,7
2059,94,12,8,7,-5.79404543544707,5
2060,109,19,34,11,-5.806108021230174,8
2061,86,12,1,7,-5.820822605148494,5
2062,51,11,2,6,-5.82458141989376,5
2063,37,14,46,8,-5.834073346635607,6
2064,84,12,104,7,-5.8358328973406115,5
2065,87,28,49,15,-5.837138934523044,13
2066,87,41,16,24,-5.840555118989296,17
2067,16,17,17,10,-5.868342075872026,7
2068,103,34,50,20,-5.870794196365225,14
2069,2,34,50,21,-5.882888460891295,13
2070,18,12,86,7,-5.898212622367464,5
2071,8,79,55,49,-5.900174964881441,30
2072,9,45,74,27,-5.903246001506488,18
2073,18,27,98,16,-5.93123934771538,11
2074,10,25,89,15,-5.961935346068012,10
2075,49,23,8,13,-5.962799116224744,10
2076,48,27,63,16,-5.969647986004213,11
2077,34,10,17,6,-5.970863859166942,4
2078,34,19,107,11,-5.973688522150958,8
2079,23,18,2,10,-5.985551573396107,8
2080,77,10,49,5,-6.002993751357126,5
2081,91,18,38,10,-6.003578716041363,8
2082,2,11,94,6,-6.010461250553638,5
2083,91,48,98,26,-6.010481139866049,22
2084,98,27,26,14,-6.028495429489334,13
2085,86,13,35,9,-6.029699746849703,4
2086,9,28,13,18,-6.048703123654873,10
2087,89,25,79,16,-6.066359313406789,9
2088,28,23,46,14,-6.098728555278832,9
2089,76,14,30,9,-6.105099986395525,5
2090,56,11,111,7,-6.133528731729063,4
2091,107,33,79,21,-6.134946595714035,12
2092,2,31,107,18,-6.135147161642658,13
2093,28,54,107,30,-6.139279531987612,24
2094,18,49,8,29,-6.162362513671736,20
2095,66,11,2,7,-6.205381429919995,4
2096,34,14,16,8,-6.229556768499603,6
2097,16,70,8,43,-6.239959202008456,27
2098,48,17,2,9,-6.245081234312723,8
2099,87,24,38,15,-6.25648981898309,9
2100,50,23,111,14,-6.270457745960824,9
2101,44,15,111,9,-6.2820016152004,6
2102,54,16,90,9,-6.290244829620479,7
2103,98,42,23,26,-6.2940458772191406,16
2104,54,19,62,12,-6.312055934230411,7
2105,79,11,14,7,-6.3252009616150415,4
2106,111,30,2,18,-6.328590766591992,12
2107,65,65,16,37,-6.334573357580009,28
2108,73,18,86,11,-6.340120760849839,7
2109,65,84,20,51,-6.343089817722918,33
2110,28,10,31,6,-6.368565836830035,4
2111,88,22,103,14,-6.368772240906126,8
2112,84,28,70,16,-6.381194808632994,12
2113,111,37,16,20,-6.384907661220798,17
2114,50,12,90,7,-6.396354579252059,5
2115,39,10,65,6,-6.40523745473044,4
2116,54,24,46,15,-6.405569541982428,9
2117,91,25,16,15,-6.409140256729834,10
2118,28,14,12,9,-6.429365216940005,5
2119,8,10,112,6,-6.439047583949824,4
2120,62,10,90,6,-6.4415032468905995,4
2121,79,26,34,14,-6.45226474292144,12
2122,9,101,8,58,-6.457930698678457,43
2123,86,16,32,9,-6.471177759830176,7
2124,48,11,23,6,-6.485113687277626,5
2125,8,35,32,20,-6.494741280760348,15
2126,9,36,73,21,-6.495953299248424,15
2127,28,34,103,20,-6.496510604338202,14
2128,18,25,87,16,-6.500921078177539,9
2129,62,13,17,8,-6.51109228837904,5
2130,86,79,16,48,-6.517762010081229,31
2131,9,37,50,22,-6.52235823807083,15
2132,70,14,103,7,-6.530155528635705,7
2133,57,18,23,10,-6.535348935161005,8
2134,70,18,79,9,-6.541994947083339,9
2135,54,11,14,7,-6.542365287655037,4
2136,41,54,28,30,-6.549671741224456,24
2137,68,25,8,14,-6.551836593531009,11
2138,6,19,30,13,-6.571810356539939,6
2139,20,16,106,8,-6.573591095556704,8
2140,16,21,90,12,-6.632184549525892,9
2141,85,14,86,7,-6.640232602185863,7
2142,17,14,91,8,-6.646960274535358,6
2143,107,14,85,10,-6.660562730066902,4
2144,49,16,74,9,-6.6690338705923,7
2145,9,24,18,14,-6.669379438735331,10
2146,2,14,15,8,-6.68122325045803,6
2147,62,18,79,10,-6.706683341972167,8
2148,54,25,49,14,-6.709179862826327,11
2149,9,25,29,14,-6.70933512946719,11
2150,74,11,89,6,-6.714017548400364,5
2151,111,14,13,9,-6.729510456907126,5
2152,41,36,2,23,-6.7322250741813585,13
2153,41,42,111,24,-6.742879314894576,18
2154,65,51,63,30,-6.764677483560284,21
2155,48,12,11,7,-6.772695558236367,5
2156,65,54,74,33,-6.785118335454431,21
2157,28,50,87,30,-6.785536302011417,20
2158,28,39,76,23,-6.80499505832736,16
2159,6,21,88,13,-6.808639243885848,8
2160,64,11,28,6,-6.82253762472366,5
2161,91,26,6,15,-6.823132237906975,11
2162,51,23,87,13,-6.849579899010746,10
2163,88,13,10,8,-6.861581534296264,5
2164,28,38,38,22,-6.8687841977025155,16
2165,87,11,89,7,-6.89032748453306,4
2166,68,18,65,10,-6.895924597371667,8
2167,85,22,28,13,-6.906329356345953,9
2168,74,12,57,8,-6.91760424242575,4
2169,50,30,107,19,-6.921374494500155,11
2170,39,11,84,6,-6.925961017918677,5
2171,17,14,90,8,-6.930186835428714,6
2172,68,10,73,6,-6.95394987102174,4
2173,50,36,87,22,-6.985978024226258,14
2174,101,11,79,6,-6.990861425930873,5
2175,8,18,46,11,-6.992942507225588,7
2176,6,19,90,11,-7.0034906221582,8
2177,34,29,84,19,-7.009777399581457,10
2178,91,26,103,13,-7.011657257024809,13
2179,65,18,34,10,-7.014904843879228,8
2180,93,48,8,30,-7.0175664395797135,18
2181,6,20,111,12,-7.01838566892247,8
2182,9,40,23,24,-7.023066131343451,16
2183,86,28,30,20,-7.0255595811073945,8
2184,79,19,59,11,-7.0352036880537865,8
2185,2,19,90,11,-7.054899323538905,8
2186,106,18,74,10,-7.0562338073245074,8
2187,48,53,8,32,-7.064834453033997,21
2188,34,24,98,16,-7.069151815365415,8
2189,13,10,10,5,-7.08154547770926,5
2190,88,30,84,19,-7.092231780923707,11
2191,89,16,16,10,-7.102664218068734,6
2192,74,33,16,21,-7.114417163588675,12
2193,76,35,98,21,-7.11656236534676,14
2194,103,20,29,12,-7.147753101442872,8
2195,32,16,103,10,-7.165401001930772,6
2196,6,11,5,7,-7.175117705775805,4
2197,76,42,84,23,-7.185450456544011,19
2198,34,13,111,7,-7.201437198359538,6
2199,6,29,55,20,-7.216182147698299,9
2200,88,29,9,18,-7.216345472997156,11
2201,76,19,10,11,-7.223608714939963,8
2202,54,35,88,21,-7.223747967838282,14
2203,8,41,23,25,-7.226225929875295,16
2204,73,18,50,10,-7.241939960957099,8
2205,103,49,98,31,-7.248745608369252,18
2206,73,10,30,6,-7.2752412959190496,4
2207,2,11,46,7,-7.277934272960428,4
2208,70,15,23,9,-7.277989111704888,6
2209,94,16,9,9,-7.284482029205993,7
2210,86,22,41,13,-7.286274520016925,9
2211,54,34,48,22,-7.286435330191923,12
2212,20,13,13,9,-7.287197108459042,4
2213,34,20,2,12,-7.293049000876174,8
2214,41,36,91,23,-7.3004596925352265,13
2215,10,21,54,13,-7.316914939103655,8
2216,79,13,11,6,-7.332384664013704,7
2217,103,16,10,9,-7.341759223830171,7
2218,88,24,37,15,-7.378135194639771,9
2219,8,12,94,7,-7.380839863701195,5
2220,14,10,86,5,-7.381994796102994,5
2221,49,13,41,9,-7.40613906742907,4
2222,75,13,41,7,-7.41688145074682,6
2223,9,13,75,9,-7.420012168869883,4
2224,28,38,91,24,-7.431307567201398,14
2225,57,17,88,10,-7.432081698575297,7
2226,37,24,23,15,-7.440544332640971,9
2227,65,71,111,40,-7.44315444932928,31
2228,85,10,70,6,-7.450454709233595,4
2229,48,14,34,8,-7.457019100376942,6
2230,23,10,104,6,-7.459802178175598,4
2231,37,27,54,18,-7.469706742796568,9
2232,91,37,74,22,-7.484617200527478,15
2233,38,24,2,13,-7.498014725943601,11
2234,87,19,43,12,-7.500187924124219,7
2235,87,13,11,8,-7.5002461414178665,5
2236,38,10,34,6,-7.513274255260262,4
2237,54,28,103,16,-7.519450232339535,12
2238,76,21,91,13,-7.538547355116531,8
2239,74,29,93,19,-7.553419597688056,10
2240,8,47,26,27,-7.578026285413298,20
2241,2,20,70,13,-7.582289380896054,7
2242,79,23,17,14,-7.583686995894435,9
2243,41,45,87,26,-7.5997473042409585,19
2244,28,40,6,25,-7.6079577597869825,15
2245,34,16,87,10,-7.640142491832505,6
2246,106,10,54,6,-7.643289711475541,4
2247,88,41,16,27,-7.651061867324183,14
2248,74,20,10,13,-7.659112863437717,7
2249,52,11,98,6,-7.667561966174594,5
2250,85,29,84,16,-7.6712088851898095,13
2251,2,49,16,30,-7.691279770578487,19
2252,59,11,23,7,-7.703199044299859,4
2253,112,21,20,13,-7.71897633781411,8
2254,85,14,111,9,-7.729378570457982,5
2255,9,37,107,20,-7.746230000984192,17
2256,74,19,17,11,-7.746897696537681,8
2257,109,15,103,10,-7.74806703390503,5
2258,48,17,50,10,-7.751737687672279,7
2259,109,13,29,8,-7.7648215544268036,5
2260,49,15,30,9,-7.795814319272768,6
2261,90,13,55,8,-7.804139466218974,5
2262,37,32,76,21,-7.820497576953574,11
2263,96,14,16,9,-7.8477557857363465,5
2264,38,36,8,23,-7.848513446954377,13
2265,28,17,75,10,-7.8516397601466075,7
2266,49,18,20,11,-7.854535242795636,7
2267,9,49,54,30,-7.862767512170962,19
2268,12,11,74,6,-7.881335923893619,5
2269,9,30,109,18,-7.889736540676633,12
2270,13,14,49,8,-7.890029815709072,6
2271,86,12,46,8,-7.89231466244345,4
2272,88,27,74,18,-7.895683127849934,9
2273,98,16,63,9,-7.928803979605934,7
2274,29,13,10,8,-7.953877306686606,5
2275,86,27,111,16,-7.962255850113394,11
2276,9,10,71,6,-7.971373091011489,4
2277,37,12,109,7,-7.972273664149992,5
2278,48,35,65,22,-7.9807562612280805,13
2279,34,16,41,9,-7.985588983079854,7
2280,46,12,29,8,-7.990068011062898,4
2281,41,15,90,9,-7.997737246515682,6
2282,86,18,64,11,-8.028273851661021,7
2283,74,11,13,7,-8.04867506694036,4
2284,13,12,6,7,-8.074590184679874,5
2285,10,15,30,10,-8.08039942607508,5
2286,9,72,16,47,-8.101395854046503,25
2287,91,19,63,11,-8.103504265076273,8
2288,9,14,19,8,-8.117304295019109,6
2289,28,31,10,21,-8.119129269340041,10
2290,9,36,55,24,-8.119772650595259,12
2291,109,12,76,9,-8.16240672051288,3
2292,62,20,84,12,-8.173255044877312,8
2293,76,56,8,35,-8.186735758017774,21
2294,54,36,93,25,-8.20730249779284,11
2295,94,13,28,8,-8.222371266039165,5
2296,51,19,54,11,-8.227410100820899,8
2297,16,10,26,6,-8.231874067384071,4
2298,8,17,1,10,-8.238012177466368,7
2299,17,14,111,8,-8.239799794462428,6
2300,84,68,16,41,-8.245378519925461,27
2301,8,30,17,19,-8.267140148743708,11
2302,58,12,65,6,-8.279172093518044,6
2303,41,18,76,11,-8.284971187696902,7
2304,34,14,55,10,-8.304742214344207,4
2305,59,17,9,11,-8.305936798720639,6
2306,109,33,8,20,-8.311226620633244,13
2307,103,45,41,31,-8.332714422601015,14
2308,107,21,29,14,-8.362242559101956,7
2309,65,14,1,9,-8.38534721300084,5
2310,109,26,20,18,-8.387495181698934,8
2311,51,12,18,7,-8.390518482745238,5
2312,89,11,90,7,-8.396796914570167,4
2313,37,12,50,7,-8.416115951188457,5
2314,10,21,73,14,-8.419335562342074,7
2315,1,21,98,14,-8.436557583367687,7
2316,6,26,74,17,-8.451739694728484,9
2317,56,13,8,9,-8.47665012859135,4
2318,98,30,49,18,-8.481939269224359,12
2319,68,19,20,11,-8.49950046367544,8
2320,34,26,8,17,-8.500284414546929,9
2321,103,24,26,14,-8.523036763842914,10
2322,9,25,32,16,-8.53109215537152,9
2323,76,10,11,6,-8.56044399501451,4
2324,10,18,93,12,-8.563863748489084,6
2325,2,12,58,8,-8.58540368974784,4
2326,87,35,93,22,-8.595406377397056,13
2327,66,14,84,9,-8.616861190106436,5
2328,28,44,93,27,-8.630781324845804,17
2329,48,50,84,30,-8.631355531302612,20
2330,20,49,107,29,-8.639414884699214,20
2331,32,26,65,16,-8.65722618752934,10
2332,68,15,98,11,-8.664988751550114,4
2333,75,11,48,8,-8.672815346664251,3
2334,73,17,2,10,-8.68105241339238,7
2335,46,11,16,7,-8.68716865467983,4
2336,9,37,91,23,-8.696151818842894,14
2337,6,27,16,16,-8.696725649896711,11
2338,62,16,76,8,-8.710475893988356,8
2339,65,20,70,13,-8.731970869068395,7
2340,20,35,55,21,-8.738108987978196,14
2341,37,24,30,16,-8.742074606758964,8
2342,28,27,104,18,-8.75248212518074,9
2343,38,15,32,10,-8.75452405688887,5
2344,84,32,93,21,-8.779261084845606,11
2345,20,53,41,35,-8.79255140026366,18
2346,93,24,23,14,-8.804783518097919,10
2347,76,10,29,7,-8.806443209825622,3
2348,85,11,10,6,-8.810276618143424,5
2349,9,13,11,8,-8.82980757126631,5
2350,86,27,63,19,-8.832023387948835,8
2351,84,11,64,6,-8.83326213103814,5
2352,11,19,98,12,-8.853737963747765,7
2353,79,26,32,17,-8.859137187931584,9
2354,2,35,84,22,-8.87374712817616,13
2355,94,17,98,11,-8.877059957058028,6
2356,65,43,2,29,-8.91946729197122,14
2357,50,11,112,7,-8.921235906620762,4
2358,91,16,55,11,-8.921765963817519,5
2359,110,20,107,12,-8.933567921834605,8
2360,111,18,48,12,-8.93792122942067,6
2361,46,19,111,12,-8.943973618396548,7
2362,18,19,74,12,-8.971261505798399,7
2363,86,41,37,25,-8.9832167055326,16
2364,62,19,41,12,-9.00335332858162,7
2365,44,11,84,7,-9.017421120510093,4
2366,16,12,15,8,-9.05960662342551,4
2367,109,13,106,8,-9.06266809979583,5
2368,32,12,26,7,-9.09769401619869,5
2369,112,23,6,14,-9.097888193162195,9
2370,57,11,2,6,-9.107338089684553,5
2371,79,24,18,14,-9.141344406761542,10
2372,43,24,8,15,-9.183295995535126,9
2373,28,26,13,18,-9.183739107543797,8
2374,54,46,111,29,-9.235401744617302,17
2375,50,12,110,8,-9.25251740175268,4
2376,84,20,17,13,-9.25697489923984,7
2377,50,14,43,9,-9.27474781724881,5
2378,86,20,38,14,-9.280969369301586,6
2379,9,34,20,23,-9.290302263411943,11
2380,23,17,50,10,-9.300090532650529,7
2381,107,13,13,9,-9.307281354536356,4
2382,106,23,79,14,-9.330142332667407,9
2383,29,22,74,13,-9.341715830488068,9
2384,75,19,79,13,-9.342561498216151,6
2385,54,32,55,22,-9.348918512893789,10
2386,20,12,46,6,-9.37087132547676,6
2387,8,14,59,9,-9.376826871718674,5
2388,30,22,55,13,-9.385734127086305,9
2389,35,17,48,11,-9.405686959524614,6
2390,89,25,28,15,-9.422989936012565,10
2391,10,11,57,7,-9.432674751481889,4
2392,52,10,16,7,-9.438956723678409,3
2393,87,27,30,18,-9.441306317195094,9
2394,84,17,18,11,-9.480131506018989,6
2395,19,11,103,7,-9.481054864710421,4
2396,58,11,6,7,-9.489496457414932,4
2397,76,23,15,15,-9.503739473265108,8
2398,65,21,60,13,-9.571951123571171,8
2399,85,25,16,16,-9.572199671326333,9
2400,108,10,74,6,-9.573103573564595,4
2401,89,22,23,14,-9.576875474490599,8
2402,107,18,43,12,-9.57800148756219,6
2403,65,60,98,39,-9.578885579734806,21
2404,70,18,30,12,-9.585226013483616,6
2405,35,12,8,7,-9.605315474711036,5
2406,50,17,91,12,-9.605985015453989,5
2407,8,21,13,14,-9.615323131026955,7
2408,41,27,55,16,-9.622531787318458,11
2409,18,10,46,7,-9.6369429103627,3
2410,62,26,98,16,-9.641858129313675,10
2411,86,21,10,14,-9.65589885739765,7
2412,38,32,29,21,-9.681299801122256,11
2413,91,27,2,16,-9.694693742662338,11
2414,106,13,84,7,-9.721232372178166,6
2415,103,36,111,23,-9.751404731703087,13
2416,103,42,8,29,-9.755203687685839,13
2417,91,17,93,11,-9.794639196057782,6
2418,74,13,70,9,-9.800022679632324,4
2419,76,37,74,24,-9.805593452580656,13
2420,76,25,54,15,-9.82196620742167,10
2421,96,15,65,9,-9.851177535683915,6
2422,65,31,26,19,-9.884073914474246,12
2423,50,14,10,9,-9.907166966632534,5
2424,80,10,54,6,-9.908173914867037,4
2425,86,17,11,10,-9.920784017899692,7
2426,17,13,87,8,-9.92299839057508,5
2427,75,10,103,6,-9.92764617859353,4
2428,70,11,93,7,-9.928875321549777,4
2429,18,14,55,9,-9.949790942140542,5
2430,87,50,55,33,-9.957250285763632,17
2431,32,30,111,18,-9.962416908002066,12
2432,38,24,111,15,-9.966212518632437,9
2433,23,20,90,13,-9.96715448150969,7
2434,34,17,76,11,-9.994247540573088,6
2435,30,11,88,6,-10.024835723736619,5
2436,34,14,37,9,-10.040882054419711,5
2437,10,30,84,19,-10.110326059838856,11
2438,74,29,103,20,-10.120878103689181,9
2439,65,23,110,15,-10.151511833678441,8
2440,50,18,93,11,-10.176089661409483,7
2441,38,10,60,6,-10.186949801542625,4
2442,9,74,28,46,-10.2354653730454,28
2443,6,16,26,11,-10.241752287967037,5
2444,9,29,17,19,-10.257069894218064,10
2445,71,10,88,7,-10.263450457417434,3
2446,87,10,39,6,-10.267299551613329,4
2447,106,12,6,7,-10.289436711507506,5
2448,89,14,8,9,-10.313019177206712,5
2449,86,34,2,23,-10.313582839210689,11
2450,9,23,34,14,-10.326274877348238,9
2451,37,17,55,11,-10.347580720729054,6
2452,50,24,65,16,-10.363532140430609,8
2453,76,21,70,14,-10.3832919130965,7
2454,17,10,29,7,-10.39598522715346,3
2455,75,10,98,7,-10.422827528026357,3
2456,76,21,46,15,-10.423738421119205,6
2457,85,13,88,9,-10.474485947559346,4
2458,79,37,26,23,-10.48182801922156,14
2459,8,17,110,12,-10.493443474648162,5
2460,20,20,16,12,-10.506071972360004,8
2461,48,20,90,13,-10.529740615590345,7
2462,79,34,20,23,-10.53719224502861,11
2463,32,12,6,8,-10.5718983874489,4
2464,41,39,54,26,-10.593430312504074,13
2465,5,17,87,11,-10.594673728658039,6
2466,108,12,16,8,-10.59750213184003,4
2467,101,10,65,6,-10.616476001261296,4
2468,104,15,54,10,-10.631063301403966,5
2469,39,10,48,6,-10.63665306077639,4
2470,58,13,38,9,-10.642287291889899,4
2471,109,16,107,10,-10.668493285549742,6
2472,44,35,6,22,-10.67278245600393,13
2473,41,14,37,9,-10.69447624326301,5
2474,103,50,65,34,-10.69843242130798,16
2475,85,10,91,5,-10.702453755941068,5
2476,6,29,87,19,-10.703931695338108,10
2477,79,22,13,16,-10.706303513694023,6
2478,88,16,73,11,-10.709173893318198,5
2479,66,12,107,8,-10.732234223681386,4
2480,11,10,39,8,-10.73458432154008,2
2481,18,14,23,10,-10.769319649937687,4
2482,23,16,17,11,-10.781653305644483,5
2483,38,13,48,9,-10.806930719021558,4
2484,41,48,98,30,-10.835326353590224,18
2485,86,18,49,10,-10.913471544367308,8
2486,20,38,26,25,-10.94603615247926,13
2487,2,11,13,8,-10.953261699605443,3
2488,43,10,30,7,-10.958461383133036,3
2489,56,10,87,7,-10.97544493784176,3
2490,6,14,38,10,-11.005398790381081,4
2491,106,15,55,10,-11.019586743651415,5
2492,110,12,98,8,-11.026999619900332,4
2493,88,14,106,10,-11.032539916989034,4
2494,103,13,13,8,-11.054952217566056,5
2495,16,20,30,14,-11.05670639382778,6
2496,54,30,63,19,-11.070804548887914,11
2497,28,10,35,7,-11.074308940964794,3
2498,74,17,34,11,-11.09572000448517,6
2499,104,10,74,7,-11.124138818031259,3
2500,37,19,93,13,-11.13537305772806,6
2501,88,38,98,27,-11.14860741726199,11
2502,28,10,15,7,-11.176545961741331,3
2503,11,14,106,11,-11.203083608282181,3
2504,44,18,65,11,-11.219859746185271,7
2505,29,21,30,13,-11.231145218657787,8
2506,6,29,107,19,-11.291567068221694,10
2507,2,10,39,6,-11.302944205280658,4
2508,54,15,11,10,-11.306071170308833,5
2509,103,22,2,16,-11.358008021341288,6
2510,109,10,88,7,-11.374737203817379,3
2511,107,13,46,10,-11.378200575342321,3
2512,41,20,17,15,-11.462467383182341,5
2513,28,17,43,12,-11.503038032270851,5
2514,70,28,16,20,-11.54427586863591,8
2515,7,10,107,7,-11.561152440630659,3
2516,109,22,38,15,-11.561969316834697,7
2517,102,16,65,10,-11.565057266886953,6
2518,109,12,63,9,-11.567490331771888,3
2519,13,18,16,12,-11.568229122492735,6
2520,18,16,65,11,-11.593628436717696,5
2521,103,26,30,18,-11.594512781464298,8
2522,85,10,93,7,-11.596564222959241,3
2523,88,15,32,11,-11.622595612385652,4
2524,15,17,98,11,-11.628891195956705,6
2525,55,18,10,11,-11.634204977110194,7
2526,93,13,73,9,-11.6698926319616,4
2527,1,15,93,11,-11.687642643688712,4
2528,75,13,93,8,-11.701725422413729,5
2529,20,13,18,8,-11.715025972179685,5
2530,62,13,70,8,-11.719880801732709,5
2531,26,15,23,10,-11.729655071897735,5
2532,79,10,15,7,-11.756403792330063,3
2533,98,18,104,11,-11.758094591275455,7
2534,107,14,1,9,-11.758251767033554,5
2535,46,14,26,9,-11.785571142877396,5
2536,103,29,93,19,-11.801085216233043,10
2537,109,14,50,9,-11.809368464557789,5
2538,112,14,28,9,-11.811196680681133,5
2539,9,11,58,8,-11.82226661915616,3
2540,62,15,23,11,-11.828374088275872,4
2541,37,17,85,13,-11.836833776252561,4
2542,108,10,55,7,-11.84620249489241,3
2543,17,26,28,18,-11.85039633513082,8
2544,109,14,43,9,-11.866460109925436,5
2545,87,44,26,29,-11.871386146117102,15
2546,1,11,9,7,-11.88637849875501,4
2547,17,13,18,8,-11.905263091036245,5
2548,65,11,14,8,-11.952914938466222,3
2549,65,22,49,14,-11.960634834980652,8
2550,109,19,74,12,-11.981116452380181,7
2551,70,11,29,8,-12.030336124564109,3
2552,30,15,93,10,-12.041707290163442,5
2553,68,12,50,9,-12.064088450415992,3
2554,6,18,18,12,-12.078104024118801,6
2555,112,11,79,8,-12.089617166544242,3
2556,109,15,91,10,-12.09037191037832,5
2557,103,11,58,8,-12.093407699535737,3
2558,18,12,91,8,-12.136074421735435,4
2559,41,20,93,15,-12.152619394683914,5
2560,109,11,10,7,-12.166039484484626,4
2561,109,14,86,9,-12.170604658385878,5
2562,86,20,70,13,-12.190269214891444,7
2563,41,24,32,15,-12.295470101415006,9
2564,26,12,93,8,-12.342400061412198,4
2565,97,11,9,7,-12.349501112253755,4
2566,20,15,63,10,-12.379288310929555,5
2567,71,13,98,9,-12.38994380161308,4
2568,108,10,86,7,-12.412079407765814,3
2569,23,18,20,13,-12.419097927334022,5
2570,2,23,55,15,-12.42326535142481,8
2571,62,22,93,15,-12.439036445917942,7
2572,50,17,30,11,-12.478426478717187,6
2573,52,11,86,8,-12.486992442062455,3
2574,84,14,15,10,-12.488568021465507,4
2575,48,12,104,9,-12.498145078794368,3
2576,86,10,13,7,-12.514933779078893,3
2577,66,15,8,11,-12.57730249455607,4
2578,98,25,32,17,-12.60897292614075,8
2579,8,12,3,9,-12.625631089351694,3
2580,50,19,32,12,-12.634950501359127,7
2581,9,21,46,13,-12.652533384487015,8
2582,11,18,55,13,-12.657155582068782,5
2583,103,33,20,24,-12.666531668869954,9
2584,90,11,73,8,-12.699639901607055,3
2585,111,21,73,14,-12.761253099258202,7
2586,109,28,54,19,-12.824426413749991,9
2587,17,14,86,10,-12.845058614378045,4
2588,9,37,93,26,-12.871076607744827,11
2589,48,17,51,13,-12.926828220690846,4
2590,62,24,55,16,-12.942821418799412,8
2591,39,10,86,6,-12.987296656610644,4
2592,43,18,55,12,-13.012921035450152,6
2593,9,24,30,17,-13.086601208658113,7
2594,109,17,55,12,-13.091080409868953,5
2595,98,42,55,30,-13.140193161103365,12
2596,41,30,107,19,-13.154593566297324,11
2597,103,11,43,7,-13.18571482888933,4
2598,89,10,58,7,-13.242354787086834,3
2599,109,24,26,17,-13.281044125686407,7
2600,73,12,89,8,-13.292782754035754,4
2601,62,12,30,8,-13.325811773490164,4
2602,91,10,112,7,-13.34887289439105,3
2603,87,21,106,16,-13.46202756924189,5
2604,73,15,13,10,-13.471561712276635,5
2605,62,27,107,18,-13.491527071908129,9
2606,48,15,20,11,-13.50576806634232,4
2607,38,23,74,15,-13.50724395592576,8
2608,9,17,63,11,-13.554826580141608,6
2609,37,20,111,13,-13.57504840749371,7
2610,43,17,26,13,-13.59933768355571,4
2611,13,17,84,11,-13.614397809771184,6
2612,13,10,37,7,-13.71058873552403,3
2613,71,20,8,13,-13.739907398566018,7
2614,73,16,38,10,-13.771113964229546,6
2615,8,12,77,9,-13.772928583045534,3
2616,43,14,93,10,-13.775006273083642,4
2617,51,10,34,7,-13.832212239769484,3
2618,50,11,26,8,-13.83833866908602,3
2619,109,12,70,9,-13.902253335630233,3
2620,54,27,30,19,-13.923397923845725,8
2621,107,35,26,27,-13.95146533006327,8
2622,9,20,57,15,-13.952239963411907,5
2623,85,14,30,10,-14.008346410378737,4
2624,75,16,55,12,-14.096444434720206,4
2625,76,14,57,10,-14.156354151485946,4
2626,11,11,50,8,-14.195922492395967,3
2627,8,10,60,7,-14.262033464961128,3
2628,70,16,107,11,-14.267288142846661,5
2629,70,12,90,9,-14.290264472561063,3
2630,79,25,63,18,-14.291969591970714,7
2631,91,11,46,8,-14.304066831342237,3
2632,50,10,104,7,-14.369017199502489,3
2633,88,12,26,8,-14.385453144142543,4
2634,48,16,93,12,-14.392053755515036,4
2635,109,23,32,16,-14.41108162475205,7
2636,38,26,55,18,-14.425488233223774,8
2637,20,26,29,18,-14.478890408494554,8
2638,73,11,48,8,-14.582237633015302,3
2639,107,18,32,14,-14.610219857623699,4
2640,13,14,88,8,-14.636848081546901,6
2641,59,14,65,9,-14.654063925888893,5
2642,93,11,90,7,-14.682520064465665,4
2643,62,11,49,7,-14.691411076024673,4
2644,38,25,93,17,-14.706979782976546,8
2645,5,13,37,10,-14.756162408233527,3
2646,48,24,74,16,-14.775548366537821,8
2647,17,11,93,8,-14.792328082005685,3
2648,88,19,90,13,-14.848820731417785,6
2649,41,13,13,9,-14.878152444409187,4
2650,37,15,57,11,-15.067776643574774,4
2651,40,14,84,9,-15.139436492633186,5
2652,18,11,90,8,-15.206260273523743,3
2653,28,26,26,19,-15.211295764909368,7
2654,20,20,62,15,-15.291234725709051,5
2655,6,31,2,22,-15.303923962237263,9
2656,76,16,63,13,-15.315183161564981,3
2657,57,23,8,16,-15.346450747313162,7
2658,28,23,63,17,-15.35752838687412,6
2659,23,24,10,16,-15.417351314064488,8
2660,88,13,70,10,-15.445871190573264,3
2661,66,11,28,7,-15.514046365780626,4
2662,54,11,39,8,-15.528226686771598,3
2663,59,10,16,6,-15.561569445873218,4
2664,106,17,16,12,-15.642006890489661,5
2665,73,12,29,9,-15.669782329836792,3
2666,38,15,17,11,-15.678044683298898,4
2667,79,15,46,10,-15.695062063539162,5
2668,85,10,26,7,-15.738951593013217,3
2669,76,11,93,8,-15.758858341227866,3
2670,62,31,111,23,-15.780695907166118,8
2671,66,14,6,11,-15.817538028688281,3
2672,76,21,2,15,-15.887194817597921,6
2673,63,17,37,12,-15.955493748739714,5
2674,91,12,90,8,-16.09870244517901,4
2675,65,25,30,19,-16.220777761486307,6
2676,37,14,17,9,-16.224073122382876,5
2677,85,14,87,11,-16.255207936397188,3
2678,103,11,59,8,-16.266656443008642,3
2679,103,13,62,9,-16.299156500586875,4
2680,2,10,97,7,-16.396304462522565,3
2681,96,10,49,7,-16.466804604951104,3
2682,69,13,26,10,-16.625965123271836,3
2683,41,10,69,7,-16.634275461416582,3
2684,9,13,5,10,-16.7060467975664,3
2685,109,31,41,26,-16.84086997358483,5
2686,23,15,73,11,-16.845082586610527,4
2687,15,12,38,9,-16.880495720481193,3
2688,54,13,26,8,-16.93978716229654,5
2689,109,17,73,13,-17.085641782719854,4
2690,70,10,46,7,-17.153485710664995,3
2691,89,10,37,8,-17.418835616565143,2
2692,55,10,39,7,-17.520622017928282,3
2693,49,19,88,15,-17.53203455274144,4
2694,28,19,57,15,-17.55982008462565,4
2695,110,10,41,9,-17.607251464829996,1
2696,70,16,63,12,-17.68149233309164,4
2697,9,11,64,8,-17.70787325437998,3
2698,73,12,107,9,-18.009767759901283,3
2699,10,15,38,12,-18.015221595889397,3
2700,52,11,28,9,-18.175295847774855,2
2701,109,34,28,26,-18.178105729133527,8
2702,87,13,58,11,-18.244104920146572,2
2703,1,19,10,15,-18.36953895818594,4
2704,7,13,79,10,-18.40480150019194,3
2705,91,15,34,11,-18.43501821510385,4
2706,75,15,88,12,-18.46157402080457,3
2707,6,15,109,11,-18.568483421277442,4
2708,38,24,26,18,-18.614524044017738,6
2709,2,13,18,10,-18.666944559681195,3
2710,16,17,49,13,-19.10499490357724,4
2711,29,12,110,10,-19.248543702222975,2
2712,38,14,43,10,-19.328461951187712,4
2713,10,19,20,15,-19.474906343573682,4
2714,71,13,62,12,-19.577656350343144,1
2715,109,17,111,13,-19.61874690588408,4
2716,50,15,62,12,-19.69258957665125,3
2717,10,13,41,11,-19.737157878272868,2
2718,103,10,34,9,-19.87880862427678,1
2719,109,31,87,24,-20.05456072585451,7
2720,98,12,51,9,-20.0679948728163,3
2721,50,12,106,10,-20.079875811849202,2
2722,109,12,110,10,-20.16933250309851,2
2723,10,10,17,8,-20.222695302818984,2
2724,37,11,18,9,-20.496733536799674,2
2725,71,10,28,9,-20.618030954774138,1
2726,104,10,37,8,-20.681486856575923,2
2727,110,14,74,11,-20.875047711546735,3
2728,46,22,87,17,-21.04519202673363,5
2729,85,13,20,11,-21.415693679335217,2
2730,70,25,111,19,-21.761941281988644,6
2731,44,11,17,9,-22.072912946241182,2
2732,76,13,90,9,-22.485125782733952,4
2733,85,13,55,10,-22.50219401266605,3
2734,94,10,84,9,-22.762013140609877,1
2735,10,10,26,8,-22.77202326046866,2
2736,41,13,57,11,-23.156162131875274,2
2737,12,10,6,7,-23.420786535379097,3
2738,97,10,65,7,-23.53209680517744,3
2739,86,15,103,13,-23.967936503754764,2
2740,10,11,63,9,-24.09658997724639,2
2741,89,11,55,9,-24.169792122479972,2
2742,112,11,74,9,-24.423385588541223,2
2743,30,11,46,9,-24.436531907478123,2
2744,49,11,26,8,-26.831812890773925,3
2745,43,10,91,10,-27.34458455824453,0
2746,65,11,64,9,-27.72714931249874,2
2747,107,11,19,10,-27.89299298473576,1
