,againstHero,games,hero,losses,shift,wins
0,19,11,107,1,27.89299298473576,10
1,64,11,65,2,27.727149312498728,9
2,91,10,43,0,27.34458455824453,10
3,55,11,89,2,24.169792122479972,9
4,103,15,86,2,23.967936503754764,13
5,65,10,97,3,23.53209680517744,7
6,57,13,41,2,23.15616213187528,11
7,26,10,10,2,22.77202326046866,8
8,84,10,94,1,22.762013140609877,9
9,90,13,76,4,22.485125782733952,9
10,17,11,44,2,22.072912946241175,9
11,111,25,70,6,21.76194128198864,19
12,106,10,48,1,21.682192413413077,9
13,74,14,110,3,20.875047711546735,11
14,28,11,71,1,20.69712045611149,10
15,37,10,104,2,20.681486856575926,8
16,18,11,37,2,20.49673353679967,9
17,110,12,109,2,20.16933250309851,10
18,106,12,50,2,20.07987581184921,10
19,51,12,98,3,20.0679948728163,9
20,41,13,10,2,19.737157878272868,11
21,62,15,50,3,19.692589576651248,12
22,46,12,30,3,19.658771905767804,9
23,62,13,71,1,19.577656350343144,12
24,6,11,12,4,19.32835940292554,7
25,110,12,29,2,19.248543702222978,10
26,88,16,75,3,18.956526305212513,13
27,57,20,28,4,18.917976797154502,16
28,87,22,46,6,18.52263951690414,16
29,79,13,7,3,18.404801500191937,10
30,50,10,46,2,18.256849690438127,8
31,58,13,87,2,18.24410492014657,11
32,28,11,52,2,18.175295847774855,9
33,107,12,73,3,18.009767759901283,9
34,20,14,85,3,17.836149714961596,11
35,64,11,9,3,17.707873254379976,8
36,87,32,109,8,17.701039370075165,24
37,41,10,110,1,17.607251464829996,9
38,88,19,49,4,17.532034552741443,15
39,37,10,89,2,17.418835616565147,8
40,26,11,49,4,17.344464565076983,7
41,106,11,107,2,17.09695089114781,9
42,48,12,73,3,17.093964024864245,9
43,73,17,109,4,17.085641782719854,13
44,26,13,54,5,16.93978716229654,8
45,43,14,38,5,16.91598228541753,9
46,57,15,76,4,16.89647205199251,11
47,38,12,15,3,16.880495720481193,9
48,5,13,9,3,16.7060467975664,10
49,39,13,55,4,16.616243530697464,9
50,49,10,96,3,16.4668046049511,7
51,63,11,10,3,16.316509167938314,8
52,62,13,103,4,16.29915650058687,9
53,59,11,103,3,16.266656443008642,8
54,87,14,85,3,16.25520793639719,11
55,17,14,37,5,16.224073122382876,9
56,30,25,65,6,16.220777761486314,19
57,90,12,91,4,16.098702445179015,8
58,28,12,66,4,16.011877124422664,8
59,37,17,63,5,15.955493748739721,12
60,93,11,76,3,15.758858341227866,8
61,46,15,79,5,15.695062063539163,10
62,17,15,38,4,15.678044683298898,11
63,29,12,73,3,15.669782329836798,9
64,16,17,106,5,15.642006890489665,12
65,16,10,59,4,15.561569445873218,6
66,11,11,46,4,15.49317340113408,7
67,74,11,112,3,15.445414304360199,8
68,63,17,70,5,15.423330820666749,12
69,63,17,20,5,15.406028823982846,12
70,106,22,87,5,15.361850073325638,17
71,63,16,76,3,15.315183161564981,13
72,62,20,20,5,15.291234725709055,15
73,90,11,18,3,15.206260273523743,8
74,84,14,40,5,15.139436492633184,9
75,57,15,37,4,15.067776643574769,11
76,26,24,38,7,14.873702675608982,17
77,90,19,88,6,14.848820731417785,13
78,111,17,109,5,14.83552280759147,12
79,50,12,11,3,14.803596907153391,9
80,93,11,17,3,14.792328082005683,8
81,37,13,5,3,14.756162408233527,10
82,93,25,38,8,14.706979782976543,17
83,49,11,62,4,14.691411076024671,7
84,90,11,93,4,14.682520064465667,7
85,63,18,9,6,14.674068481980962,12
86,88,14,13,6,14.6368480815469,8
87,111,31,62,9,14.463263378850396,22
88,104,11,50,3,14.41968696280469,8
89,93,16,48,4,14.392053755515036,12
90,26,12,88,4,14.385453144142543,8
91,46,11,91,3,14.304066831342244,8
92,63,25,79,7,14.291969591970714,18
93,60,10,8,3,14.262033464961128,7
94,57,21,9,5,14.205802139668359,16
95,28,15,112,5,14.162036513146953,10
96,55,16,75,4,14.09644443472021,12
97,30,14,85,4,14.008346410378739,10
98,30,27,54,8,13.923397923845725,19
99,70,12,109,3,13.902253335630233,9
100,86,16,109,5,13.838248765872814,11
101,38,16,73,6,13.771113964229547,10
102,88,12,109,3,13.730907256228043,9
103,37,10,13,3,13.710588735524032,7
104,46,22,9,8,13.70496575592517,14
105,26,13,69,4,13.66583811938565,9
106,74,25,48,9,13.58747104804324,16
107,107,27,62,9,13.491527071908125,18
108,13,15,73,5,13.471561712276639,10
109,10,24,23,9,13.345513564331808,15
110,30,12,62,4,13.325811773490166,8
111,89,12,73,4,13.292782754035754,8
112,58,10,89,3,13.242354787086834,7
113,70,15,88,4,13.239318163348516,11
114,70,21,86,7,13.225585159799158,14
115,28,34,109,10,13.138369413542863,24
116,55,19,11,5,13.121937681406475,14
117,30,24,9,7,13.086601208658116,17
118,86,10,39,4,12.987296656610644,6
119,51,17,48,4,12.926828220690847,13
120,6,14,66,4,12.900366001703459,10
121,86,14,17,4,12.845058614378047,10
122,54,28,109,9,12.824426413749993,19
123,2,21,76,7,12.801773404860658,14
124,69,10,41,4,12.786110356364535,6
125,26,35,107,9,12.719830578595298,26
126,39,12,54,4,12.719289008108062,8
127,73,11,90,3,12.699639901607053,8
128,107,18,70,6,12.682033904752588,12
129,3,12,8,3,12.625631089351694,9
130,73,15,23,5,12.578415919943863,10
131,8,15,66,4,12.577302494556069,11
132,104,12,48,3,12.498145078794371,9
133,86,11,52,3,12.486992442062455,8
134,93,22,62,7,12.439036445917942,15
135,20,18,23,5,12.419097927334024,13
136,98,13,71,4,12.389943801613084,9
137,9,11,97,4,12.349501112253755,7
138,93,12,26,4,12.342400061412198,8
139,93,20,41,5,12.152619394683915,15
140,58,11,103,3,12.093407699535737,8
141,79,11,112,3,12.089617166544242,8
142,29,11,70,3,12.030336124564109,8
143,38,15,10,4,12.029907406435383,11
144,84,18,13,7,11.935528256500719,11
145,18,13,17,5,11.905263091036245,8
146,43,14,109,5,11.866460109925438,9
147,55,14,85,5,11.860707980162308,9
148,55,10,108,3,11.846202494892411,7
149,85,17,37,4,11.836833776252563,13
150,23,15,62,4,11.828374088275869,11
151,50,14,109,5,11.809368464557789,9
152,26,14,46,5,11.785571142877396,9
153,104,18,98,7,11.758094591275455,11
154,15,10,79,3,11.756403792330063,7
155,39,11,11,2,11.721977739728262,9
156,70,13,62,5,11.719880801732709,8
157,93,13,75,5,11.701725422413729,8
158,93,15,1,4,11.687642643688715,11
159,10,18,55,7,11.634204977110192,11
160,98,17,15,6,11.628891195956703,11
161,32,15,88,4,11.62259561238565,11
162,30,26,103,8,11.5945127814643,18
163,65,16,18,5,11.593628436717697,11
164,16,18,13,6,11.568229122492738,12
165,63,12,109,3,11.567490331771891,9
166,65,16,102,6,11.565057266886955,10
167,38,22,109,7,11.561969316834697,15
168,107,10,7,3,11.56115244063066,7
169,109,15,6,5,11.553622356231047,10
170,16,28,70,8,11.544275868635912,20
171,41,31,109,7,11.540113156994366,24
172,43,17,28,5,11.503038032270851,12
173,17,20,41,5,11.462467383182338,15
174,34,15,91,5,11.445515293888622,10
175,20,17,48,5,11.362684990472749,12
176,2,22,103,6,11.358008021341288,16
177,11,15,54,5,11.306071170308833,10
178,39,10,2,4,11.302944205280658,6
179,13,13,41,5,11.285884419294261,8
180,55,24,62,9,11.2411377363916,15
181,97,11,2,4,11.22646619845986,7
182,65,18,44,7,11.219859746185271,11
183,15,10,28,3,11.176545961741331,7
184,98,38,88,11,11.14860741726199,27
185,8,15,89,5,11.136544141609958,10
186,93,19,37,6,11.135373057728058,13
187,32,23,109,8,11.083621382461542,15
188,87,30,6,10,11.079517220381964,20
189,30,20,16,6,11.056706393827778,14
190,98,12,110,4,11.026999619900328,8
191,63,33,54,12,11.01861659015757,21
192,49,17,16,6,11.010920636133424,11
193,20,19,10,6,11.010427213733353,13
194,38,14,6,4,11.005398790381081,10
195,30,10,43,3,10.958461383133036,7
196,49,18,86,8,10.91347154436731,10
197,98,48,41,18,10.835326353590219,30
198,63,27,28,9,10.785011363380395,18
199,17,16,23,5,10.781653305644484,11
200,93,38,9,12,10.751734078642695,26
201,107,12,66,4,10.732234223681386,8
202,50,13,68,4,10.706461420578247,9
203,91,10,85,5,10.702453755941072,5
204,37,14,41,5,10.694476243263011,9
205,6,35,44,13,10.67278245600393,22
206,38,13,58,4,10.642287291889902,9
207,106,14,109,5,10.63700694173572,9
208,54,15,104,5,10.631063301403962,10
209,65,10,101,4,10.616476001261294,6
210,87,17,5,6,10.594673728658035,11
211,110,17,8,5,10.493443474648158,12
212,10,19,1,6,10.478183626603695,13
213,88,13,85,4,10.474485947559344,9
214,79,12,66,3,10.448674909094285,9
215,63,11,2,4,10.44197984386537,7
216,98,10,75,3,10.422827528026358,7
217,29,10,17,3,10.395985227153457,7
218,32,18,107,5,10.358465103585823,13
219,55,24,2,9,10.348250415358319,15
220,6,12,106,5,10.2894367115075,7
221,88,10,71,3,10.263450457417434,7
222,17,29,9,10,10.257069894218061,19
223,104,29,28,9,10.205736424514111,20
224,60,10,38,4,10.186949801542621,6
225,93,18,50,7,10.176089661409485,11
226,16,16,96,5,10.104952891587164,11
227,37,14,34,5,10.040882054419713,9
228,65,14,59,6,10.036164804159641,8
229,76,17,34,6,9.994247540573088,11
230,90,20,23,7,9.967154481509692,13
231,111,24,38,9,9.966212518632439,15
232,93,11,70,4,9.928875321549775,7
233,106,16,88,5,9.9231692529092,11
234,87,13,17,5,9.922998390575081,8
235,10,14,50,5,9.907166966632534,9
236,107,30,41,12,9.880991735942342,18
237,65,15,96,6,9.851177535683917,9
238,18,14,2,5,9.845101623055177,9
239,111,20,37,8,9.840471570719451,12
240,54,25,76,10,9.821966207421672,15
241,74,37,76,13,9.805593452580656,24
242,93,17,91,6,9.794639196057782,11
243,2,18,73,7,9.793100713864773,11
244,84,13,106,6,9.721232372178164,7
245,73,21,111,8,9.713634051639158,13
246,29,32,38,11,9.681299801122258,21
247,10,21,86,7,9.655898857397647,14
248,98,26,62,10,9.641858129313677,16
249,91,17,50,5,9.605985015453987,12
250,8,12,35,5,9.605315474711038,7
251,41,20,62,7,9.588548331059114,13
252,30,18,70,6,9.585226013483615,12
253,23,22,89,8,9.576875474490599,14
254,74,10,108,4,9.573103573564598,6
255,60,21,65,8,9.571951123571171,13
256,13,11,86,4,9.494734946605222,7
257,6,11,58,4,9.489496457414935,7
258,103,11,19,4,9.481054864710421,7
259,18,17,84,6,9.48013150601899,11
260,64,19,86,7,9.463737237263311,12
261,8,20,71,8,9.460862953446574,12
262,106,15,11,4,9.458751603990255,11
263,30,27,87,9,9.441306317195094,18
264,16,10,52,3,9.438956723678405,7
265,57,11,10,4,9.43267475148189,7
266,48,17,35,6,9.405686959524614,11
267,37,42,86,16,9.39744513090877,26
268,55,22,30,9,9.385734127086305,13
269,86,20,73,7,9.377152492619757,13
270,79,19,75,6,9.342561498216153,13
271,86,11,108,4,9.320443832368008,7
272,55,18,109,6,9.293902461593769,12
273,38,20,86,6,9.280969369301586,14
274,43,14,50,5,9.27474781724881,9
275,110,12,50,4,9.252517401752682,8
276,111,46,54,17,9.235401744617302,29
277,28,14,94,5,9.114148559760046,9
278,93,29,103,11,9.099325117611023,18
279,26,12,32,5,9.09769401619869,7
280,15,12,16,4,9.059606623425509,8
281,84,11,44,4,9.017421120510091,7
282,74,19,18,7,8.9712615057984,12
283,48,18,111,6,8.93792122942067,12
284,107,20,110,8,8.933567921834609,12
285,112,11,50,4,8.921235906620762,7
286,98,19,11,7,8.853737963747768,12
287,11,13,9,5,8.829807571266308,8
288,10,11,85,5,8.810276618143424,6
289,29,10,76,3,8.806443209825622,7
290,23,24,93,10,8.804783518097919,14
291,93,32,84,11,8.779261084845606,21
292,14,12,65,4,8.758437812649733,8
293,74,11,104,4,8.755909416771445,7
294,30,24,37,8,8.742074606758964,16
295,70,20,65,7,8.731970869068393,13
296,41,10,63,3,8.728275875066831,7
297,88,13,30,6,8.726017186809473,7
298,76,16,62,8,8.710475893988358,8
299,48,11,75,3,8.67281534666425,8
300,98,15,68,4,8.664988751550116,11
301,34,10,86,4,8.658891537816718,6
302,65,26,32,10,8.65722618752934,16
303,18,13,51,5,8.656621961728826,8
304,84,50,48,20,8.631355531302614,30
305,84,14,66,5,8.616861190106436,9
306,11,10,76,4,8.560443995014507,6
307,32,25,9,9,8.53109215537152,16
308,20,36,9,12,8.512483355525221,24
309,98,60,65,22,8.49413981702294,38
310,65,36,48,13,8.491868880953179,23
311,55,51,87,18,8.438836173616483,33
312,98,21,1,7,8.436557583367685,14
313,73,21,10,7,8.419335562342072,14
314,50,12,37,5,8.416115951188457,7
315,90,11,89,4,8.396796914570167,7
316,77,12,8,4,8.373441110755328,8
317,30,17,50,7,8.363042610972485,10
318,29,21,107,7,8.362242559101954,14
319,2,44,65,15,8.2859715257456,29
320,76,18,41,7,8.284971187696902,11
321,65,12,58,6,8.279172093518044,6
322,17,30,8,11,8.267140148743708,19
323,111,14,17,6,8.239799794462428,8
324,26,10,16,4,8.231874067384071,6
325,84,20,62,8,8.173255044877312,12
326,32,24,41,10,8.170536046764159,14
327,26,44,87,17,8.146474895568335,27
328,107,18,109,7,8.141176766481435,11
329,10,31,28,10,8.119129269340046,21
330,19,14,9,6,8.117304295019109,8
331,63,19,91,8,8.103504265076275,11
332,54,39,41,14,8.096759700478561,25
333,30,15,10,5,8.08039942607508,10
334,6,12,13,5,8.074590184679876,7
335,13,22,8,8,8.054761378395103,14
336,13,27,28,9,8.03408555040244,18
337,84,10,80,4,8.017548467632206,6
338,90,15,41,6,7.997737246515682,9
339,46,14,107,4,7.972447599312473,10
340,109,12,37,5,7.972273664149992,7
341,71,10,9,4,7.971373091011489,6
342,111,27,86,11,7.962255850113393,16
343,50,18,23,8,7.954175247735129,10
344,11,20,86,9,7.923299451312269,11
345,107,29,6,11,7.905082416130331,18
346,90,17,54,7,7.902652828657513,10
347,74,27,88,9,7.895683127849934,18
348,46,12,86,4,7.89231466244345,8
349,49,14,13,6,7.890029815709072,8
350,109,30,9,12,7.889736540676636,18
351,74,11,12,5,7.8813359238936185,6
352,20,18,49,7,7.854535242795636,11
353,75,17,28,7,7.8516397601466075,10
354,13,14,20,4,7.832853357556731,10
355,30,15,49,6,7.795814319272768,9
356,29,13,109,5,7.7648215544268036,8
357,103,15,109,5,7.74806703390503,10
358,2,36,86,13,7.747083064983168,23
359,55,26,38,11,7.745065833950479,15
360,111,14,85,5,7.729378570457984,9
361,48,11,39,5,7.70641988055944,6
362,23,11,59,4,7.703199044299857,7
363,84,29,85,13,7.671208885189808,16
364,65,24,50,9,7.669757652755209,15
365,98,11,52,5,7.667561966174592,6
366,70,14,74,5,7.664549718106509,9
367,49,22,65,9,7.648203777845676,13
368,87,16,34,6,7.640142491832506,10
369,84,30,10,12,7.620608168656018,18
370,8,57,76,22,7.539034585297876,35
371,91,21,76,8,7.53854735511653,13
372,34,10,38,4,7.513274255260262,6
373,37,17,2,7,7.507204713409891,10
374,43,19,87,7,7.5001879241242175,12
375,39,10,28,3,7.4964272810639105,7
376,93,37,54,12,7.494158499009498,25
377,111,30,32,13,7.463790988299924,17
378,104,10,23,4,7.459802178175596,6
379,70,10,85,4,7.450454709233595,6
380,23,24,37,9,7.440544332640973,15
381,91,38,28,14,7.431307567201398,24
382,8,54,48,21,7.429286832624515,33
383,75,13,9,4,7.420012168869883,9
384,103,29,74,10,7.419118005067162,19
385,41,13,49,4,7.406139067429071,9
386,98,11,112,5,7.3696956099544275,6
387,54,21,10,8,7.316914939103651,13
388,91,36,41,13,7.300459692535227,23
389,2,20,34,8,7.293049000876174,12
390,41,22,86,9,7.286274520016925,13
391,23,15,70,6,7.277989111704888,9
392,46,11,2,4,7.277934272960428,7
393,30,10,73,4,7.27524129591905,6
394,107,32,2,13,7.271923329419916,19
395,74,19,109,8,7.255868408074382,11
396,88,35,54,14,7.22374796783828,21
397,10,19,76,8,7.223608714939963,11
398,87,10,56,4,7.222698791088141,6
399,16,72,9,26,7.203471024821367,46
400,111,13,34,6,7.201437198359541,7
401,84,42,76,19,7.185450456544011,23
402,5,11,6,4,7.175117705775805,7
403,90,12,70,4,7.158523730695325,8
404,98,35,76,14,7.116562365346761,21
405,16,16,89,6,7.102664218068734,10
406,55,37,9,13,7.097058915248295,24
407,10,10,13,5,7.081545477709261,5
408,98,24,34,8,7.0691518153654185,16
409,74,18,106,8,7.0562338073245074,10
410,59,19,79,8,7.0352036880537865,11
411,90,20,48,8,7.032003550157192,12
412,111,20,6,8,7.01838566892247,12
413,8,48,93,18,7.017566439579715,30
414,55,44,98,17,7.014286751503236,27
415,35,11,28,4,7.003809872399808,7
416,90,19,6,8,7.0034906221582,11
417,46,18,8,7,6.992942507225589,11
418,79,11,101,5,6.9908614259308735,6
419,73,10,68,4,6.95394987102174,6
420,18,25,79,11,6.9323311923462425,14
421,90,14,17,6,6.930186835428711,8
422,57,12,74,4,6.9176042424257504,8
423,8,36,38,14,6.910326910265974,22
424,41,45,103,15,6.896034695840802,30
425,65,18,68,8,6.89592459737167,10
426,89,11,87,4,6.890327484533061,7
427,17,20,84,8,6.874361487047255,12
428,87,23,51,10,6.849579899010746,13
429,16,80,86,31,6.828972768016326,49
430,28,11,64,5,6.82253762472366,6
431,32,26,79,10,6.821690929992381,16
432,2,13,75,5,6.811660824328119,8
433,88,21,6,8,6.808639243885847,13
434,76,39,28,16,6.804995058327358,23
435,16,25,85,10,6.790728536327192,15
436,93,14,43,5,6.79067137162001,9
437,55,35,20,15,6.786443158254519,20
438,26,24,109,9,6.785414157125367,15
439,11,12,48,5,6.772695558236367,7
440,73,13,93,5,6.746815708884676,8
441,111,42,41,18,6.742879314894578,24
442,2,36,41,13,6.732225074181361,23
443,84,36,2,15,6.728378551782848,21
444,16,35,74,13,6.725326314137958,22
445,89,11,74,5,6.7140175484003635,6
446,73,16,88,6,6.709173893318198,10
447,79,18,62,8,6.70668334197217,10
448,55,18,37,7,6.702819421850529,11
449,18,24,9,10,6.669379438735331,14
450,74,16,49,7,6.669033870592301,9
451,23,14,18,5,6.63118753114106,9
452,106,18,20,9,6.599002197801564,9
453,74,23,38,10,6.562267688513878,13
454,74,22,73,9,6.551050394072135,13
455,28,54,41,24,6.549671741224454,30
456,14,11,54,4,6.542365287655037,7
457,79,18,70,9,6.541994947083337,9
458,17,13,62,5,6.51109228837904,8
459,93,45,28,18,6.503573178547266,27
460,87,25,18,9,6.500921078177537,16
461,73,36,9,15,6.4959532992484235,21
462,50,18,48,8,6.491842005255667,10
463,23,11,48,5,6.485113687277626,6
464,17,10,10,4,6.479497194252798,6
465,32,16,86,7,6.471177759830174,9
466,30,30,86,9,6.451687926786224,21
467,55,34,54,12,6.445304702920418,22
468,90,10,62,4,6.441503246890602,6
469,12,14,28,5,6.429365216940004,9
470,20,36,79,14,6.4247375509301525,22
471,16,25,91,10,6.409140256729836,15
472,90,12,50,5,6.3963545792520575,7
473,50,19,73,9,6.385008192916682,10
474,15,14,84,5,6.375647385580588,9
475,103,22,88,8,6.368772240906124,14
476,31,10,28,4,6.368565836830035,6
477,28,76,9,33,6.356037724365796,43
478,90,13,104,6,6.344098112647823,7
479,14,11,79,4,6.325200961615044,7
480,106,13,9,5,6.321323922487702,8
481,62,19,54,7,6.312055934230411,12
482,107,22,76,9,6.287203551536317,13
483,6,40,28,16,6.2836176921265,24
484,111,15,44,6,6.282001615200402,9
485,2,17,48,8,6.245081234312723,9
486,8,24,57,10,6.231916416163357,14
487,16,14,108,6,6.212630572758722,8
488,2,11,66,4,6.205381429919993,7
489,34,17,74,7,6.192755247207801,10
490,13,23,79,8,6.185271732408835,15
491,111,11,56,4,6.133528731729061,7
492,28,47,54,19,6.133235347479532,28
493,87,45,41,20,6.130516050826405,25
494,30,14,76,5,6.105099986395528,9
495,70,21,76,8,6.104247467977058,13
496,50,18,20,8,6.0890938736455045,10
497,34,11,51,4,6.074689566682864,7
498,11,15,87,6,6.0579456248612615,9
499,93,15,30,6,6.056393100709427,9
500,54,49,9,20,6.050802275785849,29
501,20,21,88,8,6.044952878900595,13
502,104,13,55,6,6.0405807371615525,7
503,35,13,86,4,6.029699746849705,9
504,74,55,65,22,6.019896580662451,33
505,1,14,107,6,6.012748941227003,8
506,98,48,91,22,6.010481139866045,26
507,49,10,77,5,6.002993751357126,5
508,30,17,107,6,5.992050362775075,11
509,90,35,28,14,5.990386428247876,21
510,87,37,50,15,5.978280802307982,22
511,107,19,34,8,5.973688522150957,11
512,17,10,34,4,5.97086385916694,6
513,80,13,20,6,5.966103974184957,7
514,20,33,103,11,5.96431634987825,22
515,8,23,49,10,5.962799116224744,13
516,89,25,10,10,5.961935346068015,15
517,26,10,85,4,5.960882730964135,6
518,88,18,57,8,5.948241289499034,10
519,86,28,20,12,5.943196269135487,16
520,49,30,98,13,5.930886416801632,17
521,108,11,63,4,5.913584610924988,7
522,76,33,37,12,5.909024236467577,21
523,74,23,29,10,5.905853661332887,13
524,111,71,65,33,5.901383737891229,38
525,86,12,18,5,5.898212622367466,7
526,98,49,103,19,5.894528502030377,30
527,75,22,16,9,5.887098356844422,13
528,17,17,16,7,5.868342075872022,10
529,49,28,87,13,5.837138934523044,15
530,104,12,84,5,5.83583289734061,7
531,46,14,37,6,5.834073346635607,8
532,16,41,88,15,5.829317068897715,26
533,2,11,51,5,5.82458141989376,6
534,1,12,86,5,5.820822605148493,7
535,89,17,84,6,5.806364989397548,11
536,34,19,109,8,5.806108021230174,11
537,84,31,88,12,5.802269848860173,19
538,93,35,87,14,5.801672416811602,21
539,86,25,88,10,5.788259716510343,15
540,15,23,76,9,5.782831260117769,14
541,32,18,54,7,5.782610489553489,11
542,51,14,79,6,5.7725066910082035,8
543,49,24,9,9,5.76893486693949,15
544,38,29,9,13,5.756435186772363,16
545,55,20,76,9,5.742456288243529,11
546,86,35,55,16,5.735415466161969,19
547,5,11,91,6,5.724427643442397,5
548,14,11,48,3,5.715763459513543,8
549,54,28,37,10,5.684646340178299,18
550,43,13,9,6,5.682535108763634,7
551,8,13,56,5,5.662090518526135,8
552,90,31,9,13,5.652779456533463,18
553,41,45,9,17,5.6439057397283525,28
554,26,22,29,8,5.630548836449718,14
555,20,11,44,4,5.615461510594532,7
556,107,31,50,12,5.6109694845727285,19
557,87,53,28,22,5.6037585968390164,31
558,90,25,8,10,5.5991104710270845,15
559,18,20,48,8,5.575542543556776,12
560,107,37,9,18,5.569812143760891,19
561,23,41,8,17,5.530959099012352,24
562,111,36,103,15,5.530917867453256,21
563,50,13,63,5,5.5288357131887285,8
564,46,26,54,10,5.488919057139451,16
565,54,35,38,14,5.47856504565386,21
566,90,22,87,8,5.444051378748757,14
567,109,16,23,6,5.438260955948294,10
568,88,42,76,19,5.437759040300481,23
569,48,13,38,5,5.42579677220132,8
570,94,18,20,7,5.424401699040207,11
571,98,16,5,7,5.424159575226909,9
572,20,26,38,11,5.422962328602487,15
573,55,27,41,13,5.421661683278699,14
574,43,11,103,5,5.4056340195812504,6
575,19,10,28,4,5.405282356849322,6
576,6,27,20,13,5.3915163015983865,14
577,110,23,65,9,5.3850619906564345,14
578,8,66,41,30,5.38335326188138,36
579,87,51,9,22,5.375506038559472,29
580,65,11,66,5,5.361243620827198,6
581,54,11,71,4,5.354693946074447,7
582,104,14,76,6,5.288345369680406,8
583,17,23,79,10,5.280486878224028,13
584,11,14,79,8,5.27378465447808,6
585,63,15,85,7,5.266282773446653,8
586,28,27,89,12,5.259024187289206,15
587,1,10,111,5,5.238983537325087,5
588,79,24,106,11,5.223395278245408,13
589,48,10,108,3,5.22187263856998,7
590,16,16,93,7,5.217988854591054,9
591,55,14,18,6,5.21003106995447,8
592,16,17,57,8,5.190965262638069,9
593,111,10,57,4,5.186942618450884,6
594,104,15,62,6,5.186101581217904,9
595,30,29,8,11,5.181741196459269,18
596,73,24,84,8,5.172867570272621,16
597,46,25,28,10,5.169959329978424,15
598,26,38,20,16,5.156160372920298,22
599,41,29,89,12,5.128070897369617,17
600,103,21,18,9,5.1172633080953505,12
601,87,27,76,11,5.116388437491941,16
602,74,32,107,13,5.114440119847531,19
603,86,39,48,16,5.112975973260383,23
604,70,10,48,4,5.103393723771425,6
605,9,11,1,5,5.096238795529086,6
606,29,25,84,11,5.094046057364016,14
607,18,18,50,8,5.0868481750812755,10
608,63,51,65,22,5.086620838415405,29
609,39,17,63,7,5.052516246166987,10
610,37,17,20,7,5.013455001173635,10
611,79,16,73,7,5.012547822539445,9
612,91,37,9,16,4.981773951662844,21
613,89,10,20,4,4.976403038151212,6
614,6,36,48,16,4.9759109792776925,20
615,10,10,59,5,4.967497448599417,5
616,73,10,85,4,4.960807319232127,6
617,1,17,8,8,4.943313786871868,9
618,86,44,76,20,4.94072401433809,24
619,50,41,79,19,4.936718315955137,22
620,79,45,48,20,4.93545661995572,25
621,11,11,93,6,4.9352888324581015,5
622,46,11,103,5,4.9349144398730305,6
623,63,29,48,12,4.925460408904924,17
624,20,85,65,35,4.907114811270448,50
625,50,29,86,12,4.905965408994344,17
626,65,11,5,5,4.90161537792141,6
627,62,27,9,11,4.876428914210389,16
628,16,22,73,10,4.863726239262455,12
629,38,24,87,10,4.849210013950484,14
630,48,34,54,13,4.83495295155324,21
631,63,17,98,8,4.831641725793668,9
632,89,11,109,5,4.829014520032646,6
633,110,10,28,5,4.821015306608337,5
634,55,29,6,10,4.803715742468646,19
635,8,12,39,6,4.797245812540771,6
636,34,10,103,3,4.7904730345691835,7
637,79,33,107,13,4.787846086295939,20
638,9,21,89,7,4.786570717016554,14
639,111,10,104,4,4.785383853867563,6
640,84,29,34,11,4.780446789091473,18
641,88,15,38,7,4.775099664625831,8
642,16,23,18,9,4.770325303283744,14
643,98,17,94,7,4.761676089313327,10
644,63,32,86,12,4.7602240744735305,20
645,87,38,29,16,4.756132257695766,22
646,88,10,104,4,4.74391725280927,6
647,6,12,32,5,4.741771241477238,7
648,76,21,35,8,4.725447690057796,13
649,23,42,98,17,4.71986953427498,25
650,89,24,65,11,4.719339811655218,13
651,87,14,14,6,4.712999134730352,8
652,109,19,93,8,4.710552248323453,11
653,37,41,8,18,4.7000187472787,23
654,87,15,75,7,4.68733022544958,8
655,26,16,6,6,4.685058896386023,10
656,41,53,20,21,4.672832095577478,32
657,9,29,88,12,4.640775240739044,17
658,16,23,104,10,4.63379333705212,13
659,68,11,87,5,4.6261419910984936,6
660,84,12,39,6,4.6231931515811615,6
661,20,26,109,9,4.6102623005201036,17
662,86,10,15,5,4.60305467364883,5
663,8,101,9,46,4.590254866611679,55
664,8,84,79,40,4.5760241503466785,44
665,2,31,6,13,4.57536971568475,18
666,17,15,48,7,4.57243158960934,8
667,2,37,9,17,4.570200756721712,20
668,55,22,32,9,4.561305856484579,13
669,8,16,96,7,4.548961209547798,9
670,16,43,87,19,4.536987911914145,24
671,28,26,17,11,4.527104650820006,15
672,86,13,14,7,4.5235348439430325,6
673,65,26,109,13,4.522732343847645,13
674,76,34,48,14,4.519965051805255,20
675,86,18,93,8,4.518633091858861,10
676,111,29,93,14,4.510765206652466,15
677,38,38,28,17,4.506160175549613,21
678,9,17,59,7,4.5029610514141964,10
679,29,11,62,5,4.502398822563124,6
680,111,29,91,14,4.500138929465921,15
681,29,21,93,9,4.4989593922467,12
682,8,34,109,15,4.496969100534061,19
683,79,14,5,5,4.4902746931220605,9
684,111,21,29,11,4.484029622528672,10
685,111,25,15,10,4.472513123100842,15
686,9,42,86,18,4.471433189978505,24
687,90,10,13,5,4.435057658973358,5
688,54,18,112,8,4.392236178577867,10
689,29,29,8,13,4.3862864415616,16
690,1,14,65,6,4.384642024421804,8
691,90,21,37,9,4.378553555201822,12
692,54,13,89,5,4.375934710162813,8
693,87,11,94,5,4.375015437142173,6
694,79,13,44,6,4.35641543376227,7
695,93,29,74,11,4.347001281909121,18
696,86,10,82,4,4.344505387617904,6
697,14,20,28,7,4.343832047386857,13
698,16,66,65,30,4.336633855356834,36
699,30,20,48,8,4.312431377271299,12
700,41,20,1,7,4.310885836842606,13
701,85,15,48,6,4.3053632687921874,9
702,32,25,98,11,4.297859841525708,14
703,87,25,88,10,4.293791057606334,15
704,46,21,76,8,4.290697960762892,13
705,86,15,85,8,4.284355640580441,7
706,103,34,28,15,4.283445470085917,19
707,28,22,85,10,4.272972553475371,12
708,37,24,88,10,4.265987830661223,14
709,65,108,9,48,4.259267083972893,60
710,55,16,91,6,4.250002044063523,10
711,58,11,9,4,4.244957448818405,7
712,18,13,49,6,4.243576516469453,7
713,97,11,8,4,4.238412616249588,7
714,29,26,20,11,4.235090000321542,15
715,16,19,62,8,4.231831363925152,11
716,87,30,91,13,4.231572272835857,17
717,50,34,103,15,4.223445001067976,19
718,93,73,65,32,4.214075863061876,41
719,26,24,103,11,4.2106057067079385,13
720,86,61,79,27,4.189673355911446,34
721,65,67,54,31,4.184792592825602,36
722,26,31,65,14,4.172411189315191,17
723,2,16,32,7,4.169077635966495,9
724,44,10,75,4,4.15986118876275,6
725,16,27,6,13,4.159304128363459,14
726,65,23,91,12,4.150101209000142,11
727,16,11,35,5,4.150016684827545,6
728,74,37,91,17,4.145308331268211,20
729,96,10,54,5,4.140831046910959,5
730,103,28,54,13,4.131111544590628,15
731,98,43,107,18,4.125380340144849,25
732,37,39,98,17,4.116775978907109,22
733,16,28,107,12,4.092605442087731,16
734,32,15,38,6,4.090422340111541,9
735,16,69,84,31,4.082924009781385,38
736,87,54,79,26,4.0807363503382055,28
737,98,38,50,18,4.075108597079137,20
738,65,10,75,4,4.061741964132056,6
739,84,15,71,7,4.0469973544528735,8
740,84,30,63,12,4.031569186470382,18
741,10,11,109,5,4.004247407956422,6
742,104,13,10,6,3.98234198179897,7
743,26,26,28,11,3.9790441547640487,15
744,106,18,65,8,3.975631728093709,10
745,14,11,9,4,3.9753531338355614,7
746,51,11,107,4,3.9575121006200358,7
747,23,32,87,13,3.9566444001518777,19
748,93,18,10,7,3.9549788743691674,11
749,5,10,86,4,3.954734926614898,6
750,23,39,84,18,3.9529498437083554,21
751,6,22,73,11,3.947699618921396,11
752,111,39,74,18,3.908635436008302,21
753,94,16,54,8,3.8978006398785645,8
754,96,14,55,6,3.8943089599625167,8
755,48,18,89,8,3.8908343305777393,10
756,98,47,84,21,3.890833745652655,26
757,54,11,106,5,3.884701481955035,6
758,107,51,20,24,3.8838312846611003,27
759,38,14,49,7,3.855128614080598,7
760,23,12,34,6,3.853881899354071,6
761,8,20,75,9,3.8505131421822583,11
762,75,13,50,5,3.8466761360616406,8
763,54,19,51,9,3.840546896941151,10
764,70,29,84,13,3.8363794396011976,16
765,17,16,49,7,3.8354352643495573,9
766,8,27,106,13,3.8307348466644533,14
767,23,40,9,18,3.825851357048053,22
768,32,14,91,7,3.8253106560348464,7
769,8,39,62,18,3.8203580499873473,21
770,93,15,18,7,3.8000555745474087,8
771,86,20,96,9,3.7961531259756,11
772,110,12,103,5,3.7849274590311146,7
773,26,11,110,6,3.7814954576991564,5
774,57,15,55,8,3.7814243990139818,7
775,57,24,84,10,3.7715859171287334,14
776,11,12,84,6,3.7715362491408313,6
777,74,19,55,10,3.7670610658889934,9
778,28,22,49,9,3.761707702389012,13
779,12,10,87,5,3.7542048507224997,5
780,57,12,18,4,3.7525453734501917,8
781,74,25,23,12,3.7522629426872345,13
782,10,20,74,8,3.741560720435788,12
783,48,16,41,7,3.7233952099256955,9
784,84,22,38,9,3.7215580721113755,13
785,60,10,87,5,3.716219490276845,5
786,32,14,10,5,3.709056496740225,9
787,84,37,41,15,3.707826473812251,22
788,32,35,8,16,3.704344714378896,19
789,104,16,87,6,3.675421340584443,10
790,86,14,62,8,3.6646334062582624,6
791,57,17,65,6,3.66200460796526,11
792,16,38,37,15,3.653813418657004,23
793,16,53,98,23,3.64815851331864,30
794,37,12,107,6,3.6430087575288113,6
795,54,37,70,17,3.6330290974610886,20
796,10,12,18,4,3.6042571144804363,8
797,8,79,87,34,3.5885387116654774,45
798,54,41,6,16,3.576182334552821,25
799,29,12,46,5,3.5756011188612877,7
800,50,25,38,11,3.5687465201033057,14
801,74,26,6,11,3.551324451472569,15
802,20,32,84,13,3.5442833935533202,19
803,74,37,86,16,3.508116306911025,21
804,65,13,94,6,3.5056909876146594,7
805,50,10,76,6,3.487054143898756,4
806,86,10,66,5,3.4816650108427076,5
807,9,13,51,6,3.474433870184742,7
808,1,14,55,6,3.472860068937084,8
809,79,10,52,5,3.4646554944881034,5
810,16,15,34,7,3.460781105392662,8
811,23,15,26,7,3.459704667443896,8
812,34,27,79,13,3.454080054186641,14
813,86,12,57,6,3.4531517504498637,6
814,34,18,65,9,3.423205526978699,9
815,106,25,28,10,3.4045118645961985,15
816,23,17,55,8,3.404295001427899,9
817,32,20,84,8,3.403700726822617,12
818,57,12,6,4,3.4000169565132325,8
819,91,12,18,5,3.399195770216398,7
820,37,22,74,10,3.399169911921955,12
821,65,16,15,8,3.3963132917863037,8
822,76,14,13,7,3.383197454645703,7
823,2,14,85,7,3.3798876085075156,7
824,90,19,2,9,3.3730708336092663,10
825,6,26,91,12,3.3700663593758144,14
826,49,18,6,8,3.361990920437635,10
827,111,51,9,25,3.320225202022207,26
828,23,22,86,10,3.3045595000103454,12
829,96,13,28,6,3.296845382526419,7
830,8,70,16,30,3.2814668236435685,40
831,90,31,111,13,3.2679216950842256,18
832,59,11,98,5,3.2664563544762513,6
833,73,30,65,13,3.2644989461981972,17
834,51,26,8,11,3.2614570414763673,15
835,30,21,29,10,3.244422511134119,11
836,76,15,18,6,3.2371919896499475,9
837,49,11,85,5,3.2340490592317157,6
838,74,17,63,8,3.228967223528297,9
839,55,81,8,34,3.2186701274509524,47
840,16,21,20,11,3.2149742659082428,10
841,91,13,37,6,3.1893915884876662,7
842,62,26,28,10,3.1835173498650757,16
843,111,15,75,8,3.1768571401147816,7
844,18,13,88,6,3.1759771370815293,7
845,44,14,8,5,3.1679643082660265,9
846,14,18,8,8,3.164886384508364,10
847,8,75,54,35,3.1596723363646735,40
848,73,16,54,7,3.15458999081358,9
849,87,55,20,25,3.1453113029324316,30
850,23,23,88,10,3.1441600025036927,13
851,13,14,111,6,3.137242431792204,8
852,86,16,104,8,3.0855727010711593,8
853,43,16,65,8,3.0818646979565365,8
854,84,10,52,5,3.070377905456948,5
855,106,15,41,7,3.0700853502959746,8
856,70,15,55,7,3.055120987205429,8
857,28,13,97,7,3.0547375240563244,6
858,62,28,87,12,3.0525441320022706,16
859,26,17,43,7,3.0481873322386313,10
860,9,14,44,8,3.0418979222799787,6
861,51,12,37,5,3.0278831636601384,7
862,38,18,16,9,3.0174584469144032,9
863,51,15,65,7,3.002433018856541,8
864,26,16,89,8,3.0015441091670585,8
865,10,23,48,11,2.9986085364843453,12
866,57,11,109,4,2.9843830658057695,7
867,54,11,75,5,2.9498939570669074,6
868,63,25,16,12,2.9385499386587175,13
869,32,33,28,15,2.9362166355349024,18
870,13,29,9,12,2.9131917778567793,17
871,48,19,107,9,2.902157477779602,10
872,106,16,63,7,2.90172404054518,9
873,2,41,10,18,2.8955248222440733,23
874,28,58,18,27,2.894006651363834,31
875,30,19,6,7,2.8896247906630976,12
876,111,22,76,12,2.8888180973130932,10
877,76,13,109,4,2.8773626055464465,9
878,90,25,107,12,2.8707019854150553,13
879,86,25,91,12,2.8504751291410657,13
880,54,21,29,8,2.8437383782919365,13
881,8,88,107,42,2.8401744909904605,46
882,13,21,48,8,2.837201419133727,13
883,73,20,98,9,2.8332039167724927,11
884,26,47,8,23,2.8321807044990077,24
885,54,21,23,9,2.818710864845722,12
886,103,26,91,14,2.81795550429567,12
887,50,35,2,15,2.816316990905994,20
888,38,55,65,25,2.8065899103574585,30
889,54,28,91,15,2.787809476098936,13
890,87,54,86,24,2.7867333612424976,30
891,17,30,103,13,2.786263791329437,17
892,74,64,8,30,2.785649005272701,34
893,50,38,9,18,2.7826423649599463,20
894,50,15,89,7,2.7678854176457244,8
895,41,40,23,18,2.767380745524291,22
896,79,26,104,10,2.76733655223797,16
897,2,18,23,9,2.7670043698876174,9
898,48,19,103,9,2.74551902113029,10
899,5,11,55,6,2.7381576090645208,5
900,23,14,29,6,2.7325720738957853,8
901,79,25,89,10,2.7323432784581803,15
902,26,14,30,9,2.729526864464305,5
903,48,44,9,19,2.7118293842835715,25
904,6,49,79,23,2.7115589937863547,26
905,103,24,55,11,2.703742749314949,13
906,46,10,18,4,2.6832650728648453,6
907,6,21,86,10,2.6797895540068417,11
908,30,25,38,13,2.6609022960305304,12
909,15,14,8,7,2.659395326985167,7
910,70,27,87,12,2.659290912641029,15
911,20,45,98,20,2.6500663643665137,25
912,109,17,84,8,2.647899017987723,9
913,28,26,11,11,2.640034897702328,15
914,8,42,103,17,2.6366758249260935,25
915,50,22,16,11,2.629651872437497,11
916,111,23,50,10,2.6260965282140734,13
917,28,78,16,36,2.6243189442646955,42
918,9,16,94,8,2.620832608628453,8
919,98,57,54,28,2.6147362809185486,29
920,98,33,29,16,2.599178855969541,17
921,86,38,107,18,2.591896634603515,20
922,38,20,112,9,2.5875581099779743,11
923,48,35,37,17,2.564870406200917,18
924,90,21,16,10,2.556904125602615,11
925,30,10,11,4,2.556482524063204,6
926,91,41,8,20,2.5454365457229,21
927,49,15,48,8,2.5444991556032637,7
928,98,32,10,15,2.5398512725547144,17
929,63,10,49,5,2.5291147398136253,5
930,50,19,29,8,2.5251415163545525,11
931,44,14,16,8,2.522508039167435,6
932,107,20,104,8,2.5122828437738596,12
933,13,24,98,9,2.5115874098276842,15
934,65,50,103,21,2.4835688434443703,29
935,37,15,62,7,2.478947668963917,8
936,26,27,98,15,2.4699465773486544,12
937,41,40,38,19,2.4535603181412866,21
938,51,10,88,5,2.4234787142023793,5
939,55,13,90,6,2.423005519398733,7
940,48,16,96,8,2.406245497976027,8
941,65,82,88,37,2.4015391527263157,45
942,43,22,74,10,2.3993639128069244,12
943,18,18,6,8,2.3903639022739704,10
944,84,18,96,8,2.3900965146375626,10
945,8,25,68,12,2.35813484080187,13
946,58,12,2,5,2.3563851300758447,7
947,79,35,88,14,2.352890279260208,21
948,41,56,79,27,2.337441224056112,29
949,41,11,94,5,2.327533953224649,6
950,63,16,88,8,2.311203767695339,8
951,28,39,37,18,2.3108067440306623,21
952,87,32,54,15,2.279380424010783,17
953,20,13,32,6,2.2751108005385445,7
954,84,78,9,34,2.274353058782541,44
955,13,10,30,4,2.273061958601036,6
956,62,18,32,9,2.263686769900323,9
957,37,40,9,18,2.2628015576501816,22
958,62,10,106,5,2.25172428368668,5
959,103,26,87,12,2.244435120608379,14
960,74,57,28,28,2.2349949672748606,29
961,8,11,58,6,2.225895511877211,5
962,54,12,57,5,2.224387822283533,7
963,8,64,86,28,2.206968534697074,36
964,34,15,48,7,2.1931820160729223,8
965,73,35,41,16,2.1896111209660925,19
966,89,18,98,8,2.1800794132028996,10
967,106,23,86,10,2.1689811636788705,13
968,111,19,46,9,2.165349951686943,10
969,111,54,28,25,2.1618622413747612,29
970,9,11,15,5,2.1575516880448644,6
971,18,10,32,5,2.157224109221358,5
972,29,21,79,10,2.154722811821747,11
973,16,49,41,24,2.1541831229994863,25
974,79,14,80,7,2.1479792322455493,7
975,84,44,111,19,2.142252654485593,25
976,16,37,76,18,2.1381270128695977,19
977,111,33,26,15,2.137133581510591,18
978,32,19,50,10,2.1367023944769645,9
979,54,18,3,9,2.135806802832069,9
980,98,63,2,30,2.135100922237145,33
981,74,51,84,24,2.130543627016558,27
982,65,74,28,34,2.1122562454034908,40
983,34,23,28,10,2.098323974878283,13
984,9,17,104,7,2.074620642084027,10
985,85,22,65,9,2.0630480183814526,13
986,91,18,10,8,2.053920396033922,10
987,30,25,98,10,2.050620342220537,15
988,38,52,98,24,2.0498657703552294,28
989,84,72,65,35,2.037917633089768,37
990,88,20,93,12,2.03337259421067,8
991,87,66,65,30,2.0306725693730434,36
992,39,11,50,5,2.026853272567798,6
993,86,58,54,28,2.0231008694136046,30
994,32,26,16,12,2.021073617693015,14
995,59,14,8,7,2.010238389237962,7
996,85,12,66,6,2.002988916691535,6
997,37,10,71,4,1.989603705819686,6
998,79,59,37,26,1.9886494787106563,33
999,55,10,97,5,1.9884220470048688,5
1000,74,47,9,21,1.9845964496174235,26
1001,103,13,37,6,1.9837820518429876,7
1002,49,11,29,4,1.9792119029563418,7
1003,55,40,88,17,1.9632957995288727,23
1004,50,20,34,11,1.9535612317766191,9
1005,98,13,106,7,1.9401901762662823,6
1006,76,24,6,12,1.937944044447951,12
1007,16,17,11,7,1.9332915209945327,10
1008,62,10,48,4,1.9270832455013291,6
1009,10,13,29,6,1.9268740097605626,7
1010,44,23,28,9,1.9237187237094893,14
1011,70,21,2,9,1.9193005276453519,12
1012,6,22,37,11,1.9187411338779805,11
1013,30,32,79,14,1.9121472837585174,18
1014,54,12,80,6,1.9057144837421112,6
1015,76,10,17,4,1.904894860536603,6
1016,19,15,41,8,1.9044917395497039,7
1017,41,11,61,5,1.903478014849791,6
1018,98,27,18,13,1.877022513938192,14
1019,34,10,90,5,1.875212395692607,5
1020,80,10,107,4,1.8650462408570614,6
1021,49,25,55,14,1.8646594153921858,11
1022,6,39,98,18,1.8448936378969205,21
1023,2,30,111,14,1.8367449192872438,16
1024,54,35,79,17,1.8339047649993603,18
1025,20,22,73,11,1.8197178736344486,11
1026,93,10,85,4,1.8184953609101577,6
1027,65,44,86,21,1.8156726766582987,23
1028,87,25,32,13,1.8019631830327207,12
1029,85,13,76,5,1.8000085206097032,8
1030,50,36,55,19,1.792086937558247,17
1031,30,41,28,19,1.7778543521460957,22
1032,15,20,54,9,1.7760257646065063,11
1033,75,10,76,4,1.7758930355803781,6
1034,71,18,65,9,1.7385086790308775,9
1035,17,12,30,6,1.7366091011141076,6
1036,70,58,8,29,1.7358583823266793,29
1037,16,29,103,14,1.7358551004647216,15
1038,76,10,45,5,1.7263356630732685,5
1039,87,27,37,14,1.717530877322721,13
1040,38,11,76,5,1.699907222636557,6
1041,93,26,107,12,1.6992218170224516,14
1042,91,34,107,15,1.6909803195521649,19
1043,84,74,28,36,1.6900558639107006,38
1044,73,31,8,13,1.6827099795090423,18
1045,91,16,62,8,1.6816681613432138,8
1046,87,12,13,5,1.680290942229875,7
1047,55,15,34,6,1.6636293455071922,9
1048,16,50,54,24,1.6466818532647505,26
1049,88,38,28,19,1.6363199934743273,19
1050,6,49,65,26,1.6288389900978633,23
1051,103,26,6,11,1.6275337563735748,15
1052,55,18,106,8,1.6250614211121264,10
1053,8,48,88,23,1.6139016727137605,25
1054,10,18,90,8,1.612631742744166,10
1055,91,20,88,9,1.6049112097120055,11
1056,2,35,54,17,1.600377605490144,18
1057,20,12,70,5,1.596445977935665,7
1058,17,13,50,6,1.587542514822458,7
1059,104,27,8,11,1.5847929007576513,16
1060,76,10,14,5,1.56343838736732,5
1061,9,35,6,16,1.557967815496838,19
1062,84,11,46,5,1.5536654797415743,6
1063,98,56,74,28,1.5394900322600191,28
1064,6,21,46,9,1.5348461201360555,12
1065,85,12,38,6,1.5317416798467223,6
1066,63,13,14,6,1.5219308064414174,7
1067,74,18,50,9,1.5058020463222817,9
1068,103,12,85,5,1.5052357650596415,7
1069,55,18,43,9,1.4993353058682126,9
1070,8,49,18,23,1.486178193427121,26
1071,2,27,109,11,1.484515892189103,16
1072,5,11,2,6,1.4830828720803892,5
1073,55,39,16,18,1.4680603102859053,21
1074,41,18,18,8,1.4488156792449156,10
1075,50,36,41,18,1.4450486751473977,18
1076,48,29,55,13,1.4425873286154474,16
1077,103,10,57,6,1.4334929374709406,4
1078,8,26,63,13,1.4268346291864697,13
1079,65,10,3,5,1.425825292351592,5
1080,88,31,111,14,1.4213124620809892,17
1081,8,47,20,22,1.420582435666663,25
1082,2,24,38,13,1.4146987667991204,11
1083,51,11,6,4,1.4047930882718538,7
1084,51,26,84,11,1.3946044446619845,15
1085,65,34,10,16,1.3889990791790807,18
1086,80,12,65,5,1.3798310412232357,7
1087,16,32,10,15,1.3769942516048166,17
1088,5,11,20,5,1.3762491741307408,6
1089,63,19,87,9,1.3686247132739577,10
1090,23,14,32,8,1.36299015760623,6
1091,74,12,75,6,1.3554590976430498,6
1092,5,20,28,10,1.3493326587417727,10
1093,29,18,34,10,1.3490741689669339,8
1094,76,30,9,14,1.3464329670764867,16
1095,2,24,30,12,1.3352376592376716,12
1096,62,23,88,11,1.3277639684106675,12
1097,55,16,73,8,1.3250772092992573,8
1098,23,25,6,12,1.3241402538193012,13
1099,37,35,65,16,1.3173393657012906,19
1100,54,36,107,17,1.3157024816601588,19
1101,38,17,106,8,1.3101869215810398,9
1102,87,15,110,7,1.3076573931351647,8
1103,51,20,16,8,1.3014165070786716,12
1104,23,27,107,13,1.2905265733143776,14
1105,63,13,55,6,1.2873537495235194,7
1106,112,12,109,6,1.2807700475171355,6
1107,55,12,17,6,1.2644044388351476,6
1108,8,24,43,12,1.2491635720553627,12
1109,23,42,65,21,1.2395198214726815,21
1110,14,10,16,4,1.2378356380358335,6
1111,84,66,86,31,1.226992302748243,35
1112,17,14,54,7,1.2121687634663056,7
1113,10,25,87,13,1.200382738763758,12
1114,8,19,85,10,1.1861465554197632,9
1115,46,11,70,5,1.185643689343307,6
1116,103,10,1,6,1.178228962480731,4
1117,84,35,55,17,1.1688378376708695,18
1118,109,23,98,11,1.1685291459099245,12
1119,79,76,9,37,1.156057079763386,39
1120,73,25,87,11,1.1555083165045317,14
1121,2,11,44,5,1.1530964006985889,6
1122,96,16,79,7,1.1513538575456803,9
1123,79,36,38,17,1.1399672014475488,19
1124,10,13,88,6,1.116078708489712,7
1125,98,69,8,33,1.112214433038039,36
1126,16,10,56,4,1.1063673005412145,6
1127,6,42,84,20,1.1025381642551553,22
1128,30,25,84,12,1.1014873070906024,13
1129,2,10,14,5,1.0959529328783628,5
1130,65,41,29,18,1.0863542275741345,23
1131,76,15,103,6,1.064891024931597,9
1132,64,11,84,6,1.0531813217300625,5
1133,34,23,9,12,1.0530539128922707,11
1134,107,59,28,30,1.0388077133370084,29
1135,74,16,62,9,1.038357756374001,7
1136,8,92,65,41,1.0360299729293234,51
1137,55,15,51,8,1.0267713251900186,7
1138,54,28,18,13,1.0250295523893804,15
1139,107,36,103,17,1.0215275466090674,19
1140,107,26,63,14,1.0183626357463818,12
1141,48,34,87,16,1.0138064194658996,18
1142,111,48,55,25,1.0066702086145287,23
1143,86,70,28,32,1.0050905216119101,38
1144,79,11,94,5,0.999869198006996,6
1145,32,15,74,7,0.9878312338208298,8
1146,41,16,30,8,0.9850557086879019,8
1147,111,16,68,7,0.9831903657030904,9
1148,91,20,23,10,0.9792678927031672,10
1149,103,44,9,24,0.9734466854109779,20
1150,68,10,16,5,0.9723777343104946,5
1151,70,15,50,8,0.9670623069266762,7
1152,54,44,20,20,0.965531605512796,24
1153,10,11,15,6,0.9620268464624092,5
1154,84,28,49,14,0.9573548536710029,14
1155,20,19,68,10,0.9561217863728688,9
1156,57,15,91,6,0.9462820674582961,9
1157,20,10,66,4,0.9364744036490531,6
1158,2,22,88,10,0.9353035146429401,12
1159,87,50,107,23,0.9336449569119724,27
1160,85,19,9,8,0.9266510351352133,11
1161,13,11,74,5,0.9258529887550367,6
1162,103,12,89,5,0.9245541578032253,7
1163,79,63,111,29,0.9222403087278062,34
1164,60,11,9,6,0.9156618531106675,5
1165,93,15,49,8,0.9146738839447187,7
1166,79,30,93,16,0.8801121352343778,14
1167,62,21,65,9,0.8755953834255741,12
1168,29,12,18,7,0.8741742779448103,5
1169,20,33,30,15,0.8624210657658014,18
1170,107,36,38,18,0.8622209672883362,18
1171,37,11,75,5,0.8613050770633002,6
1172,28,28,70,15,0.8531950542278539,13
1173,103,16,32,7,0.8405021181328091,9
1174,111,44,87,22,0.837629282060696,22
1175,51,11,50,4,0.8347124210353059,7
1176,79,14,35,7,0.82366684970547,7
1177,51,27,86,13,0.7958466347748088,14
1178,49,25,54,13,0.7952964242907768,12
1179,50,54,28,27,0.7876751463214267,27
1180,29,25,9,13,0.7771037627191238,12
1181,70,49,98,24,0.7703441864474497,25
1182,112,17,87,9,0.7591685884445001,8
1183,55,12,13,6,0.7567536850396058,6
1184,28,17,73,7,0.7445408150621146,10
1185,74,46,54,24,0.7444936880816061,22
1186,37,11,73,5,0.7437455399697707,6
1187,46,12,10,6,0.7362386600396065,6
1188,2,38,87,17,0.7210314064467757,21
1189,50,15,88,8,0.6966849372246732,7
1190,98,69,79,36,0.6924215661390296,33
1191,41,23,43,11,0.6921842337130496,12
1192,107,35,55,19,0.6859239006962533,16
1193,39,10,16,4,0.676252099870446,6
1194,8,66,2,34,0.6662102238933972,32
1195,20,42,28,19,0.6643270658589463,23
1196,76,13,20,7,0.6610311160325412,6
1197,65,33,104,18,0.6526567218920184,15
1198,32,10,30,5,0.6490824873820774,5
1199,16,17,1,9,0.638053866963686,8
1200,91,18,44,8,0.6160976329615543,10
1201,55,22,29,12,0.608123085968795,10
1202,79,40,74,17,0.6080488202139609,23
1203,111,37,20,19,0.6068837109506102,18
1204,79,18,49,8,0.6053065369071557,10
1205,62,18,38,9,0.6043816495722358,9
1206,98,20,101,11,0.594870864776421,9
1207,90,20,84,10,0.59409902637174,10
1208,91,14,48,7,0.5907819119756007,7
1209,74,26,46,14,0.5898427855065562,12
1210,75,10,23,5,0.5879055997029298,5
1211,85,18,54,8,0.5876536563899644,10
1212,50,49,84,25,0.579421117265023,24
1213,15,14,2,7,0.5683026145731128,7
1214,8,69,84,35,0.5615927375138012,34
1215,84,42,87,21,0.5614783528974142,21
1216,89,17,111,9,0.5563633904658294,8
1217,74,44,87,23,0.551215304799837,21
1218,8,41,50,21,0.5487710507861748,20
1219,10,18,37,8,0.5468156041706492,10
1220,2,22,62,10,0.5462872756743675,12
1221,66,13,41,7,0.534743534153649,6
1222,104,14,51,7,0.5303101352697448,7
1223,16,47,48,23,0.5276480958458563,24
1224,16,51,2,25,0.525770434070558,26
1225,28,69,79,37,0.5245551332817691,32
1226,84,20,75,10,0.5145024648015456,10
1227,91,13,73,5,0.5133686150476426,8
1228,23,16,30,9,0.4884824633855258,7
1229,32,10,94,5,0.48339556643762405,5
1230,48,22,88,10,0.48151324400012674,12
1231,26,39,41,23,0.4754162497584248,16
1232,107,48,65,22,0.4754062336734706,26
1233,29,32,28,16,0.47285680343469233,16
1234,54,36,50,16,0.4603101193580399,20
1235,98,16,58,9,0.4540736471862188,7
1236,88,18,41,9,0.44177382423880074,9
1237,98,18,85,10,0.441092054257157,8
1238,55,56,65,25,0.43777518537728,31
1239,23,37,103,19,0.4333042786770578,18
1240,79,73,84,35,0.43308669842287767,38
1241,26,11,50,6,0.4324180875363617,5
1242,98,33,93,16,0.4249481440030074,17
1243,9,41,98,18,0.424424835693392,23
1244,109,14,79,7,0.42130275303052095,7
1245,8,22,11,10,0.41489369043415053,12
1246,93,16,55,8,0.39897461255756417,8
1247,48,33,98,17,0.3967785099913375,16
1248,41,13,85,6,0.3897097634286919,7
1249,88,28,107,13,0.3809872191952965,15
1250,28,28,51,14,0.3788224692696466,14
1251,86,10,89,5,0.37250421561620256,5
1252,46,15,98,7,0.3640759967683955,8
1253,70,22,9,10,0.35783800642150543,12
1254,28,10,33,5,0.3490846359805499,5
1255,49,17,91,9,0.3285488305810779,8
1256,5,13,8,5,0.3039377497688787,8
1257,57,19,87,9,0.2857842373592109,10
1258,37,22,70,11,0.26541516331841886,11
1259,54,44,84,21,0.2633931538816796,23
1260,8,81,28,40,0.2541605921306339,41
1261,103,28,38,14,0.2481523476415201,14
1262,84,12,1,6,0.2428062343244942,6
1263,75,15,86,8,0.2300825471728416,7
1264,86,43,98,23,0.2223728806876566,20
1265,87,11,71,6,0.21156446783375316,5
1266,9,22,66,11,0.2105349737722424,11
1267,30,22,74,10,0.20088773846185115,12
1268,29,36,41,18,0.19641039337775912,18
1269,30,18,18,8,0.18809198027763627,10
1270,111,28,23,15,0.1581620727797386,13
1271,26,19,2,10,0.15549736717273138,9
1272,57,14,98,6,0.14718708116915735,8
1273,65,11,39,6,0.14691402253698077,5
1274,6,23,112,11,0.14608972875934934,12
1275,74,40,41,22,0.1069451118325894,18
1276,6,44,8,21,0.09437629853605566,23
1277,6,29,41,15,0.0941275477253323,14
1278,65,21,13,12,0.07590050666658854,9
1279,38,15,110,8,0.07451058664372948,7
1280,85,24,79,13,0.034805559038930234,11
1281,40,14,65,6,0.022138801901295854,8
1282,44,12,50,6,0.017864942319109883,6
1283,52,12,65,6,0.016695640057018696,6
1284,14,24,84,10,0.008311569880515334,14
1285,26,10,86,5,0.004038355127033889,5
1286,16,66,79,34,0.003288919916326923,32
1287,37,15,38,8,0.0011031238349569132,7
1288,38,15,37,7,-0.0011031238349578606,8
1289,86,10,26,5,-0.004038355127033889,5
1290,84,24,14,14,-0.008311569880514716,10
1291,65,12,52,6,-0.016695640057019585,6
1292,50,12,44,6,-0.01786494231910929,6
1293,28,68,2,35,-0.02000837884536816,33
1294,65,14,40,8,-0.022138801901296672,6
1295,91,42,79,20,-0.03503791530017175,22
1296,13,13,107,6,-0.03566165788038671,7
1297,65,81,79,42,-0.04424467295364335,39
1298,76,38,65,18,-0.05184006466891194,20
1299,79,50,103,24,-0.05775390300531491,26
1300,110,15,38,7,-0.07451058664372871,8
1301,13,21,65,9,-0.07590050666659102,12
1302,91,24,30,13,-0.08773892581949116,11
1303,84,47,103,22,-0.09369403051445593,25
1304,41,29,6,14,-0.09412754772533327,15
1305,43,19,20,10,-0.09655439021695145,9
1306,41,40,74,18,-0.10694511183258992,22
1307,17,17,20,9,-0.12665014758012894,8
1308,111,25,30,13,-0.14558741487159338,12
1309,98,14,57,8,-0.14718708116915735,6
1310,87,34,98,16,-0.1724338468755451,18
1311,17,19,74,10,-0.18384205614173943,9
1312,18,18,30,10,-0.18809198027763716,8
1313,16,37,111,20,-0.1929815390724199,17
1314,74,22,30,12,-0.20088773846185182,10
1315,66,22,9,11,-0.21053497377224287,11
1316,71,11,87,5,-0.21156446783375446,6
1317,79,47,76,23,-0.21353395465678998,24
1318,98,43,86,20,-0.22237288068765504,23
1319,86,15,75,7,-0.23008254717284135,8
1320,1,12,84,6,-0.24280623432449092,6
1321,38,28,103,14,-0.24815234764151944,14
1322,84,44,54,23,-0.26339315388167894,21
1323,70,22,37,11,-0.2654151633184179,11
1324,87,19,57,10,-0.28578423735921055,9
1325,84,45,107,22,-0.2882621801005033,23
1326,79,42,55,23,-0.29649786875917394,19
1327,8,13,5,8,-0.30393774976887755,5
1328,10,27,111,13,-0.3114645815059003,14
1329,85,14,107,5,-0.3237721713967271,9
1330,91,17,49,8,-0.32854883058107764,9
1331,43,16,98,8,-0.334919329248079,8
1332,33,10,28,5,-0.3490846359805491,5
1333,9,22,70,12,-0.3578380064215045,10
1334,98,15,46,8,-0.364075996768397,7
1335,89,10,86,5,-0.3725042156162012,5
1336,85,13,41,7,-0.3897097634286919,6
1337,98,33,48,16,-0.3967785099913387,17
1338,55,16,93,8,-0.3989746125575646,8
1339,65,32,17,16,-0.4089458448973926,16
1340,11,22,8,12,-0.4148936904341515,10
1341,79,14,109,7,-0.42130275303052045,7
1342,13,12,2,5,-0.4219932083916736,7
1343,98,41,9,23,-0.42442483569339234,18
1344,93,33,98,17,-0.42494814400300696,16
1345,85,18,98,8,-0.44109205425715736,10
1346,41,18,88,9,-0.4417738242388016,9
1347,50,36,54,20,-0.46031011935803967,16
1348,28,32,29,16,-0.47285680343469205,16
1349,79,40,90,18,-0.4783152360099624,22
1350,88,22,48,12,-0.48151324400012674,10
1351,94,10,32,5,-0.4833955664376234,5
1352,84,59,37,31,-0.5062533674774059,28
1353,73,13,91,8,-0.5133686150476421,5
1354,75,20,84,10,-0.5145024648015465,10
1355,20,23,110,11,-0.5195268671329448,12
1356,48,47,16,24,-0.527648095845856,23
1357,51,14,104,7,-0.5303101352697429,7
1358,41,13,66,6,-0.5347435341536495,7
1359,62,22,2,12,-0.5462872756743683,10
1360,37,18,10,10,-0.5468156041706485,8
1361,98,62,28,33,-0.5510655288758504,29
1362,111,17,89,8,-0.556363390465831,9
1363,79,81,65,40,-0.5589485959558708,41
1364,87,42,84,21,-0.5614783528974139,21
1365,54,18,85,10,-0.5876536563899626,8
1366,23,10,75,5,-0.5879055997029312,5
1367,49,24,107,13,-0.5883775965859891,11
1368,16,37,23,19,-0.5884301363027267,18
1369,48,14,91,7,-0.5907819119756007,7
1370,84,20,90,10,-0.5940990263717392,10
1371,101,20,98,9,-0.5948708647764195,11
1372,39,10,87,5,-0.5972214062189816,5
1373,23,33,79,18,-0.5991196107820859,15
1374,38,18,62,9,-0.6043816495722345,9
1375,29,22,55,10,-0.6081230859687949,12
1376,44,18,91,10,-0.6160976329615553,8
1377,6,19,62,11,-0.6431821395568814,8
1378,28,47,48,25,-0.6449938479600786,22
1379,30,10,32,5,-0.6490824873820789,5
1380,104,33,65,15,-0.6526567218920186,18
1381,29,20,103,10,-0.6578144863835312,10
1382,20,13,76,6,-0.6610311160325401,7
1383,8,63,10,33,-0.6621130971618493,30
1384,101,15,23,7,-0.6750621504160544,8
1385,16,10,39,6,-0.6762520998704448,4
1386,88,15,50,7,-0.6966849372246742,8
1387,46,20,88,10,-0.7203191762918436,10
1388,8,71,111,34,-0.7317959121668131,37
1389,10,12,46,6,-0.7362386600396065,6
1390,73,11,37,6,-0.7437455399697719,5
1391,73,17,28,10,-0.7445408150621152,7
1392,13,12,55,6,-0.7567536850396056,6
1393,87,17,112,8,-0.7591685884445006,9
1394,98,49,70,25,-0.770344186447448,24
1395,37,59,84,29,-0.7815317486516481,30
1396,86,27,51,14,-0.7958466347748083,13
1397,35,14,79,7,-0.8236668497054691,7
1398,74,35,2,18,-0.8333211951916387,17
1399,50,11,51,7,-0.8347124210353059,4
1400,91,21,29,10,-0.8357535316372816,11
1401,70,28,28,13,-0.853195054227853,15
1402,55,57,28,26,-0.8539541228955914,31
1403,10,51,79,29,-0.8544891772527285,22
1404,38,18,91,10,-0.8605561818804589,8
1405,75,11,37,6,-0.8613050770632995,5
1406,38,36,107,18,-0.8622209672883362,18
1407,30,33,20,18,-0.8624210657658024,15
1408,18,12,29,5,-0.8741742779448094,7
1409,65,21,62,12,-0.8755953834255741,9
1410,85,18,74,9,-0.8842572167875924,9
1411,49,15,93,7,-0.9146738839447184,8
1412,111,29,18,15,-0.9151185639276579,14
1413,9,11,60,5,-0.9156618531106686,6
1414,89,12,103,7,-0.9245541578032253,5
1415,9,19,85,11,-0.9266510351352133,8
1416,88,22,2,12,-0.9353035146429405,10
1417,66,10,20,6,-0.9364744036490535,4
1418,91,15,57,9,-0.9462820674582971,6
1419,49,28,84,14,-0.9573548536710035,14
1420,15,11,10,5,-0.9620268464624092,6
1421,50,15,70,7,-0.9670623069266775,8
1422,16,10,68,5,-0.9723777343104946,5
1423,68,16,111,9,-0.9831903657030906,7
1424,79,66,16,33,-0.985013914878182,33
1425,30,16,41,8,-0.9850557086879017,8
1426,91,23,20,11,-0.9903622576025491,12
1427,74,34,20,17,-0.9993227738016515,17
1428,94,11,79,6,-0.9998691980069959,5
1429,28,70,86,38,-1.0050905216119117,32
1430,41,33,70,17,-1.0073100144887814,16
1431,87,34,48,18,-1.0138064194658998,16
1432,41,13,75,7,-1.0160682715228835,6
1433,63,26,107,12,-1.018362635746382,14
1434,18,28,54,15,-1.02502955238938,13
1435,51,15,55,7,-1.0267713251900197,8
1436,98,32,90,17,-1.0267736789331345,15
1437,103,10,75,5,-1.035188460357086,5
1438,112,10,8,5,-1.0357746876565699,5
1439,55,42,79,20,-1.0370705274338399,22
1440,62,16,74,7,-1.0383577563740003,9
1441,89,13,6,6,-1.0487640819634654,7
1442,2,27,20,14,-1.0527389396756568,13
1443,103,15,76,9,-1.0648910249315973,6
1444,73,20,103,10,-1.0728746625988024,10
1445,90,20,86,11,-1.0796399854463752,9
1446,93,32,20,18,-1.0806886823588873,14
1447,84,73,79,39,-1.0858574962838596,34
1448,29,41,65,23,-1.0863542275741362,18
1449,14,10,2,5,-1.0959529328783617,5
1450,84,25,30,13,-1.1014873070906033,12
1451,84,42,6,22,-1.1025381642551555,20
1452,56,10,16,6,-1.1063673005412131,4
1453,23,41,28,21,-1.118601283133015,20
1454,90,31,65,15,-1.128136180930446,16
1455,57,17,79,8,-1.150375041697049,9
1456,79,16,96,9,-1.1513538575456796,7
1457,65,81,41,44,-1.1521295696669458,37
1458,44,11,2,6,-1.1530964006985882,5
1459,87,25,73,14,-1.155508316504531,11
1460,34,10,1,4,-1.158449896925856,6
1461,48,47,28,23,-1.1669713884250352,24
1462,55,35,84,18,-1.1688378376708695,17
1463,1,10,103,4,-1.178228962480731,6
1464,111,49,98,25,-1.1971941446177512,24
1465,107,36,111,18,-1.1978257080625474,18
1466,87,25,10,12,-1.200382738763757,13
1467,23,37,16,19,-1.2113990211273438,18
1468,54,14,17,7,-1.212168763466305,7
1469,16,10,14,6,-1.2378356380358353,4
1470,34,16,20,7,-1.2594847004342105,9
1471,17,12,55,6,-1.2644044388351479,6
1472,90,40,79,23,-1.2705532967066155,17
1473,109,12,112,6,-1.2807700475171353,6
1474,55,13,63,7,-1.2873537495235183,6
1475,107,27,23,14,-1.2905265733143787,13
1476,16,20,51,12,-1.3014165070786727,8
1477,110,15,87,8,-1.307657393135164,7
1478,106,17,38,9,-1.3101869215810407,8
1479,103,47,84,26,-1.3117535282727075,21
1480,107,36,54,19,-1.3157024816601586,17
1481,79,69,98,34,-1.3171638313764082,35
1482,65,35,37,19,-1.3173393657012917,16
1483,87,44,74,22,-1.3188224711812568,22
1484,90,32,98,16,-1.3246080262099156,16
1485,73,16,55,8,-1.3250772092992573,8
1486,88,23,62,12,-1.3277639684106675,11
1487,30,24,2,12,-1.33523765923767,12
1488,91,15,109,7,-1.3373257862259469,8
1489,9,30,76,16,-1.3464329670764872,14
1490,34,18,29,8,-1.3490741689669334,10
1491,28,20,5,10,-1.3493326587417735,10
1492,75,12,74,6,-1.355459097643048,6
1493,32,14,23,6,-1.3629901576062295,8
1494,87,19,63,10,-1.3686247132739588,9
1495,59,16,41,9,-1.3704315284875221,7
1496,107,45,84,24,-1.3715497473547231,21
1497,20,11,5,6,-1.3762491741307412,5
1498,23,15,76,7,-1.3791825091008199,8
1499,65,12,80,7,-1.379831041223236,5
1500,65,31,90,17,-1.3800043045554724,14
1501,74,18,90,9,-1.39415986244323,9
1502,84,26,51,15,-1.3946044446619839,11
1503,41,81,65,39,-1.4041433009139985,42
1504,6,11,51,7,-1.4047930882718551,4
1505,43,18,107,9,-1.4171119653199424,9
1506,111,31,88,17,-1.4213124620809878,14
1507,3,10,65,5,-1.425825292351591,5
1508,63,26,8,13,-1.4268346291864686,13
1509,57,10,103,4,-1.43349293747094,6
1510,55,29,48,16,-1.442587328615448,13
1511,17,43,98,22,-1.4651649500523514,21
1512,2,11,5,5,-1.48308287208039,6
1513,109,27,2,16,-1.4845158921891026,11
1514,85,12,103,7,-1.505235765059642,5
1515,50,18,74,9,-1.5058020463222825,9
1516,62,19,6,9,-1.506313038221411,10
1517,98,43,17,23,-1.5166447539243209,20
1518,14,13,63,7,-1.5219308064414179,6
1519,6,14,50,8,-1.5219443856325081,6
1520,38,12,85,6,-1.5317416798467212,6
1521,74,56,98,28,-1.5394900322600193,28
1522,46,11,84,6,-1.553665479741575,5
1523,6,35,9,19,-1.5579678154968377,16
1524,14,10,76,5,-1.56343838736732,5
1525,29,16,16,9,-1.5836522711307057,7
1526,8,27,104,16,-1.5847929007576513,11
1527,70,12,20,7,-1.5964459779356666,5
1528,54,35,2,18,-1.600377605490145,17
1529,90,14,20,8,-1.6037651598069205,6
1530,88,20,91,11,-1.604911209712006,9
1531,18,24,107,12,-1.6070768279181384,12
1532,90,18,10,10,-1.612631742744166,8
1533,10,19,107,9,-1.6128272357212297,10
1534,88,48,8,25,-1.6139016727137594,23
1535,91,22,84,11,-1.6140489066565649,11
1536,106,18,55,10,-1.6250614211121261,8
1537,28,38,88,19,-1.6363199934743273,19
1538,87,44,111,23,-1.641789170650758,21
1539,79,52,2,27,-1.6438129495322433,25
1540,54,50,16,26,-1.6466818532647505,24
1541,8,26,34,12,-1.667662307737974,14
1542,84,69,8,35,-1.6772378526789344,34
1543,13,12,87,7,-1.680290942229875,5
1544,20,21,112,10,-1.6804120498088793,11
1545,62,16,91,8,-1.6816681613432154,8
1546,8,31,73,18,-1.6827099795090414,13
1547,28,74,84,38,-1.6900558639107024,36
1548,23,18,57,10,-1.6948872060166507,8
1549,18,13,20,7,-1.69876804268239,6
1550,107,26,93,14,-1.6992218170224525,12
1551,76,11,38,6,-1.6999072226365548,5
1552,37,27,87,13,-1.7175308773227205,14
1553,65,38,76,21,-1.7259377131088651,17
1554,45,10,76,5,-1.7263356630732685,5
1555,16,16,29,8,-1.7271978980205005,8
1556,103,29,16,15,-1.735855100464721,14
1557,8,58,70,29,-1.7358583823266789,29
1558,30,12,17,6,-1.736609101114107,6
1559,65,18,71,9,-1.7385086790308772,9
1560,76,10,75,6,-1.7758930355803784,4
1561,54,20,15,11,-1.7760257646065063,9
1562,28,41,30,22,-1.777854352146095,19
1563,84,22,91,12,-1.7835975804372517,10
1564,76,13,85,8,-1.8000085206097036,5
1565,32,25,87,12,-1.8019631830327214,13
1566,93,25,6,13,-1.8024437751588966,12
1567,18,11,85,7,-1.8067340182792189,4
1568,65,48,107,27,-1.8087395670068023,21
1569,86,44,65,23,-1.8156726766582991,21
1570,55,25,49,11,-1.8646594153921843,14
1571,107,10,80,6,-1.8650462408570607,4
1572,90,10,34,5,-1.8752123956926063,5
1573,84,49,50,25,-1.8988208663305233,24
1574,103,14,70,8,-1.9027941936339994,6
1575,61,11,41,6,-1.9034780148497894,5
1576,41,15,19,7,-1.9044917395497039,8
1577,17,10,76,6,-1.9048948605366014,4
1578,80,12,54,6,-1.905714483742113,6
1579,37,22,6,11,-1.9187411338779805,11
1580,28,23,44,14,-1.9237187237094886,9
1581,48,10,62,6,-1.9270832455013296,4
1582,11,17,16,10,-1.9332915209945327,7
1583,111,71,8,40,-1.9370367529151276,31
1584,6,24,76,12,-1.937944044447951,12
1585,6,25,93,13,-1.9383775932498641,12
1586,106,13,98,6,-1.940190176266284,7
1587,34,20,50,9,-1.9535612317766202,11
1588,88,40,55,23,-1.963295799528872,17
1589,10,63,8,32,-1.9653037165737905,31
1590,29,11,49,7,-1.9792119029563418,4
1591,37,13,103,7,-1.9837820518429876,6
1592,41,16,34,9,-1.9846654519938336,7
1593,97,10,55,5,-1.9884220470048688,5
1594,37,59,79,33,-1.9886494787106561,26
1595,8,44,6,24,-1.9887035911204924,20
1596,71,10,37,6,-1.9896037058196856,4
1597,66,12,85,6,-2.002988916691536,6
1598,9,30,10,15,-2.0135222581265264,15
1599,54,58,86,30,-2.023100869413603,28
1600,50,11,39,6,-2.0268532725677986,5
1601,93,20,88,8,-2.033372594210669,12
1602,26,14,73,8,-2.0368384601286986,6
1603,65,72,84,37,-2.0379176330897706,35
1604,98,52,38,28,-2.0498657703552294,24
1605,26,30,9,17,-2.052887996849143,13
1606,10,18,91,10,-2.0539203960339205,8
1607,65,22,85,13,-2.0630480183814526,9
1608,104,17,9,10,-2.0746206420840276,7
1609,28,41,23,22,-2.076585768514958,19
1610,28,57,55,33,-2.0770695705168345,24
1611,8,69,98,37,-2.081911402735009,32
1612,2,52,79,28,-2.0919149974540514,24
1613,28,23,34,13,-2.0983239748782827,10
1614,87,38,2,22,-2.1150735829314953,16
1615,28,81,8,43,-2.1254985806846376,38
1616,84,51,74,27,-2.1305436270165576,24
1617,3,18,54,9,-2.1358068028320694,9
1618,1,15,87,7,-2.138632690920939,8
1619,111,44,84,25,-2.1422526544855915,19
1620,80,14,79,7,-2.1479792322455498,7
1621,46,13,20,8,-2.151765308535924,5
1622,32,10,18,5,-2.1572241092213575,5
1623,15,11,9,6,-2.1575516880448644,5
1624,86,23,106,13,-2.16898116367887,10
1625,98,18,89,10,-2.180079413202899,8
1626,65,56,55,33,-2.198689385702626,23
1627,28,54,50,28,-2.2049267310007177,26
1628,86,64,8,36,-2.206968534697074,28
1629,57,12,54,7,-2.224387822283533,5
1630,58,11,8,5,-2.2258955118772117,6
1631,20,44,54,25,-2.2268078604275408,19
1632,74,29,26,16,-2.2324393914305243,13
1633,106,10,62,5,-2.251724283686679,5
1634,50,14,6,7,-2.2618843791117285,7
1635,9,40,37,22,-2.262801557650182,18
1636,32,18,62,9,-2.2636867699003225,9
1637,32,13,20,7,-2.2751108005385445,6
1638,37,39,28,21,-2.310806744030662,18
1639,88,16,63,8,-2.3112037676953388,8
1640,103,37,23,19,-2.3239729626949814,18
1641,94,11,41,6,-2.3275339532246493,5
1642,43,23,41,13,-2.3652994967791563,10
1643,96,18,84,10,-2.3900965146375626,8
1644,96,16,48,8,-2.4062454979760264,8
1645,88,10,51,5,-2.423478714202382,5
1646,79,24,85,12,-2.448715961670296,12
1647,38,40,41,21,-2.4535603181412866,19
1648,29,27,6,14,-2.45903121181426,13
1649,9,44,103,21,-2.4769487250437585,23
1650,62,15,37,8,-2.4789476689639174,7
1651,88,20,46,11,-2.479680823708157,9
1652,65,49,6,24,-2.47968083130177,25
1653,90,18,74,10,-2.492214654704721,8
1654,2,27,91,15,-2.4984888581051337,12
1655,107,19,10,11,-2.5109118621755364,8
1656,104,20,107,12,-2.51228284377386,8
1657,16,14,44,6,-2.5225080391674344,8
1658,86,66,84,36,-2.523672437632922,30
1659,29,19,50,11,-2.525141516354553,8
1660,76,47,79,26,-2.526760719119433,21
1661,70,33,41,17,-2.5290882561404504,16
1662,49,10,63,5,-2.5291147398136253,5
1663,48,15,49,7,-2.544499155603262,8
1664,8,41,91,21,-2.5454365457229002,20
1665,54,46,74,23,-2.5564589244667184,23
1666,11,10,30,6,-2.5564825240632034,4
1667,23,28,111,14,-2.5579342826864977,14
1668,111,27,10,15,-2.561286831397376,12
1669,37,35,48,18,-2.564870406200917,17
1670,112,20,38,11,-2.5875581099779774,9
1671,107,38,86,20,-2.5918966346035153,18
1672,28,42,20,24,-2.593665900848115,18
1673,29,33,98,17,-2.59917885596954,16
1674,107,24,49,12,-2.600438468942416,12
1675,54,57,98,29,-2.6147362809185486,28
1676,16,22,50,11,-2.6296518724374964,11
1677,11,26,28,15,-2.640034897702328,11
1678,84,17,109,9,-2.647899017987722,8
1679,30,25,111,13,-2.6528736151948067,12
1680,63,11,111,6,-2.656681768070538,5
1681,87,27,70,15,-2.659290912641029,12
1682,8,14,15,7,-2.6593953269851673,7
1683,79,17,57,10,-2.66102787991957,7
1684,98,49,111,27,-2.661784450073085,22
1685,111,13,43,8,-2.669621436422116,5
1686,86,21,6,11,-2.6797895540068413,10
1687,49,18,32,9,-2.688514142434056,9
1688,9,44,48,25,-2.7118293842835715,19
1689,10,30,9,17,-2.725511572413539,13
1690,30,14,26,5,-2.7295268644643054,9
1691,29,14,23,8,-2.732572073895786,6
1692,55,11,5,5,-2.7381576090645208,6
1693,103,19,48,10,-2.7455190211302885,9
1694,104,26,79,16,-2.7673365522379703,10
1695,89,15,50,8,-2.767885417645722,7
1696,2,35,74,19,-2.7699253072024157,16
1697,86,54,87,30,-2.7867333612424976,24
1698,91,28,54,13,-2.7878094760989365,15
1699,12,11,8,6,-2.8009343879230215,5
1700,65,55,38,30,-2.806589910357459,25
1701,23,21,54,12,-2.81871086484572,9
1702,98,20,73,11,-2.833203916772493,9
1703,48,21,13,13,-2.8372014191337267,8
1704,91,25,86,13,-2.8504751291410675,12
1705,74,40,79,24,-2.8525416412592173,16
1706,18,29,111,16,-2.859497108899379,13
1707,107,25,90,13,-2.870701985415053,12
1708,109,13,76,9,-2.877362605546446,4
1709,55,35,107,18,-2.8825505184723004,17
1710,76,22,111,10,-2.8888180973130924,12
1711,32,18,49,10,-2.892278990328854,8
1712,34,16,6,8,-2.8927905205883553,8
1713,63,16,106,9,-2.90172404054518,7
1714,107,19,48,10,-2.9021574777796015,9
1715,20,23,91,13,-2.91310351812833,10
1716,41,36,29,19,-2.9244119186735795,17
1717,16,25,63,13,-2.9385499386587184,12
1718,76,15,23,9,-2.940407468731348,6
1719,75,11,54,6,-2.9498939570669056,5
1720,107,24,18,14,-2.9539171100811985,10
1721,28,62,98,32,-2.9671996057671217,30
1722,74,18,85,10,-2.978897137377882,8
1723,109,11,57,7,-2.9843830658057695,4
1724,48,23,10,12,-2.998608536484347,11
1725,89,16,26,8,-3.0015441091670585,8
1726,65,15,51,8,-3.0024330188565416,7
1727,93,30,79,15,-3.0134454685677112,15
1728,8,11,12,6,-3.0172474302587955,5
1729,16,18,38,9,-3.0174584469144037,9
1730,65,92,8,53,-3.0190450516035905,39
1731,37,12,51,7,-3.027883163660137,5
1732,44,14,9,6,-3.0418979222799787,8
1733,107,28,88,16,-3.04854210260548,12
1734,87,28,62,16,-3.05254413200227,12
1735,97,13,28,6,-3.0547375240563235,7
1736,55,15,70,8,-3.0551209872054277,7
1737,50,41,8,22,-3.0641915082186117,19
1738,41,15,106,8,-3.0700853502959746,7
1739,52,10,84,5,-3.070377905456948,5
1740,65,16,43,8,-3.0818646979565365,8
1741,104,16,86,8,-3.0855727010711593,8
1742,79,56,41,30,-3.1072129437235954,26
1743,28,74,65,41,-3.1290699557356207,33
1744,38,36,79,20,-3.1386740959807797,16
1745,88,23,23,13,-3.1441600025036935,10
1746,90,10,1,5,-3.14882035881255,5
1747,54,16,73,9,-3.1545899908135793,7
1748,94,12,2,7,-3.161881707979729,5
1749,8,18,14,10,-3.164886384508363,8
1750,8,14,44,9,-3.1679643082660283,5
1751,91,14,17,8,-3.16960980301192,6
1752,65,66,87,37,-3.1707364264120983,29
1753,88,13,18,7,-3.1759771370815284,6
1754,75,15,111,7,-3.17685714011478,8
1755,28,26,62,16,-3.1835173498650757,10
1756,37,13,91,7,-3.1893915884876662,6
1757,88,82,65,46,-3.191662609516441,36
1758,86,20,90,10,-3.1994044596730675,10
1759,26,37,79,21,-3.2224103393223973,16
1760,63,17,74,9,-3.228967223528296,8
1761,85,11,49,6,-3.234049059231714,5
1762,87,15,1,9,-3.235954063691745,6
1763,18,15,76,9,-3.237191989649946,6
1764,8,26,51,15,-3.261457041476366,11
1765,65,30,73,17,-3.264498946198197,13
1766,98,11,59,6,-3.2664563544762517,5
1767,111,31,90,18,-3.267921695084226,13
1768,28,13,96,7,-3.29684538252642,6
1769,86,22,23,12,-3.3045595000103467,10
1770,29,21,2,12,-3.316924897230131,9
1771,79,42,91,24,-3.3169616233745067,18
1772,20,34,74,19,-3.3503190272282626,15
1773,51,28,28,15,-3.355622500473763,13
1774,23,20,91,11,-3.3618813048957485,9
1775,6,18,49,10,-3.361990920437636,8
1776,46,26,74,13,-3.371313920505697,13
1777,85,14,2,7,-3.3798876085075156,7
1778,13,14,76,7,-3.383197454645703,7
1779,16,39,55,22,-3.384681405569595,17
1780,15,16,65,8,-3.396313291786303,8
1781,74,22,37,12,-3.399169911921955,10
1782,6,12,57,8,-3.4000169565132334,4
1783,84,20,32,12,-3.403700726822616,8
1784,55,17,23,9,-3.4042950014279,8
1785,28,25,106,15,-3.4045118645962,10
1786,28,54,111,30,-3.413874283084288,24
1787,17,32,65,18,-3.431569242866022,14
1788,57,12,86,6,-3.4531517504498637,6
1789,34,15,16,8,-3.4607811053926616,7
1790,79,51,10,25,-3.461171301661281,26
1791,52,10,79,5,-3.4646554944881034,5
1792,55,14,1,8,-3.472860068937083,6
1793,51,13,9,7,-3.474433870184742,6
1794,2,21,29,11,-3.480852033637943,10
1795,66,10,86,5,-3.4816650108427063,5
1796,76,10,50,4,-3.4870541438987557,6
1797,41,49,16,26,-3.501070366837183,23
1798,94,13,65,7,-3.505690987614661,6
1799,86,37,74,21,-3.508116306911024,16
1800,16,11,46,6,-3.5247066219075394,5
1801,26,33,111,19,-3.5276889460712058,14
1802,84,32,20,19,-3.5442833935533202,13
1803,49,18,79,11,-3.5482844650415624,7
1804,107,50,87,29,-3.564753035737441,21
1805,38,25,50,14,-3.5687465201033057,11
1806,2,68,28,37,-3.5905904493208856,31
1807,23,15,101,9,-3.591604516250614,6
1808,18,12,10,8,-3.6042571144804363,4
1809,16,78,28,43,-3.6054931182734364,35
1810,70,37,54,20,-3.6330290974610886,17
1811,107,12,37,6,-3.64300875752881,6
1812,98,53,16,30,-3.64815851331864,23
1813,111,63,79,37,-3.6508286574398943,26
1814,73,22,20,12,-3.6521774474687554,10
1815,30,24,91,12,-3.6530824425892696,12
1816,37,38,16,23,-3.6538134186570033,15
1817,6,16,34,9,-3.6598684680509215,7
1818,65,17,57,11,-3.66200460796526,6
1819,62,14,86,6,-3.6646334062582624,8
1820,87,16,104,10,-3.6754213405844434,6
1821,41,37,84,22,-3.7078264738122493,15
1822,10,14,32,9,-3.709056496740224,5
1823,87,10,60,5,-3.716219490276847,5
1824,38,22,84,13,-3.721558072111377,9
1825,28,57,74,30,-3.7233949828769197,27
1826,41,16,48,9,-3.723395209925695,7
1827,79,69,28,35,-3.724299799359697,34
1828,10,34,65,19,-3.7403807843221304,15
1829,23,25,74,13,-3.752262942687233,12
1830,18,12,57,8,-3.7525453734501912,4
1831,87,10,12,5,-3.754204850722502,5
1832,49,22,28,13,-3.761707702389012,9
1833,20,14,90,7,-3.770821594805764,7
1834,84,12,11,6,-3.7715362491408313,6
1835,84,24,57,14,-3.7715859171287334,10
1836,55,15,57,7,-3.7814243990139826,8
1837,110,11,26,5,-3.781495457699158,6
1838,2,12,94,6,-3.7839850314965418,6
1839,103,12,110,7,-3.784927459031115,5
1840,96,20,86,11,-3.796153125975599,9
1841,18,15,93,8,-3.8000555745474087,7
1842,98,16,43,9,-3.8123705589147328,7
1843,62,39,8,21,-3.8203580499873464,18
1844,91,14,32,7,-3.8253106560348464,7
1845,106,27,8,14,-3.830734846664452,13
1846,49,16,17,9,-3.8354352643495577,7
1847,29,21,91,12,-3.840820511726981,9
1848,18,18,41,11,-3.84366102932153,7
1849,50,13,75,8,-3.8466761360616393,5
1850,75,20,8,11,-3.850513142182257,9
1851,34,12,23,6,-3.85388189935407,6
1852,49,14,38,7,-3.8551286140805963,7
1853,39,11,65,6,-3.859678420517667,5
1854,9,78,84,46,-3.8632336429297727,32
1855,106,11,54,6,-3.8847014819550334,5
1856,84,47,98,26,-3.8908337456526567,21
1857,89,18,48,10,-3.8908343305777375,8
1858,18,58,28,32,-3.8928661283147465,26
1859,55,14,96,8,-3.8943089599625167,6
1860,54,16,94,8,-3.897800639878564,8
1861,9,30,26,15,-3.917115924375875,15
1862,74,22,43,13,-3.9345782455697673,9
1863,54,32,87,18,-3.9348055085863867,14
1864,112,10,91,5,-3.946754868280294,5
1865,73,22,6,11,-3.9476996189213933,11
1866,86,10,5,6,-3.9547349266148983,4
1867,87,32,23,19,-3.956644400151879,13
1868,107,11,51,7,-3.957512100620035,4
1869,65,42,23,23,-3.9627458762007683,19
1870,9,11,14,7,-3.9753531338355614,4
1871,65,18,106,10,-3.975631728093708,8
1872,26,14,55,8,-3.9805474058369166,6
1873,10,13,104,7,-3.982341981798969,6
1874,98,34,87,20,-3.9852020639548185,14
1875,79,33,23,17,-4.005580416521516,16
1876,103,50,79,29,-4.028559233170849,21
1877,63,30,84,18,-4.031569186470383,12
1878,2,19,26,10,-4.041871884320681,9
1879,98,23,109,13,-4.0431120330253485,10
1880,71,15,84,8,-4.046997354452872,7
1881,10,32,16,18,-4.051397029804468,14
1882,46,21,6,13,-4.0573986299655465,8
1883,10,41,2,24,-4.057775267216063,17
1884,75,10,65,6,-4.061741964132054,4
1885,50,38,98,20,-4.0751085970791365,18
1886,2,63,98,35,-4.0864521676034835,28
1887,107,28,16,16,-4.092605442087732,12
1888,98,39,37,22,-4.11677597890711,17
1889,107,43,98,25,-4.125380340144849,18
1890,54,10,96,5,-4.140831046910959,5
1891,10,16,103,9,-4.145748166667432,7
1892,35,11,16,6,-4.150016684827543,5
1893,91,23,65,11,-4.15010120900014,12
1894,75,10,44,6,-4.15986118876275,4
1895,79,32,30,19,-4.168751842102488,13
1896,32,16,2,9,-4.169077635966493,7
1897,88,35,79,22,-4.181461707831637,13
1898,54,67,65,36,-4.184792592825603,31
1899,79,61,86,34,-4.189673355911444,27
1900,91,30,87,17,-4.231572272835857,13
1901,62,19,16,11,-4.231831363925151,8
1902,85,19,8,10,-4.235296537690964,9
1903,8,11,97,7,-4.238412616249588,4
1904,49,13,18,7,-4.243576516469454,6
1905,98,39,6,23,-4.250381101594533,16
1906,2,66,8,35,-4.265068045066808,31
1907,55,48,111,26,-4.269858150255007,22
1908,85,15,86,7,-4.284355640580441,8
1909,79,35,54,19,-4.285387143638045,16
1910,88,25,87,15,-4.293791057606331,10
1911,48,15,85,9,-4.305363268792187,6
1912,41,39,26,18,-4.308213459712551,21
1913,1,20,41,13,-4.310885836842604,7
1914,48,20,30,12,-4.312431377271299,8
1915,8,64,74,36,-4.313378932159928,28
1916,20,32,93,16,-4.34288408221688,16
1917,28,20,14,13,-4.343832047386856,7
1918,82,10,86,6,-4.344505387617904,4
1919,44,13,79,7,-4.356415433762269,6
1920,2,11,57,7,-4.360321050424336,4
1921,94,11,87,6,-4.375015437142172,5
1922,1,10,90,6,-4.375601097645208,4
1923,89,13,54,8,-4.375934710162814,5
1924,37,21,90,12,-4.378553555201821,9
1925,98,24,13,16,-4.385814205539817,8
1926,8,29,29,16,-4.386286441561601,13
1927,41,36,50,20,-4.39168406813968,16
1928,112,18,54,10,-4.392236178577868,8
1929,20,19,43,10,-4.407702920435093,9
1930,103,20,73,11,-4.408542656876506,9
1931,87,79,8,46,-4.4254425901927545,33
1932,13,10,90,5,-4.435057658973358,5
1933,1,10,34,7,-4.442537367084793,3
1934,76,37,16,20,-4.451124010231458,17
1935,58,16,98,8,-4.454073647186219,8
1936,54,75,8,41,-4.459309093309462,34
1937,110,23,20,13,-4.46357978693552,10
1938,86,42,9,24,-4.471433189978506,18
1939,15,25,111,15,-4.472513123100842,10
1940,29,21,111,10,-4.484029622528673,11
1941,5,14,79,9,-4.4902746931220605,5
1942,93,21,29,12,-4.498959392246701,9
1943,62,11,29,6,-4.502398822563125,5
1944,6,27,29,15,-4.503478704943507,12
1945,23,40,41,23,-4.507259861409941,17
1946,93,29,111,15,-4.510765206652467,14
1947,85,11,18,5,-4.514791288537011,6
1948,93,18,86,10,-4.51863309185886,8
1949,74,15,32,9,-4.519404747582117,6
1950,48,34,76,20,-4.519965051805255,14
1951,109,26,65,13,-4.522732343847644,13
1952,14,13,86,6,-4.523534843943031,7
1953,28,33,32,19,-4.541477323608219,14
1954,96,16,8,9,-4.548961209547797,7
1955,32,22,55,13,-4.5613058564845765,9
1956,20,55,87,31,-4.565013464528237,24
1957,9,37,2,20,-4.570200756721712,17
1958,48,15,17,8,-4.57243158960934,7
1959,20,17,17,9,-4.57611326270597,8
1960,15,10,86,5,-4.603054673648832,5
1961,39,12,84,6,-4.623193151581163,6
1962,87,11,68,6,-4.626141991098492,5
1963,104,23,16,13,-4.63379333705212,10
1964,6,25,23,14,-4.658156288767909,11
1965,79,21,29,12,-4.677275321651237,9
1966,75,15,87,8,-4.687330225449579,7
1967,9,76,79,43,-4.699969329384482,33
1968,93,19,109,11,-4.710552248323455,8
1969,14,14,87,8,-4.712999134730353,6
1970,65,24,89,13,-4.719339811655218,11
1971,35,21,76,13,-4.725447690057797,8
1972,104,10,88,6,-4.74391725280927,4
1973,29,38,87,22,-4.756132257695764,16
1974,86,32,63,20,-4.7602240744735305,12
1975,18,23,16,14,-4.770325303283745,9
1976,38,15,88,8,-4.775099664625832,7
1977,104,10,111,6,-4.78538385386756,4
1978,89,21,9,14,-4.786570717016552,7
1979,39,12,8,6,-4.79724581254077,6
1980,107,88,8,49,-4.800018264357139,39
1981,9,51,111,27,-4.814055936731913,24
1982,28,10,110,5,-4.821015306608336,5
1983,109,11,89,6,-4.829014520032646,5
1984,98,17,63,9,-4.83164172579367,8
1985,13,13,103,7,-4.835710066696813,6
1986,98,25,30,16,-4.849081372286935,9
1987,30,16,23,8,-4.860653795176971,8
1988,73,22,16,12,-4.863726239262454,10
1989,79,49,6,28,-4.8737468593544895,21
1990,9,27,62,16,-4.876428914210389,11
1991,26,29,74,16,-4.880620777148706,13
1992,10,32,98,18,-4.891232977697764,14
1993,6,41,54,26,-4.900522402213304,15
1994,5,11,65,6,-4.901615377921411,5
1995,86,29,50,17,-4.905965408994342,12
1996,48,29,63,17,-4.925460408904924,12
1997,103,11,46,6,-4.934914439873031,5
1998,93,11,11,5,-4.935288832458101,6
1999,48,45,79,25,-4.935456619955719,20
2000,79,41,50,22,-4.936718315955138,19
2001,20,37,111,20,-4.9479559141790075,17
2002,111,36,107,21,-4.95140635788508,15
2003,85,10,73,6,-4.960807319232127,4
2004,16,26,32,15,-4.9645961397192355,11
2005,59,10,10,5,-4.967497448599415,5
2006,48,36,6,20,-4.975910979277691,16
2007,20,10,89,6,-4.97640303815121,4
2008,73,16,79,9,-5.012547822539443,7
2009,20,17,37,10,-5.013455001173632,7
2010,1,17,16,9,-5.031673674933401,8
2011,43,13,111,7,-5.0327903736846205,6
2012,103,36,107,21,-5.041185354126945,15
2013,63,17,39,10,-5.052516246166989,7
2014,79,54,87,29,-5.061728993049676,25
2015,41,16,59,9,-5.075333393683101,7
2016,50,18,18,10,-5.0868481750812755,8
2017,84,25,29,14,-5.0940460573640145,11
2018,65,73,93,42,-5.102964751950764,31
2019,48,10,70,6,-5.103393723771427,4
2020,48,39,86,23,-5.112975973260381,16
2021,107,32,74,19,-5.114440119847535,13
2022,76,27,87,16,-5.11638843749194,11
2023,18,21,103,12,-5.117263308095348,9
2024,28,59,107,32,-5.117941821875611,27
2025,111,11,63,6,-5.123399041237538,5
2026,89,29,41,17,-5.128070897369619,12
2027,20,47,8,28,-5.13696712403145,19
2028,87,26,103,15,-5.13844337309213,11
2029,28,25,46,15,-5.169959329978424,10
2030,84,24,73,16,-5.172867570272622,8
2031,84,39,23,22,-5.174802875601986,17
2032,8,29,30,18,-5.181741196459271,11
2033,62,15,104,9,-5.186101581217904,6
2034,57,10,111,6,-5.186942618450885,4
2035,57,17,16,9,-5.19096526263807,8
2036,93,16,16,9,-5.217988854591054,7
2037,108,10,48,7,-5.22187263856998,3
2038,9,108,65,62,-5.228072138963157,46
2039,111,10,1,5,-5.238983537325088,5
2040,20,27,2,15,-5.25990692131025,12
2041,85,15,63,8,-5.266282773446651,7
2042,79,14,11,6,-5.27378465447808,8
2043,76,14,104,8,-5.288345369680408,6
2044,55,36,50,19,-5.2912924484406485,17
2045,20,16,34,10,-5.293174288205066,6
2046,103,30,17,18,-5.294404276815358,12
2047,9,29,13,18,-5.325424236776197,11
2048,71,11,54,7,-5.354693946074446,4
2049,66,11,65,6,-5.361243620827197,5
2050,6,13,89,8,-5.362805216014631,5
2051,9,51,87,29,-5.375506038559472,22
2052,41,66,8,36,-5.383353261881381,30
2053,20,27,6,14,-5.391516301598387,13
2054,34,15,55,10,-5.397620854847625,5
2055,28,10,19,6,-5.405282356849322,4
2056,41,35,73,20,-5.413974250069213,15
2057,38,26,20,15,-5.422962328602488,11
2058,5,16,98,9,-5.424159575226909,7
2059,20,18,94,11,-5.424401699040208,7
2060,76,42,88,23,-5.437759040300481,19
2061,23,16,109,10,-5.438260955948294,6
2062,87,22,90,14,-5.444051378748758,8
2063,38,25,30,13,-5.45936332609693,12
2064,38,35,54,21,-5.478565045653858,14
2065,54,26,46,16,-5.488919057139451,10
2066,63,13,50,8,-5.52883571318873,5
2067,55,19,74,10,-5.544677661719653,9
2068,74,39,111,22,-5.5496610770339405,17
2069,9,47,74,28,-5.561846570933356,19
2070,79,84,8,45,-5.56829082741472,39
2071,107,34,91,21,-5.572826502829578,13
2072,48,20,18,12,-5.575542543556777,8
2073,55,24,103,14,-5.588813975862993,10
2074,8,25,90,15,-5.599110471027085,10
2075,28,53,87,31,-5.603758596839017,22
2076,50,31,107,19,-5.610969484572729,12
2077,44,11,20,7,-5.615461510594531,4
2078,29,22,26,14,-5.630548836449718,8
2079,29,21,54,14,-5.631822731261375,7
2080,9,45,41,28,-5.6439057397283525,17
2081,9,31,90,18,-5.6527794565334615,13
2082,6,26,103,16,-5.659939287843899,10
2083,50,13,17,8,-5.662435030700867,5
2084,91,29,111,16,-5.664784285354977,13
2085,9,13,43,7,-5.682535108763632,6
2086,37,28,54,18,-5.684646340178298,10
2087,8,81,55,50,-5.710739769980387,31
2088,48,11,14,8,-5.715763459513543,3
2089,91,11,5,5,-5.724427643442397,6
2090,55,35,86,19,-5.735415466161968,16
2091,55,14,26,8,-5.738748859328644,6
2092,76,20,55,11,-5.742456288243527,9
2093,9,29,38,16,-5.756435186772364,13
2094,87,43,16,25,-5.768932160900641,18
2095,9,24,49,15,-5.768934866939488,9
2096,79,14,51,8,-5.772506691008202,6
2097,54,18,32,11,-5.782610489553489,7
2098,88,25,86,15,-5.788259716510342,10
2099,73,14,26,7,-5.793757710550314,7
2100,94,12,8,7,-5.79404543544707,5
2101,88,31,84,19,-5.802269848860177,12
2102,98,45,20,27,-5.804162664706033,18
2103,109,19,34,11,-5.806108021230174,8
2104,84,17,89,11,-5.806364989397548,6
2105,86,12,1,7,-5.820822605148494,5
2106,51,11,2,6,-5.82458141989376,5
2107,37,14,46,8,-5.834073346635607,6
2108,84,12,104,7,-5.8358328973406115,5
2109,87,28,49,15,-5.837138934523044,13
2110,16,17,17,10,-5.868342075872026,7
2111,103,34,50,20,-5.870794196365225,14
2112,16,22,75,13,-5.8870983568444215,9
2113,18,12,86,7,-5.898212622367464,5
2114,37,33,76,21,-5.909024236467577,12
2115,63,11,108,7,-5.913584610924986,4
2116,65,85,20,51,-5.9259349172512685,34
2117,18,27,98,16,-5.93123934771538,11
2118,20,28,86,16,-5.943196269135487,12
2119,57,18,88,10,-5.948241289499034,8
2120,9,38,50,22,-5.95791763717879,16
2121,10,25,89,15,-5.961935346068012,10
2122,49,23,8,13,-5.962799116224744,10
2123,20,13,80,7,-5.966103974184957,6
2124,34,10,17,6,-5.970863859166942,4
2125,34,19,107,11,-5.973688522150958,8
2126,50,37,87,22,-5.978280802307981,15
2127,23,18,2,10,-5.985551573396107,8
2128,28,35,90,21,-5.990386428247877,14
2129,107,17,30,11,-5.992050362775076,6
2130,77,10,49,5,-6.002993751357126,5
2131,91,18,38,10,-6.003578716041363,8
2132,91,48,98,26,-6.010481139866049,22
2133,98,27,26,14,-6.028495429489334,13
2134,86,13,35,9,-6.029699746849703,4
2135,55,13,104,7,-6.0405807371615525,6
2136,88,21,20,13,-6.044952878900595,8
2137,87,15,11,9,-6.057945624861261,6
2138,89,25,79,16,-6.066359313406789,9
2139,20,18,50,10,-6.0890938736455045,8
2140,76,14,30,9,-6.105099986395525,5
2141,54,47,28,28,-6.133235347479538,19
2142,56,11,111,7,-6.133528731729063,4
2143,107,33,79,21,-6.134946595714035,12
2144,18,49,8,29,-6.162362513671736,20
2145,2,21,70,13,-6.1983449727647955,8
2146,66,11,2,7,-6.205381429919995,4
2147,108,14,16,8,-6.212630572758722,6
2148,16,70,8,43,-6.239959202008456,27
2149,48,17,2,9,-6.245081234312723,8
2150,87,24,38,15,-6.25648981898309,9
2151,50,23,111,14,-6.270457745960824,9
2152,44,15,111,9,-6.2820016152004,6
2153,76,22,107,13,-6.287203551536317,9
2154,98,42,23,26,-6.2940458772191406,16
2155,2,51,16,30,-6.303412388206122,21
2156,54,19,62,12,-6.312055934230411,7
2157,9,13,106,8,-6.321323922487702,5
2158,79,11,14,7,-6.3252009616150415,4
2159,111,30,2,18,-6.328590766591992,12
2160,2,35,50,22,-6.328749232565399,13
2161,104,13,90,7,-6.344098112647823,6
2162,28,10,31,6,-6.368565836830035,4
2163,88,22,103,14,-6.368772240906126,8
2164,111,37,16,20,-6.384907661220798,17
2165,50,12,90,7,-6.396354579252059,5
2166,91,25,16,15,-6.409140256729834,10
2167,28,14,12,9,-6.429365216940005,5
2168,8,10,112,6,-6.439047583949824,4
2169,62,10,90,6,-6.4415032468905995,4
2170,109,34,8,20,-6.441539877112137,14
2171,54,34,55,22,-6.44530470292042,12
2172,86,30,30,21,-6.451687926786223,9
2173,9,101,8,58,-6.457930698678457,43
2174,86,16,32,9,-6.471177759830176,7
2175,48,11,23,6,-6.485113687277626,5
2176,48,18,50,10,-6.491842005255668,8
2177,8,35,32,20,-6.494741280760348,15
2178,9,36,73,21,-6.495953299248424,15
2179,28,34,103,20,-6.496510604338202,14
2180,18,25,87,16,-6.500921078177539,9
2181,62,13,17,8,-6.51109228837904,5
2182,70,14,103,7,-6.530155528635705,7
2183,57,18,23,10,-6.535348935161005,8
2184,70,18,79,9,-6.541994947083339,9
2185,54,11,14,7,-6.542365287655037,4
2186,41,54,28,30,-6.549671741224456,24
2187,73,22,74,13,-6.551050394072134,9
2188,68,25,8,14,-6.551836593531009,11
2189,8,41,37,24,-6.567307165665831,17
2190,6,19,30,13,-6.571810356539939,6
2191,20,18,106,9,-6.599002197801563,9
2192,16,21,90,12,-6.632184549525892,9
2193,17,14,91,8,-6.646960274535358,6
2194,79,27,34,15,-6.659864703175689,12
2195,107,14,85,10,-6.660562730066902,4
2196,49,16,74,9,-6.6690338705923,7
2197,9,24,18,14,-6.669379438735331,10
2198,2,14,15,8,-6.68122325045803,6
2199,65,66,16,38,-6.684000677334938,28
2200,37,18,55,11,-6.702819421850531,7
2201,62,18,79,10,-6.706683341972167,8
2202,54,25,49,14,-6.709179862826327,11
2203,9,25,29,14,-6.70933512946719,11
2204,74,11,89,6,-6.714017548400364,5
2205,74,35,16,22,-6.725326314137961,13
2206,111,14,13,9,-6.729510456907126,5
2207,41,36,2,23,-6.7322250741813585,13
2208,41,42,111,24,-6.742879314894576,18
2209,65,51,63,30,-6.764677483560284,21
2210,48,12,11,7,-6.772695558236367,5
2211,28,39,76,23,-6.80499505832736,16
2212,6,21,88,13,-6.808639243885848,8
2213,75,13,2,8,-6.811660824328116,5
2214,64,11,28,6,-6.82253762472366,5
2215,91,26,6,15,-6.823132237906975,11
2216,86,80,16,49,-6.828972768016331,31
2217,51,23,87,13,-6.849579899010746,10
2218,88,13,10,8,-6.861581534296264,5
2219,28,38,38,22,-6.8687841977025155,16
2220,76,44,86,25,-6.885744216665108,19
2221,87,11,89,7,-6.89032748453306,4
2222,84,29,70,17,-6.892839757543657,12
2223,68,18,65,10,-6.895924597371667,8
2224,85,22,28,13,-6.906329356345953,9
2225,74,12,57,8,-6.91760424242575,4
2226,17,14,90,8,-6.930186835428714,6
2227,68,10,73,6,-6.95394987102174,4
2228,101,11,79,6,-6.990861425930873,5
2229,8,18,46,11,-6.992942507225588,7
2230,6,19,90,11,-7.0034906221582,8
2231,28,11,35,7,-7.003809872399808,4
2232,34,29,84,19,-7.009777399581457,10
2233,91,26,103,13,-7.011657257024809,13
2234,65,18,34,10,-7.014904843879228,8
2235,93,48,8,30,-7.0175664395797135,18
2236,6,20,111,12,-7.01838566892247,8
2237,9,40,23,24,-7.023066131343451,16
2238,79,19,59,11,-7.0352036880537865,8
2239,2,19,90,11,-7.054899323538905,8
2240,106,18,74,10,-7.0562338073245074,8
2241,34,24,98,16,-7.069151815365415,8
2242,13,10,10,5,-7.08154547770926,5
2243,9,37,55,24,-7.097058915248293,13
2244,89,16,16,10,-7.102664218068734,6
2245,76,35,98,21,-7.11656236534676,14
2246,103,20,29,12,-7.147753101442872,8
2247,32,16,103,10,-7.165401001930772,6
2248,6,11,5,7,-7.175117705775805,4
2249,65,55,74,34,-7.183532944298815,21
2250,76,42,84,23,-7.185450456544011,19
2251,34,13,111,7,-7.201437198359538,6
2252,6,29,55,20,-7.216182147698299,9
2253,88,29,9,18,-7.216345472997156,11
2254,76,19,10,11,-7.223608714939963,8
2255,54,35,88,21,-7.223747967838282,14
2256,8,41,23,25,-7.226225929875295,16
2257,103,49,98,31,-7.248745608369252,18
2258,2,32,107,19,-7.271923329419919,13
2259,73,10,30,6,-7.2752412959190496,4
2260,2,11,46,7,-7.277934272960428,4
2261,70,15,23,9,-7.277989111704888,6
2262,94,16,9,9,-7.284482029205993,7
2263,86,22,41,13,-7.286274520016925,9
2264,54,34,48,22,-7.286435330191923,12
2265,34,20,2,12,-7.293049000876174,8
2266,41,36,91,23,-7.3004596925352265,13
2267,10,21,54,13,-7.316914939103655,8
2268,103,16,10,9,-7.341759223830171,7
2269,112,11,98,6,-7.369695609954425,5
2270,88,24,37,15,-7.378135194639771,9
2271,8,12,94,7,-7.380839863701195,5
2272,49,13,41,9,-7.40613906742907,4
2273,75,13,41,7,-7.41688145074682,6
2274,9,13,75,9,-7.420012168869883,4
2275,48,54,8,33,-7.429286832624517,21
2276,28,38,91,24,-7.431307567201398,14
2277,37,24,23,15,-7.440544332640971,9
2278,65,71,111,40,-7.44315444932928,31
2279,85,10,70,6,-7.450454709233595,4
2280,23,10,104,6,-7.459802178175598,4
2281,91,37,74,22,-7.484617200527478,15
2282,54,37,93,25,-7.494158499009497,12
2283,38,24,2,13,-7.498014725943601,11
2284,87,19,43,12,-7.500187924124219,7
2285,2,17,37,10,-7.507204713409891,7
2286,38,10,34,6,-7.513274255260262,4
2287,54,28,103,16,-7.519450232339535,12
2288,76,21,91,13,-7.538547355116531,8
2289,74,29,93,19,-7.553419597688056,10
2290,8,47,26,27,-7.578026285413298,20
2291,79,23,17,14,-7.583686995894435,9
2292,41,45,87,26,-7.5997473042409585,19
2293,28,40,6,25,-7.6079577597869825,15
2294,34,16,87,10,-7.640142491832505,6
2295,88,41,16,27,-7.651061867324183,14
2296,74,20,10,13,-7.659112863437717,7
2297,74,14,70,9,-7.664549718106508,5
2298,52,11,98,6,-7.667561966174594,5
2299,85,29,84,16,-7.6712088851898095,13
2300,59,11,23,7,-7.703199044299859,4
2301,39,11,48,6,-7.706419880559436,5
2302,112,21,20,13,-7.71897633781411,8
2303,85,14,111,9,-7.729378570457982,5
2304,9,37,107,20,-7.746230000984192,17
2305,74,19,17,11,-7.746897696537681,8
2306,109,15,103,10,-7.74806703390503,5
2307,48,15,34,9,-7.749875407653939,6
2308,109,13,29,8,-7.7648215544268036,5
2309,49,15,30,9,-7.795814319272768,6
2310,90,13,55,8,-7.804139466218974,5
2311,20,14,13,10,-7.832853357556729,4
2312,38,36,8,23,-7.848513446954377,13
2313,28,17,75,10,-7.8516397601466075,7
2314,49,18,20,11,-7.854535242795636,7
2315,9,49,54,30,-7.862767512170962,19
2316,12,11,74,6,-7.881335923893619,5
2317,9,30,109,18,-7.889736540676633,12
2318,13,14,49,8,-7.890029815709072,6
2319,86,12,46,8,-7.89231466244345,4
2320,88,27,74,18,-7.895683127849934,9
2321,54,17,90,10,-7.902652828657513,7
2322,86,20,11,11,-7.92329945131227,9
2323,29,13,10,8,-7.953877306686606,5
2324,23,18,50,10,-7.954175247735129,8
2325,86,27,111,16,-7.962255850113394,11
2326,9,10,71,6,-7.971373091011489,4
2327,37,12,109,7,-7.972273664149992,5
2328,107,14,46,10,-7.972447599312473,4
2329,34,16,41,9,-7.985588983079854,7
2330,46,12,29,8,-7.990068011062898,4
2331,41,15,90,9,-7.997737246515682,6
2332,80,10,84,6,-8.017548467632208,4
2333,28,27,13,18,-8.03408555040244,9
2334,74,11,13,7,-8.04867506694036,4
2335,2,36,84,22,-8.052052669667614,14
2336,8,22,13,14,-8.054761378395103,8
2337,13,12,6,7,-8.074590184679874,5
2338,10,15,30,10,-8.08039942607508,5
2339,9,72,16,47,-8.101395854046503,25
2340,91,19,63,11,-8.103504265076273,8
2341,9,14,19,8,-8.117304295019109,6
2342,28,31,10,21,-8.119129269340041,10
2343,106,24,79,14,-8.138176166106371,10
2344,109,18,107,11,-8.141176766481436,7
2345,62,20,84,12,-8.173255044877312,8
2346,51,19,54,11,-8.227410100820899,8
2347,16,10,26,6,-8.231874067384071,4
2348,8,17,1,10,-8.238012177466368,7
2349,17,14,111,8,-8.239799794462428,6
2350,8,30,17,19,-8.267140148743708,11
2351,58,12,65,6,-8.279172093518044,6
2352,41,18,76,11,-8.284971187696902,7
2353,59,17,9,11,-8.305936798720639,6
2354,2,12,13,8,-8.314885443127363,4
2355,103,45,41,31,-8.332714422601015,14
2356,89,27,28,16,-8.346076071500882,11
2357,107,21,29,14,-8.362242559101956,7
2358,65,14,1,9,-8.38534721300084,5
2359,109,26,20,18,-8.387495181698934,8
2360,89,11,90,7,-8.396796914570167,4
2361,37,12,50,7,-8.416115951188457,5
2362,10,21,73,14,-8.419335562342074,7
2363,84,69,16,42,-8.425985401928449,27
2364,1,21,98,14,-8.436557583367687,7
2365,6,26,74,17,-8.451739694728484,9
2366,56,13,8,9,-8.47665012859135,4
2367,98,30,49,18,-8.481939269224359,12
2368,48,36,65,23,-8.49186888095318,13
2369,68,19,20,11,-8.49950046367544,8
2370,34,26,8,17,-8.500284414546929,9
2371,9,36,20,24,-8.512483355525223,12
2372,73,19,50,11,-8.522877695723372,8
2373,103,24,26,14,-8.523036763842914,10
2374,9,25,32,16,-8.53109215537152,9
2375,76,10,11,6,-8.56044399501451,4
2376,10,18,93,12,-8.563863748489084,6
2377,2,12,58,8,-8.58540368974784,4
2378,87,35,93,22,-8.595406377397056,13
2379,66,14,84,9,-8.616861190106436,5
2380,48,50,84,30,-8.631355531302612,20
2381,51,13,18,8,-8.656621961728826,5
2382,32,26,65,16,-8.65722618752934,10
2383,86,10,34,6,-8.658891537816714,4
2384,68,15,98,11,-8.664988751550114,4
2385,75,11,48,8,-8.672815346664251,3
2386,76,57,8,36,-8.67576878999055,21
2387,28,45,93,28,-8.67647737011373,17
2388,46,11,16,7,-8.68716865467983,4
2389,9,37,91,23,-8.696151818842894,14
2390,6,27,16,16,-8.696725649896711,11
2391,62,16,76,8,-8.710475893988356,8
2392,30,13,88,7,-8.726017186809473,6
2393,63,10,41,7,-8.728275875066831,3
2394,65,20,70,13,-8.731970869068395,7
2395,20,35,55,21,-8.738108987978196,14
2396,37,24,30,16,-8.742074606758964,8
2397,20,51,107,30,-8.742146004286962,21
2398,38,15,32,10,-8.75452405688887,5
2399,104,11,74,7,-8.755909416771443,4
2400,65,12,14,8,-8.758437812649733,4
2401,84,32,93,21,-8.779261084845606,11
2402,20,53,41,35,-8.79255140026366,18
2403,93,24,23,14,-8.804783518097919,10
2404,76,10,29,7,-8.806443209825622,3
2405,85,11,10,6,-8.810276618143424,5
2406,9,13,11,8,-8.82980757126631,5
2407,84,11,64,6,-8.83326213103814,5
2408,11,19,98,12,-8.853737963747765,7
2409,79,26,32,17,-8.859137187931584,9
2410,94,17,98,11,-8.877059957058028,6
2411,50,11,112,7,-8.921235906620762,4
2412,91,16,55,11,-8.921765963817519,5
2413,110,20,107,12,-8.933567921834605,8
2414,111,18,48,12,-8.93792122942067,6
2415,46,19,111,12,-8.943973618396548,7
2416,18,19,74,12,-8.971261505798399,7
2417,44,11,84,7,-9.017421120510093,4
2418,20,21,16,12,-9.048801936450998,9
2419,16,12,15,8,-9.05960662342551,4
2420,32,12,26,7,-9.09769401619869,5
2421,112,23,6,14,-9.097888193162195,9
2422,57,11,2,6,-9.107338089684553,5
2423,94,14,28,9,-9.114148559760048,5
2424,43,24,8,15,-9.183295995535126,9
2425,54,46,111,29,-9.235401744617302,17
2426,79,25,18,15,-9.249685178872355,10
2427,50,12,110,8,-9.25251740175268,4
2428,84,20,17,13,-9.25697489923984,7
2429,50,14,43,9,-9.27474781724881,5
2430,86,20,38,14,-9.280969369301586,6
2431,109,18,55,12,-9.29390246159377,6
2432,107,13,13,9,-9.307281354536356,4
2433,108,11,86,7,-9.320443832368007,4
2434,75,19,79,13,-9.342561498216151,6
2435,65,44,2,30,-9.368977622196773,14
2436,8,14,59,9,-9.376826871718674,5
2437,73,20,86,13,-9.377152492619757,7
2438,30,22,55,13,-9.385734127086305,9
2439,86,42,37,26,-9.397445130908768,16
2440,35,17,48,11,-9.405686959524614,6
2441,10,11,57,7,-9.432674751481889,4
2442,52,10,16,7,-9.438956723678409,3
2443,87,27,30,18,-9.441306317195094,9
2444,11,15,106,11,-9.458751603990255,4
2445,86,19,64,12,-9.463737237263311,7
2446,84,17,18,11,-9.480131506018989,6
2447,19,11,103,7,-9.481054864710421,4
2448,58,11,6,7,-9.489496457414932,4
2449,86,11,13,7,-9.494734946605222,4
2450,76,23,15,15,-9.503739473265108,8
2451,65,21,60,13,-9.571951123571171,8
2452,85,25,16,16,-9.572199671326333,9
2453,108,10,74,6,-9.573103573564595,4
2454,89,22,23,14,-9.576875474490599,8
2455,107,18,43,12,-9.57800148756219,6
2456,65,60,98,39,-9.578885579734806,21
2457,70,18,30,12,-9.585226013483616,6
2458,62,20,41,13,-9.588548331059112,7
2459,79,23,13,16,-9.591838813280079,7
2460,35,12,8,7,-9.605315474711036,5
2461,50,17,91,12,-9.605985015453989,5
2462,41,27,55,16,-9.622531787318458,11
2463,18,10,46,7,-9.6369429103627,3
2464,62,26,98,16,-9.641858129313675,10
2465,86,21,10,14,-9.65589885739765,7
2466,38,32,29,21,-9.681299801122256,11
2467,91,27,2,16,-9.694693742662338,11
2468,106,13,84,7,-9.721232372178166,6
2469,103,36,111,23,-9.751404731703087,13
2470,103,42,8,29,-9.755203687685839,13
2471,73,18,2,11,-9.793100713864773,7
2472,91,17,93,11,-9.794639196057782,6
2473,76,37,74,24,-9.805593452580656,13
2474,29,23,74,14,-9.809319437063767,9
2475,76,25,54,15,-9.82196620742167,10
2476,96,15,65,9,-9.851177535683915,6
2477,65,31,26,19,-9.884073914474246,12
2478,50,14,10,9,-9.907166966632534,5
2479,17,13,87,8,-9.92299839057508,5
2480,88,16,106,11,-9.923169252909199,5
2481,75,10,103,6,-9.92764617859353,4
2482,70,11,93,7,-9.928875321549777,4
2483,18,14,55,9,-9.949790942140542,5
2484,32,30,111,18,-9.962416908002066,12
2485,38,24,111,15,-9.966212518632437,9
2486,23,20,90,13,-9.96715448150969,7
2487,34,17,76,11,-9.994247540573088,6
2488,9,76,28,47,-10.023356561504345,29
2489,34,14,37,9,-10.040882054419711,5
2490,30,10,13,7,-10.045810992896937,3
2491,79,36,20,24,-10.072644372220651,12
2492,96,16,16,11,-10.104952891587164,5
2493,10,30,84,19,-10.110326059838856,11
2494,74,29,103,20,-10.120878103689181,9
2495,86,36,2,24,-10.124329978938412,12
2496,65,23,110,15,-10.151511833678441,8
2497,50,18,93,11,-10.176089661409483,7
2498,38,10,60,6,-10.186949801542625,4
2499,28,29,104,20,-10.205736424514114,9
2500,6,16,26,11,-10.241752287967037,5
2501,9,29,17,19,-10.257069894218064,10
2502,71,10,88,7,-10.263450457417434,3
2503,87,10,39,6,-10.267299551613329,4
2504,106,12,6,7,-10.289436711507506,5
2505,9,23,34,14,-10.326274877348238,9
2506,2,24,55,15,-10.348250415358317,9
2507,87,51,55,34,-10.356104577939835,17
2508,50,24,65,16,-10.363532140430609,8
2509,76,21,70,14,-10.3832919130965,7
2510,17,10,29,7,-10.39598522715346,3
2511,75,10,98,7,-10.422827528026357,3
2512,76,21,46,15,-10.423738421119205,6
2513,2,11,63,7,-10.44197984386537,4
2514,66,12,79,9,-10.448674909094285,3
2515,85,13,88,9,-10.474485947559346,4
2516,79,37,26,23,-10.48182801922156,14
2517,8,17,110,12,-10.493443474648162,5
2518,48,20,90,13,-10.529740615590345,7
2519,32,12,6,8,-10.5718983874489,4
2520,41,39,54,26,-10.593430312504074,13
2521,5,17,87,11,-10.594673728658039,6
2522,101,10,65,6,-10.616476001261296,4
2523,104,15,54,10,-10.631063301403966,5
2524,109,14,106,9,-10.63700694173572,5
2525,58,13,38,9,-10.642287291889899,4
2526,44,35,6,22,-10.67278245600393,13
2527,41,14,37,9,-10.69447624326301,5
2528,103,50,65,34,-10.69843242130798,16
2529,85,10,91,5,-10.702453755941068,5
2530,88,16,73,11,-10.709173893318198,5
2531,66,12,107,8,-10.732234223681386,4
2532,18,14,23,10,-10.769319649937687,4
2533,23,16,17,11,-10.781653305644483,5
2534,28,27,63,18,-10.785011363380397,9
2535,38,13,48,9,-10.806930719021558,4
2536,41,48,98,30,-10.835326353590224,18
2537,86,18,49,10,-10.913471544367308,8
2538,20,38,26,25,-10.94603615247926,13
2539,43,10,30,7,-10.958461383133036,3
2540,56,10,87,7,-10.97544493784176,3
2541,6,14,38,10,-11.005398790381081,4
2542,54,33,63,21,-11.018616590157572,12
2543,110,12,98,8,-11.026999619900332,4
2544,103,13,13,8,-11.054952217566056,5
2545,16,20,30,14,-11.05670639382778,6
2546,6,30,87,20,-11.079517220381964,10
2547,74,17,34,11,-11.09572000448517,6
2548,37,19,93,13,-11.13537305772806,6
2549,89,15,8,10,-11.136544141609958,5
2550,88,38,98,27,-11.14860741726199,11
2551,28,10,15,7,-11.176545961741331,3
2552,44,18,65,11,-11.219859746185271,7
2553,2,11,97,7,-11.226466198459859,4
2554,29,21,30,13,-11.231145218657787,8
2555,6,29,107,19,-11.291567068221694,10
2556,2,10,39,6,-11.302944205280658,4
2557,54,15,11,10,-11.306071170308833,5
2558,103,22,2,16,-11.358008021341288,6
2559,48,17,20,12,-11.362684990472752,5
2560,20,13,46,7,-11.398397116124533,6
2561,41,20,17,15,-11.462467383182341,5
2562,28,17,43,12,-11.503038032270851,5
2563,70,28,16,20,-11.54427586863591,8
2564,7,10,107,7,-11.561152440630659,3
2565,109,22,38,15,-11.561969316834697,7
2566,102,16,65,10,-11.565057266886953,6
2567,109,12,63,9,-11.567490331771888,3
2568,13,18,16,12,-11.568229122492735,6
2569,18,16,65,11,-11.593628436717696,5
2570,103,26,30,18,-11.594512781464298,8
2571,85,10,93,7,-11.596564222959241,3
2572,88,15,32,11,-11.622595612385652,4
2573,15,17,98,11,-11.628891195956705,6
2574,55,18,10,11,-11.634204977110194,7
2575,93,13,73,9,-11.6698926319616,4
2576,1,15,93,11,-11.687642643688712,4
2577,75,13,93,8,-11.701725422413729,5
2578,20,13,18,8,-11.715025972179685,5
2579,62,13,70,8,-11.719880801732709,5
2580,11,11,39,9,-11.721977739728262,2
2581,26,15,23,10,-11.729655071897735,5
2582,79,10,15,7,-11.756403792330063,3
2583,98,18,104,11,-11.758094591275455,7
2584,107,14,1,9,-11.758251767033554,5
2585,46,14,26,9,-11.785571142877396,5
2586,103,29,93,19,-11.801085216233043,10
2587,109,14,50,9,-11.809368464557789,5
2588,9,11,58,8,-11.82226661915616,3
2589,62,15,23,11,-11.828374088275872,4
2590,37,17,85,13,-11.836833776252561,4
2591,108,10,55,7,-11.84620249489241,3
2592,17,26,28,18,-11.85039633513082,8
2593,109,14,43,9,-11.866460109925436,5
2594,87,44,26,29,-11.871386146117102,15
2595,1,11,9,7,-11.88637849875501,4
2596,17,13,18,8,-11.905263091036245,5
2597,13,18,84,11,-11.93552825650072,7
2598,65,22,49,14,-11.960634834980652,8
2599,109,19,74,12,-11.981116452380181,7
2600,98,44,55,31,-12.014844861377815,13
2601,70,11,29,8,-12.030336124564109,3
2602,30,15,93,10,-12.041707290163442,5
2603,6,18,18,12,-12.078104024118801,6
2604,112,11,79,8,-12.089617166544242,3
2605,109,15,91,10,-12.09037191037832,5
2606,103,11,58,8,-12.093407699535737,3
2607,18,12,91,8,-12.136074421735435,4
2608,70,11,46,7,-12.148478328293923,4
2609,41,20,93,15,-12.152619394683914,5
2610,109,11,10,7,-12.166039484484626,4
2611,41,24,32,15,-12.295470101415006,9
2612,26,12,93,8,-12.342400061412198,4
2613,97,11,9,7,-12.349501112253755,4
2614,71,13,98,9,-12.38994380161308,4
2615,57,24,8,16,-12.404593522046598,8
2616,23,18,20,13,-12.419097927334022,5
2617,62,22,93,15,-12.439036445917942,7
2618,50,17,30,11,-12.478426478717187,6
2619,52,11,86,8,-12.486992442062455,3
2620,84,14,15,10,-12.488568021465507,4
2621,48,12,104,9,-12.498145078794368,3
2622,66,15,8,11,-12.57730249455607,4
2623,98,25,32,17,-12.60897292614075,8
2624,8,12,3,9,-12.625631089351694,3
2625,50,19,32,12,-12.634950501359127,7
2626,103,33,20,24,-12.666531668869954,9
2627,70,18,107,12,-12.682033904752588,6
2628,90,11,73,8,-12.699639901607055,3
2629,54,12,39,8,-12.719289008108058,4
2630,111,21,73,14,-12.761253099258202,7
2631,9,38,93,27,-12.813603627591082,11
2632,109,28,54,19,-12.824426413749991,9
2633,17,14,86,10,-12.845058614378045,4
2634,48,17,51,13,-12.926828220690846,4
2635,62,24,55,16,-12.942821418799412,8
2636,39,10,86,6,-12.987296656610644,4
2637,43,18,55,12,-13.012921035450152,6
2638,9,24,30,17,-13.086601208658113,7
2639,11,19,55,14,-13.121937681406479,5
2640,41,30,107,19,-13.154593566297324,11
2641,103,11,43,7,-13.18571482888933,4
2642,86,21,70,14,-13.225585159799158,7
2643,88,15,70,11,-13.239318163348512,4
2644,89,10,58,7,-13.242354787086834,3
2645,109,24,26,17,-13.281044125686407,7
2646,73,12,89,8,-13.292782754035754,4
2647,62,12,30,8,-13.325811773490164,4
2648,91,10,112,7,-13.34887289439105,3
2649,73,15,13,10,-13.471561712276635,5
2650,62,27,107,18,-13.491527071908129,9
2651,38,23,74,15,-13.50724395592576,8
2652,37,20,111,13,-13.57504840749371,7
2653,48,25,74,16,-13.587471048043238,9
2654,43,17,26,13,-13.59933768355571,4
2655,51,11,34,8,-13.651998737020612,3
2656,68,13,50,10,-13.666588424464432,3
2657,9,22,46,14,-13.704965755925164,8
2658,13,10,37,7,-13.71058873552403,3
2659,109,12,88,9,-13.730907256228043,3
2660,71,20,8,13,-13.739907398566018,7
2661,73,16,38,10,-13.771113964229546,6
2662,8,12,77,9,-13.772928583045534,3
2663,43,14,93,10,-13.775006273083642,4
2664,109,16,86,11,-13.838248765872814,5
2665,50,11,26,8,-13.83833866908602,3
2666,109,12,70,9,-13.902253335630233,3
2667,54,27,30,19,-13.923397923845725,8
2668,107,35,26,27,-13.95146533006327,8
2669,85,14,30,10,-14.008346410378737,4
2670,75,16,55,12,-14.096444434720206,4
2671,112,15,28,10,-14.162036513146953,5
2672,9,21,57,16,-14.205802139668362,5
2673,8,10,60,7,-14.262033464961128,3
2674,70,12,90,9,-14.290264472561063,3
2675,79,25,63,18,-14.291969591970714,7
2676,91,11,46,8,-14.304066831342237,3
2677,88,12,26,8,-14.385453144142543,4
2678,48,16,93,12,-14.392053755515036,4
2679,109,23,32,16,-14.41108162475205,7
2680,50,11,104,8,-14.41968696280469,3
2681,38,26,55,18,-14.425488233223774,8
2682,20,26,29,18,-14.478890408494554,8
2683,107,18,32,14,-14.610219857623699,4
2684,13,14,88,8,-14.636848081546901,6
2685,59,14,65,9,-14.654063925888893,5
2686,9,18,63,12,-14.674068481980965,6
2687,93,11,90,7,-14.682520064465665,4
2688,62,11,49,7,-14.691411076024673,4
2689,38,25,93,17,-14.706979782976546,8
2690,5,13,37,10,-14.756162408233527,3
2691,17,11,93,8,-14.792328082005685,3
2692,11,12,50,9,-14.803596907153391,3
2693,2,14,18,10,-14.812014364125073,4
2694,88,19,90,13,-14.848820731417785,6
2695,41,13,13,9,-14.878152444409187,4
2696,37,15,57,11,-15.067776643574774,4
2697,40,14,84,9,-15.139436492633186,5
2698,18,11,90,8,-15.206260273523743,3
2699,28,26,26,19,-15.211295764909368,7
2700,20,20,62,15,-15.291234725709051,5
2701,6,31,2,22,-15.303923962237263,9
2702,76,16,63,13,-15.315183161564981,3
2703,87,22,106,17,-15.361850073325638,5
2704,20,17,63,12,-15.406028823982846,5
2705,23,24,10,16,-15.417351314064488,8
2706,70,17,63,12,-15.423330820666749,5
2707,46,11,11,7,-15.493173401134078,4
2708,59,10,16,6,-15.561569445873218,4
2709,106,17,16,12,-15.642006890489661,5
2710,73,12,29,9,-15.669782329836792,3
2711,38,15,17,11,-15.678044683298898,4
2712,79,15,46,10,-15.695062063539162,5
2713,85,10,26,7,-15.738951593013217,3
2714,76,11,93,8,-15.758858341227866,3
2715,62,31,111,23,-15.780695907166118,8
2716,66,14,6,11,-15.817538028688281,3
2717,76,21,2,15,-15.887194817597921,6
2718,63,17,37,12,-15.955493748739714,5
2719,66,12,28,8,-16.011877124422657,4
2720,91,12,90,8,-16.09870244517901,4
2721,65,25,30,19,-16.220777761486307,6
2722,37,14,17,9,-16.224073122382876,5
2723,85,14,87,11,-16.255207936397188,3
2724,103,11,59,8,-16.266656443008642,3
2725,103,13,62,9,-16.299156500586875,4
2726,96,10,49,7,-16.466804604951104,3
2727,55,13,39,9,-16.616243530697464,4
2728,69,13,26,10,-16.625965123271836,3
2729,41,10,69,7,-16.634275461416582,3
2730,9,13,5,10,-16.7060467975664,3
2731,109,31,41,26,-16.84086997358483,5
2732,23,15,73,11,-16.845082586610527,4
2733,15,12,38,9,-16.880495720481193,3
2734,76,15,57,11,-16.896472051992507,4
2735,54,13,26,8,-16.93978716229654,5
2736,109,17,73,13,-17.085641782719854,4
2737,73,12,48,9,-17.09396402486424,3
2738,107,11,106,9,-17.096950891147813,2
2739,28,10,39,8,-17.27449614311299,2
2740,89,10,37,8,-17.418835616565143,2
2741,49,19,88,15,-17.53203455274144,4
2742,110,10,41,9,-17.607251464829996,1
2743,109,32,87,24,-17.701039370075176,8
2744,9,11,64,8,-17.70787325437998,3
2745,85,14,20,11,-17.836149714961593,3
2746,73,12,107,9,-18.009767759901283,3
2747,10,15,38,12,-18.015221595889397,3
2748,52,11,28,9,-18.175295847774855,2
2749,109,34,28,26,-18.178105729133527,8
2750,87,13,58,11,-18.244104920146572,2
2751,46,10,50,8,-18.256849690438127,2
2752,1,19,10,15,-18.36953895818594,4
2753,7,13,79,10,-18.40480150019194,3
2754,91,15,34,11,-18.43501821510385,4
2755,6,15,109,11,-18.568483421277442,4
2756,38,24,26,18,-18.614524044017738,6
2757,85,14,55,10,-18.845042881625936,4
2758,28,20,57,16,-18.9179767971545,4
2759,75,16,88,13,-18.956526305212517,3
2760,16,17,49,13,-19.10499490357724,4
2761,29,12,110,10,-19.248543702222975,2
2762,12,11,6,7,-19.32835940292554,4
2763,38,14,43,10,-19.328461951187712,4
2764,10,19,20,15,-19.474906343573682,4
2765,71,13,62,12,-19.577656350343144,1
2766,109,17,111,13,-19.61874690588408,4
2767,30,12,46,9,-19.658771905767804,3
2768,50,15,62,12,-19.69258957665125,3
2769,10,13,41,11,-19.737157878272868,2
2770,103,10,34,9,-19.87880862427678,1
2771,98,12,51,9,-20.0679948728163,3
2772,50,12,106,10,-20.079875811849202,2
2773,109,12,110,10,-20.16933250309851,2
2774,10,10,17,8,-20.222695302818984,2
2775,37,11,18,9,-20.496733536799674,2
2776,104,10,37,8,-20.681486856575923,2
2777,71,11,28,10,-20.69712045611149,1
2778,110,14,74,11,-20.875047711546735,3
2779,46,22,87,17,-21.04519202673363,5
2780,48,10,106,9,-21.682192413413084,1
2781,70,25,111,19,-21.761941281988644,6
2782,44,11,17,9,-22.072912946241182,2
2783,76,13,90,9,-22.485125782733952,4
2784,94,10,84,9,-22.762013140609877,1
2785,10,10,26,8,-22.77202326046866,2
2786,41,13,57,11,-23.156162131875274,2
2787,97,10,65,7,-23.53209680517744,3
2788,86,15,103,13,-23.967936503754764,2
2789,10,11,63,9,-24.09658997724639,2
2790,89,11,55,9,-24.169792122479972,2
2791,112,11,74,9,-24.423385588541223,2
2792,49,11,26,8,-26.831812890773925,3
2793,43,10,91,10,-27.34458455824453,0
2794,65,11,64,9,-27.72714931249874,2
2795,107,11,19,10,-27.89299298473576,1
