,againstHero,games,hero,losses,shift,wins
0,30,11,54,1,25.713620235434703,10
1,48,10,35,1,25.155197930838906,9
2,76,13,35,3,24.45415726080802,10
3,34,10,51,1,22.213174768846972,9
4,100,11,54,2,22.09721066508401,9
5,93,13,96,2,21.644278578741655,11
6,50,18,55,4,21.384042844031153,14
7,30,11,107,2,20.234821388500237,9
8,107,10,66,2,20.152222817707916,8
9,20,11,25,2,19.98791829237953,9
10,2,13,54,2,19.759970484752476,11
11,28,14,112,3,19.249826897720943,11
12,37,12,25,3,19.09967784984614,9
13,50,10,70,3,18.66920839814296,7
14,63,17,91,4,18.120595699414864,13
15,2,15,70,4,18.05781343886209,11
16,90,23,28,5,17.842079516061677,18
17,107,13,35,2,17.620728555906965,11
18,37,21,54,6,17.51161506356196,15
19,34,11,87,3,17.338115350277818,8
20,16,21,74,5,17.197858238465976,16
21,73,10,54,2,17.106743436572106,8
22,41,12,86,2,16.916591977189356,10
23,90,12,63,3,16.840668609829066,9
24,91,11,20,3,16.614550431285505,8
25,11,13,70,3,16.32604658673946,10
26,106,10,23,3,16.05394351537058,7
27,88,12,109,2,15.756053179646178,10
28,48,11,9,3,15.643745764186933,8
29,11,11,98,3,15.62874661472016,8
30,16,10,46,3,15.615390213809864,7
31,93,10,11,2,15.321419061771829,8
32,8,10,114,2,15.243078785582242,8
33,73,14,90,4,15.181297397438652,10
34,87,14,70,4,15.12081768591584,10
35,91,12,96,3,15.083901067533665,9
36,80,12,50,2,14.926124931290452,10
37,46,16,96,6,14.744941109171663,10
38,8,11,65,3,14.67711948639893,8
39,80,11,35,3,14.578551377058158,8
40,63,33,84,10,14.557123158417967,23
41,14,11,63,4,14.53302527333945,7
42,50,11,114,3,14.440936377383059,8
43,90,10,48,3,14.062301149493257,7
44,71,13,8,4,13.992705985768803,9
45,46,12,84,3,13.974033982222737,9
46,16,33,87,10,13.893762489100295,23
47,34,11,28,3,13.638017355711037,8
48,74,14,70,5,13.57265203330867,9
49,5,18,84,5,13.492491984016144,13
50,55,25,11,6,13.485189958967284,19
51,97,10,25,3,13.475272948874997,7
52,8,10,98,2,13.401113555216398,8
53,69,11,28,4,13.38734226962898,7
54,84,10,76,3,13.371791794476119,7
55,73,10,37,4,13.344685118626419,6
56,16,10,91,3,13.247386679926667,7
57,114,10,109,2,13.1871519949772,8
58,48,19,54,6,13.122325082638987,13
59,80,10,14,4,13.097202558791373,6
60,97,13,8,4,13.031573471749283,9
61,74,22,28,6,12.995845160436726,16
62,16,23,107,6,12.980459438572407,17
63,114,11,20,3,12.975045668551978,8
64,106,16,70,6,12.968431502557106,10
65,63,38,54,11,12.927281881197459,27
66,86,16,73,6,12.90546934044994,10
67,98,23,96,8,12.672735601907378,15
68,86,10,39,4,12.521968554365156,6
69,73,17,107,6,12.476279417058619,11
70,51,11,74,3,12.350755204498364,8
71,85,11,96,3,12.207174001404555,8
72,97,14,107,5,12.193866750720966,9
73,17,11,37,4,12.091989410814138,7
74,48,21,96,6,12.070440756211477,15
75,102,14,8,4,12.059796950333432,10
76,88,22,46,6,11.977418966531808,16
77,87,12,93,4,11.974909065966635,8
78,30,10,87,3,11.954020606538128,7
79,63,12,109,3,11.942560456485014,9
80,88,12,104,4,11.911529882206118,8
81,76,10,55,2,11.845869320079572,8
82,86,17,109,4,11.844463141455284,13
83,95,10,88,3,11.838381077895013,7
84,109,11,5,4,11.832394491701882,7
85,102,17,86,4,11.692265119834602,13
86,80,15,107,3,11.678062977381895,12
87,2,13,97,4,11.663957871857763,9
88,91,10,98,3,11.6111736728835,7
89,28,18,114,7,11.571094203781072,11
90,11,37,96,12,11.499036802425275,25
91,11,18,37,5,11.382728976908798,13
92,11,19,84,6,11.373729994467022,13
93,54,10,104,3,11.25199412047397,7
94,69,12,86,4,11.221927430915741,8
95,106,16,104,5,10.9858576113729,11
96,109,13,8,5,10.964382741158797,8
97,30,13,16,4,10.882729052195028,9
98,90,18,106,6,10.722647291777667,12
99,98,10,37,4,10.708566838907794,6
100,50,11,98,3,10.6914012264267,8
101,50,23,20,9,10.679903465549346,14
102,90,20,5,6,10.678407751484231,14
103,75,14,8,4,10.634775722140729,10
104,50,16,88,6,10.561260525311432,10
105,16,16,84,6,10.536673756149728,10
106,90,16,50,5,10.406651686467335,11
107,114,17,5,6,10.369502294340972,11
108,46,11,75,3,10.358241612595512,8
109,16,37,96,11,10.284315397893865,26
110,55,12,70,4,10.141434019068976,8
111,109,11,102,4,10.030166218885235,7
112,97,14,37,5,10.028659807754877,9
113,106,14,75,7,10.013304733371458,7
114,90,11,74,3,10.005531313326735,8
115,98,16,63,6,9.997373775280366,10
116,86,20,76,7,9.940010233613187,13
117,2,13,106,5,9.919015199493716,8
118,51,17,96,6,9.90017056684033,11
119,86,25,70,10,9.87350336519557,15
120,86,23,79,8,9.865377107457421,15
121,20,22,84,6,9.790302500691975,16
122,2,23,107,7,9.751644460868954,16
123,16,18,55,6,9.733018432439057,12
124,50,27,107,10,9.722993971104628,17
125,98,14,106,5,9.701360201061402,9
126,73,13,5,5,9.6154675420233,8
127,16,26,106,8,9.547492727419954,18
128,28,10,18,4,9.538088324550174,6
129,79,12,87,3,9.532024747647966,9
130,95,13,8,5,9.502751434643129,8
131,28,18,70,7,9.49831769161556,11
132,20,14,51,6,9.477293220680314,8
133,86,16,82,5,9.445784289963353,11
134,87,13,2,5,9.430732046556473,8
135,63,18,2,7,9.424323722958958,11
136,63,25,20,10,9.320091766955512,15
137,90,13,80,4,9.306752684001106,9
138,108,14,63,5,9.298531248541144,9
139,97,13,5,4,9.29611525828206,9
140,2,11,65,3,9.274625860779652,8
141,50,11,102,5,9.219287312483528,6
142,2,10,16,3,9.214178381730257,7
143,30,15,8,5,9.185211827951935,10
144,88,21,28,7,9.173292677246714,14
145,63,36,28,12,9.124544539213488,24
146,88,12,70,4,9.07996284568391,8
147,86,25,51,10,9.064197489975363,15
148,87,14,65,5,8.95657868344531,9
149,5,10,95,3,8.888673428502385,7
150,11,18,20,5,8.872799316531829,13
151,54,11,51,4,8.860591635258784,7
152,71,12,107,4,8.85340822050049,8
153,91,18,107,6,8.785801812136054,12
154,93,16,8,6,8.764909146358075,10
155,102,10,87,3,8.61362310955975,7
156,90,10,114,4,8.560822077428913,6
157,50,25,96,9,8.534707794331519,16
158,33,10,20,4,8.511061177639789,6
159,74,33,96,12,8.474831991428163,21
160,57,10,107,4,8.46673756025304,6
161,63,18,88,7,8.41076138243071,11
162,114,29,107,11,8.373672285199186,18
163,37,17,63,6,8.28255070017803,11
164,86,12,108,5,8.204205290543774,7
165,8,36,87,13,8.135915853517417,23
166,80,14,65,5,8.117894882236026,9
167,87,11,46,4,8.085642241853426,7
168,76,16,107,6,8.078268794170354,10
169,16,14,48,6,8.053586068768567,8
170,63,17,76,5,8.029454753014045,12
171,73,20,74,7,8.01522036427702,13
172,28,18,91,7,8.01457036803685,11
173,102,19,96,7,7.9956311609664965,12
174,93,13,28,4,7.977780890104037,9
175,54,20,88,8,7.951668718801495,12
176,96,12,34,4,7.949755484984076,8
177,80,24,106,9,7.948937081453317,15
178,114,14,96,5,7.889762565328155,9
179,28,10,17,4,7.859284706452111,6
180,88,23,107,8,7.825027649148796,15
181,5,15,70,6,7.800041984653827,9
182,48,20,79,8,7.777732866617034,12
183,79,10,106,4,7.723339908977314,6
184,76,14,70,5,7.7067801731883225,9
185,76,13,50,4,7.685614095381232,9
186,48,18,87,7,7.681552221415861,11
187,55,10,108,4,7.660382487173957,6
188,96,22,80,8,7.6325568595370585,14
189,85,10,107,4,7.595499375056901,6
190,104,22,28,7,7.584713096573633,15
191,7,10,96,3,7.4569702058661615,7
192,51,14,84,5,7.416041984054565,9
193,102,15,25,5,7.370724163994214,10
194,50,10,109,3,7.344576987504273,7
195,46,22,28,7,7.331004837095024,15
196,48,22,107,9,7.330278865374194,13
197,20,20,74,7,7.239789793313642,13
198,93,12,84,4,7.171686286545099,8
199,63,12,79,4,7.1114844508040305,8
200,5,17,20,7,7.082525775122669,10
201,11,13,109,5,7.078888073047802,8
202,86,21,80,9,7.071945289109106,12
203,50,11,48,4,7.05821121395096,7
204,93,12,107,4,7.03787183836202,8
205,63,10,38,4,6.943399827831368,6
206,50,20,5,9,6.924732109128544,11
207,93,12,86,4,6.922029970425321,8
208,30,10,28,4,6.887888917999973,6
209,65,12,37,5,6.8663176912939194,7
210,28,18,75,8,6.846566435399733,10
211,80,22,63,8,6.843518885460648,14
212,20,22,106,8,6.829724934902,14
213,90,13,37,5,6.816364682749635,8
214,74,15,25,5,6.813620669356461,10
215,11,11,80,4,6.802148460786961,7
216,28,17,25,6,6.7819072820531785,11
217,48,10,108,3,6.749808304712147,7
218,54,37,70,16,6.740686016828507,21
219,96,22,70,11,6.734945499709392,11
220,91,14,84,6,6.727253664703563,8
221,86,17,104,8,6.722487029251984,9
222,87,23,74,9,6.70329608778849,14
223,46,10,2,4,6.670222065576344,6
224,102,11,114,3,6.658731824235186,8
225,5,16,11,7,6.631509753576113,9
226,54,11,76,4,6.60321190549357,7
227,37,32,86,13,6.591525161934109,19
228,63,27,48,10,6.571090299613162,17
229,98,15,54,6,6.5692813678210955,9
230,28,21,65,9,6.47664306619732,12
231,14,17,28,6,6.462988674713604,11
232,50,10,18,5,6.440154509710169,5
233,34,11,106,4,6.348877012003049,7
234,86,12,14,5,6.306786470454386,7
235,50,29,86,13,6.305205067940382,16
236,37,23,106,10,6.288276905479724,13
237,93,14,5,5,6.28136680821021,9
238,86,23,48,9,6.215181955253339,14
239,63,16,70,7,6.193877894018655,9
240,86,16,114,7,6.136492081576414,9
241,20,34,37,15,6.136211544699578,19
242,96,13,104,5,6.12530872201756,8
243,55,10,79,4,6.105260957218084,6
244,76,13,5,5,6.061052091280194,8
245,20,11,90,4,6.045047873910812,7
246,109,15,84,6,6.015767126917386,9
247,16,28,54,13,5.982292107634971,15
248,33,10,11,5,5.887923901561769,5
249,108,11,50,4,5.8529749166500435,7
250,50,42,54,18,5.841101522115835,24
251,30,12,96,5,5.827709187189812,7
252,39,14,11,4,5.821131817679595,10
253,96,21,25,9,5.815913112162357,12
254,86,75,96,30,5.7872777844025585,45
255,16,12,108,5,5.770631208900039,7
256,84,12,9,5,5.723245457590759,7
257,63,20,55,8,5.717328262845937,12
258,28,18,102,8,5.700253275575528,10
259,5,10,2,4,5.655750547481818,6
260,95,17,86,6,5.641395768359863,11
261,63,11,46,4,5.629323926806442,7
262,38,11,84,5,5.627456024192355,6
263,65,16,106,6,5.613829651583314,10
264,9,12,50,4,5.578106204160814,8
265,84,20,54,8,5.5585130111250916,12
266,73,21,8,9,5.53991081191783,12
267,25,21,114,10,5.537186997486627,11
268,107,16,108,6,5.5146494473296634,10
269,2,11,88,4,5.477658376983315,7
270,93,13,54,5,5.47672375370575,8
271,37,16,84,7,5.457491071976679,9
272,74,19,46,7,5.455705635573335,12
273,63,34,96,13,5.39321635342965,21
274,87,26,20,12,5.3755539347824755,14
275,63,20,74,8,5.330922227821182,12
276,8,16,51,8,5.31555566891209,8
277,16,16,51,8,5.285051160663565,8
278,8,11,100,4,5.278831269681898,7
279,16,10,104,5,5.21735896074004,5
280,87,11,95,4,5.184870110841576,7
281,86,21,75,10,5.178299186899205,11
282,16,15,5,6,5.173435534526229,9
283,74,26,84,12,5.163735608111026,14
284,46,12,5,5,5.137756058052447,7
285,28,24,109,9,5.056716059445876,15
286,96,12,73,6,5.035390942293943,6
287,90,13,16,5,5.005867269542307,8
288,63,15,75,7,5.0013663141315385,8
289,86,13,35,6,4.963361102394037,7
290,74,13,108,6,4.9091054802012675,7
291,87,26,37,11,4.897800790500524,15
292,5,16,25,6,4.867054890846939,10
293,46,19,107,7,4.854878259381523,12
294,50,52,28,23,4.842006177720463,29
295,28,22,2,9,4.837290355461167,13
296,85,13,86,6,4.833314993475176,7
297,51,14,107,5,4.812684625944082,9
298,20,12,70,5,4.7525723743767765,7
299,14,15,84,6,4.752366615638507,9
300,16,13,79,6,4.716412220610577,7
301,37,13,16,5,4.696689900528247,8
302,55,11,9,5,4.690967100580704,6
303,14,20,8,8,4.574516362462752,12
304,98,24,86,11,4.56301016412544,13
305,2,14,37,6,4.5354482741177495,8
306,79,12,8,4,4.5233682313953745,8
307,28,42,84,18,4.506490158254307,24
308,28,10,89,4,4.495723165298258,6
309,87,10,91,4,4.489603676814871,6
310,90,16,87,8,4.47742998597362,8
311,104,17,5,7,4.434559267763122,10
312,76,10,98,5,4.379545503881031,5
313,106,25,107,10,4.361615918052929,15
314,84,13,39,6,4.298313506568312,7
315,25,10,46,4,4.282271929171335,6
316,8,44,74,18,4.255670332534103,26
317,28,44,54,18,4.245817693054631,26
318,11,19,74,8,4.23431151793133,11
319,46,14,8,6,4.220599713273972,8
320,84,22,70,9,4.182188769343139,13
321,50,17,16,8,4.1615167602891825,9
322,84,31,106,15,4.157296923791599,16
323,28,13,98,5,4.146799456584137,8
324,51,11,63,5,4.136590143565562,6
325,74,13,50,5,4.131400013417275,8
326,84,16,90,7,4.100528600599519,9
327,74,31,5,15,4.086574883330395,16
328,86,55,107,26,4.08116756445567,29
329,54,16,95,7,4.0788113560066686,9
330,5,22,54,8,4.058205887373023,14
331,20,30,96,13,4.049587501562743,17
332,11,13,79,7,4.047561716338114,6
333,28,14,95,6,4.040550234811001,8
334,96,20,88,10,3.999156724474132,10
335,5,25,107,11,3.959553052107511,14
336,86,39,55,17,3.9547678901800314,22
337,50,31,11,13,3.9439218565792564,18
338,88,10,90,4,3.934351625812753,6
339,37,21,96,10,3.919945326141697,11
340,86,23,25,11,3.874661732570093,12
341,80,13,55,7,3.844743684805329,6
342,84,12,65,5,3.77394623707305,7
343,107,32,37,14,3.758964530643114,18
344,114,10,73,5,3.7201211944929797,5
345,28,25,97,10,3.677513402546221,15
346,8,25,84,10,3.6608734975068677,15
347,54,18,90,8,3.6286178426203275,10
348,63,60,86,24,3.6116085945966727,36
349,34,11,74,4,3.6078608741247753,7
350,54,22,87,11,3.595354766645855,11
351,97,26,96,12,3.5743811494977495,14
352,86,60,84,29,3.5529905844827048,31
353,37,18,70,8,3.529886067755539,10
354,74,15,93,7,3.490032682611992,8
355,54,16,65,7,3.428123038178454,9
356,9,14,8,5,3.40854125083978,9
357,8,11,91,5,3.3789426858895975,6
358,100,12,28,6,3.3608978166973564,6
359,20,10,9,4,3.353443346624384,6
360,86,21,46,9,3.3443655545987965,12
361,88,17,16,7,3.3394544785694715,10
362,51,22,28,9,3.3101205733455643,13
363,62,11,86,5,3.301029259605096,6
364,65,20,96,9,3.2670140800116543,11
365,17,12,54,6,3.244378643466575,6
366,37,12,55,6,3.238139723142457,6
367,65,23,107,10,3.21903240673643,13
368,86,56,54,27,3.1971962816162383,29
369,16,25,11,12,3.187971277600751,13
370,86,33,90,14,3.1823998863350984,19
371,97,16,106,8,3.111030579986816,8
372,74,13,75,7,3.09993879103395,6
373,55,22,84,10,3.089338762612198,12
374,86,21,97,10,3.045973490025126,11
375,11,41,86,19,3.042531543148512,22
376,38,13,96,6,3.0422152322461717,7
377,87,25,84,11,3.036539211934451,14
378,90,10,65,5,3.027765344735429,5
379,8,27,5,13,2.9660237044922684,14
380,109,11,96,5,2.9659646975089258,6
381,95,11,96,5,2.965418433613227,6
382,86,53,20,24,2.9582720761436825,29
383,33,13,28,7,2.9473995278098504,6
384,76,19,8,9,2.941917329794885,10
385,20,12,73,5,2.9374134598402435,7
386,63,13,39,6,2.9059687736292825,7
387,86,11,9,6,2.904091823827273,5
388,104,13,74,6,2.863476689570002,7
389,96,49,54,24,2.833383930072962,25
390,65,13,88,6,2.8256435057944165,7
391,87,10,80,4,2.824759591911268,6
392,96,31,55,14,2.8188234933181313,17
393,55,20,54,9,2.8062710008984633,11
394,79,15,50,6,2.7998338113931376,9
395,86,33,16,16,2.777962512161828,17
396,86,20,30,9,2.7676142003206357,11
397,11,20,54,10,2.7629234986803453,10
398,74,32,106,15,2.7612048035475674,17
399,98,15,107,7,2.751509983238408,8
400,8,39,63,18,2.732914523672738,21
401,107,40,20,19,2.7059472937253624,21
402,87,12,104,6,2.7052943494990296,6
403,23,12,86,5,2.6913953048637516,7
404,63,35,106,16,2.6816377957713704,19
405,97,11,76,6,2.6606949198631935,5
406,88,13,11,6,2.5982782354346177,7
407,76,11,20,5,2.5901415978136977,6
408,8,16,25,7,2.5885820445701015,9
409,76,17,37,7,2.571764436347988,10
410,28,48,106,21,2.5642902894537087,27
411,20,18,35,8,2.5627214829564173,10
412,65,24,20,10,2.556824132597502,14
413,96,12,108,6,2.55336363887327,6
414,39,11,50,4,2.5147259903046506,7
415,55,35,8,16,2.513901878966234,19
416,74,16,80,8,2.4851777101640504,8
417,106,33,96,15,2.4846554394342033,18
418,50,20,87,9,2.4683945474594706,11
419,46,30,54,13,2.4622134215892943,17
420,54,29,106,14,2.4537860561105083,15
421,76,17,28,7,2.4459980101162073,10
422,39,10,54,5,2.4307020889287747,5
423,75,18,107,7,2.3948363930960435,11
424,8,49,96,22,2.333601925976549,27
425,90,19,107,8,2.3156817608347353,11
426,11,13,35,6,2.2776751536044095,7
427,74,14,97,7,2.2722785511479233,7
428,48,12,20,6,2.221833782061969,6
429,97,15,55,7,2.195224664138417,8
430,96,11,14,5,2.19268862994012,6
431,107,13,38,6,2.179372128477191,7
432,96,49,107,22,2.1677433571217404,27
433,50,11,65,6,2.121724673878297,5
434,87,31,63,15,2.118093831905287,16
435,60,15,90,7,2.117910855592109,8
436,96,19,90,8,2.0975196885604808,11
437,35,12,37,6,2.089032815390569,6
438,75,17,37,6,2.069303836340336,11
439,28,64,96,30,2.0558086605309875,34
440,10,12,8,5,2.0503759021730206,7
441,54,39,107,18,2.0358108882998858,21
442,88,21,84,10,2.0276205631894673,11
443,38,14,86,7,2.020733604514193,7
444,8,19,48,8,1.999230113515404,11
445,84,10,35,5,1.9965083140622215,5
446,63,36,107,16,1.9964318492105986,20
447,55,12,90,7,1.9940592194265985,5
448,11,27,63,14,1.9872168297368233,13
449,87,16,55,7,1.9404799216015798,9
450,87,41,107,19,1.9301722661331329,22
451,37,18,104,8,1.912722379050171,10
452,86,13,91,6,1.9050846765976825,7
453,62,10,28,5,1.893815032183228,5
454,8,34,70,16,1.8843474596478074,18
455,51,17,87,8,1.8833490464670963,9
456,5,23,87,11,1.8798315610042973,12
457,65,28,86,13,1.8717875070284127,15
458,107,12,34,6,1.8698580351185214,6
459,28,25,37,12,1.860678868667299,13
460,50,27,37,13,1.859032301485154,14
461,86,53,5,25,1.8310944117770107,28
462,75,12,71,5,1.7934644695786615,7
463,76,22,106,8,1.77118963732772,14
464,75,16,96,6,1.7523391118454663,10
465,16,13,75,6,1.7465772324516469,7
466,88,24,86,9,1.7246485121594402,15
467,8,12,80,5,1.7222815544039995,7
468,85,13,54,6,1.7196059703411017,7
469,8,42,106,21,1.6938761092836299,21
470,48,12,55,5,1.6914768408443575,7
471,106,22,55,11,1.6908427299306483,11
472,11,34,8,17,1.683632820533261,17
473,11,29,87,15,1.6439636236141353,14
474,11,18,48,8,1.6285219730934672,10
475,84,18,80,8,1.570942028221592,10
476,74,48,86,23,1.5578074567655384,25
477,8,46,54,24,1.5480939378031402,22
478,88,19,20,10,1.5223637214431065,9
479,8,31,90,14,1.5056548864922348,17
480,20,20,16,9,1.4827356605490611,11
481,84,49,107,24,1.4515829151782074,25
482,74,10,55,5,1.4286826201538882,5
483,102,16,54,7,1.4089469030692696,9
484,106,26,88,11,1.4005785849803014,15
485,28,35,5,18,1.3866317126420997,17
486,55,19,28,7,1.3861075804754606,12
487,20,38,28,17,1.377543749179071,21
488,37,11,46,5,1.3749514267345864,6
489,109,11,73,6,1.3735030211742993,5
490,80,23,28,11,1.3633599598332944,12
491,79,17,28,8,1.3443965025775713,9
492,2,24,50,12,1.3375800923492356,12
493,91,10,5,5,1.3307864414729824,5
494,54,13,114,7,1.3062855709151644,6
495,106,16,48,8,1.2966873109190276,8
496,63,21,97,10,1.2893166339590412,11
497,75,11,84,5,1.2484479349865476,6
498,63,27,5,11,1.232527873586552,16
499,109,11,87,6,1.2284964497151856,5
500,2,19,86,8,1.2277524355686495,11
501,54,18,80,8,1.2235928560664608,10
502,75,14,50,6,1.2201434901598596,8
503,28,47,8,24,1.2177521273989034,23
504,50,10,34,5,1.2099513767481038,5
505,82,11,28,6,1.1949949841809344,5
506,2,11,84,5,1.1889938819078087,6
507,109,18,54,10,1.1848897439191548,8
508,50,19,8,11,1.1697928653841763,8
509,87,24,28,11,1.16907639186366,13
510,109,13,20,8,1.166118955660283,5
511,86,69,28,33,1.1569381265512737,36
512,38,12,37,6,1.1178231471077413,6
513,54,44,20,20,1.1059894419034548,24
514,88,16,87,7,1.0801900484179838,9
515,97,12,70,5,1.0662872633837654,7
516,8,12,39,7,1.0422350515052903,5
517,70,20,107,10,1.0170699004269221,10
518,55,14,5,7,1.016465354628442,7
519,65,17,74,9,1.0135786276413228,8
520,107,17,25,8,0.9762357977489593,9
521,74,13,37,6,0.9490659646076742,7
522,106,31,87,15,0.93306621521904,16
523,54,23,74,12,0.9317443594507194,11
524,20,14,2,6,0.9201059198292383,8
525,63,22,50,9,0.9200933974891796,13
526,70,17,65,8,0.9099362463379622,9
527,8,26,2,13,0.901837613713171,13
528,28,51,107,26,0.885211434770724,25
529,74,17,2,9,0.8667525886050844,8
530,86,59,87,31,0.8640959348594834,28
531,86,47,8,24,0.8605169273684632,23
532,106,11,14,6,0.8292000189715029,5
533,106,54,86,26,0.8287962233523535,28
534,104,13,63,6,0.8244830725629905,7
535,54,14,97,7,0.8042932950440935,7
536,11,42,28,21,0.80002515389246,21
537,86,11,17,6,0.7998063152817568,5
538,71,11,28,6,0.7906121882474628,5
539,11,20,46,10,0.7800389206995956,10
540,8,34,16,16,0.779150764384508,18
541,106,18,5,8,0.7754718845542204,10
542,107,57,8,27,0.7687046634947103,30
543,65,16,55,7,0.7579567813833229,9
544,28,27,48,13,0.7484805696104432,14
545,5,24,37,10,0.7236864139069024,14
546,88,19,55,9,0.7153400360098916,10
547,107,22,55,11,0.6732864832670306,11
548,5,41,96,20,0.6566491427391816,21
549,106,11,73,5,0.6544320839177008,6
550,8,33,20,16,0.6347510371412081,17
551,5,18,88,9,0.6335697605240891,9
552,28,14,73,7,0.6101482668377957,7
553,63,17,65,9,0.6100329666368388,8
554,104,19,107,10,0.5916837768511737,9
555,74,10,91,5,0.5863595626570582,5
556,74,10,76,6,0.5805497326470934,4
557,2,17,96,8,0.5793042045284421,9
558,51,13,55,7,0.5521554244421191,6
559,84,36,96,19,0.5431287052497142,17
560,84,17,48,8,0.4998550824144651,9
561,114,12,37,6,0.4821664810655116,6
562,8,21,104,11,0.4607025255898365,10
563,65,20,16,9,0.4261404500025613,11
564,87,40,96,19,0.4246868564905933,21
565,63,27,16,13,0.42109162793691096,14
566,9,11,63,5,0.41758664889208236,6
567,84,14,79,8,0.41419542722796737,6
568,37,16,51,9,0.4038062444177477,7
569,76,16,87,8,0.39595996235299813,8
570,106,26,50,12,0.3301801033655424,14
571,55,13,75,8,0.2901701128736263,5
572,9,17,28,7,0.28857106564612295,10
573,100,12,86,7,0.28409428109562196,5
574,74,13,95,7,0.26136969694004936,6
575,76,26,96,12,0.24225869633728628,14
576,80,22,20,11,0.23432520359835018,11
577,50,23,84,11,0.20914042307889216,12
578,74,36,107,18,0.20336218775698894,18
579,8,26,88,14,0.19267050223248489,12
580,11,33,106,17,0.15174923934260073,16
581,88,10,76,4,0.14500962782709123,6
582,76,15,11,7,0.1376774645288651,8
583,28,42,16,20,0.1207294469421681,22
584,80,14,37,7,0.08688615194951728,7
585,8,35,37,17,0.084349149673781,18
586,11,11,51,6,0.07978822497443648,5
587,109,13,48,7,0.0675018600088535,6
588,35,12,28,6,0.0265085475018972,6
589,28,12,35,6,-0.02650854750189661,6
590,48,13,109,6,-0.0675018600088535,7
591,51,11,11,5,-0.07978822497443616,6
592,37,35,8,18,-0.08434914967378404,17
593,37,14,80,7,-0.08688615194951765,7
594,16,42,28,22,-0.12072944694216876,20
595,76,10,88,6,-0.14500962782709123,4
596,106,33,11,16,-0.15174923934259965,17
597,88,26,8,12,-0.19267050223248297,14
598,84,23,50,12,-0.20914042307889355,11
599,20,22,80,11,-0.23432520359835107,11
600,96,26,76,14,-0.24225869633728683,12
601,95,13,74,6,-0.26136969694005074,7
602,86,12,100,5,-0.28409428109562046,7
603,28,17,9,10,-0.2885710656461217,7
604,75,13,55,5,-0.2901701128736252,8
605,50,26,106,14,-0.3301801033655417,12
606,51,16,37,7,-0.40380624441774726,9
607,79,14,84,6,-0.414195427227968,8
608,63,11,9,6,-0.41758664889208175,5
609,16,27,63,14,-0.4210916279369104,13
610,96,40,87,21,-0.4246868564905931,19
611,16,20,65,11,-0.4261404500025613,9
612,104,21,8,10,-0.46070252558983577,11
613,37,12,114,6,-0.48216648106551246,6
614,48,17,84,9,-0.4998550824144652,8
615,96,36,84,17,-0.5431287052497149,19
616,55,13,51,6,-0.5521554244421188,7
617,96,17,2,9,-0.5793042045284422,8
618,76,10,74,4,-0.5805497326470934,6
619,91,10,74,5,-0.5863595626570579,5
620,107,19,104,9,-0.5916837768511737,10
621,65,17,63,8,-0.6100329666368389,9
622,73,14,28,7,-0.6101482668377952,7
623,88,18,5,9,-0.6335697605240893,9
624,20,33,8,17,-0.6347510371412074,16
625,73,11,106,6,-0.6544320839177015,5
626,96,41,5,21,-0.6566491427391822,20
627,55,22,107,11,-0.6732864832670304,11
628,55,19,88,10,-0.7153400360098918,9
629,37,24,5,14,-0.7236864139069027,10
630,48,27,28,14,-0.7484805696104441,13
631,55,16,65,9,-0.7579567813833243,7
632,8,57,107,30,-0.7687046634947104,27
633,5,18,106,10,-0.7754718845542194,8
634,16,34,8,18,-0.7791507643845089,16
635,46,20,11,10,-0.7800389206995959,10
636,28,11,71,5,-0.7906121882474615,6
637,17,11,86,5,-0.7998063152817575,6
638,28,42,11,21,-0.80002515389246,21
639,97,14,54,7,-0.8042932950440923,7
640,63,13,104,7,-0.824483072562991,6
641,14,11,106,5,-0.8292000189715015,6
642,8,47,86,23,-0.8605169273684631,24
643,2,17,74,8,-0.8667525886050853,9
644,107,51,28,25,-0.8852114347707236,26
645,2,26,8,13,-0.901837613713172,13
646,65,17,70,9,-0.9099362463379616,8
647,50,22,63,13,-0.9200933974891797,9
648,2,14,20,8,-0.9201059198292378,6
649,11,28,107,15,-0.9232737791068057,13
650,74,23,54,11,-0.931744359450719,12
651,87,31,106,16,-0.9330662152190387,15
652,37,13,74,7,-0.9490659646076753,6
653,25,17,107,9,-0.9762357977489589,8
654,74,17,65,8,-1.013578627641324,9
655,5,14,55,7,-1.0164653546284423,7
656,107,20,70,10,-1.017069900426923,10
657,39,12,8,5,-1.0422350515052898,7
658,70,12,97,7,-1.0662872633837661,5
659,87,16,88,9,-1.0801900484179847,7
660,20,44,54,24,-1.1059894419034564,20
661,37,12,38,6,-1.11782314710774,6
662,107,13,102,7,-1.1379685230493204,6
663,28,69,86,36,-1.1569381265512724,33
664,20,13,109,5,-1.1661189556602822,8
665,28,24,87,13,-1.16907639186366,11
666,8,19,50,8,-1.1697928653841783,11
667,54,18,109,8,-1.1848897439191548,10
668,84,11,2,6,-1.1889938819078048,5
669,28,11,82,5,-1.1949949841809342,6
670,34,10,50,5,-1.2099513767481056,5
671,8,47,28,23,-1.2177521273989034,24
672,50,14,75,8,-1.2201434901598602,6
673,80,18,54,10,-1.2235928560664604,8
674,86,19,2,11,-1.2277524355686478,8
675,87,11,109,5,-1.2284964497151856,6
676,5,27,63,16,-1.2325278735865541,11
677,84,11,75,6,-1.2484479349865476,5
678,97,21,63,11,-1.2893166339590398,10
679,114,13,54,6,-1.3062855709151644,7
680,5,10,91,5,-1.3307864414729813,5
681,50,24,2,12,-1.3375800923492358,12
682,28,17,79,9,-1.3443965025775715,8
683,28,23,80,12,-1.3633599598332946,11
684,73,11,109,5,-1.3735030211742982,6
685,46,11,37,6,-1.3749514267345857,5
686,28,38,20,21,-1.3775437491790712,17
687,107,28,11,14,-1.381814574889409,14
688,28,19,55,12,-1.3861075804754588,7
689,5,35,28,17,-1.3866317126420988,18
690,88,26,106,15,-1.4005785849803014,11
691,54,16,102,9,-1.40894690306927,7
692,55,10,74,5,-1.4286826201538898,5
693,107,49,84,25,-1.4515829151782091,24
694,16,20,20,11,-1.482735660549062,9
695,90,31,8,17,-1.5056548864922334,14
696,54,46,8,22,-1.5480939378031398,24
697,86,48,74,25,-1.5578074567655351,23
698,80,18,84,10,-1.5709420282215925,8
699,87,29,11,14,-1.6439636236141346,15
700,8,34,11,17,-1.6836328205332602,17
701,55,22,106,11,-1.690842729930649,11
702,55,12,48,7,-1.6914768408443577,5
703,106,42,8,21,-1.6938761092836312,21
704,54,13,85,7,-1.719605970341104,6
705,80,12,8,7,-1.7222815544039987,5
706,86,24,88,15,-1.7246485121594421,9
707,75,13,16,7,-1.7465772324516466,6
708,96,16,75,10,-1.7523391118454665,6
709,71,12,75,7,-1.7934644695786608,5
710,5,53,86,28,-1.8310944117770085,25
711,37,27,50,14,-1.859032301485155,13
712,37,25,28,13,-1.8606788686672986,12
713,34,12,107,6,-1.869858035118521,6
714,86,28,65,15,-1.8717875070284127,13
715,87,23,5,12,-1.8798315610042977,11
716,87,17,51,9,-1.8833490464670963,8
717,70,34,8,18,-1.8843474596478085,16
718,28,10,62,5,-1.893815032183228,5
719,91,13,86,7,-1.905084676597684,6
720,104,18,37,10,-1.91272237905017,8
721,55,16,87,9,-1.9404799216015791,7
722,87,59,86,29,-1.958036170654298,30
723,63,27,11,13,-1.987216829736823,14
724,90,12,55,5,-1.9940592194265978,7
725,107,36,63,20,-1.9964318492105986,16
726,35,10,84,5,-1.996508314062219,5
727,48,19,8,11,-1.9992301135154034,8
728,86,14,38,7,-2.0207336045141924,7
729,86,54,106,29,-2.0240272217207607,25
730,84,21,88,11,-2.027620563189467,10
731,107,39,54,21,-2.035810888299886,18
732,8,12,10,7,-2.050375902173021,5
733,96,64,28,34,-2.055808660530986,30
734,37,17,75,11,-2.069303836340335,6
735,37,12,35,6,-2.0890328153905666,6
736,90,19,96,11,-2.0975196885604803,8
737,90,15,60,8,-2.117910855592109,7
738,63,31,87,16,-2.118093831905288,15
739,65,11,50,5,-2.1217246738782976,6
740,107,49,96,27,-2.1677433571217404,22
741,38,13,107,7,-2.1793721284771914,6
742,14,11,96,6,-2.19268862994012,5
743,55,15,97,8,-2.1952246641384163,7
744,20,12,48,6,-2.2218337820619696,6
745,97,14,74,7,-2.2722785511479224,7
746,35,13,11,7,-2.277675153604409,6
747,96,49,8,27,-2.3336019259765495,22
748,107,18,75,11,-2.3948363930960443,7
749,54,10,39,5,-2.4307020889287743,5
750,28,17,76,10,-2.445998010116208,7
751,106,29,54,15,-2.4537860561105083,14
752,54,30,46,17,-2.4622134215892943,13
753,87,20,50,11,-2.4683945474594706,9
754,96,33,106,18,-2.4846554394342006,15
755,80,16,74,8,-2.4851777101640518,8
756,107,36,74,19,-2.491393133382504,17
757,8,35,55,19,-2.513901878966235,16
758,50,11,39,7,-2.5147259903046506,4
759,108,12,96,6,-2.5533636388732703,6
760,20,24,65,14,-2.556824132597502,10
761,35,18,20,10,-2.562721482956418,8
762,106,48,28,27,-2.5642902894537083,21
763,37,17,76,10,-2.5717644363479883,7
764,25,16,8,9,-2.588582044570101,7
765,20,11,76,6,-2.590141597813698,5
766,11,13,88,7,-2.598278235434617,6
767,76,11,97,5,-2.6606949198631926,6
768,106,35,63,19,-2.6816377957713704,16
769,86,12,23,7,-2.6913953048637516,5
770,104,12,87,6,-2.7052943494990296,6
771,20,40,107,21,-2.7059472937253615,19
772,63,39,8,21,-2.7329145236727372,18
773,107,15,98,8,-2.7515099832384076,7
774,14,12,107,6,-2.752826564735613,6
775,106,32,74,17,-2.7612048035475665,15
776,54,20,11,10,-2.762923498680346,10
777,30,20,86,11,-2.7676142003206357,9
778,16,33,86,17,-2.7779625121618285,16
779,50,15,79,9,-2.7998338113931363,6
780,54,20,55,11,-2.8062710008984615,9
781,55,31,96,17,-2.8188234933181313,14
782,80,10,87,6,-2.824759591911268,4
783,88,13,65,7,-2.825643505794417,6
784,54,49,96,25,-2.8333839300729595,24
785,74,13,104,7,-2.8634766895700015,6
786,9,11,86,5,-2.9040918238272733,6
787,39,13,63,7,-2.905968773629283,6
788,73,12,20,7,-2.9374134598402435,5
789,8,19,76,10,-2.941917329794886,9
790,28,13,33,6,-2.947399527809851,7
791,20,53,86,29,-2.9582720761436825,24
792,96,11,95,6,-2.9654184336132263,5
793,96,11,109,6,-2.965964697508925,5
794,5,27,8,14,-2.9660237044922693,13
795,65,10,90,5,-3.027765344735429,5
796,84,25,87,14,-3.0365392119344508,11
797,96,13,38,7,-3.0422152322461713,6
798,97,21,86,11,-3.045973490025126,10
799,84,22,55,12,-3.089338762612198,10
800,75,13,74,6,-3.09993879103395,7
801,106,16,97,8,-3.1110305799868163,8
802,107,12,14,7,-3.1146710636183896,5
803,90,33,86,19,-3.1823998863350966,14
804,54,56,86,29,-3.1971962816162383,27
805,107,23,65,13,-3.21903240673643,10
806,55,12,37,6,-3.2381397231424565,6
807,54,12,17,6,-3.2443786434665753,6
808,96,20,65,11,-3.2670140800116547,9
809,86,11,62,6,-3.3010292596050945,5
810,28,22,51,13,-3.310120573345564,9
811,16,17,88,10,-3.339454478569473,7
812,46,21,86,12,-3.3443655545987965,9
813,9,10,20,6,-3.353443346624384,4
814,28,12,100,6,-3.3608978166973564,6
815,91,11,8,6,-3.378942685889598,5
816,8,14,9,9,-3.4085412508397837,5
817,65,16,54,9,-3.4281230381784535,7
818,93,15,74,8,-3.4900326826119916,7
819,107,41,87,23,-3.504378946911036,18
820,70,18,37,10,-3.529886067755539,8
821,84,60,86,31,-3.5529905844827057,29
822,96,26,97,14,-3.5743811494977504,12
823,87,22,54,11,-3.5953547666458547,11
824,74,11,34,7,-3.607860874124775,4
825,86,60,63,36,-3.6116085945966736,24
826,90,18,54,10,-3.6286178426203275,8
827,84,25,8,15,-3.6608734975068673,10
828,97,25,28,15,-3.6775134025462215,10
829,73,10,114,5,-3.7201211944929797,5
830,37,32,107,18,-3.758964530643113,14
831,65,12,84,7,-3.7739462370730514,5
832,102,13,107,7,-3.82683716248099,6
833,55,13,80,6,-3.8447436848053296,7
834,25,23,86,12,-3.8746617325700927,11
835,96,21,37,11,-3.919945326141697,10
836,90,10,88,6,-3.9343516258127544,4
837,11,31,50,18,-3.9439218565792564,13
838,55,39,86,22,-3.9547678901800305,17
839,107,25,5,14,-3.9595530521075104,11
840,88,20,96,10,-3.999156724474132,10
841,95,14,28,8,-4.040550234811,6
842,79,13,11,6,-4.047561716338114,7
843,96,30,20,17,-4.049587501562743,13
844,54,22,5,14,-4.058205887373023,8
845,95,16,54,9,-4.078811356006668,7
846,107,55,86,29,-4.081167564455669,26
847,5,31,74,16,-4.086574883330395,15
848,90,16,84,9,-4.100528600599519,7
849,50,13,74,8,-4.1314000134172755,5
850,63,11,51,6,-4.13659014356556,5
851,98,13,28,8,-4.1467994565841355,5
852,106,31,84,16,-4.1572969237916,15
853,16,17,50,9,-4.161516760289184,8
854,70,22,84,13,-4.182188769343141,9
855,8,14,46,8,-4.220599713273973,6
856,74,19,11,11,-4.23431151793133,8
857,54,44,28,26,-4.245817693054632,18
858,74,44,8,26,-4.255670332534103,18
859,46,10,25,6,-4.282271929171334,4
860,39,13,84,7,-4.298313506568312,6
861,98,10,76,5,-4.379545503881031,5
862,87,16,76,9,-4.429864581846375,7
863,5,17,104,10,-4.434559267763124,7
864,11,15,76,9,-4.440509058655133,6
865,87,16,90,8,-4.47742998597362,8
866,91,10,87,6,-4.4896036768148715,4
867,89,10,28,6,-4.495723165298258,4
868,84,42,28,24,-4.50649015825431,18
869,8,12,79,8,-4.523368231395376,4
870,37,14,2,8,-4.5354482741177495,6
871,86,24,98,13,-4.5630101641254415,11
872,8,20,14,12,-4.5745163624627505,8
873,86,41,11,23,-4.616738223926415,18
874,9,11,55,6,-4.690967100580704,5
875,16,13,37,8,-4.696689900528247,5
876,106,22,76,15,-4.704938451504721,7
877,79,13,16,7,-4.716412220610577,6
878,84,15,14,9,-4.752366615638507,6
879,70,12,20,7,-4.75257237437678,5
880,107,14,51,9,-4.812684625944084,5
881,86,13,85,7,-4.833314993475175,6
882,2,22,28,13,-4.837290355461167,9
883,28,52,50,29,-4.842006177720464,23
884,107,19,46,12,-4.854878259381523,7
885,25,16,5,10,-4.867054890846939,6
886,37,26,87,15,-4.897800790500522,11
887,108,13,74,7,-4.90910548020127,6
888,35,13,86,7,-4.963361102394038,6
889,75,15,63,8,-5.001366314131536,7
890,16,13,90,8,-5.005867269542305,5
891,73,12,96,6,-5.035390942293941,6
892,109,24,28,15,-5.056716059445876,9
893,5,12,46,7,-5.137756058052447,5
894,84,26,74,14,-5.163735608111025,12
895,5,15,16,9,-5.173435534526228,6
896,75,21,86,11,-5.178299186899208,10
897,95,11,87,7,-5.184870110841573,4
898,48,18,11,11,-5.21421496819869,7
899,104,10,16,5,-5.21735896074004,5
900,100,11,8,7,-5.278831269681899,4
901,51,16,16,8,-5.285051160663567,8
902,51,16,8,8,-5.315555668912091,8
903,48,16,106,9,-5.330591930412405,7
904,74,20,63,12,-5.33092222782118,8
905,20,26,87,14,-5.375553934782474,12
906,96,34,63,21,-5.39321635342965,13
907,46,19,74,12,-5.455705635573335,7
908,84,16,37,9,-5.457491071976679,7
909,54,13,93,8,-5.47672375370575,5
910,88,11,2,7,-5.477658376983314,4
911,108,16,107,10,-5.514649447329664,6
912,114,21,25,11,-5.537186997486627,10
913,8,21,73,12,-5.539910811917831,9
914,54,20,84,12,-5.558513011125089,8
915,50,12,9,8,-5.578106204160814,4
916,106,16,65,10,-5.613829651583315,6
917,84,11,38,6,-5.627456024192355,5
918,46,11,63,7,-5.629323926806441,4
919,86,17,95,11,-5.641395768359862,6
920,2,10,5,6,-5.6557505474818175,4
921,102,18,28,10,-5.700253275575529,8
922,55,20,63,12,-5.717328262845937,8
923,9,12,84,7,-5.723245457590759,5
924,11,25,16,14,-5.769670234076513,11
925,108,12,16,7,-5.770631208900042,5
926,96,75,86,45,-5.787277784402558,30
927,25,21,96,12,-5.815913112162358,9
928,11,14,39,10,-5.821131817679595,4
929,96,12,30,7,-5.827709187189811,5
930,54,42,50,24,-5.8411015221158396,18
931,50,11,108,7,-5.852974916650042,4
932,20,19,88,10,-5.857580249996713,9
933,11,10,33,5,-5.887923901561768,5
934,54,28,16,15,-5.982292107634971,13
935,84,15,109,9,-6.015767126917385,6
936,5,13,76,8,-6.061052091280193,5
937,79,10,55,6,-6.105260957218082,4
938,104,13,96,8,-6.125308722017562,5
939,37,34,20,19,-6.136211544699574,15
940,114,16,86,9,-6.136492081576413,7
941,70,16,63,9,-6.193877894018655,7
942,48,23,86,14,-6.215181955253337,9
943,5,14,93,9,-6.281366808210213,5
944,106,23,37,13,-6.288276905479725,10
945,86,29,50,16,-6.30520506794038,13
946,106,11,34,7,-6.348877012003049,4
947,18,10,50,5,-6.440154509710172,5
948,28,17,14,11,-6.462988674713606,6
949,65,21,28,12,-6.47664306619732,9
950,54,15,98,9,-6.569281367821096,6
951,48,27,63,17,-6.571090299613161,10
952,86,32,37,19,-6.591525161934109,13
953,76,11,54,7,-6.60321190549357,4
954,11,16,5,9,-6.631509753576111,7
955,107,19,90,12,-6.650898289388344,7
956,114,11,102,8,-6.658731824235187,3
957,2,10,46,6,-6.670222065576342,4
958,74,23,87,14,-6.703296087788493,9
959,104,17,86,9,-6.722487029251985,8
960,84,14,91,8,-6.727253664703563,6
961,70,22,96,11,-6.734945499709392,11
962,70,37,54,21,-6.740686016828504,16
963,108,10,48,7,-6.749808304712144,3
964,25,17,28,11,-6.781907282053179,6
965,80,11,11,7,-6.802148460786961,4
966,25,15,74,10,-6.813620669356461,5
967,37,13,90,8,-6.816364682749636,5
968,106,22,20,14,-6.829724934902,8
969,63,22,80,14,-6.84351888546065,8
970,75,18,28,10,-6.846566435399732,8
971,37,12,65,7,-6.8663176912939194,5
972,28,10,30,6,-6.887888917999973,4
973,86,12,93,8,-6.922029970425322,4
974,5,20,50,11,-6.9247321091285485,9
975,38,10,63,6,-6.943399827831369,4
976,107,25,106,16,-7.050885664381847,9
977,48,11,50,7,-7.058211213950958,4
978,80,21,86,12,-7.071945289109108,9
979,109,13,11,8,-7.078888073047802,5
980,20,17,5,10,-7.082525775122669,7
981,79,12,63,8,-7.1114844508040305,4
982,84,12,93,8,-7.171686286545099,4
983,107,22,48,13,-7.3302788653741935,9
984,28,22,46,15,-7.331004837095024,7
985,109,10,50,7,-7.344576987504273,3
986,25,15,102,10,-7.370724163994214,5
987,84,14,51,9,-7.416041984054565,5
988,96,10,7,7,-7.456970205866161,3
989,28,22,104,15,-7.584713096573633,7
990,107,10,85,6,-7.595499375056905,4
991,80,22,96,14,-7.6325568595370585,8
992,108,10,55,6,-7.6603824871739565,4
993,50,13,76,9,-7.685614095381234,4
994,70,14,76,9,-7.7067801731883225,5
995,106,10,79,6,-7.723339908977311,4
996,79,20,48,12,-7.7777328666170344,8
997,70,15,5,9,-7.800041984653825,6
998,17,10,28,6,-7.85928470645211,4
999,96,14,114,9,-7.889762565328155,5
1000,106,24,80,15,-7.94893708145332,9
1001,34,12,96,8,-7.949755484984076,4
1002,88,20,54,12,-7.951668718801495,8
1003,28,13,93,9,-7.977780890104037,4
1004,96,19,102,12,-7.995631160966494,7
1005,91,18,28,11,-8.014570368036852,7
1006,74,20,73,13,-8.015220364277019,7
1007,76,17,63,12,-8.029454753014045,5
1008,48,14,16,8,-8.053586068768565,6
1009,107,16,76,10,-8.078268794170352,6
1010,46,11,87,7,-8.085642241853424,4
1011,65,14,80,9,-8.117894882236024,5
1012,87,36,8,23,-8.135915853517417,13
1013,108,12,86,7,-8.204205290543772,5
1014,63,17,37,11,-8.282550700178032,6
1015,107,29,114,18,-8.373672285199184,11
1016,88,18,63,11,-8.410761382430712,7
1017,107,10,57,6,-8.46673756025304,4
1018,96,33,74,21,-8.474831991428166,12
1019,20,10,33,6,-8.511061177639792,4
1020,96,25,50,16,-8.534707794331519,9
1021,114,10,90,6,-8.560822077428913,4
1022,87,10,102,7,-8.61362310955975,3
1023,8,16,93,10,-8.764909146358075,6
1024,107,18,91,12,-8.785801812136052,6
1025,107,12,71,8,-8.85340822050049,4
1026,51,11,54,7,-8.860591635258784,4
1027,20,18,11,13,-8.87279931653183,5
1028,95,10,5,7,-8.888673428502386,3
1029,65,14,87,9,-8.95657868344531,5
1030,51,25,86,15,-9.064197489975363,10
1031,70,12,88,8,-9.079962845683914,4
1032,28,36,63,24,-9.124544539213488,12
1033,28,21,88,14,-9.173292677246712,7
1034,8,15,30,10,-9.185211827951933,5
1035,16,10,2,7,-9.214178381730255,3
1036,102,11,50,6,-9.219287312483527,5
1037,65,11,2,8,-9.274625860779656,3
1038,5,13,97,9,-9.29611525828206,4
1039,63,14,108,9,-9.298531248541147,5
1040,80,13,90,9,-9.30675268400111,4
1041,20,25,63,15,-9.320091766955514,10
1042,2,18,63,11,-9.42432372295896,7
1043,2,13,87,8,-9.430732046556471,5
1044,82,16,86,11,-9.445784289963353,5
1045,51,14,20,8,-9.477293220680318,6
1046,70,18,28,11,-9.49831769161556,7
1047,8,13,95,8,-9.502751434643129,5
1048,87,12,79,9,-9.532024747647966,3
1049,18,10,28,6,-9.538088324550174,4
1050,5,13,73,8,-9.6154675420233,5
1051,106,14,98,9,-9.701360201061403,5
1052,107,27,50,17,-9.72299397110463,10
1053,55,18,16,12,-9.733018432439058,6
1054,107,23,2,16,-9.751644460868953,7
1055,84,22,20,16,-9.790302500691977,6
1056,79,23,86,15,-9.865377107457421,8
1057,70,25,86,15,-9.873503365195567,10
1058,96,17,51,11,-9.900170566840332,6
1059,106,13,2,8,-9.919015199493714,5
1060,76,20,86,13,-9.940010233613185,7
1061,63,16,98,10,-9.99737377528037,6
1062,74,11,90,8,-10.005531313326735,3
1063,75,14,106,7,-10.013304733371458,7
1064,37,14,97,9,-10.028659807754877,5
1065,102,11,109,7,-10.030166218885235,4
1066,70,12,55,8,-10.141434019068976,4
1067,96,37,16,26,-10.284315397893868,11
1068,75,11,46,8,-10.358241612595513,3
1069,5,17,114,11,-10.36950229434097,6
1070,50,16,90,11,-10.406651686467333,5
1071,84,16,16,10,-10.536673756149728,6
1072,88,16,50,10,-10.561260525311432,6
1073,8,14,75,10,-10.634775722140729,4
1074,5,20,90,14,-10.678407751484231,6
1075,20,23,50,14,-10.679903465549344,9
1076,98,11,50,8,-10.691401226426704,3
1077,37,10,98,6,-10.708566838907796,4
1078,106,18,90,12,-10.722647291777667,6
1079,16,13,30,9,-10.88272905219503,4
1080,8,13,109,8,-10.964382741158794,5
1081,104,16,106,11,-10.9858576113729,5
1082,86,12,69,8,-11.221927430915741,4
1083,104,10,54,7,-11.25199412047397,3
1084,87,18,48,12,-11.267245216521085,6
1085,74,20,20,14,-11.358245495439569,6
1086,84,19,11,13,-11.37372999446702,6
1087,37,18,11,13,-11.3827289769088,5
1088,107,23,88,16,-11.406293477084382,7
1089,96,37,11,25,-11.499036802425273,12
1090,114,18,28,11,-11.571094203781072,7
1091,98,10,91,7,-11.6111736728835,3
1092,97,13,2,9,-11.663957871857763,4
1093,107,15,80,12,-11.678062977381893,3
1094,14,12,86,8,-11.685325963112222,4
1095,5,11,109,7,-11.832394491701884,4
1096,88,10,95,7,-11.838381077895013,3
1097,109,17,86,13,-11.844463141455284,4
1098,55,10,76,8,-11.845869320079572,2
1099,104,12,88,8,-11.911529882206116,4
1100,109,12,63,9,-11.942560456485012,3
1101,87,10,30,7,-11.954020606538128,3
1102,93,12,87,8,-11.974909065966637,4
1103,46,22,88,16,-11.977418966531808,6
1104,106,26,16,19,-12.029895570185102,7
1105,8,14,102,10,-12.059796950333432,4
1106,96,21,48,15,-12.070440756211473,6
1107,37,11,17,7,-12.091989410814138,4
1108,107,14,97,9,-12.19386675072097,5
1109,96,11,85,8,-12.207174001404555,3
1110,74,11,51,8,-12.350755204498363,3
1111,107,17,73,11,-12.476279417058619,6
1112,39,10,86,6,-12.521968554365154,4
1113,96,23,98,15,-12.672735601907378,8
1114,73,16,86,10,-12.90546934044994,6
1115,54,38,63,27,-12.927281881197459,11
1116,70,16,106,10,-12.968431502557104,6
1117,20,11,114,8,-12.975045668551978,3
1118,107,23,16,17,-12.980459438572407,6
1119,28,22,74,16,-12.995845160436723,6
1120,8,13,97,9,-13.031573471749281,4
1121,14,10,80,6,-13.097202558791372,4
1122,54,19,48,13,-13.122325082638987,6
1123,109,10,114,8,-13.187151994977205,2
1124,91,10,16,7,-13.247386679926667,3
1125,37,10,73,6,-13.34468511862642,4
1126,76,10,84,7,-13.371791794476115,3
1127,28,11,69,7,-13.387342269628983,4
1128,98,10,8,8,-13.401113555216398,2
1129,25,10,97,7,-13.475272948874993,3
1130,11,25,55,19,-13.485189958967283,6
1131,84,18,5,13,-13.492491984016144,5
1132,90,11,20,8,-13.533149150503409,3
1133,70,14,74,9,-13.572652033308668,5
1134,28,11,34,8,-13.638017355711035,3
1135,107,12,93,9,-13.901964675238569,3
1136,84,12,46,9,-13.97403398222274,3
1137,8,13,71,9,-13.992705985768803,4
1138,48,10,90,7,-14.062301149493257,3
1139,114,11,50,8,-14.440936377383055,3
1140,63,11,14,7,-14.53302527333945,4
1141,84,33,63,23,-14.557123158417973,10
1142,35,11,80,8,-14.578551377058158,3
1143,65,11,8,8,-14.67711948639893,3
1144,96,16,46,10,-14.744941109171661,6
1145,50,12,80,10,-14.926124931290454,2
1146,96,12,91,9,-15.083901067533665,3
1147,70,14,87,10,-15.120817685915842,4
1148,90,14,73,10,-15.18129739743865,4
1149,114,10,8,8,-15.243078785582242,2
1150,11,10,93,8,-15.321419061771829,2
1151,86,17,102,14,-15.488881232298953,3
1152,46,10,16,7,-15.615390213809864,3
1153,98,11,11,8,-15.628746614720155,3
1154,9,11,48,8,-15.643745764186933,3
1155,87,33,16,24,-15.84959503188496,9
1156,23,10,106,7,-16.05394351537058,3
1157,70,13,11,10,-16.32604658673946,3
1158,20,11,91,8,-16.614550431285505,3
1159,63,12,90,9,-16.840668609829063,3
1160,86,12,41,10,-16.916591977189356,2
1161,54,10,73,8,-17.106743436572103,2
1162,74,21,16,16,-17.197858238465976,5
1163,87,11,34,8,-17.33811535027782,3
1164,54,21,37,15,-17.51161506356196,6
1165,35,13,107,11,-17.620728555906968,2
1166,28,23,90,18,-17.842079516061677,5
1167,70,15,2,11,-18.05781343886209,4
1168,91,17,63,13,-18.120595699414864,4
1169,70,10,50,7,-18.669208398142956,3
1170,25,12,37,9,-19.099677849846145,3
1171,112,14,28,11,-19.249826897720947,3
1172,54,13,2,11,-19.75997048475248,2
1173,25,11,20,9,-19.987918292379536,2
1174,66,10,107,8,-20.152222817707916,2
1175,55,18,50,14,-21.38404284403115,4
1176,96,13,93,11,-21.644278578741655,2
1177,54,11,100,9,-22.097210665084006,2
1178,51,10,34,9,-22.213174768846976,1
1179,109,12,88,11,-22.620146016522725,1
1180,35,13,76,10,-24.45415726080802,3
1181,35,10,48,9,-25.15519793083891,1
1182,54,11,30,10,-25.713620235434703,1
1183,107,11,30,10,-27.722922665092828,1
