,againstHero,games,hero,losses,shift,wins
0,64,10,112,0,31.38810854729242,10
1,41,13,4,3,29.213796795605578,10
2,90,11,23,1,28.300961743533684,10
3,61,11,7,2,25.644426465226903,9
4,75,15,77,2,25.509874365270075,13
5,48,10,35,1,25.155197930838906,9
6,73,12,97,3,24.10757303293757,9
7,86,13,58,2,23.86439409876387,11
8,43,10,91,1,23.829829898779074,9
9,27,10,69,2,23.704204091949634,8
10,43,12,4,3,23.688429878532556,9
11,44,10,55,2,23.361076236430034,8
12,2,14,51,3,23.236324904468606,11
13,27,21,9,4,23.07230652184508,17
14,10,10,28,1,23.03135332069283,9
15,71,10,112,2,22.960292881582223,8
16,14,13,55,1,22.739856337181138,12
17,98,12,4,1,22.732139838727818,11
18,30,15,36,1,22.591849436299622,14
19,4,12,54,1,22.374669781363053,11
20,34,11,51,2,22.213174768846972,9
21,91,10,97,2,22.126099468550684,8
22,100,23,65,3,21.5226840641099,20
23,25,13,4,2,21.42004260246313,11
24,104,16,91,1,21.319718278752113,15
25,90,17,51,2,21.316832661511135,15
26,15,11,9,3,21.26853343676879,8
27,23,12,17,2,21.1550110115583,10
28,55,17,33,3,21.027735426652754,14
29,55,11,38,2,20.87506721402826,9
30,15,20,39,3,20.57238362183036,17
31,53,18,69,4,20.406032844482603,14
32,75,13,3,2,20.269434346658137,11
33,58,10,68,2,20.219065191384033,8
34,111,11,75,3,20.02641187481709,8
35,95,12,32,2,19.760326388824463,10
36,90,10,68,2,19.75244962865367,8
37,30,12,69,3,19.744077527158034,9
38,57,11,39,2,19.63657815196269,9
39,51,17,81,5,19.5937729806129,12
40,99,14,18,3,19.290873438644514,11
41,71,16,54,4,19.160217410882943,12
42,75,15,69,3,19.101947425469465,12
43,53,23,9,5,18.947786738261776,18
44,2,10,11,2,18.923084797888755,8
45,90,26,28,5,18.776580206085537,21
46,99,17,28,4,18.754584808369174,13
47,16,15,77,3,18.527051782521912,12
48,65,14,33,3,18.51276218041885,11
49,5,10,18,2,18.464269170029823,8
50,30,14,77,3,18.43097958565835,11
51,62,10,31,3,18.377852941958043,7
52,30,15,31,5,18.11699342281865,10
53,51,11,112,3,17.986869866556564,8
54,69,11,57,2,17.903713317642495,9
55,87,14,81,5,17.895986818118363,9
56,111,11,114,3,17.846918134233796,8
57,32,16,88,4,17.737687410276937,12
58,86,13,52,3,17.69622819904226,10
59,41,14,71,3,17.67731084823486,11
60,86,11,103,3,17.58257489935951,8
61,16,10,67,2,17.493350405648194,8
62,13,17,83,4,17.49250492705119,13
63,23,14,18,4,17.468338798211544,10
64,45,10,43,3,17.339723268429022,7
65,34,11,87,3,17.338115350277818,8
66,35,10,106,3,17.319051156851785,7
67,100,13,68,4,17.287141142351707,9
68,60,10,112,2,17.246673170125877,8
69,63,12,35,3,17.190706154289504,9
70,27,22,5,6,17.18696709990766,16
71,63,13,3,2,17.14198924128311,11
72,55,13,43,2,17.10258262325887,11
73,51,13,10,3,17.10096027286803,10
74,114,25,109,5,17.093936819354333,20
75,77,16,50,3,16.97319460562341,13
76,38,10,31,4,16.97274158238424,6
77,104,13,38,4,16.932665821816894,9
78,38,14,97,3,16.838290194315167,11
79,95,14,30,4,16.836817117204568,10
80,30,17,5,3,16.83586234693501,14
81,50,13,68,4,16.739560938672486,9
82,71,11,38,2,16.65478409438396,9
83,44,12,53,4,16.52274067415439,8
84,11,25,25,5,16.429746187224733,20
85,95,14,71,5,16.392856882688648,9
86,48,13,5,3,16.33074699984749,10
87,44,11,39,3,16.32589693565987,8
88,75,12,80,3,16.212817456366967,9
89,1,11,104,3,16.17092612327934,8
90,28,15,112,4,16.11349662694645,11
91,106,12,31,4,16.096428228240462,8
92,37,13,77,4,16.05875315967213,9
93,95,22,11,5,16.006249051562754,17
94,98,16,31,5,16.004000710168853,11
95,80,17,50,3,15.873366771105445,14
96,99,18,39,4,15.84878961626863,14
97,30,11,41,4,15.823150971823392,7
98,48,10,70,3,15.796496446665468,7
99,8,16,77,4,15.792942369486319,12
100,75,10,12,3,15.792936269133122,7
101,7,14,19,3,15.791436877857704,11
102,48,10,25,3,15.782340463377466,7
103,14,12,63,4,15.759973477645744,8
104,75,10,35,2,15.755761764469415,8
105,93,16,96,4,15.733194627661211,12
106,80,12,35,3,15.72406211872363,9
107,8,13,1,3,15.702434313684373,10
108,95,19,68,3,15.650860272181013,16
109,90,13,97,4,15.621888085765939,9
110,41,17,5,6,15.588220959820697,11
111,7,26,77,7,15.579334977261833,19
112,104,12,31,4,15.561592201078605,8
113,25,11,14,2,15.536643242754739,9
114,104,18,2,6,15.503443707499333,12
115,48,25,54,7,15.479134701809116,18
116,30,20,13,6,15.477451977147966,14
117,49,14,25,4,15.43786379260084,10
118,41,16,53,4,15.403624417612441,12
119,27,24,60,5,15.394287631825772,19
120,54,10,81,3,15.38076667844131,7
121,26,14,86,3,15.350824993299158,11
122,33,12,106,3,15.302059976130478,9
123,67,11,97,2,15.281658756670776,9
124,91,11,65,3,15.248119768267996,8
125,61,15,68,4,15.24709195978541,11
126,73,24,107,8,15.162555439058815,16
127,4,10,38,2,15.118262940497619,8
128,48,12,9,3,15.097519161061681,9
129,91,12,96,3,15.083901067533665,9
130,15,18,18,4,15.068550409028957,14
131,80,10,13,3,15.06552175759758,7
132,16,12,3,3,15.059978640439974,9
133,78,15,51,5,15.057241448728288,10
134,69,14,31,5,15.039257334356927,9
135,76,10,91,2,15.030413557864279,8
136,25,18,99,5,15.014737107768298,13
137,98,11,75,3,14.962268997775858,8
138,114,36,106,10,14.935806388204485,26
139,76,13,60,2,14.892670155328526,11
140,30,17,91,4,14.854653528597783,13
141,80,12,70,2,14.809802177737984,10
142,57,10,36,2,14.790130328982974,8
143,32,14,106,3,14.741977351969275,11
144,43,10,9,3,14.717140734665415,7
145,56,12,107,4,14.703414597955643,8
146,15,11,55,2,14.630800697849656,9
147,49,11,69,4,14.630040162483823,7
148,100,12,60,3,14.59168399850781,9
149,50,12,99,4,14.581629542155014,8
150,27,10,35,3,14.547141678753416,7
151,16,14,32,4,14.542782322425316,10
152,73,12,37,4,14.533349572792922,8
153,13,12,2,4,14.516038794033767,8
154,41,20,9,6,14.476494677187722,14
155,34,12,25,3,14.468789684868277,9
156,73,10,2,3,14.457830254043136,7
157,100,20,54,6,14.454126910452931,14
158,63,17,36,5,14.449729540714554,12
159,89,10,74,3,14.4466828072844,7
160,5,10,3,4,14.426532962397735,6
161,16,41,31,12,14.390998277399369,29
162,62,16,63,5,14.373306402935604,11
163,40,10,83,2,14.347262135245902,8
164,46,11,102,3,14.30749471315205,8
165,34,12,37,3,14.30057126443514,9
166,30,11,11,3,14.29951613613078,8
167,13,64,31,19,14.275025562328816,45
168,74,21,60,7,14.268042080973931,14
169,14,10,97,2,14.259112129654318,8
170,63,11,66,3,14.209916362631539,8
171,40,29,77,8,14.048771071022596,21
172,23,18,5,5,14.02759674176979,13
173,36,10,112,2,14.025388947952377,8
174,87,10,52,3,14.021739835927079,7
175,57,14,63,5,14.005769262322856,9
176,41,11,28,3,13.972619383089011,8
177,16,16,47,5,13.953919967066756,11
178,23,11,83,3,13.9232349355535,8
179,1,13,54,4,13.897798468139287,9
180,11,13,83,3,13.863860744018647,10
181,76,22,35,7,13.840556791437656,15
182,53,16,50,5,13.759740941024015,11
183,80,13,39,4,13.744061353836228,9
184,13,60,88,17,13.74151132476836,43
185,95,19,17,5,13.721873290450482,14
186,114,17,83,5,13.681120041397614,12
187,93,12,46,3,13.65474091099076,9
188,78,11,63,4,13.648263861078725,7
189,47,21,60,6,13.609929815632047,15
190,81,15,94,6,13.59005711274676,9
191,44,11,5,3,13.587521896557622,8
192,107,17,99,5,13.582126995646107,12
193,74,11,103,3,13.53565105452587,8
194,47,18,114,6,13.526562539170767,12
195,98,11,46,4,13.482621473195683,7
196,34,13,8,4,13.463977802181443,9
197,93,10,90,3,13.452391800759148,7
198,102,17,55,5,13.448934349992445,12
199,55,10,85,3,13.429604925610438,7
200,40,21,71,6,13.428256103960052,15
201,25,12,32,5,13.427877456338663,7
202,28,13,68,3,13.417244490921588,10
203,30,14,18,4,13.395176006688526,10
204,18,11,37,3,13.371391730474068,8
205,55,11,32,4,13.36363963009391,7
206,34,11,20,3,13.36206244645375,8
207,27,17,109,6,13.35441941772247,11
208,16,18,83,5,13.351235477213141,13
209,100,16,39,5,13.327436341351765,11
210,49,12,77,3,13.281163183221421,9
211,7,12,99,4,13.274517260788409,8
212,9,15,104,5,13.265958080839571,10
213,80,15,88,5,13.263947598977518,10
214,11,39,96,12,13.25258237771624,27
215,95,36,88,11,13.24512473637818,25
216,8,16,41,4,13.244566662838952,12
217,108,13,60,4,13.225499906177388,9
218,50,16,46,6,13.220197801431311,10
219,34,11,30,3,13.149679586972224,8
220,95,28,37,7,13.149042342745604,21
221,53,15,77,5,13.125923769197524,10
222,62,14,39,5,13.12182454321618,9
223,16,18,94,5,13.11498650467449,13
224,80,10,14,4,13.097202558791373,6
225,104,38,46,12,13.083570903140268,26
226,91,27,60,9,13.066055089202223,18
227,65,16,58,5,13.06068289958157,11
228,27,26,36,9,13.042063327238692,17
229,104,13,44,4,13.041336406816619,9
230,27,29,65,9,13.035250514579241,20
231,27,12,114,4,13.009570993376595,8
232,89,14,107,4,12.997634313671218,10
233,76,16,39,4,12.981613300224623,12
234,41,13,92,4,12.929503950347241,9
235,74,17,62,5,12.918007478610392,12
236,78,10,96,3,12.899686199305037,7
237,69,12,68,4,12.886567740350372,8
238,53,15,12,5,12.863881794501301,10
239,81,12,63,4,12.812847865042881,8
240,64,16,106,5,12.767363739008943,11
241,95,10,36,3,12.746346244298937,7
242,106,11,108,3,12.74110274694642,8
243,65,14,73,4,12.739488636982378,10
244,76,10,49,3,12.730664919589284,7
245,28,10,52,3,12.725624774771763,7
246,8,16,36,5,12.721597845881664,11
247,16,22,1,5,12.715599823721535,17
248,111,16,88,4,12.710530076381987,12
249,57,25,107,8,12.686495355302794,17
250,77,19,51,6,12.647622107219116,13
251,13,22,97,7,12.647539312160676,15
252,1,16,63,6,12.619618788583583,10
253,43,16,31,8,12.608617869250047,8
254,80,32,63,9,12.59609357196839,23
255,57,27,5,8,12.572003913811171,19
256,102,30,5,10,12.54926139668405,20
257,75,27,5,10,12.535083552437033,17
258,15,10,50,3,12.479053092203714,7
259,53,37,88,11,12.477936650567816,26
260,104,10,79,4,12.467627013550153,6
261,17,16,60,5,12.448164416078779,11
262,69,10,18,3,12.403882061597322,7
263,9,13,47,4,12.38224273123465,9
264,34,17,28,5,12.371680551795565,12
265,40,20,17,6,12.359425880450816,14
266,19,10,13,3,12.341005194030599,7
267,2,15,54,4,12.306524573726035,11
268,64,19,9,5,12.303481516082549,14
269,63,23,31,7,12.298004488291765,16
270,107,23,35,6,12.292793992800663,17
271,38,11,18,4,12.280794850295543,7
272,88,15,29,5,12.272011459810141,10
273,7,21,96,5,12.232664156332712,16
274,11,21,70,6,12.22505126846703,15
275,35,12,45,5,12.21710035204084,7
276,114,10,81,4,12.183748479704214,6
277,2,22,70,8,12.153236389251056,14
278,92,12,63,5,12.136993324985582,7
279,111,20,41,7,12.134252521617201,13
280,98,27,96,9,12.125771968912133,18
281,100,16,88,5,12.053435860435952,11
282,4,11,45,4,12.01733797592958,7
283,49,10,27,3,12.01055997009829,7
284,40,13,102,5,12.00579215350251,8
285,9,27,31,8,12.002734861738091,19
286,41,12,12,4,11.996881217759752,8
287,5,24,98,8,11.989855689002855,16
288,58,13,69,5,11.98678339614412,8
289,109,13,39,3,11.979369234454992,10
290,49,19,104,6,11.962718506463766,13
291,95,27,18,9,11.951490678023532,18
292,46,23,106,9,11.922619928802634,14
293,86,14,56,4,11.910388622199696,10
294,93,13,11,3,11.901577910299338,10
295,90,18,104,6,11.89837391797068,12
296,70,10,60,3,11.874865166831798,7
297,53,13,61,4,11.872474458651649,9
298,47,11,86,3,11.85175827716386,8
299,33,10,31,4,11.850735149227052,6
300,98,23,87,7,11.823138658909354,16
301,107,12,10,4,11.793904653306294,8
302,8,21,40,6,11.791921402372775,15
303,63,40,88,11,11.771841835698558,29
304,1,20,31,8,11.742986631682967,12
305,49,16,60,5,11.728277714206637,11
306,53,12,46,4,11.691208139075002,8
307,30,19,64,6,11.6897992194803,13
308,76,10,108,3,11.689376602430274,7
309,16,39,18,12,11.672793985441842,27
310,104,19,27,5,11.58292642048061,14
311,64,13,92,6,11.570782768134926,7
312,33,15,50,5,11.568332857311571,10
313,114,12,2,4,11.567668937733664,8
314,45,17,51,5,11.554061190587255,12
315,75,17,81,5,11.54496635795932,12
316,74,15,76,6,11.544600382799558,9
317,86,12,94,4,11.54407414297375,8
318,74,31,28,10,11.526159046117094,21
319,2,19,65,5,11.516889521254612,14
320,37,44,54,14,11.514339123049963,30
321,6,10,55,2,11.480199964282336,8
322,98,10,88,3,11.438021992981463,7
323,67,15,106,5,11.416394671072158,10
324,57,23,16,8,11.38639029821982,15
325,37,14,27,4,11.378309035824227,10
326,87,24,114,9,11.376365484227016,15
327,69,15,28,6,11.351855367268074,9
328,30,24,39,8,11.345840707396123,16
329,15,16,86,5,11.345257527400202,11
330,48,23,96,7,11.32304165734682,16
331,55,35,1,11,11.318872050309835,24
332,30,21,54,6,11.315979513400258,15
333,41,14,49,5,11.30726179664342,9
334,80,10,79,4,11.30670069299901,6
335,80,10,5,3,11.295210617596885,7
336,16,38,91,11,11.273281125854663,27
337,98,23,63,8,11.268443265371468,15
338,90,12,48,4,11.252381363492233,8
339,87,29,70,11,11.250414739740135,18
340,40,13,81,4,11.249205674756393,9
341,53,34,36,10,11.245890675311559,24
342,98,18,106,6,11.217270403208776,12
343,79,13,87,3,11.211504341364096,10
344,89,11,1,4,11.209011069389932,7
345,6,12,61,4,11.200388242698187,8
346,16,25,9,8,11.197915963174951,17
347,91,10,109,3,11.192740070217315,7
348,30,15,46,5,11.187097177578687,10
349,18,11,1,3,11.165626164288787,8
350,43,13,53,4,11.142269636564135,9
351,95,17,114,6,11.13780049655805,11
352,74,13,32,4,11.101664191982366,9
353,76,11,36,2,11.09862925336368,9
354,86,22,81,6,11.096980834900567,16
355,20,14,98,4,11.083964695514595,10
356,110,18,25,5,11.063714709672922,13
357,57,13,13,5,11.057300467931773,8
358,99,11,11,4,11.04788337752713,7
359,32,12,114,4,11.045874107216177,8
360,46,19,96,8,11.04431019266856,11
361,78,10,106,3,11.040564461209588,7
362,3,19,39,6,10.995945627351913,13
363,100,26,51,11,10.993077052386393,15
364,107,23,31,10,10.99154925209741,13
365,50,37,88,13,10.986958086725295,24
366,114,11,62,4,10.951643875994158,7
367,109,13,31,4,10.938945271577337,9
368,39,22,106,8,10.93383259877077,14
369,27,14,64,4,10.925557497140753,10
370,95,27,51,8,10.913699301393024,19
371,55,17,68,5,10.910749157644128,12
372,73,17,5,6,10.907383059794872,11
373,100,11,46,4,10.904685887838546,7
374,46,12,64,4,10.89942739550842,8
375,71,16,77,5,10.872072685026803,11
376,13,15,94,5,10.844065562173386,10
377,63,42,28,13,10.834702955484339,29
378,111,12,51,4,10.832494142927859,8
379,48,25,107,9,10.827629447931269,16
380,111,14,63,5,10.807637905788148,9
381,60,26,50,10,10.797992871029315,16
382,104,27,77,9,10.795670361212093,18
383,55,25,91,7,10.791612827626562,18
384,36,14,35,4,10.78250796990051,10
385,59,11,7,3,10.771239818059199,8
386,16,20,76,9,10.743012747059643,11
387,55,16,23,7,10.735784140394152,9
388,62,19,68,7,10.730188512715543,12
389,37,15,60,6,10.721994289598655,9
390,54,11,111,3,10.714143810197228,8
391,43,13,36,5,10.713552025008548,8
392,100,16,63,6,10.70808218920978,10
393,75,12,93,4,10.68974449521869,8
394,50,32,20,11,10.68090573343548,21
395,114,16,96,5,10.657197876480033,11
396,2,22,106,8,10.65269372009429,14
397,17,13,71,5,10.648075222312638,8
398,54,27,40,10,10.646881249270093,17
399,63,12,33,4,10.633619397558364,8
400,51,24,74,7,10.633450080638768,17
401,75,15,38,4,10.597530026810052,11
402,92,14,86,5,10.595431856276917,9
403,16,45,96,13,10.56639260365633,32
404,70,12,71,5,10.549413990341264,7
405,7,15,76,6,10.536622663044149,9
406,7,10,66,4,10.534532214717435,6
407,71,19,97,6,10.5235339621969,13
408,28,29,114,11,10.522587404115153,18
409,75,13,102,4,10.50135368794083,9
410,71,14,5,5,10.499789144404389,9
411,23,12,77,4,10.472073733658851,8
412,13,16,3,4,10.4693650353193,12
413,87,12,33,4,10.466998002217025,8
414,78,12,80,4,10.465717228459772,8
415,16,65,39,23,10.460355812394317,42
416,6,10,31,4,10.459894630543896,6
417,95,14,9,6,10.448151730885066,8
418,110,11,7,5,10.422576579231729,6
419,41,12,17,4,10.40461721225408,8
420,73,15,87,4,10.390770444852311,11
421,41,10,3,2,10.384048456655098,8
422,106,16,93,6,10.37915501513517,10
423,104,10,35,4,10.373208624658858,6
424,15,15,107,4,10.369091520007307,11
425,104,13,81,6,10.361322759461329,7
426,86,24,79,8,10.35909536994434,16
427,83,13,84,5,10.357457702755646,8
428,30,33,107,11,10.356501152267775,22
429,16,24,69,9,10.35499456222355,15
430,8,18,91,6,10.34860151027639,12
431,37,13,1,5,10.342164269053148,8
432,110,12,39,3,10.313381088355568,9
433,20,19,55,7,10.312518824176754,12
434,74,21,39,8,10.295229479000922,13
435,34,12,104,4,10.27427919250402,8
436,27,23,31,10,10.2739938026007,13
437,75,13,53,5,10.26400289295583,8
438,77,12,99,3,10.252199704478638,9
439,46,19,39,8,10.233397052672373,11
440,11,36,37,12,10.20717474941383,24
441,98,15,2,6,10.198603389321667,9
442,60,14,97,6,10.197653383589497,8
443,71,13,33,4,10.195530501937561,9
444,87,25,91,8,10.193772096879421,17
445,86,49,97,17,10.191730194804157,32
446,97,41,37,14,10.190687502541845,27
447,98,15,71,5,10.189669566674565,10
448,23,19,39,7,10.185354124124489,12
449,89,13,104,5,10.17868688184359,8
450,71,15,81,5,10.146196364004535,10
451,92,10,109,3,10.132066653367776,7
452,46,14,70,5,10.128652016947743,9
453,8,10,35,3,10.118762046100299,7
454,107,15,83,5,10.114574167697794,10
455,69,20,106,7,10.109882768326292,13
456,20,30,25,10,10.102780695495063,20
457,75,47,7,16,10.087770884796273,31
458,60,39,4,16,10.08447613843106,23
459,54,12,57,3,10.066024134547122,9
460,36,16,50,7,10.062148758273462,9
461,16,60,106,19,10.051127463174742,41
462,77,15,88,5,10.04400369134599,10
463,75,39,50,12,10.040408681755256,27
464,11,14,18,5,10.031989827572826,9
465,60,22,69,9,10.02663194032535,13
466,81,10,3,3,10.020678397963056,7
467,114,43,65,16,10.010703114891967,27
468,95,25,65,9,9.987438820754939,16
469,60,19,12,9,9.984528424599183,10
470,7,30,91,9,9.9839989099393,21
471,73,18,88,6,9.974203425238965,12
472,38,13,106,6,9.972431475981123,7
473,95,10,2,3,9.920312629990502,7
474,45,19,107,7,9.919744780089784,12
475,40,13,49,5,9.915875625263498,8
476,25,14,3,5,9.907996037168818,9
477,7,12,81,5,9.905873686943623,7
478,68,12,19,5,9.900373348129571,7
479,50,17,18,7,9.885091111762172,10
480,23,13,12,5,9.866702518767214,8
481,64,11,43,4,9.86127930439201,7
482,16,25,64,8,9.851103913802609,17
483,36,15,104,6,9.838970168079866,9
484,104,25,75,9,9.822163907084754,16
485,90,14,39,5,9.813134332006268,9
486,37,24,83,9,9.783726366978417,15
487,107,15,66,5,9.781220349340106,10
488,30,14,70,6,9.768945845713878,8
489,7,42,25,14,9.767728891918425,28
490,11,23,84,8,9.766296004538773,15
491,75,27,54,10,9.754209010714467,17
492,36,17,3,5,9.693819793495463,12
493,13,16,98,5,9.686902315619628,11
494,100,19,87,8,9.686243494464469,11
495,100,12,71,4,9.66068752031631,8
496,40,37,104,12,9.655430392173656,25
497,15,15,104,5,9.65097999933124,10
498,8,31,114,10,9.648827129690279,21
499,104,34,25,13,9.636675179077027,21
500,67,10,107,3,9.62705386726766,7
501,76,16,9,5,9.621504571842449,11
502,99,14,8,6,9.61106559286031,8
503,8,13,53,4,9.596286006275326,9
504,62,11,8,3,9.593511144115352,8
505,106,25,91,8,9.55922901342809,17
506,30,11,4,4,9.534850556328452,7
507,90,14,80,4,9.509239360264802,10
508,37,22,99,7,9.502759058160713,15
509,15,17,65,6,9.497710736916664,11
510,70,13,69,4,9.494709245292386,9
511,1,20,65,8,9.479530241144895,12
512,53,32,31,13,9.469859036589868,19
513,108,22,13,7,9.455108056944892,15
514,30,14,63,5,9.454567130977065,9
515,80,11,51,4,9.452768996423059,7
516,32,11,63,4,9.44232166344675,7
517,83,14,74,6,9.43011849323839,8
518,114,10,110,3,9.422657787947912,7
519,7,39,87,13,9.40943909531165,26
520,34,12,16,4,9.386690960959728,8
521,23,12,50,3,9.354699302165745,9
522,60,11,29,4,9.352046281724496,7
523,37,26,7,10,9.351585671584258,16
524,27,19,63,8,9.333506253315775,11
525,50,17,70,7,9.316243790355681,10
526,2,13,55,5,9.306518823595622,8
527,76,24,68,6,9.277771398501299,18
528,87,25,9,10,9.273421168293078,15
529,63,33,91,11,9.272944845071178,22
530,15,13,51,5,9.260430817248004,8
531,51,11,92,5,9.243838066928689,6
532,114,35,13,15,9.242689308195553,20
533,2,31,107,11,9.235597195463594,20
534,27,15,4,6,9.214915067697104,9
535,2,12,40,4,9.204153353273352,8
536,92,17,39,7,9.202670656436863,10
537,15,11,71,4,9.19725576782928,7
538,98,13,84,4,9.18267526002018,9
539,92,15,40,5,9.168940871834318,10
540,25,22,68,8,9.168222856665714,14
541,5,27,84,10,9.167674877244863,17
542,13,24,69,9,9.162871416318811,15
543,58,20,107,7,9.160448429827849,13
544,27,12,30,5,9.159316291712274,7
545,50,43,5,17,9.156049369840707,26
546,51,10,38,3,9.15594810457023,7
547,64,16,104,5,9.146802673004432,11
548,64,23,51,8,9.140796471719993,15
549,63,41,84,16,9.103134071079266,25
550,44,24,86,9,9.102060428273223,15
551,86,17,72,6,9.090749225860588,11
552,48,11,51,5,9.079697327016948,6
553,95,34,8,13,9.079209474058969,21
554,76,34,51,11,9.077747475176407,23
555,13,35,18,14,9.075724545841895,21
556,114,11,12,5,9.067821568235523,6
557,25,13,9,4,9.043540817668024,9
558,75,33,8,11,9.038485704084975,22
559,64,41,60,14,9.027973681472828,27
560,48,23,87,8,9.021568034700334,15
561,5,15,36,6,9.008614310253613,9
562,81,26,13,9,9.003700902863285,17
563,90,17,63,6,8.996303299649265,11
564,28,11,32,4,8.963821007682872,7
565,76,11,2,3,8.951755335280877,8
566,47,12,81,4,8.94351866787287,8
567,11,13,80,5,8.941133144462878,8
568,104,14,84,6,8.932998314387538,8
569,104,17,71,7,8.92632866469196,10
570,36,15,54,6,8.925113760028648,9
571,11,10,91,3,8.923724837318142,7
572,87,20,49,9,8.915012942359487,11
573,63,22,109,9,8.914534807393178,13
574,70,17,57,8,8.906737604649802,9
575,32,15,87,5,8.84415502943487,10
576,63,18,77,6,8.831772718752353,12
577,36,18,47,6,8.810892372607714,12
578,69,26,86,9,8.810736150015444,17
579,106,23,18,8,8.778191080978742,15
580,79,11,106,4,8.777841617086459,7
581,23,11,91,5,8.754288778364979,6
582,104,23,11,8,8.742484307216115,15
583,51,45,63,18,8.740070603704455,27
584,87,21,53,9,8.73666250026138,12
585,16,16,108,6,8.735246502538358,10
586,39,33,88,12,8.729784324192252,21
587,13,28,1,9,8.726222592414748,19
588,30,10,2,4,8.704387763563812,6
589,41,38,86,13,8.653956346098063,25
590,102,32,86,11,8.651776846078937,21
591,30,37,65,13,8.646278778061175,24
592,40,62,68,21,8.642890009281665,41
593,7,21,58,9,8.637350419359532,12
594,13,16,6,6,8.62792533539333,10
595,95,13,40,5,8.623923471834955,8
596,40,19,3,6,8.60466249133143,13
597,90,22,50,8,8.598522697494,14
598,15,13,75,4,8.597300929966654,9
599,50,19,102,8,8.595702748065333,11
600,108,20,70,7,8.591977771420845,13
601,95,23,55,8,8.575006509864881,15
602,36,10,19,4,8.57197936901591,6
603,37,27,38,10,8.549020352319754,17
604,110,15,70,5,8.53630083928903,10
605,12,13,106,4,8.530975907772834,9
606,86,27,83,8,8.51226403433352,19
607,63,17,4,6,8.51204265071513,11
608,63,17,69,5,8.506537399631053,12
609,114,17,64,6,8.482108897967732,11
610,63,25,76,8,8.481730276547944,17
611,90,21,65,9,8.468020439085363,12
612,110,11,107,4,8.455449086920911,7
613,95,14,96,5,8.45037398259218,9
614,29,15,87,5,8.448402750963464,10
615,55,20,114,7,8.432483182241098,13
616,73,19,90,7,8.424101991862472,12
617,68,24,91,10,8.412577437061728,14
618,6,10,46,4,8.386722378353735,6
619,11,11,9,4,8.359525570926444,7
620,65,36,20,12,8.34320612131785,24
621,44,13,7,5,8.34001533270396,8
622,17,13,9,5,8.326710277225676,8
623,73,16,40,6,8.325505691275456,10
624,86,22,1,8,8.32319223936675,14
625,13,55,106,20,8.312232350454261,35
626,47,10,18,3,8.30923349927551,7
627,102,17,88,5,8.307899790454732,12
628,60,11,66,3,8.298339609799458,8
629,93,15,50,5,8.294711253080576,10
630,107,11,69,4,8.293842345373674,7
631,86,36,76,13,8.291928243226383,23
632,16,28,100,10,8.28524847579159,18
633,90,31,106,10,8.283845461248372,21
634,27,13,43,6,8.281785030351253,7
635,41,18,91,6,8.276671952774393,12
636,100,15,55,7,8.275270908208638,8
637,16,98,88,35,8.270405012857204,63
638,75,12,76,5,8.269580351796622,7
639,37,12,14,5,8.266467835075433,7
640,40,49,55,18,8.264830770768937,31
641,41,19,109,6,8.25191645501863,13
642,89,12,16,5,8.242329112388783,7
643,18,35,39,12,8.237293647729608,23
644,23,31,60,11,8.218876939400939,20
645,15,26,88,8,8.210771365525122,18
646,11,24,109,8,8.196422948591085,16
647,104,35,60,10,8.183651908443375,25
648,108,13,98,5,8.179403178791242,8
649,68,11,33,4,8.166895131198165,7
650,20,14,102,6,8.160756483849335,8
651,70,16,109,6,8.155151079730675,10
652,75,53,68,18,8.15129575671397,35
653,75,12,29,5,8.144839094845086,7
654,100,19,25,8,8.126357393020873,11
655,81,15,16,5,8.120114808218235,10
656,51,19,96,7,8.115030150293324,12
657,60,16,96,4,8.111178170207001,12
658,8,19,15,8,8.110493801505946,11
659,86,20,4,7,8.098499996816944,13
660,43,11,109,4,8.094303642212859,7
661,53,15,109,5,8.093404481537448,10
662,8,61,5,24,8.080732178020162,37
663,20,23,84,7,8.075470698309143,16
664,92,11,27,5,8.074373632908287,6
665,93,24,28,8,8.070916880531737,16
666,86,15,112,6,8.066513808802785,9
667,90,18,13,6,8.054863834369634,12
668,71,25,68,9,8.049997456311523,16
669,30,24,60,7,8.029670464815947,17
670,89,13,37,6,7.999447796068283,7
671,102,19,96,7,7.9956311609664965,12
672,64,14,37,5,7.994836735645363,9
673,75,19,49,7,7.994055446090445,12
674,95,14,109,5,7.99234383641533,9
675,13,16,70,6,7.990308468406848,10
676,15,16,54,7,7.990113178125118,9
677,104,17,17,7,7.988529600474542,10
678,87,24,41,9,7.976388181655021,15
679,12,12,4,4,7.976222296376225,8
680,11,16,57,7,7.975072284787963,9
681,65,25,5,10,7.967561696591304,15
682,57,16,55,7,7.964168012543882,9
683,54,70,88,27,7.953176748990858,43
684,27,13,77,5,7.939137496569419,8
685,97,14,84,4,7.932419590040102,10
686,77,12,64,6,7.9282827223690555,6
687,33,16,20,6,7.928062438364485,10
688,7,17,109,6,7.917079020136835,11
689,86,44,39,18,7.916188475664828,26
690,88,10,82,4,7.912578083642496,6
691,33,22,107,9,7.889216015388601,13
692,20,23,51,10,7.873291814736603,13
693,85,13,96,4,7.87177905722743,9
694,27,34,88,15,7.839183444170464,19
695,30,10,35,4,7.834589320190253,6
696,8,17,98,6,7.8322640771965775,11
697,16,87,7,36,7.82007141588358,51
698,93,17,86,6,7.815785095507573,11
699,63,56,54,21,7.809523542573286,35
700,53,12,3,4,7.802864213591086,8
701,18,19,97,7,7.786893043230254,12
702,48,20,79,8,7.777732866617034,12
703,34,13,17,4,7.773261222871451,9
704,10,14,86,6,7.764445720347282,8
705,53,11,73,4,7.756297558195456,7
706,37,49,25,20,7.755599308877524,29
707,73,13,54,5,7.746921178252216,8
708,97,15,36,6,7.746568887819004,9
709,13,44,36,16,7.7457250321923174,28
710,109,31,8,13,7.730735193905243,18
711,37,43,63,16,7.7225587241992235,27
712,54,14,76,5,7.722451793722613,9
713,69,10,109,4,7.709222479752556,6
714,53,17,108,8,7.691782047867256,9
715,111,25,7,10,7.69032342577198,15
716,5,32,11,12,7.687442157533876,20
717,110,14,97,5,7.6856652674732375,9
718,109,16,34,7,7.6800599779549845,9
719,65,20,29,9,7.677088640841974,11
720,13,28,95,11,7.676313330364074,17
721,54,19,18,8,7.671164831579696,11
722,37,24,96,10,7.665844925696509,14
723,40,12,78,3,7.665773995550055,9
724,29,14,107,4,7.664786511697863,10
725,30,24,55,9,7.660087698385307,15
726,75,15,43,5,7.6544486351885395,10
727,28,34,70,13,7.649551061711329,21
728,63,14,43,5,7.634644679088045,9
729,96,22,80,8,7.6325568595370585,14
730,80,29,107,10,7.61257790299071,19
731,20,15,90,6,7.5926874674698235,9
732,58,18,88,7,7.5880987725104365,11
733,46,12,77,5,7.574271980014295,7
734,7,18,46,6,7.57256052825316,12
735,34,14,5,4,7.5706698448560905,10
736,33,11,23,4,7.562255793226968,7
737,97,22,76,9,7.55617771012973,13
738,96,23,70,11,7.543405368906036,12
739,86,82,51,35,7.536928181675869,47
740,35,18,40,6,7.533996380952332,12
741,28,32,75,12,7.533160694281728,20
742,90,12,33,4,7.529189155587313,8
743,68,38,87,15,7.527116898411069,23
744,55,18,77,7,7.520653437888106,11
745,114,24,39,10,7.515791278431393,14
746,54,25,68,9,7.489611925883005,16
747,74,13,48,6,7.488504403150373,7
748,1,11,4,4,7.485549151859818,7
749,16,27,27,10,7.481407495599662,17
750,108,15,63,6,7.475559971035058,9
751,86,14,67,6,7.4735450853829875,8
752,37,21,110,9,7.457046552670356,12
753,8,58,87,22,7.4539983723530705,36
754,45,20,65,9,7.453844435184001,11
755,28,30,18,12,7.441772892360463,18
756,25,45,46,19,7.439996628911812,26
757,36,34,41,16,7.412500474371832,18
758,76,22,50,7,7.4081472032296025,15
759,37,41,46,14,7.398384968299374,27
760,91,18,20,8,7.395662966437773,10
761,13,47,39,20,7.388331512550152,27
762,16,21,84,9,7.387304706787613,12
763,78,10,107,4,7.38675042694504,6
764,50,33,55,14,7.382587695698174,19
765,3,19,87,7,7.381225642295678,12
766,54,13,43,6,7.381026823850249,7
767,74,26,70,12,7.373620150196768,14
768,73,10,71,4,7.37323406519455,6
769,34,15,74,5,7.367415754617591,10
770,109,13,9,6,7.366573237831339,7
771,25,16,33,5,7.36592627296452,11
772,77,10,114,4,7.3654772203978025,6
773,73,25,8,10,7.35879002547718,15
774,53,24,114,10,7.352331376660101,14
775,92,14,68,5,7.338682351737513,9
776,68,49,53,19,7.334143225637732,30
777,51,49,65,18,7.321424956251933,31
778,109,26,55,12,7.3182997081126135,14
779,106,12,4,6,7.301373821742239,6
780,28,14,111,5,7.296837620354718,9
781,28,18,17,7,7.285855618940973,11
782,73,12,51,4,7.27293256895111,8
783,41,18,97,7,7.264371648173336,11
784,30,28,87,11,7.261869989605062,17
785,98,12,93,5,7.2513528092711335,7
786,8,17,110,6,7.2499619180163615,11
787,31,14,5,5,7.246607645789562,9
788,75,16,4,6,7.243454650582433,10
789,16,11,101,4,7.238690209169098,7
790,1,12,87,5,7.233577884593117,7
791,17,18,55,8,7.225704310999122,10
792,97,28,5,10,7.203089227401705,18
793,94,15,87,6,7.201867133783275,9
794,7,32,97,14,7.201514601551131,18
795,13,46,25,20,7.193450880580756,26
796,16,15,35,5,7.1780383239732055,10
797,28,27,7,10,7.168025749877158,17
798,87,23,93,9,7.164798687762667,14
799,16,23,80,9,7.155101734961403,14
800,51,13,91,5,7.148773018081943,8
801,80,27,55,12,7.147794138544471,15
802,5,17,60,6,7.144002600647477,11
803,63,32,48,12,7.1299692009467925,20
804,7,21,5,8,7.117898011185962,13
805,63,12,79,4,7.1114844508040305,8
806,16,62,55,22,7.108256785232973,40
807,51,16,110,6,7.1045865219974775,10
808,110,15,16,6,7.102784713477103,9
809,114,24,90,10,7.101696850085239,14
810,41,37,68,15,7.094495660130798,22
811,108,19,88,7,7.08266123245474,12
812,107,19,102,8,7.0774996579991125,11
813,102,14,98,6,7.075813129571894,8
814,63,21,38,7,7.07127755522525,14
815,50,14,49,6,7.064134383315743,8
816,16,61,63,25,7.0608144590657425,36
817,68,27,18,11,7.0575085592620574,16
818,28,25,2,9,7.040494915317705,16
819,88,20,3,8,7.0365995443483556,12
820,80,27,106,10,7.029777914575281,17
821,9,23,63,9,7.02836514865889,14
822,100,16,18,7,7.026565168419708,9
823,74,31,84,14,7.0251363399754485,17
824,107,38,53,14,7.016601645048432,24
825,43,18,86,6,7.01541878741382,12
826,45,14,86,6,7.001591160951405,8
827,30,12,90,5,6.995080547552479,7
828,62,15,5,6,6.992708759597391,9
829,114,19,1,7,6.990089974683044,12
830,55,12,94,5,6.987298934898079,7
831,16,16,45,6,6.976498387396664,10
832,16,34,71,12,6.970649186570067,22
833,51,19,33,6,6.969365507134874,13
834,32,18,104,6,6.95922508638955,12
835,12,15,107,5,6.946180013497571,10
836,99,12,88,5,6.93913123202866,7
837,65,32,93,14,6.936392014320224,18
838,71,44,13,18,6.933428089440191,26
839,44,10,87,4,6.930092376966648,6
840,47,22,13,9,6.928247127364264,13
841,75,19,30,8,6.923427737676235,11
842,104,36,55,14,6.909075624793388,22
843,64,26,71,9,6.901091247298654,17
844,104,16,80,7,6.898685093267583,9
845,78,11,7,6,6.890322087249729,5
846,106,15,99,5,6.882359612487447,10
847,107,18,49,8,6.87440510291904,10
848,54,38,109,14,6.870761605419692,24
849,75,17,11,7,6.860129083231025,10
850,86,37,36,15,6.853333892332337,22
851,16,17,14,7,6.836744613344807,10
852,75,39,71,14,6.818806640750764,25
853,27,12,50,4,6.811990692910271,8
854,100,16,114,6,6.806713890734189,10
855,27,13,53,4,6.799297932562181,9
856,55,10,31,4,6.798197972656263,6
857,98,16,49,7,6.781982879058621,9
858,15,11,57,4,6.780688552172742,7
859,86,81,88,32,6.7782400639304905,49
860,97,30,96,13,6.762245122268197,17
861,48,10,108,3,6.749808304712147,7
862,102,15,51,6,6.74947281728566,9
863,98,11,17,5,6.7380138573710076,6
864,64,18,18,7,6.732642419422403,11
865,74,38,96,14,6.731828732252355,24
866,14,13,95,5,6.731405281187272,8
867,100,11,95,5,6.722166987268522,6
868,97,11,32,4,6.722008536715331,7
869,86,21,3,8,6.721931356057468,13
870,91,19,39,7,6.713734119938695,12
871,6,10,40,4,6.705680107058635,6
872,15,12,91,6,6.697476716978323,6
873,111,11,106,3,6.697425895741327,8
874,76,15,88,7,6.688159185418194,8
875,7,11,10,4,6.685744363314091,7
876,114,13,57,5,6.6838726944280715,8
877,15,13,87,6,6.6837649878118555,7
878,29,10,37,4,6.680734619445758,6
879,40,10,69,3,6.6749039421411345,7
880,83,11,71,5,6.656205380333864,6
881,86,25,48,10,6.654329471738231,15
882,63,14,102,6,6.6522226016193855,8
883,64,27,40,10,6.644176524893486,17
884,28,14,40,6,6.638137209902041,8
885,102,19,87,7,6.6316454228279165,12
886,53,13,17,5,6.628322060179847,8
887,25,48,5,19,6.626414170343125,29
888,8,27,84,10,6.62258104422981,17
889,13,38,64,17,6.613628425312982,21
890,16,37,46,15,6.611711661090455,22
891,28,16,36,7,6.602158410065062,9
892,83,17,64,7,6.597115059465707,10
893,65,28,96,12,6.593487230396348,16
894,86,77,96,30,6.579835199705017,47
895,76,14,114,5,6.578120007634398,9
896,84,20,39,8,6.5765495972485954,12
897,73,11,31,4,6.573747338426648,7
898,13,49,87,18,6.571956386741818,31
899,16,30,62,11,6.563348183934731,19
900,47,22,88,9,6.55731909182474,13
901,74,10,41,5,6.555417523357471,5
902,30,10,109,4,6.554543582587362,6
903,75,23,47,7,6.550315616153075,16
904,77,21,18,7,6.545250800191177,14
905,49,10,55,4,6.541972088163769,6
906,56,12,4,6,6.509885274579445,6
907,50,30,96,12,6.50669589608909,18
908,114,20,3,7,6.505970004031861,13
909,90,10,102,5,6.502237322589002,5
910,75,27,31,12,6.501521257577058,15
911,41,27,104,12,6.500266163182682,15
912,46,17,9,7,6.488226478108834,10
913,45,11,68,4,6.479375207416079,7
914,14,17,28,6,6.462988674713604,11
915,90,25,87,10,6.4548524533916245,15
916,51,29,31,10,6.4546925195018,19
917,4,20,87,7,6.445923142452618,13
918,34,15,7,6,6.438395937640913,9
919,40,16,33,5,6.427211772717694,11
920,101,12,68,4,6.425600910426855,8
921,62,12,36,5,6.419555894210638,7
922,107,19,77,8,6.416947048354687,11
923,104,48,28,20,6.415003868782302,28
924,106,13,77,6,6.407119934187455,7
925,87,23,64,10,6.388144400471776,13
926,74,13,77,5,6.38427445953612,8
927,103,11,16,4,6.384231863654396,7
928,3,20,31,9,6.356449955199036,11
929,11,20,98,9,6.338677652860182,11
930,43,25,65,12,6.334369637521842,13
931,62,22,88,9,6.3247742597522665,13
932,112,13,65,6,6.300152537300247,7
933,64,10,3,4,6.298167602814482,6
934,76,10,18,4,6.295952594294594,6
935,107,18,3,9,6.2959165699732,9
936,65,56,88,21,6.287559020425311,35
937,70,16,64,5,6.286009204558742,11
938,41,30,31,12,6.276695675397635,18
939,8,22,57,8,6.276405634666305,14
940,15,12,95,5,6.265255655621163,7
941,57,18,102,8,6.264739678585861,10
942,100,30,107,15,6.262014473902883,15
943,49,12,70,5,6.256572685735779,7
944,49,12,23,5,6.2493025271732385,7
945,40,13,20,5,6.240563950747325,8
946,104,41,50,16,6.230364171354915,25
947,30,22,88,10,6.229515441144281,12
948,13,32,43,15,6.196254653494401,17
949,70,40,5,17,6.19146702192266,23
950,97,33,107,15,6.184244721405298,18
951,37,59,104,23,6.175700710267806,36
952,98,37,86,16,6.173883512848302,21
953,58,13,13,4,6.163916196313293,9
954,16,11,92,3,6.161317715288817,8
955,111,10,60,3,6.155833973529333,7
956,40,22,23,9,6.152194662944809,13
957,68,15,109,5,6.151207133102543,10
958,76,26,55,9,6.147230699405092,17
959,56,17,68,8,6.145672201347775,9
960,109,14,46,6,6.137839688733693,8
961,96,22,90,8,6.131526760597793,14
962,55,24,97,9,6.128965912516967,15
963,71,23,87,10,6.125940998168479,13
964,102,23,54,9,6.120079150891424,14
965,52,10,8,4,6.118835452590007,6
966,81,13,31,4,6.117159791325403,9
967,38,19,65,9,6.1124197139679115,10
968,16,69,87,29,6.110103830263632,40
969,64,18,8,7,6.107418817752092,11
970,55,10,79,4,6.105260957218084,6
971,46,29,75,12,6.102650462365343,17
972,23,40,88,14,6.098802854801483,26
973,104,19,102,9,6.0939191224012355,10
974,16,33,36,13,6.090568410562355,20
975,45,28,7,11,6.088790220415454,17
976,111,23,107,11,6.08814286411973,12
977,93,13,109,5,6.084680305781189,8
978,68,12,5,5,6.084537265067714,7
979,20,44,5,17,6.084413199436967,27
980,60,25,41,11,6.080070950949513,14
981,29,11,55,4,6.0636297407404705,7
982,17,15,109,6,6.060510853587173,9
983,80,12,48,4,6.043656393103958,8
984,50,10,35,4,6.042114866737558,6
985,8,16,32,7,6.041444852098721,9
986,97,20,68,8,6.039555358600263,12
987,114,21,31,9,6.037115584757873,12
988,40,52,88,21,6.033805103128578,31
989,91,17,50,6,6.027790824025911,11
990,95,20,46,8,6.027785407812038,12
991,41,24,114,11,6.018800989183647,13
992,99,10,17,4,6.0116233289389776,6
993,53,19,81,7,5.994076217029547,12
994,100,21,7,9,5.991134989355656,12
995,106,14,43,6,5.989369931740143,8
996,34,10,60,3,5.968824417267719,7
997,97,18,40,7,5.966918416140386,11
998,97,12,10,6,5.950831581917705,6
999,33,15,7,7,5.9471342175078945,8
1000,95,24,50,10,5.93068099165971,14
1001,107,50,20,21,5.930087131424378,29
1002,86,48,75,21,5.925170080936903,27
1003,104,16,4,6,5.92018773625567,10
1004,41,15,45,5,5.9144627061547626,10
1005,63,21,18,8,5.913481317219114,13
1006,65,11,66,4,5.913127119507259,7
1007,93,16,25,7,5.904464695396421,9
1008,64,33,31,13,5.887968682404671,20
1009,75,47,16,19,5.887699770640001,28
1010,15,20,7,10,5.884783634259432,10
1011,46,12,36,5,5.882094180819339,7
1012,54,36,95,16,5.865979569344106,20
1013,107,19,62,9,5.846686214908971,10
1014,106,29,23,14,5.844928556047852,15
1015,108,16,87,6,5.840502938250502,10
1016,62,14,51,6,5.8401093038711664,8
1017,75,15,1,5,5.839655242805768,10
1018,27,29,51,11,5.832222568494554,18
1019,46,12,90,5,5.830565699084015,7
1020,41,14,77,5,5.820932172345256,9
1021,40,16,5,7,5.820527251695649,9
1022,87,30,40,13,5.8106137612197974,17
1023,114,21,70,8,5.7983006395871595,13
1024,74,28,55,12,5.797157459674129,16
1025,9,32,51,14,5.795343064484767,18
1026,25,34,88,12,5.7871536187248696,22
1027,76,32,107,11,5.779595751257269,21
1028,13,38,23,18,5.76847005103782,20
1029,54,12,62,5,5.766589012253395,7
1030,87,23,57,9,5.7654231277476615,14
1031,65,29,17,10,5.745352852862512,19
1032,25,42,106,16,5.73768822242091,26
1033,84,12,9,5,5.723245457590759,7
1034,2,39,50,16,5.718530498550801,23
1035,23,10,102,4,5.7160538226538815,6
1036,28,34,97,13,5.710448223070004,21
1037,50,13,48,5,5.7070179051031635,8
1038,8,40,46,18,5.695904868807617,22
1039,92,13,114,4,5.693422245280035,9
1040,70,10,32,5,5.692479372096213,5
1041,53,10,100,4,5.690378460520071,6
1042,106,12,57,6,5.685749140437754,6
1043,102,10,95,4,5.685319962340818,6
1044,94,10,25,5,5.671887186214519,5
1045,100,25,86,12,5.671432674762782,13
1046,16,31,99,13,5.665818337043021,18
1047,54,11,82,4,5.664278302313932,7
1048,114,39,68,16,5.662138688238251,23
1049,12,14,71,5,5.659957009281256,9
1050,95,24,106,9,5.657914892117911,15
1051,75,13,100,6,5.6556509586331405,7
1052,73,23,74,9,5.649045009007229,14
1053,60,29,75,12,5.6462602390595045,17
1054,109,11,77,5,5.645459503468274,6
1055,28,48,84,20,5.640820939476543,28
1056,12,14,31,6,5.63672448274127,8
1057,114,32,51,14,5.633222578355347,18
1058,68,14,17,5,5.632743402516984,9
1059,86,28,73,13,5.62531345595925,15
1060,5,21,17,7,5.625033929201379,14
1061,64,25,39,10,5.620429917273942,15
1062,114,17,18,7,5.616638058224652,10
1063,100,15,50,6,5.612526049660052,9
1064,99,11,63,5,5.595807733799709,6
1065,52,12,16,5,5.588665300895637,7
1066,78,12,87,6,5.582415110920594,6
1067,71,18,37,8,5.582059073463845,10
1068,55,27,63,12,5.56831553028517,15
1069,76,12,62,5,5.567951553158001,7
1070,11,31,54,13,5.5650490652973295,18
1071,63,11,10,4,5.56040496031845,7
1072,76,14,102,6,5.556814882908007,8
1073,46,11,4,5,5.55622187464566,6
1074,8,41,25,16,5.550067480025434,25
1075,41,13,81,5,5.549157399363071,8
1076,27,28,86,11,5.548838862919885,17
1077,50,24,71,10,5.539942136229876,14
1078,75,12,108,5,5.5350322131385346,7
1079,75,14,109,5,5.526527848068072,9
1080,33,14,102,6,5.525239013163607,8
1081,74,36,46,14,5.51147230082985,22
1082,95,19,83,7,5.510188596504647,12
1083,104,21,100,8,5.507335747436163,13
1084,70,13,36,6,5.503890921362975,7
1085,40,25,1,10,5.499072662784783,15
1086,98,12,114,5,5.496174202168348,7
1087,46,10,1,5,5.488587081929579,5
1088,65,49,40,21,5.488110460552834,28
1089,14,12,13,4,5.487937926146761,8
1090,36,51,31,22,5.484167049973961,29
1091,37,53,106,24,5.481931306152558,29
1092,99,17,36,6,5.4766719172319,11
1093,75,40,88,16,5.4644269661179345,24
1094,61,12,60,6,5.463593585576724,6
1095,41,12,89,5,5.463211968357986,7
1096,23,10,45,4,5.453033589292929,6
1097,4,20,40,9,5.4417645581438725,11
1098,49,13,30,5,5.419054490017786,8
1099,83,10,50,5,5.416126776091855,5
1100,38,10,40,5,5.415692699604588,5
1101,51,15,83,5,5.415397349279681,10
1102,96,10,67,5,5.408732724512927,5
1103,16,30,49,13,5.407761182315815,17
1104,68,65,31,28,5.4008541454527155,37
1105,4,10,37,4,5.399514125787476,6
1106,16,44,68,17,5.396196671497917,27
1107,63,25,2,11,5.395919280999036,14
1108,73,13,16,6,5.382229707777057,7
1109,89,11,60,5,5.373120214726715,6
1110,51,25,69,10,5.364118695437344,15
1111,75,30,63,13,5.362343223381901,17
1112,74,55,106,23,5.3610995173655125,32
1113,72,13,16,6,5.355366251776983,7
1114,104,43,51,16,5.354494200185867,27
1115,4,19,114,8,5.334733293804786,11
1116,107,24,4,10,5.331931868731672,14
1117,107,20,109,7,5.330095834887603,13
1118,17,15,63,6,5.328236059759658,9
1119,97,16,57,7,5.312911388739813,9
1120,86,20,85,9,5.30897970179678,11
1121,111,25,55,10,5.307717141421055,15
1122,37,42,55,19,5.291708177681366,23
1123,8,24,23,11,5.290374398080683,13
1124,56,11,88,5,5.280224334897691,6
1125,23,26,25,11,5.272958869039183,15
1126,100,10,43,5,5.2650109234577185,5
1127,38,18,13,9,5.264955957760157,9
1128,91,27,98,11,5.264552602991693,16
1129,17,17,20,7,5.256441987432858,10
1130,47,10,69,4,5.253027615317654,6
1131,64,25,63,11,5.2519471843425505,14
1132,28,44,109,17,5.243370342287004,27
1133,25,26,40,11,5.242222631716463,15
1134,98,15,40,7,5.239271076053035,8
1135,65,15,14,7,5.239230657167624,8
1136,51,18,47,8,5.236824970381644,10
1137,91,21,25,9,5.236778929543691,12
1138,35,11,5,5,5.226534281744142,6
1139,53,25,30,11,5.226055832762314,14
1140,64,36,86,16,5.225490931669535,20
1141,4,27,65,11,5.22255078082802,16
1142,40,22,37,10,5.2189812618502875,12
1143,33,12,91,6,5.213867650447791,6
1144,31,10,80,3,5.212785572393212,7
1145,46,47,54,19,5.211114398473603,28
1146,55,35,54,16,5.206377054499408,19
1147,34,18,55,8,5.202160532736089,10
1148,46,19,17,8,5.199760499725373,11
1149,87,29,25,13,5.192606014598935,16
1150,18,18,36,8,5.188969607443518,10
1151,91,11,56,5,5.1601828143932735,6
1152,67,12,5,5,5.159840528973067,7
1153,111,14,39,6,5.158992286191915,8
1154,16,18,38,6,5.158593533457798,12
1155,8,54,63,24,5.156454172512435,30
1156,16,47,37,20,5.156319944125245,27
1157,37,20,23,9,5.153587203140157,11
1158,44,15,88,7,5.148664566159752,8
1159,7,62,31,26,5.139149232912137,36
1160,97,31,65,13,5.13743762887539,18
1161,109,12,4,5,5.135069245647407,7
1162,75,12,56,4,5.129167315486338,8
1163,55,23,70,10,5.1032220329288345,13
1164,13,31,50,13,5.1001212439562575,18
1165,18,36,75,16,5.097335185119159,20
1166,54,55,70,23,5.096904873313987,32
1167,60,24,95,10,5.089480392621887,14
1168,60,14,58,6,5.085584297125204,8
1169,114,44,5,19,5.0845200413011105,25
1170,92,10,17,4,5.07288490506961,6
1171,46,17,65,6,5.066104910854949,11
1172,75,38,37,14,5.063027732293458,24
1173,28,10,92,4,5.0573533622845686,6
1174,9,15,3,7,5.055830884483063,8
1175,106,45,5,18,5.052056869360905,27
1176,86,26,80,12,5.05164493959972,14
1177,15,19,5,7,5.0418557472432015,12
1178,107,56,104,23,5.038593476219026,33
1179,54,51,106,24,5.020519473488655,27
1180,60,21,81,9,5.012994181489737,12
1181,93,26,5,10,5.004460526821323,16
1182,111,21,13,10,4.995390065434089,11
1183,104,30,63,13,4.993963037729944,17
1184,97,19,51,7,4.9890140296173415,12
1185,37,71,86,31,4.984756436647984,40
1186,100,10,17,3,4.9777623349052735,7
1187,55,55,65,24,4.97482433256795,31
1188,55,47,5,20,4.968791694509535,27
1189,51,46,60,18,4.966149080053768,28
1190,87,58,37,24,4.964929018708455,34
1191,20,36,96,15,4.958331873160826,21
1192,86,19,32,8,4.958080919600271,11
1193,75,21,64,9,4.949636438236203,12
1194,44,17,16,8,4.943404604585513,9
1195,77,14,87,6,4.942401920251487,8
1196,37,11,108,5,4.94147061612662,6
1197,74,14,23,6,4.939518484257178,8
1198,13,22,54,9,4.93893146370455,13
1199,76,31,104,12,4.9366136394817115,19
1200,20,12,44,5,4.926936915071971,7
1201,106,14,81,7,4.9255436069422425,7
1202,76,12,112,4,4.924716647358051,8
1203,43,12,50,4,4.91992321235012,8
1204,53,36,40,16,4.917532165740872,20
1205,112,13,107,6,4.914490946278641,7
1206,54,12,108,4,4.909695920764135,8
1207,107,25,38,10,4.908134063086162,15
1208,13,14,92,8,4.8979413220300305,6
1209,38,12,64,6,4.89696040571167,6
1210,28,13,62,5,4.8955044879359315,8
1211,91,13,54,6,4.89524942501341,7
1212,8,16,33,6,4.890943290835164,10
1213,83,39,5,18,4.890865835189014,21
1214,39,68,51,30,4.888476763124148,38
1215,8,12,3,7,4.88781937501622,5
1216,60,17,45,8,4.883359468709789,9
1217,16,90,51,38,4.879594479103377,52
1218,88,10,110,5,4.870544753091405,5
1219,44,10,64,4,4.863505670480302,6
1220,63,30,20,14,4.86232561538827,16
1221,7,20,50,9,4.862115792520702,11
1222,17,23,39,9,4.860726227039888,14
1223,7,20,56,9,4.857329358756818,11
1224,38,13,84,6,4.854976710780188,7
1225,53,11,90,5,4.853050220854228,6
1226,96,54,54,25,4.8528151929372525,29
1227,5,30,51,11,4.841333405150811,19
1228,97,18,17,8,4.833173263702722,10
1229,39,15,83,6,4.8326399553033035,9
1230,8,15,67,6,4.831909846155583,9
1231,27,13,47,7,4.827412653081429,6
1232,6,12,106,5,4.810944704219048,7
1233,96,13,108,6,4.805162668071275,7
1234,75,22,96,7,4.801381492311931,15
1235,111,11,25,5,4.797175922879397,6
1236,30,27,71,12,4.793150289784318,15
1237,50,20,31,9,4.790427230707467,11
1238,100,21,5,9,4.790180113588851,12
1239,32,24,5,10,4.788591776396215,14
1240,76,33,5,14,4.788314400539968,19
1241,88,17,38,6,4.778170082860484,11
1242,9,12,5,5,4.777710715122403,7
1243,28,51,54,21,4.774713175137818,30
1244,69,15,114,8,4.773043389885471,7
1245,41,30,63,13,4.7705197173363185,17
1246,25,25,51,11,4.7575046365277345,14
1247,84,13,95,5,4.755677362807473,8
1248,90,30,5,12,4.752640516818983,18
1249,25,26,54,11,4.752384220937879,15
1250,3,21,60,9,4.751093731258031,12
1251,87,36,20,16,4.748487569129384,20
1252,74,38,63,17,4.748458787006123,21
1253,25,16,77,7,4.745845616411638,9
1254,70,16,98,6,4.745137974355768,10
1255,57,11,84,4,4.735926438073418,7
1256,13,46,46,20,4.734603318364916,26
1257,54,26,60,11,4.730103679488508,15
1258,6,13,27,6,4.729645889755502,7
1259,86,18,108,9,4.726875671282598,9
1260,4,18,17,7,4.724962729619737,11
1261,53,43,71,18,4.713137963084874,25
1262,108,14,50,5,4.706826806073906,9
1263,23,12,109,5,4.6863913372413775,7
1264,51,62,107,24,4.682244835187789,38
1265,107,29,64,13,4.673521100155876,16
1266,71,33,86,15,4.671793678311848,18
1267,60,45,31,22,4.669142505092238,23
1268,55,14,98,5,4.662824671110214,9
1269,27,15,25,7,4.649655011418165,8
1270,91,24,13,11,4.648692464477363,13
1271,23,25,68,12,4.644746500376535,13
1272,23,50,7,22,4.6440048769032325,28
1273,23,11,47,4,4.643567503146593,7
1274,73,14,13,6,4.642713338622983,8
1275,66,10,31,4,4.639566265864947,6
1276,73,19,109,8,4.637139105733967,11
1277,60,22,25,10,4.636282806493916,12
1278,39,17,4,7,4.635996289326288,10
1279,87,58,65,24,4.633433601084794,34
1280,73,19,114,8,4.63098312969833,11
1281,7,87,88,38,4.627913768246988,49
1282,96,13,34,5,4.620609194568736,8
1283,64,18,23,8,4.6203346072770595,10
1284,40,18,27,10,4.611851321709848,8
1285,16,25,17,9,4.611552657079801,16
1286,13,57,107,26,4.609426422628676,31
1287,96,11,13,5,4.60827059097085,6
1288,77,13,95,6,4.60149322445291,7
1289,36,31,4,12,4.585108532169438,19
1290,7,56,53,24,4.583272198197194,32
1291,95,31,107,14,4.583124169399101,17
1292,43,15,114,7,4.580699276275163,8
1293,54,29,90,13,4.579893896725855,16
1294,45,13,9,5,4.574382545498478,8
1295,99,14,95,6,4.572737764013027,8
1296,68,31,106,13,4.56970871778676,18
1297,75,22,23,11,4.565873174756108,11
1298,23,25,41,11,4.5633066684659,14
1299,99,16,104,8,4.5627492392393,8
1300,41,25,75,12,4.560769404939248,13
1301,70,15,23,7,4.554568026577778,8
1302,109,13,67,7,4.5540965230597985,6
1303,83,15,46,7,4.551826612706301,8
1304,51,38,46,16,4.548214485505557,22
1305,20,43,28,18,4.544189476783367,25
1306,6,12,87,5,4.542943443769729,7
1307,8,24,102,11,4.537070383836359,13
1308,92,15,7,5,4.5352757928922465,10
1309,13,31,8,13,4.525996738671469,18
1310,79,12,8,4,4.5233682313953745,8
1311,13,65,40,29,4.5230435685203085,36
1312,108,20,51,9,4.509359770753944,11
1313,49,11,114,4,4.496752885669911,7
1314,93,15,37,6,4.493445665639034,9
1315,55,11,27,5,4.4890470852362,6
1316,88,29,70,12,4.478319588858416,17
1317,76,18,109,7,4.469593270372586,11
1318,91,10,57,5,4.468260927215541,5
1319,88,49,104,20,4.467090193995468,29
1320,37,18,32,8,4.466542082918521,10
1321,13,73,51,33,4.4630108320276145,40
1322,43,16,5,7,4.461738819752362,9
1323,77,11,97,4,4.4549011553839994,7
1324,13,33,37,14,4.448467961015427,19
1325,45,11,88,4,4.4416566980945715,7
1326,36,11,77,5,4.437649181831478,6
1327,12,32,65,13,4.422054803948238,19
1328,99,30,13,13,4.420966828834258,17
1329,87,41,50,19,4.419136399037691,22
1330,31,20,58,9,4.4161314640484655,11
1331,68,29,1,12,4.396346766066108,17
1332,111,20,86,8,4.3910837466552355,12
1333,63,38,96,15,4.376849709142971,23
1334,33,13,11,7,4.365968233102095,6
1335,58,10,87,4,4.362695393524183,6
1336,7,23,17,9,4.361794375643627,14
1337,104,31,54,14,4.355933806560286,17
1338,34,12,84,6,4.355418008053165,6
1339,23,15,114,6,4.351642887989123,9
1340,43,22,88,9,4.349059981795284,13
1341,27,24,39,12,4.343262330253083,12
1342,53,12,62,6,4.342092423577953,6
1343,84,33,106,16,4.328019467626489,17
1344,55,38,28,15,4.3253848681242495,23
1345,97,21,104,10,4.32523130287634,11
1346,12,14,39,6,4.321531994064716,8
1347,93,23,54,9,4.307251305123911,14
1348,7,15,62,6,4.3039880331155755,9
1349,39,28,50,12,4.277976458980377,16
1350,97,13,102,5,4.274157979355289,8
1351,55,42,60,19,4.273800296017988,23
1352,33,12,96,7,4.271042933020869,5
1353,88,29,18,14,4.2690371409288055,15
1354,40,13,91,6,4.266105722730477,7
1355,65,42,9,17,4.264469096112007,25
1356,16,77,107,31,4.236485847112407,46
1357,106,23,60,9,4.235191527933482,14
1358,30,11,84,4,4.231660063143016,7
1359,39,11,38,4,4.226260758307928,7
1360,65,54,36,23,4.225784981005992,31
1361,11,37,88,16,4.225572080994506,21
1362,88,59,5,27,4.221472474474537,32
1363,76,27,87,11,4.218072684092399,16
1364,44,15,13,6,4.215811920019836,9
1365,44,10,76,4,4.214872824817864,6
1366,7,40,106,20,4.1953409925548995,20
1367,40,43,39,18,4.186108979099791,25
1368,97,28,63,12,4.183429568929187,16
1369,23,22,76,10,4.176356784293711,12
1370,40,22,50,8,4.17370334148128,14
1371,86,114,5,49,4.1637219397383145,65
1372,71,19,51,8,4.162788919844458,11
1373,88,50,9,22,4.161164150512576,28
1374,75,50,107,18,4.152785540978818,32
1375,20,13,73,5,4.146065391689569,8
1376,87,33,60,15,4.138721771840238,18
1377,11,11,69,4,4.13792149131312,7
1378,6,14,107,6,4.134287277974907,8
1379,8,22,100,9,4.130802595209799,13
1380,13,61,60,25,4.128061965232045,36
1381,20,16,41,7,4.117210182736296,9
1382,12,14,68,6,4.108669111305504,8
1383,7,39,64,18,4.106832725055066,21
1384,45,26,31,11,4.105065896298878,15
1385,114,21,46,9,4.104107153511736,12
1386,83,20,93,9,4.100880722204593,11
1387,43,15,87,7,4.098799175510788,8
1388,86,26,38,11,4.088759139255406,15
1389,74,22,50,10,4.086243740312162,12
1390,68,15,49,7,4.074989168768559,8
1391,20,22,35,9,4.055290224745636,13
1392,32,10,40,5,4.050021677419869,5
1393,11,13,79,7,4.047561716338114,6
1394,35,14,28,7,4.036665461709038,7
1395,27,19,41,9,4.036398281844189,10
1396,13,33,28,14,4.033447367470069,19
1397,37,44,74,20,4.033137310869005,24
1398,37,53,50,25,4.019145568935869,28
1399,107,48,36,22,4.010519619837042,26
1400,99,20,86,8,4.0098912228328505,12
1401,107,53,55,24,4.007419081361914,29
1402,43,10,71,5,3.995417342894245,5
1403,58,10,51,4,3.9912030401078082,6
1404,37,12,69,5,3.9709549460906977,7
1405,104,72,65,33,3.97064919727685,39
1406,74,24,93,11,3.9601017688790825,13
1407,7,41,27,18,3.9580115134974623,23
1408,34,12,76,6,3.9517678907570333,6
1409,6,25,7,14,3.949132386340239,11
1410,37,17,100,7,3.9481789557688414,10
1411,28,28,9,13,3.937494785693687,15
1412,80,10,97,4,3.9365866928471034,6
1413,102,10,83,4,3.9358085201394095,6
1414,86,51,104,23,3.9349590372382424,28
1415,107,17,47,7,3.9327213388354676,10
1416,50,22,114,9,3.9261505794005247,13
1417,68,18,38,7,3.924275685840279,11
1418,5,28,2,12,3.923277825320168,16
1419,37,38,70,16,3.9227382855891664,22
1420,14,17,51,6,3.9161266656978224,11
1421,7,14,57,7,3.91193695841035,7
1422,70,14,91,7,3.9081074484018643,7
1423,12,13,36,6,3.9059808220413945,7
1424,102,26,37,11,3.9015784283610255,15
1425,39,16,20,8,3.8984053346002447,8
1426,15,15,68,6,3.8979807660841916,9
1427,55,44,11,18,3.8920841591670343,26
1428,11,15,17,7,3.886158778436342,8
1429,40,17,45,7,3.8834382086944723,10
1430,45,11,53,5,3.8821334101818095,6
1431,49,24,86,11,3.874685873315394,13
1432,96,24,104,10,3.8706241075776626,14
1433,108,11,68,5,3.868849039567309,6
1434,83,24,65,11,3.8650312387760812,13
1435,91,17,18,7,3.863168888646893,10
1436,106,22,75,11,3.8605003548235586,11
1437,31,18,25,9,3.857287465742464,9
1438,65,14,6,6,3.853639209419111,8
1439,106,24,53,12,3.853397870151072,12
1440,53,46,65,21,3.8486735792356725,25
1441,65,34,111,14,3.8475275648066685,20
1442,41,17,37,7,3.8456182281056206,10
1443,13,25,77,11,3.842001108642558,14
1444,114,21,9,7,3.841240092630792,14
1445,83,27,8,13,3.8382150032056903,14
1446,55,23,9,10,3.8359843867781165,13
1447,7,41,55,17,3.8316587459316964,24
1448,30,19,28,8,3.8298077885882966,11
1449,20,58,54,28,3.826657519065601,30
1450,96,29,88,14,3.826076326561257,15
1451,90,11,7,5,3.819400119735718,6
1452,110,16,5,7,3.8138584796050923,9
1453,8,23,9,12,3.807113841420042,11
1454,53,39,64,17,3.8067380932231165,22
1455,77,17,65,8,3.80475166910596,9
1456,88,50,28,21,3.776497240905,29
1457,16,13,93,6,3.765796324860313,7
1458,88,16,6,7,3.757051253043465,9
1459,73,17,7,8,3.7566056838478197,9
1460,50,66,28,29,3.75491430266166,37
1461,65,15,48,6,3.7446571454477797,9
1462,109,26,16,12,3.7403001366712836,14
1463,49,19,17,7,3.7368484909488555,12
1464,102,26,114,11,3.732596192745536,15
1465,34,24,107,9,3.7209873956041655,15
1466,7,87,51,36,3.718645770134088,51
1467,43,19,60,8,3.7162387480856083,11
1468,90,16,17,8,3.700146396445632,8
1469,28,28,102,13,3.6997830630198973,15
1470,89,14,50,7,3.697778125616005,7
1471,46,20,84,8,3.686829488531013,12
1472,110,10,54,4,3.679838574958167,6
1473,87,18,97,7,3.6732434405581906,11
1474,71,12,27,5,3.672482180614424,7
1475,8,53,96,23,3.6687416252473026,30
1476,79,10,88,4,3.6658466896877484,6
1477,62,10,50,4,3.6657345895143245,6
1478,19,10,88,5,3.6656067392732057,5
1479,13,97,7,45,3.6618264864491628,52
1480,90,10,71,5,3.6561036030201253,5
1481,96,30,25,14,3.6552703634781776,16
1482,107,21,32,10,3.6546977761524686,11
1483,23,47,65,22,3.6506323242088645,25
1484,30,20,37,8,3.640395609700316,12
1485,75,29,25,12,3.628310605940794,17
1486,87,27,109,11,3.6214670850147486,16
1487,23,12,3,5,3.6182347339374545,7
1488,71,28,106,12,3.6179609549191336,16
1489,100,17,74,8,3.608814160753291,9
1490,54,17,49,8,3.6048173377686927,9
1491,38,10,114,4,3.5955331559953168,6
1492,39,18,43,9,3.594056058012544,9
1493,41,40,16,19,3.59086824318416,21
1494,16,44,50,19,3.5905125403577944,25
1495,97,10,95,4,3.58943247133478,6
1496,55,19,4,9,3.588808092850447,10
1497,18,21,31,10,3.587950622221053,11
1498,25,37,65,15,3.5504406247414293,22
1499,18,21,9,8,3.5393206264713797,13
1500,95,18,41,8,3.5391363121321238,10
1501,86,30,17,15,3.5353998581661066,15
1502,87,10,110,4,3.5295519129657293,6
1503,114,22,40,8,3.526293349965295,14
1504,86,46,46,19,3.5258566439485155,27
1505,107,26,1,11,3.5126854626181543,15
1506,20,21,46,8,3.51090539647306,13
1507,91,33,86,15,3.508926542592601,18
1508,91,15,84,7,3.506943767095505,8
1509,109,15,65,5,3.4929763691198916,10
1510,70,28,65,11,3.478419403846195,17
1511,23,10,81,4,3.474530372802633,6
1512,54,23,97,11,3.471940384970224,12
1513,74,60,5,28,3.469996146708342,32
1514,80,10,64,5,3.4689815319315613,5
1515,44,11,107,5,3.4683690685604427,6
1516,86,64,25,30,3.464423778098099,34
1517,75,42,51,19,3.464142646639659,23
1518,30,19,106,9,3.463995690702536,10
1519,33,23,5,11,3.454327509177194,12
1520,60,24,9,9,3.452507943641605,15
1521,40,27,58,13,3.4427419316803687,14
1522,62,13,9,6,3.4417683540662103,7
1523,102,31,25,14,3.4382241991917164,17
1524,107,32,9,15,3.4198128485766475,17
1525,68,21,46,10,3.4173658858402485,11
1526,54,17,64,7,3.41464136333959,10
1527,64,25,65,12,3.4066562577818007,13
1528,13,24,15,11,3.400077689467374,13
1529,60,52,40,23,3.3927254890398455,29
1530,1,11,17,5,3.3926767009628676,6
1531,73,10,104,4,3.391491099464731,6
1532,23,39,86,17,3.3893763034670576,22
1533,80,16,37,7,3.388891253141482,9
1534,106,46,51,21,3.386575882240815,25
1535,16,79,65,36,3.3833684890903815,43
1536,73,15,98,7,3.380055365181917,8
1537,7,69,40,29,3.3740068300247916,40
1538,64,13,100,5,3.366484818368605,8
1539,23,11,57,5,3.3647775906667623,6
1540,14,23,8,10,3.3634201583462158,13
1541,41,15,57,8,3.3629931964746174,7
1542,30,39,16,17,3.3615813153873684,22
1543,16,32,53,14,3.3614231681631748,18
1544,25,22,64,10,3.3578032874265205,12
1545,20,10,9,4,3.353443346624384,6
1546,16,69,8,30,3.3462625386364437,39
1547,7,15,38,7,3.3440541445525094,8
1548,75,13,33,5,3.342736023465548,8
1549,71,13,76,7,3.3359186512389036,6
1550,68,38,63,18,3.3306108743137783,20
1551,62,16,65,7,3.3259575258730765,9
1552,106,12,112,6,3.323575500744726,6
1553,88,31,109,13,3.319901324910579,18
1554,55,19,64,7,3.3190435026221876,12
1555,70,16,95,8,3.3075112398485507,8
1556,104,60,5,28,3.3007473735225052,32
1557,28,10,66,4,3.2971362620814295,6
1558,64,14,108,7,3.2970856020365416,7
1559,7,22,98,9,3.296043825736436,13
1560,41,17,50,7,3.2946411387183265,10
1561,104,21,18,8,3.287300479317466,13
1562,81,14,18,6,3.285175513857385,8
1563,14,14,54,5,3.277729167717837,9
1564,114,13,67,6,3.2746706512348434,7
1565,102,11,91,5,3.2738070744638943,6
1566,7,83,86,34,3.272257319107636,49
1567,70,14,93,6,3.271451863431868,8
1568,69,10,95,4,3.264458823530609,6
1569,86,72,84,36,3.2610166651310086,36
1570,76,14,95,6,3.2576515088397957,8
1571,114,47,25,20,3.2540864225169766,27
1572,39,17,77,8,3.2526982147620656,9
1573,51,40,41,18,3.2494854683164425,22
1574,11,25,20,10,3.2452743370759327,15
1575,85,14,54,6,3.2397539807116327,8
1576,80,27,54,13,3.233697956928793,14
1577,36,26,55,12,3.233599728724402,14
1578,3,25,68,11,3.217909957322218,14
1579,74,20,109,8,3.216896835550741,12
1580,39,18,31,8,3.210181064750059,10
1581,50,46,107,22,3.2042384401027664,24
1582,8,20,17,10,3.195790244071943,10
1583,87,42,28,20,3.194153686351698,22
1584,56,13,40,6,3.1849812029941647,7
1585,30,20,104,10,3.175235326966708,10
1586,40,45,107,19,3.174845031859648,26
1587,90,14,74,5,3.1680613510289204,9
1588,75,27,87,12,3.167894135437667,15
1589,64,10,17,5,3.1677882251551073,5
1590,8,36,39,17,3.1644923509176244,19
1591,86,21,82,9,3.1586560919846263,12
1592,71,22,9,9,3.149557456981656,13
1593,46,49,5,21,3.1376099704313343,28
1594,48,24,16,10,3.1374129948233116,14
1595,68,18,78,8,3.136919909640927,10
1596,73,17,1,7,3.1278019900589866,10
1597,86,19,35,10,3.1129031115204757,9
1598,87,54,88,27,3.1116049251566267,27
1599,1,19,64,9,3.1055782304196327,10
1600,109,25,106,12,3.1028448270841773,13
1601,99,14,68,6,3.1001036150844663,8
1602,102,21,16,10,3.0964065920645116,11
1603,17,22,54,11,3.092931167491581,11
1604,6,20,16,10,3.089484314971671,10
1605,98,22,37,10,3.078006071981288,12
1606,97,24,46,11,3.066170643508983,13
1607,87,45,54,19,3.065819583140276,26
1608,71,18,25,8,3.0644100067848146,10
1609,48,14,55,6,3.06362691776684,8
1610,45,16,71,6,3.0603011068287307,10
1611,16,23,43,9,3.04993781187091,14
1612,38,13,96,6,3.0422152322461717,7
1613,41,40,107,17,3.0370035373913007,23
1614,84,21,48,9,3.0347277834877127,12
1615,41,16,47,7,3.031406429138557,9
1616,75,15,84,7,3.030584614121957,8
1617,86,26,18,11,3.023708344265085,15
1618,7,24,47,10,3.0218576148324785,14
1619,25,27,53,13,3.0184106862098106,14
1620,92,26,88,11,3.015680219471167,15
1621,11,61,86,28,3.0132272452080953,33
1622,71,22,63,9,3.013067036312329,13
1623,100,11,30,5,3.0087992836449575,6
1624,4,17,18,7,3.005461987416452,10
1625,70,18,9,7,3.0039709196882054,11
1626,13,10,76,4,2.9998952230617983,6
1627,11,46,107,21,2.9990181027783187,25
1628,41,15,76,8,2.9964435296570433,7
1629,74,10,30,5,2.9862406732405895,5
1630,23,16,28,8,2.982809086991735,8
1631,10,12,84,5,2.980259678929738,7
1632,53,23,104,11,2.980132904984264,12
1633,107,47,106,22,2.979858171438942,25
1634,60,53,16,25,2.9699728981115534,28
1635,74,80,86,38,2.9697910939616237,42
1636,74,27,13,12,2.9694950143468217,15
1637,8,41,65,19,2.9652698998074127,22
1638,51,19,30,9,2.961405691964683,10
1639,95,42,16,20,2.9607842859241957,22
1640,102,18,74,8,2.9546185397660167,10
1641,54,42,51,20,2.951484262144892,22
1642,94,14,107,5,2.948066087520637,9
1643,37,14,62,8,2.946481909668118,6
1644,20,18,95,8,2.944277541841498,10
1645,36,20,87,8,2.935573250897663,12
1646,28,29,91,13,2.9278794084123945,16
1647,99,15,65,7,2.9253489592007305,8
1648,16,49,54,22,2.9250805759955867,27
1649,92,14,60,6,2.923467229900839,8
1650,62,17,87,7,2.919145987749967,10
1651,25,12,108,5,2.9132670669268244,7
1652,51,17,49,8,2.9106002243152314,9
1653,91,19,37,9,2.9050960547005245,10
1654,75,35,39,17,2.904548545029929,18
1655,109,10,38,4,2.902217953047755,6
1656,71,13,108,6,2.8992906212622866,7
1657,16,44,70,19,2.896481261942138,25
1658,16,88,86,39,2.8956065696174464,49
1659,69,17,87,8,2.88624107715955,9
1660,60,38,114,21,2.8778572484688305,17
1661,63,23,60,10,2.8746236800640075,13
1662,7,25,3,10,2.8676558749050334,15
1663,63,35,114,14,2.8649352234314653,21
1664,81,18,107,9,2.859003244509169,9
1665,51,18,99,9,2.853477797374065,9
1666,55,15,41,7,2.850526507785498,8
1667,97,13,33,6,2.8486496222061595,7
1668,63,21,23,9,2.8451438754091956,12
1669,23,13,104,5,2.8445076862849494,8
1670,86,26,62,12,2.8395121662510405,14
1671,97,18,53,9,2.833103943356172,9
1672,86,28,31,12,2.831200933725516,16
1673,99,17,15,7,2.8189668514207984,10
1674,86,102,87,51,2.80940003017832,51
1675,99,15,41,7,2.8081672918617278,8
1676,91,12,114,6,2.8069496149403275,6
1677,91,17,31,7,2.8051302221606758,10
1678,104,48,7,22,2.8023975146169997,26
1679,79,15,50,6,2.7998338113931376,9
1680,88,37,4,17,2.796435238112828,20
1681,64,11,47,4,2.7940444976016363,7
1682,88,55,68,25,2.7876628016546565,30
1683,20,45,37,21,2.7863088238660265,24
1684,8,37,104,17,2.7794749735414084,20
1685,68,12,81,5,2.7747349509992323,7
1686,5,11,10,6,2.7716738654503197,5
1687,109,49,5,24,2.7561957001201702,25
1688,14,15,11,6,2.753683750814255,9
1689,90,12,70,6,2.752032456337357,6
1690,14,16,84,7,2.744202009506242,9
1691,51,12,44,7,2.7441488464385255,5
1692,97,35,114,16,2.7409672534289364,19
1693,71,24,114,11,2.7387179462381064,13
1694,65,50,106,23,2.735321183024918,27
1695,86,75,8,37,2.7307184147353327,38
1696,95,11,80,5,2.7197438471090796,6
1697,16,21,33,8,2.7169085795346413,13
1698,107,57,37,26,2.7122377942768776,31
1699,88,16,35,7,2.7016670598150445,9
1700,47,17,68,7,2.694044903632606,10
1701,65,68,107,31,2.677112854009148,37
1702,25,17,44,8,2.673535476281759,9
1703,80,10,68,4,2.6691327826896623,6
1704,86,70,54,33,2.6680240503824866,37
1705,100,15,23,8,2.667477926968046,7
1706,114,25,74,12,2.666972342657447,13
1707,86,15,34,7,2.666255439949745,8
1708,51,31,109,12,2.6658568783873675,19
1709,11,16,35,7,2.658402580780903,9
1710,74,13,91,6,2.658254293210725,7
1711,17,25,50,12,2.6581206262781656,13
1712,88,22,57,11,2.655662950437946,11
1713,65,20,76,8,2.6552026491926353,12
1714,28,36,25,15,2.6530805265031128,21
1715,30,24,8,11,2.6514132136935467,13
1716,60,56,88,25,2.645544371153806,31
1717,25,31,97,14,2.644610680480786,17
1718,112,15,63,6,2.644384896710046,9
1719,63,86,86,36,2.643958248855907,50
1720,16,60,5,25,2.6435184456824317,35
1721,33,14,95,6,2.641545389608455,8
1722,54,28,114,14,2.6355280322257,14
1723,18,31,107,13,2.618673524092411,18
1724,11,12,41,4,2.61594797809933,8
1725,43,25,40,12,2.6112595433147794,13
1726,68,72,13,32,2.607720373776666,40
1727,40,63,36,28,2.6060423127670975,35
1728,69,11,71,5,2.6042984987224993,6
1729,16,13,29,7,2.598885422100126,6
1730,39,23,5,11,2.5977698137373055,12
1731,36,20,91,9,2.5759002594566027,11
1732,80,24,28,11,2.5705556034476817,13
1733,47,11,91,5,2.565831417578021,6
1734,50,16,97,7,2.5655675176587955,9
1735,83,10,63,6,2.557624644664858,4
1736,86,14,14,7,2.5565201304900333,7
1737,71,10,47,5,2.553868446592654,5
1738,71,14,46,7,2.553189799938572,7
1739,9,42,40,19,2.549940843889744,23
1740,7,97,68,43,2.5483482091400553,54
1741,16,69,13,31,2.545472824988716,38
1742,43,16,18,9,2.5427113019611918,7
1743,63,35,11,14,2.539597707853179,21
1744,81,10,39,5,2.5393992954040643,5
1745,15,17,60,7,2.530064109579054,10
1746,11,13,68,6,2.5250619833588033,7
1747,27,34,68,15,2.5045591603597663,19
1748,23,11,53,5,2.5030034532740983,6
1749,37,18,109,8,2.501013404341532,10
1750,11,20,48,9,2.499763597895506,11
1751,39,42,65,22,2.4941190501702715,20
1752,75,34,9,15,2.4939025995121273,19
1753,18,11,111,5,2.4899108726358863,6
1754,30,10,9,5,2.4892766529566774,5
1755,8,40,20,19,2.4774464429650913,21
1756,107,43,23,21,2.4742420245016374,22
1757,36,28,51,13,2.4708671287104758,15
1758,28,14,60,5,2.4489380790199258,9
1759,4,31,31,13,2.4445708193968865,18
1760,35,18,7,9,2.4440991195922277,9
1761,32,10,50,6,2.444054190716271,4
1762,13,17,20,7,2.4414106325578646,10
1763,55,39,106,17,2.438139246666604,22
1764,20,17,97,8,2.4355837212433697,9
1765,87,21,99,9,2.4324110326808843,12
1766,91,20,75,13,2.432369433261267,7
1767,102,11,84,5,2.4318791540205256,6
1768,25,15,43,5,2.4278403340518975,10
1769,86,16,78,7,2.425621656176869,9
1770,13,84,65,38,2.424814263785815,46
1771,109,11,99,5,2.4195174025010595,6
1772,107,46,25,22,2.4187485647838765,24
1773,9,11,97,6,2.4173509345143627,5
1774,20,16,7,8,2.4138769653971535,8
1775,7,66,36,31,2.4111226811091364,35
1776,107,23,108,10,2.4105812647131257,13
1777,49,25,7,10,2.404169453539046,15
1778,93,14,84,6,2.3958694367553783,8
1779,20,20,109,8,2.3908375286297607,12
1780,83,22,87,11,2.390357141943488,11
1781,111,12,8,6,2.390343846489095,6
1782,34,10,75,4,2.3858790426993286,6
1783,28,36,51,18,2.375623805094966,18
1784,69,10,96,4,2.3715807543077463,6
1785,99,23,5,11,2.3616219022642833,12
1786,48,14,109,6,2.3615030071790217,8
1787,7,51,18,25,2.3559986761599485,26
1788,61,16,88,8,2.3480784754629918,8
1789,71,13,3,6,2.33410817408907,7
1790,37,11,43,4,2.332605420766109,7
1791,87,77,107,36,2.328977670040427,41
1792,95,18,23,9,2.323798075251889,9
1793,44,18,6,7,2.3134306364458705,11
1794,4,12,28,6,2.3082234369651164,6
1795,39,15,37,7,2.3035659002530346,8
1796,106,36,96,16,2.2984565902488905,20
1797,95,34,87,16,2.289744130790554,18
1798,36,12,23,7,2.289413073926484,5
1799,4,10,69,5,2.2893847670477183,5
1800,100,10,44,5,2.2846928296940927,5
1801,97,28,16,15,2.2728107130505983,13
1802,28,66,96,31,2.267406944603933,35
1803,46,34,28,14,2.2549666124967906,20
1804,64,24,4,12,2.254767726496723,12
1805,47,19,31,9,2.254094591761988,10
1806,87,35,104,18,2.2393020839894087,17
1807,68,25,70,12,2.2334926025833988,13
1808,39,45,68,22,2.2330230919386667,23
1809,76,24,8,12,2.22939302069529,12
1810,28,16,100,7,2.2255414738387724,9
1811,88,11,33,6,2.22422094342155,5
1812,11,11,114,6,2.222333602098374,5
1813,98,13,99,7,2.2212581677933785,6
1814,104,11,69,4,2.217479448350339,7
1815,112,11,8,6,2.2144684353504553,5
1816,5,50,96,22,2.2114271922507607,28
1817,37,24,84,11,2.201223464549896,13
1818,8,23,48,10,2.2004165749645987,13
1819,96,11,14,5,2.19268862994012,6
1820,8,64,74,28,2.186622040651489,36
1821,73,13,63,7,2.1816500275336987,6
1822,63,26,70,12,2.1813121472430437,14
1823,68,30,104,15,2.178456711695816,15
1824,97,10,31,5,2.1753585415679075,5
1825,33,11,39,5,2.170155887452032,6
1826,11,22,13,11,2.1659141415387677,11
1827,8,31,71,14,2.1657517931270958,17
1828,41,13,43,6,2.1655911263481027,7
1829,88,14,74,5,2.165363961250821,9
1830,55,51,88,22,2.161819612033386,29
1831,23,10,29,5,2.1610971150686167,5
1832,87,27,46,14,2.1507851989480726,13
1833,2,19,87,9,2.150541163273267,10
1834,49,12,9,6,2.148758495114292,6
1835,109,16,50,8,2.1420450648202105,8
1836,11,49,28,24,2.139899963041059,25
1837,25,15,84,7,2.1183956865956017,8
1838,53,11,70,5,2.117480208536356,6
1839,48,13,30,7,2.114145406665778,6
1840,74,12,33,6,2.113811361820999,6
1841,99,24,60,11,2.100940382067205,13
1842,28,62,5,30,2.1003743399505708,32
1843,107,60,63,31,2.0964077028797097,29
1844,97,22,8,11,2.094799206270941,11
1845,29,10,106,5,2.0946248807739694,5
1846,16,13,112,5,2.0833674534634827,8
1847,62,20,71,9,2.0805395405305007,11
1848,109,18,97,8,2.0795967033066414,10
1849,82,10,63,5,2.077975861296688,5
1850,50,23,4,12,2.077515520452509,11
1851,28,13,3,5,2.077352009690399,8
1852,77,52,60,24,2.0764857415563522,28
1853,49,47,13,23,2.0644672757571514,24
1854,1,22,7,11,2.062914518560187,11
1855,25,46,39,22,2.053255430368431,24
1856,53,23,86,12,2.0516032940365965,11
1857,50,15,30,7,2.0464195072984315,8
1858,23,17,54,8,2.0401263588538048,9
1859,90,24,60,10,2.0397275719261816,14
1860,53,17,5,7,2.0365205235792767,10
1861,89,14,88,7,2.0354634990614118,7
1862,58,12,63,7,2.0345686518653676,5
1863,87,18,31,9,2.034283022840931,9
1864,71,23,31,11,2.0298886058883467,12
1865,55,12,73,6,2.0248295643907164,6
1866,39,15,96,6,2.0243430136139735,9
1867,8,36,90,16,2.0194647820717804,20
1868,4,10,58,4,2.0168974614800463,6
1869,86,90,107,43,2.015330132220478,47
1870,23,30,87,13,2.0127655582890838,17
1871,107,36,70,18,2.009754198396939,18
1872,39,42,60,21,2.0085829887842834,21
1873,28,51,65,23,2.007039097241144,28
1874,12,20,51,9,2.003059252583365,11
1875,3,14,55,6,2.002391581967284,8
1876,84,10,35,5,1.9965083140622215,5
1877,28,31,39,14,1.9887840080238135,17
1878,7,57,9,28,1.9864125790744158,29
1879,13,63,55,30,1.9857102496979555,33
1880,48,13,13,6,1.9848220769452258,7
1881,60,23,46,11,1.9804607974865251,12
1882,88,33,37,15,1.9799898753785308,18
1883,4,21,51,9,1.972550144092395,12
1884,46,19,63,10,1.9709249209761102,9
1885,70,27,51,13,1.9701673060904334,14
1886,2,12,75,5,1.9694128550530172,7
1887,3,10,12,5,1.962908598029831,5
1888,60,10,94,5,1.9558814631865946,5
1889,36,25,106,12,1.9544195558404933,13
1890,25,20,55,9,1.9429576796619945,11
1891,23,14,31,6,1.9392936999416424,8
1892,110,13,104,5,1.9388474450810558,8
1893,60,43,107,21,1.9363703422518843,22
1894,18,46,53,22,1.9347147097100328,24
1895,60,27,8,14,1.9314540236492588,13
1896,87,30,84,14,1.9310332903828065,16
1897,54,33,7,16,1.9280653210517351,17
1898,70,21,41,11,1.919847111480952,10
1899,88,65,107,29,1.9194263193599825,36
1900,99,11,76,6,1.9173589523208343,5
1901,30,14,96,7,1.9170201840499577,7
1902,97,32,106,16,1.9159665785715099,16
1903,8,68,88,32,1.9060723245156992,36
1904,74,14,108,7,1.8987503296630384,7
1905,5,26,91,11,1.892251700304698,15
1906,80,21,87,10,1.8874367778467116,11
1907,60,16,83,7,1.8774619090517453,9
1908,37,21,76,11,1.8761952725973927,10
1909,91,12,90,6,1.87462520245966,6
1910,74,14,17,7,1.8676704113074118,7
1911,37,44,28,20,1.8670737685584553,24
1912,37,95,5,46,1.8654288703425719,49
1913,28,11,49,6,1.8638166520419177,5
1914,48,12,39,6,1.8633366398280342,6
1915,27,16,75,9,1.8615218799158824,7
1916,2,17,84,8,1.8594432529031952,9
1917,87,61,106,30,1.856632619724249,31
1918,6,11,86,5,1.8539951054916266,6
1919,83,19,88,10,1.8504010929562806,9
1920,34,12,106,5,1.8480424044178243,7
1921,28,21,98,8,1.8460912305825183,13
1922,95,25,53,10,1.845917088035911,15
1923,40,59,51,28,1.8453671538115297,31
1924,7,14,29,8,1.8294106613069705,6
1925,69,21,65,10,1.828894459931939,11
1926,44,13,114,6,1.8263733365516701,7
1927,102,13,99,6,1.8212893413036875,7
1928,104,25,98,14,1.8132425151369795,11
1929,40,18,111,9,1.8104998545748818,9
1930,60,40,86,18,1.807662868878988,22
1931,36,22,25,11,1.8071440138268557,11
1932,8,65,28,30,1.8060421386611976,35
1933,13,33,9,14,1.800941496909199,19
1934,2,20,37,10,1.7943143656917857,10
1935,78,13,60,7,1.793099930888824,6
1936,86,18,77,8,1.7863634608366037,10
1937,65,56,68,26,1.7862444719769794,30
1938,25,23,17,11,1.7821487319531366,12
1939,37,25,90,12,1.7816453937181782,13
1940,107,21,43,9,1.7705927977449125,12
1941,88,32,31,16,1.7681321425900511,16
1942,84,26,70,12,1.7530345342228948,14
1943,87,45,55,21,1.7438825631797923,24
1944,60,33,36,16,1.7416473627060747,17
1945,7,15,112,7,1.7405042337342969,8
1946,36,37,88,16,1.7392851936744347,21
1947,1,15,9,6,1.738829101010799,9
1948,70,19,75,10,1.7314858975507377,9
1949,60,14,11,7,1.72978393860355,7
1950,74,10,85,5,1.7134982697618455,5
1951,84,13,76,6,1.710890300241341,7
1952,16,23,15,10,1.7107339416917322,13
1953,50,32,8,17,1.7065203942920957,15
1954,112,12,75,6,1.7058808528019842,6
1955,4,13,9,6,1.701361350276758,7
1956,34,17,50,8,1.6919122560222062,9
1957,7,74,41,36,1.687245672647556,38
1958,3,16,65,8,1.6865763756388534,8
1959,76,29,96,13,1.6762730706442965,16
1960,75,33,36,14,1.675219130717453,19
1961,32,11,109,6,1.6660133397695764,5
1962,50,22,64,11,1.6654672188379334,11
1963,16,50,74,23,1.6504828930462028,27
1964,4,17,16,9,1.6500251202992011,8
1965,68,42,107,21,1.6418775909074697,21
1966,41,21,69,8,1.6332037511405506,13
1967,106,23,100,10,1.6259246684962216,13
1968,34,13,9,6,1.6242149298552002,7
1969,7,17,11,8,1.6096082788053923,9
1970,30,16,76,7,1.6024569322304725,9
1971,86,33,9,16,1.6021416906403674,17
1972,99,18,30,8,1.5949338139614577,10
1973,90,20,88,10,1.5942056242731586,10
1974,1,30,36,16,1.5919918411390332,14
1975,114,63,107,29,1.5884681295520537,34
1976,11,50,16,21,1.5847538757191766,29
1977,2,15,25,8,1.5845186001024008,7
1978,55,22,90,12,1.578656952498874,10
1979,39,45,55,21,1.5783298554748115,24
1980,9,17,58,8,1.5745185575436567,9
1981,97,35,88,17,1.57373349894929,18
1982,71,44,7,23,1.5726988471076,21
1983,63,37,50,17,1.5673775939383385,20
1984,36,29,9,13,1.566027842814005,16
1985,9,14,111,7,1.5621342613374551,7
1986,40,17,61,8,1.5607473214395389,9
1987,104,23,83,10,1.5563880557352996,13
1988,11,26,74,12,1.5483769164487977,14
1989,78,12,88,6,1.5390409866991368,6
1990,81,15,4,8,1.5369299818364033,7
1991,48,14,88,8,1.5368173707334059,6
1992,107,11,79,6,1.5337921396437175,5
1993,98,25,107,12,1.5336986422482113,13
1994,36,27,114,14,1.5315113790573054,13
1995,106,19,83,8,1.5311768047912764,11
1996,87,43,39,20,1.5260746942500143,23
1997,39,37,49,17,1.5260215447541619,20
1998,20,33,106,15,1.5258125164631027,18
1999,35,14,37,7,1.523131742310598,7
2000,16,17,2,8,1.5157503924432267,9
2001,46,12,55,5,1.5148590180899557,7
2002,84,30,50,15,1.5145533767727444,15
2003,40,12,108,5,1.5026228243365922,7
2004,65,36,71,16,1.5005631642179087,20
2005,68,17,77,8,1.4983876400045488,9
2006,60,12,98,6,1.4966976528921432,6
2007,55,12,35,6,1.4940575955038922,6
2008,102,17,106,9,1.4908896648943566,8
2009,88,64,51,33,1.4906474480391987,31
2010,86,88,28,41,1.4858586725756162,47
2011,54,80,65,38,1.485419292370452,42
2012,11,17,32,9,1.4729852723414754,8
2013,20,29,16,12,1.47224219682996,17
2014,28,14,89,6,1.4639788382157592,8
2015,8,16,38,8,1.4562520429495758,8
2016,98,20,76,9,1.4493678922731097,11
2017,23,15,111,9,1.4423437741402556,6
2018,104,36,106,18,1.4413463387141443,18
2019,91,11,9,5,1.4374740940297928,6
2020,29,10,39,5,1.4323721801769824,5
2021,76,27,70,12,1.4264215948460301,15
2022,106,14,110,7,1.4258595725562953,7
2023,18,16,8,7,1.4245152955314584,9
2024,36,35,45,19,1.423273124508123,16
2025,41,54,13,27,1.4192783444348887,27
2026,74,10,98,5,1.4177496992788108,5
2027,62,17,40,9,1.4165929440121214,8
2028,41,30,40,15,1.4126537270823982,15
2029,102,15,11,6,1.4114820984859568,9
2030,114,26,20,12,1.4108238049500665,14
2031,87,39,74,18,1.4084912775273248,21
2032,69,14,74,6,1.4059175586044312,8
2033,114,25,75,12,1.3997484689276625,13
2034,55,27,84,13,1.3965203244162756,14
2035,7,15,83,6,1.3943529604549396,9
2036,95,28,39,13,1.3939598099667563,15
2037,87,14,14,7,1.3937442948736471,7
2038,83,19,97,10,1.3860983501952917,9
2039,50,41,11,19,1.3816262941644981,22
2040,1,21,51,11,1.378060683145976,10
2041,65,67,41,30,1.3762695204103346,37
2042,90,11,76,6,1.3711097869836062,5
2043,7,79,65,40,1.3709709515008266,39
2044,27,13,23,7,1.3665703255989456,6
2045,30,23,40,11,1.3656919842952282,12
2046,97,14,75,7,1.365095248526459,7
2047,25,26,30,14,1.363384718034577,12
2048,104,39,95,18,1.3572737261218613,21
2049,66,10,106,5,1.351186640616529,5
2050,39,38,53,18,1.351041074347787,20
2051,68,10,32,6,1.3472663297967609,4
2052,53,34,51,17,1.3458986884044253,17
2053,79,17,28,8,1.3443965025775713,9
2054,84,17,90,8,1.3434141546201468,9
2055,74,19,18,10,1.343162947181306,9
2056,8,66,37,32,1.3357403383797626,34
2057,40,71,86,32,1.328722440217455,39
2058,9,42,68,21,1.3253193940440775,21
2059,8,42,51,20,1.3202224517719274,22
2060,74,18,80,9,1.3199661328668575,9
2061,46,60,88,30,1.317189159463411,30
2062,10,16,8,7,1.3145513780375315,9
2063,86,52,50,23,1.3103899161881964,29
2064,86,42,90,20,1.3095228676827357,22
2065,75,40,55,17,1.3084757661622761,23
2066,13,14,62,7,1.30641575257088,7
2067,70,11,102,7,1.3043211125718095,4
2068,86,61,55,29,1.3025975558212732,32
2069,74,11,71,6,1.2965496064290503,5
2070,2,22,74,10,1.2925512141562505,12
2071,37,39,114,17,1.2862437740866852,22
2072,86,37,68,18,1.2860459364130297,19
2073,53,27,55,13,1.2779511796237277,14
2074,12,14,40,7,1.2723102043179608,7
2075,63,13,45,6,1.2687094536706702,7
2076,84,37,96,19,1.2684027154450666,18
2077,30,15,7,6,1.2653074178605743,9
2078,81,16,88,8,1.263856600933,8
2079,55,26,99,12,1.2605449554949548,14
2080,72,12,7,6,1.258904197957913,6
2081,109,19,84,9,1.24524860607484,10
2082,104,12,43,5,1.2430962980218274,7
2083,8,11,68,5,1.2395579716830027,6
2084,54,19,98,9,1.237916298592764,10
2085,63,16,95,8,1.233969730193377,8
2086,69,20,7,11,1.233214640709448,9
2087,51,20,43,10,1.2311542840690501,10
2088,53,18,4,9,1.228296075740094,9
2089,25,13,47,7,1.2263479187744069,6
2090,106,43,88,19,1.225832134664899,24
2091,36,33,64,17,1.2245961228425688,16
2092,63,45,40,21,1.217125672005324,24
2093,7,72,60,35,1.2061879252659613,37
2094,104,31,74,14,1.2043428927588453,17
2095,94,12,43,5,1.1957377911100522,7
2096,25,25,109,12,1.1927554377225935,13
2097,16,34,40,16,1.1922066764495736,18
2098,87,13,27,6,1.18766621796423,7
2099,39,31,104,15,1.1860951445386856,16
2100,57,14,28,7,1.1812096036740403,7
2101,106,20,9,10,1.1800889074777896,10
2102,71,30,39,14,1.1793525965371914,16
2103,76,24,28,11,1.171307704252366,13
2104,13,11,72,6,1.1645211045216037,5
2105,2,40,8,20,1.1594572352269998,20
2106,50,11,73,4,1.148123985347342,7
2107,96,57,107,26,1.142410333210293,31
2108,36,29,71,15,1.1353483167226393,14
2109,23,47,16,22,1.133588423461974,25
2110,20,14,48,6,1.1319086574299344,8
2111,40,42,31,21,1.1303256616830142,21
2112,33,13,114,7,1.1286658148323794,6
2113,8,80,55,41,1.113783107633615,39
2114,75,23,74,10,1.113638297992798,13
2115,25,17,57,8,1.1122394350713356,9
2116,7,13,80,7,1.1107107140209225,6
2117,86,49,109,24,1.1036917179357137,25
2118,20,16,76,9,1.1006143157067259,7
2119,54,16,33,7,1.1000953180608282,9
2120,111,46,68,23,1.0998589346567467,23
2121,27,16,106,9,1.0992702168895798,7
2122,83,16,109,9,1.0939664342434448,7
2123,86,67,20,32,1.090808542947844,35
2124,83,33,55,17,1.0771475436917035,16
2125,67,20,37,9,1.0707700527635258,11
2126,13,54,4,28,1.070745718574495,26
2127,84,59,107,29,1.0684618045247287,30
2128,57,15,51,7,1.0657059676341953,8
2129,41,13,54,7,1.0364149113268506,6
2130,45,14,3,7,1.0349134798027078,7
2131,1,24,41,13,1.0310369033371496,11
2132,65,11,61,5,1.0296727282732392,6
2133,107,68,28,32,1.0277499916662307,36
2134,70,10,33,5,1.0222975969230632,5
2135,93,20,88,9,1.0138818382921346,11
2136,20,23,80,11,1.0138169865719238,12
2137,114,55,88,27,1.0131047344809974,28
2138,68,14,6,6,1.005162162800652,8
2139,114,39,7,18,1.0047894280060632,21
2140,104,56,16,27,1.00434112098238,29
2141,20,22,70,11,1.0037779537681712,11
2142,31,52,65,26,0.9975860011767542,26
2143,109,10,71,5,0.9970275319814977,5
2144,107,13,14,7,0.9920091994330184,6
2145,106,67,28,32,0.9916026418837893,35
2146,9,20,50,10,0.9885052658281767,10
2147,26,10,13,4,0.9827160697327564,6
2148,84,18,65,8,0.9824722158055605,10
2149,102,11,60,5,0.9813764507321933,6
2150,71,32,88,14,0.9703190068694105,18
2151,50,61,54,30,0.9686960838960992,31
2152,106,52,63,26,0.9674390170069784,26
2153,39,38,107,20,0.9668768431627343,18
2154,18,27,60,13,0.9660858898942075,14
2155,54,32,39,15,0.965258089821684,17
2156,53,41,60,18,0.9651103823107405,23
2157,96,44,87,22,0.9639736076499449,22
2158,13,41,27,21,0.9633164048559403,20
2159,14,14,5,6,0.9561035605846475,8
2160,34,14,63,7,0.9507384684475217,7
2161,114,10,112,4,0.948200450587195,6
2162,63,42,39,17,0.9471690774065145,25
2163,7,20,8,9,0.9446580951337806,11
2164,30,18,68,9,0.9431634627289216,9
2165,64,10,33,4,0.9428685824938471,6
2166,70,50,86,23,0.9386675711946502,27
2167,40,14,11,7,0.9327312826337018,7
2168,112,12,31,7,0.9315079114369526,5
2169,8,32,93,16,0.929819616045558,16
2170,25,22,83,10,0.9290503981463761,12
2171,33,17,86,9,0.9246066959077469,8
2172,85,12,107,6,0.9241238862197019,6
2173,69,17,50,7,0.9188452019230828,10
2174,13,20,33,10,0.918120505460343,10
2175,9,11,38,6,0.9163664138473987,5
2176,17,36,51,18,0.911826429156176,18
2177,51,54,68,29,0.9110605893369681,25
2178,80,15,8,8,0.9079706413866477,7
2179,63,37,7,16,0.9078425723110651,21
2180,95,28,25,14,0.9052285032456326,14
2181,86,55,13,28,0.9003167499142393,27
2182,68,17,74,7,0.9001065237726507,10
2183,86,29,2,15,0.8965192316081069,14
2184,107,31,46,16,0.8942764168819464,15
2185,64,17,97,8,0.8923543316851008,9
2186,86,80,65,41,0.8906021371532529,39
2187,13,11,61,5,0.8869748833856806,6
2188,13,44,53,20,0.8821581517817358,24
2189,77,21,4,10,0.8810684428976758,11
2190,50,27,25,14,0.8694133305278393,13
2191,17,25,107,12,0.8679548014758948,13
2192,39,24,47,12,0.8669398594756924,12
2193,114,17,45,8,0.865447146220442,9
2194,63,15,47,6,0.8646476928239503,9
2195,10,10,114,4,0.8617397018011257,6
2196,96,13,109,6,0.860547999068384,7
2197,95,17,75,8,0.8604277528016115,9
2198,63,41,87,19,0.8565025279628337,22
2199,28,17,33,7,0.8541289895316202,10
2200,54,21,9,10,0.8370391633271439,11
2201,71,33,107,15,0.8345735817070128,18
2202,86,10,89,4,0.8309374732906825,6
2203,70,19,97,10,0.8297653905231785,9
2204,2,16,46,8,0.8285194662826778,8
2205,55,12,62,5,0.8240244688504355,7
2206,11,23,65,10,0.8217152797009966,13
2207,87,33,18,17,0.8108311765467671,16
2208,16,24,98,12,0.8098243077702199,12
2209,40,27,18,15,0.8087261485320237,12
2210,16,37,114,17,0.8068166703323738,20
2211,2,22,88,11,0.7956469041111237,11
2212,49,14,65,7,0.7937150257994673,7
2213,5,16,77,8,0.7908065895997609,8
2214,11,28,39,14,0.7894372385849194,14
2215,18,19,65,10,0.7868157298210118,9
2216,32,10,13,5,0.783536384760421,5
2217,65,34,37,18,0.7811221325476839,16
2218,104,29,70,14,0.7763215524039639,15
2219,33,15,104,8,0.7704375614853092,7
2220,11,15,51,8,0.765784841674621,7
2221,65,17,47,8,0.763886252367048,9
2222,104,42,114,20,0.7516348919980083,22
2223,28,27,48,13,0.7484805696104432,14
2224,36,13,74,5,0.7437175733038444,8
2225,9,11,74,6,0.7299286370521872,5
2226,15,23,25,10,0.7267013492378231,13
2227,7,48,4,24,0.7233412627111551,24
2228,8,48,11,22,0.7230407809506088,26
2229,23,12,97,6,0.7204148154622638,6
2230,74,43,65,22,0.7154736955647408,21
2231,82,13,28,7,0.7153587234866209,6
2232,70,53,8,26,0.714533044758106,27
2233,60,12,38,6,0.6995470537788487,6
2234,106,25,17,11,0.6970418753518993,14
2235,27,11,99,6,0.6941577039356042,5
2236,65,48,75,23,0.690619681916993,25
2237,69,23,88,12,0.6879038227398506,11
2238,8,11,43,5,0.6873113766159772,6
2239,14,12,88,6,0.6801737661196036,6
2240,63,17,53,8,0.6790939797636328,9
2241,17,35,37,19,0.6754496375254361,16
2242,12,12,50,4,0.6745215776289418,8
2243,71,10,18,5,0.6742469098900479,5
2244,23,15,15,7,0.6735916899677631,8
2245,17,10,87,5,0.6720551767544857,5
2246,46,21,76,10,0.6695307665561867,11
2247,13,12,12,8,0.6620136814767505,4
2248,51,10,32,5,0.661863088969647,5
2249,68,12,44,6,0.6567355303439977,6
2250,106,41,50,19,0.6550249237337579,22
2251,54,64,107,32,0.649092115727513,32
2252,15,12,114,6,0.6485587728380157,6
2253,47,24,40,10,0.6452925903225615,14
2254,7,29,95,15,0.6426885115113705,14
2255,98,16,50,8,0.6426219058041094,8
2256,25,25,41,14,0.6394054706376684,11
2257,111,17,36,8,0.6365354853619557,9
2258,45,13,87,6,0.6337375141360975,7
2259,41,28,106,13,0.629047162066602,15
2260,51,56,55,28,0.628635663200355,28
2261,63,87,65,43,0.6284242288955311,44
2262,43,28,7,13,0.6282765561721201,15
2263,11,11,97,6,0.6269874474505769,5
2264,27,10,11,4,0.6266769775986689,6
2265,109,13,40,7,0.6223424064374103,6
2266,20,16,30,8,0.6221727905859933,8
2267,107,83,7,37,0.6132833942233663,46
2268,13,42,5,21,0.6022033540566145,21
2269,86,48,114,23,0.5985858849587603,25
2270,97,34,74,16,0.5971052080534035,18
2271,50,16,112,7,0.5935648637817506,9
2272,63,15,49,8,0.5934896779184335,7
2273,49,14,8,6,0.588443561106832,8
2274,25,18,18,8,0.5853998791644801,10
2275,2,17,96,8,0.5793042045284421,9
2276,36,22,68,11,0.5729806633636697,11
2277,70,36,106,19,0.5728343742963955,17
2278,71,19,4,11,0.5721760075022247,8
2279,40,11,113,5,0.5709434730623841,6
2280,97,31,2,15,0.5614740846174435,16
2281,83,10,2,5,0.5594397265150824,5
2282,64,12,15,7,0.5592833166577472,5
2283,25,18,70,9,0.5576629056938336,9
2284,5,49,54,23,0.5526115688513309,26
2285,47,14,87,7,0.5437745197144589,7
2286,49,39,88,19,0.5397148130039713,20
2287,106,10,1,5,0.539652861011431,5
2288,64,36,68,16,0.5392659539066377,20
2289,36,28,69,13,0.532148506376143,15
2290,100,12,36,6,0.5299348319981757,6
2291,46,16,57,8,0.5297057406629254,8
2292,54,39,74,20,0.5263234536886654,19
2293,73,19,28,10,0.5214155246375574,9
2294,7,18,70,7,0.5158871113950122,11
2295,102,15,65,8,0.5147167349336844,7
2296,41,11,90,6,0.513841479320257,5
2297,23,10,30,5,0.5026095498724011,5
2298,86,16,12,8,0.5017688026947509,8
2299,70,19,39,10,0.49953189293951183,9
2300,5,59,87,29,0.4991669720547012,30
2301,3,11,54,5,0.4961570914109385,6
2302,5,39,63,22,0.49187190353271276,17
2303,28,20,71,9,0.49018926512613936,11
2304,64,22,41,9,0.4850127215004388,13
2305,57,14,104,5,0.4845128262229356,9
2306,95,28,74,13,0.47842550860281996,15
2307,45,18,64,9,0.47078973461046125,9
2308,20,19,2,9,0.46802771578138846,10
2309,41,52,88,25,0.4630320390531315,27
2310,36,38,39,18,0.46164253979147063,20
2311,87,16,111,8,0.45897322341286445,8
2312,63,17,44,8,0.45751243590606744,9
2313,8,65,54,34,0.4543441135725225,31
2314,98,16,51,8,0.4507423495205416,8
2315,107,64,5,32,0.44459671398689626,32
2316,68,29,4,14,0.4438325408497055,15
2317,74,38,25,19,0.44379392623894165,19
2318,37,48,51,26,0.4431124449595479,22
2319,90,15,25,7,0.44125431994319037,8
2320,90,15,11,7,0.4409004522210816,8
2321,12,13,18,6,0.4352920108827378,7
2322,48,11,7,5,0.43234587989989043,6
2323,106,95,86,48,0.42656000569567043,47
2324,46,16,41,7,0.42564128323796924,9
2325,33,11,99,6,0.42486651226142574,5
2326,45,20,13,10,0.42017174728346235,10
2327,5,14,38,7,0.4168378546295618,7
2328,88,32,84,17,0.4142628398009651,15
2329,84,14,79,8,0.41419542722796737,6
2330,109,29,104,14,0.40824541877732634,15
2331,46,40,11,19,0.4001450319361854,21
2332,114,11,84,5,0.3934140776601028,6
2333,8,13,44,6,0.3904420875790005,7
2334,109,20,60,10,0.38899228181743434,10
2335,55,12,58,6,0.383669963642026,6
2336,84,19,80,9,0.3726066150964867,10
2337,74,12,40,6,0.3721552291848127,6
2338,95,26,28,12,0.36814720179538635,14
2339,25,30,63,16,0.3669879376751877,14
2340,60,67,71,33,0.3658935933787844,34
2341,28,22,83,9,0.36492740395353174,13
2342,88,30,91,15,0.36334882610797314,15
2343,71,15,80,7,0.35243956476478927,8
2344,95,50,86,23,0.33939065776511895,27
2345,104,12,3,6,0.3391031595379654,6
2346,107,25,91,13,0.3335157199344009,12
2347,54,25,84,13,0.33308077981097683,12
2348,1,33,88,17,0.32793916292313363,16
2349,88,33,20,17,0.32426671353306924,16
2350,68,48,60,25,0.32060528813408967,23
2351,13,25,17,12,0.3139161463011365,13
2352,9,10,81,5,0.3081750592570783,5
2353,16,31,90,17,0.294076077595814,14
2354,73,15,96,7,0.29259461070533327,8
2355,16,64,25,32,0.2886416579377705,32
2356,17,25,114,14,0.28496362892659627,11
2357,67,12,25,6,0.2816428039469064,6
2358,13,38,75,18,0.2762411418176651,20
2359,23,23,51,11,0.27232896707295756,12
2360,94,10,28,6,0.27139905814562865,4
2361,13,23,109,12,0.26949623232584763,11
2362,93,18,97,9,0.2683707721473952,9
2363,36,11,38,4,0.26679215079866997,7
2364,84,11,17,5,0.26657119917942235,6
2365,31,10,35,5,0.2664857773065452,5
2366,39,32,41,17,0.2617060716931844,15
2367,13,54,104,27,0.25930718189621427,27
2368,87,11,92,6,0.2558228307296545,5
2369,95,40,5,21,0.25348100991507183,19
2370,107,34,27,16,0.25184614034206954,18
2371,27,14,8,8,0.24942183567933032,6
2372,18,10,6,5,0.24787091022534896,5
2373,13,18,100,9,0.247217583600874,9
2374,65,26,50,13,0.2462354821363454,13
2375,30,10,108,5,0.24117256366227835,5
2376,65,29,80,15,0.237121074235188,14
2377,55,15,18,8,0.23358191707429382,7
2378,11,40,87,22,0.22473431916089695,18
2379,9,26,39,15,0.21702503558163236,11
2380,110,14,86,7,0.21626481408084025,7
2381,107,59,74,28,0.21255364694604195,31
2382,8,77,107,41,0.2125244340460092,36
2383,1,15,60,8,0.20443910559027928,7
2384,69,14,9,7,0.2028497519411902,7
2385,88,35,64,18,0.19644759287482955,17
2386,51,49,87,24,0.19343129150589594,25
2387,14,14,106,6,0.19021668109411646,8
2388,20,11,104,5,0.18707180650761046,6
2389,35,12,70,7,0.18631436457958764,5
2390,44,15,65,6,0.18351226600640885,9
2391,96,37,55,19,0.17732770674363885,18
2392,47,10,28,5,0.17612071067374088,5
2393,7,22,74,9,0.17328220959237076,13
2394,11,47,106,26,0.17225906773687616,21
2395,18,12,98,7,0.16984598961785777,5
2396,57,20,37,10,0.16220303080862575,10
2397,62,12,106,6,0.1584669634691407,6
2398,57,17,86,9,0.15508905237468196,8
2399,16,73,28,36,0.15240188258301463,37
2400,71,19,55,11,0.1515316911701301,8
2401,18,28,41,15,0.14547306255424425,13
2402,111,25,16,13,0.14375361469294998,12
2403,30,44,86,21,0.142547615695524,23
2404,50,29,51,15,0.13866322802300382,14
2405,73,10,25,5,0.1328731236438802,5
2406,93,17,107,8,0.12757170749762345,9
2407,98,13,97,7,0.11020600858990875,6
2408,65,40,60,17,0.10700502051073175,23
2409,3,21,51,12,0.10178033810447641,9
2410,63,27,13,14,0.09086123291768516,13
2411,58,11,53,7,0.08518096324215128,4
2412,79,15,16,7,0.0846210771917389,8
2413,40,18,75,9,0.07619152334708544,9
2414,55,15,108,8,0.07480659095217349,7
2415,106,21,40,10,0.06808253080226546,11
2416,31,10,74,5,0.05335409972546204,5
2417,8,70,106,37,0.05212763279076112,33
2418,73,16,106,8,0.04700386219362951,8
2419,43,11,70,6,0.04347195489601512,5
2420,7,60,39,30,0.023140284452564882,30
2421,51,31,18,15,0.014429523170917828,16
2422,107,35,90,18,0.011302326713586044,17
2423,51,25,84,12,0.01096799308021332,13
2424,40,18,70,10,0.01037200426267613,8
2425,104,12,112,6,0.005744930063781598,6
2426,92,12,104,5,0.005092697860043316,7
2427,53,18,112,10,0.004443522204099616,8
2428,109,20,102,10,0.0026602667859183526,10
2429,102,20,109,10,-0.0026602667859165763,10
2430,112,18,53,8,-0.00444352220410001,10
2431,104,12,92,7,-0.00509269786004225,5
2432,112,12,104,6,-0.00574493006378192,6
2433,70,18,40,8,-0.010372004262676756,10
2434,84,25,51,13,-0.01096799308021332,12
2435,18,31,51,16,-0.01442952317091759,15
2436,39,60,7,30,-0.023140284452564146,30
2437,70,11,43,5,-0.04347195489601545,6
2438,106,16,73,8,-0.0470038621936304,8
2439,106,70,8,33,-0.05212763279076128,37
2440,74,10,31,5,-0.05335409972546243,5
2441,40,21,106,11,-0.0680825308022658,10
2442,108,15,55,7,-0.07480659095217229,8
2443,75,18,40,9,-0.07619152334708564,9
2444,16,15,79,8,-0.08462107719174033,7
2445,53,11,58,4,-0.0851809632421497,7
2446,13,27,63,13,-0.09086123291768572,14
2447,51,21,3,9,-0.10178033810447625,12
2448,60,40,65,23,-0.10700502051073156,17
2449,97,13,98,6,-0.11020600858990862,7
2450,25,10,73,5,-0.1328731236438802,5
2451,51,29,50,14,-0.13866322802300332,15
2452,86,44,30,23,-0.14254761569552296,21
2453,16,25,111,12,-0.14375361469294923,13
2454,41,28,18,13,-0.14547306255424347,15
2455,55,19,71,8,-0.15153169117012916,11
2456,28,73,16,37,-0.1524018825830142,36
2457,86,17,57,8,-0.15508905237468193,9
2458,106,12,62,6,-0.15846696346914188,6
2459,37,20,57,10,-0.162203030808627,10
2460,98,12,18,5,-0.16984598961785777,7
2461,106,47,11,21,-0.17225906773687602,26
2462,74,22,7,13,-0.17328220959236976,9
2463,76,24,11,11,-0.17591095488258576,13
2464,28,10,47,5,-0.17612071067374088,5
2465,55,37,96,18,-0.17732770674364082,19
2466,65,15,44,9,-0.1835122660064091,6
2467,70,12,35,5,-0.18631436457958692,7
2468,104,11,20,6,-0.1870718065076108,5
2469,106,14,14,8,-0.19021668109411646,6
2470,87,49,51,25,-0.19343129150589594,24
2471,64,35,88,17,-0.1964475928748291,18
2472,9,14,69,7,-0.2028497519411907,7
2473,60,15,1,7,-0.2044391055902795,8
2474,107,77,8,36,-0.21252443404600943,41
2475,86,14,110,7,-0.21626481408084125,7
2476,39,26,9,11,-0.217025035581633,15
2477,87,40,11,18,-0.22473431916089676,22
2478,18,15,55,7,-0.23358191707429324,8
2479,80,29,65,14,-0.23712107423518775,15
2480,108,10,30,5,-0.24117256366227763,5
2481,50,26,65,13,-0.24623548213634697,13
2482,100,18,13,9,-0.24721758360087362,9
2483,6,10,18,5,-0.24787091022534966,5
2484,8,14,27,6,-0.24942183567933082,8
2485,27,34,107,18,-0.25184614034207004,16
2486,5,40,95,19,-0.253481009915071,21
2487,92,11,87,5,-0.2558228307296545,6
2488,104,54,13,27,-0.25930718189621427,27
2489,41,32,39,15,-0.2617060716931835,17
2490,35,10,31,5,-0.2664857773065439,5
2491,17,11,84,6,-0.26657119917942235,5
2492,38,11,36,7,-0.26679215079866964,4
2493,97,18,93,9,-0.2683707721473954,9
2494,109,23,13,11,-0.2694962323258469,12
2495,28,10,94,4,-0.27139905814562937,6
2496,51,23,23,12,-0.27232896707295867,11
2497,75,38,13,20,-0.2762411418176654,18
2498,25,12,67,6,-0.2816428039469064,6
2499,114,25,17,11,-0.2849636289265948,14
2500,25,64,16,32,-0.2886416579377708,32
2501,96,15,73,8,-0.29259461070533327,7
2502,90,31,16,14,-0.2940760775958115,17
2503,81,10,9,5,-0.3081750592570793,5
2504,17,25,13,13,-0.31391614630113795,12
2505,60,48,68,23,-0.32060528813408984,25
2506,88,33,1,16,-0.32793916292313485,17
2507,84,25,54,12,-0.33308077981097556,13
2508,91,25,107,12,-0.33351571993440077,13
2509,3,12,104,6,-0.33910315953796416,6
2510,86,50,95,27,-0.3393906577651184,23
2511,80,15,71,8,-0.35243956476478927,7
2512,91,30,88,15,-0.3633488261079722,15
2513,83,22,28,13,-0.36492740395353107,9
2514,71,67,60,34,-0.3658935933787834,33
2515,63,30,25,14,-0.3669879376751877,16
2516,28,26,95,14,-0.36814720179538646,12
2517,40,12,74,6,-0.3721552291848124,6
2518,80,19,84,10,-0.37260661509648724,9
2519,58,12,55,6,-0.3836699636420245,6
2520,60,20,109,10,-0.38899228181743506,10
2521,44,13,8,7,-0.3904420875789997,6
2522,84,11,114,6,-0.39341407766010245,5
2523,11,40,46,21,-0.40014503193618634,19
2524,104,29,109,15,-0.40824541877732484,14
2525,79,14,84,6,-0.414195427227968,8
2526,84,32,88,15,-0.41426283980096457,17
2527,38,14,5,7,-0.4168378546295618,7
2528,13,20,45,10,-0.42017174728346235,10
2529,99,11,33,5,-0.4248665122614248,6
2530,41,16,46,9,-0.4256412832379688,7
2531,7,11,48,6,-0.4323458798998901,5
2532,18,13,12,7,-0.4352920108827394,6
2533,11,15,90,8,-0.4409004522210813,7
2534,25,15,90,8,-0.44125431994319136,7
2535,51,48,37,22,-0.4431124449595469,26
2536,25,38,74,19,-0.44379392623894137,19
2537,4,29,68,15,-0.4438325408497067,14
2538,5,64,107,32,-0.4445967139868961,32
2539,51,16,98,8,-0.4507423495205418,8
2540,54,65,8,31,-0.4543441135725223,34
2541,44,17,63,9,-0.45751243590606805,8
2542,111,16,87,8,-0.45897322341286373,8
2543,39,38,36,20,-0.4616425397914709,18
2544,88,52,41,27,-0.463032039053132,25
2545,2,19,20,10,-0.4680277157813875,9
2546,64,18,45,9,-0.47078973461046025,9
2547,74,28,95,15,-0.4784255086028221,13
2548,104,14,57,9,-0.4845128262229359,5
2549,41,22,64,13,-0.4850127215004388,9
2550,71,20,28,11,-0.49018926512613936,9
2551,63,39,5,17,-0.4918719035327135,22
2552,54,11,3,6,-0.49615709141093817,5
2553,87,59,5,30,-0.49916697205470045,29
2554,39,19,70,9,-0.49953189293951067,10
2555,12,16,86,8,-0.5017688026947513,8
2556,30,10,23,5,-0.5026095498724004,5
2557,90,11,41,5,-0.513841479320257,6
2558,65,15,102,7,-0.514716734933686,8
2559,70,18,7,11,-0.5158871113950115,7
2560,28,19,73,9,-0.5214155246375576,10
2561,74,39,54,19,-0.5263234536886653,20
2562,57,16,46,8,-0.5297057406629241,8
2563,36,12,100,6,-0.5299348319981751,6
2564,69,28,36,15,-0.5321485063761426,13
2565,68,36,64,20,-0.5392659539066379,16
2566,1,10,106,5,-0.5396528610114302,5
2567,88,39,49,20,-0.5397148130039715,19
2568,87,14,47,7,-0.543774519714458,7
2569,54,49,5,26,-0.5526115688513301,23
2570,70,18,25,9,-0.5576629056938338,9
2571,15,12,64,5,-0.5592833166577464,7
2572,2,10,83,5,-0.559439726515081,5
2573,2,31,97,16,-0.5614740846174444,15
2574,113,11,40,6,-0.5709434730623837,5
2575,4,19,71,8,-0.5721760075022251,11
2576,106,36,70,17,-0.5728343742963943,19
2577,68,22,36,11,-0.572980663363671,11
2578,93,11,20,5,-0.5766686262962127,6
2579,96,17,2,9,-0.5793042045284422,8
2580,18,18,25,10,-0.5853998791644796,8
2581,8,14,49,8,-0.588443561106832,6
2582,49,15,63,7,-0.5934896779184343,8
2583,112,16,50,9,-0.5935648637817503,7
2584,74,34,97,18,-0.5971052080534027,16
2585,114,48,86,25,-0.5985858849587591,23
2586,5,42,13,21,-0.6022033540566137,21
2587,7,83,107,46,-0.6132833942233671,37
2588,40,13,109,6,-0.6223424064374109,7
2589,106,45,76,25,-0.6229200096733949,20
2590,11,10,27,6,-0.6266769775986694,4
2591,97,11,11,5,-0.626987447450576,6
2592,7,28,43,15,-0.628276556172117,13
2593,65,87,63,44,-0.6284242288955313,43
2594,55,56,51,28,-0.6286356632003562,28
2595,106,28,41,15,-0.6290471620666023,13
2596,87,13,45,7,-0.6337375141360986,6
2597,36,17,111,9,-0.6365354853619557,8
2598,41,25,25,11,-0.6394054706376676,14
2599,50,16,98,8,-0.6426219058041119,8
2600,95,29,7,14,-0.642688511511372,15
2601,40,24,47,14,-0.645292590322561,10
2602,114,12,15,6,-0.6485587728380157,6
2603,107,64,54,32,-0.6490921157275141,32
2604,50,41,106,22,-0.6550249237337565,19
2605,44,12,68,6,-0.6567355303439968,6
2606,32,10,51,5,-0.6618630889696462,5
2607,12,12,13,4,-0.6620136814767498,8
2608,76,21,46,11,-0.6695307665561854,10
2609,87,10,17,5,-0.6720551767544857,5
2610,15,15,23,8,-0.6735916899677633,7
2611,18,10,71,5,-0.6742469098900472,5
2612,50,12,12,8,-0.6745215776289424,4
2613,37,35,17,16,-0.6754496375254361,19
2614,53,17,63,9,-0.6790939797636326,8
2615,88,12,14,6,-0.6801737661196036,6
2616,43,11,8,6,-0.6873113766159775,5
2617,88,23,69,11,-0.6879038227398508,12
2618,75,48,65,25,-0.6906196819169933,23
2619,99,11,27,5,-0.6941577039356038,6
2620,17,25,106,14,-0.6970418753519009,11
2621,38,12,60,6,-0.6995470537788481,6
2622,8,53,70,27,-0.7145330447581052,26
2623,28,13,82,6,-0.7153587234866207,7
2624,65,43,74,21,-0.7154736955647417,22
2625,97,12,23,6,-0.7204148154622633,6
2626,11,48,8,26,-0.7230407809506088,22
2627,4,48,7,24,-0.7233412627111561,24
2628,25,23,15,13,-0.7267013492378236,10
2629,74,11,9,5,-0.7299286370521885,6
2630,74,13,36,8,-0.743717573303844,5
2631,48,27,28,14,-0.7484805696104441,13
2632,114,42,104,22,-0.7516348919980076,20
2633,47,17,65,9,-0.7638862523670515,8
2634,51,15,11,7,-0.7657848416746224,8
2635,104,15,33,7,-0.7704375614853106,8
2636,70,29,104,15,-0.776321552403963,14
2637,37,34,65,16,-0.7811221325476836,18
2638,13,10,32,5,-0.7835363847604213,5
2639,65,19,18,9,-0.7868157298210114,10
2640,39,28,11,14,-0.7894372385849192,14
2641,77,16,5,8,-0.7908065895997605,8
2642,65,14,49,7,-0.7937150257994665,7
2643,88,22,2,11,-0.7956469041111237,11
2644,114,37,16,20,-0.8068166703323728,17
2645,18,27,40,12,-0.8087261485320242,15
2646,98,24,16,12,-0.8098243077702224,12
2647,18,33,87,16,-0.810831176546768,17
2648,76,45,106,21,-0.8113571883686943,24
2649,20,27,74,13,-0.8203305748765273,14
2650,65,23,11,13,-0.8217152797009972,10
2651,62,12,55,7,-0.8240244688504365,5
2652,46,16,2,8,-0.8285194662826783,8
2653,97,19,70,9,-0.8297653905231781,10
2654,89,10,86,6,-0.8309374732906832,4
2655,107,33,71,18,-0.8345735817070122,15
2656,9,21,54,11,-0.8370391633271433,10
2657,33,17,28,10,-0.8541289895316214,7
2658,87,41,63,22,-0.8565025279628337,19
2659,75,17,95,9,-0.8604277528016118,8
2660,109,13,96,7,-0.8605479990683851,6
2661,114,10,10,6,-0.8617397018011254,4
2662,47,15,63,9,-0.8646476928239518,6
2663,45,17,114,9,-0.865447146220442,8
2664,47,24,39,12,-0.866939859475694,12
2665,107,25,17,13,-0.8679548014758955,12
2666,25,27,50,13,-0.8694133305278395,14
2667,4,21,77,11,-0.8810684428976734,10
2668,53,44,13,24,-0.8821581517817362,20
2669,61,11,13,6,-0.8869748833856793,5
2670,65,80,86,39,-0.8906021371532535,41
2671,97,17,64,9,-0.8923543316851017,8
2672,46,31,107,15,-0.8942764168819444,16
2673,2,29,86,14,-0.896519231608107,15
2674,74,17,68,10,-0.9001065237726515,7
2675,13,55,86,27,-0.9003167499142395,28
2676,25,28,95,14,-0.9052285032456315,14
2677,7,37,63,21,-0.9078425723110637,16
2678,8,15,80,7,-0.9079706413866468,8
2679,68,54,51,25,-0.9110605893369685,29
2680,51,36,17,18,-0.9118264291561756,18
2681,38,11,9,5,-0.9163664138473976,6
2682,33,20,13,10,-0.9181205054603415,10
2683,50,17,69,10,-0.918845201923083,7
2684,107,12,85,6,-0.9241238862197033,6
2685,86,17,33,8,-0.9246066959077452,9
2686,83,22,25,12,-0.9290503981463769,10
2687,93,32,8,16,-0.9298196160455592,16
2688,31,12,112,5,-0.9315079114369523,7
2689,11,14,40,7,-0.9327312826337016,7
2690,86,50,70,27,-0.9386675711946509,23
2691,33,10,64,6,-0.9428685824938476,4
2692,68,18,30,9,-0.9431634627289214,9
2693,8,20,7,11,-0.9446580951337818,9
2694,39,42,63,25,-0.947169077406515,17
2695,112,10,114,6,-0.9482004505871948,4
2696,63,14,34,7,-0.9507384684475217,7
2697,5,14,14,8,-0.9561035605846475,6
2698,27,41,13,20,-0.9633164048559403,21
2699,87,44,96,22,-0.9639736076499452,22
2700,60,41,53,23,-0.9651103823107396,18
2701,39,32,54,17,-0.9652580898216846,15
2702,60,27,18,14,-0.9660858898942084,13
2703,107,38,39,18,-0.9668768431627337,20
2704,63,52,106,26,-0.9674390170069777,26
2705,54,61,50,31,-0.9686960838960988,30
2706,88,32,71,18,-0.9703190068694106,14
2707,60,11,102,6,-0.9813764507321933,5
2708,65,18,84,10,-0.9824722158055605,8
2709,13,10,26,6,-0.9827160697327572,4
2710,50,20,9,10,-0.9885052658281765,10
2711,28,67,106,35,-0.9916026418837889,32
2712,71,10,109,5,-0.9970275319814981,5
2713,65,52,31,26,-0.997586001176756,26
2714,70,22,20,11,-1.00377795376817,11
2715,16,56,104,29,-1.0043411209823798,27
2716,7,39,114,21,-1.0047894280060643,18
2717,6,14,68,8,-1.005162162800652,6
2718,88,55,114,28,-1.0131047344809978,27
2719,80,23,20,12,-1.0138169865719233,11
2720,88,20,93,11,-1.013881838292134,9
2721,33,10,70,5,-1.0222975969230645,5
2722,28,68,107,36,-1.02774999166623,32
2723,61,11,65,6,-1.0296727282732392,5
2724,41,24,1,11,-1.031036903337148,13
2725,3,14,45,7,-1.0349134798027073,7
2726,54,13,41,6,-1.0364149113268506,7
2727,51,15,57,8,-1.0657059676341942,7
2728,107,59,84,30,-1.06846180452473,29
2729,4,54,13,26,-1.070745718574495,28
2730,37,20,67,11,-1.0707700527635244,9
2731,55,33,83,16,-1.0771475436917033,17
2732,20,67,86,35,-1.090808542947844,32
2733,109,16,83,7,-1.0939664342434439,9
2734,106,16,27,7,-1.0992702168895803,9
2735,68,46,111,23,-1.0998589346567473,23
2736,33,16,54,9,-1.1000953180608284,7
2737,76,16,20,7,-1.1006143157067256,9
2738,12,15,88,7,-1.1021036328161913,8
2739,109,49,86,25,-1.103691717935713,24
2740,80,13,7,6,-1.1107107140209247,7
2741,57,17,25,9,-1.1122394350713356,8
2742,86,95,106,48,-1.113182068588159,47
2743,74,23,75,13,-1.1136382979927992,10
2744,55,80,8,39,-1.1137831076336164,41
2745,114,13,33,6,-1.1286658148323805,7
2746,31,42,40,21,-1.1303256616830157,21
2747,48,14,20,8,-1.1319086574299342,6
2748,16,47,23,25,-1.1335884234619735,22
2749,71,29,36,14,-1.1353483167226386,15
2750,107,57,96,31,-1.1424103332102924,26
2751,73,11,50,7,-1.1481239853473426,4
2752,8,40,2,20,-1.1594572352270007,20
2753,72,11,13,5,-1.1645211045216022,6
2754,28,24,76,13,-1.1713077042523665,11
2755,39,30,71,16,-1.17935259653719,14
2756,9,20,106,10,-1.1800889074777916,10
2757,28,14,57,7,-1.181209603674041,7
2758,104,31,39,16,-1.1860951445386847,15
2759,27,13,87,7,-1.1876662179642306,6
2760,40,34,16,18,-1.192206676449573,16
2761,109,25,25,13,-1.1927554377225942,12
2762,43,12,94,7,-1.1957377911100522,5
2763,74,31,104,17,-1.204342892758845,14
2764,60,72,7,37,-1.2061879252659617,35
2765,40,45,63,24,-1.2171256720053243,21
2766,64,33,36,16,-1.224596122842568,17
2767,88,43,106,24,-1.2258321346648997,19
2768,47,13,25,6,-1.2263479187744069,7
2769,4,18,53,9,-1.228296075740094,9
2770,43,20,51,10,-1.2311542840690504,10
2771,7,20,69,9,-1.2332146407094486,11
2772,95,16,63,8,-1.233969730193377,8
2773,98,19,54,10,-1.2379162985927636,9
2774,68,11,8,6,-1.2395579716830014,5
2775,43,12,104,7,-1.2430962980218272,5
2776,84,19,109,10,-1.2452486060748378,9
2777,7,12,72,6,-1.2589041979579136,6
2778,99,26,55,14,-1.260544955494955,12
2779,88,16,81,8,-1.2638566009330001,8
2780,7,15,30,9,-1.2653074178605743,6
2781,96,37,84,18,-1.2684027154450674,19
2782,45,13,63,7,-1.2687094536706711,6
2783,40,14,12,7,-1.2723102043179608,7
2784,55,27,53,14,-1.27795117962373,13
2785,68,37,86,19,-1.2860459364130277,18
2786,114,39,37,22,-1.286243774086687,17
2787,74,22,2,12,-1.2925512141562505,10
2788,71,11,74,5,-1.2965496064290505,6
2789,55,61,86,32,-1.3025975558212732,29
2790,102,11,70,4,-1.3043211125718082,7
2791,62,14,13,7,-1.3064157525708802,7
2792,55,40,75,23,-1.308475766162277,17
2793,90,42,86,22,-1.3095228676827355,20
2794,50,52,86,29,-1.3103899161881976,23
2795,8,16,10,9,-1.3145513780375313,7
2796,88,60,46,30,-1.3171891594634109,30
2797,80,18,74,9,-1.3199661328668575,9
2798,51,42,8,22,-1.320222451771928,20
2799,68,42,9,21,-1.3253193940440777,21
2800,86,71,40,39,-1.328722440217454,32
2801,37,66,8,34,-1.3357403383797612,32
2802,18,19,74,9,-1.3431629471813042,10
2803,90,17,84,9,-1.3434141546201466,8
2804,28,17,79,9,-1.3443965025775715,8
2805,51,34,53,17,-1.3458986884044266,17
2806,32,10,68,4,-1.3472663297967609,6
2807,53,38,39,20,-1.3510410743477863,18
2808,106,10,66,5,-1.3511866406165267,5
2809,95,39,104,21,-1.3572737261218617,18
2810,30,26,25,12,-1.3633847180345777,14
2811,75,14,97,7,-1.365095248526459,7
2812,40,23,30,12,-1.3656919842952278,11
2813,23,13,27,6,-1.3665703255989474,7
2814,65,79,7,39,-1.3709709515008277,40
2815,76,11,90,5,-1.371109786983603,6
2816,41,67,65,37,-1.3762695204103346,30
2817,51,21,1,10,-1.3780606831459756,11
2818,11,41,50,22,-1.3816262941644981,19
2819,97,19,83,9,-1.386098350195291,10
2820,14,14,87,7,-1.3937442948736458,7
2821,39,28,95,15,-1.393959809966758,13
2822,83,15,7,9,-1.3943529604549403,6
2823,84,27,55,14,-1.3965203244162752,13
2824,75,25,114,13,-1.3997484689276667,12
2825,74,14,69,8,-1.405917558604431,6
2826,74,39,87,21,-1.4084912775273244,18
2827,20,26,114,14,-1.4108238049500696,12
2828,11,15,102,9,-1.4114820984859553,6
2829,40,30,41,15,-1.4126537270823987,15
2830,40,17,62,8,-1.4165929440121199,9
2831,98,10,74,5,-1.417749699278812,5
2832,13,54,41,27,-1.419278344434888,27
2833,45,35,36,16,-1.4232731245081227,19
2834,8,16,18,9,-1.4245152955314586,7
2835,110,14,106,7,-1.425859572556296,7
2836,70,27,76,15,-1.4264215948460301,12
2837,39,10,29,5,-1.4323721801769822,5
2838,9,11,91,6,-1.4374740940297928,5
2839,106,36,104,18,-1.4413463387141445,18
2840,111,15,23,6,-1.442343774140257,9
2841,76,20,98,11,-1.4493678922731097,9
2842,38,16,8,8,-1.4562520429495762,8
2843,89,14,28,8,-1.4639788382157586,6
2844,16,29,20,17,-1.4722421968299606,12
2845,32,17,11,8,-1.4729852723414758,9
2846,65,80,54,42,-1.4854192923704523,38
2847,28,88,86,47,-1.4858586725756155,41
2848,51,64,88,31,-1.4906474480391985,33
2849,106,17,102,8,-1.4908896648943564,9
2850,35,12,55,6,-1.4940575955038922,6
2851,98,12,60,6,-1.4966976528921432,6
2852,77,17,68,9,-1.4983876400045488,8
2853,71,36,65,20,-1.5005631642179076,16
2854,108,12,40,7,-1.5026228243365933,5
2855,50,30,84,15,-1.5145533767727424,15
2856,55,12,46,7,-1.514859018089955,5
2857,2,17,16,9,-1.5157503924432272,8
2858,37,14,35,7,-1.523131742310598,7
2859,106,33,20,18,-1.5258125164631018,15
2860,49,37,39,20,-1.5260215447541623,17
2861,39,43,87,23,-1.526074694250015,20
2862,83,19,106,11,-1.531176804791276,8
2863,114,27,36,13,-1.5315113790573047,14
2864,107,25,98,13,-1.5336986422482113,12
2865,79,11,107,5,-1.5337921396437189,6
2866,88,14,48,6,-1.5368173707334059,8
2867,4,15,81,7,-1.5369299818364042,8
2868,88,12,78,6,-1.539040986699137,6
2869,74,26,11,14,-1.5483769164487973,12
2870,83,23,104,13,-1.5563880557352991,10
2871,61,17,40,9,-1.5607473214395375,8
2872,111,14,9,7,-1.5621342613374538,7
2873,9,29,36,16,-1.5660278428140042,13
2874,50,37,63,20,-1.5673775939383394,17
2875,7,44,71,21,-1.5726988471076,23
2876,88,35,97,18,-1.5737334989492902,17
2877,58,17,9,9,-1.5745185575436562,8
2878,55,45,39,24,-1.5783298554748102,21
2879,90,22,55,10,-1.578656952498874,12
2880,25,15,2,7,-1.5845186001024019,8
2881,106,17,48,9,-1.5868770178577234,8
2882,107,63,114,34,-1.588468129552051,29
2883,74,12,12,6,-1.590521420378319,6
2884,36,30,1,14,-1.5919918411390328,16
2885,88,20,90,10,-1.5942056242731582,10
2886,30,18,99,10,-1.5949338139614573,8
2887,9,33,86,17,-1.6021416906403663,16
2888,76,16,30,9,-1.602456932230472,7
2889,74,59,107,32,-1.6086403256327972,27
2890,11,17,7,9,-1.6096082788053911,8
2891,9,13,34,7,-1.6242149298552002,6
2892,100,23,106,13,-1.6259246684962219,10
2893,69,21,41,13,-1.633203751140551,8
2894,107,42,68,21,-1.641877590907469,21
2895,16,17,4,8,-1.650025120299199,9
2896,74,50,16,27,-1.6504828930462023,23
2897,64,22,50,11,-1.6654672188379327,11
2898,109,11,32,5,-1.666013339769578,6
2899,36,33,75,19,-1.6752191307174538,14
2900,96,29,76,16,-1.676273070644297,13
2901,65,16,3,8,-1.686576375638852,8
2902,41,74,7,38,-1.6872456726475553,36
2903,50,17,34,9,-1.6919122560222062,8
2904,9,13,4,7,-1.701361350276758,6
2905,75,12,112,6,-1.705880852801986,6
2906,8,32,50,15,-1.7065203942920961,17
2907,15,23,16,13,-1.7107339416917333,10
2908,76,13,84,7,-1.710890300241341,6
2909,85,10,74,5,-1.7134982697618457,5
2910,11,14,60,7,-1.729783938603551,7
2911,75,19,70,9,-1.7314858975507368,10
2912,9,15,1,9,-1.738829101010799,6
2913,88,37,36,21,-1.7392851936744331,16
2914,112,15,7,8,-1.740504233734299,7
2915,36,33,60,17,-1.7416473627060742,16
2916,55,45,87,24,-1.743882563179793,21
2917,70,26,84,14,-1.7530345342228948,12
2918,31,32,88,16,-1.7681321425900525,16
2919,43,21,107,12,-1.770592797744915,9
2920,90,25,37,13,-1.7816453937181784,12
2921,17,23,25,12,-1.782148731953138,11
2922,68,56,65,30,-1.78624447197698,26
2923,77,18,86,10,-1.7863634608366032,8
2924,60,13,78,6,-1.7930999308888251,7
2925,37,20,2,10,-1.7943143656917857,10
2926,9,33,13,19,-1.8009414969091986,14
2927,28,65,8,35,-1.8060421386611965,30
2928,25,22,36,11,-1.8071440138268584,11
2929,86,40,60,22,-1.8076628688789882,18
2930,111,18,40,9,-1.8104998545748818,9
2931,98,25,104,11,-1.813242515136979,14
2932,99,13,102,7,-1.8212893413036864,6
2933,114,13,44,7,-1.8263733365516708,6
2934,65,21,69,11,-1.8288944599319394,10
2935,29,14,7,6,-1.8294106613069705,8
2936,51,59,40,31,-1.8453671538115306,28
2937,53,25,95,15,-1.8459170880359104,10
2938,98,21,28,13,-1.8460912305825197,8
2939,106,12,34,7,-1.848042404417825,5
2940,88,19,83,9,-1.8504010929562806,10
2941,86,11,6,6,-1.8539951054916275,5
2942,106,61,87,31,-1.8566326197242504,30
2943,84,17,2,9,-1.859443252903194,8
2944,75,16,27,7,-1.861521879915883,9
2945,39,12,48,6,-1.8633366398280338,6
2946,49,11,28,5,-1.863816652041917,6
2947,5,95,37,49,-1.865428870342572,46
2948,28,44,37,24,-1.8670737685584557,20
2949,17,14,74,7,-1.8676704113074127,7
2950,90,12,91,6,-1.87462520245966,6
2951,76,21,37,10,-1.8761952725973932,11
2952,83,16,60,9,-1.8774619090517453,7
2953,87,21,80,11,-1.8874367778467114,10
2954,91,26,5,15,-1.8922517003046981,11
2955,108,14,74,7,-1.8987503296630384,7
2956,88,68,8,36,-1.9060723245156992,32
2957,106,32,97,16,-1.9159665785715099,16
2958,96,14,30,7,-1.9170201840499566,7
2959,76,11,99,5,-1.9173589523208336,6
2960,41,21,70,10,-1.9198471114809519,11
2961,7,33,54,17,-1.9280653210517342,16
2962,84,30,87,16,-1.9310332903828082,14
2963,8,27,60,13,-1.9314540236492592,14
2964,53,46,18,24,-1.9347147097100317,22
2965,107,43,60,22,-1.936370342251885,21
2966,104,13,110,8,-1.9388474450810558,5
2967,31,14,23,8,-1.9392936999416424,6
2968,55,20,25,11,-1.9429576796619947,9
2969,106,25,36,13,-1.9544195558404944,12
2970,94,10,60,5,-1.9558814631865937,5
2971,12,10,3,5,-1.9629085980298306,5
2972,75,12,2,7,-1.9694128550530146,5
2973,51,27,70,14,-1.9701673060904341,13
2974,63,19,46,9,-1.9709249209761102,10
2975,51,21,4,12,-1.9725501440923956,9
2976,37,33,88,18,-1.979989875378531,15
2977,46,23,60,12,-1.9804607974865263,11
2978,13,13,48,7,-1.984822076945226,6
2979,55,63,13,33,-1.9857102496979573,30
2980,9,57,7,29,-1.9864125790744158,28
2981,39,31,28,17,-1.988784008023814,14
2982,35,10,84,5,-1.996508314062219,5
2983,55,14,3,8,-2.002391581967284,6
2984,51,20,12,11,-2.0030592525833657,9
2985,65,51,28,28,-2.0070390972411434,23
2986,60,42,39,21,-2.0085829887842848,21
2987,70,36,107,18,-2.0097541983969376,18
2988,87,30,23,17,-2.0127655582890838,13
2989,107,90,86,47,-2.015330132220478,43
2990,58,10,4,6,-2.016897461480046,4
2991,90,36,8,20,-2.01946478207178,16
2992,96,15,39,9,-2.0243430136139744,6
2993,73,12,55,6,-2.024829564390717,6
2994,31,23,71,12,-2.029888605888344,11
2995,31,18,87,9,-2.034283022840931,9
2996,63,12,58,5,-2.0345686518653676,7
2997,88,14,89,7,-2.035463499061412,7
2998,5,17,53,10,-2.036520523579277,7
2999,60,24,90,14,-2.039727571926182,10
3000,54,17,23,9,-2.040126358853802,8
3001,30,15,50,8,-2.046419507298431,7
3002,86,23,53,11,-2.051603294036597,12
3003,39,46,25,24,-2.053255430368429,22
3004,7,22,1,11,-2.0629145185601847,11
3005,13,47,49,24,-2.0644672757571514,23
3006,60,52,77,28,-2.0764857415563527,24
3007,3,13,28,8,-2.0773520096904003,5
3008,4,23,50,11,-2.077515520452508,12
3009,63,10,82,5,-2.0779758612966877,5
3010,97,18,109,10,-2.079596703306642,8
3011,71,20,62,11,-2.0805395405305,9
3012,112,13,16,8,-2.083367453463483,5
3013,106,10,29,5,-2.0946248807739694,5
3014,8,22,97,11,-2.094799206270941,11
3015,63,60,107,29,-2.0964077028797106,31
3016,5,62,28,32,-2.10037433995057,30
3017,60,24,99,13,-2.100940382067204,11
3018,33,12,74,6,-2.113811361821,6
3019,30,13,48,6,-2.114145406665778,7
3020,70,11,53,6,-2.117480208536356,5
3021,84,15,25,8,-2.118395686595601,7
3022,28,49,11,25,-2.1398999630410587,24
3023,50,16,109,8,-2.1420450648202096,8
3024,9,12,49,6,-2.148758495114293,6
3025,87,19,2,10,-2.1505411632732674,9
3026,46,27,87,13,-2.150785198948074,14
3027,29,10,23,5,-2.1610971150686176,5
3028,88,51,55,29,-2.161819612033387,22
3029,74,14,88,9,-2.16536396125082,5
3030,43,13,41,7,-2.165591126348105,6
3031,71,31,8,17,-2.1657517931270975,14
3032,13,22,11,11,-2.165914141538766,11
3033,39,11,33,6,-2.1701558874520313,5
3034,31,10,97,5,-2.1753585415679084,5
3035,104,30,68,15,-2.178456711695816,15
3036,70,26,63,14,-2.1813121472430432,12
3037,63,13,73,6,-2.1816500275336974,7
3038,74,64,8,36,-2.1866220406514896,28
3039,14,11,96,6,-2.19268862994012,5
3040,48,23,8,13,-2.2004165749645987,10
3041,84,24,37,13,-2.2012234645498956,11
3042,48,17,106,9,-2.209739094606631,8
3043,96,50,5,28,-2.21142719225076,22
3044,8,11,112,5,-2.214468435350456,6
3045,69,11,104,7,-2.21747944835034,4
3046,99,13,98,6,-2.22125816779338,7
3047,114,11,11,5,-2.2223336020983733,6
3048,33,11,88,5,-2.224220943421554,6
3049,100,16,28,9,-2.2255414738387724,7
3050,8,24,76,12,-2.2293930206952894,12
3051,74,27,20,15,-2.230377352624161,12
3052,68,45,39,23,-2.233023091938667,22
3053,70,25,68,13,-2.2334926025833965,12
3054,104,35,87,17,-2.2393020839894078,18
3055,31,19,47,10,-2.2540945917619877,9
3056,4,24,64,12,-2.2547677264967234,12
3057,28,34,46,20,-2.254966612496791,14
3058,96,66,28,35,-2.2674069446039327,31
3059,16,28,97,13,-2.272810713050596,15
3060,44,10,100,5,-2.284692829694093,5
3061,69,10,4,5,-2.28938476704772,5
3062,23,12,36,5,-2.2894130739264833,7
3063,87,34,95,18,-2.289744130790555,16
3064,96,36,106,20,-2.2984565902488896,16
3065,37,15,39,8,-2.303565900253035,7
3066,28,12,4,6,-2.308223436965115,6
3067,6,18,44,11,-2.31343063644587,7
3068,23,18,95,9,-2.3237980752518905,9
3069,43,11,37,7,-2.33260542076611,4
3070,3,13,71,7,-2.3341081740890703,6
3071,88,16,61,8,-2.3480784754629913,8
3072,18,51,7,26,-2.355998676159947,25
3073,109,14,48,8,-2.3615030071790217,6
3074,5,23,99,12,-2.3616219022642833,11
3075,90,35,107,18,-2.3647055850712584,17
3076,96,10,69,6,-2.371580754307745,4
3077,51,36,28,18,-2.375623805094966,18
3078,75,10,34,6,-2.3858790426993286,4
3079,8,12,111,6,-2.390343846489093,6
3080,87,22,83,11,-2.3903571419434884,11
3081,109,20,20,12,-2.3908375286297607,8
3082,84,14,93,8,-2.3958694367553792,6
3083,7,25,49,15,-2.4041694535390454,10
3084,108,23,107,13,-2.4105812647131275,10
3085,36,66,7,35,-2.411122681109137,31
3086,7,16,20,8,-2.4138769653971535,8
3087,97,11,9,5,-2.4173509345143613,6
3088,25,46,107,24,-2.4187485647838773,22
3089,99,11,109,6,-2.419517402501058,5
3090,65,84,13,46,-2.424814263785816,38
3091,78,16,86,9,-2.4256216561768684,7
3092,43,15,25,10,-2.427840334051898,5
3093,84,11,102,6,-2.4318791540205242,5
3094,75,20,91,7,-2.4323694332612673,13
3095,99,21,87,12,-2.432411032680885,9
3096,97,17,20,9,-2.4355837212433706,8
3097,106,39,55,22,-2.4381392466666045,17
3098,20,17,13,10,-2.4414106325578637,7
3099,50,10,32,4,-2.4440541907162716,6
3100,7,18,35,9,-2.444099119592227,9
3101,31,31,4,18,-2.4445708193968856,13
3102,60,14,28,9,-2.4489380790199258,5
3103,51,28,36,15,-2.4708671287104753,13
3104,23,43,107,22,-2.4742420245016374,21
3105,20,40,8,21,-2.4774464429650904,19
3106,9,10,30,5,-2.4892766529566774,5
3107,111,11,18,6,-2.489910872635885,5
3108,9,34,75,19,-2.4939025995121282,15
3109,65,42,39,20,-2.4941190501702715,22
3110,109,18,37,10,-2.5010134043415313,8
3111,53,11,23,6,-2.5030034532740997,5
3112,68,34,27,19,-2.5045591603597654,15
3113,11,24,76,14,-2.5133587914463313,10
3114,68,13,11,7,-2.5250619833588037,6
3115,60,17,15,10,-2.5300641095790533,7
3116,39,10,81,5,-2.5393992954040647,5
3117,11,35,63,21,-2.539597707853179,14
3118,18,16,43,7,-2.5427113019611913,9
3119,13,69,16,38,-2.545472824988716,31
3120,68,97,7,54,-2.5483482091400553,43
3121,40,42,9,23,-2.5499408438897446,19
3122,46,14,71,7,-2.5531897999385733,7
3123,47,10,71,5,-2.5538684465926536,5
3124,63,10,83,4,-2.557624644664858,6
3125,97,16,50,9,-2.5655675176587955,7
3126,91,11,47,6,-2.565831417578021,5
3127,28,24,80,13,-2.570555603447683,11
3128,91,20,36,11,-2.5759002594566036,9
3129,5,23,39,12,-2.597769813737307,11
3130,29,13,16,6,-2.5988854221001265,7
3131,71,11,69,6,-2.6042984987224993,5
3132,36,63,40,35,-2.606042312767098,28
3133,13,72,68,40,-2.607720373776668,32
3134,40,25,43,13,-2.6112595433147776,12
3135,41,12,11,8,-2.6159479780993316,4
3136,107,31,18,18,-2.618673524092411,13
3137,114,28,54,14,-2.6355280322257006,14
3138,95,14,33,8,-2.6415453896084555,6
3139,5,60,16,35,-2.643518445682432,25
3140,86,86,63,50,-2.6439582488559084,36
3141,63,15,112,9,-2.644384896710045,6
3142,97,31,25,17,-2.6446106804807874,14
3143,88,56,60,31,-2.6455443711538065,25
3144,8,24,30,13,-2.6514132136935475,11
3145,25,36,28,21,-2.653080526503112,15
3146,76,20,65,12,-2.6552026491926344,8
3147,57,22,88,11,-2.6556629504379483,11
3148,50,25,17,13,-2.6581206262781643,12
3149,91,13,74,7,-2.658254293210725,6
3150,35,16,11,9,-2.6584025807809044,7
3151,109,31,51,19,-2.6658568783873675,12
3152,34,15,86,8,-2.666255439949744,7
3153,74,25,114,13,-2.666972342657448,12
3154,23,15,100,7,-2.6674779269680453,8
3155,54,70,86,37,-2.6680240503824857,33
3156,68,10,80,6,-2.6691327826896623,4
3157,44,17,25,9,-2.673535476281759,8
3158,107,68,65,37,-2.677112854009147,31
3159,68,17,47,10,-2.694044903632607,7
3160,35,16,88,9,-2.701667059815045,7
3161,37,57,107,31,-2.7122377942768767,26
3162,33,21,16,13,-2.716908579534641,8
3163,80,11,95,6,-2.7197438471090796,5
3164,8,75,86,38,-2.730718414735334,37
3165,106,50,65,27,-2.735321183024918,23
3166,114,24,71,13,-2.738717946238106,11
3167,114,35,97,19,-2.7409672534289373,16
3168,44,12,51,5,-2.744148846438526,7
3169,84,16,14,9,-2.744202009506241,7
3170,70,12,90,6,-2.7520324563373566,6
3171,11,15,14,9,-2.753683750814255,6
3172,5,49,109,25,-2.7561957001201685,24
3173,10,11,5,5,-2.7716738654503192,6
3174,81,12,68,7,-2.7747349509992305,5
3175,104,37,8,20,-2.7794749735414097,17
3176,37,45,20,24,-2.7863088238660243,21
3177,68,55,88,30,-2.7876628016546574,25
3178,47,11,64,7,-2.7940444976016368,4
3179,4,37,88,20,-2.7964352381128283,17
3180,50,15,79,9,-2.7998338113931363,6
3181,7,48,104,26,-2.8023975146169997,22
3182,31,17,91,10,-2.8051302221606758,7
3183,114,12,91,6,-2.8069496149403275,6
3184,41,15,99,8,-2.808167291861728,7
3185,15,17,99,10,-2.8189668514207975,7
3186,20,33,88,17,-2.8203004723972693,16
3187,31,28,86,16,-2.831200933725519,12
3188,53,18,97,9,-2.8331039433561727,9
3189,62,26,86,14,-2.8395121662510396,12
3190,104,13,23,8,-2.8445076862849517,5
3191,23,21,63,12,-2.845143875409196,9
3192,33,13,97,7,-2.8486496222061595,6
3193,41,15,55,8,-2.850526507785498,7
3194,99,18,51,9,-2.8534777973740635,9
3195,107,18,81,9,-2.859003244509169,9
3196,114,35,63,21,-2.864935223431466,14
3197,3,25,7,15,-2.8676558749050343,10
3198,60,23,63,13,-2.8746236800640066,10
3199,114,38,60,17,-2.877857248468832,21
3200,87,17,69,9,-2.8862410771595495,8
3201,86,88,16,49,-2.8956065696174473,39
3202,70,44,16,25,-2.8964812619421374,19
3203,108,13,71,7,-2.8992906212622866,6
3204,38,10,109,6,-2.9022179530477508,4
3205,39,35,75,18,-2.9045485450299298,17
3206,37,19,91,10,-2.9050960547005253,9
3207,49,17,51,9,-2.910600224315231,8
3208,108,12,25,7,-2.9132670669268257,5
3209,87,17,62,10,-2.9191459877499675,7
3210,60,14,92,8,-2.923467229900839,6
3211,54,49,16,27,-2.9250805759955862,22
3212,65,15,99,8,-2.925348959200731,7
3213,91,29,28,16,-2.9278794084123945,13
3214,16,50,11,30,-2.9293887488836368,20
3215,87,20,36,12,-2.9355732508976633,8
3216,95,18,20,10,-2.9442775418414966,8
3217,62,14,37,6,-2.946481909668118,8
3218,107,14,94,9,-2.948066087520639,5
3219,51,42,54,22,-2.951484262144892,20
3220,16,42,95,22,-2.960784285924195,20
3221,30,19,51,10,-2.961405691964683,9
3222,65,41,8,22,-2.9652698998074127,19
3223,13,27,74,15,-2.9694950143468217,12
3224,86,80,74,42,-2.969791093961623,38
3225,16,53,60,28,-2.9699728981115525,25
3226,104,23,53,12,-2.9801329049842638,11
3227,84,12,10,7,-2.980259678929739,5
3228,28,16,23,8,-2.982809086991735,8
3229,30,10,74,5,-2.9862406732405895,5
3230,76,15,41,7,-2.996443529657045,8
3231,76,10,13,6,-2.9998952230617983,4
3232,9,18,70,11,-3.003970919688205,7
3233,18,17,4,10,-3.0054619874164517,7
3234,30,11,100,6,-3.008799283644957,5
3235,63,22,71,13,-3.013067036312329,9
3236,88,26,92,15,-3.0156802194711654,11
3237,53,27,25,14,-3.0184106862098083,13
3238,47,24,7,14,-3.0218576148324785,10
3239,18,26,86,15,-3.0237083442650863,11
3240,84,15,75,8,-3.0305846141219575,7
3241,47,16,41,9,-3.031406429138557,7
3242,48,21,84,12,-3.0347277834877144,9
3243,107,40,41,23,-3.0370035373913002,17
3244,96,13,38,7,-3.0422152322461713,6
3245,43,23,16,14,-3.0499378118709086,9
3246,71,16,45,10,-3.06030110682873,6
3247,55,14,48,8,-3.0636269177668387,6
3248,25,18,71,10,-3.0644100067848146,8
3249,54,45,87,26,-3.0658195831402755,19
3250,46,24,97,13,-3.066170643508982,11
3251,37,22,98,12,-3.078006071981289,10
3252,16,20,6,10,-3.0894843149716715,10
3253,54,22,17,11,-3.09293116749158,11
3254,68,14,99,8,-3.100103615084465,6
3255,106,25,109,13,-3.1028448270841773,12
3256,64,19,1,10,-3.1055782304196318,9
3257,88,54,87,27,-3.1116049251566245,27
3258,35,19,86,9,-3.1129031115204757,10
3259,1,17,73,10,-3.1278019900589857,7
3260,78,18,68,10,-3.136919909640928,8
3261,16,24,48,14,-3.137412994823311,10
3262,5,49,46,28,-3.1376099704313347,21
3263,9,22,71,13,-3.149557456981658,9
3264,82,21,86,12,-3.1586560919846263,9
3265,39,36,8,19,-3.1644923509176244,17
3266,17,10,64,5,-3.167788225155107,5
3267,87,27,75,15,-3.167894135437667,12
3268,74,14,90,9,-3.168061351028922,5
3269,107,45,40,26,-3.174845031859648,19
3270,104,20,30,10,-3.175235326966705,10
3271,107,77,87,42,-3.1782207478285076,35
3272,40,13,56,7,-3.1849812029941647,6
3273,28,42,87,22,-3.1941536863516995,20
3274,17,20,8,10,-3.195790244071941,10
3275,107,46,50,24,-3.2042384401027677,22
3276,31,18,39,10,-3.21018106475006,8
3277,68,25,3,14,-3.217909957322218,11
3278,107,65,88,37,-3.226872574003134,28
3279,55,26,36,14,-3.2335997287244007,12
3280,54,27,80,14,-3.233697956928793,13
3281,54,14,85,8,-3.239753980711634,6
3282,20,25,11,15,-3.245274337075932,10
3283,41,40,51,22,-3.2494854683164416,18
3284,77,17,39,9,-3.252698214762066,8
3285,25,47,114,27,-3.2540864225169766,20
3286,95,14,76,8,-3.257651508839797,6
3287,84,72,86,36,-3.2610166651310077,36
3288,95,10,69,6,-3.264458823530608,4
3289,93,14,70,8,-3.2714518634318708,6
3290,86,83,7,49,-3.272257319107636,34
3291,91,11,102,6,-3.2738070744638943,5
3292,67,13,114,7,-3.274670651234843,6
3293,54,14,14,9,-3.2777291677178373,5
3294,18,14,81,8,-3.285175513857383,6
3295,18,21,104,13,-3.287300479317466,8
3296,50,17,41,10,-3.294641138718325,7
3297,98,22,7,13,-3.296043825736437,9
3298,108,14,64,7,-3.297085602036541,7
3299,66,10,28,6,-3.2971362620814304,4
3300,5,60,104,32,-3.3007473735225057,28
3301,95,16,70,8,-3.3075112398485507,8
3302,64,19,55,12,-3.319043502622187,7
3303,112,12,106,6,-3.3235755007447274,6
3304,65,16,62,9,-3.3259575258730765,7
3305,63,38,68,20,-3.3306108743137783,18
3306,76,13,71,6,-3.3359186512389036,7
3307,33,13,75,8,-3.342736023465549,5
3308,38,15,7,8,-3.3440541445525085,7
3309,8,69,16,39,-3.3462625386364446,30
3310,9,10,20,6,-3.353443346624384,4
3311,64,22,25,12,-3.357803287426521,10
3312,53,32,16,18,-3.361423168163174,14
3313,16,39,30,22,-3.3615813153873684,17
3314,57,15,41,7,-3.3629931964746174,8
3315,8,23,14,13,-3.3634201583462153,10
3316,57,11,23,6,-3.364777590666763,5
3317,100,13,64,8,-3.366484818368605,5
3318,40,69,7,40,-3.374006830024792,29
3319,98,15,73,8,-3.3800553651819163,7
3320,65,79,16,43,-3.383368489090376,36
3321,51,46,106,25,-3.386575882240814,21
3322,37,16,80,9,-3.3888912531414834,7
3323,86,39,23,22,-3.3893763034670576,17
3324,104,10,73,6,-3.391491099464731,4
3325,17,11,1,6,-3.3926767009628676,5
3326,40,52,60,29,-3.392725489039847,23
3327,15,24,13,13,-3.400077689467374,11
3328,65,25,64,13,-3.406656257781801,12
3329,64,17,54,10,-3.4146413633395896,7
3330,46,21,68,11,-3.4173658858402494,10
3331,9,32,107,17,-3.4198128485766457,15
3332,25,31,102,17,-3.4382241991917164,14
3333,9,13,62,7,-3.4417683540662103,6
3334,58,27,40,14,-3.4427419316803687,13
3335,9,24,60,15,-3.4525079436416064,9
3336,5,23,33,12,-3.454327509177194,11
3337,87,102,86,52,-3.4548247692972605,50
3338,106,19,30,10,-3.463995690702536,9
3339,51,42,75,23,-3.464142646639659,19
3340,25,64,86,34,-3.464423778098099,30
3341,107,11,44,6,-3.468369068560443,5
3342,64,10,80,5,-3.4689815319315613,5
3343,5,60,74,32,-3.4699961467083447,28
3344,97,23,54,12,-3.4719403849702246,11
3345,81,10,23,6,-3.4745303728026347,4
3346,65,28,70,17,-3.478419403846197,11
3347,65,15,109,10,-3.4929763691198903,5
3348,84,15,91,8,-3.5069437670955055,7
3349,86,33,91,18,-3.508926542592601,15
3350,46,21,20,13,-3.51090539647306,8
3351,1,26,107,15,-3.5126854626181543,11
3352,46,46,86,27,-3.525856643948515,19
3353,40,22,114,14,-3.5262933499652958,8
3354,110,10,87,6,-3.5295519129657293,4
3355,17,30,86,15,-3.5353998581661084,15
3356,41,18,95,10,-3.539136312132125,8
3357,9,21,18,13,-3.5393206264713797,8
3358,65,37,25,22,-3.550440624741428,15
3359,31,21,18,11,-3.5879506222210535,10
3360,4,19,55,10,-3.5888080928504484,9
3361,95,10,97,6,-3.58943247133478,4
3362,50,44,16,25,-3.5905125403577953,19
3363,16,40,41,21,-3.59086824318416,19
3364,43,18,39,9,-3.594056058012544,9
3365,114,10,38,6,-3.5955331559953208,4
3366,49,17,54,9,-3.6048173377686927,8
3367,74,17,100,9,-3.6088141607532918,8
3368,106,28,71,16,-3.617960954919134,12
3369,3,12,23,7,-3.6182347339374545,5
3370,109,27,87,16,-3.621467085014749,11
3371,25,29,75,17,-3.6283106059407966,12
3372,37,20,30,12,-3.640395609700316,8
3373,65,47,23,25,-3.650632324208862,22
3374,32,21,107,11,-3.6546977761524695,10
3375,25,30,96,16,-3.6552703634781776,14
3376,71,10,90,5,-3.656103603020123,5
3377,7,97,13,52,-3.6618264864491623,45
3378,88,10,19,5,-3.665606739273205,5
3379,50,10,62,6,-3.6657345895143245,4
3380,88,10,79,6,-3.6658466896877493,4
3381,96,53,8,30,-3.668741625247303,23
3382,27,12,71,7,-3.672482180614423,5
3383,97,18,87,11,-3.6732434405581906,7
3384,54,10,110,6,-3.6798385749581692,4
3385,84,20,46,12,-3.686829488531012,8
3386,50,14,89,7,-3.697778125616005,7
3387,102,28,28,15,-3.699783063019897,13
3388,17,16,90,8,-3.7001463964456303,8
3389,60,19,43,11,-3.7162387480856083,8
3390,51,87,7,51,-3.718645770134089,36
3391,107,24,34,15,-3.7209873956041664,9
3392,114,26,102,15,-3.7325961927455364,11
3393,17,19,49,12,-3.7368484909488555,7
3394,16,26,109,14,-3.7403001366712827,12
3395,48,15,65,9,-3.7446571454477797,6
3396,28,66,50,37,-3.7549143026616596,29
3397,7,17,73,9,-3.7566056838478197,8
3398,6,16,88,9,-3.7570512530434645,7
3399,93,13,16,7,-3.7657963248603137,6
3400,28,50,88,29,-3.7764972409049995,21
3401,65,17,77,9,-3.80475166910596,8
3402,64,39,53,22,-3.8067380932231165,17
3403,9,23,8,11,-3.8071138414200445,12
3404,5,16,110,9,-3.8138584796050923,7
3405,7,11,90,6,-3.819400119735719,5
3406,88,29,96,15,-3.826076326561256,14
3407,54,58,20,30,-3.8266575190656007,28
3408,28,19,30,11,-3.8298077885882953,8
3409,55,41,7,24,-3.8316587459316964,17
3410,9,23,55,13,-3.835984386778118,10
3411,8,27,83,14,-3.8382150032056903,13
3412,9,21,114,14,-3.8412400926307924,7
3413,77,25,13,14,-3.842001108642557,11
3414,37,17,41,10,-3.8456182281056206,7
3415,111,34,65,20,-3.8475275648066676,14
3416,65,46,53,25,-3.8486735792356725,21
3417,53,24,106,12,-3.8533978701510727,12
3418,6,14,65,8,-3.8536392094191116,6
3419,25,18,31,9,-3.857287465742464,9
3420,75,22,106,11,-3.8605003548235586,11
3421,18,17,91,10,-3.863168888646894,7
3422,65,24,83,13,-3.865031238776082,11
3423,68,11,108,6,-3.86884903956731,5
3424,104,24,96,14,-3.8706241075776626,10
3425,86,24,49,13,-3.8746858733153937,11
3426,53,11,45,6,-3.882133410181809,5
3427,45,17,40,10,-3.8834382086944723,7
3428,17,15,11,8,-3.886158778436342,7
3429,11,44,55,26,-3.8920841591670357,18
3430,68,15,15,9,-3.8979807660841908,6
3431,20,16,39,8,-3.8984053346002447,8
3432,37,26,102,15,-3.901578428361024,11
3433,36,13,12,7,-3.905980822041396,6
3434,91,14,70,7,-3.908107448401864,7
3435,57,14,7,7,-3.911936958410347,7
3436,51,17,14,11,-3.916126665697822,6
3437,70,38,37,22,-3.9227382855891673,16
3438,2,28,5,16,-3.923277825320168,12
3439,38,18,68,11,-3.924275685840278,7
3440,114,22,50,13,-3.9261505794005247,9
3441,47,17,107,10,-3.9327213388354663,7
3442,104,51,86,28,-3.9349590372382433,23
3443,83,10,102,6,-3.9358085201394077,4
3444,97,10,80,6,-3.9365866928471034,4
3445,9,28,28,15,-3.9374947856936857,13
3446,100,17,37,10,-3.9481789557688427,7
3447,7,25,6,11,-3.9491323863402368,14
3448,76,12,34,6,-3.9517678907570324,6
3449,27,41,7,23,-3.958011513497462,18
3450,93,24,74,13,-3.960101768879081,11
3451,65,72,104,39,-3.970649197276848,33
3452,69,12,37,7,-3.9709549460906977,5
3453,51,10,58,6,-3.991203040107808,4
3454,71,10,43,5,-3.995417342894245,5
3455,55,53,107,29,-4.007419081361914,24
3456,86,20,99,12,-4.00989122283285,8
3457,36,48,107,26,-4.010519619837041,22
3458,50,53,37,28,-4.019145568935869,25
3459,74,44,37,24,-4.033137310869005,20
3460,28,33,13,19,-4.033447367470073,14
3461,41,19,27,10,-4.036398281844189,9
3462,28,14,35,7,-4.0366654617090365,7
3463,79,13,11,6,-4.047561716338114,7
3464,40,10,32,5,-4.050021677419869,5
3465,35,22,20,13,-4.055290224745635,9
3466,86,61,11,34,-4.071300588026029,27
3467,49,15,68,8,-4.074989168768559,7
3468,50,22,74,12,-4.086243740312161,10
3469,38,26,86,15,-4.088759139255406,11
3470,87,15,43,8,-4.098799175510788,7
3471,93,20,83,11,-4.100880722204593,9
3472,46,21,114,12,-4.104107153511736,9
3473,31,26,45,15,-4.105065896298879,11
3474,64,39,7,21,-4.1068327250550665,18
3475,68,14,12,8,-4.108669111305504,6
3476,41,16,20,9,-4.117210182736297,7
3477,60,61,13,36,-4.128061965232043,25
3478,100,22,8,13,-4.1308025952098,9
3479,107,14,6,8,-4.134287277974908,6
3480,69,11,11,7,-4.1379214913131195,4
3481,60,33,87,18,-4.138721771840238,15
3482,73,13,20,8,-4.146065391689571,5
3483,107,50,75,32,-4.152785540978816,18
3484,9,50,88,28,-4.161164150512575,22
3485,51,19,71,11,-4.16278891984446,8
3486,5,114,86,65,-4.163721939738314,49
3487,50,22,40,14,-4.173703341481282,8
3488,76,22,23,12,-4.176356784293711,10
3489,63,28,97,16,-4.183429568929186,12
3490,39,43,40,25,-4.186108979099793,18
3491,106,40,7,20,-4.1953409925549,20
3492,76,10,44,6,-4.214872824817864,4
3493,13,15,44,9,-4.215811920019836,6
3494,5,59,88,32,-4.221472474474537,27
3495,88,37,11,21,-4.2255720809945085,16
3496,36,54,65,31,-4.225784981005991,23
3497,38,11,39,7,-4.2262607583079275,4
3498,84,11,30,7,-4.231660063143013,4
3499,60,23,106,14,-4.235191527933482,9
3500,107,77,16,46,-4.236485847112408,31
3501,9,42,65,25,-4.264469096112006,17
3502,91,13,40,7,-4.266105722730478,6
3503,18,29,88,15,-4.269037140928806,14
3504,96,12,33,5,-4.271042933020871,7
3505,60,42,55,23,-4.273800296017987,19
3506,102,13,97,8,-4.274157979355289,5
3507,50,28,39,16,-4.277976458980378,12
3508,62,15,7,9,-4.303988033115575,6
3509,54,23,93,14,-4.30725130512391,9
3510,39,14,12,8,-4.321531994064719,6
3511,104,21,97,11,-4.325231302876339,10
3512,28,38,55,23,-4.325384868124247,15
3513,106,33,84,17,-4.32801946762649,16
3514,62,12,53,6,-4.342092423577953,6
3515,39,24,27,12,-4.343262330253082,12
3516,88,22,43,13,-4.349059981795283,9
3517,114,15,23,9,-4.351642887989123,6
3518,84,12,34,6,-4.355418008053163,6
3519,54,31,104,17,-4.355933806560285,14
3520,17,23,7,14,-4.361794375643627,9
3521,87,10,58,6,-4.362695393524183,4
3522,11,13,33,6,-4.365968233102095,7
3523,96,38,63,23,-4.376849709142973,15
3524,106,47,107,26,-4.382955430393164,21
3525,88,15,12,9,-4.389170636685047,6
3526,86,20,111,12,-4.3910837466552355,8
3527,1,29,68,17,-4.396346766066109,12
3528,58,20,31,11,-4.416131464048465,9
3529,50,41,87,22,-4.419136399037691,19
3530,13,30,99,17,-4.420966828834257,13
3531,65,32,12,19,-4.422054803948239,13
3532,107,46,11,26,-4.433295300820407,20
3533,77,11,36,6,-4.437649181831479,5
3534,88,11,45,7,-4.4416566980945715,4
3535,37,33,13,19,-4.448467961015428,14
3536,97,11,77,7,-4.454901155383999,4
3537,5,16,43,9,-4.461738819752362,7
3538,51,73,13,40,-4.4630108320276145,33
3539,32,18,37,10,-4.466542082918519,8
3540,104,49,88,29,-4.46709019399547,20
3541,57,10,91,5,-4.468260927215542,5
3542,109,18,76,11,-4.469593270372586,7
3543,70,29,88,17,-4.478319588858415,12
3544,27,11,55,6,-4.4890470852362,5
3545,37,15,93,9,-4.4934456656390305,6
3546,114,11,49,7,-4.49675288566991,4
3547,51,20,108,11,-4.509359770753944,9
3548,40,65,13,36,-4.523043568520309,29
3549,8,12,79,8,-4.523368231395376,4
3550,8,31,13,18,-4.525996738671469,13
3551,7,15,92,10,-4.535275792892246,5
3552,102,24,8,13,-4.537070383836358,11
3553,87,12,6,7,-4.542943443769729,5
3554,28,43,20,25,-4.544189476783364,18
3555,46,38,51,22,-4.548214485505557,16
3556,46,15,83,8,-4.551826612706302,7
3557,67,13,109,6,-4.5540965230597985,7
3558,23,15,70,8,-4.554568026577778,7
3559,75,25,41,13,-4.560769404939248,12
3560,104,16,99,8,-4.562749239239297,8
3561,41,25,23,14,-4.5633066684659,11
3562,23,22,75,11,-4.56587317475611,11
3563,106,31,68,18,-4.569708717786759,13
3564,95,14,99,8,-4.572737764013027,6
3565,9,13,45,8,-4.574382545498477,5
3566,90,29,54,16,-4.579893896725853,13
3567,114,15,43,8,-4.580699276275163,7
3568,107,31,95,17,-4.5831241693991,14
3569,53,56,7,32,-4.583272198197194,24
3570,4,31,36,19,-4.585108532169438,12
3571,95,13,77,7,-4.601493224452909,6
3572,13,11,96,6,-4.60827059097085,5
3573,107,57,13,31,-4.609426422628673,26
3574,17,25,16,16,-4.6115526570798,9
3575,27,18,40,8,-4.611851321709845,10
3576,23,18,64,10,-4.620334607277058,8
3577,34,13,96,8,-4.620609194568736,5
3578,88,87,7,49,-4.627913768246988,38
3579,114,19,73,11,-4.63098312969833,8
3580,65,58,87,34,-4.633433601084791,24
3581,4,17,39,10,-4.635996289326287,7
3582,25,22,60,12,-4.636282806493915,10
3583,109,19,73,11,-4.637139105733963,8
3584,31,10,66,6,-4.639566265864948,4
3585,13,14,73,8,-4.6427133386229835,6
3586,47,11,23,7,-4.6435675031465955,4
3587,7,50,23,28,-4.644004876903234,22
3588,68,25,23,13,-4.644746500376537,12
3589,13,24,91,13,-4.648692464477365,11
3590,25,15,27,8,-4.649655011418167,7
3591,98,14,55,9,-4.662824671110213,5
3592,31,45,60,23,-4.669142505092241,22
3593,86,33,71,18,-4.671793678311849,15
3594,64,29,107,16,-4.673521100155875,13
3595,107,62,51,38,-4.68224483518779,24
3596,109,12,23,7,-4.686391337241379,5
3597,50,14,108,9,-4.706826806073904,5
3598,71,43,53,25,-4.713137963084877,18
3599,17,18,4,11,-4.724962729619737,7
3600,108,18,86,9,-4.726875671282597,9
3601,27,13,6,7,-4.729645889755504,6
3602,60,26,54,15,-4.73010367948851,11
3603,46,46,13,26,-4.734603318364915,20
3604,84,11,57,7,-4.735926438073419,4
3605,98,16,70,10,-4.745137974355769,6
3606,77,16,25,9,-4.745845616411638,7
3607,63,38,74,21,-4.748458787006122,17
3608,20,36,87,20,-4.748487569129383,16
3609,60,21,3,12,-4.751093731258031,9
3610,54,26,25,15,-4.752384220937879,11
3611,5,30,90,18,-4.752640516818982,12
3612,95,13,84,8,-4.755677362807473,5
3613,51,25,25,14,-4.757504636527738,11
3614,63,30,41,17,-4.7705197173363185,13
3615,114,15,69,7,-4.773043389885473,8
3616,54,51,28,30,-4.77471317513782,21
3617,5,12,9,7,-4.777710715122403,5
3618,38,17,88,11,-4.778170082860484,6
3619,5,33,76,19,-4.788314400539968,14
3620,5,24,32,14,-4.788591776396216,10
3621,5,21,100,12,-4.790180113588847,9
3622,31,20,50,11,-4.790427230707469,9
3623,71,27,30,15,-4.793150289784317,12
3624,25,11,111,6,-4.797175922879397,5
3625,96,22,75,15,-4.80138149231193,7
3626,108,13,96,7,-4.805162668071275,6
3627,106,12,6,7,-4.810944704219048,5
3628,47,13,27,6,-4.82741265308143,7
3629,67,15,8,9,-4.8319098461555825,6
3630,83,15,39,9,-4.832639955303303,6
3631,17,18,97,10,-4.8331732637027205,8
3632,51,30,5,19,-4.841333405150811,11
3633,54,54,96,29,-4.852815192937248,25
3634,90,11,53,6,-4.853050220854225,5
3635,84,13,38,7,-4.854976710780188,6
3636,56,20,7,11,-4.857329358756819,9
3637,39,23,17,14,-4.860726227039887,9
3638,50,20,7,11,-4.8621157925207,9
3639,20,30,63,16,-4.86232561538827,14
3640,64,10,44,6,-4.863505670480303,4
3641,110,10,88,5,-4.870544753091406,5
3642,51,90,16,52,-4.8795944791033765,38
3643,45,17,60,9,-4.883359468709789,8
3644,3,12,8,5,-4.887819375016217,7
3645,51,68,39,38,-4.888476763124149,30
3646,5,39,83,21,-4.890865835189012,18
3647,33,16,8,10,-4.890943290835164,6
3648,54,13,91,7,-4.895249425013412,6
3649,62,13,28,8,-4.895504487935932,5
3650,64,12,38,6,-4.89696040571167,6
3651,92,14,13,6,-4.8979413220300305,8
3652,38,25,107,15,-4.908134063086159,10
3653,108,12,54,8,-4.909695920764134,4
3654,107,13,112,7,-4.914490946278642,6
3655,40,36,53,20,-4.917532165740873,16
3656,50,12,43,8,-4.91992321235012,4
3657,112,12,76,8,-4.924716647358051,4
3658,81,14,106,7,-4.9255436069422425,7
3659,44,12,20,7,-4.926936915071971,5
3660,104,31,76,19,-4.936613639481712,12
3661,54,22,13,13,-4.938931463704551,9
3662,23,14,74,8,-4.93951848425718,6
3663,108,11,37,6,-4.94147061612662,5
3664,87,14,77,8,-4.94240192025149,6
3665,16,17,44,9,-4.943404604585515,8
3666,64,21,75,12,-4.949636438236204,9
3667,32,19,86,11,-4.95808091960027,8
3668,96,36,20,21,-4.958331873160827,15
3669,37,58,87,34,-4.964929018708454,24
3670,60,46,51,28,-4.966149080053768,18
3671,5,47,55,27,-4.968791694509531,20
3672,107,17,93,10,-4.972813709998716,7
3673,65,55,55,31,-4.974824332567949,24
3674,17,10,100,7,-4.97776233490527,3
3675,86,71,37,40,-4.984756436647988,31
3676,51,19,97,12,-4.989014029617341,7
3677,63,30,104,17,-4.993963037729945,13
3678,13,21,111,11,-4.995390065434087,10
3679,5,26,93,16,-5.004460526821323,10
3680,81,21,60,12,-5.012994181489738,9
3681,106,51,54,27,-5.020519473488655,24
3682,104,56,107,33,-5.038593476219029,23
3683,5,19,15,12,-5.041855747243198,7
3684,80,26,86,14,-5.051644939599721,12
3685,5,45,106,27,-5.052056869360905,18
3686,3,15,9,8,-5.055830884483063,7
3687,92,10,28,6,-5.057353362284569,4
3688,37,38,75,24,-5.063027732293457,14
3689,65,17,46,11,-5.06610491085495,6
3690,17,10,92,6,-5.072884905069609,4
3691,5,44,114,25,-5.0845200413011105,19
3692,58,14,60,8,-5.085584297125203,6
3693,95,24,60,14,-5.089480392621887,10
3694,70,55,54,32,-5.096904873313986,23
3695,75,36,18,20,-5.097335185119158,16
3696,50,31,13,18,-5.100121243956257,13
3697,70,23,55,13,-5.1032220329288345,10
3698,56,12,75,8,-5.129167315486339,4
3699,4,12,109,7,-5.135069245647407,5
3700,65,31,97,18,-5.13743762887539,13
3701,31,62,7,36,-5.139149232912133,26
3702,88,15,44,8,-5.148664566159752,7
3703,23,20,37,11,-5.153587203140156,9
3704,37,47,16,27,-5.156319944125245,20
3705,63,54,8,30,-5.156454172512432,24
3706,38,18,16,12,-5.158593533457798,6
3707,39,14,111,8,-5.158992286191917,6
3708,5,12,67,7,-5.159840528973067,5
3709,56,11,91,6,-5.160182814393273,5
3710,36,18,18,10,-5.188969607443517,8
3711,25,29,87,16,-5.192606014598935,13
3712,17,19,46,11,-5.1997604997253735,8
3713,55,18,34,10,-5.202160532736089,8
3714,54,35,55,19,-5.206377054499408,16
3715,54,47,46,28,-5.211114398473604,19
3716,80,10,31,7,-5.212785572393211,3
3717,91,12,33,6,-5.213867650447791,6
3718,37,22,40,12,-5.218981261850287,10
3719,65,27,4,16,-5.222550780828021,11
3720,86,36,64,20,-5.225490931669535,16
3721,30,25,53,14,-5.226055832762313,11
3722,5,11,35,6,-5.226534281744142,5
3723,25,21,91,12,-5.23677892954369,9
3724,47,18,51,10,-5.236824970381646,8
3725,14,15,65,8,-5.239230657167625,7
3726,40,15,98,8,-5.239271076053038,7
3727,40,26,25,15,-5.242222631716463,11
3728,109,44,28,27,-5.243370342287003,17
3729,63,25,64,14,-5.251947184342549,11
3730,69,10,47,6,-5.253027615317655,4
3731,20,17,17,10,-5.256441987432859,7
3732,98,27,91,16,-5.264552602991694,11
3733,13,18,38,9,-5.264955957760156,9
3734,43,10,100,5,-5.26501092345772,5
3735,25,26,23,15,-5.272958869039182,11
3736,12,12,74,7,-5.2735714164982275,5
3737,88,11,56,6,-5.280224334897691,5
3738,23,24,8,13,-5.290374398080683,11
3739,55,42,37,23,-5.291708177681367,19
3740,55,25,111,15,-5.307717141421055,10
3741,85,20,86,11,-5.308979701796779,9
3742,57,16,97,9,-5.312911388739815,7
3743,63,15,17,9,-5.328236059759658,6
3744,109,20,107,13,-5.330095834887599,7
3745,4,24,107,14,-5.331931868731672,10
3746,114,19,4,11,-5.3347332938047884,8
3747,51,43,104,27,-5.354494200185865,16
3748,16,13,72,7,-5.355366251776982,6
3749,106,55,74,32,-5.361099517365512,23
3750,63,30,75,17,-5.362343223381898,13
3751,69,25,51,15,-5.364118695437346,10
3752,60,11,89,6,-5.373120214726714,5
3753,16,13,73,7,-5.382229707777058,6
3754,2,25,63,14,-5.3959192809990375,11
3755,68,44,16,27,-5.396196671497918,17
3756,37,10,4,6,-5.399514125787478,4
3757,31,65,68,37,-5.400854145452715,28
3758,49,30,16,17,-5.407761182315816,13
3759,67,10,96,5,-5.408732724512928,5
3760,83,15,51,10,-5.415397349279682,5
3761,40,10,38,5,-5.415692699604588,5
3762,50,10,83,5,-5.416126776091854,5
3763,30,13,49,8,-5.419054490017786,5
3764,40,20,4,11,-5.441764558143872,9
3765,45,10,23,6,-5.453033589292929,4
3766,89,12,41,7,-5.463211968357986,5
3767,60,12,61,6,-5.463593585576725,6
3768,88,40,75,24,-5.464426966117933,16
3769,36,17,99,11,-5.476671917231901,6
3770,106,53,37,29,-5.481931306152558,24
3771,31,51,36,29,-5.484167049973963,22
3772,13,12,14,8,-5.487937926146761,4
3773,40,49,65,28,-5.488110460552834,21
3774,1,10,46,5,-5.488587081929578,5
3775,114,12,98,7,-5.496174202168348,5
3776,1,25,40,15,-5.499072662784783,10
3777,36,13,70,7,-5.503890921362977,6
3778,100,21,104,13,-5.507335747436163,8
3779,83,19,95,12,-5.510188596504647,7
3780,46,36,74,22,-5.511472300829849,14
3781,102,14,33,8,-5.525239013163607,6
3782,109,14,75,9,-5.526527848068073,5
3783,108,12,75,7,-5.535032213138533,5
3784,71,24,50,14,-5.539942136229875,10
3785,86,28,27,17,-5.548838862919885,11
3786,81,13,41,8,-5.549157399363071,5
3787,25,41,8,25,-5.550067480025435,16
3788,4,11,46,6,-5.55622187464566,5
3789,10,11,63,7,-5.56040496031845,4
3790,54,31,11,18,-5.565049065297328,13
3791,62,12,76,7,-5.567951553158003,5
3792,63,27,55,15,-5.568315530285167,12
3793,37,18,71,10,-5.582059073463845,8
3794,87,12,78,6,-5.582415110920593,6
3795,16,12,52,7,-5.588665300895635,5
3796,63,11,99,6,-5.5958077337997105,5
3797,50,15,100,9,-5.612526049660052,6
3798,18,17,114,10,-5.616638058224652,7
3799,39,25,64,15,-5.620429917273944,10
3800,17,21,5,14,-5.625033929201381,7
3801,73,28,86,15,-5.62531345595925,13
3802,17,14,68,9,-5.632743402516984,5
3803,51,32,114,18,-5.633222578355346,14
3804,31,14,12,8,-5.636724482741272,6
3805,84,48,28,28,-5.640820939476543,20
3806,77,11,109,6,-5.645459503468275,5
3807,75,29,60,17,-5.646260239059507,12
3808,74,23,73,14,-5.649045009007229,9
3809,100,13,75,7,-5.655650958633142,6
3810,106,24,95,15,-5.657914892117911,9
3811,71,14,12,9,-5.659957009281259,5
3812,68,39,114,23,-5.66213868823825,16
3813,82,11,54,7,-5.66427830231393,4
3814,99,31,16,18,-5.66581833704302,13
3815,86,25,100,13,-5.671432674762781,12
3816,25,10,94,5,-5.671887186214519,5
3817,95,10,102,6,-5.68531996234082,4
3818,57,12,106,6,-5.685749140437754,6
3819,100,10,53,6,-5.690378460520068,4
3820,32,10,70,5,-5.692479372096212,5
3821,114,13,92,9,-5.693422245280038,4
3822,46,40,8,22,-5.695904868807615,18
3823,48,13,50,8,-5.707017905103165,5
3824,97,34,28,21,-5.710448223070003,13
3825,102,10,23,6,-5.716053822653882,4
3826,50,39,2,23,-5.718530498550803,16
3827,9,12,84,7,-5.723245457590759,5
3828,48,20,11,12,-5.726887293490206,8
3829,106,42,25,26,-5.737688222420908,16
3830,17,29,65,19,-5.74535285286251,10
3831,57,23,87,14,-5.765423127747659,9
3832,62,12,54,7,-5.766589012253395,5
3833,23,38,13,20,-5.768470051037821,18
3834,30,16,20,9,-5.770242418243403,7
3835,107,32,76,21,-5.7795957512572675,11
3836,88,34,25,22,-5.7871536187248696,12
3837,51,32,9,18,-5.795343064484766,14
3838,55,28,74,16,-5.797157459674131,12
3839,70,21,114,13,-5.79830063958716,8
3840,40,30,87,17,-5.8106137612197974,13
3841,5,16,40,9,-5.82052725169565,7
3842,77,14,41,9,-5.820932172345258,5
3843,90,12,46,7,-5.830565699084016,5
3844,51,29,27,18,-5.832222568494555,11
3845,1,15,75,10,-5.839655242805768,5
3846,51,14,62,8,-5.840109303871166,6
3847,87,16,108,10,-5.840502938250504,6
3848,23,29,106,15,-5.844928556047854,14
3849,62,19,107,10,-5.846686214908971,9
3850,95,36,54,20,-5.865979569344108,16
3851,36,12,46,7,-5.88209418081934,5
3852,7,20,15,10,-5.884783634259434,10
3853,16,47,75,28,-5.887699770640001,19
3854,31,33,64,20,-5.887968682404673,13
3855,25,16,93,9,-5.904464695396422,7
3856,66,11,65,7,-5.913127119507259,4
3857,18,21,63,13,-5.913481317219114,8
3858,45,15,41,10,-5.914462706154762,5
3859,4,16,104,10,-5.920187736255669,6
3860,75,48,86,27,-5.925170080936903,21
3861,20,50,107,29,-5.930087131424378,21
3862,50,24,95,14,-5.930680991659709,10
3863,7,15,33,8,-5.9471342175078945,7
3864,10,12,97,6,-5.950831581917707,6
3865,40,18,97,11,-5.966918416140385,7
3866,60,10,34,7,-5.968824417267719,3
3867,109,31,88,19,-5.976969519830535,12
3868,43,14,106,8,-5.989369931740143,6
3869,7,21,100,12,-5.991134989355656,9
3870,81,19,53,12,-5.994076217029546,7
3871,17,10,99,6,-6.011623328938978,4
3872,114,24,41,13,-6.018800989183648,11
3873,46,20,95,12,-6.027785407812037,8
3874,50,17,91,11,-6.027790824025908,6
3875,88,52,40,31,-6.033805103128578,21
3876,31,21,114,12,-6.0371155847578715,9
3877,68,20,97,12,-6.0395553586002615,8
3878,32,16,8,9,-6.041444852098721,7
3879,35,10,50,6,-6.042114866737556,4
3880,48,12,80,8,-6.043656393103958,4
3881,109,15,17,9,-6.060510853587175,6
3882,55,11,29,7,-6.0636297407404705,4
3883,41,25,60,14,-6.080070950949514,11
3884,5,44,20,27,-6.084413199436969,17
3885,5,12,68,7,-6.084537265067713,5
3886,107,23,111,12,-6.08814286411973,11
3887,7,28,45,17,-6.088790220415453,11
3888,36,33,16,20,-6.090568410562352,13
3889,102,19,104,10,-6.093919122401235,9
3890,88,40,23,26,-6.098802854801483,14
3891,75,29,46,17,-6.102650462365345,12
3892,79,10,55,6,-6.105260957218082,4
3893,8,18,64,11,-6.107418817752091,7
3894,65,19,38,10,-6.112419713967912,9
3895,31,13,81,9,-6.1171597913254026,4
3896,8,10,52,6,-6.118835452590007,4
3897,54,23,102,14,-6.1200791508914225,9
3898,87,23,71,13,-6.125940998168479,10
3899,97,24,55,15,-6.128965912516969,9
3900,90,22,96,14,-6.131526760597793,8
3901,46,14,109,8,-6.137839688733693,6
3902,68,17,56,9,-6.145672201347777,8
3903,55,26,76,17,-6.147230699405089,9
3904,109,15,68,10,-6.151207133102543,5
3905,23,22,40,13,-6.152194662944811,9
3906,60,10,111,7,-6.155833973529334,3
3907,92,11,16,8,-6.161317715288814,3
3908,13,13,58,9,-6.163916196313295,4
3909,86,37,98,21,-6.173883512848301,16
3910,104,59,37,36,-6.175700710267806,23
3911,107,33,97,18,-6.184244721405296,15
3912,5,40,70,23,-6.19146702192266,17
3913,43,32,13,17,-6.196254653494401,15
3914,88,22,30,12,-6.229515441144281,10
3915,50,41,104,25,-6.230364171354916,16
3916,20,13,40,8,-6.240563950747324,5
3917,23,12,49,7,-6.2493025271732385,5
3918,70,12,49,7,-6.256572685735776,5
3919,107,30,100,15,-6.262014473902883,15
3920,102,18,57,10,-6.264739678585858,8
3921,95,12,15,7,-6.265255655621161,5
3922,57,22,8,14,-6.276405634666304,8
3923,31,30,41,18,-6.276695675397637,12
3924,64,16,70,11,-6.2860092045587415,5
3925,88,56,65,35,-6.287559020425313,21
3926,3,18,107,9,-6.2959165699732,9
3927,18,10,76,6,-6.295952594294593,4
3928,3,10,64,6,-6.298167602814483,4
3929,65,13,112,7,-6.3001525373002485,6
3930,16,21,102,12,-6.323530287659212,9
3931,88,22,62,13,-6.324774259752266,9
3932,65,25,43,13,-6.334369637521842,12
3933,98,20,11,11,-6.3386776528601825,9
3934,31,20,3,11,-6.356449955199035,9
3935,14,13,107,7,-6.370548692090853,6
3936,16,11,103,7,-6.384231863654396,4
3937,77,13,74,8,-6.38427445953612,5
3938,64,23,87,13,-6.388144400471778,10
3939,77,13,106,7,-6.407119934187455,6
3940,28,48,104,28,-6.4150038687823026,20
3941,77,19,107,11,-6.4169470483546815,8
3942,36,12,62,7,-6.419555894210636,5
3943,68,12,101,8,-6.425600910426854,4
3944,33,16,40,11,-6.427211772717695,5
3945,7,15,34,9,-6.438395937640913,6
3946,87,20,4,13,-6.445923142452617,7
3947,31,29,51,19,-6.454692519501799,10
3948,87,25,90,15,-6.454852453391627,10
3949,28,17,14,11,-6.462988674713606,6
3950,68,11,45,7,-6.479375207416081,4
3951,9,17,46,10,-6.488226478108835,7
3952,104,27,41,15,-6.500266163182682,12
3953,31,27,75,15,-6.501521257577056,12
3954,3,20,114,13,-6.505970004031861,7
3955,96,30,50,18,-6.506695896089088,12
3956,4,12,56,6,-6.509885274579447,6
3957,55,10,49,6,-6.541972088163769,4
3958,18,21,77,14,-6.545250800191178,7
3959,47,23,75,16,-6.550315616153077,7
3960,41,10,74,5,-6.555417523357471,5
3961,88,22,47,13,-6.557319091824741,9
3962,62,30,16,19,-6.56334818393473,11
3963,87,49,13,31,-6.5719563867418165,18
3964,31,11,73,7,-6.573747338426646,4
3965,39,20,84,12,-6.576549597248594,8
3966,114,14,76,9,-6.578120007634398,5
3967,96,77,86,47,-6.579835199705017,30
3968,96,28,65,16,-6.593487230396348,12
3969,64,17,83,10,-6.597115059465707,7
3970,36,16,28,9,-6.602158410065066,7
3971,87,27,76,17,-6.608534680829213,10
3972,46,37,16,22,-6.611711661090452,15
3973,64,38,13,21,-6.613628425312982,17
3974,84,27,8,17,-6.622581044229809,10
3975,5,48,25,29,-6.626414170343123,19
3976,17,13,53,8,-6.628322060179848,5
3977,87,19,102,12,-6.6316454228279165,7
3978,40,14,28,8,-6.63813720990204,6
3979,40,27,64,17,-6.644176524893485,10
3980,102,14,63,8,-6.652222601619386,6
3981,48,25,86,15,-6.6543294717382295,10
3982,71,11,83,6,-6.6562053803338666,5
3983,69,10,40,7,-6.674903942141134,3
3984,37,10,29,6,-6.680734619445758,4
3985,87,13,15,7,-6.6837649878118555,6
3986,57,13,114,8,-6.6838726944280715,5
3987,10,11,7,7,-6.6857443633140905,4
3988,88,15,76,8,-6.688159185418194,7
3989,106,11,111,8,-6.697425895741327,3
3990,91,12,15,6,-6.697476716978325,6
3991,40,10,6,6,-6.705680107058635,4
3992,39,19,91,12,-6.713734119938697,7
3993,3,21,86,13,-6.72193135605747,8
3994,32,11,97,7,-6.7220085367153315,4
3995,95,11,100,6,-6.722166987268522,5
3996,95,13,14,8,-6.731405281187272,5
3997,96,38,74,24,-6.731828732252354,14
3998,18,18,64,11,-6.732642419422405,7
3999,17,11,98,6,-6.738013857371009,5
4000,51,15,102,9,-6.749472817285659,6
4001,108,10,48,7,-6.749808304712144,3
4002,96,30,97,17,-6.762245122268197,13
4003,88,81,86,49,-6.778240063930489,32
4004,57,11,15,7,-6.7806885521727445,4
4005,49,16,98,9,-6.781982879058622,7
4006,31,10,55,6,-6.798197972656263,4
4007,53,13,27,9,-6.799297932562183,4
4008,114,16,100,10,-6.806713890734191,6
4009,50,12,27,8,-6.81199069291027,4
4010,71,39,75,25,-6.818806640750764,14
4011,36,37,86,22,-6.8533338923323335,15
4012,11,17,75,10,-6.860129083231022,7
4013,109,38,54,24,-6.870761605419694,14
4014,49,18,107,10,-6.874405102919041,8
4015,99,15,106,10,-6.882359612487446,5
4016,7,11,78,5,-6.890322087249726,6
4017,80,16,104,9,-6.898685093267583,7
4018,71,26,64,17,-6.901091247298654,9
4019,55,36,104,22,-6.909075624793387,14
4020,20,11,93,7,-6.911432650296384,4
4021,30,19,75,11,-6.923427737676235,8
4022,13,22,47,13,-6.9282471273642665,9
4023,87,10,44,6,-6.930092376966648,4
4024,13,44,71,26,-6.9334280894401905,18
4025,93,32,65,18,-6.936392014320224,14
4026,88,12,99,7,-6.939131232028662,5
4027,107,15,12,10,-6.94618001349757,5
4028,104,18,32,12,-6.959225086389547,6
4029,33,19,51,13,-6.969365507134877,6
4030,71,34,16,22,-6.970649186570069,12
4031,45,16,16,10,-6.976498387396664,6
4032,94,12,55,7,-6.987298934898081,5
4033,1,19,114,12,-6.990089974683046,7
4034,5,15,62,9,-6.9927087595973925,6
4035,90,12,30,7,-6.995080547552479,5
4036,86,14,45,8,-7.001591160951406,6
4037,86,18,43,12,-7.015418787413818,6
4038,53,38,107,24,-7.016601645048433,14
4039,84,31,74,17,-7.0251363399754485,14
4040,18,16,100,9,-7.026565168419708,7
4041,63,23,9,14,-7.028365148658891,9
4042,106,27,80,17,-7.029777914575281,10
4043,3,20,88,12,-7.0365995443483556,8
4044,2,25,28,16,-7.040494915317703,9
4045,87,69,16,41,-7.04550200289978,28
4046,18,27,68,16,-7.057508559262057,11
4047,63,61,16,36,-7.06081445906574,25
4048,49,14,50,8,-7.064134383315742,6
4049,38,21,63,14,-7.071277555225252,7
4050,98,14,102,8,-7.075813129571892,6
4051,88,19,108,12,-7.08266123245474,7
4052,68,37,41,22,-7.094495660130799,15
4053,90,24,114,14,-7.10169685008524,10
4054,16,15,110,9,-7.102784713477102,6
4055,110,16,51,10,-7.104586521997479,6
4056,55,62,16,40,-7.108256785232972,22
4057,79,12,63,8,-7.1114844508040305,4
4058,5,21,7,13,-7.117898011185962,8
4059,48,32,63,20,-7.1299692009467925,12
4060,60,17,5,11,-7.144002600647478,6
4061,55,27,80,15,-7.147794138544471,12
4062,91,13,51,8,-7.1487730180819415,5
4063,80,23,16,14,-7.155101734961403,9
4064,93,23,87,14,-7.164798687762666,9
4065,14,14,86,8,-7.166696838482464,6
4066,7,27,28,17,-7.16802574987716,10
4067,35,15,16,10,-7.178038323973206,5
4068,25,46,13,26,-7.193450880580756,20
4069,97,32,7,18,-7.201514601551131,14
4070,87,15,94,9,-7.201867133783275,6
4071,5,28,97,18,-7.2030892274017075,10
4072,55,18,17,10,-7.225704310999125,8
4073,87,12,1,7,-7.233577884593118,5
4074,101,11,16,7,-7.238690209169098,4
4075,4,16,75,10,-7.243454650582432,6
4076,5,14,31,9,-7.246607645789562,5
4077,110,17,8,11,-7.249961918016362,6
4078,93,12,98,7,-7.251352809271133,5
4079,87,28,30,17,-7.261869989605065,11
4080,97,18,41,11,-7.264371648173333,7
4081,51,12,73,8,-7.27293256895111,4
4082,17,18,28,11,-7.285855618940971,7
4083,111,14,28,9,-7.296837620354718,5
4084,4,12,106,6,-7.301373821742237,6
4085,55,26,109,14,-7.3182997081126135,12
4086,65,49,51,31,-7.321424956251934,18
4087,53,49,68,30,-7.33414322563773,19
4088,68,14,92,9,-7.338682351737512,5
4089,114,24,53,14,-7.352331376660103,10
4090,8,25,73,15,-7.3587900254771785,10
4091,114,10,77,6,-7.365477220397804,4
4092,33,16,25,11,-7.36592627296452,5
4093,9,13,109,7,-7.36657323783134,6
4094,74,15,34,10,-7.367415754617588,5
4095,71,10,73,6,-7.373234065194552,4
4096,70,26,74,14,-7.373620150196766,12
4097,43,13,54,7,-7.381026823850249,6
4098,87,19,3,12,-7.3812256422956795,7
4099,55,33,50,19,-7.382587695698175,14
4100,107,10,78,6,-7.3867504269450395,4
4101,84,21,16,12,-7.387304706787613,9
4102,39,47,13,27,-7.388331512550153,20
4103,20,18,91,10,-7.395662966437773,8
4104,46,41,37,27,-7.398384968299376,14
4105,50,22,76,15,-7.4081472032296025,7
4106,41,34,36,18,-7.412500474371831,16
4107,46,45,25,26,-7.439996628911813,19
4108,18,30,28,18,-7.441772892360465,12
4109,65,20,45,11,-7.453844435183998,9
4110,87,58,8,36,-7.453998372353072,22
4111,110,21,37,12,-7.457046552670356,9
4112,67,14,86,8,-7.473545085382988,6
4113,63,15,108,9,-7.475559971035059,6
4114,27,27,16,17,-7.481407495599661,10
4115,4,11,1,7,-7.485549151859818,4
4116,48,13,74,7,-7.488504403150373,6
4117,68,25,54,16,-7.489611925883006,9
4118,39,24,114,14,-7.515791278431393,10
4119,77,18,55,11,-7.520653437888105,7
4120,87,38,68,23,-7.527116898411069,15
4121,33,12,90,8,-7.529189155587314,4
4122,74,18,102,11,-7.530680431017048,7
4123,75,32,28,20,-7.533160694281726,12
4124,40,18,35,12,-7.533996380952329,6
4125,51,82,86,47,-7.536928181675869,35
4126,70,23,96,12,-7.543405368906036,11
4127,109,20,74,13,-7.552113364104348,7
4128,76,22,97,13,-7.55617771012973,9
4129,23,11,33,7,-7.562255793226968,4
4130,5,14,34,10,-7.5706698448560905,4
4131,46,18,7,12,-7.57256052825316,6
4132,77,12,46,7,-7.574271980014295,5
4133,88,18,58,11,-7.5880987725104365,7
4134,107,29,80,19,-7.61257790299071,10
4135,80,22,96,14,-7.6325568595370585,8
4136,43,14,63,9,-7.634644679088043,5
4137,70,34,28,21,-7.649551061711329,13
4138,43,15,75,10,-7.654448635188538,5
4139,55,24,30,15,-7.660087698385306,9
4140,107,14,29,10,-7.664786511697863,4
4141,78,12,40,9,-7.665773995550055,3
4142,96,24,37,14,-7.66584492569651,10
4143,18,19,54,11,-7.671164831579696,8
4144,95,28,13,17,-7.6763133303640725,11
4145,29,20,65,11,-7.677088640841975,9
4146,34,16,109,9,-7.680059977954986,7
4147,97,14,110,9,-7.6856652674732375,5
4148,11,32,5,20,-7.6874421575338765,12
4149,7,25,111,15,-7.6903234257719815,10
4150,108,17,53,9,-7.691782047867258,8
4151,109,10,69,6,-7.709222479752555,4
4152,76,14,54,9,-7.722451793722614,5
4153,63,43,37,27,-7.7225587241992235,16
4154,8,31,109,18,-7.730735193905241,13
4155,36,44,13,28,-7.745725032192315,16
4156,36,15,97,9,-7.746568887819001,6
4157,54,13,73,8,-7.746921178252214,5
4158,25,49,37,29,-7.755599308877523,20
4159,73,11,53,7,-7.756297558195456,4
4160,86,14,10,8,-7.764445720347282,6
4161,17,13,34,9,-7.773261222871452,4
4162,79,20,48,12,-7.7777328666170344,8
4163,97,19,18,12,-7.786893043230254,7
4164,3,12,53,8,-7.802864213591086,4
4165,54,56,63,35,-7.809523542573283,21
4166,86,17,93,11,-7.815785095507572,6
4167,7,87,16,51,-7.82007141588358,36
4168,98,17,8,11,-7.832264077196576,6
4169,35,10,30,6,-7.8345893201902514,4
4170,88,34,27,19,-7.839183444170466,15
4171,96,13,85,9,-7.87177905722743,4
4172,51,23,20,13,-7.873291814736603,10
4173,107,22,33,13,-7.889216015388602,9
4174,82,10,88,6,-7.9125780836424955,4
4175,39,44,86,26,-7.916188475664826,18
4176,109,17,7,11,-7.9170790201368355,6
4177,20,16,33,10,-7.9280624383644875,6
4178,64,12,77,6,-7.928282722369054,6
4179,84,14,97,10,-7.932419590040103,4
4180,77,13,27,8,-7.939137496569419,5
4181,88,70,54,43,-7.953176748990858,27
4182,55,16,57,9,-7.964168012543881,7
4183,5,25,65,15,-7.967561696591303,10
4184,57,16,11,9,-7.975072284787963,7
4185,4,12,12,8,-7.976222296376226,4
4186,41,24,87,15,-7.976388181655021,9
4187,17,17,104,10,-7.98852960047454,7
4188,54,16,15,9,-7.990113178125118,7
4189,70,16,13,10,-7.990308468406848,6
4190,109,14,95,9,-7.992343836415329,5
4191,49,19,75,12,-7.994055446090442,7
4192,37,14,64,9,-7.994836735645362,5
4193,96,19,102,12,-7.995631160966494,7
4194,37,13,89,7,-7.9994477960682815,6
4195,60,24,30,17,-8.029670464815947,7
4196,68,25,71,16,-8.049997456311523,9
4197,13,18,90,12,-8.054863834369634,6
4198,112,15,86,9,-8.066513808802787,6
4199,28,24,93,16,-8.07091688053174,8
4200,27,11,92,6,-8.07437363290829,5
4201,84,23,20,16,-8.075470698309143,7
4202,5,61,8,37,-8.080732178020163,24
4203,109,15,53,10,-8.093404481537448,5
4204,109,11,43,7,-8.094303642212859,4
4205,4,20,86,13,-8.098499996816942,7
4206,15,19,8,11,-8.110493801505942,8
4207,96,16,60,12,-8.111178170207005,4
4208,96,19,51,12,-8.115030150293322,7
4209,16,15,81,10,-8.120114808218235,5
4210,25,19,100,11,-8.126357393020873,8
4211,29,12,75,7,-8.144839094845086,5
4212,68,53,75,35,-8.151295756713973,18
4213,109,16,70,10,-8.155151079730674,6
4214,102,14,20,8,-8.160756483849335,6
4215,33,11,68,7,-8.166895131198164,4
4216,98,13,108,8,-8.179403178791246,5
4217,60,35,104,25,-8.183651908443377,10
4218,109,24,11,16,-8.196422948591085,8
4219,88,26,15,18,-8.210771365525122,8
4220,60,31,23,20,-8.218876939400939,11
4221,39,35,18,23,-8.237293647729608,12
4222,16,12,89,7,-8.24232911238878,5
4223,109,19,41,13,-8.25191645501863,6
4224,55,49,40,31,-8.264830770768937,18
4225,14,12,37,7,-8.266467835075433,5
4226,76,12,75,7,-8.269580351796622,5
4227,88,98,16,63,-8.2704050128572,35
4228,55,15,100,8,-8.275270908208638,7
4229,91,18,41,12,-8.276671952774393,6
4230,43,13,27,7,-8.281785030351253,6
4231,106,31,90,21,-8.28384546124837,10
4232,100,28,16,18,-8.28524847579159,10
4233,76,36,86,23,-8.29192824322638,13
4234,69,11,107,7,-8.293842345373674,4
4235,50,15,93,10,-8.29471125308058,5
4236,66,11,60,8,-8.298339609799458,3
4237,18,10,47,7,-8.309233499275509,3
4238,106,55,13,35,-8.31223235045426,20
4239,1,22,86,14,-8.32319223936675,8
4240,40,16,73,10,-8.325505691275456,6
4241,9,13,17,8,-8.326710277225677,5
4242,7,13,44,8,-8.34001533270396,5
4243,20,36,65,24,-8.343206121317849,12
4244,9,11,11,7,-8.359525570926444,4
4245,46,10,6,6,-8.386722378353735,4
4246,91,24,68,14,-8.412577437061726,10
4247,90,19,73,12,-8.424101991862472,7
4248,114,20,55,13,-8.432483182241098,7
4249,87,15,29,10,-8.448402750963465,5
4250,96,14,95,9,-8.450373982592183,5
4251,107,11,110,7,-8.45544908692091,4
4252,65,21,90,12,-8.468020439085361,9
4253,76,25,63,17,-8.481730276547946,8
4254,64,17,114,11,-8.48210889796773,6
4255,69,17,63,12,-8.506537399631055,5
4256,4,17,63,11,-8.512042650715129,6
4257,83,27,86,19,-8.512264034333521,8
4258,106,13,12,9,-8.530975907772833,4
4259,70,15,110,10,-8.53630083928903,5
4260,38,27,37,17,-8.549020352319753,10
4261,19,10,36,6,-8.571979369015912,4
4262,55,23,95,15,-8.57500650986488,8
4263,70,20,108,13,-8.591977771420847,7
4264,102,19,50,11,-8.595702748065333,8
4265,75,13,15,9,-8.597300929966652,4
4266,50,22,90,14,-8.598522697493998,8
4267,3,19,40,13,-8.60466249133143,6
4268,40,13,95,8,-8.623923471834955,5
4269,6,16,13,10,-8.627925335393327,6
4270,58,21,7,12,-8.637350419359533,9
4271,68,62,40,41,-8.642890009281665,21
4272,65,37,30,24,-8.646278778061177,13
4273,86,38,41,25,-8.653956346098061,13
4274,2,10,30,6,-8.704387763563812,4
4275,1,28,13,19,-8.726222592414747,9
4276,88,33,39,21,-8.729784324192254,12
4277,108,16,16,10,-8.735246502538358,6
4278,53,21,87,12,-8.736662500261383,9
4279,63,45,51,27,-8.740070603704455,18
4280,11,23,104,15,-8.742484307216113,8
4281,91,11,23,6,-8.754288778364979,5
4282,106,11,79,7,-8.77784161708646,4
4283,18,23,106,15,-8.778191080978738,8
4284,86,26,69,17,-8.810736150015444,9
4285,47,18,36,12,-8.810892372607713,6
4286,77,18,63,12,-8.831772718752353,6
4287,87,15,32,10,-8.84415502943487,5
4288,57,17,70,9,-8.906737604649802,8
4289,109,22,63,13,-8.91453480739318,9
4290,49,20,87,11,-8.915012942359487,9
4291,91,10,11,7,-8.923724837318142,3
4292,54,15,36,9,-8.925113760028648,6
4293,71,17,104,10,-8.92632866469196,7
4294,84,14,104,8,-8.932998314387538,6
4295,80,13,11,8,-8.941133144462878,5
4296,81,12,47,8,-8.943518667872869,4
4297,2,11,76,8,-8.95175533528088,3
4298,32,11,28,7,-8.963821007682874,4
4299,63,17,90,11,-8.996303299649265,6
4300,13,26,81,17,-9.003700902863285,9
4301,36,15,5,9,-9.008614310253614,6
4302,60,41,64,27,-9.027973681472828,14
4303,8,33,75,22,-9.038485704084975,11
4304,9,13,25,9,-9.043540817668024,4
4305,12,11,114,6,-9.067821568235521,5
4306,18,35,13,21,-9.0757245458419,14
4307,51,34,76,23,-9.077747475176407,11
4308,8,34,95,21,-9.07920947405897,13
4309,51,11,48,6,-9.079697327016946,5
4310,72,17,86,11,-9.090749225860588,6
4311,86,24,44,15,-9.102060428273223,9
4312,84,41,63,25,-9.10313407107926,16
4313,51,23,64,15,-9.140796471719991,8
4314,104,16,64,11,-9.14680267300443,5
4315,38,10,51,7,-9.155948104570232,3
4316,5,43,50,26,-9.156049369840705,17
4317,30,12,27,7,-9.159316291712273,5
4318,107,20,58,13,-9.160448429827847,7
4319,69,24,13,15,-9.162871416318811,9
4320,84,27,5,17,-9.167674877244863,10
4321,68,22,25,14,-9.168222856665713,8
4322,40,15,92,10,-9.168940871834318,5
4323,84,13,98,9,-9.18267526002018,4
4324,71,11,15,7,-9.19725576782928,4
4325,39,17,92,10,-9.202670656436865,7
4326,40,12,2,8,-9.204153353273353,4
4327,4,15,27,9,-9.21491506769711,6
4328,107,31,2,20,-9.235597195463592,11
4329,13,35,114,20,-9.242689308195551,15
4330,92,11,51,6,-9.24383806692869,5
4331,51,13,15,8,-9.260430817248004,5
4332,91,33,63,22,-9.272944845071178,11
4333,9,25,87,15,-9.27342116829308,10
4334,68,24,76,18,-9.277771398501299,6
4335,55,13,2,8,-9.30651882359562,5
4336,70,17,50,10,-9.316243790355681,7
4337,63,19,27,11,-9.333506253315775,8
4338,7,26,37,16,-9.351585671584257,10
4339,29,11,60,7,-9.352046281724496,4
4340,50,12,23,9,-9.354699302165743,3
4341,16,12,34,8,-9.386690960959728,4
4342,87,39,7,26,-9.40943909531165,13
4343,110,10,114,7,-9.422657787947912,3
4344,74,14,83,8,-9.43011849323839,6
4345,63,11,32,7,-9.44232166344675,4
4346,51,11,80,7,-9.452768996423057,4
4347,63,14,30,9,-9.454567130977065,5
4348,13,22,108,15,-9.455108056944892,7
4349,31,32,53,19,-9.469859036589868,13
4350,65,20,1,12,-9.479530241144898,8
4351,69,13,70,9,-9.494709245292386,4
4352,65,17,15,11,-9.49771073691666,6
4353,99,22,37,15,-9.502759058160713,7
4354,80,14,90,10,-9.509239360264804,4
4355,4,11,30,7,-9.534850556328458,4
4356,91,25,106,17,-9.55922901342809,8
4357,8,11,62,8,-9.593511144115352,3
4358,53,13,8,9,-9.596286006275326,4
4359,8,14,99,8,-9.611065592860308,6
4360,9,16,76,11,-9.62150457184245,5
4361,107,10,67,7,-9.627053867267662,3
4362,25,34,104,21,-9.636675179077027,13
4363,114,31,8,21,-9.64882712969028,10
4364,104,15,15,10,-9.650979999331241,5
4365,104,37,40,25,-9.65543039217366,12
4366,71,12,100,8,-9.66068752031631,4
4367,87,19,100,11,-9.686243494464469,8
4368,98,16,13,11,-9.686902315619628,5
4369,3,17,36,12,-9.693819793495463,5
4370,54,27,75,17,-9.754209010714467,10
4371,84,23,11,15,-9.766296004538773,8
4372,25,42,7,28,-9.767728891918422,14
4373,70,14,30,8,-9.768945845713874,6
4374,66,15,107,10,-9.781220349340101,5
4375,83,24,37,15,-9.783726366978415,9
4376,39,14,90,9,-9.813134332006266,5
4377,75,25,104,16,-9.822163907084752,9
4378,104,15,36,9,-9.838970168079864,6
4379,64,25,16,17,-9.851103913802607,8
4380,43,11,64,7,-9.86127930439201,4
4381,12,13,23,8,-9.86670251876721,5
4382,18,17,50,10,-9.885091111762174,7
4383,19,12,68,7,-9.900373348129571,5
4384,81,12,7,7,-9.905873686943623,5
4385,3,14,25,9,-9.907996037168818,5
4386,49,13,40,8,-9.915875625263496,5
4387,107,19,45,12,-9.919744780089784,7
4388,2,10,95,7,-9.9203126299905,3
4389,106,13,38,7,-9.972431475981125,6
4390,88,18,73,12,-9.974203425238962,6
4391,91,30,7,21,-9.983998909939304,9
4392,12,19,60,10,-9.984528424599185,9
4393,65,25,95,16,-9.987438820754939,9
4394,65,43,114,27,-10.010703114891971,16
4395,3,10,81,7,-10.020678397963058,3
4396,69,22,60,13,-10.026631940325352,9
4397,18,14,11,9,-10.031989827572827,5
4398,50,39,75,27,-10.040408681755256,12
4399,88,15,77,10,-10.04400369134599,5
4400,50,16,36,9,-10.06214875827346,7
4401,57,12,54,9,-10.066024134547122,3
4402,4,39,60,23,-10.084476138431063,16
4403,7,47,75,31,-10.087770884796276,16
4404,25,30,20,20,-10.102780695495062,10
4405,106,20,69,13,-10.109882768326292,7
4406,83,15,107,10,-10.114574167697793,5
4407,35,10,8,7,-10.118762046100299,3
4408,70,14,46,9,-10.128652016947743,5
4409,109,10,92,7,-10.132066653367776,3
4410,81,15,71,10,-10.146196364004531,5
4411,102,14,76,9,-10.166991590900437,5
4412,104,13,89,8,-10.178686881843591,5
4413,39,19,23,12,-10.185354124124489,7
4414,71,15,98,10,-10.189669566674569,5
4415,37,41,97,27,-10.190687502541847,14
4416,97,49,86,32,-10.191730194804157,17
4417,91,25,87,17,-10.193772096879423,8
4418,33,13,71,9,-10.195530501937561,4
4419,97,14,60,8,-10.197653383589495,6
4420,2,15,98,9,-10.198603389321665,6
4421,37,36,11,24,-10.207174749413833,12
4422,39,19,46,11,-10.23339705267237,8
4423,99,12,77,9,-10.252199704478636,3
4424,53,13,75,8,-10.264002892955828,5
4425,31,23,27,13,-10.2739938026007,10
4426,104,12,34,8,-10.27427919250402,4
4427,39,21,74,13,-10.295229479000923,8
4428,55,19,20,12,-10.312518824176758,7
4429,39,12,110,9,-10.31338108835557,3
4430,1,13,37,8,-10.34216426905315,5
4431,91,18,8,12,-10.34860151027639,6
4432,69,24,16,15,-10.354994562223549,9
4433,84,13,83,8,-10.35745770275565,5
4434,79,24,86,16,-10.359095369944336,8
4435,81,13,104,7,-10.361322759461327,6
4436,107,15,15,11,-10.36909152000731,4
4437,35,10,104,6,-10.373208624658856,4
4438,93,16,106,10,-10.37915501513517,6
4439,3,10,41,8,-10.3840484566551,2
4440,87,15,73,11,-10.390770444852313,4
4441,17,12,41,8,-10.40461721225408,4
4442,7,11,110,6,-10.42257657923173,5
4443,9,14,95,8,-10.448151730885066,6
4444,31,10,6,6,-10.459894630543896,4
4445,39,65,16,42,-10.460355812394315,23
4446,80,12,78,8,-10.465717228459772,4
4447,33,12,87,8,-10.466998002217025,4
4448,3,16,13,12,-10.4693650353193,4
4449,77,12,23,8,-10.47207373365885,4
4450,102,19,107,12,-10.474471969151432,7
4451,5,14,71,9,-10.499789144404389,5
4452,102,13,75,9,-10.50135368794083,4
4453,114,29,28,18,-10.522587404115153,11
4454,97,19,71,13,-10.523533962196899,6
4455,66,10,7,6,-10.534532214717434,4
4456,76,15,7,9,-10.53662266304415,6
4457,71,12,70,7,-10.54941399034127,5
4458,96,45,16,32,-10.566392603656332,13
4459,86,14,92,9,-10.595431856276921,5
4460,38,15,75,11,-10.597530026810052,4
4461,74,24,51,17,-10.633450080638768,7
4462,33,12,63,8,-10.633619397558368,4
4463,40,27,54,17,-10.64688124927009,10
4464,71,13,17,8,-10.64807522231264,5
4465,106,22,2,14,-10.65269372009429,8
4466,96,16,114,11,-10.657197876480032,5
4467,86,32,102,22,-10.668729155825625,10
4468,20,32,50,21,-10.680905733435484,11
4469,93,12,75,8,-10.68974449521869,4
4470,63,16,100,10,-10.708082189209783,6
4471,36,13,43,8,-10.713552025008546,5
4472,111,11,54,8,-10.714143810197228,3
4473,60,15,37,9,-10.721994289598655,6
4474,68,19,62,12,-10.73018851271554,7
4475,23,16,55,9,-10.735784140394152,7
4476,76,20,16,11,-10.743012747059645,9
4477,7,11,59,8,-10.771239818059199,3
4478,35,14,36,10,-10.78250796990051,4
4479,91,25,55,18,-10.791612827626562,7
4480,77,27,104,18,-10.795670361212089,9
4481,50,26,60,16,-10.797992871029319,10
4482,63,14,111,9,-10.807637905788145,5
4483,107,25,48,16,-10.827629447931269,9
4484,51,12,111,8,-10.832494142927857,4
4485,28,42,63,29,-10.834702955484337,13
4486,94,15,13,10,-10.844065562173386,5
4487,14,17,16,11,-10.870649232838183,6
4488,77,16,71,11,-10.872072685026803,5
4489,64,12,46,8,-10.899427395508424,4
4490,46,11,100,7,-10.904685887838546,4
4491,5,17,73,11,-10.90738305979487,6
4492,68,17,55,12,-10.910749157644128,5
4493,51,27,95,19,-10.913699301393024,8
4494,64,14,27,10,-10.925557497140751,4
4495,106,22,39,14,-10.933832598770767,8
4496,31,13,109,9,-10.93894527157734,4
4497,62,11,114,7,-10.951643875994158,4
4498,88,37,50,24,-10.986958086725291,13
4499,31,23,107,13,-10.991549252097414,10
4500,51,26,100,15,-10.993077052386393,11
4501,39,19,3,13,-10.995945627351913,6
4502,106,10,78,7,-11.040564461209588,3
4503,96,19,46,11,-11.044310192668554,8
4504,114,12,32,8,-11.045874107216177,4
4505,11,11,99,7,-11.04788337752713,4
4506,13,13,57,8,-11.057300467931773,5
4507,25,18,110,13,-11.063714709672924,5
4508,98,14,20,10,-11.083964695514595,4
4509,81,22,86,16,-11.096980834900565,6
4510,36,11,76,9,-11.09862925336368,2
4511,32,13,74,9,-11.101664191982367,4
4512,114,17,95,11,-11.137800496558048,6
4513,53,13,43,9,-11.142269636564139,4
4514,106,60,16,42,-11.145067698969553,18
4515,1,11,18,8,-11.165626164288787,3
4516,46,15,30,10,-11.187097177578686,5
4517,109,10,91,7,-11.192740070217315,3
4518,9,25,16,17,-11.197915963174951,8
4519,61,12,6,8,-11.200388242698184,4
4520,1,11,89,7,-11.20901106938993,4
4521,87,13,79,10,-11.211504341364096,3
4522,106,18,98,12,-11.217270403208776,6
4523,36,34,53,24,-11.24589067531156,10
4524,81,13,40,9,-11.249205674756395,4
4525,70,29,87,18,-11.250414739740132,11
4526,48,12,90,8,-11.252381363492235,4
4527,63,23,98,15,-11.26844326537147,8
4528,91,38,16,27,-11.273281125854657,11
4529,5,10,80,7,-11.295210617596885,3
4530,79,10,80,6,-11.30670069299901,4
4531,49,14,41,9,-11.30726179664342,5
4532,54,21,30,15,-11.315979513400256,6
4533,1,35,55,24,-11.318872050309835,11
4534,96,23,48,16,-11.323041657346815,7
4535,86,16,15,11,-11.345257527400204,5
4536,39,24,30,16,-11.345840707396126,8
4537,28,15,69,9,-11.351855367268074,6
4538,114,24,87,15,-11.376365484227016,9
4539,27,14,37,10,-11.378309035824225,4
4540,16,23,57,15,-11.38639029821982,8
4541,106,15,67,10,-11.416394671072156,5
4542,88,10,98,7,-11.438021992981458,3
4543,55,10,6,8,-11.480199964282331,2
4544,54,44,37,30,-11.514339123049963,14
4545,65,19,2,14,-11.51688952125461,5
4546,28,31,74,21,-11.526159046117094,10
4547,94,12,86,8,-11.544074142973756,4
4548,76,15,74,9,-11.544600382799558,6
4549,81,17,75,12,-11.544966357959323,5
4550,51,17,45,12,-11.554061190587257,5
4551,2,12,114,8,-11.567668937733664,4
4552,50,15,33,10,-11.568332857311571,5
4553,92,13,64,7,-11.570782768134928,6
4554,27,19,104,14,-11.58292642048061,5
4555,18,39,16,27,-11.672793985441842,12
4556,108,10,76,7,-11.689376602430276,3
4557,64,19,30,13,-11.689799219480298,6
4558,46,12,53,8,-11.691208139074996,4
4559,60,16,49,11,-11.728277714206634,5
4560,31,20,1,12,-11.742986631682967,8
4561,88,40,63,29,-11.77184183569856,11
4562,40,21,8,15,-11.791921402372775,6
4563,10,12,107,8,-11.793904653306292,4
4564,87,23,98,16,-11.823138658909349,7
4565,87,23,48,16,-11.827762552608771,7
4566,31,10,33,6,-11.850735149227052,4
4567,86,11,47,8,-11.851758277163865,3
4568,61,13,53,9,-11.872474458651649,4
4569,60,10,70,7,-11.8748651668318,3
4570,104,18,90,12,-11.89837391797068,6
4571,11,13,93,10,-11.901577910299338,3
4572,56,14,86,10,-11.910388622199694,4
4573,106,23,46,14,-11.922619928802636,9
4574,18,27,95,18,-11.951490678023534,9
4575,104,19,49,13,-11.962718506463764,6
4576,39,13,109,10,-11.979369234454992,3
4577,69,13,58,8,-11.98678339614412,5
4578,98,24,5,16,-11.989855689002859,8
4579,12,12,41,8,-11.996881217759755,4
4580,31,27,9,19,-12.002734861738098,8
4581,102,13,40,8,-12.005792153502512,5
4582,27,10,49,7,-12.01055997009829,3
4583,45,11,4,7,-12.01733797592958,4
4584,88,16,100,11,-12.053435860435954,5
4585,96,27,98,18,-12.125771968912133,9
4586,41,20,111,13,-12.134252521617201,7
4587,63,12,92,7,-12.136993324985582,5
4588,70,22,2,14,-12.153236389251056,8
4589,81,10,114,6,-12.183748479704214,4
4590,45,12,35,7,-12.21710035204084,5
4591,70,21,11,15,-12.225051268467027,6
4592,96,21,7,16,-12.232664156332714,5
4593,29,15,88,10,-12.272011459810146,5
4594,18,11,38,7,-12.28079485029554,4
4595,35,23,107,17,-12.292793992800659,6
4596,31,23,63,16,-12.298004488291767,7
4597,9,19,64,14,-12.30348151608255,5
4598,54,15,2,11,-12.306524573726033,4
4599,13,10,19,7,-12.3410051940306,3
4600,17,20,40,14,-12.359425880450816,6
4601,28,17,34,12,-12.371680551795567,5
4602,47,13,9,9,-12.38224273123465,4
4603,18,10,69,7,-12.403882061597322,3
4604,109,13,93,9,-12.420766001359539,4
4605,60,16,17,11,-12.448164416078782,5
4606,79,10,104,6,-12.467627013550157,4
4607,88,37,53,26,-12.477936650567813,11
4608,50,10,15,7,-12.479053092203715,3
4609,5,27,75,17,-12.535083552437035,10
4610,5,30,102,20,-12.549261396684052,10
4611,5,27,57,19,-12.572003913811173,8
4612,63,32,80,23,-12.596093571968389,9
4613,31,16,43,8,-12.608617869250047,8
4614,63,16,1,10,-12.619618788583585,6
4615,97,22,13,15,-12.647539312160676,7
4616,51,19,77,13,-12.647622107219112,6
4617,107,25,57,17,-12.686495355302789,8
4618,88,16,111,12,-12.710530076381987,4
4619,1,22,16,17,-12.715599823721535,5
4620,36,16,8,11,-12.721597845881664,5
4621,52,10,28,7,-12.725624774771763,3
4622,49,10,76,7,-12.730664919589284,3
4623,73,14,65,10,-12.739488636982381,4
4624,108,11,106,8,-12.74110274694642,3
4625,36,10,95,7,-12.746346244298937,3
4626,106,16,64,11,-12.76736373900894,5
4627,63,12,81,8,-12.812847865042881,4
4628,12,15,53,10,-12.863881794501301,5
4629,68,12,69,8,-12.886567740350372,4
4630,96,10,78,7,-12.899686199305037,3
4631,62,17,74,12,-12.918007478610393,5
4632,92,13,41,9,-12.929503950347238,4
4633,107,33,30,23,-12.930535966096482,10
4634,39,16,76,12,-12.981613300224623,4
4635,107,14,89,10,-12.997634313671218,4
4636,114,12,27,8,-13.009570993376595,4
4637,65,29,27,20,-13.035250514579241,9
4638,44,13,104,9,-13.041336406816619,4
4639,36,26,27,17,-13.042063327238697,9
4640,58,16,65,11,-13.060682899581568,5
4641,60,27,91,18,-13.066055089202223,9
4642,46,38,104,26,-13.083570903140272,12
4643,90,15,20,10,-13.08396173697106,5
4644,14,10,80,6,-13.097202558791372,4
4645,94,18,16,13,-13.114986504674489,5
4646,39,14,62,9,-13.121824543216178,5
4647,77,15,53,10,-13.125923769197522,5
4648,37,28,95,21,-13.149042342745602,7
4649,30,11,34,8,-13.149679586972228,3
4650,88,17,102,13,-13.153141792955822,4
4651,46,16,50,10,-13.220197801431315,6
4652,60,13,108,9,-13.225499906177387,4
4653,41,16,8,12,-13.244566662838952,4
4654,88,36,95,25,-13.24512473637818,11
4655,96,39,11,27,-13.252582377716239,12
4656,88,15,80,10,-13.263947598977516,5
4657,104,15,9,10,-13.26595808083957,5
4658,99,12,7,8,-13.274517260788413,4
4659,77,12,49,9,-13.281163183221418,3
4660,39,16,100,11,-13.327436341351762,5
4661,83,18,16,13,-13.35123547721314,5
4662,109,17,27,11,-13.354419417722466,6
4663,20,11,34,8,-13.36206244645375,3
4664,32,11,55,7,-13.36363963009391,4
4665,37,11,18,8,-13.371391730474068,3
4666,18,14,30,10,-13.395176006688521,4
4667,68,13,28,10,-13.417244490921592,3
4668,32,12,25,7,-13.427877456338663,5
4669,71,21,40,15,-13.428256103960052,6
4670,85,10,55,7,-13.429604925610438,3
4671,55,17,102,12,-13.448934349992442,5
4672,90,10,93,7,-13.452391800759145,3
4673,8,13,34,9,-13.463977802181443,4
4674,46,11,98,7,-13.482621473195687,4
4675,114,18,47,12,-13.526562539170767,6
4676,103,11,74,8,-13.53565105452587,3
4677,99,17,107,12,-13.582126995646108,5
4678,5,11,44,8,-13.587521896557622,3
4679,94,15,81,9,-13.59005711274676,6
4680,60,21,47,15,-13.609929815632052,6
4681,63,11,78,7,-13.648263861078725,4
4682,46,12,93,9,-13.65474091099076,3
4683,83,17,114,12,-13.681120041397612,5
4684,17,19,95,14,-13.721873290450482,5
4685,88,60,13,43,-13.741511324768355,17
4686,39,13,80,9,-13.744061353836228,4
4687,50,16,53,11,-13.759740941024019,5
4688,35,22,76,15,-13.840556791437661,7
4689,83,13,11,10,-13.863860744018641,3
4690,54,13,1,9,-13.897798468139287,4
4691,83,11,23,8,-13.9232349355535,3
4692,47,16,16,11,-13.953919967066756,5
4693,28,11,41,8,-13.972619383089011,3
4694,63,14,57,9,-14.005769262322856,5
4695,52,10,87,7,-14.021739835927075,3
4696,112,10,36,8,-14.025388947952376,2
4697,5,18,23,13,-14.02759674176979,5
4698,77,29,40,21,-14.048771071022598,8
4699,66,11,63,8,-14.209916362631542,3
4700,97,10,14,8,-14.259112129654316,2
4701,60,21,74,14,-14.268042080973927,7
4702,31,64,13,45,-14.27502556232882,19
4703,11,11,30,8,-14.299516136130784,3
4704,37,12,34,9,-14.300571264435137,3
4705,102,11,46,8,-14.307494713152051,3
4706,83,10,40,8,-14.347262135245904,2
4707,63,16,62,11,-14.373306402935604,5
4708,31,41,16,29,-14.390998277399369,12
4709,3,10,5,6,-14.426532962397738,4
4710,74,10,89,7,-14.446682807284398,3
4711,36,17,63,12,-14.449729540714554,5
4712,54,20,100,14,-14.454126910452933,6
4713,2,10,73,7,-14.457830254043136,3
4714,25,12,34,9,-14.468789684868275,3
4715,9,20,41,14,-14.476494677187723,6
4716,2,12,13,8,-14.516038794033763,4
4717,37,12,73,8,-14.533349572792924,4
4718,32,14,16,10,-14.542782322425317,4
4719,35,10,27,7,-14.547141678753416,3
4720,99,12,50,8,-14.581629542155014,4
4721,60,12,100,9,-14.59168399850781,3
4722,69,11,49,7,-14.630040162483821,4
4723,55,11,15,9,-14.630800697849656,2
4724,107,12,56,8,-14.703414597955637,4
4725,9,10,43,7,-14.717140734665415,3
4726,102,10,90,6,-14.739148726840858,4
4727,106,14,32,11,-14.741977351969277,3
4728,36,10,57,8,-14.790130328982974,2
4729,70,12,80,10,-14.80980217773798,2
4730,91,17,30,13,-14.854653528597783,4
4731,60,13,76,11,-14.892670155328526,2
4732,106,36,114,26,-14.935806388204485,10
4733,75,11,98,8,-14.962268997775858,3
4734,99,18,25,13,-15.014737107768294,5
4735,91,10,76,8,-15.030413557864279,2
4736,31,14,69,9,-15.039257334356934,5
4737,51,15,78,10,-15.057241448728288,5
4738,3,12,16,9,-15.059978640439974,3
4739,13,10,80,7,-15.065521757597576,3
4740,18,18,15,14,-15.068550409028953,4
4741,96,12,91,9,-15.083901067533665,3
4742,9,12,48,9,-15.097519161061683,3
4743,38,10,4,8,-15.11826294049762,2
4744,107,24,73,16,-15.162555439058812,8
4745,68,15,61,11,-15.24709195978541,4
4746,65,11,91,8,-15.248119768267998,3
4747,97,11,67,9,-15.281658756670776,2
4748,106,12,33,9,-15.30205997613048,3
4749,86,14,26,11,-15.35082499329916,3
4750,81,10,54,7,-15.380766678441313,3
4751,60,24,27,19,-15.394287631825772,5
4752,53,16,41,12,-15.403624417612441,4
4753,25,14,49,10,-15.43786379260084,4
4754,13,20,30,14,-15.47745197714796,6
4755,54,25,48,18,-15.479134701809116,7
4756,2,18,104,12,-15.50344370749933,6
4757,14,11,25,9,-15.536643242754739,2
4758,31,12,104,8,-15.561592201078605,4
4759,77,26,7,19,-15.579334977261833,7
4760,5,17,41,11,-15.588220959820694,6
4761,97,13,90,9,-15.62188808576594,4
4762,68,19,95,16,-15.650860272181013,3
4763,1,13,8,10,-15.702434313684371,3
4764,109,10,30,7,-15.706667365089421,3
4765,35,12,80,9,-15.72406211872363,3
4766,96,16,93,12,-15.73319462766121,4
4767,35,10,75,8,-15.755761764469415,2
4768,63,12,14,8,-15.759973477645744,4
4769,25,10,48,7,-15.782340463377466,3
4770,19,14,7,11,-15.791436877857706,3
4771,12,10,75,7,-15.792936269133122,3
4772,77,16,8,12,-15.792942369486319,4
4773,70,10,48,7,-15.796496446665468,3
4774,41,11,30,7,-15.823150971823392,4
4775,39,18,99,14,-15.84878961626863,4
4776,50,17,80,14,-15.873366771105449,3
4777,31,16,98,11,-16.004000710168857,5
4778,11,22,95,17,-16.006249051562754,5
4779,77,13,37,9,-16.05875315967213,4
4780,31,12,106,8,-16.096428228240462,4
4781,112,15,28,11,-16.113496626946453,4
4782,104,11,1,8,-16.170926123279344,3
4783,80,12,75,9,-16.212817456366967,3
4784,39,11,44,8,-16.32589693565987,3
4785,5,13,48,10,-16.33074699984749,3
4786,71,14,95,9,-16.392856882688644,5
4787,25,25,11,20,-16.429746187224737,5
4788,53,12,44,8,-16.522740674154395,4
4789,38,11,71,9,-16.65478409438396,2
4790,68,13,50,9,-16.739560938672483,4
4791,5,17,30,14,-16.835862346935006,3
4792,30,14,95,10,-16.836817117204564,4
4793,97,14,38,11,-16.838290194315167,3
4794,38,13,104,9,-16.9326658218169,4
4795,31,10,38,6,-16.97274158238424,4
4796,50,16,77,13,-16.97319460562341,3
4797,109,25,114,20,-17.09393681935433,5
4798,10,13,51,10,-17.100960272868033,3
4799,43,13,55,11,-17.10258262325886,2
4800,3,13,63,11,-17.14198924128311,2
4801,5,22,27,16,-17.186967099907662,6
4802,35,12,63,9,-17.190706154289504,3
4803,112,10,60,8,-17.246673170125877,2
4804,68,13,100,9,-17.287141142351707,4
4805,106,10,35,7,-17.319051156851785,3
4806,87,11,34,8,-17.33811535027782,3
4807,43,10,45,7,-17.339723268429022,3
4808,18,14,23,10,-17.468338798211544,4
4809,83,17,13,13,-17.492504927051193,4
4810,67,10,16,8,-17.493350405648194,2
4811,103,11,86,8,-17.582574899359507,3
4812,71,14,41,11,-17.677310848234864,3
4813,52,13,86,10,-17.69622819904226,3
4814,88,16,32,12,-17.73768741027694,4
4815,114,11,111,8,-17.846918134233796,3
4816,81,14,87,9,-17.895986818118363,5
4817,57,11,69,9,-17.903713317642495,2
4818,112,11,51,8,-17.986869866556564,3
4819,31,15,30,10,-18.11699342281865,5
4820,31,10,62,7,-18.377852941958047,3
4821,77,14,30,11,-18.43097958565835,3
4822,18,10,5,8,-18.464269170029826,2
4823,33,14,65,11,-18.512762180418843,3
4824,77,15,16,12,-18.527051782521912,3
4825,28,17,99,13,-18.754584808369174,4
4826,28,26,90,21,-18.776580206085534,5
4827,11,10,2,8,-18.92308479788875,2
4828,9,23,53,18,-18.947786738261776,5
4829,69,15,75,12,-19.10194742546947,3
4830,54,16,71,12,-19.16021741088294,4
4831,18,14,99,11,-19.290873438644514,3
4832,81,17,51,12,-19.593772980612897,5
4833,39,11,57,9,-19.63657815196269,2
4834,69,12,30,9,-19.74407752715803,3
4835,68,10,90,8,-19.75244962865367,2
4836,32,12,95,10,-19.760326388824467,2
4837,75,11,111,8,-20.026411874817093,3
4838,68,10,58,8,-20.219065191384033,2
4839,3,13,75,11,-20.269434346658137,2
4840,69,18,53,14,-20.4060328444826,4
4841,39,20,15,17,-20.57238362183036,3
4842,38,11,55,9,-20.87506721402826,2
4843,33,17,55,14,-21.027735426652754,3
4844,17,12,23,10,-21.155011011558305,2
4845,9,11,15,8,-21.26853343676879,3
4846,51,17,90,15,-21.316832661511143,2
4847,91,16,104,15,-21.31971827875211,1
4848,4,13,25,11,-21.42004260246313,2
4849,65,23,100,20,-21.522684064109903,3
4850,97,10,91,8,-22.126099468550684,2
4851,51,11,34,9,-22.213174768846976,2
4852,54,12,4,11,-22.374669781363053,1
4853,36,15,30,14,-22.591849436299622,1
4854,4,12,98,11,-22.73213983872782,1
4855,55,13,14,12,-22.739856337181138,1
4856,112,10,71,8,-22.960292881582223,2
4857,28,10,10,9,-23.03135332069283,1
4858,9,21,27,17,-23.072306521845082,4
4859,51,14,2,11,-23.23632490446861,3
4860,55,10,44,8,-23.361076236430034,2
4861,4,12,43,9,-23.688429878532556,3
4862,69,10,27,8,-23.704204091949634,2
4863,91,10,43,9,-23.82982989877907,1
4864,58,13,86,11,-23.86439409876387,2
4865,97,12,73,9,-24.10757303293757,3
4866,35,10,48,9,-25.15519793083891,1
4867,77,15,75,13,-25.509874365270075,2
4868,7,11,61,9,-25.644426465226903,2
4869,23,11,90,10,-28.300961743533676,1
4870,4,13,41,10,-29.213796795605585,3
4871,112,10,64,10,-31.38810854729242,0
