,againstHero,games,hero,losses,shift,wins
0,88,11,37,1,27.057249327206794,10
1,30,11,54,1,25.713620235434703,10
2,48,10,35,1,25.155197930838906,9
3,76,13,35,3,24.45415726080802,10
4,100,12,54,2,23.111299810651484,10
5,34,10,51,1,22.213174768846972,9
6,93,13,96,2,21.644278578741655,11
7,50,18,55,4,21.384042844031153,14
8,30,12,107,2,21.034566601211726,10
9,107,10,66,2,20.152222817707916,8
10,20,11,25,2,19.98791829237953,9
11,2,13,54,2,19.759970484752476,11
12,28,14,112,3,19.249826897720943,11
13,50,10,70,3,18.66920839814296,7
14,11,11,25,2,18.268065492344636,9
15,63,17,91,4,18.120595699414864,13
16,16,11,98,3,18.093280468518255,8
17,88,10,57,3,18.03608858455504,7
18,90,23,28,5,17.842079516061677,18
19,11,12,98,3,17.79113396344492,9
20,107,13,35,2,17.620728555906965,11
21,16,22,74,5,17.470138560724315,17
22,34,11,87,3,17.338115350277818,8
23,73,10,54,2,17.106743436572106,8
24,41,12,86,2,16.916591977189356,10
25,90,12,63,3,16.840668609829066,9
26,91,11,20,3,16.614550431285505,8
27,11,13,70,3,16.32604658673946,10
28,106,10,23,3,16.05394351537058,7
29,37,24,54,7,16.03430293245744,17
30,8,11,98,2,15.96259366832557,9
31,88,12,109,2,15.756053179646178,10
32,48,11,9,3,15.643745764186933,8
33,16,10,46,3,15.615390213809864,7
34,93,10,11,2,15.321419061771829,8
35,73,11,37,4,15.237735204111457,7
36,2,16,70,5,15.20234077608459,11
37,73,14,90,4,15.181297397438652,10
38,87,14,70,4,15.12081768591584,10
39,91,12,96,3,15.083901067533665,9
40,80,12,50,2,14.926124931290452,10
41,63,13,109,3,14.866102829084163,10
42,46,16,96,6,14.744941109171663,10
43,8,11,65,3,14.67711948639893,8
44,74,23,28,6,14.602487166516608,17
45,80,11,35,3,14.578551377058158,8
46,63,33,84,10,14.557123158417967,23
47,14,11,63,4,14.53302527333945,7
48,95,11,107,3,14.460264509685397,8
49,34,12,28,3,14.433851353414235,9
50,37,16,25,5,14.296918220865926,11
51,90,10,48,3,14.062301149493257,7
52,71,13,8,4,13.992705985768803,9
53,46,12,84,3,13.974033982222737,9
54,88,24,46,6,13.65005256735965,18
55,5,18,84,5,13.492491984016144,13
56,55,25,11,6,13.485189958967284,19
57,69,11,28,4,13.38734226962898,7
58,84,10,76,3,13.371791794476119,7
59,16,10,91,3,13.247386679926667,7
60,114,10,109,2,13.1871519949772,8
61,8,12,114,3,13.156006947096627,9
62,48,19,54,6,13.122325082638987,13
63,80,10,14,4,13.097202558791373,6
64,17,10,107,3,13.095515887019284,7
65,97,13,8,4,13.031573471749283,9
66,16,23,107,6,12.980459438572407,17
67,114,11,20,3,12.975045668551978,8
68,63,38,54,11,12.927281881197459,27
69,86,16,73,6,12.90546934044994,10
70,16,34,87,11,12.76704720332023,23
71,98,10,87,3,12.766560909926934,7
72,98,23,96,8,12.672735601907378,15
73,50,12,102,5,12.613397644799399,7
74,86,10,39,4,12.521968554365156,6
75,73,17,107,6,12.476279417058619,11
76,11,38,96,12,12.43376452627604,26
77,51,11,74,3,12.350755204498364,8
78,85,11,96,3,12.207174001404555,8
79,30,10,87,3,11.954020606538128,7
80,88,12,104,4,11.911529882206118,8
81,76,10,55,2,11.845869320079572,8
82,86,17,109,4,11.844463141455284,13
83,95,10,88,3,11.838381077895013,7
84,109,11,5,4,11.832394491701882,7
85,80,15,107,3,11.678062977381895,12
86,2,13,97,4,11.663957871857763,9
87,91,10,98,3,11.6111736728835,7
88,28,18,114,7,11.571094203781072,11
89,11,18,37,5,11.382728976908798,13
90,11,19,84,6,11.373729994467022,13
91,54,10,104,3,11.25199412047397,7
92,69,12,86,4,11.221927430915741,8
93,50,11,109,3,11.21767101593788,8
94,50,12,114,4,11.20297857698265,8
95,17,13,37,5,11.05079407640676,8
96,106,16,104,5,10.9858576113729,11
97,109,13,8,5,10.964382741158797,8
98,30,13,16,4,10.882729052195028,9
99,74,15,70,6,10.825825286716226,9
100,2,24,107,7,10.77308762549499,17
101,16,27,106,8,10.725565651925926,19
102,90,18,106,6,10.722647291777667,12
103,97,11,25,4,10.706492708864033,7
104,93,17,8,6,10.695055361243911,11
105,50,11,98,3,10.6914012264267,8
106,50,23,20,9,10.679903465549346,14
107,90,20,5,6,10.678407751484231,14
108,75,14,8,4,10.634775722140729,10
109,48,22,96,7,10.412031756955415,15
110,90,16,50,5,10.406651686467335,11
111,114,17,5,6,10.369502294340972,11
112,46,11,75,3,10.358241612595512,8
113,16,37,96,11,10.284315397893865,26
114,87,14,93,5,10.257204602761986,9
115,102,19,86,5,10.227725431566299,14
116,90,15,37,5,10.174182725049684,10
117,55,12,70,4,10.141434019068976,8
118,109,11,102,4,10.030166218885235,7
119,106,14,75,7,10.013304733371458,7
120,90,11,74,3,10.005531313326735,8
121,98,16,63,6,9.997373775280366,10
122,86,20,76,7,9.940010233613187,13
123,2,13,106,5,9.919015199493716,8
124,51,17,96,6,9.90017056684033,11
125,86,23,79,8,9.865377107457421,15
126,20,22,84,6,9.790302500691975,16
127,106,17,70,7,9.772908373637206,10
128,16,18,55,6,9.733018432439057,12
129,50,27,107,10,9.722993971104628,17
130,98,14,106,5,9.701360201061402,9
131,73,13,5,5,9.6154675420233,8
132,28,10,18,4,9.538088324550174,6
133,79,12,87,3,9.532024747647966,9
134,95,13,8,5,9.502751434643129,8
135,20,14,51,6,9.477293220680314,8
136,87,13,2,5,9.430732046556473,8
137,63,18,2,7,9.424323722958958,11
138,37,18,63,6,9.357395059366917,12
139,63,25,20,10,9.320091766955512,15
140,90,13,80,4,9.306752684001106,9
141,108,14,63,5,9.298531248541144,9
142,97,13,5,4,9.29611525828206,9
143,2,11,65,3,9.274625860779652,8
144,2,10,16,3,9.214178381730257,7
145,30,15,8,5,9.185211827951935,10
146,28,18,25,6,9.180057505287667,12
147,88,21,28,7,9.173292677246714,14
148,97,15,107,6,9.103059896742112,9
149,88,12,70,4,9.07996284568391,8
150,50,21,5,9,8.97348826108785,12
151,102,10,5,4,8.925191423638346,6
152,5,10,95,3,8.888673428502385,7
153,11,18,20,5,8.872799316531829,13
154,71,12,107,4,8.85340822050049,8
155,91,18,107,6,8.785801812136054,12
156,102,10,87,3,8.61362310955975,7
157,8,40,87,14,8.572049681412182,26
158,90,10,114,4,8.560822077428913,6
159,16,17,5,6,8.545043507377798,11
160,86,17,114,7,8.541327271410411,10
161,50,25,96,9,8.534707794331519,16
162,50,17,88,7,8.503859481033004,10
163,63,37,28,13,8.498167965188095,24
164,74,33,96,12,8.474831991428163,21
165,57,10,107,4,8.46673756025304,6
166,86,26,70,11,8.431070575550432,15
167,104,23,28,7,8.263117976207363,16
168,97,15,37,6,8.227995174488177,9
169,86,12,108,5,8.204205290543774,7
170,80,14,65,5,8.117894882236026,9
171,63,20,88,8,8.087843670572429,12
172,76,16,107,6,8.078268794170354,10
173,88,26,107,9,8.073286316322777,17
174,86,26,51,11,8.062447213774556,15
175,51,15,84,5,8.0537264978673,10
176,16,14,48,6,8.053586068768567,8
177,63,17,76,5,8.029454753014045,12
178,28,19,102,8,8.029114224243866,11
179,73,20,74,7,8.01522036427702,13
180,28,18,91,7,8.01457036803685,11
181,20,21,74,7,7.999229580686775,14
182,102,19,96,7,7.9956311609664965,12
183,93,13,28,4,7.977780890104037,9
184,96,12,34,4,7.949755484984076,8
185,80,24,106,9,7.948937081453317,15
186,114,14,96,5,7.889762565328155,9
187,5,15,70,6,7.800041984653827,9
188,48,20,79,8,7.777732866617034,12
189,46,23,28,7,7.7505833090146155,16
190,79,10,106,4,7.723339908977314,6
191,76,14,70,5,7.7067801731883225,9
192,76,13,50,4,7.685614095381232,9
193,48,18,87,7,7.681552221415861,11
194,55,10,108,4,7.660382487173957,6
195,96,22,80,8,7.6325568595370585,14
196,85,10,107,4,7.595499375056901,6
197,28,19,70,8,7.544208909658004,11
198,16,17,84,7,7.47114031170461,10
199,7,10,96,3,7.4569702058661615,7
200,63,11,25,4,7.385187766970543,7
201,86,23,75,10,7.383233127537556,13
202,102,16,8,6,7.376211425683788,10
203,102,15,25,5,7.370724163994214,10
204,48,22,107,9,7.330278865374194,13
205,28,19,75,8,7.2257676072063814,11
206,63,28,48,10,7.208356975606329,18
207,93,12,84,4,7.171686286545099,8
208,63,12,79,4,7.1114844508040305,8
209,11,13,109,5,7.078888073047802,8
210,86,21,80,9,7.071945289109106,12
211,8,19,25,7,7.0670312514722085,12
212,50,11,48,4,7.05821121395096,7
213,87,30,37,12,6.998523319274806,18
214,93,12,86,4,6.922029970425321,8
215,30,10,28,4,6.887888917999973,6
216,65,12,37,5,6.8663176912939194,7
217,28,25,109,9,6.852391869078999,16
218,80,22,63,8,6.843518885460648,14
219,20,22,106,8,6.829724934902,14
220,11,11,80,4,6.802148460786961,7
221,48,10,108,3,6.749808304712147,7
222,54,37,70,16,6.740686016828507,21
223,96,22,70,11,6.734945499709392,11
224,86,17,104,8,6.722487029251984,9
225,54,12,51,5,6.707099858050083,7
226,46,10,2,4,6.670222065576344,6
227,102,11,114,3,6.658731824235186,8
228,5,16,11,7,6.631509753576113,9
229,54,11,76,4,6.60321190549357,7
230,8,12,91,5,6.5621470286835715,7
231,114,30,107,12,6.527260198734067,18
232,37,35,86,14,6.511717567803917,21
233,74,21,46,8,6.505986127853414,13
234,14,17,28,6,6.462988674713604,11
235,50,10,18,5,6.440154509710169,5
236,34,11,106,4,6.348877012003049,7
237,86,76,96,30,6.329796370249291,46
238,86,12,14,5,6.306786470454386,7
239,50,29,86,13,6.305205067940382,16
240,37,23,106,10,6.288276905479724,13
241,93,14,5,5,6.28136680821021,9
242,86,23,48,9,6.215181955253339,14
243,20,34,37,15,6.136211544699578,19
244,37,17,84,7,6.135362755463087,10
245,96,13,104,5,6.12530872201756,8
246,86,17,82,6,6.124344607685837,11
247,55,10,79,4,6.105260957218084,6
248,76,13,5,5,6.061052091280194,8
249,20,11,90,4,6.045047873910812,7
250,93,14,107,5,6.039464743805432,9
251,25,23,114,11,6.0384808708065965,12
252,109,15,84,6,6.015767126917386,9
253,87,12,46,5,5.996729580761838,7
254,16,28,54,13,5.982292107634971,15
255,98,11,37,5,5.955297599060057,6
256,33,10,11,5,5.887923901561769,5
257,108,11,50,4,5.8529749166500435,7
258,54,23,88,10,5.848729251985922,13
259,50,42,54,18,5.841101522115835,24
260,30,12,96,5,5.827709187189812,7
261,39,14,11,4,5.821131817679595,10
262,96,21,25,9,5.815913112162357,12
263,16,12,108,5,5.770631208900039,7
264,16,13,104,6,5.738168831383315,7
265,84,14,39,6,5.735188058057851,8
266,84,12,9,5,5.723245457590759,7
267,63,20,55,8,5.717328262845937,12
268,5,10,2,4,5.655750547481818,6
269,95,17,86,6,5.641395768359863,11
270,63,11,46,4,5.629323926806442,7
271,38,11,84,5,5.627456024192355,6
272,65,16,106,6,5.613829651583314,10
273,9,12,50,4,5.578106204160814,8
274,84,20,54,8,5.5585130111250916,12
275,93,10,65,4,5.555381975183237,6
276,73,21,8,9,5.53991081191783,12
277,107,16,108,6,5.5146494473296634,10
278,2,11,88,4,5.477658376983315,7
279,46,20,107,7,5.461199830974728,13
280,63,34,96,13,5.39321635342965,21
281,88,14,11,6,5.366648482123659,8
282,28,11,89,4,5.364420032064422,7
283,8,16,51,8,5.31555566891209,8
284,33,11,20,5,5.296216349156301,6
285,16,16,51,8,5.285051160663565,8
286,8,11,100,4,5.278831269681898,7
287,34,12,74,4,5.2395412452934975,8
288,54,19,90,8,5.235966169796198,11
289,5,18,20,8,5.197261457855931,10
290,87,11,95,4,5.184870110841576,7
291,74,26,84,12,5.163735608111026,14
292,96,12,73,6,5.035390942293943,6
293,38,15,86,7,5.020597384796872,8
294,63,15,75,7,5.0013663141315385,8
295,96,21,88,10,4.971318653185928,11
296,8,41,63,18,4.964657756884515,23
297,86,13,35,6,4.963361102394037,7
298,74,13,108,6,4.9091054802012675,7
299,50,52,28,23,4.842006177720463,29
300,28,22,2,9,4.837290355461167,13
301,85,13,86,6,4.833314993475176,7
302,2,16,37,7,4.8263742725719805,9
303,51,14,107,5,4.812684625944082,9
304,107,19,25,8,4.802339370319195,11
305,93,15,54,6,4.753030210073771,9
306,20,12,70,5,4.7525723743767765,7
307,14,15,84,6,4.752366615638507,9
308,16,13,79,6,4.716412220610577,7
309,55,11,9,5,4.690967100580704,6
310,28,11,17,5,4.633008899903921,6
311,28,24,65,11,4.610707424918393,13
312,14,20,8,8,4.574516362462752,12
313,98,24,86,11,4.56301016412544,13
314,55,10,104,5,4.559676497393724,5
315,79,12,8,4,4.5233682313953745,8
316,28,42,84,18,4.506490158254307,24
317,87,10,91,4,4.489603676814871,6
318,63,14,39,6,4.442296520328751,8
319,76,10,98,5,4.379545503881031,5
320,8,23,104,11,4.366753869978742,12
321,106,25,107,10,4.361615918052929,15
322,87,24,74,10,4.3427999466192215,14
323,25,10,46,4,4.282271929171335,6
324,87,27,20,13,4.272216484330465,14
325,28,44,54,18,4.245817693054631,26
326,74,16,37,7,4.227560303926268,9
327,63,17,70,8,4.20425277286591,9
328,84,22,70,9,4.182188769343139,13
329,50,17,16,8,4.1615167602891825,9
330,84,31,106,15,4.157296923791599,16
331,28,13,98,5,4.146799456584137,8
332,51,11,63,5,4.136590143565562,6
333,74,13,50,5,4.131400013417275,8
334,37,12,46,5,4.115895508831177,7
335,84,16,90,7,4.100528600599519,9
336,54,16,95,7,4.0788113560066686,9
337,5,22,54,8,4.058205887373023,14
338,20,30,96,13,4.049587501562743,17
339,11,13,79,7,4.047561716338114,6
340,28,14,95,6,4.040550234811001,8
341,98,16,54,7,4.023186528647164,9
342,37,19,104,8,3.9600514470922974,11
343,86,39,55,17,3.9547678901800314,22
344,88,10,90,4,3.934351625812753,6
345,37,21,96,10,3.919945326141697,11
346,8,49,74,20,3.9082584381867655,29
347,5,24,87,11,3.882697383473866,13
348,74,14,75,7,3.882185213083385,7
349,80,13,55,7,3.844743684805329,6
350,11,21,54,10,3.7939536762394646,11
351,65,24,107,10,3.792460626924312,14
352,86,57,107,27,3.7647946280812086,30
353,114,10,73,5,3.7201211944929797,5
354,28,25,97,10,3.677513402546221,15
355,55,15,5,7,3.6694993091099155,8
356,8,25,84,10,3.6608734975068677,15
357,87,16,65,7,3.6538862860446715,9
358,114,13,37,6,3.6433378901694957,7
359,97,26,96,12,3.5743811494977495,14
360,86,60,84,29,3.5529905844827048,31
361,84,19,48,8,3.5357038968611265,11
362,114,10,65,5,3.507220051485649,5
363,91,15,84,7,3.506943767095505,8
364,74,15,93,7,3.490032682611992,8
365,23,10,107,4,3.4694839628849055,6
366,74,35,5,17,3.4631826103528005,18
367,74,16,25,6,3.449101233224534,10
368,86,57,54,27,3.4390228326623684,30
369,9,14,8,5,3.40854125083978,9
370,55,20,28,7,3.3574009350442156,13
371,20,10,9,4,3.353443346624384,6
372,86,21,46,9,3.3443655545987965,12
373,63,61,86,25,3.3220512619028564,36
374,51,22,28,9,3.3101205733455643,13
375,62,11,86,5,3.301029259605096,6
376,65,20,96,9,3.2670140800116543,11
377,17,12,54,6,3.244378643466575,6
378,37,12,55,6,3.238139723142457,6
379,86,33,90,14,3.1823998863350984,19
380,88,10,97,4,3.158817314054268,6
381,8,20,48,8,3.119996469210726,12
382,97,16,106,8,3.111030579986816,8
383,55,22,84,10,3.089338762612198,12
384,50,32,11,14,3.057719385204221,18
385,86,21,97,10,3.045973490025126,11
386,11,41,86,19,3.042531543148512,22
387,38,13,96,6,3.0422152322461717,7
388,90,10,65,5,3.027765344735429,5
389,5,17,25,7,3.0012144892866135,10
390,109,11,96,5,2.9659646975089258,6
391,95,11,96,5,2.965418433613227,6
392,33,13,28,7,2.9473995278098504,6
393,76,19,8,9,2.941917329794885,10
394,20,12,73,5,2.9374134598402435,7
395,46,31,54,13,2.9305713657717556,18
396,86,11,9,6,2.904091823827273,5
397,84,51,107,24,2.8817889814714346,27
398,8,13,39,7,2.8401059881142556,6
399,96,49,54,24,2.833383930072962,25
400,65,13,88,6,2.8256435057944165,7
401,87,10,80,4,2.824759591911268,6
402,96,31,55,14,2.8188234933181313,17
403,55,20,54,9,2.8062710008984633,11
404,79,15,50,6,2.7998338113931376,9
405,107,38,37,17,2.7932402800230696,21
406,5,26,107,12,2.7744843987311216,14
407,86,20,30,9,2.7676142003206357,11
408,74,32,106,15,2.7612048035475674,17
409,8,29,5,14,2.7350765480594648,15
410,107,40,20,19,2.7059472937253624,21
411,87,12,104,6,2.7052943494990296,6
412,23,12,86,5,2.6913953048637516,7
413,63,35,106,16,2.6816377957713704,19
414,97,11,76,6,2.6606949198631935,5
415,2,25,50,12,2.654728105131012,13
416,104,20,107,10,2.64096932797948,10
417,104,20,5,9,2.6099741111911845,11
418,86,28,25,14,2.604050978134496,14
419,76,11,20,5,2.5901415978136977,6
420,76,17,37,7,2.571764436347988,10
421,8,36,16,16,2.568974389330901,20
422,28,48,106,21,2.5642902894537087,27
423,20,18,35,8,2.5627214829564173,10
424,65,24,20,10,2.556824132597502,14
425,96,12,108,6,2.55336363887327,6
426,39,11,50,4,2.5147259903046506,7
427,74,16,80,8,2.4851777101640504,8
428,106,33,96,15,2.4846554394342033,18
429,54,29,106,14,2.4537860561105083,15
430,76,17,28,7,2.4459980101162073,10
431,39,10,54,5,2.4307020889287747,5
432,65,29,86,13,2.3928055133807304,16
433,54,23,87,12,2.3775325060342167,11
434,8,48,54,24,2.3460039178669154,24
435,8,49,96,22,2.333601925976549,27
436,11,13,35,6,2.2776751536044095,7
437,74,14,97,7,2.2722785511479233,7
438,90,14,16,6,2.2077170317920083,8
439,90,17,87,9,2.20415551274212,8
440,65,18,63,8,2.1987806037470947,10
441,97,15,55,7,2.195224664138417,8
442,96,11,14,5,2.19268862994012,6
443,107,13,38,6,2.179372128477191,7
444,84,13,65,6,2.1773880887408454,7
445,74,14,95,7,2.16071699970709,7
446,50,11,65,6,2.121724673878297,5
447,60,15,90,7,2.117910855592109,8
448,96,19,90,8,2.0975196885604808,11
449,35,12,37,6,2.089032815390569,6
450,75,17,37,6,2.069303836340336,11
451,28,64,96,30,2.0558086605309875,34
452,63,11,38,5,2.0377552699599373,6
453,54,39,107,18,2.0358108882998858,21
454,84,10,35,5,1.9965083140622215,5
455,63,36,107,16,1.9964318492105986,20
456,55,12,90,7,1.9940592194265985,5
457,11,27,63,14,1.9872168297368233,13
458,87,26,84,12,1.980727810420746,14
459,11,20,74,9,1.9548228575807027,11
460,86,55,20,26,1.9408756867597663,29
461,87,16,55,7,1.9404799216015798,9
462,63,22,74,10,1.937202025291982,12
463,87,41,107,19,1.9301722661331329,22
464,86,13,91,6,1.9050846765976825,7
465,62,10,28,5,1.893815032183228,5
466,90,21,107,9,1.8886419684731568,12
467,8,34,70,16,1.8843474596478074,18
468,51,17,87,8,1.8833490464670963,9
469,107,12,34,6,1.8698580351185214,6
470,39,10,28,4,1.8402085394603507,6
471,17,10,65,6,1.8006374195790151,4
472,57,10,8,5,1.79921964760917,5
473,75,12,71,5,1.7934644695786615,7
474,76,22,106,8,1.77118963732772,14
475,86,71,28,33,1.7526730928008658,38
476,75,16,96,6,1.7523391118454663,10
477,16,13,75,6,1.7465772324516469,7
478,88,24,86,9,1.7246485121594402,15
479,8,12,80,5,1.7222815544039995,7
480,85,13,54,6,1.7196059703411017,7
481,37,16,16,7,1.6944166098900912,9
482,8,42,106,21,1.6938761092836299,21
483,74,50,86,24,1.692913603383576,26
484,48,12,55,5,1.6914768408443575,7
485,106,22,55,11,1.6908427299306483,11
486,11,34,8,17,1.683632820533261,17
487,11,18,48,8,1.6285219730934672,10
488,86,55,5,26,1.5983884944683284,29
489,84,18,80,8,1.570942028221592,10
490,9,12,63,5,1.5537368197949128,7
491,8,31,90,14,1.5056548864922348,17
492,20,20,16,9,1.4827356605490611,11
493,74,10,55,5,1.4286826201538882,5
494,102,16,54,7,1.4089469030692696,9
495,106,26,88,11,1.4005785849803014,15
496,20,38,28,17,1.377543749179071,21
497,109,11,73,6,1.3735030211742993,5
498,80,23,28,11,1.3633599598332944,12
499,79,17,28,8,1.3443965025775713,9
500,91,10,5,5,1.3307864414729824,5
501,8,13,10,7,1.3056064594877734,6
502,106,16,48,8,1.2966873109190276,8
503,63,21,97,10,1.2893166339590412,11
504,87,32,63,16,1.2889484863013154,16
505,37,10,91,5,1.2777978287272773,5
506,75,11,84,5,1.2484479349865476,6
507,109,11,87,6,1.2284964497151856,5
508,2,19,86,8,1.2277524355686495,11
509,84,24,50,12,1.2273354450449643,12
510,54,18,80,8,1.2235928560664608,10
511,75,14,50,6,1.2201434901598596,8
512,50,10,34,5,1.2099513767481038,5
513,82,11,28,6,1.1949949841809344,5
514,88,20,16,9,1.1914510987995774,11
515,86,35,16,18,1.1895001610717795,17
516,2,11,84,5,1.1889938819078087,6
517,50,21,87,10,1.1882539867508364,11
518,109,18,54,10,1.1848897439191548,8
519,87,24,28,11,1.16907639186366,13
520,37,19,70,9,1.1674993437115007,10
521,109,13,20,8,1.166118955660283,5
522,96,50,107,23,1.163938588430391,27
523,54,18,65,9,1.1604082904646678,9
524,63,29,5,12,1.1475259512702378,17
525,55,36,8,17,1.1379965404184393,19
526,86,60,87,31,1.1327161641325862,29
527,8,53,28,24,1.1273193466024871,29
528,38,12,37,6,1.1178231471077413,6
529,54,44,20,20,1.1059894419034548,24
530,97,12,70,5,1.0662872633837654,7
531,5,20,88,10,1.027044615892851,10
532,70,20,107,10,1.0170699004269221,10
533,28,39,5,20,1.0101403413858994,19
534,100,14,28,7,0.9692991305888411,7
535,88,18,87,8,0.9656158404233091,10
536,54,23,74,12,0.9317443594507194,11
537,20,14,2,6,0.9201059198292383,8
538,63,22,50,9,0.9200933974891796,13
539,107,14,102,7,0.9168684547097737,7
540,70,17,65,8,0.9099362463379622,9
541,46,13,5,6,0.9003431843350302,7
542,74,17,2,9,0.8667525886050844,8
543,8,36,37,17,0.8494991501155645,19
544,16,43,28,22,0.8311939046576619,21
545,106,11,14,6,0.8292000189715029,5
546,106,54,86,26,0.8287962233523535,28
547,88,22,84,11,0.8257033908889526,11
548,104,13,63,6,0.8244830725629905,7
549,54,14,97,7,0.8042932950440935,7
550,11,42,28,21,0.80002515389246,21
551,86,11,17,6,0.7998063152817568,5
552,71,11,28,6,0.7906121882474628,5
553,11,20,46,10,0.7800389206995956,10
554,106,18,5,8,0.7754718845542204,10
555,65,16,55,7,0.7579567813833229,9
556,28,27,48,13,0.7484805696104432,14
557,88,19,55,9,0.7153400360098916,10
558,28,28,37,14,0.7018800956668295,14
559,104,15,74,7,0.6976407328190338,8
560,5,26,37,11,0.6974574638974004,15
561,107,22,55,11,0.6732864832670306,11
562,2,27,8,13,0.6632475456495832,14
563,5,41,96,20,0.6566491427391816,21
564,106,11,73,5,0.6544320839177008,6
565,8,33,20,16,0.6347510371412081,17
566,28,14,73,7,0.6101482668377957,7
567,46,15,8,7,0.6093189790374431,8
568,74,10,91,5,0.5863595626570582,5
569,74,10,76,6,0.5805497326470934,4
570,2,17,96,8,0.5793042045284421,9
571,50,28,37,14,0.5688425617216251,14
572,51,13,55,7,0.5521554244421191,6
573,84,36,96,19,0.5431287052497142,17
574,11,29,107,15,0.5422665167043693,14
575,114,14,54,6,0.5309174861089083,8
576,16,27,11,14,0.5076788856733216,13
577,98,16,107,8,0.44402585560089136,8
578,65,20,16,9,0.4261404500025613,11
579,88,28,8,13,0.4261239787005276,15
580,63,27,16,13,0.42109162793691096,14
581,84,14,79,8,0.41419542722796737,6
582,37,16,51,9,0.4038062444177477,7
583,76,16,87,8,0.39595996235299813,8
584,87,32,106,16,0.38845028179034213,16
585,74,19,65,9,0.38764465464574593,10
586,28,52,107,27,0.3368468078409395,25
587,106,26,50,12,0.3301801033655424,14
588,55,13,75,8,0.2901701128736263,5
589,9,17,28,7,0.28857106564612295,10
590,100,12,86,7,0.28409428109562196,5
591,8,59,107,30,0.24987353680448204,29
592,76,26,96,12,0.24225869633728628,14
593,80,22,20,11,0.23432520359835018,11
594,11,30,87,16,0.21064944652429082,14
595,107,19,75,11,0.2058755385802943,8
596,74,36,107,18,0.20336218775698894,18
597,96,41,87,21,0.18114836506824772,20
598,48,13,20,7,0.17288062748629193,6
599,11,33,106,17,0.15174923934260073,16
600,88,10,76,4,0.14500962782709123,6
601,76,15,11,7,0.1376774645288651,8
602,8,48,86,23,0.13696655671742933,25
603,8,20,50,8,0.10942463925612352,12
604,80,14,37,7,0.08688615194951728,7
605,11,11,51,6,0.07978822497443648,5
606,109,13,48,7,0.0675018600088535,6
607,35,12,28,6,0.0265085475018972,6
608,102,10,74,5,0.020505233857202043,5
609,28,12,35,6,-0.02650854750189661,6
610,48,13,109,6,-0.0675018600088535,7
611,51,11,11,5,-0.07978822497443616,6
612,37,14,80,7,-0.08688615194951765,7
613,50,20,8,12,-0.10942463925612404,8
614,86,48,8,25,-0.1369665567174293,23
615,76,10,88,6,-0.14500962782709123,4
616,106,33,11,16,-0.15174923934259965,17
617,20,13,48,6,-0.17288062748629165,7
618,87,41,96,20,-0.1811483650682465,21
619,75,19,107,8,-0.20587553858029328,11
620,87,30,11,14,-0.21064944652429057,16
621,20,22,80,11,-0.23432520359835107,11
622,96,26,76,14,-0.24225869633728683,12
623,107,59,8,29,-0.24987353680448193,30
624,86,12,100,5,-0.28409428109562046,7
625,28,17,9,10,-0.2885710656461217,7
626,75,13,55,5,-0.2901701128736252,8
627,50,26,106,14,-0.3301801033655417,12
628,107,52,28,25,-0.33684680784094073,27
629,65,19,74,10,-0.3876446546457469,9
630,106,32,87,16,-0.3884502817903429,16
631,51,16,37,7,-0.40380624441774726,9
632,79,14,84,6,-0.414195427227968,8
633,16,27,63,14,-0.4210916279369104,13
634,8,28,88,15,-0.42612397870052654,13
635,16,20,65,11,-0.4261404500025613,9
636,107,16,98,8,-0.4440258556008927,8
637,54,14,114,8,-0.5309174861089081,6
638,96,36,84,17,-0.5431287052497149,19
639,55,13,51,6,-0.5521554244421188,7
640,37,28,50,14,-0.5688425617216252,14
641,96,17,2,9,-0.5793042045284422,8
642,76,10,74,4,-0.5805497326470934,6
643,91,10,74,5,-0.5863595626570579,5
644,8,15,46,8,-0.6093189790374438,7
645,73,14,28,7,-0.6101482668377952,7
646,20,33,8,17,-0.6347510371412074,16
647,73,11,106,6,-0.6544320839177015,5
648,96,41,5,21,-0.6566491427391822,20
649,8,27,2,14,-0.6632475456495831,13
650,55,22,107,11,-0.6732864832670304,11
651,37,26,5,15,-0.6974574638974013,11
652,74,15,104,8,-0.6976407328190343,7
653,37,28,28,14,-0.7018800956668294,14
654,55,19,88,10,-0.7153400360098918,9
655,48,27,28,14,-0.7484805696104441,13
656,55,16,65,9,-0.7579567813833243,7
657,5,18,106,10,-0.7754718845542194,8
658,46,20,11,10,-0.7800389206995959,10
659,28,11,71,5,-0.7906121882474615,6
660,17,11,86,5,-0.7998063152817575,6
661,28,42,11,21,-0.80002515389246,21
662,97,14,54,7,-0.8042932950440923,7
663,63,13,104,7,-0.824483072562991,6
664,84,22,88,11,-0.825703390888953,11
665,14,11,106,5,-0.8292000189715015,6
666,28,43,16,21,-0.8311939046576624,22
667,37,36,8,19,-0.8494991501155664,17
668,2,17,74,8,-0.8667525886050853,9
669,88,21,20,12,-0.8894129451501082,9
670,5,13,46,7,-0.9003431843350307,6
671,65,17,70,9,-0.9099362463379616,8
672,50,22,63,13,-0.9200933974891797,9
673,2,14,20,8,-0.9201059198292378,6
674,74,23,54,11,-0.931744359450719,12
675,87,18,88,10,-0.9656158404233091,8
676,28,14,100,7,-0.9692991305888405,7
677,5,39,28,19,-1.0101403413859,20
678,107,20,70,10,-1.017069900426923,10
679,88,20,5,10,-1.027044615892851,10
680,70,12,97,7,-1.0662872633837661,5
681,20,44,54,24,-1.1059894419034564,20
682,37,12,38,6,-1.11782314710774,6
683,28,53,8,29,-1.127319346602486,24
684,8,36,55,19,-1.1379965404184398,17
685,5,29,63,17,-1.1475259512702407,12
686,65,18,54,9,-1.1604082904646675,9
687,107,50,96,27,-1.1639385884303914,23
688,20,13,109,5,-1.1661189556602822,8
689,70,19,37,10,-1.1674993437115004,9
690,28,24,87,13,-1.16907639186366,11
691,54,18,109,8,-1.1848897439191548,10
692,87,21,50,11,-1.1882539867508366,10
693,84,11,2,6,-1.1889938819078048,5
694,16,35,86,17,-1.1895001610717801,18
695,16,20,88,11,-1.1914510987995772,9
696,28,11,82,5,-1.1949949841809342,6
697,34,10,50,5,-1.2099513767481056,5
698,50,14,75,8,-1.2201434901598602,6
699,80,18,54,10,-1.2235928560664604,8
700,50,24,84,12,-1.227335445044964,12
701,86,19,2,11,-1.2277524355686478,8
702,87,11,109,5,-1.2284964497151856,6
703,84,11,75,6,-1.2484479349865476,5
704,91,10,37,5,-1.2777978287272767,5
705,63,32,87,16,-1.2889484863013152,16
706,97,21,63,11,-1.2893166339590398,10
707,10,13,8,6,-1.3056064594877719,7
708,5,10,91,5,-1.3307864414729813,5
709,28,17,79,9,-1.3443965025775715,8
710,28,23,80,12,-1.3633599598332946,11
711,73,11,109,5,-1.3735030211742982,6
712,28,38,20,21,-1.3775437491790712,17
713,88,26,106,15,-1.4005785849803014,11
714,54,16,102,9,-1.40894690306927,7
715,55,10,74,5,-1.4286826201538898,5
716,16,20,20,11,-1.482735660549062,9
717,90,31,8,17,-1.5056548864922334,14
718,63,12,9,7,-1.5537368197949135,5
719,80,18,84,10,-1.5709420282215925,8
720,5,55,86,29,-1.5983884944683278,26
721,8,34,11,17,-1.6836328205332602,17
722,55,22,106,11,-1.690842729930649,11
723,55,12,48,7,-1.6914768408443577,5
724,86,50,74,26,-1.692913603383574,24
725,106,42,8,21,-1.6938761092836312,21
726,16,16,37,9,-1.6944166098900917,7
727,54,13,85,7,-1.719605970341104,6
728,80,12,8,7,-1.7222815544039987,5
729,86,24,88,15,-1.7246485121594421,9
730,75,13,16,7,-1.7465772324516466,6
731,96,16,75,10,-1.7523391118454665,6
732,28,71,86,38,-1.7526730928008654,33
733,71,12,75,7,-1.7934644695786608,5
734,8,10,57,5,-1.7992196476091684,5
735,65,10,17,4,-1.8006374195790151,6
736,28,10,39,6,-1.8402085394603511,4
737,34,12,107,6,-1.869858035118521,6
738,87,17,51,9,-1.8833490464670963,8
739,70,34,8,18,-1.8843474596478085,16
740,28,10,62,5,-1.893815032183228,5
741,91,13,86,7,-1.905084676597684,6
742,74,22,63,12,-1.9372020252919817,10
743,55,16,87,9,-1.9404799216015791,7
744,20,55,86,29,-1.9408756867597659,26
745,74,20,11,11,-1.954822857580702,9
746,84,26,87,14,-1.9807278104207477,12
747,63,27,11,13,-1.987216829736823,14
748,90,12,55,5,-1.9940592194265978,7
749,107,36,63,20,-1.9964318492105986,16
750,35,10,84,5,-1.996508314062219,5
751,86,54,106,29,-2.0240272217207607,25
752,107,39,54,21,-2.035810888299886,18
753,38,11,63,6,-2.0377552699599373,5
754,96,64,28,34,-2.055808660530986,30
755,37,17,75,11,-2.069303836340335,6
756,37,12,35,6,-2.0890328153905666,6
757,90,19,96,11,-2.0975196885604803,8
758,90,15,60,8,-2.117910855592109,7
759,65,11,50,5,-2.1217246738782976,6
760,95,14,74,7,-2.160716999707089,7
761,65,13,84,7,-2.1773880887408454,6
762,38,13,107,7,-2.1793721284771914,6
763,14,11,96,6,-2.19268862994012,5
764,55,15,97,8,-2.1952246641384163,7
765,63,18,65,10,-2.198780603747095,8
766,87,17,90,8,-2.20415551274212,9
767,16,14,90,8,-2.2077170317920074,6
768,87,60,86,30,-2.208424062664152,30
769,97,14,74,7,-2.2722785511479224,7
770,35,13,11,7,-2.277675153604409,6
771,96,49,8,27,-2.3336019259765495,22
772,54,48,8,24,-2.346003917866915,24
773,87,23,54,11,-2.3775325060342167,12
774,86,29,65,16,-2.39280551338073,13
775,54,10,39,5,-2.4307020889287743,5
776,28,17,76,10,-2.445998010116208,7
777,106,29,54,15,-2.4537860561105083,14
778,96,33,106,18,-2.4846554394342006,15
779,80,16,74,8,-2.4851777101640518,8
780,107,36,74,19,-2.491393133382504,17
781,50,11,39,7,-2.5147259903046506,4
782,108,12,96,6,-2.5533636388732703,6
783,20,24,65,14,-2.556824132597502,10
784,35,18,20,10,-2.562721482956418,8
785,106,48,28,27,-2.5642902894537083,21
786,16,36,8,20,-2.5689743893309025,16
787,37,17,76,10,-2.5717644363479883,7
788,20,11,76,6,-2.590141597813698,5
789,25,28,86,14,-2.604050978134496,14
790,5,20,104,11,-2.609974111191183,9
791,107,20,104,10,-2.640969327979481,10
792,50,25,2,13,-2.654728105131013,12
793,76,11,97,5,-2.6606949198631926,6
794,106,35,63,19,-2.6816377957713704,16
795,86,12,23,7,-2.6913953048637516,5
796,104,12,87,6,-2.7052943494990296,6
797,20,40,107,21,-2.7059472937253615,19
798,5,29,8,15,-2.735076548059466,14
799,14,12,107,6,-2.752826564735613,6
800,106,32,74,17,-2.7612048035475665,15
801,30,20,86,11,-2.7676142003206357,9
802,107,29,11,15,-2.767869065390371,14
803,107,26,5,14,-2.7744843987311234,12
804,37,38,107,21,-2.7932402800230713,17
805,50,15,79,9,-2.7998338113931363,6
806,54,20,55,11,-2.8062710008984615,9
807,55,31,96,17,-2.8188234933181313,14
808,80,10,87,6,-2.824759591911268,4
809,88,13,65,7,-2.825643505794417,6
810,54,49,96,25,-2.8333839300729595,24
811,39,13,8,6,-2.840105988114255,7
812,107,51,84,27,-2.8817889814714355,24
813,11,27,16,14,-2.8981408824101362,13
814,9,11,86,5,-2.9040918238272733,6
815,54,31,46,18,-2.9305713657717556,13
816,73,12,20,7,-2.9374134598402435,5
817,8,19,76,10,-2.941917329794886,9
818,28,13,33,6,-2.947399527809851,7
819,96,11,95,6,-2.9654184336132263,5
820,96,11,109,6,-2.965964697508925,5
821,25,17,5,10,-3.0012144892866126,7
822,65,10,90,5,-3.027765344735429,5
823,20,21,88,10,-3.032925818779347,11
824,96,13,38,7,-3.0422152322461713,6
825,97,21,86,11,-3.045973490025126,10
826,11,32,50,18,-3.0577193852042224,14
827,84,22,55,12,-3.089338762612198,10
828,106,16,97,8,-3.1110305799868163,8
829,107,12,14,7,-3.1146710636183896,5
830,48,20,8,12,-3.119996469210726,8
831,97,10,88,6,-3.1588173140542675,4
832,90,33,86,19,-3.1823998863350966,14
833,55,12,37,6,-3.2381397231424565,6
834,54,12,17,6,-3.2443786434665753,6
835,96,20,65,11,-3.2670140800116547,9
836,86,11,62,6,-3.3010292596050945,5
837,28,22,51,13,-3.310120573345564,9
838,86,61,63,36,-3.3220512619028586,25
839,46,21,86,12,-3.3443655545987965,9
840,9,10,20,6,-3.353443346624384,4
841,28,20,55,13,-3.3574009350442124,7
842,8,14,9,9,-3.4085412508397837,5
843,54,57,86,30,-3.439022832662367,27
844,25,16,74,10,-3.449101233224533,6
845,5,35,74,18,-3.4631826103528005,17
846,107,10,23,6,-3.4694839628849055,4
847,93,15,74,8,-3.4900326826119916,7
848,107,41,87,23,-3.504378946911036,18
849,84,15,91,8,-3.5069437670955055,7
850,65,10,114,5,-3.5072200514856506,5
851,48,19,84,11,-3.535703896861128,8
852,84,60,86,31,-3.5529905844827057,29
853,96,26,97,14,-3.5743811494977504,12
854,37,13,114,7,-3.643337890169496,6
855,65,16,87,9,-3.6538862860446715,7
856,84,25,8,15,-3.6608734975068673,10
857,5,15,55,8,-3.669499309109916,7
858,97,25,28,15,-3.6775134025462215,10
859,73,10,114,5,-3.7201211944929797,5
860,107,57,86,30,-3.764794628081207,27
861,107,24,65,14,-3.792460626924312,10
862,54,21,11,11,-3.7939536762394646,10
863,55,13,80,6,-3.8447436848053296,7
864,75,14,74,7,-3.882185213083385,7
865,87,24,5,13,-3.8826973834738676,11
866,74,49,8,29,-3.908258438186764,20
867,96,21,37,11,-3.919945326141697,10
868,90,10,88,6,-3.9343516258127544,4
869,55,39,86,22,-3.9547678901800305,17
870,104,19,37,11,-3.960051447092295,8
871,54,16,98,9,-4.023186528647163,7
872,95,14,28,8,-4.040550234811,6
873,79,13,11,6,-4.047561716338114,7
874,96,30,20,17,-4.049587501562743,13
875,54,22,5,14,-4.058205887373023,8
876,95,16,54,9,-4.078811356006668,7
877,90,16,84,9,-4.100528600599519,7
878,46,12,37,7,-4.1158955088311755,5
879,50,13,74,8,-4.1314000134172755,5
880,63,11,51,6,-4.13659014356556,5
881,98,13,28,8,-4.1467994565841355,5
882,106,31,84,16,-4.1572969237916,15
883,16,17,50,9,-4.161516760289184,8
884,70,22,84,13,-4.182188769343141,9
885,70,17,63,9,-4.20425277286591,8
886,37,16,74,9,-4.227560303926268,7
887,54,44,28,26,-4.245817693054632,18
888,20,27,87,14,-4.27221648433046,13
889,46,10,25,6,-4.282271929171334,4
890,74,24,87,14,-4.342799946619222,10
891,104,23,8,12,-4.3667538699787425,11
892,98,10,76,5,-4.379545503881031,5
893,87,16,76,9,-4.429864581846375,7
894,11,15,76,9,-4.440509058655133,6
895,39,14,63,8,-4.442296520328752,6
896,91,10,87,6,-4.4896036768148715,4
897,84,42,28,24,-4.50649015825431,18
898,8,12,79,8,-4.523368231395376,4
899,104,10,55,5,-4.559676497393727,5
900,86,24,98,13,-4.5630101641254415,11
901,8,20,14,12,-4.5745163624627505,8
902,65,24,28,13,-4.610707424918392,11
903,86,41,11,23,-4.616738223926415,18
904,17,11,28,6,-4.63300889990392,5
905,9,11,55,6,-4.690967100580704,5
906,106,22,76,15,-4.704938451504721,7
907,79,13,16,7,-4.716412220610577,6
908,84,15,14,9,-4.752366615638507,6
909,70,12,20,7,-4.75257237437678,5
910,54,15,93,9,-4.753030210073771,6
911,25,19,107,11,-4.802339370319193,8
912,107,14,51,9,-4.812684625944084,5
913,37,16,2,9,-4.8263742725719805,7
914,86,13,85,7,-4.833314993475175,6
915,2,22,28,13,-4.837290355461167,9
916,28,52,50,29,-4.842006177720464,23
917,108,13,74,7,-4.90910548020127,6
918,35,13,86,7,-4.963361102394038,6
919,63,41,8,23,-4.964657756884514,18
920,88,21,96,11,-4.971318653185927,10
921,75,15,63,8,-5.001366314131536,7
922,86,15,38,8,-5.020597384796871,7
923,73,12,96,6,-5.035390942293941,6
924,84,26,74,14,-5.163735608111025,12
925,95,11,87,7,-5.184870110841573,4
926,20,18,5,10,-5.197261457855931,8
927,48,18,11,11,-5.21421496819869,7
928,90,19,54,11,-5.235966169796197,8
929,74,12,34,8,-5.239541245293498,4
930,100,11,8,7,-5.278831269681899,4
931,51,16,16,8,-5.285051160663567,8
932,20,11,33,6,-5.2962163491563015,5
933,51,16,8,8,-5.315555668912091,8
934,48,16,106,9,-5.330591930412405,7
935,89,11,28,7,-5.3644200320644195,4
936,11,14,88,8,-5.366648482123658,6
937,96,34,63,21,-5.39321635342965,13
938,107,20,46,13,-5.461199830974728,7
939,88,11,2,7,-5.477658376983314,4
940,108,16,107,10,-5.514649447329664,6
941,102,14,107,8,-5.527045162702203,6
942,8,21,73,12,-5.539910811917831,9
943,65,10,93,6,-5.555381975183239,4
944,54,20,84,12,-5.558513011125089,8
945,50,12,9,8,-5.578106204160814,4
946,106,16,65,10,-5.613829651583315,6
947,84,11,38,6,-5.627456024192355,5
948,46,11,63,7,-5.629323926806441,4
949,86,17,95,11,-5.641395768359862,6
950,2,10,5,6,-5.6557505474818175,4
951,55,20,63,12,-5.717328262845937,8
952,9,12,84,7,-5.723245457590759,5
953,39,14,84,8,-5.735188058057851,6
954,104,13,16,7,-5.738168831383316,6
955,108,12,16,7,-5.770631208900042,5
956,107,21,90,13,-5.81098073240261,8
957,25,21,96,12,-5.815913112162358,9
958,11,14,39,10,-5.821131817679595,4
959,96,12,30,7,-5.827709187189811,5
960,54,42,50,24,-5.8411015221158396,18
961,88,23,54,13,-5.848729251985923,10
962,50,11,108,7,-5.852974916650042,4
963,11,10,33,5,-5.887923901561768,5
964,37,11,98,6,-5.955297599060059,5
965,54,28,16,15,-5.982292107634971,13
966,46,12,87,7,-5.996729580761838,5
967,84,15,109,9,-6.015767126917385,6
968,114,23,25,12,-6.038480870806596,11
969,5,13,76,8,-6.061052091280193,5
970,79,10,55,6,-6.105260957218082,4
971,82,17,86,11,-6.124344607685839,6
972,104,13,96,8,-6.125308722017562,5
973,84,17,37,10,-6.135362755463087,7
974,37,34,20,19,-6.136211544699574,15
975,48,23,86,14,-6.215181955253337,9
976,5,14,93,9,-6.281366808210213,5
977,106,23,37,13,-6.288276905479725,10
978,86,29,50,16,-6.30520506794038,13
979,96,76,86,46,-6.3297963702492925,30
980,106,11,34,7,-6.348877012003049,4
981,18,10,50,5,-6.440154509710172,5
982,28,17,14,11,-6.462988674713606,6
983,46,21,74,13,-6.505986127853413,8
984,86,35,37,21,-6.511717567803918,14
985,107,30,114,18,-6.527260198734067,12
986,91,12,8,7,-6.562147028683572,5
987,76,11,54,7,-6.60321190549357,4
988,11,16,5,9,-6.631509753576111,7
989,114,11,102,8,-6.658731824235187,3
990,2,10,46,6,-6.670222065576342,4
991,51,12,54,7,-6.707099858050083,5
992,104,17,86,9,-6.722487029251985,8
993,70,22,96,11,-6.734945499709392,11
994,70,37,54,21,-6.740686016828504,16
995,108,10,48,7,-6.749808304712144,3
996,80,11,11,7,-6.802148460786961,4
997,106,22,20,14,-6.829724934902,8
998,63,22,80,14,-6.84351888546065,8
999,109,25,28,16,-6.852391869079001,9
1000,37,12,65,7,-6.8663176912939194,5
1001,28,10,30,6,-6.887888917999973,4
1002,86,12,93,8,-6.922029970425322,4
1003,37,30,87,18,-6.998523319274807,12
1004,107,25,106,16,-7.050885664381847,9
1005,48,11,50,7,-7.058211213950958,4
1006,25,19,8,12,-7.06703125147221,7
1007,80,21,86,12,-7.071945289109108,9
1008,109,13,11,8,-7.078888073047802,5
1009,79,12,63,8,-7.1114844508040305,4
1010,84,12,93,8,-7.171686286545099,4
1011,48,28,63,18,-7.208356975606329,10
1012,75,19,28,11,-7.22576760720638,8
1013,107,22,48,13,-7.3302788653741935,9
1014,25,15,102,10,-7.370724163994214,5
1015,8,16,102,10,-7.376211425683789,6
1016,75,23,86,13,-7.383233127537556,10
1017,25,11,63,7,-7.385187766970543,4
1018,96,10,7,7,-7.456970205866161,3
1019,84,17,16,10,-7.471140311704607,7
1020,70,19,28,11,-7.544208909658003,8
1021,107,10,85,6,-7.595499375056905,4
1022,80,22,96,14,-7.6325568595370585,8
1023,108,10,55,6,-7.6603824871739565,4
1024,50,13,76,9,-7.685614095381234,4
1025,70,14,76,9,-7.7067801731883225,5
1026,106,10,79,6,-7.723339908977311,4
1027,28,23,46,16,-7.750583309014615,7
1028,79,20,48,12,-7.7777328666170344,8
1029,70,15,5,9,-7.800041984653825,6
1030,96,14,114,9,-7.889762565328155,5
1031,106,24,80,15,-7.94893708145332,9
1032,34,12,96,8,-7.949755484984076,4
1033,28,13,93,9,-7.977780890104037,4
1034,96,19,102,12,-7.995631160966494,7
1035,91,18,28,11,-8.014570368036852,7
1036,74,20,73,13,-8.015220364277019,7
1037,102,19,28,11,-8.029114224243866,8
1038,76,17,63,12,-8.029454753014045,5
1039,48,14,16,8,-8.053586068768565,6
1040,84,15,51,10,-8.053726497867302,5
1041,51,26,86,15,-8.062447213774558,11
1042,107,16,76,10,-8.078268794170352,6
1043,88,20,63,12,-8.08784367057243,8
1044,65,14,80,9,-8.117894882236024,5
1045,108,12,86,7,-8.204205290543772,5
1046,37,15,97,9,-8.227995174488175,6
1047,74,10,102,6,-8.25741663810906,4
1048,28,23,104,16,-8.263117976207365,7
1049,70,26,86,15,-8.43107057555043,11
1050,107,10,57,6,-8.46673756025304,4
1051,96,33,74,21,-8.474831991428166,12
1052,28,37,63,24,-8.498167965188095,13
1053,88,17,50,10,-8.503859481033006,7
1054,96,25,50,16,-8.534707794331519,9
1055,114,17,86,10,-8.541327271410411,7
1056,5,17,16,11,-8.545043507377798,6
1057,114,10,90,6,-8.560822077428913,4
1058,87,40,8,26,-8.572049681412183,14
1059,87,10,102,7,-8.61362310955975,3
1060,107,18,91,12,-8.785801812136052,6
1061,107,12,71,8,-8.85340822050049,4
1062,20,18,11,13,-8.87279931653183,5
1063,95,10,5,7,-8.888673428502386,3
1064,5,10,102,6,-8.925191423638344,4
1065,5,21,50,12,-8.973488261087855,9
1066,70,12,88,8,-9.079962845683914,4
1067,107,15,97,9,-9.103059896742112,6
1068,28,21,88,14,-9.173292677246712,7
1069,25,18,28,12,-9.180057505287667,6
1070,8,15,30,10,-9.185211827951933,5
1071,16,10,2,7,-9.214178381730255,3
1072,65,11,2,8,-9.274625860779656,3
1073,5,13,97,9,-9.29611525828206,4
1074,63,14,108,9,-9.298531248541147,5
1075,80,13,90,9,-9.30675268400111,4
1076,20,25,63,15,-9.320091766955514,10
1077,63,18,37,12,-9.357395059366917,6
1078,2,18,63,11,-9.42432372295896,7
1079,2,13,87,8,-9.430732046556471,5
1080,51,14,20,8,-9.477293220680318,6
1081,8,13,95,8,-9.502751434643129,5
1082,87,12,79,9,-9.532024747647966,3
1083,18,10,28,6,-9.538088324550174,4
1084,5,13,73,8,-9.6154675420233,5
1085,106,14,98,9,-9.701360201061403,5
1086,107,27,50,17,-9.72299397110463,10
1087,55,18,16,12,-9.733018432439058,6
1088,70,17,106,10,-9.772908373637206,7
1089,84,22,20,16,-9.790302500691977,6
1090,79,23,86,15,-9.865377107457421,8
1091,96,17,51,11,-9.900170566840332,6
1092,106,13,2,8,-9.919015199493714,5
1093,76,20,86,13,-9.940010233613185,7
1094,63,16,98,10,-9.99737377528037,6
1095,74,11,90,8,-10.005531313326735,3
1096,75,14,106,7,-10.013304733371458,7
1097,102,11,109,7,-10.030166218885235,4
1098,70,12,55,8,-10.141434019068976,4
1099,37,15,90,10,-10.174182725049683,5
1100,93,14,87,9,-10.257204602761988,5
1101,96,37,16,26,-10.284315397893868,11
1102,75,11,46,8,-10.358241612595513,3
1103,5,17,114,11,-10.36950229434097,6
1104,50,16,90,11,-10.406651686467333,5
1105,96,22,48,15,-10.412031756955415,7
1106,8,14,75,10,-10.634775722140729,4
1107,5,20,90,14,-10.678407751484231,6
1108,20,23,50,14,-10.679903465549344,9
1109,98,11,50,8,-10.691401226426704,3
1110,8,17,93,11,-10.695055361243913,6
1111,25,11,97,7,-10.706492708864031,4
1112,106,18,90,12,-10.722647291777667,6
1113,107,24,2,17,-10.773087625494988,7
1114,70,15,74,9,-10.825825286716226,6
1115,16,13,30,9,-10.88272905219503,4
1116,8,13,109,8,-10.964382741158794,5
1117,104,16,106,11,-10.9858576113729,5
1118,37,13,17,8,-11.050794076406762,5
1119,114,12,50,8,-11.20297857698265,4
1120,109,11,50,8,-11.21767101593788,3
1121,86,12,69,8,-11.221927430915741,4
1122,107,26,88,18,-11.241329164111953,8
1123,104,10,54,7,-11.25199412047397,3
1124,87,18,48,12,-11.267245216521085,6
1125,84,19,11,13,-11.37372999446702,6
1126,37,18,11,13,-11.3827289769088,5
1127,114,18,28,11,-11.571094203781072,7
1128,98,10,91,7,-11.6111736728835,3
1129,97,13,2,9,-11.663957871857763,4
1130,107,15,80,12,-11.678062977381893,3
1131,14,12,86,8,-11.685325963112222,4
1132,5,11,109,7,-11.832394491701884,4
1133,88,10,95,7,-11.838381077895013,3
1134,109,17,86,13,-11.844463141455284,4
1135,55,10,76,8,-11.845869320079572,2
1136,104,12,88,8,-11.911529882206116,4
1137,74,21,20,15,-11.921568344616231,6
1138,107,14,93,10,-11.922972889699613,4
1139,87,10,30,7,-11.954020606538128,3
1140,96,11,85,8,-12.207174001404555,3
1141,74,11,51,8,-12.350755204498363,3
1142,96,38,11,26,-12.433764526276038,12
1143,107,17,73,11,-12.476279417058619,6
1144,39,10,86,6,-12.521968554365154,4
1145,102,12,50,7,-12.613397644799397,5
1146,96,23,98,15,-12.672735601907378,8
1147,87,10,98,7,-12.766560909926936,3
1148,73,16,86,10,-12.90546934044994,6
1149,54,38,63,27,-12.927281881197459,11
1150,20,11,114,8,-12.975045668551978,3
1151,107,23,16,17,-12.980459438572407,6
1152,8,13,97,9,-13.031573471749281,4
1153,107,10,17,7,-13.095515887019285,3
1154,14,10,80,6,-13.097202558791372,4
1155,106,27,16,20,-13.116027648662739,7
1156,54,19,48,13,-13.122325082638987,6
1157,114,12,8,9,-13.156006947096623,3
1158,109,10,114,8,-13.187151994977205,2
1159,91,10,16,7,-13.247386679926667,3
1160,76,10,84,7,-13.371791794476115,3
1161,28,11,69,7,-13.387342269628983,4
1162,11,25,55,19,-13.485189958967283,6
1163,84,18,5,13,-13.492491984016144,5
1164,90,11,20,8,-13.533149150503409,3
1165,86,19,102,15,-13.624697742718615,4
1166,46,24,88,18,-13.650052567359646,6
1167,84,12,46,9,-13.97403398222274,3
1168,8,13,71,9,-13.992705985768803,4
1169,48,10,90,7,-14.062301149493257,3
1170,25,16,37,11,-14.29691822086593,5
1171,28,12,34,9,-14.433851353414235,3
1172,107,11,95,8,-14.460264509685395,3
1173,63,11,14,7,-14.53302527333945,4
1174,84,33,63,23,-14.557123158417973,10
1175,35,11,80,8,-14.578551377058158,3
1176,28,23,74,17,-14.602487166516607,6
1177,87,34,16,24,-14.665355259552404,10
1178,65,11,8,8,-14.67711948639893,3
1179,96,16,46,10,-14.744941109171661,6
1180,109,13,63,10,-14.866102829084163,3
1181,50,12,80,10,-14.926124931290454,2
1182,96,12,91,9,-15.083901067533665,3
1183,70,14,87,10,-15.120817685915842,4
1184,90,14,73,10,-15.18129739743865,4
1185,70,16,2,11,-15.20234077608459,5
1186,37,11,73,7,-15.237735204111459,4
1187,11,10,93,8,-15.321419061771829,2
1188,46,10,16,7,-15.615390213809864,3
1189,9,11,48,8,-15.643745764186933,3
1190,98,11,8,9,-15.962593668325574,2
1191,54,24,37,17,-16.03430293245744,7
1192,23,10,106,7,-16.05394351537058,3
1193,70,13,11,10,-16.32604658673946,3
1194,20,11,91,8,-16.614550431285505,3
1195,63,12,90,9,-16.840668609829063,3
1196,86,12,41,10,-16.916591977189356,2
1197,54,10,73,8,-17.106743436572103,2
1198,87,11,34,8,-17.33811535027782,3
1199,74,22,16,17,-17.47013856072432,5
1200,35,13,107,11,-17.620728555906968,2
1201,98,12,11,9,-17.79113396344492,3
1202,28,23,90,18,-17.842079516061677,5
1203,57,10,88,7,-18.036088584555035,3
1204,98,11,16,8,-18.093280468518255,3
1205,91,17,63,13,-18.120595699414864,4
1206,25,11,11,9,-18.268065492344633,2
1207,70,10,50,7,-18.669208398142956,3
1208,112,14,28,11,-19.249826897720947,3
1209,54,13,2,11,-19.75997048475248,2
1210,25,11,20,9,-19.987918292379536,2
1211,66,10,107,8,-20.152222817707916,2
1212,55,18,50,14,-21.38404284403115,4
1213,96,13,93,11,-21.644278578741655,2
1214,51,10,34,9,-22.213174768846976,1
1215,109,12,88,11,-22.620146016522725,1
1216,54,12,100,10,-23.111299810651477,2
1217,35,13,76,10,-24.45415726080802,3
1218,35,10,48,9,-25.15519793083891,1
1219,54,11,30,10,-25.713620235434703,1
1220,37,11,88,10,-27.057249327206794,1
1221,107,12,30,11,-27.89865943808827,1
