,againstHero,games,hero,losses,shift,wins
0,3,10,39,0,28.725074023896866,10
1,27,11,9,2,28.097384100654775,9
2,63,10,36,1,27.34781964117815,9
3,48,10,35,1,25.155197930838906,9
4,44,10,55,2,23.361076236430034,8
5,10,10,28,1,23.03135332069283,9
6,14,12,55,1,22.798222840334336,11
7,69,13,106,2,22.73676173529586,11
8,34,10,51,1,22.213174768846972,9
9,38,11,97,1,22.176359713839886,10
10,86,12,52,2,21.816288972743816,10
11,75,12,77,2,21.65697550735631,10
12,100,14,65,2,21.601550893299844,12
13,2,12,51,3,21.189478139807612,9
14,57,11,13,3,20.619945240208803,8
15,114,10,39,2,20.217263961166076,8
16,55,16,33,3,20.174007528343807,13
17,107,10,66,2,20.152222817707916,8
18,37,10,77,2,20.07663336239138,8
19,109,11,39,1,19.91522037296725,10
20,95,12,32,2,19.760326388824463,10
21,8,10,36,2,19.67001199910236,8
22,27,11,109,2,19.589550007720504,9
23,15,16,39,3,19.411328140872982,13
24,99,14,18,3,19.290873438644514,11
25,28,14,112,3,19.249826897720943,11
26,104,13,91,1,19.168888324804982,12
27,48,12,5,2,19.15405252867682,10
28,77,14,50,2,18.9601043763584,12
29,2,10,11,2,18.923084797888755,8
30,90,26,28,5,18.776580206085537,21
31,44,10,5,2,18.758661413857347,8
32,98,10,46,3,18.66966202924449,7
33,5,10,18,2,18.464269170029823,8
34,114,21,109,4,18.30576563543077,17
35,71,10,54,2,18.201053620067494,8
36,27,12,60,2,18.166981128470482,10
37,26,11,86,2,18.01144379039894,9
38,8,12,77,3,17.994666569137156,9
39,100,12,39,3,17.749728851184297,9
40,16,14,77,3,17.677083033460956,11
41,23,10,18,3,17.633825837607823,7
42,16,10,67,2,17.493350405648194,8
43,34,11,87,3,17.338115350277818,8
44,35,10,106,3,17.319051156851785,7
45,40,11,17,2,17.086573002444847,9
46,30,11,18,2,17.068354015610023,9
47,27,21,5,6,17.02393852387809,15
48,10,11,86,3,16.95145578080744,8
49,30,17,5,3,16.83586234693501,14
50,41,14,5,5,16.723825478761608,9
51,95,22,51,5,16.72246844187223,17
52,16,15,76,4,16.696805142201285,11
53,86,10,103,3,16.57051549779981,7
54,63,11,35,3,16.493810387811518,8
55,11,25,25,5,16.429746187224733,20
56,60,15,50,4,16.23078469019145,11
57,69,13,88,3,16.183753216746744,10
58,73,10,16,3,16.163676933136152,7
59,17,10,71,3,16.133957382191333,7
60,76,20,51,4,16.059816015696757,16
61,114,13,13,4,16.046310047093424,9
62,90,13,51,2,16.04402323126696,11
63,95,21,11,5,16.006249051562754,16
64,13,16,83,4,15.934926256250733,12
65,67,14,106,4,15.86890640221611,10
66,88,13,29,4,15.850906570917441,9
67,99,18,39,4,15.84878961626863,14
68,14,12,63,4,15.759973477645744,8
69,34,10,17,2,15.75126461275924,8
70,93,16,96,4,15.733194627661211,12
71,80,12,35,3,15.72406211872363,9
72,80,16,50,3,15.718368557038913,13
73,23,16,5,4,15.598001372374195,12
74,99,15,28,4,15.590204088651856,11
75,73,11,87,2,15.55795672641622,9
76,104,18,2,6,15.503443707499333,12
77,90,12,97,4,15.449883037579115,8
78,49,14,25,4,15.43786379260084,10
79,37,11,60,3,15.345188265922372,8
80,7,11,99,3,15.3158743249674,8
81,65,11,36,3,15.30988495336738,8
82,67,11,97,2,15.281658756670776,9
83,114,16,83,4,15.254612667104073,12
84,71,21,86,5,15.209148887501426,16
85,89,12,107,3,15.163906699283089,9
86,80,11,70,2,15.1572772977841,9
87,25,12,68,3,15.123026568597203,9
88,48,12,9,3,15.097519161061681,9
89,91,12,96,3,15.083901067533665,9
90,41,11,97,2,15.02369323138218,9
91,25,18,99,5,15.014737107768298,13
92,50,15,46,5,14.990794174346137,10
93,77,12,88,3,14.977617068976796,9
94,32,13,106,3,14.741977351969275,10
95,7,20,77,6,14.700418403991577,14
96,30,12,46,3,14.658819133979227,9
97,7,18,5,5,14.615769591051182,13
98,50,12,99,4,14.581629542155014,8
99,34,11,8,3,14.575309413686806,8
100,91,15,60,5,14.562242957258865,10
101,48,24,54,7,14.535603927866184,17
102,73,12,37,4,14.533349572792922,8
103,16,13,32,4,14.531367270350456,9
104,73,10,2,3,14.457830254043136,7
105,100,20,54,6,14.454126910452931,14
106,89,10,74,3,14.4466828072844,7
107,95,11,30,4,14.445403657605016,7
108,114,23,106,7,14.366848050849034,16
109,34,15,28,4,14.366739527209466,11
110,40,10,83,2,14.347262135245902,8
111,98,20,87,5,14.341598859003094,15
112,70,11,23,3,14.340829685314839,8
113,46,11,102,3,14.30749471315205,8
114,34,12,37,3,14.30057126443514,9
115,30,11,11,3,14.29951613613078,8
116,8,13,41,3,14.27737136440816,10
117,75,25,7,6,14.276550257310275,19
118,14,10,97,2,14.259112129654318,8
119,7,33,25,8,14.17922434709996,25
120,74,19,60,6,14.155436372823559,13
121,32,12,88,4,14.106761757299536,8
122,7,28,87,7,14.106573970497982,21
123,40,19,55,4,14.099103719141628,15
124,80,22,107,5,14.09405320209342,17
125,100,15,88,4,14.04956823717941,11
126,76,20,35,7,13.96733759196386,13
127,87,17,91,4,13.92840180214569,13
128,23,11,83,3,13.9232349355535,8
129,11,13,83,3,13.863860744018647,10
130,100,21,51,8,13.816816739386772,13
131,33,13,50,4,13.8066594696148,9
132,93,12,46,3,13.65474091099076,9
133,70,10,64,3,13.634358442139632,7
134,68,18,53,5,13.627830006911765,13
135,107,17,99,5,13.582126995646107,12
136,27,13,63,5,13.551940945126718,8
137,6,14,7,6,13.543929448931385,8
138,74,11,103,3,13.53565105452587,8
139,93,10,90,3,13.452391800759148,7
140,51,11,10,3,13.446955688168293,8
141,50,15,70,5,13.44110105599258,10
142,25,12,32,5,13.427877456338663,7
143,30,21,39,6,13.42696028846743,15
144,8,13,40,4,13.4145759843304,9
145,100,11,55,4,13.383239409595307,7
146,18,11,37,3,13.371391730474068,8
147,34,11,20,3,13.36206244645375,8
148,16,18,83,5,13.351235477213141,13
149,95,18,17,5,13.342671111008823,13
150,107,12,53,3,13.327017045676342,9
151,65,10,33,3,13.314880602814076,7
152,75,25,5,9,13.227746160072009,16
153,87,11,33,3,13.22203468303232,8
154,62,12,63,4,13.174816238245654,8
155,69,14,28,5,13.159247509741927,9
156,106,22,23,8,13.153130773031103,14
157,60,11,9,3,13.146052849508685,8
158,106,19,91,4,13.115643186389448,15
159,57,22,107,7,13.099281826721857,15
160,80,10,14,4,13.097202558791373,6
161,11,13,18,4,13.094881521032239,9
162,41,11,109,2,13.035896667414123,9
163,34,11,25,3,12.978396480778377,8
164,16,15,94,4,12.969401282348118,11
165,16,55,39,17,12.952005337101408,38
166,95,27,37,7,12.921122211679824,20
167,49,11,77,3,12.92036615088008,8
168,57,22,16,7,12.918311642986259,15
169,13,14,36,4,12.908900654099,10
170,40,22,77,6,12.904839091751661,16
171,78,10,96,3,12.899686199305037,7
172,104,15,71,5,12.790892712888178,10
173,102,16,55,5,12.774824407782457,11
174,41,25,86,6,12.747882514215268,19
175,28,10,52,3,12.725624774771763,7
176,30,11,77,3,12.627749719644049,8
177,57,27,5,8,12.572003913811171,19
178,71,16,97,5,12.555483253298778,11
179,102,30,5,10,12.54926139668405,20
180,2,10,40,3,12.538938846391357,7
181,15,10,50,3,12.479053092203714,7
182,38,12,106,5,12.468362041882083,7
183,11,38,96,12,12.43376452627604,26
184,100,16,87,6,12.425189483620699,10
185,55,13,23,5,12.384564492570101,8
186,15,14,18,4,12.378616632845896,10
187,8,11,1,3,12.329208893104186,8
188,2,15,54,4,12.306524573726035,11
189,109,14,34,5,12.291212343288572,9
190,106,16,18,6,12.222089952192754,10
191,13,11,62,4,12.173223344923738,7
192,16,13,1,3,12.163423446439076,10
193,90,15,104,5,12.15736870976491,10
194,2,22,70,8,12.153236389251056,14
195,5,24,98,8,11.989855689002855,16
196,49,18,104,6,11.962718506463766,12
197,11,22,84,7,11.957437378814483,15
198,97,38,37,12,11.95034053539652,26
199,73,16,90,5,11.917606166791595,11
200,93,13,11,3,11.901577910299338,10
201,64,11,40,3,11.881688706602604,8
202,104,33,46,11,11.841714895705282,22
203,11,20,70,6,11.792116726498547,14
204,8,17,15,6,11.780660660956793,11
205,73,19,107,7,11.762643271727162,12
206,60,15,4,5,11.761179892616122,10
207,77,15,51,5,11.759193995143828,10
208,48,10,51,4,11.705725037939857,6
209,76,20,107,6,11.696253994184996,14
210,57,13,63,5,11.67022671873631,8
211,90,16,63,5,11.66300690274577,11
212,114,11,2,3,11.567668937733664,8
213,74,15,76,6,11.544600382799558,9
214,74,31,28,10,11.526159046117094,21
215,17,11,60,4,11.523239199910632,7
216,89,11,16,4,11.513369601889393,7
217,37,14,27,4,11.378309035824227,10
218,80,30,63,9,11.377551941304597,21
219,7,20,36,7,11.347268895381193,13
220,48,23,96,7,11.32304165734682,16
221,98,26,96,9,11.315795357847566,17
222,80,10,79,4,11.30670069299901,6
223,80,10,5,3,11.295210617596885,7
224,9,11,68,3,11.278741701988276,8
225,63,14,77,4,11.259828408243738,10
226,90,12,48,4,11.252381363492233,8
227,88,31,104,9,11.242424686867238,22
228,79,13,87,3,11.211504341364096,10
229,86,10,112,3,11.167307681837226,7
230,7,24,53,7,11.156811537750913,17
231,16,16,31,6,11.152534575535462,10
232,51,10,91,3,11.134030582434093,7
233,108,10,87,3,11.133663289740909,7
234,74,13,32,4,11.101664191982366,9
235,6,10,107,3,11.069549745970512,7
236,110,18,25,5,11.063714709672922,13
237,76,21,55,6,11.060383237071557,15
238,34,13,5,3,11.055394545543235,10
239,99,11,11,4,11.04788337752713,7
240,46,19,96,8,11.04431019266856,11
241,7,28,40,9,11.034473812986088,19
242,98,10,40,4,11.010186531894902,6
243,13,31,88,9,10.97112160393582,22
244,73,17,5,6,10.907383059794872,11
245,100,11,46,4,10.904685887838546,7
246,43,14,5,5,10.84111992153788,9
247,30,19,54,6,10.830949355612654,13
248,48,25,107,9,10.827629447931269,16
249,80,11,88,4,10.820834504420485,7
250,75,33,50,10,10.804883235233362,23
251,98,22,63,8,10.75970205191674,14
252,30,14,13,4,10.738595010557942,10
253,64,10,60,3,10.721076557757332,7
254,37,43,54,14,10.702102057687048,29
255,75,12,93,4,10.68974449521869,8
256,54,13,76,4,10.686858558117363,9
257,60,15,75,5,10.685061691103995,10
258,74,18,39,7,10.669346357467866,11
259,2,16,65,4,10.668339624865121,12
260,37,22,7,8,10.662936414000136,14
261,20,28,25,9,10.608185499490585,19
262,87,18,41,6,10.566422140881262,12
263,88,18,57,7,10.555628423294737,11
264,54,14,40,5,10.550136696436763,9
265,104,10,38,4,10.511918642412144,6
266,13,16,54,5,10.496105581783883,11
267,16,54,106,18,10.472281296528454,36
268,27,12,36,4,10.466471852515165,8
269,65,10,73,3,10.465374169823736,7
270,110,13,97,4,10.452372833112596,9
271,73,12,54,4,10.427247423602203,8
272,106,16,93,6,10.37915501513517,10
273,86,31,76,11,10.377958971749353,20
274,83,13,84,5,10.357457702755646,8
275,8,18,91,6,10.34860151027639,12
276,50,17,102,7,10.348240016843025,10
277,29,12,107,3,10.33521701845799,9
278,27,12,51,4,10.32259255656016,8
279,50,31,20,11,10.317789300027846,20
280,20,18,55,7,10.312518824176754,11
281,63,41,28,13,10.300883603096642,28
282,63,40,84,15,10.295594423044465,25
283,74,12,23,4,10.284742726002916,8
284,15,11,51,4,10.274901265855426,7
285,64,11,41,4,10.261662296711632,7
286,27,15,65,6,10.259957140916745,9
287,77,12,99,3,10.252199704478638,9
288,16,32,18,10,10.23181135834145,22
289,114,20,90,7,10.224251416414765,13
290,16,17,69,7,10.22264708174151,10
291,104,12,44,4,10.208907808787586,8
292,98,14,2,5,10.198603389321667,9
293,40,14,36,4,10.181803587232471,10
294,86,44,97,16,10.163469283868963,28
295,16,44,96,13,10.144912052174183,31
296,104,20,75,7,10.117655099242182,13
297,107,15,83,5,10.114574167697794,10
298,91,13,50,4,10.102561852065726,9
299,54,12,57,3,10.066024134547122,9
300,75,29,8,9,10.063097169225484,20
301,46,16,39,7,10.060214928117245,9
302,95,28,88,10,10.05476218784627,18
303,63,10,33,3,10.043388813579654,7
304,63,31,88,10,10.03619319350583,21
305,16,18,36,6,10.007755140000596,12
306,65,23,17,6,9.991394921788482,17
307,7,10,57,4,9.983551061766935,6
308,65,21,40,8,9.946255071774946,13
309,27,11,77,4,9.939080910746133,7
310,63,46,54,16,9.93150896527679,30
311,46,10,77,4,9.900782595186337,6
312,30,16,55,6,9.88523341372206,10
313,30,14,106,5,9.870728252110508,9
314,87,24,70,9,9.867797329951717,15
315,86,23,79,8,9.865377107457421,15
316,13,34,87,11,9.861346134072312,23
317,63,20,109,8,9.854767957937824,12
318,55,10,94,4,9.846979651390305,6
319,89,11,104,4,9.813989134763222,7
320,39,19,106,7,9.812135076375876,12
321,37,24,83,9,9.783726366978417,15
322,13,19,15,7,9.735020803683549,12
323,76,11,39,3,9.681961570558546,8
324,87,14,53,6,9.64333255467204,8
325,99,14,8,6,9.61106559286031,8
326,86,15,35,6,9.604686839909265,9
327,62,11,8,3,9.593511144115352,8
328,63,24,91,8,9.581902382807373,16
329,2,21,106,8,9.573373481710446,13
330,90,13,39,5,9.529975909191753,8
331,107,10,111,4,9.503992607184873,6
332,37,22,99,7,9.502759058160713,15
333,36,17,55,6,9.502565528416717,11
334,30,25,87,9,9.500305509486608,16
335,100,10,95,4,9.449134938035408,6
336,32,11,63,4,9.44232166344675,7
337,83,14,74,6,9.43011849323839,8
338,114,10,110,3,9.422657787947912,7
339,37,41,63,14,9.417998111066987,27
340,13,28,106,9,9.411883629905006,19
341,76,20,50,6,9.400140024953476,14
342,86,16,1,6,9.39952495770026,10
343,71,12,37,5,9.38020830857434,7
344,50,10,64,4,9.361726056206978,6
345,30,16,71,6,9.358715114134982,10
346,63,23,76,7,9.35386164955796,16
347,51,22,74,7,9.344397651003662,15
348,68,21,51,7,9.328810935891386,14
349,51,13,33,3,9.326921984705281,10
350,108,15,51,6,9.306988990301447,9
351,90,13,80,4,9.306752684001106,9
352,2,13,55,5,9.306518823595622,8
353,108,14,63,5,9.298531248541144,9
354,100,12,63,5,9.298115107003527,7
355,2,29,107,10,9.295436230624016,19
356,91,17,20,7,9.292852528319253,10
357,65,35,88,12,9.28575231911853,23
358,30,22,107,7,9.281592879328237,15
359,16,33,46,12,9.259992484381803,21
360,74,14,62,5,9.256148160859697,9
361,74,24,70,10,9.249270082293563,14
362,17,12,63,4,9.24390740307754,8
363,75,20,54,7,9.239394701631351,13
364,13,16,77,6,9.227436188219103,10
365,40,20,107,7,9.20317885021054,13
366,46,21,106,9,9.198394638018083,12
367,18,10,97,4,9.196379494686322,6
368,98,13,84,4,9.18267526002018,9
369,16,35,91,11,9.182394894220272,24
370,5,27,84,10,9.167674877244863,17
371,50,43,5,17,9.156049369840707,26
372,29,13,87,4,9.14751084628353,9
373,7,18,96,5,9.132819640450865,13
374,23,17,76,6,9.122791190215523,11
375,86,19,18,6,9.102053817096145,13
376,107,14,36,5,9.100942469367348,9
377,110,10,39,3,9.085258579238133,7
378,95,34,8,13,9.079209474058969,21
379,86,31,39,13,9.07325733767357,18
380,62,13,71,4,9.064981661759585,9
381,30,13,91,4,9.047349511242516,9
382,109,25,55,11,9.015163892645331,14
383,102,17,87,6,8.972219911227105,11
384,37,10,108,4,8.970431804543574,6
385,28,11,32,4,8.963821007682872,7
386,76,11,2,3,8.951755335280877,8
387,11,12,80,4,8.941133144462878,8
388,54,10,68,4,8.93316534324945,6
389,104,14,84,6,8.932998314387538,8
390,11,10,91,3,8.923724837318142,7
391,70,17,57,8,8.906737604649802,9
392,107,20,35,6,8.885826294176168,14
393,8,24,114,8,8.87922638843428,16
394,28,16,17,6,8.863383779145725,10
395,73,12,98,4,8.853796300056942,8
396,40,20,37,8,8.849367605337227,12
397,69,12,50,4,8.84479304998475,8
398,37,25,38,9,8.83307113340101,16
399,88,45,28,16,8.831064240746565,29
400,44,11,13,4,8.828555491536155,7
401,62,13,87,4,8.793846456811252,9
402,11,14,57,6,8.783548700894539,8
403,69,17,86,6,8.7805890555138,11
404,79,11,106,4,8.777841617086459,7
405,20,13,98,4,8.754865726410022,9
406,7,14,91,4,8.747371182576538,10
407,16,16,108,6,8.735246502538358,10
408,95,18,18,7,8.70105010260696,11
409,100,20,86,9,8.69871264551417,11
410,30,11,90,4,8.695806027026102,7
411,75,15,23,6,8.67619503909153,9
412,13,42,51,16,8.669484149056974,26
413,37,40,46,13,8.661686392028884,27
414,13,34,39,14,8.661103677609598,20
415,11,34,37,12,8.643977561339529,22
416,30,12,70,6,8.628315532902242,6
417,32,11,114,4,8.619976183865209,7
418,104,16,27,5,8.601379896178097,11
419,8,55,87,20,8.598595479025969,35
420,90,22,50,8,8.598522697494,14
421,15,13,75,4,8.597300929966654,9
422,71,13,5,5,8.58837744258604,8
423,50,31,55,12,8.547249952830775,19
424,15,10,107,3,8.540362330799288,7
425,104,24,77,9,8.536042495877567,15
426,86,27,83,8,8.51226403433352,19
427,88,22,109,7,8.498634026474123,15
428,43,11,51,4,8.45253808884155,7
429,95,14,96,5,8.45037398259218,9
430,91,19,98,6,8.436895068807962,13
431,112,10,107,4,8.436220472698569,6
432,55,22,91,7,8.428118254814667,15
433,51,14,110,5,8.405376385205704,9
434,6,10,46,4,8.386722378353735,6
435,11,21,109,7,8.381649122235256,14
436,44,21,86,8,8.37774251716795,13
437,70,14,109,5,8.375485506735561,9
438,7,11,29,5,8.355468910469419,6
439,15,14,104,5,8.330235989560043,9
440,99,10,63,4,8.327283039780834,6
441,65,12,76,4,8.31287645900771,8
442,65,17,111,5,8.279886807635219,12
443,13,19,31,7,8.273796419843736,12
444,75,11,76,4,8.269580351796622,7
445,37,12,14,5,8.266467835075433,7
446,7,23,95,9,8.261452601437247,14
447,16,13,38,4,8.260657119668942,9
448,81,10,16,3,8.240523173362813,7
449,69,11,87,5,8.233960994375396,6
450,64,11,37,4,8.227838269840156,7
451,16,17,64,6,8.222434938453095,11
452,60,18,53,7,8.219005630348457,11
453,20,11,44,4,8.212958514210372,7
454,92,19,88,6,8.206412486482964,13
455,71,18,107,7,8.200499335406866,11
456,18,15,75,6,8.195388389326538,9
457,93,14,50,5,8.18736526783909,9
458,13,10,97,4,8.180332249171473,6
459,107,16,32,6,8.171074060984463,10
460,20,14,102,6,8.160756483849335,8
461,114,23,65,9,8.155133723424004,14
462,104,35,55,13,8.14798328327785,22
463,5,12,36,5,8.146458997643016,7
464,104,30,25,12,8.132792790875845,18
465,8,61,5,24,8.080732178020162,37
466,20,23,84,7,8.075470698309143,16
467,93,24,28,8,8.070916880531737,16
468,13,40,25,17,8.067780499946235,23
469,109,12,60,5,8.055683258137378,7
470,30,29,65,10,8.041267028087226,19
471,40,15,1,6,8.039759908453538,9
472,100,13,50,5,8.011252834481748,8
473,15,14,86,5,8.007884617525495,9
474,89,13,37,6,7.999447796068283,7
475,102,19,96,7,7.9956311609664965,12
476,65,23,5,9,7.973301349025733,14
477,86,10,56,4,7.95903686442131,6
478,97,14,84,4,7.932419590040102,10
479,114,14,96,5,7.889762565328155,9
480,65,21,68,8,7.888340070162026,13
481,28,13,36,6,7.8800289290868415,7
482,63,31,48,11,7.879517250797574,20
483,20,23,51,10,7.873291814736603,13
484,85,13,96,4,7.87177905722743,9
485,108,13,70,5,7.857262681865159,8
486,107,18,108,6,7.8518673455312,12
487,95,21,55,8,7.84870978802165,13
488,104,18,11,7,7.839042780454144,11
489,7,27,18,11,7.837903794216905,16
490,48,20,79,8,7.777732866617034,12
491,77,15,18,5,7.76646902117414,10
492,7,29,51,12,7.757562277302888,17
493,37,49,25,20,7.755599308877524,29
494,78,10,80,4,7.740647985777551,6
495,40,13,30,5,7.733551605515391,8
496,48,22,87,8,7.698735978257642,14
497,39,20,107,9,7.694687672194442,11
498,5,32,11,12,7.687442157533876,20
499,90,28,106,10,7.670984333772028,18
500,86,24,48,9,7.668739325888133,15
501,70,12,91,5,7.6670664101078145,7
502,37,24,96,10,7.665844925696509,14
503,44,16,16,7,7.63510947214958,9
504,96,22,80,8,7.6325568595370585,14
505,15,10,87,4,7.629777802129095,6
506,16,27,71,9,7.616677174551033,18
507,51,18,96,7,7.611388504075612,11
508,20,15,90,6,7.5926874674698235,9
509,69,10,74,4,7.579248302946877,6
510,28,25,114,11,7.565049679539049,14
511,37,19,23,8,7.5620427998013255,11
512,96,23,70,11,7.543405368906036,12
513,114,18,70,6,7.542200625865836,12
514,104,18,102,8,7.533956675469565,10
515,98,16,106,6,7.529459965554982,10
516,70,10,71,5,7.515715016674821,5
517,102,16,88,5,7.5023041010359375,11
518,86,10,94,4,7.492158076331634,6
519,74,13,48,6,7.488504403150373,7
520,86,68,51,29,7.465579029883816,39
521,17,16,55,7,7.461932340099582,9
522,63,11,18,4,7.446741563872577,7
523,25,45,46,19,7.439996628911812,26
524,91,13,18,5,7.416545148915923,8
525,16,21,84,9,7.387304706787613,12
526,34,15,74,5,7.367415754617591,10
527,109,13,46,5,7.363639283748701,8
528,25,38,106,14,7.361514789314747,24
529,100,15,74,6,7.347492137419622,9
530,72,12,16,5,7.333554822764275,7
531,97,18,104,8,7.327124557030449,10
532,102,31,86,11,7.3220305228245754,20
533,65,34,20,12,7.3208049230077705,22
534,53,13,30,5,7.314214121087398,8
535,110,14,70,5,7.302453099036633,9
536,51,10,31,3,7.284520524444227,7
537,16,17,9,7,7.275137902000142,10
538,51,32,63,13,7.263042167084605,19
539,98,12,93,5,7.2513528092711335,7
540,41,12,50,4,7.250027884407811,8
541,8,17,110,6,7.2499619180163615,11
542,27,17,86,7,7.22393635247119,10
543,50,39,107,16,7.216538643832867,23
544,97,28,5,10,7.203089227401705,18
545,86,12,36,4,7.202246160214453,8
546,57,15,55,7,7.186289928876396,8
547,15,12,65,4,7.169016897645203,8
548,109,29,8,13,7.13726971466264,16
549,108,11,98,4,7.129820893009727,7
550,90,18,65,8,7.1244169027668205,10
551,95,12,114,5,7.1214298671986604,7
552,32,13,87,5,7.113585901413377,8
553,63,12,79,4,7.1114844508040305,8
554,86,14,72,5,7.097565864195884,9
555,65,17,71,7,7.0705188981056715,10
556,68,11,49,5,7.065794883611326,6
557,104,20,100,7,7.055063125494979,13
558,80,27,106,10,7.029777914575281,17
559,74,31,84,14,7.0251363399754485,17
560,16,12,93,5,7.007856526653325,7
561,88,18,68,7,7.006440667239271,11
562,9,16,50,6,6.998855361767971,10
563,62,15,5,6,6.992708759597391,9
564,6,10,106,4,6.989547350675936,6
565,53,17,88,6,6.988165931640136,11
566,11,13,17,5,6.984735524340635,8
567,37,58,104,22,6.982300190331426,36
568,50,15,18,7,6.975457853882176,8
569,60,14,54,5,6.945861068734532,9
570,86,58,88,25,6.933344505363015,33
571,44,10,87,4,6.930092376966648,6
572,86,21,73,9,6.9024440643087175,12
573,98,32,86,13,6.8926235781685445,19
574,106,15,99,5,6.882359612487447,10
575,74,33,46,12,6.8717403624989695,21
576,104,47,28,19,6.867595835363374,28
577,75,17,11,7,6.860129083231025,10
578,98,14,49,6,6.852175548516358,8
579,55,10,98,3,6.844629804566836,7
580,107,17,102,7,6.840789603969229,10
581,95,12,40,5,6.839500647000751,7
582,44,11,88,5,6.8383818341711695,6
583,39,23,88,8,6.795308081348258,15
584,8,39,46,17,6.790452136276324,22
585,70,15,98,5,6.782158452834323,10
586,88,27,70,10,6.779439228833638,17
587,97,30,96,13,6.762245122268197,17
588,48,10,108,3,6.749808304712147,7
589,102,15,51,6,6.74947281728566,9
590,74,38,96,14,6.731828732252355,24
591,14,13,95,5,6.731405281187272,8
592,104,33,51,12,6.728840756540841,21
593,97,11,32,4,6.722008536715331,7
594,17,21,39,8,6.693454438922507,13
595,41,18,63,7,6.6886065005121305,11
596,29,10,37,4,6.680734619445758,6
597,95,21,50,9,6.657433489482592,12
598,83,11,71,5,6.656205380333864,6
599,63,14,102,6,6.6522226016193855,8
600,40,11,43,4,6.649724792712508,7
601,98,11,99,5,6.6450573588341655,6
602,16,14,35,5,6.642200850876746,9
603,68,12,30,5,6.632903017693168,7
604,25,48,5,19,6.626414170343125,29
605,7,16,97,6,6.624941571852624,10
606,95,13,109,5,6.624370660207742,8
607,8,27,84,10,6.62258104422981,17
608,33,19,107,8,6.618873691013778,11
609,7,14,50,6,6.597321772163716,8
610,83,17,64,7,6.597115059465707,10
611,28,33,70,13,6.5875803788420075,20
612,86,77,96,30,6.579835199705017,47
613,13,31,28,12,6.579014229200039,19
614,28,47,84,19,6.578685517540444,28
615,107,38,25,16,6.571735103090738,22
616,50,10,73,3,6.568577646848983,7
617,27,11,50,4,6.540575751678349,7
618,50,30,96,12,6.50669589608909,18
619,65,38,107,15,6.5040677796809065,23
620,86,40,104,16,6.498243850038454,24
621,111,18,16,8,6.471364247508107,10
622,14,17,28,6,6.462988674713604,11
623,50,27,88,11,6.454854939095326,16
624,16,56,55,20,6.447187289417926,36
625,44,12,6,4,6.417958090399313,8
626,63,19,23,7,6.414686550201393,12
627,60,16,25,7,6.40548534704152,9
628,49,14,7,5,6.398713126248088,9
629,103,11,16,4,6.384231863654396,7
630,73,22,74,8,6.357115716806277,14
631,37,16,100,6,6.343110325621272,10
632,11,20,98,9,6.338677652860182,11
633,8,15,98,6,6.332478639002671,9
634,60,27,71,12,6.330241413763651,15
635,28,24,2,9,6.327861304376497,15
636,95,15,75,6,6.30501186711362,9
637,8,22,57,8,6.276405634666305,14
638,57,18,102,8,6.264739678585861,10
639,74,20,50,8,6.247739889991348,12
640,13,28,37,12,6.230409881481568,16
641,97,10,33,4,6.197569301394057,6
642,55,16,77,7,6.195572885542833,9
643,13,12,91,4,6.185960793246167,8
644,99,11,88,5,6.17703713379853,6
645,114,14,75,6,6.165959314820635,8
646,75,12,1,4,6.1372401761978495,8
647,96,22,90,8,6.131526760597793,14
648,55,24,97,9,6.128965912516967,15
649,7,15,71,6,6.1277331810282,9
650,102,23,54,9,6.120079150891424,14
651,93,16,86,6,6.1080887829358055,10
652,55,10,79,4,6.105260957218084,6
653,68,12,5,5,6.084537265067714,7
654,20,44,5,17,6.084413199436967,27
655,100,12,13,5,6.068988765220787,7
656,30,19,60,6,6.068101421901045,13
657,51,12,97,5,6.067344814895203,7
658,29,11,55,4,6.0636297407404705,7
659,91,10,90,4,6.057465510076112,6
660,104,16,17,7,6.057278825741826,9
661,33,15,20,6,6.052404113154946,9
662,8,16,32,7,6.041444852098721,9
663,37,10,1,5,6.037547835973022,5
664,41,16,37,6,6.029295619076081,10
665,20,13,41,5,6.02906816064692,8
666,99,10,17,4,6.0116233289389776,6
667,40,11,75,4,6.006938010180454,7
668,90,22,87,9,5.994832341236502,13
669,25,24,54,10,5.984288858689808,14
670,55,23,1,10,5.9691751209246755,13
671,106,14,53,6,5.964662256693667,8
672,16,83,88,33,5.949012194082221,50
673,40,18,104,7,5.9242009395670685,11
674,65,26,96,11,5.914287236254006,15
675,93,16,25,7,5.904464695396421,9
676,60,14,96,4,5.900809515031541,10
677,75,13,9,7,5.898857823349862,6
678,8,16,23,7,5.895211873815654,9
679,49,11,60,4,5.889051777859123,7
680,100,17,25,8,5.855622143077174,9
681,8,18,9,9,5.842447199055791,9
682,71,15,87,7,5.838621100274335,8
683,46,12,90,5,5.830565699084015,7
684,91,19,25,8,5.828763319756676,11
685,107,15,77,6,5.828375450935681,9
686,40,16,5,7,5.820527251695649,9
687,86,10,4,4,5.815178401764422,6
688,70,39,5,17,5.812017017327767,22
689,41,15,18,6,5.809640254614512,9
690,74,28,55,12,5.797157459674129,16
691,7,50,86,19,5.756114169118438,31
692,37,20,110,9,5.74878628902198,11
693,46,42,54,17,5.7427950319383285,25
694,95,20,65,8,5.731199831404231,12
695,54,53,70,22,5.727675523088418,31
696,87,35,20,15,5.726562552686569,20
697,90,12,13,5,5.726097361607248,7
698,84,12,9,5,5.723245457590759,7
699,50,13,48,5,5.7070179051031635,8
700,80,22,55,10,5.702005440074988,12
701,100,14,18,6,5.697684011266831,8
702,106,12,57,6,5.685749140437754,6
703,102,10,95,4,5.685319962340818,6
704,87,15,64,6,5.672577041378895,9
705,94,10,25,5,5.671887186214519,5
706,16,31,99,13,5.665818337043021,18
707,60,35,16,15,5.665049835023039,20
708,54,11,82,4,5.664278302313932,7
709,55,11,35,5,5.650743870496083,6
710,114,13,46,5,5.649256529462487,8
711,73,24,8,10,5.645022963800572,14
712,5,20,17,7,5.625033929201379,13
713,73,17,109,7,5.613169642759445,10
714,114,43,5,18,5.610879096822169,25
715,108,14,88,6,5.608453698027056,8
716,7,36,88,15,5.600547092247959,21
717,81,13,13,6,5.597036834391115,7
718,80,11,48,4,5.594209169092441,7
719,97,25,107,12,5.575264944397934,13
720,55,27,63,12,5.56831553028517,15
721,87,22,93,9,5.565802071262539,13
722,63,11,10,4,5.56040496031845,7
723,76,14,102,6,5.556814882908007,8
724,8,41,25,16,5.550067480025434,25
725,86,14,77,5,5.538347201505088,9
726,33,14,102,6,5.525239013163607,8
727,75,11,109,4,5.525120162043983,7
728,95,19,83,7,5.510188596504647,12
729,28,27,18,11,5.501828238454591,16
730,109,21,16,9,5.461892685468702,12
731,50,10,112,4,5.456291047139746,6
732,60,10,28,5,5.435614604566067,5
733,32,16,104,6,5.4353295484317545,10
734,51,31,65,12,5.4258684031681605,19
735,83,10,50,5,5.416126776091855,5
736,51,15,83,5,5.415397349279681,10
737,96,10,67,5,5.408732724512927,5
738,63,25,2,11,5.395919280999036,14
739,84,19,39,8,5.386084146529571,11
740,88,19,9,8,5.375708154381123,11
741,104,26,63,11,5.355601218480844,15
742,87,16,9,7,5.353624653601196,9
743,75,19,96,6,5.351631601607629,13
744,100,22,107,11,5.3426551667188305,11
745,102,30,25,13,5.32886134482215,17
746,80,20,65,8,5.32370729957773,12
747,16,24,68,9,5.310322703397453,15
748,88,13,35,5,5.305527424977248,8
749,13,12,1,5,5.289713984453358,7
750,41,20,107,9,5.288060704972498,11
751,46,12,70,5,5.267602008522793,7
752,65,15,9,7,5.265916271774785,8
753,88,10,89,4,5.264067187352525,6
754,17,17,20,7,5.256441987432858,10
755,51,13,23,5,5.252458659658159,8
756,107,17,38,7,5.232550371357613,10
757,37,49,50,22,5.228576286593012,27
758,16,59,107,23,5.208591635424401,36
759,13,48,7,21,5.204507859880506,27
760,107,19,27,7,5.200896691974087,12
761,55,13,108,6,5.197810339207508,7
762,54,33,109,13,5.182238177751744,20
763,67,12,5,5,5.159840528973067,7
764,38,13,8,5,5.158625539766783,8
765,16,46,37,19,5.156319944125245,27
766,40,22,88,10,5.153144377885406,12
767,39,53,51,23,5.150982419001665,30
768,14,13,54,4,5.139758720068028,9
769,58,11,107,4,5.121507570465872,7
770,77,15,4,6,5.119767617788873,9
771,8,15,7,7,5.109365914252013,8
772,55,22,70,9,5.1032220329288345,13
773,11,30,54,13,5.089658806379616,17
774,99,16,36,6,5.086907679142809,10
775,88,16,1,7,5.058453921079053,9
776,106,45,5,18,5.052056869360905,27
777,23,18,60,7,5.051993121038358,11
778,86,26,80,12,5.05164493959972,14
779,15,19,5,7,5.0418557472432015,12
780,16,20,27,7,5.038848117395627,13
781,75,24,71,9,5.030308189933624,15
782,76,13,95,5,5.029825996184284,8
783,41,14,91,5,5.005687953599872,9
784,93,26,5,10,5.004460526821323,16
785,17,14,109,6,5.001708621140783,8
786,86,11,111,5,4.988071380487679,6
787,37,71,86,31,4.984756436647984,40
788,27,13,25,6,4.983545927288363,7
789,16,77,51,34,4.979175462569336,43
790,60,12,68,5,4.969151031127293,7
791,55,47,5,20,4.968791694509535,27
792,91,19,88,8,4.953605826347504,11
793,55,13,53,5,4.932477625900763,8
794,37,52,106,24,4.929607997592941,28
795,96,29,25,13,4.925630164170213,16
796,38,12,5,5,4.92351943090761,7
797,54,17,7,8,4.917766322280088,9
798,91,13,68,5,4.905228486249311,8
799,71,11,63,5,4.902178601184278,6
800,34,10,7,4,4.8999742789281955,6
801,104,23,60,8,4.8978814540884175,15
802,28,13,62,5,4.8955044879359315,8
803,83,39,5,18,4.890865835189014,21
804,8,12,3,7,4.88781937501622,5
805,100,13,114,5,4.886489949545645,8
806,110,11,104,4,4.886003470603164,7
807,28,33,97,13,4.884868668188755,20
808,25,30,88,11,4.873935976327288,19
809,8,52,63,23,4.864260653101078,29
810,63,30,20,14,4.86232561538827,16
811,41,16,104,6,4.860628840142115,10
812,8,20,100,8,4.860106370787934,12
813,38,13,84,6,4.854976710780188,7
814,71,20,39,9,4.853422342910106,11
815,63,32,50,13,4.851166505601919,19
816,51,20,41,8,4.841581156440148,12
817,5,30,51,11,4.841333405150811,19
818,97,17,17,8,4.833173263702722,9
819,39,15,83,6,4.8326399553033035,9
820,8,15,67,6,4.831909846155583,9
821,37,37,70,15,4.817822919278334,22
822,75,18,87,7,4.814941727585257,11
823,65,12,6,5,4.808783095927869,7
824,96,13,108,6,4.805162668071275,7
825,102,19,16,9,4.795025141717224,10
826,23,15,28,7,4.791243131318297,8
827,100,21,5,9,4.790180113588851,12
828,32,24,5,10,4.788591776396215,14
829,99,22,60,10,4.788512200740043,12
830,76,33,5,14,4.788314400539968,19
831,54,49,88,22,4.778011923033595,27
832,9,12,5,5,4.777710715122403,7
833,28,51,54,21,4.774713175137818,30
834,20,56,54,26,4.770199196047598,30
835,104,37,50,15,4.760473941886916,22
836,2,37,50,16,4.759315763274119,21
837,84,13,95,5,4.755677362807473,8
838,90,30,5,12,4.752640516818983,18
839,34,12,55,6,4.748674914399345,6
840,16,62,87,28,4.747118995402613,34
841,25,16,77,7,4.745845616411638,9
842,110,12,16,5,4.744361952221326,7
843,73,11,88,4,4.740966849993722,7
844,57,11,84,4,4.735926438073418,7
845,50,65,28,28,4.73524581768419,37
846,27,23,88,12,4.733506817611588,11
847,60,28,86,12,4.727635165947746,16
848,13,12,64,6,4.725142932057473,6
849,100,10,23,5,4.7250378008475105,5
850,106,11,43,5,4.722121789568363,6
851,51,17,99,8,4.721255445811637,9
852,74,51,106,22,4.718099800964195,29
853,60,27,55,11,4.708010315258075,16
854,86,40,75,19,4.704179194238295,21
855,20,19,35,8,4.681781057889634,11
856,18,12,107,5,4.670398603183337,7
857,95,39,16,18,4.65480903944357,21
858,88,57,5,25,4.645874302248228,32
859,65,25,93,12,4.638745353207307,13
860,23,10,111,5,4.637926760289516,5
861,75,12,49,5,4.624753097044053,7
862,96,13,34,5,4.620609194568736,8
863,28,43,109,17,4.618123280961818,26
864,54,43,106,20,4.613394421834746,23
865,77,13,95,6,4.60149322445291,7
866,25,15,33,5,4.583917339891116,10
867,13,24,53,10,4.5814907599330095,14
868,54,29,90,13,4.579893896725855,16
869,99,14,95,6,4.572737764013027,8
870,39,23,50,10,4.569628786882717,13
871,17,23,107,10,4.556628194816711,13
872,109,13,67,7,4.5540965230597985,6
873,7,20,4,10,4.551926922943368,10
874,13,25,75,11,4.551585180396465,14
875,25,10,3,5,4.546247932856725,5
876,20,43,28,18,4.544189476783367,25
877,87,57,37,24,4.5398331565645655,33
878,8,24,102,11,4.537070383836359,13
879,54,22,97,10,4.535944223800904,12
880,87,17,40,7,4.52617400544544,10
881,86,13,108,6,4.5258078770363745,7
882,83,21,87,10,4.5238867039340604,11
883,79,12,8,4,4.5233682313953745,8
884,16,13,14,6,4.510342602500319,7
885,4,23,13,9,4.493512145452877,14
886,93,15,37,6,4.493445665639034,9
887,91,10,57,5,4.468260927215541,5
888,37,18,32,8,4.466542082918521,10
889,85,11,107,5,4.45820125427633,6
890,40,25,51,11,4.416616133168666,14
891,36,10,18,4,4.401137892231646,6
892,13,26,107,12,4.382895057391897,14
893,25,32,65,13,4.357995906586258,19
894,86,113,5,48,4.357059130864303,65
895,34,12,84,6,4.355418008053165,6
896,104,14,68,6,4.3521998144756635,8
897,41,20,25,7,4.342470395791372,13
898,106,11,60,5,4.340551358723459,6
899,46,24,75,10,4.332120161894518,14
900,86,20,82,8,4.3319380690325975,12
901,102,22,114,9,4.331076584650545,13
902,16,21,100,9,4.330573675976946,12
903,84,33,106,16,4.328019467626489,17
904,30,20,88,9,4.322600096754096,11
905,6,11,27,5,4.320589105702404,6
906,9,15,63,6,4.307570480889334,9
907,93,23,54,9,4.307251305123911,14
908,74,26,13,11,4.306038187470952,15
909,76,24,87,10,4.304022266566311,14
910,37,38,55,18,4.301606273781788,20
911,74,34,63,15,4.284478405701852,19
912,75,24,25,10,4.277372987760686,14
913,114,10,84,4,4.276636908378796,6
914,65,12,48,5,4.265716212904409,7
915,40,16,50,6,4.260254553301022,10
916,20,35,96,15,4.25759458795479,20
917,25,14,64,6,4.2567930582596185,8
918,107,46,20,21,4.2524996136942805,25
919,30,11,84,4,4.231660063143016,7
920,16,38,50,16,4.228613851151322,22
921,71,15,25,7,4.22821184042616,8
922,88,31,37,13,4.224270631924043,18
923,53,15,64,7,4.217993963768291,8
924,70,13,41,6,4.21760048461706,7
925,25,21,40,9,4.184511628636794,12
926,100,11,7,5,4.175946031167947,6
927,28,29,75,12,4.173159235209232,17
928,13,25,8,11,4.169454652002989,14
929,87,40,28,18,4.161796757953555,22
930,27,10,8,5,4.15725246142287,5
931,71,14,106,6,4.156896719734133,8
932,60,20,95,8,4.156384552080203,12
933,5,14,60,6,4.1550252161435335,8
934,97,14,40,6,4.152756271979643,8
935,74,11,33,5,4.152065435529706,6
936,30,22,8,9,4.150524980229852,13
937,20,13,73,5,4.146065391689569,8
938,75,40,16,17,4.136606569502713,23
939,86,13,67,6,4.131604740801435,7
940,12,17,65,7,4.1244499138770685,10
941,13,32,46,14,4.1155405958449665,18
942,13,35,40,15,4.103184785483473,20
943,87,26,25,12,4.102463690405524,14
944,44,15,63,7,4.10127313865578,8
945,83,20,93,9,4.100880722204593,11
946,30,34,16,14,4.084532797345256,20
947,55,31,54,14,4.07249295432044,17
948,7,22,27,10,4.0700969692590325,12
949,96,53,54,25,4.068141273301063,28
950,83,14,46,7,4.055902658620626,7
951,50,30,8,15,4.0537983612302835,15
952,11,13,79,7,4.047561716338114,6
953,55,36,28,14,4.038052587834734,22
954,35,13,28,6,4.036665461709038,7
955,37,44,74,20,4.033137310869005,24
956,13,19,95,8,4.003443534071448,11
957,90,11,33,4,4.003292593732325,7
958,87,37,39,16,3.999032752715344,21
959,27,18,39,10,3.9885890078162407,8
960,14,11,13,4,3.98325425585621,7
961,68,14,111,6,3.9746051361529955,8
962,37,12,69,5,3.9709549460906977,7
963,74,24,93,11,3.9601017688790825,13
964,7,16,17,6,3.9502787275667384,10
965,28,12,111,5,3.945242479309322,7
966,77,10,41,5,3.9366462708752756,5
967,13,22,18,10,3.9366235976690267,12
968,80,10,97,4,3.9365866928471034,6
969,102,10,83,4,3.9358085201394095,6
970,5,28,2,12,3.923277825320168,16
971,97,11,10,6,3.9207678088340034,5
972,31,10,65,5,3.91057359853498,5
973,102,26,37,11,3.9015784283610255,15
974,86,11,81,4,3.9006647647945574,7
975,23,20,87,9,3.8908514133576824,11
976,96,24,104,10,3.8706241075776626,14
977,83,24,65,11,3.8650312387760812,13
978,63,37,96,15,3.8580216719858926,22
979,83,27,8,13,3.8382150032056903,14
980,25,23,51,10,3.8366454931777065,13
981,11,60,86,27,3.8353485548947646,33
982,114,30,86,12,3.832111347835939,18
983,30,19,28,8,3.8298077885882966,11
984,98,18,76,7,3.8277911803923965,11
985,106,18,41,9,3.820409199093591,9
986,110,16,5,7,3.8138584796050923,9
987,64,14,88,6,3.8105053234380315,8
988,71,11,68,5,3.8071954572931124,6
989,1,11,7,5,3.8068573231169016,6
990,77,11,39,5,3.791378785799657,6
991,80,10,71,5,3.791264767099546,5
992,114,24,16,12,3.7867404841059336,12
993,51,20,18,8,3.7667067880629177,12
994,39,27,60,12,3.7612170182681974,15
995,107,45,104,19,3.756641135498072,26
996,95,18,46,7,3.756541538400943,11
997,65,21,60,8,3.756505073210315,13
998,54,32,95,15,3.7552584847129173,17
999,13,48,55,21,3.749197107485857,27
1000,97,16,76,8,3.7370860130894332,8
1001,16,19,80,9,3.7348635267747627,10
1002,6,10,87,4,3.7330820078347076,6
1003,97,21,8,10,3.7245036436776515,11
1004,95,25,107,12,3.721321768434082,13
1005,74,59,5,27,3.7150397399954445,32
1006,28,28,102,13,3.6997830630198973,15
1007,89,14,50,7,3.697778125616005,7
1008,16,48,54,21,3.695210707305646,27
1009,46,20,84,8,3.686829488531013,12
1010,75,35,37,13,3.675562715344664,22
1011,55,41,11,16,3.6751670322630696,25
1012,8,53,96,23,3.6687416252473026,30
1013,20,31,106,13,3.6670765571458195,18
1014,79,10,88,4,3.6658466896877484,6
1015,62,10,50,4,3.6657345895143245,6
1016,107,34,7,14,3.665092734069909,20
1017,50,10,49,4,3.6406612701610586,6
1018,30,20,37,8,3.640395609700316,12
1019,7,13,114,6,3.6347443340975474,7
1020,4,12,16,5,3.6304445783049495,7
1021,2,18,88,8,3.6220576195763163,10
1022,50,14,30,6,3.615631638334466,8
1023,91,26,86,11,3.613221536376561,15
1024,13,24,50,10,3.6058666646899353,14
1025,48,11,39,5,3.594601769104413,6
1026,28,19,98,7,3.593034409386323,12
1027,97,10,95,4,3.58943247133478,6
1028,63,28,39,11,3.5868034831779694,17
1029,31,12,68,5,3.583965252091378,7
1030,51,38,107,15,3.582630780560777,23
1031,70,10,69,4,3.577006655469959,6
1032,97,25,63,11,3.5596414004116443,14
1033,13,17,11,7,3.5480218115850195,10
1034,86,70,107,33,3.5436811311387966,37
1035,16,63,7,30,3.534223435942615,33
1036,87,10,110,4,3.5295519129657293,6
1037,20,21,46,8,3.51090539647306,13
1038,91,15,84,7,3.506943767095505,8
1039,104,30,54,14,3.494678026548527,16
1040,109,14,65,5,3.4929763691198916,9
1041,39,29,49,12,3.482221210670831,17
1042,70,28,65,11,3.478419403846195,17
1043,33,10,7,5,3.461965742090353,5
1044,16,63,8,28,3.460200287173046,35
1045,33,23,5,11,3.454327509177194,12
1046,28,22,7,10,3.452088725085167,12
1047,13,27,23,14,3.4477496417015234,13
1048,60,18,46,8,3.4444166626575132,10
1049,97,15,57,7,3.4435443466893796,8
1050,75,10,102,4,3.4391155267314995,6
1051,33,12,13,5,3.438502427413771,7
1052,87,25,109,10,3.438248375396607,15
1053,7,26,55,12,3.4282938538824435,14
1054,74,73,86,34,3.4256968666950502,39
1055,86,17,32,8,3.4193017987895304,9
1056,51,16,30,8,3.4104953848850323,8
1057,65,54,86,24,3.3924010806942384,30
1058,40,17,68,8,3.3908693707776685,9
1059,80,16,37,7,3.388891253141482,9
1060,39,16,68,8,3.3735744139304957,8
1061,65,12,77,5,3.371805972756015,7
1062,16,21,62,9,3.365085356146172,12
1063,14,22,8,9,3.3634201583462158,13
1064,20,10,9,4,3.353443346624384,6
1065,64,15,39,7,3.3521602483797346,8
1066,65,13,29,7,3.349876988639922,6
1067,75,13,33,5,3.342736023465548,8
1068,16,10,45,4,3.339755666160267,6
1069,65,34,41,14,3.3353236591295237,20
1070,70,17,97,8,3.3275523495851074,9
1071,7,18,31,8,3.3145366369343217,10
1072,107,42,55,19,3.3112682121699883,23
1073,70,16,95,8,3.3075112398485507,8
1074,74,18,109,7,3.304665096761529,11
1075,4,10,18,4,3.3032826745965735,6
1076,71,10,50,4,3.300812706273156,6
1077,114,13,67,6,3.2746706512348434,7
1078,7,33,39,14,3.2713299616305376,19
1079,39,16,36,7,3.2677976481522286,9
1080,86,72,84,36,3.2610166651310086,36
1081,30,10,63,4,3.254074696673354,6
1082,11,25,20,10,3.2452743370759327,15
1083,85,14,54,6,3.2397539807116327,8
1084,48,22,16,9,3.2275182027863907,13
1085,14,11,88,5,3.2206098277423347,6
1086,25,16,18,6,3.21981452522341,10
1087,99,15,30,7,3.2133273586495648,8
1088,53,13,86,7,3.2118513248189986,6
1089,86,70,8,33,3.1963852247420705,37
1090,86,59,25,28,3.1954658339631274,31
1091,86,69,54,32,3.1888799872804534,37
1092,99,24,13,11,3.1869164042235205,13
1093,9,19,86,8,3.184061740151892,11
1094,57,11,41,4,3.1749646912296132,7
1095,90,14,74,5,3.1680613510289204,9
1096,95,22,106,9,3.1374807998128023,13
1097,80,23,54,11,3.1299020659812844,12
1098,15,11,54,5,3.125295121676584,6
1099,52,11,16,5,3.1090472473690998,6
1100,64,16,86,7,3.106297132113329,9
1101,93,11,109,5,3.105851166548928,6
1102,65,12,44,6,3.103105872794513,6
1103,99,14,68,6,3.1001036150844663,8
1104,17,22,54,11,3.092931167491581,11
1105,28,27,91,12,3.0909280045200784,15
1106,48,14,55,6,3.06362691776684,8
1107,96,28,88,14,3.0532343196114033,14
1108,38,13,96,6,3.0422152322461717,7
1109,18,19,39,9,3.0397033073471023,10
1110,84,21,48,9,3.0347277834877127,12
1111,75,15,84,7,3.030584614121957,8
1112,8,33,39,16,3.028875288162882,17
1113,104,59,5,28,2.9970663239960817,31
1114,97,12,102,5,2.9943230050472285,7
1115,106,49,63,23,2.9941725427271724,26
1116,12,12,51,5,2.990924571538882,7
1117,13,15,63,6,2.9904556427756623,9
1118,16,21,40,10,2.9901244577525667,11
1119,10,12,84,5,2.980259678929738,7
1120,15,11,95,5,2.9708859793353697,6
1121,13,14,43,6,2.968373544421054,8
1122,104,22,83,9,2.957808958542738,13
1123,102,18,74,8,2.9546185397660167,10
1124,108,12,50,5,2.950628355195833,7
1125,86,28,17,14,2.94742778634219,14
1126,20,18,95,8,2.944277541841498,10
1127,87,38,65,17,2.9310788379602712,21
1128,18,11,40,5,2.929054007959597,6
1129,99,15,65,7,2.9253489592007305,8
1130,7,14,63,7,2.9237025109009593,7
1131,97,12,98,5,2.9183345258744944,7
1132,11,30,88,14,2.9177725470173828,16
1133,14,15,51,6,2.907372171253044,9
1134,91,19,37,9,2.9050960547005245,10
1135,49,28,13,14,2.9013419766839177,14
1136,16,22,17,9,2.869944125440124,13
1137,87,21,57,9,2.842460195115372,12
1138,86,41,46,18,2.830781053281954,23
1139,63,12,34,5,2.8100003290876803,7
1140,99,15,41,7,2.8081672918617278,8
1141,16,43,13,19,2.8001852988471923,24
1142,79,15,50,6,2.7998338113931376,9
1143,88,10,6,4,2.7938858775082784,6
1144,75,12,27,4,2.7925098180875843,8
1145,23,28,7,13,2.7865511875263005,15
1146,20,45,37,21,2.7863088238660265,24
1147,8,36,104,17,2.7794749735414084,19
1148,25,17,53,8,2.774786838502582,9
1149,5,11,10,6,2.7716738654503197,5
1150,71,16,53,8,2.770083139042864,8
1151,106,28,51,13,2.7648760215311223,15
1152,14,15,11,6,2.753683750814255,9
1153,25,18,55,8,2.7487856444546024,10
1154,20,15,30,7,2.7449376883217553,8
1155,14,16,84,7,2.744202009506242,9
1156,13,26,41,12,2.7253642278334427,14
1157,13,42,86,18,2.7241966019924346,24
1158,106,20,75,11,2.7013899336380005,9
1159,13,17,17,7,2.692672157151378,10
1160,43,10,39,4,2.692573091515764,6
1161,65,39,54,18,2.684643383569434,21
1162,18,17,88,7,2.6808391222455255,10
1163,71,27,8,13,2.6791944013625146,14
1164,60,11,41,5,2.672276985170073,6
1165,49,30,88,14,2.668419603969371,16
1166,23,10,39,5,2.6633648267690004,5
1167,74,13,91,6,2.658254293210725,7
1168,9,25,7,10,2.6538512844357616,15
1169,28,36,25,15,2.6530805265031128,21
1170,109,47,5,23,2.651945214364779,24
1171,87,62,107,29,2.6516133665629975,33
1172,16,60,5,25,2.6435184456824317,35
1173,76,26,104,12,2.640434575214534,14
1174,34,10,76,5,2.615955033214912,5
1175,30,36,86,16,2.604988398458736,20
1176,39,23,5,11,2.5977698137373055,12
1177,104,12,80,6,2.5977540631792615,6
1178,23,12,68,6,2.5867463686621477,6
1179,80,24,28,11,2.5705556034476817,13
1180,7,12,11,6,2.569451739277442,6
1181,11,10,69,4,2.569037957161563,6
1182,88,14,43,7,2.560908485800628,7
1183,83,10,63,6,2.557624644664858,4
1184,63,15,95,7,2.557509411427886,8
1185,86,14,14,7,2.5565201304900333,7
1186,54,21,114,11,2.5423821876282777,10
1187,7,12,46,5,2.529405347030781,7
1188,76,15,109,6,2.5285469015591207,9
1189,51,30,46,12,2.5160980050649258,18
1190,55,21,90,11,2.5152743292271547,10
1191,108,10,13,4,2.5134195464085143,6
1192,107,55,37,25,2.511119120051266,30
1193,37,18,109,8,2.501013404341532,10
1194,11,20,48,9,2.499763597895506,11
1195,23,26,107,12,2.494290004886282,14
1196,60,12,18,5,2.489438198061326,7
1197,51,28,17,12,2.4842837769178345,16
1198,70,21,104,10,2.4822125117653577,11
1199,87,16,18,8,2.479184416488212,8
1200,8,39,20,18,2.4774464429650913,21
1201,8,38,51,18,2.4628496026875637,20
1202,54,14,49,7,2.454208065190866,7
1203,46,48,5,21,2.452279517290662,27
1204,13,33,60,15,2.4450560119913525,18
1205,32,10,50,6,2.444054190716271,4
1206,104,48,16,23,2.442145888045198,25
1207,8,29,65,14,2.4386655960736667,15
1208,4,12,17,5,2.4374808391303326,7
1209,20,17,97,8,2.4355837212433697,9
1210,87,21,99,9,2.4324110326808843,12
1211,104,41,65,19,2.4293011067155135,22
1212,91,22,107,10,2.42409916831482,12
1213,109,11,99,5,2.4195174025010595,6
1214,110,13,86,6,2.4084031140746345,7
1215,97,30,74,14,2.407418393961558,16
1216,25,17,70,8,2.405943954843893,9
1217,17,22,50,11,2.403392331478126,11
1218,99,19,86,8,2.400382898068694,11
1219,25,27,97,12,2.4001130715079033,15
1220,93,14,84,6,2.3958694367553783,8
1221,70,22,51,11,2.394448723174668,11
1222,20,20,109,8,2.3908375286297607,12
1223,51,16,109,6,2.385243901128958,10
1224,46,15,65,6,2.3812772869767116,9
1225,55,37,106,16,2.381056579834337,21
1226,15,20,25,8,2.380758889536655,12
1227,104,33,95,15,2.37695990686575,18
1228,107,30,46,15,2.3761975569588674,15
1229,68,12,46,6,2.3707254513774987,6
1230,99,23,5,11,2.3616219022642833,12
1231,48,14,109,6,2.3615030071790217,8
1232,36,12,87,6,2.3547150272693824,6
1233,33,12,11,7,2.336303729576231,5
1234,41,26,16,12,2.3352287925306534,14
1235,107,16,109,6,2.3343938372579833,10
1236,37,11,43,4,2.332605420766109,7
1237,107,30,70,14,2.3257523274084737,16
1238,86,20,38,9,2.317394772106249,11
1239,106,36,96,16,2.2984565902488905,20
1240,23,15,41,7,2.2958670497181775,8
1241,7,14,98,6,2.288929854295241,8
1242,90,29,16,12,2.2849821824969307,17
1243,20,14,13,7,2.282975221459528,7
1244,54,35,51,17,2.268252349175247,18
1245,28,66,96,31,2.267406944603933,35
1246,46,34,28,14,2.2549666124967906,20
1247,86,40,90,18,2.2520097652852837,22
1248,16,21,15,9,2.2411165435882596,12
1249,76,23,8,11,2.22939302069529,12
1250,16,62,65,28,2.2291190456960743,34
1251,54,54,107,25,2.2276425220621676,29
1252,106,37,50,16,2.225933629118433,21
1253,28,16,100,7,2.2255414738387724,9
1254,28,10,3,4,2.2170154466950467,6
1255,86,28,2,14,2.2092021993038244,14
1256,37,24,84,11,2.201223464549896,13
1257,8,23,48,10,2.2004165749645987,13
1258,96,11,14,5,2.19268862994012,6
1259,8,64,74,28,2.186622040651489,36
1260,54,12,18,6,2.178188791069608,6
1261,46,16,17,8,2.1770511157595913,8
1262,51,14,98,6,2.1722912157052283,8
1263,68,27,7,14,2.171415649984678,13
1264,16,47,63,22,2.1668391821082813,25
1265,111,20,55,9,2.1630144850271353,11
1266,23,10,29,5,2.1610971150686167,5
1267,28,10,40,5,2.155370208616526,5
1268,46,17,63,9,2.154361145113281,8
1269,2,19,87,9,2.150541163273267,10
1270,87,28,95,13,2.1424459032482663,15
1271,109,16,50,8,2.1420450648202105,8
1272,73,14,106,7,2.139958358931589,7
1273,70,13,93,6,2.134945244153538,7
1274,8,15,33,6,2.129402754491363,9
1275,75,24,63,11,2.1281550854326583,13
1276,41,10,89,5,2.124994842096453,5
1277,25,15,84,7,2.1183956865956017,8
1278,48,13,30,7,2.114145406665778,6
1279,8,64,88,30,2.1113656393261833,34
1280,87,36,63,18,2.11057231546335,18
1281,28,62,5,30,2.1003743399505708,32
1282,91,15,75,10,2.0918744194384895,5
1283,40,10,106,5,2.0918702037357386,5
1284,8,14,18,7,2.089050009065866,7
1285,82,10,63,5,2.077975861296688,5
1286,57,15,46,7,2.0747037466091505,8
1287,50,26,25,13,2.0720055901853556,13
1288,16,21,98,10,2.0672287007178305,11
1289,86,20,68,10,2.0669847236157617,10
1290,97,30,106,15,2.0644256996528543,15
1291,88,26,75,13,2.048743448775826,13
1292,51,25,60,11,2.045911349160181,14
1293,90,24,60,10,2.0397275719261816,14
1294,99,16,15,7,2.0375168850995924,9
1295,71,15,13,7,2.034952039339559,8
1296,15,12,7,6,2.0342255339967052,6
1297,13,14,70,6,2.032328222536006,8
1298,76,23,70,11,2.0205668013908826,12
1299,8,36,90,16,2.0194647820717804,20
1300,51,37,87,17,2.0163530509152494,20
1301,50,55,54,26,2.008813197017827,29
1302,33,10,99,5,1.9995697947435775,5
1303,46,38,11,17,1.9985912350445674,21
1304,84,10,35,5,1.9965083140622215,5
1305,107,53,63,27,1.992318042895758,26
1306,55,29,75,16,1.9837839725099493,13
1307,16,82,86,37,1.974675720559085,45
1308,87,29,104,15,1.973605616512049,14
1309,2,12,75,5,1.9694128550530172,7
1310,106,19,17,8,1.9601546930788782,11
1311,25,10,43,3,1.9520645077419574,7
1312,86,86,87,43,1.9485550378037633,43
1313,98,22,107,10,1.9482886679818217,12
1314,106,34,70,15,1.9471218681408475,19
1315,64,10,104,4,1.9410731528407534,6
1316,7,33,60,18,1.9407581634125182,15
1317,25,15,57,7,1.9367936004868358,8
1318,15,18,88,8,1.9314209078738165,10
1319,87,30,84,14,1.9310332903828065,16
1320,112,10,75,5,1.9289326018714483,5
1321,99,11,76,6,1.9173589523208343,5
1322,30,14,96,7,1.9170201840499577,7
1323,70,17,39,9,1.9157212262198098,8
1324,53,22,18,11,1.9060780502915782,11
1325,60,31,40,14,1.9033289648931253,17
1326,74,14,108,7,1.8987503296630384,7
1327,49,20,86,10,1.8976322802746382,10
1328,27,11,68,5,1.8938182757107234,6
1329,5,26,91,11,1.892251700304698,15
1330,5,49,96,22,1.8890948283914337,27
1331,16,48,74,22,1.8818651609735453,26
1332,98,18,37,9,1.8817953145609947,9
1333,20,15,76,8,1.8717042450890158,7
1334,74,13,17,6,1.8676704113074118,7
1335,37,44,28,20,1.8670737685584553,24
1336,37,95,5,46,1.8654288703425719,49
1337,2,17,84,8,1.8594432529031952,9
1338,73,11,55,5,1.8573977966447683,6
1339,86,55,55,26,1.8505820225718854,29
1340,7,35,65,19,1.8482985519963129,16
1341,34,12,106,5,1.8480424044178243,7
1342,50,18,114,8,1.8469975740050815,10
1343,37,46,51,24,1.8410186071468577,22
1344,55,12,64,5,1.8371304139760676,7
1345,94,10,87,5,1.8330912777415755,5
1346,102,13,99,6,1.8212893413036875,7
1347,106,38,88,16,1.8099801281733559,22
1348,2,20,37,10,1.7943143656917857,10
1349,11,45,16,19,1.7926390358211874,26
1350,39,37,55,17,1.791858076192847,20
1351,95,26,25,13,1.7915870343345557,13
1352,55,11,18,6,1.788615977764045,5
1353,30,13,104,6,1.7857310633357768,7
1354,97,21,46,10,1.7824502760939187,11
1355,37,25,90,12,1.7816453937181782,13
1356,96,55,107,25,1.7781061515399443,30
1357,114,15,63,7,1.775094103738666,8
1358,77,37,60,17,1.7689083885684986,20
1359,84,26,70,12,1.7530345342228948,14
1360,79,10,107,4,1.7505887367760633,6
1361,75,10,29,5,1.7461509403171567,5
1362,88,35,51,16,1.7397036536182067,19
1363,60,17,114,9,1.734041359870513,8
1364,60,13,11,7,1.72978393860355,6
1365,95,25,28,11,1.7143083531485523,14
1366,74,10,85,5,1.7134982697618455,5
1367,84,13,76,6,1.710890300241341,7
1368,13,24,68,11,1.7095208538086668,13
1369,86,14,33,6,1.6956445150868669,8
1370,87,25,46,13,1.6819991140712225,12
1371,76,29,96,13,1.6762730706442965,16
1372,96,14,73,7,1.6753693979758282,7
1373,77,15,5,7,1.6718563886987095,8
1374,96,35,55,17,1.6687962493300583,18
1375,32,11,109,6,1.6660133397695764,5
1376,63,76,86,34,1.665062155456317,42
1377,8,20,60,9,1.6641205129510446,11
1378,97,23,65,11,1.6236702657140518,12
1379,88,25,23,13,1.621207316857123,12
1380,55,49,88,22,1.6154630922330864,27
1381,41,25,7,12,1.6126223546144351,13
1382,63,25,70,12,1.612262611699524,13
1383,109,16,97,7,1.6022431108951518,9
1384,87,15,97,6,1.595552572689484,9
1385,13,41,104,19,1.5848284875739616,22
1386,2,15,25,8,1.5845186001024008,7
1387,68,17,87,8,1.5747539846864018,9
1388,84,18,80,8,1.570942028221592,10
1389,70,11,90,5,1.5691735166520109,6
1390,40,28,39,13,1.559246635927694,15
1391,63,16,68,8,1.5579991979329613,8
1392,40,10,11,5,1.55541521138649,5
1393,75,32,107,13,1.5532029263445577,19
1394,8,19,17,10,1.5403077254917843,9
1395,50,39,11,18,1.5332241488733838,21
1396,106,19,83,8,1.5311768047912764,11
1397,86,21,62,10,1.5281295682123723,11
1398,35,14,37,7,1.523131742310598,7
1399,107,18,34,9,1.5217523862370808,9
1400,39,11,4,5,1.5205153281631296,6
1401,16,17,2,8,1.5157503924432267,9
1402,46,12,55,5,1.5148590180899557,7
1403,88,24,114,11,1.5135173346862072,13
1404,70,13,9,6,1.504563121307626,7
1405,62,15,88,7,1.4996831435467608,8
1406,96,13,39,7,1.4959428717072818,6
1407,102,16,106,8,1.4908896648943566,8
1408,106,83,86,41,1.4851616230049764,42
1409,87,38,50,19,1.479901630593221,19
1410,20,28,16,12,1.47224219682996,16
1411,88,28,41,14,1.4680925884738476,14
1412,28,14,89,6,1.4639788382157592,8
1413,70,13,40,6,1.43617994756994,7
1414,91,12,54,6,1.4331424659599215,6
1415,63,18,40,8,1.4270950624577143,10
1416,106,14,110,7,1.4258595725562953,7
1417,106,20,109,9,1.4211012661720264,11
1418,74,10,98,5,1.4177496992788108,5
1419,87,40,54,18,1.4131847618133258,22
1420,102,15,11,6,1.4114820984859568,9
1421,65,23,39,10,1.4112643626413977,13
1422,55,27,84,13,1.3965203244162756,14
1423,25,59,16,28,1.3929676943202622,31
1424,83,19,97,10,1.3860983501952917,9
1425,39,12,12,6,1.3850490174415733,6
1426,11,48,28,24,1.3816823064618553,24
1427,97,13,50,7,1.3748102351512164,6
1428,86,17,85,8,1.3738528392472165,9
1429,90,11,76,6,1.3711097869836062,5
1430,97,12,75,7,1.365095248526459,5
1431,25,26,30,14,1.363384718034577,12
1432,8,63,28,29,1.3532960511779597,34
1433,23,31,86,14,1.3500249319326687,17
1434,104,24,109,12,1.3448623515902252,12
1435,79,17,28,8,1.3443965025775713,9
1436,84,17,90,8,1.3434141546201468,9
1437,23,24,65,12,1.3363941388740763,12
1438,8,66,37,32,1.3357403383797626,34
1439,23,13,54,6,1.3347092168121752,7
1440,87,40,88,20,1.330798184332504,20
1441,10,16,8,7,1.3145513780375315,9
1442,65,42,13,21,1.3070013975882528,21
1443,70,10,102,6,1.3043211125718095,4
1444,106,16,48,8,1.2966873109190276,8
1445,17,34,37,18,1.2727375464984247,16
1446,87,41,55,19,1.2726321489984762,22
1447,80,16,87,8,1.2702195356347876,8
1448,62,10,76,5,1.2686993930037311,5
1449,84,37,96,19,1.2684027154450666,18
1450,28,18,73,8,1.2674667464036864,10
1451,114,24,20,11,1.2632782432832785,13
1452,114,18,17,8,1.2631717601516683,10
1453,65,12,14,6,1.2593828148312758,6
1454,11,44,107,21,1.2577214098422742,23
1455,109,19,84,9,1.24524860607484,10
1456,97,21,88,11,1.2286481129273583,10
1457,7,13,64,7,1.215860653842199,6
1458,75,30,51,15,1.2134649542248057,15
1459,53,18,40,9,1.1980857598588648,9
1460,36,12,60,6,1.195190019193707,6
1461,25,25,109,12,1.1927554377225935,13
1462,86,83,28,39,1.1902605397684778,44
1463,57,14,28,7,1.1812096036740403,7
1464,88,19,93,10,1.1761331934222983,9
1465,95,15,23,8,1.1631694059656514,7
1466,2,40,8,20,1.1594572352269998,20
1467,7,25,106,13,1.1583556659237946,12
1468,54,23,39,11,1.1571835699823751,12
1469,20,14,48,6,1.1319086574299344,8
1470,20,11,7,6,1.129769919483782,5
1471,50,46,86,24,1.1275156635426211,22
1472,40,33,86,14,1.1273420357269663,19
1473,13,39,5,19,1.1249218143526358,20
1474,53,16,5,7,1.1100089939054687,9
1475,69,11,51,6,1.104249720135501,5
1476,6,15,16,8,1.100006398241832,7
1477,5,47,54,22,1.0944368571176064,25
1478,83,16,109,9,1.0939664342434448,7
1479,86,67,20,32,1.090808542947844,35
1480,111,11,8,6,1.0802670243020827,5
1481,9,22,28,10,1.0797667092568453,12
1482,83,33,55,17,1.0771475436917035,16
1483,67,20,37,9,1.0707700527635258,11
1484,84,59,107,29,1.0684618045247287,30
1485,39,14,20,8,1.0673965411691178,6
1486,57,10,104,3,1.055650316374437,7
1487,106,32,65,16,1.0529899835001633,16
1488,80,10,95,5,1.0516970090952047,5
1489,16,23,49,10,1.0511839451073195,13
1490,33,16,28,9,1.0436942408383045,7
1491,88,11,74,4,1.043558433601539,7
1492,68,16,75,7,1.039118054868598,9
1493,9,10,106,5,1.025810451978689,5
1494,70,10,33,5,1.0222975969230632,5
1495,20,23,80,11,1.0138169865719238,12
1496,65,51,63,25,1.0112200923509014,26
1497,75,21,74,9,1.010070693167421,12
1498,20,22,70,11,1.0037779537681712,11
1499,74,33,65,16,1.001896488848164,17
1500,109,10,71,5,0.9970275319814977,5
1501,107,13,14,7,0.9920091994330184,6
1502,106,67,28,32,0.9916026418837893,35
1503,41,10,68,5,0.9907749412357483,5
1504,104,14,53,7,0.9738506376807976,7
1505,96,44,87,22,0.9639736076499449,22
1506,64,10,68,5,0.9602783247067507,5
1507,14,14,5,6,0.9561035605846475,8
1508,98,18,54,9,0.9492588588977521,9
1509,87,38,74,18,0.9489215682392524,20
1510,37,20,76,11,0.942629410207245,9
1511,23,21,25,10,0.9363341713180622,11
1512,49,12,8,5,0.934404378662043,7
1513,8,32,93,16,0.929819616045558,16
1514,25,22,83,10,0.9290503981463761,12
1515,104,26,39,13,0.9266699265535022,13
1516,25,14,44,7,0.9260507045996414,7
1517,18,18,74,8,0.9157992079065538,10
1518,108,10,25,5,0.9146750049457186,5
1519,68,11,106,5,0.9123663165558766,6
1520,18,15,65,8,0.9097582893498202,7
1521,10,10,114,4,0.8617397018011257,6
1522,96,13,109,6,0.860547999068384,7
1523,49,11,51,5,0.850234920668641,6
1524,25,21,17,10,0.8501204774315503,11
1525,8,64,54,33,0.8453996480922652,31
1526,28,42,65,20,0.8424488738435458,22
1527,55,16,9,8,0.83539092148884,8
1528,86,10,89,4,0.8309374732906825,6
1529,2,16,46,8,0.8285194662826778,8
1530,70,18,75,10,0.8251218966341022,8
1531,83,15,60,8,0.8249582076687048,7
1532,74,37,25,18,0.8204962979912085,19
1533,25,14,90,7,0.8193923685462247,7
1534,49,14,17,6,0.8168710470278943,8
1535,8,14,80,6,0.8089658215861046,8
1536,25,40,39,20,0.8087773618763647,20
1537,48,12,13,6,0.8080555546550418,6
1538,106,55,87,26,0.7882945133949287,29
1539,65,16,84,8,0.7808353432634707,8
1540,33,15,104,8,0.7704375614853092,7
1541,83,13,7,8,0.7695159448560518,5
1542,51,10,57,5,0.7683757112822238,5
1543,106,33,104,15,0.7665725528171266,18
1544,11,15,51,8,0.765784841674621,7
1545,107,12,68,5,0.7587078736210321,7
1546,114,15,51,7,0.7514919339071914,8
1547,114,22,74,12,0.7506194135084285,10
1548,28,27,48,13,0.7484805696104432,14
1549,65,30,37,16,0.7390927440074131,14
1550,31,13,75,6,0.7282097535423555,7
1551,65,16,53,7,0.7269605340502058,9
1552,8,46,11,21,0.7230407809506088,25
1553,88,12,48,5,0.721628645159468,7
1554,82,13,28,7,0.7153587234866209,6
1555,75,29,39,15,0.7103866309575745,14
1556,88,30,84,16,0.7084791071128511,14
1557,76,15,30,8,0.708134364255956,7
1558,114,45,107,22,0.6982803813662544,23
1559,27,11,99,6,0.6941577039356042,5
1560,91,15,39,7,0.6883006418308203,8
1561,87,14,49,8,0.6840823406866632,6
1562,29,12,16,5,0.6823544697986406,7
1563,13,10,109,5,0.6790064404355697,5
1564,23,15,15,7,0.6735916899677631,8
1565,86,40,109,20,0.6659071233676257,20
1566,31,15,60,8,0.6625847419946697,7
1567,97,23,16,13,0.6584607423108081,10
1568,106,46,11,20,0.6535108004818931,26
1569,98,16,50,8,0.6426219058041094,8
1570,16,19,43,8,0.6408960966953514,11
1571,107,63,28,30,0.6317236545166676,33
1572,74,29,104,15,0.6271717482215421,14
1573,11,11,97,6,0.6269874474505769,5
1574,107,62,5,31,0.6252815058217583,31
1575,107,52,74,24,0.623333674463133,28
1576,28,70,16,35,0.6212975055336629,35
1577,50,24,51,12,0.6201179115513402,12
1578,102,11,98,6,0.6175099367937772,5
1579,107,14,1,7,0.6036375512016736,7
1580,97,17,93,8,0.5934767161556218,9
1581,25,38,114,20,0.5872708891298798,18
1582,2,17,96,8,0.5793042045284421,9
1583,11,14,35,7,0.5717880493559687,7
1584,53,11,95,6,0.5679657072654817,5
1585,97,30,2,14,0.5614740846174435,16
1586,84,29,50,15,0.5600416600783537,14
1587,83,10,2,5,0.5594397265150824,5
1588,102,10,84,5,0.555323987307036,5
1589,60,21,107,11,0.5527465921251181,10
1590,50,25,65,12,0.5410298532564218,13
1591,41,12,95,5,0.5396942316178904,7
1592,76,18,46,9,0.528169825790584,9
1593,87,10,4,5,0.5224275012201673,5
1594,107,10,94,6,0.5213574094812394,4
1595,86,14,34,7,0.5201415239407956,7
1596,104,31,7,15,0.5152637381113638,16
1597,95,28,74,13,0.47842550860281996,15
1598,20,19,2,9,0.46802771578138846,10
1599,73,14,114,6,0.46595036800587825,8
1600,74,16,7,10,0.44922344279131066,6
1601,90,15,11,7,0.4409004522210816,8
1602,33,13,54,7,0.43670790689912964,6
1603,8,74,107,39,0.43526473064358406,35
1604,74,17,80,9,0.4324611679866122,8
1605,65,22,75,11,0.4300979211017065,11
1606,11,16,32,9,0.41605311029258796,7
1607,50,10,4,5,0.4143795181104288,5
1608,84,14,79,8,0.41419542722796737,6
1609,88,50,46,24,0.40974216717370715,26
1610,53,23,16,11,0.40833174016746493,12
1611,63,38,5,16,0.40800993583737216,22
1612,70,51,8,26,0.40767994697233234,25
1613,51,45,55,23,0.40066437829646645,22
1614,99,14,104,8,0.39792129449437547,6
1615,90,15,17,8,0.39476347822724994,7
1616,60,26,88,11,0.3935493821293366,15
1617,8,13,44,6,0.3904420875790005,7
1618,104,22,98,13,0.390344641080382,9
1619,55,12,71,5,0.382681476916952,7
1620,60,20,87,10,0.37738253997430127,10
1621,39,22,95,11,0.37488509034023904,11
1622,9,10,13,4,0.3681826978313293,6
1623,86,48,70,25,0.36759015841117204,23
1624,28,22,83,9,0.36492740395353174,13
1625,107,11,9,7,0.3477227270310074,4
1626,54,25,84,13,0.33308077981097683,12
1627,23,39,16,19,0.33188821868649054,20
1628,83,18,88,10,0.32681938667449933,8
1629,75,10,41,5,0.32461158570192233,5
1630,114,21,97,10,0.32357523675310906,11
1631,76,20,11,9,0.3179380930289623,11
1632,8,75,55,39,0.31178306035257475,36
1633,16,39,70,18,0.3070972120099422,21
1634,104,15,18,7,0.2965312941502345,8
1635,75,14,30,7,0.2893998829760103,7
1636,37,13,39,7,0.28210005082695544,6
1637,67,12,25,6,0.2816428039469064,6
1638,74,38,54,18,0.2707426697250304,20
1639,65,43,55,20,0.2672931134757015,23
1640,84,11,17,5,0.26657119917942235,6
1641,28,23,76,12,0.2624094415845059,11
1642,33,11,96,7,0.2613811530785739,4
1643,28,18,71,8,0.2547312662987768,10
1644,95,40,5,21,0.25348100991507183,19
1645,30,10,108,5,0.24117256366227835,5
1646,28,32,51,17,0.22942654135968313,15
1647,11,40,87,22,0.22473431916089695,18
1648,86,13,78,6,0.21601840566709724,7
1649,39,23,53,10,0.20660101576937961,13
1650,88,17,4,8,0.2029179351590433,9
1651,106,69,8,32,0.1950573284676129,37
1652,14,14,106,6,0.19021668109411646,8
1653,28,26,39,13,0.18775719177901556,13
1654,20,11,104,5,0.18707180650761046,6
1655,88,46,107,22,0.17737831400305515,24
1656,37,13,62,8,0.17494933246516955,5
1657,33,13,95,6,0.16746373964834158,7
1658,57,20,37,10,0.16220303080862575,10
1659,16,19,33,8,0.15766880077552775,11
1660,57,16,86,8,0.15508905237468196,8
1661,11,25,74,12,0.15006666233224167,13
1662,76,12,88,7,0.14822849742764474,5
1663,65,12,43,5,0.14707048531237632,7
1664,50,16,34,8,0.13128791109247806,8
1665,93,17,107,8,0.12757170749762345,9
1666,100,20,106,11,0.12223853702694036,9
1667,11,32,63,18,0.1149495311465305,14
1668,74,21,2,11,0.11327187771293404,10
1669,41,18,39,9,0.10519813339688572,9
1670,87,57,5,28,0.10062627053374182,29
1671,13,29,27,15,0.0854346352641382,14
1672,79,15,16,7,0.0846210771917389,8
1673,11,27,39,14,0.08435132768700179,13
1674,65,22,11,12,0.08328669901936944,10
1675,63,26,25,12,0.08268718249852224,14
1676,90,17,88,9,0.07413833306968426,8
1677,114,29,104,16,0.06149216409898199,13
1678,95,46,86,21,0.0533388813813724,25
1679,51,19,53,9,0.0508674735318445,10
1680,38,15,63,8,0.03570970786892407,7
1681,87,13,14,7,0.034291897518969265,6
1682,23,10,104,4,0.020459743990741686,6
1683,51,25,84,12,0.01096799308021332,13
1684,114,35,37,19,0.00622221621453757,16
1685,109,20,102,10,0.0026602667859183526,10
1686,99,25,55,13,0.0009906570474895915,12
1687,55,25,99,12,-0.0009906570474892363,13
1688,102,20,109,10,-0.0026602667859165763,10
1689,37,35,114,16,-0.006222216214538382,19
1690,84,25,51,13,-0.01096799308021332,12
1691,88,29,20,16,-0.011978973913990448,13
1692,104,10,23,6,-0.02045974399074204,4
1693,14,13,87,6,-0.034291897518968995,7
1694,63,15,38,7,-0.035709707868921234,8
1695,53,19,51,10,-0.050867473531845814,9
1696,86,46,95,25,-0.053338881381371626,21
1697,104,29,114,13,-0.06149216409898297,16
1698,88,17,90,8,-0.07413833306968468,9
1699,25,26,63,14,-0.08268718249852142,12
1700,11,22,65,10,-0.08328669901936994,12
1701,39,27,11,13,-0.08435132768700153,14
1702,16,15,79,8,-0.08462107719174033,7
1703,27,29,13,14,-0.08543463526413796,15
1704,5,57,87,29,-0.10062627053374157,28
1705,39,18,41,9,-0.10519813339688591,9
1706,2,21,74,10,-0.11327187771293505,11
1707,63,32,11,14,-0.11494953114653139,18
1708,106,20,100,9,-0.12223853702694125,11
1709,34,16,50,8,-0.13128791109247828,8
1710,43,12,65,7,-0.1470704853123769,5
1711,88,12,76,5,-0.1482284974276471,7
1712,74,25,11,13,-0.1500666623322408,12
1713,86,16,57,8,-0.15508905237468193,8
1714,33,19,16,11,-0.15766880077552733,8
1715,37,20,57,10,-0.162203030808627,10
1716,95,13,33,7,-0.16746373964834213,6
1717,62,13,37,5,-0.17494933246516897,8
1718,104,11,20,6,-0.1870718065076108,5
1719,39,26,28,13,-0.18775719177901487,13
1720,106,14,14,8,-0.19021668109411646,6
1721,8,69,106,37,-0.19505732846761326,32
1722,4,17,88,9,-0.20291793515904394,8
1723,53,23,39,13,-0.20660101576937992,10
1724,78,13,86,7,-0.21601840566709504,6
1725,87,40,11,18,-0.22473431916089676,22
1726,51,32,28,15,-0.22942654135968277,17
1727,108,10,30,5,-0.24117256366227763,5
1728,5,40,95,19,-0.253481009915071,21
1729,71,18,28,10,-0.2547312662987772,8
1730,96,11,33,4,-0.26138115307857424,7
1731,76,23,28,11,-0.2624094415845068,12
1732,17,11,84,6,-0.26657119917942235,5
1733,55,43,65,23,-0.26729311347570217,20
1734,54,38,74,20,-0.27074266972503125,18
1735,25,12,67,6,-0.2816428039469064,6
1736,39,13,37,6,-0.28210005082695544,7
1737,30,14,75,7,-0.2893998829760103,7
1738,18,15,104,8,-0.2965312941502342,7
1739,70,39,16,21,-0.3070972120099418,18
1740,55,75,8,36,-0.3117830603525748,39
1741,97,21,114,11,-0.32357523675310906,10
1742,41,10,75,5,-0.32461158570192233,5
1743,88,18,83,8,-0.32681938667449884,10
1744,16,39,23,20,-0.3318882186864906,19
1745,84,25,54,12,-0.33308077981097556,13
1746,9,11,107,4,-0.3477227270310074,7
1747,83,22,28,13,-0.36492740395353107,9
1748,70,48,86,23,-0.367590158411171,25
1749,13,10,9,6,-0.36818269783132856,4
1750,95,22,39,11,-0.3748850903402392,11
1751,87,20,60,10,-0.3773825399743007,10
1752,71,12,55,7,-0.38268147691695403,5
1753,98,22,104,9,-0.39034464108038125,13
1754,44,13,8,7,-0.3904420875789997,6
1755,88,26,60,15,-0.3935493821293363,11
1756,17,15,90,7,-0.39476347822725016,8
1757,104,14,99,6,-0.39792129449437524,8
1758,55,45,51,22,-0.40066437829646706,23
1759,8,51,70,25,-0.4076799469723319,26
1760,5,38,63,22,-0.4080099358373725,16
1761,16,23,53,12,-0.4083317401674652,11
1762,46,50,88,26,-0.4097421671737061,24
1763,79,14,84,6,-0.414195427227968,8
1764,4,10,50,5,-0.41437951811042917,5
1765,32,16,11,7,-0.4160531102925862,9
1766,75,22,65,11,-0.43009792110170686,11
1767,80,17,74,8,-0.4324611679866118,9
1768,107,74,8,35,-0.43526473064358473,39
1769,54,13,33,6,-0.43670790689912903,7
1770,11,15,90,8,-0.4409004522210813,7
1771,7,16,74,6,-0.4492234427913093,10
1772,114,14,73,8,-0.4659503680058797,6
1773,2,19,20,10,-0.4680277157813875,9
1774,106,38,76,21,-0.4712121694924553,17
1775,74,28,95,15,-0.4784255086028221,13
1776,7,31,104,16,-0.5152637381113647,15
1777,34,14,86,7,-0.5201415239407952,7
1778,94,10,107,4,-0.5213574094812394,6
1779,4,10,87,5,-0.5224275012201673,5
1780,46,18,76,9,-0.5281698257905821,9
1781,95,12,41,7,-0.5396942316178889,5
1782,65,25,50,13,-0.5410298532564222,12
1783,107,21,60,10,-0.5527465921251181,11
1784,84,10,102,5,-0.5553239873070354,5
1785,2,10,83,5,-0.559439726515081,5
1786,50,29,84,14,-0.5600416600783534,15
1787,2,30,97,16,-0.5614740846174444,14
1788,95,11,53,5,-0.567965707265482,6
1789,35,14,11,7,-0.5717880493559682,7
1790,93,11,20,5,-0.5766686262962127,6
1791,96,17,2,9,-0.5793042045284422,8
1792,114,38,25,18,-0.5872708891298799,20
1793,93,17,97,9,-0.5934767161556219,8
1794,1,14,107,7,-0.6036375512016734,7
1795,98,11,102,5,-0.6175099367937773,6
1796,51,24,50,12,-0.6201179115513401,12
1797,16,70,28,35,-0.6212975055336629,35
1798,5,62,107,31,-0.6252815058217575,31
1799,97,11,11,5,-0.626987447450576,6
1800,104,29,74,14,-0.6271717482215434,15
1801,28,63,107,33,-0.6317236545166688,30
1802,43,19,16,11,-0.6408960966953504,8
1803,50,16,98,8,-0.6426219058041119,8
1804,11,46,106,26,-0.6535108004818926,20
1805,16,23,97,10,-0.6584607423108081,13
1806,60,15,31,7,-0.6625847419946697,8
1807,109,40,86,20,-0.6659071233676254,20
1808,15,15,23,8,-0.6735916899677633,7
1809,109,10,13,5,-0.67900644043557,5
1810,16,12,29,7,-0.6823544697986406,5
1811,49,14,87,6,-0.6840823406866632,8
1812,39,15,91,8,-0.6883006418308211,7
1813,99,11,27,5,-0.6941577039356038,6
1814,106,38,107,19,-0.6959961834151963,19
1815,107,45,114,23,-0.6982803813662546,22
1816,30,15,76,7,-0.708134364255956,8
1817,84,30,88,14,-0.7084791071128513,16
1818,39,29,75,14,-0.710386630957576,15
1819,28,13,82,6,-0.7153587234866207,7
1820,107,29,90,15,-0.7206295892273683,14
1821,48,12,88,7,-0.7216286451594675,5
1822,11,46,8,25,-0.7230407809506088,21
1823,53,16,65,9,-0.7269605340502054,7
1824,75,13,31,7,-0.7282097535423545,6
1825,37,30,65,14,-0.7390927440074138,16
1826,48,27,28,14,-0.7484805696104441,13
1827,74,22,114,10,-0.7506194135084283,12
1828,51,15,114,8,-0.7514919339071905,7
1829,68,12,107,7,-0.7587078736210332,5
1830,51,15,11,7,-0.7657848416746224,8
1831,104,33,106,18,-0.7665725528171268,15
1832,57,10,51,5,-0.768375711282222,5
1833,7,13,83,5,-0.7695159448560503,8
1834,104,15,33,7,-0.7704375614853106,8
1835,84,16,65,8,-0.7808353432634698,8
1836,87,55,106,29,-0.7882945133949288,26
1837,13,12,48,6,-0.808055554655042,6
1838,39,40,25,20,-0.8087773618763645,20
1839,80,14,8,8,-0.8089658215861041,6
1840,17,14,49,8,-0.8168710470278943,6
1841,90,14,25,7,-0.8193923685462242,7
1842,20,27,74,13,-0.8203305748765273,14
1843,25,37,74,19,-0.8204962979912087,18
1844,60,15,83,7,-0.8249582076687048,8
1845,75,18,70,8,-0.8251218966341024,10
1846,46,16,2,8,-0.8285194662826783,8
1847,89,10,86,6,-0.8309374732906832,4
1848,9,16,55,8,-0.8353909214888394,8
1849,65,42,28,22,-0.8424488738435456,20
1850,54,64,8,31,-0.8453996480922648,33
1851,17,21,25,11,-0.8501204774315487,10
1852,51,11,49,6,-0.8502349206686404,5
1853,109,13,96,7,-0.8605479990683851,6
1854,114,10,10,6,-0.8617397018011254,4
1855,65,15,18,7,-0.9097582893498202,8
1856,106,11,68,6,-0.9123663165558775,5
1857,25,10,108,5,-0.9146750049457175,5
1858,74,18,18,10,-0.915799207906551,8
1859,44,14,25,7,-0.9260507045996424,7
1860,39,26,104,13,-0.9266699265535011,13
1861,83,22,25,12,-0.9290503981463769,10
1862,93,32,8,16,-0.9298196160455592,16
1863,8,12,49,7,-0.934404378662043,5
1864,25,21,23,11,-0.9363341713180617,10
1865,76,20,37,9,-0.9426294102072454,11
1866,74,38,87,20,-0.9489215682392524,18
1867,54,18,98,9,-0.9492588588977507,9
1868,5,14,14,8,-0.9561035605846475,6
1869,68,10,64,5,-0.9602783247067519,5
1870,87,44,96,22,-0.9639736076499452,22
1871,53,14,104,7,-0.9738506376807982,7
1872,68,10,41,5,-0.9907749412357483,5
1873,28,67,106,35,-0.9916026418837889,32
1874,71,10,109,5,-0.9970275319814981,5
1875,65,33,74,17,-1.0018964888481645,16
1876,70,22,20,11,-1.00377795376817,11
1877,74,21,75,12,-1.0100706931674222,9
1878,63,51,65,26,-1.0112200923509016,25
1879,80,23,20,12,-1.0138169865719233,11
1880,33,10,70,5,-1.0222975969230645,5
1881,106,10,9,5,-1.025810451978689,5
1882,75,16,68,9,-1.0391180548685977,7
1883,74,11,88,7,-1.0435584336015389,4
1884,28,16,33,7,-1.0436942408383059,9
1885,107,38,106,20,-1.048395003392752,18
1886,49,23,16,13,-1.0511839451073195,10
1887,95,10,80,5,-1.0516970090952036,5
1888,65,32,106,16,-1.0529899835001635,16
1889,104,10,57,7,-1.0556503163744377,3
1890,20,14,39,6,-1.0673965411691182,8
1891,107,59,84,30,-1.06846180452473,29
1892,37,20,67,11,-1.0707700527635244,9
1893,55,33,83,16,-1.0771475436917033,17
1894,28,22,9,12,-1.0797667092568441,10
1895,8,11,111,5,-1.0802670243020815,6
1896,20,67,86,35,-1.090808542947844,32
1897,109,16,83,7,-1.0939664342434439,9
1898,54,47,5,25,-1.094436857117606,22
1899,16,15,6,7,-1.1000063982418324,8
1900,51,11,69,5,-1.1042497201355013,6
1901,5,16,53,9,-1.1100089939054691,7
1902,5,39,13,20,-1.1249218143526365,19
1903,86,33,40,19,-1.1273420357269668,14
1904,86,46,50,22,-1.1275156635426204,24
1905,7,11,20,5,-1.1297699194837811,6
1906,48,14,20,8,-1.1319086574299342,6
1907,39,23,54,12,-1.1571835699823747,11
1908,106,25,7,12,-1.1583556659237946,13
1909,8,40,2,20,-1.1594572352270007,20
1910,23,15,95,7,-1.1631694059656525,8
1911,93,19,88,9,-1.1761331934222976,10
1912,28,14,57,7,-1.181209603674041,7
1913,28,83,86,44,-1.190260539768478,39
1914,109,25,25,13,-1.1927554377225942,12
1915,60,12,36,6,-1.1951900191937082,6
1916,40,18,53,9,-1.1980857598588637,9
1917,51,30,75,15,-1.2134649542248066,15
1918,64,13,7,6,-1.215860653842198,7
1919,76,38,106,18,-1.2272739860837023,20
1920,88,21,97,10,-1.2286481129273579,11
1921,84,19,109,10,-1.2452486060748378,9
1922,14,12,65,6,-1.259382814831276,6
1923,17,18,114,10,-1.2631717601516688,8
1924,20,24,114,13,-1.263278243283281,11
1925,73,18,28,10,-1.2674667464036864,8
1926,96,37,84,18,-1.2684027154450674,19
1927,76,10,62,5,-1.2686993930037296,5
1928,87,16,80,8,-1.2702195356347867,8
1929,55,41,87,22,-1.2726321489984769,19
1930,37,34,17,16,-1.272737546498424,18
1931,102,10,70,4,-1.3043211125718082,6
1932,13,42,65,21,-1.3070013975882524,21
1933,8,16,10,9,-1.3145513780375313,7
1934,88,40,87,20,-1.3307981843325045,20
1935,54,13,23,7,-1.3347092168121735,6
1936,37,66,8,34,-1.3357403383797612,32
1937,65,24,23,12,-1.3363941388740777,12
1938,90,17,84,9,-1.3434141546201466,8
1939,28,17,79,9,-1.3443965025775715,8
1940,109,24,104,12,-1.3448623515902252,12
1941,86,31,23,17,-1.3500249319326674,14
1942,28,63,8,34,-1.3532960511779586,29
1943,30,26,25,12,-1.3633847180345777,14
1944,75,12,97,5,-1.365095248526459,7
1945,76,11,90,5,-1.371109786983603,6
1946,85,17,86,9,-1.3738528392472158,8
1947,50,13,97,6,-1.3748102351512186,7
1948,28,48,11,24,-1.3816823064618546,24
1949,12,12,39,6,-1.3850490174415748,6
1950,97,19,83,9,-1.386098350195291,10
1951,16,59,25,31,-1.3929676943202618,28
1952,84,27,55,14,-1.3965203244162752,13
1953,39,23,65,13,-1.4112643626413992,10
1954,11,15,102,9,-1.4114820984859553,6
1955,54,40,87,22,-1.413184761813326,18
1956,98,10,74,5,-1.417749699278812,5
1957,109,20,106,11,-1.4211012661720264,9
1958,110,14,106,7,-1.425859572556296,7
1959,40,18,63,10,-1.4270950624577134,8
1960,54,12,91,6,-1.4331424659599221,6
1961,40,13,70,7,-1.4361799475699388,6
1962,89,14,28,8,-1.4639788382157586,6
1963,41,28,88,14,-1.468092588473848,14
1964,16,28,20,16,-1.4722421968299606,12
1965,50,38,87,19,-1.4799016305932213,19
1966,106,16,102,8,-1.4908896648943564,8
1967,39,13,96,6,-1.4959428717072825,7
1968,88,15,62,8,-1.4996831435467617,7
1969,9,13,70,7,-1.5045631213076247,6
1970,114,24,88,13,-1.5135173346862076,11
1971,55,12,46,7,-1.514859018089955,5
1972,2,17,16,9,-1.5157503924432272,8
1973,4,11,39,6,-1.520515328163129,5
1974,34,18,107,9,-1.5217523862370805,9
1975,37,14,35,7,-1.523131742310598,7
1976,62,21,86,11,-1.528129568212373,10
1977,83,19,106,11,-1.531176804791276,8
1978,11,39,50,21,-1.5332241488733842,18
1979,17,19,8,9,-1.5403077254917807,10
1980,107,32,75,19,-1.5532029263445573,13
1981,11,10,40,5,-1.555415211386489,5
1982,68,16,63,8,-1.557999197932964,8
1983,39,28,40,15,-1.5592466359276946,13
1984,90,11,70,6,-1.5691735166520102,5
1985,80,18,84,10,-1.5709420282215925,8
1986,87,17,68,9,-1.5747539846864025,8
1987,25,15,2,7,-1.5845186001024019,8
1988,104,41,13,22,-1.5848284875739616,19
1989,97,15,87,9,-1.5955525726894844,6
1990,97,16,109,9,-1.6022431108951523,7
1991,70,25,63,13,-1.612262611699524,12
1992,7,25,41,13,-1.6126223546144336,12
1993,88,49,55,27,-1.6154630922330873,22
1994,23,25,88,12,-1.621207316857123,13
1995,65,23,97,12,-1.6236702657140516,11
1996,60,20,8,11,-1.6641205129510446,9
1997,86,76,63,42,-1.665062155456317,34
1998,109,11,32,5,-1.666013339769578,6
1999,55,35,96,18,-1.6687962493300583,17
2000,5,15,77,8,-1.671856388698709,7
2001,73,14,96,7,-1.6753693979758282,7
2002,96,29,76,16,-1.676273070644297,13
2003,46,25,87,12,-1.6819991140712227,13
2004,33,14,86,8,-1.695644515086867,6
2005,68,24,13,13,-1.7095208538086661,11
2006,76,13,84,7,-1.710890300241341,6
2007,85,10,74,5,-1.7134982697618457,5
2008,28,25,95,14,-1.7143083531485501,11
2009,11,13,60,6,-1.729783938603551,7
2010,114,17,60,8,-1.7340413598705129,9
2011,51,35,88,19,-1.7397036536182058,16
2012,29,10,75,5,-1.7461509403171567,5
2013,107,10,79,6,-1.7505887367760633,4
2014,70,26,84,14,-1.7530345342228948,12
2015,60,37,77,20,-1.7689083885684982,17
2016,63,15,114,8,-1.7750941037386656,7
2017,107,55,96,30,-1.778106151539944,25
2018,90,25,37,13,-1.7816453937181784,12
2019,46,21,97,11,-1.7824502760939194,10
2020,104,13,30,7,-1.7857310633357777,6
2021,18,11,55,5,-1.7886159777640436,6
2022,25,26,95,13,-1.7915870343345555,13
2023,55,37,39,20,-1.7918580761928478,17
2024,37,20,2,10,-1.7943143656917857,10
2025,88,38,106,22,-1.8099801281733543,16
2026,99,13,102,7,-1.8212893413036864,6
2027,87,10,94,5,-1.8330912777415755,5
2028,64,12,55,7,-1.837130413976068,5
2029,51,46,37,22,-1.8410186071468577,24
2030,114,18,50,10,-1.8469975740050815,8
2031,106,12,34,7,-1.848042404417825,5
2032,65,35,7,16,-1.8482985519963124,19
2033,55,55,86,29,-1.850582022571885,26
2034,55,11,73,6,-1.8573977966447686,5
2035,84,17,2,9,-1.859443252903194,8
2036,5,95,37,49,-1.865428870342572,46
2037,28,44,37,24,-1.8670737685584557,20
2038,17,13,74,7,-1.8676704113074127,6
2039,76,15,20,7,-1.871704245089016,8
2040,37,18,98,9,-1.8817953145609947,9
2041,74,48,16,26,-1.8818651609735453,22
2042,96,49,5,27,-1.889094828391433,22
2043,91,26,5,15,-1.8922517003046981,11
2044,68,11,27,6,-1.8938182757107247,5
2045,86,20,49,10,-1.8976322802746393,10
2046,108,14,74,7,-1.8987503296630384,7
2047,40,31,60,17,-1.9033289648931253,14
2048,18,22,53,11,-1.9060780502915775,11
2049,39,17,70,8,-1.9157212262198098,9
2050,96,14,30,7,-1.9170201840499566,7
2051,76,11,99,5,-1.9173589523208336,6
2052,75,10,112,5,-1.9289326018714505,5
2053,84,30,87,16,-1.9310332903828082,14
2054,88,18,15,10,-1.931420907873816,8
2055,57,15,25,8,-1.9367936004868347,7
2056,60,33,7,15,-1.9407581634125182,18
2057,104,10,64,6,-1.9410731528407539,4
2058,70,34,106,19,-1.9471218681408484,15
2059,107,22,98,12,-1.948288667981822,10
2060,43,10,25,7,-1.9520645077419574,3
2061,17,19,106,11,-1.9601546930788794,8
2062,75,12,2,7,-1.9694128550530146,5
2063,104,29,87,14,-1.9736056165120488,15
2064,86,82,16,45,-1.974675720559086,37
2065,75,29,55,13,-1.9837839725099509,16
2066,63,53,107,26,-1.9923180428957599,27
2067,35,10,84,5,-1.996508314062219,5
2068,11,38,46,21,-1.9985912350445674,17
2069,99,10,33,5,-1.9995697947435764,5
2070,107,46,88,25,-2.0078030705034657,21
2071,54,55,50,29,-2.0088131970178265,26
2072,87,37,51,20,-2.016353050915247,17
2073,90,36,8,20,-2.01946478207178,16
2074,70,23,76,12,-2.0205668013908817,11
2075,70,14,13,8,-2.0323282225360066,6
2076,7,12,15,6,-2.0342255339967052,6
2077,13,15,71,8,-2.0349520393395597,7
2078,15,16,99,9,-2.037516885099592,7
2079,60,24,90,14,-2.039727571926182,10
2080,60,25,51,14,-2.045911349160179,11
2081,75,26,88,13,-2.0487434487758263,13
2082,106,30,97,15,-2.0644256996528543,15
2083,68,20,86,10,-2.0669847236157617,10
2084,98,21,16,11,-2.0672287007178314,10
2085,25,26,50,13,-2.0720055901853556,13
2086,46,15,57,8,-2.074703746609149,7
2087,63,10,82,5,-2.0779758612966877,5
2088,18,14,8,7,-2.0890500090658657,7
2089,106,10,40,5,-2.0918702037357386,5
2090,75,15,91,5,-2.0918744194384904,10
2091,5,62,28,32,-2.10037433995057,30
2092,63,36,87,18,-2.1105723154633473,18
2093,88,64,8,34,-2.111365639326183,30
2094,30,13,48,6,-2.114145406665778,7
2095,84,15,25,8,-2.118395686595601,7
2096,90,29,107,15,-2.1196846881008575,14
2097,89,10,41,5,-2.1249948420964526,5
2098,63,24,75,13,-2.128155085432659,11
2099,33,15,8,9,-2.1294027544913625,6
2100,93,13,70,7,-2.1349452441535393,6
2101,106,14,73,7,-2.1399583589315894,7
2102,50,16,109,8,-2.1420450648202096,8
2103,95,28,87,15,-2.142445903248265,13
2104,87,19,2,10,-2.1505411632732674,9
2105,63,17,46,8,-2.154361145113282,9
2106,40,10,28,5,-2.1553702086165254,5
2107,29,10,23,5,-2.1610971150686176,5
2108,55,20,111,11,-2.1630144850271353,9
2109,63,47,16,25,-2.166839182108281,22
2110,7,27,68,13,-2.1714156499846777,14
2111,98,14,51,8,-2.172291215705228,6
2112,17,16,46,8,-2.1770511157595913,8
2113,18,12,54,6,-2.1781887910696103,6
2114,74,64,8,36,-2.1866220406514896,28
2115,14,11,96,6,-2.19268862994012,5
2116,48,23,8,13,-2.2004165749645987,10
2117,84,24,37,13,-2.2012234645498956,11
2118,74,52,107,29,-2.2073550983577204,23
2119,2,28,86,14,-2.2092021993038244,14
2120,3,10,28,6,-2.2170154466950462,4
2121,100,16,28,9,-2.2255414738387724,7
2122,50,37,106,21,-2.225933629118432,16
2123,107,54,54,29,-2.2276425220621663,25
2124,65,62,16,34,-2.229119045696074,28
2125,8,23,76,12,-2.2293930206952894,11
2126,74,27,20,15,-2.230377352624161,12
2127,15,21,16,12,-2.24111654358826,9
2128,90,40,86,22,-2.252009765285282,18
2129,28,34,46,20,-2.254966612496791,14
2130,86,83,106,43,-2.2627817906181558,40
2131,96,66,28,35,-2.2674069446039327,31
2132,51,35,54,18,-2.268252349175248,17
2133,13,14,20,7,-2.2829752214595276,7
2134,16,29,90,17,-2.2849821824969294,12
2135,98,14,7,8,-2.2889298542952425,6
2136,41,15,23,8,-2.2958670497181766,7
2137,96,36,106,20,-2.2984565902488896,16
2138,38,20,86,11,-2.3173947721062502,9
2139,70,30,107,16,-2.3257523274084737,14
2140,43,11,37,7,-2.33260542076611,4
2141,109,16,107,10,-2.3343938372579824,6
2142,16,26,41,14,-2.335228792530654,12
2143,11,12,33,5,-2.336303729576231,7
2144,87,12,36,6,-2.354715027269382,6
2145,109,14,48,8,-2.3615030071790217,6
2146,5,23,99,12,-2.3616219022642833,11
2147,46,12,68,6,-2.370725451377498,6
2148,46,30,107,15,-2.376197556958864,15
2149,95,33,104,18,-2.376959906865749,15
2150,25,20,15,12,-2.380758889536655,8
2151,106,37,55,21,-2.3810565798343375,16
2152,65,15,46,9,-2.3812772869767134,6
2153,109,16,51,10,-2.3852439011289586,6
2154,109,20,20,12,-2.3908375286297607,8
2155,51,22,70,11,-2.394448723174666,11
2156,84,14,93,8,-2.3958694367553792,6
2157,97,27,25,15,-2.4001130715079033,12
2158,86,19,99,11,-2.400382898068693,8
2159,50,22,17,11,-2.403392331478124,11
2160,70,17,25,9,-2.4059439548438926,8
2161,74,30,97,16,-2.4074183939615588,14
2162,86,13,110,7,-2.4084031140746323,6
2163,99,11,109,6,-2.419517402501058,5
2164,107,22,91,12,-2.4240991683148194,10
2165,65,41,104,22,-2.4293011067155126,19
2166,99,21,87,12,-2.432411032680885,9
2167,97,17,20,9,-2.4355837212433706,8
2168,17,12,4,7,-2.437480839130332,5
2169,65,29,8,15,-2.438665596073666,14
2170,16,48,104,25,-2.4421458880451965,23
2171,50,10,32,4,-2.4440541907162716,6
2172,60,33,13,18,-2.4450560119913516,15
2173,5,48,46,27,-2.452279517290662,21
2174,49,14,54,7,-2.454208065190869,7
2175,51,38,8,20,-2.462849602687563,18
2176,20,39,8,21,-2.4774464429650904,18
2177,18,16,87,8,-2.479184416488212,8
2178,104,21,70,11,-2.4822125117653573,10
2179,17,28,51,16,-2.4842837769178354,12
2180,18,12,60,7,-2.489438198061326,5
2181,107,26,23,14,-2.494290004886282,12
2182,109,18,37,10,-2.5010134043415313,8
2183,37,55,107,30,-2.511119120051266,25
2184,13,10,108,6,-2.5134195464085147,4
2185,90,21,55,10,-2.5152743292271547,11
2186,46,30,51,18,-2.516098005064926,12
2187,109,15,76,9,-2.5285469015591193,6
2188,46,12,7,7,-2.5294053470307802,5
2189,114,21,54,10,-2.542382187628278,11
2190,95,15,63,8,-2.5575094114278856,7
2191,63,10,83,4,-2.557624644664858,6
2192,43,14,88,7,-2.5609084858006272,7
2193,69,10,11,6,-2.5690379571615622,4
2194,11,12,7,6,-2.5694517392774414,6
2195,28,24,80,13,-2.570555603447683,11
2196,68,12,23,6,-2.586746368662149,6
2197,80,12,104,6,-2.5977540631792615,6
2198,5,23,39,12,-2.597769813737307,11
2199,86,36,30,20,-2.6049883984587345,16
2200,76,10,34,5,-2.6159550332149113,5
2201,104,26,76,14,-2.640434575214534,12
2202,5,60,16,35,-2.643518445682432,25
2203,5,47,109,24,-2.6519452143647766,23
2204,25,36,28,21,-2.653080526503112,15
2205,7,25,9,15,-2.6538512844357616,10
2206,91,13,74,7,-2.658254293210725,6
2207,39,10,23,5,-2.663364826769,5
2208,88,30,49,16,-2.668419603969371,14
2209,41,11,60,6,-2.672276985170075,5
2210,8,27,71,14,-2.679194401362514,13
2211,88,17,18,10,-2.680839122245526,7
2212,54,39,65,21,-2.6846433835694326,18
2213,39,10,43,6,-2.6925730915157633,4
2214,17,17,13,10,-2.6926721571513785,7
2215,87,86,86,44,-2.6990489205002057,42
2216,75,20,106,9,-2.701389933638,11
2217,86,42,13,24,-2.724196601992434,18
2218,41,26,13,14,-2.7253642278334427,12
2219,84,16,14,9,-2.744202009506241,7
2220,55,18,25,10,-2.748785644454604,8
2221,11,15,14,9,-2.753683750814255,6
2222,107,44,11,24,-2.75870917523516,20
2223,51,28,106,15,-2.764876021531123,13
2224,53,16,71,8,-2.770083139042863,8
2225,10,11,5,5,-2.7716738654503192,6
2226,53,17,25,9,-2.774786838502579,8
2227,104,36,8,19,-2.7794749735414097,17
2228,37,45,20,24,-2.7863088238660243,21
2229,7,28,23,15,-2.7865511875263005,13
2230,27,12,75,8,-2.7925098180875843,4
2231,6,10,88,6,-2.7938858775082798,4
2232,50,15,79,9,-2.7998338113931363,6
2233,13,43,16,24,-2.80018529884719,19
2234,41,15,99,8,-2.808167291861728,7
2235,34,12,63,7,-2.81000032908768,5
2236,20,29,88,14,-2.828335303414235,15
2237,46,41,86,23,-2.830781053281953,18
2238,57,21,87,12,-2.842460195115371,9
2239,17,22,16,13,-2.869944125440124,9
2240,13,28,49,14,-2.9013419766839177,14
2241,37,19,91,10,-2.9050960547005253,9
2242,51,15,14,9,-2.9073721712530443,6
2243,88,30,11,16,-2.917772547017382,14
2244,98,12,97,7,-2.9183345258744953,5
2245,63,14,7,7,-2.9237025109009585,7
2246,65,15,99,8,-2.925348959200731,7
2247,40,11,18,6,-2.9290540079595964,5
2248,65,38,87,21,-2.9310788379602712,17
2249,95,18,20,10,-2.9442775418414966,8
2250,17,28,86,14,-2.94742778634219,14
2251,50,12,108,7,-2.9506283551958306,5
2252,83,22,104,13,-2.957808958542738,9
2253,43,14,13,8,-2.9683735444210546,6
2254,95,11,15,6,-2.9708859793353706,5
2255,84,12,10,7,-2.980259678929739,5
2256,40,21,16,11,-2.990124457752565,10
2257,63,15,13,9,-2.9904556427756623,6
2258,51,12,12,7,-2.9909245715388835,5
2259,63,49,106,26,-2.99417254272717,23
2260,102,12,97,7,-2.99432300504723,5
2261,5,59,104,31,-2.9970663239960813,28
2262,39,33,8,17,-3.028875288162882,16
2263,84,15,75,8,-3.0305846141219575,7
2264,48,21,84,12,-3.0347277834877144,9
2265,39,19,18,10,-3.039703307347102,9
2266,96,13,38,7,-3.0422152322461713,6
2267,88,28,96,14,-3.0532343196114025,14
2268,55,14,48,8,-3.0636269177668387,6
2269,91,27,28,15,-3.0909280045200798,12
2270,54,22,17,11,-3.09293116749158,11
2271,68,14,99,8,-3.100103615084465,6
2272,44,12,65,6,-3.103105872794513,6
2273,86,16,64,9,-3.106297132113329,7
2274,16,11,52,6,-3.1090472473690998,5
2275,54,11,15,6,-3.1252951216765847,5
2276,54,23,80,12,-3.1299020659812853,11
2277,106,22,95,13,-3.1374807998128023,9
2278,74,14,90,9,-3.168061351028922,5
2279,41,11,57,7,-3.1749646912296132,4
2280,86,19,9,11,-3.184061740151893,8
2281,13,24,99,13,-3.1869164042235187,11
2282,54,69,86,37,-3.1888799872804525,32
2283,25,59,86,31,-3.195465833963126,28
2284,8,70,86,37,-3.196385224742072,33
2285,86,13,53,6,-3.2118513248189986,7
2286,30,15,99,8,-3.213327358649565,7
2287,18,16,25,10,-3.2198145252234087,6
2288,88,11,14,6,-3.2206098277423347,5
2289,74,11,12,6,-3.2267097800337137,5
2290,16,22,48,13,-3.2275182027863902,9
2291,54,14,85,8,-3.239753980711634,6
2292,20,25,11,15,-3.245274337075932,10
2293,63,10,30,6,-3.254074696673354,4
2294,16,45,11,27,-3.259513442909689,18
2295,84,72,86,36,-3.2610166651310077,36
2296,36,16,39,9,-3.2677976481522286,7
2297,39,33,7,19,-3.271329961630538,14
2298,67,13,114,7,-3.274670651234843,6
2299,50,10,71,6,-3.300812706273156,4
2300,18,10,4,6,-3.3032826745965727,4
2301,95,16,70,8,-3.3075112398485507,8
2302,55,42,107,23,-3.3112682121699897,19
2303,31,18,7,10,-3.3145366369343217,8
2304,97,17,70,9,-3.327552349585108,8
2305,41,34,65,20,-3.3353236591295228,14
2306,45,10,16,6,-3.3397556661602676,4
2307,33,13,75,8,-3.342736023465549,5
2308,29,13,65,6,-3.3498769886399242,7
2309,39,15,64,8,-3.352160248379735,7
2310,9,10,20,6,-3.353443346624384,4
2311,8,22,14,13,-3.3634201583462153,9
2312,62,21,16,12,-3.365085356146172,9
2313,77,12,65,7,-3.371805972756013,5
2314,68,16,39,8,-3.3735744139304957,8
2315,37,16,80,9,-3.3888912531414834,7
2316,68,17,40,9,-3.3908693707776685,8
2317,86,54,65,30,-3.392401080694239,24
2318,30,16,51,8,-3.410495384885033,8
2319,32,17,86,9,-3.4193017987895304,8
2320,86,73,74,39,-3.4256968666950485,34
2321,55,26,7,14,-3.428293853882443,12
2322,109,25,87,15,-3.438248375396607,10
2323,13,12,33,7,-3.4385024274137703,5
2324,102,10,75,6,-3.4391155267314995,4
2325,57,15,97,8,-3.44354434668938,7
2326,46,18,60,10,-3.444416662657515,8
2327,23,27,13,13,-3.4477496417015234,14
2328,7,22,28,12,-3.4520887250851655,10
2329,5,23,33,12,-3.454327509177194,11
2330,8,63,16,35,-3.460200287173046,28
2331,7,10,33,5,-3.461965742090354,5
2332,65,28,70,17,-3.478419403846197,11
2333,49,29,39,17,-3.482221210670832,12
2334,65,14,109,9,-3.4929763691198903,5
2335,54,30,104,16,-3.494678026548527,14
2336,84,15,91,8,-3.5069437670955055,7
2337,46,21,20,13,-3.51090539647306,8
2338,110,10,87,6,-3.5295519129657293,4
2339,7,63,16,33,-3.534223435942615,30
2340,107,70,86,37,-3.5436811311387957,33
2341,11,20,76,12,-3.545061788623662,8
2342,11,17,13,10,-3.548021811585019,7
2343,63,25,97,14,-3.559641400411643,11
2344,69,10,70,6,-3.577006655469959,4
2345,107,38,51,23,-3.5826307805607778,15
2346,68,12,31,7,-3.583965252091378,5
2347,39,28,63,17,-3.5868034831779676,11
2348,95,10,97,6,-3.58943247133478,4
2349,98,19,28,12,-3.593034409386323,7
2350,39,11,48,6,-3.594601769104413,5
2351,50,24,13,14,-3.6058666646899353,10
2352,86,26,91,15,-3.613221536376561,11
2353,30,14,50,8,-3.615631638334464,6
2354,88,18,2,10,-3.622057619576315,8
2355,16,12,4,7,-3.63044457830495,5
2356,114,13,7,7,-3.6347443340975465,6
2357,37,20,30,12,-3.640395609700316,8
2358,49,10,50,6,-3.6406612701610586,4
2359,7,34,107,20,-3.665092734069908,14
2360,50,10,62,6,-3.6657345895143245,4
2361,88,10,79,6,-3.6658466896877493,4
2362,106,31,20,18,-3.6670765571458195,13
2363,96,53,8,30,-3.668741625247303,23
2364,11,41,55,25,-3.6751670322630714,16
2365,37,35,75,22,-3.6755627153446633,13
2366,84,20,46,12,-3.686829488531012,8
2367,107,62,87,34,-3.692621010303224,28
2368,54,48,16,27,-3.695210707305645,21
2369,50,14,89,7,-3.697778125616005,7
2370,102,28,28,15,-3.699783063019897,13
2371,5,59,74,32,-3.715039739995446,27
2372,107,25,95,13,-3.721321768434082,12
2373,8,21,97,11,-3.7245036436776515,10
2374,87,10,6,6,-3.7330820078347076,4
2375,80,19,16,10,-3.734863526774762,9
2376,76,16,97,8,-3.7370860130894323,8
2377,55,48,13,27,-3.749197107485857,21
2378,95,32,54,17,-3.755258484712917,15
2379,60,21,65,13,-3.7565050732103153,8
2380,46,18,95,11,-3.7565415384009433,7
2381,104,45,107,26,-3.756641135498071,19
2382,60,27,39,15,-3.761217018268198,12
2383,18,20,51,12,-3.766706788062917,8
2384,16,24,114,12,-3.7867404841059327,12
2385,71,10,80,5,-3.791264767099547,5
2386,39,11,77,6,-3.791378785799657,5
2387,7,11,1,6,-3.806857323116904,5
2388,68,11,71,6,-3.8071954572931124,5
2389,88,14,64,8,-3.8105053234380315,6
2390,5,16,110,9,-3.8138584796050923,7
2391,41,18,106,9,-3.8204091990935893,9
2392,76,18,98,11,-3.8277911803923956,7
2393,28,19,30,11,-3.8298077885882953,8
2394,86,30,114,18,-3.832111347835941,12
2395,51,23,25,13,-3.8366454931777065,10
2396,8,27,83,14,-3.8382150032056903,13
2397,96,37,63,22,-3.8580216719858926,15
2398,65,24,83,13,-3.865031238776082,11
2399,104,24,96,14,-3.8706241075776626,10
2400,87,20,23,11,-3.8908514133576815,9
2401,81,11,86,7,-3.900664764794557,4
2402,37,26,102,15,-3.901578428361024,11
2403,65,10,31,5,-3.910573598534981,5
2404,10,11,97,5,-3.9207678088340043,6
2405,2,28,5,16,-3.923277825320168,12
2406,83,10,102,6,-3.9358085201394077,4
2407,97,10,80,6,-3.9365866928471034,4
2408,18,22,13,12,-3.936623597669026,10
2409,41,10,77,5,-3.9366462708752747,5
2410,111,12,28,7,-3.9452424793093215,5
2411,17,16,7,10,-3.9502787275667397,6
2412,93,24,74,13,-3.960101768879081,11
2413,69,12,37,7,-3.9709549460906977,5
2414,111,14,68,8,-3.974605136152995,6
2415,13,11,14,7,-3.983254255856211,4
2416,39,18,27,8,-3.9885890078162425,10
2417,39,37,87,21,-3.999032752715344,16
2418,33,11,90,7,-4.003292593732326,4
2419,95,19,13,11,-4.003443534071448,8
2420,74,44,37,24,-4.033137310869005,20
2421,28,13,35,7,-4.0366654617090365,6
2422,28,36,55,22,-4.038052587834732,14
2423,79,13,11,6,-4.047561716338114,7
2424,8,30,50,15,-4.053798361230284,15
2425,46,14,83,7,-4.055902658620627,7
2426,54,53,96,28,-4.06814127330106,25
2427,27,22,7,12,-4.07009696925903,10
2428,54,31,55,17,-4.07249295432044,14
2429,16,34,30,20,-4.084532797345256,14
2430,93,20,83,11,-4.100880722204593,9
2431,63,15,44,8,-4.101273138655781,7
2432,25,26,87,14,-4.102463690405522,12
2433,40,35,13,20,-4.103184785483473,15
2434,46,32,13,18,-4.115540595844964,14
2435,65,17,12,10,-4.124449913877067,7
2436,67,13,86,7,-4.131604740801435,6
2437,16,40,75,23,-4.136606569502713,17
2438,73,13,20,8,-4.146065391689571,5
2439,8,22,30,13,-4.150524980229852,9
2440,33,11,74,6,-4.152065435529707,5
2441,40,14,97,8,-4.1527562719796425,6
2442,60,14,5,8,-4.1550252161435335,6
2443,95,20,60,12,-4.156384552080203,8
2444,106,14,71,8,-4.156896719734132,6
2445,8,10,27,5,-4.157252461422869,5
2446,28,40,87,22,-4.161796757953555,18
2447,8,25,13,14,-4.16945465200299,11
2448,75,29,28,17,-4.173159235209231,12
2449,7,11,100,6,-4.175946031167945,5
2450,40,21,25,12,-4.184511628636794,9
2451,41,13,70,7,-4.217600484617061,6
2452,64,15,53,8,-4.217993963768291,7
2453,37,31,88,18,-4.224270631924043,13
2454,25,15,71,8,-4.22821184042616,7
2455,50,38,16,22,-4.228613851151325,16
2456,84,11,30,7,-4.231660063143013,4
2457,20,46,107,25,-4.252499613694278,21
2458,64,14,25,8,-4.256793058259619,6
2459,96,35,20,20,-4.257594587954791,15
2460,50,16,40,10,-4.260254553301021,6
2461,12,11,74,6,-4.2613914965588835,5
2462,48,12,65,7,-4.265716212904408,5
2463,84,10,114,6,-4.276636908378795,4
2464,25,24,75,14,-4.277372987760686,10
2465,63,34,74,19,-4.284478405701849,15
2466,55,38,37,20,-4.301606273781788,18
2467,13,26,74,15,-4.30603818747095,11
2468,54,23,93,14,-4.30725130512391,9
2469,63,15,9,9,-4.307570480889335,6
2470,27,11,6,6,-4.320589105702402,5
2471,88,20,30,11,-4.322600096754097,9
2472,106,33,84,17,-4.32801946762649,16
2473,100,21,16,12,-4.330573675976946,9
2474,114,22,102,13,-4.331076584650545,9
2475,82,20,86,12,-4.3319380690325975,8
2476,75,24,46,14,-4.332120161894521,10
2477,60,11,106,6,-4.3405513587234585,5
2478,25,20,41,13,-4.342470395791372,7
2479,68,14,104,8,-4.352199814475665,6
2480,84,12,34,6,-4.355418008053163,6
2481,5,113,86,65,-4.357059130864303,48
2482,65,32,25,19,-4.357995906586258,13
2483,107,26,13,14,-4.382895057391897,12
2484,18,10,36,6,-4.401137892231647,4
2485,51,25,40,14,-4.416616133168668,11
2486,107,11,85,6,-4.458201254276332,5
2487,32,18,37,10,-4.466542082918519,8
2488,57,10,91,5,-4.468260927215542,5
2489,37,15,93,9,-4.4934456656390305,6
2490,13,23,4,14,-4.493512145452881,9
2491,8,12,79,8,-4.523368231395376,4
2492,87,21,83,11,-4.5238867039340604,10
2493,108,13,86,7,-4.525807877036373,6
2494,40,17,87,10,-4.52617400544544,7
2495,97,22,54,12,-4.535944223800905,10
2496,102,24,8,13,-4.537070383836358,11
2497,37,57,87,33,-4.539833156564566,24
2498,28,43,20,25,-4.544189476783364,18
2499,3,10,25,5,-4.546247932856727,5
2500,75,25,13,14,-4.551585180396465,11
2501,4,20,7,10,-4.551926922943367,10
2502,67,13,109,6,-4.5540965230597985,7
2503,107,23,17,13,-4.556628194816713,10
2504,50,23,39,13,-4.569628786882717,10
2505,95,14,99,8,-4.572737764013027,6
2506,90,29,54,16,-4.579893896725853,13
2507,53,24,13,14,-4.581490759933005,10
2508,33,15,25,10,-4.583917339891116,5
2509,95,13,77,7,-4.601493224452909,6
2510,106,43,54,23,-4.613394421834746,20
2511,109,43,28,26,-4.618123280961818,17
2512,34,13,96,8,-4.620609194568736,5
2513,49,12,75,7,-4.624753097044052,5
2514,111,10,23,5,-4.637926760289516,5
2515,93,25,65,13,-4.638745353207304,12
2516,5,57,88,32,-4.645874302248229,25
2517,16,39,95,21,-4.654809039443572,18
2518,107,12,18,7,-4.6703986031833375,5
2519,35,19,20,11,-4.681781057889634,8
2520,75,40,86,21,-4.704179194238294,19
2521,55,27,60,16,-4.708010315258075,11
2522,106,51,74,29,-4.718099800964193,22
2523,99,17,51,9,-4.721255445811637,8
2524,43,11,106,6,-4.722121789568361,5
2525,23,10,100,5,-4.725037800847511,5
2526,64,12,13,6,-4.725142932057474,6
2527,86,28,60,16,-4.727635165947746,12
2528,88,23,27,11,-4.733506817611589,12
2529,28,65,50,37,-4.7352458176841905,28
2530,84,11,57,7,-4.735926438073419,4
2531,88,11,73,7,-4.740966849993722,4
2532,16,12,110,7,-4.744361952221326,5
2533,77,16,25,9,-4.745845616411638,7
2534,55,12,34,6,-4.748674914399345,6
2535,5,30,90,18,-4.752640516818982,12
2536,95,13,84,8,-4.755677362807473,5
2537,50,37,2,21,-4.75931576327412,16
2538,50,37,104,22,-4.760473941886917,15
2539,54,56,20,30,-4.770199196047593,26
2540,54,51,28,30,-4.77471317513782,21
2541,5,12,9,7,-4.777710715122403,5
2542,88,49,54,27,-4.778011923033596,22
2543,5,33,76,19,-4.788314400539968,14
2544,60,22,99,12,-4.788512200740043,10
2545,5,24,32,14,-4.788591776396216,10
2546,5,21,100,12,-4.790180113588847,9
2547,28,15,23,8,-4.791243131318297,7
2548,108,13,96,7,-4.805162668071275,6
2549,6,12,65,7,-4.808783095927869,5
2550,87,18,75,11,-4.814941727585258,7
2551,70,37,37,22,-4.817822919278335,15
2552,67,15,8,9,-4.8319098461555825,6
2553,83,15,39,9,-4.832639955303303,6
2554,17,17,97,9,-4.8331732637027205,8
2555,51,30,5,19,-4.841333405150811,11
2556,41,20,51,12,-4.841581156440149,8
2557,50,32,63,19,-4.851166505601919,13
2558,39,20,71,11,-4.853422342910105,9
2559,84,13,38,7,-4.854976710780188,6
2560,100,20,8,12,-4.860106370787934,8
2561,104,16,41,10,-4.860628840142116,6
2562,20,30,63,16,-4.86232561538827,14
2563,63,52,8,29,-4.864260653101076,23
2564,88,30,25,19,-4.873935976327287,11
2565,97,33,28,20,-4.884868668188754,13
2566,104,11,110,7,-4.886003470603163,4
2567,114,13,100,8,-4.886489949545647,5
2568,3,12,8,5,-4.887819375016217,7
2569,5,39,83,21,-4.890865835189012,18
2570,62,13,28,8,-4.895504487935932,5
2571,60,23,104,15,-4.8978814540884175,8
2572,7,10,34,6,-4.8999742789281955,4
2573,63,11,71,6,-4.902178601184278,5
2574,68,13,91,8,-4.905228486249311,5
2575,86,60,11,34,-4.911056453426332,26
2576,7,17,54,9,-4.917766322280088,8
2577,5,12,38,7,-4.923519430907612,5
2578,25,29,96,16,-4.925630164170213,13
2579,106,52,37,28,-4.929607997592943,24
2580,53,13,55,8,-4.932477625900763,5
2581,88,19,91,11,-4.953605826347504,8
2582,5,47,55,27,-4.968791694509531,20
2583,68,12,60,7,-4.969151031127294,5
2584,107,17,93,10,-4.972813709998716,7
2585,51,77,16,43,-4.979175462569333,34
2586,25,13,27,7,-4.983545927288363,6
2587,86,71,37,40,-4.984756436647988,31
2588,111,11,86,6,-4.988071380487679,5
2589,109,14,17,8,-5.001708621140783,6
2590,5,26,93,16,-5.004460526821323,10
2591,91,14,41,9,-5.005687953599872,5
2592,95,13,76,8,-5.029825996184284,5
2593,71,24,75,15,-5.030308189933623,9
2594,27,20,16,13,-5.038848117395627,7
2595,5,19,15,12,-5.041855747243198,7
2596,80,26,86,14,-5.051644939599721,12
2597,60,18,23,11,-5.051993121038359,7
2598,5,45,106,27,-5.052056869360905,18
2599,1,16,88,9,-5.058453921079053,7
2600,36,16,99,10,-5.08690767914281,6
2601,54,30,11,17,-5.0896588063796155,13
2602,70,22,55,13,-5.1032220329288345,9
2603,7,15,8,8,-5.109365914252013,7
2604,4,15,77,9,-5.119767617788872,6
2605,107,11,58,7,-5.121507570465872,4
2606,54,13,14,9,-5.139758720068027,4
2607,51,53,39,30,-5.150982419001666,23
2608,88,22,40,12,-5.153144377885406,10
2609,37,46,16,27,-5.156319944125245,19
2610,8,13,38,8,-5.158625539766782,5
2611,5,12,67,7,-5.159840528973067,5
2612,109,33,54,20,-5.182238177751742,13
2613,108,13,55,7,-5.197810339207505,6
2614,27,19,107,12,-5.200896691974088,7
2615,7,48,13,27,-5.204507859880509,21
2616,107,59,16,36,-5.208591635424401,23
2617,50,49,37,27,-5.22857628659301,22
2618,38,17,107,10,-5.232550371357612,7
2619,23,13,51,8,-5.252458659658159,5
2620,20,17,17,10,-5.256441987432859,7
2621,89,10,88,6,-5.2640671873525235,4
2622,9,15,65,8,-5.265916271774784,7
2623,70,12,46,7,-5.267602008522793,5
2624,107,20,41,11,-5.288060704972498,9
2625,1,12,13,7,-5.289713984453357,5
2626,35,13,88,8,-5.305527424977249,5
2627,68,24,16,15,-5.310322703397454,9
2628,65,20,80,12,-5.32370729957773,8
2629,25,30,102,17,-5.328861344822154,13
2630,48,16,106,9,-5.330591930412405,7
2631,107,22,100,11,-5.342655166718831,11
2632,96,19,75,13,-5.351631601607626,6
2633,9,16,87,9,-5.353624653601196,7
2634,63,26,104,15,-5.355601218480842,11
2635,9,19,88,11,-5.375708154381125,8
2636,39,19,84,11,-5.3860841465295675,8
2637,2,25,63,14,-5.3959192809990375,11
2638,67,10,96,5,-5.408732724512928,5
2639,83,15,51,10,-5.415397349279682,5
2640,50,10,83,5,-5.416126776091854,5
2641,65,31,51,19,-5.425868403168161,12
2642,104,16,32,10,-5.4353295484317545,6
2643,28,10,60,5,-5.435614604566068,5
2644,112,10,50,6,-5.456291047139745,4
2645,16,21,109,12,-5.461892685468699,9
2646,18,27,28,16,-5.50182823845459,11
2647,83,19,95,12,-5.510188596504647,7
2648,109,11,75,7,-5.525120162043985,4
2649,102,14,33,8,-5.525239013163607,6
2650,77,14,86,9,-5.53834720150509,5
2651,25,41,8,25,-5.550067480025435,16
2652,10,11,63,7,-5.56040496031845,4
2653,93,22,87,13,-5.565802071262539,9
2654,63,27,55,15,-5.568315530285167,12
2655,107,25,97,13,-5.575264944397934,12
2656,48,11,80,7,-5.594209169092441,4
2657,13,13,81,7,-5.597036834391115,6
2658,88,36,7,21,-5.600547092247959,15
2659,88,14,108,8,-5.608453698027055,6
2660,5,43,114,25,-5.6108790968221705,18
2661,109,17,73,10,-5.613169642759445,7
2662,17,20,5,13,-5.625033929201381,7
2663,8,24,73,14,-5.645022963800572,10
2664,46,13,114,8,-5.649256529462487,5
2665,35,11,55,6,-5.650743870496082,5
2666,82,11,54,7,-5.66427830231393,4
2667,16,35,60,20,-5.665049835023038,15
2668,99,31,16,18,-5.66581833704302,13
2669,25,10,94,5,-5.671887186214519,5
2670,64,15,87,9,-5.672577041378897,6
2671,95,10,102,6,-5.68531996234082,4
2672,57,12,106,6,-5.685749140437754,6
2673,18,14,100,8,-5.69768401126683,6
2674,55,22,80,12,-5.702005440074988,10
2675,48,13,50,8,-5.707017905103165,5
2676,9,12,84,7,-5.723245457590759,5
2677,13,12,90,7,-5.726097361607249,5
2678,20,35,87,20,-5.726562552686569,15
2679,48,20,11,12,-5.726887293490206,8
2680,70,53,54,31,-5.72767552308842,22
2681,65,20,95,12,-5.731199831404231,8
2682,54,42,46,25,-5.742795031938329,17
2683,110,20,37,11,-5.748786289021979,9
2684,86,50,7,31,-5.7561141691184385,19
2685,87,62,16,35,-5.788126639142839,27
2686,55,28,74,16,-5.797157459674131,12
2687,18,15,41,9,-5.809640254614512,6
2688,5,39,70,22,-5.812017017327767,17
2689,4,10,86,6,-5.815178401764422,4
2690,5,16,40,9,-5.82052725169565,7
2691,77,15,107,9,-5.828375450935679,6
2692,25,19,91,11,-5.828763319756675,8
2693,90,12,46,7,-5.830565699084016,5
2694,87,15,71,8,-5.838621100274336,7
2695,9,18,8,9,-5.842447199055793,9
2696,25,17,100,9,-5.855622143077175,8
2697,60,11,49,7,-5.889051777859122,4
2698,23,16,8,9,-5.8952118738156525,7
2699,9,13,75,6,-5.898857823349865,7
2700,96,14,60,10,-5.90080951503154,4
2701,25,16,93,9,-5.904464695396422,7
2702,96,26,65,15,-5.914287236254004,11
2703,104,18,40,11,-5.9242009395670685,7
2704,88,83,16,50,-5.949012194082219,33
2705,53,14,106,8,-5.964662256693667,6
2706,1,23,55,13,-5.969175120924676,10
2707,54,24,25,14,-5.984288858689811,10
2708,87,22,90,13,-5.994832341236502,9
2709,75,11,40,7,-6.006938010180454,4
2710,17,10,99,6,-6.011623328938978,4
2711,41,13,20,8,-6.029068160646921,5
2712,37,16,41,10,-6.0292956190760805,6
2713,1,10,37,5,-6.037547835973022,5
2714,32,16,8,9,-6.041444852098721,7
2715,20,15,33,9,-6.052404113154947,6
2716,17,16,104,9,-6.057278825741826,7
2717,90,10,91,6,-6.057465510076111,4
2718,55,11,29,7,-6.0636297407404705,4
2719,97,12,51,7,-6.0673448148952005,5
2720,60,19,30,13,-6.068101421901045,6
2721,13,12,100,7,-6.068988765220787,5
2722,5,44,20,27,-6.084413199436969,17
2723,5,12,68,7,-6.084537265067713,5
2724,79,10,55,6,-6.105260957218082,4
2725,86,16,93,10,-6.108088782935806,6
2726,54,23,102,14,-6.1200791508914225,9
2727,71,15,7,9,-6.127733181028197,6
2728,97,24,55,15,-6.128965912516969,9
2729,90,22,96,14,-6.131526760597793,8
2730,1,12,75,8,-6.1372401761978495,4
2731,75,14,114,8,-6.165959314820634,6
2732,88,11,99,6,-6.177037133798533,5
2733,91,12,13,8,-6.185960793246167,4
2734,77,16,55,9,-6.195572885542832,7
2735,33,10,97,6,-6.197569301394056,4
2736,37,28,13,16,-6.2304098814815685,12
2737,50,20,74,12,-6.2477398899913466,8
2738,102,18,57,10,-6.264739678585858,8
2739,57,22,8,14,-6.276405634666304,8
2740,75,15,95,9,-6.3050118671136195,6
2741,2,24,28,15,-6.327861304376494,9
2742,71,27,60,15,-6.330241413763649,12
2743,98,15,8,9,-6.332478639002671,6
2744,98,20,11,11,-6.3386776528601825,9
2745,100,16,37,10,-6.343110325621272,6
2746,74,22,73,14,-6.357115716806277,8
2747,14,13,107,7,-6.370548692090853,6
2748,16,11,103,7,-6.384231863654396,4
2749,7,14,49,9,-6.398713126248089,5
2750,25,16,60,9,-6.405485347041519,7
2751,23,19,63,12,-6.4146865502013934,7
2752,6,12,44,8,-6.417958090399313,4
2753,55,56,16,36,-6.4471872894179265,20
2754,88,27,50,16,-6.454854939095323,11
2755,28,17,14,11,-6.462988674713606,6
2756,16,18,111,10,-6.471364247508106,8
2757,104,40,86,24,-6.498243850038454,16
2758,107,38,65,23,-6.504067779680907,15
2759,96,30,50,18,-6.506695896089088,12
2760,50,11,27,7,-6.540575751678348,4
2761,73,10,50,7,-6.568577646848983,3
2762,25,38,107,22,-6.57173510309074,16
2763,84,47,28,28,-6.5786855175404435,19
2764,28,31,13,19,-6.579014229200042,12
2765,96,77,86,47,-6.579835199705017,30
2766,70,33,28,20,-6.587580378842006,13
2767,64,17,83,10,-6.597115059465707,7
2768,50,14,7,8,-6.597321772163718,6
2769,107,19,33,11,-6.618873691013778,8
2770,84,27,8,17,-6.622581044229809,10
2771,109,13,95,8,-6.624370660207741,5
2772,97,16,7,10,-6.624941571852625,6
2773,5,48,25,29,-6.626414170343123,19
2774,30,12,68,7,-6.632903017693168,5
2775,35,14,16,9,-6.642200850876748,5
2776,99,11,98,6,-6.645057358834166,5
2777,43,11,40,7,-6.649724792712508,4
2778,102,14,63,8,-6.652222601619386,6
2779,71,11,83,6,-6.6562053803338666,5
2780,50,21,95,12,-6.657433489482592,9
2781,37,10,29,6,-6.680734619445758,4
2782,63,18,41,11,-6.688606500512131,7
2783,39,21,17,13,-6.693454438922507,8
2784,32,11,97,7,-6.7220085367153315,4
2785,51,33,104,21,-6.728840756540836,12
2786,95,13,14,8,-6.731405281187272,5
2787,96,38,74,24,-6.731828732252354,14
2788,51,15,102,9,-6.749472817285659,6
2789,108,10,48,7,-6.749808304712144,3
2790,96,30,97,17,-6.762245122268197,13
2791,70,27,88,17,-6.779439228833637,10
2792,98,15,70,10,-6.782158452834324,5
2793,46,39,8,22,-6.790452136276324,17
2794,88,23,39,15,-6.795308081348258,8
2795,88,11,44,6,-6.838381834171168,5
2796,40,12,95,7,-6.839500647000754,5
2797,98,10,55,7,-6.844629804566834,3
2798,49,14,98,8,-6.852175548516357,6
2799,11,17,75,10,-6.860129083231022,7
2800,28,47,104,28,-6.867595835363374,19
2801,46,33,74,21,-6.871740362498971,12
2802,99,15,106,10,-6.882359612487446,5
2803,86,32,98,19,-6.892623578168545,13
2804,73,21,86,12,-6.902444064308719,9
2805,20,11,93,7,-6.911432650296384,4
2806,87,10,44,6,-6.930092376966648,4
2807,88,58,86,33,-6.933344505363015,25
2808,54,14,60,9,-6.945861068734532,5
2809,18,15,50,8,-6.975457853882176,7
2810,104,58,37,36,-6.982300190331427,22
2811,17,13,11,8,-6.9847355243406355,5
2812,88,17,53,11,-6.988165931640136,6
2813,106,10,6,6,-6.989547350675937,4
2814,5,15,62,9,-6.9927087595973925,6
2815,87,24,76,15,-6.993292012895228,9
2816,50,16,9,10,-6.998855361767971,6
2817,68,18,88,11,-7.006440667239271,7
2818,93,12,16,7,-7.007856526653327,5
2819,84,31,74,17,-7.0251363399754485,14
2820,106,27,80,17,-7.029777914575281,10
2821,100,20,104,13,-7.055063125494979,7
2822,49,11,68,6,-7.065794883611326,5
2823,71,17,65,10,-7.070518898105669,7
2824,72,14,86,9,-7.097565864195886,5
2825,79,12,63,8,-7.1114844508040305,4
2826,87,13,32,8,-7.113585901413378,5
2827,114,12,95,7,-7.1214298671986604,5
2828,65,18,90,10,-7.124416902766821,8
2829,98,11,108,7,-7.12982089300973,4
2830,8,29,109,16,-7.137269714662637,13
2831,14,14,86,8,-7.166696838482464,6
2832,65,12,15,8,-7.169016897645204,4
2833,55,15,57,8,-7.186289928876395,7
2834,36,12,86,8,-7.20224616021445,4
2835,5,28,97,18,-7.2030892274017075,10
2836,107,39,50,23,-7.216538643832869,16
2837,86,17,27,10,-7.223936352471192,7
2838,110,17,8,11,-7.249961918016362,6
2839,50,12,41,8,-7.250027884407809,4
2840,93,12,98,7,-7.251352809271133,5
2841,63,32,51,19,-7.263042167084605,13
2842,9,17,16,10,-7.27513790200014,7
2843,31,10,51,7,-7.284520524444227,3
2844,70,14,110,9,-7.302453099036632,5
2845,30,13,53,8,-7.314214121087399,5
2846,20,34,65,22,-7.320804923007769,12
2847,104,18,97,10,-7.327124557030451,8
2848,16,12,72,7,-7.333554822764275,5
2849,74,15,100,9,-7.347492137419624,6
2850,106,38,25,24,-7.3615147893147475,14
2851,46,13,109,8,-7.363639283748701,5
2852,74,15,34,10,-7.367415754617588,5
2853,84,21,16,12,-7.387304706787613,9
2854,18,13,91,8,-7.4165451489159215,5
2855,46,45,25,26,-7.439996628911813,19
2856,18,11,63,7,-7.446741563872579,4
2857,55,16,17,9,-7.461932340099582,7
2858,51,68,86,39,-7.465579029883814,29
2859,48,13,74,7,-7.488504403150373,6
2860,94,10,86,6,-7.492158076331636,4
2861,71,10,70,5,-7.515715016674823,5
2862,106,16,98,10,-7.529459965554982,6
2863,74,18,102,11,-7.530680431017048,7
2864,102,18,104,10,-7.533956675469564,8
2865,70,18,114,12,-7.542200625865838,6
2866,70,23,96,12,-7.543405368906036,11
2867,23,19,37,11,-7.5620427998013255,8
2868,114,25,28,14,-7.565049679539049,11
2869,74,10,69,6,-7.579248302946878,4
2870,96,18,51,11,-7.611388504075614,7
2871,71,27,16,18,-7.616677174551032,9
2872,87,10,15,6,-7.629777802129095,4
2873,80,22,96,14,-7.6325568595370585,8
2874,16,16,44,9,-7.6351094721495825,7
2875,96,24,37,14,-7.66584492569651,10
2876,91,12,70,7,-7.6670664101078145,5
2877,48,24,86,15,-7.668739325888133,9
2878,106,28,90,18,-7.670984333772028,10
2879,11,32,5,20,-7.6874421575338765,12
2880,107,20,39,11,-7.694687672194442,9
2881,30,13,40,8,-7.733551605515393,5
2882,80,10,78,6,-7.740647985777551,4
2883,25,49,37,29,-7.755599308877523,20
2884,51,29,7,17,-7.757562277302888,12
2885,18,15,77,10,-7.766469021174138,5
2886,79,20,48,12,-7.7777328666170344,8
2887,18,27,7,16,-7.837903794216903,11
2888,11,18,104,11,-7.839042780454146,7
2889,55,21,95,13,-7.848709788021649,8
2890,108,18,107,12,-7.851867345531198,6
2891,70,13,108,8,-7.857262681865159,5
2892,96,13,85,9,-7.87177905722743,4
2893,51,23,20,13,-7.873291814736603,10
2894,48,31,63,20,-7.879517250797573,11
2895,36,13,28,7,-7.880028929086843,6
2896,68,21,65,13,-7.888340070162026,8
2897,96,14,114,9,-7.889762565328155,5
2898,84,14,97,10,-7.932419590040103,4
2899,56,10,86,6,-7.95903686442131,4
2900,5,23,65,14,-7.973301349025733,9
2901,96,19,102,12,-7.995631160966494,7
2902,37,13,89,7,-7.9994477960682815,6
2903,86,14,15,9,-8.007884617525496,5
2904,50,13,100,8,-8.011252834481748,5
2905,1,15,40,9,-8.03975990845354,6
2906,65,29,30,19,-8.041267028087223,10
2907,60,12,109,7,-8.05568325813738,5
2908,25,40,13,23,-8.067780499946235,17
2909,28,24,93,16,-8.07091688053174,8
2910,84,23,20,16,-8.075470698309143,7
2911,5,61,8,37,-8.080732178020163,24
2912,25,30,104,18,-8.132792790875847,12
2913,36,12,5,7,-8.146458997643018,5
2914,55,35,104,22,-8.147983283277846,13
2915,109,18,74,12,-8.14990709926262,6
2916,65,23,114,14,-8.155133723424003,9
2917,102,14,20,8,-8.160756483849335,6
2918,32,16,107,10,-8.171074060984463,6
2919,97,10,13,6,-8.180332249171473,4
2920,50,14,93,9,-8.187365267839093,5
2921,16,19,102,11,-8.19199745286954,8
2922,75,15,18,9,-8.195388389326535,6
2923,107,18,71,11,-8.200499335406867,7
2924,88,19,92,13,-8.206412486482966,6
2925,44,11,20,7,-8.212958514210372,4
2926,53,18,60,11,-8.219005630348459,7
2927,64,17,16,11,-8.222434938453098,6
2928,37,11,64,7,-8.227838269840156,4
2929,87,11,69,6,-8.233960994375394,5
2930,30,15,20,9,-8.236211957822993,6
2931,16,10,81,7,-8.240523173362813,3
2932,38,13,16,9,-8.260657119668942,4
2933,95,23,7,14,-8.261452601437247,9
2934,14,12,37,7,-8.266467835075433,5
2935,76,11,75,7,-8.269580351796622,4
2936,31,19,13,12,-8.273796419843737,7
2937,111,17,65,12,-8.279886807635217,5
2938,76,12,65,8,-8.31287645900771,4
2939,63,10,99,6,-8.327283039780834,4
2940,104,14,15,9,-8.330235989560041,5
2941,29,11,7,6,-8.355468910469419,5
2942,109,14,70,9,-8.375485506735561,5
2943,86,21,44,13,-8.37774251716795,8
2944,109,21,11,14,-8.38164912223526,7
2945,46,10,6,6,-8.386722378353735,4
2946,110,14,51,9,-8.405376385205704,5
2947,91,22,55,15,-8.428118254814668,7
2948,107,10,112,6,-8.436220472698569,4
2949,98,19,91,13,-8.436895068807962,6
2950,96,14,95,9,-8.450373982592183,5
2951,51,11,43,7,-8.452538088841548,4
2952,83,27,86,19,-8.512264034333521,8
2953,77,24,104,15,-8.536042495877567,9
2954,107,10,15,7,-8.540362330799292,3
2955,55,31,50,19,-8.547249952830777,12
2956,5,13,71,8,-8.58837744258604,5
2957,75,13,15,9,-8.597300929966652,4
2958,50,22,90,14,-8.598522697493998,8
2959,87,55,8,35,-8.598595479025969,20
2960,27,16,104,11,-8.601379896178095,5
2961,114,11,32,7,-8.619976183865209,4
2962,70,12,30,6,-8.628315532902242,6
2963,37,34,11,22,-8.643977561339529,12
2964,39,34,13,20,-8.661103677609598,14
2965,46,40,37,27,-8.661686392028887,13
2966,51,42,13,26,-8.669484149056974,16
2967,23,15,75,9,-8.67619503909153,6
2968,90,11,30,7,-8.695806027026098,4
2969,86,20,100,11,-8.69871264551417,9
2970,18,18,95,11,-8.70105010260696,7
2971,108,16,16,10,-8.735246502538358,6
2972,91,14,7,10,-8.747371182576538,4
2973,98,13,20,9,-8.75486572641002,4
2974,106,11,79,7,-8.77784161708646,4
2975,86,17,69,11,-8.7805890555138,6
2976,57,14,11,8,-8.783548700894539,6
2977,87,13,62,9,-8.793846456811252,4
2978,13,11,44,7,-8.828555491536155,4
2979,28,45,88,29,-8.831064240746569,16
2980,38,25,37,16,-8.833071133401008,9
2981,50,12,69,8,-8.84479304998475,4
2982,37,20,40,12,-8.849367605337227,8
2983,98,12,73,8,-8.85379630005694,4
2984,17,16,28,10,-8.863383779145725,6
2985,114,24,8,16,-8.87922638843428,8
2986,35,20,107,14,-8.88582629417617,6
2987,57,17,70,9,-8.906737604649802,8
2988,91,10,11,7,-8.923724837318142,3
2989,84,14,104,8,-8.932998314387538,6
2990,68,10,54,6,-8.933165343249453,4
2991,80,12,11,8,-8.941133144462878,4
2992,2,11,76,8,-8.95175533528088,3
2993,32,11,28,7,-8.963821007682874,4
2994,108,10,37,6,-8.970431804543574,4
2995,87,17,102,11,-8.972219911227103,6
2996,55,25,109,14,-9.015163892645331,11
2997,91,13,30,9,-9.047349511242516,4
2998,71,13,62,9,-9.064981661759585,4
2999,39,31,86,18,-9.07325733767357,13
3000,8,34,95,21,-9.07920947405897,13
3001,39,10,110,7,-9.085258579238133,3
3002,36,14,107,9,-9.100942469367345,5
3003,18,19,86,13,-9.102053817096145,6
3004,76,17,23,11,-9.122791190215523,6
3005,96,18,7,13,-9.132819640450865,5
3006,87,13,29,9,-9.147510846283529,4
3007,5,43,50,26,-9.156049369840705,17
3008,84,27,5,17,-9.167674877244863,10
3009,91,35,16,24,-9.18239489422027,11
3010,84,13,98,9,-9.18267526002018,4
3011,97,10,18,6,-9.196379494686322,4
3012,106,21,46,12,-9.198394638018083,9
3013,107,20,40,13,-9.20317885021054,7
3014,77,16,13,10,-9.227436188219103,6
3015,54,20,75,13,-9.239394701631353,7
3016,63,12,17,8,-9.243907403077538,4
3017,70,24,74,14,-9.249270082293561,10
3018,62,14,74,9,-9.256148160859695,5
3019,46,33,16,21,-9.259992484381801,12
3020,88,35,65,23,-9.285752319118528,12
3021,20,17,91,10,-9.292852528319253,7
3022,107,29,2,19,-9.295436230624016,10
3023,63,12,100,7,-9.298115107003525,5
3024,63,14,108,9,-9.298531248541147,5
3025,55,13,2,8,-9.30651882359562,5
3026,80,13,90,9,-9.30675268400111,4
3027,51,15,108,9,-9.306988990301447,6
3028,33,13,51,10,-9.32692198470528,3
3029,51,21,68,14,-9.328810935891383,7
3030,74,22,51,15,-9.344397651003662,7
3031,76,23,63,16,-9.35386164955796,7
3032,71,16,30,10,-9.358715114134982,6
3033,64,10,50,6,-9.36172605620698,4
3034,37,12,71,7,-9.38020830857434,5
3035,1,16,86,10,-9.39952495770026,6
3036,50,20,76,14,-9.400140024953474,6
3037,86,31,102,21,-9.40404581030503,10
3038,106,28,13,19,-9.411883629905006,9
3039,63,41,37,27,-9.417998111066987,14
3040,110,10,114,7,-9.422657787947912,3
3041,74,14,83,8,-9.43011849323839,6
3042,63,11,32,7,-9.44232166344675,4
3043,95,10,100,6,-9.44913493803541,4
3044,87,25,30,16,-9.500305509486608,9
3045,55,17,36,11,-9.502565528416715,6
3046,99,22,37,15,-9.502759058160713,7
3047,111,10,107,6,-9.503992607184873,4
3048,39,13,90,8,-9.529975909191752,5
3049,106,21,2,13,-9.573373481710446,8
3050,91,24,63,16,-9.581902382807373,8
3051,8,11,62,8,-9.593511144115352,3
3052,35,15,86,9,-9.604686839909265,6
3053,8,14,99,8,-9.611065592860308,6
3054,53,14,87,8,-9.643332554672039,6
3055,39,11,76,8,-9.681961570558546,3
3056,15,19,13,12,-9.73502080368355,7
3057,83,24,37,15,-9.783726366978415,9
3058,106,19,39,12,-9.812135076375876,7
3059,104,11,89,7,-9.813989134763226,4
3060,94,10,55,6,-9.846979651390308,4
3061,109,20,63,12,-9.854767957937824,8
3062,87,34,13,23,-9.861346134072312,11
3063,79,23,86,15,-9.865377107457421,8
3064,70,24,87,15,-9.867797329951719,9
3065,106,14,30,9,-9.870728252110508,5
3066,55,16,30,10,-9.885233413722059,6
3067,14,13,16,8,-9.888882095158154,5
3068,77,10,46,6,-9.900782595186337,4
3069,54,46,63,30,-9.931508965276786,16
3070,77,11,27,7,-9.939080910746133,4
3071,40,21,65,13,-9.946255071774946,8
3072,57,10,7,6,-9.983551061766935,4
3073,17,23,65,17,-9.991394921788478,6
3074,36,18,16,12,-10.007755140000594,6
3075,88,31,63,21,-10.03619319350583,10
3076,33,10,63,7,-10.043388813579655,3
3077,88,28,95,18,-10.05476218784627,10
3078,39,16,46,9,-10.060214928117244,7
3079,8,29,75,20,-10.063097169225482,9
3080,57,12,54,9,-10.066024134547122,3
3081,50,13,91,9,-10.102561852065726,4
3082,83,15,107,10,-10.114574167697793,5
3083,75,20,104,13,-10.11765509924218,7
3084,96,44,16,31,-10.144912052174185,13
3085,97,44,86,28,-10.163469283868963,16
3086,102,14,76,9,-10.166991590900437,5
3087,36,14,40,10,-10.181803587232471,4
3088,2,14,98,9,-10.198603389321665,5
3089,44,12,104,8,-10.208907808787586,4
3090,69,17,16,10,-10.22264708174151,7
3091,90,20,114,13,-10.224251416414765,7
3092,18,32,16,22,-10.23181135834145,10
3093,99,12,77,9,-10.252199704478636,3
3094,65,15,27,9,-10.259957140916745,6
3095,41,11,64,7,-10.261662296711632,4
3096,51,11,15,7,-10.274901265855426,4
3097,23,12,74,8,-10.284742726002916,4
3098,84,40,63,25,-10.29559442304446,15
3099,28,41,63,28,-10.300883603096644,13
3100,55,18,20,11,-10.312518824176758,7
3101,20,31,50,20,-10.317789300027849,11
3102,51,12,27,8,-10.322592556560162,4
3103,107,12,29,9,-10.33521701845799,3
3104,102,17,50,10,-10.348240016843025,7
3105,91,18,8,12,-10.34860151027639,6
3106,84,13,83,8,-10.35745770275565,5
3107,76,31,86,20,-10.377958971749353,11
3108,93,16,106,10,-10.37915501513517,6
3109,54,12,73,8,-10.427247423602202,4
3110,97,13,110,9,-10.452372833112598,4
3111,73,10,65,7,-10.465374169823736,3
3112,36,12,27,8,-10.466471852515163,4
3113,54,16,13,11,-10.496105581783887,5
3114,38,10,104,6,-10.511918642412144,4
3115,40,14,54,9,-10.550136696436763,5
3116,57,18,88,11,-10.555628423294738,7
3117,41,18,87,12,-10.566422140881258,6
3118,109,11,93,7,-10.593952443141525,4
3119,25,28,20,19,-10.608185499490585,9
3120,87,22,48,15,-10.632484792434644,7
3121,102,17,107,11,-10.637405716433584,6
3122,7,22,37,14,-10.662936414000132,8
3123,65,16,2,12,-10.668339624865121,4
3124,39,18,74,11,-10.669346357467866,7
3125,75,15,60,10,-10.685061691103995,5
3126,76,13,54,9,-10.686858558117365,4
3127,93,12,75,8,-10.68974449521869,4
3128,54,43,37,29,-10.702102057687048,14
3129,60,10,64,7,-10.721076557757334,3
3130,13,14,30,10,-10.738595010557942,4
3131,63,22,98,14,-10.75970205191674,8
3132,50,33,75,23,-10.80488323523336,10
3133,88,11,80,7,-10.820834504420484,4
3134,107,25,48,16,-10.827629447931269,9
3135,54,19,30,13,-10.830949355612654,6
3136,5,14,43,9,-10.841119921537882,5
3137,46,11,100,7,-10.904685887838546,4
3138,5,17,73,11,-10.90738305979487,6
3139,88,31,13,22,-10.971121603935822,9
3140,40,10,98,6,-11.010186531894902,4
3141,40,28,7,19,-11.03447381298609,9
3142,96,19,46,11,-11.044310192668554,8
3143,11,11,99,7,-11.04788337752713,4
3144,5,13,34,10,-11.055394545543237,3
3145,55,21,76,15,-11.060383237071555,6
3146,25,18,110,13,-11.063714709672924,5
3147,107,10,6,7,-11.069549745970512,3
3148,32,13,74,9,-11.101664191982367,4
3149,87,10,108,7,-11.133663289740907,3
3150,91,10,51,7,-11.134030582434093,3
3151,31,16,16,10,-11.152534575535459,6
3152,53,24,7,17,-11.156811537750917,7
3153,112,10,86,7,-11.167307681837228,3
3154,87,13,79,10,-11.211504341364096,3
3155,104,31,88,22,-11.242424686867242,9
3156,48,12,90,8,-11.252381363492235,4
3157,77,14,63,10,-11.25982840824374,4
3158,68,11,9,8,-11.278741701988277,3
3159,5,10,80,7,-11.295210617596885,3
3160,79,10,80,6,-11.30670069299901,4
3161,96,26,98,17,-11.315795357847566,9
3162,96,23,48,16,-11.323041657346815,7
3163,36,20,7,13,-11.347268895381195,7
3164,63,30,80,21,-11.377551941304596,9
3165,27,14,37,10,-11.378309035824225,4
3166,16,11,89,7,-11.513369601889396,4
3167,60,11,17,7,-11.523239199910632,4
3168,28,31,74,21,-11.526159046117094,10
3169,76,15,74,9,-11.544600382799558,6
3170,2,11,114,8,-11.567668937733664,3
3171,63,16,90,11,-11.66300690274577,5
3172,63,13,57,8,-11.67022671873631,5
3173,106,54,16,37,-11.69006382316796,17
3174,107,20,76,14,-11.696253994185,6
3175,51,10,48,6,-11.705725037939857,4
3176,51,15,77,10,-11.759193995143827,5
3177,4,15,60,10,-11.761179892616122,5
3178,107,19,73,12,-11.762643271727164,7
3179,15,17,8,11,-11.78066066095679,6
3180,70,20,11,14,-11.792116726498545,6
3181,46,33,104,22,-11.841714895705284,11
3182,40,11,64,8,-11.881688706602604,3
3183,11,13,93,10,-11.901577910299338,3
3184,90,16,73,11,-11.917606166791593,5
3185,37,38,97,26,-11.950340535396526,12
3186,84,22,11,15,-11.957437378814483,7
3187,104,18,49,12,-11.962718506463764,6
3188,98,24,5,16,-11.989855689002859,8
3189,70,22,2,14,-12.153236389251056,8
3190,104,15,90,10,-12.157368709764908,5
3191,1,13,16,10,-12.163423446439074,3
3192,62,11,13,7,-12.173223344923736,4
3193,18,16,106,10,-12.222089952192754,6
3194,109,22,88,16,-12.242684664770422,6
3195,34,14,109,9,-12.291212343288574,5
3196,54,15,2,11,-12.306524573726033,4
3197,1,11,8,8,-12.329208893104187,3
3198,18,14,15,10,-12.378616632845892,4
3199,23,13,55,8,-12.384564492570101,5
3200,87,16,100,10,-12.425189483620697,6
3201,96,38,11,26,-12.433764526276038,12
3202,106,12,38,7,-12.468362041882086,5
3203,50,10,15,7,-12.479053092203715,3
3204,40,10,2,7,-12.538938846391357,3
3205,5,30,102,20,-12.549261396684052,10
3206,97,16,71,11,-12.555483253298778,5
3207,5,27,57,19,-12.572003913811173,8
3208,77,11,30,8,-12.627749719644045,3
3209,88,16,102,12,-12.65037372869335,4
3210,52,10,28,7,-12.725624774771763,3
3211,86,25,41,19,-12.747882514215268,6
3212,55,16,102,11,-12.774824407782454,5
3213,71,15,104,10,-12.790892712888182,5
3214,96,10,78,7,-12.899686199305037,3
3215,77,22,40,16,-12.904839091751665,6
3216,36,14,13,10,-12.908900654099002,4
3217,16,22,57,15,-12.91831164298626,7
3218,77,11,49,8,-12.920366150880083,3
3219,37,27,95,20,-12.921122211679824,7
3220,39,55,16,38,-12.952005337101406,17
3221,94,15,16,11,-12.969401282348114,4
3222,25,11,34,8,-12.978396480778377,3
3223,107,22,30,16,-13.025643517624536,6
3224,109,11,41,9,-13.035896667414123,2
3225,90,15,20,10,-13.08396173697106,5
3226,18,13,11,9,-13.094881521032239,4
3227,14,10,80,6,-13.097202558791372,4
3228,107,22,57,15,-13.099281826721855,7
3229,91,19,106,15,-13.115643186389446,4
3230,9,11,60,8,-13.146052849508685,3
3231,23,22,106,14,-13.153130773031107,8
3232,28,14,69,9,-13.15924750974193,5
3233,63,12,62,8,-13.174816238245654,4
3234,33,11,87,8,-13.22203468303232,3
3235,5,25,75,16,-13.227746160072014,9
3236,33,10,65,7,-13.314880602814075,3
3237,53,12,107,9,-13.327017045676342,3
3238,17,18,95,13,-13.342671111008821,5
3239,83,18,16,13,-13.35123547721314,5
3240,20,11,34,8,-13.36206244645375,3
3241,37,11,18,8,-13.371391730474068,3
3242,55,11,100,7,-13.383239409595303,4
3243,40,13,8,9,-13.4145759843304,4
3244,39,21,30,15,-13.426960288467429,6
3245,32,12,25,7,-13.427877456338663,5
3246,70,15,50,10,-13.441101055992577,5
3247,10,11,51,8,-13.446955688168295,3
3248,90,10,93,7,-13.452391800759145,3
3249,103,11,74,8,-13.53565105452587,3
3250,7,14,6,8,-13.54392944893139,6
3251,63,13,27,8,-13.55194094512672,5
3252,99,17,107,12,-13.582126995646108,5
3253,53,18,68,13,-13.627830006911767,5
3254,64,10,70,7,-13.634358442139632,3
3255,46,12,93,9,-13.65474091099076,3
3256,50,13,33,9,-13.806659469614802,4
3257,51,21,100,13,-13.816816739386772,8
3258,83,13,11,10,-13.863860744018641,3
3259,83,11,23,8,-13.9232349355535,3
3260,91,17,87,13,-13.92840180214569,4
3261,35,20,76,13,-13.967337591963863,7
3262,88,15,100,11,-14.049568237179408,4
3263,107,22,80,17,-14.094053202093415,5
3264,55,19,40,15,-14.099103719141628,4
3265,87,28,7,21,-14.10657397049798,7
3266,88,12,32,8,-14.106761757299536,4
3267,60,19,74,13,-14.155436372823557,6
3268,25,33,7,25,-14.179224347099954,8
3269,97,10,14,8,-14.259112129654316,2
3270,7,25,75,19,-14.276550257310275,6
3271,41,13,8,10,-14.27737136440816,3
3272,11,11,30,8,-14.299516136130784,3
3273,37,12,34,9,-14.300571264435137,3
3274,102,11,46,8,-14.307494713152051,3
3275,23,11,70,8,-14.340829685314844,3
3276,87,20,98,15,-14.341598859003089,5
3277,83,10,40,8,-14.347262135245904,2
3278,28,15,34,11,-14.366739527209468,4
3279,106,23,114,16,-14.366848050849034,7
3280,30,11,95,7,-14.44540365760502,4
3281,74,10,89,7,-14.446682807284398,3
3282,54,20,100,14,-14.454126910452933,6
3283,2,10,73,7,-14.457830254043136,3
3284,32,13,16,9,-14.531367270350458,4
3285,37,12,73,8,-14.533349572792924,4
3286,54,24,48,17,-14.535603927866182,7
3287,60,15,91,10,-14.562242957258865,5
3288,8,11,34,8,-14.575309413686806,3
3289,99,12,50,8,-14.581629542155014,4
3290,5,18,7,13,-14.615769591051182,5
3291,46,12,30,9,-14.658819133979227,3
3292,77,20,7,14,-14.700418403991574,6
3293,106,13,32,10,-14.741977351969277,3
3294,88,12,77,9,-14.977617068976798,3
3295,46,15,50,10,-14.99079417434614,5
3296,99,18,25,13,-15.014737107768294,5
3297,97,11,41,9,-15.02369323138218,2
3298,96,12,91,9,-15.083901067533665,3
3299,9,12,48,9,-15.097519161061683,3
3300,68,12,25,9,-15.123026568597203,3
3301,70,11,80,9,-15.157277297784104,2
3302,107,12,89,9,-15.163906699283089,3
3303,86,21,71,16,-15.209148887501426,5
3304,83,16,114,12,-15.254612667104073,4
3305,97,11,67,9,-15.281658756670776,2
3306,36,11,65,8,-15.30988495336738,3
3307,99,11,7,8,-15.315874324967403,3
3308,60,11,37,8,-15.345188265922376,3
3309,25,14,49,10,-15.43786379260084,4
3310,97,12,90,8,-15.449883037579118,4
3311,2,18,104,12,-15.50344370749933,6
3312,87,11,73,9,-15.55795672641622,2
3313,28,15,99,11,-15.590204088651852,4
3314,5,16,23,12,-15.598001372374195,4
3315,50,16,80,13,-15.718368557038914,3
3316,35,12,80,9,-15.72406211872363,3
3317,96,16,93,12,-15.73319462766121,4
3318,17,10,34,8,-15.751264612759243,2
3319,63,12,14,8,-15.759973477645744,4
3320,39,18,99,14,-15.84878961626863,4
3321,29,13,88,9,-15.850906570917441,4
3322,106,14,67,10,-15.86890640221611,4
3323,83,16,13,12,-15.934926256250732,4
3324,11,21,95,16,-16.006249051562754,5
3325,51,13,90,11,-16.044023231266955,2
3326,13,13,114,9,-16.04631004709342,4
3327,51,20,76,16,-16.059816015696757,4
3328,71,10,17,7,-16.13395738219133,3
3329,16,10,73,7,-16.163676933136152,3
3330,88,13,69,10,-16.183753216746744,3
3331,50,15,60,11,-16.230784690191452,4
3332,25,25,11,20,-16.429746187224737,5
3333,35,11,63,8,-16.493810387811514,3
3334,103,10,86,7,-16.57051549779981,3
3335,76,15,16,11,-16.69680514220129,4
3336,51,22,95,17,-16.722468441872227,5
3337,5,14,41,9,-16.723825478761608,5
3338,5,17,30,14,-16.835862346935006,3
3339,86,11,10,8,-16.95145578080744,3
3340,5,21,27,15,-17.023938523878094,6
3341,18,11,30,9,-17.068354015610023,2
3342,17,11,40,9,-17.086573002444847,2
3343,106,10,35,7,-17.319051156851785,3
3344,87,11,34,8,-17.33811535027782,3
3345,67,10,16,8,-17.493350405648194,2
3346,18,10,23,7,-17.633825837607827,3
3347,77,14,16,11,-17.677083033460956,3
3348,39,12,100,9,-17.749728851184297,3
3349,77,12,8,9,-17.994666569137152,3
3350,86,11,26,9,-18.01144379039894,2
3351,60,12,27,10,-18.166981128470486,2
3352,54,10,71,8,-18.201053620067494,2
3353,109,21,114,17,-18.305765635430763,4
3354,18,10,5,8,-18.464269170029826,2
3355,46,10,98,7,-18.66966202924449,3
3356,5,10,44,8,-18.75866141385734,2
3357,28,26,90,21,-18.776580206085534,5
3358,11,10,2,8,-18.92308479788875,2
3359,50,14,77,12,-18.960104376358405,2
3360,5,12,48,10,-19.15405252867682,2
3361,91,13,104,12,-19.168888324804986,1
3362,112,14,28,11,-19.249826897720947,3
3363,18,14,99,11,-19.290873438644514,3
3364,39,16,15,13,-19.411328140872982,3
3365,109,11,27,9,-19.5895500077205,2
3366,36,10,8,8,-19.670011999102364,2
3367,32,12,95,10,-19.760326388824467,2
3368,39,11,109,10,-19.91522037296725,1
3369,77,10,37,8,-20.076633362391377,2
3370,66,10,107,8,-20.152222817707916,2
3371,33,16,55,13,-20.174007528343807,3
3372,39,10,114,8,-20.217263961166076,2
3373,13,11,57,8,-20.619945240208803,3
3374,51,12,2,9,-21.189478139807612,3
3375,65,14,100,12,-21.601550893299848,2
3376,77,12,75,10,-21.656975507356307,2
3377,52,12,86,10,-21.816288972743816,2
3378,97,11,38,10,-22.176359713839883,1
3379,51,10,34,9,-22.213174768846976,1
3380,106,13,69,11,-22.736761735295865,2
3381,55,12,14,11,-22.798222840334333,1
3382,28,10,10,9,-23.03135332069283,1
3383,55,10,44,8,-23.361076236430034,2
3384,35,10,48,9,-25.15519793083891,1
3385,36,10,63,9,-27.34781964117815,1
3386,9,11,27,9,-28.09738410065478,2
3387,39,10,3,10,-28.725074023896866,0
