,againstHero,games,hero,losses,shift,wins
0,112,10,102,1,30.406521473655896,9
1,44,11,37,0,29.883498899257123,11
2,90,12,23,1,27.953563540615978,11
3,75,17,77,2,26.826580833678786,15
4,26,12,57,2,24.80508950345583,10
5,75,16,3,2,24.194103806582213,14
6,73,12,97,3,24.10757303293757,9
7,34,11,97,2,24.058676404388496,9
8,112,11,57,2,24.035129593266095,9
9,27,11,69,2,23.96512545131146,9
10,12,11,109,1,23.647352995961203,10
11,15,10,31,2,23.609989871480266,8
12,4,11,8,1,23.177905083651492,10
13,80,14,112,3,22.742433885358178,11
14,29,12,57,2,22.398372618819636,10
15,30,12,3,1,22.29701746198592,11
16,91,12,97,2,22.175648770183788,10
17,62,12,31,3,21.79094106777599,9
18,100,17,68,4,21.727189905119374,13
19,41,15,4,5,21.480590173913868,10
20,25,13,4,2,21.42004260246313,11
21,90,20,51,3,21.39328709298296,17
22,27,24,9,5,21.373496114862153,19
23,2,16,51,4,21.322170492802822,12
24,104,16,91,1,21.319718278752113,15
25,98,10,77,2,21.266559747636286,8
26,112,13,10,3,21.23417972341476,10
27,110,10,43,2,21.055981543018305,8
28,19,16,107,2,20.94464287974046,14
29,55,11,38,2,20.87506721402826,9
30,30,10,79,2,20.824119521738705,8
31,90,11,68,2,20.787956198015944,9
32,48,11,35,2,20.438098241934792,9
33,64,10,5,2,20.375787318305825,8
34,51,15,10,3,20.332726180509006,12
35,7,11,84,2,20.072751797902637,9
36,85,11,94,2,19.99391792955888,9
37,95,12,32,2,19.760326388824463,10
38,94,12,57,3,19.62329924153807,9
39,101,10,51,2,19.538804927619935,8
40,86,19,58,4,19.384187711945845,15
41,30,19,36,2,19.30529767168729,17
42,99,14,18,3,19.290873438644514,11
43,4,16,54,2,19.2440876038421,14
44,17,10,79,2,19.14895530451652,8
45,100,10,2,3,19.14350422886928,7
46,103,12,68,3,19.092898954379027,9
47,92,10,106,2,19.041690772468705,8
48,98,13,4,2,18.936498509144613,11
49,2,10,11,2,18.923084797888755,8
50,55,11,47,3,18.857554518412744,8
51,100,10,77,2,18.78580739314227,8
52,99,17,28,4,18.754584808369174,13
53,103,12,17,2,18.741287921745872,10
54,16,19,77,4,18.736127046783515,15
55,50,15,68,4,18.68712791744929,11
56,34,13,57,3,18.630835458538126,10
57,45,11,43,3,18.574891926068155,8
58,106,15,31,4,18.52908676481624,11
59,65,14,33,3,18.51276218041885,11
60,49,10,18,2,18.47715007090462,8
61,48,15,9,3,18.472872872736897,12
62,49,14,81,4,18.46786281015852,10
63,5,10,18,2,18.464269170029823,8
64,109,10,103,3,18.37872283171988,7
65,90,28,28,6,18.060877876686437,22
66,78,22,112,5,18.00765085252849,17
67,55,18,33,4,17.969879843551904,14
68,95,21,68,3,17.962668451083438,18
69,55,16,43,2,17.887669395914717,14
70,13,11,22,2,17.88490511828995,9
71,111,11,114,3,17.846918134233796,8
72,32,17,88,4,17.82459413467382,13
73,69,10,8,2,17.824588271872045,8
74,30,18,5,3,17.81053305502534,15
75,44,12,55,3,17.77184716319356,9
76,5,11,3,4,17.694163901939547,7
77,112,31,68,7,17.620663507177024,24
78,110,11,83,2,17.575104905290946,9
79,30,13,11,3,17.572520449971933,10
80,23,14,18,4,17.468338798211544,10
81,55,11,19,3,17.435802328445057,8
82,45,10,39,3,17.32115834390289,7
83,35,10,106,3,17.319051156851785,7
84,63,12,35,3,17.190706154289504,9
85,27,22,5,6,17.18696709990766,16
86,41,28,9,7,17.159883472781484,21
87,60,12,20,3,17.12579419517071,9
88,80,17,13,5,17.063751983939074,12
89,18,14,1,3,17.058153705270225,11
90,104,13,79,4,17.056081750892357,9
91,48,11,70,3,17.04295857723929,8
92,100,31,65,6,17.003977982643583,25
93,43,11,46,3,16.991693442801246,8
94,77,16,50,3,16.97319460562341,13
95,38,10,31,4,16.97274158238424,6
96,20,19,112,4,16.964936240764274,15
97,13,12,10,3,16.892767460419815,9
98,79,10,57,3,16.88799255534893,7
99,38,14,97,3,16.838290194315167,11
100,95,14,30,4,16.836817117204568,10
101,1,10,76,3,16.815372977495876,7
102,84,26,3,8,16.783035748930825,18
103,95,15,71,5,16.72675418994599,10
104,30,12,41,4,16.67014747818193,8
105,101,10,36,2,16.6279467044195,8
106,80,17,88,5,16.47753804603461,12
107,14,15,55,3,16.464885141480416,12
108,15,14,109,3,16.44720740462248,11
109,11,25,25,5,16.429746187224733,20
110,61,16,7,5,16.42696802044795,11
111,53,21,69,6,16.247322250303586,15
112,76,10,79,2,16.246721403642802,8
113,100,10,78,2,16.210411464087542,8
114,43,10,102,3,16.154622115934178,7
115,23,12,83,3,16.123810814063006,9
116,71,15,112,4,16.116875921028473,11
117,8,20,77,5,16.11157045463716,15
118,15,24,9,8,16.097463611966127,16
119,41,18,5,6,16.05037708250146,12
120,14,13,63,4,15.961958621197992,9
121,80,13,70,2,15.901333417895936,11
122,53,30,9,8,15.894615033798411,22
123,43,12,28,4,15.894105628705272,8
124,30,26,13,8,15.883892019395324,18
125,76,11,91,2,15.872477419459232,9
126,41,15,12,4,15.852631956602023,11
127,99,18,39,4,15.84878961626863,14
128,60,10,2,3,15.842056772053983,7
129,16,45,31,12,15.837412153743443,33
130,30,16,77,4,15.815643552868192,12
131,75,12,12,4,15.785867542761377,8
132,15,10,37,2,15.78269510258246,8
133,75,10,35,2,15.755761764469415,8
134,7,20,57,7,15.746440629237663,13
135,93,16,96,4,15.733194627661211,12
136,37,14,77,4,15.73169378416834,10
137,80,12,35,3,15.72406211872363,9
138,75,13,80,3,15.718052052365534,10
139,8,13,1,3,15.702434313684373,10
140,78,11,43,3,15.699752571068752,8
141,15,23,51,7,15.696340054221967,16
142,87,13,35,4,15.683184050777024,9
143,65,23,58,7,15.653154983328356,16
144,87,10,38,3,15.648595936017909,7
145,90,13,97,4,15.621888085765939,9
146,106,11,85,3,15.60573196351404,8
147,4,14,45,4,15.600891470448106,10
148,23,20,5,5,15.563915929412016,15
149,104,12,31,4,15.561592201078605,8
150,25,11,14,2,15.536643242754739,9
151,37,11,10,4,15.516949569025604,7
152,89,10,106,4,15.508251121091039,6
153,104,18,2,6,15.503443707499333,12
154,69,15,31,5,15.502962092044205,10
155,112,22,84,6,15.486639525748984,16
156,73,25,107,8,15.460672720698525,17
157,49,14,25,4,15.43786379260084,10
158,98,12,46,4,15.381140721878971,8
159,18,13,37,3,15.368965567811566,10
160,61,15,68,4,15.24709195978541,11
161,30,13,43,3,15.232406371172788,10
162,100,13,11,4,15.179784599525844,9
163,41,17,71,4,15.16238863659133,13
164,30,13,94,4,15.134946215773814,9
165,100,13,57,4,15.130206116996984,9
166,34,11,70,3,15.101320383881482,8
167,111,10,69,3,15.0816233253005,7
168,81,17,94,6,15.053941840602283,11
169,25,18,99,5,15.014737107768298,13
170,45,10,75,2,15.003649946946844,8
171,38,11,57,4,15.001479354971178,7
172,95,21,17,5,14.970865650802967,16
173,55,10,112,2,14.907032679929213,8
174,8,10,108,2,14.883275708091887,8
175,110,12,28,4,14.860268273313302,8
176,29,15,68,4,14.842517688016263,11
177,34,11,80,2,14.83036003753827,9
178,51,24,81,8,14.806900687075016,16
179,75,36,54,11,14.806584486593527,25
180,108,10,27,3,14.77653090302386,7
181,57,10,2,3,14.75670329182861,7
182,32,14,106,3,14.741977351969275,11
183,27,21,109,7,14.741810222555548,14
184,100,10,31,3,14.730848989291463,7
185,114,19,83,5,14.712530964906872,14
186,9,10,94,4,14.704426445452436,6
187,69,13,18,4,14.69589661715718,9
188,3,10,35,3,14.67345115895829,7
189,14,11,97,2,14.634263785488013,9
190,88,22,29,6,14.584788845308772,16
191,50,12,99,4,14.581629542155014,8
192,74,19,62,5,14.57027413820892,14
193,108,11,9,4,14.533752266696009,7
194,73,12,37,4,14.533349572792922,8
195,13,12,2,4,14.516038794033767,8
196,111,10,27,2,14.504025956772896,8
197,45,18,51,5,14.493324057948724,13
198,34,12,25,3,14.468789684868277,9
199,27,13,78,2,14.45913929654816,11
200,73,10,2,3,14.457830254043136,7
201,44,12,5,3,14.447481002517355,9
202,80,11,14,4,14.435345395194508,7
203,108,26,70,7,14.42739364927628,19
204,40,10,83,2,14.347262135245902,8
205,7,27,77,8,14.33556677589385,19
206,80,37,63,10,14.322048676220186,27
207,49,18,69,6,14.3183681466222,12
208,108,10,112,3,14.316449946299116,7
209,31,12,57,4,14.310689026630849,8
210,47,15,112,5,14.309777431810545,10
211,80,18,50,4,14.309192739594003,14
212,46,11,102,3,14.30749471315205,8
213,34,14,87,4,14.302419820319217,10
214,34,12,37,3,14.30057126443514,9
215,58,21,69,7,14.230642620976038,14
216,63,11,66,3,14.209916362631539,8
217,20,15,3,4,14.188922367828338,11
218,41,11,80,3,14.18671629223256,8
219,15,10,63,3,14.178625851059422,7
220,30,10,61,3,14.166437622294247,7
221,49,13,112,4,14.107588631583395,9
222,62,12,57,3,14.067895538486148,9
223,40,29,77,8,14.048771071022596,21
224,69,11,91,4,13.993001551531528,7
225,111,12,75,4,13.972281809419963,8
226,40,24,71,7,13.948125771645659,17
227,91,11,109,3,13.946188604720339,8
228,75,19,69,5,13.942304484906579,14
229,37,11,112,3,13.937736127059294,8
230,100,10,40,3,13.927928921941099,7
231,34,14,68,4,13.903096130211466,10
232,54,17,76,5,13.892444764564262,12
233,53,19,50,6,13.883151416746285,13
234,11,13,83,3,13.863860744018647,10
235,34,21,8,6,13.81699567409245,15
236,98,17,31,6,13.805084918983171,11
237,13,74,31,23,13.800549608099516,51
238,15,12,76,4,13.798152225410016,8
239,97,11,112,2,13.794615799527321,9
240,13,11,79,3,13.782362267237675,8
241,30,18,69,6,13.733696768023911,12
242,63,14,33,4,13.733555706081617,10
243,63,25,31,7,13.714594813504092,18
244,63,22,3,5,13.713969327820672,17
245,104,14,44,4,13.703910249073422,10
246,92,16,86,5,13.67676060817369,11
247,76,10,78,2,13.671397205033486,8
248,93,12,46,3,13.65474091099076,9
249,38,10,3,3,13.612373842695769,7
250,15,10,74,3,13.569326307429137,7
251,49,21,104,6,13.546207868188585,15
252,64,18,104,5,13.54129056151704,13
253,74,11,103,3,13.53565105452587,8
254,104,15,38,5,13.530669032796665,10
255,7,11,66,4,13.514093541012448,7
256,26,24,86,6,13.454427406615018,18
257,93,10,90,3,13.452391800759148,7
258,102,17,55,5,13.448934349992445,12
259,36,15,35,4,13.440272285829963,11
260,25,12,32,5,13.427877456338663,7
261,75,15,53,5,13.423496737137006,10
262,91,11,112,3,13.423237527272482,8
263,104,12,35,4,13.369677424437178,8
264,55,11,32,4,13.36363963009391,7
265,78,29,51,11,13.359227652506744,18
266,16,18,83,5,13.351235477213141,13
267,87,28,114,10,13.329695440899371,18
268,18,12,46,3,13.322032493347338,9
269,47,16,18,4,13.317575135316673,12
270,78,11,47,4,13.31383796511697,7
271,50,17,46,6,13.310329365776974,11
272,64,19,106,6,13.295192075566398,13
273,7,12,99,4,13.274517260788409,8
274,102,31,5,10,13.269431869962297,21
275,95,23,11,6,13.26328800508424,17
276,11,39,96,12,13.25258237771624,27
277,95,36,88,11,13.24512473637818,25
278,8,16,41,4,13.244566662838952,12
279,36,18,54,6,13.217744798273172,12
280,94,13,51,4,13.20979687229361,9
281,11,22,70,6,13.174919150937761,16
282,97,12,35,3,13.159538935863281,9
283,95,28,37,7,13.149042342745604,21
284,83,10,70,4,13.118339150755117,6
285,98,12,88,3,13.09482237083463,9
286,84,11,108,3,13.07106461175519,8
287,28,21,112,6,13.067763256870427,15
288,43,15,91,4,13.046946068237395,11
289,80,11,30,3,13.03236389442298,8
290,91,29,60,10,12.952631394075715,19
291,34,14,51,4,12.934608487352977,10
292,41,13,84,4,12.931428566792913,9
293,20,20,9,6,12.923964780165193,14
294,78,16,8,5,12.921729498024693,11
295,18,10,19,3,12.906348402552078,7
296,98,12,75,4,12.900340980932176,8
297,2,21,65,5,12.890027578518202,16
298,23,14,45,4,12.875487654765548,10
299,63,11,19,3,12.824791428015688,8
300,54,12,81,4,12.757047966098476,8
301,95,10,36,3,12.746346244298937,7
302,16,31,94,9,12.742627241743776,22
303,114,27,109,7,12.737377288037612,20
304,33,14,106,4,12.736963404825662,10
305,46,24,106,9,12.725492516069492,15
306,111,16,88,4,12.710530076381987,12
307,48,14,5,4,12.657719903594751,10
308,58,15,39,4,12.586107695941518,11
309,57,27,5,8,12.572003913811171,19
310,98,27,87,8,12.540784384215351,19
311,54,14,58,5,12.535089602873327,9
312,75,27,5,10,12.535083552437033,17
313,55,12,103,3,12.517980336309982,9
314,80,10,49,4,12.50914199523895,6
315,36,17,50,7,12.423703215189779,10
316,79,17,87,4,12.368409888374778,13
317,104,39,46,13,12.353574327141933,26
318,67,12,97,3,12.35346782744064,9
319,34,13,104,4,12.352990002767113,9
320,78,10,20,3,12.337947782230119,7
321,78,11,114,4,12.319932318545474,7
322,47,24,60,7,12.306617941323184,17
323,98,29,96,9,12.301665445316493,20
324,58,12,112,4,12.274503829909492,8
325,39,16,85,6,12.259649528892556,10
326,32,10,39,3,12.25900875776762,7
327,71,11,84,3,12.255989147154674,8
328,48,27,54,9,12.230401373927076,18
329,74,22,60,8,12.230302476711508,14
330,75,19,43,5,12.224767647713705,14
331,43,14,9,5,12.224469441855378,9
332,29,18,19,5,12.211976966273069,13
333,78,11,106,3,12.210243252742755,8
334,7,18,76,7,12.19661731578168,11
335,109,18,39,5,12.189314131019263,13
336,107,21,99,7,12.174640608684571,14
337,77,24,51,9,12.161499329151763,15
338,2,22,70,8,12.153236389251056,14
339,19,11,31,3,12.140248760143196,8
340,92,12,63,5,12.136993324985582,7
341,1,12,12,4,12.121434397869615,8
342,104,22,27,6,12.118014964478201,16
343,60,23,112,7,12.10922209330929,16
344,107,15,103,4,12.08956039909795,11
345,34,14,20,4,12.080633416209027,10
346,30,18,91,5,12.061464887561753,13
347,1,18,63,7,12.054495717242014,11
348,1,12,104,4,12.020108292717422,8
349,100,10,76,4,12.005567208991717,6
350,109,11,98,3,11.980585816049416,8
351,37,16,60,6,11.9668638856867,10
352,50,11,72,3,11.966306538639385,8
353,104,14,81,6,11.956844186421009,8
354,53,10,54,3,11.951994898142782,7
355,95,27,18,9,11.951490678023532,18
356,109,11,29,5,11.905733206262543,6
357,62,18,63,6,11.898616241132697,12
358,90,18,104,6,11.89837391797068,12
359,104,28,77,9,11.87424672617717,19
360,20,12,29,4,11.85416559868577,8
361,74,34,28,11,11.834419909257846,23
362,78,10,37,3,11.831707242150298,7
363,63,47,28,14,11.8288664237163,33
364,74,10,64,4,11.828764368523546,6
365,28,16,111,5,11.82030122340792,11
366,83,10,17,4,11.812775268760372,6
367,53,10,91,3,11.811611902058761,7
368,8,21,40,6,11.791921402372775,15
369,44,10,54,3,11.791894285038754,7
370,91,12,65,4,11.784658313781675,8
371,17,18,109,6,11.781743441013703,12
372,55,37,1,11,11.76903355576794,26
373,43,18,53,5,11.762416104262291,13
374,16,11,67,3,11.761532223804268,8
375,11,34,84,11,11.737395009694307,23
376,78,21,16,7,11.702859250145929,14
377,91,13,96,4,11.692854193124042,9
378,34,23,28,7,11.682170467841415,16
379,98,11,48,3,11.678045251552971,8
380,15,21,18,6,11.590119158022436,15
381,30,17,63,6,11.58352767157503,11
382,90,15,39,5,11.57797650142359,10
383,33,15,50,5,11.568332857311571,10
384,108,10,11,3,11.565275419390533,7
385,36,16,104,6,11.564722196156039,10
386,111,10,71,3,11.563837134119533,7
387,74,15,76,6,11.544600382799558,9
388,78,17,69,6,11.534111954277668,11
389,63,10,94,3,11.526010775087409,7
390,57,19,63,7,11.49963226954776,12
391,47,14,81,4,11.445134927289029,10
392,114,39,106,13,11.417874917507987,26
393,60,28,69,11,11.415693819512112,17
394,29,10,95,3,11.401888238693152,7
395,76,23,35,8,11.396918545348738,15
396,4,11,38,3,11.395009854616484,8
397,107,14,10,5,11.38119632500004,9
398,104,21,71,8,11.370166649530528,13
399,86,20,52,6,11.33652830385731,14
400,64,12,20,3,11.33130846260478,9
401,13,75,88,24,11.322656510714445,51
402,50,38,20,12,11.31681648660145,26
403,28,19,72,6,11.306329036701383,13
404,7,25,96,7,11.300422106484014,18
405,80,10,5,3,11.295210617596885,7
406,2,14,55,5,11.276816159574059,9
407,75,52,7,17,11.274663385996204,35
408,28,10,103,3,11.258889995972657,7
409,90,12,48,4,11.252381363492233,8
410,87,29,70,11,11.250414739740135,18
411,107,16,83,5,11.249585120390279,11
412,40,13,81,4,11.249205674756393,9
413,95,28,51,8,11.244919045567018,20
414,75,17,109,5,11.242273446455997,12
415,38,12,112,3,11.230403622900138,9
416,46,20,96,8,11.223825219116966,12
417,73,13,51,4,11.219804453521853,9
418,98,18,106,6,11.217270403208776,12
419,25,15,3,5,11.214634960222732,10
420,100,12,46,4,11.210309669403356,8
421,89,11,1,4,11.209011069389932,7
422,114,45,65,16,11.207925536927627,29
423,6,12,61,4,11.200388242698187,8
424,72,10,23,3,11.180586418758143,7
425,43,16,4,6,11.162760468553993,10
426,55,13,85,4,11.149931721802192,9
427,75,16,38,4,11.14383618558865,12
428,46,15,70,5,11.123543654837002,10
429,27,20,84,7,11.118973426521963,13
430,40,10,19,3,11.104417905023016,7
431,74,13,32,4,11.101664191982366,9
432,78,13,80,4,11.097915766170063,9
433,75,13,29,5,11.096282078020437,8
434,30,35,39,12,11.092978860146742,23
435,99,11,11,4,11.04788337752713,7
436,32,12,114,4,11.045874107216177,8
437,17,14,78,5,11.040829177804998,9
438,53,41,88,13,11.023031682203495,28
439,41,14,92,5,11.016394202336144,9
440,98,10,68,3,11.014423279510455,7
441,15,13,71,4,11.00914391321026,9
442,56,13,107,5,11.000292497508868,8
443,51,20,110,6,11.000148170458745,14
444,70,24,57,10,10.99751468090858,14
445,50,37,88,13,10.986958086725295,24
446,60,24,29,9,10.986279893385442,15
447,11,14,9,5,10.959299620365583,9
448,89,10,13,4,10.939542022741618,6
449,98,16,29,5,10.909698341629543,11
450,73,17,5,6,10.907383059794872,11
451,102,10,35,4,10.903207987031468,6
452,63,20,69,6,10.901230458210245,14
453,111,21,41,8,10.875724405637953,13
454,71,16,77,5,10.872072685026803,11
455,37,46,54,15,10.870093974692763,31
456,65,39,93,15,10.857048849068637,24
457,60,12,48,4,10.834150297184138,8
458,106,17,81,7,10.816681182916202,10
459,100,10,29,4,10.811451389513943,6
460,55,25,91,7,10.791612827626562,18
461,100,14,102,4,10.786002151711443,10
462,59,11,7,3,10.771239818059199,8
463,63,11,72,3,10.764095493593645,8
464,27,27,31,11,10.758919665279384,16
465,11,24,68,9,10.754003487507697,15
466,13,45,18,16,10.738363532449275,29
467,54,11,111,3,10.714143810197228,8
468,43,13,36,5,10.713552025008548,8
469,76,30,68,7,10.70734350595971,23
470,51,25,74,7,10.704030149650722,18
471,48,32,107,11,10.694845948293114,21
472,65,29,29,11,10.675445820566951,18
473,5,25,98,9,10.66291868554062,16
474,30,20,64,7,10.642272986004784,13
475,98,18,71,6,10.627953776602759,12
476,16,12,101,4,10.622717697482882,8
477,7,31,91,9,10.609100286101588,22
478,26,10,28,3,10.592168464369761,7
479,95,15,9,6,10.569002592922953,9
480,71,19,54,7,10.563773271372229,12
481,28,17,40,7,10.551622113062637,10
482,86,16,56,5,10.543126647721753,11
483,58,18,13,5,10.538623477632353,13
484,71,19,97,6,10.5235339621969,13
485,27,27,36,10,10.523349599331352,17
486,89,14,37,6,10.519274673853001,8
487,114,12,12,5,10.50495457801322,7
488,63,49,84,18,10.498571963087883,31
489,27,13,19,3,10.496867066136128,10
490,64,27,9,8,10.495957554452968,19
491,75,14,102,4,10.47886729381523,10
492,81,11,27,4,10.477393451911677,7
493,75,35,8,11,10.477015226263449,24
494,23,12,77,4,10.472073733658851,8
495,6,10,31,4,10.459894630543896,6
496,64,25,112,7,10.447348803692252,18
497,44,16,39,6,10.434810009571377,10
498,95,19,114,7,10.422604339796184,12
499,110,11,7,5,10.422576579231729,6
500,43,11,77,4,10.418907416256184,7
501,75,13,57,4,10.387723743034115,9
502,106,16,93,6,10.37915501513517,10
503,9,12,12,4,10.366855545040103,8
504,94,10,7,3,10.355621654064773,7
505,53,16,77,6,10.347606271977277,10
506,16,26,1,7,10.345699287153877,19
507,37,13,1,5,10.342164269053148,8
508,7,14,81,6,10.32158298772756,8
509,30,43,107,15,10.304808874515393,28
510,107,29,31,13,10.30345756995746,16
511,49,11,29,4,10.30099349448638,7
512,30,11,102,4,10.296833808784982,7
513,15,32,88,9,10.284341457845953,23
514,38,12,54,4,10.280232127604943,8
515,85,15,50,5,10.26203922127155,10
516,77,12,99,3,10.252199704478638,9
517,67,16,106,6,10.252161434234207,10
518,16,44,18,14,10.239548895772598,30
519,28,27,68,8,10.229548768409218,19
520,63,35,91,11,10.225389928816243,24
521,30,17,31,7,10.214096274935343,10
522,25,24,68,8,10.211790433098953,16
523,10,14,28,4,10.207926130943799,10
524,11,36,37,12,10.20717474941383,24
525,91,24,39,8,10.206322081312438,16
526,114,16,57,5,10.202940786046575,11
527,48,24,96,8,10.200121519345739,16
528,98,15,2,6,10.198603389321667,9
529,71,13,33,4,10.195530501937561,9
530,97,41,37,14,10.190687502541845,27
531,13,26,94,9,10.188177760006152,17
532,76,13,57,4,10.181023937949497,9
533,89,13,104,5,10.17868688184359,8
534,6,12,9,5,10.175309866966636,7
535,43,29,86,9,10.173097117221216,20
536,92,16,68,5,10.14730683848729,11
537,96,11,23,4,10.143008283174426,7
538,53,37,31,14,10.136338371296793,23
539,92,10,109,3,10.132066653367776,7
540,17,18,60,6,10.12863063958789,12
541,8,10,35,3,10.118762046100299,7
542,50,20,102,8,10.118106239071224,12
543,53,21,17,7,10.11768769756885,14
544,53,36,36,11,10.114732824687987,25
545,54,18,43,7,10.112977062708419,11
546,18,24,8,7,10.103008591242306,17
547,89,11,74,4,10.093150392265771,7
548,23,17,17,6,10.090670558592322,11
549,79,12,106,4,10.079963228120917,8
550,40,16,49,6,10.077718304922938,10
551,13,23,83,8,10.067954696106945,15
552,63,31,76,10,10.049351171103778,21
553,80,19,51,7,10.049293803677342,12
554,44,10,38,3,10.048373138060269,7
555,39,29,43,11,10.035622734323454,18
556,110,13,107,4,10.03472132274693,9
557,11,14,18,5,10.031989827572826,9
558,95,25,65,9,9.987438820754939,16
559,73,18,88,6,9.974203425238965,12
560,63,45,88,14,9.955054334971098,31
561,72,15,51,6,9.937514477649751,9
562,87,20,81,9,9.92521789350872,11
563,95,10,2,3,9.920312629990502,7
564,8,23,15,9,9.913275414610844,14
565,107,21,102,8,9.900916609628295,13
566,100,11,38,3,9.89382268344099,8
567,18,39,39,13,9.885046818102031,26
568,2,17,54,5,9.883928701627934,12
569,100,26,54,9,9.876264305600081,17
570,17,15,71,6,9.874078720771614,9
571,76,12,18,4,9.847622493503502,8
572,53,10,98,4,9.839111782848335,6
573,16,12,10,4,9.837247209773244,8
574,54,13,57,3,9.824315369895016,10
575,104,25,75,9,9.822163907084754,16
576,40,24,17,8,9.815776001763279,16
577,29,13,93,5,9.815241351279962,8
578,64,17,37,6,9.810222324765896,11
579,87,35,9,14,9.798770018552649,21
580,62,10,93,4,9.798162399200404,6
581,100,26,87,11,9.796481014444312,15
582,63,11,61,3,9.795863144147216,8
583,11,11,71,4,9.793856230234496,7
584,40,25,3,8,9.786955757231253,17
585,37,24,83,9,9.783726366978417,15
586,30,12,52,4,9.763146241314214,8
587,17,18,9,7,9.748042408416225,11
588,100,11,70,4,9.741790049682665,7
589,89,13,16,5,9.733195931265595,8
590,16,16,32,6,9.72172092201369,10
591,43,19,31,10,9.720852773553682,9
592,85,13,13,4,9.717007051558657,9
593,75,18,11,7,9.71088785220573,11
594,102,33,86,11,9.70383463978044,22
595,53,18,3,6,9.694466592939397,12
596,30,22,84,7,9.685299349257194,15
597,53,12,38,4,9.664145468055217,8
598,100,12,71,4,9.66068752031631,8
599,111,16,63,6,9.656549842780759,10
600,41,15,17,5,9.654478177971624,10
601,22,10,114,5,9.649313306364819,5
602,48,23,79,8,9.646370149116427,15
603,109,36,8,14,9.641625939928552,22
604,93,10,104,4,9.637966581885273,6
605,41,23,53,8,9.631953807885303,15
606,70,17,109,6,9.623350653501726,11
607,76,16,9,5,9.621504571842449,11
608,99,14,8,6,9.61106559286031,8
609,83,18,84,7,9.609473734372159,11
610,8,13,53,4,9.596286006275326,9
611,80,14,39,5,9.589468521855673,9
612,11,25,109,8,9.585833860536326,17
613,73,20,7,8,9.582485903794176,12
614,100,18,60,6,9.573778234111991,12
615,64,44,60,14,9.569439655645416,30
616,13,24,97,9,9.567486234498416,15
617,7,23,19,7,9.559895766747154,16
618,106,13,108,4,9.535201707134298,9
619,78,12,1,4,9.531466280674074,8
620,1,22,31,9,9.525804060927038,13
621,20,32,25,11,9.520523686179052,21
622,18,27,9,9,9.520249042639604,18
623,57,37,107,14,9.515541127652218,23
624,104,14,69,4,9.512677665660085,10
625,8,17,36,6,9.51236026695053,11
626,90,14,80,4,9.509239360264802,10
627,114,13,2,5,9.509158562417847,8
628,90,21,13,7,9.506733485788097,14
629,37,22,99,7,9.502759058160713,15
630,11,10,94,3,9.501428180815385,7
631,37,29,7,11,9.500511382222342,18
632,102,13,60,5,9.490462801517765,8
633,70,10,58,3,9.487562225897108,7
634,75,58,68,19,9.486513066984084,39
635,97,23,51,7,9.463450569827408,16
636,16,47,96,14,9.46295382882651,33
637,102,12,17,4,9.460667678985603,8
638,17,10,94,4,9.449116979238093,6
639,27,32,60,10,9.444817966504301,22
640,32,11,63,4,9.44232166344675,7
641,64,14,92,7,9.432471863302014,7
642,100,14,84,4,9.414033228858957,10
643,108,15,39,6,9.406857006968854,9
644,45,22,107,8,9.39975575090587,14
645,86,21,72,7,9.392937391895078,14
646,63,25,109,10,9.392892060380623,15
647,48,13,51,6,9.391737592298234,7
648,109,11,36,3,9.390936468630548,8
649,80,33,107,11,9.376730084103613,22
650,41,16,77,5,9.374945974938667,11
651,104,21,84,8,9.37162724208143,13
652,87,14,33,5,9.358610632806945,9
653,23,12,50,3,9.354699302165745,9
654,28,29,2,10,9.34282167881126,19
655,111,15,51,5,9.328246716797016,10
656,68,47,87,17,9.326644896683149,30
657,76,11,48,3,9.32275185522147,8
658,50,17,70,7,9.316243790355681,10
659,15,18,87,7,9.315321569312852,11
660,37,17,27,6,9.314988662643295,11
661,15,13,11,5,9.314265162028605,8
662,86,15,67,6,9.30654184494345,9
663,100,17,18,7,9.297622647277194,10
664,63,19,77,6,9.291814452323939,13
665,65,17,57,6,9.283766581789788,11
666,75,13,93,5,9.279825087560205,8
667,20,16,90,6,9.25670480461804,10
668,41,29,104,12,9.232545203988776,17
669,70,16,69,5,9.227346228401574,11
670,64,11,81,4,9.217681779438383,7
671,16,19,14,7,9.215741001366093,12
672,13,19,6,7,9.21551599242718,12
673,27,15,4,6,9.214915067697104,9
674,2,12,40,4,9.204153353273352,8
675,73,17,40,6,9.199997222971483,11
676,15,13,91,6,9.175439096539632,7
677,41,15,49,6,9.171912615870818,9
678,40,15,102,6,9.171373555966685,9
679,92,15,40,5,9.168940871834318,10
680,53,22,108,9,9.163083344546394,13
681,16,63,106,21,9.160803291418002,42
682,50,43,5,17,9.156049369840707,26
683,9,16,47,6,9.146152811782594,10
684,16,40,9,13,9.142096271109022,27
685,69,21,68,8,9.139651413697878,13
686,60,25,81,9,9.119854252529585,16
687,91,22,20,9,9.11515023214943,13
688,92,11,17,4,9.114563540800457,7
689,109,15,31,5,9.11388757240418,10
690,58,20,68,7,9.097701878706363,13
691,95,34,8,13,9.079209474058969,21
692,44,29,86,10,9.073857704921485,19
693,28,34,75,12,9.068390514566694,22
694,60,23,12,11,9.065174336927504,12
695,10,12,87,4,9.060984306619423,8
696,35,16,45,7,9.040031591861501,9
697,75,18,100,8,9.024866169547831,10
698,13,19,29,8,9.021834443218543,11
699,30,16,70,7,9.016092338129877,9
700,5,15,36,6,9.008614310253613,9
701,13,33,69,12,8.99703997104475,21
702,100,19,43,8,8.981606565772067,11
703,78,27,57,11,8.977959584850536,16
704,28,15,52,6,8.975367013246691,9
705,76,12,94,4,8.97405454794504,8
706,97,18,36,7,8.970668153566264,11
707,47,20,114,8,8.969382880850322,12
708,43,16,84,6,8.968948746982855,10
709,28,11,32,4,8.963821007682872,7
710,63,34,48,12,8.958044896706859,22
711,100,11,49,5,8.94783461865437,6
712,73,12,31,4,8.938919570135752,8
713,11,10,91,3,8.923724837318142,7
714,27,21,57,9,8.91882122376835,12
715,110,19,25,6,8.917701672558222,13
716,89,15,107,5,8.908975430626485,10
717,7,20,109,7,8.9080321410632,13
718,15,14,55,4,8.90352085117802,10
719,12,12,49,3,8.896131245879715,9
720,69,12,97,4,8.888377862411462,8
721,44,20,13,7,8.886721786197054,13
722,38,12,17,5,8.88566473615372,7
723,49,11,53,4,8.876928289416245,7
724,23,16,12,6,8.872217683410865,10
725,107,13,61,5,8.850698470757944,8
726,32,15,87,5,8.84415502943487,10
727,63,19,36,7,8.822881427312195,12
728,36,18,47,6,8.810892372607714,12
729,106,10,42,3,8.802546839644418,7
730,39,36,20,15,8.800920294125156,21
731,109,12,77,5,8.789144881364965,7
732,106,23,18,8,8.778191080978742,15
733,39,36,88,13,8.756638990991734,23
734,108,27,13,9,8.751351034715968,18
735,38,14,106,7,8.74501943352997,7
736,104,23,11,8,8.742484307216115,15
737,4,22,17,7,8.727735068009611,15
738,8,26,57,9,8.727187925997562,17
739,58,10,45,4,8.721721801464442,6
740,81,13,69,5,8.721044769504893,8
741,45,15,86,6,8.710518828201982,9
742,63,15,102,6,8.710165699989911,9
743,100,13,94,4,8.706256221291522,9
744,63,35,20,14,8.705248065274409,21
745,30,10,2,4,8.704387763563812,6
746,110,14,39,4,8.694421097429624,10
747,16,26,76,12,8.692110714550006,14
748,86,42,76,16,8.686330791282545,26
749,9,31,31,11,8.678153869820548,20
750,85,10,98,3,8.673802483900154,7
751,41,19,97,7,8.638943706099205,12
752,1,24,65,10,8.63311694974403,14
753,68,29,18,11,8.623169944927229,18
754,51,51,63,21,8.61580742538916,30
755,27,19,53,6,8.613512457869616,13
756,69,15,57,5,8.610432071680039,10
757,51,21,33,6,8.606152418737853,15
758,27,39,88,16,8.602187681442969,23
759,90,22,50,8,8.598522697494,14
760,110,19,16,7,8.596145036216202,12
761,11,10,38,4,8.595630039069132,6
762,81,20,16,7,8.585952206420341,13
763,95,23,55,8,8.575006509864881,15
764,41,13,3,3,8.570007818582788,10
765,78,19,7,8,8.565348954184037,11
766,78,11,36,4,8.552435160203329,7
767,114,13,62,5,8.54955618000272,8
768,12,13,106,4,8.530975907772834,9
769,86,29,48,11,8.527783865058886,18
770,16,43,46,15,8.523887339164597,28
771,62,23,88,9,8.512625127129992,14
772,91,10,45,4,8.504304930616431,6
773,64,28,40,10,8.496071624321134,18
774,16,33,69,12,8.492849118552362,21
775,87,37,40,15,8.490974125613958,22
776,75,16,1,5,8.487454866261048,11
777,74,14,77,5,8.485489523270209,9
778,15,13,53,5,8.45144556317874,8
779,95,14,96,5,8.45037398259218,9
780,8,32,114,11,8.446067232393613,21
781,39,15,78,6,8.442592249169802,9
782,41,40,86,14,8.438958336325594,26
783,96,24,70,11,8.437417991026262,13
784,55,20,114,7,8.432483182241098,13
785,73,19,90,7,8.424101991862472,12
786,109,14,67,7,8.410228891959628,7
787,11,25,57,11,8.400613395593451,14
788,80,11,79,5,8.39440233865723,6
789,67,10,104,4,8.393331116483226,6
790,78,14,53,6,8.385129502111273,8
791,7,45,25,16,8.37280661834829,29
792,64,11,29,3,8.360354117139725,8
793,7,22,5,8,8.357081514884824,14
794,38,23,65,10,8.354229779220864,13
795,41,32,31,12,8.353957395244583,20
796,39,20,112,8,8.345179878987272,12
797,25,15,9,5,8.323455878342044,10
798,102,17,88,5,8.307899790454732,12
799,90,31,106,10,8.283845461248372,21
800,16,66,63,25,8.283483649795642,41
801,41,18,91,6,8.276671952774393,12
802,86,19,103,7,8.275383973570774,12
803,48,25,87,9,8.272887403064754,16
804,75,12,76,5,8.269580351796622,7
805,50,34,55,14,8.268886532039616,20
806,37,12,14,5,8.266467835075433,7
807,2,12,38,5,8.244738843628978,7
808,94,10,2,4,8.235738884159371,6
809,112,10,79,4,8.23380656767564,6
810,69,21,106,8,8.230262561693124,13
811,85,16,72,5,8.221502081191193,11
812,112,14,40,6,8.221202026655053,8
813,87,24,93,9,8.20135369004028,15
814,74,25,39,10,8.195535087876927,15
815,63,11,89,3,8.19292788894577,8
816,104,35,60,10,8.183651908443375,25
817,50,18,30,7,8.173377893689405,11
818,50,28,71,11,8.165371088482388,17
819,54,31,60,11,8.16146550040988,20
820,18,16,112,5,8.155957753880719,11
821,1,19,87,8,8.152622059420272,11
822,4,10,112,4,8.145974306589784,6
823,26,10,107,4,8.136960920766814,6
824,100,19,63,8,8.133393706542947,11
825,30,16,46,6,8.09849810603762,10
826,37,42,46,14,8.09589581959515,28
827,60,30,50,13,8.087484578525554,17
828,76,12,108,4,8.086994753980798,8
829,7,15,10,6,8.086365440359023,9
830,109,15,46,6,8.081904977493476,9
831,8,61,5,24,8.080732178020162,37
832,110,16,97,6,8.077466293642946,10
833,13,34,3,11,8.071894737567842,23
834,53,13,46,5,8.064750592390656,8
835,51,15,91,5,8.060157448942936,10
836,108,19,87,7,8.0530569756161,12
837,20,36,84,11,8.04861670328596,25
838,48,13,108,4,8.047800069948497,9
839,58,26,107,9,8.037629940895535,17
840,75,41,50,14,8.02466935745211,27
841,16,29,3,10,8.021456311959035,19
842,63,12,52,5,8.015196003418383,7
843,35,11,9,5,8.012816785902409,6
844,48,12,25,5,8.01244102921806,7
845,91,31,98,12,8.010154956050265,19
846,3,14,18,4,8.000317413483804,10
847,102,19,96,7,7.9956311609664965,12
848,44,22,6,7,7.994067314889742,15
849,13,16,70,6,7.990308468406848,10
850,5,28,84,11,7.986435375626319,17
851,12,12,4,4,7.976222296376225,8
852,12,22,107,7,7.967915897333259,15
853,65,25,5,10,7.967561696591304,15
854,23,21,39,8,7.9630880242589255,13
855,89,12,53,5,7.9499730264780055,7
856,53,19,61,6,7.9431150632920575,13
857,73,17,87,5,7.942207150258419,12
858,18,10,34,3,7.934073113605032,7
859,33,16,20,6,7.928062438364485,10
860,27,16,77,6,7.9223131995101,10
861,94,14,12,6,7.919437845972353,8
862,34,20,84,8,7.917696778697559,12
863,54,22,18,9,7.917650548154775,13
864,88,10,82,4,7.912578083642496,6
865,71,13,38,4,7.906029048659733,9
866,78,11,31,5,7.904414780494012,6
867,62,23,68,9,7.893829370684333,14
868,55,17,23,8,7.871570609888838,9
869,100,21,88,8,7.8714372446179155,13
870,102,18,51,7,7.870945415633869,11
871,114,25,90,10,7.8701656835045455,15
872,44,12,35,5,7.859665557157517,7
873,106,26,91,9,7.859341034872018,17
874,29,14,55,5,7.851130455007913,9
875,53,19,109,7,7.841205358929896,12
876,7,11,2,4,7.836909370766421,7
877,8,17,98,6,7.8322640771965775,11
878,107,20,77,8,7.820720701788074,12
879,25,46,46,19,7.8204011950255445,27
880,75,21,49,8,7.802050873504809,13
881,114,12,110,4,7.80031681097971,8
882,50,15,48,5,7.798532000224024,10
883,55,22,64,7,7.789831302640343,15
884,47,10,111,4,7.786638633209644,6
885,13,43,43,19,7.783895328367697,24
886,92,14,114,4,7.774797164908212,10
887,41,15,81,5,7.770221546669875,10
888,30,43,65,16,7.769639688133168,27
889,27,35,65,13,7.768190723992537,22
890,13,21,84,7,7.767021582543792,14
891,50,22,18,9,7.758401768064157,13
892,53,11,73,4,7.756297558195456,7
893,37,49,25,20,7.755599308877524,29
894,16,32,64,11,7.754231430905149,21
895,103,12,87,4,7.748457125828163,8
896,73,13,54,5,7.746921178252216,8
897,28,14,12,5,7.741725097225164,9
898,44,11,84,5,7.741464370739849,6
899,15,15,1,5,7.73306575970013,10
900,46,13,64,5,7.701785189637151,8
901,64,11,11,3,7.699861982788657,8
902,111,25,7,10,7.69032342577198,15
903,5,32,11,12,7.687442157533876,20
904,13,15,76,6,7.686884560878501,9
905,37,29,38,11,7.668156637885108,18
906,37,24,96,10,7.665844925696509,14
907,107,27,35,9,7.659745377736294,18
908,33,13,31,6,7.647223417443057,7
909,70,11,60,4,7.6464357490262,7
910,97,29,5,10,7.639418302115124,19
911,96,22,80,8,7.6325568595370585,14
912,23,13,91,6,7.630492751883036,7
913,47,13,69,5,7.615142827000194,8
914,18,20,36,8,7.5949028785012285,12
915,58,18,88,7,7.5880987725104365,11
916,72,10,36,4,7.585561627806539,6
917,28,31,114,13,7.584853881328923,18
918,46,12,77,5,7.574271980014295,7
919,34,14,5,4,7.5706698448560905,10
920,40,66,68,24,7.5703219943157025,42
921,107,30,109,11,7.567930415965966,19
922,39,26,38,10,7.546657823994113,16
923,30,10,85,4,7.5440843213091044,6
924,85,10,46,3,7.538229298143679,7
925,6,11,55,3,7.526848268362216,8
926,55,18,77,7,7.520653437888106,11
927,88,24,3,9,7.5117017749719,15
928,53,19,12,8,7.511441486905761,11
929,15,13,50,5,7.509982415529958,8
930,29,14,27,4,7.5020140816342025,10
931,27,14,98,6,7.497316272159128,8
932,3,17,43,6,7.496311575799016,11
933,20,42,16,14,7.490661859277886,28
934,108,15,60,6,7.490204395999503,9
935,89,12,68,5,7.483167732526591,7
936,41,11,96,3,7.480521636982391,8
937,48,10,89,3,7.476757612743907,7
938,70,14,36,6,7.476080415111229,8
939,108,15,63,6,7.475559971035058,9
940,64,37,31,14,7.4738922265185375,23
941,28,10,81,4,7.472696801730322,6
942,60,10,57,4,7.467563385882379,6
943,45,12,53,5,7.463487107897495,7
944,37,21,110,9,7.457046552670356,12
945,86,53,97,21,7.453774682156136,32
946,46,30,75,12,7.449361290092638,18
947,8,28,84,10,7.447150756775401,18
948,64,17,43,7,7.43896725456377,10
949,9,13,19,5,7.433517897940031,8
950,76,40,51,14,7.425338525528089,26
951,34,11,43,4,7.424240308041092,7
952,8,19,91,7,7.416456742894205,12
953,36,34,41,16,7.412500474371832,18
954,76,14,49,5,7.397729008977233,9
955,1,10,5,4,7.391988711274886,6
956,75,50,16,20,7.38842567902132,30
957,27,10,76,4,7.3768253706957125,6
958,86,36,17,16,7.373387885533473,20
959,73,10,71,4,7.37323406519455,6
960,13,35,54,13,7.373225396669799,22
961,34,15,74,5,7.367415754617591,10
962,31,14,80,4,7.367135464628976,10
963,25,16,33,5,7.36592627296452,11
964,77,10,114,4,7.3654772203978025,6
965,49,13,23,5,7.360298065336568,8
966,73,25,8,10,7.35879002547718,15
967,87,17,112,7,7.3462185343517366,10
968,40,41,104,15,7.342291894534163,26
969,11,10,103,3,7.33896872976819,7
970,75,16,2,7,7.332326563651873,9
971,2,32,107,12,7.32884412298255,20
972,70,42,5,17,7.323141246130927,25
973,39,24,106,10,7.31226919998241,14
974,63,14,85,6,7.301748789802251,8
975,100,12,3,5,7.3003800187027315,7
976,54,33,40,13,7.298767912387551,20
977,62,11,104,3,7.298660521894603,8
978,47,11,61,4,7.295405799949466,7
979,43,31,40,13,7.2876910701836355,18
980,76,18,39,6,7.286479537324273,12
981,97,16,29,6,7.284915525257299,10
982,13,20,98,7,7.284404613166717,13
983,114,42,13,19,7.284350704257176,23
984,16,110,88,41,7.282392910348155,69
985,55,20,68,7,7.273979151335479,13
986,106,13,57,6,7.272492874678534,7
987,62,10,96,3,7.268496266352443,7
988,110,16,70,6,7.267896542251015,10
989,20,17,98,6,7.267496359610282,11
990,75,19,81,7,7.259552889264539,12
991,86,30,79,11,7.258463117259926,19
992,84,33,39,14,7.257920848438738,19
993,11,12,10,5,7.252899748629005,7
994,98,12,93,5,7.2513528092711335,7
995,46,13,90,5,7.250761878801304,8
996,20,21,41,9,7.246750485082596,12
997,31,14,5,5,7.246607645789562,9
998,39,58,68,24,7.241593863809959,34
999,20,10,75,4,7.241047227766171,6
1000,114,27,40,9,7.240772461331043,18
1001,114,14,81,6,7.238705590547007,8
1002,54,16,62,6,7.236680580960737,10
1003,13,60,106,23,7.22482230869508,37
1004,35,20,40,7,7.2238461178978355,13
1005,112,22,76,10,7.216620353424457,12
1006,72,13,68,5,7.215759890156864,8
1007,27,13,35,5,7.215256796262466,8
1008,27,20,63,9,7.19472225275396,11
1009,57,26,39,11,7.190870269128093,15
1010,30,49,16,19,7.190557635981447,30
1011,109,13,22,5,7.1904728762162415,8
1012,49,14,62,5,7.1853921647786025,9
1013,36,16,112,6,7.175574629533441,10
1014,20,19,68,8,7.16589556666434,11
1015,38,18,84,8,7.154125748328736,10
1016,103,11,84,5,7.1482130524012435,6
1017,34,12,60,4,7.148158666349012,8
1018,29,14,37,6,7.147246302868531,8
1019,88,10,103,4,7.146583091840611,6
1020,5,17,60,6,7.144002600647477,11
1021,40,50,55,19,7.142420946012768,31
1022,41,16,43,6,7.142362917596401,10
1023,87,27,91,10,7.142016410462965,17
1024,90,26,87,10,7.134749793973535,16
1025,63,58,54,22,7.133964662886907,36
1026,75,57,107,18,7.131800392099847,39
1027,88,11,67,3,7.127393540580368,8
1028,38,14,19,4,7.12483566230394,10
1029,67,12,107,4,7.124134838046416,8
1030,86,30,83,10,7.114862976089345,20
1031,23,37,60,14,7.1142097930377055,23
1032,27,15,64,5,7.097541085798832,10
1033,28,20,62,8,7.086204539456473,12
1034,28,35,70,14,7.078735797739843,21
1035,102,14,98,6,7.075813129571894,8
1036,50,14,49,6,7.064134383315743,8
1037,100,21,25,9,7.062312436550092,12
1038,99,18,36,6,7.061516094995872,12
1039,65,16,73,6,7.056062739811479,10
1040,55,25,97,9,7.041738062020972,16
1041,17,11,27,5,7.041708235736262,6
1042,20,10,110,4,7.040932959044509,6
1043,85,24,84,8,7.039561068893882,16
1044,95,15,40,6,7.026458120737083,9
1045,87,27,53,12,7.022639512769477,15
1046,30,31,60,10,7.01266930580997,21
1047,41,18,112,7,7.010299429192565,11
1048,86,91,51,39,7.002608700360023,52
1049,93,26,54,9,7.002072182522706,17
1050,80,13,48,4,6.99747900943173,9
1051,62,15,5,6,6.992708759597391,9
1052,114,19,1,7,6.990089974683044,12
1053,111,23,13,10,6.988942249892523,13
1054,17,20,55,9,6.987444025974705,11
1055,53,30,30,12,6.984989750265453,18
1056,8,17,33,6,6.975602243001775,11
1057,18,23,97,9,6.965163575719862,14
1058,16,34,36,13,6.9623095532486845,21
1059,32,18,104,6,6.95922508638955,12
1060,90,20,63,8,6.95733483322538,12
1061,4,25,51,9,6.952578906103857,16
1062,99,12,88,5,6.93913123202866,7
1063,7,21,46,7,6.935769096747123,14
1064,39,82,51,33,6.933482130181712,49
1065,75,19,30,8,6.923427737676235,11
1066,114,23,3,8,6.912850093555391,15
1067,100,43,51,20,6.89384334049581,23
1068,76,16,88,7,6.891817282335726,9
1069,90,22,65,10,6.887045978873851,12
1070,114,47,5,19,6.885144276646171,28
1071,106,15,99,5,6.882359612487447,10
1072,60,43,4,19,6.864343045215706,24
1073,9,13,57,5,6.861208808927346,8
1074,114,19,96,7,6.8573207383282995,12
1075,13,29,95,12,6.852052215706936,17
1076,7,99,51,37,6.849475435937799,62
1077,78,18,54,7,6.844050551797868,11
1078,86,80,96,31,6.839782165020975,49
1079,16,79,39,32,6.835092207069261,47
1080,78,14,96,5,6.830515928543477,9
1081,95,25,106,9,6.830338155584792,16
1082,78,20,87,9,6.825153558401153,11
1083,68,69,31,28,6.821634358561019,41
1084,65,14,66,5,6.821265394674894,9
1085,30,22,104,10,6.820606807560422,12
1086,60,17,58,7,6.820272973850589,10
1087,98,40,86,17,6.818936598158919,23
1088,56,13,4,6,6.816273515879696,7
1089,51,20,96,8,6.809158319794973,12
1090,60,18,45,8,6.8022482279138705,10
1091,3,12,109,5,6.800442852243994,7
1092,49,10,71,4,6.800377692667283,6
1093,55,10,31,4,6.798197972656263,6
1094,81,10,108,4,6.778588424753946,6
1095,33,23,107,10,6.763493299081546,13
1096,13,43,23,19,6.759962036733638,24
1097,57,12,109,5,6.758716421545093,7
1098,53,13,90,5,6.752088210585151,8
1099,30,19,18,8,6.749976540021853,11
1100,94,10,71,4,6.748460655059317,6
1101,45,13,68,5,6.747691137383071,8
1102,45,32,7,13,6.743551275422484,19
1103,84,26,48,10,6.7407911051084906,16
1104,40,14,78,4,6.732885786530082,10
1105,74,38,96,14,6.731828732252355,24
1106,14,13,95,5,6.731405281187272,8
1107,8,13,3,7,6.725771044964114,6
1108,19,19,54,9,6.7234403493344965,10
1109,100,11,95,5,6.722166987268522,6
1110,65,10,32,4,6.718474357729474,6
1111,28,35,97,13,6.716635909782017,22
1112,83,15,74,7,6.703298030488857,8
1113,111,11,106,3,6.697425895741327,8
1114,7,18,62,7,6.690218008322475,11
1115,54,75,88,30,6.6874207756050055,45
1116,7,50,87,19,6.677586186974331,31
1117,16,68,55,25,6.673907741530192,43
1118,51,59,65,22,6.666482427201215,37
1119,85,20,54,7,6.664179187550933,13
1120,10,12,57,4,6.658857003244836,8
1121,83,11,71,5,6.656205380333864,6
1122,12,13,87,5,6.654704325795005,8
1123,71,19,37,8,6.653996053488669,11
1124,76,15,114,5,6.6539119931134865,10
1125,32,26,5,10,6.647447060451906,16
1126,4,30,65,12,6.6356003955737535,18
1127,39,22,37,9,6.632156694863052,13
1128,25,48,5,19,6.626414170343125,29
1129,74,14,9,5,6.620459467868885,9
1130,85,10,75,3,6.61929344121288,7
1131,71,18,81,7,6.61709770119633,11
1132,49,27,60,11,6.602569368943513,16
1133,34,16,30,6,6.601140375094157,10
1134,43,25,94,11,6.5980641358622885,14
1135,81,16,18,6,6.59447840605109,10
1136,65,28,96,12,6.593487230396348,16
1137,86,27,1,11,6.584989828827026,16
1138,65,46,20,17,6.582851496170298,29
1139,30,24,88,11,6.582574938181881,13
1140,53,26,114,11,6.571088082289226,15
1141,104,37,25,16,6.567754121461538,21
1142,68,25,91,11,6.550419627313768,14
1143,77,21,18,7,6.545250800191177,14
1144,15,31,39,11,6.543157596952833,20
1145,54,58,70,23,6.543056803225659,35
1146,86,29,81,9,6.532482502137965,20
1147,91,13,80,5,6.531108694088673,8
1148,100,18,114,7,6.509461416428781,11
1149,90,11,102,6,6.502237322589002,5
1150,48,10,104,4,6.493358473776671,6
1151,107,46,53,18,6.492903474758714,28
1152,17,14,43,6,6.491023498873949,8
1153,70,20,9,7,6.477071321597407,13
1154,98,18,84,6,6.475666713551259,12
1155,107,35,43,13,6.468610096623969,22
1156,108,21,88,8,6.468102581842658,13
1157,100,17,55,8,6.465563036443129,9
1158,70,13,29,6,6.465173609286504,7
1159,78,14,98,6,6.457784687804565,8
1160,6,10,28,4,6.452419128804086,6
1161,4,20,87,7,6.445923142452618,13
1162,41,16,89,6,6.437733391093904,10
1163,16,85,87,35,6.433646670257302,50
1164,41,20,109,7,6.432688342356182,13
1165,40,16,33,5,6.427211772717694,11
1166,91,18,54,8,6.414686940093468,10
1167,106,13,77,6,6.407119934187455,7
1168,100,21,112,9,6.405923635717619,12
1169,30,12,108,5,6.403054160595612,7
1170,80,20,37,8,6.401050818487373,12
1171,54,45,109,17,6.380200377092308,28
1172,7,21,56,9,6.361794853449644,12
1173,41,15,28,6,6.359689551305939,9
1174,92,13,27,6,6.356396578041118,7
1175,62,22,40,11,6.34058891485694,11
1176,81,10,111,3,6.333917467029674,7
1177,33,13,23,5,6.330114552953447,8
1178,54,14,112,5,6.3267118256224935,9
1179,64,22,8,8,6.316286000866925,14
1180,88,25,57,11,6.308509689840414,14
1181,3,11,46,5,6.306283901123601,6
1182,71,49,13,21,6.305861531194032,28
1183,39,16,83,6,6.297771796270439,10
1184,23,17,114,6,6.291790840234864,11
1185,77,15,87,6,6.290331402214442,9
1186,70,16,64,5,6.286009204558742,11
1187,16,12,92,3,6.284475222709882,9
1188,41,11,102,4,6.282861273718874,7
1189,86,21,4,8,6.2794844995496994,13
1190,20,45,5,17,6.270373633442785,28
1191,69,11,96,4,6.268969865653719,7
1192,104,24,100,9,6.26669912958639,15
1193,15,12,95,5,6.265255655621163,7
1194,77,17,88,7,6.264530601131227,10
1195,92,22,39,10,6.263991845659126,12
1196,43,17,5,7,6.250727481432205,10
1197,27,49,68,20,6.2485538458543575,29
1198,64,33,65,14,6.233889248800645,19
1199,104,41,50,16,6.230364171354915,25
1200,16,42,91,15,6.227187272730326,27
1201,109,10,62,3,6.224068902567428,7
1202,100,39,86,18,6.218498707894956,21
1203,11,34,54,14,6.217306832795513,20
1204,47,14,28,6,6.211297191624255,8
1205,35,15,84,6,6.209299301194261,9
1206,74,28,70,13,6.203999405338755,15
1207,63,28,2,12,6.200018491851485,16
1208,76,39,107,13,6.198627172224359,26
1209,91,12,71,5,6.187474142289449,7
1210,55,14,35,6,6.181710197353361,8
1211,16,40,100,16,6.172987207548895,24
1212,97,23,76,10,6.171425808149794,13
1213,57,21,102,9,6.169321397774083,12
1214,53,28,112,13,6.168529945700411,15
1215,15,20,3,9,6.168197310846255,11
1216,13,47,36,18,6.167141158071529,29
1217,20,11,38,3,6.161885029448885,8
1218,16,24,108,9,6.148582612448618,15
1219,68,13,33,5,6.145832331304968,8
1220,81,34,13,13,6.133078295186986,21
1221,54,31,68,12,6.129451922490282,19
1222,16,22,79,9,6.12488573939544,13
1223,25,35,88,12,6.123879676950231,23
1224,51,14,38,5,6.122424191882748,9
1225,81,13,31,4,6.117159791325403,9
1226,39,19,29,8,6.11667916860653,11
1227,90,12,7,5,6.108519045195328,7
1228,107,25,69,10,6.106259728171239,15
1229,75,17,84,7,6.100134417881318,10
1230,111,23,107,11,6.08814286411973,12
1231,70,29,20,11,6.080511379179193,18
1232,55,10,69,4,6.075582313218194,6
1233,69,34,86,14,6.07493667313256,20
1234,30,29,68,13,6.071230028800059,16
1235,74,14,48,7,6.068043245358376,7
1236,23,27,41,11,6.068042449918637,16
1237,63,24,18,9,6.046455003215173,15
1238,70,15,93,6,6.04469500542117,9
1239,94,11,88,4,6.041461864182689,7
1240,8,16,32,7,6.041444852098721,9
1241,23,28,68,13,6.03648651366211,15
1242,27,14,114,6,6.034743873961818,8
1243,7,24,98,9,6.0336860037819795,15
1244,75,31,31,14,6.033482134287373,17
1245,64,38,86,16,6.030765339147399,22
1246,91,17,50,6,6.027790824025911,11
1247,95,20,46,8,6.027785407812038,12
1248,80,33,55,15,6.024950901743931,18
1249,65,61,88,23,6.004362907857696,38
1250,37,19,100,7,6.000890669706824,12
1251,107,32,3,15,5.999011076330673,17
1252,114,25,31,11,5.991876520395493,14
1253,64,20,18,8,5.974775055211904,12
1254,69,12,54,5,5.973066602774385,7
1255,97,18,40,7,5.966918416140386,11
1256,104,19,17,8,5.965485227876699,11
1257,68,52,53,21,5.964244334939563,31
1258,62,13,8,4,5.96110102258686,9
1259,12,21,68,8,5.954750290252033,13
1260,97,12,10,6,5.950831581917705,6
1261,39,12,14,5,5.947548147792332,7
1262,33,15,7,7,5.9471342175078945,8
1263,28,15,53,6,5.9457443646332715,9
1264,98,25,76,10,5.944337446211659,15
1265,63,13,10,5,5.94033318775015,8
1266,74,11,30,5,5.935013522041515,6
1267,37,45,63,18,5.933785173114154,27
1268,8,30,9,15,5.931176874194081,15
1269,73,20,114,8,5.924435121305103,12
1270,109,27,55,13,5.923431655873009,14
1271,112,16,29,7,5.922867160258866,9
1272,103,17,16,7,5.922732187979218,10
1273,107,29,62,14,5.921546438225422,15
1274,93,10,63,4,5.9175632502755855,6
1275,47,23,68,9,5.915128475524724,14
1276,41,15,45,5,5.9144627061547626,10
1277,84,27,57,13,5.910397185802947,14
1278,60,13,66,4,5.904108466927801,9
1279,69,10,25,4,5.903986394303471,6
1280,34,16,48,7,5.896732963209992,9
1281,46,12,1,6,5.891865749051654,6
1282,74,34,84,16,5.891399521581718,18
1283,109,19,34,8,5.8910600256239505,11
1284,64,34,51,14,5.888421423830696,20
1285,46,12,36,5,5.882094180819339,7
1286,97,27,68,11,5.880460614845399,16
1287,28,12,31,5,5.87633787823225,7
1288,62,17,9,7,5.86600144742425,10
1289,54,36,95,16,5.865979569344106,20
1290,34,17,7,7,5.863504951401833,10
1291,7,20,112,8,5.8633899504874805,12
1292,72,10,114,5,5.860000941124309,5
1293,104,37,55,15,5.856904127783749,22
1294,80,13,68,5,5.856063242362021,8
1295,74,37,46,14,5.850135921281393,23
1296,108,10,65,5,5.847992745343311,5
1297,28,17,94,6,5.821481138029022,11
1298,40,16,5,7,5.820527251695649,9
1299,16,37,49,15,5.820068621351902,22
1300,80,28,106,11,5.812470547213421,17
1301,79,13,20,5,5.810117746469002,8
1302,91,19,31,7,5.801858258461766,12
1303,7,45,64,20,5.801061458968774,25
1304,74,28,55,12,5.797157459674129,16
1305,98,26,63,11,5.795644107915217,15
1306,8,55,63,24,5.779733568295222,31
1307,16,19,93,9,5.776545074834794,10
1308,69,20,28,9,5.772064288839902,11
1309,9,19,104,8,5.769857547388705,11
1310,11,19,35,8,5.768399159544,11
1311,58,13,53,7,5.756559382638666,6
1312,23,13,47,5,5.755142063292807,8
1313,36,12,77,5,5.751140829309578,7
1314,19,11,80,4,5.749943576584892,7
1315,78,10,81,5,5.742474614478736,5
1316,25,42,106,16,5.73768822242091,26
1317,107,64,104,26,5.737421230069909,38
1318,34,11,38,4,5.733514369563806,7
1319,13,48,25,22,5.729332953997915,26
1320,45,14,9,5,5.727853500458987,9
1321,25,26,51,11,5.72613511284895,15
1322,87,28,57,11,5.725577888454403,17
1323,98,13,17,6,5.723425305113809,7
1324,41,18,37,7,5.716493275276269,11
1325,23,11,102,5,5.7160538226538815,6
1326,62,13,69,6,5.706165822809074,7
1327,74,22,109,8,5.703058853572775,14
1328,53,17,62,7,5.701449545318567,10
1329,70,10,32,5,5.692479372096213,5
1330,106,46,5,18,5.689619439430471,28
1331,30,25,55,10,5.686463879094618,15
1332,63,23,38,8,5.685369937239836,15
1333,102,10,95,4,5.685319962340818,6
1334,54,11,12,5,5.67450373056912,6
1335,94,10,25,5,5.671887186214519,5
1336,75,39,37,14,5.670197882049105,25
1337,16,31,99,13,5.665818337043021,18
1338,54,11,82,4,5.664278302313932,7
1339,43,12,68,5,5.6614021510813615,7
1340,27,36,51,14,5.653029783886188,22
1341,9,13,61,5,5.652969843590383,8
1342,86,87,88,36,5.651261944060885,51
1343,4,10,97,4,5.649870700339136,6
1344,39,13,97,5,5.649731064357227,8
1345,73,23,74,9,5.649045009007229,14
1346,84,17,76,7,5.642369532504397,10
1347,28,22,3,9,5.641703705085423,13
1348,108,14,98,6,5.640790264148573,8
1349,85,10,11,4,5.636472097896452,6
1350,75,46,51,20,5.632745764536371,26
1351,75,43,9,17,5.6326941278183265,26
1352,103,12,79,5,5.630756199695946,7
1353,86,28,73,13,5.62531345595925,15
1354,5,21,17,7,5.625033929201379,14
1355,19,10,5,4,5.623378775596127,6
1356,47,37,13,15,5.620628318875079,22
1357,95,26,50,11,5.619957219349123,15
1358,16,48,50,20,5.617696720442929,28
1359,28,29,76,13,5.615688910158878,16
1360,30,14,90,6,5.614315415339312,8
1361,100,15,50,6,5.612526049660052,9
1362,38,13,18,6,5.608114426083465,7
1363,70,17,98,6,5.604121247592221,11
1364,27,16,112,7,5.594823713571332,9
1365,39,13,94,5,5.582337685105467,8
1366,11,18,51,9,5.57971841586598,9
1367,7,23,38,10,5.57543888103377,13
1368,3,10,98,5,5.570597398737187,5
1369,42,11,69,5,5.570250078296481,6
1370,37,60,104,24,5.563475261062019,36
1371,31,10,95,4,5.5581891593402775,6
1372,46,11,4,5,5.55622187464566,6
1373,8,41,25,16,5.550067480025434,25
1374,36,53,31,23,5.548564460468652,30
1375,87,29,41,12,5.547736509402293,17
1376,25,18,84,7,5.5466876181289715,11
1377,20,22,2,9,5.544865436021075,13
1378,86,51,75,23,5.544222274149607,28
1379,65,26,69,11,5.540534749641236,15
1380,41,13,19,5,5.538621729382163,8
1381,15,12,30,5,5.538463534767753,7
1382,13,59,87,23,5.536518377079212,36
1383,106,31,23,15,5.535479536227778,16
1384,60,11,62,4,5.531153387901844,7
1385,114,45,68,19,5.528966703625285,26
1386,33,14,102,6,5.525239013163607,8
1387,28,33,7,13,5.522079859732702,20
1388,26,20,13,7,5.520285333416165,13
1389,62,10,20,4,5.517288163699186,6
1390,87,59,37,24,5.516733087496062,35
1391,28,35,9,16,5.5146514821295405,19
1392,95,19,83,7,5.510188596504647,12
1393,32,13,109,6,5.5080518973086185,7
1394,76,16,60,5,5.507711057627658,11
1395,67,10,102,4,5.49724656177184,6
1396,18,10,62,4,5.493140482819633,6
1397,65,49,40,21,5.488110460552834,28
1398,34,13,39,6,5.4864218945223335,7
1399,114,23,70,9,5.484820175107314,14
1400,14,10,75,4,5.479308338136782,6
1401,62,17,51,7,5.468238395489335,10
1402,75,43,71,16,5.454468163058883,27
1403,97,18,57,8,5.45235309786646,10
1404,87,19,19,8,5.451320546978481,11
1405,93,11,51,5,5.442643801494353,6
1406,91,18,18,7,5.437015235679076,11
1407,11,16,17,7,5.408663927414461,9
1408,49,11,37,5,5.40579366661915,6
1409,4,11,58,4,5.405037105567146,7
1410,9,11,66,5,5.404825557202403,6
1411,19,15,69,6,5.404414913682509,9
1412,84,10,64,3,5.401793074305331,7
1413,29,14,23,6,5.397923700403426,8
1414,54,31,90,13,5.397442007333916,18
1415,7,18,30,9,5.390495309133068,9
1416,72,12,17,5,5.381050240439902,7
1417,20,31,51,15,5.374467949047245,16
1418,75,30,63,13,5.362343223381901,17
1419,7,35,97,16,5.356987360153851,19
1420,107,29,49,13,5.342652299836131,16
1421,97,14,102,5,5.335160623731844,9
1422,85,16,96,5,5.314304637448895,11
1423,28,13,49,6,5.31428031912519,7
1424,107,19,66,8,5.307859110353934,11
1425,111,25,55,10,5.307717141421055,15
1426,40,49,39,20,5.294535177326297,29
1427,99,21,86,8,5.291638236148403,13
1428,14,19,28,7,5.288795345484194,12
1429,56,11,88,5,5.280224334897691,6
1430,8,26,100,10,5.278781496523967,16
1431,28,11,92,4,5.26619903758234,7
1432,104,51,28,22,5.259412551866781,29
1433,35,11,31,5,5.255104723881263,6
1434,28,24,100,9,5.2470243708497994,15
1435,53,12,100,5,5.245979720718175,7
1436,25,26,40,11,5.242222631716463,15
1437,98,15,40,7,5.239271076053035,8
1438,65,15,14,7,5.239230657167624,8
1439,52,14,16,6,5.238731564661996,8
1440,91,21,25,9,5.236778929543691,12
1441,15,19,104,8,5.235404007755863,11
1442,88,17,112,7,5.231027938888666,10
1443,20,37,96,15,5.229501973456113,22
1444,35,11,5,5,5.226534281744142,6
1445,54,54,106,25,5.222938310920249,29
1446,40,22,37,10,5.2189812618502875,12
1447,49,12,55,5,5.21558348601229,7
1448,33,12,91,6,5.213867650447791,6
1449,16,36,53,14,5.201094174764711,22
1450,46,25,39,13,5.196853389468722,12
1451,40,13,113,5,5.193726392686624,8
1452,6,10,71,4,5.193692278292729,6
1453,63,23,23,9,5.190793013982739,14
1454,13,15,102,5,5.1877642091018785,10
1455,75,17,97,7,5.183439015487436,10
1456,19,15,57,6,5.179432440967374,9
1457,75,26,47,9,5.17693162231529,17
1458,7,43,55,17,5.169021709270008,26
1459,107,60,20,26,5.163543558398883,34
1460,91,11,56,5,5.1601828143932735,6
1461,67,12,5,5,5.159840528973067,7
1462,111,14,39,6,5.158992286191915,8
1463,35,16,28,8,5.153123660542302,8
1464,76,28,50,10,5.151966096130058,18
1465,106,24,9,10,5.150083731218861,14
1466,44,15,88,7,5.148664566159752,8
1467,35,12,51,5,5.14727626674268,7
1468,40,12,69,4,5.137627663794988,8
1469,36,21,3,8,5.136055944816986,13
1470,40,30,58,14,5.133397385337812,16
1471,65,45,9,18,5.129160653393479,27
1472,11,22,98,10,5.122669345045474,12
1473,75,18,4,7,5.112428644465592,11
1474,55,23,70,10,5.1032220329288345,13
1475,28,13,108,6,5.102919930198642,7
1476,53,25,104,11,5.0942603831986055,14
1477,60,24,95,10,5.089480392621887,14
1478,32,10,20,3,5.082163415292109,7
1479,10,17,86,8,5.075771557978404,9
1480,90,13,33,5,5.072843762888294,8
1481,46,17,65,6,5.066104910854949,11
1482,84,23,29,10,5.063232995693045,13
1483,55,29,63,13,5.056066807562624,16
1484,28,13,27,4,5.05119454239968,9
1485,11,14,79,7,5.038711911658494,7
1486,65,12,52,4,5.0369958566437525,8
1487,63,32,13,14,5.0254768605942015,18
1488,86,30,62,13,5.023872829173723,17
1489,81,14,63,6,5.016441825370756,8
1490,93,26,5,10,5.004460526821323,16
1491,7,41,106,20,5.003800212982272,21
1492,94,21,87,9,5.000044556975335,12
1493,32,12,68,4,4.994599728673895,8
1494,104,30,63,13,4.993963037729944,17
1495,74,15,71,7,4.993812181109021,8
1496,50,23,31,10,4.99199978599778,13
1497,7,30,47,12,4.980252625346256,18
1498,41,42,68,18,4.9651675063741685,24
1499,40,49,107,19,4.964616090179718,30
1500,109,16,38,6,4.964461961570972,10
1501,96,23,90,9,4.963939687748078,14
1502,13,32,8,13,4.955794878282507,19
1503,56,19,68,9,4.94813216675333,10
1504,51,15,6,6,4.9453303449739225,9
1505,93,27,28,10,4.941127481170006,17
1506,114,22,9,7,4.931319071415342,15
1507,86,40,36,17,4.927433251240005,23
1508,74,56,106,24,4.924754963776778,32
1509,54,12,108,4,4.909695920764135,8
1510,38,12,28,6,4.907164394244691,6
1511,7,96,88,42,4.898871034458085,54
1512,41,10,94,4,4.894347528636123,6
1513,16,34,43,13,4.892938270825966,21
1514,27,16,12,7,4.8909807485785795,9
1515,83,39,5,18,4.890865835189014,21
1516,69,11,95,4,4.882909765417961,7
1517,30,11,114,5,4.8820710984651585,6
1518,16,49,37,21,4.875150740770066,28
1519,85,12,88,5,4.8737543176102305,7
1520,43,16,19,6,4.866374994274229,10
1521,37,54,106,25,4.865641247327302,29
1522,5,10,89,3,4.86246564090175,7
1523,52,12,107,4,4.861262849981809,8
1524,86,55,104,24,4.860072856889098,31
1525,97,12,32,5,4.851459349576839,7
1526,65,77,107,33,4.848505969887232,44
1527,5,30,51,11,4.841333405150811,19
1528,83,20,64,9,4.840996077098241,11
1529,1,21,54,9,4.840521848687888,12
1530,18,41,75,18,4.835583954062303,23
1531,75,39,39,18,4.835166255544909,21
1532,87,15,52,7,4.832747531124254,8
1533,8,15,67,6,4.831909846155583,9
1534,31,19,25,9,4.823839301099763,10
1535,14,15,54,5,4.820525855929132,10
1536,74,11,85,5,4.812388004493803,6
1537,83,30,8,14,4.811627367676455,16
1538,6,12,106,5,4.810944704219048,7
1539,2,25,106,11,4.808494527305082,14
1540,96,13,108,6,4.805162668071275,7
1541,75,44,88,18,4.804702938088107,26
1542,16,11,56,4,4.8021414027227,7
1543,75,22,96,7,4.801381492311931,15
1544,68,16,6,6,4.799676836342988,10
1545,111,11,25,5,4.797175922879397,6
1546,52,13,20,5,4.795236183864801,8
1547,9,17,1,9,4.794059502939978,8
1548,76,33,5,14,4.788314400539968,19
1549,88,52,9,22,4.778873320006728,30
1550,87,48,50,22,4.77809392160859,26
1551,9,12,5,5,4.777710715122403,7
1552,46,12,29,7,4.775703546529657,5
1553,114,14,94,7,4.775696268753724,7
1554,78,13,34,6,4.775374082125242,7
1555,90,13,70,6,4.771084444295362,7
1556,12,15,31,7,4.770632464521183,8
1557,6,16,27,7,4.762765446713923,9
1558,64,31,41,12,4.758473174288668,19
1559,63,15,79,6,4.756289291055939,9
1560,93,16,50,6,4.755526241513054,10
1561,16,100,107,38,4.753277896664063,62
1562,90,30,5,12,4.752640516818983,18
1563,87,67,65,28,4.751181720183053,39
1564,41,26,69,9,4.748815562050703,17
1565,25,16,77,7,4.745845616411638,9
1566,97,11,3,4,4.740273088979023,7
1567,8,41,46,19,4.737192297274268,22
1568,51,48,84,20,4.731865068752451,28
1569,6,11,46,5,4.730994669309113,6
1570,15,14,75,5,4.729161606780822,9
1571,30,39,87,17,4.727559151689848,22
1572,78,22,107,9,4.7251046015466605,13
1573,47,17,86,7,4.720142586161402,10
1574,15,10,72,4,4.7131251167737505,6
1575,28,37,18,17,4.710953949587104,20
1576,43,16,71,8,4.70977023229907,8
1577,20,23,46,8,4.708713070266485,15
1578,11,14,80,6,4.704407754517106,8
1579,13,34,1,13,4.702199298952772,21
1580,88,31,18,14,4.699584875943507,17
1581,55,45,60,20,4.699539635247214,25
1582,51,13,58,6,4.6987757235739265,7
1583,16,60,68,23,4.69433729993708,37
1584,97,10,62,4,4.689387738532959,6
1585,71,16,5,7,4.686451238703377,9
1586,98,20,49,9,4.675267204581688,11
1587,13,48,64,23,4.67021662986664,25
1588,52,12,8,5,4.669562642233978,7
1589,80,13,64,6,4.665596394208,7
1590,55,14,98,5,4.662824671110214,9
1591,100,47,107,23,4.662317987754554,24
1592,25,15,47,7,4.655390231832646,8
1593,51,16,112,7,4.651691136811714,9
1594,27,15,25,7,4.649655011418165,8
1595,63,39,96,15,4.649023449526137,24
1596,6,21,16,10,4.642825718029857,11
1597,73,14,13,6,4.642713338622983,8
1598,73,19,109,8,4.637139105733967,11
1599,60,22,25,10,4.636282806493916,12
1600,106,15,110,7,4.633960085739299,8
1601,58,13,63,7,4.62886931152221,6
1602,60,22,96,7,4.611190930914724,15
1603,107,46,9,21,4.60932354627833,25
1604,37,72,86,32,4.607837359690983,40
1605,88,10,66,4,4.60434245546846,6
1606,7,35,3,14,4.603775118928216,21
1607,88,62,68,26,4.601971796539838,36
1608,23,11,30,5,4.601908928188203,6
1609,77,13,95,6,4.60149322445291,7
1610,100,16,30,6,4.593688251732179,10
1611,50,32,96,14,4.592653394244439,18
1612,15,25,68,10,4.592268557082748,15
1613,60,30,8,14,4.584471076654316,16
1614,28,25,71,10,4.584215619303489,15
1615,99,16,65,7,4.579704538683142,9
1616,39,52,49,21,4.579554913754907,31
1617,7,23,58,11,4.575034525669344,12
1618,99,14,95,6,4.572737764013027,8
1619,99,16,104,8,4.5627492392393,8
1620,70,15,23,7,4.554568026577778,8
1621,83,15,46,7,4.551826612706301,8
1622,99,18,15,7,4.551461310618723,11
1623,28,16,85,7,4.545964613502572,9
1624,12,19,3,7,4.543846245794999,12
1625,23,24,76,11,4.537606040144393,13
1626,8,24,102,11,4.537070383836359,13
1627,71,28,68,11,4.532265816801447,17
1628,106,23,75,11,4.532198108241345,12
1629,50,71,28,30,4.530365152854881,41
1630,37,43,55,20,4.516821858156878,23
1631,11,12,29,6,4.5142833194159175,6
1632,28,16,29,7,4.513248021932702,9
1633,11,72,86,32,4.509795550223759,40
1634,80,10,69,5,4.508733977407145,5
1635,87,13,110,5,4.501644038521952,8
1636,75,20,112,8,4.4989690721071325,12
1637,93,15,37,6,4.493445665639034,9
1638,34,15,27,7,4.4853072344681015,8
1639,95,33,107,15,4.475609109265348,18
1640,55,45,11,18,4.474786147328663,27
1641,16,102,7,45,4.473957168273418,57
1642,96,31,25,14,4.4728328775528,17
1643,91,10,57,5,4.468260927215541,5
1644,37,18,32,8,4.466542082918521,10
1645,3,15,50,7,4.464463620895282,8
1646,107,23,47,10,4.459572238589974,13
1647,77,11,97,4,4.4549011553839994,7
1648,50,12,73,4,4.454782630059153,8
1649,95,44,16,20,4.453378575583387,24
1650,7,67,31,29,4.4532123702344615,38
1651,6,12,12,6,4.448996636056325,6
1652,2,42,50,18,4.448957186147168,24
1653,13,33,37,14,4.448467961015427,19
1654,95,15,109,6,4.444131433700797,9
1655,1,24,51,11,4.443642769643948,13
1656,45,11,88,4,4.4416566980945715,7
1657,3,13,112,6,4.431324508959898,7
1658,23,14,20,6,4.42777867543601,8
1659,102,20,87,8,4.423994697827657,12
1660,16,39,62,15,4.421453546972002,24
1661,99,30,13,13,4.420966828834258,17
1662,7,64,53,28,4.416213736910661,36
1663,16,109,51,49,4.412519515032203,60
1664,64,12,57,5,4.409680008541512,7
1665,114,20,64,8,4.407773657880817,12
1666,64,29,63,13,4.394960955961679,16
1667,107,32,38,13,4.39393220007557,19
1668,111,20,86,8,4.3910837466552355,12
1669,51,26,43,12,4.390788502279346,14
1670,65,23,76,9,4.385586505985178,14
1671,87,33,25,15,4.379098196808542,18
1672,86,59,39,28,4.3786884201575225,31
1673,16,25,47,11,4.37865192924873,14
1674,60,13,98,6,4.372454949323835,7
1675,55,24,9,10,4.371040618945099,14
1676,55,13,58,6,4.369004483506264,7
1677,40,23,23,10,4.368423326803309,13
1678,33,13,11,7,4.365968233102095,6
1679,64,31,71,12,4.35947313780117,19
1680,64,16,100,6,4.355062992024106,10
1681,47,24,88,11,4.347102674354304,13
1682,65,16,6,7,4.346168811124812,9
1683,70,29,65,11,4.343984179663613,18
1684,60,12,22,5,4.334241842742782,7
1685,95,19,41,8,4.332143979792177,11
1686,8,64,87,28,4.329007020305179,36
1687,98,23,37,10,4.327931130640237,13
1688,4,22,40,10,4.316643149060896,12
1689,70,14,71,7,4.315612188206775,7
1690,97,23,17,10,4.3134285513049555,13
1691,17,19,20,8,4.3112321942034,11
1692,50,10,52,5,4.308197298973349,5
1693,16,42,71,17,4.305176391927468,25
1694,13,80,107,36,4.302477990099946,44
1695,20,22,109,8,4.302333411252667,14
1696,106,27,53,13,4.302319600135898,14
1697,25,28,54,12,4.300413553073274,16
1698,20,21,44,9,4.299103845073809,12
1699,30,30,54,13,4.29530490019164,17
1700,20,63,54,30,4.290782184792432,33
1701,104,75,65,34,4.2790290823471295,41
1702,9,27,54,12,4.272544772651765,15
1703,33,12,96,7,4.271042933020869,5
1704,91,30,107,12,4.264126621091653,18
1705,27,16,94,7,4.262088776142534,9
1706,23,33,87,13,4.256680488948144,20
1707,104,17,80,8,4.256665633473226,9
1708,15,19,27,8,4.251267966654789,11
1709,9,12,29,5,4.247154248113977,7
1710,106,14,34,7,4.243674039664675,7
1711,31,12,74,5,4.240578281890586,7
1712,109,10,47,4,4.236742850593238,6
1713,71,11,44,5,4.223524348839462,6
1714,4,19,18,8,4.220670692754494,11
1715,87,21,31,10,4.220659397575877,11
1716,86,59,46,23,4.218640718519183,36
1717,65,56,36,24,4.205692860728479,32
1718,15,11,40,5,4.201647176656486,6
1719,85,10,12,4,4.198135644237858,6
1720,23,18,100,7,4.197161790157007,11
1721,76,16,102,7,4.19261584037067,9
1722,13,70,40,31,4.18989591600041,39
1723,3,17,29,7,4.18892124946367,10
1724,30,13,109,5,4.185496549607356,8
1725,23,27,25,12,4.182190113226028,15
1726,80,18,7,7,4.182061930373814,11
1727,28,60,84,26,4.150279635735803,34
1728,99,12,17,5,4.14837583337694,7
1729,55,58,65,26,4.147778374969592,32
1730,20,13,73,5,4.146065391689569,8
1731,13,28,77,12,4.1425538330063505,16
1732,53,47,71,20,4.141303557057986,27
1733,100,26,39,12,4.139510286166156,14
1734,100,15,62,7,4.138737945522874,8
1735,11,11,69,4,4.13792149131312,7
1736,71,11,20,4,4.13643055739397,7
1737,76,32,104,13,4.1357118218948905,19
1738,49,19,9,9,4.13427318738577,10
1739,45,22,65,11,4.1259231703887,11
1740,28,31,102,14,4.125433119952879,17
1741,13,62,46,26,4.124756823653082,36
1742,93,14,109,6,4.103558953267082,8
1743,83,20,93,9,4.100880722204593,11
1744,20,24,35,10,4.098728722002914,14
1745,15,25,107,9,4.092385856197937,16
1746,36,11,19,5,4.088590218421688,6
1747,74,22,50,10,4.086243740312162,12
1748,19,12,3,5,4.082378006289562,7
1749,86,117,5,51,4.074944655375778,66
1750,16,10,12,4,4.074172433894508,6
1751,87,38,60,18,4.07068260924909,20
1752,78,23,60,11,4.06939579422951,12
1753,64,12,19,4,4.068998906277915,8
1754,43,10,95,4,4.063398320607949,6
1755,51,27,69,11,4.050423840769316,16
1756,32,10,40,5,4.050021677419869,5
1757,23,43,88,17,4.047882049914368,26
1758,7,21,50,10,4.045740478776832,11
1759,1,10,43,5,4.038976715758721,5
1760,9,18,38,8,4.035727579019442,10
1761,77,13,64,7,4.031037841312949,6
1762,71,13,47,6,4.030916530509353,7
1763,104,44,51,17,4.0154244082227635,27
1764,8,20,110,8,4.013172679497404,12
1765,55,36,54,17,4.011039158800403,19
1766,66,12,31,5,4.008754872558654,7
1767,100,26,7,11,4.007756687202791,15
1768,30,33,71,15,4.006253796204616,18
1769,31,16,112,6,4.001730552260451,10
1770,49,16,77,6,4.000706520524254,10
1771,86,19,94,8,3.99691676947149,11
1772,16,17,58,7,3.986876789950901,10
1773,84,16,19,7,3.97722373483422,9
1774,96,12,14,5,3.975747798085754,7
1775,74,24,93,11,3.9601017688790825,13
1776,65,34,17,13,3.9540701507148905,21
1777,88,50,104,21,3.9536343834384886,29
1778,27,27,39,14,3.9499684497300813,13
1779,9,45,86,19,3.945093339569097,26
1780,6,11,40,5,3.9442678680230823,6
1781,3,11,93,6,3.9394735942906975,5
1782,80,10,97,4,3.9365866928471034,6
1783,27,37,86,15,3.9349829768523827,22
1784,97,35,16,16,3.9340820840887147,19
1785,57,11,50,4,3.9290278222481443,7
1786,5,28,2,12,3.923277825320168,16
1787,37,38,70,16,3.9227382855891664,22
1788,89,13,86,7,3.91749283769541,6
1789,79,13,54,5,3.90846253808764,8
1790,39,49,55,21,3.9021775272744907,28
1791,102,26,37,11,3.9015784283610255,15
1792,43,26,88,11,3.901562147714143,15
1793,28,23,57,10,3.897117570901977,13
1794,76,13,62,6,3.8913968956310088,7
1795,15,19,81,9,3.887782713072813,10
1796,28,27,17,12,3.885054779321747,15
1797,95,36,87,16,3.86940077356921,20
1798,108,11,68,5,3.868849039567309,6
1799,68,17,109,6,3.8661451047117263,11
1800,33,14,114,7,3.8649626095276175,7
1801,62,12,3,5,3.8585322308569787,7
1802,41,25,114,12,3.854494902198664,13
1803,65,34,111,14,3.8475275648066685,20
1804,46,50,54,22,3.846547643547206,28
1805,18,23,31,11,3.843025830767866,12
1806,20,26,7,12,3.839940256500117,14
1807,38,13,46,5,3.833859769343221,8
1808,68,22,38,9,3.8331655015167274,13
1809,91,26,13,12,3.831748260733109,14
1810,70,30,51,14,3.8297117807076555,16
1811,44,16,87,7,3.8267549460576484,9
1812,4,11,3,5,3.825046392091852,6
1813,7,19,11,8,3.8244118156669114,11
1814,44,14,64,6,3.8242226428845654,8
1815,55,21,4,10,3.821660634263142,11
1816,5,28,91,11,3.8146250930665166,17
1817,110,16,5,7,3.8138584796050923,9
1818,107,57,55,26,3.801759981148568,31
1819,64,17,3,7,3.801459101897862,10
1820,20,13,104,5,3.7974160411444706,8
1821,80,13,60,6,3.7883602235098173,7
1822,94,12,37,5,3.788108137633396,7
1823,15,22,19,10,3.7866571305513474,12
1824,7,10,93,5,3.7802315490169653,5
1825,107,48,23,22,3.7778307981128205,26
1826,104,13,92,7,3.7768187223532306,6
1827,16,114,86,49,3.775860825631724,65
1828,63,19,4,8,3.775833657808686,11
1829,15,22,54,11,3.7704013204125926,11
1830,47,13,15,6,3.7602698343279473,7
1831,51,33,109,12,3.752003613096799,21
1832,27,14,23,7,3.750376752309501,7
1833,65,21,3,9,3.7487584802431093,12
1834,53,42,40,19,3.7429391558119995,23
1835,1,13,4,5,3.736039087851971,8
1836,86,65,25,30,3.735239092039536,35
1837,39,17,81,7,3.728914203220537,10
1838,89,14,60,7,3.7237634526579124,7
1839,15,21,5,8,3.714734226349825,13
1840,106,17,43,8,3.7068539679712273,9
1841,57,14,40,6,3.703028159726476,8
1842,16,94,65,41,3.6992360084989437,53
1843,23,19,28,9,3.6970356039584393,10
1844,39,48,53,21,3.6851162429567523,27
1845,114,37,51,18,3.6824882422691596,19
1846,34,19,55,9,3.680955248563573,10
1847,101,14,68,5,3.6742625668258913,9
1848,71,12,27,5,3.672482180614424,7
1849,80,25,87,11,3.671802865102301,14
1850,108,26,51,12,3.669690549423147,14
1851,39,24,31,10,3.6610558433956157,14
1852,16,33,84,15,3.6585385648963027,18
1853,49,33,86,16,3.658017569424131,17
1854,97,33,96,16,3.657438935158263,17
1855,90,10,71,5,3.6561036030201253,5
1856,107,21,32,10,3.6546977761524686,11
1857,109,15,9,8,3.6538651478462696,7
1858,86,35,112,15,3.6519339014109726,20
1859,17,11,18,6,3.651905683853181,5
1860,23,47,65,22,3.6506323242088645,25
1861,27,13,50,5,3.6503401008022798,8
1862,14,10,70,5,3.647042134114848,5
1863,112,13,69,6,3.640201196896185,7
1864,19,16,86,7,3.637491230438091,9
1865,75,14,108,6,3.6340908116173014,8
1866,43,19,18,10,3.6267699505365183,9
1867,80,26,28,12,3.6230809501897743,14
1868,13,88,51,41,3.623059245069922,47
1869,55,13,94,6,3.6120696685756317,7
1870,102,13,91,6,3.5942640564526322,7
1871,58,13,71,6,3.5901555481142546,7
1872,97,10,95,4,3.58943247133478,6
1873,61,16,60,8,3.58082656290379,8
1874,20,50,28,22,3.578415489537416,28
1875,87,93,107,42,3.576551988313001,51
1876,3,18,57,8,3.574243211556378,10
1877,16,22,38,8,3.5724883088865464,14
1878,81,15,3,6,3.5653849933326986,9
1879,79,13,108,5,3.562523700236059,8
1880,30,13,29,7,3.5600174038214707,6
1881,64,11,33,4,3.5581108018586245,7
1882,7,90,86,38,3.5577462755235447,52
1883,28,19,36,9,3.5549996153541237,10
1884,23,13,57,6,3.554408044637193,7
1885,30,13,4,6,3.554167963462701,7
1886,62,26,71,12,3.5527257568780746,14
1887,40,65,36,28,3.5400829247343655,37
1888,44,15,7,7,3.5352660207554516,8
1889,93,17,25,8,3.5300397889756283,9
1890,20,17,76,9,3.5278207011714735,8
1891,16,39,17,15,3.5193037187836715,24
1892,84,10,69,4,3.511765515832677,6
1893,8,38,104,17,3.50734140656749,21
1894,49,10,33,4,3.5057518320537766,6
1895,74,16,23,7,3.505315761927058,9
1896,1,12,39,7,3.502316135418237,5
1897,37,13,108,6,3.501919723771849,7
1898,49,18,63,8,3.500149915800845,10
1899,50,26,9,11,3.4989626487903873,15
1900,97,36,114,16,3.4948097299506915,20
1901,62,13,36,6,3.489528327052378,7
1902,54,11,103,4,3.4875703394156505,7
1903,36,30,51,14,3.4874600225025074,16
1904,12,18,71,8,3.487442945948432,10
1905,25,20,70,9,3.484518115943736,11
1906,55,16,18,8,3.4810467173744706,8
1907,96,57,54,28,3.4766133859583515,29
1908,73,14,16,7,3.4738693799097953,7
1909,74,60,5,28,3.469996146708342,32
1910,106,49,51,22,3.457607975311814,27
1911,11,27,20,11,3.4556419496334594,16
1912,33,23,5,11,3.454327509177194,12
1913,76,11,29,6,3.454199298027331,5
1914,37,21,23,10,3.453043705748743,11
1915,68,25,46,11,3.449465987108053,14
1916,76,28,55,11,3.4438952481653065,17
1917,60,58,40,26,3.4423663485116363,32
1918,114,29,39,14,3.441117211126096,15
1919,102,31,25,14,3.4382241991917164,17
1920,4,12,37,5,3.421871703775507,7
1921,17,11,36,6,3.4172736451567545,5
1922,104,26,98,14,3.4091853213510754,12
1923,97,34,65,15,3.4017573029180164,19
1924,55,29,84,13,3.40123055779696,16
1925,4,13,28,6,3.3940824912486867,7
1926,13,26,112,13,3.392352489097591,13
1927,73,10,104,4,3.391491099464731,6
1928,62,19,65,9,3.3909839239840913,10
1929,19,13,88,6,3.388300396354987,7
1930,60,28,9,11,3.384232112219374,17
1931,36,28,55,13,3.383336577257353,15
1932,73,15,98,7,3.380055365181917,8
1933,100,13,44,6,3.3720452657314226,7
1934,11,41,88,18,3.366600706445604,23
1935,112,17,19,7,3.366573611867621,10
1936,58,14,87,6,3.365506713527052,8
1937,40,17,20,7,3.3649339637959645,10
1938,54,25,97,12,3.3648153427656755,13
1939,14,23,8,10,3.3634201583462158,13
1940,54,12,3,6,3.355227899021248,6
1941,88,30,70,13,3.3524090493184278,17
1942,83,10,20,5,3.3478898251644025,5
1943,40,15,91,7,3.345577169162442,8
1944,75,13,33,5,3.342736023465548,8
1945,54,20,98,9,3.3414082574982986,11
1946,68,13,5,6,3.3380294056441144,7
1947,71,13,76,7,3.3359186512389036,6
1948,41,19,50,8,3.331657114556134,11
1949,104,32,54,15,3.328617374285995,17
1950,97,16,84,6,3.316428205809935,10
1951,60,31,75,14,3.3139158628036856,17
1952,86,11,66,5,3.3092941516234364,6
1953,28,12,15,6,3.3076634264923883,6
1954,28,29,48,13,3.3030143286202387,16
1955,104,60,5,28,3.3007473735225052,32
1956,7,50,27,23,3.2964519228876403,27
1957,60,49,86,22,3.275471722293173,27
1958,114,13,67,6,3.2746706512348434,7
1959,11,11,78,6,3.2703286160036837,5
1960,13,114,7,52,3.2643026156976367,62
1961,28,56,54,25,3.2622780281799852,31
1962,18,56,53,26,3.2615252410170665,30
1963,30,16,19,8,3.2607810254983622,8
1964,76,14,95,6,3.2576515088397957,8
1965,7,24,74,9,3.257493143792888,15
1966,84,14,95,6,3.2568961944145873,8
1967,114,47,25,20,3.2540864225169766,27
1968,107,38,64,18,3.2526423716483417,20
1969,41,45,16,22,3.2495789716339614,23
1970,68,18,8,8,3.2434866605613233,10
1971,72,12,112,6,3.2419070033792714,6
1972,23,12,81,5,3.240703587077002,7
1973,99,25,60,11,3.2381944591027096,14
1974,107,49,36,23,3.234838704648264,26
1975,60,68,16,31,3.2309192664317186,37
1976,2,21,87,9,3.2308938185741103,12
1977,16,18,35,7,3.2305329948687067,11
1978,4,21,16,11,3.2239938149007976,10
1979,23,55,7,25,3.2229283053761675,30
1980,8,19,27,8,3.2196352719169927,11
1981,97,29,63,13,3.2191950537106915,16
1982,55,39,28,16,3.2184704312839787,23
1983,64,19,23,9,3.212372911598019,10
1984,51,45,46,20,3.212290911376682,25
1985,17,16,74,7,3.211770551027832,9
1986,50,19,97,8,3.210625734622642,11
1987,60,47,31,24,3.2094707274879264,23
1988,43,21,87,10,3.208829540534743,11
1989,106,28,17,11,3.2039846830051117,17
1990,44,12,76,5,3.2019945343572473,7
1991,36,41,39,18,3.1998605067578225,23
1992,55,49,5,22,3.1989531771818034,27
1993,88,61,5,29,3.1946532218196624,32
1994,37,54,50,26,3.188335276013606,28
1995,83,25,65,12,3.1850517665827933,13
1996,43,30,65,15,3.1752092762666053,15
1997,43,32,7,13,3.1749602918386857,19
1998,106,25,60,10,3.171261503808182,15
1999,110,16,86,7,3.1694821197260503,9
2000,90,14,74,5,3.1680613510289204,9
2001,68,36,1,16,3.1610454054119037,20
2002,86,21,82,9,3.1586560919846263,12
2003,104,51,7,23,3.158219418007504,28
2004,75,23,23,12,3.1487336010920157,11
2005,112,11,43,5,3.1359235341148524,6
2006,34,20,17,9,3.1289905577883568,11
2007,36,11,80,5,3.115857421175661,6
2008,25,25,17,11,3.1106502600539105,14
2009,50,24,4,12,3.110559237136959,12
2010,86,80,8,39,3.110030700824916,41
2011,63,91,86,38,3.106277287763664,53
2012,109,25,106,12,3.1028448270841773,13
2013,41,15,54,7,3.102250260710982,8
2014,92,15,60,6,3.101629065738582,9
2015,74,13,27,7,3.1002755903304404,6
2016,99,14,68,6,3.1001036150844663,8
2017,64,10,91,4,3.0993479020870796,6
2018,45,14,87,6,3.0862202973256596,8
2019,74,40,63,19,3.0803940829456544,21
2020,109,28,84,12,3.073799704825316,16
2021,74,11,41,6,3.0735662157516845,5
2022,75,30,25,13,3.069551733540898,17
2023,20,22,55,10,3.0673393388469985,12
2024,60,40,114,22,3.0670908685799034,18
2025,71,18,25,8,3.0644100067848146,10
2026,9,22,84,10,3.063713670595242,12
2027,48,14,55,6,3.06362691776684,8
2028,29,27,107,10,3.0624303248850926,17
2029,71,42,86,20,3.060669361739169,22
2030,39,19,77,9,3.0517041333574357,10
2031,38,13,96,6,3.0422152322461717,7
2032,25,39,65,16,3.0368934823131175,23
2033,65,16,49,7,3.034256149542809,9
2034,27,12,99,6,3.0280763102634354,6
2035,86,86,84,42,3.02781032605717,44
2036,86,107,87,53,3.0145371966175083,54
2037,6,27,7,15,3.013941061604383,12
2038,7,16,29,9,3.005492860131707,7
2039,20,47,37,22,3.004985214474966,25
2040,96,14,34,6,3.0017630147825622,8
2041,4,11,69,5,2.999484176661719,6
2042,27,10,18,5,2.996654278290002,5
2043,112,15,94,6,2.986690933398207,9
2044,15,27,65,12,2.982564153570303,15
2045,13,25,78,11,2.9806689093334273,14
2046,34,21,16,9,2.976314710839408,12
2047,84,36,106,18,2.9754739608250116,18
2048,49,16,64,8,2.974435618509845,8
2049,36,32,4,13,2.9739066740354185,19
2050,2,21,37,10,2.9697580112694486,11
2051,28,14,78,7,2.9690904453024123,7
2052,47,11,53,5,2.9672181618537916,6
2053,34,18,13,8,2.9667381266142607,10
2054,25,18,57,8,2.964934950553875,10
2055,114,23,46,10,2.9631435316072405,13
2056,80,16,8,8,2.9519293865537115,8
2057,18,20,65,10,2.9468351166959534,10
2058,41,32,40,15,2.9467288085082743,17
2059,30,17,76,7,2.9372015853586086,10
2060,28,57,65,25,2.9366188041670434,32
2061,36,20,87,8,2.935573250897663,12
2062,74,82,86,39,2.921287780715151,43
2063,102,19,106,10,2.9207255392565097,9
2064,25,12,108,5,2.9132670669268244,7
2065,7,15,79,7,2.9111710091731053,8
2066,27,18,30,8,2.9093252343775786,10
2067,91,19,37,9,2.9050960547005245,10
2068,71,13,108,6,2.8992906212622866,7
2069,45,10,112,4,2.897726145007348,6
2070,44,10,70,5,2.8975248911261433,5
2071,13,71,55,33,2.8959426272282824,38
2072,75,24,74,10,2.8903655619324433,14
2073,85,11,65,5,2.888798069516538,6
2074,85,13,16,5,2.881350637135497,8
2075,27,21,75,10,2.874214711599615,11
2076,57,12,53,6,2.8739584447786424,6
2077,87,42,20,20,2.8691206159340576,22
2078,46,23,63,12,2.867241869896345,11
2079,39,35,104,16,2.8536678809946237,19
2080,51,18,99,9,2.853477797374065,9
2081,73,16,96,7,2.8534303980093814,9
2082,34,10,65,5,2.851457666336363,5
2083,7,27,17,12,2.851329390836829,15
2084,74,20,18,10,2.84961422222247,10
2085,97,13,33,6,2.8486496222061595,7
2086,54,50,51,23,2.848646635461055,27
2087,28,13,44,7,2.8461398630992765,6
2088,46,24,76,11,2.8453201116747953,13
2089,23,13,104,5,2.8445076862849494,8
2090,95,19,23,9,2.8404436396815522,10
2091,34,12,79,5,2.8360709516553473,7
2092,104,33,74,14,2.8329598216365466,19
2093,53,23,81,10,2.832269045840245,13
2094,40,14,109,6,2.8243745319718676,8
2095,18,13,71,6,2.821320109059578,7
2096,64,13,47,5,2.8212403790572256,8
2097,39,12,98,5,2.8139572577793732,7
2098,65,17,48,7,2.813018636762518,10
2099,1,32,36,16,2.8095303452930684,16
2100,99,15,41,7,2.8081672918617278,8
2101,106,14,112,7,2.805082024542767,7
2102,50,20,109,9,2.7980846162026616,11
2103,4,25,114,12,2.797376255941943,13
2104,7,26,1,12,2.7932054952385035,14
2105,49,13,15,6,2.79319706639659,7
2106,100,13,36,6,2.7923934619121087,7
2107,9,15,97,8,2.7891659901703596,7
2108,28,31,91,14,2.785819668061851,17
2109,11,14,27,7,2.775005756753638,7
2110,13,11,103,5,2.771821763683223,6
2111,5,11,10,6,2.7716738654503197,5
2112,38,11,40,6,2.7715520430648577,5
2113,5,17,77,8,2.765837567194589,9
2114,86,99,28,44,2.7627265154997587,55
2115,16,28,111,12,2.7556703657470822,16
2116,63,23,112,11,2.746965390570722,12
2117,68,28,70,13,2.7436175339888784,15
2118,112,12,8,6,2.740736306324458,6
2119,97,22,104,11,2.7396377781056174,11
2120,29,10,69,5,2.739235241695101,5
2121,99,12,63,6,2.7377253409939364,6
2122,65,50,106,23,2.735321183024918,27
2123,84,25,78,11,2.7332517256109656,14
2124,75,12,34,6,2.7327928404854553,6
2125,29,11,41,5,2.729777141843769,6
2126,16,76,8,34,2.7297636152330345,42
2127,55,53,88,22,2.721264805593774,31
2128,104,31,70,14,2.720810924975006,17
2129,11,50,28,24,2.7199624016130106,26
2130,95,11,80,5,2.7197438471090796,6
2131,49,16,70,8,2.713121422106841,8
2132,87,15,6,7,2.694438630924357,8
2133,65,40,71,17,2.686780335165667,23
2134,13,11,35,5,2.684594978225239,6
2135,90,17,17,9,2.680753861205159,8
2136,39,25,5,12,2.679132217269287,13
2137,25,17,44,8,2.673535476281759,9
2138,95,18,75,8,2.672802736686619,10
2139,114,25,74,12,2.666972342657447,13
2140,19,13,98,7,2.664848401043938,6
2141,74,13,91,6,2.658254293210725,7
2142,92,29,88,13,2.6541256559252315,16
2143,57,13,36,5,2.6531160901053807,8
2144,53,48,65,23,2.651912649859134,25
2145,30,24,8,11,2.6514132136935467,13
2146,30,21,37,9,2.6448172779185537,12
2147,16,60,5,25,2.6435184456824317,35
2148,88,17,6,8,2.6434018871915526,9
2149,33,14,95,6,2.641545389608455,8
2150,10,10,106,3,2.639964127087712,7
2151,110,13,54,6,2.63588490299345,7
2152,17,30,39,13,2.6347382750427313,17
2153,91,36,86,17,2.627461430980282,19
2154,108,30,107,14,2.620006429041506,16
2155,75,28,64,13,2.6143964254367047,15
2156,76,13,2,5,2.6134640032331116,8
2157,11,16,40,7,2.6127959858163616,9
2158,40,29,1,13,2.608102727316189,16
2159,85,25,107,12,2.601380149286502,13
2160,36,23,91,10,2.600483205457648,13
2161,40,19,27,11,2.5947052105553365,8
2162,1,10,109,5,2.5929606771402254,5
2163,86,33,18,14,2.5923706641316473,19
2164,1,12,94,7,2.591411825555901,5
2165,71,25,87,12,2.5901035214218346,13
2166,69,14,71,7,2.5823526075537777,7
2167,1,15,17,7,2.5752502333351277,8
2168,69,13,3,5,2.5732249505733895,8
2169,50,50,107,24,2.5656690703128167,26
2170,92,13,87,6,2.565186954563254,7
2171,28,43,51,21,2.5635290356109595,22
2172,83,10,63,6,2.557624644664858,4
2173,86,14,14,7,2.5565201304900333,7
2174,51,16,83,6,2.5563009225954785,10
2175,88,21,38,8,2.5549614194684716,13
2176,73,19,1,8,2.55342910039073,11
2177,7,74,36,34,2.5493587507973596,40
2178,19,15,20,7,2.543598619448083,8
2179,111,11,60,4,2.535604443502029,7
2180,39,50,60,24,2.5355246842136103,26
2181,69,15,94,7,2.5350277997352677,8
2182,20,20,95,9,2.532527406942274,11
2183,44,15,107,7,2.530544567099409,8
2184,36,33,9,15,2.5279240780374668,18
2185,8,45,51,21,2.5271962911391,24
2186,60,57,68,25,2.5271272115940575,32
2187,39,18,4,8,2.5267698999647226,10
2188,39,32,50,15,2.5245695496572065,17
2189,80,34,54,17,2.5244394841569355,17
2190,28,19,19,8,2.518286906397448,11
2191,12,15,36,7,2.516319942513749,8
2192,75,43,55,18,2.5125301308500267,25
2193,106,37,96,16,2.50842381050559,21
2194,88,70,51,36,2.506363518676434,34
2195,60,26,28,14,2.50378394638272,12
2196,37,18,109,8,2.501013404341532,10
2197,76,28,11,12,2.4965409468099162,16
2198,18,11,111,5,2.4899108726358863,6
2199,49,57,13,28,2.4815181031170206,29
2200,95,30,39,14,2.481130681096554,16
2201,96,14,3,7,2.4759083478520023,7
2202,7,61,9,30,2.475604646115282,31
2203,75,31,87,14,2.4728263386250795,17
2204,4,17,81,7,2.4678124777063273,10
2205,87,40,74,18,2.4671563114027473,22
2206,74,17,69,9,2.4664972820824542,8
2207,88,72,107,32,2.4608917089958973,40
2208,19,23,68,10,2.459954749025013,13
2209,65,29,112,13,2.4552380652908354,16
2210,32,10,50,6,2.444054190716271,4
2211,96,31,88,15,2.4406464912019903,16
2212,12,18,86,8,2.4382543520920796,10
2213,55,39,106,17,2.438139246666604,22
2214,14,19,51,7,2.4338441230915158,12
2215,100,16,17,6,2.4323723068282863,10
2216,91,20,75,13,2.432369433261267,7
2217,112,15,17,7,2.4234359656310724,8
2218,109,11,99,5,2.4195174025010595,6
2219,107,46,25,22,2.4187485647838765,24
2220,94,17,54,8,2.418369665890047,9
2221,71,35,39,16,2.4158892555534424,19
2222,65,11,92,5,2.4112859752548714,6
2223,8,33,93,16,2.4111455321691304,17
2224,47,24,51,12,2.409457368099758,12
2225,9,18,69,8,2.405000245398061,10
2226,20,26,80,12,2.4033351571638564,14
2227,56,10,8,4,2.40008605471798,6
2228,46,38,28,16,2.3990178798165633,22
2229,17,17,63,8,2.3925163886016922,9
2230,83,22,87,11,2.390357141943488,11
2231,111,12,8,6,2.390343846489095,6
2232,104,40,95,18,2.3890342183876085,22
2233,4,21,71,8,2.3871750117365993,13
2234,96,25,104,11,2.3866419839158346,14
2235,75,13,56,5,2.3840139649043497,8
2236,13,31,17,14,2.381148580557736,17
2237,8,23,17,11,2.3808090982416816,12
2238,71,40,107,17,2.3760609676092463,23
2239,7,106,68,49,2.372479004873661,57
2240,8,55,96,25,2.371439357092425,30
2241,30,15,48,6,2.3702999073115167,9
2242,50,19,112,8,2.3689643473531756,11
2243,40,24,50,10,2.3671440474550507,14
2244,7,19,70,7,2.364945757295021,12
2245,63,46,39,18,2.3626947638130473,28
2246,99,23,5,11,2.3616219022642833,12
2247,8,51,11,23,2.3603163454829668,28
2248,15,16,100,8,2.3572829681222305,8
2249,96,14,109,6,2.3566759619593642,8
2250,103,10,27,4,2.356289221766067,6
2251,4,36,31,15,2.3535355966794667,21
2252,87,23,69,10,2.352208197144829,13
2253,107,58,37,27,2.3520883092822165,31
2254,104,19,3,9,2.3520715951524083,10
2255,16,20,2,9,2.3446106684988552,11
2256,114,12,38,6,2.341526377437994,6
2257,6,13,50,6,2.3414923323310646,7
2258,29,16,86,7,2.3399676619619445,9
2259,25,28,53,14,2.3301510854690854,14
2260,109,51,5,25,2.3285813949081655,26
2261,50,23,64,11,2.3285304422785047,12
2262,104,21,102,11,2.320627297470276,10
2263,88,32,91,15,2.315767764685104,17
2264,65,39,12,19,2.311622607173605,20
2265,109,18,48,9,2.306624480190798,9
2266,58,12,50,6,2.3033767529431137,6
2267,109,22,102,10,2.3031948555261113,12
2268,88,27,69,12,2.3003595758399977,15
2269,86,21,32,10,2.2989864902239003,11
2270,100,24,5,11,2.2932427434044684,13
2271,114,18,45,8,2.292094813707232,10
2272,106,13,4,7,2.287883468044352,6
2273,29,11,17,5,2.2877927401917684,6
2274,37,46,74,22,2.283869095408045,24
2275,63,38,114,15,2.2836807270192585,23
2276,88,20,35,10,2.2787018333731495,10
2277,80,16,71,8,2.275392383804814,8
2278,16,48,70,21,2.2731186306672027,27
2279,61,10,31,5,2.2696136748473603,5
2280,28,66,96,31,2.267406944603933,35
2281,85,12,7,5,2.2672729351147445,7
2282,106,45,88,19,2.2639858690375614,26
2283,49,15,3,7,2.2557235353946234,8
2284,95,30,25,14,2.25397314365567,16
2285,69,13,20,6,2.253225234520165,7
2286,88,38,4,18,2.2459217004175493,20
2287,70,10,27,5,2.243263258457552,5
2288,87,35,104,18,2.2393020839894087,17
2289,18,14,20,6,2.2334528603958916,8
2290,62,12,1,5,2.2295391066336445,7
2291,90,16,25,7,2.2261576936837058,9
2292,88,11,33,6,2.22422094342155,5
2293,15,35,16,18,2.2237416484226826,17
2294,98,13,99,7,2.2212581677933785,6
2295,18,14,98,8,2.221147797140808,6
2296,8,84,55,42,2.2123521211081862,42
2297,5,50,96,22,2.2114271922507607,28
2298,60,63,88,28,2.2053487740970454,35
2299,60,17,97,9,2.2053126603436244,8
2300,60,19,19,8,2.2046776544567748,11
2301,107,50,106,24,2.1993074270722803,26
2302,31,10,54,5,2.186668926147148,5
2303,8,64,74,28,2.186622040651489,36
2304,107,49,68,22,2.1853889900704098,27
2305,65,12,94,5,2.184333051857134,7
2306,63,36,11,15,2.1843034251555355,21
2307,63,26,70,12,2.1813121472430437,14
2308,84,16,93,8,2.173203038685072,8
2309,33,11,39,5,2.170155887452032,6
2310,86,75,54,36,2.1689438842347455,39
2311,88,14,74,5,2.165363961250821,9
2312,87,22,97,9,2.1386691389021064,13
2313,102,22,74,10,2.1384304011801047,12
2314,41,49,107,21,2.135348584755222,28
2315,34,13,76,7,2.1338119769299593,6
2316,35,16,43,8,2.1256405181906697,8
2317,37,26,84,12,2.124049904647881,14
2318,53,11,70,5,2.117480208536356,6
2319,65,38,37,19,2.116557677432621,19
2320,1,20,64,10,2.1164326209593654,10
2321,74,12,33,6,2.113811361820999,6
2322,12,11,38,5,2.110101843923071,6
2323,84,18,79,9,2.0988599029371873,9
2324,83,34,55,17,2.0962093979720215,17
2325,97,22,8,11,2.094799206270941,11
2326,17,12,91,5,2.0932516032559634,7
2327,13,18,62,9,2.0919053307034106,9
2328,51,73,107,31,2.089934426977997,42
2329,88,55,28,25,2.0851563159512976,30
2330,74,47,65,23,2.0847963525870914,24
2331,3,33,87,15,2.083290530486137,18
2332,82,10,63,5,2.077975861296688,5
2333,30,16,38,6,2.068057686709754,10
2334,29,24,87,10,2.0660123903160934,14
2335,79,12,88,5,2.064245316960763,7
2336,72,10,88,4,2.061958798790806,6
2337,86,12,113,5,2.0586102760293077,7
2338,86,45,90,20,2.0574221764428238,25
2339,65,31,80,15,2.0509198465423397,16
2340,55,12,78,5,2.0477037119923778,7
2341,93,21,88,9,2.047097578055209,12
2342,18,34,51,17,2.042743355152735,17
2343,90,24,60,10,2.0397275719261816,14
2344,49,25,17,10,2.0365468890654417,15
2345,100,19,74,9,2.03594794458151,10
2346,89,14,88,7,2.0354634990614118,7
2347,23,11,43,5,2.035393252479513,6
2348,27,17,47,9,2.0335900799830844,8
2349,109,18,65,7,2.0321022824018544,11
2350,55,11,79,5,2.0315889229013426,6
2351,91,14,114,7,2.0312426341433967,7
2352,32,11,13,5,2.026181507027534,6
2353,18,32,60,15,2.0244266182620256,17
2354,114,27,17,11,2.0211590753648707,16
2355,8,37,90,16,2.0194647820717804,21
2356,19,26,16,12,2.016365215853621,14
2357,83,22,97,12,2.007636873207567,10
2358,16,87,28,40,2.003836691762287,47
2359,109,58,86,27,1.9995853464624296,31
2360,94,22,68,10,1.9968118227009077,12
2361,69,24,7,12,1.9945381002011566,12
2362,104,15,112,7,1.99393597279257,8
2363,13,38,50,18,1.9937674166002914,20
2364,60,20,38,10,1.990189103737265,10
2365,53,19,4,9,1.987694792892671,10
2366,28,38,25,16,1.9833898911599184,22
2367,95,28,53,11,1.9769373995573185,17
2368,64,15,15,8,1.9745380862871305,7
2369,41,18,76,10,1.9724048364464457,8
2370,60,28,41,14,1.9685028731886487,14
2371,17,46,51,23,1.9584302785806693,23
2372,50,11,35,5,1.9581460146246747,6
2373,78,12,71,6,1.95458083263832,6
2374,27,23,87,11,1.9508075431679286,12
2375,36,34,64,17,1.9485056781764598,17
2376,7,15,48,8,1.9478692265013036,7
2377,25,20,55,9,1.9429576796619945,11
2378,23,14,31,6,1.9392936999416424,8
2379,110,13,104,5,1.9388474450810558,8
2380,32,10,98,5,1.9380052263831626,5
2381,78,22,63,11,1.9372183486989625,11
2382,20,19,30,9,1.9352963119709488,10
2383,23,14,97,7,1.9330528734436567,7
2384,87,38,84,18,1.9318820493391857,20
2385,70,19,40,8,1.9276789997691202,11
2386,114,56,86,27,1.9239569797033826,29
2387,114,21,18,10,1.923577249757446,11
2388,53,43,64,20,1.921457820047301,23
2389,99,11,76,6,1.9173589523208343,5
2390,97,32,106,16,1.9159665785715099,16
2391,110,11,17,5,1.9155371371930665,6
2392,87,23,47,11,1.9101133657381941,12
2393,3,34,68,15,1.9069651393335179,19
2394,16,31,80,14,1.9062257079773537,17
2395,14,13,88,6,1.902096229341471,7
2396,107,27,112,13,1.8978016202230066,14
2397,20,35,106,16,1.890590591428699,19
2398,47,34,39,16,1.8887252121213745,18
2399,25,23,64,11,1.8857238852847684,12
2400,2,41,8,20,1.8848654476169697,21
2401,13,89,65,41,1.8841469234822428,48
2402,87,30,64,15,1.880574512996562,15
2403,8,14,79,8,1.8787453444383122,6
2404,17,26,54,13,1.867393134138254,13
2405,37,95,5,46,1.8654288703425719,49
2406,85,11,112,5,1.861901124722568,6
2407,87,61,106,30,1.856632619724249,31
2408,53,22,97,10,1.849246682219108,12
2409,65,23,84,11,1.8452384016260996,12
2410,108,16,74,7,1.841894266656678,9
2411,68,15,81,7,1.8403513087559698,8
2412,114,30,20,14,1.8395405662544742,16
2413,84,38,96,19,1.8356486827006797,19
2414,87,26,49,14,1.831058277090673,12
2415,39,30,3,15,1.830220006872888,15
2416,28,54,109,24,1.8301464583611136,30
2417,54,20,49,10,1.829154265922774,10
2418,74,29,13,14,1.8278354237299064,15
2419,106,11,3,5,1.8270221877820192,6
2420,44,13,114,6,1.8263733365516701,7
2421,64,16,108,8,1.8224151605655865,8
2422,102,13,99,6,1.8212893413036875,7
2423,71,11,109,5,1.8196417828202216,6
2424,79,18,28,8,1.8130893193426152,10
2425,57,24,41,11,1.8129246044249019,13
2426,40,18,111,9,1.8104998545748818,9
2427,36,22,25,11,1.8071440138268557,11
2428,51,34,31,14,1.8036645224364214,20
2429,41,27,27,12,1.7994427982304588,15
2430,37,25,90,12,1.7816453937181782,13
2431,11,17,60,8,1.7794297174970226,9
2432,102,13,84,6,1.779322402529277,7
2433,104,62,16,29,1.778027708852634,33
2434,109,21,76,11,1.7708841969163662,10
2435,16,93,13,42,1.7680272073351382,51
2436,88,11,110,6,1.7642228121429866,5
2437,84,26,70,12,1.7530345342228948,14
2438,86,33,57,15,1.7522583613315104,18
2439,4,31,68,15,1.751066192618154,16
2440,97,38,107,19,1.7507246476170455,19
2441,60,33,36,16,1.7416473627060747,17
2442,18,11,6,5,1.7414584600944751,6
2443,78,10,109,5,1.7406613893547558,5
2444,8,27,23,13,1.7400762718841152,14
2445,36,37,88,16,1.7392851936744347,21
2446,88,22,81,10,1.7392542924502719,12
2447,70,19,75,10,1.7314858975507377,9
2448,50,13,12,8,1.7279667161947851,5
2449,83,11,50,6,1.7272952536822097,5
2450,63,15,45,7,1.7260545689947924,8
2451,16,19,45,8,1.7223541453977003,11
2452,107,34,46,17,1.721683202665476,17
2453,54,14,27,7,1.7208673623652107,7
2454,86,32,38,15,1.7164597494651737,17
2455,9,46,40,21,1.71485959208228,25
2456,109,14,43,7,1.7129267358733018,7
2457,54,40,7,19,1.7088310244062668,21
2458,9,32,63,15,1.7078031316881512,17
2459,107,10,72,5,1.7053543654591343,5
2460,48,10,37,5,1.7035937503192145,5
2461,23,44,86,21,1.7030841833116428,23
2462,20,16,102,8,1.6989391239814933,8
2463,36,15,23,9,1.6972875274185721,6
2464,51,26,23,12,1.6961813528047331,14
2465,7,74,40,33,1.6955910385318638,41
2466,9,23,46,10,1.6945658865661515,13
2467,34,24,86,12,1.693239196868056,12
2468,68,34,106,16,1.687950689096679,18
2469,17,12,77,6,1.6873994667000638,6
2470,50,18,69,10,1.686362400438779,8
2471,54,29,114,15,1.6786165794472776,14
2472,61,16,3,9,1.6779532806820936,7
2473,45,28,31,13,1.6710870406691087,15
2474,85,13,51,7,1.664226628935165,6
2475,107,32,17,15,1.6568754180103666,17
2476,36,23,68,11,1.6511686348202657,12
2477,34,32,107,14,1.6469811038404811,18
2478,38,12,80,5,1.6400661445963558,7
2479,7,78,41,38,1.6316845641232849,40
2480,39,19,96,8,1.6315253594413592,11
2481,54,17,72,8,1.6278504710694068,9
2482,112,20,9,10,1.6257132685716438,10
2483,19,17,94,8,1.6219930180628628,9
2484,68,18,57,9,1.6190755944848347,9
2485,70,13,43,6,1.6071210379776917,7
2486,47,18,63,10,1.604466681510507,8
2487,30,12,35,6,1.603184870407584,6
2488,94,10,18,5,1.6001116131573032,5
2489,99,18,30,8,1.5949338139614577,10
2490,64,10,90,5,1.5921132093044654,5
2491,100,11,12,6,1.5854889410506139,5
2492,2,15,25,8,1.5845186001024008,7
2493,61,12,86,6,1.584036331394614,6
2494,55,22,90,12,1.578656952498874,10
2495,3,28,60,13,1.5755188534881788,15
2496,60,25,46,12,1.5735893742532674,13
2497,40,58,88,27,1.5715316879527905,31
2498,58,12,43,6,1.5653312346763884,6
2499,94,13,29,6,1.5621793773373,7
2500,9,14,111,7,1.5621342613374551,7
2501,8,66,28,31,1.5619285888266077,35
2502,109,11,49,5,1.5612220128244458,6
2503,104,23,83,10,1.5563880557352996,13
2504,106,15,14,8,1.5523885439078582,7
2505,11,26,74,12,1.5483769164487977,14
2506,57,12,43,4,1.547683226037978,8
2507,74,11,112,5,1.546586662588193,6
2508,60,24,15,12,1.5446933308477528,12
2509,51,52,60,22,1.5379585605411303,30
2510,97,25,46,12,1.5379422598602892,13
2511,13,23,45,11,1.536281477648622,12
2512,29,13,53,5,1.5317670028644748,8
2513,87,31,109,14,1.531687543119842,17
2514,114,20,84,9,1.5282826629009798,11
2515,1,34,88,17,1.5234508852206479,17
2516,35,14,37,7,1.523131742310598,7
2517,71,23,51,11,1.5213301920130464,12
2518,43,12,8,6,1.5194230889621367,6
2519,46,12,55,5,1.5148590180899557,7
2520,28,63,5,31,1.5122016375527902,32
2521,43,13,104,7,1.5057895800585044,6
2522,23,19,15,9,1.5056915581420054,10
2523,50,17,108,9,1.5013768012598343,8
2524,29,11,43,5,1.4978241959441965,6
2525,46,52,5,24,1.4974094901037487,28
2526,4,59,13,27,1.4911690163054754,32
2527,73,15,63,8,1.4760785674332926,7
2528,11,17,32,9,1.4729852723414754,8
2529,86,32,2,16,1.4682447143488935,16
2530,112,16,23,7,1.4656028868993851,9
2531,40,64,51,31,1.4624658901194145,33
2532,65,61,68,29,1.4611429296521303,32
2533,33,20,28,11,1.4609880096092185,9
2534,31,21,47,10,1.4606130980712668,11
2535,25,23,83,10,1.4597201880554966,13
2536,84,32,54,15,1.4591305177250882,17
2537,20,15,93,8,1.4584347045217758,7
2538,8,16,38,8,1.4562520429495758,8
2539,50,16,89,7,1.4560158637801317,9
2540,53,30,55,14,1.4538038424746393,16
2541,46,62,88,31,1.4519317579443412,31
2542,3,35,51,20,1.4506027114913664,15
2543,27,17,49,8,1.4502216646949986,9
2544,106,55,63,27,1.4485566818099482,28
2545,39,20,70,9,1.4424153371414083,11
2546,20,21,97,11,1.439527960881874,10
2547,50,28,25,14,1.4391705454909012,14
2548,70,56,86,26,1.42921805361145,30
2549,65,70,41,31,1.4285809086277084,39
2550,1,32,107,16,1.4233414848511392,16
2551,36,35,45,19,1.423273124508123,16
2552,29,18,51,8,1.4222631016002016,10
2553,94,11,109,6,1.4139835062750086,5
2554,13,70,60,31,1.4135782374303616,39
2555,12,16,40,8,1.4120822666164417,8
2556,7,58,18,29,1.407111198769738,29
2557,12,22,13,8,1.4046792155049035,14
2558,70,17,95,9,1.4011695857654913,8
2559,75,12,44,5,1.399837377533035,7
2560,91,13,9,6,1.3946381880594532,7
2561,7,15,83,6,1.3943529604549396,9
2562,44,25,16,13,1.3924747988210242,12
2563,43,13,37,7,1.3915535608538905,6
2564,77,20,65,10,1.3855589926207088,10
2565,15,30,57,14,1.384546049330115,16
2566,36,11,29,6,1.3837445576600587,5
2567,50,41,11,19,1.3816262941644981,22
2568,6,19,107,9,1.3815044735302011,10
2569,95,31,7,14,1.3809406634768675,17
2570,106,30,41,15,1.3806292559177733,15
2571,6,11,69,6,1.3727715082405263,5
2572,86,66,55,31,1.371489773467497,35
2573,75,10,48,5,1.3711471542080278,5
2574,90,11,76,6,1.3711097869836062,5
2575,25,26,30,14,1.363384718034577,12
2576,64,42,68,18,1.3624818601326818,24
2577,107,39,70,20,1.3599998705907188,19
2578,13,46,27,23,1.357321184427943,23
2579,69,12,85,6,1.3560361154784741,6
2580,12,16,18,7,1.3538062436901652,9
2581,97,37,88,18,1.349074362930903,19
2582,70,29,76,15,1.3451436146232179,14
2583,84,17,90,8,1.3434141546201468,9
2584,71,48,7,25,1.3388864417450883,23
2585,61,13,65,7,1.327965247882516,6
2586,60,25,109,12,1.3235251021634884,13
2587,74,18,80,9,1.3199661328668575,9
2588,3,17,55,8,1.3172267439478242,9
2589,10,16,8,7,1.3145513780375315,9
2590,32,12,51,6,1.314434714983352,6
2591,86,33,78,16,1.313567505823971,17
2592,6,13,86,6,1.3062976396978554,7
2593,70,11,102,7,1.3043211125718095,4
2594,5,44,13,21,1.302350985374302,23
2595,11,11,34,6,1.300730341172683,5
2596,87,57,88,30,1.2972492664863855,27
2597,65,43,60,18,1.292557414516089,25
2598,2,22,74,10,1.2925512141562505,12
2599,11,17,102,9,1.2862551218754514,8
2600,33,17,54,9,1.2844291677407338,8
2601,97,20,109,10,1.283406905257821,10
2602,50,30,51,15,1.277023353905357,15
2603,8,48,65,23,1.2758701336240006,25
2604,15,17,114,8,1.2734943259065565,9
2605,50,27,65,13,1.2644687002361983,14
2606,63,19,43,9,1.2637110667141382,10
2607,55,26,99,12,1.2605449554949548,14
2608,16,22,33,9,1.250719949272024,13
2609,23,11,48,5,1.2484887739294386,6
2610,65,10,89,5,1.246766687204138,5
2611,1,10,71,4,1.2456643982922146,6
2612,85,15,68,6,1.2449251184472654,9
2613,107,30,4,15,1.2387516471106226,15
2614,71,25,31,12,1.2380158081615504,13
2615,63,16,95,8,1.233969730193377,8
2616,11,49,107,23,1.2314893212442308,26
2617,71,26,9,12,1.2262156519313812,14
2618,51,22,49,11,1.2233396102543554,11
2619,27,16,3,9,1.214443729130186,7
2620,98,11,74,5,1.2137114800422117,6
2621,64,42,88,19,1.2118692904336819,23
2622,25,33,97,16,1.211209753293348,17
2623,41,65,13,32,1.2092531577418808,33
2624,63,44,7,18,1.2086828652803667,26
2625,11,25,65,11,1.2017242876914807,14
2626,16,51,74,24,1.19895248847691,27
2627,93,16,11,6,1.1943672529988347,10
2628,25,25,109,12,1.1927554377225935,13
2629,15,29,86,14,1.177519758272218,15
2630,76,29,87,13,1.173923997825125,16
2631,65,12,19,6,1.1638597275073126,6
2632,51,48,41,23,1.1606659492153586,25
2633,78,23,68,11,1.1476014430257624,12
2634,60,73,71,35,1.1360670304013205,38
2635,36,26,106,13,1.1307287364062801,13
2636,3,26,31,14,1.130409883055894,12
2637,61,18,88,10,1.1254133453483963,8
2638,7,85,65,44,1.1151148094385754,41
2639,63,24,60,11,1.111646820871102,13
2640,63,47,40,22,1.1085655861732644,25
2641,73,13,55,6,1.1082443575059586,7
2642,91,12,47,6,1.1047106963660296,6
2643,40,19,45,9,1.1043531225931202,10
2644,96,18,2,9,1.1039761816908797,9
2645,70,39,106,20,1.1024614638047308,19
2646,46,45,11,21,1.1009029076063184,24
2647,111,18,23,7,1.0979651768767418,11
2648,51,71,68,37,1.0948955307720363,34
2649,14,16,11,7,1.0923565448715802,9
2650,40,13,74,6,1.0901529369074687,7
2651,43,20,27,9,1.0794606687524018,11
2652,46,20,57,10,1.0787393081529641,10
2653,54,68,16,34,1.0761911819905488,34
2654,64,19,97,9,1.0748997556854092,10
2655,87,50,28,25,1.072521726859484,25
2656,67,20,37,9,1.0707700527635258,11
2657,106,12,66,5,1.070759127853136,7
2658,68,11,102,5,1.0688066146446942,6
2659,70,55,8,27,1.0665028298167964,28
2660,104,30,109,15,1.0638658496000608,15
2661,18,35,87,16,1.0595333397572304,19
2662,20,18,48,8,1.0556464172960105,10
2663,43,18,69,9,1.0483584083277537,9
2664,16,37,40,17,1.0479395774839413,20
2665,20,32,13,16,1.0473604323868067,16
2666,54,28,102,14,1.0470828148001607,14
2667,114,19,69,8,1.0427404151557151,11
2668,90,21,88,11,1.0373159148886417,10
2669,45,14,3,7,1.0349134798027078,7
2670,63,96,65,47,1.0335267790918925,49
2671,35,22,7,11,1.0299988339542105,11
2672,13,56,9,26,1.0296923282418164,30
2673,11,41,87,22,1.027110181689243,19
2674,107,111,86,53,1.0263307921685707,58
2675,63,20,44,9,1.0233184771026502,11
2676,70,10,33,5,1.0222975969230632,5
2677,16,42,114,19,1.0212587757382692,23
2678,86,22,93,11,1.0208024258978539,11
2679,60,57,77,28,1.0187732052674565,29
2680,98,28,107,14,1.0170960211152535,14
2681,13,43,75,20,1.005364432264769,23
2682,114,11,93,6,1.004990658958168,5
2683,114,39,7,18,1.0047894280060632,21
2684,37,37,17,16,0.9978108601802018,21
2685,86,70,13,35,0.9970973609227789,35
2686,9,13,30,6,0.9935090532750582,7
2687,39,20,19,8,0.9912638140696439,12
2688,64,21,38,10,0.9820263127460184,11
2689,87,53,51,26,0.9813193495830117,27
2690,60,10,93,6,0.9795074052045596,4
2691,8,67,54,35,0.9788096362147576,32
2692,50,29,17,13,0.9785385252670544,16
2693,107,65,5,32,0.9748363761521144,33
2694,78,12,9,6,0.9745877106891208,6
2695,53,40,51,20,0.9719493528973242,20
2696,37,50,51,27,0.9710667257210692,23
2697,102,30,114,14,0.9680544759122783,16
2698,80,10,17,6,0.9638999099498463,4
2699,30,26,51,12,0.9638359516152135,14
2700,104,38,106,19,0.9604760273979323,19
2701,106,11,103,6,0.9583580547252424,5
2702,64,32,39,15,0.9582943009292062,17
2703,14,14,5,6,0.9561035605846475,8
2704,63,23,53,11,0.9461903574638922,12
2705,112,13,114,7,0.9421647262329379,6
2706,7,10,108,4,0.9385265901557563,6
2707,27,13,55,6,0.934874920243962,7
2708,102,11,83,5,0.9259324073609744,6
2709,33,17,86,9,0.9246066959077469,8
2710,87,52,54,24,0.923420764723473,28
2711,57,28,51,14,0.9210242184575945,14
2712,51,12,79,5,0.9183017095558496,7
2713,75,27,114,13,0.9181862737012574,14
2714,13,20,33,10,0.918120505460343,10
2715,106,100,86,49,0.9173221659807225,51
2716,114,12,11,5,0.9147560322473872,7
2717,39,18,48,8,0.9127145579388772,10
2718,43,17,50,7,0.911659904777202,10
2719,77,22,68,11,0.9089813853065132,11
2720,36,35,75,19,0.9076169876586753,16
2721,112,11,14,6,0.9022319115654415,5
2722,68,17,74,7,0.9001065237726507,10
2723,8,24,48,11,0.8990865709573224,13
2724,27,41,16,21,0.8949314949985923,20
2725,86,24,77,11,0.8939095843260918,13
2726,8,76,88,37,0.8933115574955768,39
2727,94,22,107,9,0.8912889870157809,13
2728,60,17,83,8,0.8851626447494981,9
2729,77,21,4,10,0.8810684428976758,11
2730,37,21,57,10,0.8778160008276704,11
2731,84,17,91,8,0.8755346549877653,9
2732,111,47,68,24,0.8746288393374696,23
2733,7,27,49,15,0.8744069756975954,12
2734,80,33,86,16,0.8727199174341318,17
2735,51,28,12,14,0.8723369355034586,14
2736,60,17,84,10,0.871614356489069,7
2737,8,67,37,33,0.8700084298071539,34
2738,39,40,28,20,0.868602476168121,20
2739,10,10,114,4,0.8617397018011257,6
2740,85,13,17,6,0.8598477976037174,7
2741,54,89,65,43,0.8508058656354894,46
2742,39,13,102,6,0.8492100400200487,7
2743,71,28,63,13,0.8479499084443569,15
2744,62,11,50,5,0.8451062062670078,6
2745,50,56,86,29,0.8444740252545996,27
2746,28,23,30,12,0.8403239904216823,11
2747,86,80,20,38,0.8301074964710538,42
2748,2,16,46,8,0.8285194662826778,8
2749,29,12,106,6,0.8264692442725535,6
2750,28,48,37,24,0.8263140292594408,24
2751,107,83,28,39,0.8210512254142036,44
2752,19,16,100,9,0.8186905030789058,7
2753,13,27,11,13,0.8150505436514466,14
2754,96,58,107,27,0.8081270899904945,31
2755,84,31,50,16,0.8064114901977948,15
2756,56,14,40,7,0.8062835825274064,7
2757,13,16,48,8,0.803835400287658,8
2758,68,20,49,10,0.7960430752354475,10
2759,2,22,88,11,0.7956469041111237,11
2760,87,28,46,15,0.7941915016238118,13
2761,4,18,104,10,0.7872554057904764,8
2762,100,13,97,6,0.7866792604447757,7
2763,16,23,29,12,0.7815290320900325,11
2764,9,17,34,8,0.77910514985876,9
2765,13,51,28,25,0.7790491963091711,26
2766,87,17,14,9,0.7782645241152489,8
2767,87,22,99,10,0.7762165713325069,12
2768,10,19,84,9,0.7730240789929571,10
2769,97,20,93,10,0.7717644600090583,10
2770,33,15,104,8,0.7704375614853092,7
2771,78,13,3,7,0.7642790526976543,6
2772,57,40,16,20,0.7629343085764547,20
2773,16,40,112,19,0.7567380050399233,21
2774,14,15,13,6,0.7511854242648525,9
2775,87,14,17,7,0.7509341405124581,7
2776,3,20,71,10,0.744611540631482,10
2777,46,24,84,11,0.744605770354001,13
2778,23,48,16,23,0.744061679076373,25
2779,36,13,74,5,0.7437175733038444,8
2780,25,24,15,13,0.7394428200536315,11
2781,13,60,39,30,0.7375803753367649,30
2782,5,40,63,22,0.7358500176759455,18
2783,40,77,86,36,0.7352757671814381,41
2784,29,16,54,8,0.7316507778434965,8
2785,95,41,5,21,0.731606653431554,20
2786,3,27,9,13,0.7284011303001918,14
2787,68,22,17,10,0.721006671283474,12
2788,61,18,40,9,0.7154895706830828,9
2789,82,13,28,7,0.7153587234866209,6
2790,13,17,96,8,0.7114671477918352,9
2791,88,43,49,21,0.7014211589442615,22
2792,18,23,104,13,0.701208945227421,10
2793,38,11,91,5,0.7003822911270713,6
2794,57,11,95,4,0.6989616542578664,7
2795,8,41,39,21,0.6937986397009377,20
2796,7,73,39,37,0.6920867889114359,36
2797,62,10,98,5,0.6900751788017032,5
2798,29,17,38,8,0.6873786981327397,9
2799,39,42,54,21,0.684039366023366,21
2800,18,19,25,10,0.6816652439852776,9
2801,50,24,114,11,0.6812811811945304,13
2802,62,21,39,11,0.6810021432822767,10
2803,109,14,23,7,0.6795387556597896,7
2804,16,34,48,17,0.6749071927540307,17
2805,109,31,13,14,0.6717168111881656,17
2806,87,56,39,27,0.671126615184668,29
2807,37,40,114,18,0.6680388190804037,22
2808,63,38,50,18,0.6599709375930062,20
2809,41,27,1,12,0.6450987397179471,15
2810,98,16,50,8,0.6426219058041094,8
2811,68,49,9,24,0.6403549802856331,25
2812,25,25,41,14,0.6394054706376684,11
2813,111,17,36,8,0.6365354853619557,9
2814,70,22,41,12,0.6354721735396393,10
2815,4,28,64,13,0.6316212138641686,15
2816,60,23,1,11,0.6297573562891167,12
2817,11,11,97,6,0.6269874474505769,5
2818,50,63,54,31,0.6257662884110836,32
2819,36,33,71,17,0.6241330409639582,16
2820,88,34,109,16,0.6239068088208908,18
2821,19,24,13,12,0.623235656280128,12
2822,76,30,96,14,0.6223340675935091,16
2823,31,22,58,11,0.6168553703735019,11
2824,43,20,114,11,0.6074470201565788,9
2825,91,16,70,7,0.6063303701253773,9
2826,63,15,34,7,0.6010869874219945,8
2827,71,32,106,15,0.6009609652453856,17
2828,13,24,72,13,0.5977342226167962,11
2829,97,11,56,5,0.5931267027213653,6
2830,30,24,40,12,0.5893402617113984,12
2831,76,13,36,4,0.5885035889042722,9
2832,3,10,94,5,0.588351150452899,5
2833,64,15,17,8,0.5824319192017166,7
2834,106,46,76,25,0.577289694916291,21
2835,23,12,53,6,0.5700661218932129,6
2836,20,14,15,7,0.5689936775430091,7
2837,75,51,65,26,0.5689430318120555,25
2838,40,10,94,5,0.5678516928680516,5
2839,29,10,108,5,0.5615423900676226,5
2840,97,31,2,15,0.5614740846174435,16
2841,83,10,2,5,0.5594397265150824,5
2842,5,49,54,23,0.5526115688513309,26
2843,92,17,7,7,0.5480230211986101,10
2844,104,55,13,27,0.5474902747445213,28
2845,41,42,39,19,0.5463742537779036,23
2846,98,27,16,13,0.5462850233229243,14
2847,64,29,54,15,0.5456745481805155,14
2848,12,22,39,11,0.5419618153900833,11
2849,106,10,1,5,0.539652861011431,5
2850,51,42,9,20,0.5346045933154973,22
2851,29,14,8,6,0.5320448571158595,8
2852,71,22,55,12,0.5319428762463091,10
2853,68,55,86,28,0.5310748741920145,27
2854,39,35,11,17,0.5290022824501404,18
2855,65,19,102,8,0.5234012572749034,11
2856,73,19,28,10,0.5214155246375574,9
2857,11,15,41,6,0.5205684982588518,9
2858,43,17,25,10,0.5197036131496171,7
2859,85,29,86,14,0.51654061835633,15
2860,106,68,28,33,0.5161436710076662,35
2861,41,11,90,6,0.513841479320257,5
2862,9,39,39,21,0.5122974091677517,18
2863,4,18,9,9,0.5118055197130339,9
2864,49,12,97,5,0.510198270023406,7
2865,23,10,9,5,0.5053397207394539,5
2866,90,13,91,6,0.5003235284827323,7
2867,88,35,31,18,0.4999807976090588,17
2868,5,59,87,29,0.4991669720547012,30
2869,43,35,60,17,0.48542435855108285,18
2870,57,14,104,5,0.4845128262229356,9
2871,37,17,62,10,0.47941613349669066,7
2872,95,28,74,13,0.47842550860281996,15
2873,75,31,41,14,0.47837138213253816,17
2874,25,51,39,26,0.4759465051184244,25
2875,37,13,69,6,0.4741041536564538,7
2876,65,54,31,26,0.46913887469692744,28
2877,3,48,86,25,0.46465568815551306,23
2878,104,32,68,15,0.4623896750421225,17
2879,87,16,111,8,0.45897322341286445,8
2880,1,13,112,8,0.45359520737159276,5
2881,8,26,76,12,0.4492143891303664,14
2882,62,13,55,7,0.4490302976953222,6
2883,80,11,9,7,0.4439834453330457,4
2884,90,15,11,7,0.4409004522210816,8
2885,9,27,58,13,0.44053827452368455,14
2886,109,13,69,7,0.43237846797528773,6
2887,40,43,31,22,0.429627197462679,21
2888,68,46,63,23,0.4255709909849699,23
2889,33,11,99,6,0.42486651226142574,5
2890,46,11,19,6,0.4237898327913996,5
2891,107,59,39,28,0.42346091866823937,31
2892,87,46,96,22,0.4185307257645089,24
2893,5,14,38,7,0.4168378546295618,7
2894,31,33,86,17,0.4107692180392416,16
2895,50,18,79,9,0.4091046493522828,9
2896,13,27,100,14,0.408657170018941,13
2897,98,14,114,7,0.4067842985377363,7
2898,27,17,106,10,0.4013630945998079,7
2899,107,95,7,42,0.39776976722684715,53
2900,107,83,8,38,0.3964193758754415,45
2901,27,10,62,5,0.3947917783098916,5
2902,20,13,85,6,0.39373981733351443,7
2903,88,13,78,6,0.3934639813104847,7
2904,55,16,41,8,0.3929137359889599,8
2905,23,18,54,9,0.39214168570707464,9
2906,8,13,44,6,0.3904420875790005,7
2907,57,20,55,11,0.38903746063509637,9
2908,3,14,23,7,0.3875824453041799,7
2909,69,30,36,15,0.38598798110099336,15
2910,8,35,50,16,0.38293825667797665,19
2911,114,28,71,14,0.3795577437704574,14
2912,70,22,97,12,0.3783758219642565,10
2913,14,18,84,8,0.37783903496494214,10
2914,107,37,90,19,0.3753937941046271,18
2915,40,16,108,7,0.373845897515691,9
2916,88,35,71,19,0.3711092012403024,16
2917,40,21,75,10,0.36863713867004627,11
2918,95,26,28,12,0.36814720179538635,14
2919,25,30,63,16,0.3669879376751877,14
2920,92,18,13,7,0.36521745881563183,11
2921,46,18,41,8,0.36430211798636986,10
2922,13,27,38,12,0.35957757900250525,15
2923,11,55,16,24,0.3565432583533017,31
2924,47,21,65,10,0.3519317997506132,11
2925,15,14,29,7,0.35154179739306457,7
2926,87,22,62,11,0.3514225144207001,11
2927,7,21,8,10,0.35073482330961425,11
2928,107,16,79,9,0.3498222414341266,7
2929,8,44,20,22,0.3454844939659281,22
2930,109,13,4,6,0.3380907022892352,7
2931,83,20,106,11,0.33164456490941063,9
2932,49,14,114,6,0.32751436291229447,8
2933,86,23,108,13,0.3219408787814728,10
2934,114,68,107,33,0.32070298196932506,35
2935,83,25,28,14,0.3193130867023741,11
2936,60,48,53,25,0.3118269913878374,23
2937,51,13,92,7,0.31029394338620886,6
2938,86,54,30,28,0.3101630696999888,26
2939,107,68,63,37,0.3098872954610473,31
2940,29,11,79,4,0.30038972457789276,7
2941,114,60,88,30,0.29749332449413723,30
2942,41,30,18,14,0.296930660105382,16
2943,88,15,48,6,0.2955612335778544,9
2944,67,12,25,6,0.2816428039469064,6
2945,96,12,67,7,0.27996501259109813,5
2946,53,18,5,8,0.2778213329671456,10
2947,39,49,65,26,0.2688987951279627,23
2948,36,11,38,4,0.26679215079866997,7
2949,37,22,76,12,0.2606095394442829,10
2950,17,11,108,5,0.2506467392789146,6
2951,47,17,41,9,0.24960180944275975,8
2952,109,31,16,16,0.2489072427641002,15
2953,88,38,20,20,0.24807571543102264,18
2954,40,25,47,14,0.24655985846699452,11
2955,39,10,93,5,0.24650819188032075,5
2956,39,11,69,5,0.24417663900251796,6
2957,83,20,88,11,0.24121558114701722,9
2958,68,91,13,44,0.24037310100885306,47
2959,61,16,13,9,0.23942923044644315,7
2960,30,20,106,10,0.23895557447172086,10
2961,107,72,84,36,0.23736523288219447,36
2962,64,19,45,9,0.2352744559029064,10
2963,57,14,20,7,0.22969067246688318,7
2964,65,10,101,5,0.22906131925901718,5
2965,67,12,84,5,0.22644335659627104,7
2966,72,16,7,8,0.22521266099875584,8
2967,41,36,63,18,0.22416751809119778,18
2968,77,12,3,5,0.22356024648773629,7
2969,107,57,60,28,0.21842972591279397,29
2970,107,40,18,22,0.21456452912257484,18
2971,53,21,44,9,0.2122113313421154,12
2972,53,54,13,29,0.2083631688927764,25
2973,28,11,66,5,0.2056598644516812,6
2974,46,23,17,12,0.20521498367655996,11
2975,30,22,49,11,0.20072651281539558,11
2976,81,21,107,11,0.19898617239587554,10
2977,46,16,71,7,0.19894184736909315,9
2978,76,11,47,3,0.1986777302440924,8
2979,107,61,74,29,0.19420996588142148,32
2980,98,11,100,5,0.18985443720382733,6
2981,88,35,37,17,0.1877253046596751,18
2982,35,12,70,7,0.18631436457958764,5
2983,44,15,65,6,0.18351226600640885,9
2984,71,33,8,17,0.17759312635004623,16
2985,96,37,55,19,0.17732770674363885,18
2986,11,47,106,26,0.17225906773687616,21
2987,57,34,13,18,0.16675051669784913,16
2988,7,51,4,26,0.16136746029798088,25
2989,62,12,106,6,0.1584669634691407,6
2990,84,22,80,10,0.15202664995311643,12
2991,51,20,98,10,0.14461940831704007,10
2992,73,10,25,5,0.1328731236438802,5
2993,51,13,44,8,0.13191763257362837,5
2994,60,76,7,38,0.13134493579901685,38
2995,65,85,86,40,0.12617823685384771,45
2996,28,22,98,9,0.12169006680659694,13
2997,51,59,55,30,0.12168388038388171,29
2998,40,28,18,16,0.11377047107058737,12
2999,49,16,8,7,0.1133484840104294,9
3000,98,13,97,7,0.11020600858990875,6
3001,94,13,60,6,0.10902380212835151,7
3002,34,12,29,6,0.10585588511243227,6
3003,2,18,84,9,0.10504403066305398,9
3004,68,13,44,7,0.10451112471006771,6
3005,41,54,88,26,0.10348470718011778,28
3006,107,46,27,23,0.09729998361384001,23
3007,86,30,53,13,0.09593092236920715,17
3008,74,39,25,20,0.09563368284676016,19
3009,25,65,16,32,0.09364645449744402,33
3010,30,15,96,8,0.09214636377364425,7
3011,114,29,36,13,0.09213128587786307,16
3012,95,52,86,24,0.08956033992826938,28
3013,84,37,88,17,0.08333477514829757,20
3014,97,36,74,17,0.07931920932357782,19
3015,63,46,87,22,0.07921188185625391,24
3016,107,73,54,35,0.07798228457878793,38
3017,55,15,108,8,0.07480659095217349,7
3018,106,21,40,10,0.06808253080226546,11
3019,8,70,106,37,0.05212763279076112,33
3020,34,19,50,10,0.05002588679712766,9
3021,73,16,106,8,0.04700386219362951,8
3022,65,11,81,6,0.04550793535821782,5
3023,47,10,58,5,0.04544416959920028,5
3024,15,13,43,6,0.045041270424713856,7
3025,114,46,104,24,0.04494734082733511,22
3026,74,41,54,20,0.04296760366186976,21
3027,31,11,97,5,0.04256244744109723,6
3028,55,52,87,26,0.039341837208104025,26
3029,9,14,81,7,0.035788297634864304,7
3030,45,17,71,7,0.03389797077786283,10
3031,84,19,17,10,0.032612383959908106,9
3032,100,14,9,8,0.02830224852664896,6
3033,72,24,16,12,0.026040943543897743,12
3034,106,42,50,20,0.025298087208634697,22
3035,106,26,100,12,0.022225583959526604,14
3036,15,35,13,17,0.01976991947197289,18
3037,89,15,28,8,0.018607611913672883,7
3038,7,28,15,12,0.018225685442037017,16
3039,35,24,86,11,0.011498856499630127,13
3040,109,17,83,7,0.00972932964701334,10
3041,90,33,16,15,0.006116246156991541,18
3042,16,33,90,18,-0.0061162461569911645,15
3043,83,17,109,10,-0.009729329647013785,7
3044,86,24,35,13,-0.011498856499629817,11
3045,15,28,7,16,-0.018225685442037017,12
3046,28,15,89,7,-0.018607611913672648,8
3047,13,35,15,18,-0.019769919471973197,17
3048,100,26,106,14,-0.02222558395952517,12
3049,50,42,106,22,-0.02529808720863334,20
3050,16,24,72,12,-0.026040943543896855,12
3051,9,14,100,6,-0.028302248526648453,8
3052,17,19,84,9,-0.03261238395990876,10
3053,71,17,45,10,-0.03389797077786216,7
3054,81,14,9,7,-0.035788297634866885,7
3055,87,52,55,26,-0.039341837208104025,26
3056,97,11,31,6,-0.042562447441096586,5
3057,54,41,74,21,-0.04296760366187002,20
3058,104,46,114,22,-0.04494734082733487,24
3059,43,13,15,7,-0.04504127042471195,6
3060,58,10,47,5,-0.04544416959920099,5
3061,81,11,65,5,-0.04550793535821569,6
3062,106,16,73,8,-0.0470038621936304,8
3063,50,19,34,9,-0.05002588679712785,10
3064,106,70,8,33,-0.05212763279076128,37
3065,40,21,106,11,-0.0680825308022658,10
3066,108,15,55,7,-0.07480659095217229,8
3067,54,73,107,38,-0.07798228457878872,35
3068,87,46,63,24,-0.07921188185625398,22
3069,74,36,97,19,-0.07931920932357782,17
3070,88,37,84,20,-0.0833347751482989,17
3071,86,52,95,28,-0.08956033992827091,24
3072,36,29,114,16,-0.09213128587786189,13
3073,96,15,30,7,-0.09214636377364507,8
3074,16,65,25,33,-0.09364645449744435,32
3075,25,39,74,19,-0.0956336828467596,20
3076,53,30,86,17,-0.09593092236920858,13
3077,27,46,107,23,-0.09729998361384193,23
3078,88,54,41,28,-0.10348470718011826,26
3079,44,13,68,6,-0.10451112471006657,7
3080,84,18,2,9,-0.10504403066305477,9
3081,29,12,34,6,-0.10585588511243227,6
3082,60,13,94,7,-0.10902380212834957,6
3083,97,13,98,6,-0.11020600858990862,7
3084,8,16,49,9,-0.11334848401042974,7
3085,18,28,40,12,-0.11377047107058744,16
3086,55,59,51,29,-0.12168388038388292,30
3087,98,22,28,13,-0.1216900668065983,9
3088,86,85,65,45,-0.12617823685384916,40
3089,7,76,60,38,-0.13134493579901632,38
3090,44,13,51,5,-0.1319176325736292,8
3091,25,10,73,5,-0.1328731236438802,5
3092,98,20,51,10,-0.14461940831704023,10
3093,80,22,84,12,-0.15202664995311627,10
3094,106,12,62,6,-0.15846696346914188,6
3095,4,51,7,25,-0.16136746029798163,26
3096,13,34,57,16,-0.16675051669784913,18
3097,106,47,11,21,-0.17225906773687602,26
3098,16,26,102,13,-0.17363404747602376,13
3099,55,37,96,18,-0.17732770674364082,19
3100,8,33,71,16,-0.17759312635004632,17
3101,65,15,44,9,-0.1835122660064091,6
3102,70,12,35,5,-0.18631436457958692,7
3103,37,35,88,18,-0.18772530465967646,17
3104,100,11,98,6,-0.18985443720382733,5
3105,47,11,76,8,-0.19867773024409274,3
3106,71,16,46,9,-0.19894184736909182,7
3107,107,21,81,10,-0.19898617239587607,11
3108,49,22,30,11,-0.20072651281539508,11
3109,17,23,46,11,-0.2052149836765593,12
3110,66,11,28,6,-0.20565986445168055,5
3111,13,54,53,25,-0.20836316889277592,29
3112,44,21,53,12,-0.2122113313421161,9
3113,18,40,107,18,-0.21456452912257684,22
3114,60,57,107,29,-0.21842972591279558,28
3115,3,12,77,7,-0.2235602464877348,5
3116,63,36,41,18,-0.2241675180911969,18
3117,7,16,72,8,-0.22521266099875537,8
3118,84,12,67,7,-0.22644335659627166,5
3119,101,10,65,5,-0.2290613192590168,5
3120,20,14,57,7,-0.2296906724668833,7
3121,45,19,64,10,-0.23527445590290527,9
3122,84,72,107,36,-0.23736523288219558,36
3123,106,20,30,10,-0.2389555744717199,10
3124,13,16,61,7,-0.2394292304464427,9
3125,13,91,68,47,-0.2403731010088542,44
3126,88,20,83,9,-0.24121558114701463,11
3127,69,11,39,6,-0.24417663900251843,5
3128,93,10,39,5,-0.24650819188031967,5
3129,47,25,40,11,-0.24655985846699366,14
3130,16,31,109,15,-0.24890724276409806,16
3131,41,17,47,8,-0.24960180944275975,9
3132,108,11,17,6,-0.25064673927891384,5
3133,76,22,37,10,-0.26060953944428406,12
3134,38,11,36,7,-0.26679215079866964,4
3135,65,49,39,23,-0.2688987951279629,26
3136,5,18,53,10,-0.277821332967146,8
3137,67,12,96,5,-0.279965012591097,7
3138,25,12,67,6,-0.2816428039469064,6
3139,48,15,88,9,-0.29556123357785347,6
3140,18,30,41,16,-0.2969306601053822,14
3141,88,60,114,30,-0.2974933244941375,30
3142,79,11,29,7,-0.3003897245778921,4
3143,88,18,12,9,-0.3042097842896815,9
3144,63,68,107,31,-0.3098872954610479,37
3145,30,54,86,26,-0.3101630696999878,28
3146,92,13,51,6,-0.31029394338620975,7
3147,53,48,60,23,-0.3118269913878375,25
3148,28,25,83,11,-0.3193130867023753,14
3149,107,68,114,35,-0.3207029819693246,33
3150,108,23,86,10,-0.32194087878147215,13
3151,114,14,49,8,-0.32751436291229385,6
3152,106,20,83,9,-0.3316445649094112,11
3153,4,13,109,7,-0.3380907022892352,6
3154,20,44,8,22,-0.3454844939659279,22
3155,79,16,107,7,-0.34982224143412544,9
3156,8,21,7,11,-0.3507348233096159,10
3157,62,22,87,11,-0.3514225144207014,11
3158,29,14,15,7,-0.35154179739306357,7
3159,65,21,47,11,-0.3519317997506139,10
3160,38,27,13,15,-0.3595775790025047,12
3161,41,18,46,10,-0.36430211798637085,8
3162,13,18,92,11,-0.3652174588156323,7
3163,63,30,25,14,-0.3669879376751877,16
3164,28,26,95,14,-0.36814720179538646,12
3165,75,21,40,11,-0.3686371386700461,10
3166,71,35,88,16,-0.37110920124030156,19
3167,108,16,40,9,-0.3738458975156912,7
3168,84,18,14,10,-0.37783903496494253,8
3169,97,22,70,10,-0.3783758219642562,12
3170,71,28,114,14,-0.3795577437704577,14
3171,50,35,8,19,-0.3829382566779763,16
3172,36,30,69,15,-0.3859879811009911,15
3173,23,14,3,7,-0.3875824453041786,7
3174,55,20,57,9,-0.3890374606350971,11
3175,44,13,8,7,-0.3904420875789997,6
3176,54,18,23,9,-0.39214168570707364,9
3177,41,16,55,8,-0.39291373598895946,8
3178,78,13,88,7,-0.3934639813104835,6
3179,85,13,20,7,-0.3937398173335161,6
3180,62,10,27,5,-0.394791778309893,5
3181,8,83,107,45,-0.39641937587544135,38
3182,7,95,107,53,-0.3977697672268478,42
3183,106,17,27,7,-0.40136309459980746,10
3184,114,14,98,7,-0.40678429853773473,7
3185,100,27,13,13,-0.40865717001894125,14
3186,79,18,50,9,-0.4091046493522828,9
3187,86,33,31,16,-0.4107692180392426,17
3188,38,14,5,7,-0.4168378546295618,7
3189,96,46,87,24,-0.4185307257645087,22
3190,39,59,107,31,-0.4234609186682371,28
3191,19,11,46,5,-0.4237898327914003,6
3192,99,11,33,5,-0.4248665122614248,6
3193,63,46,68,23,-0.4255709909849707,23
3194,31,43,40,21,-0.4296271974626791,22
3195,69,13,109,6,-0.43237846797528773,7
3196,58,27,9,14,-0.44053827452368566,13
3197,11,15,90,8,-0.4409004522210813,7
3198,9,11,80,4,-0.4439834453330448,7
3199,55,13,62,6,-0.4490302976953225,7
3200,76,26,8,14,-0.4492143891303651,12
3201,112,13,1,5,-0.45359520737159276,8
3202,111,16,87,8,-0.45897322341286373,8
3203,68,32,104,17,-0.4623896750421223,15
3204,86,48,3,23,-0.46465568815551306,25
3205,31,54,65,28,-0.4691388746969265,26
3206,69,13,37,7,-0.47410415365645314,6
3207,39,51,25,25,-0.4759465051184236,26
3208,41,31,75,17,-0.47837138213253816,14
3209,74,28,95,15,-0.4784255086028221,13
3210,62,17,37,7,-0.47941613349669043,10
3211,104,14,57,9,-0.4845128262229359,5
3212,60,35,43,18,-0.4854243585510852,17
3213,87,59,5,30,-0.49916697205470045,29
3214,31,35,88,17,-0.499980797609059,18
3215,91,13,90,7,-0.5003235284827329,6
3216,9,10,23,5,-0.5053397207394532,5
3217,97,12,49,7,-0.510198270023406,5
3218,9,18,4,9,-0.5118055197130339,9
3219,39,39,9,18,-0.5122974091677527,21
3220,90,11,41,5,-0.513841479320257,6
3221,28,68,106,35,-0.5161436710076651,33
3222,86,29,85,15,-0.5165406183563308,14
3223,25,17,43,7,-0.5197036131496168,10
3224,41,15,11,9,-0.5205684982588513,6
3225,28,19,73,9,-0.5214155246375576,10
3226,102,19,65,11,-0.5234012572749034,8
3227,11,35,39,18,-0.5290022824501411,17
3228,86,55,68,27,-0.5310748741920146,28
3229,55,22,71,10,-0.5319428762463102,12
3230,8,14,29,8,-0.5320448571158592,6
3231,9,42,51,22,-0.5346045933154959,20
3232,1,10,106,5,-0.5396528610114302,5
3233,39,22,12,11,-0.5419618153900839,11
3234,54,29,64,14,-0.5456745481805153,15
3235,16,27,98,14,-0.5462850233229247,13
3236,39,42,41,23,-0.5463742537779043,19
3237,13,55,104,28,-0.5474902747445204,27
3238,7,17,92,10,-0.5480230211986107,7
3239,54,49,5,26,-0.5526115688513301,23
3240,2,10,83,5,-0.559439726515081,5
3241,2,31,97,16,-0.5614740846174444,15
3242,108,10,29,5,-0.5615423900676234,5
3243,94,10,40,5,-0.5678516928680514,5
3244,65,51,75,25,-0.5689430318120551,26
3245,15,14,20,7,-0.5689936775430089,7
3246,53,12,23,6,-0.5700661218932138,6
3247,17,15,64,7,-0.5824319192017173,8
3248,94,10,3,5,-0.5883511504528993,5
3249,36,13,76,9,-0.5885035889042698,4
3250,40,24,30,12,-0.5893402617113975,12
3251,56,11,97,6,-0.5931267027213649,5
3252,72,24,13,11,-0.5977342226167965,13
3253,106,32,71,17,-0.6009609652453869,15
3254,34,15,63,8,-0.6010869874219955,7
3255,70,16,91,9,-0.6063303701253777,7
3256,114,20,43,9,-0.6074470201565787,11
3257,58,22,31,11,-0.6168553703735028,11
3258,96,30,76,16,-0.6223340675935105,14
3259,13,24,19,12,-0.6232356562801276,12
3260,71,33,36,16,-0.6241330409639598,17
3261,54,63,50,32,-0.6257662884110818,31
3262,97,11,11,5,-0.626987447450576,6
3263,1,23,60,12,-0.6297573562891176,11
3264,64,28,4,15,-0.6316212138641698,13
3265,41,22,70,10,-0.6354721735396389,12
3266,36,17,111,9,-0.6365354853619557,8
3267,41,25,25,11,-0.6394054706376676,14
3268,9,49,68,25,-0.6403549802856343,24
3269,50,16,98,8,-0.6426219058041119,8
3270,1,27,41,15,-0.6450987397179483,12
3271,50,38,63,20,-0.6599709375930077,18
3272,114,40,37,22,-0.6680388190804033,18
3273,39,56,87,29,-0.6711266151846677,27
3274,13,31,109,17,-0.6717168111881655,14
3275,48,34,16,17,-0.6749071927540304,17
3276,23,14,109,7,-0.6795387556597896,7
3277,39,21,62,10,-0.6810021432822755,11
3278,114,24,50,13,-0.6812811811945291,11
3279,25,19,18,9,-0.6816652439852758,10
3280,54,42,39,21,-0.6840393660233661,21
3281,38,17,29,9,-0.6873786981327392,8
3282,98,10,62,5,-0.6900751788017029,5
3283,39,73,7,36,-0.6920867889114356,37
3284,39,41,8,20,-0.6937986397009376,21
3285,95,11,57,7,-0.6989616542578677,4
3286,91,11,38,6,-0.7003822911270713,5
3287,104,23,18,10,-0.7012089452274208,13
3288,49,43,88,22,-0.7014211589442607,21
3289,96,17,13,9,-0.7114671477918357,8
3290,28,13,82,6,-0.7153587234866207,7
3291,40,18,61,9,-0.7154895706830816,9
3292,17,22,68,12,-0.721006671283475,10
3293,9,27,3,14,-0.7284011303001917,13
3294,5,41,95,20,-0.7316066534315533,21
3295,54,16,29,8,-0.7316507778434965,8
3296,86,77,40,41,-0.7352757671814375,36
3297,63,40,5,18,-0.7358500176759462,22
3298,39,60,13,30,-0.7375803753367645,30
3299,15,24,25,11,-0.7394428200536295,13
3300,74,13,36,8,-0.743717573303844,5
3301,16,48,23,25,-0.7440616790763733,23
3302,84,24,46,13,-0.7446057703540011,11
3303,71,20,3,10,-0.7446115406314829,10
3304,17,14,87,7,-0.750934140512457,7
3305,13,15,14,9,-0.751185424264851,6
3306,112,40,16,21,-0.7567380050399233,19
3307,16,40,57,20,-0.7629343085764559,20
3308,3,13,78,6,-0.7642790526976526,7
3309,104,15,33,7,-0.7704375614853106,8
3310,93,20,97,10,-0.7717644600090567,10
3311,84,19,10,10,-0.7730240789929577,9
3312,99,22,87,12,-0.7762165713325071,10
3313,14,17,87,8,-0.7782645241152502,9
3314,28,51,13,26,-0.7790491963091725,25
3315,34,17,9,9,-0.77910514985876,8
3316,29,23,16,11,-0.781529032090032,12
3317,97,13,100,7,-0.7866792604447764,6
3318,104,18,4,8,-0.7872554057904768,10
3319,46,28,87,13,-0.7941915016238148,15
3320,88,22,2,11,-0.7956469041111237,11
3321,49,20,68,10,-0.7960430752354469,10
3322,48,16,13,8,-0.8038354002876591,8
3323,40,14,56,7,-0.8062835825274064,7
3324,50,31,84,15,-0.8064114901977935,16
3325,107,58,96,31,-0.8081270899904945,27
3326,11,27,13,14,-0.8150505436514458,13
3327,100,16,19,7,-0.818690503078906,9
3328,20,27,74,13,-0.8203305748765273,14
3329,28,83,107,44,-0.8210512254142028,39
3330,37,48,28,24,-0.8263140292594411,24
3331,106,12,29,6,-0.8264692442725535,6
3332,46,16,2,8,-0.8285194662826783,8
3333,20,80,86,42,-0.8301074964710548,38
3334,30,23,28,11,-0.840323990421683,12
3335,86,56,50,27,-0.8444740252545996,29
3336,50,11,62,6,-0.8451062062670082,5
3337,63,28,71,15,-0.8479499084443569,13
3338,102,13,39,7,-0.8492100400200481,6
3339,65,89,54,46,-0.8508058656354901,43
3340,17,13,85,7,-0.859847797603718,6
3341,114,10,10,6,-0.8617397018011254,4
3342,28,40,39,20,-0.8686024761681225,20
3343,37,67,8,34,-0.8700084298071528,33
3344,84,17,60,7,-0.8716143564890693,10
3345,12,28,51,14,-0.8723369355034599,14
3346,86,33,80,17,-0.872719917434131,16
3347,49,27,7,12,-0.8744069756975955,15
3348,68,47,111,23,-0.87462883933747,24
3349,91,17,84,9,-0.8755346549877636,8
3350,57,21,37,11,-0.877816000827672,10
3351,4,21,77,11,-0.8810684428976734,10
3352,83,17,60,9,-0.8851626447494985,8
3353,107,22,94,13,-0.8912889870157802,9
3354,88,76,8,39,-0.8933115574955759,37
3355,77,24,86,13,-0.8939095843260919,11
3356,16,41,27,20,-0.8949314949985918,21
3357,48,24,8,13,-0.8990865709573216,11
3358,74,17,68,10,-0.9001065237726515,7
3359,14,11,112,5,-0.9022319115654427,6
3360,75,35,36,16,-0.9076169876586756,19
3361,68,22,77,11,-0.9089813853065126,11
3362,50,17,43,10,-0.911659904777202,7
3363,48,18,39,10,-0.9127145579388771,8
3364,11,12,114,7,-0.9147560322473871,5
3365,33,20,13,10,-0.9181205054603415,10
3366,114,27,75,14,-0.9181862737012573,13
3367,79,12,51,7,-0.9183017095558501,5
3368,51,28,57,14,-0.9210242184575963,14
3369,54,52,87,28,-0.9234207647234707,24
3370,86,17,33,8,-0.9246066959077452,9
3371,83,11,102,6,-0.9259324073609722,5
3372,55,13,27,7,-0.9348749202439617,6
3373,108,10,7,6,-0.9385265901557558,4
3374,114,13,112,6,-0.9421647262329372,7
3375,53,23,63,12,-0.9461903574638926,11
3376,5,14,14,8,-0.9561035605846475,6
3377,39,32,64,17,-0.9582943009292049,15
3378,103,11,106,5,-0.9583580547252434,6
3379,106,38,104,19,-0.9604760273979325,19
3380,51,26,30,14,-0.9638359516152128,12
3381,17,10,80,4,-0.963899909949846,6
3382,114,30,102,16,-0.9680544759122797,14
3383,51,50,37,23,-0.9710667257210696,27
3384,51,40,53,20,-0.9719493528973238,20
3385,9,12,78,6,-0.9745877106891214,6
3386,5,65,107,33,-0.9748363761521153,32
3387,17,29,50,16,-0.9785385252670543,13
3388,54,67,8,32,-0.9788096362147561,35
3389,93,10,60,4,-0.9795074052045607,6
3390,51,53,87,27,-0.9813193495830127,26
3391,38,21,64,11,-0.9820263127460164,10
3392,19,20,39,12,-0.9912638140696459,8
3393,30,13,9,7,-0.9935090532750581,6
3394,13,70,86,35,-0.9970973609227783,35
3395,17,37,37,21,-0.9978108601802036,16
3396,7,39,114,21,-1.0047894280060643,18
3397,93,11,114,5,-1.0049906589581687,6
3398,75,43,13,23,-1.0053644322647692,20
3399,107,28,98,14,-1.0170960211152535,14
3400,77,57,60,29,-1.0187732052674565,28
3401,93,22,86,11,-1.0208024258978545,11
3402,114,42,16,23,-1.0212587757382683,19
3403,33,10,70,5,-1.0222975969230645,5
3404,44,20,63,11,-1.0233184771026504,9
3405,86,111,107,58,-1.0263307921685703,53
3406,87,41,11,19,-1.0271101816892427,22
3407,9,56,13,30,-1.029692328241817,26
3408,7,22,35,11,-1.02999883395421,11
3409,65,96,63,49,-1.0335267790918934,47
3410,3,14,45,7,-1.0349134798027073,7
3411,88,21,90,10,-1.0373159148886413,11
3412,69,19,114,11,-1.0427404151557151,8
3413,102,28,54,14,-1.047082814800161,14
3414,13,32,20,16,-1.0473604323868067,16
3415,40,37,16,20,-1.0479395774839417,17
3416,69,18,43,9,-1.0483584083277542,9
3417,48,18,20,10,-1.0556464172960118,8
3418,87,35,18,19,-1.059533339757231,16
3419,109,30,104,15,-1.063865849600061,15
3420,8,55,70,28,-1.0665028298167962,27
3421,102,11,68,6,-1.0688066146446953,5
3422,66,12,106,7,-1.0707591278531368,5
3423,37,20,67,11,-1.0707700527635244,9
3424,28,50,87,25,-1.072521726859484,25
3425,97,19,64,10,-1.0748997556854094,9
3426,16,68,54,34,-1.0761911819905496,34
3427,57,20,46,10,-1.0787393081529644,10
3428,27,20,43,11,-1.0794606687524038,9
3429,74,13,40,7,-1.0901529369074696,6
3430,11,16,14,9,-1.0923565448715815,7
3431,68,71,51,34,-1.0948955307720354,37
3432,23,18,111,11,-1.0979651768767411,7
3433,11,45,46,24,-1.1009029076063193,21
3434,106,39,70,19,-1.1024614638047292,20
3435,2,18,96,9,-1.1039761816908782,9
3436,45,19,40,10,-1.1043531225931214,9
3437,47,12,91,6,-1.104710696366028,6
3438,55,13,73,7,-1.1082443575059588,6
3439,40,47,63,25,-1.1085655861732648,22
3440,60,24,63,13,-1.1116468208711012,11
3441,65,85,7,41,-1.1151148094385757,44
3442,88,18,61,8,-1.1254133453483963,10
3443,31,26,3,12,-1.1304098830558946,14
3444,106,26,36,13,-1.1307287364062808,13
3445,71,73,60,38,-1.1360670304013198,35
3446,68,23,78,12,-1.1476014430257637,11
3447,41,48,51,25,-1.1606659492153586,23
3448,19,12,65,6,-1.1638597275073121,6
3449,74,14,12,7,-1.1676100167547812,7
3450,86,29,15,15,-1.1775197582722166,14
3451,109,25,25,13,-1.1927554377225942,12
3452,11,16,93,10,-1.194367252998836,6
3453,74,51,16,27,-1.1989524884769094,24
3454,65,25,11,14,-1.2017242876914815,11
3455,7,44,63,26,-1.2086828652803665,18
3456,13,65,41,33,-1.2092531577418808,32
3457,97,33,25,17,-1.2112097532933461,16
3458,88,42,64,23,-1.2118692904336803,19
3459,74,11,98,6,-1.2137114800422124,5
3460,3,16,27,7,-1.2144437291301864,9
3461,49,22,51,11,-1.223339610254356,11
3462,9,26,71,14,-1.2262156519313807,12
3463,11,22,48,11,-1.233818302561812,11
3464,95,16,63,8,-1.233969730193377,8
3465,93,21,107,10,-1.2375139728583175,11
3466,31,25,71,13,-1.2380158081615502,12
3467,4,30,107,15,-1.2387516471106224,15
3468,68,15,85,9,-1.244925118447266,6
3469,71,10,1,6,-1.2456643982922142,4
3470,89,10,65,5,-1.2467666872041385,5
3471,48,11,23,6,-1.24848877392944,5
3472,33,22,16,13,-1.2507199492720238,9
3473,99,26,55,14,-1.260544955494955,12
3474,14,15,107,7,-1.262180496300674,8
3475,43,19,63,10,-1.2637110667141367,9
3476,65,27,50,14,-1.2644687002361992,13
3477,114,17,15,9,-1.2734943259065574,8
3478,65,48,8,25,-1.2758701336240001,23
3479,51,30,50,15,-1.277023353905357,15
3480,109,20,97,10,-1.2834069052578214,10
3481,54,17,33,8,-1.2844291677407338,9
3482,102,17,11,8,-1.2862551218754503,9
3483,74,22,2,12,-1.2925512141562505,10
3484,60,43,65,25,-1.2925574145160876,18
3485,88,57,87,27,-1.297249266486386,30
3486,34,11,11,5,-1.3007303411726843,6
3487,13,44,5,23,-1.3023509853743016,21
3488,102,11,70,4,-1.3043211125718082,7
3489,86,13,6,7,-1.306297639697856,6
3490,78,33,86,17,-1.3135675058239695,16
3491,51,12,32,6,-1.314434714983353,6
3492,8,16,10,9,-1.3145513780375313,7
3493,55,17,3,9,-1.3172267439478242,8
3494,80,18,74,9,-1.3199661328668575,9
3495,109,25,60,13,-1.3235251021634893,12
3496,65,13,61,6,-1.3279652478825155,7
3497,7,48,71,23,-1.3388864417450879,25
3498,90,17,84,9,-1.3434141546201466,8
3499,76,29,70,14,-1.3451436146232192,15
3500,88,37,97,19,-1.3490743629309028,18
3501,18,16,12,9,-1.353806243690165,7
3502,85,12,69,6,-1.3560361154784737,6
3503,27,46,13,23,-1.3573211844279427,23
3504,70,39,107,19,-1.3599998705907195,20
3505,68,42,64,24,-1.3624818601326816,18
3506,30,26,25,12,-1.3633847180345777,14
3507,76,11,90,5,-1.371109786983603,6
3508,48,10,75,5,-1.3711471542080287,5
3509,55,66,86,35,-1.3714897734674971,31
3510,69,11,6,5,-1.3727715082405267,6
3511,41,30,106,15,-1.3806292559177735,15
3512,7,31,95,17,-1.3809406634768695,14
3513,107,19,6,10,-1.3815044735302013,9
3514,11,41,50,22,-1.3816262941644981,19
3515,29,11,36,5,-1.3837445576600587,6
3516,57,30,15,16,-1.3845460493301145,14
3517,65,20,77,10,-1.385558992620708,10
3518,37,13,43,6,-1.39155356085389,7
3519,16,25,44,12,-1.3924747988210244,13
3520,83,15,7,9,-1.3943529604549403,6
3521,9,13,91,7,-1.3946381880594534,6
3522,44,12,75,7,-1.3998373775330364,5
3523,95,17,70,8,-1.4011695857654913,9
3524,13,22,12,14,-1.4046792155049046,8
3525,18,58,7,29,-1.407111198769738,29
3526,40,16,12,8,-1.412082266616442,8
3527,60,70,13,39,-1.4135782374303607,31
3528,109,11,94,5,-1.4139835062750101,6
3529,51,18,29,10,-1.4222631016002014,8
3530,45,35,36,16,-1.4232731245081227,19
3531,107,32,1,16,-1.4233414848511377,16
3532,41,70,65,39,-1.4285809086277088,31
3533,86,56,70,30,-1.4292180536114512,26
3534,25,28,50,14,-1.4391705454909016,14
3535,97,21,20,10,-1.4395279608818727,11
3536,70,20,39,11,-1.442415337141408,9
3537,63,55,106,28,-1.4485566818099482,27
3538,49,17,27,9,-1.450221664694997,8
3539,51,35,3,15,-1.450602711491367,20
3540,88,62,46,31,-1.4519317579443416,31
3541,55,30,53,16,-1.4538038424746405,14
3542,89,16,50,9,-1.4560158637801313,7
3543,38,16,8,8,-1.4562520429495762,8
3544,54,32,84,17,-1.4591305177250877,15
3545,83,23,25,13,-1.459720188055496,10
3546,47,21,31,11,-1.4606130980712662,10
3547,28,20,33,9,-1.4609880096092156,11
3548,68,61,65,32,-1.4611429296521323,29
3549,51,64,40,33,-1.4624658901194143,31
3550,23,16,112,9,-1.4656028868993891,7
3551,2,32,86,16,-1.4682447143488924,16
3552,32,17,11,8,-1.4729852723414758,9
3553,63,15,73,7,-1.4760785674332912,8
3554,13,59,4,32,-1.4911690163054772,27
3555,5,52,46,28,-1.4974094901037482,24
3556,43,11,29,6,-1.4978241959441987,5
3557,108,17,50,8,-1.5013768012598367,9
3558,15,19,23,10,-1.5056915581420047,9
3559,104,13,43,6,-1.5057895800585053,7
3560,5,63,28,32,-1.5122016375527894,31
3561,55,12,46,7,-1.514859018089955,5
3562,8,12,43,6,-1.5194230889621378,6
3563,51,23,71,12,-1.5213301920130475,11
3564,37,14,35,7,-1.523131742310598,7
3565,88,34,1,17,-1.5234508852206479,17
3566,84,20,114,11,-1.52828266290098,9
3567,109,31,87,17,-1.531687543119842,14
3568,53,13,29,8,-1.5317670028644754,5
3569,45,23,13,12,-1.5362814776486233,11
3570,46,25,97,13,-1.53794225986029,12
3571,60,52,51,30,-1.5379585605411297,22
3572,74,61,107,33,-1.5445233108407423,28
3573,15,24,60,12,-1.5446933308477515,12
3574,112,11,74,6,-1.5465866625881939,5
3575,43,12,57,8,-1.547683226037978,4
3576,74,26,11,14,-1.5483769164487973,12
3577,14,15,106,7,-1.552388543907857,8
3578,83,23,104,13,-1.5563880557352991,10
3579,49,11,109,6,-1.5612220128244476,5
3580,28,66,8,35,-1.5619285888266068,31
3581,111,14,9,7,-1.5621342613374538,7
3582,29,13,94,7,-1.5621793773372998,6
3583,43,12,58,6,-1.565331234676389,6
3584,86,100,106,52,-1.5692663469089445,48
3585,88,58,40,31,-1.5715316879527899,27
3586,46,25,60,13,-1.5735893742532685,12
3587,16,55,11,32,-1.5743257849928123,23
3588,60,28,3,15,-1.5755188534881797,13
3589,90,22,55,10,-1.578656952498874,12
3590,86,12,61,6,-1.5840363313946142,6
3591,25,15,2,7,-1.5845186001024019,8
3592,12,11,100,5,-1.5854889410506132,6
3593,90,10,64,5,-1.5921132093044663,5
3594,30,18,99,10,-1.5949338139614573,8
3595,18,10,94,5,-1.600111613157304,5
3596,35,12,30,6,-1.603184870407585,6
3597,63,18,47,8,-1.6044666815105075,10
3598,43,13,70,7,-1.6071210379776915,6
3599,57,18,68,9,-1.6190755944848343,9
3600,94,17,19,9,-1.6219930180628628,8
3601,9,20,112,10,-1.6257132685716436,10
3602,72,17,54,9,-1.6278504710694057,8
3603,96,19,39,11,-1.6315253594413601,8
3604,41,78,7,40,-1.6316845641232842,38
3605,80,12,38,7,-1.640066144596355,5
3606,107,32,34,18,-1.646981103840481,14
3607,68,23,36,12,-1.6511686348202665,11
3608,17,32,107,17,-1.6568754180103662,15
3609,48,19,106,10,-1.6634533717988316,9
3610,51,13,85,6,-1.664226628935167,7
3611,31,28,45,15,-1.6710870406691087,13
3612,3,16,61,7,-1.6779532806820936,9
3613,114,29,54,14,-1.6786165794472785,15
3614,69,18,50,8,-1.6863624004387787,10
3615,77,12,17,6,-1.6873994667000654,6
3616,106,34,68,18,-1.6879506890966793,16
3617,86,24,34,12,-1.6932391968680565,12
3618,46,23,9,13,-1.6945658865661515,10
3619,40,74,7,41,-1.6955910385318649,33
3620,23,26,51,14,-1.6961813528047356,12
3621,23,15,36,6,-1.6972875274185715,9
3622,102,16,20,8,-1.6989391239814924,8
3623,48,22,11,12,-1.6999305116151882,10
3624,86,44,23,23,-1.7030841833116435,21
3625,37,10,48,5,-1.703593750319215,5
3626,72,10,107,5,-1.705354365459133,5
3627,63,32,9,17,-1.707803131688152,15
3628,7,40,54,21,-1.7088310244062668,19
3629,43,14,109,7,-1.712926735873305,7
3630,40,46,9,25,-1.7148595920822798,21
3631,38,32,86,17,-1.7164597494651734,15
3632,27,14,54,7,-1.7208673623652104,7
3633,46,34,107,17,-1.7216832026654767,17
3634,45,19,16,11,-1.7223541453976996,8
3635,45,15,63,8,-1.7260545689947928,7
3636,50,11,83,5,-1.7272952536822093,6
3637,12,13,50,5,-1.7279667161947843,8
3638,75,19,70,9,-1.7314858975507368,10
3639,106,19,48,10,-1.7335189393534853,9
3640,81,22,88,12,-1.7392542924502719,10
3641,88,37,36,21,-1.7392851936744331,16
3642,23,27,8,14,-1.7400762718841147,13
3643,109,10,78,5,-1.740661389354757,5
3644,6,11,18,6,-1.7414584600944745,5
3645,36,33,60,17,-1.7416473627060742,16
3646,107,38,97,19,-1.7507246476170446,19
3647,68,31,4,16,-1.7510661926181545,15
3648,57,33,86,18,-1.7522583613315093,15
3649,70,26,84,14,-1.7530345342228948,12
3650,110,11,88,5,-1.7642228121429868,6
3651,13,93,16,51,-1.7680272073351373,42
3652,76,21,109,10,-1.7708841969163658,11
3653,16,62,104,33,-1.7780277088526335,29
3654,84,13,102,7,-1.7793224025292758,6
3655,60,17,11,9,-1.779429717497023,8
3656,90,25,37,13,-1.7816453937181784,12
3657,27,27,41,15,-1.799442798230458,12
3658,31,34,51,20,-1.8036645224364214,14
3659,25,22,36,11,-1.8071440138268584,11
3660,111,18,40,9,-1.8104998545748818,9
3661,41,24,57,13,-1.8129246044249008,11
3662,28,18,79,10,-1.8130893193426156,8
3663,109,11,71,6,-1.819641782820222,5
3664,99,13,102,7,-1.8212893413036864,6
3665,108,16,64,8,-1.8224151605655852,8
3666,114,13,44,7,-1.8263733365516708,6
3667,3,11,106,6,-1.8270221877820196,5
3668,13,29,74,15,-1.8278354237299068,14
3669,49,20,54,10,-1.8291542659227744,10
3670,109,54,28,30,-1.8301464583611147,24
3671,3,30,39,15,-1.830220006872886,15
3672,49,26,87,12,-1.8310582770906734,14
3673,96,38,84,19,-1.835648682700679,19
3674,20,30,114,16,-1.839540566254475,14
3675,81,15,68,8,-1.8403513087559695,7
3676,74,16,108,9,-1.8418942666566782,7
3677,84,23,65,12,-1.8452384016261003,11
3678,97,22,53,12,-1.8492466822191078,10
3679,106,61,87,31,-1.8566326197242504,30
3680,112,11,85,6,-1.86190112472257,5
3681,5,95,37,49,-1.865428870342572,46
3682,54,26,17,13,-1.867393134138254,13
3683,79,14,8,6,-1.8787453444383126,8
3684,64,30,87,15,-1.8805745129965612,15
3685,65,89,13,48,-1.8841469234822426,41
3686,8,41,2,21,-1.8848654476169693,20
3687,64,23,25,12,-1.8857238852847689,11
3688,39,34,47,18,-1.8887252121213738,16
3689,106,35,20,19,-1.890590591428699,16
3690,112,27,107,14,-1.8978016202230057,13
3691,88,13,14,7,-1.902096229341472,6
3692,80,31,16,17,-1.9062257079773546,14
3693,68,34,3,19,-1.9069651393335167,15
3694,47,23,87,12,-1.9101133657381943,11
3695,17,11,110,6,-1.9155371371930654,5
3696,106,32,97,16,-1.9159665785715099,16
3697,76,11,99,5,-1.9173589523208336,6
3698,64,43,53,23,-1.9214578200473016,20
3699,18,21,114,11,-1.923577249757447,10
3700,86,56,114,29,-1.9239569797033842,27
3701,40,19,70,11,-1.9276789997691202,8
3702,84,38,87,20,-1.9318820493391857,18
3703,97,14,23,7,-1.9330528734436563,7
3704,63,22,78,11,-1.9372183486989618,11
3705,98,10,32,5,-1.9380052263831622,5
3706,104,13,110,8,-1.9388474450810558,5
3707,31,14,23,8,-1.9392936999416424,6
3708,55,20,25,11,-1.9429576796619947,9
3709,48,15,7,7,-1.9478692265013033,8
3710,64,34,36,17,-1.9485056781764598,17
3711,87,23,27,12,-1.950807543167928,11
3712,71,12,78,6,-1.9545808326383198,6
3713,35,11,50,6,-1.9581460146246743,5
3714,51,46,17,23,-1.9584302785806689,23
3715,41,28,60,14,-1.9685028731886487,14
3716,76,18,41,8,-1.972404836446448,10
3717,15,15,64,7,-1.974538086287131,8
3718,53,28,95,17,-1.9769373995573178,11
3719,76,46,106,22,-1.9803869538705086,24
3720,25,38,28,22,-1.983389891159918,16
3721,4,19,53,10,-1.987694792892672,9
3722,38,20,60,10,-1.9901891037372657,10
3723,50,38,13,20,-1.9937674166002943,18
3724,112,15,104,8,-1.9939359727925703,7
3725,7,24,69,12,-1.9945381002011557,12
3726,68,22,94,12,-1.9968118227009084,10
3727,86,58,109,31,-1.99958534646243,27
3728,28,87,16,47,-2.0038366917622867,40
3729,97,22,83,10,-2.007636873207568,12
3730,16,26,19,14,-2.0163652158536207,12
3731,90,37,8,21,-2.01946478207178,16
3732,17,27,114,16,-2.021159075364869,11
3733,60,32,18,17,-2.0244266182620265,15
3734,13,11,32,6,-2.026181507027533,5
3735,114,14,91,7,-2.031242634143396,7
3736,79,11,55,6,-2.0315889229013417,5
3737,65,18,109,11,-2.0321022824018544,7
3738,47,17,27,8,-2.0335900799830844,9
3739,43,11,23,6,-2.0353932524795137,5
3740,88,14,89,7,-2.035463499061412,7
3741,74,19,100,10,-2.0359479445815105,9
3742,17,25,49,15,-2.036546889065441,10
3743,60,24,90,14,-2.039727571926182,10
3744,51,34,18,17,-2.042743355152735,17
3745,88,21,93,12,-2.047097578055207,9
3746,78,12,55,7,-2.047703711992377,5
3747,80,31,65,16,-2.05091984654234,15
3748,90,45,86,25,-2.0574221764428238,20
3749,113,12,86,7,-2.0586102760293072,5
3750,88,10,72,6,-2.0619587987908066,4
3751,88,12,79,7,-2.0642453169607626,5
3752,87,24,29,14,-2.0660123903160943,10
3753,38,16,30,10,-2.0680576867097535,6
3754,63,10,82,5,-2.0779758612966877,5
3755,87,33,3,18,-2.083290530486137,15
3756,65,47,74,24,-2.0847963525870905,23
3757,28,55,88,30,-2.0851563159512985,25
3758,107,73,51,42,-2.0899344269779965,31
3759,62,18,13,9,-2.091905330703411,9
3760,91,12,17,7,-2.0932516032559643,5
3761,8,22,97,11,-2.094799206270941,11
3762,55,34,83,17,-2.0962093979720193,17
3763,79,18,84,9,-2.0988599029371886,9
3764,38,11,12,6,-2.1101018439230717,5
3765,33,12,74,6,-2.113811361821,6
3766,64,20,1,10,-2.116432620959366,10
3767,37,38,65,19,-2.116557677432621,19
3768,70,11,53,6,-2.117480208536356,5
3769,84,26,37,14,-2.1240499046478805,12
3770,43,16,35,8,-2.1256405181906706,8
3771,76,13,34,6,-2.1338119769299584,7
3772,107,49,41,28,-2.135348584755222,21
3773,97,22,87,13,-2.138669138902106,9
3774,74,14,88,9,-2.16536396125082,5
3775,54,75,86,39,-2.1689438842347455,36
3776,39,11,33,6,-2.1701558874520313,5
3777,93,16,84,8,-2.173203038685071,8
3778,70,26,63,14,-2.1813121472430432,12
3779,11,36,63,21,-2.184303425155536,15
3780,94,12,65,7,-2.1843330518571347,5
3781,68,49,107,27,-2.1853889900704107,22
3782,74,64,8,36,-2.1866220406514896,28
3783,54,10,31,5,-2.1866689261471493,5
3784,19,19,60,11,-2.2046776544567765,8
3785,97,17,60,8,-2.205312660343625,9
3786,88,63,60,35,-2.2053487740970468,28
3787,96,50,5,28,-2.21142719225076,22
3788,55,84,8,42,-2.212352121108186,42
3789,98,14,18,6,-2.2211477971408065,8
3790,99,13,98,6,-2.22125816779338,7
3791,16,35,15,17,-2.223741648422683,18
3792,33,11,88,5,-2.224220943421554,6
3793,25,16,90,9,-2.226157693683706,7
3794,1,12,62,7,-2.2295391066336445,5
3795,74,27,20,15,-2.230377352624161,12
3796,20,14,18,8,-2.233452860395892,6
3797,104,35,87,17,-2.2393020839894078,18
3798,27,10,70,5,-2.243263258457554,5
3799,4,38,88,20,-2.24592170041755,18
3800,20,13,69,7,-2.2532252345201647,6
3801,25,30,95,16,-2.25397314365567,14
3802,3,15,49,8,-2.2557235353946234,7
3803,88,45,106,26,-2.2639858690375605,19
3804,7,12,85,7,-2.267272935114745,5
3805,96,66,28,35,-2.2674069446039327,31
3806,31,10,61,5,-2.2696136748473594,5
3807,70,48,16,27,-2.2731186306672018,21
3808,71,16,80,8,-2.2753923838048147,8
3809,35,20,88,10,-2.2787018333731495,10
3810,114,38,63,23,-2.2836807270192585,15
3811,74,46,37,24,-2.2838690954080456,22
3812,17,11,29,6,-2.2877927401917684,5
3813,4,13,106,6,-2.287883468044352,7
3814,45,18,114,10,-2.292094813707231,8
3815,5,24,100,13,-2.2932427434044693,11
3816,32,21,86,11,-2.2989864902239,10
3817,69,27,88,15,-2.300359575839998,12
3818,102,22,109,12,-2.303194855526112,10
3819,50,12,58,6,-2.303376752943112,6
3820,48,18,109,9,-2.3066244801907967,9
3821,12,39,65,20,-2.311622607173606,19
3822,91,32,88,17,-2.315767764685103,15
3823,102,21,104,10,-2.320627297470276,11
3824,64,23,50,12,-2.3285304422785043,11
3825,5,51,109,26,-2.3285813949081646,25
3826,53,28,25,14,-2.3301510854690832,14
3827,86,16,29,9,-2.3399676619619454,7
3828,50,13,6,7,-2.341492332331065,6
3829,38,12,114,6,-2.3415263774379937,6
3830,2,20,16,11,-2.344610668498853,9
3831,3,19,104,10,-2.3520715951524074,9
3832,37,58,107,31,-2.3520883092822156,27
3833,69,23,87,13,-2.352208197144829,10
3834,31,36,4,21,-2.3535355966794675,15
3835,27,10,103,6,-2.3562892217660667,4
3836,109,14,96,8,-2.3566759619593642,6
3837,100,16,15,8,-2.357282968122231,8
3838,11,51,8,28,-2.360316345482966,23
3839,5,23,99,12,-2.3616219022642833,11
3840,39,46,63,28,-2.3626947638130464,18
3841,70,19,7,12,-2.364945757295021,7
3842,50,24,40,14,-2.3671440474550494,10
3843,112,19,50,11,-2.3689643473531765,8
3844,48,15,30,9,-2.3702999073115163,6
3845,96,55,8,30,-2.3714393570924233,25
3846,68,106,7,57,-2.372479004873661,49
3847,107,40,71,23,-2.3760609676092477,17
3848,17,23,8,12,-2.380809098241683,11
3849,17,31,13,17,-2.3811485805577353,14
3850,56,13,75,8,-2.3840139649043506,5
3851,104,25,96,14,-2.3866419839158355,11
3852,71,21,4,13,-2.3871750117365993,8
3853,95,40,104,22,-2.389034218387607,18
3854,8,12,111,6,-2.390343846489093,6
3855,87,22,83,11,-2.3903571419434884,11
3856,63,17,17,9,-2.392516388601692,8
3857,28,38,46,22,-2.3990178798165633,16
3858,8,10,56,6,-2.4000860547179794,4
3859,80,26,20,14,-2.4033351571638573,12
3860,69,18,9,10,-2.4050002453980612,8
3861,51,24,47,12,-2.4094573680997575,12
3862,93,33,8,17,-2.4111455321691304,16
3863,92,11,65,6,-2.411285975254871,5
3864,20,38,88,19,-2.4156839797078273,19
3865,39,35,71,19,-2.4158892555534424,16
3866,54,17,94,9,-2.418369665890047,8
3867,25,46,107,24,-2.4187485647838773,22
3868,99,11,109,6,-2.419517402501058,5
3869,17,15,112,8,-2.423435965631074,7
3870,75,20,91,7,-2.4323694332612673,13
3871,17,16,100,10,-2.432372306828288,6
3872,51,19,14,12,-2.4338441230915153,7
3873,106,39,55,22,-2.4381392466666045,17
3874,86,18,12,10,-2.4382543520920796,8
3875,88,31,96,16,-2.4406464912019885,15
3876,50,10,32,4,-2.4440541907162716,6
3877,112,29,65,16,-2.4552380652908345,13
3878,68,23,19,13,-2.459954749025012,10
3879,69,17,74,8,-2.466497282082454,9
3880,74,40,87,22,-2.4671563114027464,18
3881,81,17,4,10,-2.467812477706327,7
3882,87,31,75,17,-2.4728263386250795,14
3883,9,61,7,31,-2.4756046461152823,30
3884,3,14,96,7,-2.4759083478520028,7
3885,39,30,95,16,-2.481130681096556,14
3886,13,57,49,29,-2.48151810311702,28
3887,111,11,18,6,-2.489910872635885,5
3888,109,18,37,10,-2.5010134043415313,8
3889,28,26,60,12,-2.503783946382719,14
3890,51,70,88,34,-2.5063635186764337,36
3891,96,37,106,21,-2.5084238105055885,16
3892,55,43,75,25,-2.5125301308500276,18
3893,102,26,16,14,-2.5156356988528947,12
3894,36,15,12,8,-2.5163199425137495,7
3895,19,19,28,11,-2.5182869063974485,8
3896,54,34,80,17,-2.5244394841569355,17
3897,50,32,39,17,-2.524569549657206,15
3898,4,18,39,10,-2.5267698999647226,8
3899,68,57,60,32,-2.5271272115940557,25
3900,51,45,8,24,-2.5271962911390995,21
3901,9,33,36,18,-2.527924078037467,15
3902,107,15,44,8,-2.5305445670994087,7
3903,95,20,20,11,-2.5325274069422727,9
3904,94,15,69,8,-2.535027799735268,7
3905,60,50,39,26,-2.5355246842136108,24
3906,60,11,111,7,-2.535604443502029,4
3907,20,15,19,8,-2.543598619448083,7
3908,36,74,7,40,-2.54935875079736,34
3909,1,19,73,11,-2.5534291003907295,8
3910,38,21,88,13,-2.55496141946847,8
3911,83,16,51,10,-2.556300922595479,6
3912,63,10,83,4,-2.557624644664858,6
3913,51,43,28,22,-2.5635290356109595,21
3914,87,13,92,7,-2.5651869545632544,6
3915,107,50,50,26,-2.5656690703128167,24
3916,3,13,69,8,-2.5732249505733895,5
3917,17,15,1,8,-2.5752502333351277,7
3918,107,49,11,27,-2.5761241944086906,22
3919,71,14,69,7,-2.582352607553779,7
3920,87,25,71,13,-2.590103521421834,12
3921,94,12,1,5,-2.5914118255559018,7
3922,18,33,86,19,-2.5923706641316473,14
3923,109,10,1,5,-2.592960677140225,5
3924,27,19,40,8,-2.5947052105553348,11
3925,91,23,36,13,-2.600483205457647,10
3926,107,25,85,13,-2.601380149286501,12
3927,90,37,107,19,-2.6015860655240464,18
3928,1,29,40,16,-2.608102727316189,13
3929,40,16,11,9,-2.612795985816362,7
3930,2,13,76,8,-2.6134640032331116,5
3931,64,28,75,15,-2.614396425436705,13
3932,107,30,108,16,-2.6200064290415055,14
3933,86,36,91,19,-2.627461430980282,17
3934,39,30,17,17,-2.63473827504273,13
3935,54,13,110,7,-2.6358849029934492,6
3936,106,10,10,7,-2.639964127087713,3
3937,95,14,33,8,-2.6415453896084555,6
3938,6,17,88,9,-2.643401887191552,8
3939,5,60,16,35,-2.643518445682432,25
3940,37,21,30,12,-2.6448172779185537,9
3941,8,24,30,13,-2.6514132136935475,11
3942,65,48,53,25,-2.6519126498591334,23
3943,36,13,57,8,-2.653116090105381,5
3944,88,29,92,16,-2.65412565592523,13
3945,91,13,74,7,-2.658254293210725,6
3946,98,13,19,6,-2.6648484010439395,7
3947,74,25,114,13,-2.666972342657448,12
3948,75,18,95,10,-2.672802736686619,8
3949,44,17,25,9,-2.673535476281759,8
3950,5,25,39,13,-2.6791322172692884,12
3951,17,17,90,8,-2.680753861205159,9
3952,35,11,13,6,-2.684594978225239,5
3953,107,21,93,12,-2.6848247910711387,9
3954,71,40,65,23,-2.6867803351656674,17
3955,6,15,87,8,-2.6944386309243544,7
3956,70,16,49,8,-2.7131214221068403,8
3957,80,11,95,6,-2.7197438471090796,5
3958,28,50,11,26,-2.7199624016130106,24
3959,70,31,104,17,-2.7208109249750048,14
3960,88,53,55,31,-2.721264805593774,22
3961,8,76,16,42,-2.7297636152330345,34
3962,41,11,29,6,-2.729777141843769,5
3963,34,12,75,6,-2.7327928404854562,6
3964,78,25,84,14,-2.7332517256109643,11
3965,106,50,65,27,-2.735321183024918,23
3966,63,12,99,6,-2.7377253409939377,6
3967,69,10,29,5,-2.7392352416951,5
3968,104,22,97,11,-2.7396377781056187,11
3969,8,12,112,6,-2.740736306324458,6
3970,70,28,68,15,-2.743617533988878,13
3971,112,23,63,12,-2.74696539057072,11
3972,111,28,16,16,-2.755670365747083,12
3973,28,99,86,55,-2.762726515499761,44
3974,77,17,5,9,-2.7658375671945885,8
3975,40,11,38,5,-2.771552043064858,6
3976,10,11,5,5,-2.7716738654503192,6
3977,103,11,13,6,-2.771821763683222,5
3978,27,14,11,7,-2.7750057567536373,7
3979,91,31,28,17,-2.78581966806185,14
3980,97,15,9,7,-2.7891659901703596,8
3981,36,13,100,7,-2.7923934619121096,6
3982,15,13,49,7,-2.79319706639659,6
3983,1,26,7,14,-2.793205495238504,12
3984,114,25,4,13,-2.7973762559419417,12
3985,109,20,50,11,-2.798084616202662,9
3986,112,14,106,7,-2.805082024542768,7
3987,41,15,99,8,-2.808167291861728,7
3988,36,32,1,16,-2.8095303452930684,16
3989,48,17,65,10,-2.813018636762518,7
3990,98,12,39,7,-2.813957257779375,5
3991,47,13,64,8,-2.821240379057225,5
3992,71,13,18,7,-2.821320109059578,6
3993,109,14,40,8,-2.8243745319718685,6
3994,81,23,53,13,-2.832269045840244,10
3995,74,33,104,19,-2.832959821636547,14
3996,79,12,34,7,-2.8360709516553486,5
3997,23,19,95,10,-2.8404436396815522,9
3998,104,13,23,8,-2.8445076862849517,5
3999,76,24,46,13,-2.8453201116747966,11
4000,44,13,28,6,-2.846139863099275,7
4001,51,50,54,27,-2.848646635461052,23
4002,33,13,97,7,-2.8486496222061595,6
4003,18,20,74,10,-2.8496142222224696,10
4004,17,27,7,15,-2.85132939083683,12
4005,65,10,34,5,-2.851457666336363,5
4006,96,16,73,9,-2.853430398009382,7
4007,99,18,51,9,-2.8534777973740635,9
4008,104,35,39,19,-2.8536678809946237,16
4009,63,23,46,11,-2.867241869896345,12
4010,20,42,87,22,-2.869120615934056,20
4011,53,12,57,6,-2.8739584447786406,6
4012,75,21,27,11,-2.8742147115996155,10
4013,16,13,85,8,-2.8813506371354958,5
4014,65,11,85,6,-2.8887980695165383,5
4015,74,24,75,14,-2.8903655619324415,10
4016,55,71,13,38,-2.895942627228282,33
4017,70,10,44,5,-2.8975248911261424,5
4018,112,10,45,6,-2.897726145007349,4
4019,108,13,71,7,-2.8992906212622866,6
4020,37,19,91,10,-2.9050960547005253,9
4021,30,18,27,10,-2.909325234377577,8
4022,79,15,7,8,-2.9111710091731053,7
4023,108,12,25,7,-2.9132670669268257,5
4024,106,19,102,9,-2.9207255392565092,10
4025,86,82,74,43,-2.9212877807151494,39
4026,87,20,36,12,-2.9355732508976633,8
4027,65,57,28,32,-2.936618804167043,25
4028,76,17,30,10,-2.9372015853586078,7
4029,40,32,41,17,-2.946728808508273,15
4030,65,20,18,10,-2.9468351166959508,10
4031,8,16,80,8,-2.9519293865537106,8
4032,46,23,114,13,-2.9631435316072414,10
4033,57,18,25,10,-2.964934950553877,8
4034,13,18,34,10,-2.966738126614261,8
4035,53,11,47,6,-2.967218161853792,5
4036,78,14,28,7,-2.969090445302413,7
4037,37,21,2,11,-2.96975801126945,10
4038,4,32,36,19,-2.9739066740354194,13
4039,64,16,49,8,-2.974435618509844,8
4040,106,36,84,18,-2.9754739608250116,18
4041,16,21,34,12,-2.976314710839405,9
4042,78,25,13,14,-2.9806689093334278,11
4043,65,27,15,15,-2.9825641535703045,12
4044,94,15,112,9,-2.986690933398207,6
4045,18,10,27,5,-2.996654278290003,5
4046,69,11,4,6,-2.9994841766617175,5
4047,34,14,96,8,-3.001763014782562,6
4048,37,47,20,25,-3.0049852144749636,22
4049,29,16,7,7,-3.0054928601317066,9
4050,7,27,6,12,-3.013941061604383,15
4051,84,86,86,44,-3.0278103260571707,42
4052,99,12,27,6,-3.0280763102634345,6
4053,49,16,65,9,-3.0342561495428084,7
4054,65,39,25,23,-3.0368934823131157,16
4055,96,13,38,7,-3.0422152322461713,6
4056,109,34,88,19,-3.046527810071437,15
4057,77,19,39,10,-3.0517041333574344,9
4058,86,42,71,22,-3.0606693617391714,20
4059,107,27,29,17,-3.062430324885094,10
4060,55,14,48,8,-3.0636269177668387,6
4061,84,22,9,12,-3.0637136705952397,10
4062,25,18,71,10,-3.0644100067848146,8
4063,114,40,60,18,-3.0670908685799043,22
4064,55,22,20,12,-3.0673393388469985,10
4065,25,30,75,17,-3.069551733540898,13
4066,41,11,74,5,-3.0735662157516845,6
4067,84,28,109,16,-3.073799704825316,12
4068,63,40,74,21,-3.0803940829456544,19
4069,87,14,45,8,-3.086220297325659,6
4070,91,10,64,6,-3.0993479020870796,4
4071,68,14,99,8,-3.100103615084465,6
4072,27,13,74,6,-3.1002755903304386,7
4073,60,15,92,9,-3.101629065738581,6
4074,54,15,41,8,-3.102250260710982,7
4075,106,25,109,13,-3.1028448270841773,12
4076,86,91,63,53,-3.106277287763664,38
4077,8,80,86,41,-3.1100307008249146,39
4078,4,24,50,12,-3.1105592371369597,12
4079,17,25,25,14,-3.1106502600539105,11
4080,80,11,36,6,-3.1158574211756616,5
4081,17,20,34,11,-3.1289905577883568,9
4082,43,11,112,6,-3.1359235341148506,5
4083,23,23,75,11,-3.148733601092015,12
4084,7,51,104,28,-3.158219418007504,23
4085,82,21,86,12,-3.1586560919846263,9
4086,1,36,68,20,-3.1610454054119046,16
4087,74,14,90,9,-3.168061351028922,5
4088,86,16,110,9,-3.1694821197260485,7
4089,60,25,106,15,-3.171261503808182,10
4090,7,32,43,19,-3.1749602918386843,13
4091,65,30,43,15,-3.1752092762666044,15
4092,65,25,83,13,-3.1850517665827933,12
4093,50,54,37,28,-3.1883352760136074,26
4094,5,61,88,32,-3.1946532218196624,29
4095,5,49,55,27,-3.198953177181802,22
4096,39,41,36,23,-3.1998605067578225,18
4097,76,12,44,7,-3.2019945343572456,5
4098,17,28,106,17,-3.2039846830051117,11
4099,87,21,43,11,-3.2088295405347442,10
4100,31,47,60,23,-3.2094707274879264,24
4101,97,19,50,11,-3.210625734622642,8
4102,74,16,17,9,-3.21177055102783,7
4103,46,45,51,25,-3.212290911376682,20
4104,23,19,64,10,-3.2123729115980186,9
4105,28,39,55,23,-3.2184704312839756,16
4106,63,29,97,16,-3.219195053710692,13
4107,27,19,8,11,-3.219635271916993,8
4108,7,55,23,30,-3.222928305376168,25
4109,16,21,4,10,-3.223993814900797,11
4110,35,18,16,11,-3.2305329948687067,7
4111,87,21,2,12,-3.2308938185741103,9
4112,16,68,60,37,-3.2309192664317177,31
4113,36,49,107,26,-3.234838704648262,23
4114,60,25,99,14,-3.238194459102709,11
4115,81,12,23,7,-3.2407035870770007,5
4116,112,12,72,6,-3.241907003379272,6
4117,8,18,68,10,-3.2434866605613224,8
4118,16,45,41,23,-3.2495789716339614,22
4119,64,38,107,20,-3.25264237164834,18
4120,25,47,114,27,-3.2540864225169766,20
4121,95,14,84,8,-3.2568961944145873,6
4122,74,24,7,15,-3.257493143792889,9
4123,95,14,76,8,-3.257651508839797,6
4124,19,16,30,8,-3.260781025498363,8
4125,53,56,18,30,-3.2615252410170648,26
4126,54,56,28,31,-3.262278028179984,25
4127,7,114,13,62,-3.264302615697635,52
4128,78,11,11,5,-3.270328616003681,6
4129,67,13,114,7,-3.274670651234843,6
4130,86,49,60,27,-3.2754717222931737,22
4131,27,50,7,27,-3.296451922887636,23
4132,5,60,104,32,-3.3007473735225057,28
4133,48,29,28,16,-3.3030143286202387,13
4134,15,12,28,6,-3.307663426492388,6
4135,66,11,86,6,-3.309294151623436,5
4136,75,31,60,17,-3.313915862803686,14
4137,84,16,97,10,-3.316428205809935,6
4138,54,32,104,17,-3.328617374285993,15
4139,50,19,41,11,-3.331657114556132,8
4140,76,13,71,6,-3.3359186512389036,7
4141,5,13,68,7,-3.3380294056441127,6
4142,98,20,54,11,-3.3414082574983,9
4143,33,13,75,8,-3.342736023465549,5
4144,91,15,40,8,-3.345577169162442,7
4145,20,10,83,5,-3.347889825164404,5
4146,107,15,14,9,-3.3479962116917545,6
4147,70,30,88,17,-3.3524090493184286,13
4148,3,12,54,6,-3.3552278990212483,6
4149,8,23,14,13,-3.3634201583462153,10
4150,97,25,54,13,-3.364815342765676,12
4151,20,17,40,10,-3.3649339637959637,7
4152,87,14,58,8,-3.3655067135270507,6
4153,19,17,112,10,-3.3665736118676204,7
4154,88,41,11,23,-3.366600706445604,18
4155,44,13,100,7,-3.3720452657314217,6
4156,98,15,73,8,-3.3800553651819163,7
4157,55,28,36,15,-3.383336577257353,13
4158,9,28,60,17,-3.384232112219374,11
4159,88,13,19,7,-3.3883003963549876,6
4160,65,19,62,10,-3.3909839239840913,9
4161,104,10,73,6,-3.391491099464731,4
4162,112,26,13,13,-3.392352489097591,13
4163,28,13,4,7,-3.3940824912486858,6
4164,87,29,76,17,-3.3995265465111264,12
4165,84,29,55,16,-3.4012305577969593,13
4166,65,34,97,19,-3.401757302918018,15
4167,98,26,104,12,-3.4091853213510745,14
4168,36,11,17,5,-3.417273645156755,6
4169,37,12,4,7,-3.4218717037755084,5
4170,25,31,102,17,-3.4382241991917164,14
4171,39,29,114,15,-3.4411172111260955,14
4172,40,58,60,32,-3.4423663485116376,26
4173,55,28,76,17,-3.4438952481653042,11
4174,46,25,68,14,-3.4494659871080535,11
4175,23,21,37,11,-3.4530437057487418,10
4176,29,11,76,5,-3.4541992980273313,6
4177,5,23,33,12,-3.454327509177194,11
4178,20,27,11,16,-3.455641949633459,11
4179,51,49,106,27,-3.457607975311812,22
4180,5,60,74,32,-3.4699961467083447,28
4181,16,14,73,7,-3.4738693799097957,7
4182,54,57,96,29,-3.47661338595835,28
4183,18,16,55,8,-3.481046717374471,8
4184,70,20,25,11,-3.484518115943737,9
4185,71,18,12,10,-3.4874429459484335,8
4186,51,30,36,16,-3.4874600225025065,14
4187,103,11,54,7,-3.4875703394156505,4
4188,36,13,62,7,-3.489528327052378,6
4189,114,36,97,20,-3.494809729950691,16
4190,9,26,50,15,-3.4989626487903873,11
4191,63,18,49,10,-3.500149915800845,8
4192,108,13,37,7,-3.5019197237718496,6
4193,39,12,1,5,-3.502316135418237,7
4194,23,16,74,9,-3.5053157619270587,7
4195,33,10,49,6,-3.5057518320537775,4
4196,104,38,8,21,-3.5073414065674897,17
4197,69,10,84,6,-3.5117655158326757,4
4198,106,50,107,27,-3.5165007722129795,23
4199,17,39,16,24,-3.519303718783672,15
4200,76,17,20,8,-3.5278207011714757,9
4201,25,17,93,9,-3.530039788975629,8
4202,7,15,44,8,-3.535266020755452,7
4203,36,65,40,37,-3.5400829247343655,28
4204,71,26,62,14,-3.552725756878075,12
4205,4,13,30,7,-3.554167963462701,6
4206,57,13,23,7,-3.554408044637194,6
4207,36,19,28,10,-3.554999615354126,9
4208,86,90,7,52,-3.5577462755235434,38
4209,33,11,64,7,-3.558110801858625,4
4210,29,13,30,6,-3.5600174038214702,7
4211,108,13,79,8,-3.562523700236057,5
4212,3,15,81,9,-3.5653849933326986,6
4213,38,22,16,14,-3.5724883088865464,8
4214,57,18,3,10,-3.5742432115563805,8
4215,28,50,20,28,-3.5784154895374147,22
4216,60,16,61,8,-3.58082656290379,8
4217,95,10,97,6,-3.58943247133478,4
4218,71,13,58,7,-3.5901555481142533,6
4219,91,13,102,7,-3.5942640564526322,6
4220,94,13,55,7,-3.6120696685756326,6
4221,51,88,13,47,-3.623059245069922,41
4222,28,26,80,14,-3.6230809501897747,12
4223,18,19,43,9,-3.6267699505365183,10
4224,87,107,86,55,-3.6292274243498333,52
4225,108,14,75,8,-3.634090811617301,6
4226,86,16,19,9,-3.637491230438091,7
4227,107,72,88,41,-3.6375933381747343,31
4228,69,13,112,7,-3.640201196896185,6
4229,70,10,14,5,-3.6470421341148493,5
4230,50,13,27,8,-3.6503401008022798,5
4231,65,47,23,25,-3.650632324208862,22
4232,18,11,17,5,-3.6519056838531805,6
4233,112,35,86,20,-3.651933901410972,15
4234,9,15,109,7,-3.6538651478462696,8
4235,32,21,107,11,-3.6546977761524695,10
4236,71,10,90,5,-3.656103603020123,5
4237,96,33,97,17,-3.6574389351582637,16
4238,86,33,49,17,-3.6580175694241315,16
4239,84,33,16,18,-3.6585385648963014,15
4240,31,24,39,14,-3.6610558433956144,10
4241,51,26,108,14,-3.669690549423146,12
4242,87,25,80,14,-3.671802865102298,11
4243,27,12,71,7,-3.672482180614423,5
4244,68,14,101,9,-3.6742625668258904,5
4245,55,19,34,10,-3.680955248563573,9
4246,51,37,114,19,-3.6824882422691596,18
4247,53,48,39,27,-3.685116242956752,21
4248,28,19,23,10,-3.6970356039584393,9
4249,65,94,16,53,-3.699236008498941,41
4250,40,14,57,8,-3.703028159726476,6
4251,43,17,106,9,-3.706853967971227,8
4252,5,21,15,13,-3.7147342263498238,8
4253,60,14,89,7,-3.723763452657912,7
4254,81,17,39,10,-3.728914203220536,7
4255,25,65,86,35,-3.735239092039536,30
4256,4,13,1,8,-3.7360390878519714,5
4257,40,42,53,23,-3.7429391558119995,19
4258,3,21,65,12,-3.7487584802431093,9
4259,23,14,27,7,-3.7503767523095015,7
4260,109,33,51,21,-3.752003613096799,12
4261,15,13,47,7,-3.7602698343279473,6
4262,54,22,15,11,-3.7704013204125912,11
4263,4,19,63,11,-3.7758336578086884,8
4264,86,114,16,65,-3.775860825631725,49
4265,92,13,104,6,-3.7768187223532292,7
4266,23,48,107,26,-3.7778307981128196,22
4267,93,10,7,5,-3.7802315490169662,5
4268,19,22,15,12,-3.7866571305513474,10
4269,37,12,94,7,-3.788108137633397,5
4270,60,13,80,7,-3.788360223509818,6
4271,104,13,20,8,-3.7974160411444697,5
4272,3,17,64,10,-3.801459101897863,7
4273,55,57,107,31,-3.8017599811485696,26
4274,5,16,110,9,-3.8138584796050923,7
4275,91,28,5,17,-3.814625093066516,11
4276,4,21,55,11,-3.821660634263143,10
4277,64,14,44,8,-3.824222642884567,6
4278,11,19,7,11,-3.8244118156669136,8
4279,3,11,4,6,-3.825046392091852,5
4280,87,16,44,9,-3.826754946057649,7
4281,51,30,70,16,-3.8297117807076546,14
4282,13,26,91,14,-3.8317482607331113,12
4283,38,22,68,13,-3.833165501516728,9
4284,46,13,38,8,-3.8338597693432233,5
4285,7,26,20,14,-3.839940256500115,12
4286,31,23,18,12,-3.8430258307678655,11
4287,54,50,46,28,-3.846547643547206,22
4288,111,34,65,20,-3.8475275648066676,14
4289,114,25,41,13,-3.8544949021986654,12
4290,3,12,62,7,-3.858532230856977,5
4291,114,14,33,7,-3.864962609527617,7
4292,109,17,68,11,-3.8661451047117255,6
4293,68,11,108,6,-3.86884903956731,5
4294,87,36,95,20,-3.8694007735692093,16
4295,17,27,28,15,-3.885054779321748,12
4296,81,19,15,10,-3.8877827130728115,9
4297,62,13,76,7,-3.8913968956310074,6
4298,57,23,28,13,-3.8971175709019774,10
4299,88,26,43,15,-3.9015621477141424,11
4300,37,26,102,15,-3.901578428361024,11
4301,55,49,39,28,-3.9021775272744925,21
4302,54,13,79,8,-3.90846253808764,5
4303,86,13,89,6,-3.9174928376954097,7
4304,70,38,37,22,-3.9227382855891673,16
4305,2,28,5,16,-3.923277825320168,12
4306,50,11,57,7,-3.929027822248146,4
4307,16,35,97,19,-3.9340820840887147,16
4308,86,37,27,22,-3.9349829768523854,15
4309,97,10,80,6,-3.9365866928471034,4
4310,93,11,3,5,-3.9394735942906975,6
4311,40,11,6,6,-3.9442678680230827,5
4312,86,45,9,26,-3.945093339569097,19
4313,39,27,27,13,-3.949968449730081,14
4314,104,50,88,29,-3.9536343834384904,21
4315,17,34,65,21,-3.9540701507148897,13
4316,93,24,74,13,-3.960101768879081,11
4317,14,12,96,7,-3.975747798085754,5
4318,19,16,84,9,-3.977223734834221,7
4319,58,17,16,10,-3.986876789950901,7
4320,94,19,86,11,-3.9969167694714915,8
4321,77,16,49,10,-4.000706520524254,6
4322,112,16,31,10,-4.001730552260451,6
4323,71,33,30,18,-4.006253796204616,15
4324,7,26,100,15,-4.007756687202794,11
4325,31,12,66,7,-4.0087548725586535,5
4326,54,36,55,19,-4.011039158800405,17
4327,110,20,8,12,-4.013172679497405,8
4328,51,44,104,27,-4.015424408222765,17
4329,47,13,71,7,-4.030916530509354,6
4330,64,13,77,6,-4.0310378413129495,7
4331,38,18,9,10,-4.035727579019443,8
4332,43,10,1,5,-4.03897671575872,5
4333,50,21,7,11,-4.045740478776831,10
4334,88,43,23,26,-4.047882049914368,17
4335,40,10,32,5,-4.050021677419869,5
4336,69,27,51,16,-4.050423840769318,11
4337,95,10,43,6,-4.0633983206079485,4
4338,19,12,64,8,-4.068998906277915,4
4339,60,23,78,12,-4.069395794229511,11
4340,60,38,87,20,-4.070682609249087,18
4341,12,10,16,6,-4.074172433894507,4
4342,5,117,86,66,-4.074944655375777,51
4343,3,12,19,7,-4.082378006289561,5
4344,50,22,74,12,-4.086243740312161,10
4345,19,11,36,6,-4.0885902184216905,5
4346,107,25,15,16,-4.092385856197936,9
4347,35,24,20,14,-4.098728722002913,10
4348,93,20,83,11,-4.100880722204593,9
4349,46,62,13,36,-4.124756823653081,26
4350,102,31,28,17,-4.12543311995288,14
4351,65,22,45,11,-4.125923170388699,11
4352,9,19,49,10,-4.134273187385771,9
4353,104,32,76,19,-4.135711821894891,13
4354,20,11,71,7,-4.136430557393971,4
4355,69,11,11,7,-4.1379214913131195,4
4356,62,15,100,8,-4.138737945522875,7
4357,39,26,100,14,-4.139510286166156,12
4358,71,47,53,27,-4.141303557057988,20
4359,77,28,13,16,-4.142553833006349,12
4360,73,13,20,8,-4.146065391689571,5
4361,65,58,55,32,-4.14777837496959,26
4362,17,12,99,7,-4.14837583337694,5
4363,84,60,28,34,-4.150279635735799,26
4364,7,18,80,11,-4.182061930373812,7
4365,25,27,23,15,-4.182190113226027,12
4366,29,17,3,10,-4.18892124946367,7
4367,40,70,13,39,-4.189895916000412,31
4368,100,18,23,11,-4.197161790157007,7
4369,12,10,85,6,-4.198135644237859,4
4370,40,11,15,6,-4.201647176656486,5
4371,36,56,65,32,-4.205692860728475,24
4372,46,59,86,36,-4.218640718519182,23
4373,31,21,87,11,-4.220659397575877,10
4374,18,19,4,11,-4.220670692754493,8
4375,44,11,71,6,-4.223524348839462,5
4376,47,10,109,6,-4.236742850593237,4
4377,74,12,31,7,-4.240578281890586,5
4378,34,14,106,7,-4.243674039664674,7
4379,29,12,9,7,-4.247154248113976,5
4380,27,19,15,11,-4.2512679666547895,8
4381,80,17,104,9,-4.256665633473226,8
4382,87,33,23,20,-4.2566804889481435,13
4383,94,16,27,9,-4.262088776142535,7
4384,107,30,91,18,-4.264126621091654,12
4385,96,12,33,5,-4.271042933020871,7
4386,12,18,88,10,-4.271852106961349,8
4387,54,27,9,15,-4.272544772651764,12
4388,107,93,87,52,-4.278100617790107,41
4389,65,75,104,41,-4.279029082347129,34
4390,54,63,20,33,-4.290782184792433,30
4391,54,30,30,17,-4.295304900191639,13
4392,44,21,20,12,-4.299103845073811,9
4393,54,28,25,16,-4.300413553073274,12
4394,53,27,106,14,-4.302319600135899,13
4395,109,22,20,14,-4.302333411252665,8
4396,107,80,13,44,-4.302477990099943,36
4397,71,42,16,25,-4.3051763919274695,17
4398,52,10,50,5,-4.308197298973348,5
4399,20,19,17,11,-4.3112321942034,8
4400,17,23,97,13,-4.313428551304956,10
4401,71,14,70,7,-4.315612188206777,7
4402,40,22,4,12,-4.316643149060896,10
4403,37,23,98,13,-4.327931130640238,10
4404,87,64,8,36,-4.329007020305176,28
4405,41,19,95,11,-4.332143979792176,8
4406,22,12,60,7,-4.334241842742782,5
4407,65,29,70,18,-4.3439841796636145,11
4408,6,16,65,9,-4.346168811124812,7
4409,88,24,47,13,-4.347102674354305,11
4410,100,16,64,10,-4.355062992024107,6
4411,71,31,64,19,-4.35947313780117,12
4412,11,13,33,6,-4.365968233102095,7
4413,23,23,40,13,-4.36842332680331,10
4414,58,13,55,7,-4.369004483506263,6
4415,9,24,55,14,-4.371040618945101,10
4416,98,13,60,7,-4.372454949323837,6
4417,47,25,16,14,-4.378651929248729,11
4418,39,59,86,31,-4.378688420157519,28
4419,25,33,87,18,-4.379098196808543,15
4420,76,23,65,14,-4.385586505985179,9
4421,43,26,51,14,-4.390788502279346,12
4422,86,20,111,12,-4.3910837466552355,8
4423,38,32,107,19,-4.39393220007557,13
4424,63,29,64,16,-4.39496095596168,13
4425,64,20,114,12,-4.407773657880816,8
4426,57,12,64,7,-4.4096800085415095,5
4427,51,109,16,60,-4.412519515032201,49
4428,53,64,7,36,-4.416213736910661,28
4429,13,30,99,17,-4.420966828834257,13
4430,62,39,16,24,-4.4214535469720015,15
4431,87,20,102,12,-4.423994697827658,8
4432,20,14,23,8,-4.42777867543601,6
4433,112,13,3,7,-4.431324508959898,6
4434,88,11,45,7,-4.4416566980945715,4
4435,51,24,1,13,-4.443642769643949,11
4436,109,15,95,9,-4.444131433700797,6
4437,37,33,13,19,-4.448467961015428,14
4438,50,42,2,24,-4.448957186147167,18
4439,12,12,6,6,-4.448996636056325,6
4440,31,67,7,38,-4.453212370234459,29
4441,16,44,95,24,-4.453378575583385,20
4442,73,12,50,8,-4.454782630059153,4
4443,97,11,77,7,-4.454901155383999,4
4444,47,23,107,13,-4.459572238589973,10
4445,50,15,3,8,-4.464463620895281,7
4446,32,18,37,10,-4.466542082918519,8
4447,57,10,91,5,-4.468260927215542,5
4448,25,31,96,17,-4.472832877552798,14
4449,7,102,16,57,-4.473957168273419,45
4450,11,45,55,27,-4.474786147328665,18
4451,107,33,95,18,-4.475609109265347,15
4452,27,15,34,8,-4.4853072344681015,7
4453,37,15,93,9,-4.4934456656390305,6
4454,112,20,75,12,-4.4989690721071325,8
4455,110,13,87,8,-4.501644038521952,5
4456,69,10,80,5,-4.508733977407145,5
4457,29,16,28,9,-4.513248021932703,7
4458,29,12,11,6,-4.514283319415918,6
4459,55,43,37,23,-4.516821858156877,20
4460,28,71,50,41,-4.530365152854882,30
4461,75,23,106,12,-4.532198108241345,11
4462,68,28,71,17,-4.532265816801446,11
4463,102,24,8,13,-4.537070383836358,11
4464,76,24,23,13,-4.537606040144393,11
4465,3,19,12,12,-4.543846245794998,7
4466,85,16,28,9,-4.545964613502572,7
4467,15,18,99,11,-4.551461310618722,7
4468,46,15,83,8,-4.551826612706302,7
4469,23,15,70,8,-4.554568026577778,7
4470,104,16,99,8,-4.562749239239297,8
4471,95,14,99,8,-4.572737764013027,6
4472,58,23,7,12,-4.575034525669345,11
4473,49,52,39,31,-4.579554913754907,21
4474,65,16,99,9,-4.579704538683142,7
4475,71,25,28,15,-4.584215619303487,10
4476,8,30,60,16,-4.584471076654315,14
4477,68,25,15,15,-4.592268557082748,10
4478,96,32,50,18,-4.592653394244437,14
4479,30,16,100,10,-4.593688251732179,6
4480,95,13,77,7,-4.601493224452909,6
4481,30,11,23,6,-4.601908928188203,5
4482,68,62,88,36,-4.601971796539838,26
4483,3,35,7,21,-4.603775118928218,14
4484,66,10,88,6,-4.60434245546846,4
4485,86,72,37,40,-4.607837359690986,32
4486,9,46,107,25,-4.60932354627833,21
4487,96,22,60,15,-4.611190930914723,7
4488,63,13,58,6,-4.62886931152221,7
4489,110,15,106,8,-4.633960085739299,7
4490,25,22,60,12,-4.636282806493915,10
4491,109,19,73,11,-4.637139105733963,8
4492,13,14,73,8,-4.6427133386229835,6
4493,16,21,6,11,-4.642825718029856,10
4494,96,39,63,24,-4.649023449526139,15
4495,25,15,27,8,-4.649655011418167,7
4496,112,16,51,9,-4.651691136811714,7
4497,47,15,25,8,-4.655390231832644,7
4498,107,47,100,24,-4.6623179877545535,23
4499,98,14,55,9,-4.662824671110213,5
4500,64,13,80,7,-4.665596394208,6
4501,8,12,52,7,-4.669562642233976,5
4502,64,48,13,25,-4.670216629866639,23
4503,49,20,98,11,-4.675267204581687,9
4504,5,16,71,9,-4.686451238703376,7
4505,62,10,97,6,-4.689387738532959,4
4506,68,60,16,37,-4.69433729993708,23
4507,58,13,51,7,-4.6987757235739265,6
4508,60,45,55,25,-4.699539635247212,20
4509,18,31,88,17,-4.699584875943505,14
4510,1,34,13,21,-4.702199298952773,13
4511,80,14,11,8,-4.704407754517106,6
4512,46,23,20,15,-4.708713070266484,8
4513,71,16,43,8,-4.709770232299069,8
4514,18,37,28,20,-4.710953949587104,17
4515,72,10,15,6,-4.7131251167737505,4
4516,12,14,74,8,-4.7158981291394015,6
4517,86,17,47,10,-4.720142586161406,7
4518,107,22,78,13,-4.725104601546661,9
4519,87,39,30,22,-4.7275591516898485,17
4520,75,14,15,9,-4.7291616067808215,5
4521,46,11,6,6,-4.730994669309113,5
4522,84,48,51,28,-4.731865068752452,20
4523,46,41,8,22,-4.737192297274267,19
4524,3,11,97,7,-4.7402730889790226,4
4525,77,16,25,9,-4.745845616411638,7
4526,69,26,41,17,-4.748815562050703,9
4527,65,67,87,39,-4.751181720183052,28
4528,5,30,90,18,-4.752640516818982,12
4529,107,100,16,62,-4.753277896664062,38
4530,50,16,93,10,-4.755526241513055,6
4531,79,15,63,9,-4.756289291055939,6
4532,41,31,64,19,-4.758473174288668,12
4533,27,16,6,9,-4.762765446713921,7
4534,31,15,12,8,-4.770632464521183,7
4535,70,13,90,7,-4.771084444295363,6
4536,34,13,78,7,-4.775374082125243,6
4537,94,14,114,7,-4.775696268753724,7
4538,29,12,46,5,-4.775703546529658,7
4539,5,12,9,7,-4.777710715122403,5
4540,50,48,87,26,-4.778093921608591,22
4541,9,52,88,30,-4.7788733200067295,22
4542,5,33,76,19,-4.788314400539968,14
4543,1,17,9,8,-4.79405950293998,9
4544,20,13,52,8,-4.795236183864801,5
4545,25,11,111,6,-4.797175922879397,5
4546,6,16,68,10,-4.799676836342989,6
4547,96,22,75,15,-4.80138149231193,7
4548,11,28,76,17,-4.8016293008061295,11
4549,56,11,16,7,-4.802141402722699,4
4550,88,44,75,26,-4.804702938088101,18
4551,108,13,96,7,-4.805162668071275,6
4552,106,25,2,14,-4.808494527305082,11
4553,106,12,6,7,-4.810944704219048,5
4554,8,30,83,16,-4.811627367676455,14
4555,85,11,74,6,-4.812388004493803,5
4556,54,15,14,10,-4.820525855929131,5
4557,25,19,31,10,-4.823839301099763,9
4558,67,15,8,9,-4.8319098461555825,6
4559,52,15,87,8,-4.832747531124254,7
4560,39,39,75,21,-4.835166255544909,18
4561,75,41,18,23,-4.835583954062301,18
4562,54,21,1,12,-4.840521848687889,9
4563,64,20,83,11,-4.840996077098241,9
4564,51,30,5,19,-4.841333405150811,11
4565,107,77,65,44,-4.8485059698872375,33
4566,32,12,97,7,-4.851459349576838,5
4567,104,55,86,31,-4.8600728568891,24
4568,107,12,52,8,-4.8612628499818085,4
4569,89,10,5,7,-4.862465640901751,3
4570,106,54,37,29,-4.865641247327304,25
4571,19,16,43,10,-4.86637499427423,6
4572,88,12,85,7,-4.873754317610231,5
4573,37,49,16,28,-4.875150740770066,21
4574,114,11,30,6,-4.882071098465157,5
4575,95,11,69,7,-4.882909765417962,4
4576,5,39,83,21,-4.890865835189012,18
4577,12,16,27,9,-4.8909807485785795,7
4578,43,34,16,21,-4.892938270825965,13
4579,94,10,41,6,-4.894347528636123,4
4580,88,96,7,54,-4.898871034458087,42
4581,28,12,38,6,-4.907164394244693,6
4582,108,12,54,8,-4.909695920764134,4
4583,106,56,74,32,-4.924754963776778,24
4584,36,40,86,23,-4.927433251240003,17
4585,9,22,114,15,-4.931319071415344,7
4586,28,27,93,17,-4.941127481170006,10
4587,6,15,51,9,-4.945330344973923,6
4588,68,19,56,10,-4.94813216675333,9
4589,8,32,13,19,-4.955794878282507,13
4590,90,23,96,14,-4.963939687748077,9
4591,38,16,109,10,-4.9644619615709695,6
4592,107,49,40,30,-4.964616090179718,19
4593,68,42,41,24,-4.9651675063741685,18
4594,47,30,7,18,-4.980252625346254,12
4595,31,23,50,13,-4.991999785997781,10
4596,71,15,74,8,-4.993812181109021,7
4597,63,30,104,17,-4.993963037729945,13
4598,68,12,32,8,-4.994599728673894,4
4599,87,21,94,12,-5.000044556975337,9
4600,106,41,7,21,-5.003800212982272,20
4601,5,26,93,16,-5.004460526821323,10
4602,63,14,81,8,-5.016441825370757,6
4603,62,30,86,17,-5.0238728291737225,13
4604,13,32,63,18,-5.025476860594202,14
4605,52,12,65,8,-5.036995856643753,4
4606,79,14,11,7,-5.038711911658494,7
4607,27,13,28,9,-5.051194542399679,4
4608,63,29,55,16,-5.056066807562622,13
4609,29,23,84,13,-5.063232995693044,10
4610,65,17,46,11,-5.06610491085495,6
4611,33,13,90,8,-5.072843762888294,5
4612,86,17,10,9,-5.075771557978405,8
4613,20,10,32,7,-5.08216341529211,3
4614,95,24,60,14,-5.089480392621887,10
4615,104,25,53,14,-5.094260383198605,11
4616,108,13,28,7,-5.102919930198643,6
4617,70,23,55,13,-5.1032220329288345,10
4618,4,18,75,11,-5.1124286444655915,7
4619,98,22,11,12,-5.122669345045473,10
4620,9,45,65,27,-5.129160653393477,18
4621,58,30,40,16,-5.133397385337809,14
4622,3,21,36,13,-5.136055944816986,8
4623,69,12,40,8,-5.137627663794989,4
4624,51,12,35,7,-5.14727626674268,5
4625,88,15,44,8,-5.148664566159752,7
4626,9,24,106,14,-5.150083731218861,10
4627,50,28,76,18,-5.1519660961300575,10
4628,28,16,35,8,-5.1531236605423,8
4629,39,14,111,8,-5.158992286191917,6
4630,5,12,67,7,-5.159840528973067,5
4631,56,11,91,6,-5.160182814393273,5
4632,20,60,107,34,-5.163543558398883,26
4633,55,43,7,26,-5.169021709270008,17
4634,47,26,75,17,-5.17693162231529,9
4635,57,15,19,9,-5.179432440967374,6
4636,97,17,75,10,-5.183439015487436,7
4637,102,15,13,10,-5.18776420910188,5
4638,23,23,63,14,-5.190793013982739,9
4639,71,10,6,6,-5.19369227829273,4
4640,113,13,40,8,-5.193726392686624,5
4641,39,25,46,12,-5.196853389468722,13
4642,53,36,16,22,-5.201094174764714,14
4643,91,12,33,6,-5.213867650447791,6
4644,55,12,49,7,-5.21558348601229,5
4645,37,22,40,12,-5.218981261850287,10
4646,106,54,54,29,-5.222938310920249,25
4647,5,11,35,6,-5.226534281744142,5
4648,96,37,20,22,-5.229501973456112,15
4649,112,17,88,10,-5.231027938888665,7
4650,104,19,15,11,-5.23540400775586,8
4651,25,21,91,12,-5.23677892954369,9
4652,16,14,52,8,-5.238731564661997,6
4653,14,15,65,8,-5.239230657167625,7
4654,40,15,98,8,-5.239271076053038,7
4655,40,26,25,15,-5.242222631716463,11
4656,100,12,53,7,-5.245979720718174,5
4657,100,24,28,15,-5.2470243708497994,9
4658,31,11,35,6,-5.255104723881262,5
4659,28,51,104,29,-5.259412551866783,22
4660,92,11,28,7,-5.266199037582341,4
4661,100,26,8,16,-5.278781496523967,10
4662,88,11,56,6,-5.280224334897691,5
4663,28,19,14,12,-5.2887953454841945,7
4664,86,21,99,13,-5.291638236148403,8
4665,39,49,40,29,-5.294535177326296,20
4666,55,25,111,15,-5.307717141421055,10
4667,66,19,107,11,-5.307859110353936,8
4668,49,13,28,7,-5.31428031912519,6
4669,96,16,85,11,-5.314304637448896,5
4670,102,14,97,9,-5.335160623731844,5
4671,49,29,107,16,-5.34265229983613,13
4672,97,35,7,19,-5.356987360153851,16
4673,63,30,75,17,-5.362343223381898,13
4674,51,31,20,16,-5.3744679490472445,15
4675,17,12,72,7,-5.381050240439904,5
4676,30,18,7,9,-5.390495309133066,9
4677,90,31,54,18,-5.397442007333916,13
4678,23,14,29,8,-5.397923700403427,6
4679,64,10,84,7,-5.40179307430533,3
4680,69,15,19,9,-5.404414913682509,6
4681,66,11,9,6,-5.404825557202403,5
4682,58,11,4,7,-5.405037105567146,4
4683,37,11,49,6,-5.405793666619149,5
4684,86,72,11,41,-5.406218799000065,31
4685,17,16,11,9,-5.408663927414461,7
4686,18,18,91,11,-5.437015235679075,7
4687,51,11,93,6,-5.442643801494352,5
4688,19,19,87,11,-5.451320546978479,8
4689,57,18,97,10,-5.45235309786646,8
4690,71,43,75,27,-5.454468163058883,16
4691,51,17,62,10,-5.468238395489335,7
4692,75,10,14,6,-5.479308338136782,4
4693,70,23,114,14,-5.484820175107314,9
4694,39,13,34,7,-5.4864218945223335,6
4695,40,49,65,28,-5.488110460552834,21
4696,62,10,18,6,-5.493140482819633,4
4697,102,10,67,6,-5.497246561771841,4
4698,60,16,76,11,-5.507711057627661,5
4699,109,13,32,7,-5.508051897308618,6
4700,83,19,95,12,-5.510188596504647,7
4701,9,35,28,19,-5.51465148212954,16
4702,37,59,87,35,-5.516733087496061,24
4703,20,10,62,6,-5.517288163699186,4
4704,13,20,26,13,-5.520285333416164,7
4705,7,33,28,20,-5.522079859732704,13
4706,102,14,33,8,-5.525239013163607,6
4707,68,45,114,26,-5.528966703625285,19
4708,62,11,60,7,-5.531153387901844,4
4709,23,31,106,16,-5.535479536227777,15
4710,87,59,13,36,-5.536518377079212,23
4711,30,12,15,7,-5.538463534767753,5
4712,19,13,41,8,-5.538621729382164,5
4713,69,26,65,15,-5.540534749641235,11
4714,75,51,86,28,-5.544222274149607,23
4715,2,22,20,13,-5.544865436021075,9
4716,84,18,25,11,-5.5466876181289715,7
4717,41,29,87,17,-5.547736509402294,12
4718,31,53,36,30,-5.548564460468652,23
4719,25,41,8,25,-5.550067480025435,16
4720,4,11,46,6,-5.55622187464566,5
4721,95,10,31,6,-5.5581891593402775,4
4722,104,60,37,36,-5.5634752610620195,24
4723,69,11,42,6,-5.570250078296482,5
4724,98,10,3,5,-5.570597398737187,5
4725,38,23,7,13,-5.575438881033769,10
4726,51,18,11,9,-5.579718415865981,9
4727,94,13,39,8,-5.582337685105467,5
4728,112,16,27,9,-5.594823713571335,7
4729,98,17,70,11,-5.604121247592223,6
4730,18,13,38,7,-5.6081144260834686,6
4731,50,15,100,9,-5.612526049660052,6
4732,90,14,30,8,-5.614315415339312,6
4733,76,29,28,16,-5.615688910158877,13
4734,50,48,16,28,-5.617696720442926,20
4735,50,26,95,15,-5.619957219349124,11
4736,13,37,47,22,-5.62062831887508,15
4737,5,10,19,6,-5.6233787755961275,4
4738,17,21,5,14,-5.625033929201381,7
4739,73,28,86,15,-5.62531345595925,13
4740,79,12,103,7,-5.630756199695948,5
4741,9,43,75,26,-5.632694127818325,17
4742,51,46,75,26,-5.632745764536369,20
4743,11,10,85,6,-5.636472097896451,4
4744,98,14,108,8,-5.640790264148575,6
4745,3,22,28,13,-5.641703705085423,9
4746,76,17,84,10,-5.642369532504397,7
4747,74,23,73,14,-5.649045009007229,9
4748,97,13,39,8,-5.649731064357227,5
4749,97,10,4,6,-5.649870700339136,4
4750,88,87,86,51,-5.651261944060885,36
4751,61,13,9,8,-5.652969843590385,5
4752,51,36,27,22,-5.653029783886188,14
4753,68,12,43,7,-5.661402151081362,5
4754,82,11,54,7,-5.66427830231393,4
4755,99,31,16,18,-5.66581833704302,13
4756,37,39,75,25,-5.670197882049106,14
4757,25,10,94,5,-5.671887186214519,5
4758,12,11,54,6,-5.67450373056912,5
4759,95,10,102,6,-5.68531996234082,4
4760,38,23,63,15,-5.685369937239837,8
4761,55,25,30,15,-5.686463879094617,10
4762,5,46,106,28,-5.689619439430468,18
4763,32,10,70,5,-5.692479372096212,5
4764,62,17,53,10,-5.701449545318568,7
4765,69,13,62,7,-5.706165822809073,6
4766,102,11,23,6,-5.716053822653882,5
4767,37,18,41,11,-5.716493275276267,7
4768,17,13,98,7,-5.72342530511381,6
4769,57,28,87,17,-5.725577888454403,11
4770,51,26,25,15,-5.726135112848949,11
4771,9,14,45,9,-5.727853500458989,5
4772,25,48,13,26,-5.729332953997916,22
4773,38,11,34,7,-5.733514369563806,4
4774,104,64,107,38,-5.737421230069913,26
4775,106,42,25,26,-5.737688222420908,16
4776,81,10,78,5,-5.742474614478735,5
4777,80,11,19,7,-5.749943576584892,4
4778,77,12,36,7,-5.751140829309579,5
4779,47,13,23,8,-5.7551420632928085,5
4780,53,13,58,6,-5.756559382638664,7
4781,35,19,11,11,-5.768399159544,8
4782,104,19,9,11,-5.769857547388704,8
4783,28,20,69,11,-5.7720642888399025,9
4784,93,19,16,10,-5.776545074834796,9
4785,63,55,8,31,-5.779733568295219,24
4786,63,26,98,15,-5.795644107915215,11
4787,55,28,74,16,-5.797157459674131,12
4788,64,45,7,25,-5.8010614589687695,20
4789,31,19,91,12,-5.801858258461768,7
4790,20,13,79,8,-5.810117746469,5
4791,106,28,80,17,-5.812470547213422,11
4792,49,37,16,22,-5.820068621351903,15
4793,5,16,40,9,-5.82052725169565,7
4794,94,17,28,11,-5.821481138029024,6
4795,65,10,108,5,-5.847992745343311,5
4796,46,37,74,23,-5.850135921281392,14
4797,68,13,80,8,-5.856063242362021,5
4798,55,37,104,22,-5.856904127783748,15
4799,114,10,72,5,-5.8600009411243095,5
4800,112,20,7,12,-5.863389950487481,8
4801,7,17,34,10,-5.863504951401834,7
4802,95,36,54,20,-5.865979569344108,16
4803,9,17,62,10,-5.866001447424248,7
4804,31,12,28,7,-5.87633787823225,5
4805,68,27,97,16,-5.880460614845397,11
4806,36,12,46,7,-5.88209418081934,5
4807,74,22,102,13,-5.882481039476403,9
4808,51,34,64,20,-5.888421423830697,14
4809,34,19,109,11,-5.8910600256239505,8
4810,84,34,74,18,-5.89139952158172,16
4811,1,12,46,6,-5.891865749051654,6
4812,48,16,34,9,-5.896732963209988,7
4813,25,10,69,6,-5.903986394303471,4
4814,66,13,60,9,-5.904108466927801,4
4815,57,27,84,14,-5.910397185802948,13
4816,45,15,41,10,-5.914462706154762,5
4817,68,23,47,14,-5.9151284755247255,9
4818,63,10,93,6,-5.917563250275586,4
4819,62,29,107,15,-5.9215464382254215,14
4820,16,17,103,10,-5.922732187979218,7
4821,29,16,112,9,-5.922867160258867,7
4822,55,27,109,14,-5.923431655873009,13
4823,114,20,73,12,-5.924435121305104,8
4824,9,30,8,15,-5.931176874194082,15
4825,63,45,37,27,-5.933785173114153,18
4826,30,11,74,6,-5.9350135220415146,5
4827,10,13,63,8,-5.94033318775015,5
4828,76,25,98,15,-5.94433744621166,10
4829,53,15,28,9,-5.945744364633271,6
4830,7,15,33,8,-5.9471342175078945,7
4831,14,12,39,7,-5.9475481477923315,5
4832,10,12,97,6,-5.950831581917707,6
4833,68,21,12,13,-5.954750290252029,8
4834,8,13,62,9,-5.96110102258686,4
4835,53,52,68,31,-5.964244334939566,21
4836,17,19,104,11,-5.965485227876697,8
4837,40,18,97,11,-5.966918416140385,7
4838,54,12,69,7,-5.973066602774381,5
4839,18,20,64,12,-5.974775055211904,8
4840,31,25,114,14,-5.9918765203954925,11
4841,3,32,107,17,-5.999011076330671,15
4842,100,19,37,12,-6.000890669706825,7
4843,88,61,65,38,-6.004362907857696,23
4844,55,33,80,18,-6.02495090174393,15
4845,46,20,95,12,-6.027785407812037,8
4846,50,17,91,11,-6.027790824025908,6
4847,86,38,64,22,-6.0307653391474,16
4848,31,31,75,17,-6.03348213428737,14
4849,98,24,7,15,-6.033686003781978,9
4850,114,14,27,8,-6.034743873961818,6
4851,68,28,23,15,-6.03648651366211,13
4852,32,16,8,9,-6.041444852098721,7
4853,88,11,94,7,-6.041461864182689,4
4854,93,15,70,9,-6.04469500542117,6
4855,18,24,63,15,-6.046455003215171,9
4856,41,27,23,16,-6.068042449918635,11
4857,48,14,74,7,-6.068043245358376,7
4858,68,29,30,16,-6.07123002880006,13
4859,86,34,69,20,-6.074936673132558,14
4860,69,10,55,6,-6.075582313218194,4
4861,20,29,70,18,-6.0805113791791925,11
4862,107,23,111,12,-6.08814286411973,11
4863,84,17,75,10,-6.100134417881319,7
4864,69,25,107,15,-6.106259728171239,10
4865,7,12,90,7,-6.108519045195329,5
4866,29,19,39,11,-6.11667916860653,8
4867,31,13,81,9,-6.1171597913254026,4
4868,38,14,51,9,-6.122424191882747,5
4869,88,35,25,23,-6.12387967695023,12
4870,79,22,16,13,-6.124885739395438,9
4871,68,31,54,19,-6.129451922490283,12
4872,13,34,81,21,-6.133078295186986,13
4873,33,13,68,8,-6.145832331304968,5
4874,108,24,16,15,-6.14858261244862,9
4875,38,11,20,8,-6.161885029448885,3
4876,36,47,13,29,-6.167141158071527,18
4877,3,20,15,11,-6.168197310846256,9
4878,112,28,53,15,-6.168529945700411,13
4879,102,21,57,12,-6.169321397774082,9
4880,76,23,97,13,-6.171425808149793,10
4881,100,40,16,24,-6.172987207548898,16
4882,35,14,55,8,-6.18171019735336,6
4883,71,12,91,7,-6.18747414228945,5
4884,107,39,76,26,-6.198627172224357,13
4885,2,28,63,16,-6.200018491851487,12
4886,70,28,74,15,-6.203999405338755,13
4887,84,15,35,9,-6.209299301194262,6
4888,28,14,47,8,-6.211297191624256,6
4889,54,34,11,20,-6.217306832795512,14
4890,86,39,100,21,-6.218498707894956,18
4891,62,10,109,7,-6.224068902567426,3
4892,91,42,16,27,-6.227187272730331,15
4893,50,41,104,25,-6.230364171354916,16
4894,65,33,64,19,-6.233889248800647,14
4895,68,49,27,29,-6.248553845854359,20
4896,5,17,43,10,-6.250727481432203,7
4897,39,22,92,12,-6.263991845659126,10
4898,88,17,77,10,-6.264530601131226,7
4899,95,12,15,7,-6.265255655621161,5
4900,100,24,104,15,-6.26669912958639,9
4901,96,11,69,7,-6.268969865653717,4
4902,5,45,20,28,-6.270373633442783,17
4903,30,19,20,11,-6.270512840524559,8
4904,4,21,86,13,-6.2794844995496994,8
4905,102,11,41,7,-6.282861273718874,4
4906,92,12,16,9,-6.284475222709882,3
4907,64,16,70,11,-6.2860092045587415,5
4908,87,15,77,9,-6.290331402214442,6
4909,114,17,23,11,-6.291790840234865,6
4910,83,16,39,10,-6.297771796270442,6
4911,13,49,71,28,-6.30586153119403,21
4912,46,11,3,6,-6.306283901123601,5
4913,57,25,88,14,-6.308509689840414,11
4914,8,22,64,14,-6.316286000866925,8
4915,112,14,54,9,-6.326711825622494,5
4916,23,13,33,8,-6.330114552953446,5
4917,111,10,81,7,-6.333917467029675,3
4918,40,22,62,11,-6.340588914856938,11
4919,27,13,92,7,-6.356396578041118,6
4920,28,15,41,9,-6.359689551305938,6
4921,56,21,7,12,-6.361794853449643,9
4922,109,45,54,28,-6.380200377092305,17
4923,37,20,80,12,-6.401050818487372,8
4924,108,12,30,7,-6.4030541605956115,5
4925,112,21,100,12,-6.40592363571762,9
4926,77,13,106,7,-6.407119934187455,6
4927,54,18,91,10,-6.414686940093467,8
4928,33,16,40,11,-6.427211772717695,5
4929,109,20,41,13,-6.432688342356182,7
4930,89,16,41,10,-6.437733391093904,6
4931,87,20,4,13,-6.445923142452617,7
4932,28,10,6,6,-6.452419128804086,4
4933,98,14,78,8,-6.457784687804564,6
4934,29,13,70,7,-6.465173609286503,6
4935,55,17,100,9,-6.46556303644313,8
4936,88,21,108,13,-6.468102581842658,8
4937,43,35,107,22,-6.4686100966239675,13
4938,84,18,98,12,-6.475666713551258,6
4939,9,20,70,13,-6.477071321597405,7
4940,43,14,17,8,-6.491023498873945,6
4941,53,46,107,28,-6.492903474758716,18
4942,104,10,48,6,-6.493358473776669,4
4943,114,18,100,11,-6.509461416428781,7
4944,80,13,91,8,-6.531108694088673,5
4945,81,29,86,20,-6.532482502137965,9
4946,70,58,54,35,-6.543056803225656,23
4947,39,31,15,20,-6.543157596952832,11
4948,18,21,77,14,-6.545250800191178,7
4949,91,25,68,14,-6.550419627313763,11
4950,25,37,104,21,-6.567754121461538,16
4951,114,26,53,15,-6.571088082289226,11
4952,88,24,30,13,-6.5825749381818826,11
4953,20,46,65,29,-6.5828514961702975,17
4954,1,27,86,16,-6.584989828827027,11
4955,96,28,65,16,-6.593487230396348,12
4956,18,16,81,10,-6.594478406051089,6
4957,94,25,43,14,-6.598064135862289,11
4958,30,16,34,10,-6.601140375094156,6
4959,60,27,49,16,-6.602569368943512,11
4960,81,18,71,11,-6.61709770119633,7
4961,75,10,85,7,-6.619293441212882,3
4962,9,14,74,9,-6.620459467868888,5
4963,5,48,25,29,-6.626414170343123,19
4964,37,22,39,13,-6.632156694863052,9
4965,65,30,4,18,-6.635600395573753,12
4966,5,26,32,16,-6.6474470604519045,10
4967,114,15,76,10,-6.653911993113485,5
4968,37,19,71,11,-6.65399605348867,8
4969,87,13,12,8,-6.654704325795005,5
4970,71,11,83,6,-6.6562053803338666,5
4971,57,12,10,8,-6.658857003244836,4
4972,54,20,85,13,-6.664179187550933,7
4973,65,59,51,37,-6.666482427201216,22
4974,55,68,16,43,-6.67390774153019,25
4975,87,50,7,31,-6.67758618697433,19
4976,88,75,54,45,-6.687420775605005,30
4977,62,18,7,11,-6.690218008322474,7
4978,106,11,111,8,-6.697425895741327,3
4979,74,15,83,8,-6.703298030488857,7
4980,97,35,28,22,-6.716635909782018,13
4981,32,10,65,6,-6.718474357729474,4
4982,95,11,100,6,-6.722166987268522,5
4983,54,19,19,10,-6.723440349334495,9
4984,3,13,8,6,-6.725771044964114,7
4985,95,13,14,8,-6.731405281187272,5
4986,96,38,74,24,-6.731828732252354,14
4987,78,14,40,10,-6.732885786530082,4
4988,48,26,84,16,-6.740791105108492,10
4989,7,32,45,19,-6.743551275422485,13
4990,68,13,45,8,-6.747691137383073,5
4991,71,10,94,6,-6.748460655059317,4
4992,18,19,30,11,-6.749976540021853,8
4993,90,13,53,8,-6.752088210585149,5
4994,109,12,57,7,-6.758716421545093,5
4995,23,43,13,24,-6.759962036733637,19
4996,107,23,33,13,-6.763493299081546,10
4997,108,10,81,6,-6.778588424753946,4
4998,31,10,55,6,-6.798197972656263,4
4999,71,10,49,6,-6.8003776926672845,4
5000,109,12,3,7,-6.800442852243994,5
5001,45,18,60,10,-6.802248227913869,8
5002,96,20,51,12,-6.8091583197949745,8
5003,4,13,56,7,-6.816273515879698,6
5004,86,40,98,23,-6.818936598158919,17
5005,58,17,60,10,-6.820272973850588,7
5006,104,22,30,12,-6.820606807560422,10
5007,66,14,65,9,-6.821265394674894,5
5008,31,69,68,41,-6.8216343585610195,28
5009,87,20,78,11,-6.825153558401155,9
5010,106,25,95,16,-6.830338155584793,9
5011,96,14,78,9,-6.830515928543477,5
5012,39,79,16,47,-6.835092207069261,32
5013,96,80,86,49,-6.839782165020976,31
5014,54,18,78,11,-6.844050551797868,7
5015,51,99,7,62,-6.849475435937795,37
5016,95,29,13,17,-6.852052215706936,12
5017,96,19,114,12,-6.857320738328298,7
5018,57,13,9,8,-6.861208808927348,5
5019,4,43,60,24,-6.864343045215706,19
5020,99,15,106,10,-6.882359612487446,5
5021,5,47,114,28,-6.885144276646174,19
5022,65,22,90,12,-6.887045978873849,10
5023,88,16,76,9,-6.891817282335724,7
5024,51,43,100,23,-6.893843340495811,20
5025,3,23,114,15,-6.912850093555391,8
5026,30,19,75,11,-6.923427737676235,8
5027,51,82,39,49,-6.933482130181712,33
5028,46,21,7,14,-6.93576909674712,7
5029,88,12,99,7,-6.939131232028662,5
5030,93,15,20,8,-6.949708974023015,7
5031,51,25,4,16,-6.952578906103856,9
5032,63,20,90,12,-6.95733483322538,8
5033,104,18,32,12,-6.959225086389547,6
5034,36,34,16,21,-6.96230955324868,13
5035,97,23,18,14,-6.965163575719862,9
5036,33,17,8,11,-6.9756022430017754,6
5037,30,30,53,18,-6.98498975026545,12
5038,55,20,17,11,-6.987444025974705,9
5039,13,23,111,13,-6.988942249892523,10
5040,1,19,114,12,-6.990089974683046,7
5041,5,15,62,9,-6.9927087595973925,6
5042,48,13,80,9,-6.99747900943173,4
5043,54,26,93,17,-7.002072182522708,9
5044,51,91,86,52,-7.002608700360023,39
5045,112,18,41,11,-7.010299429192565,7
5046,60,31,30,21,-7.012669305809971,10
5047,53,27,87,15,-7.0226395127694765,12
5048,40,15,95,9,-7.026458120737084,6
5049,84,24,85,16,-7.039561068893883,8
5050,110,10,20,6,-7.040932959044511,4
5051,27,11,17,6,-7.041708235736265,5
5052,97,25,55,16,-7.041738062020974,9
5053,73,16,65,10,-7.056062739811477,6
5054,36,18,99,12,-7.061516094995873,6
5055,25,21,100,12,-7.062312436550092,9
5056,49,14,50,8,-7.064134383315742,6
5057,98,14,102,8,-7.075813129571892,6
5058,70,35,28,21,-7.078735797739843,14
5059,62,20,28,12,-7.086204539456472,8
5060,64,15,27,10,-7.0975410857988335,5
5061,60,37,23,23,-7.1142097930377055,14
5062,83,30,86,20,-7.114862976089347,10
5063,107,12,67,8,-7.124134838046419,4
5064,19,14,38,10,-7.12483566230394,4
5065,67,11,88,8,-7.127393540580368,3
5066,107,57,75,39,-7.131800392099847,18
5067,54,58,63,36,-7.1339646628869025,22
5068,87,26,90,16,-7.134749793973536,10
5069,91,27,87,17,-7.142016410462964,10
5070,43,16,41,10,-7.1423629175964,6
5071,55,50,40,31,-7.142420946012767,19
5072,60,17,5,11,-7.144002600647478,6
5073,103,10,88,6,-7.1465830918406095,4
5074,37,14,29,8,-7.14724630286853,6
5075,60,12,34,8,-7.148158666349012,4
5076,84,11,103,6,-7.1482130524012435,5
5077,84,18,38,10,-7.154125748328735,8
5078,68,19,20,11,-7.165895566664342,8
5079,14,14,86,8,-7.166696838482464,6
5080,112,16,36,10,-7.175574629533439,6
5081,62,14,49,9,-7.185392164778604,5
5082,22,13,109,8,-7.19047287621624,5
5083,16,49,30,30,-7.1905576359814445,19
5084,39,26,57,15,-7.190870269128093,11
5085,87,85,16,51,-7.19296989275017,34
5086,63,20,27,11,-7.19472225275396,9
5087,35,13,27,8,-7.215256796262468,5
5088,68,13,72,8,-7.215759890156862,5
5089,76,22,112,12,-7.216620353424459,10
5090,40,20,35,13,-7.223846117897835,7
5091,106,60,13,37,-7.224822308695077,23
5092,62,16,54,10,-7.236680580960736,6
5093,81,14,114,8,-7.238705590547008,6
5094,40,27,114,18,-7.240772461331045,9
5095,75,10,20,6,-7.241047227766171,4
5096,68,58,39,34,-7.24159386380996,24
5097,5,14,31,9,-7.246607645789562,5
5098,41,21,20,12,-7.246750485082598,9
5099,90,13,46,8,-7.250761878801305,5
5100,93,12,98,7,-7.251352809271133,5
5101,10,12,11,7,-7.252899748629005,5
5102,39,33,84,19,-7.2579208484387365,14
5103,79,30,86,19,-7.258463117259924,11
5104,81,19,75,12,-7.259552889264539,7
5105,98,17,20,11,-7.267496359610283,6
5106,70,16,110,10,-7.267896542251016,6
5107,96,10,62,7,-7.268496266352443,3
5108,57,13,106,7,-7.272492874678534,6
5109,68,20,55,13,-7.273979151335479,7
5110,88,110,16,69,-7.282392910348152,41
5111,13,42,114,23,-7.284350704257173,19
5112,98,20,13,13,-7.284404613166717,7
5113,29,16,97,10,-7.284915525257297,6
5114,39,18,76,12,-7.286479537324275,6
5115,40,31,43,18,-7.287691070183636,13
5116,61,11,47,7,-7.295405799949464,4
5117,104,11,62,8,-7.298660521894603,3
5118,40,33,54,20,-7.298767912387552,13
5119,3,12,100,7,-7.30038001870273,5
5120,85,14,63,8,-7.301748789802251,6
5121,106,24,39,14,-7.312269199982411,10
5122,5,42,70,25,-7.323141246130922,17
5123,107,32,2,20,-7.328844122982543,12
5124,2,16,75,9,-7.332326563651874,7
5125,103,10,11,7,-7.33896872976819,3
5126,104,41,40,26,-7.342291894534161,15
5127,112,17,87,10,-7.346218534351737,7
5128,8,25,73,15,-7.3587900254771785,10
5129,23,13,49,8,-7.360298065336568,5
5130,114,10,77,6,-7.365477220397804,4
5131,33,16,25,11,-7.36592627296452,5
5132,80,14,31,10,-7.367135464628977,4
5133,74,15,34,10,-7.367415754617588,5
5134,54,35,13,22,-7.373225396669802,13
5135,71,10,73,6,-7.373234065194552,4
5136,17,36,86,20,-7.373387885533475,16
5137,76,10,27,6,-7.376825370695714,4
5138,16,50,75,30,-7.388425679021318,20
5139,5,10,1,6,-7.391988711274882,4
5140,49,14,76,9,-7.397729008977233,5
5141,41,34,36,18,-7.412500474371831,16
5142,91,19,8,12,-7.416456742894205,7
5143,43,11,34,7,-7.424240308041095,4
5144,51,40,76,26,-7.425338525528089,14
5145,19,13,9,8,-7.43351789794003,5
5146,43,17,64,10,-7.438967254563773,7
5147,84,28,8,18,-7.447150756775401,10
5148,75,30,46,18,-7.449361290092636,12
5149,97,53,86,32,-7.453774682156136,21
5150,110,21,37,12,-7.457046552670356,9
5151,53,12,45,7,-7.463487107897495,5
5152,57,10,60,6,-7.4675633858823804,4
5153,81,10,28,6,-7.472696801730325,4
5154,31,37,64,23,-7.4738922265185375,14
5155,63,15,108,9,-7.475559971035059,6
5156,36,14,70,8,-7.476080415111231,6
5157,89,10,48,7,-7.47675761274391,3
5158,96,11,41,8,-7.480521636982391,3
5159,68,12,89,7,-7.483167732526589,5
5160,60,15,108,9,-7.490204395999501,6
5161,16,42,20,28,-7.490661859277882,14
5162,43,17,3,11,-7.496311575799015,6
5163,98,14,27,8,-7.497316272159128,6
5164,27,14,29,10,-7.502014081634204,4
5165,50,13,15,8,-7.509982415529958,5
5166,12,19,53,11,-7.511441486905761,8
5167,3,24,88,15,-7.5117017749719,9
5168,77,18,55,11,-7.520653437888105,7
5169,55,11,6,8,-7.526848268362213,3
5170,46,10,85,7,-7.538229298143678,3
5171,85,10,30,6,-7.544084321309105,4
5172,38,26,39,16,-7.546657823994114,10
5173,109,30,107,19,-7.567930415965965,11
5174,68,66,40,42,-7.570321994315703,24
5175,5,14,34,10,-7.5706698448560905,4
5176,77,12,46,7,-7.574271980014295,5
5177,114,31,28,18,-7.584853881328922,13
5178,36,10,72,6,-7.585561627806541,4
5179,88,18,58,11,-7.5880987725104365,7
5180,36,20,18,12,-7.59490287850123,8
5181,69,13,47,8,-7.615142827000194,5
5182,91,13,23,7,-7.630492751883035,6
5183,80,22,96,14,-7.6325568595370585,8
5184,5,29,97,19,-7.639418302115126,10
5185,60,11,70,7,-7.646435749026202,4
5186,31,13,33,7,-7.647223417443056,6
5187,35,27,107,18,-7.659745377736293,9
5188,96,24,37,14,-7.66584492569651,10
5189,38,29,37,18,-7.668156637885105,11
5190,76,15,13,9,-7.686884560878501,6
5191,11,32,5,20,-7.6874421575338765,12
5192,7,25,111,15,-7.6903234257719815,10
5193,11,11,64,8,-7.699861982788658,3
5194,64,13,46,8,-7.70178518963715,5
5195,1,15,15,10,-7.733065759700131,5
5196,84,11,44,6,-7.741464370739851,5
5197,12,14,28,9,-7.741725097225164,5
5198,54,13,73,8,-7.746921178252214,5
5199,87,12,103,8,-7.748457125828165,4
5200,64,32,16,21,-7.754231430905149,11
5201,25,49,37,29,-7.755599308877523,20
5202,73,11,53,7,-7.756297558195456,4
5203,18,22,50,13,-7.75840176806416,9
5204,84,21,13,14,-7.767021582543789,7
5205,65,35,27,22,-7.768190723992535,13
5206,65,43,30,27,-7.769639688133171,16
5207,81,15,41,10,-7.770221546669878,5
5208,114,14,92,10,-7.774797164908212,4
5209,43,43,13,24,-7.7838953283676995,19
5210,111,10,47,6,-7.786638633209642,4
5211,64,22,55,15,-7.789831302640345,7
5212,48,15,50,10,-7.798532000224026,5
5213,110,12,114,8,-7.80031681097971,4
5214,49,21,75,13,-7.802050873504806,8
5215,46,46,25,27,-7.8204011950255445,19
5216,77,20,107,12,-7.8207207017880735,8
5217,98,17,8,11,-7.832264077196576,6
5218,2,11,7,7,-7.836909370766421,4
5219,109,19,53,12,-7.841205358929898,7
5220,55,14,29,9,-7.851130455007914,5
5221,91,26,106,17,-7.859341034872017,9
5222,35,12,44,7,-7.859665557157517,5
5223,90,25,114,15,-7.8701656835045455,10
5224,51,18,102,11,-7.870945415633868,7
5225,88,21,100,13,-7.871437244617913,8
5226,23,17,55,9,-7.8715706098888365,8
5227,68,23,62,14,-7.893829370684332,9
5228,31,11,78,6,-7.904414780494012,5
5229,38,13,71,9,-7.906029048659733,4
5230,82,10,88,6,-7.9125780836424955,4
5231,18,22,54,13,-7.917650548154778,9
5232,84,20,34,12,-7.917696778697561,8
5233,12,14,94,8,-7.919437845972352,6
5234,77,16,27,10,-7.9223131995101,6
5235,20,16,33,10,-7.9280624383644875,6
5236,34,10,18,7,-7.93407311360503,3
5237,87,17,73,12,-7.94220715025842,5
5238,61,19,53,13,-7.9431150632920575,6
5239,53,12,89,7,-7.949973026478008,5
5240,39,21,23,13,-7.9630880242589255,8
5241,5,25,65,15,-7.967561696591303,10
5242,107,22,12,15,-7.967915897333259,7
5243,4,12,12,8,-7.976222296376226,4
5244,84,28,5,17,-7.986435375626319,11
5245,70,16,13,10,-7.990308468406848,6
5246,6,22,44,15,-7.994067314889739,7
5247,96,19,102,12,-7.995631160966494,7
5248,18,14,3,10,-8.000317413483808,4
5249,98,31,91,19,-8.010154956050265,12
5250,25,12,48,7,-8.01244102921806,5
5251,9,11,35,6,-8.012816785902407,5
5252,52,12,63,7,-8.015196003418383,5
5253,3,29,16,19,-8.021456311959033,10
5254,50,41,75,27,-8.02466935745211,14
5255,107,26,58,17,-8.037629940895535,9
5256,108,13,48,9,-8.047800069948496,4
5257,84,36,20,25,-8.04861670328596,11
5258,87,19,108,12,-8.053056975616101,7
5259,91,15,51,10,-8.060157448942936,5
5260,46,13,53,8,-8.064750592390654,5
5261,3,34,13,23,-8.071894737567844,11
5262,97,16,110,10,-8.077466293642948,6
5263,5,61,8,37,-8.080732178020163,24
5264,46,15,109,9,-8.081904977493476,6
5265,10,15,7,9,-8.086365440359023,6
5266,108,12,76,8,-8.086994753980798,4
5267,50,30,60,17,-8.087484578525556,13
5268,46,42,37,28,-8.095895819595153,14
5269,46,16,30,10,-8.098498106037622,6
5270,63,19,100,11,-8.133393706542945,8
5271,107,10,26,6,-8.136960920766814,4
5272,112,10,4,6,-8.145974306589782,4
5273,87,19,1,11,-8.15262205942027,8
5274,112,16,18,11,-8.155957753880717,5
5275,60,31,54,20,-8.161465500409882,11
5276,71,28,50,17,-8.165371088482388,11
5277,30,18,50,11,-8.173377893689405,7
5278,60,35,104,25,-8.183651908443377,10
5279,89,11,63,8,-8.192927888945773,3
5280,39,25,74,15,-8.19553508787693,10
5281,93,24,87,15,-8.201353690040278,9
5282,40,14,112,8,-8.221202026655053,6
5283,72,16,85,11,-8.221502081191195,5
5284,102,16,76,10,-8.226520459864046,6
5285,106,21,69,13,-8.230262561693124,8
5286,79,10,112,6,-8.23380656767564,4
5287,2,10,94,6,-8.235738884159375,4
5288,38,12,2,7,-8.244738843628978,5
5289,14,12,37,7,-8.266467835075433,5
5290,55,34,50,20,-8.268886532039618,14
5291,76,12,75,7,-8.269580351796622,5
5292,103,19,86,12,-8.275383973570776,7
5293,91,18,41,12,-8.276671952774393,6
5294,63,66,16,41,-8.283483649795642,25
5295,106,31,90,21,-8.28384546124837,10
5296,9,15,25,10,-8.323455878342047,5
5297,112,20,39,12,-8.345179878987272,8
5298,31,32,41,20,-8.353957395244585,12
5299,65,23,38,13,-8.354229779220868,10
5300,5,22,7,14,-8.357081514884824,8
5301,29,11,64,8,-8.360354117139725,3
5302,25,45,7,29,-8.372806618348289,16
5303,53,14,78,8,-8.38512950211127,6
5304,104,10,67,6,-8.393331116483225,4
5305,79,11,80,6,-8.394402338657228,5
5306,57,25,11,14,-8.40061339559345,11
5307,67,14,109,7,-8.41022889195963,7
5308,90,19,73,12,-8.424101991862472,7
5309,114,20,55,13,-8.432483182241098,7
5310,70,24,96,13,-8.437417991026262,11
5311,86,40,41,26,-8.438958336325594,14
5312,78,15,39,9,-8.442592249169802,6
5313,114,32,8,21,-8.446067232393617,11
5314,96,14,95,9,-8.450373982592183,5
5315,53,13,15,8,-8.451445563178742,5
5316,77,14,74,9,-8.485489523270209,5
5317,1,16,75,11,-8.487454866261048,5
5318,40,37,87,22,-8.490974125613961,15
5319,69,33,16,21,-8.492849118552359,12
5320,40,28,64,18,-8.49607162432113,10
5321,45,10,91,6,-8.504304930616431,4
5322,88,23,62,14,-8.51262512712999,9
5323,46,43,16,28,-8.523887339164595,15
5324,48,29,86,18,-8.527783865058888,11
5325,106,13,12,9,-8.530975907772833,4
5326,62,13,114,8,-8.549556180002718,5
5327,36,11,78,7,-8.552435160203329,4
5328,7,19,78,11,-8.565348954184037,8
5329,3,13,41,10,-8.570007818582788,3
5330,55,23,95,15,-8.57500650986488,8
5331,16,20,81,13,-8.585952206420341,7
5332,38,10,11,6,-8.595630039069132,4
5333,16,19,110,12,-8.596145036216205,7
5334,50,22,90,14,-8.598522697493998,8
5335,88,39,27,23,-8.602187681442969,16
5336,33,21,51,15,-8.606152418737853,6
5337,57,15,69,10,-8.610432071680039,5
5338,53,19,27,13,-8.613512457869614,6
5339,63,51,51,30,-8.615807425389162,21
5340,18,29,68,18,-8.623169944927229,11
5341,65,24,1,14,-8.633116949744032,10
5342,97,19,41,12,-8.638943706099203,7
5343,98,10,85,7,-8.673802483900154,3
5344,31,31,9,20,-8.678153869820548,11
5345,76,42,86,26,-8.686330791282545,16
5346,76,26,16,14,-8.69211071455001,12
5347,39,14,110,10,-8.694421097429624,4
5348,2,10,30,6,-8.704387763563812,4
5349,20,35,63,21,-8.70524806527441,14
5350,94,13,100,9,-8.706256221291522,4
5351,102,15,63,9,-8.71016569998991,6
5352,86,15,45,9,-8.710518828201982,6
5353,69,13,81,8,-8.721044769504893,5
5354,45,10,58,6,-8.721721801464438,4
5355,57,26,8,17,-8.727187925997562,9
5356,17,22,4,15,-8.72773506800961,7
5357,11,23,104,15,-8.742484307216113,8
5358,106,14,38,7,-8.74501943352997,7
5359,13,27,108,18,-8.751351034715967,9
5360,88,36,39,23,-8.756638990991735,13
5361,18,23,106,15,-8.778191080978738,8
5362,77,12,109,7,-8.789144881364967,5
5363,20,36,39,21,-8.800920294125156,15
5364,42,10,106,7,-8.802546839644418,3
5365,47,18,36,12,-8.810892372607713,6
5366,36,19,63,12,-8.822881427312195,7
5367,87,15,32,10,-8.84415502943487,5
5368,61,13,107,8,-8.850698470757944,5
5369,12,16,23,10,-8.872217683410863,6
5370,53,11,49,7,-8.876928289416243,4
5371,17,12,38,7,-8.88566473615372,5
5372,13,20,44,13,-8.886721786197054,7
5373,97,12,69,8,-8.888377862411463,4
5374,49,12,12,9,-8.896131245879717,3
5375,55,14,15,10,-8.903520851178024,4
5376,109,20,7,13,-8.908032141063202,7
5377,107,15,89,10,-8.908975430626485,5
5378,25,19,110,13,-8.917701672558223,6
5379,57,21,27,12,-8.91882122376835,9
5380,91,10,11,7,-8.923724837318142,3
5381,31,12,73,8,-8.93891957013575,4
5382,49,11,100,6,-8.94783461865437,5
5383,48,34,63,22,-8.958044896706864,12
5384,32,11,28,7,-8.963821007682874,4
5385,84,16,43,10,-8.968948746982852,6
5386,114,20,47,12,-8.969382880850324,8
5387,36,18,97,11,-8.970668153566264,7
5388,94,12,76,8,-8.974054547945041,4
5389,52,15,28,9,-8.975367013246691,6
5390,57,27,78,16,-8.97795958485054,11
5391,43,19,100,11,-8.981606565772069,8
5392,69,33,13,21,-8.997039971044751,12
5393,36,15,5,9,-9.008614310253614,6
5394,70,16,30,9,-9.016092338129875,7
5395,29,19,13,11,-9.021834443218541,8
5396,100,18,75,10,-9.024866169547831,8
5397,45,16,35,9,-9.0400315918615,7
5398,87,12,10,8,-9.060984306619424,4
5399,12,23,60,12,-9.065174336927509,11
5400,75,34,28,22,-9.068390514566694,12
5401,86,29,44,19,-9.073857704921481,10
5402,8,34,95,21,-9.07920947405897,13
5403,68,20,58,13,-9.097701878706363,7
5404,31,15,109,10,-9.113887572404183,5
5405,17,11,92,7,-9.114563540800457,4
5406,20,22,91,13,-9.11515023214943,9
5407,81,25,60,16,-9.119854252529585,9
5408,68,21,69,13,-9.139651413697882,8
5409,9,40,16,27,-9.142096271109022,13
5410,47,16,9,10,-9.146152811782592,6
5411,5,43,50,26,-9.156049369840705,17
5412,108,22,53,13,-9.163083344546394,9
5413,40,15,92,10,-9.168940871834318,5
5414,102,15,40,9,-9.171373555966687,6
5415,49,15,41,9,-9.171912615870816,6
5416,91,13,15,7,-9.175439096539634,6
5417,40,17,73,11,-9.199997222971483,6
5418,40,12,2,8,-9.204153353273353,4
5419,4,15,27,9,-9.21491506769711,6
5420,6,19,13,12,-9.21551599242718,7
5421,81,11,64,7,-9.217681779438383,4
5422,69,16,70,11,-9.227346228401576,5
5423,104,29,41,17,-9.232545203988778,12
5424,93,13,75,8,-9.279825087560207,5
5425,57,17,65,11,-9.283766581789791,6
5426,77,19,63,13,-9.291814452323939,6
5427,18,17,100,10,-9.29762264727719,7
5428,67,15,86,9,-9.306541844943451,6
5429,11,13,15,8,-9.314265162028605,5
5430,27,17,37,11,-9.314988662643295,6
5431,87,18,15,11,-9.315321569312852,7
5432,70,17,50,10,-9.316243790355681,7
5433,48,11,76,8,-9.322751855221474,3
5434,87,47,68,30,-9.326644896683147,17
5435,51,15,111,10,-9.328246716797015,5
5436,2,29,28,19,-9.34282167881126,10
5437,50,12,23,9,-9.354699302165743,3
5438,33,14,87,9,-9.358610632806945,5
5439,84,21,104,13,-9.37162724208143,8
5440,77,16,41,11,-9.374945974938667,5
5441,107,33,80,22,-9.376730084103613,11
5442,36,11,109,8,-9.390936468630553,3
5443,51,13,48,7,-9.391737592298234,6
5444,109,25,63,15,-9.392892060380623,10
5445,72,21,86,14,-9.39293739189508,7
5446,107,22,45,14,-9.39975575090587,8
5447,39,15,108,9,-9.406857006968854,6
5448,84,14,100,10,-9.41403322885896,4
5449,92,14,64,7,-9.432471863302016,7
5450,63,11,32,7,-9.44232166344675,4
5451,60,32,27,22,-9.444817966504303,10
5452,94,10,17,6,-9.449116979238092,4
5453,17,12,102,8,-9.460667678985605,4
5454,96,47,16,33,-9.462953828826512,14
5455,51,23,97,16,-9.463450569827408,7
5456,68,58,75,39,-9.486513066984086,19
5457,58,10,70,7,-9.487562225897111,3
5458,60,13,102,8,-9.490462801517765,5
5459,7,29,37,18,-9.500511382222342,11
5460,94,10,11,7,-9.501428180815385,3
5461,99,22,37,15,-9.502759058160713,7
5462,13,21,90,14,-9.506733485788098,7
5463,2,13,114,8,-9.50915856241785,5
5464,80,14,90,10,-9.509239360264804,4
5465,36,17,8,11,-9.51236026695053,6
5466,69,14,104,10,-9.512677665660087,4
5467,107,37,57,23,-9.515541127652217,14
5468,9,27,18,18,-9.520249042639605,9
5469,25,32,20,21,-9.520523686179052,11
5470,31,22,1,13,-9.525804060927038,9
5471,1,12,78,8,-9.531466280674072,4
5472,108,13,106,9,-9.535201707134298,4
5473,19,23,7,16,-9.559895766747154,7
5474,97,24,13,15,-9.567486234498414,9
5475,60,44,64,30,-9.569439655645416,14
5476,60,18,100,12,-9.573778234111991,6
5477,7,20,73,12,-9.582485903794177,8
5478,109,25,11,17,-9.585833860536326,8
5479,39,14,80,9,-9.589468521855673,5
5480,53,13,8,9,-9.596286006275326,4
5481,84,18,83,11,-9.60947373437216,7
5482,8,14,99,8,-9.611065592860308,6
5483,9,16,76,11,-9.62150457184245,5
5484,109,17,70,11,-9.623350653501726,6
5485,109,22,74,15,-9.62539761750223,7
5486,53,23,41,15,-9.631953807885303,8
5487,104,10,93,6,-9.63796658188527,4
5488,8,36,109,22,-9.641625939928554,14
5489,79,23,48,15,-9.646370149116429,8
5490,114,10,22,5,-9.649313306364819,5
5491,17,15,41,10,-9.654478177971626,5
5492,63,16,111,10,-9.656549842780757,6
5493,71,12,100,8,-9.66068752031631,4
5494,38,12,53,8,-9.664145468055217,4
5495,84,22,30,15,-9.685299349257196,7
5496,3,18,53,12,-9.694466592939396,6
5497,11,18,75,11,-9.710887852205726,7
5498,13,13,85,9,-9.717007051558657,4
5499,31,19,43,9,-9.720852773553686,10
5500,32,16,16,10,-9.721720922013692,6
5501,16,13,89,8,-9.733195931265595,5
5502,70,11,100,7,-9.741790049682667,4
5503,9,18,17,11,-9.748042408416225,7
5504,52,12,30,8,-9.763146241314214,4
5505,83,24,37,15,-9.783726366978415,9
5506,3,25,40,17,-9.78695575723125,8
5507,71,11,11,7,-9.793856230234496,4
5508,61,11,63,8,-9.795863144147216,3
5509,87,26,100,15,-9.796481014444307,11
5510,93,10,62,6,-9.798162399200404,4
5511,9,35,87,21,-9.798770018552647,14
5512,37,17,64,11,-9.810222324765896,6
5513,93,13,29,8,-9.815241351279962,5
5514,17,24,40,16,-9.815776001763277,8
5515,75,25,104,16,-9.822163907084752,9
5516,57,13,54,10,-9.824315369895016,3
5517,10,12,16,8,-9.837247209773246,4
5518,98,10,53,6,-9.839111782848335,4
5519,18,12,76,8,-9.8476224935035,4
5520,71,15,17,9,-9.874078720771612,6
5521,54,26,100,17,-9.876264305600085,9
5522,54,17,2,12,-9.883928701627932,5
5523,39,39,18,26,-9.885046818102037,13
5524,38,11,100,8,-9.893822683440993,3
5525,15,23,8,14,-9.91327541461084,9
5526,2,10,95,7,-9.9203126299905,3
5527,81,20,87,11,-9.925217893508718,9
5528,51,15,72,9,-9.937514477649751,6
5529,88,45,63,31,-9.955054334971098,14
5530,88,18,73,12,-9.974203425238962,6
5531,109,14,93,9,-9.987067099161266,5
5532,65,25,95,16,-9.987438820754939,9
5533,18,14,11,9,-10.031989827572827,5
5534,107,13,110,9,-10.034721322746934,4
5535,43,29,39,18,-10.035622734323455,11
5536,38,10,44,7,-10.048373138060267,3
5537,51,19,80,12,-10.049293803677344,7
5538,76,31,63,21,-10.049351171103782,10
5539,83,23,13,15,-10.067954696106943,8
5540,49,16,40,10,-10.077718304922938,6
5541,106,12,79,8,-10.079963228120917,4
5542,17,17,23,11,-10.090670558592322,6
5543,74,11,89,7,-10.093150392265773,4
5544,8,24,18,17,-10.10300859124231,7
5545,43,18,54,11,-10.112977062708422,7
5546,36,36,53,25,-10.11473282468799,11
5547,17,21,53,14,-10.117687697568844,7
5548,102,20,50,12,-10.118106239071224,8
5549,35,10,8,7,-10.118762046100299,3
5550,60,18,17,12,-10.12863063958789,6
5551,109,10,92,7,-10.132066653367776,3
5552,31,37,53,23,-10.136338371296794,14
5553,23,11,96,7,-10.143008283174424,4
5554,68,16,92,11,-10.14730683848729,5
5555,86,29,43,20,-10.173097117221216,9
5556,9,12,6,7,-10.175309866966634,5
5557,104,13,89,8,-10.178686881843591,5
5558,57,13,76,9,-10.181023937949496,4
5559,94,26,13,17,-10.188177760006152,9
5560,37,41,97,27,-10.190687502541847,14
5561,33,13,71,9,-10.195530501937561,4
5562,2,15,98,9,-10.198603389321665,6
5563,96,24,48,16,-10.200121519345737,8
5564,106,63,16,43,-10.201810935158226,20
5565,57,16,114,11,-10.202940786046577,5
5566,39,24,91,16,-10.206322081312436,8
5567,37,36,11,24,-10.207174749413833,12
5568,28,14,10,10,-10.2079261309438,4
5569,68,24,25,16,-10.21179043309895,8
5570,31,17,30,10,-10.214096274935343,7
5571,91,35,63,24,-10.225389928816243,11
5572,68,27,28,19,-10.22954876840922,8
5573,18,44,16,30,-10.2395488957726,14
5574,106,16,67,10,-10.252161434234205,6
5575,99,12,77,9,-10.252199704478636,3
5576,50,15,85,10,-10.26203922127155,5
5577,54,12,38,8,-10.280232127604942,4
5578,88,32,15,23,-10.284341457845956,9
5579,29,11,49,7,-10.30099349448638,4
5580,31,29,107,16,-10.30345756995746,13
5581,81,14,7,8,-10.321582987727558,6
5582,1,13,37,8,-10.34216426905315,5
5583,1,26,16,19,-10.34569928715388,7
5584,77,16,53,10,-10.347606271977275,6
5585,7,10,94,7,-10.355621654064775,3
5586,12,12,9,8,-10.366855545040101,4
5587,93,16,106,10,-10.37915501513517,6
5588,57,13,75,9,-10.387723743034117,4
5589,77,11,43,7,-10.418907416256186,4
5590,7,11,110,6,-10.42257657923173,5
5591,114,19,95,12,-10.422604339796184,7
5592,39,16,44,10,-10.434810009571377,6
5593,112,25,64,18,-10.44734880369225,7
5594,31,10,6,6,-10.459894630543896,4
5595,77,12,23,8,-10.47207373365885,4
5596,8,35,75,24,-10.477015226263449,11
5597,27,11,81,7,-10.477393451911677,4
5598,102,14,75,10,-10.47886729381523,4
5599,9,27,64,19,-10.495957554452968,8
5600,19,13,27,10,-10.496867066136126,3
5601,84,49,63,31,-10.49857196308788,18
5602,12,12,114,7,-10.504954578013217,5
5603,37,14,89,8,-10.519274673853,6
5604,36,27,27,17,-10.523349599331356,10
5605,97,19,71,13,-10.523533962196899,6
5606,13,18,58,13,-10.53862347763235,5
5607,56,16,86,11,-10.543126647721751,5
5608,40,17,28,10,-10.551622113062638,7
5609,54,19,71,12,-10.56377327137223,7
5610,9,15,95,9,-10.569002592922953,6
5611,28,10,26,7,-10.592168464369761,3
5612,91,31,7,22,-10.60910028610159,9
5613,101,12,16,8,-10.62271769748288,4
5614,71,18,98,12,-10.627953776602759,6
5615,64,20,30,13,-10.642272986004782,7
5616,98,25,5,16,-10.662918685540621,9
5617,29,29,65,18,-10.675445820566951,11
5618,107,32,48,21,-10.69484594829312,11
5619,74,25,51,18,-10.704030149650722,7
5620,68,30,76,23,-10.707343505959708,7
5621,36,13,43,8,-10.713552025008546,5
5622,111,11,54,8,-10.714143810197228,3
5623,18,45,13,29,-10.738363532449277,16
5624,68,24,11,15,-10.754003487507697,9
5625,31,27,27,16,-10.758919665279386,11
5626,72,11,63,8,-10.764095493593645,3
5627,7,11,59,8,-10.771239818059199,3
5628,102,14,100,10,-10.786002151711443,4
5629,91,25,55,18,-10.791612827626562,7
5630,29,10,100,6,-10.811451389513945,4
5631,81,17,106,10,-10.816681182916206,7
5632,48,12,60,8,-10.834150297184136,4
5633,87,25,48,17,-10.854586359540512,8
5634,93,39,65,24,-10.857048849068637,15
5635,54,46,37,31,-10.87009397469276,15
5636,77,16,71,11,-10.872072685026803,5
5637,41,21,111,13,-10.875724405637953,8
5638,69,20,63,14,-10.901230458210243,6
5639,35,10,102,6,-10.90320798703147,4
5640,5,17,73,11,-10.90738305979487,6
5641,29,16,98,11,-10.909698341629545,5
5642,13,10,89,6,-10.939542022741616,4
5643,9,14,11,9,-10.959299620365583,5
5644,29,24,60,15,-10.986279893385442,9
5645,88,37,50,24,-10.986958086725291,13
5646,57,24,70,14,-10.997514680908582,10
5647,110,20,51,14,-11.000148170458745,6
5648,107,13,56,8,-11.000292497508868,5
5649,71,13,15,9,-11.00914391321026,4
5650,68,10,98,7,-11.014423279510455,3
5651,92,14,41,9,-11.016394202336143,5
5652,88,41,53,28,-11.023031682203495,13
5653,78,14,17,9,-11.040829177804998,5
5654,114,12,32,8,-11.045874107216177,4
5655,11,11,99,7,-11.04788337752713,4
5656,109,13,30,9,-11.049589386483902,4
5657,39,35,30,23,-11.092978860146744,12
5658,29,13,75,8,-11.096282078020437,5
5659,80,13,78,9,-11.09791576617006,4
5660,32,13,74,9,-11.101664191982367,4
5661,19,10,40,7,-11.104417905023016,3
5662,84,20,27,13,-11.118973426521961,7
5663,70,15,46,10,-11.123543654837002,5
5664,38,16,75,12,-11.14383618558865,4
5665,85,13,55,9,-11.149931721802188,4
5666,4,16,43,10,-11.162760468553993,6
5667,23,10,72,7,-11.180586418758145,3
5668,61,12,6,8,-11.200388242698184,4
5669,65,45,114,29,-11.20792553692763,16
5670,1,11,89,7,-11.20901106938993,4
5671,46,12,100,8,-11.210309669403358,4
5672,3,15,25,10,-11.21463496022273,5
5673,106,18,98,12,-11.217270403208776,6
5674,51,13,73,9,-11.219804453521853,4
5675,96,20,46,12,-11.223825219116964,8
5676,112,12,38,9,-11.23040362290014,3
5677,109,17,75,12,-11.242273446455997,5
5678,51,28,95,20,-11.244919045567018,8
5679,81,13,40,9,-11.249205674756395,4
5680,83,16,107,11,-11.24958512039028,5
5681,70,29,87,18,-11.250414739740132,11
5682,48,12,90,8,-11.252381363492235,4
5683,103,10,28,7,-11.258889995972657,3
5684,7,52,75,35,-11.2746633859962,17
5685,55,14,2,9,-11.276816159574057,5
5686,5,10,80,7,-11.295210617596885,3
5687,96,25,7,18,-11.300422106484014,7
5688,72,19,28,13,-11.306329036701383,6
5689,20,38,50,26,-11.316816486601454,12
5690,88,75,13,51,-11.322656510714445,24
5691,20,12,64,9,-11.331308462604776,3
5692,52,20,86,14,-11.336528303857312,6
5693,71,21,104,13,-11.370166649530528,8
5694,10,14,107,9,-11.38119632500004,5
5695,38,11,4,8,-11.395009854616482,3
5696,35,23,76,15,-11.39691854534874,8
5697,95,10,29,7,-11.401888238693147,3
5698,69,28,60,17,-11.415693819512107,11
5699,106,39,114,26,-11.417874917507989,13
5700,81,14,47,10,-11.445134927289029,4
5701,63,19,57,12,-11.499632269547762,7
5702,94,10,63,7,-11.526010775087407,3
5703,69,17,78,11,-11.534111954277668,6
5704,76,15,74,9,-11.544600382799558,6
5705,71,10,111,7,-11.563837134119527,3
5706,104,16,36,10,-11.564722196156035,6
5707,11,10,108,7,-11.565275419390531,3
5708,50,15,33,10,-11.568332857311571,5
5709,39,15,90,10,-11.577976501423594,5
5710,63,17,30,11,-11.58352767157503,6
5711,18,21,15,15,-11.590119158022436,6
5712,86,33,102,23,-11.659667182565103,10
5713,48,11,98,8,-11.678045251552971,3
5714,28,23,34,16,-11.682170467841411,7
5715,96,13,91,9,-11.692854193124042,4
5716,16,21,78,14,-11.702859250145925,7
5717,84,34,11,23,-11.737395009694307,11
5718,67,11,16,8,-11.761532223804268,3
5719,53,18,43,13,-11.76241610426229,5
5720,1,37,55,26,-11.769033555767942,11
5721,109,18,17,12,-11.781743441013703,6
5722,65,12,91,8,-11.784658313781671,4
5723,54,10,44,7,-11.791894285038754,3
5724,40,21,8,15,-11.791921402372775,6
5725,91,10,53,7,-11.811611902058761,3
5726,17,10,83,6,-11.812775268760374,4
5727,111,16,28,11,-11.820301223407922,5
5728,64,10,74,6,-11.828764368523549,4
5729,28,47,63,33,-11.828866423716303,14
5730,37,10,78,7,-11.831707242150298,3
5731,28,34,74,23,-11.834419909257845,11
5732,29,12,20,8,-11.85416559868577,4
5733,77,28,104,19,-11.87424672617717,9
5734,104,18,90,12,-11.89837391797068,6
5735,63,18,62,12,-11.898616241132698,6
5736,29,11,109,6,-11.905733206262543,5
5737,18,27,95,18,-11.951490678023534,9
5738,54,10,53,7,-11.951994898142779,3
5739,81,14,104,8,-11.956844186421009,6
5740,72,11,50,8,-11.966306538639385,3
5741,60,16,37,10,-11.9668638856867,6
5742,98,11,109,8,-11.980585816049416,3
5743,76,10,100,6,-12.005567208991717,4
5744,104,12,1,8,-12.020108292717424,4
5745,63,18,1,11,-12.054495717242014,7
5746,91,18,30,13,-12.061464887561756,5
5747,20,14,34,10,-12.080633416209027,4
5748,103,15,107,11,-12.089560399097952,4
5749,112,23,60,16,-12.109222093309295,7
5750,27,22,104,16,-12.1180149644782,6
5751,12,12,1,8,-12.121434397869619,4
5752,63,12,92,7,-12.136993324985582,5
5753,31,11,19,8,-12.140248760143196,3
5754,70,22,2,14,-12.153236389251056,8
5755,51,24,77,15,-12.16149932915176,9
5756,99,21,107,14,-12.174640608684573,7
5757,39,18,109,13,-12.189314131019263,5
5758,76,18,7,11,-12.196617315781682,7
5759,106,11,78,8,-12.21024325274275,3
5760,19,18,29,13,-12.211976966273067,5
5761,9,14,43,9,-12.224469441855376,5
5762,43,19,75,14,-12.224767647713705,5
5763,60,22,74,14,-12.230302476711504,8
5764,54,27,48,18,-12.230401373927076,9
5765,84,11,71,8,-12.255989147154674,3
5766,39,10,32,7,-12.25900875776762,3
5767,85,16,39,10,-12.259649528892558,6
5768,107,43,30,29,-12.265978256480123,14
5769,112,12,58,8,-12.27450382990949,4
5770,96,29,98,20,-12.301665445316491,9
5771,60,24,47,17,-12.306617941323186,7
5772,114,11,78,7,-12.319932318545474,4
5773,20,10,78,7,-12.337947782230119,3
5774,104,13,34,9,-12.352990002767115,4
5775,97,12,67,9,-12.35346782744064,3
5776,46,39,104,26,-12.353574327141937,13
5777,87,17,79,13,-12.368409888374778,4
5778,50,17,36,10,-12.423703215189779,7
5779,49,10,80,6,-12.509141995238949,4
5780,103,12,55,9,-12.517980336309982,3
5781,5,27,75,17,-12.535083552437035,10
5782,58,14,54,9,-12.535089602873326,5
5783,87,27,98,19,-12.540784384215351,8
5784,5,27,57,19,-12.572003913811173,8
5785,39,15,58,11,-12.586107695941518,4
5786,5,14,48,10,-12.657719903594751,4
5787,88,16,111,12,-12.710530076381987,4
5788,106,24,46,15,-12.725492516069489,9
5789,106,14,33,10,-12.736963404825662,4
5790,109,27,114,20,-12.737377288037608,7
5791,94,31,16,22,-12.742627241743778,9
5792,36,10,95,7,-12.746346244298937,3
5793,81,12,54,8,-12.757047966098474,4
5794,14,19,16,13,-12.801433996471316,6
5795,19,11,63,8,-12.824791428015692,3
5796,45,14,23,10,-12.875487654765546,4
5797,65,21,2,16,-12.8900275785182,5
5798,75,12,98,8,-12.900340980932176,4
5799,19,10,18,7,-12.906348402552078,3
5800,8,16,78,11,-12.921729498024693,5
5801,9,20,20,14,-12.92396478016519,6
5802,84,13,41,9,-12.931428566792913,4
5803,51,14,34,10,-12.934608487352978,4
5804,60,29,91,19,-12.952631394075716,10
5805,102,21,107,14,-12.974367748289918,7
5806,30,11,80,8,-13.03236389442298,3
5807,91,15,43,11,-13.046946068237398,4
5808,112,21,28,15,-13.06776325687043,6
5809,108,11,84,8,-13.07106461175519,3
5810,88,12,98,9,-13.094822370834628,3
5811,70,10,83,6,-13.118339150755117,4
5812,37,28,95,21,-13.149042342745602,7
5813,88,17,102,13,-13.153141792955822,4
5814,35,12,97,9,-13.15953893586328,3
5815,70,22,11,16,-13.174919150937757,6
5816,51,13,94,9,-13.20979687229361,4
5817,54,18,36,12,-13.217744798273172,6
5818,41,16,8,12,-13.244566662838952,4
5819,88,36,95,25,-13.24512473637818,11
5820,96,39,11,27,-13.252582377716239,12
5821,11,23,95,17,-13.263288005084238,6
5822,5,31,102,21,-13.269431869962297,10
5823,99,12,7,8,-13.274517260788413,4
5824,106,19,64,13,-13.295192075566398,6
5825,46,17,50,11,-13.310329365776978,6
5826,47,11,78,7,-13.313837965116967,4
5827,18,16,47,12,-13.317575135316673,4
5828,46,12,18,9,-13.322032493347338,3
5829,114,28,87,18,-13.32969544089937,10
5830,83,18,16,13,-13.35123547721314,5
5831,51,29,78,18,-13.359227652506746,11
5832,32,11,55,7,-13.36363963009391,4
5833,35,12,104,8,-13.369677424437175,4
5834,112,11,91,8,-13.423237527272477,3
5835,53,15,75,10,-13.423496737137004,5
5836,32,12,25,7,-13.427877456338663,5
5837,35,15,36,11,-13.440272285829963,4
5838,55,17,102,12,-13.448934349992442,5
5839,90,10,93,7,-13.452391800759145,3
5840,86,24,26,18,-13.454427406615018,6
5841,66,11,7,7,-13.514093541012448,4
5842,38,15,104,10,-13.530669032796668,5
5843,103,11,74,8,-13.53565105452587,3
5844,104,18,64,13,-13.541290561517043,5
5845,104,21,49,15,-13.546207868188585,6
5846,74,10,15,7,-13.56932630742914,3
5847,3,10,38,7,-13.612373842695774,3
5848,46,12,93,9,-13.65474091099076,3
5849,78,10,76,8,-13.671397205033482,2
5850,86,16,92,11,-13.67676060817369,5
5851,44,14,104,10,-13.703910249073422,4
5852,3,22,63,17,-13.713969327820672,5
5853,31,25,63,18,-13.714594813504094,7
5854,33,14,63,10,-13.733555706081619,4
5855,69,18,30,12,-13.733696768023911,6
5856,79,11,13,8,-13.782362267237671,3
5857,112,11,97,9,-13.794615799527321,2
5858,76,12,15,8,-13.798152225410016,4
5859,31,74,13,51,-13.800549608099518,23
5860,31,17,98,11,-13.805084918983175,6
5861,8,21,34,15,-13.81699567409245,6
5862,83,13,11,10,-13.863860744018641,3
5863,50,19,53,13,-13.883151416746287,6
5864,76,17,54,12,-13.892444764564262,5
5865,68,14,34,10,-13.903096130211466,4
5866,40,10,100,7,-13.927928921941099,3
5867,112,11,37,8,-13.937736127059297,3
5868,69,19,75,14,-13.94230448490658,5
5869,109,11,91,8,-13.94618860472034,3
5870,71,24,40,17,-13.948125771645659,7
5871,75,12,111,8,-13.972281809419961,4
5872,91,11,69,7,-13.993001551531528,4
5873,77,29,40,21,-14.048771071022598,8
5874,57,12,62,9,-14.067895538486146,3
5875,112,13,49,9,-14.107588631583399,4
5876,61,10,30,7,-14.166437622294248,3
5877,63,10,15,7,-14.178625851059422,3
5878,80,11,41,8,-14.186716292232557,3
5879,3,15,20,11,-14.188922367828342,4
5880,66,11,63,8,-14.209916362631542,3
5881,69,21,58,14,-14.230642620976038,7
5882,37,12,34,9,-14.300571264435137,3
5883,87,14,34,10,-14.302419820319225,4
5884,102,11,46,8,-14.307494713152051,3
5885,50,18,80,14,-14.309192739594003,4
5886,112,15,47,10,-14.309777431810543,5
5887,57,12,31,8,-14.310689026630849,4
5888,112,10,108,7,-14.316449946299121,3
5889,69,18,49,12,-14.3183681466222,6
5890,63,37,80,27,-14.322048676220186,10
5891,77,27,7,19,-14.33556677589385,8
5892,83,10,40,8,-14.347262135245904,2
5893,90,16,20,11,-14.40477443227545,5
5894,70,26,108,19,-14.427393649276276,7
5895,14,11,80,7,-14.435345395194508,4
5896,5,12,44,9,-14.447481002517355,3
5897,2,10,73,7,-14.457830254043136,3
5898,78,13,27,11,-14.45913929654816,2
5899,25,12,34,9,-14.468789684868275,3
5900,51,18,45,13,-14.493324057948728,5
5901,27,10,111,8,-14.504025956772896,2
5902,2,12,13,8,-14.516038794033763,4
5903,37,12,73,8,-14.533349572792924,4
5904,9,11,108,7,-14.533752266696007,4
5905,62,19,74,14,-14.57027413820892,5
5906,99,12,50,8,-14.581629542155014,4
5907,29,22,88,16,-14.584788845308772,6
5908,97,11,14,9,-14.634263785488013,2
5909,35,10,3,7,-14.67345115895829,3
5910,18,13,69,9,-14.695896617157176,4
5911,94,10,9,6,-14.704426445452432,4
5912,83,19,114,14,-14.71253096490687,5
5913,31,10,100,7,-14.730848989291465,3
5914,102,11,90,6,-14.739148726840858,5
5915,109,21,27,14,-14.741810222555548,7
5916,106,14,32,11,-14.741977351969277,3
5917,2,10,57,7,-14.75670329182861,3
5918,27,10,108,7,-14.77653090302386,3
5919,54,36,75,25,-14.80658448659353,11
5920,81,24,51,16,-14.806900687075021,8
5921,80,11,34,9,-14.830360037538274,2
5922,68,15,29,11,-14.842517688016263,4
5923,28,12,110,8,-14.8602682733133,4
5924,108,10,8,8,-14.88327570809189,2
5925,112,10,55,8,-14.907032679929216,2
5926,17,21,95,16,-14.970865650802967,5
5927,57,11,38,7,-15.001479354971174,4
5928,75,10,45,8,-15.003649946946844,2
5929,99,18,25,13,-15.014737107768294,5
5930,94,17,81,11,-15.053941840602283,6
5931,69,10,111,7,-15.0816233253005,3
5932,70,11,34,8,-15.101320383881482,3
5933,57,13,100,9,-15.130206116996986,4
5934,94,13,30,9,-15.134946215773814,4
5935,71,17,41,13,-15.162388636591329,4
5936,11,13,100,9,-15.179784599525844,4
5937,43,13,30,10,-15.232406371172784,3
5938,68,15,61,11,-15.24709195978541,4
5939,37,13,18,10,-15.368965567811568,3
5940,46,12,98,8,-15.381140721878973,4
5941,25,14,49,10,-15.43786379260084,4
5942,107,25,73,17,-15.460672720698524,8
5943,84,22,112,16,-15.486639525748986,6
5944,31,15,69,10,-15.502962092044207,5
5945,2,18,104,12,-15.50344370749933,6
5946,106,10,89,6,-15.508251121091035,4
5947,10,11,37,7,-15.516949569025604,4
5948,14,11,25,9,-15.536643242754739,2
5949,31,12,104,8,-15.561592201078605,4
5950,5,20,23,15,-15.563915929412014,5
5951,45,14,4,10,-15.600891470448104,4
5952,85,11,106,8,-15.605731963514037,3
5953,97,13,90,9,-15.62188808576594,4
5954,38,10,87,7,-15.648595936017907,3
5955,58,23,65,16,-15.653154983328356,7
5956,35,13,87,9,-15.683184050777022,4
5957,51,23,15,16,-15.696340054221961,7
5958,43,11,78,8,-15.699752571068752,3
5959,1,13,8,10,-15.702434313684371,3
5960,80,13,75,10,-15.71805205236554,3
5961,35,12,80,9,-15.72406211872363,3
5962,77,14,37,10,-15.73169378416834,4
5963,96,16,93,12,-15.73319462766121,4
5964,57,20,7,13,-15.746440629237659,7
5965,35,10,75,8,-15.755761764469415,2
5966,37,10,15,8,-15.78269510258246,2
5967,12,12,75,8,-15.785867542761379,4
5968,77,16,30,12,-15.815643552868192,4
5969,31,45,16,33,-15.837412153743443,12
5970,2,10,60,7,-15.84205677205398,3
5971,39,18,99,14,-15.84878961626863,4
5972,12,15,41,11,-15.852631956602023,4
5973,91,11,76,9,-15.872477419459234,2
5974,13,26,30,18,-15.88389201939532,8
5975,28,12,43,8,-15.894105628705272,4
5976,9,30,53,22,-15.894615033798411,8
5977,70,13,80,11,-15.90133341789594,2
5978,63,13,14,9,-15.961958621197994,4
5979,5,18,41,12,-16.050377082501456,6
5980,9,24,15,16,-16.09746361196613,8
5981,77,20,8,15,-16.11157045463716,5
5982,112,15,71,11,-16.11687592102847,4
5983,83,12,23,9,-16.123810814063006,3
5984,102,10,43,7,-16.154622115934174,3
5985,78,10,100,8,-16.210411464087542,2
5986,79,10,76,8,-16.246721403642802,2
5987,69,21,53,15,-16.247322250303586,6
5988,7,16,61,11,-16.426968020447948,5
5989,25,25,11,20,-16.429746187224737,5
5990,109,14,15,11,-16.447207404622475,3
5991,55,15,14,12,-16.464885141480416,3
5992,88,17,80,12,-16.477538046034613,5
5993,36,10,101,8,-16.627946704419497,2
5994,41,12,30,8,-16.67014747818193,4
5995,71,15,95,10,-16.72675418994599,5
5996,3,26,84,18,-16.78303574893083,8
5997,76,10,1,7,-16.815372977495876,3
5998,30,14,95,10,-16.836817117204564,4
5999,97,14,38,11,-16.838290194315167,3
6000,57,10,79,7,-16.887992555348927,3
6001,10,12,13,9,-16.89276746041982,3
6002,112,19,20,15,-16.964936240764274,4
6003,31,10,38,6,-16.97274158238424,4
6004,50,16,77,13,-16.97319460562341,3
6005,46,11,43,8,-16.991693442801246,3
6006,65,31,100,25,-17.003977982643583,6
6007,70,11,48,8,-17.04295857723929,3
6008,79,13,104,9,-17.056081750892357,4
6009,1,14,18,11,-17.058153705270225,3
6010,13,17,80,12,-17.06375198393908,5
6011,20,12,60,9,-17.12579419517071,3
6012,9,28,41,21,-17.159883472781484,7
6013,5,22,27,16,-17.186967099907662,6
6014,35,12,63,9,-17.190706154289504,3
6015,106,10,35,7,-17.319051156851785,3
6016,39,10,45,7,-17.32115834390289,3
6017,19,11,55,8,-17.435802328445057,3
6018,18,14,23,10,-17.468338798211544,4
6019,11,13,30,10,-17.572520449971933,3
6020,83,11,110,9,-17.575104905290946,2
6021,68,31,112,24,-17.620663507177024,7
6022,3,11,5,7,-17.694163901939547,4
6023,55,12,44,9,-17.771847163193563,3
6024,5,18,30,15,-17.81053305502534,3
6025,8,10,69,8,-17.824588271872045,2
6026,88,17,32,13,-17.824594134673823,4
6027,114,11,111,8,-17.846918134233796,3
6028,22,11,13,9,-17.88490511828995,2
6029,43,16,55,14,-17.88766939591472,2
6030,68,21,95,18,-17.962668451083434,3
6031,33,18,55,14,-17.969879843551904,4
6032,112,22,78,17,-18.00765085252849,5
6033,28,28,90,22,-18.060877876686433,6
6034,103,10,109,7,-18.37872283171988,3
6035,18,10,5,8,-18.464269170029826,2
6036,81,14,49,10,-18.467862810158525,4
6037,9,15,48,12,-18.472872872736897,3
6038,18,10,49,8,-18.47715007090462,2
6039,33,14,65,11,-18.512762180418843,3
6040,31,15,106,11,-18.52908676481624,4
6041,102,11,30,8,-18.53374521303684,3
6042,43,11,45,8,-18.574891926068155,3
6043,57,13,34,10,-18.63083545853813,3
6044,68,15,50,11,-18.68712791744929,4
6045,77,19,16,15,-18.736127046783512,4
6046,17,12,103,10,-18.741287921745872,2
6047,28,17,99,13,-18.754584808369174,4
6048,77,10,100,8,-18.785807393142274,2
6049,47,11,55,8,-18.857554518412744,3
6050,11,10,2,8,-18.92308479788875,2
6051,4,13,98,11,-18.936498509144613,2
6052,106,10,92,8,-19.041690772468705,2
6053,68,12,103,9,-19.092898954379034,3
6054,2,10,100,7,-19.143504228869272,3
6055,79,10,17,8,-19.148955304516516,2
6056,54,16,4,14,-19.244087603842104,2
6057,18,14,99,11,-19.290873438644514,3
6058,36,19,30,17,-19.30529767168729,2
6059,58,19,86,15,-19.384187711945845,4
6060,51,10,101,8,-19.538804927619935,2
6061,57,12,94,9,-19.623299241538074,3
6062,32,12,95,10,-19.760326388824467,2
6063,94,11,85,9,-19.99391792955888,2
6064,84,11,7,9,-20.072751797902637,2
6065,10,15,51,12,-20.332726180509006,3
6066,5,10,64,8,-20.37578731830582,2
6067,35,11,48,9,-20.438098241934796,2
6068,68,11,90,9,-20.787956198015944,2
6069,79,10,30,8,-20.824119521738712,2
6070,38,11,55,9,-20.87506721402826,2
6071,107,16,19,14,-20.944642879740467,2
6072,43,10,110,8,-21.055981543018305,2
6073,10,13,112,10,-21.234179723414762,3
6074,77,10,98,8,-21.266559747636286,2
6075,91,16,104,15,-21.31971827875211,1
6076,51,16,2,12,-21.322170492802826,4
6077,9,24,27,19,-21.37349611486216,5
6078,51,20,90,17,-21.393287092982963,3
6079,4,13,25,11,-21.42004260246313,2
6080,4,15,41,10,-21.480590173913868,5
6081,68,17,100,13,-21.727189905119378,4
6082,31,12,62,9,-21.790941067775986,3
6083,97,12,91,10,-22.175648770183788,2
6084,3,12,30,11,-22.297017461985927,1
6085,57,12,29,10,-22.398372618819636,2
6086,112,14,80,11,-22.742433885358178,3
6087,8,11,4,10,-23.17790508365148,1
6088,31,10,15,8,-23.60998987148027,2
6089,109,11,12,10,-23.647352995961207,1
6090,69,11,27,9,-23.965125451311458,2
6091,57,11,112,9,-24.03512959326609,2
6092,97,11,34,9,-24.058676404388496,2
6093,97,12,73,9,-24.10757303293757,3
6094,3,16,75,14,-24.194103806582213,2
6095,57,12,26,10,-24.80508950345583,2
6096,77,17,75,15,-26.826580833678783,2
6097,23,12,90,11,-27.953563540615974,1
6098,37,11,44,11,-29.883498899257123,0
6099,102,10,112,9,-30.406521473655896,1
