,againstHero,games,hero,losses,shift,wins
0,112,10,102,1,30.406521473655896,9
1,44,11,37,0,29.883498899257123,11
2,90,12,23,1,27.953563540615978,11
3,75,17,77,2,26.826580833678786,15
4,75,16,3,2,24.194103806582213,14
5,73,12,97,3,24.10757303293757,9
6,34,11,97,2,24.058676404388496,9
7,112,11,57,2,24.035129593266095,9
8,27,11,69,2,23.96512545131146,9
9,15,10,31,2,23.609989871480266,8
10,26,11,57,2,23.524985632767628,9
11,4,11,8,1,23.177905083651492,10
12,80,14,112,3,22.742433885358178,11
13,30,12,3,1,22.29701746198592,11
14,91,12,97,2,22.175648770183788,10
15,62,12,31,3,21.79094106777599,9
16,41,15,4,5,21.480590173913868,10
17,25,13,4,2,21.42004260246313,11
18,90,20,51,3,21.39328709298296,17
19,12,10,109,1,21.32950515182345,9
20,2,16,51,4,21.322170492802822,12
21,104,16,91,1,21.319718278752113,15
22,98,10,77,2,21.266559747636286,8
23,112,13,10,3,21.23417972341476,10
24,49,13,81,3,21.209557531144654,10
25,100,16,68,4,21.192871209331795,12
26,110,10,43,2,21.055981543018305,8
27,19,15,107,1,20.94464287974046,14
28,55,11,38,2,20.87506721402826,9
29,30,10,79,2,20.824119521738705,8
30,90,11,68,2,20.787956198015944,9
31,27,23,9,5,20.738498367665727,18
32,48,11,35,2,20.438098241934792,9
33,64,10,5,2,20.375787318305825,8
34,29,11,57,2,20.355488402960383,9
35,51,15,10,3,20.332726180509006,12
36,43,11,28,3,20.23260375097008,8
37,7,11,84,2,20.072751797902637,9
38,85,11,94,2,19.99391792955888,9
39,95,12,32,2,19.760326388824463,10
40,15,13,109,2,19.71533244837535,11
41,101,10,51,2,19.538804927619935,8
42,86,19,58,4,19.384187711945845,15
43,30,19,36,2,19.30529767168729,17
44,99,14,18,3,19.290873438644514,11
45,4,16,54,2,19.2440876038421,14
46,100,10,2,3,19.14350422886928,7
47,92,10,106,2,19.041690772468705,8
48,98,13,4,2,18.936498509144613,11
49,2,10,11,2,18.923084797888755,8
50,55,11,47,3,18.857554518412744,8
51,100,10,77,2,18.78580739314227,8
52,99,17,28,4,18.754584808369174,13
53,50,15,68,4,18.68712791744929,11
54,34,13,57,3,18.630835458538126,10
55,45,11,43,3,18.574891926068155,8
56,106,15,31,4,18.52908676481624,11
57,65,14,33,3,18.51276218041885,11
58,49,10,18,2,18.47715007090462,8
59,5,10,18,2,18.464269170029823,8
60,109,10,103,3,18.37872283171988,7
61,90,28,28,6,18.060877876686437,22
62,78,22,112,5,18.00765085252849,17
63,55,18,33,4,17.969879843551904,14
64,95,21,68,3,17.962668451083438,18
65,103,11,17,2,17.94587086063706,9
66,55,16,43,2,17.887669395914717,14
67,111,11,114,3,17.846918134233796,8
68,32,17,88,4,17.82459413467382,13
69,69,10,8,2,17.824588271872045,8
70,30,18,5,3,17.81053305502534,15
71,44,12,55,3,17.77184716319356,9
72,5,11,3,4,17.694163901939547,7
73,112,29,68,7,17.658356341720012,22
74,16,18,77,4,17.61931989103236,14
75,110,11,83,2,17.575104905290946,9
76,30,13,11,3,17.572520449971933,10
77,103,11,68,3,17.55784937746984,8
78,23,14,18,4,17.468338798211544,10
79,55,11,19,3,17.435802328445057,8
80,45,10,39,3,17.32115834390289,7
81,35,10,106,3,17.319051156851785,7
82,63,12,35,3,17.190706154289504,9
83,27,22,5,6,17.18696709990766,16
84,48,14,9,3,17.18456919178544,11
85,27,11,78,1,17.136317360073022,10
86,60,12,20,3,17.12579419517071,9
87,80,17,13,5,17.063751983939074,12
88,18,14,1,3,17.058153705270225,11
89,104,13,79,4,17.056081750892357,9
90,48,11,70,3,17.04295857723929,8
91,100,31,65,6,17.003977982643583,25
92,43,11,46,3,16.991693442801246,8
93,34,12,87,3,16.987810368259346,9
94,84,10,108,2,16.982012889347196,8
95,77,16,50,3,16.97319460562341,13
96,38,10,31,4,16.97274158238424,6
97,20,19,112,4,16.964936240764274,15
98,13,12,10,3,16.892767460419815,9
99,49,12,112,3,16.877379434776067,9
100,38,14,97,3,16.838290194315167,11
101,95,14,30,4,16.836817117204568,10
102,1,10,76,3,16.815372977495876,7
103,88,21,29,5,16.771071942053304,16
104,95,15,71,5,16.72675418994599,10
105,30,12,41,4,16.67014747818193,8
106,101,10,36,2,16.6279467044195,8
107,80,17,88,5,16.47753804603461,12
108,14,15,55,3,16.464885141480416,12
109,11,25,25,5,16.429746187224733,20
110,61,16,7,5,16.42696802044795,11
111,53,21,69,6,16.247322250303586,15
112,76,10,79,2,16.246721403642802,8
113,100,10,78,2,16.210411464087542,8
114,43,10,102,3,16.154622115934178,7
115,23,12,83,3,16.123810814063006,9
116,71,15,112,4,16.116875921028473,11
117,41,18,5,6,16.05037708250146,12
118,14,13,63,4,15.961958621197992,9
119,41,26,9,7,15.923207095513272,19
120,80,13,70,2,15.901333417895936,11
121,53,30,9,8,15.894615033798411,22
122,30,26,13,8,15.883892019395324,18
123,84,25,3,8,15.87688434126543,17
124,76,11,91,2,15.872477419459232,9
125,41,15,12,4,15.852631956602023,11
126,99,18,39,4,15.84878961626863,14
127,60,10,2,3,15.842056772053983,7
128,16,45,31,12,15.837412153743443,33
129,8,17,77,4,15.792942369486319,13
130,75,12,12,4,15.785867542761377,8
131,15,10,37,2,15.78269510258246,8
132,16,28,94,7,15.781077975981173,21
133,75,10,35,2,15.755761764469415,8
134,7,20,57,7,15.746440629237663,13
135,93,16,96,4,15.733194627661211,12
136,37,14,77,4,15.73169378416834,10
137,80,12,35,3,15.72406211872363,9
138,75,13,80,3,15.718052052365534,10
139,8,13,1,3,15.702434313684373,10
140,78,11,43,3,15.699752571068752,8
141,87,13,35,4,15.683184050777024,9
142,87,10,38,3,15.648595936017909,7
143,90,13,97,4,15.621888085765939,9
144,106,11,85,3,15.60573196351404,8
145,4,14,45,4,15.600891470448106,10
146,94,10,57,3,15.586909768321169,7
147,23,20,5,5,15.563915929412016,15
148,104,12,31,4,15.561592201078605,8
149,25,11,14,2,15.536643242754739,9
150,37,11,10,4,15.516949569025604,7
151,112,21,84,6,15.508939798123755,15
152,89,10,106,4,15.508251121091039,6
153,104,18,2,6,15.503443707499333,12
154,69,15,31,5,15.502962092044205,10
155,34,19,8,5,15.461934531083395,14
156,73,25,107,8,15.460672720698525,17
157,49,14,25,4,15.43786379260084,10
158,98,12,46,4,15.381140721878971,8
159,18,13,37,3,15.368965567811566,10
160,61,15,68,4,15.24709195978541,11
161,30,13,43,3,15.232406371172788,10
162,79,16,87,3,15.19047686751735,13
163,41,17,71,4,15.16238863659133,13
164,34,11,70,3,15.101320383881482,8
165,111,10,69,3,15.0816233253005,7
166,65,22,58,7,15.056426069646061,15
167,81,17,94,6,15.053941840602283,11
168,25,18,99,5,15.014737107768298,13
169,45,10,75,2,15.003649946946844,8
170,38,11,57,4,15.001479354971178,7
171,95,21,17,5,14.970865650802967,16
172,55,10,112,2,14.907032679929213,8
173,8,10,108,2,14.883275708091887,8
174,110,12,28,4,14.860268273313302,8
175,51,24,81,8,14.806900687075016,16
176,75,35,54,11,14.800167840554582,24
177,108,10,27,3,14.77653090302386,7
178,57,10,2,3,14.75670329182861,7
179,114,26,109,6,14.744077219906968,20
180,32,14,106,3,14.741977351969275,11
181,100,10,31,3,14.730848989291463,7
182,114,19,83,5,14.712530964906872,14
183,9,10,94,4,14.704426445452436,6
184,69,13,18,4,14.69589661715718,9
185,3,10,35,3,14.67345115895829,7
186,14,11,97,2,14.634263785488013,9
187,49,15,69,5,14.620888888677557,10
188,50,12,99,4,14.581629542155014,8
189,74,19,62,5,14.57027413820892,14
190,108,11,9,4,14.533752266696009,7
191,73,12,37,4,14.533349572792922,8
192,13,12,2,4,14.516038794033767,8
193,111,10,27,2,14.504025956772896,8
194,45,18,51,5,14.493324057948724,13
195,34,12,25,3,14.468789684868277,9
196,73,10,2,3,14.457830254043136,7
197,44,12,5,3,14.447481002517355,9
198,80,11,14,4,14.435345395194508,7
199,108,26,70,7,14.42739364927628,19
200,100,12,11,4,14.357097767379111,8
201,40,10,83,2,14.347262135245902,8
202,7,27,77,8,14.33556677589385,19
203,80,37,63,10,14.322048676220186,27
204,108,10,112,3,14.316449946299116,7
205,31,12,57,4,14.310689026630849,8
206,80,18,50,4,14.309192739594003,14
207,46,11,102,3,14.30749471315205,8
208,34,12,37,3,14.30057126443514,9
209,30,15,77,4,14.240898393688356,11
210,63,11,66,3,14.209916362631539,8
211,20,15,3,4,14.188922367828338,11
212,41,11,80,3,14.18671629223256,8
213,15,10,63,3,14.178625851059422,7
214,39,14,85,5,14.177624685555417,9
215,30,10,61,3,14.166437622294247,7
216,27,15,84,5,14.146807896469795,10
217,40,29,77,8,14.048771071022596,21
218,69,11,91,4,13.993001551531528,7
219,111,12,75,4,13.972281809419963,8
220,40,24,71,7,13.948125771645659,17
221,91,11,109,3,13.946188604720339,8
222,75,19,69,5,13.942304484906579,14
223,37,11,112,3,13.937736127059294,8
224,100,10,40,3,13.927928921941099,7
225,100,10,38,2,13.910833855557149,8
226,60,22,112,6,13.909226533638929,16
227,54,17,76,5,13.892444764564262,12
228,60,11,48,3,13.885009960764796,8
229,53,19,50,6,13.883151416746285,13
230,11,13,83,3,13.863860744018647,10
231,98,17,31,6,13.805084918983171,11
232,13,74,31,23,13.800549608099516,51
233,97,11,112,2,13.794615799527321,9
234,43,17,53,4,13.791105639936726,13
235,30,18,69,6,13.733696768023911,12
236,63,14,33,4,13.733555706081617,10
237,63,25,31,7,13.714594813504092,18
238,104,14,44,4,13.703910249073422,10
239,92,16,86,5,13.67676060817369,11
240,93,12,46,3,13.65474091099076,9
241,38,10,3,3,13.612373842695769,7
242,15,10,74,3,13.569326307429137,7
243,64,18,104,5,13.54129056151704,13
244,34,12,68,4,13.537570287868375,8
245,74,11,103,3,13.53565105452587,8
246,104,15,38,5,13.530669032796665,10
247,7,11,66,4,13.514093541012448,7
248,26,24,86,6,13.454427406615018,18
249,93,10,90,3,13.452391800759148,7
250,102,17,55,5,13.448934349992445,12
251,36,15,35,4,13.440272285829963,11
252,25,12,32,5,13.427877456338663,7
253,75,15,53,5,13.423496737137006,10
254,91,11,112,3,13.423237527272482,8
255,104,12,35,4,13.369677424437178,8
256,15,21,51,7,13.366999946031312,14
257,55,11,32,4,13.36363963009391,7
258,78,29,51,11,13.359227652506744,18
259,16,18,83,5,13.351235477213141,13
260,28,17,72,5,13.339188061408779,12
261,87,28,114,10,13.329695440899371,18
262,18,12,46,3,13.322032493347338,9
263,47,16,18,4,13.317575135316673,12
264,50,17,46,6,13.310329365776974,11
265,64,19,106,6,13.295192075566398,13
266,7,12,99,4,13.274517260788409,8
267,102,31,5,10,13.269431869962297,21
268,95,23,11,6,13.26328800508424,17
269,11,39,96,12,13.25258237771624,27
270,95,36,88,11,13.24512473637818,25
271,8,16,41,4,13.244566662838952,12
272,36,18,54,6,13.217744798273172,12
273,94,13,51,4,13.20979687229361,9
274,11,22,70,6,13.174919150937761,16
275,97,12,35,3,13.159538935863281,9
276,95,28,37,7,13.149042342745604,21
277,53,15,77,5,13.125923769197524,10
278,83,10,70,4,13.118339150755117,6
279,100,13,102,3,13.116016377909167,10
280,98,12,88,3,13.09482237083463,9
281,28,21,112,6,13.067763256870427,15
282,100,24,87,9,13.050071983876245,15
283,43,15,91,4,13.046946068237395,11
284,100,15,60,4,13.00317877758717,11
285,91,29,60,10,12.952631394075715,19
286,34,14,51,4,12.934608487352977,10
287,20,20,9,6,12.923964780165193,14
288,78,16,8,5,12.921729498024693,11
289,23,16,17,5,12.920452187354222,11
290,18,10,19,3,12.906348402552078,7
291,98,12,75,4,12.900340980932176,8
292,2,21,65,5,12.890027578518202,16
293,23,14,45,4,12.875487654765548,10
294,47,14,112,5,12.859285190584627,9
295,27,19,109,7,12.854514856980066,12
296,49,20,104,6,12.812277987885736,14
297,104,20,27,5,12.796343894614777,15
298,41,12,84,4,12.75751979686909,8
299,54,12,81,4,12.757047966098476,8
300,100,10,3,3,12.750403478929712,7
301,95,10,36,3,12.746346244298937,7
302,33,14,106,4,12.736963404825662,10
303,46,24,106,9,12.725492516069492,15
304,111,16,88,4,12.710530076381987,12
305,29,14,68,4,12.697690451926613,10
306,48,14,5,4,12.657719903594751,10
307,10,11,87,3,12.637100065195789,8
308,38,11,17,4,12.634911882425525,7
309,3,14,29,4,12.621828554113096,10
310,57,27,5,8,12.572003913811171,19
311,98,27,87,8,12.540784384215351,19
312,54,14,58,5,12.535089602873327,9
313,75,27,5,10,12.535083552437033,17
314,55,12,103,3,12.517980336309982,9
315,63,21,3,5,12.512350085587688,16
316,80,10,49,4,12.50914199523895,6
317,36,17,50,7,12.423703215189779,10
318,104,39,46,13,12.353574327141933,26
319,67,12,97,3,12.35346782744064,9
320,78,10,20,3,12.337947782230119,7
321,98,29,96,9,12.301665445316493,20
322,32,10,39,3,12.25900875776762,7
323,71,11,84,3,12.255989147154674,8
324,48,27,54,9,12.230401373927076,18
325,74,22,60,8,12.230302476711508,14
326,75,19,43,5,12.224767647713705,14
327,43,14,9,5,12.224469441855378,9
328,78,11,106,3,12.210243252742755,8
329,7,18,76,7,12.19661731578168,11
330,109,17,39,4,12.189314131019263,13
331,107,21,99,7,12.174640608684571,14
332,77,24,51,9,12.161499329151763,15
333,2,22,70,8,12.153236389251056,14
334,19,11,31,3,12.140248760143196,8
335,92,12,63,5,12.136993324985582,7
336,15,13,55,3,12.101702748474299,10
337,107,15,103,4,12.08956039909795,11
338,58,19,69,7,12.089414430124696,12
339,34,14,20,4,12.080633416209027,10
340,30,18,91,5,12.061464887561753,13
341,1,18,63,7,12.054495717242014,11
342,15,20,9,8,12.038844634846162,12
343,58,16,13,4,12.037688148626765,12
344,1,12,104,4,12.020108292717422,8
345,109,11,98,3,11.980585816049416,8
346,37,16,60,6,11.9668638856867,10
347,50,11,72,3,11.966306538639385,8
348,104,14,81,6,11.956844186421009,8
349,53,10,54,3,11.951994898142782,7
350,95,27,18,9,11.951490678023532,18
351,109,11,29,5,11.905733206262543,6
352,62,18,63,6,11.898616241132697,12
353,90,18,104,6,11.89837391797068,12
354,13,10,79,3,11.8821323161708,7
355,20,12,29,4,11.85416559868577,8
356,78,10,47,4,11.843066191666676,6
357,74,34,28,11,11.834419909257846,23
358,78,10,37,3,11.831707242150298,7
359,63,47,28,14,11.8288664237163,33
360,74,10,64,4,11.828764368523546,6
361,28,16,111,5,11.82030122340792,11
362,83,10,17,4,11.812775268760372,6
363,53,10,91,3,11.811611902058761,7
364,100,11,57,4,11.809751461562088,7
365,16,10,10,3,11.804696651727895,7
366,8,21,40,6,11.791921402372775,15
367,44,10,54,3,11.791894285038754,7
368,91,12,65,4,11.784658313781675,8
369,17,18,109,6,11.781743441013703,12
370,55,37,1,11,11.76903355576794,26
371,16,11,67,3,11.761532223804268,8
372,27,32,65,10,11.719093568654257,22
373,91,13,96,4,11.692854193124042,9
374,34,23,28,7,11.682170467841415,16
375,98,11,48,3,11.678045251552971,8
376,30,33,39,11,11.664507953068155,22
377,30,11,94,4,11.643229108233816,7
378,15,21,18,6,11.590119158022436,15
379,90,15,39,5,11.57797650142359,10
380,33,15,50,5,11.568332857311571,10
381,78,14,69,5,11.56571628477884,9
382,108,10,11,3,11.565275419390533,7
383,36,16,104,6,11.564722196156039,10
384,111,10,71,3,11.563837134119533,7
385,74,15,76,6,11.544600382799558,9
386,80,10,30,3,11.535434430621326,7
387,63,10,94,3,11.526010775087409,7
388,15,11,76,4,11.511804844564256,7
389,57,19,63,7,11.49963226954776,12
390,100,25,54,8,11.463480826656635,17
391,47,14,81,4,11.445134927289029,10
392,114,39,106,13,11.417874917507987,26
393,60,28,69,11,11.415693819512112,17
394,29,10,95,3,11.401888238693152,7
395,76,23,35,8,11.396918545348738,15
396,4,11,38,3,11.395009854616484,8
397,107,14,10,5,11.38119632500004,9
398,104,21,71,8,11.370166649530528,13
399,86,20,52,6,11.33652830385731,14
400,64,12,20,3,11.33130846260478,9
401,50,38,20,12,11.31681648660145,26
402,47,23,60,7,11.313305625779169,16
403,7,25,96,7,11.300422106484014,18
404,80,10,5,3,11.295210617596885,7
405,2,14,55,5,11.276816159574059,9
406,75,52,7,17,11.274663385996204,35
407,28,10,103,3,11.258889995972657,7
408,90,12,48,4,11.252381363492233,8
409,87,29,70,11,11.250414739740135,18
410,107,16,83,5,11.249585120390279,11
411,40,13,81,4,11.249205674756393,9
412,95,28,51,8,11.244919045567018,20
413,75,17,109,5,11.242273446455997,12
414,30,42,107,14,11.239112957611853,28
415,94,13,12,5,11.237764519944161,8
416,38,12,112,3,11.230403622900138,9
417,46,20,96,8,11.223825219116966,12
418,73,13,51,4,11.219804453521853,9
419,98,18,106,6,11.217270403208776,12
420,25,15,3,5,11.214634960222732,10
421,100,12,46,4,11.210309669403356,8
422,89,11,1,4,11.209011069389932,7
423,114,45,65,16,11.207925536927627,29
424,6,12,61,4,11.200388242698187,8
425,100,12,84,3,11.16458160330148,9
426,43,16,4,6,11.162760468553993,10
427,55,13,85,4,11.149931721802192,9
428,75,16,38,4,11.14383618558865,12
429,58,14,39,4,11.116102776526807,10
430,40,10,19,3,11.104417905023016,7
431,74,13,32,4,11.101664191982366,9
432,70,22,57,9,11.101179297757742,13
433,78,13,80,4,11.097915766170063,9
434,75,13,29,5,11.096282078020437,8
435,17,12,78,4,11.090068157424293,8
436,62,11,57,3,11.089901365863183,8
437,19,17,54,7,11.077532313763603,10
438,13,74,88,24,11.06546945163849,50
439,99,11,11,4,11.04788337752713,7
440,32,12,114,4,11.045874107216177,8
441,64,25,9,7,11.036372697771332,18
442,53,41,88,13,11.023031682203495,28
443,41,14,92,5,11.016394202336144,9
444,98,10,68,3,11.014423279510455,7
445,15,13,71,4,11.00914391321026,9
446,3,11,109,4,11.003830469772147,7
447,56,13,107,5,11.000292497508868,8
448,51,20,110,6,11.000148170458745,14
449,50,37,88,13,10.986958086725295,24
450,89,10,13,4,10.939542022741618,6
451,27,14,64,4,10.925557497140753,10
452,98,16,29,5,10.909698341629543,11
453,73,17,5,6,10.907383059794872,11
454,102,10,35,4,10.903207987031468,6
455,111,21,41,8,10.875724405637953,13
456,71,16,77,5,10.872072685026803,11
457,37,46,54,15,10.870093974692763,31
458,106,17,81,7,10.816681182916202,10
459,100,10,29,4,10.811451389513943,6
460,104,27,77,9,10.795670361212093,18
461,55,25,91,7,10.791612827626562,18
462,59,11,7,3,10.771239818059199,8
463,63,11,72,3,10.764095493593645,8
464,27,27,31,11,10.758919665279384,16
465,109,35,8,13,10.73942071205048,22
466,54,11,111,3,10.714143810197228,8
467,43,13,36,5,10.713552025008548,8
468,76,30,68,7,10.70734350595971,23
469,51,25,74,7,10.704030149650722,18
470,48,32,107,11,10.694845948293114,21
471,5,25,98,9,10.66291868554062,16
472,30,20,64,7,10.642272986004784,13
473,98,18,71,6,10.627953776602759,12
474,16,12,101,4,10.622717697482882,8
475,7,31,91,9,10.609100286101588,22
476,26,10,28,3,10.592168464369761,7
477,69,18,28,7,10.575983527327304,11
478,95,15,9,6,10.569002592922953,9
479,71,19,54,7,10.563773271372229,12
480,28,17,40,7,10.551622113062637,10
481,27,30,60,9,10.546088726491146,21
482,86,16,56,5,10.543126647721753,11
483,71,19,97,6,10.5235339621969,13
484,27,27,36,10,10.523349599331352,17
485,89,14,37,6,10.519274673853001,8
486,114,12,12,5,10.50495457801322,7
487,78,17,16,6,10.487924828110982,11
488,75,14,102,4,10.47886729381523,10
489,75,35,8,11,10.477015226263449,24
490,23,12,77,4,10.472073733658851,8
491,6,10,31,4,10.459894630543896,6
492,64,25,112,7,10.447348803692252,18
493,89,11,68,4,10.440912670509611,7
494,44,16,39,6,10.434810009571377,10
495,95,19,114,7,10.422604339796184,12
496,110,11,7,5,10.422576579231729,6
497,1,11,12,4,10.420308122016623,7
498,63,13,85,5,10.414666124998384,8
499,11,32,84,11,10.414151914532594,21
500,106,16,93,6,10.37915501513517,10
501,58,11,112,4,10.3752608537424,7
502,9,12,12,4,10.366855545040103,8
503,65,38,93,15,10.357494219723515,23
504,94,10,7,3,10.355621654064773,7
505,16,26,1,7,10.345699287153877,19
506,37,13,1,5,10.342164269053148,8
507,7,14,81,6,10.32158298772756,8
508,107,29,31,13,10.30345756995746,16
509,49,11,29,4,10.30099349448638,7
510,30,11,102,4,10.296833808784982,7
511,38,12,54,4,10.280232127604943,8
512,34,12,104,4,10.27427919250402,8
513,85,15,50,5,10.26203922127155,10
514,77,12,99,3,10.252199704478638,9
515,67,16,106,6,10.252161434234207,10
516,16,44,18,14,10.239548895772598,30
517,13,44,18,16,10.235626547789115,28
518,28,27,68,8,10.229548768409218,19
519,63,35,91,11,10.225389928816243,24
520,30,17,31,7,10.214096274935343,10
521,63,10,19,3,10.212473229345921,7
522,25,24,68,8,10.211790433098953,16
523,10,14,28,4,10.207926130943799,10
524,11,36,37,12,10.20717474941383,24
525,91,24,39,8,10.206322081312438,16
526,114,16,57,5,10.202940786046575,11
527,48,24,96,8,10.200121519345739,16
528,98,15,2,6,10.198603389321667,9
529,71,13,33,4,10.195530501937561,9
530,97,41,37,14,10.190687502541845,27
531,89,13,104,5,10.17868688184359,8
532,6,12,9,5,10.175309866966636,7
533,43,29,86,9,10.173097117221216,20
534,9,12,57,4,10.16503135783016,8
535,92,16,68,5,10.14730683848729,11
536,96,11,23,4,10.143008283174426,7
537,53,37,31,14,10.136338371296793,23
538,92,10,109,3,10.132066653367776,7
539,46,14,70,5,10.128652016947743,9
540,17,18,60,6,10.12863063958789,12
541,8,10,35,3,10.118762046100299,7
542,50,20,102,8,10.118106239071224,12
543,53,21,17,7,10.11768769756885,14
544,53,36,36,11,10.114732824687987,25
545,18,24,8,7,10.103008591242306,17
546,89,11,74,4,10.093150392265771,7
547,79,12,106,4,10.079963228120917,8
548,40,16,49,6,10.077718304922938,10
549,13,23,83,8,10.067954696106945,15
550,80,19,51,7,10.049293803677342,12
551,44,10,38,3,10.048373138060269,7
552,39,29,43,11,10.035622734323454,18
553,110,13,107,4,10.03472132274693,9
554,11,14,18,5,10.031989827572826,9
555,75,12,57,4,10.001839571130395,8
556,95,25,65,9,9.987438820754939,16
557,73,18,88,6,9.974203425238965,12
558,63,48,84,18,9.967741289394295,30
559,63,45,88,14,9.955054334971098,31
560,87,20,81,9,9.92521789350872,11
561,95,10,2,3,9.920312629990502,7
562,8,23,15,9,9.913275414610844,14
563,107,21,102,8,9.900916609628295,13
564,18,39,39,13,9.885046818102031,26
565,2,17,54,5,9.883928701627934,12
566,17,15,71,6,9.874078720771614,9
567,76,12,18,4,9.847622493503502,8
568,30,16,63,6,9.842696842263113,10
569,53,10,98,4,9.839111782848335,6
570,54,13,57,3,9.824315369895016,10
571,104,25,75,9,9.822163907084754,16
572,48,24,87,8,9.816807340039903,16
573,40,24,17,8,9.815776001763279,16
574,64,17,37,6,9.810222324765896,11
575,62,10,93,4,9.798162399200404,6
576,63,11,61,3,9.795863144147216,8
577,11,11,71,4,9.793856230234496,7
578,40,25,3,8,9.786955757231253,17
579,37,24,83,9,9.783726366978417,15
580,30,12,52,4,9.763146241314214,8
581,60,23,29,9,9.749299847855864,14
582,89,13,16,5,9.733195931265595,8
583,16,16,32,6,9.72172092201369,10
584,43,19,31,10,9.720852773553682,9
585,85,13,13,4,9.717007051558657,9
586,75,18,11,7,9.71088785220573,11
587,102,33,86,11,9.70383463978044,22
588,53,18,3,6,9.694466592939397,12
589,53,12,38,4,9.664145468055217,8
590,100,12,71,4,9.66068752031631,8
591,111,16,63,6,9.656549842780759,10
592,41,15,17,5,9.654478177971624,10
593,22,10,114,5,9.649313306364819,5
594,48,23,79,8,9.646370149116427,15
595,93,10,104,4,9.637966581885273,6
596,78,10,114,4,9.632244308821944,6
597,41,23,53,8,9.631953807885303,15
598,70,17,109,6,9.623350653501726,11
599,76,16,9,5,9.621504571842449,11
600,99,14,8,6,9.61106559286031,8
601,83,18,84,7,9.609473734372159,11
602,8,13,53,4,9.596286006275326,9
603,80,14,39,5,9.589468521855673,9
604,11,25,109,8,9.585833860536326,17
605,15,31,88,9,9.582914300229938,22
606,73,20,7,8,9.582485903794176,12
607,64,44,60,14,9.569439655645416,30
608,65,27,29,11,9.569239085182382,16
609,13,24,97,9,9.567486234498416,15
610,7,23,19,7,9.559895766747154,16
611,106,13,108,4,9.535201707134298,9
612,13,23,94,8,9.527562000187663,15
613,1,22,31,9,9.525804060927038,13
614,87,16,112,6,9.523536917370144,10
615,20,32,25,11,9.520523686179052,21
616,18,27,9,9,9.520249042639604,18
617,104,14,69,4,9.512677665660085,10
618,8,17,36,6,9.51236026695053,11
619,90,14,80,4,9.509239360264802,10
620,114,13,2,5,9.509158562417847,8
621,90,21,13,7,9.506733485788097,14
622,37,22,99,7,9.502759058160713,15
623,37,29,7,11,9.500511382222342,18
624,102,13,60,5,9.490462801517765,8
625,70,10,58,3,9.487562225897108,7
626,75,58,68,19,9.486513066984084,39
627,97,23,51,7,9.463450569827408,16
628,16,47,96,14,9.46295382882651,33
629,102,12,17,4,9.460667678985603,8
630,32,11,63,4,9.44232166344675,7
631,64,14,92,7,9.432471863302014,7
632,108,15,39,6,9.406857006968854,9
633,45,22,107,8,9.39975575090587,14
634,86,21,72,7,9.392937391895078,14
635,63,25,109,10,9.392892060380623,15
636,48,13,51,6,9.391737592298234,7
637,109,11,36,3,9.390936468630548,8
638,80,33,107,11,9.376730084103613,22
639,41,16,77,5,9.374945974938667,11
640,76,17,39,5,9.374915521858481,12
641,104,21,84,8,9.37162724208143,13
642,87,14,33,5,9.358610632806945,9
643,23,12,50,3,9.354699302165745,9
644,29,16,19,5,9.346278486992212,11
645,63,19,69,6,9.343078071737848,13
646,28,29,2,10,9.34282167881126,19
647,111,15,51,5,9.328246716797016,10
648,68,47,87,17,9.326644896683149,30
649,60,16,58,6,9.319426070200468,10
650,50,17,70,7,9.316243790355681,10
651,15,18,87,7,9.315321569312852,11
652,86,15,67,6,9.30654184494345,9
653,100,17,18,7,9.297622647277194,10
654,63,19,77,6,9.291814452323939,13
655,75,13,93,5,9.279825087560205,8
656,20,16,90,6,9.25670480461804,10
657,41,29,104,12,9.232545203988776,17
658,70,16,69,5,9.227346228401574,11
659,64,11,81,4,9.217681779438383,7
660,27,15,4,6,9.214915067697104,9
661,2,12,40,4,9.204153353273352,8
662,73,17,40,6,9.199997222971483,11
663,15,13,91,6,9.175439096539632,7
664,41,15,49,6,9.171912615870818,9
665,40,15,102,6,9.171373555966685,9
666,92,15,40,5,9.168940871834318,10
667,53,22,108,9,9.163083344546394,13
668,16,63,106,21,9.160803291418002,42
669,50,43,5,17,9.156049369840707,26
670,9,16,47,6,9.146152811782594,10
671,91,22,20,9,9.11515023214943,13
672,92,11,17,4,9.114563540800457,7
673,109,15,31,5,9.11388757240418,10
674,87,34,9,14,9.102227844026777,20
675,63,30,76,10,9.086063762983459,20
676,95,34,8,13,9.079209474058969,21
677,44,29,86,10,9.073857704921485,19
678,28,34,75,12,9.068390514566694,22
679,47,21,68,7,9.052758514326353,14
680,35,16,45,7,9.040031591861501,9
681,11,13,9,5,9.034750029595234,8
682,78,11,1,4,9.032660142019099,7
683,54,17,43,7,9.026858404506273,10
684,75,18,100,8,9.024866169547831,10
685,30,16,70,7,9.016092338129877,9
686,5,15,36,6,9.008614310253613,9
687,100,19,43,8,8.981606565772067,11
688,27,14,77,5,8.98057953611799,9
689,28,15,52,6,8.975367013246691,9
690,76,12,94,4,8.97405454794504,8
691,97,18,36,7,8.970668153566264,11
692,47,20,114,8,8.969382880850322,12
693,28,11,32,4,8.963821007682872,7
694,63,34,48,12,8.958044896706859,22
695,100,11,49,5,8.94783461865437,6
696,73,12,31,4,8.938919570135752,8
697,11,10,91,3,8.923724837318142,7
698,110,19,25,6,8.917701672558222,13
699,89,15,107,5,8.908975430626485,10
700,7,20,109,7,8.9080321410632,13
701,65,16,57,6,8.901462100183856,10
702,69,12,97,4,8.888377862411462,8
703,44,20,13,7,8.886721786197054,13
704,49,11,53,4,8.876928289416245,7
705,23,16,12,6,8.872217683410865,10
706,57,36,107,14,8.850709109073525,22
707,32,15,87,5,8.84415502943487,10
708,19,12,57,4,8.841856546576304,8
709,63,19,36,7,8.822881427312195,12
710,36,18,47,6,8.810892372607714,12
711,106,10,42,3,8.802546839644418,7
712,39,36,20,15,8.800920294125156,21
713,109,12,77,5,8.789144881364965,7
714,106,23,18,8,8.778191080978742,15
715,39,36,88,13,8.756638990991734,23
716,108,27,13,9,8.751351034715968,18
717,38,14,106,7,8.74501943352997,7
718,104,23,11,8,8.742484307216115,15
719,4,22,17,7,8.727735068009611,15
720,8,26,57,9,8.727187925997562,17
721,58,10,45,4,8.721721801464442,6
722,81,13,69,5,8.721044769504893,8
723,45,15,86,6,8.710518828201982,9
724,63,15,102,6,8.710165699989911,9
725,63,35,20,14,8.705248065274409,21
726,30,10,2,4,8.704387763563812,6
727,110,14,39,4,8.694421097429624,10
728,16,26,76,12,8.692110714550006,14
729,76,15,60,4,8.678706996102921,11
730,77,16,88,6,8.678317130754186,10
731,9,31,31,11,8.678153869820548,20
732,85,10,98,3,8.673802483900154,7
733,41,19,97,7,8.638943706099205,12
734,13,32,69,12,8.635152076913185,20
735,76,12,57,4,8.631010009083717,8
736,51,51,63,21,8.61580742538916,30
737,27,19,53,6,8.613512457869616,13
738,69,15,57,5,8.610432071680039,10
739,51,21,33,6,8.606152418737853,15
740,90,22,50,8,8.598522697494,14
741,110,19,16,7,8.596145036216202,12
742,95,23,55,8,8.575006509864881,15
743,41,13,3,3,8.570007818582788,10
744,78,19,7,8,8.565348954184037,11
745,78,11,36,4,8.552435160203329,7
746,114,13,62,5,8.54955618000272,8
747,12,13,106,4,8.530975907772834,9
748,34,12,39,5,8.530792842427957,7
749,86,28,48,10,8.527783865058886,18
750,62,23,88,9,8.512625127129992,14
751,91,10,45,4,8.504304930616431,6
752,64,28,40,10,8.496071624321134,18
753,75,16,1,5,8.487454866261048,11
754,1,17,87,7,8.486946792849304,10
755,74,14,77,5,8.485489523270209,9
756,15,13,53,5,8.45144556317874,8
757,95,14,96,5,8.45037398259218,9
758,8,32,114,11,8.446067232393613,21
759,41,40,86,14,8.438958336325594,26
760,96,24,70,11,8.437417991026262,13
761,55,20,114,7,8.432483182241098,13
762,73,19,90,7,8.424101991862472,12
763,109,14,67,7,8.410228891959628,7
764,80,11,79,5,8.39440233865723,6
765,9,18,104,7,8.393887747252995,11
766,67,10,104,4,8.393331116483226,6
767,78,14,53,6,8.385129502111273,8
768,7,45,25,16,8.37280661834829,29
769,64,11,29,3,8.360354117139725,8
770,7,22,5,8,8.357081514884824,14
771,38,23,65,10,8.354229779220864,13
772,41,32,31,12,8.353957395244583,20
773,39,20,112,8,8.345179878987272,12
774,69,20,68,8,8.344032655118443,12
775,76,39,51,13,8.339242903099507,26
776,25,15,9,5,8.323455878342044,10
777,102,17,88,5,8.307899790454732,12
778,53,29,30,11,8.306098230837586,18
779,90,31,106,10,8.283845461248372,21
780,16,66,63,25,8.283483649795642,41
781,41,18,91,6,8.276671952774393,12
782,86,19,103,7,8.275383973570774,12
783,75,12,76,5,8.269580351796622,7
784,50,34,55,14,8.268886532039616,20
785,37,12,14,5,8.266467835075433,7
786,16,42,46,15,8.265204078980108,27
787,100,40,51,18,8.260849817201073,22
788,2,12,38,5,8.244738843628978,7
789,94,10,2,4,8.235738884159371,6
790,112,10,79,4,8.23380656767564,6
791,69,21,106,8,8.230262561693124,13
792,112,14,40,6,8.221202026655053,8
793,13,32,3,10,8.213668704863407,22
794,100,10,70,4,8.21076639612227,6
795,87,24,93,9,8.20135369004028,15
796,74,25,39,10,8.195535087876927,15
797,63,11,89,3,8.19292788894577,8
798,104,35,60,10,8.183651908443375,25
799,50,18,30,7,8.173377893689405,11
800,68,11,33,4,8.166895131198165,7
801,50,28,71,11,8.165371088482388,17
802,16,32,69,12,8.160441247046853,20
803,107,12,61,5,8.157075963099336,7
804,18,16,112,5,8.155957753880719,11
805,16,38,9,13,8.149237537668299,25
806,4,10,112,4,8.145974306589784,6
807,26,10,107,4,8.136960920766814,6
808,30,16,46,6,8.09849810603762,10
809,37,42,46,14,8.09589581959515,28
810,60,30,50,13,8.087484578525554,17
811,76,12,108,4,8.086994753980798,8
812,7,15,10,6,8.086365440359023,9
813,109,15,46,6,8.081904977493476,9
814,8,61,5,24,8.080732178020162,37
815,110,16,97,6,8.077466293642946,10
816,16,18,14,7,8.06483217295593,11
817,53,13,46,5,8.064750592390656,8
818,51,15,91,5,8.060157448942936,10
819,108,19,87,7,8.0530569756161,12
820,48,13,108,4,8.047800069948497,9
821,58,26,107,9,8.037629940895535,17
822,37,16,27,6,8.030406858059436,10
823,60,22,12,11,8.028571999054883,11
824,75,41,50,14,8.02466935745211,27
825,63,12,52,5,8.015196003418383,7
826,35,11,9,5,8.012816785902409,6
827,48,12,25,5,8.01244102921806,7
828,91,31,98,12,8.010154956050265,19
829,27,38,88,16,8.004162194472352,22
830,102,19,96,7,7.9956311609664965,12
831,13,16,70,6,7.990308468406848,10
832,5,28,84,11,7.986435375626319,17
833,84,31,39,12,7.976509708255431,19
834,12,12,4,4,7.976222296376225,8
835,12,22,107,7,7.967915897333259,15
836,65,25,5,10,7.967561696591304,15
837,80,12,68,4,7.963368280059832,8
838,23,21,39,8,7.9630880242589255,13
839,13,18,29,8,7.95544012341084,10
840,89,12,53,5,7.9499730264780055,7
841,53,19,61,6,7.9431150632920575,13
842,73,17,87,5,7.942207150258419,12
843,30,41,65,15,7.937351182752284,26
844,18,10,34,3,7.934073113605032,7
845,77,12,64,6,7.9282827223690555,6
846,33,16,20,6,7.928062438364485,10
847,54,22,18,9,7.917650548154775,13
848,88,10,82,4,7.912578083642496,6
849,13,18,6,7,7.906119004345001,11
850,71,13,38,4,7.906029048659733,9
851,78,11,31,5,7.904414780494012,6
852,60,24,81,9,7.879588509675568,15
853,55,17,23,8,7.871570609888838,9
854,100,21,88,8,7.8714372446179155,13
855,102,18,51,7,7.870945415633869,11
856,114,25,90,10,7.8701656835045455,15
857,44,12,35,5,7.859665557157517,7
858,106,26,91,9,7.859341034872018,17
859,15,30,39,10,7.850357643973713,20
860,53,19,109,7,7.841205358929896,12
861,7,11,2,4,7.836909370766421,7
862,8,17,98,6,7.8322640771965775,11
863,11,17,68,7,7.831590933710191,10
864,107,20,77,8,7.820720701788074,12
865,25,46,46,19,7.8204011950255445,27
866,87,36,40,15,7.816149468605837,21
867,75,21,49,8,7.802050873504809,13
868,114,12,110,4,7.80031681097971,8
869,50,15,48,5,7.798532000224024,10
870,49,23,60,9,7.790150947440368,14
871,47,10,111,4,7.786638633209644,6
872,13,43,43,19,7.783895328367697,24
873,68,28,18,11,7.775566947501909,17
874,92,14,114,4,7.774797164908212,10
875,11,11,29,5,7.772596001756131,6
876,41,15,81,5,7.770221546669875,10
877,50,22,18,9,7.758401768064157,13
878,53,11,73,4,7.756297558195456,7
879,37,49,25,20,7.755599308877524,29
880,73,13,54,5,7.746921178252216,8
881,28,14,12,5,7.741725097225164,9
882,44,11,84,5,7.741464370739849,6
883,78,18,87,8,7.738249145100052,10
884,15,15,1,5,7.73306575970013,10
885,46,13,64,5,7.701785189637151,8
886,64,11,11,3,7.699861982788657,8
887,111,25,7,10,7.69032342577198,15
888,5,32,11,12,7.687442157533876,20
889,13,15,76,6,7.686884560878501,9
890,37,29,38,11,7.668156637885108,18
891,37,24,96,10,7.665844925696509,14
892,33,13,31,6,7.647223417443057,7
893,70,11,60,4,7.6464357490262,7
894,97,29,5,10,7.639418302115124,19
895,96,22,80,8,7.6325568595370585,14
896,23,13,91,6,7.630492751883036,7
897,18,20,36,8,7.5949028785012285,12
898,58,18,88,7,7.5880987725104365,11
899,72,10,36,4,7.585561627806539,6
900,28,31,114,13,7.584853881328923,18
901,46,12,77,5,7.574271980014295,7
902,34,14,5,4,7.5706698448560905,10
903,40,66,68,24,7.5703219943157025,42
904,107,29,109,11,7.567930415965966,18
905,27,15,12,6,7.56496672619456,9
906,85,10,46,3,7.538229298143679,7
907,6,11,55,3,7.526848268362216,8
908,55,18,77,7,7.520653437888106,11
909,43,10,77,4,7.51711606382523,6
910,88,24,3,9,7.5117017749719,15
911,53,19,12,8,7.511441486905761,11
912,43,15,84,6,7.511290434631544,9
913,15,13,50,5,7.509982415529958,8
914,27,14,98,6,7.497316272159128,8
915,54,30,60,11,7.494934117874263,19
916,108,15,60,6,7.490204395999503,9
917,69,33,86,13,7.481902613377745,20
918,41,11,96,3,7.480521636982391,8
919,15,12,11,5,7.479857576670452,7
920,48,10,89,3,7.476757612743907,7
921,70,14,36,6,7.476080415111229,8
922,108,15,63,6,7.475559971035058,9
923,16,32,43,11,7.475406687421778,21
924,64,37,31,14,7.4738922265185375,23
925,28,10,81,4,7.472696801730322,6
926,45,12,53,5,7.463487107897495,7
927,37,21,110,9,7.457046552670356,12
928,86,53,97,21,7.453774682156136,32
929,46,30,75,12,7.449361290092638,18
930,8,28,84,10,7.447150756775401,18
931,64,17,43,7,7.43896725456377,10
932,12,11,49,3,7.427413487751817,8
933,34,11,43,4,7.424240308041092,7
934,54,44,109,16,7.42149631612999,28
935,8,19,91,7,7.416456742894205,12
936,36,34,41,16,7.412500474371832,18
937,64,11,19,3,7.409166426273504,8
938,76,14,49,5,7.397729008977233,9
939,20,35,84,11,7.397610796744058,24
940,1,10,5,4,7.391988711274886,6
941,72,13,51,6,7.389012124503451,7
942,75,50,16,20,7.38842567902132,30
943,73,10,71,4,7.37323406519455,6
944,13,35,54,13,7.373225396669799,22
945,34,15,74,5,7.367415754617591,10
946,31,14,80,4,7.367135464628976,10
947,25,16,33,5,7.36592627296452,11
948,77,10,114,4,7.3654772203978025,6
949,49,13,23,5,7.360298065336568,8
950,73,25,8,10,7.35879002547718,15
951,40,41,104,15,7.342291894534163,26
952,23,35,60,13,7.340628657093163,22
953,81,19,16,7,7.334894223977403,12
954,75,16,2,7,7.332326563651873,9
955,2,32,107,12,7.32884412298255,20
956,70,42,5,17,7.323141246130927,25
957,1,23,65,10,7.319832649719675,13
958,39,24,106,10,7.31226919998241,14
959,54,33,40,13,7.298767912387551,20
960,17,17,9,7,7.295940921809664,10
961,47,11,61,4,7.295405799949466,7
962,43,31,40,13,7.2876910701836355,18
963,97,16,29,6,7.284915525257299,10
964,13,20,98,7,7.284404613166717,13
965,114,42,13,19,7.284350704257176,23
966,16,110,88,41,7.282392910348155,69
967,55,20,68,7,7.273979151335479,13
968,106,13,57,6,7.272492874678534,7
969,11,22,57,10,7.269135156551405,12
970,62,10,96,3,7.268496266352443,7
971,110,16,70,6,7.267896542251015,10
972,20,17,98,6,7.267496359610282,11
973,6,15,27,6,7.265927261688612,9
974,75,19,81,7,7.259552889264539,12
975,86,30,79,11,7.258463117259926,19
976,11,12,10,5,7.252899748629005,7
977,98,12,93,5,7.2513528092711335,7
978,46,13,90,5,7.250761878801304,8
979,20,21,41,9,7.246750485082596,12
980,31,14,5,5,7.246607645789562,9
981,20,10,75,4,7.241047227766171,6
982,114,27,40,9,7.240772461331043,18
983,114,14,81,6,7.238705590547007,8
984,54,16,62,6,7.236680580960737,10
985,15,16,3,7,7.226872372846494,9
986,13,60,106,23,7.22482230869508,37
987,35,20,40,7,7.2238461178978355,13
988,27,13,35,5,7.215256796262466,8
989,27,15,30,6,7.200183092509692,9
990,81,32,13,12,7.194897673585073,20
991,27,20,63,9,7.19472225275396,11
992,36,16,112,6,7.175574629533441,10
993,20,19,68,8,7.16589556666434,11
994,38,18,84,8,7.154125748328736,10
995,34,12,60,4,7.148158666349012,8
996,29,14,37,6,7.147246302868531,8
997,88,10,103,4,7.146583091840611,6
998,5,17,60,6,7.144002600647477,11
999,40,50,55,19,7.142420946012768,31
1000,87,27,91,10,7.142016410462965,17
1001,90,26,87,10,7.134749793973535,16
1002,63,58,54,22,7.133964662886907,36
1003,75,57,107,18,7.131800392099847,39
1004,88,11,67,3,7.127393540580368,8
1005,100,15,30,5,7.12422480058823,10
1006,67,12,107,4,7.124134838046416,8
1007,86,30,83,10,7.114862976089345,20
1008,57,24,39,10,7.110575192370116,14
1009,28,20,62,8,7.086204539456473,12
1010,28,35,70,14,7.078735797739843,21
1011,102,14,98,6,7.075813129571894,8
1012,50,14,49,6,7.064134383315743,8
1013,100,21,25,9,7.062312436550092,12
1014,99,18,36,6,7.061516094995872,12
1015,65,16,73,6,7.056062739811479,10
1016,55,25,97,9,7.041738062020972,16
1017,20,10,110,4,7.040932959044509,6
1018,39,57,68,24,7.03302707182893,33
1019,16,31,64,11,7.027713443588521,20
1020,95,15,40,6,7.026458120737083,9
1021,87,27,53,12,7.022639512769477,15
1022,93,26,54,9,7.002072182522706,17
1023,80,13,48,4,6.99747900943173,9
1024,62,15,5,6,6.992708759597391,9
1025,114,19,1,7,6.990089974683044,12
1026,111,23,13,10,6.988942249892523,13
1027,17,20,55,9,6.987444025974705,11
1028,107,26,35,9,6.986606963430158,17
1029,86,40,76,16,6.98260230857948,24
1030,8,17,33,6,6.975602243001775,11
1031,18,23,97,9,6.965163575719862,14
1032,16,34,36,13,6.9623095532486845,21
1033,32,18,104,6,6.95922508638955,12
1034,90,20,63,8,6.95733483322538,12
1035,4,25,51,9,6.952578906103857,16
1036,99,12,88,5,6.93913123202866,7
1037,7,21,46,7,6.935769096747123,14
1038,75,19,30,8,6.923427737676235,11
1039,114,23,3,8,6.912850093555391,15
1040,100,12,94,4,6.908753486589099,8
1041,13,14,102,4,6.907912883852887,10
1042,76,16,88,7,6.891817282335726,9
1043,90,22,65,10,6.887045978873851,12
1044,114,47,5,19,6.885144276646171,28
1045,34,18,84,8,6.88355580878115,10
1046,106,15,99,5,6.882359612487447,10
1047,3,13,18,4,6.867625983582321,9
1048,60,43,4,19,6.864343045215706,24
1049,114,19,96,7,6.8573207383282995,12
1050,13,29,95,12,6.852052215706936,17
1051,7,99,51,37,6.849475435937799,62
1052,78,18,54,7,6.844050551797868,11
1053,86,80,96,31,6.839782165020975,49
1054,78,14,96,5,6.830515928543477,9
1055,95,25,106,9,6.830338155584792,16
1056,68,69,31,28,6.821634358561019,41
1057,65,14,66,5,6.821265394674894,9
1058,30,22,104,10,6.820606807560422,12
1059,100,19,112,8,6.81974484116209,11
1060,98,40,86,17,6.818936598158919,23
1061,56,13,4,6,6.816273515879696,7
1062,44,21,6,7,6.813562816650853,14
1063,51,20,96,8,6.809158319794973,12
1064,60,18,45,8,6.8022482279138705,10
1065,49,10,71,4,6.800377692667283,6
1066,55,10,31,4,6.798197972656263,6
1067,39,81,51,33,6.781026894224875,48
1068,81,10,108,4,6.778588424753946,6
1069,33,23,107,10,6.763493299081546,13
1070,13,43,23,19,6.759962036733638,24
1071,57,12,109,5,6.758716421545093,7
1072,53,13,90,5,6.752088210585151,8
1073,30,19,18,8,6.749976540021853,11
1074,94,10,71,4,6.748460655059317,6
1075,45,13,68,5,6.747691137383071,8
1076,45,32,7,13,6.743551275422484,19
1077,100,18,63,8,6.742683547587139,10
1078,84,25,48,9,6.7407911051084906,16
1079,40,14,78,4,6.732885786530082,10
1080,74,38,96,14,6.731828732252355,24
1081,14,13,95,5,6.731405281187272,8
1082,86,90,51,39,6.726193388019496,51
1083,100,11,95,5,6.722166987268522,6
1084,65,10,32,4,6.718474357729474,6
1085,28,35,97,13,6.716635909782017,22
1086,39,14,78,6,6.71185999456239,8
1087,83,15,74,7,6.703298030488857,8
1088,111,11,106,3,6.697425895741327,8
1089,7,18,62,7,6.690218008322475,11
1090,54,75,88,30,6.6874207756050055,45
1091,78,25,57,11,6.68038209215525,14
1092,7,50,87,19,6.677586186974331,31
1093,16,68,55,25,6.673907741530192,43
1094,83,11,71,5,6.656205380333864,6
1095,12,13,87,5,6.654704325795005,8
1096,71,19,37,8,6.653996053488669,11
1097,76,15,114,5,6.6539119931134865,10
1098,32,26,5,10,6.647447060451906,16
1099,4,30,65,12,6.6356003955737535,18
1100,39,22,37,9,6.632156694863052,13
1101,25,48,5,19,6.626414170343125,29
1102,74,14,9,5,6.620459467868885,9
1103,85,10,75,3,6.61929344121288,7
1104,71,18,81,7,6.61709770119633,11
1105,55,21,64,7,6.604925944972094,14
1106,34,16,30,6,6.601140375094157,10
1107,65,28,96,12,6.593487230396348,16
1108,86,27,1,11,6.584989828827026,16
1109,65,46,20,17,6.582851496170298,29
1110,86,35,17,16,6.577804427529826,19
1111,39,25,38,10,6.576359256983345,15
1112,47,36,13,14,6.576234413408801,22
1113,53,26,114,11,6.571088082289226,15
1114,104,37,25,16,6.567754121461538,21
1115,58,18,68,7,6.553002087451516,11
1116,68,25,91,11,6.550419627313768,14
1117,77,21,18,7,6.545250800191177,14
1118,3,16,43,6,6.544499424148759,10
1119,54,58,70,23,6.543056803225659,35
1120,49,10,55,4,6.541972088163769,6
1121,86,29,81,9,6.532482502137965,20
1122,91,13,80,5,6.531108694088673,8
1123,16,78,39,32,6.5210913868223725,46
1124,78,21,107,8,6.505959287985718,13
1125,90,11,102,6,6.502237322589002,5
1126,1,20,54,8,6.493394551110143,12
1127,48,10,104,4,6.493358473776671,6
1128,107,46,53,18,6.492903474758714,28
1129,16,27,3,10,6.483698180671639,17
1130,70,20,9,7,6.477071321597407,13
1131,98,18,84,6,6.475666713551259,12
1132,107,35,43,13,6.468610096623969,22
1133,108,21,88,8,6.468102581842658,13
1134,100,17,55,8,6.465563036443129,9
1135,70,13,29,6,6.465173609286504,7
1136,78,14,98,6,6.457784687804565,8
1137,6,10,28,4,6.452419128804086,6
1138,4,20,87,7,6.445923142452618,13
1139,3,11,112,5,6.441850628605062,6
1140,41,20,109,7,6.432688342356182,13
1141,40,16,33,5,6.427211772717694,11
1142,91,18,54,8,6.414686940093468,10
1143,106,13,77,6,6.407119934187455,7
1144,80,20,37,8,6.401050818487373,12
1145,30,19,84,7,6.373847364369496,12
1146,85,15,72,5,6.370773482418065,10
1147,7,21,56,9,6.361794853449644,12
1148,41,15,28,6,6.359689551305939,9
1149,92,13,27,6,6.356396578041118,7
1150,51,15,112,6,6.350376289921739,9
1151,62,22,40,11,6.34058891485694,11
1152,81,10,111,3,6.333917467029674,7
1153,54,14,112,5,6.3267118256224935,9
1154,20,40,16,14,6.318333724670661,26
1155,88,25,57,11,6.308509689840414,14
1156,3,11,46,5,6.306283901123601,6
1157,29,13,55,5,6.301089833667023,8
1158,39,16,83,6,6.297771796270439,10
1159,23,17,114,6,6.291790840234864,11
1160,27,34,86,13,6.28843692541209,21
1161,70,16,64,5,6.286009204558742,11
1162,16,12,92,3,6.284475222709882,9
1163,41,11,102,4,6.282861273718874,7
1164,87,28,41,11,6.282239020662331,17
1165,86,21,4,8,6.2794844995496994,13
1166,51,58,65,22,6.274656067700197,36
1167,20,45,5,17,6.270373633442785,28
1168,69,11,96,4,6.268969865653719,7
1169,15,12,95,5,6.265255655621163,7
1170,92,22,39,10,6.263991845659126,12
1171,43,17,5,7,6.250727481432205,10
1172,104,41,50,16,6.230364171354915,25
1173,16,42,91,15,6.227187272730326,27
1174,72,12,68,5,6.2229147971092145,7
1175,11,34,54,14,6.217306832795513,20
1176,112,21,76,10,6.216605503599088,11
1177,47,14,28,6,6.211297191624255,8
1178,46,24,39,12,6.2104681559769475,12
1179,35,15,84,6,6.209299301194261,9
1180,74,28,70,13,6.203999405338755,15
1181,63,28,2,12,6.200018491851485,16
1182,76,39,107,13,6.198627172224359,26
1183,91,12,71,5,6.187474142289449,7
1184,55,14,35,6,6.181710197353361,8
1185,97,23,76,10,6.171425808149794,13
1186,57,21,102,9,6.169321397774083,12
1187,13,47,36,18,6.167141158071529,29
1188,20,11,38,3,6.161885029448885,8
1189,31,15,112,5,6.149641402394961,10
1190,54,31,68,12,6.129451922490282,19
1191,16,22,79,9,6.12488573939544,13
1192,25,35,88,12,6.123879676950231,23
1193,81,13,31,4,6.117159791325403,9
1194,39,18,29,8,6.11667916860653,10
1195,90,12,7,5,6.108519045195328,7
1196,111,23,107,11,6.08814286411973,12
1197,64,16,3,6,6.081103034121076,10
1198,70,29,20,11,6.080511379179193,18
1199,55,10,69,4,6.075582313218194,6
1200,74,14,48,7,6.068043245358376,7
1201,23,27,41,11,6.068042449918637,16
1202,23,18,28,8,6.06620277166243,10
1203,30,47,16,19,6.061677546597567,28
1204,16,84,87,35,6.04787275144722,49
1205,63,24,18,9,6.046455003215173,15
1206,94,11,88,4,6.041461864182689,7
1207,8,16,32,7,6.041444852098721,9
1208,27,14,114,6,6.034743873961818,8
1209,7,24,98,9,6.0336860037819795,15
1210,75,31,31,14,6.033482134287373,17
1211,64,38,86,16,6.030765339147399,22
1212,91,17,50,6,6.027790824025911,11
1213,95,20,46,8,6.027785407812038,12
1214,65,61,88,23,6.004362907857696,38
1215,37,19,100,7,6.000890669706824,12
1216,107,32,3,15,5.999011076330673,17
1217,114,25,31,11,5.991876520395493,14
1218,64,20,18,8,5.974775055211904,12
1219,69,12,54,5,5.973066602774385,7
1220,97,18,40,7,5.966918416140386,11
1221,104,19,17,8,5.965485227876699,11
1222,68,52,53,21,5.964244334939563,31
1223,62,13,8,4,5.96110102258686,9
1224,97,12,10,6,5.950831581917705,6
1225,39,12,14,5,5.947548147792332,7
1226,33,15,7,7,5.9471342175078945,8
1227,28,15,53,6,5.9457443646332715,9
1228,98,25,76,10,5.944337446211659,15
1229,41,15,43,6,5.943674988011269,9
1230,104,50,28,21,5.941710221571149,29
1231,63,13,10,5,5.94033318775015,8
1232,74,11,30,5,5.935013522041515,6
1233,37,45,63,18,5.933785173114154,27
1234,73,20,114,8,5.924435121305103,12
1235,109,27,55,13,5.923431655873009,14
1236,93,10,63,4,5.9175632502755855,6
1237,114,18,84,7,5.917311033591253,11
1238,41,15,45,5,5.9144627061547626,10
1239,13,24,112,11,5.904590884073854,13
1240,69,10,25,4,5.903986394303471,6
1241,46,12,1,6,5.891865749051654,6
1242,74,34,84,16,5.891399521581718,18
1243,109,19,34,8,5.8910600256239505,11
1244,64,34,51,14,5.888421423830696,20
1245,46,12,36,5,5.882094180819339,7
1246,97,27,68,11,5.880460614845399,16
1247,62,17,9,7,5.86600144742425,10
1248,54,36,95,16,5.865979569344106,20
1249,34,17,7,7,5.863504951401833,10
1250,7,20,112,8,5.8633899504874805,12
1251,85,23,84,8,5.861641877801659,15
1252,104,37,55,15,5.856904127783749,22
1253,74,37,46,14,5.850135921281393,23
1254,58,13,87,5,5.8383296210552,8
1255,28,17,94,6,5.821481138029022,11
1256,40,16,5,7,5.820527251695649,9
1257,80,28,106,11,5.812470547213421,17
1258,79,13,20,5,5.810117746469002,8
1259,16,38,62,14,5.806515303304726,24
1260,71,48,13,21,5.805132526236809,27
1261,100,23,39,10,5.8048628915035785,13
1262,91,19,31,7,5.801858258461766,12
1263,7,45,64,20,5.801061458968774,25
1264,74,28,55,12,5.797157459674129,16
1265,98,26,63,11,5.795644107915217,15
1266,16,19,93,9,5.776545074834794,10
1267,11,19,35,8,5.768399159544,11
1268,58,13,53,7,5.756559382638666,6
1269,23,13,47,5,5.755142063292807,8
1270,36,12,77,5,5.751140829309578,7
1271,19,11,80,4,5.749943576584892,7
1272,25,42,106,16,5.73768822242091,26
1273,107,64,104,26,5.737421230069909,38
1274,34,11,38,4,5.733514369563806,7
1275,13,48,25,22,5.729332953997915,26
1276,45,14,9,5,5.727853500458987,9
1277,25,26,51,11,5.72613511284895,15
1278,98,13,17,6,5.723425305113809,7
1279,16,15,58,6,5.721436385477678,9
1280,41,18,37,7,5.716493275276269,11
1281,23,11,102,5,5.7160538226538815,6
1282,62,13,69,6,5.706165822809074,7
1283,74,22,109,8,5.703058853572775,14
1284,53,17,62,7,5.701449545318567,10
1285,100,38,86,18,5.69692188009838,20
1286,70,10,32,5,5.692479372096213,5
1287,106,46,5,18,5.689619439430471,28
1288,30,25,55,10,5.686463879094618,15
1289,63,23,38,8,5.685369937239836,15
1290,102,10,95,4,5.685319962340818,6
1291,54,11,12,5,5.67450373056912,6
1292,94,10,25,5,5.671887186214519,5
1293,75,39,37,14,5.670197882049105,25
1294,16,31,99,13,5.665818337043021,18
1295,16,48,37,20,5.664774565241773,28
1296,54,11,82,4,5.664278302313932,7
1297,43,12,68,5,5.6614021510813615,7
1298,9,13,61,5,5.652969843590383,8
1299,4,10,97,4,5.649870700339136,6
1300,39,13,97,5,5.649731064357227,8
1301,73,23,74,9,5.649045009007229,14
1302,84,17,76,7,5.642369532504397,10
1303,108,14,98,6,5.640790264148573,8
1304,85,10,11,4,5.636472097896452,6
1305,75,46,51,20,5.632745764536371,26
1306,86,28,73,13,5.62531345595925,15
1307,5,21,17,7,5.625033929201379,14
1308,15,24,107,8,5.624270425775916,16
1309,19,10,5,4,5.623378775596127,6
1310,95,26,50,11,5.619957219349123,15
1311,16,48,50,20,5.617696720442929,28
1312,30,14,90,6,5.614315415339312,8
1313,100,15,50,6,5.612526049660052,9
1314,16,37,100,15,5.608551256780633,22
1315,38,13,18,6,5.608114426083465,7
1316,70,17,98,6,5.604121247592221,11
1317,27,16,112,7,5.594823713571332,9
1318,29,10,43,4,5.5912887095951875,6
1319,62,21,68,9,5.591004045591886,12
1320,39,13,94,5,5.582337685105467,8
1321,11,18,51,9,5.57971841586598,9
1322,3,10,98,5,5.570597398737187,5
1323,42,11,69,5,5.570250078296481,6
1324,37,60,104,24,5.563475261062019,36
1325,31,10,95,4,5.5581891593402775,6
1326,46,11,4,5,5.55622187464566,6
1327,53,27,112,13,5.555316017681792,14
1328,8,41,25,16,5.550067480025434,25
1329,36,53,31,23,5.548564460468652,30
1330,25,18,84,7,5.5466876181289715,11
1331,20,22,2,9,5.544865436021075,13
1332,86,51,75,23,5.544222274149607,28
1333,75,16,84,7,5.542746956131477,9
1334,65,26,69,11,5.540534749641236,15
1335,13,19,84,7,5.540298417726142,12
1336,15,12,30,5,5.538463534767753,7
1337,13,59,87,23,5.536518377079212,36
1338,106,31,23,15,5.535479536227778,16
1339,60,11,62,4,5.531153387901844,7
1340,9,12,19,5,5.529953636291649,7
1341,114,45,68,19,5.528966703625285,26
1342,30,23,88,11,5.525413582454542,12
1343,33,14,102,6,5.525239013163607,8
1344,28,33,7,13,5.522079859732702,20
1345,26,20,13,7,5.520285333416165,13
1346,62,10,20,4,5.517288163699186,6
1347,87,59,37,24,5.516733087496062,35
1348,28,35,9,16,5.5146514821295405,19
1349,95,19,83,7,5.510188596504647,12
1350,32,13,109,6,5.5080518973086185,7
1351,67,10,102,4,5.49724656177184,6
1352,18,10,62,4,5.493140482819633,6
1353,65,49,40,21,5.488110460552834,28
1354,47,12,69,5,5.485890015271255,7
1355,114,23,70,9,5.484820175107314,14
1356,14,10,75,4,5.479308338136782,6
1357,16,56,68,21,5.473444376351888,35
1358,62,17,51,7,5.468238395489335,10
1359,79,10,51,5,5.454970304114261,5
1360,75,43,71,16,5.454468163058883,27
1361,97,18,57,8,5.45235309786646,10
1362,49,13,62,5,5.442720426362852,8
1363,93,11,51,5,5.442643801494353,6
1364,28,14,85,6,5.4424150325876255,8
1365,91,18,18,7,5.437015235679076,11
1366,16,36,49,15,5.428602962958469,21
1367,11,16,17,7,5.408663927414461,9
1368,49,11,37,5,5.40579366661915,6
1369,4,11,58,4,5.405037105567146,7
1370,9,11,66,5,5.404825557202403,6
1371,84,10,64,3,5.401793074305331,7
1372,75,42,9,17,5.398053135866815,25
1373,54,31,90,13,5.397442007333916,18
1374,7,18,30,9,5.390495309133068,9
1375,72,12,17,5,5.381050240439902,7
1376,20,31,51,15,5.374467949047245,16
1377,64,21,8,8,5.374033093425483,13
1378,75,30,63,13,5.362343223381901,17
1379,7,35,97,16,5.356987360153851,19
1380,43,25,88,10,5.351866788536155,15
1381,62,18,65,8,5.34575502328806,10
1382,86,86,88,36,5.345596536414867,50
1383,38,13,19,4,5.343954633425735,9
1384,80,32,55,15,5.338178788284693,17
1385,97,14,102,5,5.335160623731844,9
1386,112,15,29,7,5.316502717217539,8
1387,85,16,96,5,5.314304637448895,11
1388,28,13,49,6,5.31428031912519,7
1389,107,24,69,10,5.312297877274384,14
1390,107,19,66,8,5.307859110353934,11
1391,111,25,55,10,5.307717141421055,15
1392,109,12,22,5,5.303001885552313,7
1393,40,49,39,20,5.294535177326297,29
1394,99,21,86,8,5.291638236148403,13
1395,14,19,28,7,5.288795345484194,12
1396,56,11,88,5,5.280224334897691,6
1397,78,10,3,5,5.270390561183826,5
1398,28,11,92,4,5.26619903758234,7
1399,35,11,31,5,5.255104723881263,6
1400,25,26,40,11,5.242222631716463,15
1401,98,15,40,7,5.239271076053035,8
1402,65,15,14,7,5.239230657167624,8
1403,52,14,16,6,5.238731564661996,8
1404,91,21,25,9,5.236778929543691,12
1405,15,19,104,8,5.235404007755863,11
1406,88,17,112,7,5.231027938888666,10
1407,20,37,96,15,5.229501973456113,22
1408,35,11,5,5,5.226534281744142,6
1409,54,54,106,25,5.222938310920249,29
1410,40,22,37,10,5.2189812618502875,12
1411,33,12,91,6,5.213867650447791,6
1412,41,15,89,6,5.196780511481055,9
1413,40,13,113,5,5.193726392686624,8
1414,6,10,71,4,5.193692278292729,6
1415,29,12,27,3,5.192281178798626,9
1416,75,17,97,7,5.183439015487436,10
1417,64,32,65,14,5.182122584236017,18
1418,75,26,47,9,5.17693162231529,17
1419,7,43,55,17,5.169021709270008,26
1420,107,60,20,26,5.163543558398883,34
1421,91,11,56,5,5.1601828143932735,6
1422,67,12,5,5,5.159840528973067,7
1423,111,14,39,6,5.158992286191915,8
1424,8,54,63,24,5.156454172512435,30
1425,35,16,28,8,5.153123660542302,8
1426,76,28,50,10,5.151966096130058,18
1427,106,24,9,10,5.150083731218861,14
1428,107,26,49,12,5.148888284740457,14
1429,44,15,88,7,5.148664566159752,8
1430,35,12,51,5,5.14727626674268,7
1431,40,12,69,4,5.137627663794988,8
1432,100,46,107,22,5.13702421711142,24
1433,36,21,3,8,5.136055944816986,13
1434,40,30,58,14,5.133397385337812,16
1435,43,24,94,11,5.1325826942967465,13
1436,11,22,98,10,5.122669345045474,12
1437,49,12,15,5,5.113632370703525,7
1438,75,18,4,7,5.112428644465592,11
1439,55,23,70,10,5.1032220329288345,13
1440,28,13,108,6,5.102919930198642,7
1441,53,25,104,11,5.0942603831986055,14
1442,60,24,95,10,5.089480392621887,14
1443,32,10,20,3,5.082163415292109,7
1444,10,17,86,8,5.075771557978404,9
1445,90,13,33,5,5.072843762888294,8
1446,46,17,65,6,5.066104910854949,11
1447,87,66,65,27,5.064983553930066,39
1448,30,32,71,14,5.063953126216741,18
1449,55,29,63,13,5.056066807562624,16
1450,28,13,27,4,5.05119454239968,9
1451,86,57,39,26,5.0403229243330765,31
1452,11,14,79,7,5.038711911658494,7
1453,65,12,52,4,5.0369958566437525,8
1454,63,32,13,14,5.0254768605942015,18
1455,81,14,63,6,5.016441825370756,8
1456,93,26,5,10,5.004460526821323,16
1457,7,41,106,20,5.003800212982272,21
1458,94,21,87,9,5.000044556975335,12
1459,32,12,68,4,4.994599728673895,8
1460,34,15,48,7,4.994408680089875,8
1461,104,30,63,13,4.993963037729944,17
1462,74,15,71,7,4.993812181109021,8
1463,50,23,31,10,4.99199978599778,13
1464,23,17,15,7,4.9841342107101605,10
1465,7,30,47,12,4.980252625346256,18
1466,29,11,93,5,4.97512545826624,6
1467,41,42,68,18,4.9651675063741685,24
1468,40,49,107,19,4.964616090179718,30
1469,84,23,78,9,4.964497842539368,14
1470,109,16,38,6,4.964461961570972,10
1471,96,23,90,9,4.963939687748078,14
1472,39,18,77,8,4.961640817784317,10
1473,13,32,8,13,4.955794878282507,19
1474,9,21,84,9,4.9481345313882175,12
1475,56,19,68,9,4.94813216675333,10
1476,77,14,87,6,4.942401920251487,8
1477,93,27,28,10,4.941127481170006,17
1478,85,19,54,7,4.939303305813314,12
1479,23,42,88,16,4.935782926079016,26
1480,114,22,9,7,4.931319071415342,15
1481,19,14,20,6,4.927700194569555,8
1482,86,40,36,17,4.927433251240005,23
1483,74,56,106,24,4.924754963776778,32
1484,54,12,108,4,4.909695920764135,8
1485,38,12,28,6,4.907164394244691,6
1486,7,96,88,42,4.898871034458085,54
1487,41,10,94,4,4.894347528636123,6
1488,83,39,5,18,4.890865835189014,21
1489,28,59,84,25,4.889044052283284,34
1490,62,25,71,11,4.888439777720533,14
1491,65,44,9,18,4.887961308210911,26
1492,8,12,3,7,4.88781937501622,5
1493,69,11,95,4,4.882909765417961,7
1494,30,11,114,5,4.8820710984651585,6
1495,81,15,18,6,4.877040041598752,9
1496,85,12,88,5,4.8737543176102305,7
1497,87,27,57,11,4.871666288606831,16
1498,37,54,106,25,4.865641247327302,29
1499,5,10,89,3,4.86246564090175,7
1500,52,12,107,4,4.861262849981809,8
1501,30,28,68,13,4.8558595824213215,15
1502,97,12,32,5,4.851459349576839,7
1503,104,23,100,9,4.850527098250832,14
1504,16,101,7,44,4.849773607468413,57
1505,16,98,107,37,4.843452333866219,61
1506,5,30,51,11,4.841333405150811,19
1507,83,20,64,9,4.840996077098241,11
1508,18,41,75,18,4.835583954062303,23
1509,75,39,39,18,4.835166255544909,21
1510,87,15,52,7,4.832747531124254,8
1511,8,15,67,6,4.831909846155583,9
1512,27,35,51,14,4.824832158001018,21
1513,31,19,25,9,4.823839301099763,10
1514,14,15,54,5,4.820525855929132,10
1515,23,27,68,13,4.81982927042641,14
1516,74,11,85,5,4.812388004493803,6
1517,83,30,8,14,4.811627367676455,16
1518,6,12,106,5,4.810944704219048,7
1519,2,25,106,11,4.808494527305082,14
1520,69,11,85,5,4.808257383801068,6
1521,96,13,108,6,4.805162668071275,7
1522,75,44,88,18,4.804702938088107,26
1523,75,22,96,7,4.801381492311931,15
1524,111,11,25,5,4.797175922879397,6
1525,8,29,9,15,4.796436219845455,14
1526,52,13,20,5,4.795236183864801,8
1527,9,17,1,9,4.794059502939978,8
1528,76,33,5,14,4.788314400539968,19
1529,88,52,9,22,4.778873320006728,30
1530,87,48,50,22,4.77809392160859,26
1531,9,12,5,5,4.777710715122403,7
1532,46,12,29,7,4.775703546529657,5
1533,114,14,94,7,4.775696268753724,7
1534,78,13,34,6,4.775374082125242,7
1535,1,14,17,6,4.774691835698866,8
1536,90,13,70,6,4.771084444295362,7
1537,12,15,31,7,4.770632464521183,8
1538,60,16,97,8,4.770560692259114,8
1539,64,31,41,12,4.758473174288668,19
1540,63,15,79,6,4.756289291055939,9
1541,93,16,50,6,4.755526241513054,10
1542,90,30,5,12,4.752640516818983,18
1543,25,16,77,7,4.745845616411638,9
1544,100,17,114,7,4.7447753582153425,10
1545,55,57,65,25,4.744057377410872,32
1546,97,11,3,4,4.740273088979023,7
1547,8,41,46,19,4.737192297274268,22
1548,84,26,57,13,4.733523061947013,13
1549,51,48,84,20,4.731865068752451,28
1550,6,11,46,5,4.730994669309113,6
1551,15,14,75,5,4.729161606780822,9
1552,47,17,86,7,4.720142586161402,10
1553,15,10,72,4,4.7131251167737505,6
1554,28,37,18,17,4.710953949587104,20
1555,43,16,71,8,4.70977023229907,8
1556,20,23,46,8,4.708713070266485,15
1557,11,14,80,6,4.704407754517106,8
1558,88,31,18,14,4.699584875943507,17
1559,55,45,60,20,4.699539635247214,25
1560,51,13,58,6,4.6987757235739265,7
1561,97,10,62,4,4.689387738532959,6
1562,60,26,41,12,4.687979614839915,14
1563,71,16,5,7,4.686451238703377,9
1564,98,20,49,9,4.675267204581688,11
1565,13,48,64,23,4.67021662986664,25
1566,52,12,8,5,4.669562642233978,7
1567,80,13,64,6,4.665596394208,7
1568,55,14,98,5,4.662824671110214,9
1569,25,15,47,7,4.655390231832646,8
1570,30,29,60,10,4.653426738413294,19
1571,27,15,25,7,4.649655011418165,8
1572,63,39,96,15,4.649023449526137,24
1573,34,13,27,6,4.644713060442154,7
1574,6,21,16,10,4.642825718029857,11
1575,73,14,13,6,4.642713338622983,8
1576,11,70,86,31,4.638646851658724,39
1577,73,19,109,8,4.637139105733967,11
1578,60,22,25,10,4.636282806493916,12
1579,106,15,110,7,4.633960085739299,8
1580,16,107,51,48,4.6266128464726055,59
1581,60,22,96,7,4.611190930914724,15
1582,107,46,9,21,4.60932354627833,25
1583,37,72,86,32,4.607837359690983,40
1584,88,10,66,4,4.60434245546846,6
1585,7,35,3,14,4.603775118928216,21
1586,23,11,30,5,4.601908928188203,6
1587,77,13,95,6,4.60149322445291,7
1588,50,32,96,14,4.592653394244439,18
1589,60,30,8,14,4.584471076654316,16
1590,28,25,71,10,4.584215619303489,15
1591,99,16,65,7,4.579704538683142,9
1592,7,23,58,11,4.575034525669344,12
1593,99,14,95,6,4.572737764013027,8
1594,99,16,104,8,4.5627492392393,8
1595,70,15,23,7,4.554568026577778,8
1596,83,15,46,7,4.551826612706301,8
1597,99,18,15,7,4.551461310618723,11
1598,23,24,76,11,4.537606040144393,13
1599,8,24,102,11,4.537070383836359,13
1600,87,16,19,7,4.5357965468160035,9
1601,71,28,68,11,4.532265816801447,17
1602,106,23,75,11,4.532198108241345,12
1603,50,71,28,30,4.530365152854881,41
1604,37,43,55,20,4.516821858156878,23
1605,65,76,107,33,4.5161075655198495,43
1606,28,16,29,7,4.513248021932702,9
1607,80,10,69,5,4.508733977407145,5
1608,62,10,104,3,4.50664568251795,7
1609,87,13,110,5,4.501644038521952,8
1610,17,13,43,6,4.501405777799933,7
1611,75,20,112,8,4.4989690721071325,12
1612,93,15,37,6,4.493445665639034,9
1613,93,15,11,5,4.484686270589562,10
1614,15,22,68,9,4.4774603993429976,13
1615,100,15,17,5,4.475659273933986,10
1616,95,33,107,15,4.475609109265348,18
1617,55,45,11,18,4.474786147328663,27
1618,96,31,25,14,4.4728328775528,17
1619,91,10,57,5,4.468260927215541,5
1620,37,18,32,8,4.466542082918521,10
1621,3,15,50,7,4.464463620895282,8
1622,77,11,97,4,4.4549011553839994,7
1623,50,12,73,4,4.454782630059153,8
1624,95,44,16,20,4.453378575583387,24
1625,7,67,31,29,4.4532123702344615,38
1626,6,12,12,6,4.448996636056325,6
1627,2,42,50,18,4.448957186147168,24
1628,13,33,37,14,4.448467961015427,19
1629,95,15,109,6,4.444131433700797,9
1630,1,24,51,11,4.443642769643948,13
1631,45,11,88,4,4.4416566980945715,7
1632,16,35,53,14,4.432680586189367,21
1633,23,14,20,6,4.42777867543601,8
1634,102,20,87,8,4.423994697827657,12
1635,99,30,13,13,4.420966828834258,17
1636,7,64,53,28,4.416213736910661,36
1637,64,12,57,5,4.409680008541512,7
1638,114,20,64,8,4.407773657880817,12
1639,64,29,63,13,4.394960955961679,16
1640,107,32,38,13,4.39393220007557,19
1641,41,16,112,7,4.393369197219724,9
1642,107,27,62,14,4.391179408385257,13
1643,111,20,86,8,4.3910837466552355,12
1644,51,26,43,12,4.390788502279346,14
1645,84,14,19,6,4.3897904086968005,8
1646,65,23,76,9,4.385586505985178,14
1647,87,24,49,12,4.380791657180537,12
1648,87,33,25,15,4.379098196808542,18
1649,16,22,108,9,4.375459621458664,13
1650,60,13,98,6,4.372454949323835,7
1651,85,12,51,6,4.372397467367473,6
1652,55,24,9,10,4.371040618945099,14
1653,55,13,58,6,4.369004483506264,7
1654,40,23,23,10,4.368423326803309,13
1655,33,13,11,7,4.365968233102095,6
1656,13,60,46,25,4.3609508107508175,35
1657,64,31,71,12,4.35947313780117,19
1658,104,31,54,14,4.355933806560286,17
1659,47,24,88,11,4.347102674354304,13
1660,65,16,6,7,4.346168811124812,9
1661,70,29,65,11,4.343984179663613,18
1662,60,12,22,5,4.334241842742782,7
1663,95,19,41,8,4.332143979792177,11
1664,8,64,87,28,4.329007020305179,36
1665,98,23,37,10,4.327931130640237,13
1666,4,22,40,10,4.316643149060896,12
1667,70,14,71,7,4.315612188206775,7
1668,97,23,17,10,4.3134285513049555,13
1669,17,19,20,8,4.3112321942034,11
1670,50,10,52,5,4.308197298973349,5
1671,16,42,71,17,4.305176391927468,25
1672,20,22,109,8,4.302333411252667,14
1673,106,27,53,13,4.302319600135898,14
1674,25,28,54,12,4.300413553073274,16
1675,7,22,38,10,4.300171500471753,12
1676,20,21,44,9,4.299103845073809,12
1677,30,30,54,13,4.29530490019164,17
1678,20,63,54,30,4.290782184792432,33
1679,19,10,3,4,4.287838931107966,6
1680,86,54,104,24,4.27625100960502,30
1681,9,27,54,12,4.272544772651765,15
1682,33,12,96,7,4.271042933020869,5
1683,103,16,16,7,4.27064958267566,9
1684,91,30,107,12,4.264126621091653,18
1685,23,33,87,13,4.256680488948144,20
1686,104,17,80,8,4.256665633473226,9
1687,76,27,11,11,4.250860944590705,16
1688,100,10,12,5,4.249240493684335,5
1689,28,23,100,9,4.248332726114694,14
1690,9,12,29,5,4.247154248113977,7
1691,106,14,34,7,4.243674039664675,7
1692,31,12,74,5,4.240578281890586,7
1693,109,16,65,5,4.2330518085976205,11
1694,71,11,44,5,4.223524348839462,6
1695,4,19,18,8,4.220670692754494,11
1696,87,21,31,10,4.220659397575877,11
1697,86,59,46,23,4.218640718519183,36
1698,13,78,107,35,4.209070826966008,43
1699,65,56,36,24,4.205692860728479,32
1700,15,11,40,5,4.201647176656486,6
1701,85,10,12,4,4.198135644237858,6
1702,23,18,100,7,4.197161790157007,11
1703,76,16,102,7,4.19261584037067,9
1704,30,13,109,5,4.185496549607356,8
1705,23,27,25,12,4.182190113226028,15
1706,80,18,7,7,4.182061930373814,11
1707,86,29,62,13,4.168140003828563,16
1708,99,12,17,5,4.14837583337694,7
1709,88,61,68,26,4.146986844469407,35
1710,20,13,73,5,4.146065391689569,8
1711,13,28,77,12,4.1425538330063505,16
1712,53,47,71,20,4.141303557057986,27
1713,100,15,62,7,4.138737945522874,8
1714,11,11,69,4,4.13792149131312,7
1715,71,11,20,4,4.13643055739397,7
1716,76,32,104,13,4.1357118218948905,19
1717,49,19,9,9,4.13427318738577,10
1718,16,110,86,47,4.131161611408499,63
1719,45,22,65,11,4.1259231703887,11
1720,28,31,102,14,4.125433119952879,17
1721,93,14,109,6,4.103558953267082,8
1722,83,20,93,9,4.100880722204593,11
1723,20,24,35,10,4.098728722002914,14
1724,87,21,97,8,4.089970328864312,13
1725,36,11,19,5,4.088590218421688,6
1726,74,22,50,10,4.086243740312162,12
1727,86,117,5,51,4.074944655375778,66
1728,3,31,87,13,4.074547408861943,18
1729,87,38,60,18,4.07068260924909,20
1730,43,10,95,4,4.063398320607949,6
1731,51,13,38,5,4.063140921851932,8
1732,51,27,69,11,4.050423840769316,16
1733,32,10,40,5,4.050021677419869,5
1734,7,21,50,10,4.045740478776832,11
1735,1,10,43,5,4.038976715758721,5
1736,9,18,38,8,4.035727579019442,10
1737,71,13,47,6,4.030916530509353,7
1738,104,44,51,17,4.0154244082227635,27
1739,8,20,110,8,4.013172679497404,12
1740,55,36,54,17,4.011039158800403,19
1741,84,22,29,10,4.010792122781037,12
1742,66,12,31,5,4.008754872558654,7
1743,100,26,7,11,4.007756687202791,15
1744,96,12,14,5,3.975747798085754,7
1745,74,24,93,11,3.9601017688790825,13
1746,65,34,17,13,3.9540701507148905,21
1747,88,50,104,21,3.9536343834384886,29
1748,27,27,39,14,3.9499684497300813,13
1749,9,45,86,19,3.945093339569097,26
1750,6,11,40,5,3.9442678680230823,6
1751,13,33,1,13,3.9436595279590816,20
1752,3,11,93,6,3.9394735942906975,5
1753,80,10,97,4,3.9365866928471034,6
1754,97,35,16,16,3.9340820840887147,19
1755,57,11,50,4,3.9290278222481443,7
1756,5,28,2,12,3.923277825320168,16
1757,37,38,70,16,3.9227382855891664,22
1758,27,14,57,7,3.917684721013121,7
1759,89,13,86,7,3.91749283769541,6
1760,79,13,54,5,3.90846253808764,8
1761,102,26,37,11,3.9015784283610255,15
1762,28,23,57,10,3.897117570901977,13
1763,76,13,62,6,3.8913968956310088,7
1764,15,19,81,9,3.887782713072813,10
1765,51,44,46,19,3.8852508517734274,25
1766,28,27,17,12,3.885054779321747,15
1767,30,11,108,5,3.8822679511938505,6
1768,95,36,87,16,3.86940077356921,20
1769,108,11,68,5,3.868849039567309,6
1770,68,17,109,6,3.8661451047117263,11
1771,41,25,114,12,3.854494902198664,13
1772,65,34,111,14,3.8475275648066685,20
1773,46,50,54,22,3.846547643547206,28
1774,28,11,31,5,3.8453747580936164,6
1775,18,23,31,11,3.843025830767866,12
1776,20,26,7,12,3.839940256500117,14
1777,38,13,46,5,3.833859769343221,8
1778,91,26,13,12,3.831748260733109,14
1779,30,38,87,17,3.8298987122526285,21
1780,70,30,51,14,3.8297117807076555,16
1781,44,16,87,7,3.8267549460576484,9
1782,60,12,66,4,3.826632219817407,8
1783,4,11,3,5,3.825046392091852,6
1784,44,14,64,6,3.8242226428845654,8
1785,55,21,4,10,3.821660634263142,11
1786,5,28,91,11,3.8146250930665166,17
1787,110,16,5,7,3.8138584796050923,9
1788,20,13,104,5,3.7974160411444706,8
1789,19,11,86,5,3.7947428736900832,6
1790,80,13,60,6,3.7883602235098173,7
1791,94,12,37,5,3.788108137633396,7
1792,7,10,93,5,3.7802315490169653,5
1793,104,74,65,34,3.778164926289779,40
1794,107,48,23,22,3.7778307981128205,26
1795,104,13,92,7,3.7768187223532306,6
1796,63,19,4,8,3.775833657808686,11
1797,16,90,65,39,3.773083718958002,51
1798,15,22,54,11,3.7704013204125926,11
1799,13,69,40,31,3.7693846533253215,38
1800,47,13,15,6,3.7602698343279473,7
1801,68,26,70,12,3.755829833027379,14
1802,51,33,109,12,3.752003613096799,21
1803,18,55,53,25,3.751842811643862,30
1804,53,42,40,19,3.7429391558119995,23
1805,78,21,63,10,3.742726093893203,11
1806,1,13,4,5,3.736039087851971,8
1807,86,65,25,30,3.735239092039536,35
1808,39,17,81,7,3.728914203220537,10
1809,89,14,60,7,3.7237634526579124,7
1810,16,32,27,14,3.7151603873312817,18
1811,15,21,5,8,3.714734226349825,13
1812,106,17,43,8,3.7068539679712273,9
1813,60,25,28,13,3.7035703279957386,12
1814,39,48,53,21,3.6851162429567523,27
1815,94,11,29,5,3.682618819560659,6
1816,114,37,51,18,3.6824882422691596,19
1817,34,19,55,9,3.680955248563573,10
1818,101,14,68,5,3.6742625668258913,9
1819,71,12,27,5,3.672482180614424,7
1820,80,25,87,11,3.671802865102301,14
1821,108,26,51,12,3.669690549423147,14
1822,49,33,86,16,3.658017569424131,17
1823,97,33,96,16,3.657438935158263,17
1824,53,11,100,5,3.656950058764998,6
1825,63,22,23,9,3.656375723040438,13
1826,90,10,71,5,3.6561036030201253,5
1827,107,21,32,10,3.6546977761524686,11
1828,109,15,9,8,3.6538651478462696,7
1829,86,35,112,15,3.6519339014109726,20
1830,17,11,18,6,3.651905683853181,5
1831,23,47,65,22,3.6506323242088645,25
1832,27,13,50,5,3.6503401008022798,8
1833,14,10,70,5,3.647042134114848,5
1834,75,14,108,6,3.6340908116173014,8
1835,43,19,18,10,3.6267699505365183,9
1836,80,26,28,12,3.6230809501897743,14
1837,55,13,94,6,3.6120696685756317,7
1838,102,13,91,6,3.5942640564526322,7
1839,65,28,112,12,3.591244371403726,16
1840,58,13,71,6,3.5901555481142546,7
1841,97,10,95,4,3.58943247133478,6
1842,61,16,60,8,3.58082656290379,8
1843,20,50,28,22,3.578415489537416,28
1844,3,18,57,8,3.574243211556378,10
1845,16,22,38,8,3.5724883088865464,14
1846,33,12,23,5,3.5712223539857573,7
1847,81,15,3,6,3.5653849933326986,9
1848,41,25,69,9,3.5647588534800043,16
1849,79,13,108,5,3.562523700236059,8
1850,64,11,33,4,3.5581108018586245,7
1851,7,90,86,38,3.5577462755235447,52
1852,28,19,36,9,3.5549996153541237,10
1853,23,13,57,6,3.554408044637193,7
1854,30,13,4,6,3.554167963462701,7
1855,19,12,69,5,3.5540775330167818,7
1856,28,27,76,13,3.5440767696346986,14
1857,40,65,36,28,3.5400829247343655,37
1858,88,26,69,11,3.536532050456282,15
1859,44,15,7,7,3.5352660207554516,8
1860,77,19,65,9,3.534105304893679,10
1861,93,17,25,8,3.5300397889756283,9
1862,20,17,76,9,3.5278207011714735,8
1863,69,10,112,4,3.527660534140111,6
1864,63,18,43,8,3.524851733785241,10
1865,16,39,17,15,3.5193037187836715,24
1866,41,12,19,5,3.5111487454985935,7
1867,8,38,104,17,3.50734140656749,21
1868,49,10,33,4,3.5057518320537766,6
1869,74,16,23,7,3.505315761927058,9
1870,1,12,39,7,3.502316135418237,5
1871,49,18,63,8,3.500149915800845,10
1872,50,26,9,11,3.4989626487903873,15
1873,97,36,114,16,3.4948097299506915,20
1874,62,13,36,6,3.489528327052378,7
1875,36,30,51,14,3.4874600225025074,16
1876,12,18,71,8,3.487442945948432,10
1877,25,20,70,9,3.484518115943736,11
1878,55,16,18,8,3.4810467173744706,8
1879,96,57,54,28,3.4766133859583515,29
1880,73,14,16,7,3.4738693799097953,7
1881,74,60,5,28,3.469996146708342,32
1882,106,49,51,22,3.457607975311814,27
1883,11,27,20,11,3.4556419496334594,16
1884,33,23,5,11,3.454327509177194,12
1885,37,21,23,10,3.453043705748743,11
1886,68,25,46,11,3.449465987108053,14
1887,76,28,55,11,3.4438952481653065,17
1888,60,58,40,26,3.4423663485116363,32
1889,114,29,39,14,3.441117211126096,15
1890,13,87,51,41,3.4406258125798193,46
1891,102,31,25,14,3.4382241991917164,17
1892,4,12,37,5,3.421871703775507,7
1893,17,11,36,6,3.4172736451567545,5
1894,104,26,98,14,3.4091853213510754,12
1895,55,29,84,13,3.40123055779696,16
1896,4,13,28,6,3.3940824912486867,7
1897,73,10,104,4,3.391491099464731,6
1898,39,48,55,21,3.389422612270981,27
1899,19,13,88,6,3.388300396354987,7
1900,60,28,9,11,3.384232112219374,17
1901,36,28,55,13,3.383336577257353,15
1902,73,15,98,7,3.380055365181917,8
1903,100,13,44,6,3.3720452657314226,7
1904,107,56,55,26,3.3696189355898034,30
1905,40,17,20,7,3.3649339637959645,10
1906,54,25,97,12,3.3648153427656755,13
1907,14,23,8,10,3.3634201583462158,13
1908,16,24,47,11,3.3618794644533074,13
1909,54,12,3,6,3.355227899021248,6
1910,88,30,70,13,3.3524090493184278,17
1911,34,19,16,8,3.3492183111948397,11
1912,83,10,20,5,3.3478898251644025,5
1913,40,15,91,7,3.345577169162442,8
1914,16,47,70,20,3.3445553948476245,27
1915,75,13,33,5,3.342736023465548,8
1916,54,20,98,9,3.3414082574982986,11
1917,68,13,5,6,3.3380294056441144,7
1918,71,13,76,7,3.3359186512389036,6
1919,41,19,50,8,3.331657114556134,11
1920,11,12,27,6,3.330006908104366,6
1921,97,16,84,6,3.316428205809935,10
1922,60,31,75,14,3.3139158628036856,17
1923,86,11,66,5,3.3092941516234364,6
1924,28,12,15,6,3.3076634264923883,6
1925,28,29,48,13,3.3030143286202387,16
1926,104,60,5,28,3.3007473735225052,32
1927,16,75,8,33,3.2995823254465315,42
1928,87,90,107,41,3.288070496766815,49
1929,86,22,77,9,3.2823901554620134,13
1930,107,22,47,10,3.281473065538477,12
1931,60,49,86,22,3.275471722293173,27
1932,114,13,67,6,3.2746706512348434,7
1933,19,20,13,9,3.2737045610130138,11
1934,70,14,93,6,3.271451863431868,8
1935,13,114,7,52,3.2643026156976367,62
1936,28,56,54,25,3.2622780281799852,31
1937,76,14,95,6,3.2576515088397957,8
1938,7,24,74,9,3.257493143792888,15
1939,84,14,95,6,3.2568961944145873,8
1940,114,47,25,20,3.2540864225169766,27
1941,68,15,6,6,3.251551578791195,9
1942,41,45,16,22,3.2495789716339614,23
1943,68,18,8,8,3.2434866605613233,10
1944,72,12,112,6,3.2419070033792714,6
1945,99,25,60,11,3.2381944591027096,14
1946,107,49,36,23,3.234838704648264,26
1947,56,10,97,5,3.231426212036921,5
1948,2,21,87,9,3.2308938185741103,12
1949,16,18,35,7,3.2305329948687067,11
1950,4,21,16,11,3.2239938149007976,10
1951,23,55,7,25,3.2229283053761675,30
1952,97,29,63,13,3.2191950537106915,16
1953,55,39,28,16,3.2184704312839787,23
1954,64,19,23,9,3.212372911598019,10
1955,17,16,74,7,3.211770551027832,9
1956,50,19,97,8,3.210625734622642,11
1957,60,47,31,24,3.2094707274879264,23
1958,84,15,60,5,3.2064037329190676,10
1959,106,28,17,11,3.2039846830051117,17
1960,44,12,76,5,3.2019945343572473,7
1961,36,41,39,18,3.1998605067578225,23
1962,55,49,5,22,3.1989531771818034,27
1963,68,14,81,6,3.1985312995714845,8
1964,88,61,5,29,3.1946532218196624,32
1965,37,54,50,26,3.188335276013606,28
1966,83,25,65,12,3.1850517665827933,13
1967,43,32,7,13,3.1749602918386857,19
1968,106,25,60,10,3.171261503808182,15
1969,110,16,86,7,3.1694821197260503,9
1970,90,14,74,5,3.1680613510289204,9
1971,13,17,62,8,3.1612952767397977,9
1972,68,36,1,16,3.1610454054119037,20
1973,86,21,82,9,3.1586560919846263,12
1974,104,51,7,23,3.158219418007504,28
1975,75,23,23,12,3.1487336010920157,11
1976,39,49,49,21,3.144181923934282,28
1977,112,11,43,5,3.1359235341148524,6
1978,43,15,19,6,3.135211765075676,9
1979,30,11,29,6,3.1285046437731436,5
1980,36,11,80,5,3.115857421175661,6
1981,25,25,17,11,3.1106502600539105,14
1982,50,24,4,12,3.110559237136959,12
1983,63,91,86,38,3.106277287763664,53
1984,109,25,106,12,3.1028448270841773,13
1985,92,15,60,6,3.101629065738582,9
1986,74,13,27,7,3.1002755903304404,6
1987,99,14,68,6,3.1001036150844663,8
1988,64,10,91,4,3.0993479020870796,6
1989,45,14,87,6,3.0862202973256596,8
1990,74,40,63,19,3.0803940829456544,21
1991,74,11,41,6,3.0735662157516845,5
1992,75,30,25,13,3.069551733540898,17
1993,20,22,55,10,3.0673393388469985,12
1994,60,40,114,22,3.0670908685799034,18
1995,71,18,25,8,3.0644100067848146,10
1996,16,22,29,11,3.0641104333581013,11
1997,48,14,55,6,3.06362691776684,8
1998,29,26,107,9,3.0624303248850926,17
1999,71,42,86,20,3.060669361739169,22
2000,38,13,96,6,3.0422152322461717,7
2001,25,39,65,16,3.0368934823131175,23
2002,65,16,49,7,3.034256149542809,9
2003,27,12,99,6,3.0280763102634354,6
2004,86,86,84,42,3.02781032605717,44
2005,6,18,107,8,3.015007816482983,10
2006,86,107,87,53,3.0145371966175083,54
2007,6,27,7,15,3.013941061604383,12
2008,7,16,29,9,3.005492860131707,7
2009,20,47,37,22,3.004985214474966,25
2010,78,22,60,11,3.004783076060726,11
2011,96,14,34,6,3.0017630147825622,8
2012,4,11,69,5,2.999484176661719,6
2013,27,10,18,5,2.996654278290002,5
2014,112,15,94,6,2.986690933398207,9
2015,84,36,106,18,2.9754739608250116,18
2016,49,16,64,8,2.974435618509845,8
2017,36,32,4,13,2.9739066740354185,19
2018,2,21,37,10,2.9697580112694486,11
2019,28,14,78,7,2.9690904453024123,7
2020,47,11,53,5,2.9672181618537916,6
2021,25,18,57,8,2.964934950553875,10
2022,114,23,46,10,2.9631435316072405,13
2023,80,16,8,8,2.9519293865537115,8
2024,18,20,65,10,2.9468351166959534,10
2025,41,32,40,15,2.9467288085082743,17
2026,30,17,76,7,2.9372015853586086,10
2027,51,46,41,21,2.936364197537186,25
2028,36,20,87,8,2.935573250897663,12
2029,61,15,3,8,2.934761403571649,7
2030,8,24,100,10,2.9246971191484064,14
2031,9,31,63,14,2.9234885327226108,17
2032,74,82,86,39,2.921287780715151,43
2033,102,19,106,10,2.9207255392565097,9
2034,25,12,108,5,2.9132670669268244,7
2035,7,15,79,7,2.9111710091731053,8
2036,91,19,37,9,2.9050960547005245,10
2037,71,13,108,6,2.8992906212622866,7
2038,45,10,112,4,2.897726145007348,6
2039,44,10,70,5,2.8975248911261433,5
2040,13,71,55,33,2.8959426272282824,38
2041,19,15,100,8,2.891689139132206,7
2042,75,24,74,10,2.8903655619324433,14
2043,85,11,65,5,2.888798069516538,6
2044,85,13,16,5,2.881350637135497,8
2045,63,23,60,10,2.8746236800640075,13
2046,27,21,75,10,2.874214711599615,11
2047,87,42,20,20,2.8691206159340576,22
2048,46,23,63,12,2.867241869896345,11
2049,15,25,65,11,2.8623549532831603,14
2050,14,14,13,5,2.860640889165117,9
2051,16,90,13,39,2.8582326967101572,51
2052,39,35,104,16,2.8536678809946237,19
2053,51,18,99,9,2.853477797374065,9
2054,73,16,96,7,2.8534303980093814,9
2055,7,27,17,12,2.851329390836829,15
2056,74,20,18,10,2.84961422222247,10
2057,97,13,33,6,2.8486496222061595,7
2058,54,50,51,23,2.848646635461055,27
2059,28,13,44,7,2.8461398630992765,6
2060,46,24,76,11,2.8453201116747953,13
2061,23,13,104,5,2.8445076862849494,8
2062,95,19,23,9,2.8404436396815522,10
2063,12,18,3,7,2.8396816530246585,11
2064,104,33,74,14,2.8329598216365466,19
2065,53,23,81,10,2.832269045840245,13
2066,40,14,109,6,2.8243745319718676,8
2067,18,13,71,6,2.821320109059578,7
2068,64,13,47,5,2.8212403790572256,8
2069,29,13,23,6,2.817150645456507,7
2070,39,12,98,5,2.8139572577793732,7
2071,65,17,48,7,2.813018636762518,10
2072,1,32,36,16,2.8095303452930684,16
2073,99,15,41,7,2.8081672918617278,8
2074,106,14,112,7,2.805082024542767,7
2075,29,15,54,7,2.799406704814975,8
2076,12,19,68,8,2.7985209511930136,11
2077,50,20,109,9,2.7980846162026616,11
2078,4,25,114,12,2.797376255941943,13
2079,7,26,1,12,2.7932054952385035,14
2080,100,13,36,6,2.7923934619121087,7
2081,9,15,97,8,2.7891659901703596,7
2082,28,31,91,14,2.785819668061851,17
2083,5,11,10,6,2.7716738654503197,5
2084,38,11,40,6,2.7715520430648577,5
2085,5,17,77,8,2.765837567194589,9
2086,86,99,28,44,2.7627265154997587,55
2087,86,79,8,39,2.762520741926733,40
2088,63,23,112,11,2.746965390570722,12
2089,112,12,8,6,2.740736306324458,6
2090,97,22,104,11,2.7396377781056174,11
2091,99,12,63,6,2.7377253409939364,6
2092,65,50,106,23,2.735321183024918,27
2093,75,12,34,6,2.7327928404854553,6
2094,29,11,41,5,2.729777141843769,6
2095,55,53,88,22,2.721264805593774,31
2096,104,31,70,14,2.720810924975006,17
2097,11,50,28,24,2.7199624016130106,26
2098,95,11,80,5,2.7197438471090796,6
2099,49,16,70,8,2.713121422106841,8
2100,34,31,107,13,2.7058610908504805,18
2101,11,40,88,18,2.687792397272841,22
2102,65,40,71,17,2.686780335165667,23
2103,13,11,35,5,2.684594978225239,6
2104,90,17,17,9,2.680753861205159,8
2105,39,25,5,12,2.679132217269287,13
2106,25,17,44,8,2.673535476281759,9
2107,95,18,75,8,2.672802736686619,10
2108,114,25,74,12,2.666972342657447,13
2109,19,13,98,7,2.664848401043938,6
2110,7,49,27,23,2.6647214457148465,26
2111,47,10,76,7,2.6595736051653853,3
2112,74,13,91,6,2.658254293210725,7
2113,92,29,88,13,2.6541256559252315,16
2114,57,13,36,5,2.6531160901053807,8
2115,53,48,65,23,2.651912649859134,25
2116,30,24,8,11,2.6514132136935467,13
2117,23,43,86,20,2.6484576158238533,23
2118,30,21,37,9,2.6448172779185537,12
2119,16,60,5,25,2.6435184456824317,35
2120,88,17,6,8,2.6434018871915526,9
2121,33,14,95,6,2.641545389608455,8
2122,54,15,72,7,2.6412935569868567,8
2123,10,10,106,3,2.639964127087712,7
2124,110,13,54,6,2.63588490299345,7
2125,17,30,39,13,2.6347382750427313,17
2126,91,36,86,17,2.627461430980282,19
2127,108,30,107,14,2.620006429041506,16
2128,15,12,43,5,2.6182799956478164,7
2129,75,28,64,13,2.6143964254367047,15
2130,76,13,2,5,2.6134640032331116,8
2131,11,16,40,7,2.6127959858163616,9
2132,93,20,86,9,2.6126285193850958,11
2133,40,29,1,13,2.608102727316189,16
2134,85,25,107,12,2.601380149286502,13
2135,36,23,91,10,2.600483205457648,13
2136,13,23,78,10,2.5954318163057004,13
2137,40,19,27,11,2.5947052105553365,8
2138,39,23,31,10,2.5934090452929373,13
2139,1,10,109,5,2.5929606771402254,5
2140,86,33,18,14,2.5923706641316473,19
2141,71,25,87,12,2.5901035214218346,13
2142,27,42,68,19,2.5837429660381246,23
2143,69,14,71,7,2.5823526075537777,7
2144,69,13,3,5,2.5732249505733895,8
2145,50,50,107,24,2.5656690703128167,26
2146,92,13,87,6,2.565186954563254,7
2147,28,43,51,21,2.5635290356109595,22
2148,83,10,63,6,2.557624644664858,4
2149,86,14,14,7,2.5565201304900333,7
2150,51,16,83,6,2.5563009225954785,10
2151,73,19,1,8,2.55342910039073,11
2152,7,74,36,34,2.5493587507973596,40
2153,64,20,38,9,2.5449420802693483,11
2154,57,23,41,10,2.5447184483511487,13
2155,111,11,60,4,2.535604443502029,7
2156,39,50,60,24,2.5355246842136103,26
2157,20,20,95,9,2.532527406942274,11
2158,36,33,9,15,2.5279240780374668,18
2159,27,15,94,7,2.527808758703997,8
2160,8,45,51,21,2.5271962911391,24
2161,39,18,4,8,2.5267698999647226,10
2162,39,32,50,15,2.5245695496572065,17
2163,80,34,54,17,2.5244394841569355,17
2164,12,15,36,7,2.516319942513749,8
2165,75,43,55,18,2.5125301308500267,25
2166,106,37,96,16,2.50842381050559,21
2167,88,70,51,36,2.506363518676434,34
2168,37,18,109,8,2.501013404341532,10
2169,65,20,3,9,2.497136850038322,11
2170,18,11,111,5,2.4899108726358863,6
2171,95,30,39,14,2.481130681096554,16
2172,28,56,65,25,2.4769767424290405,31
2173,96,14,3,7,2.4759083478520023,7
2174,7,61,9,30,2.475604646115282,31
2175,43,17,27,7,2.470548347133014,10
2176,4,17,81,7,2.4678124777063273,10
2177,87,40,74,18,2.4671563114027473,22
2178,74,17,69,9,2.4664972820824542,8
2179,88,72,107,32,2.4608917089958973,40
2180,28,20,3,9,2.4595531898392906,11
2181,32,10,50,6,2.444054190716271,4
2182,96,31,88,15,2.4406464912019903,16
2183,12,18,86,8,2.4382543520920796,10
2184,55,39,106,17,2.438139246666604,22
2185,107,37,64,18,2.435414553814307,19
2186,49,15,77,6,2.434695248963018,9
2187,14,19,51,7,2.4338441230915158,12
2188,91,20,75,13,2.432369433261267,7
2189,60,22,1,10,2.423776138406996,12
2190,109,11,99,5,2.4195174025010595,6
2191,107,46,25,22,2.4187485647838765,24
2192,94,17,54,8,2.418369665890047,9
2193,71,35,39,16,2.4158892555534424,19
2194,65,11,92,5,2.4112859752548714,6
2195,8,33,93,16,2.4111455321691304,17
2196,47,24,51,12,2.409457368099758,12
2197,68,21,38,9,2.4070210829507572,12
2198,9,18,69,8,2.405000245398061,10
2199,20,26,80,12,2.4033351571638564,14
2200,56,10,8,4,2.40008605471798,6
2201,46,38,28,16,2.3990178798165633,22
2202,29,22,87,9,2.39272206443853,13
2203,17,17,63,8,2.3925163886016922,9
2204,83,22,87,11,2.390357141943488,11
2205,111,12,8,6,2.390343846489095,6
2206,104,40,95,18,2.3890342183876085,22
2207,4,21,71,8,2.3871750117365993,13
2208,96,25,104,11,2.3866419839158346,14
2209,75,13,56,5,2.3840139649043497,8
2210,13,31,17,14,2.381148580557736,17
2211,8,23,17,11,2.3808090982416816,12
2212,71,40,107,17,2.3760609676092463,23
2213,68,21,17,9,2.3748596984894568,12
2214,7,106,68,49,2.372479004873661,57
2215,8,55,96,25,2.371439357092425,30
2216,30,15,48,6,2.3702999073115167,9
2217,50,19,112,8,2.3689643473531756,11
2218,40,24,50,10,2.3671440474550507,14
2219,7,19,70,7,2.364945757295021,12
2220,63,46,39,18,2.3626947638130473,28
2221,99,23,5,11,2.3616219022642833,12
2222,8,51,11,23,2.3603163454829668,28
2223,96,14,109,6,2.3566759619593642,8
2224,4,36,31,15,2.3535355966794667,21
2225,87,23,69,10,2.352208197144829,13
2226,107,58,37,27,2.3520883092822165,31
2227,104,19,3,9,2.3520715951524083,10
2228,16,20,2,9,2.3446106684988552,11
2229,114,12,38,6,2.341526377437994,6
2230,6,13,50,6,2.3414923323310646,7
2231,29,16,86,7,2.3399676619619445,9
2232,25,28,53,14,2.3301510854690854,14
2233,109,51,5,25,2.3285813949081655,26
2234,50,23,64,11,2.3285304422785047,12
2235,104,21,102,11,2.320627297470276,10
2236,3,26,60,12,2.318286691403535,14
2237,88,32,91,15,2.315767764685104,17
2238,65,39,12,19,2.311622607173605,20
2239,109,17,48,8,2.306624480190798,9
2240,58,12,50,6,2.3033767529431137,6
2241,109,22,102,10,2.3031948555261113,12
2242,23,13,109,6,2.301790643179129,7
2243,86,21,32,10,2.2989864902239003,11
2244,97,33,65,15,2.2943542233121987,18
2245,100,24,5,11,2.2932427434044684,13
2246,114,18,45,8,2.292094813707232,10
2247,106,13,4,7,2.287883468044352,6
2248,37,46,74,22,2.283869095408045,24
2249,63,38,114,15,2.2836807270192585,23
2250,88,20,35,10,2.2787018333731495,10
2251,80,16,71,8,2.275392383804814,8
2252,61,10,31,5,2.2696136748473603,5
2253,28,66,96,31,2.267406944603933,35
2254,85,12,7,5,2.2672729351147445,7
2255,106,45,88,19,2.2639858690375614,26
2256,86,18,94,8,2.2623672057942876,10
2257,95,30,25,14,2.25397314365567,16
2258,69,13,20,6,2.253225234520165,7
2259,41,14,54,7,2.251101436056138,7
2260,13,88,65,40,2.248793724489893,48
2261,88,38,4,18,2.2459217004175493,20
2262,70,10,27,5,2.243263258457552,5
2263,41,25,27,11,2.240762450996639,14
2264,7,18,11,8,2.239320590268621,10
2265,87,35,104,18,2.2393020839894087,17
2266,18,14,20,6,2.2334528603958916,8
2267,86,32,78,15,2.230290105994092,17
2268,90,16,25,7,2.2261576936837058,9
2269,88,11,33,6,2.22422094342155,5
2270,98,13,99,7,2.2212581677933785,6
2271,18,14,98,8,2.221147797140808,6
2272,8,84,55,42,2.2123521211081862,42
2273,5,50,96,22,2.2114271922507607,28
2274,60,63,88,28,2.2053487740970454,35
2275,107,50,106,24,2.1993074270722803,26
2276,62,20,39,10,2.1906158630571078,10
2277,31,10,54,5,2.186668926147148,5
2278,8,64,74,28,2.186622040651489,36
2279,65,12,94,5,2.184333051857134,7
2280,63,36,11,15,2.1843034251555355,21
2281,27,21,87,10,2.182191127775442,11
2282,63,26,70,12,2.1813121472430437,14
2283,84,16,93,8,2.173203038685072,8
2284,33,11,39,5,2.170155887452032,6
2285,86,75,54,36,2.1689438842347455,39
2286,16,31,84,15,2.166724934437137,16
2287,88,14,74,5,2.165363961250821,9
2288,3,44,86,22,2.1619219939657275,22
2289,102,22,74,10,2.1384304011801047,12
2290,41,49,107,21,2.135348584755222,28
2291,34,13,76,7,2.1338119769299593,6
2292,35,16,43,8,2.1256405181906697,8
2293,37,26,84,12,2.124049904647881,14
2294,53,11,70,5,2.117480208536356,6
2295,65,38,37,19,2.116557677432621,19
2296,1,20,64,10,2.1164326209593654,10
2297,74,12,33,6,2.113811361820999,6
2298,12,11,38,5,2.110101843923071,6
2299,84,18,79,9,2.0988599029371873,9
2300,83,34,55,17,2.0962093979720215,17
2301,97,22,8,11,2.094799206270941,11
2302,17,12,91,5,2.0932516032559634,7
2303,88,55,28,25,2.0851563159512976,30
2304,10,10,57,4,2.084880391687853,6
2305,74,47,65,23,2.0847963525870914,24
2306,82,10,63,5,2.077975861296688,5
2307,79,12,88,5,2.064245316960763,7
2308,86,45,90,20,2.0574221764428238,25
2309,64,15,100,6,2.0561568014720986,9
2310,65,31,80,15,2.0509198465423397,16
2311,93,21,88,9,2.047097578055209,12
2312,64,31,39,14,2.043169723980909,17
2313,40,63,51,30,2.042925681102903,33
2314,18,34,51,17,2.042743355152735,17
2315,90,24,60,10,2.0397275719261816,14
2316,12,21,39,10,2.036046827182587,11
2317,100,19,74,9,2.03594794458151,10
2318,89,14,88,7,2.0354634990614118,7
2319,23,11,43,5,2.035393252479513,6
2320,58,12,63,7,2.0345686518653676,5
2321,55,11,79,5,2.0315889229013426,6
2322,91,14,114,7,2.0312426341433967,7
2323,32,11,13,5,2.026181507027534,6
2324,75,30,87,14,2.0247725005088753,16
2325,18,32,60,15,2.0244266182620256,17
2326,114,27,17,11,2.0211590753648707,16
2327,8,37,90,16,2.0194647820717804,21
2328,83,22,97,12,2.007636873207567,10
2329,16,87,28,40,2.003836691762287,47
2330,69,24,7,12,1.9945381002011566,12
2331,104,15,112,7,1.99393597279257,8
2332,13,38,50,18,1.9937674166002914,20
2333,53,19,4,9,1.987694792892671,10
2334,28,38,25,16,1.9833898911599184,22
2335,95,28,53,11,1.9769373995573185,17
2336,64,15,15,8,1.9745380862871305,7
2337,41,18,76,10,1.9724048364464457,8
2338,28,52,109,23,1.9670439498401109,29
2339,50,11,35,5,1.9581460146246747,6
2340,78,12,71,6,1.95458083263832,6
2341,36,34,64,17,1.9485056781764598,17
2342,7,15,48,8,1.9478692265013036,7
2343,25,20,55,9,1.9429576796619945,11
2344,23,14,31,6,1.9392936999416424,8
2345,110,13,104,5,1.9388474450810558,8
2346,32,10,98,5,1.9380052263831626,5
2347,20,19,30,9,1.9352963119709488,10
2348,23,14,97,7,1.9330528734436567,7
2349,87,38,84,18,1.9318820493391857,20
2350,70,19,40,8,1.9276789997691202,11
2351,114,56,86,27,1.9239569797033826,29
2352,114,21,18,10,1.923577249757446,11
2353,53,43,64,20,1.921457820047301,23
2354,70,21,41,11,1.919847111480952,10
2355,99,11,76,6,1.9173589523208343,5
2356,97,32,106,16,1.9159665785715099,16
2357,110,11,17,5,1.9155371371930665,6
2358,14,13,88,6,1.902096229341471,7
2359,43,29,65,15,1.9015147557652614,14
2360,107,27,112,13,1.8978016202230066,14
2361,20,35,106,16,1.890590591428699,19
2362,25,23,64,11,1.8857238852847684,12
2363,2,41,8,20,1.8848654476169697,21
2364,8,14,79,8,1.8787453444383122,6
2365,107,48,68,22,1.8731227489747677,26
2366,17,26,54,13,1.867393134138254,13
2367,37,95,5,46,1.8654288703425719,49
2368,60,63,16,30,1.8614978863680358,33
2369,1,12,112,7,1.8601342085761723,5
2370,9,25,3,12,1.8595601695470914,13
2371,87,61,106,30,1.856632619724249,31
2372,53,22,97,10,1.849246682219108,12
2373,108,16,74,7,1.841894266656678,9
2374,114,30,20,14,1.8395405662544742,16
2375,84,38,96,19,1.8356486827006797,19
2376,87,28,64,14,1.8322246607811448,14
2377,39,30,3,15,1.830220006872888,15
2378,54,20,49,10,1.829154265922774,10
2379,74,29,13,14,1.8278354237299064,15
2380,106,11,3,5,1.8270221877820192,6
2381,44,13,114,6,1.8263733365516701,7
2382,64,16,108,8,1.8224151605655865,8
2383,102,13,99,6,1.8212893413036875,7
2384,71,11,109,5,1.8196417828202216,6
2385,112,16,19,7,1.8134262001245212,9
2386,79,18,28,8,1.8130893193426152,10
2387,40,18,111,9,1.8104998545748818,9
2388,29,12,8,5,1.8103420658743294,7
2389,36,22,25,11,1.8071440138268557,11
2390,37,25,90,12,1.7816453937181782,13
2391,102,13,84,6,1.779322402529277,7
2392,104,62,16,29,1.778027708852634,33
2393,109,21,76,11,1.7708841969163662,10
2394,88,11,110,6,1.7642228121429866,5
2395,15,13,20,6,1.759070149742339,7
2396,49,54,13,27,1.754775255922876,27
2397,84,26,70,12,1.7530345342228948,14
2398,4,31,68,15,1.751066192618154,16
2399,97,38,107,19,1.7507246476170455,19
2400,60,33,36,16,1.7416473627060747,17
2401,18,11,6,5,1.7414584600944751,6
2402,60,14,19,6,1.741319611404917,8
2403,8,27,23,13,1.7400762718841152,14
2404,36,37,88,16,1.7392851936744347,21
2405,88,22,81,10,1.7392542924502719,12
2406,70,19,75,10,1.7314858975507377,9
2407,50,13,12,8,1.7279667161947851,5
2408,83,11,50,6,1.7272952536822097,5
2409,63,15,45,7,1.7260545689947924,8
2410,16,19,45,8,1.7223541453977003,11
2411,107,34,46,17,1.721683202665476,17
2412,49,11,3,5,1.7202936384122887,6
2413,86,32,38,15,1.7164597494651737,17
2414,9,46,40,21,1.71485959208228,25
2415,109,14,43,7,1.7129267358733018,7
2416,54,40,7,19,1.7088310244062668,21
2417,19,10,65,4,1.7065840533404568,6
2418,107,10,72,5,1.7053543654591343,5
2419,48,10,37,5,1.7035937503192145,5
2420,20,16,102,8,1.6989391239814933,8
2421,36,15,23,9,1.6972875274185721,6
2422,51,26,23,12,1.6961813528047331,14
2423,7,74,40,33,1.6955910385318638,41
2424,9,23,46,10,1.6945658865661515,13
2425,103,11,79,5,1.689764382020922,6
2426,68,34,106,16,1.687950689096679,18
2427,50,18,69,10,1.686362400438779,8
2428,54,29,114,15,1.6786165794472776,14
2429,17,44,51,22,1.6728455376724483,22
2430,45,28,31,13,1.6710870406691087,15
2431,87,49,28,24,1.6675925043761943,25
2432,107,32,17,15,1.6568754180103666,17
2433,51,72,107,31,1.6514383219647333,41
2434,36,23,68,11,1.6511686348202657,12
2435,69,10,39,5,1.644395797770094,5
2436,38,12,80,5,1.6400661445963558,7
2437,7,78,41,38,1.6316845641232849,40
2438,39,19,96,8,1.6315253594413592,11
2439,79,15,107,6,1.6267301484362862,9
2440,112,20,9,10,1.6257132685716438,10
2441,19,17,94,8,1.6219930180628628,9
2442,68,18,57,9,1.6190755944848347,9
2443,70,13,43,6,1.6071210379776917,7
2444,30,12,35,6,1.603184870407584,6
2445,94,10,18,5,1.6001116131573032,5
2446,99,18,30,8,1.5949338139614577,10
2447,64,10,90,5,1.5921132093044654,5
2448,2,15,25,8,1.5845186001024008,7
2449,61,12,86,6,1.584036331394614,6
2450,55,22,90,12,1.578656952498874,10
2451,109,57,86,27,1.5778514373799306,30
2452,60,25,46,12,1.5735893742532674,13
2453,40,58,88,27,1.5715316879527905,31
2454,58,12,43,6,1.5653312346763884,6
2455,9,14,111,7,1.5621342613374551,7
2456,8,66,28,31,1.5619285888266077,35
2457,104,23,83,10,1.5563880557352996,13
2458,106,15,14,8,1.5523885439078582,7
2459,16,27,111,12,1.5488999004290867,15
2460,11,26,74,12,1.5483769164487977,14
2461,57,12,43,4,1.547683226037978,8
2462,88,33,109,15,1.5470592807301102,18
2463,74,11,112,5,1.546586662588193,6
2464,51,52,60,22,1.5379585605411303,30
2465,97,25,46,12,1.5379422598602892,13
2466,13,23,45,11,1.536281477648622,12
2467,29,13,53,5,1.5317670028644748,8
2468,55,12,27,6,1.5257417717738173,6
2469,1,34,88,17,1.5234508852206479,17
2470,35,14,37,7,1.523131742310598,7
2471,71,23,51,11,1.5213301920130464,12
2472,57,39,16,19,1.5204759853178733,20
2473,60,55,68,25,1.5203228647683908,30
2474,43,12,8,6,1.5194230889621367,6
2475,46,12,55,5,1.5148590180899557,7
2476,13,50,28,24,1.5141990662429559,26
2477,28,63,5,31,1.5122016375527902,32
2478,72,23,16,11,1.5111602221334137,12
2479,43,13,104,7,1.5057895800585044,6
2480,50,17,108,9,1.5013768012598343,8
2481,46,52,5,24,1.4974094901037487,28
2482,38,18,60,8,1.4927226078870959,10
2483,4,59,13,27,1.4911690163054754,32
2484,87,51,54,23,1.4805638305796738,28
2485,63,95,65,46,1.478255874912306,49
2486,73,15,63,8,1.4760785674332926,7
2487,51,70,68,36,1.4738364310047705,34
2488,11,17,32,9,1.4729852723414754,8
2489,86,32,2,16,1.4682447143488935,16
2490,57,13,40,6,1.4659794198664808,7
2491,39,34,11,16,1.465948119767098,18
2492,112,16,23,7,1.4656028868993851,9
2493,65,61,68,29,1.4611429296521303,32
2494,31,21,47,10,1.4606130980712668,11
2495,86,64,55,30,1.4599929257917066,34
2496,25,23,83,10,1.4597201880554966,13
2497,20,15,93,8,1.4584347045217758,7
2498,8,16,38,8,1.4562520429495758,8
2499,50,16,89,7,1.4560158637801317,9
2500,53,30,55,14,1.4538038424746393,16
2501,46,62,88,31,1.4519317579443412,31
2502,106,55,63,27,1.4485566818099482,28
2503,39,20,70,9,1.4424153371414083,11
2504,20,21,97,11,1.439527960881874,10
2505,50,28,25,14,1.4391705454909012,14
2506,70,56,86,26,1.42921805361145,30
2507,65,70,41,31,1.4285809086277084,39
2508,43,20,87,10,1.4273382250462692,10
2509,34,10,29,5,1.4253595347909926,5
2510,1,32,107,16,1.4233414848511392,16
2511,36,35,45,19,1.423273124508123,16
2512,86,31,57,14,1.4176441585221127,17
2513,12,16,40,8,1.4120822666164417,8
2514,12,22,13,8,1.4046792155049035,14
2515,70,17,95,9,1.4011695857654913,8
2516,75,12,44,5,1.399837377533035,7
2517,16,10,56,4,1.3984899579645478,6
2518,91,13,9,6,1.3946381880594532,7
2519,7,15,83,6,1.3943529604549396,9
2520,44,25,16,13,1.3924747988210242,12
2521,43,13,37,7,1.3915535608538905,6
2522,36,11,29,6,1.3837445576600587,5
2523,50,41,11,19,1.3816262941644981,22
2524,95,31,7,14,1.3809406634768675,17
2525,106,30,41,15,1.3806292559177733,15
2526,6,11,69,6,1.3727715082405263,5
2527,75,10,48,5,1.3711471542080278,5
2528,90,11,76,6,1.3711097869836062,5
2529,27,13,23,7,1.3665703255989456,6
2530,25,26,30,14,1.363384718034577,12
2531,64,42,68,18,1.3624818601326818,24
2532,107,39,70,20,1.3599998705907188,19
2533,12,16,18,7,1.3538062436901652,9
2534,97,37,88,18,1.349074362930903,19
2535,34,19,17,9,1.3462228712398694,10
2536,84,17,90,8,1.3434141546201468,9
2537,71,48,7,25,1.3388864417450883,23
2538,8,66,37,32,1.3357403383797626,34
2539,61,13,65,7,1.327965247882516,6
2540,60,25,109,12,1.3235251021634884,13
2541,16,30,80,14,1.3220466579095416,16
2542,74,18,80,9,1.3199661328668575,9
2543,3,17,55,8,1.3172267439478242,9
2544,10,16,8,7,1.3145513780375315,9
2545,32,12,51,6,1.314434714983352,6
2546,6,13,86,6,1.3062976396978554,7
2547,37,12,108,6,1.3047215727540855,6
2548,70,11,102,7,1.3043211125718095,4
2549,57,26,51,13,1.304011563638994,13
2550,5,44,13,21,1.302350985374302,23
2551,11,11,34,6,1.300730341172683,5
2552,87,57,88,30,1.2972492664863855,27
2553,65,43,60,18,1.292557414516089,25
2554,2,22,74,10,1.2925512141562505,12
2555,11,17,102,9,1.2862551218754514,8
2556,97,20,109,10,1.283406905257821,10
2557,57,31,13,16,1.2798377775645062,15
2558,50,30,51,15,1.277023353905357,15
2559,15,15,27,7,1.272397731978055,8
2560,50,27,65,13,1.2644687002361983,14
2561,55,26,99,12,1.2605449554949548,14
2562,68,45,63,22,1.2529349748796308,23
2563,16,22,33,9,1.250719949272024,13
2564,109,30,16,15,1.2499451161124784,15
2565,23,11,48,5,1.2484887739294386,6
2566,65,10,89,5,1.246766687204138,5
2567,1,10,71,4,1.2456643982922146,6
2568,85,15,68,6,1.2449251184472654,9
2569,114,16,15,8,1.2433363941042057,8
2570,107,30,4,15,1.2387516471106226,15
2571,71,25,31,12,1.2380158081615504,13
2572,63,16,95,8,1.233969730193377,8
2573,11,49,107,23,1.2314893212442308,26
2574,71,26,9,12,1.2262156519313812,14
2575,34,16,13,8,1.216136385593494,8
2576,98,11,74,5,1.2137114800422117,6
2577,64,42,88,19,1.2118692904336819,23
2578,25,33,97,16,1.211209753293348,17
2579,63,44,7,18,1.2086828652803667,26
2580,11,25,65,11,1.2017242876914807,14
2581,16,51,74,24,1.19895248847691,27
2582,25,25,109,12,1.1927554377225935,13
2583,65,21,84,11,1.1865836314134657,10
2584,84,30,54,14,1.1752338053025546,16
2585,76,29,87,13,1.173923997825125,16
2586,47,16,27,7,1.1658557312566065,9
2587,109,26,84,12,1.1610711079523313,14
2588,9,26,58,12,1.1451265480110815,14
2589,19,17,28,9,1.1363208466422978,8
2590,60,73,71,35,1.1360670304013205,38
2591,23,47,16,22,1.133588423461974,25
2592,36,26,106,13,1.1307287364062801,13
2593,3,26,31,14,1.130409883055894,12
2594,33,13,114,7,1.1286658148323794,6
2595,61,18,88,10,1.1254133453483963,8
2596,7,85,65,44,1.1151148094385754,41
2597,63,47,40,22,1.1085655861732644,25
2598,73,13,55,6,1.1082443575059586,7
2599,91,12,47,6,1.1047106963660296,6
2600,40,19,45,9,1.1043531225931202,10
2601,96,18,2,9,1.1039761816908797,9
2602,70,39,106,20,1.1024614638047308,19
2603,77,11,17,5,1.1006600247668523,6
2604,54,16,33,7,1.1000953180608282,9
2605,111,18,23,7,1.0979651768767418,11
2606,14,16,11,7,1.0923565448715802,9
2607,40,13,74,6,1.0901529369074687,7
2608,46,20,57,10,1.0787393081529641,10
2609,64,19,97,9,1.0748997556854092,10
2610,67,20,37,9,1.0707700527635258,11
2611,106,12,66,5,1.070759127853136,7
2612,62,11,1,5,1.0669214067022688,6
2613,19,21,16,10,1.0669030303438123,11
2614,70,55,8,27,1.0665028298167964,28
2615,8,43,20,21,1.064860256583808,22
2616,104,30,109,15,1.0638658496000608,15
2617,48,15,13,7,1.0613216453157561,8
2618,18,35,87,16,1.0595333397572304,19
2619,20,18,48,8,1.0556464172960105,10
2620,43,18,69,9,1.0483584083277537,9
2621,16,37,40,17,1.0479395774839413,20
2622,20,32,13,16,1.0473604323868067,16
2623,54,28,102,14,1.0470828148001607,14
2624,114,19,69,8,1.0427404151557151,11
2625,90,21,88,11,1.0373159148886417,10
2626,54,88,65,42,1.035330745536818,46
2627,45,14,3,7,1.0349134798027078,7
2628,35,22,7,11,1.0299988339542105,11
2629,11,41,87,22,1.027110181689243,19
2630,63,20,44,9,1.0233184771026502,11
2631,70,10,33,5,1.0222975969230632,5
2632,16,42,114,19,1.0212587757382692,23
2633,98,28,107,14,1.0170960211152535,14
2634,68,87,13,41,1.0138898232284215,46
2635,62,11,3,5,1.0075979867838738,6
2636,27,17,8,9,1.0060239190851215,8
2637,13,43,75,20,1.005364432264769,23
2638,114,11,93,6,1.004990658958168,5
2639,114,39,7,18,1.0047894280060632,21
2640,37,37,17,16,0.9978108601802018,21
2641,9,13,30,6,0.9935090532750582,7
2642,15,16,19,8,0.9934831333767201,8
2643,88,20,38,8,0.986482869291226,12
2644,87,53,51,26,0.9813193495830117,27
2645,60,10,93,6,0.9795074052045596,4
2646,8,67,54,35,0.9788096362147576,32
2647,50,29,17,13,0.9785385252670544,16
2648,51,33,31,14,0.9782499075201472,19
2649,49,24,17,10,0.9759498596955533,14
2650,107,65,5,32,0.9748363761521144,33
2651,38,26,13,14,0.9736089332405644,12
2652,53,40,51,20,0.9719493528973242,20
2653,14,16,87,7,0.9719183858987279,9
2654,37,50,51,27,0.9710667257210692,23
2655,102,30,114,14,0.9680544759122783,16
2656,80,10,17,6,0.9638999099498463,4
2657,30,26,51,12,0.9638359516152135,14
2658,104,38,106,19,0.9604760273979323,19
2659,106,11,103,6,0.9583580547252424,5
2660,87,55,39,26,0.9563895319312767,29
2661,14,14,5,6,0.9561035605846475,8
2662,3,32,68,15,0.9527649253755339,17
2663,63,23,53,11,0.9461903574638922,12
2664,112,13,114,7,0.9421647262329379,6
2665,47,33,39,16,0.9409236558902792,17
2666,7,10,108,4,0.9385265901557563,6
2667,9,38,39,20,0.9320441987636028,18
2668,102,11,83,5,0.9259324073609744,6
2669,33,17,86,9,0.9246066959077469,8
2670,75,27,114,13,0.9181862737012574,14
2671,13,20,33,10,0.918120505460343,10
2672,106,100,86,49,0.9173221659807225,51
2673,114,12,11,5,0.9147560322473872,7
2674,39,18,48,8,0.9127145579388772,10
2675,43,17,50,7,0.911659904777202,10
2676,77,22,68,11,0.9089813853065132,11
2677,36,35,75,19,0.9076169876586753,16
2678,23,13,3,6,0.9036934098771335,7
2679,112,11,14,6,0.9022319115654415,5
2680,68,17,74,7,0.9001065237726507,10
2681,8,24,48,11,0.8990865709573224,13
2682,68,20,94,10,0.8957152571898774,10
2683,8,76,88,37,0.8933115574955768,39
2684,94,22,107,9,0.8912889870157809,13
2685,60,17,83,8,0.8851626447494981,9
2686,77,21,4,10,0.8810684428976758,11
2687,37,21,57,10,0.8778160008276704,11
2688,84,17,91,8,0.8755346549877653,9
2689,111,47,68,24,0.8746288393374696,23
2690,7,27,49,15,0.8744069756975954,12
2691,80,33,86,16,0.8727199174341318,17
2692,39,40,28,20,0.868602476168121,20
2693,55,21,71,9,0.863684832703073,12
2694,10,10,114,4,0.8617397018011257,6
2695,85,13,17,6,0.8598477976037174,7
2696,13,69,60,31,0.8542848964811729,38
2697,39,13,102,6,0.8492100400200487,7
2698,71,28,63,13,0.8479499084443569,15
2699,62,11,50,5,0.8451062062670078,6
2700,50,56,86,29,0.8444740252545996,27
2701,28,23,30,12,0.8403239904216823,11
2702,86,80,20,38,0.8301074964710538,42
2703,2,16,46,8,0.8285194662826778,8
2704,29,12,106,6,0.8264692442725535,6
2705,28,48,37,24,0.8263140292594408,24
2706,60,47,53,24,0.8237632801343029,23
2707,7,57,18,29,0.8231688841647112,28
2708,107,83,28,39,0.8210512254142036,44
2709,96,58,107,27,0.8081270899904945,31
2710,84,31,50,16,0.8064114901977948,15
2711,56,14,40,7,0.8062835825274064,7
2712,19,14,30,6,0.8013153335608079,8
2713,41,64,13,32,0.7981708572669713,32
2714,68,20,49,10,0.7960430752354475,10
2715,2,22,88,11,0.7956469041111237,11
2716,87,28,46,15,0.7941915016238118,13
2717,4,18,104,10,0.7872554057904764,8
2718,100,13,97,6,0.7866792604447757,7
2719,9,17,34,8,0.77910514985876,9
2720,87,22,99,10,0.7762165713325069,12
2721,10,19,84,9,0.7730240789929571,10
2722,97,20,93,10,0.7717644600090583,10
2723,33,15,104,8,0.7704375614853092,7
2724,16,40,112,19,0.7567380050399233,21
2725,87,14,17,7,0.7509341405124581,7
2726,3,20,71,10,0.744611540631482,10
2727,46,24,84,11,0.744605770354001,13
2728,36,13,74,5,0.7437175733038444,8
2729,25,24,15,13,0.7394428200536315,11
2730,13,60,39,30,0.7375803753367649,30
2731,78,11,55,6,0.7363999336150038,5
2732,5,40,63,22,0.7358500176759455,18
2733,40,77,86,36,0.7352757671814381,41
2734,95,41,5,21,0.731606653431554,20
2735,1,10,94,6,0.7276619862245383,4
2736,19,22,68,10,0.7253701141678225,12
2737,61,18,40,9,0.7154895706830828,9
2738,82,13,28,7,0.7153587234866209,6
2739,13,17,96,8,0.7114671477918352,9
2740,76,25,8,13,0.7077738529790866,12
2741,88,43,49,21,0.7014211589442615,22
2742,18,23,104,13,0.701208945227421,10
2743,38,11,91,5,0.7003822911270713,6
2744,57,11,95,4,0.6989616542578664,7
2745,60,16,11,8,0.6943571067382427,8
2746,8,41,39,21,0.6937986397009377,20
2747,7,73,39,37,0.6920867889114359,36
2748,62,10,98,5,0.6900751788017032,5
2749,29,17,38,8,0.6873786981327397,9
2750,18,19,25,10,0.6816652439852776,9
2751,50,24,114,11,0.6812811811945304,13
2752,109,31,13,14,0.6717168111881656,17
2753,54,67,16,34,0.6682295554685945,33
2754,37,40,114,18,0.6680388190804037,22
2755,63,38,50,18,0.6599709375930062,20
2756,41,27,1,12,0.6450987397179471,15
2757,98,16,50,8,0.6426219058041094,8
2758,68,49,9,24,0.6403549802856331,25
2759,25,25,41,14,0.6394054706376684,11
2760,111,17,36,8,0.6365354853619557,9
2761,112,14,17,7,0.6329045636088091,7
2762,4,28,64,13,0.6316212138641686,15
2763,87,22,47,11,0.6305382362810187,11
2764,11,11,97,6,0.6269874474505769,5
2765,50,63,54,31,0.6257662884110836,32
2766,36,33,71,17,0.6241330409639582,16
2767,87,30,109,14,0.623370758412541,16
2768,76,30,96,14,0.6223340675935091,16
2769,31,22,58,11,0.6168553703735019,11
2770,43,20,114,11,0.6074470201565788,9
2771,91,16,70,7,0.6063303701253773,9
2772,63,15,34,7,0.6010869874219945,8
2773,71,32,106,15,0.6009609652453856,17
2774,13,24,72,13,0.5977342226167962,11
2775,30,24,40,12,0.5893402617113984,12
2776,76,13,36,4,0.5885035889042722,9
2777,3,10,94,5,0.588351150452899,5
2778,69,14,94,7,0.5846637308461184,7
2779,64,15,17,8,0.5824319192017166,7
2780,106,46,76,25,0.577289694916291,21
2781,23,12,53,6,0.5700661218932129,6
2782,75,51,65,26,0.5689430318120555,25
2783,40,10,94,5,0.5678516928680516,5
2784,86,69,13,35,0.5666044146054571,34
2785,29,10,108,5,0.5615423900676226,5
2786,97,31,2,15,0.5614740846174435,16
2787,83,10,2,5,0.5594397265150824,5
2788,5,49,54,23,0.5526115688513309,26
2789,92,17,7,7,0.5480230211986101,10
2790,104,55,13,27,0.5474902747445213,28
2791,98,27,16,13,0.5462850233229243,14
2792,64,29,54,15,0.5456745481805155,14
2793,87,14,6,7,0.5451369775684941,7
2794,46,44,11,21,0.5439000313811951,23
2795,106,10,1,5,0.539652861011431,5
2796,28,19,33,8,0.5377400393884932,11
2797,15,28,86,14,0.5255884207100932,14
2798,65,19,102,8,0.5234012572749034,11
2799,73,19,28,10,0.5214155246375574,9
2800,19,18,39,10,0.5212733184685528,8
2801,43,17,25,10,0.5197036131496171,7
2802,8,45,65,22,0.517695585596627,23
2803,85,29,86,14,0.51654061835633,15
2804,15,33,16,18,0.5165041631650911,15
2805,106,68,28,33,0.5161436710076662,35
2806,41,11,90,6,0.513841479320257,5
2807,4,18,9,9,0.5118055197130339,9
2808,49,12,97,5,0.510198270023406,7
2809,23,10,9,5,0.5053397207394539,5
2810,18,29,41,15,0.5040827449695365,14
2811,90,13,91,6,0.5003235284827323,7
2812,88,35,31,18,0.4999807976090588,17
2813,5,59,87,29,0.4991669720547012,30
2814,78,10,9,5,0.49862549436041015,5
2815,27,13,54,6,0.48713804075078926,7
2816,78,22,68,11,0.48709037812800154,11
2817,9,12,100,5,0.48638365741362993,7
2818,57,14,104,5,0.4845128262229356,9
2819,37,17,62,10,0.47941613349669066,7
2820,95,28,74,13,0.47842550860281996,15
2821,75,31,41,14,0.47837138213253816,17
2822,107,108,86,53,0.47827716666430464,55
2823,25,51,39,26,0.4759465051184244,25
2824,37,13,69,6,0.4741041536564538,7
2825,113,11,86,6,0.46954311123939263,5
2826,65,54,31,26,0.46913887469692744,28
2827,104,32,68,15,0.4623896750421225,17
2828,87,16,111,8,0.45897322341286445,8
2829,107,81,8,37,0.451577946955366,44
2830,62,13,55,7,0.4490302976953222,6
2831,80,11,9,7,0.4439834453330457,4
2832,90,15,11,7,0.4409004522210816,8
2833,16,31,48,16,0.4393641400100805,15
2834,109,13,69,7,0.43237846797528773,6
2835,40,43,31,22,0.429627197462679,21
2836,33,11,99,6,0.42486651226142574,5
2837,46,11,19,6,0.4237898327913996,5
2838,107,59,39,28,0.42346091866823937,31
2839,87,46,96,22,0.4185307257645089,24
2840,5,14,38,7,0.4168378546295618,7
2841,31,33,86,17,0.4107692180392416,16
2842,50,18,79,9,0.4091046493522828,9
2843,13,55,9,26,0.4070458684444716,29
2844,98,14,114,7,0.4067842985377363,7
2845,27,17,106,10,0.4013630945998079,7
2846,11,26,13,13,0.39806496900950294,13
2847,107,95,7,42,0.39776976722684715,53
2848,20,13,85,6,0.39373981733351443,7
2849,88,13,78,6,0.3934639813104847,7
2850,55,16,41,8,0.3929137359889599,8
2851,23,18,54,9,0.39214168570707464,9
2852,8,13,44,6,0.3904420875790005,7
2853,57,20,55,11,0.38903746063509637,9
2854,69,30,36,15,0.38598798110099336,15
2855,8,35,50,16,0.38293825667797665,19
2856,114,28,71,14,0.3795577437704574,14
2857,70,22,97,12,0.3783758219642565,10
2858,14,18,84,8,0.37783903496494214,10
2859,107,37,90,19,0.3753937941046271,18
2860,40,16,108,7,0.373845897515691,9
2861,88,35,71,19,0.3711092012403024,16
2862,40,21,75,10,0.36863713867004627,11
2863,95,26,28,12,0.36814720179538635,14
2864,63,17,47,7,0.3681401863793021,10
2865,25,30,63,16,0.3669879376751877,14
2866,92,18,13,7,0.36521745881563183,11
2867,46,18,41,8,0.36430211798636986,10
2868,47,21,65,10,0.3519317997506132,11
2869,15,14,29,7,0.35154179739306457,7
2870,87,22,62,11,0.3514225144207001,11
2871,7,21,8,10,0.35073482330961425,11
2872,86,52,30,27,0.3506891766527393,25
2873,109,13,4,6,0.3380907022892352,7
2874,51,17,29,9,0.3368482563248711,8
2875,49,21,51,10,0.3351069066929168,11
2876,39,41,54,21,0.33442242846591713,20
2877,83,20,106,11,0.33164456490941063,9
2878,76,28,70,13,0.3288931307094032,15
2879,49,14,114,6,0.32751436291229447,8
2880,41,34,63,17,0.326061354616667,17
2881,65,48,39,22,0.3257402134811714,26
2882,81,11,23,6,0.3238492623178992,5
2883,114,68,107,33,0.32070298196932506,35
2884,83,25,28,14,0.3193130867023741,11
2885,34,11,79,5,0.31752247685889295,6
2886,13,25,100,13,0.3147535190416326,12
2887,43,33,60,16,0.31318206916464897,17
2888,3,12,27,5,0.31165187521859955,7
2889,51,13,92,7,0.31029394338620886,6
2890,107,68,63,37,0.3098872954610473,31
2891,86,22,34,10,0.3097914629453754,12
2892,51,13,6,6,0.3054417728185091,7
2893,29,11,79,4,0.30038972457789276,7
2894,114,60,88,30,0.29749332449413723,30
2895,88,15,48,6,0.2955612335778544,9
2896,9,41,51,21,0.2923199498791427,20
2897,57,11,53,6,0.2873041046379347,5
2898,67,12,25,6,0.2816428039469064,6
2899,96,12,67,7,0.27996501259109813,5
2900,53,18,5,8,0.2778213329671456,10
2901,77,55,60,27,0.27299213552637575,28
2902,36,11,38,4,0.26679215079866997,7
2903,37,22,76,12,0.2606095394442829,10
2904,17,11,108,5,0.2506467392789146,6
2905,47,17,41,9,0.24960180944275975,8
2906,39,41,41,22,0.24923068070915827,19
2907,13,10,103,5,0.2488380868075904,5
2908,88,38,20,20,0.24807571543102264,18
2909,40,25,47,14,0.24655985846699452,11
2910,83,20,88,11,0.24121558114701722,9
2911,41,13,11,8,0.2398377108623628,5
2912,61,16,13,9,0.23942923044644315,7
2913,30,20,106,10,0.23895557447172086,10
2914,107,71,84,36,0.23736523288219447,35
2915,12,27,51,13,0.23734774956132088,14
2916,64,19,45,9,0.2352744559029064,10
2917,57,14,20,7,0.22969067246688318,7
2918,65,10,101,5,0.22906131925901718,5
2919,67,12,84,5,0.22644335659627104,7
2920,72,16,7,8,0.22521266099875584,8
2921,77,12,3,5,0.22356024648773629,7
2922,107,57,60,28,0.21842972591279397,29
2923,107,40,18,22,0.21456452912257484,18
2924,60,23,15,12,0.2133692353293539,11
2925,53,21,44,9,0.2122113313421154,12
2926,53,54,13,29,0.2083631688927764,25
2927,28,11,66,5,0.2056598644516812,6
2928,46,23,17,12,0.20521498367655996,11
2929,44,14,107,7,0.20330478165271706,7
2930,81,21,107,11,0.19898617239587554,10
2931,46,16,71,7,0.19894184736909315,9
2932,107,61,74,29,0.19420996588142148,32
2933,98,11,100,5,0.18985443720382733,6
2934,88,35,37,17,0.1877253046596751,18
2935,35,12,70,7,0.18631436457958764,5
2936,44,15,65,6,0.18351226600640885,9
2937,71,33,8,17,0.17759312635004623,16
2938,96,37,55,19,0.17732770674363885,18
2939,11,47,106,26,0.17225906773687616,21
2940,30,20,49,10,0.16955568952916558,10
2941,86,21,108,12,0.16264099806861304,9
2942,7,51,4,26,0.16136746029798088,25
2943,62,12,106,6,0.1584669634691407,6
2944,84,22,80,10,0.15202664995311643,12
2945,30,15,38,6,0.15033997034023538,9
2946,51,20,98,10,0.14461940831704007,10
2947,73,10,25,5,0.1328731236438802,5
2948,51,13,44,8,0.13191763257362837,5
2949,60,76,7,38,0.13134493579901685,38
2950,65,84,86,40,0.12617823685384771,44
2951,28,22,98,9,0.12169006680659694,13
2952,51,59,55,30,0.12168388038388171,29
2953,40,28,18,16,0.11377047107058737,12
2954,49,16,8,7,0.1133484840104294,9
2955,98,13,97,7,0.11020600858990875,6
2956,94,13,60,6,0.10902380212835151,7
2957,2,18,84,9,0.10504403066305398,9
2958,68,13,44,7,0.10451112471006771,6
2959,41,54,88,26,0.10348470718011778,28
2960,93,20,107,9,0.10069325512074272,11
2961,107,46,27,23,0.09729998361384001,23
2962,86,30,53,13,0.09593092236920715,17
2963,74,39,25,20,0.09563368284676016,19
2964,25,65,16,32,0.09364645449744402,33
2965,30,15,96,8,0.09214636377364425,7
2966,114,29,36,13,0.09213128587786307,16
2967,95,52,86,24,0.08956033992826938,28
2968,84,37,88,17,0.08333477514829757,20
2969,97,36,74,17,0.07931920932357782,19
2970,63,46,87,22,0.07921188185625391,24
2971,15,27,57,13,0.0781812159972155,14
2972,107,73,54,35,0.07798228457878793,38
2973,55,15,108,8,0.07480659095217349,7
2974,106,21,40,10,0.06808253080226546,11
2975,3,34,51,20,0.05263025611989997,14
2976,8,70,106,37,0.05212763279076112,33
2977,34,19,50,10,0.05002588679712766,9
2978,73,16,106,8,0.04700386219362951,8
2979,65,11,81,6,0.04550793535821782,5
2980,114,46,104,24,0.04494734082733511,22
2981,74,41,54,20,0.04296760366186976,21
2982,31,11,97,5,0.04256244744109723,6
2983,55,52,87,26,0.039341837208104025,26
2984,9,14,81,7,0.035788297634864304,7
2985,45,17,71,7,0.03389797077786283,10
2986,84,19,17,10,0.032612383959908106,9
2987,106,42,50,20,0.025298087208634697,22
2988,49,16,27,8,0.024891142841979352,8
2989,106,26,100,12,0.022225583959526604,14
2990,27,44,13,21,0.020258427565806616,23
2991,15,35,13,17,0.01976991947197289,18
2992,89,15,28,8,0.018607611913672883,7
2993,7,28,15,12,0.018225685442037017,16
2994,35,24,86,11,0.011498856499630127,13
2995,100,13,15,6,0.010441290882327191,7
2996,109,17,83,7,0.00972932964701334,10
2997,90,33,16,15,0.006116246156991541,18
2998,68,51,86,27,0.0011314225168729307,24
2999,86,51,68,24,-0.001131422516873215,27
3000,16,33,90,18,-0.0061162461569911645,15
3001,83,17,109,10,-0.009729329647013785,7
3002,15,13,100,7,-0.010441290882327463,6
3003,86,24,35,13,-0.011498856499629817,11
3004,15,28,7,16,-0.018225685442037017,12
3005,28,15,89,7,-0.018607611913672648,8
3006,13,35,15,18,-0.019769919471973197,17
3007,13,44,27,23,-0.020258427565805686,21
3008,100,26,106,14,-0.02222558395952517,12
3009,27,16,49,8,-0.02489114284197802,8
3010,50,42,106,22,-0.02529808720863334,20
3011,17,19,84,9,-0.03261238395990876,10
3012,71,17,45,10,-0.03389797077786216,7
3013,81,14,9,7,-0.035788297634866885,7
3014,87,52,55,26,-0.039341837208104025,26
3015,97,11,31,6,-0.042562447441096586,5
3016,54,41,74,21,-0.04296760366187002,20
3017,104,46,114,22,-0.04494734082733487,24
3018,81,11,65,5,-0.04550793535821569,6
3019,106,16,73,8,-0.0470038621936304,8
3020,50,19,34,9,-0.05002588679712785,10
3021,106,70,8,33,-0.05212763279076128,37
3022,51,34,3,14,-0.052630256119900916,20
3023,40,21,106,11,-0.0680825308022658,10
3024,108,15,55,7,-0.07480659095217229,8
3025,54,73,107,38,-0.07798228457878872,35
3026,57,27,15,14,-0.07818121599721511,13
3027,87,46,63,24,-0.07921188185625398,22
3028,74,36,97,19,-0.07931920932357782,17
3029,88,37,84,20,-0.0833347751482989,17
3030,86,52,95,28,-0.08956033992827091,24
3031,36,29,114,16,-0.09213128587786189,13
3032,96,15,30,7,-0.09214636377364507,8
3033,16,65,25,33,-0.09364645449744435,32
3034,25,39,74,19,-0.0956336828467596,20
3035,53,30,86,17,-0.09593092236920858,13
3036,27,46,107,23,-0.09729998361384193,23
3037,88,54,41,28,-0.10348470718011826,26
3038,44,13,68,6,-0.10451112471006657,7
3039,84,18,2,9,-0.10504403066305477,9
3040,60,13,94,7,-0.10902380212834957,6
3041,97,13,98,6,-0.11020600858990862,7
3042,8,16,49,9,-0.11334848401042974,7
3043,18,28,40,12,-0.11377047107058744,16
3044,55,59,51,29,-0.12168388038388292,30
3045,98,22,28,13,-0.1216900668065983,9
3046,86,84,65,44,-0.12617823685384916,40
3047,7,76,60,38,-0.13134493579901632,38
3048,44,13,51,5,-0.1319176325736292,8
3049,25,10,73,5,-0.1328731236438802,5
3050,98,20,51,10,-0.14461940831704023,10
3051,38,15,30,9,-0.15033997034023514,6
3052,80,22,84,12,-0.15202664995311627,10
3053,106,12,62,6,-0.15846696346914188,6
3054,4,51,7,25,-0.16136746029798163,26
3055,16,53,11,30,-0.16260546222798214,23
3056,108,21,86,9,-0.16264099806861268,12
3057,49,20,30,10,-0.16955568952916503,10
3058,106,47,11,21,-0.17225906773687602,26
3059,55,37,96,18,-0.17732770674364082,19
3060,8,33,71,16,-0.17759312635004632,17
3061,65,15,44,9,-0.1835122660064091,6
3062,70,12,35,5,-0.18631436457958692,7
3063,37,35,88,18,-0.18772530465967646,17
3064,100,11,98,6,-0.18985443720382733,5
3065,71,16,46,9,-0.19894184736909182,7
3066,107,21,81,10,-0.19898617239587607,11
3067,107,14,44,7,-0.20330478165271787,7
3068,17,23,46,11,-0.2052149836765593,12
3069,66,11,28,6,-0.20565986445168055,5
3070,13,54,53,25,-0.20836316889277592,29
3071,44,21,53,12,-0.2122113313421161,9
3072,15,23,60,11,-0.2133692353293526,12
3073,18,40,107,18,-0.21456452912257684,22
3074,60,57,107,29,-0.21842972591279558,28
3075,3,12,77,7,-0.2235602464877348,5
3076,7,16,72,8,-0.22521266099875537,8
3077,84,12,67,7,-0.22644335659627166,5
3078,101,10,65,5,-0.2290613192590168,5
3079,20,14,57,7,-0.2296906724668833,7
3080,45,19,64,10,-0.23527445590290527,9
3081,51,27,12,14,-0.23734774956132193,13
3082,84,71,107,35,-0.23736523288219558,36
3083,106,20,30,10,-0.2389555744717199,10
3084,13,16,61,7,-0.2394292304464427,9
3085,11,13,41,5,-0.23983771086236225,8
3086,88,20,83,9,-0.24121558114701463,11
3087,47,25,40,11,-0.24655985846699366,14
3088,103,10,13,5,-0.24883808680759217,5
3089,41,41,39,19,-0.24923068070915905,22
3090,41,17,47,8,-0.24960180944275975,9
3091,108,11,17,6,-0.25064673927891384,5
3092,76,22,37,10,-0.26060953944428406,12
3093,38,11,36,7,-0.26679215079866964,4
3094,60,55,77,28,-0.27299213552637663,27
3095,5,18,53,10,-0.277821332967146,8
3096,67,12,96,5,-0.279965012591097,7
3097,25,12,67,6,-0.2816428039469064,6
3098,53,11,57,5,-0.2873041046379331,6
3099,51,41,9,20,-0.2923199498791415,21
3100,48,15,88,9,-0.29556123357785347,6
3101,88,60,114,30,-0.2974933244941375,30
3102,79,11,29,7,-0.3003897245778921,4
3103,88,18,12,9,-0.3042097842896815,9
3104,6,13,51,7,-0.3054417728185091,6
3105,34,22,86,12,-0.30979146294537524,10
3106,63,68,107,31,-0.3098872954610479,37
3107,92,13,51,6,-0.31029394338620975,7
3108,27,12,3,7,-0.3116518752185993,5
3109,60,33,43,17,-0.31318206916464963,16
3110,100,25,13,12,-0.31475351904163346,13
3111,79,11,34,6,-0.3175224768588933,5
3112,28,25,83,11,-0.3193130867023753,14
3113,107,68,114,35,-0.3207029819693246,33
3114,23,11,81,5,-0.3238492623178992,6
3115,39,48,65,26,-0.32574021348116955,22
3116,63,34,41,17,-0.3260613546166661,17
3117,114,14,49,8,-0.32751436291229385,6
3118,70,28,76,15,-0.32889313070940346,13
3119,106,20,83,9,-0.3316445649094112,11
3120,54,41,39,20,-0.3344224284659163,21
3121,51,21,49,11,-0.3351069066929168,10
3122,29,17,51,8,-0.3368482563248705,9
3123,4,13,109,7,-0.3380907022892352,6
3124,30,52,86,25,-0.3506891766527383,27
3125,8,21,7,11,-0.3507348233096159,10
3126,62,22,87,11,-0.3514225144207014,11
3127,29,14,15,7,-0.35154179739306357,7
3128,65,21,47,11,-0.3519317997506139,10
3129,41,18,46,10,-0.36430211798637085,8
3130,13,18,92,11,-0.3652174588156323,7
3131,63,30,25,14,-0.3669879376751877,16
3132,47,17,63,10,-0.368140186379302,7
3133,28,26,95,14,-0.36814720179538646,12
3134,75,21,40,11,-0.3686371386700461,10
3135,71,35,88,16,-0.37110920124030156,19
3136,108,16,40,9,-0.3738458975156912,7
3137,84,18,14,10,-0.37783903496494253,8
3138,97,22,70,10,-0.3783758219642562,12
3139,71,28,114,14,-0.3795577437704577,14
3140,50,35,8,19,-0.3829382566779763,16
3141,36,30,69,15,-0.3859879811009911,15
3142,55,20,57,9,-0.3890374606350971,11
3143,44,13,8,7,-0.3904420875789997,6
3144,54,18,23,9,-0.39214168570707364,9
3145,41,16,55,8,-0.39291373598895946,8
3146,78,13,88,7,-0.3934639813104835,6
3147,85,13,20,7,-0.3937398173335161,6
3148,7,95,107,53,-0.3977697672268478,42
3149,13,26,11,13,-0.3980649690095046,13
3150,106,17,27,7,-0.40136309459980746,10
3151,114,14,98,7,-0.40678429853773473,7
3152,9,55,13,29,-0.40704586844447155,26
3153,79,18,50,9,-0.4091046493522828,9
3154,86,33,31,16,-0.4107692180392426,17
3155,38,14,5,7,-0.4168378546295618,7
3156,96,46,87,24,-0.4185307257645087,22
3157,39,59,107,31,-0.4234609186682371,28
3158,19,11,46,5,-0.4237898327914003,6
3159,99,11,33,5,-0.4248665122614248,6
3160,31,43,40,21,-0.4296271974626791,22
3161,69,13,109,6,-0.43237846797528773,7
3162,48,31,16,15,-0.4393641400100799,16
3163,11,15,90,8,-0.4409004522210813,7
3164,9,11,80,4,-0.4439834453330448,7
3165,55,13,62,6,-0.4490302976953225,7
3166,8,81,107,44,-0.4515779469553662,37
3167,111,16,87,8,-0.45897322341286373,8
3168,68,32,104,17,-0.4623896750421223,15
3169,31,54,65,28,-0.4691388746969265,26
3170,86,11,113,5,-0.46954311123939296,6
3171,69,13,37,7,-0.47410415365645314,6
3172,39,51,25,25,-0.4759465051184236,26
3173,86,108,107,55,-0.47827716666430453,53
3174,41,31,75,17,-0.47837138213253816,14
3175,74,28,95,15,-0.4784255086028221,13
3176,62,17,37,7,-0.47941613349669043,10
3177,104,14,57,9,-0.4845128262229359,5
3178,100,12,9,7,-0.4863836574136305,5
3179,68,22,78,11,-0.4870903781280004,11
3180,54,13,27,7,-0.48713804075078926,6
3181,9,10,78,5,-0.4986254943604109,5
3182,87,59,5,30,-0.49916697205470045,29
3183,31,35,88,17,-0.499980797609059,18
3184,91,13,90,7,-0.5003235284827329,6
3185,41,29,18,14,-0.5040827449695369,15
3186,9,10,23,5,-0.5053397207394532,5
3187,97,12,49,7,-0.510198270023406,5
3188,9,18,4,9,-0.5118055197130339,9
3189,90,11,41,5,-0.513841479320257,6
3190,28,68,106,35,-0.5161436710076651,33
3191,16,33,15,15,-0.5165041631650912,18
3192,86,29,85,15,-0.5165406183563308,14
3193,65,45,8,23,-0.5176955855966269,22
3194,25,17,43,7,-0.5197036131496168,10
3195,39,18,19,8,-0.5212733184685526,10
3196,28,19,73,9,-0.5214155246375576,10
3197,102,19,65,11,-0.5234012572749034,8
3198,86,28,15,14,-0.5255884207100916,14
3199,33,19,28,11,-0.5377400393884936,8
3200,1,10,106,5,-0.5396528610114302,5
3201,11,44,46,23,-0.543900031381196,21
3202,6,14,87,7,-0.5451369775684937,7
3203,54,29,64,14,-0.5456745481805153,15
3204,16,27,98,14,-0.5462850233229247,13
3205,13,55,104,28,-0.5474902747445204,27
3206,7,17,92,10,-0.5480230211986107,7
3207,54,49,5,26,-0.5526115688513301,23
3208,2,10,83,5,-0.559439726515081,5
3209,2,31,97,16,-0.5614740846174444,15
3210,108,10,29,5,-0.5615423900676234,5
3211,13,69,86,34,-0.5666044146054564,35
3212,94,10,40,5,-0.5678516928680514,5
3213,65,51,75,25,-0.5689430318120551,26
3214,53,12,23,6,-0.5700661218932138,6
3215,17,15,64,7,-0.5824319192017173,8
3216,94,14,69,7,-0.5846637308461181,7
3217,94,10,3,5,-0.5883511504528993,5
3218,36,13,76,9,-0.5885035889042698,4
3219,40,24,30,12,-0.5893402617113975,12
3220,72,24,13,11,-0.5977342226167965,13
3221,106,32,71,17,-0.6009609652453869,15
3222,34,15,63,8,-0.6010869874219955,7
3223,70,16,91,9,-0.6063303701253777,7
3224,114,20,43,9,-0.6074470201565787,11
3225,58,22,31,11,-0.6168553703735028,11
3226,96,30,76,16,-0.6223340675935105,14
3227,109,30,87,16,-0.623370758412541,14
3228,71,33,36,16,-0.6241330409639598,17
3229,54,63,50,32,-0.6257662884110818,31
3230,97,11,11,5,-0.626987447450576,6
3231,47,22,87,11,-0.6305382362810174,11
3232,64,28,4,15,-0.6316212138641698,13
3233,17,14,112,7,-0.6329045636088103,7
3234,36,17,111,9,-0.6365354853619557,8
3235,41,25,25,11,-0.6394054706376676,14
3236,9,49,68,25,-0.6403549802856343,24
3237,50,16,98,8,-0.6426219058041119,8
3238,1,27,41,15,-0.6450987397179483,12
3239,50,38,63,20,-0.6599709375930077,18
3240,114,40,37,22,-0.6680388190804033,18
3241,16,67,54,33,-0.6682295554685957,34
3242,13,31,109,17,-0.6717168111881655,14
3243,114,24,50,13,-0.6812811811945291,11
3244,25,19,18,9,-0.6816652439852758,10
3245,38,17,29,9,-0.6873786981327392,8
3246,98,10,62,5,-0.6900751788017029,5
3247,39,73,7,36,-0.6920867889114356,37
3248,39,41,8,20,-0.6937986397009376,21
3249,11,16,60,8,-0.6943571067382431,8
3250,95,11,57,7,-0.6989616542578677,4
3251,91,11,38,6,-0.7003822911270713,5
3252,104,23,18,10,-0.7012089452274208,13
3253,49,43,88,22,-0.7014211589442607,21
3254,8,25,76,12,-0.7077738529790857,13
3255,96,17,13,9,-0.7114671477918357,8
3256,28,13,82,6,-0.7153587234866207,7
3257,40,18,61,9,-0.7154895706830816,9
3258,68,22,19,12,-0.7253701141678215,10
3259,94,10,1,4,-0.7276619862245376,6
3260,5,41,95,20,-0.7316066534315533,21
3261,86,77,40,41,-0.7352757671814375,36
3262,63,40,5,18,-0.7358500176759462,22
3263,55,11,78,5,-0.7363999336150034,6
3264,39,60,13,30,-0.7375803753367645,30
3265,15,24,25,11,-0.7394428200536295,13
3266,74,13,36,8,-0.743717573303844,5
3267,84,24,46,13,-0.7446057703540011,11
3268,71,20,3,10,-0.7446115406314829,10
3269,17,14,87,7,-0.750934140512457,7
3270,112,40,16,21,-0.7567380050399233,19
3271,104,15,33,7,-0.7704375614853106,8
3272,93,20,97,10,-0.7717644600090567,10
3273,84,19,10,10,-0.7730240789929577,9
3274,99,22,87,12,-0.7762165713325071,10
3275,34,17,9,9,-0.77910514985876,8
3276,97,13,100,7,-0.7866792604447764,6
3277,104,18,4,8,-0.7872554057904768,10
3278,46,28,87,13,-0.7941915016238148,15
3279,88,22,2,11,-0.7956469041111237,11
3280,49,20,68,10,-0.7960430752354469,10
3281,13,64,41,32,-0.7981708572669713,32
3282,30,14,19,8,-0.8013153335608081,6
3283,40,14,56,7,-0.8062835825274064,7
3284,50,31,84,15,-0.8064114901977935,16
3285,107,58,96,31,-0.8081270899904945,27
3286,20,27,74,13,-0.8203305748765273,14
3287,28,83,107,44,-0.8210512254142028,39
3288,18,57,7,28,-0.8231688841647117,29
3289,53,47,60,23,-0.823763280134303,24
3290,37,48,28,24,-0.8263140292594411,24
3291,106,12,29,6,-0.8264692442725535,6
3292,46,16,2,8,-0.8285194662826783,8
3293,20,80,86,42,-0.8301074964710548,38
3294,30,23,28,11,-0.840323990421683,12
3295,86,56,50,27,-0.8444740252545996,29
3296,50,11,62,6,-0.8451062062670082,5
3297,63,28,71,15,-0.8479499084443569,13
3298,102,13,39,7,-0.8492100400200481,6
3299,60,69,13,38,-0.8542848964811716,31
3300,17,13,85,7,-0.859847797603718,6
3301,114,10,10,6,-0.8617397018011254,4
3302,71,21,55,12,-0.8636848327030733,9
3303,28,40,39,20,-0.8686024761681225,20
3304,86,33,80,17,-0.872719917434131,16
3305,49,27,7,12,-0.8744069756975955,15
3306,68,47,111,23,-0.87462883933747,24
3307,91,17,84,9,-0.8755346549877636,8
3308,57,21,37,11,-0.877816000827672,10
3309,4,21,77,11,-0.8810684428976734,10
3310,83,17,60,9,-0.8851626447494985,8
3311,107,22,94,13,-0.8912889870157802,9
3312,88,76,8,39,-0.8933115574955759,37
3313,94,20,68,10,-0.8957152571898778,10
3314,48,24,8,13,-0.8990865709573216,11
3315,74,17,68,10,-0.9001065237726515,7
3316,14,11,112,5,-0.9022319115654427,6
3317,3,13,23,7,-0.9036934098771321,6
3318,75,35,36,16,-0.9076169876586756,19
3319,68,22,77,11,-0.9089813853065126,11
3320,50,17,43,10,-0.911659904777202,7
3321,48,18,39,10,-0.9127145579388771,8
3322,11,12,114,7,-0.9147560322473871,5
3323,33,20,13,10,-0.9181205054603415,10
3324,114,27,75,14,-0.9181862737012573,13
3325,86,17,33,8,-0.9246066959077452,9
3326,83,11,102,6,-0.9259324073609722,5
3327,39,38,9,18,-0.9320441987636049,20
3328,108,10,7,6,-0.9385265901557558,4
3329,39,33,47,17,-0.9409236558902793,16
3330,114,13,112,6,-0.9421647262329372,7
3331,53,23,63,12,-0.9461903574638926,11
3332,68,32,3,17,-0.9527649253755344,15
3333,5,14,14,8,-0.9561035605846475,6
3334,39,55,87,29,-0.9563895319312766,26
3335,103,11,106,5,-0.9583580547252434,6
3336,106,38,104,19,-0.9604760273979325,19
3337,51,26,30,14,-0.9638359516152128,12
3338,17,10,80,4,-0.963899909949846,6
3339,114,30,102,16,-0.9680544759122797,14
3340,51,50,37,23,-0.9710667257210696,27
3341,87,16,14,9,-0.9719183858987275,7
3342,51,40,53,20,-0.9719493528973238,20
3343,13,26,38,12,-0.9736089332405635,14
3344,5,65,107,33,-0.9748363761521153,32
3345,17,24,49,14,-0.9759498596955529,10
3346,31,33,51,19,-0.9782499075201476,14
3347,17,29,50,16,-0.9785385252670543,13
3348,54,67,8,32,-0.9788096362147561,35
3349,93,10,60,4,-0.9795074052045607,6
3350,51,53,87,27,-0.9813193495830127,26
3351,38,20,88,12,-0.9864828692912241,8
3352,19,16,15,8,-0.9934831333767202,8
3353,30,13,9,7,-0.9935090532750581,6
3354,17,37,37,21,-0.9978108601802036,16
3355,7,39,114,21,-1.0047894280060643,18
3356,93,11,114,5,-1.0049906589581687,6
3357,75,43,13,23,-1.0053644322647692,20
3358,8,17,27,8,-1.0060239190851221,9
3359,3,11,62,6,-1.0075979867838718,5
3360,13,87,68,46,-1.01388982322842,41
3361,107,28,98,14,-1.0170960211152535,14
3362,114,42,16,23,-1.0212587757382683,19
3363,33,10,70,5,-1.0222975969230645,5
3364,44,20,63,11,-1.0233184771026504,9
3365,16,25,102,13,-1.0260354064972297,12
3366,87,41,11,19,-1.0271101816892427,22
3367,7,22,35,11,-1.02999883395421,11
3368,3,14,45,7,-1.0349134798027073,7
3369,65,88,54,46,-1.035330745536819,42
3370,88,21,90,10,-1.0373159148886413,11
3371,69,19,114,11,-1.0427404151557151,8
3372,102,28,54,14,-1.047082814800161,14
3373,13,32,20,16,-1.0473604323868067,16
3374,40,37,16,20,-1.0479395774839417,17
3375,69,18,43,9,-1.0483584083277542,9
3376,48,18,20,10,-1.0556464172960118,8
3377,87,35,18,19,-1.059533339757231,16
3378,13,15,48,8,-1.0613216453157563,7
3379,109,30,104,15,-1.063865849600061,15
3380,20,43,8,22,-1.0648602565838075,21
3381,8,55,70,28,-1.0665028298167962,27
3382,16,21,19,11,-1.0669030303438123,10
3383,1,11,62,6,-1.066921406702268,5
3384,66,12,106,7,-1.0707591278531368,5
3385,37,20,67,11,-1.0707700527635244,9
3386,97,19,64,10,-1.0748997556854094,9
3387,57,20,46,10,-1.0787393081529644,10
3388,74,13,40,7,-1.0901529369074696,6
3389,11,16,14,9,-1.0923565448715815,7
3390,23,18,111,11,-1.0979651768767411,7
3391,33,16,54,9,-1.1000953180608284,7
3392,17,11,77,6,-1.1006600247668523,5
3393,106,39,70,19,-1.1024614638047292,20
3394,11,53,16,24,-1.1029332419268028,29
3395,2,18,96,9,-1.1039761816908782,9
3396,45,19,40,10,-1.1043531225931214,9
3397,47,12,91,6,-1.104710696366028,6
3398,55,13,73,7,-1.1082443575059588,6
3399,40,47,63,25,-1.1085655861732648,22
3400,65,85,7,41,-1.1151148094385757,44
3401,88,18,61,8,-1.1254133453483963,10
3402,114,13,33,6,-1.1286658148323805,7
3403,31,26,3,12,-1.1304098830558946,14
3404,106,26,36,13,-1.1307287364062808,13
3405,16,47,23,25,-1.1335884234619735,22
3406,71,73,60,38,-1.1360670304013198,35
3407,28,17,19,8,-1.1363208466422983,9
3408,58,26,9,14,-1.1451265480110817,12
3409,84,26,109,14,-1.1610711079523313,12
3410,27,16,47,9,-1.1658557312566071,7
3411,74,14,12,7,-1.1676100167547812,7
3412,54,30,84,16,-1.1752338053025533,14
3413,84,21,65,10,-1.1865836314134661,11
3414,109,25,25,13,-1.1927554377225942,12
3415,74,51,16,27,-1.1989524884769094,24
3416,65,25,11,14,-1.2017242876914815,11
3417,7,44,63,26,-1.2086828652803665,18
3418,97,33,25,17,-1.2112097532933461,16
3419,88,42,64,23,-1.2118692904336803,19
3420,74,11,98,6,-1.2137114800422124,5
3421,13,16,34,8,-1.2161363855934937,8
3422,9,26,71,14,-1.2262156519313807,12
3423,11,22,48,11,-1.233818302561812,11
3424,95,16,63,8,-1.233969730193377,8
3425,31,25,71,13,-1.2380158081615502,12
3426,4,30,107,15,-1.2387516471106224,15
3427,15,16,114,8,-1.2433363941042066,8
3428,68,15,85,9,-1.244925118447266,6
3429,71,10,1,6,-1.2456643982922142,4
3430,89,10,65,5,-1.2467666872041385,5
3431,48,11,23,6,-1.24848877392944,5
3432,16,30,109,15,-1.2499451161124762,15
3433,33,22,16,13,-1.2507199492720238,9
3434,63,45,68,23,-1.2529349748796315,22
3435,99,26,55,14,-1.260544955494955,12
3436,14,15,107,7,-1.262180496300674,8
3437,65,27,50,14,-1.2644687002361992,13
3438,27,15,15,8,-1.2723977319780557,7
3439,51,30,50,15,-1.277023353905357,15
3440,13,31,57,15,-1.2798377775645073,16
3441,109,20,97,10,-1.2834069052578214,10
3442,102,17,11,8,-1.2862551218754503,9
3443,74,22,2,12,-1.2925512141562505,10
3444,60,43,65,25,-1.2925574145160876,18
3445,88,57,87,27,-1.297249266486386,30
3446,34,11,11,5,-1.3007303411726843,6
3447,13,44,5,23,-1.3023509853743016,21
3448,51,26,57,13,-1.3040115636389955,13
3449,102,11,70,4,-1.3043211125718082,7
3450,108,12,37,6,-1.3047215727540855,6
3451,86,13,6,7,-1.306297639697856,6
3452,51,12,32,6,-1.314434714983353,6
3453,8,16,10,9,-1.3145513780375313,7
3454,55,17,3,9,-1.3172267439478242,8
3455,80,18,74,9,-1.3199661328668575,9
3456,80,30,16,16,-1.3220466579095416,14
3457,109,25,60,13,-1.3235251021634893,12
3458,65,13,61,6,-1.3279652478825155,7
3459,37,66,8,34,-1.3357403383797612,32
3460,7,48,71,23,-1.3388864417450879,25
3461,90,17,84,9,-1.3434141546201466,8
3462,17,19,34,10,-1.3462228712398685,9
3463,88,37,97,19,-1.3490743629309028,18
3464,18,16,12,9,-1.353806243690165,7
3465,70,39,107,19,-1.3599998705907195,20
3466,68,42,64,24,-1.3624818601326816,18
3467,30,26,25,12,-1.3633847180345777,14
3468,23,13,27,6,-1.3665703255989474,7
3469,76,11,90,5,-1.371109786983603,6
3470,48,10,75,5,-1.3711471542080287,5
3471,69,11,6,5,-1.3727715082405267,6
3472,41,30,106,15,-1.3806292559177735,15
3473,7,31,95,17,-1.3809406634768695,14
3474,11,41,50,22,-1.3816262941644981,19
3475,29,11,36,5,-1.3837445576600587,6
3476,37,13,43,6,-1.39155356085389,7
3477,16,25,44,12,-1.3924747988210244,13
3478,83,15,7,9,-1.3943529604549403,6
3479,9,13,91,7,-1.3946381880594534,6
3480,56,10,16,6,-1.398489957964547,4
3481,44,12,75,7,-1.3998373775330364,5
3482,95,17,70,8,-1.4011695857654913,9
3483,13,22,12,14,-1.4046792155049046,8
3484,40,16,12,8,-1.412082266616442,8
3485,57,31,86,17,-1.4176441585221127,14
3486,45,35,36,16,-1.4232731245081227,19
3487,107,32,1,16,-1.4233414848511377,16
3488,29,10,34,5,-1.4253595347909924,5
3489,87,20,43,10,-1.427338225046271,10
3490,41,70,65,39,-1.4285809086277088,31
3491,86,56,70,30,-1.4292180536114512,26
3492,25,28,50,14,-1.4391705454909016,14
3493,97,21,20,10,-1.4395279608818727,11
3494,70,20,39,11,-1.442415337141408,9
3495,63,55,106,28,-1.4485566818099482,27
3496,88,62,46,31,-1.4519317579443416,31
3497,55,30,53,16,-1.4538038424746405,14
3498,89,16,50,9,-1.4560158637801313,7
3499,38,16,8,8,-1.4562520429495762,8
3500,83,23,25,13,-1.459720188055496,10
3501,55,64,86,34,-1.4599929257917068,30
3502,47,21,31,11,-1.4606130980712662,10
3503,68,61,65,32,-1.4611429296521323,29
3504,23,16,112,9,-1.4656028868993891,7
3505,11,34,39,18,-1.465948119767099,16
3506,40,13,57,7,-1.4659794198664808,6
3507,2,32,86,16,-1.4682447143488924,16
3508,32,17,11,8,-1.4729852723414758,9
3509,68,70,51,34,-1.4738364310047696,36
3510,63,15,73,7,-1.4760785674332912,8
3511,65,95,63,49,-1.4782558749123067,46
3512,54,51,87,28,-1.4805638305796713,23
3513,13,59,4,32,-1.4911690163054772,27
3514,60,18,38,10,-1.492722607887096,8
3515,5,52,46,28,-1.4974094901037482,24
3516,108,17,50,8,-1.5013768012598367,9
3517,104,13,43,6,-1.5057895800585053,7
3518,16,23,72,12,-1.5111602221334142,11
3519,5,63,28,32,-1.5122016375527894,31
3520,28,50,13,26,-1.5141990662429579,24
3521,55,12,46,7,-1.514859018089955,5
3522,8,12,43,6,-1.5194230889621378,6
3523,68,55,60,30,-1.5203228647683913,25
3524,16,39,57,20,-1.520475985317875,19
3525,51,23,71,12,-1.5213301920130475,11
3526,37,14,35,7,-1.523131742310598,7
3527,88,34,1,17,-1.5234508852206479,17
3528,27,12,55,6,-1.525741771773817,6
3529,53,13,29,8,-1.5317670028644754,5
3530,45,23,13,12,-1.5362814776486233,11
3531,46,25,97,13,-1.53794225986029,12
3532,60,52,51,30,-1.5379585605411297,22
3533,74,61,107,33,-1.5445233108407423,28
3534,112,11,74,6,-1.5465866625881939,5
3535,43,12,57,8,-1.547683226037978,4
3536,74,26,11,14,-1.5483769164487973,12
3537,111,27,16,15,-1.5488999004290869,12
3538,14,15,106,7,-1.552388543907857,8
3539,83,23,104,13,-1.5563880557352991,10
3540,28,66,8,35,-1.5619285888266068,31
3541,111,14,9,7,-1.5621342613374538,7
3542,43,12,58,6,-1.565331234676389,6
3543,86,100,106,52,-1.5692663469089445,48
3544,88,58,40,31,-1.5715316879527899,27
3545,46,25,60,13,-1.5735893742532685,12
3546,86,57,109,30,-1.577851437379931,27
3547,90,22,55,10,-1.578656952498874,12
3548,86,12,61,6,-1.5840363313946142,6
3549,25,15,2,7,-1.5845186001024019,8
3550,90,10,64,5,-1.5921132093044663,5
3551,30,18,99,10,-1.5949338139614573,8
3552,18,10,94,5,-1.600111613157304,5
3553,35,12,30,6,-1.603184870407585,6
3554,43,13,70,7,-1.6071210379776915,6
3555,57,18,68,9,-1.6190755944848343,9
3556,94,17,19,9,-1.6219930180628628,8
3557,9,20,112,10,-1.6257132685716436,10
3558,107,15,79,9,-1.6267301484362864,6
3559,96,19,39,11,-1.6315253594413601,8
3560,41,78,7,40,-1.6316845641232842,38
3561,80,12,38,7,-1.640066144596355,5
3562,39,10,69,5,-1.6443957977700934,5
3563,68,23,36,12,-1.6511686348202665,11
3564,107,72,51,41,-1.6514383219647333,31
3565,17,32,107,17,-1.6568754180103662,15
3566,48,19,106,10,-1.6634533717988316,9
3567,28,49,87,25,-1.6675925043761979,24
3568,31,28,45,15,-1.6710870406691087,13
3569,51,44,17,22,-1.6728455376724487,22
3570,114,29,54,14,-1.6786165794472785,15
3571,69,18,50,8,-1.6863624004387787,10
3572,106,34,68,18,-1.6879506890966793,16
3573,79,11,103,6,-1.6897643820209227,5
3574,46,23,9,13,-1.6945658865661515,10
3575,40,74,7,41,-1.6955910385318649,33
3576,23,26,51,14,-1.6961813528047356,12
3577,23,15,36,6,-1.6972875274185715,9
3578,102,16,20,8,-1.6989391239814924,8
3579,48,22,11,12,-1.6999305116151882,10
3580,37,10,48,5,-1.703593750319215,5
3581,72,10,107,5,-1.705354365459133,5
3582,65,10,19,6,-1.7065840533404568,4
3583,7,40,54,21,-1.7088310244062668,19
3584,43,14,109,7,-1.712926735873305,7
3585,40,46,9,25,-1.7148595920822798,21
3586,38,32,86,17,-1.7164597494651734,15
3587,3,11,49,6,-1.7202936384122887,5
3588,46,34,107,17,-1.7216832026654767,17
3589,45,19,16,11,-1.7223541453976996,8
3590,45,15,63,8,-1.7260545689947928,7
3591,50,11,83,5,-1.7272952536822093,6
3592,12,13,50,5,-1.7279667161947843,8
3593,75,19,70,9,-1.7314858975507368,10
3594,106,19,48,10,-1.7335189393534853,9
3595,81,22,88,12,-1.7392542924502719,10
3596,88,37,36,21,-1.7392851936744331,16
3597,23,27,8,14,-1.7400762718841147,13
3598,19,14,60,8,-1.7413196114049179,6
3599,6,11,18,6,-1.7414584600944745,5
3600,36,33,60,17,-1.7416473627060742,16
3601,107,38,97,19,-1.7507246476170446,19
3602,68,31,4,16,-1.7510661926181545,15
3603,70,26,84,14,-1.7530345342228948,12
3604,13,54,49,27,-1.754775255922875,27
3605,20,13,15,7,-1.7590701497423389,6
3606,110,11,88,5,-1.7642228121429868,6
3607,76,21,109,10,-1.7708841969163658,11
3608,16,62,104,33,-1.7780277088526335,29
3609,84,13,102,7,-1.7793224025292758,6
3610,102,25,16,13,-1.7801591114112068,12
3611,90,25,37,13,-1.7816453937181784,12
3612,25,22,36,11,-1.8071440138268584,11
3613,8,12,29,7,-1.8103420658743297,5
3614,111,18,40,9,-1.8104998545748818,9
3615,28,18,79,10,-1.8130893193426156,8
3616,19,16,112,9,-1.813426200124522,7
3617,109,11,71,6,-1.819641782820222,5
3618,99,13,102,7,-1.8212893413036864,6
3619,108,16,64,8,-1.8224151605655852,8
3620,114,13,44,7,-1.8263733365516708,6
3621,3,11,106,6,-1.8270221877820196,5
3622,13,29,74,15,-1.8278354237299068,14
3623,49,20,54,10,-1.8291542659227744,10
3624,3,30,39,15,-1.830220006872886,15
3625,64,28,87,14,-1.8322246607811434,14
3626,96,38,84,19,-1.835648682700679,19
3627,20,30,114,16,-1.839540566254475,14
3628,74,16,108,9,-1.8418942666566782,7
3629,97,22,53,12,-1.8492466822191078,10
3630,106,61,87,31,-1.8566326197242504,30
3631,3,25,9,13,-1.8595601695470925,12
3632,112,12,1,5,-1.8601342085761716,7
3633,16,63,60,33,-1.8614978863680351,30
3634,5,95,37,49,-1.865428870342572,46
3635,54,26,17,13,-1.867393134138254,13
3636,68,48,107,26,-1.873122748974768,22
3637,79,14,8,6,-1.8787453444383126,8
3638,8,41,2,21,-1.8848654476169693,20
3639,64,23,25,12,-1.8857238852847689,11
3640,106,35,20,19,-1.890590591428699,16
3641,112,27,107,14,-1.8978016202230057,13
3642,65,29,43,14,-1.9015147557652619,15
3643,88,13,14,7,-1.902096229341472,6
3644,17,11,110,6,-1.9155371371930654,5
3645,106,32,97,16,-1.9159665785715099,16
3646,76,11,99,5,-1.9173589523208336,6
3647,41,21,70,10,-1.9198471114809519,11
3648,64,43,53,23,-1.9214578200473016,20
3649,18,21,114,11,-1.923577249757447,10
3650,86,56,114,29,-1.9239569797033842,27
3651,40,19,70,11,-1.9276789997691202,8
3652,84,38,87,20,-1.9318820493391857,18
3653,97,14,23,7,-1.9330528734436563,7
3654,98,10,32,5,-1.9380052263831622,5
3655,104,13,110,8,-1.9388474450810558,5
3656,31,14,23,8,-1.9392936999416424,6
3657,55,20,25,11,-1.9429576796619947,9
3658,48,15,7,7,-1.9478692265013033,8
3659,64,34,36,17,-1.9485056781764598,17
3660,71,12,78,6,-1.9545808326383198,6
3661,35,11,50,6,-1.9581460146246743,5
3662,109,52,28,29,-1.9670439498401113,23
3663,76,18,41,8,-1.972404836446448,10
3664,15,15,64,7,-1.974538086287131,8
3665,53,28,95,17,-1.9769373995573178,11
3666,76,46,106,22,-1.9803869538705086,24
3667,25,38,28,22,-1.983389891159918,16
3668,4,19,53,10,-1.987694792892672,9
3669,50,38,13,20,-1.9937674166002943,18
3670,112,15,104,8,-1.9939359727925703,7
3671,7,24,69,12,-1.9945381002011557,12
3672,28,87,16,47,-2.0038366917622867,40
3673,97,22,83,10,-2.007636873207568,12
3674,90,37,8,21,-2.01946478207178,16
3675,17,27,114,16,-2.021159075364869,11
3676,60,32,18,17,-2.0244266182620265,15
3677,87,30,75,16,-2.024772500508876,14
3678,13,11,32,6,-2.026181507027533,5
3679,114,14,91,7,-2.031242634143396,7
3680,79,11,55,6,-2.0315889229013417,5
3681,63,12,58,5,-2.0345686518653676,7
3682,43,11,23,6,-2.0353932524795137,5
3683,88,14,89,7,-2.035463499061412,7
3684,74,19,100,10,-2.0359479445815105,9
3685,39,21,12,11,-2.0360468271825893,10
3686,60,24,90,14,-2.039727571926182,10
3687,51,34,18,17,-2.042743355152735,17
3688,51,63,40,33,-2.0429256811029024,30
3689,39,31,64,17,-2.0431697239809092,14
3690,88,21,93,12,-2.047097578055207,9
3691,80,31,65,16,-2.05091984654234,15
3692,100,15,64,9,-2.056156801472098,6
3693,90,45,86,25,-2.0574221764428238,20
3694,88,12,79,7,-2.0642453169607626,5
3695,63,10,82,5,-2.0779758612966877,5
3696,65,47,74,24,-2.0847963525870905,23
3697,57,10,10,6,-2.0848803916878547,4
3698,28,55,88,30,-2.0851563159512985,25
3699,91,12,17,7,-2.0932516032559643,5
3700,8,22,97,11,-2.094799206270941,11
3701,55,34,83,17,-2.0962093979720193,17
3702,79,18,84,9,-2.0988599029371886,9
3703,38,11,12,6,-2.1101018439230717,5
3704,33,12,74,6,-2.113811361821,6
3705,64,20,1,10,-2.116432620959366,10
3706,37,38,65,19,-2.116557677432621,19
3707,70,11,53,6,-2.117480208536356,5
3708,84,26,37,14,-2.1240499046478805,12
3709,43,16,35,8,-2.1256405181906706,8
3710,76,13,34,6,-2.1338119769299584,7
3711,107,49,41,28,-2.135348584755222,21
3712,86,44,3,22,-2.161921993965727,22
3713,74,14,88,9,-2.16536396125082,5
3714,84,31,16,16,-2.1667249344371378,15
3715,54,75,86,39,-2.1689438842347455,36
3716,39,11,33,6,-2.1701558874520313,5
3717,93,16,84,8,-2.173203038685071,8
3718,70,26,63,14,-2.1813121472430432,12
3719,87,21,27,11,-2.182191127775442,10
3720,11,36,63,21,-2.184303425155536,15
3721,94,12,65,7,-2.1843330518571347,5
3722,74,64,8,36,-2.1866220406514896,28
3723,54,10,31,5,-2.1866689261471493,5
3724,39,20,62,10,-2.1906158630571055,10
3725,88,63,60,35,-2.2053487740970468,28
3726,96,50,5,28,-2.21142719225076,22
3727,55,84,8,42,-2.212352121108186,42
3728,98,14,18,6,-2.2211477971408065,8
3729,99,13,98,6,-2.22125816779338,7
3730,33,11,88,5,-2.224220943421554,6
3731,25,16,90,9,-2.226157693683706,7
3732,78,32,86,17,-2.230290105994091,15
3733,74,27,20,15,-2.230377352624161,12
3734,20,14,18,8,-2.233452860395892,6
3735,104,35,87,17,-2.2393020839894078,18
3736,11,18,7,10,-2.23932059026862,8
3737,27,25,41,14,-2.2407624509966397,11
3738,27,10,70,5,-2.243263258457554,5
3739,4,38,88,20,-2.24592170041755,18
3740,65,88,13,48,-2.2487937244898935,40
3741,54,14,41,7,-2.2511014360561394,7
3742,20,13,69,7,-2.2532252345201647,6
3743,25,30,95,16,-2.25397314365567,14
3744,94,18,86,10,-2.2623672057942876,8
3745,88,45,106,26,-2.2639858690375605,19
3746,7,12,85,7,-2.267272935114745,5
3747,96,66,28,35,-2.2674069446039327,31
3748,31,10,61,5,-2.2696136748473594,5
3749,71,16,80,8,-2.2753923838048147,8
3750,35,20,88,10,-2.2787018333731495,10
3751,114,38,63,23,-2.2836807270192585,15
3752,74,46,37,24,-2.2838690954080456,22
3753,4,13,106,6,-2.287883468044352,7
3754,45,18,114,10,-2.292094813707231,8
3755,5,24,100,13,-2.2932427434044693,11
3756,65,33,97,18,-2.294354223312199,15
3757,32,21,86,11,-2.2989864902239,10
3758,109,13,23,7,-2.3017906431791286,6
3759,102,22,109,12,-2.303194855526112,10
3760,50,12,58,6,-2.303376752943112,6
3761,48,17,109,9,-2.3066244801907967,8
3762,12,39,65,20,-2.311622607173606,19
3763,91,32,88,17,-2.315767764685103,15
3764,60,26,3,14,-2.3182866914035363,12
3765,102,21,104,10,-2.320627297470276,11
3766,64,23,50,12,-2.3285304422785043,11
3767,5,51,109,26,-2.3285813949081646,25
3768,53,28,25,14,-2.3301510854690832,14
3769,86,16,29,9,-2.3399676619619454,7
3770,50,13,6,7,-2.341492332331065,6
3771,38,12,114,6,-2.3415263774379937,6
3772,2,20,16,11,-2.344610668498853,9
3773,3,19,104,10,-2.3520715951524074,9
3774,37,58,107,31,-2.3520883092822156,27
3775,69,23,87,13,-2.352208197144829,10
3776,31,36,4,21,-2.3535355966794675,15
3777,109,14,96,8,-2.3566759619593642,6
3778,11,51,8,28,-2.360316345482966,23
3779,5,23,99,12,-2.3616219022642833,11
3780,39,46,63,28,-2.3626947638130464,18
3781,70,19,7,12,-2.364945757295021,7
3782,50,24,40,14,-2.3671440474550494,10
3783,112,19,50,11,-2.3689643473531765,8
3784,48,15,30,9,-2.3702999073115163,6
3785,96,55,8,30,-2.3714393570924233,25
3786,68,106,7,57,-2.372479004873661,49
3787,17,21,68,12,-2.3748596984894563,9
3788,107,40,71,23,-2.3760609676092477,17
3789,17,23,8,12,-2.380809098241683,11
3790,17,31,13,17,-2.3811485805577353,14
3791,56,13,75,8,-2.3840139649043506,5
3792,104,25,96,14,-2.3866419839158355,11
3793,71,21,4,13,-2.3871750117365993,8
3794,95,40,104,22,-2.389034218387607,18
3795,8,12,111,6,-2.390343846489093,6
3796,87,22,83,11,-2.3903571419434884,11
3797,63,17,17,9,-2.392516388601692,8
3798,87,22,29,13,-2.3927220644385314,9
3799,28,38,46,22,-2.3990178798165633,16
3800,8,10,56,6,-2.4000860547179794,4
3801,80,26,20,14,-2.4033351571638573,12
3802,69,18,9,10,-2.4050002453980612,8
3803,38,21,68,12,-2.407021082950757,9
3804,51,24,47,12,-2.4094573680997575,12
3805,93,33,8,17,-2.4111455321691304,16
3806,92,11,65,6,-2.411285975254871,5
3807,20,38,88,19,-2.4156839797078273,19
3808,39,35,71,19,-2.4158892555534424,16
3809,54,17,94,9,-2.418369665890047,8
3810,25,46,107,24,-2.4187485647838773,22
3811,99,11,109,6,-2.419517402501058,5
3812,1,22,60,12,-2.4237761384069962,10
3813,75,20,91,7,-2.4323694332612673,13
3814,51,19,14,12,-2.4338441230915153,7
3815,77,15,49,9,-2.4346952489630187,6
3816,64,37,107,19,-2.435414553814307,18
3817,106,39,55,22,-2.4381392466666045,17
3818,86,18,12,10,-2.4382543520920796,8
3819,88,31,96,16,-2.4406464912019885,15
3820,50,10,32,4,-2.4440541907162716,6
3821,3,20,28,11,-2.459553189839291,9
3822,69,17,74,8,-2.466497282082454,9
3823,74,40,87,22,-2.4671563114027464,18
3824,81,17,4,10,-2.467812477706327,7
3825,27,17,43,10,-2.470548347133016,7
3826,9,61,7,31,-2.4756046461152823,30
3827,3,14,96,7,-2.4759083478520028,7
3828,65,56,28,31,-2.47697674242904,25
3829,39,30,95,16,-2.481130681096556,14
3830,111,11,18,6,-2.489910872635885,5
3831,3,20,65,11,-2.4971368500383213,9
3832,109,18,37,10,-2.5010134043415313,8
3833,51,70,88,34,-2.5063635186764337,36
3834,96,37,106,21,-2.5084238105055885,16
3835,55,43,75,25,-2.5125301308500276,18
3836,36,15,12,8,-2.5163199425137495,7
3837,54,34,80,17,-2.5244394841569355,17
3838,50,32,39,17,-2.524569549657206,15
3839,4,18,39,10,-2.5267698999647226,8
3840,51,45,8,24,-2.5271962911390995,21
3841,94,15,27,8,-2.527808758703997,7
3842,9,33,36,18,-2.527924078037467,15
3843,95,20,20,11,-2.5325274069422727,9
3844,60,50,39,26,-2.5355246842136108,24
3845,60,11,111,7,-2.535604443502029,4
3846,41,23,57,13,-2.5447184483511474,10
3847,38,20,64,11,-2.5449420802693488,9
3848,36,74,7,40,-2.54935875079736,34
3849,1,19,73,11,-2.5534291003907295,8
3850,83,16,51,10,-2.556300922595479,6
3851,63,10,83,4,-2.557624644664858,6
3852,51,43,28,22,-2.5635290356109595,21
3853,87,13,92,7,-2.5651869545632544,6
3854,107,50,50,26,-2.5656690703128167,24
3855,3,13,69,8,-2.5732249505733895,5
3856,107,49,11,27,-2.5761241944086906,22
3857,71,14,69,7,-2.582352607553779,7
3858,68,42,27,23,-2.583742966038123,19
3859,87,25,71,13,-2.590103521421834,12
3860,18,33,86,19,-2.5923706641316473,14
3861,109,10,1,5,-2.592960677140225,5
3862,31,23,39,13,-2.5934090452929364,10
3863,27,19,40,8,-2.5947052105553348,11
3864,78,23,13,13,-2.5954318163056995,10
3865,91,23,36,13,-2.600483205457647,10
3866,107,25,85,13,-2.601380149286501,12
3867,90,37,107,19,-2.6015860655240464,18
3868,1,29,40,16,-2.608102727316189,13
3869,86,20,93,11,-2.6126285193850958,9
3870,40,16,11,9,-2.612795985816362,7
3871,2,13,76,8,-2.6134640032331116,5
3872,64,28,75,15,-2.614396425436705,13
3873,43,12,15,7,-2.6182799956478156,5
3874,107,30,108,16,-2.6200064290415055,14
3875,86,36,91,19,-2.627461430980282,17
3876,39,30,17,17,-2.63473827504273,13
3877,54,13,110,7,-2.6358849029934492,6
3878,106,10,10,7,-2.639964127087713,3
3879,72,15,54,8,-2.641293556986857,7
3880,95,14,33,8,-2.6415453896084555,6
3881,6,17,88,9,-2.643401887191552,8
3882,5,60,16,35,-2.643518445682432,25
3883,37,21,30,12,-2.6448172779185537,9
3884,86,43,23,23,-2.6484576158238538,20
3885,8,24,30,13,-2.6514132136935475,11
3886,65,48,53,25,-2.6519126498591334,23
3887,36,13,57,8,-2.653116090105381,5
3888,88,29,92,16,-2.65412565592523,13
3889,91,13,74,7,-2.658254293210725,6
3890,76,10,47,3,-2.6595736051653853,7
3891,27,49,7,26,-2.6647214457148434,23
3892,98,13,19,6,-2.6648484010439395,7
3893,74,25,114,13,-2.666972342657448,12
3894,75,18,95,10,-2.672802736686619,8
3895,44,17,25,9,-2.673535476281759,8
3896,5,25,39,13,-2.6791322172692884,12
3897,17,17,90,8,-2.680753861205159,9
3898,35,11,13,6,-2.684594978225239,5
3899,71,40,65,23,-2.6867803351656674,17
3900,88,40,11,22,-2.6877923972728404,18
3901,107,31,34,18,-2.70586109085048,13
3902,70,16,49,8,-2.7131214221068403,8
3903,80,11,95,6,-2.7197438471090796,5
3904,28,50,11,26,-2.7199624016130106,24
3905,70,31,104,17,-2.7208109249750048,14
3906,88,53,55,31,-2.721264805593774,22
3907,41,11,29,6,-2.729777141843769,5
3908,34,12,75,6,-2.7327928404854562,6
3909,106,50,65,27,-2.735321183024918,23
3910,63,12,99,6,-2.7377253409939377,6
3911,104,22,97,11,-2.7396377781056187,11
3912,8,12,112,6,-2.740736306324458,6
3913,112,23,63,12,-2.74696539057072,11
3914,8,79,86,40,-2.762520741926732,39
3915,28,99,86,55,-2.762726515499761,44
3916,77,17,5,9,-2.7658375671945885,8
3917,40,11,38,5,-2.771552043064858,6
3918,10,11,5,5,-2.7716738654503192,6
3919,91,31,28,17,-2.78581966806185,14
3920,97,15,9,7,-2.7891659901703596,8
3921,36,13,100,7,-2.7923934619121096,6
3922,1,26,7,14,-2.793205495238504,12
3923,114,25,4,13,-2.7973762559419417,12
3924,109,20,50,11,-2.798084616202662,9
3925,68,19,12,11,-2.7985209511930123,8
3926,54,15,29,8,-2.799406704814975,7
3927,112,14,106,7,-2.805082024542768,7
3928,41,15,99,8,-2.808167291861728,7
3929,36,32,1,16,-2.8095303452930684,16
3930,48,17,65,10,-2.813018636762518,7
3931,98,12,39,7,-2.813957257779375,5
3932,23,13,29,7,-2.8171506454565067,6
3933,47,13,64,8,-2.821240379057225,5
3934,71,13,18,7,-2.821320109059578,6
3935,109,14,40,8,-2.8243745319718685,6
3936,81,23,53,13,-2.832269045840244,10
3937,74,33,104,19,-2.832959821636547,14
3938,3,18,12,11,-2.839681653024657,7
3939,23,19,95,10,-2.8404436396815522,9
3940,104,13,23,8,-2.8445076862849517,5
3941,76,24,46,13,-2.8453201116747966,11
3942,44,13,28,6,-2.846139863099275,7
3943,51,50,54,27,-2.848646635461052,23
3944,33,13,97,7,-2.8486496222061595,6
3945,18,20,74,10,-2.8496142222224696,10
3946,17,27,7,15,-2.85132939083683,12
3947,96,16,73,9,-2.853430398009382,7
3948,99,18,51,9,-2.8534777973740635,9
3949,104,35,39,19,-2.8536678809946237,16
3950,13,90,16,51,-2.858232696710157,39
3951,13,14,14,9,-2.860640889165118,5
3952,65,25,15,14,-2.862354953283159,11
3953,63,23,46,11,-2.867241869896345,12
3954,20,42,87,22,-2.869120615934056,20
3955,75,21,27,11,-2.8742147115996155,10
3956,60,23,63,13,-2.8746236800640066,10
3957,16,13,85,8,-2.8813506371354958,5
3958,65,11,85,6,-2.8887980695165383,5
3959,74,24,75,14,-2.8903655619324415,10
3960,100,15,19,7,-2.8916891391322053,8
3961,55,71,13,38,-2.895942627228282,33
3962,70,10,44,5,-2.8975248911261424,5
3963,112,10,45,6,-2.897726145007349,4
3964,108,13,71,7,-2.8992906212622866,6
3965,37,19,91,10,-2.9050960547005253,9
3966,79,15,7,8,-2.9111710091731053,7
3967,108,12,25,7,-2.9132670669268257,5
3968,106,19,102,9,-2.9207255392565092,10
3969,86,82,74,43,-2.9212877807151494,39
3970,63,31,9,17,-2.9234885327226117,14
3971,100,24,8,14,-2.9246971191484055,10
3972,3,15,61,7,-2.93476140357165,8
3973,87,20,36,12,-2.9355732508976633,8
3974,41,46,51,25,-2.9363641975371872,21
3975,76,17,30,10,-2.9372015853586078,7
3976,40,32,41,17,-2.946728808508273,15
3977,65,20,18,10,-2.9468351166959508,10
3978,8,16,80,8,-2.9519293865537106,8
3979,46,23,114,13,-2.9631435316072414,10
3980,57,18,25,10,-2.964934950553877,8
3981,53,11,47,6,-2.967218161853792,5
3982,78,14,28,7,-2.969090445302413,7
3983,37,21,2,11,-2.96975801126945,10
3984,4,32,36,19,-2.9739066740354194,13
3985,64,16,49,8,-2.974435618509844,8
3986,106,36,84,18,-2.9754739608250116,18
3987,94,15,112,9,-2.986690933398207,6
3988,18,10,27,5,-2.996654278290003,5
3989,69,11,4,6,-2.9994841766617175,5
3990,34,14,96,8,-3.001763014782562,6
3991,60,22,78,11,-3.004783076060726,11
3992,37,47,20,25,-3.0049852144749636,22
3993,29,16,7,7,-3.0054928601317066,9
3994,7,27,6,12,-3.013941061604383,15
3995,107,18,6,10,-3.0150078164829837,8
3996,84,86,86,44,-3.0278103260571707,42
3997,99,12,27,6,-3.0280763102634345,6
3998,49,16,65,9,-3.0342561495428084,7
3999,65,39,25,23,-3.0368934823131157,16
4000,96,13,38,7,-3.0422152322461713,6
4001,86,42,71,22,-3.0606693617391714,20
4002,107,26,29,17,-3.062430324885094,9
4003,55,14,48,8,-3.0636269177668387,6
4004,29,22,16,11,-3.0641104333581,11
4005,25,18,71,10,-3.0644100067848146,8
4006,114,40,60,18,-3.0670908685799043,22
4007,55,22,20,12,-3.0673393388469985,10
4008,25,30,75,17,-3.069551733540898,13
4009,41,11,74,5,-3.0735662157516845,6
4010,63,40,74,21,-3.0803940829456544,19
4011,87,14,45,8,-3.086220297325659,6
4012,91,10,64,6,-3.0993479020870796,4
4013,68,14,99,8,-3.100103615084465,6
4014,27,13,74,6,-3.1002755903304386,7
4015,60,15,92,9,-3.101629065738581,6
4016,106,25,109,13,-3.1028448270841773,12
4017,86,91,63,53,-3.106277287763664,38
4018,4,24,50,12,-3.1105592371369597,12
4019,17,25,25,14,-3.1106502600539105,11
4020,80,11,36,6,-3.1158574211756616,5
4021,29,11,30,5,-3.128504643773144,6
4022,19,15,43,9,-3.1352117650756752,6
4023,43,11,112,6,-3.1359235341148506,5
4024,49,49,39,28,-3.144181923934282,21
4025,23,23,75,11,-3.148733601092015,12
4026,7,51,104,28,-3.158219418007504,23
4027,82,21,86,12,-3.1586560919846263,9
4028,1,36,68,20,-3.1610454054119046,16
4029,62,17,13,9,-3.161295276739798,8
4030,74,14,90,9,-3.168061351028922,5
4031,86,16,110,9,-3.1694821197260485,7
4032,60,25,106,15,-3.171261503808182,10
4033,7,32,43,19,-3.1749602918386843,13
4034,65,25,83,13,-3.1850517665827933,12
4035,50,54,37,28,-3.1883352760136074,26
4036,5,61,88,32,-3.1946532218196624,29
4037,81,14,68,8,-3.1985312995714845,6
4038,5,49,55,27,-3.198953177181802,22
4039,39,41,36,23,-3.1998605067578225,18
4040,76,12,44,7,-3.2019945343572456,5
4041,17,28,106,17,-3.2039846830051117,11
4042,60,15,84,10,-3.2064037329190676,5
4043,31,47,60,23,-3.2094707274879264,24
4044,97,19,50,11,-3.210625734622642,8
4045,74,16,17,9,-3.21177055102783,7
4046,23,19,64,10,-3.2123729115980186,9
4047,28,39,55,23,-3.2184704312839756,16
4048,63,29,97,16,-3.219195053710692,13
4049,7,55,23,30,-3.222928305376168,25
4050,16,21,4,10,-3.223993814900797,11
4051,35,18,16,11,-3.2305329948687067,7
4052,87,21,2,12,-3.2308938185741103,9
4053,97,10,56,5,-3.2314262120369195,5
4054,36,49,107,26,-3.234838704648262,23
4055,60,25,99,14,-3.238194459102709,11
4056,112,12,72,6,-3.241907003379272,6
4057,8,18,68,10,-3.2434866605613224,8
4058,16,45,41,23,-3.2495789716339614,22
4059,6,15,68,9,-3.251551578791195,6
4060,25,47,114,27,-3.2540864225169766,20
4061,95,14,84,8,-3.2568961944145873,6
4062,74,24,7,15,-3.257493143792889,9
4063,95,14,76,8,-3.257651508839797,6
4064,54,56,28,31,-3.262278028179984,25
4065,7,114,13,62,-3.264302615697635,52
4066,93,14,70,8,-3.2714518634318708,6
4067,13,20,19,11,-3.2737045610130138,9
4068,67,13,114,7,-3.274670651234843,6
4069,86,49,60,27,-3.2754717222931737,22
4070,47,22,107,12,-3.281473065538478,10
4071,77,22,86,13,-3.282390155462016,9
4072,8,75,16,42,-3.2995823254465315,33
4073,5,60,104,32,-3.3007473735225057,28
4074,48,29,28,16,-3.3030143286202387,13
4075,15,12,28,6,-3.307663426492388,6
4076,66,11,86,6,-3.309294151623436,5
4077,75,31,60,17,-3.313915862803686,14
4078,84,16,97,10,-3.316428205809935,6
4079,27,12,11,6,-3.3300069081043646,6
4080,50,19,41,11,-3.331657114556132,8
4081,76,13,71,6,-3.3359186512389036,7
4082,5,13,68,7,-3.3380294056441127,6
4083,98,20,54,11,-3.3414082574983,9
4084,33,13,75,8,-3.342736023465549,5
4085,70,47,16,27,-3.3445553948476245,20
4086,91,15,40,8,-3.345577169162442,7
4087,20,10,83,5,-3.347889825164404,5
4088,107,15,14,9,-3.3479962116917545,6
4089,16,19,34,11,-3.3492183111948397,8
4090,70,30,88,17,-3.3524090493184286,13
4091,3,12,54,6,-3.3552278990212483,6
4092,47,24,16,13,-3.3618794644533065,11
4093,8,23,14,13,-3.3634201583462153,10
4094,97,25,54,13,-3.364815342765676,12
4095,20,17,40,10,-3.3649339637959637,7
4096,55,56,107,30,-3.369618935589803,26
4097,44,13,100,7,-3.3720452657314217,6
4098,98,15,73,8,-3.3800553651819163,7
4099,55,28,36,15,-3.383336577257353,13
4100,9,28,60,17,-3.384232112219374,11
4101,88,13,19,7,-3.3883003963549876,6
4102,55,48,39,27,-3.3894226122709816,21
4103,104,10,73,6,-3.391491099464731,4
4104,28,13,4,7,-3.3940824912486858,6
4105,87,29,76,17,-3.3995265465111264,12
4106,84,29,55,16,-3.4012305577969593,13
4107,98,26,104,12,-3.4091853213510745,14
4108,36,11,17,5,-3.417273645156755,6
4109,37,12,4,7,-3.4218717037755084,5
4110,25,31,102,17,-3.4382241991917164,14
4111,51,87,13,46,-3.440625812579818,41
4112,39,29,114,15,-3.4411172111260955,14
4113,40,58,60,32,-3.4423663485116376,26
4114,55,28,76,17,-3.4438952481653042,11
4115,46,25,68,14,-3.4494659871080535,11
4116,23,21,37,11,-3.4530437057487418,10
4117,5,23,33,12,-3.454327509177194,11
4118,20,27,11,16,-3.455641949633459,11
4119,51,49,106,27,-3.457607975311812,22
4120,5,60,74,32,-3.4699961467083447,28
4121,16,14,73,7,-3.4738693799097957,7
4122,54,57,96,29,-3.47661338595835,28
4123,18,16,55,8,-3.481046717374471,8
4124,70,20,25,11,-3.484518115943737,9
4125,71,18,12,10,-3.4874429459484335,8
4126,51,30,36,16,-3.4874600225025065,14
4127,36,13,62,7,-3.489528327052378,6
4128,114,36,97,20,-3.494809729950691,16
4129,9,26,50,15,-3.4989626487903873,11
4130,63,18,49,10,-3.500149915800845,8
4131,39,12,1,5,-3.502316135418237,7
4132,23,16,74,9,-3.5053157619270587,7
4133,33,10,49,6,-3.5057518320537775,4
4134,104,38,8,21,-3.5073414065674897,17
4135,19,12,41,7,-3.5111487454985926,5
4136,106,50,107,27,-3.5165007722129795,23
4137,17,39,16,24,-3.519303718783672,15
4138,43,18,63,10,-3.5248517337852396,8
4139,112,10,69,6,-3.52766053414011,4
4140,76,17,20,8,-3.5278207011714757,9
4141,25,17,93,9,-3.530039788975629,8
4142,65,19,77,10,-3.5341053048936772,9
4143,7,15,44,8,-3.535266020755452,7
4144,69,26,88,15,-3.536532050456282,11
4145,36,65,40,37,-3.5400829247343655,28
4146,76,27,28,14,-3.5440767696346973,13
4147,69,12,19,7,-3.554077533016781,5
4148,4,13,30,7,-3.554167963462701,6
4149,57,13,23,7,-3.554408044637194,6
4150,36,19,28,10,-3.554999615354126,9
4151,86,90,7,52,-3.5577462755235434,38
4152,33,11,64,7,-3.558110801858625,4
4153,108,13,79,8,-3.562523700236057,5
4154,69,25,41,16,-3.5647588534800048,9
4155,3,15,81,9,-3.5653849933326986,6
4156,23,12,33,7,-3.5712223539857573,5
4157,38,22,16,14,-3.5724883088865464,8
4158,57,18,3,10,-3.5742432115563805,8
4159,28,50,20,28,-3.5784154895374147,22
4160,60,16,61,8,-3.58082656290379,8
4161,95,10,97,6,-3.58943247133478,4
4162,71,13,58,7,-3.5901555481142533,6
4163,112,28,65,16,-3.591244371403726,12
4164,91,13,102,7,-3.5942640564526322,6
4165,94,13,55,7,-3.6120696685756326,6
4166,28,26,80,14,-3.6230809501897747,12
4167,18,19,43,9,-3.6267699505365183,10
4168,87,107,86,55,-3.6292274243498333,52
4169,108,14,75,8,-3.634090811617301,6
4170,107,72,88,41,-3.6375933381747343,31
4171,70,10,14,5,-3.6470421341148493,5
4172,50,13,27,8,-3.6503401008022798,5
4173,65,47,23,25,-3.650632324208862,22
4174,18,11,17,5,-3.6519056838531805,6
4175,112,35,86,20,-3.651933901410972,15
4176,9,15,109,7,-3.6538651478462696,8
4177,32,21,107,11,-3.6546977761524695,10
4178,71,10,90,5,-3.656103603020123,5
4179,23,22,63,13,-3.656375723040438,9
4180,100,11,53,6,-3.6569500587649983,5
4181,96,33,97,17,-3.6574389351582637,16
4182,86,33,49,17,-3.6580175694241315,16
4183,51,26,108,14,-3.669690549423146,12
4184,87,25,80,14,-3.671802865102298,11
4185,27,12,71,7,-3.672482180614423,5
4186,68,14,101,9,-3.6742625668258904,5
4187,55,19,34,10,-3.680955248563573,9
4188,51,37,114,19,-3.6824882422691596,18
4189,29,11,94,6,-3.682618819560659,5
4190,53,48,39,27,-3.685116242956752,21
4191,28,25,60,12,-3.7035703279957386,13
4192,43,17,106,9,-3.706853967971227,8
4193,5,21,15,13,-3.7147342263498238,8
4194,27,32,16,18,-3.7151603873312804,14
4195,60,14,89,7,-3.723763452657912,7
4196,81,17,39,10,-3.728914203220536,7
4197,25,65,86,35,-3.735239092039536,30
4198,4,13,1,8,-3.7360390878519714,5
4199,63,21,78,11,-3.742726093893203,10
4200,40,42,53,23,-3.7429391558119995,19
4201,53,55,18,30,-3.7518428116438605,25
4202,109,33,51,21,-3.752003613096799,12
4203,70,26,68,14,-3.7558298330273767,12
4204,15,13,47,7,-3.7602698343279473,6
4205,40,69,13,38,-3.7693846533253215,31
4206,54,22,15,11,-3.7704013204125912,11
4207,65,90,16,51,-3.773083718958,39
4208,4,19,63,11,-3.7758336578086884,8
4209,92,13,104,6,-3.7768187223532292,7
4210,23,48,107,26,-3.7778307981128196,22
4211,65,74,104,40,-3.778164926289779,34
4212,93,10,7,5,-3.7802315490169662,5
4213,37,12,94,7,-3.788108137633397,5
4214,60,13,80,7,-3.788360223509818,6
4215,86,11,19,6,-3.7947428736900837,5
4216,104,13,20,8,-3.7974160411444697,5
4217,5,16,110,9,-3.8138584796050923,7
4218,91,28,5,17,-3.814625093066516,11
4219,4,21,55,11,-3.821660634263143,10
4220,64,14,44,8,-3.824222642884567,6
4221,3,11,4,6,-3.825046392091852,5
4222,66,12,60,8,-3.8266322198174065,4
4223,87,16,44,9,-3.826754946057649,7
4224,51,30,70,16,-3.8297117807076546,14
4225,87,38,30,21,-3.8298987122526276,17
4226,13,26,91,14,-3.8317482607331113,12
4227,46,13,38,8,-3.8338597693432233,5
4228,7,26,20,14,-3.839940256500115,12
4229,31,23,18,12,-3.8430258307678655,11
4230,31,11,28,6,-3.845374758093618,5
4231,54,50,46,28,-3.846547643547206,22
4232,111,34,65,20,-3.8475275648066676,14
4233,114,25,41,13,-3.8544949021986654,12
4234,109,17,68,11,-3.8661451047117255,6
4235,68,11,108,6,-3.86884903956731,5
4236,87,36,95,20,-3.8694007735692093,16
4237,108,11,30,6,-3.88226795119385,5
4238,17,27,28,15,-3.885054779321748,12
4239,46,44,51,25,-3.8852508517734274,19
4240,81,19,15,10,-3.8877827130728115,9
4241,62,13,76,7,-3.8913968956310074,6
4242,57,23,28,13,-3.8971175709019774,10
4243,37,26,102,15,-3.901578428361024,11
4244,54,13,79,8,-3.90846253808764,5
4245,86,13,89,6,-3.9174928376954097,7
4246,57,14,27,7,-3.917684721013121,7
4247,70,38,37,22,-3.9227382855891673,16
4248,2,28,5,16,-3.923277825320168,12
4249,50,11,57,7,-3.929027822248146,4
4250,16,35,97,19,-3.9340820840887147,16
4251,97,10,80,6,-3.9365866928471034,4
4252,93,11,3,5,-3.9394735942906975,6
4253,1,33,13,20,-3.9436595279590825,13
4254,40,11,6,6,-3.9442678680230827,5
4255,86,45,9,26,-3.945093339569097,19
4256,39,27,27,13,-3.949968449730081,14
4257,104,50,88,29,-3.9536343834384904,21
4258,17,34,65,21,-3.9540701507148897,13
4259,93,24,74,13,-3.960101768879081,11
4260,14,12,96,7,-3.975747798085754,5
4261,7,26,100,15,-4.007756687202794,11
4262,31,12,66,7,-4.0087548725586535,5
4263,29,22,84,12,-4.010792122781038,10
4264,54,36,55,19,-4.011039158800405,17
4265,110,20,8,12,-4.013172679497405,8
4266,107,90,87,50,-4.0132668328555114,40
4267,51,44,104,27,-4.015424408222765,17
4268,47,13,71,7,-4.030916530509354,6
4269,38,18,9,10,-4.035727579019443,8
4270,43,10,1,5,-4.03897671575872,5
4271,109,33,88,19,-4.04309303959431,14
4272,50,21,7,11,-4.045740478776831,10
4273,40,10,32,5,-4.050021677419869,5
4274,69,27,51,16,-4.050423840769318,11
4275,38,13,51,8,-4.063140921851932,5
4276,95,10,43,6,-4.0633983206079485,4
4277,60,38,87,20,-4.070682609249087,18
4278,87,31,3,18,-4.074547408861943,13
4279,5,117,86,66,-4.074944655375777,51
4280,50,22,74,12,-4.086243740312161,10
4281,19,11,36,6,-4.0885902184216905,5
4282,97,21,87,13,-4.089970328864312,8
4283,35,24,20,14,-4.098728722002913,10
4284,93,20,83,11,-4.100880722204593,9
4285,102,31,28,17,-4.12543311995288,14
4286,65,22,45,11,-4.125923170388699,11
4287,86,110,16,63,-4.1311616114084995,47
4288,9,19,49,10,-4.134273187385771,9
4289,104,32,76,19,-4.135711821894891,13
4290,20,11,71,7,-4.136430557393971,4
4291,69,11,11,7,-4.1379214913131195,4
4292,62,15,100,8,-4.138737945522875,7
4293,71,47,53,27,-4.141303557057988,20
4294,77,28,13,16,-4.142553833006349,12
4295,73,13,20,8,-4.146065391689571,5
4296,68,61,88,35,-4.146986844469408,26
4297,17,12,99,7,-4.14837583337694,5
4298,62,29,86,16,-4.168140003828562,13
4299,7,18,80,11,-4.182061930373812,7
4300,25,27,23,15,-4.182190113226027,12
4301,100,18,23,11,-4.197161790157007,7
4302,12,10,85,6,-4.198135644237859,4
4303,40,11,15,6,-4.201647176656486,5
4304,36,56,65,32,-4.205692860728475,24
4305,107,78,13,43,-4.2090708269660055,35
4306,46,59,86,36,-4.218640718519182,23
4307,107,20,93,12,-4.219148957246671,8
4308,31,21,87,11,-4.220659397575877,10
4309,18,19,4,11,-4.220670692754493,8
4310,44,11,71,6,-4.223524348839462,5
4311,65,16,109,11,-4.2330518085976205,5
4312,74,12,31,7,-4.240578281890586,5
4313,34,14,106,7,-4.243674039664674,7
4314,29,12,9,7,-4.247154248113976,5
4315,100,23,28,14,-4.248332726114695,9
4316,12,10,100,5,-4.2492404936843355,5
4317,80,17,104,9,-4.256665633473226,8
4318,87,33,23,20,-4.2566804889481435,13
4319,107,30,91,18,-4.264126621091654,12
4320,16,16,103,9,-4.27064958267566,7
4321,96,12,33,5,-4.271042933020871,7
4322,12,18,88,10,-4.271852106961349,8
4323,54,27,9,15,-4.272544772651764,12
4324,104,54,86,30,-4.276251009605023,24
4325,3,10,19,6,-4.287838931107965,4
4326,54,63,20,33,-4.290782184792433,30
4327,54,30,30,17,-4.295304900191639,13
4328,44,21,20,12,-4.299103845073811,9
4329,38,22,7,12,-4.300171500471751,10
4330,54,28,25,16,-4.300413553073274,12
4331,53,27,106,14,-4.302319600135899,13
4332,109,22,20,14,-4.302333411252665,8
4333,71,42,16,25,-4.3051763919274695,17
4334,52,10,50,5,-4.308197298973348,5
4335,20,19,17,11,-4.3112321942034,8
4336,17,23,97,13,-4.313428551304956,10
4337,71,14,70,7,-4.315612188206777,7
4338,40,22,4,12,-4.316643149060896,10
4339,37,23,98,13,-4.327931130640238,10
4340,87,64,8,36,-4.329007020305176,28
4341,41,19,95,11,-4.332143979792176,8
4342,22,12,60,7,-4.334241842742782,5
4343,65,29,70,18,-4.3439841796636145,11
4344,6,16,65,9,-4.346168811124812,7
4345,88,24,47,13,-4.347102674354305,11
4346,54,31,104,17,-4.355933806560285,14
4347,71,31,64,19,-4.35947313780117,12
4348,46,60,13,35,-4.360950810750817,25
4349,11,13,33,6,-4.365968233102095,7
4350,23,23,40,13,-4.36842332680331,10
4351,58,13,55,7,-4.369004483506263,6
4352,9,24,55,14,-4.371040618945101,10
4353,51,12,85,6,-4.372397467367475,6
4354,98,13,60,7,-4.372454949323837,6
4355,108,22,16,13,-4.375459621458665,9
4356,25,33,87,18,-4.379098196808543,15
4357,49,24,87,12,-4.380791657180536,12
4358,76,23,65,14,-4.385586505985179,9
4359,19,14,84,8,-4.389790408696801,6
4360,43,26,51,14,-4.390788502279346,12
4361,86,20,111,12,-4.3910837466552355,8
4362,62,27,107,13,-4.3911794083852564,14
4363,112,16,41,9,-4.393369197219724,7
4364,38,32,107,19,-4.39393220007557,13
4365,63,29,64,16,-4.39496095596168,13
4366,64,20,114,12,-4.407773657880816,8
4367,57,12,64,7,-4.4096800085415095,5
4368,53,64,7,36,-4.416213736910661,28
4369,13,30,99,17,-4.420966828834257,13
4370,87,20,102,12,-4.423994697827658,8
4371,20,14,23,8,-4.42777867543601,6
4372,53,35,16,21,-4.432680586189367,14
4373,88,11,45,7,-4.4416566980945715,4
4374,51,24,1,13,-4.443642769643949,11
4375,109,15,95,9,-4.444131433700797,6
4376,37,33,13,19,-4.448467961015428,14
4377,50,42,2,24,-4.448957186147167,18
4378,12,12,6,6,-4.448996636056325,6
4379,31,67,7,38,-4.453212370234459,29
4380,16,44,95,24,-4.453378575583385,20
4381,73,12,50,8,-4.454782630059153,4
4382,97,11,77,7,-4.454901155383999,4
4383,50,15,3,8,-4.464463620895281,7
4384,32,18,37,10,-4.466542082918519,8
4385,57,10,91,5,-4.468260927215542,5
4386,25,31,96,17,-4.472832877552798,14
4387,11,45,55,27,-4.474786147328665,18
4388,107,33,95,18,-4.475609109265347,15
4389,17,15,100,10,-4.475659273933987,5
4390,68,22,15,13,-4.477460399342998,9
4391,11,15,93,10,-4.484686270589563,5
4392,37,15,93,9,-4.4934456656390305,6
4393,112,20,75,12,-4.4989690721071325,8
4394,43,13,17,7,-4.501405777799932,6
4395,110,13,87,8,-4.501644038521952,5
4396,104,10,62,7,-4.506645682517949,3
4397,69,10,80,5,-4.508733977407145,5
4398,29,16,28,9,-4.513248021932703,7
4399,107,76,65,43,-4.516107565519854,33
4400,55,43,37,23,-4.516821858156877,20
4401,28,71,50,41,-4.530365152854882,30
4402,75,23,106,12,-4.532198108241345,11
4403,68,28,71,17,-4.532265816801446,11
4404,19,16,87,9,-4.535796546816003,7
4405,102,24,8,13,-4.537070383836358,11
4406,76,24,23,13,-4.537606040144393,11
4407,15,18,99,11,-4.551461310618722,7
4408,46,15,83,8,-4.551826612706302,7
4409,23,15,70,8,-4.554568026577778,7
4410,104,16,99,8,-4.562749239239297,8
4411,95,14,99,8,-4.572737764013027,6
4412,58,23,7,12,-4.575034525669345,11
4413,65,16,99,9,-4.579704538683142,7
4414,71,25,28,15,-4.584215619303487,10
4415,8,30,60,16,-4.584471076654315,14
4416,96,32,50,18,-4.592653394244437,14
4417,95,13,77,7,-4.601493224452909,6
4418,30,11,23,6,-4.601908928188203,5
4419,3,35,7,21,-4.603775118928218,14
4420,66,10,88,6,-4.60434245546846,4
4421,86,72,37,40,-4.607837359690986,32
4422,9,46,107,25,-4.60932354627833,21
4423,96,22,60,15,-4.611190930914723,7
4424,51,107,16,59,-4.626612846472604,48
4425,110,15,106,8,-4.633960085739299,7
4426,25,22,60,12,-4.636282806493915,10
4427,109,19,73,11,-4.637139105733963,8
4428,13,14,73,8,-4.6427133386229835,6
4429,16,21,6,11,-4.642825718029856,10
4430,27,13,34,7,-4.644713060442154,6
4431,96,39,63,24,-4.649023449526139,15
4432,25,15,27,8,-4.649655011418167,7
4433,60,29,30,19,-4.653426738413294,10
4434,47,15,25,8,-4.655390231832644,7
4435,98,14,55,9,-4.662824671110213,5
4436,64,13,80,7,-4.665596394208,6
4437,8,12,52,7,-4.669562642233976,5
4438,64,48,13,25,-4.670216629866639,23
4439,49,20,98,11,-4.675267204581687,9
4440,5,16,71,9,-4.686451238703376,7
4441,41,26,60,14,-4.687979614839917,12
4442,62,10,97,6,-4.689387738532959,4
4443,58,13,51,7,-4.6987757235739265,6
4444,60,45,55,25,-4.699539635247212,20
4445,18,31,88,17,-4.699584875943505,14
4446,80,14,11,8,-4.704407754517106,6
4447,46,23,20,15,-4.708713070266484,8
4448,71,16,43,8,-4.709770232299069,8
4449,18,37,28,20,-4.710953949587104,17
4450,72,10,15,6,-4.7131251167737505,4
4451,12,14,74,8,-4.7158981291394015,6
4452,86,17,47,10,-4.720142586161406,7
4453,75,14,15,9,-4.7291616067808215,5
4454,46,11,6,6,-4.730994669309113,5
4455,84,48,51,28,-4.731865068752452,20
4456,57,26,84,13,-4.733523061947013,13
4457,46,41,8,22,-4.737192297274267,19
4458,3,11,97,7,-4.7402730889790226,4
4459,65,57,55,32,-4.74405737741087,25
4460,114,17,100,10,-4.7447753582153425,7
4461,77,16,25,9,-4.745845616411638,7
4462,5,30,90,18,-4.752640516818982,12
4463,50,16,93,10,-4.755526241513055,6
4464,79,15,63,9,-4.756289291055939,6
4465,41,31,64,19,-4.758473174288668,12
4466,97,16,60,8,-4.770560692259115,8
4467,31,15,12,8,-4.770632464521183,7
4468,70,13,90,7,-4.771084444295363,6
4469,17,14,1,8,-4.774691835698866,6
4470,34,13,78,7,-4.775374082125243,6
4471,94,14,114,7,-4.775696268753724,7
4472,29,12,46,5,-4.775703546529658,7
4473,5,12,9,7,-4.777710715122403,5
4474,50,48,87,26,-4.778093921608591,22
4475,9,52,88,30,-4.7788733200067295,22
4476,5,33,76,19,-4.788314400539968,14
4477,1,17,9,8,-4.79405950293998,9
4478,20,13,52,8,-4.795236183864801,5
4479,9,29,8,14,-4.796436219845456,15
4480,25,11,111,6,-4.797175922879397,5
4481,96,22,75,15,-4.80138149231193,7
4482,88,44,75,26,-4.804702938088101,18
4483,108,13,96,7,-4.805162668071275,6
4484,85,11,69,6,-4.808257383801068,5
4485,106,25,2,14,-4.808494527305082,11
4486,106,12,6,7,-4.810944704219048,5
4487,8,30,83,16,-4.811627367676455,14
4488,85,11,74,6,-4.812388004493803,5
4489,68,27,23,14,-4.819829270426411,13
4490,54,15,14,10,-4.820525855929131,5
4491,25,19,31,10,-4.823839301099763,9
4492,51,35,27,21,-4.824832158001017,14
4493,67,15,8,9,-4.8319098461555825,6
4494,52,15,87,8,-4.832747531124254,7
4495,39,39,75,21,-4.835166255544909,18
4496,75,41,18,23,-4.835583954062301,18
4497,64,20,83,11,-4.840996077098241,9
4498,51,30,5,19,-4.841333405150811,11
4499,107,98,16,61,-4.84345233386622,37
4500,7,101,16,57,-4.849773607468415,44
4501,100,23,104,14,-4.850527098250833,9
4502,32,12,97,7,-4.851459349576838,5
4503,68,28,30,15,-4.855859582421322,13
4504,107,12,52,8,-4.8612628499818085,4
4505,89,10,5,7,-4.862465640901751,3
4506,106,54,37,29,-4.865641247327304,25
4507,57,27,87,16,-4.871666288606831,11
4508,88,12,85,7,-4.873754317610231,5
4509,18,15,81,9,-4.877040041598751,6
4510,114,11,30,6,-4.882071098465157,5
4511,95,11,69,7,-4.882909765417962,4
4512,3,12,8,5,-4.887819375016217,7
4513,9,44,65,26,-4.887961308210908,18
4514,71,25,62,14,-4.888439777720532,11
4515,84,59,28,34,-4.889044052283284,25
4516,5,39,83,21,-4.890865835189012,18
4517,94,10,41,6,-4.894347528636123,4
4518,88,96,7,54,-4.898871034458087,42
4519,28,12,38,6,-4.907164394244693,6
4520,108,12,54,8,-4.909695920764134,4
4521,106,56,74,32,-4.924754963776778,24
4522,36,40,86,23,-4.927433251240003,17
4523,20,14,19,8,-4.927700194569555,6
4524,9,22,114,15,-4.931319071415344,7
4525,88,42,23,26,-4.935782926079016,16
4526,54,19,85,12,-4.939303305813312,7
4527,28,27,93,17,-4.941127481170006,10
4528,87,14,77,8,-4.94240192025149,6
4529,68,19,56,10,-4.94813216675333,9
4530,84,21,9,12,-4.948134531388217,9
4531,8,32,13,19,-4.955794878282507,13
4532,77,18,39,10,-4.961640817784316,8
4533,90,23,96,14,-4.963939687748077,9
4534,38,16,109,10,-4.9644619615709695,6
4535,78,23,84,14,-4.964497842539364,9
4536,107,49,40,30,-4.964616090179718,19
4537,68,42,41,24,-4.9651675063741685,18
4538,93,11,29,6,-4.975125458266239,5
4539,47,30,7,18,-4.980252625346254,12
4540,15,17,23,10,-4.9841342107101605,7
4541,31,23,50,13,-4.991999785997781,10
4542,71,15,74,8,-4.993812181109021,7
4543,63,30,104,17,-4.993963037729945,13
4544,48,15,34,8,-4.994408680089877,7
4545,68,12,32,8,-4.994599728673894,4
4546,87,21,94,12,-5.000044556975337,9
4547,106,41,7,21,-5.003800212982272,20
4548,5,26,93,16,-5.004460526821323,10
4549,63,14,81,8,-5.016441825370757,6
4550,13,32,63,18,-5.025476860594202,14
4551,52,12,65,8,-5.036995856643753,4
4552,79,14,11,7,-5.038711911658494,7
4553,39,57,86,31,-5.0403229243330765,26
4554,27,13,28,9,-5.051194542399679,4
4555,63,29,55,16,-5.056066807562622,13
4556,71,32,30,18,-5.06395312621674,14
4557,65,66,87,39,-5.064983553930065,27
4558,65,17,46,11,-5.06610491085495,6
4559,33,13,90,8,-5.072843762888294,5
4560,86,17,10,9,-5.075771557978405,8
4561,20,10,32,7,-5.08216341529211,3
4562,95,24,60,14,-5.089480392621887,10
4563,104,25,53,14,-5.094260383198605,11
4564,108,13,28,7,-5.102919930198643,6
4565,70,23,55,13,-5.1032220329288345,10
4566,4,18,75,11,-5.1124286444655915,7
4567,15,12,49,7,-5.113632370703525,5
4568,98,22,11,12,-5.122669345045473,10
4569,94,24,43,13,-5.132582694296747,11
4570,58,30,40,16,-5.133397385337809,14
4571,3,21,36,13,-5.136055944816986,8
4572,107,46,100,24,-5.137024217111418,22
4573,69,12,40,8,-5.137627663794989,4
4574,51,12,35,7,-5.14727626674268,5
4575,88,15,44,8,-5.148664566159752,7
4576,49,26,107,14,-5.148888284740456,12
4577,9,24,106,14,-5.150083731218861,10
4578,50,28,76,18,-5.1519660961300575,10
4579,28,16,35,8,-5.1531236605423,8
4580,63,54,8,30,-5.156454172512432,24
4581,39,14,111,8,-5.158992286191917,6
4582,5,12,67,7,-5.159840528973067,5
4583,56,11,91,6,-5.160182814393273,5
4584,20,60,107,34,-5.163543558398883,26
4585,55,43,7,26,-5.169021709270008,17
4586,47,26,75,17,-5.17693162231529,9
4587,65,32,64,18,-5.182122584236016,14
4588,97,17,75,10,-5.183439015487436,7
4589,27,12,29,9,-5.192281178798627,3
4590,71,10,6,6,-5.19369227829273,4
4591,113,13,40,8,-5.193726392686624,5
4592,89,15,41,9,-5.196780511481055,6
4593,91,12,33,6,-5.213867650447791,6
4594,37,22,40,12,-5.218981261850287,10
4595,106,54,54,29,-5.222938310920249,25
4596,5,11,35,6,-5.226534281744142,5
4597,96,37,20,22,-5.229501973456112,15
4598,112,17,88,10,-5.231027938888665,7
4599,104,19,15,11,-5.23540400775586,8
4600,25,21,91,12,-5.23677892954369,9
4601,16,14,52,8,-5.238731564661997,6
4602,14,15,65,8,-5.239230657167625,7
4603,40,15,98,8,-5.239271076053038,7
4604,40,26,25,15,-5.242222631716463,11
4605,31,11,35,6,-5.255104723881262,5
4606,92,11,28,7,-5.266199037582341,4
4607,3,10,78,5,-5.270390561183827,5
4608,88,11,56,6,-5.280224334897691,5
4609,28,19,14,12,-5.2887953454841945,7
4610,86,21,99,13,-5.291638236148403,8
4611,39,49,40,29,-5.294535177326296,20
4612,22,12,109,7,-5.3030018855523124,5
4613,55,25,111,15,-5.307717141421055,10
4614,66,19,107,11,-5.307859110353936,8
4615,69,24,107,14,-5.312297877274383,10
4616,49,13,28,7,-5.31428031912519,6
4617,96,16,85,11,-5.314304637448896,5
4618,29,15,112,8,-5.316502717217538,7
4619,102,14,97,9,-5.335160623731844,5
4620,55,32,80,17,-5.338178788284693,15
4621,19,13,38,9,-5.343954633425735,4
4622,88,86,86,50,-5.345596536414867,36
4623,65,18,62,10,-5.345755023288058,8
4624,88,25,43,15,-5.351866788536154,10
4625,97,35,7,19,-5.356987360153851,16
4626,63,30,75,17,-5.362343223381898,13
4627,8,21,64,13,-5.374033093425483,8
4628,51,31,20,16,-5.3744679490472445,15
4629,17,12,72,7,-5.381050240439904,5
4630,30,18,7,9,-5.390495309133066,9
4631,90,31,54,18,-5.397442007333916,13
4632,9,42,75,25,-5.398053135866815,17
4633,64,10,84,7,-5.40179307430533,3
4634,66,11,9,6,-5.404825557202403,5
4635,58,11,4,7,-5.405037105567146,4
4636,37,11,49,6,-5.405793666619149,5
4637,17,16,11,9,-5.408663927414461,7
4638,49,36,16,21,-5.428602962958471,15
4639,18,18,91,11,-5.437015235679075,7
4640,85,14,28,8,-5.442415032587626,6
4641,51,11,93,6,-5.442643801494352,5
4642,62,13,49,8,-5.442720426362853,5
4643,57,18,97,10,-5.45235309786646,8
4644,71,43,75,27,-5.454468163058883,16
4645,51,10,79,5,-5.454970304114261,5
4646,51,17,62,10,-5.468238395489335,7
4647,68,56,16,35,-5.473444376351886,21
4648,75,10,14,6,-5.479308338136782,4
4649,70,23,114,14,-5.484820175107314,9
4650,69,12,47,7,-5.485890015271257,5
4651,40,49,65,28,-5.488110460552834,21
4652,62,10,18,6,-5.493140482819633,4
4653,102,10,67,6,-5.497246561771841,4
4654,109,13,32,7,-5.508051897308618,6
4655,83,19,95,12,-5.510188596504647,7
4656,9,35,28,19,-5.51465148212954,16
4657,37,59,87,35,-5.516733087496061,24
4658,20,10,62,6,-5.517288163699186,4
4659,13,20,26,13,-5.520285333416164,7
4660,7,33,28,20,-5.522079859732704,13
4661,102,14,33,8,-5.525239013163607,6
4662,88,23,30,12,-5.525413582454541,11
4663,68,45,114,26,-5.528966703625285,19
4664,19,12,9,7,-5.529953636291649,5
4665,62,11,60,7,-5.531153387901844,4
4666,23,31,106,16,-5.535479536227777,15
4667,87,59,13,36,-5.536518377079212,23
4668,30,12,15,7,-5.538463534767753,5
4669,84,19,13,12,-5.5402984177261425,7
4670,69,26,65,15,-5.540534749641235,11
4671,84,16,75,9,-5.542746956131477,7
4672,75,51,86,28,-5.544222274149607,23
4673,2,22,20,13,-5.544865436021075,9
4674,84,18,25,11,-5.5466876181289715,7
4675,31,53,36,30,-5.548564460468652,23
4676,25,41,8,25,-5.550067480025435,16
4677,112,27,53,14,-5.555316017681792,13
4678,4,11,46,6,-5.55622187464566,5
4679,95,10,31,6,-5.5581891593402775,4
4680,86,70,11,40,-5.56068219325721,30
4681,104,60,37,36,-5.5634752610620195,24
4682,69,11,42,6,-5.570250078296482,5
4683,98,10,3,5,-5.570597398737187,5
4684,51,18,11,9,-5.579718415865981,9
4685,94,13,39,8,-5.582337685105467,5
4686,68,21,62,12,-5.5910040455918875,9
4687,43,10,29,6,-5.59128870959519,4
4688,112,16,27,9,-5.594823713571335,7
4689,98,17,70,11,-5.604121247592223,6
4690,18,13,38,7,-5.6081144260834686,6
4691,100,37,16,22,-5.608551256780632,15
4692,50,15,100,9,-5.612526049660052,6
4693,90,14,30,8,-5.614315415339312,6
4694,50,48,16,28,-5.617696720442926,20
4695,50,26,95,15,-5.619957219349124,11
4696,5,10,19,6,-5.6233787755961275,4
4697,107,24,15,16,-5.624270425775915,8
4698,17,21,5,14,-5.625033929201381,7
4699,73,28,86,15,-5.62531345595925,13
4700,51,46,75,26,-5.632745764536369,20
4701,11,10,85,6,-5.636472097896451,4
4702,98,14,108,8,-5.640790264148575,6
4703,76,17,84,10,-5.642369532504397,7
4704,74,23,73,14,-5.649045009007229,9
4705,97,13,39,8,-5.649731064357227,5
4706,97,10,4,6,-5.649870700339136,4
4707,61,13,9,8,-5.652969843590385,5
4708,68,12,43,7,-5.661402151081362,5
4709,82,11,54,7,-5.66427830231393,4
4710,37,48,16,28,-5.664774565241773,20
4711,99,31,16,18,-5.66581833704302,13
4712,37,39,75,25,-5.670197882049106,14
4713,25,10,94,5,-5.671887186214519,5
4714,12,11,54,6,-5.67450373056912,5
4715,95,10,102,6,-5.68531996234082,4
4716,38,23,63,15,-5.685369937239837,8
4717,55,25,30,15,-5.686463879094617,10
4718,5,46,106,28,-5.689619439430468,18
4719,32,10,70,5,-5.692479372096212,5
4720,86,38,100,20,-5.69692188009838,18
4721,62,17,53,10,-5.701449545318568,7
4722,69,13,62,7,-5.706165822809073,6
4723,102,11,23,6,-5.716053822653882,5
4724,37,18,41,11,-5.716493275276267,7
4725,58,15,16,9,-5.72143638547768,6
4726,17,13,98,7,-5.72342530511381,6
4727,51,26,25,15,-5.726135112848949,11
4728,9,14,45,9,-5.727853500458989,5
4729,25,48,13,26,-5.729332953997916,22
4730,38,11,34,7,-5.733514369563806,4
4731,104,64,107,38,-5.737421230069913,26
4732,106,42,25,26,-5.737688222420908,16
4733,80,11,19,7,-5.749943576584892,4
4734,77,12,36,7,-5.751140829309579,5
4735,47,13,23,8,-5.7551420632928085,5
4736,53,13,58,6,-5.756559382638664,7
4737,35,19,11,11,-5.768399159544,8
4738,93,19,16,10,-5.776545074834796,9
4739,63,26,98,15,-5.795644107915215,11
4740,55,28,74,16,-5.797157459674131,12
4741,64,45,7,25,-5.8010614589687695,20
4742,31,19,91,12,-5.801858258461768,7
4743,39,23,100,13,-5.8048628915035785,10
4744,13,48,71,27,-5.80513252623681,21
4745,62,38,16,24,-5.806515303304726,14
4746,20,13,79,8,-5.810117746469,5
4747,106,28,80,17,-5.812470547213422,11
4748,5,16,40,9,-5.82052725169565,7
4749,94,17,28,11,-5.821481138029024,6
4750,87,13,58,8,-5.838329621055198,5
4751,46,37,74,23,-5.850135921281392,14
4752,55,37,104,22,-5.856904127783748,15
4753,84,23,85,15,-5.86164187780166,8
4754,112,20,7,12,-5.863389950487481,8
4755,7,17,34,10,-5.863504951401834,7
4756,95,36,54,20,-5.865979569344108,16
4757,9,17,62,10,-5.866001447424248,7
4758,68,27,97,16,-5.880460614845397,11
4759,36,12,46,7,-5.88209418081934,5
4760,74,22,102,13,-5.882481039476403,9
4761,51,34,64,20,-5.888421423830697,14
4762,34,19,109,11,-5.8910600256239505,8
4763,84,34,74,18,-5.89139952158172,16
4764,1,12,46,6,-5.891865749051654,6
4765,25,10,69,6,-5.903986394303471,4
4766,112,24,13,13,-5.904590884073855,11
4767,45,15,41,10,-5.914462706154762,5
4768,84,18,114,11,-5.917311033591251,7
4769,63,10,93,6,-5.917563250275586,4
4770,55,27,109,14,-5.923431655873009,13
4771,114,20,73,12,-5.924435121305104,8
4772,63,45,37,27,-5.933785173114153,18
4773,30,11,74,6,-5.9350135220415146,5
4774,10,13,63,8,-5.94033318775015,5
4775,28,50,104,29,-5.9417102215711495,21
4776,43,15,41,9,-5.943674988011268,6
4777,76,25,98,15,-5.94433744621166,10
4778,53,15,28,9,-5.945744364633271,6
4779,7,15,33,8,-5.9471342175078945,7
4780,14,12,39,7,-5.9475481477923315,5
4781,10,12,97,6,-5.950831581917707,6
4782,8,13,62,9,-5.96110102258686,4
4783,53,52,68,31,-5.964244334939566,21
4784,17,19,104,11,-5.965485227876697,8
4785,40,18,97,11,-5.966918416140385,7
4786,54,12,69,7,-5.973066602774381,5
4787,18,20,64,12,-5.974775055211904,8
4788,31,25,114,14,-5.9918765203954925,11
4789,3,32,107,17,-5.999011076330671,15
4790,100,19,37,12,-6.000890669706825,7
4791,88,61,65,38,-6.004362907857696,23
4792,46,20,95,12,-6.027785407812037,8
4793,50,17,91,11,-6.027790824025908,6
4794,86,38,64,22,-6.0307653391474,16
4795,31,31,75,17,-6.03348213428737,14
4796,98,24,7,15,-6.033686003781978,9
4797,114,14,27,8,-6.034743873961818,6
4798,32,16,8,9,-6.041444852098721,7
4799,88,11,94,7,-6.041461864182689,4
4800,18,24,63,15,-6.046455003215171,9
4801,16,47,30,28,-6.061677546597566,19
4802,28,18,23,10,-6.0662027716624305,8
4803,41,27,23,16,-6.068042449918635,11
4804,48,14,74,7,-6.068043245358376,7
4805,69,10,55,6,-6.075582313218194,4
4806,20,29,70,18,-6.0805113791791925,11
4807,3,16,64,10,-6.081103034121079,6
4808,107,23,111,12,-6.08814286411973,11
4809,7,12,90,7,-6.108519045195329,5
4810,29,18,39,10,-6.11667916860653,8
4811,31,13,81,9,-6.1171597913254026,4
4812,88,35,25,23,-6.12387967695023,12
4813,79,22,16,13,-6.124885739395438,9
4814,68,31,54,19,-6.129451922490283,12
4815,112,15,31,10,-6.149641402394962,5
4816,38,11,20,8,-6.161885029448885,3
4817,36,47,13,29,-6.167141158071527,18
4818,102,21,57,12,-6.169321397774082,9
4819,76,23,97,13,-6.171425808149793,10
4820,35,14,55,8,-6.18171019735336,6
4821,71,12,91,7,-6.18747414228945,5
4822,107,39,76,26,-6.198627172224357,13
4823,2,28,63,16,-6.200018491851487,12
4824,70,28,74,15,-6.203999405338755,13
4825,84,15,35,9,-6.209299301194262,6
4826,39,24,46,12,-6.210468155976945,12
4827,28,14,47,8,-6.211297191624256,6
4828,76,21,112,11,-6.216605503599088,10
4829,54,34,11,20,-6.217306832795512,14
4830,68,12,72,7,-6.2229147971092145,5
4831,91,42,16,27,-6.227187272730331,15
4832,50,41,104,25,-6.230364171354916,16
4833,5,17,43,10,-6.250727481432203,7
4834,39,22,92,12,-6.263991845659126,10
4835,95,12,15,7,-6.265255655621161,5
4836,96,11,69,7,-6.268969865653717,4
4837,5,45,20,28,-6.270373633442783,17
4838,30,19,20,11,-6.270512840524559,8
4839,65,58,51,36,-6.274656067700197,22
4840,4,21,86,13,-6.2794844995496994,8
4841,41,28,87,17,-6.282239020662331,11
4842,102,11,41,7,-6.282861273718874,4
4843,92,12,16,9,-6.284475222709882,3
4844,64,16,70,11,-6.2860092045587415,5
4845,86,34,27,21,-6.288436925412093,13
4846,114,17,23,11,-6.291790840234865,6
4847,83,16,39,10,-6.297771796270442,6
4848,55,13,29,8,-6.301089833667023,5
4849,46,11,3,6,-6.306283901123601,5
4850,57,25,88,14,-6.308509689840414,11
4851,16,40,20,26,-6.318333724670657,14
4852,112,14,54,9,-6.326711825622494,5
4853,111,10,81,7,-6.333917467029675,3
4854,40,22,62,11,-6.340588914856938,11
4855,112,15,51,9,-6.350376289921741,6
4856,27,13,92,7,-6.356396578041118,6
4857,28,15,41,9,-6.359689551305938,6
4858,56,21,7,12,-6.361794853449643,9
4859,72,15,85,10,-6.370773482418065,5
4860,84,19,30,12,-6.373847364369493,7
4861,37,20,80,12,-6.401050818487372,8
4862,77,13,106,7,-6.407119934187455,6
4863,54,18,91,10,-6.414686940093467,8
4864,33,16,40,11,-6.427211772717695,5
4865,109,20,41,13,-6.432688342356182,7
4866,112,11,3,6,-6.441850628605062,5
4867,87,20,4,13,-6.445923142452617,7
4868,28,10,6,6,-6.452419128804086,4
4869,98,14,78,8,-6.457784687804564,6
4870,29,13,70,7,-6.465173609286503,6
4871,55,17,100,9,-6.46556303644313,8
4872,88,21,108,13,-6.468102581842658,8
4873,43,35,107,22,-6.4686100966239675,13
4874,84,18,98,12,-6.475666713551258,6
4875,9,20,70,13,-6.477071321597405,7
4876,3,27,16,17,-6.483698180671638,10
4877,53,46,107,28,-6.492903474758716,18
4878,104,10,48,6,-6.493358473776669,4
4879,54,20,1,12,-6.4933945511101445,8
4880,107,21,78,13,-6.50595928798572,8
4881,39,78,16,46,-6.5210913868223725,32
4882,80,13,91,8,-6.531108694088673,5
4883,81,29,86,20,-6.532482502137965,9
4884,55,10,49,6,-6.541972088163769,4
4885,70,58,54,35,-6.543056803225656,23
4886,43,16,3,10,-6.54449942414876,6
4887,18,21,77,14,-6.545250800191178,7
4888,91,25,68,14,-6.550419627313763,11
4889,68,18,58,11,-6.553002087451514,7
4890,25,37,104,21,-6.567754121461538,16
4891,114,26,53,15,-6.571088082289226,11
4892,13,36,47,22,-6.576234413408801,14
4893,38,25,39,15,-6.576359256983345,10
4894,17,35,86,19,-6.577804427529825,16
4895,20,46,65,29,-6.5828514961702975,17
4896,1,27,86,16,-6.584989828827027,11
4897,96,28,65,16,-6.593487230396348,12
4898,30,16,34,10,-6.601140375094156,6
4899,64,21,55,14,-6.604925944972096,7
4900,81,18,71,11,-6.61709770119633,7
4901,75,10,85,7,-6.619293441212882,3
4902,9,14,74,9,-6.620459467868888,5
4903,5,48,25,29,-6.626414170343123,19
4904,37,22,39,13,-6.632156694863052,9
4905,65,30,4,18,-6.635600395573753,12
4906,11,27,76,17,-6.641322941327518,10
4907,5,26,32,16,-6.6474470604519045,10
4908,114,15,76,10,-6.653911993113485,5
4909,37,19,71,11,-6.65399605348867,8
4910,87,13,12,8,-6.654704325795005,5
4911,71,11,83,6,-6.6562053803338666,5
4912,55,68,16,43,-6.67390774153019,25
4913,87,50,7,31,-6.67758618697433,19
4914,57,25,78,14,-6.680382092155252,11
4915,88,75,54,45,-6.687420775605005,30
4916,62,18,7,11,-6.690218008322474,7
4917,106,11,111,8,-6.697425895741327,3
4918,74,15,83,8,-6.703298030488857,7
4919,78,14,39,8,-6.71185999456239,6
4920,97,35,28,22,-6.716635909782018,13
4921,32,10,65,6,-6.718474357729474,4
4922,95,11,100,6,-6.722166987268522,5
4923,51,90,86,51,-6.726193388019493,39
4924,95,13,14,8,-6.731405281187272,5
4925,96,38,74,24,-6.731828732252354,14
4926,78,14,40,10,-6.732885786530082,4
4927,48,25,84,16,-6.740791105108492,9
4928,63,18,100,10,-6.742683547587138,8
4929,7,32,45,19,-6.743551275422485,13
4930,68,13,45,8,-6.747691137383073,5
4931,71,10,94,6,-6.748460655059317,4
4932,18,19,30,11,-6.749976540021853,8
4933,90,13,53,8,-6.752088210585149,5
4934,109,12,57,7,-6.758716421545093,5
4935,23,43,13,24,-6.759962036733637,19
4936,107,23,33,13,-6.763493299081546,10
4937,108,10,81,6,-6.778588424753946,4
4938,51,81,39,48,-6.781026894224875,33
4939,31,10,55,6,-6.798197972656263,4
4940,71,10,49,6,-6.8003776926672845,4
4941,45,18,60,10,-6.802248227913869,8
4942,96,20,51,12,-6.8091583197949745,8
4943,6,21,44,14,-6.81356281665085,7
4944,87,84,16,50,-6.816235536112624,34
4945,4,13,56,7,-6.816273515879698,6
4946,86,40,98,23,-6.818936598158919,17
4947,112,19,100,11,-6.819744841162092,8
4948,104,22,30,12,-6.820606807560422,10
4949,66,14,65,9,-6.821265394674894,5
4950,31,69,68,41,-6.8216343585610195,28
4951,106,25,95,16,-6.830338155584793,9
4952,96,14,78,9,-6.830515928543477,5
4953,96,80,86,49,-6.839782165020976,31
4954,54,18,78,11,-6.844050551797868,7
4955,51,99,7,62,-6.849475435937795,37
4956,95,29,13,17,-6.852052215706936,12
4957,96,19,114,12,-6.857320738328298,7
4958,4,43,60,24,-6.864343045215706,19
4959,18,13,3,9,-6.867625983582323,4
4960,99,15,106,10,-6.882359612487446,5
4961,84,18,34,10,-6.883555808781154,8
4962,5,47,114,28,-6.885144276646174,19
4963,65,22,90,12,-6.887045978873849,10
4964,88,16,76,9,-6.891817282335724,7
4965,102,14,13,10,-6.907912883852887,4
4966,94,12,100,8,-6.908753486589099,4
4967,3,23,114,15,-6.912850093555391,8
4968,30,19,75,11,-6.923427737676235,8
4969,46,21,7,14,-6.93576909674712,7
4970,88,12,99,7,-6.939131232028662,5
4971,93,15,20,8,-6.949708974023015,7
4972,51,25,4,16,-6.952578906103856,9
4973,63,20,90,12,-6.95733483322538,8
4974,104,18,32,12,-6.959225086389547,6
4975,36,34,16,21,-6.96230955324868,13
4976,97,23,18,14,-6.965163575719862,9
4977,33,17,8,11,-6.9756022430017754,6
4978,76,40,86,24,-6.9826023085794775,16
4979,35,26,107,17,-6.986606963430159,9
4980,55,20,17,11,-6.987444025974705,9
4981,13,23,111,13,-6.988942249892523,10
4982,1,19,114,12,-6.990089974683046,7
4983,5,15,62,9,-6.9927087595973925,6
4984,48,13,80,9,-6.99747900943173,4
4985,54,26,93,17,-7.002072182522708,9
4986,53,27,87,15,-7.0226395127694765,12
4987,40,15,95,9,-7.026458120737084,6
4988,64,31,16,20,-7.027713443588521,11
4989,68,57,39,33,-7.033027071828933,24
4990,110,10,20,6,-7.040932959044511,4
4991,97,25,55,16,-7.041738062020974,9
4992,73,16,65,10,-7.056062739811477,6
4993,36,18,99,12,-7.061516094995873,6
4994,25,21,100,12,-7.062312436550092,9
4995,49,14,50,8,-7.064134383315742,6
4996,98,14,102,8,-7.075813129571892,6
4997,70,35,28,21,-7.078735797739843,14
4998,62,20,28,12,-7.086204539456472,8
4999,39,24,57,14,-7.110575192370114,10
5000,83,30,86,20,-7.114862976089347,10
5001,107,12,67,8,-7.124134838046419,4
5002,30,15,100,10,-7.12422480058823,5
5003,67,11,88,8,-7.127393540580368,3
5004,107,57,75,39,-7.131800392099847,18
5005,54,58,63,36,-7.1339646628869025,22
5006,87,26,90,16,-7.134749793973536,10
5007,91,27,87,17,-7.142016410462964,10
5008,55,50,40,31,-7.142420946012767,19
5009,60,17,5,11,-7.144002600647478,6
5010,103,10,88,6,-7.1465830918406095,4
5011,37,14,29,8,-7.14724630286853,6
5012,60,12,34,8,-7.148158666349012,4
5013,84,18,38,10,-7.154125748328735,8
5014,68,19,20,11,-7.165895566664342,8
5015,14,14,86,8,-7.166696838482464,6
5016,112,16,36,10,-7.175574629533439,6
5017,63,20,27,11,-7.19472225275396,9
5018,13,32,81,20,-7.194897673585073,12
5019,30,15,27,9,-7.20018309250969,6
5020,35,13,27,8,-7.215256796262468,5
5021,40,20,35,13,-7.223846117897835,7
5022,106,60,13,37,-7.224822308695077,23
5023,3,16,15,9,-7.226872372846494,7
5024,62,16,54,10,-7.236680580960736,6
5025,81,14,114,8,-7.238705590547008,6
5026,40,27,114,18,-7.240772461331045,9
5027,75,10,20,6,-7.241047227766171,4
5028,5,14,31,9,-7.246607645789562,5
5029,41,21,20,12,-7.246750485082598,9
5030,90,13,46,8,-7.250761878801305,5
5031,93,12,98,7,-7.251352809271133,5
5032,10,12,11,7,-7.252899748629005,5
5033,79,30,86,19,-7.258463117259924,11
5034,81,19,75,12,-7.259552889264539,7
5035,27,15,6,9,-7.265927261688611,6
5036,98,17,20,11,-7.267496359610283,6
5037,70,16,110,10,-7.267896542251016,6
5038,96,10,62,7,-7.268496266352443,3
5039,57,22,11,12,-7.269135156551406,10
5040,57,13,106,7,-7.272492874678534,6
5041,68,20,55,13,-7.273979151335479,7
5042,88,110,16,69,-7.282392910348152,41
5043,13,42,114,23,-7.284350704257173,19
5044,98,20,13,13,-7.284404613166717,7
5045,29,16,97,10,-7.284915525257297,6
5046,40,31,43,18,-7.287691070183636,13
5047,61,11,47,7,-7.295405799949464,4
5048,9,17,17,10,-7.295940921809663,7
5049,40,33,54,20,-7.298767912387552,13
5050,106,24,39,14,-7.312269199982411,10
5051,65,23,1,13,-7.319832649719675,10
5052,5,42,70,25,-7.323141246130922,17
5053,107,32,2,20,-7.328844122982543,12
5054,2,16,75,9,-7.332326563651874,7
5055,16,19,81,12,-7.334894223977404,7
5056,60,35,23,22,-7.340628657093161,13
5057,104,41,40,26,-7.342291894534161,15
5058,8,25,73,15,-7.3587900254771785,10
5059,23,13,49,8,-7.360298065336568,5
5060,114,10,77,6,-7.365477220397804,4
5061,33,16,25,11,-7.36592627296452,5
5062,80,14,31,10,-7.367135464628977,4
5063,74,15,34,10,-7.367415754617588,5
5064,54,35,13,22,-7.373225396669802,13
5065,71,10,73,6,-7.373234065194552,4
5066,16,50,75,30,-7.388425679021318,20
5067,51,13,72,7,-7.389012124503452,6
5068,5,10,1,6,-7.391988711274882,4
5069,84,35,20,24,-7.397610796744058,11
5070,49,14,76,9,-7.397729008977233,5
5071,19,11,64,8,-7.409166426273504,3
5072,41,34,36,18,-7.412500474371831,16
5073,91,19,8,12,-7.416456742894205,7
5074,109,44,54,28,-7.42149631612999,16
5075,43,11,34,7,-7.424240308041095,4
5076,49,11,12,8,-7.427413487751815,3
5077,43,17,64,10,-7.438967254563773,7
5078,84,28,8,18,-7.447150756775401,10
5079,75,30,46,18,-7.449361290092636,12
5080,97,53,86,32,-7.453774682156136,21
5081,110,21,37,12,-7.457046552670356,9
5082,53,12,45,7,-7.463487107897495,5
5083,81,10,28,6,-7.472696801730325,4
5084,31,37,64,23,-7.4738922265185375,14
5085,43,32,16,21,-7.4754066874217795,11
5086,63,15,108,9,-7.475559971035059,6
5087,36,14,70,8,-7.476080415111231,6
5088,89,10,48,7,-7.47675761274391,3
5089,11,12,15,7,-7.479857576670452,5
5090,96,11,41,8,-7.480521636982391,3
5091,86,33,69,20,-7.481902613377743,13
5092,60,15,108,9,-7.490204395999501,6
5093,60,30,54,19,-7.494934117874264,11
5094,98,14,27,8,-7.497316272159128,6
5095,50,13,15,8,-7.509982415529958,5
5096,84,15,43,9,-7.511290434631542,6
5097,12,19,53,11,-7.511441486905761,8
5098,3,24,88,15,-7.5117017749719,9
5099,77,10,43,6,-7.517116063825232,4
5100,77,18,55,11,-7.520653437888105,7
5101,55,11,6,8,-7.526848268362213,3
5102,46,10,85,7,-7.538229298143678,3
5103,12,15,27,9,-7.56496672619456,6
5104,109,29,107,18,-7.567930415965965,11
5105,68,66,40,42,-7.570321994315703,24
5106,5,14,34,10,-7.5706698448560905,4
5107,77,12,46,7,-7.574271980014295,5
5108,114,31,28,18,-7.584853881328922,13
5109,36,10,72,6,-7.585561627806541,4
5110,88,18,58,11,-7.5880987725104365,7
5111,36,20,18,12,-7.59490287850123,8
5112,91,13,23,7,-7.630492751883035,6
5113,80,22,96,14,-7.6325568595370585,8
5114,5,29,97,19,-7.639418302115126,10
5115,60,11,70,7,-7.646435749026202,4
5116,31,13,33,7,-7.647223417443056,6
5117,96,24,37,14,-7.66584492569651,10
5118,38,29,37,18,-7.668156637885105,11
5119,76,15,13,9,-7.686884560878501,6
5120,11,32,5,20,-7.6874421575338765,12
5121,7,25,111,15,-7.6903234257719815,10
5122,11,11,64,8,-7.699861982788658,3
5123,64,13,46,8,-7.70178518963715,5
5124,1,15,15,10,-7.733065759700131,5
5125,87,18,78,10,-7.738249145100052,8
5126,84,11,44,6,-7.741464370739851,5
5127,12,14,28,9,-7.741725097225164,5
5128,54,13,73,8,-7.746921178252214,5
5129,25,49,37,29,-7.755599308877523,20
5130,73,11,53,7,-7.756297558195456,4
5131,18,22,50,13,-7.75840176806416,9
5132,81,15,41,10,-7.770221546669878,5
5133,29,11,11,6,-7.772596001756131,5
5134,114,14,92,10,-7.774797164908212,4
5135,18,28,68,17,-7.775566947501909,11
5136,43,43,13,24,-7.7838953283676995,19
5137,111,10,47,6,-7.786638633209642,4
5138,60,23,49,14,-7.790150947440368,9
5139,48,15,50,10,-7.798532000224026,5
5140,110,12,114,8,-7.80031681097971,4
5141,49,21,75,13,-7.802050873504806,8
5142,40,36,87,21,-7.816149468605837,15
5143,46,46,25,27,-7.8204011950255445,19
5144,77,20,107,12,-7.8207207017880735,8
5145,68,17,11,10,-7.831590933710193,7
5146,98,17,8,11,-7.832264077196576,6
5147,2,11,7,7,-7.836909370766421,4
5148,109,19,53,12,-7.841205358929898,7
5149,39,30,15,20,-7.850357643973712,10
5150,91,26,106,17,-7.859341034872017,9
5151,35,12,44,7,-7.859665557157517,5
5152,90,25,114,15,-7.8701656835045455,10
5153,51,18,102,11,-7.870945415633868,7
5154,88,21,100,13,-7.871437244617913,8
5155,23,17,55,9,-7.8715706098888365,8
5156,81,24,60,15,-7.879588509675568,9
5157,31,11,78,6,-7.904414780494012,5
5158,38,13,71,9,-7.906029048659733,4
5159,6,18,13,11,-7.906119004345003,7
5160,82,10,88,6,-7.9125780836424955,4
5161,18,22,54,13,-7.917650548154778,9
5162,20,16,33,10,-7.9280624383644875,6
5163,64,12,77,6,-7.928282722369054,6
5164,34,10,18,7,-7.93407311360503,3
5165,65,41,30,26,-7.937351182752286,15
5166,87,17,73,12,-7.94220715025842,5
5167,61,19,53,13,-7.9431150632920575,6
5168,53,12,89,7,-7.949973026478008,5
5169,29,18,13,10,-7.95544012341084,8
5170,39,21,23,13,-7.9630880242589255,8
5171,68,12,80,8,-7.963368280059832,4
5172,5,25,65,15,-7.967561696591303,10
5173,107,22,12,15,-7.967915897333259,7
5174,4,12,12,8,-7.976222296376226,4
5175,39,31,84,19,-7.9765097082554295,12
5176,84,28,5,17,-7.986435375626319,11
5177,70,16,13,10,-7.990308468406848,6
5178,96,19,102,12,-7.995631160966494,7
5179,88,38,27,22,-8.00416219447235,16
5180,98,31,91,19,-8.010154956050265,12
5181,25,12,48,7,-8.01244102921806,5
5182,9,11,35,6,-8.012816785902407,5
5183,52,12,63,7,-8.015196003418383,5
5184,50,41,75,27,-8.02466935745211,14
5185,12,22,60,11,-8.028571999054888,11
5186,27,16,37,10,-8.030406858059436,6
5187,107,26,58,17,-8.037629940895535,9
5188,108,13,48,9,-8.047800069948496,4
5189,87,19,108,12,-8.053056975616101,7
5190,91,15,51,10,-8.060157448942936,5
5191,46,13,53,8,-8.064750592390654,5
5192,97,16,110,10,-8.077466293642948,6
5193,5,61,8,37,-8.080732178020163,24
5194,46,15,109,9,-8.081904977493476,6
5195,10,15,7,9,-8.086365440359023,6
5196,108,12,76,8,-8.086994753980798,4
5197,50,30,60,17,-8.087484578525556,13
5198,46,42,37,28,-8.095895819595153,14
5199,46,16,30,10,-8.098498106037622,6
5200,107,10,26,6,-8.136960920766814,4
5201,112,10,4,6,-8.145974306589782,4
5202,9,38,16,25,-8.149237537668302,13
5203,112,16,18,11,-8.155957753880717,5
5204,61,12,107,7,-8.157075963099336,5
5205,69,32,16,20,-8.160441247046853,12
5206,71,28,50,17,-8.165371088482388,11
5207,33,11,68,7,-8.166895131198164,4
5208,30,18,50,11,-8.173377893689405,7
5209,60,35,104,25,-8.183651908443377,10
5210,89,11,63,8,-8.192927888945773,3
5211,39,25,74,15,-8.19553508787693,10
5212,93,24,87,15,-8.201353690040278,9
5213,70,10,100,6,-8.21076639612227,4
5214,3,32,13,22,-8.213668704863407,10
5215,40,14,112,8,-8.221202026655053,6
5216,102,16,76,10,-8.226520459864046,6
5217,106,21,69,13,-8.230262561693124,8
5218,79,10,112,6,-8.23380656767564,4
5219,2,10,94,6,-8.235738884159375,4
5220,38,12,2,7,-8.244738843628978,5
5221,51,40,100,22,-8.260849817201073,18
5222,46,42,16,27,-8.265204078980108,15
5223,14,12,37,7,-8.266467835075433,5
5224,55,34,50,20,-8.268886532039618,14
5225,76,12,75,7,-8.269580351796622,5
5226,103,19,86,12,-8.275383973570776,7
5227,91,18,41,12,-8.276671952774393,6
5228,63,66,16,41,-8.283483649795642,25
5229,106,31,90,21,-8.28384546124837,10
5230,30,29,53,18,-8.306098230837584,11
5231,9,15,25,10,-8.323455878342047,5
5232,51,39,76,26,-8.339242903099509,13
5233,68,20,69,12,-8.34403265511844,8
5234,112,20,39,12,-8.345179878987272,8
5235,31,32,41,20,-8.353957395244585,12
5236,65,23,38,13,-8.354229779220868,10
5237,5,22,7,14,-8.357081514884824,8
5238,29,11,64,8,-8.360354117139725,3
5239,25,45,7,29,-8.372806618348289,16
5240,53,14,78,8,-8.38512950211127,6
5241,104,10,67,6,-8.393331116483225,4
5242,104,18,9,11,-8.393887747252997,7
5243,79,11,80,6,-8.394402338657228,5
5244,67,14,109,7,-8.41022889195963,7
5245,90,19,73,12,-8.424101991862472,7
5246,114,20,55,13,-8.432483182241098,7
5247,70,24,96,13,-8.437417991026262,11
5248,86,40,41,26,-8.438958336325594,14
5249,114,32,8,21,-8.446067232393617,11
5250,96,14,95,9,-8.450373982592183,5
5251,53,13,15,8,-8.451445563178742,5
5252,77,14,74,9,-8.485489523270209,5
5253,87,17,1,10,-8.486946792849304,7
5254,1,16,75,11,-8.487454866261048,5
5255,40,28,64,18,-8.49607162432113,10
5256,45,10,91,6,-8.504304930616431,4
5257,88,23,62,14,-8.51262512712999,9
5258,48,28,86,18,-8.527783865058888,10
5259,39,12,34,7,-8.530792842427957,5
5260,106,13,12,9,-8.530975907772833,4
5261,62,13,114,8,-8.549556180002718,5
5262,36,11,78,7,-8.552435160203329,4
5263,7,19,78,11,-8.565348954184037,8
5264,3,13,41,10,-8.570007818582788,3
5265,55,23,95,15,-8.57500650986488,8
5266,16,19,110,12,-8.596145036216205,7
5267,50,22,90,14,-8.598522697493998,8
5268,33,21,51,15,-8.606152418737853,6
5269,57,15,69,10,-8.610432071680039,5
5270,53,19,27,13,-8.613512457869614,6
5271,63,51,51,30,-8.615807425389162,21
5272,57,12,76,8,-8.631010009083715,4
5273,69,32,13,20,-8.635152076913183,12
5274,97,19,41,12,-8.638943706099203,7
5275,98,10,85,7,-8.673802483900154,3
5276,31,31,9,20,-8.678153869820548,11
5277,88,16,77,10,-8.678317130754186,6
5278,60,15,76,11,-8.678706996102923,4
5279,76,26,16,14,-8.69211071455001,12
5280,39,14,110,10,-8.694421097429624,4
5281,2,10,30,6,-8.704387763563812,4
5282,20,35,63,21,-8.70524806527441,14
5283,102,15,63,9,-8.71016569998991,6
5284,86,15,45,9,-8.710518828201982,6
5285,69,13,81,8,-8.721044769504893,5
5286,45,10,58,6,-8.721721801464438,4
5287,57,26,8,17,-8.727187925997562,9
5288,17,22,4,15,-8.72773506800961,7
5289,11,23,104,15,-8.742484307216113,8
5290,106,14,38,7,-8.74501943352997,7
5291,13,27,108,18,-8.751351034715967,9
5292,88,36,39,23,-8.756638990991735,13
5293,18,23,106,15,-8.778191080978738,8
5294,77,12,109,7,-8.789144881364967,5
5295,20,36,39,21,-8.800920294125156,15
5296,42,10,106,7,-8.802546839644418,3
5297,47,18,36,12,-8.810892372607713,6
5298,36,19,63,12,-8.822881427312195,7
5299,57,12,19,8,-8.841856546576304,4
5300,87,15,32,10,-8.84415502943487,5
5301,107,36,57,22,-8.850709109073525,14
5302,12,16,23,10,-8.872217683410863,6
5303,53,11,49,7,-8.876928289416243,4
5304,13,20,44,13,-8.886721786197054,7
5305,97,12,69,8,-8.888377862411463,4
5306,57,16,65,10,-8.901462100183858,6
5307,109,20,7,13,-8.908032141063202,7
5308,107,15,89,10,-8.908975430626485,5
5309,25,19,110,13,-8.917701672558223,6
5310,91,10,11,7,-8.923724837318142,3
5311,31,12,73,8,-8.93891957013575,4
5312,49,11,100,6,-8.94783461865437,5
5313,48,34,63,22,-8.958044896706864,12
5314,32,11,28,7,-8.963821007682874,4
5315,114,20,47,12,-8.969382880850324,8
5316,36,18,97,11,-8.970668153566264,7
5317,94,12,76,8,-8.974054547945041,4
5318,52,15,28,9,-8.975367013246691,6
5319,77,14,27,9,-8.98057953611799,5
5320,43,19,100,11,-8.981606565772069,8
5321,36,15,5,9,-9.008614310253614,6
5322,70,16,30,9,-9.016092338129875,7
5323,100,18,75,10,-9.024866169547831,8
5324,43,17,54,10,-9.026858404506275,7
5325,1,11,78,7,-9.032660142019099,4
5326,9,13,11,8,-9.034750029595235,5
5327,45,16,35,9,-9.0400315918615,7
5328,68,21,47,14,-9.052758514326356,7
5329,75,34,28,22,-9.068390514566694,12
5330,86,29,44,19,-9.073857704921481,10
5331,8,34,95,21,-9.07920947405897,13
5332,76,30,63,20,-9.086063762983459,10
5333,9,34,87,20,-9.102227844026775,14
5334,31,15,109,10,-9.113887572404183,5
5335,17,11,92,7,-9.114563540800457,4
5336,20,22,91,13,-9.11515023214943,9
5337,47,16,9,10,-9.146152811782592,6
5338,5,43,50,26,-9.156049369840705,17
5339,108,22,53,13,-9.163083344546394,9
5340,40,15,92,10,-9.168940871834318,5
5341,102,15,40,9,-9.171373555966687,6
5342,49,15,41,9,-9.171912615870816,6
5343,91,13,15,7,-9.175439096539634,6
5344,40,17,73,11,-9.199997222971483,6
5345,40,12,2,8,-9.204153353273353,4
5346,4,15,27,9,-9.21491506769711,6
5347,81,11,64,7,-9.217681779438383,4
5348,69,16,70,11,-9.227346228401576,5
5349,104,29,41,17,-9.232545203988778,12
5350,93,13,75,8,-9.279825087560207,5
5351,77,19,63,13,-9.291814452323939,6
5352,18,17,100,10,-9.29762264727719,7
5353,67,15,86,9,-9.306541844943451,6
5354,87,18,15,11,-9.315321569312852,7
5355,70,17,50,10,-9.316243790355681,7
5356,58,16,60,10,-9.319426070200468,6
5357,87,47,68,30,-9.326644896683147,17
5358,51,15,111,10,-9.328246716797015,5
5359,2,29,28,19,-9.34282167881126,10
5360,69,19,63,13,-9.343078071737846,6
5361,19,16,29,11,-9.346278486992214,5
5362,50,12,23,9,-9.354699302165743,3
5363,33,14,87,9,-9.358610632806945,5
5364,84,21,104,13,-9.37162724208143,8
5365,39,17,76,12,-9.374915521858478,5
5366,77,16,41,11,-9.374945974938667,5
5367,107,33,80,22,-9.376730084103613,11
5368,36,11,109,8,-9.390936468630553,3
5369,51,13,48,7,-9.391737592298234,6
5370,109,25,63,15,-9.392892060380623,10
5371,72,21,86,14,-9.39293739189508,7
5372,107,22,45,14,-9.39975575090587,8
5373,39,15,108,9,-9.406857006968854,6
5374,92,14,64,7,-9.432471863302016,7
5375,63,11,32,7,-9.44232166344675,4
5376,17,12,102,8,-9.460667678985605,4
5377,96,47,16,33,-9.462953828826512,14
5378,51,23,97,16,-9.463450569827408,7
5379,68,58,75,39,-9.486513066984086,19
5380,58,10,70,7,-9.487562225897111,3
5381,60,13,102,8,-9.490462801517765,5
5382,7,29,37,18,-9.500511382222342,11
5383,99,22,37,15,-9.502759058160713,7
5384,13,21,90,14,-9.506733485788098,7
5385,2,13,114,8,-9.50915856241785,5
5386,80,14,90,10,-9.509239360264804,4
5387,36,17,8,11,-9.51236026695053,6
5388,69,14,104,10,-9.512677665660087,4
5389,9,27,18,18,-9.520249042639605,9
5390,25,32,20,21,-9.520523686179052,11
5391,112,16,87,10,-9.523536917370143,6
5392,31,22,1,13,-9.525804060927038,9
5393,94,23,13,15,-9.527562000187665,8
5394,108,13,106,9,-9.535201707134298,4
5395,19,23,7,16,-9.559895766747154,7
5396,97,24,13,15,-9.567486234498414,9
5397,29,27,65,16,-9.56923908518238,11
5398,60,44,64,30,-9.569439655645416,14
5399,7,20,73,12,-9.582485903794177,8
5400,88,31,15,22,-9.58291430022994,9
5401,109,25,11,17,-9.585833860536326,8
5402,39,14,80,9,-9.589468521855673,5
5403,53,13,8,9,-9.596286006275326,4
5404,84,18,83,11,-9.60947373437216,7
5405,8,14,99,8,-9.611065592860308,6
5406,9,16,76,11,-9.62150457184245,5
5407,109,17,70,11,-9.623350653501726,6
5408,109,22,74,15,-9.62539761750223,7
5409,53,23,41,15,-9.631953807885303,8
5410,114,10,78,6,-9.632244308821944,4
5411,104,10,93,6,-9.63796658188527,4
5412,79,23,48,15,-9.646370149116429,8
5413,114,10,22,5,-9.649313306364819,5
5414,17,15,41,10,-9.654478177971626,5
5415,63,16,111,10,-9.656549842780757,6
5416,71,12,100,8,-9.66068752031631,4
5417,38,12,53,8,-9.664145468055217,4
5418,3,18,53,12,-9.694466592939396,6
5419,11,18,75,11,-9.710887852205726,7
5420,13,13,85,9,-9.717007051558657,4
5421,31,19,43,9,-9.720852773553686,10
5422,32,16,16,10,-9.721720922013692,6
5423,16,13,89,8,-9.733195931265595,5
5424,29,23,60,14,-9.749299847855863,9
5425,52,12,30,8,-9.763146241314214,4
5426,83,24,37,15,-9.783726366978415,9
5427,3,25,40,17,-9.78695575723125,8
5428,71,11,11,7,-9.793856230234496,4
5429,61,11,63,8,-9.795863144147216,3
5430,93,10,62,6,-9.798162399200404,4
5431,37,17,64,11,-9.810222324765896,6
5432,17,24,40,16,-9.815776001763277,8
5433,75,25,104,16,-9.822163907084752,9
5434,57,13,54,10,-9.824315369895016,3
5435,98,10,53,6,-9.839111782848335,4
5436,63,16,30,10,-9.842696842263113,6
5437,18,12,76,8,-9.8476224935035,4
5438,71,15,17,9,-9.874078720771612,6
5439,54,17,2,12,-9.883928701627932,5
5440,39,39,18,26,-9.885046818102037,13
5441,15,23,8,14,-9.91327541461084,9
5442,2,10,95,7,-9.9203126299905,3
5443,81,20,87,11,-9.925217893508718,9
5444,88,45,63,31,-9.955054334971098,14
5445,84,48,63,30,-9.967741289394295,18
5446,88,18,73,12,-9.974203425238962,6
5447,109,14,93,9,-9.987067099161266,5
5448,65,25,95,16,-9.987438820754939,9
5449,57,12,75,8,-10.001839571130395,4
5450,18,14,11,9,-10.031989827572827,5
5451,107,13,110,9,-10.034721322746934,4
5452,43,29,39,18,-10.035622734323455,11
5453,38,10,44,7,-10.048373138060267,3
5454,51,19,80,12,-10.049293803677344,7
5455,83,23,13,15,-10.067954696106943,8
5456,49,16,40,10,-10.077718304922938,6
5457,106,12,79,8,-10.079963228120917,4
5458,74,11,89,7,-10.093150392265773,4
5459,8,24,18,17,-10.10300859124231,7
5460,36,36,53,25,-10.11473282468799,11
5461,17,21,53,14,-10.117687697568844,7
5462,102,20,50,12,-10.118106239071224,8
5463,35,10,8,7,-10.118762046100299,3
5464,60,18,17,12,-10.12863063958789,6
5465,70,14,46,9,-10.128652016947743,5
5466,109,10,92,7,-10.132066653367776,3
5467,31,37,53,23,-10.136338371296794,14
5468,23,11,96,7,-10.143008283174424,4
5469,68,16,92,11,-10.14730683848729,5
5470,57,12,9,8,-10.16503135783016,4
5471,86,29,43,20,-10.173097117221216,9
5472,9,12,6,7,-10.175309866966634,5
5473,104,13,89,8,-10.178686881843591,5
5474,37,41,97,27,-10.190687502541847,14
5475,33,13,71,9,-10.195530501937561,4
5476,2,15,98,9,-10.198603389321665,6
5477,96,24,48,16,-10.200121519345737,8
5478,106,63,16,43,-10.201810935158226,20
5479,57,16,114,11,-10.202940786046577,5
5480,39,24,91,16,-10.206322081312436,8
5481,37,36,11,24,-10.207174749413833,12
5482,28,14,10,10,-10.2079261309438,4
5483,68,24,25,16,-10.21179043309895,8
5484,19,10,63,7,-10.212473229345923,3
5485,31,17,30,10,-10.214096274935343,7
5486,91,35,63,24,-10.225389928816243,11
5487,68,27,28,19,-10.22954876840922,8
5488,18,44,13,28,-10.235626547789117,16
5489,18,44,16,30,-10.2395488957726,14
5490,106,16,67,10,-10.252161434234205,6
5491,99,12,77,9,-10.252199704478636,3
5492,50,15,85,10,-10.26203922127155,5
5493,104,12,34,8,-10.27427919250402,4
5494,54,12,38,8,-10.280232127604942,4
5495,29,11,49,7,-10.30099349448638,4
5496,31,29,107,16,-10.30345756995746,13
5497,81,14,7,8,-10.321582987727558,6
5498,1,13,37,8,-10.34216426905315,5
5499,1,26,16,19,-10.34569928715388,7
5500,7,10,94,7,-10.355621654064775,3
5501,93,38,65,23,-10.357494219723511,15
5502,12,12,9,8,-10.366855545040101,4
5503,112,11,58,7,-10.3752608537424,4
5504,93,16,106,10,-10.37915501513517,6
5505,84,32,11,21,-10.41415191453259,11
5506,85,13,63,8,-10.414666124998384,5
5507,12,11,1,7,-10.420308122016623,4
5508,7,11,110,6,-10.42257657923173,5
5509,114,19,95,12,-10.422604339796184,7
5510,39,16,44,10,-10.434810009571377,6
5511,68,11,89,7,-10.440912670509608,4
5512,112,25,64,18,-10.44734880369225,7
5513,31,10,6,6,-10.459894630543896,4
5514,77,12,23,8,-10.47207373365885,4
5515,8,35,75,24,-10.477015226263449,11
5516,102,14,75,10,-10.47886729381523,4
5517,16,17,78,11,-10.48792482811098,6
5518,12,12,114,7,-10.504954578013217,5
5519,37,14,89,8,-10.519274673853,6
5520,36,27,27,17,-10.523349599331356,10
5521,97,19,71,13,-10.523533962196899,6
5522,56,16,86,11,-10.543126647721751,5
5523,60,30,27,21,-10.546088726491146,9
5524,40,17,28,10,-10.551622113062638,7
5525,54,19,71,12,-10.56377327137223,7
5526,9,15,95,9,-10.569002592922953,6
5527,28,18,69,11,-10.575983527327306,7
5528,28,10,26,7,-10.592168464369761,3
5529,91,31,7,22,-10.60910028610159,9
5530,101,12,16,8,-10.62271769748288,4
5531,71,18,98,12,-10.627953776602759,6
5532,64,20,30,13,-10.642272986004782,7
5533,98,25,5,16,-10.662918685540621,9
5534,107,32,48,21,-10.69484594829312,11
5535,74,25,51,18,-10.704030149650722,7
5536,68,30,76,23,-10.707343505959708,7
5537,36,13,43,8,-10.713552025008546,5
5538,111,11,54,8,-10.714143810197228,3
5539,8,35,109,22,-10.73942071205048,13
5540,31,27,27,16,-10.758919665279386,11
5541,72,11,63,8,-10.764095493593645,3
5542,7,11,59,8,-10.771239818059199,3
5543,91,25,55,18,-10.791612827626562,7
5544,77,27,104,18,-10.795670361212089,9
5545,29,10,100,6,-10.811451389513945,4
5546,81,17,106,10,-10.816681182916206,7
5547,54,46,37,31,-10.87009397469276,15
5548,77,16,71,11,-10.872072685026803,5
5549,41,21,111,13,-10.875724405637953,8
5550,35,10,102,6,-10.90320798703147,4
5551,5,17,73,11,-10.90738305979487,6
5552,29,16,98,11,-10.909698341629545,5
5553,64,14,27,10,-10.925557497140751,4
5554,13,10,89,6,-10.939542022741616,4
5555,88,37,50,24,-10.986958086725291,13
5556,110,20,51,14,-11.000148170458745,6
5557,107,13,56,8,-11.000292497508868,5
5558,109,11,3,7,-11.003830469772147,4
5559,71,13,15,9,-11.00914391321026,4
5560,68,10,98,7,-11.014423279510455,3
5561,92,14,41,9,-11.016394202336143,5
5562,88,41,53,28,-11.023031682203495,13
5563,9,25,64,18,-11.03637269777133,7
5564,114,12,32,8,-11.045874107216177,4
5565,11,11,99,7,-11.04788337752713,4
5566,109,13,30,9,-11.049589386483902,4
5567,88,74,13,50,-11.06546945163849,24
5568,54,17,19,10,-11.0775323137636,7
5569,57,11,62,8,-11.089901365863179,3
5570,78,12,17,8,-11.090068157424293,4
5571,29,13,75,8,-11.096282078020437,5
5572,80,13,78,9,-11.09791576617006,4
5573,57,22,70,13,-11.101179297757742,9
5574,32,13,74,9,-11.101664191982367,4
5575,19,10,40,7,-11.104417905023016,3
5576,39,14,58,10,-11.116102776526807,4
5577,38,16,75,12,-11.14383618558865,4
5578,85,13,55,9,-11.149931721802188,4
5579,4,16,43,10,-11.162760468553993,6
5580,84,12,100,9,-11.16458160330148,3
5581,61,12,6,8,-11.200388242698184,4
5582,65,45,114,29,-11.20792553692763,16
5583,1,11,89,7,-11.20901106938993,4
5584,46,12,100,8,-11.210309669403358,4
5585,3,15,25,10,-11.21463496022273,5
5586,106,18,98,12,-11.217270403208776,6
5587,51,13,73,9,-11.219804453521853,4
5588,96,20,46,12,-11.223825219116964,8
5589,112,12,38,9,-11.23040362290014,3
5590,12,13,94,8,-11.237764519944157,5
5591,109,17,75,12,-11.242273446455997,5
5592,51,28,95,20,-11.244919045567018,8
5593,81,13,40,9,-11.249205674756395,4
5594,83,16,107,11,-11.24958512039028,5
5595,70,29,87,18,-11.250414739740132,11
5596,48,12,90,8,-11.252381363492235,4
5597,103,10,28,7,-11.258889995972657,3
5598,7,52,75,35,-11.2746633859962,17
5599,55,14,2,9,-11.276816159574057,5
5600,5,10,80,7,-11.295210617596885,3
5601,96,25,7,18,-11.300422106484014,7
5602,60,23,47,16,-11.31330562577917,7
5603,20,38,50,26,-11.316816486601454,12
5604,20,12,64,9,-11.331308462604776,3
5605,52,20,86,14,-11.336528303857312,6
5606,71,21,104,13,-11.370166649530528,8
5607,10,14,107,9,-11.38119632500004,5
5608,38,11,4,8,-11.395009854616482,3
5609,35,23,76,15,-11.39691854534874,8
5610,95,10,29,7,-11.401888238693147,3
5611,69,28,60,17,-11.415693819512107,11
5612,106,39,114,26,-11.417874917507989,13
5613,81,14,47,10,-11.445134927289029,4
5614,54,25,100,17,-11.46348082665664,8
5615,63,19,57,12,-11.499632269547762,7
5616,76,11,15,7,-11.511804844564256,4
5617,94,10,63,7,-11.526010775087407,3
5618,30,10,80,7,-11.535434430621326,3
5619,76,15,74,9,-11.544600382799558,6
5620,71,10,111,7,-11.563837134119527,3
5621,104,16,36,10,-11.564722196156035,6
5622,11,10,108,7,-11.565275419390531,3
5623,69,14,78,9,-11.56571628477884,5
5624,50,15,33,10,-11.568332857311571,5
5625,39,15,90,10,-11.577976501423594,5
5626,18,21,15,15,-11.590119158022436,6
5627,94,11,30,7,-11.643229108233818,4
5628,86,33,102,23,-11.659667182565103,10
5629,39,33,30,22,-11.664507953068155,11
5630,48,11,98,8,-11.678045251552971,3
5631,28,23,34,16,-11.682170467841411,7
5632,96,13,91,9,-11.692854193124042,4
5633,65,32,27,22,-11.719093568654257,10
5634,67,11,16,8,-11.761532223804268,3
5635,1,37,55,26,-11.769033555767942,11
5636,109,18,17,12,-11.781743441013703,6
5637,65,12,91,8,-11.784658313781671,4
5638,54,10,44,7,-11.791894285038754,3
5639,40,21,8,15,-11.791921402372775,6
5640,10,10,16,7,-11.804696651727895,3
5641,57,11,100,7,-11.809751461562087,4
5642,91,10,53,7,-11.811611902058761,3
5643,17,10,83,6,-11.812775268760374,4
5644,111,16,28,11,-11.820301223407922,5
5645,64,10,74,6,-11.828764368523549,4
5646,28,47,63,33,-11.828866423716303,14
5647,37,10,78,7,-11.831707242150298,3
5648,28,34,74,23,-11.834419909257845,11
5649,47,10,78,6,-11.843066191666676,4
5650,29,12,20,8,-11.85416559868577,4
5651,14,18,16,12,-11.861448285420282,6
5652,79,10,13,7,-11.8821323161708,3
5653,104,18,90,12,-11.89837391797068,6
5654,63,18,62,12,-11.898616241132698,6
5655,29,11,109,6,-11.905733206262543,5
5656,18,27,95,18,-11.951490678023534,9
5657,54,10,53,7,-11.951994898142779,3
5658,81,14,104,8,-11.956844186421009,6
5659,72,11,50,8,-11.966306538639385,3
5660,60,16,37,10,-11.9668638856867,6
5661,98,11,109,8,-11.980585816049416,3
5662,104,12,1,8,-12.020108292717424,4
5663,13,16,58,12,-12.037688148626765,4
5664,9,20,15,12,-12.03884463484616,8
5665,63,18,1,11,-12.054495717242014,7
5666,91,18,30,13,-12.061464887561756,5
5667,20,14,34,10,-12.080633416209027,4
5668,69,19,58,12,-12.089414430124698,7
5669,103,15,107,11,-12.089560399097952,4
5670,55,13,15,10,-12.1017027484743,3
5671,63,12,92,7,-12.136993324985582,5
5672,31,11,19,8,-12.140248760143196,3
5673,70,22,2,14,-12.153236389251056,8
5674,51,24,77,15,-12.16149932915176,9
5675,99,21,107,14,-12.174640608684573,7
5676,39,17,109,13,-12.189314131019263,4
5677,76,18,7,11,-12.196617315781682,7
5678,106,11,78,8,-12.21024325274275,3
5679,9,14,43,9,-12.224469441855376,5
5680,43,19,75,14,-12.224767647713705,5
5681,60,22,74,14,-12.230302476711504,8
5682,54,27,48,18,-12.230401373927076,9
5683,84,11,71,8,-12.255989147154674,3
5684,39,10,32,7,-12.25900875776762,3
5685,96,29,98,20,-12.301665445316491,9
5686,20,10,78,7,-12.337947782230119,3
5687,97,12,67,9,-12.35346782744064,3
5688,46,39,104,26,-12.353574327141937,13
5689,50,17,36,10,-12.423703215189779,7
5690,87,24,48,17,-12.506077086368819,7
5691,49,10,80,6,-12.509141995238949,4
5692,3,21,63,16,-12.512350085587688,5
5693,103,12,55,9,-12.517980336309982,3
5694,5,27,75,17,-12.535083552437035,10
5695,58,14,54,9,-12.535089602873326,5
5696,87,27,98,19,-12.540784384215351,8
5697,5,27,57,19,-12.572003913811173,8
5698,29,14,3,10,-12.621828554113094,4
5699,17,11,38,7,-12.634911882425529,4
5700,87,11,10,8,-12.637100065195789,3
5701,5,14,48,10,-12.657719903594751,4
5702,68,14,29,10,-12.697690451926615,4
5703,88,16,111,12,-12.710530076381987,4
5704,106,24,46,15,-12.725492516069489,9
5705,106,14,33,10,-12.736963404825662,4
5706,36,10,95,7,-12.746346244298937,3
5707,3,10,100,7,-12.750403478929709,3
5708,81,12,54,8,-12.757047966098474,4
5709,84,12,41,8,-12.75751979686909,4
5710,27,20,104,15,-12.796343894614779,5
5711,104,20,49,14,-12.812277987885736,6
5712,109,19,27,12,-12.854514856980064,7
5713,112,14,47,9,-12.859285190584625,5
5714,45,14,23,10,-12.875487654765546,4
5715,65,21,2,16,-12.8900275785182,5
5716,75,12,98,8,-12.900340980932176,4
5717,19,10,18,7,-12.906348402552078,3
5718,17,16,23,11,-12.920452187354222,5
5719,8,16,78,11,-12.921729498024693,5
5720,9,20,20,14,-12.92396478016519,6
5721,51,14,34,10,-12.934608487352978,4
5722,60,29,91,19,-12.952631394075716,10
5723,102,21,107,14,-12.974367748289918,7
5724,60,15,100,11,-13.00317877758717,4
5725,91,15,43,11,-13.046946068237398,4
5726,87,24,100,15,-13.050071983876242,9
5727,112,21,28,15,-13.06776325687043,6
5728,88,12,98,9,-13.094822370834628,3
5729,102,13,100,10,-13.116016377909167,3
5730,70,10,83,6,-13.118339150755117,4
5731,77,15,53,10,-13.125923769197522,5
5732,37,28,95,21,-13.149042342745602,7
5733,88,17,102,13,-13.153141792955822,4
5734,35,12,97,9,-13.15953893586328,3
5735,70,22,11,16,-13.174919150937757,6
5736,51,13,94,9,-13.20979687229361,4
5737,54,18,36,12,-13.217744798273172,6
5738,41,16,8,12,-13.244566662838952,4
5739,88,36,95,25,-13.24512473637818,11
5740,107,42,30,29,-13.248115739136699,13
5741,96,39,11,27,-13.252582377716239,12
5742,11,23,95,17,-13.263288005084238,6
5743,5,31,102,21,-13.269431869962297,10
5744,99,12,7,8,-13.274517260788413,4
5745,106,19,64,13,-13.295192075566398,6
5746,46,17,50,11,-13.310329365776978,6
5747,18,16,47,12,-13.317575135316673,4
5748,46,12,18,9,-13.322032493347338,3
5749,114,28,87,18,-13.32969544089937,10
5750,72,17,28,12,-13.339188061408777,5
5751,83,18,16,13,-13.35123547721314,5
5752,51,29,78,18,-13.359227652506746,11
5753,32,11,55,7,-13.36363963009391,4
5754,51,21,15,14,-13.36699994603131,7
5755,35,12,104,8,-13.369677424437175,4
5756,112,11,91,8,-13.423237527272477,3
5757,53,15,75,10,-13.423496737137004,5
5758,32,12,25,7,-13.427877456338663,5
5759,35,15,36,11,-13.440272285829963,4
5760,55,17,102,12,-13.448934349992442,5
5761,90,10,93,7,-13.452391800759145,3
5762,86,24,26,18,-13.454427406615018,6
5763,66,11,7,7,-13.514093541012448,4
5764,38,15,104,10,-13.530669032796668,5
5765,103,11,74,8,-13.53565105452587,3
5766,68,12,34,8,-13.537570287868371,4
5767,104,18,64,13,-13.541290561517043,5
5768,74,10,15,7,-13.56932630742914,3
5769,3,10,38,7,-13.612373842695774,3
5770,46,12,93,9,-13.65474091099076,3
5771,86,16,92,11,-13.67676060817369,5
5772,44,14,104,10,-13.703910249073422,4
5773,31,25,63,18,-13.714594813504094,7
5774,33,14,63,10,-13.733555706081619,4
5775,69,18,30,12,-13.733696768023911,6
5776,53,17,43,13,-13.791105639936724,4
5777,112,11,97,9,-13.794615799527321,2
5778,31,74,13,51,-13.800549608099518,23
5779,31,17,98,11,-13.805084918983175,6
5780,83,13,11,10,-13.863860744018641,3
5781,50,19,53,13,-13.883151416746287,6
5782,48,11,60,8,-13.885009960764792,3
5783,76,17,54,12,-13.892444764564262,5
5784,112,22,60,16,-13.909226533638934,6
5785,38,10,100,8,-13.910833855557149,2
5786,40,10,100,7,-13.927928921941099,3
5787,112,11,37,8,-13.937736127059297,3
5788,69,19,75,14,-13.94230448490658,5
5789,109,11,91,8,-13.94618860472034,3
5790,71,24,40,17,-13.948125771645659,7
5791,75,12,111,8,-13.972281809419961,4
5792,91,11,69,7,-13.993001551531528,4
5793,77,29,40,21,-14.048771071022598,8
5794,84,15,27,10,-14.146807896469795,5
5795,61,10,30,7,-14.166437622294248,3
5796,85,14,39,9,-14.177624685555418,5
5797,63,10,15,7,-14.178625851059422,3
5798,80,11,41,8,-14.186716292232557,3
5799,3,15,20,11,-14.188922367828342,4
5800,66,11,63,8,-14.209916362631542,3
5801,77,15,30,11,-14.240898393688356,4
5802,37,12,34,9,-14.300571264435137,3
5803,102,11,46,8,-14.307494713152051,3
5804,50,18,80,14,-14.309192739594003,4
5805,57,12,31,8,-14.310689026630849,4
5806,112,10,108,7,-14.316449946299121,3
5807,63,37,80,27,-14.322048676220186,10
5808,77,27,7,19,-14.33556677589385,8
5809,83,10,40,8,-14.347262135245904,2
5810,11,12,100,8,-14.357097767379111,4
5811,90,16,20,11,-14.40477443227545,5
5812,70,26,108,19,-14.427393649276276,7
5813,14,11,80,7,-14.435345395194508,4
5814,5,12,44,9,-14.447481002517355,3
5815,2,10,73,7,-14.457830254043136,3
5816,25,12,34,9,-14.468789684868275,3
5817,51,18,45,13,-14.493324057948728,5
5818,27,10,111,8,-14.504025956772896,2
5819,2,12,13,8,-14.516038794033763,4
5820,37,12,73,8,-14.533349572792924,4
5821,9,11,108,7,-14.533752266696007,4
5822,62,19,74,14,-14.57027413820892,5
5823,99,12,50,8,-14.581629542155014,4
5824,69,15,49,10,-14.620888888677557,5
5825,97,11,14,9,-14.634263785488013,2
5826,35,10,3,7,-14.67345115895829,3
5827,18,13,69,9,-14.695896617157176,4
5828,94,10,9,6,-14.704426445452432,4
5829,83,19,114,14,-14.71253096490687,5
5830,31,10,100,7,-14.730848989291465,3
5831,102,11,90,6,-14.739148726840858,5
5832,106,14,32,11,-14.741977351969277,3
5833,109,26,114,20,-14.744077219906973,6
5834,2,10,57,7,-14.75670329182861,3
5835,27,10,108,7,-14.77653090302386,3
5836,54,35,75,24,-14.800167840554582,11
5837,81,24,51,16,-14.806900687075021,8
5838,28,12,110,8,-14.8602682733133,4
5839,108,10,8,8,-14.88327570809189,2
5840,112,10,55,8,-14.907032679929216,2
5841,17,21,95,16,-14.970865650802967,5
5842,57,11,38,7,-15.001479354971174,4
5843,75,10,45,8,-15.003649946946844,2
5844,99,18,25,13,-15.014737107768294,5
5845,94,17,81,11,-15.053941840602283,6
5846,58,22,65,15,-15.056426069646061,7
5847,69,10,111,7,-15.0816233253005,3
5848,70,11,34,8,-15.101320383881482,3
5849,71,17,41,13,-15.162388636591329,4
5850,87,16,79,13,-15.190476867517352,3
5851,43,13,30,10,-15.232406371172784,3
5852,68,15,61,11,-15.24709195978541,4
5853,37,13,18,10,-15.368965567811568,3
5854,46,12,98,8,-15.381140721878973,4
5855,25,14,49,10,-15.43786379260084,4
5856,107,25,73,17,-15.460672720698524,8
5857,8,19,34,14,-15.461934531083395,5
5858,31,15,69,10,-15.502962092044207,5
5859,2,18,104,12,-15.50344370749933,6
5860,106,10,89,6,-15.508251121091035,4
5861,84,21,112,15,-15.508939798123757,6
5862,10,11,37,7,-15.516949569025604,4
5863,14,11,25,9,-15.536643242754739,2
5864,31,12,104,8,-15.561592201078605,4
5865,5,20,23,15,-15.563915929412014,5
5866,57,10,94,7,-15.586909768321169,3
5867,45,14,4,10,-15.600891470448104,4
5868,85,11,106,8,-15.605731963514037,3
5869,97,13,90,9,-15.62188808576594,4
5870,38,10,87,7,-15.648595936017907,3
5871,35,13,87,9,-15.683184050777022,4
5872,43,11,78,8,-15.699752571068752,3
5873,1,13,8,10,-15.702434313684371,3
5874,80,13,75,10,-15.71805205236554,3
5875,35,12,80,9,-15.72406211872363,3
5876,77,14,37,10,-15.73169378416834,4
5877,96,16,93,12,-15.73319462766121,4
5878,57,20,7,13,-15.746440629237659,7
5879,35,10,75,8,-15.755761764469415,2
5880,94,28,16,21,-15.781077975981175,7
5881,37,10,15,8,-15.78269510258246,2
5882,12,12,75,8,-15.785867542761379,4
5883,77,17,8,13,-15.792942369486319,4
5884,31,45,16,33,-15.837412153743443,12
5885,2,10,60,7,-15.84205677205398,3
5886,39,18,99,14,-15.84878961626863,4
5887,12,15,41,11,-15.852631956602023,4
5888,91,11,76,9,-15.872477419459234,2
5889,3,25,84,17,-15.87688434126543,8
5890,13,26,30,18,-15.88389201939532,8
5891,9,30,53,22,-15.894615033798411,8
5892,70,13,80,11,-15.90133341789594,2
5893,9,26,41,19,-15.923207095513275,7
5894,63,13,14,9,-15.961958621197994,4
5895,5,18,41,12,-16.050377082501456,6
5896,112,15,71,11,-16.11687592102847,4
5897,83,12,23,9,-16.123810814063006,3
5898,102,10,43,7,-16.154622115934174,3
5899,78,10,100,8,-16.210411464087542,2
5900,79,10,76,8,-16.246721403642802,2
5901,69,21,53,15,-16.247322250303586,6
5902,7,16,61,11,-16.426968020447948,5
5903,25,25,11,20,-16.429746187224737,5
5904,55,15,14,12,-16.464885141480416,3
5905,88,17,80,12,-16.477538046034613,5
5906,36,10,101,8,-16.627946704419497,2
5907,41,12,30,8,-16.67014747818193,4
5908,71,15,95,10,-16.72675418994599,5
5909,29,21,88,16,-16.771071942053304,5
5910,76,10,1,7,-16.815372977495876,3
5911,30,14,95,10,-16.836817117204564,4
5912,97,14,38,11,-16.838290194315167,3
5913,112,12,49,9,-16.877379434776067,3
5914,10,12,13,9,-16.89276746041982,3
5915,112,19,20,15,-16.964936240764274,4
5916,31,10,38,6,-16.97274158238424,4
5917,50,16,77,13,-16.97319460562341,3
5918,108,10,84,8,-16.982012889347196,2
5919,87,12,34,9,-16.98781036825935,3
5920,46,11,43,8,-16.991693442801246,3
5921,65,31,100,25,-17.003977982643583,6
5922,70,11,48,8,-17.04295857723929,3
5923,79,13,104,9,-17.056081750892357,4
5924,1,14,18,11,-17.058153705270225,3
5925,13,17,80,12,-17.06375198393908,5
5926,20,12,60,9,-17.12579419517071,3
5927,78,11,27,10,-17.136317360073022,1
5928,9,14,48,11,-17.184569191785442,3
5929,5,22,27,16,-17.186967099907662,6
5930,35,12,63,9,-17.190706154289504,3
5931,106,10,35,7,-17.319051156851785,3
5932,39,10,45,7,-17.32115834390289,3
5933,19,11,55,8,-17.435802328445057,3
5934,18,14,23,10,-17.468338798211544,4
5935,68,11,103,8,-17.557849377469843,3
5936,11,13,30,10,-17.572520449971933,3
5937,83,11,110,9,-17.575104905290946,2
5938,77,18,16,14,-17.61931989103236,4
5939,68,29,112,22,-17.658356341720012,7
5940,3,11,5,7,-17.694163901939547,4
5941,55,12,44,9,-17.771847163193563,3
5942,5,18,30,15,-17.81053305502534,3
5943,8,10,69,8,-17.824588271872045,2
5944,88,17,32,13,-17.824594134673823,4
5945,114,11,111,8,-17.846918134233796,3
5946,43,16,55,14,-17.88766939591472,2
5947,17,11,103,9,-17.94587086063706,2
5948,68,21,95,18,-17.962668451083434,3
5949,33,18,55,14,-17.969879843551904,4
5950,112,22,78,17,-18.00765085252849,5
5951,28,28,90,22,-18.060877876686433,6
5952,103,10,109,7,-18.37872283171988,3
5953,18,10,5,8,-18.464269170029826,2
5954,18,10,49,8,-18.47715007090462,2
5955,33,14,65,11,-18.512762180418843,3
5956,31,15,106,11,-18.52908676481624,4
5957,102,11,30,8,-18.53374521303684,3
5958,43,11,45,8,-18.574891926068155,3
5959,57,13,34,10,-18.63083545853813,3
5960,68,15,50,11,-18.68712791744929,4
5961,28,17,99,13,-18.754584808369174,4
5962,77,10,100,8,-18.785807393142274,2
5963,47,11,55,8,-18.857554518412744,3
5964,11,10,2,8,-18.92308479788875,2
5965,4,13,98,11,-18.936498509144613,2
5966,106,10,92,8,-19.041690772468705,2
5967,2,10,100,7,-19.143504228869272,3
5968,54,16,4,14,-19.244087603842104,2
5969,18,14,99,11,-19.290873438644514,3
5970,36,19,30,17,-19.30529767168729,2
5971,58,19,86,15,-19.384187711945845,4
5972,51,10,101,8,-19.538804927619935,2
5973,109,13,15,11,-19.715332448375346,2
5974,32,12,95,10,-19.760326388824467,2
5975,94,11,85,9,-19.99391792955888,2
5976,84,11,7,9,-20.072751797902637,2
5977,28,11,43,8,-20.232603750970075,3
5978,10,15,51,12,-20.332726180509006,3
5979,57,11,29,9,-20.355488402960383,2
5980,5,10,64,8,-20.37578731830582,2
5981,35,11,48,9,-20.438098241934796,2
5982,9,23,27,18,-20.73849836766573,5
5983,68,11,90,9,-20.787956198015944,2
5984,79,10,30,8,-20.824119521738712,2
5985,38,11,55,9,-20.87506721402826,2
5986,107,15,19,14,-20.944642879740467,1
5987,43,10,110,8,-21.055981543018305,2
5988,68,16,100,12,-21.1928712093318,4
5989,81,13,49,10,-21.20955753114466,3
5990,10,13,112,10,-21.234179723414762,3
5991,77,10,98,8,-21.266559747636286,2
5992,91,16,104,15,-21.31971827875211,1
5993,51,16,2,12,-21.322170492802826,4
5994,109,10,12,9,-21.32950515182345,1
5995,51,20,90,17,-21.393287092982963,3
5996,4,13,25,11,-21.42004260246313,2
5997,4,15,41,10,-21.480590173913868,5
5998,31,12,62,9,-21.790941067775986,3
5999,97,12,91,10,-22.175648770183788,2
6000,3,12,30,11,-22.297017461985927,1
6001,112,14,80,11,-22.742433885358178,3
6002,8,11,4,10,-23.17790508365148,1
6003,57,11,26,9,-23.524985632767628,2
6004,31,10,15,8,-23.60998987148027,2
6005,69,11,27,9,-23.965125451311458,2
6006,57,11,112,9,-24.03512959326609,2
6007,97,11,34,9,-24.058676404388496,2
6008,97,12,73,9,-24.10757303293757,3
6009,3,16,75,14,-24.194103806582213,2
6010,77,17,75,15,-26.826580833678783,2
6011,23,12,90,11,-27.953563540615974,1
6012,37,11,44,11,-29.883498899257123,0
6013,102,10,112,9,-30.406521473655896,1
