,againstHero,games,hero,losses,shift,wins
0,44,11,37,0,29.883498899257123,11
1,90,12,23,1,27.953563540615978,11
2,75,17,77,2,26.826580833678786,15
3,75,16,3,2,24.194103806582213,14
4,73,12,97,3,24.10757303293757,9
5,34,11,97,2,24.058676404388496,9
6,27,11,69,2,23.96512545131146,9
7,15,10,31,2,23.609989871480266,8
8,26,11,57,2,23.524985632767628,9
9,4,11,8,1,23.177905083651492,10
10,30,12,3,1,22.29701746198592,11
11,91,12,97,2,22.175648770183788,10
12,62,12,31,3,21.79094106777599,9
13,29,10,57,2,21.590695741649974,8
14,41,15,4,5,21.480590173913868,10
15,25,13,4,2,21.42004260246313,11
16,90,19,51,2,21.39328709298296,17
17,12,10,109,1,21.32950515182345,9
18,2,16,51,4,21.322170492802822,12
19,104,16,91,1,21.319718278752113,15
20,98,10,77,2,21.266559747636286,8
21,112,13,10,3,21.23417972341476,10
22,49,13,81,3,21.209557531144654,10
23,19,15,107,1,20.94464287974046,14
24,55,11,38,2,20.87506721402826,9
25,30,10,79,2,20.824119521738705,8
26,80,13,112,3,20.792945298735347,10
27,90,11,68,2,20.787956198015944,9
28,27,23,9,5,20.738498367665727,18
29,48,11,35,2,20.438098241934792,9
30,64,10,5,2,20.375787318305825,8
31,51,15,10,3,20.332726180509006,12
32,43,11,28,3,20.23260375097008,8
33,78,21,112,4,20.223467064960182,17
34,78,10,43,2,20.12217678902932,8
35,49,11,112,2,20.081273718937805,9
36,7,11,84,2,20.072751797902637,9
37,85,11,94,2,19.99391792955888,9
38,100,15,68,4,19.919601065708385,11
39,95,12,32,2,19.760326388824463,10
40,101,10,51,2,19.538804927619935,8
41,86,19,58,4,19.384187711945845,15
42,30,19,36,2,19.30529767168729,17
43,99,14,18,3,19.290873438644514,11
44,4,16,54,2,19.2440876038421,14
45,100,10,2,3,19.14350422886928,7
46,92,10,106,2,19.041690772468705,8
47,98,13,4,2,18.936498509144613,11
48,2,10,11,2,18.923084797888755,8
49,55,11,47,3,18.857554518412744,8
50,100,10,77,2,18.78580739314227,8
51,99,17,28,4,18.754584808369174,13
52,50,15,68,4,18.68712791744929,11
53,45,11,43,3,18.574891926068155,8
54,106,15,31,4,18.52908676481624,11
55,65,14,33,3,18.51276218041885,11
56,5,10,18,2,18.464269170029823,8
57,109,10,103,3,18.37872283171988,7
58,100,29,65,5,18.208500508458588,24
59,90,28,28,6,18.060877876686437,22
60,84,24,3,7,18.016567455129117,17
61,78,12,69,3,18.003270376318383,9
62,55,18,33,4,17.969879843551904,14
63,95,21,68,3,17.962668451083438,18
64,55,16,43,2,17.887669395914717,14
65,111,11,114,3,17.846918134233796,8
66,32,17,88,4,17.82459413467382,13
67,69,10,8,2,17.824588271872045,8
68,30,18,5,3,17.81053305502534,15
69,44,12,55,3,17.77184716319356,9
70,5,11,3,4,17.694163901939547,7
71,112,28,68,7,17.68115669663255,21
72,34,12,57,3,17.642040510861822,9
73,16,18,77,4,17.61931989103236,14
74,110,11,83,2,17.575104905290946,9
75,23,14,18,4,17.468338798211544,10
76,55,11,19,3,17.435802328445057,8
77,45,10,39,3,17.32115834390289,7
78,35,10,106,3,17.319051156851785,7
79,63,12,35,3,17.190706154289504,9
80,27,22,5,6,17.18696709990766,16
81,27,11,78,1,17.136317360073022,10
82,60,12,20,3,17.12579419517071,9
83,80,17,13,5,17.063751983939074,12
84,18,14,1,3,17.058153705270225,11
85,104,13,79,4,17.056081750892357,9
86,34,13,51,3,17.050470848560973,10
87,43,11,46,3,16.991693442801246,8
88,34,12,87,3,16.987810368259346,9
89,77,16,50,3,16.97319460562341,13
90,38,10,31,4,16.97274158238424,6
91,20,19,112,4,16.964936240764274,15
92,65,21,58,6,16.90235476993002,15
93,15,11,109,2,16.89170612213505,9
94,38,14,97,3,16.838290194315167,11
95,95,14,30,4,16.836817117204568,10
96,1,10,76,3,16.815372977495876,7
97,88,21,29,5,16.771071942053304,16
98,95,15,71,5,16.72675418994599,10
99,30,12,41,4,16.67014747818193,8
100,101,10,36,2,16.6279467044195,8
101,80,17,88,5,16.47753804603461,12
102,14,15,55,3,16.464885141480416,12
103,11,25,25,5,16.429746187224733,20
104,61,16,7,5,16.42696802044795,11
105,53,21,69,6,16.247322250303586,15
106,48,13,9,3,16.236645292462974,10
107,30,12,11,3,16.16112498926937,9
108,43,10,102,3,16.154622115934178,7
109,23,12,83,3,16.123810814063006,9
110,16,26,94,6,16.09218449437784,20
111,41,18,5,6,16.05037708250146,12
112,14,13,63,4,15.961958621197992,9
113,41,26,9,7,15.923207095513272,19
114,80,13,70,2,15.901333417895936,11
115,53,30,9,8,15.894615033798411,22
116,28,16,72,4,15.894403574800391,12
117,34,18,8,5,15.876296726362224,13
118,76,11,91,2,15.872477419459232,9
119,41,15,12,4,15.852631956602023,11
120,99,18,39,4,15.84878961626863,14
121,60,10,2,3,15.842056772053983,7
122,16,45,31,12,15.837412153743443,33
123,87,12,35,4,15.830624546248833,8
124,27,13,84,4,15.830164703818385,9
125,48,10,70,3,15.796496446665468,7
126,8,16,77,4,15.792942369486319,12
127,75,12,12,4,15.785867542761377,8
128,15,10,37,2,15.78269510258246,8
129,75,10,35,2,15.755761764469415,8
130,7,20,57,7,15.746440629237663,13
131,30,25,13,8,15.733694778183482,17
132,93,16,96,4,15.733194627661211,12
133,37,14,77,4,15.73169378416834,10
134,80,12,35,3,15.72406211872363,9
135,75,13,80,3,15.718052052365534,10
136,8,13,1,3,15.702434313684373,10
137,87,10,38,3,15.648595936017909,7
138,90,13,97,4,15.621888085765939,9
139,106,11,85,3,15.60573196351404,8
140,4,14,45,4,15.600891470448106,10
141,23,20,5,5,15.563915929412016,15
142,104,12,31,4,15.561592201078605,8
143,25,11,14,2,15.536643242754739,9
144,37,11,10,4,15.516949569025604,7
145,89,10,106,4,15.508251121091039,6
146,104,18,2,6,15.503443707499333,12
147,69,15,31,5,15.502962092044205,10
148,73,25,107,8,15.460672720698525,17
149,49,14,25,4,15.43786379260084,10
150,11,10,71,3,15.386871545741162,7
151,98,12,46,4,15.381140721878971,8
152,18,13,37,3,15.368965567811566,10
153,61,15,68,4,15.24709195978541,11
154,30,13,43,3,15.232406371172788,10
155,79,16,87,3,15.19047686751735,13
156,41,17,71,4,15.16238863659133,13
157,81,17,94,6,15.053941840602283,11
158,25,18,99,5,15.014737107768298,13
159,45,10,75,2,15.003649946946844,8
160,38,11,57,4,15.001479354971178,7
161,95,21,17,5,14.970865650802967,16
162,55,10,112,2,14.907032679929213,8
163,8,10,108,2,14.883275708091887,8
164,63,19,3,4,14.849374371999133,15
165,51,24,81,8,14.806900687075016,16
166,75,35,54,11,14.800167840554582,24
167,57,10,2,3,14.75670329182861,7
168,114,26,109,6,14.744077219906968,20
169,32,14,106,3,14.741977351969275,11
170,100,10,31,3,14.730848989291463,7
171,114,19,83,5,14.712530964906872,14
172,69,13,18,4,14.69589661715718,9
173,3,10,35,3,14.67345115895829,7
174,14,11,97,2,14.634263785488013,9
175,49,15,69,5,14.620888888677557,10
176,27,12,12,3,14.588940972449642,9
177,50,12,99,4,14.581629542155014,8
178,74,19,62,5,14.57027413820892,14
179,108,11,9,4,14.533752266696009,7
180,73,12,37,4,14.533349572792922,8
181,13,12,2,4,14.516038794033767,8
182,112,20,84,6,14.510611268456794,14
183,45,18,51,5,14.493324057948724,13
184,34,12,25,3,14.468789684868277,9
185,73,10,2,3,14.457830254043136,7
186,44,12,5,3,14.447481002517355,9
187,80,11,14,4,14.435345395194508,7
188,40,10,83,2,14.347262135245902,8
189,7,27,77,8,14.33556677589385,19
190,63,10,61,2,14.323000497708241,8
191,80,37,63,10,14.322048676220186,27
192,31,12,57,4,14.310689026630849,8
193,80,18,50,4,14.309192739594003,14
194,46,11,102,3,14.30749471315205,8
195,34,12,37,3,14.30057126443514,9
196,74,21,60,7,14.268042080973931,14
197,30,15,77,4,14.240898393688356,11
198,63,11,66,3,14.209916362631539,8
199,20,15,3,4,14.188922367828338,11
200,41,11,80,3,14.18671629223256,8
201,15,10,63,3,14.178625851059422,7
202,39,14,85,5,14.177624685555417,9
203,40,29,77,8,14.048771071022596,21
204,13,10,10,3,14.003535982504161,7
205,69,11,91,4,13.993001551531528,7
206,111,12,75,4,13.972281809419963,8
207,40,24,71,7,13.948125771645659,17
208,91,11,109,3,13.946188604720339,8
209,75,19,69,5,13.942304484906579,14
210,37,11,112,3,13.937736127059294,8
211,100,10,40,3,13.927928921941099,7
212,100,10,38,2,13.910833855557149,8
213,60,22,112,6,13.909226533638929,16
214,54,17,76,5,13.892444764564262,12
215,53,19,50,6,13.883151416746285,13
216,11,13,83,3,13.863860744018647,10
217,86,19,52,5,13.851910838120485,14
218,71,14,112,4,13.807689689966653,10
219,98,17,31,6,13.805084918983171,11
220,13,74,31,23,13.800549608099516,51
221,97,11,112,2,13.794615799527321,9
222,43,17,53,4,13.791105639936726,13
223,30,18,69,6,13.733696768023911,12
224,63,14,33,4,13.733555706081617,10
225,63,25,31,7,13.714594813504092,18
226,104,14,44,4,13.703910249073422,10
227,107,20,99,6,13.701645523668953,14
228,92,16,86,5,13.67676060817369,11
229,93,12,46,3,13.65474091099076,9
230,38,10,3,3,13.612373842695769,7
231,15,10,74,3,13.569326307429137,7
232,64,18,104,5,13.54129056151704,13
233,27,26,60,6,13.540065663312776,20
234,74,11,103,3,13.53565105452587,8
235,104,15,38,5,13.530669032796665,10
236,7,11,66,4,13.514093541012448,7
237,78,10,1,3,13.511302040012387,7
238,34,10,70,3,13.500624883981928,7
239,26,24,86,6,13.454427406615018,18
240,93,10,90,3,13.452391800759148,7
241,102,17,55,5,13.448934349992445,12
242,36,15,35,4,13.440272285829963,11
243,25,12,32,5,13.427877456338663,7
244,75,15,53,5,13.423496737137006,10
245,91,11,112,3,13.423237527272482,8
246,104,12,35,4,13.369677424437178,8
247,55,11,32,4,13.36363963009391,7
248,16,18,83,5,13.351235477213141,13
249,87,28,114,10,13.329695440899371,18
250,18,12,46,3,13.322032493347338,9
251,47,16,18,4,13.317575135316673,12
252,50,17,46,6,13.310329365776974,11
253,64,19,106,6,13.295192075566398,13
254,7,12,99,4,13.274517260788409,8
255,102,31,5,10,13.269431869962297,21
256,87,15,112,5,13.2638460838065,10
257,95,23,11,6,13.26328800508424,17
258,11,39,96,12,13.25258237771624,27
259,95,36,88,11,13.24512473637818,25
260,8,16,41,4,13.244566662838952,12
261,36,18,54,6,13.217744798273172,12
262,11,22,70,6,13.174919150937761,16
263,97,12,35,3,13.159538935863281,9
264,95,28,37,7,13.149042342745604,21
265,53,15,77,5,13.125923769197524,10
266,83,10,70,4,13.118339150755117,6
267,98,12,88,3,13.09482237083463,9
268,43,15,91,4,13.046946068237395,11
269,60,10,48,3,13.027739440368961,7
270,27,12,114,4,13.009570993376595,8
271,100,15,60,4,13.00317877758717,11
272,34,22,28,6,12.986812143841883,16
273,91,29,60,10,12.952631394075715,19
274,78,15,8,4,12.921729498024693,11
275,23,16,17,5,12.920452187354222,11
276,78,26,51,9,12.903103411810697,17
277,98,12,75,4,12.900340980932176,8
278,2,21,65,5,12.890027578518202,16
279,19,15,54,6,12.889151076069242,9
280,23,14,45,4,12.875487654765548,10
281,47,14,112,5,12.859285190584627,9
282,27,19,109,7,12.854514856980066,12
283,49,20,104,6,12.812277987885736,14
284,104,20,27,5,12.796343894614777,15
285,41,12,84,4,12.75751979686909,8
286,54,12,81,4,12.757047966098476,8
287,95,10,36,3,12.746346244298937,7
288,33,14,106,4,12.736963404825662,10
289,46,24,106,9,12.725492516069492,15
290,111,16,88,4,12.710530076381987,12
291,48,14,5,4,12.657719903594751,10
292,108,24,70,7,12.6471886080542,17
293,10,11,87,3,12.637100065195789,8
294,38,11,17,4,12.634911882425525,7
295,15,20,51,7,12.587936460827022,13
296,20,19,9,6,12.586361422949272,13
297,57,27,5,8,12.572003913811171,19
298,98,27,87,8,12.540784384215351,19
299,54,14,58,5,12.535089602873327,9
300,75,27,5,10,12.535083552437033,17
301,55,12,103,3,12.517980336309982,9
302,80,10,49,4,12.50914199523895,6
303,36,17,50,7,12.423703215189779,10
304,104,39,46,13,12.353574327141933,26
305,67,12,97,3,12.35346782744064,9
306,78,10,20,3,12.337947782230119,7
307,28,10,108,4,12.299856976610261,6
308,32,10,39,3,12.25900875776762,7
309,71,11,84,3,12.255989147154674,8
310,48,27,54,9,12.230401373927076,18
311,28,19,112,6,12.22892074036625,13
312,75,19,43,5,12.224767647713705,14
313,43,14,9,5,12.224469441855378,9
314,78,11,106,3,12.210243252742755,8
315,7,18,76,7,12.19661731578168,11
316,109,17,39,4,12.189314131019263,13
317,77,23,51,8,12.161499329151763,15
318,2,22,70,8,12.153236389251056,14
319,19,11,31,3,12.140248760143196,8
320,92,12,63,5,12.136993324985582,7
321,15,13,55,3,12.101702748474299,10
322,58,19,69,7,12.089414430124696,12
323,34,14,20,4,12.080633416209027,10
324,110,11,28,4,12.062606997342062,7
325,30,18,91,5,12.061464887561753,13
326,1,18,63,7,12.054495717242014,11
327,98,28,96,9,12.0522531035848,19
328,15,20,9,8,12.038844634846162,12
329,58,16,13,4,12.037688148626765,12
330,1,12,104,4,12.020108292717422,8
331,109,11,98,3,11.980585816049416,8
332,37,16,60,6,11.9668638856867,10
333,50,11,72,3,11.966306538639385,8
334,11,12,9,4,11.95751404574191,8
335,53,10,54,3,11.951994898142782,7
336,95,27,18,9,11.951490678023532,18
337,29,13,68,4,11.946919320173034,9
338,109,11,29,5,11.905733206262543,6
339,62,18,63,6,11.898616241132697,12
340,90,18,104,6,11.89837391797068,12
341,20,12,29,4,11.85416559868577,8
342,78,10,47,4,11.843066191666676,6
343,74,34,28,11,11.834419909257846,23
344,78,10,37,3,11.831707242150298,7
345,63,47,28,14,11.8288664237163,33
346,74,10,64,4,11.828764368523546,6
347,28,16,111,5,11.82030122340792,11
348,83,10,17,4,11.812775268760372,6
349,53,10,91,3,11.811611902058761,7
350,86,20,72,6,11.806025667633925,14
351,8,21,40,6,11.791921402372775,15
352,44,10,54,3,11.791894285038754,7
353,91,12,65,4,11.784658313781675,8
354,17,18,109,6,11.781743441013703,12
355,55,37,1,11,11.76903355576794,26
356,16,11,67,3,11.761532223804268,8
357,100,15,112,5,11.719193187900878,10
358,91,13,96,4,11.692854193124042,9
359,98,11,48,3,11.678045251552971,8
360,30,33,39,11,11.664507953068155,22
361,30,11,94,4,11.643229108233816,7
362,15,21,18,6,11.590119158022436,15
363,90,15,39,5,11.57797650142359,10
364,27,31,65,10,11.573171716915368,21
365,33,15,50,5,11.568332857311571,10
366,36,16,104,6,11.564722196156039,10
367,111,10,71,3,11.563837134119533,7
368,74,15,76,6,11.544600382799558,9
369,80,10,30,3,11.535434430621326,7
370,15,11,76,4,11.511804844564256,7
371,94,10,12,4,11.507296767268532,6
372,57,19,63,7,11.49963226954776,12
373,100,24,54,8,11.463480826656635,16
374,47,14,81,4,11.445134927289029,10
375,114,39,106,13,11.417874917507987,26
376,29,10,95,3,11.401888238693152,7
377,76,23,35,8,11.396918545348738,15
378,4,11,38,3,11.395009854616484,8
379,107,14,10,5,11.38119632500004,9
380,104,21,71,8,11.370166649530528,13
381,64,12,20,3,11.33130846260478,9
382,86,18,103,6,11.322966448723328,12
383,50,38,20,12,11.31681648660145,26
384,47,23,60,7,11.313305625779169,16
385,7,25,96,7,11.300422106484014,18
386,80,10,5,3,11.295210617596885,7
387,2,14,55,5,11.276816159574059,9
388,75,52,7,17,11.274663385996204,35
389,90,12,48,4,11.252381363492233,8
390,87,29,70,11,11.250414739740135,18
391,107,16,83,5,11.249585120390279,11
392,40,13,81,4,11.249205674756393,9
393,95,28,51,8,11.244919045567018,20
394,75,17,109,5,11.242273446455997,12
395,27,14,112,5,11.23500119284759,9
396,38,12,112,3,11.230403622900138,9
397,46,20,96,8,11.223825219116966,12
398,73,13,51,4,11.219804453521853,9
399,98,18,106,6,11.217270403208776,12
400,100,12,46,4,11.210309669403356,8
401,89,11,1,4,11.209011069389932,7
402,114,45,65,16,11.207925536927627,29
403,6,12,61,4,11.200388242698187,8
404,43,16,4,6,11.162760468553993,10
405,55,13,85,4,11.149931721802192,9
406,100,20,87,8,11.113455718095162,12
407,40,10,19,3,11.104417905023016,7
408,74,13,32,4,11.101664191982366,9
409,70,22,57,9,11.101179297757742,13
410,78,13,80,4,11.097915766170063,9
411,75,13,29,5,11.096282078020437,8
412,12,18,107,5,11.095629908733306,13
413,17,12,78,4,11.090068157424293,8
414,62,11,57,3,11.089901365863183,8
415,100,11,102,3,11.083335103949722,8
416,99,11,11,4,11.04788337752713,7
417,32,12,114,4,11.045874107216177,8
418,64,25,9,7,11.036372697771332,18
419,45,12,68,4,11.024019728389067,8
420,53,41,88,13,11.023031682203495,28
421,41,14,92,5,11.016394202336144,9
422,98,10,68,3,11.014423279510455,7
423,15,13,71,4,11.00914391321026,9
424,11,31,84,10,11.008266976809917,21
425,8,22,15,8,11.00303059711984,14
426,56,13,107,5,11.000292497508868,8
427,51,20,110,6,11.000148170458745,14
428,50,37,88,13,10.986958086725295,24
429,13,73,88,24,10.948948900714134,49
430,89,10,13,4,10.939542022741618,6
431,27,14,64,4,10.925557497140753,10
432,98,16,29,5,10.909698341629543,11
433,73,17,5,6,10.907383059794872,11
434,102,10,35,4,10.903207987031468,6
435,111,21,41,8,10.875724405637953,13
436,71,16,77,5,10.872072685026803,11
437,37,46,54,15,10.870093974692763,31
438,109,34,8,13,10.819891467814772,21
439,106,17,81,7,10.816681182916202,10
440,104,27,77,9,10.795670361212093,18
441,55,25,91,7,10.791612827626562,18
442,59,11,7,3,10.771239818059199,8
443,63,11,72,3,10.764095493593645,8
444,9,17,104,6,10.7627294741424,11
445,27,27,31,11,10.758919665279384,16
446,54,11,111,3,10.714143810197228,8
447,43,13,36,5,10.713552025008548,8
448,57,34,107,12,10.704658915912152,22
449,51,25,74,7,10.704030149650722,18
450,65,15,57,5,10.687048615969914,10
451,5,25,98,9,10.66291868554062,16
452,30,41,107,14,10.657359132092086,27
453,107,12,103,3,10.647201349907752,9
454,30,20,64,7,10.642272986004784,13
455,98,18,71,6,10.627953776602759,12
456,16,12,101,4,10.622717697482882,8
457,7,31,91,9,10.609100286101588,22
458,75,15,38,4,10.597530026810052,11
459,26,10,28,3,10.592168464369761,7
460,69,18,28,7,10.575983527327304,11
461,95,15,9,6,10.569002592922953,9
462,71,19,54,7,10.563773271372229,12
463,28,17,40,7,10.551622113062637,10
464,86,16,56,5,10.543126647721753,11
465,71,19,97,6,10.5235339621969,13
466,27,27,36,10,10.523349599331352,17
467,89,14,37,6,10.519274673853001,8
468,114,12,12,5,10.50495457801322,7
469,63,18,69,5,10.495670691796661,13
470,78,17,16,6,10.487924828110982,11
471,75,14,102,4,10.47886729381523,10
472,75,35,8,11,10.477015226263449,24
473,23,12,77,4,10.472073733658851,8
474,94,12,51,4,10.4659218679154,8
475,6,10,31,4,10.459894630543896,6
476,60,27,69,11,10.453461646225001,16
477,64,25,112,7,10.447348803692252,18
478,78,13,53,5,10.442866978504684,8
479,44,16,39,6,10.434810009571377,10
480,95,19,114,7,10.422604339796184,12
481,110,11,7,5,10.422576579231729,6
482,63,13,85,5,10.414666124998384,8
483,3,13,29,4,10.397178070946653,9
484,100,10,57,4,10.386884791301807,6
485,106,16,93,6,10.37915501513517,10
486,49,21,60,7,10.36875684851125,14
487,104,13,81,6,10.361322759461329,7
488,65,38,93,15,10.357494219723515,23
489,94,10,7,3,10.355621654064773,7
490,16,26,1,7,10.345699287153877,19
491,37,13,1,5,10.342164269053148,8
492,13,16,29,6,10.32891723987792,10
493,7,14,81,6,10.32158298772756,8
494,48,31,107,11,10.315398554214726,20
495,107,29,31,13,10.30345756995746,16
496,49,11,29,4,10.30099349448638,7
497,30,11,102,4,10.296833808784982,7
498,63,11,52,4,10.291118040471776,7
499,34,10,68,4,10.287370907693369,6
500,38,12,54,4,10.280232127604943,8
501,34,12,104,4,10.27427919250402,8
502,85,15,50,5,10.26203922127155,10
503,77,12,99,3,10.252199704478638,9
504,67,16,106,6,10.252161434234207,10
505,63,35,91,11,10.225389928816243,24
506,30,17,31,7,10.214096274935343,10
507,25,24,68,8,10.211790433098953,16
508,10,14,28,4,10.207926130943799,10
509,11,36,37,12,10.20717474941383,24
510,91,24,39,8,10.206322081312438,16
511,48,24,96,8,10.200121519345739,16
512,98,15,2,6,10.198603389321667,9
513,71,13,33,4,10.195530501937561,9
514,97,41,37,14,10.190687502541845,27
515,89,13,104,5,10.17868688184359,8
516,6,12,9,5,10.175309866966636,7
517,43,29,86,9,10.173097117221216,20
518,58,13,39,4,10.147489402696785,9
519,96,11,23,4,10.143008283174426,7
520,53,37,31,14,10.136338371296793,23
521,92,10,109,3,10.132066653367776,7
522,46,14,70,5,10.128652016947743,9
523,17,18,60,6,10.12863063958789,12
524,8,10,35,3,10.118762046100299,7
525,50,20,102,8,10.118106239071224,12
526,53,36,36,11,10.114732824687987,25
527,39,28,43,11,10.108201581404133,17
528,18,24,8,7,10.103008591242306,17
529,89,11,74,4,10.093150392265771,7
530,79,12,106,4,10.079963228120917,8
531,40,16,49,6,10.077718304922938,10
532,13,23,83,8,10.067954696106945,15
533,44,10,38,3,10.048373138060269,7
534,110,13,107,4,10.03472132274693,9
535,11,14,18,5,10.031989827572826,9
536,16,43,18,14,10.022908903594146,29
537,75,12,57,4,10.001839571130395,8
538,95,25,65,9,9.987438820754939,16
539,87,13,52,5,9.984852518055051,8
540,73,18,88,6,9.974203425238965,12
541,28,26,68,8,9.968379628572306,18
542,63,45,88,14,9.955054334971098,31
543,95,10,2,3,9.920312629990502,7
544,25,14,3,5,9.907996037168818,9
545,107,21,102,8,9.900916609628295,13
546,27,13,30,5,9.89635566134904,8
547,87,32,9,13,9.890957993800642,19
548,18,39,39,13,9.885046818102031,26
549,2,17,54,5,9.883928701627934,12
550,17,15,71,6,9.874078720771614,9
551,76,12,18,4,9.847622493503502,8
552,30,16,63,6,9.842696842263113,10
553,86,26,79,9,9.841357831333449,17
554,53,10,98,4,9.839111782848335,6
555,63,47,84,18,9.837336867449046,29
556,54,13,57,3,9.824315369895016,10
557,104,25,75,9,9.822163907084754,16
558,48,24,87,8,9.816807340039903,16
559,40,24,17,8,9.815776001763279,16
560,64,17,37,6,9.810222324765896,11
561,62,10,93,4,9.798162399200404,6
562,40,25,3,8,9.786955757231253,17
563,37,24,83,9,9.783726366978417,15
564,13,14,76,5,9.765754801505128,9
565,30,12,52,4,9.763146241314214,8
566,63,29,76,9,9.752858943405716,20
567,89,13,16,5,9.733195931265595,8
568,16,16,32,6,9.72172092201369,10
569,43,19,31,10,9.720852773553682,9
570,85,13,13,4,9.717007051558657,9
571,75,18,11,7,9.71088785220573,11
572,102,33,86,11,9.70383463978044,22
573,53,18,3,6,9.694466592939397,12
574,3,10,112,4,9.689877507882056,6
575,53,20,17,7,9.68359454001968,13
576,53,12,38,4,9.664145468055217,8
577,100,12,71,4,9.66068752031631,8
578,111,16,63,6,9.656549842780759,10
579,41,15,17,5,9.654478177971624,10
580,22,10,114,5,9.649313306364819,5
581,93,10,104,4,9.637966581885273,6
582,78,10,114,4,9.632244308821944,6
583,41,23,53,8,9.631953807885303,15
584,70,17,109,6,9.623350653501726,11
585,76,16,9,5,9.621504571842449,11
586,99,14,8,6,9.61106559286031,8
587,83,18,84,7,9.609473734372159,11
588,8,13,53,4,9.596286006275326,9
589,80,14,39,5,9.589468521855673,9
590,15,31,88,9,9.582914300229938,22
591,73,20,7,8,9.582485903794176,12
592,64,44,60,14,9.569439655645416,30
593,13,24,97,9,9.567486234498416,15
594,7,23,19,7,9.559895766747154,16
595,27,13,98,5,9.55751067877167,8
596,92,15,68,5,9.538113226799515,10
597,106,13,108,4,9.535201707134298,9
598,1,22,31,9,9.525804060927038,13
599,20,32,25,11,9.520523686179052,21
600,18,27,9,9,9.520249042639604,18
601,8,17,36,6,9.51236026695053,11
602,90,14,80,4,9.509239360264802,10
603,114,13,2,5,9.509158562417847,8
604,90,21,13,7,9.506733485788097,14
605,37,22,99,7,9.502759058160713,15
606,37,29,7,11,9.500511382222342,18
607,102,13,60,5,9.490462801517765,8
608,70,10,58,3,9.487562225897108,7
609,97,23,51,7,9.463450569827408,16
610,16,47,96,14,9.46295382882651,33
611,102,12,17,4,9.460667678985603,8
612,76,28,68,7,9.459920139276978,21
613,32,11,63,4,9.44232166344675,7
614,64,14,92,7,9.432471863302014,7
615,108,15,39,6,9.406857006968854,9
616,108,14,60,5,9.40273406812832,9
617,45,22,107,8,9.39975575090587,14
618,63,25,109,10,9.392892060380623,15
619,48,13,51,6,9.391737592298234,7
620,63,12,10,4,9.391653486017917,8
621,109,11,36,3,9.390936468630548,8
622,80,33,107,11,9.376730084103613,22
623,76,17,39,5,9.374915521858481,12
624,104,21,84,8,9.37162724208143,13
625,87,14,33,5,9.358610632806945,9
626,23,12,50,3,9.354699302165745,9
627,28,12,12,4,9.351694573141017,8
628,28,29,2,10,9.34282167881126,19
629,111,15,51,5,9.328246716797016,10
630,60,16,58,6,9.319426070200468,10
631,50,17,70,7,9.316243790355681,10
632,86,15,67,6,9.30654184494345,9
633,75,57,68,19,9.300627868865528,38
634,63,19,77,6,9.291814452323939,13
635,75,13,93,5,9.279825087560205,8
636,65,26,29,11,9.27121079242292,15
637,20,16,90,6,9.25670480461804,10
638,7,44,25,15,9.233724493378423,29
639,70,16,69,5,9.227346228401574,11
640,64,11,81,4,9.217681779438383,7
641,27,15,4,6,9.214915067697104,9
642,2,12,40,4,9.204153353273352,8
643,73,17,40,6,9.199997222971483,11
644,15,13,91,6,9.175439096539632,7
645,41,15,49,6,9.171912615870818,9
646,40,15,102,6,9.171373555966685,9
647,92,15,40,5,9.168940871834318,10
648,53,22,108,9,9.163083344546394,13
649,16,63,106,21,9.160803291418002,42
650,50,43,5,17,9.156049369840707,26
651,13,42,18,16,9.15021879704067,26
652,9,16,47,6,9.146152811782594,10
653,100,20,88,7,9.116006427057258,13
654,91,22,20,9,9.11515023214943,13
655,92,11,17,4,9.114563540800457,7
656,109,15,31,5,9.11388757240418,10
657,95,34,8,13,9.079209474058969,21
658,44,29,86,10,9.073857704921485,19
659,19,17,13,6,9.070021122613019,11
660,28,16,94,5,9.068842266957846,11
661,28,34,75,12,9.068390514566694,22
662,48,22,79,8,9.064036284770669,14
663,47,21,68,7,9.052758514326353,14
664,58,10,112,4,9.041979275484929,6
665,35,16,45,7,9.040031591861501,9
666,85,14,72,4,9.03362076276455,10
667,54,17,43,7,9.026858404506273,10
668,75,18,100,8,9.024866169547831,10
669,30,16,70,7,9.016092338129877,9
670,5,15,36,6,9.008614310253613,9
671,114,15,57,5,9.000054094310599,10
672,27,14,77,5,8.98057953611799,9
673,28,15,52,6,8.975367013246691,9
674,76,12,94,4,8.97405454794504,8
675,97,18,36,7,8.970668153566264,11
676,47,20,114,8,8.969382880850322,12
677,28,11,32,4,8.963821007682872,7
678,63,34,48,12,8.958044896706859,22
679,11,13,80,5,8.941133144462878,8
680,73,12,31,4,8.938919570135752,8
681,11,10,91,3,8.923724837318142,7
682,110,19,25,6,8.917701672558222,13
683,89,15,107,5,8.908975430626485,10
684,7,20,109,7,8.9080321410632,13
685,29,15,19,5,8.896247111403628,10
686,100,38,51,17,8.893196391712337,21
687,69,12,97,4,8.888377862411462,8
688,44,20,13,7,8.886721786197054,13
689,49,11,53,4,8.876928289416245,7
690,23,16,12,6,8.872217683410865,10
691,32,15,87,5,8.84415502943487,10
692,87,19,81,9,8.837308894093788,10
693,63,19,36,7,8.822881427312195,12
694,36,18,47,6,8.810892372607714,12
695,106,10,42,3,8.802546839644418,7
696,39,36,20,15,8.800920294125156,21
697,109,12,77,5,8.789144881364965,7
698,106,23,18,8,8.778191080978742,15
699,39,36,88,13,8.756638990991734,23
700,38,14,106,7,8.74501943352997,7
701,104,23,11,8,8.742484307216115,15
702,4,22,17,7,8.727735068009611,15
703,8,26,57,9,8.727187925997562,17
704,9,11,57,4,8.721996193617914,7
705,58,10,45,4,8.721721801464442,6
706,27,32,86,11,8.713633301132363,21
707,45,15,86,6,8.710518828201982,9
708,63,15,102,6,8.710165699989911,9
709,63,35,20,14,8.705248065274409,21
710,30,10,2,4,8.704387763563812,6
711,110,14,39,4,8.694421097429624,10
712,16,26,76,12,8.692110714550006,14
713,76,15,60,4,8.678706996102921,11
714,77,16,88,6,8.678317130754186,10
715,9,31,31,11,8.678153869820548,20
716,85,10,98,3,8.673802483900154,7
717,41,19,97,7,8.638943706099205,12
718,76,12,57,4,8.631010009083717,8
719,60,22,29,9,8.623846841921916,13
720,51,51,63,21,8.61580742538916,30
721,27,19,53,6,8.613512457869616,13
722,69,15,57,5,8.610432071680039,10
723,23,34,60,12,8.608807282411219,22
724,51,21,33,6,8.606152418737853,15
725,90,22,50,8,8.598522697494,14
726,110,19,16,7,8.596145036216202,12
727,95,23,55,8,8.575006509864881,15
728,41,13,3,3,8.570007818582788,10
729,78,19,7,8,8.565348954184037,11
730,78,11,36,4,8.552435160203329,7
731,114,13,62,5,8.54955618000272,8
732,12,13,106,4,8.530975907772834,9
733,34,12,39,5,8.530792842427957,7
734,86,28,48,10,8.527783865058886,18
735,62,23,88,9,8.512625127129992,14
736,91,10,45,4,8.504304930616431,6
737,64,28,40,10,8.496071624321134,18
738,75,16,1,5,8.487454866261048,11
739,74,14,77,5,8.485489523270209,9
740,15,13,53,5,8.45144556317874,8
741,95,14,96,5,8.45037398259218,9
742,8,32,114,11,8.446067232393613,21
743,41,40,86,14,8.438958336325594,26
744,96,24,70,11,8.437417991026262,13
745,55,20,114,7,8.432483182241098,13
746,73,19,90,7,8.424101991862472,12
747,109,14,67,7,8.410228891959628,7
748,80,11,79,5,8.39440233865723,6
749,67,10,104,4,8.393331116483226,6
750,7,22,5,8,8.357081514884824,14
751,38,23,65,10,8.354229779220864,13
752,41,32,31,12,8.353957395244583,20
753,39,20,112,8,8.345179878987272,12
754,69,20,68,8,8.344032655118443,12
755,76,39,51,13,8.339242903099507,26
756,102,17,88,5,8.307899790454732,12
757,53,29,30,11,8.306098230837586,18
758,90,31,106,10,8.283845461248372,21
759,41,18,91,6,8.276671952774393,12
760,75,12,76,5,8.269580351796622,7
761,50,34,55,14,8.268886532039616,20
762,37,12,14,5,8.266467835075433,7
763,16,42,46,15,8.265204078980108,27
764,100,10,84,3,8.240271972733373,7
765,94,10,2,4,8.235738884159371,6
766,69,21,106,8,8.230262561693124,13
767,41,28,104,12,8.222150207467429,16
768,112,14,40,6,8.221202026655053,8
769,86,26,1,10,8.213403239086288,16
770,87,24,93,9,8.20135369004028,15
771,11,24,109,8,8.196422948591085,16
772,74,25,39,10,8.195535087876927,15
773,104,35,60,10,8.183651908443375,25
774,68,45,87,17,8.1769425507642,28
775,50,18,30,7,8.173377893689405,11
776,68,11,33,4,8.166895131198165,7
777,50,28,71,11,8.165371088482388,17
778,16,32,69,12,8.160441247046853,20
779,86,38,76,14,8.159754461381874,24
780,107,12,61,5,8.157075963099336,7
781,18,16,112,5,8.155957753880719,11
782,16,65,63,25,8.14697641925856,40
783,4,10,112,4,8.145974306589784,6
784,26,10,107,4,8.136960920766814,6
785,30,16,46,6,8.09849810603762,10
786,37,42,46,14,8.09589581959515,28
787,15,17,87,7,8.088262314262588,10
788,60,30,50,13,8.087484578525554,17
789,7,15,10,6,8.086365440359023,9
790,109,15,46,6,8.081904977493476,9
791,8,61,5,24,8.080732178020162,37
792,110,16,97,6,8.077466293642946,10
793,16,18,14,7,8.06483217295593,11
794,53,13,46,5,8.064750592390656,8
795,51,15,91,5,8.060157448942936,10
796,9,11,12,4,8.058955245687951,7
797,58,26,107,9,8.037629940895535,17
798,37,16,27,6,8.030406858059436,10
799,108,26,13,9,8.028546837864388,17
800,12,16,3,5,8.025644589227156,11
801,75,41,50,14,8.02466935745211,27
802,35,11,9,5,8.012816785902409,6
803,48,12,25,5,8.01244102921806,7
804,91,31,98,12,8.010154956050265,19
805,27,38,88,16,8.004162194472352,22
806,102,19,96,7,7.9956311609664965,12
807,13,16,70,6,7.990308468406848,10
808,5,28,84,11,7.986435375626319,17
809,84,31,39,12,7.976509708255431,19
810,12,12,4,4,7.976222296376225,8
811,65,25,5,10,7.967561696591304,15
812,80,12,68,4,7.963368280059832,8
813,23,21,39,8,7.9630880242589255,13
814,3,10,109,4,7.949985033221677,6
815,89,12,53,5,7.9499730264780055,7
816,87,15,19,6,7.943589688548752,9
817,73,17,87,5,7.942207150258419,12
818,30,41,65,15,7.937351182752284,26
819,18,10,34,3,7.934073113605032,7
820,77,12,64,6,7.9282827223690555,6
821,33,16,20,6,7.928062438364485,10
822,80,18,51,7,7.926528914197648,11
823,54,22,18,9,7.917650548154775,13
824,88,10,82,4,7.912578083642496,6
825,71,13,38,4,7.906029048659733,9
826,78,11,31,5,7.904414780494012,6
827,76,11,108,4,7.890267325318871,7
828,60,24,81,9,7.879588509675568,15
829,55,17,23,8,7.871570609888838,9
830,102,18,51,7,7.870945415633869,11
831,114,25,90,10,7.8701656835045455,15
832,44,12,35,5,7.859665557157517,7
833,106,26,91,9,7.859341034872018,17
834,15,30,39,10,7.850357643973713,20
835,16,37,9,13,7.846826969300749,24
836,104,13,69,4,7.846435814216967,9
837,53,19,109,7,7.841205358929896,12
838,7,11,2,4,7.836909370766421,7
839,8,17,98,6,7.8322640771965775,11
840,25,46,46,19,7.8204011950255445,27
841,87,36,40,15,7.816149468605837,21
842,75,21,49,8,7.802050873504809,13
843,114,12,110,4,7.80031681097971,8
844,50,15,48,5,7.798532000224024,10
845,47,10,111,4,7.786638633209644,6
846,68,28,18,11,7.775566947501909,17
847,92,14,114,4,7.774797164908212,10
848,41,15,81,5,7.770221546669875,10
849,57,23,39,9,7.767705201432487,14
850,100,14,62,6,7.761583554429881,8
851,50,22,18,9,7.758401768064157,13
852,53,11,73,4,7.756297558195456,7
853,37,49,25,20,7.755599308877524,29
854,73,13,54,5,7.746921178252216,8
855,44,11,84,5,7.741464370739849,6
856,78,18,87,8,7.738249145100052,10
857,46,13,64,5,7.701785189637151,8
858,41,15,77,5,7.700447698799743,10
859,11,15,68,6,7.700280996267677,9
860,64,11,11,3,7.699861982788657,8
861,111,25,7,10,7.69032342577198,15
862,5,32,11,12,7.687442157533876,20
863,37,29,38,11,7.668156637885108,18
864,37,24,96,10,7.665844925696509,14
865,33,13,31,6,7.647223417443057,7
866,70,11,60,4,7.6464357490262,7
867,108,20,88,7,7.642505031143237,13
868,97,29,5,10,7.639418302115124,19
869,13,31,3,10,7.638676786821423,21
870,96,22,80,8,7.6325568595370585,14
871,23,13,91,6,7.630492751883036,7
872,18,20,36,8,7.5949028785012285,12
873,58,18,88,7,7.5880987725104365,11
874,72,10,36,4,7.585561627806539,6
875,28,31,114,13,7.584853881328923,18
876,46,12,77,5,7.574271980014295,7
877,34,14,5,4,7.5706698448560905,10
878,40,66,68,24,7.5703219943157025,42
879,85,10,46,3,7.538229298143679,7
880,6,11,55,3,7.526848268362216,8
881,55,18,77,7,7.520653437888106,11
882,88,24,3,9,7.5117017749719,15
883,53,19,12,8,7.511441486905761,11
884,43,15,84,6,7.511290434631544,9
885,15,13,50,5,7.509982415529958,8
886,54,30,60,11,7.494934117874263,19
887,64,10,29,3,7.494394888436804,7
888,41,11,96,3,7.480521636982391,8
889,48,10,89,3,7.476757612743907,7
890,70,14,36,6,7.476080415111229,8
891,108,15,63,6,7.475559971035058,9
892,16,32,43,11,7.475406687421778,21
893,64,37,31,14,7.4738922265185375,23
894,28,10,81,4,7.472696801730322,6
895,45,12,53,5,7.463487107897495,7
896,37,21,110,9,7.457046552670356,12
897,86,53,97,21,7.453774682156136,32
898,46,30,75,12,7.449361290092638,18
899,8,28,84,10,7.447150756775401,18
900,64,17,43,7,7.43896725456377,10
901,7,49,87,18,7.4314438134316605,31
902,49,12,62,4,7.42673526947668,8
903,34,11,43,4,7.424240308041092,7
904,54,44,109,16,7.42149631612999,28
905,8,19,91,7,7.416456742894205,12
906,36,34,41,16,7.412500474371832,18
907,64,11,19,3,7.409166426273504,8
908,20,35,84,11,7.397610796744058,24
909,1,10,5,4,7.391988711274886,6
910,72,13,51,6,7.389012124503451,7
911,75,50,16,20,7.38842567902132,30
912,73,10,71,4,7.37323406519455,6
913,13,35,54,13,7.373225396669799,22
914,34,15,74,5,7.367415754617591,10
915,31,14,80,4,7.367135464628976,10
916,25,16,33,5,7.36592627296452,11
917,77,10,114,4,7.3654772203978025,6
918,53,18,61,6,7.3640960284192225,12
919,49,13,23,5,7.360298065336568,8
920,73,25,8,10,7.35879002547718,15
921,40,41,104,15,7.342291894534163,26
922,81,19,16,7,7.334894223977403,12
923,75,16,2,7,7.332326563651873,9
924,97,26,68,10,7.3316577092188355,16
925,2,32,107,12,7.32884412298255,20
926,70,42,5,17,7.323141246130927,25
927,1,23,65,10,7.319832649719675,13
928,109,26,55,12,7.3182997081126135,14
929,39,24,106,10,7.31226919998241,14
930,48,12,108,4,7.300121208763458,8
931,54,33,40,13,7.298767912387551,20
932,17,17,9,7,7.295940921809664,10
933,47,11,61,4,7.295405799949466,7
934,43,31,40,13,7.2876910701836355,18
935,97,16,29,6,7.284915525257299,10
936,13,20,98,7,7.284404613166717,13
937,114,42,13,19,7.284350704257176,23
938,55,20,68,7,7.273979151335479,13
939,106,13,57,6,7.272492874678534,7
940,62,10,96,3,7.268496266352443,7
941,110,16,70,6,7.267896542251015,10
942,20,17,98,6,7.267496359610282,11
943,13,31,69,12,7.264804290539713,19
944,75,19,81,7,7.259552889264539,12
945,11,12,10,5,7.252899748629005,7
946,98,12,93,5,7.2513528092711335,7
947,46,13,90,5,7.250761878801304,8
948,49,11,15,4,7.248095103585942,7
949,20,21,41,9,7.246750485082596,12
950,31,14,5,5,7.246607645789562,9
951,20,10,75,4,7.241047227766171,6
952,114,27,40,9,7.240772461331043,18
953,114,14,81,6,7.238705590547007,8
954,54,16,62,6,7.236680580960737,10
955,15,16,3,7,7.226872372846494,9
956,13,60,106,23,7.22482230869508,37
957,35,20,40,7,7.2238461178978355,13
958,27,13,35,5,7.215256796262466,8
959,81,32,13,12,7.194897673585073,20
960,27,20,63,9,7.19472225275396,11
961,36,16,112,6,7.175574629533441,10
962,16,109,88,41,7.167573523139397,68
963,38,18,84,8,7.154125748328736,10
964,34,12,60,4,7.148158666349012,8
965,29,14,37,6,7.147246302868531,8
966,88,10,103,4,7.146583091840611,6
967,5,17,60,6,7.144002600647477,11
968,40,50,55,19,7.142420946012768,31
969,87,27,91,10,7.142016410462965,17
970,90,26,87,10,7.134749793973535,16
971,63,58,54,22,7.133964662886907,36
972,75,57,107,18,7.131800392099847,39
973,88,11,67,3,7.127393540580368,8
974,100,14,30,5,7.12422480058823,9
975,67,12,107,4,7.124134838046416,8
976,28,20,62,8,7.086204539456473,12
977,28,35,70,14,7.078735797739843,21
978,102,14,98,6,7.075813129571894,8
979,50,14,49,6,7.064134383315743,8
980,100,21,25,9,7.062312436550092,12
981,99,18,36,6,7.061516094995872,12
982,65,16,73,6,7.056062739811479,10
983,107,45,53,17,7.045311500664531,28
984,20,10,110,4,7.040932959044509,6
985,16,31,64,11,7.027713443588521,20
986,100,16,18,7,7.026565168419708,9
987,95,15,40,6,7.026458120737083,9
988,87,27,53,12,7.022639512769477,15
989,93,26,54,9,7.002072182522706,17
990,80,13,48,4,6.99747900943173,9
991,62,15,5,6,6.992708759597391,9
992,114,19,1,7,6.990089974683044,12
993,111,23,13,10,6.988942249892523,13
994,17,20,55,9,6.987444025974705,11
995,107,26,35,9,6.986606963430158,17
996,11,20,57,9,6.983907364905458,11
997,8,17,33,6,6.975602243001775,11
998,18,23,97,9,6.965163575719862,14
999,16,34,36,13,6.9623095532486845,21
1000,32,18,104,6,6.95922508638955,12
1001,90,20,63,8,6.95733483322538,12
1002,2,11,38,5,6.952650087165873,6
1003,4,25,51,9,6.952578906103857,16
1004,100,18,43,8,6.945332357815133,10
1005,99,12,88,5,6.93913123202866,7
1006,7,21,46,7,6.935769096747123,14
1007,75,19,30,8,6.923427737676235,11
1008,114,23,3,8,6.912850093555391,15
1009,86,89,51,38,6.895499231744599,51
1010,15,13,1,5,6.894393360648802,8
1011,76,16,88,7,6.891817282335726,9
1012,90,22,65,10,6.887045978873851,12
1013,107,27,109,10,6.886337490511135,17
1014,114,47,5,19,6.885144276646171,28
1015,34,18,84,8,6.88355580878115,10
1016,106,15,99,5,6.882359612487447,10
1017,60,43,4,19,6.864343045215706,24
1018,114,19,96,7,6.8573207383282995,12
1019,13,29,95,12,6.852052215706936,17
1020,7,99,51,37,6.849475435937799,62
1021,86,80,96,31,6.839782165020975,49
1022,13,42,43,19,6.837629153851968,23
1023,78,14,96,5,6.830515928543477,9
1024,95,25,106,9,6.830338155584792,16
1025,89,10,68,4,6.826893879643049,6
1026,68,69,31,28,6.821634358561019,41
1027,65,14,66,5,6.821265394674894,9
1028,30,22,104,10,6.820606807560422,12
1029,98,40,86,17,6.818936598158919,23
1030,56,13,4,6,6.816273515879696,7
1031,44,21,6,7,6.813562816650853,14
1032,25,14,9,5,6.810304163725227,9
1033,51,20,96,8,6.809158319794973,12
1034,100,16,114,6,6.806713890734189,10
1035,60,18,45,8,6.8022482279138705,10
1036,49,10,71,4,6.800377692667283,6
1037,55,10,31,4,6.798197972656263,6
1038,1,16,87,7,6.782771040032774,9
1039,39,81,51,33,6.781026894224875,48
1040,6,14,27,6,6.780540737481572,8
1041,81,10,108,4,6.778588424753946,6
1042,33,23,107,10,6.763493299081546,13
1043,13,43,23,19,6.759962036733638,24
1044,57,12,109,5,6.758716421545093,7
1045,86,15,94,6,6.753448997726147,9
1046,53,13,90,5,6.752088210585151,8
1047,30,19,18,8,6.749976540021853,11
1048,94,10,71,4,6.748460655059317,6
1049,84,21,78,8,6.745502178752575,13
1050,45,32,7,13,6.743551275422484,19
1051,100,18,63,8,6.742683547587139,10
1052,84,25,48,9,6.7407911051084906,16
1053,40,14,78,4,6.732885786530082,10
1054,74,38,96,14,6.731828732252355,24
1055,14,13,95,5,6.731405281187272,8
1056,100,11,95,5,6.722166987268522,6
1057,65,10,32,4,6.718474357729474,6
1058,28,35,97,13,6.716635909782017,22
1059,60,21,12,11,6.704537300087493,10
1060,83,15,74,7,6.703298030488857,8
1061,28,24,71,9,6.697570308642473,15
1062,111,11,106,3,6.697425895741327,8
1063,7,18,62,7,6.690218008322475,11
1064,54,75,88,30,6.6874207756050055,45
1065,16,68,55,25,6.673907741530192,43
1066,14,13,13,4,6.663851771345142,9
1067,83,11,71,5,6.656205380333864,6
1068,12,13,87,5,6.654704325795005,8
1069,71,19,37,8,6.653996053488669,11
1070,76,15,114,5,6.6539119931134865,10
1071,32,26,5,10,6.647447060451906,16
1072,4,30,65,12,6.6356003955737535,18
1073,39,22,37,9,6.632156694863052,13
1074,25,48,5,19,6.626414170343125,29
1075,16,34,100,13,6.622935947165198,21
1076,74,14,9,5,6.620459467868885,9
1077,85,10,75,3,6.61929344121288,7
1078,71,18,81,7,6.61709770119633,11
1079,55,21,64,7,6.604925944972094,14
1080,34,16,30,6,6.601140375094157,10
1081,65,28,96,12,6.593487230396348,16
1082,65,46,20,17,6.582851496170298,29
1083,39,25,38,10,6.576359256983345,15
1084,47,36,13,14,6.576234413408801,22
1085,53,26,114,11,6.571088082289226,15
1086,104,37,25,16,6.567754121461538,21
1087,58,18,68,7,6.553002087451516,11
1088,68,25,91,11,6.550419627313768,14
1089,77,21,18,7,6.545250800191177,14
1090,54,58,70,23,6.543056803225659,35
1091,49,10,55,4,6.541972088163769,6
1092,86,29,81,9,6.532482502137965,20
1093,91,13,80,5,6.531108694088673,8
1094,35,15,28,7,6.525585250622975,8
1095,16,78,39,32,6.5210913868223725,46
1096,78,21,107,8,6.505959287985718,13
1097,16,21,108,8,6.502477858846357,13
1098,90,10,102,5,6.502237322589002,5
1099,1,20,54,8,6.493394551110143,12
1100,48,10,104,4,6.493358473776671,6
1101,20,18,68,8,6.48964373329749,10
1102,16,27,3,10,6.483698180671639,17
1103,70,20,9,7,6.477071321597407,13
1104,98,18,84,6,6.475666713551259,12
1105,100,17,55,8,6.465563036443129,9
1106,70,13,29,6,6.465173609286504,7
1107,78,14,98,6,6.457784687804565,8
1108,29,10,41,4,6.453681453868417,6
1109,6,10,28,4,6.452419128804086,6
1110,3,15,43,6,6.447238384687711,9
1111,69,31,86,13,6.447204277363735,18
1112,4,20,87,7,6.445923142452618,13
1113,39,56,68,24,6.439118209474396,32
1114,41,20,109,7,6.432688342356182,13
1115,100,22,39,9,6.432511887302126,13
1116,40,16,33,5,6.427211772717694,11
1117,107,34,43,13,6.422100856640922,21
1118,107,19,77,8,6.416947048354687,11
1119,91,18,54,8,6.414686940093468,10
1120,106,13,77,6,6.407119934187455,7
1121,80,20,37,8,6.401050818487373,12
1122,13,21,94,8,6.377487651674518,13
1123,81,12,69,5,6.3766610232414545,7
1124,30,19,84,7,6.373847364369496,12
1125,7,21,56,9,6.361794853449644,12
1126,41,15,28,6,6.359689551305939,9
1127,92,13,27,6,6.356396578041118,7
1128,51,15,112,6,6.350376289921739,9
1129,86,29,83,10,6.342700324127683,19
1130,107,23,69,9,6.341765510677753,14
1131,62,22,40,11,6.34058891485694,11
1132,81,10,111,3,6.333917467029674,7
1133,54,14,112,5,6.3267118256224935,9
1134,20,40,16,14,6.318333724670661,26
1135,88,25,57,11,6.308509689840414,14
1136,29,13,55,5,6.301089833667023,8
1137,39,16,83,6,6.297771796270439,10
1138,23,17,114,6,6.291790840234864,11
1139,70,16,64,5,6.286009204558742,11
1140,16,12,92,3,6.284475222709882,9
1141,41,11,102,4,6.282861273718874,7
1142,87,28,41,11,6.282239020662331,17
1143,86,21,4,8,6.2794844995496994,13
1144,51,58,65,22,6.274656067700197,36
1145,20,45,5,17,6.270373633442785,28
1146,69,11,96,4,6.268969865653719,7
1147,15,12,95,5,6.265255655621163,7
1148,92,22,39,10,6.263991845659126,12
1149,108,18,87,7,6.262008842945723,11
1150,43,17,5,7,6.250727481432205,10
1151,104,41,50,16,6.230364171354915,25
1152,16,42,91,15,6.227187272730326,27
1153,13,17,6,7,6.226729543003945,10
1154,72,12,68,5,6.2229147971092145,7
1155,112,21,76,10,6.216605503599088,11
1156,65,15,6,6,6.216451840954273,9
1157,47,14,28,6,6.211297191624255,8
1158,46,24,39,12,6.2104681559769475,12
1159,35,15,84,6,6.209299301194261,9
1160,74,28,70,13,6.203999405338755,15
1161,63,28,2,12,6.200018491851485,16
1162,91,12,71,5,6.187474142289449,7
1163,55,14,35,6,6.181710197353361,8
1164,97,23,76,10,6.171425808149794,13
1165,57,21,102,9,6.169321397774083,12
1166,13,47,36,18,6.167141158071529,29
1167,63,10,89,3,6.159771716986653,7
1168,31,15,112,5,6.149641402394961,10
1169,54,31,68,12,6.129451922490282,19
1170,55,24,97,9,6.128965912516967,15
1171,25,35,88,12,6.123879676950231,23
1172,86,55,39,24,6.1213596693037005,31
1173,81,13,31,4,6.117159791325403,9
1174,39,18,29,8,6.11667916860653,10
1175,90,12,7,5,6.108519045195328,7
1176,111,23,107,11,6.08814286411973,12
1177,79,10,108,3,6.083927302918588,7
1178,64,16,3,6,6.081103034121076,10
1179,70,29,20,11,6.080511379179193,18
1180,55,10,69,4,6.075582313218194,6
1181,74,14,48,7,6.068043245358376,7
1182,23,27,41,11,6.068042449918637,16
1183,78,23,57,10,6.066845953412291,13
1184,23,18,28,8,6.06620277166243,10
1185,63,24,18,9,6.046455003215173,15
1186,8,16,32,7,6.041444852098721,9
1187,7,24,98,9,6.0336860037819795,15
1188,75,31,31,14,6.033482134287373,17
1189,16,20,79,8,6.0309592755619885,12
1190,64,38,86,16,6.030765339147399,22
1191,91,17,50,6,6.027790824025911,11
1192,95,20,46,8,6.027785407812038,12
1193,15,18,81,8,6.020952084821452,10
1194,100,14,17,4,6.011059679512766,10
1195,65,61,88,23,6.004362907857696,38
1196,37,19,100,7,6.000890669706824,12
1197,107,32,3,15,5.999011076330673,17
1198,114,25,31,11,5.991876520395493,14
1199,64,20,18,8,5.974775055211904,12
1200,69,12,54,5,5.973066602774385,7
1201,97,18,40,7,5.966918416140386,11
1202,12,10,38,4,5.966686013029674,6
1203,104,19,17,8,5.965485227876699,11
1204,68,52,53,21,5.964244334939563,31
1205,86,34,17,16,5.961143965020203,18
1206,62,13,8,4,5.96110102258686,9
1207,97,12,10,6,5.950831581917705,6
1208,39,12,14,5,5.947548147792332,7
1209,33,15,7,7,5.9471342175078945,8
1210,28,15,53,6,5.9457443646332715,9
1211,98,25,76,10,5.944337446211659,15
1212,41,15,43,6,5.943674988011269,9
1213,104,50,28,21,5.941710221571149,29
1214,74,11,30,5,5.935013522041515,6
1215,37,45,63,18,5.933785173114154,27
1216,73,20,114,8,5.924435121305103,12
1217,93,10,63,4,5.9175632502755855,6
1218,114,18,84,7,5.917311033591253,11
1219,16,83,87,35,5.915679092980692,48
1220,41,15,45,5,5.9144627061547626,10
1221,6,17,107,7,5.906261036560345,10
1222,46,12,1,6,5.891865749051654,6
1223,74,34,84,16,5.891399521581718,18
1224,109,19,34,8,5.8910600256239505,11
1225,64,34,51,14,5.888421423830696,20
1226,46,12,36,5,5.882094180819339,7
1227,62,17,9,7,5.86600144742425,10
1228,54,36,95,16,5.865979569344106,20
1229,34,17,7,7,5.863504951401833,10
1230,7,20,112,8,5.8633899504874805,12
1231,85,23,84,8,5.861641877801659,15
1232,104,37,55,15,5.856904127783749,22
1233,74,37,46,14,5.850135921281393,23
1234,58,13,87,5,5.8383296210552,8
1235,3,12,18,4,5.832827231063855,8
1236,40,16,5,7,5.820527251695649,9
1237,16,53,68,20,5.820278979394259,33
1238,100,10,49,5,5.813425744151518,5
1239,80,28,106,11,5.812470547213421,17
1240,79,13,20,5,5.810117746469002,8
1241,16,38,62,14,5.806515303304726,24
1242,71,48,13,21,5.805132526236809,27
1243,91,19,31,7,5.801858258461766,12
1244,7,45,64,20,5.801061458968774,25
1245,74,28,55,12,5.797157459674129,16
1246,98,26,63,11,5.795644107915217,15
1247,15,10,43,4,5.792521091011201,6
1248,16,19,93,9,5.776545074834794,10
1249,11,19,35,8,5.768399159544,11
1250,58,13,53,7,5.756559382638666,6
1251,23,13,47,5,5.755142063292807,8
1252,36,12,77,5,5.751140829309578,7
1253,19,11,80,4,5.749943576584892,7
1254,25,42,106,16,5.73768822242091,26
1255,13,48,25,22,5.729332953997915,26
1256,45,14,9,5,5.727853500458987,9
1257,25,26,51,11,5.72613511284895,15
1258,98,13,17,6,5.723425305113809,7
1259,6,10,12,5,5.722414314921584,5
1260,16,15,58,6,5.721436385477678,9
1261,41,18,37,7,5.716493275276269,11
1262,23,10,102,4,5.7160538226538815,6
1263,34,10,27,5,5.713456149542282,5
1264,62,13,69,6,5.706165822809074,7
1265,30,46,16,19,5.705241946203532,27
1266,74,22,109,8,5.703058853572775,14
1267,53,17,62,7,5.701449545318567,10
1268,70,10,32,5,5.692479372096213,5
1269,23,10,43,4,5.689859175567734,6
1270,106,46,5,18,5.689619439430471,28
1271,13,20,112,9,5.687118237465756,11
1272,30,25,55,10,5.686463879094618,15
1273,63,23,38,8,5.685369937239836,15
1274,102,10,95,4,5.685319962340818,6
1275,54,11,12,5,5.67450373056912,6
1276,94,10,25,5,5.671887186214519,5
1277,75,39,37,14,5.670197882049105,25
1278,16,31,99,13,5.665818337043021,18
1279,16,48,37,20,5.664774565241773,28
1280,54,11,82,4,5.664278302313932,7
1281,43,12,68,5,5.6614021510813615,7
1282,9,13,61,5,5.652969843590383,8
1283,4,10,97,4,5.649870700339136,6
1284,39,13,97,5,5.649731064357227,8
1285,73,23,74,9,5.649045009007229,14
1286,84,17,76,7,5.642369532504397,10
1287,108,14,98,6,5.640790264148573,8
1288,85,10,11,4,5.636472097896452,6
1289,75,46,51,20,5.632745764536371,26
1290,100,43,107,20,5.627353197100977,23
1291,86,28,73,13,5.62531345595925,15
1292,5,21,17,7,5.625033929201379,14
1293,19,10,5,4,5.623378775596127,6
1294,95,26,50,11,5.619957219349123,15
1295,16,48,50,20,5.617696720442929,28
1296,30,14,90,6,5.614315415339312,8
1297,100,15,50,6,5.612526049660052,9
1298,68,18,94,8,5.6083969761175405,10
1299,38,13,18,6,5.608114426083465,7
1300,70,17,98,6,5.604121247592221,11
1301,62,21,68,9,5.591004045591886,12
1302,39,13,94,5,5.582337685105467,8
1303,3,10,98,5,5.570597398737187,5
1304,42,11,69,5,5.570250078296481,6
1305,84,25,57,12,5.566733949257732,13
1306,37,60,104,24,5.563475261062019,36
1307,31,10,95,4,5.5581891593402775,6
1308,46,11,4,5,5.55622187464566,6
1309,8,41,25,16,5.550067480025434,25
1310,36,53,31,23,5.548564460468652,30
1311,25,18,84,7,5.5466876181289715,11
1312,20,22,2,9,5.544865436021075,13
1313,86,51,75,23,5.544222274149607,28
1314,75,16,84,7,5.542746956131477,9
1315,65,26,69,11,5.540534749641236,15
1316,15,12,30,5,5.538463534767753,7
1317,106,31,23,15,5.535479536227778,16
1318,114,45,68,19,5.528966703625285,26
1319,30,23,88,11,5.525413582454542,12
1320,33,14,102,6,5.525239013163607,8
1321,28,33,7,13,5.522079859732702,20
1322,26,20,13,7,5.520285333416165,13
1323,62,10,20,4,5.517288163699186,6
1324,87,59,37,24,5.516733087496062,35
1325,28,35,9,16,5.5146514821295405,19
1326,95,19,83,7,5.510188596504647,12
1327,32,13,109,6,5.5080518973086185,7
1328,18,40,75,17,5.507084301877024,23
1329,67,10,102,4,5.49724656177184,6
1330,18,10,62,4,5.493140482819633,6
1331,65,49,40,21,5.488110460552834,28
1332,49,14,77,5,5.486596578437728,9
1333,47,12,69,5,5.485890015271255,7
1334,114,23,70,9,5.484820175107314,14
1335,14,10,75,4,5.479308338136782,6
1336,86,29,78,12,5.470278451303892,17
1337,75,43,71,16,5.454468163058883,27
1338,97,18,57,8,5.45235309786646,10
1339,93,11,51,5,5.442643801494353,6
1340,28,14,85,6,5.4424150325876255,8
1341,91,18,18,7,5.437015235679076,11
1342,87,65,65,26,5.421192101641339,39
1343,49,11,37,5,5.40579366661915,6
1344,4,11,58,4,5.405037105567146,7
1345,9,11,66,5,5.404825557202403,6
1346,84,10,64,3,5.401793074305331,7
1347,54,31,90,13,5.397442007333916,18
1348,7,18,30,9,5.390495309133068,9
1349,20,31,51,15,5.374467949047245,16
1350,64,21,8,8,5.374033093425483,13
1351,75,30,63,13,5.362343223381901,17
1352,86,21,77,8,5.357357465897487,13
1353,7,35,97,16,5.356987360153851,19
1354,43,25,88,10,5.351866788536155,15
1355,62,18,65,8,5.34575502328806,10
1356,86,86,88,36,5.345596536414867,50
1357,34,13,48,6,5.344489341599535,7
1358,80,32,55,15,5.338178788284693,17
1359,97,14,102,5,5.335160623731844,9
1360,107,45,9,20,5.322061725590964,25
1361,61,15,60,7,5.316729344745585,8
1362,112,15,29,7,5.316502717217539,8
1363,85,16,96,5,5.314304637448895,11
1364,28,13,49,6,5.31428031912519,7
1365,107,19,66,8,5.307859110353934,11
1366,111,25,55,10,5.307717141421055,15
1367,109,12,22,5,5.303001885552313,7
1368,40,49,39,20,5.294535177326297,29
1369,99,21,86,8,5.291638236148403,13
1370,14,19,28,7,5.288795345484194,12
1371,107,63,104,26,5.280992676308756,37
1372,56,11,88,5,5.280224334897691,6
1373,107,26,62,13,5.266434681438653,13
1374,28,11,92,4,5.26619903758234,7
1375,35,11,31,5,5.255104723881263,6
1376,25,26,40,11,5.242222631716463,15
1377,98,15,40,7,5.239271076053035,8
1378,65,15,14,7,5.239230657167624,8
1379,91,21,25,9,5.236778929543691,12
1380,15,19,104,8,5.235404007755863,11
1381,88,17,112,7,5.231027938888666,10
1382,20,37,96,15,5.229501973456113,22
1383,35,11,5,5,5.226534281744142,6
1384,54,54,106,25,5.222938310920249,29
1385,40,22,37,10,5.2189812618502875,12
1386,33,12,91,6,5.213867650447791,6
1387,41,15,89,6,5.196780511481055,9
1388,40,13,113,5,5.193726392686624,8
1389,75,17,97,7,5.183439015487436,10
1390,64,32,65,14,5.182122584236017,18
1391,75,26,47,9,5.17693162231529,17
1392,7,43,55,17,5.169021709270008,26
1393,107,60,20,26,5.163543558398883,34
1394,91,11,56,5,5.1601828143932735,6
1395,67,12,5,5,5.159840528973067,7
1396,111,14,39,6,5.158992286191915,8
1397,8,54,63,24,5.156454172512435,30
1398,13,57,87,22,5.153541140928683,35
1399,76,28,50,10,5.151966096130058,18
1400,94,10,88,4,5.15036444902664,6
1401,106,24,9,10,5.150083731218861,14
1402,107,26,49,12,5.148888284740457,14
1403,44,15,88,7,5.148664566159752,8
1404,35,12,51,5,5.14727626674268,7
1405,40,12,69,4,5.137627663794988,8
1406,36,21,3,8,5.136055944816986,13
1407,40,30,58,14,5.133397385337812,16
1408,11,22,98,10,5.122669345045474,12
1409,75,18,4,7,5.112428644465592,11
1410,55,23,70,10,5.1032220329288345,13
1411,53,25,104,11,5.0942603831986055,14
1412,60,24,95,10,5.089480392621887,14
1413,32,10,20,3,5.082163415292109,7
1414,90,13,33,5,5.072843762888294,8
1415,78,11,34,5,5.07188053201235,6
1416,46,17,65,6,5.066104910854949,11
1417,30,32,71,14,5.063953126216741,18
1418,53,26,112,13,5.062618261015588,13
1419,55,29,63,13,5.056066807562624,16
1420,75,41,9,17,5.040607611984742,24
1421,11,14,79,7,5.038711911658494,7
1422,65,12,52,4,5.0369958566437525,8
1423,63,32,13,14,5.0254768605942015,18
1424,81,14,63,6,5.016441825370756,8
1425,16,35,49,15,5.007093096161221,20
1426,93,26,5,10,5.004460526821323,16
1427,7,41,106,20,5.003800212982272,21
1428,32,12,68,4,4.994599728673895,8
1429,11,33,54,14,4.994161567753705,19
1430,104,30,63,13,4.993963037729944,17
1431,74,15,71,7,4.993812181109021,8
1432,50,23,31,10,4.99199978599778,13
1433,27,25,39,12,4.989393098929608,13
1434,23,17,15,7,4.9841342107101605,10
1435,7,30,47,12,4.980252625346256,18
1436,29,11,93,5,4.97512545826624,6
1437,40,49,107,19,4.964616090179718,30
1438,109,16,38,6,4.964461961570972,10
1439,96,23,90,9,4.963939687748078,14
1440,39,18,77,8,4.961640817784317,10
1441,13,32,8,13,4.955794878282507,19
1442,9,21,84,9,4.9481345313882175,12
1443,56,19,68,9,4.94813216675333,10
1444,76,12,49,5,4.943121216792114,7
1445,77,14,87,6,4.942401920251487,8
1446,93,27,28,10,4.941127481170006,17
1447,85,19,54,7,4.939303305813314,12
1448,23,42,88,16,4.935782926079016,26
1449,43,13,19,5,4.933709936661164,8
1450,114,22,9,7,4.931319071415342,15
1451,19,14,20,6,4.927700194569555,8
1452,86,40,36,17,4.927433251240005,23
1453,76,37,107,13,4.92520640654787,24
1454,74,56,106,24,4.924754963776778,32
1455,65,75,107,32,4.913631286672482,43
1456,54,12,108,4,4.909695920764135,8
1457,38,12,28,6,4.907164394244691,6
1458,7,96,88,42,4.898871034458085,54
1459,83,39,5,18,4.890865835189014,21
1460,28,59,84,25,4.889044052283284,34
1461,62,25,71,11,4.888439777720533,14
1462,65,44,9,18,4.887961308210911,26
1463,8,12,3,7,4.88781937501622,5
1464,10,15,86,7,4.884688083926196,8
1465,69,11,95,4,4.882909765417961,7
1466,30,11,114,5,4.8820710984651585,6
1467,81,15,18,6,4.877040041598752,9
1468,85,12,88,5,4.8737543176102305,7
1469,87,27,57,11,4.871666288606831,16
1470,37,54,106,25,4.865641247327302,29
1471,5,10,89,3,4.86246564090175,7
1472,52,12,107,4,4.861262849981809,8
1473,97,12,32,5,4.851459349576839,7
1474,104,23,100,9,4.850527098250832,14
1475,16,101,7,44,4.849773607468413,57
1476,20,10,38,3,4.844230675667008,7
1477,5,30,51,11,4.841333405150811,19
1478,83,20,64,9,4.840996077098241,11
1479,75,39,39,18,4.835166255544909,21
1480,27,13,57,6,4.834692393096014,7
1481,8,15,67,6,4.831909846155583,9
1482,31,19,25,9,4.823839301099763,10
1483,14,15,54,5,4.820525855929132,10
1484,23,27,68,13,4.81982927042641,14
1485,74,11,85,5,4.812388004493803,6
1486,83,30,8,14,4.811627367676455,16
1487,6,12,106,5,4.810944704219048,7
1488,16,97,107,37,4.810536055926654,60
1489,2,25,106,11,4.808494527305082,14
1490,69,11,85,5,4.808257383801068,6
1491,96,13,108,6,4.805162668071275,7
1492,62,16,51,7,4.803956475156109,9
1493,75,22,96,7,4.801381492311931,15
1494,111,11,25,5,4.797175922879397,6
1495,8,29,9,15,4.796436219845455,14
1496,52,13,20,5,4.795236183864801,8
1497,9,17,1,9,4.794059502939978,8
1498,57,27,13,13,4.793029671396856,14
1499,76,33,5,14,4.788314400539968,19
1500,88,52,9,22,4.778873320006728,30
1501,87,48,50,22,4.77809392160859,26
1502,9,12,5,5,4.777710715122403,7
1503,46,12,29,7,4.775703546529657,5
1504,114,14,94,7,4.775696268753724,7
1505,1,14,17,6,4.774691835698866,8
1506,90,13,70,6,4.771084444295362,7
1507,12,15,31,7,4.770632464521183,8
1508,60,16,97,8,4.770560692259114,8
1509,15,21,54,10,4.76375884247427,11
1510,64,31,41,12,4.758473174288668,19
1511,93,16,50,6,4.755526241513054,10
1512,90,30,5,12,4.752640516818983,18
1513,25,16,77,7,4.745845616411638,9
1514,55,57,65,25,4.744057377410872,32
1515,97,11,3,4,4.740273088979023,7
1516,8,41,46,19,4.737192297274268,22
1517,51,48,84,20,4.731865068752451,28
1518,6,11,46,5,4.730994669309113,6
1519,15,14,75,5,4.729161606780822,9
1520,47,17,86,7,4.720142586161402,10
1521,15,10,72,4,4.7131251167737505,6
1522,28,37,18,17,4.710953949587104,20
1523,43,16,71,8,4.70977023229907,8
1524,20,23,46,8,4.708713070266485,15
1525,88,31,18,14,4.699584875943507,17
1526,55,45,60,20,4.699539635247214,25
1527,51,13,58,6,4.6987757235739265,7
1528,97,10,62,4,4.689387738532959,6
1529,60,26,41,12,4.687979614839915,14
1530,71,16,5,7,4.686451238703377,9
1531,13,48,64,23,4.67021662986664,25
1532,52,12,8,5,4.669562642233978,7
1533,80,13,64,6,4.665596394208,7
1534,55,14,98,5,4.662824671110214,9
1535,28,19,100,8,4.660885966766407,11
1536,25,15,47,7,4.655390231832646,8
1537,30,29,60,10,4.653426738413294,19
1538,27,15,25,7,4.649655011418165,8
1539,63,39,96,15,4.649023449526137,24
1540,6,21,16,10,4.642825718029857,11
1541,73,14,13,6,4.642713338622983,8
1542,73,19,109,8,4.637139105733967,11
1543,60,22,25,10,4.636282806493916,12
1544,106,15,110,7,4.633960085739299,8
1545,16,106,51,47,4.6266128464726055,59
1546,8,63,87,27,4.62091726825585,36
1547,49,17,9,8,4.620658268254684,9
1548,37,72,86,32,4.607837359690983,40
1549,88,10,66,4,4.60434245546846,6
1550,7,35,3,14,4.603775118928216,21
1551,23,11,30,5,4.601908928188203,6
1552,77,13,95,6,4.60149322445291,7
1553,27,12,94,5,4.59724432284417,7
1554,50,32,96,14,4.592653394244439,18
1555,60,30,8,14,4.584471076654316,16
1556,99,16,65,7,4.579704538683142,9
1557,7,23,58,11,4.575034525669344,12
1558,99,14,95,6,4.572737764013027,8
1559,99,16,104,8,4.5627492392393,8
1560,70,15,23,7,4.554568026577778,8
1561,74,10,112,4,4.553694289700708,6
1562,83,15,46,7,4.551826612706301,8
1563,99,18,15,7,4.551461310618723,11
1564,1,11,39,6,4.548291694643937,5
1565,68,18,49,8,4.5466883695084315,10
1566,23,24,76,11,4.537606040144393,13
1567,8,24,102,11,4.537070383836359,13
1568,71,28,68,11,4.532265816801447,17
1569,106,23,75,11,4.532198108241345,12
1570,50,71,28,30,4.530365152854881,41
1571,37,43,55,20,4.516821858156878,23
1572,11,67,86,30,4.513725047679838,37
1573,28,16,29,7,4.513248021932702,9
1574,80,10,69,5,4.508733977407145,5
1575,62,10,104,3,4.50664568251795,7
1576,78,17,54,7,4.506577020775673,10
1577,87,13,110,5,4.501644038521952,8
1578,17,13,43,6,4.501405777799933,7
1579,75,20,112,8,4.4989690721071325,12
1580,93,15,37,6,4.493445665639034,9
1581,93,15,11,5,4.484686270589562,10
1582,95,33,107,15,4.475609109265348,18
1583,96,31,25,14,4.4728328775528,17
1584,91,10,57,5,4.468260927215541,5
1585,37,18,32,8,4.466542082918521,10
1586,3,15,50,7,4.464463620895282,8
1587,75,43,88,18,4.458661851679068,25
1588,49,15,64,7,4.458412060664093,8
1589,77,11,97,4,4.4549011553839994,7
1590,50,12,73,4,4.454782630059153,8
1591,95,44,16,20,4.453378575583387,24
1592,7,67,31,29,4.4532123702344615,38
1593,2,42,50,18,4.448957186147168,24
1594,13,33,37,14,4.448467961015427,19
1595,95,15,109,6,4.444131433700797,9
1596,1,24,51,11,4.443642769643948,13
1597,45,11,88,4,4.4416566980945715,7
1598,86,58,46,22,4.4330627489504755,36
1599,16,35,53,14,4.432680586189367,21
1600,23,14,20,6,4.42777867543601,8
1601,102,20,87,8,4.423994697827657,12
1602,99,30,13,13,4.420966828834258,17
1603,7,64,53,28,4.416213736910661,36
1604,64,12,57,5,4.409680008541512,7
1605,114,20,64,8,4.407773657880817,12
1606,11,10,29,5,4.395627118404059,5
1607,107,32,38,13,4.39393220007557,19
1608,41,16,112,7,4.393369197219724,9
1609,111,20,86,8,4.3910837466552355,12
1610,51,26,43,12,4.390788502279346,14
1611,65,23,76,9,4.385586505985178,14
1612,87,24,49,12,4.380791657180537,12
1613,87,33,25,15,4.379098196808542,18
1614,60,13,98,6,4.372454949323835,7
1615,85,12,51,6,4.372397467367473,6
1616,55,24,9,10,4.371040618945099,14
1617,55,13,58,6,4.369004483506264,7
1618,40,23,23,10,4.368423326803309,13
1619,94,20,87,9,4.367418143965146,11
1620,33,13,11,7,4.365968233102095,6
1621,13,60,46,25,4.3609508107508175,35
1622,64,31,71,12,4.35947313780117,19
1623,104,31,54,14,4.355933806560286,17
1624,47,24,88,11,4.347102674354304,13
1625,70,29,65,11,4.343984179663613,18
1626,60,12,22,5,4.334241842742782,7
1627,95,19,41,8,4.332143979792177,11
1628,98,23,37,10,4.327931130640237,13
1629,4,22,40,10,4.316643149060896,12
1630,70,14,71,7,4.315612188206775,7
1631,97,23,17,10,4.3134285513049555,13
1632,17,19,20,8,4.3112321942034,11
1633,50,10,52,5,4.308197298973349,5
1634,16,42,71,17,4.305176391927468,25
1635,20,22,109,8,4.302333411252667,14
1636,106,27,53,13,4.302319600135898,14
1637,25,28,54,12,4.300413553073274,16
1638,7,22,38,10,4.300171500471753,12
1639,20,21,44,9,4.299103845073809,12
1640,30,30,54,13,4.29530490019164,17
1641,20,63,54,30,4.290782184792432,33
1642,19,10,3,4,4.287838931107966,6
1643,86,54,104,24,4.27625100960502,30
1644,9,27,54,12,4.272544772651765,15
1645,33,12,96,7,4.271042933020869,5
1646,103,16,16,7,4.27064958267566,9
1647,91,30,107,12,4.264126621091653,18
1648,23,33,87,13,4.256680488948144,20
1649,104,17,80,8,4.256665633473226,9
1650,9,12,29,5,4.247154248113977,7
1651,106,14,34,7,4.243674039664675,7
1652,31,12,74,5,4.240578281890586,7
1653,109,16,65,5,4.2330518085976205,11
1654,71,11,44,5,4.223524348839462,6
1655,4,19,18,8,4.220670692754494,11
1656,87,21,31,10,4.220659397575877,11
1657,41,41,68,18,4.207626519911898,23
1658,65,56,36,24,4.205692860728479,32
1659,15,11,40,5,4.201647176656486,6
1660,86,116,5,50,4.198444147829554,66
1661,23,18,100,7,4.197161790157007,11
1662,7,14,48,7,4.194687020035504,7
1663,76,16,102,7,4.19261584037067,9
1664,30,13,109,5,4.185496549607356,8
1665,23,27,25,12,4.182190113226028,15
1666,80,18,7,7,4.182061930373814,11
1667,12,17,68,7,4.176829780683942,10
1668,86,29,62,13,4.168140003828563,16
1669,60,10,62,4,4.155747625311636,6
1670,96,13,3,6,4.149840606440919,7
1671,20,13,73,5,4.146065391689569,8
1672,13,28,77,12,4.1425538330063505,16
1673,53,47,71,20,4.141303557057986,27
1674,3,29,87,12,4.14016519723393,17
1675,11,11,69,4,4.13792149131312,7
1676,71,11,20,4,4.13643055739397,7
1677,76,32,104,13,4.1357118218948905,19
1678,45,22,65,11,4.1259231703887,11
1679,28,31,102,14,4.125433119952879,17
1680,86,33,112,14,4.113604145090605,19
1681,84,13,19,6,4.111819285053133,7
1682,93,14,109,6,4.103558953267082,8
1683,83,20,93,9,4.100880722204593,11
1684,20,24,35,10,4.098728722002914,14
1685,87,21,97,8,4.089970328864312,13
1686,36,11,19,5,4.088590218421688,6
1687,74,22,50,10,4.086243740312162,12
1688,87,38,60,18,4.07068260924909,20
1689,43,10,95,4,4.063398320607949,6
1690,51,13,38,5,4.063140921851932,8
1691,34,10,38,4,4.0610942900478735,6
1692,51,27,69,11,4.050423840769316,16
1693,32,10,40,5,4.050021677419869,5
1694,7,21,50,10,4.045740478776832,11
1695,1,10,43,5,4.038976715758721,5
1696,9,18,38,8,4.035727579019442,10
1697,71,13,47,6,4.030916530509353,7
1698,104,44,51,17,4.0154244082227635,27
1699,8,20,110,8,4.013172679497404,12
1700,55,36,54,17,4.011039158800403,19
1701,84,22,29,10,4.010792122781037,12
1702,66,12,31,5,4.008754872558654,7
1703,16,109,86,47,3.991645400804286,62
1704,15,20,68,8,3.9796921857169054,12
1705,96,12,14,5,3.975747798085754,7
1706,72,10,112,5,3.9604865049780456,5
1707,74,24,93,11,3.9601017688790825,13
1708,65,34,17,13,3.9540701507148905,21
1709,88,50,104,21,3.9536343834384886,29
1710,6,11,40,5,3.9442678680230823,6
1711,29,23,107,8,3.943667091369638,15
1712,3,11,93,6,3.9394735942906975,5
1713,80,10,97,4,3.9365866928471034,6
1714,97,35,16,16,3.9340820840887147,19
1715,88,60,68,26,3.9324375184744156,34
1716,57,11,50,4,3.9290278222481443,7
1717,64,28,63,13,3.927368902324373,15
1718,5,28,2,12,3.923277825320168,16
1719,37,38,70,16,3.9227382855891664,22
1720,89,13,86,7,3.91749283769541,6
1721,60,21,96,7,3.912428069824762,14
1722,98,19,49,9,3.906322793569991,10
1723,102,26,37,11,3.9015784283610255,15
1724,18,13,20,5,3.8928283548315483,8
1725,55,44,11,18,3.8920841591670343,26
1726,76,13,62,6,3.8913968956310088,7
1727,74,39,63,18,3.890775716060593,21
1728,11,15,17,7,3.886158778436342,8
1729,51,44,46,19,3.8852508517734274,25
1730,1,11,112,6,3.882693398534097,5
1731,30,11,108,5,3.8822679511938505,6
1732,13,18,84,7,3.877231085851868,11
1733,18,13,98,7,3.8754830902904014,6
1734,95,36,87,16,3.86940077356921,20
1735,108,11,68,5,3.868849039567309,6
1736,11,16,51,8,3.8660778701548058,8
1737,41,25,114,12,3.854494902198664,13
1738,65,34,111,14,3.8475275648066685,20
1739,46,50,54,22,3.846547643547206,28
1740,28,11,31,5,3.8453747580936164,6
1741,18,23,31,11,3.843025830767866,12
1742,20,26,7,12,3.839940256500117,14
1743,38,13,46,5,3.833859769343221,8
1744,91,26,13,12,3.831748260733109,14
1745,30,38,87,17,3.8298987122526285,21
1746,70,30,51,14,3.8297117807076555,16
1747,27,33,51,13,3.8273141839627884,20
1748,44,16,87,7,3.8267549460576484,9
1749,60,12,66,4,3.826632219817407,8
1750,4,11,3,5,3.825046392091852,6
1751,44,14,64,6,3.8242226428845654,8
1752,55,21,4,10,3.821660634263142,11
1753,49,10,3,4,3.8208441036339096,6
1754,86,32,18,13,3.8203668272153473,19
1755,5,28,91,11,3.8146250930665166,17
1756,110,16,5,7,3.8138584796050923,9
1757,39,12,78,6,3.805891795343841,6
1758,20,13,104,5,3.7974160411444706,8
1759,19,11,86,5,3.7947428736900832,6
1760,80,13,60,6,3.7883602235098173,7
1761,94,12,37,5,3.788108137633396,7
1762,7,10,93,5,3.7802315490169653,5
1763,104,74,65,34,3.778164926289779,40
1764,107,48,23,22,3.7778307981128205,26
1765,104,13,92,7,3.7768187223532306,6
1766,63,19,4,8,3.775833657808686,11
1767,16,90,65,39,3.773083718958002,51
1768,13,69,40,31,3.7693846533253215,38
1769,47,13,15,6,3.7602698343279473,7
1770,88,16,6,7,3.757051253043465,9
1771,51,33,109,12,3.752003613096799,21
1772,18,55,53,25,3.751842811643862,30
1773,19,12,30,5,3.7438637762244333,7
1774,53,42,40,19,3.7429391558119995,23
1775,1,13,4,5,3.736039087851971,8
1776,86,65,25,30,3.735239092039536,35
1777,43,23,94,11,3.7344951979764764,12
1778,15,22,107,8,3.7321712067825557,14
1779,39,17,81,7,3.728914203220537,10
1780,16,31,27,13,3.7151603873312817,18
1781,15,21,5,8,3.714734226349825,13
1782,6,12,86,5,3.7105107890774285,7
1783,106,17,43,8,3.7068539679712273,9
1784,60,25,28,13,3.7035703279957386,12
1785,39,48,53,21,3.6851162429567523,27
1786,114,37,51,18,3.6824882422691596,19
1787,34,19,55,9,3.680955248563573,10
1788,101,14,68,5,3.6742625668258913,9
1789,71,12,27,5,3.672482180614424,7
1790,80,25,87,11,3.671802865102301,14
1791,14,10,112,4,3.6656549551955337,6
1792,9,11,19,5,3.6655477701213575,6
1793,97,33,96,16,3.657438935158263,17
1794,53,11,100,5,3.656950058764998,6
1795,63,22,23,9,3.656375723040438,13
1796,90,10,71,5,3.6561036030201253,5
1797,107,21,32,10,3.6546977761524686,11
1798,109,15,9,8,3.6538651478462696,7
1799,17,11,18,6,3.651905683853181,5
1800,23,47,65,22,3.6506323242088645,25
1801,27,13,50,5,3.6503401008022798,8
1802,16,19,2,8,3.6499962386684337,11
1803,14,10,70,5,3.647042134114848,5
1804,75,14,108,6,3.6340908116173014,8
1805,19,12,94,5,3.633211636481357,7
1806,43,19,18,10,3.6267699505365183,9
1807,55,13,94,6,3.6120696685756317,7
1808,102,13,91,6,3.5942640564526322,7
1809,34,14,13,7,3.5918746626908384,7
1810,65,28,112,12,3.591244371403726,16
1811,58,13,71,6,3.5901555481142546,7
1812,97,10,95,4,3.58943247133478,6
1813,20,50,28,22,3.578415489537416,28
1814,33,12,23,5,3.5712223539857573,7
1815,81,15,3,6,3.5653849933326986,9
1816,41,25,69,9,3.5647588534800043,16
1817,64,11,33,4,3.5581108018586245,7
1818,7,90,86,38,3.5577462755235447,52
1819,28,19,36,9,3.5549996153541237,10
1820,23,13,57,6,3.554408044637193,7
1821,30,13,4,6,3.554167963462701,7
1822,28,27,76,13,3.5440767696346986,14
1823,40,65,36,28,3.5400829247343655,37
1824,88,26,69,11,3.536532050456282,15
1825,44,15,7,7,3.5352660207554516,8
1826,93,17,25,8,3.5300397889756283,9
1827,20,17,76,9,3.5278207011714735,8
1828,63,18,43,8,3.524851733785241,10
1829,16,39,17,15,3.5193037187836715,24
1830,13,75,107,35,3.512652478837216,40
1831,8,38,104,17,3.50734140656749,21
1832,49,10,33,4,3.5057518320537766,6
1833,74,16,23,7,3.505315761927058,9
1834,49,18,63,8,3.500149915800845,10
1835,50,26,9,11,3.4989626487903873,15
1836,97,36,114,16,3.4948097299506915,20
1837,62,13,36,6,3.489528327052378,7
1838,36,30,51,14,3.4874600225025074,16
1839,12,18,71,8,3.487442945948432,10
1840,25,20,70,9,3.484518115943736,11
1841,55,16,18,8,3.4810467173744706,8
1842,96,57,54,28,3.4766133859583515,29
1843,23,10,81,4,3.474530372802633,6
1844,73,14,16,7,3.4738693799097953,7
1845,74,60,5,28,3.469996146708342,32
1846,46,23,76,10,3.468954234576547,13
1847,13,32,1,13,3.4629329225242813,19
1848,106,49,51,22,3.457607975311814,27
1849,11,27,20,11,3.4556419496334594,16
1850,33,23,5,11,3.454327509177194,12
1851,37,21,23,10,3.453043705748743,11
1852,68,25,46,11,3.449465987108053,14
1853,76,28,55,11,3.4438952481653065,17
1854,60,58,40,26,3.4423663485116363,32
1855,114,29,39,14,3.441117211126096,15
1856,102,31,25,14,3.4382241991917164,17
1857,28,22,57,10,3.435107524098107,12
1858,4,12,37,5,3.421871703775507,7
1859,17,11,36,6,3.4172736451567545,5
1860,78,18,63,9,3.410846151087177,9
1861,104,26,98,14,3.4091853213510754,12
1862,55,29,84,13,3.40123055779696,16
1863,68,20,17,8,3.395638967050425,12
1864,4,13,28,6,3.3940824912486867,7
1865,73,10,104,4,3.391491099464731,6
1866,39,48,55,21,3.389422612270981,27
1867,19,13,88,6,3.388300396354987,7
1868,60,28,9,11,3.384232112219374,17
1869,36,28,55,13,3.383336577257353,15
1870,73,15,98,7,3.380055365181917,8
1871,100,13,44,6,3.3720452657314226,7
1872,107,56,55,26,3.3696189355898034,30
1873,72,11,17,5,3.366212975674707,6
1874,40,17,20,7,3.3649339637959645,10
1875,54,25,97,12,3.3648153427656755,13
1876,14,23,8,10,3.3634201583462158,13
1877,16,24,47,11,3.3618794644533074,13
1878,54,12,3,6,3.355227899021248,6
1879,88,30,70,13,3.3524090493184278,17
1880,83,10,20,5,3.3478898251644025,5
1881,40,15,91,7,3.345577169162442,8
1882,16,47,70,20,3.3445553948476245,27
1883,75,13,33,5,3.342736023465548,8
1884,54,20,98,9,3.3414082574982986,11
1885,68,13,5,6,3.3380294056441144,7
1886,71,13,76,7,3.3359186512389036,6
1887,69,12,109,5,3.3344685187765166,7
1888,41,19,50,8,3.331657114556134,11
1889,28,26,17,12,3.328116205795544,14
1890,49,18,30,8,3.318164342935082,10
1891,97,16,84,6,3.316428205809935,10
1892,60,31,75,14,3.3139158628036856,17
1893,13,22,72,11,3.3113518302442655,11
1894,86,11,66,5,3.3092941516234364,6
1895,28,12,15,6,3.3076634264923883,6
1896,28,29,48,13,3.3030143286202387,16
1897,104,60,5,28,3.3007473735225052,32
1898,57,22,41,9,3.2995392233028893,13
1899,13,86,51,41,3.2899576779579007,45
1900,87,90,107,41,3.288070496766815,49
1901,107,22,47,10,3.281473065538477,12
1902,60,49,86,22,3.275471722293173,27
1903,114,13,67,6,3.2746706512348434,7
1904,70,14,93,6,3.271451863431868,8
1905,13,12,102,4,3.269263582511039,8
1906,100,23,13,10,3.268174019577276,13
1907,13,114,7,52,3.2643026156976367,62
1908,28,56,54,25,3.2622780281799852,31
1909,76,14,95,6,3.2576515088397957,8
1910,7,24,74,9,3.257493143792888,15
1911,84,14,95,6,3.2568961944145873,8
1912,114,47,25,20,3.2540864225169766,27
1913,68,15,6,6,3.251551578791195,9
1914,41,45,16,22,3.2495789716339614,23
1915,28,11,27,4,3.2491657307621877,7
1916,68,18,8,8,3.2434866605613233,10
1917,99,25,60,11,3.2381944591027096,14
1918,16,73,8,32,3.23514626119149,41
1919,107,49,36,23,3.234838704648264,26
1920,56,10,97,5,3.231426212036921,5
1921,2,21,87,9,3.2308938185741103,12
1922,16,18,35,7,3.2305329948687067,11
1923,4,21,16,11,3.2239938149007976,10
1924,23,55,7,25,3.2229283053761675,30
1925,19,12,60,6,3.2212734189392322,6
1926,97,29,63,13,3.2191950537106915,16
1927,55,39,28,16,3.2184704312839787,23
1928,9,11,100,4,3.213107615631006,7
1929,64,19,23,9,3.212372911598019,10
1930,17,16,74,7,3.211770551027832,9
1931,50,19,97,8,3.210625734622642,11
1932,60,47,31,24,3.2094707274879264,23
1933,84,15,60,5,3.2064037329190676,10
1934,106,28,17,11,3.2039846830051117,17
1935,44,12,76,5,3.2019945343572473,7
1936,36,41,39,18,3.1998605067578225,23
1937,55,49,5,22,3.1989531771818034,27
1938,68,14,81,6,3.1985312995714845,8
1939,88,61,5,29,3.1946532218196624,32
1940,37,54,50,26,3.188335276013606,28
1941,83,25,65,12,3.1850517665827933,13
1942,43,32,7,13,3.1749602918386857,19
1943,106,25,60,10,3.171261503808182,15
1944,110,16,86,7,3.1694821197260503,9
1945,90,14,74,5,3.1680613510289204,9
1946,13,17,62,8,3.1612952767397977,9
1947,68,36,1,16,3.1610454054119037,20
1948,86,21,82,9,3.1586560919846263,12
1949,86,85,84,41,3.15758944772919,44
1950,75,23,23,12,3.1487336010920157,11
1951,112,11,43,5,3.1359235341148524,6
1952,36,11,80,5,3.115857421175661,6
1953,25,25,17,11,3.1106502600539105,14
1954,50,24,4,12,3.110559237136959,12
1955,63,91,86,38,3.106277287763664,53
1956,109,25,106,12,3.1028448270841773,13
1957,92,15,60,6,3.101629065738582,9
1958,74,13,27,7,3.1002755903304404,6
1959,99,14,68,6,3.1001036150844663,8
1960,64,10,91,4,3.0993479020870796,6
1961,49,31,86,15,3.0977725602373374,16
1962,76,26,11,11,3.0870761355979353,15
1963,45,14,87,6,3.0862202973256596,8
1964,74,11,41,6,3.0735662157516845,5
1965,75,30,25,13,3.069551733540898,17
1966,20,22,55,10,3.0673393388469985,12
1967,60,40,114,22,3.0670908685799034,18
1968,71,18,25,8,3.0644100067848146,10
1969,48,14,55,6,3.06362691776684,8
1970,71,42,86,20,3.060669361739169,22
1971,63,14,79,6,3.0585606969501526,8
1972,38,13,96,6,3.0422152322461717,7
1973,27,20,87,9,3.0371137450576833,11
1974,25,39,65,16,3.0368934823131175,23
1975,62,10,3,4,3.036878886842652,6
1976,65,16,49,7,3.034256149542809,9
1977,27,12,99,6,3.0280763102634354,6
1978,86,107,87,53,3.0145371966175083,54
1979,6,27,7,15,3.013941061604383,12
1980,7,16,29,9,3.005492860131707,7
1981,20,47,37,22,3.004985214474966,25
1982,96,14,34,6,3.0017630147825622,8
1983,4,11,69,5,2.999484176661719,6
1984,100,35,86,18,2.9989096814479637,17
1985,27,10,18,5,2.996654278290002,5
1986,38,17,60,7,2.989624968675235,10
1987,100,25,7,11,2.9877637593718034,14
1988,6,12,51,6,2.980948961210987,6
1989,84,36,106,18,2.9754739608250116,18
1990,36,32,4,13,2.9739066740354185,19
1991,2,21,37,10,2.9697580112694486,11
1992,47,11,53,5,2.9672181618537916,6
1993,25,18,57,8,2.964934950553875,10
1994,114,23,46,10,2.9631435316072405,13
1995,80,16,8,8,2.9519293865537115,8
1996,86,31,38,14,2.9478210267751117,17
1997,18,20,65,10,2.9468351166959534,10
1998,41,32,40,15,2.9467288085082743,17
1999,30,17,76,7,2.9372015853586086,10
2000,51,46,41,21,2.936364197537186,25
2001,36,20,87,8,2.935573250897663,12
2002,61,15,3,8,2.934761403571649,7
2003,8,24,100,10,2.9246971191484064,14
2004,9,31,63,14,2.9234885327226108,17
2005,104,17,3,8,2.9220117965847496,9
2006,74,82,86,39,2.921287780715151,43
2007,102,19,106,10,2.9207255392565097,9
2008,25,12,108,5,2.9132670669268244,7
2009,7,15,79,7,2.9111710091731053,8
2010,91,19,37,9,2.9050960547005245,10
2011,28,51,109,22,2.9004083862878955,29
2012,71,13,108,6,2.8992906212622866,7
2013,45,10,112,4,2.897726145007348,6
2014,44,10,70,5,2.8975248911261433,5
2015,13,71,55,33,2.8959426272282824,38
2016,75,24,74,10,2.8903655619324433,14
2017,85,11,65,5,2.888798069516538,6
2018,85,13,16,5,2.881350637135497,8
2019,57,25,51,12,2.877334539088243,13
2020,63,23,60,10,2.8746236800640075,13
2021,27,21,75,10,2.874214711599615,11
2022,87,21,69,9,2.873665118536541,12
2023,87,42,20,20,2.8691206159340576,22
2024,46,23,63,12,2.867241869896345,11
2025,15,25,65,11,2.8623549532831603,14
2026,99,11,17,5,2.8559138463200195,6
2027,39,35,104,16,2.8536678809946237,19
2028,51,18,99,9,2.853477797374065,9
2029,73,16,96,7,2.8534303980093814,9
2030,68,17,57,8,2.851869956940863,9
2031,7,27,17,12,2.851329390836829,15
2032,74,20,18,10,2.84961422222247,10
2033,97,13,33,6,2.8486496222061595,7
2034,28,13,44,7,2.8461398630992765,6
2035,23,13,104,5,2.8445076862849494,8
2036,95,19,23,9,2.8404436396815522,10
2037,89,12,60,6,2.839673113881044,6
2038,77,18,65,9,2.836180648453274,9
2039,104,33,74,14,2.8329598216365466,19
2040,53,23,81,10,2.832269045840245,13
2041,40,14,109,6,2.8243745319718676,8
2042,16,21,38,8,2.8217292489636367,13
2043,18,13,71,6,2.821320109059578,7
2044,64,13,47,5,2.8212403790572256,8
2045,39,12,98,5,2.8139572577793732,7
2046,65,17,48,7,2.813018636762518,10
2047,1,32,36,16,2.8095303452930684,16
2048,99,15,41,7,2.8081672918617278,8
2049,106,14,112,7,2.805082024542767,7
2050,29,14,54,7,2.799406704814975,7
2051,50,20,109,9,2.7980846162026616,11
2052,4,25,114,12,2.797376255941943,13
2053,9,43,86,19,2.7938250291777984,24
2054,7,26,1,12,2.7932054952385035,14
2055,100,13,36,6,2.7923934619121087,7
2056,9,15,97,8,2.7891659901703596,7
2057,28,31,91,14,2.785819668061851,17
2058,5,11,10,6,2.7716738654503197,5
2059,38,11,40,6,2.7715520430648577,5
2060,5,17,77,8,2.765837567194589,9
2061,86,79,8,39,2.762520741926733,40
2062,18,31,60,14,2.7592417090229198,17
2063,38,12,19,4,2.7513058656159664,8
2064,63,23,112,11,2.746965390570722,12
2065,97,22,104,11,2.7396377781056174,11
2066,99,12,63,6,2.7377253409939364,6
2067,65,50,106,23,2.735321183024918,27
2068,75,12,34,6,2.7327928404854553,6
2069,55,53,88,22,2.721264805593774,31
2070,104,31,70,14,2.720810924975006,17
2071,11,50,28,24,2.7199624016130106,26
2072,95,11,80,5,2.7197438471090796,6
2073,49,16,70,8,2.713121422106841,8
2074,12,14,18,6,2.7036570911929863,8
2075,11,40,88,18,2.687792397272841,22
2076,65,40,71,17,2.686780335165667,23
2077,13,11,35,5,2.684594978225239,6
2078,90,17,17,9,2.680753861205159,8
2079,39,25,5,12,2.679132217269287,13
2080,25,17,44,8,2.673535476281759,9
2081,95,18,75,8,2.672802736686619,10
2082,114,25,74,12,2.666972342657447,13
2083,19,13,98,7,2.664848401043938,6
2084,7,49,27,23,2.6647214457148465,26
2085,47,10,76,7,2.6595736051653853,3
2086,74,13,91,6,2.658254293210725,7
2087,92,29,88,13,2.6541256559252315,16
2088,57,13,36,5,2.6531160901053807,8
2089,53,48,65,23,2.651912649859134,25
2090,30,24,8,11,2.6514132136935467,13
2091,23,43,86,20,2.6484576158238533,23
2092,30,21,37,9,2.6448172779185537,12
2093,16,60,5,25,2.6435184456824317,35
2094,33,14,95,6,2.641545389608455,8
2095,54,15,72,7,2.6412935569868567,8
2096,10,10,106,3,2.639964127087712,7
2097,110,13,54,6,2.63588490299345,7
2098,17,30,39,13,2.6347382750427313,17
2099,15,10,11,5,2.6300755291525655,5
2100,91,36,86,17,2.627461430980282,19
2101,11,12,41,4,2.61594797809933,8
2102,75,28,64,13,2.6143964254367047,15
2103,76,13,2,5,2.6134640032331116,8
2104,11,16,40,7,2.6127959858163616,9
2105,93,20,86,9,2.6126285193850958,11
2106,40,29,1,13,2.608102727316189,16
2107,16,88,13,39,2.6067748107809505,49
2108,85,25,107,12,2.601380149286502,13
2109,36,23,91,10,2.600483205457648,13
2110,40,19,27,11,2.5947052105553365,8
2111,39,23,31,10,2.5934090452929373,13
2112,1,10,109,5,2.5929606771402254,5
2113,71,25,87,12,2.5901035214218346,13
2114,87,21,62,10,2.586304566496697,11
2115,104,50,7,23,2.5854072339864183,27
2116,69,14,71,7,2.5823526075537777,7
2117,94,21,107,8,2.5762275157795074,13
2118,69,13,3,5,2.5732249505733895,8
2119,54,49,51,23,2.5667721144959503,26
2120,50,50,107,24,2.5656690703128167,26
2121,92,13,87,6,2.565186954563254,7
2122,28,43,51,21,2.5635290356109595,22
2123,83,10,63,6,2.557624644664858,4
2124,86,14,14,7,2.5565201304900333,7
2125,51,16,83,6,2.5563009225954785,10
2126,73,19,1,8,2.55342910039073,11
2127,7,74,36,34,2.5493587507973596,40
2128,64,20,38,9,2.5449420802693483,11
2129,52,13,16,6,2.542332195506542,7
2130,63,35,11,14,2.539597707853179,21
2131,111,11,60,4,2.535604443502029,7
2132,39,50,60,24,2.5355246842136103,26
2133,20,20,95,9,2.532527406942274,11
2134,87,27,64,13,2.5304532187422586,14
2135,36,33,9,15,2.5279240780374668,18
2136,8,45,51,21,2.5271962911391,24
2137,39,18,4,8,2.5267698999647226,10
2138,39,32,50,15,2.5245695496572065,17
2139,80,34,54,17,2.5244394841569355,17
2140,12,15,36,7,2.516319942513749,8
2141,75,43,55,18,2.5125301308500267,25
2142,86,98,28,44,2.5098537232818274,54
2143,34,30,107,13,2.5096553899166287,17
2144,106,37,96,16,2.50842381050559,21
2145,88,70,51,36,2.506363518676434,34
2146,37,18,109,8,2.501013404341532,10
2147,65,20,3,9,2.497136850038322,11
2148,18,11,111,5,2.4899108726358863,6
2149,95,30,39,14,2.481130681096554,16
2150,7,61,9,30,2.475604646115282,31
2151,4,17,81,7,2.4678124777063273,10
2152,87,40,74,18,2.4671563114027473,22
2153,74,17,69,9,2.4664972820824542,8
2154,54,10,27,5,2.4638694969344774,5
2155,88,72,107,32,2.4608917089958973,40
2156,28,20,3,9,2.4595531898392906,11
2157,32,10,50,6,2.444054190716271,4
2158,96,31,88,15,2.4406464912019903,16
2159,12,18,86,8,2.4382543520920796,10
2160,55,39,106,17,2.438139246666604,22
2161,107,37,64,18,2.435414553814307,19
2162,14,19,51,7,2.4338441230915158,12
2163,91,20,75,13,2.432369433261267,7
2164,34,18,17,8,2.4265857697933284,10
2165,60,22,1,10,2.423776138406996,12
2166,109,11,99,5,2.4195174025010595,6
2167,107,46,25,22,2.4187485647838765,24
2168,94,17,54,8,2.418369665890047,9
2169,71,35,39,16,2.4158892555534424,19
2170,65,11,92,5,2.4112859752548714,6
2171,8,33,93,16,2.4111455321691304,17
2172,47,24,51,12,2.409457368099758,12
2173,68,21,38,9,2.4070210829507572,12
2174,9,18,69,8,2.405000245398061,10
2175,20,26,80,12,2.4033351571638564,14
2176,78,20,60,10,2.4024308351348855,10
2177,56,10,8,4,2.40008605471798,6
2178,46,38,28,16,2.3990178798165633,22
2179,29,22,87,9,2.39272206443853,13
2180,17,17,63,8,2.3925163886016922,9
2181,83,22,87,11,2.390357141943488,11
2182,111,12,8,6,2.390343846489095,6
2183,104,40,95,18,2.3890342183876085,22
2184,4,21,71,8,2.3871750117365993,13
2185,96,25,104,11,2.3866419839158346,14
2186,88,54,28,24,2.38416548107238,30
2187,75,13,56,5,2.3840139649043497,8
2188,8,23,17,11,2.3808090982416816,12
2189,71,40,107,17,2.3760609676092463,23
2190,7,106,68,49,2.372479004873661,57
2191,8,55,96,25,2.371439357092425,30
2192,50,19,112,8,2.3689643473531756,11
2193,40,24,50,10,2.3671440474550507,14
2194,7,19,70,7,2.364945757295021,12
2195,63,46,39,18,2.3626947638130473,28
2196,99,23,5,11,2.3616219022642833,12
2197,8,51,11,23,2.3603163454829668,28
2198,96,14,109,6,2.3566759619593642,8
2199,39,48,49,21,2.353804446492823,27
2200,4,36,31,15,2.3535355966794667,21
2201,107,58,37,27,2.3520883092822165,31
2202,51,71,107,30,2.344014195106718,41
2203,6,13,50,6,2.3414923323310646,7
2204,29,16,86,7,2.3399676619619445,9
2205,68,84,13,38,2.3316015540193082,46
2206,25,28,53,14,2.3301510854690854,14
2207,16,20,29,10,2.329592750683847,10
2208,109,51,5,25,2.3285813949081655,26
2209,50,23,64,11,2.3285304422785047,12
2210,104,21,102,11,2.320627297470276,10
2211,3,26,60,12,2.318286691403535,14
2212,88,32,91,15,2.315767764685104,17
2213,109,17,48,8,2.306624480190798,9
2214,58,12,50,6,2.3033767529431137,6
2215,109,22,102,10,2.3031948555261113,12
2216,23,13,109,6,2.301790643179129,7
2217,86,21,32,10,2.2989864902239003,11
2218,68,16,109,6,2.2985123206238915,10
2219,97,33,65,15,2.2943542233121987,18
2220,100,24,5,11,2.2932427434044684,13
2221,114,18,45,8,2.292094813707232,10
2222,106,13,4,7,2.287883468044352,6
2223,37,46,74,22,2.283869095408045,24
2224,63,38,114,15,2.2836807270192585,23
2225,88,20,35,10,2.2787018333731495,10
2226,80,16,71,8,2.275392383804814,8
2227,61,10,31,5,2.2696136748473603,5
2228,28,66,96,31,2.267406944603933,35
2229,85,12,7,5,2.2672729351147445,7
2230,106,45,88,19,2.2639858690375614,26
2231,95,30,25,14,2.25397314365567,16
2232,69,13,20,6,2.253225234520165,7
2233,41,14,54,7,2.251101436056138,7
2234,13,88,65,40,2.248793724489893,48
2235,88,38,4,18,2.2459217004175493,20
2236,70,10,27,5,2.243263258457552,5
2237,7,18,11,8,2.239320590268621,10
2238,11,48,107,22,2.2393145605224527,26
2239,87,35,104,18,2.2393020839894087,17
2240,68,25,70,12,2.2334926025833988,13
2241,90,16,25,7,2.2261576936837058,9
2242,34,18,16,8,2.225189084516706,10
2243,88,11,33,6,2.22422094342155,5
2244,98,13,99,7,2.2212581677933785,6
2245,112,11,8,6,2.2144684353504553,5
2246,8,84,55,42,2.2123521211081862,42
2247,5,50,96,22,2.2114271922507607,28
2248,60,63,88,28,2.2053487740970454,35
2249,107,50,106,24,2.1993074270722803,26
2250,62,20,39,10,2.1906158630571078,10
2251,31,10,54,5,2.186668926147148,5
2252,8,64,74,28,2.186622040651489,36
2253,65,12,94,5,2.184333051857134,7
2254,63,26,70,12,2.1813121472430437,14
2255,84,16,93,8,2.173203038685072,8
2256,33,11,39,5,2.170155887452032,6
2257,86,75,54,36,2.1689438842347455,39
2258,16,31,84,15,2.166724934437137,16
2259,88,14,74,5,2.165363961250821,9
2260,102,22,74,10,2.1384304011801047,12
2261,49,53,13,26,2.134402292657327,27
2262,34,13,76,7,2.1338119769299593,6
2263,35,16,43,8,2.1256405181906697,8
2264,37,26,84,12,2.124049904647881,14
2265,94,13,69,6,2.120651277389855,7
2266,53,11,70,5,2.117480208536356,6
2267,65,38,37,19,2.116557677432621,19
2268,1,20,64,10,2.1164326209593654,10
2269,74,12,33,6,2.113811361820999,6
2270,77,10,3,4,2.1078393954054353,6
2271,83,34,55,17,2.0962093979720215,17
2272,97,22,8,11,2.094799206270941,11
2273,17,12,91,5,2.0932516032559634,7
2274,74,47,65,23,2.0847963525870914,24
2275,28,55,65,25,2.0838082258755595,30
2276,82,10,63,5,2.077975861296688,5
2277,86,45,90,20,2.0574221764428238,25
2278,65,31,80,15,2.0509198465423397,16
2279,39,32,11,15,2.0483405528854366,17
2280,93,21,88,9,2.047097578055209,12
2281,64,31,39,14,2.043169723980909,17
2282,40,63,51,30,2.042925681102903,33
2283,18,34,51,17,2.042743355152735,17
2284,90,24,60,10,2.0397275719261816,14
2285,86,20,108,11,2.0383331764650165,9
2286,12,21,39,10,2.036046827182587,11
2287,100,19,74,9,2.03594794458151,10
2288,89,14,88,7,2.0354634990614118,7
2289,58,12,63,7,2.0345686518653676,5
2290,55,11,79,5,2.0315889229013426,6
2291,91,14,114,7,2.0312426341433967,7
2292,32,11,13,5,2.026181507027534,6
2293,75,30,87,14,2.0247725005088753,16
2294,8,36,90,16,2.0194647820717804,20
2295,100,11,15,4,2.018226399829263,7
2296,83,22,97,12,2.007636873207567,10
2297,16,87,28,40,2.003836691762287,47
2298,69,24,7,12,1.9945381002011566,12
2299,104,15,112,7,1.99393597279257,8
2300,13,38,50,18,1.9937674166002914,20
2301,70,55,86,25,1.9917052888221574,30
2302,53,19,4,9,1.987694792892671,10
2303,28,38,25,16,1.9833898911599184,22
2304,95,28,53,11,1.9769373995573185,17
2305,64,15,15,8,1.9745380862871305,7
2306,41,18,76,10,1.9724048364464457,8
2307,50,11,35,5,1.9581460146246747,6
2308,78,12,71,6,1.95458083263832,6
2309,36,34,64,17,1.9485056781764598,17
2310,25,20,55,9,1.9429576796619945,11
2311,23,14,31,6,1.9392936999416424,8
2312,110,13,104,5,1.9388474450810558,8
2313,32,10,98,5,1.9380052263831626,5
2314,108,29,107,14,1.93594750712145,15
2315,20,19,30,9,1.9352963119709488,10
2316,23,14,97,7,1.9330528734436567,7
2317,87,38,84,18,1.9318820493391857,20
2318,70,19,40,8,1.9276789997691202,11
2319,65,38,12,19,1.9245614546210965,19
2320,114,56,86,27,1.9239569797033826,29
2321,114,21,18,10,1.923577249757446,11
2322,80,25,28,12,1.9225523112040792,13
2323,53,43,64,20,1.921457820047301,23
2324,70,21,41,11,1.919847111480952,10
2325,99,11,76,6,1.9173589523208343,5
2326,97,32,106,16,1.9159665785715099,16
2327,110,11,17,5,1.9155371371930665,6
2328,14,13,88,6,1.902096229341471,7
2329,43,29,65,15,1.9015147557652614,14
2330,108,25,51,12,1.9002486171144384,13
2331,20,35,106,16,1.890590591428699,19
2332,25,23,64,11,1.8857238852847684,12
2333,2,41,8,20,1.8848654476169697,21
2334,27,40,68,18,1.8804967014192906,22
2335,8,14,79,8,1.8787453444383122,6
2336,13,22,78,10,1.87861245836491,12
2337,107,48,68,22,1.8731227489747677,26
2338,17,26,54,13,1.867393134138254,13
2339,37,95,5,46,1.8654288703425719,49
2340,38,25,13,13,1.856740998480053,12
2341,87,61,106,30,1.856632619724249,31
2342,53,22,97,10,1.849246682219108,12
2343,13,30,17,14,1.8483382768762247,16
2344,114,30,20,14,1.8395405662544742,16
2345,84,38,96,19,1.8356486827006797,19
2346,39,30,3,15,1.830220006872888,15
2347,54,20,49,10,1.829154265922774,10
2348,74,29,13,14,1.8278354237299064,15
2349,106,11,3,5,1.8270221877820192,6
2350,44,13,114,6,1.8263733365516701,7
2351,102,13,99,6,1.8212893413036875,7
2352,71,11,109,5,1.8196417828202216,6
2353,68,21,78,10,1.81761013192436,11
2354,79,18,28,8,1.8130893193426152,10
2355,40,18,111,9,1.8104998545748818,9
2356,36,22,25,11,1.8071440138268557,11
2357,8,65,28,30,1.8060421386611976,35
2358,27,15,43,8,1.8001576129442611,7
2359,28,13,78,7,1.7847545033254388,6
2360,37,25,90,12,1.7816453937181782,13
2361,102,13,84,6,1.779322402529277,7
2362,104,62,16,29,1.778027708852634,33
2363,109,21,76,11,1.7708841969163662,10
2364,88,11,110,6,1.7642228121429866,5
2365,15,13,20,6,1.759070149742339,7
2366,84,26,70,12,1.7530345342228948,14
2367,4,31,68,15,1.751066192618154,16
2368,97,38,107,19,1.7507246476170455,19
2369,60,33,36,16,1.7416473627060747,17
2370,18,11,6,5,1.7414584600944751,6
2371,8,26,23,13,1.7400762718841152,13
2372,36,37,88,16,1.7392851936744347,21
2373,88,22,81,10,1.7392542924502719,12
2374,46,51,5,23,1.7323776092910628,28
2375,70,19,75,10,1.7314858975507377,9
2376,60,14,11,7,1.72978393860355,7
2377,50,13,12,8,1.7279667161947851,5
2378,1,31,107,15,1.727430404235514,16
2379,83,11,50,6,1.7272952536822097,5
2380,63,15,45,7,1.7260545689947924,8
2381,16,19,45,8,1.7223541453977003,11
2382,9,46,40,21,1.71485959208228,25
2383,54,40,7,19,1.7088310244062668,21
2384,19,10,65,4,1.7065840533404568,6
2385,107,10,72,5,1.7053543654591343,5
2386,48,10,37,5,1.7035937503192145,5
2387,20,16,102,8,1.6989391239814933,8
2388,36,15,23,9,1.6972875274185721,6
2389,51,25,23,12,1.6961813528047331,13
2390,7,74,40,33,1.6955910385318638,41
2391,9,23,46,10,1.6945658865661515,13
2392,68,34,106,16,1.687950689096679,18
2393,50,18,69,10,1.686362400438779,8
2394,54,29,114,15,1.6786165794472776,14
2395,17,44,51,22,1.6728455376724483,22
2396,45,28,31,13,1.6710870406691087,15
2397,51,67,68,34,1.6709695858049134,33
2398,87,49,28,24,1.6675925043761943,25
2399,43,13,109,6,1.6656590774439002,7
2400,107,32,17,15,1.6568754180103666,17
2401,36,23,68,11,1.6511686348202657,12
2402,69,10,39,5,1.644395797770094,5
2403,38,12,80,5,1.6400661445963558,7
2404,7,78,41,38,1.6316845641232849,40
2405,39,19,96,8,1.6315253594413592,11
2406,79,15,107,6,1.6267301484362862,9
2407,112,20,9,10,1.6257132685716438,10
2408,16,41,114,18,1.6232837485706129,23
2409,70,13,43,6,1.6071210379776917,7
2410,30,12,35,6,1.603184870407584,6
2411,99,18,30,8,1.5949338139614577,10
2412,64,10,90,5,1.5921132093044654,5
2413,2,15,25,8,1.5845186001024008,7
2414,85,28,86,13,1.581828832446797,15
2415,55,22,90,12,1.578656952498874,10
2416,109,57,86,27,1.5778514373799306,30
2417,60,25,46,12,1.5735893742532674,13
2418,40,58,88,27,1.5715316879527905,31
2419,58,12,43,6,1.5653312346763884,6
2420,9,14,111,7,1.5621342613374551,7
2421,97,12,100,6,1.5601199386945834,6
2422,86,50,30,25,1.5573237823378583,25
2423,104,23,83,10,1.5563880557352996,13
2424,106,15,14,8,1.5523885439078582,7
2425,16,27,111,12,1.5488999004290867,15
2426,11,26,74,12,1.5483769164487977,14
2427,57,12,43,4,1.547683226037978,8
2428,88,33,109,15,1.5470592807301102,18
2429,112,13,19,6,1.5451118260221106,7
2430,30,25,68,13,1.540357950667601,12
2431,51,52,60,22,1.5379585605411303,30
2432,97,25,46,12,1.5379422598602892,13
2433,107,22,112,10,1.5365255025501943,12
2434,13,23,45,11,1.536281477648622,12
2435,107,32,46,16,1.5343792707290018,16
2436,29,13,53,5,1.5317670028644748,8
2437,55,12,27,6,1.5257417717738173,6
2438,1,34,88,17,1.5234508852206479,17
2439,35,14,37,7,1.523131742310598,7
2440,63,93,65,45,1.5218481112400881,48
2441,57,39,16,19,1.5204759853178733,20
2442,43,12,8,6,1.5194230889621367,6
2443,39,39,28,19,1.5153571896545739,20
2444,46,12,55,5,1.5148590180899557,7
2445,60,62,16,30,1.5124094579213392,32
2446,28,63,5,31,1.5122016375527902,32
2447,50,17,108,9,1.5013768012598343,8
2448,86,28,57,12,1.49494772059326,16
2449,17,13,112,6,1.4911982516586844,7
2450,4,59,13,27,1.4911690163054754,32
2451,87,51,54,23,1.4805638305796738,28
2452,61,15,13,8,1.4797550252097438,7
2453,73,15,63,8,1.4760785674332926,7
2454,11,17,32,9,1.4729852723414754,8
2455,86,32,2,16,1.4682447143488935,16
2456,57,13,40,6,1.4659794198664808,7
2457,112,16,23,7,1.4656028868993851,9
2458,65,61,68,29,1.4611429296521303,32
2459,31,21,47,10,1.4606130980712668,11
2460,86,64,55,30,1.4599929257917066,34
2461,25,23,83,10,1.4597201880554966,13
2462,20,15,93,8,1.4584347045217758,7
2463,8,16,38,8,1.4562520429495758,8
2464,50,16,89,7,1.4560158637801317,9
2465,11,25,13,12,1.4555242943364795,13
2466,53,30,55,14,1.4538038424746393,16
2467,46,62,88,31,1.4519317579443412,31
2468,106,55,63,27,1.4485566818099482,28
2469,38,14,30,8,1.4430439721156862,6
2470,39,20,70,9,1.4424153371414083,11
2471,20,21,97,11,1.439527960881874,10
2472,50,28,25,14,1.4391705454909012,14
2473,41,48,107,21,1.4315677718498427,27
2474,65,70,41,31,1.4285809086277084,39
2475,43,20,87,10,1.4273382250462692,10
2476,34,10,29,5,1.4253595347909926,5
2477,36,35,45,19,1.423273124508123,16
2478,15,22,60,10,1.4197687048169967,12
2479,12,16,40,8,1.4120822666164417,8
2480,70,17,95,9,1.4011695857654913,8
2481,19,15,15,7,1.400501355553707,8
2482,75,12,44,5,1.399837377533035,7
2483,16,10,56,4,1.3984899579645478,6
2484,91,13,9,6,1.3946381880594532,7
2485,7,15,83,6,1.3943529604549396,9
2486,44,25,16,13,1.3924747988210242,12
2487,43,13,37,7,1.3915535608538905,6
2488,36,11,29,6,1.3837445576600587,5
2489,50,41,11,19,1.3816262941644981,22
2490,95,31,7,14,1.3809406634768675,17
2491,106,30,41,15,1.3806292559177733,15
2492,6,11,69,6,1.3727715082405263,5
2493,75,10,48,5,1.3711471542080278,5
2494,90,11,76,6,1.3711097869836062,5
2495,27,13,23,7,1.3665703255989456,6
2496,51,16,29,8,1.3639480923964846,8
2497,25,26,30,14,1.363384718034577,12
2498,107,39,70,20,1.3599998705907188,19
2499,68,19,19,10,1.3561905190334247,9
2500,97,37,88,18,1.349074362930903,19
2501,84,17,90,8,1.3434141546201468,9
2502,71,48,7,25,1.3388864417450883,23
2503,8,66,37,32,1.3357403383797626,34
2504,61,13,65,7,1.327965247882516,6
2505,60,25,109,12,1.3235251021634884,13
2506,16,30,80,14,1.3220466579095416,16
2507,74,18,80,9,1.3199661328668575,9
2508,3,17,55,8,1.3172267439478242,9
2509,10,16,8,7,1.3145513780375315,9
2510,32,12,51,6,1.314434714983352,6
2511,37,12,108,6,1.3047215727540855,6
2512,70,11,102,7,1.3043211125718095,4
2513,5,44,13,21,1.302350985374302,23
2514,87,57,88,30,1.2972492664863855,27
2515,65,43,60,18,1.292557414516089,25
2516,2,22,74,10,1.2925512141562505,12
2517,11,17,102,9,1.2862551218754514,8
2518,97,20,109,10,1.283406905257821,10
2519,50,30,51,15,1.277023353905357,15
2520,50,27,65,13,1.2644687002361983,14
2521,55,26,99,12,1.2605449554949548,14
2522,68,45,63,22,1.2529349748796308,23
2523,16,22,33,9,1.250719949272024,13
2524,109,30,16,15,1.2499451161124784,15
2525,23,11,48,5,1.2484887739294386,6
2526,65,10,89,5,1.246766687204138,5
2527,1,10,71,4,1.2456643982922146,6
2528,85,15,68,6,1.2449251184472654,9
2529,114,16,15,8,1.2433363941042057,8
2530,104,12,43,5,1.2430962980218274,7
2531,107,30,4,15,1.2387516471106226,15
2532,71,25,31,12,1.2380158081615504,13
2533,63,16,95,8,1.233969730193377,8
2534,71,26,9,12,1.2262156519313812,14
2535,98,11,74,5,1.2137114800422117,6
2536,64,42,88,19,1.2118692904336819,23
2537,25,33,97,16,1.211209753293348,17
2538,63,44,7,18,1.2086828652803667,26
2539,16,51,74,24,1.19895248847691,27
2540,25,25,109,12,1.1927554377225935,13
2541,65,21,84,11,1.1865836314134657,10
2542,69,17,43,8,1.1823687630105753,9
2543,88,42,49,20,1.178560438139782,22
2544,84,30,54,14,1.1752338053025546,16
2545,76,29,87,13,1.173923997825125,16
2546,47,16,27,7,1.1658557312566065,9
2547,109,26,84,12,1.1610711079523313,14
2548,9,26,58,12,1.1451265480110815,14
2549,60,73,71,35,1.1360670304013205,38
2550,23,47,16,22,1.133588423461974,25
2551,36,26,106,13,1.1307287364062801,13
2552,3,26,31,14,1.130409883055894,12
2553,33,13,114,7,1.1286658148323794,6
2554,61,18,88,10,1.1254133453483963,8
2555,7,85,65,44,1.1151148094385754,41
2556,63,47,40,22,1.1085655861732644,25
2557,73,13,55,6,1.1082443575059586,7
2558,91,12,47,6,1.1047106963660296,6
2559,40,19,45,9,1.1043531225931202,10
2560,96,18,2,9,1.1039761816908797,9
2561,70,39,106,20,1.1024614638047308,19
2562,77,11,17,5,1.1006600247668523,6
2563,54,16,33,7,1.1000953180608282,9
2564,14,16,11,7,1.0923565448715802,9
2565,40,13,74,6,1.0901529369074687,7
2566,64,19,97,9,1.0748997556854092,10
2567,68,48,9,23,1.0746763617541826,25
2568,67,20,37,9,1.0707700527635258,11
2569,106,12,66,5,1.070759127853136,7
2570,19,20,16,10,1.0669030303438123,10
2571,70,55,8,27,1.0665028298167964,28
2572,8,43,20,21,1.064860256583808,22
2573,104,30,109,15,1.0638658496000608,15
2574,48,15,13,7,1.0613216453157561,8
2575,18,35,87,16,1.0595333397572304,19
2576,20,18,48,8,1.0556464172960105,10
2577,16,37,40,17,1.0479395774839413,20
2578,20,32,13,16,1.0473604323868067,16
2579,54,28,102,14,1.0470828148001607,14
2580,114,19,69,8,1.0427404151557151,11
2581,90,21,88,11,1.0373159148886417,10
2582,54,88,65,42,1.035330745536818,46
2583,45,14,3,7,1.0349134798027078,7
2584,35,22,7,11,1.0299988339542105,11
2585,11,41,87,22,1.027110181689243,19
2586,63,20,44,9,1.0233184771026502,11
2587,19,17,39,9,1.0227255734410843,8
2588,70,10,33,5,1.0222975969230632,5
2589,86,65,13,33,1.019501673559692,32
2590,98,28,107,14,1.0170960211152535,14
2591,27,17,8,9,1.0060239190851215,8
2592,13,43,75,20,1.005364432264769,23
2593,114,11,93,6,1.004990658958168,5
2594,114,39,7,18,1.0047894280060632,21
2595,37,37,17,16,0.9978108601802018,21
2596,9,13,30,6,0.9935090532750582,7
2597,23,17,111,10,0.9902411232186314,7
2598,27,44,107,21,0.9873470719210116,23
2599,64,14,100,6,0.9873146869937531,8
2600,88,20,38,8,0.986482869291226,12
2601,87,53,51,26,0.9813193495830117,27
2602,8,67,54,35,0.9788096362147576,32
2603,50,29,17,13,0.9785385252670544,16
2604,51,33,31,14,0.9782499075201472,19
2605,49,24,17,10,0.9759498596955533,14
2606,107,65,5,32,0.9748363761521144,33
2607,79,11,88,5,0.9736004729947267,6
2608,114,26,17,11,0.9721557918960149,15
2609,53,40,51,20,0.9719493528973242,20
2610,14,16,87,7,0.9719183858987279,9
2611,37,50,51,27,0.9710667257210692,23
2612,102,30,114,14,0.9680544759122783,16
2613,68,21,77,10,0.9663968041399816,11
2614,80,10,17,6,0.9638999099498463,4
2615,30,26,51,12,0.9638359516152135,14
2616,104,38,106,19,0.9604760273979323,19
2617,106,11,103,6,0.9583580547252424,5
2618,87,55,39,26,0.9563895319312767,29
2619,14,14,5,6,0.9561035605846475,8
2620,3,32,68,15,0.9527649253755339,17
2621,63,23,53,11,0.9461903574638922,12
2622,86,20,34,9,0.9430547193197467,11
2623,112,13,114,7,0.9421647262329379,6
2624,47,33,39,16,0.9409236558902792,17
2625,7,10,108,4,0.9385265901557563,6
2626,30,14,48,6,0.9354845317821151,8
2627,9,38,39,20,0.9320441987636028,18
2628,102,11,83,5,0.9259324073609744,6
2629,33,17,86,9,0.9246066959077469,8
2630,13,48,28,23,0.9195156167445404,25
2631,75,27,114,13,0.9181862737012574,14
2632,13,20,33,10,0.918120505460343,10
2633,106,100,86,49,0.9173221659807225,51
2634,114,12,11,5,0.9147560322473872,7
2635,39,18,48,8,0.9127145579388772,10
2636,43,17,50,7,0.911659904777202,10
2637,36,35,75,19,0.9076169876586753,16
2638,23,13,3,6,0.9036934098771335,7
2639,64,41,68,18,0.9029247023462412,23
2640,84,17,79,9,0.9012801816556621,8
2641,68,17,74,7,0.9001065237726507,10
2642,8,24,48,11,0.8990865709573224,13
2643,8,76,88,37,0.8933115574955768,39
2644,60,17,83,8,0.8851626447494981,9
2645,77,21,4,10,0.8810684428976758,11
2646,37,21,57,10,0.8778160008276704,11
2647,84,17,91,8,0.8755346549877653,9
2648,111,47,68,24,0.8746288393374696,23
2649,7,27,49,15,0.8744069756975954,12
2650,80,33,86,16,0.8727199174341318,17
2651,55,21,71,9,0.863684832703073,12
2652,10,10,114,4,0.8617397018011257,6
2653,107,56,60,27,0.8615352019186363,29
2654,85,13,17,6,0.8598477976037174,7
2655,13,69,60,31,0.8542848964811729,38
2656,9,24,3,12,0.8521077531046838,12
2657,39,13,102,6,0.8492100400200487,7
2658,71,28,63,13,0.8479499084443569,15
2659,62,11,50,5,0.8451062062670078,6
2660,50,56,86,29,0.8444740252545996,27
2661,28,23,30,12,0.8403239904216823,11
2662,86,80,20,38,0.8301074964710538,42
2663,2,16,46,8,0.8285194662826778,8
2664,29,12,106,6,0.8264692442725535,6
2665,28,48,37,24,0.8263140292594408,24
2666,60,47,53,24,0.8237632801343029,23
2667,7,57,18,29,0.8231688841647112,28
2668,28,15,19,7,0.8170499543660485,8
2669,96,58,107,27,0.8081270899904945,31
2670,84,31,50,16,0.8064114901977948,15
2671,56,14,40,7,0.8062835825274064,7
2672,41,64,13,32,0.7981708572669713,32
2673,2,22,88,11,0.7956469041111237,11
2674,87,28,46,15,0.7941915016238118,13
2675,4,18,104,10,0.7872554057904764,8
2676,9,17,34,8,0.77910514985876,9
2677,88,37,20,19,0.7774406960445003,18
2678,87,22,99,10,0.7762165713325069,12
2679,97,20,93,10,0.7717644600090583,10
2680,33,15,104,8,0.7704375614853092,7
2681,16,40,112,19,0.7567380050399233,21
2682,87,14,17,7,0.7509341405124581,7
2683,3,20,71,10,0.744611540631482,10
2684,46,24,84,11,0.744605770354001,13
2685,36,13,74,5,0.7437175733038444,8
2686,25,24,15,13,0.7394428200536315,11
2687,13,60,39,30,0.7375803753367649,30
2688,78,11,55,6,0.7363999336150038,5
2689,40,77,86,36,0.7352757671814381,41
2690,95,41,5,21,0.731606653431554,20
2691,61,18,40,9,0.7154895706830828,9
2692,82,13,28,7,0.7153587234866209,6
2693,13,17,96,8,0.7114671477918352,9
2694,76,25,8,13,0.7077738529790866,12
2695,18,23,104,13,0.701208945227421,10
2696,38,11,91,5,0.7003822911270713,6
2697,57,11,95,4,0.6989616542578664,7
2698,8,41,39,21,0.6937986397009377,20
2699,7,73,39,37,0.6920867889114359,36
2700,29,17,38,8,0.6873786981327397,9
2701,18,19,25,10,0.6816652439852776,9
2702,50,24,114,11,0.6812811811945304,13
2703,54,67,16,34,0.6682295554685945,33
2704,37,40,114,18,0.6680388190804037,22
2705,1,10,62,5,0.6629322217278115,5
2706,63,38,50,18,0.6599709375930062,20
2707,64,15,108,8,0.6582287703496978,7
2708,41,27,1,12,0.6450987397179471,15
2709,19,10,41,5,0.6436819633006727,5
2710,98,16,50,8,0.6426219058041094,8
2711,25,25,41,14,0.6394054706376684,11
2712,111,17,36,8,0.6365354853619557,9
2713,4,28,64,13,0.6316212138641686,15
2714,87,22,47,11,0.6305382362810187,11
2715,11,11,97,6,0.6269874474505769,5
2716,50,63,54,31,0.6257662884110836,32
2717,36,33,71,17,0.6241330409639582,16
2718,87,30,109,14,0.623370758412541,16
2719,51,58,55,29,0.6228899757373463,29
2720,76,30,96,14,0.6223340675935091,16
2721,3,14,57,7,0.6219971685158584,7
2722,31,22,58,11,0.6168553703735019,11
2723,43,20,114,11,0.6074470201565788,9
2724,91,16,70,7,0.6063303701253773,9
2725,63,15,34,7,0.6010869874219945,8
2726,71,32,106,15,0.6009609652453856,17
2727,61,10,86,5,0.5990640749995453,5
2728,30,24,40,12,0.5893402617113984,12
2729,76,13,36,4,0.5885035889042722,9
2730,64,15,17,8,0.5824319192017166,7
2731,106,46,76,25,0.577289694916291,21
2732,23,12,53,6,0.5700661218932129,6
2733,75,51,65,26,0.5689430318120555,25
2734,40,10,94,5,0.5678516928680516,5
2735,29,10,108,5,0.5615423900676226,5
2736,11,11,27,6,0.5615364354397145,5
2737,97,31,2,15,0.5614740846174435,16
2738,83,10,2,5,0.5594397265150824,5
2739,5,49,54,23,0.5526115688513309,26
2740,92,17,7,7,0.5480230211986101,10
2741,104,55,13,27,0.5474902747445213,28
2742,98,27,16,13,0.5462850233229243,14
2743,64,29,54,15,0.5456745481805155,14
2744,87,14,6,7,0.5451369775684941,7
2745,106,10,1,5,0.539652861011431,5
2746,28,19,33,8,0.5377400393884932,11
2747,87,51,55,25,0.5274998846136414,26
2748,65,19,102,8,0.5234012572749034,11
2749,73,19,28,10,0.5214155246375574,9
2750,43,17,25,10,0.5197036131496171,7
2751,8,45,65,22,0.517695585596627,23
2752,15,33,16,18,0.5165041631650911,15
2753,106,68,28,33,0.5161436710076662,35
2754,41,11,90,6,0.513841479320257,5
2755,114,11,38,6,0.5127819422302534,5
2756,4,18,9,9,0.5118055197130339,9
2757,49,12,97,5,0.510198270023406,7
2758,51,22,71,11,0.5066228412969123,11
2759,23,10,9,5,0.5053397207394539,5
2760,60,53,68,25,0.5052462395149946,28
2761,18,29,41,15,0.5040827449695365,14
2762,90,13,91,6,0.5003235284827323,7
2763,88,35,31,18,0.4999807976090588,17
2764,5,59,87,29,0.4991669720547012,30
2765,5,39,63,22,0.49187190353271276,17
2766,107,81,28,38,0.4903077218319155,43
2767,57,14,104,5,0.4845128262229356,9
2768,37,17,62,10,0.47941613349669066,7
2769,95,28,74,13,0.47842550860281996,15
2770,75,31,41,14,0.47837138213253816,17
2771,25,51,39,26,0.4759465051184244,25
2772,37,13,69,6,0.4741041536564538,7
2773,113,11,86,6,0.46954311123939263,5
2774,65,54,31,26,0.46913887469692744,28
2775,104,32,68,15,0.4623896750421225,17
2776,68,50,86,26,0.4594752304197302,24
2777,87,16,111,8,0.45897322341286445,8
2778,107,81,8,37,0.451577946955366,44
2779,62,13,55,7,0.4490302976953222,6
2780,80,11,9,7,0.4439834453330457,4
2781,90,15,11,7,0.4409004522210816,8
2782,16,31,48,16,0.4393641400100805,15
2783,86,41,3,19,0.4304143007356507,22
2784,40,43,31,22,0.429627197462679,21
2785,33,11,99,6,0.42486651226142574,5
2786,13,53,9,25,0.4236599855238375,28
2787,87,46,96,22,0.4185307257645089,24
2788,5,14,38,7,0.4168378546295618,7
2789,27,43,13,20,0.41335617264840996,23
2790,31,33,86,17,0.4107692180392416,16
2791,50,18,79,9,0.4091046493522828,9
2792,98,14,114,7,0.4067842985377363,7
2793,27,17,106,10,0.4013630945998079,7
2794,109,30,13,14,0.40017243322978374,16
2795,107,95,7,42,0.39776976722684715,53
2796,20,13,85,6,0.39373981733351443,7
2797,88,13,78,6,0.3934639813104847,7
2798,55,16,41,8,0.3929137359889599,8
2799,23,18,54,9,0.39214168570707464,9
2800,8,13,44,6,0.3904420875790005,7
2801,57,20,55,11,0.38903746063509637,9
2802,69,30,36,15,0.38598798110099336,15
2803,8,35,50,16,0.38293825667797665,19
2804,114,28,71,14,0.3795577437704574,14
2805,70,22,97,12,0.3783758219642565,10
2806,14,18,84,8,0.37783903496494214,10
2807,107,37,90,19,0.3753937941046271,18
2808,40,16,108,7,0.373845897515691,9
2809,88,35,71,19,0.3711092012403024,16
2810,40,21,75,10,0.36863713867004627,11
2811,95,26,28,12,0.36814720179538635,14
2812,63,17,47,7,0.3681401863793021,10
2813,25,30,63,16,0.3669879376751877,14
2814,92,18,13,7,0.36521745881563183,11
2815,46,18,41,8,0.36430211798636986,10
2816,79,12,54,5,0.3524093679970092,7
2817,47,21,65,10,0.3519317997506132,11
2818,7,21,8,10,0.35073482330961425,11
2819,109,13,4,6,0.3380907022892352,7
2820,49,21,51,10,0.3351069066929168,11
2821,39,41,54,21,0.33442242846591713,20
2822,83,20,106,11,0.33164456490941063,9
2823,76,28,70,13,0.3288931307094032,15
2824,49,14,114,6,0.32751436291229447,8
2825,41,34,63,17,0.326061354616667,17
2826,65,48,39,22,0.3257402134811714,26
2827,114,68,107,33,0.32070298196932506,35
2828,83,25,28,14,0.3193130867023741,11
2829,43,33,60,16,0.31318206916464897,17
2830,51,13,92,7,0.31029394338620886,6
2831,57,19,46,9,0.3079095171810309,10
2832,114,60,88,30,0.29749332449413723,30
2833,88,15,48,6,0.2955612335778544,9
2834,9,41,51,21,0.2923199498791427,20
2835,57,11,53,6,0.2873041046379347,5
2836,67,12,25,6,0.2816428039469064,6
2837,96,12,67,7,0.27996501259109813,5
2838,53,18,5,8,0.2778213329671456,10
2839,77,55,60,27,0.27299213552637575,28
2840,69,11,19,6,0.2714192647995953,5
2841,36,11,38,4,0.26679215079866997,7
2842,37,22,76,12,0.2606095394442829,10
2843,16,22,72,11,0.25160173884610776,11
2844,47,17,41,9,0.24960180944275975,8
2845,39,41,41,22,0.24923068070915827,19
2846,40,25,47,14,0.24655985846699452,11
2847,83,20,88,11,0.24121558114701722,9
2848,30,20,106,10,0.23895557447172086,10
2849,12,27,51,13,0.23734774956132088,14
2850,64,19,45,9,0.2352744559029064,10
2851,57,14,20,7,0.22969067246688318,7
2852,27,13,15,6,0.22913751053698278,7
2853,65,10,101,5,0.22906131925901718,5
2854,57,26,15,13,0.22663546862075662,13
2855,67,12,84,5,0.22644335659627104,7
2856,72,16,7,8,0.22521266099875584,8
2857,19,11,100,6,0.22487854051370446,5
2858,11,24,65,11,0.2231872290555846,13
2859,63,67,107,30,0.21497275074793806,37
2860,107,40,18,22,0.21456452912257484,18
2861,53,21,44,9,0.2122113313421154,12
2862,53,54,13,29,0.2083631688927764,25
2863,28,11,66,5,0.2056598644516812,6
2864,46,23,17,12,0.20521498367655996,11
2865,44,14,107,7,0.20330478165271706,7
2866,81,21,107,11,0.19898617239587554,10
2867,46,16,71,7,0.19894184736909315,9
2868,107,61,74,29,0.19420996588142148,32
2869,13,18,12,11,0.1929659323866376,7
2870,98,11,100,5,0.18985443720382733,6
2871,88,35,37,17,0.1877253046596751,18
2872,35,12,70,7,0.18631436457958764,5
2873,107,104,86,51,0.18517759160958322,53
2874,44,15,65,6,0.18351226600640885,9
2875,71,33,8,17,0.17759312635004623,16
2876,96,37,55,19,0.17732770674363885,18
2877,29,12,23,6,0.17614103437765927,6
2878,88,53,41,27,0.17567237068802208,26
2879,11,47,106,26,0.17225906773687616,21
2880,86,26,15,13,0.16800361117966062,13
2881,7,51,4,26,0.16136746029798088,25
2882,62,12,106,6,0.1584669634691407,6
2883,84,22,80,10,0.15202664995311643,12
2884,51,20,98,10,0.14461940831704007,10
2885,73,10,25,5,0.1328731236438802,5
2886,51,13,44,8,0.13191763257362837,5
2887,60,76,7,38,0.13134493579901685,38
2888,65,84,86,40,0.12617823685384771,44
2889,28,22,98,9,0.12169006680659694,13
2890,40,28,18,16,0.11377047107058737,12
2891,49,16,8,7,0.1133484840104294,9
2892,11,21,48,10,0.11255129650560307,11
2893,98,13,97,7,0.11020600858990875,6
2894,94,13,60,6,0.10902380212835151,7
2895,2,18,84,9,0.10504403066305398,9
2896,68,13,44,7,0.10451112471006771,6
2897,93,20,107,9,0.10069325512074272,11
2898,10,17,84,8,0.09821542788978126,9
2899,86,30,53,13,0.09593092236920715,17
2900,74,39,25,20,0.09563368284676016,19
2901,25,65,16,32,0.09364645449744402,33
2902,30,15,96,8,0.09214636377364425,7
2903,114,29,36,13,0.09213128587786307,16
2904,95,52,86,24,0.08956033992826938,28
2905,84,37,88,17,0.08333477514829757,20
2906,15,33,13,16,0.08264720308342048,17
2907,112,11,94,5,0.07969408537295469,6
2908,97,36,74,17,0.07931920932357782,19
2909,63,46,87,22,0.07921188185625391,24
2910,107,73,54,35,0.07798228457878793,38
2911,55,15,108,8,0.07480659095217349,7
2912,106,21,40,10,0.06808253080226546,11
2913,108,15,74,7,0.06305457719799344,8
2914,107,69,84,35,0.05558168562167983,34
2915,3,34,51,20,0.05263025611989997,14
2916,8,70,106,37,0.05212763279076112,33
2917,34,19,50,10,0.05002588679712766,9
2918,73,16,106,8,0.04700386219362951,8
2919,65,11,81,6,0.04550793535821782,5
2920,114,46,104,24,0.04494734082733511,22
2921,74,41,54,20,0.04296760366186976,21
2922,31,11,97,5,0.04256244744109723,6
2923,41,23,27,11,0.03715076021582355,12
2924,9,14,81,7,0.035788297634864304,7
2925,8,10,29,5,0.03406488261596596,5
2926,45,17,71,7,0.03389797077786283,10
2927,84,19,17,10,0.032612383959908106,9
2928,106,42,50,20,0.025298087208634697,22
2929,49,16,27,8,0.024891142841979352,8
2930,106,26,100,12,0.022225583959526604,14
2931,107,58,39,28,0.022002026984637022,30
2932,89,15,28,8,0.018607611913672883,7
2933,7,28,15,12,0.018225685442037017,16
2934,35,24,86,11,0.011498856499630127,13
2935,11,41,46,21,0.010078384039398624,20
2936,109,17,83,7,0.00972932964701334,10
2937,90,33,16,15,0.006116246156991541,18
2938,16,33,90,18,-0.0061162461569911645,15
2939,83,17,109,10,-0.009729329647013785,7
2940,46,41,11,20,-0.010078384039398624,21
2941,86,24,35,13,-0.011498856499629817,11
2942,15,28,7,16,-0.018225685442037017,12
2943,28,15,89,7,-0.018607611913672648,8
2944,39,58,107,30,-0.022002026984636165,28
2945,100,26,106,14,-0.02222558395952517,12
2946,27,16,49,8,-0.02489114284197802,8
2947,50,42,106,22,-0.02529808720863334,20
2948,17,19,84,9,-0.03261238395990876,10
2949,71,17,45,10,-0.03389797077786216,7
2950,29,10,8,5,-0.0340648826159665,5
2951,81,14,9,7,-0.035788297634866885,7
2952,27,23,41,12,-0.037150760215824086,11
2953,97,11,31,6,-0.042562447441096586,5
2954,54,41,74,21,-0.04296760366187002,20
2955,104,46,114,22,-0.04494734082733487,24
2956,81,11,65,5,-0.04550793535821569,6
2957,106,16,73,8,-0.0470038621936304,8
2958,50,19,34,9,-0.05002588679712785,10
2959,106,70,8,33,-0.05212763279076128,37
2960,51,34,3,14,-0.052630256119900916,20
2961,84,69,107,34,-0.05558168562168117,35
2962,74,15,108,8,-0.06305457719799369,7
2963,40,21,106,11,-0.0680825308022658,10
2964,108,15,55,7,-0.07480659095217229,8
2965,54,73,107,38,-0.07798228457878872,35
2966,87,46,63,24,-0.07921188185625398,22
2967,74,36,97,19,-0.07931920932357782,17
2968,94,11,112,6,-0.07969408537295469,5
2969,13,33,15,17,-0.08264720308341919,16
2970,88,37,84,20,-0.0833347751482989,17
2971,86,52,95,28,-0.08956033992827091,24
2972,36,29,114,16,-0.09213128587786189,13
2973,96,15,30,7,-0.09214636377364507,8
2974,16,65,25,33,-0.09364645449744435,32
2975,25,39,74,19,-0.0956336828467596,20
2976,53,30,86,17,-0.09593092236920858,13
2977,84,17,10,9,-0.09821542788978146,8
2978,44,13,68,6,-0.10451112471006657,7
2979,84,18,2,9,-0.10504403066305477,9
2980,60,13,94,7,-0.10902380212834957,6
2981,97,13,98,6,-0.11020600858990862,7
2982,8,16,49,9,-0.11334848401042974,7
2983,18,28,40,12,-0.11377047107058744,16
2984,98,22,28,13,-0.1216900668065983,9
2985,86,84,65,44,-0.12617823685384916,40
2986,7,76,60,38,-0.13134493579901632,38
2987,44,13,51,5,-0.1319176325736292,8
2988,25,10,73,5,-0.1328731236438802,5
2989,98,20,51,10,-0.14461940831704023,10
2990,80,22,84,12,-0.15202664995311627,10
2991,106,12,62,6,-0.15846696346914188,6
2992,4,51,7,25,-0.16136746029798163,26
2993,16,53,11,30,-0.16260546222798214,23
2994,15,26,86,13,-0.1680036111796587,13
2995,106,47,11,21,-0.17225906773687602,26
2996,41,53,88,26,-0.17567237068802258,27
2997,23,12,29,6,-0.17614103437765868,6
2998,55,37,96,18,-0.17732770674364082,19
2999,8,33,71,16,-0.17759312635004632,17
3000,65,15,44,9,-0.1835122660064091,6
3001,86,104,107,53,-0.18517759160958278,51
3002,70,12,35,5,-0.18631436457958692,7
3003,37,35,88,18,-0.18772530465967646,17
3004,100,11,98,6,-0.18985443720382733,5
3005,12,18,13,7,-0.19296593238663817,11
3006,71,16,46,9,-0.19894184736909182,7
3007,107,21,81,10,-0.19898617239587607,11
3008,107,14,44,7,-0.20330478165271787,7
3009,17,23,46,11,-0.2052149836765593,12
3010,66,11,28,6,-0.20565986445168055,5
3011,13,54,53,25,-0.20836316889277592,29
3012,44,21,53,12,-0.2122113313421161,9
3013,18,40,107,18,-0.21456452912257684,22
3014,107,67,63,37,-0.21497275074793742,30
3015,65,24,11,13,-0.22318722905558436,11
3016,100,11,19,5,-0.2248785405137056,6
3017,7,16,72,8,-0.22521266099875537,8
3018,84,12,67,7,-0.22644335659627166,5
3019,15,26,57,13,-0.22663546862075634,13
3020,101,10,65,5,-0.2290613192590168,5
3021,15,13,27,7,-0.22913751053698442,6
3022,20,14,57,7,-0.2296906724668833,7
3023,45,19,64,10,-0.23527445590290527,9
3024,51,27,12,14,-0.23734774956132193,13
3025,106,20,30,10,-0.2389555744717199,10
3026,88,20,83,9,-0.24121558114701463,11
3027,47,25,40,11,-0.24655985846699366,14
3028,41,41,39,19,-0.24923068070915905,22
3029,41,17,47,8,-0.24960180944275975,9
3030,72,22,16,11,-0.25160173884610787,11
3031,76,22,37,10,-0.26060953944428406,12
3032,38,11,36,7,-0.26679215079866964,4
3033,19,11,69,5,-0.2714192647995956,6
3034,60,55,77,28,-0.27299213552637663,27
3035,5,18,53,10,-0.277821332967146,8
3036,67,12,96,5,-0.279965012591097,7
3037,25,12,67,6,-0.2816428039469064,6
3038,53,11,57,5,-0.2873041046379331,6
3039,51,41,9,20,-0.2923199498791415,21
3040,48,15,88,9,-0.29556123357785347,6
3041,88,60,114,30,-0.2974933244941375,30
3042,88,18,12,9,-0.3042097842896815,9
3043,46,19,57,10,-0.3079095171810289,9
3044,92,13,51,6,-0.31029394338620975,7
3045,60,33,43,17,-0.31318206916464963,16
3046,28,25,83,11,-0.3193130867023753,14
3047,107,68,114,35,-0.3207029819693246,33
3048,39,48,65,26,-0.32574021348116955,22
3049,63,34,41,17,-0.3260613546166661,17
3050,114,14,49,8,-0.32751436291229385,6
3051,70,28,76,15,-0.32889313070940346,13
3052,106,20,83,9,-0.3316445649094112,11
3053,54,41,39,20,-0.3344224284659163,21
3054,51,21,49,11,-0.3351069066929168,10
3055,4,13,109,7,-0.3380907022892352,6
3056,8,21,7,11,-0.3507348233096159,10
3057,65,21,47,11,-0.3519317997506139,10
3058,54,12,79,7,-0.352409367997008,5
3059,41,18,46,10,-0.36430211798637085,8
3060,13,18,92,11,-0.3652174588156323,7
3061,63,30,25,14,-0.3669879376751877,16
3062,47,17,63,10,-0.368140186379302,7
3063,28,26,95,14,-0.36814720179538646,12
3064,75,21,40,11,-0.3686371386700461,10
3065,71,35,88,16,-0.37110920124030156,19
3066,108,16,40,9,-0.3738458975156912,7
3067,84,18,14,10,-0.37783903496494253,8
3068,97,22,70,10,-0.3783758219642562,12
3069,71,28,114,14,-0.3795577437704577,14
3070,50,35,8,19,-0.3829382566779763,16
3071,36,30,69,15,-0.3859879811009911,15
3072,55,20,57,9,-0.3890374606350971,11
3073,44,13,8,7,-0.3904420875789997,6
3074,54,18,23,9,-0.39214168570707364,9
3075,41,16,55,8,-0.39291373598895946,8
3076,78,13,88,7,-0.3934639813104835,6
3077,85,13,20,7,-0.3937398173335161,6
3078,7,95,107,53,-0.3977697672268478,42
3079,13,30,109,16,-0.4001724332297835,14
3080,106,17,27,7,-0.40136309459980746,10
3081,114,14,98,7,-0.40678429853773473,7
3082,79,18,50,9,-0.4091046493522828,9
3083,86,33,31,16,-0.4107692180392426,17
3084,13,43,27,23,-0.4133561726484104,20
3085,38,14,5,7,-0.4168378546295618,7
3086,96,46,87,24,-0.4185307257645087,22
3087,9,53,13,28,-0.4236599855238383,25
3088,99,11,33,5,-0.4248665122614248,6
3089,31,43,40,21,-0.4296271974626791,22
3090,3,41,86,22,-0.43041430073565023,19
3091,48,31,16,15,-0.4393641400100799,16
3092,11,15,90,8,-0.4409004522210813,7
3093,9,11,80,4,-0.4439834453330448,7
3094,55,13,62,6,-0.4490302976953225,7
3095,8,81,107,44,-0.4515779469553662,37
3096,111,16,87,8,-0.45897322341286373,8
3097,86,50,68,24,-0.4594752304197305,26
3098,68,32,104,17,-0.4623896750421223,15
3099,31,54,65,28,-0.4691388746969265,26
3100,86,11,113,5,-0.46954311123939296,6
3101,69,13,37,7,-0.47410415365645314,6
3102,39,51,25,25,-0.4759465051184236,26
3103,41,31,75,17,-0.47837138213253816,14
3104,74,28,95,15,-0.4784255086028221,13
3105,62,17,37,7,-0.47941613349669043,10
3106,104,14,57,9,-0.4845128262229359,5
3107,28,81,107,43,-0.49030772183191534,38
3108,63,39,5,17,-0.4918719035327135,22
3109,87,59,5,30,-0.49916697205470045,29
3110,31,35,88,17,-0.499980797609059,18
3111,91,13,90,7,-0.5003235284827329,6
3112,41,29,18,14,-0.5040827449695369,15
3113,68,53,60,28,-0.5052462395149948,25
3114,9,10,23,5,-0.5053397207394532,5
3115,71,22,51,11,-0.5066228412969127,11
3116,97,12,49,7,-0.510198270023406,5
3117,9,18,4,9,-0.5118055197130339,9
3118,38,11,114,5,-0.5127819422302561,6
3119,90,11,41,5,-0.513841479320257,6
3120,28,68,106,35,-0.5161436710076651,33
3121,16,33,15,15,-0.5165041631650912,18
3122,65,45,8,23,-0.5176955855966269,22
3123,25,17,43,7,-0.5197036131496168,10
3124,28,19,73,9,-0.5214155246375576,10
3125,102,19,65,11,-0.5234012572749034,8
3126,55,51,87,26,-0.5274998846136414,25
3127,33,19,28,11,-0.5377400393884936,8
3128,1,10,106,5,-0.5396528610114302,5
3129,6,14,87,7,-0.5451369775684937,7
3130,54,29,64,14,-0.5456745481805153,15
3131,16,27,98,14,-0.5462850233229247,13
3132,13,55,104,28,-0.5474902747445204,27
3133,7,17,92,10,-0.5480230211986107,7
3134,54,49,5,26,-0.5526115688513301,23
3135,2,10,83,5,-0.559439726515081,5
3136,2,31,97,16,-0.5614740846174444,15
3137,27,11,11,5,-0.5615364354397134,6
3138,108,10,29,5,-0.5615423900676234,5
3139,94,10,40,5,-0.5678516928680514,5
3140,65,51,75,25,-0.5689430318120551,26
3141,53,12,23,6,-0.5700661218932138,6
3142,17,15,64,7,-0.5824319192017173,8
3143,36,13,76,9,-0.5885035889042698,4
3144,40,24,30,12,-0.5893402617113975,12
3145,86,10,61,5,-0.5990640749995453,5
3146,106,32,71,17,-0.6009609652453869,15
3147,34,15,63,8,-0.6010869874219955,7
3148,70,16,91,9,-0.6063303701253777,7
3149,114,20,43,9,-0.6074470201565787,11
3150,58,22,31,11,-0.6168553703735028,11
3151,57,14,3,7,-0.6219971685158606,7
3152,96,30,76,16,-0.6223340675935105,14
3153,55,58,51,29,-0.622889975737348,29
3154,109,30,87,16,-0.623370758412541,14
3155,71,33,36,16,-0.6241330409639598,17
3156,54,63,50,32,-0.6257662884110818,31
3157,97,11,11,5,-0.626987447450576,6
3158,47,22,87,11,-0.6305382362810174,11
3159,64,28,4,15,-0.6316212138641698,13
3160,36,17,111,9,-0.6365354853619557,8
3161,41,25,25,11,-0.6394054706376676,14
3162,50,16,98,8,-0.6426219058041119,8
3163,41,10,19,5,-0.6436819633006727,5
3164,1,27,41,15,-0.6450987397179483,12
3165,108,15,64,7,-0.6582287703496964,8
3166,50,38,63,20,-0.6599709375930077,18
3167,62,10,1,5,-0.6629322217278115,5
3168,114,40,37,22,-0.6680388190804033,18
3169,16,67,54,33,-0.6682295554685957,34
3170,114,24,50,13,-0.6812811811945291,11
3171,25,19,18,9,-0.6816652439852758,10
3172,38,17,29,9,-0.6873786981327392,8
3173,39,73,7,36,-0.6920867889114356,37
3174,39,41,8,20,-0.6937986397009376,21
3175,95,11,57,7,-0.6989616542578677,4
3176,91,11,38,6,-0.7003822911270713,5
3177,104,23,18,10,-0.7012089452274208,13
3178,8,25,76,12,-0.7077738529790857,13
3179,96,17,13,9,-0.7114671477918357,8
3180,28,13,82,6,-0.7153587234866207,7
3181,40,18,61,9,-0.7154895706830816,9
3182,5,41,95,20,-0.7316066534315533,21
3183,86,77,40,41,-0.7352757671814375,36
3184,55,11,78,5,-0.7363999336150034,6
3185,39,60,13,30,-0.7375803753367645,30
3186,15,24,25,11,-0.7394428200536295,13
3187,74,13,36,8,-0.743717573303844,5
3188,84,24,46,13,-0.7446057703540011,11
3189,71,20,3,10,-0.7446115406314829,10
3190,17,14,87,7,-0.750934140512457,7
3191,112,40,16,21,-0.7567380050399233,19
3192,104,15,33,7,-0.7704375614853106,8
3193,93,20,97,10,-0.7717644600090567,10
3194,99,22,87,12,-0.7762165713325071,10
3195,34,17,9,9,-0.77910514985876,8
3196,104,18,4,8,-0.7872554057904768,10
3197,46,28,87,13,-0.7941915016238148,15
3198,88,22,2,11,-0.7956469041111237,11
3199,13,64,41,32,-0.7981708572669713,32
3200,40,14,56,7,-0.8062835825274064,7
3201,50,31,84,15,-0.8064114901977935,16
3202,107,58,96,31,-0.8081270899904945,27
3203,19,15,28,8,-0.8170499543660473,7
3204,20,27,74,13,-0.8203305748765273,14
3205,18,57,7,28,-0.8231688841647117,29
3206,53,47,60,23,-0.823763280134303,24
3207,37,48,28,24,-0.8263140292594411,24
3208,106,12,29,6,-0.8264692442725535,6
3209,46,16,2,8,-0.8285194662826783,8
3210,20,80,86,42,-0.8301074964710548,38
3211,30,23,28,11,-0.840323990421683,12
3212,86,56,50,27,-0.8444740252545996,29
3213,50,11,62,6,-0.8451062062670082,5
3214,63,28,71,15,-0.8479499084443569,13
3215,102,13,39,7,-0.8492100400200481,6
3216,3,24,9,12,-0.852107753104684,12
3217,60,69,13,38,-0.8542848964811716,31
3218,17,13,85,7,-0.859847797603718,6
3219,60,56,107,29,-0.8615352019186375,27
3220,114,10,10,6,-0.8617397018011254,4
3221,71,21,55,12,-0.8636848327030733,9
3222,86,33,80,17,-0.872719917434131,16
3223,49,27,7,12,-0.8744069756975955,15
3224,68,47,111,23,-0.87462883933747,24
3225,91,17,84,9,-0.8755346549877636,8
3226,57,21,37,11,-0.877816000827672,10
3227,4,21,77,11,-0.8810684428976734,10
3228,83,17,60,9,-0.8851626447494985,8
3229,88,76,8,39,-0.8933115574955759,37
3230,48,24,8,13,-0.8990865709573216,11
3231,74,17,68,10,-0.9001065237726515,7
3232,79,17,84,8,-0.9012801816556617,9
3233,68,41,64,23,-0.9029247023462396,18
3234,3,13,23,7,-0.9036934098771321,6
3235,75,35,36,16,-0.9076169876586756,19
3236,50,17,43,10,-0.911659904777202,7
3237,48,18,39,10,-0.9127145579388771,8
3238,11,12,114,7,-0.9147560322473871,5
3239,33,20,13,10,-0.9181205054603415,10
3240,114,27,75,14,-0.9181862737012573,13
3241,28,48,13,25,-0.919515616744544,23
3242,86,17,33,8,-0.9246066959077452,9
3243,83,11,102,6,-0.9259324073609722,5
3244,39,38,9,18,-0.9320441987636049,20
3245,48,14,30,8,-0.9354845317821149,6
3246,108,10,7,6,-0.9385265901557558,4
3247,39,33,47,17,-0.9409236558902793,16
3248,114,13,112,6,-0.9421647262329372,7
3249,34,20,86,11,-0.9430547193197466,9
3250,53,23,63,12,-0.9461903574638926,11
3251,68,32,3,17,-0.9527649253755344,15
3252,5,14,14,8,-0.9561035605846475,6
3253,39,55,87,29,-0.9563895319312766,26
3254,103,11,106,5,-0.9583580547252434,6
3255,106,38,104,19,-0.9604760273979325,19
3256,51,26,30,14,-0.9638359516152128,12
3257,17,10,80,4,-0.963899909949846,6
3258,77,21,68,11,-0.966396804139982,10
3259,114,30,102,16,-0.9680544759122797,14
3260,51,50,37,23,-0.9710667257210696,27
3261,87,16,14,9,-0.9719183858987275,7
3262,51,40,53,20,-0.9719493528973238,20
3263,17,26,114,15,-0.9721557918960135,11
3264,88,11,79,6,-0.973600472994728,5
3265,5,65,107,33,-0.9748363761521153,32
3266,17,24,49,14,-0.9759498596955529,10
3267,31,33,51,19,-0.9782499075201476,14
3268,17,29,50,16,-0.9785385252670543,13
3269,54,67,8,32,-0.9788096362147561,35
3270,51,53,87,27,-0.9813193495830127,26
3271,38,20,88,12,-0.9864828692912241,8
3272,100,14,64,8,-0.9873146869937529,6
3273,107,44,27,23,-0.9873470719210118,21
3274,111,17,23,7,-0.9902411232186308,10
3275,30,13,9,7,-0.9935090532750581,6
3276,17,37,37,21,-0.9978108601802036,16
3277,7,39,114,21,-1.0047894280060643,18
3278,93,11,114,5,-1.0049906589581687,6
3279,75,43,13,23,-1.0053644322647692,20
3280,8,17,27,8,-1.0060239190851221,9
3281,107,28,98,14,-1.0170960211152535,14
3282,13,65,86,32,-1.0195016735596916,33
3283,33,10,70,5,-1.0222975969230645,5
3284,39,17,19,8,-1.022725573441084,9
3285,44,20,63,11,-1.0233184771026504,9
3286,16,24,102,12,-1.0260354064972297,12
3287,87,41,11,19,-1.0271101816892427,22
3288,7,22,35,11,-1.02999883395421,11
3289,3,14,45,7,-1.0349134798027073,7
3290,65,88,54,46,-1.035330745536819,42
3291,88,21,90,10,-1.0373159148886413,11
3292,69,19,114,11,-1.0427404151557151,8
3293,102,28,54,14,-1.047082814800161,14
3294,13,32,20,16,-1.0473604323868067,16
3295,40,37,16,20,-1.0479395774839417,17
3296,48,18,20,10,-1.0556464172960118,8
3297,87,35,18,19,-1.059533339757231,16
3298,13,15,48,8,-1.0613216453157563,7
3299,109,30,104,15,-1.063865849600061,15
3300,20,43,8,22,-1.0648602565838075,21
3301,8,55,70,28,-1.0665028298167962,27
3302,16,20,19,10,-1.0669030303438123,10
3303,66,12,106,7,-1.0707591278531368,5
3304,37,20,67,11,-1.0707700527635244,9
3305,9,48,68,25,-1.0746763617541837,23
3306,97,19,64,10,-1.0748997556854094,9
3307,74,13,40,7,-1.0901529369074696,6
3308,11,16,14,9,-1.0923565448715815,7
3309,33,16,54,9,-1.1000953180608284,7
3310,17,11,77,6,-1.1006600247668523,5
3311,106,39,70,19,-1.1024614638047292,20
3312,11,53,16,24,-1.1029332419268028,29
3313,2,18,96,9,-1.1039761816908782,9
3314,45,19,40,10,-1.1043531225931214,9
3315,47,12,91,6,-1.104710696366028,6
3316,55,13,73,7,-1.1082443575059588,6
3317,40,47,63,25,-1.1085655861732648,22
3318,65,85,7,41,-1.1151148094385757,44
3319,88,18,61,8,-1.1254133453483963,10
3320,114,13,33,6,-1.1286658148323805,7
3321,31,26,3,12,-1.1304098830558946,14
3322,106,26,36,13,-1.1307287364062808,13
3323,16,47,23,25,-1.1335884234619735,22
3324,71,73,60,38,-1.1360670304013198,35
3325,58,26,9,14,-1.1451265480110817,12
3326,84,26,109,14,-1.1610711079523313,12
3327,27,16,47,9,-1.1658557312566071,7
3328,74,14,12,7,-1.1676100167547812,7
3329,54,30,84,16,-1.1752338053025533,14
3330,49,42,88,22,-1.178560438139783,20
3331,43,17,69,9,-1.1823687630105748,8
3332,84,21,65,10,-1.1865836314134661,11
3333,109,25,25,13,-1.1927554377225942,12
3334,74,51,16,27,-1.1989524884769094,24
3335,7,44,63,26,-1.2086828652803665,18
3336,97,33,25,17,-1.2112097532933461,16
3337,88,42,64,23,-1.2118692904336803,19
3338,74,11,98,6,-1.2137114800422124,5
3339,9,26,71,14,-1.2262156519313807,12
3340,95,16,63,8,-1.233969730193377,8
3341,31,25,71,13,-1.2380158081615502,12
3342,4,30,107,15,-1.2387516471106224,15
3343,43,12,104,7,-1.2430962980218272,5
3344,15,16,114,8,-1.2433363941042066,8
3345,68,15,85,9,-1.244925118447266,6
3346,71,10,1,6,-1.2456643982922142,4
3347,89,10,65,5,-1.2467666872041385,5
3348,48,11,23,6,-1.24848877392944,5
3349,16,30,109,15,-1.2499451161124762,15
3350,33,22,16,13,-1.2507199492720238,9
3351,63,45,68,23,-1.2529349748796315,22
3352,99,26,55,14,-1.260544955494955,12
3353,14,15,107,7,-1.262180496300674,8
3354,65,27,50,14,-1.2644687002361992,13
3355,51,30,50,15,-1.277023353905357,15
3356,109,20,97,10,-1.2834069052578214,10
3357,102,17,11,8,-1.2862551218754503,9
3358,74,22,2,12,-1.2925512141562505,10
3359,60,43,65,25,-1.2925574145160876,18
3360,88,57,87,27,-1.297249266486386,30
3361,13,44,5,23,-1.3023509853743016,21
3362,102,11,70,4,-1.3043211125718082,7
3363,108,12,37,6,-1.3047215727540855,6
3364,51,12,32,6,-1.314434714983353,6
3365,8,16,10,9,-1.3145513780375313,7
3366,55,17,3,9,-1.3172267439478242,8
3367,80,18,74,9,-1.3199661328668575,9
3368,80,30,16,16,-1.3220466579095416,14
3369,109,25,60,13,-1.3235251021634893,12
3370,65,13,61,6,-1.3279652478825155,7
3371,37,66,8,34,-1.3357403383797612,32
3372,7,48,71,23,-1.3388864417450879,25
3373,90,17,84,9,-1.3434141546201466,8
3374,88,37,97,19,-1.3490743629309028,18
3375,19,19,68,9,-1.3561905190334247,10
3376,70,39,107,19,-1.3599998705907195,20
3377,30,26,25,12,-1.3633847180345777,14
3378,29,16,51,8,-1.363948092396485,8
3379,23,13,27,6,-1.3665703255989474,7
3380,76,11,90,5,-1.371109786983603,6
3381,48,10,75,5,-1.3711471542080287,5
3382,69,11,6,5,-1.3727715082405267,6
3383,41,30,106,15,-1.3806292559177735,15
3384,7,31,95,17,-1.3809406634768695,14
3385,11,41,50,22,-1.3816262941644981,19
3386,29,11,36,5,-1.3837445576600587,6
3387,37,13,43,6,-1.39155356085389,7
3388,16,25,44,12,-1.3924747988210244,13
3389,83,15,7,9,-1.3943529604549403,6
3390,9,13,91,7,-1.3946381880594534,6
3391,56,10,16,6,-1.398489957964547,4
3392,44,12,75,7,-1.3998373775330364,5
3393,15,15,19,8,-1.4005013555537056,7
3394,95,17,70,8,-1.4011695857654913,9
3395,40,16,12,8,-1.412082266616442,8
3396,60,22,15,12,-1.4197687048169967,10
3397,45,35,36,16,-1.4232731245081227,19
3398,29,10,34,5,-1.4253595347909924,5
3399,87,20,43,10,-1.427338225046271,10
3400,41,70,65,39,-1.4285809086277088,31
3401,107,48,41,27,-1.4315677718498419,21
3402,25,28,50,14,-1.4391705454909016,14
3403,97,21,20,10,-1.4395279608818727,11
3404,70,20,39,11,-1.442415337141408,9
3405,30,14,38,6,-1.4430439721156856,8
3406,63,55,106,28,-1.4485566818099482,27
3407,88,62,46,31,-1.4519317579443416,31
3408,55,30,53,16,-1.4538038424746405,14
3409,13,25,11,13,-1.4555242943364795,12
3410,89,16,50,9,-1.4560158637801313,7
3411,38,16,8,8,-1.4562520429495762,8
3412,83,23,25,13,-1.459720188055496,10
3413,55,64,86,34,-1.4599929257917068,30
3414,47,21,31,11,-1.4606130980712662,10
3415,68,61,65,32,-1.4611429296521323,29
3416,23,16,112,9,-1.4656028868993891,7
3417,40,13,57,7,-1.4659794198664808,6
3418,2,32,86,16,-1.4682447143488924,16
3419,32,17,11,8,-1.4729852723414758,9
3420,63,15,73,7,-1.4760785674332912,8
3421,13,15,61,7,-1.4797550252097438,8
3422,54,51,87,28,-1.4805638305796713,23
3423,13,59,4,32,-1.4911690163054772,27
3424,112,13,17,7,-1.4911982516586844,6
3425,57,28,86,16,-1.494947720593259,12
3426,108,17,50,8,-1.5013768012598367,9
3427,5,63,28,32,-1.5122016375527894,31
3428,16,62,60,32,-1.5124094579213385,30
3429,55,12,46,7,-1.514859018089955,5
3430,28,39,39,20,-1.5153571896545759,19
3431,8,12,43,6,-1.5194230889621378,6
3432,16,39,57,20,-1.520475985317875,19
3433,65,93,63,48,-1.5218481112400881,45
3434,37,14,35,7,-1.523131742310598,7
3435,88,34,1,17,-1.5234508852206479,17
3436,27,12,55,6,-1.525741771773817,6
3437,53,13,29,8,-1.5317670028644754,5
3438,46,32,107,16,-1.5343792707290005,16
3439,45,23,13,12,-1.5362814776486233,11
3440,112,22,107,12,-1.5365255025501958,10
3441,46,25,97,13,-1.53794225986029,12
3442,60,52,51,30,-1.5379585605411297,22
3443,68,25,30,12,-1.5403579506676015,13
3444,74,61,107,33,-1.5445233108407423,28
3445,19,13,112,7,-1.5451118260221113,6
3446,43,12,57,8,-1.547683226037978,4
3447,74,26,11,14,-1.5483769164487973,12
3448,111,27,16,15,-1.5488999004290869,12
3449,14,15,106,7,-1.552388543907857,8
3450,83,23,104,13,-1.5563880557352991,10
3451,30,50,86,25,-1.5573237823378576,25
3452,100,12,97,6,-1.5601199386945845,6
3453,111,14,9,7,-1.5621342613374538,7
3454,43,12,58,6,-1.565331234676389,6
3455,86,100,106,52,-1.5692663469089445,48
3456,88,58,40,31,-1.5715316879527899,27
3457,46,25,60,13,-1.5735893742532685,12
3458,86,57,109,30,-1.577851437379931,27
3459,90,22,55,10,-1.578656952498874,12
3460,86,28,85,15,-1.581828832446796,13
3461,25,15,2,7,-1.5845186001024019,8
3462,90,10,64,5,-1.5921132093044663,5
3463,30,18,99,10,-1.5949338139614573,8
3464,35,12,30,6,-1.603184870407585,6
3465,43,13,70,7,-1.6071210379776915,6
3466,114,41,16,23,-1.6232837485706122,18
3467,9,20,112,10,-1.6257132685716436,10
3468,107,15,79,9,-1.6267301484362864,6
3469,96,19,39,11,-1.6315253594413601,8
3470,41,78,7,40,-1.6316845641232842,38
3471,80,12,38,7,-1.640066144596355,5
3472,39,10,69,5,-1.6443957977700934,5
3473,68,23,36,12,-1.6511686348202665,11
3474,17,32,107,17,-1.6568754180103662,15
3475,48,19,106,10,-1.6634533717988316,9
3476,109,13,43,7,-1.6656590774438986,6
3477,28,49,87,25,-1.6675925043761979,24
3478,68,67,51,33,-1.670969585804912,34
3479,31,28,45,15,-1.6710870406691087,13
3480,51,44,17,22,-1.6728455376724487,22
3481,114,29,54,14,-1.6786165794472785,15
3482,69,18,50,8,-1.6863624004387787,10
3483,106,34,68,18,-1.6879506890966793,16
3484,46,23,9,13,-1.6945658865661515,10
3485,40,74,7,41,-1.6955910385318649,33
3486,23,25,51,13,-1.6961813528047356,12
3487,23,15,36,6,-1.6972875274185715,9
3488,102,16,20,8,-1.6989391239814924,8
3489,37,10,48,5,-1.703593750319215,5
3490,72,10,107,5,-1.705354365459133,5
3491,65,10,19,6,-1.7065840533404568,4
3492,7,40,54,21,-1.7088310244062668,19
3493,40,46,9,25,-1.7148595920822798,21
3494,45,19,16,11,-1.7223541453976996,8
3495,45,15,63,8,-1.7260545689947928,7
3496,50,11,83,5,-1.7272952536822093,6
3497,107,31,1,16,-1.7274304042355133,15
3498,12,13,50,5,-1.7279667161947843,8
3499,11,14,60,7,-1.729783938603551,7
3500,75,19,70,9,-1.7314858975507368,10
3501,5,51,46,28,-1.7323776092910628,23
3502,106,19,48,10,-1.7335189393534853,9
3503,81,22,88,12,-1.7392542924502719,10
3504,88,37,36,21,-1.7392851936744331,16
3505,23,26,8,13,-1.7400762718841147,13
3506,6,11,18,6,-1.7414584600944745,5
3507,36,33,60,17,-1.7416473627060742,16
3508,107,38,97,19,-1.7507246476170446,19
3509,68,31,4,16,-1.7510661926181545,15
3510,70,26,84,14,-1.7530345342228948,12
3511,20,13,15,7,-1.7590701497423389,6
3512,110,11,88,5,-1.7642228121429868,6
3513,76,21,109,10,-1.7708841969163658,11
3514,16,62,104,33,-1.7780277088526335,29
3515,84,13,102,7,-1.7793224025292758,6
3516,102,24,16,13,-1.7801591114112068,11
3517,90,25,37,13,-1.7816453937181784,12
3518,78,13,28,6,-1.78475450332544,7
3519,43,15,27,7,-1.8001576129442598,8
3520,28,65,8,35,-1.8060421386611965,30
3521,25,22,36,11,-1.8071440138268584,11
3522,111,18,40,9,-1.8104998545748818,9
3523,28,18,79,10,-1.8130893193426156,8
3524,78,21,68,11,-1.8176101319243592,10
3525,109,11,71,6,-1.819641782820222,5
3526,99,13,102,7,-1.8212893413036864,6
3527,114,13,44,7,-1.8263733365516708,6
3528,3,11,106,6,-1.8270221877820196,5
3529,13,29,74,15,-1.8278354237299068,14
3530,49,20,54,10,-1.8291542659227744,10
3531,3,30,39,15,-1.830220006872886,15
3532,96,38,84,19,-1.835648682700679,19
3533,20,30,114,16,-1.839540566254475,14
3534,17,30,13,16,-1.848338276876224,14
3535,97,22,53,12,-1.8492466822191078,10
3536,106,61,87,31,-1.8566326197242504,30
3537,13,25,38,12,-1.856740998480051,13
3538,5,95,37,49,-1.865428870342572,46
3539,54,26,17,13,-1.867393134138254,13
3540,68,48,107,26,-1.873122748974768,22
3541,78,22,13,12,-1.8786124583649098,10
3542,79,14,8,6,-1.8787453444383126,8
3543,68,40,27,22,-1.8804967014192888,18
3544,8,41,2,21,-1.8848654476169693,20
3545,64,23,25,12,-1.8857238852847689,11
3546,106,35,20,19,-1.890590591428699,16
3547,51,25,108,13,-1.9002486171144384,12
3548,65,29,43,14,-1.9015147557652619,15
3549,88,13,14,7,-1.902096229341472,6
3550,17,11,110,6,-1.9155371371930654,5
3551,106,32,97,16,-1.9159665785715099,16
3552,76,11,99,5,-1.9173589523208336,6
3553,41,21,70,10,-1.9198471114809519,11
3554,64,43,53,23,-1.9214578200473016,20
3555,28,25,80,13,-1.9225523112040797,12
3556,18,21,114,11,-1.923577249757447,10
3557,86,56,114,29,-1.9239569797033842,27
3558,12,38,65,19,-1.9245614546210972,19
3559,40,19,70,11,-1.9276789997691202,8
3560,84,38,87,20,-1.9318820493391857,18
3561,97,14,23,7,-1.9330528734436563,7
3562,107,29,108,15,-1.9359475071214494,14
3563,98,10,32,5,-1.9380052263831622,5
3564,104,13,110,8,-1.9388474450810558,5
3565,31,14,23,8,-1.9392936999416424,6
3566,55,20,25,11,-1.9429576796619947,9
3567,64,34,36,17,-1.9485056781764598,17
3568,71,12,78,6,-1.9545808326383198,6
3569,35,11,50,6,-1.9581460146246743,5
3570,76,18,41,8,-1.972404836446448,10
3571,15,15,64,7,-1.974538086287131,8
3572,53,28,95,17,-1.9769373995573178,11
3573,76,46,106,22,-1.9803869538705086,24
3574,25,38,28,22,-1.983389891159918,16
3575,4,19,53,10,-1.987694792892672,9
3576,86,55,70,30,-1.99170528882216,25
3577,50,38,13,20,-1.9937674166002943,18
3578,112,15,104,8,-1.9939359727925703,7
3579,7,24,69,12,-1.9945381002011557,12
3580,28,87,16,47,-2.0038366917622867,40
3581,97,22,83,10,-2.007636873207568,12
3582,15,11,100,7,-2.0182263998292624,4
3583,90,36,8,20,-2.01946478207178,16
3584,87,30,75,16,-2.024772500508876,14
3585,13,11,32,6,-2.026181507027533,5
3586,114,14,91,7,-2.031242634143396,7
3587,79,11,55,6,-2.0315889229013417,5
3588,63,12,58,5,-2.0345686518653676,7
3589,88,14,89,7,-2.035463499061412,7
3590,74,19,100,10,-2.0359479445815105,9
3591,39,21,12,11,-2.0360468271825893,10
3592,108,20,86,9,-2.0383331764650157,11
3593,60,24,90,14,-2.039727571926182,10
3594,51,34,18,17,-2.042743355152735,17
3595,51,63,40,33,-2.0429256811029024,30
3596,39,31,64,17,-2.0431697239809092,14
3597,88,21,93,12,-2.047097578055207,9
3598,11,32,39,17,-2.0483405528854366,15
3599,80,31,65,16,-2.05091984654234,15
3600,90,45,86,25,-2.0574221764428238,20
3601,63,10,82,5,-2.0779758612966877,5
3602,65,55,28,30,-2.0838082258755577,25
3603,65,47,74,24,-2.0847963525870905,23
3604,91,12,17,7,-2.0932516032559643,5
3605,8,22,97,11,-2.094799206270941,11
3606,55,34,83,17,-2.0962093979720193,17
3607,3,10,77,6,-2.1078393954054353,4
3608,33,12,74,6,-2.113811361821,6
3609,64,20,1,10,-2.116432620959366,10
3610,37,38,65,19,-2.116557677432621,19
3611,70,11,53,6,-2.117480208536356,5
3612,69,13,94,7,-2.1206512773898547,6
3613,84,26,37,14,-2.1240499046478805,12
3614,43,16,35,8,-2.1256405181906706,8
3615,76,13,34,6,-2.1338119769299584,7
3616,13,53,49,27,-2.134402292657327,26
3617,74,14,88,9,-2.16536396125082,5
3618,84,31,16,16,-2.1667249344371378,15
3619,54,75,86,39,-2.1689438842347455,36
3620,39,11,33,6,-2.1701558874520313,5
3621,93,16,84,8,-2.173203038685071,8
3622,70,26,63,14,-2.1813121472430432,12
3623,94,12,65,7,-2.1843330518571347,5
3624,74,64,8,36,-2.1866220406514896,28
3625,54,10,31,5,-2.1866689261471493,5
3626,39,20,62,10,-2.1906158630571055,10
3627,88,63,60,35,-2.2053487740970468,28
3628,96,50,5,28,-2.21142719225076,22
3629,55,84,8,42,-2.212352121108186,42
3630,8,11,112,5,-2.214468435350456,6
3631,99,13,98,6,-2.22125816779338,7
3632,33,11,88,5,-2.224220943421554,6
3633,16,18,34,10,-2.225189084516704,8
3634,25,16,90,9,-2.226157693683706,7
3635,74,27,20,15,-2.230377352624161,12
3636,70,25,68,13,-2.2334926025833965,12
3637,104,35,87,17,-2.2393020839894078,18
3638,11,18,7,10,-2.23932059026862,8
3639,27,10,70,5,-2.243263258457554,5
3640,4,38,88,20,-2.24592170041755,18
3641,65,88,13,48,-2.2487937244898935,40
3642,54,14,41,7,-2.2511014360561394,7
3643,20,13,69,7,-2.2532252345201647,6
3644,25,30,95,16,-2.25397314365567,14
3645,88,45,106,26,-2.2639858690375605,19
3646,7,12,85,7,-2.267272935114745,5
3647,96,66,28,35,-2.2674069446039327,31
3648,31,10,61,5,-2.2696136748473594,5
3649,71,16,80,8,-2.2753923838048147,8
3650,35,20,88,10,-2.2787018333731495,10
3651,114,38,63,23,-2.2836807270192585,15
3652,74,46,37,24,-2.2838690954080456,22
3653,4,13,106,6,-2.287883468044352,7
3654,45,18,114,10,-2.292094813707231,8
3655,5,24,100,13,-2.2932427434044693,11
3656,65,33,97,18,-2.294354223312199,15
3657,109,16,68,10,-2.29851232062389,6
3658,32,21,86,11,-2.2989864902239,10
3659,109,13,23,7,-2.3017906431791286,6
3660,102,22,109,12,-2.303194855526112,10
3661,50,12,58,6,-2.303376752943112,6
3662,48,17,109,9,-2.3066244801907967,8
3663,91,32,88,17,-2.315767764685103,15
3664,60,26,3,14,-2.3182866914035363,12
3665,102,21,104,10,-2.320627297470276,11
3666,64,23,50,12,-2.3285304422785043,11
3667,5,51,109,26,-2.3285813949081646,25
3668,29,20,16,10,-2.329592750683846,10
3669,53,28,25,14,-2.3301510854690832,14
3670,13,84,68,46,-2.3316015540193082,38
3671,86,16,29,9,-2.3399676619619454,7
3672,50,13,6,7,-2.341492332331065,6
3673,107,71,51,41,-2.344014195106717,30
3674,37,58,107,31,-2.3520883092822156,27
3675,31,36,4,21,-2.3535355966794675,15
3676,49,48,39,27,-2.353804446492822,21
3677,109,14,96,8,-2.3566759619593642,6
3678,11,51,8,28,-2.360316345482966,23
3679,5,23,99,12,-2.3616219022642833,11
3680,39,46,63,28,-2.3626947638130464,18
3681,70,19,7,12,-2.364945757295021,7
3682,50,24,40,14,-2.3671440474550494,10
3683,112,19,50,11,-2.3689643473531765,8
3684,96,55,8,30,-2.3714393570924233,25
3685,68,106,7,57,-2.372479004873661,49
3686,107,40,71,23,-2.3760609676092477,17
3687,17,23,8,12,-2.380809098241683,11
3688,56,13,75,8,-2.3840139649043506,5
3689,28,54,88,30,-2.3841654810723805,24
3690,104,25,96,14,-2.3866419839158355,11
3691,71,21,4,13,-2.3871750117365993,8
3692,95,40,104,22,-2.389034218387607,18
3693,8,12,111,6,-2.390343846489093,6
3694,87,22,83,11,-2.3903571419434884,11
3695,63,17,17,9,-2.392516388601692,8
3696,87,22,29,13,-2.3927220644385314,9
3697,28,38,46,22,-2.3990178798165633,16
3698,8,10,56,6,-2.4000860547179794,4
3699,60,20,78,10,-2.402430835134886,10
3700,80,26,20,14,-2.4033351571638573,12
3701,69,18,9,10,-2.4050002453980612,8
3702,38,21,68,12,-2.407021082950757,9
3703,51,24,47,12,-2.4094573680997575,12
3704,93,33,8,17,-2.4111455321691304,16
3705,92,11,65,6,-2.411285975254871,5
3706,39,35,71,19,-2.4158892555534424,16
3707,54,17,94,9,-2.418369665890047,8
3708,25,46,107,24,-2.4187485647838773,22
3709,99,11,109,6,-2.419517402501058,5
3710,1,22,60,12,-2.4237761384069962,10
3711,17,18,34,10,-2.4265857697933275,8
3712,75,20,91,7,-2.4323694332612673,13
3713,51,19,14,12,-2.4338441230915153,7
3714,64,37,107,19,-2.435414553814307,18
3715,106,39,55,22,-2.4381392466666045,17
3716,86,18,12,10,-2.4382543520920796,8
3717,88,31,96,16,-2.4406464912019885,15
3718,50,10,32,4,-2.4440541907162716,6
3719,3,20,28,11,-2.459553189839291,9
3720,27,10,54,5,-2.463869496934477,5
3721,69,17,74,8,-2.466497282082454,9
3722,74,40,87,22,-2.4671563114027464,18
3723,81,17,4,10,-2.467812477706327,7
3724,9,61,7,31,-2.4756046461152823,30
3725,39,30,95,16,-2.481130681096556,14
3726,111,11,18,6,-2.489910872635885,5
3727,3,20,65,11,-2.4971368500383213,9
3728,109,18,37,10,-2.5010134043415313,8
3729,51,70,88,34,-2.5063635186764337,36
3730,96,37,106,21,-2.5084238105055885,16
3731,107,30,34,17,-2.5096553899166283,13
3732,28,98,86,54,-2.509853723281828,44
3733,55,43,75,25,-2.5125301308500276,18
3734,36,15,12,8,-2.5163199425137495,7
3735,54,34,80,17,-2.5244394841569355,17
3736,50,32,39,17,-2.524569549657206,15
3737,4,18,39,10,-2.5267698999647226,8
3738,51,45,8,24,-2.5271962911390995,21
3739,9,33,36,18,-2.527924078037467,15
3740,64,27,87,14,-2.5304532187422577,13
3741,95,20,20,11,-2.5325274069422727,9
3742,60,50,39,26,-2.5355246842136108,24
3743,60,11,111,7,-2.535604443502029,4
3744,11,35,63,21,-2.539597707853179,14
3745,16,13,52,7,-2.542332195506543,6
3746,38,20,64,11,-2.5449420802693488,9
3747,36,74,7,40,-2.54935875079736,34
3748,1,19,73,11,-2.5534291003907295,8
3749,83,16,51,10,-2.556300922595479,6
3750,63,10,83,4,-2.557624644664858,6
3751,51,43,28,22,-2.5635290356109595,21
3752,87,13,92,7,-2.5651869545632544,6
3753,107,50,50,26,-2.5656690703128167,24
3754,51,49,54,26,-2.5667721144959477,23
3755,3,13,69,8,-2.5732249505733895,5
3756,107,21,94,13,-2.5762275157795087,8
3757,71,14,69,7,-2.582352607553779,7
3758,7,50,104,27,-2.5854072339864174,23
3759,62,21,87,11,-2.586304566496697,10
3760,87,25,71,13,-2.590103521421834,12
3761,109,10,1,5,-2.592960677140225,5
3762,31,23,39,13,-2.5934090452929364,10
3763,27,19,40,8,-2.5947052105553348,11
3764,91,23,36,13,-2.600483205457647,10
3765,107,25,85,13,-2.601380149286501,12
3766,90,37,107,19,-2.6015860655240464,18
3767,13,88,16,49,-2.6067748107809496,39
3768,1,29,40,16,-2.608102727316189,13
3769,86,20,93,11,-2.6126285193850958,9
3770,40,16,11,9,-2.612795985816362,7
3771,2,13,76,8,-2.6134640032331116,5
3772,64,28,75,15,-2.614396425436705,13
3773,41,12,11,8,-2.6159479780993316,4
3774,86,36,91,19,-2.627461430980282,17
3775,11,10,15,5,-2.630075529152564,5
3776,39,30,17,17,-2.63473827504273,13
3777,54,13,110,7,-2.6358849029934492,6
3778,106,10,10,7,-2.639964127087713,3
3779,72,15,54,8,-2.641293556986857,7
3780,95,14,33,8,-2.6415453896084555,6
3781,5,60,16,35,-2.643518445682432,25
3782,37,21,30,12,-2.6448172779185537,9
3783,86,43,23,23,-2.6484576158238538,20
3784,8,24,30,13,-2.6514132136935475,11
3785,65,48,53,25,-2.6519126498591334,23
3786,36,13,57,8,-2.653116090105381,5
3787,88,29,92,16,-2.65412565592523,13
3788,91,13,74,7,-2.658254293210725,6
3789,76,10,47,3,-2.6595736051653853,7
3790,27,49,7,26,-2.6647214457148434,23
3791,98,13,19,6,-2.6648484010439395,7
3792,74,25,114,13,-2.666972342657448,12
3793,75,18,95,10,-2.672802736686619,8
3794,44,17,25,9,-2.673535476281759,8
3795,5,25,39,13,-2.6791322172692884,12
3796,17,17,90,8,-2.680753861205159,9
3797,35,11,13,6,-2.684594978225239,5
3798,71,40,65,23,-2.6867803351656674,17
3799,88,40,11,22,-2.6877923972728404,18
3800,18,14,12,8,-2.7036570911929836,6
3801,70,16,49,8,-2.7131214221068403,8
3802,80,11,95,6,-2.7197438471090796,5
3803,28,50,11,26,-2.7199624016130106,24
3804,70,31,104,17,-2.7208109249750048,14
3805,88,53,55,31,-2.721264805593774,22
3806,34,12,75,6,-2.7327928404854562,6
3807,106,50,65,27,-2.735321183024918,23
3808,63,12,99,6,-2.7377253409939377,6
3809,104,22,97,11,-2.7396377781056187,11
3810,112,23,63,12,-2.74696539057072,11
3811,19,12,38,8,-2.7513058656159664,4
3812,60,31,18,17,-2.759241709022921,14
3813,8,79,86,40,-2.762520741926732,39
3814,77,17,5,9,-2.7658375671945885,8
3815,40,11,38,5,-2.771552043064858,6
3816,10,11,5,5,-2.7716738654503192,6
3817,91,31,28,17,-2.78581966806185,14
3818,97,15,9,7,-2.7891659901703596,8
3819,36,13,100,7,-2.7923934619121096,6
3820,1,26,7,14,-2.793205495238504,12
3821,86,43,9,24,-2.7938250291777984,19
3822,114,25,4,13,-2.7973762559419417,12
3823,109,20,50,11,-2.798084616202662,9
3824,54,14,29,7,-2.799406704814975,7
3825,112,14,106,7,-2.805082024542768,7
3826,41,15,99,8,-2.808167291861728,7
3827,36,32,1,16,-2.8095303452930684,16
3828,48,17,65,10,-2.813018636762518,7
3829,98,12,39,7,-2.813957257779375,5
3830,47,13,64,8,-2.821240379057225,5
3831,71,13,18,7,-2.821320109059578,6
3832,38,21,16,13,-2.8217292489636367,8
3833,109,14,40,8,-2.8243745319718685,6
3834,81,23,53,13,-2.832269045840244,10
3835,74,33,104,19,-2.832959821636547,14
3836,65,18,77,9,-2.836180648453273,9
3837,60,12,89,6,-2.8396731138810423,6
3838,23,19,95,10,-2.8404436396815522,9
3839,104,13,23,8,-2.8445076862849517,5
3840,44,13,28,6,-2.846139863099275,7
3841,33,13,97,7,-2.8486496222061595,6
3842,18,20,74,10,-2.8496142222224696,10
3843,17,27,7,15,-2.85132939083683,12
3844,57,17,68,9,-2.8518699569408628,8
3845,96,16,73,9,-2.853430398009382,7
3846,99,18,51,9,-2.8534777973740635,9
3847,104,35,39,19,-2.8536678809946237,16
3848,17,11,99,6,-2.8559138463200195,5
3849,65,25,15,14,-2.862354953283159,11
3850,63,23,46,11,-2.867241869896345,12
3851,20,42,87,22,-2.869120615934056,20
3852,69,21,87,12,-2.8736651185365396,9
3853,75,21,27,11,-2.8742147115996155,10
3854,60,23,63,13,-2.8746236800640066,10
3855,51,25,57,13,-2.877334539088243,12
3856,16,13,85,8,-2.8813506371354958,5
3857,65,11,85,6,-2.8887980695165383,5
3858,74,24,75,14,-2.8903655619324415,10
3859,55,71,13,38,-2.895942627228282,33
3860,70,10,44,5,-2.8975248911261424,5
3861,112,10,45,6,-2.897726145007349,4
3862,108,13,71,7,-2.8992906212622866,6
3863,109,51,28,29,-2.9004083862878964,22
3864,37,19,91,10,-2.9050960547005253,9
3865,79,15,7,8,-2.9111710091731053,7
3866,108,12,25,7,-2.9132670669268257,5
3867,106,19,102,9,-2.9207255392565092,10
3868,86,82,74,43,-2.9212877807151494,39
3869,3,17,104,9,-2.92201179658475,8
3870,63,31,9,17,-2.9234885327226117,14
3871,100,24,8,14,-2.9246971191484055,10
3872,3,15,61,7,-2.93476140357165,8
3873,87,20,36,12,-2.9355732508976633,8
3874,41,46,51,25,-2.9363641975371872,21
3875,76,17,30,10,-2.9372015853586078,7
3876,40,32,41,17,-2.946728808508273,15
3877,65,20,18,10,-2.9468351166959508,10
3878,38,31,86,17,-2.9478210267751135,14
3879,8,16,80,8,-2.9519293865537106,8
3880,46,23,114,13,-2.9631435316072414,10
3881,57,18,25,10,-2.964934950553877,8
3882,53,11,47,6,-2.967218161853792,5
3883,37,21,2,11,-2.96975801126945,10
3884,4,32,36,19,-2.9739066740354194,13
3885,106,36,84,18,-2.9754739608250116,18
3886,51,12,6,6,-2.980948961210987,6
3887,7,25,100,14,-2.9877637593718043,11
3888,60,17,38,10,-2.989624968675235,7
3889,18,10,27,5,-2.996654278290003,5
3890,86,35,100,17,-2.9989096814479628,18
3891,69,11,4,6,-2.9994841766617175,5
3892,34,14,96,8,-3.001763014782562,6
3893,20,37,88,19,-3.003632967463921,18
3894,37,47,20,25,-3.0049852144749636,22
3895,29,16,7,7,-3.0054928601317066,9
3896,7,27,6,12,-3.013941061604383,15
3897,99,12,27,6,-3.0280763102634345,6
3898,49,16,65,9,-3.0342561495428084,7
3899,3,10,62,6,-3.0368788868426506,4
3900,65,39,25,23,-3.0368934823131157,16
3901,87,20,27,11,-3.0371137450576833,9
3902,96,13,38,7,-3.0422152322461713,6
3903,79,14,63,8,-3.058560696950154,6
3904,86,42,71,22,-3.0606693617391714,20
3905,55,14,48,8,-3.0636269177668387,6
3906,25,18,71,10,-3.0644100067848146,8
3907,114,40,60,18,-3.0670908685799043,22
3908,55,22,20,12,-3.0673393388469985,10
3909,25,30,75,17,-3.069551733540898,13
3910,41,11,74,5,-3.0735662157516845,6
3911,87,14,45,8,-3.086220297325659,6
3912,86,31,49,16,-3.0977725602373374,15
3913,91,10,64,6,-3.0993479020870796,4
3914,68,14,99,8,-3.100103615084465,6
3915,27,13,74,6,-3.1002755903304386,7
3916,60,15,92,9,-3.101629065738581,6
3917,106,25,109,13,-3.1028448270841773,12
3918,86,91,63,53,-3.106277287763664,38
3919,4,24,50,12,-3.1105592371369597,12
3920,17,25,25,14,-3.1106502600539105,11
3921,80,11,36,6,-3.1158574211756616,5
3922,43,11,112,6,-3.1359235341148506,5
3923,23,23,75,11,-3.148733601092015,12
3924,84,85,86,44,-3.15758944772919,41
3925,82,21,86,12,-3.1586560919846263,9
3926,1,36,68,20,-3.1610454054119046,16
3927,62,17,13,9,-3.161295276739798,8
3928,74,14,90,9,-3.168061351028922,5
3929,86,16,110,9,-3.1694821197260485,7
3930,60,25,106,15,-3.171261503808182,10
3931,7,32,43,19,-3.1749602918386843,13
3932,65,25,83,13,-3.1850517665827933,12
3933,48,21,11,12,-3.1860024351672225,9
3934,50,54,37,28,-3.1883352760136074,26
3935,5,61,88,32,-3.1946532218196624,29
3936,81,14,68,8,-3.1985312995714845,6
3937,5,49,55,27,-3.198953177181802,22
3938,39,41,36,23,-3.1998605067578225,18
3939,76,12,44,7,-3.2019945343572456,5
3940,17,28,106,17,-3.2039846830051117,11
3941,60,15,84,10,-3.2064037329190676,5
3942,31,47,60,23,-3.2094707274879264,24
3943,97,19,50,11,-3.210625734622642,8
3944,74,16,17,9,-3.21177055102783,7
3945,23,19,64,10,-3.2123729115980186,9
3946,100,11,9,7,-3.213107615631007,4
3947,28,39,55,23,-3.2184704312839756,16
3948,63,29,97,16,-3.219195053710692,13
3949,60,12,19,6,-3.2212734189392322,6
3950,7,55,23,30,-3.222928305376168,25
3951,16,21,4,10,-3.223993814900797,11
3952,35,18,16,11,-3.2305329948687067,7
3953,87,21,2,12,-3.2308938185741103,9
3954,97,10,56,5,-3.2314262120369195,5
3955,36,49,107,26,-3.234838704648262,23
3956,8,73,16,41,-3.235146261191491,32
3957,60,25,99,14,-3.238194459102709,11
3958,8,18,68,10,-3.2434866605613224,8
3959,27,11,28,7,-3.2491657307621873,4
3960,16,45,41,23,-3.2495789716339614,22
3961,6,15,68,9,-3.251551578791195,6
3962,25,47,114,27,-3.2540864225169766,20
3963,95,14,84,8,-3.2568961944145873,6
3964,74,24,7,15,-3.257493143792889,9
3965,95,14,76,8,-3.257651508839797,6
3966,54,56,28,31,-3.262278028179984,25
3967,7,114,13,62,-3.264302615697635,52
3968,13,23,100,13,-3.2681740195772764,10
3969,102,12,13,8,-3.269263582511039,4
3970,93,14,70,8,-3.2714518634318708,6
3971,67,13,114,7,-3.274670651234843,6
3972,86,49,60,27,-3.2754717222931737,22
3973,47,22,107,12,-3.281473065538478,10
3974,51,86,13,45,-3.2899576779578994,41
3975,41,22,57,13,-3.299539223302888,9
3976,5,60,104,32,-3.3007473735225057,28
3977,48,29,28,16,-3.3030143286202387,13
3978,15,12,28,6,-3.307663426492388,6
3979,66,11,86,6,-3.309294151623436,5
3980,72,22,13,11,-3.3113518302442655,11
3981,75,31,60,17,-3.313915862803686,14
3982,84,16,97,10,-3.316428205809935,6
3983,30,18,49,10,-3.318164342935083,8
3984,17,26,28,14,-3.328116205795543,12
3985,50,19,41,11,-3.331657114556132,8
3986,109,12,69,7,-3.3344685187765157,5
3987,76,13,71,6,-3.3359186512389036,7
3988,5,13,68,7,-3.3380294056441127,6
3989,98,20,54,11,-3.3414082574983,9
3990,33,13,75,8,-3.342736023465549,5
3991,70,47,16,27,-3.3445553948476245,20
3992,91,15,40,8,-3.345577169162442,7
3993,20,10,83,5,-3.347889825164404,5
3994,107,15,14,9,-3.3479962116917545,6
3995,70,30,88,17,-3.3524090493184286,13
3996,3,12,54,6,-3.3552278990212483,6
3997,47,24,16,13,-3.3618794644533065,11
3998,8,23,14,13,-3.3634201583462153,10
3999,97,25,54,13,-3.364815342765676,12
4000,20,17,40,10,-3.3649339637959637,7
4001,17,11,72,6,-3.3662129756747095,5
4002,55,56,107,30,-3.369618935589803,26
4003,44,13,100,7,-3.3720452657314217,6
4004,98,15,73,8,-3.3800553651819163,7
4005,55,28,36,15,-3.383336577257353,13
4006,9,28,60,17,-3.384232112219374,11
4007,88,13,19,7,-3.3883003963549876,6
4008,55,48,39,27,-3.3894226122709816,21
4009,104,10,73,6,-3.391491099464731,4
4010,28,13,4,7,-3.3940824912486858,6
4011,17,20,68,12,-3.395638967050424,8
4012,87,29,76,17,-3.3995265465111264,12
4013,84,29,55,16,-3.4012305577969593,13
4014,98,26,104,12,-3.4091853213510745,14
4015,63,18,78,9,-3.4108461510871764,9
4016,36,11,17,5,-3.417273645156755,6
4017,37,12,4,7,-3.4218717037755084,5
4018,57,22,28,12,-3.435107524098107,10
4019,25,31,102,17,-3.4382241991917164,14
4020,39,29,114,15,-3.4411172111260955,14
4021,40,58,60,32,-3.4423663485116376,26
4022,55,28,76,17,-3.4438952481653042,11
4023,46,25,68,14,-3.4494659871080535,11
4024,23,21,37,11,-3.4530437057487418,10
4025,5,23,33,12,-3.454327509177194,11
4026,20,27,11,16,-3.455641949633459,11
4027,51,49,106,27,-3.457607975311812,22
4028,1,32,13,19,-3.462932922524283,13
4029,76,23,46,13,-3.4689542345765494,10
4030,5,60,74,32,-3.4699961467083447,28
4031,16,14,73,7,-3.4738693799097957,7
4032,81,10,23,6,-3.4745303728026347,4
4033,54,57,96,29,-3.47661338595835,28
4034,18,16,55,8,-3.481046717374471,8
4035,70,20,25,11,-3.484518115943737,9
4036,71,18,12,10,-3.4874429459484335,8
4037,51,30,36,16,-3.4874600225025065,14
4038,36,13,62,7,-3.489528327052378,6
4039,114,36,97,20,-3.494809729950691,16
4040,9,26,50,15,-3.4989626487903873,11
4041,63,18,49,10,-3.500149915800845,8
4042,23,16,74,9,-3.5053157619270587,7
4043,33,10,49,6,-3.5057518320537775,4
4044,104,38,8,21,-3.5073414065674897,17
4045,107,75,13,40,-3.512652478837215,35
4046,106,50,107,27,-3.5165007722129795,23
4047,17,39,16,24,-3.519303718783672,15
4048,43,18,63,10,-3.5248517337852396,8
4049,76,17,20,8,-3.5278207011714757,9
4050,25,17,93,9,-3.530039788975629,8
4051,7,15,44,8,-3.535266020755452,7
4052,69,26,88,15,-3.536532050456282,11
4053,36,65,40,37,-3.5400829247343655,28
4054,76,27,28,14,-3.5440767696346973,13
4055,4,13,30,7,-3.554167963462701,6
4056,57,13,23,7,-3.554408044637194,6
4057,36,19,28,10,-3.554999615354126,9
4058,86,90,7,52,-3.5577462755235434,38
4059,33,11,64,7,-3.558110801858625,4
4060,69,25,41,16,-3.5647588534800048,9
4061,3,15,81,9,-3.5653849933326986,6
4062,23,12,33,7,-3.5712223539857573,5
4063,28,50,20,28,-3.5784154895374147,22
4064,95,10,97,6,-3.58943247133478,4
4065,71,13,58,7,-3.5901555481142533,6
4066,112,28,65,16,-3.591244371403726,12
4067,13,14,34,7,-3.5918746626908375,7
4068,91,13,102,7,-3.5942640564526322,6
4069,94,13,55,7,-3.6120696685756326,6
4070,107,48,11,27,-3.612558686307432,21
4071,18,19,43,9,-3.6267699505365183,10
4072,87,107,86,55,-3.6292274243498333,52
4073,94,12,19,7,-3.6332116364813576,5
4074,108,14,75,8,-3.634090811617301,6
4075,107,72,88,41,-3.6375933381747343,31
4076,70,10,14,5,-3.6470421341148493,5
4077,2,19,16,11,-3.6499962386684315,8
4078,50,13,27,8,-3.6503401008022798,5
4079,65,47,23,25,-3.650632324208862,22
4080,18,11,17,5,-3.6519056838531805,6
4081,9,15,109,7,-3.6538651478462696,8
4082,32,21,107,11,-3.6546977761524695,10
4083,71,10,90,5,-3.656103603020123,5
4084,23,22,63,13,-3.656375723040438,9
4085,100,11,53,6,-3.6569500587649983,5
4086,96,33,97,17,-3.6574389351582637,16
4087,19,11,9,6,-3.6655477701213557,5
4088,112,10,14,6,-3.665654955195535,4
4089,87,25,80,14,-3.671802865102298,11
4090,27,12,71,7,-3.672482180614423,5
4091,68,14,101,9,-3.6742625668258904,5
4092,55,19,34,10,-3.680955248563573,9
4093,51,37,114,19,-3.6824882422691596,18
4094,53,48,39,27,-3.685116242956752,21
4095,28,25,60,12,-3.7035703279957386,13
4096,43,17,106,9,-3.706853967971227,8
4097,86,12,6,7,-3.71051078907743,5
4098,5,21,15,13,-3.7147342263498238,8
4099,27,31,16,18,-3.7151603873312804,13
4100,81,17,39,10,-3.728914203220536,7
4101,107,22,15,14,-3.7321712067825557,8
4102,94,23,43,12,-3.734495197976475,11
4103,25,65,86,35,-3.735239092039536,30
4104,4,13,1,8,-3.7360390878519714,5
4105,40,42,53,23,-3.7429391558119995,19
4106,30,12,19,7,-3.743863776224434,5
4107,53,55,18,30,-3.7518428116438605,25
4108,109,33,51,21,-3.752003613096799,12
4109,6,16,88,9,-3.7570512530434645,7
4110,15,13,47,7,-3.7602698343279473,6
4111,40,69,13,38,-3.7693846533253215,31
4112,65,90,16,51,-3.773083718958,39
4113,4,19,63,11,-3.7758336578086884,8
4114,92,13,104,6,-3.7768187223532292,7
4115,23,48,107,26,-3.7778307981128196,22
4116,65,74,104,40,-3.778164926289779,34
4117,93,10,7,5,-3.7802315490169662,5
4118,37,12,94,7,-3.788108137633397,5
4119,60,13,80,7,-3.788360223509818,6
4120,86,11,19,6,-3.7947428736900837,5
4121,104,13,20,8,-3.7974160411444697,5
4122,78,12,39,6,-3.805891795343841,6
4123,5,16,110,9,-3.8138584796050923,7
4124,91,28,5,17,-3.814625093066516,11
4125,18,32,86,19,-3.8203668272153477,13
4126,3,10,49,6,-3.8208441036339096,4
4127,4,21,55,11,-3.821660634263143,10
4128,64,14,44,8,-3.824222642884567,6
4129,3,11,4,6,-3.825046392091852,5
4130,66,12,60,8,-3.8266322198174065,4
4131,87,16,44,9,-3.826754946057649,7
4132,51,33,27,20,-3.827314183962787,13
4133,51,30,70,16,-3.8297117807076546,14
4134,87,38,30,21,-3.8298987122526276,17
4135,13,26,91,14,-3.8317482607331113,12
4136,46,13,38,8,-3.8338597693432233,5
4137,7,26,20,14,-3.839940256500115,12
4138,31,23,18,12,-3.8430258307678655,11
4139,31,11,28,6,-3.845374758093618,5
4140,54,50,46,28,-3.846547643547206,22
4141,111,34,65,20,-3.8475275648066676,14
4142,114,25,41,13,-3.8544949021986654,12
4143,51,16,11,8,-3.8660778701548084,8
4144,68,11,108,6,-3.86884903956731,5
4145,87,36,95,20,-3.8694007735692093,16
4146,98,13,18,6,-3.8754830902904,7
4147,84,18,13,11,-3.8772310858518697,7
4148,108,11,30,6,-3.88226795119385,5
4149,112,11,1,5,-3.8826933985340957,6
4150,46,44,51,25,-3.8852508517734274,19
4151,17,15,11,8,-3.886158778436342,7
4152,63,39,74,21,-3.890775716060593,18
4153,62,13,76,7,-3.8913968956310074,6
4154,11,44,55,26,-3.8920841591670357,18
4155,20,13,18,8,-3.8928283548315483,5
4156,37,26,102,15,-3.901578428361024,11
4157,49,19,98,10,-3.906322793569991,9
4158,96,21,60,14,-3.9124280698247627,7
4159,86,13,89,6,-3.9174928376954097,7
4160,70,38,37,22,-3.9227382855891673,16
4161,2,28,5,16,-3.923277825320168,12
4162,63,28,64,15,-3.9273689023243743,13
4163,50,11,57,7,-3.929027822248146,4
4164,68,60,88,34,-3.9324375184744165,26
4165,16,35,97,19,-3.9340820840887147,16
4166,97,10,80,6,-3.9365866928471034,4
4167,93,11,3,5,-3.9394735942906975,6
4168,107,23,29,15,-3.943667091369638,8
4169,40,11,6,6,-3.9442678680230827,5
4170,104,50,88,29,-3.9536343834384904,21
4171,17,34,65,21,-3.9540701507148897,13
4172,93,24,74,13,-3.960101768879081,11
4173,112,10,72,5,-3.960486504978045,5
4174,14,12,96,7,-3.975747798085754,5
4175,68,20,15,12,-3.979692185716907,8
4176,86,109,16,62,-3.9916454008042868,47
4177,31,12,66,7,-4.0087548725586535,5
4178,29,22,84,12,-4.010792122781038,10
4179,54,36,55,19,-4.011039158800405,17
4180,110,20,8,12,-4.013172679497405,8
4181,107,90,87,50,-4.0132668328555114,40
4182,51,44,104,27,-4.015424408222765,17
4183,47,13,71,7,-4.030916530509354,6
4184,38,18,9,10,-4.035727579019443,8
4185,43,10,1,5,-4.03897671575872,5
4186,109,33,88,19,-4.04309303959431,14
4187,50,21,7,11,-4.045740478776831,10
4188,40,10,32,5,-4.050021677419869,5
4189,69,27,51,16,-4.050423840769318,11
4190,38,10,34,6,-4.0610942900478735,4
4191,38,13,51,8,-4.063140921851932,5
4192,95,10,43,6,-4.0633983206079485,4
4193,60,38,87,20,-4.070682609249087,18
4194,50,22,74,12,-4.086243740312161,10
4195,19,11,36,6,-4.0885902184216905,5
4196,97,21,87,13,-4.089970328864312,8
4197,35,24,20,14,-4.098728722002913,10
4198,93,20,83,11,-4.100880722204593,9
4199,19,13,84,7,-4.111819285053134,6
4200,112,33,86,19,-4.113604145090607,14
4201,102,31,28,17,-4.12543311995288,14
4202,65,22,45,11,-4.125923170388699,11
4203,104,32,76,19,-4.135711821894891,13
4204,20,11,71,7,-4.136430557393971,4
4205,69,11,11,7,-4.1379214913131195,4
4206,87,29,3,17,-4.140165197233932,12
4207,71,47,53,27,-4.141303557057988,20
4208,77,28,13,16,-4.142553833006349,12
4209,73,13,20,8,-4.146065391689571,5
4210,3,13,96,7,-4.14984060644092,6
4211,62,10,60,6,-4.155747625311636,4
4212,62,29,86,16,-4.168140003828562,13
4213,68,17,12,10,-4.176829780683943,7
4214,7,18,80,11,-4.182061930373812,7
4215,25,27,23,15,-4.182190113226027,12
4216,48,14,7,7,-4.194687020035504,7
4217,100,18,23,11,-4.197161790157007,7
4218,5,116,86,66,-4.198444147829551,50
4219,40,11,15,6,-4.201647176656486,5
4220,36,56,65,32,-4.205692860728475,24
4221,68,41,41,23,-4.207626519911899,18
4222,107,20,93,12,-4.219148957246671,8
4223,31,21,87,11,-4.220659397575877,10
4224,18,19,4,11,-4.220670692754493,8
4225,44,11,71,6,-4.223524348839462,5
4226,65,16,109,11,-4.2330518085976205,5
4227,74,12,31,7,-4.240578281890586,5
4228,34,14,106,7,-4.243674039664674,7
4229,29,12,9,7,-4.247154248113976,5
4230,80,17,104,9,-4.256665633473226,8
4231,87,33,23,20,-4.2566804889481435,13
4232,107,30,91,18,-4.264126621091654,12
4233,16,16,103,9,-4.27064958267566,7
4234,96,12,33,5,-4.271042933020871,7
4235,12,18,88,10,-4.271852106961349,8
4236,54,27,9,15,-4.272544772651764,12
4237,104,54,86,30,-4.276251009605023,24
4238,3,10,19,6,-4.287838931107965,4
4239,54,63,20,33,-4.290782184792433,30
4240,54,30,30,17,-4.295304900191639,13
4241,44,21,20,12,-4.299103845073811,9
4242,38,22,7,12,-4.300171500471751,10
4243,54,28,25,16,-4.300413553073274,12
4244,53,27,106,14,-4.302319600135899,13
4245,109,22,20,14,-4.302333411252665,8
4246,71,42,16,25,-4.3051763919274695,17
4247,52,10,50,5,-4.308197298973348,5
4248,20,19,17,11,-4.3112321942034,8
4249,17,23,97,13,-4.313428551304956,10
4250,71,14,70,7,-4.315612188206777,7
4251,40,22,4,12,-4.316643149060896,10
4252,37,23,98,13,-4.327931130640238,10
4253,41,19,95,11,-4.332143979792176,8
4254,22,12,60,7,-4.334241842742782,5
4255,65,29,70,18,-4.3439841796636145,11
4256,88,24,47,13,-4.347102674354305,11
4257,54,31,104,17,-4.355933806560285,14
4258,71,31,64,19,-4.35947313780117,12
4259,46,60,13,35,-4.360950810750817,25
4260,11,13,33,6,-4.365968233102095,7
4261,87,20,94,11,-4.367418143965147,9
4262,23,23,40,13,-4.36842332680331,10
4263,58,13,55,7,-4.369004483506263,6
4264,9,24,55,14,-4.371040618945101,10
4265,51,12,85,6,-4.372397467367475,6
4266,98,13,60,7,-4.372454949323837,6
4267,25,33,87,18,-4.379098196808543,15
4268,49,24,87,12,-4.380791657180536,12
4269,76,23,65,14,-4.385586505985179,9
4270,43,26,51,14,-4.390788502279346,12
4271,86,20,111,12,-4.3910837466552355,8
4272,112,16,41,9,-4.393369197219724,7
4273,38,32,107,19,-4.39393220007557,13
4274,29,10,11,5,-4.395627118404059,5
4275,64,20,114,12,-4.407773657880816,8
4276,57,12,64,7,-4.4096800085415095,5
4277,53,64,7,36,-4.416213736910661,28
4278,13,30,99,17,-4.420966828834257,13
4279,87,20,102,12,-4.423994697827658,8
4280,20,14,23,8,-4.42777867543601,6
4281,53,35,16,21,-4.432680586189367,14
4282,46,58,86,36,-4.433062748950475,22
4283,88,11,45,7,-4.4416566980945715,4
4284,51,24,1,13,-4.443642769643949,11
4285,109,15,95,9,-4.444131433700797,6
4286,37,33,13,19,-4.448467961015428,14
4287,50,42,2,24,-4.448957186147167,18
4288,31,67,7,38,-4.453212370234459,29
4289,16,44,95,24,-4.453378575583385,20
4290,73,12,50,8,-4.454782630059153,4
4291,97,11,77,7,-4.454901155383999,4
4292,64,15,49,8,-4.458412060664094,7
4293,88,43,75,25,-4.458661851679064,18
4294,50,15,3,8,-4.464463620895281,7
4295,32,18,37,10,-4.466542082918519,8
4296,57,10,91,5,-4.468260927215542,5
4297,25,31,96,17,-4.472832877552798,14
4298,107,33,95,18,-4.475609109265347,15
4299,11,15,93,10,-4.484686270589563,5
4300,37,15,93,9,-4.4934456656390305,6
4301,112,20,75,12,-4.4989690721071325,8
4302,43,13,17,7,-4.501405777799932,6
4303,110,13,87,8,-4.501644038521952,5
4304,54,17,78,10,-4.506577020775673,7
4305,104,10,62,7,-4.506645682517949,3
4306,69,10,80,5,-4.508733977407145,5
4307,29,16,28,9,-4.513248021932703,7
4308,55,43,37,23,-4.516821858156877,20
4309,28,71,50,41,-4.530365152854882,30
4310,75,23,106,12,-4.532198108241345,11
4311,68,28,71,17,-4.532265816801446,11
4312,102,24,8,13,-4.537070383836358,11
4313,76,24,23,13,-4.537606040144393,11
4314,49,18,68,10,-4.546688369508432,8
4315,39,11,1,5,-4.548291694643937,6
4316,15,18,99,11,-4.551461310618722,7
4317,46,15,83,8,-4.551826612706302,7
4318,112,10,74,6,-4.553694289700708,4
4319,23,15,70,8,-4.554568026577778,7
4320,104,16,99,8,-4.562749239239297,8
4321,95,14,99,8,-4.572737764013027,6
4322,58,23,7,12,-4.575034525669345,11
4323,65,16,99,9,-4.579704538683142,7
4324,8,30,60,16,-4.584471076654315,14
4325,96,32,50,18,-4.592653394244437,14
4326,94,12,27,7,-4.59724432284417,5
4327,95,13,77,7,-4.601493224452909,6
4328,30,11,23,6,-4.601908928188203,5
4329,3,35,7,21,-4.603775118928218,14
4330,66,10,88,6,-4.60434245546846,4
4331,86,72,37,40,-4.607837359690986,32
4332,9,17,49,9,-4.620658268254684,8
4333,87,63,8,36,-4.620917268255847,27
4334,51,106,16,59,-4.626612846472604,47
4335,110,15,106,8,-4.633960085739299,7
4336,25,22,60,12,-4.636282806493915,10
4337,109,19,73,11,-4.637139105733963,8
4338,13,14,73,8,-4.6427133386229835,6
4339,16,21,6,11,-4.642825718029856,10
4340,96,39,63,24,-4.649023449526139,15
4341,25,15,27,8,-4.649655011418167,7
4342,60,29,30,19,-4.653426738413294,10
4343,47,15,25,8,-4.655390231832644,7
4344,100,19,28,11,-4.660885966766407,8
4345,98,14,55,9,-4.662824671110213,5
4346,64,13,80,7,-4.665596394208,6
4347,8,12,52,7,-4.669562642233976,5
4348,64,48,13,25,-4.670216629866639,23
4349,5,16,71,9,-4.686451238703376,7
4350,41,26,60,14,-4.687979614839917,12
4351,62,10,97,6,-4.689387738532959,4
4352,58,13,51,7,-4.6987757235739265,6
4353,60,45,55,25,-4.699539635247212,20
4354,18,31,88,17,-4.699584875943505,14
4355,46,23,20,15,-4.708713070266484,8
4356,71,16,43,8,-4.709770232299069,8
4357,18,37,28,20,-4.710953949587104,17
4358,72,10,15,6,-4.7131251167737505,4
4359,12,14,74,8,-4.7158981291394015,6
4360,86,17,47,10,-4.720142586161406,7
4361,75,14,15,9,-4.7291616067808215,5
4362,46,11,6,6,-4.730994669309113,5
4363,84,48,51,28,-4.731865068752452,20
4364,46,41,8,22,-4.737192297274267,19
4365,3,11,97,7,-4.7402730889790226,4
4366,65,57,55,32,-4.74405737741087,25
4367,77,16,25,9,-4.745845616411638,7
4368,5,30,90,18,-4.752640516818982,12
4369,50,16,93,10,-4.755526241513055,6
4370,41,31,64,19,-4.758473174288668,12
4371,54,21,15,11,-4.763758842474269,10
4372,97,16,60,8,-4.770560692259115,8
4373,31,15,12,8,-4.770632464521183,7
4374,70,13,90,7,-4.771084444295363,6
4375,17,14,1,8,-4.774691835698866,6
4376,94,14,114,7,-4.775696268753724,7
4377,29,12,46,5,-4.775703546529658,7
4378,5,12,9,7,-4.777710715122403,5
4379,50,48,87,26,-4.778093921608591,22
4380,9,52,88,30,-4.7788733200067295,22
4381,5,33,76,19,-4.788314400539968,14
4382,13,27,57,14,-4.793029671396856,13
4383,1,17,9,8,-4.79405950293998,9
4384,20,13,52,8,-4.795236183864801,5
4385,9,29,8,14,-4.796436219845456,15
4386,25,11,111,6,-4.797175922879397,5
4387,96,22,75,15,-4.80138149231193,7
4388,51,16,62,9,-4.803956475156109,7
4389,108,13,96,7,-4.805162668071275,6
4390,85,11,69,6,-4.808257383801068,5
4391,106,25,2,14,-4.808494527305082,11
4392,107,97,16,60,-4.810536055926655,37
4393,106,12,6,7,-4.810944704219048,5
4394,8,30,83,16,-4.811627367676455,14
4395,85,11,74,6,-4.812388004493803,5
4396,68,27,23,14,-4.819829270426411,13
4397,54,15,14,10,-4.820525855929131,5
4398,25,19,31,10,-4.823839301099763,9
4399,67,15,8,9,-4.8319098461555825,6
4400,57,13,27,7,-4.834692393096014,6
4401,39,39,75,21,-4.835166255544909,18
4402,64,20,83,11,-4.840996077098241,9
4403,51,30,5,19,-4.841333405150811,11
4404,38,10,20,7,-4.844230675667009,3
4405,7,101,16,57,-4.849773607468415,44
4406,100,23,104,14,-4.850527098250833,9
4407,32,12,97,7,-4.851459349576838,5
4408,107,12,52,8,-4.8612628499818085,4
4409,89,10,5,7,-4.862465640901751,3
4410,106,54,37,29,-4.865641247327304,25
4411,57,27,87,16,-4.871666288606831,11
4412,88,12,85,7,-4.873754317610231,5
4413,18,15,81,9,-4.877040041598751,6
4414,114,11,30,6,-4.882071098465157,5
4415,95,11,69,7,-4.882909765417962,4
4416,86,15,10,8,-4.884688083926197,7
4417,3,12,8,5,-4.887819375016217,7
4418,9,44,65,26,-4.887961308210908,18
4419,71,25,62,14,-4.888439777720532,11
4420,84,59,28,34,-4.889044052283284,25
4421,5,39,83,21,-4.890865835189012,18
4422,88,96,7,54,-4.898871034458087,42
4423,28,12,38,6,-4.907164394244693,6
4424,108,12,54,8,-4.909695920764134,4
4425,107,75,65,43,-4.913631286672484,32
4426,106,56,74,32,-4.924754963776778,24
4427,107,37,76,24,-4.925206406547868,13
4428,36,40,86,23,-4.927433251240003,17
4429,20,14,19,8,-4.927700194569555,6
4430,9,22,114,15,-4.931319071415344,7
4431,19,13,43,8,-4.933709936661163,5
4432,88,42,23,26,-4.935782926079016,16
4433,54,19,85,12,-4.939303305813312,7
4434,28,27,93,17,-4.941127481170006,10
4435,87,14,77,8,-4.94240192025149,6
4436,49,12,76,7,-4.943121216792114,5
4437,68,19,56,10,-4.94813216675333,9
4438,84,21,9,12,-4.948134531388217,9
4439,8,32,13,19,-4.955794878282507,13
4440,77,18,39,10,-4.961640817784316,8
4441,90,23,96,14,-4.963939687748077,9
4442,38,16,109,10,-4.9644619615709695,6
4443,107,49,40,30,-4.964616090179718,19
4444,93,11,29,6,-4.975125458266239,5
4445,47,30,7,18,-4.980252625346254,12
4446,15,17,23,10,-4.9841342107101605,7
4447,39,25,27,13,-4.989393098929608,12
4448,31,23,50,13,-4.991999785997781,10
4449,71,15,74,8,-4.993812181109021,7
4450,63,30,104,17,-4.993963037729945,13
4451,54,33,11,19,-4.994161567753704,14
4452,68,12,32,8,-4.994599728673894,4
4453,106,41,7,21,-5.003800212982272,20
4454,5,26,93,16,-5.004460526821323,10
4455,49,35,16,20,-5.007093096161222,15
4456,63,14,81,8,-5.016441825370757,6
4457,13,32,63,18,-5.025476860594202,14
4458,52,12,65,8,-5.036995856643753,4
4459,79,14,11,7,-5.038711911658494,7
4460,9,41,75,24,-5.040607611984742,17
4461,63,29,55,16,-5.056066807562622,13
4462,112,26,53,13,-5.062618261015588,13
4463,71,32,30,18,-5.06395312621674,14
4464,65,17,46,11,-5.06610491085495,6
4465,34,11,78,6,-5.071880532012347,5
4466,33,13,90,8,-5.072843762888294,5
4467,20,10,32,7,-5.08216341529211,3
4468,95,24,60,14,-5.089480392621887,10
4469,104,25,53,14,-5.094260383198605,11
4470,70,23,55,13,-5.1032220329288345,10
4471,4,18,75,11,-5.1124286444655915,7
4472,98,22,11,12,-5.122669345045473,10
4473,58,30,40,16,-5.133397385337809,14
4474,3,21,36,13,-5.136055944816986,8
4475,69,12,40,8,-5.137627663794989,4
4476,51,12,35,7,-5.14727626674268,5
4477,88,15,44,8,-5.148664566159752,7
4478,49,26,107,14,-5.148888284740456,12
4479,9,24,106,14,-5.150083731218861,10
4480,88,10,94,6,-5.15036444902664,4
4481,50,28,76,18,-5.1519660961300575,10
4482,87,57,13,35,-5.153541140928682,22
4483,63,54,8,30,-5.156454172512432,24
4484,39,14,111,8,-5.158992286191917,6
4485,5,12,67,7,-5.159840528973067,5
4486,56,11,91,6,-5.160182814393273,5
4487,20,60,107,34,-5.163543558398883,26
4488,55,43,7,26,-5.169021709270008,17
4489,47,26,75,17,-5.17693162231529,9
4490,65,32,64,18,-5.182122584236016,14
4491,97,17,75,10,-5.183439015487436,7
4492,113,13,40,8,-5.193726392686624,5
4493,89,15,41,9,-5.196780511481055,6
4494,91,12,33,6,-5.213867650447791,6
4495,37,22,40,12,-5.218981261850287,10
4496,106,54,54,29,-5.222938310920249,25
4497,5,11,35,6,-5.226534281744142,5
4498,96,37,20,22,-5.229501973456112,15
4499,112,17,88,10,-5.231027938888665,7
4500,104,19,15,11,-5.23540400775586,8
4501,25,21,91,12,-5.23677892954369,9
4502,14,15,65,8,-5.239230657167625,7
4503,40,15,98,8,-5.239271076053038,7
4504,40,26,25,15,-5.242222631716463,11
4505,31,11,35,6,-5.255104723881262,5
4506,92,11,28,7,-5.266199037582341,4
4507,62,26,107,13,-5.266434681438653,13
4508,88,11,56,6,-5.280224334897691,5
4509,104,63,107,37,-5.28099267630876,26
4510,28,19,14,12,-5.2887953454841945,7
4511,86,21,99,13,-5.291638236148403,8
4512,39,49,40,29,-5.294535177326296,20
4513,22,12,109,7,-5.3030018855523124,5
4514,55,25,111,15,-5.307717141421055,10
4515,66,19,107,11,-5.307859110353936,8
4516,49,13,28,7,-5.31428031912519,6
4517,96,16,85,11,-5.314304637448896,5
4518,29,15,112,8,-5.316502717217538,7
4519,60,15,61,8,-5.316729344745585,7
4520,9,45,107,25,-5.322061725590964,20
4521,102,14,97,9,-5.335160623731844,5
4522,55,32,80,17,-5.338178788284693,15
4523,48,13,34,7,-5.344489341599535,6
4524,88,86,86,50,-5.345596536414867,36
4525,65,18,62,10,-5.345755023288058,8
4526,88,25,43,15,-5.351866788536154,10
4527,97,35,7,19,-5.356987360153851,16
4528,77,21,86,13,-5.357357465897488,8
4529,63,30,75,17,-5.362343223381898,13
4530,8,21,64,13,-5.374033093425483,8
4531,51,31,20,16,-5.3744679490472445,15
4532,30,18,7,9,-5.390495309133066,9
4533,90,31,54,18,-5.397442007333916,13
4534,64,10,84,7,-5.40179307430533,3
4535,66,11,9,6,-5.404825557202403,5
4536,58,11,4,7,-5.405037105567146,4
4537,37,11,49,6,-5.405793666619149,5
4538,65,65,87,39,-5.421192101641339,26
4539,18,18,91,11,-5.437015235679075,7
4540,85,14,28,8,-5.442415032587626,6
4541,51,11,93,6,-5.442643801494352,5
4542,57,18,97,10,-5.45235309786646,8
4543,71,43,75,27,-5.454468163058883,16
4544,78,29,86,17,-5.470278451303892,12
4545,86,67,11,38,-5.477045553827511,29
4546,75,10,14,6,-5.479308338136782,4
4547,70,23,114,14,-5.484820175107314,9
4548,69,12,47,7,-5.485890015271257,5
4549,77,14,49,9,-5.486596578437727,5
4550,40,49,65,28,-5.488110460552834,21
4551,62,10,18,6,-5.493140482819633,4
4552,102,10,67,6,-5.497246561771841,4
4553,75,40,18,23,-5.507084301877023,17
4554,109,13,32,7,-5.508051897308618,6
4555,83,19,95,12,-5.510188596504647,7
4556,9,35,28,19,-5.51465148212954,16
4557,37,59,87,35,-5.516733087496061,24
4558,20,10,62,6,-5.517288163699186,4
4559,13,20,26,13,-5.520285333416164,7
4560,7,33,28,20,-5.522079859732704,13
4561,102,14,33,8,-5.525239013163607,6
4562,88,23,30,12,-5.525413582454541,11
4563,68,45,114,26,-5.528966703625285,19
4564,23,31,106,16,-5.535479536227777,15
4565,30,12,15,7,-5.538463534767753,5
4566,69,26,65,15,-5.540534749641235,11
4567,84,16,75,9,-5.542746956131477,7
4568,75,51,86,28,-5.544222274149607,23
4569,2,22,20,13,-5.544865436021075,9
4570,84,18,25,11,-5.5466876181289715,7
4571,31,53,36,30,-5.548564460468652,23
4572,25,41,8,25,-5.550067480025435,16
4573,4,11,46,6,-5.55622187464566,5
4574,95,10,31,6,-5.5581891593402775,4
4575,104,60,37,36,-5.5634752610620195,24
4576,57,25,84,13,-5.566733949257732,12
4577,11,26,76,16,-5.5694789783630885,10
4578,69,11,42,6,-5.570250078296482,5
4579,98,10,3,5,-5.570597398737187,5
4580,94,13,39,8,-5.582337685105467,5
4581,68,21,62,12,-5.5910040455918875,9
4582,98,17,70,11,-5.604121247592223,6
4583,18,13,38,7,-5.6081144260834686,6
4584,94,18,68,10,-5.6083969761175405,8
4585,50,15,100,9,-5.612526049660052,6
4586,90,14,30,8,-5.614315415339312,6
4587,50,48,16,28,-5.617696720442926,20
4588,50,26,95,15,-5.619957219349124,11
4589,5,10,19,6,-5.6233787755961275,4
4590,17,21,5,14,-5.625033929201381,7
4591,73,28,86,15,-5.62531345595925,13
4592,107,43,100,23,-5.627353197100975,20
4593,51,46,75,26,-5.632745764536369,20
4594,11,10,85,6,-5.636472097896451,4
4595,98,14,108,8,-5.640790264148575,6
4596,76,17,84,10,-5.642369532504397,7
4597,74,23,73,14,-5.649045009007229,9
4598,97,13,39,8,-5.649731064357227,5
4599,97,10,4,6,-5.649870700339136,4
4600,61,13,9,8,-5.652969843590385,5
4601,68,12,43,7,-5.661402151081362,5
4602,82,11,54,7,-5.66427830231393,4
4603,37,48,16,28,-5.664774565241773,20
4604,99,31,16,18,-5.66581833704302,13
4605,37,39,75,25,-5.670197882049106,14
4606,25,10,94,5,-5.671887186214519,5
4607,12,11,54,6,-5.67450373056912,5
4608,95,10,102,6,-5.68531996234082,4
4609,38,23,63,15,-5.685369937239837,8
4610,55,25,30,15,-5.686463879094617,10
4611,112,20,13,11,-5.687118237465756,9
4612,5,46,106,28,-5.689619439430468,18
4613,43,10,23,6,-5.689859175567735,4
4614,32,10,70,5,-5.692479372096212,5
4615,62,17,53,10,-5.701449545318568,7
4616,16,46,30,27,-5.7052419462035315,19
4617,69,13,62,7,-5.706165822809073,6
4618,27,10,34,5,-5.713456149542282,5
4619,102,10,23,6,-5.716053822653882,4
4620,37,18,41,11,-5.716493275276267,7
4621,58,15,16,9,-5.72143638547768,6
4622,12,10,6,5,-5.722414314921584,5
4623,17,13,98,7,-5.72342530511381,6
4624,51,26,25,15,-5.726135112848949,11
4625,9,14,45,9,-5.727853500458989,5
4626,25,48,13,26,-5.729332953997916,22
4627,106,42,25,26,-5.737688222420908,16
4628,80,11,19,7,-5.749943576584892,4
4629,77,12,36,7,-5.751140829309579,5
4630,47,13,23,8,-5.7551420632928085,5
4631,53,13,58,6,-5.756559382638664,7
4632,35,19,11,11,-5.768399159544,8
4633,93,19,16,10,-5.776545074834796,9
4634,43,10,15,6,-5.792521091011201,4
4635,63,26,98,15,-5.795644107915215,11
4636,55,28,74,16,-5.797157459674131,12
4637,64,45,7,25,-5.8010614589687695,20
4638,31,19,91,12,-5.801858258461768,7
4639,13,48,71,27,-5.80513252623681,21
4640,62,38,16,24,-5.806515303304726,14
4641,20,13,79,8,-5.810117746469,5
4642,106,28,80,17,-5.812470547213422,11
4643,49,10,100,5,-5.813425744151518,5
4644,68,53,16,33,-5.820278979394258,20
4645,5,16,40,9,-5.82052725169565,7
4646,18,12,3,8,-5.832827231063856,4
4647,87,13,58,8,-5.838329621055198,5
4648,46,37,74,23,-5.850135921281392,14
4649,55,37,104,22,-5.856904127783748,15
4650,84,23,85,15,-5.86164187780166,8
4651,112,20,7,12,-5.863389950487481,8
4652,7,17,34,10,-5.863504951401834,7
4653,95,36,54,20,-5.865979569344108,16
4654,9,17,62,10,-5.866001447424248,7
4655,36,12,46,7,-5.88209418081934,5
4656,74,22,102,13,-5.882481039476403,9
4657,51,34,64,20,-5.888421423830697,14
4658,34,19,109,11,-5.8910600256239505,8
4659,84,34,74,18,-5.89139952158172,16
4660,1,12,46,6,-5.891865749051654,6
4661,107,17,6,10,-5.906261036560345,7
4662,45,15,41,10,-5.914462706154762,5
4663,84,18,114,11,-5.917311033591251,7
4664,63,10,93,6,-5.917563250275586,4
4665,114,20,73,12,-5.924435121305104,8
4666,63,45,37,27,-5.933785173114153,18
4667,30,11,74,6,-5.9350135220415146,5
4668,28,50,104,29,-5.9417102215711495,21
4669,43,15,41,9,-5.943674988011268,6
4670,76,25,98,15,-5.94433744621166,10
4671,53,15,28,9,-5.945744364633271,6
4672,7,15,33,8,-5.9471342175078945,7
4673,14,12,39,7,-5.9475481477923315,5
4674,10,12,97,6,-5.950831581917707,6
4675,8,13,62,9,-5.96110102258686,4
4676,17,34,86,18,-5.961143965020202,16
4677,53,52,68,31,-5.964244334939566,21
4678,17,19,104,11,-5.965485227876697,8
4679,38,10,12,6,-5.966686013029675,4
4680,40,18,97,11,-5.966918416140385,7
4681,54,12,69,7,-5.973066602774381,5
4682,18,20,64,12,-5.974775055211904,8
4683,31,25,114,14,-5.9918765203954925,11
4684,3,32,107,17,-5.999011076330671,15
4685,100,19,37,12,-6.000890669706825,7
4686,88,61,65,38,-6.004362907857696,23
4687,17,14,100,10,-6.011059679512768,4
4688,81,18,15,10,-6.020952084821453,8
4689,46,20,95,12,-6.027785407812037,8
4690,50,17,91,11,-6.027790824025908,6
4691,86,38,64,22,-6.0307653391474,16
4692,79,20,16,12,-6.030959275561986,8
4693,31,31,75,17,-6.03348213428737,14
4694,98,24,7,15,-6.033686003781978,9
4695,32,16,8,9,-6.041444852098721,7
4696,18,24,63,15,-6.046455003215171,9
4697,28,18,23,10,-6.0662027716624305,8
4698,57,23,78,13,-6.066845953412292,10
4699,41,27,23,16,-6.068042449918635,11
4700,48,14,74,7,-6.068043245358376,7
4701,69,10,55,6,-6.075582313218194,4
4702,20,29,70,18,-6.0805113791791925,11
4703,3,16,64,10,-6.081103034121079,6
4704,108,10,79,7,-6.083927302918585,3
4705,107,23,111,12,-6.08814286411973,11
4706,7,12,90,7,-6.108519045195329,5
4707,29,18,39,10,-6.11667916860653,8
4708,31,13,81,9,-6.1171597913254026,4
4709,39,55,86,31,-6.121359669303699,24
4710,88,35,25,23,-6.12387967695023,12
4711,97,24,55,15,-6.128965912516969,9
4712,68,31,54,19,-6.129451922490283,12
4713,112,15,31,10,-6.149641402394962,5
4714,89,10,63,7,-6.159771716986654,3
4715,36,47,13,29,-6.167141158071527,18
4716,102,21,57,12,-6.169321397774082,9
4717,76,23,97,13,-6.171425808149793,10
4718,35,14,55,8,-6.18171019735336,6
4719,71,12,91,7,-6.18747414228945,5
4720,2,28,63,16,-6.200018491851487,12
4721,70,28,74,15,-6.203999405338755,13
4722,84,15,35,9,-6.209299301194262,6
4723,39,24,46,12,-6.210468155976945,12
4724,28,14,47,8,-6.211297191624256,6
4725,6,15,65,9,-6.216451840954274,6
4726,76,21,112,11,-6.216605503599088,10
4727,68,12,72,7,-6.2229147971092145,5
4728,6,17,13,10,-6.2267295430039455,7
4729,91,42,16,27,-6.227187272730331,15
4730,50,41,104,25,-6.230364171354916,16
4731,5,17,43,10,-6.250727481432203,7
4732,87,18,108,11,-6.262008842945725,7
4733,39,22,92,12,-6.263991845659126,10
4734,95,12,15,7,-6.265255655621161,5
4735,96,11,69,7,-6.268969865653717,4
4736,5,45,20,28,-6.270373633442783,17
4737,30,19,20,11,-6.270512840524559,8
4738,65,58,51,36,-6.274656067700197,22
4739,4,21,86,13,-6.2794844995496994,8
4740,41,28,87,17,-6.282239020662331,11
4741,102,11,41,7,-6.282861273718874,4
4742,92,12,16,9,-6.284475222709882,3
4743,64,16,70,11,-6.2860092045587415,5
4744,114,17,23,11,-6.291790840234865,6
4745,83,16,39,10,-6.297771796270442,6
4746,55,13,29,8,-6.301089833667023,5
4747,57,25,88,14,-6.308509689840414,11
4748,16,40,20,26,-6.318333724670657,14
4749,112,14,54,9,-6.326711825622494,5
4750,111,10,81,7,-6.333917467029675,3
4751,40,22,62,11,-6.340588914856938,11
4752,69,23,107,14,-6.34176551067775,9
4753,83,29,86,19,-6.342700324127685,10
4754,112,15,51,9,-6.350376289921741,6
4755,27,13,92,7,-6.356396578041118,6
4756,28,15,41,9,-6.359689551305938,6
4757,56,21,7,12,-6.361794853449643,9
4758,84,19,30,12,-6.373847364369493,7
4759,69,12,81,7,-6.376661023241456,5
4760,94,21,13,13,-6.377487651674518,8
4761,37,20,80,12,-6.401050818487372,8
4762,77,13,106,7,-6.407119934187455,6
4763,54,18,91,10,-6.414686940093467,8
4764,77,19,107,11,-6.4169470483546815,8
4765,43,34,107,21,-6.422100856640923,13
4766,33,16,40,11,-6.427211772717695,5
4767,39,22,100,13,-6.432511887302127,9
4768,109,20,41,13,-6.432688342356182,7
4769,68,56,39,32,-6.439118209474398,24
4770,87,20,4,13,-6.445923142452617,7
4771,86,31,69,18,-6.447204277363733,13
4772,43,15,3,9,-6.4472383846877115,6
4773,28,10,6,6,-6.452419128804086,4
4774,41,10,29,6,-6.453681453868415,4
4775,98,14,78,8,-6.457784687804564,6
4776,29,13,70,7,-6.465173609286503,6
4777,55,17,100,9,-6.46556303644313,8
4778,84,18,98,12,-6.475666713551258,6
4779,9,20,70,13,-6.477071321597405,7
4780,3,27,16,17,-6.483698180671638,10
4781,68,18,20,10,-6.489643733297491,8
4782,104,10,48,6,-6.493358473776669,4
4783,54,20,1,12,-6.4933945511101445,8
4784,108,21,16,13,-6.502477858846357,8
4785,107,21,78,13,-6.50595928798572,8
4786,39,78,16,46,-6.5210913868223725,32
4787,28,15,35,8,-6.525585250622974,7
4788,80,13,91,8,-6.531108694088673,5
4789,81,29,86,20,-6.532482502137965,9
4790,55,10,49,6,-6.541972088163769,4
4791,70,58,54,35,-6.543056803225656,23
4792,18,21,77,14,-6.545250800191178,7
4793,91,25,68,14,-6.550419627313763,11
4794,68,18,58,11,-6.553002087451514,7
4795,25,37,104,21,-6.567754121461538,16
4796,114,26,53,15,-6.571088082289226,11
4797,13,36,47,22,-6.576234413408801,14
4798,38,25,39,15,-6.576359256983345,10
4799,20,46,65,29,-6.5828514961702975,17
4800,96,28,65,16,-6.593487230396348,12
4801,30,16,34,10,-6.601140375094156,6
4802,64,21,55,14,-6.604925944972096,7
4803,81,18,71,11,-6.61709770119633,7
4804,75,10,85,7,-6.619293441212882,3
4805,9,14,74,9,-6.620459467868888,5
4806,100,34,16,21,-6.622935947165197,13
4807,5,48,25,29,-6.626414170343123,19
4808,37,22,39,13,-6.632156694863052,9
4809,65,30,4,18,-6.635600395573753,12
4810,5,26,32,16,-6.6474470604519045,10
4811,114,15,76,10,-6.653911993113485,5
4812,37,19,71,11,-6.65399605348867,8
4813,87,13,12,8,-6.654704325795005,5
4814,71,11,83,6,-6.6562053803338666,5
4815,13,13,14,9,-6.663851771345143,4
4816,55,68,16,43,-6.67390774153019,25
4817,88,75,54,45,-6.687420775605005,30
4818,62,18,7,11,-6.690218008322474,7
4819,87,83,16,49,-6.693299260593876,34
4820,106,11,111,8,-6.697425895741327,3
4821,71,24,28,15,-6.697570308642472,9
4822,74,15,83,8,-6.703298030488857,7
4823,12,21,60,10,-6.704537300087495,11
4824,97,35,28,22,-6.716635909782018,13
4825,32,10,65,6,-6.718474357729474,4
4826,95,11,100,6,-6.722166987268522,5
4827,95,13,14,8,-6.731405281187272,5
4828,96,38,74,24,-6.731828732252354,14
4829,78,14,40,10,-6.732885786530082,4
4830,48,25,84,16,-6.740791105108492,9
4831,63,18,100,10,-6.742683547587138,8
4832,7,32,45,19,-6.743551275422485,13
4833,78,21,84,13,-6.745502178752569,8
4834,71,10,94,6,-6.748460655059317,4
4835,18,19,30,11,-6.749976540021853,8
4836,90,13,53,8,-6.752088210585149,5
4837,94,15,86,9,-6.7534489977261485,6
4838,109,12,57,7,-6.758716421545093,5
4839,23,43,13,24,-6.759962036733637,19
4840,107,23,33,13,-6.763493299081546,10
4841,108,10,81,6,-6.778588424753946,4
4842,27,14,6,8,-6.780540737481573,6
4843,51,81,39,48,-6.781026894224875,33
4844,87,16,1,9,-6.782771040032775,7
4845,31,10,55,6,-6.798197972656263,4
4846,71,10,49,6,-6.8003776926672845,4
4847,45,18,60,10,-6.802248227913869,8
4848,114,16,100,10,-6.806713890734191,6
4849,96,20,51,12,-6.8091583197949745,8
4850,9,14,25,9,-6.810304163725227,5
4851,6,21,44,14,-6.81356281665085,7
4852,4,13,56,7,-6.816273515879698,6
4853,86,40,98,23,-6.818936598158919,17
4854,104,22,30,12,-6.820606807560422,10
4855,66,14,65,9,-6.821265394674894,5
4856,31,69,68,41,-6.8216343585610195,28
4857,68,10,89,6,-6.826893879643049,4
4858,106,25,95,16,-6.830338155584793,9
4859,96,14,78,9,-6.830515928543477,5
4860,43,42,13,23,-6.837629153851968,19
4861,96,80,86,49,-6.839782165020976,31
4862,51,99,7,62,-6.849475435937795,37
4863,95,29,13,17,-6.852052215706936,12
4864,96,19,114,12,-6.857320738328298,7
4865,4,43,60,24,-6.864343045215706,19
4866,99,15,106,10,-6.882359612487446,5
4867,84,18,34,10,-6.883555808781154,8
4868,5,47,114,28,-6.885144276646174,19
4869,109,27,107,17,-6.886337490511136,10
4870,65,22,90,12,-6.887045978873849,10
4871,88,16,76,9,-6.891817282335724,7
4872,1,13,15,8,-6.8943933606488015,5
4873,51,89,86,51,-6.895499231744596,38
4874,3,23,114,15,-6.912850093555391,8
4875,30,19,75,11,-6.923427737676235,8
4876,46,21,7,14,-6.93576909674712,7
4877,88,12,99,7,-6.939131232028662,5
4878,43,18,100,10,-6.945332357815133,8
4879,93,15,20,8,-6.949708974023015,7
4880,51,25,4,16,-6.952578906103856,9
4881,38,11,2,6,-6.952650087165873,5
4882,63,20,90,12,-6.95733483322538,8
4883,104,18,32,12,-6.959225086389547,6
4884,36,34,16,21,-6.96230955324868,13
4885,97,23,18,14,-6.965163575719862,9
4886,33,17,8,11,-6.9756022430017754,6
4887,57,20,11,11,-6.983907364905458,9
4888,35,26,107,17,-6.986606963430159,9
4889,55,20,17,11,-6.987444025974705,9
4890,13,23,111,13,-6.988942249892523,10
4891,1,19,114,12,-6.990089974683046,7
4892,5,15,62,9,-6.9927087595973925,6
4893,48,13,80,9,-6.99747900943173,4
4894,54,26,93,17,-7.002072182522708,9
4895,53,27,87,15,-7.0226395127694765,12
4896,40,15,95,9,-7.026458120737084,6
4897,18,16,100,9,-7.026565168419708,7
4898,64,31,16,20,-7.027713443588521,11
4899,110,10,20,6,-7.040932959044511,4
4900,53,45,107,28,-7.04531150066453,17
4901,73,16,65,10,-7.056062739811477,6
4902,36,18,99,12,-7.061516094995873,6
4903,25,21,100,12,-7.062312436550092,9
4904,49,14,50,8,-7.064134383315742,6
4905,98,14,102,8,-7.075813129571892,6
4906,70,35,28,21,-7.078735797739843,14
4907,62,20,28,12,-7.086204539456472,8
4908,107,12,67,8,-7.124134838046419,4
4909,30,14,100,9,-7.12422480058823,5
4910,67,11,88,8,-7.127393540580368,3
4911,107,57,75,39,-7.131800392099847,18
4912,54,58,63,36,-7.1339646628869025,22
4913,87,26,90,16,-7.134749793973536,10
4914,91,27,87,17,-7.142016410462964,10
4915,55,50,40,31,-7.142420946012767,19
4916,60,17,5,11,-7.144002600647478,6
4917,103,10,88,6,-7.1465830918406095,4
4918,37,14,29,8,-7.14724630286853,6
4919,60,12,34,8,-7.148158666349012,4
4920,84,18,38,10,-7.154125748328735,8
4921,14,14,86,8,-7.166696838482464,6
4922,88,109,16,68,-7.167573523139394,41
4923,112,16,36,10,-7.175574629533439,6
4924,63,20,27,11,-7.19472225275396,9
4925,13,32,81,20,-7.194897673585073,12
4926,35,13,27,8,-7.215256796262468,5
4927,40,20,35,13,-7.223846117897835,7
4928,106,60,13,37,-7.224822308695077,23
4929,3,16,15,9,-7.226872372846494,7
4930,62,16,54,10,-7.236680580960736,6
4931,81,14,114,8,-7.238705590547008,6
4932,40,27,114,18,-7.240772461331045,9
4933,75,10,20,6,-7.241047227766171,4
4934,5,14,31,9,-7.246607645789562,5
4935,41,21,20,12,-7.246750485082598,9
4936,15,11,49,7,-7.248095103585943,4
4937,90,13,46,8,-7.250761878801305,5
4938,93,12,98,7,-7.251352809271133,5
4939,10,12,11,7,-7.252899748629005,5
4940,81,19,75,12,-7.259552889264539,7
4941,69,31,13,19,-7.264804290539711,12
4942,98,17,20,11,-7.267496359610283,6
4943,70,16,110,10,-7.267896542251016,6
4944,96,10,62,7,-7.268496266352443,3
4945,57,13,106,7,-7.272492874678534,6
4946,68,20,55,13,-7.273979151335479,7
4947,13,42,114,23,-7.284350704257173,19
4948,98,20,13,13,-7.284404613166717,7
4949,29,16,97,10,-7.284915525257297,6
4950,40,31,43,18,-7.287691070183636,13
4951,61,11,47,7,-7.295405799949464,4
4952,9,17,17,10,-7.295940921809663,7
4953,40,33,54,20,-7.298767912387552,13
4954,108,12,48,8,-7.300121208763457,4
4955,106,24,39,14,-7.312269199982411,10
4956,55,26,109,14,-7.3182997081126135,12
4957,65,23,1,13,-7.319832649719675,10
4958,5,42,70,25,-7.323141246130922,17
4959,107,32,2,20,-7.328844122982543,12
4960,68,26,97,16,-7.331657709218834,10
4961,2,16,75,9,-7.332326563651874,7
4962,16,19,81,12,-7.334894223977404,7
4963,104,41,40,26,-7.342291894534161,15
4964,8,25,73,15,-7.3587900254771785,10
4965,23,13,49,8,-7.360298065336568,5
4966,61,18,53,12,-7.3640960284192225,6
4967,114,10,77,6,-7.365477220397804,4
4968,33,16,25,11,-7.36592627296452,5
4969,80,14,31,10,-7.367135464628977,4
4970,74,15,34,10,-7.367415754617588,5
4971,54,35,13,22,-7.373225396669802,13
4972,71,10,73,6,-7.373234065194552,4
4973,16,50,75,30,-7.388425679021318,20
4974,51,13,72,7,-7.389012124503452,6
4975,5,10,1,6,-7.391988711274882,4
4976,84,35,20,24,-7.397610796744058,11
4977,19,11,64,8,-7.409166426273504,3
4978,41,34,36,18,-7.412500474371831,16
4979,91,19,8,12,-7.416456742894205,7
4980,109,44,54,28,-7.42149631612999,16
4981,43,11,34,7,-7.424240308041095,4
4982,62,12,49,8,-7.42673526947668,4
4983,87,49,7,31,-7.4314438134316605,18
4984,43,17,64,10,-7.438967254563773,7
4985,84,28,8,18,-7.447150756775401,10
4986,75,30,46,18,-7.449361290092636,12
4987,97,53,86,32,-7.453774682156136,21
4988,110,21,37,12,-7.457046552670356,9
4989,53,12,45,7,-7.463487107897495,5
4990,81,10,28,6,-7.472696801730325,4
4991,31,37,64,23,-7.4738922265185375,14
4992,43,32,16,21,-7.4754066874217795,11
4993,63,15,108,9,-7.475559971035059,6
4994,36,14,70,8,-7.476080415111231,6
4995,89,10,48,7,-7.47675761274391,3
4996,96,11,41,8,-7.480521636982391,3
4997,29,10,64,7,-7.494394888436804,3
4998,60,30,54,19,-7.494934117874264,11
4999,50,13,15,8,-7.509982415529958,5
5000,84,15,43,9,-7.511290434631542,6
5001,12,19,53,11,-7.511441486905761,8
5002,3,24,88,15,-7.5117017749719,9
5003,77,18,55,11,-7.520653437888105,7
5004,55,11,6,8,-7.526848268362213,3
5005,46,10,85,7,-7.538229298143678,3
5006,68,66,40,42,-7.570321994315703,24
5007,5,14,34,10,-7.5706698448560905,4
5008,77,12,46,7,-7.574271980014295,5
5009,114,31,28,18,-7.584853881328922,13
5010,36,10,72,6,-7.585561627806541,4
5011,88,18,58,11,-7.5880987725104365,7
5012,36,20,18,12,-7.59490287850123,8
5013,91,13,23,7,-7.630492751883035,6
5014,80,22,96,14,-7.6325568595370585,8
5015,3,31,13,21,-7.638676786821424,10
5016,5,29,97,19,-7.639418302115126,10
5017,88,20,108,13,-7.642505031143239,7
5018,60,11,70,7,-7.646435749026202,4
5019,31,13,33,7,-7.647223417443056,6
5020,96,24,37,14,-7.66584492569651,10
5021,38,29,37,18,-7.668156637885105,11
5022,11,32,5,20,-7.6874421575338765,12
5023,7,25,111,15,-7.6903234257719815,10
5024,11,11,64,8,-7.699861982788658,3
5025,68,15,11,9,-7.700280996267676,6
5026,77,15,41,10,-7.700447698799745,5
5027,64,13,46,8,-7.70178518963715,5
5028,87,18,78,10,-7.738249145100052,8
5029,84,11,44,6,-7.741464370739851,5
5030,54,13,73,8,-7.746921178252214,5
5031,25,49,37,29,-7.755599308877523,20
5032,73,11,53,7,-7.756297558195456,4
5033,18,22,50,13,-7.75840176806416,9
5034,62,14,100,8,-7.7615835544298815,6
5035,39,23,57,14,-7.767705201432489,9
5036,81,15,41,10,-7.770221546669878,5
5037,114,14,92,10,-7.774797164908212,4
5038,18,28,68,17,-7.775566947501909,11
5039,111,10,47,6,-7.786638633209642,4
5040,48,15,50,10,-7.798532000224026,5
5041,110,12,114,8,-7.80031681097971,4
5042,49,21,75,13,-7.802050873504806,8
5043,40,36,87,21,-7.816149468605837,15
5044,46,46,25,27,-7.8204011950255445,19
5045,98,17,8,11,-7.832264077196576,6
5046,2,11,7,7,-7.836909370766421,4
5047,109,19,53,12,-7.841205358929898,7
5048,69,13,104,9,-7.84643581421697,4
5049,9,37,16,24,-7.846826969300752,13
5050,39,30,15,20,-7.850357643973712,10
5051,91,26,106,17,-7.859341034872017,9
5052,35,12,44,7,-7.859665557157517,5
5053,90,25,114,15,-7.8701656835045455,10
5054,51,18,102,11,-7.870945415633868,7
5055,23,17,55,9,-7.8715706098888365,8
5056,81,24,60,15,-7.879588509675568,9
5057,108,11,76,7,-7.890267325318873,4
5058,31,11,78,6,-7.904414780494012,5
5059,38,13,71,9,-7.906029048659733,4
5060,82,10,88,6,-7.9125780836424955,4
5061,18,22,54,13,-7.917650548154778,9
5062,51,18,80,11,-7.926528914197649,7
5063,20,16,33,10,-7.9280624383644875,6
5064,64,12,77,6,-7.928282722369054,6
5065,34,10,18,7,-7.93407311360503,3
5066,65,41,30,26,-7.937351182752286,15
5067,87,17,73,12,-7.94220715025842,5
5068,19,15,87,9,-7.943589688548751,6
5069,53,12,89,7,-7.949973026478008,5
5070,109,10,3,6,-7.949985033221677,4
5071,39,21,23,13,-7.9630880242589255,8
5072,68,12,80,8,-7.963368280059832,4
5073,5,25,65,15,-7.967561696591303,10
5074,4,12,12,8,-7.976222296376226,4
5075,39,31,84,19,-7.9765097082554295,12
5076,84,28,5,17,-7.986435375626319,11
5077,70,16,13,10,-7.990308468406848,6
5078,96,19,102,12,-7.995631160966494,7
5079,88,38,27,22,-8.00416219447235,16
5080,98,31,91,19,-8.010154956050265,12
5081,25,12,48,7,-8.01244102921806,5
5082,9,11,35,6,-8.012816785902407,5
5083,50,41,75,27,-8.02466935745211,14
5084,3,16,12,11,-8.025644589227154,5
5085,13,26,108,17,-8.028546837864384,9
5086,27,16,37,10,-8.030406858059436,6
5087,107,26,58,17,-8.037629940895535,9
5088,12,11,9,7,-8.058955245687951,4
5089,91,15,51,10,-8.060157448942936,5
5090,46,13,53,8,-8.064750592390654,5
5091,97,16,110,10,-8.077466293642948,6
5092,5,61,8,37,-8.080732178020163,24
5093,46,15,109,9,-8.081904977493476,6
5094,10,15,7,9,-8.086365440359023,6
5095,50,30,60,17,-8.087484578525556,13
5096,87,17,15,10,-8.088262314262588,7
5097,46,42,37,28,-8.095895819595153,14
5098,46,16,30,10,-8.098498106037622,6
5099,107,10,26,6,-8.136960920766814,4
5100,112,10,4,6,-8.145974306589782,4
5101,63,65,16,40,-8.146976419258557,25
5102,112,16,18,11,-8.155957753880717,5
5103,61,12,107,7,-8.157075963099336,5
5104,76,38,86,24,-8.159754461381873,14
5105,69,32,16,20,-8.160441247046853,12
5106,71,28,50,17,-8.165371088482388,11
5107,33,11,68,7,-8.166895131198164,4
5108,30,18,50,11,-8.173377893689405,7
5109,87,45,68,28,-8.1769425507642,17
5110,60,35,104,25,-8.183651908443377,10
5111,39,25,74,15,-8.19553508787693,10
5112,109,24,11,16,-8.196422948591085,8
5113,93,24,87,15,-8.201353690040278,9
5114,1,26,86,16,-8.213403239086288,10
5115,40,14,112,8,-8.221202026655053,6
5116,104,28,41,16,-8.222150207467427,12
5117,102,16,76,10,-8.226520459864046,6
5118,106,21,69,13,-8.230262561693124,8
5119,2,10,94,6,-8.235738884159375,4
5120,84,10,100,7,-8.240271972733373,3
5121,46,42,16,27,-8.265204078980108,15
5122,14,12,37,7,-8.266467835075433,5
5123,55,34,50,20,-8.268886532039618,14
5124,76,12,75,7,-8.269580351796622,5
5125,91,18,41,12,-8.276671952774393,6
5126,106,31,90,21,-8.28384546124837,10
5127,30,29,53,18,-8.306098230837584,11
5128,51,39,76,26,-8.339242903099509,13
5129,68,20,69,12,-8.34403265511844,8
5130,112,20,39,12,-8.345179878987272,8
5131,31,32,41,20,-8.353957395244585,12
5132,65,23,38,13,-8.354229779220868,10
5133,5,22,7,14,-8.357081514884824,8
5134,104,10,67,6,-8.393331116483225,4
5135,79,11,80,6,-8.394402338657228,5
5136,67,14,109,7,-8.41022889195963,7
5137,90,19,73,12,-8.424101991862472,7
5138,114,20,55,13,-8.432483182241098,7
5139,70,24,96,13,-8.437417991026262,11
5140,86,40,41,26,-8.438958336325594,14
5141,114,32,8,21,-8.446067232393617,11
5142,96,14,95,9,-8.450373982592183,5
5143,53,13,15,8,-8.451445563178742,5
5144,77,14,74,9,-8.485489523270209,5
5145,1,16,75,11,-8.487454866261048,5
5146,40,28,64,18,-8.49607162432113,10
5147,45,10,91,6,-8.504304930616431,4
5148,88,23,62,14,-8.51262512712999,9
5149,48,28,86,18,-8.527783865058888,10
5150,39,12,34,7,-8.530792842427957,5
5151,106,13,12,9,-8.530975907772833,4
5152,62,13,114,8,-8.549556180002718,5
5153,36,11,78,7,-8.552435160203329,4
5154,7,19,78,11,-8.565348954184037,8
5155,3,13,41,10,-8.570007818582788,3
5156,55,23,95,15,-8.57500650986488,8
5157,16,19,110,12,-8.596145036216205,7
5158,50,22,90,14,-8.598522697493998,8
5159,33,21,51,15,-8.606152418737853,6
5160,60,34,23,22,-8.60880728241122,12
5161,57,15,69,10,-8.610432071680039,5
5162,53,19,27,13,-8.613512457869614,6
5163,63,51,51,30,-8.615807425389162,21
5164,29,22,60,13,-8.623846841921916,9
5165,57,12,76,8,-8.631010009083715,4
5166,97,19,41,12,-8.638943706099203,7
5167,98,10,85,7,-8.673802483900154,3
5168,31,31,9,20,-8.678153869820548,11
5169,88,16,77,10,-8.678317130754186,6
5170,60,15,76,11,-8.678706996102923,4
5171,76,26,16,14,-8.69211071455001,12
5172,39,14,110,10,-8.694421097429624,4
5173,2,10,30,6,-8.704387763563812,4
5174,20,35,63,21,-8.70524806527441,14
5175,102,15,63,9,-8.71016569998991,6
5176,86,15,45,9,-8.710518828201982,6
5177,86,32,27,21,-8.713633301132365,11
5178,45,10,58,6,-8.721721801464438,4
5179,57,11,9,7,-8.721996193617914,4
5180,57,26,8,17,-8.727187925997562,9
5181,17,22,4,15,-8.72773506800961,7
5182,11,23,104,15,-8.742484307216113,8
5183,106,14,38,7,-8.74501943352997,7
5184,88,36,39,23,-8.756638990991735,13
5185,18,23,106,15,-8.778191080978738,8
5186,77,12,109,7,-8.789144881364967,5
5187,20,36,39,21,-8.800920294125156,15
5188,42,10,106,7,-8.802546839644418,3
5189,47,18,36,12,-8.810892372607713,6
5190,36,19,63,12,-8.822881427312195,7
5191,81,19,87,10,-8.837308894093786,9
5192,87,15,32,10,-8.84415502943487,5
5193,12,16,23,10,-8.872217683410863,6
5194,53,11,49,7,-8.876928289416243,4
5195,13,20,44,13,-8.886721786197054,7
5196,97,12,69,8,-8.888377862411463,4
5197,51,38,100,21,-8.893196391712339,17
5198,19,15,29,10,-8.896247111403628,5
5199,109,20,7,13,-8.908032141063202,7
5200,107,15,89,10,-8.908975430626485,5
5201,25,19,110,13,-8.917701672558223,6
5202,91,10,11,7,-8.923724837318142,3
5203,31,12,73,8,-8.93891957013575,4
5204,80,13,11,8,-8.941133144462878,5
5205,48,34,63,22,-8.958044896706864,12
5206,32,11,28,7,-8.963821007682874,4
5207,114,20,47,12,-8.969382880850324,8
5208,36,18,97,11,-8.970668153566264,7
5209,94,12,76,8,-8.974054547945041,4
5210,52,15,28,9,-8.975367013246691,6
5211,77,14,27,9,-8.98057953611799,5
5212,57,15,114,10,-9.000054094310599,5
5213,36,15,5,9,-9.008614310253614,6
5214,70,16,30,9,-9.016092338129875,7
5215,100,18,75,10,-9.024866169547831,8
5216,43,17,54,10,-9.026858404506275,7
5217,72,14,85,10,-9.03362076276455,4
5218,45,16,35,9,-9.0400315918615,7
5219,112,10,58,6,-9.041979275484929,4
5220,68,21,47,14,-9.052758514326356,7
5221,79,22,48,14,-9.064036284770673,8
5222,75,34,28,22,-9.068390514566694,12
5223,94,16,28,11,-9.068842266957848,5
5224,13,17,19,11,-9.070021122613017,6
5225,86,29,44,19,-9.073857704921481,10
5226,8,34,95,21,-9.07920947405897,13
5227,31,15,109,10,-9.113887572404183,5
5228,17,11,92,7,-9.114563540800457,4
5229,20,22,91,13,-9.11515023214943,9
5230,88,20,100,13,-9.116006427057254,7
5231,47,16,9,10,-9.146152811782592,6
5232,18,42,13,26,-9.15021879704067,16
5233,5,43,50,26,-9.156049369840705,17
5234,108,22,53,13,-9.163083344546394,9
5235,40,15,92,10,-9.168940871834318,5
5236,102,15,40,9,-9.171373555966687,6
5237,49,15,41,9,-9.171912615870816,6
5238,91,13,15,7,-9.175439096539634,6
5239,40,17,73,11,-9.199997222971483,6
5240,40,12,2,8,-9.204153353273353,4
5241,4,15,27,9,-9.21491506769711,6
5242,81,11,64,7,-9.217681779438383,4
5243,69,16,70,11,-9.227346228401576,5
5244,25,44,7,29,-9.23372449337842,15
5245,29,26,65,15,-9.271210792422918,11
5246,93,13,75,8,-9.279825087560207,5
5247,77,19,63,13,-9.291814452323939,6
5248,68,57,75,38,-9.30062786886553,19
5249,67,15,86,9,-9.306541844943451,6
5250,70,17,50,10,-9.316243790355681,7
5251,58,16,60,10,-9.319426070200468,6
5252,51,15,111,10,-9.328246716797015,5
5253,2,29,28,19,-9.34282167881126,10
5254,12,12,28,8,-9.35169457314102,4
5255,50,12,23,9,-9.354699302165743,3
5256,33,14,87,9,-9.358610632806945,5
5257,84,21,104,13,-9.37162724208143,8
5258,39,17,76,12,-9.374915521858478,5
5259,107,33,80,22,-9.376730084103613,11
5260,36,11,109,8,-9.390936468630553,3
5261,10,12,63,8,-9.391653486017917,4
5262,51,13,48,7,-9.391737592298234,6
5263,109,25,63,15,-9.392892060380623,10
5264,107,22,45,14,-9.39975575090587,8
5265,60,14,108,9,-9.402734068128316,5
5266,39,15,108,9,-9.406857006968854,6
5267,92,14,64,7,-9.432471863302016,7
5268,63,11,32,7,-9.44232166344675,4
5269,68,28,76,21,-9.459920139276978,7
5270,17,12,102,8,-9.460667678985605,4
5271,96,47,16,33,-9.462953828826512,14
5272,51,23,97,16,-9.463450569827408,7
5273,58,10,70,7,-9.487562225897111,3
5274,60,13,102,8,-9.490462801517765,5
5275,7,29,37,18,-9.500511382222342,11
5276,99,22,37,15,-9.502759058160713,7
5277,13,21,90,14,-9.506733485788098,7
5278,2,13,114,8,-9.50915856241785,5
5279,80,14,90,10,-9.509239360264804,4
5280,36,17,8,11,-9.51236026695053,6
5281,9,27,18,18,-9.520249042639605,9
5282,25,32,20,21,-9.520523686179052,11
5283,31,22,1,13,-9.525804060927038,9
5284,108,13,106,9,-9.535201707134298,4
5285,68,15,92,10,-9.538113226799515,5
5286,98,13,27,8,-9.55751067877167,5
5287,19,23,7,16,-9.559895766747154,7
5288,97,24,13,15,-9.567486234498414,9
5289,60,44,64,30,-9.569439655645416,14
5290,7,20,73,12,-9.582485903794177,8
5291,88,31,15,22,-9.58291430022994,9
5292,39,14,80,9,-9.589468521855673,5
5293,53,13,8,9,-9.596286006275326,4
5294,84,18,83,11,-9.60947373437216,7
5295,8,14,99,8,-9.611065592860308,6
5296,9,16,76,11,-9.62150457184245,5
5297,109,17,70,11,-9.623350653501726,6
5298,109,22,74,15,-9.62539761750223,7
5299,53,23,41,15,-9.631953807885303,8
5300,114,10,78,6,-9.632244308821944,4
5301,104,10,93,6,-9.63796658188527,4
5302,114,10,22,5,-9.649313306364819,5
5303,17,15,41,10,-9.654478177971626,5
5304,63,16,111,10,-9.656549842780757,6
5305,71,12,100,8,-9.66068752031631,4
5306,38,12,53,8,-9.664145468055217,4
5307,17,20,53,13,-9.683594540019676,7
5308,112,10,3,6,-9.689877507882056,4
5309,3,18,53,12,-9.694466592939396,6
5310,11,18,75,11,-9.710887852205726,7
5311,13,13,85,9,-9.717007051558657,4
5312,31,19,43,9,-9.720852773553686,10
5313,32,16,16,10,-9.721720922013692,6
5314,16,13,89,8,-9.733195931265595,5
5315,76,29,63,20,-9.752858943405714,9
5316,52,12,30,8,-9.763146241314214,4
5317,76,14,13,9,-9.765754801505128,5
5318,83,24,37,15,-9.783726366978415,9
5319,3,25,40,17,-9.78695575723125,8
5320,93,10,62,6,-9.798162399200404,4
5321,37,17,64,11,-9.810222324765896,6
5322,17,24,40,16,-9.815776001763277,8
5323,75,25,104,16,-9.822163907084752,9
5324,57,13,54,10,-9.824315369895016,3
5325,84,47,63,29,-9.837336867449046,18
5326,98,10,53,6,-9.839111782848335,4
5327,79,26,86,17,-9.841357831333447,9
5328,63,16,30,10,-9.842696842263113,6
5329,18,12,76,8,-9.8476224935035,4
5330,71,15,17,9,-9.874078720771612,6
5331,54,17,2,12,-9.883928701627932,5
5332,39,39,18,26,-9.885046818102037,13
5333,9,32,87,19,-9.890957993800642,13
5334,30,13,27,8,-9.896355661349038,5
5335,3,14,25,9,-9.907996037168818,5
5336,2,10,95,7,-9.9203126299905,3
5337,88,45,63,31,-9.955054334971098,14
5338,68,26,28,18,-9.968379628572306,8
5339,88,18,73,12,-9.974203425238962,6
5340,52,13,87,8,-9.98485251805505,5
5341,109,14,93,9,-9.987067099161266,5
5342,65,25,95,16,-9.987438820754939,9
5343,57,12,75,8,-10.001839571130395,4
5344,18,43,16,29,-10.022908903594146,14
5345,18,14,11,9,-10.031989827572827,5
5346,107,13,110,9,-10.034721322746934,4
5347,38,10,44,7,-10.048373138060267,3
5348,83,23,13,15,-10.067954696106943,8
5349,49,16,40,10,-10.077718304922938,6
5350,106,12,79,8,-10.079963228120917,4
5351,74,11,89,7,-10.093150392265773,4
5352,8,24,18,17,-10.10300859124231,7
5353,43,28,39,17,-10.108201581404133,11
5354,36,36,53,25,-10.11473282468799,11
5355,102,20,50,12,-10.118106239071224,8
5356,35,10,8,7,-10.118762046100299,3
5357,60,18,17,12,-10.12863063958789,6
5358,70,14,46,9,-10.128652016947743,5
5359,109,10,92,7,-10.132066653367776,3
5360,31,37,53,23,-10.136338371296794,14
5361,23,11,96,7,-10.143008283174424,4
5362,39,13,58,9,-10.147489402696785,4
5363,86,29,43,20,-10.173097117221216,9
5364,9,12,6,7,-10.175309866966634,5
5365,104,13,89,8,-10.178686881843591,5
5366,37,41,97,27,-10.190687502541847,14
5367,33,13,71,9,-10.195530501937561,4
5368,2,15,98,9,-10.198603389321665,6
5369,96,24,48,16,-10.200121519345737,8
5370,106,63,16,43,-10.201810935158226,20
5371,39,24,91,16,-10.206322081312436,8
5372,37,36,11,24,-10.207174749413833,12
5373,28,14,10,10,-10.2079261309438,4
5374,68,24,25,16,-10.21179043309895,8
5375,31,17,30,10,-10.214096274935343,7
5376,91,35,63,24,-10.225389928816243,11
5377,106,16,67,10,-10.252161434234205,6
5378,99,12,77,9,-10.252199704478636,3
5379,50,15,85,10,-10.26203922127155,5
5380,104,12,34,8,-10.27427919250402,4
5381,54,12,38,8,-10.280232127604942,4
5382,68,10,34,6,-10.287370907693367,4
5383,52,11,63,7,-10.291118040471776,4
5384,29,11,49,7,-10.30099349448638,4
5385,31,29,107,16,-10.30345756995746,13
5386,107,31,48,20,-10.31539855421473,11
5387,81,14,7,8,-10.321582987727558,6
5388,29,16,13,10,-10.328917239877919,6
5389,1,13,37,8,-10.34216426905315,5
5390,1,26,16,19,-10.34569928715388,7
5391,7,10,94,7,-10.355621654064775,3
5392,93,38,65,23,-10.357494219723511,15
5393,81,13,104,7,-10.361322759461327,6
5394,60,21,49,14,-10.368756848511252,7
5395,93,16,106,10,-10.37915501513517,6
5396,57,10,100,6,-10.38688479130181,4
5397,29,13,3,9,-10.39717807094665,4
5398,85,13,63,8,-10.414666124998384,5
5399,7,11,110,6,-10.42257657923173,5
5400,114,19,95,12,-10.422604339796184,7
5401,39,16,44,10,-10.434810009571377,6
5402,53,13,78,8,-10.442866978504684,5
5403,112,25,64,18,-10.44734880369225,7
5404,69,27,60,16,-10.453461646225001,11
5405,31,10,6,6,-10.459894630543896,4
5406,51,12,94,8,-10.465921867915398,4
5407,77,12,23,8,-10.47207373365885,4
5408,8,35,75,24,-10.477015226263449,11
5409,102,14,75,10,-10.47886729381523,4
5410,16,17,78,11,-10.48792482811098,6
5411,69,18,63,13,-10.495670691796661,5
5412,12,12,114,7,-10.504954578013217,5
5413,37,14,89,8,-10.519274673853,6
5414,36,27,27,17,-10.523349599331356,10
5415,97,19,71,13,-10.523533962196899,6
5416,56,16,86,11,-10.543126647721751,5
5417,40,17,28,10,-10.551622113062638,7
5418,54,19,71,12,-10.56377327137223,7
5419,9,15,95,9,-10.569002592922953,6
5420,28,18,69,11,-10.575983527327306,7
5421,28,10,26,7,-10.592168464369761,3
5422,38,15,75,11,-10.597530026810052,4
5423,91,31,7,22,-10.60910028610159,9
5424,101,12,16,8,-10.62271769748288,4
5425,71,18,98,12,-10.627953776602759,6
5426,64,20,30,13,-10.642272986004782,7
5427,103,12,107,9,-10.647201349907752,3
5428,98,25,5,16,-10.662918685540621,9
5429,57,15,65,10,-10.687048615969916,5
5430,74,25,51,18,-10.704030149650722,7
5431,107,34,57,22,-10.70465891591215,12
5432,36,13,43,8,-10.713552025008546,5
5433,111,11,54,8,-10.714143810197228,3
5434,31,27,27,16,-10.758919665279386,11
5435,104,17,9,11,-10.762729474142402,6
5436,72,11,63,8,-10.764095493593645,3
5437,7,11,59,8,-10.771239818059199,3
5438,91,25,55,18,-10.791612827626562,7
5439,77,27,104,18,-10.795670361212089,9
5440,81,17,106,10,-10.816681182916206,7
5441,8,34,109,21,-10.819891467814774,13
5442,54,46,37,31,-10.87009397469276,15
5443,77,16,71,11,-10.872072685026803,5
5444,41,21,111,13,-10.875724405637953,8
5445,35,10,102,6,-10.90320798703147,4
5446,5,17,73,11,-10.90738305979487,6
5447,29,16,98,11,-10.909698341629545,5
5448,64,14,27,10,-10.925557497140751,4
5449,13,10,89,6,-10.939542022741616,4
5450,88,73,13,49,-10.948948900714134,24
5451,88,37,50,24,-10.986958086725291,13
5452,110,20,51,14,-11.000148170458745,6
5453,107,13,56,8,-11.000292497508868,5
5454,15,22,8,14,-11.003030597119839,8
5455,84,31,11,21,-11.008266976809916,10
5456,71,13,15,9,-11.00914391321026,4
5457,68,10,98,7,-11.014423279510455,3
5458,92,14,41,9,-11.016394202336143,5
5459,88,41,53,28,-11.023031682203495,13
5460,68,12,45,8,-11.02401972838907,4
5461,9,25,64,18,-11.03637269777133,7
5462,114,12,32,8,-11.045874107216177,4
5463,11,11,99,7,-11.04788337752713,4
5464,109,13,30,9,-11.049589386483902,4
5465,102,11,100,8,-11.083335103949722,3
5466,57,11,62,8,-11.089901365863179,3
5467,78,12,17,8,-11.090068157424293,4
5468,107,18,12,13,-11.095629908733304,5
5469,29,13,75,8,-11.096282078020437,5
5470,80,13,78,9,-11.09791576617006,4
5471,57,22,70,13,-11.101179297757742,9
5472,32,13,74,9,-11.101664191982367,4
5473,19,10,40,7,-11.104417905023016,3
5474,87,20,100,12,-11.113455718095159,8
5475,85,13,55,9,-11.149931721802188,4
5476,4,16,43,10,-11.162760468553993,6
5477,61,12,6,8,-11.200388242698184,4
5478,65,45,114,29,-11.20792553692763,16
5479,1,11,89,7,-11.20901106938993,4
5480,46,12,100,8,-11.210309669403358,4
5481,106,18,98,12,-11.217270403208776,6
5482,51,13,73,9,-11.219804453521853,4
5483,96,20,46,12,-11.223825219116964,8
5484,112,12,38,9,-11.23040362290014,3
5485,112,14,27,9,-11.235001192847596,5
5486,109,17,75,12,-11.242273446455997,5
5487,51,28,95,20,-11.244919045567018,8
5488,81,13,40,9,-11.249205674756395,4
5489,83,16,107,11,-11.24958512039028,5
5490,70,29,87,18,-11.250414739740132,11
5491,48,12,90,8,-11.252381363492235,4
5492,7,52,75,35,-11.2746633859962,17
5493,55,14,2,9,-11.276816159574057,5
5494,5,10,80,7,-11.295210617596885,3
5495,96,25,7,18,-11.300422106484014,7
5496,60,23,47,16,-11.31330562577917,7
5497,20,38,50,26,-11.316816486601454,12
5498,103,18,86,12,-11.32296644872333,6
5499,20,12,64,9,-11.331308462604776,3
5500,71,21,104,13,-11.370166649530528,8
5501,10,14,107,9,-11.38119632500004,5
5502,38,11,4,8,-11.395009854616482,3
5503,35,23,76,15,-11.39691854534874,8
5504,95,10,29,7,-11.401888238693147,3
5505,106,39,114,26,-11.417874917507989,13
5506,81,14,47,10,-11.445134927289029,4
5507,54,24,100,16,-11.46348082665664,8
5508,63,19,57,12,-11.499632269547762,7
5509,12,10,94,6,-11.507296767268528,4
5510,76,11,15,7,-11.511804844564256,4
5511,30,10,80,7,-11.535434430621326,3
5512,76,15,74,9,-11.544600382799558,6
5513,71,10,111,7,-11.563837134119527,3
5514,104,16,36,10,-11.564722196156035,6
5515,50,15,33,10,-11.568332857311571,5
5516,65,31,27,21,-11.573171716915367,10
5517,39,15,90,10,-11.577976501423594,5
5518,18,21,15,15,-11.590119158022436,6
5519,94,11,30,7,-11.643229108233818,4
5520,86,33,102,23,-11.659667182565103,10
5521,39,33,30,22,-11.664507953068155,11
5522,48,11,98,8,-11.678045251552971,3
5523,96,13,91,9,-11.692854193124042,4
5524,112,15,100,10,-11.71919318790088,5
5525,67,11,16,8,-11.761532223804268,3
5526,1,37,55,26,-11.769033555767942,11
5527,109,18,17,12,-11.781743441013703,6
5528,65,12,91,8,-11.784658313781671,4
5529,54,10,44,7,-11.791894285038754,3
5530,40,21,8,15,-11.791921402372775,6
5531,72,20,86,14,-11.806025667633923,6
5532,91,10,53,7,-11.811611902058761,3
5533,17,10,83,6,-11.812775268760374,4
5534,111,16,28,11,-11.820301223407922,5
5535,64,10,74,6,-11.828764368523549,4
5536,28,47,63,33,-11.828866423716303,14
5537,37,10,78,7,-11.831707242150298,3
5538,28,34,74,23,-11.834419909257845,11
5539,47,10,78,6,-11.843066191666676,4
5540,29,12,20,8,-11.85416559868577,4
5541,14,18,16,12,-11.861448285420282,6
5542,104,18,90,12,-11.89837391797068,6
5543,63,18,62,12,-11.898616241132698,6
5544,29,11,109,6,-11.905733206262543,5
5545,68,13,29,9,-11.946919320173036,4
5546,18,27,95,18,-11.951490678023534,9
5547,54,10,53,7,-11.951994898142779,3
5548,9,12,11,8,-11.95751404574191,4
5549,72,11,50,8,-11.966306538639385,3
5550,60,16,37,10,-11.9668638856867,6
5551,98,11,109,8,-11.980585816049416,3
5552,104,12,1,8,-12.020108292717424,4
5553,13,16,58,12,-12.037688148626765,4
5554,9,20,15,12,-12.03884463484616,8
5555,96,28,98,19,-12.0522531035848,9
5556,63,18,1,11,-12.054495717242014,7
5557,91,18,30,13,-12.061464887561756,5
5558,28,11,110,7,-12.062606997342062,4
5559,20,14,34,10,-12.080633416209027,4
5560,69,19,58,12,-12.089414430124698,7
5561,55,13,15,10,-12.1017027484743,3
5562,63,12,92,7,-12.136993324985582,5
5563,31,11,19,8,-12.140248760143196,3
5564,70,22,2,14,-12.153236389251056,8
5565,51,23,77,15,-12.16149932915176,8
5566,39,17,109,13,-12.189314131019263,4
5567,76,18,7,11,-12.196617315781682,7
5568,106,11,78,8,-12.21024325274275,3
5569,9,14,43,9,-12.224469441855376,5
5570,43,19,75,14,-12.224767647713705,5
5571,112,19,28,13,-12.228920740366254,6
5572,54,27,48,18,-12.230401373927076,9
5573,84,11,71,8,-12.255989147154674,3
5574,39,10,32,7,-12.25900875776762,3
5575,108,10,28,6,-12.299856976610261,4
5576,20,10,78,7,-12.337947782230119,3
5577,97,12,67,9,-12.35346782744064,3
5578,46,39,104,26,-12.353574327141937,13
5579,50,17,36,10,-12.423703215189779,7
5580,87,24,48,17,-12.506077086368819,7
5581,49,10,80,6,-12.509141995238949,4
5582,103,12,55,9,-12.517980336309982,3
5583,5,27,75,17,-12.535083552437035,10
5584,58,14,54,9,-12.535089602873326,5
5585,87,27,98,19,-12.540784384215351,8
5586,5,27,57,19,-12.572003913811173,8
5587,9,19,20,13,-12.586361422949272,6
5588,51,20,15,13,-12.587936460827022,7
5589,17,11,38,7,-12.634911882425529,4
5590,87,11,10,8,-12.637100065195789,3
5591,70,24,108,17,-12.647188608054195,7
5592,5,14,48,10,-12.657719903594751,4
5593,88,16,111,12,-12.710530076381987,4
5594,107,41,30,28,-12.716586983155048,13
5595,106,24,46,15,-12.725492516069489,9
5596,106,14,33,10,-12.736963404825662,4
5597,36,10,95,7,-12.746346244298937,3
5598,81,12,54,8,-12.757047966098474,4
5599,84,12,41,8,-12.75751979686909,4
5600,27,20,104,15,-12.796343894614779,5
5601,104,20,49,14,-12.812277987885736,6
5602,109,19,27,12,-12.854514856980064,7
5603,112,14,47,9,-12.859285190584625,5
5604,45,14,23,10,-12.875487654765546,4
5605,54,15,19,9,-12.889151076069236,6
5606,65,21,2,16,-12.8900275785182,5
5607,75,12,98,8,-12.900340980932176,4
5608,51,26,78,17,-12.903103411810699,9
5609,17,16,23,11,-12.920452187354222,5
5610,8,15,78,11,-12.921729498024693,4
5611,60,29,91,19,-12.952631394075716,10
5612,102,21,107,14,-12.974367748289918,7
5613,28,22,34,16,-12.986812143841881,6
5614,60,15,100,11,-13.00317877758717,4
5615,114,12,27,8,-13.009570993376595,4
5616,48,10,60,7,-13.027739440368958,3
5617,91,15,43,11,-13.046946068237398,4
5618,88,12,98,9,-13.094822370834628,3
5619,70,10,83,6,-13.118339150755117,4
5620,77,15,53,10,-13.125923769197522,5
5621,37,28,95,21,-13.149042342745602,7
5622,88,17,102,13,-13.153141792955822,4
5623,35,12,97,9,-13.15953893586328,3
5624,70,22,11,16,-13.174919150937757,6
5625,54,18,36,12,-13.217744798273172,6
5626,41,16,8,12,-13.244566662838952,4
5627,88,36,95,25,-13.24512473637818,11
5628,96,39,11,27,-13.252582377716239,12
5629,11,23,95,17,-13.263288005084238,6
5630,112,15,87,10,-13.263846083806499,5
5631,5,31,102,21,-13.269431869962297,10
5632,99,12,7,8,-13.274517260788413,4
5633,106,19,64,13,-13.295192075566398,6
5634,46,17,50,11,-13.310329365776978,6
5635,18,16,47,12,-13.317575135316673,4
5636,46,12,18,9,-13.322032493347338,3
5637,114,28,87,18,-13.32969544089937,10
5638,83,18,16,13,-13.35123547721314,5
5639,32,11,55,7,-13.36363963009391,4
5640,35,12,104,8,-13.369677424437175,4
5641,112,11,91,8,-13.423237527272477,3
5642,53,15,75,10,-13.423496737137004,5
5643,32,12,25,7,-13.427877456338663,5
5644,35,15,36,11,-13.440272285829963,4
5645,55,17,102,12,-13.448934349992442,5
5646,90,10,93,7,-13.452391800759145,3
5647,86,24,26,18,-13.454427406615018,6
5648,70,10,34,7,-13.500624883981926,3
5649,1,10,78,7,-13.511302040012385,3
5650,66,11,7,7,-13.514093541012448,4
5651,38,15,104,10,-13.530669032796668,5
5652,103,11,74,8,-13.53565105452587,3
5653,60,26,27,20,-13.540065663312776,6
5654,104,18,64,13,-13.541290561517043,5
5655,74,10,15,7,-13.56932630742914,3
5656,3,10,38,7,-13.612373842695774,3
5657,46,12,93,9,-13.65474091099076,3
5658,86,16,92,11,-13.67676060817369,5
5659,99,20,107,14,-13.701645523668958,6
5660,44,14,104,10,-13.703910249073422,4
5661,31,25,63,18,-13.714594813504094,7
5662,33,14,63,10,-13.733555706081619,4
5663,69,18,30,12,-13.733696768023911,6
5664,53,17,43,13,-13.791105639936724,4
5665,112,11,97,9,-13.794615799527321,2
5666,31,74,13,51,-13.800549608099518,23
5667,31,17,98,11,-13.805084918983175,6
5668,112,14,71,10,-13.80768968996665,4
5669,52,19,86,14,-13.851910838120485,5
5670,83,13,11,10,-13.863860744018641,3
5671,50,19,53,13,-13.883151416746287,6
5672,76,17,54,12,-13.892444764564262,5
5673,112,22,60,16,-13.909226533638934,6
5674,38,10,100,8,-13.910833855557149,2
5675,40,10,100,7,-13.927928921941099,3
5676,112,11,37,8,-13.937736127059297,3
5677,69,19,75,14,-13.94230448490658,5
5678,109,11,91,8,-13.94618860472034,3
5679,71,24,40,17,-13.948125771645659,7
5680,75,12,111,8,-13.972281809419961,4
5681,91,11,69,7,-13.993001551531528,4
5682,10,10,13,7,-14.003535982504161,3
5683,77,29,40,21,-14.048771071022598,8
5684,85,14,39,9,-14.177624685555418,5
5685,63,10,15,7,-14.178625851059422,3
5686,80,11,41,8,-14.186716292232557,3
5687,3,15,20,11,-14.188922367828342,4
5688,66,11,63,8,-14.209916362631542,3
5689,77,15,30,11,-14.240898393688356,4
5690,60,21,74,14,-14.268042080973927,7
5691,37,12,34,9,-14.300571264435137,3
5692,102,11,46,8,-14.307494713152051,3
5693,50,18,80,14,-14.309192739594003,4
5694,57,12,31,8,-14.310689026630849,4
5695,63,37,80,27,-14.322048676220186,10
5696,61,10,63,8,-14.323000497708241,2
5697,77,27,7,19,-14.33556677589385,8
5698,83,10,40,8,-14.347262135245904,2
5699,90,16,20,11,-14.40477443227545,5
5700,14,11,80,7,-14.435345395194508,4
5701,5,12,44,9,-14.447481002517355,3
5702,2,10,73,7,-14.457830254043136,3
5703,25,12,34,9,-14.468789684868275,3
5704,51,18,45,13,-14.493324057948728,5
5705,84,20,112,14,-14.510611268456794,6
5706,2,12,13,8,-14.516038794033763,4
5707,37,12,73,8,-14.533349572792924,4
5708,9,11,108,7,-14.533752266696007,4
5709,62,19,74,14,-14.57027413820892,5
5710,99,12,50,8,-14.581629542155014,4
5711,12,12,27,9,-14.58894097244964,3
5712,69,15,49,10,-14.620888888677557,5
5713,97,11,14,9,-14.634263785488013,2
5714,35,10,3,7,-14.67345115895829,3
5715,18,13,69,9,-14.695896617157176,4
5716,83,19,114,14,-14.71253096490687,5
5717,31,10,100,7,-14.730848989291465,3
5718,102,10,90,6,-14.739148726840858,4
5719,106,14,32,11,-14.741977351969277,3
5720,109,26,114,20,-14.744077219906973,6
5721,2,10,57,7,-14.75670329182861,3
5722,54,35,75,24,-14.800167840554582,11
5723,81,24,51,16,-14.806900687075021,8
5724,3,19,63,15,-14.849374371999133,4
5725,108,10,8,8,-14.88327570809189,2
5726,112,10,55,8,-14.907032679929216,2
5727,17,21,95,16,-14.970865650802967,5
5728,57,11,38,7,-15.001479354971174,4
5729,75,10,45,8,-15.003649946946844,2
5730,99,18,25,13,-15.014737107768294,5
5731,94,17,81,11,-15.053941840602283,6
5732,71,17,41,13,-15.162388636591329,4
5733,87,16,79,13,-15.190476867517352,3
5734,43,13,30,10,-15.232406371172784,3
5735,68,15,61,11,-15.24709195978541,4
5736,37,13,18,10,-15.368965567811568,3
5737,46,12,98,8,-15.381140721878973,4
5738,71,10,11,7,-15.386871545741162,3
5739,25,14,49,10,-15.43786379260084,4
5740,107,25,73,17,-15.460672720698524,8
5741,31,15,69,10,-15.502962092044207,5
5742,2,18,104,12,-15.50344370749933,6
5743,106,10,89,6,-15.508251121091035,4
5744,10,11,37,7,-15.516949569025604,4
5745,14,11,25,9,-15.536643242754739,2
5746,31,12,104,8,-15.561592201078605,4
5747,5,20,23,15,-15.563915929412014,5
5748,45,14,4,10,-15.600891470448104,4
5749,85,11,106,8,-15.605731963514037,3
5750,97,13,90,9,-15.62188808576594,4
5751,38,10,87,7,-15.648595936017907,3
5752,1,13,8,10,-15.702434313684371,3
5753,80,13,75,10,-15.71805205236554,3
5754,35,12,80,9,-15.72406211872363,3
5755,77,14,37,10,-15.73169378416834,4
5756,96,16,93,12,-15.73319462766121,4
5757,13,25,30,17,-15.73369477818348,8
5758,57,20,7,13,-15.746440629237659,7
5759,35,10,75,8,-15.755761764469415,2
5760,37,10,15,8,-15.78269510258246,2
5761,12,12,75,8,-15.785867542761379,4
5762,77,16,8,12,-15.792942369486319,4
5763,70,10,48,7,-15.796496446665468,3
5764,84,13,27,9,-15.830164703818385,4
5765,35,12,87,8,-15.83062454624883,4
5766,31,45,16,33,-15.837412153743443,12
5767,2,10,60,7,-15.84205677205398,3
5768,39,18,99,14,-15.84878961626863,4
5769,12,15,41,11,-15.852631956602023,4
5770,91,11,76,9,-15.872477419459234,2
5771,8,18,34,13,-15.876296726362224,5
5772,72,16,28,12,-15.894403574800393,4
5773,9,30,53,22,-15.894615033798411,8
5774,70,13,80,11,-15.90133341789594,2
5775,9,26,41,19,-15.923207095513275,7
5776,63,13,14,9,-15.961958621197994,4
5777,5,18,41,12,-16.050377082501456,6
5778,94,26,16,20,-16.092184494377843,6
5779,83,12,23,9,-16.123810814063006,3
5780,102,10,43,7,-16.154622115934174,3
5781,11,12,30,9,-16.16112498926937,3
5782,9,13,48,10,-16.236645292462978,3
5783,69,21,53,15,-16.247322250303586,6
5784,7,16,61,11,-16.426968020447948,5
5785,25,25,11,20,-16.429746187224737,5
5786,55,15,14,12,-16.464885141480416,3
5787,88,17,80,12,-16.477538046034613,5
5788,36,10,101,8,-16.627946704419497,2
5789,41,12,30,8,-16.67014747818193,4
5790,71,15,95,10,-16.72675418994599,5
5791,29,21,88,16,-16.771071942053304,5
5792,76,10,1,7,-16.815372977495876,3
5793,30,14,95,10,-16.836817117204564,4
5794,97,14,38,11,-16.838290194315167,3
5795,109,11,15,9,-16.89170612213505,2
5796,58,21,65,15,-16.90235476993002,6
5797,112,19,20,15,-16.964936240764274,4
5798,31,10,38,6,-16.97274158238424,4
5799,50,16,77,13,-16.97319460562341,3
5800,87,12,34,9,-16.98781036825935,3
5801,46,11,43,8,-16.991693442801246,3
5802,51,13,34,10,-17.050470848560973,3
5803,79,13,104,9,-17.056081750892357,4
5804,1,14,18,11,-17.058153705270225,3
5805,13,17,80,12,-17.06375198393908,5
5806,20,12,60,9,-17.12579419517071,3
5807,78,11,27,10,-17.136317360073022,1
5808,5,22,27,16,-17.186967099907662,6
5809,35,12,63,9,-17.190706154289504,3
5810,106,10,35,7,-17.319051156851785,3
5811,39,10,45,7,-17.32115834390289,3
5812,19,11,55,8,-17.435802328445057,3
5813,18,14,23,10,-17.468338798211544,4
5814,83,11,110,9,-17.575104905290946,2
5815,77,18,16,14,-17.61931989103236,4
5816,57,12,34,9,-17.642040510861822,3
5817,68,28,112,21,-17.68115669663255,7
5818,3,11,5,7,-17.694163901939547,4
5819,55,12,44,9,-17.771847163193563,3
5820,5,18,30,15,-17.81053305502534,3
5821,8,10,69,8,-17.824588271872045,2
5822,88,17,32,13,-17.824594134673823,4
5823,114,11,111,8,-17.846918134233796,3
5824,43,16,55,14,-17.88766939591472,2
5825,68,21,95,18,-17.962668451083434,3
5826,33,18,55,14,-17.969879843551904,4
5827,69,12,78,9,-18.00327037631838,3
5828,3,24,84,17,-18.016567455129117,7
5829,28,28,90,22,-18.060877876686433,6
5830,65,29,100,24,-18.208500508458588,5
5831,103,10,109,7,-18.37872283171988,3
5832,18,10,5,8,-18.464269170029826,2
5833,33,14,65,11,-18.512762180418843,3
5834,31,15,106,11,-18.52908676481624,4
5835,102,11,30,8,-18.53374521303684,3
5836,43,11,45,8,-18.574891926068155,3
5837,68,15,50,11,-18.68712791744929,4
5838,28,17,99,13,-18.754584808369174,4
5839,77,10,100,8,-18.785807393142274,2
5840,47,11,55,8,-18.857554518412744,3
5841,11,10,2,8,-18.92308479788875,2
5842,4,13,98,11,-18.936498509144613,2
5843,106,10,92,8,-19.041690772468705,2
5844,2,10,100,7,-19.143504228869272,3
5845,54,16,4,14,-19.244087603842104,2
5846,18,14,99,11,-19.290873438644514,3
5847,36,19,30,17,-19.30529767168729,2
5848,58,19,86,15,-19.384187711945845,4
5849,51,10,101,8,-19.538804927619935,2
5850,32,12,95,10,-19.760326388824467,2
5851,68,15,100,11,-19.919601065708385,4
5852,94,11,85,9,-19.99391792955888,2
5853,84,11,7,9,-20.072751797902637,2
5854,112,11,49,9,-20.081273718937805,2
5855,43,10,78,8,-20.12217678902932,2
5856,112,21,78,17,-20.22346706496018,4
5857,28,11,43,8,-20.232603750970075,3
5858,10,15,51,12,-20.332726180509006,3
5859,5,10,64,8,-20.37578731830582,2
5860,35,11,48,9,-20.438098241934796,2
5861,9,23,27,18,-20.73849836766573,5
5862,68,11,90,9,-20.787956198015944,2
5863,112,13,80,10,-20.792945298735344,3
5864,79,10,30,8,-20.824119521738712,2
5865,38,11,55,9,-20.87506721402826,2
5866,107,15,19,14,-20.944642879740467,1
5867,81,13,49,10,-21.20955753114466,3
5868,10,13,112,10,-21.234179723414762,3
5869,77,10,98,8,-21.266559747636286,2
5870,91,16,104,15,-21.31971827875211,1
5871,51,16,2,12,-21.322170492802826,4
5872,109,10,12,9,-21.32950515182345,1
5873,51,19,90,17,-21.393287092982963,2
5874,4,13,25,11,-21.42004260246313,2
5875,4,15,41,10,-21.480590173913868,5
5876,57,10,29,8,-21.590695741649974,2
5877,31,12,62,9,-21.790941067775986,3
5878,97,12,91,10,-22.175648770183788,2
5879,3,12,30,11,-22.297017461985927,1
5880,8,11,4,10,-23.17790508365148,1
5881,57,11,26,9,-23.524985632767628,2
5882,31,10,15,8,-23.60998987148027,2
5883,69,11,27,9,-23.965125451311458,2
5884,97,11,34,9,-24.058676404388496,2
5885,97,12,73,9,-24.10757303293757,3
5886,3,16,75,14,-24.194103806582213,2
5887,77,17,75,15,-26.826580833678783,2
5888,23,12,90,11,-27.953563540615974,1
5889,37,11,44,11,-29.883498899257123,0
