,againstHero,games,hero,losses,shift,wins
0,44,11,37,0,29.883498899257123,11
1,90,12,23,1,27.953563540615978,11
2,75,17,77,2,26.826580833678786,15
3,75,16,3,2,24.194103806582213,14
4,73,12,97,3,24.10757303293757,9
5,34,11,97,2,24.058676404388496,9
6,27,11,69,2,23.96512545131146,9
7,15,10,31,2,23.609989871480266,8
8,26,11,57,2,23.524985632767628,9
9,4,11,8,1,23.177905083651492,10
10,30,12,3,1,22.29701746198592,11
11,91,12,97,2,22.175648770183788,10
12,62,12,31,3,21.79094106777599,9
13,41,15,4,5,21.480590173913868,10
14,25,13,4,2,21.42004260246313,11
15,90,19,51,2,21.39328709298296,17
16,12,10,109,1,21.32950515182345,9
17,2,16,51,4,21.322170492802822,12
18,104,16,91,1,21.319718278752113,15
19,98,10,77,2,21.266559747636286,8
20,112,13,10,3,21.23417972341476,10
21,49,13,81,3,21.209557531144654,10
22,19,14,107,1,21.177025835811,13
23,55,11,38,2,20.87506721402826,9
24,30,10,79,2,20.824119521738705,8
25,90,11,68,2,20.787956198015944,9
26,27,23,9,5,20.738498367665727,18
27,78,20,112,4,20.501825468968363,16
28,48,11,35,2,20.438098241934792,9
29,64,10,5,2,20.375787318305825,8
30,51,15,10,3,20.332726180509006,12
31,43,11,28,3,20.23260375097008,8
32,78,10,43,2,20.12217678902932,8
33,49,11,112,2,20.081273718937805,9
34,7,11,84,2,20.072751797902637,9
35,85,11,94,2,19.99391792955888,9
36,100,15,68,4,19.919601065708385,11
37,95,12,32,2,19.760326388824463,10
38,94,10,51,2,19.678230206250994,8
39,101,10,51,2,19.538804927619935,8
40,86,19,58,4,19.384187711945845,15
41,30,19,36,2,19.30529767168729,17
42,99,14,18,3,19.290873438644514,11
43,4,16,54,2,19.2440876038421,14
44,100,10,2,3,19.14350422886928,7
45,92,10,106,2,19.041690772468705,8
46,98,13,4,2,18.936498509144613,11
47,2,10,11,2,18.923084797888755,8
48,55,11,47,3,18.857554518412744,8
49,100,10,77,2,18.78580739314227,8
50,99,17,28,4,18.754584808369174,13
51,50,15,68,4,18.68712791744929,11
52,45,11,43,3,18.574891926068155,8
53,106,15,31,4,18.52908676481624,11
54,65,14,33,3,18.51276218041885,11
55,80,12,112,3,18.49445527596796,9
56,5,10,18,2,18.464269170029823,8
57,109,10,103,3,18.37872283171988,7
58,100,29,65,5,18.208500508458588,24
59,90,28,28,6,18.060877876686437,22
60,84,24,3,7,18.016567455129117,17
61,78,12,69,3,18.003270376318383,9
62,55,18,33,4,17.969879843551904,14
63,95,21,68,3,17.962668451083438,18
64,55,16,43,2,17.887669395914717,14
65,111,11,114,3,17.846918134233796,8
66,32,17,88,4,17.82459413467382,13
67,69,10,8,2,17.824588271872045,8
68,30,18,5,3,17.81053305502534,15
69,44,12,55,3,17.77184716319356,9
70,5,11,3,4,17.694163901939547,7
71,34,12,57,3,17.642040510861822,9
72,16,18,77,4,17.61931989103236,14
73,110,11,83,2,17.575104905290946,9
74,23,14,18,4,17.468338798211544,10
75,55,11,19,3,17.435802328445057,8
76,112,27,68,7,17.405832718791217,20
77,45,10,39,3,17.32115834390289,7
78,35,10,106,3,17.319051156851785,7
79,63,12,35,3,17.190706154289504,9
80,27,22,5,6,17.18696709990766,16
81,27,11,78,1,17.136317360073022,10
82,60,12,20,3,17.12579419517071,9
83,80,17,13,5,17.063751983939074,12
84,18,14,1,3,17.058153705270225,11
85,104,13,79,4,17.056081750892357,9
86,34,13,51,3,17.050470848560973,10
87,43,11,46,3,16.991693442801246,8
88,34,12,87,3,16.987810368259346,9
89,77,16,50,3,16.97319460562341,13
90,38,10,31,4,16.97274158238424,6
91,15,11,109,2,16.89170612213505,9
92,38,14,97,3,16.838290194315167,11
93,95,14,30,4,16.836817117204568,10
94,1,10,76,3,16.815372977495876,7
95,88,21,29,5,16.771071942053304,16
96,95,15,71,5,16.72675418994599,10
97,30,12,41,4,16.67014747818193,8
98,101,10,36,2,16.6279467044195,8
99,63,18,3,3,16.488578447376668,15
100,80,17,88,5,16.47753804603461,12
101,14,15,55,3,16.464885141480416,12
102,11,25,25,5,16.429746187224733,20
103,61,16,7,5,16.42696802044795,11
104,53,21,69,6,16.247322250303586,15
105,48,13,9,3,16.236645292462974,10
106,30,12,11,3,16.16112498926937,9
107,43,10,102,3,16.154622115934178,7
108,23,12,83,3,16.123810814063006,9
109,41,18,5,6,16.05037708250146,12
110,14,13,63,4,15.961958621197992,9
111,41,26,9,7,15.923207095513272,19
112,80,13,70,2,15.901333417895936,11
113,53,30,9,8,15.894615033798411,22
114,28,16,72,4,15.894403574800391,12
115,34,18,8,5,15.876296726362224,13
116,76,11,91,2,15.872477419459232,9
117,41,15,12,4,15.852631956602023,11
118,99,18,39,4,15.84878961626863,14
119,60,10,2,3,15.842056772053983,7
120,16,45,31,12,15.837412153743443,33
121,87,12,35,4,15.830624546248833,8
122,48,10,70,3,15.796496446665468,7
123,8,16,77,4,15.792942369486319,12
124,75,12,12,4,15.785867542761377,8
125,15,10,37,2,15.78269510258246,8
126,60,21,112,5,15.767518468495476,16
127,75,10,35,2,15.755761764469415,8
128,7,20,57,7,15.746440629237663,13
129,30,25,13,8,15.733694778183482,17
130,93,16,96,4,15.733194627661211,12
131,37,14,77,4,15.73169378416834,10
132,80,12,35,3,15.72406211872363,9
133,75,13,80,3,15.718052052365534,10
134,16,25,94,6,15.716237844212394,19
135,8,13,1,3,15.702434313684373,10
136,87,10,38,3,15.648595936017909,7
137,90,13,97,4,15.621888085765939,9
138,106,11,85,3,15.60573196351404,8
139,4,14,45,4,15.600891470448106,10
140,23,20,5,5,15.563915929412016,15
141,104,12,31,4,15.561592201078605,8
142,25,11,14,2,15.536643242754739,9
143,37,11,10,4,15.516949569025604,7
144,89,10,106,4,15.508251121091039,6
145,104,18,2,6,15.503443707499333,12
146,69,15,31,5,15.502962092044205,10
147,73,25,107,8,15.460672720698525,17
148,65,20,58,6,15.443655730967691,14
149,49,14,25,4,15.43786379260084,10
150,11,10,71,3,15.386871545741162,7
151,98,12,46,4,15.381140721878971,8
152,18,13,37,3,15.368965567811566,10
153,20,18,112,4,15.347636279185814,14
154,61,15,68,4,15.24709195978541,11
155,30,13,43,3,15.232406371172788,10
156,79,16,87,3,15.19047686751735,13
157,41,17,71,4,15.16238863659133,13
158,81,17,94,6,15.053941840602283,11
159,25,18,99,5,15.014737107768298,13
160,45,10,75,2,15.003649946946844,8
161,38,11,57,4,15.001479354971178,7
162,95,21,17,5,14.970865650802967,16
163,55,10,112,2,14.907032679929213,8
164,8,10,108,2,14.883275708091887,8
165,51,24,81,8,14.806900687075016,16
166,75,35,54,11,14.800167840554582,24
167,57,10,2,3,14.75670329182861,7
168,114,26,109,6,14.744077219906968,20
169,32,14,106,3,14.741977351969275,11
170,100,10,31,3,14.730848989291463,7
171,114,19,83,5,14.712530964906872,14
172,86,17,103,5,14.699395978011559,12
173,69,13,18,4,14.69589661715718,9
174,3,10,35,3,14.67345115895829,7
175,14,11,97,2,14.634263785488013,9
176,49,15,69,5,14.620888888677557,10
177,27,12,12,3,14.588940972449642,9
178,50,12,99,4,14.581629542155014,8
179,74,19,62,5,14.57027413820892,14
180,108,11,9,4,14.533752266696009,7
181,73,12,37,4,14.533349572792922,8
182,13,12,2,4,14.516038794033767,8
183,112,20,84,6,14.510611268456794,14
184,45,18,51,5,14.493324057948724,13
185,34,12,25,3,14.468789684868277,9
186,73,10,2,3,14.457830254043136,7
187,44,12,5,3,14.447481002517355,9
188,80,11,14,4,14.435345395194508,7
189,40,10,83,2,14.347262135245902,8
190,7,27,77,8,14.33556677589385,19
191,63,10,61,2,14.323000497708241,8
192,80,37,63,10,14.322048676220186,27
193,31,12,57,4,14.310689026630849,8
194,80,18,50,4,14.309192739594003,14
195,46,11,102,3,14.30749471315205,8
196,34,12,37,3,14.30057126443514,9
197,74,21,60,7,14.268042080973931,14
198,30,15,77,4,14.240898393688356,11
199,63,11,66,3,14.209916362631539,8
200,20,15,3,4,14.188922367828338,11
201,41,11,80,3,14.18671629223256,8
202,15,10,63,3,14.178625851059422,7
203,39,14,85,5,14.177624685555417,9
204,40,29,77,8,14.048771071022596,21
205,13,10,10,3,14.003535982504161,7
206,69,11,91,4,13.993001551531528,7
207,111,12,75,4,13.972281809419963,8
208,40,24,71,7,13.948125771645659,17
209,91,11,109,3,13.946188604720339,8
210,75,19,69,5,13.942304484906579,14
211,37,11,112,3,13.937736127059294,8
212,100,10,40,3,13.927928921941099,7
213,100,10,38,2,13.910833855557149,8
214,54,17,76,5,13.892444764564262,12
215,53,19,50,6,13.883151416746285,13
216,11,13,83,3,13.863860744018647,10
217,86,19,52,5,13.851910838120485,14
218,71,14,112,4,13.807689689966653,10
219,98,17,31,6,13.805084918983171,11
220,13,74,31,23,13.800549608099516,51
221,97,11,112,2,13.794615799527321,9
222,43,17,53,4,13.791105639936726,13
223,30,18,69,6,13.733696768023911,12
224,63,14,33,4,13.733555706081617,10
225,63,25,31,7,13.714594813504092,18
226,104,14,44,4,13.703910249073422,10
227,107,20,99,6,13.701645523668953,14
228,92,16,86,5,13.67676060817369,11
229,93,12,46,3,13.65474091099076,9
230,38,10,3,3,13.612373842695769,7
231,15,10,74,3,13.569326307429137,7
232,64,18,104,5,13.54129056151704,13
233,27,26,60,6,13.540065663312776,20
234,74,11,103,3,13.53565105452587,8
235,104,15,38,5,13.530669032796665,10
236,7,11,66,4,13.514093541012448,7
237,78,10,1,3,13.511302040012387,7
238,34,10,70,3,13.500624883981928,7
239,26,24,86,6,13.454427406615018,18
240,93,10,90,3,13.452391800759148,7
241,102,17,55,5,13.448934349992445,12
242,36,15,35,4,13.440272285829963,11
243,25,12,32,5,13.427877456338663,7
244,75,15,53,5,13.423496737137006,10
245,104,12,35,4,13.369677424437178,8
246,55,11,32,4,13.36363963009391,7
247,16,18,83,5,13.351235477213141,13
248,87,28,114,10,13.329695440899371,18
249,18,12,46,3,13.322032493347338,9
250,47,16,18,4,13.317575135316673,12
251,50,17,46,6,13.310329365776974,11
252,64,19,106,6,13.295192075566398,13
253,7,12,99,4,13.274517260788409,8
254,102,31,5,10,13.269431869962297,21
255,87,15,112,5,13.2638460838065,10
256,95,23,11,6,13.26328800508424,17
257,11,39,96,12,13.25258237771624,27
258,95,36,88,11,13.24512473637818,25
259,8,16,41,4,13.244566662838952,12
260,36,18,54,6,13.217744798273172,12
261,11,22,70,6,13.174919150937761,16
262,97,12,35,3,13.159538935863281,9
263,95,28,37,7,13.149042342745604,21
264,53,15,77,5,13.125923769197524,10
265,83,10,70,4,13.118339150755117,6
266,98,12,88,3,13.09482237083463,9
267,104,38,46,12,13.083570903140268,26
268,27,12,84,4,13.080512808785825,8
269,43,15,91,4,13.046946068237395,11
270,27,12,114,4,13.009570993376595,8
271,100,15,60,4,13.00317877758717,11
272,34,22,28,6,12.986812143841883,16
273,91,10,112,3,12.979190972482943,7
274,91,29,60,10,12.952631394075715,19
275,78,15,8,4,12.921729498024693,11
276,23,16,17,5,12.920452187354222,11
277,98,12,75,4,12.900340980932176,8
278,2,21,65,5,12.890027578518202,16
279,19,15,54,6,12.889151076069242,9
280,23,14,45,4,12.875487654765548,10
281,47,14,112,5,12.859285190584627,9
282,27,19,109,7,12.854514856980066,12
283,78,25,51,9,12.832975588891266,16
284,98,15,29,4,12.831922527793076,11
285,49,20,104,6,12.812277987885736,14
286,104,20,27,5,12.796343894614777,15
287,41,12,84,4,12.75751979686909,8
288,54,12,81,4,12.757047966098476,8
289,95,10,36,3,12.746346244298937,7
290,33,14,106,4,12.736963404825662,10
291,46,24,106,9,12.725492516069492,15
292,111,16,88,4,12.710530076381987,12
293,48,14,5,4,12.657719903594751,10
294,108,24,70,7,12.6471886080542,17
295,10,11,87,3,12.637100065195789,8
296,38,11,17,4,12.634911882425525,7
297,15,20,51,7,12.587936460827022,13
298,20,19,9,6,12.586361422949272,13
299,57,27,5,8,12.572003913811171,19
300,98,27,87,8,12.540784384215351,19
301,54,14,58,5,12.535089602873327,9
302,75,27,5,10,12.535083552437033,17
303,55,12,103,3,12.517980336309982,9
304,80,10,49,4,12.50914199523895,6
305,36,17,50,7,12.423703215189779,10
306,67,12,97,3,12.35346782744064,9
307,78,10,20,3,12.337947782230119,7
308,28,10,108,4,12.299856976610261,6
309,32,10,39,3,12.25900875776762,7
310,71,11,84,3,12.255989147154674,8
311,48,27,54,9,12.230401373927076,18
312,28,19,112,6,12.22892074036625,13
313,75,19,43,5,12.224767647713705,14
314,43,14,9,5,12.224469441855378,9
315,78,11,106,3,12.210243252742755,8
316,7,18,76,7,12.19661731578168,11
317,109,17,39,4,12.189314131019263,13
318,77,23,51,8,12.161499329151763,15
319,2,22,70,8,12.153236389251056,14
320,19,11,31,3,12.140248760143196,8
321,92,12,63,5,12.136993324985582,7
322,15,13,55,3,12.101702748474299,10
323,58,19,69,7,12.089414430124696,12
324,34,14,20,4,12.080633416209027,10
325,110,11,28,4,12.062606997342062,7
326,30,18,91,5,12.061464887561753,13
327,1,18,63,7,12.054495717242014,11
328,98,28,96,9,12.0522531035848,19
329,15,20,9,8,12.038844634846162,12
330,58,16,13,4,12.037688148626765,12
331,1,12,104,4,12.020108292717422,8
332,109,11,98,3,11.980585816049416,8
333,37,16,60,6,11.9668638856867,10
334,50,11,72,3,11.966306538639385,8
335,11,12,9,4,11.95751404574191,8
336,53,10,54,3,11.951994898142782,7
337,95,27,18,9,11.951490678023532,18
338,29,13,68,4,11.946919320173034,9
339,109,11,29,5,11.905733206262543,6
340,62,18,63,6,11.898616241132697,12
341,90,18,104,6,11.89837391797068,12
342,20,12,29,4,11.85416559868577,8
343,78,10,47,4,11.843066191666676,6
344,74,34,28,11,11.834419909257846,23
345,78,10,37,3,11.831707242150298,7
346,63,47,28,14,11.8288664237163,33
347,74,10,64,4,11.828764368523546,6
348,28,16,111,5,11.82030122340792,11
349,83,10,17,4,11.812775268760372,6
350,53,10,91,3,11.811611902058761,7
351,86,20,72,6,11.806025667633925,14
352,8,21,40,6,11.791921402372775,15
353,44,10,54,3,11.791894285038754,7
354,91,12,65,4,11.784658313781675,8
355,17,18,109,6,11.781743441013703,12
356,55,37,1,11,11.76903355576794,26
357,16,11,67,3,11.761532223804268,8
358,100,15,112,5,11.719193187900878,10
359,91,13,96,4,11.692854193124042,9
360,98,11,48,3,11.678045251552971,8
361,30,33,39,11,11.664507953068155,22
362,30,11,94,4,11.643229108233816,7
363,15,21,18,6,11.590119158022436,15
364,90,15,39,5,11.57797650142359,10
365,27,31,65,10,11.573171716915368,21
366,33,15,50,5,11.568332857311571,10
367,36,16,104,6,11.564722196156039,10
368,111,10,71,3,11.563837134119533,7
369,74,15,76,6,11.544600382799558,9
370,80,10,30,3,11.535434430621326,7
371,15,11,76,4,11.511804844564256,7
372,94,10,12,4,11.507296767268532,6
373,57,19,63,7,11.49963226954776,12
374,13,72,88,23,11.464146800700746,49
375,100,24,54,8,11.463480826656635,16
376,47,14,81,4,11.445134927289029,10
377,114,39,106,13,11.417874917507987,26
378,29,10,95,3,11.401888238693152,7
379,76,23,35,8,11.396918545348738,15
380,4,11,38,3,11.395009854616484,8
381,107,14,10,5,11.38119632500004,9
382,104,21,71,8,11.370166649530528,13
383,64,12,20,3,11.33130846260478,9
384,50,38,20,12,11.31681648660145,26
385,47,23,60,7,11.313305625779169,16
386,7,25,96,7,11.300422106484014,18
387,80,10,5,3,11.295210617596885,7
388,2,14,55,5,11.276816159574059,9
389,75,52,7,17,11.274663385996204,35
390,90,12,48,4,11.252381363492233,8
391,87,29,70,11,11.250414739740135,18
392,107,16,83,5,11.249585120390279,11
393,40,13,81,4,11.249205674756393,9
394,95,28,51,8,11.244919045567018,20
395,75,17,109,5,11.242273446455997,12
396,27,14,112,5,11.23500119284759,9
397,38,12,112,3,11.230403622900138,9
398,46,20,96,8,11.223825219116966,12
399,73,13,51,4,11.219804453521853,9
400,98,18,106,6,11.217270403208776,12
401,100,12,46,4,11.210309669403356,8
402,89,11,1,4,11.209011069389932,7
403,114,45,65,16,11.207925536927627,29
404,6,12,61,4,11.200388242698187,8
405,43,16,4,6,11.162760468553993,10
406,55,13,85,4,11.149931721802192,9
407,100,20,87,8,11.113455718095162,12
408,40,10,19,3,11.104417905023016,7
409,74,13,32,4,11.101664191982366,9
410,70,22,57,9,11.101179297757742,13
411,78,13,80,4,11.097915766170063,9
412,75,13,29,5,11.096282078020437,8
413,12,18,107,5,11.095629908733306,13
414,17,12,78,4,11.090068157424293,8
415,62,11,57,3,11.089901365863183,8
416,100,11,102,3,11.083335103949722,8
417,99,11,11,4,11.04788337752713,7
418,32,12,114,4,11.045874107216177,8
419,64,25,9,7,11.036372697771332,18
420,45,12,68,4,11.024019728389067,8
421,53,41,88,13,11.023031682203495,28
422,41,14,92,5,11.016394202336144,9
423,98,10,68,3,11.014423279510455,7
424,15,13,71,4,11.00914391321026,9
425,8,22,15,8,11.00303059711984,14
426,56,13,107,5,11.000292497508868,8
427,51,20,110,6,11.000148170458745,14
428,50,37,88,13,10.986958086725295,24
429,89,10,13,4,10.939542022741618,6
430,19,10,80,3,10.932571489161038,7
431,27,14,64,4,10.925557497140753,10
432,73,17,5,6,10.907383059794872,11
433,102,10,35,4,10.903207987031468,6
434,111,21,41,8,10.875724405637953,13
435,71,16,77,5,10.872072685026803,11
436,37,46,54,15,10.870093974692763,31
437,109,34,8,13,10.819891467814772,21
438,106,17,81,7,10.816681182916202,10
439,104,27,77,9,10.795670361212093,18
440,55,25,91,7,10.791612827626562,18
441,59,11,7,3,10.771239818059199,8
442,63,11,72,3,10.764095493593645,8
443,9,17,104,6,10.7627294741424,11
444,27,27,31,11,10.758919665279384,16
445,54,11,111,3,10.714143810197228,8
446,43,13,36,5,10.713552025008548,8
447,57,34,107,12,10.704658915912152,22
448,51,25,74,7,10.704030149650722,18
449,65,15,57,5,10.687048615969914,10
450,5,25,98,9,10.66291868554062,16
451,30,41,107,14,10.657359132092086,27
452,107,12,103,3,10.647201349907752,9
453,30,20,64,7,10.642272986004784,13
454,98,18,71,6,10.627953776602759,12
455,16,12,101,4,10.622717697482882,8
456,7,31,91,9,10.609100286101588,22
457,75,15,38,4,10.597530026810052,11
458,26,10,28,3,10.592168464369761,7
459,69,18,28,7,10.575983527327304,11
460,95,15,9,6,10.569002592922953,9
461,71,19,54,7,10.563773271372229,12
462,28,17,40,7,10.551622113062637,10
463,86,16,56,5,10.543126647721753,11
464,71,19,97,6,10.5235339621969,13
465,27,27,36,10,10.523349599331352,17
466,89,14,37,6,10.519274673853001,8
467,114,12,12,5,10.50495457801322,7
468,63,18,69,5,10.495670691796661,13
469,78,17,16,6,10.487924828110982,11
470,75,14,102,4,10.47886729381523,10
471,75,35,8,11,10.477015226263449,24
472,23,12,77,4,10.472073733658851,8
473,6,10,31,4,10.459894630543896,6
474,60,27,69,11,10.453461646225001,16
475,64,25,112,7,10.447348803692252,18
476,78,13,53,5,10.442866978504684,8
477,44,16,39,6,10.434810009571377,10
478,95,19,114,7,10.422604339796184,12
479,110,11,7,5,10.422576579231729,6
480,63,13,85,5,10.414666124998384,8
481,3,13,29,4,10.397178070946653,9
482,100,10,57,4,10.386884791301807,6
483,106,16,93,6,10.37915501513517,10
484,49,21,60,7,10.36875684851125,14
485,104,13,81,6,10.361322759461329,7
486,94,10,7,3,10.355621654064773,7
487,16,26,1,7,10.345699287153877,19
488,37,13,1,5,10.342164269053148,8
489,13,16,29,6,10.32891723987792,10
490,7,14,81,6,10.32158298772756,8
491,107,29,31,13,10.30345756995746,16
492,49,11,29,4,10.30099349448638,7
493,30,11,102,4,10.296833808784982,7
494,63,11,52,4,10.291118040471776,7
495,34,10,68,4,10.287370907693369,6
496,38,12,54,4,10.280232127604943,8
497,34,12,104,4,10.27427919250402,8
498,85,15,50,5,10.26203922127155,10
499,77,12,99,3,10.252199704478638,9
500,67,16,106,6,10.252161434234207,10
501,60,21,29,8,10.230454029553844,13
502,63,35,91,11,10.225389928816243,24
503,30,17,31,7,10.214096274935343,10
504,25,24,68,8,10.211790433098953,16
505,10,14,28,4,10.207926130943799,10
506,11,36,37,12,10.20717474941383,24
507,91,24,39,8,10.206322081312438,16
508,48,24,96,8,10.200121519345739,16
509,98,15,2,6,10.198603389321667,9
510,71,13,33,4,10.195530501937561,9
511,97,41,37,14,10.190687502541845,27
512,89,13,104,5,10.17868688184359,8
513,6,12,9,5,10.175309866966636,7
514,43,29,86,9,10.173097117221216,20
515,58,13,39,4,10.147489402696785,9
516,96,11,23,4,10.143008283174426,7
517,53,37,31,14,10.136338371296793,23
518,92,10,109,3,10.132066653367776,7
519,46,14,70,5,10.128652016947743,9
520,17,18,60,6,10.12863063958789,12
521,8,10,35,3,10.118762046100299,7
522,50,20,102,8,10.118106239071224,12
523,53,36,36,11,10.114732824687987,25
524,39,28,43,11,10.108201581404133,17
525,18,24,8,7,10.103008591242306,17
526,89,11,74,4,10.093150392265771,7
527,79,12,106,4,10.079963228120917,8
528,40,16,49,6,10.077718304922938,10
529,13,23,83,8,10.067954696106945,15
530,48,30,107,11,10.063788403516291,19
531,44,10,38,3,10.048373138060269,7
532,110,13,107,4,10.03472132274693,9
533,11,14,18,5,10.031989827572826,9
534,16,43,18,14,10.022908903594146,29
535,75,12,57,4,10.001839571130395,8
536,95,25,65,9,9.987438820754939,16
537,87,13,52,5,9.984852518055051,8
538,73,18,88,6,9.974203425238965,12
539,28,26,68,8,9.968379628572306,18
540,63,45,88,14,9.955054334971098,31
541,95,10,2,3,9.920312629990502,7
542,25,14,3,5,9.907996037168818,9
543,107,21,102,8,9.900916609628295,13
544,27,13,30,5,9.89635566134904,8
545,87,32,9,13,9.890957993800642,19
546,18,39,39,13,9.885046818102031,26
547,2,17,54,5,9.883928701627934,12
548,17,15,71,6,9.874078720771614,9
549,76,12,18,4,9.847622493503502,8
550,30,16,63,6,9.842696842263113,10
551,86,26,79,9,9.841357831333449,17
552,53,10,98,4,9.839111782848335,6
553,63,47,84,18,9.837336867449046,29
554,54,13,57,3,9.824315369895016,10
555,104,25,75,9,9.822163907084754,16
556,48,24,87,8,9.816807340039903,16
557,40,24,17,8,9.815776001763279,16
558,102,17,51,6,9.81128950469166,11
559,64,17,37,6,9.810222324765896,11
560,62,10,93,4,9.798162399200404,6
561,40,25,3,8,9.786955757231253,17
562,37,24,83,9,9.783726366978417,15
563,13,14,76,5,9.765754801505128,9
564,30,12,52,4,9.763146241314214,8
565,63,29,76,9,9.752858943405716,20
566,89,13,16,5,9.733195931265595,8
567,16,16,32,6,9.72172092201369,10
568,43,19,31,10,9.720852773553682,9
569,85,13,13,4,9.717007051558657,9
570,75,18,11,7,9.71088785220573,11
571,102,33,86,11,9.70383463978044,22
572,53,18,3,6,9.694466592939397,12
573,53,20,17,7,9.68359454001968,13
574,53,12,38,4,9.664145468055217,8
575,100,12,71,4,9.66068752031631,8
576,111,16,63,6,9.656549842780759,10
577,41,15,17,5,9.654478177971624,10
578,22,10,114,5,9.649313306364819,5
579,93,10,104,4,9.637966581885273,6
580,78,10,114,4,9.632244308821944,6
581,41,23,53,8,9.631953807885303,15
582,70,17,109,6,9.623350653501726,11
583,76,16,9,5,9.621504571842449,11
584,99,14,8,6,9.61106559286031,8
585,83,18,84,7,9.609473734372159,11
586,8,13,53,4,9.596286006275326,9
587,80,14,39,5,9.589468521855673,9
588,15,31,88,9,9.582914300229938,22
589,73,20,7,8,9.582485903794176,12
590,64,44,60,14,9.569439655645416,30
591,13,24,97,9,9.567486234498416,15
592,7,23,19,7,9.559895766747154,16
593,92,15,68,5,9.538113226799515,10
594,106,13,108,4,9.535201707134298,9
595,1,22,31,9,9.525804060927038,13
596,20,32,25,11,9.520523686179052,21
597,18,27,9,9,9.520249042639604,18
598,8,17,36,6,9.51236026695053,11
599,90,14,80,4,9.509239360264802,10
600,114,13,2,5,9.509158562417847,8
601,90,21,13,7,9.506733485788097,14
602,37,22,99,7,9.502759058160713,15
603,37,29,7,11,9.500511382222342,18
604,102,13,60,5,9.490462801517765,8
605,70,10,58,3,9.487562225897108,7
606,97,23,51,7,9.463450569827408,16
607,16,47,96,14,9.46295382882651,33
608,102,12,17,4,9.460667678985603,8
609,76,28,68,7,9.459920139276978,21
610,32,11,63,4,9.44232166344675,7
611,64,14,92,7,9.432471863302014,7
612,108,15,39,6,9.406857006968854,9
613,108,14,60,5,9.40273406812832,9
614,45,22,107,8,9.39975575090587,14
615,63,25,109,10,9.392892060380623,15
616,65,37,93,15,9.392120129738295,22
617,48,13,51,6,9.391737592298234,7
618,63,12,10,4,9.391653486017917,8
619,109,11,36,3,9.390936468630548,8
620,80,33,107,11,9.376730084103613,22
621,76,17,39,5,9.374915521858481,12
622,104,21,84,8,9.37162724208143,13
623,87,14,33,5,9.358610632806945,9
624,23,12,50,3,9.354699302165745,9
625,28,12,12,4,9.351694573141017,8
626,28,29,2,10,9.34282167881126,19
627,111,15,51,5,9.328246716797016,10
628,60,16,58,6,9.319426070200468,10
629,50,17,70,7,9.316243790355681,10
630,11,29,84,10,9.312587470123525,19
631,86,15,67,6,9.30654184494345,9
632,75,57,68,19,9.300627868865528,38
633,63,19,77,6,9.291814452323939,13
634,75,13,93,5,9.279825087560205,8
635,65,26,29,11,9.27121079242292,15
636,20,16,90,6,9.25670480461804,10
637,7,44,25,15,9.233724493378423,29
638,70,16,69,5,9.227346228401574,11
639,64,11,81,4,9.217681779438383,7
640,27,15,4,6,9.214915067697104,9
641,2,12,40,4,9.204153353273352,8
642,73,17,40,6,9.199997222971483,11
643,15,13,91,6,9.175439096539632,7
644,41,15,49,6,9.171912615870818,9
645,40,15,102,6,9.171373555966685,9
646,92,15,40,5,9.168940871834318,10
647,53,22,108,9,9.163083344546394,13
648,16,63,106,21,9.160803291418002,42
649,50,43,5,17,9.156049369840707,26
650,13,42,18,16,9.15021879704067,26
651,9,16,47,6,9.146152811782594,10
652,81,18,16,6,9.137660797439956,12
653,100,20,88,7,9.116006427057258,13
654,91,22,20,9,9.11515023214943,13
655,92,11,17,4,9.114563540800457,7
656,109,15,31,5,9.11388757240418,10
657,95,34,8,13,9.079209474058969,21
658,44,29,86,10,9.073857704921485,19
659,28,16,94,5,9.068842266957846,11
660,28,34,75,12,9.068390514566694,22
661,48,22,79,8,9.064036284770669,14
662,47,21,68,7,9.052758514326353,14
663,58,10,112,4,9.041979275484929,6
664,35,16,45,7,9.040031591861501,9
665,85,14,72,4,9.03362076276455,10
666,54,17,43,7,9.026858404506273,10
667,75,18,100,8,9.024866169547831,10
668,30,16,70,7,9.016092338129877,9
669,5,15,36,6,9.008614310253613,9
670,114,15,57,5,9.000054094310599,10
671,27,14,77,5,8.98057953611799,9
672,28,15,52,6,8.975367013246691,9
673,76,12,94,4,8.97405454794504,8
674,97,18,36,7,8.970668153566264,11
675,47,20,114,8,8.969382880850322,12
676,28,11,32,4,8.963821007682872,7
677,63,34,48,12,8.958044896706859,22
678,11,13,80,5,8.941133144462878,8
679,73,12,31,4,8.938919570135752,8
680,11,10,91,3,8.923724837318142,7
681,110,19,25,6,8.917701672558222,13
682,89,15,107,5,8.908975430626485,10
683,7,20,109,7,8.9080321410632,13
684,100,38,51,17,8.893196391712337,21
685,69,12,97,4,8.888377862411462,8
686,44,20,13,7,8.886721786197054,13
687,49,11,53,4,8.876928289416245,7
688,23,16,12,6,8.872217683410865,10
689,27,12,98,5,8.86033119776736,7
690,19,13,20,5,8.851087559473102,8
691,32,15,87,5,8.84415502943487,10
692,87,19,81,9,8.837308894093788,10
693,63,19,36,7,8.822881427312195,12
694,36,18,47,6,8.810892372607714,12
695,106,10,42,3,8.802546839644418,7
696,39,36,20,15,8.800920294125156,21
697,109,12,77,5,8.789144881364965,7
698,106,23,18,8,8.778191080978742,15
699,39,36,88,13,8.756638990991734,23
700,38,14,106,7,8.74501943352997,7
701,104,23,11,8,8.742484307216115,15
702,4,22,17,7,8.727735068009611,15
703,8,26,57,9,8.727187925997562,17
704,9,11,57,4,8.721996193617914,7
705,58,10,45,4,8.721721801464442,6
706,45,15,86,6,8.710518828201982,9
707,63,15,102,6,8.710165699989911,9
708,63,35,20,14,8.705248065274409,21
709,30,10,2,4,8.704387763563812,6
710,110,14,39,4,8.694421097429624,10
711,16,26,76,12,8.692110714550006,14
712,76,15,60,4,8.678706996102921,11
713,77,16,88,6,8.678317130754186,10
714,9,31,31,11,8.678153869820548,20
715,85,10,98,3,8.673802483900154,7
716,41,19,97,7,8.638943706099205,12
717,76,12,57,4,8.631010009083717,8
718,51,51,63,21,8.61580742538916,30
719,27,19,53,6,8.613512457869616,13
720,69,15,57,5,8.610432071680039,10
721,23,34,60,12,8.608807282411219,22
722,51,21,33,6,8.606152418737853,15
723,90,22,50,8,8.598522697494,14
724,110,19,16,7,8.596145036216202,12
725,95,23,55,8,8.575006509864881,15
726,41,13,3,3,8.570007818582788,10
727,78,19,7,8,8.565348954184037,11
728,78,11,36,4,8.552435160203329,7
729,114,13,62,5,8.54955618000272,8
730,12,13,106,4,8.530975907772834,9
731,34,12,39,5,8.530792842427957,7
732,86,28,48,10,8.527783865058886,18
733,62,23,88,9,8.512625127129992,14
734,91,10,45,4,8.504304930616431,6
735,64,28,40,10,8.496071624321134,18
736,75,16,1,5,8.487454866261048,11
737,74,14,77,5,8.485489523270209,9
738,15,13,53,5,8.45144556317874,8
739,95,14,96,5,8.45037398259218,9
740,8,32,114,11,8.446067232393613,21
741,41,40,86,14,8.438958336325594,26
742,96,24,70,11,8.437417991026262,13
743,55,20,114,7,8.432483182241098,13
744,73,19,90,7,8.424101991862472,12
745,109,14,67,7,8.410228891959628,7
746,80,11,79,5,8.39440233865723,6
747,67,10,104,4,8.393331116483226,6
748,7,22,5,8,8.357081514884824,14
749,38,23,65,10,8.354229779220864,13
750,41,32,31,12,8.353957395244583,20
751,39,20,112,8,8.345179878987272,12
752,69,20,68,8,8.344032655118443,12
753,76,39,51,13,8.339242903099507,26
754,102,17,88,5,8.307899790454732,12
755,53,29,30,11,8.306098230837586,18
756,90,31,106,10,8.283845461248372,21
757,41,18,91,6,8.276671952774393,12
758,75,12,76,5,8.269580351796622,7
759,50,34,55,14,8.268886532039616,20
760,37,12,14,5,8.266467835075433,7
761,16,42,46,15,8.265204078980108,27
762,29,14,19,5,8.255714542563327,9
763,100,10,84,3,8.240271972733373,7
764,94,10,2,4,8.235738884159371,6
765,69,21,106,8,8.230262561693124,13
766,41,28,104,12,8.222150207467429,16
767,112,14,40,6,8.221202026655053,8
768,86,26,1,10,8.213403239086288,16
769,87,24,93,9,8.20135369004028,15
770,11,24,109,8,8.196422948591085,16
771,74,25,39,10,8.195535087876927,15
772,104,35,60,10,8.183651908443375,25
773,68,45,87,17,8.1769425507642,28
774,50,18,30,7,8.173377893689405,11
775,68,11,33,4,8.166895131198165,7
776,50,28,71,11,8.165371088482388,17
777,16,32,69,12,8.160441247046853,20
778,86,38,76,14,8.159754461381874,24
779,107,12,61,5,8.157075963099336,7
780,18,16,112,5,8.155957753880719,11
781,16,65,63,25,8.14697641925856,40
782,4,10,112,4,8.145974306589784,6
783,26,10,107,4,8.136960920766814,6
784,30,16,46,6,8.09849810603762,10
785,37,42,46,14,8.09589581959515,28
786,15,17,87,7,8.088262314262588,10
787,60,30,50,13,8.087484578525554,17
788,7,15,10,6,8.086365440359023,9
789,109,15,46,6,8.081904977493476,9
790,8,61,5,24,8.080732178020162,37
791,110,16,97,6,8.077466293642946,10
792,19,16,13,6,8.067215936629546,10
793,16,18,14,7,8.06483217295593,11
794,53,13,46,5,8.064750592390656,8
795,51,15,91,5,8.060157448942936,10
796,9,11,12,4,8.058955245687951,7
797,58,26,107,9,8.037629940895535,17
798,37,16,27,6,8.030406858059436,10
799,108,26,13,9,8.028546837864388,17
800,12,16,3,5,8.025644589227156,11
801,75,41,50,14,8.02466935745211,27
802,35,11,9,5,8.012816785902409,6
803,48,12,25,5,8.01244102921806,7
804,91,31,98,12,8.010154956050265,19
805,27,38,88,16,8.004162194472352,22
806,102,19,96,7,7.9956311609664965,12
807,13,16,70,6,7.990308468406848,10
808,5,28,84,11,7.986435375626319,17
809,84,31,39,12,7.976509708255431,19
810,12,12,4,4,7.976222296376225,8
811,65,25,5,10,7.967561696591304,15
812,80,12,68,4,7.963368280059832,8
813,23,21,39,8,7.9630880242589255,13
814,3,10,109,4,7.949985033221677,6
815,89,12,53,5,7.9499730264780055,7
816,87,15,19,6,7.943589688548752,9
817,73,17,87,5,7.942207150258419,12
818,30,41,65,15,7.937351182752284,26
819,18,10,34,3,7.934073113605032,7
820,77,12,64,6,7.9282827223690555,6
821,33,16,20,6,7.928062438364485,10
822,80,18,51,7,7.926528914197648,11
823,54,22,18,9,7.917650548154775,13
824,88,10,82,4,7.912578083642496,6
825,71,13,38,4,7.906029048659733,9
826,78,11,31,5,7.904414780494012,6
827,76,11,108,4,7.890267325318871,7
828,60,24,81,9,7.879588509675568,15
829,55,17,23,8,7.871570609888838,9
830,114,25,90,10,7.8701656835045455,15
831,44,12,35,5,7.859665557157517,7
832,106,26,91,9,7.859341034872018,17
833,15,30,39,10,7.850357643973713,20
834,16,37,9,13,7.846826969300749,24
835,104,13,69,4,7.846435814216967,9
836,53,19,109,7,7.841205358929896,12
837,7,11,2,4,7.836909370766421,7
838,8,17,98,6,7.8322640771965775,11
839,25,46,46,19,7.8204011950255445,27
840,87,36,40,15,7.816149468605837,21
841,75,21,49,8,7.802050873504809,13
842,114,12,110,4,7.80031681097971,8
843,50,15,48,5,7.798532000224024,10
844,47,10,111,4,7.786638633209644,6
845,68,28,18,11,7.775566947501909,17
846,92,14,114,4,7.774797164908212,10
847,41,15,81,5,7.770221546669875,10
848,57,23,39,9,7.767705201432487,14
849,46,11,29,6,7.7647643110174815,5
850,100,14,62,6,7.761583554429881,8
851,50,22,18,9,7.758401768064157,13
852,53,11,73,4,7.756297558195456,7
853,37,49,25,20,7.755599308877524,29
854,73,13,54,5,7.746921178252216,8
855,44,11,84,5,7.741464370739849,6
856,78,18,87,8,7.738249145100052,10
857,46,13,64,5,7.701785189637151,8
858,41,15,77,5,7.700447698799743,10
859,11,15,68,6,7.700280996267677,9
860,64,11,11,3,7.699861982788657,8
861,111,25,7,10,7.69032342577198,15
862,5,32,11,12,7.687442157533876,20
863,37,29,38,11,7.668156637885108,18
864,37,24,96,10,7.665844925696509,14
865,33,13,31,6,7.647223417443057,7
866,70,11,60,4,7.6464357490262,7
867,108,20,88,7,7.642505031143237,13
868,97,29,5,10,7.639418302115124,19
869,13,31,3,10,7.638676786821423,21
870,96,22,80,8,7.6325568595370585,14
871,23,13,91,6,7.630492751883036,7
872,18,20,36,8,7.5949028785012285,12
873,58,18,88,7,7.5880987725104365,11
874,72,10,36,4,7.585561627806539,6
875,28,31,114,13,7.584853881328923,18
876,46,12,77,5,7.574271980014295,7
877,34,14,5,4,7.5706698448560905,10
878,40,66,68,24,7.5703219943157025,42
879,6,11,55,3,7.526848268362216,8
880,55,18,77,7,7.520653437888106,11
881,88,24,3,9,7.5117017749719,15
882,86,88,51,37,7.511450798964613,51
883,53,19,12,8,7.511441486905761,11
884,43,15,84,6,7.511290434631544,9
885,15,13,50,5,7.509982415529958,8
886,54,30,60,11,7.494934117874263,19
887,64,10,29,3,7.494394888436804,7
888,41,11,96,3,7.480521636982391,8
889,48,10,89,3,7.476757612743907,7
890,70,14,36,6,7.476080415111229,8
891,108,15,63,6,7.475559971035058,9
892,16,32,43,11,7.475406687421778,21
893,64,37,31,14,7.4738922265185375,23
894,28,10,81,4,7.472696801730322,6
895,45,12,53,5,7.463487107897495,7
896,37,21,110,9,7.457046552670356,12
897,86,53,97,21,7.453774682156136,32
898,46,30,75,12,7.449361290092638,18
899,8,28,84,10,7.447150756775401,18
900,64,17,43,7,7.43896725456377,10
901,7,49,87,18,7.4314438134316605,31
902,49,12,62,4,7.42673526947668,8
903,34,11,43,4,7.424240308041092,7
904,54,44,109,16,7.42149631612999,28
905,112,20,76,9,7.420620932537434,11
906,8,19,91,7,7.416456742894205,12
907,36,34,41,16,7.412500474371832,18
908,64,11,19,3,7.409166426273504,8
909,13,19,112,8,7.398341700566552,11
910,20,35,84,11,7.397610796744058,24
911,1,10,5,4,7.391988711274886,6
912,72,13,51,6,7.389012124503451,7
913,75,50,16,20,7.38842567902132,30
914,27,31,86,11,7.379251077987928,20
915,73,10,71,4,7.37323406519455,6
916,13,35,54,13,7.373225396669799,22
917,34,15,74,5,7.367415754617591,10
918,31,14,80,4,7.367135464628976,10
919,25,16,33,5,7.36592627296452,11
920,77,10,114,4,7.3654772203978025,6
921,53,18,61,6,7.3640960284192225,12
922,49,13,23,5,7.360298065336568,8
923,73,25,8,10,7.35879002547718,15
924,40,41,104,15,7.342291894534163,26
925,75,16,2,7,7.332326563651873,9
926,97,26,68,10,7.3316577092188355,16
927,2,32,107,12,7.32884412298255,20
928,70,42,5,17,7.323141246130927,25
929,1,23,65,10,7.319832649719675,13
930,109,26,55,12,7.3182997081126135,14
931,39,24,106,10,7.31226919998241,14
932,48,12,108,4,7.300121208763458,8
933,54,33,40,13,7.298767912387551,20
934,17,17,9,7,7.295940921809664,10
935,47,11,61,4,7.295405799949466,7
936,43,31,40,13,7.2876910701836355,18
937,97,16,29,6,7.284915525257299,10
938,13,20,98,7,7.284404613166717,13
939,114,42,13,19,7.284350704257176,23
940,34,12,48,5,7.278505376330149,7
941,55,20,68,7,7.273979151335479,13
942,106,13,57,6,7.272492874678534,7
943,62,10,96,3,7.268496266352443,7
944,110,16,70,6,7.267896542251015,10
945,20,17,98,6,7.267496359610282,11
946,13,31,69,12,7.264804290539713,19
947,75,19,81,7,7.259552889264539,12
948,11,12,10,5,7.252899748629005,7
949,98,12,93,5,7.2513528092711335,7
950,46,13,90,5,7.250761878801304,8
951,49,11,15,4,7.248095103585942,7
952,20,21,41,9,7.246750485082596,12
953,31,14,5,5,7.246607645789562,9
954,20,10,75,4,7.241047227766171,6
955,114,27,40,9,7.240772461331043,18
956,114,14,81,6,7.238705590547007,8
957,54,16,62,6,7.236680580960737,10
958,15,16,3,7,7.226872372846494,9
959,13,60,106,23,7.22482230869508,37
960,35,20,40,7,7.2238461178978355,13
961,27,13,35,5,7.215256796262466,8
962,81,32,13,12,7.194897673585073,20
963,27,20,63,9,7.19472225275396,11
964,36,16,112,6,7.175574629533441,10
965,16,109,88,41,7.167573523139397,68
966,38,18,84,8,7.154125748328736,10
967,34,12,60,4,7.148158666349012,8
968,29,14,37,6,7.147246302868531,8
969,88,10,103,4,7.146583091840611,6
970,5,17,60,6,7.144002600647477,11
971,40,50,55,19,7.142420946012768,31
972,87,27,91,10,7.142016410462965,17
973,90,26,87,10,7.134749793973535,16
974,63,58,54,22,7.133964662886907,36
975,75,57,107,18,7.131800392099847,39
976,88,11,67,3,7.127393540580368,8
977,100,14,30,5,7.12422480058823,9
978,67,12,107,4,7.124134838046416,8
979,28,20,62,8,7.086204539456473,12
980,28,35,70,14,7.078735797739843,21
981,102,14,98,6,7.075813129571894,8
982,50,14,49,6,7.064134383315743,8
983,100,21,25,9,7.062312436550092,12
984,99,18,36,6,7.061516094995872,12
985,65,16,73,6,7.056062739811479,10
986,107,45,53,17,7.045311500664531,28
987,16,31,64,11,7.027713443588521,20
988,100,16,18,7,7.026565168419708,9
989,95,15,40,6,7.026458120737083,9
990,87,27,53,12,7.022639512769477,15
991,93,26,54,9,7.002072182522706,17
992,80,13,48,4,6.99747900943173,9
993,62,15,5,6,6.992708759597391,9
994,114,19,1,7,6.990089974683044,12
995,111,23,13,10,6.988942249892523,13
996,17,20,55,9,6.987444025974705,11
997,107,26,35,9,6.986606963430158,17
998,11,20,57,9,6.983907364905458,11
999,8,17,33,6,6.975602243001775,11
1000,112,14,29,6,6.972231702387924,8
1001,18,23,97,9,6.965163575719862,14
1002,16,34,36,13,6.9623095532486845,21
1003,32,18,104,6,6.95922508638955,12
1004,90,20,63,8,6.95733483322538,12
1005,2,11,38,5,6.952650087165873,6
1006,4,25,51,9,6.952578906103857,16
1007,100,18,43,8,6.945332357815133,10
1008,99,12,88,5,6.93913123202866,7
1009,7,21,46,7,6.935769096747123,14
1010,75,19,30,8,6.923427737676235,11
1011,114,23,3,8,6.912850093555391,15
1012,15,13,1,5,6.894393360648802,8
1013,76,16,88,7,6.891817282335726,9
1014,90,22,65,10,6.887045978873851,12
1015,107,27,109,10,6.886337490511135,17
1016,114,47,5,19,6.885144276646171,28
1017,34,18,84,8,6.88355580878115,10
1018,106,15,99,5,6.882359612487447,10
1019,60,43,4,19,6.864343045215706,24
1020,114,19,96,7,6.8573207383282995,12
1021,13,29,95,12,6.852052215706936,17
1022,7,99,51,37,6.849475435937799,62
1023,86,80,96,31,6.839782165020975,49
1024,13,42,43,19,6.837629153851968,23
1025,78,14,96,5,6.830515928543477,9
1026,95,25,106,9,6.830338155584792,16
1027,89,10,68,4,6.826893879643049,6
1028,68,69,31,28,6.821634358561019,41
1029,65,14,66,5,6.821265394674894,9
1030,30,22,104,10,6.820606807560422,12
1031,98,40,86,17,6.818936598158919,23
1032,56,13,4,6,6.816273515879696,7
1033,44,21,6,7,6.813562816650853,14
1034,25,14,9,5,6.810304163725227,9
1035,51,20,96,8,6.809158319794973,12
1036,100,16,114,6,6.806713890734189,10
1037,60,18,45,8,6.8022482279138705,10
1038,49,10,71,4,6.800377692667283,6
1039,55,10,31,4,6.798197972656263,6
1040,1,16,87,7,6.782771040032774,9
1041,39,81,51,33,6.781026894224875,48
1042,6,14,27,6,6.780540737481572,8
1043,81,10,108,4,6.778588424753946,6
1044,33,23,107,10,6.763493299081546,13
1045,13,43,23,19,6.759962036733638,24
1046,57,12,109,5,6.758716421545093,7
1047,86,15,94,6,6.753448997726147,9
1048,53,13,90,5,6.752088210585151,8
1049,30,19,18,8,6.749976540021853,11
1050,94,10,71,4,6.748460655059317,6
1051,84,21,78,8,6.745502178752575,13
1052,45,32,7,13,6.743551275422484,19
1053,100,18,63,8,6.742683547587139,10
1054,84,25,48,9,6.7407911051084906,16
1055,40,14,78,4,6.732885786530082,10
1056,74,38,96,14,6.731828732252355,24
1057,14,13,95,5,6.731405281187272,8
1058,100,11,95,5,6.722166987268522,6
1059,65,10,32,4,6.718474357729474,6
1060,28,35,97,13,6.716635909782017,22
1061,60,21,12,11,6.704537300087493,10
1062,83,15,74,7,6.703298030488857,8
1063,28,24,71,9,6.697570308642473,15
1064,111,11,106,3,6.697425895741327,8
1065,7,18,62,7,6.690218008322475,11
1066,54,75,88,30,6.6874207756050055,45
1067,16,68,55,25,6.673907741530192,43
1068,14,13,13,4,6.663851771345142,9
1069,51,57,65,21,6.662266346450137,36
1070,83,11,71,5,6.656205380333864,6
1071,12,13,87,5,6.654704325795005,8
1072,71,19,37,8,6.653996053488669,11
1073,76,15,114,5,6.6539119931134865,10
1074,32,26,5,10,6.647447060451906,16
1075,4,30,65,12,6.6356003955737535,18
1076,39,22,37,9,6.632156694863052,13
1077,25,48,5,19,6.626414170343125,29
1078,16,34,100,13,6.622935947165198,21
1079,74,14,9,5,6.620459467868885,9
1080,85,10,75,3,6.61929344121288,7
1081,71,18,81,7,6.61709770119633,11
1082,55,21,64,7,6.604925944972094,14
1083,34,16,30,6,6.601140375094157,10
1084,65,28,96,12,6.593487230396348,16
1085,39,25,38,10,6.576359256983345,15
1086,47,36,13,14,6.576234413408801,22
1087,53,26,114,11,6.571088082289226,15
1088,104,37,25,16,6.567754121461538,21
1089,58,18,68,7,6.553002087451516,11
1090,68,25,91,11,6.550419627313768,14
1091,77,21,18,7,6.545250800191177,14
1092,54,58,70,23,6.543056803225659,35
1093,49,10,55,4,6.541972088163769,6
1094,86,29,81,9,6.532482502137965,20
1095,91,13,80,5,6.531108694088673,8
1096,35,15,28,7,6.525585250622975,8
1097,16,78,39,32,6.5210913868223725,46
1098,78,21,107,8,6.505959287985718,13
1099,16,21,108,8,6.502477858846357,13
1100,90,10,102,5,6.502237322589002,5
1101,1,20,54,8,6.493394551110143,12
1102,48,10,104,4,6.493358473776671,6
1103,20,18,68,8,6.48964373329749,10
1104,16,27,3,10,6.483698180671639,17
1105,70,20,9,7,6.477071321597407,13
1106,98,18,84,6,6.475666713551259,12
1107,100,17,55,8,6.465563036443129,9
1108,70,13,29,6,6.465173609286504,7
1109,78,14,98,6,6.457784687804565,8
1110,29,10,41,4,6.453681453868417,6
1111,6,10,28,4,6.452419128804086,6
1112,3,15,43,6,6.447238384687711,9
1113,69,31,86,13,6.447204277363735,18
1114,4,20,87,7,6.445923142452618,13
1115,39,56,68,24,6.439118209474396,32
1116,41,20,109,7,6.432688342356182,13
1117,100,22,39,9,6.432511887302126,13
1118,40,16,33,5,6.427211772717694,11
1119,107,34,43,13,6.422100856640922,21
1120,107,19,77,8,6.416947048354687,11
1121,91,18,54,8,6.414686940093468,10
1122,106,13,77,6,6.407119934187455,7
1123,80,20,37,8,6.401050818487373,12
1124,20,30,51,14,6.390780350627106,16
1125,13,21,94,8,6.377487651674518,13
1126,81,12,69,5,6.3766610232414545,7
1127,30,19,84,7,6.373847364369496,12
1128,7,21,56,9,6.361794853449644,12
1129,41,15,28,6,6.359689551305939,9
1130,92,13,27,6,6.356396578041118,7
1131,51,15,112,6,6.350376289921739,9
1132,86,29,83,10,6.342700324127683,19
1133,107,23,69,9,6.341765510677753,14
1134,62,22,40,11,6.34058891485694,11
1135,81,10,111,3,6.333917467029674,7
1136,54,14,112,5,6.3267118256224935,9
1137,20,40,16,14,6.318333724670661,26
1138,29,13,55,5,6.301089833667023,8
1139,39,16,83,6,6.297771796270439,10
1140,23,17,114,6,6.291790840234864,11
1141,70,16,64,5,6.286009204558742,11
1142,16,12,92,3,6.284475222709882,9
1143,41,11,102,4,6.282861273718874,7
1144,87,28,41,11,6.282239020662331,17
1145,86,21,4,8,6.2794844995496994,13
1146,20,45,5,17,6.270373633442785,28
1147,69,11,96,4,6.268969865653719,7
1148,15,12,95,5,6.265255655621163,7
1149,92,22,39,10,6.263991845659126,12
1150,108,18,87,7,6.262008842945723,11
1151,43,17,5,7,6.250727481432205,10
1152,104,41,50,16,6.230364171354915,25
1153,16,42,91,15,6.227187272730326,27
1154,13,17,6,7,6.226729543003945,10
1155,72,12,68,5,6.2229147971092145,7
1156,65,15,6,6,6.216451840954273,9
1157,47,14,28,6,6.211297191624255,8
1158,46,24,39,12,6.2104681559769475,12
1159,35,15,84,6,6.209299301194261,9
1160,74,28,70,13,6.203999405338755,15
1161,63,28,2,12,6.200018491851485,16
1162,107,25,62,12,6.194038646729137,13
1163,91,12,71,5,6.187474142289449,7
1164,55,14,35,6,6.181710197353361,8
1165,97,23,76,10,6.171425808149794,13
1166,65,45,20,17,6.171028105010781,28
1167,57,21,102,9,6.169321397774083,12
1168,13,47,36,18,6.167141158071529,29
1169,63,10,89,3,6.159771716986653,7
1170,31,15,112,5,6.149641402394961,10
1171,54,31,68,12,6.129451922490282,19
1172,55,24,97,9,6.128965912516967,15
1173,25,35,88,12,6.123879676950231,23
1174,86,55,39,24,6.1213596693037005,31
1175,81,13,31,4,6.117159791325403,9
1176,39,18,29,8,6.11667916860653,10
1177,90,12,7,5,6.108519045195328,7
1178,111,23,107,11,6.08814286411973,12
1179,79,10,108,3,6.083927302918588,7
1180,64,16,3,6,6.081103034121076,10
1181,70,29,20,11,6.080511379179193,18
1182,55,10,69,4,6.075582313218194,6
1183,74,14,48,7,6.068043245358376,7
1184,23,27,41,11,6.068042449918637,16
1185,78,23,57,10,6.066845953412291,13
1186,23,18,28,8,6.06620277166243,10
1187,63,24,18,9,6.046455003215173,15
1188,8,16,32,7,6.041444852098721,9
1189,7,24,98,9,6.0336860037819795,15
1190,75,31,31,14,6.033482134287373,17
1191,16,20,79,8,6.0309592755619885,12
1192,64,38,86,16,6.030765339147399,22
1193,91,17,50,6,6.027790824025911,11
1194,95,20,46,8,6.027785407812038,12
1195,15,18,81,8,6.020952084821452,10
1196,100,14,17,4,6.011059679512766,10
1197,65,61,88,23,6.004362907857696,38
1198,37,19,100,7,6.000890669706824,12
1199,107,32,3,15,5.999011076330673,17
1200,114,25,31,11,5.991876520395493,14
1201,64,20,18,8,5.974775055211904,12
1202,69,12,54,5,5.973066602774385,7
1203,97,18,40,7,5.966918416140386,11
1204,12,10,38,4,5.966686013029674,6
1205,104,19,17,8,5.965485227876699,11
1206,68,52,53,21,5.964244334939563,31
1207,86,34,17,16,5.961143965020203,18
1208,97,12,10,6,5.950831581917705,6
1209,39,12,14,5,5.947548147792332,7
1210,33,15,7,7,5.9471342175078945,8
1211,28,15,53,6,5.9457443646332715,9
1212,98,25,76,10,5.944337446211659,15
1213,41,15,43,6,5.943674988011269,9
1214,57,26,13,12,5.943334816387065,14
1215,104,50,28,21,5.941710221571149,29
1216,74,11,30,5,5.935013522041515,6
1217,37,45,63,18,5.933785173114154,27
1218,73,20,114,8,5.924435121305103,12
1219,93,10,63,4,5.9175632502755855,6
1220,16,83,87,35,5.915679092980692,48
1221,41,15,45,5,5.9144627061547626,10
1222,6,17,107,7,5.906261036560345,10
1223,46,12,1,6,5.891865749051654,6
1224,74,34,84,16,5.891399521581718,18
1225,109,19,34,8,5.8910600256239505,11
1226,64,34,51,14,5.888421423830696,20
1227,46,12,36,5,5.882094180819339,7
1228,62,17,9,7,5.86600144742425,10
1229,54,36,95,16,5.865979569344106,20
1230,34,17,7,7,5.863504951401833,10
1231,7,20,112,8,5.8633899504874805,12
1232,104,37,55,15,5.856904127783749,22
1233,74,37,46,14,5.850135921281393,23
1234,58,13,87,5,5.8383296210552,8
1235,3,12,18,4,5.832827231063855,8
1236,40,16,5,7,5.820527251695649,9
1237,100,10,49,5,5.813425744151518,5
1238,80,28,106,11,5.812470547213421,17
1239,79,13,20,5,5.810117746469002,8
1240,16,38,62,14,5.806515303304726,24
1241,71,48,13,21,5.805132526236809,27
1242,91,19,31,7,5.801858258461766,12
1243,7,45,64,20,5.801061458968774,25
1244,74,28,55,12,5.797157459674129,16
1245,98,26,63,11,5.795644107915217,15
1246,15,10,43,4,5.792521091011201,6
1247,11,19,35,8,5.768399159544,11
1248,58,13,53,7,5.756559382638666,6
1249,23,13,47,5,5.755142063292807,8
1250,36,12,77,5,5.751140829309578,7
1251,25,42,106,16,5.73768822242091,26
1252,13,48,25,22,5.729332953997915,26
1253,45,14,9,5,5.727853500458987,9
1254,25,26,51,11,5.72613511284895,15
1255,98,13,17,6,5.723425305113809,7
1256,6,10,12,5,5.722414314921584,5
1257,41,18,37,7,5.716493275276269,11
1258,23,10,102,4,5.7160538226538815,6
1259,34,10,27,5,5.713456149542282,5
1260,62,13,69,6,5.706165822809074,7
1261,30,46,16,19,5.705241946203532,27
1262,74,22,109,8,5.703058853572775,14
1263,53,17,62,7,5.701449545318567,10
1264,70,10,32,5,5.692479372096213,5
1265,23,10,43,4,5.689859175567734,6
1266,106,46,5,18,5.689619439430471,28
1267,30,25,55,10,5.686463879094618,15
1268,63,23,38,8,5.685369937239836,15
1269,102,10,95,4,5.685319962340818,6
1270,54,11,12,5,5.67450373056912,6
1271,94,10,25,5,5.671887186214519,5
1272,75,39,37,14,5.670197882049105,25
1273,16,31,99,13,5.665818337043021,18
1274,16,48,37,20,5.664774565241773,28
1275,54,11,82,4,5.664278302313932,7
1276,43,12,68,5,5.6614021510813615,7
1277,9,13,61,5,5.652969843590383,8
1278,4,10,97,4,5.649870700339136,6
1279,39,13,97,5,5.649731064357227,8
1280,73,23,74,9,5.649045009007229,14
1281,84,17,76,7,5.642369532504397,10
1282,108,14,98,6,5.640790264148573,8
1283,85,10,11,4,5.636472097896452,6
1284,75,46,51,20,5.632745764536371,26
1285,100,43,107,20,5.627353197100977,23
1286,86,28,73,13,5.62531345595925,15
1287,5,21,17,7,5.625033929201379,14
1288,19,10,5,4,5.623378775596127,6
1289,95,26,50,11,5.619957219349123,15
1290,16,48,50,20,5.617696720442929,28
1291,30,14,90,6,5.614315415339312,8
1292,100,15,50,6,5.612526049660052,9
1293,68,18,94,8,5.6083969761175405,10
1294,38,13,18,6,5.608114426083465,7
1295,70,17,98,6,5.604121247592221,11
1296,62,21,68,9,5.591004045591886,12
1297,39,13,94,5,5.582337685105467,8
1298,3,10,98,5,5.570597398737187,5
1299,42,11,69,5,5.570250078296481,6
1300,84,25,57,12,5.566733949257732,13
1301,37,60,104,24,5.563475261062019,36
1302,31,10,95,4,5.5581891593402775,6
1303,46,11,4,5,5.55622187464566,6
1304,8,41,25,16,5.550067480025434,25
1305,36,53,31,23,5.548564460468652,30
1306,25,18,84,7,5.5466876181289715,11
1307,20,22,2,9,5.544865436021075,13
1308,86,51,75,23,5.544222274149607,28
1309,75,16,84,7,5.542746956131477,9
1310,65,26,69,11,5.540534749641236,15
1311,15,12,30,5,5.538463534767753,7
1312,106,31,23,15,5.535479536227778,16
1313,114,45,68,19,5.528966703625285,26
1314,30,23,88,11,5.525413582454542,12
1315,33,14,102,6,5.525239013163607,8
1316,88,24,57,11,5.524909922819241,13
1317,28,33,7,13,5.522079859732702,20
1318,26,20,13,7,5.520285333416165,13
1319,62,10,20,4,5.517288163699186,6
1320,87,59,37,24,5.516733087496062,35
1321,28,35,9,16,5.5146514821295405,19
1322,95,19,83,7,5.510188596504647,12
1323,32,13,109,6,5.5080518973086185,7
1324,18,40,75,17,5.507084301877024,23
1325,67,10,102,4,5.49724656177184,6
1326,18,10,62,4,5.493140482819633,6
1327,65,49,40,21,5.488110460552834,28
1328,49,14,77,5,5.486596578437728,9
1329,47,12,69,5,5.485890015271255,7
1330,114,23,70,9,5.484820175107314,14
1331,14,10,75,4,5.479308338136782,6
1332,86,29,78,12,5.470278451303892,17
1333,75,43,71,16,5.454468163058883,27
1334,97,18,57,8,5.45235309786646,10
1335,93,11,51,5,5.442643801494353,6
1336,28,14,85,6,5.4424150325876255,8
1337,16,52,68,20,5.441952996669662,32
1338,91,18,18,7,5.437015235679076,11
1339,87,65,65,26,5.421192101641339,39
1340,49,11,37,5,5.40579366661915,6
1341,4,11,58,4,5.405037105567146,7
1342,9,11,66,5,5.404825557202403,6
1343,84,10,64,3,5.401793074305331,7
1344,84,21,29,9,5.397730038072924,12
1345,54,31,90,13,5.397442007333916,18
1346,7,18,30,9,5.390495309133068,9
1347,102,12,91,5,5.3824279840876725,7
1348,64,21,8,8,5.374033093425483,13
1349,75,30,63,13,5.362343223381901,17
1350,86,21,77,8,5.357357465897487,13
1351,7,35,97,16,5.356987360153851,19
1352,43,25,88,10,5.351866788536155,15
1353,62,18,65,8,5.34575502328806,10
1354,86,86,88,36,5.345596536414867,50
1355,80,32,55,15,5.338178788284693,17
1356,97,14,102,5,5.335160623731844,9
1357,107,45,9,20,5.322061725590964,25
1358,61,15,60,7,5.316729344745585,8
1359,85,16,96,5,5.314304637448895,11
1360,28,13,49,6,5.31428031912519,7
1361,107,19,66,8,5.307859110353934,11
1362,111,25,55,10,5.307717141421055,15
1363,109,12,22,5,5.303001885552313,7
1364,40,49,39,20,5.294535177326297,29
1365,99,21,86,8,5.291638236148403,13
1366,14,19,28,7,5.288795345484194,12
1367,107,63,104,26,5.280992676308756,37
1368,56,11,88,5,5.280224334897691,6
1369,28,11,92,4,5.26619903758234,7
1370,35,11,31,5,5.255104723881263,6
1371,25,26,40,11,5.242222631716463,15
1372,98,15,40,7,5.239271076053035,8
1373,65,15,14,7,5.239230657167624,8
1374,91,21,25,9,5.236778929543691,12
1375,15,19,104,8,5.235404007755863,11
1376,88,17,112,7,5.231027938888666,10
1377,20,37,96,15,5.229501973456113,22
1378,35,11,5,5,5.226534281744142,6
1379,54,54,106,25,5.222938310920249,29
1380,40,22,37,10,5.2189812618502875,12
1381,33,12,91,6,5.213867650447791,6
1382,41,15,89,6,5.196780511481055,9
1383,40,13,113,5,5.193726392686624,8
1384,75,17,97,7,5.183439015487436,10
1385,64,32,65,14,5.182122584236017,18
1386,75,26,47,9,5.17693162231529,17
1387,7,43,55,17,5.169021709270008,26
1388,107,60,20,26,5.163543558398883,34
1389,91,11,56,5,5.1601828143932735,6
1390,67,12,5,5,5.159840528973067,7
1391,111,14,39,6,5.158992286191915,8
1392,8,54,63,24,5.156454172512435,30
1393,13,57,87,22,5.153541140928683,35
1394,76,28,50,10,5.151966096130058,18
1395,106,24,9,10,5.150083731218861,14
1396,107,26,49,12,5.148888284740457,14
1397,44,15,88,7,5.148664566159752,8
1398,35,12,51,5,5.14727626674268,7
1399,40,12,69,4,5.137627663794988,8
1400,36,21,3,8,5.136055944816986,13
1401,40,30,58,14,5.133397385337812,16
1402,75,18,4,7,5.112428644465592,11
1403,55,23,70,10,5.1032220329288345,13
1404,53,25,104,11,5.0942603831986055,14
1405,60,24,95,10,5.089480392621887,14
1406,32,10,20,3,5.082163415292109,7
1407,90,13,33,5,5.072843762888294,8
1408,78,11,34,5,5.07188053201235,6
1409,46,17,65,6,5.066104910854949,11
1410,30,32,71,14,5.063953126216741,18
1411,53,26,112,13,5.062618261015588,13
1412,55,29,63,13,5.056066807562624,16
1413,75,41,9,17,5.040607611984742,24
1414,65,12,52,4,5.0369958566437525,8
1415,63,32,13,14,5.0254768605942015,18
1416,81,14,63,6,5.016441825370756,8
1417,16,35,49,15,5.007093096161221,20
1418,93,26,5,10,5.004460526821323,16
1419,7,41,106,20,5.003800212982272,21
1420,32,12,68,4,4.994599728673895,8
1421,104,30,63,13,4.993963037729944,17
1422,74,15,71,7,4.993812181109021,8
1423,50,23,31,10,4.99199978599778,13
1424,27,25,39,12,4.989393098929608,13
1425,85,22,84,8,4.986493595049526,14
1426,23,17,15,7,4.9841342107101605,10
1427,7,30,47,12,4.980252625346256,18
1428,29,11,93,5,4.97512545826624,6
1429,40,49,107,19,4.964616090179718,30
1430,109,16,38,6,4.964461961570972,10
1431,62,12,8,4,4.9642207369004785,8
1432,96,23,90,9,4.963939687748078,14
1433,39,18,77,8,4.961640817784317,10
1434,13,32,8,13,4.955794878282507,19
1435,56,19,68,9,4.94813216675333,10
1436,76,12,49,5,4.943121216792114,7
1437,77,14,87,6,4.942401920251487,8
1438,93,27,28,10,4.941127481170006,17
1439,85,19,54,7,4.939303305813314,12
1440,23,42,88,16,4.935782926079016,26
1441,43,13,19,5,4.933709936661164,8
1442,114,22,9,7,4.931319071415342,15
1443,86,40,36,17,4.927433251240005,23
1444,74,56,106,24,4.924754963776778,32
1445,65,75,107,32,4.913631286672482,43
1446,54,12,108,4,4.909695920764135,8
1447,38,12,28,6,4.907164394244691,6
1448,7,96,88,42,4.898871034458085,54
1449,83,39,5,18,4.890865835189014,21
1450,28,59,84,25,4.889044052283284,34
1451,62,25,71,11,4.888439777720533,14
1452,65,44,9,18,4.887961308210911,26
1453,8,12,3,7,4.88781937501622,5
1454,10,15,86,7,4.884688083926196,8
1455,69,11,95,4,4.882909765417961,7
1456,30,11,114,5,4.8820710984651585,6
1457,81,15,18,6,4.877040041598752,9
1458,85,12,88,5,4.8737543176102305,7
1459,87,27,57,11,4.871666288606831,16
1460,37,54,106,25,4.865641247327302,29
1461,5,10,89,3,4.86246564090175,7
1462,97,12,32,5,4.851459349576839,7
1463,104,23,100,9,4.850527098250832,14
1464,16,101,7,44,4.849773607468413,57
1465,20,10,38,3,4.844230675667008,7
1466,5,30,51,11,4.841333405150811,19
1467,83,20,64,9,4.840996077098241,11
1468,75,39,39,18,4.835166255544909,21
1469,27,13,57,6,4.834692393096014,7
1470,8,15,67,6,4.831909846155583,9
1471,31,19,25,9,4.823839301099763,10
1472,14,15,54,5,4.820525855929132,10
1473,23,27,68,13,4.81982927042641,14
1474,74,11,85,5,4.812388004493803,6
1475,83,30,8,14,4.811627367676455,16
1476,6,12,106,5,4.810944704219048,7
1477,16,97,107,37,4.810536055926654,60
1478,2,25,106,11,4.808494527305082,14
1479,69,11,85,5,4.808257383801068,6
1480,96,13,108,6,4.805162668071275,7
1481,62,16,51,7,4.803956475156109,9
1482,75,22,96,7,4.801381492311931,15
1483,111,11,25,5,4.797175922879397,6
1484,8,29,9,15,4.796436219845455,14
1485,52,13,20,5,4.795236183864801,8
1486,9,17,1,9,4.794059502939978,8
1487,76,33,5,14,4.788314400539968,19
1488,114,17,84,7,4.7880408533114105,10
1489,88,52,9,22,4.778873320006728,30
1490,87,48,50,22,4.77809392160859,26
1491,9,12,5,5,4.777710715122403,7
1492,1,14,17,6,4.774691835698866,8
1493,90,13,70,6,4.771084444295362,7
1494,12,15,31,7,4.770632464521183,8
1495,60,16,97,8,4.770560692259114,8
1496,15,21,54,10,4.76375884247427,11
1497,64,31,41,12,4.758473174288668,19
1498,93,16,50,6,4.755526241513054,10
1499,90,30,5,12,4.752640516818983,18
1500,25,16,77,7,4.745845616411638,9
1501,55,57,65,25,4.744057377410872,32
1502,97,11,3,4,4.740273088979023,7
1503,8,41,46,19,4.737192297274268,22
1504,6,11,46,5,4.730994669309113,6
1505,15,14,75,5,4.729161606780822,9
1506,47,17,86,7,4.720142586161402,10
1507,15,10,72,4,4.7131251167737505,6
1508,28,37,18,17,4.710953949587104,20
1509,43,16,71,8,4.70977023229907,8
1510,20,23,46,8,4.708713070266485,15
1511,88,31,18,14,4.699584875943507,17
1512,55,45,60,20,4.699539635247214,25
1513,97,10,62,4,4.689387738532959,6
1514,60,26,41,12,4.687979614839915,14
1515,71,16,5,7,4.686451238703377,9
1516,13,48,64,23,4.67021662986664,25
1517,52,12,8,5,4.669562642233978,7
1518,80,13,64,6,4.665596394208,7
1519,55,14,98,5,4.662824671110214,9
1520,28,19,100,8,4.660885966766407,11
1521,25,15,47,7,4.655390231832646,8
1522,30,29,60,10,4.653426738413294,19
1523,27,15,25,7,4.649655011418165,8
1524,63,39,96,15,4.649023449526137,24
1525,6,21,16,10,4.642825718029857,11
1526,73,14,13,6,4.642713338622983,8
1527,73,19,109,8,4.637139105733967,11
1528,60,22,25,10,4.636282806493916,12
1529,106,15,110,7,4.633960085739299,8
1530,16,106,51,47,4.6266128464726055,59
1531,8,63,87,27,4.62091726825585,36
1532,49,17,9,8,4.620658268254684,9
1533,37,72,86,32,4.607837359690983,40
1534,88,10,66,4,4.60434245546846,6
1535,7,35,3,14,4.603775118928216,21
1536,23,11,30,5,4.601908928188203,6
1537,77,13,95,6,4.60149322445291,7
1538,50,32,96,14,4.592653394244439,18
1539,60,30,8,14,4.584471076654316,16
1540,99,16,65,7,4.579704538683142,9
1541,7,23,58,11,4.575034525669344,12
1542,99,14,95,6,4.572737764013027,8
1543,99,16,104,8,4.5627492392393,8
1544,70,15,23,7,4.554568026577778,8
1545,74,10,112,4,4.553694289700708,6
1546,83,15,46,7,4.551826612706301,8
1547,99,18,15,7,4.551461310618723,11
1548,1,11,39,6,4.548291694643937,5
1549,68,18,49,8,4.5466883695084315,10
1550,76,36,107,13,4.544662386882575,23
1551,23,24,76,11,4.537606040144393,13
1552,8,24,102,11,4.537070383836359,13
1553,71,28,68,11,4.532265816801447,17
1554,106,23,75,11,4.532198108241345,12
1555,50,71,28,30,4.530365152854881,41
1556,37,43,55,20,4.516821858156878,23
1557,28,16,29,7,4.513248021932702,9
1558,11,21,98,10,4.513098149532237,11
1559,80,10,69,5,4.508733977407145,5
1560,62,10,104,3,4.50664568251795,7
1561,78,17,54,7,4.506577020775673,10
1562,87,13,110,5,4.501644038521952,8
1563,17,13,43,6,4.501405777799933,7
1564,75,20,112,8,4.4989690721071325,12
1565,93,15,37,6,4.493445665639034,9
1566,93,15,11,5,4.484686270589562,10
1567,95,33,107,15,4.475609109265348,18
1568,96,31,25,14,4.4728328775528,17
1569,91,10,57,5,4.468260927215541,5
1570,37,18,32,8,4.466542082918521,10
1571,3,15,50,7,4.464463620895282,8
1572,75,43,88,18,4.458661851679068,25
1573,49,15,64,7,4.458412060664093,8
1574,77,11,97,4,4.4549011553839994,7
1575,50,12,73,4,4.454782630059153,8
1576,95,44,16,20,4.453378575583387,24
1577,7,67,31,29,4.4532123702344615,38
1578,2,42,50,18,4.448957186147168,24
1579,13,33,37,14,4.448467961015427,19
1580,95,15,109,6,4.444131433700797,9
1581,1,24,51,11,4.443642769643948,13
1582,45,11,88,4,4.4416566980945715,7
1583,86,58,46,22,4.4330627489504755,36
1584,16,35,53,14,4.432680586189367,21
1585,23,14,20,6,4.42777867543601,8
1586,102,20,87,8,4.423994697827657,12
1587,99,30,13,13,4.420966828834258,17
1588,7,64,53,28,4.416213736910661,36
1589,64,12,57,5,4.409680008541512,7
1590,114,20,64,8,4.407773657880817,12
1591,107,32,38,13,4.39393220007557,19
1592,41,16,112,7,4.393369197219724,9
1593,111,20,86,8,4.3910837466552355,12
1594,51,26,43,12,4.390788502279346,14
1595,65,23,76,9,4.385586505985178,14
1596,87,24,49,12,4.380791657180537,12
1597,87,33,25,15,4.379098196808542,18
1598,60,13,98,6,4.372454949323835,7
1599,85,12,51,6,4.372397467367473,6
1600,55,24,9,10,4.371040618945099,14
1601,55,13,58,6,4.369004483506264,7
1602,40,23,23,10,4.368423326803309,13
1603,94,20,87,9,4.367418143965146,11
1604,33,13,11,7,4.365968233102095,6
1605,11,32,54,14,4.365388363672616,18
1606,64,31,71,12,4.35947313780117,19
1607,104,31,54,14,4.355933806560286,17
1608,47,24,88,11,4.347102674354304,13
1609,70,29,65,11,4.343984179663613,18
1610,51,43,46,18,4.337483774616596,25
1611,60,12,22,5,4.334241842742782,7
1612,95,19,41,8,4.332143979792177,11
1613,98,23,37,10,4.327931130640237,13
1614,4,22,40,10,4.316643149060896,12
1615,70,14,71,7,4.315612188206775,7
1616,97,23,17,10,4.3134285513049555,13
1617,17,19,20,8,4.3112321942034,11
1618,50,10,52,5,4.308197298973349,5
1619,16,42,71,17,4.305176391927468,25
1620,20,22,109,8,4.302333411252667,14
1621,106,27,53,13,4.302319600135898,14
1622,25,28,54,12,4.300413553073274,16
1623,7,22,38,10,4.300171500471753,12
1624,20,21,44,9,4.299103845073809,12
1625,30,30,54,13,4.29530490019164,17
1626,20,63,54,30,4.290782184792432,33
1627,86,54,104,24,4.27625100960502,30
1628,9,27,54,12,4.272544772651765,15
1629,33,12,96,7,4.271042933020869,5
1630,103,16,16,7,4.27064958267566,9
1631,23,33,87,13,4.256680488948144,20
1632,104,17,80,8,4.256665633473226,9
1633,106,14,34,7,4.243674039664675,7
1634,31,12,74,5,4.240578281890586,7
1635,109,16,65,5,4.2330518085976205,11
1636,71,11,44,5,4.223524348839462,6
1637,4,19,18,8,4.220670692754494,11
1638,87,21,31,10,4.220659397575877,11
1639,41,41,68,18,4.207626519911898,23
1640,65,56,36,24,4.205692860728479,32
1641,15,11,40,5,4.201647176656486,6
1642,86,116,5,50,4.198444147829554,66
1643,23,18,100,7,4.197161790157007,11
1644,7,14,48,7,4.194687020035504,7
1645,30,13,109,5,4.185496549607356,8
1646,23,27,25,12,4.182190113226028,15
1647,80,18,7,7,4.182061930373814,11
1648,12,17,68,7,4.176829780683942,10
1649,86,29,62,13,4.168140003828563,16
1650,60,10,62,4,4.155747625311636,6
1651,96,13,3,6,4.149840606440919,7
1652,20,13,73,5,4.146065391689569,8
1653,13,28,77,12,4.1425538330063505,16
1654,53,47,71,20,4.141303557057986,27
1655,3,29,87,12,4.14016519723393,17
1656,11,11,69,4,4.13792149131312,7
1657,71,11,20,4,4.13643055739397,7
1658,76,32,104,13,4.1357118218948905,19
1659,45,22,65,11,4.1259231703887,11
1660,28,31,102,14,4.125433119952879,17
1661,86,33,112,14,4.113604145090605,19
1662,84,13,19,6,4.111819285053133,7
1663,93,14,109,6,4.103558953267082,8
1664,83,20,93,9,4.100880722204593,11
1665,20,24,35,10,4.098728722002914,14
1666,87,21,97,8,4.089970328864312,13
1667,36,11,19,5,4.088590218421688,6
1668,74,22,50,10,4.086243740312162,12
1669,87,38,60,18,4.07068260924909,20
1670,43,10,95,4,4.063398320607949,6
1671,51,13,38,5,4.063140921851932,8
1672,34,10,38,4,4.0610942900478735,6
1673,51,27,69,11,4.050423840769316,16
1674,32,10,40,5,4.050021677419869,5
1675,104,73,65,33,4.049259983805755,40
1676,11,13,79,7,4.047561716338114,6
1677,7,21,50,10,4.045740478776832,11
1678,1,10,43,5,4.038976715758721,5
1679,9,18,38,8,4.035727579019442,10
1680,71,13,47,6,4.030916530509353,7
1681,104,16,3,7,4.020656220421076,9
1682,104,44,51,17,4.0154244082227635,27
1683,8,20,110,8,4.013172679497404,12
1684,55,36,54,17,4.011039158800403,19
1685,13,59,46,25,4.009188890622042,34
1686,66,12,31,5,4.008754872558654,7
1687,15,20,68,8,3.9796921857169054,12
1688,96,12,14,5,3.975747798085754,7
1689,72,10,112,5,3.9604865049780456,5
1690,74,24,93,11,3.9601017688790825,13
1691,65,34,17,13,3.9540701507148905,21
1692,88,50,104,21,3.9536343834384886,29
1693,34,12,76,6,3.9517678907570333,6
1694,6,11,40,5,3.9442678680230823,6
1695,80,10,97,4,3.9365866928471034,6
1696,97,35,16,16,3.9340820840887147,19
1697,57,11,50,4,3.9290278222481443,7
1698,64,28,63,13,3.927368902324373,15
1699,5,28,2,12,3.923277825320168,16
1700,37,38,70,16,3.9227382855891664,22
1701,89,13,86,7,3.91749283769541,6
1702,60,21,96,7,3.912428069824762,14
1703,98,19,49,9,3.906322793569991,10
1704,102,26,37,11,3.9015784283610255,15
1705,18,13,20,5,3.8928283548315483,8
1706,55,44,11,18,3.8920841591670343,26
1707,76,13,62,6,3.8913968956310088,7
1708,74,39,63,18,3.890775716060593,21
1709,11,15,17,7,3.886158778436342,8
1710,11,66,86,30,3.8839885249298893,36
1711,1,11,112,6,3.882693398534097,5
1712,30,11,108,5,3.8822679511938505,6
1713,18,13,98,7,3.8754830902904014,6
1714,95,36,87,16,3.86940077356921,20
1715,108,11,68,5,3.868849039567309,6
1716,11,16,51,8,3.8660778701548058,8
1717,41,25,114,12,3.854494902198664,13
1718,65,34,111,14,3.8475275648066685,20
1719,46,50,54,22,3.846547643547206,28
1720,28,11,31,5,3.8453747580936164,6
1721,18,23,31,11,3.843025830767866,12
1722,20,26,7,12,3.839940256500117,14
1723,38,13,46,5,3.833859769343221,8
1724,91,26,13,12,3.831748260733109,14
1725,30,38,87,17,3.8298987122526285,21
1726,70,30,51,14,3.8297117807076555,16
1727,27,33,51,13,3.8273141839627884,20
1728,44,16,87,7,3.8267549460576484,9
1729,60,12,66,4,3.826632219817407,8
1730,4,11,3,5,3.825046392091852,6
1731,44,14,64,6,3.8242226428845654,8
1732,55,21,4,10,3.821660634263142,11
1733,49,10,3,4,3.8208441036339096,6
1734,86,32,18,13,3.8203668272153473,19
1735,5,28,91,11,3.8146250930665166,17
1736,110,16,5,7,3.8138584796050923,9
1737,39,12,78,6,3.805891795343841,6
1738,20,13,104,5,3.7974160411444706,8
1739,91,29,107,12,3.7951757088821294,17
1740,19,11,86,5,3.7947428736900832,6
1741,80,13,60,6,3.7883602235098173,7
1742,94,12,37,5,3.788108137633396,7
1743,7,10,93,5,3.7802315490169653,5
1744,107,48,23,22,3.7778307981128205,26
1745,104,13,92,7,3.7768187223532306,6
1746,63,19,4,8,3.775833657808686,11
1747,16,90,65,39,3.773083718958002,51
1748,13,69,40,31,3.7693846533253215,38
1749,47,13,15,6,3.7602698343279473,7
1750,88,16,6,7,3.757051253043465,9
1751,51,33,109,12,3.752003613096799,21
1752,18,55,53,25,3.751842811643862,30
1753,19,12,30,5,3.7438637762244333,7
1754,53,42,40,19,3.7429391558119995,23
1755,1,13,4,5,3.736039087851971,8
1756,86,65,25,30,3.735239092039536,35
1757,43,23,94,11,3.7344951979764764,12
1758,15,22,107,8,3.7321712067825557,14
1759,39,17,81,7,3.728914203220537,10
1760,16,31,27,13,3.7151603873312817,18
1761,15,21,5,8,3.714734226349825,13
1762,6,12,86,5,3.7105107890774285,7
1763,106,17,43,8,3.7068539679712273,9
1764,60,25,28,13,3.7035703279957386,12
1765,39,48,53,21,3.6851162429567523,27
1766,114,37,51,18,3.6824882422691596,19
1767,34,19,55,9,3.680955248563573,10
1768,52,11,107,4,3.6792228295103513,7
1769,101,14,68,5,3.6742625668258913,9
1770,71,12,27,5,3.672482180614424,7
1771,80,25,87,11,3.671802865102301,14
1772,14,10,112,4,3.6656549551955337,6
1773,9,11,19,5,3.6655477701213575,6
1774,97,33,96,16,3.657438935158263,17
1775,53,11,100,5,3.656950058764998,6
1776,63,22,23,9,3.656375723040438,13
1777,90,10,71,5,3.6561036030201253,5
1778,107,21,32,10,3.6546977761524686,11
1779,109,15,9,8,3.6538651478462696,7
1780,17,11,18,6,3.651905683853181,5
1781,23,47,65,22,3.6506323242088645,25
1782,27,13,50,5,3.6503401008022798,8
1783,16,19,2,8,3.6499962386684337,11
1784,14,10,70,5,3.647042134114848,5
1785,75,14,108,6,3.6340908116173014,8
1786,43,19,18,10,3.6267699505365183,9
1787,55,13,94,6,3.6120696685756317,7
1788,16,108,86,47,3.601972343874913,61
1789,34,14,13,7,3.5918746626908384,7
1790,58,13,71,6,3.5901555481142546,7
1791,97,10,95,4,3.58943247133478,6
1792,20,50,28,22,3.578415489537416,28
1793,88,59,68,26,3.5734126611884127,33
1794,33,12,23,5,3.5712223539857573,7
1795,81,15,3,6,3.5653849933326986,9
1796,41,25,69,9,3.5647588534800043,16
1797,64,11,33,4,3.5581108018586245,7
1798,7,90,86,38,3.5577462755235447,52
1799,28,19,36,9,3.5549996153541237,10
1800,23,13,57,6,3.554408044637193,7
1801,30,13,4,6,3.554167963462701,7
1802,19,19,16,9,3.5481261134764632,10
1803,28,27,76,13,3.5440767696346986,14
1804,40,65,36,28,3.5400829247343655,37
1805,16,18,93,9,3.5376678262602517,9
1806,88,26,69,11,3.536532050456282,15
1807,44,15,7,7,3.5352660207554516,8
1808,93,17,25,8,3.5300397889756283,9
1809,20,17,76,9,3.5278207011714735,8
1810,63,18,43,8,3.524851733785241,10
1811,16,39,17,15,3.5193037187836715,24
1812,13,75,107,35,3.512652478837216,40
1813,8,38,104,17,3.50734140656749,21
1814,49,10,33,4,3.5057518320537766,6
1815,74,16,23,7,3.505315761927058,9
1816,49,18,63,8,3.500149915800845,10
1817,50,26,9,11,3.4989626487903873,15
1818,97,36,114,16,3.4948097299506915,20
1819,62,13,36,6,3.489528327052378,7
1820,36,30,51,14,3.4874600225025074,16
1821,12,18,71,8,3.487442945948432,10
1822,25,20,70,9,3.484518115943736,11
1823,55,16,18,8,3.4810467173744706,8
1824,96,57,54,28,3.4766133859583515,29
1825,23,10,81,4,3.474530372802633,6
1826,73,14,16,7,3.4738693799097953,7
1827,74,60,5,28,3.469996146708342,32
1828,46,23,76,10,3.468954234576547,13
1829,13,32,1,13,3.4629329225242813,19
1830,106,49,51,22,3.457607975311814,27
1831,33,23,5,11,3.454327509177194,12
1832,37,21,23,10,3.453043705748743,11
1833,68,25,46,11,3.449465987108053,14
1834,76,28,55,11,3.4438952481653065,17
1835,60,58,40,26,3.4423663485116363,32
1836,114,29,39,14,3.441117211126096,15
1837,102,31,25,14,3.4382241991917164,17
1838,28,22,57,10,3.435107524098107,12
1839,4,12,37,5,3.421871703775507,7
1840,17,11,36,6,3.4172736451567545,5
1841,104,26,98,14,3.4091853213510754,12
1842,55,29,84,13,3.40123055779696,16
1843,68,20,17,8,3.395638967050425,12
1844,4,13,28,6,3.3940824912486867,7
1845,73,10,104,4,3.391491099464731,6
1846,51,46,84,20,3.389962688099836,26
1847,39,48,55,21,3.389422612270981,27
1848,19,13,88,6,3.388300396354987,7
1849,60,28,9,11,3.384232112219374,17
1850,36,28,55,13,3.383336577257353,15
1851,73,15,98,7,3.380055365181917,8
1852,100,13,44,6,3.3720452657314226,7
1853,107,56,55,26,3.3696189355898034,30
1854,72,11,17,5,3.366212975674707,6
1855,40,17,20,7,3.3649339637959645,10
1856,54,25,97,12,3.3648153427656755,13
1857,14,23,8,10,3.3634201583462158,13
1858,16,24,47,11,3.3618794644533074,13
1859,54,12,3,6,3.355227899021248,6
1860,88,30,70,13,3.3524090493184278,17
1861,83,10,20,5,3.3478898251644025,5
1862,40,15,91,7,3.345577169162442,8
1863,16,47,70,20,3.3445553948476245,27
1864,75,13,33,5,3.342736023465548,8
1865,54,20,98,9,3.3414082574982986,11
1866,68,13,5,6,3.3380294056441144,7
1867,71,13,76,7,3.3359186512389036,6
1868,69,12,109,5,3.3344685187765166,7
1869,41,19,50,8,3.331657114556134,11
1870,28,26,17,12,3.328116205795544,14
1871,49,18,30,8,3.318164342935082,10
1872,97,16,84,6,3.316428205809935,10
1873,60,31,75,14,3.3139158628036856,17
1874,13,22,72,11,3.3113518302442655,11
1875,86,11,66,5,3.3092941516234364,6
1876,28,12,15,6,3.3076634264923883,6
1877,28,29,48,13,3.3030143286202387,16
1878,104,60,5,28,3.3007473735225052,32
1879,57,22,41,9,3.2995392233028893,13
1880,13,86,51,41,3.2899576779579007,45
1881,87,90,107,41,3.288070496766815,49
1882,107,22,47,10,3.281473065538477,12
1883,76,15,102,7,3.2812100247175247,8
1884,60,49,86,22,3.275471722293173,27
1885,114,13,67,6,3.2746706512348434,7
1886,70,14,93,6,3.271451863431868,8
1887,13,12,102,4,3.269263582511039,8
1888,100,23,13,10,3.268174019577276,13
1889,13,114,7,52,3.2643026156976367,62
1890,28,56,54,25,3.2622780281799852,31
1891,76,14,95,6,3.2576515088397957,8
1892,7,24,74,9,3.257493143792888,15
1893,84,14,95,6,3.2568961944145873,8
1894,114,47,25,20,3.2540864225169766,27
1895,68,15,6,6,3.251551578791195,9
1896,41,45,16,22,3.2495789716339614,23
1897,28,11,27,4,3.2491657307621877,7
1898,68,18,8,8,3.2434866605613233,10
1899,99,25,60,11,3.2381944591027096,14
1900,16,73,8,32,3.23514626119149,41
1901,107,49,36,23,3.234838704648264,26
1902,56,10,97,5,3.231426212036921,5
1903,2,21,87,9,3.2308938185741103,12
1904,16,18,35,7,3.2305329948687067,11
1905,4,21,16,11,3.2239938149007976,10
1906,23,55,7,25,3.2229283053761675,30
1907,97,29,63,13,3.2191950537106915,16
1908,55,39,28,16,3.2184704312839787,23
1909,9,11,100,4,3.213107615631006,7
1910,64,19,23,9,3.212372911598019,10
1911,17,16,74,7,3.211770551027832,9
1912,114,13,94,7,3.2111418203233515,6
1913,50,19,97,8,3.210625734622642,11
1914,60,47,31,24,3.2094707274879264,23
1915,84,15,60,5,3.2064037329190676,10
1916,106,28,17,11,3.2039846830051117,17
1917,44,12,76,5,3.2019945343572473,7
1918,36,41,39,18,3.1998605067578225,23
1919,55,49,5,22,3.1989531771818034,27
1920,68,14,81,6,3.1985312995714845,8
1921,88,61,5,29,3.1946532218196624,32
1922,37,54,50,26,3.188335276013606,28
1923,83,25,65,12,3.1850517665827933,13
1924,43,32,7,13,3.1749602918386857,19
1925,106,25,60,10,3.171261503808182,15
1926,110,16,86,7,3.1694821197260503,9
1927,54,48,51,22,3.1685476843403957,26
1928,90,14,74,5,3.1680613510289204,9
1929,13,17,62,8,3.1612952767397977,9
1930,68,36,1,16,3.1610454054119037,20
1931,86,21,82,9,3.1586560919846263,12
1932,86,85,84,41,3.15758944772919,44
1933,75,23,23,12,3.1487336010920157,11
1934,112,11,43,5,3.1359235341148524,6
1935,60,61,88,26,3.1160238698452347,35
1936,36,11,80,5,3.115857421175661,6
1937,25,25,17,11,3.1106502600539105,14
1938,50,24,4,12,3.110559237136959,12
1939,63,91,86,38,3.106277287763664,53
1940,109,25,106,12,3.1028448270841773,13
1941,92,15,60,6,3.101629065738582,9
1942,74,13,27,7,3.1002755903304404,6
1943,99,14,68,6,3.1001036150844663,8
1944,64,10,91,4,3.0993479020870796,6
1945,49,31,86,15,3.0977725602373374,16
1946,76,26,11,11,3.0870761355979353,15
1947,45,14,87,6,3.0862202973256596,8
1948,74,11,41,6,3.0735662157516845,5
1949,75,30,25,13,3.069551733540898,17
1950,20,22,55,10,3.0673393388469985,12
1951,60,40,114,22,3.0670908685799034,18
1952,71,18,25,8,3.0644100067848146,10
1953,48,14,55,6,3.06362691776684,8
1954,71,42,86,20,3.060669361739169,22
1955,63,14,79,6,3.0585606969501526,8
1956,38,13,96,6,3.0422152322461717,7
1957,27,20,87,9,3.0371137450576833,11
1958,25,39,65,16,3.0368934823131175,23
1959,62,10,3,4,3.036878886842652,6
1960,65,16,49,7,3.034256149542809,9
1961,27,12,99,6,3.0280763102634354,6
1962,86,107,87,53,3.0145371966175083,54
1963,6,27,7,15,3.013941061604383,12
1964,7,16,29,9,3.005492860131707,7
1965,20,47,37,22,3.004985214474966,25
1966,96,14,34,6,3.0017630147825622,8
1967,4,11,69,5,2.999484176661719,6
1968,100,35,86,18,2.9989096814479637,17
1969,27,10,18,5,2.996654278290002,5
1970,38,17,60,7,2.989624968675235,10
1971,100,25,7,11,2.9877637593718034,14
1972,6,12,51,6,2.980948961210987,6
1973,84,36,106,18,2.9754739608250116,18
1974,36,32,4,13,2.9739066740354185,19
1975,2,21,37,10,2.9697580112694486,11
1976,47,11,53,5,2.9672181618537916,6
1977,25,18,57,8,2.964934950553875,10
1978,114,23,46,10,2.9631435316072405,13
1979,80,16,8,8,2.9519293865537115,8
1980,86,31,38,14,2.9478210267751117,17
1981,18,20,65,10,2.9468351166959534,10
1982,41,32,40,15,2.9467288085082743,17
1983,30,17,76,7,2.9372015853586086,10
1984,51,46,41,21,2.936364197537186,25
1985,36,20,87,8,2.935573250897663,12
1986,61,15,3,8,2.934761403571649,7
1987,8,24,100,10,2.9246971191484064,14
1988,9,31,63,14,2.9234885327226108,17
1989,74,82,86,39,2.921287780715151,43
1990,102,19,106,10,2.9207255392565097,9
1991,68,18,19,9,2.9133137318206006,9
1992,25,12,108,5,2.9132670669268244,7
1993,7,15,79,7,2.9111710091731053,8
1994,91,19,37,9,2.9050960547005245,10
1995,28,51,109,22,2.9004083862878955,29
1996,71,13,108,6,2.8992906212622866,7
1997,45,10,112,4,2.897726145007348,6
1998,44,10,70,5,2.8975248911261433,5
1999,13,71,55,33,2.8959426272282824,38
2000,112,12,19,5,2.8952293935903275,7
2001,9,20,84,9,2.891724480498798,11
2002,75,24,74,10,2.8903655619324433,14
2003,85,11,65,5,2.888798069516538,6
2004,85,13,16,5,2.881350637135497,8
2005,57,25,51,12,2.877334539088243,13
2006,63,23,60,10,2.8746236800640075,13
2007,27,21,75,10,2.874214711599615,11
2008,87,21,69,9,2.873665118536541,12
2009,87,42,20,20,2.8691206159340576,22
2010,15,25,65,11,2.8623549532831603,14
2011,99,11,17,5,2.8559138463200195,6
2012,39,35,104,16,2.8536678809946237,19
2013,51,18,99,9,2.853477797374065,9
2014,73,16,96,7,2.8534303980093814,9
2015,68,17,57,8,2.851869956940863,9
2016,7,27,17,12,2.851329390836829,15
2017,74,20,18,10,2.84961422222247,10
2018,97,13,33,6,2.8486496222061595,7
2019,28,13,44,7,2.8461398630992765,6
2020,23,13,104,5,2.8445076862849494,8
2021,95,19,23,9,2.8404436396815522,10
2022,89,12,60,6,2.839673113881044,6
2023,16,14,58,6,2.8389435880706144,8
2024,77,18,65,9,2.836180648453274,9
2025,104,33,74,14,2.8329598216365466,19
2026,53,23,81,10,2.832269045840245,13
2027,40,14,109,6,2.8243745319718676,8
2028,16,21,38,8,2.8217292489636367,13
2029,18,13,71,6,2.821320109059578,7
2030,64,13,47,5,2.8212403790572256,8
2031,39,12,98,5,2.8139572577793732,7
2032,65,17,48,7,2.813018636762518,10
2033,1,32,36,16,2.8095303452930684,16
2034,99,15,41,7,2.8081672918617278,8
2035,106,14,112,7,2.805082024542767,7
2036,29,14,54,7,2.799406704814975,7
2037,50,20,109,9,2.7980846162026616,11
2038,4,25,114,12,2.797376255941943,13
2039,7,26,1,12,2.7932054952385035,14
2040,100,13,36,6,2.7923934619121087,7
2041,9,15,97,8,2.7891659901703596,7
2042,28,31,91,14,2.785819668061851,17
2043,8,50,11,22,2.78289927873935,28
2044,5,11,10,6,2.7716738654503197,5
2045,38,11,40,6,2.7715520430648577,5
2046,5,17,77,8,2.765837567194589,9
2047,86,79,8,39,2.762520741926733,40
2048,18,31,60,14,2.7592417090229198,17
2049,38,12,19,4,2.7513058656159664,8
2050,78,17,63,9,2.7493489255748647,8
2051,63,23,112,11,2.746965390570722,12
2052,97,22,104,11,2.7396377781056174,11
2053,99,12,63,6,2.7377253409939364,6
2054,65,50,106,23,2.735321183024918,27
2055,75,12,34,6,2.7327928404854553,6
2056,55,53,88,22,2.721264805593774,31
2057,104,31,70,14,2.720810924975006,17
2058,11,50,28,24,2.7199624016130106,26
2059,95,11,80,5,2.7197438471090796,6
2060,49,16,70,8,2.713121422106841,8
2061,12,14,18,6,2.7036570911929863,8
2062,11,40,88,18,2.687792397272841,22
2063,65,40,71,17,2.686780335165667,23
2064,13,11,35,5,2.684594978225239,6
2065,90,17,17,9,2.680753861205159,8
2066,39,25,5,12,2.679132217269287,13
2067,25,17,44,8,2.673535476281759,9
2068,95,18,75,8,2.672802736686619,10
2069,114,25,74,12,2.666972342657447,13
2070,7,49,27,23,2.6647214457148465,26
2071,47,10,76,7,2.6595736051653853,3
2072,74,13,91,6,2.658254293210725,7
2073,92,29,88,13,2.6541256559252315,16
2074,57,13,36,5,2.6531160901053807,8
2075,53,48,65,23,2.651912649859134,25
2076,30,24,8,11,2.6514132136935467,13
2077,23,43,86,20,2.6484576158238533,23
2078,30,21,37,9,2.6448172779185537,12
2079,16,60,5,25,2.6435184456824317,35
2080,33,14,95,6,2.641545389608455,8
2081,54,15,72,7,2.6412935569868567,8
2082,10,10,106,3,2.639964127087712,7
2083,54,28,114,14,2.6355280322257,14
2084,17,30,39,13,2.6347382750427313,17
2085,15,10,11,5,2.6300755291525655,5
2086,13,17,84,7,2.6279562027638286,10
2087,91,36,86,17,2.627461430980282,19
2088,11,26,20,11,2.6225934054521085,15
2089,11,12,41,4,2.61594797809933,8
2090,29,21,107,8,2.615094075024305,13
2091,75,28,64,13,2.6143964254367047,15
2092,76,13,2,5,2.6134640032331116,8
2093,11,16,40,7,2.6127959858163616,9
2094,93,20,86,9,2.6126285193850958,11
2095,40,29,1,13,2.608102727316189,16
2096,85,25,107,12,2.601380149286502,13
2097,36,23,91,10,2.600483205457648,13
2098,40,19,27,11,2.5947052105553365,8
2099,39,23,31,10,2.5934090452929373,13
2100,1,10,109,5,2.5929606771402254,5
2101,71,25,87,12,2.5901035214218346,13
2102,87,21,62,10,2.586304566496697,11
2103,104,50,7,23,2.5854072339864183,27
2104,69,14,71,7,2.5823526075537777,7
2105,94,21,107,8,2.5762275157795074,13
2106,69,13,3,5,2.5732249505733895,8
2107,50,50,107,24,2.5656690703128167,26
2108,92,13,87,6,2.565186954563254,7
2109,28,43,51,21,2.5635290356109595,22
2110,83,10,63,6,2.557624644664858,4
2111,86,14,14,7,2.5565201304900333,7
2112,51,16,83,6,2.5563009225954785,10
2113,73,19,1,8,2.55342910039073,11
2114,7,74,36,34,2.5493587507973596,40
2115,64,20,38,9,2.5449420802693483,11
2116,52,13,16,6,2.542332195506542,7
2117,63,35,11,14,2.539597707853179,21
2118,111,11,60,4,2.535604443502029,7
2119,39,50,60,24,2.5355246842136103,26
2120,20,20,95,9,2.532527406942274,11
2121,87,27,64,13,2.5304532187422586,14
2122,36,33,9,15,2.5279240780374668,18
2123,8,45,51,21,2.5271962911391,24
2124,39,18,4,8,2.5267698999647226,10
2125,39,32,50,15,2.5245695496572065,17
2126,80,34,54,17,2.5244394841569355,17
2127,12,15,36,7,2.516319942513749,8
2128,75,43,55,18,2.5125301308500267,25
2129,86,98,28,44,2.5098537232818274,54
2130,34,30,107,13,2.5096553899166287,17
2131,106,37,96,16,2.50842381050559,21
2132,88,70,51,36,2.506363518676434,34
2133,37,18,109,8,2.501013404341532,10
2134,65,20,3,9,2.497136850038322,11
2135,18,11,111,5,2.4899108726358863,6
2136,95,30,39,14,2.481130681096554,16
2137,7,61,9,30,2.475604646115282,31
2138,4,17,81,7,2.4678124777063273,10
2139,87,40,74,18,2.4671563114027473,22
2140,74,17,69,9,2.4664972820824542,8
2141,54,10,27,5,2.4638694969344774,5
2142,88,72,107,32,2.4608917089958973,40
2143,28,20,3,9,2.4595531898392906,11
2144,32,10,50,6,2.444054190716271,4
2145,96,31,88,15,2.4406464912019903,16
2146,12,18,86,8,2.4382543520920796,10
2147,55,39,106,17,2.438139246666604,22
2148,107,37,64,18,2.435414553814307,19
2149,14,19,51,7,2.4338441230915158,12
2150,91,20,75,13,2.432369433261267,7
2151,34,18,17,8,2.4265857697933284,10
2152,94,10,112,5,2.4238269159246046,5
2153,60,22,1,10,2.423776138406996,12
2154,109,11,99,5,2.4195174025010595,6
2155,107,46,25,22,2.4187485647838765,24
2156,94,17,54,8,2.418369665890047,9
2157,71,35,39,16,2.4158892555534424,19
2158,65,11,92,5,2.4112859752548714,6
2159,8,33,93,16,2.4111455321691304,17
2160,47,24,51,12,2.409457368099758,12
2161,68,21,38,9,2.4070210829507572,12
2162,9,18,69,8,2.405000245398061,10
2163,20,26,80,12,2.4033351571638564,14
2164,78,20,60,10,2.4024308351348855,10
2165,56,10,8,4,2.40008605471798,6
2166,46,38,28,16,2.3990178798165633,22
2167,29,22,87,9,2.39272206443853,13
2168,17,17,63,8,2.3925163886016922,9
2169,83,22,87,11,2.390357141943488,11
2170,111,12,8,6,2.390343846489095,6
2171,104,40,95,18,2.3890342183876085,22
2172,4,21,71,8,2.3871750117365993,13
2173,96,25,104,11,2.3866419839158346,14
2174,88,54,28,24,2.38416548107238,30
2175,75,13,56,5,2.3840139649043497,8
2176,8,23,17,11,2.3808090982416816,12
2177,71,40,107,17,2.3760609676092463,23
2178,7,106,68,49,2.372479004873661,57
2179,8,55,96,25,2.371439357092425,30
2180,50,19,112,8,2.3689643473531756,11
2181,40,24,50,10,2.3671440474550507,14
2182,7,19,70,7,2.364945757295021,12
2183,63,46,39,18,2.3626947638130473,28
2184,99,23,5,11,2.3616219022642833,12
2185,96,14,109,6,2.3566759619593642,8
2186,39,48,49,21,2.353804446492823,27
2187,4,36,31,15,2.3535355966794667,21
2188,107,58,37,27,2.3520883092822165,31
2189,51,71,107,30,2.344014195106718,41
2190,16,87,13,39,2.3419732897507433,48
2191,6,13,50,6,2.3414923323310646,7
2192,29,16,86,7,2.3399676619619445,9
2193,68,84,13,38,2.3316015540193082,46
2194,46,22,63,12,2.3313756374008845,10
2195,25,28,53,14,2.3301510854690854,14
2196,16,20,29,10,2.329592750683847,10
2197,109,51,5,25,2.3285813949081655,26
2198,50,23,64,11,2.3285304422785047,12
2199,104,21,102,11,2.320627297470276,10
2200,3,26,60,12,2.318286691403535,14
2201,88,32,91,15,2.315767764685104,17
2202,109,17,48,8,2.306624480190798,9
2203,58,12,50,6,2.3033767529431137,6
2204,109,22,102,10,2.3031948555261113,12
2205,23,13,109,6,2.301790643179129,7
2206,86,21,32,10,2.2989864902239003,11
2207,68,16,109,6,2.2985123206238915,10
2208,97,33,65,15,2.2943542233121987,18
2209,100,24,5,11,2.2932427434044684,13
2210,114,18,45,8,2.292094813707232,10
2211,106,13,4,7,2.287883468044352,6
2212,37,46,74,22,2.283869095408045,24
2213,63,38,114,15,2.2836807270192585,23
2214,88,20,35,10,2.2787018333731495,10
2215,80,16,71,8,2.275392383804814,8
2216,61,10,31,5,2.2696136748473603,5
2217,28,66,96,31,2.267406944603933,35
2218,85,12,7,5,2.2672729351147445,7
2219,106,45,88,19,2.2639858690375614,26
2220,95,30,25,14,2.25397314365567,16
2221,69,13,20,6,2.253225234520165,7
2222,41,14,54,7,2.251101436056138,7
2223,13,88,65,40,2.248793724489893,48
2224,88,38,4,18,2.2459217004175493,20
2225,70,10,27,5,2.243263258457552,5
2226,7,18,11,8,2.239320590268621,10
2227,87,35,104,18,2.2393020839894087,17
2228,68,25,70,12,2.2334926025833988,13
2229,90,16,25,7,2.2261576936837058,9
2230,34,18,16,8,2.225189084516706,10
2231,88,11,33,6,2.22422094342155,5
2232,98,13,99,7,2.2212581677933785,6
2233,112,11,8,6,2.2144684353504553,5
2234,8,84,55,42,2.2123521211081862,42
2235,5,50,96,22,2.2114271922507607,28
2236,107,50,106,24,2.1993074270722803,26
2237,62,20,39,10,2.1906158630571078,10
2238,31,10,54,5,2.186668926147148,5
2239,8,64,74,28,2.186622040651489,36
2240,63,26,70,12,2.1813121472430437,14
2241,84,16,93,8,2.173203038685072,8
2242,33,11,39,5,2.170155887452032,6
2243,86,75,54,36,2.1689438842347455,39
2244,16,31,84,15,2.166724934437137,16
2245,88,14,74,5,2.165363961250821,9
2246,102,22,74,10,2.1384304011801047,12
2247,49,53,13,26,2.134402292657327,27
2248,35,16,43,8,2.1256405181906697,8
2249,37,26,84,12,2.124049904647881,14
2250,94,13,69,6,2.120651277389855,7
2251,53,11,70,5,2.117480208536356,6
2252,65,38,37,19,2.116557677432621,19
2253,1,20,64,10,2.1164326209593654,10
2254,74,12,33,6,2.113811361820999,6
2255,77,10,3,4,2.1078393954054353,6
2256,83,34,55,17,2.0962093979720215,17
2257,97,22,8,11,2.094799206270941,11
2258,17,12,91,5,2.0932516032559634,7
2259,74,47,65,23,2.0847963525870914,24
2260,28,55,65,25,2.0838082258755595,30
2261,82,10,63,5,2.077975861296688,5
2262,86,45,90,20,2.0574221764428238,25
2263,65,31,80,15,2.0509198465423397,16
2264,39,32,11,15,2.0483405528854366,17
2265,93,21,88,9,2.047097578055209,12
2266,64,31,39,14,2.043169723980909,17
2267,40,63,51,30,2.042925681102903,33
2268,18,34,51,17,2.042743355152735,17
2269,90,24,60,10,2.0397275719261816,14
2270,86,20,108,11,2.0383331764650165,9
2271,12,21,39,10,2.036046827182587,11
2272,100,19,74,9,2.03594794458151,10
2273,89,14,88,7,2.0354634990614118,7
2274,58,12,63,7,2.0345686518653676,5
2275,55,11,79,5,2.0315889229013426,6
2276,91,14,114,7,2.0312426341433967,7
2277,32,11,13,5,2.026181507027534,6
2278,75,30,87,14,2.0247725005088753,16
2279,8,36,90,16,2.0194647820717804,20
2280,100,11,15,4,2.018226399829263,7
2281,83,22,97,12,2.007636873207567,10
2282,16,87,28,40,2.003836691762287,47
2283,69,24,7,12,1.9945381002011566,12
2284,104,15,112,7,1.99393597279257,8
2285,13,38,50,18,1.9937674166002914,20
2286,70,55,86,25,1.9917052888221574,30
2287,53,19,4,9,1.987694792892671,10
2288,28,38,25,16,1.9833898911599184,22
2289,95,28,53,11,1.9769373995573185,17
2290,64,15,15,8,1.9745380862871305,7
2291,41,18,76,10,1.9724048364464457,8
2292,60,61,16,29,1.9715010709604757,32
2293,50,11,35,5,1.9581460146246747,6
2294,78,12,71,6,1.95458083263832,6
2295,36,34,64,17,1.9485056781764598,17
2296,25,20,55,9,1.9429576796619945,11
2297,23,14,31,6,1.9392936999416424,8
2298,110,13,104,5,1.9388474450810558,8
2299,32,10,98,5,1.9380052263831626,5
2300,108,29,107,14,1.93594750712145,15
2301,20,19,30,9,1.9352963119709488,10
2302,102,29,114,13,1.9340899786626806,16
2303,23,14,97,7,1.9330528734436567,7
2304,87,38,84,18,1.9318820493391857,20
2305,70,19,40,8,1.9276789997691202,11
2306,65,38,12,19,1.9245614546210965,19
2307,114,56,86,27,1.9239569797033826,29
2308,114,21,18,10,1.923577249757446,11
2309,80,25,28,12,1.9225523112040792,13
2310,53,43,64,20,1.921457820047301,23
2311,70,21,41,11,1.919847111480952,10
2312,99,11,76,6,1.9173589523208343,5
2313,97,32,106,16,1.9159665785715099,16
2314,110,11,17,5,1.9155371371930665,6
2315,46,61,88,30,1.9022171114408313,31
2316,14,13,88,6,1.902096229341471,7
2317,43,29,65,15,1.9015147557652614,14
2318,108,25,51,12,1.9002486171144384,13
2319,11,47,107,22,1.8983504324724312,25
2320,20,35,106,16,1.890590591428699,19
2321,25,23,64,11,1.8857238852847684,12
2322,2,41,8,20,1.8848654476169697,21
2323,27,40,68,18,1.8804967014192906,22
2324,8,14,79,8,1.8787453444383122,6
2325,13,22,78,10,1.87861245836491,12
2326,107,48,68,22,1.8731227489747677,26
2327,17,26,54,13,1.867393134138254,13
2328,37,95,5,46,1.8654288703425719,49
2329,38,25,13,13,1.856740998480053,12
2330,87,61,106,30,1.856632619724249,31
2331,53,22,97,10,1.849246682219108,12
2332,13,30,17,14,1.8483382768762247,16
2333,84,38,96,19,1.8356486827006797,19
2334,39,30,3,15,1.830220006872888,15
2335,54,20,49,10,1.829154265922774,10
2336,74,29,13,14,1.8278354237299064,15
2337,106,11,3,5,1.8270221877820192,6
2338,44,13,114,6,1.8263733365516701,7
2339,102,13,99,6,1.8212893413036875,7
2340,71,11,109,5,1.8196417828202216,6
2341,68,21,78,10,1.81761013192436,11
2342,79,18,28,8,1.8130893193426152,10
2343,40,18,111,9,1.8104998545748818,9
2344,36,22,25,11,1.8071440138268557,11
2345,8,65,28,30,1.8060421386611976,35
2346,27,15,43,8,1.8001576129442611,7
2347,28,13,78,7,1.7847545033254388,6
2348,37,25,90,12,1.7816453937181782,13
2349,102,13,84,6,1.779322402529277,7
2350,104,62,16,29,1.778027708852634,33
2351,109,21,76,11,1.7708841969163662,10
2352,88,11,110,6,1.7642228121429866,5
2353,15,13,20,6,1.759070149742339,7
2354,84,26,70,12,1.7530345342228948,14
2355,4,31,68,15,1.751066192618154,16
2356,97,38,107,19,1.7507246476170455,19
2357,94,10,65,5,1.74928216807962,5
2358,60,33,36,16,1.7416473627060747,17
2359,18,11,6,5,1.7414584600944751,6
2360,8,26,23,13,1.7400762718841152,13
2361,36,37,88,16,1.7392851936744347,21
2362,46,51,5,23,1.7323776092910628,28
2363,70,19,75,10,1.7314858975507377,9
2364,60,14,11,7,1.72978393860355,7
2365,50,13,12,8,1.7279667161947851,5
2366,1,31,107,15,1.727430404235514,16
2367,83,11,50,6,1.7272952536822097,5
2368,63,15,45,7,1.7260545689947924,8
2369,16,19,45,8,1.7223541453977003,11
2370,9,46,40,21,1.71485959208228,25
2371,9,42,86,19,1.7117622661778296,23
2372,54,40,7,19,1.7088310244062668,21
2373,63,92,65,44,1.7056906918768673,48
2374,107,10,72,5,1.7053543654591343,5
2375,48,10,37,5,1.7035937503192145,5
2376,20,16,102,8,1.6989391239814933,8
2377,36,15,23,9,1.6972875274185721,6
2378,51,25,23,12,1.6961813528047331,13
2379,7,74,40,33,1.6955910385318638,41
2380,9,23,46,10,1.6945658865661515,13
2381,68,34,106,16,1.687950689096679,18
2382,50,18,69,10,1.686362400438779,8
2383,17,44,51,22,1.6728455376724483,22
2384,45,28,31,13,1.6710870406691087,15
2385,51,67,68,34,1.6709695858049134,33
2386,87,49,28,24,1.6675925043761943,25
2387,43,13,109,6,1.6656590774439002,7
2388,107,32,17,15,1.6568754180103666,17
2389,36,23,68,11,1.6511686348202657,12
2390,69,10,39,5,1.644395797770094,5
2391,38,12,80,5,1.6400661445963558,7
2392,7,78,41,38,1.6316845641232849,40
2393,39,19,96,8,1.6315253594413592,11
2394,79,15,107,6,1.6267301484362862,9
2395,112,20,9,10,1.6257132685716438,10
2396,16,41,114,18,1.6232837485706129,23
2397,29,15,51,7,1.6168777380555208,8
2398,70,13,43,6,1.6071210379776917,7
2399,30,12,35,6,1.603184870407584,6
2400,99,18,30,8,1.5949338139614577,10
2401,86,40,3,18,1.593083046983456,22
2402,64,10,90,5,1.5921132093044654,5
2403,2,15,25,8,1.5845186001024008,7
2404,85,28,86,13,1.581828832446797,15
2405,55,22,90,12,1.578656952498874,10
2406,109,57,86,27,1.5778514373799306,30
2407,60,25,46,12,1.5735893742532674,13
2408,40,58,88,27,1.5715316879527905,31
2409,58,12,43,6,1.5653312346763884,6
2410,9,14,111,7,1.5621342613374551,7
2411,97,12,100,6,1.5601199386945834,6
2412,86,50,30,25,1.5573237823378583,25
2413,104,23,83,10,1.5563880557352996,13
2414,106,15,14,8,1.5523885439078582,7
2415,16,27,111,12,1.5488999004290867,15
2416,11,26,74,12,1.5483769164487977,14
2417,57,12,43,4,1.547683226037978,8
2418,88,33,109,15,1.5470592807301102,18
2419,30,25,68,13,1.540357950667601,12
2420,51,52,60,22,1.5379585605411303,30
2421,97,25,46,12,1.5379422598602892,13
2422,107,22,112,10,1.5365255025501943,12
2423,13,23,45,11,1.536281477648622,12
2424,107,32,46,16,1.5343792707290018,16
2425,29,13,53,5,1.5317670028644748,8
2426,55,12,27,6,1.5257417717738173,6
2427,1,34,88,17,1.5234508852206479,17
2428,35,14,37,7,1.523131742310598,7
2429,57,39,16,19,1.5204759853178733,20
2430,43,12,8,6,1.5194230889621367,6
2431,39,39,28,19,1.5153571896545739,20
2432,46,12,55,5,1.5148590180899557,7
2433,28,63,5,31,1.5122016375527902,32
2434,50,17,108,9,1.5013768012598343,8
2435,86,28,57,12,1.49494772059326,16
2436,17,13,112,6,1.4911982516586844,7
2437,4,59,13,27,1.4911690163054754,32
2438,87,51,54,23,1.4805638305796738,28
2439,61,15,13,8,1.4797550252097438,7
2440,73,15,63,8,1.4760785674332926,7
2441,11,17,32,9,1.4729852723414754,8
2442,86,32,2,16,1.4682447143488935,16
2443,57,13,40,6,1.4659794198664808,7
2444,112,16,23,7,1.4656028868993851,9
2445,84,16,10,8,1.4653276140138942,8
2446,65,61,68,29,1.4611429296521303,32
2447,31,21,47,10,1.4606130980712668,11
2448,86,64,55,30,1.4599929257917066,34
2449,25,23,83,10,1.4597201880554966,13
2450,8,16,38,8,1.4562520429495758,8
2451,50,16,89,7,1.4560158637801317,9
2452,11,25,13,12,1.4555242943364795,13
2453,53,30,55,14,1.4538038424746393,16
2454,65,26,112,12,1.4492385397571024,14
2455,106,55,63,27,1.4485566818099482,28
2456,38,14,30,8,1.4430439721156862,6
2457,39,20,70,9,1.4424153371414083,11
2458,20,21,97,11,1.439527960881874,10
2459,50,28,25,14,1.4391705454909012,14
2460,41,48,107,21,1.4315677718498427,27
2461,65,70,41,31,1.4285809086277084,39
2462,43,20,87,10,1.4273382250462692,10
2463,86,79,20,37,1.4238599400868466,42
2464,36,35,45,19,1.423273124508123,16
2465,15,22,60,10,1.4197687048169967,12
2466,12,16,40,8,1.4120822666164417,8
2467,102,15,11,6,1.4114820984859568,9
2468,70,17,95,9,1.4011695857654913,8
2469,19,15,15,7,1.400501355553707,8
2470,75,12,44,5,1.399837377533035,7
2471,16,10,56,4,1.3984899579645478,6
2472,91,13,9,6,1.3946381880594532,7
2473,7,15,83,6,1.3943529604549396,9
2474,19,12,98,7,1.3932803968956504,5
2475,44,25,16,13,1.3924747988210242,12
2476,43,13,37,7,1.3915535608538905,6
2477,36,11,29,6,1.3837445576600587,5
2478,50,41,11,19,1.3816262941644981,22
2479,95,31,7,14,1.3809406634768675,17
2480,106,30,41,15,1.3806292559177733,15
2481,6,11,69,6,1.3727715082405263,5
2482,75,10,48,5,1.3711471542080278,5
2483,90,11,76,6,1.3711097869836062,5
2484,27,13,23,7,1.3665703255989456,6
2485,25,26,30,14,1.363384718034577,12
2486,107,39,70,20,1.3599998705907188,19
2487,97,37,88,18,1.349074362930903,19
2488,84,17,90,8,1.3434141546201468,9
2489,54,87,65,41,1.342980567229588,46
2490,71,48,7,25,1.3388864417450883,23
2491,8,66,37,32,1.3357403383797626,34
2492,61,13,65,7,1.327965247882516,6
2493,60,25,109,12,1.3235251021634884,13
2494,16,30,80,14,1.3220466579095416,16
2495,74,18,80,9,1.3199661328668575,9
2496,3,17,55,8,1.3172267439478242,9
2497,10,16,8,7,1.3145513780375315,9
2498,32,12,51,6,1.314434714983352,6
2499,37,12,108,6,1.3047215727540855,6
2500,70,11,102,7,1.3043211125718095,4
2501,5,44,13,21,1.302350985374302,23
2502,87,57,88,30,1.2972492664863855,27
2503,65,43,60,18,1.292557414516089,25
2504,2,22,74,10,1.2925512141562505,12
2505,97,20,109,10,1.283406905257821,10
2506,50,30,51,15,1.277023353905357,15
2507,50,27,65,13,1.2644687002361983,14
2508,55,26,99,12,1.2605449554949548,14
2509,68,45,63,22,1.2529349748796308,23
2510,16,22,33,9,1.250719949272024,13
2511,51,12,58,6,1.250645738107039,6
2512,109,30,16,15,1.2499451161124784,15
2513,23,11,48,5,1.2484887739294386,6
2514,65,10,89,5,1.246766687204138,5
2515,1,10,71,4,1.2456643982922146,6
2516,85,15,68,6,1.2449251184472654,9
2517,114,16,15,8,1.2433363941042057,8
2518,104,12,43,5,1.2430962980218274,7
2519,107,30,4,15,1.2387516471106226,15
2520,71,25,31,12,1.2380158081615504,13
2521,63,16,95,8,1.233969730193377,8
2522,19,11,60,6,1.2309433571747483,5
2523,71,26,9,12,1.2262156519313812,14
2524,98,11,74,5,1.2137114800422117,6
2525,64,42,88,19,1.2118692904336819,23
2526,25,33,97,16,1.211209753293348,17
2527,63,44,7,18,1.2086828652803667,26
2528,16,51,74,24,1.19895248847691,27
2529,25,25,109,12,1.1927554377225935,13
2530,69,17,43,8,1.1823687630105753,9
2531,88,42,49,20,1.178560438139782,22
2532,84,30,54,14,1.1752338053025546,16
2533,76,29,87,13,1.173923997825125,16
2534,47,16,27,7,1.1658557312566065,9
2535,109,26,84,12,1.1610711079523313,14
2536,60,73,71,35,1.1360670304013205,38
2537,23,47,16,22,1.133588423461974,25
2538,36,26,106,13,1.1307287364062801,13
2539,3,26,31,14,1.130409883055894,12
2540,33,13,114,7,1.1286658148323794,6
2541,61,18,88,10,1.1254133453483963,8
2542,7,85,65,44,1.1151148094385754,41
2543,63,47,40,22,1.1085655861732644,25
2544,73,13,55,6,1.1082443575059586,7
2545,91,12,47,6,1.1047106963660296,6
2546,40,19,45,9,1.1043531225931202,10
2547,96,18,2,9,1.1039761816908797,9
2548,70,39,106,20,1.1024614638047308,19
2549,77,11,17,5,1.1006600247668523,6
2550,54,16,33,7,1.1000953180608282,9
2551,14,16,11,7,1.0923565448715802,9
2552,40,13,74,6,1.0901529369074687,7
2553,64,19,97,9,1.0748997556854092,10
2554,68,48,9,23,1.0746763617541826,25
2555,67,20,37,9,1.0707700527635258,11
2556,106,12,66,5,1.070759127853136,7
2557,70,55,8,27,1.0665028298167964,28
2558,8,43,20,21,1.064860256583808,22
2559,104,30,109,15,1.0638658496000608,15
2560,18,35,87,16,1.0595333397572304,19
2561,20,18,48,8,1.0556464172960105,10
2562,16,37,40,17,1.0479395774839413,20
2563,20,32,13,16,1.0473604323868067,16
2564,54,28,102,14,1.0470828148001607,14
2565,114,19,69,8,1.0427404151557151,11
2566,90,21,88,11,1.0373159148886417,10
2567,114,29,20,14,1.0369418237684707,15
2568,45,14,3,7,1.0349134798027078,7
2569,35,22,7,11,1.0299988339542105,11
2570,11,41,87,22,1.027110181689243,19
2571,63,20,44,9,1.0233184771026502,11
2572,19,17,39,9,1.0227255734410843,8
2573,70,10,33,5,1.0222975969230632,5
2574,86,65,13,33,1.019501673559692,32
2575,98,28,107,14,1.0170960211152535,14
2576,13,43,75,20,1.005364432264769,23
2577,114,11,93,6,1.004990658958168,5
2578,114,39,7,18,1.0047894280060632,21
2579,37,37,17,16,0.9978108601802018,21
2580,9,13,30,6,0.9935090532750582,7
2581,23,17,111,10,0.9902411232186314,7
2582,64,14,100,6,0.9873146869937531,8
2583,88,20,38,8,0.986482869291226,12
2584,87,53,51,26,0.9813193495830117,27
2585,8,67,54,35,0.9788096362147576,32
2586,50,29,17,13,0.9785385252670544,16
2587,51,33,31,14,0.9782499075201472,19
2588,49,24,17,10,0.9759498596955533,14
2589,107,65,5,32,0.9748363761521144,33
2590,79,11,88,5,0.9736004729947267,6
2591,114,26,17,11,0.9721557918960149,15
2592,53,40,51,20,0.9719493528973242,20
2593,14,16,87,7,0.9719183858987279,9
2594,37,50,51,27,0.9710667257210692,23
2595,68,21,77,10,0.9663968041399816,11
2596,80,10,17,6,0.9638999099498463,4
2597,30,26,51,12,0.9638359516152135,14
2598,104,38,106,19,0.9604760273979323,19
2599,106,11,103,6,0.9583580547252424,5
2600,87,55,39,26,0.9563895319312767,29
2601,14,14,5,6,0.9561035605846475,8
2602,3,32,68,15,0.9527649253755339,17
2603,63,23,53,11,0.9461903574638922,12
2604,86,20,34,9,0.9430547193197467,11
2605,112,13,114,7,0.9421647262329379,6
2606,47,33,39,16,0.9409236558902792,17
2607,7,10,108,4,0.9385265901557563,6
2608,30,14,48,6,0.9354845317821151,8
2609,9,38,39,20,0.9320441987636028,18
2610,102,11,83,5,0.9259324073609744,6
2611,33,17,86,9,0.9246066959077469,8
2612,102,18,65,10,0.9231577333764872,8
2613,13,48,28,23,0.9195156167445404,25
2614,75,27,114,13,0.9181862737012574,14
2615,13,20,33,10,0.918120505460343,10
2616,106,100,86,49,0.9173221659807225,51
2617,114,12,11,5,0.9147560322473872,7
2618,39,18,48,8,0.9127145579388772,10
2619,43,17,50,7,0.911659904777202,10
2620,36,35,75,19,0.9076169876586753,16
2621,23,13,3,6,0.9036934098771335,7
2622,64,41,68,18,0.9029247023462412,23
2623,84,17,79,9,0.9012801816556621,8
2624,68,17,74,7,0.9001065237726507,10
2625,8,24,48,11,0.8990865709573224,13
2626,8,76,88,37,0.8933115574955768,39
2627,60,17,83,8,0.8851626447494981,9
2628,77,21,4,10,0.8810684428976758,11
2629,37,21,57,10,0.8778160008276704,11
2630,84,17,91,8,0.8755346549877653,9
2631,111,47,68,24,0.8746288393374696,23
2632,7,27,49,15,0.8744069756975954,12
2633,55,21,71,9,0.863684832703073,12
2634,10,10,114,4,0.8617397018011257,6
2635,107,56,60,27,0.8615352019186363,29
2636,85,13,17,6,0.8598477976037174,7
2637,9,24,3,12,0.8521077531046838,12
2638,39,13,102,6,0.8492100400200487,7
2639,71,28,63,13,0.8479499084443569,15
2640,62,11,50,5,0.8451062062670078,6
2641,50,56,86,29,0.8444740252545996,27
2642,28,23,30,12,0.8403239904216823,11
2643,2,16,46,8,0.8285194662826778,8
2644,29,12,106,6,0.8264692442725535,6
2645,27,11,94,5,0.8264178477230417,6
2646,28,48,37,24,0.8263140292594408,24
2647,60,47,53,24,0.8237632801343029,23
2648,7,57,18,29,0.8231688841647112,28
2649,28,15,19,7,0.8170499543660485,8
2650,96,58,107,27,0.8081270899904945,31
2651,84,31,50,16,0.8064114901977948,15
2652,56,14,40,7,0.8062835825274064,7
2653,41,64,13,32,0.7981708572669713,32
2654,2,22,88,11,0.7956469041111237,11
2655,87,28,46,15,0.7941915016238118,13
2656,4,18,104,10,0.7872554057904764,8
2657,84,36,88,16,0.7832858549676552,20
2658,9,17,34,8,0.77910514985876,9
2659,88,37,20,19,0.7774406960445003,18
2660,87,22,99,10,0.7762165713325069,12
2661,97,20,93,10,0.7717644600090583,10
2662,33,15,104,8,0.7704375614853092,7
2663,110,12,54,6,0.762633303380524,6
2664,87,14,17,7,0.7509341405124581,7
2665,3,20,71,10,0.744611540631482,10
2666,46,24,84,11,0.744605770354001,13
2667,36,13,74,5,0.7437175733038444,8
2668,25,24,15,13,0.7394428200536315,11
2669,13,60,39,30,0.7375803753367649,30
2670,78,11,55,6,0.7363999336150038,5
2671,40,77,86,36,0.7352757671814381,41
2672,95,41,5,21,0.731606653431554,20
2673,58,25,9,13,0.7270071603708143,12
2674,61,18,40,9,0.7154895706830828,9
2675,82,13,28,7,0.7153587234866209,6
2676,13,17,96,8,0.7114671477918352,9
2677,76,25,8,13,0.7077738529790866,12
2678,18,23,104,13,0.701208945227421,10
2679,38,11,91,5,0.7003822911270713,6
2680,57,11,95,4,0.6989616542578664,7
2681,8,41,39,21,0.6937986397009377,20
2682,7,73,39,37,0.6920867889114359,36
2683,29,17,38,8,0.6873786981327397,9
2684,18,19,25,10,0.6816652439852776,9
2685,50,24,114,11,0.6812811811945304,13
2686,54,67,16,34,0.6682295554685945,33
2687,37,40,114,18,0.6680388190804037,22
2688,1,10,62,5,0.6629322217278115,5
2689,63,38,50,18,0.6599709375930062,20
2690,64,15,108,8,0.6582287703496978,7
2691,13,14,48,7,0.6567913870437307,7
2692,41,27,1,12,0.6450987397179471,15
2693,19,10,41,5,0.6436819633006727,5
2694,98,16,50,8,0.6426219058041094,8
2695,25,25,41,14,0.6394054706376684,11
2696,111,17,36,8,0.6365354853619557,9
2697,4,28,64,13,0.6316212138641686,15
2698,87,22,47,11,0.6305382362810187,11
2699,11,11,97,6,0.6269874474505769,5
2700,88,21,81,10,0.6261281112170193,11
2701,50,63,54,31,0.6257662884110836,32
2702,36,33,71,17,0.6241330409639582,16
2703,87,30,109,14,0.623370758412541,16
2704,51,58,55,29,0.6228899757373463,29
2705,76,30,96,14,0.6223340675935091,16
2706,3,14,57,7,0.6219971685158584,7
2707,31,22,58,11,0.6168553703735019,11
2708,43,20,114,11,0.6074470201565788,9
2709,91,16,70,7,0.6063303701253773,9
2710,63,15,34,7,0.6010869874219945,8
2711,71,32,106,15,0.6009609652453856,17
2712,61,10,86,5,0.5990640749995453,5
2713,30,24,40,12,0.5893402617113984,12
2714,76,13,36,4,0.5885035889042722,9
2715,64,15,17,8,0.5824319192017166,7
2716,106,46,76,25,0.577289694916291,21
2717,23,12,53,6,0.5700661218932129,6
2718,75,51,65,26,0.5689430318120555,25
2719,40,10,94,5,0.5678516928680516,5
2720,29,10,108,5,0.5615423900676226,5
2721,11,11,27,6,0.5615364354397145,5
2722,97,31,2,15,0.5614740846174435,16
2723,83,10,2,5,0.5594397265150824,5
2724,5,49,54,23,0.5526115688513309,26
2725,92,17,7,7,0.5480230211986101,10
2726,104,55,13,27,0.5474902747445213,28
2727,98,27,16,13,0.5462850233229243,14
2728,64,29,54,15,0.5456745481805155,14
2729,87,14,6,7,0.5451369775684941,7
2730,27,43,107,21,0.5416545093183164,22
2731,86,32,80,16,0.5398930710578201,16
2732,106,10,1,5,0.539652861011431,5
2733,28,19,33,8,0.5377400393884932,11
2734,87,51,55,25,0.5274998846136414,26
2735,73,19,28,10,0.5214155246375574,9
2736,43,17,25,10,0.5197036131496171,7
2737,8,45,65,22,0.517695585596627,23
2738,15,33,16,18,0.5165041631650911,15
2739,106,68,28,33,0.5161436710076662,35
2740,41,11,90,6,0.513841479320257,5
2741,114,11,38,6,0.5127819422302534,5
2742,4,18,9,9,0.5118055197130339,9
2743,49,12,97,5,0.510198270023406,7
2744,51,22,71,11,0.5066228412969123,11
2745,23,10,9,5,0.5053397207394539,5
2746,60,53,68,25,0.5052462395149946,28
2747,18,29,41,15,0.5040827449695365,14
2748,90,13,91,6,0.5003235284827323,7
2749,88,35,31,18,0.4999807976090588,17
2750,5,59,87,29,0.4991669720547012,30
2751,5,39,63,22,0.49187190353271276,17
2752,107,81,28,38,0.4903077218319155,43
2753,13,68,60,31,0.48669975705893975,37
2754,57,14,104,5,0.4845128262229356,9
2755,37,17,62,10,0.47941613349669066,7
2756,95,28,74,13,0.47842550860281996,15
2757,75,31,41,14,0.47837138213253816,17
2758,25,51,39,26,0.4759465051184244,25
2759,37,13,69,6,0.4741041536564538,7
2760,113,11,86,6,0.46954311123939263,5
2761,65,54,31,26,0.46913887469692744,28
2762,104,32,68,15,0.4623896750421225,17
2763,68,50,86,26,0.4594752304197302,24
2764,87,16,111,8,0.45897322341286445,8
2765,107,81,8,37,0.451577946955366,44
2766,62,13,55,7,0.4490302976953222,6
2767,9,11,29,5,0.4445014025628295,6
2768,80,11,9,7,0.4439834453330457,4
2769,86,83,65,43,0.4411076558908754,40
2770,90,15,11,7,0.4409004522210816,8
2771,16,31,48,16,0.4393641400100805,15
2772,40,43,31,22,0.429627197462679,21
2773,33,11,99,6,0.42486651226142574,5
2774,13,53,9,25,0.4236599855238375,28
2775,87,46,96,22,0.4185307257645089,24
2776,5,14,38,7,0.4168378546295618,7
2777,27,43,13,20,0.41335617264840996,23
2778,31,33,86,17,0.4107692180392416,16
2779,50,18,79,9,0.4091046493522828,9
2780,98,14,114,7,0.4067842985377363,7
2781,112,39,16,20,0.4053029576302472,19
2782,27,17,106,10,0.4013630945998079,7
2783,109,30,13,14,0.40017243322978374,16
2784,107,95,7,42,0.39776976722684715,53
2785,20,13,85,6,0.39373981733351443,7
2786,88,13,78,6,0.3934639813104847,7
2787,55,16,41,8,0.3929137359889599,8
2788,23,18,54,9,0.39214168570707464,9
2789,8,13,44,6,0.3904420875790005,7
2790,51,33,3,13,0.38990515990060187,20
2791,57,20,55,11,0.38903746063509637,9
2792,69,30,36,15,0.38598798110099336,15
2793,8,35,50,16,0.38293825667797665,19
2794,19,10,94,5,0.3827336554631223,5
2795,114,28,71,14,0.3795577437704574,14
2796,70,22,97,12,0.3783758219642565,10
2797,14,18,84,8,0.37783903496494214,10
2798,107,37,90,19,0.3753937941046271,18
2799,40,16,108,7,0.373845897515691,9
2800,88,35,71,19,0.3711092012403024,16
2801,40,21,75,10,0.36863713867004627,11
2802,95,26,28,12,0.36814720179538635,14
2803,63,17,47,7,0.3681401863793021,10
2804,25,30,63,16,0.3669879376751877,14
2805,92,18,13,7,0.36521745881563183,11
2806,46,18,41,8,0.36430211798636986,10
2807,79,12,54,5,0.3524093679970092,7
2808,47,21,65,10,0.3519317997506132,11
2809,7,21,8,10,0.35073482330961425,11
2810,109,13,4,6,0.3380907022892352,7
2811,49,21,51,10,0.3351069066929168,11
2812,39,41,54,21,0.33442242846591713,20
2813,83,20,106,11,0.33164456490941063,9
2814,76,28,70,13,0.3288931307094032,15
2815,49,14,114,6,0.32751436291229447,8
2816,41,34,63,17,0.326061354616667,17
2817,65,48,39,22,0.3257402134811714,26
2818,114,68,107,33,0.32070298196932506,35
2819,83,25,28,14,0.3193130867023741,11
2820,43,33,60,16,0.31318206916464897,17
2821,51,13,92,7,0.31029394338620886,6
2822,57,19,46,9,0.3079095171810309,10
2823,114,60,88,30,0.29749332449413723,30
2824,88,15,48,6,0.2955612335778544,9
2825,9,41,51,21,0.2923199498791427,20
2826,57,11,53,6,0.2873041046379347,5
2827,67,12,25,6,0.2816428039469064,6
2828,96,12,67,7,0.27996501259109813,5
2829,53,18,5,8,0.2778213329671456,10
2830,93,10,3,4,0.2742126011978897,6
2831,77,55,60,27,0.27299213552637575,28
2832,69,11,19,6,0.2714192647995953,5
2833,36,11,38,4,0.26679215079866997,7
2834,37,22,76,12,0.2606095394442829,10
2835,16,22,72,11,0.25160173884610776,11
2836,47,17,41,9,0.24960180944275975,8
2837,39,41,41,22,0.24923068070915827,19
2838,40,25,47,14,0.24655985846699452,11
2839,83,20,88,11,0.24121558114701722,9
2840,30,20,106,10,0.23895557447172086,10
2841,12,27,51,13,0.23734774956132088,14
2842,64,19,45,9,0.2352744559029064,10
2843,57,14,20,7,0.22969067246688318,7
2844,27,13,15,6,0.22913751053698278,7
2845,65,10,101,5,0.22906131925901718,5
2846,57,26,15,13,0.22663546862075662,13
2847,67,12,84,5,0.22644335659627104,7
2848,72,16,7,8,0.22521266099875584,8
2849,19,11,100,6,0.22487854051370446,5
2850,11,24,65,11,0.2231872290555846,13
2851,63,67,107,30,0.21497275074793806,37
2852,107,40,18,22,0.21456452912257484,18
2853,53,21,44,9,0.2122113313421154,12
2854,53,54,13,29,0.2083631688927764,25
2855,28,11,66,5,0.2056598644516812,6
2856,46,23,17,12,0.20521498367655996,11
2857,44,14,107,7,0.20330478165271706,7
2858,81,21,107,11,0.19898617239587554,10
2859,46,16,71,7,0.19894184736909315,9
2860,107,61,74,29,0.19420996588142148,32
2861,13,18,12,11,0.1929659323866376,7
2862,98,11,100,5,0.18985443720382733,6
2863,88,35,37,17,0.1877253046596751,18
2864,35,12,70,7,0.18631436457958764,5
2865,107,104,86,51,0.18517759160958322,53
2866,44,15,65,6,0.18351226600640885,9
2867,71,33,8,17,0.17759312635004623,16
2868,96,37,55,19,0.17732770674363885,18
2869,29,12,23,6,0.17614103437765927,6
2870,88,53,41,27,0.17567237068802208,26
2871,11,47,106,26,0.17225906773687616,21
2872,86,26,15,13,0.16800361117966062,13
2873,7,51,4,26,0.16136746029798088,25
2874,62,12,106,6,0.1584669634691407,6
2875,84,22,80,10,0.15202664995311643,12
2876,51,20,98,10,0.14461940831704007,10
2877,73,10,25,5,0.1328731236438802,5
2878,51,13,44,8,0.13191763257362837,5
2879,60,76,7,38,0.13134493579901685,38
2880,28,22,98,9,0.12169006680659694,13
2881,40,28,18,16,0.11377047107058737,12
2882,49,16,8,7,0.1133484840104294,9
2883,11,21,48,10,0.11255129650560307,11
2884,98,13,97,7,0.11020600858990875,6
2885,94,13,60,6,0.10902380212835151,7
2886,2,18,84,9,0.10504403066305398,9
2887,68,13,44,7,0.10451112471006771,6
2888,93,20,107,9,0.10069325512074272,11
2889,86,30,53,13,0.09593092236920715,17
2890,74,39,25,20,0.09563368284676016,19
2891,25,65,16,32,0.09364645449744402,33
2892,30,15,96,8,0.09214636377364425,7
2893,114,29,36,13,0.09213128587786307,16
2894,95,52,86,24,0.08956033992826938,28
2895,15,33,13,16,0.08264720308342048,17
2896,97,36,74,17,0.07931920932357782,19
2897,63,46,87,22,0.07921188185625391,24
2898,107,73,54,35,0.07798228457878793,38
2899,55,15,108,8,0.07480659095217349,7
2900,84,20,65,9,0.07280165631996083,11
2901,106,21,40,10,0.06808253080226546,11
2902,108,15,74,7,0.06305457719799344,8
2903,107,69,84,35,0.05558168562167983,34
2904,8,70,106,37,0.05212763279076112,33
2905,8,16,27,7,0.051328614148521634,9
2906,34,19,50,10,0.05002588679712766,9
2907,73,16,106,8,0.04700386219362951,8
2908,65,11,81,6,0.04550793535821782,5
2909,114,46,104,24,0.04494734082733511,22
2910,74,41,54,20,0.04296760366186976,21
2911,31,11,97,5,0.04256244744109723,6
2912,41,23,27,11,0.03715076021582355,12
2913,9,14,81,7,0.035788297634864304,7
2914,45,17,71,7,0.03389797077786283,10
2915,84,19,17,10,0.032612383959908106,9
2916,106,42,50,20,0.025298087208634697,22
2917,49,16,27,8,0.024891142841979352,8
2918,106,26,100,12,0.022225583959526604,14
2919,107,58,39,28,0.022002026984637022,30
2920,89,15,28,8,0.018607611913672883,7
2921,7,28,15,12,0.018225685442037017,16
2922,35,24,86,11,0.011498856499630127,13
2923,11,41,46,21,0.010078384039398624,20
2924,109,17,83,7,0.00972932964701334,10
2925,90,33,16,15,0.006116246156991541,18
2926,16,33,90,18,-0.0061162461569911645,15
2927,83,17,109,10,-0.009729329647013785,7
2928,46,41,11,20,-0.010078384039398624,21
2929,86,24,35,13,-0.011498856499629817,11
2930,15,28,7,16,-0.018225685442037017,12
2931,28,15,89,7,-0.018607611913672648,8
2932,39,58,107,30,-0.022002026984636165,28
2933,100,26,106,14,-0.02222558395952517,12
2934,27,16,49,8,-0.02489114284197802,8
2935,50,42,106,22,-0.02529808720863334,20
2936,17,19,84,9,-0.03261238395990876,10
2937,71,17,45,10,-0.03389797077786216,7
2938,81,14,9,7,-0.035788297634866885,7
2939,27,23,41,12,-0.037150760215824086,11
2940,97,11,31,6,-0.042562447441096586,5
2941,54,41,74,21,-0.04296760366187002,20
2942,104,46,114,22,-0.04494734082733487,24
2943,81,11,65,5,-0.04550793535821569,6
2944,106,16,73,8,-0.0470038621936304,8
2945,50,19,34,9,-0.05002588679712785,10
2946,27,16,8,9,-0.051328614148522966,7
2947,106,70,8,33,-0.05212763279076128,37
2948,84,69,107,34,-0.05558168562168117,35
2949,74,15,108,8,-0.06305457719799369,7
2950,40,21,106,11,-0.0680825308022658,10
2951,65,20,84,11,-0.07280165631996083,9
2952,108,15,55,7,-0.07480659095217229,8
2953,54,73,107,38,-0.07798228457878872,35
2954,87,46,63,24,-0.07921188185625398,22
2955,74,36,97,19,-0.07931920932357782,17
2956,13,33,15,17,-0.08264720308341919,16
2957,86,52,95,28,-0.08956033992827091,24
2958,36,29,114,16,-0.09213128587786189,13
2959,96,15,30,7,-0.09214636377364507,8
2960,16,65,25,33,-0.09364645449744435,32
2961,25,39,74,19,-0.0956336828467596,20
2962,53,30,86,17,-0.09593092236920858,13
2963,44,13,68,6,-0.10451112471006657,7
2964,84,18,2,9,-0.10504403066305477,9
2965,60,13,94,7,-0.10902380212834957,6
2966,97,13,98,6,-0.11020600858990862,7
2967,8,16,49,9,-0.11334848401042974,7
2968,18,28,40,12,-0.11377047107058744,16
2969,98,22,28,13,-0.1216900668065983,9
2970,7,76,60,38,-0.13134493579901632,38
2971,44,13,51,5,-0.1319176325736292,8
2972,25,10,73,5,-0.1328731236438802,5
2973,98,20,51,10,-0.14461940831704023,10
2974,80,22,84,12,-0.15202664995311627,10
2975,106,12,62,6,-0.15846696346914188,6
2976,4,51,7,25,-0.16136746029798163,26
2977,16,53,11,30,-0.16260546222798214,23
2978,15,26,86,13,-0.1680036111796587,13
2979,106,47,11,21,-0.17225906773687602,26
2980,41,53,88,26,-0.17567237068802258,27
2981,23,12,29,6,-0.17614103437765868,6
2982,55,37,96,18,-0.17732770674364082,19
2983,8,33,71,16,-0.17759312635004632,17
2984,65,15,44,9,-0.1835122660064091,6
2985,86,104,107,53,-0.18517759160958278,51
2986,70,12,35,5,-0.18631436457958692,7
2987,37,35,88,18,-0.18772530465967646,17
2988,100,11,98,6,-0.18985443720382733,5
2989,12,18,13,7,-0.19296593238663817,11
2990,71,16,46,9,-0.19894184736909182,7
2991,107,21,81,10,-0.19898617239587607,11
2992,107,14,44,7,-0.20330478165271787,7
2993,17,23,46,11,-0.2052149836765593,12
2994,66,11,28,6,-0.20565986445168055,5
2995,13,54,53,25,-0.20836316889277592,29
2996,44,21,53,12,-0.2122113313421161,9
2997,18,40,107,18,-0.21456452912257684,22
2998,107,67,63,37,-0.21497275074793742,30
2999,65,24,11,13,-0.22318722905558436,11
3000,100,11,19,5,-0.2248785405137056,6
3001,7,16,72,8,-0.22521266099875537,8
3002,84,12,67,7,-0.22644335659627166,5
3003,15,26,57,13,-0.22663546862075634,13
3004,101,10,65,5,-0.2290613192590168,5
3005,15,13,27,7,-0.22913751053698442,6
3006,20,14,57,7,-0.2296906724668833,7
3007,45,19,64,10,-0.23527445590290527,9
3008,51,27,12,14,-0.23734774956132193,13
3009,106,20,30,10,-0.2389555744717199,10
3010,88,20,83,9,-0.24121558114701463,11
3011,47,25,40,11,-0.24655985846699366,14
3012,41,41,39,19,-0.24923068070915905,22
3013,41,17,47,8,-0.24960180944275975,9
3014,72,22,16,11,-0.25160173884610787,11
3015,76,22,37,10,-0.26060953944428406,12
3016,38,11,36,7,-0.26679215079866964,4
3017,19,11,69,5,-0.2714192647995956,6
3018,60,55,77,28,-0.27299213552637663,27
3019,3,10,93,6,-0.2742126011978897,4
3020,5,18,53,10,-0.277821332967146,8
3021,67,12,96,5,-0.279965012591097,7
3022,25,12,67,6,-0.2816428039469064,6
3023,53,11,57,5,-0.2873041046379331,6
3024,51,41,9,20,-0.2923199498791415,21
3025,48,15,88,9,-0.29556123357785347,6
3026,88,60,114,30,-0.2974933244941375,30
3027,88,18,12,9,-0.3042097842896815,9
3028,46,19,57,10,-0.3079095171810289,9
3029,92,13,51,6,-0.31029394338620975,7
3030,60,33,43,17,-0.31318206916464963,16
3031,28,25,83,11,-0.3193130867023753,14
3032,107,68,114,35,-0.3207029819693246,33
3033,39,48,65,26,-0.32574021348116955,22
3034,63,34,41,17,-0.3260613546166661,17
3035,114,14,49,8,-0.32751436291229385,6
3036,70,28,76,15,-0.32889313070940346,13
3037,106,20,83,9,-0.3316445649094112,11
3038,54,41,39,20,-0.3344224284659163,21
3039,51,21,49,11,-0.3351069066929168,10
3040,4,13,109,7,-0.3380907022892352,6
3041,8,21,7,11,-0.3507348233096159,10
3042,65,21,47,11,-0.3519317997506139,10
3043,54,12,79,7,-0.352409367997008,5
3044,41,18,46,10,-0.36430211798637085,8
3045,13,18,92,11,-0.3652174588156323,7
3046,63,30,25,14,-0.3669879376751877,16
3047,47,17,63,10,-0.368140186379302,7
3048,28,26,95,14,-0.36814720179538646,12
3049,75,21,40,11,-0.3686371386700461,10
3050,71,35,88,16,-0.37110920124030156,19
3051,108,16,40,9,-0.3738458975156912,7
3052,84,18,14,10,-0.37783903496494253,8
3053,97,22,70,10,-0.3783758219642562,12
3054,71,28,114,14,-0.3795577437704577,14
3055,94,10,19,5,-0.3827336554631223,5
3056,50,35,8,19,-0.3829382566779763,16
3057,36,30,69,15,-0.3859879811009911,15
3058,55,20,57,9,-0.3890374606350971,11
3059,3,33,51,20,-0.38990515990060265,13
3060,44,13,8,7,-0.3904420875789997,6
3061,54,18,23,9,-0.39214168570707364,9
3062,41,16,55,8,-0.39291373598895946,8
3063,78,13,88,7,-0.3934639813104835,6
3064,85,13,20,7,-0.3937398173335161,6
3065,7,95,107,53,-0.3977697672268478,42
3066,13,30,109,16,-0.4001724332297835,14
3067,106,17,27,7,-0.40136309459980746,10
3068,16,39,112,19,-0.4053029576302471,20
3069,114,14,98,7,-0.40678429853773473,7
3070,79,18,50,9,-0.4091046493522828,9
3071,86,33,31,16,-0.4107692180392426,17
3072,13,43,27,23,-0.4133561726484104,20
3073,38,14,5,7,-0.4168378546295618,7
3074,96,46,87,24,-0.4185307257645087,22
3075,9,53,13,28,-0.4236599855238383,25
3076,99,11,33,5,-0.4248665122614248,6
3077,31,43,40,21,-0.4296271974626791,22
3078,48,31,16,15,-0.4393641400100799,16
3079,11,15,90,8,-0.4409004522210813,7
3080,65,83,86,40,-0.44110765589087725,43
3081,9,11,80,4,-0.4439834453330448,7
3082,29,11,9,6,-0.44450140256282983,5
3083,55,13,62,6,-0.4490302976953225,7
3084,8,81,107,44,-0.4515779469553662,37
3085,111,16,87,8,-0.45897322341286373,8
3086,86,50,68,24,-0.4594752304197305,26
3087,68,32,104,17,-0.4623896750421223,15
3088,31,54,65,28,-0.4691388746969265,26
3089,86,11,113,5,-0.46954311123939296,6
3090,69,13,37,7,-0.47410415365645314,6
3091,39,51,25,25,-0.4759465051184236,26
3092,41,31,75,17,-0.47837138213253816,14
3093,74,28,95,15,-0.4784255086028221,13
3094,62,17,37,7,-0.47941613349669043,10
3095,104,14,57,9,-0.4845128262229359,5
3096,60,68,13,37,-0.48669975705893814,31
3097,28,81,107,43,-0.49030772183191534,38
3098,63,39,5,17,-0.4918719035327135,22
3099,87,59,5,30,-0.49916697205470045,29
3100,31,35,88,17,-0.499980797609059,18
3101,91,13,90,7,-0.5003235284827329,6
3102,41,29,18,14,-0.5040827449695369,15
3103,68,53,60,28,-0.5052462395149948,25
3104,9,10,23,5,-0.5053397207394532,5
3105,71,22,51,11,-0.5066228412969127,11
3106,97,12,49,7,-0.510198270023406,5
3107,9,18,4,9,-0.5118055197130339,9
3108,38,11,114,5,-0.5127819422302561,6
3109,90,11,41,5,-0.513841479320257,6
3110,28,68,106,35,-0.5161436710076651,33
3111,16,33,15,15,-0.5165041631650912,18
3112,65,45,8,23,-0.5176955855966269,22
3113,25,17,43,7,-0.5197036131496168,10
3114,28,19,73,9,-0.5214155246375576,10
3115,55,51,87,26,-0.5274998846136414,25
3116,33,19,28,11,-0.5377400393884936,8
3117,1,10,106,5,-0.5396528610114302,5
3118,80,32,86,16,-0.5398930710578194,16
3119,107,43,27,22,-0.5416545093183175,21
3120,6,14,87,7,-0.5451369775684937,7
3121,54,29,64,14,-0.5456745481805153,15
3122,16,27,98,14,-0.5462850233229247,13
3123,13,55,104,28,-0.5474902747445204,27
3124,7,17,92,10,-0.5480230211986107,7
3125,54,49,5,26,-0.5526115688513301,23
3126,2,10,83,5,-0.559439726515081,5
3127,2,31,97,16,-0.5614740846174444,15
3128,27,11,11,5,-0.5615364354397134,6
3129,108,10,29,5,-0.5615423900676234,5
3130,94,10,40,5,-0.5678516928680514,5
3131,65,51,75,25,-0.5689430318120551,26
3132,53,12,23,6,-0.5700661218932138,6
3133,17,15,64,7,-0.5824319192017173,8
3134,36,13,76,9,-0.5885035889042698,4
3135,40,24,30,12,-0.5893402617113975,12
3136,86,10,61,5,-0.5990640749995453,5
3137,106,32,71,17,-0.6009609652453869,15
3138,34,15,63,8,-0.6010869874219955,7
3139,70,16,91,9,-0.6063303701253777,7
3140,114,20,43,9,-0.6074470201565787,11
3141,58,22,31,11,-0.6168553703735028,11
3142,57,14,3,7,-0.6219971685158606,7
3143,96,30,76,16,-0.6223340675935105,14
3144,55,58,51,29,-0.622889975737348,29
3145,109,30,87,16,-0.623370758412541,14
3146,71,33,36,16,-0.6241330409639598,17
3147,54,63,50,32,-0.6257662884110818,31
3148,81,21,88,11,-0.62612811121702,10
3149,97,11,11,5,-0.626987447450576,6
3150,47,22,87,11,-0.6305382362810174,11
3151,64,28,4,15,-0.6316212138641698,13
3152,36,17,111,9,-0.6365354853619557,8
3153,41,25,25,11,-0.6394054706376676,14
3154,50,16,98,8,-0.6426219058041119,8
3155,41,10,19,5,-0.6436819633006727,5
3156,1,27,41,15,-0.6450987397179483,12
3157,48,14,13,7,-0.6567913870437321,7
3158,108,15,64,7,-0.6582287703496964,8
3159,50,38,63,20,-0.6599709375930077,18
3160,62,10,1,5,-0.6629322217278115,5
3161,114,40,37,22,-0.6680388190804033,18
3162,16,67,54,33,-0.6682295554685957,34
3163,114,24,50,13,-0.6812811811945291,11
3164,25,19,18,9,-0.6816652439852758,10
3165,38,17,29,9,-0.6873786981327392,8
3166,39,73,7,36,-0.6920867889114356,37
3167,39,41,8,20,-0.6937986397009376,21
3168,95,11,57,7,-0.6989616542578677,4
3169,91,11,38,6,-0.7003822911270713,5
3170,104,23,18,10,-0.7012089452274208,13
3171,8,25,76,12,-0.7077738529790857,13
3172,96,17,13,9,-0.7114671477918357,8
3173,28,13,82,6,-0.7153587234866207,7
3174,40,18,61,9,-0.7154895706830816,9
3175,9,25,58,12,-0.727007160370813,13
3176,5,41,95,20,-0.7316066534315533,21
3177,86,77,40,41,-0.7352757671814375,36
3178,55,11,78,5,-0.7363999336150034,6
3179,39,60,13,30,-0.7375803753367645,30
3180,15,24,25,11,-0.7394428200536295,13
3181,74,13,36,8,-0.743717573303844,5
3182,84,24,46,13,-0.7446057703540011,11
3183,71,20,3,10,-0.7446115406314829,10
3184,17,14,87,7,-0.750934140512457,7
3185,54,12,110,6,-0.7626333033805247,6
3186,104,15,33,7,-0.7704375614853106,8
3187,93,20,97,10,-0.7717644600090567,10
3188,99,22,87,12,-0.7762165713325071,10
3189,34,17,9,9,-0.77910514985876,8
3190,88,36,84,20,-0.7832858549676565,16
3191,104,18,4,8,-0.7872554057904768,10
3192,46,28,87,13,-0.7941915016238148,15
3193,88,22,2,11,-0.7956469041111237,11
3194,13,64,41,32,-0.7981708572669713,32
3195,40,14,56,7,-0.8062835825274064,7
3196,50,31,84,15,-0.8064114901977935,16
3197,107,58,96,31,-0.8081270899904945,27
3198,19,15,28,8,-0.8170499543660473,7
3199,20,27,74,13,-0.8203305748765273,14
3200,18,57,7,28,-0.8231688841647117,29
3201,53,47,60,23,-0.823763280134303,24
3202,37,48,28,24,-0.8263140292594411,24
3203,94,11,27,6,-0.8264178477230424,5
3204,106,12,29,6,-0.8264692442725535,6
3205,46,16,2,8,-0.8285194662826783,8
3206,30,23,28,11,-0.840323990421683,12
3207,86,56,50,27,-0.8444740252545996,29
3208,50,11,62,6,-0.8451062062670082,5
3209,63,28,71,15,-0.8479499084443569,13
3210,102,13,39,7,-0.8492100400200481,6
3211,3,24,9,12,-0.852107753104684,12
3212,17,13,85,7,-0.859847797603718,6
3213,60,56,107,29,-0.8615352019186375,27
3214,114,10,10,6,-0.8617397018011254,4
3215,71,21,55,12,-0.8636848327030733,9
3216,49,27,7,12,-0.8744069756975955,15
3217,68,47,111,23,-0.87462883933747,24
3218,91,17,84,9,-0.8755346549877636,8
3219,57,21,37,11,-0.877816000827672,10
3220,4,21,77,11,-0.8810684428976734,10
3221,83,17,60,9,-0.8851626447494985,8
3222,88,76,8,39,-0.8933115574955759,37
3223,48,24,8,13,-0.8990865709573216,11
3224,74,17,68,10,-0.9001065237726515,7
3225,79,17,84,8,-0.9012801816556617,9
3226,68,41,64,23,-0.9029247023462396,18
3227,3,13,23,7,-0.9036934098771321,6
3228,75,35,36,16,-0.9076169876586756,19
3229,50,17,43,10,-0.911659904777202,7
3230,48,18,39,10,-0.9127145579388771,8
3231,11,12,114,7,-0.9147560322473871,5
3232,33,20,13,10,-0.9181205054603415,10
3233,114,27,75,14,-0.9181862737012573,13
3234,28,48,13,25,-0.919515616744544,23
3235,65,18,102,8,-0.9231577333764884,10
3236,86,17,33,8,-0.9246066959077452,9
3237,83,11,102,6,-0.9259324073609722,5
3238,39,38,9,18,-0.9320441987636049,20
3239,48,14,30,8,-0.9354845317821149,6
3240,108,10,7,6,-0.9385265901557558,4
3241,39,33,47,17,-0.9409236558902793,16
3242,114,13,112,6,-0.9421647262329372,7
3243,34,20,86,11,-0.9430547193197466,9
3244,53,23,63,12,-0.9461903574638926,11
3245,68,32,3,17,-0.9527649253755344,15
3246,5,14,14,8,-0.9561035605846475,6
3247,39,55,87,29,-0.9563895319312766,26
3248,103,11,106,5,-0.9583580547252434,6
3249,106,38,104,19,-0.9604760273979325,19
3250,51,26,30,14,-0.9638359516152128,12
3251,17,10,80,4,-0.963899909949846,6
3252,77,21,68,11,-0.966396804139982,10
3253,51,50,37,23,-0.9710667257210696,27
3254,87,16,14,9,-0.9719183858987275,7
3255,51,40,53,20,-0.9719493528973238,20
3256,17,26,114,15,-0.9721557918960135,11
3257,88,11,79,6,-0.973600472994728,5
3258,5,65,107,33,-0.9748363761521153,32
3259,17,24,49,14,-0.9759498596955529,10
3260,31,33,51,19,-0.9782499075201476,14
3261,17,29,50,16,-0.9785385252670543,13
3262,54,67,8,32,-0.9788096362147561,35
3263,51,53,87,27,-0.9813193495830127,26
3264,38,20,88,12,-0.9864828692912241,8
3265,100,14,64,8,-0.9873146869937529,6
3266,111,17,23,7,-0.9902411232186308,10
3267,30,13,9,7,-0.9935090532750581,6
3268,17,37,37,21,-0.9978108601802036,16
3269,7,39,114,21,-1.0047894280060643,18
3270,93,11,114,5,-1.0049906589581687,6
3271,75,43,13,23,-1.0053644322647692,20
3272,107,28,98,14,-1.0170960211152535,14
3273,13,65,86,32,-1.0195016735596916,33
3274,33,10,70,5,-1.0222975969230645,5
3275,39,17,19,8,-1.022725573441084,9
3276,44,20,63,11,-1.0233184771026504,9
3277,16,24,102,12,-1.0260354064972297,12
3278,87,41,11,19,-1.0271101816892427,22
3279,7,22,35,11,-1.02999883395421,11
3280,3,14,45,7,-1.0349134798027073,7
3281,20,29,114,15,-1.0369418237684724,14
3282,88,21,90,10,-1.0373159148886413,11
3283,69,19,114,11,-1.0427404151557151,8
3284,102,28,54,14,-1.047082814800161,14
3285,13,32,20,16,-1.0473604323868067,16
3286,40,37,16,20,-1.0479395774839417,17
3287,48,18,20,10,-1.0556464172960118,8
3288,87,35,18,19,-1.059533339757231,16
3289,109,30,104,15,-1.063865849600061,15
3290,20,43,8,22,-1.0648602565838075,21
3291,8,55,70,28,-1.0665028298167962,27
3292,66,12,106,7,-1.0707591278531368,5
3293,37,20,67,11,-1.0707700527635244,9
3294,9,48,68,25,-1.0746763617541837,23
3295,97,19,64,10,-1.0748997556854094,9
3296,74,13,40,7,-1.0901529369074696,6
3297,11,16,14,9,-1.0923565448715815,7
3298,33,16,54,9,-1.1000953180608284,7
3299,17,11,77,6,-1.1006600247668523,5
3300,106,39,70,19,-1.1024614638047292,20
3301,11,53,16,24,-1.1029332419268028,29
3302,2,18,96,9,-1.1039761816908782,9
3303,45,19,40,10,-1.1043531225931214,9
3304,47,12,91,6,-1.104710696366028,6
3305,55,13,73,7,-1.1082443575059588,6
3306,40,47,63,25,-1.1085655861732648,22
3307,65,85,7,41,-1.1151148094385757,44
3308,88,18,61,8,-1.1254133453483963,10
3309,114,13,33,6,-1.1286658148323805,7
3310,31,26,3,12,-1.1304098830558946,14
3311,106,26,36,13,-1.1307287364062808,13
3312,16,47,23,25,-1.1335884234619735,22
3313,71,73,60,38,-1.1360670304013198,35
3314,84,26,109,14,-1.1610711079523313,12
3315,27,16,47,9,-1.1658557312566071,7
3316,74,14,12,7,-1.1676100167547812,7
3317,54,30,84,16,-1.1752338053025533,14
3318,49,42,88,22,-1.178560438139783,20
3319,43,17,69,9,-1.1823687630105748,8
3320,109,25,25,13,-1.1927554377225942,12
3321,74,51,16,27,-1.1989524884769094,24
3322,7,44,63,26,-1.2086828652803665,18
3323,97,33,25,17,-1.2112097532933461,16
3324,88,42,64,23,-1.2118692904336803,19
3325,74,11,98,6,-1.2137114800422124,5
3326,9,26,71,14,-1.2262156519313807,12
3327,60,11,19,5,-1.230943357174749,6
3328,95,16,63,8,-1.233969730193377,8
3329,31,25,71,13,-1.2380158081615502,12
3330,4,30,107,15,-1.2387516471106224,15
3331,43,12,104,7,-1.2430962980218272,5
3332,15,16,114,8,-1.2433363941042066,8
3333,68,15,85,9,-1.244925118447266,6
3334,71,10,1,6,-1.2456643982922142,4
3335,89,10,65,5,-1.2467666872041385,5
3336,48,11,23,6,-1.24848877392944,5
3337,16,30,109,15,-1.2499451161124762,15
3338,58,12,51,6,-1.250645738107039,6
3339,33,22,16,13,-1.2507199492720238,9
3340,63,45,68,23,-1.2529349748796315,22
3341,99,26,55,14,-1.260544955494955,12
3342,14,15,107,7,-1.262180496300674,8
3343,65,27,50,14,-1.2644687002361992,13
3344,51,30,50,15,-1.277023353905357,15
3345,109,20,97,10,-1.2834069052578214,10
3346,74,22,2,12,-1.2925512141562505,10
3347,60,43,65,25,-1.2925574145160876,18
3348,88,57,87,27,-1.297249266486386,30
3349,13,44,5,23,-1.3023509853743016,21
3350,102,11,70,4,-1.3043211125718082,7
3351,108,12,37,6,-1.3047215727540855,6
3352,51,12,32,6,-1.314434714983353,6
3353,8,16,10,9,-1.3145513780375313,7
3354,55,17,3,9,-1.3172267439478242,8
3355,80,18,74,9,-1.3199661328668575,9
3356,80,30,16,16,-1.3220466579095416,14
3357,109,25,60,13,-1.3235251021634893,12
3358,65,13,61,6,-1.3279652478825155,7
3359,37,66,8,34,-1.3357403383797612,32
3360,7,48,71,23,-1.3388864417450879,25
3361,65,87,54,46,-1.342980567229587,41
3362,90,17,84,9,-1.3434141546201466,8
3363,88,37,97,19,-1.3490743629309028,18
3364,70,39,107,19,-1.3599998705907195,20
3365,30,26,25,12,-1.3633847180345777,14
3366,23,13,27,6,-1.3665703255989474,7
3367,76,11,90,5,-1.371109786983603,6
3368,48,10,75,5,-1.3711471542080287,5
3369,69,11,6,5,-1.3727715082405267,6
3370,41,30,106,15,-1.3806292559177735,15
3371,7,31,95,17,-1.3809406634768695,14
3372,11,41,50,22,-1.3816262941644981,19
3373,29,11,36,5,-1.3837445576600587,6
3374,37,13,43,6,-1.39155356085389,7
3375,16,25,44,12,-1.3924747988210244,13
3376,98,12,19,5,-1.3932803968956486,7
3377,83,15,7,9,-1.3943529604549403,6
3378,9,13,91,7,-1.3946381880594534,6
3379,56,10,16,6,-1.398489957964547,4
3380,44,12,75,7,-1.3998373775330364,5
3381,15,15,19,8,-1.4005013555537056,7
3382,95,17,70,8,-1.4011695857654913,9
3383,11,15,102,9,-1.4114820984859553,6
3384,40,16,12,8,-1.412082266616442,8
3385,60,22,15,12,-1.4197687048169967,10
3386,45,35,36,16,-1.4232731245081227,19
3387,20,79,86,42,-1.4238599400868475,37
3388,87,20,43,10,-1.427338225046271,10
3389,41,70,65,39,-1.4285809086277088,31
3390,107,48,41,27,-1.4315677718498419,21
3391,25,28,50,14,-1.4391705454909016,14
3392,97,21,20,10,-1.4395279608818727,11
3393,70,20,39,11,-1.442415337141408,9
3394,30,14,38,6,-1.4430439721156856,8
3395,63,55,106,28,-1.4485566818099482,27
3396,112,26,65,14,-1.4492385397571008,12
3397,55,30,53,16,-1.4538038424746405,14
3398,13,25,11,13,-1.4555242943364795,12
3399,89,16,50,9,-1.4560158637801313,7
3400,38,16,8,8,-1.4562520429495762,8
3401,83,23,25,13,-1.459720188055496,10
3402,55,64,86,34,-1.4599929257917068,30
3403,47,21,31,11,-1.4606130980712662,10
3404,68,61,65,32,-1.4611429296521323,29
3405,10,16,84,8,-1.4653276140138924,8
3406,23,16,112,9,-1.4656028868993891,7
3407,40,13,57,7,-1.4659794198664808,6
3408,2,32,86,16,-1.4682447143488924,16
3409,32,17,11,8,-1.4729852723414758,9
3410,63,15,73,7,-1.4760785674332912,8
3411,13,15,61,7,-1.4797550252097438,8
3412,54,51,87,28,-1.4805638305796713,23
3413,13,59,4,32,-1.4911690163054772,27
3414,112,13,17,7,-1.4911982516586844,6
3415,57,28,86,16,-1.494947720593259,12
3416,108,17,50,8,-1.5013768012598367,9
3417,5,63,28,32,-1.5122016375527894,31
3418,55,12,46,7,-1.514859018089955,5
3419,28,39,39,20,-1.5153571896545759,19
3420,8,12,43,6,-1.5194230889621378,6
3421,16,39,57,20,-1.520475985317875,19
3422,37,14,35,7,-1.523131742310598,7
3423,88,34,1,17,-1.5234508852206479,17
3424,27,12,55,6,-1.525741771773817,6
3425,53,13,29,8,-1.5317670028644754,5
3426,46,32,107,16,-1.5343792707290005,16
3427,45,23,13,12,-1.5362814776486233,11
3428,112,22,107,12,-1.5365255025501958,10
3429,46,25,97,13,-1.53794225986029,12
3430,60,52,51,30,-1.5379585605411297,22
3431,68,25,30,12,-1.5403579506676015,13
3432,74,61,107,33,-1.5445233108407423,28
3433,43,12,57,8,-1.547683226037978,4
3434,74,26,11,14,-1.5483769164487973,12
3435,111,27,16,15,-1.5488999004290869,12
3436,14,15,106,7,-1.552388543907857,8
3437,83,23,104,13,-1.5563880557352991,10
3438,30,50,86,25,-1.5573237823378576,25
3439,100,12,97,6,-1.5601199386945845,6
3440,111,14,9,7,-1.5621342613374538,7
3441,43,12,58,6,-1.565331234676389,6
3442,86,100,106,52,-1.5692663469089445,48
3443,88,58,40,31,-1.5715316879527899,27
3444,46,25,60,13,-1.5735893742532685,12
3445,86,57,109,30,-1.577851437379931,27
3446,90,22,55,10,-1.578656952498874,12
3447,86,28,85,15,-1.581828832446796,13
3448,25,15,2,7,-1.5845186001024019,8
3449,90,10,64,5,-1.5921132093044663,5
3450,3,40,86,22,-1.5930830469834558,18
3451,30,18,99,10,-1.5949338139614573,8
3452,35,12,30,6,-1.603184870407585,6
3453,43,13,70,7,-1.6071210379776915,6
3454,51,15,29,8,-1.6168777380555197,7
3455,114,41,16,23,-1.6232837485706122,18
3456,9,20,112,10,-1.6257132685716436,10
3457,107,15,79,9,-1.6267301484362864,6
3458,96,19,39,11,-1.6315253594413601,8
3459,41,78,7,40,-1.6316845641232842,38
3460,80,12,38,7,-1.640066144596355,5
3461,39,10,69,5,-1.6443957977700934,5
3462,68,23,36,12,-1.6511686348202665,11
3463,17,32,107,17,-1.6568754180103662,15
3464,48,19,106,10,-1.6634533717988316,9
3465,109,13,43,7,-1.6656590774438986,6
3466,28,49,87,25,-1.6675925043761979,24
3467,68,67,51,33,-1.670969585804912,34
3468,31,28,45,15,-1.6710870406691087,13
3469,51,44,17,22,-1.6728455376724487,22
3470,69,18,50,8,-1.6863624004387787,10
3471,106,34,68,18,-1.6879506890966793,16
3472,46,23,9,13,-1.6945658865661515,10
3473,40,74,7,41,-1.6955910385318649,33
3474,23,25,51,13,-1.6961813528047356,12
3475,23,15,36,6,-1.6972875274185715,9
3476,102,16,20,8,-1.6989391239814924,8
3477,37,10,48,5,-1.703593750319215,5
3478,72,10,107,5,-1.705354365459133,5
3479,65,92,63,48,-1.7056906918768673,44
3480,7,40,54,21,-1.7088310244062668,19
3481,86,42,9,23,-1.7117622661778302,19
3482,40,46,9,25,-1.7148595920822798,21
3483,45,19,16,11,-1.7223541453976996,8
3484,45,15,63,8,-1.7260545689947928,7
3485,50,11,83,5,-1.7272952536822093,6
3486,107,31,1,16,-1.7274304042355133,15
3487,12,13,50,5,-1.7279667161947843,8
3488,20,14,93,8,-1.728558212953566,6
3489,11,14,60,7,-1.729783938603551,7
3490,75,19,70,9,-1.7314858975507368,10
3491,5,51,46,28,-1.7323776092910628,23
3492,106,19,48,10,-1.7335189393534853,9
3493,88,37,36,21,-1.7392851936744331,16
3494,23,26,8,13,-1.7400762718841147,13
3495,6,11,18,6,-1.7414584600944745,5
3496,36,33,60,17,-1.7416473627060742,16
3497,65,10,94,5,-1.7492821680796196,5
3498,107,38,97,19,-1.7507246476170446,19
3499,68,31,4,16,-1.7510661926181545,15
3500,70,26,84,14,-1.7530345342228948,12
3501,20,13,15,7,-1.7590701497423389,6
3502,110,11,88,5,-1.7642228121429868,6
3503,76,21,109,10,-1.7708841969163658,11
3504,16,62,104,33,-1.7780277088526335,29
3505,84,13,102,7,-1.7793224025292758,6
3506,102,24,16,13,-1.7801591114112068,11
3507,90,25,37,13,-1.7816453937181784,12
3508,78,13,28,6,-1.78475450332544,7
3509,43,15,27,7,-1.8001576129442598,8
3510,28,65,8,35,-1.8060421386611965,30
3511,25,22,36,11,-1.8071440138268584,11
3512,111,18,40,9,-1.8104998545748818,9
3513,28,18,79,10,-1.8130893193426156,8
3514,78,21,68,11,-1.8176101319243592,10
3515,109,11,71,6,-1.819641782820222,5
3516,99,13,102,7,-1.8212893413036864,6
3517,114,13,44,7,-1.8263733365516708,6
3518,3,11,106,6,-1.8270221877820196,5
3519,13,29,74,15,-1.8278354237299068,14
3520,49,20,54,10,-1.8291542659227744,10
3521,3,30,39,15,-1.830220006872886,15
3522,96,38,84,19,-1.835648682700679,19
3523,17,30,13,16,-1.848338276876224,14
3524,97,22,53,12,-1.8492466822191078,10
3525,106,61,87,31,-1.8566326197242504,30
3526,13,25,38,12,-1.856740998480051,13
3527,5,95,37,49,-1.865428870342572,46
3528,54,26,17,13,-1.867393134138254,13
3529,68,48,107,26,-1.873122748974768,22
3530,78,22,13,12,-1.8786124583649098,10
3531,79,14,8,6,-1.8787453444383126,8
3532,68,40,27,22,-1.8804967014192888,18
3533,8,41,2,21,-1.8848654476169693,20
3534,64,23,25,12,-1.8857238852847689,11
3535,106,35,20,19,-1.890590591428699,16
3536,51,25,108,13,-1.9002486171144384,12
3537,65,29,43,14,-1.9015147557652619,15
3538,88,13,14,7,-1.902096229341472,6
3539,88,61,46,31,-1.9022171114408328,30
3540,17,11,110,6,-1.9155371371930654,5
3541,106,32,97,16,-1.9159665785715099,16
3542,76,11,99,5,-1.9173589523208336,6
3543,41,21,70,10,-1.9198471114809519,11
3544,64,43,53,23,-1.9214578200473016,20
3545,28,25,80,13,-1.9225523112040797,12
3546,18,21,114,11,-1.923577249757447,10
3547,86,56,114,29,-1.9239569797033842,27
3548,12,38,65,19,-1.9245614546210972,19
3549,40,19,70,11,-1.9276789997691202,8
3550,84,38,87,20,-1.9318820493391857,18
3551,97,14,23,7,-1.9330528734436563,7
3552,114,29,102,16,-1.9340899786626797,13
3553,107,29,108,15,-1.9359475071214494,14
3554,98,10,32,5,-1.9380052263831622,5
3555,104,13,110,8,-1.9388474450810558,5
3556,31,14,23,8,-1.9392936999416424,6
3557,55,20,25,11,-1.9429576796619947,9
3558,64,34,36,17,-1.9485056781764598,17
3559,71,12,78,6,-1.9545808326383198,6
3560,35,11,50,6,-1.9581460146246743,5
3561,16,61,60,32,-1.971501070960475,29
3562,76,18,41,8,-1.972404836446448,10
3563,15,15,64,7,-1.974538086287131,8
3564,53,28,95,17,-1.9769373995573178,11
3565,76,46,106,22,-1.9803869538705086,24
3566,25,38,28,22,-1.983389891159918,16
3567,4,19,53,10,-1.987694792892672,9
3568,86,55,70,30,-1.99170528882216,25
3569,50,38,13,20,-1.9937674166002943,18
3570,112,15,104,8,-1.9939359727925703,7
3571,7,24,69,12,-1.9945381002011557,12
3572,28,87,16,47,-2.0038366917622867,40
3573,97,22,83,10,-2.007636873207568,12
3574,15,11,100,7,-2.0182263998292624,4
3575,90,36,8,20,-2.01946478207178,16
3576,87,30,75,16,-2.024772500508876,14
3577,13,11,32,6,-2.026181507027533,5
3578,114,14,91,7,-2.031242634143396,7
3579,79,11,55,6,-2.0315889229013417,5
3580,63,12,58,5,-2.0345686518653676,7
3581,88,14,89,7,-2.035463499061412,7
3582,74,19,100,10,-2.0359479445815105,9
3583,39,21,12,11,-2.0360468271825893,10
3584,108,20,86,9,-2.0383331764650157,11
3585,60,24,90,14,-2.039727571926182,10
3586,51,34,18,17,-2.042743355152735,17
3587,51,63,40,33,-2.0429256811029024,30
3588,39,31,64,17,-2.0431697239809092,14
3589,88,21,93,12,-2.047097578055207,9
3590,11,32,39,17,-2.0483405528854366,15
3591,80,31,65,16,-2.05091984654234,15
3592,90,45,86,25,-2.0574221764428238,20
3593,63,10,82,5,-2.0779758612966877,5
3594,65,55,28,30,-2.0838082258755577,25
3595,65,47,74,24,-2.0847963525870905,23
3596,91,12,17,7,-2.0932516032559643,5
3597,8,22,97,11,-2.094799206270941,11
3598,55,34,83,17,-2.0962093979720193,17
3599,3,10,77,6,-2.1078393954054353,4
3600,33,12,74,6,-2.113811361821,6
3601,64,20,1,10,-2.116432620959366,10
3602,37,38,65,19,-2.116557677432621,19
3603,70,11,53,6,-2.117480208536356,5
3604,69,13,94,7,-2.1206512773898547,6
3605,84,26,37,14,-2.1240499046478805,12
3606,43,16,35,8,-2.1256405181906706,8
3607,13,53,49,27,-2.134402292657327,26
3608,74,14,88,9,-2.16536396125082,5
3609,84,31,16,16,-2.1667249344371378,15
3610,54,75,86,39,-2.1689438842347455,36
3611,39,11,33,6,-2.1701558874520313,5
3612,93,16,84,8,-2.173203038685071,8
3613,70,26,63,14,-2.1813121472430432,12
3614,74,64,8,36,-2.1866220406514896,28
3615,54,10,31,5,-2.1866689261471493,5
3616,39,20,62,10,-2.1906158630571055,10
3617,96,50,5,28,-2.21142719225076,22
3618,55,84,8,42,-2.212352121108186,42
3619,8,11,112,5,-2.214468435350456,6
3620,99,13,98,6,-2.22125816779338,7
3621,33,11,88,5,-2.224220943421554,6
3622,16,18,34,10,-2.225189084516704,8
3623,25,16,90,9,-2.226157693683706,7
3624,74,27,20,15,-2.230377352624161,12
3625,70,25,68,13,-2.2334926025833965,12
3626,104,35,87,17,-2.2393020839894078,18
3627,11,18,7,10,-2.23932059026862,8
3628,27,10,70,5,-2.243263258457554,5
3629,4,38,88,20,-2.24592170041755,18
3630,65,88,13,48,-2.2487937244898935,40
3631,54,14,41,7,-2.2511014360561394,7
3632,20,13,69,7,-2.2532252345201647,6
3633,25,30,95,16,-2.25397314365567,14
3634,88,45,106,26,-2.2639858690375605,19
3635,7,12,85,7,-2.267272935114745,5
3636,96,66,28,35,-2.2674069446039327,31
3637,31,10,61,5,-2.2696136748473594,5
3638,71,16,80,8,-2.2753923838048147,8
3639,35,20,88,10,-2.2787018333731495,10
3640,114,38,63,23,-2.2836807270192585,15
3641,74,46,37,24,-2.2838690954080456,22
3642,4,13,106,6,-2.287883468044352,7
3643,45,18,114,10,-2.292094813707231,8
3644,5,24,100,13,-2.2932427434044693,11
3645,65,33,97,18,-2.294354223312199,15
3646,109,16,68,10,-2.29851232062389,6
3647,32,21,86,11,-2.2989864902239,10
3648,109,13,23,7,-2.3017906431791286,6
3649,102,22,109,12,-2.303194855526112,10
3650,50,12,58,6,-2.303376752943112,6
3651,48,17,109,9,-2.3066244801907967,8
3652,91,32,88,17,-2.315767764685103,15
3653,60,26,3,14,-2.3182866914035363,12
3654,102,21,104,10,-2.320627297470276,11
3655,64,23,50,12,-2.3285304422785043,11
3656,5,51,109,26,-2.3285813949081646,25
3657,29,20,16,10,-2.329592750683846,10
3658,53,28,25,14,-2.3301510854690832,14
3659,63,22,46,10,-2.3313756374008836,12
3660,13,84,68,46,-2.3316015540193082,38
3661,86,16,29,9,-2.3399676619619454,7
3662,50,13,6,7,-2.341492332331065,6
3663,13,87,16,48,-2.341973289750742,39
3664,107,71,51,41,-2.344014195106717,30
3665,37,58,107,31,-2.3520883092822156,27
3666,31,36,4,21,-2.3535355966794675,15
3667,49,48,39,27,-2.353804446492822,21
3668,109,14,96,8,-2.3566759619593642,6
3669,5,23,99,12,-2.3616219022642833,11
3670,39,46,63,28,-2.3626947638130464,18
3671,70,19,7,12,-2.364945757295021,7
3672,50,24,40,14,-2.3671440474550494,10
3673,112,19,50,11,-2.3689643473531765,8
3674,96,55,8,30,-2.3714393570924233,25
3675,68,106,7,57,-2.372479004873661,49
3676,107,40,71,23,-2.3760609676092477,17
3677,17,23,8,12,-2.380809098241683,11
3678,56,13,75,8,-2.3840139649043506,5
3679,28,54,88,30,-2.3841654810723805,24
3680,104,25,96,14,-2.3866419839158355,11
3681,71,21,4,13,-2.3871750117365993,8
3682,95,40,104,22,-2.389034218387607,18
3683,8,12,111,6,-2.390343846489093,6
3684,87,22,83,11,-2.3903571419434884,11
3685,63,17,17,9,-2.392516388601692,8
3686,87,22,29,13,-2.3927220644385314,9
3687,28,38,46,22,-2.3990178798165633,16
3688,8,10,56,6,-2.4000860547179794,4
3689,60,20,78,10,-2.402430835134886,10
3690,80,26,20,14,-2.4033351571638573,12
3691,69,18,9,10,-2.4050002453980612,8
3692,38,21,68,12,-2.407021082950757,9
3693,51,24,47,12,-2.4094573680997575,12
3694,93,33,8,17,-2.4111455321691304,16
3695,92,11,65,6,-2.411285975254871,5
3696,39,35,71,19,-2.4158892555534424,16
3697,54,17,94,9,-2.418369665890047,8
3698,25,46,107,24,-2.4187485647838773,22
3699,99,11,109,6,-2.419517402501058,5
3700,1,22,60,12,-2.4237761384069962,10
3701,112,10,94,5,-2.4238269159246055,5
3702,17,18,34,10,-2.4265857697933275,8
3703,75,20,91,7,-2.4323694332612673,13
3704,51,19,14,12,-2.4338441230915153,7
3705,64,37,107,19,-2.435414553814307,18
3706,106,39,55,22,-2.4381392466666045,17
3707,86,18,12,10,-2.4382543520920796,8
3708,88,31,96,16,-2.4406464912019885,15
3709,50,10,32,4,-2.4440541907162716,6
3710,3,20,28,11,-2.459553189839291,9
3711,27,10,54,5,-2.463869496934477,5
3712,69,17,74,8,-2.466497282082454,9
3713,74,40,87,22,-2.4671563114027464,18
3714,81,17,4,10,-2.467812477706327,7
3715,9,61,7,31,-2.4756046461152823,30
3716,39,30,95,16,-2.481130681096556,14
3717,111,11,18,6,-2.489910872635885,5
3718,3,20,65,11,-2.4971368500383213,9
3719,109,18,37,10,-2.5010134043415313,8
3720,51,70,88,34,-2.5063635186764337,36
3721,96,37,106,21,-2.5084238105055885,16
3722,107,30,34,17,-2.5096553899166283,13
3723,28,98,86,54,-2.509853723281828,44
3724,55,43,75,25,-2.5125301308500276,18
3725,36,15,12,8,-2.5163199425137495,7
3726,54,34,80,17,-2.5244394841569355,17
3727,50,32,39,17,-2.524569549657206,15
3728,4,18,39,10,-2.5267698999647226,8
3729,51,45,8,24,-2.5271962911390995,21
3730,9,33,36,18,-2.527924078037467,15
3731,64,27,87,14,-2.5304532187422577,13
3732,95,20,20,11,-2.5325274069422727,9
3733,60,50,39,26,-2.5355246842136108,24
3734,60,11,111,7,-2.535604443502029,4
3735,11,35,63,21,-2.539597707853179,14
3736,16,13,52,7,-2.542332195506543,6
3737,38,20,64,11,-2.5449420802693488,9
3738,36,74,7,40,-2.54935875079736,34
3739,1,19,73,11,-2.5534291003907295,8
3740,83,16,51,10,-2.556300922595479,6
3741,63,10,83,4,-2.557624644664858,6
3742,51,43,28,22,-2.5635290356109595,21
3743,87,13,92,7,-2.5651869545632544,6
3744,107,50,50,26,-2.5656690703128167,24
3745,3,13,69,8,-2.5732249505733895,5
3746,107,21,94,13,-2.5762275157795087,8
3747,71,14,69,7,-2.582352607553779,7
3748,7,50,104,27,-2.5854072339864174,23
3749,62,21,87,11,-2.586304566496697,10
3750,87,25,71,13,-2.590103521421834,12
3751,109,10,1,5,-2.592960677140225,5
3752,31,23,39,13,-2.5934090452929364,10
3753,27,19,40,8,-2.5947052105553348,11
3754,91,23,36,13,-2.600483205457647,10
3755,107,25,85,13,-2.601380149286501,12
3756,90,37,107,19,-2.6015860655240464,18
3757,1,29,40,16,-2.608102727316189,13
3758,86,20,93,11,-2.6126285193850958,9
3759,40,16,11,9,-2.612795985816362,7
3760,2,13,76,8,-2.6134640032331116,5
3761,64,28,75,15,-2.614396425436705,13
3762,107,21,29,13,-2.6150940750243037,8
3763,41,12,11,8,-2.6159479780993316,4
3764,20,26,11,15,-2.6225934054521076,11
3765,86,36,91,19,-2.627461430980282,17
3766,84,17,13,10,-2.627956202763828,7
3767,11,10,15,5,-2.630075529152564,5
3768,39,30,17,17,-2.63473827504273,13
3769,114,28,54,14,-2.6355280322257006,14
3770,106,10,10,7,-2.639964127087713,3
3771,72,15,54,8,-2.641293556986857,7
3772,95,14,33,8,-2.6415453896084555,6
3773,5,60,16,35,-2.643518445682432,25
3774,37,21,30,12,-2.6448172779185537,9
3775,86,43,23,23,-2.6484576158238538,20
3776,8,24,30,13,-2.6514132136935475,11
3777,65,48,53,25,-2.6519126498591334,23
3778,36,13,57,8,-2.653116090105381,5
3779,88,29,92,16,-2.65412565592523,13
3780,91,13,74,7,-2.658254293210725,6
3781,76,10,47,3,-2.6595736051653853,7
3782,27,49,7,26,-2.6647214457148434,23
3783,74,25,114,13,-2.666972342657448,12
3784,75,18,95,10,-2.672802736686619,8
3785,44,17,25,9,-2.673535476281759,8
3786,5,25,39,13,-2.6791322172692884,12
3787,17,17,90,8,-2.680753861205159,9
3788,35,11,13,6,-2.684594978225239,5
3789,71,40,65,23,-2.6867803351656674,17
3790,88,40,11,22,-2.6877923972728404,18
3791,18,14,12,8,-2.7036570911929836,6
3792,70,16,49,8,-2.7131214221068403,8
3793,80,11,95,6,-2.7197438471090796,5
3794,28,50,11,26,-2.7199624016130106,24
3795,70,31,104,17,-2.7208109249750048,14
3796,88,53,55,31,-2.721264805593774,22
3797,34,12,75,6,-2.7327928404854562,6
3798,106,50,65,27,-2.735321183024918,23
3799,63,12,99,6,-2.7377253409939377,6
3800,104,22,97,11,-2.7396377781056187,11
3801,112,23,63,12,-2.74696539057072,11
3802,63,17,78,8,-2.7493489255748647,9
3803,19,12,38,8,-2.7513058656159664,4
3804,60,31,18,17,-2.759241709022921,14
3805,8,79,86,40,-2.762520741926732,39
3806,77,17,5,9,-2.7658375671945885,8
3807,40,11,38,5,-2.771552043064858,6
3808,10,11,5,5,-2.7716738654503192,6
3809,11,50,8,28,-2.78289927873935,22
3810,91,31,28,17,-2.78581966806185,14
3811,97,15,9,7,-2.7891659901703596,8
3812,36,13,100,7,-2.7923934619121096,6
3813,1,26,7,14,-2.793205495238504,12
3814,114,25,4,13,-2.7973762559419417,12
3815,109,20,50,11,-2.798084616202662,9
3816,54,14,29,7,-2.799406704814975,7
3817,112,14,106,7,-2.805082024542768,7
3818,41,15,99,8,-2.808167291861728,7
3819,36,32,1,16,-2.8095303452930684,16
3820,48,17,65,10,-2.813018636762518,7
3821,98,12,39,7,-2.813957257779375,5
3822,47,13,64,8,-2.821240379057225,5
3823,71,13,18,7,-2.821320109059578,6
3824,38,21,16,13,-2.8217292489636367,8
3825,109,14,40,8,-2.8243745319718685,6
3826,81,23,53,13,-2.832269045840244,10
3827,74,33,104,19,-2.832959821636547,14
3828,65,18,77,9,-2.836180648453273,9
3829,58,14,16,8,-2.8389435880706166,6
3830,60,12,89,6,-2.8396731138810423,6
3831,23,19,95,10,-2.8404436396815522,9
3832,104,13,23,8,-2.8445076862849517,5
3833,44,13,28,6,-2.846139863099275,7
3834,33,13,97,7,-2.8486496222061595,6
3835,18,20,74,10,-2.8496142222224696,10
3836,17,27,7,15,-2.85132939083683,12
3837,57,17,68,9,-2.8518699569408628,8
3838,96,16,73,9,-2.853430398009382,7
3839,99,18,51,9,-2.8534777973740635,9
3840,104,35,39,19,-2.8536678809946237,16
3841,17,11,99,6,-2.8559138463200195,5
3842,65,25,15,14,-2.862354953283159,11
3843,20,42,87,22,-2.869120615934056,20
3844,69,21,87,12,-2.8736651185365396,9
3845,75,21,27,11,-2.8742147115996155,10
3846,60,23,63,13,-2.8746236800640066,10
3847,51,25,57,13,-2.877334539088243,12
3848,16,13,85,8,-2.8813506371354958,5
3849,65,11,85,6,-2.8887980695165383,5
3850,74,24,75,14,-2.8903655619324415,10
3851,84,20,9,11,-2.891724480498797,9
3852,19,12,112,7,-2.8952293935903284,5
3853,55,71,13,38,-2.895942627228282,33
3854,70,10,44,5,-2.8975248911261424,5
3855,112,10,45,6,-2.897726145007349,4
3856,108,13,71,7,-2.8992906212622866,6
3857,109,51,28,29,-2.9004083862878964,22
3858,37,19,91,10,-2.9050960547005253,9
3859,79,15,7,8,-2.9111710091731053,7
3860,108,12,25,7,-2.9132670669268257,5
3861,19,18,68,9,-2.9133137318206006,9
3862,106,19,102,9,-2.9207255392565092,10
3863,86,82,74,43,-2.9212877807151494,39
3864,63,31,9,17,-2.9234885327226117,14
3865,100,24,8,14,-2.9246971191484055,10
3866,3,15,61,7,-2.93476140357165,8
3867,87,20,36,12,-2.9355732508976633,8
3868,41,46,51,25,-2.9363641975371872,21
3869,76,17,30,10,-2.9372015853586078,7
3870,40,32,41,17,-2.946728808508273,15
3871,65,20,18,10,-2.9468351166959508,10
3872,38,31,86,17,-2.9478210267751135,14
3873,8,16,80,8,-2.9519293865537106,8
3874,46,23,114,13,-2.9631435316072414,10
3875,57,18,25,10,-2.964934950553877,8
3876,53,11,47,6,-2.967218161853792,5
3877,37,21,2,11,-2.96975801126945,10
3878,4,32,36,19,-2.9739066740354194,13
3879,106,36,84,18,-2.9754739608250116,18
3880,51,12,6,6,-2.980948961210987,6
3881,7,25,100,14,-2.9877637593718043,11
3882,60,17,38,10,-2.989624968675235,7
3883,18,10,27,5,-2.996654278290003,5
3884,86,35,100,17,-2.9989096814479628,18
3885,69,11,4,6,-2.9994841766617175,5
3886,34,14,96,8,-3.001763014782562,6
3887,20,37,88,19,-3.003632967463921,18
3888,37,47,20,25,-3.0049852144749636,22
3889,29,16,7,7,-3.0054928601317066,9
3890,7,27,6,12,-3.013941061604383,15
3891,99,12,27,6,-3.0280763102634345,6
3892,49,16,65,9,-3.0342561495428084,7
3893,3,10,62,6,-3.0368788868426506,4
3894,65,39,25,23,-3.0368934823131157,16
3895,87,20,27,11,-3.0371137450576833,9
3896,96,13,38,7,-3.0422152322461713,6
3897,79,14,63,8,-3.058560696950154,6
3898,86,42,71,22,-3.0606693617391714,20
3899,55,14,48,8,-3.0636269177668387,6
3900,25,18,71,10,-3.0644100067848146,8
3901,114,40,60,18,-3.0670908685799043,22
3902,55,22,20,12,-3.0673393388469985,10
3903,25,30,75,17,-3.069551733540898,13
3904,41,11,74,5,-3.0735662157516845,6
3905,87,14,45,8,-3.086220297325659,6
3906,86,31,49,16,-3.0977725602373374,15
3907,91,10,64,6,-3.0993479020870796,4
3908,68,14,99,8,-3.100103615084465,6
3909,27,13,74,6,-3.1002755903304386,7
3910,60,15,92,9,-3.101629065738581,6
3911,106,25,109,13,-3.1028448270841773,12
3912,86,91,63,53,-3.106277287763664,38
3913,4,24,50,12,-3.1105592371369597,12
3914,17,25,25,14,-3.1106502600539105,11
3915,80,11,36,6,-3.1158574211756616,5
3916,88,61,60,35,-3.1160238698452347,26
3917,43,11,112,6,-3.1359235341148506,5
3918,23,23,75,11,-3.148733601092015,12
3919,84,85,86,44,-3.15758944772919,41
3920,82,21,86,12,-3.1586560919846263,9
3921,1,36,68,20,-3.1610454054119046,16
3922,62,17,13,9,-3.161295276739798,8
3923,74,14,90,9,-3.168061351028922,5
3924,51,48,54,26,-3.1685476843403935,22
3925,86,16,110,9,-3.1694821197260485,7
3926,60,25,106,15,-3.171261503808182,10
3927,7,32,43,19,-3.1749602918386843,13
3928,65,25,83,13,-3.1850517665827933,12
3929,48,21,11,12,-3.1860024351672225,9
3930,50,54,37,28,-3.1883352760136074,26
3931,5,61,88,32,-3.1946532218196624,29
3932,81,14,68,8,-3.1985312995714845,6
3933,5,49,55,27,-3.198953177181802,22
3934,39,41,36,23,-3.1998605067578225,18
3935,76,12,44,7,-3.2019945343572456,5
3936,17,28,106,17,-3.2039846830051117,11
3937,60,15,84,10,-3.2064037329190676,5
3938,31,47,60,23,-3.2094707274879264,24
3939,97,19,50,11,-3.210625734622642,8
3940,94,13,114,6,-3.211141820323351,7
3941,74,16,17,9,-3.21177055102783,7
3942,23,19,64,10,-3.2123729115980186,9
3943,100,11,9,7,-3.213107615631007,4
3944,28,39,55,23,-3.2184704312839756,16
3945,63,29,97,16,-3.219195053710692,13
3946,7,55,23,30,-3.222928305376168,25
3947,16,21,4,10,-3.223993814900797,11
3948,35,18,16,11,-3.2305329948687067,7
3949,87,21,2,12,-3.2308938185741103,9
3950,97,10,56,5,-3.2314262120369195,5
3951,36,49,107,26,-3.234838704648262,23
3952,8,73,16,41,-3.235146261191491,32
3953,60,25,99,14,-3.238194459102709,11
3954,8,18,68,10,-3.2434866605613224,8
3955,27,11,28,7,-3.2491657307621873,4
3956,16,45,41,23,-3.2495789716339614,22
3957,6,15,68,9,-3.251551578791195,6
3958,25,47,114,27,-3.2540864225169766,20
3959,95,14,84,8,-3.2568961944145873,6
3960,74,24,7,15,-3.257493143792889,9
3961,95,14,76,8,-3.257651508839797,6
3962,54,56,28,31,-3.262278028179984,25
3963,7,114,13,62,-3.264302615697635,52
3964,13,23,100,13,-3.2681740195772764,10
3965,102,12,13,8,-3.269263582511039,4
3966,93,14,70,8,-3.2714518634318708,6
3967,67,13,114,7,-3.274670651234843,6
3968,86,49,60,27,-3.2754717222931737,22
3969,47,22,107,12,-3.281473065538478,10
3970,51,86,13,45,-3.2899576779578994,41
3971,41,22,57,13,-3.299539223302888,9
3972,5,60,104,32,-3.3007473735225057,28
3973,107,47,11,26,-3.3014476914266497,21
3974,48,29,28,16,-3.3030143286202387,13
3975,15,12,28,6,-3.307663426492388,6
3976,66,11,86,6,-3.309294151623436,5
3977,72,22,13,11,-3.3113518302442655,11
3978,75,31,60,17,-3.313915862803686,14
3979,84,16,97,10,-3.316428205809935,6
3980,30,18,49,10,-3.318164342935083,8
3981,17,26,28,14,-3.328116205795543,12
3982,50,19,41,11,-3.331657114556132,8
3983,109,12,69,7,-3.3344685187765157,5
3984,76,13,71,6,-3.3359186512389036,7
3985,5,13,68,7,-3.3380294056441127,6
3986,98,20,54,11,-3.3414082574983,9
3987,33,13,75,8,-3.342736023465549,5
3988,70,47,16,27,-3.3445553948476245,20
3989,91,15,40,8,-3.345577169162442,7
3990,20,10,83,5,-3.347889825164404,5
3991,107,15,14,9,-3.3479962116917545,6
3992,70,30,88,17,-3.3524090493184286,13
3993,3,12,54,6,-3.3552278990212483,6
3994,47,24,16,13,-3.3618794644533065,11
3995,8,23,14,13,-3.3634201583462153,10
3996,97,25,54,13,-3.364815342765676,12
3997,20,17,40,10,-3.3649339637959637,7
3998,17,11,72,6,-3.3662129756747095,5
3999,55,56,107,30,-3.369618935589803,26
4000,44,13,100,7,-3.3720452657314217,6
4001,98,15,73,8,-3.3800553651819163,7
4002,55,28,36,15,-3.383336577257353,13
4003,9,28,60,17,-3.384232112219374,11
4004,88,13,19,7,-3.3883003963549876,6
4005,55,48,39,27,-3.3894226122709816,21
4006,84,46,51,26,-3.3899626880998377,20
4007,104,10,73,6,-3.391491099464731,4
4008,28,13,4,7,-3.3940824912486858,6
4009,17,20,68,12,-3.395638967050424,8
4010,87,29,76,17,-3.3995265465111264,12
4011,84,29,55,16,-3.4012305577969593,13
4012,98,26,104,12,-3.4091853213510745,14
4013,36,11,17,5,-3.417273645156755,6
4014,37,12,4,7,-3.4218717037755084,5
4015,57,22,28,12,-3.435107524098107,10
4016,25,31,102,17,-3.4382241991917164,14
4017,39,29,114,15,-3.4411172111260955,14
4018,40,58,60,32,-3.4423663485116376,26
4019,55,28,76,17,-3.4438952481653042,11
4020,46,25,68,14,-3.4494659871080535,11
4021,23,21,37,11,-3.4530437057487418,10
4022,5,23,33,12,-3.454327509177194,11
4023,51,49,106,27,-3.457607975311812,22
4024,1,32,13,19,-3.462932922524283,13
4025,76,23,46,13,-3.4689542345765494,10
4026,5,60,74,32,-3.4699961467083447,28
4027,16,14,73,7,-3.4738693799097957,7
4028,81,10,23,6,-3.4745303728026347,4
4029,54,57,96,29,-3.47661338595835,28
4030,18,16,55,8,-3.481046717374471,8
4031,70,20,25,11,-3.484518115943737,9
4032,71,18,12,10,-3.4874429459484335,8
4033,51,30,36,16,-3.4874600225025065,14
4034,36,13,62,7,-3.489528327052378,6
4035,114,36,97,20,-3.494809729950691,16
4036,9,26,50,15,-3.4989626487903873,11
4037,63,18,49,10,-3.500149915800845,8
4038,23,16,74,9,-3.5053157619270587,7
4039,33,10,49,6,-3.5057518320537775,4
4040,104,38,8,21,-3.5073414065674897,17
4041,107,75,13,40,-3.512652478837215,35
4042,106,50,107,27,-3.5165007722129795,23
4043,17,39,16,24,-3.519303718783672,15
4044,43,18,63,10,-3.5248517337852396,8
4045,76,17,20,8,-3.5278207011714757,9
4046,25,17,93,9,-3.530039788975629,8
4047,7,15,44,8,-3.535266020755452,7
4048,69,26,88,15,-3.536532050456282,11
4049,93,18,16,9,-3.537667826260254,9
4050,36,65,40,37,-3.5400829247343655,28
4051,76,27,28,14,-3.5440767696346973,13
4052,16,19,19,10,-3.548126113476464,9
4053,4,13,30,7,-3.554167963462701,6
4054,57,13,23,7,-3.554408044637194,6
4055,36,19,28,10,-3.554999615354126,9
4056,86,90,7,52,-3.5577462755235434,38
4057,33,11,64,7,-3.558110801858625,4
4058,69,25,41,16,-3.5647588534800048,9
4059,3,15,81,9,-3.5653849933326986,6
4060,23,12,33,7,-3.5712223539857573,5
4061,68,59,88,33,-3.5734126611884127,26
4062,28,50,20,28,-3.5784154895374147,22
4063,95,10,97,6,-3.58943247133478,4
4064,71,13,58,7,-3.5901555481142533,6
4065,13,14,34,7,-3.5918746626908375,7
4066,86,108,16,61,-3.6019723438749134,47
4067,94,13,55,7,-3.6120696685756326,6
4068,18,19,43,9,-3.6267699505365183,10
4069,87,107,86,55,-3.6292274243498333,52
4070,108,14,75,8,-3.634090811617301,6
4071,107,72,88,41,-3.6375933381747343,31
4072,70,10,14,5,-3.6470421341148493,5
4073,2,19,16,11,-3.6499962386684315,8
4074,50,13,27,8,-3.6503401008022798,5
4075,65,47,23,25,-3.650632324208862,22
4076,18,11,17,5,-3.6519056838531805,6
4077,9,15,109,7,-3.6538651478462696,8
4078,32,21,107,11,-3.6546977761524695,10
4079,71,10,90,5,-3.656103603020123,5
4080,23,22,63,13,-3.656375723040438,9
4081,100,11,53,6,-3.6569500587649983,5
4082,96,33,97,17,-3.6574389351582637,16
4083,19,11,9,6,-3.6655477701213557,5
4084,112,10,14,6,-3.665654955195535,4
4085,87,25,80,14,-3.671802865102298,11
4086,27,12,71,7,-3.672482180614423,5
4087,68,14,101,9,-3.6742625668258904,5
4088,107,11,52,7,-3.67922282951035,4
4089,55,19,34,10,-3.680955248563573,9
4090,51,37,114,19,-3.6824882422691596,18
4091,53,48,39,27,-3.685116242956752,21
4092,28,25,60,12,-3.7035703279957386,13
4093,43,17,106,9,-3.706853967971227,8
4094,86,12,6,7,-3.71051078907743,5
4095,5,21,15,13,-3.7147342263498238,8
4096,27,31,16,18,-3.7151603873312804,13
4097,81,17,39,10,-3.728914203220536,7
4098,107,22,15,14,-3.7321712067825557,8
4099,94,23,43,12,-3.734495197976475,11
4100,25,65,86,35,-3.735239092039536,30
4101,4,13,1,8,-3.7360390878519714,5
4102,40,42,53,23,-3.7429391558119995,19
4103,30,12,19,7,-3.743863776224434,5
4104,53,55,18,30,-3.7518428116438605,25
4105,109,33,51,21,-3.752003613096799,12
4106,6,16,88,9,-3.7570512530434645,7
4107,15,13,47,7,-3.7602698343279473,6
4108,40,69,13,38,-3.7693846533253215,31
4109,65,90,16,51,-3.773083718958,39
4110,4,19,63,11,-3.7758336578086884,8
4111,92,13,104,6,-3.7768187223532292,7
4112,23,48,107,26,-3.7778307981128196,22
4113,93,10,7,5,-3.7802315490169662,5
4114,37,12,94,7,-3.788108137633397,5
4115,60,13,80,7,-3.788360223509818,6
4116,86,11,19,6,-3.7947428736900837,5
4117,107,29,91,17,-3.79517570888213,12
4118,104,13,20,8,-3.7974160411444697,5
4119,78,12,39,6,-3.805891795343841,6
4120,5,16,110,9,-3.8138584796050923,7
4121,91,28,5,17,-3.814625093066516,11
4122,18,32,86,19,-3.8203668272153477,13
4123,3,10,49,6,-3.8208441036339096,4
4124,4,21,55,11,-3.821660634263143,10
4125,64,14,44,8,-3.824222642884567,6
4126,3,11,4,6,-3.825046392091852,5
4127,66,12,60,8,-3.8266322198174065,4
4128,87,16,44,9,-3.826754946057649,7
4129,51,33,27,20,-3.827314183962787,13
4130,51,30,70,16,-3.8297117807076546,14
4131,87,38,30,21,-3.8298987122526276,17
4132,13,26,91,14,-3.8317482607331113,12
4133,46,13,38,8,-3.8338597693432233,5
4134,7,26,20,14,-3.839940256500115,12
4135,31,23,18,12,-3.8430258307678655,11
4136,31,11,28,6,-3.845374758093618,5
4137,54,50,46,28,-3.846547643547206,22
4138,111,34,65,20,-3.8475275648066676,14
4139,114,25,41,13,-3.8544949021986654,12
4140,51,16,11,8,-3.8660778701548084,8
4141,68,11,108,6,-3.86884903956731,5
4142,87,36,95,20,-3.8694007735692093,16
4143,98,13,18,6,-3.8754830902904,7
4144,108,11,30,6,-3.88226795119385,5
4145,112,11,1,5,-3.8826933985340957,6
4146,17,15,11,8,-3.886158778436342,7
4147,63,39,74,21,-3.890775716060593,18
4148,62,13,76,7,-3.8913968956310074,6
4149,11,44,55,26,-3.8920841591670357,18
4150,20,13,18,8,-3.8928283548315483,5
4151,37,26,102,15,-3.901578428361024,11
4152,49,19,98,10,-3.906322793569991,9
4153,96,21,60,14,-3.9124280698247627,7
4154,86,13,89,6,-3.9174928376954097,7
4155,70,38,37,22,-3.9227382855891673,16
4156,2,28,5,16,-3.923277825320168,12
4157,63,28,64,15,-3.9273689023243743,13
4158,50,11,57,7,-3.929027822248146,4
4159,16,35,97,19,-3.9340820840887147,16
4160,97,10,80,6,-3.9365866928471034,4
4161,40,11,6,6,-3.9442678680230827,5
4162,76,12,34,6,-3.9517678907570324,6
4163,104,50,88,29,-3.9536343834384904,21
4164,17,34,65,21,-3.9540701507148897,13
4165,93,24,74,13,-3.960101768879081,11
4166,112,10,72,5,-3.960486504978045,5
4167,14,12,96,7,-3.975747798085754,5
4168,68,20,15,12,-3.979692185716907,8
4169,31,12,66,7,-4.0087548725586535,5
4170,46,59,13,34,-4.009188890622041,25
4171,54,36,55,19,-4.011039158800405,17
4172,110,20,8,12,-4.013172679497405,8
4173,107,90,87,50,-4.0132668328555114,40
4174,51,44,104,27,-4.015424408222765,17
4175,3,16,104,9,-4.020656220421077,7
4176,47,13,71,7,-4.030916530509354,6
4177,38,18,9,10,-4.035727579019443,8
4178,43,10,1,5,-4.03897671575872,5
4179,109,33,88,19,-4.04309303959431,14
4180,50,21,7,11,-4.045740478776831,10
4181,79,13,11,6,-4.047561716338114,7
4182,65,73,104,40,-4.0492599838057535,33
4183,40,10,32,5,-4.050021677419869,5
4184,69,27,51,16,-4.050423840769318,11
4185,38,10,34,6,-4.0610942900478735,4
4186,38,13,51,8,-4.063140921851932,5
4187,95,10,43,6,-4.0633983206079485,4
4188,60,38,87,20,-4.070682609249087,18
4189,50,22,74,12,-4.086243740312161,10
4190,19,11,36,6,-4.0885902184216905,5
4191,97,21,87,13,-4.089970328864312,8
4192,35,24,20,14,-4.098728722002913,10
4193,93,20,83,11,-4.100880722204593,9
4194,19,13,84,7,-4.111819285053134,6
4195,112,33,86,19,-4.113604145090607,14
4196,102,31,28,17,-4.12543311995288,14
4197,65,22,45,11,-4.125923170388699,11
4198,104,32,76,19,-4.135711821894891,13
4199,20,11,71,7,-4.136430557393971,4
4200,69,11,11,7,-4.1379214913131195,4
4201,87,29,3,17,-4.140165197233932,12
4202,71,47,53,27,-4.141303557057988,20
4203,77,28,13,16,-4.142553833006349,12
4204,73,13,20,8,-4.146065391689571,5
4205,3,13,96,7,-4.14984060644092,6
4206,93,14,20,7,-4.154949932940618,7
4207,62,10,60,6,-4.155747625311636,4
4208,62,29,86,16,-4.168140003828562,13
4209,68,17,12,10,-4.176829780683943,7
4210,7,18,80,11,-4.182061930373812,7
4211,25,27,23,15,-4.182190113226027,12
4212,48,14,7,7,-4.194687020035504,7
4213,100,18,23,11,-4.197161790157007,7
4214,5,116,86,66,-4.198444147829551,50
4215,40,11,15,6,-4.201647176656486,5
4216,36,56,65,32,-4.205692860728475,24
4217,68,41,41,23,-4.207626519911899,18
4218,107,20,93,12,-4.219148957246671,8
4219,31,21,87,11,-4.220659397575877,10
4220,18,19,4,11,-4.220670692754493,8
4221,44,11,71,6,-4.223524348839462,5
4222,65,16,109,11,-4.2330518085976205,5
4223,74,12,31,7,-4.240578281890586,5
4224,34,14,106,7,-4.243674039664674,7
4225,80,17,104,9,-4.256665633473226,8
4226,87,33,23,20,-4.2566804889481435,13
4227,16,16,103,9,-4.27064958267566,7
4228,96,12,33,5,-4.271042933020871,7
4229,12,18,88,10,-4.271852106961349,8
4230,54,27,9,15,-4.272544772651764,12
4231,104,54,86,30,-4.276251009605023,24
4232,54,63,20,33,-4.290782184792433,30
4233,54,30,30,17,-4.295304900191639,13
4234,44,21,20,12,-4.299103845073811,9
4235,38,22,7,12,-4.300171500471751,10
4236,54,28,25,16,-4.300413553073274,12
4237,53,27,106,14,-4.302319600135899,13
4238,109,22,20,14,-4.302333411252665,8
4239,71,42,16,25,-4.3051763919274695,17
4240,52,10,50,5,-4.308197298973348,5
4241,20,19,17,11,-4.3112321942034,8
4242,17,23,97,13,-4.313428551304956,10
4243,71,14,70,7,-4.315612188206777,7
4244,40,22,4,12,-4.316643149060896,10
4245,37,23,98,13,-4.327931130640238,10
4246,41,19,95,11,-4.332143979792176,8
4247,22,12,60,7,-4.334241842742782,5
4248,46,43,51,25,-4.337483774616596,18
4249,65,29,70,18,-4.3439841796636145,11
4250,88,24,47,13,-4.347102674354305,11
4251,54,31,104,17,-4.355933806560285,14
4252,71,31,64,19,-4.35947313780117,12
4253,54,32,11,18,-4.365388363672616,14
4254,11,13,33,6,-4.365968233102095,7
4255,87,20,94,11,-4.367418143965147,9
4256,23,23,40,13,-4.36842332680331,10
4257,58,13,55,7,-4.369004483506263,6
4258,9,24,55,14,-4.371040618945101,10
4259,51,12,85,6,-4.372397467367475,6
4260,98,13,60,7,-4.372454949323837,6
4261,25,33,87,18,-4.379098196808543,15
4262,49,24,87,12,-4.380791657180536,12
4263,76,23,65,14,-4.385586505985179,9
4264,43,26,51,14,-4.390788502279346,12
4265,86,20,111,12,-4.3910837466552355,8
4266,112,16,41,9,-4.393369197219724,7
4267,38,32,107,19,-4.39393220007557,13
4268,64,20,114,12,-4.407773657880816,8
4269,57,12,64,7,-4.4096800085415095,5
4270,53,64,7,36,-4.416213736910661,28
4271,13,30,99,17,-4.420966828834257,13
4272,87,20,102,12,-4.423994697827658,8
4273,20,14,23,8,-4.42777867543601,6
4274,53,35,16,21,-4.432680586189367,14
4275,46,58,86,36,-4.433062748950475,22
4276,88,11,45,7,-4.4416566980945715,4
4277,51,24,1,13,-4.443642769643949,11
4278,109,15,95,9,-4.444131433700797,6
4279,37,33,13,19,-4.448467961015428,14
4280,50,42,2,24,-4.448957186147167,18
4281,31,67,7,38,-4.453212370234459,29
4282,16,44,95,24,-4.453378575583385,20
4283,73,12,50,8,-4.454782630059153,4
4284,97,11,77,7,-4.454901155383999,4
4285,64,15,49,8,-4.458412060664094,7
4286,88,43,75,25,-4.458661851679064,18
4287,50,15,3,8,-4.464463620895281,7
4288,32,18,37,10,-4.466542082918519,8
4289,57,10,91,5,-4.468260927215542,5
4290,25,31,96,17,-4.472832877552798,14
4291,107,33,95,18,-4.475609109265347,15
4292,11,15,93,10,-4.484686270589563,5
4293,37,15,93,9,-4.4934456656390305,6
4294,112,20,75,12,-4.4989690721071325,8
4295,43,13,17,7,-4.501405777799932,6
4296,110,13,87,8,-4.501644038521952,5
4297,54,17,78,10,-4.506577020775673,7
4298,104,10,62,7,-4.506645682517949,3
4299,69,10,80,5,-4.508733977407145,5
4300,98,21,11,11,-4.5130981495322375,10
4301,29,16,28,9,-4.513248021932703,7
4302,55,43,37,23,-4.516821858156877,20
4303,28,71,50,41,-4.530365152854882,30
4304,75,23,106,12,-4.532198108241345,11
4305,68,28,71,17,-4.532265816801446,11
4306,102,24,8,13,-4.537070383836358,11
4307,76,24,23,13,-4.537606040144393,11
4308,107,36,76,23,-4.544662386882574,13
4309,49,18,68,10,-4.546688369508432,8
4310,39,11,1,5,-4.548291694643937,6
4311,15,18,99,11,-4.551461310618722,7
4312,46,15,83,8,-4.551826612706302,7
4313,112,10,74,6,-4.553694289700708,4
4314,23,15,70,8,-4.554568026577778,7
4315,104,16,99,8,-4.562749239239297,8
4316,95,14,99,8,-4.572737764013027,6
4317,58,23,7,12,-4.575034525669345,11
4318,65,16,99,9,-4.579704538683142,7
4319,8,30,60,16,-4.584471076654315,14
4320,96,32,50,18,-4.592653394244437,14
4321,95,13,77,7,-4.601493224452909,6
4322,30,11,23,6,-4.601908928188203,5
4323,3,35,7,21,-4.603775118928218,14
4324,66,10,88,6,-4.60434245546846,4
4325,86,72,37,40,-4.607837359690986,32
4326,9,17,49,9,-4.620658268254684,8
4327,87,63,8,36,-4.620917268255847,27
4328,51,106,16,59,-4.626612846472604,47
4329,110,15,106,8,-4.633960085739299,7
4330,25,22,60,12,-4.636282806493915,10
4331,109,19,73,11,-4.637139105733963,8
4332,13,14,73,8,-4.6427133386229835,6
4333,16,21,6,11,-4.642825718029856,10
4334,96,39,63,24,-4.649023449526139,15
4335,25,15,27,8,-4.649655011418167,7
4336,60,29,30,19,-4.653426738413294,10
4337,47,15,25,8,-4.655390231832644,7
4338,100,19,28,11,-4.660885966766407,8
4339,98,14,55,9,-4.662824671110213,5
4340,64,13,80,7,-4.665596394208,6
4341,8,12,52,7,-4.669562642233976,5
4342,64,48,13,25,-4.670216629866639,23
4343,5,16,71,9,-4.686451238703376,7
4344,41,26,60,14,-4.687979614839917,12
4345,62,10,97,6,-4.689387738532959,4
4346,60,45,55,25,-4.699539635247212,20
4347,18,31,88,17,-4.699584875943505,14
4348,46,23,20,15,-4.708713070266484,8
4349,71,16,43,8,-4.709770232299069,8
4350,18,37,28,20,-4.710953949587104,17
4351,72,10,15,6,-4.7131251167737505,4
4352,12,14,74,8,-4.7158981291394015,6
4353,86,17,47,10,-4.720142586161406,7
4354,75,14,15,9,-4.7291616067808215,5
4355,46,11,6,6,-4.730994669309113,5
4356,46,41,8,22,-4.737192297274267,19
4357,3,11,97,7,-4.7402730889790226,4
4358,65,57,55,32,-4.74405737741087,25
4359,77,16,25,9,-4.745845616411638,7
4360,5,30,90,18,-4.752640516818982,12
4361,50,16,93,10,-4.755526241513055,6
4362,41,31,64,19,-4.758473174288668,12
4363,54,21,15,11,-4.763758842474269,10
4364,97,16,60,8,-4.770560692259115,8
4365,31,15,12,8,-4.770632464521183,7
4366,70,13,90,7,-4.771084444295363,6
4367,17,14,1,8,-4.774691835698866,6
4368,5,12,9,7,-4.777710715122403,5
4369,50,48,87,26,-4.778093921608591,22
4370,9,52,88,30,-4.7788733200067295,22
4371,84,17,114,10,-4.7880408533114105,7
4372,5,33,76,19,-4.788314400539968,14
4373,1,17,9,8,-4.79405950293998,9
4374,20,13,52,8,-4.795236183864801,5
4375,9,29,8,14,-4.796436219845456,15
4376,25,11,111,6,-4.797175922879397,5
4377,96,22,75,15,-4.80138149231193,7
4378,51,16,62,9,-4.803956475156109,7
4379,108,13,96,7,-4.805162668071275,6
4380,85,11,69,6,-4.808257383801068,5
4381,106,25,2,14,-4.808494527305082,11
4382,107,97,16,60,-4.810536055926655,37
4383,106,12,6,7,-4.810944704219048,5
4384,8,30,83,16,-4.811627367676455,14
4385,85,11,74,6,-4.812388004493803,5
4386,68,27,23,14,-4.819829270426411,13
4387,54,15,14,10,-4.820525855929131,5
4388,25,19,31,10,-4.823839301099763,9
4389,67,15,8,9,-4.8319098461555825,6
4390,57,13,27,7,-4.834692393096014,6
4391,39,39,75,21,-4.835166255544909,18
4392,64,20,83,11,-4.840996077098241,9
4393,51,30,5,19,-4.841333405150811,11
4394,38,10,20,7,-4.844230675667009,3
4395,7,101,16,57,-4.849773607468415,44
4396,100,23,104,14,-4.850527098250833,9
4397,32,12,97,7,-4.851459349576838,5
4398,86,66,11,37,-4.861904796322222,29
4399,89,10,5,7,-4.862465640901751,3
4400,106,54,37,29,-4.865641247327304,25
4401,57,27,87,16,-4.871666288606831,11
4402,88,12,85,7,-4.873754317610231,5
4403,18,15,81,9,-4.877040041598751,6
4404,114,11,30,6,-4.882071098465157,5
4405,95,11,69,7,-4.882909765417962,4
4406,86,15,10,8,-4.884688083926197,7
4407,3,12,8,5,-4.887819375016217,7
4408,9,44,65,26,-4.887961308210908,18
4409,71,25,62,14,-4.888439777720532,11
4410,84,59,28,34,-4.889044052283284,25
4411,5,39,83,21,-4.890865835189012,18
4412,88,96,7,54,-4.898871034458087,42
4413,28,12,38,6,-4.907164394244693,6
4414,108,12,54,8,-4.909695920764134,4
4415,107,75,65,43,-4.913631286672484,32
4416,106,56,74,32,-4.924754963776778,24
4417,36,40,86,23,-4.927433251240003,17
4418,9,22,114,15,-4.931319071415344,7
4419,19,13,43,8,-4.933709936661163,5
4420,88,42,23,26,-4.935782926079016,16
4421,54,19,85,12,-4.939303305813312,7
4422,28,27,93,17,-4.941127481170006,10
4423,87,14,77,8,-4.94240192025149,6
4424,49,12,76,7,-4.943121216792114,5
4425,68,19,56,10,-4.94813216675333,9
4426,8,32,13,19,-4.955794878282507,13
4427,77,18,39,10,-4.961640817784316,8
4428,90,23,96,14,-4.963939687748077,9
4429,8,12,62,8,-4.964220736900479,4
4430,38,16,109,10,-4.9644619615709695,6
4431,107,49,40,30,-4.964616090179718,19
4432,93,11,29,6,-4.975125458266239,5
4433,47,30,7,18,-4.980252625346254,12
4434,15,17,23,10,-4.9841342107101605,7
4435,84,22,85,14,-4.986493595049529,8
4436,39,25,27,13,-4.989393098929608,12
4437,31,23,50,13,-4.991999785997781,10
4438,71,15,74,8,-4.993812181109021,7
4439,63,30,104,17,-4.993963037729945,13
4440,68,12,32,8,-4.994599728673894,4
4441,106,41,7,21,-5.003800212982272,20
4442,5,26,93,16,-5.004460526821323,10
4443,49,35,16,20,-5.007093096161222,15
4444,63,14,81,8,-5.016441825370757,6
4445,13,32,63,18,-5.025476860594202,14
4446,52,12,65,8,-5.036995856643753,4
4447,9,41,75,24,-5.040607611984742,17
4448,63,29,55,16,-5.056066807562622,13
4449,112,26,53,13,-5.062618261015588,13
4450,71,32,30,18,-5.06395312621674,14
4451,65,17,46,11,-5.06610491085495,6
4452,34,11,78,6,-5.071880532012347,5
4453,33,13,90,8,-5.072843762888294,5
4454,20,10,32,7,-5.08216341529211,3
4455,95,24,60,14,-5.089480392621887,10
4456,104,25,53,14,-5.094260383198605,11
4457,70,23,55,13,-5.1032220329288345,10
4458,4,18,75,11,-5.1124286444655915,7
4459,58,30,40,16,-5.133397385337809,14
4460,3,21,36,13,-5.136055944816986,8
4461,69,12,40,8,-5.137627663794989,4
4462,51,12,35,7,-5.14727626674268,5
4463,88,15,44,8,-5.148664566159752,7
4464,49,26,107,14,-5.148888284740456,12
4465,9,24,106,14,-5.150083731218861,10
4466,50,28,76,18,-5.1519660961300575,10
4467,87,57,13,35,-5.153541140928682,22
4468,63,54,8,30,-5.156454172512432,24
4469,39,14,111,8,-5.158992286191917,6
4470,5,12,67,7,-5.159840528973067,5
4471,56,11,91,6,-5.160182814393273,5
4472,20,60,107,34,-5.163543558398883,26
4473,55,43,7,26,-5.169021709270008,17
4474,47,26,75,17,-5.17693162231529,9
4475,65,32,64,18,-5.182122584236016,14
4476,97,17,75,10,-5.183439015487436,7
4477,113,13,40,8,-5.193726392686624,5
4478,89,15,41,9,-5.196780511481055,6
4479,91,12,33,6,-5.213867650447791,6
4480,37,22,40,12,-5.218981261850287,10
4481,106,54,54,29,-5.222938310920249,25
4482,5,11,35,6,-5.226534281744142,5
4483,96,37,20,22,-5.229501973456112,15
4484,112,17,88,10,-5.231027938888665,7
4485,104,19,15,11,-5.23540400775586,8
4486,25,21,91,12,-5.23677892954369,9
4487,14,15,65,8,-5.239230657167625,7
4488,40,15,98,8,-5.239271076053038,7
4489,40,26,25,15,-5.242222631716463,11
4490,31,11,35,6,-5.255104723881262,5
4491,92,11,28,7,-5.266199037582341,4
4492,88,11,56,6,-5.280224334897691,5
4493,104,63,107,37,-5.28099267630876,26
4494,28,19,14,12,-5.2887953454841945,7
4495,86,21,99,13,-5.291638236148403,8
4496,39,49,40,29,-5.294535177326296,20
4497,22,12,109,7,-5.3030018855523124,5
4498,55,25,111,15,-5.307717141421055,10
4499,66,19,107,11,-5.307859110353936,8
4500,49,13,28,7,-5.31428031912519,6
4501,96,16,85,11,-5.314304637448896,5
4502,60,15,61,8,-5.316729344745585,7
4503,9,45,107,25,-5.322061725590964,20
4504,102,14,97,9,-5.335160623731844,5
4505,55,32,80,17,-5.338178788284693,15
4506,88,86,86,50,-5.345596536414867,36
4507,65,18,62,10,-5.345755023288058,8
4508,88,25,43,15,-5.351866788536154,10
4509,97,35,7,19,-5.356987360153851,16
4510,77,21,86,13,-5.357357465897488,8
4511,63,30,75,17,-5.362343223381898,13
4512,8,21,64,13,-5.374033093425483,8
4513,91,12,102,7,-5.382427984087671,5
4514,30,18,7,9,-5.390495309133066,9
4515,90,31,54,18,-5.397442007333916,13
4516,29,21,84,12,-5.397730038072922,9
4517,64,10,84,7,-5.40179307430533,3
4518,66,11,9,6,-5.404825557202403,5
4519,58,11,4,7,-5.405037105567146,4
4520,37,11,49,6,-5.405793666619149,5
4521,65,65,87,39,-5.421192101641339,26
4522,18,18,91,11,-5.437015235679075,7
4523,68,52,16,32,-5.441952996669665,20
4524,85,14,28,8,-5.442415032587626,6
4525,51,11,93,6,-5.442643801494352,5
4526,57,18,97,10,-5.45235309786646,8
4527,71,43,75,27,-5.454468163058883,16
4528,78,29,86,17,-5.470278451303892,12
4529,75,10,14,6,-5.479308338136782,4
4530,70,23,114,14,-5.484820175107314,9
4531,69,12,47,7,-5.485890015271257,5
4532,77,14,49,9,-5.486596578437727,5
4533,40,49,65,28,-5.488110460552834,21
4534,62,10,18,6,-5.493140482819633,4
4535,102,10,67,6,-5.497246561771841,4
4536,75,40,18,23,-5.507084301877023,17
4537,109,13,32,7,-5.508051897308618,6
4538,83,19,95,12,-5.510188596504647,7
4539,9,35,28,19,-5.51465148212954,16
4540,37,59,87,35,-5.516733087496061,24
4541,20,10,62,6,-5.517288163699186,4
4542,13,20,26,13,-5.520285333416164,7
4543,7,33,28,20,-5.522079859732704,13
4544,57,24,88,13,-5.524909922819241,11
4545,102,14,33,8,-5.525239013163607,6
4546,88,23,30,12,-5.525413582454541,11
4547,68,45,114,26,-5.528966703625285,19
4548,23,31,106,16,-5.535479536227777,15
4549,30,12,15,7,-5.538463534767753,5
4550,69,26,65,15,-5.540534749641235,11
4551,84,16,75,9,-5.542746956131477,7
4552,75,51,86,28,-5.544222274149607,23
4553,2,22,20,13,-5.544865436021075,9
4554,84,18,25,11,-5.5466876181289715,7
4555,31,53,36,30,-5.548564460468652,23
4556,25,41,8,25,-5.550067480025435,16
4557,4,11,46,6,-5.55622187464566,5
4558,95,10,31,6,-5.5581891593402775,4
4559,104,60,37,36,-5.5634752610620195,24
4560,57,25,84,13,-5.566733949257732,12
4561,11,26,76,16,-5.5694789783630885,10
4562,69,11,42,6,-5.570250078296482,5
4563,98,10,3,5,-5.570597398737187,5
4564,94,13,39,8,-5.582337685105467,5
4565,68,21,62,12,-5.5910040455918875,9
4566,98,17,70,11,-5.604121247592223,6
4567,18,13,38,7,-5.6081144260834686,6
4568,94,18,68,10,-5.6083969761175405,8
4569,50,15,100,9,-5.612526049660052,6
4570,90,14,30,8,-5.614315415339312,6
4571,50,48,16,28,-5.617696720442926,20
4572,50,26,95,15,-5.619957219349124,11
4573,5,10,19,6,-5.6233787755961275,4
4574,17,21,5,14,-5.625033929201381,7
4575,73,28,86,15,-5.62531345595925,13
4576,107,43,100,23,-5.627353197100975,20
4577,51,46,75,26,-5.632745764536369,20
4578,11,10,85,6,-5.636472097896451,4
4579,98,14,108,8,-5.640790264148575,6
4580,76,17,84,10,-5.642369532504397,7
4581,74,23,73,14,-5.649045009007229,9
4582,97,13,39,8,-5.649731064357227,5
4583,97,10,4,6,-5.649870700339136,4
4584,61,13,9,8,-5.652969843590385,5
4585,68,12,43,7,-5.661402151081362,5
4586,82,11,54,7,-5.66427830231393,4
4587,37,48,16,28,-5.664774565241773,20
4588,99,31,16,18,-5.66581833704302,13
4589,37,39,75,25,-5.670197882049106,14
4590,25,10,94,5,-5.671887186214519,5
4591,12,11,54,6,-5.67450373056912,5
4592,95,10,102,6,-5.68531996234082,4
4593,38,23,63,15,-5.685369937239837,8
4594,55,25,30,15,-5.686463879094617,10
4595,5,46,106,28,-5.689619439430468,18
4596,43,10,23,6,-5.689859175567735,4
4597,32,10,70,5,-5.692479372096212,5
4598,62,17,53,10,-5.701449545318568,7
4599,16,46,30,27,-5.7052419462035315,19
4600,69,13,62,7,-5.706165822809073,6
4601,27,10,34,5,-5.713456149542282,5
4602,102,10,23,6,-5.716053822653882,4
4603,37,18,41,11,-5.716493275276267,7
4604,12,10,6,5,-5.722414314921584,5
4605,17,13,98,7,-5.72342530511381,6
4606,51,26,25,15,-5.726135112848949,11
4607,9,14,45,9,-5.727853500458989,5
4608,25,48,13,26,-5.729332953997916,22
4609,106,42,25,26,-5.737688222420908,16
4610,77,12,36,7,-5.751140829309579,5
4611,47,13,23,8,-5.7551420632928085,5
4612,53,13,58,6,-5.756559382638664,7
4613,35,19,11,11,-5.768399159544,8
4614,43,10,15,6,-5.792521091011201,4
4615,63,26,98,15,-5.795644107915215,11
4616,55,28,74,16,-5.797157459674131,12
4617,64,45,7,25,-5.8010614589687695,20
4618,31,19,91,12,-5.801858258461768,7
4619,13,48,71,27,-5.80513252623681,21
4620,62,38,16,24,-5.806515303304726,14
4621,20,13,79,8,-5.810117746469,5
4622,106,28,80,17,-5.812470547213422,11
4623,49,10,100,5,-5.813425744151518,5
4624,5,16,40,9,-5.82052725169565,7
4625,18,12,3,8,-5.832827231063856,4
4626,87,13,58,8,-5.838329621055198,5
4627,46,37,74,23,-5.850135921281392,14
4628,55,37,104,22,-5.856904127783748,15
4629,112,20,7,12,-5.863389950487481,8
4630,7,17,34,10,-5.863504951401834,7
4631,95,36,54,20,-5.865979569344108,16
4632,9,17,62,10,-5.866001447424248,7
4633,36,12,46,7,-5.88209418081934,5
4634,74,22,102,13,-5.882481039476403,9
4635,51,34,64,20,-5.888421423830697,14
4636,34,19,109,11,-5.8910600256239505,8
4637,84,34,74,18,-5.89139952158172,16
4638,1,12,46,6,-5.891865749051654,6
4639,107,17,6,10,-5.906261036560345,7
4640,45,15,41,10,-5.914462706154762,5
4641,63,10,93,6,-5.917563250275586,4
4642,114,20,73,12,-5.924435121305104,8
4643,63,45,37,27,-5.933785173114153,18
4644,30,11,74,6,-5.9350135220415146,5
4645,28,50,104,29,-5.9417102215711495,21
4646,13,26,57,14,-5.943334816387065,12
4647,43,15,41,9,-5.943674988011268,6
4648,76,25,98,15,-5.94433744621166,10
4649,53,15,28,9,-5.945744364633271,6
4650,7,15,33,8,-5.9471342175078945,7
4651,14,12,39,7,-5.9475481477923315,5
4652,10,12,97,6,-5.950831581917707,6
4653,17,34,86,18,-5.961143965020202,16
4654,53,52,68,31,-5.964244334939566,21
4655,17,19,104,11,-5.965485227876697,8
4656,38,10,12,6,-5.966686013029675,4
4657,40,18,97,11,-5.966918416140385,7
4658,54,12,69,7,-5.973066602774381,5
4659,18,20,64,12,-5.974775055211904,8
4660,31,25,114,14,-5.9918765203954925,11
4661,3,32,107,17,-5.999011076330671,15
4662,100,19,37,12,-6.000890669706825,7
4663,88,61,65,38,-6.004362907857696,23
4664,17,14,100,10,-6.011059679512768,4
4665,81,18,15,10,-6.020952084821453,8
4666,46,20,95,12,-6.027785407812037,8
4667,50,17,91,11,-6.027790824025908,6
4668,86,38,64,22,-6.0307653391474,16
4669,79,20,16,12,-6.030959275561986,8
4670,31,31,75,17,-6.03348213428737,14
4671,98,24,7,15,-6.033686003781978,9
4672,32,16,8,9,-6.041444852098721,7
4673,18,24,63,15,-6.046455003215171,9
4674,28,18,23,10,-6.0662027716624305,8
4675,57,23,78,13,-6.066845953412292,10
4676,41,27,23,16,-6.068042449918635,11
4677,48,14,74,7,-6.068043245358376,7
4678,69,10,55,6,-6.075582313218194,4
4679,20,29,70,18,-6.0805113791791925,11
4680,3,16,64,10,-6.081103034121079,6
4681,108,10,79,7,-6.083927302918585,3
4682,107,23,111,12,-6.08814286411973,11
4683,7,12,90,7,-6.108519045195329,5
4684,29,18,39,10,-6.11667916860653,8
4685,31,13,81,9,-6.1171597913254026,4
4686,39,55,86,31,-6.121359669303699,24
4687,88,35,25,23,-6.12387967695023,12
4688,97,24,55,15,-6.128965912516969,9
4689,68,31,54,19,-6.129451922490283,12
4690,112,15,31,10,-6.149641402394962,5
4691,89,10,63,7,-6.159771716986654,3
4692,36,47,13,29,-6.167141158071527,18
4693,102,21,57,12,-6.169321397774082,9
4694,20,45,65,28,-6.17102810501078,17
4695,76,23,97,13,-6.171425808149793,10
4696,35,14,55,8,-6.18171019735336,6
4697,71,12,91,7,-6.18747414228945,5
4698,62,25,107,13,-6.194038646729137,12
4699,2,28,63,16,-6.200018491851487,12
4700,70,28,74,15,-6.203999405338755,13
4701,84,15,35,9,-6.209299301194262,6
4702,39,24,46,12,-6.210468155976945,12
4703,28,14,47,8,-6.211297191624256,6
4704,6,15,65,9,-6.216451840954274,6
4705,68,12,72,7,-6.2229147971092145,5
4706,6,17,13,10,-6.2267295430039455,7
4707,91,42,16,27,-6.227187272730331,15
4708,50,41,104,25,-6.230364171354916,16
4709,5,17,43,10,-6.250727481432203,7
4710,87,18,108,11,-6.262008842945725,7
4711,39,22,92,12,-6.263991845659126,10
4712,95,12,15,7,-6.265255655621161,5
4713,96,11,69,7,-6.268969865653717,4
4714,5,45,20,28,-6.270373633442783,17
4715,30,19,20,11,-6.270512840524559,8
4716,4,21,86,13,-6.2794844995496994,8
4717,41,28,87,17,-6.282239020662331,11
4718,102,11,41,7,-6.282861273718874,4
4719,92,12,16,9,-6.284475222709882,3
4720,64,16,70,11,-6.2860092045587415,5
4721,114,17,23,11,-6.291790840234865,6
4722,83,16,39,10,-6.297771796270442,6
4723,55,13,29,8,-6.301089833667023,5
4724,16,40,20,26,-6.318333724670657,14
4725,112,14,54,9,-6.326711825622494,5
4726,111,10,81,7,-6.333917467029675,3
4727,40,22,62,11,-6.340588914856938,11
4728,69,23,107,14,-6.34176551067775,9
4729,83,29,86,19,-6.342700324127685,10
4730,112,15,51,9,-6.350376289921741,6
4731,27,13,92,7,-6.356396578041118,6
4732,28,15,41,9,-6.359689551305938,6
4733,56,21,7,12,-6.361794853449643,9
4734,84,19,30,12,-6.373847364369493,7
4735,69,12,81,7,-6.376661023241456,5
4736,94,21,13,13,-6.377487651674518,8
4737,51,30,20,16,-6.3907803506271055,14
4738,37,20,80,12,-6.401050818487372,8
4739,77,13,106,7,-6.407119934187455,6
4740,54,18,91,10,-6.414686940093467,8
4741,77,19,107,11,-6.4169470483546815,8
4742,43,34,107,21,-6.422100856640923,13
4743,33,16,40,11,-6.427211772717695,5
4744,39,22,100,13,-6.432511887302127,9
4745,109,20,41,13,-6.432688342356182,7
4746,68,56,39,32,-6.439118209474398,24
4747,87,20,4,13,-6.445923142452617,7
4748,86,31,69,18,-6.447204277363733,13
4749,43,15,3,9,-6.4472383846877115,6
4750,28,10,6,6,-6.452419128804086,4
4751,41,10,29,6,-6.453681453868415,4
4752,98,14,78,8,-6.457784687804564,6
4753,29,13,70,7,-6.465173609286503,6
4754,55,17,100,9,-6.46556303644313,8
4755,84,18,98,12,-6.475666713551258,6
4756,9,20,70,13,-6.477071321597405,7
4757,3,27,16,17,-6.483698180671638,10
4758,68,18,20,10,-6.489643733297491,8
4759,104,10,48,6,-6.493358473776669,4
4760,54,20,1,12,-6.4933945511101445,8
4761,108,21,16,13,-6.502477858846357,8
4762,107,21,78,13,-6.50595928798572,8
4763,39,78,16,46,-6.5210913868223725,32
4764,28,15,35,8,-6.525585250622974,7
4765,80,13,91,8,-6.531108694088673,5
4766,81,29,86,20,-6.532482502137965,9
4767,55,10,49,6,-6.541972088163769,4
4768,70,58,54,35,-6.543056803225656,23
4769,18,21,77,14,-6.545250800191178,7
4770,91,25,68,14,-6.550419627313763,11
4771,68,18,58,11,-6.553002087451514,7
4772,25,37,104,21,-6.567754121461538,16
4773,114,26,53,15,-6.571088082289226,11
4774,13,36,47,22,-6.576234413408801,14
4775,38,25,39,15,-6.576359256983345,10
4776,96,28,65,16,-6.593487230396348,12
4777,30,16,34,10,-6.601140375094156,6
4778,64,21,55,14,-6.604925944972096,7
4779,81,18,71,11,-6.61709770119633,7
4780,75,10,85,7,-6.619293441212882,3
4781,9,14,74,9,-6.620459467868888,5
4782,100,34,16,21,-6.622935947165197,13
4783,5,48,25,29,-6.626414170343123,19
4784,37,22,39,13,-6.632156694863052,9
4785,65,30,4,18,-6.635600395573753,12
4786,5,26,32,16,-6.6474470604519045,10
4787,114,15,76,10,-6.653911993113485,5
4788,37,19,71,11,-6.65399605348867,8
4789,87,13,12,8,-6.654704325795005,5
4790,71,11,83,6,-6.6562053803338666,5
4791,65,57,51,36,-6.662266346450135,21
4792,13,13,14,9,-6.663851771345143,4
4793,55,68,16,43,-6.67390774153019,25
4794,88,75,54,45,-6.687420775605005,30
4795,62,18,7,11,-6.690218008322474,7
4796,87,83,16,49,-6.693299260593876,34
4797,106,11,111,8,-6.697425895741327,3
4798,71,24,28,15,-6.697570308642472,9
4799,74,15,83,8,-6.703298030488857,7
4800,12,21,60,10,-6.704537300087495,11
4801,97,35,28,22,-6.716635909782018,13
4802,32,10,65,6,-6.718474357729474,4
4803,95,11,100,6,-6.722166987268522,5
4804,95,13,14,8,-6.731405281187272,5
4805,96,38,74,24,-6.731828732252354,14
4806,78,14,40,10,-6.732885786530082,4
4807,48,25,84,16,-6.740791105108492,9
4808,63,18,100,10,-6.742683547587138,8
4809,7,32,45,19,-6.743551275422485,13
4810,78,21,84,13,-6.745502178752569,8
4811,71,10,94,6,-6.748460655059317,4
4812,18,19,30,11,-6.749976540021853,8
4813,90,13,53,8,-6.752088210585149,5
4814,94,15,86,9,-6.7534489977261485,6
4815,109,12,57,7,-6.758716421545093,5
4816,23,43,13,24,-6.759962036733637,19
4817,107,23,33,13,-6.763493299081546,10
4818,108,10,81,6,-6.778588424753946,4
4819,27,14,6,8,-6.780540737481573,6
4820,51,81,39,48,-6.781026894224875,33
4821,87,16,1,9,-6.782771040032775,7
4822,31,10,55,6,-6.798197972656263,4
4823,71,10,49,6,-6.8003776926672845,4
4824,45,18,60,10,-6.802248227913869,8
4825,114,16,100,10,-6.806713890734191,6
4826,96,20,51,12,-6.8091583197949745,8
4827,9,14,25,9,-6.810304163725227,5
4828,6,21,44,14,-6.81356281665085,7
4829,4,13,56,7,-6.816273515879698,6
4830,86,40,98,23,-6.818936598158919,17
4831,104,22,30,12,-6.820606807560422,10
4832,66,14,65,9,-6.821265394674894,5
4833,31,69,68,41,-6.8216343585610195,28
4834,68,10,89,6,-6.826893879643049,4
4835,106,25,95,16,-6.830338155584793,9
4836,96,14,78,9,-6.830515928543477,5
4837,43,42,13,23,-6.837629153851968,19
4838,96,80,86,49,-6.839782165020976,31
4839,51,99,7,62,-6.849475435937795,37
4840,95,29,13,17,-6.852052215706936,12
4841,96,19,114,12,-6.857320738328298,7
4842,4,43,60,24,-6.864343045215706,19
4843,99,15,106,10,-6.882359612487446,5
4844,84,18,34,10,-6.883555808781154,8
4845,5,47,114,28,-6.885144276646174,19
4846,109,27,107,17,-6.886337490511136,10
4847,65,22,90,12,-6.887045978873849,10
4848,88,16,76,9,-6.891817282335724,7
4849,1,13,15,8,-6.8943933606488015,5
4850,3,23,114,15,-6.912850093555391,8
4851,30,19,75,11,-6.923427737676235,8
4852,46,21,7,14,-6.93576909674712,7
4853,88,12,99,7,-6.939131232028662,5
4854,43,18,100,10,-6.945332357815133,8
4855,51,25,4,16,-6.952578906103856,9
4856,38,11,2,6,-6.952650087165873,5
4857,63,20,90,12,-6.95733483322538,8
4858,104,18,32,12,-6.959225086389547,6
4859,36,34,16,21,-6.96230955324868,13
4860,97,23,18,14,-6.965163575719862,9
4861,29,14,112,8,-6.972231702387923,6
4862,33,17,8,11,-6.9756022430017754,6
4863,57,20,11,11,-6.983907364905458,9
4864,35,26,107,17,-6.986606963430159,9
4865,55,20,17,11,-6.987444025974705,9
4866,13,23,111,13,-6.988942249892523,10
4867,1,19,114,12,-6.990089974683046,7
4868,5,15,62,9,-6.9927087595973925,6
4869,48,13,80,9,-6.99747900943173,4
4870,54,26,93,17,-7.002072182522708,9
4871,53,27,87,15,-7.0226395127694765,12
4872,40,15,95,9,-7.026458120737084,6
4873,18,16,100,9,-7.026565168419708,7
4874,64,31,16,20,-7.027713443588521,11
4875,53,45,107,28,-7.04531150066453,17
4876,73,16,65,10,-7.056062739811477,6
4877,36,18,99,12,-7.061516094995873,6
4878,25,21,100,12,-7.062312436550092,9
4879,49,14,50,8,-7.064134383315742,6
4880,98,14,102,8,-7.075813129571892,6
4881,70,35,28,21,-7.078735797739843,14
4882,62,20,28,12,-7.086204539456472,8
4883,107,12,67,8,-7.124134838046419,4
4884,30,14,100,9,-7.12422480058823,5
4885,67,11,88,8,-7.127393540580368,3
4886,107,57,75,39,-7.131800392099847,18
4887,54,58,63,36,-7.1339646628869025,22
4888,87,26,90,16,-7.134749793973536,10
4889,91,27,87,17,-7.142016410462964,10
4890,55,50,40,31,-7.142420946012767,19
4891,60,17,5,11,-7.144002600647478,6
4892,103,10,88,6,-7.1465830918406095,4
4893,37,14,29,8,-7.14724630286853,6
4894,60,12,34,8,-7.148158666349012,4
4895,84,18,38,10,-7.154125748328735,8
4896,14,14,86,8,-7.166696838482464,6
4897,88,109,16,68,-7.167573523139394,41
4898,112,16,36,10,-7.175574629533439,6
4899,63,20,27,11,-7.19472225275396,9
4900,13,32,81,20,-7.194897673585073,12
4901,35,13,27,8,-7.215256796262468,5
4902,40,20,35,13,-7.223846117897835,7
4903,106,60,13,37,-7.224822308695077,23
4904,3,16,15,9,-7.226872372846494,7
4905,62,16,54,10,-7.236680580960736,6
4906,81,14,114,8,-7.238705590547008,6
4907,40,27,114,18,-7.240772461331045,9
4908,75,10,20,6,-7.241047227766171,4
4909,5,14,31,9,-7.246607645789562,5
4910,41,21,20,12,-7.246750485082598,9
4911,15,11,49,7,-7.248095103585943,4
4912,90,13,46,8,-7.250761878801305,5
4913,93,12,98,7,-7.251352809271133,5
4914,10,12,11,7,-7.252899748629005,5
4915,81,19,75,12,-7.259552889264539,7
4916,69,31,13,19,-7.264804290539711,12
4917,98,17,20,11,-7.267496359610283,6
4918,70,16,110,10,-7.267896542251016,6
4919,96,10,62,7,-7.268496266352443,3
4920,57,13,106,7,-7.272492874678534,6
4921,68,20,55,13,-7.273979151335479,7
4922,48,12,34,7,-7.278505376330149,5
4923,13,42,114,23,-7.284350704257173,19
4924,98,20,13,13,-7.284404613166717,7
4925,29,16,97,10,-7.284915525257297,6
4926,40,31,43,18,-7.287691070183636,13
4927,61,11,47,7,-7.295405799949464,4
4928,9,17,17,10,-7.295940921809663,7
4929,40,33,54,20,-7.298767912387552,13
4930,108,12,48,8,-7.300121208763457,4
4931,106,24,39,14,-7.312269199982411,10
4932,55,26,109,14,-7.3182997081126135,12
4933,65,23,1,13,-7.319832649719675,10
4934,5,42,70,25,-7.323141246130922,17
4935,107,32,2,20,-7.328844122982543,12
4936,68,26,97,16,-7.331657709218834,10
4937,2,16,75,9,-7.332326563651874,7
4938,104,41,40,26,-7.342291894534161,15
4939,8,25,73,15,-7.3587900254771785,10
4940,23,13,49,8,-7.360298065336568,5
4941,61,18,53,12,-7.3640960284192225,6
4942,114,10,77,6,-7.365477220397804,4
4943,33,16,25,11,-7.36592627296452,5
4944,80,14,31,10,-7.367135464628977,4
4945,74,15,34,10,-7.367415754617588,5
4946,54,35,13,22,-7.373225396669802,13
4947,71,10,73,6,-7.373234065194552,4
4948,86,31,27,20,-7.379251077987926,11
4949,16,50,75,30,-7.388425679021318,20
4950,51,13,72,7,-7.389012124503452,6
4951,5,10,1,6,-7.391988711274882,4
4952,84,35,20,24,-7.397610796744058,11
4953,112,19,13,11,-7.398341700566552,8
4954,19,11,64,8,-7.409166426273504,3
4955,41,34,36,18,-7.412500474371831,16
4956,91,19,8,12,-7.416456742894205,7
4957,76,20,112,11,-7.420620932537434,9
4958,109,44,54,28,-7.42149631612999,16
4959,43,11,34,7,-7.424240308041095,4
4960,62,12,49,8,-7.42673526947668,4
4961,87,49,7,31,-7.4314438134316605,18
4962,43,17,64,10,-7.438967254563773,7
4963,84,28,8,18,-7.447150756775401,10
4964,75,30,46,18,-7.449361290092636,12
4965,97,53,86,32,-7.453774682156136,21
4966,110,21,37,12,-7.457046552670356,9
4967,53,12,45,7,-7.463487107897495,5
4968,81,10,28,6,-7.472696801730325,4
4969,31,37,64,23,-7.4738922265185375,14
4970,43,32,16,21,-7.4754066874217795,11
4971,63,15,108,9,-7.475559971035059,6
4972,36,14,70,8,-7.476080415111231,6
4973,89,10,48,7,-7.47675761274391,3
4974,96,11,41,8,-7.480521636982391,3
4975,29,10,64,7,-7.494394888436804,3
4976,60,30,54,19,-7.494934117874264,11
4977,50,13,15,8,-7.509982415529958,5
4978,84,15,43,9,-7.511290434631542,6
4979,12,19,53,11,-7.511441486905761,8
4980,51,88,86,51,-7.511450798964613,37
4981,3,24,88,15,-7.5117017749719,9
4982,77,18,55,11,-7.520653437888105,7
4983,55,11,6,8,-7.526848268362213,3
4984,68,66,40,42,-7.570321994315703,24
4985,5,14,34,10,-7.5706698448560905,4
4986,77,12,46,7,-7.574271980014295,5
4987,102,15,76,9,-7.584041618843793,6
4988,114,31,28,18,-7.584853881328922,13
4989,36,10,72,6,-7.585561627806541,4
4990,88,18,58,11,-7.5880987725104365,7
4991,36,20,18,12,-7.59490287850123,8
4992,91,13,23,7,-7.630492751883035,6
4993,80,22,96,14,-7.6325568595370585,8
4994,3,31,13,21,-7.638676786821424,10
4995,5,29,97,19,-7.639418302115126,10
4996,88,20,108,13,-7.642505031143239,7
4997,60,11,70,7,-7.646435749026202,4
4998,31,13,33,7,-7.647223417443056,6
4999,96,24,37,14,-7.66584492569651,10
5000,38,29,37,18,-7.668156637885105,11
5001,11,32,5,20,-7.6874421575338765,12
5002,7,25,111,15,-7.6903234257719815,10
5003,11,11,64,8,-7.699861982788658,3
5004,68,15,11,9,-7.700280996267676,6
5005,77,15,41,10,-7.700447698799745,5
5006,64,13,46,8,-7.70178518963715,5
5007,87,18,78,10,-7.738249145100052,8
5008,84,11,44,6,-7.741464370739851,5
5009,54,13,73,8,-7.746921178252214,5
5010,25,49,37,29,-7.755599308877523,20
5011,73,11,53,7,-7.756297558195456,4
5012,18,22,50,13,-7.75840176806416,9
5013,62,14,100,8,-7.7615835544298815,6
5014,29,11,46,5,-7.7647643110174815,6
5015,39,23,57,14,-7.767705201432489,9
5016,81,15,41,10,-7.770221546669878,5
5017,114,14,92,10,-7.774797164908212,4
5018,18,28,68,17,-7.775566947501909,11
5019,111,10,47,6,-7.786638633209642,4
5020,48,15,50,10,-7.798532000224026,5
5021,110,12,114,8,-7.80031681097971,4
5022,49,21,75,13,-7.802050873504806,8
5023,40,36,87,21,-7.816149468605837,15
5024,46,46,25,27,-7.8204011950255445,19
5025,98,17,8,11,-7.832264077196576,6
5026,2,11,7,7,-7.836909370766421,4
5027,109,19,53,12,-7.841205358929898,7
5028,69,13,104,9,-7.84643581421697,4
5029,9,37,16,24,-7.846826969300752,13
5030,39,30,15,20,-7.850357643973712,10
5031,91,26,106,17,-7.859341034872017,9
5032,35,12,44,7,-7.859665557157517,5
5033,90,25,114,15,-7.8701656835045455,10
5034,23,17,55,9,-7.8715706098888365,8
5035,81,24,60,15,-7.879588509675568,9
5036,108,11,76,7,-7.890267325318873,4
5037,31,11,78,6,-7.904414780494012,5
5038,38,13,71,9,-7.906029048659733,4
5039,82,10,88,6,-7.9125780836424955,4
5040,18,22,54,13,-7.917650548154778,9
5041,51,18,80,11,-7.926528914197649,7
5042,20,16,33,10,-7.9280624383644875,6
5043,64,12,77,6,-7.928282722369054,6
5044,34,10,18,7,-7.93407311360503,3
5045,65,41,30,26,-7.937351182752286,15
5046,87,17,73,12,-7.94220715025842,5
5047,19,15,87,9,-7.943589688548751,6
5048,53,12,89,7,-7.949973026478008,5
5049,109,10,3,6,-7.949985033221677,4
5050,39,21,23,13,-7.9630880242589255,8
5051,68,12,80,8,-7.963368280059832,4
5052,5,25,65,15,-7.967561696591303,10
5053,4,12,12,8,-7.976222296376226,4
5054,39,31,84,19,-7.9765097082554295,12
5055,84,28,5,17,-7.986435375626319,11
5056,70,16,13,10,-7.990308468406848,6
5057,96,19,102,12,-7.995631160966494,7
5058,88,38,27,22,-8.00416219447235,16
5059,98,31,91,19,-8.010154956050265,12
5060,25,12,48,7,-8.01244102921806,5
5061,9,11,35,6,-8.012816785902407,5
5062,50,41,75,27,-8.02466935745211,14
5063,3,16,12,11,-8.025644589227154,5
5064,13,26,108,17,-8.028546837864384,9
5065,27,16,37,10,-8.030406858059436,6
5066,107,26,58,17,-8.037629940895535,9
5067,12,11,9,7,-8.058955245687951,4
5068,91,15,51,10,-8.060157448942936,5
5069,46,13,53,8,-8.064750592390654,5
5070,13,16,19,10,-8.067215936629546,6
5071,97,16,110,10,-8.077466293642948,6
5072,5,61,8,37,-8.080732178020163,24
5073,46,15,109,9,-8.081904977493476,6
5074,10,15,7,9,-8.086365440359023,6
5075,50,30,60,17,-8.087484578525556,13
5076,87,17,15,10,-8.088262314262588,7
5077,46,42,37,28,-8.095895819595153,14
5078,46,16,30,10,-8.098498106037622,6
5079,107,10,26,6,-8.136960920766814,4
5080,112,10,4,6,-8.145974306589782,4
5081,63,65,16,40,-8.146976419258557,25
5082,112,16,18,11,-8.155957753880717,5
5083,61,12,107,7,-8.157075963099336,5
5084,76,38,86,24,-8.159754461381873,14
5085,69,32,16,20,-8.160441247046853,12
5086,71,28,50,17,-8.165371088482388,11
5087,33,11,68,7,-8.166895131198164,4
5088,30,18,50,11,-8.173377893689405,7
5089,87,45,68,28,-8.1769425507642,17
5090,60,35,104,25,-8.183651908443377,10
5091,39,25,74,15,-8.19553508787693,10
5092,109,24,11,16,-8.196422948591085,8
5093,93,24,87,15,-8.201353690040278,9
5094,1,26,86,16,-8.213403239086288,10
5095,40,14,112,8,-8.221202026655053,6
5096,104,28,41,16,-8.222150207467427,12
5097,106,21,69,13,-8.230262561693124,8
5098,2,10,94,6,-8.235738884159375,4
5099,84,10,100,7,-8.240271972733373,3
5100,19,14,29,9,-8.255714542563327,5
5101,46,42,16,27,-8.265204078980108,15
5102,14,12,37,7,-8.266467835075433,5
5103,55,34,50,20,-8.268886532039618,14
5104,76,12,75,7,-8.269580351796622,5
5105,91,18,41,12,-8.276671952774393,6
5106,106,31,90,21,-8.28384546124837,10
5107,30,29,53,18,-8.306098230837584,11
5108,51,39,76,26,-8.339242903099509,13
5109,68,20,69,12,-8.34403265511844,8
5110,112,20,39,12,-8.345179878987272,8
5111,31,32,41,20,-8.353957395244585,12
5112,65,23,38,13,-8.354229779220868,10
5113,5,22,7,14,-8.357081514884824,8
5114,104,10,67,6,-8.393331116483225,4
5115,79,11,80,6,-8.394402338657228,5
5116,67,14,109,7,-8.41022889195963,7
5117,90,19,73,12,-8.424101991862472,7
5118,114,20,55,13,-8.432483182241098,7
5119,70,24,96,13,-8.437417991026262,11
5120,86,40,41,26,-8.438958336325594,14
5121,114,32,8,21,-8.446067232393617,11
5122,96,14,95,9,-8.450373982592183,5
5123,53,13,15,8,-8.451445563178742,5
5124,77,14,74,9,-8.485489523270209,5
5125,1,16,75,11,-8.487454866261048,5
5126,40,28,64,18,-8.49607162432113,10
5127,45,10,91,6,-8.504304930616431,4
5128,88,23,62,14,-8.51262512712999,9
5129,48,28,86,18,-8.527783865058888,10
5130,39,12,34,7,-8.530792842427957,5
5131,106,13,12,9,-8.530975907772833,4
5132,62,13,114,8,-8.549556180002718,5
5133,36,11,78,7,-8.552435160203329,4
5134,7,19,78,11,-8.565348954184037,8
5135,3,13,41,10,-8.570007818582788,3
5136,55,23,95,15,-8.57500650986488,8
5137,16,19,110,12,-8.596145036216205,7
5138,50,22,90,14,-8.598522697493998,8
5139,33,21,51,15,-8.606152418737853,6
5140,60,34,23,22,-8.60880728241122,12
5141,57,15,69,10,-8.610432071680039,5
5142,53,19,27,13,-8.613512457869614,6
5143,63,51,51,30,-8.615807425389162,21
5144,57,12,76,8,-8.631010009083715,4
5145,97,19,41,12,-8.638943706099203,7
5146,98,10,85,7,-8.673802483900154,3
5147,31,31,9,20,-8.678153869820548,11
5148,88,16,77,10,-8.678317130754186,6
5149,60,15,76,11,-8.678706996102923,4
5150,76,26,16,14,-8.69211071455001,12
5151,39,14,110,10,-8.694421097429624,4
5152,2,10,30,6,-8.704387763563812,4
5153,20,35,63,21,-8.70524806527441,14
5154,102,15,63,9,-8.71016569998991,6
5155,86,15,45,9,-8.710518828201982,6
5156,45,10,58,6,-8.721721801464438,4
5157,57,11,9,7,-8.721996193617914,4
5158,57,26,8,17,-8.727187925997562,9
5159,17,22,4,15,-8.72773506800961,7
5160,11,23,104,15,-8.742484307216113,8
5161,106,14,38,7,-8.74501943352997,7
5162,88,36,39,23,-8.756638990991735,13
5163,18,23,106,15,-8.778191080978738,8
5164,77,12,109,7,-8.789144881364967,5
5165,20,36,39,21,-8.800920294125156,15
5166,42,10,106,7,-8.802546839644418,3
5167,47,18,36,12,-8.810892372607713,6
5168,36,19,63,12,-8.822881427312195,7
5169,81,19,87,10,-8.837308894093786,9
5170,87,15,32,10,-8.84415502943487,5
5171,20,13,19,8,-8.851087559473102,5
5172,98,12,27,7,-8.860331197767357,5
5173,12,16,23,10,-8.872217683410863,6
5174,53,11,49,7,-8.876928289416243,4
5175,13,20,44,13,-8.886721786197054,7
5176,97,12,69,8,-8.888377862411463,4
5177,51,38,100,21,-8.893196391712339,17
5178,109,20,7,13,-8.908032141063202,7
5179,107,15,89,10,-8.908975430626485,5
5180,25,19,110,13,-8.917701672558223,6
5181,91,10,11,7,-8.923724837318142,3
5182,31,12,73,8,-8.93891957013575,4
5183,80,13,11,8,-8.941133144462878,5
5184,48,34,63,22,-8.958044896706864,12
5185,32,11,28,7,-8.963821007682874,4
5186,114,20,47,12,-8.969382880850324,8
5187,36,18,97,11,-8.970668153566264,7
5188,94,12,76,8,-8.974054547945041,4
5189,52,15,28,9,-8.975367013246691,6
5190,77,14,27,9,-8.98057953611799,5
5191,57,15,114,10,-9.000054094310599,5
5192,36,15,5,9,-9.008614310253614,6
5193,70,16,30,9,-9.016092338129875,7
5194,100,18,75,10,-9.024866169547831,8
5195,43,17,54,10,-9.026858404506275,7
5196,72,14,85,10,-9.03362076276455,4
5197,45,16,35,9,-9.0400315918615,7
5198,112,10,58,6,-9.041979275484929,4
5199,68,21,47,14,-9.052758514326356,7
5200,79,22,48,14,-9.064036284770673,8
5201,75,34,28,22,-9.068390514566694,12
5202,94,16,28,11,-9.068842266957848,5
5203,86,29,44,19,-9.073857704921481,10
5204,8,34,95,21,-9.07920947405897,13
5205,31,15,109,10,-9.113887572404183,5
5206,17,11,92,7,-9.114563540800457,4
5207,20,22,91,13,-9.11515023214943,9
5208,88,20,100,13,-9.116006427057254,7
5209,16,18,81,12,-9.13766079743996,6
5210,47,16,9,10,-9.146152811782592,6
5211,18,42,13,26,-9.15021879704067,16
5212,5,43,50,26,-9.156049369840705,17
5213,108,22,53,13,-9.163083344546394,9
5214,40,15,92,10,-9.168940871834318,5
5215,102,15,40,9,-9.171373555966687,6
5216,49,15,41,9,-9.171912615870816,6
5217,91,13,15,7,-9.175439096539634,6
5218,40,17,73,11,-9.199997222971483,6
5219,40,12,2,8,-9.204153353273353,4
5220,4,15,27,9,-9.21491506769711,6
5221,81,11,64,7,-9.217681779438383,4
5222,69,16,70,11,-9.227346228401576,5
5223,25,44,7,29,-9.23372449337842,15
5224,29,26,65,15,-9.271210792422918,11
5225,93,13,75,8,-9.279825087560207,5
5226,77,19,63,13,-9.291814452323939,6
5227,68,57,75,38,-9.30062786886553,19
5228,67,15,86,9,-9.306541844943451,6
5229,84,29,11,19,-9.312587470123527,10
5230,70,17,50,10,-9.316243790355681,7
5231,58,16,60,10,-9.319426070200468,6
5232,51,15,111,10,-9.328246716797015,5
5233,2,29,28,19,-9.34282167881126,10
5234,12,12,28,8,-9.35169457314102,4
5235,50,12,23,9,-9.354699302165743,3
5236,33,14,87,9,-9.358610632806945,5
5237,84,21,104,13,-9.37162724208143,8
5238,39,17,76,12,-9.374915521858478,5
5239,107,33,80,22,-9.376730084103613,11
5240,36,11,109,8,-9.390936468630553,3
5241,10,12,63,8,-9.391653486017917,4
5242,51,13,48,7,-9.391737592298234,6
5243,93,37,65,22,-9.392120129738293,15
5244,109,25,63,15,-9.392892060380623,10
5245,107,22,45,14,-9.39975575090587,8
5246,60,14,108,9,-9.402734068128316,5
5247,39,15,108,9,-9.406857006968854,6
5248,92,14,64,7,-9.432471863302016,7
5249,63,11,32,7,-9.44232166344675,4
5250,68,28,76,21,-9.459920139276978,7
5251,17,12,102,8,-9.460667678985605,4
5252,96,47,16,33,-9.462953828826512,14
5253,51,23,97,16,-9.463450569827408,7
5254,58,10,70,7,-9.487562225897111,3
5255,60,13,102,8,-9.490462801517765,5
5256,7,29,37,18,-9.500511382222342,11
5257,99,22,37,15,-9.502759058160713,7
5258,13,21,90,14,-9.506733485788098,7
5259,2,13,114,8,-9.50915856241785,5
5260,80,14,90,10,-9.509239360264804,4
5261,36,17,8,11,-9.51236026695053,6
5262,9,27,18,18,-9.520249042639605,9
5263,25,32,20,21,-9.520523686179052,11
5264,31,22,1,13,-9.525804060927038,9
5265,108,13,106,9,-9.535201707134298,4
5266,68,15,92,10,-9.538113226799515,5
5267,19,23,7,16,-9.559895766747154,7
5268,97,24,13,15,-9.567486234498414,9
5269,60,44,64,30,-9.569439655645416,14
5270,7,20,73,12,-9.582485903794177,8
5271,88,31,15,22,-9.58291430022994,9
5272,39,14,80,9,-9.589468521855673,5
5273,53,13,8,9,-9.596286006275326,4
5274,84,18,83,11,-9.60947373437216,7
5275,8,14,99,8,-9.611065592860308,6
5276,9,16,76,11,-9.62150457184245,5
5277,109,17,70,11,-9.623350653501726,6
5278,109,22,74,15,-9.62539761750223,7
5279,53,23,41,15,-9.631953807885303,8
5280,114,10,78,6,-9.632244308821944,4
5281,104,10,93,6,-9.63796658188527,4
5282,114,10,22,5,-9.649313306364819,5
5283,17,15,41,10,-9.654478177971626,5
5284,63,16,111,10,-9.656549842780757,6
5285,71,12,100,8,-9.66068752031631,4
5286,38,12,53,8,-9.664145468055217,4
5287,17,20,53,13,-9.683594540019676,7
5288,3,18,53,12,-9.694466592939396,6
5289,11,18,75,11,-9.710887852205726,7
5290,13,13,85,9,-9.717007051558657,4
5291,31,19,43,9,-9.720852773553686,10
5292,32,16,16,10,-9.721720922013692,6
5293,16,13,89,8,-9.733195931265595,5
5294,76,29,63,20,-9.752858943405714,9
5295,52,12,30,8,-9.763146241314214,4
5296,76,14,13,9,-9.765754801505128,5
5297,83,24,37,15,-9.783726366978415,9
5298,3,25,40,17,-9.78695575723125,8
5299,93,10,62,6,-9.798162399200404,4
5300,37,17,64,11,-9.810222324765896,6
5301,51,17,102,11,-9.81128950469166,6
5302,17,24,40,16,-9.815776001763277,8
5303,75,25,104,16,-9.822163907084752,9
5304,57,13,54,10,-9.824315369895016,3
5305,84,47,63,29,-9.837336867449046,18
5306,98,10,53,6,-9.839111782848335,4
5307,79,26,86,17,-9.841357831333447,9
5308,63,16,30,10,-9.842696842263113,6
5309,18,12,76,8,-9.8476224935035,4
5310,71,15,17,9,-9.874078720771612,6
5311,54,17,2,12,-9.883928701627932,5
5312,39,39,18,26,-9.885046818102037,13
5313,9,32,87,19,-9.890957993800642,13
5314,30,13,27,8,-9.896355661349038,5
5315,3,14,25,9,-9.907996037168818,5
5316,2,10,95,7,-9.9203126299905,3
5317,88,45,63,31,-9.955054334971098,14
5318,68,26,28,18,-9.968379628572306,8
5319,88,18,73,12,-9.974203425238962,6
5320,52,13,87,8,-9.98485251805505,5
5321,109,14,93,9,-9.987067099161266,5
5322,65,25,95,16,-9.987438820754939,9
5323,57,12,75,8,-10.001839571130395,4
5324,18,43,16,29,-10.022908903594146,14
5325,18,14,11,9,-10.031989827572827,5
5326,107,13,110,9,-10.034721322746934,4
5327,38,10,44,7,-10.048373138060267,3
5328,107,30,48,19,-10.06378840351629,11
5329,83,23,13,15,-10.067954696106943,8
5330,49,16,40,10,-10.077718304922938,6
5331,106,12,79,8,-10.079963228120917,4
5332,74,11,89,7,-10.093150392265773,4
5333,8,24,18,17,-10.10300859124231,7
5334,43,28,39,17,-10.108201581404133,11
5335,36,36,53,25,-10.11473282468799,11
5336,102,20,50,12,-10.118106239071224,8
5337,35,10,8,7,-10.118762046100299,3
5338,60,18,17,12,-10.12863063958789,6
5339,70,14,46,9,-10.128652016947743,5
5340,109,10,92,7,-10.132066653367776,3
5341,31,37,53,23,-10.136338371296794,14
5342,23,11,96,7,-10.143008283174424,4
5343,39,13,58,9,-10.147489402696785,4
5344,86,29,43,20,-10.173097117221216,9
5345,9,12,6,7,-10.175309866966634,5
5346,104,13,89,8,-10.178686881843591,5
5347,37,41,97,27,-10.190687502541847,14
5348,33,13,71,9,-10.195530501937561,4
5349,2,15,98,9,-10.198603389321665,6
5350,96,24,48,16,-10.200121519345737,8
5351,106,63,16,43,-10.201810935158226,20
5352,39,24,91,16,-10.206322081312436,8
5353,37,36,11,24,-10.207174749413833,12
5354,28,14,10,10,-10.2079261309438,4
5355,68,24,25,16,-10.21179043309895,8
5356,31,17,30,10,-10.214096274935343,7
5357,91,35,63,24,-10.225389928816243,11
5358,29,21,60,13,-10.230454029553844,8
5359,106,16,67,10,-10.252161434234205,6
5360,99,12,77,9,-10.252199704478636,3
5361,50,15,85,10,-10.26203922127155,5
5362,104,12,34,8,-10.27427919250402,4
5363,54,12,38,8,-10.280232127604942,4
5364,68,10,34,6,-10.287370907693367,4
5365,52,11,63,7,-10.291118040471776,4
5366,29,11,49,7,-10.30099349448638,4
5367,31,29,107,16,-10.30345756995746,13
5368,81,14,7,8,-10.321582987727558,6
5369,29,16,13,10,-10.328917239877919,6
5370,1,13,37,8,-10.34216426905315,5
5371,1,26,16,19,-10.34569928715388,7
5372,7,10,94,7,-10.355621654064775,3
5373,81,13,104,7,-10.361322759461327,6
5374,60,21,49,14,-10.368756848511252,7
5375,93,16,106,10,-10.37915501513517,6
5376,57,10,100,6,-10.38688479130181,4
5377,29,13,3,9,-10.39717807094665,4
5378,85,13,63,8,-10.414666124998384,5
5379,7,11,110,6,-10.42257657923173,5
5380,114,19,95,12,-10.422604339796184,7
5381,39,16,44,10,-10.434810009571377,6
5382,53,13,78,8,-10.442866978504684,5
5383,112,25,64,18,-10.44734880369225,7
5384,69,27,60,16,-10.453461646225001,11
5385,31,10,6,6,-10.459894630543896,4
5386,77,12,23,8,-10.47207373365885,4
5387,8,35,75,24,-10.477015226263449,11
5388,102,14,75,10,-10.47886729381523,4
5389,16,17,78,11,-10.48792482811098,6
5390,69,18,63,13,-10.495670691796661,5
5391,12,12,114,7,-10.504954578013217,5
5392,37,14,89,8,-10.519274673853,6
5393,36,27,27,17,-10.523349599331356,10
5394,97,19,71,13,-10.523533962196899,6
5395,56,16,86,11,-10.543126647721751,5
5396,40,17,28,10,-10.551622113062638,7
5397,54,19,71,12,-10.56377327137223,7
5398,9,15,95,9,-10.569002592922953,6
5399,28,18,69,11,-10.575983527327306,7
5400,28,10,26,7,-10.592168464369761,3
5401,38,15,75,11,-10.597530026810052,4
5402,91,31,7,22,-10.60910028610159,9
5403,101,12,16,8,-10.62271769748288,4
5404,71,18,98,12,-10.627953776602759,6
5405,64,20,30,13,-10.642272986004782,7
5406,103,12,107,9,-10.647201349907752,3
5407,98,25,5,16,-10.662918685540621,9
5408,57,15,65,10,-10.687048615969916,5
5409,74,25,51,18,-10.704030149650722,7
5410,107,34,57,22,-10.70465891591215,12
5411,36,13,43,8,-10.713552025008546,5
5412,111,11,54,8,-10.714143810197228,3
5413,31,27,27,16,-10.758919665279386,11
5414,104,17,9,11,-10.762729474142402,6
5415,72,11,63,8,-10.764095493593645,3
5416,7,11,59,8,-10.771239818059199,3
5417,91,25,55,18,-10.791612827626562,7
5418,77,27,104,18,-10.795670361212089,9
5419,81,17,106,10,-10.816681182916206,7
5420,8,34,109,21,-10.819891467814774,13
5421,54,46,37,31,-10.87009397469276,15
5422,77,16,71,11,-10.872072685026803,5
5423,41,21,111,13,-10.875724405637953,8
5424,35,10,102,6,-10.90320798703147,4
5425,5,17,73,11,-10.90738305979487,6
5426,64,14,27,10,-10.925557497140751,4
5427,80,10,19,7,-10.932571489161038,3
5428,13,10,89,6,-10.939542022741616,4
5429,88,37,50,24,-10.986958086725291,13
5430,110,20,51,14,-11.000148170458745,6
5431,107,13,56,8,-11.000292497508868,5
5432,15,22,8,14,-11.003030597119839,8
5433,71,13,15,9,-11.00914391321026,4
5434,68,10,98,7,-11.014423279510455,3
5435,92,14,41,9,-11.016394202336143,5
5436,88,41,53,28,-11.023031682203495,13
5437,68,12,45,8,-11.02401972838907,4
5438,9,25,64,18,-11.03637269777133,7
5439,114,12,32,8,-11.045874107216177,4
5440,11,11,99,7,-11.04788337752713,4
5441,109,13,30,9,-11.049589386483902,4
5442,102,11,100,8,-11.083335103949722,3
5443,57,11,62,8,-11.089901365863179,3
5444,78,12,17,8,-11.090068157424293,4
5445,107,18,12,13,-11.095629908733304,5
5446,29,13,75,8,-11.096282078020437,5
5447,80,13,78,9,-11.09791576617006,4
5448,57,22,70,13,-11.101179297757742,9
5449,32,13,74,9,-11.101664191982367,4
5450,19,10,40,7,-11.104417905023016,3
5451,87,20,100,12,-11.113455718095159,8
5452,85,13,55,9,-11.149931721802188,4
5453,4,16,43,10,-11.162760468553993,6
5454,61,12,6,8,-11.200388242698184,4
5455,65,45,114,29,-11.20792553692763,16
5456,1,11,89,7,-11.20901106938993,4
5457,46,12,100,8,-11.210309669403358,4
5458,106,18,98,12,-11.217270403208776,6
5459,51,13,73,9,-11.219804453521853,4
5460,96,20,46,12,-11.223825219116964,8
5461,112,12,38,9,-11.23040362290014,3
5462,112,14,27,9,-11.235001192847596,5
5463,109,17,75,12,-11.242273446455997,5
5464,51,28,95,20,-11.244919045567018,8
5465,81,13,40,9,-11.249205674756395,4
5466,83,16,107,11,-11.24958512039028,5
5467,70,29,87,18,-11.250414739740132,11
5468,48,12,90,8,-11.252381363492235,4
5469,7,52,75,35,-11.2746633859962,17
5470,55,14,2,9,-11.276816159574057,5
5471,5,10,80,7,-11.295210617596885,3
5472,96,25,7,18,-11.300422106484014,7
5473,60,23,47,16,-11.31330562577917,7
5474,20,38,50,26,-11.316816486601454,12
5475,20,12,64,9,-11.331308462604776,3
5476,71,21,104,13,-11.370166649530528,8
5477,10,14,107,9,-11.38119632500004,5
5478,38,11,4,8,-11.395009854616482,3
5479,35,23,76,15,-11.39691854534874,8
5480,95,10,29,7,-11.401888238693147,3
5481,106,39,114,26,-11.417874917507989,13
5482,81,14,47,10,-11.445134927289029,4
5483,54,24,100,16,-11.46348082665664,8
5484,88,72,13,49,-11.464146800700743,23
5485,63,19,57,12,-11.499632269547762,7
5486,12,10,94,6,-11.507296767268528,4
5487,76,11,15,7,-11.511804844564256,4
5488,30,10,80,7,-11.535434430621326,3
5489,76,15,74,9,-11.544600382799558,6
5490,71,10,111,7,-11.563837134119527,3
5491,104,16,36,10,-11.564722196156035,6
5492,50,15,33,10,-11.568332857311571,5
5493,65,31,27,21,-11.573171716915367,10
5494,39,15,90,10,-11.577976501423594,5
5495,18,21,15,15,-11.590119158022436,6
5496,94,11,30,7,-11.643229108233818,4
5497,86,33,102,23,-11.659667182565103,10
5498,39,33,30,22,-11.664507953068155,11
5499,48,11,98,8,-11.678045251552971,3
5500,96,13,91,9,-11.692854193124042,4
5501,112,15,100,10,-11.71919318790088,5
5502,67,11,16,8,-11.761532223804268,3
5503,1,37,55,26,-11.769033555767942,11
5504,109,18,17,12,-11.781743441013703,6
5505,65,12,91,8,-11.784658313781671,4
5506,54,10,44,7,-11.791894285038754,3
5507,40,21,8,15,-11.791921402372775,6
5508,72,20,86,14,-11.806025667633923,6
5509,91,10,53,7,-11.811611902058761,3
5510,17,10,83,6,-11.812775268760374,4
5511,111,16,28,11,-11.820301223407922,5
5512,64,10,74,6,-11.828764368523549,4
5513,28,47,63,33,-11.828866423716303,14
5514,37,10,78,7,-11.831707242150298,3
5515,28,34,74,23,-11.834419909257845,11
5516,47,10,78,6,-11.843066191666676,4
5517,29,12,20,8,-11.85416559868577,4
5518,14,18,16,12,-11.861448285420282,6
5519,104,18,90,12,-11.89837391797068,6
5520,63,18,62,12,-11.898616241132698,6
5521,29,11,109,6,-11.905733206262543,5
5522,68,13,29,9,-11.946919320173036,4
5523,18,27,95,18,-11.951490678023534,9
5524,54,10,53,7,-11.951994898142779,3
5525,9,12,11,8,-11.95751404574191,4
5526,72,11,50,8,-11.966306538639385,3
5527,60,16,37,10,-11.9668638856867,6
5528,98,11,109,8,-11.980585816049416,3
5529,104,12,1,8,-12.020108292717424,4
5530,13,16,58,12,-12.037688148626765,4
5531,9,20,15,12,-12.03884463484616,8
5532,96,28,98,19,-12.0522531035848,9
5533,63,18,1,11,-12.054495717242014,7
5534,91,18,30,13,-12.061464887561756,5
5535,28,11,110,7,-12.062606997342062,4
5536,20,14,34,10,-12.080633416209027,4
5537,69,19,58,12,-12.089414430124698,7
5538,55,13,15,10,-12.1017027484743,3
5539,63,12,92,7,-12.136993324985582,5
5540,31,11,19,8,-12.140248760143196,3
5541,70,22,2,14,-12.153236389251056,8
5542,51,23,77,15,-12.16149932915176,8
5543,39,17,109,13,-12.189314131019263,4
5544,76,18,7,11,-12.196617315781682,7
5545,106,11,78,8,-12.21024325274275,3
5546,9,14,43,9,-12.224469441855376,5
5547,43,19,75,14,-12.224767647713705,5
5548,112,19,28,13,-12.228920740366254,6
5549,54,27,48,18,-12.230401373927076,9
5550,84,11,71,8,-12.255989147154674,3
5551,39,10,32,7,-12.25900875776762,3
5552,108,10,28,6,-12.299856976610261,4
5553,20,10,78,7,-12.337947782230119,3
5554,97,12,67,9,-12.35346782744064,3
5555,50,17,36,10,-12.423703215189779,7
5556,87,24,48,17,-12.506077086368819,7
5557,49,10,80,6,-12.509141995238949,4
5558,103,12,55,9,-12.517980336309982,3
5559,5,27,75,17,-12.535083552437035,10
5560,58,14,54,9,-12.535089602873326,5
5561,87,27,98,19,-12.540784384215351,8
5562,5,27,57,19,-12.572003913811173,8
5563,9,19,20,13,-12.586361422949272,6
5564,51,20,15,13,-12.587936460827022,7
5565,17,11,38,7,-12.634911882425529,4
5566,87,11,10,8,-12.637100065195789,3
5567,70,24,108,17,-12.647188608054195,7
5568,5,14,48,10,-12.657719903594751,4
5569,88,16,111,12,-12.710530076381987,4
5570,107,41,30,28,-12.716586983155048,13
5571,106,24,46,15,-12.725492516069489,9
5572,106,14,33,10,-12.736963404825662,4
5573,36,10,95,7,-12.746346244298937,3
5574,81,12,54,8,-12.757047966098474,4
5575,84,12,41,8,-12.75751979686909,4
5576,27,20,104,15,-12.796343894614779,5
5577,104,20,49,14,-12.812277987885736,6
5578,29,15,98,11,-12.831922527793072,4
5579,51,25,78,16,-12.832975588891268,9
5580,109,19,27,12,-12.854514856980064,7
5581,112,14,47,9,-12.859285190584625,5
5582,45,14,23,10,-12.875487654765546,4
5583,54,15,19,9,-12.889151076069236,6
5584,65,21,2,16,-12.8900275785182,5
5585,75,12,98,8,-12.900340980932176,4
5586,17,16,23,11,-12.920452187354222,5
5587,8,15,78,11,-12.921729498024693,4
5588,60,29,91,19,-12.952631394075716,10
5589,102,21,107,14,-12.974367748289918,7
5590,112,10,91,7,-12.97919097248294,3
5591,28,22,34,16,-12.986812143841881,6
5592,60,15,100,11,-13.00317877758717,4
5593,114,12,27,8,-13.009570993376595,4
5594,91,15,43,11,-13.046946068237398,4
5595,84,12,27,8,-13.080512808785823,4
5596,46,38,104,26,-13.083570903140272,12
5597,88,12,98,9,-13.094822370834628,3
5598,70,10,83,6,-13.118339150755117,4
5599,77,15,53,10,-13.125923769197522,5
5600,37,28,95,21,-13.149042342745602,7
5601,88,17,102,13,-13.153141792955822,4
5602,35,12,97,9,-13.15953893586328,3
5603,70,22,11,16,-13.174919150937757,6
5604,54,18,36,12,-13.217744798273172,6
5605,41,16,8,12,-13.244566662838952,4
5606,88,36,95,25,-13.24512473637818,11
5607,96,39,11,27,-13.252582377716239,12
5608,11,23,95,17,-13.263288005084238,6
5609,112,15,87,10,-13.263846083806499,5
5610,5,31,102,21,-13.269431869962297,10
5611,99,12,7,8,-13.274517260788413,4
5612,106,19,64,13,-13.295192075566398,6
5613,46,17,50,11,-13.310329365776978,6
5614,18,16,47,12,-13.317575135316673,4
5615,46,12,18,9,-13.322032493347338,3
5616,114,28,87,18,-13.32969544089937,10
5617,83,18,16,13,-13.35123547721314,5
5618,32,11,55,7,-13.36363963009391,4
5619,35,12,104,8,-13.369677424437175,4
5620,53,15,75,10,-13.423496737137004,5
5621,32,12,25,7,-13.427877456338663,5
5622,35,15,36,11,-13.440272285829963,4
5623,55,17,102,12,-13.448934349992442,5
5624,90,10,93,7,-13.452391800759145,3
5625,86,24,26,18,-13.454427406615018,6
5626,70,10,34,7,-13.500624883981926,3
5627,1,10,78,7,-13.511302040012385,3
5628,66,11,7,7,-13.514093541012448,4
5629,38,15,104,10,-13.530669032796668,5
5630,103,11,74,8,-13.53565105452587,3
5631,60,26,27,20,-13.540065663312776,6
5632,104,18,64,13,-13.541290561517043,5
5633,74,10,15,7,-13.56932630742914,3
5634,3,10,38,7,-13.612373842695774,3
5635,46,12,93,9,-13.65474091099076,3
5636,86,16,92,11,-13.67676060817369,5
5637,99,20,107,14,-13.701645523668958,6
5638,44,14,104,10,-13.703910249073422,4
5639,31,25,63,18,-13.714594813504094,7
5640,33,14,63,10,-13.733555706081619,4
5641,69,18,30,12,-13.733696768023911,6
5642,53,17,43,13,-13.791105639936724,4
5643,112,11,97,9,-13.794615799527321,2
5644,31,74,13,51,-13.800549608099518,23
5645,31,17,98,11,-13.805084918983175,6
5646,112,14,71,10,-13.80768968996665,4
5647,52,19,86,14,-13.851910838120485,5
5648,83,13,11,10,-13.863860744018641,3
5649,50,19,53,13,-13.883151416746287,6
5650,76,17,54,12,-13.892444764564262,5
5651,38,10,100,8,-13.910833855557149,2
5652,40,10,100,7,-13.927928921941099,3
5653,112,11,37,8,-13.937736127059297,3
5654,69,19,75,14,-13.94230448490658,5
5655,109,11,91,8,-13.94618860472034,3
5656,71,24,40,17,-13.948125771645659,7
5657,75,12,111,8,-13.972281809419961,4
5658,91,11,69,7,-13.993001551531528,4
5659,10,10,13,7,-14.003535982504161,3
5660,77,29,40,21,-14.048771071022598,8
5661,85,14,39,9,-14.177624685555418,5
5662,63,10,15,7,-14.178625851059422,3
5663,80,11,41,8,-14.186716292232557,3
5664,3,15,20,11,-14.188922367828342,4
5665,66,11,63,8,-14.209916362631542,3
5666,77,15,30,11,-14.240898393688356,4
5667,60,21,74,14,-14.268042080973927,7
5668,37,12,34,9,-14.300571264435137,3
5669,102,11,46,8,-14.307494713152051,3
5670,50,18,80,14,-14.309192739594003,4
5671,57,12,31,8,-14.310689026630849,4
5672,63,37,80,27,-14.322048676220186,10
5673,61,10,63,8,-14.323000497708241,2
5674,77,27,7,19,-14.33556677589385,8
5675,83,10,40,8,-14.347262135245904,2
5676,90,16,20,11,-14.40477443227545,5
5677,14,11,80,7,-14.435345395194508,4
5678,5,12,44,9,-14.447481002517355,3
5679,2,10,73,7,-14.457830254043136,3
5680,25,12,34,9,-14.468789684868275,3
5681,51,18,45,13,-14.493324057948728,5
5682,84,20,112,14,-14.510611268456794,6
5683,2,12,13,8,-14.516038794033763,4
5684,37,12,73,8,-14.533349572792924,4
5685,9,11,108,7,-14.533752266696007,4
5686,62,19,74,14,-14.57027413820892,5
5687,99,12,50,8,-14.581629542155014,4
5688,12,12,27,9,-14.58894097244964,3
5689,69,15,49,10,-14.620888888677557,5
5690,97,11,14,9,-14.634263785488013,2
5691,35,10,3,7,-14.67345115895829,3
5692,18,13,69,9,-14.695896617157176,4
5693,103,17,86,12,-14.69939597801156,5
5694,83,19,114,14,-14.71253096490687,5
5695,31,10,100,7,-14.730848989291465,3
5696,102,10,90,6,-14.739148726840858,4
5697,106,14,32,11,-14.741977351969277,3
5698,109,26,114,20,-14.744077219906973,6
5699,2,10,57,7,-14.75670329182861,3
5700,54,35,75,24,-14.800167840554582,11
5701,81,24,51,16,-14.806900687075021,8
5702,108,10,8,8,-14.88327570809189,2
5703,112,10,55,8,-14.907032679929216,2
5704,17,21,95,16,-14.970865650802967,5
5705,57,11,38,7,-15.001479354971174,4
5706,75,10,45,8,-15.003649946946844,2
5707,99,18,25,13,-15.014737107768294,5
5708,94,17,81,11,-15.053941840602283,6
5709,71,17,41,13,-15.162388636591329,4
5710,87,16,79,13,-15.190476867517352,3
5711,43,13,30,10,-15.232406371172784,3
5712,68,15,61,11,-15.24709195978541,4
5713,112,18,20,14,-15.347636279185814,4
5714,37,13,18,10,-15.368965567811568,3
5715,46,12,98,8,-15.381140721878973,4
5716,71,10,11,7,-15.386871545741162,3
5717,25,14,49,10,-15.43786379260084,4
5718,58,20,65,14,-15.443655730967695,6
5719,107,25,73,17,-15.460672720698524,8
5720,31,15,69,10,-15.502962092044207,5
5721,2,18,104,12,-15.50344370749933,6
5722,106,10,89,6,-15.508251121091035,4
5723,10,11,37,7,-15.516949569025604,4
5724,14,11,25,9,-15.536643242754739,2
5725,31,12,104,8,-15.561592201078605,4
5726,5,20,23,15,-15.563915929412014,5
5727,45,14,4,10,-15.600891470448104,4
5728,85,11,106,8,-15.605731963514037,3
5729,97,13,90,9,-15.62188808576594,4
5730,38,10,87,7,-15.648595936017907,3
5731,1,13,8,10,-15.702434313684371,3
5732,94,25,16,19,-15.716237844212396,6
5733,80,13,75,10,-15.71805205236554,3
5734,35,12,80,9,-15.72406211872363,3
5735,77,14,37,10,-15.73169378416834,4
5736,96,16,93,12,-15.73319462766121,4
5737,13,25,30,17,-15.73369477818348,8
5738,57,20,7,13,-15.746440629237659,7
5739,35,10,75,8,-15.755761764469415,2
5740,112,21,60,16,-15.76751846849548,5
5741,37,10,15,8,-15.78269510258246,2
5742,12,12,75,8,-15.785867542761379,4
5743,77,16,8,12,-15.792942369486319,4
5744,70,10,48,7,-15.796496446665468,3
5745,35,12,87,8,-15.83062454624883,4
5746,31,45,16,33,-15.837412153743443,12
5747,2,10,60,7,-15.84205677205398,3
5748,39,18,99,14,-15.84878961626863,4
5749,12,15,41,11,-15.852631956602023,4
5750,91,11,76,9,-15.872477419459234,2
5751,8,18,34,13,-15.876296726362224,5
5752,72,16,28,12,-15.894403574800393,4
5753,9,30,53,22,-15.894615033798411,8
5754,70,13,80,11,-15.90133341789594,2
5755,9,26,41,19,-15.923207095513275,7
5756,63,13,14,9,-15.961958621197994,4
5757,5,18,41,12,-16.050377082501456,6
5758,83,12,23,9,-16.123810814063006,3
5759,102,10,43,7,-16.154622115934174,3
5760,11,12,30,9,-16.16112498926937,3
5761,9,13,48,10,-16.236645292462978,3
5762,69,21,53,15,-16.247322250303586,6
5763,7,16,61,11,-16.426968020447948,5
5764,25,25,11,20,-16.429746187224737,5
5765,55,15,14,12,-16.464885141480416,3
5766,88,17,80,12,-16.477538046034613,5
5767,3,18,63,15,-16.488578447376668,3
5768,36,10,101,8,-16.627946704419497,2
5769,41,12,30,8,-16.67014747818193,4
5770,71,15,95,10,-16.72675418994599,5
5771,29,21,88,16,-16.771071942053304,5
5772,76,10,1,7,-16.815372977495876,3
5773,30,14,95,10,-16.836817117204564,4
5774,97,14,38,11,-16.838290194315167,3
5775,109,11,15,9,-16.89170612213505,2
5776,31,10,38,6,-16.97274158238424,4
5777,50,16,77,13,-16.97319460562341,3
5778,87,12,34,9,-16.98781036825935,3
5779,46,11,43,8,-16.991693442801246,3
5780,51,13,34,10,-17.050470848560973,3
5781,79,13,104,9,-17.056081750892357,4
5782,1,14,18,11,-17.058153705270225,3
5783,13,17,80,12,-17.06375198393908,5
5784,20,12,60,9,-17.12579419517071,3
5785,78,11,27,10,-17.136317360073022,1
5786,5,22,27,16,-17.186967099907662,6
5787,35,12,63,9,-17.190706154289504,3
5788,106,10,35,7,-17.319051156851785,3
5789,39,10,45,7,-17.32115834390289,3
5790,68,27,112,20,-17.405832718791217,7
5791,19,11,55,8,-17.435802328445057,3
5792,18,14,23,10,-17.468338798211544,4
5793,83,11,110,9,-17.575104905290946,2
5794,77,18,16,14,-17.61931989103236,4
5795,57,12,34,9,-17.642040510861822,3
5796,3,11,5,7,-17.694163901939547,4
5797,55,12,44,9,-17.771847163193563,3
5798,5,18,30,15,-17.81053305502534,3
5799,8,10,69,8,-17.824588271872045,2
5800,88,17,32,13,-17.824594134673823,4
5801,114,11,111,8,-17.846918134233796,3
5802,43,16,55,14,-17.88766939591472,2
5803,68,21,95,18,-17.962668451083434,3
5804,33,18,55,14,-17.969879843551904,4
5805,69,12,78,9,-18.00327037631838,3
5806,3,24,84,17,-18.016567455129117,7
5807,28,28,90,22,-18.060877876686433,6
5808,65,29,100,24,-18.208500508458588,5
5809,103,10,109,7,-18.37872283171988,3
5810,18,10,5,8,-18.464269170029826,2
5811,112,12,80,9,-18.494455275967958,3
5812,33,14,65,11,-18.512762180418843,3
5813,31,15,106,11,-18.52908676481624,4
5814,102,11,30,8,-18.53374521303684,3
5815,43,11,45,8,-18.574891926068155,3
5816,68,15,50,11,-18.68712791744929,4
5817,28,17,99,13,-18.754584808369174,4
5818,77,10,100,8,-18.785807393142274,2
5819,47,11,55,8,-18.857554518412744,3
5820,11,10,2,8,-18.92308479788875,2
5821,4,13,98,11,-18.936498509144613,2
5822,106,10,92,8,-19.041690772468705,2
5823,2,10,100,7,-19.143504228869272,3
5824,54,16,4,14,-19.244087603842104,2
5825,18,14,99,11,-19.290873438644514,3
5826,36,19,30,17,-19.30529767168729,2
5827,58,19,86,15,-19.384187711945845,4
5828,51,10,101,8,-19.538804927619935,2
5829,51,10,94,8,-19.678230206250994,2
5830,32,12,95,10,-19.760326388824467,2
5831,68,15,100,11,-19.919601065708385,4
5832,94,11,85,9,-19.99391792955888,2
5833,84,11,7,9,-20.072751797902637,2
5834,112,11,49,9,-20.081273718937805,2
5835,43,10,78,8,-20.12217678902932,2
5836,28,11,43,8,-20.232603750970075,3
5837,10,15,51,12,-20.332726180509006,3
5838,5,10,64,8,-20.37578731830582,2
5839,35,11,48,9,-20.438098241934796,2
5840,112,20,78,16,-20.501825468968363,4
5841,9,23,27,18,-20.73849836766573,5
5842,68,11,90,9,-20.787956198015944,2
5843,79,10,30,8,-20.824119521738712,2
5844,38,11,55,9,-20.87506721402826,2
5845,107,14,19,13,-21.177025835811005,1
5846,81,13,49,10,-21.20955753114466,3
5847,10,13,112,10,-21.234179723414762,3
5848,77,10,98,8,-21.266559747636286,2
5849,91,16,104,15,-21.31971827875211,1
5850,51,16,2,12,-21.322170492802826,4
5851,109,10,12,9,-21.32950515182345,1
5852,51,19,90,17,-21.393287092982963,2
5853,4,13,25,11,-21.42004260246313,2
5854,4,15,41,10,-21.480590173913868,5
5855,31,12,62,9,-21.790941067775986,3
5856,97,12,91,10,-22.175648770183788,2
5857,3,12,30,11,-22.297017461985927,1
5858,8,11,4,10,-23.17790508365148,1
5859,57,11,26,9,-23.524985632767628,2
5860,31,10,15,8,-23.60998987148027,2
5861,69,11,27,9,-23.965125451311458,2
5862,97,11,34,9,-24.058676404388496,2
5863,97,12,73,9,-24.10757303293757,3
5864,3,16,75,14,-24.194103806582213,2
5865,77,17,75,15,-26.826580833678783,2
5866,23,12,90,11,-27.953563540615974,1
5867,37,11,44,11,-29.883498899257123,0
