,againstHero,games,hero,losses,shift,wins
0,112,10,102,1,30.406521473655896,9
1,44,11,37,0,29.883498899257123,11
2,90,12,23,1,27.953563540615978,11
3,75,17,77,2,26.826580833678786,15
4,75,16,3,2,24.194103806582213,14
5,73,12,97,3,24.10757303293757,9
6,34,11,97,2,24.058676404388496,9
7,112,11,57,2,24.035129593266095,9
8,27,11,69,2,23.96512545131146,9
9,15,10,31,2,23.609989871480266,8
10,26,11,57,2,23.524985632767628,9
11,4,11,8,1,23.177905083651492,10
12,80,14,112,3,22.742433885358178,11
13,30,12,3,1,22.29701746198592,11
14,91,12,97,2,22.175648770183788,10
15,62,12,31,3,21.79094106777599,9
16,100,17,68,4,21.727189905119374,13
17,41,15,4,5,21.480590173913868,10
18,25,13,4,2,21.42004260246313,11
19,90,20,51,3,21.39328709298296,17
20,12,10,109,1,21.32950515182345,9
21,2,16,51,4,21.322170492802822,12
22,104,16,91,1,21.319718278752113,15
23,98,10,77,2,21.266559747636286,8
24,112,13,10,3,21.23417972341476,10
25,49,13,81,3,21.209557531144654,10
26,110,10,43,2,21.055981543018305,8
27,19,15,107,1,20.94464287974046,14
28,55,11,38,2,20.87506721402826,9
29,30,10,79,2,20.824119521738705,8
30,90,11,68,2,20.787956198015944,9
31,27,23,9,5,20.738498367665727,18
32,48,11,35,2,20.438098241934792,9
33,64,10,5,2,20.375787318305825,8
34,29,11,57,2,20.355488402960383,9
35,51,15,10,3,20.332726180509006,12
36,43,11,28,3,20.23260375097008,8
37,7,11,84,2,20.072751797902637,9
38,85,11,94,2,19.99391792955888,9
39,95,12,32,2,19.760326388824463,10
40,101,10,51,2,19.538804927619935,8
41,86,19,58,4,19.384187711945845,15
42,30,19,36,2,19.30529767168729,17
43,99,14,18,3,19.290873438644514,11
44,4,16,54,2,19.2440876038421,14
45,17,10,79,2,19.14895530451652,8
46,100,10,2,3,19.14350422886928,7
47,92,10,106,2,19.041690772468705,8
48,98,13,4,2,18.936498509144613,11
49,2,10,11,2,18.923084797888755,8
50,55,11,47,3,18.857554518412744,8
51,100,10,77,2,18.78580739314227,8
52,99,17,28,4,18.754584808369174,13
53,50,15,68,4,18.68712791744929,11
54,34,13,57,3,18.630835458538126,10
55,45,11,43,3,18.574891926068155,8
56,106,15,31,4,18.52908676481624,11
57,65,14,33,3,18.51276218041885,11
58,49,10,18,2,18.47715007090462,8
59,5,10,18,2,18.464269170029823,8
60,109,10,103,3,18.37872283171988,7
61,90,28,28,6,18.060877876686437,22
62,78,22,112,5,18.00765085252849,17
63,55,18,33,4,17.969879843551904,14
64,95,21,68,3,17.962668451083438,18
65,103,11,17,2,17.94587086063706,9
66,55,16,43,2,17.887669395914717,14
67,111,11,114,3,17.846918134233796,8
68,32,17,88,4,17.82459413467382,13
69,69,10,8,2,17.824588271872045,8
70,30,18,5,3,17.81053305502534,15
71,44,12,55,3,17.77184716319356,9
72,5,11,3,4,17.694163901939547,7
73,16,18,77,4,17.61931989103236,14
74,110,11,83,2,17.575104905290946,9
75,30,13,11,3,17.572520449971933,10
76,112,30,68,7,17.570355590525303,23
77,103,11,68,3,17.55784937746984,8
78,23,14,18,4,17.468338798211544,10
79,55,11,19,3,17.435802328445057,8
80,45,10,39,3,17.32115834390289,7
81,35,10,106,3,17.319051156851785,7
82,63,12,35,3,17.190706154289504,9
83,27,22,5,6,17.18696709990766,16
84,48,14,9,3,17.18456919178544,11
85,41,28,9,7,17.159883472781484,21
86,94,11,57,3,17.150341769192554,8
87,27,11,78,1,17.136317360073022,10
88,60,12,20,3,17.12579419517071,9
89,80,17,13,5,17.063751983939074,12
90,18,14,1,3,17.058153705270225,11
91,104,13,79,4,17.056081750892357,9
92,48,11,70,3,17.04295857723929,8
93,100,31,65,6,17.003977982643583,25
94,43,11,46,3,16.991693442801246,8
95,77,16,50,3,16.97319460562341,13
96,38,10,31,4,16.97274158238424,6
97,20,19,112,4,16.964936240764274,15
98,13,12,10,3,16.892767460419815,9
99,79,10,57,3,16.88799255534893,7
100,49,12,112,3,16.877379434776067,9
101,38,14,97,3,16.838290194315167,11
102,95,14,30,4,16.836817117204568,10
103,1,10,76,3,16.815372977495876,7
104,88,21,29,5,16.771071942053304,16
105,95,15,71,5,16.72675418994599,10
106,30,12,41,4,16.67014747818193,8
107,101,10,36,2,16.6279467044195,8
108,80,17,88,5,16.47753804603461,12
109,14,15,55,3,16.464885141480416,12
110,15,14,109,3,16.44720740462248,11
111,11,25,25,5,16.429746187224733,20
112,61,16,7,5,16.42696802044795,11
113,53,21,69,6,16.247322250303586,15
114,76,10,79,2,16.246721403642802,8
115,100,10,78,2,16.210411464087542,8
116,43,10,102,3,16.154622115934178,7
117,23,12,83,3,16.123810814063006,9
118,71,15,112,4,16.116875921028473,11
119,41,18,5,6,16.05037708250146,12
120,81,10,27,3,15.962240733349198,7
121,14,13,63,4,15.961958621197992,9
122,80,13,70,2,15.901333417895936,11
123,53,30,9,8,15.894615033798411,22
124,30,26,13,8,15.883892019395324,18
125,84,25,3,8,15.87688434126543,17
126,76,11,91,2,15.872477419459232,9
127,41,15,12,4,15.852631956602023,11
128,99,18,39,4,15.84878961626863,14
129,60,10,2,3,15.842056772053983,7
130,16,45,31,12,15.837412153743443,33
131,8,17,77,4,15.792942369486319,13
132,75,12,12,4,15.785867542761377,8
133,15,10,37,2,15.78269510258246,8
134,75,10,35,2,15.755761764469415,8
135,7,20,57,7,15.746440629237663,13
136,93,16,96,4,15.733194627661211,12
137,37,14,77,4,15.73169378416834,10
138,80,12,35,3,15.72406211872363,9
139,75,13,80,3,15.718052052365534,10
140,8,13,1,3,15.702434313684373,10
141,78,11,43,3,15.699752571068752,8
142,87,13,35,4,15.683184050777024,9
143,65,23,58,7,15.653154983328356,16
144,87,10,38,3,15.648595936017909,7
145,90,13,97,4,15.621888085765939,9
146,106,11,85,3,15.60573196351404,8
147,4,14,45,4,15.600891470448106,10
148,23,20,5,5,15.563915929412016,15
149,104,12,31,4,15.561592201078605,8
150,25,11,14,2,15.536643242754739,9
151,37,11,10,4,15.516949569025604,7
152,89,10,106,4,15.508251121091039,6
153,104,18,2,6,15.503443707499333,12
154,69,15,31,5,15.502962092044205,10
155,112,22,84,6,15.486639525748984,16
156,73,25,107,8,15.460672720698525,17
157,49,14,25,4,15.43786379260084,10
158,98,12,46,4,15.381140721878971,8
159,18,13,37,3,15.368965567811566,10
160,27,16,84,5,15.25927559885531,11
161,61,15,68,4,15.24709195978541,11
162,30,13,43,3,15.232406371172788,10
163,100,13,11,4,15.179784599525844,9
164,41,17,71,4,15.16238863659133,13
165,34,11,70,3,15.101320383881482,8
166,111,10,69,3,15.0816233253005,7
167,81,17,94,6,15.053941840602283,11
168,25,18,99,5,15.014737107768298,13
169,45,10,75,2,15.003649946946844,8
170,38,11,57,4,15.001479354971178,7
171,15,22,51,7,14.985848411853583,15
172,95,21,17,5,14.970865650802967,16
173,55,10,112,2,14.907032679929213,8
174,8,10,108,2,14.883275708091887,8
175,110,12,28,4,14.860268273313302,8
176,51,24,81,8,14.806900687075016,16
177,75,36,54,11,14.806584486593527,25
178,108,10,27,3,14.77653090302386,7
179,57,10,2,3,14.75670329182861,7
180,114,26,109,6,14.744077219906968,20
181,32,14,106,3,14.741977351969275,11
182,100,10,31,3,14.730848989291463,7
183,114,19,83,5,14.712530964906872,14
184,9,10,94,4,14.704426445452436,6
185,69,13,18,4,14.69589661715718,9
186,3,10,35,3,14.67345115895829,7
187,14,11,97,2,14.634263785488013,9
188,50,12,99,4,14.581629542155014,8
189,74,19,62,5,14.57027413820892,14
190,108,11,9,4,14.533752266696009,7
191,73,12,37,4,14.533349572792922,8
192,13,12,2,4,14.516038794033767,8
193,111,10,27,2,14.504025956772896,8
194,45,18,51,5,14.493324057948724,13
195,34,12,25,3,14.468789684868277,9
196,73,10,2,3,14.457830254043136,7
197,44,12,5,3,14.447481002517355,9
198,80,11,14,4,14.435345395194508,7
199,108,26,70,7,14.42739364927628,19
200,40,10,83,2,14.347262135245902,8
201,7,27,77,8,14.33556677589385,19
202,80,37,63,10,14.322048676220186,27
203,108,10,112,3,14.316449946299116,7
204,31,12,57,4,14.310689026630849,8
205,47,15,112,5,14.309777431810545,10
206,80,18,50,4,14.309192739594003,14
207,46,11,102,3,14.30749471315205,8
208,34,12,37,3,14.30057126443514,9
209,30,15,77,4,14.240898393688356,11
210,63,11,66,3,14.209916362631539,8
211,20,15,3,4,14.188922367828338,11
212,41,11,80,3,14.18671629223256,8
213,15,10,63,3,14.178625851059422,7
214,30,10,61,3,14.166437622294247,7
215,76,10,48,2,14.14365024884622,8
216,40,29,77,8,14.048771071022596,21
217,17,13,78,4,14.004806467939442,9
218,69,11,91,4,13.993001551531528,7
219,16,29,94,8,13.982346873985337,21
220,111,12,75,4,13.972281809419963,8
221,40,24,71,7,13.948125771645659,17
222,91,11,109,3,13.946188604720339,8
223,75,19,69,5,13.942304484906579,14
224,37,11,112,3,13.937736127059294,8
225,100,10,40,3,13.927928921941099,7
226,60,22,112,6,13.909226533638929,16
227,54,17,76,5,13.892444764564262,12
228,15,21,9,8,13.885985712809912,13
229,60,11,48,3,13.885009960764796,8
230,53,19,50,6,13.883151416746285,13
231,11,13,83,3,13.863860744018647,10
232,98,17,31,6,13.805084918983171,11
233,13,74,31,23,13.800549608099516,51
234,15,12,76,4,13.798152225410016,8
235,97,11,112,2,13.794615799527321,9
236,43,17,53,4,13.791105639936726,13
237,13,11,79,3,13.782362267237675,8
238,30,18,69,6,13.733696768023911,12
239,63,14,33,4,13.733555706081617,10
240,63,25,31,7,13.714594813504092,18
241,63,22,3,5,13.713969327820672,17
242,104,14,44,4,13.703910249073422,10
243,92,16,86,5,13.67676060817369,11
244,93,12,46,3,13.65474091099076,9
245,34,13,68,4,13.651475173869176,9
246,38,10,3,3,13.612373842695769,7
247,15,10,74,3,13.569326307429137,7
248,64,18,104,5,13.54129056151704,13
249,74,11,103,3,13.53565105452587,8
250,104,15,38,5,13.530669032796665,10
251,7,11,66,4,13.514093541012448,7
252,34,13,87,4,13.467117948828713,9
253,26,24,86,6,13.454427406615018,18
254,93,10,90,3,13.452391800759148,7
255,102,17,55,5,13.448934349992445,12
256,36,15,35,4,13.440272285829963,11
257,25,12,32,5,13.427877456338663,7
258,75,15,53,5,13.423496737137006,10
259,91,11,112,3,13.423237527272482,8
260,104,12,35,4,13.369677424437178,8
261,55,11,32,4,13.36363963009391,7
262,78,29,51,11,13.359227652506744,18
263,16,18,83,5,13.351235477213141,13
264,100,12,57,4,13.34862959290863,8
265,28,17,72,5,13.339188061408779,12
266,87,28,114,10,13.329695440899371,18
267,18,12,46,3,13.322032493347338,9
268,47,16,18,4,13.317575135316673,12
269,50,17,46,6,13.310329365776974,11
270,64,19,106,6,13.295192075566398,13
271,7,12,99,4,13.274517260788409,8
272,102,31,5,10,13.269431869962297,21
273,95,23,11,6,13.26328800508424,17
274,11,39,96,12,13.25258237771624,27
275,34,20,8,6,13.249778250312284,14
276,95,36,88,11,13.24512473637818,25
277,8,16,41,4,13.244566662838952,12
278,36,18,54,6,13.217744798273172,12
279,94,13,51,4,13.20979687229361,9
280,11,22,70,6,13.174919150937761,16
281,97,12,35,3,13.159538935863281,9
282,95,28,37,7,13.149042342745604,21
283,58,20,69,7,13.143252537005832,13
284,53,15,77,5,13.125923769197524,10
285,83,10,70,4,13.118339150755117,6
286,100,13,102,3,13.116016377909167,10
287,98,12,88,3,13.09482237083463,9
288,84,11,108,3,13.07106461175519,8
289,28,21,112,6,13.067763256870427,15
290,43,15,91,4,13.046946068237395,11
291,91,29,60,10,12.952631394075715,19
292,34,14,51,4,12.934608487352977,10
293,41,13,84,4,12.931428566792913,9
294,20,20,9,6,12.923964780165193,14
295,78,16,8,5,12.921729498024693,11
296,18,10,19,3,12.906348402552078,7
297,98,12,75,4,12.900340980932176,8
298,2,21,65,5,12.890027578518202,16
299,23,14,45,4,12.875487654765548,10
300,27,19,109,7,12.854514856980066,12
301,63,11,19,3,12.824791428015688,8
302,49,20,104,6,12.812277987885736,14
303,104,20,27,5,12.796343894614777,15
304,54,12,81,4,12.757047966098476,8
305,100,10,3,3,12.750403478929712,7
306,95,10,36,3,12.746346244298937,7
307,33,14,106,4,12.736963404825662,10
308,46,24,106,9,12.725492516069492,15
309,111,16,88,4,12.710530076381987,12
310,29,14,68,4,12.697690451926613,10
311,48,14,5,4,12.657719903594751,10
312,58,15,39,4,12.586107695941518,11
313,57,27,5,8,12.572003913811171,19
314,98,27,87,8,12.540784384215351,19
315,54,14,58,5,12.535089602873327,9
316,75,27,5,10,12.535083552437033,17
317,55,12,103,3,12.517980336309982,9
318,80,10,49,4,12.50914199523895,6
319,36,17,50,7,12.423703215189779,10
320,79,17,87,4,12.368409888374778,13
321,104,39,46,13,12.353574327141933,26
322,67,12,97,3,12.35346782744064,9
323,34,13,104,4,12.352990002767113,9
324,78,10,20,3,12.337947782230119,7
325,100,13,84,3,12.308722877214048,10
326,47,24,60,7,12.306617941323184,17
327,98,29,96,9,12.301665445316493,20
328,58,12,112,4,12.274503829909492,8
329,39,16,85,6,12.259649528892556,10
330,32,10,39,3,12.25900875776762,7
331,71,11,84,3,12.255989147154674,8
332,48,27,54,9,12.230401373927076,18
333,74,22,60,8,12.230302476711508,14
334,75,19,43,5,12.224767647713705,14
335,43,14,9,5,12.224469441855378,9
336,78,11,106,3,12.210243252742755,8
337,7,18,76,7,12.19661731578168,11
338,109,17,39,4,12.189314131019263,13
339,107,21,99,7,12.174640608684571,14
340,77,24,51,9,12.161499329151763,15
341,2,22,70,8,12.153236389251056,14
342,49,16,69,6,12.141331671554795,10
343,19,11,31,3,12.140248760143196,8
344,92,12,63,5,12.136993324985582,7
345,1,12,12,4,12.121434397869615,8
346,15,13,55,3,12.101702748474299,10
347,107,15,103,4,12.08956039909795,11
348,34,14,20,4,12.080633416209027,10
349,30,18,91,5,12.061464887561753,13
350,1,18,63,7,12.054495717242014,11
351,58,16,13,4,12.037688148626765,12
352,1,12,104,4,12.020108292717422,8
353,100,10,76,4,12.005567208991717,6
354,109,11,98,3,11.980585816049416,8
355,37,16,60,6,11.9668638856867,10
356,50,11,72,3,11.966306538639385,8
357,104,14,81,6,11.956844186421009,8
358,53,10,54,3,11.951994898142782,7
359,95,27,18,9,11.951490678023532,18
360,109,11,29,5,11.905733206262543,6
361,62,18,63,6,11.898616241132697,12
362,90,18,104,6,11.89837391797068,12
363,20,12,29,4,11.85416559868577,8
364,78,10,47,4,11.843066191666676,6
365,74,34,28,11,11.834419909257846,23
366,78,10,37,3,11.831707242150298,7
367,63,47,28,14,11.8288664237163,33
368,74,10,64,4,11.828764368523546,6
369,28,16,111,5,11.82030122340792,11
370,83,10,17,4,11.812775268760372,6
371,53,10,91,3,11.811611902058761,7
372,8,21,40,6,11.791921402372775,15
373,44,10,54,3,11.791894285038754,7
374,91,12,65,4,11.784658313781675,8
375,17,18,109,6,11.781743441013703,12
376,55,37,1,11,11.76903355576794,26
377,16,11,67,3,11.761532223804268,8
378,91,13,96,4,11.692854193124042,9
379,34,23,28,7,11.682170467841415,16
380,98,11,48,3,11.678045251552971,8
381,30,33,39,11,11.664507953068155,22
382,30,11,94,4,11.643229108233816,7
383,15,21,18,6,11.590119158022436,15
384,90,15,39,5,11.57797650142359,10
385,33,15,50,5,11.568332857311571,10
386,78,14,69,5,11.56571628477884,9
387,108,10,11,3,11.565275419390533,7
388,36,16,104,6,11.564722196156039,10
389,111,10,71,3,11.563837134119533,7
390,74,15,76,6,11.544600382799558,9
391,80,10,30,3,11.535434430621326,7
392,63,10,94,3,11.526010775087409,7
393,57,19,63,7,11.49963226954776,12
394,100,25,54,8,11.463480826656635,17
395,47,14,81,4,11.445134927289029,10
396,114,39,106,13,11.417874917507987,26
397,60,28,69,11,11.415693819512112,17
398,29,10,95,3,11.401888238693152,7
399,76,23,35,8,11.396918545348738,15
400,4,11,38,3,11.395009854616484,8
401,107,14,10,5,11.38119632500004,9
402,104,21,71,8,11.370166649530528,13
403,86,20,52,6,11.33652830385731,14
404,64,12,20,3,11.33130846260478,9
405,100,25,87,10,11.317017543012373,15
406,50,38,20,12,11.31681648660145,26
407,7,25,96,7,11.300422106484014,18
408,80,10,5,3,11.295210617596885,7
409,2,14,55,5,11.276816159574059,9
410,75,52,7,17,11.274663385996204,35
411,28,10,103,3,11.258889995972657,7
412,90,12,48,4,11.252381363492233,8
413,87,29,70,11,11.250414739740135,18
414,107,16,83,5,11.249585120390279,11
415,40,13,81,4,11.249205674756393,9
416,95,28,51,8,11.244919045567018,20
417,75,17,109,5,11.242273446455997,12
418,30,42,107,14,11.239112957611853,28
419,38,12,112,3,11.230403622900138,9
420,46,20,96,8,11.223825219116966,12
421,73,13,51,4,11.219804453521853,9
422,98,18,106,6,11.217270403208776,12
423,25,15,3,5,11.214634960222732,10
424,100,12,46,4,11.210309669403356,8
425,89,11,1,4,11.209011069389932,7
426,114,45,65,16,11.207925536927627,29
427,6,12,61,4,11.200388242698187,8
428,43,16,4,6,11.162760468553993,10
429,55,13,85,4,11.149931721802192,9
430,75,16,38,4,11.14383618558865,12
431,46,15,70,5,11.123543654837002,10
432,40,10,19,3,11.104417905023016,7
433,74,13,32,4,11.101664191982366,9
434,78,13,80,4,11.097915766170063,9
435,75,13,29,5,11.096282078020437,8
436,62,11,57,3,11.089901365863183,8
437,29,17,19,5,11.087554659211108,12
438,19,17,54,7,11.077532313763603,10
439,13,74,88,24,11.06546945163849,50
440,99,11,11,4,11.04788337752713,7
441,32,12,114,4,11.045874107216177,8
442,53,41,88,13,11.023031682203495,28
443,41,14,92,5,11.016394202336144,9
444,98,10,68,3,11.014423279510455,7
445,15,13,71,4,11.00914391321026,9
446,3,11,109,4,11.003830469772147,7
447,56,13,107,5,11.000292497508868,8
448,51,20,110,6,11.000148170458745,14
449,50,37,88,13,10.986958086725295,24
450,89,10,13,4,10.939542022741618,6
451,27,14,64,4,10.925557497140753,10
452,98,16,29,5,10.909698341629543,11
453,73,17,5,6,10.907383059794872,11
454,102,10,35,4,10.903207987031468,6
455,63,20,69,6,10.901230458210245,14
456,111,21,41,8,10.875724405637953,13
457,71,16,77,5,10.872072685026803,11
458,37,46,54,15,10.870093974692763,31
459,106,17,81,7,10.816681182916202,10
460,100,10,29,4,10.811451389513943,6
461,104,27,77,9,10.795670361212093,18
462,55,25,91,7,10.791612827626562,18
463,59,11,7,3,10.771239818059199,8
464,63,11,72,3,10.764095493593645,8
465,27,27,31,11,10.758919665279384,16
466,13,45,18,16,10.738363532449275,29
467,54,11,111,3,10.714143810197228,8
468,43,13,36,5,10.713552025008548,8
469,76,30,68,7,10.70734350595971,23
470,51,25,74,7,10.704030149650722,18
471,48,32,107,11,10.694845948293114,21
472,5,25,98,9,10.66291868554062,16
473,30,20,64,7,10.642272986004784,13
474,98,18,71,6,10.627953776602759,12
475,16,12,101,4,10.622717697482882,8
476,7,31,91,9,10.609100286101588,22
477,26,10,28,3,10.592168464369761,7
478,95,15,9,6,10.569002592922953,9
479,71,19,54,7,10.563773271372229,12
480,28,17,40,7,10.551622113062637,10
481,27,30,60,9,10.546088726491146,21
482,86,16,56,5,10.543126647721753,11
483,27,15,77,5,10.538944491899201,10
484,71,19,97,6,10.5235339621969,13
485,27,27,36,10,10.523349599331352,17
486,89,14,37,6,10.519274673853001,8
487,114,12,12,5,10.50495457801322,7
488,75,14,102,4,10.47886729381523,10
489,75,35,8,11,10.477015226263449,24
490,23,12,77,4,10.472073733658851,8
491,6,10,31,4,10.459894630543896,6
492,64,25,112,7,10.447348803692252,18
493,44,16,39,6,10.434810009571377,10
494,95,19,114,7,10.422604339796184,12
495,110,11,7,5,10.422576579231729,6
496,11,32,84,11,10.414151914532594,21
497,75,13,57,4,10.387723743034115,9
498,106,16,93,6,10.37915501513517,10
499,9,12,12,4,10.366855545040103,8
500,65,38,93,15,10.357494219723515,23
501,94,10,7,3,10.355621654064773,7
502,16,26,1,7,10.345699287153877,19
503,37,13,1,5,10.342164269053148,8
504,7,14,81,6,10.32158298772756,8
505,107,29,31,13,10.30345756995746,16
506,49,11,29,4,10.30099349448638,7
507,30,11,102,4,10.296833808784982,7
508,38,12,54,4,10.280232127604943,8
509,85,15,50,5,10.26203922127155,10
510,77,12,99,3,10.252199704478638,9
511,67,16,106,6,10.252161434234207,10
512,16,44,18,14,10.239548895772598,30
513,28,27,68,8,10.229548768409218,19
514,63,35,91,11,10.225389928816243,24
515,30,17,31,7,10.214096274935343,10
516,25,24,68,8,10.211790433098953,16
517,10,14,28,4,10.207926130943799,10
518,11,36,37,12,10.20717474941383,24
519,91,24,39,8,10.206322081312438,16
520,114,16,57,5,10.202940786046575,11
521,48,24,96,8,10.200121519345739,16
522,98,15,2,6,10.198603389321667,9
523,71,13,33,4,10.195530501937561,9
524,97,41,37,14,10.190687502541845,27
525,76,13,57,4,10.181023937949497,9
526,89,13,104,5,10.17868688184359,8
527,6,12,9,5,10.175309866966636,7
528,43,29,86,9,10.173097117221216,20
529,92,16,68,5,10.14730683848729,11
530,96,11,23,4,10.143008283174426,7
531,53,37,31,14,10.136338371296793,23
532,92,10,109,3,10.132066653367776,7
533,17,18,60,6,10.12863063958789,12
534,8,10,35,3,10.118762046100299,7
535,50,20,102,8,10.118106239071224,12
536,53,21,17,7,10.11768769756885,14
537,53,36,36,11,10.114732824687987,25
538,18,24,8,7,10.103008591242306,17
539,89,11,74,4,10.093150392265771,7
540,23,17,17,6,10.090670558592322,11
541,79,12,106,4,10.079963228120917,8
542,40,16,49,6,10.077718304922938,10
543,13,23,83,8,10.067954696106945,15
544,63,31,76,10,10.049351171103778,21
545,80,19,51,7,10.049293803677342,12
546,44,10,38,3,10.048373138060269,7
547,39,29,43,11,10.035622734323454,18
548,110,13,107,4,10.03472132274693,9
549,11,14,18,5,10.031989827572826,9
550,95,25,65,9,9.987438820754939,16
551,73,18,88,6,9.974203425238965,12
552,63,48,84,18,9.967741289394295,30
553,63,45,88,14,9.955054334971098,31
554,87,20,81,9,9.92521789350872,11
555,95,10,2,3,9.920312629990502,7
556,8,23,15,9,9.913275414610844,14
557,107,21,102,8,9.900916609628295,13
558,100,11,38,3,9.89382268344099,8
559,18,39,39,13,9.885046818102031,26
560,2,17,54,5,9.883928701627934,12
561,17,15,71,6,9.874078720771614,9
562,76,12,18,4,9.847622493503502,8
563,30,16,63,6,9.842696842263113,10
564,53,10,98,4,9.839111782848335,6
565,16,12,10,4,9.837247209773244,8
566,54,13,57,3,9.824315369895016,10
567,104,25,75,9,9.822163907084754,16
568,40,24,17,8,9.815776001763279,16
569,64,17,37,6,9.810222324765896,11
570,87,35,9,14,9.798770018552649,21
571,62,10,93,4,9.798162399200404,6
572,63,11,61,3,9.795863144147216,8
573,11,11,71,4,9.793856230234496,7
574,40,25,3,8,9.786955757231253,17
575,37,24,83,9,9.783726366978417,15
576,30,12,52,4,9.763146241314214,8
577,60,23,29,9,9.749299847855864,14
578,17,18,9,7,9.748042408416225,11
579,100,11,70,4,9.741790049682665,7
580,89,13,16,5,9.733195931265595,8
581,16,16,32,6,9.72172092201369,10
582,43,19,31,10,9.720852773553682,9
583,85,13,13,4,9.717007051558657,9
584,75,18,11,7,9.71088785220573,11
585,102,33,86,11,9.70383463978044,22
586,53,18,3,6,9.694466592939397,12
587,53,12,38,4,9.664145468055217,8
588,100,12,71,4,9.66068752031631,8
589,111,16,63,6,9.656549842780759,10
590,68,12,33,4,9.656188717278724,8
591,41,15,17,5,9.654478177971624,10
592,22,10,114,5,9.649313306364819,5
593,48,23,79,8,9.646370149116427,15
594,109,36,8,14,9.641625939928552,22
595,93,10,104,4,9.637966581885273,6
596,78,10,114,4,9.632244308821944,6
597,41,23,53,8,9.631953807885303,15
598,70,17,109,6,9.623350653501726,11
599,76,16,9,5,9.621504571842449,11
600,99,14,8,6,9.61106559286031,8
601,83,18,84,7,9.609473734372159,11
602,8,13,53,4,9.596286006275326,9
603,80,14,39,5,9.589468521855673,9
604,11,25,109,8,9.585833860536326,17
605,15,31,88,9,9.582914300229938,22
606,73,20,7,8,9.582485903794176,12
607,100,18,60,6,9.573778234111991,12
608,64,44,60,14,9.569439655645416,30
609,65,27,29,11,9.569239085182382,16
610,13,24,97,9,9.567486234498416,15
611,7,23,19,7,9.559895766747154,16
612,106,13,108,4,9.535201707134298,9
613,78,12,1,4,9.531466280674074,8
614,1,22,31,9,9.525804060927038,13
615,87,16,112,6,9.523536917370144,10
616,20,32,25,11,9.520523686179052,21
617,18,27,9,9,9.520249042639604,18
618,57,37,107,14,9.515541127652218,23
619,104,14,69,4,9.512677665660085,10
620,8,17,36,6,9.51236026695053,11
621,90,14,80,4,9.509239360264802,10
622,114,13,2,5,9.509158562417847,8
623,90,21,13,7,9.506733485788097,14
624,37,22,99,7,9.502759058160713,15
625,37,29,7,11,9.500511382222342,18
626,102,13,60,5,9.490462801517765,8
627,70,10,58,3,9.487562225897108,7
628,75,58,68,19,9.486513066984084,39
629,97,23,51,7,9.463450569827408,16
630,16,47,96,14,9.46295382882651,33
631,102,12,17,4,9.460667678985603,8
632,70,23,57,10,9.457851757619363,13
633,17,10,94,4,9.449116979238093,6
634,32,11,63,4,9.44232166344675,7
635,64,14,92,7,9.432471863302014,7
636,78,19,16,7,9.413276656443085,12
637,108,15,39,6,9.406857006968854,9
638,45,22,107,8,9.39975575090587,14
639,86,21,72,7,9.392937391895078,14
640,63,25,109,10,9.392892060380623,15
641,48,13,51,6,9.391737592298234,7
642,109,11,36,3,9.390936468630548,8
643,80,33,107,11,9.376730084103613,22
644,41,16,77,5,9.374945974938667,11
645,76,17,39,5,9.374915521858481,12
646,104,21,84,8,9.37162724208143,13
647,13,25,94,9,9.369346634832102,16
648,87,14,33,5,9.358610632806945,9
649,23,12,50,3,9.354699302165745,9
650,28,29,2,10,9.34282167881126,19
651,111,15,51,5,9.328246716797016,10
652,68,47,87,17,9.326644896683149,30
653,50,17,70,7,9.316243790355681,10
654,15,18,87,7,9.315321569312852,11
655,64,26,9,8,9.315011792125834,18
656,37,17,27,6,9.314988662643295,11
657,86,15,67,6,9.30654184494345,9
658,100,17,18,7,9.297622647277194,10
659,63,19,77,6,9.291814452323939,13
660,65,17,57,6,9.283766581789788,11
661,75,13,93,5,9.279825087560205,8
662,20,16,90,6,9.25670480461804,10
663,41,29,104,12,9.232545203988776,17
664,70,16,69,5,9.227346228401574,11
665,64,11,81,4,9.217681779438383,7
666,16,19,14,7,9.215741001366093,12
667,13,19,6,7,9.21551599242718,12
668,27,15,4,6,9.214915067697104,9
669,2,12,40,4,9.204153353273352,8
670,73,17,40,6,9.199997222971483,11
671,27,34,65,12,9.198645622918544,22
672,15,13,91,6,9.175439096539632,7
673,41,15,49,6,9.171912615870818,9
674,40,15,102,6,9.171373555966685,9
675,92,15,40,5,9.168940871834318,10
676,53,22,108,9,9.163083344546394,13
677,16,63,106,21,9.160803291418002,42
678,50,43,5,17,9.156049369840707,26
679,9,16,47,6,9.146152811782594,10
680,69,21,68,8,9.139651413697878,13
681,91,22,20,9,9.11515023214943,13
682,92,11,17,4,9.114563540800457,7
683,109,15,31,5,9.11388757240418,10
684,95,34,8,13,9.079209474058969,21
685,44,29,86,10,9.073857704921485,19
686,28,34,75,12,9.068390514566694,22
687,60,23,12,11,9.065174336927504,12
688,10,12,87,4,9.060984306619423,8
689,35,16,45,7,9.040031591861501,9
690,11,13,9,5,9.034750029595234,8
691,54,17,43,7,9.026858404506273,10
692,75,18,100,8,9.024866169547831,10
693,30,16,70,7,9.016092338129877,9
694,5,15,36,6,9.008614310253613,9
695,100,19,43,8,8.981606565772067,11
696,28,15,52,6,8.975367013246691,9
697,76,12,94,4,8.97405454794504,8
698,97,18,36,7,8.970668153566264,11
699,47,20,114,8,8.969382880850322,12
700,43,16,84,6,8.968948746982855,10
701,28,11,32,4,8.963821007682872,7
702,63,34,48,12,8.958044896706859,22
703,100,11,49,5,8.94783461865437,6
704,73,12,31,4,8.938919570135752,8
705,11,10,91,3,8.923724837318142,7
706,110,19,25,6,8.917701672558222,13
707,89,15,107,5,8.908975430626485,10
708,7,20,109,7,8.9080321410632,13
709,12,12,49,3,8.896131245879715,9
710,69,12,97,4,8.888377862411462,8
711,44,20,13,7,8.886721786197054,13
712,38,12,17,5,8.88566473615372,7
713,49,11,53,4,8.876928289416245,7
714,23,16,12,6,8.872217683410865,10
715,32,15,87,5,8.84415502943487,10
716,13,33,3,10,8.836926958786904,23
717,76,10,29,5,8.823565774838297,5
718,63,19,36,7,8.822881427312195,12
719,36,18,47,6,8.810892372607714,12
720,106,10,42,3,8.802546839644418,7
721,39,36,20,15,8.800920294125156,21
722,109,12,77,5,8.789144881364965,7
723,106,23,18,8,8.778191080978742,15
724,39,36,88,13,8.756638990991734,23
725,108,27,13,9,8.751351034715968,18
726,38,14,106,7,8.74501943352997,7
727,104,23,11,8,8.742484307216115,15
728,4,22,17,7,8.727735068009611,15
729,8,26,57,9,8.727187925997562,17
730,58,10,45,4,8.721721801464442,6
731,81,13,69,5,8.721044769504893,8
732,45,15,86,6,8.710518828201982,9
733,63,15,102,6,8.710165699989911,9
734,100,13,94,4,8.706256221291522,9
735,63,35,20,14,8.705248065274409,21
736,30,10,2,4,8.704387763563812,6
737,110,14,39,4,8.694421097429624,10
738,16,26,76,12,8.692110714550006,14
739,76,15,60,4,8.678706996102921,11
740,9,31,31,11,8.678153869820548,20
741,85,10,98,3,8.673802483900154,7
742,41,19,97,7,8.638943706099205,12
743,13,32,69,12,8.635152076913185,20
744,68,29,18,11,8.623169944927229,18
745,51,51,63,21,8.61580742538916,30
746,27,19,53,6,8.613512457869616,13
747,69,15,57,5,8.610432071680039,10
748,51,21,33,6,8.606152418737853,15
749,90,22,50,8,8.598522697494,14
750,110,19,16,7,8.596145036216202,12
751,11,10,38,4,8.595630039069132,6
752,81,20,16,7,8.585952206420341,13
753,95,23,55,8,8.575006509864881,15
754,41,13,3,3,8.570007818582788,10
755,78,19,7,8,8.565348954184037,11
756,78,11,36,4,8.552435160203329,7
757,114,13,62,5,8.54955618000272,8
758,12,13,106,4,8.530975907772834,9
759,34,12,39,5,8.530792842427957,7
760,86,28,48,10,8.527783865058886,18
761,62,23,88,9,8.512625127129992,14
762,91,10,45,4,8.504304930616431,6
763,64,28,40,10,8.496071624321134,18
764,87,37,40,15,8.490974125613958,22
765,75,16,1,5,8.487454866261048,11
766,1,17,87,7,8.486946792849304,10
767,74,14,77,5,8.485489523270209,9
768,15,13,53,5,8.45144556317874,8
769,95,14,96,5,8.45037398259218,9
770,8,32,114,11,8.446067232393613,21
771,41,40,86,14,8.438958336325594,26
772,96,24,70,11,8.437417991026262,13
773,55,20,114,7,8.432483182241098,13
774,73,19,90,7,8.424101991862472,12
775,27,11,19,3,8.413838154117098,8
776,109,14,67,7,8.410228891959628,7
777,80,11,79,5,8.39440233865723,6
778,9,18,104,7,8.393887747252995,11
779,67,10,104,4,8.393331116483226,6
780,78,14,53,6,8.385129502111273,8
781,7,45,25,16,8.37280661834829,29
782,64,11,29,3,8.360354117139725,8
783,7,22,5,8,8.357081514884824,14
784,38,23,65,10,8.354229779220864,13
785,41,32,31,12,8.353957395244583,20
786,39,20,112,8,8.345179878987272,12
787,76,39,51,13,8.339242903099507,26
788,25,15,9,5,8.323455878342044,10
789,102,17,88,5,8.307899790454732,12
790,53,29,30,11,8.306098230837586,18
791,90,31,106,10,8.283845461248372,21
792,16,66,63,25,8.283483649795642,41
793,41,18,91,6,8.276671952774393,12
794,86,19,103,7,8.275383973570774,12
795,48,25,87,9,8.272887403064754,16
796,75,12,76,5,8.269580351796622,7
797,50,34,55,14,8.268886532039616,20
798,37,12,14,5,8.266467835075433,7
799,16,42,46,15,8.265204078980108,27
800,2,12,38,5,8.244738843628978,7
801,94,10,2,4,8.235738884159371,6
802,112,10,79,4,8.23380656767564,6
803,69,21,106,8,8.230262561693124,13
804,85,16,72,5,8.221502081191193,11
805,112,14,40,6,8.221202026655053,8
806,87,24,93,9,8.20135369004028,15
807,74,25,39,10,8.195535087876927,15
808,63,11,89,3,8.19292788894577,8
809,104,35,60,10,8.183651908443375,25
810,50,18,30,7,8.173377893689405,11
811,50,28,71,11,8.165371088482388,17
812,16,32,69,12,8.160441247046853,20
813,107,12,61,5,8.157075963099336,7
814,18,16,112,5,8.155957753880719,11
815,16,38,9,13,8.149237537668299,25
816,4,10,112,4,8.145974306589784,6
817,100,20,112,8,8.137066427491359,12
818,26,10,107,4,8.136960920766814,6
819,100,19,63,8,8.133393706542947,11
820,30,16,46,6,8.09849810603762,10
821,37,42,46,14,8.09589581959515,28
822,60,30,50,13,8.087484578525554,17
823,76,12,108,4,8.086994753980798,8
824,7,15,10,6,8.086365440359023,9
825,109,15,46,6,8.081904977493476,9
826,8,61,5,24,8.080732178020162,37
827,110,16,97,6,8.077466293642946,10
828,53,13,46,5,8.064750592390656,8
829,51,15,91,5,8.060157448942936,10
830,108,19,87,7,8.0530569756161,12
831,20,36,84,11,8.04861670328596,25
832,48,13,108,4,8.047800069948497,9
833,58,26,107,9,8.037629940895535,17
834,75,41,50,14,8.02466935745211,27
835,16,29,3,10,8.021456311959035,19
836,63,12,52,5,8.015196003418383,7
837,35,11,9,5,8.012816785902409,6
838,48,12,25,5,8.01244102921806,7
839,91,31,98,12,8.010154956050265,19
840,27,38,88,16,8.004162194472352,22
841,102,19,96,7,7.9956311609664965,12
842,44,22,6,7,7.994067314889742,15
843,13,16,70,6,7.990308468406848,10
844,5,28,84,11,7.986435375626319,17
845,12,12,4,4,7.976222296376225,8
846,69,19,28,8,7.969459477746216,11
847,12,22,107,7,7.967915897333259,15
848,65,25,5,10,7.967561696591304,15
849,80,12,68,4,7.963368280059832,8
850,23,21,39,8,7.9630880242589255,13
851,13,18,29,8,7.95544012341084,10
852,89,12,53,5,7.9499730264780055,7
853,53,19,61,6,7.9431150632920575,13
854,73,17,87,5,7.942207150258419,12
855,30,41,65,15,7.937351182752284,26
856,18,10,34,3,7.934073113605032,7
857,77,12,64,6,7.9282827223690555,6
858,33,16,20,6,7.928062438364485,10
859,94,14,12,6,7.919437845972353,8
860,54,22,18,9,7.917650548154775,13
861,88,10,82,4,7.912578083642496,6
862,71,13,38,4,7.906029048659733,9
863,78,11,31,5,7.904414780494012,6
864,60,24,81,9,7.879588509675568,15
865,55,17,23,8,7.871570609888838,9
866,100,21,88,8,7.8714372446179155,13
867,102,18,51,7,7.870945415633869,11
868,114,25,90,10,7.8701656835045455,15
869,44,12,35,5,7.859665557157517,7
870,106,26,91,9,7.859341034872018,17
871,15,30,39,10,7.850357643973713,20
872,53,19,109,7,7.841205358929896,12
873,7,11,2,4,7.836909370766421,7
874,8,17,98,6,7.8322640771965775,11
875,107,20,77,8,7.820720701788074,12
876,25,46,46,19,7.8204011950255445,27
877,75,21,49,8,7.802050873504809,13
878,114,12,110,4,7.80031681097971,8
879,50,15,48,5,7.798532000224024,10
880,19,14,57,5,7.787045914345502,9
881,47,10,111,4,7.786638633209644,6
882,13,43,43,19,7.783895328367697,24
883,86,41,76,16,7.781736586232827,25
884,92,14,114,4,7.774797164908212,10
885,11,11,29,5,7.772596001756131,6
886,41,15,81,5,7.770221546669875,10
887,30,20,84,7,7.761740119351768,13
888,50,22,18,9,7.758401768064157,13
889,53,11,73,4,7.756297558195456,7
890,37,49,25,20,7.755599308877524,29
891,16,32,64,11,7.754231430905149,21
892,73,13,54,5,7.746921178252216,8
893,28,14,12,5,7.741725097225164,9
894,44,11,84,5,7.741464370739849,6
895,15,15,1,5,7.73306575970013,10
896,100,42,51,19,7.72981418669231,23
897,46,13,64,5,7.701785189637151,8
898,64,11,11,3,7.699861982788657,8
899,111,25,7,10,7.69032342577198,15
900,5,32,11,12,7.687442157533876,20
901,13,15,76,6,7.686884560878501,9
902,37,29,38,11,7.668156637885108,18
903,37,24,96,10,7.665844925696509,14
904,33,13,31,6,7.647223417443057,7
905,70,11,60,4,7.6464357490262,7
906,97,29,5,10,7.639418302115124,19
907,96,22,80,8,7.6325568595370585,14
908,23,13,91,6,7.630492751883036,7
909,47,13,69,5,7.615142827000194,8
910,18,20,36,8,7.5949028785012285,12
911,58,18,88,7,7.5880987725104365,11
912,72,10,36,4,7.585561627806539,6
913,28,31,114,13,7.584853881328923,18
914,46,12,77,5,7.574271980014295,7
915,34,14,5,4,7.5706698448560905,10
916,40,66,68,24,7.5703219943157025,42
917,107,29,109,11,7.567930415965966,18
918,39,26,38,10,7.546657823994113,16
919,30,10,85,4,7.5440843213091044,6
920,85,10,46,3,7.538229298143679,7
921,6,11,55,3,7.526848268362216,8
922,55,18,77,7,7.520653437888106,11
923,43,10,77,4,7.51711606382523,6
924,88,24,3,9,7.5117017749719,15
925,53,19,12,8,7.511441486905761,11
926,15,13,50,5,7.509982415529958,8
927,29,13,27,3,7.5020140816342025,10
928,27,14,98,6,7.497316272159128,8
929,54,30,60,11,7.494934117874263,19
930,20,42,16,14,7.490661859277886,28
931,108,15,60,6,7.490204395999503,9
932,89,12,68,5,7.483167732526591,7
933,41,11,96,3,7.480521636982391,8
934,15,12,11,5,7.479857576670452,7
935,48,10,89,3,7.476757612743907,7
936,70,14,36,6,7.476080415111229,8
937,108,15,63,6,7.475559971035058,9
938,64,37,31,14,7.4738922265185375,23
939,28,10,81,4,7.472696801730322,6
940,45,12,53,5,7.463487107897495,7
941,47,22,68,8,7.4577050289403894,14
942,37,21,110,9,7.457046552670356,12
943,86,53,97,21,7.453774682156136,32
944,46,30,75,12,7.449361290092638,18
945,8,28,84,10,7.447150756775401,18
946,64,17,43,7,7.43896725456377,10
947,9,13,19,5,7.433517897940031,8
948,34,11,43,4,7.424240308041092,7
949,54,44,109,16,7.42149631612999,28
950,8,19,91,7,7.416456742894205,12
951,36,34,41,16,7.412500474371832,18
952,64,11,19,3,7.409166426273504,8
953,76,14,49,5,7.397729008977233,9
954,1,10,5,4,7.391988711274886,6
955,72,13,51,6,7.389012124503451,7
956,75,50,16,20,7.38842567902132,30
957,86,36,17,16,7.373387885533473,20
958,73,10,71,4,7.37323406519455,6
959,13,35,54,13,7.373225396669799,22
960,34,15,74,5,7.367415754617591,10
961,31,14,80,4,7.367135464628976,10
962,25,16,33,5,7.36592627296452,11
963,77,10,114,4,7.3654772203978025,6
964,49,13,23,5,7.360298065336568,8
965,73,25,8,10,7.35879002547718,15
966,40,41,104,15,7.342291894534163,26
967,11,10,103,3,7.33896872976819,7
968,75,16,2,7,7.332326563651873,9
969,2,32,107,12,7.32884412298255,20
970,70,42,5,17,7.323141246130927,25
971,1,23,65,10,7.319832649719675,13
972,39,24,106,10,7.31226919998241,14
973,34,19,84,8,7.311702019154709,11
974,63,14,85,6,7.301748789802251,8
975,54,33,40,13,7.298767912387551,20
976,62,11,104,3,7.298660521894603,8
977,47,11,61,4,7.295405799949466,7
978,43,31,40,13,7.2876910701836355,18
979,97,16,29,6,7.284915525257299,10
980,13,20,98,7,7.284404613166717,13
981,114,42,13,19,7.284350704257176,23
982,16,110,88,41,7.282392910348155,69
983,55,20,68,7,7.273979151335479,13
984,106,13,57,6,7.272492874678534,7
985,62,10,96,3,7.268496266352443,7
986,110,16,70,6,7.267896542251015,10
987,20,17,98,6,7.267496359610282,11
988,75,19,81,7,7.259552889264539,12
989,86,30,79,11,7.258463117259926,19
990,84,32,39,13,7.257920848438738,19
991,11,12,10,5,7.252899748629005,7
992,98,12,93,5,7.2513528092711335,7
993,46,13,90,5,7.250761878801304,8
994,20,21,41,9,7.246750485082596,12
995,31,14,5,5,7.246607645789562,9
996,20,10,75,4,7.241047227766171,6
997,114,27,40,9,7.240772461331043,18
998,114,14,81,6,7.238705590547007,8
999,54,16,62,6,7.236680580960737,10
1000,13,60,106,23,7.22482230869508,37
1001,35,20,40,7,7.2238461178978355,13
1002,27,13,35,5,7.215256796262466,8
1003,27,15,30,6,7.200183092509692,9
1004,81,32,13,12,7.194897673585073,20
1005,27,20,63,9,7.19472225275396,11
1006,34,14,27,6,7.192554381710402,8
1007,36,16,112,6,7.175574629533441,10
1008,20,19,68,8,7.16589556666434,11
1009,16,16,58,6,7.162671054156505,10
1010,38,18,84,8,7.154125748328736,10
1011,34,12,60,4,7.148158666349012,8
1012,29,14,37,6,7.147246302868531,8
1013,88,10,103,4,7.146583091840611,6
1014,5,17,60,6,7.144002600647477,11
1015,40,50,55,19,7.142420946012768,31
1016,87,27,91,10,7.142016410462965,17
1017,90,26,87,10,7.134749793973535,16
1018,63,58,54,22,7.133964662886907,36
1019,75,57,107,18,7.131800392099847,39
1020,88,11,67,3,7.127393540580368,8
1021,38,14,19,4,7.12483566230394,10
1022,67,12,107,4,7.124134838046416,8
1023,86,30,83,10,7.114862976089345,20
1024,28,20,62,8,7.086204539456473,12
1025,28,35,70,14,7.078735797739843,21
1026,102,14,98,6,7.075813129571894,8
1027,50,14,49,6,7.064134383315743,8
1028,100,21,25,9,7.062312436550092,12
1029,99,18,36,6,7.061516094995872,12
1030,65,16,73,6,7.056062739811479,10
1031,55,25,97,9,7.041738062020972,16
1032,20,10,110,4,7.040932959044509,6
1033,85,24,84,8,7.039561068893882,16
1034,39,57,68,24,7.03302707182893,33
1035,95,15,40,6,7.026458120737083,9
1036,87,27,53,12,7.022639512769477,15
1037,93,26,54,9,7.002072182522706,17
1038,80,13,48,4,6.99747900943173,9
1039,62,15,5,6,6.992708759597391,9
1040,114,19,1,7,6.990089974683044,12
1041,111,23,13,10,6.988942249892523,13
1042,17,20,55,9,6.987444025974705,11
1043,107,26,35,9,6.986606963430158,17
1044,8,17,33,6,6.975602243001775,11
1045,18,23,97,9,6.965163575719862,14
1046,16,34,36,13,6.9623095532486845,21
1047,32,18,104,6,6.95922508638955,12
1048,90,20,63,8,6.95733483322538,12
1049,4,25,51,9,6.952578906103857,16
1050,99,12,88,5,6.93913123202866,7
1051,7,21,46,7,6.935769096747123,14
1052,15,18,3,8,6.9283129913484585,10
1053,75,19,30,8,6.923427737676235,11
1054,114,23,3,8,6.912850093555391,15
1055,13,14,102,4,6.907912883852887,10
1056,76,16,88,7,6.891817282335726,9
1057,90,22,65,10,6.887045978873851,12
1058,114,47,5,19,6.885144276646171,28
1059,106,15,99,5,6.882359612487447,10
1060,11,24,57,11,6.881051495690205,13
1061,3,13,18,4,6.867625983582321,9
1062,60,43,4,19,6.864343045215706,24
1063,9,13,57,5,6.861208808927346,8
1064,114,19,96,7,6.8573207383282995,12
1065,13,29,95,12,6.852052215706936,17
1066,7,99,51,37,6.849475435937799,62
1067,78,18,54,7,6.844050551797868,11
1068,86,80,96,31,6.839782165020975,49
1069,78,14,96,5,6.830515928543477,9
1070,95,25,106,9,6.830338155584792,16
1071,68,69,31,28,6.821634358561019,41
1072,65,14,66,5,6.821265394674894,9
1073,30,22,104,10,6.820606807560422,12
1074,60,17,58,7,6.820272973850589,10
1075,98,40,86,17,6.818936598158919,23
1076,56,13,4,6,6.816273515879696,7
1077,51,20,96,8,6.809158319794973,12
1078,60,18,45,8,6.8022482279138705,10
1079,49,10,71,4,6.800377692667283,6
1080,55,10,31,4,6.798197972656263,6
1081,39,81,51,33,6.781026894224875,48
1082,81,10,108,4,6.778588424753946,6
1083,33,23,107,10,6.763493299081546,13
1084,13,43,23,19,6.759962036733638,24
1085,57,12,109,5,6.758716421545093,7
1086,53,13,90,5,6.752088210585151,8
1087,30,19,18,8,6.749976540021853,11
1088,94,10,71,4,6.748460655059317,6
1089,45,13,68,5,6.747691137383071,8
1090,45,32,7,13,6.743551275422484,19
1091,84,25,48,9,6.7407911051084906,16
1092,40,14,78,4,6.732885786530082,10
1093,74,38,96,14,6.731828732252355,24
1094,14,13,95,5,6.731405281187272,8
1095,86,90,51,39,6.726193388019496,51
1096,8,13,3,7,6.725771044964114,6
1097,100,11,95,5,6.722166987268522,6
1098,65,10,32,4,6.718474357729474,6
1099,28,35,97,13,6.716635909782017,22
1100,39,14,78,6,6.71185999456239,8
1101,83,15,74,7,6.703298030488857,8
1102,111,11,106,3,6.697425895741327,8
1103,7,18,62,7,6.690218008322475,11
1104,54,75,88,30,6.6874207756050055,45
1105,78,25,57,11,6.68038209215525,14
1106,7,50,87,19,6.677586186974331,31
1107,16,68,55,25,6.673907741530192,43
1108,10,12,57,4,6.658857003244836,8
1109,83,11,71,5,6.656205380333864,6
1110,12,13,87,5,6.654704325795005,8
1111,71,19,37,8,6.653996053488669,11
1112,76,15,114,5,6.6539119931134865,10
1113,32,26,5,10,6.647447060451906,16
1114,4,30,65,12,6.6356003955737535,18
1115,39,22,37,9,6.632156694863052,13
1116,25,48,5,19,6.626414170343125,29
1117,74,14,9,5,6.620459467868885,9
1118,85,10,75,3,6.61929344121288,7
1119,71,18,81,7,6.61709770119633,11
1120,55,21,64,7,6.604925944972094,14
1121,34,16,30,6,6.601140375094157,10
1122,81,16,18,6,6.59447840605109,10
1123,65,28,96,12,6.593487230396348,16
1124,11,21,68,9,6.58863372978606,12
1125,86,27,1,11,6.584989828827026,16
1126,65,46,20,17,6.582851496170298,29
1127,53,26,114,11,6.571088082289226,15
1128,104,37,25,16,6.567754121461538,21
1129,58,18,68,7,6.553002087451516,11
1130,68,25,91,11,6.550419627313768,14
1131,77,21,18,7,6.545250800191177,14
1132,3,16,43,6,6.544499424148759,10
1133,54,58,70,23,6.543056803225659,35
1134,49,10,55,4,6.541972088163769,6
1135,86,29,81,9,6.532482502137965,20
1136,91,13,80,5,6.531108694088673,8
1137,16,78,39,32,6.5210913868223725,46
1138,78,21,107,8,6.505959287985718,13
1139,90,11,102,6,6.502237322589002,5
1140,1,20,54,8,6.493394551110143,12
1141,48,10,104,4,6.493358473776671,6
1142,107,46,53,18,6.492903474758714,28
1143,17,14,43,6,6.491023498873949,8
1144,70,20,9,7,6.477071321597407,13
1145,98,18,84,6,6.475666713551259,12
1146,107,35,43,13,6.468610096623969,22
1147,108,21,88,8,6.468102581842658,13
1148,100,17,55,8,6.465563036443129,9
1149,70,13,29,6,6.465173609286504,7
1150,78,14,98,6,6.457784687804565,8
1151,6,10,28,4,6.452419128804086,6
1152,4,20,87,7,6.445923142452618,13
1153,3,11,112,5,6.441850628605062,6
1154,41,16,89,6,6.437733391093904,10
1155,41,20,109,7,6.432688342356182,13
1156,40,16,33,5,6.427211772717694,11
1157,91,18,54,8,6.414686940093468,10
1158,3,16,29,6,6.408676089200552,10
1159,106,13,77,6,6.407119934187455,7
1160,30,12,108,5,6.403054160595612,7
1161,80,20,37,8,6.401050818487373,12
1162,7,21,56,9,6.361794853449644,12
1163,41,15,28,6,6.359689551305939,9
1164,92,13,27,6,6.356396578041118,7
1165,51,15,112,6,6.350376289921739,9
1166,62,22,40,11,6.34058891485694,11
1167,81,10,111,3,6.333917467029674,7
1168,54,14,112,5,6.3267118256224935,9
1169,88,25,57,11,6.308509689840414,14
1170,3,11,46,5,6.306283901123601,6
1171,29,13,55,5,6.301089833667023,8
1172,39,16,83,6,6.297771796270439,10
1173,23,17,114,6,6.291790840234864,11
1174,70,16,64,5,6.286009204558742,11
1175,16,12,92,3,6.284475222709882,9
1176,41,11,102,4,6.282861273718874,7
1177,86,21,4,8,6.2794844995496994,13
1178,16,33,43,12,6.2782432461819555,21
1179,51,58,65,22,6.274656067700197,36
1180,20,45,5,17,6.270373633442785,28
1181,69,11,96,4,6.268969865653719,7
1182,15,12,95,5,6.265255655621163,7
1183,77,17,88,7,6.264530601131227,10
1184,92,22,39,10,6.263991845659126,12
1185,43,17,5,7,6.250727481432205,10
1186,104,41,50,16,6.230364171354915,25
1187,16,42,91,15,6.227187272730326,27
1188,57,25,39,11,6.225418832440159,14
1189,72,12,68,5,6.2229147971092145,7
1190,100,39,86,18,6.218498707894956,21
1191,11,34,54,14,6.217306832795513,20
1192,112,21,76,10,6.216605503599088,11
1193,47,14,28,6,6.211297191624255,8
1194,46,24,39,12,6.2104681559769475,12
1195,35,15,84,6,6.209299301194261,9
1196,23,36,60,14,6.20643772766661,22
1197,74,28,70,13,6.203999405338755,15
1198,63,28,2,12,6.200018491851485,16
1199,76,39,107,13,6.198627172224359,26
1200,91,12,71,5,6.187474142289449,7
1201,55,14,35,6,6.181710197353361,8
1202,97,23,76,10,6.171425808149794,13
1203,57,21,102,9,6.169321397774083,12
1204,13,47,36,18,6.167141158071529,29
1205,20,11,38,3,6.161885029448885,8
1206,31,15,112,5,6.149641402394961,10
1207,54,31,68,12,6.129451922490282,19
1208,16,22,79,9,6.12488573939544,13
1209,25,35,88,12,6.123879676950231,23
1210,51,14,38,5,6.122424191882748,9
1211,81,13,31,4,6.117159791325403,9
1212,39,18,29,8,6.11667916860653,10
1213,90,12,7,5,6.108519045195328,7
1214,75,17,84,7,6.100134417881318,10
1215,111,23,107,11,6.08814286411973,12
1216,41,17,112,7,6.085887277839004,10
1217,64,16,3,6,6.081103034121076,10
1218,70,29,20,11,6.080511379179193,18
1219,55,10,69,4,6.075582313218194,6
1220,69,34,86,14,6.07493667313256,20
1221,74,14,48,7,6.068043245358376,7
1222,23,27,41,11,6.068042449918637,16
1223,30,47,16,19,6.061677546597567,28
1224,87,17,19,7,6.049943163928039,10
1225,16,84,87,35,6.04787275144722,49
1226,63,24,18,9,6.046455003215173,15
1227,94,11,88,4,6.041461864182689,7
1228,8,16,32,7,6.041444852098721,9
1229,62,22,68,9,6.039924510367453,13
1230,27,14,114,6,6.034743873961818,8
1231,7,24,98,9,6.0336860037819795,15
1232,75,31,31,14,6.033482134287373,17
1233,64,38,86,16,6.030765339147399,22
1234,91,17,50,6,6.027790824025911,11
1235,95,20,46,8,6.027785407812038,12
1236,65,61,88,23,6.004362907857696,38
1237,37,19,100,7,6.000890669706824,12
1238,107,32,3,15,5.999011076330673,17
1239,114,25,31,11,5.991876520395493,14
1240,64,20,18,8,5.974775055211904,12
1241,69,12,54,5,5.973066602774385,7
1242,97,18,40,7,5.966918416140386,11
1243,104,19,17,8,5.965485227876699,11
1244,68,52,53,21,5.964244334939563,31
1245,62,13,8,4,5.96110102258686,9
1246,97,12,10,6,5.950831581917705,6
1247,39,12,14,5,5.947548147792332,7
1248,33,15,7,7,5.9471342175078945,8
1249,28,15,53,6,5.9457443646332715,9
1250,98,25,76,10,5.944337446211659,15
1251,41,15,43,6,5.943674988011269,9
1252,104,50,28,21,5.941710221571149,29
1253,63,13,10,5,5.94033318775015,8
1254,74,11,30,5,5.935013522041515,6
1255,37,45,63,18,5.933785173114154,27
1256,73,20,114,8,5.924435121305103,12
1257,109,27,55,13,5.923431655873009,14
1258,112,16,29,7,5.922867160258866,9
1259,103,17,16,7,5.922732187979218,10
1260,93,10,63,4,5.9175632502755855,6
1261,114,18,84,7,5.917311033591253,11
1262,41,15,45,5,5.9144627061547626,10
1263,60,13,66,4,5.904108466927801,9
1264,69,10,25,4,5.903986394303471,6
1265,46,12,1,6,5.891865749051654,6
1266,74,34,84,16,5.891399521581718,18
1267,109,19,34,8,5.8910600256239505,11
1268,64,34,51,14,5.888421423830696,20
1269,46,12,36,5,5.882094180819339,7
1270,97,27,68,11,5.880460614845399,16
1271,62,17,9,7,5.86600144742425,10
1272,54,36,95,16,5.865979569344106,20
1273,34,17,7,7,5.863504951401833,10
1274,7,20,112,8,5.8633899504874805,12
1275,104,37,55,15,5.856904127783749,22
1276,74,37,46,14,5.850135921281393,23
1277,108,10,65,5,5.847992745343311,5
1278,28,17,94,6,5.821481138029022,11
1279,40,16,5,7,5.820527251695649,9
1280,80,28,106,11,5.812470547213421,17
1281,79,13,20,5,5.810117746469002,8
1282,16,38,62,14,5.806515303304726,24
1283,71,48,13,21,5.805132526236809,27
1284,91,19,31,7,5.801858258461766,12
1285,7,45,64,20,5.801061458968774,25
1286,74,28,55,12,5.797157459674129,16
1287,98,26,63,11,5.795644107915217,15
1288,16,19,93,9,5.776545074834794,10
1289,11,19,35,8,5.768399159544,11
1290,58,13,53,7,5.756559382638666,6
1291,23,13,47,5,5.755142063292807,8
1292,36,12,77,5,5.751140829309578,7
1293,19,11,80,4,5.749943576584892,7
1294,25,42,106,16,5.73768822242091,26
1295,78,19,87,9,5.7374839775831745,10
1296,107,64,104,26,5.737421230069909,38
1297,34,11,38,4,5.733514369563806,7
1298,109,10,49,4,5.732296047624952,6
1299,13,48,25,22,5.729332953997915,26
1300,45,14,9,5,5.727853500458987,9
1301,25,26,51,11,5.72613511284895,15
1302,87,28,57,11,5.725577888454403,17
1303,98,13,17,6,5.723425305113809,7
1304,41,18,37,7,5.716493275276269,11
1305,23,11,102,5,5.7160538226538815,6
1306,62,13,69,6,5.706165822809074,7
1307,74,22,109,8,5.703058853572775,14
1308,53,17,62,7,5.701449545318567,10
1309,70,10,32,5,5.692479372096213,5
1310,106,46,5,18,5.689619439430471,28
1311,30,25,55,10,5.686463879094618,15
1312,63,23,38,8,5.685369937239836,15
1313,102,10,95,4,5.685319962340818,6
1314,54,11,12,5,5.67450373056912,6
1315,94,10,25,5,5.671887186214519,5
1316,75,39,37,14,5.670197882049105,25
1317,16,23,108,9,5.669209310265461,14
1318,16,31,99,13,5.665818337043021,18
1319,54,11,82,4,5.664278302313932,7
1320,43,12,68,5,5.6614021510813615,7
1321,9,13,61,5,5.652969843590383,8
1322,4,10,97,4,5.649870700339136,6
1323,39,13,97,5,5.649731064357227,8
1324,73,23,74,9,5.649045009007229,14
1325,85,10,112,4,5.645935667232836,6
1326,84,17,76,7,5.642369532504397,10
1327,108,14,98,6,5.640790264148573,8
1328,85,10,11,4,5.636472097896452,6
1329,75,46,51,20,5.632745764536371,26
1330,75,43,9,17,5.6326941278183265,26
1331,103,12,79,5,5.630756199695946,7
1332,86,28,73,13,5.62531345595925,15
1333,5,21,17,7,5.625033929201379,14
1334,15,24,107,8,5.624270425775916,16
1335,19,10,5,4,5.623378775596127,6
1336,47,37,13,15,5.620628318875079,22
1337,95,26,50,11,5.619957219349123,15
1338,16,48,50,20,5.617696720442929,28
1339,30,14,90,6,5.614315415339312,8
1340,100,15,50,6,5.612526049660052,9
1341,38,13,18,6,5.608114426083465,7
1342,70,17,98,6,5.604121247592221,11
1343,27,16,112,7,5.594823713571332,9
1344,29,10,43,4,5.5912887095951875,6
1345,39,13,94,5,5.582337685105467,8
1346,11,18,51,9,5.57971841586598,9
1347,7,23,38,10,5.57543888103377,13
1348,3,10,98,5,5.570597398737187,5
1349,42,11,69,5,5.570250078296481,6
1350,37,60,104,24,5.563475261062019,36
1351,31,10,95,4,5.5581891593402775,6
1352,46,11,4,5,5.55622187464566,6
1353,53,27,112,13,5.555316017681792,14
1354,8,41,25,16,5.550067480025434,25
1355,36,53,31,23,5.548564460468652,30
1356,87,29,41,12,5.547736509402293,17
1357,25,18,84,7,5.5466876181289715,11
1358,20,22,2,9,5.544865436021075,13
1359,86,51,75,23,5.544222274149607,28
1360,65,26,69,11,5.540534749641236,15
1361,13,19,84,7,5.540298417726142,12
1362,41,13,19,5,5.538621729382163,8
1363,15,12,30,5,5.538463534767753,7
1364,13,59,87,23,5.536518377079212,36
1365,106,31,23,15,5.535479536227778,16
1366,60,11,62,4,5.531153387901844,7
1367,114,45,68,19,5.528966703625285,26
1368,30,23,88,11,5.525413582454542,12
1369,33,14,102,6,5.525239013163607,8
1370,28,33,7,13,5.522079859732702,20
1371,26,20,13,7,5.520285333416165,13
1372,62,10,20,4,5.517288163699186,6
1373,87,59,37,24,5.516733087496062,35
1374,28,35,9,16,5.5146514821295405,19
1375,95,19,83,7,5.510188596504647,12
1376,32,13,109,6,5.5080518973086185,7
1377,67,10,102,4,5.49724656177184,6
1378,18,10,62,4,5.493140482819633,6
1379,65,49,40,21,5.488110460552834,28
1380,114,23,70,9,5.484820175107314,14
1381,14,10,75,4,5.479308338136782,6
1382,62,17,51,7,5.468238395489335,10
1383,75,43,71,16,5.454468163058883,27
1384,97,18,57,8,5.45235309786646,10
1385,49,13,62,5,5.442720426362852,8
1386,93,11,51,5,5.442643801494353,6
1387,28,14,85,6,5.4424150325876255,8
1388,91,18,18,7,5.437015235679076,11
1389,100,25,39,11,5.43376798560309,14
1390,16,36,49,15,5.428602962958469,21
1391,11,16,17,7,5.408663927414461,9
1392,49,11,37,5,5.40579366661915,6
1393,4,11,58,4,5.405037105567146,7
1394,9,11,66,5,5.404825557202403,6
1395,84,10,64,3,5.401793074305331,7
1396,29,14,23,6,5.397923700403426,8
1397,54,31,90,13,5.397442007333916,18
1398,7,18,30,9,5.390495309133068,9
1399,72,12,17,5,5.381050240439902,7
1400,20,31,51,15,5.374467949047245,16
1401,64,21,8,8,5.374033093425483,13
1402,75,30,63,13,5.362343223381901,17
1403,7,35,97,16,5.356987360153851,19
1404,62,18,65,8,5.34575502328806,10
1405,86,86,88,36,5.345596536414867,50
1406,29,10,17,4,5.338265234186666,6
1407,80,32,55,15,5.338178788284693,17
1408,97,14,102,5,5.335160623731844,9
1409,85,16,96,5,5.314304637448895,11
1410,28,13,49,6,5.31428031912519,7
1411,16,39,100,16,5.313364348529019,23
1412,107,24,69,10,5.312297877274384,14
1413,107,19,66,8,5.307859110353934,11
1414,111,25,55,10,5.307717141421055,15
1415,109,12,22,5,5.303001885552313,7
1416,40,49,39,20,5.294535177326297,29
1417,99,21,86,8,5.291638236148403,13
1418,14,19,28,7,5.288795345484194,12
1419,56,11,88,5,5.280224334897691,6
1420,28,11,92,4,5.26619903758234,7
1421,35,11,31,5,5.255104723881263,6
1422,25,26,40,11,5.242222631716463,15
1423,98,15,40,7,5.239271076053035,8
1424,65,15,14,7,5.239230657167624,8
1425,52,14,16,6,5.238731564661996,8
1426,91,21,25,9,5.236778929543691,12
1427,15,19,104,8,5.235404007755863,11
1428,88,17,112,7,5.231027938888666,10
1429,20,37,96,15,5.229501973456113,22
1430,35,11,5,5,5.226534281744142,6
1431,54,54,106,25,5.222938310920249,29
1432,40,22,37,10,5.2189812618502875,12
1433,33,12,91,6,5.213867650447791,6
1434,40,13,113,5,5.193726392686624,8
1435,6,10,71,4,5.193692278292729,6
1436,63,23,23,9,5.190793013982739,14
1437,75,17,97,7,5.183439015487436,10
1438,64,32,65,14,5.182122584236017,18
1439,27,17,57,8,5.178837610225038,9
1440,75,26,47,9,5.17693162231529,17
1441,7,43,55,17,5.169021709270008,26
1442,107,60,20,26,5.163543558398883,34
1443,91,11,56,5,5.1601828143932735,6
1444,67,12,5,5,5.159840528973067,7
1445,111,14,39,6,5.158992286191915,8
1446,8,54,63,24,5.156454172512435,30
1447,35,16,28,8,5.153123660542302,8
1448,76,28,50,10,5.151966096130058,18
1449,106,24,9,10,5.150083731218861,14
1450,44,15,88,7,5.148664566159752,8
1451,35,12,51,5,5.14727626674268,7
1452,40,12,69,4,5.137627663794988,8
1453,100,46,107,22,5.13702421711142,24
1454,36,21,3,8,5.136055944816986,13
1455,40,30,58,14,5.133397385337812,16
1456,43,24,94,11,5.1325826942967465,13
1457,65,45,9,18,5.129160653393479,27
1458,11,22,98,10,5.122669345045474,12
1459,75,18,4,7,5.112428644465592,11
1460,55,23,70,10,5.1032220329288345,13
1461,28,13,108,6,5.102919930198642,7
1462,53,25,104,11,5.0942603831986055,14
1463,60,24,95,10,5.089480392621887,14
1464,16,99,107,37,5.087714974177165,62
1465,32,10,20,3,5.082163415292109,7
1466,10,17,86,8,5.075771557978404,9
1467,90,13,33,5,5.072843762888294,8
1468,46,17,65,6,5.066104910854949,11
1469,30,32,71,14,5.063953126216741,18
1470,55,29,63,13,5.056066807562624,16
1471,28,13,27,4,5.05119454239968,9
1472,86,57,39,26,5.0403229243330765,31
1473,11,14,79,7,5.038711911658494,7
1474,65,12,52,4,5.0369958566437525,8
1475,13,25,112,12,5.032802355325828,13
1476,63,32,13,14,5.0254768605942015,18
1477,60,16,19,6,5.0165202860755,10
1478,81,14,63,6,5.016441825370756,8
1479,93,26,5,10,5.004460526821323,16
1480,7,41,106,20,5.003800212982272,21
1481,94,21,87,9,5.000044556975335,12
1482,32,12,68,4,4.994599728673895,8
1483,34,15,48,7,4.994408680089875,8
1484,104,30,63,13,4.993963037729944,17
1485,74,15,71,7,4.993812181109021,8
1486,50,23,31,10,4.99199978599778,13
1487,7,30,47,12,4.980252625346256,18
1488,29,11,93,5,4.97512545826624,6
1489,41,42,68,18,4.9651675063741685,24
1490,40,49,107,19,4.964616090179718,30
1491,109,16,38,6,4.964461961570972,10
1492,96,23,90,9,4.963939687748078,14
1493,39,18,77,8,4.961640817784317,10
1494,13,32,8,13,4.955794878282507,19
1495,9,21,84,9,4.9481345313882175,12
1496,56,19,68,9,4.94813216675333,10
1497,51,15,6,6,4.9453303449739225,9
1498,77,14,87,6,4.942401920251487,8
1499,93,27,28,10,4.941127481170006,17
1500,85,19,54,7,4.939303305813314,12
1501,49,25,60,11,4.931504870943573,14
1502,114,22,9,7,4.931319071415342,15
1503,86,40,36,17,4.927433251240005,23
1504,74,56,106,24,4.924754963776778,32
1505,17,10,27,5,4.924185839334168,5
1506,54,12,108,4,4.909695920764135,8
1507,38,12,28,6,4.907164394244691,6
1508,7,96,88,42,4.898871034458085,54
1509,41,10,94,4,4.894347528636123,6
1510,27,16,12,7,4.8909807485785795,9
1511,83,39,5,18,4.890865835189014,21
1512,28,59,84,25,4.889044052283284,34
1513,62,25,71,11,4.888439777720533,14
1514,69,11,95,4,4.882909765417961,7
1515,30,11,114,5,4.8820710984651585,6
1516,16,49,37,21,4.875150740770066,28
1517,85,12,88,5,4.8737543176102305,7
1518,43,16,19,6,4.866374994274229,10
1519,37,54,106,25,4.865641247327302,29
1520,5,10,89,3,4.86246564090175,7
1521,52,12,107,4,4.861262849981809,8
1522,86,55,104,24,4.860072856889098,31
1523,30,28,68,13,4.8558595824213215,15
1524,97,12,32,5,4.851459349576839,7
1525,104,23,100,9,4.850527098250832,14
1526,65,77,107,33,4.848505969887232,44
1527,5,30,51,11,4.841333405150811,19
1528,83,20,64,9,4.840996077098241,11
1529,18,41,75,18,4.835583954062303,23
1530,75,39,39,18,4.835166255544909,21
1531,87,15,52,7,4.832747531124254,8
1532,8,15,67,6,4.831909846155583,9
1533,27,35,51,14,4.824832158001018,21
1534,31,19,25,9,4.823839301099763,10
1535,14,15,54,5,4.820525855929132,10
1536,23,27,68,13,4.81982927042641,14
1537,74,11,85,5,4.812388004493803,6
1538,83,30,8,14,4.811627367676455,16
1539,6,12,106,5,4.810944704219048,7
1540,28,28,76,13,4.80850164981608,15
1541,2,25,106,11,4.808494527305082,14
1542,96,13,108,6,4.805162668071275,7
1543,75,44,88,18,4.804702938088107,26
1544,75,22,96,7,4.801381492311931,15
1545,16,57,68,22,4.797917621902101,35
1546,111,11,25,5,4.797175922879397,6
1547,8,29,9,15,4.796436219845455,14
1548,52,13,20,5,4.795236183864801,8
1549,9,17,1,9,4.794059502939978,8
1550,76,33,5,14,4.788314400539968,19
1551,88,52,9,22,4.778873320006728,30
1552,87,48,50,22,4.77809392160859,26
1553,9,12,5,5,4.777710715122403,7
1554,46,12,29,7,4.775703546529657,5
1555,114,14,94,7,4.775696268753724,7
1556,78,13,34,6,4.775374082125242,7
1557,1,14,17,6,4.774691835698866,8
1558,90,13,70,6,4.771084444295362,7
1559,12,15,31,7,4.770632464521183,8
1560,60,16,97,8,4.770560692259114,8
1561,6,16,27,7,4.762765446713923,9
1562,64,31,41,12,4.758473174288668,19
1563,63,15,79,6,4.756289291055939,9
1564,93,16,50,6,4.755526241513054,10
1565,90,30,5,12,4.752640516818983,18
1566,87,67,65,28,4.751181720183053,39
1567,41,26,69,9,4.748815562050703,17
1568,25,16,77,7,4.745845616411638,9
1569,100,17,114,7,4.7447753582153425,10
1570,55,57,65,25,4.744057377410872,32
1571,97,11,3,4,4.740273088979023,7
1572,8,41,46,19,4.737192297274268,22
1573,84,26,57,13,4.733523061947013,13
1574,51,48,84,20,4.731865068752451,28
1575,6,11,46,5,4.730994669309113,6
1576,15,14,75,5,4.729161606780822,9
1577,47,17,86,7,4.720142586161402,10
1578,15,10,72,4,4.7131251167737505,6
1579,28,37,18,17,4.710953949587104,20
1580,43,16,71,8,4.70977023229907,8
1581,20,23,46,8,4.708713070266485,15
1582,11,14,80,6,4.704407754517106,8
1583,88,31,18,14,4.699584875943507,17
1584,55,45,60,20,4.699539635247214,25
1585,51,13,58,6,4.6987757235739265,7
1586,97,10,62,4,4.689387738532959,6
1587,71,16,5,7,4.686451238703377,9
1588,98,20,49,9,4.675267204581688,11
1589,13,48,64,23,4.67021662986664,25
1590,52,12,8,5,4.669562642233978,7
1591,80,13,64,6,4.665596394208,7
1592,55,14,98,5,4.662824671110214,9
1593,25,15,47,7,4.655390231832646,8
1594,30,29,60,10,4.653426738413294,19
1595,27,15,25,7,4.649655011418165,8
1596,63,39,96,15,4.649023449526137,24
1597,6,21,16,10,4.642825718029857,11
1598,73,14,13,6,4.642713338622983,8
1599,11,70,86,31,4.638646851658724,39
1600,73,19,109,8,4.637139105733967,11
1601,60,22,25,10,4.636282806493916,12
1602,106,15,110,7,4.633960085739299,8
1603,58,13,63,7,4.62886931152221,6
1604,60,22,96,7,4.611190930914724,15
1605,107,46,9,21,4.60932354627833,25
1606,37,72,86,32,4.607837359690983,40
1607,88,10,66,4,4.60434245546846,6
1608,7,35,3,14,4.603775118928216,21
1609,88,62,68,26,4.601971796539838,36
1610,23,11,30,5,4.601908928188203,6
1611,77,13,95,6,4.60149322445291,7
1612,100,16,30,6,4.593688251732179,10
1613,50,32,96,14,4.592653394244439,18
1614,13,79,107,35,4.5850654447415415,44
1615,60,30,8,14,4.584471076654316,16
1616,28,25,71,10,4.584215619303489,15
1617,99,16,65,7,4.579704538683142,9
1618,7,23,58,11,4.575034525669344,12
1619,68,27,70,12,4.574914323498888,15
1620,99,14,95,6,4.572737764013027,8
1621,99,16,104,8,4.5627492392393,8
1622,70,15,23,7,4.554568026577778,8
1623,83,15,46,7,4.551826612706301,8
1624,99,18,15,7,4.551461310618723,11
1625,12,19,3,7,4.543846245794999,12
1626,23,24,76,11,4.537606040144393,13
1627,8,24,102,11,4.537070383836359,13
1628,71,28,68,11,4.532265816801447,17
1629,106,23,75,11,4.532198108241345,12
1630,50,71,28,30,4.530365152854881,41
1631,37,43,55,20,4.516821858156878,23
1632,28,16,29,7,4.513248021932702,9
1633,80,10,69,5,4.508733977407145,5
1634,87,13,110,5,4.501644038521952,8
1635,75,20,112,8,4.4989690721071325,12
1636,93,15,37,6,4.493445665639034,9
1637,93,15,11,5,4.484686270589562,10
1638,100,15,17,5,4.475659273933986,10
1639,95,33,107,15,4.475609109265348,18
1640,55,45,11,18,4.474786147328663,27
1641,16,102,7,45,4.473957168273418,57
1642,96,31,25,14,4.4728328775528,17
1643,91,10,57,5,4.468260927215541,5
1644,37,18,32,8,4.466542082918521,10
1645,3,15,50,7,4.464463620895282,8
1646,77,11,97,4,4.4549011553839994,7
1647,50,12,73,4,4.454782630059153,8
1648,95,44,16,20,4.453378575583387,24
1649,7,67,31,29,4.4532123702344615,38
1650,6,12,12,6,4.448996636056325,6
1651,2,42,50,18,4.448957186147168,24
1652,13,33,37,14,4.448467961015427,19
1653,95,15,109,6,4.444131433700797,9
1654,1,24,51,11,4.443642769643948,13
1655,45,11,88,4,4.4416566980945715,7
1656,16,35,53,14,4.432680586189367,21
1657,23,14,20,6,4.42777867543601,8
1658,102,20,87,8,4.423994697827657,12
1659,99,30,13,13,4.420966828834258,17
1660,7,64,53,28,4.416213736910661,36
1661,64,12,57,5,4.409680008541512,7
1662,114,20,64,8,4.407773657880817,12
1663,64,29,63,13,4.394960955961679,16
1664,107,32,38,13,4.39393220007557,19
1665,107,27,62,14,4.391179408385257,13
1666,111,20,86,8,4.3910837466552355,12
1667,51,26,43,12,4.390788502279346,14
1668,65,23,76,9,4.385586505985178,14
1669,87,24,49,12,4.380791657180537,12
1670,87,33,25,15,4.379098196808542,18
1671,16,25,47,11,4.37865192924873,14
1672,60,13,98,6,4.372454949323835,7
1673,55,24,9,10,4.371040618945099,14
1674,55,13,58,6,4.369004483506264,7
1675,40,23,23,10,4.368423326803309,13
1676,33,13,11,7,4.365968233102095,6
1677,64,31,71,12,4.35947313780117,19
1678,104,31,54,14,4.355933806560286,17
1679,47,24,88,11,4.347102674354304,13
1680,65,16,6,7,4.346168811124812,9
1681,70,29,65,11,4.343984179663613,18
1682,60,12,22,5,4.334241842742782,7
1683,95,19,41,8,4.332143979792177,11
1684,8,64,87,28,4.329007020305179,36
1685,98,23,37,10,4.327931130640237,13
1686,4,22,40,10,4.316643149060896,12
1687,70,14,71,7,4.315612188206775,7
1688,97,23,17,10,4.3134285513049555,13
1689,17,19,20,8,4.3112321942034,11
1690,50,10,52,5,4.308197298973349,5
1691,16,42,71,17,4.305176391927468,25
1692,20,22,109,8,4.302333411252667,14
1693,106,27,53,13,4.302319600135898,14
1694,25,28,54,12,4.300413553073274,16
1695,20,21,44,9,4.299103845073809,12
1696,30,30,54,13,4.29530490019164,17
1697,20,63,54,30,4.290782184792432,33
1698,16,108,51,49,4.273676293412426,59
1699,9,27,54,12,4.272544772651765,15
1700,33,12,96,7,4.271042933020869,5
1701,103,10,84,5,4.265189927603357,5
1702,91,30,107,12,4.264126621091653,18
1703,27,16,94,7,4.262088776142534,9
1704,23,33,87,13,4.256680488948144,20
1705,104,17,80,8,4.256665633473226,9
1706,76,27,11,11,4.250860944590705,16
1707,28,23,100,9,4.248332726114694,14
1708,9,12,29,5,4.247154248113977,7
1709,106,14,34,7,4.243674039664675,7
1710,31,12,74,5,4.240578281890586,7
1711,109,10,47,4,4.236742850593238,6
1712,71,11,44,5,4.223524348839462,6
1713,4,19,18,8,4.220670692754494,11
1714,87,21,31,10,4.220659397575877,11
1715,86,59,46,23,4.218640718519183,36
1716,65,56,36,24,4.205692860728479,32
1717,15,11,40,5,4.201647176656486,6
1718,85,10,12,4,4.198135644237858,6
1719,23,18,100,7,4.197161790157007,11
1720,28,21,3,9,4.19709701007139,12
1721,76,16,102,7,4.19261584037067,9
1722,13,70,40,31,4.18989591600041,39
1723,30,13,109,5,4.185496549607356,8
1724,23,27,25,12,4.182190113226028,15
1725,80,18,7,7,4.182061930373814,11
1726,86,29,62,13,4.168140003828563,16
1727,99,12,17,5,4.14837583337694,7
1728,20,13,73,5,4.146065391689569,8
1729,13,28,77,12,4.1425538330063505,16
1730,53,47,71,20,4.141303557057986,27
1731,100,15,62,7,4.138737945522874,8
1732,11,11,69,4,4.13792149131312,7
1733,71,11,20,4,4.13643055739397,7
1734,76,32,104,13,4.1357118218948905,19
1735,49,19,9,9,4.13427318738577,10
1736,45,22,65,11,4.1259231703887,11
1737,28,31,102,14,4.125433119952879,17
1738,93,14,109,6,4.103558953267082,8
1739,83,20,93,9,4.100880722204593,11
1740,20,24,35,10,4.098728722002914,14
1741,87,21,97,8,4.089970328864312,13
1742,36,11,19,5,4.088590218421688,6
1743,74,22,50,10,4.086243740312162,12
1744,86,117,5,51,4.074944655375778,66
1745,87,38,60,18,4.07068260924909,20
1746,43,10,95,4,4.063398320607949,6
1747,51,27,69,11,4.050423840769316,16
1748,32,10,40,5,4.050021677419869,5
1749,23,43,88,17,4.047882049914368,26
1750,7,21,50,10,4.045740478776832,11
1751,15,24,68,10,4.045229426405421,14
1752,1,10,43,5,4.038976715758721,5
1753,9,18,38,8,4.035727579019442,10
1754,71,13,47,6,4.030916530509353,7
1755,104,44,51,17,4.0154244082227635,27
1756,8,20,110,8,4.013172679497404,12
1757,55,36,54,17,4.011039158800403,19
1758,84,22,29,10,4.010792122781037,12
1759,66,12,31,5,4.008754872558654,7
1760,100,26,7,11,4.007756687202791,15
1761,86,19,94,8,3.99691676947149,11
1762,96,12,14,5,3.975747798085754,7
1763,49,12,3,5,3.9753684255728374,7
1764,74,24,93,11,3.9601017688790825,13
1765,65,34,17,13,3.9540701507148905,21
1766,88,50,104,21,3.9536343834384886,29
1767,27,27,39,14,3.9499684497300813,13
1768,9,45,86,19,3.945093339569097,26
1769,6,11,40,5,3.9442678680230823,6
1770,13,33,1,13,3.9436595279590816,20
1771,3,11,93,6,3.9394735942906975,5
1772,80,10,97,4,3.9365866928471034,6
1773,27,36,86,15,3.9349829768523827,21
1774,97,35,16,16,3.9340820840887147,19
1775,57,11,50,4,3.9290278222481443,7
1776,5,28,2,12,3.923277825320168,16
1777,37,38,70,16,3.9227382855891664,22
1778,89,13,86,7,3.91749283769541,6
1779,12,20,68,8,3.9111962328976944,12
1780,79,13,54,5,3.90846253808764,8
1781,102,26,37,11,3.9015784283610255,15
1782,43,26,88,11,3.901562147714143,15
1783,28,23,57,10,3.897117570901977,13
1784,87,92,107,41,3.892353044774637,51
1785,107,27,49,13,3.8922186784782604,14
1786,76,13,62,6,3.8913968956310088,7
1787,15,19,81,9,3.887782713072813,10
1788,28,27,17,12,3.885054779321747,15
1789,13,61,46,26,3.878770853438728,35
1790,95,36,87,16,3.86940077356921,20
1791,108,11,68,5,3.868849039567309,6
1792,68,17,109,6,3.8661451047117263,11
1793,62,12,3,5,3.8585322308569787,7
1794,41,25,114,12,3.854494902198664,13
1795,65,34,111,14,3.8475275648066685,20
1796,46,50,54,22,3.846547643547206,28
1797,28,11,31,5,3.8453747580936164,6
1798,18,23,31,11,3.843025830767866,12
1799,20,26,7,12,3.839940256500117,14
1800,38,13,46,5,3.833859769343221,8
1801,68,22,38,9,3.8331655015167274,13
1802,91,26,13,12,3.831748260733109,14
1803,30,38,87,17,3.8298987122526285,21
1804,70,30,51,14,3.8297117807076555,16
1805,44,16,87,7,3.8267549460576484,9
1806,4,11,3,5,3.825046392091852,6
1807,16,111,86,48,3.8248601776481967,63
1808,7,19,11,8,3.8244118156669114,11
1809,44,14,64,6,3.8242226428845654,8
1810,55,21,4,10,3.821660634263142,11
1811,5,28,91,11,3.8146250930665166,17
1812,110,16,5,7,3.8138584796050923,9
1813,103,10,87,4,3.7999734322052445,6
1814,20,13,104,5,3.7974160411444706,8
1815,80,13,60,6,3.7883602235098173,7
1816,94,12,37,5,3.788108137633396,7
1817,7,10,93,5,3.7802315490169653,5
1818,104,74,65,34,3.778164926289779,40
1819,107,48,23,22,3.7778307981128205,26
1820,104,13,92,7,3.7768187223532306,6
1821,63,19,4,8,3.775833657808686,11
1822,15,22,54,11,3.7704013204125926,11
1823,47,13,15,6,3.7602698343279473,7
1824,51,33,109,12,3.752003613096799,21
1825,18,55,53,25,3.751842811643862,30
1826,27,14,23,7,3.750376752309501,7
1827,65,21,3,9,3.7487584802431093,12
1828,53,42,40,19,3.7429391558119995,23
1829,78,21,63,10,3.742726093893203,11
1830,1,13,4,5,3.736039087851971,8
1831,86,65,25,30,3.735239092039536,35
1832,39,17,81,7,3.728914203220537,10
1833,89,14,60,7,3.7237634526579124,7
1834,15,21,5,8,3.714734226349825,13
1835,39,50,49,21,3.709276648593838,29
1836,106,17,43,8,3.7068539679712273,9
1837,60,25,28,13,3.7035703279957386,12
1838,57,14,40,6,3.703028159726476,8
1839,23,19,28,9,3.6970356039584393,10
1840,39,48,53,21,3.6851162429567523,27
1841,114,37,51,18,3.6824882422691596,19
1842,34,19,55,9,3.680955248563573,10
1843,101,14,68,5,3.6742625668258913,9
1844,71,12,27,5,3.672482180614424,7
1845,80,25,87,11,3.671802865102301,14
1846,108,26,51,12,3.669690549423147,14
1847,49,33,86,16,3.658017569424131,17
1848,97,33,96,16,3.657438935158263,17
1849,53,11,100,5,3.656950058764998,6
1850,90,10,71,5,3.6561036030201253,5
1851,27,46,68,20,3.6550130555346647,26
1852,107,21,32,10,3.6546977761524686,11
1853,109,15,9,8,3.6538651478462696,7
1854,86,35,112,15,3.6519339014109726,20
1855,17,11,18,6,3.651905683853181,5
1856,23,47,65,22,3.6506323242088645,25
1857,27,13,50,5,3.6503401008022798,8
1858,14,10,70,5,3.647042134114848,5
1859,75,14,108,6,3.6340908116173014,8
1860,43,19,18,10,3.6267699505365183,9
1861,80,26,28,12,3.6230809501897743,14
1862,55,13,94,6,3.6120696685756317,7
1863,102,13,91,6,3.5942640564526322,7
1864,65,28,112,12,3.591244371403726,16
1865,58,13,71,6,3.5901555481142546,7
1866,97,10,95,4,3.58943247133478,6
1867,61,16,60,8,3.58082656290379,8
1868,20,50,28,22,3.578415489537416,28
1869,3,18,57,8,3.574243211556378,10
1870,16,22,38,8,3.5724883088865464,14
1871,33,12,23,5,3.5712223539857573,7
1872,81,15,3,6,3.5653849933326986,9
1873,79,13,108,5,3.562523700236059,8
1874,64,11,33,4,3.5581108018586245,7
1875,7,90,86,38,3.5577462755235447,52
1876,28,19,36,9,3.5549996153541237,10
1877,23,13,57,6,3.554408044637193,7
1878,30,13,4,6,3.554167963462701,7
1879,40,65,36,28,3.5400829247343655,37
1880,88,26,69,11,3.536532050456282,15
1881,44,15,7,7,3.5352660207554516,8
1882,77,19,65,9,3.534105304893679,10
1883,93,17,25,8,3.5300397889756283,9
1884,20,17,76,9,3.5278207011714735,8
1885,69,10,112,4,3.527660534140111,6
1886,63,18,43,8,3.524851733785241,10
1887,16,39,17,15,3.5193037187836715,24
1888,8,38,104,17,3.50734140656749,21
1889,49,10,33,4,3.5057518320537766,6
1890,74,16,23,7,3.505315761927058,9
1891,1,12,39,7,3.502316135418237,5
1892,37,13,108,6,3.501919723771849,7
1893,49,18,63,8,3.500149915800845,10
1894,50,26,9,11,3.4989626487903873,15
1895,97,36,114,16,3.4948097299506915,20
1896,62,13,36,6,3.489528327052378,7
1897,36,30,51,14,3.4874600225025074,16
1898,12,18,71,8,3.487442945948432,10
1899,25,20,70,9,3.484518115943736,11
1900,55,16,18,8,3.4810467173744706,8
1901,96,57,54,28,3.4766133859583515,29
1902,73,14,16,7,3.4738693799097953,7
1903,74,60,5,28,3.469996146708342,32
1904,106,49,51,22,3.457607975311814,27
1905,11,27,20,11,3.4556419496334594,16
1906,33,23,5,11,3.454327509177194,12
1907,37,21,23,10,3.453043705748743,11
1908,68,25,46,11,3.449465987108053,14
1909,76,28,55,11,3.4438952481653065,17
1910,60,58,40,26,3.4423663485116363,32
1911,41,26,27,11,3.441959628604829,15
1912,114,29,39,14,3.441117211126096,15
1913,13,87,51,41,3.4406258125798193,46
1914,102,31,25,14,3.4382241991917164,17
1915,4,12,37,5,3.421871703775507,7
1916,17,11,36,6,3.4172736451567545,5
1917,104,26,98,14,3.4091853213510754,12
1918,55,29,84,13,3.40123055779696,16
1919,4,13,28,6,3.3940824912486867,7
1920,73,10,104,4,3.391491099464731,6
1921,16,91,65,40,3.3907952956063756,51
1922,39,48,55,21,3.389422612270981,27
1923,19,13,88,6,3.388300396354987,7
1924,60,28,9,11,3.384232112219374,17
1925,36,28,55,13,3.383336577257353,15
1926,73,15,98,7,3.380055365181917,8
1927,100,13,44,6,3.3720452657314226,7
1928,107,56,55,26,3.3696189355898034,30
1929,58,14,87,6,3.365506713527052,8
1930,40,17,20,7,3.3649339637959645,10
1931,54,25,97,12,3.3648153427656755,13
1932,14,23,8,10,3.3634201583462158,13
1933,54,12,3,6,3.355227899021248,6
1934,88,30,70,13,3.3524090493184278,17
1935,83,10,20,5,3.3478898251644025,5
1936,40,15,91,7,3.345577169162442,8
1937,16,47,70,20,3.3445553948476245,27
1938,75,13,33,5,3.342736023465548,8
1939,54,20,98,9,3.3414082574982986,11
1940,68,13,5,6,3.3380294056441144,7
1941,71,13,76,7,3.3359186512389036,6
1942,41,19,50,8,3.331657114556134,11
1943,11,12,27,6,3.330006908104366,6
1944,97,16,84,6,3.316428205809935,10
1945,60,31,75,14,3.3139158628036856,17
1946,86,11,66,5,3.3092941516234364,6
1947,28,12,15,6,3.3076634264923883,6
1948,28,29,48,13,3.3030143286202387,16
1949,104,60,5,28,3.3007473735225052,32
1950,16,75,8,33,3.2995823254465315,42
1951,7,50,27,23,3.2964519228876403,27
1952,86,22,77,9,3.2823901554620134,13
1953,107,22,47,10,3.281473065538477,12
1954,60,49,86,22,3.275471722293173,27
1955,114,13,67,6,3.2746706512348434,7
1956,70,14,93,6,3.271451863431868,8
1957,13,114,7,52,3.2643026156976367,62
1958,28,56,54,25,3.2622780281799852,31
1959,76,14,95,6,3.2576515088397957,8
1960,7,24,74,9,3.257493143792888,15
1961,84,14,95,6,3.2568961944145873,8
1962,114,47,25,20,3.2540864225169766,27
1963,68,15,6,6,3.251551578791195,9
1964,41,45,16,22,3.2495789716339614,23
1965,68,18,8,8,3.2434866605613233,10
1966,72,12,112,6,3.2419070033792714,6
1967,99,25,60,11,3.2381944591027096,14
1968,107,49,36,23,3.234838704648264,26
1969,56,10,97,5,3.231426212036921,5
1970,2,21,87,9,3.2308938185741103,12
1971,16,18,35,7,3.2305329948687067,11
1972,4,21,16,11,3.2239938149007976,10
1973,23,55,7,25,3.2229283053761675,30
1974,97,29,63,13,3.2191950537106915,16
1975,55,39,28,16,3.2184704312839787,23
1976,64,19,23,9,3.212372911598019,10
1977,51,45,46,20,3.212290911376682,25
1978,17,16,74,7,3.211770551027832,9
1979,50,19,97,8,3.210625734622642,11
1980,60,47,31,24,3.2094707274879264,23
1981,106,28,17,11,3.2039846830051117,17
1982,44,12,76,5,3.2019945343572473,7
1983,36,41,39,18,3.1998605067578225,23
1984,55,49,5,22,3.1989531771818034,27
1985,68,14,81,6,3.1985312995714845,8
1986,88,61,5,29,3.1946532218196624,32
1987,37,54,50,26,3.188335276013606,28
1988,83,25,65,12,3.1850517665827933,13
1989,43,32,7,13,3.1749602918386857,19
1990,106,25,60,10,3.171261503808182,15
1991,110,16,86,7,3.1694821197260503,9
1992,90,14,74,5,3.1680613510289204,9
1993,16,32,84,15,3.1656304822364443,17
1994,68,36,1,16,3.1610454054119037,20
1995,86,21,82,9,3.1586560919846263,12
1996,104,51,7,23,3.158219418007504,28
1997,75,23,23,12,3.1487336010920157,11
1998,112,11,43,5,3.1359235341148524,6
1999,34,20,17,9,3.1289905577883568,11
2000,30,11,29,6,3.1285046437731436,5
2001,36,11,80,5,3.115857421175661,6
2002,25,25,17,11,3.1106502600539105,14
2003,50,24,4,12,3.110559237136959,12
2004,86,80,8,39,3.110030700824916,41
2005,63,91,86,38,3.106277287763664,53
2006,109,25,106,12,3.1028448270841773,13
2007,41,15,54,7,3.102250260710982,8
2008,92,15,60,6,3.101629065738582,9
2009,74,13,27,7,3.1002755903304404,6
2010,99,14,68,6,3.1001036150844663,8
2011,64,10,91,4,3.0993479020870796,6
2012,45,14,87,6,3.0862202973256596,8
2013,74,40,63,19,3.0803940829456544,21
2014,74,11,41,6,3.0735662157516845,5
2015,75,30,25,13,3.069551733540898,17
2016,20,22,55,10,3.0673393388469985,12
2017,60,40,114,22,3.0670908685799034,18
2018,71,18,25,8,3.0644100067848146,10
2019,16,22,29,11,3.0641104333581013,11
2020,48,14,55,6,3.06362691776684,8
2021,29,26,107,9,3.0624303248850926,17
2022,71,42,86,20,3.060669361739169,22
2023,38,13,96,6,3.0422152322461717,7
2024,60,27,41,13,3.042146737336117,14
2025,25,39,65,16,3.0368934823131175,23
2026,65,16,49,7,3.034256149542809,9
2027,27,12,99,6,3.0280763102634354,6
2028,86,86,84,42,3.02781032605717,44
2029,6,18,107,8,3.015007816482983,10
2030,86,107,87,53,3.0145371966175083,54
2031,6,27,7,15,3.013941061604383,12
2032,7,16,29,9,3.005492860131707,7
2033,20,47,37,22,3.004985214474966,25
2034,78,22,60,11,3.004783076060726,11
2035,96,14,34,6,3.0017630147825622,8
2036,4,11,69,5,2.999484176661719,6
2037,27,10,18,5,2.996654278290002,5
2038,112,15,94,6,2.986690933398207,9
2039,84,36,106,18,2.9754739608250116,18
2040,49,16,64,8,2.974435618509845,8
2041,36,32,4,13,2.9739066740354185,19
2042,2,21,37,10,2.9697580112694486,11
2043,28,14,78,7,2.9690904453024123,7
2044,47,11,53,5,2.9672181618537916,6
2045,25,18,57,8,2.964934950553875,10
2046,114,23,46,10,2.9631435316072405,13
2047,80,16,8,8,2.9519293865537115,8
2048,18,20,65,10,2.9468351166959534,10
2049,41,32,40,15,2.9467288085082743,17
2050,30,17,76,7,2.9372015853586086,10
2051,15,19,19,9,2.936879379804775,10
2052,36,20,87,8,2.935573250897663,12
2053,61,15,3,8,2.934761403571649,7
2054,8,24,100,10,2.9246971191484064,14
2055,9,31,63,14,2.9234885327226108,17
2056,74,82,86,39,2.921287780715151,43
2057,102,19,106,10,2.9207255392565097,9
2058,25,12,108,5,2.9132670669268244,7
2059,7,15,79,7,2.9111710091731053,8
2060,91,19,37,9,2.9050960547005245,10
2061,71,13,108,6,2.8992906212622866,7
2062,45,10,112,4,2.897726145007348,6
2063,44,10,70,5,2.8975248911261433,5
2064,13,71,55,33,2.8959426272282824,38
2065,75,24,74,10,2.8903655619324433,14
2066,85,11,65,5,2.888798069516538,6
2067,85,13,16,5,2.881350637135497,8
2068,63,23,60,10,2.8746236800640075,13
2069,27,21,75,10,2.874214711599615,11
2070,87,42,20,20,2.8691206159340576,22
2071,46,23,63,12,2.867241869896345,11
2072,39,35,104,16,2.8536678809946237,19
2073,51,18,99,9,2.853477797374065,9
2074,73,16,96,7,2.8534303980093814,9
2075,34,10,65,5,2.851457666336363,5
2076,7,27,17,12,2.851329390836829,15
2077,74,20,18,10,2.84961422222247,10
2078,97,13,33,6,2.8486496222061595,7
2079,54,50,51,23,2.848646635461055,27
2080,28,13,44,7,2.8461398630992765,6
2081,46,24,76,11,2.8453201116747953,13
2082,23,13,104,5,2.8445076862849494,8
2083,95,19,23,9,2.8404436396815522,10
2084,104,33,74,14,2.8329598216365466,19
2085,53,23,81,10,2.832269045840245,13
2086,40,14,109,6,2.8243745319718676,8
2087,18,13,71,6,2.821320109059578,7
2088,64,13,47,5,2.8212403790572256,8
2089,39,12,98,5,2.8139572577793732,7
2090,87,29,64,14,2.8130544668825044,15
2091,65,17,48,7,2.813018636762518,10
2092,1,32,36,16,2.8095303452930684,16
2093,99,15,41,7,2.8081672918617278,8
2094,106,14,112,7,2.805082024542767,7
2095,29,15,54,7,2.799406704814975,8
2096,50,20,109,9,2.7980846162026616,11
2097,4,25,114,12,2.797376255941943,13
2098,7,26,1,12,2.7932054952385035,14
2099,49,13,15,6,2.79319706639659,7
2100,100,13,36,6,2.7923934619121087,7
2101,9,15,97,8,2.7891659901703596,7
2102,28,31,91,14,2.785819668061851,17
2103,9,13,100,5,2.7779148405141663,8
2104,5,11,10,6,2.7716738654503197,5
2105,38,11,40,6,2.7715520430648577,5
2106,5,17,77,8,2.765837567194589,9
2107,86,99,28,44,2.7627265154997587,55
2108,16,28,111,12,2.7556703657470822,16
2109,63,23,112,11,2.746965390570722,12
2110,112,12,8,6,2.740736306324458,6
2111,97,22,104,11,2.7396377781056174,11
2112,99,12,63,6,2.7377253409939364,6
2113,65,50,106,23,2.735321183024918,27
2114,84,25,78,11,2.7332517256109656,14
2115,75,12,34,6,2.7327928404854553,6
2116,29,11,41,5,2.729777141843769,6
2117,55,53,88,22,2.721264805593774,31
2118,104,31,70,14,2.720810924975006,17
2119,11,50,28,24,2.7199624016130106,26
2120,95,11,80,5,2.7197438471090796,6
2121,49,16,70,8,2.713121422106841,8
2122,34,31,107,13,2.7058610908504805,18
2123,87,15,6,7,2.694438630924357,8
2124,11,40,88,18,2.687792397272841,22
2125,65,40,71,17,2.686780335165667,23
2126,13,11,35,5,2.684594978225239,6
2127,90,17,17,9,2.680753861205159,8
2128,39,25,5,12,2.679132217269287,13
2129,25,17,44,8,2.673535476281759,9
2130,95,18,75,8,2.672802736686619,10
2131,114,25,74,12,2.666972342657447,13
2132,19,13,98,7,2.664848401043938,6
2133,34,11,29,5,2.661084468526246,6
2134,74,13,91,6,2.658254293210725,7
2135,92,29,88,13,2.6541256559252315,16
2136,57,13,36,5,2.6531160901053807,8
2137,53,48,65,23,2.651912649859134,25
2138,30,24,8,11,2.6514132136935467,13
2139,30,21,37,9,2.6448172779185537,12
2140,16,60,5,25,2.6435184456824317,35
2141,88,17,6,8,2.6434018871915526,9
2142,33,14,95,6,2.641545389608455,8
2143,54,15,72,7,2.6412935569868567,8
2144,10,10,106,3,2.639964127087712,7
2145,110,13,54,6,2.63588490299345,7
2146,17,30,39,13,2.6347382750427313,17
2147,91,36,86,17,2.627461430980282,19
2148,108,30,107,14,2.620006429041506,16
2149,75,28,64,13,2.6143964254367047,15
2150,76,13,2,5,2.6134640032331116,8
2151,11,16,40,7,2.6127959858163616,9
2152,93,20,86,9,2.6126285193850958,11
2153,40,29,1,13,2.608102727316189,16
2154,85,25,107,12,2.601380149286502,13
2155,36,23,91,10,2.600483205457648,13
2156,40,19,27,11,2.5947052105553365,8
2157,39,23,31,10,2.5934090452929373,13
2158,1,10,109,5,2.5929606771402254,5
2159,86,33,18,14,2.5923706641316473,19
2160,71,25,87,12,2.5901035214218346,13
2161,3,13,27,5,2.585240002969862,8
2162,69,14,71,7,2.5823526075537777,7
2163,9,11,78,5,2.5788659588476905,6
2164,69,13,3,5,2.5732249505733895,8
2165,50,50,107,24,2.5656690703128167,26
2166,92,13,87,6,2.565186954563254,7
2167,28,43,51,21,2.5635290356109595,22
2168,83,10,63,6,2.557624644664858,4
2169,86,14,14,7,2.5565201304900333,7
2170,51,16,83,6,2.5563009225954785,10
2171,88,21,38,8,2.5549614194684716,13
2172,73,19,1,8,2.55342910039073,11
2173,7,74,36,34,2.5493587507973596,40
2174,19,15,20,7,2.543598619448083,8
2175,23,18,15,8,2.543461564853297,10
2176,111,11,60,4,2.535604443502029,7
2177,39,50,60,24,2.5355246842136103,26
2178,20,20,95,9,2.532527406942274,11
2179,44,15,107,7,2.530544567099409,8
2180,36,33,9,15,2.5279240780374668,18
2181,8,45,51,21,2.5271962911391,24
2182,60,57,68,25,2.5271272115940575,32
2183,39,18,4,8,2.5267698999647226,10
2184,39,32,50,15,2.5245695496572065,17
2185,80,34,54,17,2.5244394841569355,17
2186,12,15,36,7,2.516319942513749,8
2187,75,43,55,18,2.5125301308500267,25
2188,106,37,96,16,2.50842381050559,21
2189,88,70,51,36,2.506363518676434,34
2190,37,18,109,8,2.501013404341532,10
2191,18,11,111,5,2.4899108726358863,6
2192,95,30,39,14,2.481130681096554,16
2193,28,56,65,25,2.4769767424290405,31
2194,96,14,3,7,2.4759083478520023,7
2195,7,61,9,30,2.475604646115282,31
2196,75,31,87,14,2.4728263386250795,17
2197,4,17,81,7,2.4678124777063273,10
2198,87,40,74,18,2.4671563114027473,22
2199,74,17,69,9,2.4664972820824542,8
2200,88,72,107,32,2.4608917089958973,40
2201,32,10,50,6,2.444054190716271,4
2202,96,31,88,15,2.4406464912019903,16
2203,12,18,86,8,2.4382543520920796,10
2204,55,39,106,17,2.438139246666604,22
2205,107,37,64,18,2.435414553814307,19
2206,49,15,77,6,2.434695248963018,9
2207,14,19,51,7,2.4338441230915158,12
2208,91,20,75,13,2.432369433261267,7
2209,60,22,1,10,2.423776138406996,12
2210,109,11,99,5,2.4195174025010595,6
2211,107,46,25,22,2.4187485647838765,24
2212,94,17,54,8,2.418369665890047,9
2213,71,35,39,16,2.4158892555534424,19
2214,65,11,92,5,2.4112859752548714,6
2215,8,33,93,16,2.4111455321691304,17
2216,47,24,51,12,2.409457368099758,12
2217,9,18,69,8,2.405000245398061,10
2218,20,26,80,12,2.4033351571638564,14
2219,56,10,8,4,2.40008605471798,6
2220,46,38,28,16,2.3990178798165633,22
2221,29,22,87,9,2.39272206443853,13
2222,17,17,63,8,2.3925163886016922,9
2223,83,22,87,11,2.390357141943488,11
2224,111,12,8,6,2.390343846489095,6
2225,104,40,95,18,2.3890342183876085,22
2226,4,21,71,8,2.3871750117365993,13
2227,96,25,104,11,2.3866419839158346,14
2228,75,13,56,5,2.3840139649043497,8
2229,13,31,17,14,2.381148580557736,17
2230,8,23,17,11,2.3808090982416816,12
2231,71,40,107,17,2.3760609676092463,23
2232,7,106,68,49,2.372479004873661,57
2233,8,55,96,25,2.371439357092425,30
2234,30,15,48,6,2.3702999073115167,9
2235,50,19,112,8,2.3689643473531756,11
2236,40,24,50,10,2.3671440474550507,14
2237,7,19,70,7,2.364945757295021,12
2238,63,46,39,18,2.3626947638130473,28
2239,99,23,5,11,2.3616219022642833,12
2240,84,15,19,7,2.3612431705060217,8
2241,8,51,11,23,2.3603163454829668,28
2242,96,14,109,6,2.3566759619593642,8
2243,103,10,27,4,2.356289221766067,6
2244,4,36,31,15,2.3535355966794667,21
2245,87,23,69,10,2.352208197144829,13
2246,107,58,37,27,2.3520883092822165,31
2247,104,19,3,9,2.3520715951524083,10
2248,16,20,2,9,2.3446106684988552,11
2249,114,12,38,6,2.341526377437994,6
2250,6,13,50,6,2.3414923323310646,7
2251,29,16,86,7,2.3399676619619445,9
2252,60,64,16,30,2.3364540428579446,34
2253,19,24,16,11,2.3354230818716117,13
2254,25,28,53,14,2.3301510854690854,14
2255,109,51,5,25,2.3285813949081655,26
2256,50,23,64,11,2.3285304422785047,12
2257,104,21,102,11,2.320627297470276,10
2258,3,26,60,12,2.318286691403535,14
2259,88,32,91,15,2.315767764685104,17
2260,65,39,12,19,2.311622607173605,20
2261,109,17,48,8,2.306624480190798,9
2262,58,12,50,6,2.3033767529431137,6
2263,109,22,102,10,2.3031948555261113,12
2264,23,13,109,6,2.301790643179129,7
2265,86,21,32,10,2.2989864902239003,11
2266,97,33,65,15,2.2943542233121987,18
2267,100,24,5,11,2.2932427434044684,13
2268,114,18,45,8,2.292094813707232,10
2269,106,13,4,7,2.287883468044352,6
2270,37,46,74,22,2.283869095408045,24
2271,63,38,114,15,2.2836807270192585,23
2272,88,20,35,10,2.2787018333731495,10
2273,80,16,71,8,2.275392383804814,8
2274,61,10,31,5,2.2696136748473603,5
2275,28,66,96,31,2.267406944603933,35
2276,85,12,7,5,2.2672729351147445,7
2277,106,45,88,19,2.2639858690375614,26
2278,95,30,25,14,2.25397314365567,16
2279,69,13,20,6,2.253225234520165,7
2280,13,88,65,40,2.248793724489893,48
2281,88,38,4,18,2.2459217004175493,20
2282,70,10,27,5,2.243263258457552,5
2283,87,35,104,18,2.2393020839894087,17
2284,18,14,20,6,2.2334528603958916,8
2285,86,32,78,15,2.230290105994092,17
2286,62,12,1,5,2.2295391066336445,7
2287,90,16,25,7,2.2261576936837058,9
2288,88,11,33,6,2.22422094342155,5
2289,98,13,99,7,2.2212581677933785,6
2290,18,14,98,8,2.221147797140808,6
2291,19,13,86,6,2.2178935661571075,7
2292,8,84,55,42,2.2123521211081862,42
2293,5,50,96,22,2.2114271922507607,28
2294,60,63,88,28,2.2053487740970454,35
2295,107,50,106,24,2.1993074270722803,26
2296,62,20,39,10,2.1906158630571078,10
2297,31,10,54,5,2.186668926147148,5
2298,8,64,74,28,2.186622040651489,36
2299,65,12,94,5,2.184333051857134,7
2300,63,36,11,15,2.1843034251555355,21
2301,27,21,87,10,2.182191127775442,11
2302,63,26,70,12,2.1813121472430437,14
2303,84,16,93,8,2.173203038685072,8
2304,33,11,39,5,2.170155887452032,6
2305,86,75,54,36,2.1689438842347455,39
2306,88,14,74,5,2.165363961250821,9
2307,102,22,74,10,2.1384304011801047,12
2308,41,49,107,21,2.135348584755222,28
2309,34,13,76,7,2.1338119769299593,6
2310,35,16,43,8,2.1256405181906697,8
2311,37,26,84,12,2.124049904647881,14
2312,53,11,70,5,2.117480208536356,6
2313,65,38,37,19,2.116557677432621,19
2314,1,20,64,10,2.1164326209593654,10
2315,74,12,33,6,2.113811361820999,6
2316,12,11,38,5,2.110101843923071,6
2317,84,18,79,9,2.0988599029371873,9
2318,16,92,13,41,2.0988014933326347,51
2319,83,34,55,17,2.0962093979720215,17
2320,97,22,8,11,2.094799206270941,11
2321,17,12,91,5,2.0932516032559634,7
2322,13,18,62,9,2.0919053307034106,9
2323,51,73,107,31,2.089934426977997,42
2324,88,55,28,25,2.0851563159512976,30
2325,74,47,65,23,2.0847963525870914,24
2326,3,33,87,15,2.083290530486137,18
2327,109,27,84,12,2.0824543322564995,15
2328,34,17,13,8,2.0787737243613247,9
2329,82,10,63,5,2.077975861296688,5
2330,30,16,38,6,2.068057686709754,10
2331,79,12,88,5,2.064245316960763,7
2332,86,12,113,5,2.0586102760293077,7
2333,86,45,90,20,2.0574221764428238,25
2334,64,15,100,6,2.0561568014720986,9
2335,65,31,80,15,2.0509198465423397,16
2336,93,21,88,9,2.047097578055209,12
2337,64,31,39,14,2.043169723980909,17
2338,18,34,51,17,2.042743355152735,17
2339,90,24,60,10,2.0397275719261816,14
2340,100,19,74,9,2.03594794458151,10
2341,89,14,88,7,2.0354634990614118,7
2342,23,11,43,5,2.035393252479513,6
2343,109,17,65,6,2.0321022824018544,11
2344,55,11,79,5,2.0315889229013426,6
2345,91,14,114,7,2.0312426341433967,7
2346,32,11,13,5,2.026181507027534,6
2347,18,32,60,15,2.0244266182620256,17
2348,114,27,17,11,2.0211590753648707,16
2349,8,37,90,16,2.0194647820717804,21
2350,41,14,11,8,2.012136916178381,6
2351,83,22,97,12,2.007636873207567,10
2352,16,87,28,40,2.003836691762287,47
2353,109,58,86,27,1.9995853464624296,31
2354,69,24,7,12,1.9945381002011566,12
2355,104,15,112,7,1.99393597279257,8
2356,13,38,50,18,1.9937674166002914,20
2357,60,20,38,10,1.990189103737265,10
2358,53,19,4,9,1.987694792892671,10
2359,28,38,25,16,1.9833898911599184,22
2360,95,28,53,11,1.9769373995573185,17
2361,64,15,15,8,1.9745380862871305,7
2362,41,18,76,10,1.9724048364464457,8
2363,28,52,109,23,1.9670439498401109,29
2364,17,46,51,23,1.9584302785806693,23
2365,50,11,35,5,1.9581460146246747,6
2366,78,12,71,6,1.95458083263832,6
2367,36,34,64,17,1.9485056781764598,17
2368,7,15,48,8,1.9478692265013036,7
2369,25,20,55,9,1.9429576796619945,11
2370,23,14,31,6,1.9392936999416424,8
2371,110,13,104,5,1.9388474450810558,8
2372,32,10,98,5,1.9380052263831626,5
2373,20,19,30,9,1.9352963119709488,10
2374,23,14,97,7,1.9330528734436567,7
2375,87,38,84,18,1.9318820493391857,20
2376,70,19,40,8,1.9276789997691202,11
2377,114,56,86,27,1.9239569797033826,29
2378,114,21,18,10,1.923577249757446,11
2379,53,43,64,20,1.921457820047301,23
2380,99,11,76,6,1.9173589523208343,5
2381,97,32,106,16,1.9159665785715099,16
2382,110,11,17,5,1.9155371371930665,6
2383,87,23,47,11,1.9101133657381941,12
2384,14,13,88,6,1.902096229341471,7
2385,43,29,65,15,1.9015147557652614,14
2386,107,27,112,13,1.8978016202230066,14
2387,20,35,106,16,1.890590591428699,19
2388,47,34,39,16,1.8887252121213745,18
2389,25,23,64,11,1.8857238852847684,12
2390,2,41,8,20,1.8848654476169697,21
2391,8,14,79,8,1.8787453444383122,6
2392,107,48,68,22,1.8731227489747677,26
2393,17,26,54,13,1.867393134138254,13
2394,37,95,5,46,1.8654288703425719,49
2395,13,24,78,11,1.8615249153813462,13
2396,87,61,106,30,1.856632619724249,31
2397,53,22,97,10,1.849246682219108,12
2398,65,22,84,11,1.8452384016260996,11
2399,108,16,74,7,1.841894266656678,9
2400,114,30,20,14,1.8395405662544742,16
2401,84,38,96,19,1.8356486827006797,19
2402,39,30,3,15,1.830220006872888,15
2403,54,20,49,10,1.829154265922774,10
2404,74,29,13,14,1.8278354237299064,15
2405,106,11,3,5,1.8270221877820192,6
2406,44,13,114,6,1.8263733365516701,7
2407,64,16,108,8,1.8224151605655865,8
2408,102,13,99,6,1.8212893413036875,7
2409,71,11,109,5,1.8196417828202216,6
2410,112,16,19,7,1.8134262001245212,9
2411,79,18,28,8,1.8130893193426152,10
2412,57,24,41,11,1.8129246044249019,13
2413,40,18,111,9,1.8104998545748818,9
2414,29,12,8,5,1.8103420658743294,7
2415,36,22,25,11,1.8071440138268557,11
2416,37,25,90,12,1.7816453937181782,13
2417,102,13,84,6,1.779322402529277,7
2418,104,62,16,29,1.778027708852634,33
2419,109,21,76,11,1.7708841969163662,10
2420,88,11,110,6,1.7642228121429866,5
2421,49,54,13,27,1.754775255922876,27
2422,84,26,70,12,1.7530345342228948,14
2423,4,31,68,15,1.751066192618154,16
2424,97,38,107,19,1.7507246476170455,19
2425,60,33,36,16,1.7416473627060747,17
2426,18,11,6,5,1.7414584600944751,6
2427,8,27,23,13,1.7400762718841152,14
2428,36,37,88,16,1.7392851936744347,21
2429,88,22,81,10,1.7392542924502719,12
2430,70,19,75,10,1.7314858975507377,9
2431,50,13,12,8,1.7279667161947851,5
2432,83,11,50,6,1.7272952536822097,5
2433,63,15,45,7,1.7260545689947924,8
2434,16,19,45,8,1.7223541453977003,11
2435,107,34,46,17,1.721683202665476,17
2436,86,32,38,15,1.7164597494651737,17
2437,9,46,40,21,1.71485959208228,25
2438,109,14,43,7,1.7129267358733018,7
2439,54,40,7,19,1.7088310244062668,21
2440,107,10,72,5,1.7053543654591343,5
2441,48,10,37,5,1.7035937503192145,5
2442,23,44,86,21,1.7030841833116428,23
2443,30,21,49,10,1.7027690766653343,11
2444,20,16,102,8,1.6989391239814933,8
2445,36,15,23,9,1.6972875274185721,6
2446,51,26,23,12,1.6961813528047331,14
2447,7,74,40,33,1.6955910385318638,41
2448,9,23,46,10,1.6945658865661515,13
2449,68,34,106,16,1.687950689096679,18
2450,17,12,77,6,1.6873994667000638,6
2451,50,18,69,10,1.686362400438779,8
2452,54,29,114,15,1.6786165794472776,14
2453,19,21,13,10,1.676085818216175,11
2454,45,28,31,13,1.6710870406691087,15
2455,87,49,28,24,1.6675925043761943,25
2456,85,13,51,7,1.664226628935165,6
2457,34,20,16,9,1.6581441324825392,11
2458,107,32,17,15,1.6568754180103666,17
2459,36,23,68,11,1.6511686348202657,12
2460,69,10,39,5,1.644395797770094,5
2461,38,12,80,5,1.6400661445963558,7
2462,7,78,41,38,1.6316845641232849,40
2463,39,19,96,8,1.6315253594413592,11
2464,79,15,107,6,1.6267301484362862,9
2465,112,20,9,10,1.6257132685716438,10
2466,19,17,94,8,1.6219930180628628,9
2467,68,18,57,9,1.6190755944848347,9
2468,70,13,43,6,1.6071210379776917,7
2469,47,18,63,10,1.604466681510507,8
2470,15,26,65,12,1.6034837036959215,14
2471,30,12,35,6,1.603184870407584,6
2472,94,10,18,5,1.6001116131573032,5
2473,99,18,30,8,1.5949338139614577,10
2474,64,10,90,5,1.5921132093044654,5
2475,100,11,12,6,1.5854889410506139,5
2476,2,15,25,8,1.5845186001024008,7
2477,61,12,86,6,1.584036331394614,6
2478,55,22,90,12,1.578656952498874,10
2479,60,25,46,12,1.5735893742532674,13
2480,40,58,88,27,1.5715316879527905,31
2481,58,12,43,6,1.5653312346763884,6
2482,94,13,29,6,1.5621793773373,7
2483,9,14,111,7,1.5621342613374551,7
2484,8,66,28,31,1.5619285888266077,35
2485,104,23,83,10,1.5563880557352996,13
2486,106,15,14,8,1.5523885439078582,7
2487,11,26,74,12,1.5483769164487977,14
2488,57,12,43,4,1.547683226037978,8
2489,88,33,109,15,1.5470592807301102,18
2490,74,11,112,5,1.546586662588193,6
2491,60,24,15,12,1.5446933308477528,12
2492,51,52,60,22,1.5379585605411303,30
2493,97,25,46,12,1.5379422598602892,13
2494,13,23,45,11,1.536281477648622,12
2495,29,13,53,5,1.5317670028644748,8
2496,87,31,109,14,1.531687543119842,17
2497,55,12,27,6,1.5257417717738173,6
2498,1,34,88,17,1.5234508852206479,17
2499,35,14,37,7,1.523131742310598,7
2500,71,23,51,11,1.5213301920130464,12
2501,43,12,8,6,1.5194230889621367,6
2502,46,12,55,5,1.5148590180899557,7
2503,13,50,28,24,1.5141990662429559,26
2504,28,63,5,31,1.5122016375527902,32
2505,43,13,104,7,1.5057895800585044,6
2506,50,17,108,9,1.5013768012598343,8
2507,46,52,5,24,1.4974094901037487,28
2508,4,59,13,27,1.4911690163054754,32
2509,87,51,54,23,1.4805638305796738,28
2510,63,95,65,46,1.478255874912306,49
2511,73,15,63,8,1.4760785674332926,7
2512,11,17,32,9,1.4729852723414754,8
2513,86,32,2,16,1.4682447143488935,16
2514,39,34,11,16,1.465948119767098,18
2515,112,16,23,7,1.4656028868993851,9
2516,15,34,16,18,1.4655676224221874,16
2517,40,64,51,31,1.4624658901194145,33
2518,65,61,68,29,1.4611429296521303,32
2519,31,21,47,10,1.4606130980712668,11
2520,86,64,55,30,1.4599929257917066,34
2521,25,23,83,10,1.4597201880554966,13
2522,20,15,93,8,1.4584347045217758,7
2523,8,16,38,8,1.4562520429495758,8
2524,50,16,89,7,1.4560158637801317,9
2525,53,30,55,14,1.4538038424746393,16
2526,46,62,88,31,1.4519317579443412,31
2527,3,35,51,20,1.4506027114913664,15
2528,27,17,49,8,1.4502216646949986,9
2529,106,55,63,27,1.4485566818099482,28
2530,39,20,70,9,1.4424153371414083,11
2531,20,21,97,11,1.439527960881874,10
2532,50,28,25,14,1.4391705454909012,14
2533,70,56,86,26,1.42921805361145,30
2534,65,70,41,31,1.4285809086277084,39
2535,43,20,87,10,1.4273382250462692,10
2536,1,32,107,16,1.4233414848511392,16
2537,36,35,45,19,1.423273124508123,16
2538,86,31,57,14,1.4176441585221127,17
2539,12,16,40,8,1.4120822666164417,8
2540,7,58,18,29,1.407111198769738,29
2541,12,22,13,8,1.4046792155049035,14
2542,70,17,95,9,1.4011695857654913,8
2543,75,12,44,5,1.399837377533035,7
2544,16,10,56,4,1.3984899579645478,6
2545,91,13,9,6,1.3946381880594532,7
2546,7,15,83,6,1.3943529604549396,9
2547,44,25,16,13,1.3924747988210242,12
2548,43,13,37,7,1.3915535608538905,6
2549,36,11,29,6,1.3837445576600587,5
2550,50,41,11,19,1.3816262941644981,22
2551,95,31,7,14,1.3809406634768675,17
2552,106,30,41,15,1.3806292559177733,15
2553,6,11,69,6,1.3727715082405263,5
2554,75,10,48,5,1.3711471542080278,5
2555,90,11,76,6,1.3711097869836062,5
2556,25,26,30,14,1.363384718034577,12
2557,64,42,68,18,1.3624818601326818,24
2558,107,39,70,20,1.3599998705907188,19
2559,69,12,85,6,1.3560361154784741,6
2560,12,16,18,7,1.3538062436901652,9
2561,19,13,69,6,1.3536079854549823,7
2562,97,37,88,18,1.349074362930903,19
2563,84,17,90,8,1.3434141546201468,9
2564,71,48,7,25,1.3388864417450883,23
2565,61,13,65,7,1.327965247882516,6
2566,16,32,48,16,1.325046232020354,16
2567,60,25,109,12,1.3235251021634884,13
2568,16,30,80,14,1.3220466579095416,16
2569,41,35,63,17,1.3212163610751766,18
2570,74,18,80,9,1.3199661328668575,9
2571,3,17,55,8,1.3172267439478242,9
2572,10,16,8,7,1.3145513780375315,9
2573,32,12,51,6,1.314434714983352,6
2574,6,13,86,6,1.3062976396978554,7
2575,70,11,102,7,1.3043211125718095,4
2576,5,44,13,21,1.302350985374302,23
2577,11,11,34,6,1.300730341172683,5
2578,87,57,88,30,1.2972492664863855,27
2579,65,43,60,18,1.292557414516089,25
2580,2,22,74,10,1.2925512141562505,12
2581,11,17,102,9,1.2862551218754514,8
2582,97,20,109,10,1.283406905257821,10
2583,50,30,51,15,1.277023353905357,15
2584,50,27,65,13,1.2644687002361983,14
2585,55,26,99,12,1.2605449554949548,14
2586,68,45,63,22,1.2529349748796308,23
2587,16,22,33,9,1.250719949272024,13
2588,23,11,48,5,1.2484887739294386,6
2589,65,10,89,5,1.246766687204138,5
2590,1,10,71,4,1.2456643982922146,6
2591,85,15,68,6,1.2449251184472654,9
2592,114,16,15,8,1.2433363941042057,8
2593,107,30,4,15,1.2387516471106226,15
2594,71,25,31,12,1.2380158081615504,13
2595,63,16,95,8,1.233969730193377,8
2596,11,49,107,23,1.2314893212442308,26
2597,71,26,9,12,1.2262156519313812,14
2598,51,22,49,11,1.2233396102543554,11
2599,98,11,74,5,1.2137114800422117,6
2600,64,42,88,19,1.2118692904336819,23
2601,25,33,97,16,1.211209753293348,17
2602,41,65,13,32,1.2092531577418808,33
2603,63,44,7,18,1.2086828652803667,26
2604,11,25,65,11,1.2017242876914807,14
2605,16,51,74,24,1.19895248847691,27
2606,25,25,109,12,1.1927554377225935,13
2607,19,11,3,5,1.1827356159176943,6
2608,84,30,54,14,1.1752338053025546,16
2609,76,29,87,13,1.173923997825125,16
2610,47,16,27,7,1.1658557312566065,9
2611,65,11,19,6,1.1638597275073126,5
2612,51,48,41,23,1.1606659492153586,25
2613,78,23,68,11,1.1476014430257624,12
2614,9,26,58,12,1.1451265480110815,14
2615,60,73,71,35,1.1360670304013205,38
2616,23,47,16,22,1.133588423461974,25
2617,36,26,106,13,1.1307287364062801,13
2618,3,26,31,14,1.130409883055894,12
2619,33,13,114,7,1.1286658148323794,6
2620,61,18,88,10,1.1254133453483963,8
2621,7,85,65,44,1.1151148094385754,41
2622,63,47,40,22,1.1085655861732644,25
2623,73,13,55,6,1.1082443575059586,7
2624,91,12,47,6,1.1047106963660296,6
2625,40,19,45,9,1.1043531225931202,10
2626,96,18,2,9,1.1039761816908797,9
2627,70,39,106,20,1.1024614638047308,19
2628,46,45,11,21,1.1009029076063184,24
2629,54,16,33,7,1.1000953180608282,9
2630,111,18,23,7,1.0979651768767418,11
2631,51,71,68,37,1.0948955307720363,34
2632,14,16,11,7,1.0923565448715802,9
2633,28,18,19,8,1.0905843900996839,10
2634,40,13,74,6,1.0901529369074687,7
2635,46,20,57,10,1.0787393081529641,10
2636,64,19,97,9,1.0748997556854092,10
2637,67,20,37,9,1.0707700527635258,11
2638,106,12,66,5,1.070759127853136,7
2639,70,55,8,27,1.0665028298167964,28
2640,104,30,109,15,1.0638658496000608,15
2641,18,35,87,16,1.0595333397572304,19
2642,20,18,48,8,1.0556464172960105,10
2643,43,18,69,9,1.0483584083277537,9
2644,16,37,40,17,1.0479395774839413,20
2645,20,32,13,16,1.0473604323868067,16
2646,54,28,102,14,1.0470828148001607,14
2647,114,19,69,8,1.0427404151557151,11
2648,90,21,88,11,1.0373159148886417,10
2649,54,10,103,4,1.036161520113263,6
2650,45,14,3,7,1.0349134798027078,7
2651,35,22,7,11,1.0299988339542105,11
2652,13,56,9,26,1.0296923282418164,30
2653,11,41,87,22,1.027110181689243,19
2654,63,20,44,9,1.0233184771026502,11
2655,70,10,33,5,1.0222975969230632,5
2656,16,42,114,19,1.0212587757382692,23
2657,98,28,107,14,1.0170960211152535,14
2658,27,17,8,9,1.0060239190851215,8
2659,13,43,75,20,1.005364432264769,23
2660,114,11,93,6,1.004990658958168,5
2661,114,39,7,18,1.0047894280060632,21
2662,37,37,17,16,0.9978108601802018,21
2663,9,13,30,6,0.9935090532750582,7
2664,64,21,38,10,0.9820263127460184,11
2665,87,53,51,26,0.9813193495830117,27
2666,60,10,93,6,0.9795074052045596,4
2667,8,67,54,35,0.9788096362147576,32
2668,50,29,17,13,0.9785385252670544,16
2669,51,33,31,14,0.9782499075201472,19
2670,49,24,17,10,0.9759498596955533,14
2671,107,65,5,32,0.9748363761521144,33
2672,53,40,51,20,0.9719493528973242,20
2673,37,50,51,27,0.9710667257210692,23
2674,102,30,114,14,0.9680544759122783,16
2675,80,10,17,6,0.9638999099498463,4
2676,30,26,51,12,0.9638359516152135,14
2677,104,38,106,19,0.9604760273979323,19
2678,106,11,103,6,0.9583580547252424,5
2679,14,14,5,6,0.9561035605846475,8
2680,3,32,68,15,0.9527649253755339,17
2681,63,23,53,11,0.9461903574638922,12
2682,112,13,114,7,0.9421647262329379,6
2683,7,10,108,4,0.9385265901557563,6
2684,84,16,60,6,0.9370552552409611,10
2685,68,89,13,42,0.9285716808885294,47
2686,102,11,83,5,0.9259324073609744,6
2687,33,17,86,9,0.9246066959077469,8
2688,57,28,51,14,0.9210242184575945,14
2689,51,12,79,5,0.9183017095558496,7
2690,75,27,114,13,0.9181862737012574,14
2691,13,20,33,10,0.918120505460343,10
2692,106,100,86,49,0.9173221659807225,51
2693,114,12,11,5,0.9147560322473872,7
2694,39,18,48,8,0.9127145579388772,10
2695,43,17,50,7,0.911659904777202,10
2696,77,22,68,11,0.9089813853065132,11
2697,36,35,75,19,0.9076169876586753,16
2698,23,13,3,6,0.9036934098771335,7
2699,112,11,14,6,0.9022319115654415,5
2700,68,17,74,7,0.9001065237726507,10
2701,8,24,48,11,0.8990865709573224,13
2702,8,76,88,37,0.8933115574955768,39
2703,94,22,107,9,0.8912889870157809,13
2704,60,17,83,8,0.8851626447494981,9
2705,77,21,4,10,0.8810684428976758,11
2706,37,21,57,10,0.8778160008276704,11
2707,84,17,91,8,0.8755346549877653,9
2708,111,47,68,24,0.8746288393374696,23
2709,7,27,49,15,0.8744069756975954,12
2710,80,33,86,16,0.8727199174341318,17
2711,51,28,12,14,0.8723369355034586,14
2712,8,67,37,33,0.8700084298071539,34
2713,39,40,28,20,0.868602476168121,20
2714,55,21,71,9,0.863684832703073,12
2715,10,10,114,4,0.8617397018011257,6
2716,85,13,17,6,0.8598477976037174,7
2717,13,69,60,31,0.8542848964811729,38
2718,54,89,65,43,0.8508058656354894,46
2719,39,13,102,6,0.8492100400200487,7
2720,71,28,63,13,0.8479499084443569,15
2721,62,11,50,5,0.8451062062670078,6
2722,50,56,86,29,0.8444740252545996,27
2723,28,23,30,12,0.8403239904216823,11
2724,86,80,20,38,0.8301074964710538,42
2725,2,16,46,8,0.8285194662826778,8
2726,29,12,106,6,0.8264692442725535,6
2727,28,48,37,24,0.8263140292594408,24
2728,60,47,53,24,0.8237632801343029,23
2729,107,83,28,39,0.8210512254142036,44
2730,19,16,100,9,0.8186905030789058,7
2731,13,27,11,13,0.8150505436514466,14
2732,96,58,107,27,0.8081270899904945,31
2733,84,31,50,16,0.8064114901977948,15
2734,56,14,40,7,0.8062835825274064,7
2735,13,16,48,8,0.803835400287658,8
2736,19,14,30,6,0.8013153335608079,8
2737,68,20,49,10,0.7960430752354475,10
2738,2,22,88,11,0.7956469041111237,11
2739,87,28,46,15,0.7941915016238118,13
2740,4,18,104,10,0.7872554057904764,8
2741,100,13,97,6,0.7866792604447757,7
2742,9,17,34,8,0.77910514985876,9
2743,87,17,14,9,0.7782645241152489,8
2744,87,22,99,10,0.7762165713325069,12
2745,10,19,84,9,0.7730240789929571,10
2746,97,20,93,10,0.7717644600090583,10
2747,33,15,104,8,0.7704375614853092,7
2748,57,40,16,20,0.7629343085764547,20
2749,16,40,112,19,0.7567380050399233,21
2750,14,15,13,6,0.7511854242648525,9
2751,87,14,17,7,0.7509341405124581,7
2752,3,20,71,10,0.744611540631482,10
2753,46,24,84,11,0.744605770354001,13
2754,36,13,74,5,0.7437175733038444,8
2755,25,24,15,13,0.7394428200536315,11
2756,13,60,39,30,0.7375803753367649,30
2757,78,11,55,6,0.7363999336150038,5
2758,5,40,63,22,0.7358500176759455,18
2759,40,77,86,36,0.7352757671814381,41
2760,27,16,15,8,0.7342410907863561,8
2761,13,45,27,23,0.7326790677923797,22
2762,95,41,5,21,0.731606653431554,20
2763,19,22,68,10,0.7253701141678225,12
2764,68,22,17,10,0.721006671283474,12
2765,61,18,40,9,0.7154895706830828,9
2766,82,13,28,7,0.7153587234866209,6
2767,13,17,96,8,0.7114671477918352,9
2768,76,25,8,13,0.7077738529790866,12
2769,94,11,1,4,0.7037921766939422,7
2770,88,43,49,21,0.7014211589442615,22
2771,18,23,104,13,0.701208945227421,10
2772,38,11,91,5,0.7003822911270713,6
2773,57,11,95,4,0.6989616542578664,7
2774,60,16,11,8,0.6943571067382427,8
2775,8,41,39,21,0.6937986397009377,20
2776,7,73,39,37,0.6920867889114359,36
2777,62,10,98,5,0.6900751788017032,5
2778,29,17,38,8,0.6873786981327397,9
2779,39,42,54,21,0.684039366023366,21
2780,18,19,25,10,0.6816652439852776,9
2781,50,24,114,11,0.6812811811945304,13
2782,60,34,43,17,0.6767947775626473,17
2783,109,31,13,14,0.6717168111881656,17
2784,87,56,39,27,0.671126615184668,29
2785,54,67,16,34,0.6682295554685945,33
2786,37,40,114,18,0.6680388190804037,22
2787,100,26,13,12,0.6608918695863761,14
2788,63,38,50,18,0.6599709375930062,20
2789,41,27,1,12,0.6450987397179471,15
2790,98,16,50,8,0.6426219058041094,8
2791,68,49,9,24,0.6403549802856331,25
2792,25,25,41,14,0.6394054706376684,11
2793,111,17,36,8,0.6365354853619557,9
2794,70,22,41,12,0.6354721735396393,10
2795,112,14,17,7,0.6329045636088091,7
2796,4,28,64,13,0.6316212138641686,15
2797,11,11,97,6,0.6269874474505769,5
2798,50,63,54,31,0.6257662884110836,32
2799,36,33,71,17,0.6241330409639582,16
2800,76,30,96,14,0.6223340675935091,16
2801,31,22,58,11,0.6168553703735019,11
2802,43,20,114,11,0.6074470201565788,9
2803,91,16,70,7,0.6063303701253773,9
2804,63,15,34,7,0.6010869874219945,8
2805,71,32,106,15,0.6009609652453856,17
2806,13,24,72,13,0.5977342226167962,11
2807,30,24,40,12,0.5893402617113984,12
2808,76,13,36,4,0.5885035889042722,9
2809,3,10,94,5,0.588351150452899,5
2810,69,14,94,7,0.5846637308461184,7
2811,64,15,17,8,0.5824319192017166,7
2812,106,46,76,25,0.577289694916291,21
2813,23,12,53,6,0.5700661218932129,6
2814,20,14,15,7,0.5689936775430091,7
2815,75,51,65,26,0.5689430318120555,25
2816,40,10,94,5,0.5678516928680516,5
2817,86,69,13,35,0.5666044146054571,34
2818,29,10,108,5,0.5615423900676226,5
2819,97,31,2,15,0.5614740846174435,16
2820,83,10,2,5,0.5594397265150824,5
2821,5,49,54,23,0.5526115688513309,26
2822,92,17,7,7,0.5480230211986101,10
2823,104,55,13,27,0.5474902747445213,28
2824,41,42,39,19,0.5463742537779036,23
2825,98,27,16,13,0.5462850233229243,14
2826,64,29,54,15,0.5456745481805155,14
2827,12,22,39,11,0.5419618153900833,11
2828,106,10,1,5,0.539652861011431,5
2829,28,19,33,8,0.5377400393884932,11
2830,43,18,27,8,0.5357371126902825,10
2831,51,42,9,20,0.5346045933154973,22
2832,15,28,86,14,0.5255884207100932,14
2833,65,19,102,8,0.5234012572749034,11
2834,73,19,28,10,0.5214155246375574,9
2835,19,18,39,10,0.5212733184685528,8
2836,43,17,25,10,0.5197036131496171,7
2837,85,29,86,14,0.51654061835633,15
2838,106,68,28,33,0.5161436710076662,35
2839,41,11,90,6,0.513841479320257,5
2840,9,39,39,21,0.5122974091677517,18
2841,4,18,9,9,0.5118055197130339,9
2842,68,52,86,27,0.5116664566668336,25
2843,49,12,97,5,0.510198270023406,7
2844,23,10,9,5,0.5053397207394539,5
2845,18,29,41,15,0.5040827449695365,14
2846,90,13,91,6,0.5003235284827323,7
2847,88,35,31,18,0.4999807976090588,17
2848,5,59,87,29,0.4991669720547012,30
2849,27,13,54,6,0.48713804075078926,7
2850,57,14,104,5,0.4845128262229356,9
2851,37,17,62,10,0.47941613349669066,7
2852,95,28,74,13,0.47842550860281996,15
2853,75,31,41,14,0.47837138213253816,17
2854,107,108,86,53,0.47827716666430464,55
2855,25,51,39,26,0.4759465051184244,25
2856,37,13,69,6,0.4741041536564538,7
2857,65,54,31,26,0.46913887469692744,28
2858,104,32,68,15,0.4623896750421225,17
2859,87,16,111,8,0.45897322341286445,8
2860,3,46,86,24,0.4556040305242927,22
2861,1,13,112,8,0.45359520737159276,5
2862,62,13,55,7,0.4490302976953222,6
2863,80,11,9,7,0.4439834453330457,4
2864,90,15,11,7,0.4409004522210816,8
2865,109,13,69,7,0.43237846797528773,6
2866,40,43,31,22,0.429627197462679,21
2867,33,11,99,6,0.42486651226142574,5
2868,46,11,19,6,0.4237898327913996,5
2869,107,59,39,28,0.42346091866823937,31
2870,87,46,96,22,0.4185307257645089,24
2871,5,14,38,7,0.4168378546295618,7
2872,31,33,86,17,0.4107692180392416,16
2873,50,18,79,9,0.4091046493522828,9
2874,98,14,114,7,0.4067842985377363,7
2875,27,17,106,10,0.4013630945998079,7
2876,107,95,7,42,0.39776976722684715,53
2877,20,13,85,6,0.39373981733351443,7
2878,88,13,78,6,0.3934639813104847,7
2879,55,16,41,8,0.3929137359889599,8
2880,23,18,54,9,0.39214168570707464,9
2881,8,13,44,6,0.3904420875790005,7
2882,57,20,55,11,0.38903746063509637,9
2883,69,30,36,15,0.38598798110099336,15
2884,8,35,50,16,0.38293825667797665,19
2885,114,28,71,14,0.3795577437704574,14
2886,70,22,97,12,0.3783758219642565,10
2887,14,18,84,8,0.37783903496494214,10
2888,107,37,90,19,0.3753937941046271,18
2889,40,16,108,7,0.373845897515691,9
2890,88,35,71,19,0.3711092012403024,16
2891,40,21,75,10,0.36863713867004627,11
2892,95,26,28,12,0.36814720179538635,14
2893,25,30,63,16,0.3669879376751877,14
2894,92,18,13,7,0.36521745881563183,11
2895,46,18,41,8,0.36430211798636986,10
2896,13,27,38,12,0.35957757900250525,15
2897,47,21,65,10,0.3519317997506132,11
2898,15,14,29,7,0.35154179739306457,7
2899,87,22,62,11,0.3514225144207001,11
2900,7,21,8,10,0.35073482330961425,11
2901,86,52,30,27,0.3506891766527393,25
2902,8,44,20,22,0.3454844939659281,22
2903,78,11,3,6,0.3383854016106408,5
2904,109,13,4,6,0.3380907022892352,7
2905,51,17,29,9,0.3368482563248711,8
2906,83,20,106,11,0.33164456490941063,9
2907,76,28,70,13,0.3288931307094032,15
2908,49,14,114,6,0.32751436291229447,8
2909,16,35,27,17,0.32676505152891505,18
2910,65,48,39,22,0.3257402134811714,26
2911,81,11,23,6,0.3238492623178992,5
2912,86,23,108,13,0.3219408787814728,10
2913,114,68,107,33,0.32070298196932506,35
2914,60,56,77,28,0.3202632464438518,28
2915,83,25,28,14,0.3193130867023741,11
2916,34,11,79,5,0.31752247685889295,6
2917,51,13,92,7,0.31029394338620886,6
2918,107,68,63,37,0.3098872954610473,31
2919,86,22,34,10,0.3097914629453754,12
2920,29,11,79,4,0.30038972457789276,7
2921,114,60,88,30,0.29749332449413723,30
2922,88,15,48,6,0.2955612335778544,9
2923,57,11,53,6,0.2873041046379347,5
2924,67,12,25,6,0.2816428039469064,6
2925,96,12,67,7,0.27996501259109813,5
2926,53,18,5,8,0.2778213329671456,10
2927,36,11,38,4,0.26679215079866997,7
2928,37,22,76,12,0.2606095394442829,10
2929,17,11,108,5,0.2506467392789146,6
2930,47,17,41,9,0.24960180944275975,8
2931,109,31,16,16,0.2489072427641002,15
2932,13,10,103,5,0.2488380868075904,5
2933,88,38,20,20,0.24807571543102264,18
2934,40,25,47,14,0.24655985846699452,11
2935,83,20,88,11,0.24121558114701722,9
2936,61,16,13,9,0.23942923044644315,7
2937,30,20,106,10,0.23895557447172086,10
2938,107,71,84,36,0.23736523288219447,35
2939,64,19,45,9,0.2352744559029064,10
2940,57,14,20,7,0.22969067246688318,7
2941,65,10,101,5,0.22906131925901718,5
2942,67,12,84,5,0.22644335659627104,7
2943,72,16,7,8,0.22521266099875584,8
2944,77,12,3,5,0.22356024648773629,7
2945,107,57,60,28,0.21842972591279397,29
2946,107,40,18,22,0.21456452912257484,18
2947,53,21,44,9,0.2122113313421154,12
2948,53,54,13,29,0.2083631688927764,25
2949,28,11,66,5,0.2056598644516812,6
2950,46,23,17,12,0.20521498367655996,11
2951,81,21,107,11,0.19898617239587554,10
2952,46,16,71,7,0.19894184736909315,9
2953,76,11,47,3,0.1986777302440924,8
2954,107,61,74,29,0.19420996588142148,32
2955,98,11,100,5,0.18985443720382733,6
2956,88,35,37,17,0.1877253046596751,18
2957,35,12,70,7,0.18631436457958764,5
2958,44,15,65,6,0.18351226600640885,9
2959,71,33,8,17,0.17759312635004623,16
2960,96,37,55,19,0.17732770674363885,18
2961,15,29,57,14,0.17335369220159338,15
2962,11,47,106,26,0.17225906773687616,21
2963,57,34,13,18,0.16675051669784913,16
2964,7,51,4,26,0.16136746029798088,25
2965,62,12,106,6,0.1584669634691407,6
2966,65,46,8,23,0.15754870599407625,23
2967,84,22,80,10,0.15202664995311643,12
2968,51,20,98,10,0.14461940831704007,10
2969,68,21,94,11,0.13790339704375146,10
2970,73,10,25,5,0.1328731236438802,5
2971,51,13,44,8,0.13191763257362837,5
2972,60,76,7,38,0.13134493579901685,38
2973,65,84,86,40,0.12617823685384771,44
2974,28,22,98,9,0.12169006680659694,13
2975,51,59,55,30,0.12168388038388171,29
2976,40,28,18,16,0.11377047107058737,12
2977,49,16,8,7,0.1133484840104294,9
2978,98,13,97,7,0.11020600858990875,6
2979,94,13,60,6,0.10902380212835151,7
2980,2,18,84,9,0.10504403066305398,9
2981,68,13,44,7,0.10451112471006771,6
2982,41,54,88,26,0.10348470718011778,28
2983,93,20,107,9,0.10069325512074272,11
2984,107,46,27,23,0.09729998361384001,23
2985,86,30,53,13,0.09593092236920715,17
2986,3,26,9,13,0.09587161367092005,13
2987,74,39,25,20,0.09563368284676016,19
2988,25,65,16,32,0.09364645449744402,33
2989,30,15,96,8,0.09214636377364425,7
2990,114,29,36,13,0.09213128587786307,16
2991,107,82,8,38,0.0906795638529682,44
2992,95,52,86,24,0.08956033992826938,28
2993,84,37,88,17,0.08333477514829757,20
2994,97,36,74,17,0.07931920932357782,19
2995,63,46,87,22,0.07921188185625391,24
2996,107,73,54,35,0.07798228457878793,38
2997,100,15,15,7,0.07480855735656723,8
2998,55,15,108,8,0.07480659095217349,7
2999,106,21,40,10,0.06808253080226546,11
3000,8,70,106,37,0.05212763279076112,33
3001,34,19,50,10,0.05002588679712766,9
3002,73,16,106,8,0.04700386219362951,8
3003,65,11,81,6,0.04550793535821782,5
3004,15,13,43,6,0.045041270424713856,7
3005,114,46,104,24,0.04494734082733511,22
3006,74,41,54,20,0.04296760366186976,21
3007,31,11,97,5,0.04256244744109723,6
3008,55,52,87,26,0.039341837208104025,26
3009,9,14,81,7,0.035788297634864304,7
3010,45,17,71,7,0.03389797077786283,10
3011,84,19,17,10,0.032612383959908106,9
3012,72,24,16,12,0.026040943543897743,12
3013,106,42,50,20,0.025298087208634697,22
3014,106,26,100,12,0.022225583959526604,14
3015,15,35,13,17,0.01976991947197289,18
3016,89,15,28,8,0.018607611913672883,7
3017,7,28,15,12,0.018225685442037017,16
3018,35,24,86,11,0.011498856499630127,13
3019,109,17,83,7,0.00972932964701334,10
3020,90,33,16,15,0.006116246156991541,18
3021,16,33,90,18,-0.0061162461569911645,15
3022,83,17,109,10,-0.009729329647013785,7
3023,86,24,35,13,-0.011498856499629817,11
3024,15,28,7,16,-0.018225685442037017,12
3025,28,15,89,7,-0.018607611913672648,8
3026,13,35,15,18,-0.019769919471973197,17
3027,100,26,106,14,-0.02222558395952517,12
3028,50,42,106,22,-0.02529808720863334,20
3029,16,24,72,12,-0.026040943543896855,12
3030,17,19,84,9,-0.03261238395990876,10
3031,71,17,45,10,-0.03389797077786216,7
3032,81,14,9,7,-0.035788297634866885,7
3033,87,52,55,26,-0.039341837208104025,26
3034,97,11,31,6,-0.042562447441096586,5
3035,54,41,74,21,-0.04296760366187002,20
3036,104,46,114,22,-0.04494734082733487,24
3037,43,13,15,7,-0.04504127042471195,6
3038,81,11,65,5,-0.04550793535821569,6
3039,106,16,73,8,-0.0470038621936304,8
3040,50,19,34,9,-0.05002588679712785,10
3041,106,70,8,33,-0.05212763279076128,37
3042,40,21,106,11,-0.0680825308022658,10
3043,108,15,55,7,-0.07480659095217229,8
3044,15,15,100,8,-0.07480855735656841,7
3045,54,73,107,38,-0.07798228457878872,35
3046,87,46,63,24,-0.07921188185625398,22
3047,74,36,97,19,-0.07931920932357782,17
3048,88,37,84,20,-0.0833347751482989,17
3049,86,52,95,28,-0.08956033992827091,24
3050,8,82,107,44,-0.09067956385296824,38
3051,36,29,114,16,-0.09213128587786189,13
3052,96,15,30,7,-0.09214636377364507,8
3053,16,65,25,33,-0.09364645449744435,32
3054,25,39,74,19,-0.0956336828467596,20
3055,9,26,3,13,-0.09587161367092059,13
3056,53,30,86,17,-0.09593092236920858,13
3057,27,46,107,23,-0.09729998361384193,23
3058,88,54,41,28,-0.10348470718011826,26
3059,44,13,68,6,-0.10451112471006657,7
3060,84,18,2,9,-0.10504403066305477,9
3061,60,13,94,7,-0.10902380212834957,6
3062,97,13,98,6,-0.11020600858990862,7
3063,8,16,49,9,-0.11334848401042974,7
3064,18,28,40,12,-0.11377047107058744,16
3065,55,59,51,29,-0.12168388038388292,30
3066,98,22,28,13,-0.1216900668065983,9
3067,86,84,65,44,-0.12617823685384916,40
3068,7,76,60,38,-0.13134493579901632,38
3069,44,13,51,5,-0.1319176325736292,8
3070,25,10,73,5,-0.1328731236438802,5
3071,94,21,68,10,-0.1379033970437518,11
3072,98,20,51,10,-0.14461940831704023,10
3073,80,22,84,12,-0.15202664995311627,10
3074,8,46,65,23,-0.1575487059940757,23
3075,106,12,62,6,-0.15846696346914188,6
3076,4,51,7,25,-0.16136746029798163,26
3077,13,34,57,16,-0.16675051669784913,18
3078,106,47,11,21,-0.17225906773687602,26
3079,57,29,15,15,-0.17335369220159288,14
3080,55,37,96,18,-0.17732770674364082,19
3081,8,33,71,16,-0.17759312635004632,17
3082,65,15,44,9,-0.1835122660064091,6
3083,70,12,35,5,-0.18631436457958692,7
3084,37,35,88,18,-0.18772530465967646,17
3085,100,11,98,6,-0.18985443720382733,5
3086,47,11,76,8,-0.19867773024409274,3
3087,71,16,46,9,-0.19894184736909182,7
3088,107,21,81,10,-0.19898617239587607,11
3089,17,23,46,11,-0.2052149836765593,12
3090,66,11,28,6,-0.20565986445168055,5
3091,13,54,53,25,-0.20836316889277592,29
3092,44,21,53,12,-0.2122113313421161,9
3093,18,40,107,18,-0.21456452912257684,22
3094,60,57,107,29,-0.21842972591279558,28
3095,3,12,77,7,-0.2235602464877348,5
3096,7,16,72,8,-0.22521266099875537,8
3097,84,12,67,7,-0.22644335659627166,5
3098,101,10,65,5,-0.2290613192590168,5
3099,20,14,57,7,-0.2296906724668833,7
3100,45,19,64,10,-0.23527445590290527,9
3101,84,71,107,35,-0.23736523288219558,36
3102,106,20,30,10,-0.2389555744717199,10
3103,13,16,61,7,-0.2394292304464427,9
3104,88,20,83,9,-0.24121558114701463,11
3105,47,25,40,11,-0.24655985846699366,14
3106,103,10,13,5,-0.24883808680759217,5
3107,16,31,109,15,-0.24890724276409806,16
3108,41,17,47,8,-0.24960180944275975,9
3109,108,11,17,6,-0.25064673927891384,5
3110,76,22,37,10,-0.26060953944428406,12
3111,38,11,36,7,-0.26679215079866964,4
3112,5,18,53,10,-0.277821332967146,8
3113,67,12,96,5,-0.279965012591097,7
3114,25,12,67,6,-0.2816428039469064,6
3115,53,11,57,5,-0.2873041046379331,6
3116,48,15,88,9,-0.29556123357785347,6
3117,88,60,114,30,-0.2974933244941375,30
3118,79,11,29,7,-0.3003897245778921,4
3119,88,18,12,9,-0.3042097842896815,9
3120,34,22,86,12,-0.30979146294537524,10
3121,63,68,107,31,-0.3098872954610479,37
3122,92,13,51,6,-0.31029394338620975,7
3123,79,11,34,6,-0.3175224768588933,5
3124,28,25,83,11,-0.3193130867023753,14
3125,77,56,60,28,-0.32026324644385057,28
3126,107,68,114,35,-0.3207029819693246,33
3127,108,23,86,10,-0.32194087878147215,13
3128,23,11,81,5,-0.3238492623178992,6
3129,39,48,65,26,-0.32574021348116955,22
3130,27,35,16,18,-0.32676505152891483,17
3131,114,14,49,8,-0.32751436291229385,6
3132,70,28,76,15,-0.32889313070940346,13
3133,106,20,83,9,-0.3316445649094112,11
3134,29,17,51,8,-0.3368482563248705,9
3135,4,13,109,7,-0.3380907022892352,6
3136,3,11,78,5,-0.3383854016106414,6
3137,20,44,8,22,-0.3454844939659279,22
3138,30,52,86,25,-0.3506891766527383,27
3139,8,21,7,11,-0.3507348233096159,10
3140,62,22,87,11,-0.3514225144207014,11
3141,29,14,15,7,-0.35154179739306357,7
3142,65,21,47,11,-0.3519317997506139,10
3143,38,27,13,15,-0.3595775790025047,12
3144,41,18,46,10,-0.36430211798637085,8
3145,13,18,92,11,-0.3652174588156323,7
3146,63,30,25,14,-0.3669879376751877,16
3147,28,26,95,14,-0.36814720179538646,12
3148,75,21,40,11,-0.3686371386700461,10
3149,71,35,88,16,-0.37110920124030156,19
3150,108,16,40,9,-0.3738458975156912,7
3151,84,18,14,10,-0.37783903496494253,8
3152,97,22,70,10,-0.3783758219642562,12
3153,71,28,114,14,-0.3795577437704577,14
3154,50,35,8,19,-0.3829382566779763,16
3155,36,30,69,15,-0.3859879811009911,15
3156,55,20,57,9,-0.3890374606350971,11
3157,44,13,8,7,-0.3904420875789997,6
3158,54,18,23,9,-0.39214168570707364,9
3159,41,16,55,8,-0.39291373598895946,8
3160,78,13,88,7,-0.3934639813104835,6
3161,85,13,20,7,-0.3937398173335161,6
3162,7,95,107,53,-0.3977697672268478,42
3163,106,17,27,7,-0.40136309459980746,10
3164,114,14,98,7,-0.40678429853773473,7
3165,79,18,50,9,-0.4091046493522828,9
3166,86,33,31,16,-0.4107692180392426,17
3167,38,14,5,7,-0.4168378546295618,7
3168,96,46,87,24,-0.4185307257645087,22
3169,39,59,107,31,-0.4234609186682371,28
3170,19,11,46,5,-0.4237898327914003,6
3171,99,11,33,5,-0.4248665122614248,6
3172,31,43,40,21,-0.4296271974626791,22
3173,69,13,109,6,-0.43237846797528773,7
3174,11,15,90,8,-0.4409004522210813,7
3175,9,11,80,4,-0.4439834453330448,7
3176,55,13,62,6,-0.4490302976953225,7
3177,112,13,1,5,-0.45359520737159276,8
3178,86,46,3,22,-0.4556040305242927,24
3179,111,16,87,8,-0.45897322341286373,8
3180,68,32,104,17,-0.4623896750421223,15
3181,31,54,65,28,-0.4691388746969265,26
3182,69,13,37,7,-0.47410415365645314,6
3183,39,51,25,25,-0.4759465051184236,26
3184,86,108,107,55,-0.47827716666430453,53
3185,41,31,75,17,-0.47837138213253816,14
3186,74,28,95,15,-0.4784255086028221,13
3187,62,17,37,7,-0.47941613349669043,10
3188,104,14,57,9,-0.4845128262229359,5
3189,54,13,27,7,-0.48713804075078926,6
3190,87,59,5,30,-0.49916697205470045,29
3191,11,54,16,24,-0.4994866596258911,30
3192,31,35,88,17,-0.499980797609059,18
3193,91,13,90,7,-0.5003235284827329,6
3194,41,29,18,14,-0.5040827449695369,15
3195,9,10,23,5,-0.5053397207394532,5
3196,97,12,49,7,-0.510198270023406,5
3197,86,52,68,25,-0.511666456666834,27
3198,9,18,4,9,-0.5118055197130339,9
3199,39,39,9,18,-0.5122974091677527,21
3200,90,11,41,5,-0.513841479320257,6
3201,28,68,106,35,-0.5161436710076651,33
3202,86,29,85,15,-0.5165406183563308,14
3203,25,17,43,7,-0.5197036131496168,10
3204,39,18,19,8,-0.5212733184685526,10
3205,28,19,73,9,-0.5214155246375576,10
3206,102,19,65,11,-0.5234012572749034,8
3207,86,28,15,14,-0.5255884207100916,14
3208,9,42,51,22,-0.5346045933154959,20
3209,27,18,43,10,-0.5357371126902856,8
3210,33,19,28,11,-0.5377400393884936,8
3211,1,10,106,5,-0.5396528610114302,5
3212,39,22,12,11,-0.5419618153900839,11
3213,54,29,64,14,-0.5456745481805153,15
3214,16,27,98,14,-0.5462850233229247,13
3215,39,42,41,23,-0.5463742537779043,19
3216,13,55,104,28,-0.5474902747445204,27
3217,7,17,92,10,-0.5480230211986107,7
3218,54,49,5,26,-0.5526115688513301,23
3219,2,10,83,5,-0.559439726515081,5
3220,2,31,97,16,-0.5614740846174444,15
3221,108,10,29,5,-0.5615423900676234,5
3222,13,69,86,34,-0.5666044146054564,35
3223,94,10,40,5,-0.5678516928680514,5
3224,65,51,75,25,-0.5689430318120551,26
3225,15,14,20,7,-0.5689936775430089,7
3226,53,12,23,6,-0.5700661218932138,6
3227,17,15,64,7,-0.5824319192017173,8
3228,94,14,69,7,-0.5846637308461181,7
3229,94,10,3,5,-0.5883511504528993,5
3230,36,13,76,9,-0.5885035889042698,4
3231,40,24,30,12,-0.5893402617113975,12
3232,72,24,13,11,-0.5977342226167965,13
3233,106,32,71,17,-0.6009609652453869,15
3234,34,15,63,8,-0.6010869874219955,7
3235,70,16,91,9,-0.6063303701253777,7
3236,114,20,43,9,-0.6074470201565787,11
3237,58,22,31,11,-0.6168553703735028,11
3238,96,30,76,16,-0.6223340675935105,14
3239,71,33,36,16,-0.6241330409639598,17
3240,54,63,50,32,-0.6257662884110818,31
3241,97,11,11,5,-0.626987447450576,6
3242,64,28,4,15,-0.6316212138641698,13
3243,17,14,112,7,-0.6329045636088103,7
3244,41,22,70,10,-0.6354721735396389,12
3245,36,17,111,9,-0.6365354853619557,8
3246,41,25,25,11,-0.6394054706376676,14
3247,9,49,68,25,-0.6403549802856343,24
3248,50,16,98,8,-0.6426219058041119,8
3249,1,27,41,15,-0.6450987397179483,12
3250,50,38,63,20,-0.6599709375930077,18
3251,13,26,100,14,-0.6608918695863768,12
3252,114,40,37,22,-0.6680388190804033,18
3253,16,67,54,33,-0.6682295554685957,34
3254,39,56,87,29,-0.6711266151846677,27
3255,13,31,109,17,-0.6717168111881655,14
3256,43,34,60,17,-0.6767947775626484,17
3257,114,24,50,13,-0.6812811811945291,11
3258,25,19,18,9,-0.6816652439852758,10
3259,54,42,39,21,-0.6840393660233661,21
3260,38,17,29,9,-0.6873786981327392,8
3261,98,10,62,5,-0.6900751788017029,5
3262,39,73,7,36,-0.6920867889114356,37
3263,39,41,8,20,-0.6937986397009376,21
3264,11,16,60,8,-0.6943571067382431,8
3265,95,11,57,7,-0.6989616542578677,4
3266,91,11,38,6,-0.7003822911270713,5
3267,104,23,18,10,-0.7012089452274208,13
3268,49,43,88,22,-0.7014211589442607,21
3269,1,11,94,7,-0.7037921766939454,4
3270,8,25,76,12,-0.7077738529790857,13
3271,96,17,13,9,-0.7114671477918357,8
3272,28,13,82,6,-0.7153587234866207,7
3273,40,18,61,9,-0.7154895706830816,9
3274,17,22,68,12,-0.721006671283475,10
3275,68,22,19,12,-0.7253701141678215,10
3276,5,41,95,20,-0.7316066534315533,21
3277,27,45,13,22,-0.732679067792379,23
3278,15,16,27,8,-0.7342410907863566,8
3279,86,77,40,41,-0.7352757671814375,36
3280,63,40,5,18,-0.7358500176759462,22
3281,55,11,78,5,-0.7363999336150034,6
3282,39,60,13,30,-0.7375803753367645,30
3283,15,24,25,11,-0.7394428200536295,13
3284,16,54,11,31,-0.7417147617566864,23
3285,74,13,36,8,-0.743717573303844,5
3286,84,24,46,13,-0.7446057703540011,11
3287,71,20,3,10,-0.7446115406314829,10
3288,17,14,87,7,-0.750934140512457,7
3289,13,15,14,9,-0.751185424264851,6
3290,112,40,16,21,-0.7567380050399233,19
3291,16,40,57,20,-0.7629343085764559,20
3292,104,15,33,7,-0.7704375614853106,8
3293,93,20,97,10,-0.7717644600090567,10
3294,84,19,10,10,-0.7730240789929577,9
3295,99,22,87,12,-0.7762165713325071,10
3296,14,17,87,8,-0.7782645241152502,9
3297,34,17,9,9,-0.77910514985876,8
3298,97,13,100,7,-0.7866792604447764,6
3299,104,18,4,8,-0.7872554057904768,10
3300,46,28,87,13,-0.7941915016238148,15
3301,88,22,2,11,-0.7956469041111237,11
3302,49,20,68,10,-0.7960430752354469,10
3303,30,14,19,8,-0.8013153335608081,6
3304,48,16,13,8,-0.8038354002876591,8
3305,40,14,56,7,-0.8062835825274064,7
3306,50,31,84,15,-0.8064114901977935,16
3307,107,58,96,31,-0.8081270899904945,27
3308,11,27,13,14,-0.8150505436514458,13
3309,100,16,19,7,-0.818690503078906,9
3310,20,27,74,13,-0.8203305748765273,14
3311,28,83,107,44,-0.8210512254142028,39
3312,53,47,60,23,-0.823763280134303,24
3313,37,48,28,24,-0.8263140292594411,24
3314,106,12,29,6,-0.8264692442725535,6
3315,46,16,2,8,-0.8285194662826783,8
3316,20,80,86,42,-0.8301074964710548,38
3317,30,23,28,11,-0.840323990421683,12
3318,86,56,50,27,-0.8444740252545996,29
3319,50,11,62,6,-0.8451062062670082,5
3320,63,28,71,15,-0.8479499084443569,13
3321,102,13,39,7,-0.8492100400200481,6
3322,65,89,54,46,-0.8508058656354901,43
3323,60,69,13,38,-0.8542848964811716,31
3324,17,13,85,7,-0.859847797603718,6
3325,114,10,10,6,-0.8617397018011254,4
3326,71,21,55,12,-0.8636848327030733,9
3327,28,40,39,20,-0.8686024761681225,20
3328,37,67,8,34,-0.8700084298071528,33
3329,12,28,51,14,-0.8723369355034599,14
3330,86,33,80,17,-0.872719917434131,16
3331,49,27,7,12,-0.8744069756975955,15
3332,68,47,111,23,-0.87462883933747,24
3333,91,17,84,9,-0.8755346549877636,8
3334,57,21,37,11,-0.877816000827672,10
3335,4,21,77,11,-0.8810684428976734,10
3336,83,17,60,9,-0.8851626447494985,8
3337,107,22,94,13,-0.8912889870157802,9
3338,88,76,8,39,-0.8933115574955759,37
3339,48,24,8,13,-0.8990865709573216,11
3340,74,17,68,10,-0.9001065237726515,7
3341,14,11,112,5,-0.9022319115654427,6
3342,3,13,23,7,-0.9036934098771321,6
3343,75,35,36,16,-0.9076169876586756,19
3344,68,22,77,11,-0.9089813853065126,11
3345,50,17,43,10,-0.911659904777202,7
3346,48,18,39,10,-0.9127145579388771,8
3347,11,12,114,7,-0.9147560322473871,5
3348,33,20,13,10,-0.9181205054603415,10
3349,114,27,75,14,-0.9181862737012573,13
3350,79,12,51,7,-0.9183017095558501,5
3351,51,28,57,14,-0.9210242184575963,14
3352,86,17,33,8,-0.9246066959077452,9
3353,83,11,102,6,-0.9259324073609722,5
3354,13,89,68,47,-0.9285716808885287,42
3355,60,16,84,10,-0.9370552552409611,6
3356,108,10,7,6,-0.9385265901557558,4
3357,114,13,112,6,-0.9421647262329372,7
3358,53,23,63,12,-0.9461903574638926,11
3359,68,32,3,17,-0.9527649253755344,15
3360,5,14,14,8,-0.9561035605846475,6
3361,103,11,106,5,-0.9583580547252434,6
3362,106,38,104,19,-0.9604760273979325,19
3363,51,26,30,14,-0.9638359516152128,12
3364,17,10,80,4,-0.963899909949846,6
3365,114,30,102,16,-0.9680544759122797,14
3366,51,50,37,23,-0.9710667257210696,27
3367,51,40,53,20,-0.9719493528973238,20
3368,5,65,107,33,-0.9748363761521153,32
3369,17,24,49,14,-0.9759498596955529,10
3370,31,33,51,19,-0.9782499075201476,14
3371,17,29,50,16,-0.9785385252670543,13
3372,54,67,8,32,-0.9788096362147561,35
3373,93,10,60,4,-0.9795074052045607,6
3374,51,53,87,27,-0.9813193495830127,26
3375,38,21,64,11,-0.9820263127460164,10
3376,30,13,9,7,-0.9935090532750581,6
3377,17,37,37,21,-0.9978108601802036,16
3378,7,39,114,21,-1.0047894280060643,18
3379,93,11,114,5,-1.0049906589581687,6
3380,75,43,13,23,-1.0053644322647692,20
3381,8,17,27,8,-1.0060239190851221,9
3382,107,28,98,14,-1.0170960211152535,14
3383,114,42,16,23,-1.0212587757382683,19
3384,33,10,70,5,-1.0222975969230645,5
3385,44,20,63,11,-1.0233184771026504,9
3386,16,25,102,13,-1.0260354064972297,12
3387,87,41,11,19,-1.0271101816892427,22
3388,9,56,13,30,-1.029692328241817,26
3389,7,22,35,11,-1.02999883395421,11
3390,3,14,45,7,-1.0349134798027073,7
3391,103,10,54,6,-1.0361615201132637,4
3392,88,21,90,10,-1.0373159148886413,11
3393,69,19,114,11,-1.0427404151557151,8
3394,102,28,54,14,-1.047082814800161,14
3395,13,32,20,16,-1.0473604323868067,16
3396,40,37,16,20,-1.0479395774839417,17
3397,69,18,43,9,-1.0483584083277542,9
3398,48,18,20,10,-1.0556464172960118,8
3399,87,35,18,19,-1.059533339757231,16
3400,109,30,104,15,-1.063865849600061,15
3401,8,55,70,28,-1.0665028298167962,27
3402,66,12,106,7,-1.0707591278531368,5
3403,37,20,67,11,-1.0707700527635244,9
3404,97,19,64,10,-1.0748997556854094,9
3405,57,20,46,10,-1.0787393081529644,10
3406,74,13,40,7,-1.0901529369074696,6
3407,19,18,28,10,-1.0905843900996843,8
3408,11,16,14,9,-1.0923565448715815,7
3409,68,71,51,34,-1.0948955307720354,37
3410,23,18,111,11,-1.0979651768767411,7
3411,33,16,54,9,-1.1000953180608284,7
3412,11,45,46,24,-1.1009029076063193,21
3413,106,39,70,19,-1.1024614638047292,20
3414,2,18,96,9,-1.1039761816908782,9
3415,45,19,40,10,-1.1043531225931214,9
3416,47,12,91,6,-1.104710696366028,6
3417,55,13,73,7,-1.1082443575059588,6
3418,40,47,63,25,-1.1085655861732648,22
3419,65,85,7,41,-1.1151148094385757,44
3420,88,18,61,8,-1.1254133453483963,10
3421,114,13,33,6,-1.1286658148323805,7
3422,31,26,3,12,-1.1304098830558946,14
3423,106,26,36,13,-1.1307287364062808,13
3424,16,47,23,25,-1.1335884234619735,22
3425,71,73,60,38,-1.1360670304013198,35
3426,58,26,9,14,-1.1451265480110817,12
3427,68,23,78,12,-1.1476014430257637,11
3428,41,48,51,25,-1.1606659492153586,23
3429,19,11,65,5,-1.1638597275073121,6
3430,27,16,47,9,-1.1658557312566071,7
3431,74,14,12,7,-1.1676100167547812,7
3432,54,30,84,16,-1.1752338053025533,14
3433,3,11,19,6,-1.1827356159176936,5
3434,109,25,25,13,-1.1927554377225942,12
3435,74,51,16,27,-1.1989524884769094,24
3436,65,25,11,14,-1.2017242876914815,11
3437,7,44,63,26,-1.2086828652803665,18
3438,13,65,41,33,-1.2092531577418808,32
3439,97,33,25,17,-1.2112097532933461,16
3440,88,42,64,23,-1.2118692904336803,19
3441,74,11,98,6,-1.2137114800422124,5
3442,49,22,51,11,-1.223339610254356,11
3443,9,26,71,14,-1.2262156519313807,12
3444,11,22,48,11,-1.233818302561812,11
3445,95,16,63,8,-1.233969730193377,8
3446,31,25,71,13,-1.2380158081615502,12
3447,4,30,107,15,-1.2387516471106224,15
3448,15,16,114,8,-1.2433363941042066,8
3449,68,15,85,9,-1.244925118447266,6
3450,71,10,1,6,-1.2456643982922142,4
3451,89,10,65,5,-1.2467666872041385,5
3452,48,11,23,6,-1.24848877392944,5
3453,33,22,16,13,-1.2507199492720238,9
3454,63,45,68,23,-1.2529349748796315,22
3455,99,26,55,14,-1.260544955494955,12
3456,14,15,107,7,-1.262180496300674,8
3457,65,27,50,14,-1.2644687002361992,13
3458,51,30,50,15,-1.277023353905357,15
3459,109,20,97,10,-1.2834069052578214,10
3460,102,17,11,8,-1.2862551218754503,9
3461,74,22,2,12,-1.2925512141562505,10
3462,60,43,65,25,-1.2925574145160876,18
3463,88,57,87,27,-1.297249266486386,30
3464,34,11,11,5,-1.3007303411726843,6
3465,13,44,5,23,-1.3023509853743016,21
3466,102,11,70,4,-1.3043211125718082,7
3467,86,13,6,7,-1.306297639697856,6
3468,51,12,32,6,-1.314434714983353,6
3469,8,16,10,9,-1.3145513780375313,7
3470,55,17,3,9,-1.3172267439478242,8
3471,80,18,74,9,-1.3199661328668575,9
3472,63,35,41,18,-1.3212163610751757,17
3473,80,30,16,16,-1.3220466579095416,14
3474,109,25,60,13,-1.3235251021634893,12
3475,48,32,16,16,-1.3250462320203544,16
3476,65,13,61,6,-1.3279652478825155,7
3477,7,48,71,23,-1.3388864417450879,25
3478,90,17,84,9,-1.3434141546201466,8
3479,88,37,97,19,-1.3490743629309028,18
3480,69,13,19,7,-1.353607985454982,6
3481,18,16,12,9,-1.353806243690165,7
3482,85,12,69,6,-1.3560361154784737,6
3483,70,39,107,19,-1.3599998705907195,20
3484,68,42,64,24,-1.3624818601326816,18
3485,30,26,25,12,-1.3633847180345777,14
3486,76,11,90,5,-1.371109786983603,6
3487,48,10,75,5,-1.3711471542080287,5
3488,69,11,6,5,-1.3727715082405267,6
3489,41,30,106,15,-1.3806292559177735,15
3490,7,31,95,17,-1.3809406634768695,14
3491,11,41,50,22,-1.3816262941644981,19
3492,29,11,36,5,-1.3837445576600587,6
3493,37,13,43,6,-1.39155356085389,7
3494,16,25,44,12,-1.3924747988210244,13
3495,83,15,7,9,-1.3943529604549403,6
3496,9,13,91,7,-1.3946381880594534,6
3497,56,10,16,6,-1.398489957964547,4
3498,44,12,75,7,-1.3998373775330364,5
3499,95,17,70,8,-1.4011695857654913,9
3500,13,22,12,14,-1.4046792155049046,8
3501,18,58,7,29,-1.407111198769738,29
3502,40,16,12,8,-1.412082266616442,8
3503,57,31,86,17,-1.4176441585221127,14
3504,45,35,36,16,-1.4232731245081227,19
3505,107,32,1,16,-1.4233414848511377,16
3506,87,20,43,10,-1.427338225046271,10
3507,41,70,65,39,-1.4285809086277088,31
3508,86,56,70,30,-1.4292180536114512,26
3509,25,28,50,14,-1.4391705454909016,14
3510,97,21,20,10,-1.4395279608818727,11
3511,70,20,39,11,-1.442415337141408,9
3512,63,55,106,28,-1.4485566818099482,27
3513,49,17,27,9,-1.450221664694997,8
3514,51,35,3,15,-1.450602711491367,20
3515,88,62,46,31,-1.4519317579443416,31
3516,55,30,53,16,-1.4538038424746405,14
3517,89,16,50,9,-1.4560158637801313,7
3518,38,16,8,8,-1.4562520429495762,8
3519,83,23,25,13,-1.459720188055496,10
3520,55,64,86,34,-1.4599929257917068,30
3521,47,21,31,11,-1.4606130980712662,10
3522,68,61,65,32,-1.4611429296521323,29
3523,51,64,40,33,-1.4624658901194143,31
3524,16,34,15,16,-1.4655676224221874,18
3525,23,16,112,9,-1.4656028868993891,7
3526,11,34,39,18,-1.465948119767099,16
3527,2,32,86,16,-1.4682447143488924,16
3528,32,17,11,8,-1.4729852723414758,9
3529,63,15,73,7,-1.4760785674332912,8
3530,65,95,63,49,-1.4782558749123067,46
3531,54,51,87,28,-1.4805638305796713,23
3532,13,59,4,32,-1.4911690163054772,27
3533,5,52,46,28,-1.4974094901037482,24
3534,108,17,50,8,-1.5013768012598367,9
3535,104,13,43,6,-1.5057895800585053,7
3536,5,63,28,32,-1.5122016375527894,31
3537,28,50,13,26,-1.5141990662429579,24
3538,55,12,46,7,-1.514859018089955,5
3539,8,12,43,6,-1.5194230889621378,6
3540,51,23,71,12,-1.5213301920130475,11
3541,37,14,35,7,-1.523131742310598,7
3542,88,34,1,17,-1.5234508852206479,17
3543,27,12,55,6,-1.525741771773817,6
3544,109,31,87,17,-1.531687543119842,14
3545,53,13,29,8,-1.5317670028644754,5
3546,45,23,13,12,-1.5362814776486233,11
3547,46,25,97,13,-1.53794225986029,12
3548,60,52,51,30,-1.5379585605411297,22
3549,74,61,107,33,-1.5445233108407423,28
3550,15,24,60,12,-1.5446933308477515,12
3551,112,11,74,6,-1.5465866625881939,5
3552,43,12,57,8,-1.547683226037978,4
3553,74,26,11,14,-1.5483769164487973,12
3554,14,15,106,7,-1.552388543907857,8
3555,83,23,104,13,-1.5563880557352991,10
3556,28,66,8,35,-1.5619285888266068,31
3557,111,14,9,7,-1.5621342613374538,7
3558,29,13,94,7,-1.5621793773372998,6
3559,43,12,58,6,-1.565331234676389,6
3560,86,100,106,52,-1.5692663469089445,48
3561,88,58,40,31,-1.5715316879527899,27
3562,46,25,60,13,-1.5735893742532685,12
3563,90,22,55,10,-1.578656952498874,12
3564,86,12,61,6,-1.5840363313946142,6
3565,25,15,2,7,-1.5845186001024019,8
3566,12,11,100,5,-1.5854889410506132,6
3567,90,10,64,5,-1.5921132093044663,5
3568,30,18,99,10,-1.5949338139614573,8
3569,18,10,94,5,-1.600111613157304,5
3570,35,12,30,6,-1.603184870407585,6
3571,65,26,15,14,-1.6034837036959217,12
3572,63,18,47,8,-1.6044666815105075,10
3573,43,13,70,7,-1.6071210379776915,6
3574,57,18,68,9,-1.6190755944848343,9
3575,94,17,19,9,-1.6219930180628628,8
3576,9,20,112,10,-1.6257132685716436,10
3577,107,15,79,9,-1.6267301484362864,6
3578,96,19,39,11,-1.6315253594413601,8
3579,41,78,7,40,-1.6316845641232842,38
3580,80,12,38,7,-1.640066144596355,5
3581,39,10,69,5,-1.6443957977700934,5
3582,68,23,36,12,-1.6511686348202665,11
3583,17,32,107,17,-1.6568754180103662,15
3584,16,20,34,11,-1.6581441324825392,9
3585,48,19,106,10,-1.6634533717988316,9
3586,51,13,85,6,-1.664226628935167,7
3587,28,49,87,25,-1.6675925043761979,24
3588,31,28,45,15,-1.6710870406691087,13
3589,13,21,19,11,-1.6760858182161757,10
3590,114,29,54,14,-1.6786165794472785,15
3591,69,18,50,8,-1.6863624004387787,10
3592,77,12,17,6,-1.6873994667000654,6
3593,106,34,68,18,-1.6879506890966793,16
3594,46,23,9,13,-1.6945658865661515,10
3595,40,74,7,41,-1.6955910385318649,33
3596,23,26,51,14,-1.6961813528047356,12
3597,23,15,36,6,-1.6972875274185715,9
3598,102,16,20,8,-1.6989391239814924,8
3599,48,22,11,12,-1.6999305116151882,10
3600,49,21,30,11,-1.7027690766653336,10
3601,86,44,23,23,-1.7030841833116435,21
3602,37,10,48,5,-1.703593750319215,5
3603,72,10,107,5,-1.705354365459133,5
3604,7,40,54,21,-1.7088310244062668,19
3605,43,14,109,7,-1.712926735873305,7
3606,40,46,9,25,-1.7148595920822798,21
3607,38,32,86,17,-1.7164597494651734,15
3608,46,34,107,17,-1.7216832026654767,17
3609,45,19,16,11,-1.7223541453976996,8
3610,45,15,63,8,-1.7260545689947928,7
3611,50,11,83,5,-1.7272952536822093,6
3612,12,13,50,5,-1.7279667161947843,8
3613,75,19,70,9,-1.7314858975507368,10
3614,106,19,48,10,-1.7335189393534853,9
3615,81,22,88,12,-1.7392542924502719,10
3616,88,37,36,21,-1.7392851936744331,16
3617,23,27,8,14,-1.7400762718841147,13
3618,6,11,18,6,-1.7414584600944745,5
3619,36,33,60,17,-1.7416473627060742,16
3620,107,38,97,19,-1.7507246476170446,19
3621,68,31,4,16,-1.7510661926181545,15
3622,70,26,84,14,-1.7530345342228948,12
3623,13,54,49,27,-1.754775255922875,27
3624,110,11,88,5,-1.7642228121429868,6
3625,76,21,109,10,-1.7708841969163658,11
3626,16,62,104,33,-1.7780277088526335,29
3627,84,13,102,7,-1.7793224025292758,6
3628,102,25,16,13,-1.7801591114112068,12
3629,90,25,37,13,-1.7816453937181784,12
3630,25,22,36,11,-1.8071440138268584,11
3631,8,12,29,7,-1.8103420658743297,5
3632,111,18,40,9,-1.8104998545748818,9
3633,41,24,57,13,-1.8129246044249008,11
3634,28,18,79,10,-1.8130893193426156,8
3635,19,16,112,9,-1.813426200124522,7
3636,109,11,71,6,-1.819641782820222,5
3637,99,13,102,7,-1.8212893413036864,6
3638,108,16,64,8,-1.8224151605655852,8
3639,114,13,44,7,-1.8263733365516708,6
3640,3,11,106,6,-1.8270221877820196,5
3641,13,29,74,15,-1.8278354237299068,14
3642,49,20,54,10,-1.8291542659227744,10
3643,3,30,39,15,-1.830220006872886,15
3644,96,38,84,19,-1.835648682700679,19
3645,20,30,114,16,-1.839540566254475,14
3646,74,16,108,9,-1.8418942666566782,7
3647,84,22,65,11,-1.8452384016261003,11
3648,97,22,53,12,-1.8492466822191078,10
3649,106,61,87,31,-1.8566326197242504,30
3650,78,24,13,13,-1.861524915381347,11
3651,5,95,37,49,-1.865428870342572,46
3652,54,26,17,13,-1.867393134138254,13
3653,68,48,107,26,-1.873122748974768,22
3654,79,14,8,6,-1.8787453444383126,8
3655,8,41,2,21,-1.8848654476169693,20
3656,64,23,25,12,-1.8857238852847689,11
3657,39,34,47,18,-1.8887252121213738,16
3658,106,35,20,19,-1.890590591428699,16
3659,112,27,107,14,-1.8978016202230057,13
3660,65,29,43,14,-1.9015147557652619,15
3661,88,13,14,7,-1.902096229341472,6
3662,47,23,87,12,-1.9101133657381943,11
3663,17,11,110,6,-1.9155371371930654,5
3664,106,32,97,16,-1.9159665785715099,16
3665,76,11,99,5,-1.9173589523208336,6
3666,64,43,53,23,-1.9214578200473016,20
3667,18,21,114,11,-1.923577249757447,10
3668,86,56,114,29,-1.9239569797033842,27
3669,40,19,70,11,-1.9276789997691202,8
3670,84,38,87,20,-1.9318820493391857,18
3671,97,14,23,7,-1.9330528734436563,7
3672,98,10,32,5,-1.9380052263831622,5
3673,104,13,110,8,-1.9388474450810558,5
3674,31,14,23,8,-1.9392936999416424,6
3675,55,20,25,11,-1.9429576796619947,9
3676,48,15,7,7,-1.9478692265013033,8
3677,64,34,36,17,-1.9485056781764598,17
3678,71,12,78,6,-1.9545808326383198,6
3679,35,11,50,6,-1.9581460146246743,5
3680,51,46,17,23,-1.9584302785806689,23
3681,109,52,28,29,-1.9670439498401113,23
3682,76,18,41,8,-1.972404836446448,10
3683,15,15,64,7,-1.974538086287131,8
3684,53,28,95,17,-1.9769373995573178,11
3685,76,46,106,22,-1.9803869538705086,24
3686,25,38,28,22,-1.983389891159918,16
3687,4,19,53,10,-1.987694792892672,9
3688,38,20,60,10,-1.9901891037372657,10
3689,50,38,13,20,-1.9937674166002943,18
3690,112,15,104,8,-1.9939359727925703,7
3691,7,24,69,12,-1.9945381002011557,12
3692,86,58,109,31,-1.99958534646243,27
3693,28,87,16,47,-2.0038366917622867,40
3694,97,22,83,10,-2.007636873207568,12
3695,11,14,41,6,-2.0121369161783806,8
3696,90,37,8,21,-2.01946478207178,16
3697,17,27,114,16,-2.021159075364869,11
3698,60,32,18,17,-2.0244266182620265,15
3699,13,11,32,6,-2.026181507027533,5
3700,114,14,91,7,-2.031242634143396,7
3701,79,11,55,6,-2.0315889229013417,5
3702,65,17,109,11,-2.0321022824018544,6
3703,43,11,23,6,-2.0353932524795137,5
3704,88,14,89,7,-2.035463499061412,7
3705,74,19,100,10,-2.0359479445815105,9
3706,60,24,90,14,-2.039727571926182,10
3707,51,34,18,17,-2.042743355152735,17
3708,39,31,64,17,-2.0431697239809092,14
3709,88,21,93,12,-2.047097578055207,9
3710,80,31,65,16,-2.05091984654234,15
3711,100,15,64,9,-2.056156801472098,6
3712,90,45,86,25,-2.0574221764428238,20
3713,113,12,86,7,-2.0586102760293072,5
3714,88,12,79,7,-2.0642453169607626,5
3715,38,16,30,10,-2.0680576867097535,6
3716,63,10,82,5,-2.0779758612966877,5
3717,13,17,34,9,-2.078773724361325,8
3718,84,27,109,15,-2.0824543322564995,12
3719,87,33,3,18,-2.083290530486137,15
3720,65,47,74,24,-2.0847963525870905,23
3721,28,55,88,30,-2.0851563159512985,25
3722,107,73,51,42,-2.0899344269779965,31
3723,62,18,13,9,-2.091905330703411,9
3724,91,12,17,7,-2.0932516032559643,5
3725,8,22,97,11,-2.094799206270941,11
3726,55,34,83,17,-2.0962093979720193,17
3727,13,92,16,51,-2.098801493332633,41
3728,79,18,84,9,-2.0988599029371886,9
3729,38,11,12,6,-2.1101018439230717,5
3730,33,12,74,6,-2.113811361821,6
3731,64,20,1,10,-2.116432620959366,10
3732,37,38,65,19,-2.116557677432621,19
3733,70,11,53,6,-2.117480208536356,5
3734,84,26,37,14,-2.1240499046478805,12
3735,43,16,35,8,-2.1256405181906706,8
3736,76,13,34,6,-2.1338119769299584,7
3737,107,49,41,28,-2.135348584755222,21
3738,74,14,88,9,-2.16536396125082,5
3739,54,75,86,39,-2.1689438842347455,36
3740,39,11,33,6,-2.1701558874520313,5
3741,93,16,84,8,-2.173203038685071,8
3742,70,26,63,14,-2.1813121472430432,12
3743,87,21,27,11,-2.182191127775442,10
3744,11,36,63,21,-2.184303425155536,15
3745,94,12,65,7,-2.1843330518571347,5
3746,74,64,8,36,-2.1866220406514896,28
3747,54,10,31,5,-2.1866689261471493,5
3748,39,20,62,10,-2.1906158630571055,10
3749,88,63,60,35,-2.2053487740970468,28
3750,96,50,5,28,-2.21142719225076,22
3751,55,84,8,42,-2.212352121108186,42
3752,86,13,19,7,-2.217893566157108,6
3753,98,14,18,6,-2.2211477971408065,8
3754,99,13,98,6,-2.22125816779338,7
3755,33,11,88,5,-2.224220943421554,6
3756,25,16,90,9,-2.226157693683706,7
3757,1,12,62,7,-2.2295391066336445,5
3758,78,32,86,17,-2.230290105994091,15
3759,74,27,20,15,-2.230377352624161,12
3760,20,14,18,8,-2.233452860395892,6
3761,104,35,87,17,-2.2393020839894078,18
3762,27,10,70,5,-2.243263258457554,5
3763,4,38,88,20,-2.24592170041755,18
3764,65,88,13,48,-2.2487937244898935,40
3765,20,13,69,7,-2.2532252345201647,6
3766,25,30,95,16,-2.25397314365567,14
3767,88,45,106,26,-2.2639858690375605,19
3768,7,12,85,7,-2.267272935114745,5
3769,96,66,28,35,-2.2674069446039327,31
3770,31,10,61,5,-2.2696136748473594,5
3771,71,16,80,8,-2.2753923838048147,8
3772,35,20,88,10,-2.2787018333731495,10
3773,114,38,63,23,-2.2836807270192585,15
3774,74,46,37,24,-2.2838690954080456,22
3775,4,13,106,6,-2.287883468044352,7
3776,45,18,114,10,-2.292094813707231,8
3777,5,24,100,13,-2.2932427434044693,11
3778,65,33,97,18,-2.294354223312199,15
3779,32,21,86,11,-2.2989864902239,10
3780,109,13,23,7,-2.3017906431791286,6
3781,102,22,109,12,-2.303194855526112,10
3782,50,12,58,6,-2.303376752943112,6
3783,48,17,109,9,-2.3066244801907967,8
3784,12,39,65,20,-2.311622607173606,19
3785,91,32,88,17,-2.315767764685103,15
3786,60,26,3,14,-2.3182866914035363,12
3787,102,21,104,10,-2.320627297470276,11
3788,64,23,50,12,-2.3285304422785043,11
3789,5,51,109,26,-2.3285813949081646,25
3790,53,28,25,14,-2.3301510854690832,14
3791,16,24,19,13,-2.335423081871611,11
3792,16,64,60,34,-2.336454042857945,30
3793,86,16,29,9,-2.3399676619619454,7
3794,50,13,6,7,-2.341492332331065,6
3795,38,12,114,6,-2.3415263774379937,6
3796,2,20,16,11,-2.344610668498853,9
3797,3,19,104,10,-2.3520715951524074,9
3798,37,58,107,31,-2.3520883092822156,27
3799,69,23,87,13,-2.352208197144829,10
3800,31,36,4,21,-2.3535355966794675,15
3801,27,10,103,6,-2.3562892217660667,4
3802,109,14,96,8,-2.3566759619593642,6
3803,11,51,8,28,-2.360316345482966,23
3804,19,15,84,8,-2.3612431705060226,7
3805,5,23,99,12,-2.3616219022642833,11
3806,39,46,63,28,-2.3626947638130464,18
3807,70,19,7,12,-2.364945757295021,7
3808,50,24,40,14,-2.3671440474550494,10
3809,112,19,50,11,-2.3689643473531765,8
3810,48,15,30,9,-2.3702999073115163,6
3811,96,55,8,30,-2.3714393570924233,25
3812,68,106,7,57,-2.372479004873661,49
3813,107,40,71,23,-2.3760609676092477,17
3814,17,23,8,12,-2.380809098241683,11
3815,17,31,13,17,-2.3811485805577353,14
3816,56,13,75,8,-2.3840139649043506,5
3817,104,25,96,14,-2.3866419839158355,11
3818,71,21,4,13,-2.3871750117365993,8
3819,95,40,104,22,-2.389034218387607,18
3820,8,12,111,6,-2.390343846489093,6
3821,87,22,83,11,-2.3903571419434884,11
3822,63,17,17,9,-2.392516388601692,8
3823,87,22,29,13,-2.3927220644385314,9
3824,28,38,46,22,-2.3990178798165633,16
3825,8,10,56,6,-2.4000860547179794,4
3826,80,26,20,14,-2.4033351571638573,12
3827,69,18,9,10,-2.4050002453980612,8
3828,51,24,47,12,-2.4094573680997575,12
3829,93,33,8,17,-2.4111455321691304,16
3830,92,11,65,6,-2.411285975254871,5
3831,20,38,88,19,-2.4156839797078273,19
3832,39,35,71,19,-2.4158892555534424,16
3833,54,17,94,9,-2.418369665890047,8
3834,25,46,107,24,-2.4187485647838773,22
3835,99,11,109,6,-2.419517402501058,5
3836,1,22,60,12,-2.4237761384069962,10
3837,75,20,91,7,-2.4323694332612673,13
3838,51,19,14,12,-2.4338441230915153,7
3839,77,15,49,9,-2.4346952489630187,6
3840,64,37,107,19,-2.435414553814307,18
3841,106,39,55,22,-2.4381392466666045,17
3842,86,18,12,10,-2.4382543520920796,8
3843,88,31,96,16,-2.4406464912019885,15
3844,50,10,32,4,-2.4440541907162716,6
3845,69,17,74,8,-2.466497282082454,9
3846,74,40,87,22,-2.4671563114027464,18
3847,81,17,4,10,-2.467812477706327,7
3848,87,31,75,17,-2.4728263386250795,14
3849,9,61,7,31,-2.4756046461152823,30
3850,3,14,96,7,-2.4759083478520028,7
3851,65,56,28,31,-2.47697674242904,25
3852,39,30,95,16,-2.481130681096556,14
3853,111,11,18,6,-2.489910872635885,5
3854,109,18,37,10,-2.5010134043415313,8
3855,51,70,88,34,-2.5063635186764337,36
3856,96,37,106,21,-2.5084238105055885,16
3857,55,43,75,25,-2.5125301308500276,18
3858,36,15,12,8,-2.5163199425137495,7
3859,54,34,80,17,-2.5244394841569355,17
3860,50,32,39,17,-2.524569549657206,15
3861,4,18,39,10,-2.5267698999647226,8
3862,68,57,60,32,-2.5271272115940557,25
3863,51,45,8,24,-2.5271962911390995,21
3864,9,33,36,18,-2.527924078037467,15
3865,107,15,44,8,-2.5305445670994087,7
3866,95,20,20,11,-2.5325274069422727,9
3867,60,50,39,26,-2.5355246842136108,24
3868,60,11,111,7,-2.535604443502029,4
3869,15,18,23,10,-2.543461564853297,8
3870,20,15,19,8,-2.543598619448083,7
3871,36,74,7,40,-2.54935875079736,34
3872,1,19,73,11,-2.5534291003907295,8
3873,38,21,88,13,-2.55496141946847,8
3874,83,16,51,10,-2.556300922595479,6
3875,63,10,83,4,-2.557624644664858,6
3876,51,43,28,22,-2.5635290356109595,21
3877,87,13,92,7,-2.5651869545632544,6
3878,107,50,50,26,-2.5656690703128167,24
3879,3,13,69,8,-2.5732249505733895,5
3880,107,49,11,27,-2.5761241944086906,22
3881,78,11,9,6,-2.5788659588476905,5
3882,71,14,69,7,-2.582352607553779,7
3883,27,13,3,8,-2.585240002969864,5
3884,87,25,71,13,-2.590103521421834,12
3885,18,33,86,19,-2.5923706641316473,14
3886,109,10,1,5,-2.592960677140225,5
3887,31,23,39,13,-2.5934090452929364,10
3888,27,19,40,8,-2.5947052105553348,11
3889,91,23,36,13,-2.600483205457647,10
3890,107,25,85,13,-2.601380149286501,12
3891,90,37,107,19,-2.6015860655240464,18
3892,1,29,40,16,-2.608102727316189,13
3893,86,20,93,11,-2.6126285193850958,9
3894,40,16,11,9,-2.612795985816362,7
3895,2,13,76,8,-2.6134640032331116,5
3896,64,28,75,15,-2.614396425436705,13
3897,107,30,108,16,-2.6200064290415055,14
3898,86,36,91,19,-2.627461430980282,17
3899,39,30,17,17,-2.63473827504273,13
3900,54,13,110,7,-2.6358849029934492,6
3901,106,10,10,7,-2.639964127087713,3
3902,72,15,54,8,-2.641293556986857,7
3903,95,14,33,8,-2.6415453896084555,6
3904,6,17,88,9,-2.643401887191552,8
3905,5,60,16,35,-2.643518445682432,25
3906,37,21,30,12,-2.6448172779185537,9
3907,8,24,30,13,-2.6514132136935475,11
3908,65,48,53,25,-2.6519126498591334,23
3909,36,13,57,8,-2.653116090105381,5
3910,88,29,92,16,-2.65412565592523,13
3911,91,13,74,7,-2.658254293210725,6
3912,29,11,34,6,-2.661084468526246,5
3913,98,13,19,6,-2.6648484010439395,7
3914,74,25,114,13,-2.666972342657448,12
3915,75,18,95,10,-2.672802736686619,8
3916,44,17,25,9,-2.673535476281759,8
3917,5,25,39,13,-2.6791322172692884,12
3918,17,17,90,8,-2.680753861205159,9
3919,35,11,13,6,-2.684594978225239,5
3920,71,40,65,23,-2.6867803351656674,17
3921,88,40,11,22,-2.6877923972728404,18
3922,6,15,87,8,-2.6944386309243544,7
3923,107,31,34,18,-2.70586109085048,13
3924,70,16,49,8,-2.7131214221068403,8
3925,80,11,95,6,-2.7197438471090796,5
3926,28,50,11,26,-2.7199624016130106,24
3927,70,31,104,17,-2.7208109249750048,14
3928,88,53,55,31,-2.721264805593774,22
3929,41,11,29,6,-2.729777141843769,5
3930,34,12,75,6,-2.7327928404854562,6
3931,78,25,84,14,-2.7332517256109643,11
3932,106,50,65,27,-2.735321183024918,23
3933,63,12,99,6,-2.7377253409939377,6
3934,104,22,97,11,-2.7396377781056187,11
3935,8,12,112,6,-2.740736306324458,6
3936,112,23,63,12,-2.74696539057072,11
3937,111,28,16,16,-2.755670365747083,12
3938,28,99,86,55,-2.762726515499761,44
3939,77,17,5,9,-2.7658375671945885,8
3940,40,11,38,5,-2.771552043064858,6
3941,10,11,5,5,-2.7716738654503192,6
3942,100,13,9,8,-2.777914840514166,5
3943,91,31,28,17,-2.78581966806185,14
3944,97,15,9,7,-2.7891659901703596,8
3945,36,13,100,7,-2.7923934619121096,6
3946,15,13,49,7,-2.79319706639659,6
3947,1,26,7,14,-2.793205495238504,12
3948,114,25,4,13,-2.7973762559419417,12
3949,109,20,50,11,-2.798084616202662,9
3950,54,15,29,8,-2.799406704814975,7
3951,112,14,106,7,-2.805082024542768,7
3952,41,15,99,8,-2.808167291861728,7
3953,36,32,1,16,-2.8095303452930684,16
3954,48,17,65,10,-2.813018636762518,7
3955,64,29,87,15,-2.8130544668825044,14
3956,98,12,39,7,-2.813957257779375,5
3957,47,13,64,8,-2.821240379057225,5
3958,71,13,18,7,-2.821320109059578,6
3959,109,14,40,8,-2.8243745319718685,6
3960,81,23,53,13,-2.832269045840244,10
3961,74,33,104,19,-2.832959821636547,14
3962,23,19,95,10,-2.8404436396815522,9
3963,104,13,23,8,-2.8445076862849517,5
3964,76,24,46,13,-2.8453201116747966,11
3965,44,13,28,6,-2.846139863099275,7
3966,51,50,54,27,-2.848646635461052,23
3967,33,13,97,7,-2.8486496222061595,6
3968,18,20,74,10,-2.8496142222224696,10
3969,17,27,7,15,-2.85132939083683,12
3970,65,10,34,5,-2.851457666336363,5
3971,96,16,73,9,-2.853430398009382,7
3972,99,18,51,9,-2.8534777973740635,9
3973,104,35,39,19,-2.8536678809946237,16
3974,63,23,46,11,-2.867241869896345,12
3975,20,42,87,22,-2.869120615934056,20
3976,75,21,27,11,-2.8742147115996155,10
3977,60,23,63,13,-2.8746236800640066,10
3978,16,13,85,8,-2.8813506371354958,5
3979,65,11,85,6,-2.8887980695165383,5
3980,74,24,75,14,-2.8903655619324415,10
3981,55,71,13,38,-2.895942627228282,33
3982,70,10,44,5,-2.8975248911261424,5
3983,112,10,45,6,-2.897726145007349,4
3984,108,13,71,7,-2.8992906212622866,6
3985,37,19,91,10,-2.9050960547005253,9
3986,79,15,7,8,-2.9111710091731053,7
3987,108,12,25,7,-2.9132670669268257,5
3988,106,19,102,9,-2.9207255392565092,10
3989,86,82,74,43,-2.9212877807151494,39
3990,63,31,9,17,-2.9234885327226117,14
3991,100,24,8,14,-2.9246971191484055,10
3992,3,15,61,7,-2.93476140357165,8
3993,87,20,36,12,-2.9355732508976633,8
3994,19,19,15,10,-2.9368793798047736,9
3995,76,17,30,10,-2.9372015853586078,7
3996,40,32,41,17,-2.946728808508273,15
3997,65,20,18,10,-2.9468351166959508,10
3998,8,16,80,8,-2.9519293865537106,8
3999,46,23,114,13,-2.9631435316072414,10
4000,57,18,25,10,-2.964934950553877,8
4001,53,11,47,6,-2.967218161853792,5
4002,78,14,28,7,-2.969090445302413,7
4003,37,21,2,11,-2.96975801126945,10
4004,4,32,36,19,-2.9739066740354194,13
4005,64,16,49,8,-2.974435618509844,8
4006,106,36,84,18,-2.9754739608250116,18
4007,94,15,112,9,-2.986690933398207,6
4008,18,10,27,5,-2.996654278290003,5
4009,69,11,4,6,-2.9994841766617175,5
4010,34,14,96,8,-3.001763014782562,6
4011,60,22,78,11,-3.004783076060726,11
4012,37,47,20,25,-3.0049852144749636,22
4013,29,16,7,7,-3.0054928601317066,9
4014,7,27,6,12,-3.013941061604383,15
4015,107,18,6,10,-3.0150078164829837,8
4016,84,86,86,44,-3.0278103260571707,42
4017,99,12,27,6,-3.0280763102634345,6
4018,49,16,65,9,-3.0342561495428084,7
4019,65,39,25,23,-3.0368934823131157,16
4020,41,27,60,14,-3.0421467373361173,13
4021,96,13,38,7,-3.0422152322461713,6
4022,86,42,71,22,-3.0606693617391714,20
4023,107,26,29,17,-3.062430324885094,9
4024,55,14,48,8,-3.0636269177668387,6
4025,29,22,16,11,-3.0641104333581,11
4026,25,18,71,10,-3.0644100067848146,8
4027,114,40,60,18,-3.0670908685799043,22
4028,55,22,20,12,-3.0673393388469985,10
4029,25,30,75,17,-3.069551733540898,13
4030,41,11,74,5,-3.0735662157516845,6
4031,63,40,74,21,-3.0803940829456544,19
4032,87,14,45,8,-3.086220297325659,6
4033,91,10,64,6,-3.0993479020870796,4
4034,68,14,99,8,-3.100103615084465,6
4035,27,13,74,6,-3.1002755903304386,7
4036,60,15,92,9,-3.101629065738581,6
4037,54,15,41,8,-3.102250260710982,7
4038,106,25,109,13,-3.1028448270841773,12
4039,86,91,63,53,-3.106277287763664,38
4040,8,80,86,41,-3.1100307008249146,39
4041,4,24,50,12,-3.1105592371369597,12
4042,17,25,25,14,-3.1106502600539105,11
4043,80,11,36,6,-3.1158574211756616,5
4044,29,11,30,5,-3.128504643773144,6
4045,17,20,34,11,-3.1289905577883568,9
4046,43,11,112,6,-3.1359235341148506,5
4047,23,23,75,11,-3.148733601092015,12
4048,7,51,104,28,-3.158219418007504,23
4049,82,21,86,12,-3.1586560919846263,9
4050,1,36,68,20,-3.1610454054119046,16
4051,84,32,16,17,-3.165630482236445,15
4052,74,14,90,9,-3.168061351028922,5
4053,86,16,110,9,-3.1694821197260485,7
4054,60,25,106,15,-3.171261503808182,10
4055,7,32,43,19,-3.1749602918386843,13
4056,65,25,83,13,-3.1850517665827933,12
4057,50,54,37,28,-3.1883352760136074,26
4058,5,61,88,32,-3.1946532218196624,29
4059,81,14,68,8,-3.1985312995714845,6
4060,5,49,55,27,-3.198953177181802,22
4061,39,41,36,23,-3.1998605067578225,18
4062,76,12,44,7,-3.2019945343572456,5
4063,17,28,106,17,-3.2039846830051117,11
4064,31,47,60,23,-3.2094707274879264,24
4065,97,19,50,11,-3.210625734622642,8
4066,74,16,17,9,-3.21177055102783,7
4067,46,45,51,25,-3.212290911376682,20
4068,23,19,64,10,-3.2123729115980186,9
4069,28,39,55,23,-3.2184704312839756,16
4070,63,29,97,16,-3.219195053710692,13
4071,7,55,23,30,-3.222928305376168,25
4072,16,21,4,10,-3.223993814900797,11
4073,35,18,16,11,-3.2305329948687067,7
4074,87,21,2,12,-3.2308938185741103,9
4075,97,10,56,5,-3.2314262120369195,5
4076,36,49,107,26,-3.234838704648262,23
4077,60,25,99,14,-3.238194459102709,11
4078,112,12,72,6,-3.241907003379272,6
4079,8,18,68,10,-3.2434866605613224,8
4080,16,45,41,23,-3.2495789716339614,22
4081,6,15,68,9,-3.251551578791195,6
4082,25,47,114,27,-3.2540864225169766,20
4083,95,14,84,8,-3.2568961944145873,6
4084,74,24,7,15,-3.257493143792889,9
4085,95,14,76,8,-3.257651508839797,6
4086,54,56,28,31,-3.262278028179984,25
4087,7,114,13,62,-3.264302615697635,52
4088,93,14,70,8,-3.2714518634318708,6
4089,67,13,114,7,-3.274670651234843,6
4090,86,49,60,27,-3.2754717222931737,22
4091,47,22,107,12,-3.281473065538478,10
4092,77,22,86,13,-3.282390155462016,9
4093,27,50,7,27,-3.296451922887636,23
4094,8,75,16,42,-3.2995823254465315,33
4095,5,60,104,32,-3.3007473735225057,28
4096,48,29,28,16,-3.3030143286202387,13
4097,15,12,28,6,-3.307663426492388,6
4098,66,11,86,6,-3.309294151623436,5
4099,75,31,60,17,-3.313915862803686,14
4100,84,16,97,10,-3.316428205809935,6
4101,27,12,11,6,-3.3300069081043646,6
4102,50,19,41,11,-3.331657114556132,8
4103,76,13,71,6,-3.3359186512389036,7
4104,5,13,68,7,-3.3380294056441127,6
4105,98,20,54,11,-3.3414082574983,9
4106,33,13,75,8,-3.342736023465549,5
4107,70,47,16,27,-3.3445553948476245,20
4108,91,15,40,8,-3.345577169162442,7
4109,20,10,83,5,-3.347889825164404,5
4110,107,15,14,9,-3.3479962116917545,6
4111,70,30,88,17,-3.3524090493184286,13
4112,3,12,54,6,-3.3552278990212483,6
4113,8,23,14,13,-3.3634201583462153,10
4114,97,25,54,13,-3.364815342765676,12
4115,20,17,40,10,-3.3649339637959637,7
4116,87,14,58,8,-3.3655067135270507,6
4117,55,56,107,30,-3.369618935589803,26
4118,44,13,100,7,-3.3720452657314217,6
4119,98,15,73,8,-3.3800553651819163,7
4120,55,28,36,15,-3.383336577257353,13
4121,9,28,60,17,-3.384232112219374,11
4122,88,13,19,7,-3.3883003963549876,6
4123,55,48,39,27,-3.3894226122709816,21
4124,65,91,16,51,-3.390795295606375,40
4125,104,10,73,6,-3.391491099464731,4
4126,28,13,4,7,-3.3940824912486858,6
4127,87,29,76,17,-3.3995265465111264,12
4128,84,29,55,16,-3.4012305577969593,13
4129,98,26,104,12,-3.4091853213510745,14
4130,36,11,17,5,-3.417273645156755,6
4131,37,12,4,7,-3.4218717037755084,5
4132,25,31,102,17,-3.4382241991917164,14
4133,51,87,13,46,-3.440625812579818,41
4134,39,29,114,15,-3.4411172111260955,14
4135,27,26,41,15,-3.44195962860483,11
4136,40,58,60,32,-3.4423663485116376,26
4137,55,28,76,17,-3.4438952481653042,11
4138,46,25,68,14,-3.4494659871080535,11
4139,23,21,37,11,-3.4530437057487418,10
4140,5,23,33,12,-3.454327509177194,11
4141,20,27,11,16,-3.455641949633459,11
4142,51,49,106,27,-3.457607975311812,22
4143,5,60,74,32,-3.4699961467083447,28
4144,16,14,73,7,-3.4738693799097957,7
4145,54,57,96,29,-3.47661338595835,28
4146,18,16,55,8,-3.481046717374471,8
4147,70,20,25,11,-3.484518115943737,9
4148,71,18,12,10,-3.4874429459484335,8
4149,51,30,36,16,-3.4874600225025065,14
4150,36,13,62,7,-3.489528327052378,6
4151,114,36,97,20,-3.494809729950691,16
4152,9,26,50,15,-3.4989626487903873,11
4153,63,18,49,10,-3.500149915800845,8
4154,108,13,37,7,-3.5019197237718496,6
4155,39,12,1,5,-3.502316135418237,7
4156,23,16,74,9,-3.5053157619270587,7
4157,33,10,49,6,-3.5057518320537775,4
4158,104,38,8,21,-3.5073414065674897,17
4159,106,50,107,27,-3.5165007722129795,23
4160,17,39,16,24,-3.519303718783672,15
4161,43,18,63,10,-3.5248517337852396,8
4162,112,10,69,6,-3.52766053414011,4
4163,76,17,20,8,-3.5278207011714757,9
4164,25,17,93,9,-3.530039788975629,8
4165,65,19,77,10,-3.5341053048936772,9
4166,7,15,44,8,-3.535266020755452,7
4167,69,26,88,15,-3.536532050456282,11
4168,36,65,40,37,-3.5400829247343655,28
4169,4,13,30,7,-3.554167963462701,6
4170,57,13,23,7,-3.554408044637194,6
4171,36,19,28,10,-3.554999615354126,9
4172,86,90,7,52,-3.5577462755235434,38
4173,33,11,64,7,-3.558110801858625,4
4174,108,13,79,8,-3.562523700236057,5
4175,3,15,81,9,-3.5653849933326986,6
4176,23,12,33,7,-3.5712223539857573,5
4177,38,22,16,14,-3.5724883088865464,8
4178,57,18,3,10,-3.5742432115563805,8
4179,28,50,20,28,-3.5784154895374147,22
4180,60,16,61,8,-3.58082656290379,8
4181,95,10,97,6,-3.58943247133478,4
4182,71,13,58,7,-3.5901555481142533,6
4183,112,28,65,16,-3.591244371403726,12
4184,91,13,102,7,-3.5942640564526322,6
4185,94,13,55,7,-3.6120696685756326,6
4186,28,26,80,14,-3.6230809501897747,12
4187,18,19,43,9,-3.6267699505365183,10
4188,87,107,86,55,-3.6292274243498333,52
4189,108,14,75,8,-3.634090811617301,6
4190,107,72,88,41,-3.6375933381747343,31
4191,70,10,14,5,-3.6470421341148493,5
4192,50,13,27,8,-3.6503401008022798,5
4193,65,47,23,25,-3.650632324208862,22
4194,18,11,17,5,-3.6519056838531805,6
4195,112,35,86,20,-3.651933901410972,15
4196,9,15,109,7,-3.6538651478462696,8
4197,32,21,107,11,-3.6546977761524695,10
4198,68,46,27,26,-3.6550130555346643,20
4199,71,10,90,5,-3.656103603020123,5
4200,100,11,53,6,-3.6569500587649983,5
4201,96,33,97,17,-3.6574389351582637,16
4202,86,33,49,17,-3.6580175694241315,16
4203,51,26,108,14,-3.669690549423146,12
4204,87,25,80,14,-3.671802865102298,11
4205,27,12,71,7,-3.672482180614423,5
4206,68,14,101,9,-3.6742625668258904,5
4207,55,19,34,10,-3.680955248563573,9
4208,51,37,114,19,-3.6824882422691596,18
4209,53,48,39,27,-3.685116242956752,21
4210,28,19,23,10,-3.6970356039584393,9
4211,40,14,57,8,-3.703028159726476,6
4212,28,25,60,12,-3.7035703279957386,13
4213,43,17,106,9,-3.706853967971227,8
4214,49,50,39,29,-3.7092766485938395,21
4215,5,21,15,13,-3.7147342263498238,8
4216,60,14,89,7,-3.723763452657912,7
4217,81,17,39,10,-3.728914203220536,7
4218,25,65,86,35,-3.735239092039536,30
4219,4,13,1,8,-3.7360390878519714,5
4220,63,21,78,11,-3.742726093893203,10
4221,40,42,53,23,-3.7429391558119995,19
4222,3,21,65,12,-3.7487584802431093,9
4223,23,14,27,7,-3.7503767523095015,7
4224,53,55,18,30,-3.7518428116438605,25
4225,109,33,51,21,-3.752003613096799,12
4226,15,13,47,7,-3.7602698343279473,6
4227,54,22,15,11,-3.7704013204125912,11
4228,4,19,63,11,-3.7758336578086884,8
4229,92,13,104,6,-3.7768187223532292,7
4230,23,48,107,26,-3.7778307981128196,22
4231,65,74,104,40,-3.778164926289779,34
4232,93,10,7,5,-3.7802315490169662,5
4233,37,12,94,7,-3.788108137633397,5
4234,60,13,80,7,-3.788360223509818,6
4235,104,13,20,8,-3.7974160411444697,5
4236,87,10,103,6,-3.7999734322052445,4
4237,5,16,110,9,-3.8138584796050923,7
4238,91,28,5,17,-3.814625093066516,11
4239,4,21,55,11,-3.821660634263143,10
4240,64,14,44,8,-3.824222642884567,6
4241,11,19,7,11,-3.8244118156669136,8
4242,86,111,16,63,-3.8248601776481976,48
4243,3,11,4,6,-3.825046392091852,5
4244,87,16,44,9,-3.826754946057649,7
4245,51,30,70,16,-3.8297117807076546,14
4246,87,38,30,21,-3.8298987122526276,17
4247,13,26,91,14,-3.8317482607331113,12
4248,38,22,68,13,-3.833165501516728,9
4249,46,13,38,8,-3.8338597693432233,5
4250,7,26,20,14,-3.839940256500115,12
4251,31,23,18,12,-3.8430258307678655,11
4252,31,11,28,6,-3.845374758093618,5
4253,54,50,46,28,-3.846547643547206,22
4254,111,34,65,20,-3.8475275648066676,14
4255,114,25,41,13,-3.8544949021986654,12
4256,3,12,62,7,-3.858532230856977,5
4257,109,17,68,11,-3.8661451047117255,6
4258,68,11,108,6,-3.86884903956731,5
4259,87,36,95,20,-3.8694007735692093,16
4260,46,61,13,35,-3.878770853438727,26
4261,17,27,28,15,-3.885054779321748,12
4262,81,19,15,10,-3.8877827130728115,9
4263,62,13,76,7,-3.8913968956310074,6
4264,49,27,107,14,-3.8922186784782586,13
4265,57,23,28,13,-3.8971175709019774,10
4266,88,26,43,15,-3.9015621477141424,11
4267,37,26,102,15,-3.901578428361024,11
4268,54,13,79,8,-3.90846253808764,5
4269,68,20,12,12,-3.911196232897693,8
4270,86,13,89,6,-3.9174928376954097,7
4271,70,38,37,22,-3.9227382855891673,16
4272,2,28,5,16,-3.923277825320168,12
4273,50,11,57,7,-3.929027822248146,4
4274,16,35,97,19,-3.9340820840887147,16
4275,86,36,27,21,-3.9349829768523854,15
4276,97,10,80,6,-3.9365866928471034,4
4277,93,11,3,5,-3.9394735942906975,6
4278,1,33,13,20,-3.9436595279590825,13
4279,40,11,6,6,-3.9442678680230827,5
4280,86,45,9,26,-3.945093339569097,19
4281,39,27,27,13,-3.949968449730081,14
4282,104,50,88,29,-3.9536343834384904,21
4283,17,34,65,21,-3.9540701507148897,13
4284,93,24,74,13,-3.960101768879081,11
4285,3,12,49,7,-3.9753684255728374,5
4286,14,12,96,7,-3.975747798085754,5
4287,94,19,86,11,-3.9969167694714915,8
4288,7,26,100,15,-4.007756687202794,11
4289,31,12,66,7,-4.0087548725586535,5
4290,29,22,84,12,-4.010792122781038,10
4291,54,36,55,19,-4.011039158800405,17
4292,110,20,8,12,-4.013172679497405,8
4293,51,44,104,27,-4.015424408222765,17
4294,47,13,71,7,-4.030916530509354,6
4295,38,18,9,10,-4.035727579019443,8
4296,43,10,1,5,-4.03897671575872,5
4297,109,33,88,19,-4.04309303959431,14
4298,68,24,15,14,-4.045229426405422,10
4299,50,21,7,11,-4.045740478776831,10
4300,88,43,23,26,-4.047882049914368,17
4301,40,10,32,5,-4.050021677419869,5
4302,69,27,51,16,-4.050423840769318,11
4303,95,10,43,6,-4.0633983206079485,4
4304,60,38,87,20,-4.070682609249087,18
4305,5,117,86,66,-4.074944655375777,51
4306,50,22,74,12,-4.086243740312161,10
4307,19,11,36,6,-4.0885902184216905,5
4308,97,21,87,13,-4.089970328864312,8
4309,35,24,20,14,-4.098728722002913,10
4310,93,20,83,11,-4.100880722204593,9
4311,102,31,28,17,-4.12543311995288,14
4312,65,22,45,11,-4.125923170388699,11
4313,9,19,49,10,-4.134273187385771,9
4314,104,32,76,19,-4.135711821894891,13
4315,20,11,71,7,-4.136430557393971,4
4316,69,11,11,7,-4.1379214913131195,4
4317,62,15,100,8,-4.138737945522875,7
4318,71,47,53,27,-4.141303557057988,20
4319,77,28,13,16,-4.142553833006349,12
4320,73,13,20,8,-4.146065391689571,5
4321,17,12,99,7,-4.14837583337694,5
4322,62,29,86,16,-4.168140003828562,13
4323,7,18,80,11,-4.182061930373812,7
4324,25,27,23,15,-4.182190113226027,12
4325,40,70,13,39,-4.189895916000412,31
4326,3,21,28,12,-4.19709701007139,9
4327,100,18,23,11,-4.197161790157007,7
4328,12,10,85,6,-4.198135644237859,4
4329,40,11,15,6,-4.201647176656486,5
4330,36,56,65,32,-4.205692860728475,24
4331,46,59,86,36,-4.218640718519182,23
4332,107,20,93,12,-4.219148957246671,8
4333,31,21,87,11,-4.220659397575877,10
4334,18,19,4,11,-4.220670692754493,8
4335,44,11,71,6,-4.223524348839462,5
4336,47,10,109,6,-4.236742850593237,4
4337,74,12,31,7,-4.240578281890586,5
4338,34,14,106,7,-4.243674039664674,7
4339,29,12,9,7,-4.247154248113976,5
4340,100,23,28,14,-4.248332726114695,9
4341,80,17,104,9,-4.256665633473226,8
4342,87,33,23,20,-4.2566804889481435,13
4343,94,16,27,9,-4.262088776142535,7
4344,107,30,91,18,-4.264126621091654,12
4345,84,10,103,5,-4.265189927603357,5
4346,96,12,33,5,-4.271042933020871,7
4347,12,18,88,10,-4.271852106961349,8
4348,54,27,9,15,-4.272544772651764,12
4349,51,108,16,59,-4.273676293412423,49
4350,54,63,20,33,-4.290782184792433,30
4351,54,30,30,17,-4.295304900191639,13
4352,44,21,20,12,-4.299103845073811,9
4353,54,28,25,16,-4.300413553073274,12
4354,53,27,106,14,-4.302319600135899,13
4355,109,22,20,14,-4.302333411252665,8
4356,71,42,16,25,-4.3051763919274695,17
4357,52,10,50,5,-4.308197298973348,5
4358,20,19,17,11,-4.3112321942034,8
4359,17,23,97,13,-4.313428551304956,10
4360,71,14,70,7,-4.315612188206777,7
4361,40,22,4,12,-4.316643149060896,10
4362,37,23,98,13,-4.327931130640238,10
4363,87,64,8,36,-4.329007020305176,28
4364,41,19,95,11,-4.332143979792176,8
4365,22,12,60,7,-4.334241842742782,5
4366,65,29,70,18,-4.3439841796636145,11
4367,6,16,65,9,-4.346168811124812,7
4368,88,24,47,13,-4.347102674354305,11
4369,54,31,104,17,-4.355933806560285,14
4370,71,31,64,19,-4.35947313780117,12
4371,11,13,33,6,-4.365968233102095,7
4372,23,23,40,13,-4.36842332680331,10
4373,58,13,55,7,-4.369004483506263,6
4374,9,24,55,14,-4.371040618945101,10
4375,98,13,60,7,-4.372454949323837,6
4376,47,25,16,14,-4.378651929248729,11
4377,25,33,87,18,-4.379098196808543,15
4378,49,24,87,12,-4.380791657180536,12
4379,76,23,65,14,-4.385586505985179,9
4380,43,26,51,14,-4.390788502279346,12
4381,86,20,111,12,-4.3910837466552355,8
4382,62,27,107,13,-4.3911794083852564,14
4383,38,32,107,19,-4.39393220007557,13
4384,63,29,64,16,-4.39496095596168,13
4385,64,20,114,12,-4.407773657880816,8
4386,57,12,64,7,-4.4096800085415095,5
4387,53,64,7,36,-4.416213736910661,28
4388,13,30,99,17,-4.420966828834257,13
4389,87,20,102,12,-4.423994697827658,8
4390,20,14,23,8,-4.42777867543601,6
4391,53,35,16,21,-4.432680586189367,14
4392,88,11,45,7,-4.4416566980945715,4
4393,51,24,1,13,-4.443642769643949,11
4394,109,15,95,9,-4.444131433700797,6
4395,37,33,13,19,-4.448467961015428,14
4396,50,42,2,24,-4.448957186147167,18
4397,12,12,6,6,-4.448996636056325,6
4398,31,67,7,38,-4.453212370234459,29
4399,16,44,95,24,-4.453378575583385,20
4400,73,12,50,8,-4.454782630059153,4
4401,97,11,77,7,-4.454901155383999,4
4402,50,15,3,8,-4.464463620895281,7
4403,32,18,37,10,-4.466542082918519,8
4404,57,10,91,5,-4.468260927215542,5
4405,25,31,96,17,-4.472832877552798,14
4406,7,102,16,57,-4.473957168273419,45
4407,11,45,55,27,-4.474786147328665,18
4408,107,33,95,18,-4.475609109265347,15
4409,17,15,100,10,-4.475659273933987,5
4410,11,15,93,10,-4.484686270589563,5
4411,37,15,93,9,-4.4934456656390305,6
4412,112,20,75,12,-4.4989690721071325,8
4413,110,13,87,8,-4.501644038521952,5
4414,69,10,80,5,-4.508733977407145,5
4415,29,16,28,9,-4.513248021932703,7
4416,55,43,37,23,-4.516821858156877,20
4417,28,71,50,41,-4.530365152854882,30
4418,75,23,106,12,-4.532198108241345,11
4419,68,28,71,17,-4.532265816801446,11
4420,102,24,8,13,-4.537070383836358,11
4421,76,24,23,13,-4.537606040144393,11
4422,3,19,12,12,-4.543846245794998,7
4423,15,18,99,11,-4.551461310618722,7
4424,46,15,83,8,-4.551826612706302,7
4425,23,15,70,8,-4.554568026577778,7
4426,104,16,99,8,-4.562749239239297,8
4427,95,14,99,8,-4.572737764013027,6
4428,70,27,68,15,-4.574914323498886,12
4429,58,23,7,12,-4.575034525669345,11
4430,65,16,99,9,-4.579704538683142,7
4431,71,25,28,15,-4.584215619303487,10
4432,8,30,60,16,-4.584471076654315,14
4433,107,79,13,44,-4.585065444741537,35
4434,96,32,50,18,-4.592653394244437,14
4435,30,16,100,10,-4.593688251732179,6
4436,95,13,77,7,-4.601493224452909,6
4437,107,92,87,52,-4.601610999850393,40
4438,30,11,23,6,-4.601908928188203,5
4439,68,62,88,36,-4.601971796539838,26
4440,3,35,7,21,-4.603775118928218,14
4441,66,10,88,6,-4.60434245546846,4
4442,86,72,37,40,-4.607837359690986,32
4443,9,46,107,25,-4.60932354627833,21
4444,96,22,60,15,-4.611190930914723,7
4445,63,13,58,6,-4.62886931152221,7
4446,110,15,106,8,-4.633960085739299,7
4447,25,22,60,12,-4.636282806493915,10
4448,109,19,73,11,-4.637139105733963,8
4449,13,14,73,8,-4.6427133386229835,6
4450,16,21,6,11,-4.642825718029856,10
4451,96,39,63,24,-4.649023449526139,15
4452,25,15,27,8,-4.649655011418167,7
4453,60,29,30,19,-4.653426738413294,10
4454,47,15,25,8,-4.655390231832644,7
4455,98,14,55,9,-4.662824671110213,5
4456,64,13,80,7,-4.665596394208,6
4457,8,12,52,7,-4.669562642233976,5
4458,64,48,13,25,-4.670216629866639,23
4459,49,20,98,11,-4.675267204581687,9
4460,5,16,71,9,-4.686451238703376,7
4461,62,10,97,6,-4.689387738532959,4
4462,58,13,51,7,-4.6987757235739265,6
4463,60,45,55,25,-4.699539635247212,20
4464,18,31,88,17,-4.699584875943505,14
4465,80,14,11,8,-4.704407754517106,6
4466,46,23,20,15,-4.708713070266484,8
4467,71,16,43,8,-4.709770232299069,8
4468,18,37,28,20,-4.710953949587104,17
4469,72,10,15,6,-4.7131251167737505,4
4470,12,14,74,8,-4.7158981291394015,6
4471,86,17,47,10,-4.720142586161406,7
4472,75,14,15,9,-4.7291616067808215,5
4473,46,11,6,6,-4.730994669309113,5
4474,84,48,51,28,-4.731865068752452,20
4475,57,26,84,13,-4.733523061947013,13
4476,46,41,8,22,-4.737192297274267,19
4477,3,11,97,7,-4.7402730889790226,4
4478,65,57,55,32,-4.74405737741087,25
4479,114,17,100,10,-4.7447753582153425,7
4480,77,16,25,9,-4.745845616411638,7
4481,69,26,41,17,-4.748815562050703,9
4482,65,67,87,39,-4.751181720183052,28
4483,5,30,90,18,-4.752640516818982,12
4484,50,16,93,10,-4.755526241513055,6
4485,79,15,63,9,-4.756289291055939,6
4486,41,31,64,19,-4.758473174288668,12
4487,27,16,6,9,-4.762765446713921,7
4488,97,16,60,8,-4.770560692259115,8
4489,31,15,12,8,-4.770632464521183,7
4490,70,13,90,7,-4.771084444295363,6
4491,17,14,1,8,-4.774691835698866,6
4492,34,13,78,7,-4.775374082125243,6
4493,94,14,114,7,-4.775696268753724,7
4494,29,12,46,5,-4.775703546529658,7
4495,5,12,9,7,-4.777710715122403,5
4496,50,48,87,26,-4.778093921608591,22
4497,9,52,88,30,-4.7788733200067295,22
4498,5,33,76,19,-4.788314400539968,14
4499,1,17,9,8,-4.79405950293998,9
4500,20,13,52,8,-4.795236183864801,5
4501,9,29,8,14,-4.796436219845456,15
4502,25,11,111,6,-4.797175922879397,5
4503,68,57,16,35,-4.797917621902101,22
4504,96,22,75,15,-4.80138149231193,7
4505,88,44,75,26,-4.804702938088101,18
4506,108,13,96,7,-4.805162668071275,6
4507,106,25,2,14,-4.808494527305082,11
4508,76,28,28,15,-4.808501649816079,13
4509,106,12,6,7,-4.810944704219048,5
4510,8,30,83,16,-4.811627367676455,14
4511,85,11,74,6,-4.812388004493803,5
4512,68,27,23,14,-4.819829270426411,13
4513,54,15,14,10,-4.820525855929131,5
4514,25,19,31,10,-4.823839301099763,9
4515,51,35,27,21,-4.824832158001017,14
4516,67,15,8,9,-4.8319098461555825,6
4517,52,15,87,8,-4.832747531124254,7
4518,39,39,75,21,-4.835166255544909,18
4519,75,41,18,23,-4.835583954062301,18
4520,64,20,83,11,-4.840996077098241,9
4521,51,30,5,19,-4.841333405150811,11
4522,107,77,65,44,-4.8485059698872375,33
4523,100,23,104,14,-4.850527098250833,9
4524,32,12,97,7,-4.851459349576838,5
4525,68,28,30,15,-4.855859582421322,13
4526,104,55,86,31,-4.8600728568891,24
4527,107,12,52,8,-4.8612628499818085,4
4528,89,10,5,7,-4.862465640901751,3
4529,106,54,37,29,-4.865641247327304,25
4530,19,16,43,10,-4.86637499427423,6
4531,88,12,85,7,-4.873754317610231,5
4532,37,49,16,28,-4.875150740770066,21
4533,114,11,30,6,-4.882071098465157,5
4534,95,11,69,7,-4.882909765417962,4
4535,71,25,62,14,-4.888439777720532,11
4536,84,59,28,34,-4.889044052283284,25
4537,5,39,83,21,-4.890865835189012,18
4538,12,16,27,9,-4.8909807485785795,7
4539,94,10,41,6,-4.894347528636123,4
4540,88,96,7,54,-4.898871034458087,42
4541,28,12,38,6,-4.907164394244693,6
4542,108,12,54,8,-4.909695920764134,4
4543,27,10,17,5,-4.92418583933417,5
4544,106,56,74,32,-4.924754963776778,24
4545,36,40,86,23,-4.927433251240003,17
4546,9,22,114,15,-4.931319071415344,7
4547,60,25,49,14,-4.931504870943573,11
4548,54,19,85,12,-4.939303305813312,7
4549,28,27,93,17,-4.941127481170006,10
4550,87,14,77,8,-4.94240192025149,6
4551,6,15,51,9,-4.945330344973923,6
4552,68,19,56,10,-4.94813216675333,9
4553,84,21,9,12,-4.948134531388217,9
4554,8,32,13,19,-4.955794878282507,13
4555,77,18,39,10,-4.961640817784316,8
4556,90,23,96,14,-4.963939687748077,9
4557,38,16,109,10,-4.9644619615709695,6
4558,107,49,40,30,-4.964616090179718,19
4559,68,42,41,24,-4.9651675063741685,18
4560,93,11,29,6,-4.975125458266239,5
4561,47,30,7,18,-4.980252625346254,12
4562,31,23,50,13,-4.991999785997781,10
4563,71,15,74,8,-4.993812181109021,7
4564,63,30,104,17,-4.993963037729945,13
4565,48,15,34,8,-4.994408680089877,7
4566,68,12,32,8,-4.994599728673894,4
4567,87,21,94,12,-5.000044556975337,9
4568,106,41,7,21,-5.003800212982272,20
4569,5,26,93,16,-5.004460526821323,10
4570,63,14,81,8,-5.016441825370757,6
4571,19,16,60,10,-5.016520286075499,6
4572,13,32,63,18,-5.025476860594202,14
4573,112,25,13,13,-5.0328023553258285,12
4574,52,12,65,8,-5.036995856643753,4
4575,79,14,11,7,-5.038711911658494,7
4576,39,57,86,31,-5.0403229243330765,26
4577,27,13,28,9,-5.051194542399679,4
4578,63,29,55,16,-5.056066807562622,13
4579,71,32,30,18,-5.06395312621674,14
4580,65,17,46,11,-5.06610491085495,6
4581,33,13,90,8,-5.072843762888294,5
4582,86,17,10,9,-5.075771557978405,8
4583,20,10,32,7,-5.08216341529211,3
4584,107,99,16,62,-5.087714974177166,37
4585,95,24,60,14,-5.089480392621887,10
4586,104,25,53,14,-5.094260383198605,11
4587,108,13,28,7,-5.102919930198643,6
4588,70,23,55,13,-5.1032220329288345,10
4589,4,18,75,11,-5.1124286444655915,7
4590,98,22,11,12,-5.122669345045473,10
4591,9,45,65,27,-5.129160653393477,18
4592,94,24,43,13,-5.132582694296747,11
4593,58,30,40,16,-5.133397385337809,14
4594,3,21,36,13,-5.136055944816986,8
4595,107,46,100,24,-5.137024217111418,22
4596,69,12,40,8,-5.137627663794989,4
4597,51,12,35,7,-5.14727626674268,5
4598,88,15,44,8,-5.148664566159752,7
4599,9,24,106,14,-5.150083731218861,10
4600,50,28,76,18,-5.1519660961300575,10
4601,28,16,35,8,-5.1531236605423,8
4602,63,54,8,30,-5.156454172512432,24
4603,39,14,111,8,-5.158992286191917,6
4604,5,12,67,7,-5.159840528973067,5
4605,56,11,91,6,-5.160182814393273,5
4606,20,60,107,34,-5.163543558398883,26
4607,55,43,7,26,-5.169021709270008,17
4608,47,26,75,17,-5.17693162231529,9
4609,57,17,27,9,-5.17883761022504,8
4610,65,32,64,18,-5.182122584236016,14
4611,97,17,75,10,-5.183439015487436,7
4612,23,23,63,14,-5.190793013982739,9
4613,71,10,6,6,-5.19369227829273,4
4614,113,13,40,8,-5.193726392686624,5
4615,91,12,33,6,-5.213867650447791,6
4616,37,22,40,12,-5.218981261850287,10
4617,106,54,54,29,-5.222938310920249,25
4618,5,11,35,6,-5.226534281744142,5
4619,96,37,20,22,-5.229501973456112,15
4620,112,17,88,10,-5.231027938888665,7
4621,104,19,15,11,-5.23540400775586,8
4622,25,21,91,12,-5.23677892954369,9
4623,16,14,52,8,-5.238731564661997,6
4624,14,15,65,8,-5.239230657167625,7
4625,40,15,98,8,-5.239271076053038,7
4626,40,26,25,15,-5.242222631716463,11
4627,31,11,35,6,-5.255104723881262,5
4628,92,11,28,7,-5.266199037582341,4
4629,88,11,56,6,-5.280224334897691,5
4630,28,19,14,12,-5.2887953454841945,7
4631,86,21,99,13,-5.291638236148403,8
4632,39,49,40,29,-5.294535177326296,20
4633,22,12,109,7,-5.3030018855523124,5
4634,55,25,111,15,-5.307717141421055,10
4635,66,19,107,11,-5.307859110353936,8
4636,69,24,107,14,-5.312297877274383,10
4637,100,39,16,23,-5.313364348529021,16
4638,49,13,28,7,-5.31428031912519,6
4639,96,16,85,11,-5.314304637448896,5
4640,102,14,97,9,-5.335160623731844,5
4641,55,32,80,17,-5.338178788284693,15
4642,17,10,29,6,-5.338265234186666,4
4643,88,86,86,50,-5.345596536414867,36
4644,65,18,62,10,-5.345755023288058,8
4645,97,35,7,19,-5.356987360153851,16
4646,63,30,75,17,-5.362343223381898,13
4647,8,21,64,13,-5.374033093425483,8
4648,51,31,20,16,-5.3744679490472445,15
4649,17,12,72,7,-5.381050240439904,5
4650,30,18,7,9,-5.390495309133066,9
4651,90,31,54,18,-5.397442007333916,13
4652,23,14,29,8,-5.397923700403427,6
4653,64,10,84,7,-5.40179307430533,3
4654,66,11,9,6,-5.404825557202403,5
4655,58,11,4,7,-5.405037105567146,4
4656,37,11,49,6,-5.405793666619149,5
4657,17,16,11,9,-5.408663927414461,7
4658,49,36,16,21,-5.428602962958471,15
4659,39,25,100,14,-5.4337679856030885,11
4660,18,18,91,11,-5.437015235679075,7
4661,85,14,28,8,-5.442415032587626,6
4662,51,11,93,6,-5.442643801494352,5
4663,62,13,49,8,-5.442720426362853,5
4664,57,18,97,10,-5.45235309786646,8
4665,71,43,75,27,-5.454468163058883,16
4666,51,17,62,10,-5.468238395489335,7
4667,75,10,14,6,-5.479308338136782,4
4668,70,23,114,14,-5.484820175107314,9
4669,40,49,65,28,-5.488110460552834,21
4670,62,10,18,6,-5.493140482819633,4
4671,102,10,67,6,-5.497246561771841,4
4672,109,13,32,7,-5.508051897308618,6
4673,83,19,95,12,-5.510188596504647,7
4674,9,35,28,19,-5.51465148212954,16
4675,37,59,87,35,-5.516733087496061,24
4676,20,10,62,6,-5.517288163699186,4
4677,13,20,26,13,-5.520285333416164,7
4678,7,33,28,20,-5.522079859732704,13
4679,102,14,33,8,-5.525239013163607,6
4680,88,23,30,12,-5.525413582454541,11
4681,68,45,114,26,-5.528966703625285,19
4682,62,11,60,7,-5.531153387901844,4
4683,23,31,106,16,-5.535479536227777,15
4684,87,59,13,36,-5.536518377079212,23
4685,30,12,15,7,-5.538463534767753,5
4686,19,13,41,8,-5.538621729382164,5
4687,84,19,13,12,-5.5402984177261425,7
4688,69,26,65,15,-5.540534749641235,11
4689,75,51,86,28,-5.544222274149607,23
4690,2,22,20,13,-5.544865436021075,9
4691,84,18,25,11,-5.5466876181289715,7
4692,41,29,87,17,-5.547736509402294,12
4693,31,53,36,30,-5.548564460468652,23
4694,25,41,8,25,-5.550067480025435,16
4695,112,27,53,14,-5.555316017681792,13
4696,4,11,46,6,-5.55622187464566,5
4697,95,10,31,6,-5.5581891593402775,4
4698,86,70,11,40,-5.56068219325721,30
4699,104,60,37,36,-5.5634752610620195,24
4700,69,11,42,6,-5.570250078296482,5
4701,98,10,3,5,-5.570597398737187,5
4702,38,23,7,13,-5.575438881033769,10
4703,51,18,11,9,-5.579718415865981,9
4704,94,13,39,8,-5.582337685105467,5
4705,43,10,29,6,-5.59128870959519,4
4706,112,16,27,9,-5.594823713571335,7
4707,98,17,70,11,-5.604121247592223,6
4708,18,13,38,7,-5.6081144260834686,6
4709,50,15,100,9,-5.612526049660052,6
4710,90,14,30,8,-5.614315415339312,6
4711,50,48,16,28,-5.617696720442926,20
4712,50,26,95,15,-5.619957219349124,11
4713,13,37,47,22,-5.62062831887508,15
4714,5,10,19,6,-5.6233787755961275,4
4715,107,24,15,16,-5.624270425775915,8
4716,17,21,5,14,-5.625033929201381,7
4717,73,28,86,15,-5.62531345595925,13
4718,79,12,103,7,-5.630756199695948,5
4719,9,43,75,26,-5.632694127818325,17
4720,51,46,75,26,-5.632745764536369,20
4721,11,10,85,6,-5.636472097896451,4
4722,98,14,108,8,-5.640790264148575,6
4723,76,17,84,10,-5.642369532504397,7
4724,112,10,85,6,-5.645935667232838,4
4725,74,23,73,14,-5.649045009007229,9
4726,97,13,39,8,-5.649731064357227,5
4727,97,10,4,6,-5.649870700339136,4
4728,61,13,9,8,-5.652969843590385,5
4729,68,12,43,7,-5.661402151081362,5
4730,82,11,54,7,-5.66427830231393,4
4731,99,31,16,18,-5.66581833704302,13
4732,108,23,16,14,-5.669209310265463,9
4733,37,39,75,25,-5.670197882049106,14
4734,25,10,94,5,-5.671887186214519,5
4735,12,11,54,6,-5.67450373056912,5
4736,95,10,102,6,-5.68531996234082,4
4737,38,23,63,15,-5.685369937239837,8
4738,55,25,30,15,-5.686463879094617,10
4739,5,46,106,28,-5.689619439430468,18
4740,32,10,70,5,-5.692479372096212,5
4741,62,17,53,10,-5.701449545318568,7
4742,69,13,62,7,-5.706165822809073,6
4743,102,11,23,6,-5.716053822653882,5
4744,37,18,41,11,-5.716493275276267,7
4745,17,13,98,7,-5.72342530511381,6
4746,57,28,87,17,-5.725577888454403,11
4747,51,26,25,15,-5.726135112848949,11
4748,9,14,45,9,-5.727853500458989,5
4749,25,48,13,26,-5.729332953997916,22
4750,49,10,109,6,-5.732296047624953,4
4751,38,11,34,7,-5.733514369563806,4
4752,104,64,107,38,-5.737421230069913,26
4753,87,19,78,10,-5.7374839775831745,9
4754,106,42,25,26,-5.737688222420908,16
4755,80,11,19,7,-5.749943576584892,4
4756,77,12,36,7,-5.751140829309579,5
4757,47,13,23,8,-5.7551420632928085,5
4758,53,13,58,6,-5.756559382638664,7
4759,35,19,11,11,-5.768399159544,8
4760,93,19,16,10,-5.776545074834796,9
4761,63,26,98,15,-5.795644107915215,11
4762,55,28,74,16,-5.797157459674131,12
4763,64,45,7,25,-5.8010614589687695,20
4764,31,19,91,12,-5.801858258461768,7
4765,13,48,71,27,-5.80513252623681,21
4766,62,38,16,24,-5.806515303304726,14
4767,20,13,79,8,-5.810117746469,5
4768,106,28,80,17,-5.812470547213422,11
4769,5,16,40,9,-5.82052725169565,7
4770,94,17,28,11,-5.821481138029024,6
4771,65,10,108,5,-5.847992745343311,5
4772,46,37,74,23,-5.850135921281392,14
4773,55,37,104,22,-5.856904127783748,15
4774,112,20,7,12,-5.863389950487481,8
4775,7,17,34,10,-5.863504951401834,7
4776,95,36,54,20,-5.865979569344108,16
4777,9,17,62,10,-5.866001447424248,7
4778,68,27,97,16,-5.880460614845397,11
4779,36,12,46,7,-5.88209418081934,5
4780,74,22,102,13,-5.882481039476403,9
4781,51,34,64,20,-5.888421423830697,14
4782,34,19,109,11,-5.8910600256239505,8
4783,84,34,74,18,-5.89139952158172,16
4784,1,12,46,6,-5.891865749051654,6
4785,25,10,69,6,-5.903986394303471,4
4786,66,13,60,9,-5.904108466927801,4
4787,45,15,41,10,-5.914462706154762,5
4788,84,18,114,11,-5.917311033591251,7
4789,63,10,93,6,-5.917563250275586,4
4790,16,17,103,10,-5.922732187979218,7
4791,29,16,112,9,-5.922867160258867,7
4792,55,27,109,14,-5.923431655873009,13
4793,114,20,73,12,-5.924435121305104,8
4794,63,45,37,27,-5.933785173114153,18
4795,30,11,74,6,-5.9350135220415146,5
4796,10,13,63,8,-5.94033318775015,5
4797,28,50,104,29,-5.9417102215711495,21
4798,43,15,41,9,-5.943674988011268,6
4799,76,25,98,15,-5.94433744621166,10
4800,53,15,28,9,-5.945744364633271,6
4801,7,15,33,8,-5.9471342175078945,7
4802,14,12,39,7,-5.9475481477923315,5
4803,10,12,97,6,-5.950831581917707,6
4804,8,13,62,9,-5.96110102258686,4
4805,53,52,68,31,-5.964244334939566,21
4806,17,19,104,11,-5.965485227876697,8
4807,40,18,97,11,-5.966918416140385,7
4808,54,12,69,7,-5.973066602774381,5
4809,18,20,64,12,-5.974775055211904,8
4810,31,25,114,14,-5.9918765203954925,11
4811,3,32,107,17,-5.999011076330671,15
4812,100,19,37,12,-6.000890669706825,7
4813,88,61,65,38,-6.004362907857696,23
4814,46,20,95,12,-6.027785407812037,8
4815,50,17,91,11,-6.027790824025908,6
4816,86,38,64,22,-6.0307653391474,16
4817,31,31,75,17,-6.03348213428737,14
4818,98,24,7,15,-6.033686003781978,9
4819,114,14,27,8,-6.034743873961818,6
4820,68,22,62,13,-6.039924510367453,9
4821,32,16,8,9,-6.041444852098721,7
4822,88,11,94,7,-6.041461864182689,4
4823,18,24,63,15,-6.046455003215171,9
4824,19,17,87,10,-6.049943163928039,7
4825,16,47,30,28,-6.061677546597566,19
4826,41,27,23,16,-6.068042449918635,11
4827,48,14,74,7,-6.068043245358376,7
4828,86,34,69,20,-6.074936673132558,14
4829,69,10,55,6,-6.075582313218194,4
4830,20,29,70,18,-6.0805113791791925,11
4831,3,16,64,10,-6.081103034121079,6
4832,112,17,41,10,-6.085887277839003,7
4833,107,23,111,12,-6.08814286411973,11
4834,84,17,75,10,-6.100134417881319,7
4835,7,12,90,7,-6.108519045195329,5
4836,29,18,39,10,-6.11667916860653,8
4837,31,13,81,9,-6.1171597913254026,4
4838,38,14,51,9,-6.122424191882747,5
4839,88,35,25,23,-6.12387967695023,12
4840,79,22,16,13,-6.124885739395438,9
4841,68,31,54,19,-6.129451922490283,12
4842,112,15,31,10,-6.149641402394962,5
4843,38,11,20,8,-6.161885029448885,3
4844,36,47,13,29,-6.167141158071527,18
4845,102,21,57,12,-6.169321397774082,9
4846,76,23,97,13,-6.171425808149793,10
4847,35,14,55,8,-6.18171019735336,6
4848,71,12,91,7,-6.18747414228945,5
4849,107,39,76,26,-6.198627172224357,13
4850,2,28,63,16,-6.200018491851487,12
4851,70,28,74,15,-6.203999405338755,13
4852,60,36,23,22,-6.20643772766661,14
4853,84,15,35,9,-6.209299301194262,6
4854,39,24,46,12,-6.210468155976945,12
4855,28,14,47,8,-6.211297191624256,6
4856,76,21,112,11,-6.216605503599088,10
4857,54,34,11,20,-6.217306832795512,14
4858,86,39,100,21,-6.218498707894956,18
4859,68,12,72,7,-6.2229147971092145,5
4860,39,25,57,14,-6.225418832440159,11
4861,91,42,16,27,-6.227187272730331,15
4862,50,41,104,25,-6.230364171354916,16
4863,5,17,43,10,-6.250727481432203,7
4864,39,22,92,12,-6.263991845659126,10
4865,88,17,77,10,-6.264530601131226,7
4866,95,12,15,7,-6.265255655621161,5
4867,96,11,69,7,-6.268969865653717,4
4868,5,45,20,28,-6.270373633442783,17
4869,30,19,20,11,-6.270512840524559,8
4870,65,58,51,36,-6.274656067700197,22
4871,43,33,16,21,-6.2782432461819555,12
4872,4,21,86,13,-6.2794844995496994,8
4873,102,11,41,7,-6.282861273718874,4
4874,92,12,16,9,-6.284475222709882,3
4875,64,16,70,11,-6.2860092045587415,5
4876,114,17,23,11,-6.291790840234865,6
4877,83,16,39,10,-6.297771796270442,6
4878,55,13,29,8,-6.301089833667023,5
4879,46,11,3,6,-6.306283901123601,5
4880,57,25,88,14,-6.308509689840414,11
4881,112,14,54,9,-6.326711825622494,5
4882,111,10,81,7,-6.333917467029675,3
4883,40,22,62,11,-6.340588914856938,11
4884,112,15,51,9,-6.350376289921741,6
4885,27,13,92,7,-6.356396578041118,6
4886,28,15,41,9,-6.359689551305938,6
4887,56,21,7,12,-6.361794853449643,9
4888,37,20,80,12,-6.401050818487372,8
4889,108,12,30,7,-6.4030541605956115,5
4890,77,13,106,7,-6.407119934187455,6
4891,29,16,3,10,-6.408676089200551,6
4892,54,18,91,10,-6.414686940093467,8
4893,33,16,40,11,-6.427211772717695,5
4894,109,20,41,13,-6.432688342356182,7
4895,89,16,41,10,-6.437733391093904,6
4896,112,11,3,6,-6.441850628605062,5
4897,87,20,4,13,-6.445923142452617,7
4898,28,10,6,6,-6.452419128804086,4
4899,98,14,78,8,-6.457784687804564,6
4900,29,13,70,7,-6.465173609286503,6
4901,55,17,100,9,-6.46556303644313,8
4902,88,21,108,13,-6.468102581842658,8
4903,43,35,107,22,-6.4686100966239675,13
4904,84,18,98,12,-6.475666713551258,6
4905,9,20,70,13,-6.477071321597405,7
4906,43,14,17,8,-6.491023498873945,6
4907,53,46,107,28,-6.492903474758716,18
4908,104,10,48,6,-6.493358473776669,4
4909,54,20,1,12,-6.4933945511101445,8
4910,107,21,78,13,-6.50595928798572,8
4911,39,78,16,46,-6.5210913868223725,32
4912,80,13,91,8,-6.531108694088673,5
4913,81,29,86,20,-6.532482502137965,9
4914,55,10,49,6,-6.541972088163769,4
4915,70,58,54,35,-6.543056803225656,23
4916,43,16,3,10,-6.54449942414876,6
4917,18,21,77,14,-6.545250800191178,7
4918,91,25,68,14,-6.550419627313763,11
4919,68,18,58,11,-6.553002087451514,7
4920,25,37,104,21,-6.567754121461538,16
4921,114,26,53,15,-6.571088082289226,11
4922,20,46,65,29,-6.5828514961702975,17
4923,1,27,86,16,-6.584989828827027,11
4924,68,21,11,12,-6.58863372978606,9
4925,96,28,65,16,-6.593487230396348,12
4926,18,16,81,10,-6.594478406051089,6
4927,30,16,34,10,-6.601140375094156,6
4928,64,21,55,14,-6.604925944972096,7
4929,81,18,71,11,-6.61709770119633,7
4930,75,10,85,7,-6.619293441212882,3
4931,9,14,74,9,-6.620459467868888,5
4932,5,48,25,29,-6.626414170343123,19
4933,37,22,39,13,-6.632156694863052,9
4934,65,30,4,18,-6.635600395573753,12
4935,11,27,76,17,-6.641322941327518,10
4936,5,26,32,16,-6.6474470604519045,10
4937,114,15,76,10,-6.653911993113485,5
4938,37,19,71,11,-6.65399605348867,8
4939,87,13,12,8,-6.654704325795005,5
4940,71,11,83,6,-6.6562053803338666,5
4941,57,12,10,8,-6.658857003244836,4
4942,55,68,16,43,-6.67390774153019,25
4943,87,50,7,31,-6.67758618697433,19
4944,57,25,78,14,-6.680382092155252,11
4945,88,75,54,45,-6.687420775605005,30
4946,62,18,7,11,-6.690218008322474,7
4947,106,11,111,8,-6.697425895741327,3
4948,74,15,83,8,-6.703298030488857,7
4949,78,14,39,8,-6.71185999456239,6
4950,97,35,28,22,-6.716635909782018,13
4951,32,10,65,6,-6.718474357729474,4
4952,95,11,100,6,-6.722166987268522,5
4953,3,13,8,6,-6.725771044964114,7
4954,51,90,86,51,-6.726193388019493,39
4955,95,13,14,8,-6.731405281187272,5
4956,96,38,74,24,-6.731828732252354,14
4957,78,14,40,10,-6.732885786530082,4
4958,48,25,84,16,-6.740791105108492,9
4959,7,32,45,19,-6.743551275422485,13
4960,68,13,45,8,-6.747691137383073,5
4961,71,10,94,6,-6.748460655059317,4
4962,18,19,30,11,-6.749976540021853,8
4963,90,13,53,8,-6.752088210585149,5
4964,109,12,57,7,-6.758716421545093,5
4965,23,43,13,24,-6.759962036733637,19
4966,107,23,33,13,-6.763493299081546,10
4967,108,10,81,6,-6.778588424753946,4
4968,51,81,39,48,-6.781026894224875,33
4969,31,10,55,6,-6.798197972656263,4
4970,71,10,49,6,-6.8003776926672845,4
4971,45,18,60,10,-6.802248227913869,8
4972,96,20,51,12,-6.8091583197949745,8
4973,87,84,16,50,-6.816235536112624,34
4974,4,13,56,7,-6.816273515879698,6
4975,86,40,98,23,-6.818936598158919,17
4976,58,17,60,10,-6.820272973850588,7
4977,104,22,30,12,-6.820606807560422,10
4978,66,14,65,9,-6.821265394674894,5
4979,31,69,68,41,-6.8216343585610195,28
4980,106,25,95,16,-6.830338155584793,9
4981,96,14,78,9,-6.830515928543477,5
4982,96,80,86,49,-6.839782165020976,31
4983,54,18,78,11,-6.844050551797868,7
4984,51,99,7,62,-6.849475435937795,37
4985,95,29,13,17,-6.852052215706936,12
4986,96,19,114,12,-6.857320738328298,7
4987,57,13,9,8,-6.861208808927348,5
4988,4,43,60,24,-6.864343045215706,19
4989,18,13,3,9,-6.867625983582323,4
4990,57,24,11,13,-6.881051495690205,11
4991,99,15,106,10,-6.882359612487446,5
4992,5,47,114,28,-6.885144276646174,19
4993,65,22,90,12,-6.887045978873849,10
4994,88,16,76,9,-6.891817282335724,7
4995,102,14,13,10,-6.907912883852887,4
4996,3,23,114,15,-6.912850093555391,8
4997,30,19,75,11,-6.923427737676235,8
4998,3,18,15,10,-6.928312991348459,8
4999,46,21,7,14,-6.93576909674712,7
5000,88,12,99,7,-6.939131232028662,5
5001,93,15,20,8,-6.949708974023015,7
5002,51,25,4,16,-6.952578906103856,9
5003,63,20,90,12,-6.95733483322538,8
5004,104,18,32,12,-6.959225086389547,6
5005,36,34,16,21,-6.96230955324868,13
5006,97,23,18,14,-6.965163575719862,9
5007,33,17,8,11,-6.9756022430017754,6
5008,35,26,107,17,-6.986606963430159,9
5009,55,20,17,11,-6.987444025974705,9
5010,13,23,111,13,-6.988942249892523,10
5011,1,19,114,12,-6.990089974683046,7
5012,5,15,62,9,-6.9927087595973925,6
5013,48,13,80,9,-6.99747900943173,4
5014,54,26,93,17,-7.002072182522708,9
5015,53,27,87,15,-7.0226395127694765,12
5016,40,15,95,9,-7.026458120737084,6
5017,68,57,39,33,-7.033027071828933,24
5018,84,24,85,16,-7.039561068893883,8
5019,110,10,20,6,-7.040932959044511,4
5020,97,25,55,16,-7.041738062020974,9
5021,73,16,65,10,-7.056062739811477,6
5022,36,18,99,12,-7.061516094995873,6
5023,25,21,100,12,-7.062312436550092,9
5024,49,14,50,8,-7.064134383315742,6
5025,98,14,102,8,-7.075813129571892,6
5026,70,35,28,21,-7.078735797739843,14
5027,62,20,28,12,-7.086204539456472,8
5028,83,30,86,20,-7.114862976089347,10
5029,107,12,67,8,-7.124134838046419,4
5030,19,14,38,10,-7.12483566230394,4
5031,67,11,88,8,-7.127393540580368,3
5032,107,57,75,39,-7.131800392099847,18
5033,54,58,63,36,-7.1339646628869025,22
5034,87,26,90,16,-7.134749793973536,10
5035,91,27,87,17,-7.142016410462964,10
5036,55,50,40,31,-7.142420946012767,19
5037,60,17,5,11,-7.144002600647478,6
5038,103,10,88,6,-7.1465830918406095,4
5039,37,14,29,8,-7.14724630286853,6
5040,60,12,34,8,-7.148158666349012,4
5041,84,18,38,10,-7.154125748328735,8
5042,58,16,16,10,-7.162671054156505,6
5043,68,19,20,11,-7.165895566664342,8
5044,14,14,86,8,-7.166696838482464,6
5045,112,16,36,10,-7.175574629533439,6
5046,27,14,34,8,-7.192554381710401,6
5047,63,20,27,11,-7.19472225275396,9
5048,13,32,81,20,-7.194897673585073,12
5049,30,15,27,9,-7.20018309250969,6
5050,35,13,27,8,-7.215256796262468,5
5051,40,20,35,13,-7.223846117897835,7
5052,106,60,13,37,-7.224822308695077,23
5053,62,16,54,10,-7.236680580960736,6
5054,81,14,114,8,-7.238705590547008,6
5055,40,27,114,18,-7.240772461331045,9
5056,75,10,20,6,-7.241047227766171,4
5057,5,14,31,9,-7.246607645789562,5
5058,41,21,20,12,-7.246750485082598,9
5059,90,13,46,8,-7.250761878801305,5
5060,93,12,98,7,-7.251352809271133,5
5061,10,12,11,7,-7.252899748629005,5
5062,39,32,84,19,-7.2579208484387365,13
5063,79,30,86,19,-7.258463117259924,11
5064,81,19,75,12,-7.259552889264539,7
5065,98,17,20,11,-7.267496359610283,6
5066,70,16,110,10,-7.267896542251016,6
5067,96,10,62,7,-7.268496266352443,3
5068,57,13,106,7,-7.272492874678534,6
5069,68,20,55,13,-7.273979151335479,7
5070,88,110,16,69,-7.282392910348152,41
5071,13,42,114,23,-7.284350704257173,19
5072,98,20,13,13,-7.284404613166717,7
5073,29,16,97,10,-7.284915525257297,6
5074,40,31,43,18,-7.287691070183636,13
5075,61,11,47,7,-7.295405799949464,4
5076,104,11,62,8,-7.298660521894603,3
5077,40,33,54,20,-7.298767912387552,13
5078,85,14,63,8,-7.301748789802251,6
5079,84,19,34,11,-7.311702019154711,8
5080,106,24,39,14,-7.312269199982411,10
5081,65,23,1,13,-7.319832649719675,10
5082,5,42,70,25,-7.323141246130922,17
5083,107,32,2,20,-7.328844122982543,12
5084,2,16,75,9,-7.332326563651874,7
5085,103,10,11,7,-7.33896872976819,3
5086,104,41,40,26,-7.342291894534161,15
5087,8,25,73,15,-7.3587900254771785,10
5088,23,13,49,8,-7.360298065336568,5
5089,114,10,77,6,-7.365477220397804,4
5090,33,16,25,11,-7.36592627296452,5
5091,80,14,31,10,-7.367135464628977,4
5092,74,15,34,10,-7.367415754617588,5
5093,54,35,13,22,-7.373225396669802,13
5094,71,10,73,6,-7.373234065194552,4
5095,17,36,86,20,-7.373387885533475,16
5096,16,50,75,30,-7.388425679021318,20
5097,51,13,72,7,-7.389012124503452,6
5098,5,10,1,6,-7.391988711274882,4
5099,49,14,76,9,-7.397729008977233,5
5100,19,11,64,8,-7.409166426273504,3
5101,41,34,36,18,-7.412500474371831,16
5102,91,19,8,12,-7.416456742894205,7
5103,109,44,54,28,-7.42149631612999,16
5104,43,11,34,7,-7.424240308041095,4
5105,19,13,9,8,-7.43351789794003,5
5106,43,17,64,10,-7.438967254563773,7
5107,84,28,8,18,-7.447150756775401,10
5108,75,30,46,18,-7.449361290092636,12
5109,97,53,86,32,-7.453774682156136,21
5110,110,21,37,12,-7.457046552670356,9
5111,68,22,47,14,-7.45770502894039,8
5112,53,12,45,7,-7.463487107897495,5
5113,81,10,28,6,-7.472696801730325,4
5114,31,37,64,23,-7.4738922265185375,14
5115,63,15,108,9,-7.475559971035059,6
5116,36,14,70,8,-7.476080415111231,6
5117,89,10,48,7,-7.47675761274391,3
5118,11,12,15,7,-7.479857576670452,5
5119,96,11,41,8,-7.480521636982391,3
5120,68,12,89,7,-7.483167732526589,5
5121,60,15,108,9,-7.490204395999501,6
5122,16,42,20,28,-7.490661859277882,14
5123,60,30,54,19,-7.494934117874264,11
5124,98,14,27,8,-7.497316272159128,6
5125,27,13,29,10,-7.502014081634204,3
5126,50,13,15,8,-7.509982415529958,5
5127,12,19,53,11,-7.511441486905761,8
5128,3,24,88,15,-7.5117017749719,9
5129,77,10,43,6,-7.517116063825232,4
5130,77,18,55,11,-7.520653437888105,7
5131,55,11,6,8,-7.526848268362213,3
5132,46,10,85,7,-7.538229298143678,3
5133,85,10,30,6,-7.544084321309105,4
5134,38,26,39,16,-7.546657823994114,10
5135,109,29,107,18,-7.567930415965965,11
5136,68,66,40,42,-7.570321994315703,24
5137,5,14,34,10,-7.5706698448560905,4
5138,77,12,46,7,-7.574271980014295,5
5139,114,31,28,18,-7.584853881328922,13
5140,36,10,72,6,-7.585561627806541,4
5141,88,18,58,11,-7.5880987725104365,7
5142,36,20,18,12,-7.59490287850123,8
5143,69,13,47,8,-7.615142827000194,5
5144,91,13,23,7,-7.630492751883035,6
5145,80,22,96,14,-7.6325568595370585,8
5146,5,29,97,19,-7.639418302115126,10
5147,60,11,70,7,-7.646435749026202,4
5148,31,13,33,7,-7.647223417443056,6
5149,96,24,37,14,-7.66584492569651,10
5150,38,29,37,18,-7.668156637885105,11
5151,76,15,13,9,-7.686884560878501,6
5152,11,32,5,20,-7.6874421575338765,12
5153,7,25,111,15,-7.6903234257719815,10
5154,11,11,64,8,-7.699861982788658,3
5155,64,13,46,8,-7.70178518963715,5
5156,51,42,100,23,-7.729814186692311,19
5157,1,15,15,10,-7.733065759700131,5
5158,84,11,44,6,-7.741464370739851,5
5159,12,14,28,9,-7.741725097225164,5
5160,54,13,73,8,-7.746921178252214,5
5161,64,32,16,21,-7.754231430905149,11
5162,25,49,37,29,-7.755599308877523,20
5163,73,11,53,7,-7.756297558195456,4
5164,18,22,50,13,-7.75840176806416,9
5165,84,20,30,13,-7.761740119351769,7
5166,81,15,41,10,-7.770221546669878,5
5167,29,11,11,6,-7.772596001756131,5
5168,114,14,92,10,-7.774797164908212,4
5169,76,41,86,25,-7.7817365862328245,16
5170,43,43,13,24,-7.7838953283676995,19
5171,111,10,47,6,-7.786638633209642,4
5172,57,14,19,9,-7.787045914345503,5
5173,48,15,50,10,-7.798532000224026,5
5174,110,12,114,8,-7.80031681097971,4
5175,49,21,75,13,-7.802050873504806,8
5176,46,46,25,27,-7.8204011950255445,19
5177,77,20,107,12,-7.8207207017880735,8
5178,98,17,8,11,-7.832264077196576,6
5179,2,11,7,7,-7.836909370766421,4
5180,109,19,53,12,-7.841205358929898,7
5181,39,30,15,20,-7.850357643973712,10
5182,91,26,106,17,-7.859341034872017,9
5183,35,12,44,7,-7.859665557157517,5
5184,90,25,114,15,-7.8701656835045455,10
5185,51,18,102,11,-7.870945415633868,7
5186,88,21,100,13,-7.871437244617913,8
5187,23,17,55,9,-7.8715706098888365,8
5188,81,24,60,15,-7.879588509675568,9
5189,31,11,78,6,-7.904414780494012,5
5190,38,13,71,9,-7.906029048659733,4
5191,82,10,88,6,-7.9125780836424955,4
5192,18,22,54,13,-7.917650548154778,9
5193,12,14,94,8,-7.919437845972352,6
5194,20,16,33,10,-7.9280624383644875,6
5195,64,12,77,6,-7.928282722369054,6
5196,34,10,18,7,-7.93407311360503,3
5197,65,41,30,26,-7.937351182752286,15
5198,87,17,73,12,-7.94220715025842,5
5199,61,19,53,13,-7.9431150632920575,6
5200,53,12,89,7,-7.949973026478008,5
5201,29,18,13,10,-7.95544012341084,8
5202,39,21,23,13,-7.9630880242589255,8
5203,68,12,80,8,-7.963368280059832,4
5204,5,25,65,15,-7.967561696591303,10
5205,107,22,12,15,-7.967915897333259,7
5206,28,19,69,11,-7.969459477746218,8
5207,4,12,12,8,-7.976222296376226,4
5208,84,28,5,17,-7.986435375626319,11
5209,70,16,13,10,-7.990308468406848,6
5210,6,22,44,15,-7.994067314889739,7
5211,96,19,102,12,-7.995631160966494,7
5212,88,38,27,22,-8.00416219447235,16
5213,98,31,91,19,-8.010154956050265,12
5214,25,12,48,7,-8.01244102921806,5
5215,9,11,35,6,-8.012816785902407,5
5216,52,12,63,7,-8.015196003418383,5
5217,3,29,16,19,-8.021456311959033,10
5218,50,41,75,27,-8.02466935745211,14
5219,107,26,58,17,-8.037629940895535,9
5220,108,13,48,9,-8.047800069948496,4
5221,84,36,20,25,-8.04861670328596,11
5222,87,19,108,12,-8.053056975616101,7
5223,91,15,51,10,-8.060157448942936,5
5224,46,13,53,8,-8.064750592390654,5
5225,97,16,110,10,-8.077466293642948,6
5226,5,61,8,37,-8.080732178020163,24
5227,46,15,109,9,-8.081904977493476,6
5228,10,15,7,9,-8.086365440359023,6
5229,108,12,76,8,-8.086994753980798,4
5230,50,30,60,17,-8.087484578525556,13
5231,46,42,37,28,-8.095895819595153,14
5232,46,16,30,10,-8.098498106037622,6
5233,63,19,100,11,-8.133393706542945,8
5234,107,10,26,6,-8.136960920766814,4
5235,112,20,100,12,-8.13706642749136,8
5236,112,10,4,6,-8.145974306589782,4
5237,9,38,16,25,-8.149237537668302,13
5238,112,16,18,11,-8.155957753880717,5
5239,61,12,107,7,-8.157075963099336,5
5240,69,32,16,20,-8.160441247046853,12
5241,71,28,50,17,-8.165371088482388,11
5242,30,18,50,11,-8.173377893689405,7
5243,60,35,104,25,-8.183651908443377,10
5244,89,11,63,8,-8.192927888945773,3
5245,39,25,74,15,-8.19553508787693,10
5246,93,24,87,15,-8.201353690040278,9
5247,40,14,112,8,-8.221202026655053,6
5248,72,16,85,11,-8.221502081191195,5
5249,102,16,76,10,-8.226520459864046,6
5250,106,21,69,13,-8.230262561693124,8
5251,79,10,112,6,-8.23380656767564,4
5252,2,10,94,6,-8.235738884159375,4
5253,38,12,2,7,-8.244738843628978,5
5254,46,42,16,27,-8.265204078980108,15
5255,14,12,37,7,-8.266467835075433,5
5256,55,34,50,20,-8.268886532039618,14
5257,76,12,75,7,-8.269580351796622,5
5258,103,19,86,12,-8.275383973570776,7
5259,91,18,41,12,-8.276671952774393,6
5260,63,66,16,41,-8.283483649795642,25
5261,106,31,90,21,-8.28384546124837,10
5262,30,29,53,18,-8.306098230837584,11
5263,9,15,25,10,-8.323455878342047,5
5264,51,39,76,26,-8.339242903099509,13
5265,112,20,39,12,-8.345179878987272,8
5266,31,32,41,20,-8.353957395244585,12
5267,65,23,38,13,-8.354229779220868,10
5268,5,22,7,14,-8.357081514884824,8
5269,29,11,64,8,-8.360354117139725,3
5270,25,45,7,29,-8.372806618348289,16
5271,53,14,78,8,-8.38512950211127,6
5272,104,10,67,6,-8.393331116483225,4
5273,104,18,9,11,-8.393887747252997,7
5274,79,11,80,6,-8.394402338657228,5
5275,67,14,109,7,-8.41022889195963,7
5276,19,11,27,8,-8.413838154117098,3
5277,90,19,73,12,-8.424101991862472,7
5278,114,20,55,13,-8.432483182241098,7
5279,70,24,96,13,-8.437417991026262,11
5280,86,40,41,26,-8.438958336325594,14
5281,114,32,8,21,-8.446067232393617,11
5282,96,14,95,9,-8.450373982592183,5
5283,53,13,15,8,-8.451445563178742,5
5284,77,14,74,9,-8.485489523270209,5
5285,87,17,1,10,-8.486946792849304,7
5286,1,16,75,11,-8.487454866261048,5
5287,40,37,87,22,-8.490974125613961,15
5288,40,28,64,18,-8.49607162432113,10
5289,45,10,91,6,-8.504304930616431,4
5290,88,23,62,14,-8.51262512712999,9
5291,48,28,86,18,-8.527783865058888,10
5292,39,12,34,7,-8.530792842427957,5
5293,106,13,12,9,-8.530975907772833,4
5294,62,13,114,8,-8.549556180002718,5
5295,36,11,78,7,-8.552435160203329,4
5296,7,19,78,11,-8.565348954184037,8
5297,3,13,41,10,-8.570007818582788,3
5298,55,23,95,15,-8.57500650986488,8
5299,16,20,81,13,-8.585952206420341,7
5300,38,10,11,6,-8.595630039069132,4
5301,16,19,110,12,-8.596145036216205,7
5302,50,22,90,14,-8.598522697493998,8
5303,33,21,51,15,-8.606152418737853,6
5304,57,15,69,10,-8.610432071680039,5
5305,53,19,27,13,-8.613512457869614,6
5306,63,51,51,30,-8.615807425389162,21
5307,18,29,68,18,-8.623169944927229,11
5308,69,32,13,20,-8.635152076913183,12
5309,97,19,41,12,-8.638943706099203,7
5310,98,10,85,7,-8.673802483900154,3
5311,31,31,9,20,-8.678153869820548,11
5312,60,15,76,11,-8.678706996102923,4
5313,76,26,16,14,-8.69211071455001,12
5314,39,14,110,10,-8.694421097429624,4
5315,2,10,30,6,-8.704387763563812,4
5316,20,35,63,21,-8.70524806527441,14
5317,94,13,100,9,-8.706256221291522,4
5318,102,15,63,9,-8.71016569998991,6
5319,86,15,45,9,-8.710518828201982,6
5320,69,13,81,8,-8.721044769504893,5
5321,45,10,58,6,-8.721721801464438,4
5322,57,26,8,17,-8.727187925997562,9
5323,17,22,4,15,-8.72773506800961,7
5324,11,23,104,15,-8.742484307216113,8
5325,106,14,38,7,-8.74501943352997,7
5326,13,27,108,18,-8.751351034715967,9
5327,88,36,39,23,-8.756638990991735,13
5328,18,23,106,15,-8.778191080978738,8
5329,77,12,109,7,-8.789144881364967,5
5330,20,36,39,21,-8.800920294125156,15
5331,42,10,106,7,-8.802546839644418,3
5332,47,18,36,12,-8.810892372607713,6
5333,36,19,63,12,-8.822881427312195,7
5334,29,10,76,5,-8.823565774838297,5
5335,3,33,13,23,-8.836926958786906,10
5336,87,15,32,10,-8.84415502943487,5
5337,12,16,23,10,-8.872217683410863,6
5338,53,11,49,7,-8.876928289416243,4
5339,17,12,38,7,-8.88566473615372,5
5340,13,20,44,13,-8.886721786197054,7
5341,97,12,69,8,-8.888377862411463,4
5342,49,12,12,9,-8.896131245879717,3
5343,109,20,7,13,-8.908032141063202,7
5344,107,15,89,10,-8.908975430626485,5
5345,25,19,110,13,-8.917701672558223,6
5346,91,10,11,7,-8.923724837318142,3
5347,31,12,73,8,-8.93891957013575,4
5348,49,11,100,6,-8.94783461865437,5
5349,48,34,63,22,-8.958044896706864,12
5350,32,11,28,7,-8.963821007682874,4
5351,84,16,43,10,-8.968948746982852,6
5352,114,20,47,12,-8.969382880850324,8
5353,36,18,97,11,-8.970668153566264,7
5354,94,12,76,8,-8.974054547945041,4
5355,52,15,28,9,-8.975367013246691,6
5356,43,19,100,11,-8.981606565772069,8
5357,36,15,5,9,-9.008614310253614,6
5358,70,16,30,9,-9.016092338129875,7
5359,100,18,75,10,-9.024866169547831,8
5360,43,17,54,10,-9.026858404506275,7
5361,9,13,11,8,-9.034750029595235,5
5362,45,16,35,9,-9.0400315918615,7
5363,87,12,10,8,-9.060984306619424,4
5364,12,23,60,12,-9.065174336927509,11
5365,75,34,28,22,-9.068390514566694,12
5366,86,29,44,19,-9.073857704921481,10
5367,8,34,95,21,-9.07920947405897,13
5368,31,15,109,10,-9.113887572404183,5
5369,17,11,92,7,-9.114563540800457,4
5370,20,22,91,13,-9.11515023214943,9
5371,68,21,69,13,-9.139651413697882,8
5372,47,16,9,10,-9.146152811782592,6
5373,5,43,50,26,-9.156049369840705,17
5374,108,22,53,13,-9.163083344546394,9
5375,40,15,92,10,-9.168940871834318,5
5376,102,15,40,9,-9.171373555966687,6
5377,49,15,41,9,-9.171912615870816,6
5378,91,13,15,7,-9.175439096539634,6
5379,65,34,27,22,-9.198645622918542,12
5380,40,17,73,11,-9.199997222971483,6
5381,40,12,2,8,-9.204153353273353,4
5382,4,15,27,9,-9.21491506769711,6
5383,6,19,13,12,-9.21551599242718,7
5384,81,11,64,7,-9.217681779438383,4
5385,69,16,70,11,-9.227346228401576,5
5386,104,29,41,17,-9.232545203988778,12
5387,93,13,75,8,-9.279825087560207,5
5388,57,17,65,11,-9.283766581789791,6
5389,77,19,63,13,-9.291814452323939,6
5390,18,17,100,10,-9.29762264727719,7
5391,67,15,86,9,-9.306541844943451,6
5392,27,17,37,11,-9.314988662643295,6
5393,9,26,64,18,-9.315011792125834,8
5394,87,18,15,11,-9.315321569312852,7
5395,70,17,50,10,-9.316243790355681,7
5396,87,47,68,30,-9.326644896683147,17
5397,51,15,111,10,-9.328246716797015,5
5398,2,29,28,19,-9.34282167881126,10
5399,50,12,23,9,-9.354699302165743,3
5400,33,14,87,9,-9.358610632806945,5
5401,94,25,13,16,-9.3693466348321,9
5402,84,21,104,13,-9.37162724208143,8
5403,39,17,76,12,-9.374915521858478,5
5404,77,16,41,11,-9.374945974938667,5
5405,107,33,80,22,-9.376730084103613,11
5406,36,11,109,8,-9.390936468630553,3
5407,51,13,48,7,-9.391737592298234,6
5408,109,25,63,15,-9.392892060380623,10
5409,72,21,86,14,-9.39293739189508,7
5410,107,22,45,14,-9.39975575090587,8
5411,39,15,108,9,-9.406857006968854,6
5412,16,19,78,12,-9.413276656443085,7
5413,92,14,64,7,-9.432471863302016,7
5414,63,11,32,7,-9.44232166344675,4
5415,94,10,17,6,-9.449116979238092,4
5416,57,23,70,13,-9.457851757619363,10
5417,17,12,102,8,-9.460667678985605,4
5418,96,47,16,33,-9.462953828826512,14
5419,51,23,97,16,-9.463450569827408,7
5420,68,58,75,39,-9.486513066984086,19
5421,58,10,70,7,-9.487562225897111,3
5422,60,13,102,8,-9.490462801517765,5
5423,7,29,37,18,-9.500511382222342,11
5424,99,22,37,15,-9.502759058160713,7
5425,13,21,90,14,-9.506733485788098,7
5426,2,13,114,8,-9.50915856241785,5
5427,80,14,90,10,-9.509239360264804,4
5428,36,17,8,11,-9.51236026695053,6
5429,69,14,104,10,-9.512677665660087,4
5430,107,37,57,23,-9.515541127652217,14
5431,9,27,18,18,-9.520249042639605,9
5432,25,32,20,21,-9.520523686179052,11
5433,112,16,87,10,-9.523536917370143,6
5434,31,22,1,13,-9.525804060927038,9
5435,1,12,78,8,-9.531466280674072,4
5436,108,13,106,9,-9.535201707134298,4
5437,19,23,7,16,-9.559895766747154,7
5438,97,24,13,15,-9.567486234498414,9
5439,29,27,65,16,-9.56923908518238,11
5440,60,44,64,30,-9.569439655645416,14
5441,60,18,100,12,-9.573778234111991,6
5442,7,20,73,12,-9.582485903794177,8
5443,88,31,15,22,-9.58291430022994,9
5444,109,25,11,17,-9.585833860536326,8
5445,39,14,80,9,-9.589468521855673,5
5446,53,13,8,9,-9.596286006275326,4
5447,84,18,83,11,-9.60947373437216,7
5448,8,14,99,8,-9.611065592860308,6
5449,9,16,76,11,-9.62150457184245,5
5450,109,17,70,11,-9.623350653501726,6
5451,109,22,74,15,-9.62539761750223,7
5452,53,23,41,15,-9.631953807885303,8
5453,114,10,78,6,-9.632244308821944,4
5454,104,10,93,6,-9.63796658188527,4
5455,8,36,109,22,-9.641625939928554,14
5456,79,23,48,15,-9.646370149116429,8
5457,114,10,22,5,-9.649313306364819,5
5458,17,15,41,10,-9.654478177971626,5
5459,33,12,68,8,-9.656188717278724,4
5460,63,16,111,10,-9.656549842780757,6
5461,71,12,100,8,-9.66068752031631,4
5462,38,12,53,8,-9.664145468055217,4
5463,3,18,53,12,-9.694466592939396,6
5464,11,18,75,11,-9.710887852205726,7
5465,13,13,85,9,-9.717007051558657,4
5466,31,19,43,9,-9.720852773553686,10
5467,32,16,16,10,-9.721720922013692,6
5468,16,13,89,8,-9.733195931265595,5
5469,70,11,100,7,-9.741790049682667,4
5470,9,18,17,11,-9.748042408416225,7
5471,29,23,60,14,-9.749299847855863,9
5472,52,12,30,8,-9.763146241314214,4
5473,83,24,37,15,-9.783726366978415,9
5474,3,25,40,17,-9.78695575723125,8
5475,71,11,11,7,-9.793856230234496,4
5476,61,11,63,8,-9.795863144147216,3
5477,93,10,62,6,-9.798162399200404,4
5478,9,35,87,21,-9.798770018552647,14
5479,37,17,64,11,-9.810222324765896,6
5480,17,24,40,16,-9.815776001763277,8
5481,75,25,104,16,-9.822163907084752,9
5482,57,13,54,10,-9.824315369895016,3
5483,10,12,16,8,-9.837247209773246,4
5484,98,10,53,6,-9.839111782848335,4
5485,63,16,30,10,-9.842696842263113,6
5486,18,12,76,8,-9.8476224935035,4
5487,71,15,17,9,-9.874078720771612,6
5488,54,17,2,12,-9.883928701627932,5
5489,39,39,18,26,-9.885046818102037,13
5490,38,11,100,8,-9.893822683440993,3
5491,15,23,8,14,-9.91327541461084,9
5492,2,10,95,7,-9.9203126299905,3
5493,81,20,87,11,-9.925217893508718,9
5494,88,45,63,31,-9.955054334971098,14
5495,84,48,63,30,-9.967741289394295,18
5496,88,18,73,12,-9.974203425238962,6
5497,109,14,93,9,-9.987067099161266,5
5498,65,25,95,16,-9.987438820754939,9
5499,18,14,11,9,-10.031989827572827,5
5500,107,13,110,9,-10.034721322746934,4
5501,43,29,39,18,-10.035622734323455,11
5502,38,10,44,7,-10.048373138060267,3
5503,51,19,80,12,-10.049293803677344,7
5504,76,31,63,21,-10.049351171103782,10
5505,83,23,13,15,-10.067954696106943,8
5506,49,16,40,10,-10.077718304922938,6
5507,106,12,79,8,-10.079963228120917,4
5508,17,17,23,11,-10.090670558592322,6
5509,74,11,89,7,-10.093150392265773,4
5510,8,24,18,17,-10.10300859124231,7
5511,36,36,53,25,-10.11473282468799,11
5512,17,21,53,14,-10.117687697568844,7
5513,102,20,50,12,-10.118106239071224,8
5514,35,10,8,7,-10.118762046100299,3
5515,60,18,17,12,-10.12863063958789,6
5516,109,10,92,7,-10.132066653367776,3
5517,31,37,53,23,-10.136338371296794,14
5518,23,11,96,7,-10.143008283174424,4
5519,68,16,92,11,-10.14730683848729,5
5520,86,29,43,20,-10.173097117221216,9
5521,9,12,6,7,-10.175309866966634,5
5522,104,13,89,8,-10.178686881843591,5
5523,57,13,76,9,-10.181023937949496,4
5524,37,41,97,27,-10.190687502541847,14
5525,33,13,71,9,-10.195530501937561,4
5526,2,15,98,9,-10.198603389321665,6
5527,96,24,48,16,-10.200121519345737,8
5528,106,63,16,43,-10.201810935158226,20
5529,57,16,114,11,-10.202940786046577,5
5530,39,24,91,16,-10.206322081312436,8
5531,37,36,11,24,-10.207174749413833,12
5532,28,14,10,10,-10.2079261309438,4
5533,68,24,25,16,-10.21179043309895,8
5534,31,17,30,10,-10.214096274935343,7
5535,91,35,63,24,-10.225389928816243,11
5536,68,27,28,19,-10.22954876840922,8
5537,18,44,16,30,-10.2395488957726,14
5538,106,16,67,10,-10.252161434234205,6
5539,99,12,77,9,-10.252199704478636,3
5540,50,15,85,10,-10.26203922127155,5
5541,54,12,38,8,-10.280232127604942,4
5542,29,11,49,7,-10.30099349448638,4
5543,31,29,107,16,-10.30345756995746,13
5544,81,14,7,8,-10.321582987727558,6
5545,1,13,37,8,-10.34216426905315,5
5546,1,26,16,19,-10.34569928715388,7
5547,7,10,94,7,-10.355621654064775,3
5548,93,38,65,23,-10.357494219723511,15
5549,12,12,9,8,-10.366855545040101,4
5550,93,16,106,10,-10.37915501513517,6
5551,57,13,75,9,-10.387723743034117,4
5552,84,32,11,21,-10.41415191453259,11
5553,7,11,110,6,-10.42257657923173,5
5554,114,19,95,12,-10.422604339796184,7
5555,39,16,44,10,-10.434810009571377,6
5556,112,25,64,18,-10.44734880369225,7
5557,31,10,6,6,-10.459894630543896,4
5558,77,12,23,8,-10.47207373365885,4
5559,8,35,75,24,-10.477015226263449,11
5560,102,14,75,10,-10.47886729381523,4
5561,12,12,114,7,-10.504954578013217,5
5562,37,14,89,8,-10.519274673853,6
5563,36,27,27,17,-10.523349599331356,10
5564,97,19,71,13,-10.523533962196899,6
5565,77,15,27,10,-10.5389444918992,5
5566,56,16,86,11,-10.543126647721751,5
5567,60,30,27,21,-10.546088726491146,9
5568,40,17,28,10,-10.551622113062638,7
5569,54,19,71,12,-10.56377327137223,7
5570,9,15,95,9,-10.569002592922953,6
5571,28,10,26,7,-10.592168464369761,3
5572,91,31,7,22,-10.60910028610159,9
5573,101,12,16,8,-10.62271769748288,4
5574,71,18,98,12,-10.627953776602759,6
5575,64,20,30,13,-10.642272986004782,7
5576,98,25,5,16,-10.662918685540621,9
5577,107,32,48,21,-10.69484594829312,11
5578,74,25,51,18,-10.704030149650722,7
5579,68,30,76,23,-10.707343505959708,7
5580,36,13,43,8,-10.713552025008546,5
5581,111,11,54,8,-10.714143810197228,3
5582,18,45,13,29,-10.738363532449277,16
5583,31,27,27,16,-10.758919665279386,11
5584,72,11,63,8,-10.764095493593645,3
5585,7,11,59,8,-10.771239818059199,3
5586,91,25,55,18,-10.791612827626562,7
5587,77,27,104,18,-10.795670361212089,9
5588,29,10,100,6,-10.811451389513945,4
5589,81,17,106,10,-10.816681182916206,7
5590,87,25,48,17,-10.854586359540512,8
5591,54,46,37,31,-10.87009397469276,15
5592,77,16,71,11,-10.872072685026803,5
5593,41,21,111,13,-10.875724405637953,8
5594,69,20,63,14,-10.901230458210243,6
5595,35,10,102,6,-10.90320798703147,4
5596,5,17,73,11,-10.90738305979487,6
5597,29,16,98,11,-10.909698341629545,5
5598,64,14,27,10,-10.925557497140751,4
5599,13,10,89,6,-10.939542022741616,4
5600,88,37,50,24,-10.986958086725291,13
5601,110,20,51,14,-11.000148170458745,6
5602,107,13,56,8,-11.000292497508868,5
5603,109,11,3,7,-11.003830469772147,4
5604,71,13,15,9,-11.00914391321026,4
5605,68,10,98,7,-11.014423279510455,3
5606,92,14,41,9,-11.016394202336143,5
5607,88,41,53,28,-11.023031682203495,13
5608,114,12,32,8,-11.045874107216177,4
5609,11,11,99,7,-11.04788337752713,4
5610,109,13,30,9,-11.049589386483902,4
5611,88,74,13,50,-11.06546945163849,24
5612,54,17,19,10,-11.0775323137636,7
5613,19,17,29,12,-11.087554659211106,5
5614,57,11,62,8,-11.089901365863179,3
5615,29,13,75,8,-11.096282078020437,5
5616,80,13,78,9,-11.09791576617006,4
5617,32,13,74,9,-11.101664191982367,4
5618,19,10,40,7,-11.104417905023016,3
5619,70,15,46,10,-11.123543654837002,5
5620,38,16,75,12,-11.14383618558865,4
5621,85,13,55,9,-11.149931721802188,4
5622,4,16,43,10,-11.162760468553993,6
5623,61,12,6,8,-11.200388242698184,4
5624,65,45,114,29,-11.20792553692763,16
5625,1,11,89,7,-11.20901106938993,4
5626,46,12,100,8,-11.210309669403358,4
5627,3,15,25,10,-11.21463496022273,5
5628,106,18,98,12,-11.217270403208776,6
5629,51,13,73,9,-11.219804453521853,4
5630,96,20,46,12,-11.223825219116964,8
5631,112,12,38,9,-11.23040362290014,3
5632,109,17,75,12,-11.242273446455997,5
5633,51,28,95,20,-11.244919045567018,8
5634,81,13,40,9,-11.249205674756395,4
5635,83,16,107,11,-11.24958512039028,5
5636,70,29,87,18,-11.250414739740132,11
5637,48,12,90,8,-11.252381363492235,4
5638,103,10,28,7,-11.258889995972657,3
5639,7,52,75,35,-11.2746633859962,17
5640,55,14,2,9,-11.276816159574057,5
5641,5,10,80,7,-11.295210617596885,3
5642,96,25,7,18,-11.300422106484014,7
5643,20,38,50,26,-11.316816486601454,12
5644,87,25,100,15,-11.317017543012364,10
5645,20,12,64,9,-11.331308462604776,3
5646,52,20,86,14,-11.336528303857312,6
5647,71,21,104,13,-11.370166649530528,8
5648,10,14,107,9,-11.38119632500004,5
5649,38,11,4,8,-11.395009854616482,3
5650,35,23,76,15,-11.39691854534874,8
5651,95,10,29,7,-11.401888238693147,3
5652,69,28,60,17,-11.415693819512107,11
5653,106,39,114,26,-11.417874917507989,13
5654,81,14,47,10,-11.445134927289029,4
5655,54,25,100,17,-11.46348082665664,8
5656,63,19,57,12,-11.499632269547762,7
5657,94,10,63,7,-11.526010775087407,3
5658,30,10,80,7,-11.535434430621326,3
5659,76,15,74,9,-11.544600382799558,6
5660,71,10,111,7,-11.563837134119527,3
5661,104,16,36,10,-11.564722196156035,6
5662,11,10,108,7,-11.565275419390531,3
5663,69,14,78,9,-11.56571628477884,5
5664,50,15,33,10,-11.568332857311571,5
5665,39,15,90,10,-11.577976501423594,5
5666,18,21,15,15,-11.590119158022436,6
5667,94,11,30,7,-11.643229108233818,4
5668,86,33,102,23,-11.659667182565103,10
5669,39,33,30,22,-11.664507953068155,11
5670,48,11,98,8,-11.678045251552971,3
5671,28,23,34,16,-11.682170467841411,7
5672,96,13,91,9,-11.692854193124042,4
5673,67,11,16,8,-11.761532223804268,3
5674,1,37,55,26,-11.769033555767942,11
5675,109,18,17,12,-11.781743441013703,6
5676,65,12,91,8,-11.784658313781671,4
5677,54,10,44,7,-11.791894285038754,3
5678,40,21,8,15,-11.791921402372775,6
5679,91,10,53,7,-11.811611902058761,3
5680,17,10,83,6,-11.812775268760374,4
5681,111,16,28,11,-11.820301223407922,5
5682,64,10,74,6,-11.828764368523549,4
5683,28,47,63,33,-11.828866423716303,14
5684,37,10,78,7,-11.831707242150298,3
5685,28,34,74,23,-11.834419909257845,11
5686,47,10,78,6,-11.843066191666676,4
5687,29,12,20,8,-11.85416559868577,4
5688,104,18,90,12,-11.89837391797068,6
5689,63,18,62,12,-11.898616241132698,6
5690,29,11,109,6,-11.905733206262543,5
5691,18,27,95,18,-11.951490678023534,9
5692,54,10,53,7,-11.951994898142779,3
5693,81,14,104,8,-11.956844186421009,6
5694,72,11,50,8,-11.966306538639385,3
5695,60,16,37,10,-11.9668638856867,6
5696,98,11,109,8,-11.980585816049416,3
5697,76,10,100,6,-12.005567208991717,4
5698,104,12,1,8,-12.020108292717424,4
5699,13,16,58,12,-12.037688148626765,4
5700,63,18,1,11,-12.054495717242014,7
5701,91,18,30,13,-12.061464887561756,5
5702,20,14,34,10,-12.080633416209027,4
5703,103,15,107,11,-12.089560399097952,4
5704,55,13,15,10,-12.1017027484743,3
5705,12,12,1,8,-12.121434397869619,4
5706,63,12,92,7,-12.136993324985582,5
5707,31,11,19,8,-12.140248760143196,3
5708,69,16,49,10,-12.141331671554795,6
5709,70,22,2,14,-12.153236389251056,8
5710,51,24,77,15,-12.16149932915176,9
5711,99,21,107,14,-12.174640608684573,7
5712,39,17,109,13,-12.189314131019263,4
5713,76,18,7,11,-12.196617315781682,7
5714,106,11,78,8,-12.21024325274275,3
5715,9,14,43,9,-12.224469441855376,5
5716,43,19,75,14,-12.224767647713705,5
5717,60,22,74,14,-12.230302476711504,8
5718,54,27,48,18,-12.230401373927076,9
5719,84,11,71,8,-12.255989147154674,3
5720,39,10,32,7,-12.25900875776762,3
5721,85,16,39,10,-12.259649528892558,6
5722,112,12,58,8,-12.27450382990949,4
5723,96,29,98,20,-12.301665445316491,9
5724,60,24,47,17,-12.306617941323186,7
5725,84,13,100,10,-12.30872287721405,3
5726,20,10,78,7,-12.337947782230119,3
5727,104,13,34,9,-12.352990002767115,4
5728,97,12,67,9,-12.35346782744064,3
5729,46,39,104,26,-12.353574327141937,13
5730,87,17,79,13,-12.368409888374778,4
5731,50,17,36,10,-12.423703215189779,7
5732,49,10,80,6,-12.509141995238949,4
5733,103,12,55,9,-12.517980336309982,3
5734,5,27,75,17,-12.535083552437035,10
5735,58,14,54,9,-12.535089602873326,5
5736,87,27,98,19,-12.540784384215351,8
5737,5,27,57,19,-12.572003913811173,8
5738,39,15,58,11,-12.586107695941518,4
5739,5,14,48,10,-12.657719903594751,4
5740,68,14,29,10,-12.697690451926615,4
5741,88,16,111,12,-12.710530076381987,4
5742,106,24,46,15,-12.725492516069489,9
5743,106,14,33,10,-12.736963404825662,4
5744,36,10,95,7,-12.746346244298937,3
5745,3,10,100,7,-12.750403478929709,3
5746,81,12,54,8,-12.757047966098474,4
5747,27,20,104,15,-12.796343894614779,5
5748,14,19,16,13,-12.801433996471316,6
5749,104,20,49,14,-12.812277987885736,6
5750,19,11,63,8,-12.824791428015692,3
5751,109,19,27,12,-12.854514856980064,7
5752,45,14,23,10,-12.875487654765546,4
5753,65,21,2,16,-12.8900275785182,5
5754,75,12,98,8,-12.900340980932176,4
5755,19,10,18,7,-12.906348402552078,3
5756,8,16,78,11,-12.921729498024693,5
5757,9,20,20,14,-12.92396478016519,6
5758,84,13,41,9,-12.931428566792913,4
5759,51,14,34,10,-12.934608487352978,4
5760,60,29,91,19,-12.952631394075716,10
5761,102,21,107,14,-12.974367748289918,7
5762,91,15,43,11,-13.046946068237398,4
5763,112,21,28,15,-13.06776325687043,6
5764,108,11,84,8,-13.07106461175519,3
5765,88,12,98,9,-13.094822370834628,3
5766,102,13,100,10,-13.116016377909167,3
5767,70,10,83,6,-13.118339150755117,4
5768,77,15,53,10,-13.125923769197522,5
5769,69,20,58,13,-13.14325253700584,7
5770,37,28,95,21,-13.149042342745602,7
5771,88,17,102,13,-13.153141792955822,4
5772,35,12,97,9,-13.15953893586328,3
5773,70,22,11,16,-13.174919150937757,6
5774,51,13,94,9,-13.20979687229361,4
5775,54,18,36,12,-13.217744798273172,6
5776,41,16,8,12,-13.244566662838952,4
5777,88,36,95,25,-13.24512473637818,11
5778,107,42,30,29,-13.248115739136699,13
5779,8,20,34,14,-13.249778250312284,6
5780,96,39,11,27,-13.252582377716239,12
5781,11,23,95,17,-13.263288005084238,6
5782,5,31,102,21,-13.269431869962297,10
5783,99,12,7,8,-13.274517260788413,4
5784,106,19,64,13,-13.295192075566398,6
5785,46,17,50,11,-13.310329365776978,6
5786,18,16,47,12,-13.317575135316673,4
5787,46,12,18,9,-13.322032493347338,3
5788,114,28,87,18,-13.32969544089937,10
5789,72,17,28,12,-13.339188061408777,5
5790,57,12,100,8,-13.34862959290863,4
5791,83,18,16,13,-13.35123547721314,5
5792,51,29,78,18,-13.359227652506746,11
5793,32,11,55,7,-13.36363963009391,4
5794,35,12,104,8,-13.369677424437175,4
5795,112,11,91,8,-13.423237527272477,3
5796,53,15,75,10,-13.423496737137004,5
5797,32,12,25,7,-13.427877456338663,5
5798,35,15,36,11,-13.440272285829963,4
5799,55,17,102,12,-13.448934349992442,5
5800,90,10,93,7,-13.452391800759145,3
5801,86,24,26,18,-13.454427406615018,6
5802,87,13,34,9,-13.467117948828717,4
5803,66,11,7,7,-13.514093541012448,4
5804,38,15,104,10,-13.530669032796668,5
5805,103,11,74,8,-13.53565105452587,3
5806,104,18,64,13,-13.541290561517043,5
5807,74,10,15,7,-13.56932630742914,3
5808,3,10,38,7,-13.612373842695774,3
5809,68,13,34,9,-13.651475173869176,4
5810,46,12,93,9,-13.65474091099076,3
5811,86,16,92,11,-13.67676060817369,5
5812,44,14,104,10,-13.703910249073422,4
5813,3,22,63,17,-13.713969327820672,5
5814,31,25,63,18,-13.714594813504094,7
5815,33,14,63,10,-13.733555706081619,4
5816,69,18,30,12,-13.733696768023911,6
5817,79,11,13,8,-13.782362267237671,3
5818,53,17,43,13,-13.791105639936724,4
5819,112,11,97,9,-13.794615799527321,2
5820,76,12,15,8,-13.798152225410016,4
5821,31,74,13,51,-13.800549608099518,23
5822,31,17,98,11,-13.805084918983175,6
5823,83,13,11,10,-13.863860744018641,3
5824,50,19,53,13,-13.883151416746287,6
5825,48,11,60,8,-13.885009960764792,3
5826,9,21,15,13,-13.885985712809912,8
5827,76,17,54,12,-13.892444764564262,5
5828,112,22,60,16,-13.909226533638934,6
5829,40,10,100,7,-13.927928921941099,3
5830,112,11,37,8,-13.937736127059297,3
5831,69,19,75,14,-13.94230448490658,5
5832,109,11,91,8,-13.94618860472034,3
5833,71,24,40,17,-13.948125771645659,7
5834,75,12,111,8,-13.972281809419961,4
5835,94,29,16,21,-13.982346873985339,8
5836,91,11,69,7,-13.993001551531528,4
5837,78,13,17,9,-14.004806467939442,4
5838,77,29,40,21,-14.048771071022598,8
5839,48,10,76,8,-14.143650248846223,2
5840,61,10,30,7,-14.166437622294248,3
5841,63,10,15,7,-14.178625851059422,3
5842,80,11,41,8,-14.186716292232557,3
5843,3,15,20,11,-14.188922367828342,4
5844,66,11,63,8,-14.209916362631542,3
5845,77,15,30,11,-14.240898393688356,4
5846,37,12,34,9,-14.300571264435137,3
5847,102,11,46,8,-14.307494713152051,3
5848,50,18,80,14,-14.309192739594003,4
5849,112,15,47,10,-14.309777431810543,5
5850,57,12,31,8,-14.310689026630849,4
5851,112,10,108,7,-14.316449946299121,3
5852,63,37,80,27,-14.322048676220186,10
5853,77,27,7,19,-14.33556677589385,8
5854,83,10,40,8,-14.347262135245904,2
5855,90,16,20,11,-14.40477443227545,5
5856,70,26,108,19,-14.427393649276276,7
5857,14,11,80,7,-14.435345395194508,4
5858,5,12,44,9,-14.447481002517355,3
5859,2,10,73,7,-14.457830254043136,3
5860,25,12,34,9,-14.468789684868275,3
5861,51,18,45,13,-14.493324057948728,5
5862,27,10,111,8,-14.504025956772896,2
5863,2,12,13,8,-14.516038794033763,4
5864,37,12,73,8,-14.533349572792924,4
5865,9,11,108,7,-14.533752266696007,4
5866,62,19,74,14,-14.57027413820892,5
5867,99,12,50,8,-14.581629542155014,4
5868,97,11,14,9,-14.634263785488013,2
5869,35,10,3,7,-14.67345115895829,3
5870,18,13,69,9,-14.695896617157176,4
5871,94,10,9,6,-14.704426445452432,4
5872,83,19,114,14,-14.71253096490687,5
5873,31,10,100,7,-14.730848989291465,3
5874,102,11,90,6,-14.739148726840858,5
5875,106,14,32,11,-14.741977351969277,3
5876,109,26,114,20,-14.744077219906973,6
5877,2,10,57,7,-14.75670329182861,3
5878,27,10,108,7,-14.77653090302386,3
5879,54,36,75,25,-14.80658448659353,11
5880,81,24,51,16,-14.806900687075021,8
5881,28,12,110,8,-14.8602682733133,4
5882,108,10,8,8,-14.88327570809189,2
5883,112,10,55,8,-14.907032679929216,2
5884,17,21,95,16,-14.970865650802967,5
5885,51,22,15,15,-14.985848411853578,7
5886,57,11,38,7,-15.001479354971174,4
5887,75,10,45,8,-15.003649946946844,2
5888,99,18,25,13,-15.014737107768294,5
5889,94,17,81,11,-15.053941840602283,6
5890,69,10,111,7,-15.0816233253005,3
5891,70,11,34,8,-15.101320383881482,3
5892,71,17,41,13,-15.162388636591329,4
5893,11,13,100,9,-15.179784599525844,4
5894,43,13,30,10,-15.232406371172784,3
5895,68,15,61,11,-15.24709195978541,4
5896,84,16,27,11,-15.25927559885531,5
5897,37,13,18,10,-15.368965567811568,3
5898,46,12,98,8,-15.381140721878973,4
5899,25,14,49,10,-15.43786379260084,4
5900,107,25,73,17,-15.460672720698524,8
5901,84,22,112,16,-15.486639525748986,6
5902,31,15,69,10,-15.502962092044207,5
5903,2,18,104,12,-15.50344370749933,6
5904,106,10,89,6,-15.508251121091035,4
5905,10,11,37,7,-15.516949569025604,4
5906,14,11,25,9,-15.536643242754739,2
5907,31,12,104,8,-15.561592201078605,4
5908,5,20,23,15,-15.563915929412014,5
5909,45,14,4,10,-15.600891470448104,4
5910,85,11,106,8,-15.605731963514037,3
5911,97,13,90,9,-15.62188808576594,4
5912,38,10,87,7,-15.648595936017907,3
5913,58,23,65,16,-15.653154983328356,7
5914,35,13,87,9,-15.683184050777022,4
5915,43,11,78,8,-15.699752571068752,3
5916,1,13,8,10,-15.702434313684371,3
5917,80,13,75,10,-15.71805205236554,3
5918,35,12,80,9,-15.72406211872363,3
5919,77,14,37,10,-15.73169378416834,4
5920,96,16,93,12,-15.73319462766121,4
5921,57,20,7,13,-15.746440629237659,7
5922,35,10,75,8,-15.755761764469415,2
5923,37,10,15,8,-15.78269510258246,2
5924,12,12,75,8,-15.785867542761379,4
5925,77,17,8,13,-15.792942369486319,4
5926,31,45,16,33,-15.837412153743443,12
5927,2,10,60,7,-15.84205677205398,3
5928,39,18,99,14,-15.84878961626863,4
5929,12,15,41,11,-15.852631956602023,4
5930,91,11,76,9,-15.872477419459234,2
5931,3,25,84,17,-15.87688434126543,8
5932,13,26,30,18,-15.88389201939532,8
5933,9,30,53,22,-15.894615033798411,8
5934,70,13,80,11,-15.90133341789594,2
5935,63,13,14,9,-15.961958621197994,4
5936,27,10,81,7,-15.962240733349198,3
5937,5,18,41,12,-16.050377082501456,6
5938,112,15,71,11,-16.11687592102847,4
5939,83,12,23,9,-16.123810814063006,3
5940,102,10,43,7,-16.154622115934174,3
5941,78,10,100,8,-16.210411464087542,2
5942,79,10,76,8,-16.246721403642802,2
5943,69,21,53,15,-16.247322250303586,6
5944,7,16,61,11,-16.426968020447948,5
5945,25,25,11,20,-16.429746187224737,5
5946,109,14,15,11,-16.447207404622475,3
5947,55,15,14,12,-16.464885141480416,3
5948,88,17,80,12,-16.477538046034613,5
5949,36,10,101,8,-16.627946704419497,2
5950,41,12,30,8,-16.67014747818193,4
5951,71,15,95,10,-16.72675418994599,5
5952,29,21,88,16,-16.771071942053304,5
5953,76,10,1,7,-16.815372977495876,3
5954,30,14,95,10,-16.836817117204564,4
5955,97,14,38,11,-16.838290194315167,3
5956,112,12,49,9,-16.877379434776067,3
5957,57,10,79,7,-16.887992555348927,3
5958,10,12,13,9,-16.89276746041982,3
5959,112,19,20,15,-16.964936240764274,4
5960,31,10,38,6,-16.97274158238424,4
5961,50,16,77,13,-16.97319460562341,3
5962,46,11,43,8,-16.991693442801246,3
5963,65,31,100,25,-17.003977982643583,6
5964,70,11,48,8,-17.04295857723929,3
5965,79,13,104,9,-17.056081750892357,4
5966,1,14,18,11,-17.058153705270225,3
5967,13,17,80,12,-17.06375198393908,5
5968,20,12,60,9,-17.12579419517071,3
5969,78,11,27,10,-17.136317360073022,1
5970,57,11,94,8,-17.150341769192554,3
5971,9,28,41,21,-17.159883472781484,7
5972,9,14,48,11,-17.184569191785442,3
5973,5,22,27,16,-17.186967099907662,6
5974,35,12,63,9,-17.190706154289504,3
5975,106,10,35,7,-17.319051156851785,3
5976,39,10,45,7,-17.32115834390289,3
5977,19,11,55,8,-17.435802328445057,3
5978,18,14,23,10,-17.468338798211544,4
5979,68,11,103,8,-17.557849377469843,3
5980,68,30,112,23,-17.570355590525303,7
5981,11,13,30,10,-17.572520449971933,3
5982,83,11,110,9,-17.575104905290946,2
5983,77,18,16,14,-17.61931989103236,4
5984,3,11,5,7,-17.694163901939547,4
5985,55,12,44,9,-17.771847163193563,3
5986,5,18,30,15,-17.81053305502534,3
5987,8,10,69,8,-17.824588271872045,2
5988,88,17,32,13,-17.824594134673823,4
5989,114,11,111,8,-17.846918134233796,3
5990,43,16,55,14,-17.88766939591472,2
5991,17,11,103,9,-17.94587086063706,2
5992,68,21,95,18,-17.962668451083434,3
5993,33,18,55,14,-17.969879843551904,4
5994,112,22,78,17,-18.00765085252849,5
5995,28,28,90,22,-18.060877876686433,6
5996,103,10,109,7,-18.37872283171988,3
5997,18,10,5,8,-18.464269170029826,2
5998,18,10,49,8,-18.47715007090462,2
5999,33,14,65,11,-18.512762180418843,3
6000,31,15,106,11,-18.52908676481624,4
6001,102,11,30,8,-18.53374521303684,3
6002,43,11,45,8,-18.574891926068155,3
6003,57,13,34,10,-18.63083545853813,3
6004,68,15,50,11,-18.68712791744929,4
6005,28,17,99,13,-18.754584808369174,4
6006,77,10,100,8,-18.785807393142274,2
6007,47,11,55,8,-18.857554518412744,3
6008,11,10,2,8,-18.92308479788875,2
6009,4,13,98,11,-18.936498509144613,2
6010,106,10,92,8,-19.041690772468705,2
6011,2,10,100,7,-19.143504228869272,3
6012,79,10,17,8,-19.148955304516516,2
6013,54,16,4,14,-19.244087603842104,2
6014,18,14,99,11,-19.290873438644514,3
6015,36,19,30,17,-19.30529767168729,2
6016,58,19,86,15,-19.384187711945845,4
6017,51,10,101,8,-19.538804927619935,2
6018,32,12,95,10,-19.760326388824467,2
6019,94,11,85,9,-19.99391792955888,2
6020,84,11,7,9,-20.072751797902637,2
6021,28,11,43,8,-20.232603750970075,3
6022,10,15,51,12,-20.332726180509006,3
6023,57,11,29,9,-20.355488402960383,2
6024,5,10,64,8,-20.37578731830582,2
6025,35,11,48,9,-20.438098241934796,2
6026,9,23,27,18,-20.73849836766573,5
6027,68,11,90,9,-20.787956198015944,2
6028,79,10,30,8,-20.824119521738712,2
6029,38,11,55,9,-20.87506721402826,2
6030,107,15,19,14,-20.944642879740467,1
6031,43,10,110,8,-21.055981543018305,2
6032,81,13,49,10,-21.20955753114466,3
6033,10,13,112,10,-21.234179723414762,3
6034,77,10,98,8,-21.266559747636286,2
6035,91,16,104,15,-21.31971827875211,1
6036,51,16,2,12,-21.322170492802826,4
6037,109,10,12,9,-21.32950515182345,1
6038,51,20,90,17,-21.393287092982963,3
6039,4,13,25,11,-21.42004260246313,2
6040,4,15,41,10,-21.480590173913868,5
6041,68,17,100,13,-21.727189905119378,4
6042,31,12,62,9,-21.790941067775986,3
6043,97,12,91,10,-22.175648770183788,2
6044,3,12,30,11,-22.297017461985927,1
6045,112,14,80,11,-22.742433885358178,3
6046,8,11,4,10,-23.17790508365148,1
6047,57,11,26,9,-23.524985632767628,2
6048,31,10,15,8,-23.60998987148027,2
6049,69,11,27,9,-23.965125451311458,2
6050,57,11,112,9,-24.03512959326609,2
6051,97,11,34,9,-24.058676404388496,2
6052,97,12,73,9,-24.10757303293757,3
6053,3,16,75,14,-24.194103806582213,2
6054,77,17,75,15,-26.826580833678783,2
6055,23,12,90,11,-27.953563540615974,1
6056,37,11,44,11,-29.883498899257123,0
6057,102,10,112,9,-30.406521473655896,1
