,againstHero,games,hero,losses,shift,wins
0,90,11,23,1,28.300961743533684,10
1,44,10,37,0,28.253477074224726,10
2,75,16,77,2,26.228267199136482,14
3,49,10,112,1,24.460078908180627,9
4,19,10,107,0,24.226623453768696,10
5,78,18,112,3,24.143276774281045,15
6,73,12,97,3,24.10757303293757,9
7,34,11,97,2,24.058676404388496,9
8,27,22,9,4,24.023674987501078,18
9,27,11,69,2,23.96512545131146,9
10,4,11,8,1,23.177905083651492,10
11,10,10,28,1,23.03135332069283,9
12,75,15,3,2,22.90290040082441,13
13,86,16,58,3,22.61525281631165,13
14,100,25,65,3,22.417652768002984,22
15,91,12,97,2,22.175648770183788,10
16,62,12,31,3,21.79094106777599,9
17,41,15,4,5,21.480590173913868,10
18,25,13,4,2,21.42004260246313,11
19,90,19,51,2,21.39328709298296,17
20,2,16,51,4,21.322170492802822,12
21,104,16,91,1,21.319718278752113,15
22,98,10,77,2,21.266559747636286,8
23,7,10,84,2,21.17364400986741,8
24,47,12,112,3,20.917556750501628,9
25,55,11,38,2,20.87506721402826,9
26,30,10,79,2,20.824119521738705,8
27,49,12,81,3,20.596347227570796,9
28,48,11,35,2,20.438098241934792,9
29,64,10,5,2,20.375787318305825,8
30,112,17,68,4,20.135616290190043,13
31,111,11,75,3,20.02641187481709,8
32,100,15,68,4,19.919601065708385,11
33,95,12,32,2,19.760326388824463,10
34,90,10,68,2,19.75244962865367,8
35,28,10,72,2,19.667105139612282,8
36,101,10,51,2,19.538804927619935,8
37,16,16,77,3,19.494965112936953,13
38,27,11,12,2,19.43334632488541,9
39,30,19,36,2,19.30529767168729,17
40,99,14,18,3,19.290873438644514,11
41,4,16,54,2,19.2440876038421,14
42,31,10,57,3,19.217116599721326,7
43,100,10,2,3,19.14350422886928,7
44,92,10,106,2,19.041690772468705,8
45,98,13,4,2,18.936498509144613,11
46,2,10,11,2,18.923084797888755,8
47,71,13,112,3,18.866115742328507,10
48,55,11,47,3,18.857554518412744,8
49,99,17,28,4,18.754584808369174,13
50,50,14,68,4,18.562076689620618,10
51,106,15,31,4,18.52908676481624,11
52,65,14,33,3,18.51276218041885,11
53,5,10,18,2,18.464269170029823,8
54,109,10,103,3,18.37872283171988,7
55,87,12,112,3,18.26517015342061,9
56,20,17,112,3,18.122572673322455,14
57,55,18,33,4,17.969879843551904,14
58,95,21,68,3,17.962668451083438,18
59,55,16,43,2,17.887669395914717,14
60,78,21,51,6,17.85552935241669,15
61,111,11,114,3,17.846918134233796,8
62,32,17,88,4,17.82459413467382,13
63,69,10,8,2,17.824588271872045,8
64,30,18,5,3,17.81053305502534,15
65,44,12,55,3,17.77184716319356,9
66,30,14,69,4,17.765258614983445,10
67,5,11,3,4,17.694163901939547,7
68,90,27,28,6,17.576354024280796,21
69,110,11,83,2,17.575104905290946,9
70,23,14,18,4,17.468338798211544,10
71,55,11,19,3,17.435802328445057,8
72,45,10,43,3,17.339723268429022,7
73,45,10,39,3,17.32115834390289,7
74,35,10,106,3,17.319051156851785,7
75,63,12,35,3,17.190706154289504,9
76,27,22,5,6,17.18696709990766,16
77,49,14,69,4,17.144708838601282,10
78,15,15,9,4,17.12648608718579,11
79,51,13,10,3,17.10096027286803,10
80,104,13,79,4,17.056081750892357,9
81,34,12,87,3,16.987810368259346,9
82,77,16,50,3,16.97319460562341,13
83,38,10,31,4,16.97274158238424,6
84,38,14,97,3,16.838290194315167,11
85,95,14,30,4,16.836817117204568,10
86,1,10,76,3,16.815372977495876,7
87,95,15,71,5,16.72675418994599,10
88,60,10,20,3,16.689435106346487,7
89,30,12,41,4,16.67014747818193,8
90,15,12,55,2,16.63699492471769,10
91,101,10,36,2,16.6279467044195,8
92,14,15,55,3,16.464885141480416,12
93,11,25,25,5,16.429746187224733,20
94,61,16,7,5,16.42696802044795,11
95,43,13,91,3,16.255864059996064,10
96,53,21,69,6,16.247322250303586,15
97,65,18,58,5,16.230092308358206,13
98,23,12,83,3,16.123810814063006,9
99,28,17,112,4,16.09923214780967,13
100,41,18,5,6,16.05037708250146,12
101,98,16,31,5,16.004000710168853,11
102,14,13,63,4,15.961958621197992,9
103,80,13,70,2,15.901333417895936,11
104,53,30,9,8,15.894615033798411,22
105,34,18,8,5,15.876296726362224,13
106,76,11,91,2,15.872477419459232,9
107,41,15,12,4,15.852631956602023,11
108,99,18,39,4,15.84878961626863,14
109,16,45,31,12,15.837412153743443,33
110,54,13,58,4,15.827470383967977,9
111,48,10,70,3,15.796496446665468,7
112,8,16,77,4,15.792942369486319,12
113,75,12,12,4,15.785867542761377,8
114,15,10,37,2,15.78269510258246,8
115,87,16,81,6,15.759058609918437,10
116,75,10,35,2,15.755761764469415,8
117,93,16,96,4,15.733194627661211,12
118,37,14,77,4,15.73169378416834,10
119,80,12,35,3,15.72406211872363,9
120,75,13,80,3,15.718052052365534,10
121,8,13,1,3,15.702434313684373,10
122,34,12,51,3,15.6894891289244,9
123,80,16,88,5,15.676196886577953,11
124,90,13,97,4,15.621888085765939,9
125,106,11,85,3,15.60573196351404,8
126,4,14,45,4,15.600891470448106,10
127,23,20,5,5,15.563915929412016,15
128,104,12,31,4,15.561592201078605,8
129,25,11,14,2,15.536643242754739,9
130,89,10,106,4,15.508251121091039,6
131,104,18,2,6,15.503443707499333,12
132,69,15,31,5,15.502962092044205,10
133,100,13,60,3,15.468043250681323,10
134,81,16,94,6,15.463781780556559,10
135,73,25,107,8,15.460672720698525,17
136,49,14,25,4,15.43786379260084,10
137,11,10,71,3,15.386871545741162,7
138,98,12,46,4,15.381140721878971,8
139,18,13,37,3,15.368965567811566,10
140,107,18,99,5,15.347683777553831,13
141,39,10,85,4,15.334427433462258,6
142,61,15,68,4,15.24709195978541,11
143,88,18,29,5,15.200290125021418,13
144,41,17,71,4,15.16238863659133,13
145,27,11,35,3,15.129282720135883,8
146,84,13,29,4,15.120150931852738,9
147,48,12,9,3,15.097519161061681,9
148,72,10,54,3,15.080610884546303,7
149,63,17,3,3,15.071396371833838,14
150,25,18,99,5,15.014737107768298,13
151,45,10,75,2,15.003649946946844,8
152,95,21,17,5,14.970865650802967,16
153,41,25,9,7,14.929419745005406,18
154,9,16,104,5,14.915937256999364,11
155,55,10,112,2,14.907032679929213,8
156,8,10,108,2,14.883275708091887,8
157,69,12,57,3,14.86920981303713,9
158,30,17,91,4,14.854653528597783,13
159,55,11,85,3,14.836765173492136,8
160,18,13,1,3,14.814066225099424,10
161,57,10,2,3,14.75670329182861,7
162,114,26,109,6,14.744077219906968,20
163,32,14,106,3,14.741977351969275,11
164,114,19,83,5,14.712530964906872,14
165,78,14,8,3,14.668119505967436,11
166,14,11,97,2,14.634263785488013,9
167,30,10,102,3,14.616177341977675,7
168,50,12,99,4,14.581629542155014,8
169,73,12,37,4,14.533349572792922,8
170,13,12,2,4,14.516038794033767,8
171,45,18,51,5,14.493324057948724,13
172,34,12,25,3,14.468789684868277,9
173,73,10,2,3,14.457830254043136,7
174,44,12,5,3,14.447481002517355,9
175,80,15,13,5,14.445550827997446,10
176,80,11,14,4,14.435345395194508,7
177,51,22,81,8,14.413069140354857,14
178,60,16,112,4,14.375050795639753,12
179,40,10,83,2,14.347262135245902,8
180,77,22,51,7,14.34162590555927,15
181,7,27,77,8,14.33556677589385,19
182,80,18,50,4,14.309192739594003,14
183,46,11,102,3,14.30749471315205,8
184,34,12,37,3,14.30057126443514,9
185,30,11,11,3,14.29951613613078,8
186,74,21,60,7,14.268042080973931,14
187,16,21,94,6,14.265495530226408,15
188,30,15,77,4,14.240898393688356,11
189,91,28,60,9,14.219487017087326,19
190,63,11,66,3,14.209916362631539,8
191,41,11,80,3,14.18671629223256,8
192,71,18,54,6,14.183245475418028,12
193,40,29,77,8,14.048771071022596,21
194,15,25,39,6,14.010931018079322,19
195,40,24,71,7,13.948125771645659,17
196,75,19,69,5,13.942304484906579,14
197,34,11,57,3,13.937862830072245,8
198,2,16,54,4,13.913344645570438,12
199,53,19,50,6,13.883151416746285,13
200,30,23,13,8,13.875626061777945,15
201,11,13,83,3,13.863860744018647,10
202,86,19,52,5,13.851910838120485,14
203,97,11,112,2,13.794615799527321,9
204,63,14,33,4,13.733555706081617,10
205,63,25,31,7,13.714594813504092,18
206,104,14,44,4,13.703910249073422,10
207,7,19,57,7,13.697105013999773,12
208,92,16,86,5,13.67676060817369,11
209,93,12,46,3,13.65474091099076,9
210,64,18,104,5,13.54129056151704,13
211,27,26,60,6,13.540065663312776,20
212,37,10,10,4,13.538762623915124,6
213,74,11,103,3,13.53565105452587,8
214,104,15,38,5,13.530669032796665,10
215,7,11,66,4,13.514093541012448,7
216,78,10,1,3,13.511302040012387,7
217,34,10,70,3,13.500624883981928,7
218,108,14,39,5,13.481039273987522,9
219,15,16,51,5,13.474823536409176,11
220,93,10,90,3,13.452391800759148,7
221,102,17,55,5,13.448934349992445,12
222,25,12,32,5,13.427877456338663,7
223,75,15,53,5,13.423496737137006,10
224,74,18,62,5,13.411803700884374,13
225,104,12,35,4,13.369677424437178,8
226,55,11,32,4,13.36363963009391,7
227,16,18,83,5,13.351235477213141,13
228,15,11,3,4,13.349088796326875,7
229,100,12,112,4,13.302851040311163,8
230,64,19,106,6,13.295192075566398,13
231,7,12,99,4,13.274517260788409,8
232,102,31,5,10,13.269431869962297,21
233,95,23,11,6,13.26328800508424,17
234,11,39,96,12,13.25258237771624,27
235,95,36,88,11,13.24512473637818,25
236,8,16,41,4,13.244566662838952,12
237,102,11,17,3,13.231752901126407,8
238,108,13,60,4,13.225499906177388,9
239,50,16,46,6,13.220197801431311,10
240,48,26,54,8,13.218100464174018,18
241,36,18,54,6,13.217744798273172,12
242,41,13,28,4,13.19117071449606,9
243,79,14,87,3,13.17533484699995,11
244,97,12,35,3,13.159538935863281,9
245,95,28,37,7,13.149042342745604,21
246,53,15,77,5,13.125923769197524,10
247,83,10,70,4,13.118339150755117,6
248,71,12,38,3,13.11375866950239,9
249,2,10,38,4,13.106587736027677,6
250,104,38,46,12,13.083570903140268,26
251,6,11,9,4,13.029614696230583,7
252,27,12,114,4,13.009570993376595,8
253,13,72,31,23,12.993302649386727,49
254,74,33,28,10,12.957271538108257,23
255,23,16,17,5,12.920452187354222,11
256,98,12,75,4,12.900340980932176,8
257,2,21,65,5,12.890027578518202,16
258,87,11,35,4,12.88940090296237,7
259,23,14,45,4,12.875487654765548,10
260,27,19,109,7,12.854514856980066,12
261,108,10,9,4,12.825707088631287,6
262,49,20,104,6,12.812277987885736,14
263,104,20,27,5,12.796343894614777,15
264,54,12,81,4,12.757047966098476,8
265,95,10,36,3,12.746346244298937,7
266,33,14,106,4,12.736963404825662,10
267,46,24,106,9,12.725492516069492,15
268,80,16,51,5,12.713909479894406,11
269,111,16,88,4,12.710530076381987,12
270,30,11,52,3,12.667026316194523,8
271,48,14,5,4,12.657719903594751,10
272,75,33,54,11,12.657132724468571,22
273,64,24,112,6,12.576658543796354,18
274,80,34,63,10,12.572385685987726,24
275,57,27,5,8,12.572003913811171,19
276,75,27,5,10,12.535083552437033,17
277,53,40,88,12,12.503961998215976,28
278,111,14,51,4,12.456032818979448,10
279,36,17,50,7,12.423703215189779,10
280,43,16,53,4,12.41343484704957,12
281,67,12,97,3,12.35346782744064,9
282,49,20,60,6,12.352144520803872,14
283,87,13,33,4,12.350753088118475,9
284,100,22,54,7,12.349967715760691,15
285,87,12,19,4,12.34527153536319,8
286,78,10,20,3,12.337947782230119,7
287,18,11,46,3,12.326844972781839,8
288,28,10,108,4,12.299856976610261,6
289,107,23,35,6,12.292793992800663,17
290,87,27,114,10,12.28642258906464,17
291,91,23,39,7,12.232573714352018,16
292,11,21,70,6,12.22505126846703,15
293,78,11,106,3,12.210243252742755,8
294,7,18,76,7,12.19661731578168,11
295,2,22,70,8,12.153236389251056,14
296,92,12,63,5,12.136993324985582,7
297,98,27,96,9,12.125771968912133,18
298,34,14,20,4,12.080633416209027,10
299,34,21,28,6,12.064560123194633,15
300,1,12,104,4,12.020108292717422,8
301,53,10,54,3,11.951994898142782,7
302,95,27,18,9,11.951490678023532,18
303,93,13,11,3,11.901577910299338,10
304,62,18,63,6,11.898616241132697,12
305,90,18,104,6,11.89837391797068,12
306,78,10,47,4,11.843066191666676,6
307,83,10,17,4,11.812775268760372,6
308,53,10,91,3,11.811611902058761,7
309,8,21,40,6,11.791921402372775,15
310,44,10,54,3,11.791894285038754,7
311,91,12,65,4,11.784658313781675,8
312,104,19,71,7,11.784281392964672,12
313,70,20,57,8,11.777168573797624,12
314,55,37,1,11,11.76903355576794,26
315,16,11,67,3,11.761532223804268,8
316,16,27,69,9,11.757721074864538,18
317,108,23,70,7,11.716508786473797,16
318,7,20,19,5,11.707331952559509,15
319,91,13,96,4,11.692854193124042,9
320,53,12,46,4,11.691208139075002,8
321,30,30,39,10,11.676641348162722,20
322,78,17,107,5,11.64562231980435,12
323,55,11,103,3,11.639657223031874,8
324,7,14,10,5,11.631959119868696,9
325,13,65,88,21,11.593746975603075,44
326,15,21,18,6,11.590119158022436,15
327,90,15,39,5,11.57797650142359,10
328,33,15,50,5,11.568332857311571,10
329,36,16,104,6,11.564722196156039,10
330,111,10,71,3,11.563837134119533,7
331,49,10,15,3,11.54727068179138,7
332,74,15,76,6,11.544600382799558,9
333,49,12,27,4,11.521519655834481,8
334,37,44,54,14,11.514339123049963,30
335,69,10,91,4,11.501202941557144,6
336,65,12,57,4,11.482165332996512,8
337,47,14,81,4,11.445134927289029,10
338,100,33,51,14,11.434832550293002,19
339,86,19,72,6,11.423615729846855,13
340,114,39,106,13,11.417874917507987,26
341,26,21,86,6,11.412432841806387,15
342,29,10,95,3,11.401888238693152,7
343,76,23,35,8,11.396918545348738,15
344,4,11,38,3,11.395009854616484,8
345,100,15,43,6,11.350388483589276,9
346,69,12,18,4,11.324568934723304,8
347,47,23,60,7,11.313305625779169,16
348,63,46,28,14,11.30701920844641,32
349,80,10,79,4,11.30670069299901,6
350,30,15,70,6,11.30291408800561,9
351,7,25,96,7,11.300422106484014,18
352,80,10,5,3,11.295210617596885,7
353,29,10,86,3,11.288307199014056,7
354,2,14,55,5,11.276816159574059,9
355,64,10,20,2,11.273683916826545,8
356,65,23,29,9,11.272698873119092,14
357,86,14,103,5,11.266539954551964,9
358,78,12,16,4,11.259161752967472,8
359,90,12,48,4,11.252381363492233,8
360,87,29,70,11,11.250414739740135,18
361,107,16,83,5,11.249585120390279,11
362,40,13,81,4,11.249205674756393,9
363,95,28,51,8,11.244919045567018,20
364,75,17,109,5,11.242273446455997,12
365,46,20,96,8,11.223825219116966,12
366,73,13,51,4,11.219804453521853,9
367,98,18,106,6,11.217270403208776,12
368,28,21,68,6,11.213633194972727,15
369,89,11,1,4,11.209011069389932,7
370,114,45,65,16,11.207925536927627,29
371,13,22,83,7,11.207026527024825,15
372,6,12,61,4,11.200388242698187,8
373,91,10,109,3,11.192740070217315,7
374,58,15,13,4,11.187681570256991,11
375,30,15,46,5,11.187097177578687,10
376,43,16,4,6,11.162760468553993,10
377,74,13,32,4,11.101664191982366,9
378,58,16,68,5,11.098600977228575,11
379,85,10,50,3,11.098189393682755,7
380,78,13,80,4,11.097915766170063,9
381,12,10,87,3,11.056786464431308,7
382,99,11,11,4,11.04788337752713,7
383,32,12,114,4,11.045874107216177,8
384,98,11,88,3,11.027639102171307,8
385,45,12,68,4,11.024019728389067,8
386,41,14,92,5,11.016394202336144,9
387,98,10,68,3,11.014423279510455,7
388,15,13,71,4,11.00914391321026,9
389,56,13,107,5,11.000292497508868,8
390,58,16,69,6,10.99341396878222,10
391,75,18,43,5,10.989434810711296,13
392,50,37,88,13,10.986958086725295,24
393,9,15,47,5,10.968614103246173,10
394,15,10,53,3,10.953947902365101,7
395,15,19,107,5,10.951282290046715,14
396,89,10,13,4,10.939542022741618,6
397,27,14,64,4,10.925557497140753,10
398,78,10,31,4,10.912809716780329,6
399,73,17,5,6,10.907383059794872,11
400,100,11,46,4,10.904685887838546,7
401,102,10,35,4,10.903207987031468,6
402,63,41,88,12,10.89220871689106,29
403,111,21,41,8,10.875724405637953,13
404,17,11,78,4,10.875549356054371,7
405,71,16,77,5,10.872072685026803,11
406,30,25,54,8,10.869653792907938,17
407,20,18,9,6,10.865484007949272,12
408,27,30,65,10,10.85658782517334,20
409,98,25,87,8,10.830753925226269,17
410,109,34,8,13,10.819891467814772,21
411,106,17,81,7,10.816681182916202,10
412,104,27,77,9,10.795670361212093,18
413,55,25,91,7,10.791612827626562,18
414,36,14,35,4,10.78250796990051,10
415,47,11,15,4,10.775485769989336,7
416,59,11,7,3,10.771239818059199,8
417,53,17,17,6,10.760705209456793,11
418,27,27,31,11,10.758919665279384,16
419,23,20,39,7,10.742827162036496,13
420,37,15,60,6,10.721994289598655,9
421,54,11,111,3,10.714143810197228,8
422,114,13,81,5,10.713660949239014,8
423,43,13,36,5,10.713552025008548,8
424,47,14,18,4,10.710476641545714,10
425,100,20,39,7,10.705146271922514,13
426,51,25,74,7,10.704030149650722,18
427,40,23,17,7,10.673939896309559,16
428,5,25,98,9,10.66291868554062,16
429,30,20,64,7,10.642272986004784,13
430,98,18,71,6,10.627953776602759,12
431,16,12,101,4,10.622717697482882,8
432,7,31,91,9,10.609100286101588,22
433,75,15,38,4,10.597530026810052,11
434,75,51,7,17,10.587695481592943,34
435,69,18,28,7,10.575983527327304,11
436,95,15,9,6,10.569002592922953,9
437,11,24,84,8,10.563882323195871,16
438,86,16,56,5,10.543126647721753,11
439,71,19,97,6,10.5235339621969,13
440,27,27,36,10,10.523349599331352,17
441,89,14,37,6,10.519274673853001,8
442,114,12,12,5,10.50495457801322,7
443,50,37,20,12,10.501577095705528,25
444,75,14,102,4,10.47886729381523,10
445,75,35,8,11,10.477015226263449,24
446,23,12,77,4,10.472073733658851,8
447,6,10,31,4,10.459894630543896,6
448,49,10,62,3,10.4539945527009,7
449,34,11,60,3,10.444545857082172,8
450,44,16,39,6,10.434810009571377,10
451,95,19,114,7,10.422604339796184,12
452,110,11,7,5,10.422576579231729,6
453,106,16,93,6,10.37915501513517,10
454,16,23,1,6,10.375674453583683,17
455,3,11,18,3,10.36192093091692,8
456,104,13,81,6,10.361322759461329,7
457,94,10,7,3,10.355621654064773,7
458,1,17,63,7,10.344681903521664,10
459,37,13,1,5,10.342164269053148,8
460,7,14,81,6,10.32158298772756,8
461,57,18,63,7,10.314939985261887,11
462,40,13,78,3,10.282455211399137,10
463,71,10,84,3,10.279461085413814,7
464,34,12,104,4,10.27427919250402,8
465,77,12,99,3,10.252199704478638,9
466,67,16,106,6,10.252161434234207,10
467,7,43,25,14,10.249875265637385,29
468,100,18,88,6,10.248815429425127,12
469,30,17,31,7,10.214096274935343,10
470,25,24,68,8,10.211790433098953,16
471,11,36,37,12,10.20717474941383,24
472,48,24,96,8,10.200121519345739,16
473,98,15,2,6,10.198603389321667,9
474,71,13,33,4,10.195530501937561,9
475,97,41,37,14,10.190687502541845,27
476,89,13,104,5,10.17868688184359,8
477,64,24,9,7,10.178655144521006,17
478,40,11,69,3,10.175676528085834,8
479,58,13,39,4,10.147489402696785,9
480,96,11,23,4,10.143008283174426,7
481,53,37,31,14,10.136338371296793,23
482,92,10,109,3,10.132066653367776,7
483,46,14,70,5,10.128652016947743,9
484,8,20,15,8,10.121581558030638,12
485,8,10,35,3,10.118762046100299,7
486,50,20,102,8,10.118106239071224,12
487,53,36,36,11,10.114732824687987,25
488,18,24,8,7,10.103008591242306,17
489,89,11,74,4,10.093150392265771,7
490,79,12,106,4,10.079963228120917,8
491,110,10,28,4,10.06674072061994,6
492,91,11,71,4,10.058832289642849,7
493,44,10,38,3,10.048373138060269,7
494,70,12,29,5,10.037060199943541,7
495,11,14,18,5,10.031989827572826,9
496,20,12,3,4,10.029309207648437,8
497,60,15,29,6,10.014518053593553,9
498,43,13,9,5,10.011482215577137,8
499,54,15,43,6,10.003127798418703,9
500,75,12,57,4,10.001839571130395,8
501,95,25,65,9,9.987438820754939,16
502,34,11,48,4,9.987399142382838,7
503,107,13,10,5,9.987353405179212,8
504,87,13,52,5,9.984852518055051,8
505,73,18,88,6,9.974203425238965,12
506,84,13,3,5,9.96609813489357,8
507,38,10,17,4,9.957251396991316,6
508,95,10,2,3,9.920312629990502,7
509,25,14,3,5,9.907996037168818,9
510,18,39,39,13,9.885046818102031,26
511,17,15,71,6,9.874078720771614,9
512,63,34,91,11,9.863803572303501,23
513,76,12,18,4,9.847622493503502,8
514,30,16,63,6,9.842696842263113,10
515,86,26,79,9,9.841357831333449,17
516,53,10,98,4,9.839111782848335,6
517,54,13,57,3,9.824315369895016,10
518,104,25,75,9,9.822163907084754,16
519,48,27,107,10,9.812988008703408,17
520,104,15,84,6,9.801640239199907,9
521,62,10,93,4,9.798162399200404,6
522,37,24,83,9,9.783726366978417,15
523,100,12,62,5,9.768885934940618,7
524,38,10,28,4,9.755543154623547,6
525,16,42,18,14,9.75454627994462,28
526,16,16,32,6,9.72172092201369,10
527,20,16,98,5,9.710857533406994,11
528,78,13,57,5,9.706642642705255,8
529,100,19,87,8,9.686243494464469,11
530,30,13,84,4,9.677396996952378,9
531,17,17,109,6,9.672922776879656,11
532,53,12,38,4,9.664145468055217,8
533,35,14,45,6,9.663816215290334,8
534,100,12,71,4,9.66068752031631,8
535,87,30,9,12,9.657202776782617,18
536,111,16,63,6,9.656549842780759,10
537,41,15,17,5,9.654478177971624,10
538,22,10,114,5,9.649313306364819,5
539,93,10,104,4,9.637966581885273,6
540,57,28,107,10,9.636004223648037,18
541,41,23,53,8,9.631953807885303,15
542,100,17,63,7,9.628829836647935,10
543,70,17,109,6,9.623350653501726,11
544,76,16,9,5,9.621504571842449,11
545,99,14,8,6,9.61106559286031,8
546,83,18,84,7,9.609473734372159,11
547,8,13,53,4,9.596286006275326,9
548,80,14,39,5,9.589468521855673,9
549,73,20,7,8,9.582485903794176,12
550,64,44,60,14,9.569439655645416,30
551,13,24,97,9,9.567486234498416,15
552,92,15,68,5,9.538113226799515,10
553,106,13,108,4,9.535201707134298,9
554,1,22,31,9,9.525804060927038,13
555,20,32,25,11,9.520523686179052,21
556,60,25,69,11,9.516572001635845,14
557,8,17,36,6,9.51236026695053,11
558,90,14,80,4,9.509239360264802,10
559,114,13,2,5,9.509158562417847,8
560,37,22,99,7,9.502759058160713,15
561,37,29,7,11,9.500511382222342,18
562,107,17,66,6,9.469730190602778,11
563,112,10,29,4,9.468799644939955,6
564,76,28,68,7,9.459920139276978,21
565,51,18,110,6,9.452475656462822,12
566,86,14,94,5,9.44487953345369,9
567,32,11,63,4,9.44232166344675,7
568,78,12,53,5,9.436495389192622,7
569,64,14,92,7,9.432471863302014,7
570,15,10,1,3,9.421594860471428,7
571,38,11,112,3,9.41394016209822,8
572,65,35,93,14,9.411885467293352,21
573,86,37,76,13,9.404159373470087,24
574,63,25,109,10,9.392892060380623,15
575,109,11,36,3,9.390936468630548,8
576,29,11,51,4,9.382792177373643,7
577,76,17,39,5,9.374915521858481,12
578,28,15,111,5,9.365771514395545,10
579,15,15,87,6,9.356894108440963,9
580,109,16,39,4,9.356347251836707,12
581,23,12,50,3,9.354699302165745,9
582,18,25,9,8,9.349773872691086,17
583,98,10,48,3,9.346073134818257,7
584,16,46,96,14,9.342765312407817,32
585,109,10,29,5,9.339951738191694,5
586,60,16,58,6,9.319426070200468,10
587,50,17,70,7,9.316243790355681,10
588,110,12,107,4,9.307853181235298,8
589,86,15,67,6,9.30654184494345,9
590,109,11,22,4,9.30323095736105,7
591,63,19,77,6,9.291814452323939,13
592,75,13,93,5,9.279825087560205,8
593,65,13,66,4,9.24629898792323,9
594,15,10,76,4,9.241288842836553,6
595,2,31,107,11,9.235597195463594,20
596,64,15,37,5,9.227089681457187,10
597,64,11,81,4,9.217681779438383,7
598,27,15,4,6,9.214915067697104,9
599,54,15,76,5,9.21434337052745,10
600,11,17,57,7,9.206442600524502,10
601,2,12,40,4,9.204153353273352,8
602,73,17,40,6,9.199997222971483,11
603,17,16,9,6,9.184055414811954,10
604,15,30,88,9,9.176202112652083,21
605,41,39,86,13,9.172157333193887,26
606,41,15,49,6,9.171912615870818,9
607,40,15,102,6,9.171373555966685,9
608,92,15,40,5,9.168940871834318,10
609,16,63,106,21,9.160803291418002,42
610,27,12,30,5,9.159316291712274,7
611,39,27,43,11,9.158740133364713,16
612,50,43,5,17,9.156049369840707,26
613,86,25,1,9,9.12482621931439,16
614,104,18,17,7,9.118260519592532,11
615,92,11,17,4,9.114563540800457,7
616,109,15,31,5,9.11388757240418,10
617,48,11,51,5,9.079697327016948,6
618,95,34,8,13,9.079209474058969,21
619,74,23,39,9,9.075238839119182,14
620,44,29,86,10,9.073857704921485,19
621,28,34,75,12,9.068390514566694,22
622,39,18,112,7,9.062101008825092,11
623,58,10,112,4,9.041979275484929,6
624,48,23,87,8,9.021568034700334,15
625,5,15,36,6,9.008614310253613,9
626,62,10,69,4,9.007065239439928,6
627,17,17,60,6,8.995312545980157,11
628,47,20,114,8,8.969382880850322,12
629,28,11,32,4,8.963821007682872,7
630,11,13,80,5,8.941133144462878,8
631,73,12,31,4,8.938919570135752,8
632,30,38,107,14,8.938338387407445,24
633,11,10,91,3,8.923724837318142,7
634,16,101,88,35,8.918867116206172,66
635,110,19,25,6,8.917701672558222,13
636,89,15,107,5,8.908975430626485,10
637,7,20,109,7,8.9080321410632,13
638,27,14,53,4,8.906298436748038,10
639,69,12,97,4,8.888377862411462,8
640,87,26,91,9,8.88711273267609,17
641,28,16,40,7,8.877350715587877,9
642,28,30,114,12,8.875783073761175,18
643,23,16,12,6,8.872217683410865,10
644,39,31,20,13,8.859878139923453,18
645,112,12,84,4,8.85414320771021,8
646,102,16,51,6,8.84826485855953,10
647,53,17,3,6,8.84518913908164,11
648,32,15,87,5,8.84415502943487,10
649,49,13,77,4,8.842593838828115,9
650,51,47,63,19,8.825173206487683,28
651,63,19,36,7,8.822881427312195,12
652,63,28,76,9,8.821395394022662,19
653,36,18,47,6,8.810892372607714,12
654,106,10,42,3,8.802546839644418,7
655,107,28,31,13,8.798674063671836,15
656,97,22,51,7,8.785196874414883,15
657,86,50,39,20,8.781262501509106,30
658,106,23,18,8,8.778191080978742,15
659,38,14,106,7,8.74501943352997,7
660,104,23,11,8,8.742484307216115,15
661,39,35,88,13,8.74018182363142,22
662,4,22,17,7,8.727735068009611,15
663,58,10,45,4,8.721721801464442,6
664,63,15,102,6,8.710165699989911,9
665,63,35,20,14,8.705248065274409,21
666,30,10,2,4,8.704387763563812,6
667,110,14,39,4,8.694421097429624,10
668,13,41,18,16,8.688384323022003,25
669,47,29,13,11,8.685969082351276,18
670,76,15,60,4,8.678706996102921,11
671,77,16,88,6,8.678317130754186,10
672,9,31,31,11,8.678153869820548,20
673,51,14,112,5,8.662465094799597,9
674,102,32,86,11,8.651776846078937,21
675,41,19,97,7,8.638943706099205,12
676,16,71,39,27,8.629277698042591,44
677,23,34,60,12,8.608807282411219,22
678,90,22,50,8,8.598522697494,14
679,40,15,49,6,8.588514005098899,9
680,95,23,55,8,8.575006509864881,15
681,78,19,7,8,8.565348954184037,11
682,86,86,51,35,8.557465951431581,51
683,63,42,84,17,8.556534866486706,25
684,78,11,36,4,8.552435160203329,7
685,114,13,62,5,8.54955618000272,8
686,28,13,94,4,8.536990091746684,9
687,18,12,20,4,8.532272478061662,8
688,12,13,106,4,8.530975907772834,9
689,86,28,48,10,8.527783865058886,18
690,62,23,88,9,8.512625127129992,14
691,63,17,69,5,8.506537399631053,12
692,91,10,45,4,8.504304930616431,6
693,20,20,41,8,8.499902151857665,12
694,64,28,40,10,8.496071624321134,18
695,94,10,37,3,8.495177713557318,7
696,75,16,1,5,8.487454866261048,11
697,75,56,68,19,8.48370722934506,37
698,60,20,12,10,8.478087405935288,10
699,85,10,16,3,8.463981088255792,7
700,95,14,96,5,8.45037398259218,9
701,80,30,107,10,8.450019757222567,20
702,8,32,114,11,8.446067232393613,21
703,52,12,20,4,8.437421503459811,8
704,96,24,70,11,8.437417991026262,13
705,18,12,112,3,8.434720932707336,9
706,55,20,114,7,8.432483182241098,13
707,90,20,13,7,8.424919065495569,13
708,73,19,90,7,8.424101991862472,12
709,48,21,79,8,8.423308200700252,13
710,64,20,8,7,8.418575329228204,13
711,68,24,91,10,8.412577437061728,14
712,30,10,38,3,8.411592281207323,7
713,91,19,20,8,8.407006886407046,11
714,27,10,98,4,8.40117178797146,6
715,67,10,104,4,8.393331116483226,6
716,6,10,46,4,8.386722378353735,6
717,28,14,52,6,8.38312541721312,8
718,45,21,107,8,8.374668953212842,13
719,11,11,9,4,8.359525570926444,7
720,7,22,5,8,8.357081514884824,14
721,13,18,98,6,8.341994513785483,12
722,76,39,51,13,8.339242903099507,26
723,28,11,29,4,8.329043879308335,7
724,76,25,50,8,8.328303760573554,17
725,20,28,51,12,8.316638415042595,16
726,102,17,88,5,8.307899790454732,12
727,18,22,97,8,8.29806548281246,14
728,90,31,106,10,8.283845461248372,21
729,41,18,91,6,8.276671952774393,12
730,100,15,55,7,8.275270908208638,8
731,75,12,76,5,8.269580351796622,7
732,50,34,55,14,8.268886532039616,20
733,20,28,84,9,8.268193588498612,19
734,37,12,14,5,8.266467835075433,7
735,40,49,55,18,8.264830770768937,31
736,89,12,16,5,8.242329112388783,7
737,94,10,2,4,8.235738884159371,6
738,69,21,106,8,8.230262561693124,13
739,102,10,39,4,8.224547128845817,6
740,41,28,104,12,8.222150207467429,16
741,40,24,3,8,8.21009163331203,16
742,8,25,57,9,8.20914757769532,16
743,11,24,109,8,8.196422948591085,16
744,19,13,13,5,8.194839200536869,8
745,13,10,35,4,8.193263635625328,6
746,107,10,61,4,8.19056957850756,6
747,107,28,43,10,8.185481897085598,18
748,104,35,60,10,8.183651908443375,25
749,108,13,98,5,8.179403178791242,8
750,16,19,47,7,8.178952833737183,12
751,68,11,33,4,8.166895131198165,7
752,4,10,112,4,8.145974306589784,6
753,75,12,29,5,8.144839094845086,7
754,81,15,16,5,8.120114808218235,10
755,114,14,57,5,8.115945976762234,9
756,45,31,7,12,8.099756768827417,19
757,60,30,50,13,8.087484578525554,17
758,29,11,37,4,8.087342118064884,7
759,8,61,5,24,8.080732178020162,37
760,110,16,97,6,8.077466293642946,10
761,85,11,88,4,8.068264760243629,7
762,16,18,14,7,8.06483217295593,11
763,43,24,86,8,8.063012454340049,16
764,51,15,91,5,8.060157448942936,10
765,9,11,12,4,8.058955245687951,7
766,53,18,108,8,8.054267369863778,10
767,37,16,27,6,8.030406858059436,10
768,75,41,50,14,8.02466935745211,27
769,35,11,9,5,8.012816785902409,6
770,48,12,25,5,8.01244102921806,7
771,43,18,31,10,8.011472574516002,8
772,102,19,96,7,7.9956311609664965,12
773,13,16,70,6,7.990308468406848,10
774,5,28,84,11,7.986435375626319,17
775,12,12,4,4,7.976222296376225,8
776,81,30,13,11,7.974436586188656,19
777,65,25,5,10,7.967561696591304,15
778,89,12,53,5,7.9499730264780055,7
779,73,17,87,5,7.942207150258419,12
780,27,13,77,5,7.939137496569419,8
781,18,10,34,3,7.934073113605032,7
782,77,12,64,6,7.9282827223690555,6
783,33,16,20,6,7.928062438364485,10
784,88,10,82,4,7.912578083642496,6
785,16,23,76,11,7.906950340887347,12
786,76,11,108,4,7.890267325318871,7
787,70,15,69,5,7.8892362038055985,10
788,103,14,16,5,7.884424733518567,9
789,15,17,104,6,7.875168892784026,11
790,84,13,60,3,7.874921397384912,10
791,55,17,23,8,7.871570609888838,9
792,114,25,90,10,7.8701656835045455,15
793,44,12,35,5,7.859665557157517,7
794,106,26,91,9,7.859341034872018,17
795,114,41,13,18,7.855529583445475,23
796,53,19,109,7,7.841205358929896,12
797,7,11,2,4,7.836909370766421,7
798,63,57,54,21,7.834983225160246,36
799,8,17,98,6,7.8322640771965775,11
800,25,46,46,19,7.8204011950255445,27
801,60,23,81,9,7.817127893520488,14
802,75,21,49,8,7.802050873504809,13
803,114,12,110,4,7.80031681097971,8
804,50,15,48,5,7.798532000224024,10
805,68,28,18,11,7.775566947501909,17
806,92,14,114,4,7.774797164908212,10
807,41,15,81,5,7.770221546669875,10
808,10,14,86,6,7.764445720347282,8
809,53,11,73,4,7.756297558195456,7
810,37,49,25,20,7.755599308877524,29
811,40,63,68,22,7.752246342623857,41
812,46,11,1,5,7.752232750476011,6
813,73,13,54,5,7.746921178252216,8
814,44,11,84,5,7.741464370739849,6
815,63,10,52,4,7.736846011905835,6
816,86,28,112,11,7.733542128760624,17
817,28,28,2,10,7.726967938716942,18
818,57,19,102,8,7.725209435984633,11
819,68,44,87,17,7.713445601645926,27
820,46,13,64,5,7.701785189637151,8
821,41,15,77,5,7.700447698799743,10
822,40,39,104,14,7.699889638025223,25
823,64,11,11,3,7.699861982788657,8
824,111,25,7,10,7.69032342577198,15
825,5,32,11,12,7.687442157533876,20
826,37,24,96,10,7.665844925696509,14
827,33,13,31,6,7.647223417443057,7
828,70,11,60,4,7.6464357490262,7
829,16,35,9,12,7.644783932906991,23
830,108,20,88,7,7.642505031143237,13
831,53,27,30,11,7.642346295513209,16
832,97,29,5,10,7.639418302115124,19
833,96,22,80,8,7.6325568595370585,14
834,23,13,91,6,7.630492751883036,7
835,16,63,63,25,7.62690807086149,38
836,38,16,84,7,7.623292346759984,9
837,87,27,41,10,7.608960513510675,17
838,18,20,36,8,7.5949028785012285,12
839,20,15,90,6,7.5926874674698235,9
840,58,18,88,7,7.5880987725104365,11
841,72,10,36,4,7.585561627806539,6
842,46,12,77,5,7.574271980014295,7
843,34,14,5,4,7.5706698448560905,10
844,12,16,107,5,7.554377135078079,11
845,51,20,33,6,7.54115209621082,14
846,64,31,51,12,7.527516454843379,19
847,6,11,55,3,7.526848268362216,8
848,55,18,77,7,7.520653437888106,11
849,65,11,52,3,7.51122589655402,8
850,41,11,96,3,7.480521636982391,8
851,48,10,89,3,7.476757612743907,7
852,70,14,36,6,7.476080415111229,8
853,108,15,63,6,7.475559971035058,9
854,64,37,31,14,7.4738922265185375,23
855,45,12,53,5,7.463487107897495,7
856,37,21,110,9,7.457046552670356,12
857,86,53,97,21,7.453774682156136,32
858,75,17,100,8,7.449782688238093,9
859,46,30,75,12,7.449361290092638,18
860,70,13,71,6,7.447387393345601,7
861,8,28,84,10,7.447150756775401,18
862,64,17,43,7,7.43896725456377,10
863,84,26,39,10,7.428032986604076,16
864,63,23,18,8,7.424434558796218,15
865,54,44,109,16,7.42149631612999,28
866,8,19,91,7,7.416456742894205,12
867,36,34,41,16,7.412500474371832,18
868,13,27,69,10,7.410798113719347,17
869,16,65,55,23,7.4088914596986175,42
870,37,41,46,14,7.398384968299374,27
871,1,10,5,4,7.391988711274886,6
872,27,31,51,11,7.390169773800458,20
873,73,10,71,4,7.37323406519455,6
874,34,15,74,5,7.367415754617591,10
875,25,16,33,5,7.36592627296452,11
876,77,10,114,4,7.3654772203978025,6
877,49,12,64,5,7.364918196286091,7
878,49,13,23,5,7.360298065336568,8
879,73,25,8,10,7.35879002547718,15
880,58,25,107,9,7.327155673902655,16
881,70,42,5,17,7.323141246130927,25
882,1,23,65,10,7.319832649719675,13
883,109,26,55,12,7.3182997081126135,14
884,39,24,106,10,7.31226919998241,14
885,16,41,91,14,7.309347152714904,27
886,97,17,36,7,7.301788222671786,10
887,2,24,106,10,7.283295399336633,14
888,91,16,54,7,7.27744302438935,9
889,65,42,20,15,7.275621933808215,27
890,55,20,68,7,7.273979151335479,13
891,106,13,57,6,7.272492874678534,7
892,62,10,96,3,7.268496266352443,7
893,110,16,70,6,7.267896542251015,10
894,41,31,31,12,7.267301725174954,19
895,75,19,81,7,7.259552889264539,12
896,38,11,54,4,7.25460278530091,7
897,98,12,93,5,7.2513528092711335,7
898,46,13,90,5,7.250761878801304,8
899,31,14,5,5,7.246607645789562,9
900,54,32,40,13,7.243609732204195,19
901,20,10,75,4,7.241047227766171,6
902,13,60,106,23,7.22482230869508,37
903,35,20,40,7,7.2238461178978355,13
904,41,12,3,3,7.218526234783575,9
905,53,17,61,6,7.205087339517602,11
906,27,20,63,9,7.19472225275396,11
907,23,12,47,4,7.180906240191946,8
908,36,16,112,6,7.175574629533441,10
909,54,73,88,29,7.167655114831563,44
910,87,23,93,9,7.164798687762667,14
911,5,17,60,6,7.144002600647477,11
912,18,39,75,16,7.143872456900073,23
913,75,57,107,18,7.131800392099847,39
914,63,32,48,12,7.1299692009467925,20
915,88,11,67,3,7.127393540580368,8
916,88,23,3,9,7.12663205785296,14
917,50,21,18,9,7.12662202019937,12
918,67,12,107,4,7.124134838046416,8
919,86,28,83,9,7.1046405351353314,19
920,36,20,3,7,7.093052097907007,13
921,63,11,85,5,7.079874969572199,6
922,28,35,70,14,7.078735797739843,21
923,107,19,102,8,7.0774996579991125,11
924,102,14,98,6,7.075813129571894,8
925,63,21,38,7,7.07127755522525,14
926,50,14,49,6,7.064134383315743,8
927,100,21,25,9,7.062312436550092,12
928,44,13,64,5,7.05920038211248,8
929,30,39,65,15,7.0585708403802245,24
930,65,16,73,6,7.056062739811479,10
931,94,14,43,5,7.04208807677441,9
932,37,28,38,11,7.0413163805665135,17
933,62,15,51,6,7.028758985101916,9
934,100,16,18,7,7.026565168419708,9
935,95,15,40,6,7.026458120737083,9
936,91,30,98,12,7.005781194364029,18
937,45,14,86,6,7.001591160951405,8
938,80,13,48,4,6.99747900943173,9
939,62,15,5,6,6.992708759597391,9
940,114,19,1,7,6.990089974683044,12
941,111,23,13,10,6.988942249892523,13
942,17,20,55,9,6.987444025974705,11
943,46,23,39,11,6.9816941894182785,12
944,8,17,33,6,6.975602243001775,11
945,53,18,12,8,6.969479938527376,10
946,16,34,36,13,6.9623095532486845,21
947,32,18,104,6,6.95922508638955,12
948,15,11,50,4,6.950752908185209,7
949,19,13,39,6,6.948417519072789,7
950,99,12,88,5,6.93913123202866,7
951,68,15,19,7,6.924559442631492,8
952,75,19,30,8,6.923427737676235,11
953,16,38,46,15,6.9206390826160336,23
954,104,36,55,14,6.909075624793388,22
955,49,10,53,4,6.907813000954768,6
956,76,16,88,7,6.891817282335726,9
957,90,22,65,10,6.887045978873851,12
958,114,47,5,19,6.885144276646171,28
959,106,15,99,5,6.882359612487447,10
960,54,21,18,9,6.880495431858326,12
961,84,13,78,5,6.8775899451817635,8
962,57,12,36,4,6.873476463690229,8
963,7,48,87,18,6.866073104845454,30
964,60,43,4,19,6.864343045215706,24
965,75,17,11,7,6.860129083231025,10
966,114,19,96,7,6.8573207383282995,12
967,13,29,95,12,6.852052215706936,17
968,7,99,51,37,6.849475435937799,62
969,86,80,96,31,6.839782165020975,49
970,78,14,96,5,6.830515928543477,9
971,95,25,106,9,6.830338155584792,16
972,7,20,46,7,6.829366067671735,13
973,41,14,112,6,6.823248745421375,8
974,68,69,31,28,6.821634358561019,41
975,30,22,104,10,6.820606807560422,12
976,56,13,4,6,6.816273515879696,7
977,25,14,9,5,6.810304163725227,9
978,51,20,96,8,6.809158319794973,12
979,39,22,38,9,6.807429116943057,13
980,100,16,114,6,6.806713890734189,10
981,60,18,45,8,6.8022482279138705,10
982,108,25,13,9,6.801707995205209,16
983,49,10,71,4,6.800377692667283,6
984,55,10,31,4,6.798197972656263,6
985,39,14,29,6,6.7842531834204545,8
986,6,14,27,6,6.780540737481572,8
987,81,10,108,4,6.778588424753946,6
988,33,23,107,10,6.763493299081546,13
989,53,13,90,5,6.752088210585151,8
990,30,19,18,8,6.749976540021853,11
991,94,10,71,4,6.748460655059317,6
992,74,38,96,14,6.731828732252355,24
993,14,13,95,5,6.731405281187272,8
994,100,11,95,5,6.722166987268522,6
995,65,10,32,4,6.718474357729474,6
996,28,35,97,13,6.716635909782017,22
997,83,15,74,7,6.703298030488857,8
998,15,12,91,6,6.697476716978323,6
999,111,11,106,3,6.697425895741327,8
1000,7,21,38,9,6.693287820142804,12
1001,107,20,47,8,6.679988416533418,12
1002,49,14,70,6,6.672966411521808,8
1003,27,36,88,16,6.672694825026893,20
1004,14,13,13,4,6.663851771345142,9
1005,83,11,71,5,6.656205380333864,6
1006,71,19,37,8,6.653996053488669,11
1007,76,15,114,5,6.6539119931134865,10
1008,32,26,5,10,6.647447060451906,16
1009,16,28,64,10,6.6466026985544655,18
1010,4,30,65,12,6.6356003955737535,18
1011,25,48,5,19,6.626414170343125,29
1012,97,25,68,10,6.6196959499026775,15
1013,16,30,100,11,6.617449381235235,19
1014,71,18,81,7,6.61709770119633,11
1015,39,75,51,31,6.615588090433578,44
1016,34,16,30,6,6.601140375094157,10
1017,80,18,37,7,6.595363149795721,11
1018,65,28,96,12,6.593487230396348,16
1019,13,40,43,18,6.584602401444723,22
1020,40,26,1,10,6.58137324665705,16
1021,53,26,114,11,6.571088082289226,15
1022,104,37,25,16,6.567754121461538,21
1023,107,44,53,17,6.556157644451656,27
1024,77,21,18,7,6.545250800191177,14
1025,49,10,55,4,6.541972088163769,6
1026,35,15,28,7,6.525585250622975,8
1027,90,10,102,5,6.502237322589002,5
1028,1,20,54,8,6.493394551110143,12
1029,48,10,104,4,6.493358473776671,6
1030,70,20,9,7,6.477071321597407,13
1031,90,25,87,10,6.4548524533916245,15
1032,27,30,86,11,6.453315924089684,19
1033,6,10,28,4,6.452419128804086,6
1034,4,20,87,7,6.445923142452618,13
1035,75,49,16,20,6.443913435512626,29
1036,86,39,36,16,6.439394441072944,23
1037,41,20,109,7,6.432688342356182,13
1038,40,16,33,5,6.427211772717694,11
1039,28,13,53,5,6.426853986137571,8
1040,100,30,86,14,6.417275816064882,16
1041,107,19,77,8,6.416947048354687,11
1042,65,57,88,21,6.408593036147459,36
1043,16,28,27,11,6.408237051000657,17
1044,106,13,77,6,6.407119934187455,7
1045,74,13,77,5,6.38427445953612,8
1046,50,27,71,11,6.379934345675859,16
1047,74,32,84,15,6.379678119893638,17
1048,7,21,56,9,6.361794853449644,12
1049,28,12,44,6,6.357970575228094,6
1050,92,13,27,6,6.356396578041118,7
1051,11,20,98,9,6.338677652860182,11
1052,13,18,94,7,6.333471224988879,11
1053,54,14,112,5,6.3267118256224935,9
1054,76,11,57,4,6.324386635638288,7
1055,29,13,55,5,6.301089833667023,8
1056,39,16,83,6,6.297771796270439,10
1057,23,17,114,6,6.291790840234864,11
1058,87,26,57,10,6.2897492965158115,16
1059,70,16,64,5,6.286009204558742,11
1060,16,12,92,3,6.284475222709882,9
1061,41,11,102,4,6.282861273718874,7
1062,86,21,4,8,6.2794844995496994,13
1063,20,45,5,17,6.270373633442785,28
1064,16,28,43,10,6.26554728557569,18
1065,15,12,95,5,6.265255655621163,7
1066,92,22,39,10,6.263991845659126,12
1067,86,83,88,34,6.254550732132806,49
1068,13,42,23,19,6.251092872805499,23
1069,43,17,5,7,6.250727481432205,10
1070,54,15,62,6,6.240490314200175,9
1071,28,32,9,14,6.237351159402921,18
1072,104,41,50,16,6.230364171354915,25
1073,13,17,6,7,6.226729543003945,10
1074,80,31,55,14,6.225846961531592,17
1075,38,21,65,10,6.225284615552252,11
1076,86,18,34,7,6.204793306210544,11
1077,74,28,70,13,6.203999405338755,15
1078,63,28,2,12,6.200018491851485,16
1079,55,14,35,6,6.181710197353361,8
1080,28,54,84,22,6.1786789402149065,32
1081,97,23,76,10,6.171425808149794,13
1082,54,28,60,11,6.171029746511066,17
1083,13,47,36,18,6.167141158071529,29
1084,63,10,89,3,6.159771716986653,7
1085,16,13,58,5,6.156802466115244,8
1086,85,11,20,5,6.150943417431858,6
1087,31,15,112,5,6.149641402394961,10
1088,40,48,39,19,6.1478732659202615,29
1089,28,23,17,9,6.144271685607964,14
1090,78,16,63,8,6.142144937717797,8
1091,109,14,46,6,6.137839688733693,8
1092,23,10,48,4,6.136507124451633,6
1093,31,13,80,4,6.13276887148396,9
1094,55,24,97,9,6.128965912516967,15
1095,25,35,88,12,6.123879676950231,23
1096,81,13,31,4,6.117159791325403,9
1097,90,12,7,5,6.108519045195328,7
1098,102,12,60,5,6.102540677846686,7
1099,23,40,88,14,6.098802854801483,26
1100,98,39,86,17,6.096402500191193,22
1101,111,23,107,11,6.08814286411973,12
1102,74,14,48,7,6.068043245358376,7
1103,23,27,41,11,6.068042449918637,16
1104,23,18,28,8,6.06620277166243,10
1105,69,19,68,8,6.057902735707317,11
1106,90,19,63,8,6.053395439788756,11
1107,16,48,68,18,6.053036366464971,30
1108,8,16,32,7,6.041444852098721,9
1109,7,24,98,9,6.0336860037819795,15
1110,75,31,31,14,6.033482134287373,17
1111,64,38,86,16,6.030765339147399,22
1112,64,30,65,13,6.029400567070289,17
1113,91,17,50,6,6.027790824025911,11
1114,95,20,46,8,6.027785407812038,12
1115,30,31,71,13,6.024215205048038,18
1116,99,10,17,4,6.0116233289389776,6
1117,54,57,70,23,6.000249372764343,34
1118,87,20,97,7,5.9946622011567,13
1119,114,25,31,11,5.991876520395493,14
1120,74,12,27,6,5.991317096712259,6
1121,87,26,53,12,5.989154391587491,14
1122,64,20,18,8,5.974775055211904,12
1123,112,19,76,9,5.969192222728869,10
1124,97,18,40,7,5.966918416140386,11
1125,68,52,53,21,5.964244334939563,31
1126,97,12,10,6,5.950831581917705,6
1127,39,12,14,5,5.947548147792332,7
1128,33,15,7,7,5.9471342175078945,8
1129,16,40,71,15,5.938571238576761,25
1130,37,45,63,18,5.933785173114154,27
1131,73,20,114,8,5.924435121305103,12
1132,93,10,63,4,5.9175632502755855,6
1133,41,15,45,5,5.9144627061547626,10
1134,100,33,107,16,5.907266287901798,17
1135,93,16,25,7,5.904464695396421,9
1136,109,19,34,8,5.8910600256239505,11
1137,46,12,36,5,5.882094180819339,7
1138,54,53,106,24,5.881114693459095,29
1139,104,49,28,21,5.869912935195163,28
1140,86,27,81,9,5.867982727130613,18
1141,62,17,9,7,5.86600144742425,10
1142,54,36,95,16,5.865979569344106,20
1143,51,52,65,20,5.865717524678075,32
1144,34,17,7,7,5.863504951401833,10
1145,7,20,112,8,5.8633899504874805,12
1146,74,37,46,14,5.850135921281393,23
1147,58,13,87,5,5.8383296210552,8
1148,40,16,5,7,5.820527251695649,9
1149,100,10,49,5,5.813425744151518,5
1150,80,28,106,11,5.812470547213421,17
1151,79,13,20,5,5.810117746469002,8
1152,7,45,64,20,5.801061458968774,25
1153,74,28,55,12,5.797157459674129,16
1154,98,26,63,11,5.795644107915217,15
1155,16,17,35,6,5.790753866714489,11
1156,64,30,71,11,5.764884814228726,19
1157,58,13,53,7,5.756559382638666,6
1158,36,12,77,5,5.751140829309578,7
1159,107,44,9,19,5.739717930392418,25
1160,25,42,106,16,5.73768822242091,26
1161,13,48,25,22,5.729332953997915,26
1162,45,14,9,5,5.727853500458987,9
1163,25,26,51,11,5.72613511284895,15
1164,41,18,37,7,5.716493275276269,11
1165,23,10,102,4,5.7160538226538815,6
1166,114,26,40,9,5.715670519906256,17
1167,29,11,54,5,5.709851331879876,6
1168,51,26,69,10,5.708510695737555,16
1169,74,22,109,8,5.703058853572775,14
1170,70,10,32,5,5.692479372096213,5
1171,23,10,43,4,5.689859175567734,6
1172,106,46,5,18,5.689619439430471,28
1173,30,25,55,10,5.686463879094618,15
1174,102,10,95,4,5.685319962340818,6
1175,47,18,68,7,5.681623794437403,11
1176,94,10,25,5,5.671887186214519,5
1177,75,39,37,14,5.670197882049105,25
1178,16,31,99,13,5.665818337043021,18
1179,16,48,37,20,5.664774565241773,28
1180,54,11,82,4,5.664278302313932,7
1181,43,12,68,5,5.6614021510813615,7
1182,9,13,61,5,5.652969843590383,8
1183,4,10,97,4,5.649870700339136,6
1184,39,13,97,5,5.649731064357227,8
1185,73,23,74,9,5.649045009007229,14
1186,109,11,77,5,5.645459503468274,6
1187,86,28,73,13,5.62531345595925,15
1188,5,21,17,7,5.625033929201379,14
1189,95,26,50,11,5.619957219349123,15
1190,16,48,50,20,5.617696720442929,28
1191,114,22,3,8,5.616945915532873,14
1192,6,10,50,4,5.6169206992817635,6
1193,30,14,90,6,5.614315415339312,8
1194,100,15,50,6,5.612526049660052,9
1195,27,14,43,7,5.609839390205427,7
1196,38,13,18,6,5.608114426083465,7
1197,70,17,98,6,5.604121247592221,11
1198,99,11,63,5,5.595807733799709,6
1199,87,32,25,14,5.592843725263717,18
1200,62,21,68,9,5.591004045591886,12
1201,7,14,79,6,5.580594560810972,8
1202,39,54,68,24,5.5781138607757725,30
1203,12,17,71,7,5.57619075244912,10
1204,42,11,69,5,5.570250078296481,6
1205,11,31,54,13,5.5650490652973295,18
1206,37,60,104,24,5.563475261062019,36
1207,63,11,10,4,5.56040496031845,7
1208,16,97,51,41,5.559678337054511,56
1209,31,10,95,4,5.5581891593402775,6
1210,76,14,102,6,5.556814882908007,8
1211,46,11,4,5,5.55622187464566,6
1212,8,41,25,16,5.550067480025434,25
1213,36,53,31,23,5.548564460468652,30
1214,25,18,84,7,5.5466876181289715,11
1215,13,53,87,20,5.545367454785238,33
1216,86,51,75,23,5.544222274149607,28
1217,75,16,84,7,5.542746956131477,9
1218,28,36,18,16,5.538955354420103,20
1219,106,31,23,15,5.535479536227778,16
1220,114,45,68,19,5.528966703625285,26
1221,30,23,88,11,5.525413582454542,12
1222,33,14,102,6,5.525239013163607,8
1223,88,24,57,11,5.524909922819241,13
1224,28,33,7,13,5.522079859732702,20
1225,62,10,20,4,5.517288163699186,6
1226,87,59,37,24,5.516733087496062,35
1227,95,19,83,7,5.510188596504647,12
1228,32,13,109,6,5.5080518973086185,7
1229,67,10,102,4,5.49724656177184,6
1230,62,20,40,10,5.493314127309687,10
1231,18,10,62,4,5.493140482819633,6
1232,15,20,54,9,5.4915266593547525,11
1233,65,49,40,21,5.488110460552834,28
1234,114,23,70,9,5.484820175107314,14
1235,85,11,84,4,5.48105113312394,7
1236,14,10,75,4,5.479308338136782,6
1237,99,17,36,6,5.4766719172319,11
1238,69,30,86,13,5.472935342008731,17
1239,80,11,68,4,5.466227321340817,7
1240,49,17,30,7,5.458460770772241,10
1241,75,43,71,16,5.454468163058883,27
1242,97,18,57,8,5.45235309786646,10
1243,91,18,18,7,5.437015235679076,11
1244,49,11,37,5,5.40579366661915,6
1245,4,11,58,4,5.405037105567146,7
1246,9,11,66,5,5.404825557202403,6
1247,54,31,90,13,5.397442007333916,18
1248,93,24,54,9,5.392828840599427,15
1249,100,24,7,10,5.390746304293862,14
1250,107,24,109,9,5.374789076628488,15
1251,75,30,63,13,5.362343223381901,17
1252,98,12,17,6,5.361440435561062,6
1253,7,35,97,16,5.356987360153851,19
1254,62,18,65,8,5.34575502328806,10
1255,97,14,102,5,5.335160623731844,9
1256,96,12,3,5,5.334597635289893,7
1257,86,29,38,12,5.322940889897509,17
1258,61,15,60,7,5.316729344745585,8
1259,87,62,65,25,5.311793490232524,37
1260,111,25,55,10,5.307717141421055,15
1261,30,11,35,5,5.293385259461386,6
1262,14,19,28,7,5.288795345484194,12
1263,56,11,88,5,5.280224334897691,6
1264,50,17,30,7,5.272543611954233,10
1265,28,11,92,4,5.26619903758234,7
1266,25,26,40,11,5.242222631716463,15
1267,16,19,79,8,5.241758370421846,11
1268,98,15,40,7,5.239271076053035,8
1269,65,15,14,7,5.239230657167624,8
1270,91,21,25,9,5.236778929543691,12
1271,71,47,13,21,5.235216499316668,26
1272,88,17,112,7,5.231027938888666,10
1273,35,11,5,5,5.226534281744142,6
1274,39,19,37,8,5.220509672747162,11
1275,40,22,37,10,5.2189812618502875,12
1276,67,11,84,4,5.218285236173895,7
1277,33,12,91,6,5.213867650447791,6
1278,34,18,55,8,5.202160532736089,10
1279,41,15,89,6,5.196780511481055,9
1280,40,13,113,5,5.193726392686624,8
1281,84,24,48,9,5.188857256683019,15
1282,107,30,38,12,5.1863355550449874,18
1283,4,24,51,9,5.183921696313047,15
1284,75,17,97,7,5.183439015487436,10
1285,75,26,47,9,5.17693162231529,17
1286,2,40,50,17,5.160264368077373,23
1287,91,11,56,5,5.1601828143932735,6
1288,67,12,5,5,5.159840528973067,7
1289,111,14,39,6,5.158992286191915,8
1290,8,54,63,24,5.156454172512435,30
1291,87,46,50,21,5.1516202521080965,25
1292,63,13,79,5,5.150156389678723,8
1293,106,24,9,10,5.150083731218861,14
1294,44,15,88,7,5.148664566159752,8
1295,107,58,20,25,5.1376242090423085,33
1296,109,12,4,5,5.135069245647407,7
1297,40,30,58,14,5.133397385337812,16
1298,75,18,4,7,5.112428644465592,11
1299,55,23,70,10,5.1032220329288345,13
1300,53,25,104,11,5.0942603831986055,14
1301,87,11,110,4,5.0925904586002675,7
1302,60,24,95,10,5.089480392621887,14
1303,107,61,104,25,5.0845878069653105,36
1304,7,17,62,7,5.083532766636536,10
1305,32,10,20,3,5.082163415292109,7
1306,90,13,33,5,5.072843762888294,8
1307,16,90,107,34,5.0705236105975295,56
1308,46,17,65,6,5.066104910854949,11
1309,55,29,63,13,5.056066807562624,16
1310,81,14,63,6,5.016441825370756,8
1311,93,26,5,10,5.004460526821323,16
1312,7,41,106,20,5.003800212982272,21
1313,32,12,68,4,4.994599728673895,8
1314,104,30,63,13,4.993963037729944,17
1315,74,15,71,7,4.993812181109021,8
1316,27,25,39,12,4.989393098929608,13
1317,23,17,15,7,4.9841342107101605,10
1318,14,18,51,6,4.969794868699566,12
1319,1,15,87,7,4.968031301569397,8
1320,40,49,107,19,4.964616090179718,30
1321,109,16,38,6,4.964461961570972,10
1322,62,12,8,4,4.9642207369004785,8
1323,96,23,90,9,4.963939687748078,14
1324,39,18,77,8,4.961640817784317,10
1325,20,36,96,15,4.958331873160826,21
1326,57,20,39,9,4.958056164867145,11
1327,13,32,8,13,4.955794878282507,19
1328,56,19,68,9,4.94813216675333,10
1329,86,33,17,16,4.947496305270282,17
1330,76,12,49,5,4.943121216792114,7
1331,77,14,87,6,4.942401920251487,8
1332,37,11,108,5,4.94147061612662,6
1333,20,21,55,9,4.931554548881413,12
1334,114,22,9,7,4.931319071415342,15
1335,74,56,106,24,4.924754963776778,32
1336,65,31,17,11,4.917244641739984,20
1337,54,12,108,4,4.909695920764135,8
1338,46,48,54,20,4.906943181154001,28
1339,76,27,55,10,4.8923898677809445,17
1340,83,39,5,18,4.890865835189014,21
1341,65,44,9,18,4.887961308210911,26
1342,8,12,3,7,4.88781937501622,5
1343,69,11,95,4,4.882909765417961,7
1344,30,11,114,5,4.8820710984651585,6
1345,81,15,18,6,4.877040041598752,9
1346,51,11,38,4,4.8736842084361065,7
1347,88,10,110,5,4.870544753091405,5
1348,37,54,106,25,4.865641247327302,29
1349,13,76,51,34,4.864695881399953,42
1350,5,10,89,3,4.86246564090175,7
1351,84,15,57,7,4.8613201853007775,8
1352,97,12,32,5,4.851459349576839,7
1353,104,23,100,9,4.850527098250832,14
1354,94,15,54,6,4.847006166736522,9
1355,5,30,51,11,4.841333405150811,19
1356,83,20,64,9,4.840996077098241,11
1357,75,39,39,18,4.835166255544909,21
1358,8,15,67,6,4.831909846155583,9
1359,31,19,25,9,4.823839301099763,10
1360,14,15,54,5,4.820525855929132,10
1361,23,27,68,13,4.81982927042641,14
1362,83,30,8,14,4.811627367676455,16
1363,6,12,106,5,4.810944704219048,7
1364,100,13,17,4,4.805895298432701,9
1365,96,13,108,6,4.805162668071275,7
1366,114,36,51,17,4.804348446858166,19
1367,110,16,16,7,4.801952356665634,9
1368,75,22,96,7,4.801381492311931,15
1369,111,11,25,5,4.797175922879397,6
1370,8,29,9,15,4.796436219845455,14
1371,84,14,76,6,4.794994736983405,8
1372,9,17,1,9,4.794059502939978,8
1373,76,33,5,14,4.788314400539968,19
1374,9,12,5,5,4.777710715122403,7
1375,93,26,28,10,4.7762193932866115,16
1376,13,31,54,12,4.774769567956579,19
1377,90,13,70,6,4.771084444295362,7
1378,12,15,31,7,4.770632464521183,8
1379,60,16,97,8,4.770560692259114,8
1380,54,29,68,12,4.767490638996211,17
1381,93,16,50,6,4.755526241513054,10
1382,90,30,5,12,4.752640516818983,18
1383,74,38,63,17,4.748458787006123,21
1384,25,16,77,7,4.745845616411638,9
1385,55,57,65,25,4.744057377410872,32
1386,16,97,7,43,4.743286222921809,54
1387,97,11,3,4,4.740273088979023,7
1388,8,41,46,19,4.737192297274268,22
1389,85,16,54,6,4.730021736475019,10
1390,15,14,75,5,4.729161606780822,9
1391,47,17,86,7,4.720142586161402,10
1392,3,12,43,5,4.714914149800726,7
1393,11,38,88,16,4.710454574435891,22
1394,15,19,68,7,4.704332289270894,12
1395,55,45,60,20,4.699539635247214,25
1396,9,15,38,7,4.694842617038377,8
1397,60,26,41,12,4.687979614839915,14
1398,71,16,5,7,4.686451238703377,9
1399,108,17,87,7,4.682000852364703,10
1400,70,27,20,11,4.678638629207437,16
1401,53,22,81,9,4.67351225402936,13
1402,52,12,8,5,4.669562642233978,7
1403,55,14,98,5,4.662824671110214,9
1404,25,15,47,7,4.655390231832646,8
1405,64,27,63,12,4.655022536417097,15
1406,27,15,25,7,4.649655011418165,8
1407,73,14,13,6,4.642713338622983,8
1408,73,19,109,8,4.637139105733967,11
1409,43,24,88,10,4.636555985964769,14
1410,60,22,25,10,4.636282806493916,12
1411,106,15,110,7,4.633960085739299,8
1412,32,11,51,5,4.6285064285954,6
1413,8,63,87,27,4.62091726825585,36
1414,49,17,9,8,4.620658268254684,9
1415,28,23,71,9,4.6154330872159655,14
1416,7,42,55,17,4.609551229914398,25
1417,37,72,86,32,4.607837359690983,40
1418,16,77,87,34,4.603852734885346,43
1419,7,35,3,14,4.603775118928216,21
1420,23,11,30,5,4.601908928188203,6
1421,77,13,95,6,4.60149322445291,7
1422,55,20,64,7,4.598509710106534,13
1423,7,94,88,42,4.598064452346124,52
1424,50,32,96,14,4.592653394244439,18
1425,78,16,87,8,4.5883039297327395,8
1426,60,30,8,14,4.584471076654316,16
1427,71,24,87,11,4.583143708944138,13
1428,100,12,30,5,4.575260966636385,7
1429,7,23,58,11,4.575034525669344,12
1430,99,14,95,6,4.572737764013027,8
1431,35,10,51,4,4.572048310137619,6
1432,99,16,104,8,4.5627492392393,8
1433,70,15,23,7,4.554568026577778,8
1434,109,13,67,7,4.5540965230597985,6
1435,74,10,112,4,4.553694289700708,6
1436,107,19,85,8,4.552488211197705,11
1437,83,15,46,7,4.551826612706301,8
1438,1,11,39,6,4.548291694643937,5
1439,23,24,76,11,4.537606040144393,13
1440,88,51,9,22,4.537426821075463,29
1441,8,24,102,11,4.537070383836359,13
1442,12,16,39,7,4.536622423025636,9
1443,71,28,68,11,4.532265816801447,17
1444,106,23,75,11,4.532198108241345,12
1445,37,43,55,20,4.516821858156878,23
1446,62,10,104,3,4.50664568251795,7
1447,75,20,112,8,4.4989690721071325,12
1448,93,15,37,6,4.493445665639034,9
1449,64,15,3,6,4.492765978443915,9
1450,75,45,51,20,4.490318359114665,25
1451,55,11,27,5,4.4890470852362,6
1452,13,24,3,8,4.479086737291787,16
1453,88,29,70,12,4.478319588858416,17
1454,30,40,16,17,4.476195567754862,23
1455,95,33,107,15,4.475609109265348,18
1456,65,74,107,32,4.4743161182651745,42
1457,96,31,25,14,4.4728328775528,17
1458,68,16,8,7,4.472450037155224,9
1459,88,30,18,14,4.470121317889942,16
1460,16,19,108,8,4.469566431052606,11
1461,98,16,84,6,4.468561917829734,10
1462,91,10,57,5,4.468260927215541,5
1463,19,11,28,5,4.4681779199018195,6
1464,37,18,32,8,4.466542082918521,10
1465,3,15,50,7,4.464463620895282,8
1466,78,13,98,6,4.463806568924881,7
1467,77,11,97,4,4.4549011553839994,7
1468,50,12,73,4,4.454782630059153,8
1469,95,44,16,20,4.453378575583387,24
1470,7,67,31,29,4.4532123702344615,38
1471,13,33,37,14,4.448467961015427,19
1472,95,15,109,6,4.444131433700797,9
1473,45,11,88,4,4.4416566980945715,7
1474,16,35,53,14,4.432680586189367,21
1475,86,115,5,49,4.430772584334587,66
1476,107,35,64,16,4.429693624174908,19
1477,102,20,87,8,4.423994697827657,12
1478,46,18,9,8,4.423884935946225,10
1479,99,30,13,13,4.420966828834258,17
1480,13,12,76,5,4.417032905676177,7
1481,7,64,53,28,4.416213736910661,36
1482,114,20,64,8,4.407773657880817,12
1483,97,14,29,6,4.39492891527919,8
1484,111,20,86,8,4.3910837466552355,12
1485,65,23,76,9,4.385586505985178,14
1486,11,63,86,28,4.377353463167258,35
1487,63,38,96,15,4.376849709142971,23
1488,74,13,9,5,4.37578055371931,8
1489,60,13,98,6,4.372454949323835,7
1490,55,24,9,10,4.371040618945099,14
1491,57,32,16,14,4.3708612009725964,18
1492,55,13,58,6,4.369004483506264,7
1493,40,23,23,10,4.368423326803309,13
1494,33,13,11,7,4.365968233102095,6
1495,104,31,54,14,4.355933806560286,17
1496,47,24,88,11,4.347102674354304,13
1497,70,29,65,11,4.343984179663613,18
1498,28,49,109,20,4.336990918241798,29
1499,60,12,22,5,4.334241842742782,7
1500,95,19,41,8,4.332143979792177,11
1501,15,19,86,8,4.320856963962771,11
1502,4,22,40,10,4.316643149060896,12
1503,17,19,20,8,4.3112321942034,11
1504,50,10,52,5,4.308197298973349,5
1505,20,22,109,8,4.302333411252667,14
1506,25,28,54,12,4.300413553073274,16
1507,20,21,44,9,4.299103845073809,12
1508,53,25,112,13,4.294359182673499,12
1509,85,14,96,5,4.283571776810651,9
1510,33,12,96,7,4.271042933020869,5
1511,80,11,60,5,4.259959127961849,6
1512,104,17,80,8,4.256665633473226,9
1513,106,14,34,7,4.243674039664675,7
1514,20,22,46,8,4.241307956001942,14
1515,31,12,74,5,4.240578281890586,7
1516,60,21,1,9,4.237560386673236,12
1517,109,16,65,5,4.2330518085976205,11
1518,30,20,28,8,4.226225794824841,12
1519,71,11,44,5,4.223524348839462,6
1520,4,19,18,8,4.220670692754494,11
1521,30,36,87,16,4.216616531421399,20
1522,27,11,112,5,4.214543381192911,6
1523,41,41,68,18,4.207626519911898,23
1524,65,56,36,24,4.205692860728479,32
1525,78,15,54,6,4.204577974310618,9
1526,47,13,28,6,4.1983584961153175,7
1527,23,18,100,7,4.197161790157007,11
1528,7,14,48,7,4.194687020035504,7
1529,40,55,88,24,4.188882138376305,31
1530,23,27,25,12,4.182190113226028,15
1531,40,22,50,8,4.17370334148128,14
1532,86,26,78,11,4.169788407826314,15
1533,53,15,62,7,4.1594095703321505,8
1534,75,15,2,7,4.157456952203449,8
1535,60,10,62,4,4.155747625311636,6
1536,6,16,107,7,4.1501606565339015,9
1537,20,13,73,5,4.146065391689569,8
1538,53,47,71,20,4.141303557057986,27
1539,100,18,74,8,4.138016461047893,10
1540,23,11,29,5,4.138000210796417,6
1541,11,11,69,4,4.13792149131312,7
1542,71,11,20,4,4.13643055739397,7
1543,76,32,104,13,4.1357118218948905,19
1544,45,22,65,11,4.1259231703887,11
1545,29,11,106,5,4.122686341567239,6
1546,12,14,68,6,4.108669111305504,8
1547,16,15,93,7,4.106290602314813,8
1548,114,21,46,9,4.104107153511736,12
1549,93,14,109,6,4.103558953267082,8
1550,83,20,93,9,4.100880722204593,11
1551,87,26,64,12,4.098181725889203,14
1552,44,17,13,7,4.094425843022237,10
1553,36,11,19,5,4.088590218421688,6
1554,74,22,50,10,4.086243740312162,12
1555,60,57,40,25,4.067256254892929,32
1556,9,29,63,13,4.065325398742935,16
1557,7,26,17,11,4.064887482017846,15
1558,43,10,95,4,4.063398320607949,6
1559,34,10,38,4,4.0610942900478735,6
1560,16,28,80,12,4.056076921695064,16
1561,107,23,62,12,4.0504669700597535,11
1562,32,10,40,5,4.050021677419869,5
1563,11,13,79,7,4.047561716338114,6
1564,7,21,50,10,4.045740478776832,11
1565,13,51,46,22,4.0456877154321305,29
1566,1,10,43,5,4.038976715758721,5
1567,71,13,47,6,4.030916530509353,7
1568,96,30,88,14,4.030096740212507,16
1569,104,16,3,7,4.020656220421076,9
1570,102,28,114,12,4.017120825737178,16
1571,104,44,51,17,4.0154244082227635,27
1572,8,20,110,8,4.013172679497404,12
1573,50,70,28,30,4.011477637487843,40
1574,55,36,54,17,4.011039158800403,19
1575,99,20,86,8,4.0098912228328505,12
1576,66,12,31,5,4.008754872558654,7
1577,86,20,77,8,4.0075201103206535,12
1578,58,10,51,4,3.9912030401078082,6
1579,13,70,107,32,3.9870909466214273,38
1580,34,17,17,7,3.985705258546001,10
1581,41,14,43,6,3.977377796491963,8
1582,96,12,14,5,3.975747798085754,7
1583,104,72,65,33,3.97064919727685,39
1584,13,11,29,5,3.9675884694704666,6
1585,49,22,17,8,3.9654437170334917,14
1586,74,24,93,11,3.9601017688790825,13
1587,88,50,104,21,3.9536343834384886,29
1588,72,17,16,8,3.952768658773343,9
1589,34,12,76,6,3.9517678907570333,6
1590,37,17,100,7,3.9481789557688414,10
1591,6,11,40,5,3.9442678680230823,6
1592,87,32,40,15,3.9412626429874287,17
1593,51,40,46,17,3.9395834900065485,23
1594,57,13,20,6,3.938990600573013,7
1595,80,10,97,4,3.9365866928471034,6
1596,64,13,15,7,3.9332029302911167,6
1597,16,20,3,8,3.933123710020239,12
1598,57,11,50,4,3.9290278222481443,7
1599,100,21,13,9,3.928732330408649,12
1600,5,28,2,12,3.923277825320168,16
1601,37,38,70,16,3.9227382855891664,22
1602,20,17,48,7,3.9196076613306303,10
1603,49,30,86,14,3.9188195592198185,16
1604,89,13,86,7,3.91749283769541,6
1605,60,21,96,7,3.912428069824762,14
1606,98,19,49,9,3.906322793569991,10
1607,102,26,37,11,3.9015784283610255,15
1608,7,29,47,12,3.897446682675393,17
1609,17,16,63,7,3.896935952486399,9
1610,55,44,11,18,3.8920841591670343,26
1611,76,13,62,6,3.8913968956310088,7
1612,20,60,54,29,3.889395355455088,31
1613,110,10,17,4,3.8887191359542532,6
1614,11,15,17,7,3.886158778436342,8
1615,1,11,112,6,3.882693398534097,5
1616,43,11,35,4,3.879532298464463,7
1617,18,13,98,7,3.8754830902904014,6
1618,95,36,87,16,3.86940077356921,20
1619,108,11,68,5,3.868849039567309,6
1620,11,16,51,8,3.8660778701548058,8
1621,61,14,3,7,3.8634760566658217,7
1622,41,25,114,12,3.854494902198664,13
1623,65,14,6,6,3.853639209419111,8
1624,65,34,111,14,3.8475275648066685,20
1625,28,11,31,5,3.8453747580936164,6
1626,86,54,46,21,3.8441180756964655,33
1627,18,23,31,11,3.843025830767866,12
1628,91,26,13,12,3.831748260733109,14
1629,70,30,51,14,3.8297117807076555,16
1630,44,16,87,7,3.8267549460576484,9
1631,60,12,66,4,3.826632219817407,8
1632,55,21,4,10,3.821660634263142,11
1633,49,10,3,4,3.8208441036339096,6
1634,86,32,18,13,3.8203668272153473,19
1635,91,18,31,7,3.8197018311679423,11
1636,110,16,5,7,3.8138584796050923,9
1637,39,12,78,6,3.805891795343841,6
1638,20,13,104,5,3.7974160411444706,8
1639,20,48,28,21,3.791556613480696,27
1640,44,19,6,7,3.787510949793907,12
1641,28,12,49,6,3.781572164594755,6
1642,104,13,92,7,3.7768187223532306,6
1643,63,19,4,8,3.775833657808686,11
1644,88,16,6,7,3.757051253043465,9
1645,18,55,53,25,3.751842811643862,30
1646,15,21,65,9,3.7445792583431645,12
1647,53,42,40,19,3.7429391558119995,23
1648,1,13,4,5,3.736039087851971,8
1649,86,65,25,30,3.735239092039536,35
1650,28,53,54,23,3.7338255427128044,30
1651,75,42,88,18,3.726903391628384,24
1652,68,32,1,14,3.7223643323886373,18
1653,91,10,80,4,3.7198935399827406,6
1654,3,26,87,11,3.717890875730803,15
1655,12,14,3,5,3.71740069479101,9
1656,47,23,51,11,3.7152423735731106,12
1657,15,21,5,8,3.714734226349825,13
1658,106,17,43,8,3.7068539679712273,9
1659,28,28,102,13,3.6997830630198973,15
1660,87,41,20,19,3.692217589912374,22
1661,13,68,40,31,3.690363085789059,37
1662,46,20,84,8,3.686829488531013,12
1663,39,48,53,21,3.6851162429567523,27
1664,52,11,107,4,3.6792228295103513,7
1665,101,14,68,5,3.6742625668258913,9
1666,71,12,27,5,3.672482180614424,7
1667,20,25,80,11,3.67142842734406,14
1668,62,10,50,4,3.6657345895143245,6
1669,19,10,88,5,3.6656067392732057,5
1670,86,53,104,24,3.66553549979236,29
1671,97,33,96,16,3.657438935158263,17
1672,53,11,100,5,3.656950058764998,6
1673,63,22,23,9,3.656375723040438,13
1674,90,10,71,5,3.6561036030201253,5
1675,107,21,32,10,3.6546977761524686,11
1676,109,15,9,8,3.6538651478462696,7
1677,76,35,107,13,3.6519592132431544,22
1678,17,11,18,6,3.651905683853181,5
1679,23,47,65,22,3.6506323242088645,25
1680,27,13,50,5,3.6503401008022798,8
1681,16,19,2,8,3.6499962386684337,11
1682,14,10,70,5,3.647042134114848,5
1683,30,28,60,10,3.642920901334595,18
1684,30,20,37,8,3.640395609700316,12
1685,20,15,68,7,3.640176972936066,8
1686,88,60,5,28,3.63799769202775,32
1687,75,14,108,6,3.6340908116173014,8
1688,48,11,108,4,3.6336145248971845,7
1689,86,82,84,40,3.631145683992793,42
1690,43,19,18,10,3.6267699505365183,9
1691,84,14,17,6,3.6228474870048992,8
1692,28,16,62,7,3.6140960069707964,9
1693,55,13,94,6,3.6120696685756317,7
1694,34,16,84,8,3.6041106207285085,8
1695,34,14,13,7,3.5918746626908384,7
1696,108,24,51,11,3.591871830422868,13
1697,58,13,71,6,3.5901555481142546,7
1698,97,10,95,4,3.58943247133478,6
1699,69,11,20,5,3.5870175414258565,6
1700,63,14,45,6,3.582850982463552,8
1701,33,12,23,5,3.5712223539857573,7
1702,1,23,51,11,3.568045705832745,12
1703,107,45,23,21,3.563700288354352,24
1704,16,71,8,31,3.5597923636148616,40
1705,64,11,33,4,3.5581108018586245,7
1706,28,19,36,9,3.5549996153541237,10
1707,23,13,57,6,3.554408044637193,7
1708,16,31,49,14,3.5542822347062724,17
1709,30,13,4,6,3.554167963462701,7
1710,40,65,36,28,3.5400829247343655,37
1711,88,26,69,11,3.536532050456282,15
1712,44,15,7,7,3.5352660207554516,8
1713,20,17,76,9,3.5278207011714735,8
1714,63,18,43,8,3.524851733785241,10
1715,7,17,30,9,3.521225077195732,8
1716,109,28,13,12,3.519799337045931,16
1717,112,11,17,5,3.5191492672023625,6
1718,97,22,17,10,3.51760245978497,12
1719,16,34,62,14,3.517446163588128,20
1720,8,38,104,17,3.50734140656749,21
1721,91,15,84,7,3.506943767095505,8
1722,49,10,33,4,3.5057518320537766,6
1723,74,16,23,7,3.505315761927058,9
1724,85,14,68,5,3.5027894631624408,9
1725,50,26,9,11,3.4989626487903873,15
1726,97,36,114,16,3.4948097299506915,20
1727,87,83,107,37,3.4895508090477105,46
1728,62,13,36,6,3.489528327052378,7
1729,36,30,51,14,3.4874600225025074,16
1730,25,20,70,9,3.484518115943736,11
1731,55,16,18,8,3.4810467173744706,8
1732,96,57,54,28,3.4766133859583515,29
1733,23,10,81,4,3.474530372802633,6
1734,73,14,16,7,3.4738693799097953,7
1735,74,60,5,28,3.469996146708342,32
1736,9,26,54,12,3.4668855776458427,14
1737,30,19,106,9,3.463995690702536,10
1738,13,32,1,13,3.4629329225242813,19
1739,13,12,84,5,3.4627368734629638,7
1740,77,10,17,4,3.4626586322684796,6
1741,20,46,37,21,3.4576214767552655,25
1742,106,49,51,22,3.457607975311814,27
1743,33,23,5,11,3.454327509177194,12
1744,37,21,23,10,3.453043705748743,11
1745,13,56,39,26,3.443344119398472,30
1746,114,29,39,14,3.441117211126096,15
1747,102,31,25,14,3.4382241991917164,17
1748,4,12,37,5,3.421871703775507,7
1749,17,11,36,6,3.4172736451567545,5
1750,104,26,98,14,3.4091853213510754,12
1751,13,46,64,23,3.4066631144062174,23
1752,68,20,17,8,3.395638967050425,12
1753,4,13,28,6,3.3940824912486867,7
1754,43,28,40,13,3.3929222536074835,15
1755,73,10,104,4,3.391491099464731,6
1756,39,48,55,21,3.389422612270981,27
1757,60,28,9,11,3.384232112219374,17
1758,36,28,55,13,3.383336577257353,15
1759,73,15,98,7,3.380055365181917,8
1760,39,16,81,7,3.3797099233441705,9
1761,107,56,55,26,3.3696189355898034,30
1762,40,17,20,7,3.3649339637959645,10
1763,54,25,97,12,3.3648153427656755,13
1764,14,23,8,10,3.3634201583462158,13
1765,7,48,27,22,3.361741499616722,26
1766,54,12,3,6,3.355227899021248,6
1767,97,34,16,16,3.3525321991063115,18
1768,84,35,106,17,3.3481230379842057,18
1769,83,10,20,5,3.3478898251644025,5
1770,40,15,91,7,3.345577169162442,8
1771,16,47,70,20,3.3445553948476245,27
1772,20,21,2,9,3.343168498501612,12
1773,75,13,33,5,3.342736023465548,8
1774,54,20,98,9,3.3414082574982986,11
1775,68,13,5,6,3.3380294056441144,7
1776,71,13,76,7,3.3359186512389036,6
1777,69,12,109,5,3.3344685187765166,7
1778,50,22,31,10,3.333423687645379,12
1779,41,19,50,8,3.331657114556134,11
1780,78,10,34,5,3.3271359801886424,5
1781,64,30,39,13,3.324524230733537,17
1782,9,13,81,6,3.321776466067701,7
1783,64,10,57,4,3.3215297930391765,6
1784,97,16,84,6,3.316428205809935,10
1785,60,31,75,14,3.3139158628036856,17
1786,16,35,17,14,3.312370376088436,21
1787,86,11,66,5,3.3092941516234364,6
1788,104,60,5,28,3.3007473735225052,32
1789,38,23,13,12,3.2949567300335865,11
1790,11,18,35,8,3.284704498757598,10
1791,16,18,45,7,3.276855643218357,11
1792,114,13,67,6,3.2746706512348434,7
1793,102,11,91,5,3.2738070744638943,6
1794,70,14,93,6,3.271451863431868,8
1795,13,12,102,4,3.269263582511039,8
1796,50,49,107,23,3.267933465353471,26
1797,60,24,109,11,3.2667081082674905,13
1798,98,23,76,10,3.2651133620022033,13
1799,76,14,95,6,3.2576515088397957,8
1800,7,24,74,9,3.257493143792888,15
1801,84,14,95,6,3.2568961944145873,8
1802,114,47,25,20,3.2540864225169766,27
1803,94,15,107,5,3.253497352477997,10
1804,87,47,28,22,3.244764597626062,25
1805,107,49,36,23,3.234838704648264,26
1806,56,10,97,5,3.231426212036921,5
1807,2,21,87,9,3.2308938185741103,12
1808,51,44,41,20,3.228342506596857,24
1809,4,21,16,11,3.2239938149007976,10
1810,23,55,7,25,3.2229283053761675,30
1811,97,29,63,13,3.2191950537106915,16
1812,55,39,28,16,3.2184704312839787,23
1813,64,19,23,9,3.212372911598019,10
1814,50,19,97,8,3.210625734622642,11
1815,60,47,31,24,3.2094707274879264,23
1816,44,12,76,5,3.2019945343572473,7
1817,36,41,39,18,3.1998605067578225,23
1818,55,49,5,22,3.1989531771818034,27
1819,68,14,81,6,3.1985312995714845,8
1820,9,38,51,18,3.197373775958875,20
1821,37,54,50,26,3.188335276013606,28
1822,83,25,65,12,3.1850517665827933,13
1823,47,11,69,5,3.1775295332798312,6
1824,88,56,68,25,3.171688752257409,31
1825,106,25,60,10,3.171261503808182,15
1826,110,16,86,7,3.1694821197260503,9
1827,75,39,9,17,3.168115043855195,22
1828,90,14,74,5,3.1680613510289204,9
1829,13,17,62,8,3.1612952767397977,9
1830,23,32,87,13,3.1607512154600745,19
1831,86,21,82,9,3.1586560919846263,12
1832,46,21,63,11,3.15628045747171,10
1833,87,13,17,6,3.1557879324593294,7
1834,13,15,112,7,3.153591174260179,8
1835,75,23,23,12,3.1487336010920157,11
1836,62,24,71,11,3.138232146026574,13
1837,5,27,91,11,3.121858390948631,16
1838,36,11,80,5,3.115857421175661,6
1839,53,29,55,13,3.115426410914569,16
1840,25,25,17,11,3.1106502600539105,14
1841,50,24,4,12,3.110559237136959,12
1842,86,93,28,41,3.109408757512059,52
1843,106,26,53,13,3.105027322219241,13
1844,109,25,106,12,3.1028448270841773,13
1845,92,15,60,6,3.101629065738582,9
1846,99,14,68,6,3.1001036150844663,8
1847,64,10,91,4,3.0993479020870796,6
1848,29,12,53,4,3.098310032912906,8
1849,13,27,77,12,3.097681583212727,15
1850,6,20,16,10,3.089484314971671,10
1851,45,14,87,6,3.0862202973256596,8
1852,98,22,37,10,3.078006071981288,12
1853,74,11,41,6,3.0735662157516845,5
1854,16,105,86,47,3.0722654083229974,58
1855,64,40,88,17,3.072237959143945,23
1856,75,30,25,13,3.069551733540898,17
1857,60,40,114,22,3.0670908685799034,18
1858,71,18,25,8,3.0644100067848146,10
1859,48,14,55,6,3.06362691776684,8
1860,30,21,68,10,3.043602381995945,11
1861,38,13,96,6,3.0422152322461717,7
1862,25,39,65,16,3.0368934823131175,23
1863,41,16,47,7,3.031406429138557,9
1864,35,13,84,6,3.030499439916225,7
1865,54,47,51,22,3.0297759973580076,25
1866,78,10,55,5,3.027993385213423,5
1867,6,27,7,15,3.013941061604383,12
1868,88,19,38,7,3.0023329742590956,12
1869,96,14,34,6,3.0017630147825622,8
1870,31,21,58,10,2.9999355657905133,11
1871,4,11,69,5,2.999484176661719,6
1872,11,46,107,21,2.9990181027783187,25
1873,64,28,41,11,2.9985462284656723,17
1874,27,10,18,5,2.996654278290002,5
1875,65,37,37,18,2.9918797859979525,19
1876,100,10,98,5,2.991009310778455,5
1877,74,10,30,5,2.9862406732405895,5
1878,72,10,51,5,2.9819518577631134,5
1879,13,35,50,16,2.981537535104847,19
1880,95,27,53,10,2.9811343498680327,17
1881,10,12,84,5,2.980259678929738,7
1882,13,67,55,31,2.978208210155153,36
1883,87,35,60,17,2.9762532182299,18
1884,36,32,4,13,2.9739066740354185,19
1885,60,12,94,6,2.9727316679047617,6
1886,18,33,51,16,2.9698165149321127,17
1887,2,21,37,10,2.9697580112694486,11
1888,47,11,53,5,2.9672181618537916,6
1889,7,89,86,38,2.9562630867796154,51
1890,20,36,16,14,2.9562315265653076,22
1891,87,23,49,12,2.9552067016674504,11
1892,80,16,8,8,2.9519293865537115,8
1893,86,78,8,38,2.9505503650201574,40
1894,15,25,7,13,2.945121443798055,12
1895,30,17,76,7,2.9372015853586086,10
1896,36,20,87,8,2.935573250897663,12
1897,49,11,97,4,2.9318959143747887,7
1898,99,15,65,7,2.9253489592007305,8
1899,17,10,43,5,2.923505312587325,5
1900,74,82,86,39,2.921287780715151,43
1901,102,19,106,10,2.9207255392565097,9
1902,63,88,86,37,2.918942627105092,51
1903,25,12,108,5,2.9132670669268244,7
1904,16,83,13,37,2.9094761152030717,46
1905,91,19,37,9,2.9050960547005245,10
1906,71,13,108,6,2.8992906212622866,7
1907,44,10,70,5,2.8975248911261433,5
1908,68,20,78,9,2.8969266940151797,11
1909,13,113,7,52,2.8945975489338593,61
1910,75,24,74,10,2.8903655619324433,14
1911,43,31,7,13,2.8869337290340304,18
1912,29,13,38,6,2.8767159163647986,7
1913,63,23,60,10,2.8746236800640075,13
1914,27,21,75,10,2.874214711599615,11
1915,28,54,65,24,2.8645560920703144,30
1916,60,48,86,22,2.8571270629897767,26
1917,88,53,28,23,2.854042679776566,30
1918,51,18,99,9,2.853477797374065,9
1919,73,16,96,7,2.8534303980093814,9
1920,74,20,18,10,2.84961422222247,10
1921,97,13,33,6,2.8486496222061595,7
1922,47,10,61,4,2.846896267551427,6
1923,17,28,39,12,2.8462345861289604,16
1924,23,13,104,5,2.8445076862849494,8
1925,102,25,54,11,2.843956333831335,14
1926,16,84,65,38,2.8433317593388674,46
1927,95,19,23,9,2.8404436396815522,10
1928,89,12,60,6,2.839673113881044,6
1929,77,18,65,9,2.836180648453274,9
1930,104,33,74,14,2.8329598216365466,19
1931,16,21,38,8,2.8217292489636367,13
1932,18,13,71,6,2.821320109059578,7
1933,64,13,47,5,2.8212403790572256,8
1934,99,17,15,7,2.8189668514207984,10
1935,51,32,109,12,2.817926639661738,20
1936,65,17,48,7,2.813018636762518,10
1937,68,33,106,15,2.8127952198562456,18
1938,99,15,41,7,2.8081672918617278,8
1939,106,14,112,7,2.805082024542767,7
1940,60,57,88,25,2.7991697386489363,32
1941,4,25,114,12,2.797376255941943,13
1942,7,26,1,12,2.7932054952385035,14
1943,100,13,36,6,2.7923934619121087,7
1944,86,19,108,10,2.7920033870005008,9
1945,9,15,97,8,2.7891659901703596,7
1946,88,67,107,29,2.788634980843412,38
1947,3,16,55,7,2.785774326842637,9
1948,16,27,84,13,2.780568773232003,14
1949,107,27,3,14,2.774749446201735,13
1950,5,11,10,6,2.7716738654503197,5
1951,38,11,40,6,2.7715520430648577,5
1952,5,17,77,8,2.765837567194589,9
1953,18,31,60,14,2.7592417090229198,17
1954,53,42,64,19,2.759026680292717,23
1955,51,67,107,28,2.7500079460300553,39
1956,29,19,107,7,2.739796334219244,12
1957,97,22,104,11,2.7396377781056174,11
1958,86,106,87,53,2.735845324305882,53
1959,65,50,106,23,2.735321183024918,27
1960,98,26,107,12,2.7337807533135248,14
1961,75,12,34,6,2.7327928404854553,6
1962,9,12,30,5,2.7296904854733155,7
1963,28,39,51,19,2.7279860075631754,20
1964,55,53,88,22,2.721264805593774,31
1965,104,31,70,14,2.720810924975006,17
1966,95,11,80,5,2.7197438471090796,6
1967,16,21,33,8,2.7169085795346413,13
1968,107,57,37,26,2.7122377942768776,31
1969,43,27,65,14,2.704466819899112,13
1970,12,14,18,6,2.7036570911929863,8
1971,88,32,109,14,2.698492977632003,18
1972,57,21,41,9,2.6943367288369697,12
1973,88,67,51,34,2.689202214280452,33
1974,65,40,71,17,2.686780335165667,23
1975,90,17,17,9,2.680753861205159,8
1976,39,25,5,12,2.679132217269287,13
1977,43,16,50,6,2.6787122504636622,10
1978,25,17,44,8,2.673535476281759,9
1979,95,18,75,8,2.672802736686619,10
1980,114,25,74,12,2.666972342657447,13
1981,47,10,76,7,2.6595736051653853,3
1982,74,13,91,6,2.658254293210725,7
1983,53,38,51,18,2.6567672529233444,20
1984,92,29,88,13,2.6541256559252315,16
1985,53,48,65,23,2.651912649859134,25
1986,30,24,8,11,2.6514132136935467,13
1987,23,43,86,20,2.6484576158238533,23
1988,16,60,5,25,2.6435184456824317,35
1989,86,28,62,13,2.642237041880456,15
1990,33,14,95,6,2.641545389608455,8
1991,54,28,114,14,2.6355280322257,14
1992,13,14,72,7,2.6344835838372402,7
1993,26,17,13,7,2.633153010513875,10
1994,41,44,16,22,2.6236346308099385,22
1995,11,26,20,11,2.6225934054521085,15
1996,11,12,41,4,2.61594797809933,8
1997,76,13,2,5,2.6134640032331116,8
1998,93,20,86,9,2.6126285193850958,11
1999,36,23,91,10,2.600483205457648,13
2000,12,21,51,9,2.595896084826951,12
2001,40,19,27,11,2.5947052105553365,8
2002,39,23,31,10,2.5934090452929373,13
2003,1,10,109,5,2.5929606771402254,5
2004,80,32,54,16,2.5928190955886388,16
2005,87,21,62,10,2.586304566496697,11
2006,104,50,7,23,2.5854072339864183,27
2007,47,11,91,5,2.565831417578021,6
2008,91,28,107,12,2.5653431282322665,16
2009,92,13,87,6,2.565186954563254,7
2010,102,20,74,9,2.5610411607037933,11
2011,83,10,63,6,2.557624644664858,4
2012,86,14,14,7,2.5565201304900333,7
2013,51,16,83,6,2.5563009225954785,10
2014,73,19,1,8,2.55342910039073,11
2015,52,13,16,6,2.542332195506542,7
2016,63,35,11,14,2.539597707853179,21
2017,111,11,60,4,2.535604443502029,7
2018,36,33,9,15,2.5279240780374668,18
2019,39,18,4,8,2.5267698999647226,10
2020,11,13,68,6,2.5250619833588033,7
2021,39,32,50,15,2.5245695496572065,17
2022,12,15,36,7,2.516319942513749,8
2023,62,18,39,9,2.5162035004252656,9
2024,63,30,13,14,2.513355364840314,16
2025,7,105,68,48,2.5114811010541342,57
2026,37,18,109,8,2.501013404341532,10
2027,11,20,48,9,2.499763597895506,11
2028,65,20,3,9,2.497136850038322,11
2029,87,20,31,10,2.492676559594957,10
2030,18,11,111,5,2.4899108726358863,6
2031,65,59,68,27,2.4863573145608644,32
2032,84,63,107,29,2.4836473699262265,34
2033,95,30,39,14,2.481130681096554,16
2034,7,61,9,30,2.475604646115282,31
2035,68,80,13,36,2.474643151114837,44
2036,4,17,81,7,2.4678124777063273,10
2037,87,40,74,18,2.4671563114027473,22
2038,74,17,69,9,2.4664972820824542,8
2039,54,10,27,5,2.4638694969344774,5
2040,32,10,50,6,2.444054190716271,4
2041,57,18,51,9,2.4421495714004644,9
2042,55,39,106,17,2.438139246666604,22
2043,41,24,69,9,2.4354335303163985,15
2044,87,21,99,9,2.4324110326808843,12
2045,91,20,75,13,2.432369433261267,7
2046,109,11,99,5,2.4195174025010595,6
2047,107,46,25,22,2.4187485647838765,24
2048,71,35,39,16,2.4158892555534424,19
2049,65,11,92,5,2.4112859752548714,6
2050,8,33,93,16,2.4111455321691304,17
2051,68,21,38,9,2.4070210829507572,12
2052,3,31,68,14,2.4024413251399013,17
2053,86,74,54,35,2.4008434716444915,39
2054,56,10,8,4,2.40008605471798,6
2055,85,10,7,4,2.393255933560983,6
2056,83,22,87,11,2.390357141943488,11
2057,111,12,8,6,2.390343846489095,6
2058,104,40,95,18,2.3890342183876085,22
2059,4,21,71,8,2.3871750117365993,13
2060,96,25,104,11,2.3866419839158346,14
2061,75,13,56,5,2.3840139649043497,8
2062,13,86,65,39,2.383373860419213,47
2063,71,31,106,14,2.3812089448162763,17
2064,71,41,86,20,2.3810130412337966,21
2065,55,28,84,13,2.379086300412449,15
2066,69,10,96,4,2.3715807543077463,6
2067,8,55,96,25,2.371439357092425,30
2068,7,19,70,7,2.364945757295021,12
2069,99,23,5,11,2.3616219022642833,12
2070,96,14,109,6,2.3566759619593642,8
2071,4,36,31,15,2.3535355966794667,21
2072,13,15,12,9,2.3425974502134457,6
2073,86,25,85,12,2.338504518006025,13
2074,49,20,51,9,2.337593611464387,11
2075,104,17,4,7,2.3357072159096575,10
2076,25,28,53,14,2.3301510854690854,14
2077,109,51,5,25,2.3285813949081655,26
2078,50,23,64,11,2.3285304422785047,12
2079,104,21,102,11,2.320627297470276,10
2080,65,24,69,11,2.3193082814773094,13
2081,34,28,107,12,2.319293954101742,16
2082,3,26,60,12,2.318286691403535,14
2083,9,23,3,11,2.3162904113567784,12
2084,107,18,69,8,2.3046147553707854,10
2085,58,12,50,6,2.3033767529431137,6
2086,23,13,109,6,2.301790643179129,7
2087,86,21,32,10,2.2989864902239003,11
2088,68,16,109,6,2.2985123206238915,10
2089,106,36,96,16,2.2984565902488905,20
2090,97,33,65,15,2.2943542233121987,18
2091,100,24,5,11,2.2932427434044684,13
2092,114,18,45,8,2.292094813707232,10
2093,94,10,114,4,2.2912532605689226,6
2094,106,13,4,7,2.287883468044352,6
2095,37,46,74,22,2.283869095408045,24
2096,46,21,17,10,2.279991454185123,11
2097,80,16,71,8,2.275392383804814,8
2098,61,10,31,5,2.2696136748473603,5
2099,28,66,96,31,2.267406944603933,35
2100,60,24,46,11,2.2638066641840875,13
2101,95,30,25,14,2.25397314365567,16
2102,41,14,54,7,2.251101436056138,7
2103,20,25,7,12,2.2510516710421498,13
2104,88,38,4,18,2.2459217004175493,20
2105,7,18,11,8,2.239320590268621,10
2106,87,35,104,18,2.2393020839894087,17
2107,81,14,3,6,2.2358028798300924,8
2108,40,60,51,28,2.235090142535118,32
2109,68,25,70,12,2.2334926025833988,13
2110,90,16,25,7,2.2261576936837058,9
2111,28,16,100,7,2.2255414738387724,9
2112,88,11,33,6,2.22422094342155,5
2113,11,11,114,6,2.222333602098374,5
2114,98,13,99,7,2.2212581677933785,6
2115,104,11,69,4,2.217479448350339,7
2116,112,11,8,6,2.2144684353504553,5
2117,5,50,96,22,2.2114271922507607,28
2118,112,12,40,6,2.2105918484505556,6
2119,57,19,55,10,2.2104060039233278,9
2120,49,51,13,25,2.209069641169752,26
2121,94,19,87,9,2.2006255942838453,10
2122,107,50,106,24,2.1993074270722803,26
2123,31,10,54,5,2.186668926147148,5
2124,8,64,74,28,2.186622040651489,36
2125,63,26,70,12,2.1813121472430437,14
2126,84,16,93,8,2.173203038685072,8
2127,33,11,39,5,2.170155887452032,6
2128,86,63,55,29,2.1661509305052244,34
2129,11,22,13,11,2.1659141415387677,11
2130,88,14,74,5,2.165363961250821,9
2131,48,29,16,13,2.16366949518096,16
2132,80,17,7,7,2.151623343669696,10
2133,87,27,46,14,2.1507851989480726,13
2134,11,49,28,24,2.139899963041059,25
2135,28,30,91,14,2.1280361219889317,16
2136,53,11,70,5,2.117480208536356,6
2137,1,20,64,10,2.1164326209593654,10
2138,11,15,40,7,2.115832802221001,8
2139,48,13,30,7,2.114145406665778,6
2140,74,12,33,6,2.113811361820999,6
2141,81,18,88,9,2.113043846902455,9
2142,1,13,17,6,2.1103206894628075,7
2143,8,23,100,10,2.1093275750438316,13
2144,77,10,3,4,2.1078393954054353,6
2145,20,23,35,10,2.103616009688827,13
2146,99,24,60,11,2.100940382067205,13
2147,109,22,84,10,2.0978150302320926,12
2148,83,34,55,17,2.0962093979720215,17
2149,16,15,29,8,2.0960967700074415,7
2150,97,22,8,11,2.094799206270941,11
2151,7,73,36,34,2.0934963107077063,39
2152,17,12,91,5,2.0932516032559634,7
2153,98,13,114,6,2.082503686116617,7
2154,82,10,63,5,2.077975861296688,5
2155,50,23,114,10,2.0649465321872778,13
2156,68,16,49,8,2.0637805548779458,8
2157,13,22,45,10,2.063714442075686,12
2158,3,25,31,13,2.0628076616728963,12
2159,86,75,20,35,2.061060718357304,40
2160,86,45,90,20,2.0574221764428238,25
2161,84,17,9,8,2.0546690063899433,9
2162,65,31,80,15,2.0509198465423397,16
2163,23,17,54,8,2.0401263588538048,9
2164,90,24,60,10,2.0397275719261816,14
2165,89,14,88,7,2.0354634990614118,7
2166,58,12,63,7,2.0345686518653676,5
2167,55,11,79,5,2.0315889229013426,6
2168,91,14,114,7,2.0312426341433967,7
2169,32,11,13,5,2.026181507027534,6
2170,75,30,87,14,2.0247725005088753,16
2171,8,36,90,16,2.0194647820717804,20
2172,83,22,97,12,2.007636873207567,10
2173,64,14,17,7,1.997717670710987,7
2174,69,24,7,12,1.9945381002011566,12
2175,104,15,112,7,1.99393597279257,8
2176,70,55,86,25,1.9917052888221574,30
2177,53,19,4,9,1.987694792892671,10
2178,48,13,13,6,1.9848220769452258,7
2179,28,38,25,16,1.9833898911599184,22
2180,88,33,37,15,1.9799898753785308,18
2181,41,18,76,10,1.9724048364464457,8
2182,50,11,35,5,1.9581460146246747,6
2183,78,12,71,6,1.95458083263832,6
2184,36,34,64,17,1.9485056781764598,17
2185,25,20,55,9,1.9429576796619945,11
2186,23,14,31,6,1.9392936999416424,8
2187,110,13,104,5,1.9388474450810558,8
2188,23,14,97,7,1.9330528734436567,7
2189,70,19,40,8,1.9276789997691202,11
2190,114,21,18,10,1.923577249757446,11
2191,80,25,28,12,1.9225523112040792,13
2192,70,21,41,11,1.919847111480952,10
2193,99,11,76,6,1.9173589523208343,5
2194,97,32,106,16,1.9159665785715099,16
2195,15,17,57,8,1.9121491415635457,9
2196,63,37,114,15,1.9099176429878706,22
2197,14,13,88,6,1.902096229341471,7
2198,43,10,84,4,1.9003461255076104,6
2199,39,37,28,18,1.8977614224864345,19
2200,106,26,17,11,1.8975243648116562,15
2201,20,35,106,16,1.890590591428699,19
2202,39,47,49,21,1.8896093654711354,26
2203,25,23,64,11,1.8857238852847684,12
2204,2,41,8,20,1.8848654476169697,21
2205,68,22,46,11,1.8807270075774953,11
2206,8,14,79,8,1.8787453444383122,6
2207,60,16,83,7,1.8774619090517453,9
2208,87,49,54,22,1.875214789525944,27
2209,17,26,54,13,1.867393134138254,13
2210,37,95,5,46,1.8654288703425719,49
2211,64,28,54,14,1.8650724062797466,14
2212,6,13,87,6,1.861104979629091,7
2213,39,49,60,24,1.859398798683601,25
2214,87,61,106,30,1.856632619724249,31
2215,98,19,51,9,1.8552094547524471,10
2216,6,11,86,5,1.8539951054916266,6
2217,46,22,76,10,1.8507100299988166,12
2218,53,22,97,10,1.849246682219108,12
2219,30,12,109,5,1.8472545205463433,7
2220,103,10,106,4,1.8460294979122147,6
2221,84,38,96,19,1.8356486827006797,19
2222,7,14,29,8,1.8294106613069705,6
2223,74,29,13,14,1.8278354237299064,15
2224,9,17,69,8,1.8276767965349943,9
2225,23,13,20,6,1.827570268386601,7
2226,44,13,114,6,1.8263733365516701,7
2227,69,18,114,10,1.822927242545525,8
2228,102,13,99,6,1.8212893413036875,7
2229,71,11,109,5,1.8196417828202216,6
2230,53,20,44,8,1.8141360189660767,12
2231,79,18,28,8,1.8130893193426152,10
2232,80,12,64,6,1.8118137894523878,6
2233,84,21,80,9,1.8116947476965417,12
2234,40,18,111,9,1.8104998545748818,9
2235,36,22,25,11,1.8071440138268557,11
2236,8,65,28,30,1.8060421386611976,35
2237,57,19,13,10,1.7912163944189354,9
2238,37,25,90,12,1.7816453937181782,13
2239,102,13,84,6,1.779322402529277,7
2240,104,62,16,29,1.778027708852634,33
2241,1,31,36,16,1.7697191195700568,15
2242,49,15,8,6,1.7678498041146895,9
2243,84,27,54,12,1.7533288896590717,15
2244,84,26,70,12,1.7530345342228948,14
2245,87,56,88,29,1.7513462767543788,27
2246,4,31,68,15,1.751066192618154,16
2247,97,38,107,19,1.7507246476170455,19
2248,76,25,11,11,1.745006286070099,14
2249,60,33,36,16,1.7416473627060747,17
2250,18,11,6,5,1.7414584600944751,6
2251,8,26,23,13,1.7400762718841152,13
2252,36,37,88,16,1.7392851936744347,21
2253,46,51,5,23,1.7323776092910628,28
2254,70,19,75,10,1.7314858975507377,9
2255,60,14,11,7,1.72978393860355,7
2256,50,13,12,8,1.7279667161947851,5
2257,83,11,50,6,1.7272952536822097,5
2258,8,49,11,22,1.725678638141755,27
2259,40,18,45,8,1.7249973927231157,10
2260,39,39,41,20,1.719188807068569,19
2261,51,34,84,16,1.7189303132534879,18
2262,74,10,85,5,1.7134982697618455,5
2263,54,40,7,19,1.7088310244062668,21
2264,51,22,43,11,1.7055396893146841,11
2265,48,10,37,5,1.7035937503192145,5
2266,20,16,102,8,1.6989391239814933,8
2267,69,18,87,9,1.6975427541161368,9
2268,36,15,23,9,1.6972875274185721,6
2269,60,58,16,28,1.696206200343733,30
2270,86,31,80,15,1.6766961831131937,16
2271,63,45,39,18,1.6729604614700202,27
2272,45,28,31,13,1.6710870406691087,15
2273,107,23,49,12,1.6706380215538046,11
2274,43,13,109,6,1.6656590774439002,7
2275,37,49,51,26,1.6543448329472816,23
2276,36,23,68,11,1.6511686348202657,12
2277,16,50,74,23,1.6504828930462028,27
2278,95,10,57,6,1.6443605111684718,4
2279,71,39,107,17,1.6439964154335995,22
2280,106,44,88,19,1.6421661548035555,25
2281,39,19,96,8,1.6315253594413592,11
2282,91,35,86,17,1.6127783916757956,18
2283,114,28,20,13,1.609390659763289,15
2284,79,11,54,4,1.607153398950684,7
2285,70,13,43,6,1.6071210379776917,7
2286,99,18,30,8,1.5949338139614577,10
2287,64,10,90,5,1.5921132093044654,5
2288,27,15,47,8,1.5911619270297648,7
2289,7,73,40,33,1.5888049712895005,40
2290,2,15,25,8,1.5845186001024008,7
2291,55,22,90,12,1.578656952498874,10
2292,18,38,107,16,1.5770183315968969,22
2293,9,14,111,7,1.5621342613374551,7
2294,40,17,61,8,1.5607473214395389,9
2295,97,12,100,6,1.5601199386945834,6
2296,104,23,83,10,1.5563880557352996,13
2297,7,84,65,43,1.5543231245397546,41
2298,17,42,51,21,1.5539556128144005,21
2299,106,15,14,8,1.5523885439078582,7
2300,11,26,74,12,1.5483769164487977,14
2301,13,44,28,21,1.5480390864692148,23
2302,65,12,61,5,1.5448114274450557,7
2303,41,61,13,30,1.5422223527057684,31
2304,51,52,60,22,1.5379585605411303,30
2305,97,25,46,12,1.5379422598602892,13
2306,1,34,88,17,1.5234508852206479,17
2307,35,14,37,7,1.523131742310598,7
2308,43,12,8,6,1.5194230889621367,6
2309,46,12,55,5,1.5148590180899557,7
2310,84,30,50,15,1.5145533767727444,15
2311,28,63,5,31,1.5122016375527902,32
2312,29,21,87,9,1.496087722033851,12
2313,4,59,13,27,1.4911690163054754,32
2314,73,15,63,8,1.4760785674332926,7
2315,11,17,32,9,1.4729852723414754,8
2316,86,32,2,16,1.4682447143488935,16
2317,63,89,65,43,1.4663105199346151,46
2318,31,21,47,10,1.4606130980712668,11
2319,25,23,83,10,1.4597201880554966,13
2320,8,16,38,8,1.4562520429495758,8
2321,50,16,89,7,1.4560158637801317,9
2322,58,24,9,12,1.4546505850429008,12
2323,106,55,63,27,1.4485566818099482,28
2324,20,21,97,11,1.439527960881874,10
2325,50,28,25,14,1.4391705454909012,14
2326,107,76,28,35,1.4297462541310921,41
2327,65,70,41,31,1.4285809086277084,39
2328,36,35,45,19,1.423273124508123,16
2329,80,23,87,11,1.4202226913102636,12
2330,49,17,63,8,1.4171594607729323,9
2331,9,45,40,21,1.4158523438373036,24
2332,41,30,40,15,1.4126537270823982,15
2333,102,15,11,6,1.4114820984859568,9
2334,70,17,95,9,1.4011695857654913,8
2335,75,12,44,5,1.399837377533035,7
2336,16,10,56,4,1.3984899579645478,6
2337,20,19,95,9,1.3957034121223277,10
2338,91,13,9,6,1.3946381880594532,7
2339,7,15,83,6,1.3943529604549396,9
2340,100,25,106,13,1.3941621457208537,12
2341,44,25,16,13,1.3924747988210242,12
2342,43,13,37,7,1.3915535608538905,6
2343,17,15,74,7,1.3910983775391357,8
2344,15,15,114,7,1.385848653276297,8
2345,36,11,29,6,1.3837445576600587,5
2346,9,41,86,19,1.3820081892435105,22
2347,50,41,11,19,1.3816262941644981,22
2348,95,31,7,14,1.3809406634768675,17
2349,106,30,41,15,1.3806292559177733,15
2350,87,29,109,13,1.3766608968038978,16
2351,46,37,28,16,1.3752615916090838,21
2352,75,10,48,5,1.3711471542080278,5
2353,90,11,76,6,1.3711097869836062,5
2354,27,13,23,7,1.3665703255989456,6
2355,30,23,40,11,1.3656919842952282,12
2356,25,26,30,14,1.363384718034577,12
2357,68,31,104,16,1.3616459533032328,15
2358,43,30,60,14,1.3551540889304812,16
2359,53,44,60,20,1.3503746570549047,24
2360,97,37,88,18,1.349074362930903,19
2361,84,17,90,8,1.3434141546201468,9
2362,71,27,114,13,1.3431780041778802,14
2363,71,48,7,25,1.3388864417450883,23
2364,77,53,60,25,1.338750114348228,28
2365,8,44,51,21,1.3380278840989286,23
2366,8,66,37,32,1.3357403383797626,34
2367,64,39,68,17,1.3356994520331131,22
2368,74,18,80,9,1.3199661328668575,9
2369,46,60,88,30,1.317189159463411,30
2370,10,16,8,7,1.3145513780375315,9
2371,70,11,102,7,1.3043211125718095,4
2372,5,44,13,21,1.302350985374302,23
2373,15,11,81,5,1.2951302078525542,6
2374,112,21,65,11,1.2944639396554163,10
2375,65,43,60,18,1.292557414516089,25
2376,2,22,74,10,1.2925512141562505,12
2377,97,20,109,10,1.283406905257821,10
2378,65,15,49,7,1.2832734530229162,8
2379,50,30,51,15,1.277023353905357,15
2380,8,82,55,42,1.2721684605222603,40
2381,50,27,65,13,1.2644687002361983,14
2382,75,42,55,18,1.2635366494506202,24
2383,55,26,99,12,1.2605449554949548,14
2384,68,13,94,7,1.252803974637691,6
2385,109,30,16,15,1.2499451161124784,15
2386,65,10,89,5,1.246766687204138,5
2387,104,12,43,5,1.2430962980218274,7
2388,107,30,4,15,1.2387516471106226,15
2389,107,18,112,8,1.2381580832699428,10
2390,71,25,31,12,1.2380158081615504,13
2391,63,16,95,8,1.233969730193377,8
2392,13,14,61,6,1.2296565256158196,8
2393,86,62,13,31,1.228508610912882,31
2394,71,26,9,12,1.2262156519313812,14
2395,87,50,55,24,1.2223891795427406,26
2396,50,62,54,30,1.2219864026222231,32
2397,98,11,74,5,1.2137114800422117,6
2398,38,12,46,5,1.2117798317776198,7
2399,25,33,97,16,1.211209753293348,17
2400,9,36,39,19,1.202572711375458,17
2401,37,25,84,12,1.200224547121566,13
2402,25,25,109,12,1.1927554377225935,13
2403,88,34,31,17,1.1836541894089576,17
2404,84,15,114,8,1.1814293651570578,7
2405,76,29,87,13,1.173923997825125,16
2406,76,24,28,11,1.171307704252366,13
2407,27,38,68,17,1.1654046230648216,21
2408,86,47,30,24,1.1570405179503076,23
2409,7,77,41,38,1.15072550046604,39
2410,39,11,98,5,1.1404948944014273,6
2411,108,26,107,13,1.1401052195192969,13
2412,60,73,71,35,1.1360670304013205,38
2413,80,11,38,6,1.135431064035941,5
2414,88,31,91,15,1.1352768006015477,16
2415,48,15,109,7,1.133812900706227,8
2416,23,47,16,22,1.133588423461974,25
2417,36,26,106,13,1.1307287364062801,13
2418,81,19,107,10,1.1293503192154635,9
2419,33,13,114,7,1.1286658148323794,6
2420,61,18,88,10,1.1254133453483963,8
2421,9,51,13,26,1.12146754194808,25
2422,25,17,57,8,1.1122394350713356,9
2423,23,14,112,7,1.1091414019210022,7
2424,63,47,40,22,1.1085655861732644,25
2425,73,13,55,6,1.1082443575059586,7
2426,78,19,60,10,1.1081948416672176,9
2427,96,18,2,9,1.1039761816908797,9
2428,70,39,106,20,1.1024614638047308,19
2429,54,16,33,7,1.1000953180608282,9
2430,27,16,106,9,1.0992702168895798,7
2431,13,67,60,30,1.0987386561282546,37
2432,54,70,107,35,1.0956537339891796,35
2433,14,16,11,7,1.0923565448715802,9
2434,40,13,74,6,1.0901529369074687,7
2435,65,46,39,20,1.089267893981286,26
2436,43,13,71,7,1.0882014078273523,6
2437,64,19,97,9,1.0748997556854092,10
2438,107,29,1,14,1.072552937399315,15
2439,67,20,37,9,1.0707700527635258,11
2440,106,12,66,5,1.070759127853136,7
2441,70,55,8,27,1.0665028298167964,28
2442,8,43,20,21,1.064860256583808,22
2443,107,53,60,25,1.0640943356648134,28
2444,104,30,109,15,1.0638658496000608,15
2445,68,42,63,21,1.0605961778676247,21
2446,18,35,87,16,1.0595333397572304,19
2447,27,17,87,8,1.0572087388131586,9
2448,28,19,57,9,1.0424952222058044,10
2449,90,21,88,11,1.0373159148886417,10
2450,45,14,3,7,1.0349134798027078,7
2451,71,34,88,15,1.0311330418182323,19
2452,35,22,7,11,1.0299988339542105,11
2453,112,17,9,8,1.0274983646093445,9
2454,8,21,17,11,1.026318191087208,10
2455,63,20,44,9,1.0233184771026502,11
2456,70,10,33,5,1.0222975969230632,5
2457,3,29,51,17,1.0169039863425817,12
2458,93,20,88,9,1.0138818382921346,11
2459,13,43,75,20,1.005364432264769,23
2460,3,28,39,13,1.005279876255595,15
2461,68,14,6,6,1.005162162800652,8
2462,114,11,93,6,1.004990658958168,5
2463,114,39,7,18,1.0047894280060632,21
2464,8,40,39,20,0.9993368710228037,20
2465,107,14,79,8,0.9916516151596949,6
2466,23,17,111,10,0.9902411232186314,7
2467,60,21,28,12,0.9891037947174114,9
2468,64,14,100,6,0.9873146869937531,8
2469,51,33,31,14,0.9782499075201472,19
2470,107,65,5,32,0.9748363761521144,33
2471,79,11,88,5,0.9736004729947267,6
2472,14,16,87,7,0.9719183858987279,9
2473,65,49,75,23,0.9671493682311952,26
2474,104,38,106,19,0.9604760273979323,19
2475,14,14,5,6,0.9561035605846475,8
2476,7,20,8,9,0.9446580951337806,11
2477,112,13,114,7,0.9421647262329379,6
2478,47,33,39,16,0.9409236558902792,17
2479,102,11,83,5,0.9259324073609744,6
2480,33,17,86,9,0.9246066959077469,8
2481,39,33,104,16,0.9243967556000993,17
2482,102,18,65,10,0.9231577333764872,8
2483,69,17,50,7,0.9188452019230828,10
2484,13,20,33,10,0.918120505460343,10
2485,106,100,86,49,0.9173221659807225,51
2486,36,35,75,19,0.9076169876586753,16
2487,23,13,3,6,0.9036934098771335,7
2488,84,17,79,9,0.9012801816556621,8
2489,107,65,63,35,0.9004862155219548,30
2490,68,17,74,7,0.9001065237726507,10
2491,8,24,48,11,0.8990865709573224,13
2492,107,31,46,16,0.8942764168819464,15
2493,3,10,106,5,0.8904989515497614,5
2494,77,21,4,10,0.8810684428976758,11
2495,74,45,65,23,0.8800404347092065,22
2496,111,47,68,24,0.8746288393374696,23
2497,7,27,49,15,0.8744069756975954,12
2498,55,21,71,9,0.863684832703073,12
2499,10,10,114,4,0.8617397018011257,6
2500,34,17,16,8,0.8560019455164203,9
2501,71,28,63,13,0.8479499084443569,15
2502,54,40,74,20,0.8415267564978521,20
2503,87,20,47,10,0.8396314002741838,10
2504,28,16,3,7,0.8360030889582997,9
2505,2,16,46,8,0.8285194662826778,8
2506,7,57,18,29,0.8231688841647112,28
2507,16,79,28,38,0.8112414808815767,41
2508,96,58,107,27,0.8081270899904945,31
2509,56,14,40,7,0.8062835825274064,7
2510,79,17,50,8,0.8036407520519759,9
2511,12,17,86,8,0.8013363403706056,9
2512,2,22,88,11,0.7956469041111237,11
2513,68,19,77,9,0.792948245018335,10
2514,16,36,40,17,0.7902451728478602,19
2515,28,11,78,6,0.7898078034632366,5
2516,11,28,39,14,0.7894372385849194,14
2517,18,19,65,10,0.7868157298210118,9
2518,9,17,34,8,0.77910514985876,9
2519,104,45,114,21,0.7777920700848383,24
2520,16,24,15,11,0.7772765056505548,13
2521,97,20,93,10,0.7717644600090583,10
2522,33,15,104,8,0.7704375614853092,7
2523,107,80,8,36,0.7700051528352245,44
2524,75,27,64,13,0.7678085379778312,14
2525,86,52,109,26,0.765068890370714,26
2526,110,12,54,6,0.762633303380524,6
2527,50,19,109,9,0.7621588618054026,10
2528,28,27,48,13,0.7484805696104432,14
2529,3,20,71,10,0.744611540631482,10
2530,36,13,74,5,0.7437175733038444,8
2531,40,77,86,36,0.7352757671814381,41
2532,95,41,5,21,0.731606653431554,20
2533,15,23,25,10,0.7267013492378231,13
2534,69,12,3,5,0.7220114611067269,7
2535,82,13,28,7,0.7153587234866209,6
2536,87,45,63,23,0.7153353724609679,22
2537,51,22,30,11,0.7133256045305847,11
2538,54,85,65,41,0.7126472318729192,44
2539,76,25,8,13,0.7077738529790866,12
2540,18,23,104,13,0.701208945227421,10
2541,71,13,69,6,0.6992249594892737,7
2542,38,18,64,9,0.6972961224720624,9
2543,27,11,99,6,0.6941577039356042,5
2544,18,19,25,10,0.6816652439852776,9
2545,87,17,43,8,0.673916419057696,9
2546,37,40,114,18,0.6680388190804037,22
2547,63,38,50,18,0.6599709375930062,20
2548,64,15,108,8,0.6582287703496978,7
2549,20,29,13,15,0.6574275541488422,14
2550,7,70,39,35,0.65708225310988,35
2551,16,26,98,13,0.6567917996699292,13
2552,98,16,50,8,0.6426219058041094,8
2553,62,16,37,6,0.6397394147846427,10
2554,25,25,41,14,0.6394054706376684,11
2555,111,17,36,8,0.6365354853619557,9
2556,114,58,88,29,0.636201245326286,29
2557,114,54,86,27,0.6322094644097674,27
2558,4,28,64,13,0.6316212138641686,15
2559,11,11,97,6,0.6269874474505769,5
2560,27,10,11,4,0.6266769775986689,6
2561,36,33,71,17,0.6241330409639582,16
2562,51,58,55,29,0.6228899757373463,29
2563,109,13,40,7,0.6223424064374103,6
2564,76,30,96,14,0.6223340675935091,16
2565,51,24,23,12,0.6158723359304594,12
2566,43,20,114,11,0.6074470201565788,9
2567,91,16,70,7,0.6063303701253773,9
2568,16,60,54,28,0.6012047197573598,32
2569,63,15,34,7,0.6010869874219945,8
2570,61,10,86,5,0.5990640749995453,5
2571,50,55,86,29,0.5948795299571148,26
2572,19,10,98,6,0.5939174582316639,4
2573,76,13,36,4,0.5885035889042722,9
2574,107,46,68,22,0.5820731036383072,24
2575,96,45,87,23,0.5775655020876899,22
2576,11,51,16,22,0.5759421625629789,29
2577,23,12,53,6,0.5700661218932129,6
2578,97,31,2,15,0.5614740846174435,16
2579,83,10,2,5,0.5594397265150824,5
2580,3,10,4,5,0.5556184418282119,5
2581,5,49,54,23,0.5526115688513309,26
2582,92,17,7,7,0.5480230211986101,10
2583,104,55,13,27,0.5474902747445213,28
2584,86,36,3,17,0.5432321669383899,19
2585,106,10,1,5,0.539652861011431,5
2586,63,43,7,18,0.5381341307781913,25
2587,28,19,33,8,0.5377400393884932,11
2588,46,16,57,8,0.5297057406629254,8
2589,107,38,70,20,0.5241539544793407,18
2590,73,19,28,10,0.5214155246375574,9
2591,43,17,25,10,0.5197036131496171,7
2592,106,68,28,33,0.5161436710076662,35
2593,41,11,90,6,0.513841479320257,5
2594,114,11,38,6,0.5127819422302534,5
2595,4,18,9,9,0.5118055197130339,9
2596,51,22,71,11,0.5066228412969123,11
2597,23,10,9,5,0.5053397207394539,5
2598,18,29,41,15,0.5040827449695365,14
2599,90,13,91,6,0.5003235284827323,7
2600,70,19,39,10,0.49953189293951183,9
2601,5,59,87,29,0.4991669720547012,30
2602,68,61,51,28,0.49553317185529966,33
2603,5,39,63,22,0.49187190353271276,17
2604,27,22,41,11,0.4907488702858062,11
2605,63,21,53,10,0.48560167214791355,11
2606,57,14,104,5,0.4845128262229356,9
2607,95,28,74,13,0.47842550860281996,15
2608,75,31,41,14,0.47837138213253816,17
2609,25,51,39,26,0.4759465051184244,25
2610,37,13,69,6,0.4741041536564538,7
2611,31,53,65,27,0.47237439181628066,26
2612,113,11,86,6,0.46954311123939263,5
2613,100,12,44,6,0.4671750406191804,6
2614,87,16,111,8,0.45897322341286445,8
2615,88,41,49,20,0.4529990219368629,21
2616,62,13,55,7,0.4490302976953222,6
2617,80,11,9,7,0.4439834453330457,4
2618,86,83,65,43,0.4411076558908754,40
2619,90,15,11,7,0.4409004522210816,8
2620,35,23,86,10,0.4354843809424514,13
2621,39,55,107,28,0.435337568685396,27
2622,87,34,84,17,0.43521410345734374,17
2623,40,43,31,22,0.429627197462679,21
2624,33,11,99,6,0.42486651226142574,5
2625,37,36,17,16,0.42335569980871807,20
2626,5,14,38,7,0.4168378546295618,7
2627,54,40,39,19,0.41386352460636466,21
2628,57,11,40,5,0.40892721771307644,6
2629,46,40,11,19,0.4001450319361854,21
2630,88,13,78,6,0.3934639813104847,7
2631,55,16,41,8,0.3929137359889599,8
2632,87,52,39,25,0.39238040439892136,27
2633,8,13,44,6,0.3904420875790005,7
2634,69,30,36,15,0.38598798110099336,15
2635,51,51,87,25,0.38566064440595554,26
2636,8,35,50,16,0.38293825667797665,19
2637,70,22,97,12,0.3783758219642565,10
2638,14,18,84,8,0.37783903496494214,10
2639,16,39,114,18,0.3744778890921723,21
2640,40,16,108,7,0.373845897515691,9
2641,114,26,75,13,0.3719126663008889,13
2642,57,23,86,12,0.3705226610368842,11
2643,40,21,75,10,0.36863713867004627,11
2644,95,26,28,12,0.36814720179538635,14
2645,63,17,47,7,0.3681401863793021,10
2646,25,30,63,16,0.3669879376751877,14
2647,92,18,13,7,0.36521745881563183,11
2648,46,18,41,8,0.36430211798636986,10
2649,83,20,106,11,0.33164456490941063,9
2650,15,20,60,9,0.3311042630925631,11
2651,76,28,70,13,0.3288931307094032,15
2652,49,14,114,6,0.32751436291229447,8
2653,41,34,63,17,0.326061354616667,17
2654,114,68,107,33,0.32070298196932506,35
2655,83,25,28,14,0.3193130867023741,11
2656,50,18,112,8,0.31747188429243445,10
2657,51,13,92,7,0.31029394338620886,6
2658,88,36,20,19,0.3041395250896581,17
2659,53,28,86,16,0.3007788516561258,12
2660,88,15,48,6,0.2955612335778544,9
2661,86,45,68,21,0.2946092815846377,24
2662,17,28,107,14,0.2941106702859755,14
2663,13,42,27,22,0.2905119523861549,20
2664,17,25,114,14,0.28496362892659627,11
2665,48,17,39,9,0.281951836002177,8
2666,67,12,25,6,0.2816428039469064,6
2667,96,12,67,7,0.27996501259109813,5
2668,53,18,5,8,0.2778213329671456,10
2669,41,26,1,12,0.2682129397167941,14
2670,36,11,38,4,0.26679215079866997,7
2671,31,10,35,5,0.2664857773065452,5
2672,50,28,17,13,0.26256574141142497,15
2673,37,22,76,12,0.2606095394442829,10
2674,40,25,47,14,0.24655985846699452,11
2675,38,15,60,7,0.24623826312842922,8
2676,8,74,88,37,0.2446779780170302,37
2677,86,32,31,15,0.24444323577164595,17
2678,83,20,88,11,0.24121558114701722,9
2679,30,10,108,5,0.24117256366227835,5
2680,64,19,45,9,0.2352744559029064,10
2681,68,15,57,8,0.23334024254481278,7
2682,16,26,111,12,0.2324255478959678,14
2683,65,10,101,5,0.22906131925901718,5
2684,72,16,7,8,0.22521266099875584,8
2685,11,40,87,22,0.22473431916089695,18
2686,11,24,65,11,0.2231872290555846,13
2687,107,59,74,28,0.21255364694604195,31
2688,41,46,107,21,0.2103526931245373,25
2689,28,11,66,5,0.2056598644516812,6
2690,44,14,107,7,0.20330478165271706,7
2691,46,16,71,7,0.19894184736909315,9
2692,8,66,54,35,0.1986057005994308,31
2693,60,50,68,24,0.19293391232953336,26
2694,17,10,85,5,0.19249328996870893,5
2695,35,12,70,7,0.18631436457958764,5
2696,44,15,65,6,0.18351226600640885,9
2697,96,16,13,8,0.18104275447657758,8
2698,71,33,8,17,0.17759312635004623,16
2699,96,37,55,19,0.17732770674363885,18
2700,88,53,41,27,0.17567237068802208,26
2701,15,30,13,14,0.17324984467329888,16
2702,11,47,106,26,0.17225906773687616,21
2703,17,28,13,14,0.1676823988018485,14
2704,57,20,37,10,0.16220303080862575,10
2705,7,51,4,26,0.16136746029798088,25
2706,62,12,106,6,0.1584669634691407,6
2707,94,10,39,5,0.15532018609088852,5
2708,12,15,40,8,0.14369807725415834,7
2709,37,47,28,23,0.1387371009601698,24
2710,73,10,25,5,0.1328731236438802,5
2711,51,13,44,8,0.13191763257362837,5
2712,60,76,7,38,0.13134493579901685,38
2713,112,26,16,14,0.128618354669528,12
2714,69,14,43,7,0.12700967323830037,7
2715,27,40,107,20,0.1259702465930359,20
2716,28,22,98,9,0.12169006680659694,13
2717,68,47,9,23,0.12106464829716804,24
2718,108,16,50,7,0.11486075029930842,9
2719,40,28,18,16,0.11377047107058737,12
2720,98,13,97,7,0.11020600858990875,6
2721,35,19,88,9,0.10819589694575467,10
2722,86,99,107,50,0.10761073000794108,49
2723,2,18,84,9,0.10504403066305398,9
2724,68,13,44,7,0.10451112471006771,6
2725,84,33,88,15,0.10026530043554462,18
2726,47,18,65,9,0.09599132258442843,9
2727,74,39,25,20,0.09563368284676016,19
2728,25,65,16,32,0.09364645449744402,33
2729,30,15,96,8,0.09214636377364425,7
2730,114,29,36,13,0.09213128587786307,16
2731,95,52,86,24,0.08956033992826938,28
2732,107,94,7,42,0.07975391090501975,52
2733,97,36,74,17,0.07931920932357782,19
2734,53,52,13,28,0.07730042218855283,24
2735,76,20,109,9,0.07505370430495735,11
2736,55,15,108,8,0.07480659095217349,7
2737,84,20,65,9,0.07280165631996083,11
2738,106,21,40,10,0.06808253080226546,11
2739,108,15,74,7,0.06305457719799344,8
2740,20,18,30,9,0.05385247642414745,9
2741,8,70,106,37,0.05212763279076112,33
2742,8,16,27,7,0.051328614148521634,9
2743,34,19,50,10,0.05002588679712766,9
2744,73,16,106,8,0.04700386219362951,8
2745,112,19,63,9,0.04656981650604271,10
2746,65,44,8,22,0.044780594216323605,22
2747,54,19,49,10,0.044180244209844795,9
2748,13,17,78,8,0.04330270532554792,9
2749,31,11,97,5,0.04256244744109723,6
2750,12,36,65,17,0.04009292919049301,19
2751,45,17,71,7,0.03389797077786283,10
2752,106,42,50,20,0.025298087208634697,22
2753,89,15,28,8,0.018607611913672883,7
2754,109,17,83,7,0.00972932964701334,10
2755,90,33,16,15,0.006116246156991541,18
2756,109,20,102,10,0.0026602667859183526,10
2757,102,20,109,10,-0.0026602667859165763,10
2758,16,33,90,18,-0.0061162461569911645,15
2759,83,17,109,10,-0.009729329647013785,7
2760,28,15,89,7,-0.018607611913672648,8
2761,50,42,106,22,-0.02529808720863334,20
2762,71,17,45,10,-0.03389797077786216,7
2763,65,36,12,19,-0.04009292919049182,17
2764,97,11,31,6,-0.042562447441096586,5
2765,78,17,13,9,-0.04330270532554771,8
2766,49,19,54,9,-0.04418024420984498,10
2767,8,44,65,22,-0.04478059421632261,22
2768,63,19,112,10,-0.04656981650604271,9
2769,106,16,73,8,-0.0470038621936304,8
2770,50,19,34,9,-0.05002588679712785,10
2771,27,16,8,9,-0.051328614148522966,7
2772,106,70,8,33,-0.05212763279076128,37
2773,74,15,108,8,-0.06305457719799369,7
2774,40,21,106,11,-0.0680825308022658,10
2775,65,20,84,11,-0.07280165631996083,9
2776,108,15,55,7,-0.07480659095217229,8
2777,109,20,76,11,-0.07505370430495617,9
2778,13,52,53,24,-0.07730042218855297,28
2779,74,36,97,19,-0.07931920932357782,17
2780,7,94,107,52,-0.0797539109050192,42
2781,86,52,95,28,-0.08956033992827091,24
2782,36,29,114,16,-0.09213128587786189,13
2783,96,15,30,7,-0.09214636377364507,8
2784,16,65,25,33,-0.09364645449744435,32
2785,25,39,74,19,-0.0956336828467596,20
2786,65,18,47,9,-0.09599132258443177,9
2787,88,33,84,18,-0.10026530043554559,15
2788,44,13,68,6,-0.10451112471006657,7
2789,84,18,2,9,-0.10504403066305477,9
2790,107,99,86,49,-0.10761073000794094,50
2791,88,19,35,10,-0.10819589694575625,9
2792,97,13,98,6,-0.11020600858990862,7
2793,18,28,40,12,-0.11377047107058744,16
2794,50,16,108,9,-0.11486075029930998,7
2795,9,47,68,24,-0.12106464829716938,23
2796,98,22,28,13,-0.1216900668065983,9
2797,107,40,27,20,-0.1259702465930358,20
2798,43,14,69,7,-0.12700967323830023,7
2799,16,26,112,12,-0.1286183546695278,14
2800,7,76,60,38,-0.13134493579901632,38
2801,44,13,51,5,-0.1319176325736292,8
2802,25,10,73,5,-0.1328731236438802,5
2803,28,47,37,24,-0.13873710096017047,23
2804,40,15,12,7,-0.14369807725415834,8
2805,39,10,94,5,-0.1553201860908871,5
2806,106,12,62,6,-0.15846696346914188,6
2807,4,51,7,25,-0.16136746029798163,26
2808,37,20,57,10,-0.162203030808627,10
2809,13,28,17,14,-0.16768239880184893,14
2810,106,47,11,21,-0.17225906773687602,26
2811,13,30,15,16,-0.1732498446732979,14
2812,41,53,88,26,-0.17567237068802258,27
2813,55,37,96,18,-0.17732770674364082,19
2814,8,33,71,16,-0.17759312635004632,17
2815,13,16,96,8,-0.1810427544765778,8
2816,65,15,44,9,-0.1835122660064091,6
2817,70,12,35,5,-0.18631436457958692,7
2818,85,10,17,5,-0.19249328996870857,5
2819,68,50,60,26,-0.19293391232953336,24
2820,54,66,8,31,-0.19860570059943058,35
2821,71,16,46,9,-0.19894184736909182,7
2822,107,14,44,7,-0.20330478165271787,7
2823,66,11,28,6,-0.20565986445168055,5
2824,107,46,41,25,-0.21035269312453797,21
2825,65,24,11,13,-0.22318722905558436,11
2826,87,40,11,18,-0.22473431916089676,22
2827,7,16,72,8,-0.22521266099875537,8
2828,101,10,65,5,-0.2290613192590168,5
2829,111,26,16,14,-0.23242554789596853,12
2830,57,15,68,7,-0.23334024254481325,8
2831,45,19,64,10,-0.23527445590290527,9
2832,108,10,30,5,-0.24117256366227763,5
2833,88,20,83,9,-0.24121558114701463,11
2834,31,32,86,17,-0.24444323577164873,15
2835,88,74,8,37,-0.24467797801702856,37
2836,60,15,38,8,-0.24623826312843025,7
2837,47,25,40,11,-0.24655985846699366,14
2838,76,22,37,10,-0.26060953944428406,12
2839,17,28,50,15,-0.2625657414114243,13
2840,35,10,31,5,-0.2664857773065439,5
2841,38,11,36,7,-0.26679215079866964,4
2842,1,26,41,14,-0.2682129397167942,12
2843,5,18,53,10,-0.277821332967146,8
2844,67,12,96,5,-0.279965012591097,7
2845,25,12,67,6,-0.2816428039469064,6
2846,39,17,48,8,-0.28195183600217677,9
2847,114,25,17,11,-0.2849636289265948,14
2848,27,42,13,20,-0.29051195238615496,22
2849,107,28,17,14,-0.2941106702859755,14
2850,68,45,86,24,-0.2946092815846377,21
2851,48,15,88,9,-0.29556123357785347,6
2852,86,28,53,12,-0.300778851656125,16
2853,92,13,51,6,-0.31029394338620975,7
2854,112,18,50,10,-0.31747188429243345,8
2855,28,25,83,11,-0.3193130867023753,14
2856,107,68,114,35,-0.3207029819693246,33
2857,63,34,41,17,-0.3260613546166661,17
2858,114,14,49,8,-0.32751436291229385,6
2859,70,28,76,15,-0.32889313070940346,13
2860,60,20,15,11,-0.33110426309256197,9
2861,106,20,83,9,-0.3316445649094112,11
2862,41,18,46,10,-0.36430211798637085,8
2863,13,18,92,11,-0.3652174588156323,7
2864,63,30,25,14,-0.3669879376751877,16
2865,47,17,63,10,-0.368140186379302,7
2866,28,26,95,14,-0.36814720179538646,12
2867,75,21,40,11,-0.3686371386700461,10
2868,86,23,57,11,-0.37052266103688436,12
2869,75,26,114,13,-0.37191266630088854,13
2870,108,16,40,9,-0.3738458975156912,7
2871,114,39,16,21,-0.3744778890921726,18
2872,84,18,14,10,-0.37783903496494253,8
2873,97,22,70,10,-0.3783758219642562,12
2874,50,35,8,19,-0.3829382566779763,16
2875,87,51,51,26,-0.38566064440595466,25
2876,36,30,69,15,-0.3859879811009911,15
2877,44,13,8,7,-0.3904420875789997,6
2878,39,52,87,27,-0.3923804043989204,25
2879,41,16,55,8,-0.39291373598895946,8
2880,78,13,88,7,-0.3934639813104835,6
2881,11,40,46,21,-0.40014503193618634,19
2882,102,23,16,12,-0.4055631726315678,11
2883,40,11,57,6,-0.4089272177130761,5
2884,39,40,54,21,-0.4138635246063635,19
2885,38,14,5,7,-0.4168378546295618,7
2886,17,36,37,20,-0.42335569980871945,16
2887,99,11,33,5,-0.4248665122614248,6
2888,31,43,40,21,-0.4296271974626791,22
2889,84,34,87,17,-0.4352141034573432,17
2890,107,55,39,27,-0.43533756868539614,28
2891,86,23,35,13,-0.43548438094245046,10
2892,11,15,90,8,-0.4409004522210813,7
2893,65,83,86,40,-0.44110765589087725,43
2894,9,11,80,4,-0.4439834453330448,7
2895,55,13,62,6,-0.4490302976953225,7
2896,49,41,88,21,-0.45299902193686364,20
2897,111,16,87,8,-0.45897322341286373,8
2898,44,12,100,6,-0.46717504061918014,6
2899,86,11,113,5,-0.46954311123939296,6
2900,65,53,31,26,-0.47237439181628094,27
2901,69,13,37,7,-0.47410415365645314,6
2902,39,51,25,25,-0.4759465051184236,26
2903,41,31,75,17,-0.47837138213253816,14
2904,74,28,95,15,-0.4784255086028221,13
2905,104,14,57,9,-0.4845128262229359,5
2906,53,21,63,11,-0.485601672147913,10
2907,41,22,27,11,-0.49074887028580605,11
2908,63,39,5,17,-0.4918719035327135,22
2909,51,61,68,33,-0.495533171855299,28
2910,87,59,5,30,-0.49916697205470045,29
2911,39,19,70,9,-0.49953189293951067,10
2912,91,13,90,7,-0.5003235284827329,6
2913,41,29,18,14,-0.5040827449695369,15
2914,9,10,23,5,-0.5053397207394532,5
2915,71,22,51,11,-0.5066228412969127,11
2916,9,18,4,9,-0.5118055197130339,9
2917,38,11,114,5,-0.5127819422302561,6
2918,90,11,41,5,-0.513841479320257,6
2919,28,68,106,35,-0.5161436710076651,33
2920,25,17,43,7,-0.5197036131496168,10
2921,28,19,73,9,-0.5214155246375576,10
2922,70,38,107,18,-0.5241539544793419,20
2923,57,16,46,8,-0.5297057406629241,8
2924,33,19,28,11,-0.5377400393884936,8
2925,7,43,63,25,-0.5381341307781913,18
2926,1,10,106,5,-0.5396528610114302,5
2927,3,36,86,19,-0.5432321669383904,17
2928,13,55,104,28,-0.5474902747445204,27
2929,7,17,92,10,-0.5480230211986107,7
2930,54,49,5,26,-0.5526115688513301,23
2931,4,10,3,5,-0.5556184418282125,5
2932,2,10,83,5,-0.559439726515081,5
2933,2,31,97,16,-0.5614740846174444,15
2934,107,36,90,19,-0.5646498466658356,17
2935,53,12,23,6,-0.5700661218932138,6
2936,87,45,96,22,-0.57756550208769,23
2937,68,46,107,24,-0.5820731036383069,22
2938,36,13,76,9,-0.5885035889042698,4
2939,98,10,19,4,-0.5939174582316646,6
2940,86,55,50,26,-0.5948795299571146,29
2941,86,10,61,5,-0.5990640749995453,5
2942,34,15,63,8,-0.6010869874219955,7
2943,54,60,16,32,-0.6012047197573586,28
2944,70,16,91,9,-0.6063303701253777,7
2945,114,20,43,9,-0.6074470201565787,11
2946,23,24,51,12,-0.6158723359304604,12
2947,96,30,76,16,-0.6223340675935105,14
2948,40,13,109,6,-0.6223424064374109,7
2949,55,58,51,29,-0.622889975737348,29
2950,106,45,76,25,-0.6229200096733949,20
2951,71,33,36,16,-0.6241330409639598,17
2952,11,10,27,6,-0.6266769775986694,4
2953,97,11,11,5,-0.626987447450576,6
2954,64,28,4,15,-0.6316212138641698,13
2955,86,54,114,27,-0.6322094644097658,27
2956,88,58,114,29,-0.6362012453262859,29
2957,36,17,111,9,-0.6365354853619557,8
2958,41,25,25,11,-0.6394054706376676,14
2959,37,16,62,10,-0.6397394147846429,6
2960,50,16,98,8,-0.6426219058041119,8
2961,98,26,16,13,-0.6567917996699305,13
2962,39,70,7,35,-0.6570822531098801,35
2963,13,29,20,14,-0.6574275541488409,15
2964,108,15,64,7,-0.6582287703496964,8
2965,50,38,63,20,-0.6599709375930077,18
2966,114,40,37,22,-0.6680388190804033,18
2967,43,17,87,9,-0.6739164190576975,8
2968,25,19,18,9,-0.6816652439852758,10
2969,99,11,27,5,-0.6941577039356038,6
2970,64,18,38,9,-0.6972961224720612,9
2971,69,13,71,7,-0.6992249594892732,6
2972,104,23,18,10,-0.7012089452274208,13
2973,8,25,76,12,-0.7077738529790857,13
2974,65,85,54,44,-0.7126472318729195,41
2975,30,22,51,11,-0.7133256045305842,11
2976,63,45,87,22,-0.715335372460967,23
2977,28,13,82,6,-0.7153587234866207,7
2978,3,12,69,7,-0.7220114611067269,5
2979,25,23,15,13,-0.7267013492378236,10
2980,5,41,95,20,-0.7316066534315533,21
2981,86,77,40,41,-0.7352757671814375,36
2982,74,13,36,8,-0.743717573303844,5
2983,71,20,3,10,-0.7446115406314829,10
2984,48,27,28,14,-0.7484805696104441,13
2985,109,19,50,10,-0.762158861805403,9
2986,54,12,110,6,-0.7626333033805247,6
2987,109,52,86,26,-0.7650688903707134,26
2988,64,27,75,14,-0.7678085379778318,13
2989,8,80,107,44,-0.7700051528352247,36
2990,104,15,33,7,-0.7704375614853106,8
2991,93,20,97,10,-0.7717644600090567,10
2992,15,24,16,13,-0.777276505650555,11
2993,114,45,104,24,-0.7777920700848373,21
2994,34,17,9,9,-0.77910514985876,8
2995,65,19,18,9,-0.7868157298210114,10
2996,39,28,11,14,-0.7894372385849192,14
2997,78,11,28,5,-0.7898078034632366,6
2998,40,36,16,19,-0.7902451728478608,17
2999,77,19,68,10,-0.7929482450183345,9
3000,88,22,2,11,-0.7956469041111237,11
3001,86,17,12,9,-0.8013363403706052,8
3002,50,17,79,9,-0.8036407520519754,8
3003,40,14,56,7,-0.8062835825274064,7
3004,107,58,96,31,-0.8081270899904945,27
3005,28,79,16,41,-0.8112414808815771,38
3006,76,45,106,21,-0.8113571883686943,24
3007,20,27,74,13,-0.8203305748765273,14
3008,18,57,7,28,-0.8231688841647117,29
3009,46,16,2,8,-0.8285194662826783,8
3010,93,19,107,9,-0.8317061972633653,10
3011,3,16,28,9,-0.8360030889582999,7
3012,47,20,87,10,-0.8396314002741841,10
3013,74,40,54,20,-0.8415267564978521,20
3014,63,28,71,15,-0.8479499084443569,13
3015,16,17,34,9,-0.8560019455164201,8
3016,114,10,10,6,-0.8617397018011254,4
3017,71,21,55,12,-0.8636848327030733,9
3018,49,27,7,12,-0.8744069756975955,15
3019,68,47,111,23,-0.87462883933747,24
3020,65,45,74,22,-0.8800404347092061,23
3021,4,21,77,11,-0.8810684428976734,10
3022,106,10,3,5,-0.8904989515497619,5
3023,46,31,107,15,-0.8942764168819444,16
3024,48,24,8,13,-0.8990865709573216,11
3025,74,17,68,10,-0.9001065237726515,7
3026,63,65,107,30,-0.9004862155219557,35
3027,79,17,84,8,-0.9012801816556617,9
3028,3,13,23,7,-0.9036934098771321,6
3029,75,35,36,16,-0.9076169876586756,19
3030,33,20,13,10,-0.9181205054603415,10
3031,50,17,69,10,-0.918845201923083,7
3032,65,18,102,8,-0.9231577333764884,10
3033,104,33,39,17,-0.924396755600099,16
3034,86,17,33,8,-0.9246066959077452,9
3035,83,11,102,6,-0.9259324073609722,5
3036,39,33,47,17,-0.9409236558902793,16
3037,114,13,112,6,-0.9421647262329372,7
3038,8,20,7,11,-0.9446580951337818,9
3039,5,14,14,8,-0.9561035605846475,6
3040,106,38,104,19,-0.9604760273979325,19
3041,75,49,65,26,-0.967149368231196,23
3042,87,16,14,9,-0.9719183858987275,7
3043,88,11,79,6,-0.973600472994728,5
3044,5,65,107,33,-0.9748363761521153,32
3045,31,33,51,19,-0.9782499075201476,14
3046,100,14,64,8,-0.9873146869937529,6
3047,28,21,60,9,-0.9891037947174117,12
3048,111,17,23,7,-0.9902411232186308,10
3049,79,14,107,6,-0.9916516151596952,8
3050,39,40,8,20,-0.9993368710228037,20
3051,7,39,114,21,-1.0047894280060643,18
3052,93,11,114,5,-1.0049906589581687,6
3053,6,14,68,8,-1.005162162800652,6
3054,39,28,3,15,-1.0052798762555943,13
3055,75,43,13,23,-1.0053644322647692,20
3056,88,20,93,11,-1.013881838292134,9
3057,51,29,3,12,-1.0169039863425806,17
3058,33,10,70,5,-1.0222975969230645,5
3059,44,20,63,11,-1.0233184771026504,9
3060,17,21,8,10,-1.026318191087207,11
3061,9,17,112,9,-1.0274983646093443,8
3062,7,22,35,11,-1.02999883395421,11
3063,88,34,71,19,-1.0311330418182334,15
3064,3,14,45,7,-1.0349134798027073,7
3065,88,21,90,10,-1.0373159148886413,11
3066,57,19,28,10,-1.042495222205806,9
3067,87,17,27,9,-1.0572087388131575,8
3068,87,35,18,19,-1.059533339757231,16
3069,63,42,68,21,-1.0605961778676243,21
3070,109,30,104,15,-1.063865849600061,15
3071,60,53,107,28,-1.0640943356648138,25
3072,20,43,8,22,-1.0648602565838075,21
3073,8,55,70,28,-1.0665028298167962,27
3074,66,12,106,7,-1.0707591278531368,5
3075,37,20,67,11,-1.0707700527635244,9
3076,1,29,107,15,-1.0725529373993175,14
3077,97,19,64,10,-1.0748997556854094,9
3078,71,13,43,6,-1.0882014078273534,7
3079,39,46,65,26,-1.0892678939812854,20
3080,74,13,40,7,-1.0901529369074696,6
3081,11,16,14,9,-1.0923565448715815,7
3082,107,70,54,35,-1.0956537339891796,35
3083,60,67,13,37,-1.0987386561282542,30
3084,106,16,27,7,-1.0992702168895803,9
3085,33,16,54,9,-1.1000953180608284,7
3086,106,39,70,19,-1.1024614638047292,20
3087,2,18,96,9,-1.1039761816908782,9
3088,60,19,78,9,-1.1081948416672183,10
3089,55,13,73,7,-1.1082443575059588,6
3090,40,47,63,25,-1.1085655861732648,22
3091,112,14,23,7,-1.1091414019210037,7
3092,57,17,25,9,-1.1122394350713356,8
3093,13,51,9,25,-1.1214675419480795,26
3094,88,18,61,8,-1.1254133453483963,10
3095,114,13,33,6,-1.1286658148323805,7
3096,107,19,81,9,-1.1293503192154632,10
3097,106,26,36,13,-1.1307287364062808,13
3098,16,47,23,25,-1.1335884234619735,22
3099,109,15,48,8,-1.1338129007062274,7
3100,91,31,88,16,-1.1352768006015461,15
3101,38,11,80,5,-1.1354310640359402,6
3102,71,73,60,38,-1.1360670304013198,35
3103,107,26,108,13,-1.1401052195192967,13
3104,98,11,39,6,-1.1404948944014273,5
3105,41,77,7,39,-1.1507255004660388,38
3106,30,47,86,23,-1.1570405179503085,24
3107,68,38,27,21,-1.1654046230648214,17
3108,28,24,76,13,-1.1713077042523665,11
3109,114,15,84,7,-1.181429365157058,8
3110,31,34,88,17,-1.1836541894089585,17
3111,109,25,25,13,-1.1927554377225942,12
3112,84,25,37,13,-1.2002245471215662,12
3113,39,36,9,17,-1.2025727113754594,19
3114,97,33,25,17,-1.2112097532933461,16
3115,46,12,38,7,-1.2117798317776216,5
3116,74,11,98,6,-1.2137114800422124,5
3117,54,62,50,32,-1.2219864026222214,30
3118,55,50,87,26,-1.2223891795427406,24
3119,9,26,71,14,-1.2262156519313807,12
3120,13,62,86,31,-1.228508610912882,31
3121,61,14,13,8,-1.2296565256158196,6
3122,95,16,63,8,-1.233969730193377,8
3123,31,25,71,13,-1.2380158081615502,12
3124,112,18,107,10,-1.2381580832699435,8
3125,4,30,107,15,-1.2387516471106224,15
3126,43,12,104,7,-1.2430962980218272,5
3127,89,10,65,5,-1.2467666872041385,5
3128,16,30,109,15,-1.2499451161124762,15
3129,94,13,68,6,-1.252803974637691,7
3130,99,26,55,14,-1.260544955494955,12
3131,14,15,107,7,-1.262180496300674,8
3132,55,42,75,24,-1.263536649450621,18
3133,65,27,50,14,-1.2644687002361992,13
3134,55,82,8,40,-1.2721684605222614,42
3135,51,30,50,15,-1.277023353905357,15
3136,49,15,65,8,-1.283273453022916,7
3137,109,20,97,10,-1.2834069052578214,10
3138,74,22,2,12,-1.2925512141562505,10
3139,60,43,65,25,-1.2925574145160876,18
3140,65,21,112,10,-1.294463939655417,11
3141,81,11,15,6,-1.2951302078525535,5
3142,13,44,5,23,-1.3023509853743016,21
3143,102,11,70,4,-1.3043211125718082,7
3144,8,16,10,9,-1.3145513780375313,7
3145,88,60,46,30,-1.3171891594634109,30
3146,80,18,74,9,-1.3199661328668575,9
3147,68,39,64,22,-1.3356994520331136,17
3148,37,66,8,34,-1.3357403383797612,32
3149,51,44,8,23,-1.3380278840989295,21
3150,60,53,77,28,-1.3387501143482283,25
3151,7,48,71,23,-1.3388864417450879,25
3152,114,27,71,14,-1.3431780041778798,13
3153,90,17,84,9,-1.3434141546201466,8
3154,88,37,97,19,-1.3490743629309028,18
3155,60,44,53,24,-1.3503746570549038,20
3156,60,30,43,16,-1.3551540889304803,14
3157,104,31,68,15,-1.3616459533032323,16
3158,30,26,25,12,-1.3633847180345777,14
3159,40,23,30,12,-1.3656919842952278,11
3160,23,13,27,6,-1.3665703255989474,7
3161,76,11,90,5,-1.371109786983603,6
3162,48,10,75,5,-1.3711471542080287,5
3163,28,37,46,21,-1.375261591609085,16
3164,109,29,87,16,-1.3766608968038976,13
3165,41,30,106,15,-1.3806292559177735,15
3166,7,31,95,17,-1.3809406634768695,14
3167,11,41,50,22,-1.3816262941644981,19
3168,86,41,9,22,-1.382008189243511,19
3169,29,11,36,5,-1.3837445576600587,6
3170,114,15,15,8,-1.3858486532762986,7
3171,74,15,17,8,-1.3910983775391348,7
3172,37,13,43,6,-1.39155356085389,7
3173,16,25,44,12,-1.3924747988210244,13
3174,106,25,100,12,-1.3941621457208517,13
3175,83,15,7,9,-1.3943529604549403,6
3176,9,13,91,7,-1.3946381880594534,6
3177,95,19,20,10,-1.3957034121223266,9
3178,56,10,16,6,-1.398489957964547,4
3179,44,12,75,7,-1.3998373775330364,5
3180,95,17,70,8,-1.4011695857654913,9
3181,11,15,102,9,-1.4114820984859553,6
3182,40,30,41,15,-1.4126537270823987,15
3183,40,45,9,24,-1.4158523438373032,21
3184,63,17,49,9,-1.4171594607729328,8
3185,87,23,80,12,-1.4202226913102634,11
3186,45,35,36,16,-1.4232731245081227,19
3187,41,70,65,39,-1.4285809086277088,31
3188,28,76,107,41,-1.4297462541310915,35
3189,25,28,50,14,-1.4391705454909016,14
3190,97,21,20,10,-1.4395279608818727,11
3191,63,55,106,28,-1.4485566818099482,27
3192,9,24,58,12,-1.4546505850429015,12
3193,89,16,50,9,-1.4560158637801313,7
3194,38,16,8,8,-1.4562520429495762,8
3195,83,23,25,13,-1.459720188055496,10
3196,47,21,31,11,-1.4606130980712662,10
3197,65,89,63,46,-1.4663105199346156,43
3198,2,32,86,16,-1.4682447143488924,16
3199,32,17,11,8,-1.4729852723414758,9
3200,63,15,73,7,-1.4760785674332912,8
3201,13,59,4,32,-1.4911690163054772,27
3202,12,16,88,8,-1.492888142675182,8
3203,87,21,29,12,-1.496087722033852,9
3204,5,63,28,32,-1.5122016375527894,31
3205,50,30,84,15,-1.5145533767727424,15
3206,55,12,46,7,-1.514859018089955,5
3207,8,12,43,6,-1.5194230889621378,6
3208,37,14,35,7,-1.523131742310598,7
3209,88,34,1,17,-1.5234508852206479,17
3210,46,25,97,13,-1.53794225986029,12
3211,60,52,51,30,-1.5379585605411297,22
3212,13,61,41,31,-1.5422223527057688,30
3213,61,12,65,7,-1.5448114274450557,5
3214,28,44,13,23,-1.5480390864692188,21
3215,74,26,11,14,-1.5483769164487973,12
3216,14,15,106,7,-1.552388543907857,8
3217,51,42,17,21,-1.5539556128144012,21
3218,65,84,7,41,-1.5543231245397562,43
3219,83,23,104,13,-1.5563880557352991,10
3220,100,12,97,6,-1.5601199386945845,6
3221,61,17,40,9,-1.5607473214395375,8
3222,111,14,9,7,-1.5621342613374538,7
3223,86,100,106,52,-1.5692663469089445,48
3224,107,38,18,22,-1.5770183315969,16
3225,90,22,55,10,-1.578656952498874,12
3226,25,15,2,7,-1.5845186001024019,8
3227,40,73,7,40,-1.588804971289502,33
3228,47,15,27,7,-1.591161927029764,8
3229,90,10,64,5,-1.5921132093044663,5
3230,30,18,99,10,-1.5949338139614573,8
3231,43,13,70,7,-1.6071210379776915,6
3232,54,11,79,7,-1.6071533989506848,4
3233,74,59,107,32,-1.6086403256327972,27
3234,20,28,114,15,-1.6093906597632899,13
3235,86,35,91,18,-1.6127783916757956,17
3236,96,19,39,11,-1.6315253594413601,8
3237,88,44,106,25,-1.6421661548035542,19
3238,107,39,71,22,-1.6439964154336006,17
3239,57,10,95,4,-1.6443605111684718,6
3240,74,50,16,27,-1.6504828930462023,23
3241,68,23,36,12,-1.6511686348202665,11
3242,51,49,37,23,-1.6543448329472816,26
3243,48,19,106,10,-1.6634533717988316,9
3244,109,13,43,7,-1.6656590774438986,6
3245,49,23,107,11,-1.6706380215538053,12
3246,31,28,45,15,-1.6710870406691087,13
3247,39,45,63,27,-1.672960461470019,18
3248,80,31,86,16,-1.6766961831131946,15
3249,16,58,60,30,-1.6962062003437322,28
3250,23,15,36,6,-1.6972875274185715,9
3251,87,18,69,9,-1.6975427541161365,9
3252,102,16,20,8,-1.6989391239814924,8
3253,37,10,48,5,-1.703593750319215,5
3254,43,22,51,11,-1.7055396893146837,11
3255,7,40,54,21,-1.7088310244062668,19
3256,85,10,74,5,-1.7134982697618457,5
3257,84,34,51,18,-1.7189303132534872,16
3258,41,39,39,19,-1.7191888070685701,20
3259,90,36,107,18,-1.723381098959678,18
3260,45,18,40,10,-1.7249973927231157,8
3261,11,49,8,27,-1.7256786381417557,22
3262,50,11,83,5,-1.7272952536822093,6
3263,12,13,50,5,-1.7279667161947843,8
3264,11,14,60,7,-1.729783938603551,7
3265,75,19,70,9,-1.7314858975507368,10
3266,5,51,46,28,-1.7323776092910628,23
3267,106,19,48,10,-1.7335189393534853,9
3268,88,37,36,21,-1.7392851936744331,16
3269,23,26,8,13,-1.7400762718841147,13
3270,6,11,18,6,-1.7414584600944745,5
3271,36,33,60,17,-1.7416473627060742,16
3272,107,38,97,19,-1.7507246476170446,19
3273,68,31,4,16,-1.7510661926181545,15
3274,88,56,87,27,-1.7513462767543797,29
3275,70,26,84,14,-1.7530345342228948,12
3276,54,27,84,15,-1.7533288896590713,12
3277,8,15,49,9,-1.7678498041146895,6
3278,36,31,1,15,-1.7697191195700561,16
3279,16,62,104,33,-1.7780277088526335,29
3280,84,13,102,7,-1.7793224025292758,6
3281,90,25,37,13,-1.7816453937181784,12
3282,13,19,57,9,-1.791216394418935,10
3283,28,65,8,35,-1.8060421386611965,30
3284,25,22,36,11,-1.8071440138268584,11
3285,111,18,40,9,-1.8104998545748818,9
3286,80,21,84,12,-1.8116947476965408,9
3287,64,12,80,6,-1.8118137894523876,6
3288,28,18,79,10,-1.8130893193426156,8
3289,44,20,53,12,-1.8141360189660758,8
3290,109,11,71,6,-1.819641782820222,5
3291,99,13,102,7,-1.8212893413036864,6
3292,114,18,69,8,-1.8229272425455245,10
3293,114,13,44,7,-1.8263733365516708,6
3294,20,13,23,7,-1.8275702683866017,6
3295,69,17,9,9,-1.8276767965349947,8
3296,13,29,74,15,-1.8278354237299068,14
3297,29,14,7,6,-1.8294106613069705,8
3298,96,38,84,19,-1.835648682700679,19
3299,106,10,103,6,-1.8460294979122165,4
3300,97,22,53,12,-1.8492466822191078,10
3301,76,22,46,12,-1.8507100299988153,10
3302,86,11,6,6,-1.8539951054916275,5
3303,51,19,98,10,-1.8552094547524458,9
3304,106,61,87,31,-1.8566326197242504,30
3305,60,49,39,25,-1.8593987986836014,24
3306,87,13,6,7,-1.8611049796290908,6
3307,54,28,64,14,-1.8650724062797466,14
3308,5,95,37,49,-1.865428870342572,46
3309,54,26,17,13,-1.867393134138254,13
3310,54,49,87,27,-1.875214789525944,22
3311,83,16,60,9,-1.8774619090517453,7
3312,79,14,8,6,-1.8787453444383126,8
3313,46,22,68,11,-1.8807270075774944,11
3314,8,41,2,21,-1.8848654476169693,20
3315,64,23,25,12,-1.8857238852847689,11
3316,49,47,39,26,-1.889609365471135,21
3317,106,35,20,19,-1.890590591428699,16
3318,16,51,11,30,-1.8931355077036744,21
3319,17,26,106,15,-1.8975243648116566,11
3320,28,37,39,19,-1.8977614224864356,18
3321,84,10,43,6,-1.900346125507611,4
3322,88,13,14,7,-1.902096229341472,6
3323,114,37,63,22,-1.909917642987871,15
3324,57,17,15,9,-1.9121491415635448,8
3325,106,32,97,16,-1.9159665785715099,16
3326,76,11,99,5,-1.9173589523208336,6
3327,41,21,70,10,-1.9198471114809519,11
3328,28,25,80,13,-1.9225523112040797,12
3329,18,21,114,11,-1.923577249757447,10
3330,40,19,70,11,-1.9276789997691202,8
3331,97,14,23,7,-1.9330528734436563,7
3332,104,13,110,8,-1.9388474450810558,5
3333,31,14,23,8,-1.9392936999416424,6
3334,55,20,25,11,-1.9429576796619947,9
3335,64,34,36,17,-1.9485056781764598,17
3336,71,12,78,6,-1.9545808326383198,6
3337,35,11,50,6,-1.9581460146246743,5
3338,76,18,41,8,-1.972404836446448,10
3339,37,33,88,18,-1.979989875378531,15
3340,25,38,28,22,-1.983389891159918,16
3341,13,13,48,7,-1.984822076945226,6
3342,4,19,53,10,-1.987694792892672,9
3343,86,55,70,30,-1.99170528882216,25
3344,112,15,104,8,-1.9939359727925703,7
3345,7,24,69,12,-1.9945381002011557,12
3346,17,14,64,7,-1.997717670710988,7
3347,97,22,83,10,-2.007636873207568,12
3348,90,36,8,20,-2.01946478207178,16
3349,87,30,75,16,-2.024772500508876,14
3350,13,11,32,6,-2.026181507027533,5
3351,114,14,91,7,-2.031242634143396,7
3352,79,11,55,6,-2.0315889229013417,5
3353,63,12,58,5,-2.0345686518653676,7
3354,88,14,89,7,-2.035463499061412,7
3355,60,24,90,14,-2.039727571926182,10
3356,54,17,23,9,-2.040126358853802,8
3357,80,31,65,16,-2.05091984654234,15
3358,9,17,84,9,-2.0546690063899433,8
3359,90,45,86,25,-2.0574221764428238,20
3360,20,75,86,40,-2.0610607183573055,35
3361,31,25,3,12,-2.062807661672897,13
3362,45,22,13,12,-2.063714442075688,10
3363,49,16,68,8,-2.063780554877947,8
3364,114,23,50,13,-2.0649465321872778,10
3365,63,10,82,5,-2.0779758612966877,5
3366,114,13,98,7,-2.0825036861166173,6
3367,91,12,17,7,-2.0932516032559643,5
3368,36,73,7,39,-2.0934963107077063,34
3369,8,22,97,11,-2.094799206270941,11
3370,29,15,16,7,-2.096096770007441,8
3371,55,34,83,17,-2.0962093979720193,17
3372,84,22,109,12,-2.0978150302320913,10
3373,60,24,99,13,-2.100940382067204,11
3374,35,23,20,13,-2.1036160096888272,10
3375,3,10,77,6,-2.1078393954054353,4
3376,100,23,8,13,-2.1093275750438307,10
3377,17,13,1,7,-2.1103206894628075,6
3378,88,18,81,9,-2.113043846902455,9
3379,33,12,74,6,-2.113811361821,6
3380,30,13,48,6,-2.114145406665778,7
3381,40,15,11,8,-2.115832802221002,7
3382,64,20,1,10,-2.116432620959366,10
3383,70,11,53,6,-2.117480208536356,5
3384,91,30,28,16,-2.128036121988931,14
3385,28,49,11,25,-2.1398999630410587,24
3386,46,27,87,13,-2.150785198948074,14
3387,7,17,80,10,-2.151623343669696,7
3388,16,29,48,16,-2.1636694951809585,13
3389,74,14,88,9,-2.16536396125082,5
3390,13,22,11,11,-2.165914141538766,11
3391,55,63,86,34,-2.1661509305052244,29
3392,39,11,33,6,-2.1701558874520313,5
3393,93,16,84,8,-2.173203038685071,8
3394,70,26,63,14,-2.1813121472430432,12
3395,74,64,8,36,-2.1866220406514896,28
3396,54,10,31,5,-2.1866689261471493,5
3397,87,19,94,10,-2.200625594283846,9
3398,13,51,49,26,-2.2090696411697515,25
3399,55,19,57,9,-2.210406003923328,10
3400,40,12,112,6,-2.2105918484505547,6
3401,96,50,5,28,-2.21142719225076,22
3402,8,11,112,5,-2.214468435350456,6
3403,69,11,104,7,-2.21747944835034,4
3404,99,13,98,6,-2.22125816779338,7
3405,114,11,11,5,-2.2223336020983733,6
3406,33,11,88,5,-2.224220943421554,6
3407,100,16,28,9,-2.2255414738387724,7
3408,25,16,90,9,-2.226157693683706,7
3409,74,27,20,15,-2.230377352624161,12
3410,70,25,68,13,-2.2334926025833965,12
3411,51,60,40,32,-2.2350901425351184,28
3412,3,14,81,8,-2.2358028798300933,6
3413,104,35,87,17,-2.2393020839894078,18
3414,11,18,7,10,-2.23932059026862,8
3415,4,38,88,20,-2.24592170041755,18
3416,7,25,20,13,-2.251051671042148,12
3417,54,14,41,7,-2.2511014360561394,7
3418,25,30,95,16,-2.25397314365567,14
3419,46,24,60,13,-2.263806664184089,11
3420,96,66,28,35,-2.2674069446039327,31
3421,31,10,61,5,-2.2696136748473594,5
3422,71,16,80,8,-2.2753923838048147,8
3423,17,21,46,11,-2.279991454185124,10
3424,74,46,37,24,-2.2838690954080456,22
3425,4,13,106,6,-2.287883468044352,7
3426,114,10,94,6,-2.2912532605689226,4
3427,45,18,114,10,-2.292094813707231,8
3428,5,24,100,13,-2.2932427434044693,11
3429,65,33,97,18,-2.294354223312199,15
3430,96,36,106,20,-2.2984565902488896,16
3431,109,16,68,10,-2.29851232062389,6
3432,32,21,86,11,-2.2989864902239,10
3433,109,13,23,7,-2.3017906431791286,6
3434,50,12,58,6,-2.303376752943112,6
3435,69,18,107,10,-2.304614755370786,8
3436,3,23,9,12,-2.3162904113567793,11
3437,60,26,3,14,-2.3182866914035363,12
3438,107,28,34,16,-2.3192939541017417,12
3439,69,24,65,13,-2.3193082814773103,11
3440,102,21,104,10,-2.320627297470276,11
3441,64,23,50,12,-2.3285304422785043,11
3442,5,51,109,26,-2.3285813949081646,25
3443,53,28,25,14,-2.3301510854690832,14
3444,93,12,20,6,-2.3328644598895543,6
3445,4,17,104,10,-2.3357072159096566,7
3446,51,20,49,11,-2.337593611464387,9
3447,85,25,86,13,-2.3385045180060255,12
3448,12,15,13,6,-2.3425974502134452,9
3449,31,36,4,21,-2.3535355966794675,15
3450,109,14,96,8,-2.3566759619593642,6
3451,5,23,99,12,-2.3616219022642833,11
3452,70,19,7,12,-2.364945757295021,7
3453,96,55,8,30,-2.3714393570924233,25
3454,96,10,69,6,-2.371580754307745,4
3455,84,28,55,15,-2.3790863004124483,13
3456,86,41,71,21,-2.381013041233798,20
3457,106,31,71,17,-2.3812089448162745,14
3458,65,86,13,47,-2.3833738604192134,39
3459,56,13,75,8,-2.3840139649043506,5
3460,104,25,96,14,-2.3866419839158355,11
3461,71,21,4,13,-2.3871750117365993,8
3462,95,40,104,22,-2.389034218387607,18
3463,8,12,111,6,-2.390343846489093,6
3464,87,22,83,11,-2.3903571419434884,11
3465,7,10,85,6,-2.3932559335609835,4
3466,8,10,56,6,-2.4000860547179794,4
3467,54,74,86,39,-2.400843471644491,35
3468,68,31,3,17,-2.4024413251399017,14
3469,38,21,68,12,-2.407021082950757,9
3470,93,33,8,17,-2.4111455321691304,16
3471,92,11,65,6,-2.411285975254871,5
3472,39,35,71,19,-2.4158892555534424,16
3473,25,46,107,24,-2.4187485647838773,22
3474,99,11,109,6,-2.419517402501058,5
3475,75,20,91,7,-2.4323694332612673,13
3476,99,21,87,12,-2.432411032680885,9
3477,69,24,41,15,-2.435433530316399,9
3478,106,39,55,22,-2.4381392466666045,17
3479,51,18,57,9,-2.4421495714004644,9
3480,50,10,32,4,-2.4440541907162716,6
3481,27,10,54,5,-2.463869496934477,5
3482,69,17,74,8,-2.466497282082454,9
3483,74,40,87,22,-2.4671563114027464,18
3484,81,17,4,10,-2.467812477706327,7
3485,13,80,68,44,-2.474643151114837,36
3486,9,61,7,31,-2.4756046461152823,30
3487,39,30,95,16,-2.481130681096556,14
3488,107,63,84,34,-2.4836473699262256,29
3489,68,59,65,32,-2.4863573145608657,27
3490,111,11,18,6,-2.489910872635885,5
3491,31,20,87,10,-2.492676559594957,10
3492,3,20,65,11,-2.4971368500383213,9
3493,109,18,37,10,-2.5010134043415313,8
3494,68,105,7,57,-2.5114811010541356,48
3495,13,30,63,16,-2.513355364840316,14
3496,39,18,62,9,-2.5162035004252656,9
3497,36,15,12,8,-2.5163199425137495,7
3498,50,32,39,17,-2.524569549657206,15
3499,68,13,11,7,-2.5250619833588037,6
3500,4,18,39,10,-2.5267698999647226,8
3501,9,33,36,18,-2.527924078037467,15
3502,16,23,102,12,-2.528185641545434,11
3503,60,11,111,7,-2.535604443502029,4
3504,11,35,63,21,-2.539597707853179,14
3505,16,13,52,7,-2.542332195506543,6
3506,1,19,73,11,-2.5534291003907295,8
3507,83,16,51,10,-2.556300922595479,6
3508,63,10,83,4,-2.557624644664858,6
3509,87,13,92,7,-2.5651869545632544,6
3510,107,28,91,16,-2.5653431282322647,12
3511,91,11,47,6,-2.565831417578021,5
3512,7,50,104,27,-2.5854072339864174,23
3513,62,21,87,11,-2.586304566496697,10
3514,20,36,88,18,-2.5921704707151747,18
3515,54,32,80,16,-2.5928190955886397,16
3516,109,10,1,5,-2.592960677140225,5
3517,31,23,39,13,-2.5934090452929364,10
3518,27,19,40,8,-2.5947052105553348,11
3519,51,21,12,12,-2.5958960848269506,9
3520,91,23,36,13,-2.600483205457647,10
3521,86,20,93,11,-2.6126285193850958,9
3522,2,13,76,8,-2.6134640032331116,5
3523,41,12,11,8,-2.6159479780993316,4
3524,20,26,11,15,-2.6225934054521076,11
3525,16,44,41,22,-2.6236346308099376,22
3526,13,17,26,10,-2.6331530105138743,7
3527,72,14,13,7,-2.6344835838372416,7
3528,114,28,54,14,-2.6355280322257006,14
3529,95,14,33,8,-2.6415453896084555,6
3530,62,28,86,15,-2.642237041880456,13
3531,5,60,16,35,-2.643518445682432,25
3532,86,43,23,23,-2.6484576158238538,20
3533,8,24,30,13,-2.6514132136935475,11
3534,65,48,53,25,-2.6519126498591334,23
3535,88,29,92,16,-2.65412565592523,13
3536,51,38,53,20,-2.6567672529233457,18
3537,91,13,74,7,-2.658254293210725,6
3538,76,10,47,3,-2.6595736051653853,7
3539,74,25,114,13,-2.666972342657448,12
3540,75,18,95,10,-2.672802736686619,8
3541,44,17,25,9,-2.673535476281759,8
3542,50,16,43,10,-2.6787122504636622,6
3543,5,25,39,13,-2.6791322172692884,12
3544,17,17,90,8,-2.680753861205159,9
3545,71,40,65,23,-2.6867803351656674,17
3546,51,67,88,33,-2.689202214280451,34
3547,41,21,57,12,-2.694336728836968,9
3548,18,14,12,8,-2.7036570911929836,6
3549,65,27,43,13,-2.7044668198991113,14
3550,37,57,107,31,-2.7122377942768767,26
3551,33,21,16,13,-2.716908579534641,8
3552,80,11,95,6,-2.7197438471090796,5
3553,70,31,104,17,-2.7208109249750048,14
3554,88,53,55,31,-2.721264805593774,22
3555,51,39,28,20,-2.727986007563174,19
3556,30,12,9,7,-2.7296904854733155,5
3557,34,12,75,6,-2.7327928404854562,6
3558,107,26,98,14,-2.733780753313525,12
3559,106,50,65,27,-2.735321183024918,23
3560,104,22,97,11,-2.7396377781056187,11
3561,107,19,29,12,-2.739796334219244,7
3562,107,67,51,39,-2.750007946030056,28
3563,64,42,53,23,-2.7590266802927172,19
3564,60,31,18,17,-2.759241709022921,14
3565,77,17,5,9,-2.7658375671945885,8
3566,40,11,38,5,-2.771552043064858,6
3567,10,11,5,5,-2.7716738654503192,6
3568,3,27,107,13,-2.7747494462017355,14
3569,84,27,16,14,-2.7805687732320044,13
3570,55,16,3,9,-2.7857743268426365,7
3571,97,15,9,7,-2.7891659901703596,8
3572,108,19,86,9,-2.7920033870005003,10
3573,36,13,100,7,-2.7923934619121096,6
3574,1,26,7,14,-2.793205495238504,12
3575,114,25,4,13,-2.7973762559419417,12
3576,88,57,60,32,-2.7991697386489376,25
3577,112,14,106,7,-2.805082024542768,7
3578,41,15,99,8,-2.808167291861728,7
3579,106,33,68,18,-2.8127952198562447,15
3580,48,17,65,10,-2.813018636762518,7
3581,109,32,51,20,-2.817926639661738,12
3582,15,17,99,10,-2.8189668514207975,7
3583,47,13,64,8,-2.821240379057225,5
3584,71,13,18,7,-2.821320109059578,6
3585,38,21,16,13,-2.8217292489636367,8
3586,74,33,104,19,-2.832959821636547,14
3587,65,18,77,9,-2.836180648453273,9
3588,60,12,89,6,-2.8396731138810423,6
3589,23,19,95,10,-2.8404436396815522,9
3590,65,84,16,46,-2.8433317593388634,38
3591,54,25,102,14,-2.843956333831333,11
3592,104,13,23,8,-2.8445076862849517,5
3593,39,28,17,16,-2.8462345861289586,12
3594,61,10,47,6,-2.846896267551428,4
3595,33,13,97,7,-2.8486496222061595,6
3596,18,20,74,10,-2.8496142222224696,10
3597,96,16,73,9,-2.853430398009382,7
3598,99,18,51,9,-2.8534777973740635,9
3599,28,53,88,30,-2.8540426797765646,23
3600,86,48,60,26,-2.8571270629897767,22
3601,65,54,28,30,-2.864556092070314,24
3602,75,21,27,11,-2.8742147115996155,10
3603,60,23,63,13,-2.8746236800640066,10
3604,38,13,29,7,-2.8767159163647986,6
3605,7,31,43,18,-2.8869337290340296,13
3606,74,24,75,14,-2.8903655619324415,10
3607,7,113,13,61,-2.894597548933859,52
3608,78,20,68,11,-2.8969266940151783,9
3609,70,10,44,5,-2.8975248911261424,5
3610,108,13,71,7,-2.8992906212622866,6
3611,74,13,12,7,-2.901854459581128,6
3612,37,19,91,10,-2.9050960547005253,9
3613,13,83,16,46,-2.909476115203071,37
3614,108,12,25,7,-2.9132670669268257,5
3615,86,88,63,51,-2.9189426271050922,37
3616,106,19,102,9,-2.9207255392565092,10
3617,86,82,74,43,-2.9212877807151494,39
3618,43,10,17,5,-2.923505312587325,5
3619,65,15,99,8,-2.925348959200731,7
3620,97,11,49,7,-2.931895914374789,4
3621,87,20,36,12,-2.9355732508976633,8
3622,76,17,30,10,-2.9372015853586078,7
3623,7,25,15,12,-2.945121443798056,13
3624,8,78,86,40,-2.9505503650201597,38
3625,8,16,80,8,-2.9519293865537106,8
3626,49,23,87,11,-2.9552067016674513,12
3627,16,36,20,22,-2.956231526565309,14
3628,86,89,7,51,-2.9562630867796145,38
3629,53,11,47,6,-2.967218161853792,5
3630,37,21,2,11,-2.96975801126945,10
3631,51,33,18,17,-2.9698165149321114,16
3632,94,12,60,6,-2.9727316679047604,6
3633,4,32,36,19,-2.9739066740354194,13
3634,60,35,87,18,-2.9762532182298993,17
3635,55,67,13,36,-2.9782082101551524,31
3636,84,12,10,7,-2.980259678929739,5
3637,53,27,95,17,-2.981134349868032,10
3638,50,35,13,19,-2.981537535104847,16
3639,51,10,72,5,-2.9819518577631126,5
3640,30,10,74,5,-2.9862406732405895,5
3641,98,10,100,5,-2.991009310778455,5
3642,37,37,65,19,-2.9918797859979525,18
3643,18,10,27,5,-2.996654278290003,5
3644,41,28,64,17,-2.998546228465672,11
3645,69,11,4,6,-2.9994841766617175,5
3646,58,21,31,11,-2.999935565790512,10
3647,34,14,96,8,-3.001763014782562,6
3648,38,19,88,12,-3.0023329742590943,7
3649,7,27,6,12,-3.013941061604383,15
3650,55,10,78,5,-3.0279933852134207,5
3651,51,47,54,25,-3.029775997358006,22
3652,84,13,35,7,-3.0304994399162246,6
3653,47,16,41,9,-3.031406429138557,7
3654,65,39,25,23,-3.0368934823131157,16
3655,96,13,38,7,-3.0422152322461713,6
3656,68,21,30,11,-3.0436023819959455,10
3657,55,14,48,8,-3.0636269177668387,6
3658,25,18,71,10,-3.0644100067848146,8
3659,114,40,60,18,-3.0670908685799043,22
3660,25,30,75,17,-3.069551733540898,13
3661,88,40,64,23,-3.072237959143943,17
3662,86,105,16,58,-3.0722654083229983,47
3663,41,11,74,5,-3.0735662157516845,6
3664,37,22,98,12,-3.078006071981289,10
3665,87,14,45,8,-3.086220297325659,6
3666,16,20,6,10,-3.0894843149716715,10
3667,77,27,13,15,-3.0976815832127267,12
3668,53,12,29,8,-3.0983100329129045,4
3669,91,10,64,6,-3.0993479020870796,4
3670,68,14,99,8,-3.100103615084465,6
3671,60,15,92,9,-3.101629065738581,6
3672,106,25,109,13,-3.1028448270841773,12
3673,53,26,106,13,-3.1050273222192404,13
3674,28,93,86,52,-3.1094087575120595,41
3675,4,24,50,12,-3.1105592371369597,12
3676,17,25,25,14,-3.1106502600539105,11
3677,55,29,53,16,-3.1154264109145684,13
3678,80,11,36,6,-3.1158574211756616,5
3679,91,27,5,16,-3.121858390948631,11
3680,71,24,62,13,-3.138232146026573,11
3681,23,23,75,11,-3.148733601092015,12
3682,112,15,13,8,-3.153591174260179,7
3683,17,13,87,7,-3.155787932459329,6
3684,63,21,46,10,-3.156280457471709,11
3685,82,21,86,12,-3.1586560919846263,9
3686,87,32,23,19,-3.1607512154600745,13
3687,62,17,13,9,-3.161295276739798,8
3688,74,14,90,9,-3.168061351028922,5
3689,9,39,75,22,-3.1681150438551966,17
3690,86,16,110,9,-3.1694821197260485,7
3691,60,25,106,15,-3.171261503808182,10
3692,68,56,88,31,-3.1716887522574075,25
3693,69,11,47,6,-3.1775295332798312,5
3694,65,25,83,13,-3.1850517665827933,12
3695,50,54,37,28,-3.1883352760136074,26
3696,51,38,9,20,-3.197373775958875,18
3697,81,14,68,8,-3.1985312995714845,6
3698,5,49,55,27,-3.198953177181802,22
3699,39,41,36,23,-3.1998605067578225,18
3700,76,12,44,7,-3.2019945343572456,5
3701,31,47,60,23,-3.2094707274879264,24
3702,97,19,50,11,-3.210625734622642,8
3703,23,19,64,10,-3.2123729115980186,9
3704,28,39,55,23,-3.2184704312839756,16
3705,63,29,97,16,-3.219195053710692,13
3706,7,55,23,30,-3.222928305376168,25
3707,16,21,4,10,-3.223993814900797,11
3708,41,44,51,24,-3.228342506596857,20
3709,87,21,2,12,-3.2308938185741103,9
3710,97,10,56,5,-3.2314262120369195,5
3711,36,49,107,26,-3.234838704648262,23
3712,28,47,87,25,-3.2447645976260606,22
3713,107,15,94,10,-3.2534973524779978,5
3714,25,47,114,27,-3.2540864225169766,20
3715,95,14,84,8,-3.2568961944145873,6
3716,74,24,7,15,-3.257493143792889,9
3717,95,14,76,8,-3.257651508839797,6
3718,76,23,98,13,-3.2651133620022033,10
3719,109,24,60,13,-3.2667081082674914,11
3720,107,49,50,26,-3.2679334653534724,23
3721,102,12,13,8,-3.269263582511039,4
3722,93,14,70,8,-3.2714518634318708,6
3723,91,11,102,6,-3.2738070744638943,5
3724,67,13,114,7,-3.274670651234843,6
3725,45,18,16,11,-3.276855643218356,7
3726,35,18,11,10,-3.2847044987576,8
3727,13,23,38,11,-3.2949567300335874,12
3728,5,60,104,32,-3.3007473735225057,28
3729,66,11,86,6,-3.309294151623436,5
3730,17,35,16,21,-3.312370376088436,14
3731,75,31,60,17,-3.313915862803686,14
3732,84,16,97,10,-3.316428205809935,6
3733,57,10,64,6,-3.321529793039179,4
3734,81,13,9,7,-3.3217764660677,6
3735,39,30,64,17,-3.3245242307335383,13
3736,34,10,78,5,-3.3271359801886407,5
3737,50,19,41,11,-3.331657114556132,8
3738,31,22,50,12,-3.3334236876453813,10
3739,109,12,69,7,-3.3344685187765157,5
3740,76,13,71,6,-3.3359186512389036,7
3741,5,13,68,7,-3.3380294056441127,6
3742,98,20,54,11,-3.3414082574983,9
3743,33,13,75,8,-3.342736023465549,5
3744,2,21,20,12,-3.343168498501611,9
3745,70,47,16,27,-3.3445553948476245,20
3746,91,15,40,8,-3.345577169162442,7
3747,20,10,83,5,-3.347889825164404,5
3748,107,15,14,9,-3.3479962116917545,6
3749,106,35,84,18,-3.3481230379842057,17
3750,16,34,97,18,-3.3525321991063106,16
3751,3,12,54,6,-3.3552278990212483,6
3752,87,106,86,54,-3.3564460349971705,52
3753,27,48,7,26,-3.3617414996167194,22
3754,8,23,14,13,-3.3634201583462153,10
3755,97,25,54,13,-3.364815342765676,12
3756,20,17,40,10,-3.3649339637959637,7
3757,55,56,107,30,-3.369618935589803,26
3758,81,16,39,9,-3.3797099233441696,7
3759,98,15,73,8,-3.3800553651819163,7
3760,55,28,36,15,-3.383336577257353,13
3761,9,28,60,17,-3.384232112219374,11
3762,55,48,39,27,-3.3894226122709816,21
3763,104,10,73,6,-3.391491099464731,4
3764,40,28,43,15,-3.392922253607483,13
3765,28,13,4,7,-3.3940824912486858,6
3766,17,20,68,12,-3.395638967050424,8
3767,87,29,76,17,-3.3995265465111264,12
3768,64,46,13,23,-3.4066631144062156,23
3769,98,26,104,12,-3.4091853213510745,14
3770,36,11,17,5,-3.417273645156755,6
3771,37,12,4,7,-3.4218717037755084,5
3772,12,13,74,7,-3.4342312359972222,6
3773,25,31,102,17,-3.4382241991917164,14
3774,39,29,114,15,-3.4411172111260955,14
3775,39,56,13,30,-3.443344119398473,26
3776,23,21,37,11,-3.4530437057487418,10
3777,5,23,33,12,-3.454327509177194,11
3778,51,49,106,27,-3.457607975311812,22
3779,37,46,20,25,-3.457621476755263,21
3780,17,10,77,6,-3.4626586322684796,4
3781,84,12,13,7,-3.4627368734629633,5
3782,1,32,13,19,-3.462932922524283,13
3783,106,19,30,10,-3.463995690702536,9
3784,54,26,9,14,-3.4668855776458423,12
3785,5,60,74,32,-3.4699961467083447,28
3786,16,14,73,7,-3.4738693799097957,7
3787,81,10,23,6,-3.4745303728026347,4
3788,54,57,96,29,-3.47661338595835,28
3789,18,16,55,8,-3.481046717374471,8
3790,70,20,25,11,-3.484518115943737,9
3791,51,30,36,16,-3.4874600225025065,14
3792,36,13,62,7,-3.489528327052378,6
3793,114,36,97,20,-3.494809729950691,16
3794,9,26,50,15,-3.4989626487903873,11
3795,68,14,85,9,-3.5027894631624408,5
3796,107,19,93,11,-3.5035103312902427,8
3797,23,16,74,9,-3.5053157619270587,7
3798,33,10,49,6,-3.5057518320537775,4
3799,84,15,91,8,-3.5069437670955055,7
3800,104,38,8,21,-3.5073414065674897,17
3801,106,50,107,27,-3.5165007722129795,23
3802,62,34,16,20,-3.5174461635881284,14
3803,17,22,97,12,-3.5176024597849698,10
3804,17,11,112,6,-3.5191492672023625,5
3805,13,28,109,16,-3.519799337045931,12
3806,30,17,7,8,-3.5212250771957296,9
3807,43,18,63,10,-3.5248517337852396,8
3808,76,17,20,8,-3.5278207011714757,9
3809,7,15,44,8,-3.535266020755452,7
3810,69,26,88,15,-3.536532050456282,11
3811,36,65,40,37,-3.5400829247343655,28
3812,4,13,30,7,-3.554167963462701,6
3813,49,31,16,17,-3.554282234706272,14
3814,57,13,23,7,-3.554408044637194,6
3815,36,19,28,10,-3.554999615354126,9
3816,33,11,64,7,-3.558110801858625,4
3817,8,71,16,40,-3.5597923636148607,31
3818,23,45,107,24,-3.5637002883543505,21
3819,51,23,1,12,-3.568045705832745,11
3820,23,12,33,7,-3.5712223539857573,5
3821,45,14,63,8,-3.582850982463552,6
3822,20,11,69,6,-3.5870175414258565,5
3823,95,10,97,6,-3.58943247133478,4
3824,71,13,58,7,-3.5901555481142533,6
3825,51,24,108,13,-3.591871830422867,11
3826,13,14,34,7,-3.5918746626908375,7
3827,84,16,34,8,-3.604110620728508,8
3828,94,13,55,7,-3.6120696685756326,6
3829,62,16,28,9,-3.6140960069707972,7
3830,17,14,84,8,-3.6228474870048992,6
3831,18,19,43,9,-3.6267699505365183,10
3832,84,82,86,42,-3.6311456839927936,40
3833,108,11,48,7,-3.633614524897183,4
3834,108,14,75,8,-3.634090811617301,6
3835,5,60,88,32,-3.63799769202775,28
3836,68,15,20,8,-3.6401769729360676,7
3837,37,20,30,12,-3.640395609700316,8
3838,60,28,30,18,-3.6429209013345942,10
3839,70,10,14,5,-3.6470421341148493,5
3840,2,19,16,11,-3.6499962386684315,8
3841,50,13,27,8,-3.6503401008022798,5
3842,65,47,23,25,-3.650632324208862,22
3843,18,11,17,5,-3.6519056838531805,6
3844,107,35,76,22,-3.6519592132431544,13
3845,9,15,109,7,-3.6538651478462696,8
3846,32,21,107,11,-3.6546977761524695,10
3847,88,16,12,9,-3.655181484982228,7
3848,71,10,90,5,-3.656103603020123,5
3849,23,22,63,13,-3.656375723040438,9
3850,100,11,53,6,-3.6569500587649983,5
3851,96,33,97,17,-3.6574389351582637,16
3852,104,53,86,29,-3.66553549979236,24
3853,88,10,19,5,-3.665606739273205,5
3854,50,10,62,6,-3.6657345895143245,4
3855,80,25,20,14,-3.6714284273440603,11
3856,27,12,71,7,-3.672482180614423,5
3857,68,14,101,9,-3.6742625668258904,5
3858,107,11,52,7,-3.67922282951035,4
3859,53,48,39,27,-3.685116242956752,21
3860,84,20,46,12,-3.686829488531012,8
3861,40,68,13,37,-3.6903630857890595,31
3862,20,41,87,22,-3.692217589912372,19
3863,102,28,28,15,-3.699783063019897,13
3864,43,17,106,9,-3.706853967971227,8
3865,5,21,15,13,-3.7147342263498238,8
3866,51,23,47,12,-3.7152423735731106,11
3867,3,14,12,9,-3.71740069479101,5
3868,87,26,3,15,-3.7178908757308045,11
3869,80,10,91,6,-3.719893539982741,4
3870,1,32,68,18,-3.722364332388638,14
3871,88,42,75,24,-3.726903391628383,18
3872,54,53,28,30,-3.7338255427128053,23
3873,25,65,86,35,-3.735239092039536,30
3874,4,13,1,8,-3.7360390878519714,5
3875,40,42,53,23,-3.7429391558119995,19
3876,65,21,15,12,-3.7445792583431627,9
3877,53,55,18,30,-3.7518428116438605,25
3878,6,16,88,9,-3.7570512530434645,7
3879,4,19,63,11,-3.7758336578086884,8
3880,92,13,104,6,-3.7768187223532292,7
3881,49,12,28,6,-3.781572164594755,6
3882,6,19,44,12,-3.787510949793907,7
3883,28,48,20,27,-3.791556613480695,21
3884,104,13,20,8,-3.7974160411444697,5
3885,78,12,39,6,-3.805891795343841,6
3886,5,16,110,9,-3.8138584796050923,7
3887,31,18,91,11,-3.819701831167943,7
3888,18,32,86,19,-3.8203668272153477,13
3889,3,10,49,6,-3.8208441036339096,4
3890,4,21,55,11,-3.821660634263143,10
3891,66,12,60,8,-3.8266322198174065,4
3892,87,16,44,9,-3.826754946057649,7
3893,51,30,70,16,-3.8297117807076546,14
3894,13,26,91,14,-3.8317482607331113,12
3895,31,23,18,12,-3.8430258307678655,11
3896,46,54,86,33,-3.844118075696465,21
3897,31,11,28,6,-3.845374758093618,5
3898,111,34,65,20,-3.8475275648066676,14
3899,6,14,65,8,-3.8536392094191116,6
3900,114,25,41,13,-3.8544949021986654,12
3901,3,14,61,7,-3.863476056665823,7
3902,51,16,11,8,-3.8660778701548084,8
3903,68,11,108,6,-3.86884903956731,5
3904,87,36,95,20,-3.8694007735692093,16
3905,98,13,18,6,-3.8754830902904,7
3906,35,11,43,7,-3.879532298464464,4
3907,112,11,1,5,-3.8826933985340957,6
3908,17,15,11,8,-3.886158778436342,7
3909,17,10,110,6,-3.888719135954252,4
3910,54,60,20,31,-3.889395355455087,29
3911,62,13,76,7,-3.8913968956310074,6
3912,11,44,55,26,-3.8920841591670357,18
3913,63,16,17,9,-3.896935952486399,7
3914,47,29,7,17,-3.8974466826753917,12
3915,37,26,102,15,-3.901578428361024,11
3916,49,19,98,10,-3.906322793569991,9
3917,96,21,60,14,-3.9124280698247627,7
3918,86,13,89,6,-3.9174928376954097,7
3919,86,30,49,16,-3.918819559219819,14
3920,48,17,20,10,-3.9196076613306294,7
3921,70,38,37,22,-3.9227382855891673,16
3922,2,28,5,16,-3.923277825320168,12
3923,13,21,100,12,-3.92873233040865,9
3924,50,11,57,7,-3.929027822248146,4
3925,3,20,16,12,-3.933123710020241,8
3926,15,13,64,6,-3.9332029302911167,7
3927,97,10,80,6,-3.9365866928471034,4
3928,20,13,57,7,-3.938990600573013,6
3929,46,40,51,23,-3.9395834900065476,17
3930,40,32,87,17,-3.941262642987428,15
3931,40,11,6,6,-3.9442678680230827,5
3932,100,17,37,10,-3.9481789557688427,7
3933,76,12,34,6,-3.9517678907570324,6
3934,16,17,72,9,-3.952768658773343,8
3935,104,50,88,29,-3.9536343834384904,21
3936,93,24,74,13,-3.960101768879081,11
3937,17,22,49,14,-3.9654437170334917,8
3938,29,11,13,6,-3.9675884694704666,5
3939,65,72,104,39,-3.970649197276848,33
3940,14,12,96,7,-3.975747798085754,5
3941,43,14,41,8,-3.9773777964919623,6
3942,17,17,34,10,-3.9857052585459996,7
3943,107,70,13,38,-3.9870909466214264,32
3944,51,10,58,6,-3.991203040107808,4
3945,77,20,86,12,-4.007520110320655,8
3946,31,12,66,7,-4.0087548725586535,5
3947,86,20,99,12,-4.00989122283285,8
3948,54,36,55,19,-4.011039158800405,17
3949,28,70,50,40,-4.011477637487842,30
3950,110,20,8,12,-4.013172679497405,8
3951,51,44,104,27,-4.015424408222765,17
3952,114,28,102,16,-4.0171208257371775,12
3953,3,16,104,9,-4.020656220421077,7
3954,88,30,96,16,-4.030096740212504,14
3955,47,13,71,7,-4.030916530509354,6
3956,43,10,1,5,-4.03897671575872,5
3957,46,51,13,29,-4.04568771543213,22
3958,50,21,7,11,-4.045740478776831,10
3959,79,13,11,6,-4.047561716338114,7
3960,40,10,32,5,-4.050021677419869,5
3961,62,23,107,11,-4.0504669700597535,12
3962,107,67,88,39,-4.055852119959083,28
3963,80,28,16,16,-4.056076921695063,12
3964,38,10,34,6,-4.0610942900478735,4
3965,95,10,43,6,-4.0633983206079485,4
3966,17,26,7,15,-4.064887482017846,11
3967,63,29,9,16,-4.065325398742937,13
3968,40,57,60,32,-4.06725625489293,25
3969,50,22,74,12,-4.086243740312161,10
3970,19,11,36,6,-4.0885902184216905,5
3971,13,17,44,10,-4.094425843022237,7
3972,64,26,87,14,-4.098181725889204,12
3973,93,20,83,11,-4.100880722204593,9
3974,46,21,114,12,-4.104107153511736,9
3975,93,15,16,8,-4.1062906023148145,7
3976,68,14,12,8,-4.108669111305504,6
3977,106,11,29,6,-4.1226863415672375,5
3978,65,22,45,11,-4.125923170388699,11
3979,104,32,76,19,-4.135711821894891,13
3980,20,11,71,7,-4.136430557393971,4
3981,69,11,11,7,-4.1379214913131195,4
3982,29,11,23,6,-4.138000210796417,5
3983,74,18,100,10,-4.138016461047894,8
3984,71,47,53,27,-4.141303557057988,20
3985,73,13,20,8,-4.146065391689571,5
3986,107,16,6,9,-4.150160656533904,7
3987,62,10,60,6,-4.155747625311636,4
3988,2,15,75,8,-4.157456952203448,7
3989,62,15,53,8,-4.159409570332151,7
3990,78,26,86,15,-4.169788407826315,11
3991,50,22,40,14,-4.173703341481282,8
3992,25,27,23,15,-4.182190113226027,12
3993,88,55,40,31,-4.188882138376304,24
3994,48,14,7,7,-4.194687020035504,7
3995,100,18,23,11,-4.197161790157007,7
3996,28,13,47,7,-4.198358496115318,6
3997,54,15,78,9,-4.204577974310619,6
3998,36,56,65,32,-4.205692860728475,24
3999,68,41,41,23,-4.207626519911899,18
4000,112,11,27,6,-4.214543381192909,5
4001,87,36,30,20,-4.216616531421398,16
4002,18,19,4,11,-4.220670692754493,8
4003,44,11,71,6,-4.223524348839462,5
4004,28,20,30,12,-4.22622579482484,8
4005,65,16,109,11,-4.2330518085976205,5
4006,1,21,60,12,-4.237560386673236,9
4007,74,12,31,7,-4.240578281890586,5
4008,46,22,20,14,-4.241307956001941,8
4009,34,14,106,7,-4.243674039664674,7
4010,80,17,104,9,-4.256665633473226,8
4011,60,11,80,6,-4.259959127961848,5
4012,96,12,33,5,-4.271042933020871,7
4013,107,83,87,47,-4.276654149436662,36
4014,96,14,85,9,-4.2835717768106525,5
4015,112,25,53,12,-4.2943591826734995,13
4016,44,21,20,12,-4.299103845073811,9
4017,54,28,25,16,-4.300413553073274,12
4018,109,22,20,14,-4.302333411252665,8
4019,52,10,50,5,-4.308197298973348,5
4020,20,19,17,11,-4.3112321942034,8
4021,40,22,4,12,-4.316643149060896,10
4022,86,19,15,11,-4.320856963962772,8
4023,11,25,76,15,-4.3267052425458585,10
4024,41,19,95,11,-4.332143979792176,8
4025,22,12,60,7,-4.334241842742782,5
4026,109,49,28,29,-4.336990918241798,20
4027,65,29,70,18,-4.3439841796636145,11
4028,88,24,47,13,-4.347102674354305,11
4029,54,31,104,17,-4.355933806560285,14
4030,11,13,33,6,-4.365968233102095,7
4031,23,23,40,13,-4.36842332680331,10
4032,58,13,55,7,-4.369004483506263,6
4033,16,32,57,18,-4.370861200972596,14
4034,9,24,55,14,-4.371040618945101,10
4035,98,13,60,7,-4.372454949323837,6
4036,9,13,74,8,-4.37578055371931,5
4037,96,38,63,23,-4.376849709142973,15
4038,76,23,65,14,-4.385586505985179,9
4039,86,20,111,12,-4.3910837466552355,8
4040,29,14,97,8,-4.39492891527919,6
4041,64,20,114,12,-4.407773657880816,8
4042,53,64,7,36,-4.416213736910661,28
4043,76,12,13,7,-4.417032905676176,5
4044,13,30,99,17,-4.420966828834257,13
4045,9,18,46,10,-4.4238849359462264,8
4046,87,20,102,12,-4.423994697827658,8
4047,64,35,107,19,-4.429693624174907,16
4048,5,115,86,66,-4.430772584334585,49
4049,53,35,16,21,-4.432680586189367,14
4050,107,46,11,26,-4.433295300820407,20
4051,88,11,45,7,-4.4416566980945715,4
4052,109,15,95,9,-4.444131433700797,6
4053,37,33,13,19,-4.448467961015428,14
4054,31,67,7,38,-4.453212370234459,29
4055,16,44,95,24,-4.453378575583385,20
4056,73,12,50,8,-4.454782630059153,4
4057,97,11,77,7,-4.454901155383999,4
4058,98,13,78,7,-4.46380656892488,6
4059,50,15,3,8,-4.464463620895281,7
4060,32,18,37,10,-4.466542082918519,8
4061,28,11,19,6,-4.46817791990182,5
4062,57,10,91,5,-4.468260927215542,5
4063,84,16,98,10,-4.468561917829733,6
4064,108,19,16,11,-4.469566431052606,8
4065,18,30,88,16,-4.47012131788994,14
4066,8,16,68,9,-4.472450037155225,7
4067,25,31,96,17,-4.472832877552798,14
4068,107,74,65,42,-4.474316118265179,32
4069,107,33,95,18,-4.475609109265347,15
4070,16,40,30,23,-4.476195567754862,17
4071,70,29,88,17,-4.478319588858415,12
4072,3,24,13,16,-4.479086737291788,8
4073,27,11,55,6,-4.4890470852362,5
4074,51,45,75,25,-4.490318359114664,20
4075,3,15,64,9,-4.492765978443915,6
4076,37,15,93,9,-4.4934456656390305,6
4077,112,20,75,12,-4.4989690721071325,8
4078,104,10,62,7,-4.506645682517949,3
4079,55,43,37,23,-4.516821858156877,20
4080,20,12,93,7,-4.531228376986993,5
4081,75,23,106,12,-4.532198108241345,11
4082,68,28,71,17,-4.532265816801446,11
4083,39,16,12,9,-4.536622423025637,7
4084,102,24,8,13,-4.537070383836358,11
4085,9,51,88,29,-4.537426821075462,22
4086,76,24,23,13,-4.537606040144393,11
4087,39,11,1,5,-4.548291694643937,6
4088,46,15,83,8,-4.551826612706302,7
4089,85,19,107,11,-4.552488211197707,8
4090,112,10,74,6,-4.553694289700708,4
4091,67,13,109,6,-4.5540965230597985,7
4092,23,15,70,8,-4.554568026577778,7
4093,104,16,99,8,-4.562749239239297,8
4094,51,10,35,6,-4.57204831013762,4
4095,95,14,99,8,-4.572737764013027,6
4096,58,23,7,12,-4.575034525669345,11
4097,30,12,100,7,-4.575260966636385,5
4098,87,24,71,13,-4.583143708944139,11
4099,8,30,60,16,-4.584471076654315,14
4100,87,16,78,8,-4.58830392973274,8
4101,96,32,50,18,-4.592653394244437,14
4102,88,94,7,52,-4.598064452346123,42
4103,64,20,55,13,-4.5985097101065335,7
4104,95,13,77,7,-4.601493224452909,6
4105,30,11,23,6,-4.601908928188203,5
4106,3,35,7,21,-4.603775118928218,14
4107,86,72,37,40,-4.607837359690986,32
4108,55,42,7,25,-4.609551229914398,17
4109,71,23,28,14,-4.615433087215965,9
4110,9,17,49,9,-4.620658268254684,8
4111,87,63,8,36,-4.620917268255847,27
4112,51,11,32,6,-4.628506428595399,5
4113,30,18,20,10,-4.629914367675179,8
4114,110,15,106,8,-4.633960085739299,7
4115,25,22,60,12,-4.636282806493915,10
4116,88,24,43,14,-4.636555985964769,10
4117,109,19,73,11,-4.637139105733963,8
4118,13,14,73,8,-4.6427133386229835,6
4119,25,15,27,8,-4.649655011418167,7
4120,63,27,64,15,-4.655022536417097,12
4121,47,15,25,8,-4.655390231832644,7
4122,98,14,55,9,-4.662824671110213,5
4123,8,12,52,7,-4.669562642233976,5
4124,81,22,53,13,-4.67351225402936,9
4125,20,27,70,16,-4.678638629207435,11
4126,87,17,108,10,-4.682000852364703,7
4127,5,16,71,9,-4.686451238703376,7
4128,41,26,60,14,-4.687979614839917,12
4129,38,15,9,8,-4.694842617038376,7
4130,60,45,55,25,-4.699539635247212,20
4131,68,19,15,12,-4.704332289270896,7
4132,88,38,11,22,-4.710454574435896,16
4133,43,12,3,7,-4.714914149800726,5
4134,86,17,47,10,-4.720142586161406,7
4135,75,14,15,9,-4.7291616067808215,5
4136,54,16,85,10,-4.730021736475019,6
4137,46,41,8,22,-4.737192297274267,19
4138,3,11,97,7,-4.7402730889790226,4
4139,7,97,16,54,-4.743286222921811,43
4140,65,57,55,32,-4.74405737741087,25
4141,77,16,25,9,-4.745845616411638,7
4142,63,38,74,21,-4.748458787006122,17
4143,5,30,90,18,-4.752640516818982,12
4144,50,16,93,10,-4.755526241513055,6
4145,68,29,54,17,-4.767490638996213,12
4146,97,16,60,8,-4.770560692259115,8
4147,31,15,12,8,-4.770632464521183,7
4148,70,13,90,7,-4.771084444295363,6
4149,54,31,13,19,-4.774769567956581,12
4150,28,26,93,16,-4.7762193932866115,10
4151,5,12,9,7,-4.777710715122403,5
4152,5,33,76,19,-4.788314400539968,14
4153,1,17,9,8,-4.79405950293998,9
4154,76,14,84,8,-4.794994736983406,6
4155,9,29,8,14,-4.796436219845456,15
4156,25,11,111,6,-4.797175922879397,5
4157,96,22,75,15,-4.80138149231193,7
4158,16,16,110,9,-4.801952356665633,7
4159,51,36,114,19,-4.804348446858166,17
4160,108,13,96,7,-4.805162668071275,6
4161,17,13,100,9,-4.805895298432701,4
4162,106,12,6,7,-4.810944704219048,5
4163,8,30,83,16,-4.811627367676455,14
4164,68,27,23,14,-4.819829270426411,13
4165,54,15,14,10,-4.820525855929131,5
4166,25,19,31,10,-4.823839301099763,9
4167,67,15,8,9,-4.8319098461555825,6
4168,39,39,75,21,-4.835166255544909,18
4169,64,20,83,11,-4.840996077098241,9
4170,51,30,5,19,-4.841333405150811,11
4171,54,15,94,9,-4.847006166736521,6
4172,100,23,104,14,-4.850527098250833,9
4173,32,12,97,7,-4.851459349576838,5
4174,57,15,84,8,-4.861320185300776,7
4175,89,10,5,7,-4.862465640901751,3
4176,51,76,13,42,-4.864695881399955,34
4177,106,54,37,29,-4.865641247327304,25
4178,110,10,88,5,-4.870544753091406,5
4179,38,11,51,7,-4.873684208436107,4
4180,18,15,81,9,-4.877040041598751,6
4181,114,11,30,6,-4.882071098465157,5
4182,95,11,69,7,-4.882909765417962,4
4183,3,12,8,5,-4.887819375016217,7
4184,9,44,65,26,-4.887961308210908,18
4185,5,39,83,21,-4.890865835189012,18
4186,55,27,76,17,-4.892389867780943,10
4187,54,48,46,28,-4.906943181154002,20
4188,108,12,54,8,-4.909695920764134,4
4189,17,31,65,20,-4.917244641739983,11
4190,106,56,74,32,-4.924754963776778,24
4191,9,22,114,15,-4.931319071415344,7
4192,55,21,20,12,-4.931554548881413,9
4193,108,11,37,6,-4.94147061612662,5
4194,87,14,77,8,-4.94240192025149,6
4195,49,12,76,7,-4.943121216792114,5
4196,17,33,86,17,-4.94749630527028,16
4197,68,19,56,10,-4.94813216675333,9
4198,8,32,13,19,-4.955794878282507,13
4199,39,20,57,11,-4.958056164867145,9
4200,96,36,20,21,-4.958331873160827,15
4201,77,18,39,10,-4.961640817784316,8
4202,90,23,96,14,-4.963939687748077,9
4203,8,12,62,8,-4.964220736900479,4
4204,38,16,109,10,-4.9644619615709695,6
4205,107,49,40,30,-4.964616090179718,19
4206,87,15,1,8,-4.968031301569398,7
4207,51,18,14,12,-4.969794868699568,6
4208,15,17,23,10,-4.9841342107101605,7
4209,39,25,27,13,-4.989393098929608,12
4210,71,15,74,8,-4.993812181109021,7
4211,63,30,104,17,-4.993963037729945,13
4212,68,12,32,8,-4.994599728673894,4
4213,106,41,7,21,-5.003800212982272,20
4214,5,26,93,16,-5.004460526821323,10
4215,63,14,81,8,-5.016441825370757,6
4216,63,29,55,16,-5.056066807562622,13
4217,65,17,46,11,-5.06610491085495,6
4218,107,90,16,56,-5.070523610597529,34
4219,33,13,90,8,-5.072843762888294,5
4220,20,10,32,7,-5.08216341529211,3
4221,62,17,7,10,-5.083532766636536,7
4222,104,61,107,36,-5.084587806965312,25
4223,95,24,60,14,-5.089480392621887,10
4224,110,11,87,7,-5.0925904586002675,4
4225,104,25,53,14,-5.094260383198605,11
4226,70,23,55,13,-5.1032220329288345,10
4227,4,18,75,11,-5.1124286444655915,7
4228,58,30,40,16,-5.133397385337809,14
4229,4,12,109,7,-5.135069245647407,5
4230,20,58,107,33,-5.1376242090423085,25
4231,88,15,44,8,-5.148664566159752,7
4232,9,24,106,14,-5.150083731218861,10
4233,79,13,63,8,-5.150156389678723,5
4234,50,46,87,25,-5.151620252108098,21
4235,63,54,8,30,-5.156454172512432,24
4236,39,14,111,8,-5.158992286191917,6
4237,5,12,67,7,-5.159840528973067,5
4238,56,11,91,6,-5.160182814393273,5
4239,50,40,2,23,-5.1602643680773745,17
4240,47,26,75,17,-5.17693162231529,9
4241,97,17,75,10,-5.183439015487436,7
4242,51,24,4,15,-5.183921696313045,9
4243,38,30,107,18,-5.186335555044985,12
4244,48,24,84,15,-5.188857256683019,9
4245,113,13,40,8,-5.193726392686624,5
4246,89,15,41,9,-5.196780511481055,6
4247,55,18,34,10,-5.202160532736089,8
4248,91,12,33,6,-5.213867650447791,6
4249,84,11,67,7,-5.2182852361738945,4
4250,37,22,40,12,-5.218981261850287,10
4251,37,19,39,11,-5.220509672747162,8
4252,5,11,35,6,-5.226534281744142,5
4253,112,17,88,10,-5.231027938888665,7
4254,13,47,71,26,-5.235216499316669,21
4255,25,21,91,12,-5.23677892954369,9
4256,14,15,65,8,-5.239230657167625,7
4257,40,15,98,8,-5.239271076053038,7
4258,79,19,16,11,-5.241758370421844,8
4259,40,26,25,15,-5.242222631716463,11
4260,92,11,28,7,-5.266199037582341,4
4261,109,32,88,19,-5.272527791460708,13
4262,30,17,50,10,-5.272543611954233,7
4263,88,11,56,6,-5.280224334897691,5
4264,28,19,14,12,-5.2887953454841945,7
4265,35,11,30,6,-5.293385259461386,5
4266,55,25,111,15,-5.307717141421055,10
4267,65,62,87,37,-5.3117934902325254,25
4268,60,15,61,8,-5.316729344745585,7
4269,38,29,86,17,-5.32294088989751,12
4270,3,12,96,7,-5.334597635289893,5
4271,102,14,97,9,-5.335160623731844,5
4272,65,18,62,10,-5.345755023288058,8
4273,97,35,7,19,-5.356987360153851,16
4274,17,12,98,6,-5.361440435561064,6
4275,63,30,75,17,-5.362343223381898,13
4276,109,24,107,15,-5.374789076628487,9
4277,7,24,100,14,-5.390746304293862,10
4278,54,24,93,15,-5.392828840599425,9
4279,90,31,54,18,-5.397442007333916,13
4280,86,63,11,36,-5.401837176054467,27
4281,66,11,9,6,-5.404825557202403,5
4282,58,11,4,7,-5.405037105567146,4
4283,37,11,49,6,-5.405793666619149,5
4284,18,18,91,11,-5.437015235679075,7
4285,87,77,16,44,-5.4420666817930625,33
4286,57,18,97,10,-5.45235309786646,8
4287,71,43,75,27,-5.454468163058883,16
4288,30,17,49,10,-5.458460770772242,7
4289,68,11,80,7,-5.466227321340817,4
4290,86,30,69,17,-5.472935342008731,13
4291,36,17,99,11,-5.476671917231901,6
4292,75,10,14,6,-5.479308338136782,4
4293,84,11,85,7,-5.481051133123942,4
4294,70,23,114,14,-5.484820175107314,9
4295,40,49,65,28,-5.488110460552834,21
4296,54,20,15,11,-5.491526659354752,9
4297,62,10,18,6,-5.493140482819633,4
4298,40,20,62,10,-5.493314127309688,10
4299,102,10,67,6,-5.497246561771841,4
4300,109,13,32,7,-5.508051897308618,6
4301,83,19,95,12,-5.510188596504647,7
4302,37,59,87,35,-5.516733087496061,24
4303,20,10,62,6,-5.517288163699186,4
4304,7,33,28,20,-5.522079859732704,13
4305,57,24,88,13,-5.524909922819241,11
4306,102,14,33,8,-5.525239013163607,6
4307,88,23,30,12,-5.525413582454541,11
4308,68,45,114,26,-5.528966703625285,19
4309,23,31,106,16,-5.535479536227777,15
4310,18,36,28,20,-5.538955354420102,16
4311,84,16,75,9,-5.542746956131477,7
4312,75,51,86,28,-5.544222274149607,23
4313,87,53,13,33,-5.545367454785238,20
4314,84,18,25,11,-5.5466876181289715,7
4315,31,53,36,30,-5.548564460468652,23
4316,25,41,8,25,-5.550067480025435,16
4317,4,11,46,6,-5.55622187464566,5
4318,95,10,31,6,-5.5581891593402775,4
4319,51,97,16,56,-5.559678337054513,41
4320,10,11,63,7,-5.56040496031845,4
4321,104,60,37,36,-5.5634752610620195,24
4322,54,31,11,18,-5.565049065297328,13
4323,69,11,42,6,-5.570250078296482,5
4324,71,17,12,10,-5.576190752449122,7
4325,68,54,39,30,-5.5781138607757725,24
4326,79,14,7,8,-5.580594560810973,6
4327,68,21,62,12,-5.5910040455918875,9
4328,25,32,87,18,-5.592843725263718,14
4329,63,11,99,6,-5.5958077337997105,5
4330,98,17,70,11,-5.604121247592223,6
4331,18,13,38,7,-5.6081144260834686,6
4332,43,14,27,7,-5.609839390205424,7
4333,50,15,100,9,-5.612526049660052,6
4334,90,14,30,8,-5.614315415339312,6
4335,50,10,6,6,-5.616920699281765,4
4336,3,22,114,14,-5.6169459155328765,8
4337,50,48,16,28,-5.617696720442926,20
4338,50,26,95,15,-5.619957219349124,11
4339,17,21,5,14,-5.625033929201381,7
4340,73,28,86,15,-5.62531345595925,13
4341,77,11,109,6,-5.645459503468275,5
4342,74,23,73,14,-5.649045009007229,9
4343,97,13,39,8,-5.649731064357227,5
4344,97,10,4,6,-5.649870700339136,4
4345,61,13,9,8,-5.652969843590385,5
4346,68,12,43,7,-5.661402151081362,5
4347,82,11,54,7,-5.66427830231393,4
4348,37,48,16,28,-5.664774565241773,20
4349,99,31,16,18,-5.66581833704302,13
4350,37,39,75,25,-5.670197882049106,14
4351,25,10,94,5,-5.671887186214519,5
4352,68,18,47,11,-5.681623794437403,7
4353,95,10,102,6,-5.68531996234082,4
4354,55,25,30,15,-5.686463879094617,10
4355,5,46,106,28,-5.689619439430468,18
4356,43,10,23,6,-5.689859175567735,4
4357,32,10,70,5,-5.692479372096212,5
4358,69,26,51,16,-5.708510695737556,10
4359,54,11,29,6,-5.709851331879876,5
4360,40,26,114,17,-5.715670519906255,9
4361,102,10,23,6,-5.716053822653882,4
4362,37,18,41,11,-5.716493275276267,7
4363,51,26,25,15,-5.726135112848949,11
4364,48,20,11,12,-5.726887293490206,8
4365,9,14,45,9,-5.727853500458989,5
4366,25,48,13,26,-5.729332953997916,22
4367,106,42,25,26,-5.737688222420908,16
4368,9,44,107,25,-5.73971793039242,19
4369,77,12,36,7,-5.751140829309579,5
4370,53,13,58,6,-5.756559382638664,7
4371,71,30,64,19,-5.764884814228726,11
4372,35,17,16,11,-5.790753866714487,6
4373,63,26,98,15,-5.795644107915215,11
4374,55,28,74,16,-5.797157459674131,12
4375,64,45,7,25,-5.8010614589687695,20
4376,20,13,79,8,-5.810117746469,5
4377,106,28,80,17,-5.812470547213422,11
4378,49,10,100,5,-5.813425744151518,5
4379,5,16,40,9,-5.82052725169565,7
4380,87,13,58,8,-5.838329621055198,5
4381,46,37,74,23,-5.850135921281392,14
4382,112,20,7,12,-5.863389950487481,8
4383,7,17,34,10,-5.863504951401834,7
4384,65,52,51,32,-5.865717524678075,20
4385,95,36,54,20,-5.865979569344108,16
4386,9,17,62,10,-5.866001447424248,7
4387,81,27,86,18,-5.867982727130611,9
4388,28,49,104,28,-5.869912935195165,21
4389,106,53,54,29,-5.8811146934590965,24
4390,36,12,46,7,-5.88209418081934,5
4391,34,19,109,11,-5.8910600256239505,8
4392,25,16,93,9,-5.904464695396422,7
4393,107,33,100,17,-5.907266287901797,16
4394,45,15,41,10,-5.914462706154762,5
4395,63,10,93,6,-5.917563250275586,4
4396,114,20,73,12,-5.924435121305104,8
4397,63,45,37,27,-5.933785173114153,18
4398,71,40,16,25,-5.9385712385767615,15
4399,7,15,33,8,-5.9471342175078945,7
4400,14,12,39,7,-5.9475481477923315,5
4401,10,12,97,6,-5.950831581917707,6
4402,53,52,68,31,-5.964244334939566,21
4403,40,18,97,11,-5.966918416140385,7
4404,76,19,112,10,-5.9691922227288705,9
4405,18,20,64,12,-5.974775055211904,8
4406,53,26,87,14,-5.9891543915874905,12
4407,27,12,74,6,-5.991317096712257,6
4408,31,25,114,14,-5.9918765203954925,11
4409,97,20,87,13,-5.994662201156698,7
4410,70,57,54,34,-6.000249372764341,23
4411,17,10,99,6,-6.011623328938978,4
4412,71,31,30,18,-6.024215205048038,13
4413,46,20,95,12,-6.027785407812037,8
4414,50,17,91,11,-6.027790824025908,6
4415,65,30,64,17,-6.029400567070288,13
4416,86,38,64,22,-6.0307653391474,16
4417,31,31,75,17,-6.03348213428737,14
4418,98,24,7,15,-6.033686003781978,9
4419,32,16,8,9,-6.041444852098721,7
4420,68,48,16,30,-6.053036366464971,18
4421,63,19,90,11,-6.053395439788755,8
4422,68,19,69,11,-6.057902735707315,8
4423,28,18,23,10,-6.0662027716624305,8
4424,41,27,23,16,-6.068042449918635,11
4425,48,14,74,7,-6.068043245358376,7
4426,107,23,111,12,-6.08814286411973,11
4427,86,39,98,22,-6.096402500191196,17
4428,88,40,23,26,-6.098802854801483,14
4429,60,12,102,7,-6.1025406778466875,5
4430,7,12,90,7,-6.108519045195329,5
4431,31,13,81,9,-6.1171597913254026,4
4432,88,35,25,23,-6.12387967695023,12
4433,97,24,55,15,-6.128965912516969,9
4434,80,13,31,9,-6.13276887148396,4
4435,48,10,23,6,-6.136507124451631,4
4436,46,14,109,8,-6.137839688733693,6
4437,63,16,78,8,-6.142144937717797,8
4438,17,23,28,14,-6.144271685607967,9
4439,39,48,40,29,-6.1478732659202615,19
4440,112,15,31,10,-6.149641402394962,5
4441,20,11,85,6,-6.150943417431858,5
4442,58,13,16,8,-6.156802466115247,5
4443,89,10,63,7,-6.159771716986654,3
4444,36,47,13,29,-6.167141158071527,18
4445,60,28,54,17,-6.171029746511067,11
4446,76,23,97,13,-6.171425808149793,10
4447,84,54,28,32,-6.1786789402149065,22
4448,35,14,55,8,-6.18171019735336,6
4449,2,28,63,16,-6.200018491851487,12
4450,70,28,74,15,-6.203999405338755,13
4451,34,18,86,11,-6.204793306210544,7
4452,65,21,38,11,-6.2252846155522565,10
4453,55,31,80,17,-6.225846961531595,14
4454,6,17,13,10,-6.2267295430039455,7
4455,50,41,104,25,-6.230364171354916,16
4456,9,32,28,18,-6.2373511594029205,14
4457,62,15,54,9,-6.240490314200173,6
4458,5,17,43,10,-6.250727481432203,7
4459,23,42,13,23,-6.251092872805499,19
4460,88,83,86,49,-6.254550732132809,34
4461,39,22,92,12,-6.263991845659126,10
4462,95,12,15,7,-6.265255655621161,5
4463,43,28,16,18,-6.265547285575691,10
4464,5,45,20,28,-6.270373633442783,17
4465,4,21,86,13,-6.2794844995496994,8
4466,102,11,41,7,-6.282861273718874,4
4467,92,12,16,9,-6.284475222709882,3
4468,64,16,70,11,-6.2860092045587415,5
4469,57,26,87,16,-6.2897492965158115,10
4470,114,17,23,11,-6.291790840234865,6
4471,83,16,39,10,-6.297771796270442,6
4472,55,13,29,8,-6.301089833667023,5
4473,57,11,76,7,-6.324386635638288,4
4474,112,14,54,9,-6.326711825622494,5
4475,94,18,13,11,-6.333471224988879,7
4476,98,20,11,11,-6.3386776528601825,9
4477,27,13,92,7,-6.356396578041118,6
4478,44,12,28,6,-6.3579705752280935,6
4479,56,21,7,12,-6.361794853449643,9
4480,84,32,74,17,-6.37967811989364,15
4481,71,27,50,16,-6.37993434567586,11
4482,77,13,74,8,-6.38427445953612,5
4483,77,13,106,7,-6.407119934187455,6
4484,27,28,16,17,-6.408237051000657,11
4485,88,57,65,36,-6.40859303614746,21
4486,77,19,107,11,-6.4169470483546815,8
4487,86,30,100,16,-6.417275816064882,14
4488,53,13,28,8,-6.426853986137569,5
4489,33,16,40,11,-6.427211772717695,5
4490,109,20,41,13,-6.432688342356182,7
4491,36,39,86,23,-6.43939444107294,16
4492,16,49,75,29,-6.443913435512627,20
4493,87,20,4,13,-6.445923142452617,7
4494,28,10,6,6,-6.452419128804086,4
4495,86,30,27,19,-6.453315924089684,11
4496,87,25,90,15,-6.454852453391627,10
4497,9,20,70,13,-6.477071321597405,7
4498,104,10,48,6,-6.493358473776669,4
4499,54,20,1,12,-6.4933945511101445,8
4500,28,15,35,8,-6.525585250622974,7
4501,55,10,49,6,-6.541972088163769,4
4502,18,21,77,14,-6.545250800191178,7
4503,53,44,107,27,-6.556157644451659,17
4504,25,37,104,21,-6.567754121461538,16
4505,114,26,53,15,-6.571088082289226,11
4506,1,26,40,16,-6.58137324665705,10
4507,43,40,13,22,-6.584602401444724,18
4508,96,28,65,16,-6.593487230396348,12
4509,37,18,80,11,-6.59536314979572,7
4510,30,16,34,10,-6.601140375094156,6
4511,51,75,39,44,-6.615588090433581,31
4512,81,18,71,11,-6.61709770119633,7
4513,100,30,16,19,-6.617449381235234,11
4514,68,25,97,15,-6.6196959499026775,10
4515,5,48,25,29,-6.626414170343123,19
4516,65,30,4,18,-6.635600395573753,12
4517,64,28,16,18,-6.646602698554465,10
4518,5,26,32,16,-6.6474470604519045,10
4519,114,15,76,10,-6.653911993113485,5
4520,37,19,71,11,-6.65399605348867,8
4521,71,11,83,6,-6.6562053803338666,5
4522,13,13,14,9,-6.663851771345143,4
4523,88,36,27,20,-6.672694825026895,16
4524,70,14,49,8,-6.672966411521807,6
4525,74,20,102,12,-6.679496862829723,8
4526,47,20,107,12,-6.679988416533417,8
4527,38,21,7,12,-6.693287820142804,9
4528,106,11,111,8,-6.697425895741327,3
4529,91,12,15,6,-6.697476716978325,6
4530,74,15,83,8,-6.703298030488857,7
4531,97,35,28,22,-6.716635909782018,13
4532,32,10,65,6,-6.718474357729474,4
4533,95,11,100,6,-6.722166987268522,5
4534,95,13,14,8,-6.731405281187272,5
4535,96,38,74,24,-6.731828732252354,14
4536,71,10,94,6,-6.748460655059317,4
4537,18,19,30,11,-6.749976540021853,8
4538,90,13,53,8,-6.752088210585149,5
4539,107,23,33,13,-6.763493299081546,10
4540,108,10,81,6,-6.778588424753946,4
4541,27,14,6,8,-6.780540737481573,6
4542,29,14,39,8,-6.784253183420456,6
4543,31,10,55,6,-6.798197972656263,4
4544,71,10,49,6,-6.8003776926672845,4
4545,13,25,108,16,-6.801707995205208,9
4546,45,18,60,10,-6.802248227913869,8
4547,114,16,100,10,-6.806713890734191,6
4548,38,22,39,13,-6.807429116943057,9
4549,96,20,51,12,-6.8091583197949745,8
4550,9,14,25,9,-6.810304163725227,5
4551,4,13,56,7,-6.816273515879698,6
4552,104,22,30,12,-6.820606807560422,10
4553,31,69,68,41,-6.8216343585610195,28
4554,112,14,41,8,-6.823248745421375,6
4555,46,20,7,13,-6.8293660676717325,7
4556,106,25,95,16,-6.830338155584793,9
4557,96,14,78,9,-6.830515928543477,5
4558,96,80,86,49,-6.839782165020976,31
4559,51,99,7,62,-6.849475435937795,37
4560,95,29,13,17,-6.852052215706936,12
4561,96,19,114,12,-6.857320738328298,7
4562,11,17,75,10,-6.860129083231022,7
4563,4,43,60,24,-6.864343045215706,19
4564,87,48,7,30,-6.8660731048454515,18
4565,36,12,57,8,-6.873476463690229,4
4566,78,13,84,8,-6.8775899451817635,5
4567,18,21,54,12,-6.880495431858326,9
4568,99,15,106,10,-6.882359612487446,5
4569,5,47,114,28,-6.885144276646174,19
4570,65,22,90,12,-6.887045978873849,10
4571,88,16,76,9,-6.891817282335724,7
4572,53,10,49,6,-6.90781300095477,4
4573,55,36,104,22,-6.909075624793387,14
4574,46,38,16,23,-6.920639082616032,15
4575,30,19,75,11,-6.923427737676235,8
4576,19,15,68,8,-6.924559442631492,7
4577,88,12,99,7,-6.939131232028662,5
4578,39,13,19,7,-6.948417519072791,6
4579,50,11,15,7,-6.9507529081852075,4
4580,104,18,32,12,-6.959225086389547,6
4581,36,34,16,21,-6.96230955324868,13
4582,12,18,53,10,-6.969479938527376,8
4583,33,17,8,11,-6.9756022430017754,6
4584,39,23,46,12,-6.9816941894182785,11
4585,55,20,17,11,-6.987444025974705,9
4586,13,23,111,13,-6.988942249892523,10
4587,1,19,114,12,-6.990089974683046,7
4588,5,15,62,9,-6.9927087595973925,6
4589,48,13,80,9,-6.99747900943173,4
4590,86,14,45,8,-7.001591160951406,6
4591,98,30,91,18,-7.00578119436403,12
4592,40,15,95,9,-7.026458120737084,6
4593,18,16,100,9,-7.026565168419708,7
4594,51,15,62,9,-7.028758985101916,6
4595,38,28,37,17,-7.041316380566512,11
4596,43,14,94,9,-7.042088076774411,5
4597,73,16,65,10,-7.056062739811477,6
4598,65,39,30,24,-7.058570840380226,15
4599,64,13,44,8,-7.05920038211248,5
4600,25,21,100,12,-7.062312436550092,9
4601,49,14,50,8,-7.064134383315742,6
4602,38,21,63,14,-7.071277555225252,7
4603,98,14,102,8,-7.075813129571892,6
4604,70,35,28,21,-7.078735797739843,14
4605,85,11,63,6,-7.079874969572199,5
4606,3,20,36,13,-7.093052097907007,7
4607,83,28,86,19,-7.104640535135333,9
4608,107,12,67,8,-7.124134838046419,4
4609,18,21,50,12,-7.126622020199371,9
4610,3,23,88,14,-7.12663205785296,9
4611,67,11,88,8,-7.127393540580368,3
4612,48,32,63,20,-7.1299692009467925,12
4613,107,57,75,39,-7.131800392099847,18
4614,75,39,18,23,-7.143872456900073,16
4615,60,17,5,11,-7.144002600647478,6
4616,93,23,87,14,-7.164798687762666,9
4617,14,14,86,8,-7.166696838482464,6
4618,88,73,54,44,-7.167655114831565,29
4619,112,16,36,10,-7.175574629533439,6
4620,47,12,23,8,-7.180906240191951,4
4621,63,20,27,11,-7.19472225275396,9
4622,61,17,53,11,-7.205087339517602,6
4623,3,12,41,9,-7.218526234783575,3
4624,40,20,35,13,-7.223846117897835,7
4625,106,60,13,37,-7.224822308695077,23
4626,75,10,20,6,-7.241047227766171,4
4627,40,32,54,19,-7.243609732204197,13
4628,5,14,31,9,-7.246607645789562,5
4629,90,13,46,8,-7.250761878801305,5
4630,93,12,98,7,-7.251352809271133,5
4631,54,11,38,7,-7.25460278530091,4
4632,81,19,75,12,-7.259552889264539,7
4633,31,31,41,19,-7.267301725174955,12
4634,70,16,110,10,-7.267896542251016,6
4635,96,10,62,7,-7.268496266352443,3
4636,57,13,106,7,-7.272492874678534,6
4637,68,20,55,13,-7.273979151335479,7
4638,20,42,65,27,-7.275621933808214,15
4639,54,16,91,9,-7.277443024389351,7
4640,106,24,2,14,-7.283295399336635,10
4641,36,17,97,10,-7.301788222671786,7
4642,91,41,16,27,-7.309347152714906,14
4643,106,24,39,14,-7.312269199982411,10
4644,55,26,109,14,-7.3182997081126135,12
4645,65,23,1,13,-7.319832649719675,10
4646,5,42,70,25,-7.323141246130922,17
4647,107,25,58,16,-7.327155673902655,9
4648,8,25,73,15,-7.3587900254771785,10
4649,23,13,49,8,-7.360298065336568,5
4650,64,12,49,7,-7.364918196286091,5
4651,114,10,77,6,-7.365477220397804,4
4652,33,16,25,11,-7.36592627296452,5
4653,74,15,34,10,-7.367415754617588,5
4654,71,10,73,6,-7.373234065194552,4
4655,51,31,27,20,-7.390169773800459,11
4656,5,10,1,6,-7.391988711274882,4
4657,46,41,37,27,-7.398384968299376,14
4658,55,65,16,42,-7.408891459698617,23
4659,69,27,13,17,-7.410798113719346,10
4660,41,34,36,18,-7.412500474371831,16
4661,91,19,8,12,-7.416456742894205,7
4662,109,44,54,28,-7.42149631612999,16
4663,18,23,63,15,-7.424434558796219,8
4664,39,26,84,16,-7.428032986604076,10
4665,43,17,64,10,-7.438967254563773,7
4666,84,28,8,18,-7.447150756775401,10
4667,71,13,70,7,-7.447387393345607,6
4668,75,30,46,18,-7.449361290092636,12
4669,100,17,75,9,-7.449782688238095,8
4670,97,53,86,32,-7.453774682156136,21
4671,110,21,37,12,-7.457046552670356,9
4672,53,12,45,7,-7.463487107897495,5
4673,31,37,64,23,-7.4738922265185375,14
4674,63,15,108,9,-7.475559971035059,6
4675,36,14,70,8,-7.476080415111231,6
4676,89,10,48,7,-7.47675761274391,3
4677,96,11,41,8,-7.480521636982391,3
4678,52,11,65,8,-7.511225896554021,3
4679,77,18,55,11,-7.520653437888105,7
4680,55,11,6,8,-7.526848268362213,3
4681,51,31,64,19,-7.52751645484338,12
4682,33,20,51,14,-7.541152096210821,6
4683,107,16,12,11,-7.554377135078079,5
4684,5,14,34,10,-7.5706698448560905,4
4685,77,12,46,7,-7.574271980014295,5
4686,36,10,72,6,-7.585561627806541,4
4687,88,18,58,11,-7.5880987725104365,7
4688,36,20,18,12,-7.59490287850123,8
4689,41,27,87,17,-7.608960513510674,10
4690,84,16,38,9,-7.623292346759982,7
4691,63,63,16,38,-7.626908070861485,25
4692,91,13,23,7,-7.630492751883035,6
4693,80,22,96,14,-7.6325568595370585,8
4694,5,29,97,19,-7.639418302115126,10
4695,30,27,53,16,-7.642346295513206,11
4696,88,20,108,13,-7.642505031143239,7
4697,9,35,16,23,-7.644783932906994,12
4698,60,11,70,7,-7.646435749026202,4
4699,31,13,33,7,-7.647223417443056,6
4700,96,24,37,14,-7.66584492569651,10
4701,11,32,5,20,-7.6874421575338765,12
4702,7,25,111,15,-7.6903234257719815,10
4703,11,11,64,8,-7.699861982788658,3
4704,104,39,40,25,-7.699889638025223,14
4705,77,15,41,10,-7.700447698799745,5
4706,64,13,46,8,-7.70178518963715,5
4707,87,44,68,27,-7.713445601645925,17
4708,102,19,57,11,-7.725209435984635,8
4709,2,28,28,18,-7.726967938716942,10
4710,112,28,86,17,-7.7335421287606225,11
4711,52,10,63,6,-7.736846011905837,4
4712,84,11,44,6,-7.741464370739851,5
4713,54,13,73,8,-7.746921178252214,5
4714,1,11,46,6,-7.7522327504760105,5
4715,68,63,40,41,-7.7522463426238595,22
4716,25,49,37,29,-7.755599308877523,20
4717,73,11,53,7,-7.756297558195456,4
4718,86,14,10,8,-7.764445720347282,6
4719,81,15,41,10,-7.770221546669878,5
4720,114,14,92,10,-7.774797164908212,4
4721,18,28,68,17,-7.775566947501909,11
4722,48,15,50,10,-7.798532000224026,5
4723,110,12,114,8,-7.80031681097971,4
4724,49,21,75,13,-7.802050873504806,8
4725,81,23,60,14,-7.817127893520487,9
4726,46,46,25,27,-7.8204011950255445,19
4727,98,17,8,11,-7.832264077196576,6
4728,54,57,63,36,-7.834983225160243,21
4729,2,11,7,7,-7.836909370766421,4
4730,109,19,53,12,-7.841205358929898,7
4731,13,41,114,23,-7.855529583445472,18
4732,91,26,106,17,-7.859341034872017,9
4733,35,12,44,7,-7.859665557157517,5
4734,90,25,114,15,-7.8701656835045455,10
4735,23,17,55,9,-7.8715706098888365,8
4736,60,13,84,10,-7.874921397384912,3
4737,104,17,15,11,-7.875168892784025,6
4738,16,14,103,9,-7.884424733518567,5
4739,69,15,70,10,-7.889236203805598,5
4740,108,11,76,7,-7.890267325318873,4
4741,76,23,16,12,-7.906950340887347,11
4742,82,10,88,6,-7.9125780836424955,4
4743,20,16,33,10,-7.9280624383644875,6
4744,64,12,77,6,-7.928282722369054,6
4745,34,10,18,7,-7.93407311360503,3
4746,77,13,27,8,-7.939137496569419,5
4747,87,17,73,12,-7.94220715025842,5
4748,53,12,89,7,-7.949973026478008,5
4749,5,25,65,15,-7.967561696591303,10
4750,13,30,81,19,-7.974436586188656,11
4751,4,12,12,8,-7.976222296376226,4
4752,84,28,5,17,-7.986435375626319,11
4753,70,16,13,10,-7.990308468406848,6
4754,96,19,102,12,-7.995631160966494,7
4755,31,18,43,8,-8.011472574516002,10
4756,25,12,48,7,-8.01244102921806,5
4757,9,11,35,6,-8.012816785902407,5
4758,50,41,75,27,-8.02466935745211,14
4759,27,16,37,10,-8.030406858059436,6
4760,108,18,53,10,-8.054267369863778,8
4761,12,11,9,7,-8.058955245687951,4
4762,91,15,51,10,-8.060157448942936,5
4763,86,24,43,16,-8.063012454340047,8
4764,88,11,85,7,-8.068264760243629,4
4765,97,16,110,10,-8.077466293642948,6
4766,5,61,8,37,-8.080732178020163,24
4767,37,11,29,7,-8.087342118064884,4
4768,50,30,60,17,-8.087484578525556,13
4769,7,31,45,19,-8.09975676882742,12
4770,57,14,114,9,-8.115945976762234,5
4771,16,15,81,10,-8.120114808218235,5
4772,29,12,75,7,-8.144839094845086,5
4773,112,10,4,6,-8.145974306589782,4
4774,33,11,68,7,-8.166895131198164,4
4775,47,19,16,12,-8.178952833737181,7
4776,98,13,108,8,-8.179403178791246,5
4777,60,35,104,25,-8.183651908443377,10
4778,43,28,107,18,-8.185481897085598,10
4779,61,10,107,6,-8.19056957850756,4
4780,35,10,13,6,-8.193263635625328,4
4781,13,13,19,8,-8.19483920053687,5
4782,109,24,11,16,-8.196422948591085,8
4783,57,25,8,16,-8.20914757769532,9
4784,3,24,40,16,-8.21009163331203,8
4785,104,28,41,16,-8.222150207467427,12
4786,39,10,102,6,-8.224547128845817,4
4787,106,21,69,13,-8.230262561693124,8
4788,2,10,94,6,-8.235738884159375,4
4789,16,12,89,7,-8.24232911238878,5
4790,55,49,40,31,-8.264830770768937,18
4791,14,12,37,7,-8.266467835075433,5
4792,84,28,20,19,-8.268193588498614,9
4793,55,34,50,20,-8.268886532039618,14
4794,76,12,75,7,-8.269580351796622,5
4795,55,15,100,8,-8.275270908208638,7
4796,91,18,41,12,-8.276671952774393,6
4797,106,31,90,21,-8.28384546124837,10
4798,97,22,18,14,-8.298065482812461,8
4799,51,28,20,16,-8.316638415042595,12
4800,50,25,76,17,-8.328303760573554,8
4801,29,11,28,7,-8.329043879308335,4
4802,51,39,76,26,-8.339242903099509,13
4803,98,18,13,12,-8.341994513785483,6
4804,5,22,7,14,-8.357081514884824,8
4805,9,11,11,7,-8.359525570926444,4
4806,107,21,45,13,-8.374668953212842,8
4807,52,14,28,8,-8.38312541721312,6
4808,46,10,6,6,-8.386722378353735,4
4809,104,10,67,6,-8.393331116483225,4
4810,98,10,27,6,-8.40117178797146,4
4811,20,19,91,11,-8.407006886407046,8
4812,38,10,30,7,-8.411592281207323,3
4813,91,24,68,14,-8.412577437061726,10
4814,8,20,64,13,-8.418575329228208,7
4815,79,21,48,13,-8.423308200700253,8
4816,90,19,73,12,-8.424101991862472,7
4817,13,20,90,13,-8.424919065495569,7
4818,114,20,55,13,-8.432483182241098,7
4819,112,12,18,9,-8.434720932707336,3
4820,70,24,96,13,-8.437417991026262,11
4821,20,12,52,8,-8.437421503459813,4
4822,114,32,8,21,-8.446067232393617,11
4823,107,30,80,20,-8.450019757222567,10
4824,96,14,95,9,-8.450373982592183,5
4825,16,10,85,7,-8.463981088255796,3
4826,12,20,60,10,-8.47808740593529,10
4827,68,56,75,37,-8.483707229345061,19
4828,1,16,75,11,-8.487454866261048,5
4829,37,10,94,7,-8.495177713557316,3
4830,40,28,64,18,-8.49607162432113,10
4831,41,20,20,12,-8.49990215185767,8
4832,45,10,91,6,-8.504304930616431,4
4833,69,17,63,12,-8.506537399631055,5
4834,88,23,62,14,-8.51262512712999,9
4835,48,28,86,18,-8.527783865058888,10
4836,106,13,12,9,-8.530975907772833,4
4837,20,12,18,8,-8.532272478061662,4
4838,94,13,28,9,-8.536990091746686,4
4839,62,13,114,8,-8.549556180002718,5
4840,36,11,78,7,-8.552435160203329,4
4841,84,42,63,25,-8.556534866486706,17
4842,51,86,86,51,-8.557465951431581,35
4843,7,19,78,11,-8.565348954184037,8
4844,55,23,95,15,-8.57500650986488,8
4845,49,15,40,9,-8.588514005098899,6
4846,50,22,90,14,-8.598522697493998,8
4847,60,34,23,22,-8.60880728241122,12
4848,39,71,16,44,-8.629277698042587,27
4849,97,19,41,12,-8.638943706099203,7
4850,112,14,51,9,-8.662465094799598,5
4851,31,31,9,20,-8.678153869820548,11
4852,88,16,77,10,-8.678317130754186,6
4853,60,15,76,11,-8.678706996102923,4
4854,13,29,47,18,-8.685969082351276,11
4855,18,41,13,25,-8.688384323022003,16
4856,39,14,110,10,-8.694421097429624,4
4857,2,10,30,6,-8.704387763563812,4
4858,20,35,63,21,-8.70524806527441,14
4859,102,15,63,9,-8.71016569998991,6
4860,45,10,58,6,-8.721721801464438,4
4861,17,22,4,15,-8.72773506800961,7
4862,88,35,39,22,-8.74018182363142,13
4863,11,23,104,15,-8.742484307216113,8
4864,106,14,38,7,-8.74501943352997,7
4865,18,23,106,15,-8.778191080978738,8
4866,39,50,86,30,-8.781262501509106,20
4867,51,22,97,15,-8.785196874414885,7
4868,31,28,107,15,-8.798674063671838,13
4869,42,10,106,7,-8.802546839644418,3
4870,47,18,36,12,-8.810892372607713,6
4871,76,28,63,19,-8.821395394022662,9
4872,36,19,63,12,-8.822881427312195,7
4873,63,47,51,28,-8.825173206487683,19
4874,77,13,49,9,-8.842593838828112,4
4875,87,15,32,10,-8.84415502943487,5
4876,3,17,53,11,-8.845189139081638,6
4877,51,16,102,10,-8.84826485855953,6
4878,84,12,112,8,-8.85414320771021,4
4879,20,31,39,18,-8.859878139923454,13
4880,12,16,23,10,-8.872217683410863,6
4881,114,30,28,18,-8.875783073761175,12
4882,40,16,28,9,-8.877350715587879,7
4883,91,26,87,17,-8.887112732676092,9
4884,97,12,69,8,-8.888377862411463,4
4885,53,14,27,10,-8.90629843674804,4
4886,109,20,7,13,-8.908032141063202,7
4887,107,15,89,10,-8.908975430626485,5
4888,25,19,110,13,-8.917701672558223,6
4889,88,101,16,66,-8.91886711620617,35
4890,91,10,11,7,-8.923724837318142,3
4891,31,12,73,8,-8.93891957013575,4
4892,80,13,11,8,-8.941133144462878,5
4893,32,11,28,7,-8.963821007682874,4
4894,114,20,47,12,-8.969382880850324,8
4895,60,17,17,11,-8.995312545980157,6
4896,69,10,62,6,-9.00706523943993,4
4897,36,15,5,9,-9.008614310253614,6
4898,112,10,58,6,-9.041979275484929,4
4899,112,18,39,11,-9.062101008825088,7
4900,75,34,28,22,-9.068390514566694,12
4901,86,29,44,19,-9.073857704921481,10
4902,39,23,74,14,-9.075238839119185,9
4903,8,34,95,21,-9.07920947405897,13
4904,51,11,48,6,-9.079697327016946,5
4905,31,15,109,10,-9.113887572404183,5
4906,17,11,92,7,-9.114563540800457,4
4907,17,18,104,11,-9.118260519592534,7
4908,1,25,86,16,-9.124826219314393,9
4909,5,43,50,26,-9.156049369840705,17
4910,43,27,39,16,-9.158740133364715,11
4911,30,12,27,7,-9.159316291712273,5
4912,40,15,92,10,-9.168940871834318,5
4913,102,15,40,9,-9.171373555966687,6
4914,49,15,41,9,-9.171912615870816,6
4915,86,39,41,26,-9.172157333193885,13
4916,88,30,15,21,-9.176202112652083,9
4917,9,16,17,10,-9.184055414811953,6
4918,40,17,73,11,-9.199997222971483,6
4919,40,12,2,8,-9.204153353273353,4
4920,57,17,11,10,-9.206442600524502,7
4921,76,15,54,10,-9.214343370527448,5
4922,4,15,27,9,-9.21491506769711,6
4923,81,11,64,7,-9.217681779438383,4
4924,37,15,64,10,-9.227089681457189,5
4925,107,31,2,20,-9.235597195463592,11
4926,76,10,15,6,-9.241288842836557,4
4927,66,13,65,9,-9.24629898792323,4
4928,93,13,75,8,-9.279825087560207,5
4929,77,19,63,13,-9.291814452323939,6
4930,22,11,109,7,-9.30323095736105,4
4931,67,15,86,9,-9.306541844943451,6
4932,107,12,110,8,-9.307853181235297,4
4933,70,17,50,10,-9.316243790355681,7
4934,58,16,60,10,-9.319426070200468,6
4935,109,12,30,8,-9.335355797138938,4
4936,29,10,109,5,-9.339951738191695,5
4937,96,46,16,32,-9.342765312407819,14
4938,48,10,98,7,-9.346073134818255,3
4939,9,25,18,17,-9.349773872691086,8
4940,50,12,23,9,-9.354699302165743,3
4941,39,16,109,12,-9.356347251836707,4
4942,87,15,15,9,-9.356894108440965,6
4943,111,15,28,10,-9.365771514395545,5
4944,39,17,76,12,-9.374915521858478,5
4945,51,11,29,7,-9.382792177373643,4
4946,36,11,109,8,-9.390936468630553,3
4947,109,25,63,15,-9.392892060380623,10
4948,76,37,86,24,-9.404159373470087,13
4949,93,35,65,21,-9.411885467293354,14
4950,112,11,38,8,-9.413940162098223,3
4951,1,10,15,7,-9.42159486047143,3
4952,92,14,64,7,-9.432471863302016,7
4953,53,12,78,7,-9.436495389192622,5
4954,63,11,32,7,-9.44232166344675,4
4955,94,14,86,9,-9.444879533453692,5
4956,110,18,51,12,-9.45247565646282,6
4957,68,28,76,21,-9.459920139276978,7
4958,29,10,112,6,-9.468799644939955,4
4959,66,17,107,11,-9.469730190602778,6
4960,7,29,37,18,-9.500511382222342,11
4961,99,22,37,15,-9.502759058160713,7
4962,2,13,114,8,-9.50915856241785,5
4963,80,14,90,10,-9.509239360264804,4
4964,36,17,8,11,-9.51236026695053,6
4965,69,25,60,14,-9.516572001635847,11
4966,25,32,20,21,-9.520523686179052,11
4967,31,22,1,13,-9.525804060927038,9
4968,108,13,106,9,-9.535201707134298,4
4969,68,15,92,10,-9.538113226799515,5
4970,97,24,13,15,-9.567486234498414,9
4971,60,44,64,30,-9.569439655645416,14
4972,7,20,73,12,-9.582485903794177,8
4973,39,14,80,9,-9.589468521855673,5
4974,53,13,8,9,-9.596286006275326,4
4975,84,18,83,11,-9.60947373437216,7
4976,8,14,99,8,-9.611065592860308,6
4977,9,16,76,11,-9.62150457184245,5
4978,109,17,70,11,-9.623350653501726,6
4979,109,22,74,15,-9.62539761750223,7
4980,63,17,100,10,-9.628829836647936,7
4981,53,23,41,15,-9.631953807885303,8
4982,107,28,57,18,-9.636004223648033,10
4983,104,10,93,6,-9.63796658188527,4
4984,114,10,22,5,-9.649313306364819,5
4985,17,15,41,10,-9.654478177971626,5
4986,63,16,111,10,-9.656549842780757,6
4987,9,30,87,18,-9.657202776782615,12
4988,71,12,100,8,-9.66068752031631,4
4989,45,14,35,8,-9.663816215290336,6
4990,38,12,53,8,-9.664145468055217,4
4991,109,17,17,11,-9.67292277687966,6
4992,84,13,30,9,-9.677396996952375,4
4993,87,19,100,11,-9.686243494464469,8
4994,57,13,78,8,-9.706642642705255,5
4995,98,16,20,11,-9.710857533406992,5
4996,32,16,16,10,-9.721720922013692,6
4997,18,42,16,28,-9.75454627994462,14
4998,28,10,38,6,-9.755543154623545,4
4999,62,12,100,7,-9.768885934940618,5
5000,83,24,37,15,-9.783726366978415,9
5001,93,10,62,6,-9.798162399200404,4
5002,84,15,104,9,-9.801640239199909,6
5003,107,27,48,17,-9.812988008703408,10
5004,75,25,104,16,-9.822163907084752,9
5005,57,13,54,10,-9.824315369895016,3
5006,98,10,53,6,-9.839111782848335,4
5007,79,26,86,17,-9.841357831333447,9
5008,63,16,30,10,-9.842696842263113,6
5009,18,12,76,8,-9.8476224935035,4
5010,91,34,63,23,-9.863803572303501,11
5011,71,15,17,9,-9.874078720771612,6
5012,39,39,18,26,-9.885046818102037,13
5013,3,14,25,9,-9.907996037168818,5
5014,2,10,95,7,-9.9203126299905,3
5015,17,10,38,6,-9.957251396991314,4
5016,3,13,84,8,-9.96609813489357,5
5017,88,18,73,12,-9.974203425238962,6
5018,52,13,87,8,-9.98485251805505,5
5019,109,14,93,9,-9.987067099161266,5
5020,10,13,107,8,-9.98735340517921,5
5021,48,11,34,7,-9.987399142382838,4
5022,65,25,95,16,-9.987438820754939,9
5023,57,12,75,8,-10.001839571130395,4
5024,43,15,54,9,-10.003127798418701,6
5025,9,13,43,8,-10.011482215577137,5
5026,29,15,60,9,-10.014518053593555,6
5027,3,12,20,8,-10.029309207648433,4
5028,18,14,11,9,-10.031989827572827,5
5029,29,12,70,7,-10.037060199943543,5
5030,38,10,44,7,-10.048373138060267,3
5031,71,11,91,7,-10.05883228964285,4
5032,28,10,110,6,-10.066740720619942,4
5033,106,12,79,8,-10.079963228120917,4
5034,74,11,89,7,-10.093150392265773,4
5035,8,24,18,17,-10.10300859124231,7
5036,36,36,53,25,-10.11473282468799,11
5037,102,20,50,12,-10.118106239071224,8
5038,35,10,8,7,-10.118762046100299,3
5039,15,20,8,12,-10.121581558030638,8
5040,70,14,46,9,-10.128652016947743,5
5041,109,10,92,7,-10.132066653367776,3
5042,31,37,53,23,-10.136338371296794,14
5043,23,11,96,7,-10.143008283174424,4
5044,39,13,58,9,-10.147489402696785,4
5045,102,14,76,9,-10.166991590900437,5
5046,69,11,40,8,-10.175676528085834,3
5047,9,24,64,17,-10.178655144521004,7
5048,104,13,89,8,-10.178686881843591,5
5049,37,41,97,27,-10.190687502541847,14
5050,33,13,71,9,-10.195530501937561,4
5051,2,15,98,9,-10.198603389321665,6
5052,96,24,48,16,-10.200121519345737,8
5053,106,63,16,43,-10.201810935158226,20
5054,37,36,11,24,-10.207174749413833,12
5055,68,24,25,16,-10.21179043309895,8
5056,31,17,30,10,-10.214096274935343,7
5057,88,18,100,12,-10.248815429425125,6
5058,25,43,7,29,-10.249875265637383,14
5059,106,16,67,10,-10.252161434234205,6
5060,99,12,77,9,-10.252199704478636,3
5061,104,12,34,8,-10.27427919250402,4
5062,84,10,71,7,-10.279461085413814,3
5063,78,13,40,10,-10.282455211399137,3
5064,63,18,57,11,-10.314939985261887,7
5065,81,14,7,8,-10.321582987727558,6
5066,1,13,37,8,-10.34216426905315,5
5067,63,17,1,10,-10.344681903521664,7
5068,7,10,94,7,-10.355621654064775,3
5069,81,13,104,7,-10.361322759461327,6
5070,18,11,3,8,-10.36192093091692,3
5071,1,23,16,17,-10.375674453583683,6
5072,93,16,106,10,-10.37915501513517,6
5073,7,11,110,6,-10.42257657923173,5
5074,114,19,95,12,-10.422604339796184,7
5075,39,16,44,10,-10.434810009571377,6
5076,60,11,34,8,-10.444545857082172,3
5077,62,10,49,7,-10.453994552700898,3
5078,31,10,6,6,-10.459894630543896,4
5079,77,12,23,8,-10.47207373365885,4
5080,102,19,107,12,-10.474471969151432,7
5081,8,35,75,24,-10.477015226263449,11
5082,102,14,75,10,-10.47886729381523,4
5083,20,37,50,25,-10.501577095705532,12
5084,12,12,114,7,-10.504954578013217,5
5085,37,14,89,8,-10.519274673853,6
5086,36,27,27,17,-10.523349599331356,10
5087,97,19,71,13,-10.523533962196899,6
5088,56,16,86,11,-10.543126647721751,5
5089,84,24,11,16,-10.56388232319587,8
5090,9,15,95,9,-10.569002592922953,6
5091,28,18,69,11,-10.575983527327306,7
5092,7,51,75,34,-10.587695481592943,17
5093,38,15,75,11,-10.597530026810052,4
5094,91,31,7,22,-10.60910028610159,9
5095,101,12,16,8,-10.62271769748288,4
5096,71,18,98,12,-10.627953776602759,6
5097,64,20,30,13,-10.642272986004782,7
5098,98,25,5,16,-10.662918685540621,9
5099,86,32,102,22,-10.668729155825625,10
5100,17,23,40,16,-10.673939896309559,7
5101,74,25,51,18,-10.704030149650722,7
5102,39,20,100,13,-10.705146271922516,7
5103,18,14,47,10,-10.710476641545714,4
5104,36,13,43,8,-10.713552025008546,5
5105,81,13,114,8,-10.713660949239014,5
5106,111,11,54,8,-10.714143810197228,3
5107,60,15,37,9,-10.721994289598655,6
5108,39,20,23,13,-10.742827162036495,7
5109,31,27,27,16,-10.758919665279386,11
5110,17,17,53,11,-10.760705209456793,6
5111,7,11,59,8,-10.771239818059199,3
5112,15,11,47,7,-10.775485769989336,4
5113,35,14,36,10,-10.78250796990051,4
5114,91,25,55,18,-10.791612827626562,7
5115,77,27,104,18,-10.795670361212089,9
5116,81,17,106,10,-10.816681182916206,7
5117,8,34,109,21,-10.819891467814774,13
5118,87,25,98,17,-10.830753925226263,8
5119,65,30,27,20,-10.856587825173339,10
5120,9,18,20,12,-10.86548400794927,6
5121,54,25,30,17,-10.869653792907938,8
5122,77,16,71,11,-10.872072685026803,5
5123,78,11,17,7,-10.875549356054371,4
5124,41,21,111,13,-10.875724405637953,8
5125,88,41,63,29,-10.892208716891064,12
5126,35,10,102,6,-10.90320798703147,4
5127,46,11,100,7,-10.904685887838546,4
5128,5,17,73,11,-10.90738305979487,6
5129,31,10,78,6,-10.912809716780334,4
5130,64,14,27,10,-10.925557497140751,4
5131,13,10,89,6,-10.939542022741616,4
5132,107,19,15,14,-10.951282290046715,5
5133,53,10,15,7,-10.9539479023651,3
5134,47,15,9,10,-10.968614103246171,5
5135,88,37,50,24,-10.986958086725291,13
5136,43,18,75,13,-10.9894348107113,5
5137,69,16,58,10,-10.993413968782217,6
5138,107,13,56,8,-11.000292497508868,5
5139,71,13,15,9,-11.00914391321026,4
5140,68,10,98,7,-11.014423279510455,3
5141,92,14,41,9,-11.016394202336143,5
5142,68,12,45,8,-11.02401972838907,4
5143,88,11,98,8,-11.027639102171303,3
5144,114,12,32,8,-11.045874107216177,4
5145,11,11,99,7,-11.04788337752713,4
5146,87,10,12,7,-11.056786464431308,3
5147,80,13,78,9,-11.09791576617006,4
5148,50,10,85,7,-11.098189393682759,3
5149,68,16,58,11,-11.098600977228577,5
5150,32,13,74,9,-11.101664191982367,4
5151,4,16,43,10,-11.162760468553993,6
5152,107,38,30,25,-11.164530658826866,13
5153,46,15,30,10,-11.187097177578686,5
5154,13,15,58,11,-11.187681570256993,4
5155,109,10,91,7,-11.192740070217315,3
5156,61,12,6,8,-11.200388242698184,4
5157,83,22,13,15,-11.207026527024828,7
5158,65,45,114,29,-11.20792553692763,16
5159,1,11,89,7,-11.20901106938993,4
5160,68,21,28,15,-11.213633194972727,6
5161,106,18,98,12,-11.217270403208776,6
5162,51,13,73,9,-11.219804453521853,4
5163,96,20,46,12,-11.223825219116964,8
5164,109,17,75,12,-11.242273446455997,5
5165,51,28,95,20,-11.244919045567018,8
5166,81,13,40,9,-11.249205674756395,4
5167,83,16,107,11,-11.24958512039028,5
5168,70,29,87,18,-11.250414739740132,11
5169,48,12,90,8,-11.252381363492235,4
5170,16,12,78,8,-11.25916175296747,4
5171,103,14,86,9,-11.266539954551964,5
5172,29,23,65,14,-11.27269887311909,9
5173,20,10,64,8,-11.273683916826545,2
5174,55,14,2,9,-11.276816159574057,5
5175,86,10,29,7,-11.288307199014056,3
5176,5,10,80,7,-11.295210617596885,3
5177,96,25,7,18,-11.300422106484014,7
5178,70,15,30,9,-11.302914088005606,6
5179,79,10,80,6,-11.30670069299901,4
5180,28,46,63,32,-11.30701920844641,14
5181,60,23,47,16,-11.31330562577917,7
5182,18,12,69,8,-11.324568934723304,4
5183,43,15,100,9,-11.350388483589276,6
5184,38,11,4,8,-11.395009854616482,3
5185,35,23,76,15,-11.39691854534874,8
5186,95,10,29,7,-11.401888238693147,3
5187,86,21,26,15,-11.412432841806389,6
5188,106,39,114,26,-11.417874917507989,13
5189,72,19,86,13,-11.423615729846851,6
5190,51,33,100,19,-11.434832550293006,14
5191,81,14,47,10,-11.445134927289029,4
5192,57,12,65,8,-11.482165332996512,4
5193,91,10,69,6,-11.501202941557144,4
5194,54,44,37,30,-11.514339123049963,14
5195,27,12,49,8,-11.521519655834481,4
5196,76,15,74,9,-11.544600382799558,6
5197,15,10,49,7,-11.54727068179138,3
5198,71,10,111,7,-11.563837134119527,3
5199,104,16,36,10,-11.564722196156035,6
5200,50,15,33,10,-11.568332857311571,5
5201,39,15,90,10,-11.577976501423594,5
5202,18,21,15,15,-11.590119158022436,6
5203,88,65,13,44,-11.59374697560307,21
5204,10,14,7,9,-11.631959119868696,5
5205,103,11,55,8,-11.639657223031874,3
5206,107,17,78,12,-11.645622319804351,5
5207,39,30,30,20,-11.676641348162722,10
5208,46,12,53,8,-11.691208139074996,4
5209,96,13,91,9,-11.692854193124042,4
5210,19,20,7,15,-11.707331952559505,5
5211,70,23,108,16,-11.716508786473792,7
5212,69,27,16,18,-11.757721074864538,9
5213,67,11,16,8,-11.761532223804268,3
5214,1,37,55,26,-11.769033555767942,11
5215,57,20,70,12,-11.777168573797624,8
5216,71,19,104,12,-11.784281392964676,7
5217,65,12,91,8,-11.784658313781671,4
5218,54,10,44,7,-11.791894285038754,3
5219,40,21,8,15,-11.791921402372775,6
5220,91,10,53,7,-11.811611902058761,3
5221,17,10,83,6,-11.812775268760374,4
5222,87,23,48,16,-11.827762552608771,7
5223,47,10,78,6,-11.843066191666676,4
5224,14,18,16,12,-11.861448285420282,6
5225,104,18,90,12,-11.89837391797068,6
5226,63,18,62,12,-11.898616241132698,6
5227,11,13,93,10,-11.901577910299338,3
5228,18,27,95,18,-11.951490678023534,9
5229,54,10,53,7,-11.951994898142779,3
5230,104,12,1,8,-12.020108292717424,4
5231,28,21,34,15,-12.064560123194633,6
5232,20,14,34,10,-12.080633416209027,4
5233,96,27,98,18,-12.125771968912133,9
5234,63,12,92,7,-12.136993324985582,5
5235,70,22,2,14,-12.153236389251056,8
5236,76,18,7,11,-12.196617315781682,7
5237,106,11,78,8,-12.21024325274275,3
5238,70,21,11,15,-12.225051268467027,6
5239,39,23,91,16,-12.232573714352018,7
5240,114,27,87,17,-12.286422589064637,10
5241,35,23,107,17,-12.292793992800659,6
5242,108,10,28,6,-12.299856976610261,4
5243,46,11,18,8,-12.326844972781839,3
5244,20,10,78,7,-12.337947782230119,3
5245,19,12,87,8,-12.345271535363189,4
5246,54,22,100,15,-12.349967715760693,7
5247,33,13,87,9,-12.350753088118475,4
5248,60,20,49,14,-12.35214452080387,6
5249,97,12,67,9,-12.35346782744064,3
5250,53,16,43,12,-12.41343484704957,4
5251,50,17,36,10,-12.423703215189779,7
5252,51,14,111,10,-12.456032818979448,4
5253,88,40,53,28,-12.503961998215974,12
5254,5,27,75,17,-12.535083552437035,10
5255,5,27,57,19,-12.572003913811173,8
5256,63,34,80,24,-12.572385685987724,10
5257,112,24,64,18,-12.57665854379635,6
5258,54,33,75,22,-12.657132724468568,11
5259,5,14,48,10,-12.657719903594751,4
5260,52,11,30,8,-12.667026316194525,3
5261,88,16,111,12,-12.710530076381987,4
5262,51,16,80,11,-12.71390947989441,5
5263,106,24,46,15,-12.725492516069489,9
5264,106,14,33,10,-12.736963404825662,4
5265,36,10,95,7,-12.746346244298937,3
5266,81,12,54,8,-12.757047966098474,4
5267,27,20,104,15,-12.796343894614779,5
5268,104,20,49,14,-12.812277987885736,6
5269,9,10,108,6,-12.825707088631287,4
5270,109,19,27,12,-12.854514856980064,7
5271,45,14,23,10,-12.875487654765546,4
5272,35,11,87,7,-12.88940090296237,4
5273,65,21,2,16,-12.8900275785182,5
5274,75,12,98,8,-12.900340980932176,4
5275,17,16,23,11,-12.920452187354222,5
5276,28,33,74,23,-12.957271538108255,10
5277,31,72,13,49,-12.99330264938673,23
5278,114,12,27,8,-13.009570993376595,4
5279,9,11,6,7,-13.029614696230583,4
5280,46,38,104,26,-13.083570903140272,12
5281,90,15,20,10,-13.08396173697106,5
5282,38,10,2,6,-13.106587736027677,4
5283,38,12,71,9,-13.11375866950239,3
5284,70,10,83,6,-13.118339150755117,4
5285,77,15,53,10,-13.125923769197522,5
5286,37,28,95,21,-13.149042342745602,7
5287,88,17,102,13,-13.153141792955822,4
5288,35,12,97,9,-13.15953893586328,3
5289,87,14,79,11,-13.17533484699995,3
5290,28,13,41,9,-13.19117071449606,4
5291,54,18,36,12,-13.217744798273172,6
5292,54,26,48,18,-13.218100464174018,8
5293,46,16,50,10,-13.220197801431315,6
5294,60,13,108,9,-13.225499906177387,4
5295,17,11,102,8,-13.231752901126407,3
5296,41,16,8,12,-13.244566662838952,4
5297,88,36,95,25,-13.24512473637818,11
5298,96,39,11,27,-13.252582377716239,12
5299,11,23,95,17,-13.263288005084238,6
5300,5,31,102,21,-13.269431869962297,10
5301,99,12,7,8,-13.274517260788413,4
5302,106,19,64,13,-13.295192075566398,6
5303,112,12,100,8,-13.302851040311163,4
5304,3,11,15,7,-13.34908879632687,4
5305,83,18,16,13,-13.35123547721314,5
5306,32,11,55,7,-13.36363963009391,4
5307,35,12,104,8,-13.369677424437175,4
5308,62,18,74,13,-13.411803700884379,5
5309,53,15,75,10,-13.423496737137004,5
5310,32,12,25,7,-13.427877456338663,5
5311,55,17,102,12,-13.448934349992442,5
5312,90,10,93,7,-13.452391800759145,3
5313,51,16,15,11,-13.474823536409177,5
5314,39,14,108,9,-13.481039273987522,5
5315,70,10,34,7,-13.500624883981926,3
5316,1,10,78,7,-13.511302040012385,3
5317,66,11,7,7,-13.514093541012448,4
5318,38,15,104,10,-13.530669032796668,5
5319,103,11,74,8,-13.53565105452587,3
5320,10,10,37,6,-13.538762623915119,4
5321,60,26,27,20,-13.540065663312776,6
5322,104,18,64,13,-13.541290561517043,5
5323,46,12,93,9,-13.65474091099076,3
5324,86,16,92,11,-13.67676060817369,5
5325,57,19,7,12,-13.697105013999769,7
5326,44,14,104,10,-13.703910249073422,4
5327,31,25,63,18,-13.714594813504094,7
5328,33,14,63,10,-13.733555706081619,4
5329,112,11,97,9,-13.794615799527321,2
5330,52,19,86,14,-13.851910838120485,5
5331,83,13,11,10,-13.863860744018641,3
5332,13,23,30,15,-13.875626061777945,8
5333,50,19,53,13,-13.883151416746287,6
5334,54,16,2,12,-13.913344645570438,4
5335,57,11,34,8,-13.937862830072245,3
5336,69,19,75,14,-13.94230448490658,5
5337,71,24,40,17,-13.948125771645659,7
5338,39,25,15,19,-14.010931018079326,6
5339,77,29,40,21,-14.048771071022598,8
5340,54,18,71,12,-14.18324547541803,6
5341,80,11,41,8,-14.186716292232557,3
5342,66,11,63,8,-14.209916362631542,3
5343,60,28,91,19,-14.21948701708733,9
5344,77,15,30,11,-14.240898393688356,4
5345,94,21,16,15,-14.265495530226403,6
5346,60,21,74,14,-14.268042080973927,7
5347,11,11,30,8,-14.299516136130784,3
5348,37,12,34,9,-14.300571264435137,3
5349,102,11,46,8,-14.307494713152051,3
5350,50,18,80,14,-14.309192739594003,4
5351,77,27,7,19,-14.33556677589385,8
5352,51,22,77,15,-14.341625905559265,7
5353,83,10,40,8,-14.347262135245904,2
5354,112,16,60,12,-14.375050795639751,4
5355,81,22,51,14,-14.413069140354862,8
5356,14,11,80,7,-14.435345395194508,4
5357,13,15,80,10,-14.445550827997446,5
5358,5,12,44,9,-14.447481002517355,3
5359,2,10,73,7,-14.457830254043136,3
5360,25,12,34,9,-14.468789684868275,3
5361,51,18,45,13,-14.493324057948728,5
5362,2,12,13,8,-14.516038794033763,4
5363,37,12,73,8,-14.533349572792924,4
5364,99,12,50,8,-14.581629542155014,4
5365,97,11,14,9,-14.634263785488013,2
5366,8,14,78,11,-14.668119505967436,3
5367,83,19,114,14,-14.71253096490687,5
5368,102,10,90,6,-14.739148726840858,4
5369,106,14,32,11,-14.741977351969277,3
5370,109,26,114,20,-14.744077219906973,6
5371,2,10,57,7,-14.75670329182861,3
5372,1,13,18,10,-14.814066225099426,3
5373,85,11,55,8,-14.836765173492132,3
5374,91,17,30,13,-14.854653528597783,4
5375,57,12,69,9,-14.86920981303713,3
5376,108,10,8,8,-14.88327570809189,2
5377,112,10,55,8,-14.907032679929216,2
5378,104,16,9,11,-14.915937256999365,5
5379,9,25,41,18,-14.929419745005406,7
5380,17,21,95,16,-14.970865650802967,5
5381,75,10,45,8,-15.003649946946844,2
5382,99,18,25,13,-15.014737107768294,5
5383,3,17,63,14,-15.071396371833842,3
5384,54,10,72,7,-15.080610884546303,3
5385,9,12,48,9,-15.097519161061683,3
5386,29,13,84,9,-15.120150931852738,4
5387,35,11,27,8,-15.129282720135883,3
5388,71,17,41,13,-15.162388636591329,4
5389,29,18,88,13,-15.20029012502142,5
5390,68,15,61,11,-15.24709195978541,4
5391,85,10,39,6,-15.334427433462258,4
5392,99,18,107,13,-15.347683777553833,5
5393,37,13,18,10,-15.368965567811568,3
5394,46,12,98,8,-15.381140721878973,4
5395,71,10,11,7,-15.386871545741162,3
5396,25,14,49,10,-15.43786379260084,4
5397,107,25,73,17,-15.460672720698524,8
5398,94,16,81,10,-15.463781780556559,6
5399,60,13,100,10,-15.468043250681323,3
5400,31,15,69,10,-15.502962092044207,5
5401,2,18,104,12,-15.50344370749933,6
5402,106,10,89,6,-15.508251121091035,4
5403,14,11,25,9,-15.536643242754739,2
5404,31,12,104,8,-15.561592201078605,4
5405,5,20,23,15,-15.563915929412014,5
5406,45,14,4,10,-15.600891470448104,4
5407,85,11,106,8,-15.605731963514037,3
5408,97,13,90,9,-15.62188808576594,4
5409,88,16,80,11,-15.676196886577952,5
5410,51,12,34,9,-15.6894891289244,3
5411,1,13,8,10,-15.702434313684371,3
5412,80,13,75,10,-15.71805205236554,3
5413,35,12,80,9,-15.72406211872363,3
5414,77,14,37,10,-15.73169378416834,4
5415,96,16,93,12,-15.73319462766121,4
5416,35,10,75,8,-15.755761764469415,2
5417,81,16,87,10,-15.759058609918435,6
5418,37,10,15,8,-15.78269510258246,2
5419,12,12,75,8,-15.785867542761379,4
5420,77,16,8,12,-15.792942369486319,4
5421,70,10,48,7,-15.796496446665468,3
5422,58,13,54,9,-15.827470383967977,4
5423,31,45,16,33,-15.837412153743443,12
5424,39,18,99,14,-15.84878961626863,4
5425,12,15,41,11,-15.852631956602023,4
5426,91,11,76,9,-15.872477419459234,2
5427,8,18,34,13,-15.876296726362224,5
5428,9,30,53,22,-15.894615033798411,8
5429,70,13,80,11,-15.90133341789594,2
5430,63,13,14,9,-15.961958621197994,4
5431,31,16,98,11,-16.004000710168857,5
5432,5,18,41,12,-16.050377082501456,6
5433,112,17,28,13,-16.099232147809676,4
5434,83,12,23,9,-16.123810814063006,3
5435,58,18,65,13,-16.230092308358206,5
5436,69,21,53,15,-16.247322250303586,6
5437,91,13,43,10,-16.255864059996068,3
5438,7,16,61,11,-16.426968020447948,5
5439,25,25,11,20,-16.429746187224737,5
5440,55,15,14,12,-16.464885141480416,3
5441,36,10,101,8,-16.627946704419497,2
5442,55,12,15,10,-16.63699492471769,2
5443,41,12,30,8,-16.67014747818193,4
5444,20,10,60,7,-16.689435106346487,3
5445,71,15,95,10,-16.72675418994599,5
5446,76,10,1,7,-16.815372977495876,3
5447,30,14,95,10,-16.836817117204564,4
5448,97,14,38,11,-16.838290194315167,3
5449,31,10,38,6,-16.97274158238424,4
5450,50,16,77,13,-16.97319460562341,3
5451,87,12,34,9,-16.98781036825935,3
5452,79,13,104,9,-17.056081750892357,4
5453,10,13,51,10,-17.100960272868033,3
5454,9,15,15,11,-17.12648608718579,4
5455,69,14,49,10,-17.144708838601282,4
5456,5,22,27,16,-17.186967099907662,6
5457,35,12,63,9,-17.190706154289504,3
5458,106,10,35,7,-17.319051156851785,3
5459,39,10,45,7,-17.32115834390289,3
5460,43,10,45,7,-17.339723268429022,3
5461,19,11,55,8,-17.435802328445057,3
5462,18,14,23,10,-17.468338798211544,4
5463,83,11,110,9,-17.575104905290946,2
5464,28,27,90,21,-17.5763540242808,6
5465,3,11,5,7,-17.694163901939547,4
5466,69,14,30,10,-17.76525861498344,4
5467,55,12,44,9,-17.771847163193563,3
5468,5,18,30,15,-17.81053305502534,3
5469,8,10,69,8,-17.824588271872045,2
5470,88,17,32,13,-17.824594134673823,4
5471,114,11,111,8,-17.846918134233796,3
5472,51,21,78,15,-17.855529352416692,6
5473,43,16,55,14,-17.88766939591472,2
5474,68,21,95,18,-17.962668451083434,3
5475,33,18,55,14,-17.969879843551904,4
5476,112,17,20,14,-18.12257267332246,3
5477,112,12,87,9,-18.26517015342061,3
5478,103,10,109,7,-18.37872283171988,3
5479,18,10,5,8,-18.464269170029826,2
5480,33,14,65,11,-18.512762180418843,3
5481,31,15,106,11,-18.52908676481624,4
5482,68,14,50,10,-18.562076689620618,4
5483,28,17,99,13,-18.754584808369174,4
5484,47,11,55,8,-18.857554518412744,3
5485,112,13,71,10,-18.866115742328503,3
5486,11,10,2,8,-18.92308479788875,2
5487,4,13,98,11,-18.936498509144613,2
5488,106,10,92,8,-19.041690772468705,2
5489,2,10,100,7,-19.143504228869272,3
5490,57,10,31,7,-19.217116599721326,3
5491,54,16,4,14,-19.244087603842104,2
5492,18,14,99,11,-19.290873438644514,3
5493,36,19,30,17,-19.30529767168729,2
5494,12,11,27,9,-19.43334632488541,2
5495,77,16,16,13,-19.494965112936953,3
5496,51,10,101,8,-19.538804927619935,2
5497,72,10,28,8,-19.667105139612282,2
5498,68,10,90,8,-19.75244962865367,2
5499,32,12,95,10,-19.760326388824467,2
5500,68,15,100,11,-19.919601065708385,4
5501,75,11,111,8,-20.026411874817093,3
5502,68,17,112,13,-20.135616290190043,4
5503,5,10,64,8,-20.37578731830582,2
5504,35,11,48,9,-20.438098241934796,2
5505,81,12,49,9,-20.5963472275708,3
5506,79,10,30,8,-20.824119521738712,2
5507,38,11,55,9,-20.87506721402826,2
5508,112,12,47,9,-20.91755675050163,3
5509,84,10,7,8,-21.17364400986741,2
5510,77,10,98,8,-21.266559747636286,2
5511,91,16,104,15,-21.31971827875211,1
5512,51,16,2,12,-21.322170492802826,4
5513,51,19,90,17,-21.393287092982963,2
5514,4,13,25,11,-21.42004260246313,2
5515,4,15,41,10,-21.480590173913868,5
5516,31,12,62,9,-21.790941067775986,3
5517,97,12,91,10,-22.175648770183788,2
5518,65,25,100,22,-22.41765276800298,3
5519,58,16,86,13,-22.61525281631165,3
5520,3,15,75,13,-22.902900400824407,2
5521,28,10,10,9,-23.03135332069283,1
5522,8,11,4,10,-23.17790508365148,1
5523,102,10,30,8,-23.768301124479738,2
5524,69,11,27,9,-23.965125451311458,2
5525,9,22,27,18,-24.023674987501078,4
5526,97,11,34,9,-24.058676404388496,2
5527,97,12,73,9,-24.10757303293757,3
5528,112,18,78,15,-24.143276774281045,3
5529,107,10,19,10,-24.226623453768692,0
5530,112,10,49,9,-24.460078908180627,1
5531,77,16,75,14,-26.22826719913648,2
5532,37,10,44,10,-28.25347707422472,0
5533,23,11,90,10,-28.300961743533676,1
