,againstHero,games,hero,losses,shift,wins
0,44,11,37,0,29.883498899257123,11
1,90,11,23,1,28.300961743533684,10
2,75,17,77,2,26.826580833678786,15
3,19,12,107,0,24.916943809219585,12
4,75,16,3,2,24.194103806582213,14
5,73,12,97,3,24.10757303293757,9
6,34,11,97,2,24.058676404388496,9
7,27,11,69,2,23.96512545131146,9
8,15,10,31,2,23.609989871480266,8
9,4,11,8,1,23.177905083651492,10
10,26,10,57,2,23.019758397049465,8
11,78,11,69,2,22.860180593261035,9
12,30,11,3,1,22.835991297738506,10
13,80,11,112,2,22.757119134416886,9
14,91,12,97,2,22.175648770183788,10
15,62,12,31,3,21.79094106777599,9
16,41,15,4,5,21.480590173913868,10
17,25,13,4,2,21.42004260246313,11
18,90,19,51,2,21.39328709298296,17
19,12,10,109,1,21.32950515182345,9
20,2,16,51,4,21.322170492802822,12
21,104,16,91,1,21.319718278752113,15
22,98,10,77,2,21.266559747636286,8
23,55,11,38,2,20.87506721402826,9
24,30,10,79,2,20.824119521738705,8
25,90,11,68,2,20.787956198015944,9
26,27,23,9,5,20.738498367665727,18
27,49,12,81,3,20.596347227570796,9
28,78,20,112,4,20.501825468968363,16
29,48,11,35,2,20.438098241934792,9
30,64,10,5,2,20.375787318305825,8
31,51,15,10,3,20.332726180509006,12
32,43,11,28,3,20.23260375097008,8
33,78,10,43,2,20.12217678902932,8
34,49,11,112,2,20.081273718937805,9
35,7,11,84,2,20.072751797902637,9
36,112,12,10,3,19.922223964163006,9
37,100,15,68,4,19.919601065708385,11
38,95,12,32,2,19.760326388824463,10
39,94,10,51,2,19.678230206250994,8
40,101,10,51,2,19.538804927619935,8
41,86,19,58,4,19.384187711945845,15
42,30,19,36,2,19.30529767168729,17
43,99,14,18,3,19.290873438644514,11
44,4,16,54,2,19.2440876038421,14
45,100,10,2,3,19.14350422886928,7
46,28,15,72,3,19.110970784949362,12
47,92,10,106,2,19.041690772468705,8
48,98,13,4,2,18.936498509144613,11
49,2,10,11,2,18.923084797888755,8
50,55,11,47,3,18.857554518412744,8
51,100,10,77,2,18.78580739314227,8
52,85,10,94,2,18.75789926477135,8
53,99,17,28,4,18.754584808369174,13
54,50,15,68,4,18.68712791744929,11
55,45,11,43,3,18.574891926068155,8
56,106,15,31,4,18.52908676481624,11
57,65,14,33,3,18.51276218041885,11
58,5,10,18,2,18.464269170029823,8
59,109,10,103,3,18.37872283171988,7
60,100,29,65,5,18.208500508458588,24
61,90,28,28,6,18.060877876686437,22
62,55,18,33,4,17.969879843551904,14
63,95,21,68,3,17.962668451083438,18
64,55,16,43,2,17.887669395914717,14
65,111,11,114,3,17.846918134233796,8
66,32,17,88,4,17.82459413467382,13
67,69,10,8,2,17.824588271872045,8
68,30,18,5,3,17.81053305502534,15
69,44,12,55,3,17.77184716319356,9
70,5,11,3,4,17.694163901939547,7
71,34,12,57,3,17.642040510861822,9
72,16,18,77,4,17.61931989103236,14
73,60,19,112,4,17.601551386113414,15
74,110,11,83,2,17.575104905290946,9
75,23,14,18,4,17.468338798211544,10
76,55,11,19,3,17.435802328445057,8
77,45,10,39,3,17.32115834390289,7
78,35,10,106,3,17.319051156851785,7
79,20,11,29,3,17.261971083229245,8
80,63,12,35,3,17.190706154289504,9
81,27,22,5,6,17.18696709990766,16
82,60,12,20,3,17.12579419517071,9
83,80,17,13,5,17.063751983939074,12
84,18,14,1,3,17.058153705270225,11
85,104,13,79,4,17.056081750892357,9
86,34,13,51,3,17.050470848560973,10
87,43,11,46,3,16.991693442801246,8
88,34,12,87,3,16.987810368259346,9
89,77,16,50,3,16.97319460562341,13
90,38,10,31,4,16.97274158238424,6
91,15,11,109,2,16.89170612213505,9
92,38,14,97,3,16.838290194315167,11
93,95,14,30,4,16.836817117204568,10
94,1,10,76,3,16.815372977495876,7
95,95,15,71,5,16.72675418994599,10
96,30,12,41,4,16.67014747818193,8
97,101,10,36,2,16.6279467044195,8
98,30,17,69,5,16.6252519902636,12
99,63,18,3,3,16.488578447376668,15
100,80,17,88,5,16.47753804603461,12
101,14,15,55,3,16.464885141480416,12
102,100,14,60,3,16.462828606412607,11
103,11,25,25,5,16.429746187224733,20
104,61,16,7,5,16.42696802044795,11
105,112,25,68,7,16.406384280946302,18
106,88,20,29,5,16.403016373729905,15
107,53,21,69,6,16.247322250303586,15
108,48,13,9,3,16.236645292462974,10
109,30,12,11,3,16.16112498926937,9
110,43,10,102,3,16.154622115934178,7
111,23,12,83,3,16.123810814063006,9
112,41,18,5,6,16.05037708250146,12
113,27,10,78,1,15.993140978677223,9
114,14,13,63,4,15.961958621197992,9
115,41,26,9,7,15.923207095513272,19
116,80,13,70,2,15.901333417895936,11
117,53,30,9,8,15.894615033798411,22
118,34,18,8,5,15.876296726362224,13
119,76,11,91,2,15.872477419459232,9
120,41,15,12,4,15.852631956602023,11
121,99,18,39,4,15.84878961626863,14
122,60,10,2,3,15.842056772053983,7
123,16,45,31,12,15.837412153743443,33
124,87,12,35,4,15.830624546248833,8
125,48,10,70,3,15.796496446665468,7
126,8,16,77,4,15.792942369486319,12
127,75,12,12,4,15.785867542761377,8
128,15,10,37,2,15.78269510258246,8
129,75,10,35,2,15.755761764469415,8
130,7,20,57,7,15.746440629237663,13
131,30,25,13,8,15.733694778183482,17
132,93,16,96,4,15.733194627661211,12
133,37,14,77,4,15.73169378416834,10
134,80,12,35,3,15.72406211872363,9
135,75,13,80,3,15.718052052365534,10
136,16,25,94,6,15.716237844212394,19
137,8,13,1,3,15.702434313684373,10
138,30,10,94,3,15.665277818052123,7
139,87,10,38,3,15.648595936017909,7
140,90,13,97,4,15.621888085765939,9
141,106,11,85,3,15.60573196351404,8
142,4,14,45,4,15.600891470448106,10
143,23,20,5,5,15.563915929412016,15
144,104,12,31,4,15.561592201078605,8
145,25,11,14,2,15.536643242754739,9
146,37,11,10,4,15.516949569025604,7
147,89,10,106,4,15.508251121091039,6
148,104,18,2,6,15.503443707499333,12
149,69,15,31,5,15.502962092044205,10
150,73,25,107,8,15.460672720698525,17
151,65,20,58,6,15.443655730967691,14
152,49,14,25,4,15.43786379260084,10
153,11,10,71,3,15.386871545741162,7
154,98,12,46,4,15.381140721878971,8
155,18,13,37,3,15.368965567811566,10
156,20,18,112,4,15.347636279185814,14
157,61,15,68,4,15.24709195978541,11
158,3,12,29,3,15.232917471133243,9
159,30,13,43,3,15.232406371172788,10
160,41,17,71,4,15.16238863659133,13
161,81,17,94,6,15.053941840602283,11
162,25,18,99,5,15.014737107768298,13
163,45,10,75,2,15.003649946946844,8
164,38,11,57,4,15.001479354971178,7
165,95,21,17,5,14.970865650802967,16
166,55,10,112,2,14.907032679929213,8
167,8,10,108,2,14.883275708091887,8
168,30,17,91,4,14.854653528597783,13
169,75,35,54,11,14.800167840554582,24
170,57,10,2,3,14.75670329182861,7
171,114,26,109,6,14.744077219906968,20
172,32,14,106,3,14.741977351969275,11
173,100,10,31,3,14.730848989291463,7
174,104,19,84,6,14.72940046447649,13
175,114,19,83,5,14.712530964906872,14
176,69,13,18,4,14.69589661715718,9
177,3,10,35,3,14.67345115895829,7
178,14,11,97,2,14.634263785488013,9
179,49,15,69,5,14.620888888677557,10
180,30,10,102,3,14.616177341977675,7
181,79,15,87,3,14.594363104783758,12
182,27,12,12,3,14.588940972449642,9
183,50,12,99,4,14.581629542155014,8
184,78,24,51,8,14.558019620679694,16
185,108,11,9,4,14.533752266696009,7
186,73,12,37,4,14.533349572792922,8
187,13,12,2,4,14.516038794033767,8
188,112,20,84,6,14.510611268456794,14
189,45,18,51,5,14.493324057948724,13
190,34,12,25,3,14.468789684868277,9
191,73,10,2,3,14.457830254043136,7
192,44,12,5,3,14.447481002517355,9
193,80,11,14,4,14.435345395194508,7
194,84,21,3,7,14.36721368811729,14
195,40,10,83,2,14.347262135245902,8
196,7,27,77,8,14.33556677589385,19
197,63,10,61,2,14.323000497708241,8
198,31,12,57,4,14.310689026630849,8
199,80,18,50,4,14.309192739594003,14
200,46,11,102,3,14.30749471315205,8
201,34,12,37,3,14.30057126443514,9
202,74,21,60,7,14.268042080973931,14
203,30,15,77,4,14.240898393688356,11
204,63,11,66,3,14.209916362631539,8
205,41,11,80,3,14.18671629223256,8
206,51,23,81,8,14.18139248312247,15
207,15,10,63,3,14.178625851059422,7
208,39,14,85,5,14.177624685555417,9
209,80,36,63,10,14.049544936434046,26
210,40,29,77,8,14.048771071022596,21
211,69,11,91,4,13.993001551531528,7
212,111,12,75,4,13.972281809419963,8
213,40,24,71,7,13.948125771645659,17
214,91,11,109,3,13.946188604720339,8
215,75,19,69,5,13.942304484906579,14
216,37,11,112,3,13.937736127059294,8
217,100,10,40,3,13.927928921941099,7
218,100,10,38,2,13.910833855557149,8
219,54,17,76,5,13.892444764564262,12
220,53,19,50,6,13.883151416746285,13
221,11,13,83,3,13.863860744018647,10
222,86,19,52,5,13.851910838120485,14
223,71,14,112,4,13.807689689966653,10
224,98,17,31,6,13.805084918983171,11
225,13,74,31,23,13.800549608099516,51
226,97,11,112,2,13.794615799527321,9
227,43,17,53,4,13.791105639936726,13
228,10,13,28,3,13.736666069876708,10
229,63,14,33,4,13.733555706081617,10
230,63,25,31,7,13.714594813504092,18
231,104,14,44,4,13.703910249073422,10
232,107,20,99,6,13.701645523668953,14
233,92,16,86,5,13.67676060817369,11
234,93,12,46,3,13.65474091099076,9
235,38,10,3,3,13.612373842695769,7
236,15,10,74,3,13.569326307429137,7
237,64,18,104,5,13.54129056151704,13
238,27,26,60,6,13.540065663312776,20
239,74,11,103,3,13.53565105452587,8
240,104,15,38,5,13.530669032796665,10
241,7,11,66,4,13.514093541012448,7
242,78,10,1,3,13.511302040012387,7
243,34,10,70,3,13.500624883981928,7
244,108,14,39,5,13.481039273987522,9
245,20,14,3,4,13.47868944349313,10
246,26,24,86,6,13.454427406615018,18
247,93,10,90,3,13.452391800759148,7
248,102,17,55,5,13.448934349992445,12
249,36,15,35,4,13.440272285829963,11
250,25,12,32,5,13.427877456338663,7
251,75,15,53,5,13.423496737137006,10
252,74,18,62,5,13.411803700884374,13
253,86,16,103,5,13.404186851009108,11
254,104,12,35,4,13.369677424437178,8
255,55,11,32,4,13.36363963009391,7
256,16,18,83,5,13.351235477213141,13
257,87,28,114,10,13.329695440899371,18
258,18,12,46,3,13.322032493347338,9
259,47,16,18,4,13.317575135316673,12
260,50,17,46,6,13.310329365776974,11
261,64,19,106,6,13.295192075566398,13
262,7,12,99,4,13.274517260788409,8
263,102,31,5,10,13.269431869962297,21
264,87,15,112,5,13.2638460838065,10
265,95,23,11,6,13.26328800508424,17
266,11,39,96,12,13.25258237771624,27
267,95,36,88,11,13.24512473637818,25
268,8,16,41,4,13.244566662838952,12
269,36,18,54,6,13.217744798273172,12
270,11,22,70,6,13.174919150937761,16
271,97,12,35,3,13.159538935863281,9
272,95,28,37,7,13.149042342745604,21
273,28,11,12,3,13.145439555539333,8
274,53,15,77,5,13.125923769197524,10
275,83,10,70,4,13.118339150755117,6
276,98,12,88,3,13.09482237083463,9
277,104,38,46,12,13.083570903140268,26
278,11,27,84,8,13.078499013886132,19
279,43,15,91,4,13.046946068237395,11
280,27,12,114,4,13.009570993376595,8
281,91,10,112,3,12.979190972482943,7
282,91,29,60,10,12.952631394075715,19
283,78,15,8,4,12.921729498024693,11
284,23,16,17,5,12.920452187354222,11
285,98,12,75,4,12.900340980932176,8
286,2,21,65,5,12.890027578518202,16
287,23,14,45,4,12.875487654765548,10
288,85,12,13,3,12.86903358609271,9
289,47,14,112,5,12.859285190584627,9
290,27,19,109,7,12.854514856980066,12
291,98,15,29,4,12.831922527793076,11
292,49,20,104,6,12.812277987885736,14
293,104,20,27,5,12.796343894614777,15
294,41,12,84,4,12.75751979686909,8
295,54,12,81,4,12.757047966098476,8
296,95,10,36,3,12.746346244298937,7
297,33,14,106,4,12.736963404825662,10
298,46,24,106,9,12.725492516069492,15
299,111,16,88,4,12.710530076381987,12
300,48,14,5,4,12.657719903594751,10
301,108,24,70,7,12.6471886080542,17
302,10,11,87,3,12.637100065195789,8
303,38,11,17,4,12.634911882425525,7
304,15,20,51,7,12.587936460827022,13
305,20,19,9,6,12.586361422949272,13
306,57,27,5,8,12.572003913811171,19
307,98,27,87,8,12.540784384215351,19
308,54,14,58,5,12.535089602873327,9
309,75,27,5,10,12.535083552437033,17
310,55,12,103,3,12.517980336309982,9
311,80,10,49,4,12.50914199523895,6
312,19,12,20,4,12.44009192791597,8
313,36,17,50,7,12.423703215189779,10
314,76,11,94,3,12.387810233208155,8
315,67,12,97,3,12.35346782744064,9
316,78,10,20,3,12.337947782230119,7
317,28,10,108,4,12.299856976610261,6
318,32,10,39,3,12.25900875776762,7
319,71,11,84,3,12.255989147154674,8
320,48,27,54,9,12.230401373927076,18
321,28,19,112,6,12.22892074036625,13
322,75,19,43,5,12.224767647713705,14
323,43,14,9,5,12.224469441855378,9
324,78,11,106,3,12.210243252742755,8
325,7,18,76,7,12.19661731578168,11
326,109,17,39,4,12.189314131019263,13
327,77,23,51,8,12.161499329151763,15
328,2,22,70,8,12.153236389251056,14
329,19,11,31,3,12.140248760143196,8
330,92,12,63,5,12.136993324985582,7
331,15,13,55,3,12.101702748474299,10
332,58,19,69,7,12.089414430124696,12
333,34,14,20,4,12.080633416209027,10
334,34,21,28,6,12.064560123194633,15
335,110,11,28,4,12.062606997342062,7
336,1,18,63,7,12.054495717242014,11
337,98,28,96,9,12.0522531035848,19
338,15,20,9,8,12.038844634846162,12
339,58,16,13,4,12.037688148626765,12
340,1,12,104,4,12.020108292717422,8
341,37,16,60,6,11.9668638856867,10
342,50,11,72,3,11.966306538639385,8
343,11,12,9,4,11.95751404574191,8
344,27,12,35,4,11.953831865399296,8
345,53,10,54,3,11.951994898142782,7
346,95,27,18,9,11.951490678023532,18
347,109,11,29,5,11.905733206262543,6
348,62,18,63,6,11.898616241132697,12
349,90,18,104,6,11.89837391797068,12
350,78,10,47,4,11.843066191666676,6
351,74,34,28,11,11.834419909257846,23
352,78,10,37,3,11.831707242150298,7
353,63,47,28,14,11.8288664237163,33
354,74,10,64,4,11.828764368523546,6
355,28,16,111,5,11.82030122340792,11
356,83,10,17,4,11.812775268760372,6
357,53,10,91,3,11.811611902058761,7
358,43,28,86,8,11.808758720861807,20
359,8,21,40,6,11.791921402372775,15
360,44,10,54,3,11.791894285038754,7
361,91,12,65,4,11.784658313781675,8
362,55,37,1,11,11.76903355576794,26
363,16,11,67,3,11.761532223804268,8
364,100,15,112,5,11.719193187900878,10
365,15,12,53,4,11.70980845034874,8
366,91,13,96,4,11.692854193124042,9
367,98,11,48,3,11.678045251552971,8
368,30,33,39,11,11.664507953068155,22
369,29,13,19,4,11.61630172475812,9
370,15,21,18,6,11.590119158022436,15
371,90,15,39,5,11.57797650142359,10
372,33,15,50,5,11.568332857311571,10
373,36,16,104,6,11.564722196156039,10
374,111,10,71,3,11.563837134119533,7
375,74,15,76,6,11.544600382799558,9
376,94,10,12,4,11.507296767268532,6
377,57,19,63,7,11.49963226954776,12
378,47,14,81,4,11.445134927289029,10
379,86,19,72,6,11.423615729846855,13
380,114,39,106,13,11.417874917507987,26
381,29,10,95,3,11.401888238693152,7
382,76,23,35,8,11.396918545348738,15
383,4,11,38,3,11.395009854616484,8
384,104,21,71,8,11.370166649530528,13
385,87,18,81,8,11.3699132326782,10
386,64,12,20,3,11.33130846260478,9
387,50,38,20,12,11.31681648660145,26
388,47,23,60,7,11.313305625779169,16
389,7,25,96,7,11.300422106484014,18
390,80,10,5,3,11.295210617596885,7
391,19,14,54,6,11.27960886649913,8
392,2,14,55,5,11.276816159574059,9
393,75,52,7,17,11.274663385996204,35
394,90,12,48,4,11.252381363492233,8
395,87,29,70,11,11.250414739740135,18
396,107,16,83,5,11.249585120390279,11
397,40,13,81,4,11.249205674756393,9
398,95,28,51,8,11.244919045567018,20
399,75,17,109,5,11.242273446455997,12
400,38,12,112,3,11.230403622900138,9
401,46,20,96,8,11.223825219116966,12
402,13,71,88,23,11.222941517191334,48
403,73,13,51,4,11.219804453521853,9
404,98,18,106,6,11.217270403208776,12
405,100,12,46,4,11.210309669403356,8
406,89,11,1,4,11.209011069389932,7
407,114,45,65,16,11.207925536927627,29
408,6,12,61,4,11.200388242698187,8
409,43,16,4,6,11.162760468553993,10
410,11,11,10,4,11.132503544872622,7
411,100,20,87,8,11.113455718095162,12
412,40,10,19,3,11.104417905023016,7
413,74,13,32,4,11.101664191982366,9
414,70,22,57,9,11.101179297757742,13
415,78,13,80,4,11.097915766170063,9
416,75,13,29,5,11.096282078020437,8
417,12,18,107,5,11.095629908733306,13
418,17,12,78,4,11.090068157424293,8
419,62,11,57,3,11.089901365863183,8
420,100,11,102,3,11.083335103949722,8
421,99,11,11,4,11.04788337752713,7
422,32,12,114,4,11.045874107216177,8
423,64,25,9,7,11.036372697771332,18
424,45,12,68,4,11.024019728389067,8
425,53,41,88,13,11.023031682203495,28
426,41,14,92,5,11.016394202336144,9
427,98,10,68,3,11.014423279510455,7
428,15,13,71,4,11.00914391321026,9
429,56,13,107,5,11.000292497508868,8
430,51,20,110,6,11.000148170458745,14
431,50,37,88,13,10.986958086725295,24
432,9,15,47,5,10.968614103246173,10
433,89,10,13,4,10.939542022741618,6
434,27,14,64,4,10.925557497140753,10
435,73,17,5,6,10.907383059794872,11
436,102,10,35,4,10.903207987031468,6
437,111,21,41,8,10.875724405637953,13
438,71,16,77,5,10.872072685026803,11
439,37,46,54,15,10.870093974692763,31
440,27,30,65,10,10.85658782517334,20
441,109,34,8,13,10.819891467814772,21
442,106,17,81,7,10.816681182916202,10
443,104,27,77,9,10.795670361212093,18
444,55,25,91,7,10.791612827626562,18
445,59,11,7,3,10.771239818059199,8
446,9,17,104,6,10.7627294741424,11
447,27,27,31,11,10.758919665279384,16
448,23,20,39,7,10.742827162036496,13
449,63,44,88,13,10.729764281414106,31
450,54,11,111,3,10.714143810197228,8
451,43,13,36,5,10.713552025008548,8
452,57,34,107,12,10.704658915912152,22
453,51,25,74,7,10.704030149650722,18
454,65,15,57,5,10.687048615969914,10
455,5,25,98,9,10.66291868554062,16
456,30,41,107,14,10.657359132092086,27
457,107,12,103,3,10.647201349907752,9
458,30,20,64,7,10.642272986004784,13
459,98,18,71,6,10.627953776602759,12
460,16,12,101,4,10.622717697482882,8
461,7,31,91,9,10.609100286101588,22
462,75,15,38,4,10.597530026810052,11
463,26,10,28,3,10.592168464369761,7
464,69,18,28,7,10.575983527327304,11
465,95,15,9,6,10.569002592922953,9
466,71,19,54,7,10.563773271372229,12
467,86,16,56,5,10.543126647721753,11
468,71,19,97,6,10.5235339621969,13
469,27,27,36,10,10.523349599331352,17
470,89,14,37,6,10.519274673853001,8
471,114,12,12,5,10.50495457801322,7
472,63,18,69,5,10.495670691796661,13
473,78,17,16,6,10.487924828110982,11
474,75,14,102,4,10.47886729381523,10
475,19,15,13,5,10.478851089928183,10
476,75,35,8,11,10.477015226263449,24
477,23,12,77,4,10.472073733658851,8
478,6,10,31,4,10.459894630543896,6
479,60,27,69,11,10.453461646225001,16
480,64,25,112,7,10.447348803692252,18
481,78,13,53,5,10.442866978504684,8
482,44,16,39,6,10.434810009571377,10
483,95,19,114,7,10.422604339796184,12
484,110,11,7,5,10.422576579231729,6
485,100,23,54,8,10.42177381868298,15
486,63,13,85,5,10.414666124998384,8
487,100,10,57,4,10.386884791301807,6
488,106,16,93,6,10.37915501513517,10
489,49,21,60,7,10.36875684851125,14
490,104,13,81,6,10.361322759461329,7
491,94,10,7,3,10.355621654064773,7
492,16,26,1,7,10.345699287153877,19
493,37,13,1,5,10.342164269053148,8
494,7,14,81,6,10.32158298772756,8
495,57,11,109,4,10.316736117434688,7
496,107,29,31,13,10.30345756995746,16
497,49,11,29,4,10.30099349448638,7
498,63,11,52,4,10.291118040471776,7
499,38,12,54,4,10.280232127604943,8
500,34,12,104,4,10.27427919250402,8
501,85,15,50,5,10.26203922127155,10
502,77,12,99,3,10.252199704478638,9
503,67,16,106,6,10.252161434234207,10
504,63,35,91,11,10.225389928816243,24
505,30,17,31,7,10.214096274935343,10
506,25,24,68,8,10.211790433098953,16
507,11,36,37,12,10.20717474941383,24
508,91,24,39,8,10.206322081312438,16
509,48,24,96,8,10.200121519345739,16
510,98,15,2,6,10.198603389321667,9
511,71,13,33,4,10.195530501937561,9
512,97,41,37,14,10.190687502541845,27
513,8,21,15,8,10.188541036846974,13
514,89,13,104,5,10.17868688184359,8
515,6,12,9,5,10.175309866966636,7
516,58,13,39,4,10.147489402696785,9
517,96,11,23,4,10.143008283174426,7
518,53,37,31,14,10.136338371296793,23
519,92,10,109,3,10.132066653367776,7
520,46,14,70,5,10.128652016947743,9
521,17,18,60,6,10.12863063958789,12
522,8,10,35,3,10.118762046100299,7
523,50,20,102,8,10.118106239071224,12
524,53,36,36,11,10.114732824687987,25
525,39,28,43,11,10.108201581404133,17
526,65,36,93,14,10.107687501917344,22
527,18,24,8,7,10.103008591242306,17
528,89,11,74,4,10.093150392265771,7
529,79,12,106,4,10.079963228120917,8
530,40,16,49,6,10.077718304922938,10
531,13,23,83,8,10.067954696106945,15
532,44,10,38,3,10.048373138060269,7
533,110,13,107,4,10.03472132274693,9
534,11,14,18,5,10.031989827572826,9
535,16,43,18,14,10.022908903594146,29
536,75,12,57,4,10.001839571130395,8
537,95,25,65,9,9.987438820754939,16
538,107,13,10,5,9.987353405179212,8
539,87,13,52,5,9.984852518055051,8
540,73,18,88,6,9.974203425238965,12
541,29,12,68,4,9.970354840588783,8
542,109,10,98,3,9.940694374330311,7
543,95,10,2,3,9.920312629990502,7
544,25,14,3,5,9.907996037168818,9
545,107,21,102,8,9.900916609628295,13
546,27,13,30,5,9.89635566134904,8
547,87,32,9,13,9.890957993800642,19
548,18,39,39,13,9.885046818102031,26
549,2,17,54,5,9.883928701627934,12
550,17,15,71,6,9.874078720771614,9
551,76,12,18,4,9.847622493503502,8
552,30,16,63,6,9.842696842263113,10
553,86,26,79,9,9.841357831333449,17
554,53,10,98,4,9.839111782848335,6
555,63,47,84,18,9.837336867449046,29
556,54,13,57,3,9.824315369895016,10
557,104,25,75,9,9.822163907084754,16
558,40,24,17,8,9.815776001763279,16
559,102,17,51,6,9.81128950469166,11
560,64,17,37,6,9.810222324765896,11
561,62,10,93,4,9.798162399200404,6
562,37,24,83,9,9.783726366978417,15
563,13,14,76,5,9.765754801505128,9
564,30,12,52,4,9.763146241314214,8
565,72,12,51,5,9.759777276531148,7
566,63,29,76,9,9.752858943405716,20
567,89,13,16,5,9.733195931265595,8
568,16,16,32,6,9.72172092201369,10
569,43,19,31,10,9.720852773553682,9
570,75,18,11,7,9.71088785220573,11
571,102,33,86,11,9.70383463978044,22
572,53,20,17,7,9.68359454001968,13
573,17,17,109,6,9.672922776879656,11
574,53,12,38,4,9.664145468055217,8
575,100,12,71,4,9.66068752031631,8
576,111,16,63,6,9.656549842780759,10
577,41,15,17,5,9.654478177971624,10
578,22,10,114,5,9.649313306364819,5
579,100,37,51,16,9.63867209278027,21
580,93,10,104,4,9.637966581885273,6
581,78,10,114,4,9.632244308821944,6
582,41,23,53,8,9.631953807885303,15
583,70,17,109,6,9.623350653501726,11
584,76,16,9,5,9.621504571842449,11
585,99,14,8,6,9.61106559286031,8
586,83,18,84,7,9.609473734372159,11
587,8,13,53,4,9.596286006275326,9
588,80,14,39,5,9.589468521855673,9
589,15,31,88,9,9.582914300229938,22
590,73,20,7,8,9.582485903794176,12
591,20,32,84,9,9.5796272692917,23
592,64,44,60,14,9.569439655645416,30
593,13,24,97,9,9.567486234498416,15
594,92,15,68,5,9.538113226799515,10
595,106,13,108,4,9.535201707134298,9
596,1,22,31,9,9.525804060927038,13
597,20,32,25,11,9.520523686179052,21
598,18,27,9,9,9.520249042639604,18
599,8,17,36,6,9.51236026695053,11
600,90,14,80,4,9.509239360264802,10
601,114,13,2,5,9.509158562417847,8
602,90,21,13,7,9.506733485788097,14
603,37,22,99,7,9.502759058160713,15
604,37,29,7,11,9.500511382222342,18
605,102,13,60,5,9.490462801517765,8
606,70,10,58,3,9.487562225897108,7
607,97,23,51,7,9.463450569827408,16
608,16,47,96,14,9.46295382882651,33
609,102,12,17,4,9.460667678985603,8
610,76,28,68,7,9.459920139276978,21
611,91,12,80,4,9.4568059177585,8
612,32,11,63,4,9.44232166344675,7
613,64,14,92,7,9.432471863302014,7
614,108,14,60,5,9.40273406812832,9
615,45,22,107,8,9.39975575090587,14
616,63,25,109,10,9.392892060380623,15
617,63,12,10,4,9.391653486017917,8
618,109,11,36,3,9.390936468630548,8
619,80,33,107,11,9.376730084103613,22
620,76,17,39,5,9.374915521858481,12
621,87,14,33,5,9.358610632806945,9
622,23,12,50,3,9.354699302165745,9
623,28,29,2,10,9.34282167881126,19
624,15,29,39,9,9.342533494112487,20
625,60,17,29,7,9.328648293170021,10
626,111,15,51,5,9.328246716797016,10
627,60,16,58,6,9.319426070200468,10
628,50,17,70,7,9.316243790355681,10
629,27,13,112,5,9.315082703339725,8
630,86,15,67,6,9.30654184494345,9
631,75,57,68,19,9.300627868865528,38
632,63,19,77,6,9.291814452323939,13
633,75,13,93,5,9.279825087560205,8
634,65,26,29,11,9.27121079242292,15
635,15,10,76,4,9.241288842836553,6
636,7,44,25,15,9.233724493378423,29
637,55,12,85,4,9.227678960132266,8
638,70,16,69,5,9.227346228401574,11
639,64,11,81,4,9.217681779438383,7
640,27,15,4,6,9.214915067697104,9
641,2,12,40,4,9.204153353273352,8
642,73,17,40,6,9.199997222971483,11
643,48,29,107,11,9.180964104493265,18
644,15,13,91,6,9.175439096539632,7
645,41,39,86,13,9.172157333193887,26
646,41,15,49,6,9.171912615870818,9
647,40,15,102,6,9.171373555966685,9
648,92,15,40,5,9.168940871834318,10
649,16,63,106,21,9.160803291418002,42
650,50,43,5,17,9.156049369840707,26
651,13,42,18,16,9.15021879704067,26
652,81,18,16,6,9.137660797439956,12
653,62,12,69,5,9.133574808880727,7
654,104,18,17,7,9.118260519592532,11
655,91,22,20,9,9.11515023214943,13
656,92,11,17,4,9.114563540800457,7
657,109,15,31,5,9.11388757240418,10
658,95,34,8,13,9.079209474058969,21
659,44,29,86,10,9.073857704921485,19
660,28,16,94,5,9.068842266957846,11
661,28,34,75,12,9.068390514566694,22
662,48,22,79,8,9.064036284770669,14
663,47,21,68,7,9.052758514326353,14
664,58,10,112,4,9.041979275484929,6
665,35,16,45,7,9.040031591861501,9
666,54,17,43,7,9.026858404506273,10
667,75,18,100,8,9.024866169547831,10
668,48,23,87,8,9.021568034700334,15
669,30,16,70,7,9.016092338129877,9
670,5,15,36,6,9.008614310253613,9
671,114,15,57,5,9.000054094310599,10
672,27,14,77,5,8.98057953611799,9
673,28,15,52,6,8.975367013246691,9
674,97,18,36,7,8.970668153566264,11
675,47,20,114,8,8.969382880850322,12
676,28,11,32,4,8.963821007682872,7
677,63,34,48,12,8.958044896706859,22
678,11,13,80,5,8.941133144462878,8
679,28,25,68,8,8.940487090707837,17
680,73,12,31,4,8.938919570135752,8
681,11,10,91,3,8.923724837318142,7
682,110,19,25,6,8.917701672558222,13
683,89,15,107,5,8.908975430626485,10
684,7,20,109,7,8.9080321410632,13
685,69,12,97,4,8.888377862411462,8
686,44,20,13,7,8.886721786197054,13
687,28,16,40,7,8.877350715587877,9
688,23,16,12,6,8.872217683410865,10
689,13,15,29,6,8.860571417374171,9
690,53,17,3,6,8.84518913908164,11
691,32,15,87,5,8.84415502943487,10
692,63,19,36,7,8.822881427312195,12
693,36,18,47,6,8.810892372607714,12
694,106,10,42,3,8.802546839644418,7
695,109,12,77,5,8.789144881364965,7
696,106,23,18,8,8.778191080978742,15
697,39,36,88,13,8.756638990991734,23
698,38,14,106,7,8.74501943352997,7
699,104,23,11,8,8.742484307216115,15
700,4,22,17,7,8.727735068009611,15
701,8,26,57,9,8.727187925997562,17
702,9,11,57,4,8.721996193617914,7
703,58,10,45,4,8.721721801464442,6
704,45,15,86,6,8.710518828201982,9
705,63,15,102,6,8.710165699989911,9
706,63,35,20,14,8.705248065274409,21
707,30,10,2,4,8.704387763563812,6
708,84,20,78,7,8.701752299352222,13
709,110,14,39,4,8.694421097429624,10
710,16,26,76,12,8.692110714550006,14
711,107,25,35,8,8.683347995006125,17
712,76,15,60,4,8.678706996102921,11
713,77,16,88,6,8.678317130754186,10
714,9,31,31,11,8.678153869820548,20
715,7,22,19,7,8.676685500266066,15
716,41,19,97,7,8.638943706099205,12
717,76,12,57,4,8.631010009083717,8
718,51,51,63,21,8.61580742538916,30
719,69,15,57,5,8.610432071680039,10
720,23,34,60,12,8.608807282411219,22
721,51,21,33,6,8.606152418737853,15
722,90,22,50,8,8.598522697494,14
723,27,10,84,4,8.587686200173591,6
724,95,23,55,8,8.575006509864881,15
725,41,13,3,3,8.570007818582788,10
726,78,19,7,8,8.565348954184037,11
727,78,11,36,4,8.552435160203329,7
728,114,13,62,5,8.54955618000272,8
729,12,13,106,4,8.530975907772834,9
730,34,12,39,5,8.530792842427957,7
731,86,28,48,10,8.527783865058886,18
732,62,23,88,9,8.512625127129992,14
733,91,10,45,4,8.504304930616431,6
734,64,28,40,10,8.496071624321134,18
735,75,16,1,5,8.487454866261048,11
736,74,14,77,5,8.485489523270209,9
737,95,14,96,5,8.45037398259218,9
738,8,32,114,11,8.446067232393613,21
739,96,24,70,11,8.437417991026262,13
740,55,20,114,7,8.432483182241098,13
741,73,19,90,7,8.424101991862472,12
742,53,21,108,9,8.41462834634765,12
743,109,14,67,7,8.410228891959628,7
744,80,11,79,5,8.39440233865723,6
745,67,10,104,4,8.393331116483226,6
746,7,22,5,8,8.357081514884824,14
747,38,23,65,10,8.354229779220864,13
748,41,32,31,12,8.353957395244583,20
749,39,20,112,8,8.345179878987272,12
750,69,20,68,8,8.344032655118443,12
751,76,39,51,13,8.339242903099507,26
752,30,18,84,6,8.315575439609423,12
753,102,17,88,5,8.307899790454732,12
754,53,29,30,11,8.306098230837586,18
755,90,31,106,10,8.283845461248372,21
756,41,18,91,6,8.276671952774393,12
757,75,12,76,5,8.269580351796622,7
758,50,34,55,14,8.268886532039616,20
759,37,12,14,5,8.266467835075433,7
760,16,42,46,15,8.265204078980108,27
761,78,20,107,7,8.259661311086555,13
762,100,10,84,3,8.240271972733373,7
763,94,10,2,4,8.235738884159371,6
764,69,21,106,8,8.230262561693124,13
765,41,28,104,12,8.222150207467429,16
766,86,26,1,10,8.213403239086288,16
767,40,24,3,8,8.21009163331203,16
768,87,24,93,9,8.20135369004028,15
769,11,24,109,8,8.196422948591085,16
770,74,25,39,10,8.195535087876927,15
771,104,35,60,10,8.183651908443375,25
772,50,18,30,7,8.173377893689405,11
773,68,11,33,4,8.166895131198165,7
774,50,28,71,11,8.165371088482388,17
775,16,32,69,12,8.160441247046853,20
776,86,38,76,14,8.159754461381874,24
777,107,12,61,5,8.157075963099336,7
778,18,16,112,5,8.155957753880719,11
779,16,65,63,25,8.14697641925856,40
780,4,10,112,4,8.145974306589784,6
781,26,10,107,4,8.136960920766814,6
782,100,19,88,7,8.116464062015535,12
783,30,16,46,6,8.09849810603762,10
784,37,42,46,14,8.09589581959515,28
785,60,30,50,13,8.087484578525554,17
786,7,15,10,6,8.086365440359023,9
787,109,15,46,6,8.081904977493476,9
788,8,61,5,24,8.080732178020162,37
789,110,16,97,6,8.077466293642946,10
790,16,18,14,7,8.06483217295593,11
791,53,13,46,5,8.064750592390656,8
792,51,15,91,5,8.060157448942936,10
793,9,11,12,4,8.058955245687951,7
794,58,26,107,9,8.037629940895535,17
795,37,16,27,6,8.030406858059436,10
796,108,26,13,9,8.028546837864388,17
797,75,41,50,14,8.02466935745211,27
798,35,11,9,5,8.012816785902409,6
799,48,12,25,5,8.01244102921806,7
800,91,31,98,12,8.010154956050265,19
801,102,19,96,7,7.9956311609664965,12
802,13,16,70,6,7.990308468406848,10
803,5,28,84,11,7.986435375626319,17
804,84,31,39,12,7.976509708255431,19
805,12,12,4,4,7.976222296376225,8
806,65,25,5,10,7.967561696591304,15
807,3,10,109,4,7.949985033221677,6
808,89,12,53,5,7.9499730264780055,7
809,87,15,19,6,7.943589688548752,9
810,73,17,87,5,7.942207150258419,12
811,18,10,34,3,7.934073113605032,7
812,77,12,64,6,7.9282827223690555,6
813,33,16,20,6,7.928062438364485,10
814,80,18,51,7,7.926528914197648,11
815,54,22,18,9,7.917650548154775,13
816,88,10,82,4,7.912578083642496,6
817,57,20,102,8,7.906650367160248,12
818,71,13,38,4,7.906029048659733,9
819,78,11,31,5,7.904414780494012,6
820,76,11,108,4,7.890267325318871,7
821,60,24,81,9,7.879588509675568,15
822,55,17,23,8,7.871570609888838,9
823,114,25,90,10,7.8701656835045455,15
824,44,12,35,5,7.859665557157517,7
825,106,26,91,9,7.859341034872018,17
826,16,37,9,13,7.846826969300749,24
827,104,13,69,4,7.846435814216967,9
828,53,19,109,7,7.841205358929896,12
829,7,11,2,4,7.836909370766421,7
830,8,17,98,6,7.8322640771965775,11
831,25,46,46,19,7.8204011950255445,27
832,87,36,40,15,7.816149468605837,21
833,75,21,49,8,7.802050873504809,13
834,114,12,110,4,7.80031681097971,8
835,50,15,48,5,7.798532000224024,10
836,47,10,111,4,7.786638633209644,6
837,47,35,13,13,7.783146627368598,22
838,68,28,18,11,7.775566947501909,17
839,92,14,114,4,7.774797164908212,10
840,41,15,81,5,7.770221546669875,10
841,57,23,39,9,7.767705201432487,14
842,46,11,29,6,7.7647643110174815,5
843,10,14,86,6,7.764445720347282,8
844,50,22,18,9,7.758401768064157,13
845,53,11,73,4,7.756297558195456,7
846,37,49,25,20,7.755599308877524,29
847,73,13,54,5,7.746921178252216,8
848,44,11,84,5,7.741464370739849,6
849,78,18,87,8,7.738249145100052,10
850,110,18,16,7,7.733031798865921,11
851,30,40,65,15,7.715483969963987,25
852,68,44,87,17,7.713445601645926,27
853,46,13,64,5,7.701785189637151,8
854,41,15,77,5,7.700447698799743,10
855,11,15,68,6,7.700280996267677,9
856,64,11,11,3,7.699861982788657,8
857,39,35,20,15,7.691469595920374,20
858,111,25,7,10,7.69032342577198,15
859,5,32,11,12,7.687442157533876,20
860,16,33,100,12,7.6753676838323255,21
861,37,29,38,11,7.668156637885108,18
862,37,24,96,10,7.665844925696509,14
863,33,13,31,6,7.647223417443057,7
864,70,11,60,4,7.6464357490262,7
865,108,20,88,7,7.642505031143237,13
866,97,29,5,10,7.639418302115124,19
867,13,31,3,10,7.638676786821423,21
868,107,33,43,12,7.633857276455771,21
869,96,22,80,8,7.6325568595370585,14
870,23,13,91,6,7.630492751883036,7
871,18,20,36,8,7.5949028785012285,12
872,20,15,90,6,7.5926874674698235,9
873,58,18,88,7,7.5880987725104365,11
874,72,10,36,4,7.585561627806539,6
875,28,31,114,13,7.584853881328923,18
876,46,12,77,5,7.574271980014295,7
877,107,18,66,7,7.57118010681632,11
878,34,14,5,4,7.5706698448560905,10
879,40,66,68,24,7.5703219943157025,42
880,6,11,55,3,7.526848268362216,8
881,55,18,77,7,7.520653437888106,11
882,29,14,86,5,7.516107571056734,9
883,86,88,51,37,7.511450798964613,51
884,53,19,12,8,7.511441486905761,11
885,43,15,84,6,7.511290434631544,9
886,15,13,50,5,7.509982415529958,8
887,54,30,60,11,7.494934117874263,19
888,64,10,29,3,7.494394888436804,7
889,41,11,96,3,7.480521636982391,8
890,48,10,89,3,7.476757612743907,7
891,70,14,36,6,7.476080415111229,8
892,108,15,63,6,7.475559971035058,9
893,16,32,43,11,7.475406687421778,21
894,64,37,31,14,7.4738922265185375,23
895,28,10,81,4,7.472696801730322,6
896,45,12,53,5,7.463487107897495,7
897,27,37,88,16,7.460833838570253,21
898,37,21,110,9,7.457046552670356,12
899,86,53,97,21,7.453774682156136,32
900,46,30,75,12,7.449361290092638,18
901,8,28,84,10,7.447150756775401,18
902,64,17,43,7,7.43896725456377,10
903,7,49,87,18,7.4314438134316605,31
904,54,44,109,16,7.42149631612999,28
905,112,20,76,9,7.420620932537434,11
906,8,19,91,7,7.416456742894205,12
907,36,34,41,16,7.412500474371832,18
908,64,11,19,3,7.409166426273504,8
909,16,108,88,40,7.39388004998408,68
910,1,10,5,4,7.391988711274886,6
911,75,50,16,20,7.38842567902132,30
912,73,10,71,4,7.37323406519455,6
913,13,35,54,13,7.373225396669799,22
914,34,15,74,5,7.367415754617591,10
915,31,14,80,4,7.367135464628976,10
916,25,16,33,5,7.36592627296452,11
917,77,10,114,4,7.3654772203978025,6
918,53,18,61,6,7.3640960284192225,12
919,49,13,23,5,7.360298065336568,8
920,73,25,8,10,7.35879002547718,15
921,75,16,2,7,7.332326563651873,9
922,97,26,68,10,7.3316577092188355,16
923,2,32,107,12,7.32884412298255,20
924,70,42,5,17,7.323141246130927,25
925,1,23,65,10,7.319832649719675,13
926,109,26,55,12,7.3182997081126135,14
927,39,24,106,10,7.31226919998241,14
928,54,33,40,13,7.298767912387551,20
929,17,17,9,7,7.295940921809664,10
930,47,11,61,4,7.295405799949466,7
931,51,55,65,20,7.289610971438151,35
932,43,31,40,13,7.2876910701836355,18
933,97,16,29,6,7.284915525257299,10
934,13,20,98,7,7.284404613166717,13
935,114,42,13,19,7.284350704257176,23
936,27,18,53,6,7.283207876792192,12
937,34,12,48,5,7.278505376330149,7
938,55,20,68,7,7.273979151335479,13
939,106,13,57,6,7.272492874678534,7
940,62,10,96,3,7.268496266352443,7
941,110,16,70,6,7.267896542251015,10
942,20,17,98,6,7.267496359610282,11
943,13,31,69,12,7.264804290539713,19
944,75,19,81,7,7.259552889264539,12
945,98,12,93,5,7.2513528092711335,7
946,46,13,90,5,7.250761878801304,8
947,49,11,15,4,7.248095103585942,7
948,20,21,41,9,7.246750485082596,12
949,31,14,5,5,7.246607645789562,9
950,20,10,75,4,7.241047227766171,6
951,114,27,40,9,7.240772461331043,18
952,114,14,81,6,7.238705590547007,8
953,54,16,62,6,7.236680580960737,10
954,15,16,3,7,7.226872372846494,9
955,13,60,106,23,7.22482230869508,37
956,35,20,40,7,7.2238461178978355,13
957,28,10,27,3,7.207906393429147,7
958,48,12,51,6,7.20224130205775,6
959,81,32,13,12,7.194897673585073,20
960,27,20,63,9,7.19472225275396,11
961,36,16,112,6,7.175574629533441,10
962,38,18,84,8,7.154125748328736,10
963,34,12,60,4,7.148158666349012,8
964,29,14,37,6,7.147246302868531,8
965,5,17,60,6,7.144002600647477,11
966,40,50,55,19,7.142420946012768,31
967,87,27,91,10,7.142016410462965,17
968,63,58,54,22,7.133964662886907,36
969,75,57,107,18,7.131800392099847,39
970,88,11,67,3,7.127393540580368,8
971,88,23,3,9,7.12663205785296,14
972,67,12,107,4,7.124134838046416,8
973,28,20,62,8,7.086204539456473,12
974,28,35,70,14,7.078735797739843,21
975,102,14,98,6,7.075813129571894,8
976,50,14,49,6,7.064134383315743,8
977,100,21,25,9,7.062312436550092,12
978,99,18,36,6,7.061516094995872,12
979,65,16,73,6,7.056062739811479,10
980,62,15,51,6,7.028758985101916,9
981,16,31,64,11,7.027713443588521,20
982,100,16,18,7,7.026565168419708,9
983,95,15,40,6,7.026458120737083,9
984,87,27,53,12,7.022639512769477,15
985,93,26,54,9,7.002072182522706,17
986,80,13,48,4,6.99747900943173,9
987,62,15,5,6,6.992708759597391,9
988,114,19,1,7,6.990089974683044,12
989,111,23,13,10,6.988942249892523,13
990,17,20,55,9,6.987444025974705,11
991,11,20,57,9,6.983907364905458,11
992,8,17,33,6,6.975602243001775,11
993,18,23,97,9,6.965163575719862,14
994,16,34,36,13,6.9623095532486845,21
995,32,18,104,6,6.95922508638955,12
996,2,11,38,5,6.952650087165873,6
997,100,18,43,8,6.945332357815133,10
998,99,12,88,5,6.93913123202866,7
999,7,21,46,7,6.935769096747123,14
1000,57,25,13,11,6.928644390954595,14
1001,75,19,30,8,6.923427737676235,11
1002,49,10,53,4,6.907813000954768,6
1003,15,13,1,5,6.894393360648802,8
1004,76,16,88,7,6.891817282335726,9
1005,90,22,65,10,6.887045978873851,12
1006,114,47,5,19,6.885144276646171,28
1007,106,15,99,5,6.882359612487447,10
1008,60,43,4,19,6.864343045215706,24
1009,114,19,96,7,6.8573207383282995,12
1010,13,29,95,12,6.852052215706936,17
1011,7,99,51,37,6.849475435937799,62
1012,86,80,96,31,6.839782165020975,49
1013,78,14,96,5,6.830515928543477,9
1014,95,25,106,9,6.830338155584792,16
1015,89,10,68,4,6.826893879643049,6
1016,86,28,78,11,6.822056261466188,17
1017,68,69,31,28,6.821634358561019,41
1018,65,14,66,5,6.821265394674894,9
1019,30,22,104,10,6.820606807560422,12
1020,98,40,86,17,6.818936598158919,23
1021,56,13,4,6,6.816273515879696,7
1022,44,21,6,7,6.813562816650853,14
1023,25,14,9,5,6.810304163725227,9
1024,51,20,96,8,6.809158319794973,12
1025,100,16,114,6,6.806713890734189,10
1026,60,18,45,8,6.8022482279138705,10
1027,49,10,71,4,6.800377692667283,6
1028,55,10,31,4,6.798197972656263,6
1029,1,16,87,7,6.782771040032774,9
1030,39,81,51,33,6.781026894224875,48
1031,6,14,27,6,6.780540737481572,8
1032,81,10,108,4,6.778588424753946,6
1033,33,23,107,10,6.763493299081546,13
1034,13,43,23,19,6.759962036733638,24
1035,86,15,94,6,6.753448997726147,9
1036,53,13,90,5,6.752088210585151,8
1037,30,19,18,8,6.749976540021853,11
1038,94,10,71,4,6.748460655059317,6
1039,45,32,7,13,6.743551275422484,19
1040,100,18,63,8,6.742683547587139,10
1041,84,25,48,9,6.7407911051084906,16
1042,40,14,78,4,6.732885786530082,10
1043,74,38,96,14,6.731828732252355,24
1044,14,13,95,5,6.731405281187272,8
1045,27,11,98,5,6.722224921815259,6
1046,100,11,95,5,6.722166987268522,6
1047,65,10,32,4,6.718474357729474,6
1048,28,35,97,13,6.716635909782017,22
1049,60,21,12,11,6.704537300087493,10
1050,83,15,74,7,6.703298030488857,8
1051,28,24,71,9,6.697570308642473,15
1052,111,11,106,3,6.697425895741327,8
1053,7,18,62,7,6.690218008322475,11
1054,54,75,88,30,6.6874207756050055,45
1055,112,10,43,4,6.68492634526975,6
1056,16,68,55,25,6.673907741530192,43
1057,14,13,13,4,6.663851771345142,9
1058,83,11,71,5,6.656205380333864,6
1059,12,13,87,5,6.654704325795005,8
1060,71,19,37,8,6.653996053488669,11
1061,76,15,114,5,6.6539119931134865,10
1062,32,26,5,10,6.647447060451906,16
1063,4,30,65,12,6.6356003955737535,18
1064,39,22,37,9,6.632156694863052,13
1065,25,48,5,19,6.626414170343125,29
1066,74,14,9,5,6.620459467868885,9
1067,85,10,75,3,6.61929344121288,7
1068,71,18,81,7,6.61709770119633,11
1069,55,21,64,7,6.604925944972094,14
1070,34,16,30,6,6.601140375094157,10
1071,65,28,96,12,6.593487230396348,16
1072,39,25,38,10,6.576359256983345,15
1073,53,26,114,11,6.571088082289226,15
1074,104,37,25,16,6.567754121461538,21
1075,107,44,53,17,6.556157644451656,27
1076,58,18,68,7,6.553002087451516,11
1077,68,25,91,11,6.550419627313768,14
1078,77,21,18,7,6.545250800191177,14
1079,54,58,70,23,6.543056803225659,35
1080,49,10,55,4,6.541972088163769,6
1081,86,29,81,9,6.532482502137965,20
1082,35,15,28,7,6.525585250622975,8
1083,16,78,39,32,6.5210913868223725,46
1084,16,21,108,8,6.502477858846357,13
1085,90,10,102,5,6.502237322589002,5
1086,1,20,54,8,6.493394551110143,12
1087,48,10,104,4,6.493358473776671,6
1088,20,18,68,8,6.48964373329749,10
1089,70,20,9,7,6.477071321597407,13
1090,98,18,84,6,6.475666713551259,12
1091,70,13,29,6,6.465173609286504,7
1092,90,25,87,10,6.4548524533916245,15
1093,29,10,41,4,6.453681453868417,6
1094,27,30,86,11,6.453315924089684,19
1095,6,10,28,4,6.452419128804086,6
1096,3,15,43,6,6.447238384687711,9
1097,69,31,86,13,6.447204277363735,18
1098,4,20,87,7,6.445923142452618,13
1099,41,20,109,7,6.432688342356182,13
1100,100,22,39,9,6.432511887302126,13
1101,40,16,33,5,6.427211772717694,11
1102,107,19,77,8,6.416947048354687,11
1103,106,13,77,6,6.407119934187455,7
1104,12,15,3,5,6.402054212959603,10
1105,80,20,37,8,6.401050818487373,12
1106,20,30,51,14,6.390780350627106,16
1107,65,60,88,22,6.390098566074339,38
1108,81,12,69,5,6.3766610232414545,7
1109,7,21,56,9,6.361794853449644,12
1110,41,15,28,6,6.359689551305939,9
1111,92,13,27,6,6.356396578041118,7
1112,51,15,112,6,6.350376289921739,9
1113,15,16,87,7,6.3463488110906745,9
1114,86,29,83,10,6.342700324127683,19
1115,107,23,69,9,6.341765510677753,14
1116,62,22,40,11,6.34058891485694,11
1117,40,40,104,15,6.335056823615204,25
1118,81,10,111,3,6.333917467029674,7
1119,54,14,112,5,6.3267118256224935,9
1120,80,12,60,5,6.326591453694461,7
1121,20,40,16,14,6.318333724670661,26
1122,29,13,55,5,6.301089833667023,8
1123,39,16,83,6,6.297771796270439,10
1124,23,17,114,6,6.291790840234864,11
1125,70,16,64,5,6.286009204558742,11
1126,16,12,92,3,6.284475222709882,9
1127,41,11,102,4,6.282861273718874,7
1128,87,28,41,11,6.282239020662331,17
1129,86,21,4,8,6.2794844995496994,13
1130,20,45,5,17,6.270373633442785,28
1131,69,11,96,4,6.268969865653719,7
1132,15,12,95,5,6.265255655621163,7
1133,92,22,39,10,6.263991845659126,12
1134,108,18,87,7,6.262008842945723,11
1135,43,17,5,7,6.250727481432205,10
1136,104,41,50,16,6.230364171354915,25
1137,16,42,91,15,6.227187272730326,27
1138,13,17,6,7,6.226729543003945,10
1139,72,12,68,5,6.2229147971092145,7
1140,65,15,6,6,6.216451840954273,9
1141,46,24,39,12,6.2104681559769475,12
1142,35,15,84,6,6.209299301194261,9
1143,74,28,70,13,6.203999405338755,15
1144,63,28,2,12,6.200018491851485,16
1145,91,12,71,5,6.187474142289449,7
1146,13,41,43,19,6.183360553247298,22
1147,55,14,35,6,6.181710197353361,8
1148,97,23,76,10,6.171425808149794,13
1149,65,45,20,17,6.171028105010781,28
1150,13,47,36,18,6.167141158071529,29
1151,63,10,89,3,6.159771716986653,7
1152,31,15,112,5,6.149641402394961,10
1153,40,48,39,19,6.1478732659202615,29
1154,23,10,48,4,6.136507124451633,6
1155,55,24,97,9,6.128965912516967,15
1156,25,35,88,12,6.123879676950231,23
1157,86,55,39,24,6.1213596693037005,31
1158,81,13,31,4,6.117159791325403,9
1159,39,18,29,8,6.11667916860653,10
1160,90,12,7,5,6.108519045195328,7
1161,111,23,107,11,6.08814286411973,12
1162,79,10,108,3,6.083927302918588,7
1163,64,16,3,6,6.081103034121076,10
1164,70,29,20,11,6.080511379179193,18
1165,55,10,69,4,6.075582313218194,6
1166,74,14,48,7,6.068043245358376,7
1167,23,27,41,11,6.068042449918637,16
1168,23,18,28,8,6.06620277166243,10
1169,90,19,63,8,6.053395439788756,11
1170,63,24,18,9,6.046455003215173,15
1171,8,16,32,7,6.041444852098721,9
1172,7,24,98,9,6.0336860037819795,15
1173,75,31,31,14,6.033482134287373,17
1174,16,20,79,8,6.0309592755619885,12
1175,64,38,86,16,6.030765339147399,22
1176,91,17,50,6,6.027790824025911,11
1177,95,20,46,8,6.027785407812038,12
1178,15,18,81,8,6.020952084821452,10
1179,100,14,17,4,6.011059679512766,10
1180,37,19,100,7,6.000890669706824,12
1181,114,25,31,11,5.991876520395493,14
1182,64,20,18,8,5.974775055211904,12
1183,97,18,40,7,5.966918416140386,11
1184,12,10,38,4,5.966686013029674,6
1185,68,52,53,21,5.964244334939563,31
1186,86,34,17,16,5.961143965020203,18
1187,97,12,10,6,5.950831581917705,6
1188,39,12,14,5,5.947548147792332,7
1189,33,15,7,7,5.9471342175078945,8
1190,28,15,53,6,5.9457443646332715,9
1191,98,25,76,10,5.944337446211659,15
1192,41,15,43,6,5.943674988011269,9
1193,104,50,28,21,5.941710221571149,29
1194,112,13,40,6,5.934161105944305,7
1195,37,45,63,18,5.933785173114154,27
1196,73,20,114,8,5.924435121305103,12
1197,93,10,63,4,5.9175632502755855,6
1198,16,83,87,35,5.915679092980692,48
1199,41,15,45,5,5.9144627061547626,10
1200,39,55,68,24,5.907725939188766,31
1201,6,17,107,7,5.906261036560345,10
1202,46,12,1,6,5.891865749051654,6
1203,74,34,84,16,5.891399521581718,18
1204,109,19,34,8,5.8910600256239505,11
1205,64,34,51,14,5.888421423830696,20
1206,46,12,36,5,5.882094180819339,7
1207,62,17,9,7,5.86600144742425,10
1208,54,36,95,16,5.865979569344106,20
1209,34,17,7,7,5.863504951401833,10
1210,7,20,112,8,5.8633899504874805,12
1211,104,37,55,15,5.856904127783749,22
1212,74,37,46,14,5.850135921281393,23
1213,58,13,87,5,5.8383296210552,8
1214,3,12,18,4,5.832827231063855,8
1215,40,16,5,7,5.820527251695649,9
1216,100,10,49,5,5.813425744151518,5
1217,80,28,106,11,5.812470547213421,17
1218,79,13,20,5,5.810117746469002,8
1219,16,38,62,14,5.806515303304726,24
1220,71,48,13,21,5.805132526236809,27
1221,91,19,31,7,5.801858258461766,12
1222,7,45,64,20,5.801061458968774,25
1223,74,28,55,12,5.797157459674129,16
1224,98,26,63,11,5.795644107915217,15
1225,15,10,43,4,5.792521091011201,6
1226,11,19,35,8,5.768399159544,11
1227,58,13,53,7,5.756559382638666,6
1228,23,13,47,5,5.755142063292807,8
1229,36,12,77,5,5.751140829309578,7
1230,25,42,106,16,5.73768822242091,26
1231,13,48,25,22,5.729332953997915,26
1232,45,14,9,5,5.727853500458987,9
1233,25,26,51,11,5.72613511284895,15
1234,98,13,17,6,5.723425305113809,7
1235,6,10,12,5,5.722414314921584,5
1236,41,18,37,7,5.716493275276269,11
1237,23,10,102,4,5.7160538226538815,6
1238,34,10,27,5,5.713456149542282,5
1239,74,22,109,8,5.703058853572775,14
1240,53,17,62,7,5.701449545318567,10
1241,70,10,32,5,5.692479372096213,5
1242,23,10,43,4,5.689859175567734,6
1243,106,46,5,18,5.689619439430471,28
1244,30,25,55,10,5.686463879094618,15
1245,63,23,38,8,5.685369937239836,15
1246,102,10,95,4,5.685319962340818,6
1247,54,11,12,5,5.67450373056912,6
1248,94,10,25,5,5.671887186214519,5
1249,75,39,37,14,5.670197882049105,25
1250,16,31,99,13,5.665818337043021,18
1251,16,48,37,20,5.664774565241773,28
1252,54,11,82,4,5.664278302313932,7
1253,23,41,88,15,5.662482081944022,26
1254,43,12,68,5,5.6614021510813615,7
1255,9,13,61,5,5.652969843590383,8
1256,112,13,29,6,5.652235424993052,7
1257,4,10,97,4,5.649870700339136,6
1258,39,13,97,5,5.649731064357227,8
1259,73,23,74,9,5.649045009007229,14
1260,108,14,98,6,5.640790264148573,8
1261,85,10,11,4,5.636472097896452,6
1262,100,13,62,6,5.633802134766735,7
1263,75,46,51,20,5.632745764536371,26
1264,86,28,73,13,5.62531345595925,15
1265,5,21,17,7,5.625033929201379,14
1266,19,10,5,4,5.623378775596127,6
1267,95,26,50,11,5.619957219349123,15
1268,16,48,50,20,5.617696720442929,28
1269,114,22,3,8,5.616945915532873,14
1270,30,14,90,6,5.614315415339312,8
1271,100,15,50,6,5.612526049660052,9
1272,38,13,18,6,5.608114426083465,7
1273,70,17,98,6,5.604121247592221,11
1274,62,21,68,9,5.591004045591886,12
1275,39,13,94,5,5.582337685105467,8
1276,85,20,84,7,5.5770161859845215,13
1277,3,10,98,5,5.570597398737187,5
1278,42,11,69,5,5.570250078296481,6
1279,37,60,104,24,5.563475261062019,36
1280,31,10,95,4,5.5581891593402775,6
1281,76,14,102,6,5.556814882908007,8
1282,46,11,4,5,5.55622187464566,6
1283,8,41,25,16,5.550067480025434,25
1284,36,53,31,23,5.548564460468652,30
1285,25,18,84,7,5.5466876181289715,11
1286,20,22,2,9,5.544865436021075,13
1287,86,51,75,23,5.544222274149607,28
1288,75,16,84,7,5.542746956131477,9
1289,65,26,69,11,5.540534749641236,15
1290,15,21,107,7,5.539272924336072,14
1291,15,12,30,5,5.538463534767753,7
1292,106,31,23,15,5.535479536227778,16
1293,54,30,68,12,5.529360876289248,18
1294,114,45,68,19,5.528966703625285,26
1295,30,23,88,11,5.525413582454542,12
1296,33,14,102,6,5.525239013163607,8
1297,88,24,57,11,5.524909922819241,13
1298,28,33,7,13,5.522079859732702,20
1299,26,20,13,7,5.520285333416165,13
1300,62,10,20,4,5.517288163699186,6
1301,87,59,37,24,5.516733087496062,35
1302,28,35,9,16,5.5146514821295405,19
1303,95,19,83,7,5.510188596504647,12
1304,32,13,109,6,5.5080518973086185,7
1305,18,40,75,17,5.507084301877024,23
1306,49,11,62,4,5.504794732699013,7
1307,67,10,102,4,5.49724656177184,6
1308,18,10,62,4,5.493140482819633,6
1309,65,49,40,21,5.488110460552834,28
1310,16,26,3,10,5.487705794034377,16
1311,49,14,77,5,5.486596578437728,9
1312,47,12,69,5,5.485890015271255,7
1313,114,23,70,9,5.484820175107314,14
1314,14,10,75,4,5.479308338136782,6
1315,30,45,16,19,5.468284983481222,26
1316,80,11,68,4,5.466227321340817,7
1317,75,43,71,16,5.454468163058883,27
1318,97,18,57,8,5.45235309786646,10
1319,93,11,51,5,5.442643801494353,6
1320,16,52,68,20,5.441952996669662,32
1321,91,18,18,7,5.437015235679076,11
1322,87,65,65,26,5.421192101641339,39
1323,49,11,37,5,5.40579366661915,6
1324,4,11,58,4,5.405037105567146,7
1325,9,11,66,5,5.404825557202403,6
1326,84,10,64,3,5.401793074305331,7
1327,84,21,29,9,5.397730038072924,12
1328,54,31,90,13,5.397442007333916,18
1329,15,11,27,5,5.39504441706459,6
1330,7,18,30,9,5.390495309133068,9
1331,64,21,8,8,5.374033093425483,13
1332,75,30,63,13,5.362343223381901,17
1333,7,35,97,16,5.356987360153851,19
1334,43,25,88,10,5.351866788536155,15
1335,62,18,65,8,5.34575502328806,10
1336,86,86,88,36,5.345596536414867,50
1337,80,32,55,15,5.338178788284693,17
1338,97,14,102,5,5.335160623731844,9
1339,107,45,9,20,5.322061725590964,25
1340,107,26,109,10,5.319208365865699,16
1341,61,15,60,7,5.316729344745585,8
1342,85,16,96,5,5.314304637448895,11
1343,28,13,49,6,5.31428031912519,7
1344,111,25,55,10,5.307717141421055,15
1345,109,12,22,5,5.303001885552313,7
1346,99,21,86,8,5.291638236148403,13
1347,14,19,28,7,5.288795345484194,12
1348,56,11,88,5,5.280224334897691,6
1349,34,17,84,8,5.275708217424672,9
1350,28,11,92,4,5.26619903758234,7
1351,107,24,62,12,5.261786874758226,12
1352,35,11,31,5,5.255104723881263,6
1353,25,26,40,11,5.242222631716463,15
1354,98,15,40,7,5.239271076053035,8
1355,65,15,14,7,5.239230657167624,8
1356,91,21,25,9,5.236778929543691,12
1357,15,19,104,8,5.235404007755863,11
1358,88,17,112,7,5.231027938888666,10
1359,20,37,96,15,5.229501973456113,22
1360,35,11,5,5,5.226534281744142,6
1361,54,54,106,25,5.222938310920249,29
1362,40,22,37,10,5.2189812618502875,12
1363,33,12,91,6,5.213867650447791,6
1364,41,15,89,6,5.196780511481055,9
1365,40,13,113,5,5.193726392686624,8
1366,16,100,7,43,5.189537370049017,57
1367,4,24,51,9,5.183921696313047,15
1368,75,17,97,7,5.183439015487436,10
1369,64,32,65,14,5.182122584236017,18
1370,75,26,47,9,5.17693162231529,17
1371,91,11,56,5,5.1601828143932735,6
1372,67,12,5,5,5.159840528973067,7
1373,111,14,39,6,5.158992286191915,8
1374,8,54,63,24,5.156454172512435,30
1375,76,28,50,10,5.151966096130058,18
1376,63,13,79,5,5.150156389678723,8
1377,106,24,9,10,5.150083731218861,14
1378,44,15,88,7,5.148664566159752,8
1379,35,12,51,5,5.14727626674268,7
1380,40,12,69,4,5.137627663794988,8
1381,36,21,3,8,5.136055944816986,13
1382,109,12,4,5,5.135069245647407,7
1383,40,30,58,14,5.133397385337812,16
1384,100,16,55,8,5.1129537660427005,8
1385,75,18,4,7,5.112428644465592,11
1386,55,23,70,10,5.1032220329288345,13
1387,53,25,104,11,5.0942603831986055,14
1388,60,24,95,10,5.089480392621887,14
1389,32,10,20,3,5.082163415292109,7
1390,90,13,33,5,5.072843762888294,8
1391,78,11,34,5,5.07188053201235,6
1392,46,17,65,6,5.066104910854949,11
1393,30,32,71,14,5.063953126216741,18
1394,53,26,112,13,5.062618261015588,13
1395,55,29,63,13,5.056066807562624,16
1396,75,41,9,17,5.040607611984742,24
1397,65,12,52,4,5.0369958566437525,8
1398,84,22,57,11,5.026867760977003,11
1399,63,32,13,14,5.0254768605942015,18
1400,81,14,63,6,5.016441825370756,8
1401,93,26,5,10,5.004460526821323,16
1402,7,41,106,20,5.003800212982272,21
1403,32,12,68,4,4.994599728673895,8
1404,104,30,63,13,4.993963037729944,17
1405,74,15,71,7,4.993812181109021,8
1406,50,23,31,10,4.99199978599778,13
1407,27,25,39,12,4.989393098929608,13
1408,23,17,15,7,4.9841342107101605,10
1409,7,30,47,12,4.980252625346256,18
1410,29,11,93,5,4.97512545826624,6
1411,40,49,107,19,4.964616090179718,30
1412,109,16,38,6,4.964461961570972,10
1413,62,12,8,4,4.9642207369004785,8
1414,96,23,90,9,4.963939687748078,14
1415,39,18,77,8,4.961640817784317,10
1416,13,32,8,13,4.955794878282507,19
1417,56,19,68,9,4.94813216675333,10
1418,100,13,30,5,4.947415784475727,8
1419,76,12,49,5,4.943121216792114,7
1420,77,14,87,6,4.942401920251487,8
1421,93,27,28,10,4.941127481170006,17
1422,85,19,54,7,4.939303305813314,12
1423,43,13,19,5,4.933709936661164,8
1424,20,21,55,9,4.931554548881413,12
1425,114,22,9,7,4.931319071415342,15
1426,86,40,36,17,4.927433251240005,23
1427,74,56,106,24,4.924754963776778,32
1428,100,42,107,20,4.917720682127928,22
1429,54,12,108,4,4.909695920764135,8
1430,38,12,28,6,4.907164394244691,6
1431,16,30,27,12,4.893770452152811,18
1432,76,27,55,10,4.8923898677809445,17
1433,83,39,5,18,4.890865835189014,21
1434,28,59,84,25,4.889044052283284,34
1435,62,25,71,11,4.888439777720533,14
1436,65,44,9,18,4.887961308210911,26
1437,8,12,3,7,4.88781937501622,5
1438,69,11,95,4,4.882909765417961,7
1439,30,11,114,5,4.8820710984651585,6
1440,81,15,18,6,4.877040041598752,9
1441,85,12,88,5,4.8737543176102305,7
1442,87,27,57,11,4.871666288606831,16
1443,29,13,54,6,4.8710674750716105,7
1444,37,54,106,25,4.865641247327302,29
1445,5,10,89,3,4.86246564090175,7
1446,97,12,32,5,4.851459349576839,7
1447,104,23,100,9,4.850527098250832,14
1448,20,10,38,3,4.844230675667008,7
1449,5,30,51,11,4.841333405150811,19
1450,83,20,64,9,4.840996077098241,11
1451,75,39,39,18,4.835166255544909,21
1452,8,15,67,6,4.831909846155583,9
1453,31,19,25,9,4.823839301099763,10
1454,100,33,86,16,4.820701885589361,17
1455,14,15,54,5,4.820525855929132,10
1456,23,27,68,13,4.81982927042641,14
1457,74,11,85,5,4.812388004493803,6
1458,83,30,8,14,4.811627367676455,16
1459,6,12,106,5,4.810944704219048,7
1460,2,25,106,11,4.808494527305082,14
1461,69,11,85,5,4.808257383801068,6
1462,96,13,108,6,4.805162668071275,7
1463,75,22,96,7,4.801381492311931,15
1464,111,11,25,5,4.797175922879397,6
1465,8,29,9,15,4.796436219845455,14
1466,52,13,20,5,4.795236183864801,8
1467,9,17,1,9,4.794059502939978,8
1468,85,12,72,4,4.791224100478595,8
1469,76,33,5,14,4.788314400539968,19
1470,114,17,84,7,4.7880408533114105,10
1471,49,14,27,6,4.785337384325243,8
1472,87,48,50,22,4.77809392160859,26
1473,9,12,5,5,4.777710715122403,7
1474,1,14,17,6,4.774691835698866,8
1475,90,13,70,6,4.771084444295362,7
1476,12,15,31,7,4.770632464521183,8
1477,60,16,97,8,4.770560692259114,8
1478,15,21,54,10,4.76375884247427,11
1479,64,31,41,12,4.758473174288668,19
1480,93,16,50,6,4.755526241513054,10
1481,90,30,5,12,4.752640516818983,18
1482,25,16,77,7,4.745845616411638,9
1483,55,57,65,25,4.744057377410872,32
1484,97,11,3,4,4.740273088979023,7
1485,8,41,46,19,4.737192297274268,22
1486,13,56,87,22,4.736199864166477,34
1487,6,11,46,5,4.730994669309113,6
1488,15,14,75,5,4.729161606780822,9
1489,47,17,86,7,4.720142586161402,10
1490,15,10,72,4,4.7131251167737505,6
1491,28,37,18,17,4.710953949587104,20
1492,43,16,71,8,4.70977023229907,8
1493,20,23,46,8,4.708713070266485,15
1494,16,17,93,8,4.7086074200818855,9
1495,91,17,54,8,4.708330759507744,9
1496,15,10,20,4,4.700009525517167,6
1497,88,31,18,14,4.699584875943507,17
1498,55,45,60,20,4.699539635247214,25
1499,97,10,62,4,4.689387738532959,6
1500,60,26,41,12,4.687979614839915,14
1501,71,16,5,7,4.686451238703377,9
1502,13,48,64,23,4.67021662986664,25
1503,52,12,8,5,4.669562642233978,7
1504,80,13,64,6,4.665596394208,7
1505,55,14,98,5,4.662824671110214,9
1506,28,19,100,8,4.660885966766407,11
1507,25,15,47,7,4.655390231832646,8
1508,34,10,43,4,4.654255389219647,6
1509,30,29,60,10,4.653426738413294,19
1510,27,15,25,7,4.649655011418165,8
1511,63,39,96,15,4.649023449526137,24
1512,7,95,88,42,4.646605378714697,53
1513,6,21,16,10,4.642825718029857,11
1514,73,14,13,6,4.642713338622983,8
1515,73,19,109,8,4.637139105733967,11
1516,60,22,25,10,4.636282806493916,12
1517,106,15,110,7,4.633960085739299,8
1518,28,12,78,6,4.6317757313725965,6
1519,8,63,87,27,4.62091726825585,36
1520,49,17,9,8,4.620658268254684,9
1521,7,42,55,17,4.609551229914398,25
1522,37,72,86,32,4.607837359690983,40
1523,88,10,66,4,4.60434245546846,6
1524,7,35,3,14,4.603775118928216,21
1525,23,11,30,5,4.601908928188203,6
1526,77,13,95,6,4.60149322445291,7
1527,107,62,104,26,4.597916836712244,36
1528,50,32,96,14,4.592653394244439,18
1529,60,30,8,14,4.584471076654316,16
1530,99,16,65,7,4.579704538683142,9
1531,7,23,58,11,4.575034525669344,12
1532,99,14,95,6,4.572737764013027,8
1533,99,16,104,8,4.5627492392393,8
1534,70,15,23,7,4.554568026577778,8
1535,74,10,112,4,4.553694289700708,6
1536,83,15,46,7,4.551826612706301,8
1537,99,18,15,7,4.551461310618723,11
1538,1,11,39,6,4.548291694643937,5
1539,76,36,107,13,4.544662386882575,23
1540,23,24,76,11,4.537606040144393,13
1541,88,51,9,22,4.537426821075463,29
1542,8,24,102,11,4.537070383836359,13
1543,71,28,68,11,4.532265816801447,17
1544,106,23,75,11,4.532198108241345,12
1545,50,71,28,30,4.530365152854881,41
1546,16,104,51,46,4.529096709448028,58
1547,51,45,84,19,4.523777297419667,26
1548,37,43,55,20,4.516821858156878,23
1549,28,16,29,7,4.513248021932702,9
1550,11,21,98,10,4.513098149532237,11
1551,80,10,69,5,4.508733977407145,5
1552,62,10,104,3,4.50664568251795,7
1553,78,17,54,7,4.506577020775673,10
1554,87,13,110,5,4.501644038521952,8
1555,17,13,43,6,4.501405777799933,7
1556,75,20,112,8,4.4989690721071325,12
1557,93,15,37,6,4.493445665639034,9
1558,55,11,27,5,4.4890470852362,6
1559,11,65,86,29,4.488707456237284,36
1560,16,96,107,37,4.485744929408155,59
1561,93,15,11,5,4.484686270589562,10
1562,95,33,107,15,4.475609109265348,18
1563,65,74,107,32,4.4743161182651745,42
1564,96,31,25,14,4.4728328775528,17
1565,91,10,57,5,4.468260927215541,5
1566,37,18,32,8,4.466542082918521,10
1567,3,15,50,7,4.464463620895282,8
1568,78,13,98,6,4.463806568924881,7
1569,75,43,88,18,4.458661851679068,25
1570,49,15,64,7,4.458412060664093,8
1571,77,11,97,4,4.4549011553839994,7
1572,50,12,73,4,4.454782630059153,8
1573,95,44,16,20,4.453378575583387,24
1574,7,67,31,29,4.4532123702344615,38
1575,2,42,50,18,4.448957186147168,24
1576,13,33,37,14,4.448467961015427,19
1577,95,15,109,6,4.444131433700797,9
1578,107,59,20,26,4.4437443859769585,33
1579,1,24,51,11,4.443642769643948,13
1580,45,11,88,4,4.4416566980945715,7
1581,86,58,46,22,4.4330627489504755,36
1582,16,35,53,14,4.432680586189367,21
1583,23,14,20,6,4.42777867543601,8
1584,102,20,87,8,4.423994697827657,12
1585,99,30,13,13,4.420966828834258,17
1586,7,64,53,28,4.416213736910661,36
1587,64,12,57,5,4.409680008541512,7
1588,114,20,64,8,4.407773657880817,12
1589,107,32,38,13,4.39393220007557,19
1590,41,16,112,7,4.393369197219724,9
1591,111,20,86,8,4.3910837466552355,12
1592,51,26,43,12,4.390788502279346,14
1593,65,23,76,9,4.385586505985178,14
1594,87,24,49,12,4.380791657180537,12
1595,87,33,25,15,4.379098196808542,18
1596,60,13,98,6,4.372454949323835,7
1597,85,12,51,6,4.372397467367473,6
1598,55,24,9,10,4.371040618945099,14
1599,55,13,58,6,4.369004483506264,7
1600,40,23,23,10,4.368423326803309,13
1601,94,20,87,9,4.367418143965146,11
1602,33,13,11,7,4.365968233102095,6
1603,11,32,54,14,4.365388363672616,18
1604,64,31,71,12,4.35947313780117,19
1605,104,31,54,14,4.355933806560286,17
1606,20,49,28,21,4.349749782422696,28
1607,47,24,88,11,4.347102674354304,13
1608,70,29,65,11,4.343984179663613,18
1609,51,43,46,18,4.337483774616596,25
1610,60,12,22,5,4.334241842742782,7
1611,95,19,41,8,4.332143979792177,11
1612,98,23,37,10,4.327931130640237,13
1613,4,22,40,10,4.316643149060896,12
1614,70,14,71,7,4.315612188206775,7
1615,97,23,17,10,4.3134285513049555,13
1616,17,19,20,8,4.3112321942034,11
1617,50,10,52,5,4.308197298973349,5
1618,16,42,71,17,4.305176391927468,25
1619,20,22,109,8,4.302333411252667,14
1620,25,28,54,12,4.300413553073274,16
1621,7,22,38,10,4.300171500471753,12
1622,20,21,44,9,4.299103845073809,12
1623,30,30,54,13,4.29530490019164,17
1624,20,63,54,30,4.290782184792432,33
1625,68,17,94,8,4.284931423956807,9
1626,9,27,54,12,4.272544772651765,15
1627,33,12,96,7,4.271042933020869,5
1628,103,16,16,7,4.27064958267566,9
1629,68,35,1,15,4.27038079057179,20
1630,100,22,13,9,4.266245772639934,13
1631,68,17,19,8,4.263483624296963,9
1632,23,33,87,13,4.256680488948144,20
1633,104,17,80,8,4.256665633473226,9
1634,106,14,34,7,4.243674039664675,7
1635,31,12,74,5,4.240578281890586,7
1636,60,21,1,9,4.237560386673236,12
1637,109,16,65,5,4.2330518085976205,11
1638,71,11,44,5,4.223524348839462,6
1639,4,19,18,8,4.220670692754494,11
1640,87,21,31,10,4.220659397575877,11
1641,41,41,68,18,4.207626519911898,23
1642,65,56,36,24,4.205692860728479,32
1643,15,11,40,5,4.201647176656486,6
1644,86,116,5,50,4.198444147829554,66
1645,47,13,28,6,4.1983584961153175,7
1646,23,18,100,7,4.197161790157007,11
1647,7,14,48,7,4.194687020035504,7
1648,30,13,109,5,4.185496549607356,8
1649,23,27,25,12,4.182190113226028,15
1650,80,18,7,7,4.182061930373814,11
1651,12,17,68,7,4.176829780683942,10
1652,60,23,28,12,4.169602030332321,11
1653,86,29,62,13,4.168140003828563,16
1654,60,10,62,4,4.155747625311636,6
1655,16,34,49,15,4.151705373127495,19
1656,96,13,3,6,4.149840606440919,7
1657,20,13,73,5,4.146065391689569,8
1658,53,47,71,20,4.141303557057986,27
1659,3,29,87,12,4.14016519723393,17
1660,23,11,29,5,4.138000210796417,6
1661,11,11,69,4,4.13792149131312,7
1662,71,11,20,4,4.13643055739397,7
1663,76,32,104,13,4.1357118218948905,19
1664,45,22,65,11,4.1259231703887,11
1665,29,11,106,5,4.122686341567239,6
1666,94,20,107,7,4.110404459710983,13
1667,93,14,109,6,4.103558953267082,8
1668,83,20,93,9,4.100880722204593,11
1669,20,24,35,10,4.098728722002914,14
1670,87,21,97,8,4.089970328864312,13
1671,36,11,19,5,4.088590218421688,6
1672,74,22,50,10,4.086243740312162,12
1673,87,38,60,18,4.07068260924909,20
1674,43,10,95,4,4.063398320607949,6
1675,51,13,38,5,4.063140921851932,8
1676,34,10,38,4,4.0610942900478735,6
1677,51,27,69,11,4.050423840769316,16
1678,32,10,40,5,4.050021677419869,5
1679,104,73,65,33,4.049259983805755,40
1680,11,13,79,7,4.047561716338114,6
1681,7,21,50,10,4.045740478776832,11
1682,1,10,43,5,4.038976715758721,5
1683,9,18,38,8,4.035727579019442,10
1684,71,13,47,6,4.030916530509353,7
1685,104,16,3,7,4.020656220421076,9
1686,104,44,51,17,4.0154244082227635,27
1687,8,20,110,8,4.013172679497404,12
1688,55,36,54,17,4.011039158800403,19
1689,13,59,46,25,4.009188890622042,34
1690,66,12,31,5,4.008754872558654,7
1691,86,20,77,8,4.0075201103206535,12
1692,15,20,68,8,3.9796921857169054,12
1693,96,12,14,5,3.975747798085754,7
1694,40,28,1,12,3.9750240059769117,16
1695,74,24,93,11,3.9601017688790825,13
1696,65,34,17,13,3.9540701507148905,21
1697,88,50,104,21,3.9536343834384886,29
1698,34,12,76,6,3.9517678907570333,6
1699,6,11,40,5,3.9442678680230823,6
1700,80,10,97,4,3.9365866928471034,6
1701,97,35,16,16,3.9340820840887147,19
1702,57,11,50,4,3.9290278222481443,7
1703,64,28,63,13,3.927368902324373,15
1704,5,28,2,12,3.923277825320168,16
1705,37,38,70,16,3.9227382855891664,22
1706,20,17,48,7,3.9196076613306303,10
1707,89,13,86,7,3.91749283769541,6
1708,60,21,96,7,3.912428069824762,14
1709,98,19,49,9,3.906322793569991,10
1710,102,26,37,11,3.9015784283610255,15
1711,18,13,20,5,3.8928283548315483,8
1712,55,44,11,18,3.8920841591670343,26
1713,76,13,62,6,3.8913968956310088,7
1714,74,39,63,18,3.890775716060593,21
1715,11,15,17,7,3.886158778436342,8
1716,1,11,112,6,3.882693398534097,5
1717,30,11,108,5,3.8822679511938505,6
1718,18,13,98,7,3.8754830902904014,6
1719,95,36,87,16,3.86940077356921,20
1720,108,11,68,5,3.868849039567309,6
1721,11,16,51,8,3.8660778701548058,8
1722,41,25,114,12,3.854494902198664,13
1723,65,34,111,14,3.8475275648066685,20
1724,46,50,54,22,3.846547643547206,28
1725,28,11,31,5,3.8453747580936164,6
1726,18,23,31,11,3.843025830767866,12
1727,20,26,7,12,3.839940256500117,14
1728,38,13,46,5,3.833859769343221,8
1729,91,26,13,12,3.831748260733109,14
1730,30,38,87,17,3.8298987122526285,21
1731,70,30,51,14,3.8297117807076555,16
1732,27,33,51,13,3.8273141839627884,20
1733,44,16,87,7,3.8267549460576484,9
1734,60,12,66,4,3.826632219817407,8
1735,44,14,64,6,3.8242226428845654,8
1736,55,21,4,10,3.821660634263142,11
1737,49,10,3,4,3.8208441036339096,6
1738,86,32,18,13,3.8203668272153473,19
1739,57,24,51,11,3.8150188472138704,13
1740,5,28,91,11,3.8146250930665166,17
1741,110,16,5,7,3.8138584796050923,9
1742,39,12,78,6,3.805891795343841,6
1743,20,13,104,5,3.7974160411444706,8
1744,91,29,107,12,3.7951757088821294,17
1745,19,11,86,5,3.7947428736900832,6
1746,94,12,37,5,3.788108137633396,7
1747,7,10,93,5,3.7802315490169653,5
1748,104,13,92,7,3.7768187223532306,6
1749,63,19,4,8,3.775833657808686,11
1750,16,90,65,39,3.773083718958002,51
1751,13,69,40,31,3.7693846533253215,38
1752,47,13,15,6,3.7602698343279473,7
1753,88,16,6,7,3.757051253043465,9
1754,51,33,109,12,3.752003613096799,21
1755,18,55,53,25,3.751842811643862,30
1756,53,42,40,19,3.7429391558119995,23
1757,1,13,4,5,3.736039087851971,8
1758,86,65,25,30,3.735239092039536,35
1759,39,17,81,7,3.728914203220537,10
1760,13,19,94,8,3.727129838511457,11
1761,15,21,5,8,3.714734226349825,13
1762,106,17,43,8,3.7068539679712273,9
1763,39,48,53,21,3.6851162429567523,27
1764,114,37,51,18,3.6824882422691596,19
1765,34,19,55,9,3.680955248563573,10
1766,52,11,107,4,3.6792228295103513,7
1767,101,14,68,5,3.6742625668258913,9
1768,71,12,27,5,3.672482180614424,7
1769,16,72,8,31,3.670458172636511,41
1770,14,10,112,4,3.6656549551955337,6
1771,9,11,19,5,3.6655477701213575,6
1772,86,53,104,24,3.66553549979236,29
1773,97,33,96,16,3.657438935158263,17
1774,53,11,100,5,3.656950058764998,6
1775,63,22,23,9,3.656375723040438,13
1776,90,10,71,5,3.6561036030201253,5
1777,107,21,32,10,3.6546977761524686,11
1778,109,15,9,8,3.6538651478462696,7
1779,17,11,18,6,3.651905683853181,5
1780,23,47,65,22,3.6506323242088645,25
1781,27,13,50,5,3.6503401008022798,8
1782,16,19,2,8,3.6499962386684337,11
1783,14,10,70,5,3.647042134114848,5
1784,87,89,107,40,3.6448361997170085,49
1785,75,14,108,6,3.6340908116173014,8
1786,48,11,108,4,3.6336145248971845,7
1787,43,19,18,10,3.6267699505365183,9
1788,55,13,94,6,3.6120696685756317,7
1789,16,108,86,47,3.601972343874913,61
1790,34,14,13,7,3.5918746626908384,7
1791,58,13,71,6,3.5901555481142546,7
1792,97,10,95,4,3.58943247133478,6
1793,88,59,68,26,3.5734126611884127,33
1794,33,12,23,5,3.5712223539857573,7
1795,81,15,3,6,3.5653849933326986,9
1796,41,25,69,9,3.5647588534800043,16
1797,64,11,33,4,3.5581108018586245,7
1798,7,90,86,38,3.5577462755235447,52
1799,28,19,36,9,3.5549996153541237,10
1800,23,13,57,6,3.554408044637193,7
1801,30,13,4,6,3.554167963462701,7
1802,19,19,16,9,3.5481261134764632,10
1803,40,65,36,28,3.5400829247343655,37
1804,88,26,69,11,3.536532050456282,15
1805,44,15,7,7,3.5352660207554516,8
1806,93,17,25,8,3.5300397889756283,9
1807,20,17,76,9,3.5278207011714735,8
1808,63,18,43,8,3.524851733785241,10
1809,16,39,17,15,3.5193037187836715,24
1810,8,38,104,17,3.50734140656749,21
1811,49,10,33,4,3.5057518320537766,6
1812,74,16,23,7,3.505315761927058,9
1813,85,14,68,5,3.5027894631624408,9
1814,49,18,63,8,3.500149915800845,10
1815,50,26,9,11,3.4989626487903873,15
1816,97,36,114,16,3.4948097299506915,20
1817,62,13,36,6,3.489528327052378,7
1818,36,30,51,14,3.4874600225025074,16
1819,12,18,71,8,3.487442945948432,10
1820,25,20,70,9,3.484518115943736,11
1821,55,16,18,8,3.4810467173744706,8
1822,96,57,54,28,3.4766133859583515,29
1823,23,10,81,4,3.474530372802633,6
1824,73,14,16,7,3.4738693799097953,7
1825,74,60,5,28,3.469996146708342,32
1826,46,23,76,10,3.468954234576547,13
1827,13,32,1,13,3.4629329225242813,19
1828,106,49,51,22,3.457607975311814,27
1829,33,23,5,11,3.454327509177194,12
1830,37,21,23,10,3.453043705748743,11
1831,68,25,46,11,3.449465987108053,14
1832,60,58,40,26,3.4423663485116363,32
1833,114,29,39,14,3.441117211126096,15
1834,102,31,25,14,3.4382241991917164,17
1835,4,12,37,5,3.421871703775507,7
1836,17,11,36,6,3.4172736451567545,5
1837,104,26,98,14,3.4091853213510754,12
1838,55,29,84,13,3.40123055779696,16
1839,68,20,17,8,3.395638967050425,12
1840,4,13,28,6,3.3940824912486867,7
1841,73,10,104,4,3.391491099464731,6
1842,39,48,55,21,3.389422612270981,27
1843,19,13,88,6,3.388300396354987,7
1844,60,28,9,11,3.384232112219374,17
1845,36,28,55,13,3.383336577257353,15
1846,73,15,98,7,3.380055365181917,8
1847,100,13,44,6,3.3720452657314226,7
1848,107,56,55,26,3.3696189355898034,30
1849,72,11,17,5,3.366212975674707,6
1850,40,17,20,7,3.3649339637959645,10
1851,54,25,97,12,3.3648153427656755,13
1852,14,23,8,10,3.3634201583462158,13
1853,54,12,3,6,3.355227899021248,6
1854,88,30,70,13,3.3524090493184278,17
1855,83,10,20,5,3.3478898251644025,5
1856,40,15,91,7,3.345577169162442,8
1857,16,47,70,20,3.3445553948476245,27
1858,75,13,33,5,3.342736023465548,8
1859,54,20,98,9,3.3414082574982986,11
1860,68,13,5,6,3.3380294056441144,7
1861,71,13,76,7,3.3359186512389036,6
1862,69,12,109,5,3.3344685187765166,7
1863,80,33,54,16,3.3322159324199094,17
1864,41,19,50,8,3.331657114556134,11
1865,28,26,17,12,3.328116205795544,14
1866,49,18,30,8,3.318164342935082,10
1867,97,16,84,6,3.316428205809935,10
1868,60,31,75,14,3.3139158628036856,17
1869,86,11,66,5,3.3092941516234364,6
1870,28,12,15,6,3.3076634264923883,6
1871,28,29,48,13,3.3030143286202387,16
1872,104,60,5,28,3.3007473735225052,32
1873,57,22,41,9,3.2995392233028893,13
1874,69,11,54,5,3.295823383931072,6
1875,13,84,51,40,3.28364430545501,44
1876,107,22,47,10,3.281473065538477,12
1877,60,49,86,22,3.275471722293173,27
1878,114,13,67,6,3.2746706512348434,7
1879,102,11,91,5,3.2738070744638943,6
1880,85,12,17,5,3.2737777276415283,7
1881,70,14,93,6,3.271451863431868,8
1882,13,12,102,4,3.269263582511039,8
1883,13,114,7,52,3.2643026156976367,62
1884,28,56,54,25,3.2622780281799852,31
1885,76,14,95,6,3.2576515088397957,8
1886,7,24,74,9,3.257493143792888,15
1887,84,14,95,6,3.2568961944145873,8
1888,114,47,25,20,3.2540864225169766,27
1889,68,15,6,6,3.251551578791195,9
1890,41,45,16,22,3.2495789716339614,23
1891,68,18,8,8,3.2434866605613233,10
1892,99,25,60,11,3.2381944591027096,14
1893,107,49,36,23,3.234838704648264,26
1894,56,10,97,5,3.231426212036921,5
1895,86,32,112,14,3.2310885065798702,18
1896,2,21,87,9,3.2308938185741103,12
1897,16,18,35,7,3.2305329948687067,11
1898,28,13,85,6,3.2289881226450357,7
1899,4,21,16,11,3.2239938149007976,10
1900,107,30,3,15,3.223498832666551,15
1901,23,55,7,25,3.2229283053761675,30
1902,97,29,63,13,3.2191950537106915,16
1903,55,39,28,16,3.2184704312839787,23
1904,9,11,100,4,3.213107615631006,7
1905,64,19,23,9,3.212372911598019,10
1906,17,16,74,7,3.211770551027832,9
1907,114,13,94,7,3.2111418203233515,6
1908,50,19,97,8,3.210625734622642,11
1909,60,47,31,24,3.2094707274879264,23
1910,84,15,60,5,3.2064037329190676,10
1911,106,28,17,11,3.2039846830051117,17
1912,44,12,76,5,3.2019945343572473,7
1913,36,41,39,18,3.1998605067578225,23
1914,55,49,5,22,3.1989531771818034,27
1915,68,14,81,6,3.1985312995714845,8
1916,88,61,5,29,3.1946532218196624,32
1917,37,54,50,26,3.188335276013606,28
1918,83,25,65,12,3.1850517665827933,13
1919,43,32,7,13,3.1749602918386857,19
1920,106,25,60,10,3.171261503808182,15
1921,110,16,86,7,3.1694821197260503,9
1922,54,48,51,22,3.1685476843403957,26
1923,90,14,74,5,3.1680613510289204,9
1924,13,17,62,8,3.1612952767397977,9
1925,68,17,49,8,3.160769369900104,9
1926,86,21,82,9,3.1586560919846263,12
1927,86,85,84,41,3.15758944772919,44
1928,87,13,17,6,3.1557879324593294,7
1929,75,23,23,12,3.1487336010920157,11
1930,60,61,88,26,3.1160238698452347,35
1931,36,11,80,5,3.115857421175661,6
1932,25,25,17,11,3.1106502600539105,14
1933,50,24,4,12,3.110559237136959,12
1934,63,91,86,38,3.106277287763664,53
1935,106,26,53,13,3.105027322219241,13
1936,109,25,106,12,3.1028448270841773,13
1937,92,15,60,6,3.101629065738582,9
1938,74,13,27,7,3.1002755903304404,6
1939,99,14,68,6,3.1001036150844663,8
1940,64,10,91,4,3.0993479020870796,6
1941,49,31,86,15,3.0977725602373374,16
1942,13,27,77,12,3.097681583212727,15
1943,13,72,107,34,3.09361249272018,38
1944,76,26,11,11,3.0870761355979353,15
1945,45,14,87,6,3.0862202973256596,8
1946,51,70,107,29,3.078951091083178,41
1947,28,30,102,14,3.0740911214451736,16
1948,74,11,41,6,3.0735662157516845,5
1949,75,30,25,13,3.069551733540898,17
1950,60,40,114,22,3.0670908685799034,18
1951,71,18,25,8,3.0644100067848146,10
1952,48,14,55,6,3.06362691776684,8
1953,71,42,86,20,3.060669361739169,22
1954,38,13,96,6,3.0422152322461717,7
1955,27,20,87,9,3.0371137450576833,11
1956,25,39,65,16,3.0368934823131175,23
1957,62,10,3,4,3.036878886842652,6
1958,65,16,49,7,3.034256149542809,9
1959,27,12,99,6,3.0280763102634354,6
1960,86,107,87,53,3.0145371966175083,54
1961,6,27,7,15,3.013941061604383,12
1962,7,16,29,9,3.005492860131707,7
1963,20,47,37,22,3.004985214474966,25
1964,96,14,34,6,3.0017630147825622,8
1965,4,11,69,5,2.999484176661719,6
1966,11,46,107,21,2.9990181027783187,25
1967,27,10,18,5,2.996654278290002,5
1968,38,17,60,7,2.989624968675235,10
1969,100,25,7,11,2.9877637593718034,14
1970,74,10,30,5,2.9862406732405895,5
1971,95,27,53,10,2.9811343498680327,17
1972,107,24,49,12,2.9811174657733583,12
1973,6,12,51,6,2.980948961210987,6
1974,84,36,106,18,2.9754739608250116,18
1975,36,32,4,13,2.9739066740354185,19
1976,2,21,37,10,2.9697580112694486,11
1977,47,11,53,5,2.9672181618537916,6
1978,25,18,57,8,2.964934950553875,10
1979,114,23,46,10,2.9631435316072405,13
1980,80,16,8,8,2.9519293865537115,8
1981,86,31,38,14,2.9478210267751117,17
1982,18,20,65,10,2.9468351166959534,10
1983,41,32,40,15,2.9467288085082743,17
1984,30,17,76,7,2.9372015853586086,10
1985,36,20,87,8,2.935573250897663,12
1986,61,15,3,8,2.934761403571649,7
1987,8,24,100,10,2.9246971191484064,14
1988,9,31,63,14,2.9234885327226108,17
1989,74,82,86,39,2.921287780715151,43
1990,102,19,106,10,2.9207255392565097,9
1991,25,12,108,5,2.9132670669268244,7
1992,7,15,79,7,2.9111710091731053,8
1993,87,37,84,17,2.908877911803523,20
1994,91,19,37,9,2.9050960547005245,10
1995,28,51,109,22,2.9004083862878955,29
1996,71,13,108,6,2.8992906212622866,7
1997,45,10,112,4,2.897726145007348,6
1998,44,10,70,5,2.8975248911261433,5
1999,68,20,78,9,2.8969266940151797,11
2000,112,12,19,5,2.8952293935903275,7
2001,9,20,84,9,2.891724480498798,11
2002,75,24,74,10,2.8903655619324433,14
2003,85,13,16,5,2.881350637135497,8
2004,63,23,60,10,2.8746236800640075,13
2005,27,21,75,10,2.874214711599615,11
2006,87,21,69,9,2.873665118536541,12
2007,87,42,20,20,2.8691206159340576,22
2008,15,25,65,11,2.8623549532831603,14
2009,99,11,17,5,2.8559138463200195,6
2010,51,18,99,9,2.853477797374065,9
2011,73,16,96,7,2.8534303980093814,9
2012,68,17,57,8,2.851869956940863,9
2013,7,27,17,12,2.851329390836829,15
2014,74,20,18,10,2.84961422222247,10
2015,97,13,33,6,2.8486496222061595,7
2016,28,13,44,7,2.8461398630992765,6
2017,23,13,104,5,2.8445076862849494,8
2018,95,19,23,9,2.8404436396815522,10
2019,89,12,60,6,2.839673113881044,6
2020,16,14,58,6,2.8389435880706144,8
2021,77,18,65,9,2.836180648453274,9
2022,104,33,74,14,2.8329598216365466,19
2023,53,23,81,10,2.832269045840245,13
2024,107,47,23,22,2.8244859300002187,25
2025,16,21,38,8,2.8217292489636367,13
2026,18,13,71,6,2.821320109059578,7
2027,64,13,47,5,2.8212403790572256,8
2028,80,24,87,11,2.8192870132931773,13
2029,39,12,98,5,2.8139572577793732,7
2030,65,17,48,7,2.813018636762518,10
2031,68,33,106,15,2.8127952198562456,18
2032,1,32,36,16,2.8095303452930684,16
2033,99,15,41,7,2.8081672918617278,8
2034,106,14,112,7,2.805082024542767,7
2035,78,20,57,10,2.8044525957100297,10
2036,50,20,109,9,2.7980846162026616,11
2037,4,25,114,12,2.797376255941943,13
2038,7,26,1,12,2.7932054952385035,14
2039,100,13,36,6,2.7923934619121087,7
2040,16,22,47,10,2.79035087910922,12
2041,9,15,97,8,2.7891659901703596,7
2042,28,31,91,14,2.785819668061851,17
2043,8,50,11,22,2.78289927873935,28
2044,5,11,10,6,2.7716738654503197,5
2045,38,11,40,6,2.7715520430648577,5
2046,5,17,77,8,2.765837567194589,9
2047,86,79,8,39,2.762520741926733,40
2048,18,31,60,14,2.7592417090229198,17
2049,38,12,19,4,2.7513058656159664,8
2050,78,17,63,9,2.7493489255748647,8
2051,97,22,104,11,2.7396377781056174,11
2052,99,12,63,6,2.7377253409939364,6
2053,65,50,106,23,2.735321183024918,27
2054,75,12,34,6,2.7327928404854553,6
2055,9,12,30,5,2.7296904854733155,7
2056,55,53,88,22,2.721264805593774,31
2057,104,31,70,14,2.720810924975006,17
2058,11,50,28,24,2.7199624016130106,26
2059,95,11,80,5,2.7197438471090796,6
2060,49,16,70,8,2.713121422106841,8
2061,16,86,13,38,2.7044647737102756,48
2062,12,14,18,6,2.7036570911929863,8
2063,11,40,88,18,2.687792397272841,22
2064,65,40,71,17,2.686780335165667,23
2065,13,11,35,5,2.684594978225239,6
2066,90,17,17,9,2.680753861205159,8
2067,39,25,5,12,2.679132217269287,13
2068,25,17,44,8,2.673535476281759,9
2069,95,18,75,8,2.672802736686619,10
2070,114,25,74,12,2.666972342657447,13
2071,7,49,27,23,2.6647214457148465,26
2072,47,10,76,7,2.6595736051653853,3
2073,74,13,91,6,2.658254293210725,7
2074,92,29,88,13,2.6541256559252315,16
2075,57,13,36,5,2.6531160901053807,8
2076,53,48,65,23,2.651912649859134,25
2077,30,24,8,11,2.6514132136935467,13
2078,23,43,86,20,2.6484576158238533,23
2079,30,21,37,9,2.6448172779185537,12
2080,16,60,5,25,2.6435184456824317,35
2081,85,23,107,11,2.642943935546886,12
2082,33,14,95,6,2.641545389608455,8
2083,54,15,72,7,2.6412935569868567,8
2084,54,28,114,14,2.6355280322257,14
2085,17,30,39,13,2.6347382750427313,17
2086,15,10,11,5,2.6300755291525655,5
2087,13,17,84,7,2.6279562027638286,10
2088,91,36,86,17,2.627461430980282,19
2089,11,26,20,11,2.6225934054521085,15
2090,11,12,41,4,2.61594797809933,8
2091,29,21,107,8,2.615094075024305,13
2092,13,19,72,10,2.614608915773624,9
2093,75,28,64,13,2.6143964254367047,15
2094,76,13,2,5,2.6134640032331116,8
2095,11,16,40,7,2.6127959858163616,9
2096,93,20,86,9,2.6126285193850958,11
2097,36,23,91,10,2.600483205457648,13
2098,68,83,13,37,2.597690238852479,46
2099,40,19,27,11,2.5947052105553365,8
2100,39,23,31,10,2.5934090452929373,13
2101,1,10,109,5,2.5929606771402254,5
2102,71,25,87,12,2.5901035214218346,13
2103,87,21,62,10,2.586304566496697,11
2104,104,50,7,23,2.5854072339864183,27
2105,69,14,71,7,2.5823526075537777,7
2106,69,13,3,5,2.5732249505733895,8
2107,50,50,107,24,2.5656690703128167,26
2108,92,13,87,6,2.565186954563254,7
2109,28,43,51,21,2.5635290356109595,22
2110,51,45,41,21,2.5612918082451857,24
2111,83,10,63,6,2.557624644664858,4
2112,86,14,14,7,2.5565201304900333,7
2113,51,16,83,6,2.5563009225954785,10
2114,73,19,1,8,2.55342910039073,11
2115,7,74,36,34,2.5493587507973596,40
2116,64,20,38,9,2.5449420802693483,11
2117,52,13,16,6,2.542332195506542,7
2118,63,35,11,14,2.539597707853179,21
2119,111,11,60,4,2.535604443502029,7
2120,108,27,107,13,2.5311945782165,14
2121,87,27,64,13,2.5304532187422586,14
2122,36,33,9,15,2.5279240780374668,18
2123,8,45,51,21,2.5271962911391,24
2124,39,18,4,8,2.5267698999647226,10
2125,3,13,57,6,2.5261648975187136,7
2126,13,70,55,33,2.52518720464561,37
2127,39,32,50,15,2.5245695496572065,17
2128,12,15,36,7,2.516319942513749,8
2129,75,43,55,18,2.5125301308500267,25
2130,34,30,107,13,2.5096553899166287,17
2131,106,37,96,16,2.50842381050559,21
2132,88,70,51,36,2.506363518676434,34
2133,37,18,109,8,2.501013404341532,10
2134,11,20,48,9,2.499763597895506,11
2135,65,20,3,9,2.497136850038322,11
2136,18,11,111,5,2.4899108726358863,6
2137,95,30,39,14,2.481130681096554,16
2138,7,61,9,30,2.475604646115282,31
2139,4,17,81,7,2.4678124777063273,10
2140,87,40,74,18,2.4671563114027473,22
2141,74,17,69,9,2.4664972820824542,8
2142,54,10,27,5,2.4638694969344774,5
2143,88,72,107,32,2.4608917089958973,40
2144,28,20,3,9,2.4595531898392906,11
2145,32,10,50,6,2.444054190716271,4
2146,96,31,88,15,2.4406464912019903,16
2147,12,18,86,8,2.4382543520920796,10
2148,55,39,106,17,2.438139246666604,22
2149,107,37,64,18,2.435414553814307,19
2150,14,19,51,7,2.4338441230915158,12
2151,91,20,75,13,2.432369433261267,7
2152,87,48,28,23,2.4310937249340125,25
2153,34,18,17,8,2.4265857697933284,10
2154,94,10,112,5,2.4238269159246046,5
2155,109,11,99,5,2.4195174025010595,6
2156,107,46,25,22,2.4187485647838765,24
2157,94,17,54,8,2.418369665890047,9
2158,71,35,39,16,2.4158892555534424,19
2159,57,38,16,18,2.412580622648355,20
2160,65,11,92,5,2.4112859752548714,6
2161,8,33,93,16,2.4111455321691304,17
2162,47,24,51,12,2.409457368099758,12
2163,68,21,38,9,2.4070210829507572,12
2164,9,18,69,8,2.405000245398061,10
2165,20,26,80,12,2.4033351571638564,14
2166,78,20,60,10,2.4024308351348855,10
2167,56,10,8,4,2.40008605471798,6
2168,46,38,28,16,2.3990178798165633,22
2169,29,22,87,9,2.39272206443853,13
2170,17,17,63,8,2.3925163886016922,9
2171,83,22,87,11,2.390357141943488,11
2172,111,12,8,6,2.390343846489095,6
2173,104,40,95,18,2.3890342183876085,22
2174,4,21,71,8,2.3871750117365993,13
2175,96,25,104,11,2.3866419839158346,14
2176,88,54,28,24,2.38416548107238,30
2177,75,13,56,5,2.3840139649043497,8
2178,8,23,17,11,2.3808090982416816,12
2179,71,40,107,17,2.3760609676092463,23
2180,7,106,68,49,2.372479004873661,57
2181,8,55,96,25,2.371439357092425,30
2182,50,19,112,8,2.3689643473531756,11
2183,40,24,50,10,2.3671440474550507,14
2184,7,19,70,7,2.364945757295021,12
2185,28,26,76,13,2.364350304549829,13
2186,63,46,39,18,2.3626947638130473,28
2187,99,23,5,11,2.3616219022642833,12
2188,96,14,109,6,2.3566759619593642,8
2189,39,48,49,21,2.353804446492823,27
2190,4,36,31,15,2.3535355966794667,21
2191,107,58,37,27,2.3520883092822165,31
2192,6,13,50,6,2.3414923323310646,7
2193,104,17,4,7,2.3357072159096575,10
2194,46,22,63,12,2.3313756374008845,10
2195,25,28,53,14,2.3301510854690854,14
2196,16,20,29,10,2.329592750683847,10
2197,109,51,5,25,2.3285813949081655,26
2198,50,23,64,11,2.3285304422785047,12
2199,94,10,27,5,2.326350825248067,5
2200,104,21,102,11,2.320627297470276,10
2201,3,26,60,12,2.318286691403535,14
2202,88,32,91,15,2.315767764685104,17
2203,109,17,48,8,2.306624480190798,9
2204,43,22,94,11,2.3035147290035916,11
2205,58,12,50,6,2.3033767529431137,6
2206,109,22,102,10,2.3031948555261113,12
2207,23,13,109,6,2.301790643179129,7
2208,86,21,32,10,2.2989864902239003,11
2209,68,16,109,6,2.2985123206238915,10
2210,97,33,65,15,2.2943542233121987,18
2211,100,24,5,11,2.2932427434044684,13
2212,114,18,45,8,2.292094813707232,10
2213,106,13,4,7,2.287883468044352,6
2214,37,46,74,22,2.283869095408045,24
2215,63,38,114,15,2.2836807270192585,23
2216,88,20,35,10,2.2787018333731495,10
2217,80,16,71,8,2.275392383804814,8
2218,61,10,31,5,2.2696136748473603,5
2219,28,66,96,31,2.267406944603933,35
2220,85,12,7,5,2.2672729351147445,7
2221,106,45,88,19,2.2639858690375614,26
2222,95,30,25,14,2.25397314365567,16
2223,69,13,20,6,2.253225234520165,7
2224,41,14,54,7,2.251101436056138,7
2225,88,38,4,18,2.2459217004175493,20
2226,70,10,27,5,2.243263258457552,5
2227,49,23,17,9,2.2404394780670995,14
2228,7,18,11,8,2.239320590268621,10
2229,87,35,104,18,2.2393020839894087,17
2230,68,25,70,12,2.2334926025833988,13
2231,90,16,25,7,2.2261576936837058,9
2232,88,11,33,6,2.22422094342155,5
2233,11,11,114,6,2.222333602098374,5
2234,98,13,99,7,2.2212581677933785,6
2235,112,11,8,6,2.2144684353504553,5
2236,5,50,96,22,2.2114271922507607,28
2237,57,19,55,10,2.2104060039233278,9
2238,49,51,13,25,2.209069641169752,26
2239,84,15,76,7,2.2084039467189505,8
2240,86,97,28,44,2.2021810340637624,53
2241,107,50,106,24,2.1993074270722803,26
2242,62,20,39,10,2.1906158630571078,10
2243,31,10,54,5,2.186668926147148,5
2244,8,64,74,28,2.186622040651489,36
2245,13,16,112,8,2.186416558676373,8
2246,63,26,70,12,2.1813121472430437,14
2247,84,16,93,8,2.173203038685072,8
2248,33,11,39,5,2.170155887452032,6
2249,86,75,54,36,2.1689438842347455,39
2250,16,31,84,15,2.166724934437137,16
2251,88,14,74,5,2.165363961250821,9
2252,102,22,74,10,2.1384304011801047,12
2253,35,16,43,8,2.1256405181906697,8
2254,37,26,84,12,2.124049904647881,14
2255,94,13,69,6,2.120651277389855,7
2256,53,11,70,5,2.117480208536356,6
2257,65,38,37,19,2.116557677432621,19
2258,1,20,64,10,2.1164326209593654,10
2259,74,12,33,6,2.113811361820999,6
2260,77,10,3,4,2.1078393954054353,6
2261,83,34,55,17,2.0962093979720215,17
2262,97,22,8,11,2.094799206270941,11
2263,17,12,91,5,2.0932516032559634,7
2264,74,47,65,23,2.0847963525870914,24
2265,28,55,65,25,2.0838082258755595,30
2266,82,10,63,5,2.077975861296688,5
2267,84,12,19,6,2.073032726311791,6
2268,86,45,90,20,2.0574221764428238,25
2269,102,12,39,6,2.052163546243618,6
2270,65,31,80,15,2.0509198465423397,16
2271,93,21,88,9,2.047097578055209,12
2272,64,31,39,14,2.043169723980909,17
2273,18,34,51,17,2.042743355152735,17
2274,90,24,60,10,2.0397275719261816,14
2275,86,20,108,11,2.0383331764650165,9
2276,12,21,39,10,2.036046827182587,11
2277,100,19,74,9,2.03594794458151,10
2278,89,14,88,7,2.0354634990614118,7
2279,58,12,63,7,2.0345686518653676,5
2280,55,11,79,5,2.0315889229013426,6
2281,91,14,114,7,2.0312426341433967,7
2282,32,11,13,5,2.026181507027534,6
2283,75,30,87,14,2.0247725005088753,16
2284,8,36,90,16,2.0194647820717804,20
2285,83,22,97,12,2.007636873207567,10
2286,69,24,7,12,1.9945381002011566,12
2287,104,15,112,7,1.99393597279257,8
2288,13,38,50,18,1.9937674166002914,20
2289,70,55,86,25,1.9917052888221574,30
2290,53,19,4,9,1.987694792892671,10
2291,28,38,25,16,1.9833898911599184,22
2292,64,15,15,8,1.9745380862871305,7
2293,41,18,76,10,1.9724048364464457,8
2294,28,21,57,10,1.9693047937293828,11
2295,50,11,35,5,1.9581460146246747,6
2296,78,12,71,6,1.95458083263832,6
2297,36,34,64,17,1.9485056781764598,17
2298,25,20,55,9,1.9429576796619945,11
2299,23,14,31,6,1.9392936999416424,8
2300,110,13,104,5,1.9388474450810558,8
2301,32,10,98,5,1.9380052263831626,5
2302,20,19,30,9,1.9352963119709488,10
2303,102,29,114,13,1.9340899786626806,16
2304,23,14,97,7,1.9330528734436567,7
2305,70,19,40,8,1.9276789997691202,11
2306,114,56,86,27,1.9239569797033826,29
2307,114,21,18,10,1.923577249757446,11
2308,80,25,28,12,1.9225523112040792,13
2309,53,43,64,20,1.921457820047301,23
2310,70,21,41,11,1.919847111480952,10
2311,99,11,76,6,1.9173589523208343,5
2312,97,32,106,16,1.9159665785715099,16
2313,110,11,17,5,1.9155371371930665,6
2314,46,61,88,30,1.9022171114408313,31
2315,14,13,88,6,1.902096229341471,7
2316,108,25,51,12,1.9002486171144384,13
2317,13,87,65,40,1.8987319703858903,47
2318,8,83,55,42,1.896559935233285,41
2319,12,17,13,6,1.89366507601321,11
2320,109,24,84,11,1.893335137700528,13
2321,20,35,106,16,1.890590591428699,19
2322,25,23,64,11,1.8857238852847684,12
2323,2,41,8,20,1.8848654476169697,21
2324,27,40,68,18,1.8804967014192906,22
2325,8,14,79,8,1.8787453444383122,6
2326,13,22,78,10,1.87861245836491,12
2327,107,48,68,22,1.8731227489747677,26
2328,17,26,54,13,1.867393134138254,13
2329,39,34,104,16,1.8667262407201952,18
2330,37,95,5,46,1.8654288703425719,49
2331,39,49,60,24,1.859398798683601,25
2332,38,25,13,13,1.856740998480053,12
2333,87,61,106,30,1.856632619724249,31
2334,6,11,86,5,1.8539951054916266,6
2335,53,22,97,10,1.849246682219108,12
2336,13,30,17,14,1.8483382768762247,16
2337,84,38,96,19,1.8356486827006797,19
2338,86,26,57,11,1.8322546886695221,15
2339,54,20,49,10,1.829154265922774,10
2340,74,29,13,14,1.8278354237299064,15
2341,106,11,3,5,1.8270221877820192,6
2342,44,13,114,6,1.8263733365516701,7
2343,102,13,99,6,1.8212893413036875,7
2344,71,11,109,5,1.8196417828202216,6
2345,79,18,28,8,1.8130893193426152,10
2346,40,18,111,9,1.8104998545748818,9
2347,36,22,25,11,1.8071440138268557,11
2348,8,65,28,30,1.8060421386611976,35
2349,27,15,43,8,1.8001576129442611,7
2350,37,25,90,12,1.7816453937181782,13
2351,102,13,84,6,1.779322402529277,7
2352,104,62,16,29,1.778027708852634,33
2353,109,21,76,11,1.7708841969163662,10
2354,88,11,110,6,1.7642228121429866,5
2355,84,26,70,12,1.7530345342228948,14
2356,86,78,20,36,1.7515015201972057,42
2357,87,56,88,29,1.7513462767543788,27
2358,4,31,68,15,1.751066192618154,16
2359,97,38,107,19,1.7507246476170455,19
2360,53,39,51,19,1.7493185772901738,20
2361,94,10,65,5,1.74928216807962,5
2362,60,33,36,16,1.7416473627060747,17
2363,18,11,6,5,1.7414584600944751,6
2364,8,26,23,13,1.7400762718841152,13
2365,36,37,88,16,1.7392851936744347,21
2366,46,51,5,23,1.7323776092910628,28
2367,70,19,75,10,1.7314858975507377,9
2368,60,14,11,7,1.72978393860355,7
2369,50,13,12,8,1.7279667161947851,5
2370,1,31,107,15,1.727430404235514,16
2371,83,11,50,6,1.7272952536822097,5
2372,63,15,45,7,1.7260545689947924,8
2373,16,19,45,8,1.7223541453977003,11
2374,9,46,40,21,1.71485959208228,25
2375,81,20,107,10,1.7130423485236068,10
2376,9,42,86,19,1.7117622661778296,23
2377,54,40,7,19,1.7088310244062668,21
2378,107,10,72,5,1.7053543654591343,5
2379,48,10,37,5,1.7035937503192145,5
2380,20,16,102,8,1.6989391239814933,8
2381,36,15,23,9,1.6972875274185721,6
2382,51,25,23,12,1.6961813528047331,13
2383,7,74,40,33,1.6955910385318638,41
2384,9,23,46,10,1.6945658865661515,13
2385,50,18,69,10,1.686362400438779,8
2386,45,28,31,13,1.6710870406691087,15
2387,43,13,109,6,1.6656590774439002,7
2388,107,32,17,15,1.6568754180103666,17
2389,36,23,68,11,1.6511686348202657,12
2390,69,10,39,5,1.644395797770094,5
2391,95,10,57,6,1.6443605111684718,4
2392,38,12,80,5,1.6400661445963558,7
2393,16,86,28,40,1.6378648418649606,46
2394,7,78,41,38,1.6316845641232849,40
2395,39,19,96,8,1.6315253594413592,11
2396,68,48,86,24,1.6305448864752556,24
2397,112,20,9,10,1.6257132685716438,10
2398,16,41,114,18,1.6232837485706129,23
2399,29,15,51,7,1.6168777380555208,8
2400,70,13,43,6,1.6071210379776917,7
2401,30,12,35,6,1.603184870407584,6
2402,99,18,30,8,1.5949338139614577,10
2403,64,10,90,5,1.5921132093044654,5
2404,2,15,25,8,1.5845186001024008,7
2405,60,60,16,29,1.5827171720559003,31
2406,55,22,90,12,1.578656952498874,10
2407,60,25,46,12,1.5735893742532674,13
2408,40,58,88,27,1.5715316879527905,31
2409,58,12,43,6,1.5653312346763884,6
2410,9,14,111,7,1.5621342613374551,7
2411,97,12,100,6,1.5601199386945834,6
2412,86,50,30,25,1.5573237823378583,25
2413,104,23,83,10,1.5563880557352996,13
2414,106,15,14,8,1.5523885439078582,7
2415,16,27,111,12,1.5488999004290867,15
2416,11,26,74,12,1.5483769164487977,14
2417,57,12,43,4,1.547683226037978,8
2418,88,33,109,15,1.5470592807301102,18
2419,30,25,68,13,1.540357950667601,12
2420,51,52,60,22,1.5379585605411303,30
2421,97,25,46,12,1.5379422598602892,13
2422,107,22,112,10,1.5365255025501943,12
2423,13,23,45,11,1.536281477648622,12
2424,107,32,46,16,1.5343792707290018,16
2425,29,13,53,5,1.5317670028644748,8
2426,1,34,88,17,1.5234508852206479,17
2427,35,14,37,7,1.523131742310598,7
2428,43,12,8,6,1.5194230889621367,6
2429,39,39,28,19,1.5153571896545739,20
2430,46,12,55,5,1.5148590180899557,7
2431,28,63,5,31,1.5122016375527902,32
2432,50,17,108,9,1.5013768012598343,8
2433,17,13,112,6,1.4911982516586844,7
2434,4,59,13,27,1.4911690163054754,32
2435,87,51,54,23,1.4805638305796738,28
2436,61,15,13,8,1.4797550252097438,7
2437,73,15,63,8,1.4760785674332926,7
2438,11,17,32,9,1.4729852723414754,8
2439,86,32,2,16,1.4682447143488935,16
2440,57,13,40,6,1.4659794198664808,7
2441,112,16,23,7,1.4656028868993851,9
2442,84,16,10,8,1.4653276140138942,8
2443,47,19,65,9,1.4631124334160452,10
2444,65,61,68,29,1.4611429296521303,32
2445,31,21,47,10,1.4606130980712668,11
2446,86,64,55,30,1.4599929257917066,34
2447,25,23,83,10,1.4597201880554966,13
2448,8,16,38,8,1.4562520429495758,8
2449,50,16,89,7,1.4560158637801317,9
2450,11,25,13,12,1.4555242943364795,13
2451,53,30,55,14,1.4538038424746393,16
2452,106,55,63,27,1.4485566818099482,28
2453,38,14,30,8,1.4430439721156862,6
2454,39,20,70,9,1.4424153371414083,11
2455,20,21,97,11,1.439527960881874,10
2456,50,28,25,14,1.4391705454909012,14
2457,41,48,107,21,1.4315677718498427,27
2458,65,70,41,31,1.4285809086277084,39
2459,43,20,87,10,1.4273382250462692,10
2460,36,35,45,19,1.423273124508123,16
2461,15,22,60,10,1.4197687048169967,12
2462,12,16,40,8,1.4120822666164417,8
2463,102,15,11,6,1.4114820984859568,9
2464,51,66,68,34,1.4091475094665078,32
2465,63,22,112,11,1.4011863366223845,11
2466,70,17,95,9,1.4011695857654913,8
2467,75,12,44,5,1.399837377533035,7
2468,16,10,56,4,1.3984899579645478,6
2469,20,19,95,9,1.3957034121223277,10
2470,91,13,9,6,1.3946381880594532,7
2471,7,15,83,6,1.3943529604549396,9
2472,100,25,106,13,1.3941621457208537,12
2473,19,12,98,7,1.3932803968956504,5
2474,44,25,16,13,1.3924747988210242,12
2475,43,13,37,7,1.3915535608538905,6
2476,15,15,114,7,1.385848653276297,8
2477,36,11,29,6,1.3837445576600587,5
2478,50,41,11,19,1.3816262941644981,22
2479,95,31,7,14,1.3809406634768675,17
2480,106,30,41,15,1.3806292559177733,15
2481,6,11,69,6,1.3727715082405263,5
2482,75,10,48,5,1.3711471542080278,5
2483,90,11,76,6,1.3711097869836062,5
2484,43,32,60,15,1.366965509377514,17
2485,27,13,23,7,1.3665703255989456,6
2486,25,26,30,14,1.363384718034577,12
2487,107,39,70,20,1.3599998705907188,19
2488,63,91,65,44,1.3534100725026459,47
2489,97,37,88,18,1.349074362930903,19
2490,84,17,90,8,1.3434141546201468,9
2491,54,87,65,41,1.342980567229588,46
2492,71,48,7,25,1.3388864417450883,23
2493,8,66,37,32,1.3357403383797626,34
2494,61,13,65,7,1.327965247882516,6
2495,60,25,109,12,1.3235251021634884,13
2496,16,30,80,14,1.3220466579095416,16
2497,74,18,80,9,1.3199661328668575,9
2498,3,17,55,8,1.3172267439478242,9
2499,10,16,8,7,1.3145513780375315,9
2500,32,12,51,6,1.314434714983352,6
2501,37,12,108,6,1.3047215727540855,6
2502,70,11,102,7,1.3043211125718095,4
2503,5,44,13,21,1.302350985374302,23
2504,65,43,60,18,1.292557414516089,25
2505,2,22,74,10,1.2925512141562505,12
2506,97,20,109,10,1.283406905257821,10
2507,50,30,51,15,1.277023353905357,15
2508,50,27,65,13,1.2644687002361983,14
2509,55,26,99,12,1.2605449554949548,14
2510,40,62,51,30,1.2569124216168759,32
2511,68,45,63,22,1.2529349748796308,23
2512,16,22,33,9,1.250719949272024,13
2513,51,12,58,6,1.250645738107039,6
2514,109,30,16,15,1.2499451161124784,15
2515,65,10,89,5,1.246766687204138,5
2516,1,10,71,4,1.2456643982922146,6
2517,104,12,43,5,1.2430962980218274,7
2518,15,25,86,12,1.2421859247751872,13
2519,107,30,4,15,1.2387516471106226,15
2520,71,25,31,12,1.2380158081615504,13
2521,63,16,95,8,1.233969730193377,8
2522,19,11,60,6,1.2309433571747483,5
2523,71,26,9,12,1.2262156519313812,14
2524,87,50,55,24,1.2223891795427406,26
2525,15,14,19,7,1.2172999883243922,7
2526,98,11,74,5,1.2137114800422117,6
2527,64,42,88,19,1.2118692904336819,23
2528,25,33,97,16,1.211209753293348,17
2529,63,44,7,18,1.2086828652803667,26
2530,16,51,74,24,1.19895248847691,27
2531,25,25,109,12,1.1927554377225935,13
2532,69,17,43,8,1.1823687630105753,9
2533,88,42,49,20,1.178560438139782,22
2534,84,30,54,14,1.1752338053025546,16
2535,76,29,87,13,1.173923997825125,16
2536,47,16,27,7,1.1658557312566065,9
2537,41,63,13,31,1.1400581450751852,32
2538,60,73,71,35,1.1360670304013205,38
2539,23,47,16,22,1.133588423461974,25
2540,36,26,106,13,1.1307287364062801,13
2541,3,26,31,14,1.130409883055894,12
2542,33,13,114,7,1.1286658148323794,6
2543,61,18,88,10,1.1254133453483963,8
2544,7,85,65,44,1.1151148094385754,41
2545,63,47,40,22,1.1085655861732644,25
2546,73,13,55,6,1.1082443575059586,7
2547,91,12,47,6,1.1047106963660296,6
2548,40,19,45,9,1.1043531225931202,10
2549,96,18,2,9,1.1039761816908797,9
2550,70,39,106,20,1.1024614638047308,19
2551,77,11,17,5,1.1006600247668523,6
2552,54,16,33,7,1.1000953180608282,9
2553,14,16,11,7,1.0923565448715802,9
2554,40,13,74,6,1.0901529369074687,7
2555,64,19,97,9,1.0748997556854092,10
2556,68,48,9,23,1.0746763617541826,25
2557,67,20,37,9,1.0707700527635258,11
2558,106,12,66,5,1.070759127853136,7
2559,70,55,8,27,1.0665028298167964,28
2560,8,43,20,21,1.064860256583808,22
2561,104,30,109,15,1.0638658496000608,15
2562,15,27,7,15,1.0621237636890382,12
2563,18,35,87,16,1.0595333397572304,19
2564,16,37,40,17,1.0479395774839413,20
2565,20,32,13,16,1.0473604323868067,16
2566,54,28,102,14,1.0470828148001607,14
2567,114,19,69,8,1.0427404151557151,11
2568,90,21,88,11,1.0373159148886417,10
2569,114,29,20,14,1.0369418237684707,15
2570,45,14,3,7,1.0349134798027078,7
2571,35,22,7,11,1.0299988339542105,11
2572,109,56,86,27,1.0278219945967084,29
2573,11,41,87,22,1.027110181689243,19
2574,63,20,44,9,1.0233184771026502,11
2575,19,17,39,9,1.0227255734410843,8
2576,70,10,33,5,1.0222975969230632,5
2577,86,65,13,33,1.019501673559692,32
2578,98,28,107,14,1.0170960211152535,14
2579,65,37,12,19,1.0126389783896663,18
2580,13,43,75,20,1.005364432264769,23
2581,3,28,39,13,1.005279876255595,15
2582,114,11,93,6,1.004990658958168,5
2583,114,39,7,18,1.0047894280060632,21
2584,37,37,17,16,0.9978108601802018,21
2585,107,14,79,8,0.9916516151596949,6
2586,23,17,111,10,0.9902411232186314,7
2587,64,14,100,6,0.9873146869937531,8
2588,88,20,38,8,0.986482869291226,12
2589,87,53,51,26,0.9813193495830117,27
2590,8,67,54,35,0.9788096362147576,32
2591,50,29,17,13,0.9785385252670544,16
2592,51,33,31,14,0.9782499075201472,19
2593,107,65,5,32,0.9748363761521144,33
2594,79,11,88,5,0.9736004729947267,6
2595,114,26,17,11,0.9721557918960149,15
2596,14,16,87,7,0.9719183858987279,9
2597,37,50,51,27,0.9710667257210692,23
2598,68,21,77,10,0.9663968041399816,11
2599,80,10,17,6,0.9638999099498463,4
2600,30,26,51,12,0.9638359516152135,14
2601,15,32,13,15,0.9635834082688391,17
2602,104,38,106,19,0.9604760273979323,19
2603,106,11,103,6,0.9583580547252424,5
2604,87,55,39,26,0.9563895319312767,29
2605,14,14,5,6,0.9561035605846475,8
2606,3,32,68,15,0.9527649253755339,17
2607,63,23,53,11,0.9461903574638922,12
2608,86,20,34,9,0.9430547193197467,11
2609,112,13,114,7,0.9421647262329379,6
2610,47,33,39,16,0.9409236558902792,17
2611,7,10,108,4,0.9385265901557563,6
2612,30,14,48,6,0.9354845317821151,8
2613,9,38,39,20,0.9320441987636028,18
2614,102,11,83,5,0.9259324073609744,6
2615,33,17,86,9,0.9246066959077469,8
2616,102,18,65,10,0.9231577333764872,8
2617,75,27,114,13,0.9181862737012574,14
2618,13,20,33,10,0.918120505460343,10
2619,106,100,86,49,0.9173221659807225,51
2620,39,18,48,8,0.9127145579388772,10
2621,43,17,50,7,0.911659904777202,10
2622,36,35,75,19,0.9076169876586753,16
2623,23,13,3,6,0.9036934098771335,7
2624,64,41,68,18,0.9029247023462412,23
2625,84,17,79,9,0.9012801816556621,8
2626,68,17,74,7,0.9001065237726507,10
2627,8,24,48,11,0.8990865709573224,13
2628,77,54,60,26,0.8885977338841214,28
2629,60,17,83,8,0.8851626447494981,9
2630,77,21,4,10,0.8810684428976758,11
2631,37,21,57,10,0.8778160008276704,11
2632,12,26,51,12,0.8760267118024294,14
2633,111,47,68,24,0.8746288393374696,23
2634,7,27,49,15,0.8744069756975954,12
2635,19,11,30,5,0.8639657549674947,6
2636,55,21,71,9,0.863684832703073,12
2637,10,10,114,4,0.8617397018011257,6
2638,107,56,60,27,0.8615352019186363,29
2639,34,17,16,8,0.8560019455164203,9
2640,91,16,84,8,0.8558230534473272,8
2641,9,24,3,12,0.8521077531046838,12
2642,71,28,63,13,0.8479499084443569,15
2643,62,11,50,5,0.8451062062670078,6
2644,50,56,86,29,0.8444740252545996,27
2645,54,40,74,20,0.8415267564978521,20
2646,28,23,30,12,0.8403239904216823,11
2647,2,16,46,8,0.8285194662826778,8
2648,28,48,37,24,0.8263140292594408,24
2649,7,57,18,29,0.8231688841647112,28
2650,28,15,19,7,0.8170499543660485,8
2651,96,58,107,27,0.8081270899904945,31
2652,84,31,50,16,0.8064114901977948,15
2653,56,14,40,7,0.8062835825274064,7
2654,2,22,88,11,0.7956469041111237,11
2655,87,28,46,15,0.7941915016238118,13
2656,15,23,57,11,0.7930287445383305,12
2657,84,36,88,16,0.7832858549676552,20
2658,9,17,34,8,0.77910514985876,9
2659,104,45,114,21,0.7777920700848383,24
2660,88,37,20,19,0.7774406960445003,18
2661,87,22,99,10,0.7762165713325069,12
2662,43,28,65,15,0.7736410586664142,13
2663,97,20,93,10,0.7717644600090583,10
2664,33,15,104,8,0.7704375614853092,7
2665,110,12,54,6,0.762633303380524,6
2666,3,20,71,10,0.744611540631482,10
2667,46,24,84,11,0.744605770354001,13
2668,36,13,74,5,0.7437175733038444,8
2669,25,24,15,13,0.7394428200536315,11
2670,112,37,16,19,0.7389277057903361,18
2671,13,60,39,30,0.7375803753367649,30
2672,78,11,55,6,0.7363999336150038,5
2673,40,77,86,36,0.7352757671814381,41
2674,95,41,5,21,0.731606653431554,20
2675,9,40,51,20,0.7307574556314228,20
2676,58,25,9,13,0.7270071603708143,12
2677,86,39,3,18,0.7256558940842943,21
2678,61,18,40,9,0.7154895706830828,9
2679,82,13,28,7,0.7153587234866209,6
2680,68,51,60,26,0.7146206283070944,25
2681,13,17,96,8,0.7114671477918352,9
2682,76,25,8,13,0.7077738529790866,12
2683,18,23,104,13,0.701208945227421,10
2684,38,11,91,5,0.7003822911270713,6
2685,8,41,39,21,0.6937986397009377,20
2686,7,73,39,37,0.6920867889114359,36
2687,29,17,38,8,0.6873786981327397,9
2688,18,19,25,10,0.6816652439852776,9
2689,50,24,114,11,0.6812811811945304,13
2690,37,40,114,18,0.6680388190804037,22
2691,1,10,62,5,0.6629322217278115,5
2692,63,38,50,18,0.6599709375930062,20
2693,64,15,108,8,0.6582287703496978,7
2694,13,14,48,7,0.6567913870437307,7
2695,41,27,1,12,0.6450987397179471,15
2696,98,16,50,8,0.6426219058041094,8
2697,25,25,41,14,0.6394054706376684,11
2698,111,17,36,8,0.6365354853619557,9
2699,4,28,64,13,0.6316212138641686,15
2700,87,22,47,11,0.6305382362810187,11
2701,11,11,97,6,0.6269874474505769,5
2702,88,21,81,10,0.6261281112170193,11
2703,50,63,54,31,0.6257662884110836,32
2704,48,30,16,14,0.6253070630976002,16
2705,36,33,71,17,0.6241330409639582,16
2706,87,30,109,14,0.623370758412541,16
2707,51,58,55,29,0.6228899757373463,29
2708,109,13,40,7,0.6223424064374103,6
2709,76,30,96,14,0.6223340675935091,16
2710,31,22,58,11,0.6168553703735019,11
2711,43,20,114,11,0.6074470201565788,9
2712,91,16,70,7,0.6063303701253773,9
2713,63,15,34,7,0.6010869874219945,8
2714,71,32,106,15,0.6009609652453856,17
2715,61,10,86,5,0.5990640749995453,5
2716,30,24,40,12,0.5893402617113984,12
2717,76,13,36,4,0.5885035889042722,9
2718,11,30,39,15,0.5835846349669753,15
2719,64,15,17,8,0.5824319192017166,7
2720,17,43,51,22,0.578587223538638,21
2721,106,46,76,25,0.577289694916291,21
2722,23,12,53,6,0.5700661218932129,6
2723,75,51,65,26,0.5689430318120555,25
2724,40,10,94,5,0.5678516928680516,5
2725,11,11,27,6,0.5615364354397145,5
2726,97,31,2,15,0.5614740846174435,16
2727,83,10,2,5,0.5594397265150824,5
2728,3,10,4,5,0.5556184418282119,5
2729,5,49,54,23,0.5526115688513309,26
2730,86,26,85,13,0.5520922026279291,13
2731,92,17,7,7,0.5480230211986101,10
2732,104,55,13,27,0.5474902747445213,28
2733,98,27,16,13,0.5462850233229243,14
2734,64,29,54,15,0.5456745481805155,14
2735,87,14,6,7,0.5451369775684941,7
2736,86,32,80,16,0.5398930710578201,16
2737,106,10,1,5,0.539652861011431,5
2738,28,19,33,8,0.5377400393884932,11
2739,8,75,88,37,0.5304582267575177,38
2740,73,19,28,10,0.5214155246375574,9
2741,43,17,25,10,0.5197036131496171,7
2742,8,45,65,22,0.517695585596627,23
2743,15,33,16,18,0.5165041631650911,15
2744,106,68,28,33,0.5161436710076662,35
2745,41,11,90,6,0.513841479320257,5
2746,114,11,38,6,0.5127819422302534,5
2747,4,18,9,9,0.5118055197130339,9
2748,49,12,97,5,0.510198270023406,7
2749,51,22,71,11,0.5066228412969123,11
2750,23,10,9,5,0.5053397207394539,5
2751,18,29,41,15,0.5040827449695365,14
2752,90,13,91,6,0.5003235284827323,7
2753,88,35,31,18,0.4999807976090588,17
2754,5,59,87,29,0.4991669720547012,30
2755,5,39,63,22,0.49187190353271276,17
2756,107,81,28,38,0.4903077218319155,43
2757,13,68,60,31,0.48669975705893975,37
2758,57,14,104,5,0.4845128262229356,9
2759,37,17,62,10,0.47941613349669066,7
2760,95,28,74,13,0.47842550860281996,15
2761,75,31,41,14,0.47837138213253816,17
2762,25,51,39,26,0.4759465051184244,25
2763,37,13,69,6,0.4741041536564538,7
2764,113,11,86,6,0.46954311123939263,5
2765,65,54,31,26,0.46913887469692744,28
2766,104,32,68,15,0.4623896750421225,17
2767,87,16,111,8,0.45897322341286445,8
2768,107,81,8,37,0.451577946955366,44
2769,62,13,55,7,0.4490302976953222,6
2770,84,68,107,33,0.44679159638154914,35
2771,9,11,29,5,0.4445014025628295,6
2772,80,11,9,7,0.4439834453330457,4
2773,86,83,65,43,0.4411076558908754,40
2774,90,15,11,7,0.4409004522210816,8
2775,40,43,31,22,0.429627197462679,21
2776,33,11,99,6,0.42486651226142574,5
2777,13,53,9,25,0.4236599855238375,28
2778,87,46,96,22,0.4185307257645089,24
2779,5,14,38,7,0.4168378546295618,7
2780,31,33,86,17,0.4107692180392416,16
2781,50,18,79,9,0.4091046493522828,9
2782,98,14,114,7,0.4067842985377363,7
2783,27,17,106,10,0.4013630945998079,7
2784,109,30,13,14,0.40017243322978374,16
2785,107,95,7,42,0.39776976722684715,53
2786,20,13,85,6,0.39373981733351443,7
2787,88,13,78,6,0.3934639813104847,7
2788,55,16,41,8,0.3929137359889599,8
2789,23,18,54,9,0.39214168570707464,9
2790,8,13,44,6,0.3904420875790005,7
2791,69,30,36,15,0.38598798110099336,15
2792,65,10,85,5,0.3851248758076393,5
2793,8,35,50,16,0.38293825667797665,19
2794,114,28,71,14,0.3795577437704574,14
2795,70,22,97,12,0.3783758219642565,10
2796,14,18,84,8,0.37783903496494214,10
2797,40,16,108,7,0.373845897515691,9
2798,88,35,71,19,0.3711092012403024,16
2799,40,21,75,10,0.36863713867004627,11
2800,95,26,28,12,0.36814720179538635,14
2801,63,17,47,7,0.3681401863793021,10
2802,25,30,63,16,0.3669879376751877,14
2803,92,18,13,7,0.36521745881563183,11
2804,46,18,41,8,0.36430211798636986,10
2805,79,12,54,5,0.3524093679970092,7
2806,7,21,8,10,0.35073482330961425,11
2807,49,21,51,10,0.3351069066929168,11
2808,39,41,54,21,0.33442242846591713,20
2809,83,20,106,11,0.33164456490941063,9
2810,76,28,70,13,0.3288931307094032,15
2811,49,14,114,6,0.32751436291229447,8
2812,41,34,63,17,0.326061354616667,17
2813,65,48,39,22,0.3257402134811714,26
2814,114,68,107,33,0.32070298196932506,35
2815,83,25,28,14,0.3193130867023741,11
2816,107,42,27,21,0.3181414384685971,21
2817,51,13,92,7,0.31029394338620886,6
2818,57,19,46,9,0.3079095171810309,10
2819,54,66,16,34,0.3072456515754775,32
2820,53,28,86,16,0.3007788516561258,12
2821,114,60,88,30,0.29749332449413723,30
2822,88,15,48,6,0.2955612335778544,9
2823,13,42,27,22,0.2905119523861549,20
2824,57,11,53,6,0.2873041046379347,5
2825,67,12,25,6,0.2816428039469064,6
2826,96,12,67,7,0.27996501259109813,5
2827,53,18,5,8,0.2778213329671456,10
2828,107,66,63,36,0.27198379208064133,30
2829,69,11,19,6,0.2714192647995953,5
2830,36,11,38,4,0.26679215079866997,7
2831,37,22,76,12,0.2606095394442829,10
2832,16,22,72,11,0.25160173884610776,11
2833,13,47,28,23,0.25069457502774023,24
2834,47,17,41,9,0.24960180944275975,8
2835,39,41,41,22,0.24923068070915827,19
2836,40,25,47,14,0.24655985846699452,11
2837,83,20,88,11,0.24121558114701722,9
2838,30,20,106,10,0.23895557447172086,10
2839,64,19,45,9,0.2352744559029064,10
2840,57,14,20,7,0.22969067246688318,7
2841,65,10,101,5,0.22906131925901718,5
2842,67,12,84,5,0.22644335659627104,7
2843,72,16,7,8,0.22521266099875584,8
2844,11,24,65,11,0.2231872290555846,13
2845,107,40,18,22,0.21456452912257484,18
2846,53,21,44,9,0.2122113313421154,12
2847,53,54,13,29,0.2083631688927764,25
2848,28,11,66,5,0.2056598644516812,6
2849,46,23,17,12,0.20521498367655996,11
2850,44,14,107,7,0.20330478165271706,7
2851,46,16,71,7,0.19894184736909315,9
2852,107,61,74,29,0.19420996588142148,32
2853,98,11,100,5,0.18985443720382733,6
2854,88,35,37,17,0.1877253046596751,18
2855,35,12,70,7,0.18631436457958764,5
2856,107,104,86,51,0.18517759160958322,53
2857,44,15,65,6,0.18351226600640885,9
2858,71,33,8,17,0.17759312635004623,16
2859,96,37,55,19,0.17732770674363885,18
2860,88,53,41,27,0.17567237068802208,26
2861,57,11,27,5,0.1734544869302497,6
2862,11,47,106,26,0.17225906773687616,21
2863,7,51,4,26,0.16136746029798088,25
2864,62,12,106,6,0.1584669634691407,6
2865,84,22,80,10,0.15202664995311643,12
2866,51,20,98,10,0.14461940831704007,10
2867,73,10,25,5,0.1328731236438802,5
2868,51,13,44,8,0.13191763257362837,5
2869,60,76,7,38,0.13134493579901685,38
2870,28,22,98,9,0.12169006680659694,13
2871,40,28,18,16,0.11377047107058737,12
2872,49,16,8,7,0.1133484840104294,9
2873,98,13,97,7,0.11020600858990875,6
2874,3,32,51,19,0.10941984349961364,13
2875,94,13,60,6,0.10902380212835151,7
2876,2,18,84,9,0.10504403066305398,9
2877,68,13,44,7,0.10451112471006771,6
2878,93,20,107,9,0.10069325512074272,11
2879,74,39,25,20,0.09563368284676016,19
2880,25,65,16,32,0.09364645449744402,33
2881,30,15,96,8,0.09214636377364425,7
2882,114,29,36,13,0.09213128587786307,16
2883,95,52,86,24,0.08956033992826938,28
2884,97,36,74,17,0.07931920932357782,19
2885,63,46,87,22,0.07921188185625391,24
2886,107,73,54,35,0.07798228457878793,38
2887,55,15,108,8,0.07480659095217349,7
2888,84,20,65,9,0.07280165631996083,11
2889,106,21,40,10,0.06808253080226546,11
2890,108,15,74,7,0.06305457719799344,8
2891,8,70,106,37,0.05212763279076112,33
2892,8,16,27,7,0.051328614148521634,9
2893,34,19,50,10,0.05002588679712766,9
2894,73,16,106,8,0.04700386219362951,8
2895,65,11,81,6,0.04550793535821782,5
2896,31,11,97,5,0.04256244744109723,6
2897,60,46,53,24,0.03721429045624209,22
2898,41,23,27,11,0.03715076021582355,12
2899,9,14,81,7,0.035788297634864304,7
2900,45,17,71,7,0.03389797077786283,10
2901,84,19,17,10,0.032612383959908106,9
2902,106,42,50,20,0.025298087208634697,22
2903,65,25,112,12,0.02355293411431118,13
2904,107,58,39,28,0.022002026984637022,30
2905,89,15,28,8,0.018607611913672883,7
2906,35,24,86,11,0.011498856499630127,13
2907,11,41,46,21,0.010078384039398624,20
2908,109,17,83,7,0.00972932964701334,10
2909,90,33,16,15,0.006116246156991541,18
2910,16,33,90,18,-0.0061162461569911645,15
2911,83,17,109,10,-0.009729329647013785,7
2912,46,41,11,20,-0.010078384039398624,21
2913,86,24,35,13,-0.011498856499629817,11
2914,28,15,89,7,-0.018607611913672648,8
2915,39,58,107,30,-0.022002026984636165,28
2916,112,25,65,13,-0.02355293411431229,12
2917,50,42,106,22,-0.02529808720863334,20
2918,17,19,84,9,-0.03261238395990876,10
2919,71,17,45,10,-0.03389797077786216,7
2920,81,14,9,7,-0.035788297634866885,7
2921,27,23,41,12,-0.037150760215824086,11
2922,53,46,60,22,-0.03721429045624189,24
2923,97,11,31,6,-0.042562447441096586,5
2924,81,11,65,5,-0.04550793535821569,6
2925,106,16,73,8,-0.0470038621936304,8
2926,50,19,34,9,-0.05002588679712785,10
2927,27,16,8,9,-0.051328614148522966,7
2928,106,70,8,33,-0.05212763279076128,37
2929,74,15,108,8,-0.06305457719799369,7
2930,40,21,106,11,-0.0680825308022658,10
2931,65,20,84,11,-0.07280165631996083,9
2932,108,15,55,7,-0.07480659095217229,8
2933,54,73,107,38,-0.07798228457878872,35
2934,87,46,63,24,-0.07921188185625398,22
2935,74,36,97,19,-0.07931920932357782,17
2936,86,52,95,28,-0.08956033992827091,24
2937,36,29,114,16,-0.09213128587786189,13
2938,96,15,30,7,-0.09214636377364507,8
2939,16,65,25,33,-0.09364645449744435,32
2940,25,39,74,19,-0.0956336828467596,20
2941,44,13,68,6,-0.10451112471006657,7
2942,84,18,2,9,-0.10504403066305477,9
2943,60,13,94,7,-0.10902380212834957,6
2944,51,32,3,13,-0.1094198434996142,19
2945,97,13,98,6,-0.11020600858990862,7
2946,8,16,49,9,-0.11334848401042974,7
2947,18,28,40,12,-0.11377047107058744,16
2948,98,22,28,13,-0.1216900668065983,9
2949,7,76,60,38,-0.13134493579901632,38
2950,44,13,51,5,-0.1319176325736292,8
2951,25,10,73,5,-0.1328731236438802,5
2952,98,20,51,10,-0.14461940831704023,10
2953,80,22,84,12,-0.15202664995311627,10
2954,106,12,62,6,-0.15846696346914188,6
2955,4,51,7,25,-0.16136746029798163,26
2956,16,53,11,30,-0.16260546222798214,23
2957,106,47,11,21,-0.17225906773687602,26
2958,27,11,57,6,-0.17345448693024937,5
2959,41,53,88,26,-0.17567237068802258,27
2960,55,37,96,18,-0.17732770674364082,19
2961,8,33,71,16,-0.17759312635004632,17
2962,65,15,44,9,-0.1835122660064091,6
2963,86,104,107,53,-0.18517759160958278,51
2964,70,12,35,5,-0.18631436457958692,7
2965,37,35,88,18,-0.18772530465967646,17
2966,100,11,98,6,-0.18985443720382733,5
2967,71,16,46,9,-0.19894184736909182,7
2968,107,14,44,7,-0.20330478165271787,7
2969,17,23,46,11,-0.2052149836765593,12
2970,66,11,28,6,-0.20565986445168055,5
2971,13,54,53,25,-0.20836316889277592,29
2972,44,21,53,12,-0.2122113313421161,9
2973,18,40,107,18,-0.21456452912257684,22
2974,65,24,11,13,-0.22318722905558436,11
2975,7,16,72,8,-0.22521266099875537,8
2976,84,12,67,7,-0.22644335659627166,5
2977,101,10,65,5,-0.2290613192590168,5
2978,20,14,57,7,-0.2296906724668833,7
2979,45,19,64,10,-0.23527445590290527,9
2980,106,20,30,10,-0.2389555744717199,10
2981,88,20,83,9,-0.24121558114701463,11
2982,47,25,40,11,-0.24655985846699366,14
2983,41,41,39,19,-0.24923068070915905,22
2984,41,17,47,8,-0.24960180944275975,9
2985,28,47,13,24,-0.2506945750277439,23
2986,72,22,16,11,-0.25160173884610787,11
2987,76,22,37,10,-0.26060953944428406,12
2988,38,11,36,7,-0.26679215079866964,4
2989,19,11,69,5,-0.2714192647995956,6
2990,63,66,107,30,-0.2719837920806408,36
2991,5,18,53,10,-0.277821332967146,8
2992,67,12,96,5,-0.279965012591097,7
2993,25,12,67,6,-0.2816428039469064,6
2994,53,11,57,5,-0.2873041046379331,6
2995,27,42,13,20,-0.29051195238615496,22
2996,48,15,88,9,-0.29556123357785347,6
2997,88,60,114,30,-0.2974933244941375,30
2998,86,28,53,12,-0.300778851656125,16
2999,16,66,54,32,-0.30724565157547695,34
3000,46,19,57,10,-0.3079095171810289,9
3001,92,13,51,6,-0.31029394338620975,7
3002,27,42,107,21,-0.3181414384685979,21
3003,28,25,83,11,-0.3193130867023753,14
3004,107,68,114,35,-0.3207029819693246,33
3005,39,48,65,26,-0.32574021348116955,22
3006,63,34,41,17,-0.3260613546166661,17
3007,114,14,49,8,-0.32751436291229385,6
3008,70,28,76,15,-0.32889313070940346,13
3009,106,20,83,9,-0.3316445649094112,11
3010,54,41,39,20,-0.3344224284659163,21
3011,51,21,49,11,-0.3351069066929168,10
3012,8,21,7,11,-0.3507348233096159,10
3013,54,12,79,7,-0.352409367997008,5
3014,41,18,46,10,-0.36430211798637085,8
3015,13,18,92,11,-0.3652174588156323,7
3016,63,30,25,14,-0.3669879376751877,16
3017,47,17,63,10,-0.368140186379302,7
3018,28,26,95,14,-0.36814720179538646,12
3019,75,21,40,11,-0.3686371386700461,10
3020,71,35,88,16,-0.37110920124030156,19
3021,108,16,40,9,-0.3738458975156912,7
3022,84,18,14,10,-0.37783903496494253,8
3023,97,22,70,10,-0.3783758219642562,12
3024,71,28,114,14,-0.3795577437704577,14
3025,50,35,8,19,-0.3829382566779763,16
3026,85,10,65,5,-0.3851248758076405,5
3027,36,30,69,15,-0.3859879811009911,15
3028,44,13,8,7,-0.3904420875789997,6
3029,54,18,23,9,-0.39214168570707364,9
3030,41,16,55,8,-0.39291373598895946,8
3031,78,13,88,7,-0.3934639813104835,6
3032,85,13,20,7,-0.3937398173335161,6
3033,7,95,107,53,-0.3977697672268478,42
3034,13,30,109,16,-0.4001724332297835,14
3035,106,17,27,7,-0.40136309459980746,10
3036,114,14,98,7,-0.40678429853773473,7
3037,79,18,50,9,-0.4091046493522828,9
3038,86,33,31,16,-0.4107692180392426,17
3039,38,14,5,7,-0.4168378546295618,7
3040,96,46,87,24,-0.4185307257645087,22
3041,9,53,13,28,-0.4236599855238383,25
3042,99,11,33,5,-0.4248665122614248,6
3043,31,43,40,21,-0.4296271974626791,22
3044,11,15,90,8,-0.4409004522210813,7
3045,65,83,86,40,-0.44110765589087725,43
3046,9,11,80,4,-0.4439834453330448,7
3047,29,11,9,6,-0.44450140256282983,5
3048,107,68,84,35,-0.44679159638154975,33
3049,55,13,62,6,-0.4490302976953225,7
3050,8,81,107,44,-0.4515779469553662,37
3051,111,16,87,8,-0.45897322341286373,8
3052,68,32,104,17,-0.4623896750421223,15
3053,31,54,65,28,-0.4691388746969265,26
3054,86,11,113,5,-0.46954311123939296,6
3055,69,13,37,7,-0.47410415365645314,6
3056,39,51,25,25,-0.4759465051184236,26
3057,41,31,75,17,-0.47837138213253816,14
3058,74,28,95,15,-0.4784255086028221,13
3059,62,17,37,7,-0.47941613349669043,10
3060,104,14,57,9,-0.4845128262229359,5
3061,60,68,13,37,-0.48669975705893814,31
3062,28,81,107,43,-0.49030772183191534,38
3063,63,39,5,17,-0.4918719035327135,22
3064,87,59,5,30,-0.49916697205470045,29
3065,31,35,88,17,-0.499980797609059,18
3066,91,13,90,7,-0.5003235284827329,6
3067,41,29,18,14,-0.5040827449695369,15
3068,9,10,23,5,-0.5053397207394532,5
3069,71,22,51,11,-0.5066228412969127,11
3070,97,12,49,7,-0.510198270023406,5
3071,9,18,4,9,-0.5118055197130339,9
3072,38,11,114,5,-0.5127819422302561,6
3073,90,11,41,5,-0.513841479320257,6
3074,28,68,106,35,-0.5161436710076651,33
3075,16,33,15,15,-0.5165041631650912,18
3076,65,45,8,23,-0.5176955855966269,22
3077,25,17,43,7,-0.5197036131496168,10
3078,28,19,73,9,-0.5214155246375576,10
3079,88,75,8,38,-0.5304582267575169,37
3080,33,19,28,11,-0.5377400393884936,8
3081,1,10,106,5,-0.5396528610114302,5
3082,80,32,86,16,-0.5398930710578194,16
3083,6,14,87,7,-0.5451369775684937,7
3084,54,29,64,14,-0.5456745481805153,15
3085,16,27,98,14,-0.5462850233229247,13
3086,13,55,104,28,-0.5474902747445204,27
3087,7,17,92,10,-0.5480230211986107,7
3088,85,26,86,13,-0.5520922026279292,13
3089,54,49,5,26,-0.5526115688513301,23
3090,4,10,3,5,-0.5556184418282125,5
3091,2,10,83,5,-0.559439726515081,5
3092,2,31,97,16,-0.5614740846174444,15
3093,27,11,11,5,-0.5615364354397134,6
3094,107,36,90,19,-0.5646498466658356,17
3095,94,10,40,5,-0.5678516928680514,5
3096,65,51,75,25,-0.5689430318120551,26
3097,53,12,23,6,-0.5700661218932138,6
3098,51,43,17,21,-0.5785872235386386,22
3099,17,15,64,7,-0.5824319192017173,8
3100,39,30,11,15,-0.5835846349669755,15
3101,36,13,76,9,-0.5885035889042698,4
3102,40,24,30,12,-0.5893402617113975,12
3103,86,10,61,5,-0.5990640749995453,5
3104,106,32,71,17,-0.6009609652453869,15
3105,34,15,63,8,-0.6010869874219955,7
3106,70,16,91,9,-0.6063303701253777,7
3107,114,20,43,9,-0.6074470201565787,11
3108,58,22,31,11,-0.6168553703735028,11
3109,96,30,76,16,-0.6223340675935105,14
3110,40,13,109,6,-0.6223424064374109,7
3111,55,58,51,29,-0.622889975737348,29
3112,109,30,87,16,-0.623370758412541,14
3113,71,33,36,16,-0.6241330409639598,17
3114,16,30,48,16,-0.6253070630976005,14
3115,54,63,50,32,-0.6257662884110818,31
3116,81,21,88,11,-0.62612811121702,10
3117,97,11,11,5,-0.626987447450576,6
3118,47,22,87,11,-0.6305382362810174,11
3119,64,28,4,15,-0.6316212138641698,13
3120,36,17,111,9,-0.6365354853619557,8
3121,41,25,25,11,-0.6394054706376676,14
3122,50,16,98,8,-0.6426219058041119,8
3123,1,27,41,15,-0.6450987397179483,12
3124,48,14,13,7,-0.6567913870437321,7
3125,108,15,64,7,-0.6582287703496964,8
3126,50,38,63,20,-0.6599709375930077,18
3127,62,10,1,5,-0.6629322217278115,5
3128,114,40,37,22,-0.6680388190804033,18
3129,114,24,50,13,-0.6812811811945291,11
3130,25,19,18,9,-0.6816652439852758,10
3131,38,17,29,9,-0.6873786981327392,8
3132,39,73,7,36,-0.6920867889114356,37
3133,39,41,8,20,-0.6937986397009376,21
3134,91,11,38,6,-0.7003822911270713,5
3135,104,23,18,10,-0.7012089452274208,13
3136,8,25,76,12,-0.7077738529790857,13
3137,96,17,13,9,-0.7114671477918357,8
3138,60,51,68,25,-0.7146206283070936,26
3139,28,13,82,6,-0.7153587234866207,7
3140,40,18,61,9,-0.7154895706830816,9
3141,3,39,86,21,-0.7256558940842948,18
3142,9,25,58,12,-0.727007160370813,13
3143,51,40,9,20,-0.7307574556314229,20
3144,5,41,95,20,-0.7316066534315533,21
3145,86,77,40,41,-0.7352757671814375,36
3146,55,11,78,5,-0.7363999336150034,6
3147,39,60,13,30,-0.7375803753367645,30
3148,16,37,112,18,-0.7389277057903356,19
3149,15,24,25,11,-0.7394428200536295,13
3150,74,13,36,8,-0.743717573303844,5
3151,84,24,46,13,-0.7446057703540011,11
3152,71,20,3,10,-0.7446115406314829,10
3153,54,12,110,6,-0.7626333033805247,6
3154,104,15,33,7,-0.7704375614853106,8
3155,93,20,97,10,-0.7717644600090567,10
3156,65,28,43,13,-0.7736410586664141,15
3157,99,22,87,12,-0.7762165713325071,10
3158,114,45,104,24,-0.7777920700848373,21
3159,34,17,9,9,-0.77910514985876,8
3160,88,36,84,20,-0.7832858549676565,16
3161,57,23,15,12,-0.79302874453833,11
3162,46,28,87,13,-0.7941915016238148,15
3163,88,22,2,11,-0.7956469041111237,11
3164,40,14,56,7,-0.8062835825274064,7
3165,50,31,84,15,-0.8064114901977935,16
3166,107,58,96,31,-0.8081270899904945,27
3167,19,15,28,8,-0.8170499543660473,7
3168,20,27,74,13,-0.8203305748765273,14
3169,18,57,7,28,-0.8231688841647117,29
3170,37,48,28,24,-0.8263140292594411,24
3171,46,16,2,8,-0.8285194662826783,8
3172,30,23,28,11,-0.840323990421683,12
3173,74,40,54,20,-0.8415267564978521,20
3174,86,56,50,27,-0.8444740252545996,29
3175,50,11,62,6,-0.8451062062670082,5
3176,63,28,71,15,-0.8479499084443569,13
3177,3,24,9,12,-0.852107753104684,12
3178,84,16,91,8,-0.855823053447327,8
3179,16,17,34,9,-0.8560019455164201,8
3180,60,56,107,29,-0.8615352019186375,27
3181,114,10,10,6,-0.8617397018011254,4
3182,71,21,55,12,-0.8636848327030733,9
3183,30,11,19,6,-0.8639657549674944,5
3184,49,27,7,12,-0.8744069756975955,15
3185,68,47,111,23,-0.87462883933747,24
3186,51,26,12,14,-0.8760267118024314,12
3187,57,21,37,11,-0.877816000827672,10
3188,4,21,77,11,-0.8810684428976734,10
3189,83,17,60,9,-0.8851626447494985,8
3190,60,54,77,28,-0.8885977338841214,26
3191,48,24,8,13,-0.8990865709573216,11
3192,74,17,68,10,-0.9001065237726515,7
3193,79,17,84,8,-0.9012801816556617,9
3194,68,41,64,23,-0.9029247023462396,18
3195,3,13,23,7,-0.9036934098771321,6
3196,75,35,36,16,-0.9076169876586756,19
3197,50,17,43,10,-0.911659904777202,7
3198,48,18,39,10,-0.9127145579388771,8
3199,33,20,13,10,-0.9181205054603415,10
3200,114,27,75,14,-0.9181862737012573,13
3201,65,18,102,8,-0.9231577333764884,10
3202,86,17,33,8,-0.9246066959077452,9
3203,83,11,102,6,-0.9259324073609722,5
3204,39,38,9,18,-0.9320441987636049,20
3205,48,14,30,8,-0.9354845317821149,6
3206,108,10,7,6,-0.9385265901557558,4
3207,39,33,47,17,-0.9409236558902793,16
3208,114,13,112,6,-0.9421647262329372,7
3209,34,20,86,11,-0.9430547193197466,9
3210,53,23,63,12,-0.9461903574638926,11
3211,68,32,3,17,-0.9527649253755344,15
3212,5,14,14,8,-0.9561035605846475,6
3213,39,55,87,29,-0.9563895319312766,26
3214,103,11,106,5,-0.9583580547252434,6
3215,106,38,104,19,-0.9604760273979325,19
3216,13,32,15,17,-0.9635834082688385,15
3217,51,26,30,14,-0.9638359516152128,12
3218,17,10,80,4,-0.963899909949846,6
3219,77,21,68,11,-0.966396804139982,10
3220,51,50,37,23,-0.9710667257210696,27
3221,87,16,14,9,-0.9719183858987275,7
3222,17,26,114,15,-0.9721557918960135,11
3223,88,11,79,6,-0.973600472994728,5
3224,5,65,107,33,-0.9748363761521153,32
3225,31,33,51,19,-0.9782499075201476,14
3226,17,29,50,16,-0.9785385252670543,13
3227,54,67,8,32,-0.9788096362147561,35
3228,51,53,87,27,-0.9813193495830127,26
3229,38,20,88,12,-0.9864828692912241,8
3230,100,14,64,8,-0.9873146869937529,6
3231,111,17,23,7,-0.9902411232186308,10
3232,79,14,107,6,-0.9916516151596952,8
3233,17,37,37,21,-0.9978108601802036,16
3234,7,39,114,21,-1.0047894280060643,18
3235,93,11,114,5,-1.0049906589581687,6
3236,39,28,3,15,-1.0052798762555943,13
3237,75,43,13,23,-1.0053644322647692,20
3238,12,37,65,18,-1.0126389783896657,19
3239,107,28,98,14,-1.0170960211152535,14
3240,13,65,86,32,-1.0195016735596916,33
3241,33,10,70,5,-1.0222975969230645,5
3242,39,17,19,8,-1.022725573441084,9
3243,44,20,63,11,-1.0233184771026504,9
3244,16,24,102,12,-1.0260354064972297,12
3245,87,41,11,19,-1.0271101816892427,22
3246,86,56,109,29,-1.027821994596708,27
3247,7,22,35,11,-1.02999883395421,11
3248,3,14,45,7,-1.0349134798027073,7
3249,20,29,114,15,-1.0369418237684724,14
3250,88,21,90,10,-1.0373159148886413,11
3251,69,19,114,11,-1.0427404151557151,8
3252,102,28,54,14,-1.047082814800161,14
3253,13,32,20,16,-1.0473604323868067,16
3254,40,37,16,20,-1.0479395774839417,17
3255,87,35,18,19,-1.059533339757231,16
3256,7,27,15,12,-1.0621237636890393,15
3257,109,30,104,15,-1.063865849600061,15
3258,20,43,8,22,-1.0648602565838075,21
3259,8,55,70,28,-1.0665028298167962,27
3260,66,12,106,7,-1.0707591278531368,5
3261,37,20,67,11,-1.0707700527635244,9
3262,9,48,68,25,-1.0746763617541837,23
3263,97,19,64,10,-1.0748997556854094,9
3264,74,13,40,7,-1.0901529369074696,6
3265,11,16,14,9,-1.0923565448715815,7
3266,33,16,54,9,-1.1000953180608284,7
3267,17,11,77,6,-1.1006600247668523,5
3268,106,39,70,19,-1.1024614638047292,20
3269,11,53,16,24,-1.1029332419268028,29
3270,2,18,96,9,-1.1039761816908782,9
3271,45,19,40,10,-1.1043531225931214,9
3272,47,12,91,6,-1.104710696366028,6
3273,55,13,73,7,-1.1082443575059588,6
3274,40,47,63,25,-1.1085655861732648,22
3275,65,85,7,41,-1.1151148094385757,44
3276,88,18,61,8,-1.1254133453483963,10
3277,114,13,33,6,-1.1286658148323805,7
3278,31,26,3,12,-1.1304098830558946,14
3279,106,26,36,13,-1.1307287364062808,13
3280,16,47,23,25,-1.1335884234619735,22
3281,71,73,60,38,-1.1360670304013198,35
3282,13,63,41,32,-1.1400581450751837,31
3283,27,16,47,9,-1.1658557312566071,7
3284,74,14,12,7,-1.1676100167547812,7
3285,54,30,84,16,-1.1752338053025533,14
3286,49,42,88,22,-1.178560438139783,20
3287,43,17,69,9,-1.1823687630105748,8
3288,109,25,25,13,-1.1927554377225942,12
3289,74,51,16,27,-1.1989524884769094,24
3290,7,44,63,26,-1.2086828652803665,18
3291,97,33,25,17,-1.2112097532933461,16
3292,88,42,64,23,-1.2118692904336803,19
3293,74,11,98,6,-1.2137114800422124,5
3294,19,14,15,7,-1.2172999883243922,7
3295,55,50,87,26,-1.2223891795427406,24
3296,9,26,71,14,-1.2262156519313807,12
3297,60,11,19,5,-1.230943357174749,6
3298,95,16,63,8,-1.233969730193377,8
3299,31,25,71,13,-1.2380158081615502,12
3300,4,30,107,15,-1.2387516471106224,15
3301,86,25,15,13,-1.2421859247751836,12
3302,43,12,104,7,-1.2430962980218272,5
3303,71,10,1,6,-1.2456643982922142,4
3304,89,10,65,5,-1.2467666872041385,5
3305,16,30,109,15,-1.2499451161124762,15
3306,58,12,51,6,-1.250645738107039,6
3307,33,22,16,13,-1.2507199492720238,9
3308,63,45,68,23,-1.2529349748796315,22
3309,51,62,40,32,-1.256912421616875,30
3310,99,26,55,14,-1.260544955494955,12
3311,14,15,107,7,-1.262180496300674,8
3312,65,27,50,14,-1.2644687002361992,13
3313,51,30,50,15,-1.277023353905357,15
3314,109,20,97,10,-1.2834069052578214,10
3315,88,17,12,9,-1.2849459638777523,8
3316,74,22,2,12,-1.2925512141562505,10
3317,60,43,65,25,-1.2925574145160876,18
3318,13,44,5,23,-1.3023509853743016,21
3319,102,11,70,4,-1.3043211125718082,7
3320,108,12,37,6,-1.3047215727540855,6
3321,51,12,32,6,-1.314434714983353,6
3322,8,16,10,9,-1.3145513780375313,7
3323,55,17,3,9,-1.3172267439478242,8
3324,80,18,74,9,-1.3199661328668575,9
3325,80,30,16,16,-1.3220466579095416,14
3326,109,25,60,13,-1.3235251021634893,12
3327,65,13,61,6,-1.3279652478825155,7
3328,37,66,8,34,-1.3357403383797612,32
3329,7,48,71,23,-1.3388864417450879,25
3330,65,87,54,46,-1.342980567229587,41
3331,90,17,84,9,-1.3434141546201466,8
3332,88,37,97,19,-1.3490743629309028,18
3333,65,91,63,47,-1.3534100725026463,44
3334,70,39,107,19,-1.3599998705907195,20
3335,30,26,25,12,-1.3633847180345777,14
3336,23,13,27,6,-1.3665703255989474,7
3337,60,32,43,17,-1.3669655093775135,15
3338,76,11,90,5,-1.371109786983603,6
3339,48,10,75,5,-1.3711471542080287,5
3340,69,11,6,5,-1.3727715082405267,6
3341,41,30,106,15,-1.3806292559177735,15
3342,7,31,95,17,-1.3809406634768695,14
3343,11,41,50,22,-1.3816262941644981,19
3344,29,11,36,5,-1.3837445576600587,6
3345,114,15,15,8,-1.3858486532762986,7
3346,37,13,43,6,-1.39155356085389,7
3347,16,25,44,12,-1.3924747988210244,13
3348,98,12,19,5,-1.3932803968956486,7
3349,106,25,100,12,-1.3941621457208517,13
3350,83,15,7,9,-1.3943529604549403,6
3351,9,13,91,7,-1.3946381880594534,6
3352,95,19,20,10,-1.3957034121223266,9
3353,56,10,16,6,-1.398489957964547,4
3354,44,12,75,7,-1.3998373775330364,5
3355,95,17,70,8,-1.4011695857654913,9
3356,112,22,63,11,-1.4011863366223842,11
3357,68,66,51,32,-1.4091475094665074,34
3358,11,15,102,9,-1.4114820984859553,6
3359,40,16,12,8,-1.412082266616442,8
3360,60,22,15,12,-1.4197687048169967,10
3361,45,35,36,16,-1.4232731245081227,19
3362,87,20,43,10,-1.427338225046271,10
3363,41,70,65,39,-1.4285809086277088,31
3364,107,48,41,27,-1.4315677718498419,21
3365,25,28,50,14,-1.4391705454909016,14
3366,97,21,20,10,-1.4395279608818727,11
3367,70,20,39,11,-1.442415337141408,9
3368,30,14,38,6,-1.4430439721156856,8
3369,63,55,106,28,-1.4485566818099482,27
3370,55,30,53,16,-1.4538038424746405,14
3371,13,25,11,13,-1.4555242943364795,12
3372,89,16,50,9,-1.4560158637801313,7
3373,38,16,8,8,-1.4562520429495762,8
3374,83,23,25,13,-1.459720188055496,10
3375,55,64,86,34,-1.4599929257917068,30
3376,47,21,31,11,-1.4606130980712662,10
3377,68,61,65,32,-1.4611429296521323,29
3378,65,19,47,10,-1.4631124334160444,9
3379,10,16,84,8,-1.4653276140138924,8
3380,23,16,112,9,-1.4656028868993891,7
3381,40,13,57,7,-1.4659794198664808,6
3382,2,32,86,16,-1.4682447143488924,16
3383,32,17,11,8,-1.4729852723414758,9
3384,63,15,73,7,-1.4760785674332912,8
3385,13,15,61,7,-1.4797550252097438,8
3386,54,51,87,28,-1.4805638305796713,23
3387,13,59,4,32,-1.4911690163054772,27
3388,112,13,17,7,-1.4911982516586844,6
3389,108,17,50,8,-1.5013768012598367,9
3390,5,63,28,32,-1.5122016375527894,31
3391,55,12,46,7,-1.514859018089955,5
3392,28,39,39,20,-1.5153571896545759,19
3393,8,12,43,6,-1.5194230889621378,6
3394,37,14,35,7,-1.523131742310598,7
3395,88,34,1,17,-1.5234508852206479,17
3396,53,13,29,8,-1.5317670028644754,5
3397,46,32,107,16,-1.5343792707290005,16
3398,45,23,13,12,-1.5362814776486233,11
3399,112,22,107,12,-1.5365255025501958,10
3400,46,25,97,13,-1.53794225986029,12
3401,60,52,51,30,-1.5379585605411297,22
3402,68,25,30,12,-1.5403579506676015,13
3403,74,61,107,33,-1.5445233108407423,28
3404,43,12,57,8,-1.547683226037978,4
3405,74,26,11,14,-1.5483769164487973,12
3406,111,27,16,15,-1.5488999004290869,12
3407,14,15,106,7,-1.552388543907857,8
3408,83,23,104,13,-1.5563880557352991,10
3409,30,50,86,25,-1.5573237823378576,25
3410,100,12,97,6,-1.5601199386945845,6
3411,111,14,9,7,-1.5621342613374538,7
3412,43,12,58,6,-1.565331234676389,6
3413,86,100,106,52,-1.5692663469089445,48
3414,88,58,40,31,-1.5715316879527899,27
3415,46,25,60,13,-1.5735893742532685,12
3416,90,22,55,10,-1.578656952498874,12
3417,16,60,60,31,-1.5827171720558997,29
3418,25,15,2,7,-1.5845186001024019,8
3419,90,10,64,5,-1.5921132093044663,5
3420,30,18,99,10,-1.5949338139614573,8
3421,35,12,30,6,-1.603184870407585,6
3422,43,13,70,7,-1.6071210379776915,6
3423,51,15,29,8,-1.6168777380555197,7
3424,114,41,16,23,-1.6232837485706122,18
3425,9,20,112,10,-1.6257132685716436,10
3426,86,48,68,24,-1.6305448864752552,24
3427,96,19,39,11,-1.6315253594413601,8
3428,41,78,7,40,-1.6316845641232842,38
3429,28,86,16,46,-1.637864841864961,40
3430,80,12,38,7,-1.640066144596355,5
3431,57,10,95,4,-1.6443605111684718,6
3432,39,10,69,5,-1.6443957977700934,5
3433,68,23,36,12,-1.6511686348202665,11
3434,17,32,107,17,-1.6568754180103662,15
3435,48,19,106,10,-1.6634533717988316,9
3436,109,13,43,7,-1.6656590774438986,6
3437,31,28,45,15,-1.6710870406691087,13
3438,69,18,50,8,-1.6863624004387787,10
3439,46,23,9,13,-1.6945658865661515,10
3440,40,74,7,41,-1.6955910385318649,33
3441,23,25,51,13,-1.6961813528047356,12
3442,23,15,36,6,-1.6972875274185715,9
3443,102,16,20,8,-1.6989391239814924,8
3444,37,10,48,5,-1.703593750319215,5
3445,72,10,107,5,-1.705354365459133,5
3446,7,40,54,21,-1.7088310244062668,19
3447,86,42,9,23,-1.7117622661778302,19
3448,107,20,81,10,-1.7130423485236068,10
3449,40,46,9,25,-1.7148595920822798,21
3450,45,19,16,11,-1.7223541453976996,8
3451,90,36,107,18,-1.723381098959678,18
3452,45,15,63,8,-1.7260545689947928,7
3453,50,11,83,5,-1.7272952536822093,6
3454,107,31,1,16,-1.7274304042355133,15
3455,12,13,50,5,-1.7279667161947843,8
3456,20,14,93,8,-1.728558212953566,6
3457,11,14,60,7,-1.729783938603551,7
3458,75,19,70,9,-1.7314858975507368,10
3459,5,51,46,28,-1.7323776092910628,23
3460,106,19,48,10,-1.7335189393534853,9
3461,88,37,36,21,-1.7392851936744331,16
3462,23,26,8,13,-1.7400762718841147,13
3463,6,11,18,6,-1.7414584600944745,5
3464,36,33,60,17,-1.7416473627060742,16
3465,65,10,94,5,-1.7492821680796196,5
3466,51,39,53,20,-1.7493185772901758,19
3467,107,38,97,19,-1.7507246476170446,19
3468,68,31,4,16,-1.7510661926181545,15
3469,88,56,87,27,-1.7513462767543797,29
3470,20,78,86,42,-1.7515015201972068,36
3471,70,26,84,14,-1.7530345342228948,12
3472,110,11,88,5,-1.7642228121429868,6
3473,76,21,109,10,-1.7708841969163658,11
3474,16,62,104,33,-1.7780277088526335,29
3475,84,13,102,7,-1.7793224025292758,6
3476,102,24,16,13,-1.7801591114112068,11
3477,90,25,37,13,-1.7816453937181784,12
3478,43,15,27,7,-1.8001576129442598,8
3479,28,65,8,35,-1.8060421386611965,30
3480,25,22,36,11,-1.8071440138268584,11
3481,111,18,40,9,-1.8104998545748818,9
3482,28,18,79,10,-1.8130893193426156,8
3483,109,11,71,6,-1.819641782820222,5
3484,99,13,102,7,-1.8212893413036864,6
3485,114,13,44,7,-1.8263733365516708,6
3486,3,11,106,6,-1.8270221877820196,5
3487,13,29,74,15,-1.8278354237299068,14
3488,49,20,54,10,-1.8291542659227744,10
3489,57,26,86,15,-1.8322546886695215,11
3490,96,38,84,19,-1.835648682700679,19
3491,17,30,13,16,-1.848338276876224,14
3492,97,22,53,12,-1.8492466822191078,10
3493,86,11,6,6,-1.8539951054916275,5
3494,106,61,87,31,-1.8566326197242504,30
3495,13,25,38,12,-1.856740998480051,13
3496,60,49,39,25,-1.8593987986836014,24
3497,5,95,37,49,-1.865428870342572,46
3498,104,34,39,18,-1.8667262407201952,16
3499,54,26,17,13,-1.867393134138254,13
3500,68,48,107,26,-1.873122748974768,22
3501,78,22,13,12,-1.8786124583649098,10
3502,79,14,8,6,-1.8787453444383126,8
3503,68,40,27,22,-1.8804967014192888,18
3504,8,41,2,21,-1.8848654476169693,20
3505,64,23,25,12,-1.8857238852847689,11
3506,106,35,20,19,-1.890590591428699,16
3507,84,24,109,13,-1.893335137700527,11
3508,13,17,12,11,-1.8936650760132092,6
3509,55,83,8,41,-1.8965599352332858,42
3510,65,87,13,47,-1.8987319703858903,40
3511,51,25,108,13,-1.9002486171144384,12
3512,88,13,14,7,-1.902096229341472,6
3513,88,61,46,31,-1.9022171114408328,30
3514,17,11,110,6,-1.9155371371930654,5
3515,106,32,97,16,-1.9159665785715099,16
3516,76,11,99,5,-1.9173589523208336,6
3517,41,21,70,10,-1.9198471114809519,11
3518,64,43,53,23,-1.9214578200473016,20
3519,28,25,80,13,-1.9225523112040797,12
3520,18,21,114,11,-1.923577249757447,10
3521,86,56,114,29,-1.9239569797033842,27
3522,40,19,70,11,-1.9276789997691202,8
3523,97,14,23,7,-1.9330528734436563,7
3524,114,29,102,16,-1.9340899786626797,13
3525,98,10,32,5,-1.9380052263831622,5
3526,104,13,110,8,-1.9388474450810558,5
3527,31,14,23,8,-1.9392936999416424,6
3528,55,20,25,11,-1.9429576796619947,9
3529,64,34,36,17,-1.9485056781764598,17
3530,71,12,78,6,-1.9545808326383198,6
3531,35,11,50,6,-1.9581460146246743,5
3532,57,21,28,11,-1.9693047937293835,10
3533,76,18,41,8,-1.972404836446448,10
3534,15,15,64,7,-1.974538086287131,8
3535,76,46,106,22,-1.9803869538705086,24
3536,25,38,28,22,-1.983389891159918,16
3537,4,19,53,10,-1.987694792892672,9
3538,86,55,70,30,-1.99170528882216,25
3539,50,38,13,20,-1.9937674166002943,18
3540,112,15,104,8,-1.9939359727925703,7
3541,7,24,69,12,-1.9945381002011557,12
3542,97,22,83,10,-2.007636873207568,12
3543,90,36,8,20,-2.01946478207178,16
3544,87,30,75,16,-2.024772500508876,14
3545,13,11,32,6,-2.026181507027533,5
3546,114,14,91,7,-2.031242634143396,7
3547,79,11,55,6,-2.0315889229013417,5
3548,63,12,58,5,-2.0345686518653676,7
3549,88,14,89,7,-2.035463499061412,7
3550,74,19,100,10,-2.0359479445815105,9
3551,39,21,12,11,-2.0360468271825893,10
3552,108,20,86,9,-2.0383331764650157,11
3553,60,24,90,14,-2.039727571926182,10
3554,51,34,18,17,-2.042743355152735,17
3555,39,31,64,17,-2.0431697239809092,14
3556,88,21,93,12,-2.047097578055207,9
3557,80,31,65,16,-2.05091984654234,15
3558,39,12,102,6,-2.0521635462436176,6
3559,90,45,86,25,-2.0574221764428238,20
3560,19,12,84,6,-2.073032726311792,6
3561,63,10,82,5,-2.0779758612966877,5
3562,65,55,28,30,-2.0838082258755577,25
3563,65,47,74,24,-2.0847963525870905,23
3564,91,12,17,7,-2.0932516032559643,5
3565,8,22,97,11,-2.094799206270941,11
3566,55,34,83,17,-2.0962093979720193,17
3567,3,10,77,6,-2.1078393954054353,4
3568,33,12,74,6,-2.113811361821,6
3569,64,20,1,10,-2.116432620959366,10
3570,37,38,65,19,-2.116557677432621,19
3571,70,11,53,6,-2.117480208536356,5
3572,69,13,94,7,-2.1206512773898547,6
3573,84,26,37,14,-2.1240499046478805,12
3574,43,16,35,8,-2.1256405181906706,8
3575,74,14,88,9,-2.16536396125082,5
3576,84,31,16,16,-2.1667249344371378,15
3577,54,75,86,39,-2.1689438842347455,36
3578,39,11,33,6,-2.1701558874520313,5
3579,93,16,84,8,-2.173203038685071,8
3580,70,26,63,14,-2.1813121472430432,12
3581,112,16,13,8,-2.186416558676373,8
3582,74,64,8,36,-2.1866220406514896,28
3583,54,10,31,5,-2.1866689261471493,5
3584,39,20,62,10,-2.1906158630571055,10
3585,28,97,86,53,-2.2021810340637624,44
3586,76,15,84,8,-2.2084039467189505,7
3587,13,51,49,26,-2.2090696411697515,25
3588,55,19,57,9,-2.210406003923328,10
3589,96,50,5,28,-2.21142719225076,22
3590,8,11,112,5,-2.214468435350456,6
3591,99,13,98,6,-2.22125816779338,7
3592,114,11,11,5,-2.2223336020983733,6
3593,33,11,88,5,-2.224220943421554,6
3594,25,16,90,9,-2.226157693683706,7
3595,74,27,20,15,-2.230377352624161,12
3596,70,25,68,13,-2.2334926025833965,12
3597,104,35,87,17,-2.2393020839894078,18
3598,11,18,7,10,-2.23932059026862,8
3599,17,23,49,14,-2.240439478067099,9
3600,27,10,70,5,-2.243263258457554,5
3601,4,38,88,20,-2.24592170041755,18
3602,54,14,41,7,-2.2511014360561394,7
3603,20,13,69,7,-2.2532252345201647,6
3604,25,30,95,16,-2.25397314365567,14
3605,88,45,106,26,-2.2639858690375605,19
3606,7,12,85,7,-2.267272935114745,5
3607,96,66,28,35,-2.2674069446039327,31
3608,31,10,61,5,-2.2696136748473594,5
3609,71,16,80,8,-2.2753923838048147,8
3610,35,20,88,10,-2.2787018333731495,10
3611,114,38,63,23,-2.2836807270192585,15
3612,74,46,37,24,-2.2838690954080456,22
3613,4,13,106,6,-2.287883468044352,7
3614,45,18,114,10,-2.292094813707231,8
3615,5,24,100,13,-2.2932427434044693,11
3616,65,33,97,18,-2.294354223312199,15
3617,109,16,68,10,-2.29851232062389,6
3618,32,21,86,11,-2.2989864902239,10
3619,109,13,23,7,-2.3017906431791286,6
3620,102,22,109,12,-2.303194855526112,10
3621,50,12,58,6,-2.303376752943112,6
3622,94,22,43,11,-2.3035147290035924,11
3623,48,17,109,9,-2.3066244801907967,8
3624,91,32,88,17,-2.315767764685103,15
3625,60,26,3,14,-2.3182866914035363,12
3626,102,21,104,10,-2.320627297470276,11
3627,27,10,94,5,-2.326350825248068,5
3628,64,23,50,12,-2.3285304422785043,11
3629,5,51,109,26,-2.3285813949081646,25
3630,29,20,16,10,-2.329592750683846,10
3631,53,28,25,14,-2.3301510854690832,14
3632,63,22,46,10,-2.3313756374008836,12
3633,4,17,104,10,-2.3357072159096566,7
3634,50,13,6,7,-2.341492332331065,6
3635,37,58,107,31,-2.3520883092822156,27
3636,31,36,4,21,-2.3535355966794675,15
3637,49,48,39,27,-2.353804446492822,21
3638,109,14,96,8,-2.3566759619593642,6
3639,5,23,99,12,-2.3616219022642833,11
3640,39,46,63,28,-2.3626947638130464,18
3641,76,26,28,13,-2.364350304549829,13
3642,70,19,7,12,-2.364945757295021,7
3643,50,24,40,14,-2.3671440474550494,10
3644,112,19,50,11,-2.3689643473531765,8
3645,96,55,8,30,-2.3714393570924233,25
3646,68,106,7,57,-2.372479004873661,49
3647,107,40,71,23,-2.3760609676092477,17
3648,17,23,8,12,-2.380809098241683,11
3649,56,13,75,8,-2.3840139649043506,5
3650,28,54,88,30,-2.3841654810723805,24
3651,104,25,96,14,-2.3866419839158355,11
3652,71,21,4,13,-2.3871750117365993,8
3653,95,40,104,22,-2.389034218387607,18
3654,8,12,111,6,-2.390343846489093,6
3655,87,22,83,11,-2.3903571419434884,11
3656,63,17,17,9,-2.392516388601692,8
3657,87,22,29,13,-2.3927220644385314,9
3658,28,38,46,22,-2.3990178798165633,16
3659,8,10,56,6,-2.4000860547179794,4
3660,60,20,78,10,-2.402430835134886,10
3661,80,26,20,14,-2.4033351571638573,12
3662,69,18,9,10,-2.4050002453980612,8
3663,38,21,68,12,-2.407021082950757,9
3664,51,24,47,12,-2.4094573680997575,12
3665,93,33,8,17,-2.4111455321691304,16
3666,92,11,65,6,-2.411285975254871,5
3667,16,38,57,20,-2.4125806226483553,18
3668,39,35,71,19,-2.4158892555534424,16
3669,54,17,94,9,-2.418369665890047,8
3670,25,46,107,24,-2.4187485647838773,22
3671,99,11,109,6,-2.419517402501058,5
3672,112,10,94,5,-2.4238269159246055,5
3673,17,18,34,10,-2.4265857697933275,8
3674,28,48,87,25,-2.4310937249340157,23
3675,75,20,91,7,-2.4323694332612673,13
3676,51,19,14,12,-2.4338441230915153,7
3677,64,37,107,19,-2.435414553814307,18
3678,106,39,55,22,-2.4381392466666045,17
3679,86,18,12,10,-2.4382543520920796,8
3680,88,31,96,16,-2.4406464912019885,15
3681,50,10,32,4,-2.4440541907162716,6
3682,3,20,28,11,-2.459553189839291,9
3683,27,10,54,5,-2.463869496934477,5
3684,69,17,74,8,-2.466497282082454,9
3685,74,40,87,22,-2.4671563114027464,18
3686,81,17,4,10,-2.467812477706327,7
3687,9,61,7,31,-2.4756046461152823,30
3688,39,30,95,16,-2.481130681096556,14
3689,111,11,18,6,-2.489910872635885,5
3690,3,20,65,11,-2.4971368500383213,9
3691,109,18,37,10,-2.5010134043415313,8
3692,51,70,88,34,-2.5063635186764337,36
3693,96,37,106,21,-2.5084238105055885,16
3694,107,30,34,17,-2.5096553899166283,13
3695,55,43,75,25,-2.5125301308500276,18
3696,36,15,12,8,-2.5163199425137495,7
3697,50,32,39,17,-2.524569549657206,15
3698,55,70,13,37,-2.5251872046456105,33
3699,57,13,3,7,-2.5261648975187154,6
3700,4,18,39,10,-2.5267698999647226,8
3701,51,45,8,24,-2.5271962911390995,21
3702,9,33,36,18,-2.527924078037467,15
3703,64,27,87,14,-2.5304532187422577,13
3704,107,27,108,14,-2.5311945782165,13
3705,60,11,111,7,-2.535604443502029,4
3706,11,35,63,21,-2.539597707853179,14
3707,16,13,52,7,-2.542332195506543,6
3708,38,20,64,11,-2.5449420802693488,9
3709,36,74,7,40,-2.54935875079736,34
3710,1,19,73,11,-2.5534291003907295,8
3711,83,16,51,10,-2.556300922595479,6
3712,63,10,83,4,-2.557624644664858,6
3713,41,45,51,24,-2.5612918082451848,21
3714,51,43,28,22,-2.5635290356109595,21
3715,87,13,92,7,-2.5651869545632544,6
3716,107,50,50,26,-2.5656690703128167,24
3717,3,13,69,8,-2.5732249505733895,5
3718,71,14,69,7,-2.582352607553779,7
3719,7,50,104,27,-2.5854072339864174,23
3720,62,21,87,11,-2.586304566496697,10
3721,87,25,71,13,-2.590103521421834,12
3722,109,10,1,5,-2.592960677140225,5
3723,31,23,39,13,-2.5934090452929364,10
3724,27,19,40,8,-2.5947052105553348,11
3725,13,83,68,46,-2.5976902388524796,37
3726,91,23,36,13,-2.600483205457647,10
3727,86,20,93,11,-2.6126285193850958,9
3728,40,16,11,9,-2.612795985816362,7
3729,2,13,76,8,-2.6134640032331116,5
3730,64,28,75,15,-2.614396425436705,13
3731,72,19,13,9,-2.614608915773624,10
3732,107,21,29,13,-2.6150940750243037,8
3733,41,12,11,8,-2.6159479780993316,4
3734,20,26,11,15,-2.6225934054521076,11
3735,86,36,91,19,-2.627461430980282,17
3736,84,17,13,10,-2.627956202763828,7
3737,11,10,15,5,-2.630075529152564,5
3738,39,30,17,17,-2.63473827504273,13
3739,114,28,54,14,-2.6355280322257006,14
3740,72,15,54,8,-2.641293556986857,7
3741,95,14,33,8,-2.6415453896084555,6
3742,107,23,85,12,-2.6429439355468864,11
3743,5,60,16,35,-2.643518445682432,25
3744,37,21,30,12,-2.6448172779185537,9
3745,86,43,23,23,-2.6484576158238538,20
3746,8,24,30,13,-2.6514132136935475,11
3747,65,48,53,25,-2.6519126498591334,23
3748,36,13,57,8,-2.653116090105381,5
3749,88,29,92,16,-2.65412565592523,13
3750,91,13,74,7,-2.658254293210725,6
3751,76,10,47,3,-2.6595736051653853,7
3752,27,49,7,26,-2.6647214457148434,23
3753,74,25,114,13,-2.666972342657448,12
3754,75,18,95,10,-2.672802736686619,8
3755,44,17,25,9,-2.673535476281759,8
3756,5,25,39,13,-2.6791322172692884,12
3757,17,17,90,8,-2.680753861205159,9
3758,35,11,13,6,-2.684594978225239,5
3759,71,40,65,23,-2.6867803351656674,17
3760,88,40,11,22,-2.6877923972728404,18
3761,18,14,12,8,-2.7036570911929836,6
3762,13,86,16,48,-2.7044647737102747,38
3763,70,16,49,8,-2.7131214221068403,8
3764,80,11,95,6,-2.7197438471090796,5
3765,28,50,11,26,-2.7199624016130106,24
3766,70,31,104,17,-2.7208109249750048,14
3767,88,53,55,31,-2.721264805593774,22
3768,30,12,9,7,-2.7296904854733155,5
3769,34,12,75,6,-2.7327928404854562,6
3770,106,50,65,27,-2.735321183024918,23
3771,63,12,99,6,-2.7377253409939377,6
3772,104,22,97,11,-2.7396377781056187,11
3773,63,17,78,8,-2.7493489255748647,9
3774,19,12,38,8,-2.7513058656159664,4
3775,60,31,18,17,-2.759241709022921,14
3776,8,79,86,40,-2.762520741926732,39
3777,77,17,5,9,-2.7658375671945885,8
3778,40,11,38,5,-2.771552043064858,6
3779,10,11,5,5,-2.7716738654503192,6
3780,11,50,8,28,-2.78289927873935,22
3781,91,31,28,17,-2.78581966806185,14
3782,97,15,9,7,-2.7891659901703596,8
3783,47,22,16,12,-2.7903508791092206,10
3784,36,13,100,7,-2.7923934619121096,6
3785,1,26,7,14,-2.793205495238504,12
3786,114,25,4,13,-2.7973762559419417,12
3787,109,20,50,11,-2.798084616202662,9
3788,57,20,78,10,-2.8044525957100293,10
3789,112,14,106,7,-2.805082024542768,7
3790,41,15,99,8,-2.808167291861728,7
3791,36,32,1,16,-2.8095303452930684,16
3792,106,33,68,18,-2.8127952198562447,15
3793,48,17,65,10,-2.813018636762518,7
3794,98,12,39,7,-2.813957257779375,5
3795,87,24,80,13,-2.819287013293175,11
3796,47,13,64,8,-2.821240379057225,5
3797,71,13,18,7,-2.821320109059578,6
3798,38,21,16,13,-2.8217292489636367,8
3799,23,47,107,25,-2.8244859300002187,22
3800,81,23,53,13,-2.832269045840244,10
3801,74,33,104,19,-2.832959821636547,14
3802,65,18,77,9,-2.836180648453273,9
3803,58,14,16,8,-2.8389435880706166,6
3804,60,12,89,6,-2.8396731138810423,6
3805,23,19,95,10,-2.8404436396815522,9
3806,104,13,23,8,-2.8445076862849517,5
3807,44,13,28,6,-2.846139863099275,7
3808,33,13,97,7,-2.8486496222061595,6
3809,18,20,74,10,-2.8496142222224696,10
3810,17,27,7,15,-2.85132939083683,12
3811,57,17,68,9,-2.8518699569408628,8
3812,96,16,73,9,-2.853430398009382,7
3813,99,18,51,9,-2.8534777973740635,9
3814,17,11,99,6,-2.8559138463200195,5
3815,65,25,15,14,-2.862354953283159,11
3816,20,42,87,22,-2.869120615934056,20
3817,69,21,87,12,-2.8736651185365396,9
3818,75,21,27,11,-2.8742147115996155,10
3819,60,23,63,13,-2.8746236800640066,10
3820,16,13,85,8,-2.8813506371354958,5
3821,74,24,75,14,-2.8903655619324415,10
3822,84,20,9,11,-2.891724480498797,9
3823,19,12,112,7,-2.8952293935903284,5
3824,78,20,68,11,-2.8969266940151783,9
3825,70,10,44,5,-2.8975248911261424,5
3826,112,10,45,6,-2.897726145007349,4
3827,108,13,71,7,-2.8992906212622866,6
3828,109,51,28,29,-2.9004083862878964,22
3829,37,19,91,10,-2.9050960547005253,9
3830,84,37,87,20,-2.908877911803523,17
3831,79,15,7,8,-2.9111710091731053,7
3832,108,12,25,7,-2.9132670669268257,5
3833,106,19,102,9,-2.9207255392565092,10
3834,86,82,74,43,-2.9212877807151494,39
3835,63,31,9,17,-2.9234885327226117,14
3836,100,24,8,14,-2.9246971191484055,10
3837,3,15,61,7,-2.93476140357165,8
3838,87,20,36,12,-2.9355732508976633,8
3839,76,17,30,10,-2.9372015853586078,7
3840,40,32,41,17,-2.946728808508273,15
3841,65,20,18,10,-2.9468351166959508,10
3842,38,31,86,17,-2.9478210267751135,14
3843,8,16,80,8,-2.9519293865537106,8
3844,46,23,114,13,-2.9631435316072414,10
3845,57,18,25,10,-2.964934950553877,8
3846,53,11,47,6,-2.967218161853792,5
3847,37,21,2,11,-2.96975801126945,10
3848,4,32,36,19,-2.9739066740354194,13
3849,106,36,84,18,-2.9754739608250116,18
3850,51,12,6,6,-2.980948961210987,6
3851,49,24,107,12,-2.9811174657733575,12
3852,53,27,95,17,-2.981134349868032,10
3853,30,10,74,5,-2.9862406732405895,5
3854,7,25,100,14,-2.9877637593718043,11
3855,60,17,38,10,-2.989624968675235,7
3856,18,10,27,5,-2.996654278290003,5
3857,69,11,4,6,-2.9994841766617175,5
3858,34,14,96,8,-3.001763014782562,6
3859,20,37,88,19,-3.003632967463921,18
3860,37,47,20,25,-3.0049852144749636,22
3861,29,16,7,7,-3.0054928601317066,9
3862,7,27,6,12,-3.013941061604383,15
3863,99,12,27,6,-3.0280763102634345,6
3864,49,16,65,9,-3.0342561495428084,7
3865,3,10,62,6,-3.0368788868426506,4
3866,65,39,25,23,-3.0368934823131157,16
3867,87,20,27,11,-3.0371137450576833,9
3868,96,13,38,7,-3.0422152322461713,6
3869,86,42,71,22,-3.0606693617391714,20
3870,55,14,48,8,-3.0636269177668387,6
3871,25,18,71,10,-3.0644100067848146,8
3872,114,40,60,18,-3.0670908685799043,22
3873,25,30,75,17,-3.069551733540898,13
3874,41,11,74,5,-3.0735662157516845,6
3875,102,30,28,16,-3.0740911214451745,14
3876,107,70,51,41,-3.078951091083176,29
3877,87,14,45,8,-3.086220297325659,6
3878,107,72,13,38,-3.093612492720178,34
3879,77,27,13,15,-3.0976815832127267,12
3880,86,31,49,16,-3.0977725602373374,15
3881,91,10,64,6,-3.0993479020870796,4
3882,68,14,99,8,-3.100103615084465,6
3883,27,13,74,6,-3.1002755903304386,7
3884,60,15,92,9,-3.101629065738581,6
3885,106,25,109,13,-3.1028448270841773,12
3886,53,26,106,13,-3.1050273222192404,13
3887,86,91,63,53,-3.106277287763664,38
3888,4,24,50,12,-3.1105592371369597,12
3889,17,25,25,14,-3.1106502600539105,11
3890,80,11,36,6,-3.1158574211756616,5
3891,88,61,60,35,-3.1160238698452347,26
3892,23,23,75,11,-3.148733601092015,12
3893,17,13,87,7,-3.155787932459329,6
3894,84,85,86,44,-3.15758944772919,41
3895,82,21,86,12,-3.1586560919846263,9
3896,49,17,68,9,-3.1607693699001054,8
3897,62,17,13,9,-3.161295276739798,8
3898,74,14,90,9,-3.168061351028922,5
3899,51,48,54,26,-3.1685476843403935,22
3900,86,16,110,9,-3.1694821197260485,7
3901,60,25,106,15,-3.171261503808182,10
3902,7,32,43,19,-3.1749602918386843,13
3903,65,25,83,13,-3.1850517665827933,12
3904,50,54,37,28,-3.1883352760136074,26
3905,5,61,88,32,-3.1946532218196624,29
3906,81,14,68,8,-3.1985312995714845,6
3907,5,49,55,27,-3.198953177181802,22
3908,39,41,36,23,-3.1998605067578225,18
3909,76,12,44,7,-3.2019945343572456,5
3910,17,28,106,17,-3.2039846830051117,11
3911,60,15,84,10,-3.2064037329190676,5
3912,31,47,60,23,-3.2094707274879264,24
3913,97,19,50,11,-3.210625734622642,8
3914,94,13,114,6,-3.211141820323351,7
3915,74,16,17,9,-3.21177055102783,7
3916,23,19,64,10,-3.2123729115980186,9
3917,100,11,9,7,-3.213107615631007,4
3918,28,39,55,23,-3.2184704312839756,16
3919,63,29,97,16,-3.219195053710692,13
3920,7,55,23,30,-3.222928305376168,25
3921,3,30,107,15,-3.2234988326665532,15
3922,16,21,4,10,-3.223993814900797,11
3923,85,13,28,7,-3.2289881226450365,6
3924,35,18,16,11,-3.2305329948687067,7
3925,87,21,2,12,-3.2308938185741103,9
3926,112,32,86,18,-3.2310885065798707,14
3927,97,10,56,5,-3.2314262120369195,5
3928,36,49,107,26,-3.234838704648262,23
3929,60,25,99,14,-3.238194459102709,11
3930,8,18,68,10,-3.2434866605613224,8
3931,16,45,41,23,-3.2495789716339614,22
3932,6,15,68,9,-3.251551578791195,6
3933,25,47,114,27,-3.2540864225169766,20
3934,95,14,84,8,-3.2568961944145873,6
3935,74,24,7,15,-3.257493143792889,9
3936,95,14,76,8,-3.257651508839797,6
3937,54,56,28,31,-3.262278028179984,25
3938,7,114,13,62,-3.264302615697635,52
3939,102,12,13,8,-3.269263582511039,4
3940,93,14,70,8,-3.2714518634318708,6
3941,17,12,85,7,-3.2737777276415283,5
3942,91,11,102,6,-3.2738070744638943,5
3943,67,13,114,7,-3.274670651234843,6
3944,86,49,60,27,-3.2754717222931737,22
3945,47,22,107,12,-3.281473065538478,10
3946,51,84,13,44,-3.2836443054550073,40
3947,54,11,69,6,-3.2958233839310727,5
3948,41,22,57,13,-3.299539223302888,9
3949,5,60,104,32,-3.3007473735225057,28
3950,48,29,28,16,-3.3030143286202387,13
3951,15,12,28,6,-3.307663426492388,6
3952,66,11,86,6,-3.309294151623436,5
3953,75,31,60,17,-3.313915862803686,14
3954,84,16,97,10,-3.316428205809935,6
3955,30,18,49,10,-3.318164342935083,8
3956,17,26,28,14,-3.328116205795543,12
3957,50,19,41,11,-3.331657114556132,8
3958,54,33,80,17,-3.332215932419911,16
3959,109,12,69,7,-3.3344685187765157,5
3960,76,13,71,6,-3.3359186512389036,7
3961,5,13,68,7,-3.3380294056441127,6
3962,98,20,54,11,-3.3414082574983,9
3963,33,13,75,8,-3.342736023465549,5
3964,70,47,16,27,-3.3445553948476245,20
3965,91,15,40,8,-3.345577169162442,7
3966,20,10,83,5,-3.347889825164404,5
3967,107,15,14,9,-3.3479962116917545,6
3968,70,30,88,17,-3.3524090493184286,13
3969,3,12,54,6,-3.3552278990212483,6
3970,8,23,14,13,-3.3634201583462153,10
3971,97,25,54,13,-3.364815342765676,12
3972,20,17,40,10,-3.3649339637959637,7
3973,17,11,72,6,-3.3662129756747095,5
3974,55,56,107,30,-3.369618935589803,26
3975,44,13,100,7,-3.3720452657314217,6
3976,98,15,73,8,-3.3800553651819163,7
3977,55,28,36,15,-3.383336577257353,13
3978,9,28,60,17,-3.384232112219374,11
3979,88,13,19,7,-3.3883003963549876,6
3980,55,48,39,27,-3.3894226122709816,21
3981,104,10,73,6,-3.391491099464731,4
3982,28,13,4,7,-3.3940824912486858,6
3983,17,20,68,12,-3.395638967050424,8
3984,87,29,76,17,-3.3995265465111264,12
3985,84,29,55,16,-3.4012305577969593,13
3986,98,26,104,12,-3.4091853213510745,14
3987,36,11,17,5,-3.417273645156755,6
3988,37,12,4,7,-3.4218717037755084,5
3989,25,31,102,17,-3.4382241991917164,14
3990,39,29,114,15,-3.4411172111260955,14
3991,40,58,60,32,-3.4423663485116376,26
3992,46,25,68,14,-3.4494659871080535,11
3993,23,21,37,11,-3.4530437057487418,10
3994,5,23,33,12,-3.454327509177194,11
3995,51,49,106,27,-3.457607975311812,22
3996,1,32,13,19,-3.462932922524283,13
3997,76,23,46,13,-3.4689542345765494,10
3998,5,60,74,32,-3.4699961467083447,28
3999,16,14,73,7,-3.4738693799097957,7
4000,81,10,23,6,-3.4745303728026347,4
4001,54,57,96,29,-3.47661338595835,28
4002,18,16,55,8,-3.481046717374471,8
4003,70,20,25,11,-3.484518115943737,9
4004,71,18,12,10,-3.4874429459484335,8
4005,51,30,36,16,-3.4874600225025065,14
4006,36,13,62,7,-3.489528327052378,6
4007,114,36,97,20,-3.494809729950691,16
4008,9,26,50,15,-3.4989626487903873,11
4009,63,18,49,10,-3.500149915800845,8
4010,68,14,85,9,-3.5027894631624408,5
4011,23,16,74,9,-3.5053157619270587,7
4012,33,10,49,6,-3.5057518320537775,4
4013,104,38,8,21,-3.5073414065674897,17
4014,106,50,107,27,-3.5165007722129795,23
4015,17,39,16,24,-3.519303718783672,15
4016,43,18,63,10,-3.5248517337852396,8
4017,76,17,20,8,-3.5278207011714757,9
4018,25,17,93,9,-3.530039788975629,8
4019,7,15,44,8,-3.535266020755452,7
4020,69,26,88,15,-3.536532050456282,11
4021,36,65,40,37,-3.5400829247343655,28
4022,16,19,19,10,-3.548126113476464,9
4023,4,13,30,7,-3.554167963462701,6
4024,57,13,23,7,-3.554408044637194,6
4025,36,19,28,10,-3.554999615354126,9
4026,86,90,7,52,-3.5577462755235434,38
4027,33,11,64,7,-3.558110801858625,4
4028,12,17,88,9,-3.5602960386233384,8
4029,69,25,41,16,-3.5647588534800048,9
4030,3,15,81,9,-3.5653849933326986,6
4031,23,12,33,7,-3.5712223539857573,5
4032,68,59,88,33,-3.5734126611884127,26
4033,95,10,97,6,-3.58943247133478,4
4034,71,13,58,7,-3.5901555481142533,6
4035,13,14,34,7,-3.5918746626908375,7
4036,86,108,16,61,-3.6019723438749134,47
4037,94,13,55,7,-3.6120696685756326,6
4038,18,19,43,9,-3.6267699505365183,10
4039,87,107,86,55,-3.6292274243498333,52
4040,108,11,48,7,-3.633614524897183,4
4041,108,14,75,8,-3.634090811617301,6
4042,107,72,88,41,-3.6375933381747343,31
4043,70,10,14,5,-3.6470421341148493,5
4044,2,19,16,11,-3.6499962386684315,8
4045,50,13,27,8,-3.6503401008022798,5
4046,65,47,23,25,-3.650632324208862,22
4047,18,11,17,5,-3.6519056838531805,6
4048,9,15,109,7,-3.6538651478462696,8
4049,32,21,107,11,-3.6546977761524695,10
4050,71,10,90,5,-3.656103603020123,5
4051,23,22,63,13,-3.656375723040438,9
4052,100,11,53,6,-3.6569500587649983,5
4053,96,33,97,17,-3.6574389351582637,16
4054,104,53,86,29,-3.66553549979236,24
4055,19,11,9,6,-3.6655477701213557,5
4056,112,10,14,6,-3.665654955195535,4
4057,8,72,16,41,-3.6704581726365118,31
4058,27,12,71,7,-3.672482180614423,5
4059,68,14,101,9,-3.6742625668258904,5
4060,107,11,52,7,-3.67922282951035,4
4061,55,19,34,10,-3.680955248563573,9
4062,51,37,114,19,-3.6824882422691596,18
4063,53,48,39,27,-3.685116242956752,21
4064,43,17,106,9,-3.706853967971227,8
4065,5,21,15,13,-3.7147342263498238,8
4066,94,19,13,11,-3.727129838511456,8
4067,81,17,39,10,-3.728914203220536,7
4068,25,65,86,35,-3.735239092039536,30
4069,4,13,1,8,-3.7360390878519714,5
4070,40,42,53,23,-3.7429391558119995,19
4071,53,55,18,30,-3.7518428116438605,25
4072,109,33,51,21,-3.752003613096799,12
4073,6,16,88,9,-3.7570512530434645,7
4074,15,13,47,7,-3.7602698343279473,6
4075,40,69,13,38,-3.7693846533253215,31
4076,65,90,16,51,-3.773083718958,39
4077,4,19,63,11,-3.7758336578086884,8
4078,92,13,104,6,-3.7768187223532292,7
4079,93,10,7,5,-3.7802315490169662,5
4080,37,12,94,7,-3.788108137633397,5
4081,86,11,19,6,-3.7947428736900837,5
4082,107,29,91,17,-3.79517570888213,12
4083,104,13,20,8,-3.7974160411444697,5
4084,78,12,39,6,-3.805891795343841,6
4085,5,16,110,9,-3.8138584796050923,7
4086,91,28,5,17,-3.814625093066516,11
4087,51,24,57,13,-3.8150188472138717,11
4088,18,32,86,19,-3.8203668272153477,13
4089,3,10,49,6,-3.8208441036339096,4
4090,4,21,55,11,-3.821660634263143,10
4091,64,14,44,8,-3.824222642884567,6
4092,66,12,60,8,-3.8266322198174065,4
4093,87,16,44,9,-3.826754946057649,7
4094,51,33,27,20,-3.827314183962787,13
4095,51,30,70,16,-3.8297117807076546,14
4096,87,38,30,21,-3.8298987122526276,17
4097,13,26,91,14,-3.8317482607331113,12
4098,46,13,38,8,-3.8338597693432233,5
4099,7,26,20,14,-3.839940256500115,12
4100,31,23,18,12,-3.8430258307678655,11
4101,31,11,28,6,-3.845374758093618,5
4102,54,50,46,28,-3.846547643547206,22
4103,111,34,65,20,-3.8475275648066676,14
4104,114,25,41,13,-3.8544949021986654,12
4105,51,16,11,8,-3.8660778701548084,8
4106,68,11,108,6,-3.86884903956731,5
4107,87,36,95,20,-3.8694007735692093,16
4108,98,13,18,6,-3.8754830902904,7
4109,108,11,30,6,-3.88226795119385,5
4110,112,11,1,5,-3.8826933985340957,6
4111,17,15,11,8,-3.886158778436342,7
4112,63,39,74,21,-3.890775716060593,18
4113,62,13,76,7,-3.8913968956310074,6
4114,11,44,55,26,-3.8920841591670357,18
4115,20,13,18,8,-3.8928283548315483,5
4116,37,26,102,15,-3.901578428361024,11
4117,49,19,98,10,-3.906322793569991,9
4118,96,21,60,14,-3.9124280698247627,7
4119,86,13,89,6,-3.9174928376954097,7
4120,48,17,20,10,-3.9196076613306294,7
4121,70,38,37,22,-3.9227382855891673,16
4122,2,28,5,16,-3.923277825320168,12
4123,63,28,64,15,-3.9273689023243743,13
4124,50,11,57,7,-3.929027822248146,4
4125,16,35,97,19,-3.9340820840887147,16
4126,97,10,80,6,-3.9365866928471034,4
4127,40,11,6,6,-3.9442678680230827,5
4128,76,12,34,6,-3.9517678907570324,6
4129,104,50,88,29,-3.9536343834384904,21
4130,17,34,65,21,-3.9540701507148897,13
4131,93,24,74,13,-3.960101768879081,11
4132,1,28,40,16,-3.9750240059769126,12
4133,14,12,96,7,-3.975747798085754,5
4134,68,20,15,12,-3.979692185716907,8
4135,77,20,86,12,-4.007520110320655,8
4136,31,12,66,7,-4.0087548725586535,5
4137,46,59,13,34,-4.009188890622041,25
4138,54,36,55,19,-4.011039158800405,17
4139,110,20,8,12,-4.013172679497405,8
4140,51,44,104,27,-4.015424408222765,17
4141,3,16,104,9,-4.020656220421077,7
4142,47,13,71,7,-4.030916530509354,6
4143,38,18,9,10,-4.035727579019443,8
4144,43,10,1,5,-4.03897671575872,5
4145,109,33,88,19,-4.04309303959431,14
4146,50,21,7,11,-4.045740478776831,10
4147,79,13,11,6,-4.047561716338114,7
4148,65,73,104,40,-4.0492599838057535,33
4149,40,10,32,5,-4.050021677419869,5
4150,69,27,51,16,-4.050423840769318,11
4151,38,10,34,6,-4.0610942900478735,4
4152,38,13,51,8,-4.063140921851932,5
4153,95,10,43,6,-4.0633983206079485,4
4154,60,38,87,20,-4.070682609249087,18
4155,50,22,74,12,-4.086243740312161,10
4156,19,11,36,6,-4.0885902184216905,5
4157,97,21,87,13,-4.089970328864312,8
4158,35,24,20,14,-4.098728722002913,10
4159,93,20,83,11,-4.100880722204593,9
4160,107,20,94,13,-4.110404459710983,7
4161,106,11,29,6,-4.1226863415672375,5
4162,65,22,45,11,-4.125923170388699,11
4163,104,32,76,19,-4.135711821894891,13
4164,20,11,71,7,-4.136430557393971,4
4165,69,11,11,7,-4.1379214913131195,4
4166,29,11,23,6,-4.138000210796417,5
4167,87,29,3,17,-4.140165197233932,12
4168,71,47,53,27,-4.141303557057988,20
4169,73,13,20,8,-4.146065391689571,5
4170,3,13,96,7,-4.14984060644092,6
4171,49,34,16,19,-4.151705373127495,15
4172,93,14,20,7,-4.154949932940618,7
4173,62,10,60,6,-4.155747625311636,4
4174,62,29,86,16,-4.168140003828562,13
4175,28,23,60,11,-4.169602030332322,12
4176,68,17,12,10,-4.176829780683943,7
4177,7,18,80,11,-4.182061930373812,7
4178,25,27,23,15,-4.182190113226027,12
4179,48,14,7,7,-4.194687020035504,7
4180,100,18,23,11,-4.197161790157007,7
4181,28,13,47,7,-4.198358496115318,6
4182,5,116,86,66,-4.198444147829551,50
4183,40,11,15,6,-4.201647176656486,5
4184,36,56,65,32,-4.205692860728475,24
4185,68,41,41,23,-4.207626519911899,18
4186,107,20,93,12,-4.219148957246671,8
4187,31,21,87,11,-4.220659397575877,10
4188,18,19,4,11,-4.220670692754493,8
4189,44,11,71,6,-4.223524348839462,5
4190,65,16,109,11,-4.2330518085976205,5
4191,1,21,60,12,-4.237560386673236,9
4192,74,12,31,7,-4.240578281890586,5
4193,34,14,106,7,-4.243674039664674,7
4194,80,17,104,9,-4.256665633473226,8
4195,87,33,23,20,-4.2566804889481435,13
4196,19,17,68,9,-4.263483624296964,8
4197,13,22,100,13,-4.266245772639935,9
4198,1,35,68,20,-4.270380790571789,15
4199,16,16,103,9,-4.27064958267566,7
4200,96,12,33,5,-4.271042933020871,7
4201,54,27,9,15,-4.272544772651764,12
4202,94,17,68,9,-4.284931423956808,8
4203,54,63,20,33,-4.290782184792433,30
4204,54,30,30,17,-4.295304900191639,13
4205,44,21,20,12,-4.299103845073811,9
4206,38,22,7,12,-4.300171500471751,10
4207,54,28,25,16,-4.300413553073274,12
4208,109,22,20,14,-4.302333411252665,8
4209,71,42,16,25,-4.3051763919274695,17
4210,52,10,50,5,-4.308197298973348,5
4211,20,19,17,11,-4.3112321942034,8
4212,17,23,97,13,-4.313428551304956,10
4213,71,14,70,7,-4.315612188206777,7
4214,40,22,4,12,-4.316643149060896,10
4215,37,23,98,13,-4.327931130640238,10
4216,41,19,95,11,-4.332143979792176,8
4217,22,12,60,7,-4.334241842742782,5
4218,46,43,51,25,-4.337483774616596,18
4219,65,29,70,18,-4.3439841796636145,11
4220,88,24,47,13,-4.347102674354305,11
4221,28,49,20,28,-4.349749782422694,21
4222,54,31,104,17,-4.355933806560285,14
4223,71,31,64,19,-4.35947313780117,12
4224,54,32,11,18,-4.365388363672616,14
4225,11,13,33,6,-4.365968233102095,7
4226,87,20,94,11,-4.367418143965147,9
4227,23,23,40,13,-4.36842332680331,10
4228,58,13,55,7,-4.369004483506263,6
4229,9,24,55,14,-4.371040618945101,10
4230,51,12,85,6,-4.372397467367475,6
4231,98,13,60,7,-4.372454949323837,6
4232,107,89,87,50,-4.3782734032612565,39
4233,25,33,87,18,-4.379098196808543,15
4234,49,24,87,12,-4.380791657180536,12
4235,76,23,65,14,-4.385586505985179,9
4236,43,26,51,14,-4.390788502279346,12
4237,86,20,111,12,-4.3910837466552355,8
4238,112,16,41,9,-4.393369197219724,7
4239,38,32,107,19,-4.39393220007557,13
4240,64,20,114,12,-4.407773657880816,8
4241,57,12,64,7,-4.4096800085415095,5
4242,53,64,7,36,-4.416213736910661,28
4243,13,30,99,17,-4.420966828834257,13
4244,87,20,102,12,-4.423994697827658,8
4245,20,14,23,8,-4.42777867543601,6
4246,53,35,16,21,-4.432680586189367,14
4247,46,58,86,36,-4.433062748950475,22
4248,107,46,11,26,-4.433295300820407,20
4249,88,11,45,7,-4.4416566980945715,4
4250,51,24,1,13,-4.443642769643949,11
4251,20,59,107,33,-4.443744385976959,26
4252,109,15,95,9,-4.444131433700797,6
4253,37,33,13,19,-4.448467961015428,14
4254,50,42,2,24,-4.448957186147167,18
4255,31,67,7,38,-4.453212370234459,29
4256,16,44,95,24,-4.453378575583385,20
4257,73,12,50,8,-4.454782630059153,4
4258,97,11,77,7,-4.454901155383999,4
4259,64,15,49,8,-4.458412060664094,7
4260,88,43,75,25,-4.458661851679064,18
4261,98,13,78,7,-4.46380656892488,6
4262,50,15,3,8,-4.464463620895281,7
4263,32,18,37,10,-4.466542082918519,8
4264,57,10,91,5,-4.468260927215542,5
4265,25,31,96,17,-4.472832877552798,14
4266,107,74,65,42,-4.474316118265179,32
4267,107,33,95,18,-4.475609109265347,15
4268,11,15,93,10,-4.484686270589563,5
4269,107,96,16,59,-4.485744929408156,37
4270,27,11,55,6,-4.4890470852362,5
4271,37,15,93,9,-4.4934456656390305,6
4272,112,20,75,12,-4.4989690721071325,8
4273,43,13,17,7,-4.501405777799932,6
4274,110,13,87,8,-4.501644038521952,5
4275,54,17,78,10,-4.506577020775673,7
4276,104,10,62,7,-4.506645682517949,3
4277,69,10,80,5,-4.508733977407145,5
4278,98,21,11,11,-4.5130981495322375,10
4279,29,16,28,9,-4.513248021932703,7
4280,55,43,37,23,-4.516821858156877,20
4281,84,45,51,26,-4.5237772974196675,19
4282,51,104,16,58,-4.529096709448028,46
4283,28,71,50,41,-4.530365152854882,30
4284,75,23,106,12,-4.532198108241345,11
4285,68,28,71,17,-4.532265816801446,11
4286,102,24,8,13,-4.537070383836358,11
4287,9,51,88,29,-4.537426821075462,22
4288,76,24,23,13,-4.537606040144393,11
4289,107,36,76,23,-4.544662386882574,13
4290,39,11,1,5,-4.548291694643937,6
4291,15,18,99,11,-4.551461310618722,7
4292,46,15,83,8,-4.551826612706302,7
4293,112,10,74,6,-4.553694289700708,4
4294,23,15,70,8,-4.554568026577778,7
4295,104,16,99,8,-4.562749239239297,8
4296,95,14,99,8,-4.572737764013027,6
4297,58,23,7,12,-4.575034525669345,11
4298,65,16,99,9,-4.579704538683142,7
4299,8,30,60,16,-4.584471076654315,14
4300,96,32,50,18,-4.592653394244437,14
4301,104,62,107,36,-4.5979168367122485,26
4302,95,13,77,7,-4.601493224452909,6
4303,30,11,23,6,-4.601908928188203,5
4304,3,35,7,21,-4.603775118928218,14
4305,66,10,88,6,-4.60434245546846,4
4306,86,72,37,40,-4.607837359690986,32
4307,55,42,7,25,-4.609551229914398,17
4308,9,17,49,9,-4.620658268254684,8
4309,87,63,8,36,-4.620917268255847,27
4310,78,12,28,6,-4.631775731372597,6
4311,110,15,106,8,-4.633960085739299,7
4312,25,22,60,12,-4.636282806493915,10
4313,109,19,73,11,-4.637139105733963,8
4314,13,14,73,8,-4.6427133386229835,6
4315,16,21,6,11,-4.642825718029856,10
4316,88,95,7,53,-4.646605378714696,42
4317,96,39,63,24,-4.649023449526139,15
4318,25,15,27,8,-4.649655011418167,7
4319,60,29,30,19,-4.653426738413294,10
4320,43,10,34,6,-4.654255389219645,4
4321,47,15,25,8,-4.655390231832644,7
4322,100,19,28,11,-4.660885966766407,8
4323,98,14,55,9,-4.662824671110213,5
4324,64,13,80,7,-4.665596394208,6
4325,8,12,52,7,-4.669562642233976,5
4326,64,48,13,25,-4.670216629866639,23
4327,5,16,71,9,-4.686451238703376,7
4328,41,26,60,14,-4.687979614839917,12
4329,62,10,97,6,-4.689387738532959,4
4330,60,45,55,25,-4.699539635247212,20
4331,18,31,88,17,-4.699584875943505,14
4332,20,10,15,6,-4.700009525517165,4
4333,54,17,91,9,-4.708330759507745,8
4334,93,17,16,9,-4.708607420081888,8
4335,46,23,20,15,-4.708713070266484,8
4336,71,16,43,8,-4.709770232299069,8
4337,18,37,28,20,-4.710953949587104,17
4338,72,10,15,6,-4.7131251167737505,4
4339,12,14,74,8,-4.7158981291394015,6
4340,86,17,47,10,-4.720142586161406,7
4341,75,14,15,9,-4.7291616067808215,5
4342,46,11,6,6,-4.730994669309113,5
4343,87,56,13,34,-4.736199864166475,22
4344,46,41,8,22,-4.737192297274267,19
4345,3,11,97,7,-4.7402730889790226,4
4346,65,57,55,32,-4.74405737741087,25
4347,77,16,25,9,-4.745845616411638,7
4348,5,30,90,18,-4.752640516818982,12
4349,50,16,93,10,-4.755526241513055,6
4350,41,31,64,19,-4.758473174288668,12
4351,54,21,15,11,-4.763758842474269,10
4352,97,16,60,8,-4.770560692259115,8
4353,31,15,12,8,-4.770632464521183,7
4354,70,13,90,7,-4.771084444295363,6
4355,17,14,1,8,-4.774691835698866,6
4356,5,12,9,7,-4.777710715122403,5
4357,50,48,87,26,-4.778093921608591,22
4358,27,14,49,8,-4.785337384325241,6
4359,84,17,114,10,-4.7880408533114105,7
4360,5,33,76,19,-4.788314400539968,14
4361,72,12,85,8,-4.791224100478595,4
4362,1,17,9,8,-4.79405950293998,9
4363,20,13,52,8,-4.795236183864801,5
4364,9,29,8,14,-4.796436219845456,15
4365,25,11,111,6,-4.797175922879397,5
4366,96,22,75,15,-4.80138149231193,7
4367,108,13,96,7,-4.805162668071275,6
4368,85,11,69,6,-4.808257383801068,5
4369,106,25,2,14,-4.808494527305082,11
4370,106,12,6,7,-4.810944704219048,5
4371,8,30,83,16,-4.811627367676455,14
4372,85,11,74,6,-4.812388004493803,5
4373,68,27,23,14,-4.819829270426411,13
4374,54,15,14,10,-4.820525855929131,5
4375,86,33,100,17,-4.82070188558936,16
4376,25,19,31,10,-4.823839301099763,9
4377,67,15,8,9,-4.8319098461555825,6
4378,39,39,75,21,-4.835166255544909,18
4379,64,20,83,11,-4.840996077098241,9
4380,51,30,5,19,-4.841333405150811,11
4381,38,10,20,7,-4.844230675667009,3
4382,100,23,104,14,-4.850527098250833,9
4383,32,12,97,7,-4.851459349576838,5
4384,89,10,5,7,-4.862465640901751,3
4385,106,54,37,29,-4.865641247327304,25
4386,54,13,29,7,-4.871067475071608,6
4387,57,27,87,16,-4.871666288606831,11
4388,88,12,85,7,-4.873754317610231,5
4389,18,15,81,9,-4.877040041598751,6
4390,114,11,30,6,-4.882071098465157,5
4391,95,11,69,7,-4.882909765417962,4
4392,3,12,8,5,-4.887819375016217,7
4393,9,44,65,26,-4.887961308210908,18
4394,71,25,62,14,-4.888439777720532,11
4395,84,59,28,34,-4.889044052283284,25
4396,5,39,83,21,-4.890865835189012,18
4397,55,27,76,17,-4.892389867780943,10
4398,27,30,16,18,-4.893770452152811,12
4399,28,12,38,6,-4.907164394244693,6
4400,108,12,54,8,-4.909695920764134,4
4401,107,42,100,22,-4.9177206821279285,20
4402,106,56,74,32,-4.924754963776778,24
4403,36,40,86,23,-4.927433251240003,17
4404,9,22,114,15,-4.931319071415344,7
4405,55,21,20,12,-4.931554548881413,9
4406,19,13,43,8,-4.933709936661163,5
4407,54,19,85,12,-4.939303305813312,7
4408,28,27,93,17,-4.941127481170006,10
4409,87,14,77,8,-4.94240192025149,6
4410,49,12,76,7,-4.943121216792114,5
4411,30,13,100,8,-4.947415784475727,5
4412,68,19,56,10,-4.94813216675333,9
4413,8,32,13,19,-4.955794878282507,13
4414,77,18,39,10,-4.961640817784316,8
4415,90,23,96,14,-4.963939687748077,9
4416,8,12,62,8,-4.964220736900479,4
4417,38,16,109,10,-4.9644619615709695,6
4418,107,49,40,30,-4.964616090179718,19
4419,93,11,29,6,-4.975125458266239,5
4420,47,30,7,18,-4.980252625346254,12
4421,15,17,23,10,-4.9841342107101605,7
4422,39,25,27,13,-4.989393098929608,12
4423,31,23,50,13,-4.991999785997781,10
4424,71,15,74,8,-4.993812181109021,7
4425,63,30,104,17,-4.993963037729945,13
4426,68,12,32,8,-4.994599728673894,4
4427,106,41,7,21,-5.003800212982272,20
4428,5,26,93,16,-5.004460526821323,10
4429,63,14,81,8,-5.016441825370757,6
4430,13,32,63,18,-5.025476860594202,14
4431,57,22,84,11,-5.026867760977004,11
4432,52,12,65,8,-5.036995856643753,4
4433,9,41,75,24,-5.040607611984742,17
4434,63,29,55,16,-5.056066807562622,13
4435,112,26,53,13,-5.062618261015588,13
4436,71,32,30,18,-5.06395312621674,14
4437,65,17,46,11,-5.06610491085495,6
4438,34,11,78,6,-5.071880532012347,5
4439,33,13,90,8,-5.072843762888294,5
4440,20,10,32,7,-5.08216341529211,3
4441,95,24,60,14,-5.089480392621887,10
4442,104,25,53,14,-5.094260383198605,11
4443,70,23,55,13,-5.1032220329288345,10
4444,4,18,75,11,-5.1124286444655915,7
4445,55,16,100,8,-5.1129537660427005,8
4446,58,30,40,16,-5.133397385337809,14
4447,4,12,109,7,-5.135069245647407,5
4448,3,21,36,13,-5.136055944816986,8
4449,69,12,40,8,-5.137627663794989,4
4450,51,12,35,7,-5.14727626674268,5
4451,88,15,44,8,-5.148664566159752,7
4452,9,24,106,14,-5.150083731218861,10
4453,79,13,63,8,-5.150156389678723,5
4454,50,28,76,18,-5.1519660961300575,10
4455,63,54,8,30,-5.156454172512432,24
4456,39,14,111,8,-5.158992286191917,6
4457,5,12,67,7,-5.159840528973067,5
4458,56,11,91,6,-5.160182814393273,5
4459,47,26,75,17,-5.17693162231529,9
4460,65,32,64,18,-5.182122584236016,14
4461,97,17,75,10,-5.183439015487436,7
4462,51,24,4,15,-5.183921696313045,9
4463,7,100,16,57,-5.189537370049018,43
4464,113,13,40,8,-5.193726392686624,5
4465,89,15,41,9,-5.196780511481055,6
4466,91,12,33,6,-5.213867650447791,6
4467,37,22,40,12,-5.218981261850287,10
4468,106,54,54,29,-5.222938310920249,25
4469,5,11,35,6,-5.226534281744142,5
4470,96,37,20,22,-5.229501973456112,15
4471,112,17,88,10,-5.231027938888665,7
4472,104,19,15,11,-5.23540400775586,8
4473,25,21,91,12,-5.23677892954369,9
4474,14,15,65,8,-5.239230657167625,7
4475,40,15,98,8,-5.239271076053038,7
4476,40,26,25,15,-5.242222631716463,11
4477,31,11,35,6,-5.255104723881262,5
4478,62,24,107,12,-5.261786874758227,12
4479,92,11,28,7,-5.266199037582341,4
4480,84,17,34,9,-5.275708217424672,8
4481,88,11,56,6,-5.280224334897691,5
4482,28,19,14,12,-5.2887953454841945,7
4483,86,21,99,13,-5.291638236148403,8
4484,22,12,109,7,-5.3030018855523124,5
4485,55,25,111,15,-5.307717141421055,10
4486,49,13,28,7,-5.31428031912519,6
4487,96,16,85,11,-5.314304637448896,5
4488,60,15,61,8,-5.316729344745585,7
4489,109,26,107,16,-5.319208365865699,10
4490,9,45,107,25,-5.322061725590964,20
4491,102,14,97,9,-5.335160623731844,5
4492,55,32,80,17,-5.338178788284693,15
4493,88,86,86,50,-5.345596536414867,36
4494,65,18,62,10,-5.345755023288058,8
4495,88,25,43,15,-5.351866788536154,10
4496,97,35,7,19,-5.356987360153851,16
4497,63,30,75,17,-5.362343223381898,13
4498,8,21,64,13,-5.374033093425483,8
4499,30,18,7,9,-5.390495309133066,9
4500,27,11,15,6,-5.39504441706459,5
4501,90,31,54,18,-5.397442007333916,13
4502,29,21,84,12,-5.397730038072922,9
4503,64,10,84,7,-5.40179307430533,3
4504,66,11,9,6,-5.404825557202403,5
4505,58,11,4,7,-5.405037105567146,4
4506,37,11,49,6,-5.405793666619149,5
4507,65,65,87,39,-5.421192101641339,26
4508,18,18,91,11,-5.437015235679075,7
4509,68,52,16,32,-5.441952996669665,20
4510,51,11,93,6,-5.442643801494352,5
4511,57,18,97,10,-5.45235309786646,8
4512,71,43,75,27,-5.454468163058883,16
4513,68,11,80,7,-5.466227321340817,4
4514,16,45,30,26,-5.468284983481221,19
4515,75,10,14,6,-5.479308338136782,4
4516,86,65,11,37,-5.481668593343347,28
4517,70,23,114,14,-5.484820175107314,9
4518,69,12,47,7,-5.485890015271257,5
4519,77,14,49,9,-5.486596578437727,5
4520,3,26,16,16,-5.487705794034375,10
4521,40,49,65,28,-5.488110460552834,21
4522,62,10,18,6,-5.493140482819633,4
4523,102,10,67,6,-5.497246561771841,4
4524,62,11,49,7,-5.504794732699013,4
4525,75,40,18,23,-5.507084301877023,17
4526,109,13,32,7,-5.508051897308618,6
4527,83,19,95,12,-5.510188596504647,7
4528,9,35,28,19,-5.51465148212954,16
4529,37,59,87,35,-5.516733087496061,24
4530,20,10,62,6,-5.517288163699186,4
4531,13,20,26,13,-5.520285333416164,7
4532,7,33,28,20,-5.522079859732704,13
4533,57,24,88,13,-5.524909922819241,11
4534,102,14,33,8,-5.525239013163607,6
4535,88,23,30,12,-5.525413582454541,11
4536,68,45,114,26,-5.528966703625285,19
4537,68,30,54,18,-5.5293608762892505,12
4538,23,31,106,16,-5.535479536227777,15
4539,30,12,15,7,-5.538463534767753,5
4540,107,21,15,14,-5.539272924336071,7
4541,69,26,65,15,-5.540534749641235,11
4542,84,16,75,9,-5.542746956131477,7
4543,75,51,86,28,-5.544222274149607,23
4544,2,22,20,13,-5.544865436021075,9
4545,84,18,25,11,-5.5466876181289715,7
4546,31,53,36,30,-5.548564460468652,23
4547,25,41,8,25,-5.550067480025435,16
4548,4,11,46,6,-5.55622187464566,5
4549,95,10,31,6,-5.5581891593402775,4
4550,104,60,37,36,-5.5634752610620195,24
4551,11,26,76,16,-5.5694789783630885,10
4552,69,11,42,6,-5.570250078296482,5
4553,98,10,3,5,-5.570597398737187,5
4554,84,20,85,13,-5.577016185984523,7
4555,94,13,39,8,-5.582337685105467,5
4556,68,21,62,12,-5.5910040455918875,9
4557,98,17,70,11,-5.604121247592223,6
4558,18,13,38,7,-5.6081144260834686,6
4559,50,15,100,9,-5.612526049660052,6
4560,90,14,30,8,-5.614315415339312,6
4561,3,22,114,14,-5.6169459155328765,8
4562,50,48,16,28,-5.617696720442926,20
4563,50,26,95,15,-5.619957219349124,11
4564,5,10,19,6,-5.6233787755961275,4
4565,17,21,5,14,-5.625033929201381,7
4566,73,28,86,15,-5.62531345595925,13
4567,51,46,75,26,-5.632745764536369,20
4568,62,13,100,7,-5.633802134766736,6
4569,11,10,85,6,-5.636472097896451,4
4570,98,14,108,8,-5.640790264148575,6
4571,74,23,73,14,-5.649045009007229,9
4572,97,13,39,8,-5.649731064357227,5
4573,97,10,4,6,-5.649870700339136,4
4574,29,13,112,7,-5.652235424993052,6
4575,61,13,9,8,-5.652969843590385,5
4576,68,12,43,7,-5.661402151081362,5
4577,88,41,23,26,-5.662482081944023,15
4578,82,11,54,7,-5.66427830231393,4
4579,37,48,16,28,-5.664774565241773,20
4580,99,31,16,18,-5.66581833704302,13
4581,37,39,75,25,-5.670197882049106,14
4582,25,10,94,5,-5.671887186214519,5
4583,12,11,54,6,-5.67450373056912,5
4584,95,10,102,6,-5.68531996234082,4
4585,38,23,63,15,-5.685369937239837,8
4586,55,25,30,15,-5.686463879094617,10
4587,5,46,106,28,-5.689619439430468,18
4588,43,10,23,6,-5.689859175567735,4
4589,32,10,70,5,-5.692479372096212,5
4590,62,17,53,10,-5.701449545318568,7
4591,27,10,34,5,-5.713456149542282,5
4592,102,10,23,6,-5.716053822653882,4
4593,37,18,41,11,-5.716493275276267,7
4594,12,10,6,5,-5.722414314921584,5
4595,17,13,98,7,-5.72342530511381,6
4596,51,26,25,15,-5.726135112848949,11
4597,48,20,11,12,-5.726887293490206,8
4598,9,14,45,9,-5.727853500458989,5
4599,25,48,13,26,-5.729332953997916,22
4600,106,42,25,26,-5.737688222420908,16
4601,77,12,36,7,-5.751140829309579,5
4602,47,13,23,8,-5.7551420632928085,5
4603,53,13,58,6,-5.756559382638664,7
4604,35,19,11,11,-5.768399159544,8
4605,43,10,15,6,-5.792521091011201,4
4606,63,26,98,15,-5.795644107915215,11
4607,55,28,74,16,-5.797157459674131,12
4608,64,45,7,25,-5.8010614589687695,20
4609,31,19,91,12,-5.801858258461768,7
4610,13,48,71,27,-5.80513252623681,21
4611,62,38,16,24,-5.806515303304726,14
4612,20,13,79,8,-5.810117746469,5
4613,106,28,80,17,-5.812470547213422,11
4614,49,10,100,5,-5.813425744151518,5
4615,5,16,40,9,-5.82052725169565,7
4616,18,12,3,8,-5.832827231063856,4
4617,87,13,58,8,-5.838329621055198,5
4618,46,37,74,23,-5.850135921281392,14
4619,55,37,104,22,-5.856904127783748,15
4620,112,20,7,12,-5.863389950487481,8
4621,7,17,34,10,-5.863504951401834,7
4622,95,36,54,20,-5.865979569344108,16
4623,9,17,62,10,-5.866001447424248,7
4624,36,12,46,7,-5.88209418081934,5
4625,74,22,102,13,-5.882481039476403,9
4626,51,34,64,20,-5.888421423830697,14
4627,34,19,109,11,-5.8910600256239505,8
4628,84,34,74,18,-5.89139952158172,16
4629,1,12,46,6,-5.891865749051654,6
4630,107,17,6,10,-5.906261036560345,7
4631,68,55,39,31,-5.907725939188766,24
4632,45,15,41,10,-5.914462706154762,5
4633,63,10,93,6,-5.917563250275586,4
4634,114,20,73,12,-5.924435121305104,8
4635,63,45,37,27,-5.933785173114153,18
4636,40,13,112,7,-5.934161105944305,6
4637,28,50,104,29,-5.9417102215711495,21
4638,43,15,41,9,-5.943674988011268,6
4639,76,25,98,15,-5.94433744621166,10
4640,53,15,28,9,-5.945744364633271,6
4641,7,15,33,8,-5.9471342175078945,7
4642,14,12,39,7,-5.9475481477923315,5
4643,10,12,97,6,-5.950831581917707,6
4644,17,34,86,18,-5.961143965020202,16
4645,53,52,68,31,-5.964244334939566,21
4646,38,10,12,6,-5.966686013029675,4
4647,40,18,97,11,-5.966918416140385,7
4648,18,20,64,12,-5.974775055211904,8
4649,31,25,114,14,-5.9918765203954925,11
4650,100,19,37,12,-6.000890669706825,7
4651,17,14,100,10,-6.011059679512768,4
4652,81,18,15,10,-6.020952084821453,8
4653,46,20,95,12,-6.027785407812037,8
4654,50,17,91,11,-6.027790824025908,6
4655,86,38,64,22,-6.0307653391474,16
4656,79,20,16,12,-6.030959275561986,8
4657,31,31,75,17,-6.03348213428737,14
4658,98,24,7,15,-6.033686003781978,9
4659,32,16,8,9,-6.041444852098721,7
4660,18,24,63,15,-6.046455003215171,9
4661,63,19,90,11,-6.053395439788755,8
4662,28,18,23,10,-6.0662027716624305,8
4663,41,27,23,16,-6.068042449918635,11
4664,48,14,74,7,-6.068043245358376,7
4665,69,10,55,6,-6.075582313218194,4
4666,20,29,70,18,-6.0805113791791925,11
4667,3,16,64,10,-6.081103034121079,6
4668,108,10,79,7,-6.083927302918585,3
4669,107,23,111,12,-6.08814286411973,11
4670,7,12,90,7,-6.108519045195329,5
4671,29,18,39,10,-6.11667916860653,8
4672,31,13,81,9,-6.1171597913254026,4
4673,39,55,86,31,-6.121359669303699,24
4674,88,35,25,23,-6.12387967695023,12
4675,97,24,55,15,-6.128965912516969,9
4676,48,10,23,6,-6.136507124451631,4
4677,39,48,40,29,-6.1478732659202615,19
4678,112,15,31,10,-6.149641402394962,5
4679,89,10,63,7,-6.159771716986654,3
4680,36,47,13,29,-6.167141158071527,18
4681,20,45,65,28,-6.17102810501078,17
4682,76,23,97,13,-6.171425808149793,10
4683,35,14,55,8,-6.18171019735336,6
4684,43,41,13,22,-6.183360553247298,19
4685,71,12,91,7,-6.18747414228945,5
4686,2,28,63,16,-6.200018491851487,12
4687,70,28,74,15,-6.203999405338755,13
4688,84,15,35,9,-6.209299301194262,6
4689,39,24,46,12,-6.210468155976945,12
4690,6,15,65,9,-6.216451840954274,6
4691,68,12,72,7,-6.2229147971092145,5
4692,6,17,13,10,-6.2267295430039455,7
4693,91,42,16,27,-6.227187272730331,15
4694,50,41,104,25,-6.230364171354916,16
4695,5,17,43,10,-6.250727481432203,7
4696,87,18,108,11,-6.262008842945725,7
4697,39,22,92,12,-6.263991845659126,10
4698,95,12,15,7,-6.265255655621161,5
4699,96,11,69,7,-6.268969865653717,4
4700,5,45,20,28,-6.270373633442783,17
4701,30,19,20,11,-6.270512840524559,8
4702,4,21,86,13,-6.2794844995496994,8
4703,41,28,87,17,-6.282239020662331,11
4704,102,11,41,7,-6.282861273718874,4
4705,92,12,16,9,-6.284475222709882,3
4706,64,16,70,11,-6.2860092045587415,5
4707,114,17,23,11,-6.291790840234865,6
4708,83,16,39,10,-6.297771796270442,6
4709,55,13,29,8,-6.301089833667023,5
4710,16,40,20,26,-6.318333724670657,14
4711,60,12,80,7,-6.326591453694461,5
4712,112,14,54,9,-6.326711825622494,5
4713,111,10,81,7,-6.333917467029675,3
4714,104,40,40,25,-6.3350568236152025,15
4715,40,22,62,11,-6.340588914856938,11
4716,69,23,107,14,-6.34176551067775,9
4717,83,29,86,19,-6.342700324127685,10
4718,87,16,15,9,-6.3463488110906745,7
4719,112,15,51,9,-6.350376289921741,6
4720,27,13,92,7,-6.356396578041118,6
4721,28,15,41,9,-6.359689551305938,6
4722,56,21,7,12,-6.361794853449643,9
4723,69,12,81,7,-6.376661023241456,5
4724,88,60,65,38,-6.390098566074339,22
4725,51,30,20,16,-6.3907803506271055,14
4726,37,20,80,12,-6.401050818487372,8
4727,3,15,12,10,-6.402054212959599,5
4728,77,13,106,7,-6.407119934187455,6
4729,77,19,107,11,-6.4169470483546815,8
4730,33,16,40,11,-6.427211772717695,5
4731,39,22,100,13,-6.432511887302127,9
4732,109,20,41,13,-6.432688342356182,7
4733,87,20,4,13,-6.445923142452617,7
4734,86,31,69,18,-6.447204277363733,13
4735,43,15,3,9,-6.4472383846877115,6
4736,28,10,6,6,-6.452419128804086,4
4737,86,30,27,19,-6.453315924089684,11
4738,41,10,29,6,-6.453681453868415,4
4739,87,25,90,15,-6.454852453391627,10
4740,29,13,70,7,-6.465173609286503,6
4741,84,18,98,12,-6.475666713551258,6
4742,9,20,70,13,-6.477071321597405,7
4743,68,18,20,10,-6.489643733297491,8
4744,104,10,48,6,-6.493358473776669,4
4745,54,20,1,12,-6.4933945511101445,8
4746,108,21,16,13,-6.502477858846357,8
4747,39,78,16,46,-6.5210913868223725,32
4748,28,15,35,8,-6.525585250622974,7
4749,81,29,86,20,-6.532482502137965,9
4750,55,10,49,6,-6.541972088163769,4
4751,70,58,54,35,-6.543056803225656,23
4752,18,21,77,14,-6.545250800191178,7
4753,91,25,68,14,-6.550419627313763,11
4754,68,18,58,11,-6.553002087451514,7
4755,53,44,107,27,-6.556157644451659,17
4756,25,37,104,21,-6.567754121461538,16
4757,114,26,53,15,-6.571088082289226,11
4758,38,25,39,15,-6.576359256983345,10
4759,96,28,65,16,-6.593487230396348,12
4760,30,16,34,10,-6.601140375094156,6
4761,64,21,55,14,-6.604925944972096,7
4762,81,18,71,11,-6.61709770119633,7
4763,75,10,85,7,-6.619293441212882,3
4764,9,14,74,9,-6.620459467868888,5
4765,5,48,25,29,-6.626414170343123,19
4766,37,22,39,13,-6.632156694863052,9
4767,65,30,4,18,-6.635600395573753,12
4768,5,26,32,16,-6.6474470604519045,10
4769,114,15,76,10,-6.653911993113485,5
4770,37,19,71,11,-6.65399605348867,8
4771,87,13,12,8,-6.654704325795005,5
4772,71,11,83,6,-6.6562053803338666,5
4773,13,13,14,9,-6.663851771345143,4
4774,55,68,16,43,-6.67390774153019,25
4775,43,10,112,6,-6.68492634526975,4
4776,88,75,54,45,-6.687420775605005,30
4777,62,18,7,11,-6.690218008322474,7
4778,87,83,16,49,-6.693299260593876,34
4779,106,11,111,8,-6.697425895741327,3
4780,71,24,28,15,-6.697570308642472,9
4781,74,15,83,8,-6.703298030488857,7
4782,12,21,60,10,-6.704537300087495,11
4783,97,35,28,22,-6.716635909782018,13
4784,32,10,65,6,-6.718474357729474,4
4785,95,11,100,6,-6.722166987268522,5
4786,98,11,27,6,-6.722224921815258,5
4787,95,13,14,8,-6.731405281187272,5
4788,96,38,74,24,-6.731828732252354,14
4789,78,14,40,10,-6.732885786530082,4
4790,48,25,84,16,-6.740791105108492,9
4791,63,18,100,10,-6.742683547587138,8
4792,7,32,45,19,-6.743551275422485,13
4793,71,10,94,6,-6.748460655059317,4
4794,18,19,30,11,-6.749976540021853,8
4795,90,13,53,8,-6.752088210585149,5
4796,94,15,86,9,-6.7534489977261485,6
4797,23,43,13,24,-6.759962036733637,19
4798,107,23,33,13,-6.763493299081546,10
4799,108,10,81,6,-6.778588424753946,4
4800,27,14,6,8,-6.780540737481573,6
4801,51,81,39,48,-6.781026894224875,33
4802,87,16,1,9,-6.782771040032775,7
4803,31,10,55,6,-6.798197972656263,4
4804,71,10,49,6,-6.8003776926672845,4
4805,45,18,60,10,-6.802248227913869,8
4806,114,16,100,10,-6.806713890734191,6
4807,96,20,51,12,-6.8091583197949745,8
4808,9,14,25,9,-6.810304163725227,5
4809,6,21,44,14,-6.81356281665085,7
4810,4,13,56,7,-6.816273515879698,6
4811,86,40,98,23,-6.818936598158919,17
4812,104,22,30,12,-6.820606807560422,10
4813,66,14,65,9,-6.821265394674894,5
4814,31,69,68,41,-6.8216343585610195,28
4815,78,28,86,17,-6.822056261466189,11
4816,68,10,89,6,-6.826893879643049,4
4817,106,25,95,16,-6.830338155584793,9
4818,96,14,78,9,-6.830515928543477,5
4819,96,80,86,49,-6.839782165020976,31
4820,51,99,7,62,-6.849475435937795,37
4821,95,29,13,17,-6.852052215706936,12
4822,96,19,114,12,-6.857320738328298,7
4823,4,43,60,24,-6.864343045215706,19
4824,99,15,106,10,-6.882359612487446,5
4825,5,47,114,28,-6.885144276646174,19
4826,65,22,90,12,-6.887045978873849,10
4827,88,16,76,9,-6.891817282335724,7
4828,1,13,15,8,-6.8943933606488015,5
4829,53,10,49,6,-6.90781300095477,4
4830,30,19,75,11,-6.923427737676235,8
4831,13,25,57,14,-6.928644390954595,11
4832,46,21,7,14,-6.93576909674712,7
4833,88,12,99,7,-6.939131232028662,5
4834,43,18,100,10,-6.945332357815133,8
4835,38,11,2,6,-6.952650087165873,5
4836,104,18,32,12,-6.959225086389547,6
4837,36,34,16,21,-6.96230955324868,13
4838,97,23,18,14,-6.965163575719862,9
4839,33,17,8,11,-6.9756022430017754,6
4840,57,20,11,11,-6.983907364905458,9
4841,55,20,17,11,-6.987444025974705,9
4842,13,23,111,13,-6.988942249892523,10
4843,1,19,114,12,-6.990089974683046,7
4844,5,15,62,9,-6.9927087595973925,6
4845,48,13,80,9,-6.99747900943173,4
4846,54,26,93,17,-7.002072182522708,9
4847,53,27,87,15,-7.0226395127694765,12
4848,40,15,95,9,-7.026458120737084,6
4849,18,16,100,9,-7.026565168419708,7
4850,64,31,16,20,-7.027713443588521,11
4851,51,15,62,9,-7.028758985101916,6
4852,73,16,65,10,-7.056062739811477,6
4853,36,18,99,12,-7.061516094995873,6
4854,25,21,100,12,-7.062312436550092,9
4855,49,14,50,8,-7.064134383315742,6
4856,98,14,102,8,-7.075813129571892,6
4857,70,35,28,21,-7.078735797739843,14
4858,62,20,28,12,-7.086204539456472,8
4859,107,12,67,8,-7.124134838046419,4
4860,3,23,88,14,-7.12663205785296,9
4861,67,11,88,8,-7.127393540580368,3
4862,107,57,75,39,-7.131800392099847,18
4863,54,58,63,36,-7.1339646628869025,22
4864,91,27,87,17,-7.142016410462964,10
4865,55,50,40,31,-7.142420946012767,19
4866,60,17,5,11,-7.144002600647478,6
4867,37,14,29,8,-7.14724630286853,6
4868,60,12,34,8,-7.148158666349012,4
4869,84,18,38,10,-7.154125748328735,8
4870,14,14,86,8,-7.166696838482464,6
4871,112,16,36,10,-7.175574629533439,6
4872,63,20,27,11,-7.19472225275396,9
4873,13,32,81,20,-7.194897673585073,12
4874,51,12,48,6,-7.20224130205775,6
4875,27,10,28,7,-7.207906393429147,3
4876,40,20,35,13,-7.223846117897835,7
4877,106,60,13,37,-7.224822308695077,23
4878,3,16,15,9,-7.226872372846494,7
4879,62,16,54,10,-7.236680580960736,6
4880,81,14,114,8,-7.238705590547008,6
4881,40,27,114,18,-7.240772461331045,9
4882,75,10,20,6,-7.241047227766171,4
4883,5,14,31,9,-7.246607645789562,5
4884,41,21,20,12,-7.246750485082598,9
4885,15,11,49,7,-7.248095103585943,4
4886,90,13,46,8,-7.250761878801305,5
4887,93,12,98,7,-7.251352809271133,5
4888,81,19,75,12,-7.259552889264539,7
4889,69,31,13,19,-7.264804290539711,12
4890,98,17,20,11,-7.267496359610283,6
4891,70,16,110,10,-7.267896542251016,6
4892,96,10,62,7,-7.268496266352443,3
4893,57,13,106,7,-7.272492874678534,6
4894,68,20,55,13,-7.273979151335479,7
4895,48,12,34,7,-7.278505376330149,5
4896,53,18,27,12,-7.283207876792189,6
4897,13,42,114,23,-7.284350704257173,19
4898,98,20,13,13,-7.284404613166717,7
4899,29,16,97,10,-7.284915525257297,6
4900,40,31,43,18,-7.287691070183636,13
4901,65,55,51,35,-7.289610971438152,20
4902,61,11,47,7,-7.295405799949464,4
4903,9,17,17,10,-7.295940921809663,7
4904,40,33,54,20,-7.298767912387552,13
4905,106,24,39,14,-7.312269199982411,10
4906,55,26,109,14,-7.3182997081126135,12
4907,65,23,1,13,-7.319832649719675,10
4908,5,42,70,25,-7.323141246130922,17
4909,107,32,2,20,-7.328844122982543,12
4910,68,26,97,16,-7.331657709218834,10
4911,2,16,75,9,-7.332326563651874,7
4912,8,25,73,15,-7.3587900254771785,10
4913,23,13,49,8,-7.360298065336568,5
4914,61,18,53,12,-7.3640960284192225,6
4915,114,10,77,6,-7.365477220397804,4
4916,33,16,25,11,-7.36592627296452,5
4917,80,14,31,10,-7.367135464628977,4
4918,74,15,34,10,-7.367415754617588,5
4919,54,35,13,22,-7.373225396669802,13
4920,71,10,73,6,-7.373234065194552,4
4921,16,50,75,30,-7.388425679021318,20
4922,5,10,1,6,-7.391988711274882,4
4923,88,108,16,68,-7.393880049984076,40
4924,19,11,64,8,-7.409166426273504,3
4925,41,34,36,18,-7.412500474371831,16
4926,91,19,8,12,-7.416456742894205,7
4927,76,20,112,11,-7.420620932537434,9
4928,109,44,54,28,-7.42149631612999,16
4929,87,49,7,31,-7.4314438134316605,18
4930,43,17,64,10,-7.438967254563773,7
4931,84,28,8,18,-7.447150756775401,10
4932,75,30,46,18,-7.449361290092636,12
4933,97,53,86,32,-7.453774682156136,21
4934,110,21,37,12,-7.457046552670356,9
4935,88,37,27,21,-7.460833838570253,16
4936,53,12,45,7,-7.463487107897495,5
4937,81,10,28,6,-7.472696801730325,4
4938,31,37,64,23,-7.4738922265185375,14
4939,43,32,16,21,-7.4754066874217795,11
4940,63,15,108,9,-7.475559971035059,6
4941,36,14,70,8,-7.476080415111231,6
4942,89,10,48,7,-7.47675761274391,3
4943,96,11,41,8,-7.480521636982391,3
4944,29,10,64,7,-7.494394888436804,3
4945,60,30,54,19,-7.494934117874264,11
4946,50,13,15,8,-7.509982415529958,5
4947,84,15,43,9,-7.511290434631542,6
4948,12,19,53,11,-7.511441486905761,8
4949,51,88,86,51,-7.511450798964613,37
4950,86,14,29,9,-7.516107571056734,5
4951,77,18,55,11,-7.520653437888105,7
4952,55,11,6,8,-7.526848268362213,3
4953,68,66,40,42,-7.570321994315703,24
4954,5,14,34,10,-7.5706698448560905,4
4955,66,18,107,11,-7.57118010681632,7
4956,77,12,46,7,-7.574271980014295,5
4957,114,31,28,18,-7.584853881328922,13
4958,36,10,72,6,-7.585561627806541,4
4959,88,18,58,11,-7.5880987725104365,7
4960,36,20,18,12,-7.59490287850123,8
4961,91,13,23,7,-7.630492751883035,6
4962,80,22,96,14,-7.6325568595370585,8
4963,43,33,107,21,-7.633857276455769,12
4964,3,31,13,21,-7.638676786821424,10
4965,5,29,97,19,-7.639418302115126,10
4966,88,20,108,13,-7.642505031143239,7
4967,60,11,70,7,-7.646435749026202,4
4968,31,13,33,7,-7.647223417443056,6
4969,96,24,37,14,-7.66584492569651,10
4970,38,29,37,18,-7.668156637885105,11
4971,100,33,16,21,-7.675367683832325,12
4972,11,32,5,20,-7.6874421575338765,12
4973,7,25,111,15,-7.6903234257719815,10
4974,20,35,39,20,-7.691469595920376,15
4975,11,11,64,8,-7.699861982788658,3
4976,68,15,11,9,-7.700280996267676,6
4977,77,15,41,10,-7.700447698799745,5
4978,64,13,46,8,-7.70178518963715,5
4979,87,44,68,27,-7.713445601645925,17
4980,65,40,30,25,-7.715483969963989,15
4981,16,18,110,11,-7.733031798865923,7
4982,87,18,78,10,-7.738249145100052,8
4983,84,11,44,6,-7.741464370739851,5
4984,54,13,73,8,-7.746921178252214,5
4985,25,49,37,29,-7.755599308877523,20
4986,73,11,53,7,-7.756297558195456,4
4987,18,22,50,13,-7.75840176806416,9
4988,86,14,10,8,-7.764445720347282,6
4989,29,11,46,5,-7.7647643110174815,6
4990,39,23,57,14,-7.767705201432489,9
4991,81,15,41,10,-7.770221546669878,5
4992,114,14,92,10,-7.774797164908212,4
4993,18,28,68,17,-7.775566947501909,11
4994,13,35,47,22,-7.783146627368595,13
4995,111,10,47,6,-7.786638633209642,4
4996,48,15,50,10,-7.798532000224026,5
4997,110,12,114,8,-7.80031681097971,4
4998,49,21,75,13,-7.802050873504806,8
4999,40,36,87,21,-7.816149468605837,15
5000,46,46,25,27,-7.8204011950255445,19
5001,98,17,8,11,-7.832264077196576,6
5002,2,11,7,7,-7.836909370766421,4
5003,109,19,53,12,-7.841205358929898,7
5004,69,13,104,9,-7.84643581421697,4
5005,9,37,16,24,-7.846826969300752,13
5006,91,26,106,17,-7.859341034872017,9
5007,35,12,44,7,-7.859665557157517,5
5008,90,25,114,15,-7.8701656835045455,10
5009,23,17,55,9,-7.8715706098888365,8
5010,81,24,60,15,-7.879588509675568,9
5011,108,11,76,7,-7.890267325318873,4
5012,31,11,78,6,-7.904414780494012,5
5013,38,13,71,9,-7.906029048659733,4
5014,102,20,57,12,-7.906650367160248,8
5015,82,10,88,6,-7.9125780836424955,4
5016,18,22,54,13,-7.917650548154778,9
5017,51,18,80,11,-7.926528914197649,7
5018,20,16,33,10,-7.9280624383644875,6
5019,64,12,77,6,-7.928282722369054,6
5020,34,10,18,7,-7.93407311360503,3
5021,87,17,73,12,-7.94220715025842,5
5022,19,15,87,9,-7.943589688548751,6
5023,53,12,89,7,-7.949973026478008,5
5024,109,10,3,6,-7.949985033221677,4
5025,5,25,65,15,-7.967561696591303,10
5026,4,12,12,8,-7.976222296376226,4
5027,39,31,84,19,-7.9765097082554295,12
5028,84,28,5,17,-7.986435375626319,11
5029,70,16,13,10,-7.990308468406848,6
5030,96,19,102,12,-7.995631160966494,7
5031,98,31,91,19,-8.010154956050265,12
5032,25,12,48,7,-8.01244102921806,5
5033,9,11,35,6,-8.012816785902407,5
5034,50,41,75,27,-8.02466935745211,14
5035,13,26,108,17,-8.028546837864384,9
5036,27,16,37,10,-8.030406858059436,6
5037,107,26,58,17,-8.037629940895535,9
5038,12,11,9,7,-8.058955245687951,4
5039,91,15,51,10,-8.060157448942936,5
5040,46,13,53,8,-8.064750592390654,5
5041,97,16,110,10,-8.077466293642948,6
5042,5,61,8,37,-8.080732178020163,24
5043,46,15,109,9,-8.081904977493476,6
5044,10,15,7,9,-8.086365440359023,6
5045,50,30,60,17,-8.087484578525556,13
5046,46,42,37,28,-8.095895819595153,14
5047,46,16,30,10,-8.098498106037622,6
5048,88,19,100,12,-8.116464062015531,7
5049,107,10,26,6,-8.136960920766814,4
5050,112,10,4,6,-8.145974306589782,4
5051,63,65,16,40,-8.146976419258557,25
5052,112,16,18,11,-8.155957753880717,5
5053,61,12,107,7,-8.157075963099336,5
5054,76,38,86,24,-8.159754461381873,14
5055,69,32,16,20,-8.160441247046853,12
5056,71,28,50,17,-8.165371088482388,11
5057,33,11,68,7,-8.166895131198164,4
5058,30,18,50,11,-8.173377893689405,7
5059,60,35,104,25,-8.183651908443377,10
5060,39,25,74,15,-8.19553508787693,10
5061,109,24,11,16,-8.196422948591085,8
5062,93,24,87,15,-8.201353690040278,9
5063,3,24,40,16,-8.21009163331203,8
5064,1,26,86,16,-8.213403239086288,10
5065,104,28,41,16,-8.222150207467427,12
5066,106,21,69,13,-8.230262561693124,8
5067,2,10,94,6,-8.235738884159375,4
5068,84,10,100,7,-8.240271972733373,3
5069,107,20,78,13,-8.259661311086557,7
5070,46,42,16,27,-8.265204078980108,15
5071,14,12,37,7,-8.266467835075433,5
5072,55,34,50,20,-8.268886532039618,14
5073,76,12,75,7,-8.269580351796622,5
5074,91,18,41,12,-8.276671952774393,6
5075,106,31,90,21,-8.28384546124837,10
5076,30,29,53,18,-8.306098230837584,11
5077,84,18,30,12,-8.315575439609423,6
5078,51,39,76,26,-8.339242903099509,13
5079,68,20,69,12,-8.34403265511844,8
5080,112,20,39,12,-8.345179878987272,8
5081,31,32,41,20,-8.353957395244585,12
5082,65,23,38,13,-8.354229779220868,10
5083,5,22,7,14,-8.357081514884824,8
5084,104,10,67,6,-8.393331116483225,4
5085,79,11,80,6,-8.394402338657228,5
5086,67,14,109,7,-8.41022889195963,7
5087,108,21,53,12,-8.41462834634765,9
5088,90,19,73,12,-8.424101991862472,7
5089,114,20,55,13,-8.432483182241098,7
5090,70,24,96,13,-8.437417991026262,11
5091,114,32,8,21,-8.446067232393617,11
5092,96,14,95,9,-8.450373982592183,5
5093,77,14,74,9,-8.485489523270209,5
5094,1,16,75,11,-8.487454866261048,5
5095,40,28,64,18,-8.49607162432113,10
5096,45,10,91,6,-8.504304930616431,4
5097,88,23,62,14,-8.51262512712999,9
5098,48,28,86,18,-8.527783865058888,10
5099,39,12,34,7,-8.530792842427957,5
5100,106,13,12,9,-8.530975907772833,4
5101,62,13,114,8,-8.549556180002718,5
5102,36,11,78,7,-8.552435160203329,4
5103,7,19,78,11,-8.565348954184037,8
5104,3,13,41,10,-8.570007818582788,3
5105,55,23,95,15,-8.57500650986488,8
5106,84,10,27,6,-8.587686200173591,4
5107,50,22,90,14,-8.598522697493998,8
5108,33,21,51,15,-8.606152418737853,6
5109,60,34,23,22,-8.60880728241122,12
5110,57,15,69,10,-8.610432071680039,5
5111,63,51,51,30,-8.615807425389162,21
5112,57,12,76,8,-8.631010009083715,4
5113,97,19,41,12,-8.638943706099203,7
5114,19,22,7,15,-8.676685500266066,7
5115,31,31,9,20,-8.678153869820548,11
5116,88,16,77,10,-8.678317130754186,6
5117,60,15,76,11,-8.678706996102923,4
5118,35,25,107,17,-8.683347995006125,8
5119,76,26,16,14,-8.69211071455001,12
5120,39,14,110,10,-8.694421097429624,4
5121,78,20,84,13,-8.701752299352222,7
5122,2,10,30,6,-8.704387763563812,4
5123,20,35,63,21,-8.70524806527441,14
5124,102,15,63,9,-8.71016569998991,6
5125,86,15,45,9,-8.710518828201982,6
5126,45,10,58,6,-8.721721801464438,4
5127,57,11,9,7,-8.721996193617914,4
5128,57,26,8,17,-8.727187925997562,9
5129,17,22,4,15,-8.72773506800961,7
5130,11,23,104,15,-8.742484307216113,8
5131,106,14,38,7,-8.74501943352997,7
5132,88,36,39,23,-8.756638990991735,13
5133,18,23,106,15,-8.778191080978738,8
5134,77,12,109,7,-8.789144881364967,5
5135,42,10,106,7,-8.802546839644418,3
5136,47,18,36,12,-8.810892372607713,6
5137,36,19,63,12,-8.822881427312195,7
5138,87,15,32,10,-8.84415502943487,5
5139,3,17,53,11,-8.845189139081638,6
5140,29,15,13,9,-8.860571417374171,6
5141,12,16,23,10,-8.872217683410863,6
5142,40,16,28,9,-8.877350715587879,7
5143,13,20,44,13,-8.886721786197054,7
5144,97,12,69,8,-8.888377862411463,4
5145,109,20,7,13,-8.908032141063202,7
5146,107,15,89,10,-8.908975430626485,5
5147,25,19,110,13,-8.917701672558223,6
5148,91,10,11,7,-8.923724837318142,3
5149,31,12,73,8,-8.93891957013575,4
5150,68,25,28,17,-8.940487090707837,8
5151,80,13,11,8,-8.941133144462878,5
5152,48,34,63,22,-8.958044896706864,12
5153,32,11,28,7,-8.963821007682874,4
5154,114,20,47,12,-8.969382880850324,8
5155,36,18,97,11,-8.970668153566264,7
5156,52,15,28,9,-8.975367013246691,6
5157,77,14,27,9,-8.98057953611799,5
5158,57,15,114,10,-9.000054094310599,5
5159,36,15,5,9,-9.008614310253614,6
5160,70,16,30,9,-9.016092338129875,7
5161,100,18,75,10,-9.024866169547831,8
5162,43,17,54,10,-9.026858404506275,7
5163,45,16,35,9,-9.0400315918615,7
5164,112,10,58,6,-9.041979275484929,4
5165,68,21,47,14,-9.052758514326356,7
5166,79,22,48,14,-9.064036284770673,8
5167,75,34,28,22,-9.068390514566694,12
5168,94,16,28,11,-9.068842266957848,5
5169,86,29,44,19,-9.073857704921481,10
5170,8,34,95,21,-9.07920947405897,13
5171,31,15,109,10,-9.113887572404183,5
5172,17,11,92,7,-9.114563540800457,4
5173,20,22,91,13,-9.11515023214943,9
5174,17,18,104,11,-9.118260519592534,7
5175,69,12,62,7,-9.133574808880725,5
5176,16,18,81,12,-9.13766079743996,6
5177,18,42,13,26,-9.15021879704067,16
5178,5,43,50,26,-9.156049369840705,17
5179,40,15,92,10,-9.168940871834318,5
5180,102,15,40,9,-9.171373555966687,6
5181,49,15,41,9,-9.171912615870816,6
5182,86,39,41,26,-9.172157333193885,13
5183,91,13,15,7,-9.175439096539634,6
5184,107,29,48,18,-9.180964104493265,11
5185,40,17,73,11,-9.199997222971483,6
5186,40,12,2,8,-9.204153353273353,4
5187,4,15,27,9,-9.21491506769711,6
5188,81,11,64,7,-9.217681779438383,4
5189,69,16,70,11,-9.227346228401576,5
5190,85,12,55,8,-9.227678960132264,4
5191,25,44,7,29,-9.23372449337842,15
5192,76,10,15,6,-9.241288842836557,4
5193,29,26,65,15,-9.271210792422918,11
5194,93,13,75,8,-9.279825087560207,5
5195,77,19,63,13,-9.291814452323939,6
5196,68,57,75,38,-9.30062786886553,19
5197,67,15,86,9,-9.306541844943451,6
5198,112,13,27,8,-9.315082703339726,5
5199,70,17,50,10,-9.316243790355681,7
5200,58,16,60,10,-9.319426070200468,6
5201,51,15,111,10,-9.328246716797015,5
5202,29,17,60,10,-9.328648293170021,7
5203,39,29,15,20,-9.342533494112487,9
5204,2,29,28,19,-9.34282167881126,10
5205,50,12,23,9,-9.354699302165743,3
5206,33,14,87,9,-9.358610632806945,5
5207,39,17,76,12,-9.374915521858478,5
5208,107,33,80,22,-9.376730084103613,11
5209,36,11,109,8,-9.390936468630553,3
5210,10,12,63,8,-9.391653486017917,4
5211,109,25,63,15,-9.392892060380623,10
5212,107,22,45,14,-9.39975575090587,8
5213,60,14,108,9,-9.402734068128316,5
5214,92,14,64,7,-9.432471863302016,7
5215,63,11,32,7,-9.44232166344675,4
5216,80,12,91,8,-9.456805917758501,4
5217,68,28,76,21,-9.459920139276978,7
5218,17,12,102,8,-9.460667678985605,4
5219,96,47,16,33,-9.462953828826512,14
5220,51,23,97,16,-9.463450569827408,7
5221,58,10,70,7,-9.487562225897111,3
5222,60,13,102,8,-9.490462801517765,5
5223,7,29,37,18,-9.500511382222342,11
5224,99,22,37,15,-9.502759058160713,7
5225,13,21,90,14,-9.506733485788098,7
5226,2,13,114,8,-9.50915856241785,5
5227,80,14,90,10,-9.509239360264804,4
5228,36,17,8,11,-9.51236026695053,6
5229,9,27,18,18,-9.520249042639605,9
5230,25,32,20,21,-9.520523686179052,11
5231,31,22,1,13,-9.525804060927038,9
5232,108,13,106,9,-9.535201707134298,4
5233,68,15,92,10,-9.538113226799515,5
5234,97,24,13,15,-9.567486234498414,9
5235,60,44,64,30,-9.569439655645416,14
5236,84,32,20,23,-9.579627269291699,9
5237,7,20,73,12,-9.582485903794177,8
5238,88,31,15,22,-9.58291430022994,9
5239,39,14,80,9,-9.589468521855673,5
5240,53,13,8,9,-9.596286006275326,4
5241,84,18,83,11,-9.60947373437216,7
5242,8,14,99,8,-9.611065592860308,6
5243,9,16,76,11,-9.62150457184245,5
5244,109,17,70,11,-9.623350653501726,6
5245,109,22,74,15,-9.62539761750223,7
5246,53,23,41,15,-9.631953807885303,8
5247,114,10,78,6,-9.632244308821944,4
5248,104,10,93,6,-9.63796658188527,4
5249,51,37,100,21,-9.638672092780272,16
5250,114,10,22,5,-9.649313306364819,5
5251,17,15,41,10,-9.654478177971626,5
5252,63,16,111,10,-9.656549842780757,6
5253,71,12,100,8,-9.66068752031631,4
5254,38,12,53,8,-9.664145468055217,4
5255,109,17,17,11,-9.67292277687966,6
5256,17,20,53,13,-9.683594540019676,7
5257,11,18,75,11,-9.710887852205726,7
5258,31,19,43,9,-9.720852773553686,10
5259,32,16,16,10,-9.721720922013692,6
5260,16,13,89,8,-9.733195931265595,5
5261,76,29,63,20,-9.752858943405714,9
5262,51,12,72,7,-9.759777276531146,5
5263,52,12,30,8,-9.763146241314214,4
5264,76,14,13,9,-9.765754801505128,5
5265,83,24,37,15,-9.783726366978415,9
5266,93,10,62,6,-9.798162399200404,4
5267,37,17,64,11,-9.810222324765896,6
5268,51,17,102,11,-9.81128950469166,6
5269,17,24,40,16,-9.815776001763277,8
5270,75,25,104,16,-9.822163907084752,9
5271,57,13,54,10,-9.824315369895016,3
5272,84,47,63,29,-9.837336867449046,18
5273,98,10,53,6,-9.839111782848335,4
5274,79,26,86,17,-9.841357831333447,9
5275,63,16,30,10,-9.842696842263113,6
5276,18,12,76,8,-9.8476224935035,4
5277,71,15,17,9,-9.874078720771612,6
5278,54,17,2,12,-9.883928701627932,5
5279,39,39,18,26,-9.885046818102037,13
5280,9,32,87,19,-9.890957993800642,13
5281,30,13,27,8,-9.896355661349038,5
5282,3,14,25,9,-9.907996037168818,5
5283,2,10,95,7,-9.9203126299905,3
5284,98,10,109,7,-9.940694374330311,3
5285,68,12,29,8,-9.970354840588783,4
5286,88,18,73,12,-9.974203425238962,6
5287,52,13,87,8,-9.98485251805505,5
5288,109,14,93,9,-9.987067099161266,5
5289,10,13,107,8,-9.98735340517921,5
5290,65,25,95,16,-9.987438820754939,9
5291,57,12,75,8,-10.001839571130395,4
5292,18,43,16,29,-10.022908903594146,14
5293,18,14,11,9,-10.031989827572827,5
5294,107,13,110,9,-10.034721322746934,4
5295,38,10,44,7,-10.048373138060267,3
5296,83,23,13,15,-10.067954696106943,8
5297,49,16,40,10,-10.077718304922938,6
5298,106,12,79,8,-10.079963228120917,4
5299,74,11,89,7,-10.093150392265773,4
5300,8,24,18,17,-10.10300859124231,7
5301,93,36,65,22,-10.107687501917342,14
5302,43,28,39,17,-10.108201581404133,11
5303,36,36,53,25,-10.11473282468799,11
5304,102,20,50,12,-10.118106239071224,8
5305,35,10,8,7,-10.118762046100299,3
5306,60,18,17,12,-10.12863063958789,6
5307,70,14,46,9,-10.128652016947743,5
5308,109,10,92,7,-10.132066653367776,3
5309,31,37,53,23,-10.136338371296794,14
5310,23,11,96,7,-10.143008283174424,4
5311,39,13,58,9,-10.147489402696785,4
5312,102,14,76,9,-10.166991590900437,5
5313,9,12,6,7,-10.175309866966634,5
5314,104,13,89,8,-10.178686881843591,5
5315,15,21,8,13,-10.188541036846974,8
5316,37,41,97,27,-10.190687502541847,14
5317,33,13,71,9,-10.195530501937561,4
5318,2,15,98,9,-10.198603389321665,6
5319,96,24,48,16,-10.200121519345737,8
5320,106,63,16,43,-10.201810935158226,20
5321,39,24,91,16,-10.206322081312436,8
5322,37,36,11,24,-10.207174749413833,12
5323,68,24,25,16,-10.21179043309895,8
5324,31,17,30,10,-10.214096274935343,7
5325,91,35,63,24,-10.225389928816243,11
5326,106,16,67,10,-10.252161434234205,6
5327,99,12,77,9,-10.252199704478636,3
5328,50,15,85,10,-10.26203922127155,5
5329,104,12,34,8,-10.27427919250402,4
5330,54,12,38,8,-10.280232127604942,4
5331,52,11,63,7,-10.291118040471776,4
5332,29,11,49,7,-10.30099349448638,4
5333,31,29,107,16,-10.30345756995746,13
5334,109,11,57,7,-10.316736117434688,4
5335,81,14,7,8,-10.321582987727558,6
5336,1,13,37,8,-10.34216426905315,5
5337,1,26,16,19,-10.34569928715388,7
5338,7,10,94,7,-10.355621654064775,3
5339,81,13,104,7,-10.361322759461327,6
5340,60,21,49,14,-10.368756848511252,7
5341,93,16,106,10,-10.37915501513517,6
5342,57,10,100,6,-10.38688479130181,4
5343,85,13,63,8,-10.414666124998384,5
5344,54,23,100,15,-10.421773818682981,8
5345,7,11,110,6,-10.42257657923173,5
5346,114,19,95,12,-10.422604339796184,7
5347,39,16,44,10,-10.434810009571377,6
5348,53,13,78,8,-10.442866978504684,5
5349,112,25,64,18,-10.44734880369225,7
5350,69,27,60,16,-10.453461646225001,11
5351,31,10,6,6,-10.459894630543896,4
5352,77,12,23,8,-10.47207373365885,4
5353,8,35,75,24,-10.477015226263449,11
5354,13,15,19,10,-10.478851089928181,5
5355,102,14,75,10,-10.47886729381523,4
5356,16,17,78,11,-10.48792482811098,6
5357,69,18,63,13,-10.495670691796661,5
5358,12,12,114,7,-10.504954578013217,5
5359,37,14,89,8,-10.519274673853,6
5360,36,27,27,17,-10.523349599331356,10
5361,97,19,71,13,-10.523533962196899,6
5362,56,16,86,11,-10.543126647721751,5
5363,54,19,71,12,-10.56377327137223,7
5364,9,15,95,9,-10.569002592922953,6
5365,28,18,69,11,-10.575983527327306,7
5366,28,10,26,7,-10.592168464369761,3
5367,38,15,75,11,-10.597530026810052,4
5368,91,31,7,22,-10.60910028610159,9
5369,101,12,16,8,-10.62271769748288,4
5370,71,18,98,12,-10.627953776602759,6
5371,64,20,30,13,-10.642272986004782,7
5372,103,12,107,9,-10.647201349907752,3
5373,98,25,5,16,-10.662918685540621,9
5374,57,15,65,10,-10.687048615969916,5
5375,74,25,51,18,-10.704030149650722,7
5376,107,34,57,22,-10.70465891591215,12
5377,36,13,43,8,-10.713552025008546,5
5378,111,11,54,8,-10.714143810197228,3
5379,88,44,63,31,-10.729764281414107,13
5380,39,20,23,13,-10.742827162036495,7
5381,31,27,27,16,-10.758919665279386,11
5382,104,17,9,11,-10.762729474142402,6
5383,7,11,59,8,-10.771239818059199,3
5384,91,25,55,18,-10.791612827626562,7
5385,77,27,104,18,-10.795670361212089,9
5386,81,17,106,10,-10.816681182916206,7
5387,8,34,109,21,-10.819891467814774,13
5388,65,30,27,20,-10.856587825173339,10
5389,54,46,37,31,-10.87009397469276,15
5390,77,16,71,11,-10.872072685026803,5
5391,41,21,111,13,-10.875724405637953,8
5392,35,10,102,6,-10.90320798703147,4
5393,5,17,73,11,-10.90738305979487,6
5394,64,14,27,10,-10.925557497140751,4
5395,13,10,89,6,-10.939542022741616,4
5396,47,15,9,10,-10.968614103246171,5
5397,88,37,50,24,-10.986958086725291,13
5398,110,20,51,14,-11.000148170458745,6
5399,107,13,56,8,-11.000292497508868,5
5400,71,13,15,9,-11.00914391321026,4
5401,68,10,98,7,-11.014423279510455,3
5402,92,14,41,9,-11.016394202336143,5
5403,88,41,53,28,-11.023031682203495,13
5404,68,12,45,8,-11.02401972838907,4
5405,9,25,64,18,-11.03637269777133,7
5406,114,12,32,8,-11.045874107216177,4
5407,11,11,99,7,-11.04788337752713,4
5408,109,13,30,9,-11.049589386483902,4
5409,102,11,100,8,-11.083335103949722,3
5410,57,11,62,8,-11.089901365863179,3
5411,78,12,17,8,-11.090068157424293,4
5412,107,18,12,13,-11.095629908733304,5
5413,29,13,75,8,-11.096282078020437,5
5414,80,13,78,9,-11.09791576617006,4
5415,57,22,70,13,-11.101179297757742,9
5416,32,13,74,9,-11.101664191982367,4
5417,19,10,40,7,-11.104417905023016,3
5418,87,20,100,12,-11.113455718095159,8
5419,10,11,11,7,-11.132503544872622,4
5420,4,16,43,10,-11.162760468553993,6
5421,61,12,6,8,-11.200388242698184,4
5422,65,45,114,29,-11.20792553692763,16
5423,1,11,89,7,-11.20901106938993,4
5424,46,12,100,8,-11.210309669403358,4
5425,106,18,98,12,-11.217270403208776,6
5426,51,13,73,9,-11.219804453521853,4
5427,88,71,13,48,-11.222941517191334,23
5428,96,20,46,12,-11.223825219116964,8
5429,112,12,38,9,-11.23040362290014,3
5430,109,17,75,12,-11.242273446455997,5
5431,51,28,95,20,-11.244919045567018,8
5432,81,13,40,9,-11.249205674756395,4
5433,83,16,107,11,-11.24958512039028,5
5434,70,29,87,18,-11.250414739740132,11
5435,48,12,90,8,-11.252381363492235,4
5436,7,52,75,35,-11.2746633859962,17
5437,55,14,2,9,-11.276816159574057,5
5438,54,14,19,8,-11.27960886649913,6
5439,5,10,80,7,-11.295210617596885,3
5440,96,25,7,18,-11.300422106484014,7
5441,60,23,47,16,-11.31330562577917,7
5442,20,38,50,26,-11.316816486601454,12
5443,20,12,64,9,-11.331308462604776,3
5444,81,18,87,10,-11.3699132326782,8
5445,71,21,104,13,-11.370166649530528,8
5446,38,11,4,8,-11.395009854616482,3
5447,35,23,76,15,-11.39691854534874,8
5448,95,10,29,7,-11.401888238693147,3
5449,106,39,114,26,-11.417874917507989,13
5450,72,19,86,13,-11.423615729846851,6
5451,81,14,47,10,-11.445134927289029,4
5452,63,19,57,12,-11.499632269547762,7
5453,12,10,94,6,-11.507296767268528,4
5454,76,15,74,9,-11.544600382799558,6
5455,71,10,111,7,-11.563837134119527,3
5456,104,16,36,10,-11.564722196156035,6
5457,50,15,33,10,-11.568332857311571,5
5458,39,15,90,10,-11.577976501423594,5
5459,18,21,15,15,-11.590119158022436,6
5460,19,13,29,9,-11.616301724758122,4
5461,86,33,102,23,-11.659667182565103,10
5462,39,33,30,22,-11.664507953068155,11
5463,48,11,98,8,-11.678045251552971,3
5464,96,13,91,9,-11.692854193124042,4
5465,53,12,15,8,-11.70980845034874,4
5466,112,15,100,10,-11.71919318790088,5
5467,67,11,16,8,-11.761532223804268,3
5468,1,37,55,26,-11.769033555767942,11
5469,65,12,91,8,-11.784658313781671,4
5470,54,10,44,7,-11.791894285038754,3
5471,40,21,8,15,-11.791921402372775,6
5472,86,28,43,20,-11.808758720861809,8
5473,91,10,53,7,-11.811611902058761,3
5474,17,10,83,6,-11.812775268760374,4
5475,111,16,28,11,-11.820301223407922,5
5476,87,23,48,16,-11.827762552608771,7
5477,64,10,74,6,-11.828764368523549,4
5478,28,47,63,33,-11.828866423716303,14
5479,37,10,78,7,-11.831707242150298,3
5480,28,34,74,23,-11.834419909257845,11
5481,47,10,78,6,-11.843066191666676,4
5482,14,18,16,12,-11.861448285420282,6
5483,104,18,90,12,-11.89837391797068,6
5484,63,18,62,12,-11.898616241132698,6
5485,29,11,109,6,-11.905733206262543,5
5486,18,27,95,18,-11.951490678023534,9
5487,54,10,53,7,-11.951994898142779,3
5488,35,12,27,8,-11.953831865399296,4
5489,9,12,11,8,-11.95751404574191,4
5490,72,11,50,8,-11.966306538639385,3
5491,60,16,37,10,-11.9668638856867,6
5492,104,12,1,8,-12.020108292717424,4
5493,13,16,58,12,-12.037688148626765,4
5494,9,20,15,12,-12.03884463484616,8
5495,96,28,98,19,-12.0522531035848,9
5496,63,18,1,11,-12.054495717242014,7
5497,28,11,110,7,-12.062606997342062,4
5498,28,21,34,15,-12.064560123194633,6
5499,20,14,34,10,-12.080633416209027,4
5500,69,19,58,12,-12.089414430124698,7
5501,55,13,15,10,-12.1017027484743,3
5502,63,12,92,7,-12.136993324985582,5
5503,31,11,19,8,-12.140248760143196,3
5504,70,22,2,14,-12.153236389251056,8
5505,51,23,77,15,-12.16149932915176,8
5506,39,17,109,13,-12.189314131019263,4
5507,76,18,7,11,-12.196617315781682,7
5508,106,11,78,8,-12.21024325274275,3
5509,9,14,43,9,-12.224469441855376,5
5510,43,19,75,14,-12.224767647713705,5
5511,112,19,28,13,-12.228920740366254,6
5512,54,27,48,18,-12.230401373927076,9
5513,84,11,71,8,-12.255989147154674,3
5514,39,10,32,7,-12.25900875776762,3
5515,108,10,28,6,-12.299856976610261,4
5516,20,10,78,7,-12.337947782230119,3
5517,97,12,67,9,-12.35346782744064,3
5518,94,11,76,8,-12.387810233208159,3
5519,50,17,36,10,-12.423703215189779,7
5520,20,12,19,8,-12.44009192791597,4
5521,49,10,80,6,-12.509141995238949,4
5522,103,12,55,9,-12.517980336309982,3
5523,5,27,75,17,-12.535083552437035,10
5524,58,14,54,9,-12.535089602873326,5
5525,87,27,98,19,-12.540784384215351,8
5526,5,27,57,19,-12.572003913811173,8
5527,9,19,20,13,-12.586361422949272,6
5528,51,20,15,13,-12.587936460827022,7
5529,17,11,38,7,-12.634911882425529,4
5530,87,11,10,8,-12.637100065195789,3
5531,70,24,108,17,-12.647188608054195,7
5532,5,14,48,10,-12.657719903594751,4
5533,88,16,111,12,-12.710530076381987,4
5534,107,41,30,28,-12.716586983155048,13
5535,106,24,46,15,-12.725492516069489,9
5536,106,14,33,10,-12.736963404825662,4
5537,36,10,95,7,-12.746346244298937,3
5538,81,12,54,8,-12.757047966098474,4
5539,84,12,41,8,-12.75751979686909,4
5540,27,20,104,15,-12.796343894614779,5
5541,104,20,49,14,-12.812277987885736,6
5542,29,15,98,11,-12.831922527793072,4
5543,109,19,27,12,-12.854514856980064,7
5544,112,14,47,9,-12.859285190584625,5
5545,13,12,85,9,-12.869033586092712,3
5546,45,14,23,10,-12.875487654765546,4
5547,65,21,2,16,-12.8900275785182,5
5548,75,12,98,8,-12.900340980932176,4
5549,17,16,23,11,-12.920452187354222,5
5550,8,15,78,11,-12.921729498024693,4
5551,60,29,91,19,-12.952631394075716,10
5552,102,21,107,14,-12.974367748289918,7
5553,112,10,91,7,-12.97919097248294,3
5554,114,12,27,8,-13.009570993376595,4
5555,91,15,43,11,-13.046946068237398,4
5556,84,27,11,19,-13.078499013886129,8
5557,46,38,104,26,-13.083570903140272,12
5558,90,15,20,10,-13.08396173697106,5
5559,88,12,98,9,-13.094822370834628,3
5560,70,10,83,6,-13.118339150755117,4
5561,77,15,53,10,-13.125923769197522,5
5562,12,11,28,8,-13.145439555539337,3
5563,37,28,95,21,-13.149042342745602,7
5564,88,17,102,13,-13.153141792955822,4
5565,35,12,97,9,-13.15953893586328,3
5566,70,22,11,16,-13.174919150937757,6
5567,54,18,36,12,-13.217744798273172,6
5568,41,16,8,12,-13.244566662838952,4
5569,88,36,95,25,-13.24512473637818,11
5570,96,39,11,27,-13.252582377716239,12
5571,11,23,95,17,-13.263288005084238,6
5572,112,15,87,10,-13.263846083806499,5
5573,5,31,102,21,-13.269431869962297,10
5574,99,12,7,8,-13.274517260788413,4
5575,106,19,64,13,-13.295192075566398,6
5576,46,17,50,11,-13.310329365776978,6
5577,18,16,47,12,-13.317575135316673,4
5578,46,12,18,9,-13.322032493347338,3
5579,114,28,87,18,-13.32969544089937,10
5580,83,18,16,13,-13.35123547721314,5
5581,32,11,55,7,-13.36363963009391,4
5582,35,12,104,8,-13.369677424437175,4
5583,103,16,86,11,-13.404186851009111,5
5584,62,18,74,13,-13.411803700884379,5
5585,53,15,75,10,-13.423496737137004,5
5586,32,12,25,7,-13.427877456338663,5
5587,35,15,36,11,-13.440272285829963,4
5588,55,17,102,12,-13.448934349992442,5
5589,90,10,93,7,-13.452391800759145,3
5590,86,24,26,18,-13.454427406615018,6
5591,3,14,20,10,-13.478689443493133,4
5592,39,14,108,9,-13.481039273987522,5
5593,70,10,34,7,-13.500624883981926,3
5594,1,10,78,7,-13.511302040012385,3
5595,66,11,7,7,-13.514093541012448,4
5596,38,15,104,10,-13.530669032796668,5
5597,103,11,74,8,-13.53565105452587,3
5598,60,26,27,20,-13.540065663312776,6
5599,104,18,64,13,-13.541290561517043,5
5600,74,10,15,7,-13.56932630742914,3
5601,3,10,38,7,-13.612373842695774,3
5602,46,12,93,9,-13.65474091099076,3
5603,86,16,92,11,-13.67676060817369,5
5604,99,20,107,14,-13.701645523668958,6
5605,44,14,104,10,-13.703910249073422,4
5606,31,25,63,18,-13.714594813504094,7
5607,33,14,63,10,-13.733555706081619,4
5608,28,13,10,10,-13.73666606987671,3
5609,53,17,43,13,-13.791105639936724,4
5610,112,11,97,9,-13.794615799527321,2
5611,31,74,13,51,-13.800549608099518,23
5612,31,17,98,11,-13.805084918983175,6
5613,112,14,71,10,-13.80768968996665,4
5614,52,19,86,14,-13.851910838120485,5
5615,83,13,11,10,-13.863860744018641,3
5616,50,19,53,13,-13.883151416746287,6
5617,76,17,54,12,-13.892444764564262,5
5618,38,10,100,8,-13.910833855557149,2
5619,40,10,100,7,-13.927928921941099,3
5620,112,11,37,8,-13.937736127059297,3
5621,69,19,75,14,-13.94230448490658,5
5622,109,11,91,8,-13.94618860472034,3
5623,71,24,40,17,-13.948125771645659,7
5624,75,12,111,8,-13.972281809419961,4
5625,91,11,69,7,-13.993001551531528,4
5626,77,29,40,21,-14.048771071022598,8
5627,63,36,80,26,-14.049544936434044,10
5628,85,14,39,9,-14.177624685555418,5
5629,63,10,15,7,-14.178625851059422,3
5630,81,23,51,15,-14.181392483122476,8
5631,80,11,41,8,-14.186716292232557,3
5632,66,11,63,8,-14.209916362631542,3
5633,77,15,30,11,-14.240898393688356,4
5634,60,21,74,14,-14.268042080973927,7
5635,37,12,34,9,-14.300571264435137,3
5636,102,11,46,8,-14.307494713152051,3
5637,50,18,80,14,-14.309192739594003,4
5638,57,12,31,8,-14.310689026630849,4
5639,61,10,63,8,-14.323000497708241,2
5640,77,27,7,19,-14.33556677589385,8
5641,83,10,40,8,-14.347262135245904,2
5642,3,21,84,14,-14.367213688117287,7
5643,14,11,80,7,-14.435345395194508,4
5644,5,12,44,9,-14.447481002517355,3
5645,2,10,73,7,-14.457830254043136,3
5646,25,12,34,9,-14.468789684868275,3
5647,51,18,45,13,-14.493324057948728,5
5648,84,20,112,14,-14.510611268456794,6
5649,2,12,13,8,-14.516038794033763,4
5650,37,12,73,8,-14.533349572792924,4
5651,9,11,108,7,-14.533752266696007,4
5652,51,24,78,16,-14.558019620679696,8
5653,99,12,50,8,-14.581629542155014,4
5654,12,12,27,9,-14.58894097244964,3
5655,87,15,79,12,-14.594363104783758,3
5656,69,15,49,10,-14.620888888677557,5
5657,97,11,14,9,-14.634263785488013,2
5658,35,10,3,7,-14.67345115895829,3
5659,18,13,69,9,-14.695896617157176,4
5660,83,19,114,14,-14.71253096490687,5
5661,84,19,104,13,-14.729400464476486,6
5662,31,10,100,7,-14.730848989291465,3
5663,102,10,90,6,-14.739148726840858,4
5664,106,14,32,11,-14.741977351969277,3
5665,109,26,114,20,-14.744077219906973,6
5666,2,10,57,7,-14.75670329182861,3
5667,54,35,75,24,-14.800167840554582,11
5668,91,17,30,13,-14.854653528597783,4
5669,108,10,8,8,-14.88327570809189,2
5670,112,10,55,8,-14.907032679929216,2
5671,17,21,95,16,-14.970865650802967,5
5672,57,11,38,7,-15.001479354971174,4
5673,75,10,45,8,-15.003649946946844,2
5674,99,18,25,13,-15.014737107768294,5
5675,94,17,81,11,-15.053941840602283,6
5676,71,17,41,13,-15.162388636591329,4
5677,43,13,30,10,-15.232406371172784,3
5678,29,12,3,9,-15.232917471133247,3
5679,68,15,61,11,-15.24709195978541,4
5680,112,18,20,14,-15.347636279185814,4
5681,37,13,18,10,-15.368965567811568,3
5682,46,12,98,8,-15.381140721878973,4
5683,71,10,11,7,-15.386871545741162,3
5684,25,14,49,10,-15.43786379260084,4
5685,58,20,65,14,-15.443655730967695,6
5686,107,25,73,17,-15.460672720698524,8
5687,31,15,69,10,-15.502962092044207,5
5688,2,18,104,12,-15.50344370749933,6
5689,106,10,89,6,-15.508251121091035,4
5690,10,11,37,7,-15.516949569025604,4
5691,14,11,25,9,-15.536643242754739,2
5692,31,12,104,8,-15.561592201078605,4
5693,5,20,23,15,-15.563915929412014,5
5694,45,14,4,10,-15.600891470448104,4
5695,85,11,106,8,-15.605731963514037,3
5696,97,13,90,9,-15.62188808576594,4
5697,38,10,87,7,-15.648595936017907,3
5698,94,10,30,7,-15.665277818052123,3
5699,1,13,8,10,-15.702434313684371,3
5700,94,25,16,19,-15.716237844212396,6
5701,80,13,75,10,-15.71805205236554,3
5702,35,12,80,9,-15.72406211872363,3
5703,77,14,37,10,-15.73169378416834,4
5704,96,16,93,12,-15.73319462766121,4
5705,13,25,30,17,-15.73369477818348,8
5706,57,20,7,13,-15.746440629237659,7
5707,35,10,75,8,-15.755761764469415,2
5708,37,10,15,8,-15.78269510258246,2
5709,12,12,75,8,-15.785867542761379,4
5710,77,16,8,12,-15.792942369486319,4
5711,70,10,48,7,-15.796496446665468,3
5712,35,12,87,8,-15.83062454624883,4
5713,31,45,16,33,-15.837412153743443,12
5714,2,10,60,7,-15.84205677205398,3
5715,39,18,99,14,-15.84878961626863,4
5716,12,15,41,11,-15.852631956602023,4
5717,91,11,76,9,-15.872477419459234,2
5718,8,18,34,13,-15.876296726362224,5
5719,9,30,53,22,-15.894615033798411,8
5720,70,13,80,11,-15.90133341789594,2
5721,9,26,41,19,-15.923207095513275,7
5722,63,13,14,9,-15.961958621197994,4
5723,78,10,27,9,-15.993140978677223,1
5724,5,18,41,12,-16.050377082501456,6
5725,83,12,23,9,-16.123810814063006,3
5726,102,10,43,7,-16.154622115934174,3
5727,11,12,30,9,-16.16112498926937,3
5728,9,13,48,10,-16.236645292462978,3
5729,69,21,53,15,-16.247322250303586,6
5730,29,20,88,15,-16.40301637372991,5
5731,68,25,112,18,-16.406384280946302,7
5732,7,16,61,11,-16.426968020447948,5
5733,25,25,11,20,-16.429746187224737,5
5734,60,14,100,11,-16.462828606412607,3
5735,55,15,14,12,-16.464885141480416,3
5736,88,17,80,12,-16.477538046034613,5
5737,3,18,63,15,-16.488578447376668,3
5738,69,17,30,12,-16.6252519902636,5
5739,36,10,101,8,-16.627946704419497,2
5740,41,12,30,8,-16.67014747818193,4
5741,71,15,95,10,-16.72675418994599,5
5742,76,10,1,7,-16.815372977495876,3
5743,30,14,95,10,-16.836817117204564,4
5744,97,14,38,11,-16.838290194315167,3
5745,109,11,15,9,-16.89170612213505,2
5746,31,10,38,6,-16.97274158238424,4
5747,50,16,77,13,-16.97319460562341,3
5748,87,12,34,9,-16.98781036825935,3
5749,46,11,43,8,-16.991693442801246,3
5750,51,13,34,10,-17.050470848560973,3
5751,79,13,104,9,-17.056081750892357,4
5752,1,14,18,11,-17.058153705270225,3
5753,13,17,80,12,-17.06375198393908,5
5754,20,12,60,9,-17.12579419517071,3
5755,5,22,27,16,-17.186967099907662,6
5756,35,12,63,9,-17.190706154289504,3
5757,29,11,20,8,-17.261971083229245,3
5758,106,10,35,7,-17.319051156851785,3
5759,39,10,45,7,-17.32115834390289,3
5760,19,11,55,8,-17.435802328445057,3
5761,18,14,23,10,-17.468338798211544,4
5762,83,11,110,9,-17.575104905290946,2
5763,112,19,60,15,-17.601551386113417,4
5764,77,18,16,14,-17.61931989103236,4
5765,57,12,34,9,-17.642040510861822,3
5766,3,11,5,7,-17.694163901939547,4
5767,55,12,44,9,-17.771847163193563,3
5768,5,18,30,15,-17.81053305502534,3
5769,8,10,69,8,-17.824588271872045,2
5770,88,17,32,13,-17.824594134673823,4
5771,114,11,111,8,-17.846918134233796,3
5772,43,16,55,14,-17.88766939591472,2
5773,68,21,95,18,-17.962668451083434,3
5774,33,18,55,14,-17.969879843551904,4
5775,28,28,90,22,-18.060877876686433,6
5776,65,29,100,24,-18.208500508458588,5
5777,103,10,109,7,-18.37872283171988,3
5778,18,10,5,8,-18.464269170029826,2
5779,33,14,65,11,-18.512762180418843,3
5780,31,15,106,11,-18.52908676481624,4
5781,43,11,45,8,-18.574891926068155,3
5782,68,15,50,11,-18.68712791744929,4
5783,28,17,99,13,-18.754584808369174,4
5784,94,10,85,8,-18.75789926477135,2
5785,77,10,100,8,-18.785807393142274,2
5786,47,11,55,8,-18.857554518412744,3
5787,11,10,2,8,-18.92308479788875,2
5788,4,13,98,11,-18.936498509144613,2
5789,106,10,92,8,-19.041690772468705,2
5790,72,15,28,12,-19.110970784949362,3
5791,2,10,100,7,-19.143504228869272,3
5792,54,16,4,14,-19.244087603842104,2
5793,18,14,99,11,-19.290873438644514,3
5794,36,19,30,17,-19.30529767168729,2
5795,58,19,86,15,-19.384187711945845,4
5796,51,10,101,8,-19.538804927619935,2
5797,51,10,94,8,-19.678230206250994,2
5798,32,12,95,10,-19.760326388824467,2
5799,68,15,100,11,-19.919601065708385,4
5800,10,12,112,9,-19.92222396416301,3
5801,84,11,7,9,-20.072751797902637,2
5802,112,11,49,9,-20.081273718937805,2
5803,43,10,78,8,-20.12217678902932,2
5804,28,11,43,8,-20.232603750970075,3
5805,10,15,51,12,-20.332726180509006,3
5806,5,10,64,8,-20.37578731830582,2
5807,35,11,48,9,-20.438098241934796,2
5808,112,20,78,16,-20.501825468968363,4
5809,81,12,49,9,-20.5963472275708,3
5810,9,23,27,18,-20.73849836766573,5
5811,68,11,90,9,-20.787956198015944,2
5812,79,10,30,8,-20.824119521738712,2
5813,38,11,55,9,-20.87506721402826,2
5814,77,10,98,8,-21.266559747636286,2
5815,91,16,104,15,-21.31971827875211,1
5816,51,16,2,12,-21.322170492802826,4
5817,109,10,12,9,-21.32950515182345,1
5818,51,19,90,17,-21.393287092982963,2
5819,4,13,25,11,-21.42004260246313,2
5820,4,15,41,10,-21.480590173913868,5
5821,31,12,62,9,-21.790941067775986,3
5822,97,12,91,10,-22.175648770183788,2
5823,112,11,80,9,-22.75711913441688,2
5824,3,11,30,10,-22.835991297738502,1
5825,69,11,78,9,-22.86018059326103,2
5826,57,10,26,8,-23.019758397049465,2
5827,8,11,4,10,-23.17790508365148,1
5828,31,10,15,8,-23.60998987148027,2
5829,102,10,30,8,-23.768301124479738,2
5830,69,11,27,9,-23.965125451311458,2
5831,97,11,34,9,-24.058676404388496,2
5832,97,12,73,9,-24.10757303293757,3
5833,3,16,75,14,-24.194103806582213,2
5834,107,12,19,12,-24.916943809219582,0
5835,77,17,75,15,-26.826580833678783,2
5836,23,11,90,10,-28.300961743533676,1
5837,37,11,44,11,-29.883498899257123,0
