,againstHero,games,hero,losses,shift,wins
0,90,11,23,1,28.300961743533684,10
1,44,10,37,0,28.253477074224726,10
2,75,16,77,2,26.228267199136482,14
3,49,10,112,1,24.460078908180627,9
4,19,10,107,0,24.226623453768696,10
5,73,12,97,3,24.10757303293757,9
6,27,11,69,2,23.96512545131146,9
7,71,12,112,2,23.507799276651657,10
8,4,11,8,1,23.177905083651492,10
9,27,21,9,4,23.07230652184508,17
10,10,10,28,1,23.03135332069283,9
11,78,16,112,3,23.022086157312128,13
12,75,15,3,2,22.90290040082441,13
13,55,10,47,2,22.558686434869564,8
14,100,25,65,3,22.417652768002984,22
15,34,11,51,2,22.213174768846972,9
16,91,12,97,2,22.175648770183788,10
17,20,15,112,2,21.822113913104296,13
18,62,12,31,3,21.79094106777599,9
19,86,15,58,3,21.50384076763655,12
20,41,15,4,5,21.480590173913868,10
21,34,10,97,2,21.449947297008155,8
22,25,13,4,2,21.42004260246313,11
23,104,16,91,1,21.319718278752113,15
24,90,17,51,2,21.316832661511135,15
25,7,10,84,2,21.17364400986741,8
26,55,11,38,2,20.87506721402826,9
27,30,10,79,2,20.824119521738705,8
28,87,10,112,2,20.648609256164324,8
29,49,12,81,3,20.596347227570796,9
30,48,11,35,2,20.438098241934792,9
31,43,12,91,2,20.29321965959792,10
32,2,15,51,4,20.284269757170094,11
33,30,18,36,2,20.033620464488322,16
34,111,11,75,3,20.02641187481709,8
35,95,12,32,2,19.760326388824463,10
36,90,10,68,2,19.75244962865367,8
37,101,10,51,2,19.538804927619935,8
38,16,16,77,3,19.494965112936953,13
39,27,11,12,2,19.43334632488541,9
40,99,14,18,3,19.290873438644514,11
41,4,16,54,2,19.2440876038421,14
42,31,10,57,3,19.217116599721326,7
43,100,10,2,3,19.14350422886928,7
44,47,11,112,3,19.080669070907977,8
45,92,10,106,2,19.041690772468705,8
46,98,13,4,2,18.936498509144613,11
47,2,10,11,2,18.923084797888755,8
48,87,15,81,5,18.824930184196745,10
49,99,17,28,4,18.754584808369174,13
50,112,16,68,4,18.58857028241253,12
51,106,15,31,4,18.52908676481624,11
52,65,14,33,3,18.51276218041885,11
53,5,10,18,2,18.464269170029823,8
54,109,10,103,3,18.37872283171988,7
55,55,15,43,2,18.330276358916958,13
56,100,14,68,4,18.136118826499686,10
57,55,10,19,3,18.123273148174388,7
58,44,11,55,3,18.073593929874914,8
59,55,18,33,4,17.969879843551904,14
60,95,21,68,3,17.962668451083438,18
61,69,11,57,2,17.903713317642495,9
62,111,11,114,3,17.846918134233796,8
63,32,17,88,4,17.82459413467382,13
64,69,10,8,2,17.824588271872045,8
65,30,18,5,3,17.81053305502534,15
66,30,14,69,4,17.765258614983445,10
67,5,11,3,4,17.694163901939547,7
68,15,14,9,4,17.660327773109124,10
69,90,27,28,6,17.576354024280796,21
70,110,11,83,2,17.575104905290946,9
71,23,14,18,4,17.468338798211544,10
72,45,10,43,3,17.339723268429022,7
73,45,10,39,3,17.32115834390289,7
74,35,10,106,3,17.319051156851785,7
75,63,12,35,3,17.190706154289504,9
76,27,22,5,6,17.18696709990766,16
77,49,14,69,4,17.144708838601282,10
78,51,13,10,3,17.10096027286803,10
79,114,25,109,5,17.093936819354333,20
80,53,18,50,5,17.001925465006988,13
81,34,12,87,3,16.987810368259346,9
82,77,16,50,3,16.97319460562341,13
83,38,10,31,4,16.97274158238424,6
84,38,14,97,3,16.838290194315167,11
85,95,14,30,4,16.836817117204568,10
86,1,10,76,3,16.815372977495876,7
87,50,13,68,4,16.739560938672486,9
88,95,15,71,5,16.72675418994599,10
89,30,12,41,4,16.67014747818193,8
90,101,10,36,2,16.6279467044195,8
91,104,12,79,4,16.610032165830475,8
92,14,15,55,3,16.464885141480416,12
93,11,25,25,5,16.429746187224733,20
94,78,19,51,6,16.249500683193986,13
95,53,21,69,6,16.247322250303586,15
96,65,18,58,5,16.230092308358206,13
97,86,17,52,4,16.226058333370403,13
98,23,15,17,4,16.142798996109963,11
99,28,15,112,4,16.11349662694645,11
100,41,18,5,6,16.05037708250146,12
101,98,16,31,5,16.004000710168853,11
102,14,13,63,4,15.961958621197992,9
103,80,13,70,2,15.901333417895936,11
104,53,30,9,8,15.894615033798411,22
105,76,11,91,2,15.872477419459232,9
106,41,15,12,4,15.852631956602023,11
107,99,18,39,4,15.84878961626863,14
108,48,10,70,3,15.796496446665468,7
109,8,16,77,4,15.792942369486319,12
110,15,10,37,2,15.78269510258246,8
111,62,17,63,5,15.764032245306241,12
112,75,10,35,2,15.755761764469415,8
113,93,16,96,4,15.733194627661211,12
114,37,14,77,4,15.73169378416834,10
115,80,12,35,3,15.72406211872363,9
116,75,13,80,3,15.718052052365534,10
117,8,13,1,3,15.702434313684373,10
118,80,16,88,5,15.676196886577953,11
119,90,13,97,4,15.621888085765939,9
120,106,11,85,3,15.60573196351404,8
121,4,14,45,4,15.600891470448106,10
122,16,44,31,12,15.592889476070622,32
123,23,20,5,5,15.563915929412016,15
124,104,12,31,4,15.561592201078605,8
125,25,11,14,2,15.536643242754739,9
126,89,10,106,4,15.508251121091039,6
127,104,18,2,6,15.503443707499333,12
128,69,15,31,5,15.502962092044205,10
129,100,13,60,3,15.468043250681323,10
130,81,16,94,6,15.463781780556559,10
131,73,25,107,8,15.460672720698525,17
132,49,14,25,4,15.43786379260084,10
133,11,10,71,3,15.386871545741162,7
134,107,18,99,5,15.347683777553831,13
135,61,15,68,4,15.24709195978541,11
136,41,17,71,4,15.16238863659133,13
137,27,11,35,3,15.129282720135883,8
138,48,12,9,3,15.097519161061681,9
139,19,11,13,3,15.079444977391654,8
140,63,17,3,3,15.071396371833838,14
141,61,15,7,5,15.062720453324896,10
142,25,18,99,5,15.014737107768298,13
143,45,10,75,2,15.003649946946844,8
144,95,21,17,5,14.970865650802967,16
145,9,16,104,5,14.915937256999364,11
146,108,12,39,4,14.895578870301284,8
147,8,10,108,2,14.883275708091887,8
148,30,17,91,4,14.854653528597783,13
149,55,11,85,3,14.836765173492136,8
150,18,12,37,3,14.803594606441186,9
151,57,10,2,3,14.75670329182861,7
152,51,20,81,7,14.752117268796239,13
153,32,14,106,3,14.741977351969275,11
154,114,19,83,5,14.712530964906872,14
155,14,11,97,2,14.634263785488013,9
156,15,11,55,2,14.630800697849656,9
157,30,10,102,3,14.616177341977675,7
158,50,12,99,4,14.581629542155014,8
159,73,12,37,4,14.533349572792922,8
160,13,12,2,4,14.516038794033767,8
161,54,12,58,4,14.495793177234157,8
162,45,18,51,5,14.493324057948724,13
163,34,12,25,3,14.468789684868277,9
164,73,10,2,3,14.457830254043136,7
165,44,12,5,3,14.447481002517355,9
166,80,11,14,4,14.435345395194508,7
167,40,10,83,2,14.347262135245902,8
168,77,22,51,7,14.34162590555927,15
169,7,27,77,8,14.33556677589385,19
170,80,18,50,4,14.309192739594003,14
171,46,11,102,3,14.30749471315205,8
172,34,12,37,3,14.30057126443514,9
173,30,11,11,3,14.29951613613078,8
174,74,21,60,7,14.268042080973931,14
175,16,21,94,6,14.265495530226408,15
176,30,15,77,4,14.240898393688356,11
177,91,28,60,9,14.219487017087326,19
178,63,11,66,3,14.209916362631539,8
179,41,11,80,3,14.18671629223256,8
180,71,18,54,6,14.183245475418028,12
181,91,10,71,3,14.063234581200414,7
182,40,29,77,8,14.048771071022596,21
183,58,15,68,4,13.9590141666954,11
184,40,24,71,7,13.948125771645659,17
185,75,19,69,5,13.942304484906579,14
186,34,11,57,3,13.937862830072245,8
187,23,11,83,3,13.9232349355535,8
188,2,16,54,4,13.913344645570438,12
189,30,23,13,8,13.875626061777945,15
190,11,13,83,3,13.863860744018647,10
191,34,17,8,5,13.86043374096048,12
192,49,11,27,3,13.828388035620172,8
193,57,16,63,6,13.810752926681854,10
194,97,11,112,2,13.794615799527321,9
195,112,11,84,3,13.739824627922978,8
196,63,14,33,4,13.733555706081617,10
197,63,25,31,7,13.714594813504092,18
198,104,14,44,4,13.703910249073422,10
199,7,19,57,7,13.697105013999773,12
200,92,16,86,5,13.67676060817369,11
201,13,21,83,6,13.661177574867319,15
202,93,12,46,3,13.65474091099076,9
203,37,10,10,4,13.538762623915124,6
204,74,11,103,3,13.53565105452587,8
205,78,10,1,3,13.511302040012387,7
206,41,23,9,7,13.50679727117336,16
207,88,17,29,5,13.50604761671226,12
208,34,10,70,3,13.500624883981928,7
209,98,11,46,4,13.482621473195683,7
210,15,24,39,6,13.462922167583548,18
211,93,10,90,3,13.452391800759148,7
212,102,17,55,5,13.448934349992445,12
213,25,12,32,5,13.427877456338663,7
214,75,15,53,5,13.423496737137006,10
215,74,18,62,5,13.411803700884374,13
216,20,11,3,3,13.405548087680678,8
217,55,11,32,4,13.36363963009391,7
218,16,18,83,5,13.351235477213141,13
219,15,11,3,4,13.349088796326875,7
220,100,12,112,4,13.302851040311163,8
221,64,19,106,6,13.295192075566398,13
222,7,12,99,4,13.274517260788409,8
223,102,31,5,10,13.269431869962297,21
224,95,23,11,6,13.26328800508424,17
225,11,39,96,12,13.25258237771624,27
226,95,36,88,11,13.24512473637818,25
227,8,16,41,4,13.244566662838952,12
228,108,13,60,4,13.225499906177388,9
229,50,16,46,6,13.220197801431311,10
230,27,25,60,6,13.218976933527705,19
231,48,26,54,8,13.218100464174018,18
232,36,18,54,6,13.217744798273172,12
233,41,13,28,4,13.19117071449606,9
234,95,28,37,7,13.149042342745604,21
235,53,15,77,5,13.125923769197524,10
236,51,13,112,4,13.12503322058542,9
237,83,10,70,4,13.118339150755117,6
238,71,12,38,3,13.11375866950239,9
239,2,10,38,4,13.106587736027677,6
240,30,29,39,9,13.10113473228172,20
241,69,17,28,6,13.091770978065746,11
242,104,38,46,12,13.083570903140268,26
243,27,26,36,9,13.042063327238692,17
244,27,29,65,9,13.035250514579241,20
245,27,12,114,4,13.009570993376595,8
246,41,13,92,4,12.929503950347241,9
247,98,12,75,4,12.900340980932176,8
248,104,14,38,5,12.882056867121559,9
249,27,19,109,7,12.854514856980066,12
250,2,20,65,5,12.841827331353704,15
251,108,10,9,4,12.825707088631287,6
252,60,14,112,4,12.81898673092263,10
253,49,20,104,6,12.812277987885736,14
254,7,10,2,3,12.806641692773105,7
255,104,20,27,5,12.796343894614777,15
256,54,12,81,4,12.757047966098476,8
257,95,10,36,3,12.746346244298937,7
258,33,14,106,4,12.736963404825662,10
259,46,24,106,9,12.725492516069492,15
260,8,16,36,5,12.721597845881664,11
261,111,16,88,4,12.710530076381987,12
262,30,11,52,3,12.667026316194523,8
263,48,14,5,4,12.657719903594751,10
264,75,33,54,11,12.657132724468571,22
265,80,14,13,5,12.596651210163868,9
266,80,34,63,10,12.572385685987726,24
267,57,27,5,8,12.572003913811171,19
268,15,15,51,5,12.562268876837926,10
269,13,71,31,23,12.537286324138337,48
270,75,27,5,10,12.535083552437033,17
271,104,11,35,4,12.510382448223591,7
272,53,40,88,12,12.503961998215976,28
273,36,17,50,7,12.423703215189779,10
274,43,16,53,4,12.41343484704957,12
275,78,13,8,3,12.411635409020537,10
276,67,12,97,3,12.35346782744064,9
277,49,20,60,6,12.352144520803872,14
278,87,13,33,4,12.350753088118475,9
279,100,22,54,7,12.349967715760691,15
280,75,11,12,4,12.349857549218326,7
281,87,12,19,4,12.34527153536319,8
282,60,14,29,5,12.312227707725674,9
283,111,13,51,4,12.302448210462586,9
284,28,10,108,4,12.299856976610261,6
285,107,23,35,6,12.292793992800663,17
286,87,10,35,4,12.264853365777977,6
287,91,23,39,7,12.232573714352018,16
288,11,21,70,6,12.22505126846703,15
289,74,32,28,10,12.211034505860946,22
290,78,11,106,3,12.210243252742755,8
291,7,18,76,7,12.19661731578168,11
292,2,22,70,8,12.153236389251056,14
293,34,13,30,4,12.147427118368974,9
294,92,12,63,5,12.136993324985582,7
295,98,27,96,9,12.125771968912133,18
296,34,14,20,4,12.080633416209027,10
297,1,12,104,4,12.020108292717422,8
298,95,27,18,9,11.951490678023532,18
299,93,13,11,3,11.901577910299338,10
300,90,18,104,6,11.89837391797068,12
301,8,21,40,6,11.791921402372775,15
302,44,10,54,3,11.791894285038754,7
303,91,12,65,4,11.784658313781675,8
304,104,19,71,7,11.784281392964672,12
305,55,37,1,11,11.76903355576794,26
306,16,11,67,3,11.761532223804268,8
307,108,23,70,7,11.716508786473797,16
308,91,13,96,4,11.692854193124042,9
309,53,12,46,4,11.691208139075002,8
310,18,12,1,3,11.656493402808342,9
311,17,15,9,5,11.65247341465449,10
312,78,17,107,5,11.64562231980435,12
313,55,11,103,3,11.639657223031874,8
314,7,19,19,5,11.638604289638174,14
315,7,14,10,5,11.631959119868696,9
316,23,15,12,5,11.60985907132,10
317,13,65,88,21,11.593746975603075,44
318,53,15,17,5,11.579207502470611,10
319,90,15,39,5,11.57797650142359,10
320,33,15,50,5,11.568332857311571,10
321,36,16,104,6,11.564722196156039,10
322,111,10,71,3,11.563837134119533,7
323,49,10,15,3,11.54727068179138,7
324,74,15,76,6,11.544600382799558,9
325,37,44,54,14,11.514339123049963,30
326,69,10,91,4,11.501202941557144,6
327,16,26,69,9,11.498005395527716,17
328,65,12,57,4,11.482165332996512,8
329,47,14,81,4,11.445134927289029,10
330,98,10,88,3,11.438021992981463,7
331,76,14,60,3,11.431632032165167,11
332,64,17,104,5,11.423286049235612,12
333,114,39,106,13,11.417874917507987,26
334,29,10,95,3,11.401888238693152,7
335,76,23,35,8,11.396918545348738,15
336,4,11,38,3,11.395009854616484,8
337,100,15,43,6,11.350388483589276,9
338,18,10,46,3,11.344187759634409,7
339,69,12,18,4,11.324568934723304,8
340,47,23,60,7,11.313305625779169,16
341,63,46,28,14,11.30701920844641,32
342,80,10,79,4,11.30670069299901,6
343,30,15,70,6,11.30291408800561,9
344,7,25,96,7,11.300422106484014,18
345,80,10,5,3,11.295210617596885,7
346,29,10,86,3,11.288307199014056,7
347,64,10,20,2,11.273683916826545,8
348,86,14,103,5,11.266539954551964,9
349,26,20,86,6,11.252422321391004,14
350,90,12,48,4,11.252381363492233,8
351,87,29,70,11,11.250414739740135,18
352,107,16,83,5,11.249585120390279,11
353,40,13,81,4,11.249205674756393,9
354,86,18,72,6,11.245438259267337,12
355,95,28,51,8,11.244919045567018,20
356,75,17,109,5,11.242273446455997,12
357,46,20,96,8,11.223825219116966,12
358,64,21,112,6,11.221424188476684,15
359,73,13,51,4,11.219804453521853,9
360,98,18,106,6,11.217270403208776,12
361,79,13,87,3,11.211504341364096,10
362,89,11,1,4,11.209011069389932,7
363,114,45,65,16,11.207925536927627,29
364,6,12,61,4,11.200388242698187,8
365,91,10,109,3,11.192740070217315,7
366,30,15,46,5,11.187097177578687,10
367,43,16,4,6,11.162760468553993,10
368,57,27,107,9,11.1598963332473,18
369,74,13,32,4,11.101664191982366,9
370,78,13,80,4,11.097915766170063,9
371,12,10,87,3,11.056786464431308,7
372,99,11,11,4,11.04788337752713,7
373,87,26,114,10,11.046799663049546,16
374,32,12,114,4,11.045874107216177,8
375,45,12,68,4,11.024019728389067,8
376,15,13,71,4,11.00914391321026,9
377,56,13,107,5,11.000292497508868,8
378,75,18,43,5,10.989434810711296,13
379,50,37,88,13,10.986958086725295,24
380,9,15,47,5,10.968614103246173,10
381,15,10,53,3,10.953947902365101,7
382,15,19,107,5,10.951282290046715,14
383,23,12,91,5,10.949067409142136,7
384,89,10,13,4,10.939542022741618,6
385,27,14,64,4,10.925557497140753,10
386,70,19,57,8,10.925382468302697,11
387,78,10,31,4,10.912809716780329,6
388,73,17,5,6,10.907383059794872,11
389,100,11,46,4,10.904685887838546,7
390,63,41,88,12,10.89220871689106,29
391,111,21,41,8,10.875724405637953,13
392,71,16,77,5,10.872072685026803,11
393,98,25,87,8,10.830753925226269,17
394,15,20,18,6,10.81146794442466,14
395,104,27,77,9,10.795670361212093,18
396,55,25,91,7,10.791612827626562,18
397,36,14,35,4,10.78250796990051,10
398,47,11,15,4,10.775485769989336,7
399,59,11,7,3,10.771239818059199,8
400,23,13,45,4,10.7635908991577,9
401,41,22,53,7,10.750334109299274,15
402,23,20,39,7,10.742827162036496,13
403,37,15,60,6,10.721994289598655,9
404,54,11,111,3,10.714143810197228,8
405,43,13,36,5,10.713552025008548,8
406,100,20,39,7,10.705146271922514,13
407,51,25,74,7,10.704030149650722,18
408,34,20,28,6,10.703466452032457,14
409,40,23,17,7,10.673939896309559,16
410,5,25,98,9,10.66291868554062,16
411,30,20,64,7,10.642272986004784,13
412,98,18,71,6,10.627953776602759,12
413,16,12,101,4,10.622717697482882,8
414,7,31,91,9,10.609100286101588,22
415,75,15,38,4,10.597530026810052,11
416,75,51,7,17,10.587695481592943,34
417,95,15,9,6,10.569002592922953,9
418,11,24,84,8,10.563882323195871,16
419,86,16,56,5,10.543126647721753,11
420,7,10,66,4,10.534532214717435,6
421,71,19,97,6,10.5235339621969,13
422,102,10,17,3,10.521913643472294,7
423,89,14,37,6,10.519274673853001,8
424,114,12,12,5,10.50495457801322,7
425,75,13,102,4,10.50135368794083,9
426,67,11,107,3,10.497709880226342,8
427,23,12,77,4,10.472073733658851,8
428,6,10,31,4,10.459894630543896,6
429,49,10,62,3,10.4539945527009,7
430,34,11,60,3,10.444545857082172,8
431,44,16,39,6,10.434810009571377,10
432,95,19,114,7,10.422604339796184,12
433,110,11,7,5,10.422576579231729,6
434,78,11,16,4,10.397637170720277,7
435,100,32,51,14,10.389410054532464,18
436,106,16,93,6,10.37915501513517,10
437,16,23,1,6,10.375674453583683,17
438,63,24,109,9,10.36151391797182,15
439,104,13,81,6,10.361322759461329,7
440,86,24,79,8,10.35909536994434,16
441,1,17,63,7,10.344681903521664,10
442,37,13,1,5,10.342164269053148,8
443,7,14,81,6,10.32158298772756,8
444,60,24,69,10,10.299447344288492,14
445,40,13,78,3,10.282455211399137,10
446,71,10,84,3,10.279461085413814,7
447,97,11,35,3,10.275101346884464,8
448,34,12,104,4,10.27427919250402,8
449,77,12,99,3,10.252199704478638,9
450,67,16,106,6,10.252161434234207,10
451,7,43,25,14,10.249875265637385,29
452,100,18,88,6,10.248815429425127,12
453,30,17,31,7,10.214096274935343,10
454,25,24,68,8,10.211790433098953,16
455,11,36,37,12,10.20717474941383,24
456,48,24,96,8,10.200121519345739,16
457,98,15,2,6,10.198603389321667,9
458,71,13,33,4,10.195530501937561,9
459,97,41,37,14,10.190687502541845,27
460,20,27,51,11,10.189653965671816,16
461,89,13,104,5,10.17868688184359,8
462,64,24,9,7,10.178655144521006,17
463,40,11,69,3,10.175676528085834,8
464,58,13,39,4,10.147489402696785,9
465,96,11,23,4,10.143008283174426,7
466,53,37,31,14,10.136338371296793,23
467,92,10,109,3,10.132066653367776,7
468,46,14,70,5,10.128652016947743,9
469,8,20,15,8,10.121581558030638,12
470,8,10,35,3,10.118762046100299,7
471,50,20,102,8,10.118106239071224,12
472,53,36,36,11,10.114732824687987,25
473,18,24,8,7,10.103008591242306,17
474,89,11,74,4,10.093150392265771,7
475,79,12,106,4,10.079963228120917,8
476,110,10,28,4,10.06674072061994,6
477,54,12,57,3,10.066024134547122,9
478,44,10,38,3,10.048373138060269,7
479,70,12,29,5,10.037060199943541,7
480,11,14,18,5,10.031989827572826,9
481,43,13,9,5,10.011482215577137,8
482,75,12,57,4,10.001839571130395,8
483,95,25,65,9,9.987438820754939,16
484,34,11,48,4,9.987399142382838,7
485,107,13,10,5,9.987353405179212,8
486,87,13,52,5,9.984852518055051,8
487,73,18,88,6,9.974203425238965,12
488,37,15,27,5,9.960774411821365,10
489,50,20,18,8,9.960321484724407,12
490,38,10,17,4,9.957251396991316,6
491,84,11,3,4,9.953139102432955,7
492,95,10,2,3,9.920312629990502,7
493,25,14,3,5,9.907996037168818,9
494,18,39,39,13,9.885046818102031,26
495,17,15,71,6,9.874078720771614,9
496,114,12,81,5,9.869667650649568,7
497,63,34,91,11,9.863803572303501,23
498,76,12,18,4,9.847622493503502,8
499,30,16,63,6,9.842696842263113,10
500,53,10,98,4,9.839111782848335,6
501,104,25,75,9,9.822163907084754,16
502,62,10,93,4,9.798162399200404,6
503,37,24,83,9,9.783726366978417,15
504,16,42,18,14,9.75454627994462,28
505,20,27,84,8,9.752482123804997,19
506,16,16,32,6,9.72172092201369,10
507,20,16,98,5,9.710857533406994,11
508,58,14,13,4,9.687344315616338,10
509,100,19,87,8,9.686243494464469,11
510,17,17,109,6,9.672922776879656,11
511,53,12,38,4,9.664145468055217,8
512,100,12,71,4,9.66068752031631,8
513,87,30,9,12,9.657202776782617,18
514,111,16,63,6,9.656549842780759,10
515,65,22,29,9,9.643319235535328,13
516,100,17,63,7,9.628829836647935,10
517,70,17,109,6,9.623350653501726,11
518,76,16,9,5,9.621504571842449,11
519,50,36,20,12,9.619543641365508,24
520,99,14,8,6,9.61106559286031,8
521,20,17,9,6,9.610959353403572,11
522,55,19,68,6,9.598434976526491,13
523,8,13,53,4,9.596286006275326,9
524,80,14,39,5,9.589468521855673,9
525,58,15,69,6,9.58014802435262,9
526,30,24,54,8,9.570998833719647,16
527,64,44,60,14,9.569439655645416,30
528,13,24,97,9,9.567486234498416,15
529,81,13,63,5,9.541818568077552,8
530,106,13,108,4,9.535201707134298,9
531,1,22,31,9,9.525804060927038,13
532,20,32,25,11,9.520523686179052,21
533,90,14,80,4,9.509239360264802,10
534,114,13,2,5,9.509158562417847,8
535,37,22,99,7,9.502759058160713,15
536,37,29,7,11,9.500511382222342,18
537,28,20,68,6,9.499831291602458,14
538,107,17,66,6,9.469730190602778,11
539,76,28,68,7,9.459920139276978,21
540,32,11,63,4,9.44232166344675,7
541,78,12,53,5,9.436495389192622,7
542,64,14,92,7,9.432471863302014,7
543,15,10,1,3,9.421594860471428,7
544,38,11,112,3,9.41394016209822,8
545,86,37,76,13,9.404159373470087,24
546,109,11,36,3,9.390936468630548,8
547,76,17,39,5,9.374915521858481,12
548,28,15,111,5,9.365771514395545,10
549,35,13,45,6,9.365578608940048,7
550,109,16,39,4,9.356347251836707,12
551,23,12,50,3,9.354699302165745,9
552,16,70,39,26,9.353086991063584,44
553,98,10,48,3,9.346073134818257,7
554,16,46,96,14,9.342765312407817,32
555,16,22,76,10,9.339094465816046,12
556,96,11,3,4,9.338209367613162,7
557,50,17,70,7,9.316243790355681,10
558,27,26,31,11,9.313550400018611,15
559,75,34,8,11,9.310281336500847,23
560,110,12,107,4,9.307853181235298,8
561,86,15,67,6,9.30654184494345,9
562,2,13,55,5,9.306518823595622,8
563,109,11,22,4,9.30323095736105,7
564,63,19,77,6,9.291814452323939,13
565,80,14,51,5,9.288063840727721,9
566,75,13,93,5,9.279825087560205,8
567,53,17,12,7,9.27312011933641,10
568,65,13,66,4,9.24629898792323,9
569,60,29,50,12,9.2413218599569,17
570,15,10,76,4,9.241288842836553,6
571,2,31,107,11,9.235597195463594,20
572,64,15,37,5,9.227089681457187,10
573,27,15,4,6,9.214915067697104,9
574,54,15,76,5,9.21434337052745,10
575,11,17,57,7,9.206442600524502,10
576,2,12,40,4,9.204153353273352,8
577,73,17,40,6,9.199997222971483,11
578,15,30,88,9,9.176202112652083,21
579,41,39,86,13,9.172157333193887,26
580,41,15,49,6,9.171912615870818,9
581,40,15,102,6,9.171373555966685,9
582,92,15,40,5,9.168940871834318,10
583,16,63,106,21,9.160803291418002,42
584,27,12,30,5,9.159316291712274,7
585,50,43,5,17,9.156049369840707,26
586,86,25,1,9,9.12482621931439,16
587,104,18,17,7,9.118260519592532,11
588,109,15,31,5,9.11388757240418,10
589,63,41,84,16,9.103134071079266,25
590,48,11,51,5,9.079697327016948,6
591,95,34,8,13,9.079209474058969,21
592,74,23,39,9,9.075238839119182,14
593,44,29,86,10,9.073857704921485,19
594,28,34,75,12,9.068390514566694,22
595,58,10,112,4,9.041979275484929,6
596,48,26,107,10,9.037134061886896,16
597,48,23,87,8,9.021568034700334,15
598,5,15,36,6,9.008614310253613,9
599,62,10,69,4,9.007065239439928,6
600,83,17,84,7,8.99840823441035,10
601,17,17,60,6,8.995312545980157,11
602,7,13,79,5,8.987188867047667,8
603,47,20,114,8,8.969382880850322,12
604,28,11,32,4,8.963821007682872,7
605,69,17,68,7,8.951691444155669,10
606,11,13,80,5,8.941133144462878,8
607,73,12,31,4,8.938919570135752,8
608,30,38,107,14,8.938338387407445,24
609,104,14,84,6,8.932998314387538,8
610,11,10,91,3,8.923724837318142,7
611,16,101,88,35,8.918867116206172,66
612,110,19,25,6,8.917701672558222,13
613,109,32,8,13,8.913990428825272,19
614,89,15,107,5,8.908975430626485,10
615,7,20,109,7,8.9080321410632,13
616,27,14,53,4,8.906298436748038,10
617,69,12,97,4,8.888377862411462,8
618,87,26,91,9,8.88711273267609,17
619,28,16,40,7,8.877350715587877,9
620,28,30,114,12,8.875783073761175,18
621,32,15,87,5,8.84415502943487,10
622,49,13,77,4,8.842593838828115,9
623,63,19,36,7,8.822881427312195,12
624,63,28,76,9,8.821395394022662,19
625,36,18,47,6,8.810892372607714,12
626,106,10,42,3,8.802546839644418,7
627,45,30,7,11,8.801229657293113,19
628,107,28,31,13,8.798674063671836,15
629,106,23,18,8,8.778191080978742,15
630,38,14,106,7,8.74501943352997,7
631,104,23,11,8,8.742484307216115,15
632,39,35,88,13,8.74018182363142,22
633,58,10,45,4,8.721721801464442,6
634,63,15,102,6,8.710165699989911,9
635,30,10,2,4,8.704387763563812,6
636,110,14,39,4,8.694421097429624,10
637,84,11,78,4,8.686565818116156,7
638,3,10,18,3,8.681798681010822,7
639,77,16,88,6,8.678317130754186,10
640,102,32,86,11,8.651776846078937,21
641,41,19,97,7,8.638943706099205,12
642,13,16,6,6,8.62792533539333,10
643,23,34,60,12,8.608807282411219,22
644,90,22,50,8,8.598522697494,14
645,40,15,49,6,8.588514005098899,9
646,95,23,55,8,8.575006509864881,15
647,78,19,7,8,8.565348954184037,11
648,78,11,36,4,8.552435160203329,7
649,114,13,62,5,8.54955618000272,8
650,28,13,94,4,8.536990091746684,9
651,18,12,20,4,8.532272478061662,8
652,12,13,106,4,8.530975907772834,9
653,86,28,48,10,8.527783865058886,18
654,62,23,88,9,8.512625127129992,14
655,63,17,69,5,8.506537399631053,12
656,91,10,45,4,8.504304930616431,6
657,61,14,60,6,8.502669551258707,8
658,20,20,41,8,8.499902151857665,12
659,64,28,40,10,8.496071624321134,18
660,94,10,37,3,8.495177713557318,7
661,75,16,1,5,8.487454866261048,11
662,75,56,68,19,8.48370722934506,37
663,60,20,12,10,8.478087405935288,10
664,85,10,16,3,8.463981088255792,7
665,95,14,96,5,8.45037398259218,9
666,80,30,107,10,8.450019757222567,20
667,8,32,114,11,8.446067232393613,21
668,96,24,70,11,8.437417991026262,13
669,18,12,112,3,8.434720932707336,9
670,55,20,114,7,8.432483182241098,13
671,90,20,13,7,8.424919065495569,13
672,73,19,90,7,8.424101991862472,12
673,48,21,79,8,8.423308200700252,13
674,64,20,8,7,8.418575329228204,13
675,68,24,91,10,8.412577437061728,14
676,86,85,51,35,8.410737442922485,50
677,91,19,20,8,8.407006886407046,11
678,109,18,34,7,8.4009207796274,11
679,67,10,104,4,8.393331116483226,6
680,6,10,46,4,8.386722378353735,6
681,28,14,52,6,8.38312541721312,8
682,45,21,107,8,8.374668953212842,13
683,11,11,9,4,8.359525570926444,7
684,7,22,5,8,8.357081514884824,14
685,65,34,93,14,8.350774120379102,20
686,13,18,98,6,8.341994513785483,12
687,13,45,36,16,8.340727615472174,29
688,76,25,50,8,8.328303760573554,17
689,30,13,90,5,8.325698662002965,8
690,102,17,88,5,8.307899790454732,12
691,28,11,53,4,8.30735230376955,7
692,46,22,39,10,8.306017430039844,12
693,18,22,97,8,8.29806548281246,14
694,90,31,106,10,8.283845461248372,21
695,41,18,91,6,8.276671952774393,12
696,100,15,55,7,8.275270908208638,8
697,75,12,76,5,8.269580351796622,7
698,50,34,55,14,8.268886532039616,20
699,37,12,14,5,8.266467835075433,7
700,40,49,55,18,8.264830770768937,31
701,20,13,68,5,8.256565992860326,8
702,89,12,16,5,8.242329112388783,7
703,68,14,19,6,8.240798182078716,8
704,106,16,81,7,8.234635443757194,9
705,69,21,106,8,8.230262561693124,13
706,102,10,39,4,8.224547128845817,6
707,91,15,54,6,8.224193238953289,9
708,40,24,3,8,8.21009163331203,16
709,8,25,57,9,8.20914757769532,16
710,11,24,109,8,8.196422948591085,16
711,107,10,61,4,8.19056957850756,6
712,104,35,60,10,8.183651908443375,25
713,98,25,63,10,8.180008105424527,15
714,108,13,98,5,8.179403178791242,8
715,16,19,47,7,8.178952833737183,12
716,68,11,33,4,8.166895131198165,7
717,75,12,29,5,8.144839094845086,7
718,51,14,91,5,8.141325110005308,9
719,81,15,16,5,8.120114808218235,10
720,114,14,57,5,8.115945976762234,9
721,51,46,63,19,8.098442592455974,27
722,8,61,5,24,8.080732178020162,37
723,110,16,97,6,8.077466293642946,10
724,87,25,53,11,8.07726427006638,14
725,93,24,28,8,8.070916880531737,16
726,85,11,88,4,8.068264760243629,7
727,16,18,14,7,8.06483217295593,11
728,9,30,31,11,8.059796732295995,19
729,9,11,12,4,8.058955245687951,7
730,73,19,7,8,8.049715087137763,11
731,75,41,50,14,8.02466935745211,27
732,76,38,51,13,8.013014238505109,25
733,48,12,25,5,8.01244102921806,7
734,43,18,31,10,8.011472574516002,8
735,102,19,96,7,7.9956311609664965,12
736,13,16,70,6,7.990308468406848,10
737,15,14,87,6,7.9871826221688895,8
738,5,28,84,11,7.986435375626319,17
739,12,12,4,4,7.976222296376225,8
740,81,30,13,11,7.974436586188656,19
741,65,25,5,10,7.967561696591304,15
742,29,10,51,4,7.954085942877761,6
743,89,12,53,5,7.9499730264780055,7
744,73,17,87,5,7.942207150258419,12
745,27,13,77,5,7.939137496569419,8
746,54,14,43,6,7.938994815987671,8
747,18,10,34,3,7.934073113605032,7
748,77,12,64,6,7.9282827223690555,6
749,33,16,20,6,7.928062438364485,10
750,88,10,82,4,7.912578083642496,6
751,38,12,18,5,7.9056762271381755,7
752,76,11,108,4,7.890267325318871,7
753,70,15,69,5,7.8892362038055985,10
754,15,17,104,6,7.875168892784026,11
755,84,13,60,3,7.874921397384912,10
756,55,17,23,8,7.871570609888838,9
757,114,25,90,10,7.8701656835045455,15
758,86,13,94,5,7.864855603262994,8
759,44,12,35,5,7.859665557157517,7
760,106,26,91,9,7.859341034872018,17
761,114,41,13,18,7.855529583445475,23
762,53,19,109,7,7.841205358929896,12
763,63,57,54,21,7.834983225160246,36
764,8,17,98,6,7.8322640771965775,11
765,25,46,46,19,7.8204011950255445,27
766,60,23,81,9,7.817127893520488,14
767,75,21,49,8,7.802050873504809,13
768,114,12,110,4,7.80031681097971,8
769,50,15,48,5,7.798532000224024,10
770,86,48,39,20,7.785751888070247,28
771,92,14,114,4,7.774797164908212,10
772,10,14,86,6,7.764445720347282,8
773,53,11,73,4,7.756297558195456,7
774,37,49,25,20,7.755599308877524,29
775,40,63,68,22,7.752246342623857,41
776,46,11,1,5,7.752232750476011,6
777,84,24,39,9,7.748470893977124,15
778,73,13,54,5,7.746921178252216,8
779,44,11,84,5,7.741464370739849,6
780,63,10,52,4,7.736846011905835,6
781,28,28,2,10,7.726967938716942,18
782,57,19,102,8,7.725209435984633,11
783,63,34,20,14,7.718497083313473,20
784,69,10,109,4,7.709222479752556,6
785,46,13,64,5,7.701785189637151,8
786,41,15,77,5,7.700447698799743,10
787,40,39,104,14,7.699889638025223,25
788,53,17,108,8,7.691782047867256,9
789,111,25,7,10,7.69032342577198,15
790,5,32,11,12,7.687442157533876,20
791,37,24,96,10,7.665844925696509,14
792,33,13,31,6,7.647223417443057,7
793,70,11,60,4,7.6464357490262,7
794,16,35,9,12,7.644783932906991,23
795,108,20,88,7,7.642505031143237,13
796,97,29,5,10,7.639418302115124,19
797,96,22,80,8,7.6325568595370585,14
798,38,16,84,7,7.623292346759984,9
799,18,20,36,8,7.5949028785012285,12
800,20,15,90,6,7.5926874674698235,9
801,58,18,88,7,7.5880987725104365,11
802,41,14,81,5,7.584350575630448,9
803,13,39,18,16,7.583679640938844,23
804,46,12,77,5,7.574271980014295,7
805,34,14,5,4,7.5706698448560905,10
806,43,23,86,8,7.565521202755194,15
807,33,11,23,4,7.562255793226968,7
808,12,16,107,5,7.554377135078079,11
809,51,20,33,6,7.54115209621082,14
810,64,31,51,12,7.527516454843379,19
811,6,11,55,3,7.526848268362216,8
812,53,16,3,6,7.523939046153444,10
813,55,18,77,7,7.520653437888106,11
814,91,29,98,11,7.486111931896227,18
815,41,11,96,3,7.480521636982391,8
816,48,10,89,3,7.476757612743907,7
817,70,14,36,6,7.476080415111229,8
818,108,15,63,6,7.475559971035058,9
819,64,37,31,14,7.4738922265185375,23
820,94,14,54,5,7.465192097558689,9
821,45,12,53,5,7.463487107897495,7
822,37,21,110,9,7.457046552670356,12
823,86,53,97,21,7.453774682156136,32
824,112,18,76,8,7.4528102438630635,10
825,75,17,100,8,7.449782688238093,9
826,46,30,75,12,7.449361290092638,18
827,16,62,63,25,7.448491338619516,37
828,70,13,71,6,7.447387393345601,7
829,8,28,84,10,7.447150756775401,18
830,63,23,18,8,7.424434558796218,15
831,8,19,91,7,7.416456742894205,12
832,36,34,41,16,7.412500474371832,18
833,13,27,69,10,7.410798113719347,17
834,39,25,43,11,7.410040942147893,14
835,16,65,55,23,7.4088914596986175,42
836,37,41,46,14,7.398384968299374,27
837,1,10,5,4,7.391988711274886,6
838,27,31,51,11,7.390169773800458,20
839,73,10,71,4,7.37323406519455,6
840,30,12,4,5,7.371580414746788,7
841,87,26,41,10,7.368765436268466,16
842,34,15,74,5,7.367415754617591,10
843,25,16,33,5,7.36592627296452,11
844,77,10,114,4,7.3654772203978025,6
845,49,12,64,5,7.364918196286091,7
846,49,13,23,5,7.360298065336568,8
847,73,25,8,10,7.35879002547718,15
848,92,14,68,5,7.338682351737513,9
849,79,11,20,4,7.328601396965175,7
850,70,42,5,17,7.323141246130927,25
851,1,23,65,10,7.319832649719675,13
852,109,26,55,12,7.3182997081126135,14
853,39,24,106,10,7.31226919998241,14
854,16,41,91,14,7.309347152714904,27
855,97,17,36,7,7.301788222671786,10
856,87,21,49,10,7.287852583518847,11
857,2,24,106,10,7.283295399336633,14
858,65,42,20,15,7.275621933808215,27
859,106,13,57,6,7.272492874678534,7
860,62,10,96,3,7.268496266352443,7
861,110,16,70,6,7.267896542251015,10
862,41,31,31,12,7.267301725174954,19
863,75,19,81,7,7.259552889264539,12
864,4,29,65,11,7.258642786898055,18
865,38,11,54,4,7.25460278530091,7
866,98,12,93,5,7.2513528092711335,7
867,46,13,90,5,7.250761878801304,8
868,31,14,5,5,7.246607645789562,9
869,54,32,40,13,7.243609732204195,19
870,20,10,75,4,7.241047227766171,6
871,13,60,106,23,7.22482230869508,37
872,35,20,40,7,7.2238461178978355,13
873,53,17,61,6,7.205087339517602,11
874,27,20,63,9,7.19472225275396,11
875,23,12,47,4,7.180906240191946,8
876,54,72,88,29,7.171089550335251,43
877,64,16,43,7,7.166853133398249,9
878,87,23,93,9,7.164798687762667,14
879,5,17,60,6,7.144002600647477,11
880,18,39,75,16,7.143872456900073,23
881,13,51,87,18,7.1394100338356346,33
882,75,57,107,18,7.131800392099847,39
883,4,21,17,7,7.131209049726907,14
884,63,32,48,12,7.1299692009467925,20
885,88,11,67,3,7.127393540580368,8
886,88,23,3,9,7.12663205785296,14
887,86,28,83,9,7.1046405351353314,19
888,51,16,110,6,7.1045865219974775,10
889,19,11,39,5,7.101501058499141,6
890,44,16,13,6,7.100478256103446,10
891,36,20,3,7,7.093052097907007,13
892,28,35,70,14,7.078735797739843,21
893,107,19,102,8,7.0774996579991125,11
894,102,14,98,6,7.075813129571894,8
895,63,21,38,7,7.07127755522525,14
896,50,14,49,6,7.064134383315743,8
897,100,21,25,9,7.062312436550092,12
898,44,13,64,5,7.05920038211248,8
899,30,39,65,15,7.0585708403802245,24
900,68,27,18,11,7.0575085592620574,16
901,65,16,73,6,7.056062739811479,10
902,64,10,11,3,7.044290994994302,7
903,94,14,43,5,7.04208807677441,9
904,37,28,38,11,7.0413163805665135,17
905,7,22,58,10,7.035143698213466,12
906,3,24,87,9,7.028655258681693,15
907,100,16,18,7,7.026565168419708,9
908,95,15,40,6,7.026458120737083,9
909,45,14,86,6,7.001591160951405,8
910,80,13,48,4,6.99747900943173,9
911,62,15,5,6,6.992708759597391,9
912,114,19,1,7,6.990089974683044,12
913,111,23,13,10,6.988942249892523,13
914,17,20,55,9,6.987444025974705,11
915,55,12,94,5,6.987298934898079,7
916,97,21,51,7,6.980039097404115,14
917,16,34,36,13,6.9623095532486845,21
918,32,18,104,6,6.95922508638955,12
919,47,12,18,4,6.958091333768663,8
920,15,11,50,4,6.950752908185209,7
921,41,14,17,5,6.944180159767115,9
922,63,27,2,11,6.942761121987027,16
923,99,12,88,5,6.93913123202866,7
924,75,19,30,8,6.923427737676235,11
925,16,38,46,15,6.9206390826160336,23
926,39,17,112,7,6.919302758616092,10
927,104,36,55,14,6.909075624793388,22
928,49,10,53,4,6.907813000954768,6
929,39,29,20,13,6.903759922429464,16
930,76,16,88,7,6.891817282335726,9
931,90,22,65,10,6.887045978873851,12
932,114,47,5,19,6.885144276646171,28
933,106,15,99,5,6.882359612487447,10
934,54,21,18,9,6.880495431858326,12
935,57,12,36,4,6.873476463690229,8
936,7,48,87,18,6.866073104845454,30
937,60,43,4,19,6.864343045215706,24
938,75,17,11,7,6.860129083231025,10
939,16,39,71,14,6.8596933376667515,25
940,114,19,96,7,6.8573207383282995,12
941,13,29,95,12,6.852052215706936,17
942,78,14,96,5,6.830515928543477,9
943,95,25,106,9,6.830338155584792,16
944,7,20,46,7,6.829366067671735,13
945,68,69,31,28,6.821634358561019,41
946,65,10,52,3,6.817085213239555,7
947,25,14,9,5,6.810304163725227,9
948,51,20,96,8,6.809158319794973,12
949,100,16,114,6,6.806713890734189,10
950,60,18,45,8,6.8022482279138705,10
951,108,25,13,9,6.801707995205209,16
952,49,10,71,4,6.800377692667283,6
953,55,10,31,4,6.798197972656263,6
954,57,19,39,8,6.797174417014509,11
955,6,14,27,6,6.780540737481572,8
956,81,10,108,4,6.778588424753946,6
957,33,23,107,10,6.763493299081546,13
958,53,13,90,5,6.752088210585151,8
959,86,79,96,31,6.7509941858211375,48
960,30,19,18,8,6.749976540021853,11
961,102,15,51,6,6.74947281728566,9
962,52,11,20,4,6.739976324437407,7
963,54,43,109,16,6.737418170690638,27
964,74,38,96,14,6.731828732252355,24
965,14,13,95,5,6.731405281187272,8
966,100,11,95,5,6.722166987268522,6
967,97,11,32,4,6.722008536715331,7
968,65,10,32,4,6.718474357729474,6
969,28,35,97,13,6.716635909782017,22
970,6,10,40,4,6.705680107058635,6
971,83,15,74,7,6.703298030488857,8
972,15,12,91,6,6.697476716978323,6
973,111,11,106,3,6.697425895741327,8
974,29,10,37,4,6.680734619445758,6
975,107,20,47,8,6.679988416533418,12
976,49,14,70,6,6.672966411521808,8
977,27,36,88,16,6.672694825026893,20
978,14,13,13,4,6.663851771345142,9
979,83,11,71,5,6.656205380333864,6
980,71,19,37,8,6.653996053488669,11
981,76,15,114,5,6.6539119931134865,10
982,16,28,64,10,6.6466026985544655,18
983,25,48,5,19,6.626414170343125,29
984,16,30,100,11,6.617449381235235,19
985,71,18,81,7,6.61709770119633,11
986,80,18,37,7,6.595363149795721,11
987,65,28,96,12,6.593487230396348,16
988,40,26,1,10,6.58137324665705,16
989,53,26,114,11,6.571088082289226,15
990,104,37,25,16,6.567754121461538,21
991,41,11,3,3,6.560880189791295,8
992,77,21,18,7,6.545250800191177,14
993,49,10,55,4,6.541972088163769,6
994,109,14,38,5,6.539620107256842,9
995,35,15,28,7,6.525585250622975,8
996,56,12,4,6,6.509885274579445,6
997,90,10,102,5,6.502237322589002,5
998,41,27,104,12,6.500266163182682,15
999,1,20,54,8,6.493394551110143,12
1000,48,10,104,4,6.493358473776671,6
1001,86,25,78,10,6.489118177332069,15
1002,28,20,17,8,6.478742661851245,12
1003,107,26,43,10,6.466098586244284,16
1004,90,25,87,10,6.4548524533916245,15
1005,27,30,86,11,6.453315924089684,19
1006,6,10,28,4,6.452419128804086,6
1007,4,20,87,7,6.445923142452618,13
1008,75,49,16,20,6.443913435512626,29
1009,86,39,36,16,6.439394441072944,23
1010,41,20,109,7,6.432688342356182,13
1011,40,16,33,5,6.427211772717694,11
1012,47,27,13,11,6.419268010937433,16
1013,107,19,77,8,6.416947048354687,11
1014,16,28,27,11,6.408237051000657,17
1015,106,13,77,6,6.407119934187455,7
1016,74,13,77,5,6.38427445953612,8
1017,16,18,108,7,6.383719600885128,11
1018,50,27,71,11,6.379934345675859,16
1019,74,32,84,15,6.379678119893638,17
1020,7,21,56,9,6.361794853449644,12
1021,28,12,44,6,6.357970575228094,6
1022,92,13,27,6,6.356396578041118,7
1023,30,12,84,4,6.354899474173294,8
1024,11,20,98,9,6.338677652860182,11
1025,63,18,4,7,6.33309005279508,11
1026,54,14,112,5,6.3267118256224935,9
1027,76,11,57,4,6.324386635638288,7
1028,32,25,5,10,6.322230990899957,15
1029,53,26,30,11,6.311098789496547,15
1030,29,13,55,5,6.301089833667023,8
1031,39,16,83,6,6.297771796270439,10
1032,23,17,114,6,6.291790840234864,11
1033,65,56,88,21,6.287559020425311,35
1034,70,16,64,5,6.286009204558742,11
1035,16,12,92,3,6.284475222709882,9
1036,41,11,102,4,6.282861273718874,7
1037,86,21,4,8,6.2794844995496994,13
1038,15,12,95,5,6.265255655621163,7
1039,92,22,39,10,6.263991845659126,12
1040,86,83,88,34,6.254550732132806,49
1041,43,17,5,7,6.250727481432205,10
1042,107,41,53,16,6.250695932210899,25
1043,58,24,107,9,6.246057958192936,15
1044,54,15,62,6,6.240490314200175,9
1045,28,32,9,14,6.237351159402921,18
1046,7,97,51,37,6.231180255750105,60
1047,104,41,50,16,6.230364171354915,25
1048,29,19,87,7,6.228608810040425,12
1049,80,31,55,14,6.225846961531592,17
1050,38,21,65,10,6.225284615552252,11
1051,74,28,70,13,6.203999405338755,15
1052,55,14,35,6,6.181710197353361,8
1053,28,54,84,22,6.1786789402149065,32
1054,97,23,76,10,6.171425808149794,13
1055,68,41,87,17,6.166464303817792,24
1056,63,10,89,3,6.159771716986653,7
1057,16,13,58,5,6.156802466115244,8
1058,85,11,20,5,6.150943417431858,6
1059,31,15,112,5,6.149641402394961,10
1060,40,48,39,19,6.1478732659202615,29
1061,78,16,63,8,6.142144937717797,8
1062,109,14,46,6,6.137839688733693,8
1063,23,10,48,4,6.136507124451633,6
1064,31,13,80,4,6.13276887148396,9
1065,55,24,97,9,6.128965912516967,15
1066,25,35,88,12,6.123879676950231,23
1067,81,13,31,4,6.117159791325403,9
1068,90,12,7,5,6.108519045195328,7
1069,55,10,79,4,6.105260957218084,6
1070,102,12,60,5,6.102540677846686,7
1071,23,40,88,14,6.098802854801483,26
1072,98,39,86,17,6.096402500191193,22
1073,71,10,44,4,6.091140056693274,6
1074,111,23,107,11,6.08814286411973,12
1075,20,44,5,17,6.084413199436967,27
1076,74,14,48,7,6.068043245358376,7
1077,23,27,41,11,6.068042449918637,16
1078,23,18,28,8,6.06620277166243,10
1079,35,10,9,5,6.055687068848652,5
1080,90,19,63,8,6.053395439788756,11
1081,16,48,68,18,6.053036366464971,30
1082,8,16,32,7,6.041444852098721,9
1083,7,24,98,9,6.0336860037819795,15
1084,75,31,31,14,6.033482134287373,17
1085,69,29,86,12,6.032202467444129,17
1086,78,12,57,5,6.03107487711256,7
1087,91,17,50,6,6.027790824025911,11
1088,95,20,46,8,6.027785407812038,12
1089,30,31,71,13,6.024215205048038,18
1090,86,26,112,11,6.01987745773741,15
1091,99,10,17,4,6.0116233289389776,6
1092,54,57,70,23,6.000249372764343,34
1093,114,25,31,11,5.991876520395493,14
1094,74,12,27,6,5.991317096712259,6
1095,97,18,40,7,5.966918416140386,11
1096,68,52,53,21,5.964244334939563,31
1097,97,12,10,6,5.950831581917705,6
1098,39,12,14,5,5.947548147792332,7
1099,33,15,7,7,5.9471342175078945,8
1100,37,45,63,18,5.933785173114154,27
1101,73,20,114,8,5.924435121305103,12
1102,28,47,109,18,5.9213170604434575,29
1103,93,10,63,4,5.9175632502755855,6
1104,41,15,45,5,5.9144627061547626,10
1105,100,33,107,16,5.907266287901798,17
1106,93,16,25,7,5.904464695396421,9
1107,28,18,36,8,5.898399783819157,10
1108,46,12,36,5,5.882094180819339,7
1109,54,53,106,24,5.881114693459095,29
1110,7,34,3,13,5.87756648772805,21
1111,104,49,28,21,5.869912935195163,28
1112,54,36,95,16,5.865979569344106,20
1113,51,52,65,20,5.865717524678075,32
1114,34,17,7,7,5.863504951401833,10
1115,74,37,46,14,5.850135921281393,23
1116,64,29,65,13,5.843001839077046,16
1117,108,16,87,6,5.840502938250502,10
1118,62,14,51,6,5.8401093038711664,8
1119,40,16,5,7,5.820527251695649,9
1120,100,10,49,5,5.813425744151518,5
1121,80,28,106,11,5.812470547213421,17
1122,7,45,64,20,5.801061458968774,25
1123,74,28,55,12,5.797157459674129,16
1124,64,37,86,16,5.796824578298752,21
1125,18,23,9,8,5.785477096919834,15
1126,13,30,54,11,5.779721772987916,19
1127,64,30,71,11,5.764884814228726,19
1128,100,11,62,5,5.764834126315438,6
1129,58,13,53,7,5.756559382638666,6
1130,39,73,51,31,5.7559747310891485,42
1131,86,17,34,7,5.754838058234217,10
1132,36,12,77,5,5.751140829309578,7
1133,25,42,106,16,5.73768822242091,26
1134,13,48,25,22,5.729332953997915,26
1135,45,14,9,5,5.727853500458987,9
1136,25,26,51,11,5.72613511284895,15
1137,41,18,37,7,5.716493275276269,11
1138,23,10,102,4,5.7160538226538815,6
1139,114,26,40,9,5.715670519906256,17
1140,29,11,54,5,5.709851331879876,6
1141,51,26,69,10,5.708510695737555,16
1142,29,10,53,3,5.706367610412568,7
1143,86,26,81,9,5.69524026940854,17
1144,70,10,32,5,5.692479372096213,5
1145,23,10,43,4,5.689859175567734,6
1146,106,46,5,18,5.689619439430471,28
1147,30,25,55,10,5.686463879094618,15
1148,102,10,95,4,5.685319962340818,6
1149,47,18,68,7,5.681623794437403,11
1150,94,10,25,5,5.671887186214519,5
1151,75,39,37,14,5.670197882049105,25
1152,39,21,38,9,5.6661172332258,12
1153,16,31,99,13,5.665818337043021,18
1154,16,48,37,20,5.664774565241773,28
1155,54,11,82,4,5.664278302313932,7
1156,43,12,68,5,5.6614021510813615,7
1157,9,13,61,5,5.652969843590383,8
1158,4,10,97,4,5.649870700339136,6
1159,39,13,97,5,5.649731064357227,8
1160,73,23,74,9,5.649045009007229,14
1161,109,11,77,5,5.645459503468274,6
1162,55,44,60,19,5.644771934395871,25
1163,76,12,36,3,5.641487589296995,9
1164,86,28,73,13,5.62531345595925,15
1165,5,21,17,7,5.625033929201379,14
1166,95,26,50,11,5.619957219349123,15
1167,16,48,50,20,5.617696720442929,28
1168,114,22,3,8,5.616945915532873,14
1169,6,10,50,4,5.6169206992817635,6
1170,100,15,50,6,5.612526049660052,9
1171,27,14,43,7,5.609839390205427,7
1172,70,17,98,6,5.604121247592221,11
1173,13,41,23,19,5.602560116244982,22
1174,99,11,63,5,5.595807733799709,6
1175,87,32,25,14,5.592843725263717,18
1176,62,21,68,9,5.591004045591886,12
1177,87,19,97,7,5.581011131648731,12
1178,12,17,71,7,5.57619075244912,10
1179,71,12,47,5,5.571212302193355,7
1180,11,31,54,13,5.5650490652973295,18
1181,37,60,104,24,5.563475261062019,36
1182,63,11,10,4,5.56040496031845,7
1183,16,97,51,41,5.559678337054511,56
1184,31,10,95,4,5.5581891593402775,6
1185,76,14,102,6,5.556814882908007,8
1186,46,11,4,5,5.55622187464566,6
1187,34,14,84,7,5.552893968465004,7
1188,8,41,25,16,5.550067480025434,25
1189,36,53,31,23,5.548564460468652,30
1190,25,18,84,7,5.5466876181289715,11
1191,86,51,75,23,5.544222274149607,28
1192,75,16,84,7,5.542746956131477,9
1193,28,36,18,16,5.538955354420103,20
1194,106,31,23,15,5.535479536227778,16
1195,28,14,3,5,5.5268606730952,9
1196,30,23,88,11,5.525413582454542,12
1197,33,14,102,6,5.525239013163607,8
1198,27,20,75,9,5.525223821089192,11
1199,88,24,57,11,5.524909922819241,13
1200,28,33,7,13,5.522079859732702,20
1201,62,10,20,4,5.517288163699186,6
1202,87,59,37,24,5.516733087496062,35
1203,95,19,83,7,5.510188596504647,12
1204,32,13,109,6,5.5080518973086185,7
1205,67,10,102,4,5.49724656177184,6
1206,62,20,40,10,5.493314127309687,10
1207,18,10,62,4,5.493140482819633,6
1208,15,20,54,9,5.4915266593547525,11
1209,65,49,40,21,5.488110460552834,28
1210,7,20,38,9,5.485899453240417,11
1211,114,23,70,9,5.484820175107314,14
1212,14,10,75,4,5.479308338136782,6
1213,99,17,36,6,5.4766719172319,11
1214,43,15,50,5,5.476388636923783,10
1215,7,19,112,8,5.469998843006591,11
1216,80,11,68,4,5.466227321340817,7
1217,75,43,71,16,5.454468163058883,27
1218,97,18,57,8,5.45235309786646,10
1219,54,27,60,11,5.432461791262124,16
1220,38,10,40,5,5.415692699604588,5
1221,51,15,83,5,5.415397349279681,10
1222,49,11,37,5,5.40579366661915,6
1223,9,11,66,5,5.404825557202403,6
1224,54,31,90,13,5.397442007333916,18
1225,93,24,54,9,5.392828840599427,15
1226,100,24,7,10,5.390746304293862,14
1227,107,24,109,9,5.374789076628488,15
1228,75,30,63,13,5.362343223381901,17
1229,98,12,17,6,5.361440435561062,6
1230,7,35,97,16,5.356987360153851,19
1231,104,43,51,16,5.354494200185867,27
1232,62,18,65,8,5.34575502328806,10
1233,87,25,57,10,5.341931643339133,15
1234,97,14,102,5,5.335160623731844,9
1235,86,29,38,12,5.322940889897509,17
1236,8,62,87,26,5.318451472857016,36
1237,87,62,65,25,5.311793490232524,37
1238,111,25,55,10,5.307717141421055,15
1239,107,43,9,19,5.302397525710957,24
1240,30,26,60,9,5.294940282794493,17
1241,30,11,35,5,5.293385259461386,6
1242,14,19,28,7,5.288795345484194,12
1243,56,11,88,5,5.280224334897691,6
1244,28,11,92,4,5.26619903758234,7
1245,103,13,16,5,5.257274881217922,8
1246,25,26,40,11,5.242222631716463,15
1247,16,19,79,8,5.241758370421846,11
1248,98,15,40,7,5.239271076053035,8
1249,65,15,14,7,5.239230657167624,8
1250,91,21,25,9,5.236778929543691,12
1251,71,47,13,21,5.235216499316668,26
1252,35,11,5,5,5.226534281744142,6
1253,40,22,37,10,5.2189812618502875,12
1254,16,76,87,33,5.21755307104735,43
1255,33,12,91,6,5.213867650447791,6
1256,34,18,55,8,5.202160532736089,10
1257,40,13,113,5,5.193726392686624,8
1258,84,24,48,9,5.188857256683019,15
1259,91,25,13,11,5.1844258161997425,14
1260,4,24,51,9,5.183921696313047,15
1261,75,26,47,9,5.17693162231529,17
1262,2,40,50,17,5.160264368077373,23
1263,91,11,56,5,5.1601828143932735,6
1264,67,12,5,5,5.159840528973067,7
1265,111,14,39,6,5.158992286191915,8
1266,8,54,63,24,5.156454172512435,30
1267,87,46,50,21,5.1516202521080965,25
1268,63,13,79,5,5.150156389678723,8
1269,106,24,9,10,5.150083731218861,14
1270,44,15,88,7,5.148664566159752,8
1271,107,56,20,24,5.141425460852389,32
1272,109,12,4,5,5.135069245647407,7
1273,40,30,58,14,5.133397385337812,16
1274,114,28,39,13,5.125505730553986,15
1275,55,23,70,10,5.1032220329288345,13
1276,53,25,104,11,5.0942603831986055,14
1277,89,12,86,6,5.092829255018564,6
1278,87,11,110,4,5.0925904586002675,7
1279,16,27,43,10,5.089727697712367,17
1280,60,24,95,10,5.089480392621887,14
1281,60,14,58,6,5.085584297125204,8
1282,107,61,104,25,5.0845878069653105,36
1283,7,17,62,7,5.083532766636536,10
1284,32,10,20,3,5.082163415292109,7
1285,92,10,17,4,5.07288490506961,6
1286,90,13,33,5,5.072843762888294,8
1287,16,90,107,34,5.0705236105975295,56
1288,46,17,65,6,5.066104910854949,11
1289,55,29,63,13,5.056066807562624,16
1290,9,16,34,7,5.022861202196314,9
1291,93,26,5,10,5.004460526821323,16
1292,7,41,106,20,5.003800212982272,21
1293,16,16,35,6,4.995780437282775,10
1294,32,12,68,4,4.994599728673895,8
1295,104,30,63,13,4.993963037729944,17
1296,74,15,71,7,4.993812181109021,8
1297,27,25,39,12,4.989393098929608,13
1298,37,71,86,31,4.984756436647984,40
1299,23,17,15,7,4.9841342107101605,10
1300,55,55,65,24,4.97482433256795,31
1301,14,18,51,6,4.969794868699566,12
1302,1,15,87,7,4.968031301569397,8
1303,40,49,107,19,4.964616090179718,30
1304,62,12,8,4,4.9642207369004785,8
1305,96,23,90,9,4.963939687748078,14
1306,39,18,77,8,4.961640817784317,10
1307,20,36,96,15,4.958331873160826,21
1308,13,32,8,13,4.955794878282507,19
1309,56,19,68,9,4.94813216675333,10
1310,76,12,49,5,4.943121216792114,7
1311,77,14,87,6,4.942401920251487,8
1312,37,11,108,5,4.94147061612662,6
1313,45,21,65,10,4.938797125414042,11
1314,20,21,55,9,4.931554548881413,12
1315,114,22,9,7,4.931319071415342,15
1316,17,11,87,5,4.927367867706464,6
1317,74,56,106,24,4.924754963776778,32
1318,65,31,17,11,4.917244641739984,20
1319,54,12,108,4,4.909695920764135,8
1320,46,48,54,20,4.906943181154001,28
1321,84,34,106,16,4.903872752933781,18
1322,76,27,55,10,4.8923898677809445,17
1323,8,16,33,6,4.890943290835164,10
1324,83,39,5,18,4.890865835189014,21
1325,8,12,3,7,4.88781937501622,5
1326,69,11,95,4,4.882909765417961,7
1327,30,11,114,5,4.8820710984651585,6
1328,97,24,68,10,4.880211565142333,14
1329,51,11,38,4,4.8736842084361065,7
1330,88,10,110,5,4.870544753091405,5
1331,37,54,106,25,4.865641247327302,29
1332,5,10,89,3,4.86246564090175,7
1333,13,17,94,7,4.855238762429886,10
1334,104,23,100,9,4.850527098250832,14
1335,68,14,8,6,4.849066664705289,8
1336,5,30,51,11,4.841333405150811,19
1337,83,20,64,9,4.840996077098241,11
1338,41,14,89,6,4.840368821573814,8
1339,75,39,39,18,4.835166255544909,21
1340,8,15,67,6,4.831909846155583,9
1341,31,19,25,9,4.823839301099763,10
1342,63,17,43,7,4.821038820338602,10
1343,14,15,54,5,4.820525855929132,10
1344,75,17,4,7,4.813951260599897,10
1345,6,12,106,5,4.810944704219048,7
1346,100,13,17,4,4.805895298432701,9
1347,96,13,108,6,4.805162668071275,7
1348,83,28,8,13,4.804749965348905,15
1349,110,16,16,7,4.801952356665634,9
1350,75,22,96,7,4.801381492311931,15
1351,111,11,25,5,4.797175922879397,6
1352,8,29,9,15,4.796436219845455,14
1353,60,20,1,8,4.7956289157103855,12
1354,9,17,1,9,4.794059502939978,8
1355,76,33,5,14,4.788314400539968,19
1356,100,29,86,14,4.7829247811078925,15
1357,13,44,64,21,4.782853853155064,23
1358,9,12,5,5,4.777710715122403,7
1359,90,13,70,6,4.771084444295362,7
1360,12,15,31,7,4.770632464521183,8
1361,60,16,97,8,4.770560692259114,8
1362,54,29,68,12,4.767490638996211,17
1363,93,16,50,6,4.755526241513054,10
1364,90,30,5,12,4.752640516818983,18
1365,74,38,63,17,4.748458787006123,21
1366,25,16,77,7,4.745845616411638,9
1367,114,42,68,18,4.745053261523827,24
1368,16,97,7,43,4.743286222921809,54
1369,97,11,3,4,4.740273088979023,7
1370,8,41,46,19,4.737192297274268,22
1371,64,10,81,4,4.73660561378694,6
1372,85,16,54,6,4.730021736475019,10
1373,15,14,75,5,4.729161606780822,9
1374,47,17,86,7,4.720142586161402,10
1375,39,51,68,23,4.718369396030296,28
1376,11,38,88,16,4.710454574435891,22
1377,39,10,98,4,4.691177704712753,6
1378,60,26,41,12,4.687979614839915,14
1379,71,16,5,7,4.686451238703377,9
1380,62,16,9,7,4.679077909097035,9
1381,53,22,81,9,4.67351225402936,13
1382,52,12,8,5,4.669562642233978,7
1383,55,14,98,5,4.662824671110214,9
1384,25,15,47,7,4.655390231832646,8
1385,64,27,63,12,4.655022536417097,15
1386,27,15,25,7,4.649655011418165,8
1387,73,14,13,6,4.642713338622983,8
1388,73,19,109,8,4.637139105733967,11
1389,43,24,88,10,4.636555985964769,14
1390,60,22,25,10,4.636282806493916,12
1391,102,19,74,8,4.634614725478841,11
1392,32,11,51,5,4.6285064285954,6
1393,28,10,29,4,4.612981141001359,6
1394,7,42,55,17,4.609551229914398,25
1395,23,11,30,5,4.601908928188203,6
1396,77,13,95,6,4.60149322445291,7
1397,55,20,64,7,4.598509710106534,13
1398,50,32,96,14,4.592653394244439,18
1399,71,24,87,11,4.583143708944138,13
1400,100,12,30,5,4.575260966636385,7
1401,99,14,95,6,4.572737764013027,8
1402,30,21,104,10,4.571829941100375,11
1403,99,16,104,8,4.5627492392393,8
1404,70,15,23,7,4.554568026577778,8
1405,109,13,67,7,4.5540965230597985,6
1406,74,10,112,4,4.553694289700708,6
1407,49,29,86,13,4.5535642763993875,16
1408,83,15,46,7,4.551826612706301,8
1409,1,11,39,6,4.548291694643937,5
1410,23,24,76,11,4.537606040144393,13
1411,88,51,9,22,4.537426821075463,29
1412,8,24,102,11,4.537070383836359,13
1413,12,16,39,7,4.536622423025636,9
1414,71,28,68,11,4.532265816801447,17
1415,106,23,75,11,4.532198108241345,12
1416,37,43,55,20,4.516821858156878,23
1417,28,52,54,22,4.514030967957707,30
1418,62,10,104,3,4.50664568251795,7
1419,7,93,88,42,4.5053270586483745,51
1420,16,26,84,12,4.50433575733427,14
1421,75,20,112,8,4.4989690721071325,12
1422,102,24,54,10,4.497323538158562,14
1423,20,59,54,28,4.494429121899646,31
1424,93,15,37,6,4.493445665639034,9
1425,64,15,3,6,4.492765978443915,9
1426,75,45,51,20,4.490318359114665,25
1427,55,11,27,5,4.4890470852362,6
1428,36,15,112,6,4.481804787740811,9
1429,88,29,70,12,4.478319588858416,17
1430,30,40,16,17,4.476195567754862,23
1431,95,33,107,15,4.475609109265348,18
1432,51,12,92,6,4.473927143910237,6
1433,96,31,25,14,4.4728328775528,17
1434,30,34,87,15,4.471047169696757,19
1435,88,30,18,14,4.470121317889942,16
1436,98,16,84,6,4.468561917829734,10
1437,91,10,57,5,4.468260927215541,5
1438,109,14,9,7,4.467532481839809,7
1439,37,18,32,8,4.466542082918521,10
1440,77,11,97,4,4.4549011553839994,7
1441,50,12,73,4,4.454782630059153,8
1442,86,32,17,16,4.4541076848822705,16
1443,95,44,16,20,4.453378575583387,24
1444,7,67,31,29,4.4532123702344615,38
1445,13,33,37,14,4.448467961015427,19
1446,95,15,109,6,4.444131433700797,9
1447,45,11,88,4,4.4416566980945715,7
1448,13,32,50,14,4.432840638378546,18
1449,16,35,53,14,4.432680586189367,21
1450,86,115,5,49,4.430772584334587,66
1451,107,35,64,16,4.429693624174908,19
1452,102,20,87,8,4.423994697827657,12
1453,46,18,9,8,4.423884935946225,10
1454,99,30,13,13,4.420966828834258,17
1455,13,12,76,5,4.417032905676177,7
1456,7,64,53,28,4.416213736910661,36
1457,114,20,64,8,4.407773657880817,12
1458,17,24,54,11,4.405567288972997,13
1459,13,37,43,18,4.400642517704952,19
1460,111,20,86,8,4.3910837466552355,12
1461,65,23,76,9,4.385586505985178,14
1462,13,10,102,3,4.383909812807431,7
1463,11,63,86,28,4.377353463167258,35
1464,63,38,96,15,4.376849709142971,23
1465,74,13,9,5,4.37578055371931,8
1466,39,14,81,6,4.374351069268694,8
1467,60,13,98,6,4.372454949323835,7
1468,55,24,9,10,4.371040618945099,14
1469,57,32,16,14,4.3708612009725964,18
1470,13,26,77,11,4.37009974510294,15
1471,55,13,58,6,4.369004483506264,7
1472,40,23,23,10,4.368423326803309,13
1473,33,13,11,7,4.365968233102095,6
1474,58,10,87,4,4.362695393524183,6
1475,104,31,54,14,4.355933806560286,17
1476,67,10,84,4,4.354710507610473,6
1477,47,24,88,11,4.347102674354304,13
1478,70,29,65,11,4.343984179663613,18
1479,57,18,13,9,4.335306903346494,9
1480,60,12,22,5,4.334241842742782,7
1481,95,19,41,8,4.332143979792177,11
1482,15,19,86,8,4.320856963962771,11
1483,4,22,40,10,4.316643149060896,12
1484,17,19,20,8,4.3112321942034,11
1485,50,10,52,5,4.308197298973349,5
1486,20,22,109,8,4.302333411252667,14
1487,25,28,54,12,4.300413553073274,16
1488,20,21,44,9,4.299103845073809,12
1489,11,17,35,7,4.299025397751417,10
1490,53,25,112,13,4.294359182673499,12
1491,85,14,96,5,4.283571776810651,9
1492,33,12,96,7,4.271042933020869,5
1493,6,26,7,14,4.269618286715636,12
1494,13,53,39,24,4.2610832635027345,29
1495,80,11,60,5,4.259959127961849,6
1496,104,17,80,8,4.256665633473226,9
1497,20,22,46,8,4.241307956001942,14
1498,31,12,74,5,4.240578281890586,7
1499,30,20,28,8,4.226225794824841,12
1500,39,18,37,8,4.2244562944231046,10
1501,39,24,5,11,4.222693276685166,13
1502,27,11,112,5,4.214543381192911,6
1503,46,20,17,9,4.208745383811279,11
1504,65,56,36,24,4.205692860728479,32
1505,78,15,54,6,4.204577974310618,9
1506,23,18,100,7,4.197161790157007,11
1507,7,14,48,7,4.194687020035504,7
1508,40,55,88,24,4.188882138376305,31
1509,23,27,25,12,4.182190113226028,15
1510,70,19,9,7,4.17870836598717,12
1511,13,74,51,34,4.175645973323164,40
1512,40,22,50,8,4.17370334148128,14
1513,53,15,62,7,4.1594095703321505,8
1514,75,15,2,7,4.157456952203449,8
1515,60,10,62,4,4.155747625311636,6
1516,74,21,109,8,4.146368967750308,13
1517,20,13,73,5,4.146065391689569,8
1518,53,47,71,20,4.141303557057986,27
1519,100,18,74,8,4.138016461047893,10
1520,23,11,29,5,4.138000210796417,6
1521,11,11,69,4,4.13792149131312,7
1522,71,11,20,4,4.13643055739397,7
1523,76,32,104,13,4.1357118218948905,19
1524,6,14,107,6,4.134287277974907,8
1525,64,19,18,8,4.124127361254889,11
1526,29,11,106,5,4.122686341567239,6
1527,27,16,87,7,4.120246149042717,9
1528,13,68,107,31,4.1097706680559325,37
1529,12,14,68,6,4.108669111305504,8
1530,16,15,93,7,4.106290602314813,8
1531,114,21,46,9,4.104107153511736,12
1532,93,14,109,6,4.103558953267082,8
1533,83,20,93,9,4.100880722204593,11
1534,87,26,64,12,4.098181725889203,14
1535,36,11,19,5,4.088590218421688,6
1536,74,22,50,10,4.086243740312162,12
1537,43,12,109,5,4.068059286395715,7
1538,60,57,40,25,4.067256254892929,32
1539,68,31,1,13,4.065789317113102,18
1540,9,29,63,13,4.065325398742935,16
1541,43,10,95,4,4.063398320607949,6
1542,16,28,80,12,4.056076921695064,16
1543,107,23,62,12,4.0504669700597535,11
1544,41,40,68,18,4.050286581746884,22
1545,32,10,40,5,4.050021677419869,5
1546,11,13,79,7,4.047561716338114,6
1547,7,21,50,10,4.045740478776832,11
1548,13,51,46,22,4.0456877154321305,29
1549,13,23,3,8,4.045454302839317,15
1550,1,10,43,5,4.038976715758721,5
1551,96,30,88,14,4.030096740212507,16
1552,104,16,3,7,4.020656220421076,9
1553,102,28,114,12,4.017120825737178,16
1554,8,20,110,8,4.013172679497404,12
1555,55,36,54,17,4.011039158800403,19
1556,99,20,86,8,4.0098912228328505,12
1557,66,12,31,5,4.008754872558654,7
1558,58,10,51,4,3.9912030401078082,6
1559,97,32,65,14,3.9859775040058776,18
1560,34,17,17,7,3.985705258546001,10
1561,41,14,43,6,3.977377796491963,8
1562,96,12,14,5,3.975747798085754,7
1563,104,72,65,33,3.97064919727685,39
1564,74,24,93,11,3.9601017688790825,13
1565,88,50,104,21,3.9536343834384886,29
1566,34,12,76,6,3.9517678907570333,6
1567,37,17,100,7,3.9481789557688414,10
1568,87,32,40,15,3.9412626429874287,17
1569,51,40,46,17,3.9395834900065485,23
1570,80,10,97,4,3.9365866928471034,6
1571,64,13,15,7,3.9332029302911167,6
1572,16,20,3,8,3.933123710020239,12
1573,57,11,50,4,3.9290278222481443,7
1574,100,21,13,9,3.928732330408649,12
1575,5,28,2,12,3.923277825320168,16
1576,37,38,70,16,3.9227382855891664,22
1577,50,48,107,22,3.915403186530734,26
1578,60,21,96,7,3.912428069824762,14
1579,98,19,49,9,3.906322793569991,10
1580,102,26,37,11,3.9015784283610255,15
1581,7,29,47,12,3.897446682675393,17
1582,17,16,63,7,3.896935952486399,9
1583,41,13,112,6,3.8951638477899233,7
1584,55,44,11,18,3.8920841591670343,26
1585,76,13,62,6,3.8913968956310088,7
1586,3,25,60,11,3.8866454201514262,14
1587,11,15,17,7,3.886158778436342,8
1588,1,11,112,6,3.882693398534097,5
1589,65,73,107,32,3.8798906813939733,41
1590,18,13,98,7,3.8754830902904014,6
1591,95,36,87,16,3.86940077356921,20
1592,108,11,68,5,3.868849039567309,6
1593,11,16,51,8,3.8660778701548058,8
1594,91,17,18,7,3.863168888646893,10
1595,41,25,114,12,3.854494902198664,13
1596,65,14,6,6,3.853639209419111,8
1597,3,26,39,11,3.8527076913275518,15
1598,65,34,111,14,3.8475275648066685,20
1599,93,19,86,8,3.841500133967818,11
1600,60,25,9,9,3.8302277634578608,16
1601,70,30,51,14,3.8297117807076555,16
1602,44,16,87,7,3.8267549460576484,9
1603,60,12,66,4,3.826632219817407,8
1604,55,21,4,10,3.821660634263142,11
1605,49,10,3,4,3.8208441036339096,6
1606,91,18,31,7,3.8197018311679423,11
1607,20,46,28,20,3.8165416775061547,26
1608,70,26,20,11,3.8159201736882498,15
1609,110,16,5,7,3.8138584796050923,9
1610,39,12,78,6,3.805891795343841,6
1611,20,13,104,5,3.7974160411444706,8
1612,44,19,6,7,3.787510949793907,12
1613,28,12,49,6,3.781572164594755,6
1614,104,13,92,7,3.7768187223532306,6
1615,88,16,6,7,3.757051253043465,9
1616,65,43,9,18,3.756511153961385,25
1617,15,21,65,9,3.7445792583431645,12
1618,53,42,40,19,3.7429391558119995,23
1619,1,13,4,5,3.736039087851971,8
1620,86,65,25,30,3.735239092039536,35
1621,75,42,88,18,3.726903391628384,24
1622,91,10,80,4,3.7198935399827406,6
1623,15,21,5,8,3.714734226349825,13
1624,3,30,68,13,3.7122120868876887,17
1625,106,17,43,8,3.7068539679712273,9
1626,28,28,102,13,3.6997830630198973,15
1627,13,68,40,31,3.690363085789059,37
1628,107,28,38,12,3.687804931259046,16
1629,46,20,84,8,3.686829488531013,12
1630,101,14,68,5,3.6742625668258913,9
1631,71,12,27,5,3.672482180614424,7
1632,20,25,80,11,3.67142842734406,14
1633,51,43,41,19,3.670366887504243,24
1634,107,22,49,11,3.667247997621993,11
1635,62,10,50,4,3.6657345895143245,6
1636,19,10,88,5,3.6656067392732057,5
1637,86,53,104,24,3.66553549979236,29
1638,97,33,96,16,3.657438935158263,17
1639,53,11,100,5,3.656950058764998,6
1640,63,22,23,9,3.656375723040438,13
1641,90,10,71,5,3.6561036030201253,5
1642,107,21,32,10,3.6546977761524686,11
1643,76,35,107,13,3.6519592132431544,22
1644,23,47,65,22,3.6506323242088645,25
1645,27,13,50,5,3.6503401008022798,8
1646,16,19,2,8,3.6499962386684337,11
1647,14,10,70,5,3.647042134114848,5
1648,30,20,37,8,3.640395609700316,12
1649,88,60,5,28,3.63799769202775,32
1650,75,14,108,6,3.6340908116173014,8
1651,48,11,108,4,3.6336145248971845,7
1652,43,19,18,10,3.6267699505365183,9
1653,87,27,109,11,3.6214670850147486,16
1654,13,63,60,26,3.6198276441550075,37
1655,28,16,62,7,3.6140960069707964,9
1656,18,29,60,13,3.5981861482906186,16
1657,108,24,51,11,3.591871830422868,13
1658,114,35,51,17,3.589681659955981,18
1659,97,10,95,4,3.58943247133478,6
1660,69,11,20,5,3.5870175414258565,6
1661,63,14,45,6,3.582850982463552,8
1662,63,10,85,5,3.5623843213347812,5
1663,16,71,8,31,3.5597923636148616,40
1664,64,11,33,4,3.5581108018586245,7
1665,23,13,57,6,3.554408044637193,7
1666,16,31,49,14,3.5542822347062724,17
1667,40,65,36,28,3.5400829247343655,37
1668,44,15,7,7,3.5352660207554516,8
1669,20,17,76,9,3.5278207011714735,8
1670,112,11,17,5,3.5191492672023625,6
1671,97,22,17,10,3.51760245978497,12
1672,16,34,62,14,3.517446163588128,20
1673,8,38,104,17,3.50734140656749,21
1674,91,15,84,7,3.506943767095505,8
1675,49,10,33,4,3.5057518320537766,6
1676,74,16,23,7,3.505315761927058,9
1677,86,81,84,40,3.5049372045135936,41
1678,85,14,68,5,3.5027894631624408,9
1679,50,26,9,11,3.4989626487903873,15
1680,97,36,114,16,3.4948097299506915,20
1681,17,26,39,11,3.4929964025106597,15
1682,109,15,65,5,3.4929763691198916,10
1683,62,13,36,6,3.489528327052378,7
1684,25,20,70,9,3.484518115943736,11
1685,55,16,18,8,3.4810467173744706,8
1686,50,69,28,30,3.4770086085643532,39
1687,96,57,54,28,3.4766133859583515,29
1688,23,10,81,4,3.474530372802633,6
1689,73,14,16,7,3.4738693799097953,7
1690,18,36,107,14,3.4712481263968327,22
1691,74,60,5,28,3.469996146708342,32
1692,9,26,54,12,3.4668855776458427,14
1693,30,19,106,9,3.463995690702536,10
1694,13,32,1,13,3.4629329225242813,19
1695,13,12,84,5,3.4627368734629638,7
1696,20,46,37,21,3.4576214767552655,25
1697,106,49,51,22,3.457607975311814,27
1698,33,23,5,11,3.454327509177194,12
1699,23,26,68,13,3.4540478778402126,13
1700,37,21,23,10,3.453043705748743,11
1701,93,10,114,4,3.4434774013838236,6
1702,102,31,25,14,3.4382241991917164,17
1703,4,12,37,5,3.421871703775507,7
1704,104,26,98,14,3.4091853213510754,12
1705,18,54,53,25,3.397966382939779,29
1706,4,13,28,6,3.3940824912486867,7
1707,43,28,40,13,3.3929222536074835,15
1708,73,10,104,4,3.391491099464731,6
1709,39,48,55,21,3.389422612270981,27
1710,36,28,55,13,3.383336577257353,15
1711,73,15,98,7,3.380055365181917,8
1712,107,56,55,26,3.3696189355898034,30
1713,40,17,20,7,3.3649339637959645,10
1714,54,25,97,12,3.3648153427656755,13
1715,14,23,8,10,3.3634201583462158,13
1716,28,22,71,9,3.3619344486700466,13
1717,7,48,27,22,3.361741499616722,26
1718,88,15,112,6,3.3574409261865963,9
1719,54,12,3,6,3.355227899021248,6
1720,97,34,16,16,3.3525321991063115,18
1721,87,18,47,8,3.351186620999735,10
1722,83,10,20,5,3.3478898251644025,5
1723,40,15,91,7,3.345577169162442,8
1724,16,47,70,20,3.3445553948476245,27
1725,20,21,2,9,3.343168498501612,12
1726,75,13,33,5,3.342736023465548,8
1727,54,20,98,9,3.3414082574982986,11
1728,68,13,5,6,3.3380294056441144,7
1729,71,13,76,7,3.3359186512389036,6
1730,64,30,39,13,3.324524230733537,17
1731,60,29,8,14,3.3236661751594205,15
1732,9,13,81,6,3.321776466067701,7
1733,64,10,57,4,3.3215297930391765,6
1734,97,16,84,6,3.316428205809935,10
1735,60,31,75,14,3.3139158628036856,17
1736,86,11,66,5,3.3092941516234364,6
1737,104,60,5,28,3.3007473735225052,32
1738,41,17,50,7,3.2946411387183265,10
1739,81,14,18,6,3.285175513857385,8
1740,16,18,45,7,3.276855643218357,11
1741,114,13,67,6,3.2746706512348434,7
1742,102,11,91,5,3.2738070744638943,6
1743,70,14,93,6,3.271451863431868,8
1744,84,14,57,7,3.2683328106809832,7
1745,98,23,76,10,3.2651133620022033,13
1746,109,25,13,11,3.261500174975238,14
1747,76,14,95,6,3.2576515088397957,8
1748,7,24,74,9,3.257493143792888,15
1749,84,14,95,6,3.2568961944145873,8
1750,114,47,25,20,3.2540864225169766,27
1751,94,15,107,5,3.253497352477997,10
1752,11,25,20,10,3.2452743370759327,15
1753,107,49,36,23,3.234838704648264,26
1754,56,10,97,5,3.231426212036921,5
1755,4,21,16,11,3.2239938149007976,10
1756,23,55,7,25,3.2229283053761675,30
1757,97,29,63,13,3.2191950537106915,16
1758,55,39,28,16,3.2184704312839787,23
1759,64,19,23,9,3.212372911598019,10
1760,50,19,97,8,3.210625734622642,11
1761,60,47,31,24,3.2094707274879264,23
1762,44,12,76,5,3.2019945343572473,7
1763,36,41,39,18,3.1998605067578225,23
1764,55,49,5,22,3.1989531771818034,27
1765,68,14,81,6,3.1985312995714845,8
1766,37,54,50,26,3.188335276013606,28
1767,83,25,65,12,3.1850517665827933,13
1768,47,11,69,5,3.1775295332798312,6
1769,88,56,68,25,3.171688752257409,31
1770,106,25,60,10,3.171261503808182,15
1771,110,16,86,7,3.1694821197260503,9
1772,90,14,74,5,3.1680613510289204,9
1773,13,17,62,8,3.1612952767397977,9
1774,23,32,87,13,3.1607512154600745,19
1775,86,21,82,9,3.1586560919846263,12
1776,87,31,84,14,3.1565105897665346,17
1777,46,21,63,11,3.15628045747171,10
1778,13,15,112,7,3.153591174260179,8
1779,75,23,23,12,3.1487336010920157,11
1780,16,101,86,45,3.148136686632573,56
1781,86,20,32,9,3.136567451220029,11
1782,88,52,28,22,3.125246672673828,30
1783,5,27,91,11,3.121858390948631,16
1784,36,11,80,5,3.115857421175661,6
1785,53,29,55,13,3.115426410914569,16
1786,25,25,17,11,3.1106502600539105,14
1787,50,24,4,12,3.110559237136959,12
1788,68,79,13,35,3.106149758658103,44
1789,106,26,53,13,3.105027322219241,13
1790,109,25,106,12,3.1028448270841773,13
1791,92,15,60,6,3.101629065738582,9
1792,99,14,68,6,3.1001036150844663,8
1793,64,10,91,4,3.0993479020870796,6
1794,6,20,16,10,3.089484314971671,10
1795,45,14,87,6,3.0862202973256596,8
1796,98,22,37,10,3.078006071981288,12
1797,74,11,41,6,3.0735662157516845,5
1798,75,30,25,13,3.069551733540898,17
1799,60,40,114,22,3.0670908685799034,18
1800,71,18,25,8,3.0644100067848146,10
1801,48,14,55,6,3.06362691776684,8
1802,38,13,96,6,3.0422152322461717,7
1803,16,81,13,36,3.0415058148657974,45
1804,25,39,65,16,3.0368934823131175,23
1805,41,16,47,7,3.031406429138557,9
1806,35,13,84,6,3.030499439916225,7
1807,78,10,55,5,3.027993385213423,5
1808,57,17,51,8,3.0275220567423524,9
1809,27,21,41,10,3.0118100527811418,11
1810,87,82,107,37,3.010967714690937,45
1811,4,17,18,7,3.005461987416452,10
1812,49,16,30,7,3.0053727253606355,9
1813,50,16,30,7,3.004950949655304,9
1814,38,21,13,11,3.00372637969711,10
1815,88,19,38,7,3.0023329742590956,12
1816,96,14,34,6,3.0017630147825622,8
1817,31,21,58,10,2.9999355657905133,11
1818,4,11,69,5,2.999484176661719,6
1819,11,46,107,21,2.9990181027783187,25
1820,64,28,41,11,2.9985462284656723,17
1821,27,10,18,5,2.996654278290002,5
1822,65,37,37,18,2.9918797859979525,19
1823,74,10,30,5,2.9862406732405895,5
1824,95,27,53,10,2.9811343498680327,17
1825,10,12,84,5,2.980259678929738,7
1826,87,35,60,17,2.9762532182299,18
1827,36,32,4,13,2.9739066740354185,19
1828,18,33,51,16,2.9698165149321127,17
1829,2,21,37,10,2.9697580112694486,11
1830,47,11,53,5,2.9672181618537916,6
1831,29,10,36,4,2.96671622803696,6
1832,13,111,7,51,2.9638892232821696,60
1833,7,89,86,38,2.9562630867796154,51
1834,20,36,16,14,2.9562315265653076,22
1835,80,16,8,8,2.9519293865537115,8
1836,86,78,8,38,2.9505503650201574,40
1837,86,105,87,52,2.9421188588877047,53
1838,86,73,54,34,2.938346211941294,39
1839,30,17,76,7,2.9372015853586086,10
1840,36,20,87,8,2.935573250897663,12
1841,49,11,97,4,2.9318959143747887,7
1842,99,15,65,7,2.9253489592007305,8
1843,102,19,106,10,2.9207255392565097,9
1844,25,12,108,5,2.9132670669268244,7
1845,7,104,68,47,2.9094827437647193,57
1846,91,19,37,9,2.9050960547005245,10
1847,71,13,108,6,2.8992906212622866,7
1848,107,44,23,21,2.8979165012177974,23
1849,44,10,70,5,2.8975248911261433,5
1850,12,13,3,5,2.89161361518273,8
1851,75,24,74,10,2.8903655619324433,14
1852,43,31,7,13,2.8869337290340304,18
1853,86,52,46,21,2.88663740586166,31
1854,69,17,87,8,2.88624107715955,9
1855,107,25,3,13,2.8816945157688134,12
1856,94,17,87,8,2.8778163111812196,9
1857,63,23,60,10,2.8746236800640075,13
1858,60,46,86,21,2.8743623529336264,25
1859,51,18,99,9,2.853477797374065,9
1860,74,20,18,10,2.84961422222247,10
1861,97,13,33,6,2.8486496222061595,7
1862,23,13,104,5,2.8445076862849494,8
1863,16,84,65,38,2.8433317593388674,46
1864,3,14,50,7,2.8431293488179508,7
1865,36,32,9,14,2.842981887107707,18
1866,95,19,23,9,2.8404436396815522,10
1867,89,12,60,6,2.839673113881044,6
1868,30,20,68,10,2.8393809182025875,10
1869,77,18,65,9,2.836180648453274,9
1870,104,33,74,14,2.8329598216365466,19
1871,16,21,38,8,2.8217292489636367,13
1872,18,13,71,6,2.821320109059578,7
1873,64,13,47,5,2.8212403790572256,8
1874,76,28,87,12,2.81900529826996,16
1875,99,17,15,7,2.8189668514207984,10
1876,65,17,48,7,2.813018636762518,10
1877,68,33,106,15,2.8127952198562456,18
1878,99,15,41,7,2.8081672918617278,8
1879,106,14,112,7,2.805082024542767,7
1880,71,40,86,19,2.801854185507108,21
1881,4,25,114,12,2.797376255941943,13
1882,7,26,1,12,2.7932054952385035,14
1883,100,13,36,6,2.7923934619121087,7
1884,86,19,108,10,2.7920033870005008,9
1885,9,15,97,8,2.7891659901703596,7
1886,88,67,107,29,2.788634980843412,38
1887,9,14,38,7,2.77647152671147,7
1888,96,15,13,7,2.773454366126087,8
1889,5,11,10,6,2.7716738654503197,5
1890,86,92,28,41,2.7696595786946703,51
1891,53,42,64,19,2.759026680292717,23
1892,29,19,107,7,2.739796334219244,12
1893,97,22,104,11,2.7396377781056174,11
1894,107,29,4,14,2.73852865052638,15
1895,65,50,106,23,2.735321183024918,27
1896,98,26,107,12,2.7337807533135248,14
1897,75,12,34,6,2.7327928404854553,6
1898,87,40,20,19,2.7281534933615226,21
1899,104,31,70,14,2.720810924975006,17
1900,95,11,80,5,2.7197438471090796,6
1901,16,21,33,8,2.7169085795346413,13
1902,107,57,37,26,2.7122377942768776,31
1903,43,27,65,14,2.704466819899112,13
1904,28,53,65,24,2.7033251524777993,29
1905,2,20,87,9,2.6997368834124105,11
1906,88,32,109,14,2.698492977632003,18
1907,90,17,17,9,2.680753861205159,8
1908,25,17,44,8,2.673535476281759,9
1909,95,18,75,8,2.672802736686619,10
1910,94,11,68,4,2.6704707014810847,7
1911,114,25,74,12,2.666972342657447,13
1912,51,31,109,12,2.6658568783873675,19
1913,47,10,76,7,2.6595736051653853,3
1914,74,13,91,6,2.658254293210725,7
1915,53,38,51,18,2.6567672529233444,20
1916,92,29,88,13,2.6541256559252315,16
1917,53,48,65,23,2.651912649859134,25
1918,30,24,8,11,2.6514132136935467,13
1919,43,27,60,12,2.650360024151298,15
1920,47,22,51,11,2.649428689191073,11
1921,17,41,51,20,2.64917403943342,21
1922,23,43,86,20,2.6484576158238533,23
1923,62,23,71,11,2.646301685866918,12
1924,60,56,88,25,2.645544371153806,31
1925,16,34,17,14,2.6438423092128276,20
1926,16,60,5,25,2.6435184456824317,35
1927,86,28,62,13,2.642237041880456,15
1928,33,14,95,6,2.641545389608455,8
1929,86,31,18,13,2.6381646032412545,18
1930,54,28,114,14,2.6355280322257,14
1931,71,33,39,15,2.629192013747391,18
1932,41,44,16,22,2.6236346308099385,22
1933,11,12,41,4,2.61594797809933,8
1934,7,25,17,11,2.6142771621918555,14
1935,76,13,2,5,2.6134640032331116,8
1936,109,29,16,14,2.610188033474427,15
1937,36,23,91,10,2.600483205457648,13
1938,40,19,27,11,2.5947052105553365,8
1939,39,23,31,10,2.5934090452929373,13
1940,80,32,54,16,2.5928190955886388,16
1941,87,21,62,10,2.586304566496697,11
1942,104,50,7,23,2.5854072339864183,27
1943,87,55,88,28,2.583232804809496,27
1944,47,11,91,5,2.565831417578021,6
1945,91,28,107,12,2.5653431282322665,16
1946,92,13,87,6,2.565186954563254,7
1947,83,10,63,6,2.557624644664858,4
1948,86,14,14,7,2.5565201304900333,7
1949,55,52,88,22,2.5540628419606892,30
1950,73,19,1,8,2.55342910039073,11
1951,13,26,20,11,2.5463784696778813,15
1952,52,13,16,6,2.542332195506542,7
1953,51,65,107,27,2.5423109454339623,38
1954,91,34,86,16,2.5421304216054588,18
1955,64,38,88,17,2.5413991674458067,21
1956,63,35,11,14,2.539597707853179,21
1957,111,11,60,4,2.535604443502029,7
1958,39,18,4,8,2.5267698999647226,10
1959,11,13,68,6,2.5250619833588033,7
1960,39,32,50,15,2.5245695496572065,17
1961,12,15,36,7,2.516319942513749,8
1962,62,18,39,9,2.5162035004252656,9
1963,63,30,13,14,2.513355364840314,16
1964,74,81,86,39,2.5025770549212383,42
1965,37,18,109,8,2.501013404341532,10
1966,11,20,48,9,2.499763597895506,11
1967,65,20,3,9,2.497136850038322,11
1968,87,20,31,10,2.492676559594957,10
1969,18,11,111,5,2.4899108726358863,6
1970,95,30,39,14,2.481130681096554,16
1971,7,61,9,30,2.475604646115282,31
1972,36,28,51,13,2.4708671287104758,15
1973,46,50,5,22,2.4690859933319382,28
1974,4,17,81,7,2.4678124777063273,10
1975,87,40,74,18,2.4671563114027473,22
1976,74,17,69,9,2.4664972820824542,8
1977,54,10,27,5,2.4638694969344774,5
1978,107,18,85,8,2.4579163644894475,10
1979,86,34,3,15,2.455956854485601,19
1980,39,46,53,21,2.4451604588200344,25
1981,32,10,50,6,2.444054190716271,4
1982,9,37,51,18,2.442051118378038,19
1983,55,39,106,17,2.438139246666604,22
1984,87,21,99,9,2.4324110326808843,12
1985,91,20,75,13,2.432369433261267,7
1986,13,66,55,31,2.4199750349971696,35
1987,109,11,99,5,2.4195174025010595,6
1988,107,46,25,22,2.4187485647838765,24
1989,65,11,92,5,2.4112859752548714,6
1990,8,33,93,16,2.4111455321691304,17
1991,86,19,77,8,2.4096878419842773,11
1992,68,21,38,9,2.4070210829507572,12
1993,56,10,8,4,2.40008605471798,6
1994,85,10,7,4,2.393255933560983,6
1995,83,22,87,11,2.390357141943488,11
1996,111,12,8,6,2.390343846489095,6
1997,104,40,95,18,2.3890342183876085,22
1998,4,21,71,8,2.3871750117365993,13
1999,96,25,104,11,2.3866419839158346,14
2000,75,13,56,5,2.3840139649043497,8
2001,13,86,65,39,2.383373860419213,47
2002,54,18,49,9,2.382044302967445,9
2003,71,31,106,14,2.3812089448162763,17
2004,55,28,84,13,2.379086300412449,15
2005,65,39,71,17,2.3771526405726946,22
2006,54,46,51,22,2.3757346140076483,24
2007,69,10,96,4,2.3715807543077463,6
2008,8,55,96,25,2.371439357092425,30
2009,7,19,70,7,2.364945757295021,12
2010,104,37,106,18,2.363471674556246,19
2011,99,23,5,11,2.3616219022642833,12
2012,96,14,109,6,2.3566759619593642,8
2013,4,36,31,15,2.3535355966794667,21
2014,13,15,12,9,2.3425974502134457,6
2015,49,20,51,9,2.337593611464387,11
2016,104,17,4,7,2.3357072159096575,10
2017,25,28,53,14,2.3301510854690854,14
2018,50,23,64,11,2.3285304422785047,12
2019,104,21,102,11,2.320627297470276,10
2020,63,87,86,37,2.32018364824965,50
2021,65,24,69,11,2.3193082814773094,13
2022,34,28,107,12,2.319293954101742,16
2023,107,51,60,23,2.3177659740170995,28
2024,9,23,3,11,2.3162904113567784,12
2025,107,18,69,8,2.3046147553707854,10
2026,23,13,109,6,2.301790643179129,7
2027,9,22,58,10,2.299181283311467,12
2028,68,16,109,6,2.2985123206238915,10
2029,106,36,96,16,2.2984565902488905,20
2030,100,24,5,11,2.2932427434044684,13
2031,114,18,45,8,2.292094813707232,10
2032,94,10,114,4,2.2912532605689226,6
2033,68,19,78,9,2.2881985924711277,10
2034,106,13,4,7,2.287883468044352,6
2035,86,74,20,34,2.284218737925629,40
2036,50,21,31,10,2.283882121200706,11
2037,37,46,74,22,2.283869095408045,24
2038,80,16,71,8,2.275392383804814,8
2039,61,10,31,5,2.2696136748473603,5
2040,28,66,96,31,2.267406944603933,35
2041,60,24,46,11,2.2638066641840875,13
2042,51,50,60,21,2.256280048678221,29
2043,95,30,25,14,2.25397314365567,16
2044,41,14,54,7,2.251101436056138,7
2045,20,25,7,12,2.2510516710421498,13
2046,87,43,28,21,2.245948853463187,22
2047,88,38,4,18,2.2459217004175493,20
2048,87,35,104,18,2.2393020839894087,17
2049,81,14,3,6,2.2358028798300924,8
2050,68,25,70,12,2.2334926025833988,13
2051,90,16,25,7,2.2261576936837058,9
2052,28,16,100,7,2.2255414738387724,9
2053,88,11,33,6,2.22422094342155,5
2054,1,22,51,11,2.2233051744545986,11
2055,11,11,114,6,2.222333602098374,5
2056,98,13,99,7,2.2212581677933785,6
2057,104,11,69,4,2.217479448350339,7
2058,112,11,8,6,2.2144684353504553,5
2059,28,38,51,19,2.2134732604167904,19
2060,5,50,96,22,2.2114271922507607,28
2061,112,12,40,6,2.2105918484505556,6
2062,57,19,55,10,2.2104060039233278,9
2063,49,51,13,25,2.209069641169752,26
2064,107,50,106,24,2.1993074270722803,26
2065,60,57,16,27,2.197502548183127,30
2066,51,31,84,14,2.1892581830667415,17
2067,8,64,74,28,2.186622040651489,36
2068,9,35,39,18,2.1847778833343305,17
2069,63,26,70,12,2.1813121472430437,14
2070,33,11,39,5,2.170155887452032,6
2071,11,22,13,11,2.1659141415387677,11
2072,88,14,74,5,2.165363961250821,9
2073,17,12,84,6,2.1646737051112885,6
2074,88,65,51,33,2.1624171882527143,32
2075,49,16,9,8,2.159298612128284,8
2076,20,16,48,7,2.152557944212157,9
2077,80,17,7,7,2.151623343669696,10
2078,87,27,46,14,2.1507851989480726,13
2079,49,21,17,8,2.1421419201328824,13
2080,11,49,28,24,2.139899963041059,25
2081,15,17,68,7,2.1350807224391315,10
2082,28,18,57,8,2.12876321997401,10
2083,72,14,16,7,2.1283970579297695,7
2084,28,30,91,14,2.1280361219889317,16
2085,53,11,70,5,2.117480208536356,6
2086,1,20,64,10,2.1164326209593654,10
2087,11,15,40,7,2.115832802221001,8
2088,48,13,30,7,2.114145406665778,6
2089,74,12,33,6,2.113811361820999,6
2090,81,18,88,9,2.113043846902455,9
2091,97,21,70,9,2.1100037608471256,12
2092,8,23,100,10,2.1093275750438316,13
2093,20,23,35,10,2.103616009688827,13
2094,99,24,60,11,2.100940382067205,13
2095,28,62,5,30,2.1003743399505708,32
2096,109,22,84,10,2.0978150302320926,12
2097,83,34,55,17,2.0962093979720215,17
2098,16,15,29,8,2.0960967700074415,7
2099,97,22,8,11,2.094799206270941,11
2100,7,73,36,34,2.0934963107077063,39
2101,41,23,69,9,2.083110319413397,14
2102,98,13,114,6,2.082503686116617,7
2103,109,50,5,25,2.0811517758308082,25
2104,82,10,63,5,2.077975861296688,5
2105,46,36,28,15,2.067281553252178,21
2106,50,23,114,10,2.0649465321872778,13
2107,68,16,49,8,2.0637805548779458,8
2108,13,22,45,10,2.063714442075686,12
2109,3,25,31,13,2.0628076616728963,12
2110,84,17,9,8,2.0546690063899433,9
2111,65,31,80,15,2.0509198465423397,16
2112,112,20,65,10,2.043879404118517,10
2113,23,17,54,8,2.0401263588538048,9
2114,90,24,60,10,2.0397275719261816,14
2115,89,14,88,7,2.0354634990614118,7
2116,58,12,63,7,2.0345686518653676,5
2117,8,42,20,20,2.032934980330156,22
2118,91,14,114,7,2.0312426341433967,7
2119,38,10,80,4,2.0310395723254193,6
2120,55,12,73,6,2.0248295643907164,6
2121,75,30,87,14,2.0247725005088753,16
2122,8,36,90,16,2.0194647820717804,20
2123,4,10,58,4,2.0168974614800463,6
2124,9,44,40,20,2.013131078746107,24
2125,12,20,51,9,2.003059252583365,11
2126,65,57,68,26,2.0015768761708967,31
2127,64,14,17,7,1.997717670710987,7
2128,69,24,7,12,1.9945381002011566,12
2129,104,15,112,7,1.99393597279257,8
2130,50,11,58,5,1.9915314759076346,6
2131,53,19,4,9,1.987694792892671,10
2132,48,13,13,6,1.9848220769452258,7
2133,28,38,25,16,1.9833898911599184,22
2134,72,13,7,6,1.9828862428029772,7
2135,88,33,37,15,1.9799898753785308,18
2136,75,16,97,7,1.9718298395799765,9
2137,86,62,55,29,1.9647331960922174,33
2138,78,15,87,8,1.9606966739631158,7
2139,50,11,35,5,1.9581460146246747,6
2140,78,12,71,6,1.95458083263832,6
2141,36,34,64,17,1.9485056781764598,17
2142,25,20,55,9,1.9429576796619945,11
2143,23,14,31,6,1.9392936999416424,8
2144,110,13,104,5,1.9388474450810558,8
2145,23,14,97,7,1.9330528734436567,7
2146,18,22,31,11,1.9306740719340916,11
2147,70,19,40,8,1.9276789997691202,11
2148,114,21,18,10,1.923577249757446,11
2149,80,25,28,12,1.9225523112040792,13
2150,70,21,41,11,1.919847111480952,10
2151,99,11,76,6,1.9173589523208343,5
2152,97,32,106,16,1.9159665785715099,16
2153,43,16,87,8,1.9112996055903815,8
2154,63,37,114,15,1.9099176429878706,22
2155,14,13,88,6,1.902096229341471,7
2156,106,26,17,11,1.8975243648116562,15
2157,20,35,106,16,1.890590591428699,19
2158,39,47,49,21,1.8896093654711354,26
2159,25,23,64,11,1.8857238852847684,12
2160,7,76,41,37,1.885480468158321,39
2161,2,41,8,20,1.8848654476169697,21
2162,68,22,46,11,1.8807270075774953,11
2163,8,14,79,8,1.8787453444383122,6
2164,60,16,83,7,1.8774619090517453,9
2165,87,49,54,22,1.875214789525944,27
2166,37,95,5,46,1.8654288703425719,49
2167,64,28,54,14,1.8650724062797466,14
2168,75,38,9,17,1.8631746984569542,21
2169,6,13,87,6,1.861104979629091,7
2170,87,61,106,30,1.856632619724249,31
2171,98,19,51,9,1.8552094547524471,10
2172,6,11,86,5,1.8539951054916266,6
2173,46,22,76,10,1.8507100299988166,12
2174,28,21,98,8,1.8460912305825183,13
2175,103,10,106,4,1.8460294979122147,6
2176,40,59,51,28,1.8453671538115297,31
2177,26,16,13,7,1.8451876959015547,9
2178,68,40,63,20,1.8432100569925858,20
2179,84,38,96,19,1.8356486827006797,19
2180,7,14,29,8,1.8294106613069705,6
2181,74,29,13,14,1.8278354237299064,15
2182,9,17,69,8,1.8276767965349943,9
2183,23,13,20,6,1.827570268386601,7
2184,44,13,114,6,1.8263733365516701,7
2185,69,18,114,10,1.822927242545525,8
2186,69,13,43,6,1.8213131651346808,7
2187,102,13,99,6,1.8212893413036875,7
2188,71,11,109,5,1.8196417828202216,6
2189,68,19,17,8,1.8171968616213476,11
2190,53,20,44,8,1.8141360189660767,12
2191,79,18,28,8,1.8130893193426152,10
2192,80,12,64,6,1.8118137894523878,6
2193,86,24,85,12,1.811803291410693,12
2194,84,21,80,9,1.8116947476965417,12
2195,40,18,111,9,1.8104998545748818,9
2196,36,22,25,11,1.8071440138268557,11
2197,8,65,28,30,1.8060421386611976,35
2198,7,56,18,28,1.7918330409813674,28
2199,84,62,107,29,1.7900018232737764,33
2200,86,44,90,20,1.789317395866341,24
2201,1,25,41,13,1.7850851573908948,12
2202,37,25,90,12,1.7816453937181782,13
2203,7,16,30,9,1.7803956295895678,7
2204,102,13,84,6,1.779322402529277,7
2205,104,62,16,29,1.778027708852634,33
2206,49,15,8,6,1.7678498041146895,9
2207,84,26,70,12,1.7530345342228948,14
2208,4,31,68,15,1.751066192618154,16
2209,97,38,107,19,1.7507246476170455,19
2210,76,25,11,11,1.745006286070099,14
2211,60,33,36,16,1.7416473627060747,17
2212,18,11,6,5,1.7414584600944751,6
2213,104,22,18,9,1.7410989710262748,13
2214,8,26,23,13,1.7400762718841152,13
2215,36,37,88,16,1.7392851936744347,21
2216,70,19,75,10,1.7314858975507377,9
2217,60,14,11,7,1.72978393860355,7
2218,50,13,12,8,1.7279667161947851,5
2219,83,11,50,6,1.7272952536822097,5
2220,8,49,11,22,1.725678638141755,27
2221,40,18,45,8,1.7249973927231157,10
2222,74,10,85,5,1.7134982697618455,5
2223,84,13,76,6,1.710890300241341,7
2224,54,40,7,19,1.7088310244062668,21
2225,51,22,43,11,1.7055396893146841,11
2226,48,10,37,5,1.7035937503192145,5
2227,41,33,63,16,1.6996369290219266,17
2228,20,16,102,8,1.6989391239814933,8
2229,36,15,23,9,1.6972875274185721,6
2230,96,11,67,6,1.6933647660310183,5
2231,28,10,31,5,1.6925325756046274,5
2232,43,19,114,10,1.6919225072028674,9
2233,9,40,86,18,1.6864437776494565,22
2234,86,31,80,15,1.6766961831131937,16
2235,63,45,39,18,1.6729604614700202,27
2236,45,28,31,13,1.6710870406691087,15
2237,37,49,51,26,1.6543448329472816,23
2238,17,11,91,5,1.6541099131819834,6
2239,36,23,68,11,1.6511686348202657,12
2240,16,50,74,23,1.6504828930462028,27
2241,13,13,72,7,1.6496378216821228,6
2242,95,10,57,6,1.6443605111684718,4
2243,106,44,88,19,1.6421661548035555,25
2244,39,19,96,8,1.6315253594413592,11
2245,60,23,109,11,1.6294478610779166,12
2246,102,17,65,9,1.6175141023489221,8
2247,65,42,60,17,1.6141246546544779,25
2248,7,17,11,8,1.6096082788053923,9
2249,114,28,20,13,1.609390659763289,15
2250,79,11,54,4,1.607153398950684,7
2251,70,13,43,6,1.6071210379776917,7
2252,99,18,30,8,1.5949338139614577,10
2253,64,10,90,5,1.5921132093044654,5
2254,1,30,36,16,1.5919918411390332,14
2255,27,15,47,8,1.5911619270297648,7
2256,7,73,40,33,1.5888049712895005,40
2257,9,49,13,25,1.5852797923300752,24
2258,2,15,25,8,1.5845186001024008,7
2259,55,22,90,12,1.578656952498874,10
2260,9,14,111,7,1.5621342613374551,7
2261,40,17,61,8,1.5607473214395389,9
2262,97,12,100,6,1.5601199386945834,6
2263,104,23,83,10,1.5563880557352996,13
2264,7,84,65,43,1.5543231245397546,41
2265,106,15,14,8,1.5523885439078582,7
2266,11,26,74,12,1.5483769164487977,14
2267,65,12,61,5,1.5448114274450557,7
2268,41,61,13,30,1.5422223527057684,31
2269,97,25,46,12,1.5379422598602892,13
2270,70,54,86,25,1.5265643039354155,29
2271,1,34,88,17,1.5234508852206479,17
2272,35,14,37,7,1.523131742310598,7
2273,43,12,8,6,1.5194230889621367,6
2274,98,11,78,5,1.5190069892875968,6
2275,46,12,55,5,1.5148590180899557,7
2276,84,30,50,15,1.5145533767727444,15
2277,73,15,63,8,1.4760785674332926,7
2278,12,35,65,16,1.473980369401417,19
2279,11,17,32,9,1.4729852723414754,8
2280,86,32,2,16,1.4682447143488935,16
2281,63,89,65,43,1.4663105199346151,46
2282,114,57,88,28,1.462842245541163,29
2283,110,11,54,5,1.4614008940578211,6
2284,31,21,47,10,1.4606130980712668,11
2285,25,23,83,10,1.4597201880554966,13
2286,8,16,38,8,1.4562520429495758,8
2287,50,16,89,7,1.4560158637801317,9
2288,106,55,63,27,1.4485566818099482,28
2289,20,21,97,11,1.439527960881874,10
2290,50,28,25,14,1.4391705454909012,14
2291,39,48,60,24,1.4366067506508393,24
2292,68,13,57,7,1.4301339738569725,6
2293,76,27,70,12,1.4264215948460301,15
2294,106,14,110,7,1.4258595725562953,7
2295,36,35,45,19,1.423273124508123,16
2296,80,23,87,11,1.4202226913102636,12
2297,41,30,40,15,1.4126537270823982,15
2298,102,15,11,6,1.4114820984859568,9
2299,70,17,95,9,1.4011695857654913,8
2300,75,12,44,5,1.399837377533035,7
2301,16,10,56,4,1.3984899579645478,6
2302,20,19,95,9,1.3957034121223277,10
2303,91,13,9,6,1.3946381880594532,7
2304,7,15,83,6,1.3943529604549396,9
2305,100,25,106,13,1.3941621457208537,12
2306,44,25,16,13,1.3924747988210242,12
2307,17,15,74,7,1.3910983775391357,8
2308,88,17,35,8,1.3903417931875612,9
2309,15,24,7,13,1.390338401342924,11
2310,15,15,114,7,1.385848653276297,8
2311,50,41,11,19,1.3816262941644981,22
2312,95,31,7,14,1.3809406634768675,17
2313,106,30,41,15,1.3806292559177733,15
2314,75,10,48,5,1.3711471542080278,5
2315,90,11,76,6,1.3711097869836062,5
2316,27,13,23,7,1.3665703255989456,6
2317,30,23,40,11,1.3656919842952282,12
2318,30,21,51,10,1.3637471878402043,11
2319,25,26,30,14,1.363384718034577,12
2320,68,31,104,16,1.3616459533032328,15
2321,53,44,60,20,1.3503746570549047,24
2322,97,37,88,18,1.349074362930903,19
2323,84,17,90,8,1.3434141546201468,9
2324,71,27,114,13,1.3431780041778802,14
2325,30,11,109,5,1.3395989531940025,6
2326,71,48,7,25,1.3388864417450883,23
2327,77,53,60,25,1.338750114348228,28
2328,8,44,51,21,1.3380278840989286,23
2329,52,10,107,4,1.3362132651907572,6
2330,8,66,37,32,1.3357403383797626,34
2331,64,39,68,17,1.3356994520331131,22
2332,86,10,113,4,1.3345354513988568,6
2333,102,22,16,11,1.329260322482268,11
2334,107,73,28,34,1.3259515494671585,39
2335,61,13,3,7,1.3229217896944439,6
2336,74,18,80,9,1.3199661328668575,9
2337,46,60,88,30,1.317189159463411,30
2338,63,16,47,6,1.3162850335917953,10
2339,10,16,8,7,1.3145513780375315,9
2340,70,11,102,7,1.3043211125718095,4
2341,5,44,13,21,1.302350985374302,23
2342,65,69,41,31,1.2958844955738493,38
2343,2,22,74,10,1.2925512141562505,12
2344,97,20,109,10,1.283406905257821,10
2345,65,15,49,7,1.2832734530229162,8
2346,97,13,29,6,1.2800501845598786,7
2347,50,30,51,15,1.277023353905357,15
2348,47,12,28,6,1.2743522419217488,6
2349,8,82,55,42,1.2721684605222603,40
2350,107,37,70,19,1.271004560619494,18
2351,50,27,65,13,1.2644687002361983,14
2352,75,42,55,18,1.2635366494506202,24
2353,55,26,99,12,1.2605449554949548,14
2354,53,21,97,10,1.2490073902396577,11
2355,65,10,89,5,1.246766687204138,5
2356,104,12,43,5,1.2430962980218274,7
2357,107,18,112,8,1.2381580832699428,10
2358,71,25,31,12,1.2380158081615504,13
2359,63,16,95,8,1.233969730193377,8
2360,13,14,61,6,1.2296565256158196,8
2361,86,60,13,30,1.2286368910061534,30
2362,71,26,9,12,1.2262156519313812,14
2363,87,50,55,24,1.2223891795427406,26
2364,50,62,54,30,1.2219864026222231,32
2365,98,11,74,5,1.2137114800422117,6
2366,38,12,46,5,1.2117798317776198,7
2367,25,33,97,16,1.211209753293348,17
2368,58,12,71,6,1.2066349158549279,6
2369,37,25,84,12,1.200224547121566,13
2370,41,45,107,20,1.1979139523122342,25
2371,25,25,109,12,1.1927554377225935,13
2372,88,34,31,17,1.1836541894089576,17
2373,76,24,28,11,1.171307704252366,13
2374,48,28,16,13,1.1700437405112523,15
2375,27,38,68,17,1.1654046230648216,21
2376,86,47,30,24,1.1570405179503076,23
2377,8,43,65,21,1.1481048077830958,22
2378,29,12,38,6,1.143954365867495,6
2379,60,73,71,35,1.1360670304013205,38
2380,88,31,91,15,1.1352768006015477,16
2381,63,16,49,8,1.135191913675407,8
2382,42,10,69,5,1.134758835620745,5
2383,48,15,109,7,1.133812900706227,8
2384,23,47,16,22,1.133588423461974,25
2385,53,27,86,15,1.1324157389121354,12
2386,36,26,106,13,1.1307287364062801,13
2387,81,19,107,10,1.1293503192154635,9
2388,33,13,114,7,1.1286658148323794,6
2389,61,18,88,10,1.1254133453483963,8
2390,25,17,57,8,1.1122394350713356,9
2391,23,14,112,7,1.1091414019210022,7
2392,63,47,40,22,1.1085655861732644,25
2393,96,18,2,9,1.1039761816908797,9
2394,70,39,106,20,1.1024614638047308,19
2395,54,16,33,7,1.1000953180608282,9
2396,27,16,106,9,1.0992702168895798,7
2397,54,70,107,35,1.0956537339891796,35
2398,39,36,28,18,1.0952634452451104,18
2399,14,16,11,7,1.0923565448715802,9
2400,40,13,74,6,1.0901529369074687,7
2401,65,46,39,20,1.089267893981286,26
2402,43,13,71,7,1.0882014078273523,6
2403,64,19,97,9,1.0748997556854092,10
2404,107,29,1,14,1.072552937399315,15
2405,67,20,37,9,1.0707700527635258,11
2406,106,12,66,5,1.070759127853136,7
2407,104,30,109,15,1.0638658496000608,15
2408,86,51,109,25,1.063455196646584,26
2409,18,35,87,16,1.0595333397572304,19
2410,51,57,68,30,1.057243237797461,27
2411,90,21,88,11,1.0373159148886417,10
2412,45,14,3,7,1.0349134798027078,7
2413,87,51,39,24,1.031297728705296,27
2414,71,34,88,15,1.0311330418182323,19
2415,35,22,7,11,1.0299988339542105,11
2416,112,17,9,8,1.0274983646093445,9
2417,8,21,17,11,1.026318191087208,10
2418,63,20,44,9,1.0233184771026502,11
2419,70,10,33,5,1.0222975969230632,5
2420,3,29,51,17,1.0169039863425817,12
2421,107,53,39,25,1.0139341154699544,28
2422,93,20,88,9,1.0138818382921346,11
2423,13,43,75,20,1.005364432264769,23
2424,68,14,6,6,1.005162162800652,8
2425,114,39,7,18,1.0047894280060632,21
2426,8,40,39,20,0.9993368710228037,20
2427,23,17,111,10,0.9902411232186314,7
2428,94,11,60,5,0.9887651931076529,6
2429,64,14,100,6,0.9873146869937531,8
2430,51,33,31,14,0.9782499075201472,19
2431,107,65,5,32,0.9748363761521144,33
2432,79,11,88,5,0.9736004729947267,6
2433,14,16,87,7,0.9719183858987279,9
2434,65,49,75,23,0.9671493682311952,26
2435,14,14,5,6,0.9561035605846475,8
2436,7,20,8,9,0.9446580951337806,11
2437,112,13,114,7,0.9421647262329379,6
2438,102,11,83,5,0.9259324073609744,6
2439,33,17,86,9,0.9246066959077469,8
2440,39,33,104,16,0.9243967556000993,17
2441,69,17,50,7,0.9188452019230828,10
2442,13,20,33,10,0.918120505460343,10
2443,106,100,86,49,0.9173221659807225,51
2444,36,35,75,19,0.9076169876586753,16
2445,23,13,3,6,0.9036934098771335,7
2446,84,17,79,9,0.9012801816556621,8
2447,107,65,63,35,0.9004862155219548,30
2448,68,17,74,7,0.9001065237726507,10
2449,8,24,48,11,0.8990865709573224,13
2450,71,38,107,17,0.8981755151573065,21
2451,107,31,46,16,0.8942764168819464,15
2452,3,10,106,5,0.8904989515497614,5
2453,77,21,4,10,0.8810684428976758,11
2454,74,45,65,23,0.8800404347092065,22
2455,111,47,68,24,0.8746288393374696,23
2456,7,27,49,15,0.8744069756975954,12
2457,55,21,71,9,0.863684832703073,12
2458,10,10,114,4,0.8617397018011257,6
2459,34,17,16,8,0.8560019455164203,9
2460,8,73,88,36,0.8508025087607854,37
2461,71,28,63,13,0.8479499084443569,15
2462,54,40,74,20,0.8415267564978521,20
2463,2,16,46,8,0.8285194662826778,8
2464,55,12,62,5,0.8240244688504355,7
2465,11,23,65,10,0.8217152797009966,13
2466,4,58,13,27,0.8162535782673928,31
2467,96,58,107,27,0.8081270899904945,31
2468,56,14,40,7,0.8062835825274064,7
2469,79,17,50,8,0.8036407520519759,9
2470,12,17,86,8,0.8013363403706056,9
2471,2,22,88,11,0.7956469041111237,11
2472,68,19,77,9,0.792948245018335,10
2473,5,16,77,8,0.7908065895997609,8
2474,16,36,40,17,0.7902451728478602,19
2475,28,11,78,6,0.7898078034632366,5
2476,11,28,39,14,0.7894372385849194,14
2477,18,19,65,10,0.7868157298210118,9
2478,32,10,13,5,0.783536384760421,5
2479,104,45,114,21,0.7777920700848383,24
2480,16,24,15,11,0.7772765056505548,13
2481,97,20,93,10,0.7717644600090583,10
2482,33,15,104,8,0.7704375614853092,7
2483,107,80,8,36,0.7700051528352245,44
2484,75,27,64,13,0.7678085379778312,14
2485,65,17,47,8,0.763886252367048,9
2486,28,27,48,13,0.7484805696104432,14
2487,57,12,20,6,0.7460080296252342,6
2488,3,20,71,10,0.744611540631482,10
2489,36,13,74,5,0.7437175733038444,8
2490,43,10,3,5,0.7421030202391293,5
2491,40,77,86,36,0.7352757671814381,41
2492,95,41,5,21,0.731606653431554,20
2493,15,23,25,10,0.7267013492378231,13
2494,69,12,3,5,0.7220114611067269,7
2495,13,41,28,20,0.7192077167714406,21
2496,57,20,41,9,0.716314492681499,11
2497,82,13,28,7,0.7153587234866209,6
2498,93,15,84,7,0.7145615095611303,8
2499,54,85,65,41,0.7126472318729192,44
2500,107,12,79,7,0.7098533031414666,5
2501,76,17,41,7,0.7098418871900407,10
2502,76,25,8,13,0.7077738529790866,12
2503,71,13,69,6,0.6992249594892737,7
2504,38,18,64,9,0.6972961224720624,9
2505,27,11,99,6,0.6941577039356042,5
2506,65,19,84,10,0.6928222806516031,9
2507,88,35,20,18,0.6826700796677485,17
2508,18,19,25,10,0.6816652439852776,9
2509,37,40,114,18,0.6680388190804037,22
2510,17,27,50,14,0.6674798453134683,13
2511,63,43,87,20,0.6645353122982498,23
2512,63,38,50,18,0.6599709375930062,20
2513,64,15,108,8,0.6582287703496978,7
2514,7,70,39,35,0.65708225310988,35
2515,16,26,98,13,0.6567917996699292,13
2516,39,38,41,20,0.6524626848349436,18
2517,60,49,68,23,0.6520217462577715,26
2518,98,16,50,8,0.6426219058041094,8
2519,62,16,37,6,0.6397394147846427,10
2520,25,25,41,14,0.6394054706376684,11
2521,111,17,36,8,0.6365354853619557,9
2522,114,54,86,27,0.6322094644097674,27
2523,4,28,64,13,0.6316212138641686,15
2524,11,11,97,6,0.6269874474505769,5
2525,27,10,11,4,0.6266769775986689,6
2526,36,33,71,17,0.6241330409639582,16
2527,37,46,28,22,0.6233491488996546,24
2528,51,58,55,29,0.6228899757373463,29
2529,109,13,40,7,0.6223424064374103,6
2530,76,30,96,14,0.6223340675935091,16
2531,39,12,29,6,0.6210417076734439,6
2532,34,13,13,7,0.6173280890452295,6
2533,51,24,23,12,0.6158723359304594,12
2534,91,16,70,7,0.6063303701253773,9
2535,16,60,54,28,0.6012047197573598,32
2536,63,15,34,7,0.6010869874219945,8
2537,50,55,86,29,0.5948795299571148,26
2538,96,45,87,23,0.5775655020876899,22
2539,11,51,16,22,0.5759421625629789,29
2540,23,12,53,6,0.5700661218932129,6
2541,28,17,60,7,0.5655437404205501,10
2542,97,31,2,15,0.5614740846174435,16
2543,83,10,2,5,0.5594397265150824,5
2544,3,10,4,5,0.5556184418282119,5
2545,5,49,54,23,0.5526115688513309,26
2546,92,17,7,7,0.5480230211986101,10
2547,104,55,13,27,0.5474902747445213,28
2548,106,10,1,5,0.539652861011431,5
2549,63,43,7,18,0.5381341307781913,25
2550,28,19,33,8,0.5377400393884932,11
2551,63,19,53,9,0.5367176376371676,10
2552,46,16,57,8,0.5297057406629254,8
2553,73,19,28,10,0.5214155246375574,9
2554,43,17,25,10,0.5197036131496171,7
2555,106,68,28,33,0.5161436710076662,35
2556,41,11,90,6,0.513841479320257,5
2557,114,11,38,6,0.5127819422302534,5
2558,4,18,9,9,0.5118055197130339,9
2559,51,22,71,11,0.5066228412969123,11
2560,23,10,9,5,0.5053397207394539,5
2561,90,13,91,6,0.5003235284827323,7
2562,70,19,39,10,0.49953189293951183,9
2563,5,59,87,29,0.4991669720547012,30
2564,86,22,57,10,0.4932776283243064,12
2565,5,39,63,22,0.49187190353271276,17
2566,57,14,104,5,0.4845128262229356,9
2567,17,10,18,6,0.4807393003672915,4
2568,95,28,74,13,0.47842550860281996,15
2569,25,51,39,26,0.4759465051184244,25
2570,37,13,69,6,0.4741041536564538,7
2571,31,53,65,27,0.47237439181628066,26
2572,45,18,64,9,0.47078973461046125,9
2573,106,13,34,7,0.4683662704449505,6
2574,100,12,44,6,0.4671750406191804,6
2575,48,15,39,8,0.4666929147553605,7
2576,87,16,111,8,0.45897322341286445,8
2577,88,41,49,20,0.4529990219368629,21
2578,80,11,9,7,0.4439834453330457,4
2579,86,83,65,43,0.4411076558908754,40
2580,90,15,11,7,0.4409004522210816,8
2581,35,23,86,10,0.4354843809424514,13
2582,12,13,18,6,0.4352920108827378,7
2583,40,43,31,22,0.429627197462679,21
2584,33,11,99,6,0.42486651226142574,5
2585,37,36,17,16,0.42335569980871807,20
2586,5,14,38,7,0.4168378546295618,7
2587,54,40,39,19,0.41386352460636466,21
2588,57,11,40,5,0.40892721771307644,6
2589,15,10,81,5,0.40598881161956657,5
2590,46,40,11,19,0.4001450319361854,21
2591,7,75,60,37,0.39378844407947994,38
2592,88,13,78,6,0.3934639813104847,7
2593,55,16,41,8,0.3929137359889599,8
2594,3,15,55,7,0.39115052061440836,8
2595,8,13,44,6,0.3904420875790005,7
2596,51,51,87,25,0.38566064440595554,26
2597,8,35,50,16,0.38293825667797665,19
2598,14,18,84,8,0.37783903496494214,10
2599,16,39,114,18,0.3744778890921723,21
2600,40,16,108,7,0.373845897515691,9
2601,114,26,75,13,0.3719126663008889,13
2602,16,76,28,37,0.3704534163978425,39
2603,40,21,75,10,0.36863713867004627,11
2604,95,26,28,12,0.36814720179538635,14
2605,25,30,63,16,0.3669879376751877,14
2606,92,18,13,7,0.36521745881563183,11
2607,17,12,1,6,0.3644523251464431,6
2608,46,18,41,8,0.36430211798636986,10
2609,107,67,114,34,0.3636753253095943,33
2610,68,45,107,23,0.3439870818796496,22
2611,15,16,57,8,0.3339619985376481,8
2612,114,13,84,6,0.3321803924883228,7
2613,83,20,106,11,0.33164456490941063,9
2614,15,20,60,9,0.3311042630925631,11
2615,49,14,114,6,0.32751436291229447,8
2616,83,25,28,14,0.3193130867023741,11
2617,50,18,112,8,0.31747188429243445,10
2618,88,15,48,6,0.2955612335778544,9
2619,17,28,107,14,0.2941106702859755,14
2620,73,15,96,7,0.29259461070533327,8
2621,13,42,27,22,0.2905119523861549,20
2622,17,25,114,14,0.28496362892659627,11
2623,97,21,83,9,0.284664584172639,12
2624,67,12,25,6,0.2816428039469064,6
2625,68,46,9,22,0.2811754401691433,24
2626,53,18,5,8,0.2778213329671456,10
2627,36,11,38,4,0.26679215079866997,7
2628,31,10,35,5,0.2664857773065452,5
2629,37,22,76,12,0.2606095394442829,10
2630,30,11,9,6,0.25964021517278035,5
2631,40,25,47,14,0.24655985846699452,11
2632,38,15,60,7,0.24623826312842922,8
2633,86,32,31,15,0.24444323577164595,17
2634,83,20,88,11,0.24121558114701722,9
2635,30,10,108,5,0.24117256366227835,5
2636,37,12,43,5,0.23624251310573877,7
2637,16,26,111,12,0.2324255478959678,14
2638,11,40,87,22,0.22473431916089695,18
2639,107,59,74,28,0.21255364694604195,31
2640,28,11,66,5,0.2056598644516812,6
2641,84,26,54,12,0.20394258489876999,14
2642,44,14,107,7,0.20330478165271706,7
2643,107,98,86,48,0.2004055575789133,50
2644,46,16,71,7,0.19894184736909315,9
2645,8,66,54,35,0.1986057005994308,31
2646,17,10,85,5,0.19249328996870893,5
2647,35,12,70,7,0.18631436457958764,5
2648,44,15,65,6,0.18351226600640885,9
2649,71,33,8,17,0.17759312635004623,16
2650,96,37,55,19,0.17732770674363885,18
2651,88,53,41,27,0.17567237068802208,26
2652,15,30,13,14,0.17324984467329888,16
2653,11,47,106,26,0.17225906773687616,21
2654,17,28,13,14,0.1676823988018485,14
2655,57,20,37,10,0.16220303080862575,10
2656,7,51,4,26,0.16136746029798088,25
2657,62,12,106,6,0.1584669634691407,6
2658,94,10,39,5,0.15532018609088852,5
2659,69,29,36,15,0.1524943306378237,14
2660,18,28,41,15,0.14547306255424425,13
2661,12,15,40,8,0.14369807725415834,7
2662,70,54,8,27,0.1404751949417945,27
2663,50,17,109,8,0.13868989752014263,9
2664,73,10,25,5,0.1328731236438802,5
2665,51,13,44,8,0.13191763257362837,5
2666,112,26,16,14,0.128618354669528,12
2667,27,40,107,20,0.1259702465930359,20
2668,53,50,13,27,0.12550069471244074,23
2669,29,10,13,5,0.12448792504551065,5
2670,47,32,39,16,0.12147928795004093,16
2671,75,30,41,14,0.11880942701957935,16
2672,108,16,50,7,0.11486075029930842,9
2673,40,28,18,16,0.11377047107058737,12
2674,98,13,97,7,0.11020600858990875,6
2675,2,18,84,9,0.10504403066305398,9
2676,68,13,44,7,0.10451112471006771,6
2677,88,24,69,11,0.1024062201336718,13
2678,84,33,88,15,0.10026530043554462,18
2679,74,39,25,20,0.09563368284676016,19
2680,25,65,16,32,0.09364645449744402,33
2681,30,15,96,8,0.09214636377364425,7
2682,114,29,36,13,0.09213128587786307,16
2683,95,52,86,24,0.08956033992826938,28
2684,107,94,7,42,0.07975391090501975,52
2685,97,36,74,17,0.07931920932357782,19
2686,76,20,109,9,0.07505370430495735,11
2687,55,15,108,8,0.07480659095217349,7
2688,106,21,40,10,0.06808253080226546,11
2689,86,44,68,21,0.06456428417538676,23
2690,108,15,74,7,0.06305457719799344,8
2691,20,18,30,9,0.05385247642414745,9
2692,8,70,106,37,0.05212763279076112,33
2693,8,16,27,7,0.051328614148521634,9
2694,34,19,50,10,0.05002588679712766,9
2695,73,16,106,8,0.04700386219362951,8
2696,112,19,63,9,0.04656981650604271,10
2697,13,17,78,8,0.04330270532554792,9
2698,31,11,97,5,0.04256244744109723,6
2699,45,17,71,7,0.03389797077786283,10
2700,106,42,50,20,0.025298087208634697,22
2701,89,15,28,8,0.018607611913672883,7
2702,107,25,108,12,0.013698196737241802,13
2703,109,17,83,7,0.00972932964701334,10
2704,78,18,60,10,0.007255307961538825,8
2705,90,33,16,15,0.006116246156991541,18
2706,109,20,102,10,0.0026602667859183526,10
2707,102,20,109,10,-0.0026602667859165763,10
2708,16,33,90,18,-0.0061162461569911645,15
2709,60,18,78,8,-0.007255307961539614,10
2710,83,17,109,10,-0.009729329647013785,7
2711,108,25,107,13,-0.013698196737241517,12
2712,28,15,89,7,-0.018607611913672648,8
2713,50,42,106,22,-0.02529808720863334,20
2714,71,17,45,10,-0.03389797077786216,7
2715,97,11,31,6,-0.042562447441096586,5
2716,78,17,13,9,-0.04330270532554771,8
2717,63,19,112,10,-0.04656981650604271,9
2718,106,16,73,8,-0.0470038621936304,8
2719,50,19,34,9,-0.05002588679712785,10
2720,27,16,8,9,-0.051328614148522966,7
2721,106,70,8,33,-0.05212763279076128,37
2722,74,15,108,8,-0.06305457719799369,7
2723,68,44,86,23,-0.06456428417538676,21
2724,40,21,106,11,-0.0680825308022658,10
2725,108,15,55,7,-0.07480659095217229,8
2726,109,20,76,11,-0.07505370430495617,9
2727,74,36,97,19,-0.07931920932357782,17
2728,7,94,107,52,-0.0797539109050192,42
2729,86,52,95,28,-0.08956033992827091,24
2730,36,29,114,16,-0.09213128587786189,13
2731,96,15,30,7,-0.09214636377364507,8
2732,16,65,25,33,-0.09364645449744435,32
2733,25,39,74,19,-0.0956336828467596,20
2734,88,33,84,18,-0.10026530043554559,15
2735,69,24,88,13,-0.10240622013367166,11
2736,44,13,68,6,-0.10451112471006657,7
2737,84,18,2,9,-0.10504403066305477,9
2738,97,13,98,6,-0.11020600858990862,7
2739,18,28,40,12,-0.11377047107058744,16
2740,50,16,108,9,-0.11486075029930998,7
2741,41,30,75,16,-0.11880942701957935,14
2742,39,32,47,16,-0.12147928795004115,16
2743,13,10,29,5,-0.12448792504551029,5
2744,13,50,53,23,-0.1255006947124411,27
2745,107,40,27,20,-0.1259702465930358,20
2746,16,26,112,12,-0.1286183546695278,14
2747,44,13,51,5,-0.1319176325736292,8
2748,25,10,73,5,-0.1328731236438802,5
2749,109,17,50,9,-0.1386898975201418,8
2750,8,54,70,27,-0.14047519494179392,27
2751,40,15,12,7,-0.14369807725415834,8
2752,41,28,18,13,-0.14547306255424347,15
2753,36,29,69,14,-0.15249433063782128,15
2754,39,10,94,5,-0.1553201860908871,5
2755,106,12,62,6,-0.15846696346914188,6
2756,4,51,7,25,-0.16136746029798163,26
2757,37,20,57,10,-0.162203030808627,10
2758,13,28,17,14,-0.16768239880184893,14
2759,106,47,11,21,-0.17225906773687602,26
2760,13,30,15,16,-0.1732498446732979,14
2761,41,53,88,26,-0.17567237068802258,27
2762,55,37,96,18,-0.17732770674364082,19
2763,8,33,71,16,-0.17759312635004632,17
2764,65,15,44,9,-0.1835122660064091,6
2765,70,12,35,5,-0.18631436457958692,7
2766,85,10,17,5,-0.19249328996870857,5
2767,54,66,8,31,-0.19860570059943058,35
2768,71,16,46,9,-0.19894184736909182,7
2769,86,98,107,50,-0.200405557578913,48
2770,107,14,44,7,-0.20330478165271787,7
2771,54,26,84,14,-0.2039425848987681,12
2772,66,11,28,6,-0.20565986445168055,5
2773,87,40,11,18,-0.22473431916089676,22
2774,111,26,16,14,-0.23242554789596853,12
2775,43,12,37,7,-0.23624251310573818,5
2776,108,10,30,5,-0.24117256366227763,5
2777,88,20,83,9,-0.24121558114701463,11
2778,31,32,86,17,-0.24444323577164873,15
2779,60,15,38,8,-0.24623826312843025,7
2780,47,25,40,11,-0.24655985846699366,14
2781,9,11,30,5,-0.25964021517278013,6
2782,76,22,37,10,-0.26060953944428406,12
2783,35,10,31,5,-0.2664857773065439,5
2784,38,11,36,7,-0.26679215079866964,4
2785,5,18,53,10,-0.277821332967146,8
2786,9,46,68,24,-0.28117544016914503,22
2787,25,12,67,6,-0.2816428039469064,6
2788,83,21,97,12,-0.28466458417263885,9
2789,114,25,17,11,-0.2849636289265948,14
2790,27,42,13,20,-0.29051195238615496,22
2791,96,15,73,8,-0.29259461070533327,7
2792,107,28,17,14,-0.2941106702859755,14
2793,48,15,88,9,-0.29556123357785347,6
2794,112,18,50,10,-0.31747188429243345,8
2795,28,25,83,11,-0.3193130867023753,14
2796,114,14,49,8,-0.32751436291229385,6
2797,60,20,15,11,-0.33110426309256197,9
2798,106,20,83,9,-0.3316445649094112,11
2799,84,13,114,7,-0.33218039248832254,6
2800,57,16,15,8,-0.3339619985376472,8
2801,107,45,68,22,-0.3439870818796496,23
2802,114,67,107,33,-0.36367532530959656,34
2803,41,18,46,10,-0.36430211798637085,8
2804,1,12,17,6,-0.36445232514644194,6
2805,13,18,92,11,-0.3652174588156323,7
2806,63,30,25,14,-0.3669879376751877,16
2807,28,26,95,14,-0.36814720179538646,12
2808,75,21,40,11,-0.3686371386700461,10
2809,28,76,16,39,-0.370453416397842,37
2810,75,26,114,13,-0.37191266630088854,13
2811,108,16,40,9,-0.3738458975156912,7
2812,114,39,16,21,-0.3744778890921726,18
2813,84,18,14,10,-0.37783903496494253,8
2814,50,35,8,19,-0.3829382566779763,16
2815,87,51,51,26,-0.38566064440595466,25
2816,44,13,8,7,-0.3904420875789997,6
2817,55,15,3,8,-0.391150520614408,7
2818,41,16,55,8,-0.39291373598895946,8
2819,78,13,88,7,-0.3934639813104835,6
2820,60,75,7,38,-0.39378844407947877,37
2821,11,40,46,21,-0.40014503193618634,19
2822,81,10,15,5,-0.40598881161956585,5
2823,40,11,57,6,-0.4089272177130761,5
2824,39,40,54,21,-0.4138635246063635,19
2825,38,14,5,7,-0.4168378546295618,7
2826,17,36,37,20,-0.42335569980871945,16
2827,99,11,33,5,-0.4248665122614248,6
2828,31,43,40,21,-0.4296271974626791,22
2829,18,13,12,7,-0.4352920108827394,6
2830,86,23,35,13,-0.43548438094245046,10
2831,11,15,90,8,-0.4409004522210813,7
2832,65,83,86,40,-0.44110765589087725,43
2833,9,11,80,4,-0.4439834453330448,7
2834,49,41,88,21,-0.45299902193686364,20
2835,111,16,87,8,-0.45897322341286373,8
2836,39,15,48,7,-0.46669291475536123,8
2837,44,12,100,6,-0.46717504061918014,6
2838,34,13,106,6,-0.46836627044495166,7
2839,64,18,45,9,-0.47078973461046025,9
2840,65,53,31,26,-0.47237439181628094,27
2841,69,13,37,7,-0.47410415365645314,6
2842,39,51,25,25,-0.4759465051184236,26
2843,74,28,95,15,-0.4784255086028221,13
2844,18,10,17,4,-0.48073930036729234,6
2845,104,14,57,9,-0.4845128262229359,5
2846,63,39,5,17,-0.4918719035327135,22
2847,57,22,86,12,-0.4932776283243072,10
2848,87,59,5,30,-0.49916697205470045,29
2849,39,19,70,9,-0.49953189293951067,10
2850,91,13,90,7,-0.5003235284827329,6
2851,9,10,23,5,-0.5053397207394532,5
2852,71,22,51,11,-0.5066228412969127,11
2853,9,18,4,9,-0.5118055197130339,9
2854,38,11,114,5,-0.5127819422302561,6
2855,90,11,41,5,-0.513841479320257,6
2856,28,68,106,35,-0.5161436710076651,33
2857,25,17,43,7,-0.5197036131496168,10
2858,28,19,73,9,-0.5214155246375576,10
2859,57,16,46,8,-0.5297057406629241,8
2860,53,19,63,10,-0.5367176376371671,9
2861,33,19,28,11,-0.5377400393884936,8
2862,7,43,63,25,-0.5381341307781913,18
2863,1,10,106,5,-0.5396528610114302,5
2864,13,55,104,28,-0.5474902747445204,27
2865,7,17,92,10,-0.5480230211986107,7
2866,54,49,5,26,-0.5526115688513301,23
2867,4,10,3,5,-0.5556184418282125,5
2868,2,10,83,5,-0.559439726515081,5
2869,2,31,97,16,-0.5614740846174444,15
2870,107,36,90,19,-0.5646498466658356,17
2871,60,17,28,10,-0.5655437404205489,7
2872,53,12,23,6,-0.5700661218932138,6
2873,87,45,96,22,-0.57756550208769,23
2874,86,55,50,26,-0.5948795299571146,29
2875,34,15,63,8,-0.6010869874219955,7
2876,54,60,16,32,-0.6012047197573586,28
2877,70,16,91,9,-0.6063303701253777,7
2878,23,24,51,12,-0.6158723359304604,12
2879,13,13,34,6,-0.6173280890452298,7
2880,29,12,39,6,-0.6210417076734448,6
2881,96,30,76,16,-0.6223340675935105,14
2882,40,13,109,6,-0.6223424064374109,7
2883,55,58,51,29,-0.622889975737348,29
2884,106,45,76,25,-0.6229200096733949,20
2885,28,46,37,24,-0.6233491488996554,22
2886,71,33,36,16,-0.6241330409639598,17
2887,11,10,27,6,-0.6266769775986694,4
2888,97,11,11,5,-0.626987447450576,6
2889,64,28,4,15,-0.6316212138641698,13
2890,86,54,114,27,-0.6322094644097658,27
2891,36,17,111,9,-0.6365354853619557,8
2892,41,25,25,11,-0.6394054706376676,14
2893,37,16,62,10,-0.6397394147846429,6
2894,50,16,98,8,-0.6426219058041119,8
2895,68,49,60,26,-0.6520217462577712,23
2896,41,38,39,18,-0.6524626848349437,20
2897,98,26,16,13,-0.6567917996699305,13
2898,39,70,7,35,-0.6570822531098801,35
2899,108,15,64,7,-0.6582287703496964,8
2900,50,38,63,20,-0.6599709375930077,18
2901,87,43,63,23,-0.6645353122982502,20
2902,50,27,17,13,-0.6674798453134673,14
2903,114,40,37,22,-0.6680388190804033,18
2904,25,19,18,9,-0.6816652439852758,10
2905,84,19,65,9,-0.6928222806516031,10
2906,99,11,27,5,-0.6941577039356038,6
2907,64,18,38,9,-0.6972961224720612,9
2908,69,13,71,7,-0.6992249594892732,6
2909,8,25,76,12,-0.7077738529790857,13
2910,41,17,76,10,-0.7098418871900418,7
2911,79,12,107,5,-0.7098533031414676,7
2912,65,85,54,44,-0.7126472318729195,41
2913,84,15,93,8,-0.7145615095611293,7
2914,28,13,82,6,-0.7153587234866207,7
2915,41,20,57,11,-0.7163144926814985,9
2916,28,41,13,21,-0.719207716771442,20
2917,3,12,69,7,-0.7220114611067269,5
2918,25,23,15,13,-0.7267013492378236,10
2919,5,41,95,20,-0.7316066534315533,21
2920,86,77,40,41,-0.7352757671814375,36
2921,3,10,43,5,-0.74210302023913,5
2922,74,13,36,8,-0.743717573303844,5
2923,71,20,3,10,-0.7446115406314829,10
2924,20,12,57,6,-0.7460080296252337,6
2925,48,27,28,14,-0.7484805696104441,13
2926,47,17,65,9,-0.7638862523670515,8
2927,64,27,75,14,-0.7678085379778318,13
2928,8,80,107,44,-0.7700051528352247,36
2929,104,15,33,7,-0.7704375614853106,8
2930,93,20,97,10,-0.7717644600090567,10
2931,15,24,16,13,-0.777276505650555,11
2932,114,45,104,24,-0.7777920700848373,21
2933,13,10,32,5,-0.7835363847604213,5
2934,65,19,18,9,-0.7868157298210114,10
2935,39,28,11,14,-0.7894372385849192,14
2936,78,11,28,5,-0.7898078034632366,6
2937,40,36,16,19,-0.7902451728478608,17
2938,77,16,5,8,-0.7908065895997605,8
2939,77,19,68,10,-0.7929482450183345,9
2940,88,22,2,11,-0.7956469041111237,11
2941,86,17,12,9,-0.8013363403706052,8
2942,50,17,79,9,-0.8036407520519754,8
2943,40,14,56,7,-0.8062835825274064,7
2944,107,58,96,31,-0.8081270899904945,27
2945,76,45,106,21,-0.8113571883686943,24
2946,13,58,4,31,-0.8162535782673945,27
2947,20,27,74,13,-0.8203305748765273,14
2948,65,23,11,13,-0.8217152797009972,10
2949,62,12,55,7,-0.8240244688504365,5
2950,46,16,2,8,-0.8285194662826783,8
2951,93,19,107,9,-0.8317061972633653,10
2952,74,40,54,20,-0.8415267564978521,20
2953,63,28,71,15,-0.8479499084443569,13
2954,88,73,8,37,-0.8508025087607838,36
2955,16,17,34,9,-0.8560019455164201,8
2956,114,10,10,6,-0.8617397018011254,4
2957,71,21,55,12,-0.8636848327030733,9
2958,49,27,7,12,-0.8744069756975955,15
2959,68,47,111,23,-0.87462883933747,24
2960,65,45,74,22,-0.8800404347092061,23
2961,4,21,77,11,-0.8810684428976734,10
2962,106,10,3,5,-0.8904989515497619,5
2963,46,31,107,15,-0.8942764168819444,16
2964,107,38,71,21,-0.8981755151573054,17
2965,48,24,8,13,-0.8990865709573216,11
2966,74,17,68,10,-0.9001065237726515,7
2967,63,65,107,30,-0.9004862155219557,35
2968,79,17,84,8,-0.9012801816556617,9
2969,3,13,23,7,-0.9036934098771321,6
2970,75,35,36,16,-0.9076169876586756,19
2971,33,20,13,10,-0.9181205054603415,10
2972,50,17,69,10,-0.918845201923083,7
2973,104,33,39,17,-0.924396755600099,16
2974,86,17,33,8,-0.9246066959077452,9
2975,83,11,102,6,-0.9259324073609722,5
2976,114,13,112,6,-0.9421647262329372,7
2977,8,20,7,11,-0.9446580951337818,9
2978,5,14,14,8,-0.9561035605846475,6
2979,75,49,65,26,-0.967149368231196,23
2980,87,16,14,9,-0.9719183858987275,7
2981,88,11,79,6,-0.973600472994728,5
2982,5,65,107,33,-0.9748363761521153,32
2983,31,33,51,19,-0.9782499075201476,14
2984,100,14,64,8,-0.9873146869937529,6
2985,60,11,94,6,-0.9887651931076518,5
2986,111,17,23,7,-0.9902411232186308,10
2987,39,40,8,20,-0.9993368710228037,20
2988,7,39,114,21,-1.0047894280060643,18
2989,6,14,68,8,-1.005162162800652,6
2990,75,43,13,23,-1.0053644322647692,20
2991,88,20,93,11,-1.013881838292134,9
2992,39,53,107,28,-1.0139341154699524,25
2993,51,29,3,12,-1.0169039863425806,17
2994,33,10,70,5,-1.0222975969230645,5
2995,44,20,63,11,-1.0233184771026504,9
2996,17,21,8,10,-1.026318191087207,11
2997,9,17,112,9,-1.0274983646093443,8
2998,7,22,35,11,-1.02999883395421,11
2999,88,34,71,19,-1.0311330418182334,15
3000,39,51,87,27,-1.031297728705295,24
3001,3,14,45,7,-1.0349134798027073,7
3002,88,21,90,10,-1.0373159148886413,11
3003,68,57,51,27,-1.0572432377974599,30
3004,87,35,18,19,-1.059533339757231,16
3005,109,51,86,26,-1.0634551966465833,25
3006,109,30,104,15,-1.063865849600061,15
3007,66,12,106,7,-1.0707591278531368,5
3008,37,20,67,11,-1.0707700527635244,9
3009,1,29,107,15,-1.0725529373993175,14
3010,97,19,64,10,-1.0748997556854094,9
3011,71,13,43,6,-1.0882014078273534,7
3012,39,46,65,26,-1.0892678939812854,20
3013,74,13,40,7,-1.0901529369074696,6
3014,11,16,14,9,-1.0923565448715815,7
3015,28,36,39,18,-1.0952634452451109,18
3016,107,70,54,35,-1.0956537339891796,35
3017,106,16,27,7,-1.0992702168895803,9
3018,33,16,54,9,-1.1000953180608284,7
3019,106,39,70,19,-1.1024614638047292,20
3020,2,18,96,9,-1.1039761816908782,9
3021,40,47,63,25,-1.1085655861732648,22
3022,112,14,23,7,-1.1091414019210037,7
3023,57,17,25,9,-1.1122394350713356,8
3024,88,18,61,8,-1.1254133453483963,10
3025,114,13,33,6,-1.1286658148323805,7
3026,107,19,81,9,-1.1293503192154632,10
3027,106,26,36,13,-1.1307287364062808,13
3028,86,27,53,12,-1.132415738912135,15
3029,16,47,23,25,-1.1335884234619735,22
3030,109,15,48,8,-1.1338129007062274,7
3031,69,10,42,5,-1.1347588356207454,5
3032,49,16,63,8,-1.1351919136754067,8
3033,91,31,88,16,-1.1352768006015461,15
3034,71,73,60,38,-1.1360670304013198,35
3035,38,12,29,6,-1.1439543658674938,6
3036,65,43,8,22,-1.1481048077830944,21
3037,30,47,86,23,-1.1570405179503085,24
3038,68,38,27,21,-1.1654046230648214,17
3039,16,28,48,15,-1.1700437405112516,13
3040,28,24,76,13,-1.1713077042523665,11
3041,31,34,88,17,-1.1836541894089585,17
3042,109,25,25,13,-1.1927554377225942,12
3043,107,45,41,25,-1.1979139523122333,20
3044,84,25,37,13,-1.2002245471215662,12
3045,71,12,58,6,-1.2066349158549279,6
3046,97,33,25,17,-1.2112097532933461,16
3047,46,12,38,7,-1.2117798317776216,5
3048,74,11,98,6,-1.2137114800422124,5
3049,54,62,50,32,-1.2219864026222214,30
3050,55,50,87,26,-1.2223891795427406,24
3051,9,26,71,14,-1.2262156519313807,12
3052,13,60,86,30,-1.2286368910061527,30
3053,61,14,13,8,-1.2296565256158196,6
3054,95,16,63,8,-1.233969730193377,8
3055,31,25,71,13,-1.2380158081615502,12
3056,112,18,107,10,-1.2381580832699435,8
3057,43,12,104,7,-1.2430962980218272,5
3058,89,10,65,5,-1.2467666872041385,5
3059,97,21,53,11,-1.249007390239658,10
3060,99,26,55,14,-1.260544955494955,12
3061,14,15,107,7,-1.262180496300674,8
3062,55,42,75,24,-1.263536649450621,18
3063,65,27,50,14,-1.2644687002361992,13
3064,70,37,107,18,-1.2710045606194935,19
3065,55,82,8,40,-1.2721684605222614,42
3066,28,12,47,6,-1.2743522419217495,6
3067,51,30,50,15,-1.277023353905357,15
3068,29,13,97,7,-1.2800501845598784,6
3069,49,15,65,8,-1.283273453022916,7
3070,109,20,97,10,-1.2834069052578214,10
3071,74,22,2,12,-1.2925512141562505,10
3072,41,69,65,38,-1.2958844955738493,31
3073,13,44,5,23,-1.3023509853743016,21
3074,102,11,70,4,-1.3043211125718082,7
3075,8,16,10,9,-1.3145513780375313,7
3076,47,16,63,10,-1.3162850335917957,6
3077,88,60,46,30,-1.3171891594634109,30
3078,80,18,74,9,-1.3199661328668575,9
3079,3,13,61,6,-1.3229217896944443,7
3080,28,73,107,39,-1.325951549467158,34
3081,113,10,86,6,-1.334535451398856,4
3082,68,39,64,22,-1.3356994520331136,17
3083,37,66,8,34,-1.3357403383797612,32
3084,107,10,52,6,-1.3362132651907583,4
3085,51,44,8,23,-1.3380278840989295,21
3086,60,53,77,28,-1.3387501143482283,25
3087,7,48,71,23,-1.3388864417450879,25
3088,114,27,71,14,-1.3431780041778798,13
3089,90,17,84,9,-1.3434141546201466,8
3090,88,37,97,19,-1.3490743629309028,18
3091,60,44,53,24,-1.3503746570549038,20
3092,104,31,68,15,-1.3616459533032323,16
3093,30,26,25,12,-1.3633847180345777,14
3094,51,21,30,11,-1.3637471878402048,10
3095,40,23,30,12,-1.3656919842952278,11
3096,23,13,27,6,-1.3665703255989474,7
3097,76,11,90,5,-1.371109786983603,6
3098,48,10,75,5,-1.3711471542080287,5
3099,41,30,106,15,-1.3806292559177735,15
3100,7,31,95,17,-1.3809406634768695,14
3101,11,41,50,22,-1.3816262941644981,19
3102,114,15,15,8,-1.3858486532762986,7
3103,7,24,15,11,-1.3903384013429247,13
3104,35,17,88,9,-1.3903417931875626,8
3105,74,15,17,8,-1.3910983775391348,7
3106,16,25,44,12,-1.3924747988210244,13
3107,106,25,100,12,-1.3941621457208517,13
3108,83,15,7,9,-1.3943529604549403,6
3109,9,13,91,7,-1.3946381880594534,6
3110,95,19,20,10,-1.3957034121223266,9
3111,56,10,16,6,-1.398489957964547,4
3112,44,12,75,7,-1.3998373775330364,5
3113,95,17,70,8,-1.4011695857654913,9
3114,11,15,102,9,-1.4114820984859553,6
3115,40,30,41,15,-1.4126537270823987,15
3116,87,23,80,12,-1.4202226913102634,11
3117,45,35,36,16,-1.4232731245081227,19
3118,110,14,106,7,-1.425859572556296,7
3119,70,27,76,15,-1.4264215948460301,12
3120,57,13,68,6,-1.4301339738569718,7
3121,60,48,39,24,-1.4366067506508406,24
3122,25,28,50,14,-1.4391705454909016,14
3123,97,21,20,10,-1.4395279608818727,11
3124,63,55,106,28,-1.4485566818099482,27
3125,89,16,50,9,-1.4560158637801313,7
3126,38,16,8,8,-1.4562520429495762,8
3127,83,23,25,13,-1.459720188055496,10
3128,47,21,31,11,-1.4606130980712662,10
3129,54,11,110,6,-1.4614008940578218,5
3130,88,57,114,29,-1.4628422455411638,28
3131,65,89,63,46,-1.4663105199346156,43
3132,2,32,86,16,-1.4682447143488924,16
3133,32,17,11,8,-1.4729852723414758,9
3134,65,35,12,19,-1.4739803694014177,16
3135,63,15,73,7,-1.4760785674332912,8
3136,12,16,88,8,-1.492888142675182,8
3137,50,30,84,15,-1.5145533767727424,15
3138,55,12,46,7,-1.514859018089955,5
3139,78,11,98,6,-1.5190069892875961,5
3140,8,12,43,6,-1.5194230889621378,6
3141,37,14,35,7,-1.523131742310598,7
3142,88,34,1,17,-1.5234508852206479,17
3143,86,54,70,29,-1.5265643039354164,25
3144,46,25,97,13,-1.53794225986029,12
3145,13,61,41,31,-1.5422223527057688,30
3146,61,12,65,7,-1.5448114274450557,5
3147,74,26,11,14,-1.5483769164487973,12
3148,14,15,106,7,-1.552388543907857,8
3149,65,84,7,41,-1.5543231245397562,43
3150,83,23,104,13,-1.5563880557352991,10
3151,100,12,97,6,-1.5601199386945845,6
3152,61,17,40,9,-1.5607473214395375,8
3153,111,14,9,7,-1.5621342613374538,7
3154,86,100,106,52,-1.5692663469089445,48
3155,90,22,55,10,-1.578656952498874,12
3156,25,15,2,7,-1.5845186001024019,8
3157,13,49,9,24,-1.5852797923300743,25
3158,40,73,7,40,-1.588804971289502,33
3159,47,15,27,7,-1.591161927029764,8
3160,36,30,1,14,-1.5919918411390328,16
3161,90,10,64,5,-1.5921132093044663,5
3162,30,18,99,10,-1.5949338139614573,8
3163,43,13,70,7,-1.6071210379776915,6
3164,54,11,79,7,-1.6071533989506848,4
3165,74,59,107,32,-1.6086403256327972,27
3166,20,28,114,15,-1.6093906597632899,13
3167,11,17,7,9,-1.6096082788053911,8
3168,60,42,65,25,-1.6141246546544767,17
3169,65,17,102,8,-1.6175141023489208,9
3170,109,23,60,12,-1.629447861077916,11
3171,96,19,39,11,-1.6315253594413601,8
3172,88,44,106,25,-1.6421661548035542,19
3173,57,10,95,4,-1.6443605111684718,6
3174,72,13,13,6,-1.6496378216821217,7
3175,74,50,16,27,-1.6504828930462023,23
3176,68,23,36,12,-1.6511686348202665,11
3177,91,11,17,6,-1.6541099131819836,5
3178,51,49,37,23,-1.6543448329472816,26
3179,48,19,106,10,-1.6634533717988316,9
3180,31,28,45,15,-1.6710870406691087,13
3181,39,45,63,27,-1.672960461470019,18
3182,80,31,86,16,-1.6766961831131946,15
3183,86,40,9,22,-1.6864437776494567,18
3184,114,19,43,9,-1.6919225072028663,10
3185,31,10,28,5,-1.6925325756046283,5
3186,67,11,96,5,-1.6933647660310176,6
3187,23,15,36,6,-1.6972875274185715,9
3188,102,16,20,8,-1.6989391239814924,8
3189,63,33,41,17,-1.6996369290219266,16
3190,37,10,48,5,-1.703593750319215,5
3191,43,22,51,11,-1.7055396893146837,11
3192,7,40,54,21,-1.7088310244062668,19
3193,76,13,84,7,-1.710890300241341,6
3194,85,10,74,5,-1.7134982697618457,5
3195,90,36,107,18,-1.723381098959678,18
3196,45,18,40,10,-1.7249973927231157,8
3197,11,49,8,27,-1.7256786381417557,22
3198,50,11,83,5,-1.7272952536822093,6
3199,12,13,50,5,-1.7279667161947843,8
3200,11,14,60,7,-1.729783938603551,7
3201,75,19,70,9,-1.7314858975507368,10
3202,106,19,48,10,-1.7335189393534853,9
3203,88,37,36,21,-1.7392851936744331,16
3204,23,26,8,13,-1.7400762718841147,13
3205,18,22,104,13,-1.7410989710262754,9
3206,6,11,18,6,-1.7414584600944745,5
3207,36,33,60,17,-1.7416473627060742,16
3208,107,38,97,19,-1.7507246476170446,19
3209,68,31,4,16,-1.7510661926181545,15
3210,70,26,84,14,-1.7530345342228948,12
3211,8,15,49,9,-1.7678498041146895,6
3212,16,62,104,33,-1.7780277088526335,29
3213,84,13,102,7,-1.7793224025292758,6
3214,30,16,7,7,-1.7803956295895682,9
3215,90,25,37,13,-1.7816453937181784,12
3216,41,25,1,12,-1.7850851573908935,13
3217,90,44,86,24,-1.7893173958663402,20
3218,107,62,84,33,-1.7900018232737762,29
3219,18,56,7,28,-1.7918330409813668,28
3220,28,65,8,35,-1.8060421386611965,30
3221,25,22,36,11,-1.8071440138268584,11
3222,111,18,40,9,-1.8104998545748818,9
3223,80,21,84,12,-1.8116947476965408,9
3224,85,24,86,12,-1.8118032914106936,12
3225,64,12,80,6,-1.8118137894523876,6
3226,28,18,79,10,-1.8130893193426156,8
3227,44,20,53,12,-1.8141360189660758,8
3228,17,19,68,11,-1.8171968616213465,8
3229,109,11,71,6,-1.819641782820222,5
3230,99,13,102,7,-1.8212893413036864,6
3231,43,13,69,7,-1.8213131651346812,6
3232,114,18,69,8,-1.8229272425455245,10
3233,114,13,44,7,-1.8263733365516708,6
3234,20,13,23,7,-1.8275702683866017,6
3235,69,17,9,9,-1.8276767965349947,8
3236,13,29,74,15,-1.8278354237299068,14
3237,29,14,7,6,-1.8294106613069705,8
3238,96,38,84,19,-1.835648682700679,19
3239,63,40,68,20,-1.8432100569925869,20
3240,13,16,26,9,-1.8451876959015554,7
3241,51,59,40,31,-1.8453671538115306,28
3242,106,10,103,6,-1.8460294979122165,4
3243,98,21,28,13,-1.8460912305825197,8
3244,76,22,46,12,-1.8507100299988153,10
3245,86,11,6,6,-1.8539951054916275,5
3246,51,19,98,10,-1.8552094547524458,9
3247,106,61,87,31,-1.8566326197242504,30
3248,87,13,6,7,-1.8611049796290908,6
3249,9,38,75,21,-1.8631746984569548,17
3250,54,28,64,14,-1.8650724062797466,14
3251,5,95,37,49,-1.865428870342572,46
3252,54,49,87,27,-1.875214789525944,22
3253,83,16,60,9,-1.8774619090517453,7
3254,79,14,8,6,-1.8787453444383126,8
3255,46,22,68,11,-1.8807270075774944,11
3256,8,41,2,21,-1.8848654476169693,20
3257,41,76,7,39,-1.885480468158321,37
3258,64,23,25,12,-1.8857238852847689,11
3259,49,47,39,26,-1.889609365471135,21
3260,106,35,20,19,-1.890590591428699,16
3261,16,51,11,30,-1.8931355077036744,21
3262,17,26,106,15,-1.8975243648116566,11
3263,88,13,14,7,-1.902096229341472,6
3264,114,37,63,22,-1.909917642987871,15
3265,87,16,43,8,-1.911299605590382,8
3266,106,32,97,16,-1.9159665785715099,16
3267,76,11,99,5,-1.9173589523208336,6
3268,41,21,70,10,-1.9198471114809519,11
3269,28,25,80,13,-1.9225523112040797,12
3270,18,21,114,11,-1.923577249757447,10
3271,40,19,70,11,-1.9276789997691202,8
3272,31,22,18,11,-1.9306740719340922,11
3273,97,14,23,7,-1.9330528734436563,7
3274,104,13,110,8,-1.9388474450810558,5
3275,31,14,23,8,-1.9392936999416424,6
3276,55,20,25,11,-1.9429576796619947,9
3277,64,34,36,17,-1.9485056781764598,17
3278,71,12,78,6,-1.9545808326383198,6
3279,35,11,50,6,-1.9581460146246743,5
3280,87,15,78,7,-1.9606966739631162,8
3281,55,62,86,33,-1.9647331960922172,29
3282,97,16,75,9,-1.9718298395799774,7
3283,37,33,88,18,-1.979989875378531,15
3284,7,13,72,7,-1.9828862428029774,6
3285,25,38,28,22,-1.983389891159918,16
3286,13,13,48,7,-1.984822076945226,6
3287,4,19,53,10,-1.987694792892672,9
3288,58,11,50,6,-1.9915314759076352,5
3289,112,15,104,8,-1.9939359727925703,7
3290,7,24,69,12,-1.9945381002011557,12
3291,17,14,64,7,-1.997717670710988,7
3292,68,57,65,31,-2.0015768761708967,26
3293,51,20,12,11,-2.0030592525833657,9
3294,40,44,9,24,-2.013131078746107,20
3295,58,10,4,6,-2.016897461480046,4
3296,90,36,8,20,-2.01946478207178,16
3297,87,30,75,16,-2.024772500508876,14
3298,73,12,55,6,-2.024829564390717,6
3299,80,10,38,6,-2.0310395723254184,4
3300,114,14,91,7,-2.031242634143396,7
3301,20,42,8,22,-2.032934980330156,20
3302,63,12,58,5,-2.0345686518653676,7
3303,88,14,89,7,-2.035463499061412,7
3304,60,24,90,14,-2.039727571926182,10
3305,54,17,23,9,-2.040126358853802,8
3306,65,20,112,10,-2.0438794041185178,10
3307,80,31,65,16,-2.05091984654234,15
3308,9,17,84,9,-2.0546690063899433,8
3309,31,25,3,12,-2.062807661672897,13
3310,45,22,13,12,-2.063714442075688,10
3311,49,16,68,8,-2.063780554877947,8
3312,114,23,50,13,-2.0649465321872778,10
3313,28,36,46,21,-2.0672815532521795,15
3314,63,10,82,5,-2.0779758612966877,5
3315,5,50,109,25,-2.081151775830807,25
3316,114,13,98,7,-2.0825036861166173,6
3317,69,23,41,14,-2.0831103194133975,9
3318,36,73,7,39,-2.0934963107077063,34
3319,8,22,97,11,-2.094799206270941,11
3320,29,15,16,7,-2.096096770007441,8
3321,55,34,83,17,-2.0962093979720193,17
3322,84,22,109,12,-2.0978150302320913,10
3323,5,62,28,32,-2.10037433995057,30
3324,60,24,99,13,-2.100940382067204,11
3325,35,23,20,13,-2.1036160096888272,10
3326,100,23,8,13,-2.1093275750438307,10
3327,70,21,97,12,-2.110003760847125,9
3328,88,18,81,9,-2.113043846902455,9
3329,33,12,74,6,-2.113811361821,6
3330,30,13,48,6,-2.114145406665778,7
3331,40,15,11,8,-2.115832802221002,7
3332,64,20,1,10,-2.116432620959366,10
3333,70,11,53,6,-2.117480208536356,5
3334,91,30,28,16,-2.128036121988931,14
3335,16,14,72,7,-2.1283970579297686,7
3336,57,18,28,10,-2.1287632199740103,8
3337,68,17,15,10,-2.135080722439133,7
3338,28,49,11,25,-2.1398999630410587,24
3339,17,21,49,13,-2.1421419201328797,8
3340,46,27,87,13,-2.150785198948074,14
3341,7,17,80,10,-2.151623343669696,7
3342,48,16,20,9,-2.152557944212157,7
3343,9,16,49,8,-2.159298612128284,8
3344,51,65,88,32,-2.162417188252714,33
3345,84,12,17,6,-2.1646737051112903,6
3346,74,14,88,9,-2.16536396125082,5
3347,13,22,11,11,-2.165914141538766,11
3348,39,11,33,6,-2.1701558874520313,5
3349,70,26,63,14,-2.1813121472430432,12
3350,39,35,9,17,-2.184777883334331,18
3351,74,64,8,36,-2.1866220406514896,28
3352,84,31,51,17,-2.1892581830667406,14
3353,16,57,60,30,-2.197502548183126,27
3354,13,51,49,26,-2.2090696411697515,25
3355,55,19,57,9,-2.210406003923328,10
3356,40,12,112,6,-2.2105918484505547,6
3357,96,50,5,28,-2.21142719225076,22
3358,51,38,28,19,-2.2134732604167904,19
3359,8,11,112,5,-2.214468435350456,6
3360,69,11,104,7,-2.21747944835034,4
3361,99,13,98,6,-2.22125816779338,7
3362,114,11,11,5,-2.2223336020983733,6
3363,51,22,1,11,-2.223305174454598,11
3364,33,11,88,5,-2.224220943421554,6
3365,100,16,28,9,-2.2255414738387724,7
3366,25,16,90,9,-2.226157693683706,7
3367,74,27,20,15,-2.230377352624161,12
3368,70,25,68,13,-2.2334926025833965,12
3369,3,14,81,8,-2.2358028798300933,6
3370,104,35,87,17,-2.2393020839894078,18
3371,4,38,88,20,-2.24592170041755,18
3372,28,43,87,22,-2.2459488534631893,21
3373,7,25,20,13,-2.251051671042148,12
3374,54,14,41,7,-2.2511014360561394,7
3375,25,30,95,16,-2.25397314365567,14
3376,60,50,51,29,-2.2562800486782213,21
3377,46,24,60,13,-2.263806664184089,11
3378,96,66,28,35,-2.2674069446039327,31
3379,31,10,61,5,-2.2696136748473594,5
3380,71,16,80,8,-2.2753923838048147,8
3381,74,46,37,24,-2.2838690954080456,22
3382,31,21,50,11,-2.283882121200707,10
3383,20,74,86,40,-2.2842187379256287,34
3384,4,13,106,6,-2.287883468044352,7
3385,78,19,68,10,-2.2881985924711277,9
3386,114,10,94,6,-2.2912532605689226,4
3387,45,18,114,10,-2.292094813707231,8
3388,5,24,100,13,-2.2932427434044693,11
3389,96,36,106,20,-2.2984565902488896,16
3390,109,16,68,10,-2.29851232062389,6
3391,58,22,9,12,-2.2991812833114658,10
3392,109,13,23,7,-2.3017906431791286,6
3393,69,18,107,10,-2.304614755370786,8
3394,3,23,9,12,-2.3162904113567793,11
3395,60,51,107,28,-2.317765974017101,23
3396,107,28,34,16,-2.3192939541017417,12
3397,69,24,65,13,-2.3193082814773103,11
3398,86,87,63,50,-2.3201836482496514,37
3399,102,21,104,10,-2.320627297470276,11
3400,64,23,50,12,-2.3285304422785043,11
3401,53,28,25,14,-2.3301510854690832,14
3402,93,12,20,6,-2.3328644598895543,6
3403,4,17,104,10,-2.3357072159096566,7
3404,51,20,49,11,-2.337593611464387,9
3405,12,15,13,6,-2.3425974502134452,9
3406,31,36,4,21,-2.3535355966794675,15
3407,109,14,96,8,-2.3566759619593642,6
3408,5,23,99,12,-2.3616219022642833,11
3409,106,37,104,19,-2.3634716745562443,18
3410,70,19,7,12,-2.364945757295021,7
3411,96,55,8,30,-2.3714393570924233,25
3412,96,10,69,6,-2.371580754307745,4
3413,51,46,54,24,-2.375734614007647,22
3414,71,39,65,22,-2.377152640572694,17
3415,84,28,55,15,-2.3790863004124483,13
3416,106,31,71,17,-2.3812089448162745,14
3417,49,18,54,9,-2.3820443029674467,9
3418,65,86,13,47,-2.3833738604192134,39
3419,56,13,75,8,-2.3840139649043506,5
3420,104,25,96,14,-2.3866419839158355,11
3421,71,21,4,13,-2.3871750117365993,8
3422,95,40,104,22,-2.389034218387607,18
3423,8,12,111,6,-2.390343846489093,6
3424,87,22,83,11,-2.3903571419434884,11
3425,7,10,85,6,-2.3932559335609835,4
3426,8,10,56,6,-2.4000860547179794,4
3427,38,21,68,12,-2.407021082950757,9
3428,77,19,86,11,-2.4096878419842764,8
3429,93,33,8,17,-2.4111455321691304,16
3430,92,11,65,6,-2.411285975254871,5
3431,25,46,107,24,-2.4187485647838773,22
3432,99,11,109,6,-2.419517402501058,5
3433,55,66,13,35,-2.419975034997169,31
3434,75,20,91,7,-2.4323694332612673,13
3435,99,21,87,12,-2.432411032680885,9
3436,106,39,55,22,-2.4381392466666045,17
3437,51,37,9,19,-2.442051118378038,18
3438,50,10,32,4,-2.4440541907162716,6
3439,53,46,39,25,-2.4451604588200344,21
3440,3,34,86,19,-2.4559568544856014,15
3441,85,18,107,10,-2.4579163644894484,8
3442,27,10,54,5,-2.463869496934477,5
3443,69,17,74,8,-2.466497282082454,9
3444,74,40,87,22,-2.4671563114027464,18
3445,81,17,4,10,-2.467812477706327,7
3446,5,50,46,28,-2.4690859933319382,22
3447,51,28,36,15,-2.4708671287104753,13
3448,9,61,7,31,-2.4756046461152823,30
3449,39,30,95,16,-2.481130681096556,14
3450,111,11,18,6,-2.489910872635885,5
3451,31,20,87,10,-2.492676559594957,10
3452,3,20,65,11,-2.4971368500383213,9
3453,109,18,37,10,-2.5010134043415313,8
3454,86,81,74,42,-2.502577054921237,39
3455,13,30,63,16,-2.513355364840316,14
3456,39,18,62,9,-2.5162035004252656,9
3457,36,15,12,8,-2.5163199425137495,7
3458,50,32,39,17,-2.524569549657206,15
3459,68,13,11,7,-2.5250619833588037,6
3460,4,18,39,10,-2.5267698999647226,8
3461,60,11,111,7,-2.535604443502029,4
3462,11,35,63,21,-2.539597707853179,14
3463,88,38,64,21,-2.541399167445805,17
3464,86,34,91,18,-2.5421304216054597,16
3465,107,65,51,38,-2.542310945433964,27
3466,16,13,52,7,-2.542332195506543,6
3467,20,26,13,15,-2.5463784696778813,11
3468,1,19,73,11,-2.5534291003907295,8
3469,88,52,55,30,-2.55406284196069,22
3470,63,10,83,4,-2.557624644664858,6
3471,87,13,92,7,-2.5651869545632544,6
3472,107,28,91,16,-2.5653431282322647,12
3473,91,11,47,6,-2.565831417578021,5
3474,88,55,87,27,-2.583232804809496,28
3475,7,50,104,27,-2.5854072339864174,23
3476,62,21,87,11,-2.586304566496697,10
3477,54,32,80,16,-2.5928190955886397,16
3478,31,23,39,13,-2.5934090452929364,10
3479,27,19,40,8,-2.5947052105553348,11
3480,91,23,36,13,-2.600483205457647,10
3481,16,29,109,15,-2.610188033474426,14
3482,2,13,76,8,-2.6134640032331116,5
3483,17,25,7,14,-2.6142771621918577,11
3484,41,12,11,8,-2.6159479780993316,4
3485,16,44,41,22,-2.6236346308099376,22
3486,39,33,71,18,-2.629192013747391,15
3487,114,28,54,14,-2.6355280322257006,14
3488,18,31,86,18,-2.6381646032412545,13
3489,95,14,33,8,-2.6415453896084555,6
3490,62,28,86,15,-2.642237041880456,13
3491,5,60,16,35,-2.643518445682432,25
3492,17,34,16,20,-2.643842309212827,14
3493,88,56,60,31,-2.6455443711538065,25
3494,71,23,62,12,-2.646301685866917,11
3495,86,43,23,23,-2.6484576158238538,20
3496,51,41,17,21,-2.6491740394334196,20
3497,51,22,47,11,-2.649428689191073,11
3498,60,27,43,15,-2.6503600241512997,12
3499,8,24,30,13,-2.6514132136935475,11
3500,65,48,53,25,-2.6519126498591334,23
3501,88,29,92,16,-2.65412565592523,13
3502,51,38,53,20,-2.6567672529233457,18
3503,91,13,74,7,-2.658254293210725,6
3504,76,10,47,3,-2.6595736051653853,7
3505,109,31,51,19,-2.6658568783873675,12
3506,74,25,114,13,-2.666972342657448,12
3507,68,11,94,7,-2.6704707014810847,4
3508,75,18,95,10,-2.672802736686619,8
3509,44,17,25,9,-2.673535476281759,8
3510,17,17,90,8,-2.680753861205159,9
3511,87,20,2,11,-2.6997368834124122,9
3512,65,53,28,29,-2.7033251524777984,24
3513,65,27,43,13,-2.7044668198991113,14
3514,37,57,107,31,-2.7122377942768767,26
3515,33,21,16,13,-2.716908579534641,8
3516,80,11,95,6,-2.7197438471090796,5
3517,70,31,104,17,-2.7208109249750048,14
3518,20,40,87,21,-2.7281534933615226,19
3519,34,12,75,6,-2.7327928404854562,6
3520,107,26,98,14,-2.733780753313525,12
3521,106,50,65,27,-2.735321183024918,23
3522,4,29,107,15,-2.7385286505263813,14
3523,104,22,97,11,-2.7396377781056187,11
3524,107,19,29,12,-2.739796334219244,7
3525,64,42,53,23,-2.7590266802927172,19
3526,28,92,86,51,-2.7696595786946707,41
3527,10,11,5,5,-2.7716738654503192,6
3528,13,15,96,8,-2.773454366126088,7
3529,38,14,9,7,-2.77647152671147,7
3530,97,15,9,7,-2.7891659901703596,8
3531,108,19,86,9,-2.7920033870005003,10
3532,36,13,100,7,-2.7923934619121096,6
3533,1,26,7,14,-2.793205495238504,12
3534,114,25,4,13,-2.7973762559419417,12
3535,86,40,71,21,-2.8018541855071084,19
3536,112,14,106,7,-2.805082024542768,7
3537,41,15,99,8,-2.808167291861728,7
3538,106,33,68,18,-2.8127952198562447,15
3539,48,17,65,10,-2.813018636762518,7
3540,15,17,99,10,-2.8189668514207975,7
3541,47,13,64,8,-2.821240379057225,5
3542,71,13,18,7,-2.821320109059578,6
3543,38,21,16,13,-2.8217292489636367,8
3544,74,33,104,19,-2.832959821636547,14
3545,65,18,77,9,-2.836180648453273,9
3546,68,20,30,10,-2.8393809182025875,10
3547,60,12,89,6,-2.8396731138810423,6
3548,23,19,95,10,-2.8404436396815522,9
3549,9,32,36,18,-2.8429818871077073,14
3550,50,14,3,7,-2.8431293488179503,7
3551,65,84,16,46,-2.8433317593388634,38
3552,104,13,23,8,-2.8445076862849517,5
3553,33,13,97,7,-2.8486496222061595,6
3554,18,20,74,10,-2.8496142222224696,10
3555,99,18,51,9,-2.8534777973740635,9
3556,86,46,60,25,-2.874362352933627,21
3557,60,23,63,13,-2.8746236800640066,10
3558,87,17,94,9,-2.8778163111812205,8
3559,3,25,107,12,-2.881694515768815,13
3560,87,17,69,9,-2.8862410771595495,8
3561,46,52,86,31,-2.8866374058616593,21
3562,7,31,43,18,-2.8869337290340296,13
3563,74,24,75,14,-2.8903655619324415,10
3564,3,13,12,8,-2.891613615182729,5
3565,70,10,44,5,-2.8975248911261424,5
3566,23,44,107,23,-2.897916501217797,21
3567,108,13,71,7,-2.8992906212622866,6
3568,74,13,12,7,-2.901854459581128,6
3569,37,19,91,10,-2.9050960547005253,9
3570,68,104,7,57,-2.909482743764719,47
3571,108,12,25,7,-2.9132670669268257,5
3572,106,19,102,9,-2.9207255392565092,10
3573,65,15,99,8,-2.925348959200731,7
3574,97,11,49,7,-2.931895914374789,4
3575,87,20,36,12,-2.9355732508976633,8
3576,76,17,30,10,-2.9372015853586078,7
3577,54,73,86,39,-2.9383462119412935,34
3578,8,78,86,40,-2.9505503650201597,38
3579,8,16,80,8,-2.9519293865537106,8
3580,16,36,20,22,-2.956231526565309,14
3581,86,89,7,51,-2.9562630867796145,38
3582,7,111,13,60,-2.96388922328217,51
3583,36,10,29,6,-2.966716228036959,4
3584,53,11,47,6,-2.967218161853792,5
3585,37,21,2,11,-2.96975801126945,10
3586,51,33,18,17,-2.9698165149321114,16
3587,4,32,36,19,-2.9739066740354194,13
3588,60,35,87,18,-2.9762532182298993,17
3589,84,12,10,7,-2.980259678929739,5
3590,53,27,95,17,-2.981134349868032,10
3591,30,10,74,5,-2.9862406732405895,5
3592,37,37,65,19,-2.9918797859979525,18
3593,18,10,27,5,-2.996654278290003,5
3594,41,28,64,17,-2.998546228465672,11
3595,69,11,4,6,-2.9994841766617175,5
3596,58,21,31,11,-2.999935565790512,10
3597,34,14,96,8,-3.001763014782562,6
3598,38,19,88,12,-3.0023329742590943,7
3599,13,21,38,10,-3.0037263796971096,11
3600,30,16,50,9,-3.004950949655304,7
3601,30,16,49,9,-3.0053727253606337,7
3602,18,17,4,10,-3.0054619874164517,7
3603,41,21,27,11,-3.011810052781142,10
3604,51,17,57,9,-3.0275220567423533,8
3605,55,10,78,5,-3.0279933852134207,5
3606,84,13,35,7,-3.0304994399162246,6
3607,47,16,41,9,-3.031406429138557,7
3608,20,35,88,18,-3.036073338025422,17
3609,65,39,25,23,-3.0368934823131157,16
3610,13,81,16,45,-3.0415058148657974,36
3611,96,13,38,7,-3.0422152322461713,6
3612,55,14,48,8,-3.0636269177668387,6
3613,25,18,71,10,-3.0644100067848146,8
3614,114,40,60,18,-3.0670908685799043,22
3615,25,30,75,17,-3.069551733540898,13
3616,41,11,74,5,-3.0735662157516845,6
3617,37,22,98,12,-3.078006071981289,10
3618,87,14,45,8,-3.086220297325659,6
3619,16,20,6,10,-3.0894843149716715,10
3620,91,10,64,6,-3.0993479020870796,4
3621,68,14,99,8,-3.100103615084465,6
3622,60,15,92,9,-3.101629065738581,6
3623,106,25,109,13,-3.1028448270841773,12
3624,53,26,106,13,-3.1050273222192404,13
3625,13,79,68,44,-3.1061497586581055,35
3626,4,24,50,12,-3.1105592371369597,12
3627,17,25,25,14,-3.1106502600539105,11
3628,55,29,53,16,-3.1154264109145684,13
3629,80,11,36,6,-3.1158574211756616,5
3630,91,27,5,16,-3.121858390948631,11
3631,28,52,88,30,-3.1252466726738275,22
3632,32,20,86,11,-3.136567451220027,9
3633,86,101,16,56,-3.1481366866325775,45
3634,23,23,75,11,-3.148733601092015,12
3635,112,15,13,8,-3.153591174260179,7
3636,63,21,46,10,-3.156280457471709,11
3637,84,31,87,17,-3.1565105897665355,14
3638,82,21,86,12,-3.1586560919846263,9
3639,87,32,23,19,-3.1607512154600745,13
3640,62,17,13,9,-3.161295276739798,8
3641,74,14,90,9,-3.168061351028922,5
3642,86,16,110,9,-3.1694821197260485,7
3643,60,25,106,15,-3.171261503808182,10
3644,68,56,88,31,-3.1716887522574075,25
3645,69,11,47,6,-3.1775295332798312,5
3646,65,25,83,13,-3.1850517665827933,12
3647,50,54,37,28,-3.1883352760136074,26
3648,81,14,68,8,-3.1985312995714845,6
3649,5,49,55,27,-3.198953177181802,22
3650,39,41,36,23,-3.1998605067578225,18
3651,76,12,44,7,-3.2019945343572456,5
3652,31,47,60,23,-3.2094707274879264,24
3653,97,19,50,11,-3.210625734622642,8
3654,23,19,64,10,-3.2123729115980186,9
3655,28,39,55,23,-3.2184704312839756,16
3656,63,29,97,16,-3.219195053710692,13
3657,7,55,23,30,-3.222928305376168,25
3658,16,21,4,10,-3.223993814900797,11
3659,97,10,56,5,-3.2314262120369195,5
3660,36,49,107,26,-3.234838704648262,23
3661,20,25,11,15,-3.245274337075932,10
3662,107,15,94,10,-3.2534973524779978,5
3663,25,47,114,27,-3.2540864225169766,20
3664,95,14,84,8,-3.2568961944145873,6
3665,74,24,7,15,-3.257493143792889,9
3666,95,14,76,8,-3.257651508839797,6
3667,13,25,109,14,-3.261500174975238,11
3668,76,23,98,13,-3.2651133620022033,10
3669,57,14,84,7,-3.2683328106809832,7
3670,93,14,70,8,-3.2714518634318708,6
3671,91,11,102,6,-3.2738070744638943,5
3672,67,13,114,7,-3.274670651234843,6
3673,45,18,16,11,-3.276855643218356,7
3674,18,14,81,8,-3.285175513857383,6
3675,50,17,41,10,-3.294641138718325,7
3676,5,60,104,32,-3.3007473735225057,28
3677,66,11,86,6,-3.309294151623436,5
3678,75,31,60,17,-3.313915862803686,14
3679,84,16,97,10,-3.316428205809935,6
3680,57,10,64,6,-3.321529793039179,4
3681,81,13,9,7,-3.3217764660677,6
3682,8,29,60,15,-3.32366617515942,14
3683,39,30,64,17,-3.3245242307335383,13
3684,76,13,71,6,-3.3359186512389036,7
3685,5,13,68,7,-3.3380294056441127,6
3686,98,20,54,11,-3.3414082574983,9
3687,33,13,75,8,-3.342736023465549,5
3688,2,21,20,12,-3.343168498501611,9
3689,70,47,16,27,-3.3445553948476245,20
3690,91,15,40,8,-3.345577169162442,7
3691,20,10,83,5,-3.347889825164404,5
3692,107,15,14,9,-3.3479962116917545,6
3693,47,18,87,10,-3.3511866209997354,8
3694,16,34,97,18,-3.3525321991063106,16
3695,3,12,54,6,-3.3552278990212483,6
3696,112,15,88,9,-3.357440926186597,6
3697,27,48,7,26,-3.3617414996167194,22
3698,71,22,28,13,-3.3619344486700453,9
3699,8,23,14,13,-3.3634201583462153,10
3700,97,25,54,13,-3.364815342765676,12
3701,20,17,40,10,-3.3649339637959637,7
3702,55,56,107,30,-3.369618935589803,26
3703,98,15,73,8,-3.3800553651819163,7
3704,55,28,36,15,-3.383336577257353,13
3705,55,48,39,27,-3.3894226122709816,21
3706,104,10,73,6,-3.391491099464731,4
3707,40,28,43,15,-3.392922253607483,13
3708,28,13,4,7,-3.3940824912486858,6
3709,53,54,18,29,-3.397966382939779,25
3710,98,26,104,12,-3.4091853213510745,14
3711,37,12,4,7,-3.4218717037755084,5
3712,12,13,74,7,-3.4342312359972222,6
3713,25,31,102,17,-3.4382241991917164,14
3714,114,10,93,6,-3.4434774013838236,4
3715,23,21,37,11,-3.4530437057487418,10
3716,68,26,23,13,-3.454047877840213,13
3717,5,23,33,12,-3.454327509177194,11
3718,51,49,106,27,-3.457607975311812,22
3719,37,46,20,25,-3.457621476755263,21
3720,84,12,13,7,-3.4627368734629633,5
3721,1,32,13,19,-3.462932922524283,13
3722,106,19,30,10,-3.463995690702536,9
3723,54,26,9,14,-3.4668855776458423,12
3724,5,60,74,32,-3.4699961467083447,28
3725,107,36,18,22,-3.471248126396832,14
3726,16,14,73,7,-3.4738693799097957,7
3727,81,10,23,6,-3.4745303728026347,4
3728,54,57,96,29,-3.47661338595835,28
3729,28,69,50,39,-3.477008608564353,30
3730,18,16,55,8,-3.481046717374471,8
3731,70,20,25,11,-3.484518115943737,9
3732,36,13,62,7,-3.489528327052378,6
3733,65,15,109,10,-3.4929763691198903,5
3734,39,26,17,15,-3.492996402510658,11
3735,114,36,97,20,-3.494809729950691,16
3736,9,26,50,15,-3.4989626487903873,11
3737,68,14,85,9,-3.5027894631624408,5
3738,107,19,93,11,-3.5035103312902427,8
3739,84,81,86,41,-3.5049372045135923,40
3740,23,16,74,9,-3.5053157619270587,7
3741,33,10,49,6,-3.5057518320537775,4
3742,84,15,91,8,-3.5069437670955055,7
3743,104,38,8,21,-3.5073414065674897,17
3744,106,50,107,27,-3.5165007722129795,23
3745,62,34,16,20,-3.5174461635881284,14
3746,17,22,97,12,-3.5176024597849698,10
3747,17,11,112,6,-3.5191492672023625,5
3748,76,17,20,8,-3.5278207011714757,9
3749,7,15,44,8,-3.535266020755452,7
3750,36,65,40,37,-3.5400829247343655,28
3751,49,31,16,17,-3.554282234706272,14
3752,57,13,23,7,-3.554408044637194,6
3753,33,11,64,7,-3.558110801858625,4
3754,8,71,16,40,-3.5597923636148607,31
3755,85,10,63,5,-3.5623843213347826,5
3756,87,105,86,54,-3.5687448191973568,51
3757,45,14,63,8,-3.582850982463552,6
3758,20,11,69,6,-3.5870175414258565,5
3759,95,10,97,6,-3.58943247133478,4
3760,51,35,114,18,-3.5896816599559798,17
3761,51,24,108,13,-3.591871830422867,11
3762,60,29,18,16,-3.598186148290619,13
3763,62,16,28,9,-3.6140960069707972,7
3764,60,63,13,37,-3.6198276441550075,26
3765,109,27,87,16,-3.621467085014749,11
3766,18,19,43,9,-3.6267699505365183,10
3767,108,11,48,7,-3.633614524897183,4
3768,108,14,75,8,-3.634090811617301,6
3769,5,60,88,32,-3.63799769202775,28
3770,37,20,30,12,-3.640395609700316,8
3771,70,10,14,5,-3.6470421341148493,5
3772,2,19,16,11,-3.6499962386684315,8
3773,50,13,27,8,-3.6503401008022798,5
3774,65,47,23,25,-3.650632324208862,22
3775,107,35,76,22,-3.6519592132431544,13
3776,32,21,107,11,-3.6546977761524695,10
3777,88,16,12,9,-3.655181484982228,7
3778,71,10,90,5,-3.656103603020123,5
3779,23,22,63,13,-3.656375723040438,9
3780,100,11,53,6,-3.6569500587649983,5
3781,96,33,97,17,-3.6574389351582637,16
3782,104,53,86,29,-3.66553549979236,24
3783,88,10,19,5,-3.665606739273205,5
3784,50,10,62,6,-3.6657345895143245,4
3785,49,22,107,11,-3.6672479976219936,11
3786,41,43,51,24,-3.6703668875042452,19
3787,80,25,20,14,-3.6714284273440603,11
3788,27,12,71,7,-3.672482180614423,5
3789,68,14,101,9,-3.6742625668258904,5
3790,84,20,46,12,-3.686829488531012,8
3791,38,28,107,16,-3.6878049312590457,12
3792,40,68,13,37,-3.6903630857890595,31
3793,102,28,28,15,-3.699783063019897,13
3794,43,17,106,9,-3.706853967971227,8
3795,68,30,3,17,-3.7122120868876887,13
3796,5,21,15,13,-3.7147342263498238,8
3797,80,10,91,6,-3.719893539982741,4
3798,88,42,75,24,-3.726903391628383,18
3799,25,65,86,35,-3.735239092039536,30
3800,4,13,1,8,-3.7360390878519714,5
3801,40,42,53,23,-3.7429391558119995,19
3802,65,21,15,12,-3.7445792583431627,9
3803,9,43,65,25,-3.756511153961384,18
3804,6,16,88,9,-3.7570512530434645,7
3805,92,13,104,6,-3.7768187223532292,7
3806,49,12,28,6,-3.781572164594755,6
3807,6,19,44,12,-3.787510949793907,7
3808,104,13,20,8,-3.7974160411444697,5
3809,78,12,39,6,-3.805891795343841,6
3810,107,82,87,46,-3.8077883802698755,36
3811,5,16,110,9,-3.8138584796050923,7
3812,20,26,70,15,-3.8159201736882484,11
3813,28,46,20,26,-3.816541677506152,20
3814,31,18,91,11,-3.819701831167943,7
3815,3,10,49,6,-3.8208441036339096,4
3816,4,21,55,11,-3.821660634263143,10
3817,66,12,60,8,-3.8266322198174065,4
3818,87,16,44,9,-3.826754946057649,7
3819,51,30,70,16,-3.8297117807076546,14
3820,9,25,60,16,-3.8302277634578608,9
3821,86,19,93,11,-3.841500133967818,8
3822,111,34,65,20,-3.8475275648066676,14
3823,39,26,3,15,-3.8527076913275526,11
3824,6,14,65,8,-3.8536392094191116,6
3825,114,25,41,13,-3.8544949021986654,12
3826,18,17,91,10,-3.863168888646894,7
3827,51,16,11,8,-3.8660778701548084,8
3828,68,11,108,6,-3.86884903956731,5
3829,87,36,95,20,-3.8694007735692093,16
3830,98,13,18,6,-3.8754830902904,7
3831,107,73,65,41,-3.8798906813939738,32
3832,112,11,1,5,-3.8826933985340957,6
3833,17,15,11,8,-3.886158778436342,7
3834,60,25,3,14,-3.8866454201514262,11
3835,62,13,76,7,-3.8913968956310074,6
3836,11,44,55,26,-3.8920841591670357,18
3837,112,13,41,7,-3.895163847789924,6
3838,63,16,17,9,-3.896935952486399,7
3839,47,29,7,17,-3.8974466826753917,12
3840,37,26,102,15,-3.901578428361024,11
3841,49,19,98,10,-3.906322793569991,9
3842,96,21,60,14,-3.9124280698247627,7
3843,107,48,50,26,-3.9154031865307353,22
3844,70,38,37,22,-3.9227382855891673,16
3845,2,28,5,16,-3.923277825320168,12
3846,13,21,100,12,-3.92873233040865,9
3847,50,11,57,7,-3.929027822248146,4
3848,3,20,16,12,-3.933123710020241,8
3849,15,13,64,6,-3.9332029302911167,7
3850,97,10,80,6,-3.9365866928471034,4
3851,46,40,51,23,-3.9395834900065476,17
3852,40,32,87,17,-3.941262642987428,15
3853,100,17,37,10,-3.9481789557688427,7
3854,76,12,34,6,-3.9517678907570324,6
3855,104,50,88,29,-3.9536343834384904,21
3856,93,24,74,13,-3.960101768879081,11
3857,65,72,104,39,-3.970649197276848,33
3858,14,12,96,7,-3.975747798085754,5
3859,43,14,41,8,-3.9773777964919623,6
3860,17,17,34,10,-3.9857052585459996,7
3861,65,32,97,18,-3.9859775040058785,14
3862,51,10,58,6,-3.991203040107808,4
3863,31,12,66,7,-4.0087548725586535,5
3864,86,20,99,12,-4.00989122283285,8
3865,54,36,55,19,-4.011039158800405,17
3866,110,20,8,12,-4.013172679497405,8
3867,114,28,102,16,-4.0171208257371775,12
3868,3,16,104,9,-4.020656220421077,7
3869,88,30,96,16,-4.030096740212504,14
3870,43,10,1,5,-4.03897671575872,5
3871,3,23,13,15,-4.045454302839316,8
3872,46,51,13,29,-4.04568771543213,22
3873,50,21,7,11,-4.045740478776831,10
3874,79,13,11,6,-4.047561716338114,7
3875,40,10,32,5,-4.050021677419869,5
3876,68,40,41,22,-4.050286581746885,18
3877,62,23,107,11,-4.0504669700597535,12
3878,107,67,88,39,-4.055852119959083,28
3879,80,28,16,16,-4.056076921695063,12
3880,95,10,43,6,-4.0633983206079485,4
3881,63,29,9,16,-4.065325398742937,13
3882,1,31,68,18,-4.0657893171131025,13
3883,40,57,60,32,-4.06725625489293,25
3884,109,12,43,7,-4.068059286395716,5
3885,50,22,74,12,-4.086243740312161,10
3886,19,11,36,6,-4.0885902184216905,5
3887,64,26,87,14,-4.098181725889204,12
3888,93,20,83,11,-4.100880722204593,9
3889,46,21,114,12,-4.104107153511736,9
3890,93,15,16,8,-4.1062906023148145,7
3891,68,14,12,8,-4.108669111305504,6
3892,107,68,13,37,-4.1097706680559325,31
3893,87,16,27,9,-4.120246149042717,7
3894,106,11,29,6,-4.1226863415672375,5
3895,18,19,64,11,-4.1241273612548905,8
3896,107,14,6,8,-4.134287277974908,6
3897,104,32,76,19,-4.135711821894891,13
3898,20,11,71,7,-4.136430557393971,4
3899,69,11,11,7,-4.1379214913131195,4
3900,29,11,23,6,-4.138000210796417,5
3901,74,18,100,10,-4.138016461047894,8
3902,71,47,53,27,-4.141303557057988,20
3903,73,13,20,8,-4.146065391689571,5
3904,62,10,60,6,-4.155747625311636,4
3905,2,15,75,8,-4.157456952203448,7
3906,62,15,53,8,-4.159409570332151,7
3907,50,22,40,14,-4.173703341481282,8
3908,51,74,13,40,-4.175645973323164,34
3909,9,19,70,12,-4.17870836598717,7
3910,25,27,23,15,-4.182190113226027,12
3911,88,55,40,31,-4.188882138376304,24
3912,48,14,7,7,-4.194687020035504,7
3913,100,18,23,11,-4.197161790157007,7
3914,54,15,78,9,-4.204577974310619,6
3915,36,56,65,32,-4.205692860728475,24
3916,17,20,46,11,-4.208745383811279,9
3917,112,11,27,6,-4.214543381192909,5
3918,5,24,39,13,-4.222693276685169,11
3919,37,18,39,10,-4.224456294423104,8
3920,28,20,30,12,-4.22622579482484,8
3921,74,12,31,7,-4.240578281890586,5
3922,46,22,20,14,-4.241307956001941,8
3923,80,17,104,9,-4.256665633473226,8
3924,60,11,80,6,-4.259959127961848,5
3925,39,53,13,29,-4.261083263502734,24
3926,7,26,6,12,-4.269618286715634,14
3927,96,12,33,5,-4.271042933020871,7
3928,96,14,85,9,-4.2835717768106525,5
3929,112,25,53,12,-4.2943591826734995,13
3930,35,17,11,10,-4.299025397751419,7
3931,44,21,20,12,-4.299103845073811,9
3932,54,28,25,16,-4.300413553073274,12
3933,109,22,20,14,-4.302333411252665,8
3934,52,10,50,5,-4.308197298973348,5
3935,20,19,17,11,-4.3112321942034,8
3936,40,22,4,12,-4.316643149060896,10
3937,86,19,15,11,-4.320856963962772,8
3938,11,25,76,15,-4.3267052425458585,10
3939,41,19,95,11,-4.332143979792176,8
3940,22,12,60,7,-4.334241842742782,5
3941,13,18,57,9,-4.335306903346492,9
3942,65,29,70,18,-4.3439841796636145,11
3943,88,24,47,13,-4.347102674354305,11
3944,84,10,67,6,-4.354710507610473,4
3945,54,31,104,17,-4.355933806560285,14
3946,87,10,58,6,-4.362695393524183,4
3947,11,13,33,6,-4.365968233102095,7
3948,23,23,40,13,-4.36842332680331,10
3949,58,13,55,7,-4.369004483506263,6
3950,77,26,13,15,-4.370099745102938,11
3951,16,32,57,18,-4.370861200972596,14
3952,9,24,55,14,-4.371040618945101,10
3953,98,13,60,7,-4.372454949323837,6
3954,81,14,39,8,-4.374351069268694,6
3955,9,13,74,8,-4.37578055371931,5
3956,96,38,63,23,-4.376849709142973,15
3957,102,10,13,7,-4.383909812807433,3
3958,76,23,65,14,-4.385586505985179,9
3959,86,20,111,12,-4.3910837466552355,8
3960,43,37,13,19,-4.400642517704952,18
3961,16,22,102,12,-4.402711461143888,10
3962,54,24,17,13,-4.405567288972997,11
3963,64,20,114,12,-4.407773657880816,8
3964,53,64,7,36,-4.416213736910661,28
3965,76,12,13,7,-4.417032905676176,5
3966,13,30,99,17,-4.420966828834257,13
3967,9,18,46,10,-4.4238849359462264,8
3968,87,20,102,12,-4.423994697827658,8
3969,64,35,107,19,-4.429693624174907,16
3970,5,115,86,66,-4.430772584334585,49
3971,53,35,16,21,-4.432680586189367,14
3972,50,32,13,18,-4.432840638378544,14
3973,107,46,11,26,-4.433295300820407,20
3974,88,11,45,7,-4.4416566980945715,4
3975,109,15,95,9,-4.444131433700797,6
3976,37,33,13,19,-4.448467961015428,14
3977,31,67,7,38,-4.453212370234459,29
3978,16,44,95,24,-4.453378575583385,20
3979,17,32,86,16,-4.454107684882271,16
3980,73,12,50,8,-4.454782630059153,4
3981,97,11,77,7,-4.454901155383999,4
3982,32,18,37,10,-4.466542082918519,8
3983,9,14,109,7,-4.46753248183981,7
3984,57,10,91,5,-4.468260927215542,5
3985,84,16,98,10,-4.468561917829733,6
3986,18,30,88,16,-4.47012131788994,14
3987,87,34,30,19,-4.471047169696756,15
3988,25,31,96,17,-4.472832877552798,14
3989,92,12,51,6,-4.473927143910237,6
3990,107,33,95,18,-4.475609109265347,15
3991,16,40,30,23,-4.476195567754862,17
3992,70,29,88,17,-4.478319588858415,12
3993,112,15,36,9,-4.481804787740811,6
3994,27,11,55,6,-4.4890470852362,5
3995,51,45,75,25,-4.490318359114664,20
3996,3,15,64,9,-4.492765978443915,6
3997,37,15,93,9,-4.4934456656390305,6
3998,54,59,20,31,-4.494429121899646,28
3999,54,24,102,14,-4.497323538158561,10
4000,112,20,75,12,-4.4989690721071325,8
4001,84,26,16,14,-4.504335757334272,12
4002,88,93,7,51,-4.5053270586483745,42
4003,104,10,62,7,-4.506645682517949,3
4004,54,52,28,30,-4.514030967957707,22
4005,55,43,37,23,-4.516821858156877,20
4006,20,12,93,7,-4.531228376986993,5
4007,75,23,106,12,-4.532198108241345,11
4008,68,28,71,17,-4.532265816801446,11
4009,39,16,12,9,-4.536622423025637,7
4010,102,24,8,13,-4.537070383836358,11
4011,9,51,88,29,-4.537426821075462,22
4012,76,24,23,13,-4.537606040144393,11
4013,39,11,1,5,-4.548291694643937,6
4014,46,15,83,8,-4.551826612706302,7
4015,86,29,49,16,-4.5535642763993875,13
4016,112,10,74,6,-4.553694289700708,4
4017,67,13,109,6,-4.5540965230597985,7
4018,23,15,70,8,-4.554568026577778,7
4019,104,16,99,8,-4.562749239239297,8
4020,104,21,30,11,-4.571829941100374,10
4021,95,14,99,8,-4.572737764013027,6
4022,30,12,100,7,-4.575260966636385,5
4023,87,24,71,13,-4.583143708944139,11
4024,96,32,50,18,-4.592653394244437,14
4025,64,20,55,13,-4.5985097101065335,7
4026,95,13,77,7,-4.601493224452909,6
4027,30,11,23,6,-4.601908928188203,5
4028,55,42,7,25,-4.609551229914398,17
4029,29,10,28,6,-4.612981141001358,4
4030,51,11,32,6,-4.628506428595399,5
4031,30,18,20,10,-4.629914367675179,8
4032,25,22,60,12,-4.636282806493915,10
4033,88,24,43,14,-4.636555985964769,10
4034,109,19,73,11,-4.637139105733963,8
4035,13,14,73,8,-4.6427133386229835,6
4036,25,15,27,8,-4.649655011418167,7
4037,63,27,64,15,-4.655022536417097,12
4038,47,15,25,8,-4.655390231832644,7
4039,98,14,55,9,-4.662824671110213,5
4040,8,12,52,7,-4.669562642233976,5
4041,81,22,53,13,-4.67351225402936,9
4042,9,16,62,9,-4.679077909097035,7
4043,5,16,71,9,-4.686451238703376,7
4044,41,26,60,14,-4.687979614839917,12
4045,98,10,39,6,-4.691177704712752,4
4046,88,38,11,22,-4.710454574435896,16
4047,68,51,39,28,-4.718369396030295,23
4048,86,17,47,10,-4.720142586161406,7
4049,75,14,15,9,-4.7291616067808215,5
4050,54,16,85,10,-4.730021736475019,6
4051,81,10,64,6,-4.736605613786942,4
4052,46,41,8,22,-4.737192297274267,19
4053,3,11,97,7,-4.7402730889790226,4
4054,7,97,16,54,-4.743286222921811,43
4055,68,42,114,24,-4.745053261523828,18
4056,77,16,25,9,-4.745845616411638,7
4057,63,38,74,21,-4.748458787006122,17
4058,5,30,90,18,-4.752640516818982,12
4059,50,16,93,10,-4.755526241513055,6
4060,68,29,54,17,-4.767490638996213,12
4061,97,16,60,8,-4.770560692259115,8
4062,31,15,12,8,-4.770632464521183,7
4063,70,13,90,7,-4.771084444295363,6
4064,5,12,9,7,-4.777710715122403,5
4065,64,44,13,23,-4.782853853155062,21
4066,86,29,100,15,-4.7829247811078925,14
4067,5,33,76,19,-4.788314400539968,14
4068,1,17,9,8,-4.79405950293998,9
4069,1,20,60,12,-4.7956289157103855,8
4070,9,29,8,14,-4.796436219845456,15
4071,25,11,111,6,-4.797175922879397,5
4072,96,22,75,15,-4.80138149231193,7
4073,16,16,110,9,-4.801952356665633,7
4074,8,28,83,15,-4.804749965348905,13
4075,108,13,96,7,-4.805162668071275,6
4076,17,13,100,9,-4.805895298432701,4
4077,106,12,6,7,-4.810944704219048,5
4078,4,17,75,10,-4.813951260599894,7
4079,54,15,14,10,-4.820525855929131,5
4080,43,17,63,10,-4.821038820338599,7
4081,25,19,31,10,-4.823839301099763,9
4082,67,15,8,9,-4.8319098461555825,6
4083,39,39,75,21,-4.835166255544909,18
4084,89,14,41,8,-4.840368821573814,6
4085,64,20,83,11,-4.840996077098241,9
4086,51,30,5,19,-4.841333405150811,11
4087,8,14,68,8,-4.8490666647052905,6
4088,100,23,104,14,-4.850527098250833,9
4089,94,17,13,10,-4.855238762429886,7
4090,89,10,5,7,-4.862465640901751,3
4091,106,54,37,29,-4.865641247327304,25
4092,110,10,88,5,-4.870544753091406,5
4093,38,11,51,7,-4.873684208436107,4
4094,68,24,97,14,-4.880211565142333,10
4095,114,11,30,6,-4.882071098465157,5
4096,95,11,69,7,-4.882909765417962,4
4097,3,12,8,5,-4.887819375016217,7
4098,5,39,83,21,-4.890865835189012,18
4099,33,16,8,10,-4.890943290835164,6
4100,55,27,76,17,-4.892389867780943,10
4101,106,34,84,18,-4.903872752933782,16
4102,54,48,46,28,-4.906943181154002,20
4103,108,12,54,8,-4.909695920764134,4
4104,17,31,65,20,-4.917244641739983,11
4105,106,56,74,32,-4.924754963776778,24
4106,87,11,17,6,-4.927367867706464,5
4107,9,22,114,15,-4.931319071415344,7
4108,55,21,20,12,-4.931554548881413,9
4109,65,21,45,11,-4.93879712541404,10
4110,108,11,37,6,-4.94147061612662,5
4111,87,14,77,8,-4.94240192025149,6
4112,49,12,76,7,-4.943121216792114,5
4113,68,19,56,10,-4.94813216675333,9
4114,8,32,13,19,-4.955794878282507,13
4115,96,36,20,21,-4.958331873160827,15
4116,77,18,39,10,-4.961640817784316,8
4117,90,23,96,14,-4.963939687748077,9
4118,8,12,62,8,-4.964220736900479,4
4119,107,49,40,30,-4.964616090179718,19
4120,87,15,1,8,-4.968031301569398,7
4121,51,18,14,12,-4.969794868699568,6
4122,65,55,55,31,-4.974824332567949,24
4123,15,17,23,10,-4.9841342107101605,7
4124,86,71,37,40,-4.984756436647988,31
4125,39,25,27,13,-4.989393098929608,12
4126,71,15,74,8,-4.993812181109021,7
4127,63,30,104,17,-4.993963037729945,13
4128,68,12,32,8,-4.994599728673894,4
4129,35,16,16,10,-4.995780437282775,6
4130,106,41,7,21,-5.003800212982272,20
4131,5,26,93,16,-5.004460526821323,10
4132,34,16,9,9,-5.022861202196314,7
4133,63,29,55,16,-5.056066807562622,13
4134,65,17,46,11,-5.06610491085495,6
4135,107,90,16,56,-5.070523610597529,34
4136,33,13,90,8,-5.072843762888294,5
4137,17,10,92,6,-5.072884905069609,4
4138,20,10,32,7,-5.08216341529211,3
4139,62,17,7,10,-5.083532766636536,7
4140,104,61,107,36,-5.084587806965312,25
4141,58,14,60,8,-5.085584297125203,6
4142,95,24,60,14,-5.089480392621887,10
4143,43,27,16,17,-5.089727697712364,10
4144,110,11,87,7,-5.0925904586002675,4
4145,86,12,89,6,-5.092829255018563,6
4146,104,25,53,14,-5.094260383198605,11
4147,70,23,55,13,-5.1032220329288345,10
4148,87,28,76,17,-5.1240936522661755,11
4149,39,28,114,15,-5.125505730553987,13
4150,58,30,40,16,-5.133397385337809,14
4151,4,12,109,7,-5.135069245647407,5
4152,20,56,107,32,-5.14142546085239,24
4153,88,15,44,8,-5.148664566159752,7
4154,9,24,106,14,-5.150083731218861,10
4155,79,13,63,8,-5.150156389678723,5
4156,50,46,87,25,-5.151620252108098,21
4157,63,54,8,30,-5.156454172512432,24
4158,39,14,111,8,-5.158992286191917,6
4159,5,12,67,7,-5.159840528973067,5
4160,56,11,91,6,-5.160182814393273,5
4161,50,40,2,23,-5.1602643680773745,17
4162,47,26,75,17,-5.17693162231529,9
4163,51,24,4,15,-5.183921696313045,9
4164,13,25,91,14,-5.184425816199746,11
4165,48,24,84,15,-5.188857256683019,9
4166,113,13,40,8,-5.193726392686624,5
4167,55,18,34,10,-5.202160532736089,8
4168,91,12,33,6,-5.213867650447791,6
4169,37,22,40,12,-5.218981261850287,10
4170,5,11,35,6,-5.226534281744142,5
4171,13,47,71,26,-5.235216499316669,21
4172,25,21,91,12,-5.23677892954369,9
4173,14,15,65,8,-5.239230657167625,7
4174,40,15,98,8,-5.239271076053038,7
4175,79,19,16,11,-5.241758370421844,8
4176,40,26,25,15,-5.242222631716463,11
4177,16,13,103,8,-5.257274881217921,5
4178,92,11,28,7,-5.266199037582341,4
4179,109,32,88,19,-5.272527791460708,13
4180,88,11,56,6,-5.280224334897691,5
4181,28,19,14,12,-5.2887953454841945,7
4182,35,11,30,6,-5.293385259461386,5
4183,60,26,30,17,-5.294940282794493,9
4184,9,43,107,24,-5.302397525710955,19
4185,55,25,111,15,-5.307717141421055,10
4186,65,62,87,37,-5.3117934902325254,25
4187,87,62,8,36,-5.3184514728570145,26
4188,38,29,86,17,-5.32294088989751,12
4189,102,14,97,9,-5.335160623731844,5
4190,57,25,87,15,-5.341931643339133,10
4191,65,18,62,10,-5.345755023288058,8
4192,51,43,104,27,-5.354494200185865,16
4193,97,35,7,19,-5.356987360153851,16
4194,17,12,98,6,-5.361440435561064,6
4195,63,30,75,17,-5.362343223381898,13
4196,109,24,107,15,-5.374789076628487,9
4197,7,24,100,14,-5.390746304293862,10
4198,54,24,93,15,-5.392828840599425,9
4199,90,31,54,18,-5.397442007333916,13
4200,86,63,11,36,-5.401837176054467,27
4201,66,11,9,6,-5.404825557202403,5
4202,37,11,49,6,-5.405793666619149,5
4203,83,15,51,10,-5.415397349279682,5
4204,40,10,38,5,-5.415692699604588,5
4205,60,27,54,16,-5.432461791262127,11
4206,57,18,97,10,-5.45235309786646,8
4207,71,43,75,27,-5.454468163058883,16
4208,68,11,80,7,-5.466227321340817,4
4209,112,19,7,11,-5.469998843006591,8
4210,50,15,43,10,-5.476388636923783,5
4211,36,17,99,11,-5.476671917231901,6
4212,75,10,14,6,-5.479308338136782,4
4213,70,23,114,14,-5.484820175107314,9
4214,38,20,7,11,-5.485899453240417,9
4215,40,49,65,28,-5.488110460552834,21
4216,54,20,15,11,-5.491526659354752,9
4217,62,10,18,6,-5.493140482819633,4
4218,40,20,62,10,-5.493314127309688,10
4219,102,10,67,6,-5.497246561771841,4
4220,109,13,32,7,-5.508051897308618,6
4221,83,19,95,12,-5.510188596504647,7
4222,37,59,87,35,-5.516733087496061,24
4223,20,10,62,6,-5.517288163699186,4
4224,7,33,28,20,-5.522079859732704,13
4225,57,24,88,13,-5.524909922819241,11
4226,75,20,27,11,-5.525223821089191,9
4227,102,14,33,8,-5.525239013163607,6
4228,88,23,30,12,-5.525413582454541,11
4229,3,14,28,9,-5.526860673095199,5
4230,23,31,106,16,-5.535479536227777,15
4231,18,36,28,20,-5.538955354420102,16
4232,84,16,75,9,-5.542746956131477,7
4233,75,51,86,28,-5.544222274149607,23
4234,84,18,25,11,-5.5466876181289715,7
4235,31,53,36,30,-5.548564460468652,23
4236,25,41,8,25,-5.550067480025435,16
4237,84,14,34,7,-5.5528939684650025,7
4238,4,11,46,6,-5.55622187464566,5
4239,95,10,31,6,-5.5581891593402775,4
4240,51,97,16,56,-5.559678337054513,41
4241,10,11,63,7,-5.56040496031845,4
4242,104,60,37,36,-5.5634752610620195,24
4243,54,31,11,18,-5.565049065297328,13
4244,47,12,71,7,-5.571212302193355,5
4245,71,17,12,10,-5.576190752449122,7
4246,97,19,87,12,-5.581011131648729,7
4247,68,21,62,12,-5.5910040455918875,9
4248,25,32,87,18,-5.592843725263718,14
4249,63,11,99,6,-5.5958077337997105,5
4250,23,41,13,22,-5.602560116244981,19
4251,98,17,70,11,-5.604121247592223,6
4252,43,14,27,7,-5.609839390205424,7
4253,50,15,100,9,-5.612526049660052,6
4254,50,10,6,6,-5.616920699281765,4
4255,3,22,114,14,-5.6169459155328765,8
4256,50,48,16,28,-5.617696720442926,20
4257,50,26,95,15,-5.619957219349124,11
4258,17,21,5,14,-5.625033929201381,7
4259,73,28,86,15,-5.62531345595925,13
4260,36,12,76,9,-5.641487589296995,3
4261,60,44,55,25,-5.64477193439587,19
4262,77,11,109,6,-5.645459503468275,5
4263,74,23,73,14,-5.649045009007229,9
4264,97,13,39,8,-5.649731064357227,5
4265,97,10,4,6,-5.649870700339136,4
4266,61,13,9,8,-5.652969843590385,5
4267,68,12,43,7,-5.661402151081362,5
4268,82,11,54,7,-5.66427830231393,4
4269,37,48,16,28,-5.664774565241773,20
4270,99,31,16,18,-5.66581833704302,13
4271,38,21,39,12,-5.666117233225799,9
4272,37,39,75,25,-5.670197882049106,14
4273,25,10,94,5,-5.671887186214519,5
4274,68,18,47,11,-5.681623794437403,7
4275,95,10,102,6,-5.68531996234082,4
4276,55,25,30,15,-5.686463879094617,10
4277,5,46,106,28,-5.689619439430468,18
4278,43,10,23,6,-5.689859175567735,4
4279,32,10,70,5,-5.692479372096212,5
4280,81,26,86,17,-5.695240269408539,9
4281,53,10,29,7,-5.706367610412568,3
4282,69,26,51,16,-5.708510695737556,10
4283,54,11,29,6,-5.709851331879876,5
4284,40,26,114,17,-5.715670519906255,9
4285,102,10,23,6,-5.716053822653882,4
4286,37,18,41,11,-5.716493275276267,7
4287,51,26,25,15,-5.726135112848949,11
4288,48,20,11,12,-5.726887293490206,8
4289,9,14,45,9,-5.727853500458989,5
4290,25,48,13,26,-5.729332953997916,22
4291,106,42,25,26,-5.737688222420908,16
4292,77,12,36,7,-5.751140829309579,5
4293,34,17,86,10,-5.754838058234217,7
4294,51,73,39,42,-5.7559747310891485,31
4295,53,13,58,6,-5.756559382638664,7
4296,62,11,100,6,-5.76483412631544,5
4297,71,30,64,19,-5.764884814228726,11
4298,54,30,13,19,-5.779721772987918,11
4299,9,23,18,15,-5.785477096919834,8
4300,86,37,64,21,-5.796824578298753,16
4301,55,28,74,16,-5.797157459674131,12
4302,64,45,7,25,-5.8010614589687695,20
4303,106,28,80,17,-5.812470547213422,11
4304,49,10,100,5,-5.813425744151518,5
4305,5,16,40,9,-5.82052725169565,7
4306,51,14,62,8,-5.840109303871166,6
4307,87,16,108,10,-5.840502938250504,6
4308,65,29,64,16,-5.843001839077046,13
4309,46,37,74,23,-5.850135921281392,14
4310,7,17,34,10,-5.863504951401834,7
4311,65,52,51,32,-5.865717524678075,20
4312,95,36,54,20,-5.865979569344108,16
4313,28,49,104,28,-5.869912935195165,21
4314,3,34,7,21,-5.87756648772805,13
4315,106,53,54,29,-5.8811146934590965,24
4316,36,12,46,7,-5.88209418081934,5
4317,36,18,28,10,-5.89839978381916,8
4318,25,16,93,9,-5.904464695396422,7
4319,107,33,100,17,-5.907266287901797,16
4320,45,15,41,10,-5.914462706154762,5
4321,63,10,93,6,-5.917563250275586,4
4322,109,47,28,29,-5.921317060443457,18
4323,114,20,73,12,-5.924435121305104,8
4324,63,45,37,27,-5.933785173114153,18
4325,7,15,33,8,-5.9471342175078945,7
4326,14,12,39,7,-5.9475481477923315,5
4327,10,12,97,6,-5.950831581917707,6
4328,53,52,68,31,-5.964244334939566,21
4329,40,18,97,11,-5.966918416140385,7
4330,27,12,74,6,-5.991317096712257,6
4331,31,25,114,14,-5.9918765203954925,11
4332,70,57,54,34,-6.000249372764341,23
4333,17,10,99,6,-6.011623328938978,4
4334,112,26,86,15,-6.01987745773741,11
4335,71,31,30,18,-6.024215205048038,13
4336,46,20,95,12,-6.027785407812037,8
4337,50,17,91,11,-6.027790824025908,6
4338,57,12,78,7,-6.03107487711256,5
4339,86,29,69,17,-6.032202467444129,12
4340,31,31,75,17,-6.03348213428737,14
4341,98,24,7,15,-6.033686003781978,9
4342,32,16,8,9,-6.041444852098721,7
4343,68,48,16,30,-6.053036366464971,18
4344,63,19,90,11,-6.053395439788755,8
4345,9,10,35,5,-6.055687068848653,5
4346,28,18,23,10,-6.0662027716624305,8
4347,87,76,16,44,-6.066796148835431,32
4348,41,27,23,16,-6.068042449918635,11
4349,48,14,74,7,-6.068043245358376,7
4350,5,44,20,27,-6.084413199436969,17
4351,107,23,111,12,-6.08814286411973,11
4352,44,10,71,6,-6.0911400566932725,4
4353,86,39,98,22,-6.096402500191196,17
4354,88,40,23,26,-6.098802854801483,14
4355,60,12,102,7,-6.1025406778466875,5
4356,79,10,55,6,-6.105260957218082,4
4357,7,12,90,7,-6.108519045195329,5
4358,31,13,81,9,-6.1171597913254026,4
4359,88,35,25,23,-6.12387967695023,12
4360,97,24,55,15,-6.128965912516969,9
4361,80,13,31,9,-6.13276887148396,4
4362,48,10,23,6,-6.136507124451631,4
4363,46,14,109,8,-6.137839688733693,6
4364,63,16,78,8,-6.142144937717797,8
4365,39,48,40,29,-6.1478732659202615,19
4366,112,15,31,10,-6.149641402394962,5
4367,20,11,85,6,-6.150943417431858,5
4368,58,13,16,8,-6.156802466115247,5
4369,89,10,63,7,-6.159771716986654,3
4370,87,41,68,24,-6.166464303817792,17
4371,76,23,97,13,-6.171425808149793,10
4372,84,54,28,32,-6.1786789402149065,22
4373,35,14,55,8,-6.18171019735336,6
4374,70,28,74,15,-6.203999405338755,13
4375,65,21,38,11,-6.2252846155522565,10
4376,55,31,80,17,-6.225846961531595,14
4377,87,19,29,12,-6.228608810040424,7
4378,50,41,104,25,-6.230364171354916,16
4379,51,97,7,60,-6.231180255750106,37
4380,9,32,28,18,-6.2373511594029205,14
4381,62,15,54,9,-6.240490314200173,6
4382,107,24,58,15,-6.246057958192936,9
4383,53,41,107,25,-6.250695932210901,16
4384,5,17,43,10,-6.250727481432203,7
4385,88,83,86,49,-6.254550732132809,34
4386,39,22,92,12,-6.263991845659126,10
4387,95,12,15,7,-6.265255655621161,5
4388,4,21,86,13,-6.2794844995496994,8
4389,102,11,41,7,-6.282861273718874,4
4390,92,12,16,9,-6.284475222709882,3
4391,64,16,70,11,-6.2860092045587415,5
4392,88,56,65,35,-6.287559020425313,21
4393,114,17,23,11,-6.291790840234865,6
4394,83,16,39,10,-6.297771796270442,6
4395,55,13,29,8,-6.301089833667023,5
4396,30,26,53,15,-6.311098789496546,11
4397,5,25,32,15,-6.322230990899956,10
4398,57,11,76,7,-6.324386635638288,4
4399,112,14,54,9,-6.326711825622494,5
4400,4,18,63,11,-6.33309005279508,7
4401,98,20,11,11,-6.3386776528601825,9
4402,84,12,30,8,-6.354899474173293,4
4403,27,13,92,7,-6.356396578041118,6
4404,44,12,28,6,-6.3579705752280935,6
4405,56,21,7,12,-6.361794853449643,9
4406,84,32,74,17,-6.37967811989364,15
4407,71,27,50,16,-6.37993434567586,11
4408,108,18,16,11,-6.383719600885128,7
4409,77,13,74,8,-6.38427445953612,5
4410,77,13,106,7,-6.407119934187455,6
4411,27,28,16,17,-6.408237051000657,11
4412,77,19,107,11,-6.4169470483546815,8
4413,13,27,47,16,-6.419268010937436,11
4414,33,16,40,11,-6.427211772717695,5
4415,109,20,41,13,-6.432688342356182,7
4416,36,39,86,23,-6.43939444107294,16
4417,16,49,75,29,-6.443913435512627,20
4418,87,20,4,13,-6.445923142452617,7
4419,28,10,6,6,-6.452419128804086,4
4420,86,30,27,19,-6.453315924089684,11
4421,87,25,90,15,-6.454852453391627,10
4422,43,26,107,16,-6.466098586244282,10
4423,17,20,28,12,-6.478742661851247,8
4424,78,25,86,15,-6.48911817733207,10
4425,104,10,48,6,-6.493358473776669,4
4426,54,20,1,12,-6.4933945511101445,8
4427,104,27,41,15,-6.500266163182682,12
4428,4,12,56,6,-6.509885274579447,6
4429,28,15,35,8,-6.525585250622974,7
4430,38,14,109,9,-6.53962010725684,5
4431,55,10,49,6,-6.541972088163769,4
4432,18,21,77,14,-6.545250800191178,7
4433,3,11,41,8,-6.560880189791295,3
4434,25,37,104,21,-6.567754121461538,16
4435,114,26,53,15,-6.571088082289226,11
4436,1,26,40,16,-6.58137324665705,10
4437,96,28,65,16,-6.593487230396348,12
4438,37,18,80,11,-6.59536314979572,7
4439,81,18,71,11,-6.61709770119633,7
4440,100,30,16,19,-6.617449381235234,11
4441,5,48,25,29,-6.626414170343123,19
4442,64,28,16,18,-6.646602698554465,10
4443,114,15,76,10,-6.653911993113485,5
4444,37,19,71,11,-6.65399605348867,8
4445,71,11,83,6,-6.6562053803338666,5
4446,13,13,14,9,-6.663851771345143,4
4447,88,36,27,20,-6.672694825026895,16
4448,70,14,49,8,-6.672966411521807,6
4449,47,20,107,12,-6.679988416533417,8
4450,37,10,29,6,-6.680734619445758,4
4451,106,11,111,8,-6.697425895741327,3
4452,91,12,15,6,-6.697476716978325,6
4453,74,15,83,8,-6.703298030488857,7
4454,40,10,6,6,-6.705680107058635,4
4455,97,35,28,22,-6.716635909782018,13
4456,32,10,65,6,-6.718474357729474,4
4457,32,11,97,7,-6.7220085367153315,4
4458,95,11,100,6,-6.722166987268522,5
4459,95,13,14,8,-6.731405281187272,5
4460,96,38,74,24,-6.731828732252354,14
4461,109,43,54,27,-6.7374181706906375,16
4462,20,11,52,7,-6.739976324437407,4
4463,51,15,102,9,-6.749472817285659,6
4464,18,19,30,11,-6.749976540021853,8
4465,96,79,86,48,-6.750994185821139,31
4466,90,13,53,8,-6.752088210585149,5
4467,107,23,33,13,-6.763493299081546,10
4468,108,10,81,6,-6.778588424753946,4
4469,27,14,6,8,-6.780540737481573,6
4470,39,19,57,11,-6.797174417014509,8
4471,31,10,55,6,-6.798197972656263,4
4472,71,10,49,6,-6.8003776926672845,4
4473,13,25,108,16,-6.801707995205208,9
4474,45,18,60,10,-6.802248227913869,8
4475,114,16,100,10,-6.806713890734191,6
4476,96,20,51,12,-6.8091583197949745,8
4477,9,14,25,9,-6.810304163725227,5
4478,52,10,65,7,-6.817085213239556,3
4479,31,69,68,41,-6.8216343585610195,28
4480,46,20,7,13,-6.8293660676717325,7
4481,106,25,95,16,-6.830338155584793,9
4482,96,14,78,9,-6.830515928543477,5
4483,95,29,13,17,-6.852052215706936,12
4484,96,19,114,12,-6.857320738328298,7
4485,71,39,16,25,-6.859693337666749,14
4486,11,17,75,10,-6.860129083231022,7
4487,4,43,60,24,-6.864343045215706,19
4488,87,48,7,30,-6.8660731048454515,18
4489,36,12,57,8,-6.873476463690229,4
4490,18,21,54,12,-6.880495431858326,9
4491,99,15,106,10,-6.882359612487446,5
4492,5,47,114,28,-6.885144276646174,19
4493,65,22,90,12,-6.887045978873849,10
4494,88,16,76,9,-6.891817282335724,7
4495,20,29,39,16,-6.903759922429467,13
4496,53,10,49,6,-6.90781300095477,4
4497,55,36,104,22,-6.909075624793387,14
4498,112,17,39,10,-6.919302758616091,7
4499,46,38,16,23,-6.920639082616032,15
4500,30,19,75,11,-6.923427737676235,8
4501,88,12,99,7,-6.939131232028662,5
4502,2,27,63,16,-6.942761121987027,11
4503,17,14,41,9,-6.944180159767115,5
4504,50,11,15,7,-6.9507529081852075,4
4505,18,12,47,8,-6.958091333768663,4
4506,104,18,32,12,-6.959225086389547,6
4507,36,34,16,21,-6.96230955324868,13
4508,51,21,97,14,-6.980039097404116,7
4509,94,12,55,7,-6.987298934898081,5
4510,55,20,17,11,-6.987444025974705,9
4511,13,23,111,13,-6.988942249892523,10
4512,1,19,114,12,-6.990089974683046,7
4513,5,15,62,9,-6.9927087595973925,6
4514,48,13,80,9,-6.99747900943173,4
4515,86,14,45,8,-7.001591160951406,6
4516,40,15,95,9,-7.026458120737084,6
4517,18,16,100,9,-7.026565168419708,7
4518,87,24,3,15,-7.028655258681693,9
4519,58,22,7,12,-7.035143698213465,10
4520,38,28,37,17,-7.041316380566512,11
4521,43,14,94,9,-7.042088076774411,5
4522,11,10,64,7,-7.044290994994302,3
4523,73,16,65,10,-7.056062739811477,6
4524,18,27,68,16,-7.057508559262057,11
4525,65,39,30,24,-7.058570840380226,15
4526,64,13,44,8,-7.05920038211248,5
4527,25,21,100,12,-7.062312436550092,9
4528,49,14,50,8,-7.064134383315742,6
4529,38,21,63,14,-7.071277555225252,7
4530,98,14,102,8,-7.075813129571892,6
4531,70,35,28,21,-7.078735797739843,14
4532,3,20,36,13,-7.093052097907007,7
4533,13,16,44,10,-7.100478256103446,6
4534,39,11,19,6,-7.101501058499144,5
4535,110,16,51,10,-7.104586521997479,6
4536,83,28,86,19,-7.104640535135333,9
4537,3,23,88,14,-7.12663205785296,9
4538,67,11,88,8,-7.127393540580368,3
4539,48,32,63,20,-7.1299692009467925,12
4540,17,21,4,14,-7.131209049726909,7
4541,107,57,75,39,-7.131800392099847,18
4542,87,51,13,33,-7.139410033835633,18
4543,75,39,18,23,-7.143872456900073,16
4544,60,17,5,11,-7.144002600647478,6
4545,93,23,87,14,-7.164798687762666,9
4546,14,14,86,8,-7.166696838482464,6
4547,43,16,64,9,-7.166853133398247,7
4548,88,72,54,43,-7.171089550335251,29
4549,47,12,23,8,-7.180906240191951,4
4550,63,20,27,11,-7.19472225275396,9
4551,61,17,53,11,-7.205087339517602,6
4552,40,20,35,13,-7.223846117897835,7
4553,106,60,13,37,-7.224822308695077,23
4554,75,10,20,6,-7.241047227766171,4
4555,40,32,54,19,-7.243609732204197,13
4556,5,14,31,9,-7.246607645789562,5
4557,90,13,46,8,-7.250761878801305,5
4558,93,12,98,7,-7.251352809271133,5
4559,54,11,38,7,-7.25460278530091,4
4560,65,29,4,18,-7.258642786898054,11
4561,81,19,75,12,-7.259552889264539,7
4562,31,31,41,19,-7.267301725174955,12
4563,70,16,110,10,-7.267896542251016,6
4564,96,10,62,7,-7.268496266352443,3
4565,57,13,106,7,-7.272492874678534,6
4566,20,42,65,27,-7.275621933808214,15
4567,106,24,2,14,-7.283295399336635,10
4568,49,21,87,11,-7.287852583518847,10
4569,36,17,97,10,-7.301788222671786,7
4570,91,41,16,27,-7.309347152714906,14
4571,106,24,39,14,-7.312269199982411,10
4572,55,26,109,14,-7.3182997081126135,12
4573,65,23,1,13,-7.319832649719675,10
4574,5,42,70,25,-7.323141246130922,17
4575,20,11,79,7,-7.328601396965175,4
4576,68,14,92,9,-7.338682351737512,5
4577,8,25,73,15,-7.3587900254771785,10
4578,23,13,49,8,-7.360298065336568,5
4579,64,12,49,7,-7.364918196286091,5
4580,114,10,77,6,-7.365477220397804,4
4581,33,16,25,11,-7.36592627296452,5
4582,74,15,34,10,-7.367415754617588,5
4583,41,26,87,16,-7.368765436268465,10
4584,4,12,30,7,-7.371580414746792,5
4585,71,10,73,6,-7.373234065194552,4
4586,51,31,27,20,-7.390169773800459,11
4587,5,10,1,6,-7.391988711274882,4
4588,46,41,37,27,-7.398384968299376,14
4589,55,65,16,42,-7.408891459698617,23
4590,43,25,39,14,-7.410040942147897,11
4591,69,27,13,17,-7.410798113719346,10
4592,41,34,36,18,-7.412500474371831,16
4593,91,19,8,12,-7.416456742894205,7
4594,18,23,63,15,-7.424434558796219,8
4595,84,28,8,18,-7.447150756775401,10
4596,71,13,70,7,-7.447387393345607,6
4597,63,62,16,37,-7.448491338619512,25
4598,75,30,46,18,-7.449361290092636,12
4599,100,17,75,9,-7.449782688238095,8
4600,76,18,112,10,-7.452810243863066,8
4601,97,53,86,32,-7.453774682156136,21
4602,110,21,37,12,-7.457046552670356,9
4603,53,12,45,7,-7.463487107897495,5
4604,54,14,94,9,-7.465192097558689,5
4605,31,37,64,23,-7.4738922265185375,14
4606,63,15,108,9,-7.475559971035059,6
4607,36,14,70,8,-7.476080415111231,6
4608,89,10,48,7,-7.47675761274391,3
4609,96,11,41,8,-7.480521636982391,3
4610,98,29,91,18,-7.486111931896229,11
4611,77,18,55,11,-7.520653437888105,7
4612,3,16,53,10,-7.523939046153444,6
4613,55,11,6,8,-7.526848268362213,3
4614,51,31,64,19,-7.52751645484338,12
4615,33,20,51,14,-7.541152096210821,6
4616,107,16,12,11,-7.554377135078079,5
4617,23,11,33,7,-7.562255793226968,4
4618,86,23,43,15,-7.565521202755199,8
4619,5,14,34,10,-7.5706698448560905,4
4620,77,12,46,7,-7.574271980014295,5
4621,18,39,13,23,-7.583679640938846,16
4622,81,14,41,9,-7.584350575630448,5
4623,88,18,58,11,-7.5880987725104365,7
4624,36,20,18,12,-7.59490287850123,8
4625,84,16,38,9,-7.623292346759982,7
4626,80,22,96,14,-7.6325568595370585,8
4627,5,29,97,19,-7.639418302115126,10
4628,88,20,108,13,-7.642505031143239,7
4629,9,35,16,23,-7.644783932906994,12
4630,60,11,70,7,-7.646435749026202,4
4631,31,13,33,7,-7.647223417443056,6
4632,96,24,37,14,-7.66584492569651,10
4633,11,32,5,20,-7.6874421575338765,12
4634,7,25,111,15,-7.6903234257719815,10
4635,108,17,53,9,-7.691782047867258,8
4636,104,39,40,25,-7.699889638025223,14
4637,77,15,41,10,-7.700447698799745,5
4638,64,13,46,8,-7.70178518963715,5
4639,109,10,69,6,-7.709222479752555,4
4640,20,34,63,20,-7.7184970833134745,14
4641,102,19,57,11,-7.725209435984635,8
4642,2,28,28,18,-7.726967938716942,10
4643,52,10,63,6,-7.736846011905837,4
4644,84,11,44,6,-7.741464370739851,5
4645,54,13,73,8,-7.746921178252214,5
4646,39,24,84,15,-7.748470893977124,9
4647,1,11,46,6,-7.7522327504760105,5
4648,68,63,40,41,-7.7522463426238595,22
4649,25,49,37,29,-7.755599308877523,20
4650,73,11,53,7,-7.756297558195456,4
4651,86,14,10,8,-7.764445720347282,6
4652,114,14,92,10,-7.774797164908212,4
4653,39,48,86,28,-7.785751888070244,20
4654,48,15,50,10,-7.798532000224026,5
4655,110,12,114,8,-7.80031681097971,4
4656,49,21,75,13,-7.802050873504806,8
4657,81,23,60,14,-7.817127893520487,9
4658,46,46,25,27,-7.8204011950255445,19
4659,98,17,8,11,-7.832264077196576,6
4660,54,57,63,36,-7.834983225160243,21
4661,109,19,53,12,-7.841205358929898,7
4662,13,41,114,23,-7.855529583445472,18
4663,91,26,106,17,-7.859341034872017,9
4664,35,12,44,7,-7.859665557157517,5
4665,94,13,86,8,-7.864855603262994,5
4666,90,25,114,15,-7.8701656835045455,10
4667,23,17,55,9,-7.8715706098888365,8
4668,60,13,84,10,-7.874921397384912,3
4669,104,17,15,11,-7.875168892784025,6
4670,69,15,70,10,-7.889236203805598,5
4671,108,11,76,7,-7.890267325318873,4
4672,18,12,38,7,-7.905676227138177,5
4673,82,10,88,6,-7.9125780836424955,4
4674,20,16,33,10,-7.9280624383644875,6
4675,64,12,77,6,-7.928282722369054,6
4676,34,10,18,7,-7.93407311360503,3
4677,43,14,54,8,-7.93899481598767,6
4678,77,13,27,8,-7.939137496569419,5
4679,87,17,73,12,-7.94220715025842,5
4680,53,12,89,7,-7.949973026478008,5
4681,51,10,29,6,-7.954085942877761,4
4682,5,25,65,15,-7.967561696591303,10
4683,13,30,81,19,-7.974436586188656,11
4684,4,12,12,8,-7.976222296376226,4
4685,84,28,5,17,-7.986435375626319,11
4686,87,14,15,8,-7.9871826221688895,6
4687,70,16,13,10,-7.990308468406848,6
4688,96,19,102,12,-7.995631160966494,7
4689,31,18,43,8,-8.011472574516002,10
4690,25,12,48,7,-8.01244102921806,5
4691,51,38,76,25,-8.013014238505109,13
4692,50,41,75,27,-8.02466935745211,14
4693,7,19,73,11,-8.049715087137763,8
4694,12,11,9,7,-8.058955245687951,4
4695,31,30,9,19,-8.059796732295993,11
4696,88,11,85,7,-8.068264760243629,4
4697,28,24,93,16,-8.07091688053174,8
4698,53,25,87,14,-8.07726427006638,11
4699,97,16,110,10,-8.077466293642948,6
4700,5,61,8,37,-8.080732178020163,24
4701,63,46,51,27,-8.098442592455973,19
4702,57,14,114,9,-8.115945976762234,5
4703,16,15,81,10,-8.120114808218235,5
4704,91,14,51,9,-8.141325110005308,5
4705,29,12,75,7,-8.144839094845086,5
4706,33,11,68,7,-8.166895131198164,4
4707,47,19,16,12,-8.178952833737181,7
4708,98,13,108,8,-8.179403178791246,5
4709,63,25,98,15,-8.180008105424527,10
4710,60,35,104,25,-8.183651908443377,10
4711,61,10,107,6,-8.19056957850756,4
4712,109,24,11,16,-8.196422948591085,8
4713,57,25,8,16,-8.20914757769532,9
4714,3,24,40,16,-8.21009163331203,8
4715,54,15,91,9,-8.22419323895329,6
4716,39,10,102,6,-8.224547128845817,4
4717,106,21,69,13,-8.230262561693124,8
4718,81,16,106,9,-8.234635443757195,7
4719,19,14,68,8,-8.240798182078718,6
4720,16,12,89,7,-8.24232911238878,5
4721,68,13,20,8,-8.25656599286033,5
4722,109,21,74,14,-8.264824669876235,7
4723,55,49,40,31,-8.264830770768937,18
4724,14,12,37,7,-8.266467835075433,5
4725,55,34,50,20,-8.268886532039618,14
4726,76,12,75,7,-8.269580351796622,5
4727,55,15,100,8,-8.275270908208638,7
4728,91,18,41,12,-8.276671952774393,6
4729,106,31,90,21,-8.28384546124837,10
4730,97,22,18,14,-8.298065482812461,8
4731,39,22,46,12,-8.306017430039844,10
4732,53,11,28,7,-8.30735230376955,4
4733,90,13,30,8,-8.325698662002964,5
4734,50,25,76,17,-8.328303760573554,8
4735,36,45,13,29,-8.340727615472174,16
4736,98,18,13,12,-8.341994513785483,6
4737,93,34,65,20,-8.350774120379098,14
4738,5,22,7,14,-8.357081514884824,8
4739,9,11,11,7,-8.359525570926444,4
4740,107,21,45,13,-8.374668953212842,8
4741,52,14,28,8,-8.38312541721312,6
4742,46,10,6,6,-8.386722378353735,4
4743,104,10,67,6,-8.393331116483225,4
4744,34,18,109,11,-8.400920779627398,7
4745,20,19,91,11,-8.407006886407046,8
4746,51,85,86,50,-8.410737442922484,35
4747,91,24,68,14,-8.412577437061726,10
4748,8,20,64,13,-8.418575329228208,7
4749,79,21,48,13,-8.423308200700253,8
4750,90,19,73,12,-8.424101991862472,7
4751,13,20,90,13,-8.424919065495569,7
4752,114,20,55,13,-8.432483182241098,7
4753,112,12,18,9,-8.434720932707336,3
4754,70,24,96,13,-8.437417991026262,11
4755,114,32,8,21,-8.446067232393617,11
4756,107,30,80,20,-8.450019757222567,10
4757,96,14,95,9,-8.450373982592183,5
4758,16,10,85,7,-8.463981088255796,3
4759,12,20,60,10,-8.47808740593529,10
4760,68,56,75,37,-8.483707229345061,19
4761,1,16,75,11,-8.487454866261048,5
4762,37,10,94,7,-8.495177713557316,3
4763,40,28,64,18,-8.49607162432113,10
4764,41,20,20,12,-8.49990215185767,8
4765,60,14,61,8,-8.502669551258707,6
4766,45,10,91,6,-8.504304930616431,4
4767,69,17,63,12,-8.506537399631055,5
4768,88,23,62,14,-8.51262512712999,9
4769,48,28,86,18,-8.527783865058888,10
4770,106,13,12,9,-8.530975907772833,4
4771,20,12,18,8,-8.532272478061662,4
4772,94,13,28,9,-8.536990091746686,4
4773,62,13,114,8,-8.549556180002718,5
4774,36,11,78,7,-8.552435160203329,4
4775,7,19,78,11,-8.565348954184037,8
4776,55,23,95,15,-8.57500650986488,8
4777,49,15,40,9,-8.588514005098899,6
4778,50,22,90,14,-8.598522697493998,8
4779,60,34,23,22,-8.60880728241122,12
4780,6,16,13,10,-8.627925335393327,6
4781,97,19,41,12,-8.638943706099203,7
4782,88,16,77,10,-8.678317130754186,6
4783,18,10,3,7,-8.681798681010822,3
4784,78,11,84,7,-8.686565818116156,4
4785,39,14,110,10,-8.694421097429624,4
4786,2,10,30,6,-8.704387763563812,4
4787,102,15,63,9,-8.71016569998991,6
4788,45,10,58,6,-8.721721801464438,4
4789,88,35,39,22,-8.74018182363142,13
4790,11,23,104,15,-8.742484307216113,8
4791,106,14,38,7,-8.74501943352997,7
4792,18,23,106,15,-8.778191080978738,8
4793,31,28,107,15,-8.798674063671838,13
4794,7,30,45,19,-8.801229657293117,11
4795,42,10,106,7,-8.802546839644418,3
4796,47,18,36,12,-8.810892372607713,6
4797,76,28,63,19,-8.821395394022662,9
4798,36,19,63,12,-8.822881427312195,7
4799,77,13,49,9,-8.842593838828112,4
4800,87,15,32,10,-8.84415502943487,5
4801,114,30,28,18,-8.875783073761175,12
4802,40,16,28,9,-8.877350715587879,7
4803,91,26,87,17,-8.887112732676092,9
4804,97,12,69,8,-8.888377862411463,4
4805,53,14,27,10,-8.90629843674804,4
4806,109,20,7,13,-8.908032141063202,7
4807,107,15,89,10,-8.908975430626485,5
4808,8,32,109,19,-8.913990428825272,13
4809,25,19,110,13,-8.917701672558223,6
4810,88,101,16,66,-8.91886711620617,35
4811,91,10,11,7,-8.923724837318142,3
4812,84,14,104,8,-8.932998314387538,6
4813,31,12,73,8,-8.93891957013575,4
4814,80,13,11,8,-8.941133144462878,5
4815,68,17,69,10,-8.951691444155669,7
4816,32,11,28,7,-8.963821007682874,4
4817,114,20,47,12,-8.969382880850324,8
4818,74,19,102,12,-8.969831254032448,7
4819,79,13,7,8,-8.987188867047667,5
4820,60,17,17,11,-8.995312545980157,6
4821,84,17,83,10,-8.998408234410352,7
4822,69,10,62,6,-9.00706523943993,4
4823,36,15,5,9,-9.008614310253614,6
4824,107,26,48,16,-9.037134061886896,10
4825,112,10,58,6,-9.041979275484929,4
4826,75,34,28,22,-9.068390514566694,12
4827,86,29,44,19,-9.073857704921481,10
4828,39,23,74,14,-9.075238839119185,9
4829,8,34,95,21,-9.07920947405897,13
4830,51,11,48,6,-9.079697327016946,5
4831,84,41,63,25,-9.10313407107926,16
4832,31,15,109,10,-9.113887572404183,5
4833,17,18,104,11,-9.118260519592534,7
4834,1,25,86,16,-9.124826219314393,9
4835,5,43,50,26,-9.156049369840705,17
4836,30,12,27,7,-9.159316291712273,5
4837,40,15,92,10,-9.168940871834318,5
4838,102,15,40,9,-9.171373555966687,6
4839,49,15,41,9,-9.171912615870816,6
4840,86,39,41,26,-9.172157333193885,13
4841,88,30,15,21,-9.176202112652083,9
4842,40,17,73,11,-9.199997222971483,6
4843,40,12,2,8,-9.204153353273353,4
4844,57,17,11,10,-9.206442600524502,7
4845,76,15,54,10,-9.214343370527448,5
4846,4,15,27,9,-9.21491506769711,6
4847,37,15,64,10,-9.227089681457189,5
4848,107,31,2,20,-9.235597195463592,11
4849,76,10,15,6,-9.241288842836557,4
4850,50,29,60,17,-9.241321859956901,12
4851,66,13,65,9,-9.24629898792323,4
4852,12,17,53,10,-9.27312011933641,7
4853,93,13,75,8,-9.279825087560207,5
4854,51,14,80,9,-9.288063840727723,5
4855,77,19,63,13,-9.291814452323939,6
4856,22,11,109,7,-9.30323095736105,4
4857,55,13,2,8,-9.30651882359562,5
4858,67,15,86,9,-9.306541844943451,6
4859,107,12,110,8,-9.307853181235297,4
4860,8,34,75,23,-9.310281336500847,11
4861,31,26,27,15,-9.313550400018615,11
4862,70,17,50,10,-9.316243790355681,7
4863,3,11,96,7,-9.338209367613162,4
4864,76,22,16,12,-9.339094465816045,10
4865,96,46,16,32,-9.342765312407819,14
4866,48,10,98,7,-9.346073134818255,3
4867,39,70,16,44,-9.35308699106358,26
4868,50,12,23,9,-9.354699302165743,3
4869,39,16,109,12,-9.356347251836707,4
4870,45,13,35,7,-9.365578608940048,6
4871,111,15,28,10,-9.365771514395545,5
4872,39,17,76,12,-9.374915521858478,5
4873,36,11,109,8,-9.390936468630553,3
4874,76,37,86,24,-9.404159373470087,13
4875,112,11,38,8,-9.413940162098223,3
4876,1,10,15,7,-9.42159486047143,3
4877,92,14,64,7,-9.432471863302016,7
4878,53,12,78,7,-9.436495389192622,5
4879,63,11,32,7,-9.44232166344675,4
4880,68,28,76,21,-9.459920139276978,7
4881,66,17,107,11,-9.469730190602778,6
4882,68,20,28,14,-9.499831291602458,6
4883,7,29,37,18,-9.500511382222342,11
4884,99,22,37,15,-9.502759058160713,7
4885,2,13,114,8,-9.50915856241785,5
4886,80,14,90,10,-9.509239360264804,4
4887,25,32,20,21,-9.520523686179052,11
4888,31,22,1,13,-9.525804060927038,9
4889,108,13,106,9,-9.535201707134298,4
4890,63,13,81,8,-9.541818568077552,5
4891,97,24,13,15,-9.567486234498414,9
4892,60,44,64,30,-9.569439655645416,14
4893,54,24,30,16,-9.570998833719646,8
4894,109,11,30,7,-9.576510357445859,4
4895,69,15,58,9,-9.580148024352619,6
4896,39,14,80,9,-9.589468521855673,5
4897,53,13,8,9,-9.596286006275326,4
4898,68,19,55,13,-9.598434976526491,6
4899,9,17,20,11,-9.610959353403572,6
4900,8,14,99,8,-9.611065592860308,6
4901,20,36,50,24,-9.619543641365507,12
4902,9,16,76,11,-9.62150457184245,5
4903,109,17,70,11,-9.623350653501726,6
4904,63,17,100,10,-9.628829836647936,7
4905,29,22,65,13,-9.643319235535328,9
4906,63,16,111,10,-9.656549842780757,6
4907,9,30,87,18,-9.657202776782615,12
4908,71,12,100,8,-9.66068752031631,4
4909,38,12,53,8,-9.664145468055217,4
4910,109,17,17,11,-9.67292277687966,6
4911,87,19,100,11,-9.686243494464469,8
4912,13,14,58,10,-9.687344315616334,4
4913,98,16,20,11,-9.710857533406992,5
4914,32,16,16,10,-9.721720922013692,6
4915,84,27,20,19,-9.752482123804995,8
4916,18,42,16,28,-9.75454627994462,14
4917,83,24,37,15,-9.783726366978415,9
4918,93,10,62,6,-9.798162399200404,4
4919,75,25,104,16,-9.822163907084752,9
4920,98,10,53,6,-9.839111782848335,4
4921,63,16,30,10,-9.842696842263113,6
4922,18,12,76,8,-9.8476224935035,4
4923,91,34,63,23,-9.863803572303501,11
4924,81,12,114,7,-9.869667650649568,5
4925,71,15,17,9,-9.874078720771612,6
4926,39,39,18,26,-9.885046818102037,13
4927,3,14,25,9,-9.907996037168818,5
4928,2,10,95,7,-9.9203126299905,3
4929,3,11,84,7,-9.953139102432955,4
4930,17,10,38,6,-9.957251396991314,4
4931,18,20,50,12,-9.960321484724405,8
4932,27,15,37,10,-9.960774411821363,5
4933,88,18,73,12,-9.974203425238962,6
4934,52,13,87,8,-9.98485251805505,5
4935,109,14,93,9,-9.987067099161266,5
4936,10,13,107,8,-9.98735340517921,5
4937,48,11,34,7,-9.987399142382838,4
4938,65,25,95,16,-9.987438820754939,9
4939,57,12,75,8,-10.001839571130395,4
4940,9,13,43,8,-10.011482215577137,5
4941,18,14,11,9,-10.031989827572827,5
4942,29,12,70,7,-10.037060199943543,5
4943,38,10,44,7,-10.048373138060267,3
4944,57,12,54,9,-10.066024134547122,3
4945,28,10,110,6,-10.066740720619942,4
4946,106,12,79,8,-10.079963228120917,4
4947,74,11,89,7,-10.093150392265773,4
4948,8,24,18,17,-10.10300859124231,7
4949,36,36,53,25,-10.11473282468799,11
4950,102,20,50,12,-10.118106239071224,8
4951,35,10,8,7,-10.118762046100299,3
4952,15,20,8,12,-10.121581558030638,8
4953,70,14,46,9,-10.128652016947743,5
4954,109,10,92,7,-10.132066653367776,3
4955,31,37,53,23,-10.136338371296794,14
4956,23,11,96,7,-10.143008283174424,4
4957,39,13,58,9,-10.147489402696785,4
4958,102,14,76,9,-10.166991590900437,5
4959,69,11,40,8,-10.175676528085834,3
4960,9,24,64,17,-10.178655144521004,7
4961,104,13,89,8,-10.178686881843591,5
4962,51,27,20,16,-10.18965396567182,11
4963,37,41,97,27,-10.190687502541847,14
4964,33,13,71,9,-10.195530501937561,4
4965,2,15,98,9,-10.198603389321665,6
4966,96,24,48,16,-10.200121519345737,8
4967,106,63,16,43,-10.201810935158226,20
4968,37,36,11,24,-10.207174749413833,12
4969,68,24,25,16,-10.21179043309895,8
4970,31,17,30,10,-10.214096274935343,7
4971,88,18,100,12,-10.248815429425125,6
4972,25,43,7,29,-10.249875265637383,14
4973,106,16,67,10,-10.252161434234205,6
4974,99,12,77,9,-10.252199704478636,3
4975,104,12,34,8,-10.27427919250402,4
4976,35,11,97,8,-10.275101346884465,3
4977,84,10,71,7,-10.279461085413814,3
4978,78,13,40,10,-10.282455211399137,3
4979,69,24,60,14,-10.299447344288494,10
4980,81,14,7,8,-10.321582987727558,6
4981,1,13,37,8,-10.34216426905315,5
4982,63,17,1,10,-10.344681903521664,7
4983,79,24,86,16,-10.359095369944336,8
4984,81,13,104,7,-10.361322759461327,6
4985,109,24,63,15,-10.36151391797182,9
4986,1,23,16,17,-10.375674453583683,6
4987,93,16,106,10,-10.37915501513517,6
4988,51,32,100,18,-10.389410054532467,14
4989,16,11,78,7,-10.397637170720277,4
4990,7,11,110,6,-10.42257657923173,5
4991,114,19,95,12,-10.422604339796184,7
4992,39,16,44,10,-10.434810009571377,6
4993,60,11,34,8,-10.444545857082172,3
4994,62,10,49,7,-10.453994552700898,3
4995,31,10,6,6,-10.459894630543896,4
4996,77,12,23,8,-10.47207373365885,4
4997,102,19,107,12,-10.474471969151432,7
4998,107,11,67,8,-10.497709880226346,3
4999,102,13,75,9,-10.50135368794083,4
5000,12,12,114,7,-10.504954578013217,5
5001,37,14,89,8,-10.519274673853,6
5002,17,10,102,7,-10.521913643472296,3
5003,97,19,71,13,-10.523533962196899,6
5004,66,10,7,6,-10.534532214717434,4
5005,56,16,86,11,-10.543126647721751,5
5006,84,24,11,16,-10.56388232319587,8
5007,9,15,95,9,-10.569002592922953,6
5008,7,51,75,34,-10.587695481592943,17
5009,38,15,75,11,-10.597530026810052,4
5010,91,31,7,22,-10.60910028610159,9
5011,101,12,16,8,-10.62271769748288,4
5012,71,18,98,12,-10.627953776602759,6
5013,64,20,30,13,-10.642272986004782,7
5014,98,25,5,16,-10.662918685540621,9
5015,86,32,102,22,-10.668729155825625,10
5016,17,23,40,16,-10.673939896309559,7
5017,28,20,34,14,-10.703466452032458,6
5018,74,25,51,18,-10.704030149650722,7
5019,39,20,100,13,-10.705146271922516,7
5020,36,13,43,8,-10.713552025008546,5
5021,111,11,54,8,-10.714143810197228,3
5022,60,15,37,9,-10.721994289598655,6
5023,39,20,23,13,-10.742827162036495,7
5024,53,22,41,15,-10.750334109299274,7
5025,45,13,23,9,-10.763590899157698,4
5026,7,11,59,8,-10.771239818059199,3
5027,15,11,47,7,-10.775485769989336,4
5028,35,14,36,10,-10.78250796990051,4
5029,91,25,55,18,-10.791612827626562,7
5030,77,27,104,18,-10.795670361212089,9
5031,18,20,15,14,-10.81146794442466,6
5032,87,25,98,17,-10.830753925226263,8
5033,77,16,71,11,-10.872072685026803,5
5034,41,21,111,13,-10.875724405637953,8
5035,88,41,63,29,-10.892208716891064,12
5036,46,11,100,7,-10.904685887838546,4
5037,5,17,73,11,-10.90738305979487,6
5038,31,10,78,6,-10.912809716780334,4
5039,57,19,70,11,-10.9253824683027,8
5040,64,14,27,10,-10.925557497140751,4
5041,13,10,89,6,-10.939542022741616,4
5042,91,12,23,7,-10.949067409142138,5
5043,107,19,15,14,-10.951282290046715,5
5044,53,10,15,7,-10.9539479023651,3
5045,47,15,9,10,-10.968614103246171,5
5046,88,37,50,24,-10.986958086725291,13
5047,43,18,75,13,-10.9894348107113,5
5048,107,13,56,8,-11.000292497508868,5
5049,71,13,15,9,-11.00914391321026,4
5050,68,12,45,8,-11.02401972838907,4
5051,114,12,32,8,-11.045874107216177,4
5052,114,26,87,16,-11.046799663049542,10
5053,11,11,99,7,-11.04788337752713,4
5054,87,10,12,7,-11.056786464431308,3
5055,80,13,78,9,-11.09791576617006,4
5056,32,13,74,9,-11.101664191982367,4
5057,107,27,57,18,-11.159896333247294,9
5058,4,16,43,10,-11.162760468553993,6
5059,107,38,30,25,-11.164530658826866,13
5060,46,15,30,10,-11.187097177578686,5
5061,109,10,91,7,-11.192740070217315,3
5062,61,12,6,8,-11.200388242698184,4
5063,65,45,114,29,-11.20792553692763,16
5064,1,11,89,7,-11.20901106938993,4
5065,87,13,79,10,-11.211504341364096,3
5066,106,18,98,12,-11.217270403208776,6
5067,51,13,73,9,-11.219804453521853,4
5068,112,21,64,15,-11.221424188476684,6
5069,96,20,46,12,-11.223825219116964,8
5070,109,17,75,12,-11.242273446455997,5
5071,51,28,95,20,-11.244919045567018,8
5072,72,18,86,12,-11.245438259267335,6
5073,81,13,40,9,-11.249205674756395,4
5074,83,16,107,11,-11.24958512039028,5
5075,70,29,87,18,-11.250414739740132,11
5076,48,12,90,8,-11.252381363492235,4
5077,86,20,26,14,-11.252422321391004,6
5078,103,14,86,9,-11.266539954551964,5
5079,20,10,64,8,-11.273683916826545,2
5080,86,10,29,7,-11.288307199014056,3
5081,5,10,80,7,-11.295210617596885,3
5082,96,25,7,18,-11.300422106484014,7
5083,70,15,30,9,-11.302914088005606,6
5084,79,10,80,6,-11.30670069299901,4
5085,28,46,63,32,-11.30701920844641,14
5086,60,23,47,16,-11.31330562577917,7
5087,18,12,69,8,-11.324568934723304,4
5088,46,10,18,7,-11.344187759634409,3
5089,43,15,100,9,-11.350388483589276,6
5090,38,11,4,8,-11.395009854616482,3
5091,35,23,76,15,-11.39691854534874,8
5092,95,10,29,7,-11.401888238693147,3
5093,106,39,114,26,-11.417874917507989,13
5094,104,17,64,12,-11.423286049235614,5
5095,60,14,76,11,-11.431632032165169,3
5096,88,10,98,7,-11.438021992981458,3
5097,81,14,47,10,-11.445134927289029,4
5098,57,12,65,8,-11.482165332996512,4
5099,69,26,16,17,-11.498005395527715,9
5100,91,10,69,6,-11.501202941557144,4
5101,54,44,37,30,-11.514339123049963,14
5102,76,15,74,9,-11.544600382799558,6
5103,15,10,49,7,-11.54727068179138,3
5104,71,10,111,7,-11.563837134119527,3
5105,104,16,36,10,-11.564722196156035,6
5106,50,15,33,10,-11.568332857311571,5
5107,39,15,90,10,-11.577976501423594,5
5108,17,15,53,10,-11.579207502470608,5
5109,88,65,13,44,-11.59374697560307,21
5110,12,15,23,10,-11.609859071319999,5
5111,10,14,7,9,-11.631959119868696,5
5112,19,19,7,14,-11.638604289638174,5
5113,103,11,55,8,-11.639657223031874,3
5114,107,17,78,12,-11.645622319804351,5
5115,9,15,17,10,-11.652473414654485,5
5116,1,12,18,9,-11.656493402808342,3
5117,46,12,53,8,-11.691208139074996,4
5118,96,13,91,9,-11.692854193124042,4
5119,70,23,108,16,-11.716508786473792,7
5120,67,11,16,8,-11.761532223804268,3
5121,1,37,55,26,-11.769033555767942,11
5122,71,19,104,12,-11.784281392964676,7
5123,65,12,91,8,-11.784658313781671,4
5124,54,10,44,7,-11.791894285038754,3
5125,40,21,8,15,-11.791921402372775,6
5126,87,23,48,16,-11.827762552608771,7
5127,14,18,16,12,-11.861448285420282,6
5128,104,18,90,12,-11.89837391797068,6
5129,11,13,93,10,-11.901577910299338,3
5130,18,27,95,18,-11.951490678023534,9
5131,104,12,1,8,-12.020108292717424,4
5132,20,14,34,10,-12.080633416209027,4
5133,96,27,98,18,-12.125771968912133,9
5134,63,12,92,7,-12.136993324985582,5
5135,30,13,34,9,-12.147427118368974,4
5136,70,22,2,14,-12.153236389251056,8
5137,76,18,7,11,-12.196617315781682,7
5138,106,11,78,8,-12.21024325274275,3
5139,28,32,74,22,-12.21103450586095,10
5140,70,21,11,15,-12.225051268467027,6
5141,39,23,91,16,-12.232573714352018,7
5142,35,10,87,6,-12.264853365777979,4
5143,35,23,107,17,-12.292793992800659,6
5144,108,10,28,6,-12.299856976610261,4
5145,51,13,111,9,-12.302448210462586,4
5146,29,14,60,9,-12.312227707725677,5
5147,19,12,87,8,-12.345271535363189,4
5148,12,11,75,7,-12.349857549218326,4
5149,54,22,100,15,-12.349967715760693,7
5150,33,13,87,9,-12.350753088118475,4
5151,60,20,49,14,-12.35214452080387,6
5152,97,12,67,9,-12.35346782744064,3
5153,8,13,78,10,-12.411635409020537,3
5154,53,16,43,12,-12.41343484704957,4
5155,50,17,36,10,-12.423703215189779,7
5156,88,40,53,28,-12.503961998215974,12
5157,35,11,104,7,-12.510382448223586,4
5158,5,27,75,17,-12.535083552437035,10
5159,31,71,13,48,-12.537286324138343,23
5160,51,15,15,10,-12.562268876837926,5
5161,5,27,57,19,-12.572003913811173,8
5162,63,34,80,24,-12.572385685987724,10
5163,13,14,80,9,-12.596651210163866,5
5164,54,33,75,22,-12.657132724468568,11
5165,5,14,48,10,-12.657719903594751,4
5166,52,11,30,8,-12.667026316194525,3
5167,88,16,111,12,-12.710530076381987,4
5168,36,16,8,11,-12.721597845881664,5
5169,106,24,46,15,-12.725492516069489,9
5170,106,14,33,10,-12.736963404825662,4
5171,36,10,95,7,-12.746346244298937,3
5172,81,12,54,8,-12.757047966098474,4
5173,27,20,104,15,-12.796343894614779,5
5174,2,10,7,7,-12.806641692773102,3
5175,104,20,49,14,-12.812277987885736,6
5176,112,14,60,10,-12.818986730922628,4
5177,9,10,108,6,-12.825707088631287,4
5178,65,20,2,15,-12.841827331353704,5
5179,109,19,27,12,-12.854514856980064,7
5180,38,14,104,9,-12.882056867121564,5
5181,75,12,98,8,-12.900340980932176,4
5182,92,13,41,9,-12.929503950347238,4
5183,114,12,27,8,-13.009570993376595,4
5184,65,29,27,20,-13.035250514579241,9
5185,36,26,27,17,-13.042063327238697,9
5186,46,38,104,26,-13.083570903140272,12
5187,90,15,20,10,-13.08396173697106,5
5188,28,17,69,11,-13.091770978065748,6
5189,39,29,30,20,-13.10113473228172,9
5190,38,10,2,6,-13.106587736027677,4
5191,38,12,71,9,-13.11375866950239,3
5192,70,10,83,6,-13.118339150755117,4
5193,112,13,51,9,-13.12503322058542,4
5194,77,15,53,10,-13.125923769197522,5
5195,37,28,95,21,-13.149042342745602,7
5196,88,17,102,13,-13.153141792955822,4
5197,28,13,41,9,-13.19117071449606,4
5198,54,18,36,12,-13.217744798273172,6
5199,54,26,48,18,-13.218100464174018,8
5200,60,25,27,19,-13.218976933527705,6
5201,46,16,50,10,-13.220197801431315,6
5202,60,13,108,9,-13.225499906177387,4
5203,41,16,8,12,-13.244566662838952,4
5204,88,36,95,25,-13.24512473637818,11
5205,96,39,11,27,-13.252582377716239,12
5206,11,23,95,17,-13.263288005084238,6
5207,5,31,102,21,-13.269431869962297,10
5208,99,12,7,8,-13.274517260788413,4
5209,106,19,64,13,-13.295192075566398,6
5210,112,12,100,8,-13.302851040311163,4
5211,3,11,15,7,-13.34908879632687,4
5212,83,18,16,13,-13.35123547721314,5
5213,32,11,55,7,-13.36363963009391,4
5214,3,11,20,8,-13.405548087680682,3
5215,62,18,74,13,-13.411803700884379,5
5216,53,15,75,10,-13.423496737137004,5
5217,32,12,25,7,-13.427877456338663,5
5218,55,17,102,12,-13.448934349992442,5
5219,90,10,93,7,-13.452391800759145,3
5220,39,24,15,18,-13.46292216758355,6
5221,46,11,98,7,-13.482621473195687,4
5222,70,10,34,7,-13.500624883981926,3
5223,29,17,88,12,-13.506047616712264,5
5224,9,23,41,16,-13.506797271173358,7
5225,1,10,78,7,-13.511302040012385,3
5226,103,11,74,8,-13.53565105452587,3
5227,10,10,37,6,-13.538762623915119,4
5228,46,12,93,9,-13.65474091099076,3
5229,83,21,13,15,-13.661177574867319,6
5230,86,16,92,11,-13.67676060817369,5
5231,57,19,7,12,-13.697105013999769,7
5232,44,14,104,10,-13.703910249073422,4
5233,31,25,63,18,-13.714594813504094,7
5234,33,14,63,10,-13.733555706081619,4
5235,84,11,112,8,-13.73982462792298,3
5236,112,11,97,9,-13.794615799527321,2
5237,63,16,57,10,-13.810752926681854,6
5238,27,11,49,8,-13.828388035620172,3
5239,8,17,34,12,-13.860433740960481,5
5240,83,13,11,10,-13.863860744018641,3
5241,13,23,30,15,-13.875626061777945,8
5242,54,16,2,12,-13.913344645570438,4
5243,83,11,23,8,-13.9232349355535,3
5244,57,11,34,8,-13.937862830072245,3
5245,69,19,75,14,-13.94230448490658,5
5246,71,24,40,17,-13.948125771645659,7
5247,68,15,58,11,-13.959014166695402,4
5248,77,29,40,21,-14.048771071022598,8
5249,71,10,91,7,-14.063234581200414,3
5250,54,18,71,12,-14.18324547541803,6
5251,80,11,41,8,-14.186716292232557,3
5252,66,11,63,8,-14.209916362631542,3
5253,60,28,91,19,-14.21948701708733,9
5254,77,15,30,11,-14.240898393688356,4
5255,94,21,16,15,-14.265495530226403,6
5256,60,21,74,14,-14.268042080973927,7
5257,11,11,30,8,-14.299516136130784,3
5258,37,12,34,9,-14.300571264435137,3
5259,102,11,46,8,-14.307494713152051,3
5260,50,18,80,14,-14.309192739594003,4
5261,77,27,7,19,-14.33556677589385,8
5262,51,22,77,15,-14.341625905559265,7
5263,83,10,40,8,-14.347262135245904,2
5264,14,11,80,7,-14.435345395194508,4
5265,5,12,44,9,-14.447481002517355,3
5266,2,10,73,7,-14.457830254043136,3
5267,25,12,34,9,-14.468789684868275,3
5268,51,18,45,13,-14.493324057948728,5
5269,58,12,54,8,-14.49579317723416,4
5270,2,12,13,8,-14.516038794033763,4
5271,37,12,73,8,-14.533349572792924,4
5272,99,12,50,8,-14.581629542155014,4
5273,55,11,15,9,-14.630800697849656,2
5274,97,11,14,9,-14.634263785488013,2
5275,83,19,114,14,-14.71253096490687,5
5276,102,10,90,6,-14.739148726840858,4
5277,106,14,32,11,-14.741977351969277,3
5278,81,20,51,13,-14.752117268796246,7
5279,2,10,57,7,-14.75670329182861,3
5280,37,12,18,9,-14.803594606441187,3
5281,85,11,55,8,-14.836765173492132,3
5282,91,17,30,13,-14.854653528597783,4
5283,108,10,8,8,-14.88327570809189,2
5284,39,12,108,8,-14.895578870301286,4
5285,104,16,9,11,-14.915937256999365,5
5286,17,21,95,16,-14.970865650802967,5
5287,75,10,45,8,-15.003649946946844,2
5288,99,18,25,13,-15.014737107768294,5
5289,7,15,61,10,-15.062720453324895,5
5290,3,17,63,14,-15.071396371833842,3
5291,13,11,19,8,-15.079444977391654,3
5292,9,12,48,9,-15.097519161061683,3
5293,35,11,27,8,-15.129282720135883,3
5294,71,17,41,13,-15.162388636591329,4
5295,68,15,61,11,-15.24709195978541,4
5296,99,18,107,13,-15.347683777553833,5
5297,71,10,11,7,-15.386871545741162,3
5298,25,14,49,10,-15.43786379260084,4
5299,107,25,73,17,-15.460672720698524,8
5300,94,16,81,10,-15.463781780556559,6
5301,60,13,100,10,-15.468043250681323,3
5302,31,15,69,10,-15.502962092044207,5
5303,2,18,104,12,-15.50344370749933,6
5304,106,10,89,6,-15.508251121091035,4
5305,14,11,25,9,-15.536643242754739,2
5306,31,12,104,8,-15.561592201078605,4
5307,5,20,23,15,-15.563915929412014,5
5308,31,44,16,32,-15.592889476070622,12
5309,45,14,4,10,-15.600891470448104,4
5310,85,11,106,8,-15.605731963514037,3
5311,97,13,90,9,-15.62188808576594,4
5312,88,16,80,11,-15.676196886577952,5
5313,1,13,8,10,-15.702434313684371,3
5314,80,13,75,10,-15.71805205236554,3
5315,35,12,80,9,-15.72406211872363,3
5316,77,14,37,10,-15.73169378416834,4
5317,96,16,93,12,-15.73319462766121,4
5318,35,10,75,8,-15.755761764469415,2
5319,63,17,62,12,-15.764032245306241,5
5320,37,10,15,8,-15.78269510258246,2
5321,77,16,8,12,-15.792942369486319,4
5322,70,10,48,7,-15.796496446665468,3
5323,39,18,99,14,-15.84878961626863,4
5324,12,15,41,11,-15.852631956602023,4
5325,91,11,76,9,-15.872477419459234,2
5326,9,30,53,22,-15.894615033798411,8
5327,70,13,80,11,-15.90133341789594,2
5328,63,13,14,9,-15.961958621197994,4
5329,31,16,98,11,-16.004000710168857,5
5330,5,18,41,12,-16.050377082501456,6
5331,112,15,28,11,-16.113496626946453,4
5332,17,15,23,11,-16.142798996109963,4
5333,52,17,86,13,-16.226058333370403,4
5334,58,18,65,13,-16.230092308358206,5
5335,69,21,53,15,-16.247322250303586,6
5336,51,19,78,13,-16.249500683193986,6
5337,25,25,11,20,-16.429746187224737,5
5338,55,15,14,12,-16.464885141480416,3
5339,79,12,104,8,-16.610032165830475,4
5340,36,10,101,8,-16.627946704419497,2
5341,41,12,30,8,-16.67014747818193,4
5342,71,15,95,10,-16.72675418994599,5
5343,68,13,50,9,-16.739560938672483,4
5344,76,10,1,7,-16.815372977495876,3
5345,30,14,95,10,-16.836817117204564,4
5346,97,14,38,11,-16.838290194315167,3
5347,31,10,38,6,-16.97274158238424,4
5348,50,16,77,13,-16.97319460562341,3
5349,87,12,34,9,-16.98781036825935,3
5350,50,18,53,13,-17.001925465006995,5
5351,109,25,114,20,-17.09393681935433,5
5352,10,13,51,10,-17.100960272868033,3
5353,69,14,49,10,-17.144708838601282,4
5354,5,22,27,16,-17.186967099907662,6
5355,35,12,63,9,-17.190706154289504,3
5356,106,10,35,7,-17.319051156851785,3
5357,39,10,45,7,-17.32115834390289,3
5358,43,10,45,7,-17.339723268429022,3
5359,18,14,23,10,-17.468338798211544,4
5360,83,11,110,9,-17.575104905290946,2
5361,28,27,90,21,-17.5763540242808,6
5362,9,14,15,10,-17.660327773109127,4
5363,3,11,5,7,-17.694163901939547,4
5364,69,14,30,10,-17.76525861498344,4
5365,5,18,30,15,-17.81053305502534,3
5366,8,10,69,8,-17.824588271872045,2
5367,88,17,32,13,-17.824594134673823,4
5368,114,11,111,8,-17.846918134233796,3
5369,57,11,69,9,-17.903713317642495,2
5370,68,21,95,18,-17.962668451083434,3
5371,33,18,55,14,-17.969879843551904,4
5372,55,11,44,8,-18.073593929874917,3
5373,19,10,55,7,-18.123273148174388,3
5374,68,14,100,10,-18.136118826499686,4
5375,43,15,55,13,-18.330276358916965,2
5376,103,10,109,7,-18.37872283171988,3
5377,18,10,5,8,-18.464269170029826,2
5378,33,14,65,11,-18.512762180418843,3
5379,31,15,106,11,-18.52908676481624,4
5380,68,16,112,12,-18.588570282412533,4
5381,28,17,99,13,-18.754584808369174,4
5382,81,15,87,10,-18.82493018419675,5
5383,11,10,2,8,-18.92308479788875,2
5384,4,13,98,11,-18.936498509144613,2
5385,106,10,92,8,-19.041690772468705,2
5386,112,11,47,8,-19.080669070907977,3
5387,2,10,100,7,-19.143504228869272,3
5388,57,10,31,7,-19.217116599721326,3
5389,54,16,4,14,-19.244087603842104,2
5390,18,14,99,11,-19.290873438644514,3
5391,12,11,27,9,-19.43334632488541,2
5392,77,16,16,13,-19.494965112936953,3
5393,51,10,101,8,-19.538804927619935,2
5394,68,10,90,8,-19.75244962865367,2
5395,32,12,95,10,-19.760326388824467,2
5396,75,11,111,8,-20.026411874817093,3
5397,36,18,30,16,-20.033620464488322,2
5398,51,15,2,11,-20.284269757170097,4
5399,91,12,43,10,-20.29321965959792,2
5400,35,11,48,9,-20.438098241934796,2
5401,81,12,49,9,-20.5963472275708,3
5402,112,10,87,8,-20.648609256164324,2
5403,79,10,30,8,-20.824119521738712,2
5404,38,11,55,9,-20.87506721402826,2
5405,84,10,7,8,-21.17364400986741,2
5406,51,17,90,15,-21.316832661511143,2
5407,91,16,104,15,-21.31971827875211,1
5408,4,13,25,11,-21.42004260246313,2
5409,97,10,34,8,-21.449947297008155,2
5410,4,15,41,10,-21.480590173913868,5
5411,58,15,86,12,-21.50384076763655,3
5412,31,12,62,9,-21.790941067775986,3
5413,112,15,20,13,-21.822113913104296,2
5414,97,12,91,10,-22.175648770183788,2
5415,51,11,34,9,-22.213174768846976,2
5416,65,25,100,22,-22.41765276800298,3
5417,47,10,55,8,-22.558686434869564,2
5418,3,15,75,13,-22.902900400824407,2
5419,112,16,78,13,-23.022086157312128,3
5420,28,10,10,9,-23.03135332069283,1
5421,9,21,27,17,-23.072306521845082,4
5422,8,11,4,10,-23.17790508365148,1
5423,112,12,71,10,-23.507799276651657,2
5424,102,10,30,8,-23.768301124479738,2
5425,69,11,27,9,-23.965125451311458,2
5426,97,12,73,9,-24.10757303293757,3
5427,107,10,19,10,-24.226623453768692,0
5428,112,10,49,9,-24.460078908180627,1
5429,77,16,75,14,-26.22826719913648,2
5430,37,10,44,10,-28.25347707422472,0
5431,23,11,90,10,-28.300961743533676,1
