,againstHero,games,hero,losses,shift,wins
0,90,11,23,1,28.300961743533684,10
1,75,15,77,2,25.509874365270075,13
2,41,14,4,4,25.49518204204923,10
3,48,10,35,1,25.155197930838906,9
4,49,10,112,1,24.460078908180627,9
5,19,10,107,0,24.226623453768696,10
6,73,12,97,3,24.10757303293757,9
7,27,10,69,2,23.704204091949634,8
8,71,12,112,2,23.507799276651657,10
9,44,10,55,2,23.361076236430034,8
10,30,16,36,1,23.26811504254274,15
11,2,14,51,3,23.236324904468606,11
12,27,21,9,4,23.07230652184508,17
13,10,10,28,1,23.03135332069283,9
14,15,13,9,3,22.928409220421134,10
15,100,24,65,3,22.619531397644256,21
16,4,10,8,1,22.405576197695062,9
17,91,11,97,2,22.276396914355818,9
18,34,11,51,2,22.213174768846972,9
19,23,13,17,2,21.59864600416367,11
20,86,15,58,3,21.50384076763655,12
21,34,10,97,2,21.449947297008155,8
22,25,13,4,2,21.42004260246313,11
23,104,16,91,1,21.319718278752113,15
24,90,17,51,2,21.316832661511135,15
25,7,10,84,2,21.17364400986741,8
26,55,17,33,3,21.027735426652754,14
27,55,11,38,2,20.87506721402826,9
28,30,10,79,2,20.824119521738705,8
29,20,11,112,2,20.521376649795286,9
30,43,12,91,2,20.29321965959792,10
31,75,13,3,2,20.269434346658137,11
32,111,11,75,3,20.02641187481709,8
33,53,28,9,6,19.93974090037054,22
34,95,12,32,2,19.760326388824463,10
35,90,10,68,2,19.75244962865367,8
36,4,13,54,2,19.41862990664952,11
37,99,14,18,3,19.290873438644514,11
38,98,13,4,2,18.936498509144613,11
39,2,10,11,2,18.923084797888755,8
40,99,17,28,4,18.754584808369174,13
41,27,10,12,2,18.745339188817162,8
42,39,10,112,3,18.554933521001775,7
43,16,15,77,3,18.527051782521912,12
44,65,14,33,3,18.51276218041885,11
45,49,10,81,3,18.504867259421538,7
46,5,10,18,2,18.464269170029823,8
47,30,14,77,3,18.43097958565835,11
48,109,10,103,3,18.37872283171988,7
49,62,10,31,3,18.377852941958043,7
50,30,15,31,5,18.11699342281865,10
51,41,16,71,3,18.08946308130621,13
52,57,13,39,3,18.06250612868026,10
53,58,12,68,3,17.99999433156734,9
54,69,11,57,2,17.903713317642495,9
55,87,14,81,5,17.895986818118363,9
56,111,11,114,3,17.846918134233796,8
57,32,17,88,4,17.82459413467382,13
58,30,18,5,3,17.81053305502534,15
59,30,14,69,4,17.765258614983445,10
60,5,11,3,4,17.694163901939547,7
61,13,19,83,4,17.652916390105933,15
62,90,27,28,6,17.576354024280796,21
63,110,11,83,2,17.575104905290946,9
64,16,10,67,2,17.493350405648194,8
65,23,14,18,4,17.468338798211544,10
66,55,14,43,2,17.432353674324194,12
67,15,21,39,4,17.42156046310767,17
68,45,10,43,3,17.339723268429022,7
69,35,10,106,3,17.319051156851785,7
70,100,13,68,4,17.287141142351707,9
71,63,12,35,3,17.190706154289504,9
72,27,22,5,6,17.18696709990766,16
73,49,14,69,4,17.144708838601282,10
74,51,13,10,3,17.10096027286803,10
75,114,25,109,5,17.093936819354333,20
76,53,18,50,5,17.001925465006988,13
77,34,12,87,3,16.987810368259346,9
78,77,16,50,3,16.97319460562341,13
79,38,10,31,4,16.97274158238424,6
80,104,13,38,4,16.932665821816894,9
81,106,13,31,4,16.86539107583447,9
82,38,14,97,3,16.838290194315167,11
83,95,14,30,4,16.836817117204568,10
84,1,10,76,3,16.815372977495876,7
85,75,18,69,4,16.79312367014116,14
86,50,13,68,4,16.739560938672486,9
87,87,10,19,3,16.682250206717093,7
88,30,12,41,4,16.67014747818193,8
89,51,18,81,6,16.64707910164545,12
90,101,10,36,2,16.6279467044195,8
91,104,12,79,4,16.610032165830475,8
92,14,15,55,3,16.464885141480416,12
93,11,25,25,5,16.429746187224733,20
94,95,14,71,5,16.392856882688648,9
95,47,10,15,3,16.295058176377424,7
96,53,21,69,6,16.247322250303586,15
97,30,22,13,7,16.24126600025946,15
98,65,18,58,5,16.230092308358206,13
99,4,13,45,4,16.22176504033788,9
100,1,11,104,3,16.17092612327934,8
101,28,15,112,4,16.11349662694645,11
102,37,13,77,4,16.05875315967213,9
103,41,18,5,6,16.05037708250146,12
104,98,16,31,5,16.004000710168853,11
105,33,13,106,3,16.002155435620434,10
106,14,13,63,4,15.961958621197992,9
107,80,13,70,2,15.901333417895936,11
108,76,11,91,2,15.872477419459232,9
109,99,18,39,4,15.84878961626863,14
110,48,10,70,3,15.796496446665468,7
111,8,16,77,4,15.792942369486319,12
112,7,14,19,3,15.791436877857704,11
113,15,10,37,2,15.78269510258246,8
114,48,10,25,3,15.782340463377466,7
115,62,17,63,5,15.764032245306241,12
116,75,10,35,2,15.755761764469415,8
117,93,16,96,4,15.733194627661211,12
118,80,12,35,3,15.72406211872363,9
119,75,13,80,3,15.718052052365534,10
120,8,13,1,3,15.702434313684373,10
121,95,19,68,3,15.650860272181013,16
122,90,13,97,4,15.621888085765939,9
123,7,26,77,7,15.579334977261833,19
124,23,20,5,5,15.563915929412016,15
125,104,12,31,4,15.561592201078605,8
126,25,11,14,2,15.536643242754739,9
127,89,10,106,4,15.508251121091039,6
128,86,16,52,4,15.506556487763946,12
129,104,18,2,6,15.503443707499333,12
130,100,13,60,3,15.468043250681323,10
131,73,25,107,8,15.460672720698525,17
132,49,14,25,4,15.43786379260084,10
133,11,10,71,3,15.386871545741162,7
134,107,18,99,5,15.347683777553831,13
135,49,19,60,5,15.34016466894574,14
136,91,11,65,3,15.248119768267996,8
137,61,15,68,4,15.24709195978541,11
138,60,11,112,3,15.186272615420865,8
139,27,11,35,3,15.129282720135883,8
140,48,12,9,3,15.097519161061681,9
141,69,14,31,5,15.039257334356927,9
142,25,18,99,5,15.014737107768298,13
143,45,10,75,2,15.003649946946844,8
144,95,21,17,5,14.970865650802967,16
145,9,16,104,5,14.915937256999364,11
146,76,13,60,2,14.892670155328526,11
147,8,10,108,2,14.883275708091887,8
148,30,17,91,4,14.854653528597783,13
149,55,11,85,3,14.836765173492136,8
150,41,21,9,6,14.805256847596036,15
151,18,12,37,3,14.803594606441186,9
152,41,13,12,4,14.762209694092626,9
153,32,14,106,3,14.741977351969275,11
154,56,12,107,4,14.703414597955643,8
155,16,42,31,12,14.686484334749888,30
156,14,11,97,2,14.634263785488013,9
157,15,11,55,2,14.630800697849656,9
158,50,12,99,4,14.581629542155014,8
159,61,14,7,5,14.551359604453022,9
160,73,12,37,4,14.533349572792922,8
161,13,12,2,4,14.516038794033767,8
162,86,13,103,4,14.510211792841789,9
163,45,18,51,5,14.493324057948724,13
164,34,12,25,3,14.468789684868277,9
165,73,10,2,3,14.457830254043136,7
166,44,12,5,3,14.447481002517355,9
167,80,11,14,4,14.435345395194508,7
168,40,10,83,2,14.347262135245902,8
169,80,18,50,4,14.309192739594003,14
170,46,11,102,3,14.30749471315205,8
171,34,12,37,3,14.30057126443514,9
172,30,11,11,3,14.29951613613078,8
173,74,21,60,7,14.268042080973931,14
174,91,28,60,9,14.219487017087326,19
175,63,15,3,3,14.214476537994559,12
176,63,11,66,3,14.209916362631539,8
177,71,18,54,6,14.183245475418028,12
178,43,15,4,5,14.167328640823259,10
179,91,10,71,3,14.063234581200414,7
180,40,29,77,8,14.048771071022596,21
181,106,10,85,3,14.038531848848221,7
182,57,14,63,5,14.005769262322856,9
183,114,18,83,5,13.959074384580724,13
184,40,24,71,7,13.948125771645659,17
185,23,11,83,3,13.9232349355535,8
186,2,16,54,4,13.913344645570438,12
187,11,13,83,3,13.863860744018647,10
188,39,14,38,4,13.813159923208765,10
189,43,12,9,4,13.800780824161127,8
190,97,11,112,2,13.794615799527321,9
191,109,10,36,2,13.76618884634921,8
192,47,22,60,6,13.763300022789732,16
193,80,13,39,4,13.744061353836228,9
194,54,11,58,4,13.723463958291575,7
195,87,12,52,4,13.717025989199326,8
196,104,14,44,4,13.703910249073422,10
197,39,10,97,3,13.662889543825607,7
198,93,12,46,3,13.65474091099076,9
199,78,10,36,3,13.654062957323884,7
200,81,15,94,6,13.59005711274676,9
201,74,11,103,3,13.53565105452587,8
202,34,10,70,3,13.500624883981928,7
203,98,11,46,4,13.482621473195683,7
204,93,10,90,3,13.452391800759148,7
205,102,17,55,5,13.448934349992445,12
206,25,12,32,5,13.427877456338663,7
207,74,18,62,5,13.411803700884374,13
208,26,15,86,4,13.377068508342035,11
209,55,11,32,4,13.36363963009391,7
210,34,11,20,3,13.36206244645375,8
211,16,18,83,5,13.351235477213141,13
212,78,16,51,6,13.341291870311672,10
213,63,24,31,7,13.327904926048317,17
214,30,22,54,6,13.323976347634606,16
215,64,19,106,6,13.295192075566398,13
216,49,12,77,3,13.281163183221421,9
217,7,12,99,4,13.274517260788409,8
218,102,31,5,10,13.269431869962297,21
219,80,15,88,5,13.263947598977518,10
220,95,23,11,6,13.26328800508424,17
221,11,39,96,12,13.25258237771624,27
222,95,36,88,11,13.24512473637818,25
223,8,16,41,4,13.244566662838952,12
224,108,13,60,4,13.225499906177388,9
225,50,16,46,6,13.220197801431311,10
226,27,25,60,6,13.218976933527705,19
227,48,26,54,8,13.218100464174018,18
228,95,28,37,7,13.149042342745604,21
229,53,15,77,5,13.125923769197524,10
230,51,13,112,4,13.12503322058542,9
231,83,10,70,4,13.118339150755117,6
232,71,12,38,3,13.11375866950239,9
233,13,62,88,18,13.098855821417008,44
234,104,38,46,12,13.083570903140268,26
235,27,26,36,9,13.042063327238692,17
236,58,12,39,3,13.038608389876652,9
237,27,29,65,9,13.035250514579241,20
238,27,12,114,4,13.009570993376595,8
239,44,13,39,4,12.955209040520206,9
240,41,13,92,4,12.929503950347241,9
241,100,11,112,4,12.914695166101952,7
242,40,22,17,6,12.90898046932079,16
243,98,12,75,4,12.900340980932176,8
244,27,19,109,7,12.854514856980066,12
245,2,20,65,5,12.841827331353704,15
246,81,12,63,4,12.812847865042881,8
247,49,20,104,6,12.812277987885736,14
248,30,28,39,9,12.799883930256145,19
249,104,20,27,5,12.796343894614777,15
250,7,12,79,4,12.7579472840455,8
251,54,12,81,4,12.757047966098476,8
252,95,10,36,3,12.746346244298937,7
253,76,10,49,3,12.730664919589284,7
254,8,16,36,5,12.721597845881664,11
255,111,16,88,4,12.710530076381987,12
256,15,19,18,5,12.69776862546919,14
257,98,24,87,7,12.694500945202563,17
258,16,15,32,5,12.664143019872137,10
259,48,14,5,4,12.657719903594751,10
260,80,34,63,10,12.572385685987726,24
261,57,27,5,8,12.572003913811171,19
262,75,27,5,10,12.535083552437033,17
263,104,11,35,4,12.510382448223591,7
264,63,13,33,4,12.504557453048944,9
265,7,16,76,6,12.49941002448646,10
266,17,16,60,5,12.448164416078779,11
267,36,17,50,7,12.423703215189779,10
268,34,18,28,5,12.414056941476707,13
269,67,12,97,3,12.35346782744064,9
270,87,13,33,4,12.350753088118475,9
271,75,11,12,4,12.349857549218326,7
272,19,10,13,3,12.341005194030599,7
273,1,16,54,5,12.335046149547109,11
274,111,13,51,4,12.302448210462586,9
275,107,23,35,6,12.292793992800663,17
276,87,10,35,4,12.264853365777977,6
277,91,23,39,7,12.232573714352018,16
278,11,21,70,6,12.22505126846703,15
279,74,32,28,10,12.211034505860946,22
280,78,11,106,3,12.210243252742755,8
281,81,11,3,3,12.155160092526982,8
282,2,22,70,8,12.153236389251056,14
283,80,13,13,5,12.146905118225318,8
284,30,16,18,5,12.140508052621858,11
285,92,12,63,5,12.136993324985582,7
286,98,27,96,9,12.125771968912133,18
287,100,31,51,13,12.11891302681655,18
288,100,21,54,7,12.101272575720131,14
289,1,21,31,8,12.094663220680305,13
290,108,10,39,4,12.092502238135154,6
291,88,16,29,5,12.083806084198883,11
292,100,16,88,5,12.053435860435952,11
293,41,20,53,6,12.033617238867736,14
294,63,18,36,6,12.028301692206846,12
295,49,10,27,3,12.01055997009829,7
296,13,67,31,22,11.998821828703202,45
297,36,17,54,6,11.992225375996666,11
298,95,27,18,9,11.951490678023532,18
299,92,15,86,5,11.933731151246336,10
300,46,23,106,9,11.922619928802634,14
301,93,13,11,3,11.901577910299338,10
302,90,18,104,6,11.89837391797068,12
303,33,10,31,4,11.850735149227052,6
304,107,12,10,4,11.793904653306294,8
305,8,21,40,6,11.791921402372775,15
306,104,19,71,7,11.784281392964672,12
307,55,37,1,11,11.76903355576794,26
308,34,10,48,3,11.721604635677128,7
309,18,10,20,3,11.717773552789355,7
310,91,13,96,4,11.692854193124042,9
311,53,12,46,4,11.691208139075002,8
312,76,10,108,3,11.689376602430274,7
313,34,14,8,5,11.662395965359968,9
314,55,11,103,3,11.639657223031874,8
315,33,15,50,5,11.568332857311571,10
316,111,10,71,3,11.563837134119533,7
317,49,10,15,3,11.54727068179138,7
318,87,29,9,11,11.545859379034649,18
319,74,15,76,6,11.544600382799558,9
320,86,12,94,4,11.54407414297375,8
321,64,22,9,6,11.52528235286109,16
322,37,44,54,14,11.514339123049963,30
323,69,10,91,4,11.501202941557144,6
324,6,10,55,2,11.480199964282336,8
325,109,14,39,3,11.474627980391471,11
326,41,12,28,4,11.455962851607183,8
327,98,10,88,3,11.438021992981463,7
328,64,17,104,5,11.423286049235612,12
329,114,39,106,13,11.417874917507987,26
330,47,13,81,4,11.417300592609504,9
331,29,10,95,3,11.401888238693152,7
332,76,23,35,8,11.396918545348738,15
333,41,10,96,2,11.395654048565303,8
334,4,11,38,3,11.395009854616484,8
335,28,13,52,5,11.390219996371501,8
336,43,15,53,4,11.385837645609968,11
337,37,14,27,4,11.378309035824227,10
338,60,13,29,5,11.371173035745986,8
339,63,43,28,13,11.360458090424718,30
340,69,15,28,6,11.351855367268074,9
341,84,10,60,2,11.347879767103896,8
342,77,20,51,7,11.333764666726038,13
343,53,38,88,12,11.330524755184722,26
344,48,23,96,7,11.32304165734682,16
345,80,10,79,4,11.30670069299901,6
346,80,10,5,3,11.295210617596885,7
347,7,23,96,6,11.288312427978337,17
348,29,10,86,3,11.288307199014056,7
349,98,23,63,8,11.268443265371468,15
350,90,12,48,4,11.252381363492233,8
351,87,29,70,11,11.250414739740135,18
352,40,13,81,4,11.249205674756393,9
353,86,18,72,6,11.245438259267337,12
354,95,28,51,8,11.244919045567018,20
355,114,12,62,4,11.242008485847649,8
356,76,27,68,6,11.237056803999655,21
357,16,19,94,6,11.236807003120548,13
358,46,20,96,8,11.223825219116966,12
359,73,13,51,4,11.219804453521853,9
360,98,18,106,6,11.217270403208776,12
361,64,14,43,5,11.21593403848164,9
362,9,11,61,3,11.213373635519314,8
363,79,13,87,3,11.211504341364096,10
364,89,11,1,4,11.209011069389932,7
365,6,12,61,4,11.200388242698187,8
366,91,10,109,3,11.192740070217315,7
367,30,15,46,5,11.187097177578687,10
368,18,11,1,3,11.165626164288787,8
369,74,13,32,4,11.101664191982366,9
370,78,13,80,4,11.097915766170063,9
371,34,12,30,4,11.074025628614608,8
372,110,18,25,5,11.063714709672922,13
373,99,11,11,4,11.04788337752713,7
374,87,26,114,10,11.046799663049546,16
375,32,12,114,4,11.045874107216177,8
376,15,13,71,4,11.00914391321026,9
377,47,19,114,7,11.005167926974362,12
378,38,10,54,3,10.990145608410517,7
379,50,37,88,13,10.986958086725295,24
380,9,15,47,5,10.968614103246173,10
381,15,10,53,3,10.953947902365101,7
382,75,14,53,5,10.951715748098703,9
383,23,12,91,5,10.949067409142136,7
384,109,13,31,4,10.938945271577337,9
385,27,14,64,4,10.925557497140753,10
386,55,17,68,5,10.910749157644128,12
387,73,17,5,6,10.907383059794872,11
388,100,11,46,4,10.904685887838546,7
389,63,41,88,12,10.89220871689106,29
390,111,21,41,8,10.875724405637953,13
391,71,16,77,5,10.872072685026803,11
392,108,22,70,7,10.841065136029917,15
393,48,25,107,9,10.827629447931269,16
394,104,27,77,9,10.795670361212093,18
395,55,25,91,7,10.791612827626562,18
396,36,14,35,4,10.78250796990051,10
397,59,11,7,3,10.771239818059199,8
398,23,13,45,4,10.7635908991577,9
399,13,17,98,5,10.744670761259274,12
400,37,15,60,6,10.721994289598655,9
401,16,17,47,6,10.715296222565826,11
402,54,11,111,3,10.714143810197228,8
403,43,13,36,5,10.713552025008548,8
404,20,25,51,10,10.704829023043489,15
405,51,25,74,7,10.704030149650722,18
406,5,25,98,9,10.66291868554062,16
407,2,22,106,8,10.65269372009429,14
408,17,13,71,5,10.648075222312638,8
409,30,20,64,7,10.642272986004784,13
410,18,37,39,12,10.64044716457482,25
411,16,12,101,4,10.622717697482882,8
412,7,31,91,9,10.609100286101588,22
413,75,15,38,4,10.597530026810052,11
414,11,24,84,8,10.563882323195871,16
415,7,10,66,4,10.534532214717435,6
416,30,10,52,3,10.532362440897717,7
417,71,19,97,6,10.5235339621969,13
418,102,10,17,3,10.521913643472294,7
419,89,14,37,6,10.519274673853001,8
420,75,13,102,4,10.50135368794083,9
421,67,11,107,3,10.497709880226342,8
422,16,41,18,13,10.487903979595947,28
423,23,12,77,4,10.472073733658851,8
424,43,17,31,9,10.463118168786075,8
425,6,10,31,4,10.459894630543896,6
426,49,10,62,3,10.4539945527009,7
427,95,14,9,6,10.448151730885066,8
428,110,11,7,5,10.422576579231729,6
429,41,10,3,2,10.384048456655098,8
430,106,16,93,6,10.37915501513517,10
431,16,23,1,6,10.375674453583683,17
432,104,13,81,6,10.361322759461329,7
433,86,24,79,8,10.35909536994434,16
434,16,24,69,9,10.35499456222355,15
435,1,17,63,7,10.344681903521664,10
436,37,13,1,5,10.342164269053148,8
437,20,19,55,7,10.312518824176754,12
438,41,13,17,4,10.309292898735405,9
439,74,21,39,8,10.295229479000922,13
440,15,14,51,5,10.286699632762666,9
441,40,13,78,3,10.282455211399137,10
442,71,10,84,3,10.279461085413814,7
443,97,11,35,3,10.275101346884464,8
444,34,12,104,4,10.27427919250402,8
445,77,12,99,3,10.252199704478638,9
446,67,16,106,6,10.252161434234207,10
447,7,43,25,14,10.249875265637385,29
448,57,26,107,9,10.245745583810688,17
449,16,31,9,10,10.230243119676485,21
450,11,36,37,12,10.20717474941383,24
451,98,15,2,6,10.198603389321667,9
452,71,13,33,4,10.195530501937561,9
453,30,35,107,12,10.193129973982847,23
454,97,41,37,14,10.190687502541845,27
455,23,19,39,7,10.185354124124489,12
456,89,13,104,5,10.17868688184359,8
457,40,11,69,3,10.175676528085834,8
458,114,44,65,16,10.151241381752921,28
459,92,10,109,3,10.132066653367776,7
460,46,14,70,5,10.128652016947743,9
461,8,20,15,8,10.121581558030638,12
462,8,10,35,3,10.118762046100299,7
463,50,20,102,8,10.118106239071224,12
464,53,36,36,11,10.114732824687987,25
465,107,15,83,5,10.114574167697794,10
466,89,11,74,4,10.093150392265771,7
467,40,23,3,7,10.087421551229513,16
468,79,12,106,4,10.079963228120917,8
469,110,10,28,4,10.06674072061994,6
470,54,12,57,3,10.066024134547122,9
471,77,15,88,5,10.04400369134599,10
472,34,14,16,5,10.039039035180584,9
473,70,12,29,5,10.037060199943541,7
474,11,14,18,5,10.031989827572826,9
475,95,25,65,9,9.987438820754939,16
476,17,14,9,5,9.976727315177728,9
477,73,18,88,6,9.974203425238965,12
478,47,15,86,5,9.922697319770093,10
479,95,10,2,3,9.920312629990502,7
480,25,14,3,5,9.907996037168818,9
481,50,17,18,7,9.885091111762172,10
482,53,15,3,5,9.867983628330762,10
483,23,13,12,5,9.866702518767214,8
484,63,34,91,11,9.863803572303501,23
485,30,16,63,6,9.842696842263113,10
486,36,15,104,6,9.838970168079866,9
487,104,25,75,9,9.822163907084754,16
488,90,14,39,5,9.813134332006268,9
489,62,10,93,4,9.798162399200404,6
490,37,24,83,9,9.783726366978417,15
491,64,16,112,5,9.780452116585419,11
492,30,14,70,6,9.768945845713878,8
493,8,24,57,8,9.760841373483045,16
494,20,27,84,8,9.752482123804997,19
495,100,19,39,7,9.73316298515931,12
496,63,23,109,9,9.72382995808271,14
497,58,14,13,4,9.687344315616338,10
498,100,19,87,8,9.686243494464469,11
499,31,12,80,3,9.67448018295498,9
500,100,12,71,4,9.66068752031631,8
501,111,16,63,6,9.656549842780759,10
502,75,49,7,17,9.65410044274744,32
503,8,31,114,10,9.648827129690279,21
504,28,17,68,5,9.641827557045001,12
505,100,17,63,7,9.628829836647935,10
506,64,43,60,14,9.623458774306034,29
507,70,17,109,6,9.623350653501726,11
508,76,16,9,5,9.621504571842449,11
509,99,14,8,6,9.61106559286031,8
510,25,23,68,8,9.604572732889517,15
511,8,13,53,4,9.596286006275326,9
512,58,15,69,6,9.58014802435262,9
513,100,14,43,6,9.569290027183786,8
514,13,24,97,9,9.567486234498416,15
515,16,61,106,20,9.564448025087364,41
516,30,11,4,4,9.534850556328452,7
517,20,32,25,11,9.520523686179052,21
518,90,14,80,4,9.509239360264802,10
519,114,13,2,5,9.509158562417847,8
520,37,22,99,7,9.502759058160713,15
521,75,17,43,5,9.501415277619836,12
522,107,17,66,6,9.469730190602778,11
523,32,11,63,4,9.44232166344675,7
524,78,12,53,5,9.436495389192622,7
525,64,14,92,7,9.432471863302014,7
526,83,14,74,6,9.43011849323839,8
527,37,28,7,11,9.418137457368749,17
528,86,37,76,13,9.404159373470087,24
529,86,15,56,5,9.396795900031623,10
530,84,10,3,4,9.385748847208339,6
531,53,16,61,5,9.3827009036441,11
532,76,17,39,5,9.374915521858481,12
533,35,13,45,6,9.365578608940048,7
534,39,34,88,12,9.362823129745186,22
535,23,12,50,3,9.354699302165745,9
536,98,10,48,3,9.346073134818257,7
537,16,46,96,14,9.342765312407817,32
538,16,22,76,10,9.339094465816046,12
539,69,11,18,4,9.335540134815123,7
540,50,17,70,7,9.316243790355681,10
541,75,34,8,11,9.310281336500847,23
542,110,12,107,4,9.307853181235298,8
543,2,13,55,5,9.306518823595622,8
544,65,21,29,9,9.30426564017952,12
545,20,19,44,7,9.288834975662617,12
546,75,13,93,5,9.279825087560205,8
547,53,17,12,7,9.27312011933641,10
548,89,10,53,4,9.260052844451385,6
549,86,23,81,7,9.257929816451894,16
550,65,13,66,4,9.24629898792323,9
551,112,11,68,4,9.24524103096979,7
552,51,11,92,5,9.243838066928689,6
553,60,29,50,12,9.2413218599569,17
554,15,10,76,4,9.241288842836553,6
555,2,31,107,11,9.235597195463594,20
556,64,15,37,5,9.227089681457187,10
557,50,34,20,12,9.224303582705184,22
558,27,15,4,6,9.214915067697104,9
559,11,17,57,7,9.206442600524502,10
560,2,12,40,4,9.204153353273352,8
561,73,17,40,6,9.199997222971483,11
562,15,30,88,9,9.176202112652083,21
563,41,15,49,6,9.171912615870818,9
564,40,15,102,6,9.171373555966685,9
565,92,15,40,5,9.168940871834318,10
566,84,23,39,8,9.166964532962039,15
567,76,23,50,7,9.166359066955897,16
568,27,12,30,5,9.159316291712274,7
569,50,43,5,17,9.156049369840707,26
570,104,18,17,7,9.118260519592532,11
571,63,41,84,16,9.103134071079266,25
572,57,11,36,3,9.095843929172293,8
573,48,11,51,5,9.079697327016948,6
574,95,34,8,13,9.079209474058969,21
575,29,16,87,5,9.069488850517308,11
576,20,15,98,5,9.068391127675763,10
577,114,11,12,5,9.067821568235523,6
578,9,29,31,10,9.062189162756365,19
579,87,25,41,9,9.055565219146258,16
580,25,13,9,4,9.043540817668024,9
581,58,10,112,4,9.041979275484929,6
582,75,40,50,13,9.025452808659388,27
583,48,23,87,8,9.021568034700334,15
584,5,15,36,6,9.008614310253613,9
585,13,37,18,14,9.002579048973761,23
586,53,11,38,4,8.97404343606035,7
587,28,11,32,4,8.963821007682872,7
588,53,35,31,14,8.960751757551133,21
589,69,17,68,7,8.951691444155669,10
590,20,18,41,7,8.950378265153477,11
591,11,13,80,5,8.941133144462878,8
592,73,12,31,4,8.938919570135752,8
593,104,14,84,6,8.932998314387538,8
594,11,10,91,3,8.923724837318142,7
595,109,32,8,13,8.913990428825272,19
596,89,15,107,5,8.908975430626485,10
597,95,18,114,7,8.907938896760854,11
598,70,17,57,8,8.906737604649802,9
599,27,14,53,4,8.906298436748038,10
600,58,23,107,8,8.902379625468848,15
601,87,26,91,9,8.88711273267609,17
602,28,30,114,12,8.875783073761175,18
603,75,28,54,11,8.87387575776175,17
604,32,15,87,5,8.84415502943487,10
605,63,18,77,6,8.831772718752353,12
606,63,28,76,9,8.821395394022662,19
607,16,69,39,26,8.818344521722508,43
608,104,35,25,14,8.812648173680165,21
609,36,18,47,6,8.810892372607714,12
610,106,12,108,4,8.792855982281736,8
611,7,19,46,6,8.788211094177631,13
612,106,23,18,8,8.778191080978742,15
613,86,45,39,18,8.775376528349158,27
614,23,32,60,11,8.764024699210452,21
615,76,11,18,4,8.75490295148128,7
616,15,17,107,5,8.746601719039075,12
617,38,14,106,7,8.74501943352997,7
618,104,23,11,8,8.742484307216115,15
619,51,45,63,18,8.740070603704455,27
620,58,10,45,4,8.721721801464442,6
621,100,20,25,8,8.712871143074373,12
622,63,15,102,6,8.710165699989911,9
623,30,10,2,4,8.704387763563812,6
624,110,14,39,4,8.694421097429624,10
625,41,38,86,13,8.653956346098063,25
626,102,32,86,11,8.651776846078937,21
627,30,37,65,13,8.646278778061175,24
628,83,14,84,6,8.644101673798644,8
629,13,16,6,6,8.62792533539333,10
630,90,22,50,8,8.598522697494,14
631,15,13,75,4,8.597300929966654,9
632,60,23,69,10,8.59340779680834,13
633,78,14,7,6,8.586369355998126,8
634,16,27,64,9,8.58005648719111,18
635,95,23,55,8,8.575006509864881,15
636,36,10,19,4,8.57197936901591,6
637,12,13,106,4,8.530975907772834,9
638,7,43,87,15,8.520807538202282,28
639,86,27,83,8,8.51226403433352,19
640,63,17,4,6,8.51204265071513,11
641,63,17,69,5,8.506537399631053,12
642,91,10,45,4,8.504304930616431,6
643,94,10,37,3,8.495177713557318,7
644,75,56,68,19,8.48370722934506,37
645,60,20,12,10,8.478087405935288,10
646,27,24,31,11,8.47388346565531,13
647,90,21,65,9,8.468020439085363,12
648,54,31,40,12,8.456665277002275,19
649,95,14,96,5,8.45037398259218,9
650,80,30,107,10,8.450019757222567,20
651,96,24,70,11,8.437417991026262,13
652,55,20,114,7,8.432483182241098,13
653,73,19,90,7,8.424101991862472,12
654,64,20,8,7,8.418575329228204,13
655,68,24,91,10,8.412577437061728,14
656,91,19,20,8,8.407006886407046,11
657,109,18,34,7,8.4009207796274,11
658,67,10,104,4,8.393331116483226,6
659,6,10,46,4,8.386722378353735,6
660,16,99,88,35,8.375764299103178,64
661,45,21,107,8,8.374668953212842,13
662,28,33,75,12,8.362065140682944,21
663,11,11,9,4,8.359525570926444,7
664,7,22,5,8,8.357081514884824,14
665,65,34,93,14,8.350774120379102,20
666,13,45,36,16,8.340727615472174,29
667,30,13,90,5,8.325698662002965,8
668,7,16,57,7,8.31505464677608,9
669,102,17,88,5,8.307899790454732,12
670,90,31,106,10,8.283845461248372,21
671,41,18,91,6,8.276671952774393,12
672,100,15,55,7,8.275270908208638,8
673,44,28,86,10,8.273917321239946,18
674,75,12,76,5,8.269580351796622,7
675,50,34,55,14,8.268886532039616,20
676,37,12,14,5,8.266467835075433,7
677,40,49,55,18,8.264830770768937,31
678,41,19,109,6,8.25191645501863,13
679,89,12,16,5,8.242329112388783,7
680,46,20,39,9,8.2407239546668,11
681,69,21,106,8,8.230262561693124,13
682,91,15,54,6,8.224193238953289,9
683,13,11,112,5,8.212962974443084,6
684,11,24,109,8,8.196422948591085,16
685,104,35,60,10,8.183651908443375,25
686,68,16,17,5,8.18046788735624,11
687,108,13,98,5,8.179403178791242,8
688,60,15,97,7,8.171952563449574,8
689,68,11,33,4,8.166895131198165,7
690,107,25,31,12,8.150092970715468,13
691,75,12,29,5,8.144839094845086,7
692,20,16,9,6,8.121821018750522,10
693,81,15,16,5,8.120114808218235,10
694,43,19,86,6,8.120011929937796,13
695,51,19,96,7,8.115030150293324,12
696,1,22,65,9,8.101857330353239,13
697,86,20,4,7,8.098499996816944,13
698,57,14,13,6,8.084791417216682,8
699,8,61,5,24,8.080732178020162,37
700,110,16,97,6,8.077466293642946,10
701,87,25,53,11,8.07726427006638,14
702,93,24,28,8,8.070916880531737,16
703,100,11,17,3,8.059924168686988,8
704,9,11,12,4,8.058955245687951,7
705,73,19,7,8,8.049715087137763,11
706,112,10,17,4,8.040351355157485,6
707,30,24,60,7,8.029670464815947,17
708,114,11,81,5,8.029159474636774,6
709,64,27,51,10,8.025421551592801,17
710,15,17,86,6,7.9958363368857075,11
711,102,19,96,7,7.9956311609664965,12
712,13,16,70,6,7.990308468406848,10
713,96,10,23,4,7.990228863607195,6
714,15,16,54,7,7.990113178125118,9
715,15,14,87,6,7.9871826221688895,8
716,5,28,84,11,7.986435375626319,17
717,12,12,4,4,7.976222296376225,8
718,65,25,5,10,7.967561696591304,15
719,73,17,87,5,7.942207150258419,12
720,27,13,77,5,7.939137496569419,8
721,54,14,43,6,7.938994815987671,8
722,77,12,64,6,7.9282827223690555,6
723,33,16,20,6,7.928062438364485,10
724,7,17,109,6,7.917079020136835,11
725,28,19,17,7,7.913140586881612,12
726,88,10,82,4,7.912578083642496,6
727,38,12,18,5,7.9056762271381755,7
728,13,57,106,21,7.903462974878785,36
729,50,26,71,10,7.901963818656761,16
730,45,29,7,11,7.898910111724257,18
731,98,16,71,6,7.889615378391535,10
732,70,15,69,5,7.8892362038055985,10
733,33,22,107,9,7.889216015388601,13
734,114,26,39,11,7.88570624894725,15
735,65,10,57,4,7.879384612333778,6
736,92,20,39,8,7.878862062646908,12
737,86,38,36,15,7.877724948486914,23
738,55,17,23,8,7.871570609888838,9
739,44,12,35,5,7.859665557157517,7
740,106,26,91,9,7.859341034872018,17
741,27,34,88,15,7.839183444170464,19
742,63,57,54,21,7.834983225160246,36
743,92,12,27,5,7.832860841882918,7
744,8,17,98,6,7.8322640771965775,11
745,18,21,8,7,7.824809281602249,14
746,86,83,51,35,7.813532735246285,48
747,15,19,65,7,7.793928827079966,12
748,71,15,5,6,7.778406095440192,9
749,48,20,79,8,7.777732866617034,12
750,92,14,114,4,7.774797164908212,10
751,60,42,4,18,7.772280976965753,24
752,10,14,86,6,7.764445720347282,8
753,53,11,73,4,7.756297558195456,7
754,37,49,25,20,7.755599308877524,29
755,40,63,68,22,7.752246342623857,41
756,73,13,54,5,7.746921178252216,8
757,63,10,52,4,7.736846011905835,6
758,54,14,76,5,7.722451793722613,9
759,69,10,109,4,7.709222479752556,6
760,54,71,88,28,7.707263860433415,43
761,46,13,64,5,7.701785189637151,8
762,40,39,104,14,7.699889638025223,25
763,53,17,108,8,7.691782047867256,9
764,111,25,7,10,7.69032342577198,15
765,5,32,11,12,7.687442157533876,20
766,76,37,51,13,7.668100625661309,24
767,37,24,96,10,7.665844925696509,14
768,70,11,60,4,7.6464357490262,7
769,75,41,71,14,7.643684774032188,27
770,108,20,88,7,7.642505031143237,13
771,97,29,5,10,7.639418302115124,19
772,7,29,3,10,7.637493103977584,19
773,96,22,80,8,7.6325568595370585,14
774,18,21,97,8,7.601880140076527,13
775,18,20,36,8,7.5949028785012285,12
776,20,15,90,6,7.5926874674698235,9
777,57,27,16,11,7.589870311551283,16
778,58,18,88,7,7.5880987725104365,11
779,46,12,77,5,7.574271980014295,7
780,34,14,5,4,7.5706698448560905,10
781,13,10,84,3,7.562323454159971,7
782,33,11,23,4,7.562255793226968,7
783,12,16,107,5,7.554377135078079,11
784,53,13,62,6,7.543314063492198,7
785,17,16,109,6,7.542787160900621,10
786,51,20,33,6,7.54115209621082,14
787,55,18,77,7,7.520653437888106,11
788,91,29,98,11,7.486111931896227,18
789,16,27,27,10,7.481407495599662,17
790,7,13,81,6,7.480028378880558,7
791,70,14,36,6,7.476080415111229,8
792,108,15,63,6,7.475559971035058,9
793,86,14,67,6,7.4735450853829875,8
794,45,12,53,5,7.463487107897495,7
795,37,21,110,9,7.457046552670356,12
796,86,53,97,21,7.453774682156136,32
797,112,18,76,8,7.4528102438630635,10
798,70,13,71,6,7.447387393345601,7
799,25,45,46,19,7.439996628911812,26
800,69,10,20,4,7.425842209136067,6
801,8,19,91,7,7.416456742894205,12
802,36,34,41,16,7.412500474371832,18
803,13,27,69,10,7.410798113719347,17
804,37,41,46,14,7.398384968299374,27
805,73,10,71,4,7.37323406519455,6
806,34,15,74,5,7.367415754617591,10
807,25,16,33,5,7.36592627296452,11
808,77,10,114,4,7.3654772203978025,6
809,49,12,64,5,7.364918196286091,7
810,49,13,23,5,7.360298065336568,8
811,73,25,8,10,7.35879002547718,15
812,78,13,107,5,7.3568407182503535,8
813,92,14,68,5,7.338682351737513,9
814,40,14,49,6,7.335562559131436,8
815,70,42,5,17,7.323141246130927,25
816,109,26,55,12,7.3182997081126135,14
817,114,40,13,18,7.318181693252523,22
818,39,24,106,10,7.31226919998241,14
819,16,41,91,14,7.309347152714904,27
820,97,17,36,7,7.301788222671786,10
821,28,14,111,5,7.296837620354718,9
822,87,21,49,10,7.287852583518847,11
823,69,28,86,11,7.2791999546274795,17
824,62,10,96,3,7.268496266352443,7
825,110,16,70,6,7.267896542251015,10
826,41,18,97,7,7.264371648173336,11
827,75,19,81,7,7.259552889264539,12
828,98,12,93,5,7.2513528092711335,7
829,46,13,90,5,7.250761878801304,8
830,31,14,5,5,7.246607645789562,9
831,17,18,55,8,7.225704310999122,10
832,30,30,71,12,7.22456687624422,18
833,35,20,40,7,7.2238461178978355,13
834,27,20,63,9,7.19472225275396,11
835,39,23,20,10,7.18346037237809,13
836,23,12,47,4,7.180906240191946,8
837,16,15,35,5,7.1780383239732055,10
838,87,23,93,9,7.164798687762667,14
839,51,13,91,5,7.148773018081943,8
840,5,17,60,6,7.144002600647477,11
841,18,39,75,16,7.143872456900073,23
842,3,22,39,8,7.142204697821871,14
843,13,51,87,18,7.1394100338356346,33
844,63,32,48,12,7.1299692009467925,20
845,88,11,67,3,7.127393540580368,8
846,47,25,13,10,7.12600720855405,15
847,68,40,87,16,7.1169170793827545,24
848,51,16,110,6,7.1045865219974775,10
849,110,15,16,6,7.102784713477103,9
850,114,24,90,10,7.101696850085239,14
851,44,16,13,6,7.100478256103446,10
852,90,19,13,7,7.099319512939565,12
853,36,20,3,7,7.093052097907007,13
854,28,35,70,14,7.078735797739843,21
855,107,19,102,8,7.0774996579991125,11
856,102,14,98,6,7.075813129571894,8
857,63,21,38,7,7.07127755522525,14
858,50,14,49,6,7.064134383315743,8
859,16,61,63,25,7.0608144590657425,36
860,68,27,18,11,7.0575085592620574,16
861,65,16,73,6,7.056062739811479,10
862,65,41,20,15,7.052481221397403,26
863,28,27,2,10,7.052082984819958,17
864,64,10,11,3,7.044290994994302,7
865,37,28,38,11,7.0413163805665135,17
866,7,22,58,10,7.035143698213466,12
867,61,13,60,6,7.030818771624273,7
868,100,16,18,7,7.026565168419708,9
869,41,12,112,5,7.006191894093448,7
870,45,14,86,6,7.001591160951405,8
871,57,10,50,3,6.995220469183593,7
872,75,15,109,5,6.993314209747031,10
873,62,15,5,6,6.992708759597391,9
874,114,19,1,7,6.990089974683044,12
875,111,23,13,10,6.988942249892523,13
876,55,12,94,5,6.987298934898079,7
877,97,21,51,7,6.980039097404115,14
878,16,64,55,23,6.979782207933069,41
879,94,11,54,4,6.977216982115354,7
880,16,16,45,6,6.976498387396664,10
881,16,34,36,13,6.9623095532486845,21
882,8,59,87,23,6.960692999441726,36
883,32,18,104,6,6.95922508638955,12
884,47,12,18,4,6.958091333768663,8
885,15,11,50,4,6.950752908185209,7
886,99,12,88,5,6.93913123202866,7
887,13,11,76,4,6.936217987616365,7
888,75,19,30,8,6.923427737676235,11
889,16,38,46,15,6.9206390826160336,23
890,94,10,68,3,6.919738017837593,7
891,104,36,55,14,6.909075624793388,22
892,49,10,53,4,6.907813000954768,6
893,100,22,7,9,6.8999176842378285,13
894,53,18,109,7,6.886369823569264,11
895,114,47,5,19,6.885144276646171,28
896,106,15,99,5,6.882359612487447,10
897,54,21,18,9,6.880495431858326,12
898,4,28,65,11,6.8619534457551925,17
899,75,17,11,7,6.860129083231025,10
900,16,39,71,14,6.8596933376667515,25
901,114,19,96,7,6.8573207383282995,12
902,13,29,95,12,6.852052215706936,17
903,16,17,14,7,6.836744613344807,10
904,65,10,52,3,6.817085213239555,7
905,27,12,50,4,6.811990692910271,8
906,100,16,114,6,6.806713890734189,10
907,60,18,45,8,6.8022482279138705,10
908,108,25,13,9,6.801707995205209,16
909,55,10,31,4,6.798197972656263,6
910,63,22,18,8,6.7887020180852895,14
911,28,51,84,20,6.7865051700129175,31
912,39,22,43,10,6.78160592141605,12
913,6,14,27,6,6.780540737481572,8
914,86,21,112,9,6.763661112062481,12
915,53,13,90,5,6.752088210585151,8
916,86,79,96,31,6.7509941858211375,48
917,102,15,51,6,6.74947281728566,9
918,114,19,64,7,6.7463489896759805,12
919,52,11,20,4,6.739976324437407,7
920,74,38,96,14,6.731828732252355,24
921,14,13,95,5,6.731405281187272,8
922,78,14,63,7,6.726589579609607,7
923,100,11,95,5,6.722166987268522,6
924,97,11,32,4,6.722008536715331,7
925,65,10,32,4,6.718474357729474,6
926,28,35,97,13,6.716635909782017,22
927,13,34,43,15,6.708372028464103,19
928,6,10,40,4,6.705680107058635,6
929,106,15,81,7,6.700642761489395,8
930,15,12,91,6,6.697476716978323,6
931,111,11,106,3,6.697425895741327,8
932,76,15,88,7,6.688159185418194,8
933,7,11,10,4,6.685744363314091,7
934,114,13,57,5,6.6838726944280715,8
935,29,10,37,4,6.680734619445758,6
936,43,11,71,5,6.677650042464424,6
937,68,51,53,20,6.67704695789799,31
938,75,20,49,8,6.674097809353235,12
939,83,11,71,5,6.656205380333864,6
940,86,25,48,10,6.654329471738231,15
941,76,15,114,5,6.6539119931134865,10
942,64,27,40,10,6.644176524893486,17
943,53,13,17,5,6.628322060179847,8
944,25,48,5,19,6.626414170343125,29
945,93,18,86,7,6.62437888449924,11
946,8,27,84,10,6.62258104422981,17
947,16,30,100,11,6.617449381235235,19
948,71,18,81,7,6.61709770119633,11
949,28,16,36,7,6.602158410065062,9
950,80,18,37,7,6.595363149795721,11
951,65,28,96,12,6.593487230396348,16
952,53,26,114,11,6.571088082289226,15
953,77,21,18,7,6.545250800191177,14
954,49,10,55,4,6.541972088163769,6
955,35,15,28,7,6.525585250622975,8
956,27,30,51,11,6.516683017185276,19
957,56,12,4,6,6.509885274579445,6
958,50,30,96,12,6.50669589608909,18
959,90,10,102,5,6.502237322589002,5
960,41,27,104,12,6.500266163182682,15
961,1,14,87,6,6.496061476156606,8
962,48,10,104,4,6.493358473776671,6
963,45,11,68,4,6.479375207416079,7
964,12,15,39,6,6.475459814124786,9
965,107,26,43,10,6.466098586244284,16
966,14,17,28,6,6.462988674713604,11
967,90,25,87,10,6.4548524533916245,15
968,6,10,28,4,6.452419128804086,6
969,15,16,104,6,6.448047941592665,10
970,50,14,48,5,6.44607723973243,9
971,4,20,87,7,6.445923142452618,13
972,88,22,3,9,6.440489317867587,13
973,34,15,7,6,6.438395937640913,9
974,40,16,33,5,6.427211772717694,11
975,62,12,36,5,6.419555894210638,7
976,107,19,77,8,6.416947048354687,11
977,28,46,109,17,6.410153644105355,29
978,106,13,77,6,6.407119934187455,7
979,13,47,25,21,6.403337095443306,26
980,3,21,87,8,6.39281620361146,13
981,74,13,77,5,6.38427445953612,8
982,16,18,108,7,6.383719600885128,11
983,74,32,84,15,6.379678119893638,17
984,16,91,7,39,6.378222630233721,52
985,7,21,56,9,6.361794853449644,12
986,11,20,98,9,6.338677652860182,11
987,69,10,97,4,6.337134282711491,6
988,62,22,88,9,6.3247742597522665,13
989,32,25,5,10,6.322230990899957,15
990,107,26,38,10,6.320633845666428,16
991,23,17,114,6,6.291790840234864,11
992,9,27,63,11,6.289879329503065,16
993,65,56,88,21,6.287559020425311,35
994,70,16,64,5,6.286009204558742,11
995,16,12,92,3,6.284475222709882,9
996,41,11,102,4,6.282861273718874,7
997,41,30,31,12,6.276695675397635,18
998,34,14,17,5,6.270843597010631,9
999,15,12,95,5,6.265255655621163,7
1000,57,18,102,8,6.264739678585861,10
1001,86,83,88,34,6.254550732132806,49
1002,43,17,5,7,6.250727481432205,10
1003,63,26,2,11,6.247165588393399,15
1004,80,12,51,5,6.2445608145487,7
1005,104,41,50,16,6.230364171354915,25
1006,38,21,65,10,6.225284615552252,11
1007,74,28,70,13,6.203999405338755,15
1008,86,21,78,8,6.18757281792239,13
1009,54,42,109,16,6.183872533544285,26
1010,23,23,76,10,6.183442791007625,13
1011,55,14,35,6,6.181710197353361,8
1012,86,23,1,9,6.174241112026931,14
1013,98,37,86,16,6.173883512848302,21
1014,97,23,76,10,6.171425808149794,13
1015,87,61,65,24,6.169242314096733,37
1016,20,12,68,5,6.158182099944324,7
1017,109,14,46,6,6.137839688733693,8
1018,23,10,48,4,6.136507124451633,6
1019,55,24,97,9,6.128965912516967,15
1020,71,23,87,10,6.125940998168479,13
1021,102,23,54,9,6.120079150891424,14
1022,81,13,31,4,6.117159791325403,9
1023,107,39,53,15,6.1160644579066465,24
1024,90,12,7,5,6.108519045195328,7
1025,55,10,79,4,6.105260957218084,6
1026,46,29,75,12,6.102650462365343,17
1027,23,40,88,14,6.098802854801483,26
1028,78,13,96,5,6.092525527458242,8
1029,111,23,107,11,6.08814286411973,12
1030,20,44,5,17,6.084413199436967,27
1031,60,25,41,11,6.080070950949513,14
1032,74,14,48,7,6.068043245358376,7
1033,7,33,97,15,6.066296834887338,18
1034,23,18,28,8,6.06620277166243,10
1035,90,19,63,8,6.053395439788756,11
1036,80,12,48,4,6.043656393103958,8
1037,8,16,32,7,6.041444852098721,9
1038,87,25,64,11,6.038918526680432,14
1039,91,17,50,6,6.027790824025911,11
1040,95,20,46,8,6.027785407812038,12
1041,7,16,62,6,6.019047959814989,10
1042,99,10,17,4,6.0116233289389776,6
1043,71,27,68,10,5.99525701293446,17
1044,78,11,71,5,5.99261934569655,6
1045,74,12,27,6,5.991317096712259,6
1046,13,30,1,11,5.988808763181974,19
1047,15,20,5,7,5.9851145182847585,13
1048,41,38,68,16,5.977577896409429,22
1049,34,10,60,3,5.968824417267719,7
1050,97,18,40,7,5.966918416140386,11
1051,18,10,112,3,5.964702523558141,7
1052,107,16,69,6,5.960977525815752,10
1053,97,12,10,6,5.950831581917705,6
1054,28,29,7,11,5.948429372911716,18
1055,33,15,7,7,5.9471342175078945,8
1056,37,45,63,18,5.933785173114154,27
1057,73,20,114,8,5.924435121305103,12
1058,81,28,13,11,5.921413734268427,17
1059,93,10,63,4,5.9175632502755855,6
1060,41,15,45,5,5.9144627061547626,10
1061,107,34,64,15,5.909994591389041,19
1062,100,33,107,16,5.907266287901798,17
1063,93,16,25,7,5.904464695396421,9
1064,34,10,13,5,5.884954073686414,5
1065,15,20,7,10,5.884783634259432,10
1066,46,12,36,5,5.882094180819339,7
1067,104,49,28,21,5.869912935195163,28
1068,54,36,95,16,5.865979569344106,20
1069,51,52,65,20,5.865717524678075,32
1070,74,37,46,14,5.850135921281393,23
1071,108,16,87,6,5.840502938250502,10
1072,62,14,51,6,5.8401093038711664,8
1073,75,15,1,5,5.839655242805768,10
1074,41,14,77,5,5.820932172345256,9
1075,40,16,5,7,5.820527251695649,9
1076,100,10,49,5,5.813425744151518,5
1077,80,28,106,11,5.812470547213421,17
1078,114,11,110,4,5.808478976022739,7
1079,74,28,55,12,5.797157459674129,16
1080,64,37,86,16,5.796824578298752,21
1081,112,11,40,5,5.795539817641983,6
1082,25,34,88,12,5.7871536187248696,22
1083,112,18,65,8,5.786332326777146,10
1084,13,14,78,5,5.785085201876931,9
1085,13,38,23,18,5.76847005103782,20
1086,109,13,38,5,5.768424285660917,8
1087,30,31,87,13,5.767221225393502,18
1088,100,11,62,5,5.764834126315438,6
1089,40,16,20,6,5.760773366457582,10
1090,16,25,80,10,5.747131433105698,15
1091,68,30,1,12,5.742992873536798,18
1092,25,42,106,16,5.73768822242091,26
1093,45,14,9,5,5.727853500458987,9
1094,25,26,51,11,5.72613511284895,15
1095,41,18,37,7,5.716493275276269,11
1096,23,10,102,4,5.7160538226538815,6
1097,40,53,88,22,5.711119435609974,31
1098,87,30,25,13,5.710285011277159,17
1099,51,26,69,10,5.708510695737555,16
1100,38,20,13,10,5.701525044937783,10
1101,8,40,46,18,5.695904868807617,22
1102,70,10,32,5,5.692479372096213,5
1103,106,46,5,18,5.689619439430471,28
1104,30,25,55,10,5.686463879094618,15
1105,106,12,57,6,5.685749140437754,6
1106,102,10,95,4,5.685319962340818,6
1107,94,10,25,5,5.671887186214519,5
1108,97,15,84,5,5.671301332253195,10
1109,75,39,37,14,5.670197882049105,25
1110,16,31,99,13,5.665818337043021,18
1111,16,48,37,20,5.664774565241773,28
1112,54,11,82,4,5.664278302313932,7
1113,84,14,9,6,5.6606463868886125,8
1114,95,24,106,9,5.657914892117911,15
1115,63,31,20,14,5.652642259116722,17
1116,4,10,97,4,5.649870700339136,6
1117,73,23,74,9,5.649045009007229,14
1118,109,11,77,5,5.645459503468274,6
1119,76,12,36,3,5.641487589296995,9
1120,12,14,31,6,5.63672448274127,8
1121,86,28,73,13,5.62531345595925,15
1122,5,21,17,7,5.625033929201379,14
1123,95,26,50,11,5.619957219349123,15
1124,16,48,50,20,5.617696720442929,28
1125,114,22,3,8,5.616945915532873,14
1126,100,15,50,6,5.612526049660052,9
1127,27,14,43,7,5.609839390205427,7
1128,68,13,19,6,5.609014492078276,7
1129,99,11,63,5,5.595807733799709,6
1130,75,48,16,20,5.593636562488228,28
1131,62,21,68,9,5.591004045591886,12
1132,52,12,16,5,5.588665300895637,7
1133,86,49,75,22,5.5837344877785275,27
1134,71,18,37,8,5.582059073463845,10
1135,87,19,97,7,5.581011131648731,12
1136,12,17,71,7,5.57619075244912,10
1137,71,12,47,5,5.571212302193355,7
1138,55,27,63,12,5.56831553028517,15
1139,11,31,54,13,5.5650490652973295,18
1140,37,60,104,24,5.563475261062019,36
1141,40,47,39,19,5.562958062142741,28
1142,63,11,10,4,5.56040496031845,7
1143,31,10,95,4,5.5581891593402775,6
1144,76,14,102,6,5.556814882908007,8
1145,46,11,4,5,5.55622187464566,6
1146,54,56,70,23,5.553942408448957,33
1147,8,41,25,16,5.550067480025434,25
1148,41,13,81,5,5.549157399363071,8
1149,27,29,86,11,5.5437963271010124,18
1150,28,14,3,5,5.5268606730952,9
1151,30,23,88,11,5.525413582454542,12
1152,33,14,102,6,5.525239013163607,8
1153,27,20,75,9,5.525223821089192,11
1154,62,10,20,4,5.517288163699186,6
1155,87,59,37,24,5.516733087496062,35
1156,54,14,62,6,5.513068826453649,8
1157,95,19,83,7,5.510188596504647,12
1158,40,25,1,10,5.499072662784783,15
1159,67,10,102,4,5.49724656177184,6
1160,18,10,62,4,5.493140482819633,6
1161,86,28,80,12,5.491180597516541,16
1162,46,10,1,5,5.488587081929579,5
1163,65,49,40,21,5.488110460552834,28
1164,14,12,13,4,5.487937926146761,8
1165,37,53,106,24,5.481931306152558,29
1166,99,17,36,6,5.4766719172319,11
1167,80,28,55,13,5.474412777718195,15
1168,28,15,40,7,5.465351180312728,8
1169,60,17,1,7,5.417624511981778,10
1170,83,10,50,5,5.416126776091855,5
1171,38,10,40,5,5.415692699604588,5
1172,51,15,83,5,5.415397349279681,10
1173,49,11,37,5,5.40579366661915,6
1174,9,11,66,5,5.404825557202403,6
1175,68,65,31,28,5.4008541454527155,37
1176,54,52,106,24,5.400574012233974,28
1177,54,31,90,13,5.397442007333916,18
1178,29,16,107,5,5.393165784124399,11
1179,73,13,16,6,5.382229707777057,7
1180,107,24,109,9,5.374789076628488,15
1181,89,11,60,5,5.373120214726715,6
1182,75,30,63,13,5.362343223381901,17
1183,98,12,17,6,5.361440435561062,6
1184,106,13,112,6,5.358449059964543,7
1185,72,13,16,6,5.355366251776983,7
1186,104,43,51,16,5.354494200185867,27
1187,64,35,31,14,5.344284465687696,21
1188,87,25,57,10,5.341931643339133,15
1189,97,14,102,5,5.335160623731844,9
1190,17,15,63,6,5.328236059759658,9
1191,111,25,55,10,5.307717141421055,15
1192,7,23,98,9,5.29662940828479,14
1193,97,21,17,9,5.293816017316168,12
1194,30,11,35,5,5.293385259461386,6
1195,20,15,102,7,5.2917363137054005,8
1196,56,11,88,5,5.280224334897691,6
1197,23,26,25,11,5.272958869039183,15
1198,9,21,3,9,5.267711530629461,12
1199,39,69,51,30,5.265117148399291,39
1200,64,25,63,11,5.2519471843425505,14
1201,25,26,40,11,5.242222631716463,15
1202,98,15,40,7,5.239271076053035,8
1203,65,15,14,7,5.239230657167624,8
1204,91,21,25,9,5.236778929543691,12
1205,71,47,13,21,5.235216499316668,26
1206,35,11,5,5,5.226534281744142,6
1207,53,25,30,11,5.226055832762314,14
1208,40,22,37,10,5.2189812618502875,12
1209,33,12,91,6,5.213867650447791,6
1210,34,18,55,8,5.202160532736089,10
1211,23,26,41,11,5.184832408715122,15
1212,91,25,13,11,5.1844258161997425,14
1213,16,47,68,18,5.179182431483823,29
1214,75,26,47,9,5.17693162231529,17
1215,2,40,50,17,5.160264368077373,23
1216,91,11,56,5,5.1601828143932735,6
1217,67,12,5,5,5.159840528973067,7
1218,111,14,39,6,5.158992286191915,8
1219,8,54,63,24,5.156454172512435,30
1220,87,46,50,21,5.1516202521080965,25
1221,63,13,79,5,5.150156389678723,8
1222,44,15,88,7,5.148664566159752,8
1223,109,12,4,5,5.135069245647407,7
1224,40,30,58,14,5.133397385337812,16
1225,75,53,107,18,5.115260428501981,35
1226,55,23,70,10,5.1032220329288345,13
1227,13,31,50,13,5.1001212439562575,18
1228,87,11,110,4,5.0925904586002675,7
1229,60,24,95,10,5.089480392621887,14
1230,60,14,58,6,5.085584297125204,8
1231,7,13,48,6,5.083098005465932,7
1232,32,10,20,3,5.082163415292109,7
1233,28,33,18,15,5.080086936400626,18
1234,44,14,7,6,5.073671197928961,8
1235,92,10,17,4,5.07288490506961,6
1236,90,13,33,5,5.072843762888294,8
1237,27,20,41,9,5.071720567111737,11
1238,46,17,65,6,5.066104910854949,11
1239,28,10,92,4,5.0573533622845686,6
1240,16,33,62,13,5.051011656032601,20
1241,75,30,31,14,5.041164600198116,16
1242,95,14,40,6,5.030598238019023,8
1243,44,12,64,5,5.0247847099548055,7
1244,60,21,81,9,5.012994181489737,12
1245,93,26,5,10,5.004460526821323,16
1246,31,14,112,5,5.001632049885233,9
1247,32,12,68,4,4.994599728673895,8
1248,7,91,88,40,4.994411237431906,51
1249,104,30,63,13,4.993963037729944,17
1250,74,15,71,7,4.993812181109021,8
1251,36,52,31,23,4.991880968749699,29
1252,27,25,39,12,4.989393098929608,13
1253,37,71,86,31,4.984756436647984,40
1254,38,15,64,7,4.983337320570344,8
1255,7,61,53,26,4.979032554051547,35
1256,55,55,65,24,4.97482433256795,31
1257,62,12,8,4,4.9642207369004785,8
1258,96,23,90,9,4.963939687748078,14
1259,20,36,96,15,4.958331873160826,21
1260,12,14,36,6,4.9582572583252125,8
1261,86,19,32,8,4.958080919600271,11
1262,13,32,8,13,4.955794878282507,19
1263,77,14,87,6,4.942401920251487,8
1264,37,11,108,5,4.94147061612662,6
1265,45,21,65,10,4.938797125414042,11
1266,74,56,106,24,4.924754963776778,32
1267,39,16,37,7,4.915868530606464,9
1268,54,12,108,4,4.909695920764135,8
1269,46,48,54,20,4.906943181154001,28
1270,84,34,106,16,4.903872752933781,18
1271,76,27,55,10,4.8923898677809445,17
1272,107,26,4,11,4.892026477226963,15
1273,8,16,33,6,4.890943290835164,10
1274,83,39,5,18,4.890865835189014,21
1275,8,12,3,7,4.88781937501622,5
1276,30,11,114,5,4.8820710984651585,6
1277,13,49,39,22,4.875018050279035,27
1278,51,11,38,4,4.8736842084361065,7
1279,49,13,70,6,4.870823408885395,7
1280,88,10,110,5,4.870544753091405,5
1281,5,10,89,3,4.86246564090175,7
1282,13,17,94,7,4.855238762429886,10
1283,38,13,84,6,4.854976710780188,7
1284,13,42,64,20,4.854598754048183,22
1285,16,22,84,10,4.854103206553588,12
1286,13,21,3,7,4.844782698570159,14
1287,5,30,51,11,4.841333405150811,19
1288,76,34,107,12,4.83762878254743,22
1289,39,15,83,6,4.8326399553033035,9
1290,8,15,67,6,4.831909846155583,9
1291,63,17,43,7,4.821038820338602,10
1292,13,47,46,20,4.820691792404558,27
1293,106,30,23,15,4.818998910388463,15
1294,75,17,4,7,4.813951260599897,10
1295,6,12,106,5,4.810944704219048,7
1296,96,13,108,6,4.805162668071275,7
1297,75,22,96,7,4.801381492311931,15
1298,111,11,25,5,4.797175922879397,6
1299,76,33,5,14,4.788314400539968,19
1300,9,12,5,5,4.777710715122403,7
1301,69,15,114,8,4.773043389885471,7
1302,90,13,70,6,4.771084444295362,7
1303,16,11,58,4,4.759663036075424,7
1304,93,16,50,6,4.755526241513054,10
1305,90,30,5,12,4.752640516818983,18
1306,87,36,20,16,4.748487569129384,20
1307,74,38,63,17,4.748458787006123,21
1308,25,16,77,7,4.745845616411638,9
1309,107,52,20,23,4.745172870929258,29
1310,70,16,98,6,4.745137974355768,10
1311,114,42,68,18,4.745053261523827,24
1312,97,11,3,4,4.740273088979023,7
1313,97,22,68,9,4.736282381079661,13
1314,54,26,60,11,4.730103679488508,15
1315,85,16,54,6,4.730021736475019,10
1316,86,18,108,9,4.726875671282598,9
1317,4,18,17,7,4.724962729619737,11
1318,64,29,71,11,4.721898683351539,18
1319,11,38,88,16,4.710454574435891,22
1320,60,56,40,24,4.7048186328823585,32
1321,8,27,9,14,4.7047761373539165,13
1322,18,22,9,8,4.692914467440509,14
1323,16,91,51,39,4.687621742602924,52
1324,23,12,109,5,4.6863913372413775,7
1325,43,14,50,5,4.684333126132347,9
1326,107,22,62,11,4.683884119799682,11
1327,62,16,9,7,4.679077909097035,9
1328,53,22,81,9,4.67351225402936,13
1329,55,14,98,5,4.662824671110214,9
1330,27,15,25,7,4.649655011418165,8
1331,23,25,68,12,4.644746500376535,13
1332,73,14,13,6,4.642713338622983,8
1333,73,19,109,8,4.637139105733967,11
1334,60,22,25,10,4.636282806493916,12
1335,102,19,74,8,4.634614725478841,11
1336,32,11,51,5,4.6285064285954,6
1337,96,13,34,5,4.620609194568736,8
1338,28,30,9,14,4.613750521912749,16
1339,23,11,30,5,4.601908928188203,6
1340,77,13,95,6,4.60149322445291,7
1341,3,23,60,10,4.6006596821976276,13
1342,55,20,64,7,4.598509710106534,13
1343,51,42,41,18,4.585162671564328,24
1344,100,12,30,5,4.575260966636385,7
1345,99,14,95,6,4.572737764013027,8
1346,7,63,31,27,4.5721787565056005,36
1347,99,16,104,8,4.5627492392393,8
1348,55,43,60,19,4.562254567245144,24
1349,107,57,104,24,4.558664288944799,33
1350,70,15,23,7,4.554568026577778,8
1351,109,13,67,7,4.5540965230597985,6
1352,47,11,28,5,4.553950548976112,6
1353,74,10,112,4,4.553694289700708,6
1354,83,15,46,7,4.551826612706301,8
1355,51,38,46,16,4.548214485505557,22
1356,20,43,28,18,4.544189476783367,25
1357,55,20,4,9,4.543048579446397,11
1358,8,24,102,11,4.537070383836359,13
1359,106,23,75,11,4.532198108241345,12
1360,65,30,17,11,4.520446486536137,19
1361,57,16,51,7,4.5192137684835405,9
1362,37,43,55,20,4.516821858156878,23
1363,60,30,75,13,4.516595434922968,17
1364,28,52,54,22,4.514030967957707,30
1365,62,10,104,3,4.50664568251795,7
1366,96,55,54,26,4.498498358126815,29
1367,93,15,37,6,4.493445665639034,9
1368,64,15,3,6,4.492765978443915,9
1369,49,25,86,11,4.4917530543728175,14
1370,55,11,27,5,4.4890470852362,6
1371,88,29,70,12,4.478319588858416,17
1372,30,40,16,17,4.476195567754862,23
1373,96,31,25,14,4.4728328775528,17
1374,49,20,17,7,4.470260930834099,13
1375,88,30,18,14,4.470121317889942,16
1376,98,16,84,6,4.468561917829734,10
1377,91,10,57,5,4.468260927215541,5
1378,109,14,9,7,4.467532481839809,7
1379,37,18,32,8,4.466542082918521,10
1380,77,11,97,4,4.4549011553839994,7
1381,50,12,73,4,4.454782630059153,8
1382,96,13,13,6,4.450977327583437,7
1383,13,33,37,14,4.448467961015427,19
1384,7,91,51,37,4.4482825874409055,54
1385,13,64,107,29,4.4478395908377,35
1386,88,23,57,11,4.445075043092412,12
1387,106,25,53,12,4.4447759925456225,13
1388,95,15,109,6,4.444131433700797,9
1389,45,11,88,4,4.4416566980945715,7
1390,100,11,44,5,4.439207506700405,6
1391,36,11,77,5,4.437649181831478,6
1392,16,35,53,14,4.432680586189367,21
1393,86,115,5,49,4.430772584334587,66
1394,102,20,87,8,4.423994697827657,12
1395,46,18,9,8,4.423884935946225,10
1396,99,30,13,13,4.420966828834258,17
1397,17,24,54,11,4.405567288972997,13
1398,7,41,64,19,4.400011616136323,22
1399,39,50,68,23,4.391388400265073,27
1400,111,20,86,8,4.3910837466552355,12
1401,114,22,70,9,4.383651410543719,13
1402,11,63,86,28,4.377353463167258,35
1403,63,38,96,15,4.376849709142971,23
1404,60,13,98,6,4.372454949323835,7
1405,55,24,9,10,4.371040618945099,14
1406,40,23,23,10,4.368423326803309,13
1407,16,84,107,33,4.366038445459001,51
1408,33,13,11,7,4.365968233102095,6
1409,58,10,87,4,4.362695393524183,6
1410,104,31,54,14,4.355933806560286,17
1411,34,12,84,6,4.355418008053165,6
1412,43,22,88,9,4.349059981795284,13
1413,47,24,88,11,4.347102674354304,13
1414,97,32,96,15,4.334309103746761,17
1415,95,19,41,8,4.332143979792177,11
1416,4,22,40,10,4.316643149060896,12
1417,17,19,20,8,4.3112321942034,11
1418,50,10,52,5,4.308197298973349,5
1419,93,23,54,9,4.307251305123911,14
1420,16,74,87,33,4.304157056454704,41
1421,11,17,35,7,4.299025397751417,10
1422,88,51,28,21,4.297219042911352,30
1423,92,27,88,11,4.288758824459125,16
1424,85,14,96,5,4.283571776810651,9
1425,60,19,96,6,4.282296840965666,13
1426,33,12,96,7,4.271042933020869,5
1427,6,26,7,14,4.269618286715636,12
1428,57,18,55,9,4.2666079561233055,9
1429,80,11,60,5,4.259959127961849,6
1430,104,17,80,8,4.256665633473226,9
1431,31,12,74,5,4.240578281890586,7
1432,97,32,16,15,4.233041922945586,17
1433,30,11,84,4,4.231660063143016,7
1434,30,20,28,8,4.226225794824841,12
1435,58,12,53,7,4.225473402473383,5
1436,39,24,5,11,4.222693276685166,13
1437,27,11,112,5,4.214543381192911,6
1438,46,20,17,9,4.208745383811279,11
1439,65,56,36,24,4.205692860728479,32
1440,23,18,100,7,4.197161790157007,11
1441,7,40,106,20,4.1953409925548995,20
1442,49,15,9,7,4.1882351469886725,8
1443,70,19,9,7,4.17870836598717,12
1444,13,74,51,34,4.175645973323164,40
1445,40,22,50,8,4.17370334148128,14
1446,88,50,9,22,4.161164150512576,28
1447,75,44,51,20,4.152516156600691,24
1448,86,49,46,19,4.148247157001884,30
1449,74,21,109,8,4.146368967750308,13
1450,20,13,73,5,4.146065391689569,8
1451,53,47,71,20,4.141303557057986,27
1452,100,18,74,8,4.138016461047893,10
1453,23,11,29,5,4.138000210796417,6
1454,11,11,69,4,4.13792149131312,7
1455,76,32,104,13,4.1357118218948905,19
1456,6,14,107,6,4.134287277974907,8
1457,55,48,5,21,4.134199526963692,27
1458,13,61,60,25,4.128061965232045,36
1459,25,17,84,7,4.125284948871473,10
1460,64,19,18,8,4.124127361254889,11
1461,29,11,106,5,4.122686341567239,6
1462,7,16,112,7,4.117057455095081,9
1463,12,14,68,6,4.108669111305504,8
1464,114,21,46,9,4.104107153511736,12
1465,93,14,109,6,4.103558953267082,8
1466,83,20,93,9,4.100880722204593,11
1467,43,15,87,7,4.098799175510788,8
1468,74,22,50,10,4.086243740312162,12
1469,106,23,9,10,4.082238111032446,13
1470,68,20,38,8,4.069118441023081,12
1471,43,12,109,5,4.068059286395715,7
1472,43,10,95,4,4.063398320607949,6
1473,23,12,112,5,4.059378810943215,7
1474,32,10,40,5,4.050021677419869,5
1475,11,13,79,7,4.047561716338114,6
1476,7,21,50,10,4.045740478776832,11
1477,53,24,104,11,4.026975227838304,13
1478,4,23,51,9,4.023686131970649,14
1479,55,36,54,17,4.011039158800403,19
1480,107,48,36,22,4.010519619837042,26
1481,99,20,86,8,4.0098912228328505,12
1482,107,19,47,8,4.002751339748495,11
1483,18,33,107,13,3.9992165370659944,20
1484,58,10,51,4,3.9912030401078082,6
1485,97,32,65,14,3.9859775040058776,18
1486,40,47,107,19,3.979642986291615,28
1487,7,46,27,20,3.979296896350462,26
1488,41,14,43,6,3.977377796491963,8
1489,96,12,14,5,3.975747798085754,7
1490,104,72,65,33,3.97064919727685,39
1491,74,24,93,11,3.9601017688790825,13
1492,88,50,104,21,3.9536343834384886,29
1493,34,12,76,6,3.9517678907570333,6
1494,37,17,100,7,3.9481789557688414,10
1495,87,32,40,15,3.9412626429874287,17
1496,80,10,97,4,3.9365866928471034,6
1497,102,10,83,4,3.9358085201394095,6
1498,16,20,38,7,3.9302083923805924,13
1499,5,28,2,12,3.923277825320168,16
1500,37,38,70,16,3.9227382855891664,22
1501,81,11,9,5,3.9178439529208298,6
1502,14,17,51,6,3.9161266656978224,11
1503,50,48,107,22,3.915403186530734,26
1504,98,19,49,9,3.906322793569991,10
1505,102,26,37,11,3.9015784283610255,15
1506,55,44,11,18,3.8920841591670343,26
1507,76,13,62,6,3.8913968956310088,7
1508,11,15,17,7,3.886158778436342,8
1509,86,28,38,12,3.8860227218711705,16
1510,40,17,45,7,3.8834382086944723,10
1511,73,18,1,7,3.88055376609936,11
1512,18,13,98,7,3.8754830902904014,6
1513,108,11,68,5,3.868849039567309,6
1514,13,26,54,10,3.866182872060369,16
1515,11,16,51,8,3.8660778701548058,8
1516,91,17,18,7,3.863168888646893,10
1517,31,18,25,9,3.857287465742464,9
1518,41,25,114,12,3.854494902198664,13
1519,65,14,6,6,3.853639209419111,8
1520,54,28,68,12,3.8524478248196368,16
1521,107,20,49,10,3.847532249018397,10
1522,65,34,111,14,3.8475275648066685,20
1523,13,25,77,11,3.842001108642558,14
1524,114,21,9,7,3.841240092630792,14
1525,83,27,8,13,3.8382150032056903,14
1526,7,41,55,17,3.8316587459316964,24
1527,68,32,106,14,3.8291492265863276,18
1528,20,58,54,28,3.826657519065601,30
1529,60,12,66,4,3.826632219817407,8
1530,96,29,88,14,3.826076326561257,15
1531,56,18,68,9,3.8169753802143487,9
1532,110,16,5,7,3.8138584796050923,9
1533,23,54,7,24,3.813655225195049,30
1534,25,27,54,12,3.808852364053303,15
1535,20,13,104,5,3.7974160411444706,8
1536,76,10,57,4,3.789745051317444,6
1537,44,19,6,7,3.787510949793907,12
1538,104,13,92,7,3.7768187223532306,6
1539,107,23,3,12,3.7767831299671286,11
1540,28,11,44,6,3.7722197970055333,5
1541,16,13,93,6,3.765796324860313,7
1542,88,16,6,7,3.757051253043465,9
1543,65,43,9,18,3.756511153961385,25
1544,39,31,50,14,3.7517041014622325,17
1545,16,19,3,8,3.7438389020275653,11
1546,53,42,40,19,3.7429391558119995,23
1547,51,63,107,25,3.7387929037851313,38
1548,1,13,4,5,3.736039087851971,8
1549,39,41,53,18,3.73043302561081,23
1550,75,42,88,18,3.726903391628384,24
1551,91,10,80,4,3.7198935399827406,6
1552,106,17,43,8,3.7068539679712273,9
1553,28,28,102,13,3.6997830630198973,15
1554,109,21,84,9,3.6963866244338397,12
1555,13,68,40,31,3.690363085789059,37
1556,46,20,84,8,3.686829488531013,12
1557,16,17,79,8,3.684208970645371,9
1558,69,22,7,11,3.683810768791168,11
1559,13,20,20,8,3.6829057397700864,12
1560,114,25,40,9,3.678483572324909,16
1561,101,14,68,5,3.6742625668258913,9
1562,71,12,27,5,3.672482180614424,7
1563,102,16,65,8,3.6702036238670748,8
1564,79,10,88,4,3.6658466896877484,6
1565,62,10,50,4,3.6657345895143245,6
1566,19,10,88,5,3.6656067392732057,5
1567,100,28,86,14,3.6578232778165285,14
1568,53,11,100,5,3.656950058764998,6
1569,63,22,23,9,3.656375723040438,13
1570,90,10,71,5,3.6561036030201253,5
1571,107,21,32,10,3.6546977761524686,11
1572,23,47,65,22,3.6506323242088645,25
1573,16,19,2,8,3.6499962386684337,11
1574,30,20,37,8,3.640395609700316,12
1575,88,60,5,28,3.63799769202775,32
1576,75,14,108,6,3.6340908116173014,8
1577,48,11,108,4,3.6336145248971845,7
1578,87,27,109,11,3.6214670850147486,16
1579,23,12,3,5,3.6182347339374545,7
1580,7,24,17,10,3.6121559973817092,14
1581,86,75,84,37,3.6009772969123706,38
1582,60,54,16,25,3.5909118300903415,29
1583,114,35,51,17,3.589681659955981,18
1584,97,10,95,4,3.58943247133478,6
1585,18,21,31,10,3.587950622221053,11
1586,63,14,45,6,3.582850982463552,8
1587,71,37,86,17,3.577584200160067,20
1588,41,13,89,6,3.571565278436061,7
1589,95,32,107,15,3.5691026636126355,17
1590,16,31,49,14,3.5542822347062724,17
1591,40,65,36,28,3.5400829247343655,37
1592,107,54,55,25,3.5309969254445925,29
1593,20,17,76,9,3.5278207011714735,8
1594,43,11,68,5,3.5239997356866324,6
1595,20,21,46,8,3.51090539647306,13
1596,91,15,84,7,3.506943767095505,8
1597,49,10,33,4,3.5057518320537766,6
1598,74,16,23,7,3.505315761927058,9
1599,97,36,114,16,3.4948097299506915,20
1600,17,26,39,11,3.4929964025106597,15
1601,109,15,65,5,3.4929763691198916,10
1602,23,16,15,7,3.4811736288039175,9
1603,70,28,65,11,3.478419403846195,17
1604,23,10,81,4,3.474530372802633,6
1605,54,10,78,5,3.472936176947992,5
1606,74,60,5,28,3.469996146708342,32
1607,80,10,64,5,3.4689815319315613,5
1608,86,64,25,30,3.464423778098099,34
1609,30,19,106,9,3.463995690702536,10
1610,20,46,37,21,3.4576214767552655,25
1611,33,23,5,11,3.454327509177194,12
1612,37,21,23,10,3.453043705748743,11
1613,60,24,9,9,3.452507943641605,15
1614,104,14,3,6,3.4437240414785237,8
1615,93,10,114,4,3.4434774013838236,6
1616,102,31,25,14,3.4382241991917164,17
1617,64,27,65,13,3.43792852415788,14
1618,41,43,16,21,3.436628258679591,22
1619,68,21,46,10,3.4173658858402485,11
1620,104,26,98,14,3.4091853213510754,12
1621,1,11,17,5,3.3926767009628676,6
1622,73,10,104,4,3.391491099464731,6
1623,106,46,51,21,3.386575882240815,25
1624,103,12,16,5,3.3838737993966075,7
1625,73,15,98,7,3.380055365181917,8
1626,28,14,62,6,3.373010915498393,8
1627,23,11,57,5,3.3647775906667623,6
1628,14,23,8,10,3.3634201583462158,13
1629,28,22,71,9,3.3619344486700466,13
1630,54,12,3,6,3.355227899021248,6
1631,29,12,55,5,3.3517746854435355,7
1632,87,18,47,8,3.351186620999735,10
1633,40,15,91,7,3.345577169162442,8
1634,32,12,109,6,3.3443738514172856,6
1635,75,13,33,5,3.342736023465548,8
1636,54,20,98,9,3.3414082574982986,11
1637,68,13,5,6,3.3380294056441144,7
1638,71,13,76,7,3.3359186512389036,6
1639,64,30,39,13,3.324524230733537,17
1640,43,18,114,9,3.3212920735200457,9
1641,88,31,109,13,3.319901324910579,18
1642,20,21,109,8,3.3153852405779687,13
1643,40,12,113,5,3.315029603487703,7
1644,86,11,66,5,3.3092941516234364,6
1645,54,13,112,5,3.3090243049292263,8
1646,104,60,5,28,3.3007473735225052,32
1647,28,10,66,4,3.2971362620814295,6
1648,64,14,108,7,3.2970856020365416,7
1649,86,27,18,11,3.2958918030549547,16
1650,41,17,50,7,3.2946411387183265,10
1651,51,49,60,20,3.2935360118464385,29
1652,62,17,39,8,3.2912606144655134,9
1653,104,21,18,8,3.287300479317466,13
1654,81,14,18,6,3.285175513857385,8
1655,50,68,28,30,3.277818108039935,38
1656,14,14,54,5,3.277729167717837,9
1657,13,12,72,6,3.2771374540650897,6
1658,114,13,67,6,3.2746706512348434,7
1659,102,11,91,5,3.2738070744638943,6
1660,70,14,93,6,3.271451863431868,8
1661,86,16,34,7,3.267224837209171,9
1662,69,10,95,4,3.264458823530609,6
1663,109,25,13,11,3.261500174975238,14
1664,76,14,95,6,3.2576515088397957,8
1665,16,45,70,19,3.2570894761229647,26
1666,84,14,95,6,3.2568961944145873,8
1667,75,37,39,18,3.255930245332465,19
1668,114,47,25,20,3.2540864225169766,27
1669,39,17,77,8,3.2526982147620656,9
1670,11,25,20,10,3.2452743370759327,15
1671,56,10,97,5,3.231426212036921,5
1672,4,21,16,11,3.2239938149007976,10
1673,97,29,63,13,3.2191950537106915,16
1674,55,39,28,16,3.2184704312839787,23
1675,62,22,71,10,3.2158931408708087,12
1676,83,19,64,9,3.2155089975127553,10
1677,64,19,23,9,3.212372911598019,10
1678,50,19,97,8,3.210625734622642,11
1679,60,47,31,24,3.2094707274879264,23
1680,107,36,9,17,3.2075082686216523,19
1681,44,12,76,5,3.2019945343572473,7
1682,68,14,81,6,3.1985312995714845,8
1683,37,54,50,26,3.188335276013606,28
1684,83,25,65,12,3.1850517665827933,13
1685,56,13,40,6,3.1849812029941647,7
1686,47,11,69,5,3.1775295332798312,6
1687,30,20,104,10,3.175235326966708,10
1688,88,56,68,25,3.171688752257409,31
1689,106,25,60,10,3.171261503808182,15
1690,110,16,86,7,3.1694821197260503,9
1691,90,14,74,5,3.1680613510289204,9
1692,13,17,62,8,3.1612952767397977,9
1693,23,32,87,13,3.1607512154600745,19
1694,86,21,82,9,3.1586560919846263,12
1695,87,31,84,14,3.1565105897665346,17
1696,80,30,54,15,3.1521464599343583,15
1697,75,23,23,12,3.1487336010920157,11
1698,68,18,78,8,3.136919909640927,10
1699,16,70,8,31,3.1304849607513625,39
1700,7,69,36,31,3.127692990645863,38
1701,5,27,91,11,3.121858390948631,16
1702,36,11,80,5,3.115857421175661,6
1703,87,54,88,27,3.1116049251566267,27
1704,50,24,4,12,3.110559237136959,12
1705,86,31,17,16,3.105842856149512,15
1706,109,25,106,12,3.1028448270841773,13
1707,92,15,60,6,3.101629065738582,9
1708,99,14,68,6,3.1001036150844663,8
1709,64,10,91,4,3.0993479020870796,6
1710,102,21,16,10,3.0964065920645116,11
1711,20,31,16,12,3.094373786411531,19
1712,6,20,16,10,3.089484314971671,10
1713,3,22,31,11,3.0891545173001784,11
1714,104,22,100,9,3.0821377557829504,13
1715,98,22,37,10,3.078006071981288,12
1716,8,25,23,12,3.0779710454969043,13
1717,74,11,41,6,3.0735662157516845,5
1718,75,30,25,13,3.069551733540898,17
1719,97,24,46,11,3.066170643508983,13
1720,71,18,25,8,3.0644100067848146,10
1721,48,14,55,6,3.06362691776684,8
1722,100,20,13,9,3.058428202810852,11
1723,97,17,57,8,3.052472846235205,9
1724,112,13,9,6,3.051435201789008,7
1725,38,13,96,6,3.0422152322461717,7
1726,84,21,48,9,3.0347277834877127,12
1727,98,18,51,8,3.0331574033151076,10
1728,41,16,47,7,3.031406429138557,9
1729,75,15,84,7,3.030584614121957,8
1730,78,10,55,5,3.027993385213423,5
1731,89,11,86,6,3.0260507446890146,5
1732,86,52,104,24,3.024341198003758,28
1733,25,27,53,13,3.0184106862098106,14
1734,23,13,97,6,3.0156003098174384,7
1735,4,17,18,7,3.005461987416452,10
1736,88,19,38,7,3.0023329742590956,12
1737,31,21,58,10,2.9999355657905133,11
1738,4,11,69,5,2.999484176661719,6
1739,11,46,107,21,2.9990181027783187,25
1740,27,10,18,5,2.996654278290002,5
1741,40,15,108,6,2.9906857571186904,9
1742,74,10,30,5,2.9862406732405895,5
1743,95,35,87,16,2.9808551819914744,19
1744,10,12,84,5,2.980259678929738,7
1745,87,35,60,17,2.9762532182299,18
1746,15,12,57,5,2.975502630616336,7
1747,18,51,53,24,2.974094258260903,27
1748,36,32,4,13,2.9739066740354185,19
1749,2,21,37,10,2.9697580112694486,11
1750,47,11,53,5,2.9672181618537916,6
1751,53,21,112,11,2.9614582798264566,10
1752,95,42,16,20,2.9607842859241957,22
1753,94,14,107,5,2.948066087520637,9
1754,57,10,40,4,2.9375082197519804,6
1755,30,17,76,7,2.9372015853586086,10
1756,36,20,87,8,2.935573250897663,12
1757,81,17,88,8,2.931868854256886,9
1758,28,29,91,13,2.9278794084123945,16
1759,49,13,114,5,2.9277201605204626,8
1760,99,15,65,7,2.9253489592007305,8
1761,102,19,106,10,2.9207255392565097,9
1762,25,12,108,5,2.9132670669268244,7
1763,114,23,31,11,2.9060065702121505,12
1764,91,19,37,9,2.9050960547005245,10
1765,43,27,40,13,2.905061381963171,14
1766,71,13,108,6,2.8992906212622866,7
1767,107,44,23,21,2.8979165012177974,23
1768,12,13,3,5,2.89161361518273,8
1769,43,31,7,13,2.8869337290340304,18
1770,69,17,87,8,2.88624107715955,9
1771,94,17,87,8,2.8778163111812196,9
1772,63,23,60,10,2.8746236800640075,13
1773,53,28,55,13,2.873666271153709,15
1774,81,18,107,9,2.859003244509169,9
1775,65,22,76,9,2.85644100734494,13
1776,51,18,99,9,2.853477797374065,9
1777,55,15,41,7,2.850526507785498,8
1778,28,11,94,4,2.8494647634240358,7
1779,86,21,35,11,2.848722236422822,10
1780,97,13,33,6,2.8486496222061595,7
1781,23,13,104,5,2.8445076862849494,8
1782,30,20,68,10,2.8393809182025875,10
1783,77,18,65,9,2.836180648453274,9
1784,16,93,86,41,2.822137123184064,52
1785,18,13,71,6,2.821320109059578,7
1786,76,28,87,12,2.81900529826996,16
1787,99,17,15,7,2.8189668514207984,10
1788,86,73,20,33,2.812574705202228,40
1789,99,15,41,7,2.8081672918617278,8
1790,91,12,114,6,2.8069496149403275,6
1791,91,17,31,7,2.8051302221606758,10
1792,86,71,54,33,2.803428863702459,38
1793,62,19,40,10,2.8011020177238843,9
1794,4,25,114,12,2.797376255941943,13
1795,88,37,4,17,2.796435238112828,20
1796,65,36,37,18,2.7949417706202166,18
1797,100,13,36,6,2.7923934619121087,7
1798,97,37,107,18,2.790784506784008,19
1799,8,37,104,17,2.7794749735414084,20
1800,13,105,7,49,2.7755626302896563,56
1801,65,70,107,32,2.7734302460839024,38
1802,5,11,10,6,2.7716738654503197,5
1803,23,40,86,18,2.7594834088918283,22
1804,13,85,65,38,2.7590429387625766,47
1805,51,12,44,7,2.7441488464385255,5
1806,7,86,86,37,2.7399737190397238,49
1807,97,22,104,11,2.7396377781056174,11
1808,65,50,106,23,2.735321183024918,27
1809,98,26,107,12,2.7337807533135248,14
1810,54,24,97,12,2.728398337682719,12
1811,104,31,70,14,2.720810924975006,17
1812,95,11,80,5,2.7197438471090796,6
1813,16,21,33,8,2.7169085795346413,13
1814,107,57,37,26,2.7122377942768776,31
1815,8,41,20,19,2.7094644797239438,22
1816,43,27,65,14,2.704466819899112,13
1817,2,20,87,9,2.6997368834124105,11
1818,47,17,68,7,2.694044903632606,10
1819,70,29,51,14,2.6826185453384466,15
1820,51,28,84,12,2.681851453035667,16
1821,90,17,17,9,2.680753861205159,8
1822,18,28,60,13,2.6736267814361674,15
1823,68,39,63,19,2.673571716268876,20
1824,25,17,44,8,2.673535476281759,9
1825,102,27,114,12,2.6703423661893817,15
1826,80,10,68,4,2.6691327826896623,6
1827,114,25,74,12,2.666972342657447,13
1828,51,31,109,12,2.6658568783873675,19
1829,8,19,110,8,2.660680031286405,11
1830,74,13,91,6,2.658254293210725,7
1831,17,25,50,12,2.6581206262781656,13
1832,25,38,65,16,2.6543757935157637,22
1833,28,36,25,15,2.6530805265031128,21
1834,53,48,65,23,2.651912649859134,25
1835,30,24,8,11,2.6514132136935467,13
1836,47,22,51,11,2.649428689191073,11
1837,60,56,88,25,2.645544371153806,31
1838,75,15,100,8,2.6444020654152705,7
1839,63,86,86,36,2.643958248855907,50
1840,16,60,5,25,2.6435184456824317,35
1841,86,28,62,13,2.642237041880456,15
1842,33,14,95,6,2.641545389608455,8
1843,68,13,8,6,2.636586364754952,7
1844,54,28,114,14,2.6355280322257,14
1845,86,104,87,52,2.628134764574938,52
1846,86,77,8,38,2.6214013074003426,39
1847,11,12,41,4,2.61594797809933,8
1848,107,13,44,6,2.614225242306437,7
1849,76,13,2,5,2.6134640032331116,8
1850,109,29,16,14,2.610188033474427,15
1851,36,23,91,10,2.600483205457648,13
1852,40,19,27,11,2.5947052105553365,8
1853,7,71,40,31,2.591455865954859,40
1854,60,10,22,4,2.5726670060009718,6
1855,47,11,91,5,2.565831417578021,6
1856,91,28,107,12,2.5653431282322665,16
1857,86,22,85,11,2.5646165941915995,11
1858,39,46,55,21,2.5645441640745514,25
1859,27,15,87,7,2.5610593244075193,8
1860,83,10,63,6,2.557624644664858,4
1861,86,14,14,7,2.5565201304900333,7
1862,55,52,88,22,2.5540628419606892,30
1863,91,34,86,16,2.5421304216054588,18
1864,63,35,11,14,2.539597707853179,21
1865,39,13,81,6,2.5358588891526312,7
1866,111,11,60,4,2.535604443502029,7
1867,39,18,4,8,2.5267698999647226,10
1868,11,13,68,6,2.5250619833588033,7
1869,86,31,2,15,2.512420154915492,16
1870,25,24,17,11,2.5080704518639716,13
1871,74,81,86,39,2.5025770549212383,42
1872,37,18,109,8,2.501013404341532,10
1873,11,20,48,9,2.499763597895506,11
1874,65,20,3,9,2.497136850038322,11
1875,87,20,31,10,2.492676559594957,10
1876,53,36,51,17,2.490601312926468,19
1877,18,11,111,5,2.4899108726358863,6
1878,86,29,3,13,2.475768815433942,16
1879,7,61,9,30,2.475604646115282,31
1880,44,17,53,9,2.4721818784403276,8
1881,36,28,51,13,2.4708671287104758,15
1882,46,50,5,22,2.4690859933319382,28
1883,54,10,27,5,2.4638694969344774,5
1884,107,18,85,8,2.4579163644894475,10
1885,32,10,50,6,2.444054190716271,4
1886,9,13,97,7,2.4427524088030563,6
1887,51,32,31,13,2.442717268856009,19
1888,9,37,51,18,2.442051118378038,19
1889,55,39,106,17,2.438139246666604,22
1890,16,25,43,10,2.4373771920531233,15
1891,87,21,99,9,2.4324110326808843,12
1892,91,20,75,13,2.432369433261267,7
1893,54,43,51,21,2.430592029198584,22
1894,109,11,99,5,2.4195174025010595,6
1895,107,46,25,22,2.4187485647838765,24
1896,8,33,93,16,2.4111455321691304,17
1897,86,19,77,8,2.4096878419842773,11
1898,56,10,8,4,2.40008605471798,6
1899,44,23,16,12,2.3999833792654575,11
1900,53,41,64,19,2.3943285328808845,22
1901,83,22,87,11,2.390357141943488,11
1902,111,12,8,6,2.390343846489095,6
1903,104,40,95,18,2.3890342183876085,22
1904,108,23,51,11,2.3869193933604906,12
1905,96,25,104,11,2.3866419839158346,14
1906,75,13,56,5,2.3840139649043497,8
1907,54,18,49,9,2.382044302967445,9
1908,55,28,84,13,2.379086300412449,15
1909,28,36,51,18,2.375623805094966,18
1910,20,24,80,11,2.3743533978302183,13
1911,69,10,96,4,2.3715807543077463,6
1912,8,55,96,25,2.371439357092425,30
1913,104,37,106,18,2.363471674556246,19
1914,99,23,5,11,2.3616219022642833,12
1915,88,66,107,29,2.357815024973211,37
1916,96,14,109,6,2.3566759619593642,8
1917,75,36,9,16,2.3472024465996486,20
1918,13,15,12,9,2.3425974502134457,6
1919,16,82,65,38,2.3420642243430616,44
1920,104,17,4,7,2.3357072159096575,10
1921,95,18,23,9,2.323798075251889,9
1922,104,21,102,11,2.320627297470276,10
1923,4,12,28,6,2.3082234369651164,6
1924,65,37,71,16,2.307709360825174,21
1925,104,61,16,28,2.3028370539252845,33
1926,68,16,109,6,2.2985123206238915,10
1927,106,36,96,16,2.2984565902488905,20
1928,100,24,5,11,2.2932427434044684,13
1929,36,27,55,13,2.2928655040188377,14
1930,114,18,45,8,2.292094813707232,10
1931,12,34,65,15,2.291256782782868,19
1932,106,13,4,7,2.287883468044352,6
1933,50,21,31,10,2.283882121200706,11
1934,37,46,74,22,2.283869095408045,24
1935,68,75,13,34,2.2744189306140727,41
1936,63,18,53,8,2.272596623719554,10
1937,28,66,96,31,2.267406944603933,35
1938,60,24,46,11,2.2638066641840875,13
1939,41,14,54,7,2.251101436056138,7
1940,87,43,28,21,2.245948853463187,22
1941,87,35,104,18,2.2393020839894087,17
1942,68,25,70,12,2.2334926025833988,13
1943,52,11,8,5,2.23336855433637,6
1944,27,15,8,8,2.231213945207815,7
1945,76,24,8,12,2.22939302069529,12
1946,90,16,25,7,2.2261576936837058,9
1947,28,16,100,7,2.2255414738387724,9
1948,88,11,33,6,2.22422094342155,5
1949,1,22,51,11,2.2233051744545986,11
1950,11,11,114,6,2.222333602098374,5
1951,98,13,99,7,2.2212581677933785,6
1952,104,11,69,4,2.217479448350339,7
1953,112,11,8,6,2.2144684353504553,5
1954,7,16,38,8,2.212482088072848,8
1955,5,50,96,22,2.2114271922507607,28
1956,43,25,60,11,2.208421199138448,14
1957,3,27,68,12,2.202124579806069,15
1958,8,23,48,10,2.2004165749645987,13
1959,107,50,106,24,2.1993074270722803,26
1960,8,64,74,28,2.186622040651489,36
1961,63,26,70,12,2.1813121472430437,14
1962,7,101,68,46,2.1809360493565415,55
1963,97,10,31,5,2.1753585415679075,5
1964,33,11,39,5,2.170155887452032,6
1965,11,22,13,11,2.1659141415387677,11
1966,88,14,74,5,2.165363961250821,9
1967,17,12,84,6,2.1646737051112885,6
1968,88,65,51,33,2.1624171882527143,32
1969,87,27,46,14,2.1507851989480726,13
1970,11,49,28,24,2.139899963041059,25
1971,62,17,65,8,2.1395306991535668,9
1972,15,17,68,7,2.1350807224391315,10
1973,74,12,9,5,2.1177465625288687,7
1974,53,11,70,5,2.117480208536356,6
1975,1,20,64,10,2.1164326209593654,10
1976,84,12,114,6,2.116015657763184,6
1977,11,15,40,7,2.115832802221001,8
1978,48,13,30,7,2.114145406665778,6
1979,74,12,33,6,2.113811361820999,6
1980,97,21,70,9,2.1100037608471256,12
1981,8,23,100,10,2.1093275750438316,13
1982,25,19,70,9,2.1042015433351753,10
1983,20,23,35,10,2.103616009688827,13
1984,99,24,60,11,2.100940382067205,13
1985,28,62,5,30,2.1003743399505708,32
1986,16,15,29,8,2.0960967700074415,7
1987,97,22,8,11,2.094799206270941,11
1988,86,90,28,41,2.087428596854245,49
1989,98,13,114,6,2.082503686116617,7
1990,109,50,5,25,2.0811517758308082,25
1991,36,14,112,6,2.0784628030114525,8
1992,82,10,63,5,2.077975861296688,5
1993,60,39,114,22,2.077962541555554,17
1994,9,16,1,9,2.076553496826979,7
1995,77,52,60,24,2.0764857415563522,28
1996,46,36,28,15,2.067281553252178,21
1997,16,72,13,33,2.065348100744426,39
1998,50,23,114,10,2.0649465321872778,13
1999,68,16,49,8,2.0637805548779458,8
2000,13,22,45,10,2.063714442075686,12
2001,63,26,71,13,2.0630345589537433,13
2002,50,15,30,7,2.0464195072984315,8
2003,23,17,54,8,2.0401263588538048,9
2004,90,24,60,10,2.0397275719261816,14
2005,7,82,65,41,2.0356092203463323,41
2006,89,14,88,7,2.0354634990614118,7
2007,58,12,63,7,2.0345686518653676,5
2008,38,10,80,4,2.0310395723254193,6
2009,55,12,73,6,2.0248295643907164,6
2010,8,36,90,16,2.0194647820717804,20
2011,4,10,58,4,2.0168974614800463,6
2012,9,44,40,20,2.013131078746107,24
2013,39,42,60,21,2.0085829887842834,21
2014,28,51,65,23,2.007039097241144,28
2015,12,20,51,9,2.003059252583365,11
2016,65,57,68,26,2.0015768761708967,31
2017,107,28,1,13,1.9993184995448616,15
2018,50,11,58,5,1.9915314759076346,6
2019,53,19,4,9,1.987694792892671,10
2020,13,63,55,30,1.9857102496979555,33
2021,48,13,13,6,1.9848220769452258,7
2022,88,33,37,15,1.9799898753785308,18
2023,87,47,54,21,1.9691631988961396,26
2024,78,15,87,8,1.9606966739631158,7
2025,40,20,75,9,1.9606784180037777,11
2026,50,11,35,5,1.9581460146246747,6
2027,60,10,94,5,1.9558814631865946,5
2028,13,17,92,10,1.9557816590236836,7
2029,53,20,97,9,1.9536953475899288,11
2030,7,54,18,27,1.9485749042545342,27
2031,36,34,64,17,1.9485056781764598,17
2032,25,20,55,9,1.9429576796619945,11
2033,23,14,31,6,1.9392936999416424,8
2034,110,13,104,5,1.9388474450810558,8
2035,60,27,8,14,1.9314540236492588,13
2036,75,25,64,12,1.931402946414509,13
2037,70,19,40,8,1.9276789997691202,11
2038,114,21,18,10,1.923577249757446,11
2039,80,25,28,12,1.9225523112040792,13
2040,70,21,41,11,1.919847111480952,10
2041,99,11,76,6,1.9173589523208343,5
2042,97,32,106,16,1.9159665785715099,16
2043,63,37,114,15,1.9099176429878706,22
2044,104,49,7,23,1.895329887109144,26
2045,57,18,86,9,1.8883229262019992,9
2046,25,23,64,11,1.8857238852847684,12
2047,9,31,39,16,1.8807297943165258,15
2048,8,14,79,8,1.8787453444383122,6
2049,60,16,83,7,1.8774619090517453,9
2050,92,16,7,6,1.8730536984037738,10
2051,87,78,107,37,1.868672195964078,41
2052,74,14,17,7,1.8676704113074118,7
2053,37,95,5,46,1.8654288703425719,49
2054,28,11,49,6,1.8638166520419177,5
2055,48,12,39,6,1.8633366398280342,6
2056,6,13,87,6,1.861104979629091,7
2057,87,61,106,30,1.856632619724249,31
2058,6,11,86,5,1.8539951054916266,6
2059,46,22,76,10,1.8507100299988166,12
2060,34,12,106,5,1.8480424044178243,7
2061,8,37,39,18,1.8466708627483321,19
2062,60,43,86,20,1.846643728407254,23
2063,28,21,98,8,1.8460912305825183,13
2064,95,25,53,10,1.845917088035911,15
2065,40,59,51,28,1.8453671538115297,31
2066,84,38,96,19,1.8356486827006797,19
2067,46,17,41,7,1.829610386306841,10
2068,7,14,29,8,1.8294106613069705,6
2069,74,29,13,14,1.8278354237299064,15
2070,44,13,114,6,1.8263733365516701,7
2071,102,13,99,6,1.8212893413036875,7
2072,79,18,28,8,1.8130893193426152,10
2073,7,26,47,11,1.8120157266134882,15
2074,84,21,80,9,1.8116947476965417,12
2075,40,18,111,9,1.8104998545748818,9
2076,36,31,9,14,1.8090827951218598,17
2077,36,22,25,11,1.8071440138268557,11
2078,8,65,28,30,1.8060421386611976,35
2079,87,48,55,23,1.7924162039290537,25
2080,86,44,90,20,1.789317395866341,24
2081,8,42,65,20,1.786552363958814,22
2082,1,25,41,13,1.7850851573908948,12
2083,37,25,90,12,1.7816453937181782,13
2084,102,13,84,6,1.779322402529277,7
2085,71,10,20,4,1.778650300459979,6
2086,49,15,8,6,1.7678498041146895,9
2087,84,26,70,12,1.7530345342228948,14
2088,76,25,11,11,1.745006286070099,14
2089,60,33,36,16,1.7416473627060747,17
2090,18,11,6,5,1.7414584600944751,6
2091,15,19,60,8,1.739956999676668,11
2092,36,37,88,16,1.7392851936744347,21
2093,75,28,87,13,1.7361250156469608,15
2094,70,19,75,10,1.7314858975507377,9
2095,60,14,11,7,1.72978393860355,7
2096,50,13,12,8,1.7279667161947851,5
2097,39,20,31,9,1.7276829359560453,11
2098,8,49,11,22,1.725678638141755,27
2099,74,10,85,5,1.7134982697618455,5
2100,84,13,76,6,1.710890300241341,7
2101,48,10,37,5,1.7035937503192145,5
2102,41,33,63,16,1.6996369290219266,17
2103,107,43,39,19,1.6981123878417912,24
2104,36,15,23,9,1.6972875274185721,6
2105,96,11,67,6,1.6933647660310183,5
2106,75,14,2,7,1.68604849673709,7
2107,63,46,40,21,1.6860199948143588,25
2108,53,43,60,19,1.6794097413590614,24
2109,75,33,36,14,1.675219130717453,19
2110,8,81,55,41,1.6743354905689851,40
2111,18,32,51,16,1.671256335211397,16
2112,45,28,31,13,1.6710870406691087,15
2113,50,22,64,11,1.6654672188379334,11
2114,13,12,61,5,1.6547668325036817,7
2115,37,49,51,26,1.6543448329472816,23
2116,49,50,13,25,1.6512345250772436,25
2117,36,23,68,11,1.6511686348202657,12
2118,16,50,74,23,1.6504828930462028,27
2119,106,44,88,19,1.6421661548035555,25
2120,39,19,96,8,1.6315253594413592,11
2121,16,35,40,16,1.6293137915514357,19
2122,93,19,97,9,1.6218435881798232,10
2123,65,42,60,17,1.6141246546544779,25
2124,7,17,11,8,1.6096082788053923,9
2125,114,28,20,13,1.609390659763289,15
2126,70,13,43,6,1.6071210379776917,7
2127,13,14,26,7,1.6051046471259123,7
2128,106,53,63,26,1.597863471262713,27
2129,99,18,30,8,1.5949338139614577,10
2130,1,30,36,16,1.5919918411390332,14
2131,2,15,25,8,1.5845186001024008,7
2132,95,29,25,14,1.5820643564901045,15
2133,66,11,31,5,1.5814503962598214,6
2134,55,22,90,12,1.578656952498874,10
2135,63,37,50,17,1.5673775939383385,20
2136,84,61,107,29,1.563165104726148,32
2137,9,14,111,7,1.5621342613374551,7
2138,40,17,61,8,1.5607473214395389,9
2139,97,12,100,6,1.5601199386945834,6
2140,104,23,83,10,1.5563880557352996,13
2141,104,32,74,14,1.5541431712956817,18
2142,11,26,74,12,1.5483769164487977,14
2143,69,12,71,6,1.5455671010954823,6
2144,65,12,61,5,1.5448114274450557,7
2145,81,15,4,8,1.5369299818364033,7
2146,48,14,88,8,1.5368173707334059,6
2147,71,30,106,14,1.5367748054190211,16
2148,107,11,79,6,1.5337921396437175,5
2149,106,19,83,8,1.5311768047912764,11
2150,70,24,20,11,1.5291025938951794,13
2151,70,54,86,25,1.5265643039354155,29
2152,7,75,41,37,1.5262460973140628,38
2153,1,34,88,17,1.5234508852206479,17
2154,35,14,37,7,1.523131742310598,7
2155,43,12,8,6,1.5194230889621367,6
2156,98,11,78,5,1.5190069892875968,6
2157,46,12,55,5,1.5148590180899557,7
2158,84,30,50,15,1.5145533767727444,15
2159,38,13,60,6,1.5118752843856296,7
2160,54,24,64,11,1.5054151459172969,13
2161,104,44,114,20,1.5037045716465338,24
2162,28,33,39,15,1.4988037688650104,18
2163,68,17,77,8,1.4983876400045488,9
2164,11,17,32,9,1.4729852723414754,8
2165,4,35,31,15,1.467424080580519,20
2166,49,15,30,7,1.4667608883534216,8
2167,63,89,65,43,1.4663105199346151,46
2168,28,14,89,6,1.4639788382157592,8
2169,110,11,54,5,1.4614008940578211,6
2170,25,23,83,10,1.4597201880554966,13
2171,8,16,38,8,1.4562520429495758,8
2172,47,27,39,13,1.4560207178545557,14
2173,98,20,76,9,1.4493678922731097,11
2174,107,64,63,34,1.4442309150489363,30
2175,20,21,97,11,1.439527960881874,10
2176,76,27,70,12,1.4264215948460301,15
2177,106,14,110,7,1.4258595725562953,7
2178,36,35,45,19,1.423273124508123,16
2179,80,23,87,11,1.4202226913102636,12
2180,7,23,74,9,1.4166931670314638,14
2181,13,28,15,14,1.4143705369608406,14
2182,41,30,40,15,1.4126537270823982,15
2183,102,15,11,6,1.4114820984859568,9
2184,87,39,74,18,1.4084912775273248,21
2185,70,17,95,9,1.4011695857654913,8
2186,20,19,95,9,1.3957034121223277,10
2187,91,13,9,6,1.3946381880594532,7
2188,7,15,83,6,1.3943529604549396,9
2189,100,25,106,13,1.3941621457208537,12
2190,95,28,39,13,1.3939598099667563,15
2191,88,17,35,8,1.3903417931875612,9
2192,15,15,114,7,1.385848653276297,8
2193,50,41,11,19,1.3816262941644981,22
2194,4,11,37,5,1.3739635228518734,6
2195,75,10,48,5,1.3711471542080278,5
2196,90,11,76,6,1.3711097869836062,5
2197,50,22,9,10,1.3704216930814668,12
2198,34,26,107,11,1.366862177778207,15
2199,27,13,23,7,1.3665703255989456,6
2200,30,23,40,11,1.3656919842952282,12
2201,25,26,30,14,1.363384718034577,12
2202,68,31,104,16,1.3616459533032328,15
2203,41,16,76,9,1.3542221522537383,7
2204,97,37,88,18,1.349074362930903,19
2205,84,17,90,8,1.3434141546201468,9
2206,71,27,114,13,1.3431780041778802,14
2207,74,19,18,10,1.343162947181306,9
2208,30,11,109,5,1.3395989531940025,6
2209,9,15,34,7,1.3379713483382543,8
2210,8,66,37,32,1.3357403383797626,34
2211,57,16,28,8,1.3350233736762545,8
2212,8,42,51,20,1.3202224517719274,22
2213,74,18,80,9,1.3199661328668575,9
2214,46,60,88,30,1.317189159463411,30
2215,63,16,47,6,1.3162850335917953,10
2216,10,16,8,7,1.3145513780375315,9
2217,75,40,55,17,1.3084757661622761,23
2218,70,11,102,7,1.3043211125718095,4
2219,86,61,55,29,1.3025975558212732,32
2220,5,44,13,21,1.302350985374302,23
2221,112,16,107,8,1.2995663050577217,8
2222,2,22,74,10,1.2925512141562505,12
2223,13,37,28,17,1.2907694367415539,20
2224,107,37,70,19,1.271004560619494,18
2225,7,73,60,35,1.2681224106536557,38
2226,30,15,7,6,1.2653074178605743,9
2227,50,27,65,13,1.2644687002361983,14
2228,55,26,99,12,1.2605449554949548,14
2229,72,12,7,6,1.258904197957913,6
2230,51,18,49,9,1.251925570642198,9
2231,86,31,31,14,1.2491412092873677,17
2232,65,10,89,5,1.246766687204138,5
2233,104,12,43,5,1.2430962980218274,7
2234,71,25,31,12,1.2380158081615504,13
2235,63,16,95,8,1.233969730193377,8
2236,51,20,43,10,1.2311542840690501,10
2237,25,13,47,7,1.2263479187744069,6
2238,71,26,9,12,1.2262156519313812,14
2239,41,43,107,19,1.2230791102829806,24
2240,50,62,54,30,1.2219864026222231,32
2241,37,45,28,21,1.21384272318488,24
2242,98,11,74,5,1.2137114800422117,6
2243,38,12,46,5,1.2117798317776198,7
2244,25,33,97,16,1.211209753293348,17
2245,40,76,86,35,1.2050622441021135,41
2246,37,25,84,12,1.200224547121566,13
2247,94,12,43,5,1.1957377911100522,7
2248,25,25,109,12,1.1927554377225935,13
2249,46,20,63,11,1.1909023397951841,9
2250,39,31,104,15,1.1860951445386856,16
2251,71,30,39,14,1.1793525965371914,16
2252,76,24,28,11,1.171307704252366,13
2253,48,28,16,13,1.1700437405112523,15
2254,16,25,98,12,1.1686660236333457,13
2255,16,29,17,12,1.1672295265088697,17
2256,65,16,48,7,1.1655305065337143,9
2257,27,38,68,17,1.1654046230648216,21
2258,2,40,8,20,1.1594572352269998,20
2259,51,55,68,29,1.1465877395833652,26
2260,88,31,91,15,1.1352768006015477,16
2261,63,16,49,8,1.135191913675407,8
2262,42,10,69,5,1.134758835620745,5
2263,48,15,109,7,1.133812900706227,8
2264,23,47,16,22,1.133588423461974,25
2265,20,14,48,6,1.1319086574299344,8
2266,107,47,60,22,1.1318237104745774,25
2267,36,26,106,13,1.1307287364062801,13
2268,33,13,114,7,1.1286658148323794,6
2269,61,18,88,10,1.1254133453483963,8
2270,65,23,69,11,1.1196028112727805,12
2271,43,12,69,6,1.1180412117323637,6
2272,75,23,74,10,1.113638297992798,13
2273,25,17,57,8,1.1122394350713356,9
2274,29,12,97,6,1.1121402109632499,6
2275,63,28,13,14,1.1070635307078622,14
2276,106,98,86,48,1.1065983557269747,50
2277,96,18,2,9,1.1039761816908797,9
2278,54,16,33,7,1.1000953180608282,9
2279,27,16,106,9,1.0992702168895798,7
2280,83,16,109,9,1.0939664342434448,7
2281,14,16,11,7,1.0923565448715802,9
2282,54,84,65,40,1.0915955170974216,44
2283,40,13,74,6,1.0901529369074687,7
2284,65,46,39,20,1.089267893981286,26
2285,41,29,75,15,1.0870897660952286,14
2286,112,16,63,7,1.0842752032649252,9
2287,83,33,55,17,1.0771475436917035,16
2288,64,19,97,9,1.0748997556854092,10
2289,67,20,37,9,1.0707700527635258,11
2290,106,12,66,5,1.070759127853136,7
2291,86,51,109,25,1.063455196646584,26
2292,9,44,68,22,1.044374239029795,22
2293,16,32,90,17,1.0440460762774686,15
2294,80,14,7,6,1.0400335012513893,8
2295,90,21,88,11,1.0373159148886417,10
2296,45,14,3,7,1.0349134798027078,7
2297,71,34,88,15,1.0311330418182323,19
2298,35,22,7,11,1.0299988339542105,11
2299,107,68,28,32,1.0277499916662307,36
2300,8,21,17,11,1.026318191087208,10
2301,63,20,44,9,1.0233184771026502,11
2302,70,10,33,5,1.0222975969230632,5
2303,79,10,54,4,1.0149152326576492,6
2304,93,20,88,9,1.0138818382921346,11
2305,68,14,6,6,1.005162162800652,8
2306,114,39,7,18,1.0047894280060632,21
2307,78,16,60,9,1.0012375476480764,7
2308,31,52,65,26,0.9975860011767542,26
2309,109,10,71,5,0.9970275319814977,5
2310,107,13,14,7,0.9920091994330184,6
2311,106,67,28,32,0.9916026418837893,35
2312,23,17,111,10,0.9902411232186314,7
2313,64,14,100,6,0.9873146869937531,8
2314,84,18,65,8,0.9824722158055605,10
2315,102,11,60,5,0.9813764507321933,6
2316,13,41,75,19,0.9789722878963975,22
2317,107,65,5,32,0.9748363761521144,33
2318,14,16,87,7,0.9719183858987279,9
2319,65,49,75,23,0.9671493682311952,26
2320,96,44,87,22,0.9639736076499449,22
2321,13,41,27,21,0.9633164048559403,20
2322,14,14,5,6,0.9561035605846475,8
2323,54,66,107,33,0.9521380532801194,33
2324,34,14,63,7,0.9507384684475217,7
2325,63,42,39,17,0.9471690774065145,25
2326,7,20,8,9,0.9446580951337806,11
2327,64,10,33,4,0.9428685824938471,6
2328,112,13,114,7,0.9421647262329379,6
2329,71,21,51,10,0.940737687365888,11
2330,49,26,7,11,0.9400026625604868,15
2331,41,58,13,29,0.932827405385871,29
2332,47,20,31,10,0.9260327461409719,10
2333,33,17,86,9,0.9246066959077469,8
2334,69,17,50,7,0.9188452019230828,10
2335,13,20,33,10,0.918120505460343,10
2336,20,34,106,16,0.9177110065063093,18
2337,86,37,9,19,0.9096994625950221,18
2338,80,15,8,8,0.9079706413866477,7
2339,25,48,39,24,0.9005573108368409,24
2340,68,17,74,7,0.9001065237726507,10
2341,27,14,47,8,0.8948680262740218,6
2342,107,31,46,16,0.8942764168819464,15
2343,77,21,4,10,0.8810684428976758,11
2344,74,45,65,23,0.8800404347092065,22
2345,111,47,68,24,0.8746288393374696,23
2346,27,38,107,19,0.8731428882130658,19
2347,63,14,73,6,0.8724283651363763,8
2348,50,27,25,14,0.8694133305278393,13
2349,10,10,114,4,0.8617397018011257,6
2350,95,17,75,8,0.8604277528016115,9
2351,7,65,39,32,0.8559695969075843,33
2352,28,17,33,7,0.8541289895316202,10
2353,8,73,88,36,0.8508025087607854,37
2354,54,40,74,20,0.8415267564978521,20
2355,60,16,28,9,0.8360731874033271,7
2356,2,16,46,8,0.8285194662826778,8
2357,55,12,62,5,0.8240244688504355,7
2358,11,23,65,10,0.8217152797009966,13
2359,7,50,4,25,0.8107819202306245,25
2360,40,27,18,15,0.8087261485320237,12
2361,96,58,107,27,0.8081270899904945,31
2362,79,17,50,8,0.8036407520519759,9
2363,7,20,20,9,0.8032046261992143,11
2364,12,17,86,8,0.8013363403706056,9
2365,2,22,88,11,0.7956469041111237,11
2366,49,14,65,7,0.7937150257994673,7
2367,5,16,77,8,0.7908065895997609,8
2368,87,46,39,22,0.7901955149162592,24
2369,28,11,78,6,0.7898078034632366,5
2370,11,28,39,14,0.7894372385849194,14
2371,38,13,9,6,0.7885433122821558,7
2372,18,19,65,10,0.7868157298210118,9
2373,32,10,13,5,0.783536384760421,5
2374,65,68,41,31,0.7778443112166791,37
2375,16,24,15,11,0.7772765056505548,13
2376,107,26,17,13,0.7755885356868553,13
2377,33,15,104,8,0.7704375614853092,7
2378,51,25,3,10,0.7691035780298825,15
2379,65,17,47,8,0.763886252367048,9
2380,54,36,39,17,0.7568677259623701,19
2381,28,27,48,13,0.7484805696104432,14
2382,4,30,68,15,0.7458893736320308,15
2383,3,20,71,10,0.744611540631482,10
2384,36,13,74,5,0.7437175733038444,8
2385,75,15,97,7,0.7387085611112312,8
2386,95,41,5,21,0.731606653431554,20
2387,71,47,7,25,0.7293662611261026,22
2388,60,72,71,35,0.7281126865225346,37
2389,15,23,25,10,0.7267013492378231,13
2390,112,15,75,8,0.7210175407803031,7
2391,82,13,28,7,0.7153587234866209,6
2392,93,15,84,7,0.7145615095611303,8
2393,70,53,8,26,0.714533044758106,27
2394,106,25,17,11,0.6970418753518993,14
2395,27,11,99,6,0.6941577039356042,5
2396,7,37,54,18,0.6880798945507965,19
2397,8,32,71,15,0.6805048911548379,17
2398,14,12,88,6,0.6801737661196036,6
2399,17,10,87,5,0.6720551767544857,5
2400,37,40,114,18,0.6680388190804037,22
2401,63,43,87,20,0.6645353122982498,23
2402,71,37,107,17,0.6552961959934859,20
2403,98,16,50,8,0.6426219058041094,8
2404,25,25,41,14,0.6394054706376684,11
2405,65,30,80,15,0.6386092316307005,15
2406,111,17,36,8,0.6365354853619557,9
2407,45,13,87,6,0.6337375141360975,7
2408,4,28,64,13,0.6316212138641686,15
2409,88,13,112,6,0.6302708044722902,7
2410,41,28,106,13,0.629047162066602,15
2411,51,56,55,28,0.628635663200355,28
2412,11,11,97,6,0.6269874474505769,5
2413,27,10,11,4,0.6266769775986689,6
2414,3,13,50,7,0.6256160311234288,6
2415,36,33,71,17,0.6241330409639582,16
2416,109,13,40,7,0.6223424064374103,6
2417,76,30,96,14,0.6223340675935091,16
2418,20,16,30,8,0.6221727905859933,8
2419,39,12,29,6,0.6210417076734439,6
2420,91,16,70,7,0.6063303701253773,9
2421,71,11,58,5,0.598890926730215,6
2422,25,18,18,8,0.5853998791644801,10
2423,11,51,16,22,0.5759421625629789,29
2424,71,19,4,11,0.5721760075022247,8
2425,23,12,53,6,0.5700661218932129,6
2426,97,31,2,15,0.5614740846174435,16
2427,83,10,2,5,0.5594397265150824,5
2428,64,12,15,7,0.5592833166577472,5
2429,86,58,13,30,0.5560405025938514,28
2430,5,49,54,23,0.5526115688513309,26
2431,64,38,68,17,0.5475096313810778,21
2432,104,55,13,27,0.5474902747445213,28
2433,106,10,1,5,0.539652861011431,5
2434,46,16,57,8,0.5297057406629254,8
2435,41,22,69,9,0.5251046614961192,13
2436,73,19,28,10,0.5214155246375574,9
2437,7,18,70,7,0.5158871113950122,11
2438,60,22,109,11,0.5152194261091816,11
2439,41,11,90,6,0.513841479320257,5
2440,114,11,38,6,0.5127819422302534,5
2441,88,33,31,17,0.5050052168888871,16
2442,90,13,91,6,0.5003235284827323,7
2443,70,19,39,10,0.49953189293951183,9
2444,5,59,87,29,0.4991669720547012,30
2445,86,39,68,19,0.49538149273848137,20
2446,5,39,63,22,0.49187190353271276,17
2447,86,94,107,47,0.4860921265969143,47
2448,57,14,104,5,0.4845128262229356,9
2449,95,28,74,13,0.47842550860281996,15
2450,39,36,41,19,0.4749137051356226,17
2451,37,13,69,6,0.4741041536564538,7
2452,45,18,64,9,0.47078973461046125,9
2453,20,19,2,9,0.46802771578138846,10
2454,25,16,43,6,0.46361854443668904,10
2455,41,52,88,25,0.4630320390531315,27
2456,36,38,39,18,0.46164253979147063,20
2457,87,16,111,8,0.45897322341286445,8
2458,7,41,63,23,0.45463688800609686,18
2459,13,47,53,21,0.45461417007505983,26
2460,8,65,54,34,0.4543441135725225,31
2461,107,87,7,39,0.4448682199865419,48
2462,86,83,65,43,0.4411076558908754,40
2463,90,15,11,7,0.4409004522210816,8
2464,112,14,104,7,0.4402910941821347,7
2465,12,13,18,6,0.4352920108827378,7
2466,40,43,31,22,0.429627197462679,21
2467,33,11,99,6,0.42486651226142574,5
2468,37,36,17,16,0.42335569980871807,20
2469,9,21,58,10,0.42303022437283994,11
2470,114,56,88,28,0.4216629632034502,28
2471,3,12,61,5,0.4186490892919477,7
2472,5,14,38,7,0.4168378546295618,7
2473,88,32,84,17,0.4142628398009651,15
2474,109,29,104,14,0.40824541877732634,15
2475,15,10,81,5,0.40598881161956657,5
2476,64,26,41,11,0.40374152700026245,15
2477,68,11,57,6,0.4016716158171127,5
2478,86,52,114,25,0.40131417268762526,27
2479,46,40,11,19,0.4001450319361854,21
2480,88,13,78,6,0.3934639813104847,7
2481,3,15,55,7,0.39115052061440836,8
2482,8,13,44,6,0.3904420875790005,7
2483,55,12,58,6,0.383669963642026,6
2484,70,38,106,20,0.38322439183367313,18
2485,8,35,50,16,0.38293825667797665,19
2486,64,36,88,17,0.3809269320970308,19
2487,14,18,84,8,0.37783903496494214,10
2488,16,39,114,18,0.3744778890921723,21
2489,68,43,107,22,0.37419850785440256,21
2490,114,26,75,13,0.3719126663008889,13
2491,51,38,17,18,0.36986831063967746,20
2492,57,18,41,8,0.36831117859914086,10
2493,95,26,28,12,0.36814720179538635,14
2494,25,30,63,16,0.3669879376751877,14
2495,107,67,114,34,0.3636753253095943,33
2496,71,15,80,7,0.35243956476478927,8
2497,107,79,8,36,0.3489627757682446,43
2498,87,34,18,18,0.3459882851266709,16
2499,34,11,75,5,0.3370204168535255,6
2500,54,55,16,28,0.3270493870552762,27
2501,68,48,60,25,0.32060528813408967,23
2502,50,18,112,8,0.31747188429243445,10
2503,39,42,49,20,0.30068739586499826,22
2504,97,10,49,6,0.2986343941212317,4
2505,16,19,112,8,0.2960895782429609,11
2506,49,40,88,20,0.29470380642812233,20
2507,73,15,96,7,0.29259461070533327,8
2508,16,64,25,32,0.2886416579377705,32
2509,17,25,114,14,0.28496362892659627,11
2510,91,10,17,5,0.28492932600072474,5
2511,97,21,83,9,0.284664584172639,12
2512,4,57,13,27,0.28380681703961486,30
2513,84,12,57,7,0.28305992064569013,5
2514,67,12,25,6,0.2816428039469064,6
2515,53,18,5,8,0.2778213329671456,10
2516,23,23,51,11,0.27232896707295756,12
2517,36,11,38,4,0.26679215079866997,7
2518,31,10,35,5,0.2664857773065452,5
2519,95,30,7,14,0.2613554696330983,16
2520,37,22,76,12,0.2606095394442829,10
2521,30,11,9,6,0.25964021517278035,5
2522,87,13,44,7,0.25594227376448775,6
2523,87,11,92,6,0.2558228307296545,5
2524,40,25,47,14,0.24655985846699452,11
2525,83,20,88,11,0.24121558114701722,9
2526,30,10,108,5,0.24117256366227835,5
2527,37,12,43,5,0.23624251310573877,7
2528,55,15,18,8,0.23358191707429382,7
2529,16,26,111,12,0.2324255478959678,14
2530,89,15,50,8,0.22910965510828304,7
2531,109,19,97,9,0.22727351714110486,10
2532,11,40,87,22,0.22473431916089695,18
2533,86,46,30,24,0.21653621847332555,22
2534,107,59,74,28,0.21255364694604195,31
2535,74,16,69,9,0.2118793093368751,7
2536,51,20,30,10,0.20736385142110692,10
2537,84,26,54,12,0.20394258489876999,14
2538,62,18,87,8,0.20375044718257337,10
2539,69,14,9,7,0.2028497519411902,7
2540,46,16,71,7,0.19894184736909315,9
2541,51,49,87,24,0.19343129150589594,25
2542,14,14,106,6,0.19021668109411646,8
2543,35,12,70,7,0.18631436457958764,5
2544,13,44,9,20,0.1846935046658416,24
2545,44,15,65,6,0.18351226600640885,9
2546,96,37,55,19,0.17732770674363885,18
2547,7,23,1,11,0.1730986900017034,12
2548,11,47,106,26,0.17225906773687616,21
2549,57,20,37,10,0.16220303080862575,10
2550,83,23,28,13,0.1621636967974565,10
2551,62,12,106,6,0.1584669634691407,6
2552,69,29,36,15,0.1524943306378237,14
2553,71,19,55,11,0.1515316911701301,8
2554,18,28,41,15,0.14547306255424425,13
2555,12,15,40,8,0.14369807725415834,7
2556,50,17,109,8,0.13868989752014263,9
2557,50,29,51,15,0.13866322802300382,14
2558,73,10,25,5,0.1328731236438802,5
2559,17,11,64,5,0.1266837744206395,6
2560,108,16,50,7,0.11486075029930842,9
2561,50,54,86,29,0.11084213889879536,25
2562,98,13,97,7,0.11020600858990875,6
2563,44,11,75,6,0.10948708447975135,5
2564,2,18,84,9,0.10504403066305398,9
2565,68,13,44,7,0.10451112471006771,6
2566,88,24,69,11,0.1024062201336718,13
2567,28,75,16,38,0.09681341211277841,37
2568,74,39,25,20,0.09563368284676016,19
2569,30,15,96,8,0.09214636377364425,7
2570,114,29,36,13,0.09213128587786307,16
2571,95,52,86,24,0.08956033992826938,28
2572,47,12,64,7,0.08420478222401477,5
2573,97,36,74,17,0.07931920932357782,19
2574,76,20,109,9,0.07505370430495735,11
2575,55,15,108,8,0.07480659095217349,7
2576,4,17,9,9,0.07319742332753343,8
2577,106,21,40,10,0.06808253080226546,11
2578,20,12,23,6,0.06562707953631779,6
2579,108,15,74,7,0.06305457719799344,8
2580,9,24,54,12,0.05654972241177777,12
2581,8,70,106,37,0.05212763279076112,33
2582,34,19,50,10,0.05002588679712766,9
2583,73,16,106,8,0.04700386219362951,8
2584,17,26,13,13,0.035879151565369104,13
2585,84,12,35,6,0.03547581193109058,6
2586,45,17,71,7,0.03389797077786283,10
2587,43,17,18,10,0.027220717869777436,7
2588,85,12,68,5,0.026458754445840137,7
2589,106,42,50,20,0.025298087208634697,22
2590,37,15,62,9,0.02061565017493169,6
2591,79,16,84,7,0.019079910408303924,9
2592,107,25,108,12,0.013698196737241802,13
2593,86,25,53,11,0.008691682626614466,14
2594,109,20,102,10,0.0026602667859183526,10
2595,102,20,109,10,-0.0026602667859165763,10
2596,53,25,86,14,-0.008691682626614182,11
2597,108,25,107,13,-0.013698196737241517,12
2598,84,16,79,9,-0.0190799104083047,7
2599,62,15,37,6,-0.020615650174930673,9
2600,50,42,106,22,-0.02529808720863334,20
2601,68,12,85,7,-0.026458754445838843,5
2602,18,17,43,7,-0.02722071786977618,10
2603,71,17,45,10,-0.03389797077786216,7
2604,35,12,84,6,-0.035475811931090284,6
2605,13,26,17,13,-0.03587915156537081,13
2606,106,16,73,8,-0.0470038621936304,8
2607,50,19,34,9,-0.05002588679712785,10
2608,106,70,8,33,-0.05212763279076128,37
2609,54,24,9,12,-0.05654972241177599,12
2610,74,15,108,8,-0.06305457719799369,7
2611,23,12,20,6,-0.06562707953631748,6
2612,40,21,106,11,-0.0680825308022658,10
2613,9,17,4,8,-0.07319742332753343,9
2614,108,15,55,7,-0.07480659095217229,8
2615,109,20,76,11,-0.07505370430495617,9
2616,74,36,97,19,-0.07931920932357782,17
2617,64,12,47,5,-0.08420478222401447,7
2618,86,52,95,28,-0.08956033992827091,24
2619,36,29,114,16,-0.09213128587786189,13
2620,96,15,30,7,-0.09214636377364507,8
2621,25,39,74,19,-0.0956336828467596,20
2622,16,75,28,37,-0.0968134121127788,38
2623,69,24,88,13,-0.10240622013367166,11
2624,44,13,68,6,-0.10451112471006657,7
2625,84,18,2,9,-0.10504403066305477,9
2626,75,11,44,5,-0.10948708447975135,6
2627,97,13,98,6,-0.11020600858990862,7
2628,86,54,50,25,-0.11084213889879549,29
2629,50,16,108,9,-0.11486075029930998,7
2630,64,11,17,6,-0.12668377442063913,5
2631,25,10,73,5,-0.1328731236438802,5
2632,51,29,50,14,-0.13866322802300332,15
2633,109,17,50,9,-0.1386898975201418,8
2634,40,15,12,7,-0.14369807725415834,8
2635,41,28,18,13,-0.14547306255424347,15
2636,55,19,71,8,-0.15153169117012916,11
2637,36,29,69,14,-0.15249433063782128,15
2638,106,12,62,6,-0.15846696346914188,6
2639,28,23,83,10,-0.16216369679745715,13
2640,37,20,57,10,-0.162203030808627,10
2641,106,47,11,21,-0.17225906773687602,26
2642,1,23,7,12,-0.17309869000170214,11
2643,55,37,96,18,-0.17732770674364082,19
2644,65,15,44,9,-0.1835122660064091,6
2645,9,44,13,24,-0.18469350466584117,20
2646,70,12,35,5,-0.18631436457958692,7
2647,106,14,14,8,-0.19021668109411646,6
2648,87,49,51,25,-0.19343129150589594,24
2649,71,16,46,9,-0.19894184736909182,7
2650,9,14,69,7,-0.2028497519411907,7
2651,87,18,62,10,-0.20375044718257365,8
2652,54,26,84,14,-0.2039425848987681,12
2653,30,20,51,10,-0.20736385142110766,10
2654,69,16,74,7,-0.21187930933687607,9
2655,30,46,86,22,-0.216536218473325,24
2656,88,34,20,18,-0.22290398998921776,16
2657,87,40,11,18,-0.22473431916089676,22
2658,97,19,109,10,-0.22727351714110525,9
2659,50,15,89,7,-0.22910965510828257,8
2660,111,26,16,14,-0.23242554789596853,12
2661,18,15,55,7,-0.23358191707429324,8
2662,43,12,37,7,-0.23624251310573818,5
2663,108,10,30,5,-0.24117256366227763,5
2664,88,20,83,9,-0.24121558114701463,11
2665,47,25,40,11,-0.24655985846699366,14
2666,92,11,87,5,-0.2558228307296545,6
2667,44,13,87,6,-0.255942273764488,7
2668,9,11,30,5,-0.25964021517278013,6
2669,76,22,37,10,-0.26060953944428406,12
2670,7,30,95,16,-0.2613554696330997,14
2671,35,10,31,5,-0.2664857773065439,5
2672,38,11,36,7,-0.26679215079866964,4
2673,51,23,23,12,-0.27232896707295867,11
2674,5,18,53,10,-0.277821332967146,8
2675,25,12,67,6,-0.2816428039469064,6
2676,57,12,84,5,-0.28305992064569035,7
2677,13,57,4,30,-0.28380681703961697,27
2678,83,21,97,12,-0.28466458417263885,9
2679,17,10,91,5,-0.28492932600072507,5
2680,114,25,17,11,-0.2849636289265948,14
2681,25,64,16,32,-0.2886416579377708,32
2682,96,15,73,8,-0.29259461070533327,7
2683,88,40,49,20,-0.29470380642812205,20
2684,112,19,16,11,-0.29608957824296067,8
2685,49,10,97,4,-0.2986343941212313,6
2686,49,42,39,22,-0.30068739586499965,20
2687,112,18,50,10,-0.31747188429243345,8
2688,60,48,68,23,-0.32060528813408984,25
2689,16,55,54,27,-0.327049387055276,28
2690,75,11,34,6,-0.3370204168535259,5
2691,18,34,87,16,-0.34598828512667124,18
2692,8,79,107,43,-0.3489627757682449,36
2693,80,15,71,8,-0.35243956476478927,7
2694,114,67,107,33,-0.36367532530959656,34
2695,63,30,25,14,-0.3669879376751877,16
2696,28,26,95,14,-0.36814720179538646,12
2697,41,18,57,10,-0.3683111785991403,8
2698,17,38,51,20,-0.36986831063967585,18
2699,75,26,114,13,-0.37191266630088854,13
2700,107,43,68,21,-0.37419850785440323,22
2701,114,39,16,21,-0.3744778890921726,18
2702,84,18,14,10,-0.37783903496494253,8
2703,88,36,64,19,-0.3809269320970308,17
2704,50,35,8,19,-0.3829382566779763,16
2705,106,38,70,18,-0.383224391833672,20
2706,58,12,55,6,-0.3836699636420245,6
2707,44,13,8,7,-0.3904420875789997,6
2708,55,15,3,8,-0.391150520614408,7
2709,78,13,88,7,-0.3934639813104835,6
2710,11,40,46,21,-0.40014503193618634,19
2711,114,52,86,27,-0.4013141726876246,25
2712,57,11,68,5,-0.40167161581711236,6
2713,41,26,64,15,-0.40374152700026184,11
2714,81,10,15,5,-0.40598881161956585,5
2715,104,29,109,15,-0.40824541877732484,14
2716,84,32,88,15,-0.41426283980096457,17
2717,38,14,5,7,-0.4168378546295618,7
2718,61,12,3,7,-0.41864908929194833,5
2719,88,56,114,28,-0.4216629632034512,28
2720,58,21,9,11,-0.42303022437283955,10
2721,17,36,37,20,-0.42335569980871945,16
2722,99,11,33,5,-0.4248665122614248,6
2723,31,43,40,21,-0.4296271974626791,22
2724,18,13,12,7,-0.4352920108827394,6
2725,104,14,112,7,-0.4402910941821344,7
2726,11,15,90,8,-0.4409004522210813,7
2727,65,83,86,40,-0.44110765589087725,43
2728,7,87,107,48,-0.44486821998654225,39
2729,54,65,8,31,-0.4543441135725223,34
2730,53,47,13,26,-0.45461417007506105,21
2731,63,41,7,18,-0.4546368880060973,23
2732,111,16,87,8,-0.45897322341286373,8
2733,39,38,36,20,-0.4616425397914709,18
2734,88,52,41,27,-0.463032039053132,25
2735,43,16,25,10,-0.4636185444366884,6
2736,2,19,20,10,-0.4680277157813875,9
2737,64,18,45,9,-0.47078973461046025,9
2738,69,13,37,7,-0.47410415365645314,6
2739,41,36,39,17,-0.4749137051356227,19
2740,74,28,95,15,-0.4784255086028221,13
2741,104,14,57,9,-0.4845128262229359,5
2742,107,94,86,47,-0.4860921265969144,47
2743,63,39,5,17,-0.4918719035327135,22
2744,68,39,86,20,-0.4953814927384827,19
2745,87,59,5,30,-0.49916697205470045,29
2746,39,19,70,9,-0.49953189293951067,10
2747,91,13,90,7,-0.5003235284827329,6
2748,31,33,88,16,-0.505005216888888,17
2749,38,11,114,5,-0.5127819422302561,6
2750,90,11,41,5,-0.513841479320257,6
2751,109,22,60,11,-0.5152194261091816,11
2752,70,18,7,11,-0.5158871113950115,7
2753,28,19,73,9,-0.5214155246375576,10
2754,69,22,41,13,-0.525104661496118,9
2755,57,16,46,8,-0.5297057406629241,8
2756,1,10,106,5,-0.5396528610114302,5
2757,13,55,104,28,-0.5474902747445204,27
2758,68,38,64,21,-0.547509631381078,17
2759,54,49,5,26,-0.5526115688513301,23
2760,13,58,86,28,-0.5560405025938512,30
2761,15,12,64,5,-0.5592833166577464,7
2762,2,10,83,5,-0.559439726515081,5
2763,2,31,97,16,-0.5614740846174444,15
2764,107,36,90,19,-0.5646498466658356,17
2765,53,12,23,6,-0.5700661218932138,6
2766,4,19,71,8,-0.5721760075022251,11
2767,18,18,25,10,-0.5853998791644796,8
2768,58,11,71,6,-0.5988909267302156,5
2769,70,16,91,9,-0.6063303701253777,7
2770,29,12,39,6,-0.6210417076734448,6
2771,96,30,76,16,-0.6223340675935105,14
2772,40,13,109,6,-0.6223424064374109,7
2773,106,45,76,25,-0.6229200096733949,20
2774,71,33,36,16,-0.6241330409639598,17
2775,50,13,3,6,-0.6256160311234288,7
2776,11,10,27,6,-0.6266769775986694,4
2777,97,11,11,5,-0.626987447450576,6
2778,55,56,51,28,-0.6286356632003562,28
2779,106,28,41,15,-0.6290471620666023,13
2780,112,13,88,7,-0.6302708044722913,6
2781,64,28,4,15,-0.6316212138641698,13
2782,87,13,45,7,-0.6337375141360986,6
2783,36,17,111,9,-0.6365354853619557,8
2784,80,30,65,15,-0.6386092316307003,15
2785,41,25,25,11,-0.6394054706376676,14
2786,50,16,98,8,-0.6426219058041119,8
2787,107,37,71,20,-0.655296195993484,17
2788,87,43,63,23,-0.6645353122982502,20
2789,114,40,37,22,-0.6680388190804033,18
2790,87,10,17,5,-0.6720551767544857,5
2791,88,12,14,6,-0.6801737661196036,6
2792,71,32,8,17,-0.6805048911548376,15
2793,54,37,7,19,-0.6880798945507957,18
2794,99,11,27,5,-0.6941577039356038,6
2795,17,25,106,14,-0.6970418753519009,11
2796,8,53,70,27,-0.7145330447581052,26
2797,84,15,93,8,-0.7145615095611293,7
2798,28,13,82,6,-0.7153587234866207,7
2799,75,15,112,7,-0.7210175407803044,8
2800,25,23,15,13,-0.7267013492378236,10
2801,71,72,60,37,-0.7281126865225326,35
2802,7,47,71,22,-0.7293662611261019,25
2803,48,18,106,9,-0.7312368699340437,9
2804,5,41,95,20,-0.7316066534315533,21
2805,97,15,75,8,-0.7387085611112301,7
2806,74,13,36,8,-0.743717573303844,5
2807,71,20,3,10,-0.7446115406314829,10
2808,68,30,4,15,-0.7458893736320322,15
2809,48,27,28,14,-0.7484805696104441,13
2810,39,36,54,19,-0.7568677259623685,17
2811,47,17,65,9,-0.7638862523670515,8
2812,3,25,51,15,-0.7691035780298825,10
2813,104,15,33,7,-0.7704375614853106,8
2814,17,26,107,13,-0.7755885356868553,13
2815,15,24,16,13,-0.777276505650555,11
2816,41,68,65,37,-0.7778443112166791,31
2817,13,10,32,5,-0.7835363847604213,5
2818,65,19,18,9,-0.7868157298210114,10
2819,9,13,38,7,-0.7885433122821547,6
2820,39,28,11,14,-0.7894372385849192,14
2821,78,11,28,5,-0.7898078034632366,6
2822,39,46,87,24,-0.7901955149162592,22
2823,77,16,5,8,-0.7908065895997605,8
2824,65,14,49,7,-0.7937150257994665,7
2825,88,22,2,11,-0.7956469041111237,11
2826,86,17,12,9,-0.8013363403706052,8
2827,20,20,7,11,-0.8032046261992145,9
2828,50,17,79,9,-0.8036407520519754,8
2829,107,58,96,31,-0.8081270899904945,27
2830,18,27,40,12,-0.8087261485320242,15
2831,4,50,7,25,-0.8107819202306247,25
2832,76,45,106,21,-0.8113571883686943,24
2833,20,27,74,13,-0.8203305748765273,14
2834,65,23,11,13,-0.8217152797009972,10
2835,62,12,55,7,-0.8240244688504365,5
2836,46,16,2,8,-0.8285194662826783,8
2837,28,16,60,7,-0.8360731874033259,9
2838,74,40,54,20,-0.8415267564978521,20
2839,88,73,8,37,-0.8508025087607838,36
2840,33,17,28,10,-0.8541289895316214,7
2841,39,65,7,33,-0.8559695969075831,32
2842,75,17,95,9,-0.8604277528016118,8
2843,114,10,10,6,-0.8617397018011254,4
2844,25,27,50,13,-0.8694133305278395,14
2845,73,14,63,8,-0.8724283651363756,6
2846,107,38,27,19,-0.8731428882130656,19
2847,68,47,111,23,-0.87462883933747,24
2848,65,45,74,22,-0.8800404347092061,23
2849,4,21,77,11,-0.8810684428976734,10
2850,46,31,107,15,-0.8942764168819444,16
2851,47,14,27,6,-0.894868026274021,8
2852,74,17,68,10,-0.9001065237726515,7
2853,39,48,25,24,-0.9005573108368402,24
2854,8,15,80,7,-0.9079706413866468,8
2855,9,37,86,18,-0.909699462595022,19
2856,106,34,20,18,-0.9177110065063081,16
2857,33,20,13,10,-0.9181205054603415,10
2858,50,17,69,10,-0.918845201923083,7
2859,86,17,33,8,-0.9246066959077452,9
2860,31,20,47,10,-0.9260327461409713,10
2861,13,58,41,29,-0.9328274053858711,29
2862,7,26,49,15,-0.9400026625604864,11
2863,51,21,71,11,-0.940737687365888,10
2864,114,13,112,6,-0.9421647262329372,7
2865,33,10,64,6,-0.9428685824938476,4
2866,8,20,7,11,-0.9446580951337818,9
2867,39,42,63,25,-0.947169077406515,17
2868,63,14,34,7,-0.9507384684475217,7
2869,107,66,54,33,-0.952138053280118,33
2870,5,14,14,8,-0.9561035605846475,6
2871,27,41,13,20,-0.9633164048559403,21
2872,87,44,96,22,-0.9639736076499452,22
2873,75,49,65,26,-0.967149368231196,23
2874,87,16,14,9,-0.9719183858987275,7
2875,5,65,107,33,-0.9748363761521153,32
2876,75,41,13,22,-0.9789722878963985,19
2877,60,11,102,6,-0.9813764507321933,5
2878,65,18,84,10,-0.9824722158055605,8
2879,100,14,64,8,-0.9873146869937529,6
2880,111,17,23,7,-0.9902411232186308,10
2881,28,67,106,35,-0.9916026418837889,32
2882,71,10,109,5,-0.9970275319814981,5
2883,65,52,31,26,-0.997586001176756,26
2884,60,16,78,7,-1.0012375476480764,9
2885,7,39,114,21,-1.0047894280060643,18
2886,6,14,68,8,-1.005162162800652,6
2887,88,20,93,11,-1.013881838292134,9
2888,54,10,79,6,-1.0149152326576492,4
2889,33,10,70,5,-1.0222975969230645,5
2890,44,20,63,11,-1.0233184771026504,9
2891,17,21,8,10,-1.026318191087207,11
2892,28,68,107,36,-1.02774999166623,32
2893,7,22,35,11,-1.02999883395421,11
2894,88,34,71,19,-1.0311330418182334,15
2895,3,14,45,7,-1.0349134798027073,7
2896,88,21,90,10,-1.0373159148886413,11
2897,7,14,80,8,-1.0400335012513886,6
2898,90,32,16,15,-1.044046076277467,17
2899,68,44,9,22,-1.0443742390297952,22
2900,109,51,86,26,-1.0634551966465833,25
2901,66,12,106,7,-1.0707591278531368,5
2902,37,20,67,11,-1.0707700527635244,9
2903,97,19,64,10,-1.0748997556854094,9
2904,55,33,83,16,-1.0771475436917033,17
2905,63,16,112,9,-1.0842752032649239,7
2906,75,29,41,14,-1.0870897660952288,15
2907,39,46,65,26,-1.0892678939812854,20
2908,74,13,40,7,-1.0901529369074696,6
2909,65,84,54,44,-1.0915955170974216,40
2910,11,16,14,9,-1.0923565448715815,7
2911,109,16,83,7,-1.0939664342434439,9
2912,106,16,27,7,-1.0992702168895803,9
2913,33,16,54,9,-1.1000953180608284,7
2914,12,15,88,7,-1.1021036328161913,8
2915,2,18,96,9,-1.1039761816908782,9
2916,13,28,63,14,-1.1070635307078618,14
2917,97,12,29,6,-1.1121402109632494,6
2918,57,17,25,9,-1.1122394350713356,8
2919,74,23,75,13,-1.1136382979927992,10
2920,69,12,43,6,-1.118041211732364,6
2921,69,23,65,12,-1.119602811272781,11
2922,88,18,61,8,-1.1254133453483963,10
2923,114,13,33,6,-1.1286658148323805,7
2924,106,26,36,13,-1.1307287364062808,13
2925,60,47,107,25,-1.1318237104745799,22
2926,48,14,20,8,-1.1319086574299342,6
2927,16,47,23,25,-1.1335884234619735,22
2928,109,15,48,8,-1.1338129007062274,7
2929,69,10,42,5,-1.1347588356207454,5
2930,49,16,63,8,-1.1351919136754067,8
2931,91,31,88,16,-1.1352768006015461,15
2932,68,55,51,26,-1.1465877395833652,29
2933,8,40,2,20,-1.1594572352270007,20
2934,68,38,27,21,-1.1654046230648214,17
2935,48,16,65,9,-1.1655305065337136,7
2936,17,29,16,17,-1.1672295265088704,12
2937,98,25,16,13,-1.168666023633347,12
2938,16,28,48,15,-1.1700437405112516,13
2939,28,24,76,13,-1.1713077042523665,11
2940,39,30,71,16,-1.17935259653719,14
2941,104,31,39,16,-1.1860951445386847,15
2942,63,20,46,9,-1.1909023397951848,11
2943,109,25,25,13,-1.1927554377225942,12
2944,43,12,94,7,-1.1957377911100522,5
2945,84,25,37,13,-1.2002245471215662,12
2946,86,76,40,41,-1.2050622441021135,35
2947,97,33,25,17,-1.2112097532933461,16
2948,46,12,38,7,-1.2117798317776216,5
2949,74,11,98,6,-1.2137114800422124,5
2950,28,45,37,24,-1.213842723184881,21
2951,54,62,50,32,-1.2219864026222214,30
2952,107,43,41,24,-1.2230791102829786,19
2953,9,26,71,14,-1.2262156519313807,12
2954,47,13,25,6,-1.2263479187744069,7
2955,43,20,51,10,-1.2311542840690504,10
2956,95,16,63,8,-1.233969730193377,8
2957,31,25,71,13,-1.2380158081615502,12
2958,43,12,104,7,-1.2430962980218272,5
2959,89,10,65,5,-1.2467666872041385,5
2960,31,31,86,17,-1.24914120928737,14
2961,49,18,51,9,-1.2519255706421974,9
2962,7,12,72,6,-1.2589041979579136,6
2963,99,26,55,14,-1.260544955494955,12
2964,65,27,50,14,-1.2644687002361992,13
2965,7,15,30,9,-1.2653074178605743,6
2966,60,73,7,38,-1.2681224106536562,35
2967,70,37,107,18,-1.2710045606194935,19
2968,28,37,13,20,-1.2907694367415563,17
2969,74,22,2,12,-1.2925512141562505,10
2970,107,16,112,8,-1.2995663050577217,8
2971,13,44,5,23,-1.3023509853743016,21
2972,55,61,86,32,-1.3025975558212732,29
2973,102,11,70,4,-1.3043211125718082,7
2974,55,40,75,23,-1.308475766162277,17
2975,8,16,10,9,-1.3145513780375313,7
2976,47,16,63,10,-1.3162850335917957,6
2977,88,60,46,30,-1.3171891594634109,30
2978,80,18,74,9,-1.3199661328668575,9
2979,51,42,8,22,-1.320222451771928,20
2980,28,16,57,8,-1.3350233736762536,8
2981,37,66,8,34,-1.3357403383797612,32
2982,34,15,9,8,-1.337971348338254,7
2983,18,19,74,9,-1.3431629471813042,10
2984,114,27,71,14,-1.3431780041778798,13
2985,90,17,84,9,-1.3434141546201466,8
2986,88,37,97,19,-1.3490743629309028,18
2987,76,16,41,7,-1.3542221522537392,9
2988,104,31,68,15,-1.3616459533032323,16
2989,30,26,25,12,-1.3633847180345777,14
2990,40,23,30,12,-1.3656919842952278,11
2991,23,13,27,6,-1.3665703255989474,7
2992,107,26,34,15,-1.3668621777782066,11
2993,9,22,50,12,-1.3704216930814657,10
2994,76,11,90,5,-1.371109786983603,6
2995,48,10,75,5,-1.3711471542080287,5
2996,37,11,4,6,-1.3739635228518743,5
2997,11,41,50,22,-1.3816262941644981,19
2998,114,15,15,8,-1.3858486532762986,7
2999,35,17,88,9,-1.3903417931875626,8
3000,39,28,95,15,-1.393959809966758,13
3001,106,25,100,12,-1.3941621457208517,13
3002,83,15,7,9,-1.3943529604549403,6
3003,9,13,91,7,-1.3946381880594534,6
3004,95,19,20,10,-1.3957034121223266,9
3005,95,17,70,8,-1.4011695857654913,9
3006,74,39,87,21,-1.4084912775273244,18
3007,11,15,102,9,-1.4114820984859553,6
3008,40,30,41,15,-1.4126537270823987,15
3009,15,28,13,14,-1.4143705369608408,14
3010,74,23,7,14,-1.416693167031464,9
3011,87,23,80,12,-1.4202226913102634,11
3012,45,35,36,16,-1.4232731245081227,19
3013,110,14,106,7,-1.425859572556296,7
3014,70,27,76,15,-1.4264215948460301,12
3015,97,21,20,10,-1.4395279608818727,11
3016,63,64,107,30,-1.4442309150489372,34
3017,76,20,98,11,-1.4493678922731097,9
3018,39,27,47,14,-1.4560207178545552,13
3019,38,16,8,8,-1.4562520429495762,8
3020,83,23,25,13,-1.459720188055496,10
3021,54,11,110,6,-1.4614008940578218,5
3022,89,14,28,8,-1.4639788382157586,6
3023,65,89,63,46,-1.4663105199346156,43
3024,30,15,49,8,-1.4667608883534202,7
3025,31,35,4,20,-1.467424080580519,15
3026,32,17,11,8,-1.4729852723414758,9
3027,77,17,68,9,-1.4983876400045488,8
3028,39,33,28,18,-1.4988037688650102,15
3029,114,44,104,24,-1.5037045716465351,20
3030,64,24,54,13,-1.505415145917297,11
3031,60,13,38,7,-1.5118752843856305,6
3032,50,30,84,15,-1.5145533767727424,15
3033,55,12,46,7,-1.514859018089955,5
3034,78,11,98,6,-1.5190069892875961,5
3035,8,12,43,6,-1.5194230889621378,6
3036,37,14,35,7,-1.523131742310598,7
3037,88,34,1,17,-1.5234508852206479,17
3038,41,75,7,38,-1.5262460973140617,37
3039,86,54,70,29,-1.5265643039354164,25
3040,20,24,70,13,-1.5291025938951803,11
3041,83,19,106,11,-1.531176804791276,8
3042,79,11,107,5,-1.5337921396437189,6
3043,106,30,71,16,-1.5367748054190216,14
3044,88,14,48,6,-1.5368173707334059,8
3045,4,15,81,7,-1.5369299818364042,8
3046,61,12,65,7,-1.5448114274450557,5
3047,71,12,69,6,-1.5455671010954832,6
3048,74,26,11,14,-1.5483769164487973,12
3049,74,32,104,18,-1.554143171295681,14
3050,83,23,104,13,-1.5563880557352991,10
3051,100,12,97,6,-1.5601199386945845,6
3052,61,17,40,9,-1.5607473214395375,8
3053,111,14,9,7,-1.5621342613374538,7
3054,107,61,84,32,-1.5631651047261477,29
3055,50,37,63,20,-1.5673775939383394,17
3056,90,22,55,10,-1.578656952498874,12
3057,31,11,66,6,-1.581450396259821,5
3058,25,29,95,15,-1.5820643564901036,14
3059,25,15,2,7,-1.5845186001024019,8
3060,36,30,1,14,-1.5919918411390328,16
3061,30,18,99,10,-1.5949338139614573,8
3062,63,53,106,27,-1.597863471262713,26
3063,26,14,13,7,-1.6051046471259123,7
3064,43,13,70,7,-1.6071210379776915,6
3065,74,59,107,32,-1.6086403256327972,27
3066,20,28,114,15,-1.6093906597632899,13
3067,11,17,7,9,-1.6096082788053911,8
3068,60,42,65,25,-1.6141246546544767,17
3069,97,19,93,10,-1.6218435881798225,9
3070,40,35,16,19,-1.629313791551436,16
3071,96,19,39,11,-1.6315253594413601,8
3072,88,44,106,25,-1.6421661548035542,19
3073,74,50,16,27,-1.6504828930462023,23
3074,68,23,36,12,-1.6511686348202665,11
3075,13,50,49,25,-1.6512345250772436,25
3076,51,49,37,23,-1.6543448329472816,26
3077,61,12,13,7,-1.6547668325036817,5
3078,64,22,50,11,-1.6654672188379327,11
3079,31,28,45,15,-1.6710870406691087,13
3080,51,32,18,16,-1.6712563352113965,16
3081,55,81,8,40,-1.6743354905689856,41
3082,36,33,75,19,-1.6752191307174538,14
3083,60,43,53,24,-1.6794097413590596,19
3084,40,46,63,25,-1.6860199948143588,21
3085,2,14,75,7,-1.6860484967370888,7
3086,67,11,96,5,-1.6933647660310176,6
3087,23,15,36,6,-1.6972875274185715,9
3088,39,43,107,24,-1.6981123878417905,19
3089,63,33,41,17,-1.6996369290219266,16
3090,37,10,48,5,-1.703593750319215,5
3091,76,13,84,7,-1.710890300241341,6
3092,85,10,74,5,-1.7134982697618457,5
3093,90,36,107,18,-1.723381098959678,18
3094,11,49,8,27,-1.7256786381417557,22
3095,31,20,39,11,-1.7276829359560442,9
3096,12,13,50,5,-1.7279667161947843,8
3097,11,14,60,7,-1.729783938603551,7
3098,75,19,70,9,-1.7314858975507368,10
3099,87,28,75,15,-1.7361250156469619,13
3100,88,37,36,21,-1.7392851936744331,16
3101,60,19,15,11,-1.739956999676668,8
3102,6,11,18,6,-1.7414584600944745,5
3103,36,33,60,17,-1.7416473627060742,16
3104,70,26,84,14,-1.7530345342228948,12
3105,8,15,49,9,-1.7678498041146895,6
3106,86,98,106,51,-1.7719846847155705,47
3107,20,10,71,6,-1.7786503004599794,4
3108,84,13,102,7,-1.7793224025292758,6
3109,90,25,37,13,-1.7816453937181784,12
3110,41,25,1,12,-1.7850851573908935,13
3111,65,42,8,22,-1.786552363958813,20
3112,90,44,86,24,-1.7893173958663402,20
3113,55,48,87,25,-1.7924162039290543,23
3114,28,65,8,35,-1.8060421386611965,30
3115,25,22,36,11,-1.8071440138268584,11
3116,9,31,36,17,-1.8090827951218598,14
3117,111,18,40,9,-1.8104998545748818,9
3118,80,21,84,12,-1.8116947476965408,9
3119,47,26,7,15,-1.812015726613487,11
3120,28,18,79,10,-1.8130893193426156,8
3121,99,13,102,7,-1.8212893413036864,6
3122,114,13,44,7,-1.8263733365516708,6
3123,13,29,74,15,-1.8278354237299068,14
3124,29,14,7,6,-1.8294106613069705,8
3125,41,17,46,10,-1.8296103863068403,7
3126,96,38,84,19,-1.835648682700679,19
3127,51,59,40,31,-1.8453671538115306,28
3128,53,25,95,15,-1.8459170880359104,10
3129,98,21,28,13,-1.8460912305825197,8
3130,86,43,60,23,-1.8466437284072539,20
3131,39,37,8,19,-1.8466708627483315,18
3132,106,12,34,7,-1.848042404417825,5
3133,76,22,46,12,-1.8507100299988153,10
3134,86,11,6,6,-1.8539951054916275,5
3135,106,61,87,31,-1.8566326197242504,30
3136,87,13,6,7,-1.8611049796290908,6
3137,39,12,48,6,-1.8633366398280338,6
3138,49,11,28,5,-1.863816652041917,6
3139,5,95,37,49,-1.865428870342572,46
3140,17,14,74,7,-1.8676704113074127,7
3141,7,16,92,10,-1.8730536984037738,6
3142,83,16,60,9,-1.8774619090517453,7
3143,79,14,8,6,-1.8787453444383126,8
3144,39,31,9,15,-1.8807297943165266,16
3145,64,23,25,12,-1.8857238852847689,11
3146,86,18,57,9,-1.8883229262019996,9
3147,16,51,11,30,-1.8931355077036744,21
3148,7,49,104,26,-1.8953298871091442,23
3149,114,37,63,22,-1.909917642987871,15
3150,106,32,97,16,-1.9159665785715099,16
3151,76,11,99,5,-1.9173589523208336,6
3152,41,21,70,10,-1.9198471114809519,11
3153,28,25,80,13,-1.9225523112040797,12
3154,18,21,114,11,-1.923577249757447,10
3155,40,19,70,11,-1.9276789997691202,8
3156,64,25,75,13,-1.9314029464145093,12
3157,8,27,60,13,-1.9314540236492592,14
3158,104,13,110,8,-1.9388474450810558,5
3159,31,14,23,8,-1.9392936999416424,6
3160,55,20,25,11,-1.9429576796619947,9
3161,64,34,36,17,-1.9485056781764598,17
3162,18,54,7,27,-1.9485749042545342,27
3163,97,20,53,11,-1.9536953475899286,9
3164,92,17,13,7,-1.9557816590236845,10
3165,94,10,60,5,-1.9558814631865937,5
3166,35,11,50,6,-1.9581460146246743,5
3167,75,20,40,11,-1.9606784180037784,9
3168,87,15,78,7,-1.9606966739631162,8
3169,54,47,87,26,-1.9691631988961396,21
3170,37,33,88,18,-1.979989875378531,15
3171,13,13,48,7,-1.984822076945226,6
3172,55,63,13,33,-1.9857102496979573,30
3173,4,19,53,10,-1.987694792892672,9
3174,58,11,50,6,-1.9915314759076352,5
3175,1,28,107,15,-1.9993184995448618,13
3176,68,57,65,31,-2.0015768761708967,26
3177,51,20,12,11,-2.0030592525833657,9
3178,65,51,28,28,-2.0070390972411434,23
3179,60,42,39,21,-2.0085829887842848,21
3180,107,18,93,10,-2.011421340998796,8
3181,40,44,9,24,-2.013131078746107,20
3182,58,10,4,6,-2.016897461480046,4
3183,90,36,8,20,-2.01946478207178,16
3184,73,12,55,6,-2.024829564390717,6
3185,80,10,38,6,-2.0310395723254184,4
3186,63,12,58,5,-2.0345686518653676,7
3187,88,14,89,7,-2.035463499061412,7
3188,65,82,7,41,-2.0356092203463327,41
3189,60,24,90,14,-2.039727571926182,10
3190,54,17,23,9,-2.040126358853802,8
3191,30,15,50,8,-2.046419507298431,7
3192,71,26,63,13,-2.0630345589537407,13
3193,45,22,13,12,-2.063714442075688,10
3194,49,16,68,8,-2.063780554877947,8
3195,114,23,50,13,-2.0649465321872778,10
3196,13,72,16,39,-2.065348100744426,33
3197,28,36,46,21,-2.0672815532521795,15
3198,60,52,77,28,-2.0764857415563527,24
3199,1,16,9,7,-2.076553496826979,9
3200,114,39,60,17,-2.0779625415555554,22
3201,63,10,82,5,-2.0779758612966877,5
3202,112,14,36,8,-2.078462803011453,6
3203,5,50,109,25,-2.081151775830807,25
3204,114,13,98,7,-2.0825036861166173,6
3205,28,90,86,49,-2.0874285968542443,41
3206,8,22,97,11,-2.094799206270941,11
3207,29,15,16,7,-2.096096770007441,8
3208,5,62,28,32,-2.10037433995057,30
3209,60,24,99,13,-2.100940382067204,11
3210,35,23,20,13,-2.1036160096888272,10
3211,70,19,25,10,-2.104201543335176,9
3212,100,23,8,13,-2.1093275750438307,10
3213,70,21,97,12,-2.110003760847125,9
3214,33,12,74,6,-2.113811361821,6
3215,30,13,48,6,-2.114145406665778,7
3216,40,15,11,8,-2.115832802221002,7
3217,114,12,84,6,-2.116015657763183,6
3218,64,20,1,10,-2.116432620959366,10
3219,70,11,53,6,-2.117480208536356,5
3220,9,12,74,7,-2.117746562528868,5
3221,68,17,15,10,-2.135080722439133,7
3222,65,17,62,9,-2.139530699153567,8
3223,28,49,11,25,-2.1398999630410587,24
3224,46,27,87,13,-2.150785198948074,14
3225,51,65,88,32,-2.162417188252714,33
3226,84,12,17,6,-2.1646737051112903,6
3227,74,14,88,9,-2.16536396125082,5
3228,13,22,11,11,-2.165914141538766,11
3229,39,11,33,6,-2.1701558874520313,5
3230,31,10,97,5,-2.1753585415679084,5
3231,68,101,7,55,-2.1809360493565406,46
3232,70,26,63,14,-2.1813121472430432,12
3233,74,64,8,36,-2.1866220406514896,28
3234,20,34,88,17,-2.1997170112613285,17
3235,48,23,8,13,-2.2004165749645987,10
3236,68,27,3,15,-2.20212457980607,12
3237,60,25,43,14,-2.2084211991384475,11
3238,96,50,5,28,-2.21142719225076,22
3239,38,16,7,8,-2.2124820880728473,8
3240,8,11,112,5,-2.214468435350456,6
3241,69,11,104,7,-2.21747944835034,4
3242,99,13,98,6,-2.22125816779338,7
3243,114,11,11,5,-2.2223336020983733,6
3244,51,22,1,11,-2.223305174454598,11
3245,33,11,88,5,-2.224220943421554,6
3246,100,16,28,9,-2.2255414738387724,7
3247,25,16,90,9,-2.226157693683706,7
3248,8,24,76,12,-2.2293930206952894,12
3249,74,27,20,15,-2.230377352624161,12
3250,8,15,27,7,-2.231213945207816,8
3251,8,11,52,6,-2.23336855433637,5
3252,70,25,68,13,-2.2334926025833965,12
3253,104,35,87,17,-2.2393020839894078,18
3254,28,43,87,22,-2.2459488534631893,21
3255,54,14,41,7,-2.2511014360561394,7
3256,46,24,60,13,-2.263806664184089,11
3257,96,66,28,35,-2.2674069446039327,31
3258,53,18,63,10,-2.272596623719556,8
3259,13,75,68,41,-2.274418930614071,34
3260,74,46,37,24,-2.2838690954080456,22
3261,31,21,50,11,-2.283882121200707,10
3262,4,13,106,6,-2.287883468044352,7
3263,65,34,12,19,-2.2912567827828676,15
3264,45,18,114,10,-2.292094813707231,8
3265,55,27,36,14,-2.2928655040188373,13
3266,5,24,100,13,-2.2932427434044693,11
3267,96,36,106,20,-2.2984565902488896,16
3268,109,16,68,10,-2.29851232062389,6
3269,16,61,104,33,-2.302837053925285,28
3270,71,37,65,21,-2.3077093608251746,16
3271,28,12,4,6,-2.308223436965115,6
3272,102,21,104,10,-2.320627297470276,11
3273,23,18,95,9,-2.3237980752518905,9
3274,93,12,20,6,-2.3328644598895543,6
3275,4,17,104,10,-2.3357072159096566,7
3276,65,82,16,44,-2.3420642243430576,38
3277,12,15,13,6,-2.3425974502134452,9
3278,9,36,75,20,-2.34720244659965,16
3279,109,14,96,8,-2.3566759619593642,6
3280,5,23,99,12,-2.3616219022642833,11
3281,106,37,104,19,-2.3634716745562443,18
3282,96,55,8,30,-2.3714393570924233,25
3283,96,10,69,6,-2.371580754307745,4
3284,80,24,20,13,-2.3743533978302183,11
3285,51,36,28,18,-2.375623805094966,18
3286,84,28,55,15,-2.3790863004124483,13
3287,49,18,54,9,-2.3820443029674467,9
3288,56,13,75,8,-2.3840139649043506,5
3289,104,25,96,14,-2.3866419839158355,11
3290,51,23,108,12,-2.3869193933604893,11
3291,95,40,104,22,-2.389034218387607,18
3292,8,12,111,6,-2.390343846489093,6
3293,87,22,83,11,-2.3903571419434884,11
3294,64,41,53,22,-2.3943285328808854,19
3295,16,23,44,11,-2.3999833792654597,12
3296,8,10,56,6,-2.4000860547179794,4
3297,77,19,86,11,-2.4096878419842764,8
3298,93,33,8,17,-2.4111455321691304,16
3299,25,46,107,24,-2.4187485647838773,22
3300,99,11,109,6,-2.419517402501058,5
3301,51,43,54,22,-2.430592029198584,21
3302,75,20,91,7,-2.4323694332612673,13
3303,99,21,87,12,-2.432411032680885,9
3304,43,25,16,15,-2.437377192053122,10
3305,106,39,55,22,-2.4381392466666045,17
3306,51,37,9,19,-2.442051118378038,18
3307,31,32,51,19,-2.442717268856009,13
3308,97,13,9,6,-2.442752408803055,7
3309,50,10,32,4,-2.4440541907162716,6
3310,85,18,107,10,-2.4579163644894484,8
3311,27,10,54,5,-2.463869496934477,5
3312,5,50,46,28,-2.4690859933319382,22
3313,51,28,36,15,-2.4708671287104753,13
3314,53,17,44,8,-2.4721818784403276,9
3315,9,61,7,31,-2.4756046461152823,30
3316,3,29,86,16,-2.475768815433941,13
3317,111,11,18,6,-2.489910872635885,5
3318,51,36,53,19,-2.4906013129264695,17
3319,31,20,87,10,-2.492676559594957,10
3320,3,20,65,11,-2.4971368500383213,9
3321,109,18,37,10,-2.5010134043415313,8
3322,86,81,74,42,-2.502577054921237,39
3323,17,24,25,13,-2.5080704518639703,11
3324,2,31,86,16,-2.512420154915493,15
3325,68,13,11,7,-2.5250619833588037,6
3326,4,18,39,10,-2.5267698999647226,8
3327,60,11,111,7,-2.535604443502029,4
3328,81,13,39,7,-2.535858889152629,6
3329,11,35,63,21,-2.539597707853179,14
3330,86,34,91,18,-2.5421304216054597,16
3331,88,52,55,30,-2.55406284196069,22
3332,63,10,83,4,-2.557624644664858,6
3333,87,15,27,8,-2.5610593244075193,7
3334,55,46,39,25,-2.5645441640745537,21
3335,85,22,86,11,-2.564616594191601,11
3336,93,18,107,9,-2.5646405502522356,9
3337,107,28,91,16,-2.5653431282322647,12
3338,91,11,47,6,-2.565831417578021,5
3339,22,10,60,6,-2.5726670060009718,4
3340,40,71,7,40,-2.5914558659548597,31
3341,27,19,40,8,-2.5947052105553348,11
3342,91,23,36,13,-2.600483205457647,10
3343,16,29,109,15,-2.610188033474426,14
3344,2,13,76,8,-2.6134640032331116,5
3345,44,13,107,7,-2.614225242306437,6
3346,41,12,11,8,-2.6159479780993316,4
3347,8,77,86,39,-2.621401307400344,38
3348,114,28,54,14,-2.6355280322257006,14
3349,8,13,68,7,-2.6365863647549523,6
3350,95,14,33,8,-2.6415453896084555,6
3351,62,28,86,15,-2.642237041880456,13
3352,5,60,16,35,-2.643518445682432,25
3353,86,86,63,50,-2.6439582488559084,36
3354,100,15,75,7,-2.6444020654152705,8
3355,88,56,60,31,-2.6455443711538065,25
3356,51,22,47,11,-2.649428689191073,11
3357,8,24,30,13,-2.6514132136935475,11
3358,65,48,53,25,-2.6519126498591334,23
3359,25,36,28,21,-2.653080526503112,15
3360,65,38,25,22,-2.654375793515764,16
3361,50,25,17,13,-2.6581206262781643,12
3362,91,13,74,7,-2.658254293210725,6
3363,110,19,8,11,-2.6606800312864056,8
3364,109,31,51,19,-2.6658568783873675,12
3365,74,25,114,13,-2.666972342657448,12
3366,68,10,80,6,-2.6691327826896623,4
3367,114,27,102,15,-2.6703423661893813,12
3368,44,17,25,9,-2.673535476281759,8
3369,63,39,68,20,-2.6735717162688757,19
3370,60,28,18,15,-2.6736267814361674,13
3371,17,17,90,8,-2.680753861205159,9
3372,84,28,51,16,-2.681851453035667,12
3373,51,29,70,15,-2.682618545338448,14
3374,68,17,47,10,-2.694044903632607,7
3375,87,20,2,11,-2.6997368834124122,9
3376,65,27,43,13,-2.7044668198991113,14
3377,107,78,87,42,-2.706886142871792,36
3378,20,41,8,22,-2.7094644797239433,19
3379,37,57,107,31,-2.7122377942768767,26
3380,33,21,16,13,-2.716908579534641,8
3381,80,11,95,6,-2.7197438471090796,5
3382,70,31,104,17,-2.7208109249750048,14
3383,97,24,54,12,-2.72839833768272,12
3384,107,26,98,14,-2.733780753313525,12
3385,106,50,65,27,-2.735321183024918,23
3386,104,22,97,11,-2.7396377781056187,11
3387,86,86,7,49,-2.739973719039726,37
3388,44,12,51,5,-2.744148846438526,7
3389,65,85,13,47,-2.759042938762578,38
3390,86,40,23,22,-2.759483408891829,18
3391,10,11,5,5,-2.7716738654503192,6
3392,107,70,65,38,-2.7734302460839038,32
3393,7,105,13,56,-2.775562630289657,49
3394,104,37,8,20,-2.7794749735414097,17
3395,107,37,97,19,-2.7907845067840067,18
3396,36,13,100,7,-2.7923934619121096,6
3397,37,36,65,18,-2.7949417706202184,18
3398,4,37,88,20,-2.7964352381128283,17
3399,114,25,4,13,-2.7973762559419417,12
3400,40,19,62,9,-2.8011020177238843,10
3401,54,71,86,38,-2.8034288637024587,33
3402,31,17,91,10,-2.8051302221606758,7
3403,114,12,91,6,-2.8069496149403275,6
3404,41,15,99,8,-2.808167291861728,7
3405,20,73,86,40,-2.812574705202229,33
3406,15,17,99,10,-2.8189668514207975,7
3407,71,13,18,7,-2.821320109059578,6
3408,86,93,16,52,-2.822137123184068,41
3409,65,18,77,9,-2.836180648453273,9
3410,68,20,30,10,-2.8393809182025875,10
3411,104,13,23,8,-2.8445076862849517,5
3412,33,13,97,7,-2.8486496222061595,6
3413,35,21,86,10,-2.848722236422822,11
3414,94,11,28,7,-2.8494647634240344,4
3415,41,15,55,8,-2.850526507785498,7
3416,99,18,51,9,-2.8534777973740635,9
3417,106,18,48,10,-2.854456125171181,8
3418,76,22,65,13,-2.85644100734494,9
3419,107,18,81,9,-2.859003244509169,9
3420,55,28,53,15,-2.873666271153706,13
3421,60,23,63,13,-2.8746236800640066,10
3422,87,17,94,9,-2.8778163111812205,8
3423,87,17,69,9,-2.8862410771595495,8
3424,7,31,43,18,-2.8869337290340296,13
3425,3,13,12,8,-2.891613615182729,5
3426,23,44,107,23,-2.897916501217797,21
3427,108,13,71,7,-2.8992906212622866,6
3428,74,13,12,7,-2.901854459581128,6
3429,40,27,43,14,-2.905061381963171,13
3430,37,19,91,10,-2.9050960547005253,9
3431,31,23,114,12,-2.90600657021215,11
3432,108,12,25,7,-2.9132670669268257,5
3433,106,19,102,9,-2.9207255392565092,10
3434,65,15,99,8,-2.925348959200731,7
3435,114,13,49,8,-2.9277201605204626,5
3436,91,29,28,16,-2.9278794084123945,13
3437,88,17,81,9,-2.931868854256887,8
3438,87,20,36,12,-2.9355732508976633,8
3439,76,17,30,10,-2.9372015853586078,7
3440,40,10,57,6,-2.9375082197519786,4
3441,107,14,94,9,-2.948066087520639,5
3442,16,42,95,22,-2.960784285924195,20
3443,112,21,53,10,-2.9614582798264535,11
3444,53,11,47,6,-2.967218161853792,5
3445,37,21,2,11,-2.96975801126945,10
3446,4,32,36,19,-2.9739066740354194,13
3447,53,51,18,27,-2.974094258260902,24
3448,57,12,15,7,-2.9755026306163335,5
3449,60,35,87,18,-2.9762532182298993,17
3450,84,12,10,7,-2.980259678929739,5
3451,87,35,95,19,-2.9808551819914744,16
3452,30,10,74,5,-2.9862406732405895,5
3453,108,15,40,9,-2.9906857571186913,6
3454,18,10,27,5,-2.996654278290003,5
3455,69,11,4,6,-2.9994841766617175,5
3456,58,21,31,11,-2.999935565790512,10
3457,38,19,88,12,-3.0023329742590943,7
3458,18,17,4,10,-3.0054619874164517,7
3459,97,13,23,7,-3.0156003098174367,6
3460,53,27,25,14,-3.0184106862098083,13
3461,104,52,86,28,-3.0243411980037593,24
3462,86,11,89,5,-3.026050744689014,6
3463,55,10,78,5,-3.0279933852134207,5
3464,84,15,75,8,-3.0305846141219575,7
3465,47,16,41,9,-3.031406429138557,7
3466,51,18,98,10,-3.0331574033151085,8
3467,48,21,84,12,-3.0347277834877144,9
3468,96,13,38,7,-3.0422152322461713,6
3469,9,13,112,7,-3.051435201789009,6
3470,57,17,97,9,-3.0524728462352058,8
3471,13,20,100,11,-3.058428202810852,9
3472,55,14,48,8,-3.0636269177668387,6
3473,25,18,71,10,-3.0644100067848146,8
3474,46,24,97,13,-3.066170643508982,11
3475,25,30,75,17,-3.069551733540898,13
3476,41,11,74,5,-3.0735662157516845,6
3477,23,25,8,13,-3.0779710454969047,12
3478,37,22,98,12,-3.078006071981289,10
3479,100,22,104,13,-3.082137755782951,9
3480,31,22,3,11,-3.0891545173001806,11
3481,16,20,6,10,-3.0894843149716715,10
3482,16,31,20,19,-3.0943737864115324,12
3483,91,10,64,6,-3.0993479020870796,4
3484,68,14,99,8,-3.100103615084465,6
3485,60,15,92,9,-3.101629065738581,6
3486,106,25,109,13,-3.1028448270841773,12
3487,17,31,86,15,-3.105842856149513,16
3488,4,24,50,12,-3.1105592371369597,12
3489,88,54,87,27,-3.1116049251566245,27
3490,80,11,36,6,-3.1158574211756616,5
3491,91,27,5,16,-3.121858390948631,11
3492,36,69,7,38,-3.1276929906458637,31
3493,8,70,16,39,-3.1304849607513634,31
3494,78,18,68,10,-3.136919909640928,8
3495,23,23,75,11,-3.148733601092015,12
3496,54,30,80,15,-3.152146459934359,15
3497,84,31,87,17,-3.1565105897665355,14
3498,82,21,86,12,-3.1586560919846263,9
3499,87,32,23,19,-3.1607512154600745,13
3500,62,17,13,9,-3.161295276739798,8
3501,74,14,90,9,-3.168061351028922,5
3502,86,16,110,9,-3.1694821197260485,7
3503,60,25,106,15,-3.171261503808182,10
3504,68,56,88,31,-3.1716887522574075,25
3505,104,20,30,10,-3.175235326966705,10
3506,69,11,47,6,-3.1775295332798312,5
3507,40,13,56,7,-3.1849812029941647,6
3508,65,25,83,13,-3.1850517665827933,12
3509,50,54,37,28,-3.1883352760136074,26
3510,81,14,68,8,-3.1985312995714845,6
3511,76,12,44,7,-3.2019945343572456,5
3512,9,36,107,19,-3.2075082686216523,17
3513,31,47,60,23,-3.2094707274879264,24
3514,97,19,50,11,-3.210625734622642,8
3515,23,19,64,10,-3.2123729115980186,9
3516,64,19,83,10,-3.2155089975127553,9
3517,71,22,62,12,-3.2158931408708082,10
3518,28,39,55,23,-3.2184704312839756,16
3519,63,29,97,16,-3.219195053710692,13
3520,16,21,4,10,-3.223993814900797,11
3521,97,10,56,5,-3.2314262120369195,5
3522,20,25,11,15,-3.245274337075932,10
3523,77,17,39,9,-3.252698214762066,8
3524,25,47,114,27,-3.2540864225169766,20
3525,39,37,75,19,-3.255930245332466,18
3526,95,14,84,8,-3.2568961944145873,6
3527,70,45,16,26,-3.2570894761229643,19
3528,95,14,76,8,-3.257651508839797,6
3529,87,104,86,53,-3.2609041166523305,51
3530,13,25,109,14,-3.261500174975238,11
3531,95,10,69,6,-3.264458823530608,4
3532,34,16,86,9,-3.2672248372091697,7
3533,93,14,70,8,-3.2714518634318708,6
3534,91,11,102,6,-3.2738070744638943,5
3535,67,13,114,7,-3.274670651234843,6
3536,72,12,13,6,-3.277137454065087,6
3537,54,14,14,9,-3.2777291677178373,5
3538,28,68,50,38,-3.2778181080399347,30
3539,18,14,81,8,-3.285175513857383,6
3540,18,21,104,13,-3.287300479317466,8
3541,39,17,62,9,-3.2912606144655134,8
3542,60,49,51,29,-3.293536011846439,20
3543,50,17,41,10,-3.294641138718325,7
3544,18,27,86,16,-3.2958918030549547,11
3545,108,14,64,7,-3.297085602036541,7
3546,66,10,28,6,-3.2971362620814304,4
3547,5,60,104,32,-3.3007473735225057,28
3548,112,13,54,8,-3.3090243049292267,5
3549,66,11,86,6,-3.309294151623436,5
3550,113,12,40,7,-3.3150296034877016,5
3551,109,21,20,13,-3.315385240577966,8
3552,114,18,43,9,-3.3212920735200457,9
3553,39,30,64,17,-3.3245242307335383,13
3554,76,13,71,6,-3.3359186512389036,7
3555,5,13,68,7,-3.3380294056441127,6
3556,98,20,54,11,-3.3414082574983,9
3557,33,13,75,8,-3.342736023465549,5
3558,109,12,32,6,-3.344373851417286,6
3559,91,15,40,8,-3.345577169162442,7
3560,47,18,87,10,-3.3511866209997354,8
3561,55,12,29,7,-3.3517746854435373,5
3562,3,12,54,6,-3.3552278990212483,6
3563,71,22,28,13,-3.3619344486700453,9
3564,8,23,14,13,-3.3634201583462153,10
3565,57,11,23,6,-3.364777590666763,5
3566,62,14,28,8,-3.3730109154983947,6
3567,98,15,73,8,-3.3800553651819163,7
3568,16,12,103,7,-3.3838737993966084,5
3569,51,46,106,25,-3.386575882240814,21
3570,104,10,73,6,-3.391491099464731,4
3571,17,11,1,6,-3.3926767009628676,5
3572,98,26,104,12,-3.4091853213510745,14
3573,46,21,68,11,-3.4173658858402494,10
3574,12,13,74,7,-3.4342312359972222,6
3575,16,43,41,22,-3.436628258679591,21
3576,65,27,64,14,-3.4379285241578805,13
3577,25,31,102,17,-3.4382241991917164,14
3578,114,10,93,6,-3.4434774013838236,4
3579,3,14,104,8,-3.4437240414785237,6
3580,9,24,60,15,-3.4525079436416064,9
3581,23,21,37,11,-3.4530437057487418,10
3582,5,23,33,12,-3.454327509177194,11
3583,37,46,20,25,-3.457621476755263,21
3584,106,19,30,10,-3.463995690702536,9
3585,25,64,86,34,-3.464423778098099,30
3586,64,10,80,5,-3.4689815319315613,5
3587,5,60,74,32,-3.4699961467083447,28
3588,78,10,54,5,-3.4729361769479943,5
3589,81,10,23,6,-3.4745303728026347,4
3590,65,28,70,17,-3.478419403846197,11
3591,15,16,23,9,-3.481173628803917,7
3592,65,15,109,10,-3.4929763691198903,5
3593,39,26,17,15,-3.492996402510658,11
3594,114,36,97,20,-3.494809729950691,16
3595,23,16,74,9,-3.5053157619270587,7
3596,33,10,49,6,-3.5057518320537775,4
3597,84,15,91,8,-3.5069437670955055,7
3598,46,21,20,13,-3.51090539647306,8
3599,106,50,107,27,-3.5165007722129795,23
3600,68,11,43,6,-3.5239997356866337,5
3601,76,17,20,8,-3.5278207011714757,9
3602,55,54,107,29,-3.530996925444592,25
3603,36,65,40,37,-3.5400829247343655,28
3604,49,31,16,17,-3.554282234706272,14
3605,107,32,95,17,-3.5691026636126346,15
3606,89,13,41,7,-3.571565278436061,6
3607,86,37,71,20,-3.577584200160067,17
3608,45,14,63,8,-3.582850982463552,6
3609,31,21,18,11,-3.5879506222210535,10
3610,95,10,97,6,-3.58943247133478,4
3611,51,35,114,18,-3.5896816599559798,17
3612,16,54,60,29,-3.5909118300903415,25
3613,84,75,86,38,-3.6009772969123697,37
3614,17,24,7,14,-3.6121559973817106,10
3615,3,12,23,7,-3.6182347339374545,5
3616,109,27,87,16,-3.621467085014749,11
3617,108,11,48,7,-3.633614524897183,4
3618,108,14,75,8,-3.634090811617301,6
3619,5,60,88,32,-3.63799769202775,28
3620,37,20,30,12,-3.640395609700316,8
3621,107,66,88,38,-3.6448324318875636,28
3622,2,19,16,11,-3.6499962386684315,8
3623,65,47,23,25,-3.650632324208862,22
3624,32,21,107,11,-3.6546977761524695,10
3625,71,10,90,5,-3.656103603020123,5
3626,23,22,63,13,-3.656375723040438,9
3627,100,11,53,6,-3.6569500587649983,5
3628,86,28,100,14,-3.657823277816528,14
3629,88,10,19,5,-3.665606739273205,5
3630,50,10,62,6,-3.6657345895143245,4
3631,88,10,79,6,-3.6658466896877493,4
3632,65,16,102,8,-3.6702036238670743,8
3633,27,12,71,7,-3.672482180614423,5
3634,68,14,101,9,-3.6742625668258904,5
3635,40,25,114,16,-3.6784835723249087,9
3636,20,20,13,12,-3.6829057397700864,8
3637,7,22,69,11,-3.6838107687911665,11
3638,79,17,16,9,-3.684208970645371,8
3639,84,20,46,12,-3.686829488531012,8
3640,40,68,13,37,-3.6903630857890595,31
3641,84,21,109,12,-3.696386624433838,9
3642,102,28,28,15,-3.699783063019897,13
3643,43,17,106,9,-3.706853967971227,8
3644,80,10,91,6,-3.719893539982741,4
3645,88,42,75,24,-3.726903391628383,18
3646,53,41,39,23,-3.7304330256108122,18
3647,4,13,1,8,-3.7360390878519714,5
3648,107,63,51,38,-3.738792903785131,25
3649,40,42,53,23,-3.7429391558119995,19
3650,3,19,16,11,-3.7438389020275658,8
3651,50,31,39,17,-3.751704101462233,14
3652,9,43,65,25,-3.756511153961384,18
3653,6,16,88,9,-3.7570512530434645,7
3654,93,13,16,7,-3.7657963248603137,6
3655,44,11,28,5,-3.772219797005532,6
3656,3,23,107,11,-3.776783129967128,12
3657,92,13,104,6,-3.7768187223532292,7
3658,6,19,44,12,-3.787510949793907,7
3659,57,10,76,6,-3.789745051317444,4
3660,104,13,20,8,-3.7974160411444697,5
3661,54,27,25,15,-3.8088523640533034,12
3662,7,54,23,30,-3.8136552251950495,24
3663,5,16,110,9,-3.8138584796050923,7
3664,68,18,56,9,-3.8169753802143505,9
3665,88,29,96,15,-3.826076326561256,14
3666,66,12,60,8,-3.8266322198174065,4
3667,54,58,20,30,-3.8266575190656007,28
3668,106,32,68,18,-3.8291492265863276,14
3669,55,41,7,24,-3.8316587459316964,17
3670,8,27,83,14,-3.8382150032056903,13
3671,9,21,114,14,-3.8412400926307924,7
3672,77,25,13,14,-3.842001108642557,11
3673,111,34,65,20,-3.8475275648066676,14
3674,49,20,107,10,-3.8475322490183976,10
3675,68,28,54,16,-3.8524478248196368,12
3676,6,14,65,8,-3.8536392094191116,6
3677,114,25,41,13,-3.8544949021986654,12
3678,25,18,31,9,-3.857287465742464,9
3679,18,17,91,10,-3.863168888646894,7
3680,51,16,11,8,-3.8660778701548084,8
3681,54,26,13,16,-3.866182872060369,10
3682,68,11,108,6,-3.86884903956731,5
3683,98,13,18,6,-3.8754830902904,7
3684,1,18,73,11,-3.88055376609936,7
3685,45,17,40,10,-3.8834382086944723,7
3686,38,28,86,16,-3.8860227218711705,12
3687,17,15,11,8,-3.886158778436342,7
3688,62,13,76,7,-3.8913968956310074,6
3689,11,44,55,26,-3.8920841591670357,18
3690,37,26,102,15,-3.901578428361024,11
3691,49,19,98,10,-3.906322793569991,9
3692,107,48,50,26,-3.9154031865307353,22
3693,51,17,14,11,-3.916126665697822,6
3694,9,11,81,6,-3.9178439529208315,5
3695,70,38,37,22,-3.9227382855891673,16
3696,2,28,5,16,-3.923277825320168,12
3697,38,20,16,13,-3.9302083923805924,7
3698,83,10,102,6,-3.9358085201394077,4
3699,97,10,80,6,-3.9365866928471034,4
3700,40,32,87,17,-3.941262642987428,15
3701,100,17,37,10,-3.9481789557688427,7
3702,76,12,34,6,-3.9517678907570324,6
3703,104,50,88,29,-3.9536343834384904,21
3704,93,24,74,13,-3.960101768879081,11
3705,65,72,104,39,-3.970649197276848,33
3706,14,12,96,7,-3.975747798085754,5
3707,43,14,41,8,-3.9773777964919623,6
3708,27,46,7,26,-3.979296896350458,20
3709,107,47,40,28,-3.979642986291616,19
3710,65,32,97,18,-3.9859775040058785,14
3711,51,10,58,6,-3.991203040107808,4
3712,107,33,18,20,-3.9992165370659944,13
3713,47,19,107,11,-4.002751339748494,8
3714,86,20,99,12,-4.00989122283285,8
3715,36,48,107,26,-4.010519619837041,22
3716,54,36,55,19,-4.011039158800405,17
3717,51,23,4,14,-4.023686131970646,9
3718,104,24,53,13,-4.026975227838304,11
3719,50,21,7,11,-4.045740478776831,10
3720,79,13,11,6,-4.047561716338114,7
3721,40,10,32,5,-4.050021677419869,5
3722,112,12,23,7,-4.059378810943215,5
3723,95,10,43,6,-4.0633983206079485,4
3724,109,12,43,7,-4.068059286395716,5
3725,38,20,68,12,-4.069118441023081,8
3726,9,23,106,13,-4.082238111032444,10
3727,50,22,74,12,-4.086243740312161,10
3728,87,15,43,8,-4.098799175510788,7
3729,93,20,83,11,-4.100880722204593,9
3730,46,21,114,12,-4.104107153511736,9
3731,68,14,12,8,-4.108669111305504,6
3732,112,16,7,9,-4.117057455095082,7
3733,106,11,29,6,-4.1226863415672375,5
3734,18,19,64,11,-4.1241273612548905,8
3735,84,17,25,10,-4.125284948871475,7
3736,60,61,13,36,-4.128061965232043,25
3737,5,48,55,27,-4.13419952696369,21
3738,107,14,6,8,-4.134287277974908,6
3739,104,32,76,19,-4.135711821894891,13
3740,69,11,11,7,-4.1379214913131195,4
3741,29,11,23,6,-4.138000210796417,5
3742,74,18,100,10,-4.138016461047894,8
3743,71,47,53,27,-4.141303557057988,20
3744,73,13,20,8,-4.146065391689571,5
3745,46,49,86,30,-4.148247157001887,19
3746,51,44,75,24,-4.152516156600689,20
3747,9,50,88,28,-4.161164150512575,22
3748,50,22,40,14,-4.173703341481282,8
3749,51,74,13,40,-4.175645973323164,34
3750,9,19,70,12,-4.17870836598717,7
3751,9,15,49,8,-4.188235146988672,7
3752,106,40,7,20,-4.1953409925549,20
3753,100,18,23,11,-4.197161790157007,7
3754,36,56,65,32,-4.205692860728475,24
3755,17,20,46,11,-4.208745383811279,9
3756,112,11,27,6,-4.214543381192909,5
3757,5,24,39,13,-4.222693276685169,11
3758,53,12,58,5,-4.225473402473382,7
3759,28,20,30,12,-4.22622579482484,8
3760,84,11,30,7,-4.231660063143013,4
3761,16,32,97,17,-4.233041922945588,15
3762,74,12,31,7,-4.240578281890586,5
3763,80,17,104,9,-4.256665633473226,8
3764,60,11,80,6,-4.259959127961848,5
3765,55,18,57,9,-4.266607956123305,9
3766,7,26,6,12,-4.269618286715634,14
3767,96,12,33,5,-4.271042933020871,7
3768,96,19,60,13,-4.282296840965664,6
3769,96,14,85,9,-4.2835717768106525,5
3770,88,27,92,16,-4.288758824459124,11
3771,28,51,88,30,-4.297219042911353,21
3772,35,17,11,10,-4.299025397751419,7
3773,54,23,93,14,-4.30725130512391,9
3774,52,10,50,5,-4.308197298973348,5
3775,20,19,17,11,-4.3112321942034,8
3776,40,22,4,12,-4.316643149060896,10
3777,11,25,76,15,-4.3267052425458585,10
3778,41,19,95,11,-4.332143979792176,8
3779,96,32,97,17,-4.3343091037467625,15
3780,88,24,47,13,-4.347102674354305,11
3781,88,22,43,13,-4.349059981795283,9
3782,84,12,34,6,-4.355418008053163,6
3783,54,31,104,17,-4.355933806560285,14
3784,87,10,58,6,-4.362695393524183,4
3785,11,13,33,6,-4.365968233102095,7
3786,107,84,16,51,-4.366038445459001,33
3787,23,23,40,13,-4.36842332680331,10
3788,9,24,55,14,-4.371040618945101,10
3789,98,13,60,7,-4.372454949323837,6
3790,96,38,63,23,-4.376849709142973,15
3791,70,22,114,13,-4.38365141054372,9
3792,88,15,12,9,-4.389170636685047,6
3793,86,20,111,12,-4.3910837466552355,8
3794,68,50,39,27,-4.391388400265071,23
3795,64,41,7,22,-4.400011616136323,19
3796,54,24,17,13,-4.405567288972997,11
3797,13,30,99,17,-4.420966828834257,13
3798,9,18,46,10,-4.4238849359462264,8
3799,87,20,102,12,-4.423994697827658,8
3800,5,115,86,66,-4.430772584334585,49
3801,53,35,16,21,-4.432680586189367,14
3802,107,46,11,26,-4.433295300820407,20
3803,77,11,36,6,-4.437649181831479,5
3804,44,11,100,6,-4.439207506700404,5
3805,88,11,45,7,-4.4416566980945715,4
3806,109,15,95,9,-4.444131433700797,6
3807,53,25,106,13,-4.444775992545624,12
3808,57,23,88,12,-4.445075043092414,11
3809,107,64,13,35,-4.447839590837698,29
3810,51,91,7,54,-4.448282587440905,37
3811,37,33,13,19,-4.448467961015428,14
3812,13,13,96,7,-4.450977327583438,6
3813,73,12,50,8,-4.454782630059153,4
3814,97,11,77,7,-4.454901155383999,4
3815,32,18,37,10,-4.466542082918519,8
3816,9,14,109,7,-4.46753248183981,7
3817,57,10,91,5,-4.468260927215542,5
3818,84,16,98,10,-4.468561917829733,6
3819,18,30,88,16,-4.47012131788994,14
3820,17,20,49,13,-4.470260930834101,7
3821,25,31,96,17,-4.472832877552798,14
3822,16,40,30,23,-4.476195567754862,17
3823,70,29,88,17,-4.478319588858415,12
3824,27,11,55,6,-4.4890470852362,5
3825,86,25,49,14,-4.4917530543728175,11
3826,3,15,64,9,-4.492765978443915,6
3827,37,15,93,9,-4.4934456656390305,6
3828,54,55,96,29,-4.498498358126813,26
3829,104,10,62,7,-4.506645682517949,3
3830,54,52,28,30,-4.514030967957707,22
3831,75,30,60,17,-4.51659543492297,13
3832,55,43,37,23,-4.516821858156877,20
3833,51,16,57,9,-4.519213768483541,7
3834,17,30,65,19,-4.5204464865361365,11
3835,20,12,93,7,-4.531228376986993,5
3836,75,23,106,12,-4.532198108241345,11
3837,102,24,8,13,-4.537070383836358,11
3838,4,20,55,11,-4.543048579446398,9
3839,28,43,20,25,-4.544189476783364,18
3840,46,38,51,22,-4.548214485505557,16
3841,46,15,83,8,-4.551826612706302,7
3842,112,10,74,6,-4.553694289700708,4
3843,28,11,47,6,-4.553950548976113,5
3844,67,13,109,6,-4.5540965230597985,7
3845,23,15,70,8,-4.554568026577778,7
3846,104,57,107,33,-4.558664288944803,24
3847,60,43,55,24,-4.562254567245144,19
3848,104,16,99,8,-4.562749239239297,8
3849,31,63,7,36,-4.572178756505595,27
3850,95,14,99,8,-4.572737764013027,6
3851,30,12,100,7,-4.575260966636385,5
3852,41,42,51,24,-4.585162671564328,18
3853,64,20,55,13,-4.5985097101065335,7
3854,60,23,3,13,-4.6006596821976276,10
3855,95,13,77,7,-4.601493224452909,6
3856,30,11,23,6,-4.601908928188203,5
3857,9,30,28,16,-4.613750521912748,14
3858,34,13,96,8,-4.620609194568736,5
3859,51,11,32,6,-4.628506428595399,5
3860,25,22,60,12,-4.636282806493915,10
3861,109,19,73,11,-4.637139105733963,8
3862,13,14,73,8,-4.6427133386229835,6
3863,68,25,23,13,-4.644746500376537,12
3864,25,15,27,8,-4.649655011418167,7
3865,98,14,55,9,-4.662824671110213,5
3866,81,22,53,13,-4.67351225402936,9
3867,9,16,62,9,-4.679077909097035,7
3868,62,22,107,11,-4.683884119799683,11
3869,50,14,43,9,-4.684333126132347,5
3870,109,12,23,7,-4.686391337241379,5
3871,51,91,16,52,-4.687621742602922,39
3872,9,22,18,14,-4.692914467440509,8
3873,9,27,8,13,-4.704776137353917,14
3874,40,56,60,32,-4.704818632882359,24
3875,88,38,11,22,-4.710454574435896,16
3876,71,29,64,18,-4.721898683351538,11
3877,17,18,4,11,-4.724962729619737,7
3878,108,18,86,9,-4.726875671282597,9
3879,54,16,85,10,-4.730021736475019,6
3880,60,26,54,15,-4.73010367948851,11
3881,68,22,97,13,-4.736282381079661,9
3882,3,11,97,7,-4.7402730889790226,4
3883,68,42,114,24,-4.745053261523828,18
3884,98,16,70,10,-4.745137974355769,6
3885,20,52,107,29,-4.745172870929257,23
3886,77,16,25,9,-4.745845616411638,7
3887,63,38,74,21,-4.748458787006122,17
3888,20,36,87,20,-4.748487569129383,16
3889,5,30,90,18,-4.752640516818982,12
3890,50,16,93,10,-4.755526241513055,6
3891,58,11,16,7,-4.759663036075425,4
3892,70,13,90,7,-4.771084444295363,6
3893,114,15,69,7,-4.773043389885473,8
3894,5,12,9,7,-4.777710715122403,5
3895,5,33,76,19,-4.788314400539968,14
3896,25,11,111,6,-4.797175922879397,5
3897,96,22,75,15,-4.80138149231193,7
3898,108,13,96,7,-4.805162668071275,6
3899,106,12,6,7,-4.810944704219048,5
3900,4,17,75,10,-4.813951260599894,7
3901,23,30,106,15,-4.818998910388466,15
3902,46,47,13,27,-4.820691792404558,20
3903,43,17,63,10,-4.821038820338599,7
3904,67,15,8,9,-4.8319098461555825,6
3905,83,15,39,9,-4.832639955303303,6
3906,107,34,76,22,-4.837628782547427,12
3907,51,30,5,19,-4.841333405150811,11
3908,3,21,13,14,-4.8447826985701585,7
3909,84,22,16,12,-4.854103206553588,10
3910,64,42,13,22,-4.854598754048183,20
3911,84,13,38,7,-4.854976710780188,6
3912,94,17,13,10,-4.855238762429886,7
3913,89,10,5,7,-4.862465640901751,3
3914,110,10,88,5,-4.870544753091406,5
3915,70,13,49,7,-4.870823408885395,6
3916,38,11,51,7,-4.873684208436107,4
3917,39,49,13,27,-4.875018050279032,22
3918,114,11,30,6,-4.882071098465157,5
3919,3,12,8,5,-4.887819375016217,7
3920,5,39,83,21,-4.890865835189012,18
3921,33,16,8,10,-4.890943290835164,6
3922,4,26,107,15,-4.892026477226962,11
3923,55,27,76,17,-4.892389867780943,10
3924,106,34,84,18,-4.903872752933782,16
3925,54,48,46,28,-4.906943181154002,20
3926,108,12,54,8,-4.909695920764134,4
3927,37,16,39,9,-4.915868530606463,7
3928,106,56,74,32,-4.924754963776778,24
3929,65,21,45,11,-4.93879712541404,10
3930,108,11,37,6,-4.94147061612662,5
3931,87,14,77,8,-4.94240192025149,6
3932,8,32,13,19,-4.955794878282507,13
3933,32,19,86,11,-4.95808091960027,8
3934,36,14,12,8,-4.958257258325214,6
3935,96,36,20,21,-4.958331873160827,15
3936,90,23,96,14,-4.963939687748077,9
3937,8,12,62,8,-4.964220736900479,4
3938,65,55,55,31,-4.974824332567949,24
3939,53,61,7,35,-4.979032554051548,26
3940,64,15,38,8,-4.983337320570341,7
3941,86,71,37,40,-4.984756436647988,31
3942,39,25,27,13,-4.989393098929608,12
3943,31,52,36,29,-4.991880968749702,23
3944,71,15,74,8,-4.993812181109021,7
3945,63,30,104,17,-4.993963037729945,13
3946,88,91,7,51,-4.994411237431906,40
3947,68,12,32,8,-4.994599728673894,4
3948,112,14,31,9,-5.001632049885234,5
3949,5,26,93,16,-5.004460526821323,10
3950,81,21,60,12,-5.012994181489738,9
3951,64,12,44,7,-5.0247847099548055,5
3952,40,14,95,8,-5.030598238019023,6
3953,31,30,75,16,-5.041164600198114,14
3954,62,33,16,20,-5.051011656032601,13
3955,92,10,28,6,-5.057353362284569,4
3956,65,17,46,11,-5.06610491085495,6
3957,41,20,27,11,-5.071720567111737,9
3958,33,13,90,8,-5.072843762888294,5
3959,17,10,92,6,-5.072884905069609,4
3960,7,14,44,8,-5.07367119792896,6
3961,18,33,28,18,-5.080086936400626,15
3962,20,10,32,7,-5.08216341529211,3
3963,48,13,7,7,-5.083098005465932,6
3964,58,14,60,8,-5.085584297125203,6
3965,95,24,60,14,-5.089480392621887,10
3966,110,11,87,7,-5.0925904586002675,4
3967,50,31,13,18,-5.100121243956257,13
3968,70,23,55,13,-5.1032220329288345,10
3969,107,53,75,35,-5.11526042850198,18
3970,87,28,76,17,-5.1240936522661755,11
3971,58,30,40,16,-5.133397385337809,14
3972,4,12,109,7,-5.135069245647407,5
3973,88,15,44,8,-5.148664566159752,7
3974,79,13,63,8,-5.150156389678723,5
3975,50,46,87,25,-5.151620252108098,21
3976,63,54,8,30,-5.156454172512432,24
3977,39,14,111,8,-5.158992286191917,6
3978,5,12,67,7,-5.159840528973067,5
3979,56,11,91,6,-5.160182814393273,5
3980,50,40,2,23,-5.1602643680773745,17
3981,87,74,16,42,-5.176352649858678,32
3982,47,26,75,17,-5.17693162231529,9
3983,68,47,16,29,-5.179182431483823,18
3984,13,25,91,14,-5.184425816199746,11
3985,41,26,23,15,-5.1848324087151205,11
3986,55,18,34,10,-5.202160532736089,8
3987,91,12,33,6,-5.213867650447791,6
3988,37,22,40,12,-5.218981261850287,10
3989,30,25,53,14,-5.226055832762313,11
3990,5,11,35,6,-5.226534281744142,5
3991,13,47,71,26,-5.235216499316669,21
3992,25,21,91,12,-5.23677892954369,9
3993,14,15,65,8,-5.239230657167625,7
3994,40,15,98,8,-5.239271076053038,7
3995,40,26,25,15,-5.242222631716463,11
3996,63,25,64,14,-5.251947184342549,11
3997,51,69,39,39,-5.265117148399291,30
3998,3,21,9,12,-5.267711530629459,9
3999,25,26,23,15,-5.272958869039182,11
4000,88,11,56,6,-5.280224334897691,5
4001,102,15,20,8,-5.291736313705401,7
4002,35,11,30,6,-5.293385259461386,5
4003,17,21,97,12,-5.293816017316166,9
4004,98,23,7,14,-5.296629408284789,9
4005,55,25,111,15,-5.307717141421055,10
4006,63,15,17,9,-5.328236059759658,6
4007,102,14,97,9,-5.335160623731844,5
4008,57,25,87,15,-5.341931643339133,10
4009,31,35,64,21,-5.344284465687698,14
4010,51,43,104,27,-5.354494200185865,16
4011,16,13,72,7,-5.355366251776982,6
4012,112,13,106,7,-5.358449059964546,6
4013,17,12,98,6,-5.361440435561064,6
4014,63,30,75,17,-5.362343223381898,13
4015,60,11,89,6,-5.373120214726714,5
4016,109,24,107,15,-5.374789076628487,9
4017,16,13,73,7,-5.382229707777058,6
4018,107,16,29,11,-5.393165784124399,5
4019,90,31,54,18,-5.397442007333916,13
4020,106,52,54,28,-5.400574012233974,24
4021,31,65,68,37,-5.400854145452715,28
4022,86,63,11,36,-5.401837176054467,27
4023,66,11,9,6,-5.404825557202403,5
4024,37,11,49,6,-5.405793666619149,5
4025,83,15,51,10,-5.415397349279682,5
4026,40,10,38,5,-5.415692699604588,5
4027,50,10,83,5,-5.416126776091854,5
4028,1,17,60,10,-5.417624511981777,7
4029,40,15,28,8,-5.4653511803127275,7
4030,55,28,80,15,-5.4744127777181975,13
4031,36,17,99,11,-5.476671917231901,6
4032,106,53,37,29,-5.481931306152558,24
4033,13,12,14,8,-5.487937926146761,4
4034,40,49,65,28,-5.488110460552834,21
4035,1,10,46,5,-5.488587081929578,5
4036,80,28,86,16,-5.491180597516542,12
4037,62,10,18,6,-5.493140482819633,4
4038,102,10,67,6,-5.497246561771841,4
4039,1,25,40,15,-5.499072662784783,10
4040,83,19,95,12,-5.510188596504647,7
4041,62,14,54,8,-5.513068826453649,6
4042,37,59,87,35,-5.516733087496061,24
4043,20,10,62,6,-5.517288163699186,4
4044,75,20,27,11,-5.525223821089191,9
4045,102,14,33,8,-5.525239013163607,6
4046,88,23,30,12,-5.525413582454541,11
4047,3,14,28,9,-5.526860673095199,5
4048,86,29,27,18,-5.543796327101014,11
4049,81,13,41,8,-5.549157399363071,5
4050,25,41,8,25,-5.550067480025435,16
4051,70,56,54,33,-5.553942408448956,23
4052,4,11,46,6,-5.55622187464566,5
4053,95,10,31,6,-5.5581891593402775,4
4054,10,11,63,7,-5.56040496031845,4
4055,39,47,40,28,-5.562958062142741,19
4056,104,60,37,36,-5.5634752610620195,24
4057,54,31,11,18,-5.565049065297328,13
4058,63,27,55,15,-5.568315530285167,12
4059,47,12,71,7,-5.571212302193355,5
4060,71,17,12,10,-5.576190752449122,7
4061,97,19,87,12,-5.581011131648729,7
4062,37,18,71,10,-5.582059073463845,8
4063,75,49,86,27,-5.5837344877785275,22
4064,16,12,52,7,-5.588665300895635,5
4065,68,21,62,12,-5.5910040455918875,9
4066,16,48,75,28,-5.593636562488228,20
4067,63,11,99,6,-5.5958077337997105,5
4068,19,13,68,7,-5.609014492078277,6
4069,43,14,27,7,-5.609839390205424,7
4070,50,15,100,9,-5.612526049660052,6
4071,3,22,114,14,-5.6169459155328765,8
4072,50,48,16,28,-5.617696720442926,20
4073,50,26,95,15,-5.619957219349124,11
4074,17,21,5,14,-5.625033929201381,7
4075,73,28,86,15,-5.62531345595925,13
4076,31,14,12,8,-5.636724482741272,6
4077,36,12,76,9,-5.641487589296995,3
4078,77,11,109,6,-5.645459503468275,5
4079,74,23,73,14,-5.649045009007229,9
4080,97,10,4,6,-5.649870700339136,4
4081,20,31,63,17,-5.65264225911672,14
4082,106,24,95,15,-5.657914892117911,9
4083,9,14,84,8,-5.6606463868886125,6
4084,82,11,54,7,-5.66427830231393,4
4085,37,48,16,28,-5.664774565241773,20
4086,99,31,16,18,-5.66581833704302,13
4087,37,39,75,25,-5.670197882049106,14
4088,84,15,97,10,-5.671301332253195,5
4089,25,10,94,5,-5.671887186214519,5
4090,95,10,102,6,-5.68531996234082,4
4091,57,12,106,6,-5.685749140437754,6
4092,55,25,30,15,-5.686463879094617,10
4093,5,46,106,28,-5.689619439430468,18
4094,32,10,70,5,-5.692479372096212,5
4095,46,40,8,22,-5.695904868807615,18
4096,13,20,38,10,-5.701525044937782,10
4097,69,26,51,16,-5.708510695737556,10
4098,25,30,87,17,-5.710285011277161,13
4099,88,53,40,31,-5.711119435609974,22
4100,102,10,23,6,-5.716053822653882,4
4101,37,18,41,11,-5.716493275276267,7
4102,51,26,25,15,-5.726135112848949,11
4103,48,20,11,12,-5.726887293490206,8
4104,9,14,45,9,-5.727853500458989,5
4105,106,42,25,26,-5.737688222420908,16
4106,1,30,68,18,-5.7429928735367985,12
4107,80,25,16,15,-5.7471314331057,10
4108,20,16,40,10,-5.760773366457583,6
4109,62,11,100,6,-5.76483412631544,5
4110,87,31,30,18,-5.767221225393501,13
4111,38,13,109,8,-5.768424285660914,5
4112,23,38,13,20,-5.768470051037821,18
4113,30,16,20,9,-5.770242418243403,7
4114,78,14,13,9,-5.785085201876931,5
4115,65,18,112,10,-5.786332326777146,8
4116,88,34,25,22,-5.7871536187248696,12
4117,40,11,112,6,-5.795539817641982,5
4118,86,37,64,21,-5.796824578298753,16
4119,55,28,74,16,-5.797157459674131,12
4120,110,11,114,7,-5.80847897602274,4
4121,106,28,80,17,-5.812470547213422,11
4122,49,10,100,5,-5.813425744151518,5
4123,5,16,40,9,-5.82052725169565,7
4124,77,14,41,9,-5.820932172345258,5
4125,1,15,75,10,-5.839655242805768,5
4126,51,14,62,8,-5.840109303871166,6
4127,87,16,108,10,-5.840502938250504,6
4128,46,37,74,23,-5.850135921281392,14
4129,65,52,51,32,-5.865717524678075,20
4130,95,36,54,20,-5.865979569344108,16
4131,28,49,104,28,-5.869912935195165,21
4132,36,12,46,7,-5.88209418081934,5
4133,7,20,15,10,-5.884783634259434,10
4134,13,10,34,5,-5.884954073686413,5
4135,25,16,93,9,-5.904464695396422,7
4136,107,33,100,17,-5.907266287901797,16
4137,64,34,107,19,-5.909994591389041,15
4138,45,15,41,10,-5.914462706154762,5
4139,63,10,93,6,-5.917563250275586,4
4140,13,28,81,17,-5.921413734268427,11
4141,114,20,73,12,-5.924435121305104,8
4142,63,45,37,27,-5.933785173114153,18
4143,7,15,33,8,-5.9471342175078945,7
4144,7,29,28,18,-5.948429372911717,11
4145,10,12,97,6,-5.950831581917707,6
4146,69,16,107,10,-5.960977525815752,6
4147,112,10,18,7,-5.964702523558141,3
4148,40,18,97,11,-5.966918416140385,7
4149,60,10,34,7,-5.968824417267719,3
4150,109,31,88,19,-5.976969519830535,12
4151,68,38,41,22,-5.9775778964094295,16
4152,5,20,15,13,-5.985114518284758,7
4153,1,30,13,19,-5.988808763181976,11
4154,27,12,74,6,-5.991317096712257,6
4155,71,11,78,6,-5.992619345696551,5
4156,68,27,71,17,-5.99525701293446,10
4157,17,10,99,6,-6.011623328938978,4
4158,62,16,7,10,-6.019047959814988,6
4159,46,20,95,12,-6.027785407812037,8
4160,50,17,91,11,-6.027790824025908,6
4161,64,25,87,14,-6.038918526680432,11
4162,32,16,8,9,-6.041444852098721,7
4163,48,12,80,8,-6.043656393103958,4
4164,63,19,90,11,-6.053395439788755,8
4165,28,18,23,10,-6.0662027716624305,8
4166,97,33,7,18,-6.066296834887335,15
4167,48,14,74,7,-6.068043245358376,7
4168,41,25,60,14,-6.080070950949514,11
4169,5,44,20,27,-6.084413199436969,17
4170,107,23,111,12,-6.08814286411973,11
4171,96,13,78,8,-6.092525527458242,5
4172,88,40,23,26,-6.098802854801483,14
4173,75,29,46,17,-6.102650462365345,12
4174,79,10,55,6,-6.105260957218082,4
4175,7,12,90,7,-6.108519045195329,5
4176,53,39,107,24,-6.1160644579066465,15
4177,31,13,81,9,-6.1171597913254026,4
4178,54,23,102,14,-6.1200791508914225,9
4179,87,23,71,13,-6.125940998168479,10
4180,97,24,55,15,-6.128965912516969,9
4181,48,10,23,6,-6.136507124451631,4
4182,46,14,109,8,-6.137839688733693,6
4183,68,12,20,7,-6.158182099944326,5
4184,65,61,87,37,-6.169242314096732,24
4185,76,23,97,13,-6.171425808149793,10
4186,86,37,98,21,-6.173883512848301,16
4187,1,23,86,14,-6.174241112026929,9
4188,35,14,55,8,-6.18171019735336,6
4189,76,23,23,13,-6.183442791007627,10
4190,109,42,54,26,-6.183872533544285,16
4191,78,21,86,13,-6.187572817922391,8
4192,70,28,74,15,-6.203999405338755,13
4193,65,21,38,11,-6.2252846155522565,10
4194,50,41,104,25,-6.230364171354916,16
4195,51,12,80,7,-6.2445608145487,5
4196,2,26,63,15,-6.2471655883934,11
4197,5,17,43,10,-6.250727481432203,7
4198,88,83,86,49,-6.254550732132809,34
4199,102,18,57,10,-6.264739678585858,8
4200,95,12,15,7,-6.265255655621161,5
4201,17,14,34,9,-6.270843597010633,5
4202,31,30,41,18,-6.276695675397637,12
4203,102,11,41,7,-6.282861273718874,4
4204,92,12,16,9,-6.284475222709882,3
4205,64,16,70,11,-6.2860092045587415,5
4206,88,56,65,35,-6.287559020425313,21
4207,63,27,9,16,-6.289879329503065,11
4208,114,17,23,11,-6.291790840234865,6
4209,38,26,107,16,-6.3206338456664275,10
4210,5,25,32,15,-6.322230990899956,10
4211,16,21,102,12,-6.323530287659212,9
4212,88,22,62,13,-6.324774259752266,9
4213,97,10,69,6,-6.337134282711491,4
4214,98,20,11,11,-6.3386776528601825,9
4215,56,21,7,12,-6.361794853449643,9
4216,14,13,107,7,-6.370548692090853,6
4217,7,91,16,52,-6.378222630233722,39
4218,84,32,74,17,-6.37967811989364,15
4219,108,18,16,11,-6.383719600885128,7
4220,77,13,74,8,-6.38427445953612,5
4221,87,21,3,13,-6.392816203611458,8
4222,25,47,13,26,-6.403337095443306,21
4223,77,13,106,7,-6.407119934187455,6
4224,109,46,28,29,-6.410153644105356,17
4225,77,19,107,11,-6.4169470483546815,8
4226,36,12,62,7,-6.419555894210636,5
4227,33,16,40,11,-6.427211772717695,5
4228,7,15,34,9,-6.438395937640913,6
4229,3,22,88,13,-6.440489317867587,9
4230,87,20,4,13,-6.445923142452617,7
4231,48,14,50,9,-6.446077239732431,5
4232,104,16,15,10,-6.448047941592666,6
4233,28,10,6,6,-6.452419128804086,4
4234,87,25,90,15,-6.454852453391627,10
4235,28,17,14,11,-6.462988674713606,6
4236,43,26,107,16,-6.466098586244282,10
4237,39,15,12,9,-6.475459814124789,6
4238,68,11,45,7,-6.479375207416081,4
4239,104,10,48,6,-6.493358473776669,4
4240,87,14,1,8,-6.496061476156607,6
4241,104,27,41,15,-6.500266163182682,12
4242,96,30,50,18,-6.506695896089088,12
4243,4,12,56,6,-6.509885274579447,6
4244,51,30,27,19,-6.516683017185277,11
4245,28,15,35,8,-6.525585250622974,7
4246,55,10,49,6,-6.541972088163769,4
4247,18,21,77,14,-6.545250800191178,7
4248,114,26,53,15,-6.571088082289226,11
4249,96,28,65,16,-6.593487230396348,12
4250,37,18,80,11,-6.59536314979572,7
4251,36,16,28,9,-6.602158410065066,7
4252,81,18,71,11,-6.61709770119633,7
4253,100,30,16,19,-6.617449381235234,11
4254,84,27,8,17,-6.622581044229809,10
4255,86,18,93,11,-6.62437888449924,7
4256,5,48,25,29,-6.626414170343123,19
4257,17,13,53,8,-6.628322060179848,5
4258,40,27,64,17,-6.644176524893485,10
4259,114,15,76,10,-6.653911993113485,5
4260,48,25,86,15,-6.6543294717382295,10
4261,71,11,83,6,-6.6562053803338666,5
4262,49,20,75,12,-6.674097809353233,8
4263,53,51,68,31,-6.677046957897992,20
4264,71,11,43,6,-6.677650042464424,5
4265,37,10,29,6,-6.680734619445758,4
4266,57,13,114,8,-6.6838726944280715,5
4267,10,11,7,7,-6.6857443633140905,4
4268,88,15,76,8,-6.688159185418194,7
4269,106,11,111,8,-6.697425895741327,3
4270,91,12,15,6,-6.697476716978325,6
4271,81,15,106,8,-6.7006427614893935,7
4272,40,10,6,6,-6.705680107058635,4
4273,43,34,13,19,-6.708372028464105,15
4274,97,35,28,22,-6.716635909782018,13
4275,32,10,65,6,-6.718474357729474,4
4276,32,11,97,7,-6.7220085367153315,4
4277,95,11,100,6,-6.722166987268522,5
4278,63,14,78,7,-6.726589579609609,7
4279,95,13,14,8,-6.731405281187272,5
4280,96,38,74,24,-6.731828732252354,14
4281,20,11,52,7,-6.739976324437407,4
4282,64,19,114,12,-6.746348989675979,7
4283,51,15,102,9,-6.749472817285659,6
4284,96,79,86,48,-6.750994185821139,31
4285,90,13,53,8,-6.752088210585149,5
4286,112,21,86,12,-6.76366111206248,9
4287,27,14,6,8,-6.780540737481573,6
4288,43,22,39,12,-6.781605921416048,10
4289,84,51,28,31,-6.786505170012914,20
4290,18,22,63,14,-6.7887020180852895,8
4291,31,10,55,6,-6.798197972656263,4
4292,13,25,108,16,-6.801707995205208,9
4293,45,18,60,10,-6.802248227913869,8
4294,114,16,100,10,-6.806713890734191,6
4295,50,12,27,8,-6.81199069291027,4
4296,52,10,65,7,-6.817085213239556,3
4297,95,29,13,17,-6.852052215706936,12
4298,96,19,114,12,-6.857320738328298,7
4299,71,39,16,25,-6.859693337666749,14
4300,11,17,75,10,-6.860129083231022,7
4301,65,28,4,17,-6.861953445755192,11
4302,18,21,54,12,-6.880495431858326,9
4303,99,15,106,10,-6.882359612487446,5
4304,5,47,114,28,-6.885144276646174,19
4305,109,18,53,11,-6.886369823569262,7
4306,7,22,100,13,-6.899917684237832,9
4307,53,10,49,6,-6.90781300095477,4
4308,55,36,104,22,-6.909075624793387,14
4309,68,10,94,7,-6.919738017837595,3
4310,46,38,16,23,-6.920639082616032,15
4311,30,19,75,11,-6.923427737676235,8
4312,76,11,13,7,-6.936217987616365,4
4313,88,12,99,7,-6.939131232028662,5
4314,50,11,15,7,-6.9507529081852075,4
4315,18,12,47,8,-6.958091333768663,4
4316,104,18,32,12,-6.959225086389547,6
4317,87,59,8,36,-6.960692999441726,23
4318,36,34,16,21,-6.96230955324868,13
4319,45,16,16,10,-6.976498387396664,6
4320,54,11,94,7,-6.977216982115354,4
4321,55,64,16,41,-6.979782207933068,23
4322,51,21,97,14,-6.980039097404116,7
4323,94,12,55,7,-6.987298934898081,5
4324,13,23,111,13,-6.988942249892523,10
4325,1,19,114,12,-6.990089974683046,7
4326,5,15,62,9,-6.9927087595973925,6
4327,109,15,75,10,-6.99331420974703,5
4328,50,10,57,7,-6.995220469183593,3
4329,86,14,45,8,-7.001591160951406,6
4330,112,12,41,7,-7.0061918940934484,5
4331,18,16,100,9,-7.026565168419708,7
4332,60,13,61,7,-7.030818771624275,6
4333,58,22,7,12,-7.035143698213465,10
4334,38,28,37,17,-7.041316380566512,11
4335,11,10,64,7,-7.044290994994302,3
4336,2,27,28,17,-7.052082984819958,10
4337,20,41,65,26,-7.052481221397401,15
4338,73,16,65,10,-7.056062739811477,6
4339,18,27,68,16,-7.057508559262057,11
4340,63,61,16,36,-7.06081445906574,25
4341,49,14,50,8,-7.064134383315742,6
4342,38,21,63,14,-7.071277555225252,7
4343,98,14,102,8,-7.075813129571892,6
4344,70,35,28,21,-7.078735797739843,14
4345,3,20,36,13,-7.093052097907007,7
4346,13,19,90,12,-7.099319512939565,7
4347,13,16,44,10,-7.100478256103446,6
4348,90,24,114,14,-7.10169685008524,10
4349,16,15,110,9,-7.102784713477102,6
4350,110,16,51,10,-7.104586521997479,6
4351,87,40,68,24,-7.116917079382754,16
4352,13,25,47,15,-7.12600720855405,10
4353,67,11,88,8,-7.127393540580368,3
4354,48,32,63,20,-7.1299692009467925,12
4355,87,51,13,33,-7.139410033835633,18
4356,39,22,3,14,-7.14220469782187,8
4357,75,39,18,23,-7.143872456900073,16
4358,60,17,5,11,-7.144002600647478,6
4359,91,13,51,8,-7.1487730180819415,5
4360,93,23,87,14,-7.164798687762666,9
4361,14,14,86,8,-7.166696838482464,6
4362,35,15,16,10,-7.178038323973206,5
4363,47,12,23,8,-7.180906240191951,4
4364,20,23,39,13,-7.1834603723780885,10
4365,63,20,27,11,-7.19472225275396,9
4366,40,20,35,13,-7.223846117897835,7
4367,71,30,30,18,-7.224566876244219,12
4368,55,18,17,10,-7.225704310999125,8
4369,5,14,31,9,-7.246607645789562,5
4370,90,13,46,8,-7.250761878801305,5
4371,93,12,98,7,-7.251352809271133,5
4372,81,19,75,12,-7.259552889264539,7
4373,97,18,41,11,-7.264371648173333,7
4374,70,16,110,10,-7.267896542251016,6
4375,96,10,62,7,-7.268496266352443,3
4376,86,28,69,17,-7.27919995462748,11
4377,49,21,87,11,-7.287852583518847,10
4378,111,14,28,9,-7.296837620354718,5
4379,36,17,97,10,-7.301788222671786,7
4380,91,41,16,27,-7.309347152714906,14
4381,106,24,39,14,-7.312269199982411,10
4382,13,40,114,22,-7.318181693252523,18
4383,55,26,109,14,-7.3182997081126135,12
4384,5,42,70,25,-7.323141246130922,17
4385,49,14,40,8,-7.335562559131434,6
4386,68,14,92,9,-7.338682351737512,5
4387,107,13,78,8,-7.356840718250353,5
4388,8,25,73,15,-7.3587900254771785,10
4389,23,13,49,8,-7.360298065336568,5
4390,64,12,49,7,-7.364918196286091,5
4391,114,10,77,6,-7.365477220397804,4
4392,33,16,25,11,-7.36592627296452,5
4393,74,15,34,10,-7.367415754617588,5
4394,71,10,73,6,-7.373234065194552,4
4395,46,41,37,27,-7.398384968299376,14
4396,69,27,13,17,-7.410798113719346,10
4397,41,34,36,18,-7.412500474371831,16
4398,91,19,8,12,-7.416456742894205,7
4399,20,10,69,6,-7.425842209136067,4
4400,46,45,25,26,-7.439996628911813,19
4401,71,13,70,7,-7.447387393345607,6
4402,76,18,112,10,-7.452810243863066,8
4403,97,53,86,32,-7.453774682156136,21
4404,110,21,37,12,-7.457046552670356,9
4405,53,12,45,7,-7.463487107897495,5
4406,67,14,86,8,-7.473545085382988,6
4407,63,15,108,9,-7.475559971035059,6
4408,36,14,70,8,-7.476080415111231,6
4409,81,13,7,7,-7.480028378880558,6
4410,27,27,16,17,-7.481407495599661,10
4411,98,29,91,18,-7.486111931896229,11
4412,77,18,55,11,-7.520653437888105,7
4413,33,20,51,14,-7.541152096210821,6
4414,109,16,17,10,-7.542787160900625,6
4415,62,13,53,7,-7.543314063492198,6
4416,107,16,12,11,-7.554377135078079,5
4417,23,11,33,7,-7.562255793226968,4
4418,84,10,13,7,-7.562323454159971,3
4419,5,14,34,10,-7.5706698448560905,4
4420,77,12,46,7,-7.574271980014295,5
4421,88,18,58,11,-7.5880987725104365,7
4422,16,27,57,16,-7.589870311551282,11
4423,36,20,18,12,-7.59490287850123,8
4424,97,21,18,13,-7.601880140076526,8
4425,80,22,96,14,-7.6325568595370585,8
4426,3,29,7,19,-7.637493103977582,10
4427,5,29,97,19,-7.639418302115126,10
4428,88,20,108,13,-7.642505031143239,7
4429,71,41,75,27,-7.64368477403219,14
4430,60,11,70,7,-7.646435749026202,4
4431,96,24,37,14,-7.66584492569651,10
4432,51,37,76,24,-7.668100625661311,13
4433,11,32,5,20,-7.6874421575338765,12
4434,7,25,111,15,-7.6903234257719815,10
4435,108,17,53,9,-7.691782047867258,8
4436,104,39,40,25,-7.699889638025223,14
4437,64,13,46,8,-7.70178518963715,5
4438,88,71,54,43,-7.707263860433417,28
4439,109,10,69,6,-7.709222479752555,4
4440,76,14,54,9,-7.722451793722614,5
4441,52,10,63,6,-7.736846011905837,4
4442,54,13,73,8,-7.746921178252214,5
4443,68,63,40,41,-7.7522463426238595,22
4444,25,49,37,29,-7.755599308877523,20
4445,73,11,53,7,-7.756297558195456,4
4446,86,14,10,8,-7.764445720347282,6
4447,4,42,60,24,-7.772280976965753,18
4448,114,14,92,10,-7.774797164908212,4
4449,79,20,48,12,-7.7777328666170344,8
4450,5,15,71,9,-7.778406095440192,6
4451,65,19,15,12,-7.793928827079963,7
4452,51,83,86,48,-7.813532735246281,35
4453,8,21,18,14,-7.824809281602246,7
4454,98,17,8,11,-7.832264077196576,6
4455,27,12,92,7,-7.83286084188292,5
4456,54,57,63,36,-7.834983225160243,21
4457,88,34,27,19,-7.839183444170466,15
4458,91,26,106,17,-7.859341034872017,9
4459,35,12,44,7,-7.859665557157517,5
4460,23,17,55,9,-7.8715706098888365,8
4461,36,38,86,23,-7.877724948486917,15
4462,39,20,92,12,-7.878862062646907,8
4463,57,10,65,6,-7.879384612333778,4
4464,39,26,114,15,-7.885706248947249,11
4465,107,22,33,13,-7.889216015388602,9
4466,69,15,70,10,-7.889236203805598,5
4467,71,16,98,10,-7.889615378391536,6
4468,7,29,45,18,-7.898910111724259,11
4469,71,26,50,16,-7.901963818656764,10
4470,106,57,13,36,-7.903462974878782,21
4471,18,12,38,7,-7.905676227138177,5
4472,82,10,88,6,-7.9125780836424955,4
4473,17,19,28,12,-7.913140586881615,7
4474,109,17,7,11,-7.9170790201368355,6
4475,20,16,33,10,-7.9280624383644875,6
4476,64,12,77,6,-7.928282722369054,6
4477,43,14,54,8,-7.93899481598767,6
4478,77,13,27,8,-7.939137496569419,5
4479,87,17,73,12,-7.94220715025842,5
4480,5,25,65,15,-7.967561696591303,10
4481,4,12,12,8,-7.976222296376226,4
4482,84,28,5,17,-7.986435375626319,11
4483,87,14,15,8,-7.9871826221688895,6
4484,54,16,15,9,-7.990113178125118,7
4485,23,10,96,6,-7.990228863607191,4
4486,70,16,13,10,-7.990308468406848,6
4487,96,19,102,12,-7.995631160966494,7
4488,86,17,15,11,-7.9958363368857075,6
4489,51,27,64,17,-8.025421551592801,10
4490,81,11,114,6,-8.02915947463677,5
4491,60,24,30,17,-8.029670464815947,7
4492,17,10,112,6,-8.040351355157483,4
4493,7,19,73,11,-8.049715087137763,8
4494,12,11,9,7,-8.058955245687951,4
4495,17,11,100,8,-8.059924168686988,3
4496,28,24,93,16,-8.07091688053174,8
4497,53,25,87,14,-8.07726427006638,11
4498,97,16,110,10,-8.077466293642948,6
4499,5,61,8,37,-8.080732178020163,24
4500,13,14,57,8,-8.084791417216682,6
4501,4,20,86,13,-8.098499996816942,7
4502,65,22,1,13,-8.101857330353239,9
4503,96,19,51,12,-8.115030150293322,7
4504,86,19,43,13,-8.120011929937794,6
4505,16,15,81,10,-8.120114808218235,5
4506,9,16,20,10,-8.121821018750524,6
4507,29,12,75,7,-8.144839094845086,5
4508,31,25,107,13,-8.150092970715471,12
4509,33,11,68,7,-8.166895131198164,4
4510,97,15,60,8,-8.171952563449576,7
4511,98,13,108,8,-8.179403178791246,5
4512,17,16,68,11,-8.180467887356242,5
4513,60,35,104,25,-8.183651908443377,10
4514,109,24,11,16,-8.196422948591085,8
4515,112,11,13,6,-8.212962974443084,5
4516,54,15,91,9,-8.22419323895329,6
4517,106,21,69,13,-8.230262561693124,8
4518,39,20,46,11,-8.240723954666796,9
4519,16,12,89,7,-8.24232911238878,5
4520,109,19,41,13,-8.25191645501863,6
4521,109,21,74,14,-8.264824669876235,7
4522,55,49,40,31,-8.264830770768937,18
4523,14,12,37,7,-8.266467835075433,5
4524,55,34,50,20,-8.268886532039618,14
4525,76,12,75,7,-8.269580351796622,5
4526,86,28,44,18,-8.273917321239944,10
4527,55,15,100,8,-8.275270908208638,7
4528,91,18,41,12,-8.276671952774393,6
4529,106,31,90,21,-8.28384546124837,10
4530,57,16,7,9,-8.31505464677608,7
4531,90,13,30,8,-8.325698662002964,5
4532,36,45,13,29,-8.340727615472174,16
4533,93,34,65,20,-8.350774120379098,14
4534,5,22,7,14,-8.357081514884824,8
4535,9,11,11,7,-8.359525570926444,4
4536,75,33,28,21,-8.362065140682944,12
4537,107,21,45,13,-8.374668953212842,8
4538,88,99,16,64,-8.375764299103174,35
4539,46,10,6,6,-8.386722378353735,4
4540,104,10,67,6,-8.393331116483225,4
4541,34,18,109,11,-8.400920779627398,7
4542,20,19,91,11,-8.407006886407046,8
4543,91,24,68,14,-8.412577437061726,10
4544,8,20,64,13,-8.418575329228208,7
4545,90,19,73,12,-8.424101991862472,7
4546,114,20,55,13,-8.432483182241098,7
4547,70,24,96,13,-8.437417991026262,11
4548,107,30,80,20,-8.450019757222567,10
4549,96,14,95,9,-8.450373982592183,5
4550,40,31,54,19,-8.456665277002278,12
4551,65,21,90,12,-8.468020439085361,9
4552,31,24,27,13,-8.473883465655312,11
4553,12,20,60,10,-8.47808740593529,10
4554,68,56,75,37,-8.483707229345061,19
4555,37,10,94,7,-8.495177713557316,3
4556,45,10,91,6,-8.504304930616431,4
4557,69,17,63,12,-8.506537399631055,5
4558,4,17,63,11,-8.512042650715129,6
4559,83,27,86,19,-8.512264034333521,8
4560,87,43,7,28,-8.520807538202282,15
4561,106,13,12,9,-8.530975907772833,4
4562,19,10,36,6,-8.571979369015912,4
4563,55,23,95,15,-8.57500650986488,8
4564,64,27,16,18,-8.580056487191111,9
4565,7,14,78,8,-8.586369355998128,6
4566,69,23,60,13,-8.593407796808341,10
4567,75,13,15,9,-8.597300929966652,4
4568,50,22,90,14,-8.598522697493998,8
4569,6,16,13,10,-8.627925335393327,6
4570,84,14,83,8,-8.644101673798643,6
4571,65,37,30,24,-8.646278778061177,13
4572,86,38,41,25,-8.653956346098061,13
4573,39,14,110,10,-8.694421097429624,4
4574,2,10,30,6,-8.704387763563812,4
4575,102,15,63,9,-8.71016569998991,6
4576,25,20,100,12,-8.712871143074372,8
4577,45,10,58,6,-8.721721801464438,4
4578,63,45,51,27,-8.740070603704455,18
4579,11,23,104,15,-8.742484307216113,8
4580,106,14,38,7,-8.74501943352997,7
4581,107,17,15,12,-8.746601719039074,5
4582,18,11,76,7,-8.754902951481279,4
4583,60,32,23,21,-8.764024699210452,11
4584,39,45,86,27,-8.775376528349158,18
4585,18,23,106,15,-8.778191080978738,8
4586,46,19,7,13,-8.788211094177631,6
4587,108,12,106,8,-8.792855982281738,4
4588,47,18,36,12,-8.810892372607713,6
4589,25,35,104,21,-8.812648173680165,14
4590,39,69,16,43,-8.818344521722507,26
4591,76,28,63,19,-8.821395394022662,9
4592,77,18,63,12,-8.831772718752353,6
4593,87,15,32,10,-8.84415502943487,5
4594,54,28,75,17,-8.873875757761752,11
4595,114,30,28,18,-8.875783073761175,12
4596,91,26,87,17,-8.887112732676092,9
4597,107,23,58,15,-8.902379625468846,8
4598,53,14,27,10,-8.90629843674804,4
4599,57,17,70,9,-8.906737604649802,8
4600,114,18,95,11,-8.907938896760854,7
4601,107,15,89,10,-8.908975430626485,5
4602,8,32,109,19,-8.913990428825272,13
4603,91,10,11,7,-8.923724837318142,3
4604,84,14,104,8,-8.932998314387538,6
4605,31,12,73,8,-8.93891957013575,4
4606,80,13,11,8,-8.941133144462878,5
4607,41,18,20,11,-8.950378265153477,7
4608,68,17,69,10,-8.951691444155669,7
4609,31,35,53,21,-8.960751757551133,14
4610,32,11,28,7,-8.963821007682874,4
4611,74,19,102,12,-8.969831254032448,7
4612,38,11,53,7,-8.97404343606035,4
4613,18,37,13,23,-9.002579048973764,14
4614,36,15,5,9,-9.008614310253614,6
4615,50,40,75,27,-9.025452808659386,13
4616,112,10,58,6,-9.041979275484929,4
4617,9,13,25,9,-9.043540817668024,4
4618,41,25,87,16,-9.055565219146255,9
4619,31,29,9,19,-9.062189162756365,10
4620,12,11,114,6,-9.067821568235521,5
4621,98,15,20,10,-9.068391127675763,5
4622,87,16,29,11,-9.069488850517308,5
4623,8,34,95,21,-9.07920947405897,13
4624,51,11,48,6,-9.079697327016946,5
4625,36,11,57,8,-9.095843929172293,3
4626,84,41,63,25,-9.10313407107926,16
4627,17,18,104,11,-9.118260519592534,7
4628,5,43,50,26,-9.156049369840705,17
4629,30,12,27,7,-9.159316291712273,5
4630,50,23,76,16,-9.166359066955902,7
4631,39,23,84,15,-9.16696453296204,8
4632,40,15,92,10,-9.168940871834318,5
4633,102,15,40,9,-9.171373555966687,6
4634,49,15,41,9,-9.171912615870816,6
4635,88,30,15,21,-9.176202112652083,9
4636,40,17,73,11,-9.199997222971483,6
4637,40,12,2,8,-9.204153353273353,4
4638,57,17,11,10,-9.206442600524502,7
4639,4,15,27,9,-9.21491506769711,6
4640,20,34,50,22,-9.224303582705184,12
4641,37,15,64,10,-9.227089681457189,5
4642,107,31,2,20,-9.235597195463592,11
4643,76,10,15,6,-9.241288842836557,4
4644,50,29,60,17,-9.241321859956901,12
4645,92,11,51,6,-9.24383806692869,5
4646,68,11,112,7,-9.245241030969792,4
4647,66,13,65,9,-9.24629898792323,4
4648,81,23,86,16,-9.257929816451894,7
4649,53,10,89,6,-9.260052844451385,4
4650,12,17,53,10,-9.27312011933641,7
4651,93,13,75,8,-9.279825087560207,5
4652,44,19,20,12,-9.288834975662615,7
4653,29,21,65,12,-9.30426564017952,9
4654,55,13,2,8,-9.30651882359562,5
4655,107,12,110,8,-9.307853181235297,4
4656,8,34,75,23,-9.310281336500847,11
4657,70,17,50,10,-9.316243790355681,7
4658,18,11,69,7,-9.33554013481512,4
4659,76,22,16,12,-9.339094465816045,10
4660,96,46,16,32,-9.342765312407819,14
4661,48,10,98,7,-9.346073134818255,3
4662,50,12,23,9,-9.354699302165743,3
4663,88,34,39,22,-9.362823129745188,12
4664,45,13,35,7,-9.365578608940048,6
4665,39,17,76,12,-9.374915521858478,5
4666,61,16,53,11,-9.3827009036441,5
4667,3,10,84,6,-9.385748847208339,4
4668,56,15,86,10,-9.396795900031623,5
4669,76,37,86,24,-9.404159373470087,13
4670,7,28,37,17,-9.418137457368749,11
4671,74,14,83,8,-9.43011849323839,6
4672,92,14,64,7,-9.432471863302016,7
4673,53,12,78,7,-9.436495389192622,5
4674,63,11,32,7,-9.44232166344675,4
4675,66,17,107,11,-9.469730190602778,6
4676,43,17,75,12,-9.501415277619838,5
4677,99,22,37,15,-9.502759058160713,7
4678,2,13,114,8,-9.50915856241785,5
4679,80,14,90,10,-9.509239360264804,4
4680,25,32,20,21,-9.520523686179052,11
4681,4,11,30,7,-9.534850556328458,4
4682,97,24,13,15,-9.567486234498414,9
4683,43,14,100,8,-9.569290027183786,6
4684,109,11,30,7,-9.576510357445859,4
4685,69,15,58,9,-9.580148024352619,6
4686,53,13,8,9,-9.596286006275326,4
4687,68,23,25,15,-9.604572732889515,8
4688,8,14,99,8,-9.611065592860308,6
4689,9,16,76,11,-9.62150457184245,5
4690,109,17,70,11,-9.623350653501726,6
4691,60,43,64,29,-9.623458774306034,14
4692,63,17,100,10,-9.628829836647936,7
4693,68,17,28,12,-9.641827557045003,5
4694,114,31,8,21,-9.64882712969028,10
4695,7,49,75,32,-9.65410044274744,17
4696,63,16,111,10,-9.656549842780757,6
4697,71,12,100,8,-9.66068752031631,4
4698,80,12,31,9,-9.67448018295498,3
4699,87,19,100,11,-9.686243494464469,8
4700,13,14,58,10,-9.687344315616334,4
4701,109,23,63,14,-9.72382995808271,9
4702,39,19,100,12,-9.733162985159312,7
4703,84,27,20,19,-9.752482123804995,8
4704,57,24,8,16,-9.760841373483045,8
4705,70,14,30,8,-9.768945845713874,6
4706,112,16,64,11,-9.780452116585419,5
4707,83,24,37,15,-9.783726366978415,9
4708,93,10,62,6,-9.798162399200404,4
4709,39,14,90,9,-9.813134332006266,5
4710,75,25,104,16,-9.822163907084752,9
4711,104,15,36,9,-9.838970168079864,6
4712,63,16,30,10,-9.842696842263113,6
4713,91,34,63,23,-9.863803572303501,11
4714,12,13,23,8,-9.86670251876721,5
4715,3,15,53,10,-9.867983628330762,5
4716,18,17,50,10,-9.885091111762174,7
4717,3,14,25,9,-9.907996037168818,5
4718,2,10,95,7,-9.9203126299905,3
4719,86,15,47,10,-9.922697319770094,5
4720,88,18,73,12,-9.974203425238962,6
4721,9,14,17,9,-9.976727315177726,5
4722,109,14,93,9,-9.987067099161266,5
4723,65,25,95,16,-9.987438820754939,9
4724,18,14,11,9,-10.031989827572827,5
4725,29,12,70,7,-10.037060199943543,5
4726,16,14,34,9,-10.039039035180584,5
4727,88,15,77,10,-10.04400369134599,5
4728,57,12,54,9,-10.066024134547122,3
4729,28,10,110,6,-10.066740720619942,4
4730,106,12,79,8,-10.079963228120917,4
4731,3,23,40,16,-10.087421551229507,7
4732,74,11,89,7,-10.093150392265773,4
4733,83,15,107,10,-10.114574167697793,5
4734,36,36,53,25,-10.11473282468799,11
4735,102,20,50,12,-10.118106239071224,8
4736,35,10,8,7,-10.118762046100299,3
4737,15,20,8,12,-10.121581558030638,8
4738,70,14,46,9,-10.128652016947743,5
4739,109,10,92,7,-10.132066653367776,3
4740,65,44,114,28,-10.151241381752921,16
4741,102,14,76,9,-10.166991590900437,5
4742,69,11,40,8,-10.175676528085834,3
4743,104,13,89,8,-10.178686881843591,5
4744,39,19,23,12,-10.185354124124489,7
4745,37,41,97,27,-10.190687502541847,14
4746,33,13,71,9,-10.195530501937561,4
4747,2,15,98,9,-10.198603389321665,6
4748,37,36,11,24,-10.207174749413833,12
4749,9,31,16,21,-10.230243119676485,10
4750,107,26,57,17,-10.245745583810685,9
4751,25,43,7,29,-10.249875265637383,14
4752,106,16,67,10,-10.252161434234205,6
4753,99,12,77,9,-10.252199704478636,3
4754,104,12,34,8,-10.27427919250402,4
4755,35,11,97,8,-10.275101346884465,3
4756,84,10,71,7,-10.279461085413814,3
4757,78,13,40,10,-10.282455211399137,3
4758,51,14,15,9,-10.286699632762668,5
4759,39,21,74,13,-10.295229479000923,8
4760,17,13,41,9,-10.309292898735405,4
4761,55,19,20,12,-10.312518824176758,7
4762,1,13,37,8,-10.34216426905315,5
4763,63,17,1,10,-10.344681903521664,7
4764,69,24,16,15,-10.354994562223549,9
4765,79,24,86,16,-10.359095369944336,8
4766,81,13,104,7,-10.361322759461327,6
4767,1,23,16,17,-10.375674453583683,6
4768,93,16,106,10,-10.37915501513517,6
4769,3,10,41,8,-10.3840484566551,2
4770,7,11,110,6,-10.42257657923173,5
4771,9,14,95,8,-10.448151730885066,6
4772,62,10,49,7,-10.453994552700898,3
4773,31,10,6,6,-10.459894630543896,4
4774,31,17,43,8,-10.463118168786075,9
4775,77,12,23,8,-10.47207373365885,4
4776,102,19,107,12,-10.474471969151432,7
4777,18,41,16,28,-10.487903979595947,13
4778,107,11,67,8,-10.497709880226346,3
4779,102,13,75,9,-10.50135368794083,4
4780,37,14,89,8,-10.519274673853,6
4781,17,10,102,7,-10.521913643472296,3
4782,97,19,71,13,-10.523533962196899,6
4783,52,10,30,7,-10.532362440897717,3
4784,66,10,7,6,-10.534532214717434,4
4785,84,24,11,16,-10.56388232319587,8
4786,38,15,75,11,-10.597530026810052,4
4787,91,31,7,22,-10.60910028610159,9
4788,101,12,16,8,-10.62271769748288,4
4789,106,61,16,42,-10.640155923618929,19
4790,39,37,18,25,-10.640447164574823,12
4791,64,20,30,13,-10.642272986004782,7
4792,71,13,17,8,-10.64807522231264,5
4793,106,22,2,14,-10.65269372009429,8
4794,98,25,5,16,-10.662918685540621,9
4795,86,32,102,22,-10.668729155825625,10
4796,74,25,51,18,-10.704030149650722,7
4797,51,25,20,15,-10.704829023043493,10
4798,36,13,43,8,-10.713552025008546,5
4799,111,11,54,8,-10.714143810197228,3
4800,47,17,16,11,-10.715296222565826,6
4801,60,15,37,9,-10.721994289598655,6
4802,98,17,13,12,-10.744670761259275,5
4803,45,13,23,9,-10.763590899157698,4
4804,7,11,59,8,-10.771239818059199,3
4805,35,14,36,10,-10.78250796990051,4
4806,91,25,55,18,-10.791612827626562,7
4807,77,27,104,18,-10.795670361212089,9
4808,107,25,48,16,-10.827629447931269,9
4809,70,22,108,15,-10.841065136029917,7
4810,14,17,16,11,-10.870649232838183,6
4811,77,16,71,11,-10.872072685026803,5
4812,41,21,111,13,-10.875724405637953,8
4813,88,41,63,29,-10.892208716891064,12
4814,46,11,100,7,-10.904685887838546,4
4815,5,17,73,11,-10.90738305979487,6
4816,68,17,55,12,-10.910749157644128,5
4817,64,14,27,10,-10.925557497140751,4
4818,31,13,109,9,-10.93894527157734,4
4819,91,12,23,7,-10.949067409142138,5
4820,53,14,75,9,-10.9517157480987,5
4821,53,10,15,7,-10.9539479023651,3
4822,47,15,9,10,-10.968614103246171,5
4823,88,37,50,24,-10.986958086725291,13
4824,54,10,38,7,-10.990145608410517,3
4825,114,19,47,12,-11.00516792697436,7
4826,71,13,15,9,-11.00914391321026,4
4827,114,12,32,8,-11.045874107216177,4
4828,114,26,87,16,-11.046799663049542,10
4829,11,11,99,7,-11.04788337752713,4
4830,25,18,110,13,-11.063714709672924,5
4831,30,12,34,8,-11.074025628614608,4
4832,80,13,78,9,-11.09791576617006,4
4833,32,13,74,9,-11.101664191982367,4
4834,1,11,18,8,-11.165626164288787,3
4835,46,15,30,10,-11.187097177578686,5
4836,109,10,91,7,-11.192740070217315,3
4837,61,12,6,8,-11.200388242698184,4
4838,1,11,89,7,-11.20901106938993,4
4839,87,13,79,10,-11.211504341364096,3
4840,61,11,9,8,-11.21337363551932,3
4841,43,14,64,9,-11.21593403848164,5
4842,106,18,98,12,-11.217270403208776,6
4843,51,13,73,9,-11.219804453521853,4
4844,96,20,46,12,-11.223825219116964,8
4845,94,19,16,13,-11.236807003120544,6
4846,68,27,76,21,-11.237056803999655,6
4847,62,12,114,8,-11.242008485847647,4
4848,51,28,95,20,-11.244919045567018,8
4849,72,18,86,12,-11.245438259267335,6
4850,81,13,40,9,-11.249205674756395,4
4851,70,29,87,18,-11.250414739740132,11
4852,48,12,90,8,-11.252381363492235,4
4853,63,23,98,15,-11.26844326537147,8
4854,86,10,29,7,-11.288307199014056,3
4855,96,23,7,17,-11.288312427978337,6
4856,5,10,80,7,-11.295210617596885,3
4857,79,10,80,6,-11.30670069299901,4
4858,96,23,48,16,-11.323041657346815,7
4859,88,38,53,26,-11.330524755184722,12
4860,51,20,77,13,-11.333764666726038,7
4861,60,10,84,8,-11.347879767103896,2
4862,28,15,69,9,-11.351855367268074,6
4863,28,43,63,30,-11.360458090424714,13
4864,29,13,60,8,-11.371173035745986,5
4865,27,14,37,10,-11.378309035824225,4
4866,53,15,43,11,-11.385837645609968,4
4867,52,13,28,8,-11.390219996371501,5
4868,38,11,4,8,-11.395009854616482,3
4869,96,10,41,8,-11.395654048565303,2
4870,35,23,76,15,-11.39691854534874,8
4871,95,10,29,7,-11.401888238693147,3
4872,81,13,47,9,-11.417300592609504,4
4873,106,39,114,26,-11.417874917507989,13
4874,104,17,64,12,-11.423286049235614,5
4875,88,10,98,7,-11.438021992981458,3
4876,28,12,41,8,-11.455962851607183,4
4877,39,14,109,11,-11.474627980391471,3
4878,55,10,6,8,-11.480199964282331,2
4879,91,10,69,6,-11.501202941557144,4
4880,54,44,37,30,-11.514339123049963,14
4881,9,22,64,16,-11.52528235286109,6
4882,94,12,86,8,-11.544074142973756,4
4883,76,15,74,9,-11.544600382799558,6
4884,9,29,87,18,-11.545859379034644,11
4885,15,10,49,7,-11.54727068179138,3
4886,71,10,111,7,-11.563837134119527,3
4887,50,15,33,10,-11.568332857311571,5
4888,103,11,55,8,-11.639657223031874,3
4889,8,14,34,9,-11.662395965359966,5
4890,108,10,76,7,-11.689376602430276,3
4891,46,12,53,8,-11.691208139074996,4
4892,96,13,91,9,-11.692854193124042,4
4893,20,10,18,7,-11.717773552789355,3
4894,48,10,34,7,-11.721604635677128,3
4895,1,37,55,26,-11.769033555767942,11
4896,71,19,104,12,-11.784281392964676,7
4897,40,21,8,15,-11.791921402372775,6
4898,10,12,107,8,-11.793904653306292,4
4899,87,23,48,16,-11.827762552608771,7
4900,31,10,33,6,-11.850735149227052,4
4901,104,18,90,12,-11.89837391797068,6
4902,11,13,93,10,-11.901577910299338,3
4903,106,23,46,14,-11.922619928802636,9
4904,86,15,92,10,-11.933731151246336,5
4905,18,27,95,18,-11.951490678023534,9
4906,54,17,36,11,-11.992225375996666,6
4907,31,67,13,45,-11.998821828703203,22
4908,27,10,49,7,-12.01055997009829,3
4909,36,18,63,12,-12.028301692206846,6
4910,53,20,41,14,-12.033617238867736,6
4911,88,16,100,11,-12.053435860435954,5
4912,29,16,88,11,-12.083806084198887,5
4913,39,10,108,6,-12.09250223813515,4
4914,31,21,1,13,-12.094663220680305,8
4915,54,21,100,14,-12.101272575720131,7
4916,51,31,100,18,-12.118913026816555,13
4917,96,27,98,18,-12.125771968912133,9
4918,63,12,92,7,-12.136993324985582,5
4919,18,16,30,11,-12.140508052621858,5
4920,13,13,80,8,-12.146905118225316,5
4921,70,22,2,14,-12.153236389251056,8
4922,3,11,81,8,-12.155160092526978,3
4923,106,11,78,8,-12.21024325274275,3
4924,28,32,74,22,-12.21103450586095,10
4925,70,21,11,15,-12.225051268467027,6
4926,39,23,91,16,-12.232573714352018,7
4927,35,10,87,6,-12.264853365777979,4
4928,35,23,107,17,-12.292793992800659,6
4929,51,13,111,9,-12.302448210462586,4
4930,54,16,1,11,-12.335046149547109,5
4931,13,10,19,7,-12.3410051940306,3
4932,12,11,75,7,-12.349857549218326,4
4933,33,13,87,9,-12.350753088118475,4
4934,97,12,67,9,-12.35346782744064,3
4935,28,18,34,13,-12.414056941476709,5
4936,50,17,36,10,-12.423703215189779,7
4937,60,16,17,11,-12.448164416078782,5
4938,76,16,7,10,-12.499410024486462,6
4939,33,13,63,9,-12.504557453048943,4
4940,35,11,104,7,-12.510382448223586,4
4941,5,27,75,17,-12.535083552437035,10
4942,5,27,57,19,-12.572003913811173,8
4943,63,34,80,24,-12.572385685987724,10
4944,107,35,30,24,-12.615750975233393,11
4945,5,14,48,10,-12.657719903594751,4
4946,32,15,16,10,-12.66414301987214,5
4947,87,24,98,17,-12.694500945202563,7
4948,18,19,15,14,-12.69776862546919,5
4949,88,16,111,12,-12.710530076381987,4
4950,36,16,8,11,-12.721597845881664,5
4951,49,10,76,7,-12.730664919589284,3
4952,36,10,95,7,-12.746346244298937,3
4953,81,12,54,8,-12.757047966098474,4
4954,79,12,7,8,-12.757947284045494,4
4955,27,20,104,15,-12.796343894614779,5
4956,39,28,30,19,-12.799883930256145,9
4957,104,20,49,14,-12.812277987885736,6
4958,63,12,81,8,-12.812847865042881,4
4959,65,20,2,15,-12.841827331353704,5
4960,109,19,27,12,-12.854514856980064,7
4961,75,12,98,8,-12.900340980932176,4
4962,17,22,40,16,-12.90898046932079,6
4963,112,11,100,7,-12.914695166101952,4
4964,92,13,41,9,-12.929503950347238,4
4965,39,13,44,9,-12.955209040520206,4
4966,114,12,27,8,-13.009570993376595,4
4967,65,29,27,20,-13.035250514579241,9
4968,39,12,58,9,-13.038608389876652,3
4969,36,26,27,17,-13.042063327238697,9
4970,46,38,104,26,-13.083570903140272,12
4971,90,15,20,10,-13.08396173697106,5
4972,88,62,13,44,-13.09885582141701,18
4973,38,12,71,9,-13.11375866950239,3
4974,70,10,83,6,-13.118339150755117,4
4975,112,13,51,9,-13.12503322058542,4
4976,77,15,53,10,-13.125923769197522,5
4977,37,28,95,21,-13.149042342745602,7
4978,88,17,102,13,-13.153141792955822,4
4979,54,26,48,18,-13.218100464174018,8
4980,60,25,27,19,-13.218976933527705,6
4981,46,16,50,10,-13.220197801431315,6
4982,60,13,108,9,-13.225499906177387,4
4983,41,16,8,12,-13.244566662838952,4
4984,88,36,95,25,-13.24512473637818,11
4985,96,39,11,27,-13.252582377716239,12
4986,11,23,95,17,-13.263288005084238,6
4987,88,15,80,10,-13.263947598977516,5
4988,5,31,102,21,-13.269431869962297,10
4989,99,12,7,8,-13.274517260788413,4
4990,77,12,49,9,-13.281163183221418,3
4991,106,19,64,13,-13.295192075566398,6
4992,54,22,30,16,-13.323976347634606,6
4993,31,24,63,17,-13.32790492604832,7
4994,51,16,78,10,-13.34129187031167,6
4995,83,18,16,13,-13.35123547721314,5
4996,20,11,34,8,-13.36206244645375,3
4997,32,11,55,7,-13.36363963009391,4
4998,86,15,26,11,-13.377068508342036,4
4999,62,18,74,13,-13.411803700884379,5
5000,32,12,25,7,-13.427877456338663,5
5001,55,17,102,12,-13.448934349992442,5
5002,90,10,93,7,-13.452391800759145,3
5003,46,11,98,7,-13.482621473195687,4
5004,70,10,34,7,-13.500624883981926,3
5005,103,11,74,8,-13.53565105452587,3
5006,94,15,81,9,-13.59005711274676,6
5007,36,10,78,7,-13.654062957323884,3
5008,46,12,93,9,-13.65474091099076,3
5009,97,10,39,7,-13.662889543825607,3
5010,44,14,104,10,-13.703910249073422,4
5011,52,12,87,8,-13.717025989199323,4
5012,58,11,54,7,-13.723463958291577,4
5013,39,13,80,9,-13.744061353836228,4
5014,60,22,47,16,-13.763300022789736,6
5015,36,10,109,8,-13.766188846349216,2
5016,112,11,97,9,-13.794615799527321,2
5017,9,12,43,8,-13.800780824161127,4
5018,38,14,39,10,-13.813159923208769,4
5019,83,13,11,10,-13.863860744018641,3
5020,54,16,2,12,-13.913344645570438,4
5021,83,11,23,8,-13.9232349355535,3
5022,71,24,40,17,-13.948125771645659,7
5023,83,18,114,13,-13.959074384580722,5
5024,63,14,57,9,-14.005769262322856,5
5025,85,10,106,7,-14.038531848848221,3
5026,77,29,40,21,-14.048771071022598,8
5027,71,10,91,7,-14.063234581200414,3
5028,4,15,43,10,-14.167328640823259,5
5029,54,18,71,12,-14.18324547541803,6
5030,66,11,63,8,-14.209916362631542,3
5031,3,15,63,12,-14.214476537994559,3
5032,60,28,91,19,-14.21948701708733,9
5033,60,21,74,14,-14.268042080973927,7
5034,11,11,30,8,-14.299516136130784,3
5035,37,12,34,9,-14.300571264435137,3
5036,102,11,46,8,-14.307494713152051,3
5037,50,18,80,14,-14.309192739594003,4
5038,83,10,40,8,-14.347262135245904,2
5039,14,11,80,7,-14.435345395194508,4
5040,5,12,44,9,-14.447481002517355,3
5041,2,10,73,7,-14.457830254043136,3
5042,25,12,34,9,-14.468789684868275,3
5043,51,18,45,13,-14.493324057948728,5
5044,103,13,86,9,-14.510211792841785,4
5045,2,12,13,8,-14.516038794033763,4
5046,37,12,73,8,-14.533349572792924,4
5047,7,14,61,9,-14.55135960445302,5
5048,99,12,50,8,-14.581629542155014,4
5049,55,11,15,9,-14.630800697849656,2
5050,97,11,14,9,-14.634263785488013,2
5051,31,42,16,30,-14.686484334749888,12
5052,107,12,56,8,-14.703414597955637,4
5053,102,10,90,6,-14.739148726840858,4
5054,106,14,32,11,-14.741977351969277,3
5055,12,13,41,9,-14.762209694092626,4
5056,37,12,18,9,-14.803594606441187,3
5057,9,21,41,15,-14.805256847596034,6
5058,85,11,55,8,-14.836765173492132,3
5059,91,17,30,13,-14.854653528597783,4
5060,108,10,8,8,-14.88327570809189,2
5061,60,13,76,11,-14.892670155328526,2
5062,104,16,9,11,-14.915937256999365,5
5063,17,21,95,16,-14.970865650802967,5
5064,75,10,45,8,-15.003649946946844,2
5065,99,18,25,13,-15.014737107768294,5
5066,31,14,69,9,-15.039257334356934,5
5067,9,12,48,9,-15.097519161061683,3
5068,35,11,27,8,-15.129282720135883,3
5069,112,11,60,8,-15.186272615420865,3
5070,68,15,61,11,-15.24709195978541,4
5071,65,11,91,8,-15.248119768267998,3
5072,60,19,49,14,-15.34016466894574,5
5073,99,18,107,13,-15.347683777553833,5
5074,71,10,11,7,-15.386871545741162,3
5075,25,14,49,10,-15.43786379260084,4
5076,107,25,73,17,-15.460672720698524,8
5077,60,13,100,10,-15.468043250681323,3
5078,2,18,104,12,-15.50344370749933,6
5079,52,16,86,12,-15.506556487763948,4
5080,106,10,89,6,-15.508251121091035,4
5081,14,11,25,9,-15.536643242754739,2
5082,31,12,104,8,-15.561592201078605,4
5083,5,20,23,15,-15.563915929412014,5
5084,77,26,7,19,-15.579334977261833,7
5085,97,13,90,9,-15.62188808576594,4
5086,68,19,95,16,-15.650860272181013,3
5087,1,13,8,10,-15.702434313684371,3
5088,80,13,75,10,-15.71805205236554,3
5089,35,12,80,9,-15.72406211872363,3
5090,96,16,93,12,-15.73319462766121,4
5091,35,10,75,8,-15.755761764469415,2
5092,63,17,62,12,-15.764032245306241,5
5093,25,10,48,7,-15.782340463377466,3
5094,37,10,15,8,-15.78269510258246,2
5095,19,14,7,11,-15.791436877857706,3
5096,77,16,8,12,-15.792942369486319,4
5097,70,10,48,7,-15.796496446665468,3
5098,39,18,99,14,-15.84878961626863,4
5099,91,11,76,9,-15.872477419459234,2
5100,70,13,80,11,-15.90133341789594,2
5101,63,13,14,9,-15.961958621197994,4
5102,106,13,33,10,-16.002155435620438,3
5103,31,16,98,11,-16.004000710168857,5
5104,5,18,41,12,-16.050377082501456,6
5105,77,13,37,9,-16.05875315967213,4
5106,112,15,28,11,-16.113496626946453,4
5107,104,11,1,8,-16.170926123279344,3
5108,45,13,4,9,-16.22176504033788,4
5109,58,18,65,13,-16.230092308358206,5
5110,13,22,30,15,-16.24126600025946,7
5111,69,21,53,15,-16.247322250303586,6
5112,15,10,47,7,-16.295058176377424,3
5113,71,14,95,9,-16.392856882688644,5
5114,25,25,11,20,-16.429746187224737,5
5115,55,15,14,12,-16.464885141480416,3
5116,79,12,104,8,-16.610032165830475,4
5117,36,10,101,8,-16.627946704419497,2
5118,81,18,51,12,-16.647079101645446,6
5119,41,12,30,8,-16.67014747818193,4
5120,19,10,87,7,-16.682250206717093,3
5121,68,13,50,9,-16.739560938672483,4
5122,69,18,75,14,-16.793123670141163,4
5123,76,10,1,7,-16.815372977495876,3
5124,30,14,95,10,-16.836817117204564,4
5125,97,14,38,11,-16.838290194315167,3
5126,31,13,106,9,-16.865391075834467,4
5127,38,13,104,9,-16.9326658218169,4
5128,31,10,38,6,-16.97274158238424,4
5129,50,16,77,13,-16.97319460562341,3
5130,87,12,34,9,-16.98781036825935,3
5131,50,18,53,13,-17.001925465006995,5
5132,109,25,114,20,-17.09393681935433,5
5133,10,13,51,10,-17.100960272868033,3
5134,69,14,49,10,-17.144708838601282,4
5135,5,22,27,16,-17.186967099907662,6
5136,35,12,63,9,-17.190706154289504,3
5137,68,13,100,9,-17.287141142351707,4
5138,106,10,35,7,-17.319051156851785,3
5139,43,10,45,7,-17.339723268429022,3
5140,39,21,15,17,-17.421560463107667,4
5141,43,14,55,12,-17.432353674324194,2
5142,18,14,23,10,-17.468338798211544,4
5143,67,10,16,8,-17.493350405648194,2
5144,83,11,110,9,-17.575104905290946,2
5145,28,27,90,21,-17.5763540242808,6
5146,83,19,13,15,-17.652916390105926,4
5147,3,11,5,7,-17.694163901939547,4
5148,69,14,30,10,-17.76525861498344,4
5149,5,18,30,15,-17.81053305502534,3
5150,88,17,32,13,-17.824594134673823,4
5151,114,11,111,8,-17.846918134233796,3
5152,81,14,87,9,-17.895986818118363,5
5153,57,11,69,9,-17.903713317642495,2
5154,68,12,58,9,-17.99999433156734,3
5155,39,13,57,10,-18.062506128680255,3
5156,71,16,41,13,-18.08946308130621,3
5157,31,15,30,10,-18.11699342281865,5
5158,31,10,62,7,-18.377852941958047,3
5159,103,10,109,7,-18.37872283171988,3
5160,77,14,30,11,-18.43097958565835,3
5161,18,10,5,8,-18.464269170029826,2
5162,81,10,49,7,-18.50486725942154,3
5163,33,14,65,11,-18.512762180418843,3
5164,77,15,16,12,-18.527051782521912,3
5165,112,10,39,7,-18.554933521001775,3
5166,12,10,27,8,-18.745339188817162,2
5167,28,17,99,13,-18.754584808369174,4
5168,11,10,2,8,-18.92308479788875,2
5169,4,13,98,11,-18.936498509144613,2
5170,18,14,99,11,-19.290873438644514,3
5171,54,13,4,11,-19.41862990664952,2
5172,68,10,90,8,-19.75244962865367,2
5173,32,12,95,10,-19.760326388824467,2
5174,9,28,53,22,-19.93974090037054,6
5175,75,11,111,8,-20.026411874817093,3
5176,3,13,75,11,-20.269434346658137,2
5177,91,12,43,10,-20.29321965959792,2
5178,112,11,20,9,-20.521376649795286,2
5179,79,10,30,8,-20.824119521738712,2
5180,38,11,55,9,-20.87506721402826,2
5181,33,17,55,14,-21.027735426652754,3
5182,84,10,7,8,-21.17364400986741,2
5183,51,17,90,15,-21.316832661511143,2
5184,91,16,104,15,-21.31971827875211,1
5185,4,13,25,11,-21.42004260246313,2
5186,97,10,34,8,-21.449947297008155,2
5187,58,15,86,12,-21.50384076763655,3
5188,17,13,23,11,-21.598646004163673,2
5189,51,11,34,9,-22.213174768846976,2
5190,97,11,91,9,-22.276396914355814,2
5191,8,10,4,9,-22.405576197695062,1
5192,65,24,100,21,-22.619531397644256,3
5193,9,13,15,10,-22.928409220421134,3
5194,28,10,10,9,-23.03135332069283,1
5195,9,21,27,17,-23.072306521845082,4
5196,51,14,2,11,-23.23632490446861,3
5197,36,16,30,15,-23.268115042542735,1
5198,55,10,44,8,-23.361076236430034,2
5199,112,12,71,10,-23.507799276651657,2
5200,69,10,27,8,-23.704204091949634,2
5201,97,12,73,9,-24.10757303293757,3
5202,107,10,19,10,-24.226623453768692,0
5203,112,10,49,9,-24.460078908180627,1
5204,35,10,48,9,-25.15519793083891,1
5205,4,14,41,10,-25.49518204204923,4
5206,77,15,75,13,-25.509874365270075,2
5207,23,11,90,10,-28.300961743533676,1
