,againstHero,games,hero,losses,shift,wins
0,112,10,102,1,30.406521473655896,9
1,44,11,37,0,29.883498899257123,11
2,90,13,23,1,28.3624814299098,12
3,75,17,77,2,26.826580833678786,15
4,26,12,57,2,24.80508950345583,10
5,75,16,3,2,24.194103806582213,14
6,73,12,97,3,24.10757303293757,9
7,34,11,97,2,24.058676404388496,9
8,112,11,57,2,24.035129593266095,9
9,27,11,69,2,23.96512545131146,9
10,12,11,109,1,23.647352995961203,10
11,15,10,31,2,23.609989871480266,8
12,4,11,8,1,23.177905083651492,10
13,80,14,112,3,22.742433885358178,11
14,29,12,57,2,22.398372618819636,10
15,91,12,97,2,22.175648770183788,10
16,62,12,31,3,21.79094106777599,9
17,100,17,68,4,21.727189905119374,13
18,41,15,4,5,21.480590173913868,10
19,25,13,4,2,21.42004260246313,11
20,90,20,51,3,21.39328709298296,17
21,2,16,51,4,21.322170492802822,12
22,104,16,91,1,21.319718278752113,15
23,112,13,10,3,21.23417972341476,10
24,110,10,43,2,21.055981543018305,8
25,19,17,107,2,20.876892056619624,15
26,55,11,38,2,20.87506721402826,9
27,90,11,68,2,20.787956198015944,9
28,48,11,35,2,20.438098241934792,9
29,64,10,5,2,20.375787318305825,8
30,51,15,10,3,20.332726180509006,12
31,7,11,84,2,20.072751797902637,9
32,85,11,94,2,19.99391792955888,9
33,103,15,68,3,19.83390437894452,12
34,95,12,32,2,19.760326388824463,10
35,94,12,57,3,19.62329924153807,9
36,101,10,51,2,19.538804927619935,8
37,27,25,9,6,19.431548104449664,19
38,103,13,17,2,19.390050708184678,11
39,86,19,58,4,19.384187711945845,15
40,30,19,36,2,19.30529767168729,17
41,114,10,108,3,19.30451384791422,7
42,99,14,18,3,19.290873438644514,11
43,4,16,54,2,19.2440876038421,14
44,17,10,79,2,19.14895530451652,8
45,100,10,2,3,19.14350422886928,7
46,92,10,106,2,19.041690772468705,8
47,98,13,4,2,18.936498509144613,11
48,2,10,11,2,18.923084797888755,8
49,55,11,47,3,18.857554518412744,8
50,100,10,77,2,18.78580739314227,8
51,99,17,28,4,18.754584808369174,13
52,16,19,77,4,18.736127046783515,15
53,50,15,68,4,18.68712791744929,11
54,34,13,57,3,18.630835458538126,10
55,45,11,43,3,18.574891926068155,8
56,106,15,31,4,18.52908676481624,11
57,65,14,33,3,18.51276218041885,11
58,49,10,18,2,18.47715007090462,8
59,48,15,9,3,18.472872872736897,12
60,49,14,81,4,18.46786281015852,10
61,5,10,18,2,18.464269170029823,8
62,109,10,103,3,18.37872283171988,7
63,79,11,57,3,18.14640267745942,8
64,90,28,28,6,18.060877876686437,22
65,78,22,112,5,18.00765085252849,17
66,55,18,33,4,17.969879843551904,14
67,95,21,68,3,17.962668451083438,18
68,55,16,43,2,17.887669395914717,14
69,13,11,22,2,17.88490511828995,9
70,111,11,114,3,17.846918134233796,8
71,32,17,88,4,17.82459413467382,13
72,69,10,8,2,17.824588271872045,8
73,30,18,5,3,17.81053305502534,15
74,44,12,55,3,17.77184716319356,9
75,112,32,68,7,17.735336321116534,25
76,5,11,3,4,17.694163901939547,7
77,110,11,83,2,17.575104905290946,9
78,100,10,81,3,17.52861472902478,7
79,23,14,18,4,17.468338798211544,10
80,55,11,19,3,17.435802328445057,8
81,30,13,3,2,17.37539590299365,11
82,45,10,39,3,17.32115834390289,7
83,35,10,106,3,17.319051156851785,7
84,48,10,3,3,17.214556941173633,7
85,63,12,35,3,17.190706154289504,9
86,27,22,5,6,17.18696709990766,16
87,41,28,9,7,17.159883472781484,21
88,60,12,20,3,17.12579419517071,9
89,60,11,2,3,17.11684300008854,8
90,80,17,13,5,17.063751983939074,12
91,18,14,1,3,17.058153705270225,11
92,48,11,70,3,17.04295857723929,8
93,100,31,65,6,17.003977982643583,25
94,43,11,46,3,16.991693442801246,8
95,77,16,50,3,16.97319460562341,13
96,38,10,31,4,16.97274158238424,6
97,20,19,112,4,16.964936240764274,15
98,13,12,10,3,16.892767460419815,9
99,38,14,97,3,16.838290194315167,11
100,95,14,30,4,16.836817117204568,10
101,1,10,76,3,16.815372977495876,7
102,95,15,71,5,16.72675418994599,10
103,30,12,41,4,16.67014747818193,8
104,101,10,36,2,16.6279467044195,8
105,80,17,88,5,16.47753804603461,12
106,14,15,55,3,16.464885141480416,12
107,15,14,109,3,16.44720740462248,11
108,11,25,25,5,16.429746187224733,20
109,61,16,7,5,16.42696802044795,11
110,30,12,79,3,16.40518046559389,9
111,53,21,69,6,16.247322250303586,15
112,76,10,79,2,16.246721403642802,8
113,43,10,102,3,16.154622115934178,7
114,23,12,83,3,16.123810814063006,9
115,71,15,112,4,16.116875921028473,11
116,8,20,77,5,16.11157045463716,15
117,15,24,9,8,16.097463611966127,16
118,41,18,5,6,16.05037708250146,12
119,51,10,19,2,15.984440942521672,8
120,14,13,63,4,15.961958621197992,9
121,80,13,70,2,15.901333417895936,11
122,53,30,9,8,15.894615033798411,22
123,43,12,28,4,15.894105628705272,8
124,30,26,13,8,15.883892019395324,18
125,76,11,91,2,15.872477419459232,9
126,41,15,12,4,15.852631956602023,11
127,99,18,39,4,15.84878961626863,14
128,16,45,31,12,15.837412153743443,33
129,95,22,17,5,15.80262158037718,17
130,75,12,12,4,15.785867542761377,8
131,15,10,37,2,15.78269510258246,8
132,75,10,35,2,15.755761764469415,8
133,7,20,57,7,15.746440629237663,13
134,30,14,43,3,15.738372858595184,11
135,93,16,96,4,15.733194627661211,12
136,37,14,77,4,15.73169378416834,10
137,80,12,35,3,15.72406211872363,9
138,75,13,80,3,15.718052052365534,10
139,8,13,1,3,15.702434313684373,10
140,78,11,43,3,15.699752571068752,8
141,15,23,51,7,15.696340054221967,16
142,15,11,63,3,15.683342037196233,8
143,87,13,35,4,15.683184050777024,9
144,65,23,58,7,15.653154983328356,16
145,87,10,38,3,15.648595936017909,7
146,90,13,97,4,15.621888085765939,9
147,106,11,85,3,15.60573196351404,8
148,4,14,45,4,15.600891470448106,10
149,23,20,5,5,15.563915929412016,15
150,104,12,31,4,15.561592201078605,8
151,25,11,14,2,15.536643242754739,9
152,37,11,10,4,15.516949569025604,7
153,89,10,106,4,15.508251121091039,6
154,104,18,2,6,15.503443707499333,12
155,69,15,31,5,15.502962092044205,10
156,112,22,84,6,15.486639525748984,16
157,73,25,107,8,15.460672720698525,17
158,49,14,25,4,15.43786379260084,10
159,98,12,46,4,15.381140721878971,8
160,84,27,3,9,15.37291614514667,18
161,18,13,37,3,15.368965567811566,10
162,61,15,68,4,15.24709195978541,11
163,100,13,11,4,15.179784599525844,9
164,41,17,71,4,15.16238863659133,13
165,30,13,94,4,15.134946215773814,9
166,100,11,40,3,15.132226669532844,8
167,100,13,57,4,15.130206116996984,9
168,34,11,70,3,15.101320383881482,8
169,111,10,69,3,15.0816233253005,7
170,81,17,94,6,15.053941840602283,11
171,25,18,99,5,15.014737107768298,13
172,45,10,75,2,15.003649946946844,8
173,98,11,77,3,14.971497492381289,8
174,55,10,112,2,14.907032679929213,8
175,8,10,108,2,14.883275708091887,8
176,110,12,28,4,14.860268273313302,8
177,29,15,68,4,14.842517688016263,11
178,34,11,80,2,14.83036003753827,9
179,51,24,81,8,14.806900687075016,16
180,75,36,54,11,14.806584486593527,25
181,57,10,2,3,14.75670329182861,7
182,32,14,106,3,14.741977351969275,11
183,27,21,109,7,14.741810222555548,14
184,100,10,31,3,14.730848989291463,7
185,114,19,83,5,14.712530964906872,14
186,9,10,94,4,14.704426445452436,6
187,69,13,18,4,14.69589661715718,9
188,104,14,79,5,14.675854986425783,9
189,3,10,35,3,14.67345115895829,7
190,94,14,51,4,14.642632531518043,10
191,14,11,97,2,14.634263785488013,9
192,88,22,29,6,14.584788845308772,16
193,50,12,99,4,14.581629542155014,8
194,74,19,62,5,14.57027413820892,14
195,108,11,9,4,14.533752266696009,7
196,73,12,37,4,14.533349572792922,8
197,13,12,2,4,14.516038794033767,8
198,111,10,27,2,14.504025956772896,8
199,45,18,51,5,14.493324057948724,13
200,34,12,25,3,14.468789684868277,9
201,27,13,78,2,14.45913929654816,11
202,73,10,2,3,14.457830254043136,7
203,44,12,5,3,14.447481002517355,9
204,97,13,35,3,14.444551731599502,10
205,80,11,14,4,14.435345395194508,7
206,108,26,70,7,14.42739364927628,19
207,40,10,83,2,14.347262135245902,8
208,7,27,77,8,14.33556677589385,19
209,80,37,63,10,14.322048676220186,27
210,49,18,69,6,14.3183681466222,12
211,108,10,112,3,14.316449946299116,7
212,31,12,57,4,14.310689026630849,8
213,47,15,112,5,14.309777431810545,10
214,80,18,50,4,14.309192739594003,14
215,46,11,102,3,14.30749471315205,8
216,34,14,87,4,14.302419820319217,10
217,34,12,37,3,14.30057126443514,9
218,58,21,69,7,14.230642620976038,14
219,20,15,3,4,14.188922367828338,11
220,41,11,80,3,14.18671629223256,8
221,49,13,112,4,14.107588631583395,9
222,62,12,57,3,14.067895538486148,9
223,40,29,77,8,14.048771071022596,21
224,69,11,91,4,13.993001551531528,7
225,111,12,75,4,13.972281809419963,8
226,40,24,71,7,13.948125771645659,17
227,91,11,109,3,13.946188604720339,8
228,75,19,69,5,13.942304484906579,14
229,37,11,112,3,13.937736127059294,8
230,34,14,68,4,13.903096130211466,10
231,54,17,76,5,13.892444764564262,12
232,53,19,50,6,13.883151416746285,13
233,30,14,11,4,13.879105080719237,10
234,34,21,8,6,13.81699567409245,15
235,98,17,31,6,13.805084918983171,11
236,13,74,31,23,13.800549608099516,51
237,15,12,76,4,13.798152225410016,8
238,97,11,112,2,13.794615799527321,9
239,29,19,19,5,13.763139378833097,14
240,97,10,27,4,13.735152835550483,6
241,30,18,69,6,13.733696768023911,12
242,63,14,33,4,13.733555706081617,10
243,63,25,31,7,13.714594813504092,18
244,63,22,3,5,13.713969327820672,17
245,104,14,44,4,13.703910249073422,10
246,92,16,86,5,13.67676060817369,11
247,76,10,78,2,13.671397205033486,8
248,93,12,46,3,13.65474091099076,9
249,38,10,3,3,13.612373842695769,7
250,15,10,74,3,13.569326307429137,7
251,104,16,38,5,13.554415509755097,11
252,49,21,104,6,13.546207868188585,15
253,64,18,104,5,13.54129056151704,13
254,74,11,103,3,13.53565105452587,8
255,7,11,66,4,13.514093541012448,7
256,26,24,86,6,13.454427406615018,18
257,102,17,55,5,13.448934349992445,12
258,36,15,35,4,13.440272285829963,11
259,23,15,45,4,13.436468047997268,11
260,25,12,32,5,13.427877456338663,7
261,75,15,53,5,13.423496737137006,10
262,91,11,112,3,13.423237527272482,8
263,104,12,35,4,13.369677424437178,8
264,55,11,32,4,13.36363963009391,7
265,78,29,51,11,13.359227652506744,18
266,16,18,83,5,13.351235477213141,13
267,87,28,114,10,13.329695440899371,18
268,18,12,46,3,13.322032493347338,9
269,47,16,18,4,13.317575135316673,12
270,78,11,47,4,13.31383796511697,7
271,50,17,46,6,13.310329365776974,11
272,64,19,106,6,13.295192075566398,13
273,7,12,99,4,13.274517260788409,8
274,102,31,5,10,13.269431869962297,21
275,95,23,11,6,13.26328800508424,17
276,11,39,96,12,13.25258237771624,27
277,95,36,88,11,13.24512473637818,25
278,8,16,41,4,13.244566662838952,12
279,36,18,54,6,13.217744798273172,12
280,11,22,70,6,13.174919150937761,16
281,95,28,37,7,13.149042342745604,21
282,83,10,70,4,13.118339150755117,6
283,98,12,88,3,13.09482237083463,9
284,114,13,12,5,13.087005723325442,8
285,84,11,108,3,13.07106461175519,8
286,28,21,112,6,13.067763256870427,15
287,16,33,94,9,13.055266120999486,24
288,43,15,91,4,13.046946068237395,11
289,80,11,30,3,13.03236389442298,8
290,30,18,77,5,12.982342846447986,13
291,91,29,60,10,12.952631394075715,19
292,34,14,51,4,12.934608487352977,10
293,41,13,84,4,12.931428566792913,9
294,20,20,9,6,12.923964780165193,14
295,18,10,19,3,12.906348402552078,7
296,98,12,75,4,12.900340980932176,8
297,34,10,49,3,12.890039581771168,7
298,2,21,65,5,12.890027578518202,16
299,63,11,19,3,12.824791428015688,8
300,100,11,78,3,12.80126555342128,8
301,54,12,81,4,12.757047966098476,8
302,95,10,36,3,12.746346244298937,7
303,114,27,109,7,12.737377288037612,20
304,33,14,106,4,12.736963404825662,10
305,46,24,106,9,12.725492516069492,15
306,111,16,88,4,12.710530076381987,12
307,48,14,5,4,12.657719903594751,10
308,30,18,63,6,12.599148649844985,12
309,58,15,39,4,12.586107695941518,11
310,57,27,5,8,12.572003913811171,19
311,98,27,87,8,12.540784384215351,19
312,54,14,58,5,12.535089602873327,9
313,75,27,5,10,12.535083552437033,17
314,55,12,103,3,12.517980336309982,9
315,80,10,49,4,12.50914199523895,6
316,36,17,50,7,12.423703215189779,10
317,79,17,87,4,12.368409888374778,13
318,104,39,46,13,12.353574327141933,26
319,67,12,97,3,12.35346782744064,9
320,34,13,104,4,12.352990002767113,9
321,78,10,20,3,12.337947782230119,7
322,78,11,114,4,12.319932318545474,7
323,47,24,60,7,12.306617941323184,17
324,98,29,96,9,12.301665445316493,20
325,58,12,112,4,12.274503829909492,8
326,39,16,85,6,12.259649528892556,10
327,32,10,39,3,12.25900875776762,7
328,71,11,84,3,12.255989147154674,8
329,48,27,54,9,12.230401373927076,18
330,74,22,60,8,12.230302476711508,14
331,75,19,43,5,12.224767647713705,14
332,43,14,9,5,12.224469441855378,9
333,78,11,106,3,12.210243252742755,8
334,7,18,76,7,12.19661731578168,11
335,109,18,39,5,12.189314131019263,13
336,107,21,99,7,12.174640608684571,14
337,77,24,51,9,12.161499329151763,15
338,2,22,70,8,12.153236389251056,14
339,19,11,31,3,12.140248760143196,8
340,92,12,63,5,12.136993324985582,7
341,1,12,12,4,12.121434397869615,8
342,104,22,27,6,12.118014964478201,16
343,60,23,112,7,12.10922209330929,16
344,8,11,35,3,12.093356369533685,8
345,34,14,20,4,12.080633416209027,10
346,30,18,91,5,12.061464887561753,13
347,1,18,63,7,12.054495717242014,11
348,1,12,104,4,12.020108292717422,8
349,109,11,98,3,11.980585816049416,8
350,37,16,60,6,11.9668638856867,10
351,50,11,72,3,11.966306538639385,8
352,104,14,81,6,11.956844186421009,8
353,53,10,54,3,11.951994898142782,7
354,95,27,18,9,11.951490678023532,18
355,114,46,65,16,11.938229846486395,30
356,109,11,29,5,11.905733206262543,6
357,62,18,63,6,11.898616241132697,12
358,90,18,104,6,11.89837391797068,12
359,104,28,77,9,11.87424672617717,19
360,20,12,29,4,11.85416559868577,8
361,74,34,28,11,11.834419909257846,23
362,78,10,37,3,11.831707242150298,7
363,63,47,28,14,11.8288664237163,33
364,74,10,64,4,11.828764368523546,6
365,28,16,111,5,11.82030122340792,11
366,78,10,46,4,11.816501815994842,6
367,83,10,17,4,11.812775268760372,6
368,53,10,91,3,11.811611902058761,7
369,8,21,40,6,11.791921402372775,15
370,44,10,54,3,11.791894285038754,7
371,91,12,65,4,11.784658313781675,8
372,17,18,109,6,11.781743441013703,12
373,55,37,1,11,11.76903355576794,26
374,43,18,53,5,11.762416104262291,13
375,16,11,67,3,11.761532223804268,8
376,11,34,84,11,11.737395009694307,23
377,91,13,96,4,11.692854193124042,9
378,34,23,28,7,11.682170467841415,16
379,98,11,48,3,11.678045251552971,8
380,15,21,18,6,11.590119158022436,15
381,90,15,39,5,11.57797650142359,10
382,33,15,50,5,11.568332857311571,10
383,108,10,11,3,11.565275419390533,7
384,36,16,104,6,11.564722196156039,10
385,111,10,71,3,11.563837134119533,7
386,74,15,76,6,11.544600382799558,9
387,7,15,81,6,11.525413070422038,9
388,53,19,3,6,11.503790428420068,13
389,57,19,63,7,11.49963226954776,12
390,47,14,81,4,11.445134927289029,10
391,114,39,106,13,11.417874917507987,26
392,60,28,69,11,11.415693819512112,17
393,29,10,95,3,11.401888238693152,7
394,76,23,35,8,11.396918545348738,15
395,4,11,38,3,11.395009854616484,8
396,107,14,10,5,11.38119632500004,9
397,104,21,71,8,11.370166649530528,13
398,64,12,20,3,11.33130846260478,9
399,13,75,88,24,11.322656510714445,51
400,50,38,20,12,11.31681648660145,26
401,28,19,72,6,11.306329036701383,13
402,7,25,96,7,11.300422106484014,18
403,80,10,5,3,11.295210617596885,7
404,2,14,55,5,11.276816159574059,9
405,75,52,7,17,11.274663385996204,35
406,28,10,103,3,11.258889995972657,7
407,90,12,48,4,11.252381363492233,8
408,87,29,70,11,11.250414739740135,18
409,107,16,83,5,11.249585120390279,11
410,40,13,81,4,11.249205674756393,9
411,95,28,51,8,11.244919045567018,20
412,75,17,109,5,11.242273446455997,12
413,38,12,112,3,11.230403622900138,9
414,46,20,96,8,11.223825219116966,12
415,73,13,51,4,11.219804453521853,9
416,98,18,106,6,11.217270403208776,12
417,25,15,3,5,11.214634960222732,10
418,100,12,46,4,11.210309669403356,8
419,89,11,1,4,11.209011069389932,7
420,72,10,23,3,11.180586418758143,7
421,43,16,4,6,11.162760468553993,10
422,55,13,85,4,11.149931721802192,9
423,75,16,38,4,11.14383618558865,12
424,46,15,70,5,11.123543654837002,10
425,27,20,84,7,11.118973426521963,13
426,40,10,19,3,11.104417905023016,7
427,74,13,32,4,11.101664191982366,9
428,78,13,80,4,11.097915766170063,9
429,75,13,29,5,11.096282078020437,8
430,30,35,39,12,11.092978860146742,23
431,99,11,11,4,11.04788337752713,7
432,32,12,114,4,11.045874107216177,8
433,53,41,88,13,11.023031682203495,28
434,41,14,92,5,11.016394202336144,9
435,98,10,68,3,11.014423279510455,7
436,15,13,71,4,11.00914391321026,9
437,56,13,107,5,11.000292497508868,8
438,51,20,110,6,11.000148170458745,14
439,70,24,57,10,10.99751468090858,14
440,50,37,88,13,10.986958086725295,24
441,60,24,29,9,10.986279893385442,15
442,11,14,9,5,10.959299620365583,9
443,89,10,13,4,10.939542022741618,6
444,73,17,5,6,10.907383059794872,11
445,102,10,35,4,10.903207987031468,6
446,63,20,69,6,10.901230458210245,14
447,111,21,41,8,10.875724405637953,13
448,71,16,77,5,10.872072685026803,11
449,37,46,54,15,10.870093974692763,31
450,65,39,93,15,10.857048849068637,24
451,60,12,48,4,10.834150297184138,8
452,30,11,2,4,10.820419515250846,7
453,106,17,81,7,10.816681182916202,10
454,100,10,29,4,10.811451389513943,6
455,55,25,91,7,10.791612827626562,18
456,100,14,102,4,10.786002151711443,10
457,59,11,7,3,10.771239818059199,8
458,63,11,72,3,10.764095493593645,8
459,27,27,31,11,10.758919665279384,16
460,11,24,68,9,10.754003487507697,15
461,53,23,108,9,10.749834986479383,14
462,13,45,18,16,10.738363532449275,29
463,54,11,111,3,10.714143810197228,8
464,43,13,36,5,10.713552025008548,8
465,30,23,84,7,10.710699208047561,16
466,76,30,68,7,10.70734350595971,23
467,51,25,74,7,10.704030149650722,18
468,48,32,107,11,10.694845948293114,21
469,38,12,57,5,10.682623087511102,7
470,65,29,29,11,10.675445820566951,18
471,5,25,98,9,10.66291868554062,16
472,30,20,64,7,10.642272986004784,13
473,98,18,71,6,10.627953776602759,12
474,16,12,101,4,10.622717697482882,8
475,48,14,108,4,10.620930026885901,10
476,7,31,91,9,10.609100286101588,22
477,26,10,28,3,10.592168464369761,7
478,60,24,12,11,10.587193690412056,13
479,95,15,9,6,10.569002592922953,9
480,71,19,54,7,10.563773271372229,12
481,28,17,40,7,10.551622113062637,10
482,65,18,57,6,10.545339365129468,12
483,86,16,56,5,10.543126647721753,11
484,58,18,13,5,10.538623477632353,13
485,63,12,66,4,10.5370312257094,8
486,71,19,97,6,10.5235339621969,13
487,27,27,36,10,10.523349599331352,17
488,89,14,37,6,10.519274673853001,8
489,63,49,84,18,10.498571963087883,31
490,27,13,19,3,10.496867066136128,10
491,64,27,9,8,10.495957554452968,19
492,75,14,102,4,10.47886729381523,10
493,81,11,27,4,10.477393451911677,7
494,75,35,8,11,10.477015226263449,24
495,23,12,77,4,10.472073733658851,8
496,41,16,49,6,10.465212157406025,10
497,6,10,31,4,10.459894630543896,6
498,64,25,112,7,10.447348803692252,18
499,44,16,39,6,10.434810009571377,10
500,95,19,114,7,10.422604339796184,12
501,110,11,7,5,10.422576579231729,6
502,43,11,77,4,10.418907416256184,7
503,75,13,57,4,10.387723743034115,9
504,106,16,93,6,10.37915501513517,10
505,9,12,12,4,10.366855545040103,8
506,94,10,7,3,10.355621654064773,7
507,53,16,77,6,10.347606271977277,10
508,16,26,1,7,10.345699287153877,19
509,37,13,1,5,10.342164269053148,8
510,13,27,94,9,10.330435007204882,18
511,7,24,19,7,10.325778739734247,17
512,54,19,43,7,10.322637569623126,12
513,107,29,31,13,10.30345756995746,16
514,30,11,102,4,10.296833808784982,7
515,45,23,107,8,10.289536165233189,15
516,15,32,88,9,10.284341457845953,23
517,78,22,16,8,10.265075623642575,14
518,85,15,50,5,10.26203922127155,10
519,77,12,99,3,10.252199704478638,9
520,67,16,106,6,10.252161434234207,10
521,78,17,8,6,10.247577324371015,11
522,16,44,18,14,10.239548895772598,30
523,28,27,68,8,10.229548768409218,19
524,63,35,91,11,10.225389928816243,24
525,30,17,31,7,10.214096274935343,10
526,25,24,68,8,10.211790433098953,16
527,10,14,28,4,10.207926130943799,10
528,11,36,37,12,10.20717474941383,24
529,91,24,39,8,10.206322081312438,16
530,76,14,94,4,10.204693879696782,10
531,114,16,57,5,10.202940786046575,11
532,48,24,96,8,10.200121519345739,16
533,98,15,2,6,10.198603389321667,9
534,71,13,33,4,10.195530501937561,9
535,97,41,37,14,10.190687502541845,27
536,17,16,78,6,10.186635949546748,10
537,76,13,57,4,10.181023937949497,9
538,89,13,104,5,10.17868688184359,8
539,6,12,9,5,10.175309866966636,7
540,43,29,86,9,10.173097117221216,20
541,92,16,68,5,10.14730683848729,11
542,96,11,23,4,10.143008283174426,7
543,53,37,31,14,10.136338371296793,23
544,92,10,109,3,10.132066653367776,7
545,17,18,60,6,10.12863063958789,12
546,50,20,102,8,10.118106239071224,12
547,53,21,17,7,10.11768769756885,14
548,53,36,36,11,10.114732824687987,25
549,18,24,8,7,10.103008591242306,17
550,89,11,74,4,10.093150392265771,7
551,23,17,17,6,10.090670558592322,11
552,107,16,103,5,10.088439090846336,11
553,79,12,106,4,10.079963228120917,8
554,40,16,49,6,10.077718304922938,10
555,13,12,79,4,10.072956753420838,8
556,13,23,83,8,10.067954696106945,15
557,63,31,76,10,10.049351171103778,21
558,80,19,51,7,10.049293803677342,12
559,44,10,38,3,10.048373138060269,7
560,39,29,43,11,10.035622734323454,18
561,110,13,107,4,10.03472132274693,9
562,11,14,18,5,10.031989827572826,9
563,95,25,65,9,9.987438820754939,16
564,73,18,88,6,9.974203425238965,12
565,63,45,88,14,9.955054334971098,31
566,72,15,51,6,9.937514477649751,9
567,87,20,81,9,9.92521789350872,11
568,95,10,2,3,9.920312629990502,7
569,8,23,15,9,9.913275414610844,14
570,107,21,102,8,9.900916609628295,13
571,11,14,83,4,9.89615191909491,10
572,100,11,38,3,9.89382268344099,8
573,18,39,39,13,9.885046818102031,26
574,2,17,54,5,9.883928701627934,12
575,100,26,54,9,9.876264305600081,17
576,17,15,71,6,9.874078720771614,9
577,76,12,18,4,9.847622493503502,8
578,76,15,49,5,9.846752851544121,10
579,53,10,98,4,9.839111782848335,6
580,16,12,10,4,9.837247209773244,8
581,54,13,57,3,9.824315369895016,10
582,104,25,75,9,9.822163907084754,16
583,40,24,17,8,9.815776001763279,16
584,29,13,93,5,9.815241351279962,8
585,64,17,37,6,9.810222324765896,11
586,87,35,9,14,9.798770018552649,21
587,62,10,93,4,9.798162399200404,6
588,100,26,87,11,9.796481014444312,15
589,63,11,61,3,9.795863144147216,8
590,11,11,71,4,9.793856230234496,7
591,40,25,3,8,9.786955757231253,17
592,37,24,83,9,9.783726366978417,15
593,30,12,52,4,9.763146241314214,8
594,100,11,70,4,9.741790049682665,7
595,86,21,52,7,9.734029946764755,14
596,89,13,16,5,9.733195931265595,8
597,16,16,32,6,9.72172092201369,10
598,43,19,31,10,9.720852773553682,9
599,85,13,13,4,9.717007051558657,9
600,75,18,11,7,9.71088785220573,11
601,102,33,86,11,9.70383463978044,22
602,30,45,107,16,9.678224594443884,29
603,100,12,71,4,9.66068752031631,8
604,111,16,63,6,9.656549842780759,10
605,41,15,17,5,9.654478177971624,10
606,22,10,114,5,9.649313306364819,5
607,48,23,79,8,9.646370149116427,15
608,109,36,8,14,9.641625939928552,22
609,93,10,104,4,9.637966581885273,6
610,41,23,53,8,9.631953807885303,15
611,70,17,109,6,9.623350653501726,11
612,76,16,9,5,9.621504571842449,11
613,99,14,8,6,9.61106559286031,8
614,83,18,84,7,9.609473734372159,11
615,8,13,53,4,9.596286006275326,9
616,80,14,39,5,9.589468521855673,9
617,11,25,109,8,9.585833860536326,17
618,73,20,7,8,9.582485903794176,12
619,100,18,60,6,9.573778234111991,12
620,64,44,60,14,9.569439655645416,30
621,13,24,97,9,9.567486234498416,15
622,106,13,108,4,9.535201707134298,9
623,78,12,1,4,9.531466280674074,8
624,1,22,31,9,9.525804060927038,13
625,20,32,25,11,9.520523686179052,21
626,18,27,9,9,9.520249042639604,18
627,57,37,107,14,9.515541127652218,23
628,104,14,69,4,9.512677665660085,10
629,8,17,36,6,9.51236026695053,11
630,90,14,80,4,9.509239360264802,10
631,114,13,2,5,9.509158562417847,8
632,90,21,13,7,9.506733485788097,14
633,37,22,99,7,9.502759058160713,15
634,11,10,94,3,9.501428180815385,7
635,37,29,7,11,9.500511382222342,18
636,102,13,60,5,9.490462801517765,8
637,70,10,58,3,9.487562225897108,7
638,75,58,68,19,9.486513066984084,39
639,16,47,96,14,9.46295382882651,33
640,102,12,17,4,9.460667678985603,8
641,17,10,94,4,9.449116979238093,6
642,27,32,60,10,9.444817966504301,22
643,32,11,63,4,9.44232166344675,7
644,64,14,92,7,9.432471863302014,7
645,100,11,76,5,9.416323869375232,6
646,100,14,84,4,9.414033228858957,10
647,108,15,39,6,9.406857006968854,9
648,63,25,109,10,9.392892060380623,15
649,48,13,51,6,9.391737592298234,7
650,109,11,36,3,9.390936468630548,8
651,80,33,107,11,9.376730084103613,22
652,41,16,77,5,9.374945974938667,11
653,104,21,84,8,9.37162724208143,13
654,87,14,33,5,9.358610632806945,9
655,23,12,50,3,9.354699302165745,9
656,28,29,2,10,9.34282167881126,19
657,53,20,12,8,9.33945038591408,12
658,111,15,51,5,9.328246716797016,10
659,68,47,87,17,9.326644896683149,30
660,103,12,84,5,9.324986639820777,7
661,76,11,48,3,9.32275185522147,8
662,50,17,70,7,9.316243790355681,10
663,15,18,87,7,9.315321569312852,11
664,37,17,27,6,9.314988662643295,11
665,15,13,11,5,9.314265162028605,8
666,86,15,67,6,9.30654184494345,9
667,100,17,18,7,9.297622647277194,10
668,63,19,77,6,9.291814452323939,13
669,75,13,93,5,9.279825087560205,8
670,27,20,53,6,9.279092932873041,14
671,20,16,90,6,9.25670480461804,10
672,78,15,53,6,9.245467105519944,9
673,41,29,104,12,9.232545203988776,17
674,70,16,69,5,9.227346228401574,11
675,64,11,81,4,9.217681779438383,7
676,16,19,14,7,9.215741001366093,12
677,13,19,6,7,9.21551599242718,12
678,27,15,4,6,9.214915067697104,9
679,93,11,90,4,9.204947446014161,7
680,2,12,40,4,9.204153353273352,8
681,73,17,40,6,9.199997222971483,11
682,15,13,91,6,9.175439096539632,7
683,40,15,102,6,9.171373555966685,9
684,92,15,40,5,9.168940871834318,10
685,16,63,106,21,9.160803291418002,42
686,50,43,5,17,9.156049369840707,26
687,9,16,47,6,9.146152811782594,10
688,16,40,9,13,9.142096271109022,27
689,69,21,68,8,9.139651413697878,13
690,60,25,81,9,9.119854252529585,16
691,91,22,20,9,9.11515023214943,13
692,92,11,17,4,9.114563540800457,7
693,109,15,31,5,9.11388757240418,10
694,58,20,68,7,9.097701878706363,13
695,95,34,8,13,9.079209474058969,21
696,11,11,38,4,9.076651507078587,7
697,44,29,86,10,9.073857704921485,19
698,28,34,75,12,9.068390514566694,22
699,30,11,61,4,9.067314274609851,7
700,10,12,87,4,9.060984306619423,8
701,35,16,45,7,9.040031591861501,9
702,75,18,100,8,9.024866169547831,10
703,13,19,29,8,9.021834443218543,11
704,30,16,70,7,9.016092338129877,9
705,5,15,36,6,9.008614310253613,9
706,13,33,69,12,8.99703997104475,21
707,100,19,43,8,8.981606565772067,11
708,78,27,57,11,8.977959584850536,16
709,28,15,52,6,8.975367013246691,9
710,97,18,36,7,8.970668153566264,11
711,47,20,114,8,8.969382880850322,12
712,43,16,84,6,8.968948746982855,10
713,28,11,32,4,8.963821007682872,7
714,63,34,48,12,8.958044896706859,22
715,100,11,49,5,8.94783461865437,6
716,73,12,31,4,8.938919570135752,8
717,13,22,84,7,8.92622496976615,15
718,11,10,91,3,8.923724837318142,7
719,27,21,57,9,8.91882122376835,12
720,110,19,25,6,8.917701672558222,13
721,89,15,107,5,8.908975430626485,10
722,7,20,109,7,8.9080321410632,13
723,15,14,55,4,8.90352085117802,10
724,12,12,49,3,8.896131245879715,9
725,69,12,97,4,8.888377862411462,8
726,44,20,13,7,8.886721786197054,13
727,38,12,17,5,8.88566473615372,7
728,49,11,53,4,8.876928289416245,7
729,23,16,12,6,8.872217683410865,10
730,3,11,98,5,8.853639708389592,6
731,107,13,61,5,8.850698470757944,8
732,32,15,87,5,8.84415502943487,10
733,63,19,36,7,8.822881427312195,12
734,36,18,47,6,8.810892372607714,12
735,27,36,65,13,8.805431545223382,23
736,106,10,42,3,8.802546839644418,7
737,39,36,20,15,8.800920294125156,21
738,109,12,77,5,8.789144881364965,7
739,106,23,18,8,8.778191080978742,15
740,27,17,77,6,8.768996963955761,11
741,39,36,88,13,8.756638990991734,23
742,108,27,13,9,8.751351034715968,18
743,100,22,88,8,8.748881194655748,14
744,38,14,106,7,8.74501943352997,7
745,104,23,11,8,8.742484307216115,15
746,4,22,17,7,8.727735068009611,15
747,8,26,57,9,8.727187925997562,17
748,58,10,45,4,8.721721801464442,6
749,81,13,69,5,8.721044769504893,8
750,45,15,86,6,8.710518828201982,9
751,63,15,102,6,8.710165699989911,9
752,100,13,94,4,8.706256221291522,9
753,63,35,20,14,8.705248065274409,21
754,110,14,39,4,8.694421097429624,10
755,16,26,76,12,8.692110714550006,14
756,9,31,31,11,8.678153869820548,20
757,85,10,98,3,8.673802483900154,7
758,72,14,68,5,8.641434479820678,9
759,41,19,97,7,8.638943706099205,12
760,1,24,65,10,8.63311694974403,14
761,68,29,18,11,8.623169944927229,18
762,51,51,63,21,8.61580742538916,30
763,69,15,57,5,8.610432071680039,10
764,51,21,33,6,8.606152418737853,15
765,27,39,88,16,8.602187681442969,23
766,90,22,50,8,8.598522697494,14
767,110,19,16,7,8.596145036216202,12
768,81,20,16,7,8.585952206420341,13
769,78,18,69,7,8.577546689878151,11
770,95,23,55,8,8.575006509864881,15
771,41,13,3,3,8.570007818582788,10
772,78,19,7,8,8.565348954184037,11
773,98,18,29,6,8.564516900800022,12
774,78,11,36,4,8.552435160203329,7
775,114,13,62,5,8.54955618000272,8
776,12,13,106,4,8.530975907772834,9
777,86,29,48,11,8.527783865058886,18
778,16,43,46,15,8.523887339164597,28
779,77,10,29,3,8.514723249015375,7
780,62,23,88,9,8.512625127129992,14
781,91,10,45,4,8.504304930616431,6
782,64,28,40,10,8.496071624321134,18
783,16,33,69,12,8.492849118552362,21
784,87,37,40,15,8.490974125613958,22
785,75,16,1,5,8.487454866261048,11
786,74,14,77,5,8.485489523270209,9
787,114,24,3,8,8.461132150785255,16
788,15,13,53,5,8.45144556317874,8
789,95,14,96,5,8.45037398259218,9
790,8,32,114,11,8.446067232393613,21
791,39,15,78,6,8.442592249169802,9
792,41,40,86,14,8.438958336325594,26
793,96,24,70,11,8.437417991026262,13
794,55,20,114,7,8.432483182241098,13
795,73,19,90,7,8.424101991862472,12
796,38,13,54,5,8.421224564929705,8
797,16,30,3,10,8.418353785991327,20
798,109,14,67,7,8.410228891959628,7
799,11,25,57,11,8.400613395593451,14
800,80,11,79,5,8.39440233865723,6
801,67,10,104,4,8.393331116483226,6
802,30,44,65,16,8.376779126545133,28
803,7,45,25,16,8.37280661834829,29
804,64,11,29,3,8.360354117139725,8
805,7,22,5,8,8.357081514884824,14
806,38,23,65,10,8.354229779220864,13
807,41,32,31,12,8.353957395244583,20
808,108,13,27,5,8.350227424117723,8
809,39,20,112,8,8.345179878987272,12
810,8,29,84,10,8.33757645831541,19
811,25,15,9,5,8.323455878342044,10
812,102,17,88,5,8.307899790454732,12
813,90,31,106,10,8.283845461248372,21
814,16,66,63,25,8.283483649795642,41
815,41,18,91,6,8.276671952774393,12
816,48,25,87,9,8.272887403064754,16
817,75,12,76,5,8.269580351796622,7
818,50,34,55,14,8.268886532039616,20
819,37,12,14,5,8.266467835075433,7
820,2,12,38,5,8.244738843628978,7
821,94,10,2,4,8.235738884159371,6
822,112,10,79,4,8.23380656767564,6
823,69,21,106,8,8.230262561693124,13
824,85,16,72,5,8.221502081191193,11
825,112,14,40,6,8.221202026655053,8
826,103,13,87,4,8.220642438239317,9
827,87,24,93,9,8.20135369004028,15
828,74,25,39,10,8.195535087876927,15
829,63,11,89,3,8.19292788894577,8
830,104,35,60,10,8.183651908443375,25
831,50,18,30,7,8.173377893689405,11
832,50,28,71,11,8.165371088482388,17
833,54,31,60,11,8.16146550040988,20
834,18,16,112,5,8.155957753880719,11
835,1,19,87,8,8.152622059420272,11
836,4,10,112,4,8.145974306589784,6
837,26,10,107,4,8.136960920766814,6
838,100,19,63,8,8.133393706542947,11
839,30,16,46,6,8.09849810603762,10
840,37,42,46,14,8.09589581959515,28
841,60,30,50,13,8.087484578525554,17
842,76,12,108,4,8.086994753980798,8
843,7,15,10,6,8.086365440359023,9
844,109,15,46,6,8.081904977493476,9
845,8,61,5,24,8.080732178020162,37
846,110,16,97,6,8.077466293642946,10
847,13,34,3,11,8.071894737567842,23
848,53,13,46,5,8.064750592390656,8
849,51,15,91,5,8.060157448942936,10
850,108,19,87,7,8.0530569756161,12
851,20,36,84,11,8.04861670328596,25
852,58,26,107,9,8.037629940895535,17
853,75,41,50,14,8.02466935745211,27
854,63,12,52,5,8.015196003418383,7
855,35,11,9,5,8.012816785902409,6
856,48,12,25,5,8.01244102921806,7
857,91,31,98,12,8.010154956050265,19
858,3,14,18,4,8.000317413483804,10
859,102,19,96,7,7.9956311609664965,12
860,44,22,6,7,7.994067314889742,15
861,13,16,70,6,7.990308468406848,10
862,5,28,84,11,7.986435375626319,17
863,12,12,4,4,7.976222296376225,8
864,86,43,76,17,7.972604021174835,26
865,12,22,107,7,7.967915897333259,15
866,65,25,5,10,7.967561696591304,15
867,23,21,39,8,7.9630880242589255,13
868,89,12,53,5,7.9499730264780055,7
869,53,19,61,6,7.9431150632920575,13
870,73,17,87,5,7.942207150258419,12
871,18,10,34,3,7.934073113605032,7
872,33,16,20,6,7.928062438364485,10
873,60,14,66,4,7.920621770687662,10
874,34,20,84,8,7.917696778697559,12
875,54,22,18,9,7.917650548154775,13
876,88,10,82,4,7.912578083642496,6
877,71,13,38,4,7.906029048659733,9
878,78,11,31,5,7.904414780494012,6
879,62,23,68,9,7.893829370684333,14
880,55,17,23,8,7.871570609888838,9
881,102,18,51,7,7.870945415633869,11
882,114,25,90,10,7.8701656835045455,15
883,44,12,35,5,7.859665557157517,7
884,106,26,91,9,7.859341034872018,17
885,29,14,55,5,7.851130455007913,9
886,53,19,109,7,7.841205358929896,12
887,7,11,2,4,7.836909370766421,7
888,8,17,98,6,7.8322640771965775,11
889,107,20,77,8,7.820720701788074,12
890,25,46,46,19,7.8204011950255445,27
891,75,21,49,8,7.802050873504809,13
892,114,12,110,4,7.80031681097971,8
893,50,15,48,5,7.798532000224024,10
894,55,22,64,7,7.789831302640343,15
895,47,10,111,4,7.786638633209644,6
896,13,43,43,19,7.783895328367697,24
897,92,14,114,4,7.774797164908212,10
898,41,15,81,5,7.770221546669875,10
899,63,11,94,4,7.76321840640363,7
900,50,22,18,9,7.758401768064157,13
901,53,11,73,4,7.756297558195456,7
902,37,49,25,20,7.755599308877524,29
903,16,32,64,11,7.754231430905149,21
904,73,13,54,5,7.746921178252216,8
905,28,14,12,5,7.741725097225164,9
906,44,11,84,5,7.741464370739849,6
907,100,10,1,4,7.733679688129337,6
908,15,15,1,5,7.73306575970013,10
909,46,13,64,5,7.701785189637151,8
910,64,11,11,3,7.699861982788657,8
911,111,25,7,10,7.69032342577198,15
912,5,32,11,12,7.687442157533876,20
913,13,15,76,6,7.686884560878501,9
914,37,29,38,11,7.668156637885108,18
915,37,24,96,10,7.665844925696509,14
916,107,27,35,9,7.659745377736294,18
917,86,22,72,8,7.651597318688157,14
918,33,13,31,6,7.647223417443057,7
919,70,11,60,4,7.6464357490262,7
920,97,29,5,10,7.639418302115124,19
921,96,22,80,8,7.6325568595370585,14
922,23,13,91,6,7.630492751883036,7
923,30,13,108,5,7.627122086325669,8
924,47,13,69,5,7.615142827000194,8
925,18,20,36,8,7.5949028785012285,12
926,58,18,88,7,7.5880987725104365,11
927,72,10,36,4,7.585561627806539,6
928,28,31,114,13,7.584853881328923,18
929,46,12,77,5,7.574271980014295,7
930,34,14,5,4,7.5706698448560905,10
931,40,66,68,24,7.5703219943157025,42
932,107,30,109,11,7.567930415965966,19
933,97,24,51,8,7.56785294854944,16
934,19,10,79,4,7.551536262697121,6
935,39,26,38,10,7.546657823994113,16
936,30,10,85,4,7.5440843213091044,6
937,85,10,46,3,7.538229298143679,7
938,6,11,55,3,7.526848268362216,8
939,55,18,77,7,7.520653437888106,11
940,88,24,3,9,7.5117017749719,15
941,15,13,50,5,7.509982415529958,8
942,6,13,61,5,7.506143312140655,8
943,29,14,27,4,7.5020140816342025,10
944,27,14,98,6,7.497316272159128,8
945,3,17,43,6,7.496311575799016,11
946,20,42,16,14,7.490661859277886,28
947,89,12,68,5,7.483167732526591,7
948,41,11,96,3,7.480521636982391,8
949,48,10,89,3,7.476757612743907,7
950,70,14,36,6,7.476080415111229,8
951,108,15,63,6,7.475559971035058,9
952,64,37,31,14,7.4738922265185375,23
953,28,10,81,4,7.472696801730322,6
954,60,10,57,4,7.467563385882379,6
955,45,12,53,5,7.463487107897495,7
956,37,21,110,9,7.457046552670356,12
957,39,59,68,24,7.456624146337381,35
958,46,30,75,12,7.449361290092638,18
959,30,25,88,11,7.4406011551513975,14
960,64,17,43,7,7.43896725456377,10
961,9,13,19,5,7.433517897940031,8
962,76,40,51,14,7.425338525528089,26
963,34,11,43,4,7.424240308041092,7
964,19,20,54,9,7.418437201102569,11
965,8,19,91,7,7.416456742894205,12
966,36,34,41,16,7.412500474371832,18
967,108,22,88,8,7.409334471097551,14
968,1,10,5,4,7.391988711274886,6
969,75,50,16,20,7.38842567902132,30
970,86,92,51,39,7.387958190410619,53
971,86,36,17,16,7.373387885533473,20
972,73,10,71,4,7.37323406519455,6
973,13,35,54,13,7.373225396669799,22
974,34,15,74,5,7.367415754617591,10
975,31,14,80,4,7.367135464628976,10
976,25,16,33,5,7.36592627296452,11
977,77,10,114,4,7.3654772203978025,6
978,49,13,23,5,7.360298065336568,8
979,73,25,8,10,7.35879002547718,15
980,17,19,9,8,7.3581791578689,11
981,87,17,112,7,7.3462185343517366,10
982,40,41,104,15,7.342291894534163,26
983,11,10,103,3,7.33896872976819,7
984,75,16,2,7,7.332326563651873,9
985,2,32,107,12,7.32884412298255,20
986,70,42,5,17,7.323141246130927,25
987,39,24,106,10,7.31226919998241,14
988,63,14,85,6,7.301748789802251,8
989,100,12,3,5,7.3003800187027315,7
990,54,33,40,13,7.298767912387551,20
991,62,11,104,3,7.298660521894603,8
992,47,11,61,4,7.295405799949466,7
993,43,31,40,13,7.2876910701836355,18
994,76,18,39,6,7.286479537324273,12
995,97,16,29,6,7.284915525257299,10
996,13,20,98,7,7.284404613166717,13
997,114,42,13,19,7.284350704257176,23
998,16,110,88,41,7.282392910348155,69
999,55,20,68,7,7.273979151335479,13
1000,106,13,57,6,7.272492874678534,7
1001,62,10,96,3,7.268496266352443,7
1002,110,16,70,6,7.267896542251015,10
1003,20,17,98,6,7.267496359610282,11
1004,75,19,81,7,7.259552889264539,12
1005,86,30,79,11,7.258463117259926,19
1006,84,33,39,14,7.257920848438738,19
1007,98,19,84,6,7.255378652482318,13
1008,11,12,10,5,7.252899748629005,7
1009,98,12,93,5,7.2513528092711335,7
1010,46,13,90,5,7.250761878801304,8
1011,20,21,41,9,7.246750485082596,12
1012,31,14,5,5,7.246607645789562,9
1013,20,10,75,4,7.241047227766171,6
1014,114,27,40,9,7.240772461331043,18
1015,114,14,81,6,7.238705590547007,8
1016,54,16,62,6,7.236680580960737,10
1017,13,60,106,23,7.22482230869508,37
1018,35,20,40,7,7.2238461178978355,13
1019,112,22,76,10,7.216620353424457,12
1020,27,13,35,5,7.215256796262466,8
1021,53,13,38,5,7.198101634639961,8
1022,27,20,63,9,7.19472225275396,11
1023,57,26,39,11,7.190870269128093,15
1024,30,49,16,19,7.190557635981447,30
1025,109,13,22,5,7.1904728762162415,8
1026,49,14,62,5,7.1853921647786025,9
1027,36,16,112,6,7.175574629533441,10
1028,98,41,86,17,7.171894084868247,24
1029,20,19,68,8,7.16589556666434,11
1030,38,18,84,8,7.154125748328736,10
1031,34,12,60,4,7.148158666349012,8
1032,29,14,37,6,7.147246302868531,8
1033,88,10,103,4,7.146583091840611,6
1034,5,17,60,6,7.144002600647477,11
1035,40,50,55,19,7.142420946012768,31
1036,41,16,43,6,7.142362917596401,10
1037,87,27,91,10,7.142016410462965,17
1038,90,26,87,10,7.134749793973535,16
1039,63,58,54,22,7.133964662886907,36
1040,75,57,107,18,7.131800392099847,39
1041,88,11,67,3,7.127393540580368,8
1042,38,14,19,4,7.12483566230394,10
1043,67,12,107,4,7.124134838046416,8
1044,86,30,83,10,7.114862976089345,20
1045,23,37,60,14,7.1142097930377055,23
1046,1,10,45,4,7.100044646871245,6
1047,27,15,64,5,7.097541085798832,10
1048,39,83,51,33,7.0919565009469085,50
1049,28,20,62,8,7.086204539456473,12
1050,28,35,70,14,7.078735797739843,21
1051,102,14,98,6,7.075813129571894,8
1052,50,14,49,6,7.064134383315743,8
1053,100,21,25,9,7.062312436550092,12
1054,99,18,36,6,7.061516094995872,12
1055,72,13,17,5,7.057523617748392,8
1056,65,16,73,6,7.056062739811479,10
1057,55,25,97,9,7.041738062020972,16
1058,17,11,27,5,7.041708235736262,6
1059,20,10,110,4,7.040932959044509,6
1060,85,24,84,8,7.039561068893882,16
1061,95,15,40,6,7.026458120737083,9
1062,87,27,53,12,7.022639512769477,15
1063,41,18,112,7,7.010299429192565,11
1064,93,26,54,9,7.002072182522706,17
1065,80,13,48,4,6.99747900943173,9
1066,62,15,5,6,6.992708759597391,9
1067,114,19,1,7,6.990089974683044,12
1068,111,23,13,10,6.988942249892523,13
1069,17,20,55,9,6.987444025974705,11
1070,53,30,30,12,6.984989750265453,18
1071,8,17,33,6,6.975602243001775,11
1072,18,23,97,9,6.965163575719862,14
1073,16,34,36,13,6.9623095532486845,21
1074,32,18,104,6,6.95922508638955,12
1075,90,20,63,8,6.95733483322538,12
1076,4,25,51,9,6.952578906103857,16
1077,99,12,88,5,6.93913123202866,7
1078,7,21,46,7,6.935769096747123,14
1079,75,19,30,8,6.923427737676235,11
1080,100,43,51,20,6.89384334049581,23
1081,76,16,88,7,6.891817282335726,9
1082,90,22,65,10,6.887045978873851,12
1083,87,20,19,8,6.885519255607849,12
1084,114,47,5,19,6.885144276646171,28
1085,106,15,99,5,6.882359612487447,10
1086,60,43,4,19,6.864343045215706,24
1087,9,13,57,5,6.861208808927346,8
1088,114,19,96,7,6.8573207383282995,12
1089,13,29,95,12,6.852052215706936,17
1090,7,99,51,37,6.849475435937799,62
1091,86,80,96,31,6.839782165020975,49
1092,16,79,39,32,6.835092207069261,47
1093,78,14,96,5,6.830515928543477,9
1094,95,25,106,9,6.830338155584792,16
1095,68,69,31,28,6.821634358561019,41
1096,65,14,66,5,6.821265394674894,9
1097,30,22,104,10,6.820606807560422,12
1098,60,17,58,7,6.820272973850589,10
1099,56,13,4,6,6.816273515879696,7
1100,51,20,96,8,6.809158319794973,12
1101,71,50,13,21,6.804323620324037,29
1102,60,18,45,8,6.8022482279138705,10
1103,3,12,109,5,6.800442852243994,7
1104,49,10,71,4,6.800377692667283,6
1105,55,10,31,4,6.798197972656263,6
1106,33,23,107,10,6.763493299081546,13
1107,13,43,23,19,6.759962036733638,24
1108,57,12,109,5,6.758716421545093,7
1109,53,13,90,5,6.752088210585151,8
1110,30,19,18,8,6.749976540021853,11
1111,86,54,97,22,6.749652418711037,32
1112,94,10,71,4,6.748460655059317,6
1113,45,13,68,5,6.747691137383071,8
1114,45,32,7,13,6.743551275422484,19
1115,84,26,48,10,6.7407911051084906,16
1116,40,14,78,4,6.732885786530082,10
1117,74,38,96,14,6.731828732252355,24
1118,14,13,95,5,6.731405281187272,8
1119,8,13,3,7,6.725771044964114,6
1120,100,11,95,5,6.722166987268522,6
1121,65,10,32,4,6.718474357729474,6
1122,28,35,97,13,6.716635909782017,22
1123,83,15,74,7,6.703298030488857,8
1124,111,11,106,3,6.697425895741327,8
1125,7,18,62,7,6.690218008322475,11
1126,54,75,88,30,6.6874207756050055,45
1127,7,50,87,19,6.677586186974331,31
1128,16,68,55,25,6.673907741530192,43
1129,51,59,65,22,6.666482427201215,37
1130,85,20,54,7,6.664179187550933,13
1131,10,12,57,4,6.658857003244836,8
1132,83,11,71,5,6.656205380333864,6
1133,12,13,87,5,6.654704325795005,8
1134,71,19,37,8,6.653996053488669,11
1135,76,15,114,5,6.6539119931134865,10
1136,32,26,5,10,6.647447060451906,16
1137,4,30,65,12,6.6356003955737535,18
1138,39,22,37,9,6.632156694863052,13
1139,25,48,5,19,6.626414170343125,29
1140,85,10,75,3,6.61929344121288,7
1141,71,18,81,7,6.61709770119633,11
1142,39,14,94,5,6.607055031378494,9
1143,34,16,30,6,6.601140375094157,10
1144,43,25,94,11,6.5980641358622885,14
1145,65,28,96,12,6.593487230396348,16
1146,86,27,1,11,6.584989828827026,16
1147,65,46,20,17,6.582851496170298,29
1148,53,26,114,11,6.571088082289226,15
1149,104,37,25,16,6.567754121461538,21
1150,23,29,68,13,6.562476411578635,16
1151,68,25,91,11,6.550419627313768,14
1152,27,50,68,20,6.54594138252987,30
1153,77,21,18,7,6.545250800191177,14
1154,15,31,39,11,6.543157596952833,20
1155,54,58,70,23,6.543056803225659,35
1156,86,29,81,9,6.532482502137965,20
1157,91,13,80,5,6.531108694088673,8
1158,100,18,114,7,6.509461416428781,11
1159,86,20,103,8,6.502854567619721,12
1160,90,11,102,6,6.502237322589002,5
1161,87,30,41,12,6.500655116407746,18
1162,48,10,104,4,6.493358473776671,6
1163,107,46,53,18,6.492903474758714,28
1164,17,14,43,6,6.491023498873949,8
1165,70,20,9,7,6.477071321597407,13
1166,107,35,43,13,6.468610096623969,22
1167,15,27,68,10,6.466159746692328,17
1168,94,15,12,7,6.465684243762655,8
1169,100,17,55,8,6.465563036443129,9
1170,70,13,29,6,6.465173609286504,7
1171,30,10,81,4,6.458484974391473,6
1172,78,14,98,6,6.457784687804565,8
1173,6,10,28,4,6.452419128804086,6
1174,4,20,87,7,6.445923142452618,13
1175,41,16,89,6,6.437733391093904,10
1176,16,85,87,35,6.433646670257302,50
1177,41,20,109,7,6.432688342356182,13
1178,40,16,33,5,6.427211772717694,11
1179,91,18,54,8,6.414686940093468,10
1180,106,13,77,6,6.407119934187455,7
1181,80,20,37,8,6.401050818487373,12
1182,54,45,109,17,6.380200377092308,28
1183,16,41,100,16,6.365834182039501,25
1184,103,18,16,7,6.365184076823326,11
1185,7,21,56,9,6.361794853449644,12
1186,41,15,28,6,6.359689551305939,9
1187,92,13,27,6,6.356396578041118,7
1188,62,22,40,11,6.34058891485694,11
1189,81,10,111,3,6.333917467029674,7
1190,33,13,23,5,6.330114552953447,8
1191,54,14,112,5,6.3267118256224935,9
1192,64,22,8,8,6.316286000866925,14
1193,88,25,57,11,6.308509689840414,14
1194,39,16,83,6,6.297771796270439,10
1195,23,17,114,6,6.291790840234864,11
1196,77,15,87,6,6.290331402214442,9
1197,70,16,64,5,6.286009204558742,11
1198,16,12,92,3,6.284475222709882,9
1199,41,11,102,4,6.282861273718874,7
1200,86,21,4,8,6.2794844995496994,13
1201,20,45,5,17,6.270373633442785,28
1202,69,11,96,4,6.268969865653719,7
1203,104,24,100,9,6.26669912958639,15
1204,15,12,95,5,6.265255655621163,7
1205,77,17,88,7,6.264530601131227,10
1206,92,22,39,10,6.263991845659126,12
1207,43,17,5,7,6.250727481432205,10
1208,64,33,65,14,6.233889248800645,19
1209,104,41,50,16,6.230364171354915,25
1210,16,42,91,15,6.227187272730326,27
1211,109,10,62,3,6.224068902567428,7
1212,100,39,86,18,6.218498707894956,21
1213,47,14,28,6,6.211297191624255,8
1214,8,56,63,24,6.209822348869131,32
1215,35,15,84,6,6.209299301194261,9
1216,74,28,70,13,6.203999405338755,15
1217,63,28,2,12,6.200018491851485,16
1218,76,39,107,13,6.198627172224359,26
1219,91,12,71,5,6.187474142289449,7
1220,55,14,35,6,6.181710197353361,8
1221,97,23,76,10,6.171425808149794,13
1222,57,21,102,9,6.169321397774083,12
1223,15,20,3,9,6.168197310846255,11
1224,13,47,36,18,6.167141158071529,29
1225,20,11,38,3,6.161885029448885,8
1226,16,24,108,9,6.148582612448618,15
1227,68,13,33,5,6.145832331304968,8
1228,81,34,13,13,6.133078295186986,21
1229,54,31,68,12,6.129451922490282,19
1230,25,35,88,12,6.123879676950231,23
1231,81,13,31,4,6.117159791325403,9
1232,39,19,29,8,6.11667916860653,11
1233,90,12,7,5,6.108519045195328,7
1234,107,25,69,10,6.106259728171239,15
1235,75,17,84,7,6.100134417881318,10
1236,111,23,107,11,6.08814286411973,12
1237,27,37,51,14,6.085616170220784,23
1238,70,29,20,11,6.080511379179193,18
1239,55,10,69,4,6.075582313218194,6
1240,69,34,86,14,6.07493667313256,20
1241,30,29,68,13,6.071230028800059,16
1242,74,14,48,7,6.068043245358376,7
1243,23,27,41,11,6.068042449918637,16
1244,63,24,18,9,6.046455003215173,15
1245,70,15,93,6,6.04469500542117,9
1246,94,11,88,4,6.041461864182689,7
1247,8,16,32,7,6.041444852098721,9
1248,27,14,114,6,6.034743873961818,8
1249,7,24,98,9,6.0336860037819795,15
1250,75,31,31,14,6.033482134287373,17
1251,64,38,86,16,6.030765339147399,22
1252,91,17,50,6,6.027790824025911,11
1253,95,20,46,8,6.027785407812038,12
1254,80,33,55,15,6.024950901743931,18
1255,27,18,12,8,6.024469180953127,10
1256,65,61,88,23,6.004362907857696,38
1257,37,19,100,7,6.000890669706824,12
1258,107,32,3,15,5.999011076330673,17
1259,114,25,31,11,5.991876520395493,14
1260,64,20,18,8,5.974775055211904,12
1261,69,12,54,5,5.973066602774385,7
1262,49,12,29,5,5.968905469536378,7
1263,97,18,40,7,5.966918416140386,11
1264,104,19,17,8,5.965485227876699,11
1265,68,52,53,21,5.964244334939563,31
1266,62,13,8,4,5.96110102258686,9
1267,12,21,68,8,5.954750290252033,13
1268,97,12,10,6,5.950831581917705,6
1269,39,12,14,5,5.947548147792332,7
1270,33,15,7,7,5.9471342175078945,8
1271,28,15,53,6,5.9457443646332715,9
1272,63,13,10,5,5.94033318775015,8
1273,37,45,63,18,5.933785173114154,27
1274,8,30,9,15,5.931176874194081,15
1275,73,20,114,8,5.924435121305103,12
1276,109,27,55,13,5.923431655873009,14
1277,112,16,29,7,5.922867160258866,9
1278,107,29,62,14,5.921546438225422,15
1279,93,10,63,4,5.9175632502755855,6
1280,47,23,68,9,5.915128475524724,14
1281,41,15,45,5,5.9144627061547626,10
1282,84,27,57,13,5.910397185802947,14
1283,69,10,25,4,5.903986394303471,6
1284,34,16,48,7,5.896732963209992,9
1285,46,12,1,6,5.891865749051654,6
1286,74,34,84,16,5.891399521581718,18
1287,109,19,34,8,5.8910600256239505,11
1288,64,34,51,14,5.888421423830696,20
1289,46,12,36,5,5.882094180819339,7
1290,97,27,68,11,5.880460614845399,16
1291,28,12,31,5,5.87633787823225,7
1292,62,17,9,7,5.86600144742425,10
1293,54,36,95,16,5.865979569344106,20
1294,34,17,7,7,5.863504951401833,10
1295,7,20,112,8,5.8633899504874805,12
1296,72,10,114,5,5.860000941124309,5
1297,104,37,55,15,5.856904127783749,22
1298,80,13,68,5,5.856063242362021,8
1299,74,37,46,14,5.850135921281393,23
1300,108,10,65,5,5.847992745343311,5
1301,28,17,94,6,5.821481138029022,11
1302,40,16,5,7,5.820527251695649,9
1303,80,28,106,11,5.812470547213421,17
1304,79,13,20,5,5.810117746469002,8
1305,91,19,31,7,5.801858258461766,12
1306,7,45,64,20,5.801061458968774,25
1307,74,28,55,12,5.797157459674129,16
1308,98,26,63,11,5.795644107915217,15
1309,16,19,93,9,5.776545074834794,10
1310,69,20,28,9,5.772064288839902,11
1311,9,19,104,8,5.769857547388705,11
1312,11,19,35,8,5.768399159544,11
1313,58,13,53,7,5.756559382638666,6
1314,23,13,47,5,5.755142063292807,8
1315,36,12,77,5,5.751140829309578,7
1316,19,11,80,4,5.749943576584892,7
1317,78,10,81,5,5.742474614478736,5
1318,25,42,106,16,5.73768822242091,26
1319,107,64,104,26,5.737421230069909,38
1320,34,11,38,4,5.733514369563806,7
1321,13,48,25,22,5.729332953997915,26
1322,45,14,9,5,5.727853500458987,9
1323,25,26,51,11,5.72613511284895,15
1324,87,28,57,11,5.725577888454403,17
1325,98,13,17,6,5.723425305113809,7
1326,41,18,37,7,5.716493275276269,11
1327,23,11,102,5,5.7160538226538815,6
1328,62,13,69,6,5.706165822809074,7
1329,74,22,109,8,5.703058853572775,14
1330,53,17,62,7,5.701449545318567,10
1331,47,18,86,7,5.697686731101679,11
1332,70,10,32,5,5.692479372096213,5
1333,106,46,5,18,5.689619439430471,28
1334,30,25,55,10,5.686463879094618,15
1335,63,23,38,8,5.685369937239836,15
1336,102,10,95,4,5.685319962340818,6
1337,54,11,12,5,5.67450373056912,6
1338,94,10,25,5,5.671887186214519,5
1339,75,39,37,14,5.670197882049105,25
1340,16,31,99,13,5.665818337043021,18
1341,54,11,82,4,5.664278302313932,7
1342,43,12,68,5,5.6614021510813615,7
1343,9,13,61,5,5.652969843590383,8
1344,86,87,88,36,5.651261944060885,51
1345,4,10,97,4,5.649870700339136,6
1346,39,13,97,5,5.649731064357227,8
1347,73,23,74,9,5.649045009007229,14
1348,28,22,3,9,5.641703705085423,13
1349,30,32,60,11,5.641070504964109,21
1350,108,14,98,6,5.640790264148573,8
1351,85,10,11,4,5.636472097896452,6
1352,75,46,51,20,5.632745764536371,26
1353,75,43,9,17,5.6326941278183265,26
1354,103,12,79,5,5.630756199695946,7
1355,86,28,73,13,5.62531345595925,15
1356,5,21,17,7,5.625033929201379,14
1357,19,10,5,4,5.623378775596127,6
1358,47,37,13,15,5.620628318875079,22
1359,95,26,50,11,5.619957219349123,15
1360,16,48,50,20,5.617696720442929,28
1361,28,29,76,13,5.615688910158878,16
1362,30,14,90,6,5.614315415339312,8
1363,100,15,50,6,5.612526049660052,9
1364,38,13,18,6,5.608114426083465,7
1365,70,17,98,6,5.604121247592221,11
1366,27,16,112,7,5.594823713571332,9
1367,11,18,51,9,5.57971841586598,9
1368,7,23,38,10,5.57543888103377,13
1369,42,11,69,5,5.570250078296481,6
1370,37,60,104,24,5.563475261062019,36
1371,31,10,95,4,5.5581891593402775,6
1372,46,11,4,5,5.55622187464566,6
1373,78,21,87,10,5.551175744528343,11
1374,8,41,25,16,5.550067480025434,25
1375,36,53,31,23,5.548564460468652,30
1376,25,18,84,7,5.5466876181289715,11
1377,20,22,2,9,5.544865436021075,13
1378,86,51,75,23,5.544222274149607,28
1379,65,26,69,11,5.540534749641236,15
1380,41,13,19,5,5.538621729382163,8
1381,15,12,30,5,5.538463534767753,7
1382,13,59,87,23,5.536518377079212,36
1383,106,31,23,15,5.535479536227778,16
1384,60,11,62,4,5.531153387901844,7
1385,114,45,68,19,5.528966703625285,26
1386,33,14,102,6,5.525239013163607,8
1387,28,33,7,13,5.522079859732702,20
1388,26,20,13,7,5.520285333416165,13
1389,62,10,20,4,5.517288163699186,6
1390,87,59,37,24,5.516733087496062,35
1391,28,35,9,16,5.5146514821295405,19
1392,95,19,83,7,5.510188596504647,12
1393,32,13,109,6,5.5080518973086185,7
1394,76,16,60,5,5.507711057627658,11
1395,67,10,102,4,5.49724656177184,6
1396,18,10,62,4,5.493140482819633,6
1397,65,49,40,21,5.488110460552834,28
1398,34,13,39,6,5.4864218945223335,7
1399,114,23,70,9,5.484820175107314,14
1400,14,10,75,4,5.479308338136782,6
1401,62,17,51,7,5.468238395489335,10
1402,75,43,71,16,5.454468163058883,27
1403,97,18,57,8,5.45235309786646,10
1404,91,18,18,7,5.437015235679076,11
1405,71,29,68,11,5.435653336862236,18
1406,49,11,37,5,5.40579366661915,6
1407,4,11,58,4,5.405037105567146,7
1408,9,11,66,5,5.404825557202403,6
1409,19,15,69,6,5.404414913682509,9
1410,84,10,64,3,5.401793074305331,7
1411,29,14,23,6,5.397923700403426,8
1412,54,31,90,13,5.397442007333916,18
1413,7,18,30,9,5.390495309133068,9
1414,20,31,51,15,5.374467949047245,16
1415,75,30,63,13,5.362343223381901,17
1416,83,12,50,6,5.359728667430523,6
1417,7,35,97,16,5.356987360153851,19
1418,107,29,49,13,5.342652299836131,16
1419,97,14,102,5,5.335160623731844,9
1420,85,16,96,5,5.314304637448895,11
1421,28,13,49,6,5.31428031912519,7
1422,51,49,84,20,5.314265702072516,29
1423,107,19,66,8,5.307859110353934,11
1424,111,25,55,10,5.307717141421055,15
1425,49,28,60,12,5.30016670289431,16
1426,40,49,39,20,5.294535177326297,29
1427,99,21,86,8,5.291638236148403,13
1428,14,19,28,7,5.288795345484194,12
1429,78,24,60,11,5.286066640363099,13
1430,56,11,88,5,5.280224334897691,6
1431,8,26,100,10,5.278781496523967,16
1432,28,11,92,4,5.26619903758234,7
1433,104,51,28,22,5.259412551866781,29
1434,35,11,31,5,5.255104723881263,6
1435,27,11,76,5,5.250456214908829,6
1436,28,24,100,9,5.2470243708497994,15
1437,53,12,100,5,5.245979720718175,7
1438,25,26,40,11,5.242222631716463,15
1439,98,15,40,7,5.239271076053035,8
1440,65,15,14,7,5.239230657167624,8
1441,52,14,16,6,5.238731564661996,8
1442,91,21,25,9,5.236778929543691,12
1443,15,19,104,8,5.235404007755863,11
1444,88,17,112,7,5.231027938888666,10
1445,20,37,96,15,5.229501973456113,22
1446,35,11,5,5,5.226534281744142,6
1447,54,54,106,25,5.222938310920249,29
1448,53,29,112,14,5.221677411254142,15
1449,40,22,37,10,5.2189812618502875,12
1450,49,12,55,5,5.21558348601229,7
1451,33,12,91,6,5.213867650447791,6
1452,16,36,53,14,5.201094174764711,22
1453,46,25,39,13,5.196853389468722,12
1454,40,13,113,5,5.193726392686624,8
1455,6,10,71,4,5.193692278292729,6
1456,63,23,23,9,5.190793013982739,14
1457,13,15,102,5,5.1877642091018785,10
1458,75,17,97,7,5.183439015487436,10
1459,19,15,57,6,5.179432440967374,9
1460,75,26,47,9,5.17693162231529,17
1461,7,43,55,17,5.169021709270008,26
1462,1,14,94,7,5.165393999488574,7
1463,107,60,20,26,5.163543558398883,34
1464,91,11,56,5,5.1601828143932735,6
1465,67,12,5,5,5.159840528973067,7
1466,111,14,39,6,5.158992286191915,8
1467,35,16,28,8,5.153123660542302,8
1468,76,28,50,10,5.151966096130058,18
1469,106,24,9,10,5.150083731218861,14
1470,44,15,88,7,5.148664566159752,8
1471,35,12,51,5,5.14727626674268,7
1472,100,22,112,10,5.147009218037666,12
1473,3,18,29,7,5.138991933006876,11
1474,40,12,69,4,5.137627663794988,8
1475,36,21,3,8,5.136055944816986,13
1476,40,30,58,14,5.133397385337812,16
1477,65,45,9,18,5.129160653393479,27
1478,11,22,98,10,5.122669345045474,12
1479,75,18,4,7,5.112428644465592,11
1480,55,23,70,10,5.1032220329288345,13
1481,28,13,108,6,5.102919930198642,7
1482,23,19,100,7,5.096795040845655,12
1483,53,25,104,11,5.0942603831986055,14
1484,1,25,51,11,5.088840176447445,14
1485,34,13,79,5,5.088457145720249,8
1486,32,10,20,3,5.082163415292109,7
1487,10,17,86,8,5.075771557978404,9
1488,76,12,29,6,5.075653321228606,6
1489,90,13,33,5,5.072843762888294,8
1490,46,17,65,6,5.066104910854949,11
1491,84,23,29,10,5.063232995693045,13
1492,55,29,63,13,5.056066807562624,16
1493,65,78,107,33,5.05228805857697,45
1494,15,20,81,9,5.052153784691686,11
1495,28,13,27,4,5.05119454239968,9
1496,11,14,79,7,5.038711911658494,7
1497,65,12,52,4,5.0369958566437525,8
1498,63,32,13,14,5.0254768605942015,18
1499,86,30,62,13,5.023872829173723,17
1500,81,14,63,6,5.016441825370756,8
1501,93,26,5,10,5.004460526821323,16
1502,7,41,106,20,5.003800212982272,21
1503,94,21,87,9,5.000044556975335,12
1504,32,12,68,4,4.994599728673895,8
1505,104,30,63,13,4.993963037729944,17
1506,74,15,71,7,4.993812181109021,8
1507,50,23,31,10,4.99199978599778,13
1508,7,30,47,12,4.980252625346256,18
1509,41,42,68,18,4.9651675063741685,24
1510,40,49,107,19,4.964616090179718,30
1511,109,16,38,6,4.964461961570972,10
1512,96,23,90,9,4.963939687748078,14
1513,13,32,8,13,4.955794878282507,19
1514,56,19,68,9,4.94813216675333,10
1515,51,15,6,6,4.9453303449739225,9
1516,93,27,28,10,4.941127481170006,17
1517,114,22,9,7,4.931319071415342,15
1518,86,40,36,17,4.927433251240005,23
1519,74,56,106,24,4.924754963776778,32
1520,54,12,108,4,4.909695920764135,8
1521,38,12,28,6,4.907164394244691,6
1522,7,96,88,42,4.898871034458085,54
1523,107,11,72,5,4.898030864467369,6
1524,41,10,94,4,4.894347528636123,6
1525,16,34,43,13,4.892938270825966,21
1526,83,39,5,18,4.890865835189014,21
1527,69,11,95,4,4.882909765417961,7
1528,16,49,37,21,4.875150740770066,28
1529,85,12,88,5,4.8737543176102305,7
1530,37,54,106,25,4.865641247327302,29
1531,5,10,89,3,4.86246564090175,7
1532,52,12,107,4,4.861262849981809,8
1533,86,55,104,24,4.860072856889098,31
1534,97,12,32,5,4.851459349576839,7
1535,15,23,19,10,4.849772903955845,13
1536,11,35,54,15,4.848696271718109,20
1537,5,30,51,11,4.841333405150811,19
1538,83,20,64,9,4.840996077098241,11
1539,1,21,54,9,4.840521848687888,12
1540,18,41,75,18,4.835583954062303,23
1541,75,39,39,18,4.835166255544909,21
1542,87,15,52,7,4.832747531124254,8
1543,8,15,67,6,4.831909846155583,9
1544,31,19,25,9,4.823839301099763,10
1545,14,15,54,5,4.820525855929132,10
1546,74,11,85,5,4.812388004493803,6
1547,83,30,8,14,4.811627367676455,16
1548,6,12,106,5,4.810944704219048,7
1549,2,25,106,11,4.808494527305082,14
1550,96,13,108,6,4.805162668071275,7
1551,75,44,88,18,4.804702938088107,26
1552,16,11,56,4,4.8021414027227,7
1553,75,22,96,7,4.801381492311931,15
1554,68,16,6,6,4.799676836342988,10
1555,111,11,25,5,4.797175922879397,6
1556,52,13,20,5,4.795236183864801,8
1557,9,17,1,9,4.794059502939978,8
1558,76,33,5,14,4.788314400539968,19
1559,87,48,50,22,4.77809392160859,26
1560,9,12,5,5,4.777710715122403,7
1561,46,12,29,7,4.775703546529657,5
1562,114,14,94,7,4.775696268753724,7
1563,78,13,34,6,4.775374082125242,7
1564,90,13,70,6,4.771084444295362,7
1565,12,15,31,7,4.770632464521183,8
1566,6,16,27,7,4.762765446713923,9
1567,64,31,41,12,4.758473174288668,19
1568,93,16,50,6,4.755526241513054,10
1569,90,30,5,12,4.752640516818983,18
1570,87,67,65,28,4.751181720183053,39
1571,41,26,69,9,4.748815562050703,17
1572,25,16,77,7,4.745845616411638,9
1573,97,11,3,4,4.740273088979023,7
1574,8,41,46,19,4.737192297274268,22
1575,19,17,86,7,4.7362233460056355,10
1576,6,11,46,5,4.730994669309113,6
1577,15,14,75,5,4.729161606780822,9
1578,78,22,107,9,4.7251046015466605,13
1579,15,10,72,4,4.7131251167737505,6
1580,28,37,18,17,4.710953949587104,20
1581,43,16,71,8,4.70977023229907,8
1582,20,23,46,8,4.708713070266485,15
1583,11,14,80,6,4.704407754517106,8
1584,13,34,1,13,4.702199298952772,21
1585,55,45,60,20,4.699539635247214,25
1586,51,13,58,6,4.6987757235739265,7
1587,16,60,68,23,4.69433729993708,37
1588,97,10,62,4,4.689387738532959,6
1589,71,16,5,7,4.686451238703377,9
1590,98,20,49,9,4.675267204581688,11
1591,13,48,64,23,4.67021662986664,25
1592,52,12,8,5,4.669562642233978,7
1593,80,13,64,6,4.665596394208,7
1594,55,14,98,5,4.662824671110214,9
1595,100,47,107,23,4.662317987754554,24
1596,25,15,47,7,4.655390231832646,8
1597,51,16,112,7,4.651691136811714,9
1598,27,15,25,7,4.649655011418165,8
1599,63,39,96,15,4.649023449526137,24
1600,65,10,78,3,4.644155170044783,7
1601,6,21,16,10,4.642825718029857,11
1602,73,14,13,6,4.642713338622983,8
1603,107,34,38,14,4.639645864362564,20
1604,73,19,109,8,4.637139105733967,11
1605,60,22,25,10,4.636282806493916,12
1606,16,38,49,16,4.635489052576858,22
1607,106,15,110,7,4.633960085739299,8
1608,58,13,63,7,4.62886931152221,6
1609,60,22,96,7,4.611190930914724,15
1610,107,46,9,21,4.60932354627833,25
1611,81,17,18,7,4.608026491256892,10
1612,37,72,86,32,4.607837359690983,40
1613,88,10,66,4,4.60434245546846,6
1614,7,35,3,14,4.603775118928216,21
1615,88,62,68,26,4.601971796539838,36
1616,23,11,30,5,4.601908928188203,6
1617,77,13,95,6,4.60149322445291,7
1618,100,16,30,6,4.593688251732179,10
1619,50,32,96,14,4.592653394244439,18
1620,60,30,8,14,4.584471076654316,16
1621,28,25,71,10,4.584215619303489,15
1622,99,16,65,7,4.579704538683142,9
1623,39,52,49,21,4.579554913754907,31
1624,7,23,58,11,4.575034525669344,12
1625,99,14,95,6,4.572737764013027,8
1626,99,16,104,8,4.5627492392393,8
1627,70,15,23,7,4.554568026577778,8
1628,8,20,27,8,4.551888772342851,12
1629,83,15,46,7,4.551826612706301,8
1630,99,18,15,7,4.551461310618723,11
1631,28,16,85,7,4.545964613502572,9
1632,12,19,3,7,4.543846245794999,12
1633,23,24,76,11,4.537606040144393,13
1634,8,24,102,11,4.537070383836359,13
1635,106,23,75,11,4.532198108241345,12
1636,50,71,28,30,4.530365152854881,41
1637,37,43,55,20,4.516821858156878,23
1638,11,12,29,6,4.5142833194159175,6
1639,28,16,29,7,4.513248021932702,9
1640,80,10,69,5,4.508733977407145,5
1641,87,13,110,5,4.501644038521952,8
1642,75,20,112,8,4.4989690721071325,12
1643,93,15,37,6,4.493445665639034,9
1644,16,102,107,39,4.491862341070498,63
1645,34,15,27,7,4.4853072344681015,8
1646,65,22,3,9,4.4841958462742335,13
1647,95,33,107,15,4.475609109265348,18
1648,27,38,86,15,4.475599277388676,23
1649,55,45,11,18,4.474786147328663,27
1650,16,102,7,45,4.473957168273418,57
1651,96,31,25,14,4.4728328775528,17
1652,91,10,57,5,4.468260927215541,5
1653,37,18,32,8,4.466542082918521,10
1654,3,15,50,7,4.464463620895282,8
1655,107,23,47,10,4.459572238589974,13
1656,77,11,97,4,4.4549011553839994,7
1657,50,12,73,4,4.454782630059153,8
1658,95,44,16,20,4.453378575583387,24
1659,7,67,31,29,4.4532123702344615,38
1660,6,12,12,6,4.448996636056325,6
1661,2,42,50,18,4.448957186147168,24
1662,13,33,37,14,4.448467961015427,19
1663,95,15,109,6,4.444131433700797,9
1664,45,11,88,4,4.4416566980945715,7
1665,3,13,112,6,4.431324508959898,7
1666,76,33,104,13,4.431201348115444,20
1667,23,14,20,6,4.42777867543601,8
1668,102,20,87,8,4.423994697827657,12
1669,16,39,62,15,4.421453546972002,24
1670,99,30,13,13,4.420966828834258,17
1671,7,64,53,28,4.416213736910661,36
1672,16,109,51,49,4.412519515032203,60
1673,64,12,57,5,4.409680008541512,7
1674,114,20,64,8,4.407773657880817,12
1675,64,29,63,13,4.394960955961679,16
1676,111,20,86,8,4.3910837466552355,12
1677,51,26,43,12,4.390788502279346,14
1678,65,23,76,9,4.385586505985178,14
1679,90,18,17,9,4.380128430106854,9
1680,87,33,25,15,4.379098196808542,18
1681,86,59,39,28,4.3786884201575225,31
1682,16,25,47,11,4.37865192924873,14
1683,9,23,84,10,4.377008558892652,13
1684,60,13,98,6,4.372454949323835,7
1685,55,24,9,10,4.371040618945099,14
1686,55,13,58,6,4.369004483506264,7
1687,40,23,23,10,4.368423326803309,13
1688,74,15,9,6,4.367415226980942,9
1689,33,13,11,7,4.365968233102095,6
1690,95,20,23,9,4.3618962627692595,11
1691,64,31,71,12,4.35947313780117,19
1692,64,16,100,6,4.355062992024106,10
1693,47,24,88,11,4.347102674354304,13
1694,65,16,6,7,4.346168811124812,9
1695,70,29,65,11,4.343984179663613,18
1696,60,12,22,5,4.334241842742782,7
1697,95,19,41,8,4.332143979792177,11
1698,8,64,87,28,4.329007020305179,36
1699,98,23,37,10,4.327931130640237,13
1700,4,22,40,10,4.316643149060896,12
1701,70,14,71,7,4.315612188206775,7
1702,97,23,17,10,4.3134285513049555,13
1703,17,19,20,8,4.3112321942034,11
1704,50,10,52,5,4.308197298973349,5
1705,16,42,71,17,4.305176391927468,25
1706,13,80,107,36,4.302477990099946,44
1707,20,22,109,8,4.302333411252667,14
1708,106,27,53,13,4.302319600135898,14
1709,25,28,54,12,4.300413553073274,16
1710,20,21,44,9,4.299103845073809,12
1711,30,30,54,13,4.29530490019164,17
1712,20,63,54,30,4.290782184792432,33
1713,78,19,54,8,4.289939322497262,11
1714,104,75,65,34,4.2790290823471295,41
1715,9,27,54,12,4.272544772651765,15
1716,33,12,96,7,4.271042933020869,5
1717,108,16,60,7,4.267590404557525,9
1718,91,30,107,12,4.264126621091653,18
1719,51,15,38,6,4.261652425824847,9
1720,104,17,80,8,4.256665633473226,9
1721,15,19,27,8,4.251267966654789,11
1722,9,12,29,5,4.247154248113977,7
1723,106,14,34,7,4.243674039664675,7
1724,31,12,74,5,4.240578281890586,7
1725,109,10,47,4,4.236742850593238,6
1726,71,11,44,5,4.223524348839462,6
1727,4,19,18,8,4.220670692754494,11
1728,87,21,31,10,4.220659397575877,11
1729,86,59,46,23,4.218640718519183,36
1730,65,56,36,24,4.205692860728479,32
1731,15,11,40,5,4.201647176656486,6
1732,85,10,12,4,4.198135644237858,6
1733,76,16,102,7,4.19261584037067,9
1734,13,70,40,31,4.18989591600041,39
1735,30,13,109,5,4.185496549607356,8
1736,23,27,25,12,4.182190113226028,15
1737,80,18,7,7,4.182061930373814,11
1738,16,34,84,15,4.177116652788804,19
1739,46,51,54,22,4.174748314759056,29
1740,16,23,79,10,4.172627485125205,13
1741,28,60,84,26,4.150279635735803,34
1742,99,12,17,5,4.14837583337694,7
1743,55,58,65,26,4.147778374969592,32
1744,84,18,76,8,4.146116027740745,10
1745,20,13,73,5,4.146065391689569,8
1746,13,28,77,12,4.1425538330063505,16
1747,53,47,71,20,4.141303557057986,27
1748,88,53,9,23,4.139791770697589,30
1749,100,26,39,12,4.139510286166156,14
1750,100,15,62,7,4.138737945522874,8
1751,71,11,20,4,4.13643055739397,7
1752,49,19,9,9,4.13427318738577,10
1753,112,16,94,6,4.1306598471384035,10
1754,45,22,65,11,4.1259231703887,11
1755,28,31,102,14,4.125433119952879,17
1756,13,62,46,26,4.124756823653082,36
1757,3,12,46,6,4.120061864952646,6
1758,97,30,63,13,4.107378727934806,17
1759,93,14,109,6,4.103558953267082,8
1760,83,20,93,9,4.100880722204593,11
1761,20,24,35,10,4.098728722002914,14
1762,15,25,107,9,4.092385856197937,16
1763,36,11,19,5,4.088590218421688,6
1764,74,22,50,10,4.086243740312162,12
1765,86,117,5,51,4.074944655375778,66
1766,16,10,12,4,4.074172433894508,6
1767,87,38,60,18,4.07068260924909,20
1768,64,12,19,4,4.068998906277915,8
1769,43,10,95,4,4.063398320607949,6
1770,32,10,40,5,4.050021677419869,5
1771,23,43,88,17,4.047882049914368,26
1772,7,21,50,10,4.045740478776832,11
1773,98,26,76,11,4.039201436166646,15
1774,1,10,43,5,4.038976715758721,5
1775,9,18,38,8,4.035727579019442,10
1776,77,13,64,7,4.031037841312949,6
1777,71,13,47,6,4.030916530509353,7
1778,39,49,53,21,4.016611432547999,28
1779,104,44,51,17,4.0154244082227635,27
1780,8,20,110,8,4.013172679497404,12
1781,55,36,54,17,4.011039158800403,19
1782,66,12,31,5,4.008754872558654,7
1783,100,26,7,11,4.007756687202791,15
1784,30,33,71,15,4.006253796204616,18
1785,31,16,112,6,4.001730552260451,10
1786,16,17,58,7,3.986876789950901,10
1787,60,18,97,9,3.9792005525226366,9
1788,84,16,19,7,3.97722373483422,9
1789,96,12,14,5,3.975747798085754,7
1790,17,18,63,8,3.9668490280440634,10
1791,13,89,51,41,3.963822887097114,48
1792,74,24,93,11,3.9601017688790825,13
1793,30,13,35,6,3.9583115712431316,7
1794,65,34,17,13,3.9540701507148905,21
1795,88,50,104,21,3.9536343834384886,29
1796,27,27,39,14,3.9499684497300813,13
1797,9,45,86,19,3.945093339569097,26
1798,6,11,40,5,3.9442678680230823,6
1799,3,11,93,6,3.9394735942906975,5
1800,80,10,97,4,3.9365866928471034,6
1801,97,35,16,16,3.9340820840887147,19
1802,57,11,50,4,3.9290278222481443,7
1803,16,115,86,49,3.928159371089199,66
1804,5,28,2,12,3.923277825320168,16
1805,37,38,70,16,3.9227382855891664,22
1806,89,13,86,7,3.91749283769541,6
1807,79,13,54,5,3.90846253808764,8
1808,39,49,55,21,3.9021775272744907,28
1809,102,26,37,11,3.9015784283610255,15
1810,43,26,88,11,3.901562147714143,15
1811,28,23,57,10,3.897117570901977,13
1812,76,13,62,6,3.8913968956310088,7
1813,28,27,17,12,3.885054779321747,15
1814,11,73,86,33,3.8770029700163966,40
1815,95,36,87,16,3.86940077356921,20
1816,108,11,68,5,3.868849039567309,6
1817,68,17,109,6,3.8661451047117263,11
1818,62,12,3,5,3.8585322308569787,7
1819,41,25,114,12,3.854494902198664,13
1820,65,34,111,14,3.8475275648066685,20
1821,18,23,31,11,3.843025830767866,12
1822,20,26,7,12,3.839940256500117,14
1823,38,13,46,5,3.833859769343221,8
1824,91,26,13,12,3.831748260733109,14
1825,70,30,51,14,3.8297117807076555,16
1826,7,91,86,38,3.829211308511208,53
1827,44,16,87,7,3.8267549460576484,9
1828,4,11,3,5,3.825046392091852,6
1829,7,19,11,8,3.8244118156669114,11
1830,44,14,64,6,3.8242226428845654,8
1831,55,21,4,10,3.821660634263142,11
1832,5,28,91,11,3.8146250930665166,17
1833,110,16,5,7,3.8138584796050923,9
1834,107,57,55,26,3.801759981148568,31
1835,64,17,3,7,3.801459101897862,10
1836,60,20,19,8,3.8012085077122286,12
1837,20,13,104,5,3.7974160411444706,8
1838,80,13,60,6,3.7883602235098173,7
1839,94,12,37,5,3.788108137633396,7
1840,7,10,93,5,3.7802315490169653,5
1841,107,48,23,22,3.7778307981128205,26
1842,104,13,92,7,3.7768187223532306,6
1843,63,19,4,8,3.775833657808686,11
1844,15,22,54,11,3.7704013204125926,11
1845,47,13,15,6,3.7602698343279473,7
1846,30,40,87,18,3.755987804908456,22
1847,87,94,107,42,3.752378101695957,52
1848,51,33,109,12,3.752003613096799,21
1849,27,14,23,7,3.750376752309501,7
1850,53,42,40,19,3.7429391558119995,23
1851,1,13,4,5,3.736039087851971,8
1852,27,17,3,9,3.735454066656184,8
1853,86,65,25,30,3.735239092039536,35
1854,39,17,81,7,3.728914203220537,10
1855,89,14,60,7,3.7237634526579124,7
1856,15,21,5,8,3.714734226349825,13
1857,106,17,43,8,3.7068539679712273,9
1858,57,14,40,6,3.703028159726476,8
1859,16,94,65,41,3.6992360084989437,53
1860,23,19,28,9,3.6970356039584393,10
1861,81,11,108,5,3.691880009280834,6
1862,114,37,51,18,3.6824882422691596,19
1863,34,19,55,9,3.680955248563573,10
1864,101,14,68,5,3.6742625668258913,9
1865,71,12,27,5,3.672482180614424,7
1866,80,25,87,11,3.671802865102301,14
1867,88,32,18,15,3.671365875253385,17
1868,108,26,51,12,3.669690549423147,14
1869,39,24,31,10,3.6610558433956157,14
1870,49,33,86,16,3.658017569424131,17
1871,97,33,96,16,3.657438935158263,17
1872,90,10,71,5,3.6561036030201253,5
1873,107,21,32,10,3.6546977761524686,11
1874,109,15,9,8,3.6538651478462696,7
1875,86,35,112,15,3.6519339014109726,20
1876,17,11,18,6,3.651905683853181,5
1877,27,13,50,5,3.6503401008022798,8
1878,14,10,70,5,3.647042134114848,5
1879,54,51,51,23,3.6412061491233527,28
1880,112,13,69,6,3.640201196896185,7
1881,75,14,108,6,3.6340908116173014,8
1882,43,19,18,10,3.6267699505365183,9
1883,80,26,28,12,3.6230809501897743,14
1884,55,13,94,6,3.6120696685756317,7
1885,102,13,91,6,3.5942640564526322,7
1886,58,13,71,6,3.5901555481142546,7
1887,97,10,95,4,3.58943247133478,6
1888,61,16,60,8,3.58082656290379,8
1889,20,50,28,22,3.578415489537416,28
1890,3,18,57,8,3.574243211556378,10
1891,16,22,38,8,3.5724883088865464,14
1892,81,15,3,6,3.5653849933326986,9
1893,79,13,108,5,3.562523700236059,8
1894,64,11,33,4,3.5581108018586245,7
1895,28,19,36,9,3.5549996153541237,10
1896,23,13,57,6,3.554408044637193,7
1897,30,13,4,6,3.554167963462701,7
1898,62,26,71,12,3.5527257568780746,14
1899,53,49,65,23,3.552341058928982,26
1900,40,65,36,28,3.5400829247343655,37
1901,44,15,7,7,3.5352660207554516,8
1902,93,17,25,8,3.5300397889756283,9
1903,87,23,97,9,3.5298267728440083,14
1904,20,17,76,9,3.5278207011714735,8
1905,23,34,87,14,3.523799851921599,20
1906,16,39,17,15,3.5193037187836715,24
1907,84,10,69,4,3.511765515832677,6
1908,8,38,104,17,3.50734140656749,21
1909,49,10,33,4,3.5057518320537766,6
1910,74,16,23,7,3.505315761927058,9
1911,1,12,39,7,3.502316135418237,5
1912,37,13,108,6,3.501919723771849,7
1913,49,18,63,8,3.500149915800845,10
1914,50,26,9,11,3.4989626487903873,15
1915,97,36,114,16,3.4948097299506915,20
1916,60,25,95,11,3.491189705369488,14
1917,62,13,36,6,3.489528327052378,7
1918,54,11,103,4,3.4875703394156505,7
1919,36,30,51,14,3.4874600225025074,16
1920,12,18,71,8,3.487442945948432,10
1921,25,20,70,9,3.484518115943736,11
1922,55,16,18,8,3.4810467173744706,8
1923,96,57,54,28,3.4766133859583515,29
1924,73,14,16,7,3.4738693799097953,7
1925,74,60,5,28,3.469996146708342,32
1926,106,49,51,22,3.457607975311814,27
1927,11,27,20,11,3.4556419496334594,16
1928,33,23,5,11,3.454327509177194,12
1929,37,21,23,10,3.453043705748743,11
1930,68,25,46,11,3.449465987108053,14
1931,76,28,55,11,3.4438952481653065,17
1932,60,58,40,26,3.4423663485116363,32
1933,114,29,39,14,3.441117211126096,15
1934,102,31,25,14,3.4382241991917164,17
1935,4,12,37,5,3.421871703775507,7
1936,11,12,97,6,3.419346386793516,6
1937,17,11,36,6,3.4172736451567545,5
1938,104,26,98,14,3.4091853213510754,12
1939,97,34,65,15,3.4017573029180164,19
1940,55,29,84,13,3.40123055779696,16
1941,4,13,28,6,3.3940824912486867,7
1942,13,26,112,13,3.392352489097591,13
1943,73,10,104,4,3.391491099464731,6
1944,62,19,65,9,3.3909839239840913,10
1945,19,13,88,6,3.388300396354987,7
1946,36,28,55,13,3.383336577257353,15
1947,73,15,98,7,3.380055365181917,8
1948,100,13,44,6,3.3720452657314226,7
1949,11,41,88,18,3.366600706445604,23
1950,112,17,19,7,3.366573611867621,10
1951,58,14,87,6,3.365506713527052,8
1952,40,17,20,7,3.3649339637959645,10
1953,54,25,97,12,3.3648153427656755,13
1954,14,23,8,10,3.3634201583462158,13
1955,54,12,3,6,3.355227899021248,6
1956,88,30,70,13,3.3524090493184278,17
1957,83,10,20,5,3.3478898251644025,5
1958,40,15,91,7,3.345577169162442,8
1959,75,13,33,5,3.342736023465548,8
1960,54,20,98,9,3.3414082574982986,11
1961,68,13,5,6,3.3380294056441144,7
1962,71,13,76,7,3.3359186512389036,6
1963,108,17,74,7,3.332088965409244,10
1964,41,19,50,8,3.331657114556134,11
1965,104,32,54,15,3.328617374285995,17
1966,97,16,84,6,3.316428205809935,10
1967,60,31,75,14,3.3139158628036856,17
1968,28,12,15,6,3.3076634264923883,6
1969,28,29,48,13,3.3030143286202387,16
1970,104,60,5,28,3.3007473735225052,32
1971,7,50,27,23,3.2964519228876403,27
1972,100,20,74,9,3.2929107546249483,11
1973,90,25,60,10,3.288918313106561,15
1974,60,49,86,22,3.275471722293173,27
1975,114,13,67,6,3.2746706512348434,7
1976,11,11,78,6,3.2703286160036837,5
1977,43,17,19,7,3.2674154537236073,10
1978,13,114,7,52,3.2643026156976367,62
1979,28,56,54,25,3.2622780281799852,31
1980,18,56,53,26,3.2615252410170665,30
1981,30,16,19,8,3.2607810254983622,8
1982,76,14,95,6,3.2576515088397957,8
1983,7,24,74,9,3.257493143792888,15
1984,60,29,41,14,3.2551745470437363,15
1985,114,47,25,20,3.2540864225169766,27
1986,107,38,64,18,3.2526423716483417,20
1987,41,45,16,22,3.2495789716339614,23
1988,68,18,8,8,3.2434866605613233,10
1989,72,12,112,6,3.2419070033792714,6
1990,23,12,81,5,3.240703587077002,7
1991,99,25,60,11,3.2381944591027096,14
1992,27,18,94,8,3.2365053150430136,10
1993,107,49,36,23,3.234838704648264,26
1994,60,68,16,31,3.2309192664317186,37
1995,2,21,87,9,3.2308938185741103,12
1996,16,18,35,7,3.2305329948687067,11
1997,8,46,51,21,3.2258849231912943,25
1998,4,21,16,11,3.2239938149007976,10
1999,23,55,7,25,3.2229283053761675,30
2000,55,39,28,16,3.2184704312839787,23
2001,64,19,23,9,3.212372911598019,10
2002,51,45,46,20,3.212290911376682,25
2003,17,16,74,7,3.211770551027832,9
2004,50,19,97,8,3.210625734622642,11
2005,60,47,31,24,3.2094707274879264,23
2006,43,21,87,10,3.208829540534743,11
2007,106,28,17,11,3.2039846830051117,17
2008,44,12,76,5,3.2019945343572473,7
2009,36,41,39,18,3.1998605067578225,23
2010,55,49,5,22,3.1989531771818034,27
2011,88,61,5,29,3.1946532218196624,32
2012,37,54,50,26,3.188335276013606,28
2013,83,25,65,12,3.1850517665827933,13
2014,74,12,30,6,3.175828716417199,6
2015,43,30,65,15,3.1752092762666053,15
2016,43,32,7,13,3.1749602918386857,19
2017,106,25,60,10,3.171261503808182,15
2018,110,16,86,7,3.1694821197260503,9
2019,90,14,74,5,3.1680613510289204,9
2020,86,21,82,9,3.1586560919846263,12
2021,104,51,7,23,3.158219418007504,28
2022,75,23,23,12,3.1487336010920157,11
2023,23,48,65,23,3.1380450881841524,25
2024,112,11,43,5,3.1359235341148524,6
2025,34,20,17,9,3.1289905577883568,11
2026,36,11,80,5,3.115857421175661,6
2027,25,25,17,11,3.1106502600539105,14
2028,50,24,4,12,3.110559237136959,12
2029,63,91,86,38,3.106277287763664,53
2030,109,25,106,12,3.1028448270841773,13
2031,41,15,54,7,3.102250260710982,8
2032,92,15,60,6,3.101629065738582,9
2033,74,13,27,7,3.1002755903304404,6
2034,99,14,68,6,3.1001036150844663,8
2035,64,10,91,4,3.0993479020870796,6
2036,45,14,87,6,3.0862202973256596,8
2037,74,40,63,19,3.0803940829456544,21
2038,109,28,84,12,3.073799704825316,16
2039,74,11,41,6,3.0735662157516845,5
2040,75,30,25,13,3.069551733540898,17
2041,20,22,55,10,3.0673393388469985,12
2042,60,40,114,22,3.0670908685799034,18
2043,71,18,25,8,3.0644100067848146,10
2044,48,14,55,6,3.06362691776684,8
2045,29,27,107,10,3.0624303248850926,17
2046,71,42,86,20,3.060669361739169,22
2047,39,19,77,9,3.0517041333574357,10
2048,38,13,96,6,3.0422152322461717,7
2049,25,39,65,16,3.0368934823131175,23
2050,65,16,49,7,3.034256149542809,9
2051,27,12,99,6,3.0280763102634354,6
2052,86,86,84,42,3.02781032605717,44
2053,86,107,87,53,3.0145371966175083,54
2054,6,27,7,15,3.013941061604383,12
2055,7,16,29,9,3.005492860131707,7
2056,20,47,37,22,3.004985214474966,25
2057,96,14,34,6,3.0017630147825622,8
2058,4,11,69,5,2.999484176661719,6
2059,15,27,65,12,2.982564153570303,15
2060,13,25,78,11,2.9806689093334273,14
2061,34,21,16,9,2.976314710839408,12
2062,84,36,106,18,2.9754739608250116,18
2063,49,16,64,8,2.974435618509845,8
2064,36,32,4,13,2.9739066740354185,19
2065,85,16,68,6,2.973610386914133,10
2066,2,21,37,10,2.9697580112694486,11
2067,34,10,67,6,2.9692152425887484,4
2068,28,14,78,7,2.9690904453024123,7
2069,47,11,53,5,2.9672181618537916,6
2070,34,18,13,8,2.9667381266142607,10
2071,25,18,57,8,2.964934950553875,10
2072,114,23,46,10,2.9631435316072405,13
2073,80,16,8,8,2.9519293865537115,8
2074,18,20,65,10,2.9468351166959534,10
2075,41,32,40,15,2.9467288085082743,17
2076,28,57,65,25,2.9366188041670434,32
2077,36,20,87,8,2.935573250897663,12
2078,74,82,86,39,2.921287780715151,43
2079,102,19,106,10,2.9207255392565097,9
2080,25,12,108,5,2.9132670669268244,7
2081,51,27,23,12,2.9105396123674607,15
2082,91,19,37,9,2.9050960547005245,10
2083,114,15,49,8,2.9041454192281644,7
2084,71,13,108,6,2.8992906212622866,7
2085,44,10,70,5,2.8975248911261433,5
2086,13,71,55,33,2.8959426272282824,38
2087,75,24,74,10,2.8903655619324433,14
2088,85,11,65,5,2.888798069516538,6
2089,85,13,16,5,2.881350637135497,8
2090,27,21,75,10,2.874214711599615,11
2091,57,12,53,6,2.8739584447786424,6
2092,87,42,20,20,2.8691206159340576,22
2093,46,23,63,12,2.867241869896345,11
2094,103,10,100,4,2.8578102045356197,6
2095,39,35,104,16,2.8536678809946237,19
2096,51,18,99,9,2.853477797374065,9
2097,73,16,96,7,2.8534303980093814,9
2098,34,10,65,5,2.851457666336363,5
2099,97,13,33,6,2.8486496222061595,7
2100,28,13,44,7,2.8461398630992765,6
2101,46,24,76,11,2.8453201116747953,13
2102,23,13,104,5,2.8445076862849494,8
2103,104,33,74,14,2.8329598216365466,19
2104,53,23,81,10,2.832269045840245,13
2105,40,14,109,6,2.8243745319718676,8
2106,18,13,71,6,2.821320109059578,7
2107,64,13,47,5,2.8212403790572256,8
2108,39,12,98,5,2.8139572577793732,7
2109,1,32,36,16,2.8095303452930684,16
2110,99,15,41,7,2.8081672918617278,8
2111,106,14,112,7,2.805082024542767,7
2112,50,20,109,9,2.7980846162026616,11
2113,4,25,114,12,2.797376255941943,13
2114,7,26,1,12,2.7932054952385035,14
2115,49,13,15,6,2.79319706639659,7
2116,100,13,36,6,2.7923934619121087,7
2117,9,15,97,8,2.7891659901703596,7
2118,28,31,91,14,2.785819668061851,17
2119,11,14,27,7,2.775005756753638,7
2120,13,11,103,5,2.771821763683223,6
2121,5,11,10,6,2.7716738654503197,5
2122,38,11,40,6,2.7715520430648577,5
2123,5,17,77,8,2.765837567194589,9
2124,86,99,28,44,2.7627265154997587,55
2125,16,28,111,12,2.7556703657470822,16
2126,68,23,38,10,2.7530952272237914,13
2127,63,23,112,11,2.746965390570722,12
2128,68,28,70,13,2.7436175339888784,15
2129,112,12,8,6,2.740736306324458,6
2130,97,22,104,11,2.7396377781056174,11
2131,85,14,17,6,2.7395161081641874,8
2132,29,10,69,5,2.739235241695101,5
2133,99,12,63,6,2.7377253409939364,6
2134,65,50,106,23,2.735321183024918,27
2135,75,12,34,6,2.7327928404854553,6
2136,29,11,41,5,2.729777141843769,6
2137,16,76,8,34,2.7297636152330345,42
2138,55,53,88,22,2.721264805593774,31
2139,104,31,70,14,2.720810924975006,17
2140,11,50,28,24,2.7199624016130106,26
2141,95,11,80,5,2.7197438471090796,6
2142,49,16,70,8,2.713121422106841,8
2143,41,50,107,21,2.7130435159152007,29
2144,87,15,6,7,2.694438630924357,8
2145,86,81,8,40,2.692628979543156,41
2146,65,40,71,17,2.686780335165667,23
2147,13,11,35,5,2.684594978225239,6
2148,39,25,5,12,2.679132217269287,13
2149,25,17,44,8,2.673535476281759,9
2150,95,18,75,8,2.672802736686619,10
2151,114,25,74,12,2.666972342657447,13
2152,19,13,98,7,2.664848401043938,6
2153,74,13,91,6,2.658254293210725,7
2154,92,29,88,13,2.6541256559252315,16
2155,57,13,36,5,2.6531160901053807,8
2156,30,24,8,11,2.6514132136935467,13
2157,30,21,37,9,2.6448172779185537,12
2158,16,60,5,25,2.6435184456824317,35
2159,88,17,6,8,2.6434018871915526,9
2160,33,14,95,6,2.641545389608455,8
2161,10,10,106,3,2.639964127087712,7
2162,11,17,17,8,2.63850353139516,9
2163,110,13,54,6,2.63588490299345,7
2164,17,30,39,13,2.6347382750427313,17
2165,91,36,86,17,2.627461430980282,19
2166,11,16,41,6,2.621488887090537,10
2167,108,30,107,14,2.620006429041506,16
2168,7,107,68,49,2.615642976840099,58
2169,75,28,64,13,2.6143964254367047,15
2170,76,13,2,5,2.6134640032331116,8
2171,11,16,40,7,2.6127959858163616,9
2172,40,29,1,13,2.608102727316189,16
2173,85,25,107,12,2.601380149286502,13
2174,36,23,91,10,2.600483205457648,13
2175,40,19,27,11,2.5947052105553365,8
2176,1,10,109,5,2.5929606771402254,5
2177,86,33,18,14,2.5923706641316473,19
2178,71,25,87,12,2.5901035214218346,13
2179,34,33,107,14,2.587571909726937,19
2180,69,14,71,7,2.5823526075537777,7
2181,1,15,17,7,2.5752502333351277,8
2182,69,13,3,5,2.5732249505733895,8
2183,50,50,107,24,2.5656690703128167,26
2184,92,13,87,6,2.565186954563254,7
2185,9,11,23,5,2.5650998994582817,6
2186,28,43,51,21,2.5635290356109595,22
2187,83,10,63,6,2.557624644664858,4
2188,86,14,14,7,2.5565201304900333,7
2189,88,21,38,8,2.5549614194684716,13
2190,73,19,1,8,2.55342910039073,11
2191,7,74,36,34,2.5493587507973596,40
2192,19,15,20,7,2.543598619448083,8
2193,63,16,79,7,2.5383647167046712,9
2194,111,11,60,4,2.535604443502029,7
2195,39,50,60,24,2.5355246842136103,26
2196,69,15,94,7,2.5350277997352677,8
2197,20,20,95,9,2.532527406942274,11
2198,7,29,17,13,2.532089441361392,16
2199,44,15,107,7,2.530544567099409,8
2200,36,33,9,15,2.5279240780374668,18
2201,60,57,68,25,2.5271272115940575,32
2202,39,18,4,8,2.5267698999647226,10
2203,39,32,50,15,2.5245695496572065,17
2204,80,34,54,17,2.5244394841569355,17
2205,28,19,19,8,2.518286906397448,11
2206,12,15,36,7,2.516319942513749,8
2207,75,43,55,18,2.5125301308500267,25
2208,106,37,96,16,2.50842381050559,21
2209,88,70,51,36,2.506363518676434,34
2210,60,26,28,14,2.50378394638272,12
2211,37,18,109,8,2.501013404341532,10
2212,86,34,78,16,2.500935014620726,18
2213,76,28,11,12,2.4965409468099162,16
2214,18,11,111,5,2.4899108726358863,6
2215,95,30,39,14,2.481130681096554,16
2216,96,14,3,7,2.4759083478520023,7
2217,7,61,9,30,2.475604646115282,31
2218,75,31,87,14,2.4728263386250795,17
2219,3,11,94,5,2.470336823433669,6
2220,27,24,87,11,2.4697666146464154,13
2221,4,17,81,7,2.4678124777063273,10
2222,87,40,74,18,2.4671563114027473,22
2223,74,17,69,9,2.4664972820824542,8
2224,88,72,107,32,2.4608917089958973,40
2225,19,23,68,10,2.459954749025013,13
2226,65,29,112,13,2.4552380652908354,16
2227,32,10,50,6,2.444054190716271,4
2228,96,31,88,15,2.4406464912019903,16
2229,12,18,86,8,2.4382543520920796,10
2230,55,39,106,17,2.438139246666604,22
2231,14,19,51,7,2.4338441230915158,12
2232,100,16,17,6,2.4323723068282863,10
2233,91,20,75,13,2.432369433261267,7
2234,112,15,17,7,2.4234359656310724,8
2235,109,11,99,5,2.4195174025010595,6
2236,107,46,25,22,2.4187485647838765,24
2237,94,17,54,8,2.418369665890047,9
2238,71,35,39,16,2.4158892555534424,19
2239,65,11,92,5,2.4112859752548714,6
2240,8,33,93,16,2.4111455321691304,17
2241,47,24,51,12,2.409457368099758,12
2242,9,18,69,8,2.405000245398061,10
2243,20,26,80,12,2.4033351571638564,14
2244,56,10,8,4,2.40008605471798,6
2245,114,15,98,7,2.3992721750256902,8
2246,46,38,28,16,2.3990178798165633,22
2247,83,22,87,11,2.390357141943488,11
2248,111,12,8,6,2.390343846489095,6
2249,104,40,95,18,2.3890342183876085,22
2250,4,21,71,8,2.3871750117365993,13
2251,96,25,104,11,2.3866419839158346,14
2252,75,13,56,5,2.3840139649043497,8
2253,8,23,17,11,2.3808090982416816,12
2254,71,40,107,17,2.3760609676092463,23
2255,8,55,96,25,2.371439357092425,30
2256,30,15,48,6,2.3702999073115167,9
2257,50,19,112,8,2.3689643473531756,11
2258,40,24,50,10,2.3671440474550507,14
2259,7,19,70,7,2.364945757295021,12
2260,63,46,39,18,2.3626947638130473,28
2261,99,23,5,11,2.3616219022642833,12
2262,8,51,11,23,2.3603163454829668,28
2263,15,16,100,8,2.3572829681222305,8
2264,96,14,109,6,2.3566759619593642,8
2265,4,36,31,15,2.3535355966794667,21
2266,87,23,69,10,2.352208197144829,13
2267,107,58,37,27,2.3520883092822165,31
2268,104,19,3,9,2.3520715951524083,10
2269,16,20,2,9,2.3446106684988552,11
2270,114,12,38,6,2.341526377437994,6
2271,6,13,50,6,2.3414923323310646,7
2272,29,16,86,7,2.3399676619619445,9
2273,15,31,57,14,2.3311898509183164,17
2274,25,28,53,14,2.3301510854690854,14
2275,109,51,5,25,2.3285813949081655,26
2276,50,23,64,11,2.3285304422785047,12
2277,104,21,102,11,2.320627297470276,10
2278,88,32,91,15,2.315767764685104,17
2279,65,39,12,19,2.311622607173605,20
2280,54,18,72,8,2.308906899741836,10
2281,109,18,48,9,2.306624480190798,9
2282,86,20,94,9,2.303835666976208,11
2283,58,12,50,6,2.3033767529431137,6
2284,109,22,102,10,2.3031948555261113,12
2285,88,27,69,12,2.3003595758399977,15
2286,86,21,32,10,2.2989864902239003,11
2287,9,15,81,7,2.2974062849528156,8
2288,100,24,5,11,2.2932427434044684,13
2289,114,18,45,8,2.292094813707232,10
2290,51,28,69,12,2.2914051236276647,16
2291,106,13,4,7,2.287883468044352,6
2292,29,11,17,5,2.2877927401917684,6
2293,37,46,74,22,2.283869095408045,24
2294,63,38,114,15,2.2836807270192585,23
2295,9,47,40,21,2.2806450266015683,26
2296,88,20,35,10,2.2787018333731495,10
2297,80,16,71,8,2.275392383804814,8
2298,16,48,70,21,2.2731186306672027,27
2299,61,10,31,5,2.2696136748473603,5
2300,28,66,96,31,2.267406944603933,35
2301,85,12,7,5,2.2672729351147445,7
2302,106,45,88,19,2.2639858690375614,26
2303,95,30,25,14,2.25397314365567,16
2304,69,13,20,6,2.253225234520165,7
2305,88,38,4,18,2.2459217004175493,20
2306,70,10,27,5,2.243263258457552,5
2307,18,14,20,6,2.2334528603958916,8
2308,62,12,1,5,2.2295391066336445,7
2309,90,16,25,7,2.2261576936837058,9
2310,88,11,33,6,2.22422094342155,5
2311,15,35,16,18,2.2237416484226826,17
2312,98,13,99,7,2.2212581677933785,6
2313,18,14,98,8,2.221147797140808,6
2314,93,12,51,6,2.2166321429168523,6
2315,8,84,55,42,2.2123521211081862,42
2316,5,50,96,22,2.2114271922507607,28
2317,60,63,88,28,2.2053487740970454,35
2318,107,50,106,24,2.1993074270722803,26
2319,31,10,54,5,2.186668926147148,5
2320,8,64,74,28,2.186622040651489,36
2321,51,53,60,22,2.1855409593348947,31
2322,107,49,68,22,2.1853889900704098,27
2323,63,36,11,15,2.1843034251555355,21
2324,63,26,70,12,2.1813121472430437,14
2325,84,16,93,8,2.173203038685072,8
2326,33,11,39,5,2.170155887452032,6
2327,86,75,54,36,2.1689438842347455,39
2328,88,14,74,5,2.165363961250821,9
2329,23,13,53,6,2.1639220781507627,7
2330,102,22,74,10,2.1384304011801047,12
2331,34,13,76,7,2.1338119769299593,6
2332,35,16,43,8,2.1256405181906697,8
2333,37,26,84,12,2.124049904647881,14
2334,53,11,70,5,2.117480208536356,6
2335,65,38,37,19,2.116557677432621,19
2336,1,20,64,10,2.1164326209593654,10
2337,74,12,33,6,2.113811361820999,6
2338,12,11,38,5,2.110101843923071,6
2339,84,18,79,9,2.0988599029371873,9
2340,83,34,55,17,2.0962093979720215,17
2341,97,22,8,11,2.094799206270941,11
2342,17,12,91,5,2.0932516032559634,7
2343,13,18,62,9,2.0919053307034106,9
2344,51,73,107,31,2.089934426977997,42
2345,88,55,28,25,2.0851563159512976,30
2346,74,47,65,23,2.0847963525870914,24
2347,82,10,63,5,2.077975861296688,5
2348,30,16,38,6,2.068057686709754,10
2349,29,24,87,10,2.0660123903160934,14
2350,79,12,88,5,2.064245316960763,7
2351,72,10,88,4,2.061958798790806,6
2352,86,12,113,5,2.0586102760293077,7
2353,86,45,90,20,2.0574221764428238,25
2354,17,48,51,24,2.054126154034215,24
2355,65,31,80,15,2.0509198465423397,16
2356,55,12,78,5,2.0477037119923778,7
2357,93,21,88,9,2.047097578055209,12
2358,15,30,86,14,2.0441092378448196,16
2359,18,34,51,17,2.042743355152735,17
2360,49,25,17,10,2.0365468890654417,15
2361,89,14,88,7,2.0354634990614118,7
2362,23,11,43,5,2.035393252479513,6
2363,27,17,47,9,2.0335900799830844,8
2364,109,18,65,7,2.0321022824018544,11
2365,55,11,79,5,2.0315889229013426,6
2366,91,14,114,7,2.0312426341433967,7
2367,60,29,9,12,2.026686622824744,17
2368,32,11,13,5,2.026181507027534,6
2369,18,32,60,15,2.0244266182620256,17
2370,78,24,68,11,2.023366317382964,13
2371,114,27,17,11,2.0211590753648707,16
2372,8,37,90,16,2.0194647820717804,21
2373,83,22,97,12,2.007636873207567,10
2374,16,87,28,40,2.003836691762287,47
2375,109,58,86,27,1.9995853464624296,31
2376,94,22,68,10,1.9968118227009077,12
2377,69,24,7,12,1.9945381002011566,12
2378,104,15,112,7,1.99393597279257,8
2379,13,38,50,18,1.9937674166002914,20
2380,60,20,38,10,1.990189103737265,10
2381,53,19,4,9,1.987694792892671,10
2382,1,33,107,16,1.9841002438837665,17
2383,28,38,25,16,1.9833898911599184,22
2384,95,28,53,11,1.9769373995573185,17
2385,64,15,15,8,1.9745380862871305,7
2386,41,18,76,10,1.9724048364464457,8
2387,50,11,35,5,1.9581460146246747,6
2388,78,12,71,6,1.95458083263832,6
2389,65,62,68,29,1.9489656124673347,33
2390,36,34,64,17,1.9485056781764598,17
2391,7,15,48,8,1.9478692265013036,7
2392,19,14,3,6,1.9452038431063525,8
2393,25,20,55,9,1.9429576796619945,11
2394,8,49,65,23,1.9424040079534102,26
2395,23,14,31,6,1.9392936999416424,8
2396,110,13,104,5,1.9388474450810558,8
2397,71,49,7,25,1.9387153694352777,24
2398,32,10,98,5,1.9380052263831626,5
2399,78,22,63,11,1.9372183486989625,11
2400,20,19,30,9,1.9352963119709488,10
2401,23,14,97,7,1.9330528734436567,7
2402,87,38,84,18,1.9318820493391857,20
2403,70,19,40,8,1.9276789997691202,11
2404,114,56,86,27,1.9239569797033826,29
2405,114,21,18,10,1.923577249757446,11
2406,53,43,64,20,1.921457820047301,23
2407,99,11,76,6,1.9173589523208343,5
2408,97,32,106,16,1.9159665785715099,16
2409,110,11,17,5,1.9155371371930665,6
2410,71,29,63,13,1.9151839795200705,16
2411,87,23,47,11,1.9101133657381941,12
2412,68,38,1,18,1.9099752765436664,20
2413,3,34,68,15,1.9069651393335179,19
2414,16,31,80,14,1.9062257079773537,17
2415,14,13,88,6,1.902096229341471,7
2416,107,27,112,13,1.8978016202230066,14
2417,20,35,106,16,1.890590591428699,19
2418,47,34,39,16,1.8887252121213745,18
2419,25,23,64,11,1.8857238852847684,12
2420,2,41,8,20,1.8848654476169697,21
2421,87,30,64,15,1.880574512996562,15
2422,8,14,79,8,1.8787453444383122,6
2423,51,49,41,23,1.8775057050925423,26
2424,13,91,65,42,1.8704880163256519,49
2425,17,26,54,13,1.867393134138254,13
2426,37,95,5,46,1.8654288703425719,49
2427,49,58,13,29,1.8651213064868015,29
2428,27,11,103,6,1.8644297499464981,5
2429,85,11,112,5,1.861901124722568,6
2430,87,61,106,30,1.856632619724249,31
2431,8,17,49,9,1.8503482563099287,8
2432,53,22,97,10,1.849246682219108,12
2433,65,23,84,11,1.8452384016260996,12
2434,68,15,81,7,1.8403513087559698,8
2435,114,30,20,14,1.8395405662544742,16
2436,84,38,96,19,1.8356486827006797,19
2437,87,26,49,14,1.831058277090673,12
2438,39,30,3,15,1.830220006872888,15
2439,28,54,109,24,1.8301464583611136,30
2440,54,20,49,10,1.829154265922774,10
2441,74,29,13,14,1.8278354237299064,15
2442,106,11,3,5,1.8270221877820192,6
2443,44,13,114,6,1.8263733365516701,7
2444,64,16,108,8,1.8224151605655865,8
2445,102,13,99,6,1.8212893413036875,7
2446,71,11,109,5,1.8196417828202216,6
2447,79,18,28,8,1.8130893193426152,10
2448,57,24,41,11,1.8129246044249019,13
2449,40,18,111,9,1.8104998545748818,9
2450,36,22,25,11,1.8071440138268557,11
2451,51,34,31,14,1.8036645224364214,20
2452,41,27,27,12,1.7994427982304588,15
2453,87,36,104,19,1.7913529653460043,17
2454,37,25,90,12,1.7816453937181782,13
2455,11,17,60,8,1.7794297174970226,9
2456,102,13,84,6,1.779322402529277,7
2457,109,21,76,11,1.7708841969163662,10
2458,16,93,13,42,1.7680272073351382,51
2459,88,11,110,6,1.7642228121429866,5
2460,84,26,70,12,1.7530345342228948,14
2461,86,33,57,15,1.7522583613315104,18
2462,4,31,68,15,1.751066192618154,16
2463,97,38,107,19,1.7507246476170455,19
2464,86,13,61,6,1.7442789867829447,7
2465,60,33,36,16,1.7416473627060747,17
2466,18,11,6,5,1.7414584600944751,6
2467,78,10,109,5,1.7406613893547558,5
2468,8,27,23,13,1.7400762718841152,14
2469,36,37,88,16,1.7392851936744347,21
2470,88,22,81,10,1.7392542924502719,12
2471,70,19,75,10,1.7314858975507377,9
2472,50,13,12,8,1.7279667161947851,5
2473,63,15,45,7,1.7260545689947924,8
2474,16,19,45,8,1.7223541453977003,11
2475,104,64,16,30,1.7215823847620741,34
2476,54,14,27,7,1.7208673623652107,7
2477,86,32,38,15,1.7164597494651737,17
2478,16,24,29,12,1.713741055778729,12
2479,109,14,43,7,1.7129267358733018,7
2480,54,40,7,19,1.7088310244062668,21
2481,9,32,63,15,1.7078031316881512,17
2482,48,10,37,5,1.7035937503192145,5
2483,23,44,86,21,1.7030841833116428,23
2484,20,16,102,8,1.6989391239814933,8
2485,36,15,23,9,1.6972875274185721,6
2486,7,74,40,33,1.6955910385318638,41
2487,9,23,46,10,1.6945658865661515,13
2488,34,24,86,12,1.693239196868056,12
2489,68,34,106,16,1.687950689096679,18
2490,17,12,77,6,1.6873994667000638,6
2491,54,29,114,15,1.6786165794472776,14
2492,45,28,31,13,1.6710870406691087,15
2493,85,13,51,7,1.664226628935165,6
2494,107,32,17,15,1.6568754180103666,17
2495,30,25,40,12,1.652774817060953,13
2496,36,23,68,11,1.6511686348202657,12
2497,57,41,16,20,1.6424919072587296,21
2498,38,12,80,5,1.6400661445963558,7
2499,13,47,27,23,1.6357555178222805,24
2500,7,78,41,38,1.6316845641232849,40
2501,39,19,96,8,1.6315253594413592,11
2502,112,20,9,10,1.6257132685716438,10
2503,19,17,94,8,1.6219930180628628,9
2504,68,18,57,9,1.6190755944848347,9
2505,70,13,43,6,1.6071210379776917,7
2506,47,18,63,10,1.604466681510507,8
2507,94,10,18,5,1.6001116131573032,5
2508,99,18,30,8,1.5949338139614577,10
2509,64,10,90,5,1.5921132093044654,5
2510,2,15,25,8,1.5845186001024008,7
2511,55,22,90,12,1.578656952498874,10
2512,60,25,46,12,1.5735893742532674,13
2513,40,58,88,27,1.5715316879527905,31
2514,58,12,43,6,1.5653312346763884,6
2515,94,13,29,6,1.5621793773373,7
2516,9,14,111,7,1.5621342613374551,7
2517,8,66,28,31,1.5619285888266077,35
2518,109,11,49,5,1.5612220128244458,6
2519,104,23,83,10,1.5563880557352996,13
2520,106,15,14,8,1.5523885439078582,7
2521,11,26,74,12,1.5483769164487977,14
2522,57,12,43,4,1.547683226037978,8
2523,74,11,112,5,1.546586662588193,6
2524,60,24,15,12,1.5446933308477528,12
2525,97,25,46,12,1.5379422598602892,13
2526,13,23,45,11,1.536281477648622,12
2527,29,13,53,5,1.5317670028644748,8
2528,87,31,109,14,1.531687543119842,17
2529,114,20,84,9,1.5282826629009798,11
2530,1,34,88,17,1.5234508852206479,17
2531,35,14,37,7,1.523131742310598,7
2532,71,23,51,11,1.5213301920130464,12
2533,43,12,8,6,1.5194230889621367,6
2534,46,12,55,5,1.5148590180899557,7
2535,28,63,5,31,1.5122016375527902,32
2536,23,19,15,9,1.5056915581420054,10
2537,50,17,108,9,1.5013768012598343,8
2538,29,11,43,5,1.4978241959441965,6
2539,46,52,5,24,1.4974094901037487,28
2540,4,59,13,27,1.4911690163054754,32
2541,73,15,63,8,1.4760785674332926,7
2542,11,17,32,9,1.4729852723414754,8
2543,86,32,2,16,1.4682447143488935,16
2544,112,16,23,7,1.4656028868993851,9
2545,40,64,51,31,1.4624658901194145,33
2546,33,20,28,11,1.4609880096092185,9
2547,31,21,47,10,1.4606130980712668,11
2548,25,23,83,10,1.4597201880554966,13
2549,84,32,54,15,1.4591305177250882,17
2550,20,15,93,8,1.4584347045217758,7
2551,8,16,38,8,1.4562520429495758,8
2552,50,16,89,7,1.4560158637801317,9
2553,53,30,55,14,1.4538038424746393,16
2554,46,62,88,31,1.4519317579443412,31
2555,3,35,51,20,1.4506027114913664,15
2556,27,17,49,8,1.4502216646949986,9
2557,106,55,63,27,1.4485566818099482,28
2558,39,20,70,9,1.4424153371414083,11
2559,20,21,97,11,1.439527960881874,10
2560,50,28,25,14,1.4391705454909012,14
2561,3,34,87,16,1.4358884403857266,18
2562,85,30,86,14,1.4358048779112953,16
2563,70,56,86,26,1.42921805361145,30
2564,65,70,41,31,1.4285809086277084,39
2565,36,35,45,19,1.423273124508123,16
2566,29,18,51,8,1.4222631016002016,10
2567,74,21,18,11,1.4198609666190058,10
2568,1,11,53,5,1.4196819324858228,6
2569,94,11,109,6,1.4139835062750086,5
2570,13,70,60,31,1.4135782374303616,39
2571,12,16,40,8,1.4120822666164417,8
2572,7,58,18,29,1.407111198769738,29
2573,19,27,16,13,1.4047024695833616,14
2574,12,22,13,8,1.4046792155049035,14
2575,70,17,95,9,1.4011695857654913,8
2576,75,12,44,5,1.399837377533035,7
2577,91,13,9,6,1.3946381880594532,7
2578,7,15,83,6,1.3943529604549396,9
2579,44,25,16,13,1.3924747988210242,12
2580,43,13,37,7,1.3915535608538905,6
2581,77,20,65,10,1.3855589926207088,10
2582,36,11,29,6,1.3837445576600587,5
2583,50,41,11,19,1.3816262941644981,22
2584,95,31,7,14,1.3809406634768675,17
2585,106,30,41,15,1.3806292559177733,15
2586,6,11,69,6,1.3727715082405263,5
2587,86,66,55,31,1.371489773467497,35
2588,75,10,48,5,1.3711471542080278,5
2589,90,11,76,6,1.3711097869836062,5
2590,25,26,30,14,1.363384718034577,12
2591,64,42,68,18,1.3624818601326818,24
2592,107,39,70,20,1.3599998705907188,19
2593,69,12,85,6,1.3560361154784741,6
2594,12,16,18,7,1.3538062436901652,9
2595,97,37,88,18,1.349074362930903,19
2596,84,26,78,12,1.3485306553399412,14
2597,108,17,40,9,1.3479697301696818,8
2598,13,32,17,15,1.3464094405851712,17
2599,70,29,76,15,1.3451436146232179,14
2600,11,42,87,22,1.3332948484864775,20
2601,61,13,65,7,1.327965247882516,6
2602,60,25,109,12,1.3235251021634884,13
2603,74,18,80,9,1.3199661328668575,9
2604,3,17,55,8,1.3172267439478242,9
2605,10,16,8,7,1.3145513780375315,9
2606,32,12,51,6,1.314434714983352,6
2607,49,17,77,7,1.3133671484396685,10
2608,6,13,86,6,1.3062976396978554,7
2609,70,11,102,7,1.3043211125718095,4
2610,5,44,13,21,1.302350985374302,23
2611,11,11,34,6,1.300730341172683,5
2612,87,57,88,30,1.2972492664863855,27
2613,2,22,74,10,1.2925512141562505,12
2614,11,17,102,9,1.2862551218754514,8
2615,33,17,54,9,1.2844291677407338,8
2616,97,20,109,10,1.283406905257821,10
2617,50,30,51,15,1.277023353905357,15
2618,15,17,114,8,1.2734943259065565,9
2619,30,25,49,12,1.2718609290184746,13
2620,50,27,65,13,1.2644687002361983,14
2621,63,19,43,9,1.2637110667141382,10
2622,55,26,99,12,1.2605449554949548,14
2623,16,22,33,9,1.250719949272024,13
2624,23,11,48,5,1.2484887739294386,6
2625,65,10,89,5,1.246766687204138,5
2626,1,10,71,4,1.2456643982922146,6
2627,107,30,4,15,1.2387516471106226,15
2628,71,25,31,12,1.2380158081615504,13
2629,63,16,95,8,1.233969730193377,8
2630,11,49,107,23,1.2314893212442308,26
2631,71,26,9,12,1.2262156519313812,14
2632,51,22,49,11,1.2233396102543554,11
2633,98,11,74,5,1.2137114800422117,6
2634,64,42,88,19,1.2118692904336819,23
2635,25,33,97,16,1.211209753293348,17
2636,41,65,13,32,1.2092531577418808,33
2637,63,44,7,18,1.2086828652803667,26
2638,11,25,65,11,1.2017242876914807,14
2639,16,51,74,24,1.19895248847691,27
2640,93,16,11,6,1.1943672529988347,10
2641,25,25,109,12,1.1927554377225935,13
2642,76,29,87,13,1.173923997825125,16
2643,65,12,19,6,1.1638597275073126,6
2644,60,73,71,35,1.1360670304013205,38
2645,36,26,106,13,1.1307287364062801,13
2646,3,26,31,14,1.130409883055894,12
2647,61,18,88,10,1.1254133453483963,8
2648,63,24,60,11,1.111646820871102,13
2649,63,47,40,22,1.1085655861732644,25
2650,73,13,55,6,1.1082443575059586,7
2651,91,12,47,6,1.1047106963660296,6
2652,40,19,45,9,1.1043531225931202,10
2653,96,18,2,9,1.1039761816908797,9
2654,107,35,46,18,1.1031099530770954,17
2655,70,39,106,20,1.1024614638047308,19
2656,46,45,11,21,1.1009029076063184,24
2657,111,18,23,7,1.0979651768767418,11
2658,51,71,68,37,1.0948955307720363,34
2659,14,16,11,7,1.0923565448715802,9
2660,40,13,74,6,1.0901529369074687,7
2661,15,29,7,16,1.0799432282724764,13
2662,46,20,57,10,1.0787393081529641,10
2663,64,19,97,9,1.0748997556854092,10
2664,87,50,28,25,1.072521726859484,25
2665,67,20,37,9,1.0707700527635258,11
2666,106,12,66,5,1.070759127853136,7
2667,68,11,102,5,1.0688066146446942,6
2668,70,55,8,27,1.0665028298167964,28
2669,104,30,109,15,1.0638658496000608,15
2670,18,35,87,16,1.0595333397572304,19
2671,20,18,48,8,1.0556464172960105,10
2672,43,18,69,9,1.0483584083277537,9
2673,16,37,40,17,1.0479395774839413,20
2674,20,32,13,16,1.0473604323868067,16
2675,54,28,102,14,1.0470828148001607,14
2676,114,19,69,8,1.0427404151557151,11
2677,90,21,88,11,1.0373159148886417,10
2678,45,14,3,7,1.0349134798027078,7
2679,35,22,7,11,1.0299988339542105,11
2680,13,56,9,26,1.0296923282418164,30
2681,107,111,86,53,1.0263307921685707,58
2682,63,20,44,9,1.0233184771026502,11
2683,70,10,33,5,1.0222975969230632,5
2684,16,42,114,19,1.0212587757382692,23
2685,86,22,93,11,1.0208024258978539,11
2686,60,57,77,28,1.0187732052674565,29
2687,98,28,107,14,1.0170960211152535,14
2688,13,43,75,20,1.005364432264769,23
2689,114,11,93,6,1.004990658958168,5
2690,114,39,7,18,1.0047894280060632,21
2691,87,54,54,25,1.0010998909513955,29
2692,37,37,17,16,0.9978108601802018,21
2693,86,70,13,35,0.9970973609227789,35
2694,9,13,30,6,0.9935090532750582,7
2695,39,20,19,8,0.9912638140696439,12
2696,64,21,38,10,0.9820263127460184,11
2697,87,53,51,26,0.9813193495830117,27
2698,60,10,93,6,0.9795074052045596,4
2699,8,67,54,35,0.9788096362147576,32
2700,107,65,5,32,0.9748363761521144,33
2701,78,12,9,6,0.9745877106891208,6
2702,53,40,51,20,0.9719493528973242,20
2703,37,50,51,27,0.9710667257210692,23
2704,102,30,114,14,0.9680544759122783,16
2705,80,10,17,6,0.9638999099498463,4
2706,104,38,106,19,0.9604760273979323,19
2707,106,11,103,6,0.9583580547252424,5
2708,64,32,39,15,0.9582943009292062,17
2709,54,70,16,35,0.957439055762494,35
2710,14,14,5,6,0.9561035605846475,8
2711,63,23,53,11,0.9461903574638922,12
2712,112,13,114,7,0.9421647262329379,6
2713,7,10,108,4,0.9385265901557563,6
2714,18,29,40,12,0.9358054757186772,17
2715,27,13,55,6,0.934874920243962,7
2716,102,11,83,5,0.9259324073609744,6
2717,33,17,86,9,0.9246066959077469,8
2718,57,28,51,14,0.9210242184575945,14
2719,51,12,79,5,0.9183017095558496,7
2720,75,27,114,13,0.9181862737012574,14
2721,13,20,33,10,0.918120505460343,10
2722,106,100,86,49,0.9173221659807225,51
2723,114,12,11,5,0.9147560322473872,7
2724,39,18,48,8,0.9127145579388772,10
2725,43,17,50,7,0.911659904777202,10
2726,77,22,68,11,0.9089813853065132,11
2727,36,35,75,19,0.9076169876586753,16
2728,112,11,14,6,0.9022319115654415,5
2729,68,17,74,7,0.9001065237726507,10
2730,8,24,48,11,0.8990865709573224,13
2731,8,76,88,37,0.8933115574955768,39
2732,94,22,107,9,0.8912889870157809,13
2733,13,28,100,14,0.8900217777744478,14
2734,3,49,86,25,0.8896666649940002,24
2735,60,17,83,8,0.8851626447494981,9
2736,77,21,4,10,0.8810684428976758,11
2737,37,21,57,10,0.8778160008276704,11
2738,84,17,91,8,0.8755346549877653,9
2739,111,47,68,24,0.8746288393374696,23
2740,7,27,49,15,0.8744069756975954,12
2741,15,36,13,17,0.8728458633356498,19
2742,80,33,86,16,0.8727199174341318,17
2743,51,28,12,14,0.8723369355034586,14
2744,60,17,84,10,0.871614356489069,7
2745,8,67,37,33,0.8700084298071539,34
2746,39,40,28,20,0.868602476168121,20
2747,10,10,114,4,0.8617397018011257,6
2748,30,28,51,13,0.8603740804537094,15
2749,39,13,102,6,0.8492100400200487,7
2750,27,43,16,22,0.8490375721781516,21
2751,62,11,50,5,0.8451062062670078,6
2752,28,23,30,12,0.8403239904216823,11
2753,86,80,20,38,0.8301074964710538,42
2754,2,16,46,8,0.8285194662826778,8
2755,33,15,114,8,0.8283609152315331,7
2756,29,12,106,6,0.8264692442725535,6
2757,28,48,37,24,0.8263140292594408,24
2758,84,15,95,7,0.8218033746912388,8
2759,107,83,28,39,0.8210512254142036,44
2760,19,16,100,9,0.8186905030789058,7
2761,13,27,11,13,0.8150505436514466,14
2762,7,16,79,8,0.808566327439515,8
2763,96,58,107,27,0.8081270899904945,31
2764,84,31,50,16,0.8064114901977948,15
2765,56,14,40,7,0.8062835825274064,7
2766,13,16,48,8,0.803835400287658,8
2767,68,20,49,10,0.7960430752354475,10
2768,2,22,88,11,0.7956469041111237,11
2769,87,28,46,15,0.7941915016238118,13
2770,30,20,27,10,0.7882371123659271,10
2771,4,18,104,10,0.7872554057904764,8
2772,100,13,97,6,0.7866792604447757,7
2773,9,17,34,8,0.77910514985876,9
2774,13,51,28,25,0.7790491963091711,26
2775,87,17,14,9,0.7782645241152489,8
2776,87,22,99,10,0.7762165713325069,12
2777,10,19,84,9,0.7730240789929571,10
2778,97,20,93,10,0.7717644600090583,10
2779,33,15,104,8,0.7704375614853092,7
2780,94,13,65,7,0.7701527109172647,6
2781,78,13,3,7,0.7642790526976543,6
2782,16,40,112,19,0.7567380050399233,21
2783,14,15,13,6,0.7511854242648525,9
2784,87,14,17,7,0.7509341405124581,7
2785,3,20,71,10,0.744611540631482,10
2786,46,24,84,11,0.744605770354001,13
2787,36,13,74,5,0.7437175733038444,8
2788,25,24,15,13,0.7394428200536315,11
2789,13,60,39,30,0.7375803753367649,30
2790,5,40,63,22,0.7358500176759455,18
2791,40,77,86,36,0.7352757671814381,41
2792,29,16,54,8,0.7316507778434965,8
2793,95,41,5,21,0.731606653431554,20
2794,7,86,65,45,0.7314326563301058,41
2795,3,27,9,13,0.7284011303001918,14
2796,69,19,50,8,0.7231056665252452,11
2797,61,18,40,9,0.7154895706830828,9
2798,82,13,28,7,0.7153587234866209,6
2799,13,17,96,8,0.7114671477918352,9
2800,17,23,68,12,0.7086074455277899,11
2801,88,43,49,21,0.7014211589442615,22
2802,18,23,104,13,0.701208945227421,10
2803,38,11,91,5,0.7003822911270713,6
2804,57,11,95,4,0.6989616542578664,7
2805,8,41,39,21,0.6937986397009377,20
2806,7,73,39,37,0.6920867889114359,36
2807,63,97,65,48,0.691978062127847,49
2808,62,10,98,5,0.6900751788017032,5
2809,29,17,38,8,0.6873786981327397,9
2810,39,42,54,21,0.684039366023366,21
2811,18,19,25,10,0.6816652439852776,9
2812,50,24,114,11,0.6812811811945304,13
2813,62,21,39,11,0.6810021432822767,10
2814,109,14,23,7,0.6795387556597896,7
2815,16,34,48,17,0.6749071927540307,17
2816,109,31,13,14,0.6717168111881656,17
2817,87,56,39,27,0.671126615184668,29
2818,37,40,114,18,0.6680388190804037,22
2819,27,22,43,11,0.6642540912368818,11
2820,63,38,50,18,0.6599709375930062,20
2821,30,12,114,6,0.6487861981579935,6
2822,41,27,1,12,0.6450987397179471,15
2823,98,16,50,8,0.6426219058041094,8
2824,68,49,9,24,0.6403549802856331,25
2825,25,25,41,14,0.6394054706376684,11
2826,111,17,36,8,0.6365354853619557,9
2827,70,22,41,12,0.6354721735396393,10
2828,30,56,86,26,0.6327113698521639,30
2829,4,28,64,13,0.6316212138641686,15
2830,60,23,1,11,0.6297573562891167,12
2831,36,33,71,17,0.6241330409639582,16
2832,88,34,109,16,0.6239068088208908,18
2833,76,30,96,14,0.6223340675935091,16
2834,31,22,58,11,0.6168553703735019,11
2835,54,90,65,44,0.6146787474699967,46
2836,43,20,114,11,0.6074470201565788,9
2837,11,56,16,24,0.6071047940721873,32
2838,91,16,70,7,0.6063303701253773,9
2839,63,15,34,7,0.6010869874219945,8
2840,71,32,106,15,0.6009609652453856,17
2841,13,24,72,13,0.5977342226167962,11
2842,97,11,56,5,0.5931267027213653,6
2843,76,13,36,4,0.5885035889042722,9
2844,64,15,17,8,0.5824319192017166,7
2845,90,18,84,9,0.5795253040496203,9
2846,106,46,76,25,0.577289694916291,21
2847,20,14,15,7,0.5689936775430091,7
2848,75,51,65,26,0.5689430318120555,25
2849,40,10,94,5,0.5678516928680516,5
2850,29,10,108,5,0.5615423900676226,5
2851,97,31,2,15,0.5614740846174435,16
2852,83,10,2,5,0.5594397265150824,5
2853,5,49,54,23,0.5526115688513309,26
2854,92,17,7,7,0.5480230211986101,10
2855,41,42,39,19,0.5463742537779036,23
2856,98,27,16,13,0.5462850233229243,14
2857,64,29,54,15,0.5456745481805155,14
2858,86,12,66,6,0.5447941989519712,6
2859,12,22,39,11,0.5419618153900833,11
2860,106,10,1,5,0.539652861011431,5
2861,51,42,9,20,0.5346045933154973,22
2862,29,14,8,6,0.5320448571158595,8
2863,71,22,55,12,0.5319428762463091,10
2864,68,55,86,28,0.5310748741920145,27
2865,39,35,11,17,0.5290022824501404,18
2866,107,20,6,10,0.5288105428737948,10
2867,65,19,102,8,0.5234012572749034,11
2868,73,19,28,10,0.5214155246375574,9
2869,43,17,25,10,0.5197036131496171,7
2870,106,68,28,33,0.5161436710076662,35
2871,41,11,90,6,0.513841479320257,5
2872,9,39,39,21,0.5122974091677517,18
2873,4,18,9,9,0.5118055197130339,9
2874,49,12,97,5,0.510198270023406,7
2875,90,13,91,6,0.5003235284827323,7
2876,88,35,31,18,0.4999807976090588,17
2877,5,59,87,29,0.4991669720547012,30
2878,3,16,49,8,0.49051311087464455,8
2879,43,35,60,17,0.48542435855108285,18
2880,57,14,104,5,0.4845128262229356,9
2881,37,17,62,10,0.47941613349669066,7
2882,95,28,74,13,0.47842550860281996,15
2883,75,31,41,14,0.47837138213253816,17
2884,25,51,39,26,0.4759465051184244,25
2885,37,13,69,6,0.4741041536564538,7
2886,65,54,31,26,0.46913887469692744,28
2887,104,32,68,15,0.4623896750421225,17
2888,87,16,111,8,0.45897322341286445,8
2889,30,18,76,8,0.45824245256570567,10
2890,1,13,112,8,0.45359520737159276,5
2891,8,26,76,12,0.4492143891303664,14
2892,62,13,55,7,0.4490302976953222,6
2893,80,11,9,7,0.4439834453330457,4
2894,17,30,50,16,0.44354818573896915,14
2895,90,15,11,7,0.4409004522210816,8
2896,9,27,58,13,0.44053827452368455,14
2897,109,13,69,7,0.43237846797528773,6
2898,40,43,31,22,0.429627197462679,21
2899,68,46,63,23,0.4255709909849699,23
2900,33,11,99,6,0.42486651226142574,5
2901,46,11,19,6,0.4237898327913996,5
2902,87,46,96,22,0.4185307257645089,24
2903,5,14,38,7,0.4168378546295618,7
2904,31,33,86,17,0.4107692180392416,16
2905,50,18,79,9,0.4091046493522828,9
2906,43,14,104,8,0.4063141681133879,6
2907,27,17,106,10,0.4013630945998079,7
2908,107,95,7,42,0.39776976722684715,53
2909,107,83,8,38,0.3964193758754415,45
2910,27,10,62,5,0.3947917783098916,5
2911,20,13,85,6,0.39373981733351443,7
2912,88,13,78,6,0.3934639813104847,7
2913,55,16,41,8,0.3929137359889599,8
2914,23,18,54,9,0.39214168570707464,9
2915,8,13,44,6,0.3904420875790005,7
2916,57,20,55,11,0.38903746063509637,9
2917,3,14,23,7,0.3875824453041799,7
2918,69,30,36,15,0.38598798110099336,15
2919,8,35,50,16,0.38293825667797665,19
2920,114,28,71,14,0.3795577437704574,14
2921,27,47,107,23,0.3795019334466748,24
2922,70,22,97,12,0.3783758219642565,10
2923,14,18,84,8,0.37783903496494214,10
2924,107,37,90,19,0.3753937941046271,18
2925,88,35,71,19,0.3711092012403024,16
2926,40,21,75,10,0.36863713867004627,11
2927,95,26,28,12,0.36814720179538635,14
2928,25,30,63,16,0.3669879376751877,14
2929,92,18,13,7,0.36521745881563183,11
2930,46,18,41,8,0.36430211798636986,10
2931,13,27,38,12,0.35957757900250525,15
2932,47,21,65,10,0.3519317997506132,11
2933,15,14,29,7,0.35154179739306457,7
2934,87,22,62,11,0.3514225144207001,11
2935,7,21,8,10,0.35073482330961425,11
2936,107,16,79,9,0.3498222414341266,7
2937,8,44,20,22,0.3454844939659281,22
2938,109,13,4,6,0.3380907022892352,7
2939,83,20,106,11,0.33164456490941063,9
2940,61,17,3,10,0.326885819863067,7
2941,86,23,108,13,0.3219408787814728,10
2942,114,68,107,33,0.32070298196932506,35
2943,11,12,69,5,0.3194227999608887,7
2944,83,25,28,14,0.3193130867023741,11
2945,60,58,107,29,0.31876911348625786,29
2946,23,49,16,24,0.31338579965961816,25
2947,60,48,53,25,0.3118269913878374,23
2948,51,13,92,7,0.31029394338620886,6
2949,107,68,63,37,0.3098872954610473,31
2950,29,11,79,4,0.30038972457789276,7
2951,114,60,88,30,0.29749332449413723,30
2952,41,30,18,14,0.296930660105382,16
2953,100,12,12,7,0.2961260136986332,5
2954,88,15,48,6,0.2955612335778544,9
2955,104,56,13,28,0.2850474299823817,28
2956,67,12,25,6,0.2816428039469064,6
2957,96,12,67,7,0.27996501259109813,5
2958,53,18,5,8,0.2778213329671456,10
2959,39,49,65,26,0.2688987951279627,23
2960,36,11,38,4,0.26679215079866997,7
2961,37,22,76,12,0.2606095394442829,10
2962,27,11,18,6,0.2537580579499764,5
2963,17,11,108,5,0.2506467392789146,6
2964,47,17,41,9,0.24960180944275975,8
2965,109,31,16,16,0.2489072427641002,15
2966,88,38,20,20,0.24807571543102264,18
2967,40,25,47,14,0.24655985846699452,11
2968,39,10,93,5,0.24650819188032075,5
2969,39,11,69,5,0.24417663900251796,6
2970,83,20,88,11,0.24121558114701722,9
2971,68,91,13,44,0.24037310100885306,47
2972,61,16,13,9,0.23942923044644315,7
2973,30,20,106,10,0.23895557447172086,10
2974,107,72,84,36,0.23736523288219447,36
2975,64,19,45,9,0.2352744559029064,10
2976,57,14,20,7,0.22969067246688318,7
2977,65,10,101,5,0.22906131925901718,5
2978,67,12,84,5,0.22644335659627104,7
2979,72,16,7,8,0.22521266099875584,8
2980,41,36,63,18,0.22416751809119778,18
2981,77,12,3,5,0.22356024648773629,7
2982,107,40,18,22,0.21456452912257484,18
2983,53,21,44,9,0.2122113313421154,12
2984,45,11,112,5,0.21017951186860273,6
2985,53,54,13,29,0.2083631688927764,25
2986,65,18,48,8,0.2083165198828137,10
2987,28,11,66,5,0.2056598644516812,6
2988,46,23,17,12,0.20521498367655996,11
2989,81,21,107,11,0.19898617239587554,10
2990,46,16,71,7,0.19894184736909315,9
2991,76,11,47,3,0.1986777302440924,8
2992,107,61,74,29,0.19420996588142148,32
2993,98,11,100,5,0.18985443720382733,6
2994,88,35,37,17,0.1877253046596751,18
2995,35,12,70,7,0.18631436457958764,5
2996,65,44,60,19,0.18611407594076562,25
2997,44,15,65,6,0.18351226600640885,9
2998,71,33,8,17,0.17759312635004623,16
2999,96,37,55,19,0.17732770674363885,18
3000,11,47,106,26,0.17225906773687616,21
3001,57,34,13,18,0.16675051669784913,16
3002,7,51,4,26,0.16136746029798088,25
3003,62,12,106,6,0.1584669634691407,6
3004,84,22,80,10,0.15202664995311643,12
3005,51,20,98,10,0.14461940831704007,10
3006,73,10,25,5,0.1328731236438802,5
3007,51,13,44,8,0.13191763257362837,5
3008,60,76,7,38,0.13134493579901685,38
3009,65,85,86,40,0.12617823685384771,45
3010,28,22,98,9,0.12169006680659694,13
3011,51,59,55,30,0.12168388038388171,29
3012,98,13,97,7,0.11020600858990875,6
3013,94,13,60,6,0.10902380212835151,7
3014,34,12,29,6,0.10585588511243227,6
3015,2,18,84,9,0.10504403066305398,9
3016,68,13,44,7,0.10451112471006771,6
3017,41,54,88,26,0.10348470718011778,28
3018,50,57,86,30,0.09835934402357824,27
3019,86,30,53,13,0.09593092236920715,17
3020,74,39,25,20,0.09563368284676016,19
3021,25,65,16,32,0.09364645449744402,33
3022,30,15,96,8,0.09214636377364425,7
3023,114,29,36,13,0.09213128587786307,16
3024,95,52,86,24,0.08956033992826938,28
3025,107,60,39,29,0.08426356114163677,31
3026,84,37,88,17,0.08333477514829757,20
3027,30,14,29,8,0.07970354161107725,6
3028,97,36,74,17,0.07931920932357782,19
3029,63,46,87,22,0.07921188185625391,24
3030,107,73,54,35,0.07798228457878793,38
3031,55,15,108,8,0.07480659095217349,7
3032,106,21,40,10,0.06808253080226546,11
3033,8,70,106,37,0.05212763279076112,33
3034,34,19,50,10,0.05002588679712766,9
3035,73,16,106,8,0.04700386219362951,8
3036,83,17,51,10,0.04607341431682285,7
3037,54,64,50,32,0.045818300371850446,32
3038,65,11,81,6,0.04550793535821782,5
3039,47,10,58,5,0.04544416959920028,5
3040,15,13,43,6,0.045041270424713856,7
3041,114,46,104,24,0.04494734082733511,22
3042,74,41,54,20,0.04296760366186976,21
3043,19,25,13,13,0.042831582541997835,12
3044,31,11,97,5,0.04256244744109723,6
3045,55,52,87,26,0.039341837208104025,26
3046,45,17,71,7,0.03389797077786283,10
3047,84,19,17,10,0.032612383959908106,9
3048,100,14,9,8,0.02830224852664896,6
3049,72,24,16,12,0.026040943543897743,12
3050,106,42,50,20,0.025298087208634697,22
3051,106,26,100,12,0.022225583959526604,14
3052,89,15,28,8,0.018607611913672883,7
3053,35,24,86,11,0.011498856499630127,13
3054,109,17,83,7,0.00972932964701334,10
3055,86,25,77,12,0.006545458823393915,13
3056,90,33,16,15,0.006116246156991541,18
3057,3,29,60,14,0.0014796010550653669,15
3058,60,29,3,15,-0.001479601055064632,14
3059,16,33,90,18,-0.0061162461569911645,15
3060,77,25,86,13,-0.00654545882339427,12
3061,83,17,109,10,-0.009729329647013785,7
3062,86,24,35,13,-0.011498856499629817,11
3063,28,15,89,7,-0.018607611913672648,8
3064,100,26,106,14,-0.02222558395952517,12
3065,50,42,106,22,-0.02529808720863334,20
3066,16,24,72,12,-0.026040943543896855,12
3067,9,14,100,6,-0.028302248526648453,8
3068,17,19,84,9,-0.03261238395990876,10
3069,71,17,45,10,-0.03389797077786216,7
3070,87,52,55,26,-0.039341837208104025,26
3071,97,11,31,6,-0.042562447441096586,5
3072,13,25,19,12,-0.04283158254199627,13
3073,54,41,74,21,-0.04296760366187002,20
3074,104,46,114,22,-0.04494734082733487,24
3075,43,13,15,7,-0.04504127042471195,6
3076,58,10,47,5,-0.04544416959920099,5
3077,81,11,65,5,-0.04550793535821569,6
3078,50,64,54,32,-0.045818300371848635,32
3079,51,17,83,7,-0.04607341431682421,10
3080,106,16,73,8,-0.0470038621936304,8
3081,50,19,34,9,-0.05002588679712785,10
3082,106,70,8,33,-0.05212763279076128,37
3083,40,21,106,11,-0.0680825308022658,10
3084,108,15,55,7,-0.07480659095217229,8
3085,54,73,107,38,-0.07798228457878872,35
3086,87,46,63,24,-0.07921188185625398,22
3087,74,36,97,19,-0.07931920932357782,17
3088,29,14,30,6,-0.07970354161107561,8
3089,88,37,84,20,-0.0833347751482989,17
3090,39,60,107,31,-0.08426356114163559,29
3091,86,52,95,28,-0.08956033992827091,24
3092,36,29,114,16,-0.09213128587786189,13
3093,96,15,30,7,-0.09214636377364507,8
3094,16,65,25,33,-0.09364645449744435,32
3095,25,39,74,19,-0.0956336828467596,20
3096,53,30,86,17,-0.09593092236920858,13
3097,86,57,50,27,-0.09835934402357775,30
3098,88,54,41,28,-0.10348470718011826,26
3099,44,13,68,6,-0.10451112471006657,7
3100,84,18,2,9,-0.10504403066305477,9
3101,29,12,34,6,-0.10585588511243227,6
3102,60,13,94,7,-0.10902380212834957,6
3103,97,13,98,6,-0.11020600858990862,7
3104,55,59,51,29,-0.12168388038388292,30
3105,98,22,28,13,-0.1216900668065983,9
3106,86,85,65,45,-0.12617823685384916,40
3107,7,76,60,38,-0.13134493579901632,38
3108,44,13,51,5,-0.1319176325736292,8
3109,25,10,73,5,-0.1328731236438802,5
3110,98,20,51,10,-0.14461940831704023,10
3111,80,22,84,12,-0.15202664995311627,10
3112,106,12,62,6,-0.15846696346914188,6
3113,4,51,7,25,-0.16136746029798163,26
3114,13,34,57,16,-0.16675051669784913,18
3115,106,47,11,21,-0.17225906773687602,26
3116,16,26,102,13,-0.17363404747602376,13
3117,55,37,96,18,-0.17732770674364082,19
3118,8,33,71,16,-0.17759312635004632,17
3119,65,15,44,9,-0.1835122660064091,6
3120,60,44,65,25,-0.1861140759407657,19
3121,70,12,35,5,-0.18631436457958692,7
3122,37,35,88,18,-0.18772530465967646,17
3123,100,11,98,6,-0.18985443720382733,5
3124,47,11,76,8,-0.19867773024409274,3
3125,71,16,46,9,-0.19894184736909182,7
3126,107,21,81,10,-0.19898617239587607,11
3127,17,23,46,11,-0.2052149836765593,12
3128,66,11,28,6,-0.20565986445168055,5
3129,48,18,65,10,-0.20831651988281447,8
3130,13,54,53,25,-0.20836316889277592,29
3131,112,11,45,6,-0.21017951186860273,5
3132,44,21,53,12,-0.2122113313421161,9
3133,18,40,107,18,-0.21456452912257684,22
3134,3,12,77,7,-0.2235602464877348,5
3135,63,36,41,18,-0.2241675180911969,18
3136,7,16,72,8,-0.22521266099875537,8
3137,84,12,67,7,-0.22644335659627166,5
3138,101,10,65,5,-0.2290613192590168,5
3139,20,14,57,7,-0.2296906724668833,7
3140,45,19,64,10,-0.23527445590290527,9
3141,84,72,107,36,-0.23736523288219558,36
3142,106,20,30,10,-0.2389555744717199,10
3143,13,16,61,7,-0.2394292304464427,9
3144,13,91,68,47,-0.2403731010088542,44
3145,88,20,83,9,-0.24121558114701463,11
3146,69,11,39,6,-0.24417663900251843,5
3147,93,10,39,5,-0.24650819188031967,5
3148,47,25,40,11,-0.24655985846699366,14
3149,16,31,109,15,-0.24890724276409806,16
3150,41,17,47,8,-0.24960180944275975,9
3151,108,11,17,6,-0.25064673927891384,5
3152,18,11,27,5,-0.2537580579499774,6
3153,76,22,37,10,-0.26060953944428406,12
3154,38,11,36,7,-0.26679215079866964,4
3155,65,49,39,23,-0.2688987951279629,26
3156,5,18,53,10,-0.277821332967146,8
3157,67,12,96,5,-0.279965012591097,7
3158,25,12,67,6,-0.2816428039469064,6
3159,13,56,104,28,-0.2850474299823818,28
3160,48,15,88,9,-0.29556123357785347,6
3161,12,12,100,5,-0.29612601369863434,7
3162,18,30,41,16,-0.2969306601053822,14
3163,88,60,114,30,-0.2974933244941375,30
3164,79,11,29,7,-0.3003897245778921,4
3165,88,18,12,9,-0.3042097842896815,9
3166,63,68,107,31,-0.3098872954610479,37
3167,92,13,51,6,-0.31029394338620975,7
3168,53,48,60,23,-0.3118269913878375,25
3169,16,49,23,25,-0.3133857996596186,24
3170,107,58,60,29,-0.3187691134862571,29
3171,28,25,83,11,-0.3193130867023753,14
3172,69,12,11,7,-0.3194227999608887,5
3173,107,68,114,35,-0.3207029819693246,33
3174,108,23,86,10,-0.32194087878147215,13
3175,3,17,61,7,-0.32688581986306675,10
3176,106,20,83,9,-0.3316445649094112,11
3177,4,13,109,7,-0.3380907022892352,6
3178,20,44,8,22,-0.3454844939659279,22
3179,79,16,107,7,-0.34982224143412544,9
3180,8,21,7,11,-0.3507348233096159,10
3181,62,22,87,11,-0.3514225144207014,11
3182,29,14,15,7,-0.35154179739306357,7
3183,65,21,47,11,-0.3519317997506139,10
3184,38,27,13,15,-0.3595775790025047,12
3185,41,18,46,10,-0.36430211798637085,8
3186,13,18,92,11,-0.3652174588156323,7
3187,63,30,25,14,-0.3669879376751877,16
3188,28,26,95,14,-0.36814720179538646,12
3189,75,21,40,11,-0.3686371386700461,10
3190,71,35,88,16,-0.37110920124030156,19
3191,84,18,14,10,-0.37783903496494253,8
3192,97,22,70,10,-0.3783758219642562,12
3193,107,47,27,24,-0.3795019334466765,23
3194,71,28,114,14,-0.3795577437704577,14
3195,50,35,8,19,-0.3829382566779763,16
3196,36,30,69,15,-0.3859879811009911,15
3197,23,14,3,7,-0.3875824453041786,7
3198,55,20,57,9,-0.3890374606350971,11
3199,44,13,8,7,-0.3904420875789997,6
3200,54,18,23,9,-0.39214168570707364,9
3201,41,16,55,8,-0.39291373598895946,8
3202,78,13,88,7,-0.3934639813104835,6
3203,85,13,20,7,-0.3937398173335161,6
3204,62,10,27,5,-0.394791778309893,5
3205,8,83,107,45,-0.39641937587544135,38
3206,7,95,107,53,-0.3977697672268478,42
3207,106,17,27,7,-0.40136309459980746,10
3208,104,14,43,6,-0.40631416811338844,8
3209,79,18,50,9,-0.4091046493522828,9
3210,86,33,31,16,-0.4107692180392426,17
3211,38,14,5,7,-0.4168378546295618,7
3212,96,46,87,24,-0.4185307257645087,22
3213,19,11,46,5,-0.4237898327914003,6
3214,99,11,33,5,-0.4248665122614248,6
3215,63,46,68,23,-0.4255709909849707,23
3216,31,43,40,21,-0.4296271974626791,22
3217,69,13,109,6,-0.43237846797528773,7
3218,58,27,9,14,-0.44053827452368566,13
3219,11,15,90,8,-0.4409004522210813,7
3220,50,30,17,14,-0.4435481857389689,16
3221,9,11,80,4,-0.4439834453330448,7
3222,55,13,62,6,-0.4490302976953225,7
3223,76,26,8,14,-0.4492143891303651,12
3224,112,13,1,5,-0.45359520737159276,8
3225,76,18,30,10,-0.45824245256570545,8
3226,111,16,87,8,-0.45897322341286373,8
3227,68,32,104,17,-0.4623896750421223,15
3228,31,54,65,28,-0.4691388746969265,26
3229,69,13,37,7,-0.47410415365645314,6
3230,39,51,25,25,-0.4759465051184236,26
3231,41,31,75,17,-0.47837138213253816,14
3232,74,28,95,15,-0.4784255086028221,13
3233,62,17,37,7,-0.47941613349669043,10
3234,104,14,57,9,-0.4845128262229359,5
3235,60,35,43,18,-0.4854243585510852,17
3236,49,16,3,8,-0.49051311087464455,8
3237,87,59,5,30,-0.49916697205470045,29
3238,31,35,88,17,-0.499980797609059,18
3239,91,13,90,7,-0.5003235284827329,6
3240,97,12,49,7,-0.510198270023406,5
3241,9,18,4,9,-0.5118055197130339,9
3242,39,39,9,18,-0.5122974091677527,21
3243,90,11,41,5,-0.513841479320257,6
3244,28,68,106,35,-0.5161436710076651,33
3245,25,17,43,7,-0.5197036131496168,10
3246,28,19,73,9,-0.5214155246375576,10
3247,102,19,65,11,-0.5234012572749034,8
3248,6,20,107,10,-0.528810542873795,10
3249,11,35,39,18,-0.5290022824501411,17
3250,86,55,68,27,-0.5310748741920146,28
3251,55,22,71,10,-0.5319428762463102,12
3252,8,14,29,8,-0.5320448571158592,6
3253,9,42,51,22,-0.5346045933154959,20
3254,1,10,106,5,-0.5396528610114302,5
3255,39,22,12,11,-0.5419618153900839,11
3256,66,12,86,6,-0.5447941989519703,6
3257,54,29,64,14,-0.5456745481805153,15
3258,16,27,98,14,-0.5462850233229247,13
3259,39,42,41,23,-0.5463742537779043,19
3260,7,17,92,10,-0.5480230211986107,7
3261,54,49,5,26,-0.5526115688513301,23
3262,2,10,83,5,-0.559439726515081,5
3263,2,31,97,16,-0.5614740846174444,15
3264,108,10,29,5,-0.5615423900676234,5
3265,94,10,40,5,-0.5678516928680514,5
3266,65,51,75,25,-0.5689430318120551,26
3267,15,14,20,7,-0.5689936775430089,7
3268,84,18,90,9,-0.5795253040496205,9
3269,17,15,64,7,-0.5824319192017173,8
3270,36,13,76,9,-0.5885035889042698,4
3271,56,11,97,6,-0.5931267027213649,5
3272,72,24,13,11,-0.5977342226167965,13
3273,106,32,71,17,-0.6009609652453869,15
3274,34,15,63,8,-0.6010869874219955,7
3275,70,16,91,9,-0.6063303701253777,7
3276,114,20,43,9,-0.6074470201565787,11
3277,65,90,54,46,-0.6146787474699974,44
3278,58,22,31,11,-0.6168553703735028,11
3279,96,30,76,16,-0.6223340675935105,14
3280,71,33,36,16,-0.6241330409639598,17
3281,1,23,60,12,-0.6297573562891176,11
3282,64,28,4,15,-0.6316212138641698,13
3283,86,56,30,30,-0.6327113698521644,26
3284,41,22,70,10,-0.6354721735396389,12
3285,36,17,111,9,-0.6365354853619557,8
3286,41,25,25,11,-0.6394054706376676,14
3287,9,49,68,25,-0.6403549802856343,24
3288,50,16,98,8,-0.6426219058041119,8
3289,1,27,41,15,-0.6450987397179483,12
3290,114,12,30,6,-0.6487861981579929,6
3291,50,38,63,20,-0.6599709375930077,18
3292,43,22,27,11,-0.6642540912368808,11
3293,114,40,37,22,-0.6680388190804033,18
3294,39,56,87,29,-0.6711266151846677,27
3295,13,31,109,17,-0.6717168111881655,14
3296,48,34,16,17,-0.6749071927540304,17
3297,23,14,109,7,-0.6795387556597896,7
3298,39,21,62,10,-0.6810021432822755,11
3299,114,24,50,13,-0.6812811811945291,11
3300,25,19,18,9,-0.6816652439852758,10
3301,54,42,39,21,-0.6840393660233661,21
3302,38,17,29,9,-0.6873786981327392,8
3303,98,10,62,5,-0.6900751788017029,5
3304,65,97,63,49,-0.6919780621278473,48
3305,39,73,7,36,-0.6920867889114356,37
3306,39,41,8,20,-0.6937986397009376,21
3307,95,11,57,7,-0.6989616542578677,4
3308,91,11,38,6,-0.7003822911270713,5
3309,104,23,18,10,-0.7012089452274208,13
3310,49,43,88,22,-0.7014211589442607,21
3311,68,23,17,11,-0.7086074455277905,12
3312,96,17,13,9,-0.7114671477918357,8
3313,28,13,82,6,-0.7153587234866207,7
3314,40,18,61,9,-0.7154895706830816,9
3315,50,19,69,11,-0.723105666525245,8
3316,9,27,3,14,-0.7284011303001917,13
3317,65,86,7,41,-0.7314326563301068,45
3318,5,41,95,20,-0.7316066534315533,21
3319,54,16,29,8,-0.7316507778434965,8
3320,86,77,40,41,-0.7352757671814375,36
3321,63,40,5,18,-0.7358500176759462,22
3322,39,60,13,30,-0.7375803753367645,30
3323,15,24,25,11,-0.7394428200536295,13
3324,74,13,36,8,-0.743717573303844,5
3325,84,24,46,13,-0.7446057703540011,11
3326,71,20,3,10,-0.7446115406314829,10
3327,17,14,87,7,-0.750934140512457,7
3328,13,15,14,9,-0.751185424264851,6
3329,112,40,16,21,-0.7567380050399233,19
3330,3,13,78,6,-0.7642790526976526,7
3331,65,13,94,6,-0.7701527109172653,7
3332,104,15,33,7,-0.7704375614853106,8
3333,93,20,97,10,-0.7717644600090567,10
3334,84,19,10,10,-0.7730240789929577,9
3335,99,22,87,12,-0.7762165713325071,10
3336,14,17,87,8,-0.7782645241152502,9
3337,28,51,13,26,-0.7790491963091725,25
3338,34,17,9,9,-0.77910514985876,8
3339,97,13,100,7,-0.7866792604447764,6
3340,104,18,4,8,-0.7872554057904768,10
3341,27,20,30,10,-0.7882371123659266,10
3342,46,28,87,13,-0.7941915016238148,15
3343,88,22,2,11,-0.7956469041111237,11
3344,49,20,68,10,-0.7960430752354469,10
3345,48,16,13,8,-0.8038354002876591,8
3346,40,14,56,7,-0.8062835825274064,7
3347,50,31,84,15,-0.8064114901977935,16
3348,107,58,96,31,-0.8081270899904945,27
3349,79,16,7,8,-0.8085663274395147,8
3350,11,27,13,14,-0.8150505436514458,13
3351,100,16,19,7,-0.818690503078906,9
3352,20,27,74,13,-0.8203305748765273,14
3353,28,83,107,44,-0.8210512254142028,39
3354,95,15,84,8,-0.8218033746912378,7
3355,37,48,28,24,-0.8263140292594411,24
3356,106,12,29,6,-0.8264692442725535,6
3357,114,15,33,7,-0.8283609152315335,8
3358,46,16,2,8,-0.8285194662826783,8
3359,20,80,86,42,-0.8301074964710548,38
3360,30,23,28,11,-0.840323990421683,12
3361,50,11,62,6,-0.8451062062670082,5
3362,16,43,27,21,-0.8490375721781507,22
3363,102,13,39,7,-0.8492100400200481,6
3364,51,28,30,15,-0.8603740804537089,13
3365,114,10,10,6,-0.8617397018011254,4
3366,28,40,39,20,-0.8686024761681225,20
3367,37,67,8,34,-0.8700084298071528,33
3368,84,17,60,7,-0.8716143564890693,10
3369,12,28,51,14,-0.8723369355034599,14
3370,86,33,80,17,-0.872719917434131,16
3371,13,36,15,19,-0.8728458633356501,17
3372,49,27,7,12,-0.8744069756975955,15
3373,68,47,111,23,-0.87462883933747,24
3374,91,17,84,9,-0.8755346549877636,8
3375,57,21,37,11,-0.877816000827672,10
3376,4,21,77,11,-0.8810684428976734,10
3377,83,17,60,9,-0.8851626447494985,8
3378,86,49,3,24,-0.8896666649939996,25
3379,100,28,13,14,-0.8900217777744481,14
3380,107,22,94,13,-0.8912889870157802,9
3381,88,76,8,39,-0.8933115574955759,37
3382,48,24,8,13,-0.8990865709573216,11
3383,74,17,68,10,-0.9001065237726515,7
3384,14,11,112,5,-0.9022319115654427,6
3385,75,35,36,16,-0.9076169876586756,19
3386,68,22,77,11,-0.9089813853065126,11
3387,50,17,43,10,-0.911659904777202,7
3388,48,18,39,10,-0.9127145579388771,8
3389,11,12,114,7,-0.9147560322473871,5
3390,33,20,13,10,-0.9181205054603415,10
3391,114,27,75,14,-0.9181862737012573,13
3392,79,12,51,7,-0.9183017095558501,5
3393,51,28,57,14,-0.9210242184575963,14
3394,86,17,33,8,-0.9246066959077452,9
3395,83,11,102,6,-0.9259324073609722,5
3396,55,13,27,7,-0.9348749202439617,6
3397,40,29,18,17,-0.9358054757186769,12
3398,108,10,7,6,-0.9385265901557558,4
3399,114,13,112,6,-0.9421647262329372,7
3400,53,23,63,12,-0.9461903574638926,11
3401,5,14,14,8,-0.9561035605846475,6
3402,16,70,54,35,-0.9574390557624933,35
3403,39,32,64,17,-0.9582943009292049,15
3404,103,11,106,5,-0.9583580547252434,6
3405,106,38,104,19,-0.9604760273979325,19
3406,17,10,80,4,-0.963899909949846,6
3407,114,30,102,16,-0.9680544759122797,14
3408,51,50,37,23,-0.9710667257210696,27
3409,51,40,53,20,-0.9719493528973238,20
3410,9,12,78,6,-0.9745877106891214,6
3411,5,65,107,33,-0.9748363761521153,32
3412,54,67,8,32,-0.9788096362147561,35
3413,93,10,60,4,-0.9795074052045607,6
3414,51,53,87,27,-0.9813193495830127,26
3415,38,21,64,11,-0.9820263127460164,10
3416,19,20,39,12,-0.9912638140696459,8
3417,30,13,9,7,-0.9935090532750581,6
3418,13,70,86,35,-0.9970973609227783,35
3419,17,37,37,21,-0.9978108601802036,16
3420,54,54,87,29,-1.001099890951392,25
3421,7,39,114,21,-1.0047894280060643,18
3422,93,11,114,5,-1.0049906589581687,6
3423,75,43,13,23,-1.0053644322647692,20
3424,107,28,98,14,-1.0170960211152535,14
3425,77,57,60,29,-1.0187732052674565,28
3426,93,22,86,11,-1.0208024258978545,11
3427,114,42,16,23,-1.0212587757382683,19
3428,33,10,70,5,-1.0222975969230645,5
3429,44,20,63,11,-1.0233184771026504,9
3430,86,111,107,58,-1.0263307921685703,53
3431,9,56,13,30,-1.029692328241817,26
3432,7,22,35,11,-1.02999883395421,11
3433,3,14,45,7,-1.0349134798027073,7
3434,88,21,90,10,-1.0373159148886413,11
3435,69,19,114,11,-1.0427404151557151,8
3436,102,28,54,14,-1.047082814800161,14
3437,13,32,20,16,-1.0473604323868067,16
3438,40,37,16,20,-1.0479395774839417,17
3439,69,18,43,9,-1.0483584083277542,9
3440,48,18,20,10,-1.0556464172960118,8
3441,87,35,18,19,-1.059533339757231,16
3442,109,30,104,15,-1.063865849600061,15
3443,8,55,70,28,-1.0665028298167962,27
3444,102,11,68,6,-1.0688066146446953,5
3445,66,12,106,7,-1.0707591278531368,5
3446,37,20,67,11,-1.0707700527635244,9
3447,28,50,87,25,-1.072521726859484,25
3448,97,19,64,10,-1.0748997556854094,9
3449,57,20,46,10,-1.0787393081529644,10
3450,7,29,15,13,-1.0799432282724766,16
3451,74,13,40,7,-1.0901529369074696,6
3452,11,16,14,9,-1.0923565448715815,7
3453,68,71,51,34,-1.0948955307720354,37
3454,23,18,111,11,-1.0979651768767411,7
3455,11,45,46,24,-1.1009029076063193,21
3456,106,39,70,19,-1.1024614638047292,20
3457,46,35,107,17,-1.1031099530770958,18
3458,2,18,96,9,-1.1039761816908782,9
3459,45,19,40,10,-1.1043531225931214,9
3460,47,12,91,6,-1.104710696366028,6
3461,55,13,73,7,-1.1082443575059588,6
3462,40,47,63,25,-1.1085655861732648,22
3463,60,24,63,13,-1.1116468208711012,11
3464,88,18,61,8,-1.1254133453483963,10
3465,31,26,3,12,-1.1304098830558946,14
3466,106,26,36,13,-1.1307287364062808,13
3467,71,73,60,38,-1.1360670304013198,35
3468,19,12,65,6,-1.1638597275073121,6
3469,74,14,12,7,-1.1676100167547812,7
3470,109,25,25,13,-1.1927554377225942,12
3471,11,16,93,10,-1.194367252998836,6
3472,74,51,16,27,-1.1989524884769094,24
3473,65,25,11,14,-1.2017242876914815,11
3474,7,44,63,26,-1.2086828652803665,18
3475,13,65,41,33,-1.2092531577418808,32
3476,97,33,25,17,-1.2112097532933461,16
3477,88,42,64,23,-1.2118692904336803,19
3478,74,11,98,6,-1.2137114800422124,5
3479,49,22,51,11,-1.223339610254356,11
3480,9,26,71,14,-1.2262156519313807,12
3481,11,22,48,11,-1.233818302561812,11
3482,95,16,63,8,-1.233969730193377,8
3483,93,21,107,10,-1.2375139728583175,11
3484,31,25,71,13,-1.2380158081615502,12
3485,4,30,107,15,-1.2387516471106224,15
3486,71,10,1,6,-1.2456643982922142,4
3487,89,10,65,5,-1.2467666872041385,5
3488,48,11,23,6,-1.24848877392944,5
3489,33,22,16,13,-1.2507199492720238,9
3490,99,26,55,14,-1.260544955494955,12
3491,14,15,107,7,-1.262180496300674,8
3492,43,19,63,10,-1.2637110667141367,9
3493,65,27,50,14,-1.2644687002361992,13
3494,49,25,30,13,-1.271860929018475,12
3495,114,17,15,9,-1.2734943259065574,8
3496,51,30,50,15,-1.277023353905357,15
3497,109,20,97,10,-1.2834069052578214,10
3498,54,17,33,8,-1.2844291677407338,9
3499,102,17,11,8,-1.2862551218754503,9
3500,74,22,2,12,-1.2925512141562505,10
3501,88,57,87,27,-1.297249266486386,30
3502,34,11,11,5,-1.3007303411726843,6
3503,13,44,5,23,-1.3023509853743016,21
3504,102,11,70,4,-1.3043211125718082,7
3505,86,13,6,7,-1.306297639697856,6
3506,77,17,49,10,-1.313367148439671,7
3507,51,12,32,6,-1.314434714983353,6
3508,8,16,10,9,-1.3145513780375313,7
3509,55,17,3,9,-1.3172267439478242,8
3510,80,18,74,9,-1.3199661328668575,9
3511,109,25,60,13,-1.3235251021634893,12
3512,65,13,61,6,-1.3279652478825155,7
3513,87,42,11,20,-1.3332948484864782,22
3514,76,29,70,14,-1.3451436146232192,15
3515,17,32,13,17,-1.3464094405851705,15
3516,40,17,108,8,-1.3479697301696822,9
3517,78,26,84,14,-1.3485306553399403,12
3518,88,37,97,19,-1.3490743629309028,18
3519,18,16,12,9,-1.353806243690165,7
3520,85,12,69,6,-1.3560361154784737,6
3521,70,39,107,19,-1.3599998705907195,20
3522,68,42,64,24,-1.3624818601326816,18
3523,30,26,25,12,-1.3633847180345777,14
3524,76,11,90,5,-1.371109786983603,6
3525,48,10,75,5,-1.3711471542080287,5
3526,55,66,86,35,-1.3714897734674971,31
3527,69,11,6,5,-1.3727715082405267,6
3528,41,30,106,15,-1.3806292559177735,15
3529,7,31,95,17,-1.3809406634768695,14
3530,11,41,50,22,-1.3816262941644981,19
3531,29,11,36,5,-1.3837445576600587,6
3532,65,20,77,10,-1.385558992620708,10
3533,37,13,43,6,-1.39155356085389,7
3534,16,25,44,12,-1.3924747988210244,13
3535,83,15,7,9,-1.3943529604549403,6
3536,9,13,91,7,-1.3946381880594534,6
3537,44,12,75,7,-1.3998373775330364,5
3538,95,17,70,8,-1.4011695857654913,9
3539,13,22,12,14,-1.4046792155049046,8
3540,16,27,19,14,-1.4047024695833616,13
3541,18,58,7,29,-1.407111198769738,29
3542,40,16,12,8,-1.412082266616442,8
3543,60,70,13,39,-1.4135782374303607,31
3544,109,11,94,5,-1.4139835062750101,6
3545,53,11,1,6,-1.4196819324858239,5
3546,18,21,74,10,-1.4198609666190056,11
3547,51,18,29,10,-1.4222631016002014,8
3548,45,35,36,16,-1.4232731245081227,19
3549,41,70,65,39,-1.4285809086277088,31
3550,86,56,70,30,-1.4292180536114512,26
3551,86,30,85,16,-1.4358048779112946,14
3552,87,34,3,18,-1.4358884403857264,16
3553,25,28,50,14,-1.4391705454909016,14
3554,97,21,20,10,-1.4395279608818727,11
3555,70,20,39,11,-1.442415337141408,9
3556,63,55,106,28,-1.4485566818099482,27
3557,49,17,27,9,-1.450221664694997,8
3558,51,35,3,15,-1.450602711491367,20
3559,88,62,46,31,-1.4519317579443416,31
3560,55,30,53,16,-1.4538038424746405,14
3561,89,16,50,9,-1.4560158637801313,7
3562,38,16,8,8,-1.4562520429495762,8
3563,54,32,84,17,-1.4591305177250877,15
3564,83,23,25,13,-1.459720188055496,10
3565,47,21,31,11,-1.4606130980712662,10
3566,28,20,33,9,-1.4609880096092156,11
3567,51,64,40,33,-1.4624658901194143,31
3568,23,16,112,9,-1.4656028868993891,7
3569,2,32,86,16,-1.4682447143488924,16
3570,32,17,11,8,-1.4729852723414758,9
3571,63,15,73,7,-1.4760785674332912,8
3572,13,59,4,32,-1.4911690163054772,27
3573,5,52,46,28,-1.4974094901037482,24
3574,43,11,29,6,-1.4978241959441987,5
3575,108,17,50,8,-1.5013768012598367,9
3576,15,19,23,10,-1.5056915581420047,9
3577,5,63,28,32,-1.5122016375527894,31
3578,55,12,46,7,-1.514859018089955,5
3579,8,12,43,6,-1.5194230889621378,6
3580,51,23,71,12,-1.5213301920130475,11
3581,37,14,35,7,-1.523131742310598,7
3582,88,34,1,17,-1.5234508852206479,17
3583,84,20,114,11,-1.52828266290098,9
3584,109,31,87,17,-1.531687543119842,14
3585,53,13,29,8,-1.5317670028644754,5
3586,45,23,13,12,-1.5362814776486233,11
3587,46,25,97,13,-1.53794225986029,12
3588,74,61,107,33,-1.5445233108407423,28
3589,15,24,60,12,-1.5446933308477515,12
3590,112,11,74,6,-1.5465866625881939,5
3591,43,12,57,8,-1.547683226037978,4
3592,74,26,11,14,-1.5483769164487973,12
3593,14,15,106,7,-1.552388543907857,8
3594,83,23,104,13,-1.5563880557352991,10
3595,49,11,109,6,-1.5612220128244476,5
3596,28,66,8,35,-1.5619285888266068,31
3597,111,14,9,7,-1.5621342613374538,7
3598,29,13,94,7,-1.5621793773372998,6
3599,43,12,58,6,-1.565331234676389,6
3600,86,100,106,52,-1.5692663469089445,48
3601,88,58,40,31,-1.5715316879527899,27
3602,46,25,60,13,-1.5735893742532685,12
3603,90,22,55,10,-1.578656952498874,12
3604,25,15,2,7,-1.5845186001024019,8
3605,90,10,64,5,-1.5921132093044663,5
3606,30,18,99,10,-1.5949338139614573,8
3607,18,10,94,5,-1.600111613157304,5
3608,63,18,47,8,-1.6044666815105075,10
3609,43,13,70,7,-1.6071210379776915,6
3610,57,18,68,9,-1.6190755944848343,9
3611,94,17,19,9,-1.6219930180628628,8
3612,9,20,112,10,-1.6257132685716436,10
3613,96,19,39,11,-1.6315253594413601,8
3614,41,78,7,40,-1.6316845641232842,38
3615,27,47,13,24,-1.63575551782228,23
3616,80,12,38,7,-1.640066144596355,5
3617,16,41,57,21,-1.6424919072587287,20
3618,68,23,36,12,-1.6511686348202665,11
3619,40,25,30,13,-1.6527748170609526,12
3620,17,32,107,17,-1.6568754180103662,15
3621,48,19,106,10,-1.6634533717988316,9
3622,51,13,85,6,-1.664226628935167,7
3623,31,28,45,15,-1.6710870406691087,13
3624,114,29,54,14,-1.6786165794472785,15
3625,77,12,17,6,-1.6873994667000654,6
3626,106,34,68,18,-1.6879506890966793,16
3627,86,24,34,12,-1.6932391968680565,12
3628,46,23,9,13,-1.6945658865661515,10
3629,40,74,7,41,-1.6955910385318649,33
3630,23,15,36,6,-1.6972875274185715,9
3631,102,16,20,8,-1.6989391239814924,8
3632,48,22,11,12,-1.6999305116151882,10
3633,86,44,23,23,-1.7030841833116435,21
3634,37,10,48,5,-1.703593750319215,5
3635,63,32,9,17,-1.707803131688152,15
3636,7,40,54,21,-1.7088310244062668,19
3637,43,14,109,7,-1.712926735873305,7
3638,29,24,16,12,-1.7137410557787283,12
3639,38,32,86,17,-1.7164597494651734,15
3640,27,14,54,7,-1.7208673623652104,7
3641,16,64,104,34,-1.7215823847620737,30
3642,45,19,16,11,-1.7223541453976996,8
3643,45,15,63,8,-1.7260545689947928,7
3644,12,13,50,5,-1.7279667161947843,8
3645,75,19,70,9,-1.7314858975507368,10
3646,106,19,48,10,-1.7335189393534853,9
3647,81,22,88,12,-1.7392542924502719,10
3648,88,37,36,21,-1.7392851936744331,16
3649,23,27,8,14,-1.7400762718841147,13
3650,109,10,78,5,-1.740661389354757,5
3651,6,11,18,6,-1.7414584600944745,5
3652,36,33,60,17,-1.7416473627060742,16
3653,61,13,86,7,-1.7442789867829431,6
3654,107,38,97,19,-1.7507246476170446,19
3655,68,31,4,16,-1.7510661926181545,15
3656,57,33,86,18,-1.7522583613315093,15
3657,70,26,84,14,-1.7530345342228948,12
3658,110,11,88,5,-1.7642228121429868,6
3659,13,93,16,51,-1.7680272073351373,42
3660,76,21,109,10,-1.7708841969163658,11
3661,84,13,102,7,-1.7793224025292758,6
3662,60,17,11,9,-1.779429717497023,8
3663,90,25,37,13,-1.7816453937181784,12
3664,104,36,87,17,-1.7913529653460039,19
3665,27,27,41,15,-1.799442798230458,12
3666,16,56,11,33,-1.8023357924405963,23
3667,31,34,51,20,-1.8036645224364214,14
3668,25,22,36,11,-1.8071440138268584,11
3669,111,18,40,9,-1.8104998545748818,9
3670,41,24,57,13,-1.8129246044249008,11
3671,28,18,79,10,-1.8130893193426156,8
3672,109,11,71,6,-1.819641782820222,5
3673,99,13,102,7,-1.8212893413036864,6
3674,108,16,64,8,-1.8224151605655852,8
3675,114,13,44,7,-1.8263733365516708,6
3676,3,11,106,6,-1.8270221877820196,5
3677,13,29,74,15,-1.8278354237299068,14
3678,49,20,54,10,-1.8291542659227744,10
3679,109,54,28,30,-1.8301464583611147,24
3680,3,30,39,15,-1.830220006872886,15
3681,49,26,87,12,-1.8310582770906734,14
3682,96,38,84,19,-1.835648682700679,19
3683,20,30,114,16,-1.839540566254475,14
3684,81,15,68,8,-1.8403513087559695,7
3685,84,23,65,12,-1.8452384016261003,11
3686,97,22,53,12,-1.8492466822191078,10
3687,49,17,8,8,-1.8503482563099287,9
3688,106,61,87,31,-1.8566326197242504,30
3689,112,11,85,6,-1.86190112472257,5
3690,103,11,27,5,-1.8644297499464975,6
3691,13,58,49,29,-1.8651213064868009,29
3692,5,95,37,49,-1.865428870342572,46
3693,54,26,17,13,-1.867393134138254,13
3694,65,91,13,49,-1.8704880163256519,42
3695,41,49,51,26,-1.877505705092543,23
3696,79,14,8,6,-1.8787453444383126,8
3697,64,30,87,15,-1.8805745129965612,15
3698,8,41,2,21,-1.8848654476169693,20
3699,64,23,25,12,-1.8857238852847689,11
3700,39,34,47,18,-1.8887252121213738,16
3701,106,35,20,19,-1.890590591428699,16
3702,112,27,107,14,-1.8978016202230057,13
3703,88,13,14,7,-1.902096229341472,6
3704,80,31,16,17,-1.9062257079773546,14
3705,68,34,3,19,-1.9069651393335167,15
3706,1,38,68,20,-1.9099752765436673,18
3707,47,23,87,12,-1.9101133657381943,11
3708,63,29,71,16,-1.915183979520071,13
3709,17,11,110,6,-1.9155371371930654,5
3710,106,32,97,16,-1.9159665785715099,16
3711,76,11,99,5,-1.9173589523208336,6
3712,64,43,53,23,-1.9214578200473016,20
3713,18,21,114,11,-1.923577249757447,10
3714,86,56,114,29,-1.9239569797033842,27
3715,40,19,70,11,-1.9276789997691202,8
3716,84,38,87,20,-1.9318820493391857,18
3717,97,14,23,7,-1.9330528734436563,7
3718,63,22,78,11,-1.9372183486989618,11
3719,98,10,32,5,-1.9380052263831622,5
3720,7,49,71,24,-1.9387153694352766,25
3721,104,13,110,8,-1.9388474450810558,5
3722,31,14,23,8,-1.9392936999416424,6
3723,65,49,8,26,-1.942404007953409,23
3724,55,20,25,11,-1.9429576796619947,9
3725,3,14,19,8,-1.945203843106352,6
3726,48,15,7,7,-1.9478692265013033,8
3727,64,34,36,17,-1.9485056781764598,17
3728,68,62,65,33,-1.948965612467336,29
3729,71,12,78,6,-1.9545808326383198,6
3730,35,11,50,6,-1.9581460146246743,5
3731,76,18,41,8,-1.972404836446448,10
3732,15,15,64,7,-1.974538086287131,8
3733,53,28,95,17,-1.9769373995573178,11
3734,76,46,106,22,-1.9803869538705086,24
3735,25,38,28,22,-1.983389891159918,16
3736,107,33,1,17,-1.9841002438837656,16
3737,4,19,53,10,-1.987694792892672,9
3738,38,20,60,10,-1.9901891037372657,10
3739,50,38,13,20,-1.9937674166002943,18
3740,112,15,104,8,-1.9939359727925703,7
3741,7,24,69,12,-1.9945381002011557,12
3742,68,22,94,12,-1.9968118227009084,10
3743,86,58,109,31,-1.99958534646243,27
3744,28,87,16,47,-2.0038366917622867,40
3745,97,22,83,10,-2.007636873207568,12
3746,90,37,8,21,-2.01946478207178,16
3747,17,27,114,16,-2.021159075364869,11
3748,68,24,78,13,-2.0233663173829637,11
3749,60,32,18,17,-2.0244266182620265,15
3750,13,11,32,6,-2.026181507027533,5
3751,9,29,60,17,-2.026686622824744,12
3752,114,14,91,7,-2.031242634143396,7
3753,79,11,55,6,-2.0315889229013417,5
3754,65,18,109,11,-2.0321022824018544,7
3755,47,17,27,8,-2.0335900799830844,9
3756,43,11,23,6,-2.0353932524795137,5
3757,88,14,89,7,-2.035463499061412,7
3758,17,25,49,15,-2.036546889065441,10
3759,51,34,18,17,-2.042743355152735,17
3760,86,30,15,16,-2.0441092378448187,14
3761,88,21,93,12,-2.047097578055207,9
3762,78,12,55,7,-2.047703711992377,5
3763,80,31,65,16,-2.05091984654234,15
3764,51,48,17,24,-2.054126154034215,24
3765,90,45,86,25,-2.0574221764428238,20
3766,113,12,86,7,-2.0586102760293072,5
3767,88,10,72,6,-2.0619587987908066,4
3768,88,12,79,7,-2.0642453169607626,5
3769,87,24,29,14,-2.0660123903160943,10
3770,38,16,30,10,-2.0680576867097535,6
3771,63,10,82,5,-2.0779758612966877,5
3772,65,47,74,24,-2.0847963525870905,23
3773,28,55,88,30,-2.0851563159512985,25
3774,107,73,51,42,-2.0899344269779965,31
3775,62,18,13,9,-2.091905330703411,9
3776,91,12,17,7,-2.0932516032559643,5
3777,8,22,97,11,-2.094799206270941,11
3778,55,34,83,17,-2.0962093979720193,17
3779,79,18,84,9,-2.0988599029371886,9
3780,38,11,12,6,-2.1101018439230717,5
3781,33,12,74,6,-2.113811361821,6
3782,64,20,1,10,-2.116432620959366,10
3783,37,38,65,19,-2.116557677432621,19
3784,70,11,53,6,-2.117480208536356,5
3785,84,26,37,14,-2.1240499046478805,12
3786,43,16,35,8,-2.1256405181906706,8
3787,76,13,34,6,-2.1338119769299584,7
3788,53,13,23,7,-2.1639220781507644,6
3789,74,14,88,9,-2.16536396125082,5
3790,54,75,86,39,-2.1689438842347455,36
3791,39,11,33,6,-2.1701558874520313,5
3792,93,16,84,8,-2.173203038685071,8
3793,70,26,63,14,-2.1813121472430432,12
3794,11,36,63,21,-2.184303425155536,15
3795,68,49,107,27,-2.1853889900704107,22
3796,60,53,51,31,-2.185540959334895,22
3797,74,64,8,36,-2.1866220406514896,28
3798,54,10,31,5,-2.1866689261471493,5
3799,88,63,60,35,-2.2053487740970468,28
3800,96,50,5,28,-2.21142719225076,22
3801,55,84,8,42,-2.212352121108186,42
3802,51,12,93,6,-2.216632142916852,6
3803,98,14,18,6,-2.2211477971408065,8
3804,99,13,98,6,-2.22125816779338,7
3805,16,35,15,17,-2.223741648422683,18
3806,33,11,88,5,-2.224220943421554,6
3807,25,16,90,9,-2.226157693683706,7
3808,1,12,62,7,-2.2295391066336445,5
3809,74,27,20,15,-2.230377352624161,12
3810,20,14,18,8,-2.233452860395892,6
3811,27,10,70,5,-2.243263258457554,5
3812,4,38,88,20,-2.24592170041755,18
3813,20,13,69,7,-2.2532252345201647,6
3814,25,30,95,16,-2.25397314365567,14
3815,88,45,106,26,-2.2639858690375605,19
3816,7,12,85,7,-2.267272935114745,5
3817,96,66,28,35,-2.2674069446039327,31
3818,31,10,61,5,-2.2696136748473594,5
3819,70,48,16,27,-2.2731186306672018,21
3820,71,16,80,8,-2.2753923838048147,8
3821,35,20,88,10,-2.2787018333731495,10
3822,40,47,9,26,-2.2806450266015688,21
3823,114,38,63,23,-2.2836807270192585,15
3824,74,46,37,24,-2.2838690954080456,22
3825,17,11,29,6,-2.2877927401917684,5
3826,4,13,106,6,-2.287883468044352,7
3827,69,28,51,16,-2.2914051236276647,12
3828,45,18,114,10,-2.292094813707231,8
3829,5,24,100,13,-2.2932427434044693,11
3830,81,15,9,8,-2.297406284952818,7
3831,32,21,86,11,-2.2989864902239,10
3832,69,27,88,15,-2.300359575839998,12
3833,102,22,109,12,-2.303194855526112,10
3834,50,12,58,6,-2.303376752943112,6
3835,94,20,86,11,-2.3038356669762092,9
3836,48,18,109,9,-2.3066244801907967,9
3837,72,18,54,10,-2.3089068997418343,8
3838,12,39,65,20,-2.311622607173606,19
3839,91,32,88,17,-2.315767764685103,15
3840,102,21,104,10,-2.320627297470276,11
3841,64,23,50,12,-2.3285304422785043,11
3842,5,51,109,26,-2.3285813949081646,25
3843,53,28,25,14,-2.3301510854690832,14
3844,57,31,15,17,-2.3311898509183155,14
3845,86,16,29,9,-2.3399676619619454,7
3846,50,13,6,7,-2.341492332331065,6
3847,38,12,114,6,-2.3415263774379937,6
3848,2,20,16,11,-2.344610668498853,9
3849,3,19,104,10,-2.3520715951524074,9
3850,37,58,107,31,-2.3520883092822156,27
3851,69,23,87,13,-2.352208197144829,10
3852,31,36,4,21,-2.3535355966794675,15
3853,109,14,96,8,-2.3566759619593642,6
3854,100,16,15,8,-2.357282968122231,8
3855,11,51,8,28,-2.360316345482966,23
3856,5,23,99,12,-2.3616219022642833,11
3857,39,46,63,28,-2.3626947638130464,18
3858,70,19,7,12,-2.364945757295021,7
3859,50,24,40,14,-2.3671440474550494,10
3860,112,19,50,11,-2.3689643473531765,8
3861,48,15,30,9,-2.3702999073115163,6
3862,96,55,8,30,-2.3714393570924233,25
3863,107,40,71,23,-2.3760609676092477,17
3864,17,23,8,12,-2.380809098241683,11
3865,56,13,75,8,-2.3840139649043506,5
3866,104,25,96,14,-2.3866419839158355,11
3867,71,21,4,13,-2.3871750117365993,8
3868,95,40,104,22,-2.389034218387607,18
3869,8,12,111,6,-2.390343846489093,6
3870,87,22,83,11,-2.3903571419434884,11
3871,28,38,46,22,-2.3990178798165633,16
3872,98,15,114,8,-2.3992721750256893,7
3873,8,10,56,6,-2.4000860547179794,4
3874,80,26,20,14,-2.4033351571638573,12
3875,69,18,9,10,-2.4050002453980612,8
3876,51,24,47,12,-2.4094573680997575,12
3877,93,33,8,17,-2.4111455321691304,16
3878,92,11,65,6,-2.411285975254871,5
3879,20,38,88,19,-2.4156839797078273,19
3880,39,35,71,19,-2.4158892555534424,16
3881,54,17,94,9,-2.418369665890047,8
3882,25,46,107,24,-2.4187485647838773,22
3883,99,11,109,6,-2.419517402501058,5
3884,17,15,112,8,-2.423435965631074,7
3885,75,20,91,7,-2.4323694332612673,13
3886,17,16,100,10,-2.432372306828288,6
3887,51,19,14,12,-2.4338441230915153,7
3888,106,39,55,22,-2.4381392466666045,17
3889,86,18,12,10,-2.4382543520920796,8
3890,88,31,96,16,-2.4406464912019885,15
3891,50,10,32,4,-2.4440541907162716,6
3892,112,29,65,16,-2.4552380652908345,13
3893,68,23,19,13,-2.459954749025012,10
3894,69,17,74,8,-2.466497282082454,9
3895,74,40,87,22,-2.4671563114027464,18
3896,81,17,4,10,-2.467812477706327,7
3897,87,24,27,13,-2.4697666146464154,11
3898,94,11,3,6,-2.4703368234336676,5
3899,87,31,75,17,-2.4728263386250795,14
3900,9,61,7,31,-2.4756046461152823,30
3901,3,14,96,7,-2.4759083478520028,7
3902,39,30,95,16,-2.481130681096556,14
3903,111,11,18,6,-2.489910872635885,5
3904,78,34,86,18,-2.5009350146207274,16
3905,109,18,37,10,-2.5010134043415313,8
3906,28,26,60,12,-2.503783946382719,14
3907,51,70,88,34,-2.5063635186764337,36
3908,96,37,106,21,-2.5084238105055885,16
3909,55,43,75,25,-2.5125301308500276,18
3910,102,26,16,14,-2.5156356988528947,12
3911,36,15,12,8,-2.5163199425137495,7
3912,19,19,28,11,-2.5182869063974485,8
3913,54,34,80,17,-2.5244394841569355,17
3914,50,32,39,17,-2.524569549657206,15
3915,4,18,39,10,-2.5267698999647226,8
3916,68,57,60,32,-2.5271272115940557,25
3917,9,33,36,18,-2.527924078037467,15
3918,107,15,44,8,-2.5305445670994087,7
3919,17,29,7,16,-2.5320894413613915,13
3920,95,20,20,11,-2.5325274069422727,9
3921,94,15,69,8,-2.535027799735268,7
3922,60,50,39,26,-2.5355246842136108,24
3923,60,11,111,7,-2.535604443502029,4
3924,79,16,63,9,-2.5383647167046717,7
3925,20,15,19,8,-2.543598619448083,7
3926,36,74,7,40,-2.54935875079736,34
3927,1,19,73,11,-2.5534291003907295,8
3928,38,21,88,13,-2.55496141946847,8
3929,63,10,83,4,-2.557624644664858,6
3930,51,43,28,22,-2.5635290356109595,21
3931,23,11,9,6,-2.5650998994582825,5
3932,87,13,92,7,-2.5651869545632544,6
3933,107,50,50,26,-2.5656690703128167,24
3934,3,13,69,8,-2.5732249505733895,5
3935,17,15,1,8,-2.5752502333351277,7
3936,107,49,11,27,-2.5761241944086906,22
3937,71,14,69,7,-2.582352607553779,7
3938,107,33,34,19,-2.5875719097269365,14
3939,87,25,71,13,-2.590103521421834,12
3940,18,33,86,19,-2.5923706641316473,14
3941,109,10,1,5,-2.592960677140225,5
3942,27,19,40,8,-2.5947052105553348,11
3943,91,23,36,13,-2.600483205457647,10
3944,107,25,85,13,-2.601380149286501,12
3945,90,37,107,19,-2.6015860655240464,18
3946,1,29,40,16,-2.608102727316189,13
3947,40,16,11,9,-2.612795985816362,7
3948,2,13,76,8,-2.6134640032331116,5
3949,64,28,75,15,-2.614396425436705,13
3950,68,107,7,58,-2.6156429768400975,49
3951,107,30,108,16,-2.6200064290415055,14
3952,41,16,11,10,-2.6214888870905386,6
3953,86,36,91,19,-2.627461430980282,17
3954,39,30,17,17,-2.63473827504273,13
3955,54,13,110,7,-2.6358849029934492,6
3956,17,17,11,9,-2.63850353139516,8
3957,106,10,10,7,-2.639964127087713,3
3958,95,14,33,8,-2.6415453896084555,6
3959,6,17,88,9,-2.643401887191552,8
3960,5,60,16,35,-2.643518445682432,25
3961,37,21,30,12,-2.6448172779185537,9
3962,8,24,30,13,-2.6514132136935475,11
3963,36,13,57,8,-2.653116090105381,5
3964,88,29,92,16,-2.65412565592523,13
3965,91,13,74,7,-2.658254293210725,6
3966,98,13,19,6,-2.6648484010439395,7
3967,74,25,114,13,-2.666972342657448,12
3968,75,18,95,10,-2.672802736686619,8
3969,44,17,25,9,-2.673535476281759,8
3970,5,25,39,13,-2.6791322172692884,12
3971,35,11,13,6,-2.684594978225239,5
3972,107,21,93,12,-2.6848247910711387,9
3973,71,40,65,23,-2.6867803351656674,17
3974,8,81,86,41,-2.6926289795431546,40
3975,6,15,87,8,-2.6944386309243544,7
3976,107,50,41,29,-2.7130435159152007,21
3977,70,16,49,8,-2.7131214221068403,8
3978,80,11,95,6,-2.7197438471090796,5
3979,28,50,11,26,-2.7199624016130106,24
3980,70,31,104,17,-2.7208109249750048,14
3981,88,53,55,31,-2.721264805593774,22
3982,8,76,16,42,-2.7297636152330345,34
3983,41,11,29,6,-2.729777141843769,5
3984,34,12,75,6,-2.7327928404854562,6
3985,106,50,65,27,-2.735321183024918,23
3986,63,12,99,6,-2.7377253409939377,6
3987,69,10,29,5,-2.7392352416951,5
3988,17,14,85,8,-2.7395161081641866,6
3989,104,22,97,11,-2.7396377781056187,11
3990,8,12,112,6,-2.740736306324458,6
3991,70,28,68,15,-2.743617533988878,13
3992,112,23,63,12,-2.74696539057072,11
3993,38,23,68,13,-2.7530952272237923,10
3994,111,28,16,16,-2.755670365747083,12
3995,28,99,86,55,-2.762726515499761,44
3996,77,17,5,9,-2.7658375671945885,8
3997,40,11,38,5,-2.771552043064858,6
3998,10,11,5,5,-2.7716738654503192,6
3999,103,11,13,6,-2.771821763683222,5
4000,27,14,11,7,-2.7750057567536373,7
4001,91,31,28,17,-2.78581966806185,14
4002,97,15,9,7,-2.7891659901703596,8
4003,36,13,100,7,-2.7923934619121096,6
4004,15,13,49,7,-2.79319706639659,6
4005,1,26,7,14,-2.793205495238504,12
4006,114,25,4,13,-2.7973762559419417,12
4007,109,20,50,11,-2.798084616202662,9
4008,112,14,106,7,-2.805082024542768,7
4009,41,15,99,8,-2.808167291861728,7
4010,36,32,1,16,-2.8095303452930684,16
4011,98,12,39,7,-2.813957257779375,5
4012,47,13,64,8,-2.821240379057225,5
4013,71,13,18,7,-2.821320109059578,6
4014,109,14,40,8,-2.8243745319718685,6
4015,81,23,53,13,-2.832269045840244,10
4016,74,33,104,19,-2.832959821636547,14
4017,104,13,23,8,-2.8445076862849517,5
4018,76,24,46,13,-2.8453201116747966,11
4019,44,13,28,6,-2.846139863099275,7
4020,33,13,97,7,-2.8486496222061595,6
4021,65,10,34,5,-2.851457666336363,5
4022,96,16,73,9,-2.853430398009382,7
4023,99,18,51,9,-2.8534777973740635,9
4024,104,35,39,19,-2.8536678809946237,16
4025,100,10,103,6,-2.8578102045356193,4
4026,63,23,46,11,-2.867241869896345,12
4027,20,42,87,22,-2.869120615934056,20
4028,53,12,57,6,-2.8739584447786406,6
4029,75,21,27,11,-2.8742147115996155,10
4030,16,13,85,8,-2.8813506371354958,5
4031,65,11,85,6,-2.8887980695165383,5
4032,74,24,75,14,-2.8903655619324415,10
4033,55,71,13,38,-2.895942627228282,33
4034,70,10,44,5,-2.8975248911261424,5
4035,108,13,71,7,-2.8992906212622866,6
4036,49,15,114,7,-2.904145419228163,8
4037,37,19,91,10,-2.9050960547005253,9
4038,23,27,51,15,-2.9105396123674634,12
4039,108,12,25,7,-2.9132670669268257,5
4040,106,19,102,9,-2.9207255392565092,10
4041,86,82,74,43,-2.9212877807151494,39
4042,87,20,36,12,-2.9355732508976633,8
4043,65,57,28,32,-2.936618804167043,25
4044,40,32,41,17,-2.946728808508273,15
4045,65,20,18,10,-2.9468351166959508,10
4046,8,16,80,8,-2.9519293865537106,8
4047,46,23,114,13,-2.9631435316072414,10
4048,57,18,25,10,-2.964934950553877,8
4049,13,18,34,10,-2.966738126614261,8
4050,53,11,47,6,-2.967218161853792,5
4051,78,14,28,7,-2.969090445302413,7
4052,67,10,34,4,-2.9692152425887484,6
4053,37,21,2,11,-2.96975801126945,10
4054,68,16,85,10,-2.9736103869141335,6
4055,4,32,36,19,-2.9739066740354194,13
4056,64,16,49,8,-2.974435618509844,8
4057,106,36,84,18,-2.9754739608250116,18
4058,16,21,34,12,-2.976314710839405,9
4059,78,25,13,14,-2.9806689093334278,11
4060,65,27,15,15,-2.9825641535703045,12
4061,69,11,4,6,-2.9994841766617175,5
4062,34,14,96,8,-3.001763014782562,6
4063,37,47,20,25,-3.0049852144749636,22
4064,29,16,7,7,-3.0054928601317066,9
4065,7,27,6,12,-3.013941061604383,15
4066,84,86,86,44,-3.0278103260571707,42
4067,99,12,27,6,-3.0280763102634345,6
4068,49,16,65,9,-3.0342561495428084,7
4069,65,39,25,23,-3.0368934823131157,16
4070,96,13,38,7,-3.0422152322461713,6
4071,109,34,88,19,-3.046527810071437,15
4072,77,19,39,10,-3.0517041333574344,9
4073,86,42,71,22,-3.0606693617391714,20
4074,107,27,29,17,-3.062430324885094,10
4075,55,14,48,8,-3.0636269177668387,6
4076,25,18,71,10,-3.0644100067848146,8
4077,114,40,60,18,-3.0670908685799043,22
4078,55,22,20,12,-3.0673393388469985,10
4079,25,30,75,17,-3.069551733540898,13
4080,41,11,74,5,-3.0735662157516845,6
4081,84,28,109,16,-3.073799704825316,12
4082,63,40,74,21,-3.0803940829456544,19
4083,87,14,45,8,-3.086220297325659,6
4084,91,10,64,6,-3.0993479020870796,4
4085,68,14,99,8,-3.100103615084465,6
4086,27,13,74,6,-3.1002755903304386,7
4087,60,15,92,9,-3.101629065738581,6
4088,54,15,41,8,-3.102250260710982,7
4089,106,25,109,13,-3.1028448270841773,12
4090,86,91,63,53,-3.106277287763664,38
4091,4,24,50,12,-3.1105592371369597,12
4092,17,25,25,14,-3.1106502600539105,11
4093,80,11,36,6,-3.1158574211756616,5
4094,17,20,34,11,-3.1289905577883568,9
4095,43,11,112,6,-3.1359235341148506,5
4096,65,48,23,25,-3.1380450881841506,23
4097,23,23,75,11,-3.148733601092015,12
4098,7,51,104,28,-3.158219418007504,23
4099,82,21,86,12,-3.1586560919846263,9
4100,74,14,90,9,-3.168061351028922,5
4101,86,16,110,9,-3.1694821197260485,7
4102,60,25,106,15,-3.171261503808182,10
4103,7,32,43,19,-3.1749602918386843,13
4104,65,30,43,15,-3.1752092762666044,15
4105,30,12,74,6,-3.175828716417198,6
4106,65,25,83,13,-3.1850517665827933,12
4107,50,54,37,28,-3.1883352760136074,26
4108,5,61,88,32,-3.1946532218196624,29
4109,5,49,55,27,-3.198953177181802,22
4110,39,41,36,23,-3.1998605067578225,18
4111,76,12,44,7,-3.2019945343572456,5
4112,17,28,106,17,-3.2039846830051117,11
4113,87,21,43,11,-3.2088295405347442,10
4114,31,47,60,23,-3.2094707274879264,24
4115,97,19,50,11,-3.210625734622642,8
4116,74,16,17,9,-3.21177055102783,7
4117,46,45,51,25,-3.212290911376682,20
4118,23,19,64,10,-3.2123729115980186,9
4119,28,39,55,23,-3.2184704312839756,16
4120,7,55,23,30,-3.222928305376168,25
4121,16,21,4,10,-3.223993814900797,11
4122,51,46,8,25,-3.2258849231912943,21
4123,35,18,16,11,-3.2305329948687067,7
4124,87,21,2,12,-3.2308938185741103,9
4125,16,68,60,37,-3.2309192664317177,31
4126,36,49,107,26,-3.234838704648262,23
4127,94,18,27,10,-3.2365053150430136,8
4128,60,25,99,14,-3.238194459102709,11
4129,81,12,23,7,-3.2407035870770007,5
4130,112,12,72,6,-3.241907003379272,6
4131,8,18,68,10,-3.2434866605613224,8
4132,16,45,41,23,-3.2495789716339614,22
4133,64,38,107,20,-3.25264237164834,18
4134,25,47,114,27,-3.2540864225169766,20
4135,41,29,60,15,-3.2551745470437368,14
4136,74,24,7,15,-3.257493143792889,9
4137,95,14,76,8,-3.257651508839797,6
4138,19,16,30,8,-3.260781025498363,8
4139,53,56,18,30,-3.2615252410170648,26
4140,54,56,28,31,-3.262278028179984,25
4141,7,114,13,62,-3.264302615697635,52
4142,19,17,43,10,-3.2674154537236064,7
4143,78,11,11,5,-3.270328616003681,6
4144,67,13,114,7,-3.274670651234843,6
4145,86,49,60,27,-3.2754717222931737,22
4146,60,25,90,15,-3.2889183131065622,10
4147,74,20,100,11,-3.292910754624951,9
4148,27,50,7,27,-3.296451922887636,23
4149,5,60,104,32,-3.3007473735225057,28
4150,48,29,28,16,-3.3030143286202387,13
4151,15,12,28,6,-3.307663426492388,6
4152,75,31,60,17,-3.313915862803686,14
4153,84,16,97,10,-3.316428205809935,6
4154,54,32,104,17,-3.328617374285993,15
4155,50,19,41,11,-3.331657114556132,8
4156,74,17,108,10,-3.332088965409243,7
4157,76,13,71,6,-3.3359186512389036,7
4158,5,13,68,7,-3.3380294056441127,6
4159,98,20,54,11,-3.3414082574983,9
4160,33,13,75,8,-3.342736023465549,5
4161,91,15,40,8,-3.345577169162442,7
4162,20,10,83,5,-3.347889825164404,5
4163,107,15,14,9,-3.3479962116917545,6
4164,70,30,88,17,-3.3524090493184286,13
4165,3,12,54,6,-3.3552278990212483,6
4166,8,23,14,13,-3.3634201583462153,10
4167,97,25,54,13,-3.364815342765676,12
4168,20,17,40,10,-3.3649339637959637,7
4169,87,14,58,8,-3.3655067135270507,6
4170,19,17,112,10,-3.3665736118676204,7
4171,88,41,11,23,-3.366600706445604,18
4172,44,13,100,7,-3.3720452657314217,6
4173,98,15,73,8,-3.3800553651819163,7
4174,55,28,36,15,-3.383336577257353,13
4175,88,13,19,7,-3.3883003963549876,6
4176,65,19,62,10,-3.3909839239840913,9
4177,104,10,73,6,-3.391491099464731,4
4178,112,26,13,13,-3.392352489097591,13
4179,28,13,4,7,-3.3940824912486858,6
4180,87,29,76,17,-3.3995265465111264,12
4181,84,29,55,16,-3.4012305577969593,13
4182,65,34,97,19,-3.401757302918018,15
4183,98,26,104,12,-3.4091853213510745,14
4184,36,11,17,5,-3.417273645156755,6
4185,97,12,11,6,-3.419346386793516,6
4186,37,12,4,7,-3.4218717037755084,5
4187,25,31,102,17,-3.4382241991917164,14
4188,39,29,114,15,-3.4411172111260955,14
4189,40,58,60,32,-3.4423663485116376,26
4190,55,28,76,17,-3.4438952481653042,11
4191,46,25,68,14,-3.4494659871080535,11
4192,23,21,37,11,-3.4530437057487418,10
4193,5,23,33,12,-3.454327509177194,11
4194,20,27,11,16,-3.455641949633459,11
4195,51,49,106,27,-3.457607975311812,22
4196,5,60,74,32,-3.4699961467083447,28
4197,16,14,73,7,-3.4738693799097957,7
4198,54,57,96,29,-3.47661338595835,28
4199,18,16,55,8,-3.481046717374471,8
4200,70,20,25,11,-3.484518115943737,9
4201,71,18,12,10,-3.4874429459484335,8
4202,51,30,36,16,-3.4874600225025065,14
4203,103,11,54,7,-3.4875703394156505,4
4204,36,13,62,7,-3.489528327052378,6
4205,95,25,60,14,-3.4911897053694894,11
4206,114,36,97,20,-3.494809729950691,16
4207,9,26,50,15,-3.4989626487903873,11
4208,63,18,49,10,-3.500149915800845,8
4209,108,13,37,7,-3.5019197237718496,6
4210,39,12,1,5,-3.502316135418237,7
4211,23,16,74,9,-3.5053157619270587,7
4212,33,10,49,6,-3.5057518320537775,4
4213,104,38,8,21,-3.5073414065674897,17
4214,69,10,84,6,-3.5117655158326757,4
4215,106,50,107,27,-3.5165007722129795,23
4216,17,39,16,24,-3.519303718783672,15
4217,87,34,23,20,-3.523799851921598,14
4218,76,17,20,8,-3.5278207011714757,9
4219,97,23,87,14,-3.5298267728440083,9
4220,25,17,93,9,-3.530039788975629,8
4221,7,15,44,8,-3.535266020755452,7
4222,36,65,40,37,-3.5400829247343655,28
4223,65,49,53,26,-3.552341058928982,23
4224,71,26,62,14,-3.552725756878075,12
4225,4,13,30,7,-3.554167963462701,6
4226,57,13,23,7,-3.554408044637194,6
4227,36,19,28,10,-3.554999615354126,9
4228,33,11,64,7,-3.558110801858625,4
4229,108,13,79,8,-3.562523700236057,5
4230,3,15,81,9,-3.5653849933326986,6
4231,38,22,16,14,-3.5724883088865464,8
4232,57,18,3,10,-3.5742432115563805,8
4233,28,50,20,28,-3.5784154895374147,22
4234,60,16,61,8,-3.58082656290379,8
4235,95,10,97,6,-3.58943247133478,4
4236,71,13,58,7,-3.5901555481142533,6
4237,91,13,102,7,-3.5942640564526322,6
4238,94,13,55,7,-3.6120696685756326,6
4239,28,26,80,14,-3.6230809501897747,12
4240,18,19,43,9,-3.6267699505365183,10
4241,87,107,86,55,-3.6292274243498333,52
4242,108,14,75,8,-3.634090811617301,6
4243,107,72,88,41,-3.6375933381747343,31
4244,69,13,112,7,-3.640201196896185,6
4245,51,51,54,28,-3.64120614912335,23
4246,70,10,14,5,-3.6470421341148493,5
4247,50,13,27,8,-3.6503401008022798,5
4248,18,11,17,5,-3.6519056838531805,6
4249,112,35,86,20,-3.651933901410972,15
4250,9,15,109,7,-3.6538651478462696,8
4251,32,21,107,11,-3.6546977761524695,10
4252,71,10,90,5,-3.656103603020123,5
4253,96,33,97,17,-3.6574389351582637,16
4254,86,33,49,17,-3.6580175694241315,16
4255,31,24,39,14,-3.6610558433956144,10
4256,51,26,108,14,-3.669690549423146,12
4257,18,32,88,17,-3.6713658752533838,15
4258,87,25,80,14,-3.671802865102298,11
4259,27,12,71,7,-3.672482180614423,5
4260,68,14,101,9,-3.6742625668258904,5
4261,55,19,34,10,-3.680955248563573,9
4262,51,37,114,19,-3.6824882422691596,18
4263,108,11,81,6,-3.691880009280835,5
4264,28,19,23,10,-3.6970356039584393,9
4265,65,94,16,53,-3.699236008498941,41
4266,40,14,57,8,-3.703028159726476,6
4267,43,17,106,9,-3.706853967971227,8
4268,5,21,15,13,-3.7147342263498238,8
4269,60,14,89,7,-3.723763452657912,7
4270,81,17,39,10,-3.728914203220536,7
4271,25,65,86,35,-3.735239092039536,30
4272,3,17,27,8,-3.735454066656184,9
4273,4,13,1,8,-3.7360390878519714,5
4274,40,42,53,23,-3.7429391558119995,19
4275,23,14,27,7,-3.7503767523095015,7
4276,109,33,51,21,-3.752003613096799,12
4277,87,40,30,22,-3.755987804908456,18
4278,15,13,47,7,-3.7602698343279473,6
4279,54,22,15,11,-3.7704013204125912,11
4280,4,19,63,11,-3.7758336578086884,8
4281,92,13,104,6,-3.7768187223532292,7
4282,23,48,107,26,-3.7778307981128196,22
4283,93,10,7,5,-3.7802315490169662,5
4284,37,12,94,7,-3.788108137633397,5
4285,60,13,80,7,-3.788360223509818,6
4286,104,13,20,8,-3.7974160411444697,5
4287,19,20,60,12,-3.80120850771223,8
4288,3,17,64,10,-3.801459101897863,7
4289,55,57,107,31,-3.8017599811485696,26
4290,5,16,110,9,-3.8138584796050923,7
4291,91,28,5,17,-3.814625093066516,11
4292,4,21,55,11,-3.821660634263143,10
4293,64,14,44,8,-3.824222642884567,6
4294,11,19,7,11,-3.8244118156669136,8
4295,3,11,4,6,-3.825046392091852,5
4296,87,16,44,9,-3.826754946057649,7
4297,86,91,7,53,-3.8292113085112067,38
4298,51,30,70,16,-3.8297117807076546,14
4299,13,26,91,14,-3.8317482607331113,12
4300,46,13,38,8,-3.8338597693432233,5
4301,7,26,20,14,-3.839940256500115,12
4302,31,23,18,12,-3.8430258307678655,11
4303,111,34,65,20,-3.8475275648066676,14
4304,114,25,41,13,-3.8544949021986654,12
4305,3,12,62,7,-3.858532230856977,5
4306,109,17,68,11,-3.8661451047117255,6
4307,68,11,108,6,-3.86884903956731,5
4308,87,36,95,20,-3.8694007735692093,16
4309,17,27,28,15,-3.885054779321748,12
4310,62,13,76,7,-3.8913968956310074,6
4311,57,23,28,13,-3.8971175709019774,10
4312,88,26,43,15,-3.9015621477141424,11
4313,37,26,102,15,-3.901578428361024,11
4314,55,49,39,28,-3.9021775272744925,21
4315,54,13,79,8,-3.90846253808764,5
4316,86,13,89,6,-3.9174928376954097,7
4317,70,38,37,22,-3.9227382855891673,16
4318,2,28,5,16,-3.923277825320168,12
4319,86,115,16,66,-3.9281593710891984,49
4320,50,11,57,7,-3.929027822248146,4
4321,16,35,97,19,-3.9340820840887147,16
4322,97,10,80,6,-3.9365866928471034,4
4323,93,11,3,5,-3.9394735942906975,6
4324,40,11,6,6,-3.9442678680230827,5
4325,86,45,9,26,-3.945093339569097,19
4326,39,27,27,13,-3.949968449730081,14
4327,104,50,88,29,-3.9536343834384904,21
4328,17,34,65,21,-3.9540701507148897,13
4329,35,13,30,7,-3.958311571243133,6
4330,93,24,74,13,-3.960101768879081,11
4331,51,89,13,48,-3.963822887097114,41
4332,63,18,17,10,-3.9668490280440616,8
4333,14,12,96,7,-3.975747798085754,5
4334,19,16,84,9,-3.977223734834221,7
4335,97,18,60,9,-3.9792005525226375,9
4336,58,17,16,10,-3.986876789950901,7
4337,112,16,31,10,-4.001730552260451,6
4338,71,33,30,18,-4.006253796204616,15
4339,7,26,100,15,-4.007756687202794,11
4340,31,12,66,7,-4.0087548725586535,5
4341,54,36,55,19,-4.011039158800405,17
4342,110,20,8,12,-4.013172679497405,8
4343,51,44,104,27,-4.015424408222765,17
4344,53,49,39,28,-4.0166114325479985,21
4345,47,13,71,7,-4.030916530509354,6
4346,64,13,77,6,-4.0310378413129495,7
4347,38,18,9,10,-4.035727579019443,8
4348,43,10,1,5,-4.03897671575872,5
4349,76,26,98,15,-4.039201436166646,11
4350,50,21,7,11,-4.045740478776831,10
4351,88,43,23,26,-4.047882049914368,17
4352,40,10,32,5,-4.050021677419869,5
4353,95,10,43,6,-4.0633983206079485,4
4354,19,12,64,8,-4.068998906277915,4
4355,60,38,87,20,-4.070682609249087,18
4356,12,10,16,6,-4.074172433894507,4
4357,5,117,86,66,-4.074944655375777,51
4358,50,22,74,12,-4.086243740312161,10
4359,19,11,36,6,-4.0885902184216905,5
4360,107,25,15,16,-4.092385856197936,9
4361,35,24,20,14,-4.098728722002913,10
4362,93,20,83,11,-4.100880722204593,9
4363,63,30,97,17,-4.107378727934806,13
4364,46,12,3,6,-4.120061864952647,6
4365,46,62,13,36,-4.124756823653081,26
4366,102,31,28,17,-4.12543311995288,14
4367,65,22,45,11,-4.125923170388699,11
4368,94,16,112,10,-4.1306598471384035,6
4369,9,19,49,10,-4.134273187385771,9
4370,20,11,71,7,-4.136430557393971,4
4371,62,15,100,8,-4.138737945522875,7
4372,39,26,100,14,-4.139510286166156,12
4373,9,53,88,30,-4.139791770697589,23
4374,71,47,53,27,-4.141303557057988,20
4375,77,28,13,16,-4.142553833006349,12
4376,73,13,20,8,-4.146065391689571,5
4377,76,18,84,10,-4.146116027740745,8
4378,65,58,55,32,-4.14777837496959,26
4379,17,12,99,7,-4.14837583337694,5
4380,84,60,28,34,-4.150279635735799,26
4381,79,23,16,13,-4.172627485125203,10
4382,54,51,46,29,-4.174748314759057,22
4383,84,34,16,19,-4.177116652788804,15
4384,7,18,80,11,-4.182061930373812,7
4385,25,27,23,15,-4.182190113226027,12
4386,40,70,13,39,-4.189895916000412,31
4387,12,10,85,6,-4.198135644237859,4
4388,40,11,15,6,-4.201647176656486,5
4389,36,56,65,32,-4.205692860728475,24
4390,46,59,86,36,-4.218640718519182,23
4391,31,21,87,11,-4.220659397575877,10
4392,18,19,4,11,-4.220670692754493,8
4393,44,11,71,6,-4.223524348839462,5
4394,47,10,109,6,-4.236742850593237,4
4395,74,12,31,7,-4.240578281890586,5
4396,34,14,106,7,-4.243674039664674,7
4397,29,12,9,7,-4.247154248113976,5
4398,27,19,15,11,-4.2512679666547895,8
4399,80,17,104,9,-4.256665633473226,8
4400,38,15,51,9,-4.261652425824846,6
4401,107,30,91,18,-4.264126621091654,12
4402,60,16,108,9,-4.267590404557523,7
4403,96,12,33,5,-4.271042933020871,7
4404,12,18,88,10,-4.271852106961349,8
4405,54,27,9,15,-4.272544772651764,12
4406,65,75,104,41,-4.279029082347129,34
4407,54,19,78,11,-4.289939322497262,8
4408,54,63,20,33,-4.290782184792433,30
4409,54,30,30,17,-4.295304900191639,13
4410,44,21,20,12,-4.299103845073811,9
4411,54,28,25,16,-4.300413553073274,12
4412,53,27,106,14,-4.302319600135899,13
4413,109,22,20,14,-4.302333411252665,8
4414,107,80,13,44,-4.302477990099943,36
4415,71,42,16,25,-4.3051763919274695,17
4416,52,10,50,5,-4.308197298973348,5
4417,20,19,17,11,-4.3112321942034,8
4418,17,23,97,13,-4.313428551304956,10
4419,71,14,70,7,-4.315612188206777,7
4420,40,22,4,12,-4.316643149060896,10
4421,37,23,98,13,-4.327931130640238,10
4422,87,64,8,36,-4.329007020305176,28
4423,41,19,95,11,-4.332143979792176,8
4424,22,12,60,7,-4.334241842742782,5
4425,65,29,70,18,-4.3439841796636145,11
4426,6,16,65,9,-4.346168811124812,7
4427,88,24,47,13,-4.347102674354305,11
4428,100,16,64,10,-4.355062992024107,6
4429,71,31,64,19,-4.35947313780117,12
4430,23,20,95,11,-4.361896262769259,9
4431,11,13,33,6,-4.365968233102095,7
4432,9,15,74,9,-4.36741522698094,6
4433,23,23,40,13,-4.36842332680331,10
4434,58,13,55,7,-4.369004483506263,6
4435,9,24,55,14,-4.371040618945101,10
4436,98,13,60,7,-4.372454949323837,6
4437,84,23,9,13,-4.37700855889265,10
4438,47,25,16,14,-4.378651929248729,11
4439,39,59,86,31,-4.378688420157519,28
4440,25,33,87,18,-4.379098196808543,15
4441,17,18,90,9,-4.380128430106851,9
4442,76,23,65,14,-4.385586505985179,9
4443,43,26,51,14,-4.390788502279346,12
4444,86,20,111,12,-4.3910837466552355,8
4445,63,29,64,16,-4.39496095596168,13
4446,64,20,114,12,-4.407773657880816,8
4447,57,12,64,7,-4.4096800085415095,5
4448,51,109,16,60,-4.412519515032201,49
4449,53,64,7,36,-4.416213736910661,28
4450,13,30,99,17,-4.420966828834257,13
4451,62,39,16,24,-4.4214535469720015,15
4452,87,20,102,12,-4.423994697827658,8
4453,20,14,23,8,-4.42777867543601,6
4454,104,33,76,20,-4.431201348115445,13
4455,112,13,3,7,-4.431324508959898,6
4456,88,11,45,7,-4.4416566980945715,4
4457,109,15,95,9,-4.444131433700797,6
4458,107,94,87,53,-4.446383197522772,41
4459,37,33,13,19,-4.448467961015428,14
4460,50,42,2,24,-4.448957186147167,18
4461,12,12,6,6,-4.448996636056325,6
4462,31,67,7,38,-4.453212370234459,29
4463,16,44,95,24,-4.453378575583385,20
4464,73,12,50,8,-4.454782630059153,4
4465,97,11,77,7,-4.454901155383999,4
4466,47,23,107,13,-4.459572238589973,10
4467,50,15,3,8,-4.464463620895281,7
4468,32,18,37,10,-4.466542082918519,8
4469,57,10,91,5,-4.468260927215542,5
4470,25,31,96,17,-4.472832877552798,14
4471,7,102,16,57,-4.473957168273419,45
4472,11,45,55,27,-4.474786147328665,18
4473,86,38,27,23,-4.475599277388675,15
4474,107,33,95,18,-4.475609109265347,15
4475,3,22,65,13,-4.484195846274234,9
4476,27,15,34,8,-4.4853072344681015,7
4477,107,102,16,63,-4.491862341070497,39
4478,37,15,93,9,-4.4934456656390305,6
4479,112,20,75,12,-4.4989690721071325,8
4480,110,13,87,8,-4.501644038521952,5
4481,69,10,80,5,-4.508733977407145,5
4482,29,16,28,9,-4.513248021932703,7
4483,29,12,11,6,-4.514283319415918,6
4484,55,43,37,23,-4.516821858156877,20
4485,28,71,50,41,-4.530365152854882,30
4486,75,23,106,12,-4.532198108241345,11
4487,102,24,8,13,-4.537070383836358,11
4488,76,24,23,13,-4.537606040144393,11
4489,3,19,12,12,-4.543846245794998,7
4490,85,16,28,9,-4.545964613502572,7
4491,15,18,99,11,-4.551461310618722,7
4492,46,15,83,8,-4.551826612706302,7
4493,27,20,8,12,-4.551888772342851,8
4494,23,15,70,8,-4.554568026577778,7
4495,104,16,99,8,-4.562749239239297,8
4496,95,14,99,8,-4.572737764013027,6
4497,58,23,7,12,-4.575034525669345,11
4498,49,52,39,31,-4.579554913754907,21
4499,65,16,99,9,-4.579704538683142,7
4500,71,25,28,15,-4.584215619303487,10
4501,8,30,60,16,-4.584471076654315,14
4502,96,32,50,18,-4.592653394244437,14
4503,30,16,100,10,-4.593688251732179,6
4504,95,13,77,7,-4.601493224452909,6
4505,30,11,23,6,-4.601908928188203,5
4506,68,62,88,36,-4.601971796539838,26
4507,3,35,7,21,-4.603775118928218,14
4508,66,10,88,6,-4.60434245546846,4
4509,86,72,37,40,-4.607837359690986,32
4510,18,17,81,10,-4.608026491256892,7
4511,9,46,107,25,-4.60932354627833,21
4512,96,22,60,15,-4.611190930914723,7
4513,63,13,58,6,-4.62886931152221,7
4514,110,15,106,8,-4.633960085739299,7
4515,49,38,16,22,-4.635489052576858,16
4516,25,22,60,12,-4.636282806493915,10
4517,109,19,73,11,-4.637139105733963,8
4518,38,34,107,20,-4.639645864362562,14
4519,13,14,73,8,-4.6427133386229835,6
4520,16,21,6,11,-4.642825718029856,10
4521,78,10,65,7,-4.644155170044783,3
4522,96,39,63,24,-4.649023449526139,15
4523,25,15,27,8,-4.649655011418167,7
4524,112,16,51,9,-4.651691136811714,7
4525,47,15,25,8,-4.655390231832644,7
4526,107,47,100,24,-4.6623179877545535,23
4527,98,14,55,9,-4.662824671110213,5
4528,64,13,80,7,-4.665596394208,6
4529,8,12,52,7,-4.669562642233976,5
4530,64,48,13,25,-4.670216629866639,23
4531,49,20,98,11,-4.675267204581687,9
4532,5,16,71,9,-4.686451238703376,7
4533,62,10,97,6,-4.689387738532959,4
4534,68,60,16,37,-4.69433729993708,23
4535,58,13,51,7,-4.6987757235739265,6
4536,60,45,55,25,-4.699539635247212,20
4537,1,34,13,21,-4.702199298952773,13
4538,80,14,11,8,-4.704407754517106,6
4539,46,23,20,15,-4.708713070266484,8
4540,71,16,43,8,-4.709770232299069,8
4541,18,37,28,20,-4.710953949587104,17
4542,72,10,15,6,-4.7131251167737505,4
4543,12,14,74,8,-4.7158981291394015,6
4544,107,22,78,13,-4.725104601546661,9
4545,75,14,15,9,-4.7291616067808215,5
4546,46,11,6,6,-4.730994669309113,5
4547,86,17,19,10,-4.7362233460056355,7
4548,46,41,8,22,-4.737192297274267,19
4549,3,11,97,7,-4.7402730889790226,4
4550,77,16,25,9,-4.745845616411638,7
4551,69,26,41,17,-4.748815562050703,9
4552,65,67,87,39,-4.751181720183052,28
4553,5,30,90,18,-4.752640516818982,12
4554,50,16,93,10,-4.755526241513055,6
4555,41,31,64,19,-4.758473174288668,12
4556,86,73,11,41,-4.761146448261521,32
4557,27,16,6,9,-4.762765446713921,7
4558,31,15,12,8,-4.770632464521183,7
4559,70,13,90,7,-4.771084444295363,6
4560,34,13,78,7,-4.775374082125243,6
4561,94,14,114,7,-4.775696268753724,7
4562,29,12,46,5,-4.775703546529658,7
4563,5,12,9,7,-4.777710715122403,5
4564,50,48,87,26,-4.778093921608591,22
4565,5,33,76,19,-4.788314400539968,14
4566,1,17,9,8,-4.79405950293998,9
4567,20,13,52,8,-4.795236183864801,5
4568,25,11,111,6,-4.797175922879397,5
4569,6,16,68,10,-4.799676836342989,6
4570,96,22,75,15,-4.80138149231193,7
4571,11,28,76,17,-4.8016293008061295,11
4572,56,11,16,7,-4.802141402722699,4
4573,88,44,75,26,-4.804702938088101,18
4574,108,13,96,7,-4.805162668071275,6
4575,106,25,2,14,-4.808494527305082,11
4576,106,12,6,7,-4.810944704219048,5
4577,8,30,83,16,-4.811627367676455,14
4578,85,11,74,6,-4.812388004493803,5
4579,54,15,14,10,-4.820525855929131,5
4580,25,19,31,10,-4.823839301099763,9
4581,67,15,8,9,-4.8319098461555825,6
4582,52,15,87,8,-4.832747531124254,7
4583,39,39,75,21,-4.835166255544909,18
4584,75,41,18,23,-4.835583954062301,18
4585,54,21,1,12,-4.840521848687889,9
4586,64,20,83,11,-4.840996077098241,9
4587,51,30,5,19,-4.841333405150811,11
4588,54,35,11,20,-4.848696271718108,15
4589,19,23,15,13,-4.849772903955844,10
4590,32,12,97,7,-4.851459349576838,5
4591,104,55,86,31,-4.8600728568891,24
4592,107,12,52,8,-4.8612628499818085,4
4593,89,10,5,7,-4.862465640901751,3
4594,106,54,37,29,-4.865641247327304,25
4595,88,12,85,7,-4.873754317610231,5
4596,37,49,16,28,-4.875150740770066,21
4597,95,11,69,7,-4.882909765417962,4
4598,5,39,83,21,-4.890865835189012,18
4599,43,34,16,21,-4.892938270825965,13
4600,94,10,41,6,-4.894347528636123,4
4601,72,11,107,6,-4.898030864467368,5
4602,88,96,7,54,-4.898871034458087,42
4603,28,12,38,6,-4.907164394244693,6
4604,108,12,54,8,-4.909695920764134,4
4605,106,56,74,32,-4.924754963776778,24
4606,36,40,86,23,-4.927433251240003,17
4607,9,22,114,15,-4.931319071415344,7
4608,28,27,93,17,-4.941127481170006,10
4609,6,15,51,9,-4.945330344973923,6
4610,68,19,56,10,-4.94813216675333,9
4611,8,32,13,19,-4.955794878282507,13
4612,90,23,96,14,-4.963939687748077,9
4613,38,16,109,10,-4.9644619615709695,6
4614,107,49,40,30,-4.964616090179718,19
4615,68,42,41,24,-4.9651675063741685,18
4616,47,30,7,18,-4.980252625346254,12
4617,31,23,50,13,-4.991999785997781,10
4618,71,15,74,8,-4.993812181109021,7
4619,63,30,104,17,-4.993963037729945,13
4620,68,12,32,8,-4.994599728673894,4
4621,87,21,94,12,-5.000044556975337,9
4622,106,41,7,21,-5.003800212982272,20
4623,5,26,93,16,-5.004460526821323,10
4624,63,14,81,8,-5.016441825370757,6
4625,62,30,86,17,-5.0238728291737225,13
4626,13,32,63,18,-5.025476860594202,14
4627,52,12,65,8,-5.036995856643753,4
4628,79,14,11,7,-5.038711911658494,7
4629,27,13,28,9,-5.051194542399679,4
4630,81,20,15,11,-5.0521537846916855,9
4631,107,78,65,45,-5.052288058576973,33
4632,63,29,55,16,-5.056066807562622,13
4633,29,23,84,13,-5.063232995693044,10
4634,65,17,46,11,-5.06610491085495,6
4635,33,13,90,8,-5.072843762888294,5
4636,29,12,76,6,-5.075653321228607,6
4637,86,17,10,9,-5.075771557978405,8
4638,20,10,32,7,-5.08216341529211,3
4639,79,13,34,8,-5.088457145720249,5
4640,51,25,1,14,-5.088840176447444,11
4641,104,25,53,14,-5.094260383198605,11
4642,100,19,23,12,-5.096795040845655,7
4643,108,13,28,7,-5.102919930198643,6
4644,70,23,55,13,-5.1032220329288345,10
4645,4,18,75,11,-5.1124286444655915,7
4646,98,22,11,12,-5.122669345045473,10
4647,9,45,65,27,-5.129160653393477,18
4648,58,30,40,16,-5.133397385337809,14
4649,3,21,36,13,-5.136055944816986,8
4650,69,12,40,8,-5.137627663794989,4
4651,29,18,3,11,-5.138991933006874,7
4652,112,22,100,12,-5.147009218037666,10
4653,51,12,35,7,-5.14727626674268,5
4654,88,15,44,8,-5.148664566159752,7
4655,9,24,106,14,-5.150083731218861,10
4656,50,28,76,18,-5.1519660961300575,10
4657,28,16,35,8,-5.1531236605423,8
4658,39,14,111,8,-5.158992286191917,6
4659,5,12,67,7,-5.159840528973067,5
4660,56,11,91,6,-5.160182814393273,5
4661,20,60,107,34,-5.163543558398883,26
4662,94,14,1,7,-5.165393999488574,7
4663,55,43,7,26,-5.169021709270008,17
4664,47,26,75,17,-5.17693162231529,9
4665,57,15,19,9,-5.179432440967374,6
4666,97,17,75,10,-5.183439015487436,7
4667,102,15,13,10,-5.18776420910188,5
4668,23,23,63,14,-5.190793013982739,9
4669,71,10,6,6,-5.19369227829273,4
4670,113,13,40,8,-5.193726392686624,5
4671,39,25,46,12,-5.196853389468722,13
4672,53,36,16,22,-5.201094174764714,14
4673,91,12,33,6,-5.213867650447791,6
4674,55,12,49,7,-5.21558348601229,5
4675,37,22,40,12,-5.218981261850287,10
4676,112,29,53,15,-5.221677411254142,14
4677,106,54,54,29,-5.222938310920249,25
4678,5,11,35,6,-5.226534281744142,5
4679,96,37,20,22,-5.229501973456112,15
4680,112,17,88,10,-5.231027938888665,7
4681,104,19,15,11,-5.23540400775586,8
4682,25,21,91,12,-5.23677892954369,9
4683,16,14,52,8,-5.238731564661997,6
4684,14,15,65,8,-5.239230657167625,7
4685,40,15,98,8,-5.239271076053038,7
4686,40,26,25,15,-5.242222631716463,11
4687,100,12,53,7,-5.245979720718174,5
4688,100,24,28,15,-5.2470243708497994,9
4689,76,11,27,6,-5.250456214908829,5
4690,31,11,35,6,-5.255104723881262,5
4691,28,51,104,29,-5.259412551866783,22
4692,92,11,28,7,-5.266199037582341,4
4693,100,26,8,16,-5.278781496523967,10
4694,88,11,56,6,-5.280224334897691,5
4695,60,24,78,13,-5.2860666403630985,11
4696,28,19,14,12,-5.2887953454841945,7
4697,86,21,99,13,-5.291638236148403,8
4698,39,49,40,29,-5.294535177326296,20
4699,60,28,49,16,-5.300166702894311,12
4700,55,25,111,15,-5.307717141421055,10
4701,66,19,107,11,-5.307859110353936,8
4702,84,49,51,29,-5.314265702072517,20
4703,49,13,28,7,-5.31428031912519,6
4704,96,16,85,11,-5.314304637448896,5
4705,102,14,97,9,-5.335160623731844,5
4706,49,29,107,16,-5.34265229983613,13
4707,97,35,7,19,-5.356987360153851,16
4708,50,12,83,6,-5.359728667430522,6
4709,63,30,75,17,-5.362343223381898,13
4710,51,31,20,16,-5.3744679490472445,15
4711,30,18,7,9,-5.390495309133066,9
4712,90,31,54,18,-5.397442007333916,13
4713,23,14,29,8,-5.397923700403427,6
4714,64,10,84,7,-5.40179307430533,3
4715,69,15,19,9,-5.404414913682509,6
4716,66,11,9,6,-5.404825557202403,5
4717,58,11,4,7,-5.405037105567146,4
4718,37,11,49,6,-5.405793666619149,5
4719,68,29,71,18,-5.435653336862234,11
4720,18,18,91,11,-5.437015235679075,7
4721,57,18,97,10,-5.45235309786646,8
4722,71,43,75,27,-5.454468163058883,16
4723,51,17,62,10,-5.468238395489335,7
4724,75,10,14,6,-5.479308338136782,4
4725,70,23,114,14,-5.484820175107314,9
4726,39,13,34,7,-5.4864218945223335,6
4727,40,49,65,28,-5.488110460552834,21
4728,62,10,18,6,-5.493140482819633,4
4729,102,10,67,6,-5.497246561771841,4
4730,60,16,76,11,-5.507711057627661,5
4731,109,13,32,7,-5.508051897308618,6
4732,83,19,95,12,-5.510188596504647,7
4733,9,35,28,19,-5.51465148212954,16
4734,37,59,87,35,-5.516733087496061,24
4735,20,10,62,6,-5.517288163699186,4
4736,13,20,26,13,-5.520285333416164,7
4737,7,33,28,20,-5.522079859732704,13
4738,102,14,33,8,-5.525239013163607,6
4739,68,45,114,26,-5.528966703625285,19
4740,62,11,60,7,-5.531153387901844,4
4741,23,31,106,16,-5.535479536227777,15
4742,87,59,13,36,-5.536518377079212,23
4743,30,12,15,7,-5.538463534767753,5
4744,19,13,41,8,-5.538621729382164,5
4745,69,26,65,15,-5.540534749641235,11
4746,75,51,86,28,-5.544222274149607,23
4747,2,22,20,13,-5.544865436021075,9
4748,84,18,25,11,-5.5466876181289715,7
4749,31,53,36,30,-5.548564460468652,23
4750,25,41,8,25,-5.550067480025435,16
4751,87,21,78,11,-5.5511757445283445,10
4752,4,11,46,6,-5.55622187464566,5
4753,95,10,31,6,-5.5581891593402775,4
4754,104,60,37,36,-5.5634752610620195,24
4755,69,11,42,6,-5.570250078296482,5
4756,38,23,7,13,-5.575438881033769,10
4757,51,18,11,9,-5.579718415865981,9
4758,112,16,27,9,-5.594823713571335,7
4759,98,17,70,11,-5.604121247592223,6
4760,18,13,38,7,-5.6081144260834686,6
4761,50,15,100,9,-5.612526049660052,6
4762,90,14,30,8,-5.614315415339312,6
4763,76,29,28,16,-5.615688910158877,13
4764,50,48,16,28,-5.617696720442926,20
4765,50,26,95,15,-5.619957219349124,11
4766,13,37,47,22,-5.62062831887508,15
4767,5,10,19,6,-5.6233787755961275,4
4768,17,21,5,14,-5.625033929201381,7
4769,73,28,86,15,-5.62531345595925,13
4770,79,12,103,7,-5.630756199695948,5
4771,9,43,75,26,-5.632694127818325,17
4772,51,46,75,26,-5.632745764536369,20
4773,11,10,85,6,-5.636472097896451,4
4774,98,14,108,8,-5.640790264148575,6
4775,60,32,30,21,-5.64107050496411,11
4776,3,22,28,13,-5.641703705085423,9
4777,74,23,73,14,-5.649045009007229,9
4778,97,13,39,8,-5.649731064357227,5
4779,97,10,4,6,-5.649870700339136,4
4780,88,87,86,51,-5.651261944060885,36
4781,61,13,9,8,-5.652969843590385,5
4782,68,12,43,7,-5.661402151081362,5
4783,82,11,54,7,-5.66427830231393,4
4784,99,31,16,18,-5.66581833704302,13
4785,37,39,75,25,-5.670197882049106,14
4786,25,10,94,5,-5.671887186214519,5
4787,12,11,54,6,-5.67450373056912,5
4788,95,10,102,6,-5.68531996234082,4
4789,38,23,63,15,-5.685369937239837,8
4790,55,25,30,15,-5.686463879094617,10
4791,5,46,106,28,-5.689619439430468,18
4792,32,10,70,5,-5.692479372096212,5
4793,86,18,47,11,-5.69768673110168,7
4794,62,17,53,10,-5.701449545318568,7
4795,69,13,62,7,-5.706165822809073,6
4796,102,11,23,6,-5.716053822653882,5
4797,37,18,41,11,-5.716493275276267,7
4798,17,13,98,7,-5.72342530511381,6
4799,57,28,87,17,-5.725577888454403,11
4800,51,26,25,15,-5.726135112848949,11
4801,9,14,45,9,-5.727853500458989,5
4802,25,48,13,26,-5.729332953997916,22
4803,38,11,34,7,-5.733514369563806,4
4804,104,64,107,38,-5.737421230069913,26
4805,106,42,25,26,-5.737688222420908,16
4806,81,10,78,5,-5.742474614478735,5
4807,80,11,19,7,-5.749943576584892,4
4808,77,12,36,7,-5.751140829309579,5
4809,47,13,23,8,-5.7551420632928085,5
4810,53,13,58,6,-5.756559382638664,7
4811,35,19,11,11,-5.768399159544,8
4812,104,19,9,11,-5.769857547388704,8
4813,28,20,69,11,-5.7720642888399025,9
4814,93,19,16,10,-5.776545074834796,9
4815,63,26,98,15,-5.795644107915215,11
4816,55,28,74,16,-5.797157459674131,12
4817,64,45,7,25,-5.8010614589687695,20
4818,31,19,91,12,-5.801858258461768,7
4819,20,13,79,8,-5.810117746469,5
4820,106,28,80,17,-5.812470547213422,11
4821,5,16,40,9,-5.82052725169565,7
4822,94,17,28,11,-5.821481138029024,6
4823,65,10,108,5,-5.847992745343311,5
4824,46,37,74,23,-5.850135921281392,14
4825,68,13,80,8,-5.856063242362021,5
4826,55,37,104,22,-5.856904127783748,15
4827,114,10,72,5,-5.8600009411243095,5
4828,112,20,7,12,-5.863389950487481,8
4829,7,17,34,10,-5.863504951401834,7
4830,95,36,54,20,-5.865979569344108,16
4831,9,17,62,10,-5.866001447424248,7
4832,31,12,28,7,-5.87633787823225,5
4833,68,27,97,16,-5.880460614845397,11
4834,36,12,46,7,-5.88209418081934,5
4835,74,22,102,13,-5.882481039476403,9
4836,51,34,64,20,-5.888421423830697,14
4837,34,19,109,11,-5.8910600256239505,8
4838,84,34,74,18,-5.89139952158172,16
4839,1,12,46,6,-5.891865749051654,6
4840,48,16,34,9,-5.896732963209988,7
4841,25,10,69,6,-5.903986394303471,4
4842,57,27,84,14,-5.910397185802948,13
4843,45,15,41,10,-5.914462706154762,5
4844,68,23,47,14,-5.9151284755247255,9
4845,63,10,93,6,-5.917563250275586,4
4846,62,29,107,15,-5.9215464382254215,14
4847,29,16,112,9,-5.922867160258867,7
4848,55,27,109,14,-5.923431655873009,13
4849,114,20,73,12,-5.924435121305104,8
4850,9,30,8,15,-5.931176874194082,15
4851,63,45,37,27,-5.933785173114153,18
4852,10,13,63,8,-5.94033318775015,5
4853,53,15,28,9,-5.945744364633271,6
4854,7,15,33,8,-5.9471342175078945,7
4855,14,12,39,7,-5.9475481477923315,5
4856,10,12,97,6,-5.950831581917707,6
4857,68,21,12,13,-5.954750290252029,8
4858,8,13,62,9,-5.96110102258686,4
4859,53,52,68,31,-5.964244334939566,21
4860,17,19,104,11,-5.965485227876697,8
4861,40,18,97,11,-5.966918416140385,7
4862,29,12,49,7,-5.968905469536378,5
4863,54,12,69,7,-5.973066602774381,5
4864,18,20,64,12,-5.974775055211904,8
4865,31,25,114,14,-5.9918765203954925,11
4866,3,32,107,17,-5.999011076330671,15
4867,100,19,37,12,-6.000890669706825,7
4868,88,61,65,38,-6.004362907857696,23
4869,12,18,27,10,-6.024469180953127,8
4870,55,33,80,18,-6.02495090174393,15
4871,46,20,95,12,-6.027785407812037,8
4872,50,17,91,11,-6.027790824025908,6
4873,86,38,64,22,-6.0307653391474,16
4874,31,31,75,17,-6.03348213428737,14
4875,98,24,7,15,-6.033686003781978,9
4876,114,14,27,8,-6.034743873961818,6
4877,32,16,8,9,-6.041444852098721,7
4878,88,11,94,7,-6.041461864182689,4
4879,93,15,70,9,-6.04469500542117,6
4880,18,24,63,15,-6.046455003215171,9
4881,41,27,23,16,-6.068042449918635,11
4882,48,14,74,7,-6.068043245358376,7
4883,68,29,30,16,-6.07123002880006,13
4884,86,34,69,20,-6.074936673132558,14
4885,69,10,55,6,-6.075582313218194,4
4886,20,29,70,18,-6.0805113791791925,11
4887,51,37,27,23,-6.085616170220784,14
4888,107,23,111,12,-6.08814286411973,11
4889,84,17,75,10,-6.100134417881319,7
4890,69,25,107,15,-6.106259728171239,10
4891,7,12,90,7,-6.108519045195329,5
4892,29,19,39,11,-6.11667916860653,8
4893,31,13,81,9,-6.1171597913254026,4
4894,88,35,25,23,-6.12387967695023,12
4895,68,31,54,19,-6.129451922490283,12
4896,13,34,81,21,-6.133078295186986,13
4897,33,13,68,8,-6.145832331304968,5
4898,108,24,16,15,-6.14858261244862,9
4899,38,11,20,8,-6.161885029448885,3
4900,36,47,13,29,-6.167141158071527,18
4901,3,20,15,11,-6.168197310846256,9
4902,102,21,57,12,-6.169321397774082,9
4903,76,23,97,13,-6.171425808149793,10
4904,35,14,55,8,-6.18171019735336,6
4905,71,12,91,7,-6.18747414228945,5
4906,107,39,76,26,-6.198627172224357,13
4907,2,28,63,16,-6.200018491851487,12
4908,70,28,74,15,-6.203999405338755,13
4909,84,15,35,9,-6.209299301194262,6
4910,63,56,8,32,-6.209822348869131,24
4911,28,14,47,8,-6.211297191624256,6
4912,86,39,100,21,-6.218498707894956,18
4913,62,10,109,7,-6.224068902567426,3
4914,91,42,16,27,-6.227187272730331,15
4915,50,41,104,25,-6.230364171354916,16
4916,65,33,64,19,-6.233889248800647,14
4917,5,17,43,10,-6.250727481432203,7
4918,39,22,92,12,-6.263991845659126,10
4919,88,17,77,10,-6.264530601131226,7
4920,95,12,15,7,-6.265255655621161,5
4921,100,24,104,15,-6.26669912958639,9
4922,96,11,69,7,-6.268969865653717,4
4923,5,45,20,28,-6.270373633442783,17
4924,30,19,20,11,-6.270512840524559,8
4925,4,21,86,13,-6.2794844995496994,8
4926,102,11,41,7,-6.282861273718874,4
4927,92,12,16,9,-6.284475222709882,3
4928,64,16,70,11,-6.2860092045587415,5
4929,87,15,77,9,-6.290331402214442,6
4930,114,17,23,11,-6.291790840234865,6
4931,83,16,39,10,-6.297771796270442,6
4932,57,25,88,14,-6.308509689840414,11
4933,8,22,64,14,-6.316286000866925,8
4934,112,14,54,9,-6.326711825622494,5
4935,23,13,33,8,-6.330114552953446,5
4936,111,10,81,7,-6.333917467029675,3
4937,40,22,62,11,-6.340588914856938,11
4938,27,13,92,7,-6.356396578041118,6
4939,28,15,41,9,-6.359689551305938,6
4940,56,21,7,12,-6.361794853449643,9
4941,16,18,103,11,-6.365184076823324,7
4942,100,41,16,25,-6.365834182039505,16
4943,109,45,54,28,-6.380200377092305,17
4944,37,20,80,12,-6.401050818487372,8
4945,77,13,106,7,-6.407119934187455,6
4946,54,18,91,10,-6.414686940093467,8
4947,33,16,40,11,-6.427211772717695,5
4948,109,20,41,13,-6.432688342356182,7
4949,89,16,41,10,-6.437733391093904,6
4950,87,20,4,13,-6.445923142452617,7
4951,28,10,6,6,-6.452419128804086,4
4952,98,14,78,8,-6.457784687804564,6
4953,81,10,30,6,-6.458484974391473,4
4954,29,13,70,7,-6.465173609286503,6
4955,55,17,100,9,-6.46556303644313,8
4956,12,15,94,8,-6.465684243762653,7
4957,68,27,15,17,-6.46615974669233,10
4958,43,35,107,22,-6.4686100966239675,13
4959,9,20,70,13,-6.477071321597405,7
4960,43,14,17,8,-6.491023498873945,6
4961,53,46,107,28,-6.492903474758716,18
4962,104,10,48,6,-6.493358473776669,4
4963,41,30,87,18,-6.500655116407745,12
4964,103,20,86,12,-6.502854567619723,8
4965,114,18,100,11,-6.509461416428781,7
4966,80,13,91,8,-6.531108694088673,5
4967,81,29,86,20,-6.532482502137965,9
4968,70,58,54,35,-6.543056803225656,23
4969,39,31,15,20,-6.543157596952832,11
4970,18,21,77,14,-6.545250800191178,7
4971,68,50,27,30,-6.54594138252987,20
4972,91,25,68,14,-6.550419627313763,11
4973,68,29,23,16,-6.562476411578635,13
4974,25,37,104,21,-6.567754121461538,16
4975,114,26,53,15,-6.571088082289226,11
4976,20,46,65,29,-6.5828514961702975,17
4977,1,27,86,16,-6.584989828827027,11
4978,96,28,65,16,-6.593487230396348,12
4979,94,25,43,14,-6.598064135862289,11
4980,30,16,34,10,-6.601140375094156,6
4981,94,14,39,9,-6.607055031378495,5
4982,81,18,71,11,-6.61709770119633,7
4983,75,10,85,7,-6.619293441212882,3
4984,5,48,25,29,-6.626414170343123,19
4985,37,22,39,13,-6.632156694863052,9
4986,65,30,4,18,-6.635600395573753,12
4987,5,26,32,16,-6.6474470604519045,10
4988,114,15,76,10,-6.653911993113485,5
4989,37,19,71,11,-6.65399605348867,8
4990,87,13,12,8,-6.654704325795005,5
4991,71,11,83,6,-6.6562053803338666,5
4992,57,12,10,8,-6.658857003244836,4
4993,54,20,85,13,-6.664179187550933,7
4994,65,59,51,37,-6.666482427201216,22
4995,55,68,16,43,-6.67390774153019,25
4996,87,50,7,31,-6.67758618697433,19
4997,88,75,54,45,-6.687420775605005,30
4998,62,18,7,11,-6.690218008322474,7
4999,106,11,111,8,-6.697425895741327,3
5000,74,15,83,8,-6.703298030488857,7
5001,97,35,28,22,-6.716635909782018,13
5002,32,10,65,6,-6.718474357729474,4
5003,95,11,100,6,-6.722166987268522,5
5004,3,13,8,6,-6.725771044964114,7
5005,95,13,14,8,-6.731405281187272,5
5006,96,38,74,24,-6.731828732252354,14
5007,78,14,40,10,-6.732885786530082,4
5008,48,26,84,16,-6.740791105108492,10
5009,7,32,45,19,-6.743551275422485,13
5010,68,13,45,8,-6.747691137383073,5
5011,71,10,94,6,-6.748460655059317,4
5012,97,54,86,32,-6.749652418711037,22
5013,18,19,30,11,-6.749976540021853,8
5014,90,13,53,8,-6.752088210585149,5
5015,109,12,57,7,-6.758716421545093,5
5016,23,43,13,24,-6.759962036733637,19
5017,107,23,33,13,-6.763493299081546,10
5018,31,10,55,6,-6.798197972656263,4
5019,71,10,49,6,-6.8003776926672845,4
5020,109,12,3,7,-6.800442852243994,5
5021,45,18,60,10,-6.802248227913869,8
5022,13,50,71,29,-6.804323620324037,21
5023,96,20,51,12,-6.8091583197949745,8
5024,4,13,56,7,-6.816273515879698,6
5025,58,17,60,10,-6.820272973850588,7
5026,104,22,30,12,-6.820606807560422,10
5027,66,14,65,9,-6.821265394674894,5
5028,31,69,68,41,-6.8216343585610195,28
5029,106,25,95,16,-6.830338155584793,9
5030,96,14,78,9,-6.830515928543477,5
5031,39,79,16,47,-6.835092207069261,32
5032,96,80,86,49,-6.839782165020976,31
5033,51,99,7,62,-6.849475435937795,37
5034,95,29,13,17,-6.852052215706936,12
5035,96,19,114,12,-6.857320738328298,7
5036,57,13,9,8,-6.861208808927348,5
5037,4,43,60,24,-6.864343045215706,19
5038,99,15,106,10,-6.882359612487446,5
5039,5,47,114,28,-6.885144276646174,19
5040,19,20,87,12,-6.885519255607848,8
5041,65,22,90,12,-6.887045978873849,10
5042,88,16,76,9,-6.891817282335724,7
5043,51,43,100,23,-6.893843340495811,20
5044,30,19,75,11,-6.923427737676235,8
5045,46,21,7,14,-6.93576909674712,7
5046,88,12,99,7,-6.939131232028662,5
5047,93,15,20,8,-6.949708974023015,7
5048,51,25,4,16,-6.952578906103856,9
5049,63,20,90,12,-6.95733483322538,8
5050,104,18,32,12,-6.959225086389547,6
5051,36,34,16,21,-6.96230955324868,13
5052,97,23,18,14,-6.965163575719862,9
5053,33,17,8,11,-6.9756022430017754,6
5054,30,30,53,18,-6.98498975026545,12
5055,55,20,17,11,-6.987444025974705,9
5056,13,23,111,13,-6.988942249892523,10
5057,1,19,114,12,-6.990089974683046,7
5058,5,15,62,9,-6.9927087595973925,6
5059,48,13,80,9,-6.99747900943173,4
5060,54,26,93,17,-7.002072182522708,9
5061,112,18,41,11,-7.010299429192565,7
5062,53,27,87,15,-7.0226395127694765,12
5063,40,15,95,9,-7.026458120737084,6
5064,84,24,85,16,-7.039561068893883,8
5065,110,10,20,6,-7.040932959044511,4
5066,27,11,17,6,-7.041708235736265,5
5067,97,25,55,16,-7.041738062020974,9
5068,73,16,65,10,-7.056062739811477,6
5069,17,13,72,8,-7.057523617748395,5
5070,36,18,99,12,-7.061516094995873,6
5071,25,21,100,12,-7.062312436550092,9
5072,49,14,50,8,-7.064134383315742,6
5073,98,14,102,8,-7.075813129571892,6
5074,70,35,28,21,-7.078735797739843,14
5075,62,20,28,12,-7.086204539456472,8
5076,51,83,39,50,-7.09195650094691,33
5077,64,15,27,10,-7.0975410857988335,5
5078,45,10,1,6,-7.100044646871247,4
5079,60,37,23,23,-7.1142097930377055,14
5080,83,30,86,20,-7.114862976089347,10
5081,107,12,67,8,-7.124134838046419,4
5082,19,14,38,10,-7.12483566230394,4
5083,67,11,88,8,-7.127393540580368,3
5084,107,57,75,39,-7.131800392099847,18
5085,54,58,63,36,-7.1339646628869025,22
5086,87,26,90,16,-7.134749793973536,10
5087,91,27,87,17,-7.142016410462964,10
5088,43,16,41,10,-7.1423629175964,6
5089,55,50,40,31,-7.142420946012767,19
5090,60,17,5,11,-7.144002600647478,6
5091,103,10,88,6,-7.1465830918406095,4
5092,37,14,29,8,-7.14724630286853,6
5093,60,12,34,8,-7.148158666349012,4
5094,84,18,38,10,-7.154125748328735,8
5095,68,19,20,11,-7.165895566664342,8
5096,14,14,86,8,-7.166696838482464,6
5097,86,41,98,24,-7.171894084868248,17
5098,112,16,36,10,-7.175574629533439,6
5099,62,14,49,9,-7.185392164778604,5
5100,22,13,109,8,-7.19047287621624,5
5101,16,49,30,30,-7.1905576359814445,19
5102,39,26,57,15,-7.190870269128093,11
5103,87,85,16,51,-7.19296989275017,34
5104,63,20,27,11,-7.19472225275396,9
5105,38,13,53,8,-7.198101634639961,5
5106,35,13,27,8,-7.215256796262468,5
5107,76,22,112,12,-7.216620353424459,10
5108,40,20,35,13,-7.223846117897835,7
5109,106,60,13,37,-7.224822308695077,23
5110,62,16,54,10,-7.236680580960736,6
5111,81,14,114,8,-7.238705590547008,6
5112,40,27,114,18,-7.240772461331045,9
5113,75,10,20,6,-7.241047227766171,4
5114,5,14,31,9,-7.246607645789562,5
5115,41,21,20,12,-7.246750485082598,9
5116,90,13,46,8,-7.250761878801305,5
5117,93,12,98,7,-7.251352809271133,5
5118,10,12,11,7,-7.252899748629005,5
5119,84,19,98,13,-7.255378652482316,6
5120,39,33,84,19,-7.2579208484387365,14
5121,79,30,86,19,-7.258463117259924,11
5122,81,19,75,12,-7.259552889264539,7
5123,98,17,20,11,-7.267496359610283,6
5124,70,16,110,10,-7.267896542251016,6
5125,96,10,62,7,-7.268496266352443,3
5126,57,13,106,7,-7.272492874678534,6
5127,68,20,55,13,-7.273979151335479,7
5128,88,110,16,69,-7.282392910348152,41
5129,13,42,114,23,-7.284350704257173,19
5130,98,20,13,13,-7.284404613166717,7
5131,29,16,97,10,-7.284915525257297,6
5132,39,18,76,12,-7.286479537324275,6
5133,40,31,43,18,-7.287691070183636,13
5134,61,11,47,7,-7.295405799949464,4
5135,104,11,62,8,-7.298660521894603,3
5136,40,33,54,20,-7.298767912387552,13
5137,3,12,100,7,-7.30038001870273,5
5138,85,14,63,8,-7.301748789802251,6
5139,106,24,39,14,-7.312269199982411,10
5140,5,42,70,25,-7.323141246130922,17
5141,107,32,2,20,-7.328844122982543,12
5142,2,16,75,9,-7.332326563651874,7
5143,103,10,11,7,-7.33896872976819,3
5144,104,41,40,26,-7.342291894534161,15
5145,112,17,87,10,-7.346218534351737,7
5146,9,19,17,11,-7.358179157868899,8
5147,8,25,73,15,-7.3587900254771785,10
5148,23,13,49,8,-7.360298065336568,5
5149,114,10,77,6,-7.365477220397804,4
5150,33,16,25,11,-7.36592627296452,5
5151,80,14,31,10,-7.367135464628977,4
5152,74,15,34,10,-7.367415754617588,5
5153,54,35,13,22,-7.373225396669802,13
5154,71,10,73,6,-7.373234065194552,4
5155,17,36,86,20,-7.373387885533475,16
5156,51,92,86,53,-7.387958190410618,39
5157,16,50,75,30,-7.388425679021318,20
5158,5,10,1,6,-7.391988711274882,4
5159,88,22,108,14,-7.409334471097551,8
5160,41,34,36,18,-7.412500474371831,16
5161,91,19,8,12,-7.416456742894205,7
5162,54,20,19,11,-7.418437201102565,9
5163,43,11,34,7,-7.424240308041095,4
5164,51,40,76,26,-7.425338525528089,14
5165,19,13,9,8,-7.43351789794003,5
5166,43,17,64,10,-7.438967254563773,7
5167,88,25,30,14,-7.440601155151398,11
5168,75,30,46,18,-7.449361290092636,12
5169,68,59,39,35,-7.456624146337382,24
5170,110,21,37,12,-7.457046552670356,9
5171,53,12,45,7,-7.463487107897495,5
5172,57,10,60,6,-7.4675633858823804,4
5173,81,10,28,6,-7.472696801730325,4
5174,31,37,64,23,-7.4738922265185375,14
5175,63,15,108,9,-7.475559971035059,6
5176,36,14,70,8,-7.476080415111231,6
5177,89,10,48,7,-7.47675761274391,3
5178,96,11,41,8,-7.480521636982391,3
5179,68,12,89,7,-7.483167732526589,5
5180,16,42,20,28,-7.490661859277882,14
5181,43,17,3,11,-7.496311575799015,6
5182,98,14,27,8,-7.497316272159128,6
5183,27,14,29,10,-7.502014081634204,4
5184,61,13,6,8,-7.506143312140652,5
5185,50,13,15,8,-7.509982415529958,5
5186,3,24,88,15,-7.5117017749719,9
5187,77,18,55,11,-7.520653437888105,7
5188,55,11,6,8,-7.526848268362213,3
5189,46,10,85,7,-7.538229298143678,3
5190,85,10,30,6,-7.544084321309105,4
5191,38,26,39,16,-7.546657823994114,10
5192,79,10,19,6,-7.551536262697121,4
5193,51,24,97,16,-7.567852948549441,8
5194,109,30,107,19,-7.567930415965965,11
5195,68,66,40,42,-7.570321994315703,24
5196,5,14,34,10,-7.5706698448560905,4
5197,77,12,46,7,-7.574271980014295,5
5198,114,31,28,18,-7.584853881328922,13
5199,36,10,72,6,-7.585561627806541,4
5200,88,18,58,11,-7.5880987725104365,7
5201,36,20,18,12,-7.59490287850123,8
5202,69,13,47,8,-7.615142827000194,5
5203,108,13,30,8,-7.627122086325668,5
5204,91,13,23,7,-7.630492751883035,6
5205,80,22,96,14,-7.6325568595370585,8
5206,5,29,97,19,-7.639418302115126,10
5207,60,11,70,7,-7.646435749026202,4
5208,31,13,33,7,-7.647223417443056,6
5209,72,22,86,14,-7.651597318688159,8
5210,35,27,107,18,-7.659745377736293,9
5211,96,24,37,14,-7.66584492569651,10
5212,38,29,37,18,-7.668156637885105,11
5213,76,15,13,9,-7.686884560878501,6
5214,11,32,5,20,-7.6874421575338765,12
5215,7,25,111,15,-7.6903234257719815,10
5216,11,11,64,8,-7.699861982788658,3
5217,64,13,46,8,-7.70178518963715,5
5218,1,15,15,10,-7.733065759700131,5
5219,1,10,100,6,-7.733679688129338,4
5220,84,11,44,6,-7.741464370739851,5
5221,12,14,28,9,-7.741725097225164,5
5222,54,13,73,8,-7.746921178252214,5
5223,64,32,16,21,-7.754231430905149,11
5224,25,49,37,29,-7.755599308877523,20
5225,73,11,53,7,-7.756297558195456,4
5226,18,22,50,13,-7.75840176806416,9
5227,94,11,63,7,-7.763218406403629,4
5228,81,15,41,10,-7.770221546669878,5
5229,114,14,92,10,-7.774797164908212,4
5230,43,43,13,24,-7.7838953283676995,19
5231,111,10,47,6,-7.786638633209642,4
5232,64,22,55,15,-7.789831302640345,7
5233,48,15,50,10,-7.798532000224026,5
5234,110,12,114,8,-7.80031681097971,4
5235,49,21,75,13,-7.802050873504806,8
5236,46,46,25,27,-7.8204011950255445,19
5237,77,20,107,12,-7.8207207017880735,8
5238,98,17,8,11,-7.832264077196576,6
5239,2,11,7,7,-7.836909370766421,4
5240,109,19,53,12,-7.841205358929898,7
5241,55,14,29,9,-7.851130455007914,5
5242,91,26,106,17,-7.859341034872017,9
5243,35,12,44,7,-7.859665557157517,5
5244,90,25,114,15,-7.8701656835045455,10
5245,51,18,102,11,-7.870945415633868,7
5246,23,17,55,9,-7.8715706098888365,8
5247,68,23,62,14,-7.893829370684332,9
5248,31,11,78,6,-7.904414780494012,5
5249,38,13,71,9,-7.906029048659733,4
5250,82,10,88,6,-7.9125780836424955,4
5251,18,22,54,13,-7.917650548154778,9
5252,84,20,34,12,-7.917696778697561,8
5253,66,14,60,10,-7.920621770687662,4
5254,20,16,33,10,-7.9280624383644875,6
5255,34,10,18,7,-7.93407311360503,3
5256,87,17,73,12,-7.94220715025842,5
5257,61,19,53,13,-7.9431150632920575,6
5258,53,12,89,7,-7.949973026478008,5
5259,39,21,23,13,-7.9630880242589255,8
5260,5,25,65,15,-7.967561696591303,10
5261,107,22,12,15,-7.967915897333259,7
5262,76,43,86,26,-7.972604021174833,17
5263,4,12,12,8,-7.976222296376226,4
5264,84,28,5,17,-7.986435375626319,11
5265,70,16,13,10,-7.990308468406848,6
5266,6,22,44,15,-7.994067314889739,7
5267,96,19,102,12,-7.995631160966494,7
5268,18,14,3,10,-8.000317413483808,4
5269,98,31,91,19,-8.010154956050265,12
5270,25,12,48,7,-8.01244102921806,5
5271,9,11,35,6,-8.012816785902407,5
5272,52,12,63,7,-8.015196003418383,5
5273,50,41,75,27,-8.02466935745211,14
5274,107,26,58,17,-8.037629940895535,9
5275,84,36,20,25,-8.04861670328596,11
5276,87,19,108,12,-8.053056975616101,7
5277,91,15,51,10,-8.060157448942936,5
5278,46,13,53,8,-8.064750592390654,5
5279,3,34,13,23,-8.071894737567844,11
5280,97,16,110,10,-8.077466293642948,6
5281,5,61,8,37,-8.080732178020163,24
5282,46,15,109,9,-8.081904977493476,6
5283,10,15,7,9,-8.086365440359023,6
5284,108,12,76,8,-8.086994753980798,4
5285,50,30,60,17,-8.087484578525556,13
5286,46,42,37,28,-8.095895819595153,14
5287,46,16,30,10,-8.098498106037622,6
5288,63,19,100,11,-8.133393706542945,8
5289,107,10,26,6,-8.136960920766814,4
5290,112,10,4,6,-8.145974306589782,4
5291,87,19,1,11,-8.15262205942027,8
5292,112,16,18,11,-8.155957753880717,5
5293,60,31,54,20,-8.161465500409882,11
5294,71,28,50,17,-8.165371088482388,11
5295,30,18,50,11,-8.173377893689405,7
5296,60,35,104,25,-8.183651908443377,10
5297,89,11,63,8,-8.192927888945773,3
5298,39,25,74,15,-8.19553508787693,10
5299,93,24,87,15,-8.201353690040278,9
5300,87,13,103,9,-8.220642438239317,4
5301,40,14,112,8,-8.221202026655053,6
5302,72,16,85,11,-8.221502081191195,5
5303,102,16,76,10,-8.226520459864046,6
5304,106,21,69,13,-8.230262561693124,8
5305,79,10,112,6,-8.23380656767564,4
5306,2,10,94,6,-8.235738884159375,4
5307,38,12,2,7,-8.244738843628978,5
5308,14,12,37,7,-8.266467835075433,5
5309,55,34,50,20,-8.268886532039618,14
5310,76,12,75,7,-8.269580351796622,5
5311,91,18,41,12,-8.276671952774393,6
5312,63,66,16,41,-8.283483649795642,25
5313,106,31,90,21,-8.28384546124837,10
5314,9,15,25,10,-8.323455878342047,5
5315,84,29,8,19,-8.33757645831541,10
5316,112,20,39,12,-8.345179878987272,8
5317,27,13,108,8,-8.350227424117723,5
5318,31,32,41,20,-8.353957395244585,12
5319,65,23,38,13,-8.354229779220868,10
5320,5,22,7,14,-8.357081514884824,8
5321,29,11,64,8,-8.360354117139725,3
5322,25,45,7,29,-8.372806618348289,16
5323,65,44,30,28,-8.376779126545134,16
5324,104,10,67,6,-8.393331116483225,4
5325,79,11,80,6,-8.394402338657228,5
5326,57,25,11,14,-8.40061339559345,11
5327,67,14,109,7,-8.41022889195963,7
5328,3,30,16,20,-8.418353785991325,10
5329,54,13,38,8,-8.421224564929705,5
5330,90,19,73,12,-8.424101991862472,7
5331,114,20,55,13,-8.432483182241098,7
5332,70,24,96,13,-8.437417991026262,11
5333,86,40,41,26,-8.438958336325594,14
5334,78,15,39,9,-8.442592249169802,6
5335,114,32,8,21,-8.446067232393617,11
5336,96,14,95,9,-8.450373982592183,5
5337,53,13,15,8,-8.451445563178742,5
5338,3,24,114,16,-8.461132150785257,8
5339,77,14,74,9,-8.485489523270209,5
5340,1,16,75,11,-8.487454866261048,5
5341,40,37,87,22,-8.490974125613961,15
5342,69,33,16,21,-8.492849118552359,12
5343,40,28,64,18,-8.49607162432113,10
5344,45,10,91,6,-8.504304930616431,4
5345,88,23,62,14,-8.51262512712999,9
5346,29,10,77,7,-8.514723249015375,3
5347,46,43,16,28,-8.523887339164595,15
5348,48,29,86,18,-8.527783865058888,11
5349,106,13,12,9,-8.530975907772833,4
5350,62,13,114,8,-8.549556180002718,5
5351,36,11,78,7,-8.552435160203329,4
5352,29,18,98,12,-8.564516900800022,6
5353,7,19,78,11,-8.565348954184037,8
5354,3,13,41,10,-8.570007818582788,3
5355,55,23,95,15,-8.57500650986488,8
5356,69,18,78,11,-8.577546689878151,7
5357,16,20,81,13,-8.585952206420341,7
5358,16,19,110,12,-8.596145036216205,7
5359,50,22,90,14,-8.598522697493998,8
5360,88,39,27,23,-8.602187681442969,16
5361,33,21,51,15,-8.606152418737853,6
5362,57,15,69,10,-8.610432071680039,5
5363,63,51,51,30,-8.615807425389162,21
5364,18,29,68,18,-8.623169944927229,11
5365,65,24,1,14,-8.633116949744032,10
5366,97,19,41,12,-8.638943706099203,7
5367,68,14,72,9,-8.64143447982068,5
5368,98,10,85,7,-8.673802483900154,3
5369,31,31,9,20,-8.678153869820548,11
5370,76,26,16,14,-8.69211071455001,12
5371,39,14,110,10,-8.694421097429624,4
5372,20,35,63,21,-8.70524806527441,14
5373,94,13,100,9,-8.706256221291522,4
5374,102,15,63,9,-8.71016569998991,6
5375,86,15,45,9,-8.710518828201982,6
5376,69,13,81,8,-8.721044769504893,5
5377,45,10,58,6,-8.721721801464438,4
5378,57,26,8,17,-8.727187925997562,9
5379,17,22,4,15,-8.72773506800961,7
5380,11,23,104,15,-8.742484307216113,8
5381,106,14,38,7,-8.74501943352997,7
5382,88,22,100,14,-8.748881194655747,8
5383,13,27,108,18,-8.751351034715967,9
5384,88,36,39,23,-8.756638990991735,13
5385,77,17,27,11,-8.76899696395576,6
5386,18,23,106,15,-8.778191080978738,8
5387,77,12,109,7,-8.789144881364967,5
5388,20,36,39,21,-8.800920294125156,15
5389,42,10,106,7,-8.802546839644418,3
5390,65,36,27,23,-8.80543154522338,13
5391,47,18,36,12,-8.810892372607713,6
5392,36,19,63,12,-8.822881427312195,7
5393,87,15,32,10,-8.84415502943487,5
5394,61,13,107,8,-8.850698470757944,5
5395,98,11,3,6,-8.853639708389592,5
5396,12,16,23,10,-8.872217683410863,6
5397,53,11,49,7,-8.876928289416243,4
5398,17,12,38,7,-8.88566473615372,5
5399,13,20,44,13,-8.886721786197054,7
5400,97,12,69,8,-8.888377862411463,4
5401,49,12,12,9,-8.896131245879717,3
5402,55,14,15,10,-8.903520851178024,4
5403,109,20,7,13,-8.908032141063202,7
5404,107,15,89,10,-8.908975430626485,5
5405,25,19,110,13,-8.917701672558223,6
5406,57,21,27,12,-8.91882122376835,9
5407,91,10,11,7,-8.923724837318142,3
5408,84,22,13,15,-8.926224969766146,7
5409,31,12,73,8,-8.93891957013575,4
5410,49,11,100,6,-8.94783461865437,5
5411,48,34,63,22,-8.958044896706864,12
5412,32,11,28,7,-8.963821007682874,4
5413,84,16,43,10,-8.968948746982852,6
5414,114,20,47,12,-8.969382880850324,8
5415,36,18,97,11,-8.970668153566264,7
5416,52,15,28,9,-8.975367013246691,6
5417,57,27,78,16,-8.97795958485054,11
5418,43,19,100,11,-8.981606565772069,8
5419,69,33,13,21,-8.997039971044751,12
5420,36,15,5,9,-9.008614310253614,6
5421,70,16,30,9,-9.016092338129875,7
5422,29,19,13,11,-9.021834443218541,8
5423,100,18,75,10,-9.024866169547831,8
5424,45,16,35,9,-9.0400315918615,7
5425,87,12,10,8,-9.060984306619424,4
5426,61,11,30,7,-9.067314274609851,4
5427,75,34,28,22,-9.068390514566694,12
5428,86,29,44,19,-9.073857704921481,10
5429,38,11,11,7,-9.076651507078589,4
5430,8,34,95,21,-9.07920947405897,13
5431,68,20,58,13,-9.097701878706363,7
5432,31,15,109,10,-9.113887572404183,5
5433,17,11,92,7,-9.114563540800457,4
5434,20,22,91,13,-9.11515023214943,9
5435,81,25,60,16,-9.119854252529585,9
5436,68,21,69,13,-9.139651413697882,8
5437,9,40,16,27,-9.142096271109022,13
5438,47,16,9,10,-9.146152811782592,6
5439,5,43,50,26,-9.156049369840705,17
5440,40,15,92,10,-9.168940871834318,5
5441,102,15,40,9,-9.171373555966687,6
5442,91,13,15,7,-9.175439096539634,6
5443,40,17,73,11,-9.199997222971483,6
5444,40,12,2,8,-9.204153353273353,4
5445,90,11,93,7,-9.204947446014161,4
5446,4,15,27,9,-9.21491506769711,6
5447,6,19,13,12,-9.21551599242718,7
5448,81,11,64,7,-9.217681779438383,4
5449,69,16,70,11,-9.227346228401576,5
5450,104,29,41,17,-9.232545203988778,12
5451,53,15,78,9,-9.245467105519943,6
5452,53,20,27,14,-9.279092932873041,6
5453,93,13,75,8,-9.279825087560207,5
5454,77,19,63,13,-9.291814452323939,6
5455,18,17,100,10,-9.29762264727719,7
5456,67,15,86,9,-9.306541844943451,6
5457,11,13,15,8,-9.314265162028605,5
5458,27,17,37,11,-9.314988662643295,6
5459,87,18,15,11,-9.315321569312852,7
5460,70,17,50,10,-9.316243790355681,7
5461,48,11,76,8,-9.322751855221474,3
5462,84,12,103,7,-9.324986639820777,5
5463,87,47,68,30,-9.326644896683147,17
5464,51,15,111,10,-9.328246716797015,5
5465,12,20,53,12,-9.33945038591408,8
5466,2,29,28,19,-9.34282167881126,10
5467,50,12,23,9,-9.354699302165743,3
5468,33,14,87,9,-9.358610632806945,5
5469,84,21,104,13,-9.37162724208143,8
5470,77,16,41,11,-9.374945974938667,5
5471,107,33,80,22,-9.376730084103613,11
5472,36,11,109,8,-9.390936468630553,3
5473,51,13,48,7,-9.391737592298234,6
5474,109,25,63,15,-9.392892060380623,10
5475,39,15,108,9,-9.406857006968854,6
5476,84,14,100,10,-9.41403322885896,4
5477,76,11,100,6,-9.416323869375233,5
5478,92,14,64,7,-9.432471863302016,7
5479,63,11,32,7,-9.44232166344675,4
5480,60,32,27,22,-9.444817966504303,10
5481,94,10,17,6,-9.449116979238092,4
5482,17,12,102,8,-9.460667678985605,4
5483,96,47,16,33,-9.462953828826512,14
5484,68,58,75,39,-9.486513066984086,19
5485,58,10,70,7,-9.487562225897111,3
5486,60,13,102,8,-9.490462801517765,5
5487,7,29,37,18,-9.500511382222342,11
5488,94,10,11,7,-9.501428180815385,3
5489,99,22,37,15,-9.502759058160713,7
5490,13,21,90,14,-9.506733485788098,7
5491,2,13,114,8,-9.50915856241785,5
5492,80,14,90,10,-9.509239360264804,4
5493,36,17,8,11,-9.51236026695053,6
5494,69,14,104,10,-9.512677665660087,4
5495,107,37,57,23,-9.515541127652217,14
5496,9,27,18,18,-9.520249042639605,9
5497,25,32,20,21,-9.520523686179052,11
5498,31,22,1,13,-9.525804060927038,9
5499,1,12,78,8,-9.531466280674072,4
5500,108,13,106,9,-9.535201707134298,4
5501,97,24,13,15,-9.567486234498414,9
5502,60,44,64,30,-9.569439655645416,14
5503,60,18,100,12,-9.573778234111991,6
5504,7,20,73,12,-9.582485903794177,8
5505,109,25,11,17,-9.585833860536326,8
5506,39,14,80,9,-9.589468521855673,5
5507,53,13,8,9,-9.596286006275326,4
5508,84,18,83,11,-9.60947373437216,7
5509,8,14,99,8,-9.611065592860308,6
5510,9,16,76,11,-9.62150457184245,5
5511,109,17,70,11,-9.623350653501726,6
5512,109,22,74,15,-9.62539761750223,7
5513,53,23,41,15,-9.631953807885303,8
5514,104,10,93,6,-9.63796658188527,4
5515,8,36,109,22,-9.641625939928554,14
5516,79,23,48,15,-9.646370149116429,8
5517,114,10,22,5,-9.649313306364819,5
5518,17,15,41,10,-9.654478177971626,5
5519,63,16,111,10,-9.656549842780757,6
5520,71,12,100,8,-9.66068752031631,4
5521,11,18,75,11,-9.710887852205726,7
5522,13,13,85,9,-9.717007051558657,4
5523,31,19,43,9,-9.720852773553686,10
5524,32,16,16,10,-9.721720922013692,6
5525,16,13,89,8,-9.733195931265595,5
5526,52,21,86,14,-9.734029946764757,7
5527,70,11,100,7,-9.741790049682667,4
5528,52,12,30,8,-9.763146241314214,4
5529,83,24,37,15,-9.783726366978415,9
5530,3,25,40,17,-9.78695575723125,8
5531,71,11,11,7,-9.793856230234496,4
5532,61,11,63,8,-9.795863144147216,3
5533,87,26,100,15,-9.796481014444307,11
5534,93,10,62,6,-9.798162399200404,4
5535,9,35,87,21,-9.798770018552647,14
5536,37,17,64,11,-9.810222324765896,6
5537,93,13,29,8,-9.815241351279962,5
5538,17,24,40,16,-9.815776001763277,8
5539,75,25,104,16,-9.822163907084752,9
5540,57,13,54,10,-9.824315369895016,3
5541,10,12,16,8,-9.837247209773246,4
5542,98,10,53,6,-9.839111782848335,4
5543,49,15,76,10,-9.846752851544121,5
5544,18,12,76,8,-9.8476224935035,4
5545,71,15,17,9,-9.874078720771612,6
5546,54,26,100,17,-9.876264305600085,9
5547,54,17,2,12,-9.883928701627932,5
5548,39,39,18,26,-9.885046818102037,13
5549,38,11,100,8,-9.893822683440993,3
5550,83,14,11,10,-9.896151919094907,4
5551,15,23,8,14,-9.91327541461084,9
5552,2,10,95,7,-9.9203126299905,3
5553,81,20,87,11,-9.925217893508718,9
5554,51,15,72,9,-9.937514477649751,6
5555,88,45,63,31,-9.955054334971098,14
5556,88,18,73,12,-9.974203425238962,6
5557,109,14,93,9,-9.987067099161266,5
5558,65,25,95,16,-9.987438820754939,9
5559,18,14,11,9,-10.031989827572827,5
5560,107,13,110,9,-10.034721322746934,4
5561,43,29,39,18,-10.035622734323455,11
5562,38,10,44,7,-10.048373138060267,3
5563,51,19,80,12,-10.049293803677344,7
5564,76,31,63,21,-10.049351171103782,10
5565,83,23,13,15,-10.067954696106943,8
5566,79,12,13,8,-10.072956753420838,4
5567,49,16,40,10,-10.077718304922938,6
5568,106,12,79,8,-10.079963228120917,4
5569,103,16,107,11,-10.088439090846338,5
5570,17,17,23,11,-10.090670558592322,6
5571,74,11,89,7,-10.093150392265773,4
5572,8,24,18,17,-10.10300859124231,7
5573,36,36,53,25,-10.11473282468799,11
5574,17,21,53,14,-10.117687697568844,7
5575,102,20,50,12,-10.118106239071224,8
5576,60,18,17,12,-10.12863063958789,6
5577,109,10,92,7,-10.132066653367776,3
5578,31,37,53,23,-10.136338371296794,14
5579,23,11,96,7,-10.143008283174424,4
5580,68,16,92,11,-10.14730683848729,5
5581,86,29,43,20,-10.173097117221216,9
5582,9,12,6,7,-10.175309866966634,5
5583,104,13,89,8,-10.178686881843591,5
5584,57,13,76,9,-10.181023937949496,4
5585,78,16,17,10,-10.186635949546748,6
5586,37,41,97,27,-10.190687502541847,14
5587,33,13,71,9,-10.195530501937561,4
5588,2,15,98,9,-10.198603389321665,6
5589,96,24,48,16,-10.200121519345737,8
5590,106,63,16,43,-10.201810935158226,20
5591,57,16,114,11,-10.202940786046577,5
5592,94,14,76,10,-10.204693879696785,4
5593,39,24,91,16,-10.206322081312436,8
5594,37,36,11,24,-10.207174749413833,12
5595,28,14,10,10,-10.2079261309438,4
5596,68,24,25,16,-10.21179043309895,8
5597,31,17,30,10,-10.214096274935343,7
5598,91,35,63,24,-10.225389928816243,11
5599,68,27,28,19,-10.22954876840922,8
5600,18,44,16,30,-10.2395488957726,14
5601,8,17,78,11,-10.247577324371015,6
5602,106,16,67,10,-10.252161434234205,6
5603,99,12,77,9,-10.252199704478636,3
5604,50,15,85,10,-10.26203922127155,5
5605,16,22,78,14,-10.265075623642572,8
5606,88,32,15,23,-10.284341457845956,9
5607,107,23,45,15,-10.289536165233189,8
5608,31,29,107,16,-10.30345756995746,13
5609,43,19,54,12,-10.322637569623126,7
5610,19,24,7,17,-10.325778739734245,7
5611,94,27,13,18,-10.330435007204885,9
5612,1,13,37,8,-10.34216426905315,5
5613,1,26,16,19,-10.34569928715388,7
5614,77,16,53,10,-10.347606271977275,6
5615,7,10,94,7,-10.355621654064775,3
5616,12,12,9,8,-10.366855545040101,4
5617,93,16,106,10,-10.37915501513517,6
5618,57,13,75,9,-10.387723743034117,4
5619,77,11,43,7,-10.418907416256186,4
5620,7,11,110,6,-10.42257657923173,5
5621,114,19,95,12,-10.422604339796184,7
5622,39,16,44,10,-10.434810009571377,6
5623,112,25,64,18,-10.44734880369225,7
5624,31,10,6,6,-10.459894630543896,4
5625,49,16,41,10,-10.465212157406025,6
5626,77,12,23,8,-10.47207373365885,4
5627,8,35,75,24,-10.477015226263449,11
5628,27,11,81,7,-10.477393451911677,4
5629,102,14,75,10,-10.47886729381523,4
5630,9,27,64,19,-10.495957554452968,8
5631,19,13,27,10,-10.496867066136126,3
5632,84,49,63,31,-10.49857196308788,18
5633,37,14,89,8,-10.519274673853,6
5634,36,27,27,17,-10.523349599331356,10
5635,97,19,71,13,-10.523533962196899,6
5636,66,12,63,8,-10.537031225709402,4
5637,13,18,58,13,-10.53862347763235,5
5638,56,16,86,11,-10.543126647721751,5
5639,57,18,65,12,-10.54533936512947,6
5640,40,17,28,10,-10.551622113062638,7
5641,54,19,71,12,-10.56377327137223,7
5642,9,15,95,9,-10.569002592922953,6
5643,12,24,60,13,-10.587193690412061,11
5644,28,10,26,7,-10.592168464369761,3
5645,91,31,7,22,-10.60910028610159,9
5646,108,14,48,10,-10.6209300268859,4
5647,101,12,16,8,-10.62271769748288,4
5648,71,18,98,12,-10.627953776602759,6
5649,64,20,30,13,-10.642272986004782,7
5650,98,25,5,16,-10.662918685540621,9
5651,29,29,65,18,-10.675445820566951,11
5652,57,12,38,7,-10.682623087511102,5
5653,107,32,48,21,-10.69484594829312,11
5654,74,25,51,18,-10.704030149650722,7
5655,68,30,76,23,-10.707343505959708,7
5656,84,23,30,16,-10.710699208047563,7
5657,36,13,43,8,-10.713552025008546,5
5658,111,11,54,8,-10.714143810197228,3
5659,18,45,13,29,-10.738363532449277,16
5660,108,23,53,14,-10.749834986479383,9
5661,68,24,11,15,-10.754003487507697,9
5662,31,27,27,16,-10.758919665279386,11
5663,72,11,63,8,-10.764095493593645,3
5664,7,11,59,8,-10.771239818059199,3
5665,102,14,100,10,-10.786002151711443,4
5666,91,25,55,18,-10.791612827626562,7
5667,29,10,100,6,-10.811451389513945,4
5668,81,17,106,10,-10.816681182916206,7
5669,2,11,30,7,-10.820419515250846,4
5670,48,12,60,8,-10.834150297184136,4
5671,87,25,48,17,-10.854586359540512,8
5672,93,39,65,24,-10.857048849068637,15
5673,54,46,37,31,-10.87009397469276,15
5674,77,16,71,11,-10.872072685026803,5
5675,41,21,111,13,-10.875724405637953,8
5676,69,20,63,14,-10.901230458210243,6
5677,35,10,102,6,-10.90320798703147,4
5678,5,17,73,11,-10.90738305979487,6
5679,13,10,89,6,-10.939542022741616,4
5680,9,14,11,9,-10.959299620365583,5
5681,29,24,60,15,-10.986279893385442,9
5682,88,37,50,24,-10.986958086725291,13
5683,57,24,70,14,-10.997514680908582,10
5684,110,20,51,14,-11.000148170458745,6
5685,107,13,56,8,-11.000292497508868,5
5686,71,13,15,9,-11.00914391321026,4
5687,68,10,98,7,-11.014423279510455,3
5688,92,14,41,9,-11.016394202336143,5
5689,88,41,53,28,-11.023031682203495,13
5690,114,12,32,8,-11.045874107216177,4
5691,11,11,99,7,-11.04788337752713,4
5692,109,13,30,9,-11.049589386483902,4
5693,39,35,30,23,-11.092978860146744,12
5694,29,13,75,8,-11.096282078020437,5
5695,80,13,78,9,-11.09791576617006,4
5696,32,13,74,9,-11.101664191982367,4
5697,19,10,40,7,-11.104417905023016,3
5698,84,20,27,13,-11.118973426521961,7
5699,70,15,46,10,-11.123543654837002,5
5700,38,16,75,12,-11.14383618558865,4
5701,85,13,55,9,-11.149931721802188,4
5702,4,16,43,10,-11.162760468553993,6
5703,23,10,72,7,-11.180586418758145,3
5704,1,11,89,7,-11.20901106938993,4
5705,46,12,100,8,-11.210309669403358,4
5706,3,15,25,10,-11.21463496022273,5
5707,106,18,98,12,-11.217270403208776,6
5708,51,13,73,9,-11.219804453521853,4
5709,96,20,46,12,-11.223825219116964,8
5710,112,12,38,9,-11.23040362290014,3
5711,109,17,75,12,-11.242273446455997,5
5712,51,28,95,20,-11.244919045567018,8
5713,81,13,40,9,-11.249205674756395,4
5714,83,16,107,11,-11.24958512039028,5
5715,70,29,87,18,-11.250414739740132,11
5716,48,12,90,8,-11.252381363492235,4
5717,103,10,28,7,-11.258889995972657,3
5718,7,52,75,35,-11.2746633859962,17
5719,55,14,2,9,-11.276816159574057,5
5720,5,10,80,7,-11.295210617596885,3
5721,96,25,7,18,-11.300422106484014,7
5722,72,19,28,13,-11.306329036701383,6
5723,20,38,50,26,-11.316816486601454,12
5724,88,75,13,51,-11.322656510714445,24
5725,20,12,64,9,-11.331308462604776,3
5726,71,21,104,13,-11.370166649530528,8
5727,10,14,107,9,-11.38119632500004,5
5728,38,11,4,8,-11.395009854616482,3
5729,35,23,76,15,-11.39691854534874,8
5730,95,10,29,7,-11.401888238693147,3
5731,69,28,60,17,-11.415693819512107,11
5732,106,39,114,26,-11.417874917507989,13
5733,81,14,47,10,-11.445134927289029,4
5734,63,19,57,12,-11.499632269547762,7
5735,3,19,53,13,-11.503790428420066,6
5736,81,15,7,9,-11.525413070422037,6
5737,76,15,74,9,-11.544600382799558,6
5738,107,45,30,30,-11.550249913592037,15
5739,71,10,111,7,-11.563837134119527,3
5740,104,16,36,10,-11.564722196156035,6
5741,11,10,108,7,-11.565275419390531,3
5742,50,15,33,10,-11.568332857311571,5
5743,39,15,90,10,-11.577976501423594,5
5744,18,21,15,15,-11.590119158022436,6
5745,86,33,102,23,-11.659667182565103,10
5746,48,11,98,8,-11.678045251552971,3
5747,28,23,34,16,-11.682170467841411,7
5748,96,13,91,9,-11.692854193124042,4
5749,84,34,11,23,-11.737395009694307,11
5750,67,11,16,8,-11.761532223804268,3
5751,53,18,43,13,-11.76241610426229,5
5752,1,37,55,26,-11.769033555767942,11
5753,109,18,17,12,-11.781743441013703,6
5754,65,12,91,8,-11.784658313781671,4
5755,54,10,44,7,-11.791894285038754,3
5756,40,21,8,15,-11.791921402372775,6
5757,91,10,53,7,-11.811611902058761,3
5758,17,10,83,6,-11.812775268760374,4
5759,46,10,78,6,-11.81650181599484,4
5760,111,16,28,11,-11.820301223407922,5
5761,64,10,74,6,-11.828764368523549,4
5762,28,47,63,33,-11.828866423716303,14
5763,37,10,78,7,-11.831707242150298,3
5764,28,34,74,23,-11.834419909257845,11
5765,29,12,20,8,-11.85416559868577,4
5766,77,28,104,19,-11.87424672617717,9
5767,104,18,90,12,-11.89837391797068,6
5768,63,18,62,12,-11.898616241132698,6
5769,29,11,109,6,-11.905733206262543,5
5770,65,46,114,30,-11.938229846486397,16
5771,18,27,95,18,-11.951490678023534,9
5772,54,10,53,7,-11.951994898142779,3
5773,81,14,104,8,-11.956844186421009,6
5774,72,11,50,8,-11.966306538639385,3
5775,60,16,37,10,-11.9668638856867,6
5776,98,11,109,8,-11.980585816049416,3
5777,104,12,1,8,-12.020108292717424,4
5778,63,18,1,11,-12.054495717242014,7
5779,91,18,30,13,-12.061464887561756,5
5780,20,14,34,10,-12.080633416209027,4
5781,35,11,8,8,-12.093356369533684,3
5782,112,23,60,16,-12.109222093309295,7
5783,27,22,104,16,-12.1180149644782,6
5784,12,12,1,8,-12.121434397869619,4
5785,63,12,92,7,-12.136993324985582,5
5786,31,11,19,8,-12.140248760143196,3
5787,70,22,2,14,-12.153236389251056,8
5788,51,24,77,15,-12.16149932915176,9
5789,99,21,107,14,-12.174640608684573,7
5790,39,18,109,13,-12.189314131019263,5
5791,76,18,7,11,-12.196617315781682,7
5792,106,11,78,8,-12.21024325274275,3
5793,9,14,43,9,-12.224469441855376,5
5794,43,19,75,14,-12.224767647713705,5
5795,60,22,74,14,-12.230302476711504,8
5796,54,27,48,18,-12.230401373927076,9
5797,84,11,71,8,-12.255989147154674,3
5798,39,10,32,7,-12.25900875776762,3
5799,85,16,39,10,-12.259649528892558,6
5800,112,12,58,8,-12.27450382990949,4
5801,96,29,98,20,-12.301665445316491,9
5802,60,24,47,17,-12.306617941323186,7
5803,114,11,78,7,-12.319932318545474,4
5804,20,10,78,7,-12.337947782230119,3
5805,104,13,34,9,-12.352990002767115,4
5806,97,12,67,9,-12.35346782744064,3
5807,46,39,104,26,-12.353574327141937,13
5808,87,17,79,13,-12.368409888374778,4
5809,50,17,36,10,-12.423703215189779,7
5810,49,10,80,6,-12.509141995238949,4
5811,103,12,55,9,-12.517980336309982,3
5812,5,27,75,17,-12.535083552437035,10
5813,58,14,54,9,-12.535089602873326,5
5814,87,27,98,19,-12.540784384215351,8
5815,5,27,57,19,-12.572003913811173,8
5816,39,15,58,11,-12.586107695941518,4
5817,63,18,30,12,-12.599148649844983,6
5818,5,14,48,10,-12.657719903594751,4
5819,88,16,111,12,-12.710530076381987,4
5820,106,24,46,15,-12.725492516069489,9
5821,106,14,33,10,-12.736963404825662,4
5822,109,27,114,20,-12.737377288037608,7
5823,36,10,95,7,-12.746346244298937,3
5824,81,12,54,8,-12.757047966098474,4
5825,78,11,100,8,-12.80126555342128,3
5826,14,19,16,13,-12.801433996471316,6
5827,19,11,63,8,-12.824791428015692,3
5828,65,21,2,16,-12.8900275785182,5
5829,49,10,34,7,-12.890039581771166,3
5830,75,12,98,8,-12.900340980932176,4
5831,19,10,18,7,-12.906348402552078,3
5832,9,20,20,14,-12.92396478016519,6
5833,84,13,41,9,-12.931428566792913,4
5834,51,14,34,10,-12.934608487352978,4
5835,60,29,91,19,-12.952631394075716,10
5836,102,21,107,14,-12.974367748289918,7
5837,77,18,30,13,-12.982342846447986,5
5838,30,11,80,8,-13.03236389442298,3
5839,91,15,43,11,-13.046946068237398,4
5840,94,33,16,24,-13.055266120999486,9
5841,112,21,28,15,-13.06776325687043,6
5842,108,11,84,8,-13.07106461175519,3
5843,12,13,114,8,-13.087005723325444,5
5844,88,12,98,9,-13.094822370834628,3
5845,70,10,83,6,-13.118339150755117,4
5846,37,28,95,21,-13.149042342745602,7
5847,88,17,102,13,-13.153141792955822,4
5848,70,22,11,16,-13.174919150937757,6
5849,54,18,36,12,-13.217744798273172,6
5850,41,16,8,12,-13.244566662838952,4
5851,88,36,95,25,-13.24512473637818,11
5852,96,39,11,27,-13.252582377716239,12
5853,11,23,95,17,-13.263288005084238,6
5854,5,31,102,21,-13.269431869962297,10
5855,99,12,7,8,-13.274517260788413,4
5856,106,19,64,13,-13.295192075566398,6
5857,46,17,50,11,-13.310329365776978,6
5858,47,11,78,7,-13.313837965116967,4
5859,18,16,47,12,-13.317575135316673,4
5860,46,12,18,9,-13.322032493347338,3
5861,114,28,87,18,-13.32969544089937,10
5862,83,18,16,13,-13.35123547721314,5
5863,51,29,78,18,-13.359227652506746,11
5864,32,11,55,7,-13.36363963009391,4
5865,35,12,104,8,-13.369677424437175,4
5866,112,11,91,8,-13.423237527272477,3
5867,53,15,75,10,-13.423496737137004,5
5868,32,12,25,7,-13.427877456338663,5
5869,45,15,23,11,-13.436468047997268,4
5870,35,15,36,11,-13.440272285829963,4
5871,55,17,102,12,-13.448934349992442,5
5872,86,24,26,18,-13.454427406615018,6
5873,66,11,7,7,-13.514093541012448,4
5874,103,11,74,8,-13.53565105452587,3
5875,104,18,64,13,-13.541290561517043,5
5876,104,21,49,15,-13.546207868188585,6
5877,38,16,104,11,-13.5544155097551,5
5878,74,10,15,7,-13.56932630742914,3
5879,3,10,38,7,-13.612373842695774,3
5880,46,12,93,9,-13.65474091099076,3
5881,78,10,76,8,-13.671397205033482,2
5882,86,16,92,11,-13.67676060817369,5
5883,44,14,104,10,-13.703910249073422,4
5884,3,22,63,17,-13.713969327820672,5
5885,31,25,63,18,-13.714594813504094,7
5886,33,14,63,10,-13.733555706081619,4
5887,69,18,30,12,-13.733696768023911,6
5888,27,10,97,6,-13.735152835550487,4
5889,19,19,29,14,-13.763139378833094,5
5890,112,11,97,9,-13.794615799527321,2
5891,76,12,15,8,-13.798152225410016,4
5892,31,74,13,51,-13.800549608099518,23
5893,31,17,98,11,-13.805084918983175,6
5894,8,21,34,15,-13.81699567409245,6
5895,11,14,30,10,-13.879105080719237,4
5896,50,19,53,13,-13.883151416746287,6
5897,76,17,54,12,-13.892444764564262,5
5898,68,14,34,10,-13.903096130211466,4
5899,112,11,37,8,-13.937736127059297,3
5900,69,19,75,14,-13.94230448490658,5
5901,109,11,91,8,-13.94618860472034,3
5902,71,24,40,17,-13.948125771645659,7
5903,75,12,111,8,-13.972281809419961,4
5904,91,11,69,7,-13.993001551531528,4
5905,77,29,40,21,-14.048771071022598,8
5906,57,12,62,9,-14.067895538486146,3
5907,112,13,49,9,-14.107588631583399,4
5908,80,11,41,8,-14.186716292232557,3
5909,3,15,20,11,-14.188922367828342,4
5910,69,21,58,14,-14.230642620976038,7
5911,37,12,34,9,-14.300571264435137,3
5912,87,14,34,10,-14.302419820319225,4
5913,102,11,46,8,-14.307494713152051,3
5914,50,18,80,14,-14.309192739594003,4
5915,112,15,47,10,-14.309777431810543,5
5916,57,12,31,8,-14.310689026630849,4
5917,112,10,108,7,-14.316449946299121,3
5918,69,18,49,12,-14.3183681466222,6
5919,63,37,80,27,-14.322048676220186,10
5920,77,27,7,19,-14.33556677589385,8
5921,83,10,40,8,-14.347262135245904,2
5922,90,16,20,11,-14.40477443227545,5
5923,70,26,108,19,-14.427393649276276,7
5924,14,11,80,7,-14.435345395194508,4
5925,35,13,97,10,-14.4445517315995,3
5926,5,12,44,9,-14.447481002517355,3
5927,2,10,73,7,-14.457830254043136,3
5928,78,13,27,11,-14.45913929654816,2
5929,25,12,34,9,-14.468789684868275,3
5930,51,18,45,13,-14.493324057948728,5
5931,27,10,111,8,-14.504025956772896,2
5932,2,12,13,8,-14.516038794033763,4
5933,37,12,73,8,-14.533349572792924,4
5934,9,11,108,7,-14.533752266696007,4
5935,62,19,74,14,-14.57027413820892,5
5936,99,12,50,8,-14.581629542155014,4
5937,29,22,88,16,-14.584788845308772,6
5938,97,11,14,9,-14.634263785488013,2
5939,51,14,94,10,-14.642632531518043,4
5940,35,10,3,7,-14.67345115895829,3
5941,79,14,104,9,-14.67585498642578,5
5942,18,13,69,9,-14.695896617157176,4
5943,94,10,9,6,-14.704426445452432,4
5944,83,19,114,14,-14.71253096490687,5
5945,31,10,100,7,-14.730848989291465,3
5946,102,11,90,6,-14.739148726840858,5
5947,109,21,27,14,-14.741810222555548,7
5948,106,14,32,11,-14.741977351969277,3
5949,2,10,57,7,-14.75670329182861,3
5950,54,36,75,25,-14.80658448659353,11
5951,81,24,51,16,-14.806900687075021,8
5952,80,11,34,9,-14.830360037538274,2
5953,68,15,29,11,-14.842517688016263,4
5954,28,12,110,8,-14.8602682733133,4
5955,108,10,8,8,-14.88327570809189,2
5956,112,10,55,8,-14.907032679929216,2
5957,77,11,98,8,-14.971497492381292,3
5958,75,10,45,8,-15.003649946946844,2
5959,99,18,25,13,-15.014737107768294,5
5960,94,17,81,11,-15.053941840602283,6
5961,69,10,111,7,-15.0816233253005,3
5962,70,11,34,8,-15.101320383881482,3
5963,57,13,100,9,-15.130206116996986,4
5964,40,11,100,8,-15.132226669532843,3
5965,94,13,30,9,-15.134946215773814,4
5966,71,17,41,13,-15.162388636591329,4
5967,11,13,100,9,-15.179784599525844,4
5968,68,15,61,11,-15.24709195978541,4
5969,37,13,18,10,-15.368965567811568,3
5970,3,27,84,18,-15.372916145146673,9
5971,46,12,98,8,-15.381140721878973,4
5972,25,14,49,10,-15.43786379260084,4
5973,107,25,73,17,-15.460672720698524,8
5974,84,22,112,16,-15.486639525748986,6
5975,31,15,69,10,-15.502962092044207,5
5976,2,18,104,12,-15.50344370749933,6
5977,106,10,89,6,-15.508251121091035,4
5978,10,11,37,7,-15.516949569025604,4
5979,14,11,25,9,-15.536643242754739,2
5980,31,12,104,8,-15.561592201078605,4
5981,5,20,23,15,-15.563915929412014,5
5982,45,14,4,10,-15.600891470448104,4
5983,85,11,106,8,-15.605731963514037,3
5984,97,13,90,9,-15.62188808576594,4
5985,38,10,87,7,-15.648595936017907,3
5986,58,23,65,16,-15.653154983328356,7
5987,35,13,87,9,-15.683184050777022,4
5988,63,11,15,8,-15.683342037196233,3
5989,51,23,15,16,-15.696340054221961,7
5990,43,11,78,8,-15.699752571068752,3
5991,1,13,8,10,-15.702434313684371,3
5992,80,13,75,10,-15.71805205236554,3
5993,35,12,80,9,-15.72406211872363,3
5994,77,14,37,10,-15.73169378416834,4
5995,96,16,93,12,-15.73319462766121,4
5996,43,14,30,11,-15.738372858595183,3
5997,57,20,7,13,-15.746440629237659,7
5998,35,10,75,8,-15.755761764469415,2
5999,37,10,15,8,-15.78269510258246,2
6000,12,12,75,8,-15.785867542761379,4
6001,17,22,95,17,-15.802621580377178,5
6002,31,45,16,33,-15.837412153743443,12
6003,39,18,99,14,-15.84878961626863,4
6004,12,15,41,11,-15.852631956602023,4
6005,91,11,76,9,-15.872477419459234,2
6006,13,26,30,18,-15.88389201939532,8
6007,28,12,43,8,-15.894105628705272,4
6008,9,30,53,22,-15.894615033798411,8
6009,70,13,80,11,-15.90133341789594,2
6010,63,13,14,9,-15.961958621197994,4
6011,19,10,51,8,-15.984440942521672,2
6012,5,18,41,12,-16.050377082501456,6
6013,9,24,15,16,-16.09746361196613,8
6014,77,20,8,15,-16.11157045463716,5
6015,112,15,71,11,-16.11687592102847,4
6016,83,12,23,9,-16.123810814063006,3
6017,102,10,43,7,-16.154622115934174,3
6018,79,10,76,8,-16.246721403642802,2
6019,69,21,53,15,-16.247322250303586,6
6020,79,12,30,9,-16.40518046559389,3
6021,7,16,61,11,-16.426968020447948,5
6022,25,25,11,20,-16.429746187224737,5
6023,109,14,15,11,-16.447207404622475,3
6024,55,15,14,12,-16.464885141480416,3
6025,88,17,80,12,-16.477538046034613,5
6026,36,10,101,8,-16.627946704419497,2
6027,41,12,30,8,-16.67014747818193,4
6028,71,15,95,10,-16.72675418994599,5
6029,76,10,1,7,-16.815372977495876,3
6030,30,14,95,10,-16.836817117204564,4
6031,97,14,38,11,-16.838290194315167,3
6032,10,12,13,9,-16.89276746041982,3
6033,112,19,20,15,-16.964936240764274,4
6034,31,10,38,6,-16.97274158238424,4
6035,50,16,77,13,-16.97319460562341,3
6036,46,11,43,8,-16.991693442801246,3
6037,65,31,100,25,-17.003977982643583,6
6038,70,11,48,8,-17.04295857723929,3
6039,1,14,18,11,-17.058153705270225,3
6040,13,17,80,12,-17.06375198393908,5
6041,2,11,60,8,-17.11684300008854,3
6042,20,12,60,9,-17.12579419517071,3
6043,9,28,41,21,-17.159883472781484,7
6044,5,22,27,16,-17.186967099907662,6
6045,35,12,63,9,-17.190706154289504,3
6046,3,10,48,7,-17.21455694117363,3
6047,106,10,35,7,-17.319051156851785,3
6048,39,10,45,7,-17.32115834390289,3
6049,3,13,30,11,-17.375395902993645,2
6050,19,11,55,8,-17.435802328445057,3
6051,18,14,23,10,-17.468338798211544,4
6052,81,10,100,7,-17.528614729024785,3
6053,83,11,110,9,-17.575104905290946,2
6054,3,11,5,7,-17.694163901939547,4
6055,68,32,112,25,-17.735336321116534,7
6056,55,12,44,9,-17.771847163193563,3
6057,5,18,30,15,-17.81053305502534,3
6058,8,10,69,8,-17.824588271872045,2
6059,88,17,32,13,-17.824594134673823,4
6060,114,11,111,8,-17.846918134233796,3
6061,22,11,13,9,-17.88490511828995,2
6062,43,16,55,14,-17.88766939591472,2
6063,68,21,95,18,-17.962668451083434,3
6064,33,18,55,14,-17.969879843551904,4
6065,112,22,78,17,-18.00765085252849,5
6066,28,28,90,22,-18.060877876686433,6
6067,57,11,79,8,-18.14640267745942,3
6068,103,10,109,7,-18.37872283171988,3
6069,18,10,5,8,-18.464269170029826,2
6070,81,14,49,10,-18.467862810158525,4
6071,9,15,48,12,-18.472872872736897,3
6072,18,10,49,8,-18.47715007090462,2
6073,33,14,65,11,-18.512762180418843,3
6074,31,15,106,11,-18.52908676481624,4
6075,102,11,30,8,-18.53374521303684,3
6076,43,11,45,8,-18.574891926068155,3
6077,57,13,34,10,-18.63083545853813,3
6078,68,15,50,11,-18.68712791744929,4
6079,77,19,16,15,-18.736127046783512,4
6080,28,17,99,13,-18.754584808369174,4
6081,77,10,100,8,-18.785807393142274,2
6082,47,11,55,8,-18.857554518412744,3
6083,11,10,2,8,-18.92308479788875,2
6084,4,13,98,11,-18.936498509144613,2
6085,106,10,92,8,-19.041690772468705,2
6086,2,10,100,7,-19.143504228869272,3
6087,79,10,17,8,-19.148955304516516,2
6088,54,16,4,14,-19.244087603842104,2
6089,18,14,99,11,-19.290873438644514,3
6090,108,10,114,7,-19.30451384791422,3
6091,36,19,30,17,-19.30529767168729,2
6092,58,19,86,15,-19.384187711945845,4
6093,17,13,103,11,-19.390050708184674,2
6094,9,25,27,19,-19.43154810444966,6
6095,51,10,101,8,-19.538804927619935,2
6096,57,12,94,9,-19.623299241538074,3
6097,32,12,95,10,-19.760326388824467,2
6098,68,15,103,12,-19.833904378944524,3
6099,94,11,85,9,-19.99391792955888,2
6100,84,11,7,9,-20.072751797902637,2
6101,10,15,51,12,-20.332726180509006,3
6102,5,10,64,8,-20.37578731830582,2
6103,35,11,48,9,-20.438098241934796,2
6104,68,11,90,9,-20.787956198015944,2
6105,38,11,55,9,-20.87506721402826,2
6106,107,17,19,15,-20.876892056619628,2
6107,43,10,110,8,-21.055981543018305,2
6108,10,13,112,10,-21.234179723414762,3
6109,91,16,104,15,-21.31971827875211,1
6110,51,16,2,12,-21.322170492802826,4
6111,51,20,90,17,-21.393287092982963,3
6112,4,13,25,11,-21.42004260246313,2
6113,4,15,41,10,-21.480590173913868,5
6114,68,17,100,13,-21.727189905119378,4
6115,31,12,62,9,-21.790941067775986,3
6116,97,12,91,10,-22.175648770183788,2
6117,57,12,29,10,-22.398372618819636,2
6118,112,14,80,11,-22.742433885358178,3
6119,8,11,4,10,-23.17790508365148,1
6120,31,10,15,8,-23.60998987148027,2
6121,109,11,12,10,-23.647352995961207,1
6122,69,11,27,9,-23.965125451311458,2
6123,57,11,112,9,-24.03512959326609,2
6124,97,11,34,9,-24.058676404388496,2
6125,97,12,73,9,-24.10757303293757,3
6126,3,16,75,14,-24.194103806582213,2
6127,57,12,26,10,-24.80508950345583,2
6128,77,17,75,15,-26.826580833678783,2
6129,23,13,90,12,-28.362481429909796,1
6130,37,11,44,11,-29.883498899257123,0
6131,102,10,112,9,-30.406521473655896,1
