,againstHero,games,hero,losses,shift,wins
0,95,10,37,0,33.05724191683926,10
1,88,13,37,1,28.252272733952857,12
2,30,11,54,1,25.713620235434703,10
3,25,13,106,3,25.179665157562322,10
4,48,10,35,1,25.155197930838906,9
5,76,14,35,3,24.65568308296192,11
6,34,10,51,1,22.213174768846972,9
7,50,18,55,4,21.384042844031153,14
8,5,14,98,3,21.043629991929123,11
9,30,12,107,2,21.034566601211726,10
10,107,10,66,2,20.152222817707916,8
11,2,13,54,2,19.759970484752476,11
12,38,10,97,1,19.67073344994079,9
13,104,13,2,3,19.626967622722084,10
14,28,14,112,3,19.249826897720943,11
15,107,11,32,2,19.05312990423956,9
16,50,10,70,3,18.66920839814296,7
17,88,14,109,2,18.52791141944204,12
18,63,17,91,4,18.120595699414864,13
19,93,10,50,2,18.03384687661146,8
20,104,11,102,3,17.918506819753233,8
21,90,23,28,5,17.842079516061677,18
22,11,14,25,3,17.774778708310116,11
23,93,14,96,3,17.771004816118815,11
24,41,13,86,2,17.568343007541294,11
25,114,12,106,3,17.530744904632478,9
26,34,11,87,3,17.338115350277818,8
27,35,10,106,3,17.319051156851785,7
28,16,11,70,2,17.257504847576726,9
29,114,13,109,2,16.934502621040732,11
30,90,12,63,3,16.840668609829066,9
31,95,12,88,3,16.53166628937119,9
32,104,12,46,3,16.40484204464055,9
33,11,13,70,3,16.32604658673946,10
34,104,10,100,2,16.26193989930638,8
35,48,11,9,3,15.643745764186933,8
36,11,13,98,4,15.616050281557111,9
37,34,13,28,3,15.421948286719395,10
38,93,10,11,2,15.321419061771829,8
39,74,24,28,6,15.31519507992004,18
40,2,16,70,5,15.20234077608459,11
41,73,14,90,4,15.181297397438652,10
42,91,12,96,3,15.083901067533665,9
43,100,14,54,4,14.930697835147345,10
44,80,12,50,2,14.926124931290452,10
45,91,13,20,4,14.874187006920964,9
46,16,15,46,4,14.63177135505341,11
47,80,11,35,3,14.578551377058158,8
48,63,33,84,10,14.557123158417967,23
49,73,12,37,4,14.533349572792922,8
50,14,11,63,4,14.53302527333945,7
51,107,14,35,3,14.477847243885739,11
52,16,23,74,6,14.22296330279235,17
53,90,10,48,3,14.062301149493257,7
54,106,11,23,4,13.977666138674254,7
55,73,11,54,3,13.856140526530867,8
56,8,12,98,3,13.758631370873724,9
57,75,10,5,3,13.751440551521483,7
58,87,15,70,5,13.709203230326096,10
59,71,14,8,4,13.693009278905903,10
60,88,24,46,6,13.65005256735965,18
61,51,12,74,3,13.519826421822684,9
62,86,18,73,6,13.498917483420346,12
63,104,12,50,3,13.423441976007842,9
64,20,11,98,2,13.40692814740014,9
65,69,11,28,4,13.38734226962898,7
66,63,14,109,4,13.371852687868843,10
67,84,10,76,3,13.371791794476119,7
68,34,10,8,3,13.309346330253714,7
69,8,15,114,4,13.19160663168953,11
70,86,11,39,4,13.181031933377376,7
71,90,11,97,4,13.178561240127799,7
72,97,10,84,2,13.1315313075884,8
73,48,19,54,6,13.122325082638987,13
74,16,30,106,8,13.120750145694194,22
75,80,10,14,4,13.097202558791373,6
76,17,10,107,3,13.095515887019284,7
77,102,11,87,3,13.031920315209861,8
78,95,10,11,3,12.962395970965867,7
79,78,10,96,3,12.899686199305037,7
80,17,14,37,5,12.777771600020978,9
81,98,10,87,3,12.766560909926934,7
82,37,27,54,9,12.577195310341338,18
83,102,14,5,5,12.492413795688774,9
84,73,17,107,6,12.476279417058619,11
85,63,39,54,12,12.439421659836578,27
86,11,38,96,12,12.43376452627604,26
87,20,18,25,6,12.230511176411236,12
88,46,17,96,7,12.129227204168036,10
89,16,35,87,12,12.102704314622608,23
90,38,10,106,4,12.053515342420265,6
91,30,10,5,2,12.011638874309803,8
92,30,10,87,3,11.954020606538128,7
93,88,12,104,4,11.911529882206118,8
94,76,10,55,2,11.845869320079572,8
95,16,12,98,4,11.817599398499155,8
96,75,16,8,4,11.794220762958481,12
97,80,15,107,3,11.678062977381895,12
98,55,27,11,7,11.616496674178505,20
99,91,10,98,3,11.6111736728835,7
100,25,12,46,4,11.596884899775361,8
101,11,19,84,6,11.373729994467022,13
102,90,20,106,6,11.319121838741873,14
103,50,11,109,3,11.21767101593788,8
104,8,12,65,4,11.180766905333911,8
105,16,16,104,6,11.179121316519469,10
106,97,16,5,5,11.001465278853818,11
107,30,13,16,4,10.882729052195028,9
108,97,10,114,4,10.862239910215562,6
109,50,11,98,3,10.6914012264267,8
110,46,14,84,4,10.666236613807834,10
111,50,28,20,10,10.558524754395552,18
112,28,20,25,6,10.43668370179945,14
113,48,22,96,7,10.412031756955415,15
114,83,12,5,4,10.342158634513252,8
115,11,19,37,6,10.335627850347763,13
116,87,14,93,5,10.257204602761986,9
117,16,38,96,11,10.237680582890102,27
118,16,24,107,7,10.150129279172639,17
119,73,14,5,5,10.145620716643505,9
120,55,12,70,4,10.141434019068976,8
121,16,19,55,6,10.104969962268774,13
122,109,11,102,4,10.030166218885235,7
123,106,14,75,7,10.013304733371458,7
124,86,19,109,5,10.006152173584464,14
125,86,20,76,7,9.940010233613187,13
126,95,12,107,4,9.937496129371693,8
127,51,17,96,6,9.90017056684033,11
128,102,11,88,3,9.888500122769269,8
129,86,23,79,8,9.865377107457421,15
130,98,24,96,9,9.85522726903532,15
131,20,22,84,6,9.790302500691975,16
132,74,16,70,7,9.770873759550817,9
133,98,14,106,5,9.701360201061402,9
134,88,12,57,5,9.696740487129196,7
135,8,10,32,4,9.695711025914951,6
136,50,25,5,10,9.615141407944584,15
137,50,28,107,10,9.593575141846495,18
138,79,12,87,3,9.532024747647966,9
139,114,19,20,6,9.456323838229798,13
140,88,24,28,8,9.449291017909664,16
141,90,17,50,6,9.438413402091001,11
142,96,16,104,6,9.433481460132812,10
143,87,13,2,5,9.430732046556473,8
144,63,18,2,7,9.424323722958958,11
145,50,16,102,7,9.414224162201034,9
146,2,25,107,8,9.34845410579801,17
147,90,13,80,4,9.306752684001106,9
148,108,14,63,5,9.298531248541144,9
149,2,11,65,3,9.274625860779652,8
150,97,14,8,5,9.2569642199044,9
151,76,14,50,4,9.228465475536328,10
152,2,10,16,3,9.214178381730257,7
153,30,15,8,5,9.185211827951935,10
154,30,11,28,4,9.144215115290798,7
155,50,26,96,9,9.051096363617635,17
156,63,38,28,13,9.045203898145056,25
157,57,12,107,5,8.988403130065704,7
158,54,13,104,4,8.9666645611638,9
159,32,10,11,3,8.939422844172492,7
160,97,15,25,6,8.897594126594749,9
161,102,20,86,6,8.876334285027802,14
162,28,20,114,9,8.84184705741822,11
163,37,16,46,5,8.822890347017472,11
164,7,11,96,3,8.775501150402919,8
165,86,27,51,11,8.740860643352912,16
166,73,10,98,3,8.72433500141915,7
167,106,12,91,3,8.70066752710923,9
168,28,12,18,5,8.658858567038083,7
169,106,17,104,6,8.650515897387708,11
170,90,22,5,7,8.559685419611386,15
171,8,13,100,4,8.54112762254678,9
172,63,27,20,11,8.518828390562923,16
173,50,17,88,7,8.503859481033004,10
174,5,22,84,8,8.484507375916772,14
175,86,26,70,11,8.431070575550432,15
176,50,13,114,5,8.388183657848247,8
177,98,17,63,7,8.359697866117658,10
178,69,13,86,5,8.329501489122975,8
179,89,11,37,5,8.260841827542206,6
180,20,13,46,4,8.248162901588735,9
181,11,20,20,6,8.234400855107406,14
182,20,11,44,4,8.212958514210372,7
183,8,43,87,16,8.206684755768935,27
184,86,12,108,5,8.204205290543774,7
185,74,17,93,7,8.19338693451652,10
186,20,11,95,4,8.18646759603118,7
187,80,14,65,5,8.117894882236026,9
188,63,20,88,8,8.087843670572429,12
189,16,14,48,6,8.053586068768567,8
190,73,20,74,7,8.01522036427702,13
191,28,18,91,7,8.01457036803685,11
192,102,19,96,7,7.9956311609664965,12
193,97,18,37,7,7.973109918201967,11
194,76,17,107,6,7.961856909329562,11
195,102,11,37,4,7.9525351673088975,7
196,96,12,34,4,7.949755484984076,8
197,80,24,106,9,7.948937081453317,15
198,88,13,70,5,7.915858076944355,8
199,8,11,67,4,7.899024171598328,7
200,114,14,96,5,7.889762565328155,9
201,37,25,104,10,7.849104132718205,15
202,106,20,70,8,7.839210869747201,12
203,2,15,106,6,7.778481190743794,9
204,48,20,79,8,7.777732866617034,12
205,16,13,91,4,7.754521449385596,9
206,46,23,28,7,7.7505833090146155,16
207,79,10,106,4,7.723339908977314,6
208,8,22,25,8,7.717252659656066,14
209,76,14,70,5,7.7067801731883225,9
210,48,18,87,7,7.681552221415861,11
211,55,10,108,4,7.660382487173957,6
212,96,22,80,8,7.6325568595370585,14
213,2,14,97,5,7.627801324727646,9
214,63,12,46,4,7.600674717701955,8
215,85,10,107,4,7.595499375056901,6
216,102,13,16,6,7.55516594118759,7
217,28,19,70,8,7.544208909658004,11
218,30,10,84,3,7.509917010745374,7
219,20,17,51,8,7.493698730314256,9
220,8,15,91,6,7.483090394261753,9
221,37,27,106,12,7.475043034461925,15
222,16,17,84,7,7.47114031170461,10
223,109,15,5,6,7.453014699204049,9
224,88,12,25,5,7.434876792293262,7
225,74,26,46,9,7.428235200256028,17
226,63,11,25,4,7.385187766970543,7
227,48,22,107,9,7.330278865374194,13
228,88,13,114,5,7.320732624891944,8
229,57,10,5,4,7.260298688644937,6
230,63,18,76,6,7.244525780520105,12
231,28,19,75,8,7.2257676072063814,11
232,55,11,104,5,7.211574415844158,6
233,63,28,48,10,7.208356975606329,18
234,28,12,17,5,7.176420733706949,7
235,11,15,109,6,7.174727842093128,9
236,50,11,17,4,7.150648662679504,7
237,63,12,79,4,7.1114844508040305,8
238,86,21,80,9,7.071945289109106,12
239,50,11,48,4,7.05821121395096,7
240,54,22,90,9,6.925522493440474,13
241,93,12,86,4,6.922029970425321,8
242,37,39,86,16,6.893488734465293,23
243,80,22,63,8,6.843518885460648,14
244,11,11,80,4,6.802148460786961,7
245,51,12,63,5,6.799312029973926,7
246,48,10,108,3,6.749808304712147,7
247,93,19,8,8,6.747456325327523,11
248,54,37,70,16,6.740686016828507,21
249,96,22,70,11,6.734945499709392,11
250,5,21,11,9,6.692287385746945,12
251,46,10,2,4,6.670222065576344,6
252,37,21,63,8,6.667064334500574,13
253,54,14,51,6,6.622588079460444,8
254,85,12,96,4,6.610954135702339,8
255,54,11,76,4,6.60321190549357,7
256,93,15,28,5,6.588443137697581,10
257,88,27,107,10,6.5675514861634845,17
258,38,16,86,7,6.564447252990193,9
259,74,27,84,12,6.529493156115414,15
260,114,25,5,10,6.487734328215774,15
261,86,21,104,9,6.468213518700146,12
262,14,17,28,6,6.462988674713604,11
263,50,10,18,5,6.440154509710169,5
264,109,15,8,7,6.403030229228608,8
265,74,36,96,14,6.391187863501184,22
266,34,11,106,4,6.348877012003049,7
267,86,76,96,30,6.329796370249291,46
268,87,33,37,13,6.328985291620954,20
269,86,12,14,5,6.306786470454386,7
270,86,23,48,9,6.215181955253339,14
271,102,19,25,7,6.161400465362891,12
272,71,13,107,5,6.143176064124285,8
273,37,17,84,7,6.135362755463087,10
274,86,17,82,6,6.124344607685837,11
275,55,10,79,4,6.105260957218084,6
276,63,15,39,6,6.098512313477008,9
277,37,24,25,11,6.0405874199244165,13
278,86,24,75,11,6.040483815268099,13
279,95,15,8,6,6.03386134830471,9
280,51,15,107,5,6.010709658258433,10
281,20,14,90,6,6.004646856364408,8
282,28,22,102,10,6.002196336125346,12
283,44,16,86,7,6.001593061088269,9
284,87,12,46,5,5.996729580761838,7
285,28,15,98,5,5.973059566412094,10
286,109,10,76,5,5.969855218128681,5
287,102,17,114,6,5.9425198657476965,11
288,33,10,11,5,5.887923901561769,5
289,108,11,50,4,5.8529749166500435,7
290,5,17,70,7,5.831365434421651,10
291,30,12,96,5,5.827709187189812,7
292,39,14,11,4,5.821131817679595,10
293,28,28,109,11,5.815001302128313,17
294,50,12,65,6,5.791321227681301,6
295,16,12,108,5,5.770631208900039,7
296,104,25,28,9,5.749142721940425,16
297,84,14,39,6,5.735188058057851,8
298,84,12,9,5,5.723245457590759,7
299,102,10,106,5,5.6912957732881875,5
300,107,42,37,17,5.68503339380379,25
301,5,10,2,4,5.655750547481818,6
302,8,42,63,18,5.649560038871754,24
303,38,11,84,5,5.627456024192355,6
304,114,16,104,8,5.597717394562749,8
305,73,22,8,9,5.596510667207429,13
306,76,15,5,6,5.578545446168751,9
307,9,12,50,4,5.578106204160814,8
308,50,44,54,19,5.529996409038496,25
309,107,16,108,6,5.5146494473296634,10
310,91,20,107,8,5.505802548817647,12
311,2,11,88,4,5.477658376983315,7
312,54,27,88,12,5.434189753382354,15
313,63,34,96,13,5.39321635342965,21
314,5,26,87,12,5.381333679768738,14
315,88,11,97,4,5.351571329720364,7
316,90,18,37,7,5.349002601490299,11
317,16,16,51,8,5.285051160663565,8
318,50,54,28,23,5.279941331032883,31
319,34,12,74,4,5.2395412452934975,8
320,28,43,84,18,5.219221803540028,25
321,75,20,37,6,5.205769951831414,14
322,25,11,54,5,5.180889000134092,6
323,28,25,65,11,5.172274670876916,14
324,50,30,86,14,5.118847118423948,16
325,96,12,73,6,5.035390942293943,6
326,86,13,35,6,4.963361102394037,7
327,74,13,108,6,4.9091054802012675,7
328,96,21,90,8,4.8646011169770125,13
329,84,32,106,15,4.851744201560306,17
330,97,27,96,12,4.847267990402032,15
331,114,11,65,5,4.8392105326122365,6
332,28,22,2,9,4.837290355461167,13
333,85,13,86,6,4.833314993475176,7
334,114,34,107,14,4.829411961485131,20
335,98,15,37,7,4.814565641664851,8
336,107,19,25,8,4.802339370319195,11
337,96,22,25,10,4.793774224103586,12
338,74,12,62,5,4.762498174936739,7
339,14,15,84,6,4.752366615638507,9
340,20,11,97,5,4.749793384228249,6
341,16,13,79,6,4.716412220610577,7
342,95,12,106,5,4.699195682867778,7
343,102,17,54,7,4.6916495776952525,10
344,55,11,9,5,4.690967100580704,6
345,46,13,75,5,4.683703940633833,8
346,8,14,57,5,4.683699755799594,9
347,20,19,35,8,4.681781057889634,11
348,20,23,74,9,4.672235592214688,14
349,104,10,98,5,4.672200096826949,5
350,97,19,107,9,4.579839642750204,10
351,34,10,84,5,4.577710307306147,5
352,65,14,37,6,4.574583590431901,8
353,14,20,8,8,4.574516362462752,12
354,8,19,46,9,4.571464349413289,10
355,25,28,114,14,4.5658645828256015,14
356,62,13,86,6,4.563398493117805,7
357,98,24,86,11,4.56301016412544,13
358,95,12,96,5,4.548367780459664,7
359,79,12,8,4,4.5233682313953745,8
360,87,10,91,4,4.489603676814871,6
361,33,10,96,6,4.401522257584364,4
362,107,42,20,19,4.400812570612914,23
363,76,10,98,5,4.379545503881031,5
364,8,25,104,12,4.372925689717206,13
365,87,24,74,10,4.3427999466192215,14
366,96,23,88,11,4.305953041781272,12
367,46,11,106,5,4.303945661730406,6
368,65,10,11,4,4.281072376862914,6
369,106,10,93,5,4.240859825225702,5
370,5,24,54,9,4.235549504414735,15
371,63,17,70,8,4.20425277286591,9
372,84,22,70,9,4.182188769343139,13
373,74,11,55,5,4.181300299067086,6
374,20,13,73,5,4.146065391689569,8
375,86,34,90,14,4.124931636943059,20
376,65,30,86,13,4.119813593278432,17
377,84,16,90,7,4.100528600599519,9
378,54,16,95,7,4.0788113560066686,9
379,8,19,51,10,4.05944709438689,9
380,11,13,79,7,4.047561716338114,6
381,28,14,95,6,4.040550234811001,8
382,8,53,74,22,4.010168343975992,31
383,76,18,28,7,3.937083310529341,11
384,20,13,70,6,3.9213437957377693,7
385,37,21,96,10,3.919945326141697,11
386,93,13,84,5,3.9158680410000715,8
387,65,25,107,10,3.884732871922416,15
388,80,13,55,7,3.844743684805329,6
389,63,21,55,9,3.838857697931918,12
390,86,24,97,11,3.801856449037873,13
391,102,17,8,7,3.7943727477668925,10
392,46,21,107,8,3.7858000639811684,13
393,86,57,107,27,3.7647946280812086,30
394,90,19,87,9,3.7262927176583673,10
395,50,34,11,14,3.701800884418704,20
396,75,13,71,5,3.6847064190257015,8
397,65,12,93,6,3.6805012491020377,6
398,37,10,32,5,3.674911859501992,5
399,8,25,84,10,3.6608734975068677,15
400,87,16,65,7,3.6538862860446715,9
401,16,21,5,8,3.5835882309752116,13
402,11,23,54,11,3.5626284863355506,12
403,86,23,46,10,3.5373084660977905,13
404,84,19,48,8,3.5357038968611265,11
405,91,15,84,7,3.506943767095505,8
406,97,17,106,8,3.504320080557486,9
407,28,45,54,19,3.5006765572633607,26
408,57,10,37,4,3.4895001536829016,6
409,23,10,107,4,3.4694839628849055,6
410,63,36,106,16,3.4206348963764044,20
411,9,14,8,5,3.40854125083978,9
412,55,20,28,7,3.3574009350442156,13
413,20,10,9,4,3.353443346624384,6
414,54,30,106,14,3.348177634825245,16
415,63,61,86,25,3.3220512619028564,36
416,51,22,28,9,3.3101205733455643,13
417,28,26,97,11,3.3032475352202004,15
418,51,17,84,7,3.2832731192578755,10
419,65,20,96,9,3.2670140800116543,11
420,86,62,84,30,3.2556113214049702,32
421,17,12,54,6,3.244378643466575,6
422,74,11,76,6,3.229790236578266,5
423,109,16,84,7,3.226616392220337,9
424,87,12,95,5,3.2220270612599204,7
425,114,12,16,6,3.2095139798841816,6
426,74,15,114,6,3.208915898562386,9
427,93,15,5,6,3.2084119507242597,9
428,37,22,114,9,3.202781514461955,13
429,76,26,106,9,3.1978183766287285,17
430,74,52,86,24,3.1923569433787127,28
431,86,14,91,6,3.1812690370906767,8
432,90,14,74,5,3.1680613510289204,9
433,84,21,54,9,3.1584774492637115,12
434,75,15,50,6,3.1567636841259676,9
435,83,12,86,7,3.1387599818802143,5
436,76,13,20,5,3.130007006131113,8
437,5,13,95,5,3.122925129209137,8
438,8,20,48,8,3.119996469210726,12
439,55,22,84,10,3.089338762612198,12
440,2,17,37,8,3.08113164671896,9
441,8,49,54,24,3.072459467582149,25
442,76,11,88,6,3.063986784297211,5
443,46,16,5,7,3.051948360952584,9
444,8,50,96,22,3.0457764045352866,28
445,38,13,96,6,3.0422152322461717,7
446,90,10,65,5,3.027765344735429,5
447,88,11,90,5,3.0263742827452007,6
448,33,13,28,7,2.9473995278098504,6
449,76,19,8,9,2.941917329794885,10
450,20,38,37,18,2.9380141770666848,20
451,8,31,5,15,2.937133177419759,16
452,74,40,5,19,2.9110377661084463,21
453,55,10,20,4,2.907783221025639,6
454,86,11,9,6,2.904091823827273,5
455,114,15,90,7,2.866922984708622,8
456,65,13,88,6,2.8256435057944165,7
457,87,10,80,4,2.824759591911268,6
458,96,31,55,14,2.8188234933181313,17
459,65,27,20,11,2.818099115974001,16
460,55,20,54,9,2.8062710008984633,11
461,28,12,89,5,2.801605415078669,7
462,79,15,50,6,2.7998338113931376,9
463,63,16,75,8,2.7969405195200974,8
464,74,23,37,11,2.7605689236249003,12
465,84,53,107,25,2.756070497755699,28
466,5,15,91,6,2.71766014432503,9
467,86,58,54,28,2.714028566095165,30
468,23,12,86,5,2.6913953048637516,7
469,98,17,54,8,2.6894762284984193,9
470,93,10,20,4,2.681687159073302,6
471,97,11,76,6,2.6606949198631935,5
472,88,15,11,7,2.660306622848361,8
473,75,17,96,6,2.629915777332828,11
474,20,33,96,15,2.6060385861975357,18
475,65,17,106,7,2.568493594459923,10
476,96,12,108,6,2.55336363887327,6
477,74,14,50,6,2.5242109778775914,8
478,39,11,50,4,2.5147259903046506,7
479,8,46,106,22,2.5079635996452634,24
480,46,10,97,4,2.4856935637597237,6
481,74,16,80,8,2.4851777101640504,8
482,96,50,54,25,2.4432934029688895,25
483,39,10,54,5,2.4307020889287747,5
484,65,19,63,8,2.4040693483855047,11
485,88,11,75,5,2.4011311958613604,6
486,54,23,87,12,2.3775325060342167,11
487,65,20,74,10,2.3418899736021284,10
488,28,49,106,22,2.3382396217556565,27
489,11,42,86,20,2.320673202336343,22
490,20,16,2,7,2.315728907836497,9
491,106,36,96,16,2.2984565902488905,20
492,63,30,5,12,2.2835577331280907,18
493,11,13,35,6,2.2776751536044095,7
494,51,12,104,6,2.2679653573387224,6
495,88,20,55,9,2.26494688861935,11
496,86,11,32,5,2.2612651114762348,6
497,87,17,55,7,2.2254580219949593,10
498,5,21,106,11,2.203831635795205,10
499,97,15,55,7,2.195224664138417,8
500,96,11,14,5,2.19268862994012,6
501,107,13,38,6,2.179372128477191,7
502,5,29,107,14,2.174315189774514,15
503,86,41,55,19,2.1685890701244097,22
504,87,25,28,11,2.1378875510596975,14
505,35,12,37,6,2.089032815390569,6
506,54,19,65,9,2.0809072527497627,10
507,106,11,51,6,2.064732142648737,5
508,28,64,96,30,2.0558086605309875,34
509,8,37,16,17,2.039066649438008,20
510,63,11,38,5,2.0377552699599373,6
511,16,30,54,15,2.030734300537762,15
512,51,18,37,7,2.0229700276706106,11
513,84,10,35,5,1.9965083140622215,5
514,55,12,90,7,1.9940592194265985,5
515,54,21,109,9,1.9827715886635058,12
516,87,26,84,12,1.980727810420746,14
517,76,17,87,8,1.977110480506504,9
518,98,17,107,8,1.9696484412943798,9
519,5,24,20,12,1.967490789152776,12
520,86,58,20,27,1.9637284497201604,31
521,11,20,74,9,1.9548228575807027,11
522,87,41,107,19,1.9301722661331329,22
523,46,32,54,14,1.923818091292869,18
524,95,19,86,8,1.9115319097125791,11
525,62,10,28,5,1.893815032183228,5
526,74,20,25,9,1.8910924957233424,11
527,8,34,70,16,1.8843474596478074,18
528,51,17,87,8,1.8833490464670963,9
529,106,37,11,16,1.8759983600353716,21
530,107,12,34,6,1.8698580351185214,6
531,2,26,50,13,1.8461136978514234,13
532,28,15,73,7,1.8127976206407082,8
533,17,10,65,6,1.8006374195790151,4
534,106,13,14,7,1.779477658135787,6
535,97,15,54,7,1.7788146482197413,8
536,86,73,28,34,1.7655146936915704,39
537,16,13,75,6,1.7465772324516469,7
538,20,27,106,12,1.727429826058266,15
539,8,12,80,5,1.7222815544039995,7
540,88,26,86,10,1.7220665197329303,16
541,85,13,54,6,1.7196059703411017,7
542,87,10,14,5,1.715650278366312,5
543,93,16,107,7,1.6955126217730305,9
544,48,12,55,5,1.6914768408443575,7
545,87,30,20,15,1.6750220040723263,15
546,11,32,87,17,1.6577944333232217,15
547,20,10,13,5,1.6012518493962211,5
548,8,21,50,8,1.5955826705725689,13
549,84,18,80,8,1.570942028221592,10
550,9,12,63,5,1.5537368197949128,7
551,37,20,70,9,1.5347339979134698,11
552,91,12,37,6,1.5047753560040007,6
553,55,38,8,18,1.4955177862321158,20
554,63,25,50,11,1.494996890500293,14
555,20,20,16,9,1.4827356605490611,11
556,106,27,50,12,1.4779046660890947,15
557,16,44,28,22,1.477883439041638,22
558,28,42,5,21,1.4599426144439278,21
559,74,38,106,18,1.4263966612706762,20
560,5,21,25,10,1.4144449538565103,11
561,93,18,54,8,1.4005426302335746,10
562,20,38,28,17,1.377543749179071,21
563,60,18,90,9,1.377207088583531,9
564,109,11,73,6,1.3735030211742993,5
565,80,23,28,11,1.3633599598332944,12
566,75,10,54,5,1.3596486355164763,5
567,106,27,107,12,1.3516781039731263,15
568,28,30,37,15,1.347532788949099,15
569,79,17,28,8,1.3443965025775713,9
570,16,16,90,9,1.3115727036907034,7
571,106,16,48,8,1.2966873109190276,8
572,87,32,63,16,1.2889484863013154,16
573,33,12,20,6,1.286127202835982,6
574,54,26,74,13,1.2592496514062275,13
575,8,34,20,16,1.252810472216638,18
576,75,17,74,7,1.2518654913136213,10
577,75,11,84,5,1.2484479349865476,6
578,109,11,87,6,1.2284964497151856,5
579,2,19,86,8,1.2277524355686495,11
580,50,10,89,4,1.225073132431477,6
581,54,18,80,8,1.2235928560664608,10
582,86,21,30,10,1.2204804157391769,11
583,50,10,34,5,1.2099513767481038,5
584,82,11,28,6,1.1949949841809344,5
585,88,20,16,9,1.1914510987995774,11
586,86,35,16,18,1.1895001610717795,17
587,10,10,84,4,1.186679886136357,6
588,86,29,25,15,1.1828545779148447,14
589,109,12,96,6,1.1785332086119338,6
590,74,21,104,11,1.1743964668921263,10
591,20,15,109,6,1.159846603781428,9
592,107,25,104,11,1.1516991064210802,14
593,86,60,87,31,1.1327161641325862,29
594,8,53,28,24,1.1273193466024871,29
595,84,12,2,6,1.108389759283692,6
596,63,16,104,8,1.0989587807584251,8
597,5,37,37,16,1.0931920774579529,21
598,97,12,70,5,1.0662872633837654,7
599,63,37,107,17,1.0308376478711636,20
600,70,20,107,10,1.0170699004269221,10
601,54,16,114,9,1.011032343903596,7
602,51,14,55,7,0.9973662961454701,7
603,28,11,39,6,0.9894043657226432,5
604,95,16,74,7,0.9851522200954939,9
605,37,14,55,7,0.9742368217937047,7
606,100,14,28,7,0.9692991305888411,7
607,63,22,97,11,0.9555568256913428,11
608,11,28,63,15,0.942119129711844,13
609,107,14,102,7,0.9168684547097737,7
610,70,17,65,8,0.9099362463379622,9
611,104,25,5,12,0.9018521465551741,13
612,86,13,17,7,0.8741885349342235,6
613,74,17,2,9,0.8667525886050844,8
614,8,14,39,8,0.8627591056111381,6
615,5,42,96,20,0.8436858876204125,22
616,96,51,107,24,0.8072369681591718,27
617,11,42,28,21,0.80002515389246,21
618,71,11,28,6,0.7906121882474628,5
619,37,18,76,10,0.7903669685641044,8
620,50,23,87,11,0.7797054275713596,12
621,8,42,37,20,0.7689536473216465,22
622,8,32,90,15,0.7632563127671124,17
623,54,42,107,20,0.7580278594476431,22
624,65,16,55,7,0.7579567813833229,9
625,88,24,84,12,0.7568947749815388,12
626,28,27,48,13,0.7484805696104432,14
627,10,14,8,6,0.7361591080743034,8
628,86,62,5,29,0.7012022609041195,33
629,107,22,55,11,0.6732864832670306,11
630,11,35,8,18,0.6717989227937821,17
631,11,19,48,9,0.6653817416079896,10
632,8,31,88,16,0.6268290349547475,15
633,74,10,91,5,0.5863595626570582,5
634,2,17,96,8,0.5793042045284421,9
635,104,13,76,6,0.5791952933362301,7
636,75,10,2,5,0.5581802915267957,5
637,106,24,55,12,0.5437014402193722,12
638,84,36,96,19,0.5431287052497142,17
639,50,19,16,10,0.5337635900243206,9
640,114,13,73,7,0.5332127342521746,6
641,16,27,11,14,0.5076788856733216,13
642,88,23,5,11,0.5053358119310012,12
643,106,35,87,17,0.5039126573660931,18
644,37,15,38,7,0.4922159473383237,8
645,65,20,16,9,0.4261404500025613,11
646,87,19,88,10,0.42148790758658095,9
647,63,27,16,13,0.42109162793691096,14
648,84,14,79,8,0.41419542722796737,6
649,107,42,74,20,0.37250168626875535,22
650,25,11,90,6,0.35163036444831747,5
651,104,14,87,6,0.3134948185289212,8
652,54,48,20,22,0.3031885074380545,26
653,55,13,75,8,0.2901701128736263,5
654,9,17,28,7,0.28857106564612295,10
655,100,12,86,7,0.28409428109562196,5
656,63,23,74,11,0.28387790330250756,12
657,107,31,11,15,0.27128435777580023,16
658,8,28,2,14,0.24768095122823727,14
659,11,21,46,11,0.24361069109025463,10
660,76,26,96,12,0.24225869633728628,14
661,80,22,20,11,0.23432520359835018,11
662,50,25,84,12,0.2279160089784446,13
663,86,21,114,11,0.2223474219805456,10
664,50,30,37,15,0.21898863423581857,15
665,107,60,8,29,0.20894288024861443,31
666,106,64,86,33,0.20101162217339585,31
667,8,11,38,6,0.19165867130515385,5
668,107,53,28,25,0.18420900903117746,28
669,96,41,87,21,0.18114836506824772,20
670,106,27,88,12,0.17435430078847314,15
671,48,13,20,7,0.17288062748629193,6
672,97,18,74,9,0.17023728727496903,9
673,20,11,30,6,0.16828840917584162,5
674,90,24,107,11,0.15572257401909476,13
675,76,15,11,7,0.1376774645288651,8
676,5,16,55,8,0.13577517094138924,8
677,80,14,37,7,0.08688615194951728,7
678,37,18,16,9,0.08671451909913487,9
679,8,50,86,24,0.08276067205969362,26
680,11,11,51,6,0.07978822497443648,5
681,84,14,65,7,0.07335240480354978,7
682,109,13,48,7,0.0675018600088535,6
683,106,12,73,6,0.03447044123380808,6
684,75,21,107,9,0.033919501607410495,12
685,35,12,28,6,0.0265085475018972,6
686,28,12,35,6,-0.02650854750189661,6
687,107,21,75,12,-0.033919501607409565,9
688,73,12,106,6,-0.0344704412338069,6
689,48,13,109,6,-0.0675018600088535,7
690,65,14,84,7,-0.07335240480354978,7
691,51,11,11,5,-0.07978822497443616,6
692,86,50,8,26,-0.08276067205969408,24
693,16,18,37,9,-0.08671451909913526,9
694,37,14,80,7,-0.08688615194951765,7
695,55,16,5,8,-0.1357751709413897,8
696,74,18,97,9,-0.17023728727496965,9
697,20,13,48,6,-0.17288062748629165,7
698,88,27,106,15,-0.17435430078847286,12
699,87,41,96,20,-0.1811483650682465,21
700,28,53,107,28,-0.18420900903117787,25
701,38,11,8,5,-0.19165867130515354,6
702,8,60,107,31,-0.20894288024861413,29
703,37,30,50,15,-0.21898863423581763,15
704,114,21,86,10,-0.22234742198054458,11
705,84,25,50,13,-0.22791600897844702,12
706,20,22,80,11,-0.23432520359835107,11
707,96,26,76,14,-0.24225869633728683,12
708,46,21,11,10,-0.24361069109025346,11
709,2,28,8,14,-0.24768095122823564,14
710,74,23,63,12,-0.28387790330250773,11
711,86,12,100,5,-0.28409428109562046,7
712,28,17,9,10,-0.2885710656461217,7
713,75,13,55,5,-0.2901701128736252,8
714,20,48,54,26,-0.30318850743805464,22
715,87,14,104,8,-0.31349481852892197,6
716,90,11,25,5,-0.3516303644483168,6
717,79,14,84,6,-0.414195427227968,8
718,16,27,63,14,-0.4210916279369104,13
719,88,19,87,9,-0.4214879075865808,10
720,16,20,65,11,-0.4261404500025613,9
721,38,15,37,8,-0.4922159473383237,7
722,87,35,106,18,-0.5039126573660931,17
723,5,23,88,12,-0.5053358119310019,11
724,73,13,114,6,-0.5332127342521755,7
725,16,19,50,9,-0.5337635900243203,10
726,96,36,84,17,-0.5431287052497149,19
727,55,24,106,12,-0.5437014402193717,12
728,2,10,75,5,-0.5581802915267943,5
729,76,13,104,7,-0.5791952933362308,6
730,96,17,2,9,-0.5793042045284422,8
731,91,10,74,5,-0.5863595626570579,5
732,88,31,8,15,-0.6268290349547463,16
733,8,35,11,17,-0.6717989227937827,18
734,55,22,107,11,-0.6732864832670304,11
735,5,62,86,33,-0.7012022609041207,29
736,8,14,10,8,-0.7361591080743034,6
737,48,27,28,14,-0.7484805696104441,13
738,84,24,88,12,-0.7568947749815388,12
739,55,16,65,9,-0.7579567813833243,7
740,107,42,54,22,-0.7580278594476416,20
741,90,32,8,17,-0.7632563127671115,15
742,37,42,8,22,-0.768953647321648,20
743,87,23,50,12,-0.7797054275713593,11
744,76,18,37,8,-0.7903669685641046,10
745,28,11,71,5,-0.7906121882474615,6
746,28,42,11,21,-0.80002515389246,21
747,107,51,96,27,-0.8072369681591716,24
748,96,42,5,22,-0.8436858876204129,20
749,39,14,8,6,-0.8627591056111378,8
750,2,17,74,8,-0.8667525886050853,9
751,17,13,86,6,-0.8741885349342239,7
752,5,25,104,13,-0.901852146555173,12
753,65,17,70,9,-0.9099362463379616,8
754,63,28,11,13,-0.9421191297118439,15
755,97,22,63,11,-0.9555568256913415,11
756,28,14,100,7,-0.9692991305888405,7
757,55,14,37,7,-0.9742368217937057,7
758,74,16,95,9,-0.9851522200954943,7
759,39,11,28,5,-0.9894043657226448,6
760,55,14,51,7,-0.9973662961454703,7
761,114,16,54,7,-1.011032343903596,9
762,107,20,70,10,-1.017069900426923,10
763,107,37,63,20,-1.0308376478711645,17
764,70,12,97,7,-1.0662872633837661,5
765,37,37,5,21,-1.093192077457953,16
766,104,16,63,8,-1.0989587807584247,8
767,2,12,84,6,-1.1083897592836933,6
768,28,53,8,29,-1.127319346602486,24
769,104,25,107,14,-1.1516991064210809,11
770,109,15,20,9,-1.1598466037814272,6
771,104,21,74,10,-1.1743964668921252,11
772,96,12,109,6,-1.1785332086119353,6
773,25,29,86,14,-1.182854577914844,15
774,84,10,10,6,-1.186679886136357,4
775,16,35,86,17,-1.1895001610717801,18
776,16,20,88,11,-1.1914510987995772,9
777,28,11,82,5,-1.1949949841809342,6
778,86,64,106,32,-1.2094877770467394,32
779,34,10,50,5,-1.2099513767481056,5
780,30,21,86,11,-1.2204804157391766,10
781,80,18,54,10,-1.2235928560664604,8
782,89,10,50,6,-1.2250731324314763,4
783,86,19,2,11,-1.2277524355686478,8
784,87,11,109,5,-1.2284964497151856,6
785,84,11,75,6,-1.2484479349865476,5
786,74,17,75,10,-1.2518654913136231,7
787,20,34,8,18,-1.252810472216638,16
788,74,26,54,13,-1.259249651406227,13
789,20,12,33,6,-1.286127202835983,6
790,63,32,87,16,-1.2889484863013152,16
791,20,22,88,10,-1.2971586949466378,12
792,90,16,16,7,-1.3115727036907021,9
793,28,17,79,9,-1.3443965025775715,8
794,37,30,28,15,-1.3475327889490984,15
795,54,10,75,5,-1.3596486355164779,5
796,28,23,80,12,-1.3633599598332946,11
797,73,11,109,5,-1.3735030211742982,6
798,90,18,60,9,-1.3772070885835308,9
799,28,38,20,21,-1.3775437491790712,17
800,54,18,93,10,-1.400542630233574,8
801,25,21,5,11,-1.4144449538565098,10
802,106,38,74,20,-1.426396661270676,18
803,5,42,28,21,-1.459942614443929,21
804,28,44,16,22,-1.477883439041638,22
805,50,27,106,15,-1.4779046660890947,12
806,16,20,20,11,-1.482735660549062,9
807,50,25,63,14,-1.4949968905002942,11
808,8,38,55,20,-1.4955177862321154,18
809,37,12,91,6,-1.5047753560039994,6
810,70,20,37,11,-1.534733997913469,9
811,63,12,9,7,-1.5537368197949135,5
812,80,18,84,10,-1.5709420282215925,8
813,50,21,8,13,-1.595582670572569,8
814,13,10,20,5,-1.6012518493962198,5
815,87,32,11,15,-1.6577944333232226,17
816,20,30,87,15,-1.6750220040723263,15
817,55,12,48,7,-1.6914768408443577,5
818,14,10,87,5,-1.7156502783663115,5
819,54,13,85,7,-1.719605970341104,6
820,86,26,88,16,-1.7220665197329301,10
821,80,12,8,7,-1.7222815544039987,5
822,106,27,20,15,-1.727429826058265,12
823,75,13,16,7,-1.7465772324516466,6
824,28,73,86,39,-1.7655146936915704,34
825,54,15,97,8,-1.778814648219741,7
826,14,13,106,6,-1.7794776581357872,7
827,65,10,17,4,-1.8006374195790151,6
828,73,15,28,8,-1.8127976206407088,7
829,102,13,74,7,-1.8394444113925652,6
830,50,26,2,13,-1.846113697851424,13
831,34,12,107,6,-1.869858035118521,6
832,11,37,106,21,-1.8759983600353736,16
833,87,17,51,9,-1.8833490464670963,8
834,70,34,8,18,-1.8843474596478085,16
835,25,20,74,11,-1.8910924957233415,9
836,28,10,62,5,-1.893815032183228,5
837,86,19,95,11,-1.9115319097125787,8
838,54,32,46,18,-1.92381809129287,14
839,74,20,11,11,-1.954822857580702,9
840,20,58,86,31,-1.9637284497201604,27
841,20,24,5,12,-1.967490789152775,12
842,107,17,98,9,-1.96964844129438,8
843,84,26,87,14,-1.9807278104207477,12
844,109,21,54,12,-1.9827715886635051,9
845,90,12,55,5,-1.9940592194265978,7
846,35,10,84,5,-1.996508314062219,5
847,37,18,51,11,-2.0229700276706115,7
848,54,30,16,15,-2.0307343005377616,15
849,38,11,63,6,-2.0377552699599373,5
850,16,37,8,20,-2.0390666494380083,17
851,96,64,28,34,-2.055808660530986,30
852,51,11,106,5,-2.0647321426487375,6
853,65,19,54,10,-2.080907252749764,9
854,37,12,35,6,-2.0890328153905666,6
855,28,25,87,14,-2.1378875510596966,11
856,55,41,86,22,-2.1685890701244097,19
857,107,29,5,15,-2.1743151897745134,14
858,38,13,107,7,-2.1793721284771914,6
859,14,11,96,6,-2.19268862994012,5
860,55,15,97,8,-2.1952246641384163,7
861,106,21,5,10,-2.203831635795205,11
862,87,60,86,30,-2.208424062664152,30
863,55,17,87,10,-2.225458021994958,7
864,32,11,86,6,-2.2612651114762348,5
865,55,20,88,11,-2.2649468886193502,9
866,104,12,51,6,-2.2679653573387215,6
867,35,13,11,7,-2.277675153604409,6
868,5,30,63,18,-2.2835577331280925,12
869,96,36,106,20,-2.2984565902488896,16
870,2,16,20,9,-2.3157289078364967,7
871,74,42,107,23,-2.333671068233484,19
872,106,49,28,27,-2.338239621755656,22
873,74,20,65,10,-2.341889973602131,10
874,11,31,107,17,-2.3532996452562522,14
875,87,23,54,11,-2.3775325060342167,12
876,75,11,88,6,-2.4011311958613617,5
877,63,19,65,11,-2.404069348385506,8
878,54,10,39,5,-2.4307020889287743,5
879,54,50,96,25,-2.4432934029688886,25
880,88,22,20,13,-2.4468919433496605,9
881,80,16,74,8,-2.4851777101640518,8
882,97,10,46,6,-2.4856935637597224,4
883,106,46,8,24,-2.507963599645265,22
884,50,11,39,7,-2.5147259903046506,4
885,50,14,74,8,-2.524210977877591,6
886,108,12,96,6,-2.5533636388732703,6
887,106,17,65,10,-2.568493594459923,7
888,96,33,20,18,-2.6060385861975353,15
889,96,17,75,11,-2.629915777332827,6
890,11,15,88,8,-2.660306622848362,7
891,76,11,97,5,-2.6606949198631926,6
892,54,17,98,9,-2.6894762284984184,8
893,86,12,23,7,-2.6913953048637516,5
894,54,58,86,30,-2.7140285660951644,28
895,91,15,5,9,-2.71766014432503,6
896,14,12,107,6,-2.752826564735613,6
897,107,53,84,28,-2.7560704977557,25
898,37,23,74,12,-2.7605689236248985,11
899,75,16,63,8,-2.7969405195200965,8
900,50,15,79,9,-2.7998338113931363,6
901,89,12,28,7,-2.801605415078669,5
902,54,20,55,11,-2.8062710008984615,9
903,20,27,65,16,-2.818099115974002,11
904,55,31,96,17,-2.8188234933181313,14
905,80,10,87,6,-2.824759591911268,4
906,88,13,65,7,-2.825643505794417,6
907,90,15,114,8,-2.866922984708621,7
908,11,27,16,14,-2.8981408824101362,13
909,9,11,86,5,-2.9040918238272733,6
910,20,10,55,6,-2.907783221025638,4
911,5,40,74,21,-2.911037766108446,19
912,5,31,8,16,-2.9371331774197604,15
913,37,38,20,20,-2.9380141770666843,18
914,8,19,76,10,-2.941917329794886,9
915,28,13,33,6,-2.947399527809851,7
916,90,11,88,6,-3.026374282745202,5
917,65,10,90,5,-3.027765344735429,5
918,96,13,38,7,-3.0422152322461713,6
919,96,50,8,28,-3.045776404535286,22
920,5,16,46,9,-3.0519483609525837,7
921,88,11,76,5,-3.063986784297211,6
922,54,49,8,25,-3.0724594675821497,24
923,37,17,2,9,-3.08113164671896,8
924,84,22,55,12,-3.089338762612198,10
925,107,12,14,7,-3.1146710636183896,5
926,48,20,8,12,-3.119996469210726,8
927,95,13,5,8,-3.122925129209137,5
928,20,13,76,8,-3.130007006131113,5
929,86,12,83,5,-3.138759981880213,7
930,50,15,75,9,-3.1567636841259703,6
931,54,21,84,12,-3.1584774492637115,9
932,74,14,90,9,-3.168061351028922,5
933,91,14,86,8,-3.1812690370906784,6
934,86,52,74,28,-3.1923569433787113,24
935,114,22,37,13,-3.2027815144619565,9
936,5,15,93,9,-3.2084119507242614,6
937,114,15,74,9,-3.208915898562386,6
938,16,12,114,6,-3.209513979884182,6
939,95,12,87,7,-3.2220270612599187,5
940,84,16,109,9,-3.226616392220337,7
941,76,11,74,5,-3.229790236578266,6
942,54,12,17,6,-3.2443786434665753,6
943,84,62,86,32,-3.2556113214049716,30
944,96,20,65,11,-3.2670140800116547,9
945,84,17,51,10,-3.283273119257878,7
946,97,26,28,15,-3.303247535220201,11
947,28,22,51,13,-3.310120573345564,9
948,86,61,63,36,-3.3220512619028586,25
949,106,30,54,16,-3.348177634825244,14
950,9,10,20,6,-3.353443346624384,4
951,28,20,55,13,-3.3574009350442124,7
952,8,14,9,9,-3.4085412508397837,5
953,106,36,63,20,-3.420634896376405,16
954,107,10,23,6,-3.4694839628849055,4
955,37,10,57,6,-3.489500153682902,4
956,54,45,28,26,-3.5006765572633602,19
957,106,17,97,9,-3.5043200805574863,8
958,107,41,87,23,-3.504378946911036,18
959,84,15,91,8,-3.5069437670955055,7
960,48,19,84,11,-3.535703896861128,8
961,46,23,86,13,-3.53730846609779,10
962,54,23,11,12,-3.5626284863355515,11
963,5,21,16,13,-3.583588230975213,8
964,107,24,90,14,-3.587768992457369,10
965,65,16,87,9,-3.6538862860446715,7
966,84,25,8,15,-3.6608734975068673,10
967,32,10,37,5,-3.674911859501994,5
968,93,12,65,6,-3.680501249102038,6
969,71,13,75,8,-3.6847064190257015,5
970,11,34,50,20,-3.7018008844187023,14
971,87,19,90,10,-3.7262927176583673,9
972,107,57,86,30,-3.764794628081207,27
973,107,21,46,13,-3.7858000639811693,8
974,8,17,102,10,-3.7943727477668934,7
975,97,24,86,13,-3.801856449037874,11
976,107,27,106,16,-3.83408094673828,11
977,55,21,63,12,-3.8388576979319176,9
978,55,13,80,6,-3.8447436848053296,7
979,86,42,11,23,-3.857398771667153,19
980,107,25,65,15,-3.8847328719224157,10
981,84,13,93,8,-3.91586804100007,5
982,96,21,37,11,-3.919945326141697,10
983,70,13,20,7,-3.921343795737771,6
984,28,18,76,11,-3.937083310529341,7
985,74,53,8,31,-4.010168343975989,22
986,95,14,28,8,-4.040550234811,6
987,79,13,11,6,-4.047561716338114,7
988,51,19,8,9,-4.05944709438689,10
989,48,19,11,11,-4.0623540527603055,8
990,95,16,54,9,-4.078811356006668,7
991,90,16,84,9,-4.100528600599519,7
992,86,30,65,17,-4.119813593278432,13
993,90,34,86,20,-4.124931636943059,14
994,73,13,20,8,-4.146065391689571,5
995,55,11,74,6,-4.181300299067087,5
996,70,22,84,13,-4.182188769343141,9
997,70,17,63,9,-4.20425277286591,8
998,54,24,5,15,-4.235549504414734,9
999,93,10,106,5,-4.2408598252257015,5
1000,11,10,65,6,-4.281072376862916,4
1001,106,11,46,6,-4.303945661730406,5
1002,88,23,96,12,-4.3059530417812715,11
1003,74,24,87,14,-4.342799946619222,10
1004,104,25,8,13,-4.372925689717208,12
1005,98,10,76,5,-4.379545503881031,5
1006,20,42,107,23,-4.400812570612912,19
1007,96,10,33,4,-4.401522257584364,6
1008,11,15,76,9,-4.440509058655133,6
1009,91,10,87,6,-4.4896036768148715,4
1010,74,13,102,7,-4.496641284185785,6
1011,8,12,79,8,-4.523368231395376,4
1012,96,12,95,7,-4.548367780459663,5
1013,86,24,98,13,-4.5630101641254415,11
1014,86,13,62,7,-4.563398493117803,6
1015,114,28,25,14,-4.5658645828256,14
1016,46,19,8,10,-4.571464349413289,9
1017,8,20,14,12,-4.5745163624627505,8
1018,37,14,65,8,-4.574583590431904,6
1019,84,10,34,5,-4.5777103073061465,5
1020,107,19,97,10,-4.579839642750203,9
1021,98,10,104,5,-4.672200096826948,5
1022,35,19,20,11,-4.681781057889634,8
1023,57,14,8,9,-4.683699755799596,5
1024,75,13,46,8,-4.683703940633832,5
1025,9,11,55,6,-4.690967100580704,5
1026,54,17,102,10,-4.6916495776952525,7
1027,106,12,95,7,-4.699195682867778,5
1028,79,13,16,7,-4.716412220610577,6
1029,97,11,20,6,-4.749793384228249,5
1030,84,15,14,9,-4.752366615638507,6
1031,62,12,74,7,-4.762498174936739,5
1032,25,22,96,12,-4.7937742241035854,10
1033,25,19,107,11,-4.802339370319193,8
1034,37,15,98,8,-4.814565641664852,7
1035,107,34,114,20,-4.829411961485131,14
1036,86,13,85,7,-4.833314993475175,6
1037,2,22,28,13,-4.837290355461167,9
1038,65,11,114,6,-4.839210532612239,5
1039,96,27,97,15,-4.847267990402032,12
1040,106,32,84,17,-4.851744201560307,15
1041,90,21,96,13,-4.864601116977013,8
1042,108,13,74,7,-4.90910548020127,6
1043,35,13,86,7,-4.963361102394038,6
1044,73,12,96,6,-5.035390942293941,6
1045,86,30,50,16,-5.118847118423947,14
1046,65,25,28,14,-5.172274670876916,11
1047,54,11,25,6,-5.180889000134091,5
1048,37,20,75,14,-5.205769951831413,6
1049,84,43,28,25,-5.219221803540025,18
1050,74,12,34,8,-5.239541245293498,4
1051,28,54,50,31,-5.279941331032883,23
1052,51,16,16,8,-5.285051160663567,8
1053,48,16,106,9,-5.330591930412405,7
1054,37,18,90,11,-5.349002601490298,7
1055,97,11,88,7,-5.351571329720363,4
1056,87,26,5,14,-5.38133367976874,12
1057,96,34,63,21,-5.39321635342965,13
1058,88,27,54,15,-5.434189753382354,12
1059,88,11,2,7,-5.477658376983314,4
1060,107,20,91,12,-5.505802548817647,8
1061,108,16,107,10,-5.514649447329664,6
1062,102,14,107,8,-5.527045162702203,6
1063,54,44,50,25,-5.5299964090385,19
1064,50,12,9,8,-5.578106204160814,4
1065,5,15,76,9,-5.57854544616875,6
1066,8,22,73,13,-5.596510667207431,9
1067,104,16,114,8,-5.597717394562752,8
1068,84,11,38,6,-5.627456024192355,5
1069,63,42,8,24,-5.64956003887175,18
1070,2,10,5,6,-5.6557505474818175,4
1071,106,26,76,18,-5.680221219393884,8
1072,37,42,107,25,-5.6850333938037885,17
1073,106,10,102,5,-5.6912957732881875,5
1074,9,12,84,7,-5.723245457590759,5
1075,39,14,84,8,-5.735188058057851,6
1076,28,25,104,16,-5.749142721940425,9
1077,108,12,16,7,-5.770631208900042,5
1078,87,17,76,10,-5.773726592970859,7
1079,65,12,50,6,-5.791321227681301,6
1080,109,28,28,17,-5.815001302128311,11
1081,11,14,39,10,-5.821131817679595,4
1082,96,12,30,7,-5.827709187189811,5
1083,70,17,5,10,-5.831365434421651,7
1084,50,11,108,7,-5.852974916650042,4
1085,11,10,33,5,-5.887923901561768,5
1086,114,17,102,11,-5.942519865747698,6
1087,76,10,109,5,-5.969855218128682,5
1088,98,15,28,10,-5.973059566412095,5
1089,46,12,87,7,-5.996729580761838,5
1090,86,16,44,9,-6.001593061088272,7
1091,102,22,28,12,-6.002196336125345,10
1092,107,15,51,10,-6.010709658258435,5
1093,8,15,95,9,-6.0338613483047085,6
1094,75,24,86,13,-6.0404838152681,11
1095,25,24,37,13,-6.0405874199244165,11
1096,39,15,63,9,-6.098512313477011,6
1097,79,10,55,6,-6.105260957218082,4
1098,82,17,86,11,-6.124344607685839,6
1099,84,17,37,10,-6.135362755463087,7
1100,107,13,71,8,-6.143176064124285,5
1101,25,19,102,12,-6.161400465362891,7
1102,48,23,86,14,-6.215181955253337,9
1103,37,33,87,20,-6.328985291620955,13
1104,96,76,86,46,-6.3297963702492925,30
1105,106,11,34,7,-6.348877012003049,4
1106,96,36,74,22,-6.391187863501184,14
1107,8,15,109,8,-6.403030229228608,7
1108,18,10,50,5,-6.440154509710172,5
1109,28,17,14,11,-6.462988674713606,6
1110,104,21,86,12,-6.468213518700147,9
1111,5,25,114,15,-6.487734328215774,10
1112,84,27,74,15,-6.529493156115414,12
1113,86,16,38,9,-6.564447252990193,7
1114,28,15,93,10,-6.588443137697581,5
1115,76,11,54,7,-6.60321190549357,4
1116,96,12,85,8,-6.610954135702339,4
1117,51,14,54,8,-6.622588079460445,6
1118,63,21,37,13,-6.667064334500574,8
1119,2,10,46,6,-6.670222065576342,4
1120,11,21,5,12,-6.692287385746942,9
1121,70,22,96,11,-6.734945499709392,11
1122,70,37,54,21,-6.740686016828504,16
1123,8,19,93,11,-6.747456325327522,8
1124,108,10,48,7,-6.749808304712144,3
1125,63,12,51,7,-6.799312029973925,5
1126,80,11,11,7,-6.802148460786961,4
1127,63,22,80,14,-6.84351888546065,8
1128,107,16,93,10,-6.84358224943044,6
1129,86,39,37,23,-6.893488734465289,16
1130,86,12,93,8,-6.922029970425322,4
1131,90,22,54,13,-6.925522493440474,9
1132,48,11,50,7,-7.058211213950958,4
1133,80,21,86,12,-7.071945289109108,9
1134,79,12,63,8,-7.1114844508040305,4
1135,17,11,50,7,-7.1506486626795,4
1136,109,15,11,9,-7.174727842093128,6
1137,17,12,28,7,-7.1764207337069505,5
1138,48,28,63,18,-7.208356975606329,10
1139,104,11,55,6,-7.21157441584416,5
1140,75,19,28,11,-7.22576760720638,8
1141,76,18,63,12,-7.244525780520105,6
1142,5,10,57,6,-7.2602986886449425,4
1143,114,13,88,8,-7.320732624891944,5
1144,107,22,48,13,-7.3302788653741935,9
1145,25,11,63,7,-7.385187766970543,4
1146,46,26,74,17,-7.428235200256031,9
1147,25,12,88,7,-7.434876792293262,5
1148,5,15,109,9,-7.453014699204049,6
1149,84,17,16,10,-7.471140311704607,7
1150,106,27,37,15,-7.475043034461926,12
1151,91,15,8,9,-7.483090394261755,6
1152,51,17,20,9,-7.493698730314256,8
1153,84,10,30,7,-7.509917010745373,3
1154,70,19,28,11,-7.544208909658003,8
1155,107,10,85,6,-7.595499375056905,4
1156,46,12,63,8,-7.600674717701954,4
1157,97,14,2,9,-7.627801324727646,5
1158,80,22,96,14,-7.6325568595370585,8
1159,30,11,20,6,-7.656389685768439,5
1160,108,10,55,6,-7.6603824871739565,4
1161,70,14,76,9,-7.7067801731883225,5
1162,25,22,8,14,-7.717252659656068,8
1163,106,10,79,6,-7.723339908977311,4
1164,28,23,46,16,-7.750583309014615,7
1165,91,13,16,9,-7.754521449385596,4
1166,79,20,48,12,-7.7777328666170344,8
1167,106,15,2,9,-7.7784811907437925,6
1168,70,20,106,12,-7.839210869747201,8
1169,104,25,37,15,-7.849104132718205,10
1170,96,14,114,9,-7.889762565328155,5
1171,67,11,8,7,-7.899024171598331,4
1172,70,13,88,8,-7.915858076944355,5
1173,106,24,80,15,-7.94893708145332,9
1174,34,12,96,8,-7.949755484984076,4
1175,37,11,102,7,-7.952535167308898,4
1176,107,17,76,11,-7.96185690932956,6
1177,37,18,97,11,-7.973109918201967,7
1178,96,19,102,12,-7.995631160966494,7
1179,91,18,28,11,-8.014570368036852,7
1180,74,20,73,13,-8.015220364277019,7
1181,48,14,16,8,-8.053586068768565,6
1182,88,20,63,12,-8.08784367057243,8
1183,65,14,80,9,-8.117894882236024,5
1184,95,11,20,7,-8.186467596031179,4
1185,93,17,74,10,-8.19338693451652,7
1186,108,12,86,7,-8.204205290543772,5
1187,87,43,8,27,-8.206684755768938,16
1188,44,11,20,7,-8.212958514210372,4
1189,20,20,11,14,-8.234400855107406,6
1190,46,13,20,9,-8.248162901588735,4
1191,74,23,20,15,-8.253501420150274,8
1192,37,11,89,6,-8.260841827542206,5
1193,86,13,69,8,-8.329501489122974,5
1194,63,17,98,10,-8.359697866117662,7
1195,114,13,50,8,-8.388183657848245,5
1196,70,26,86,15,-8.43107057555043,11
1197,84,22,5,14,-8.484507375916774,8
1198,88,17,50,10,-8.503859481033006,7
1199,20,27,63,16,-8.518828390562922,11
1200,100,13,8,9,-8.541127622546782,4
1201,5,22,90,15,-8.559685419611386,7
1202,104,17,106,11,-8.650515897387708,6
1203,18,12,28,7,-8.658858567038083,5
1204,91,12,106,9,-8.70066752710923,3
1205,98,10,73,7,-8.72433500141915,3
1206,51,27,86,16,-8.740860643352914,11
1207,96,11,7,8,-8.775501150402919,3
1208,46,16,37,11,-8.822890347017472,5
1209,114,20,28,11,-8.84184705741822,9
1210,25,15,97,9,-8.897594126594747,6
1211,11,10,32,7,-8.93942284417249,3
1212,104,13,54,9,-8.9666645611638,4
1213,107,12,57,7,-8.988403130065704,5
1214,28,38,63,25,-9.045203898145056,13
1215,96,26,50,17,-9.051096363617633,9
1216,28,11,30,7,-9.144215115290798,4
1217,8,15,30,10,-9.185211827951933,5
1218,16,10,2,7,-9.214178381730255,3
1219,50,14,76,10,-9.228465475536328,4
1220,8,14,97,9,-9.2569642199044,5
1221,65,11,2,8,-9.274625860779656,3
1222,63,14,108,9,-9.298531248541147,5
1223,80,13,90,9,-9.30675268400111,4
1224,107,25,2,17,-9.348454105798005,8
1225,102,16,50,9,-9.414224162201034,7
1226,2,18,63,11,-9.42432372295896,7
1227,2,13,87,8,-9.430732046556471,5
1228,104,16,96,10,-9.433481460132812,6
1229,50,17,90,11,-9.438413402091001,6
1230,28,24,88,16,-9.449291017909664,8
1231,20,19,114,13,-9.4563238382298,6
1232,87,12,79,9,-9.532024747647966,3
1233,107,28,50,18,-9.593575141846495,10
1234,5,25,50,15,-9.615141407944582,10
1235,107,27,88,18,-9.61825941366417,9
1236,32,10,8,6,-9.695711025914951,4
1237,57,12,88,7,-9.696740487129196,5
1238,106,14,98,9,-9.701360201061403,5
1239,70,16,74,9,-9.770873759550815,7
1240,84,22,20,16,-9.790302500691977,6
1241,96,24,98,15,-9.85522726903532,9
1242,79,23,86,15,-9.865377107457421,8
1243,96,17,51,11,-9.900170566840332,6
1244,107,12,95,8,-9.937496129371693,4
1245,76,20,86,13,-9.940010233613185,7
1246,109,19,86,14,-10.006152173584463,5
1247,75,14,106,7,-10.013304733371458,7
1248,102,11,109,7,-10.030166218885235,4
1249,55,19,16,13,-10.104969962268772,6
1250,70,12,55,8,-10.141434019068976,4
1251,5,14,73,9,-10.145620716643505,5
1252,107,24,16,17,-10.150129279172639,7
1253,96,38,16,27,-10.237680582890105,11
1254,93,14,87,9,-10.257204602761988,5
1255,37,19,11,13,-10.335627850347763,6
1256,5,12,83,8,-10.342158634513254,4
1257,96,22,48,15,-10.412031756955415,7
1258,25,20,28,14,-10.436683701799446,6
1259,20,28,50,18,-10.55852475439555,10
1260,84,14,46,10,-10.666236613807838,4
1261,98,11,50,8,-10.691401226426704,3
1262,114,10,97,6,-10.862239910215562,4
1263,16,13,30,9,-10.88272905219503,4
1264,20,10,93,7,-10.918598563325158,3
1265,5,16,97,11,-11.001465278853818,5
1266,104,16,16,10,-11.17912131651947,6
1267,65,12,8,8,-11.180766905333911,4
1268,109,11,50,8,-11.21767101593788,3
1269,87,18,48,12,-11.267245216521085,6
1270,106,20,90,14,-11.319121838741875,6
1271,84,19,11,13,-11.37372999446702,6
1272,46,12,25,8,-11.59688489977536,4
1273,98,10,91,7,-11.6111736728835,3
1274,11,27,55,20,-11.6164966741785,7
1275,107,15,80,12,-11.678062977381893,3
1276,14,12,86,8,-11.685325963112222,4
1277,8,16,75,12,-11.79422076295848,4
1278,98,12,16,8,-11.817599398499153,4
1279,55,10,76,8,-11.845869320079572,2
1280,90,14,20,9,-11.888155002258594,5
1281,104,12,88,8,-11.911529882206116,4
1282,87,10,30,7,-11.954020606538128,3
1283,5,10,30,8,-12.011638874309805,2
1284,106,10,38,6,-12.053515342420265,4
1285,86,20,102,15,-12.1034579806225,5
1286,96,17,46,10,-12.129227204168037,7
1287,25,18,20,12,-12.230511176411236,6
1288,96,38,11,26,-12.433764526276038,12
1289,54,39,63,27,-12.439421659836581,12
1290,107,17,73,11,-12.476279417058619,6
1291,5,14,102,9,-12.492413795688774,5
1292,16,13,102,8,-12.5199716267179,5
1293,54,27,37,18,-12.577195310341336,9
1294,87,10,98,7,-12.766560909926936,3
1295,37,14,17,9,-12.777771600020978,5
1296,96,10,78,7,-12.899686199305037,3
1297,11,10,95,7,-12.962395970965863,3
1298,87,11,102,8,-13.031920315209861,3
1299,107,10,17,7,-13.095515887019285,3
1300,14,10,80,6,-13.097202558791372,4
1301,54,19,48,13,-13.122325082638987,6
1302,84,10,97,8,-13.131531307588403,2
1303,97,11,90,7,-13.1785612401278,4
1304,39,11,86,7,-13.181031933377376,4
1305,114,15,8,11,-13.19160663168953,4
1306,8,10,34,7,-13.309346330253714,3
1307,76,10,84,7,-13.371791794476115,3
1308,109,14,63,10,-13.37185268786884,4
1309,28,11,69,7,-13.387342269628983,4
1310,98,11,20,9,-13.406928147400139,2
1311,50,12,104,9,-13.423441976007842,3
1312,73,18,86,12,-13.498917483420348,6
1313,74,12,51,9,-13.51982642182268,3
1314,46,24,88,18,-13.650052567359646,6
1315,8,14,71,10,-13.693009278905903,4
1316,70,15,87,10,-13.709203230326098,5
1317,5,10,75,7,-13.751440551521483,3
1318,98,12,8,9,-13.75863137087373,3
1319,54,11,73,8,-13.856140526530867,3
1320,87,35,16,24,-13.946774997819576,11
1321,23,11,106,7,-13.97766613867425,4
1322,48,10,90,7,-14.062301149493257,3
1323,74,23,16,17,-14.22296330279235,6
1324,35,14,107,11,-14.477847243885742,3
1325,63,11,14,7,-14.53302527333945,4
1326,37,12,73,8,-14.533349572792924,4
1327,84,33,63,23,-14.557123158417973,10
1328,35,11,80,8,-14.578551377058158,3
1329,46,15,16,11,-14.631771355053408,4
1330,20,13,91,9,-14.874187006920964,4
1331,50,12,80,10,-14.926124931290454,2
1332,54,14,100,10,-14.930697835147344,4
1333,96,12,91,9,-15.083901067533665,3
1334,90,14,73,10,-15.18129739743865,4
1335,70,16,2,11,-15.20234077608459,5
1336,106,30,16,23,-15.27216594275733,7
1337,28,24,74,18,-15.315195079920043,6
1338,11,10,93,8,-15.321419061771829,2
1339,28,13,34,10,-15.421948286719397,3
1340,98,13,11,9,-15.616050281557111,4
1341,9,11,48,8,-15.643745764186933,3
1342,100,10,104,8,-16.261939899306377,2
1343,70,13,11,10,-16.32604658673946,3
1344,46,12,104,9,-16.404842044640546,3
1345,88,12,95,9,-16.531666289371188,3
1346,63,12,90,9,-16.840668609829063,3
1347,109,13,114,11,-16.93450262104073,2
1348,70,11,16,9,-17.257504847576726,2
1349,106,10,35,7,-17.319051156851785,3
1350,87,11,34,8,-17.33811535027782,3
1351,88,11,102,9,-17.376601399361864,2
1352,106,12,114,9,-17.530744904632478,3
1353,86,13,41,11,-17.568343007541298,2
1354,96,14,93,11,-17.771004816118815,3
1355,25,14,11,11,-17.774778708310116,3
1356,28,23,90,18,-17.842079516061677,5
1357,102,11,104,8,-17.918506819753233,3
1358,50,10,93,8,-18.033846876611463,2
1359,91,17,63,13,-18.120595699414864,4
1360,70,10,50,7,-18.669208398142956,3
1361,32,11,107,9,-19.05312990423956,2
1362,112,14,28,11,-19.249826897720947,3
1363,2,13,104,10,-19.626967622722084,3
1364,97,10,38,9,-19.67073344994079,1
1365,54,13,2,11,-19.75997048475248,2
1366,66,10,107,8,-20.152222817707916,2
1367,98,14,5,11,-21.043629991929123,3
1368,55,18,50,14,-21.38404284403115,4
1369,51,10,34,9,-22.213174768846976,1
1370,109,14,88,13,-24.411419565336224,1
1371,35,14,76,11,-24.655683082961918,3
1372,35,10,48,9,-25.15519793083891,1
1373,106,13,25,10,-25.179665157562322,3
1374,54,11,30,10,-25.713620235434703,1
1375,107,12,30,11,-27.89865943808827,1
1376,37,13,88,12,-28.252272733952864,1
1377,37,10,95,10,-33.05724191683926,0
