,againstHero,games,hero,losses,shift,wins
0,44,11,37,0,29.883498899257123,11
1,90,12,23,1,27.953563540615978,11
2,75,17,77,2,26.826580833678786,15
3,75,16,3,2,24.194103806582213,14
4,73,12,97,3,24.10757303293757,9
5,34,11,97,2,24.058676404388496,9
6,27,11,69,2,23.96512545131146,9
7,15,10,31,2,23.609989871480266,8
8,26,11,57,2,23.524985632767628,9
9,4,11,8,1,23.177905083651492,10
10,30,12,3,1,22.29701746198592,11
11,91,12,97,2,22.175648770183788,10
12,62,12,31,3,21.79094106777599,9
13,41,15,4,5,21.480590173913868,10
14,25,13,4,2,21.42004260246313,11
15,90,19,51,2,21.39328709298296,17
16,12,10,109,1,21.32950515182345,9
17,2,16,51,4,21.322170492802822,12
18,104,16,91,1,21.319718278752113,15
19,98,10,77,2,21.266559747636286,8
20,112,13,10,3,21.23417972341476,10
21,55,11,38,2,20.87506721402826,9
22,30,10,79,2,20.824119521738705,8
23,90,11,68,2,20.787956198015944,9
24,27,23,9,5,20.738498367665727,18
25,49,12,81,3,20.596347227570796,9
26,78,20,112,4,20.501825468968363,16
27,48,11,35,2,20.438098241934792,9
28,64,10,5,2,20.375787318305825,8
29,51,15,10,3,20.332726180509006,12
30,43,11,28,3,20.23260375097008,8
31,78,10,43,2,20.12217678902932,8
32,49,11,112,2,20.081273718937805,9
33,7,11,84,2,20.072751797902637,9
34,85,11,94,2,19.99391792955888,9
35,19,13,107,1,19.98911808663117,12
36,100,15,68,4,19.919601065708385,11
37,95,12,32,2,19.760326388824463,10
38,94,10,51,2,19.678230206250994,8
39,101,10,51,2,19.538804927619935,8
40,86,19,58,4,19.384187711945845,15
41,30,19,36,2,19.30529767168729,17
42,99,14,18,3,19.290873438644514,11
43,4,16,54,2,19.2440876038421,14
44,100,10,2,3,19.14350422886928,7
45,92,10,106,2,19.041690772468705,8
46,98,13,4,2,18.936498509144613,11
47,2,10,11,2,18.923084797888755,8
48,55,11,47,3,18.857554518412744,8
49,100,10,77,2,18.78580739314227,8
50,99,17,28,4,18.754584808369174,13
51,50,15,68,4,18.68712791744929,11
52,45,11,43,3,18.574891926068155,8
53,106,15,31,4,18.52908676481624,11
54,65,14,33,3,18.51276218041885,11
55,80,12,112,3,18.49445527596796,9
56,5,10,18,2,18.464269170029823,8
57,109,10,103,3,18.37872283171988,7
58,100,29,65,5,18.208500508458588,24
59,90,28,28,6,18.060877876686437,22
60,84,24,3,7,18.016567455129117,17
61,78,12,69,3,18.003270376318383,9
62,55,18,33,4,17.969879843551904,14
63,95,21,68,3,17.962668451083438,18
64,55,16,43,2,17.887669395914717,14
65,111,11,114,3,17.846918134233796,8
66,32,17,88,4,17.82459413467382,13
67,69,10,8,2,17.824588271872045,8
68,30,18,5,3,17.81053305502534,15
69,44,12,55,3,17.77184716319356,9
70,5,11,3,4,17.694163901939547,7
71,34,12,57,3,17.642040510861822,9
72,16,18,77,4,17.61931989103236,14
73,110,11,83,2,17.575104905290946,9
74,23,14,18,4,17.468338798211544,10
75,55,11,19,3,17.435802328445057,8
76,112,27,68,7,17.405832718791217,20
77,45,10,39,3,17.32115834390289,7
78,35,10,106,3,17.319051156851785,7
79,63,12,35,3,17.190706154289504,9
80,27,22,5,6,17.18696709990766,16
81,60,12,20,3,17.12579419517071,9
82,80,17,13,5,17.063751983939074,12
83,18,14,1,3,17.058153705270225,11
84,104,13,79,4,17.056081750892357,9
85,34,13,51,3,17.050470848560973,10
86,43,11,46,3,16.991693442801246,8
87,34,12,87,3,16.987810368259346,9
88,77,16,50,3,16.97319460562341,13
89,38,10,31,4,16.97274158238424,6
90,15,11,109,2,16.89170612213505,9
91,38,14,97,3,16.838290194315167,11
92,95,14,30,4,16.836817117204568,10
93,1,10,76,3,16.815372977495876,7
94,88,21,29,5,16.771071942053304,16
95,95,15,71,5,16.72675418994599,10
96,30,12,41,4,16.67014747818193,8
97,101,10,36,2,16.6279467044195,8
98,63,18,3,3,16.488578447376668,15
99,80,17,88,5,16.47753804603461,12
100,14,15,55,3,16.464885141480416,12
101,100,14,60,3,16.462828606412607,11
102,11,25,25,5,16.429746187224733,20
103,61,16,7,5,16.42696802044795,11
104,53,21,69,6,16.247322250303586,15
105,48,13,9,3,16.236645292462974,10
106,30,12,11,3,16.16112498926937,9
107,43,10,102,3,16.154622115934178,7
108,23,12,83,3,16.123810814063006,9
109,41,18,5,6,16.05037708250146,12
110,27,10,78,1,15.993140978677223,9
111,14,13,63,4,15.961958621197992,9
112,41,26,9,7,15.923207095513272,19
113,80,13,70,2,15.901333417895936,11
114,53,30,9,8,15.894615033798411,22
115,28,16,72,4,15.894403574800391,12
116,34,18,8,5,15.876296726362224,13
117,76,11,91,2,15.872477419459232,9
118,41,15,12,4,15.852631956602023,11
119,99,18,39,4,15.84878961626863,14
120,60,10,2,3,15.842056772053983,7
121,16,45,31,12,15.837412153743443,33
122,87,12,35,4,15.830624546248833,8
123,48,10,70,3,15.796496446665468,7
124,8,16,77,4,15.792942369486319,12
125,75,12,12,4,15.785867542761377,8
126,15,10,37,2,15.78269510258246,8
127,60,21,112,5,15.767518468495476,16
128,75,10,35,2,15.755761764469415,8
129,7,20,57,7,15.746440629237663,13
130,30,25,13,8,15.733694778183482,17
131,93,16,96,4,15.733194627661211,12
132,37,14,77,4,15.73169378416834,10
133,80,12,35,3,15.72406211872363,9
134,75,13,80,3,15.718052052365534,10
135,16,25,94,6,15.716237844212394,19
136,8,13,1,3,15.702434313684373,10
137,87,10,38,3,15.648595936017909,7
138,90,13,97,4,15.621888085765939,9
139,106,11,85,3,15.60573196351404,8
140,4,14,45,4,15.600891470448106,10
141,23,20,5,5,15.563915929412016,15
142,104,12,31,4,15.561592201078605,8
143,25,11,14,2,15.536643242754739,9
144,37,11,10,4,15.516949569025604,7
145,89,10,106,4,15.508251121091039,6
146,104,18,2,6,15.503443707499333,12
147,69,15,31,5,15.502962092044205,10
148,73,25,107,8,15.460672720698525,17
149,65,20,58,6,15.443655730967691,14
150,49,14,25,4,15.43786379260084,10
151,11,10,71,3,15.386871545741162,7
152,98,12,46,4,15.381140721878971,8
153,18,13,37,3,15.368965567811566,10
154,20,18,112,4,15.347636279185814,14
155,61,15,68,4,15.24709195978541,11
156,30,13,43,3,15.232406371172788,10
157,79,16,87,3,15.19047686751735,13
158,41,17,71,4,15.16238863659133,13
159,81,17,94,6,15.053941840602283,11
160,25,18,99,5,15.014737107768298,13
161,45,10,75,2,15.003649946946844,8
162,38,11,57,4,15.001479354971178,7
163,95,21,17,5,14.970865650802967,16
164,55,10,112,2,14.907032679929213,8
165,8,10,108,2,14.883275708091887,8
166,75,35,54,11,14.800167840554582,24
167,57,10,2,3,14.75670329182861,7
168,114,26,109,6,14.744077219906968,20
169,32,14,106,3,14.741977351969275,11
170,100,10,31,3,14.730848989291463,7
171,114,19,83,5,14.712530964906872,14
172,86,17,103,5,14.699395978011559,12
173,69,13,18,4,14.69589661715718,9
174,3,10,35,3,14.67345115895829,7
175,14,11,97,2,14.634263785488013,9
176,49,15,69,5,14.620888888677557,10
177,27,12,12,3,14.588940972449642,9
178,50,12,99,4,14.581629542155014,8
179,74,19,62,5,14.57027413820892,14
180,78,24,51,8,14.558019620679694,16
181,108,11,9,4,14.533752266696009,7
182,73,12,37,4,14.533349572792922,8
183,13,12,2,4,14.516038794033767,8
184,112,20,84,6,14.510611268456794,14
185,45,18,51,5,14.493324057948724,13
186,34,12,25,3,14.468789684868277,9
187,73,10,2,3,14.457830254043136,7
188,44,12,5,3,14.447481002517355,9
189,80,11,14,4,14.435345395194508,7
190,40,10,83,2,14.347262135245902,8
191,7,27,77,8,14.33556677589385,19
192,63,10,61,2,14.323000497708241,8
193,80,37,63,10,14.322048676220186,27
194,31,12,57,4,14.310689026630849,8
195,80,18,50,4,14.309192739594003,14
196,46,11,102,3,14.30749471315205,8
197,34,12,37,3,14.30057126443514,9
198,74,21,60,7,14.268042080973931,14
199,30,15,77,4,14.240898393688356,11
200,63,11,66,3,14.209916362631539,8
201,20,15,3,4,14.188922367828338,11
202,41,11,80,3,14.18671629223256,8
203,51,23,81,8,14.18139248312247,15
204,15,10,63,3,14.178625851059422,7
205,39,14,85,5,14.177624685555417,9
206,40,29,77,8,14.048771071022596,21
207,69,11,91,4,13.993001551531528,7
208,111,12,75,4,13.972281809419963,8
209,40,24,71,7,13.948125771645659,17
210,91,11,109,3,13.946188604720339,8
211,75,19,69,5,13.942304484906579,14
212,37,11,112,3,13.937736127059294,8
213,100,10,40,3,13.927928921941099,7
214,100,10,38,2,13.910833855557149,8
215,54,17,76,5,13.892444764564262,12
216,53,19,50,6,13.883151416746285,13
217,11,13,83,3,13.863860744018647,10
218,86,19,52,5,13.851910838120485,14
219,71,14,112,4,13.807689689966653,10
220,98,17,31,6,13.805084918983171,11
221,13,74,31,23,13.800549608099516,51
222,97,11,112,2,13.794615799527321,9
223,43,17,53,4,13.791105639936726,13
224,30,18,69,6,13.733696768023911,12
225,63,14,33,4,13.733555706081617,10
226,63,25,31,7,13.714594813504092,18
227,104,14,44,4,13.703910249073422,10
228,107,20,99,6,13.701645523668953,14
229,92,16,86,5,13.67676060817369,11
230,93,12,46,3,13.65474091099076,9
231,38,10,3,3,13.612373842695769,7
232,15,10,74,3,13.569326307429137,7
233,64,18,104,5,13.54129056151704,13
234,27,26,60,6,13.540065663312776,20
235,74,11,103,3,13.53565105452587,8
236,104,15,38,5,13.530669032796665,10
237,7,11,66,4,13.514093541012448,7
238,78,10,1,3,13.511302040012387,7
239,34,10,70,3,13.500624883981928,7
240,26,24,86,6,13.454427406615018,18
241,93,10,90,3,13.452391800759148,7
242,102,17,55,5,13.448934349992445,12
243,36,15,35,4,13.440272285829963,11
244,25,12,32,5,13.427877456338663,7
245,75,15,53,5,13.423496737137006,10
246,104,12,35,4,13.369677424437178,8
247,55,11,32,4,13.36363963009391,7
248,16,18,83,5,13.351235477213141,13
249,87,28,114,10,13.329695440899371,18
250,18,12,46,3,13.322032493347338,9
251,47,16,18,4,13.317575135316673,12
252,50,17,46,6,13.310329365776974,11
253,64,19,106,6,13.295192075566398,13
254,7,12,99,4,13.274517260788409,8
255,102,31,5,10,13.269431869962297,21
256,87,15,112,5,13.2638460838065,10
257,95,23,11,6,13.26328800508424,17
258,11,39,96,12,13.25258237771624,27
259,95,36,88,11,13.24512473637818,25
260,8,16,41,4,13.244566662838952,12
261,36,18,54,6,13.217744798273172,12
262,11,22,70,6,13.174919150937761,16
263,97,12,35,3,13.159538935863281,9
264,95,28,37,7,13.149042342745604,21
265,53,15,77,5,13.125923769197524,10
266,83,10,70,4,13.118339150755117,6
267,98,12,88,3,13.09482237083463,9
268,104,38,46,12,13.083570903140268,26
269,27,12,84,4,13.080512808785825,8
270,43,15,91,4,13.046946068237395,11
271,27,12,114,4,13.009570993376595,8
272,34,22,28,6,12.986812143841883,16
273,91,10,112,3,12.979190972482943,7
274,91,29,60,10,12.952631394075715,19
275,78,15,8,4,12.921729498024693,11
276,23,16,17,5,12.920452187354222,11
277,98,12,75,4,12.900340980932176,8
278,2,21,65,5,12.890027578518202,16
279,19,15,54,6,12.889151076069242,9
280,23,14,45,4,12.875487654765548,10
281,85,12,13,3,12.86903358609271,9
282,47,14,112,5,12.859285190584627,9
283,27,19,109,7,12.854514856980066,12
284,98,15,29,4,12.831922527793076,11
285,49,20,104,6,12.812277987885736,14
286,104,20,27,5,12.796343894614777,15
287,41,12,84,4,12.75751979686909,8
288,54,12,81,4,12.757047966098476,8
289,95,10,36,3,12.746346244298937,7
290,33,14,106,4,12.736963404825662,10
291,46,24,106,9,12.725492516069492,15
292,111,16,88,4,12.710530076381987,12
293,48,14,5,4,12.657719903594751,10
294,108,24,70,7,12.6471886080542,17
295,10,11,87,3,12.637100065195789,8
296,38,11,17,4,12.634911882425525,7
297,15,20,51,7,12.587936460827022,13
298,20,19,9,6,12.586361422949272,13
299,57,27,5,8,12.572003913811171,19
300,98,27,87,8,12.540784384215351,19
301,54,14,58,5,12.535089602873327,9
302,75,27,5,10,12.535083552437033,17
303,55,12,103,3,12.517980336309982,9
304,80,10,49,4,12.50914199523895,6
305,36,17,50,7,12.423703215189779,10
306,67,12,97,3,12.35346782744064,9
307,78,10,20,3,12.337947782230119,7
308,28,10,108,4,12.299856976610261,6
309,32,10,39,3,12.25900875776762,7
310,71,11,84,3,12.255989147154674,8
311,48,27,54,9,12.230401373927076,18
312,28,19,112,6,12.22892074036625,13
313,75,19,43,5,12.224767647713705,14
314,43,14,9,5,12.224469441855378,9
315,78,11,106,3,12.210243252742755,8
316,7,18,76,7,12.19661731578168,11
317,109,17,39,4,12.189314131019263,13
318,77,23,51,8,12.161499329151763,15
319,2,22,70,8,12.153236389251056,14
320,19,11,31,3,12.140248760143196,8
321,92,12,63,5,12.136993324985582,7
322,15,13,55,3,12.101702748474299,10
323,58,19,69,7,12.089414430124696,12
324,34,14,20,4,12.080633416209027,10
325,110,11,28,4,12.062606997342062,7
326,30,18,91,5,12.061464887561753,13
327,1,18,63,7,12.054495717242014,11
328,98,28,96,9,12.0522531035848,19
329,15,20,9,8,12.038844634846162,12
330,58,16,13,4,12.037688148626765,12
331,1,12,104,4,12.020108292717422,8
332,109,11,98,3,11.980585816049416,8
333,37,16,60,6,11.9668638856867,10
334,50,11,72,3,11.966306538639385,8
335,11,12,9,4,11.95751404574191,8
336,27,12,35,4,11.953831865399296,8
337,53,10,54,3,11.951994898142782,7
338,95,27,18,9,11.951490678023532,18
339,29,13,68,4,11.946919320173034,9
340,109,11,29,5,11.905733206262543,6
341,62,18,63,6,11.898616241132697,12
342,90,18,104,6,11.89837391797068,12
343,20,12,29,4,11.85416559868577,8
344,78,10,47,4,11.843066191666676,6
345,74,34,28,11,11.834419909257846,23
346,78,10,37,3,11.831707242150298,7
347,63,47,28,14,11.8288664237163,33
348,74,10,64,4,11.828764368523546,6
349,28,16,111,5,11.82030122340792,11
350,83,10,17,4,11.812775268760372,6
351,53,10,91,3,11.811611902058761,7
352,8,21,40,6,11.791921402372775,15
353,44,10,54,3,11.791894285038754,7
354,91,12,65,4,11.784658313781675,8
355,17,18,109,6,11.781743441013703,12
356,55,37,1,11,11.76903355576794,26
357,16,11,67,3,11.761532223804268,8
358,100,15,112,5,11.719193187900878,10
359,91,13,96,4,11.692854193124042,9
360,98,11,48,3,11.678045251552971,8
361,30,33,39,11,11.664507953068155,22
362,30,11,94,4,11.643229108233816,7
363,29,13,19,4,11.61630172475812,9
364,15,21,18,6,11.590119158022436,15
365,90,15,39,5,11.57797650142359,10
366,27,31,65,10,11.573171716915368,21
367,33,15,50,5,11.568332857311571,10
368,36,16,104,6,11.564722196156039,10
369,111,10,71,3,11.563837134119533,7
370,74,15,76,6,11.544600382799558,9
371,80,10,30,3,11.535434430621326,7
372,15,11,76,4,11.511804844564256,7
373,94,10,12,4,11.507296767268532,6
374,57,19,63,7,11.49963226954776,12
375,100,24,54,8,11.463480826656635,16
376,47,14,81,4,11.445134927289029,10
377,86,19,72,6,11.423615729846855,13
378,114,39,106,13,11.417874917507987,26
379,29,10,95,3,11.401888238693152,7
380,76,23,35,8,11.396918545348738,15
381,4,11,38,3,11.395009854616484,8
382,104,21,71,8,11.370166649530528,13
383,64,12,20,3,11.33130846260478,9
384,50,38,20,12,11.31681648660145,26
385,47,23,60,7,11.313305625779169,16
386,7,25,96,7,11.300422106484014,18
387,80,10,5,3,11.295210617596885,7
388,2,14,55,5,11.276816159574059,9
389,75,52,7,17,11.274663385996204,35
390,90,12,48,4,11.252381363492233,8
391,87,29,70,11,11.250414739740135,18
392,107,16,83,5,11.249585120390279,11
393,40,13,81,4,11.249205674756393,9
394,95,28,51,8,11.244919045567018,20
395,75,17,109,5,11.242273446455997,12
396,27,14,112,5,11.23500119284759,9
397,38,12,112,3,11.230403622900138,9
398,46,20,96,8,11.223825219116966,12
399,13,71,88,23,11.222941517191334,48
400,73,13,51,4,11.219804453521853,9
401,98,18,106,6,11.217270403208776,12
402,100,12,46,4,11.210309669403356,8
403,89,11,1,4,11.209011069389932,7
404,114,45,65,16,11.207925536927627,29
405,6,12,61,4,11.200388242698187,8
406,43,16,4,6,11.162760468553993,10
407,55,13,85,4,11.149931721802192,9
408,100,20,87,8,11.113455718095162,12
409,40,10,19,3,11.104417905023016,7
410,74,13,32,4,11.101664191982366,9
411,70,22,57,9,11.101179297757742,13
412,78,13,80,4,11.097915766170063,9
413,75,13,29,5,11.096282078020437,8
414,12,18,107,5,11.095629908733306,13
415,17,12,78,4,11.090068157424293,8
416,62,11,57,3,11.089901365863183,8
417,100,11,102,3,11.083335103949722,8
418,99,11,11,4,11.04788337752713,7
419,32,12,114,4,11.045874107216177,8
420,64,25,9,7,11.036372697771332,18
421,45,12,68,4,11.024019728389067,8
422,53,41,88,13,11.023031682203495,28
423,41,14,92,5,11.016394202336144,9
424,98,10,68,3,11.014423279510455,7
425,15,13,71,4,11.00914391321026,9
426,56,13,107,5,11.000292497508868,8
427,51,20,110,6,11.000148170458745,14
428,50,37,88,13,10.986958086725295,24
429,89,10,13,4,10.939542022741618,6
430,19,10,80,3,10.932571489161038,7
431,27,14,64,4,10.925557497140753,10
432,73,17,5,6,10.907383059794872,11
433,102,10,35,4,10.903207987031468,6
434,111,21,41,8,10.875724405637953,13
435,71,16,77,5,10.872072685026803,11
436,37,46,54,15,10.870093974692763,31
437,109,34,8,13,10.819891467814772,21
438,106,17,81,7,10.816681182916202,10
439,104,27,77,9,10.795670361212093,18
440,55,25,91,7,10.791612827626562,18
441,59,11,7,3,10.771239818059199,8
442,63,11,72,3,10.764095493593645,8
443,9,17,104,6,10.7627294741424,11
444,27,27,31,11,10.758919665279384,16
445,54,11,111,3,10.714143810197228,8
446,43,13,36,5,10.713552025008548,8
447,57,34,107,12,10.704658915912152,22
448,51,25,74,7,10.704030149650722,18
449,65,15,57,5,10.687048615969914,10
450,5,25,98,9,10.66291868554062,16
451,30,41,107,14,10.657359132092086,27
452,107,12,103,3,10.647201349907752,9
453,30,20,64,7,10.642272986004784,13
454,98,18,71,6,10.627953776602759,12
455,16,12,101,4,10.622717697482882,8
456,7,31,91,9,10.609100286101588,22
457,75,15,38,4,10.597530026810052,11
458,26,10,28,3,10.592168464369761,7
459,69,18,28,7,10.575983527327304,11
460,95,15,9,6,10.569002592922953,9
461,71,19,54,7,10.563773271372229,12
462,28,17,40,7,10.551622113062637,10
463,86,16,56,5,10.543126647721753,11
464,71,19,97,6,10.5235339621969,13
465,27,27,36,10,10.523349599331352,17
466,89,14,37,6,10.519274673853001,8
467,114,12,12,5,10.50495457801322,7
468,63,18,69,5,10.495670691796661,13
469,78,17,16,6,10.487924828110982,11
470,75,14,102,4,10.47886729381523,10
471,19,15,13,5,10.478851089928183,10
472,75,35,8,11,10.477015226263449,24
473,23,12,77,4,10.472073733658851,8
474,6,10,31,4,10.459894630543896,6
475,60,27,69,11,10.453461646225001,16
476,64,25,112,7,10.447348803692252,18
477,78,13,53,5,10.442866978504684,8
478,44,16,39,6,10.434810009571377,10
479,95,19,114,7,10.422604339796184,12
480,110,11,7,5,10.422576579231729,6
481,63,13,85,5,10.414666124998384,8
482,3,13,29,4,10.397178070946653,9
483,100,10,57,4,10.386884791301807,6
484,106,16,93,6,10.37915501513517,10
485,49,21,60,7,10.36875684851125,14
486,104,13,81,6,10.361322759461329,7
487,94,10,7,3,10.355621654064773,7
488,16,26,1,7,10.345699287153877,19
489,37,13,1,5,10.342164269053148,8
490,13,16,29,6,10.32891723987792,10
491,7,14,81,6,10.32158298772756,8
492,107,29,31,13,10.30345756995746,16
493,49,11,29,4,10.30099349448638,7
494,30,11,102,4,10.296833808784982,7
495,63,11,52,4,10.291118040471776,7
496,34,10,68,4,10.287370907693369,6
497,38,12,54,4,10.280232127604943,8
498,34,12,104,4,10.27427919250402,8
499,85,15,50,5,10.26203922127155,10
500,77,12,99,3,10.252199704478638,9
501,67,16,106,6,10.252161434234207,10
502,63,35,91,11,10.225389928816243,24
503,30,17,31,7,10.214096274935343,10
504,25,24,68,8,10.211790433098953,16
505,10,14,28,4,10.207926130943799,10
506,11,36,37,12,10.20717474941383,24
507,91,24,39,8,10.206322081312438,16
508,48,24,96,8,10.200121519345739,16
509,98,15,2,6,10.198603389321667,9
510,71,13,33,4,10.195530501937561,9
511,97,41,37,14,10.190687502541845,27
512,8,21,15,8,10.188541036846974,13
513,89,13,104,5,10.17868688184359,8
514,6,12,9,5,10.175309866966636,7
515,43,29,86,9,10.173097117221216,20
516,58,13,39,4,10.147489402696785,9
517,96,11,23,4,10.143008283174426,7
518,53,37,31,14,10.136338371296793,23
519,92,10,109,3,10.132066653367776,7
520,46,14,70,5,10.128652016947743,9
521,17,18,60,6,10.12863063958789,12
522,8,10,35,3,10.118762046100299,7
523,50,20,102,8,10.118106239071224,12
524,53,36,36,11,10.114732824687987,25
525,39,28,43,11,10.108201581404133,17
526,18,24,8,7,10.103008591242306,17
527,89,11,74,4,10.093150392265771,7
528,79,12,106,4,10.079963228120917,8
529,40,16,49,6,10.077718304922938,10
530,13,23,83,8,10.067954696106945,15
531,48,30,107,11,10.063788403516291,19
532,44,10,38,3,10.048373138060269,7
533,110,13,107,4,10.03472132274693,9
534,11,14,18,5,10.031989827572826,9
535,16,43,18,14,10.022908903594146,29
536,75,12,57,4,10.001839571130395,8
537,95,25,65,9,9.987438820754939,16
538,107,13,10,5,9.987353405179212,8
539,87,13,52,5,9.984852518055051,8
540,73,18,88,6,9.974203425238965,12
541,28,26,68,8,9.968379628572306,18
542,63,45,88,14,9.955054334971098,31
543,95,10,2,3,9.920312629990502,7
544,25,14,3,5,9.907996037168818,9
545,107,21,102,8,9.900916609628295,13
546,27,13,30,5,9.89635566134904,8
547,87,32,9,13,9.890957993800642,19
548,18,39,39,13,9.885046818102031,26
549,2,17,54,5,9.883928701627934,12
550,17,15,71,6,9.874078720771614,9
551,76,12,18,4,9.847622493503502,8
552,30,16,63,6,9.842696842263113,10
553,86,26,79,9,9.841357831333449,17
554,53,10,98,4,9.839111782848335,6
555,63,47,84,18,9.837336867449046,29
556,54,13,57,3,9.824315369895016,10
557,104,25,75,9,9.822163907084754,16
558,40,24,17,8,9.815776001763279,16
559,102,17,51,6,9.81128950469166,11
560,64,17,37,6,9.810222324765896,11
561,62,10,93,4,9.798162399200404,6
562,40,25,3,8,9.786955757231253,17
563,37,24,83,9,9.783726366978417,15
564,13,14,76,5,9.765754801505128,9
565,30,12,52,4,9.763146241314214,8
566,72,12,51,5,9.759777276531148,7
567,63,29,76,9,9.752858943405716,20
568,89,13,16,5,9.733195931265595,8
569,16,16,32,6,9.72172092201369,10
570,43,19,31,10,9.720852773553682,9
571,75,18,11,7,9.71088785220573,11
572,102,33,86,11,9.70383463978044,22
573,53,18,3,6,9.694466592939397,12
574,53,20,17,7,9.68359454001968,13
575,53,12,38,4,9.664145468055217,8
576,100,12,71,4,9.66068752031631,8
577,111,16,63,6,9.656549842780759,10
578,41,15,17,5,9.654478177971624,10
579,22,10,114,5,9.649313306364819,5
580,100,37,51,16,9.63867209278027,21
581,93,10,104,4,9.637966581885273,6
582,78,10,114,4,9.632244308821944,6
583,41,23,53,8,9.631953807885303,15
584,70,17,109,6,9.623350653501726,11
585,76,16,9,5,9.621504571842449,11
586,99,14,8,6,9.61106559286031,8
587,83,18,84,7,9.609473734372159,11
588,8,13,53,4,9.596286006275326,9
589,80,14,39,5,9.589468521855673,9
590,15,31,88,9,9.582914300229938,22
591,73,20,7,8,9.582485903794176,12
592,64,44,60,14,9.569439655645416,30
593,13,24,97,9,9.567486234498416,15
594,92,15,68,5,9.538113226799515,10
595,106,13,108,4,9.535201707134298,9
596,1,22,31,9,9.525804060927038,13
597,20,32,25,11,9.520523686179052,21
598,18,27,9,9,9.520249042639604,18
599,8,17,36,6,9.51236026695053,11
600,90,14,80,4,9.509239360264802,10
601,114,13,2,5,9.509158562417847,8
602,90,21,13,7,9.506733485788097,14
603,37,22,99,7,9.502759058160713,15
604,37,29,7,11,9.500511382222342,18
605,102,13,60,5,9.490462801517765,8
606,70,10,58,3,9.487562225897108,7
607,97,23,51,7,9.463450569827408,16
608,16,47,96,14,9.46295382882651,33
609,102,12,17,4,9.460667678985603,8
610,76,28,68,7,9.459920139276978,21
611,32,11,63,4,9.44232166344675,7
612,64,14,92,7,9.432471863302014,7
613,108,15,39,6,9.406857006968854,9
614,108,14,60,5,9.40273406812832,9
615,45,22,107,8,9.39975575090587,14
616,63,25,109,10,9.392892060380623,15
617,65,37,93,15,9.392120129738295,22
618,48,13,51,6,9.391737592298234,7
619,63,12,10,4,9.391653486017917,8
620,109,11,36,3,9.390936468630548,8
621,80,33,107,11,9.376730084103613,22
622,76,17,39,5,9.374915521858481,12
623,104,21,84,8,9.37162724208143,13
624,87,14,33,5,9.358610632806945,9
625,23,12,50,3,9.354699302165745,9
626,28,12,12,4,9.351694573141017,8
627,28,29,2,10,9.34282167881126,19
628,111,15,51,5,9.328246716797016,10
629,60,16,58,6,9.319426070200468,10
630,50,17,70,7,9.316243790355681,10
631,11,29,84,10,9.312587470123525,19
632,86,15,67,6,9.30654184494345,9
633,75,57,68,19,9.300627868865528,38
634,63,19,77,6,9.291814452323939,13
635,75,13,93,5,9.279825087560205,8
636,65,26,29,11,9.27121079242292,15
637,20,16,90,6,9.25670480461804,10
638,7,44,25,15,9.233724493378423,29
639,70,16,69,5,9.227346228401574,11
640,64,11,81,4,9.217681779438383,7
641,27,15,4,6,9.214915067697104,9
642,2,12,40,4,9.204153353273352,8
643,73,17,40,6,9.199997222971483,11
644,15,13,91,6,9.175439096539632,7
645,41,39,86,13,9.172157333193887,26
646,41,15,49,6,9.171912615870818,9
647,40,15,102,6,9.171373555966685,9
648,92,15,40,5,9.168940871834318,10
649,53,22,108,9,9.163083344546394,13
650,16,63,106,21,9.160803291418002,42
651,50,43,5,17,9.156049369840707,26
652,13,42,18,16,9.15021879704067,26
653,9,16,47,6,9.146152811782594,10
654,81,18,16,6,9.137660797439956,12
655,91,22,20,9,9.11515023214943,13
656,92,11,17,4,9.114563540800457,7
657,109,15,31,5,9.11388757240418,10
658,95,34,8,13,9.079209474058969,21
659,44,29,86,10,9.073857704921485,19
660,28,16,94,5,9.068842266957846,11
661,28,34,75,12,9.068390514566694,22
662,48,22,79,8,9.064036284770669,14
663,47,21,68,7,9.052758514326353,14
664,58,10,112,4,9.041979275484929,6
665,35,16,45,7,9.040031591861501,9
666,85,14,72,4,9.03362076276455,10
667,54,17,43,7,9.026858404506273,10
668,75,18,100,8,9.024866169547831,10
669,48,23,87,8,9.021568034700334,15
670,30,16,70,7,9.016092338129877,9
671,5,15,36,6,9.008614310253613,9
672,114,15,57,5,9.000054094310599,10
673,27,14,77,5,8.98057953611799,9
674,28,15,52,6,8.975367013246691,9
675,76,12,94,4,8.97405454794504,8
676,97,18,36,7,8.970668153566264,11
677,60,20,29,8,8.970380789733085,12
678,47,20,114,8,8.969382880850322,12
679,28,11,32,4,8.963821007682872,7
680,63,34,48,12,8.958044896706859,22
681,11,13,80,5,8.941133144462878,8
682,73,12,31,4,8.938919570135752,8
683,11,10,91,3,8.923724837318142,7
684,110,19,25,6,8.917701672558222,13
685,89,15,107,5,8.908975430626485,10
686,7,20,109,7,8.9080321410632,13
687,69,12,97,4,8.888377862411462,8
688,44,20,13,7,8.886721786197054,13
689,23,16,12,6,8.872217683410865,10
690,27,12,98,5,8.86033119776736,7
691,19,13,20,5,8.851087559473102,8
692,32,15,87,5,8.84415502943487,10
693,87,19,81,9,8.837308894093788,10
694,63,19,36,7,8.822881427312195,12
695,36,18,47,6,8.810892372607714,12
696,106,10,42,3,8.802546839644418,7
697,39,36,20,15,8.800920294125156,21
698,109,12,77,5,8.789144881364965,7
699,106,23,18,8,8.778191080978742,15
700,39,36,88,13,8.756638990991734,23
701,38,14,106,7,8.74501943352997,7
702,104,23,11,8,8.742484307216115,15
703,4,22,17,7,8.727735068009611,15
704,8,26,57,9,8.727187925997562,17
705,9,11,57,4,8.721996193617914,7
706,58,10,45,4,8.721721801464442,6
707,45,15,86,6,8.710518828201982,9
708,63,15,102,6,8.710165699989911,9
709,63,35,20,14,8.705248065274409,21
710,30,10,2,4,8.704387763563812,6
711,110,14,39,4,8.694421097429624,10
712,16,26,76,12,8.692110714550006,14
713,107,25,35,8,8.683347995006125,17
714,76,15,60,4,8.678706996102921,11
715,77,16,88,6,8.678317130754186,10
716,9,31,31,11,8.678153869820548,20
717,7,22,19,7,8.676685500266066,15
718,85,10,98,3,8.673802483900154,7
719,41,19,97,7,8.638943706099205,12
720,76,12,57,4,8.631010009083717,8
721,51,51,63,21,8.61580742538916,30
722,69,15,57,5,8.610432071680039,10
723,23,34,60,12,8.608807282411219,22
724,51,21,33,6,8.606152418737853,15
725,90,22,50,8,8.598522697494,14
726,110,19,16,7,8.596145036216202,12
727,95,23,55,8,8.575006509864881,15
728,41,13,3,3,8.570007818582788,10
729,78,19,7,8,8.565348954184037,11
730,78,11,36,4,8.552435160203329,7
731,114,13,62,5,8.54955618000272,8
732,12,13,106,4,8.530975907772834,9
733,34,12,39,5,8.530792842427957,7
734,86,28,48,10,8.527783865058886,18
735,62,23,88,9,8.512625127129992,14
736,91,10,45,4,8.504304930616431,6
737,64,28,40,10,8.496071624321134,18
738,75,16,1,5,8.487454866261048,11
739,74,14,77,5,8.485489523270209,9
740,15,13,53,5,8.45144556317874,8
741,95,14,96,5,8.45037398259218,9
742,8,32,114,11,8.446067232393613,21
743,96,24,70,11,8.437417991026262,13
744,55,20,114,7,8.432483182241098,13
745,73,19,90,7,8.424101991862472,12
746,109,14,67,7,8.410228891959628,7
747,80,11,79,5,8.39440233865723,6
748,67,10,104,4,8.393331116483226,6
749,7,22,5,8,8.357081514884824,14
750,38,23,65,10,8.354229779220864,13
751,41,32,31,12,8.353957395244583,20
752,39,20,112,8,8.345179878987272,12
753,69,20,68,8,8.344032655118443,12
754,76,39,51,13,8.339242903099507,26
755,102,17,88,5,8.307899790454732,12
756,53,29,30,11,8.306098230837586,18
757,90,31,106,10,8.283845461248372,21
758,41,18,91,6,8.276671952774393,12
759,75,12,76,5,8.269580351796622,7
760,50,34,55,14,8.268886532039616,20
761,37,12,14,5,8.266467835075433,7
762,16,42,46,15,8.265204078980108,27
763,78,20,107,7,8.259661311086555,13
764,100,10,84,3,8.240271972733373,7
765,94,10,2,4,8.235738884159371,6
766,69,21,106,8,8.230262561693124,13
767,41,28,104,12,8.222150207467429,16
768,112,14,40,6,8.221202026655053,8
769,86,26,1,10,8.213403239086288,16
770,87,24,93,9,8.20135369004028,15
771,11,24,109,8,8.196422948591085,16
772,74,25,39,10,8.195535087876927,15
773,104,35,60,10,8.183651908443375,25
774,50,18,30,7,8.173377893689405,11
775,68,11,33,4,8.166895131198165,7
776,50,28,71,11,8.165371088482388,17
777,16,32,69,12,8.160441247046853,20
778,86,38,76,14,8.159754461381874,24
779,107,12,61,5,8.157075963099336,7
780,18,16,112,5,8.155957753880719,11
781,16,65,63,25,8.14697641925856,40
782,4,10,112,4,8.145974306589784,6
783,26,10,107,4,8.136960920766814,6
784,100,19,88,7,8.116464062015535,12
785,30,16,46,6,8.09849810603762,10
786,37,42,46,14,8.09589581959515,28
787,15,17,87,7,8.088262314262588,10
788,60,30,50,13,8.087484578525554,17
789,7,15,10,6,8.086365440359023,9
790,109,15,46,6,8.081904977493476,9
791,8,61,5,24,8.080732178020162,37
792,110,16,97,6,8.077466293642946,10
793,16,18,14,7,8.06483217295593,11
794,53,13,46,5,8.064750592390656,8
795,51,15,91,5,8.060157448942936,10
796,9,11,12,4,8.058955245687951,7
797,58,26,107,9,8.037629940895535,17
798,37,16,27,6,8.030406858059436,10
799,108,26,13,9,8.028546837864388,17
800,12,16,3,5,8.025644589227156,11
801,75,41,50,14,8.02466935745211,27
802,35,11,9,5,8.012816785902409,6
803,48,12,25,5,8.01244102921806,7
804,91,31,98,12,8.010154956050265,19
805,102,19,96,7,7.9956311609664965,12
806,13,16,70,6,7.990308468406848,10
807,5,28,84,11,7.986435375626319,17
808,84,31,39,12,7.976509708255431,19
809,12,12,4,4,7.976222296376225,8
810,65,25,5,10,7.967561696591304,15
811,23,21,39,8,7.9630880242589255,13
812,3,10,109,4,7.949985033221677,6
813,89,12,53,5,7.9499730264780055,7
814,87,15,19,6,7.943589688548752,9
815,73,17,87,5,7.942207150258419,12
816,30,41,65,15,7.937351182752284,26
817,18,10,34,3,7.934073113605032,7
818,77,12,64,6,7.9282827223690555,6
819,33,16,20,6,7.928062438364485,10
820,80,18,51,7,7.926528914197648,11
821,54,22,18,9,7.917650548154775,13
822,88,10,82,4,7.912578083642496,6
823,71,13,38,4,7.906029048659733,9
824,78,11,31,5,7.904414780494012,6
825,76,11,108,4,7.890267325318871,7
826,60,24,81,9,7.879588509675568,15
827,55,17,23,8,7.871570609888838,9
828,114,25,90,10,7.8701656835045455,15
829,44,12,35,5,7.859665557157517,7
830,106,26,91,9,7.859341034872018,17
831,15,30,39,10,7.850357643973713,20
832,16,37,9,13,7.846826969300749,24
833,104,13,69,4,7.846435814216967,9
834,53,19,109,7,7.841205358929896,12
835,7,11,2,4,7.836909370766421,7
836,8,17,98,6,7.8322640771965775,11
837,25,46,46,19,7.8204011950255445,27
838,87,36,40,15,7.816149468605837,21
839,75,21,49,8,7.802050873504809,13
840,114,12,110,4,7.80031681097971,8
841,50,15,48,5,7.798532000224024,10
842,47,10,111,4,7.786638633209644,6
843,68,28,18,11,7.775566947501909,17
844,92,14,114,4,7.774797164908212,10
845,41,15,81,5,7.770221546669875,10
846,57,23,39,9,7.767705201432487,14
847,46,11,29,6,7.7647643110174815,5
848,10,14,86,6,7.764445720347282,8
849,100,14,62,6,7.761583554429881,8
850,50,22,18,9,7.758401768064157,13
851,53,11,73,4,7.756297558195456,7
852,37,49,25,20,7.755599308877524,29
853,73,13,54,5,7.746921178252216,8
854,44,11,84,5,7.741464370739849,6
855,78,18,87,8,7.738249145100052,10
856,68,44,87,17,7.713445601645926,27
857,46,13,64,5,7.701785189637151,8
858,41,15,77,5,7.700447698799743,10
859,11,15,68,6,7.700280996267677,9
860,64,11,11,3,7.699861982788657,8
861,111,25,7,10,7.69032342577198,15
862,5,32,11,12,7.687442157533876,20
863,16,33,100,12,7.6753676838323255,21
864,37,29,38,11,7.668156637885108,18
865,37,24,96,10,7.665844925696509,14
866,33,13,31,6,7.647223417443057,7
867,70,11,60,4,7.6464357490262,7
868,108,20,88,7,7.642505031143237,13
869,97,29,5,10,7.639418302115124,19
870,13,31,3,10,7.638676786821423,21
871,96,22,80,8,7.6325568595370585,14
872,23,13,91,6,7.630492751883036,7
873,18,20,36,8,7.5949028785012285,12
874,58,18,88,7,7.5880987725104365,11
875,72,10,36,4,7.585561627806539,6
876,28,31,114,13,7.584853881328923,18
877,46,12,77,5,7.574271980014295,7
878,107,18,66,7,7.57118010681632,11
879,34,14,5,4,7.5706698448560905,10
880,40,66,68,24,7.5703219943157025,42
881,6,11,55,3,7.526848268362216,8
882,55,18,77,7,7.520653437888106,11
883,88,24,3,9,7.5117017749719,15
884,86,88,51,37,7.511450798964613,51
885,53,19,12,8,7.511441486905761,11
886,43,15,84,6,7.511290434631544,9
887,15,13,50,5,7.509982415529958,8
888,54,30,60,11,7.494934117874263,19
889,64,10,29,3,7.494394888436804,7
890,41,11,96,3,7.480521636982391,8
891,48,10,89,3,7.476757612743907,7
892,70,14,36,6,7.476080415111229,8
893,108,15,63,6,7.475559971035058,9
894,16,32,43,11,7.475406687421778,21
895,64,37,31,14,7.4738922265185375,23
896,28,10,81,4,7.472696801730322,6
897,45,12,53,5,7.463487107897495,7
898,27,37,88,16,7.460833838570253,21
899,37,21,110,9,7.457046552670356,12
900,86,53,97,21,7.453774682156136,32
901,46,30,75,12,7.449361290092638,18
902,8,28,84,10,7.447150756775401,18
903,64,17,43,7,7.43896725456377,10
904,7,49,87,18,7.4314438134316605,31
905,34,11,43,4,7.424240308041092,7
906,54,44,109,16,7.42149631612999,28
907,112,20,76,9,7.420620932537434,11
908,8,19,91,7,7.416456742894205,12
909,36,34,41,16,7.412500474371832,18
910,64,11,19,3,7.409166426273504,8
911,13,19,112,8,7.398341700566552,11
912,20,35,84,11,7.397610796744058,24
913,1,10,5,4,7.391988711274886,6
914,75,50,16,20,7.38842567902132,30
915,27,31,86,11,7.379251077987928,20
916,73,10,71,4,7.37323406519455,6
917,13,35,54,13,7.373225396669799,22
918,34,15,74,5,7.367415754617591,10
919,31,14,80,4,7.367135464628976,10
920,25,16,33,5,7.36592627296452,11
921,77,10,114,4,7.3654772203978025,6
922,53,18,61,6,7.3640960284192225,12
923,49,13,23,5,7.360298065336568,8
924,73,25,8,10,7.35879002547718,15
925,40,41,104,15,7.342291894534163,26
926,75,16,2,7,7.332326563651873,9
927,97,26,68,10,7.3316577092188355,16
928,2,32,107,12,7.32884412298255,20
929,70,42,5,17,7.323141246130927,25
930,1,23,65,10,7.319832649719675,13
931,109,26,55,12,7.3182997081126135,14
932,39,24,106,10,7.31226919998241,14
933,48,12,108,4,7.300121208763458,8
934,54,33,40,13,7.298767912387551,20
935,17,17,9,7,7.295940921809664,10
936,47,11,61,4,7.295405799949466,7
937,43,31,40,13,7.2876910701836355,18
938,97,16,29,6,7.284915525257299,10
939,13,20,98,7,7.284404613166717,13
940,114,42,13,19,7.284350704257176,23
941,27,18,53,6,7.283207876792192,12
942,34,12,48,5,7.278505376330149,7
943,55,20,68,7,7.273979151335479,13
944,106,13,57,6,7.272492874678534,7
945,62,10,96,3,7.268496266352443,7
946,110,16,70,6,7.267896542251015,10
947,20,17,98,6,7.267496359610282,11
948,13,31,69,12,7.264804290539713,19
949,75,19,81,7,7.259552889264539,12
950,11,12,10,5,7.252899748629005,7
951,98,12,93,5,7.2513528092711335,7
952,46,13,90,5,7.250761878801304,8
953,49,11,15,4,7.248095103585942,7
954,20,21,41,9,7.246750485082596,12
955,31,14,5,5,7.246607645789562,9
956,20,10,75,4,7.241047227766171,6
957,114,27,40,9,7.240772461331043,18
958,114,14,81,6,7.238705590547007,8
959,54,16,62,6,7.236680580960737,10
960,15,16,3,7,7.226872372846494,9
961,13,60,106,23,7.22482230869508,37
962,35,20,40,7,7.2238461178978355,13
963,81,32,13,12,7.194897673585073,20
964,27,20,63,9,7.19472225275396,11
965,36,16,112,6,7.175574629533441,10
966,16,109,88,41,7.167573523139397,68
967,38,18,84,8,7.154125748328736,10
968,34,12,60,4,7.148158666349012,8
969,29,14,37,6,7.147246302868531,8
970,88,10,103,4,7.146583091840611,6
971,5,17,60,6,7.144002600647477,11
972,40,50,55,19,7.142420946012768,31
973,87,27,91,10,7.142016410462965,17
974,90,26,87,10,7.134749793973535,16
975,63,58,54,22,7.133964662886907,36
976,75,57,107,18,7.131800392099847,39
977,88,11,67,3,7.127393540580368,8
978,100,14,30,5,7.12422480058823,9
979,67,12,107,4,7.124134838046416,8
980,28,20,62,8,7.086204539456473,12
981,28,35,70,14,7.078735797739843,21
982,102,14,98,6,7.075813129571894,8
983,50,14,49,6,7.064134383315743,8
984,100,21,25,9,7.062312436550092,12
985,99,18,36,6,7.061516094995872,12
986,65,16,73,6,7.056062739811479,10
987,62,15,51,6,7.028758985101916,9
988,16,31,64,11,7.027713443588521,20
989,100,16,18,7,7.026565168419708,9
990,95,15,40,6,7.026458120737083,9
991,87,27,53,12,7.022639512769477,15
992,93,26,54,9,7.002072182522706,17
993,80,13,48,4,6.99747900943173,9
994,62,15,5,6,6.992708759597391,9
995,114,19,1,7,6.990089974683044,12
996,111,23,13,10,6.988942249892523,13
997,17,20,55,9,6.987444025974705,11
998,11,20,57,9,6.983907364905458,11
999,8,17,33,6,6.975602243001775,11
1000,112,14,29,6,6.972231702387924,8
1001,18,23,97,9,6.965163575719862,14
1002,16,34,36,13,6.9623095532486845,21
1003,32,18,104,6,6.95922508638955,12
1004,90,20,63,8,6.95733483322538,12
1005,2,11,38,5,6.952650087165873,6
1006,4,25,51,9,6.952578906103857,16
1007,100,18,43,8,6.945332357815133,10
1008,99,12,88,5,6.93913123202866,7
1009,7,21,46,7,6.935769096747123,14
1010,57,25,13,11,6.928644390954595,14
1011,75,19,30,8,6.923427737676235,11
1012,114,23,3,8,6.912850093555391,15
1013,49,10,53,4,6.907813000954768,6
1014,15,13,1,5,6.894393360648802,8
1015,76,16,88,7,6.891817282335726,9
1016,90,22,65,10,6.887045978873851,12
1017,107,27,109,10,6.886337490511135,17
1018,114,47,5,19,6.885144276646171,28
1019,34,18,84,8,6.88355580878115,10
1020,106,15,99,5,6.882359612487447,10
1021,60,43,4,19,6.864343045215706,24
1022,114,19,96,7,6.8573207383282995,12
1023,13,29,95,12,6.852052215706936,17
1024,7,99,51,37,6.849475435937799,62
1025,86,80,96,31,6.839782165020975,49
1026,13,42,43,19,6.837629153851968,23
1027,78,14,96,5,6.830515928543477,9
1028,95,25,106,9,6.830338155584792,16
1029,89,10,68,4,6.826893879643049,6
1030,68,69,31,28,6.821634358561019,41
1031,65,14,66,5,6.821265394674894,9
1032,30,22,104,10,6.820606807560422,12
1033,98,40,86,17,6.818936598158919,23
1034,56,13,4,6,6.816273515879696,7
1035,44,21,6,7,6.813562816650853,14
1036,25,14,9,5,6.810304163725227,9
1037,51,20,96,8,6.809158319794973,12
1038,100,16,114,6,6.806713890734189,10
1039,60,18,45,8,6.8022482279138705,10
1040,49,10,71,4,6.800377692667283,6
1041,55,10,31,4,6.798197972656263,6
1042,1,16,87,7,6.782771040032774,9
1043,39,81,51,33,6.781026894224875,48
1044,6,14,27,6,6.780540737481572,8
1045,81,10,108,4,6.778588424753946,6
1046,33,23,107,10,6.763493299081546,13
1047,13,43,23,19,6.759962036733638,24
1048,57,12,109,5,6.758716421545093,7
1049,86,15,94,6,6.753448997726147,9
1050,53,13,90,5,6.752088210585151,8
1051,30,19,18,8,6.749976540021853,11
1052,94,10,71,4,6.748460655059317,6
1053,84,21,78,8,6.745502178752575,13
1054,45,32,7,13,6.743551275422484,19
1055,100,18,63,8,6.742683547587139,10
1056,84,25,48,9,6.7407911051084906,16
1057,40,14,78,4,6.732885786530082,10
1058,74,38,96,14,6.731828732252355,24
1059,14,13,95,5,6.731405281187272,8
1060,100,11,95,5,6.722166987268522,6
1061,65,10,32,4,6.718474357729474,6
1062,28,35,97,13,6.716635909782017,22
1063,60,21,12,11,6.704537300087493,10
1064,83,15,74,7,6.703298030488857,8
1065,28,24,71,9,6.697570308642473,15
1066,111,11,106,3,6.697425895741327,8
1067,7,18,62,7,6.690218008322475,11
1068,54,75,88,30,6.6874207756050055,45
1069,16,68,55,25,6.673907741530192,43
1070,14,13,13,4,6.663851771345142,9
1071,51,57,65,21,6.662266346450137,36
1072,83,11,71,5,6.656205380333864,6
1073,12,13,87,5,6.654704325795005,8
1074,71,19,37,8,6.653996053488669,11
1075,76,15,114,5,6.6539119931134865,10
1076,32,26,5,10,6.647447060451906,16
1077,4,30,65,12,6.6356003955737535,18
1078,39,22,37,9,6.632156694863052,13
1079,25,48,5,19,6.626414170343125,29
1080,74,14,9,5,6.620459467868885,9
1081,85,10,75,3,6.61929344121288,7
1082,71,18,81,7,6.61709770119633,11
1083,55,21,64,7,6.604925944972094,14
1084,34,16,30,6,6.601140375094157,10
1085,65,28,96,12,6.593487230396348,16
1086,39,25,38,10,6.576359256983345,15
1087,47,36,13,14,6.576234413408801,22
1088,53,26,114,11,6.571088082289226,15
1089,104,37,25,16,6.567754121461538,21
1090,107,44,53,17,6.556157644451656,27
1091,58,18,68,7,6.553002087451516,11
1092,68,25,91,11,6.550419627313768,14
1093,77,21,18,7,6.545250800191177,14
1094,54,58,70,23,6.543056803225659,35
1095,49,10,55,4,6.541972088163769,6
1096,86,29,81,9,6.532482502137965,20
1097,91,13,80,5,6.531108694088673,8
1098,35,15,28,7,6.525585250622975,8
1099,16,78,39,32,6.5210913868223725,46
1100,16,21,108,8,6.502477858846357,13
1101,90,10,102,5,6.502237322589002,5
1102,1,20,54,8,6.493394551110143,12
1103,48,10,104,4,6.493358473776671,6
1104,20,18,68,8,6.48964373329749,10
1105,16,27,3,10,6.483698180671639,17
1106,70,20,9,7,6.477071321597407,13
1107,98,18,84,6,6.475666713551259,12
1108,70,13,29,6,6.465173609286504,7
1109,78,14,98,6,6.457784687804565,8
1110,29,10,41,4,6.453681453868417,6
1111,6,10,28,4,6.452419128804086,6
1112,3,15,43,6,6.447238384687711,9
1113,69,31,86,13,6.447204277363735,18
1114,4,20,87,7,6.445923142452618,13
1115,39,56,68,24,6.439118209474396,32
1116,41,20,109,7,6.432688342356182,13
1117,100,22,39,9,6.432511887302126,13
1118,40,16,33,5,6.427211772717694,11
1119,107,34,43,13,6.422100856640922,21
1120,107,19,77,8,6.416947048354687,11
1121,91,18,54,8,6.414686940093468,10
1122,106,13,77,6,6.407119934187455,7
1123,80,20,37,8,6.401050818487373,12
1124,20,30,51,14,6.390780350627106,16
1125,81,12,69,5,6.3766610232414545,7
1126,30,19,84,7,6.373847364369496,12
1127,7,21,56,9,6.361794853449644,12
1128,41,15,28,6,6.359689551305939,9
1129,92,13,27,6,6.356396578041118,7
1130,51,15,112,6,6.350376289921739,9
1131,86,29,83,10,6.342700324127683,19
1132,107,23,69,9,6.341765510677753,14
1133,62,22,40,11,6.34058891485694,11
1134,81,10,111,3,6.333917467029674,7
1135,54,14,112,5,6.3267118256224935,9
1136,20,40,16,14,6.318333724670661,26
1137,29,13,55,5,6.301089833667023,8
1138,39,16,83,6,6.297771796270439,10
1139,23,17,114,6,6.291790840234864,11
1140,70,16,64,5,6.286009204558742,11
1141,16,12,92,3,6.284475222709882,9
1142,41,11,102,4,6.282861273718874,7
1143,87,28,41,11,6.282239020662331,17
1144,86,21,4,8,6.2794844995496994,13
1145,20,45,5,17,6.270373633442785,28
1146,69,11,96,4,6.268969865653719,7
1147,15,12,95,5,6.265255655621163,7
1148,92,22,39,10,6.263991845659126,12
1149,108,18,87,7,6.262008842945723,11
1150,43,17,5,7,6.250727481432205,10
1151,104,41,50,16,6.230364171354915,25
1152,16,42,91,15,6.227187272730326,27
1153,13,17,6,7,6.226729543003945,10
1154,72,12,68,5,6.2229147971092145,7
1155,65,15,6,6,6.216451840954273,9
1156,47,14,28,6,6.211297191624255,8
1157,46,24,39,12,6.2104681559769475,12
1158,35,15,84,6,6.209299301194261,9
1159,74,28,70,13,6.203999405338755,15
1160,63,28,2,12,6.200018491851485,16
1161,91,12,71,5,6.187474142289449,7
1162,55,14,35,6,6.181710197353361,8
1163,97,23,76,10,6.171425808149794,13
1164,65,45,20,17,6.171028105010781,28
1165,57,21,102,9,6.169321397774083,12
1166,13,47,36,18,6.167141158071529,29
1167,63,10,89,3,6.159771716986653,7
1168,31,15,112,5,6.149641402394961,10
1169,54,31,68,12,6.129451922490282,19
1170,55,24,97,9,6.128965912516967,15
1171,25,35,88,12,6.123879676950231,23
1172,86,55,39,24,6.1213596693037005,31
1173,81,13,31,4,6.117159791325403,9
1174,39,18,29,8,6.11667916860653,10
1175,90,12,7,5,6.108519045195328,7
1176,111,23,107,11,6.08814286411973,12
1177,79,10,108,3,6.083927302918588,7
1178,64,16,3,6,6.081103034121076,10
1179,70,29,20,11,6.080511379179193,18
1180,55,10,69,4,6.075582313218194,6
1181,74,14,48,7,6.068043245358376,7
1182,23,27,41,11,6.068042449918637,16
1183,23,18,28,8,6.06620277166243,10
1184,63,24,18,9,6.046455003215173,15
1185,8,16,32,7,6.041444852098721,9
1186,7,24,98,9,6.0336860037819795,15
1187,75,31,31,14,6.033482134287373,17
1188,16,20,79,8,6.0309592755619885,12
1189,64,38,86,16,6.030765339147399,22
1190,91,17,50,6,6.027790824025911,11
1191,95,20,46,8,6.027785407812038,12
1192,15,18,81,8,6.020952084821452,10
1193,100,14,17,4,6.011059679512766,10
1194,65,61,88,23,6.004362907857696,38
1195,37,19,100,7,6.000890669706824,12
1196,107,32,3,15,5.999011076330673,17
1197,114,25,31,11,5.991876520395493,14
1198,64,20,18,8,5.974775055211904,12
1199,69,12,54,5,5.973066602774385,7
1200,97,18,40,7,5.966918416140386,11
1201,12,10,38,4,5.966686013029674,6
1202,104,19,17,8,5.965485227876699,11
1203,68,52,53,21,5.964244334939563,31
1204,86,34,17,16,5.961143965020203,18
1205,97,12,10,6,5.950831581917705,6
1206,39,12,14,5,5.947548147792332,7
1207,33,15,7,7,5.9471342175078945,8
1208,28,15,53,6,5.9457443646332715,9
1209,98,25,76,10,5.944337446211659,15
1210,41,15,43,6,5.943674988011269,9
1211,104,50,28,21,5.941710221571149,29
1212,74,11,30,5,5.935013522041515,6
1213,37,45,63,18,5.933785173114154,27
1214,73,20,114,8,5.924435121305103,12
1215,93,10,63,4,5.9175632502755855,6
1216,16,83,87,35,5.915679092980692,48
1217,41,15,45,5,5.9144627061547626,10
1218,6,17,107,7,5.906261036560345,10
1219,46,12,1,6,5.891865749051654,6
1220,74,34,84,16,5.891399521581718,18
1221,109,19,34,8,5.8910600256239505,11
1222,64,34,51,14,5.888421423830696,20
1223,46,12,36,5,5.882094180819339,7
1224,62,17,9,7,5.86600144742425,10
1225,54,36,95,16,5.865979569344106,20
1226,34,17,7,7,5.863504951401833,10
1227,7,20,112,8,5.8633899504874805,12
1228,104,37,55,15,5.856904127783749,22
1229,74,37,46,14,5.850135921281393,23
1230,58,13,87,5,5.8383296210552,8
1231,3,12,18,4,5.832827231063855,8
1232,40,16,5,7,5.820527251695649,9
1233,100,10,49,5,5.813425744151518,5
1234,80,28,106,11,5.812470547213421,17
1235,79,13,20,5,5.810117746469002,8
1236,16,38,62,14,5.806515303304726,24
1237,71,48,13,21,5.805132526236809,27
1238,91,19,31,7,5.801858258461766,12
1239,7,45,64,20,5.801061458968774,25
1240,74,28,55,12,5.797157459674129,16
1241,98,26,63,11,5.795644107915217,15
1242,15,10,43,4,5.792521091011201,6
1243,11,19,35,8,5.768399159544,11
1244,58,13,53,7,5.756559382638666,6
1245,23,13,47,5,5.755142063292807,8
1246,36,12,77,5,5.751140829309578,7
1247,25,42,106,16,5.73768822242091,26
1248,13,48,25,22,5.729332953997915,26
1249,45,14,9,5,5.727853500458987,9
1250,25,26,51,11,5.72613511284895,15
1251,98,13,17,6,5.723425305113809,7
1252,6,10,12,5,5.722414314921584,5
1253,41,18,37,7,5.716493275276269,11
1254,23,10,102,4,5.7160538226538815,6
1255,34,10,27,5,5.713456149542282,5
1256,62,13,69,6,5.706165822809074,7
1257,30,46,16,19,5.705241946203532,27
1258,74,22,109,8,5.703058853572775,14
1259,53,17,62,7,5.701449545318567,10
1260,70,10,32,5,5.692479372096213,5
1261,23,10,43,4,5.689859175567734,6
1262,106,46,5,18,5.689619439430471,28
1263,30,25,55,10,5.686463879094618,15
1264,63,23,38,8,5.685369937239836,15
1265,102,10,95,4,5.685319962340818,6
1266,54,11,12,5,5.67450373056912,6
1267,94,10,25,5,5.671887186214519,5
1268,75,39,37,14,5.670197882049105,25
1269,16,31,99,13,5.665818337043021,18
1270,16,48,37,20,5.664774565241773,28
1271,54,11,82,4,5.664278302313932,7
1272,43,12,68,5,5.6614021510813615,7
1273,9,13,61,5,5.652969843590383,8
1274,4,10,97,4,5.649870700339136,6
1275,39,13,97,5,5.649731064357227,8
1276,73,23,74,9,5.649045009007229,14
1277,84,17,76,7,5.642369532504397,10
1278,108,14,98,6,5.640790264148573,8
1279,85,10,11,4,5.636472097896452,6
1280,75,46,51,20,5.632745764536371,26
1281,86,28,73,13,5.62531345595925,15
1282,5,21,17,7,5.625033929201379,14
1283,19,10,5,4,5.623378775596127,6
1284,95,26,50,11,5.619957219349123,15
1285,16,48,50,20,5.617696720442929,28
1286,30,14,90,6,5.614315415339312,8
1287,100,15,50,6,5.612526049660052,9
1288,38,13,18,6,5.608114426083465,7
1289,70,17,98,6,5.604121247592221,11
1290,62,21,68,9,5.591004045591886,12
1291,39,13,94,5,5.582337685105467,8
1292,3,10,98,5,5.570597398737187,5
1293,42,11,69,5,5.570250078296481,6
1294,84,25,57,12,5.566733949257732,13
1295,37,60,104,24,5.563475261062019,36
1296,31,10,95,4,5.5581891593402775,6
1297,46,11,4,5,5.55622187464566,6
1298,8,41,25,16,5.550067480025434,25
1299,36,53,31,23,5.548564460468652,30
1300,25,18,84,7,5.5466876181289715,11
1301,20,22,2,9,5.544865436021075,13
1302,86,51,75,23,5.544222274149607,28
1303,75,16,84,7,5.542746956131477,9
1304,65,26,69,11,5.540534749641236,15
1305,15,12,30,5,5.538463534767753,7
1306,106,31,23,15,5.535479536227778,16
1307,114,45,68,19,5.528966703625285,26
1308,30,23,88,11,5.525413582454542,12
1309,33,14,102,6,5.525239013163607,8
1310,88,24,57,11,5.524909922819241,13
1311,28,33,7,13,5.522079859732702,20
1312,26,20,13,7,5.520285333416165,13
1313,62,10,20,4,5.517288163699186,6
1314,87,59,37,24,5.516733087496062,35
1315,28,35,9,16,5.5146514821295405,19
1316,95,19,83,7,5.510188596504647,12
1317,32,13,109,6,5.5080518973086185,7
1318,18,40,75,17,5.507084301877024,23
1319,49,11,62,4,5.504794732699013,7
1320,67,10,102,4,5.49724656177184,6
1321,18,10,62,4,5.493140482819633,6
1322,78,22,57,10,5.493093290030978,12
1323,65,49,40,21,5.488110460552834,28
1324,49,14,77,5,5.486596578437728,9
1325,47,12,69,5,5.485890015271255,7
1326,114,23,70,9,5.484820175107314,14
1327,14,10,75,4,5.479308338136782,6
1328,86,29,78,12,5.470278451303892,17
1329,80,11,68,4,5.466227321340817,7
1330,75,43,71,16,5.454468163058883,27
1331,97,18,57,8,5.45235309786646,10
1332,93,11,51,5,5.442643801494353,6
1333,28,14,85,6,5.4424150325876255,8
1334,16,52,68,20,5.441952996669662,32
1335,91,18,18,7,5.437015235679076,11
1336,87,65,65,26,5.421192101641339,39
1337,49,11,37,5,5.40579366661915,6
1338,4,11,58,4,5.405037105567146,7
1339,9,11,66,5,5.404825557202403,6
1340,84,10,64,3,5.401793074305331,7
1341,84,21,29,9,5.397730038072924,12
1342,54,31,90,13,5.397442007333916,18
1343,7,18,30,9,5.390495309133068,9
1344,102,12,91,5,5.3824279840876725,7
1345,64,21,8,8,5.374033093425483,13
1346,75,30,63,13,5.362343223381901,17
1347,86,21,77,8,5.357357465897487,13
1348,7,35,97,16,5.356987360153851,19
1349,43,25,88,10,5.351866788536155,15
1350,62,18,65,8,5.34575502328806,10
1351,86,86,88,36,5.345596536414867,50
1352,80,32,55,15,5.338178788284693,17
1353,97,14,102,5,5.335160623731844,9
1354,107,45,9,20,5.322061725590964,25
1355,61,15,60,7,5.316729344745585,8
1356,85,16,96,5,5.314304637448895,11
1357,28,13,49,6,5.31428031912519,7
1358,111,25,55,10,5.307717141421055,15
1359,109,12,22,5,5.303001885552313,7
1360,40,49,39,20,5.294535177326297,29
1361,99,21,86,8,5.291638236148403,13
1362,14,19,28,7,5.288795345484194,12
1363,107,63,104,26,5.280992676308756,37
1364,56,11,88,5,5.280224334897691,6
1365,28,11,92,4,5.26619903758234,7
1366,107,24,62,12,5.261786874758226,12
1367,35,11,31,5,5.255104723881263,6
1368,25,26,40,11,5.242222631716463,15
1369,98,15,40,7,5.239271076053035,8
1370,65,15,14,7,5.239230657167624,8
1371,91,21,25,9,5.236778929543691,12
1372,15,19,104,8,5.235404007755863,11
1373,13,20,94,8,5.233812719507387,12
1374,88,17,112,7,5.231027938888666,10
1375,20,37,96,15,5.229501973456113,22
1376,35,11,5,5,5.226534281744142,6
1377,54,54,106,25,5.222938310920249,29
1378,40,22,37,10,5.2189812618502875,12
1379,33,12,91,6,5.213867650447791,6
1380,41,15,89,6,5.196780511481055,9
1381,40,13,113,5,5.193726392686624,8
1382,16,100,7,43,5.189537370049017,57
1383,75,17,97,7,5.183439015487436,10
1384,64,32,65,14,5.182122584236017,18
1385,75,26,47,9,5.17693162231529,17
1386,107,60,20,26,5.163543558398883,34
1387,91,11,56,5,5.1601828143932735,6
1388,67,12,5,5,5.159840528973067,7
1389,111,14,39,6,5.158992286191915,8
1390,8,54,63,24,5.156454172512435,30
1391,76,28,50,10,5.151966096130058,18
1392,106,24,9,10,5.150083731218861,14
1393,44,15,88,7,5.148664566159752,8
1394,35,12,51,5,5.14727626674268,7
1395,40,12,69,4,5.137627663794988,8
1396,36,21,3,8,5.136055944816986,13
1397,40,30,58,14,5.133397385337812,16
1398,100,16,55,8,5.1129537660427005,8
1399,75,18,4,7,5.112428644465592,11
1400,55,23,70,10,5.1032220329288345,13
1401,53,25,104,11,5.0942603831986055,14
1402,60,24,95,10,5.089480392621887,14
1403,32,10,20,3,5.082163415292109,7
1404,90,13,33,5,5.072843762888294,8
1405,78,11,34,5,5.07188053201235,6
1406,46,17,65,6,5.066104910854949,11
1407,30,32,71,14,5.063953126216741,18
1408,53,26,112,13,5.062618261015588,13
1409,55,29,63,13,5.056066807562624,16
1410,75,41,9,17,5.040607611984742,24
1411,65,12,52,4,5.0369958566437525,8
1412,63,32,13,14,5.0254768605942015,18
1413,81,14,63,6,5.016441825370756,8
1414,16,35,49,15,5.007093096161221,20
1415,93,26,5,10,5.004460526821323,16
1416,7,41,106,20,5.003800212982272,21
1417,32,12,68,4,4.994599728673895,8
1418,104,30,63,13,4.993963037729944,17
1419,74,15,71,7,4.993812181109021,8
1420,50,23,31,10,4.99199978599778,13
1421,27,25,39,12,4.989393098929608,13
1422,85,22,84,8,4.986493595049526,14
1423,23,17,15,7,4.9841342107101605,10
1424,7,30,47,12,4.980252625346256,18
1425,29,11,93,5,4.97512545826624,6
1426,40,49,107,19,4.964616090179718,30
1427,109,16,38,6,4.964461961570972,10
1428,62,12,8,4,4.9642207369004785,8
1429,96,23,90,9,4.963939687748078,14
1430,39,18,77,8,4.961640817784317,10
1431,13,32,8,13,4.955794878282507,19
1432,56,19,68,9,4.94813216675333,10
1433,76,12,49,5,4.943121216792114,7
1434,77,14,87,6,4.942401920251487,8
1435,93,27,28,10,4.941127481170006,17
1436,85,19,54,7,4.939303305813314,12
1437,23,42,88,16,4.935782926079016,26
1438,43,13,19,5,4.933709936661164,8
1439,114,22,9,7,4.931319071415342,15
1440,86,40,36,17,4.927433251240005,23
1441,74,56,106,24,4.924754963776778,32
1442,100,42,107,20,4.917720682127928,22
1443,65,75,107,32,4.913631286672482,43
1444,54,12,108,4,4.909695920764135,8
1445,38,12,28,6,4.907164394244691,6
1446,16,30,27,12,4.893770452152811,18
1447,83,39,5,18,4.890865835189014,21
1448,28,59,84,25,4.889044052283284,34
1449,62,25,71,11,4.888439777720533,14
1450,65,44,9,18,4.887961308210911,26
1451,8,12,3,7,4.88781937501622,5
1452,69,11,95,4,4.882909765417961,7
1453,30,11,114,5,4.8820710984651585,6
1454,81,15,18,6,4.877040041598752,9
1455,85,12,88,5,4.8737543176102305,7
1456,87,27,57,11,4.871666288606831,16
1457,37,54,106,25,4.865641247327302,29
1458,5,10,89,3,4.86246564090175,7
1459,29,15,86,6,4.85809342782401,9
1460,97,12,32,5,4.851459349576839,7
1461,104,23,100,9,4.850527098250832,14
1462,20,10,38,3,4.844230675667008,7
1463,5,30,51,11,4.841333405150811,19
1464,83,20,64,9,4.840996077098241,11
1465,75,39,39,18,4.835166255544909,21
1466,27,13,57,6,4.834692393096014,7
1467,8,15,67,6,4.831909846155583,9
1468,31,19,25,9,4.823839301099763,10
1469,100,33,86,16,4.820701885589361,17
1470,14,15,54,5,4.820525855929132,10
1471,23,27,68,13,4.81982927042641,14
1472,74,11,85,5,4.812388004493803,6
1473,83,30,8,14,4.811627367676455,16
1474,6,12,106,5,4.810944704219048,7
1475,16,97,107,37,4.810536055926654,60
1476,2,25,106,11,4.808494527305082,14
1477,69,11,85,5,4.808257383801068,6
1478,96,13,108,6,4.805162668071275,7
1479,75,22,96,7,4.801381492311931,15
1480,111,11,25,5,4.797175922879397,6
1481,8,29,9,15,4.796436219845455,14
1482,52,13,20,5,4.795236183864801,8
1483,9,17,1,9,4.794059502939978,8
1484,76,33,5,14,4.788314400539968,19
1485,114,17,84,7,4.7880408533114105,10
1486,88,52,9,22,4.778873320006728,30
1487,87,48,50,22,4.77809392160859,26
1488,9,12,5,5,4.777710715122403,7
1489,1,14,17,6,4.774691835698866,8
1490,90,13,70,6,4.771084444295362,7
1491,12,15,31,7,4.770632464521183,8
1492,60,16,97,8,4.770560692259114,8
1493,15,21,54,10,4.76375884247427,11
1494,64,31,41,12,4.758473174288668,19
1495,93,16,50,6,4.755526241513054,10
1496,90,30,5,12,4.752640516818983,18
1497,25,16,77,7,4.745845616411638,9
1498,55,57,65,25,4.744057377410872,32
1499,97,11,3,4,4.740273088979023,7
1500,8,41,46,19,4.737192297274268,22
1501,13,56,87,22,4.736199864166477,34
1502,6,11,46,5,4.730994669309113,6
1503,15,14,75,5,4.729161606780822,9
1504,47,17,86,7,4.720142586161402,10
1505,15,10,72,4,4.7131251167737505,6
1506,28,37,18,17,4.710953949587104,20
1507,43,16,71,8,4.70977023229907,8
1508,20,23,46,8,4.708713070266485,15
1509,88,31,18,14,4.699584875943507,17
1510,55,45,60,20,4.699539635247214,25
1511,97,10,62,4,4.689387738532959,6
1512,60,26,41,12,4.687979614839915,14
1513,71,16,5,7,4.686451238703377,9
1514,13,48,64,23,4.67021662986664,25
1515,52,12,8,5,4.669562642233978,7
1516,80,13,64,6,4.665596394208,7
1517,55,14,98,5,4.662824671110214,9
1518,28,19,100,8,4.660885966766407,11
1519,25,15,47,7,4.655390231832646,8
1520,30,29,60,10,4.653426738413294,19
1521,27,15,25,7,4.649655011418165,8
1522,63,39,96,15,4.649023449526137,24
1523,7,95,88,42,4.646605378714697,53
1524,6,21,16,10,4.642825718029857,11
1525,73,14,13,6,4.642713338622983,8
1526,73,19,109,8,4.637139105733967,11
1527,60,22,25,10,4.636282806493916,12
1528,106,15,110,7,4.633960085739299,8
1529,16,106,51,47,4.6266128464726055,59
1530,8,63,87,27,4.62091726825585,36
1531,49,17,9,8,4.620658268254684,9
1532,7,42,55,17,4.609551229914398,25
1533,37,72,86,32,4.607837359690983,40
1534,88,10,66,4,4.60434245546846,6
1535,7,35,3,14,4.603775118928216,21
1536,23,11,30,5,4.601908928188203,6
1537,77,13,95,6,4.60149322445291,7
1538,50,32,96,14,4.592653394244439,18
1539,60,30,8,14,4.584471076654316,16
1540,99,16,65,7,4.579704538683142,9
1541,7,23,58,11,4.575034525669344,12
1542,99,14,95,6,4.572737764013027,8
1543,99,16,104,8,4.5627492392393,8
1544,70,15,23,7,4.554568026577778,8
1545,74,10,112,4,4.553694289700708,6
1546,83,15,46,7,4.551826612706301,8
1547,99,18,15,7,4.551461310618723,11
1548,1,11,39,6,4.548291694643937,5
1549,76,36,107,13,4.544662386882575,23
1550,23,24,76,11,4.537606040144393,13
1551,8,24,102,11,4.537070383836359,13
1552,71,28,68,11,4.532265816801447,17
1553,106,23,75,11,4.532198108241345,12
1554,50,71,28,30,4.530365152854881,41
1555,37,43,55,20,4.516821858156878,23
1556,28,16,29,7,4.513248021932702,9
1557,11,21,98,10,4.513098149532237,11
1558,80,10,69,5,4.508733977407145,5
1559,62,10,104,3,4.50664568251795,7
1560,78,17,54,7,4.506577020775673,10
1561,87,13,110,5,4.501644038521952,8
1562,17,13,43,6,4.501405777799933,7
1563,75,20,112,8,4.4989690721071325,12
1564,93,15,37,6,4.493445665639034,9
1565,55,11,27,5,4.4890470852362,6
1566,93,15,11,5,4.484686270589562,10
1567,95,33,107,15,4.475609109265348,18
1568,96,31,25,14,4.4728328775528,17
1569,91,10,57,5,4.468260927215541,5
1570,37,18,32,8,4.466542082918521,10
1571,3,15,50,7,4.464463620895282,8
1572,75,43,88,18,4.458661851679068,25
1573,49,15,64,7,4.458412060664093,8
1574,77,11,97,4,4.4549011553839994,7
1575,50,12,73,4,4.454782630059153,8
1576,95,44,16,20,4.453378575583387,24
1577,7,67,31,29,4.4532123702344615,38
1578,2,42,50,18,4.448957186147168,24
1579,13,33,37,14,4.448467961015427,19
1580,95,15,109,6,4.444131433700797,9
1581,1,24,51,11,4.443642769643948,13
1582,45,11,88,4,4.4416566980945715,7
1583,86,58,46,22,4.4330627489504755,36
1584,16,35,53,14,4.432680586189367,21
1585,23,14,20,6,4.42777867543601,8
1586,102,20,87,8,4.423994697827657,12
1587,99,30,13,13,4.420966828834258,17
1588,7,64,53,28,4.416213736910661,36
1589,64,12,57,5,4.409680008541512,7
1590,114,20,64,8,4.407773657880817,12
1591,107,32,38,13,4.39393220007557,19
1592,41,16,112,7,4.393369197219724,9
1593,111,20,86,8,4.3910837466552355,12
1594,51,26,43,12,4.390788502279346,14
1595,65,23,76,9,4.385586505985178,14
1596,87,24,49,12,4.380791657180537,12
1597,87,33,25,15,4.379098196808542,18
1598,60,13,98,6,4.372454949323835,7
1599,85,12,51,6,4.372397467367473,6
1600,55,24,9,10,4.371040618945099,14
1601,55,13,58,6,4.369004483506264,7
1602,40,23,23,10,4.368423326803309,13
1603,94,20,87,9,4.367418143965146,11
1604,33,13,11,7,4.365968233102095,6
1605,11,32,54,14,4.365388363672616,18
1606,64,31,71,12,4.35947313780117,19
1607,104,31,54,14,4.355933806560286,17
1608,47,24,88,11,4.347102674354304,13
1609,70,29,65,11,4.343984179663613,18
1610,51,43,46,18,4.337483774616596,25
1611,60,12,22,5,4.334241842742782,7
1612,95,19,41,8,4.332143979792177,11
1613,98,23,37,10,4.327931130640237,13
1614,4,22,40,10,4.316643149060896,12
1615,70,14,71,7,4.315612188206775,7
1616,97,23,17,10,4.3134285513049555,13
1617,17,19,20,8,4.3112321942034,11
1618,50,10,52,5,4.308197298973349,5
1619,16,42,71,17,4.305176391927468,25
1620,20,22,109,8,4.302333411252667,14
1621,25,28,54,12,4.300413553073274,16
1622,7,22,38,10,4.300171500471753,12
1623,20,21,44,9,4.299103845073809,12
1624,30,30,54,13,4.29530490019164,17
1625,20,63,54,30,4.290782184792432,33
1626,68,17,94,8,4.284931423956807,9
1627,86,54,104,24,4.27625100960502,30
1628,9,27,54,12,4.272544772651765,15
1629,33,12,96,7,4.271042933020869,5
1630,103,16,16,7,4.27064958267566,9
1631,100,22,13,9,4.266245772639934,13
1632,68,17,19,8,4.263483624296963,9
1633,23,33,87,13,4.256680488948144,20
1634,104,17,80,8,4.256665633473226,9
1635,106,14,34,7,4.243674039664675,7
1636,31,12,74,5,4.240578281890586,7
1637,109,16,65,5,4.2330518085976205,11
1638,107,25,49,12,4.230551361616076,13
1639,71,11,44,5,4.223524348839462,6
1640,4,19,18,8,4.220670692754494,11
1641,87,21,31,10,4.220659397575877,11
1642,41,41,68,18,4.207626519911898,23
1643,65,56,36,24,4.205692860728479,32
1644,15,11,40,5,4.201647176656486,6
1645,86,116,5,50,4.198444147829554,66
1646,23,18,100,7,4.197161790157007,11
1647,7,14,48,7,4.194687020035504,7
1648,30,13,109,5,4.185496549607356,8
1649,23,27,25,12,4.182190113226028,15
1650,80,18,7,7,4.182061930373814,11
1651,13,20,72,10,4.17984552954523,10
1652,12,17,68,7,4.176829780683942,10
1653,86,29,62,13,4.168140003828563,16
1654,60,10,62,4,4.155747625311636,6
1655,96,13,3,6,4.149840606440919,7
1656,20,13,73,5,4.146065391689569,8
1657,13,28,77,12,4.1425538330063505,16
1658,53,47,71,20,4.141303557057986,27
1659,3,29,87,12,4.14016519723393,17
1660,11,11,69,4,4.13792149131312,7
1661,71,11,20,4,4.13643055739397,7
1662,76,32,104,13,4.1357118218948905,19
1663,45,22,65,11,4.1259231703887,11
1664,28,31,102,14,4.125433119952879,17
1665,29,11,106,5,4.122686341567239,6
1666,86,33,112,14,4.113604145090605,19
1667,84,13,19,6,4.111819285053133,7
1668,94,20,107,7,4.110404459710983,13
1669,93,14,109,6,4.103558953267082,8
1670,83,20,93,9,4.100880722204593,11
1671,20,24,35,10,4.098728722002914,14
1672,87,21,97,8,4.089970328864312,13
1673,36,11,19,5,4.088590218421688,6
1674,74,22,50,10,4.086243740312162,12
1675,87,38,60,18,4.07068260924909,20
1676,43,10,95,4,4.063398320607949,6
1677,51,13,38,5,4.063140921851932,8
1678,34,10,38,4,4.0610942900478735,6
1679,51,27,69,11,4.050423840769316,16
1680,32,10,40,5,4.050021677419869,5
1681,104,73,65,33,4.049259983805755,40
1682,11,13,79,7,4.047561716338114,6
1683,7,21,50,10,4.045740478776832,11
1684,1,10,43,5,4.038976715758721,5
1685,9,18,38,8,4.035727579019442,10
1686,71,13,47,6,4.030916530509353,7
1687,104,16,3,7,4.020656220421076,9
1688,104,44,51,17,4.0154244082227635,27
1689,8,20,110,8,4.013172679497404,12
1690,55,36,54,17,4.011039158800403,19
1691,13,59,46,25,4.009188890622042,34
1692,66,12,31,5,4.008754872558654,7
1693,15,20,68,8,3.9796921857169054,12
1694,96,12,14,5,3.975747798085754,7
1695,13,74,107,34,3.9644937978916985,40
1696,72,10,112,5,3.9604865049780456,5
1697,74,24,93,11,3.9601017688790825,13
1698,65,34,17,13,3.9540701507148905,21
1699,88,50,104,21,3.9536343834384886,29
1700,34,12,76,6,3.9517678907570333,6
1701,6,11,40,5,3.9442678680230823,6
1702,80,10,97,4,3.9365866928471034,6
1703,97,35,16,16,3.9340820840887147,19
1704,57,11,50,4,3.9290278222481443,7
1705,64,28,63,13,3.927368902324373,15
1706,5,28,2,12,3.923277825320168,16
1707,37,38,70,16,3.9227382855891664,22
1708,89,13,86,7,3.91749283769541,6
1709,60,21,96,7,3.912428069824762,14
1710,98,19,49,9,3.906322793569991,10
1711,102,26,37,11,3.9015784283610255,15
1712,18,13,20,5,3.8928283548315483,8
1713,55,44,11,18,3.8920841591670343,26
1714,76,13,62,6,3.8913968956310088,7
1715,74,39,63,18,3.890775716060593,21
1716,11,15,17,7,3.886158778436342,8
1717,11,66,86,30,3.8839885249298893,36
1718,1,11,112,6,3.882693398534097,5
1719,30,11,108,5,3.8822679511938505,6
1720,85,24,107,11,3.8809089622921884,13
1721,18,13,98,7,3.8754830902904014,6
1722,95,36,87,16,3.86940077356921,20
1723,108,11,68,5,3.868849039567309,6
1724,11,16,51,8,3.8660778701548058,8
1725,41,25,114,12,3.854494902198664,13
1726,65,34,111,14,3.8475275648066685,20
1727,46,50,54,22,3.846547643547206,28
1728,28,11,31,5,3.8453747580936164,6
1729,18,23,31,11,3.843025830767866,12
1730,20,26,7,12,3.839940256500117,14
1731,38,13,46,5,3.833859769343221,8
1732,91,26,13,12,3.831748260733109,14
1733,30,38,87,17,3.8298987122526285,21
1734,70,30,51,14,3.8297117807076555,16
1735,27,33,51,13,3.8273141839627884,20
1736,44,16,87,7,3.8267549460576484,9
1737,60,12,66,4,3.826632219817407,8
1738,4,11,3,5,3.825046392091852,6
1739,44,14,64,6,3.8242226428845654,8
1740,55,21,4,10,3.821660634263142,11
1741,49,10,3,4,3.8208441036339096,6
1742,86,32,18,13,3.8203668272153473,19
1743,57,24,51,11,3.8150188472138704,13
1744,5,28,91,11,3.8146250930665166,17
1745,110,16,5,7,3.8138584796050923,9
1746,39,12,78,6,3.805891795343841,6
1747,20,13,104,5,3.7974160411444706,8
1748,91,29,107,12,3.7951757088821294,17
1749,19,11,86,5,3.7947428736900832,6
1750,80,13,60,6,3.7883602235098173,7
1751,94,12,37,5,3.788108137633396,7
1752,7,10,93,5,3.7802315490169653,5
1753,107,48,23,22,3.7778307981128205,26
1754,104,13,92,7,3.7768187223532306,6
1755,63,19,4,8,3.775833657808686,11
1756,16,90,65,39,3.773083718958002,51
1757,13,69,40,31,3.7693846533253215,38
1758,47,13,15,6,3.7602698343279473,7
1759,88,16,6,7,3.757051253043465,9
1760,51,33,109,12,3.752003613096799,21
1761,18,55,53,25,3.751842811643862,30
1762,19,12,30,5,3.7438637762244333,7
1763,53,42,40,19,3.7429391558119995,23
1764,1,13,4,5,3.736039087851971,8
1765,86,65,25,30,3.735239092039536,35
1766,43,23,94,11,3.7344951979764764,12
1767,15,22,107,8,3.7321712067825557,14
1768,39,17,81,7,3.728914203220537,10
1769,15,21,5,8,3.714734226349825,13
1770,6,12,86,5,3.7105107890774285,7
1771,106,17,43,8,3.7068539679712273,9
1772,60,25,28,13,3.7035703279957386,12
1773,39,48,53,21,3.6851162429567523,27
1774,114,37,51,18,3.6824882422691596,19
1775,34,19,55,9,3.680955248563573,10
1776,52,11,107,4,3.6792228295103513,7
1777,101,14,68,5,3.6742625668258913,9
1778,13,85,51,40,3.6737894713553576,45
1779,71,12,27,5,3.672482180614424,7
1780,80,25,87,11,3.671802865102301,14
1781,16,72,8,31,3.670458172636511,41
1782,14,10,112,4,3.6656549551955337,6
1783,9,11,19,5,3.6655477701213575,6
1784,97,33,96,16,3.657438935158263,17
1785,53,11,100,5,3.656950058764998,6
1786,63,22,23,9,3.656375723040438,13
1787,90,10,71,5,3.6561036030201253,5
1788,107,21,32,10,3.6546977761524686,11
1789,109,15,9,8,3.6538651478462696,7
1790,17,11,18,6,3.651905683853181,5
1791,23,47,65,22,3.6506323242088645,25
1792,27,13,50,5,3.6503401008022798,8
1793,16,19,2,8,3.6499962386684337,11
1794,14,10,70,5,3.647042134114848,5
1795,87,89,107,40,3.6448361997170085,49
1796,75,14,108,6,3.6340908116173014,8
1797,43,19,18,10,3.6267699505365183,9
1798,55,13,94,6,3.6120696685756317,7
1799,16,108,86,47,3.601972343874913,61
1800,34,14,13,7,3.5918746626908384,7
1801,58,13,71,6,3.5901555481142546,7
1802,97,10,95,4,3.58943247133478,6
1803,20,50,28,22,3.578415489537416,28
1804,88,59,68,26,3.5734126611884127,33
1805,33,12,23,5,3.5712223539857573,7
1806,81,15,3,6,3.5653849933326986,9
1807,41,25,69,9,3.5647588534800043,16
1808,64,11,33,4,3.5581108018586245,7
1809,7,90,86,38,3.5577462755235447,52
1810,28,19,36,9,3.5549996153541237,10
1811,23,13,57,6,3.554408044637193,7
1812,30,13,4,6,3.554167963462701,7
1813,19,19,16,9,3.5481261134764632,10
1814,28,27,76,13,3.5440767696346986,14
1815,40,65,36,28,3.5400829247343655,37
1816,16,18,93,9,3.5376678262602517,9
1817,88,26,69,11,3.536532050456282,15
1818,44,15,7,7,3.5352660207554516,8
1819,93,17,25,8,3.5300397889756283,9
1820,20,17,76,9,3.5278207011714735,8
1821,63,18,43,8,3.524851733785241,10
1822,16,39,17,15,3.5193037187836715,24
1823,8,38,104,17,3.50734140656749,21
1824,49,10,33,4,3.5057518320537766,6
1825,74,16,23,7,3.505315761927058,9
1826,85,14,68,5,3.5027894631624408,9
1827,49,18,63,8,3.500149915800845,10
1828,50,26,9,11,3.4989626487903873,15
1829,97,36,114,16,3.4948097299506915,20
1830,62,13,36,6,3.489528327052378,7
1831,36,30,51,14,3.4874600225025074,16
1832,12,18,71,8,3.487442945948432,10
1833,25,20,70,9,3.484518115943736,11
1834,55,16,18,8,3.4810467173744706,8
1835,96,57,54,28,3.4766133859583515,29
1836,23,10,81,4,3.474530372802633,6
1837,73,14,16,7,3.4738693799097953,7
1838,74,60,5,28,3.469996146708342,32
1839,46,23,76,10,3.468954234576547,13
1840,13,32,1,13,3.4629329225242813,19
1841,106,49,51,22,3.457607975311814,27
1842,33,23,5,11,3.454327509177194,12
1843,37,21,23,10,3.453043705748743,11
1844,68,25,46,11,3.449465987108053,14
1845,76,28,55,11,3.4438952481653065,17
1846,60,58,40,26,3.4423663485116363,32
1847,114,29,39,14,3.441117211126096,15
1848,102,31,25,14,3.4382241991917164,17
1849,28,22,57,10,3.435107524098107,12
1850,4,12,37,5,3.421871703775507,7
1851,17,11,36,6,3.4172736451567545,5
1852,104,26,98,14,3.4091853213510754,12
1853,55,29,84,13,3.40123055779696,16
1854,68,20,17,8,3.395638967050425,12
1855,4,13,28,6,3.3940824912486867,7
1856,73,10,104,4,3.391491099464731,6
1857,51,46,84,20,3.389962688099836,26
1858,39,48,55,21,3.389422612270981,27
1859,19,13,88,6,3.388300396354987,7
1860,60,28,9,11,3.384232112219374,17
1861,36,28,55,13,3.383336577257353,15
1862,73,15,98,7,3.380055365181917,8
1863,100,13,44,6,3.3720452657314226,7
1864,107,56,55,26,3.3696189355898034,30
1865,72,11,17,5,3.366212975674707,6
1866,40,17,20,7,3.3649339637959645,10
1867,54,25,97,12,3.3648153427656755,13
1868,14,23,8,10,3.3634201583462158,13
1869,16,24,47,11,3.3618794644533074,13
1870,54,12,3,6,3.355227899021248,6
1871,88,30,70,13,3.3524090493184278,17
1872,83,10,20,5,3.3478898251644025,5
1873,40,15,91,7,3.345577169162442,8
1874,16,47,70,20,3.3445553948476245,27
1875,75,13,33,5,3.342736023465548,8
1876,54,20,98,9,3.3414082574982986,11
1877,68,13,5,6,3.3380294056441144,7
1878,71,13,76,7,3.3359186512389036,6
1879,69,12,109,5,3.3344685187765166,7
1880,41,19,50,8,3.331657114556134,11
1881,28,26,17,12,3.328116205795544,14
1882,49,18,30,8,3.318164342935082,10
1883,97,16,84,6,3.316428205809935,10
1884,60,31,75,14,3.3139158628036856,17
1885,86,11,66,5,3.3092941516234364,6
1886,28,12,15,6,3.3076634264923883,6
1887,28,29,48,13,3.3030143286202387,16
1888,104,60,5,28,3.3007473735225052,32
1889,57,22,41,9,3.2995392233028893,13
1890,107,22,47,10,3.281473065538477,12
1891,76,15,102,7,3.2812100247175247,8
1892,60,49,86,22,3.275471722293173,27
1893,114,13,67,6,3.2746706512348434,7
1894,85,12,17,5,3.2737777276415283,7
1895,70,14,93,6,3.271451863431868,8
1896,13,12,102,4,3.269263582511039,8
1897,13,114,7,52,3.2643026156976367,62
1898,28,56,54,25,3.2622780281799852,31
1899,76,14,95,6,3.2576515088397957,8
1900,7,24,74,9,3.257493143792888,15
1901,84,14,95,6,3.2568961944145873,8
1902,114,47,25,20,3.2540864225169766,27
1903,68,15,6,6,3.251551578791195,9
1904,41,45,16,22,3.2495789716339614,23
1905,28,11,27,4,3.2491657307621877,7
1906,68,18,8,8,3.2434866605613233,10
1907,99,25,60,11,3.2381944591027096,14
1908,107,49,36,23,3.234838704648264,26
1909,56,10,97,5,3.231426212036921,5
1910,2,21,87,9,3.2308938185741103,12
1911,16,18,35,7,3.2305329948687067,11
1912,4,21,16,11,3.2239938149007976,10
1913,23,55,7,25,3.2229283053761675,30
1914,97,29,63,13,3.2191950537106915,16
1915,55,39,28,16,3.2184704312839787,23
1916,9,11,100,4,3.213107615631006,7
1917,64,19,23,9,3.212372911598019,10
1918,17,16,74,7,3.211770551027832,9
1919,114,13,94,7,3.2111418203233515,6
1920,50,19,97,8,3.210625734622642,11
1921,60,47,31,24,3.2094707274879264,23
1922,84,15,60,5,3.2064037329190676,10
1923,106,28,17,11,3.2039846830051117,17
1924,44,12,76,5,3.2019945343572473,7
1925,36,41,39,18,3.1998605067578225,23
1926,55,49,5,22,3.1989531771818034,27
1927,68,14,81,6,3.1985312995714845,8
1928,88,61,5,29,3.1946532218196624,32
1929,37,54,50,26,3.188335276013606,28
1930,83,25,65,12,3.1850517665827933,13
1931,43,32,7,13,3.1749602918386857,19
1932,106,25,60,10,3.171261503808182,15
1933,110,16,86,7,3.1694821197260503,9
1934,54,48,51,22,3.1685476843403957,26
1935,90,14,74,5,3.1680613510289204,9
1936,13,17,62,8,3.1612952767397977,9
1937,68,36,1,16,3.1610454054119037,20
1938,68,17,49,8,3.160769369900104,9
1939,86,21,82,9,3.1586560919846263,12
1940,86,85,84,41,3.15758944772919,44
1941,87,13,17,6,3.1557879324593294,7
1942,75,23,23,12,3.1487336010920157,11
1943,112,11,43,5,3.1359235341148524,6
1944,60,61,88,26,3.1160238698452347,35
1945,36,11,80,5,3.115857421175661,6
1946,25,25,17,11,3.1106502600539105,14
1947,50,24,4,12,3.110559237136959,12
1948,63,91,86,38,3.106277287763664,53
1949,106,26,53,13,3.105027322219241,13
1950,109,25,106,12,3.1028448270841773,13
1951,92,15,60,6,3.101629065738582,9
1952,74,13,27,7,3.1002755903304404,6
1953,99,14,68,6,3.1001036150844663,8
1954,64,10,91,4,3.0993479020870796,6
1955,49,31,86,15,3.0977725602373374,16
1956,76,26,11,11,3.0870761355979353,15
1957,45,14,87,6,3.0862202973256596,8
1958,74,11,41,6,3.0735662157516845,5
1959,75,30,25,13,3.069551733540898,17
1960,20,22,55,10,3.0673393388469985,12
1961,60,40,114,22,3.0670908685799034,18
1962,71,18,25,8,3.0644100067848146,10
1963,48,14,55,6,3.06362691776684,8
1964,71,42,86,20,3.060669361739169,22
1965,63,14,79,6,3.0585606969501526,8
1966,38,13,96,6,3.0422152322461717,7
1967,27,20,87,9,3.0371137450576833,11
1968,25,39,65,16,3.0368934823131175,23
1969,62,10,3,4,3.036878886842652,6
1970,65,16,49,7,3.034256149542809,9
1971,27,12,99,6,3.0280763102634354,6
1972,86,107,87,53,3.0145371966175083,54
1973,6,27,7,15,3.013941061604383,12
1974,7,16,29,9,3.005492860131707,7
1975,20,47,37,22,3.004985214474966,25
1976,96,14,34,6,3.0017630147825622,8
1977,4,11,69,5,2.999484176661719,6
1978,27,10,18,5,2.996654278290002,5
1979,38,17,60,7,2.989624968675235,10
1980,100,25,7,11,2.9877637593718034,14
1981,6,12,51,6,2.980948961210987,6
1982,84,36,106,18,2.9754739608250116,18
1983,36,32,4,13,2.9739066740354185,19
1984,2,21,37,10,2.9697580112694486,11
1985,47,11,53,5,2.9672181618537916,6
1986,25,18,57,8,2.964934950553875,10
1987,114,23,46,10,2.9631435316072405,13
1988,80,16,8,8,2.9519293865537115,8
1989,86,31,38,14,2.9478210267751117,17
1990,18,20,65,10,2.9468351166959534,10
1991,41,32,40,15,2.9467288085082743,17
1992,30,17,76,7,2.9372015853586086,10
1993,36,20,87,8,2.935573250897663,12
1994,61,15,3,8,2.934761403571649,7
1995,8,24,100,10,2.9246971191484064,14
1996,9,31,63,14,2.9234885327226108,17
1997,74,82,86,39,2.921287780715151,43
1998,102,19,106,10,2.9207255392565097,9
1999,25,12,108,5,2.9132670669268244,7
2000,7,15,79,7,2.9111710091731053,8
2001,91,19,37,9,2.9050960547005245,10
2002,28,51,109,22,2.9004083862878955,29
2003,71,13,108,6,2.8992906212622866,7
2004,45,10,112,4,2.897726145007348,6
2005,44,10,70,5,2.8975248911261433,5
2006,68,20,78,9,2.8969266940151797,11
2007,112,12,19,5,2.8952293935903275,7
2008,9,20,84,9,2.891724480498798,11
2009,75,24,74,10,2.8903655619324433,14
2010,85,11,65,5,2.888798069516538,6
2011,85,13,16,5,2.881350637135497,8
2012,63,23,60,10,2.8746236800640075,13
2013,27,21,75,10,2.874214711599615,11
2014,87,21,69,9,2.873665118536541,12
2015,87,42,20,20,2.8691206159340576,22
2016,15,25,65,11,2.8623549532831603,14
2017,99,11,17,5,2.8559138463200195,6
2018,39,35,104,16,2.8536678809946237,19
2019,51,18,99,9,2.853477797374065,9
2020,73,16,96,7,2.8534303980093814,9
2021,68,17,57,8,2.851869956940863,9
2022,7,27,17,12,2.851329390836829,15
2023,74,20,18,10,2.84961422222247,10
2024,97,13,33,6,2.8486496222061595,7
2025,28,13,44,7,2.8461398630992765,6
2026,23,13,104,5,2.8445076862849494,8
2027,95,19,23,9,2.8404436396815522,10
2028,89,12,60,6,2.839673113881044,6
2029,16,14,58,6,2.8389435880706144,8
2030,77,18,65,9,2.836180648453274,9
2031,104,33,74,14,2.8329598216365466,19
2032,53,23,81,10,2.832269045840245,13
2033,40,14,109,6,2.8243745319718676,8
2034,16,21,38,8,2.8217292489636367,13
2035,18,13,71,6,2.821320109059578,7
2036,64,13,47,5,2.8212403790572256,8
2037,39,12,98,5,2.8139572577793732,7
2038,65,17,48,7,2.813018636762518,10
2039,68,33,106,15,2.8127952198562456,18
2040,1,32,36,16,2.8095303452930684,16
2041,99,15,41,7,2.8081672918617278,8
2042,106,14,112,7,2.805082024542767,7
2043,29,14,54,7,2.799406704814975,7
2044,50,20,109,9,2.7980846162026616,11
2045,4,25,114,12,2.797376255941943,13
2046,7,26,1,12,2.7932054952385035,14
2047,100,13,36,6,2.7923934619121087,7
2048,9,15,97,8,2.7891659901703596,7
2049,28,31,91,14,2.785819668061851,17
2050,8,50,11,22,2.78289927873935,28
2051,5,11,10,6,2.7716738654503197,5
2052,38,11,40,6,2.7715520430648577,5
2053,5,17,77,8,2.765837567194589,9
2054,86,79,8,39,2.762520741926733,40
2055,18,31,60,14,2.7592417090229198,17
2056,38,12,19,4,2.7513058656159664,8
2057,78,17,63,9,2.7493489255748647,8
2058,63,23,112,11,2.746965390570722,12
2059,97,22,104,11,2.7396377781056174,11
2060,99,12,63,6,2.7377253409939364,6
2061,65,50,106,23,2.735321183024918,27
2062,75,12,34,6,2.7327928404854553,6
2063,55,53,88,22,2.721264805593774,31
2064,104,31,70,14,2.720810924975006,17
2065,11,50,28,24,2.7199624016130106,26
2066,95,11,80,5,2.7197438471090796,6
2067,49,16,70,8,2.713121422106841,8
2068,16,86,13,38,2.7044647737102756,48
2069,12,14,18,6,2.7036570911929863,8
2070,11,40,88,18,2.687792397272841,22
2071,65,40,71,17,2.686780335165667,23
2072,13,11,35,5,2.684594978225239,6
2073,90,17,17,9,2.680753861205159,8
2074,39,25,5,12,2.679132217269287,13
2075,25,17,44,8,2.673535476281759,9
2076,95,18,75,8,2.672802736686619,10
2077,114,25,74,12,2.666972342657447,13
2078,7,49,27,23,2.6647214457148465,26
2079,47,10,76,7,2.6595736051653853,3
2080,74,13,91,6,2.658254293210725,7
2081,92,29,88,13,2.6541256559252315,16
2082,57,13,36,5,2.6531160901053807,8
2083,53,48,65,23,2.651912649859134,25
2084,30,24,8,11,2.6514132136935467,13
2085,23,43,86,20,2.6484576158238533,23
2086,30,21,37,9,2.6448172779185537,12
2087,16,60,5,25,2.6435184456824317,35
2088,33,14,95,6,2.641545389608455,8
2089,54,15,72,7,2.6412935569868567,8
2090,54,28,114,14,2.6355280322257,14
2091,17,30,39,13,2.6347382750427313,17
2092,15,10,11,5,2.6300755291525655,5
2093,13,17,84,7,2.6279562027638286,10
2094,91,36,86,17,2.627461430980282,19
2095,11,26,20,11,2.6225934054521085,15
2096,11,12,41,4,2.61594797809933,8
2097,29,21,107,8,2.615094075024305,13
2098,75,28,64,13,2.6143964254367047,15
2099,76,13,2,5,2.6134640032331116,8
2100,11,16,40,7,2.6127959858163616,9
2101,93,20,86,9,2.6126285193850958,11
2102,40,29,1,13,2.608102727316189,16
2103,36,23,91,10,2.600483205457648,13
2104,68,83,13,37,2.597690238852479,46
2105,40,19,27,11,2.5947052105553365,8
2106,39,23,31,10,2.5934090452929373,13
2107,1,10,109,5,2.5929606771402254,5
2108,71,25,87,12,2.5901035214218346,13
2109,87,21,62,10,2.586304566496697,11
2110,104,50,7,23,2.5854072339864183,27
2111,69,14,71,7,2.5823526075537777,7
2112,69,13,3,5,2.5732249505733895,8
2113,50,50,107,24,2.5656690703128167,26
2114,92,13,87,6,2.565186954563254,7
2115,28,43,51,21,2.5635290356109595,22
2116,51,45,41,21,2.5612918082451857,24
2117,83,10,63,6,2.557624644664858,4
2118,86,14,14,7,2.5565201304900333,7
2119,51,16,83,6,2.5563009225954785,10
2120,73,19,1,8,2.55342910039073,11
2121,7,74,36,34,2.5493587507973596,40
2122,64,20,38,9,2.5449420802693483,11
2123,52,13,16,6,2.542332195506542,7
2124,63,35,11,14,2.539597707853179,21
2125,111,11,60,4,2.535604443502029,7
2126,39,50,60,24,2.5355246842136103,26
2127,20,20,95,9,2.532527406942274,11
2128,87,27,64,13,2.5304532187422586,14
2129,36,33,9,15,2.5279240780374668,18
2130,8,45,51,21,2.5271962911391,24
2131,39,18,4,8,2.5267698999647226,10
2132,13,70,55,33,2.52518720464561,37
2133,39,32,50,15,2.5245695496572065,17
2134,80,34,54,17,2.5244394841569355,17
2135,12,15,36,7,2.516319942513749,8
2136,75,43,55,18,2.5125301308500267,25
2137,86,98,28,44,2.5098537232818274,54
2138,34,30,107,13,2.5096553899166287,17
2139,106,37,96,16,2.50842381050559,21
2140,88,70,51,36,2.506363518676434,34
2141,37,18,109,8,2.501013404341532,10
2142,65,20,3,9,2.497136850038322,11
2143,18,11,111,5,2.4899108726358863,6
2144,95,30,39,14,2.481130681096554,16
2145,7,61,9,30,2.475604646115282,31
2146,4,17,81,7,2.4678124777063273,10
2147,87,40,74,18,2.4671563114027473,22
2148,74,17,69,9,2.4664972820824542,8
2149,54,10,27,5,2.4638694969344774,5
2150,88,72,107,32,2.4608917089958973,40
2151,28,20,3,9,2.4595531898392906,11
2152,32,10,50,6,2.444054190716271,4
2153,96,31,88,15,2.4406464912019903,16
2154,12,18,86,8,2.4382543520920796,10
2155,55,39,106,17,2.438139246666604,22
2156,107,37,64,18,2.435414553814307,19
2157,14,19,51,7,2.4338441230915158,12
2158,91,20,75,13,2.432369433261267,7
2159,34,18,17,8,2.4265857697933284,10
2160,94,10,112,5,2.4238269159246046,5
2161,60,22,1,10,2.423776138406996,12
2162,109,11,99,5,2.4195174025010595,6
2163,107,46,25,22,2.4187485647838765,24
2164,94,17,54,8,2.418369665890047,9
2165,71,35,39,16,2.4158892555534424,19
2166,65,11,92,5,2.4112859752548714,6
2167,8,33,93,16,2.4111455321691304,17
2168,47,24,51,12,2.409457368099758,12
2169,68,21,38,9,2.4070210829507572,12
2170,9,18,69,8,2.405000245398061,10
2171,20,26,80,12,2.4033351571638564,14
2172,78,20,60,10,2.4024308351348855,10
2173,56,10,8,4,2.40008605471798,6
2174,46,38,28,16,2.3990178798165633,22
2175,29,22,87,9,2.39272206443853,13
2176,17,17,63,8,2.3925163886016922,9
2177,83,22,87,11,2.390357141943488,11
2178,111,12,8,6,2.390343846489095,6
2179,104,40,95,18,2.3890342183876085,22
2180,4,21,71,8,2.3871750117365993,13
2181,96,25,104,11,2.3866419839158346,14
2182,88,54,28,24,2.38416548107238,30
2183,75,13,56,5,2.3840139649043497,8
2184,8,23,17,11,2.3808090982416816,12
2185,71,40,107,17,2.3760609676092463,23
2186,7,106,68,49,2.372479004873661,57
2187,8,55,96,25,2.371439357092425,30
2188,50,19,112,8,2.3689643473531756,11
2189,40,24,50,10,2.3671440474550507,14
2190,7,19,70,7,2.364945757295021,12
2191,63,46,39,18,2.3626947638130473,28
2192,99,23,5,11,2.3616219022642833,12
2193,96,14,109,6,2.3566759619593642,8
2194,39,48,49,21,2.353804446492823,27
2195,4,36,31,15,2.3535355966794667,21
2196,107,58,37,27,2.3520883092822165,31
2197,51,71,107,30,2.344014195106718,41
2198,6,13,50,6,2.3414923323310646,7
2199,46,22,63,12,2.3313756374008845,10
2200,25,28,53,14,2.3301510854690854,14
2201,16,20,29,10,2.329592750683847,10
2202,109,51,5,25,2.3285813949081655,26
2203,50,23,64,11,2.3285304422785047,12
2204,104,21,102,11,2.320627297470276,10
2205,3,26,60,12,2.318286691403535,14
2206,88,32,91,15,2.315767764685104,17
2207,109,17,48,8,2.306624480190798,9
2208,58,12,50,6,2.3033767529431137,6
2209,109,22,102,10,2.3031948555261113,12
2210,23,13,109,6,2.301790643179129,7
2211,86,21,32,10,2.2989864902239003,11
2212,68,16,109,6,2.2985123206238915,10
2213,97,33,65,15,2.2943542233121987,18
2214,100,24,5,11,2.2932427434044684,13
2215,114,18,45,8,2.292094813707232,10
2216,106,13,4,7,2.287883468044352,6
2217,37,46,74,22,2.283869095408045,24
2218,63,38,114,15,2.2836807270192585,23
2219,88,20,35,10,2.2787018333731495,10
2220,80,16,71,8,2.275392383804814,8
2221,61,10,31,5,2.2696136748473603,5
2222,28,66,96,31,2.267406944603933,35
2223,85,12,7,5,2.2672729351147445,7
2224,106,45,88,19,2.2639858690375614,26
2225,95,30,25,14,2.25397314365567,16
2226,69,13,20,6,2.253225234520165,7
2227,41,14,54,7,2.251101436056138,7
2228,13,88,65,40,2.248793724489893,48
2229,88,38,4,18,2.2459217004175493,20
2230,70,10,27,5,2.243263258457552,5
2231,49,23,17,9,2.2404394780670995,14
2232,7,18,11,8,2.239320590268621,10
2233,87,35,104,18,2.2393020839894087,17
2234,68,25,70,12,2.2334926025833988,13
2235,90,16,25,7,2.2261576936837058,9
2236,34,18,16,8,2.225189084516706,10
2237,88,11,33,6,2.22422094342155,5
2238,98,13,99,7,2.2212581677933785,6
2239,112,11,8,6,2.2144684353504553,5
2240,5,50,96,22,2.2114271922507607,28
2241,49,51,13,25,2.209069641169752,26
2242,107,50,106,24,2.1993074270722803,26
2243,62,20,39,10,2.1906158630571078,10
2244,31,10,54,5,2.186668926147148,5
2245,8,64,74,28,2.186622040651489,36
2246,63,26,70,12,2.1813121472430437,14
2247,84,16,93,8,2.173203038685072,8
2248,33,11,39,5,2.170155887452032,6
2249,86,75,54,36,2.1689438842347455,39
2250,16,31,84,15,2.166724934437137,16
2251,88,14,74,5,2.165363961250821,9
2252,102,22,74,10,2.1384304011801047,12
2253,35,16,43,8,2.1256405181906697,8
2254,37,26,84,12,2.124049904647881,14
2255,94,13,69,6,2.120651277389855,7
2256,53,11,70,5,2.117480208536356,6
2257,65,38,37,19,2.116557677432621,19
2258,1,20,64,10,2.1164326209593654,10
2259,74,12,33,6,2.113811361820999,6
2260,77,10,3,4,2.1078393954054353,6
2261,83,34,55,17,2.0962093979720215,17
2262,97,22,8,11,2.094799206270941,11
2263,15,12,27,6,2.094043643822434,6
2264,17,12,91,5,2.0932516032559634,7
2265,74,47,65,23,2.0847963525870914,24
2266,28,55,65,25,2.0838082258755595,30
2267,82,10,63,5,2.077975861296688,5
2268,86,45,90,20,2.0574221764428238,25
2269,65,31,80,15,2.0509198465423397,16
2270,39,32,11,15,2.0483405528854366,17
2271,93,21,88,9,2.047097578055209,12
2272,64,31,39,14,2.043169723980909,17
2273,40,63,51,30,2.042925681102903,33
2274,18,34,51,17,2.042743355152735,17
2275,90,24,60,10,2.0397275719261816,14
2276,86,20,108,11,2.0383331764650165,9
2277,12,21,39,10,2.036046827182587,11
2278,100,19,74,9,2.03594794458151,10
2279,89,14,88,7,2.0354634990614118,7
2280,58,12,63,7,2.0345686518653676,5
2281,55,11,79,5,2.0315889229013426,6
2282,91,14,114,7,2.0312426341433967,7
2283,32,11,13,5,2.026181507027534,6
2284,75,30,87,14,2.0247725005088753,16
2285,8,36,90,16,2.0194647820717804,20
2286,83,22,97,12,2.007636873207567,10
2287,16,87,28,40,2.003836691762287,47
2288,69,24,7,12,1.9945381002011566,12
2289,104,15,112,7,1.99393597279257,8
2290,13,38,50,18,1.9937674166002914,20
2291,70,55,86,25,1.9917052888221574,30
2292,53,19,4,9,1.987694792892671,10
2293,28,38,25,16,1.9833898911599184,22
2294,95,28,53,11,1.9769373995573185,17
2295,64,15,15,8,1.9745380862871305,7
2296,41,18,76,10,1.9724048364464457,8
2297,60,61,16,29,1.9715010709604757,32
2298,50,11,35,5,1.9581460146246747,6
2299,78,12,71,6,1.95458083263832,6
2300,36,34,64,17,1.9485056781764598,17
2301,25,20,55,9,1.9429576796619945,11
2302,23,14,31,6,1.9392936999416424,8
2303,110,13,104,5,1.9388474450810558,8
2304,32,10,98,5,1.9380052263831626,5
2305,20,19,30,9,1.9352963119709488,10
2306,102,29,114,13,1.9340899786626806,16
2307,23,14,97,7,1.9330528734436567,7
2308,87,38,84,18,1.9318820493391857,20
2309,70,19,40,8,1.9276789997691202,11
2310,65,38,12,19,1.9245614546210965,19
2311,114,56,86,27,1.9239569797033826,29
2312,114,21,18,10,1.923577249757446,11
2313,80,25,28,12,1.9225523112040792,13
2314,53,43,64,20,1.921457820047301,23
2315,70,21,41,11,1.919847111480952,10
2316,99,11,76,6,1.9173589523208343,5
2317,97,32,106,16,1.9159665785715099,16
2318,110,11,17,5,1.9155371371930665,6
2319,46,61,88,30,1.9022171114408313,31
2320,14,13,88,6,1.902096229341471,7
2321,43,29,65,15,1.9015147557652614,14
2322,108,25,51,12,1.9002486171144384,13
2323,11,47,107,22,1.8983504324724312,25
2324,8,83,55,42,1.896559935233285,41
2325,20,35,106,16,1.890590591428699,19
2326,25,23,64,11,1.8857238852847684,12
2327,2,41,8,20,1.8848654476169697,21
2328,27,40,68,18,1.8804967014192906,22
2329,8,14,79,8,1.8787453444383122,6
2330,13,22,78,10,1.87861245836491,12
2331,107,48,68,22,1.8731227489747677,26
2332,17,26,54,13,1.867393134138254,13
2333,37,95,5,46,1.8654288703425719,49
2334,38,25,13,13,1.856740998480053,12
2335,87,61,106,30,1.856632619724249,31
2336,53,22,97,10,1.849246682219108,12
2337,13,30,17,14,1.8483382768762247,16
2338,84,38,96,19,1.8356486827006797,19
2339,39,30,3,15,1.830220006872888,15
2340,54,20,49,10,1.829154265922774,10
2341,74,29,13,14,1.8278354237299064,15
2342,106,11,3,5,1.8270221877820192,6
2343,44,13,114,6,1.8263733365516701,7
2344,102,13,99,6,1.8212893413036875,7
2345,71,11,109,5,1.8196417828202216,6
2346,79,18,28,8,1.8130893193426152,10
2347,40,18,111,9,1.8104998545748818,9
2348,36,22,25,11,1.8071440138268557,11
2349,8,65,28,30,1.8060421386611976,35
2350,27,15,43,8,1.8001576129442611,7
2351,28,13,78,7,1.7847545033254388,6
2352,37,25,90,12,1.7816453937181782,13
2353,102,13,84,6,1.779322402529277,7
2354,104,62,16,29,1.778027708852634,33
2355,109,21,76,11,1.7708841969163662,10
2356,88,11,110,6,1.7642228121429866,5
2357,15,13,20,6,1.759070149742339,7
2358,84,26,70,12,1.7530345342228948,14
2359,4,31,68,15,1.751066192618154,16
2360,97,38,107,19,1.7507246476170455,19
2361,53,39,51,19,1.7493185772901738,20
2362,94,10,65,5,1.74928216807962,5
2363,60,33,36,16,1.7416473627060747,17
2364,18,11,6,5,1.7414584600944751,6
2365,8,26,23,13,1.7400762718841152,13
2366,36,37,88,16,1.7392851936744347,21
2367,46,51,5,23,1.7323776092910628,28
2368,70,19,75,10,1.7314858975507377,9
2369,60,14,11,7,1.72978393860355,7
2370,50,13,12,8,1.7279667161947851,5
2371,1,31,107,15,1.727430404235514,16
2372,83,11,50,6,1.7272952536822097,5
2373,63,15,45,7,1.7260545689947924,8
2374,16,19,45,8,1.7223541453977003,11
2375,9,46,40,21,1.71485959208228,25
2376,81,20,107,10,1.7130423485236068,10
2377,9,42,86,19,1.7117622661778296,23
2378,54,40,7,19,1.7088310244062668,21
2379,63,92,65,44,1.7056906918768673,48
2380,107,10,72,5,1.7053543654591343,5
2381,48,10,37,5,1.7035937503192145,5
2382,20,16,102,8,1.6989391239814933,8
2383,36,15,23,9,1.6972875274185721,6
2384,51,25,23,12,1.6961813528047331,13
2385,7,74,40,33,1.6955910385318638,41
2386,9,23,46,10,1.6945658865661515,13
2387,50,18,69,10,1.686362400438779,8
2388,17,44,51,22,1.6728455376724483,22
2389,45,28,31,13,1.6710870406691087,15
2390,87,49,28,24,1.6675925043761943,25
2391,43,13,109,6,1.6656590774439002,7
2392,107,32,17,15,1.6568754180103666,17
2393,36,23,68,11,1.6511686348202657,12
2394,69,10,39,5,1.644395797770094,5
2395,38,12,80,5,1.6400661445963558,7
2396,7,78,41,38,1.6316845641232849,40
2397,39,19,96,8,1.6315253594413592,11
2398,68,48,86,24,1.6305448864752556,24
2399,79,15,107,6,1.6267301484362862,9
2400,112,20,9,10,1.6257132685716438,10
2401,16,41,114,18,1.6232837485706129,23
2402,29,15,51,7,1.6168777380555208,8
2403,70,13,43,6,1.6071210379776917,7
2404,30,12,35,6,1.603184870407584,6
2405,99,18,30,8,1.5949338139614577,10
2406,86,40,3,18,1.593083046983456,22
2407,64,10,90,5,1.5921132093044654,5
2408,2,15,25,8,1.5845186001024008,7
2409,85,28,86,13,1.581828832446797,15
2410,55,22,90,12,1.578656952498874,10
2411,109,57,86,27,1.5778514373799306,30
2412,60,25,46,12,1.5735893742532674,13
2413,40,58,88,27,1.5715316879527905,31
2414,58,12,43,6,1.5653312346763884,6
2415,9,14,111,7,1.5621342613374551,7
2416,97,12,100,6,1.5601199386945834,6
2417,86,50,30,25,1.5573237823378583,25
2418,104,23,83,10,1.5563880557352996,13
2419,106,15,14,8,1.5523885439078582,7
2420,16,27,111,12,1.5488999004290867,15
2421,11,26,74,12,1.5483769164487977,14
2422,57,12,43,4,1.547683226037978,8
2423,88,33,109,15,1.5470592807301102,18
2424,30,25,68,13,1.540357950667601,12
2425,51,52,60,22,1.5379585605411303,30
2426,97,25,46,12,1.5379422598602892,13
2427,107,22,112,10,1.5365255025501943,12
2428,13,23,45,11,1.536281477648622,12
2429,107,32,46,16,1.5343792707290018,16
2430,29,13,53,5,1.5317670028644748,8
2431,1,34,88,17,1.5234508852206479,17
2432,35,14,37,7,1.523131742310598,7
2433,57,39,16,19,1.5204759853178733,20
2434,43,12,8,6,1.5194230889621367,6
2435,39,39,28,19,1.5153571896545739,20
2436,46,12,55,5,1.5148590180899557,7
2437,28,63,5,31,1.5122016375527902,32
2438,50,17,108,9,1.5013768012598343,8
2439,17,13,112,6,1.4911982516586844,7
2440,4,59,13,27,1.4911690163054754,32
2441,87,51,54,23,1.4805638305796738,28
2442,61,15,13,8,1.4797550252097438,7
2443,73,15,63,8,1.4760785674332926,7
2444,11,17,32,9,1.4729852723414754,8
2445,86,32,2,16,1.4682447143488935,16
2446,57,13,40,6,1.4659794198664808,7
2447,112,16,23,7,1.4656028868993851,9
2448,84,16,10,8,1.4653276140138942,8
2449,65,61,68,29,1.4611429296521303,32
2450,31,21,47,10,1.4606130980712668,11
2451,86,64,55,30,1.4599929257917066,34
2452,25,23,83,10,1.4597201880554966,13
2453,8,16,38,8,1.4562520429495758,8
2454,50,16,89,7,1.4560158637801317,9
2455,11,25,13,12,1.4555242943364795,13
2456,53,30,55,14,1.4538038424746393,16
2457,65,26,112,12,1.4492385397571024,14
2458,106,55,63,27,1.4485566818099482,28
2459,38,14,30,8,1.4430439721156862,6
2460,39,20,70,9,1.4424153371414083,11
2461,20,21,97,11,1.439527960881874,10
2462,50,28,25,14,1.4391705454909012,14
2463,41,48,107,21,1.4315677718498427,27
2464,65,70,41,31,1.4285809086277084,39
2465,43,20,87,10,1.4273382250462692,10
2466,86,79,20,37,1.4238599400868466,42
2467,36,35,45,19,1.423273124508123,16
2468,15,22,60,10,1.4197687048169967,12
2469,12,16,40,8,1.4120822666164417,8
2470,102,15,11,6,1.4114820984859568,9
2471,51,66,68,34,1.4091475094665078,32
2472,70,17,95,9,1.4011695857654913,8
2473,75,12,44,5,1.399837377533035,7
2474,16,10,56,4,1.3984899579645478,6
2475,91,13,9,6,1.3946381880594532,7
2476,7,15,83,6,1.3943529604549396,9
2477,100,25,106,13,1.3941621457208537,12
2478,19,12,98,7,1.3932803968956504,5
2479,44,25,16,13,1.3924747988210242,12
2480,43,13,37,7,1.3915535608538905,6
2481,36,11,29,6,1.3837445576600587,5
2482,50,41,11,19,1.3816262941644981,22
2483,95,31,7,14,1.3809406634768675,17
2484,106,30,41,15,1.3806292559177733,15
2485,6,11,69,6,1.3727715082405263,5
2486,75,10,48,5,1.3711471542080278,5
2487,90,11,76,6,1.3711097869836062,5
2488,27,13,23,7,1.3665703255989456,6
2489,25,26,30,14,1.363384718034577,12
2490,107,39,70,20,1.3599998705907188,19
2491,97,37,88,18,1.349074362930903,19
2492,84,17,90,8,1.3434141546201468,9
2493,54,87,65,41,1.342980567229588,46
2494,71,48,7,25,1.3388864417450883,23
2495,8,66,37,32,1.3357403383797626,34
2496,61,13,65,7,1.327965247882516,6
2497,60,25,109,12,1.3235251021634884,13
2498,16,30,80,14,1.3220466579095416,16
2499,74,18,80,9,1.3199661328668575,9
2500,3,17,55,8,1.3172267439478242,9
2501,10,16,8,7,1.3145513780375315,9
2502,32,12,51,6,1.314434714983352,6
2503,37,12,108,6,1.3047215727540855,6
2504,70,11,102,7,1.3043211125718095,4
2505,5,44,13,21,1.302350985374302,23
2506,87,57,88,30,1.2972492664863855,27
2507,65,43,60,18,1.292557414516089,25
2508,2,22,74,10,1.2925512141562505,12
2509,97,20,109,10,1.283406905257821,10
2510,50,30,51,15,1.277023353905357,15
2511,50,27,65,13,1.2644687002361983,14
2512,55,26,99,12,1.2605449554949548,14
2513,68,45,63,22,1.2529349748796308,23
2514,16,22,33,9,1.250719949272024,13
2515,51,12,58,6,1.250645738107039,6
2516,109,30,16,15,1.2499451161124784,15
2517,23,11,48,5,1.2484887739294386,6
2518,65,10,89,5,1.246766687204138,5
2519,1,10,71,4,1.2456643982922146,6
2520,114,16,15,8,1.2433363941042057,8
2521,104,12,43,5,1.2430962980218274,7
2522,107,30,4,15,1.2387516471106226,15
2523,71,25,31,12,1.2380158081615504,13
2524,63,16,95,8,1.233969730193377,8
2525,19,11,60,6,1.2309433571747483,5
2526,71,26,9,12,1.2262156519313812,14
2527,15,14,19,7,1.2172999883243922,7
2528,98,11,74,5,1.2137114800422117,6
2529,64,42,88,19,1.2118692904336819,23
2530,25,33,97,16,1.211209753293348,17
2531,63,44,7,18,1.2086828652803667,26
2532,16,51,74,24,1.19895248847691,27
2533,25,25,109,12,1.1927554377225935,13
2534,69,17,43,8,1.1823687630105753,9
2535,88,42,49,20,1.178560438139782,22
2536,84,30,54,14,1.1752338053025546,16
2537,76,29,87,13,1.173923997825125,16
2538,47,16,27,7,1.1658557312566065,9
2539,109,26,84,12,1.1610711079523313,14
2540,41,63,13,31,1.1400581450751852,32
2541,60,73,71,35,1.1360670304013205,38
2542,23,47,16,22,1.133588423461974,25
2543,36,26,106,13,1.1307287364062801,13
2544,3,26,31,14,1.130409883055894,12
2545,33,13,114,7,1.1286658148323794,6
2546,61,18,88,10,1.1254133453483963,8
2547,53,29,86,16,1.1225514191342332,13
2548,7,85,65,44,1.1151148094385754,41
2549,63,47,40,22,1.1085655861732644,25
2550,73,13,55,6,1.1082443575059586,7
2551,91,12,47,6,1.1047106963660296,6
2552,40,19,45,9,1.1043531225931202,10
2553,96,18,2,9,1.1039761816908797,9
2554,70,39,106,20,1.1024614638047308,19
2555,77,11,17,5,1.1006600247668523,6
2556,54,16,33,7,1.1000953180608282,9
2557,14,16,11,7,1.0923565448715802,9
2558,40,13,74,6,1.0901529369074687,7
2559,64,19,97,9,1.0748997556854092,10
2560,68,48,9,23,1.0746763617541826,25
2561,67,20,37,9,1.0707700527635258,11
2562,106,12,66,5,1.070759127853136,7
2563,70,55,8,27,1.0665028298167964,28
2564,8,43,20,21,1.064860256583808,22
2565,104,30,109,15,1.0638658496000608,15
2566,15,27,7,15,1.0621237636890382,12
2567,18,35,87,16,1.0595333397572304,19
2568,20,18,48,8,1.0556464172960105,10
2569,16,37,40,17,1.0479395774839413,20
2570,20,32,13,16,1.0473604323868067,16
2571,54,28,102,14,1.0470828148001607,14
2572,114,19,69,8,1.0427404151557151,11
2573,90,21,88,11,1.0373159148886417,10
2574,114,29,20,14,1.0369418237684707,15
2575,45,14,3,7,1.0349134798027078,7
2576,35,22,7,11,1.0299988339542105,11
2577,11,41,87,22,1.027110181689243,19
2578,63,20,44,9,1.0233184771026502,11
2579,19,17,39,9,1.0227255734410843,8
2580,70,10,33,5,1.0222975969230632,5
2581,86,65,13,33,1.019501673559692,32
2582,98,28,107,14,1.0170960211152535,14
2583,13,43,75,20,1.005364432264769,23
2584,114,11,93,6,1.004990658958168,5
2585,114,39,7,18,1.0047894280060632,21
2586,37,37,17,16,0.9978108601802018,21
2587,9,13,30,6,0.9935090532750582,7
2588,23,17,111,10,0.9902411232186314,7
2589,64,14,100,6,0.9873146869937531,8
2590,88,20,38,8,0.986482869291226,12
2591,87,53,51,26,0.9813193495830117,27
2592,8,67,54,35,0.9788096362147576,32
2593,50,29,17,13,0.9785385252670544,16
2594,51,33,31,14,0.9782499075201472,19
2595,107,65,5,32,0.9748363761521144,33
2596,79,11,88,5,0.9736004729947267,6
2597,114,26,17,11,0.9721557918960149,15
2598,14,16,87,7,0.9719183858987279,9
2599,37,50,51,27,0.9710667257210692,23
2600,68,21,77,10,0.9663968041399816,11
2601,80,10,17,6,0.9638999099498463,4
2602,30,26,51,12,0.9638359516152135,14
2603,15,32,13,15,0.9635834082688391,17
2604,104,38,106,19,0.9604760273979323,19
2605,106,11,103,6,0.9583580547252424,5
2606,87,55,39,26,0.9563895319312767,29
2607,14,14,5,6,0.9561035605846475,8
2608,3,32,68,15,0.9527649253755339,17
2609,63,23,53,11,0.9461903574638922,12
2610,86,20,34,9,0.9430547193197467,11
2611,112,13,114,7,0.9421647262329379,6
2612,47,33,39,16,0.9409236558902792,17
2613,7,10,108,4,0.9385265901557563,6
2614,30,14,48,6,0.9354845317821151,8
2615,9,38,39,20,0.9320441987636028,18
2616,102,11,83,5,0.9259324073609744,6
2617,33,17,86,9,0.9246066959077469,8
2618,102,18,65,10,0.9231577333764872,8
2619,13,48,28,23,0.9195156167445404,25
2620,75,27,114,13,0.9181862737012574,14
2621,13,20,33,10,0.918120505460343,10
2622,106,100,86,49,0.9173221659807225,51
2623,114,12,11,5,0.9147560322473872,7
2624,39,18,48,8,0.9127145579388772,10
2625,43,17,50,7,0.911659904777202,10
2626,36,35,75,19,0.9076169876586753,16
2627,23,13,3,6,0.9036934098771335,7
2628,64,41,68,18,0.9029247023462412,23
2629,84,17,79,9,0.9012801816556621,8
2630,68,17,74,7,0.9001065237726507,10
2631,8,24,48,11,0.8990865709573224,13
2632,60,17,83,8,0.8851626447494981,9
2633,77,21,4,10,0.8810684428976758,11
2634,37,21,57,10,0.8778160008276704,11
2635,84,17,91,8,0.8755346549877653,9
2636,111,47,68,24,0.8746288393374696,23
2637,7,27,49,15,0.8744069756975954,12
2638,55,21,71,9,0.863684832703073,12
2639,10,10,114,4,0.8617397018011257,6
2640,107,56,60,27,0.8615352019186363,29
2641,9,24,3,12,0.8521077531046838,12
2642,39,13,102,6,0.8492100400200487,7
2643,71,28,63,13,0.8479499084443569,15
2644,62,11,50,5,0.8451062062670078,6
2645,50,56,86,29,0.8444740252545996,27
2646,28,23,30,12,0.8403239904216823,11
2647,86,27,57,12,0.8336224580083376,15
2648,2,16,46,8,0.8285194662826778,8
2649,27,11,94,5,0.8264178477230417,6
2650,28,48,37,24,0.8263140292594408,24
2651,7,57,18,29,0.8231688841647112,28
2652,28,15,19,7,0.8170499543660485,8
2653,96,58,107,27,0.8081270899904945,31
2654,84,31,50,16,0.8064114901977948,15
2655,56,14,40,7,0.8062835825274064,7
2656,2,22,88,11,0.7956469041111237,11
2657,87,28,46,15,0.7941915016238118,13
2658,4,18,104,10,0.7872554057904764,8
2659,84,36,88,16,0.7832858549676552,20
2660,9,17,34,8,0.77910514985876,9
2661,88,37,20,19,0.7774406960445003,18
2662,87,22,99,10,0.7762165713325069,12
2663,97,20,93,10,0.7717644600090583,10
2664,33,15,104,8,0.7704375614853092,7
2665,110,12,54,6,0.762633303380524,6
2666,3,20,71,10,0.744611540631482,10
2667,46,24,84,11,0.744605770354001,13
2668,36,13,74,5,0.7437175733038444,8
2669,108,28,107,14,0.7396628171626093,14
2670,25,24,15,13,0.7394428200536315,11
2671,13,60,39,30,0.7375803753367649,30
2672,78,11,55,6,0.7363999336150038,5
2673,40,77,86,36,0.7352757671814381,41
2674,95,41,5,21,0.731606653431554,20
2675,58,25,9,13,0.7270071603708143,12
2676,61,18,40,9,0.7154895706830828,9
2677,82,13,28,7,0.7153587234866209,6
2678,13,17,96,8,0.7114671477918352,9
2679,76,25,8,13,0.7077738529790866,12
2680,18,23,104,13,0.701208945227421,10
2681,38,11,91,5,0.7003822911270713,6
2682,57,11,95,4,0.6989616542578664,7
2683,8,41,39,21,0.6937986397009377,20
2684,7,73,39,37,0.6920867889114359,36
2685,29,17,38,8,0.6873786981327397,9
2686,18,19,25,10,0.6816652439852776,9
2687,50,24,114,11,0.6812811811945304,13
2688,54,67,16,34,0.6682295554685945,33
2689,37,40,114,18,0.6680388190804037,22
2690,1,10,62,5,0.6629322217278115,5
2691,63,38,50,18,0.6599709375930062,20
2692,64,15,108,8,0.6582287703496978,7
2693,13,14,48,7,0.6567913870437307,7
2694,41,27,1,12,0.6450987397179471,15
2695,98,16,50,8,0.6426219058041094,8
2696,25,25,41,14,0.6394054706376684,11
2697,111,17,36,8,0.6365354853619557,9
2698,4,28,64,13,0.6316212138641686,15
2699,87,22,47,11,0.6305382362810187,11
2700,11,11,97,6,0.6269874474505769,5
2701,88,21,81,10,0.6261281112170193,11
2702,50,63,54,31,0.6257662884110836,32
2703,36,33,71,17,0.6241330409639582,16
2704,87,30,109,14,0.623370758412541,16
2705,51,58,55,29,0.6228899757373463,29
2706,76,30,96,14,0.6223340675935091,16
2707,3,14,57,7,0.6219971685158584,7
2708,31,22,58,11,0.6168553703735019,11
2709,43,20,114,11,0.6074470201565788,9
2710,91,16,70,7,0.6063303701253773,9
2711,63,15,34,7,0.6010869874219945,8
2712,71,32,106,15,0.6009609652453856,17
2713,61,10,86,5,0.5990640749995453,5
2714,30,24,40,12,0.5893402617113984,12
2715,76,13,36,4,0.5885035889042722,9
2716,64,15,17,8,0.5824319192017166,7
2717,106,46,76,25,0.577289694916291,21
2718,23,12,53,6,0.5700661218932129,6
2719,75,51,65,26,0.5689430318120555,25
2720,40,10,94,5,0.5678516928680516,5
2721,11,11,27,6,0.5615364354397145,5
2722,97,31,2,15,0.5614740846174435,16
2723,83,10,2,5,0.5594397265150824,5
2724,5,49,54,23,0.5526115688513309,26
2725,92,17,7,7,0.5480230211986101,10
2726,104,55,13,27,0.5474902747445213,28
2727,98,27,16,13,0.5462850233229243,14
2728,64,29,54,15,0.5456745481805155,14
2729,87,14,6,7,0.5451369775684941,7
2730,27,43,107,21,0.5416545093183164,22
2731,86,32,80,16,0.5398930710578201,16
2732,106,10,1,5,0.539652861011431,5
2733,28,19,33,8,0.5377400393884932,11
2734,8,75,88,37,0.5304582267575177,38
2735,87,51,55,25,0.5274998846136414,26
2736,73,19,28,10,0.5214155246375574,9
2737,43,17,25,10,0.5197036131496171,7
2738,8,45,65,22,0.517695585596627,23
2739,15,33,16,18,0.5165041631650911,15
2740,106,68,28,33,0.5161436710076662,35
2741,41,11,90,6,0.513841479320257,5
2742,114,11,38,6,0.5127819422302534,5
2743,4,18,9,9,0.5118055197130339,9
2744,49,12,97,5,0.510198270023406,7
2745,51,22,71,11,0.5066228412969123,11
2746,23,10,9,5,0.5053397207394539,5
2747,18,29,41,15,0.5040827449695365,14
2748,90,13,91,6,0.5003235284827323,7
2749,88,35,31,18,0.4999807976090588,17
2750,5,59,87,29,0.4991669720547012,30
2751,5,39,63,22,0.49187190353271276,17
2752,107,81,28,38,0.4903077218319155,43
2753,13,68,60,31,0.48669975705893975,37
2754,57,14,104,5,0.4845128262229356,9
2755,37,17,62,10,0.47941613349669066,7
2756,95,28,74,13,0.47842550860281996,15
2757,75,31,41,14,0.47837138213253816,17
2758,25,51,39,26,0.4759465051184244,25
2759,37,13,69,6,0.4741041536564538,7
2760,113,11,86,6,0.46954311123939263,5
2761,65,54,31,26,0.46913887469692744,28
2762,104,32,68,15,0.4623896750421225,17
2763,87,16,111,8,0.45897322341286445,8
2764,107,81,8,37,0.451577946955366,44
2765,62,13,55,7,0.4490302976953222,6
2766,9,11,29,5,0.4445014025628295,6
2767,80,11,9,7,0.4439834453330457,4
2768,86,83,65,43,0.4411076558908754,40
2769,90,15,11,7,0.4409004522210816,8
2770,16,31,48,16,0.4393641400100805,15
2771,40,43,31,22,0.429627197462679,21
2772,33,11,99,6,0.42486651226142574,5
2773,13,53,9,25,0.4236599855238375,28
2774,87,46,96,22,0.4185307257645089,24
2775,5,14,38,7,0.4168378546295618,7
2776,31,33,86,17,0.4107692180392416,16
2777,50,18,79,9,0.4091046493522828,9
2778,98,14,114,7,0.4067842985377363,7
2779,112,39,16,20,0.4053029576302472,19
2780,27,17,106,10,0.4013630945998079,7
2781,109,30,13,14,0.40017243322978374,16
2782,107,95,7,42,0.39776976722684715,53
2783,20,13,85,6,0.39373981733351443,7
2784,88,13,78,6,0.3934639813104847,7
2785,55,16,41,8,0.3929137359889599,8
2786,23,18,54,9,0.39214168570707464,9
2787,8,13,44,6,0.3904420875790005,7
2788,51,33,3,13,0.38990515990060187,20
2789,57,20,55,11,0.38903746063509637,9
2790,69,30,36,15,0.38598798110099336,15
2791,8,35,50,16,0.38293825667797665,19
2792,114,28,71,14,0.3795577437704574,14
2793,70,22,97,12,0.3783758219642565,10
2794,14,18,84,8,0.37783903496494214,10
2795,107,37,90,19,0.3753937941046271,18
2796,40,16,108,7,0.373845897515691,9
2797,88,35,71,19,0.3711092012403024,16
2798,40,21,75,10,0.36863713867004627,11
2799,95,26,28,12,0.36814720179538635,14
2800,63,17,47,7,0.3681401863793021,10
2801,25,30,63,16,0.3669879376751877,14
2802,92,18,13,7,0.36521745881563183,11
2803,46,18,41,8,0.36430211798636986,10
2804,79,12,54,5,0.3524093679970092,7
2805,47,21,65,10,0.3519317997506132,11
2806,7,21,8,10,0.35073482330961425,11
2807,109,13,4,6,0.3380907022892352,7
2808,49,21,51,10,0.3351069066929168,11
2809,39,41,54,21,0.33442242846591713,20
2810,83,20,106,11,0.33164456490941063,9
2811,76,28,70,13,0.3288931307094032,15
2812,49,14,114,6,0.32751436291229447,8
2813,41,34,63,17,0.326061354616667,17
2814,65,48,39,22,0.3257402134811714,26
2815,114,68,107,33,0.32070298196932506,35
2816,83,25,28,14,0.3193130867023741,11
2817,43,33,60,16,0.31318206916464897,17
2818,51,13,92,7,0.31029394338620886,6
2819,57,19,46,9,0.3079095171810309,10
2820,114,60,88,30,0.29749332449413723,30
2821,88,15,48,6,0.2955612335778544,9
2822,9,41,51,21,0.2923199498791427,20
2823,13,42,27,22,0.2905119523861549,20
2824,57,11,53,6,0.2873041046379347,5
2825,67,12,25,6,0.2816428039469064,6
2826,96,12,67,7,0.27996501259109813,5
2827,53,18,5,8,0.2778213329671456,10
2828,93,10,3,4,0.2742126011978897,6
2829,77,55,60,27,0.27299213552637575,28
2830,69,11,19,6,0.2714192647995953,5
2831,36,11,38,4,0.26679215079866997,7
2832,37,22,76,12,0.2606095394442829,10
2833,16,22,72,11,0.25160173884610776,11
2834,47,17,41,9,0.24960180944275975,8
2835,39,41,41,22,0.24923068070915827,19
2836,40,25,47,14,0.24655985846699452,11
2837,83,20,88,11,0.24121558114701722,9
2838,30,20,106,10,0.23895557447172086,10
2839,12,27,51,13,0.23734774956132088,14
2840,64,19,45,9,0.2352744559029064,10
2841,57,14,20,7,0.22969067246688318,7
2842,65,10,101,5,0.22906131925901718,5
2843,57,26,15,13,0.22663546862075662,13
2844,67,12,84,5,0.22644335659627104,7
2845,72,16,7,8,0.22521266099875584,8
2846,11,24,65,11,0.2231872290555846,13
2847,63,67,107,30,0.21497275074793806,37
2848,107,40,18,22,0.21456452912257484,18
2849,53,21,44,9,0.2122113313421154,12
2850,53,54,13,29,0.2083631688927764,25
2851,68,52,60,27,0.2075429969432502,25
2852,28,11,66,5,0.2056598644516812,6
2853,46,23,17,12,0.20521498367655996,11
2854,44,14,107,7,0.20330478165271706,7
2855,46,16,71,7,0.19894184736909315,9
2856,107,61,74,29,0.19420996588142148,32
2857,13,18,12,11,0.1929659323866376,7
2858,98,11,100,5,0.18985443720382733,6
2859,88,35,37,17,0.1877253046596751,18
2860,35,12,70,7,0.18631436457958764,5
2861,107,104,86,51,0.18517759160958322,53
2862,44,15,65,6,0.18351226600640885,9
2863,71,33,8,17,0.17759312635004623,16
2864,96,37,55,19,0.17732770674363885,18
2865,29,12,23,6,0.17614103437765927,6
2866,88,53,41,27,0.17567237068802208,26
2867,11,47,106,26,0.17225906773687616,21
2868,86,26,15,13,0.16800361117966062,13
2869,7,51,4,26,0.16136746029798088,25
2870,62,12,106,6,0.1584669634691407,6
2871,84,22,80,10,0.15202664995311643,12
2872,51,20,98,10,0.14461940831704007,10
2873,73,10,25,5,0.1328731236438802,5
2874,51,13,44,8,0.13191763257362837,5
2875,60,76,7,38,0.13134493579901685,38
2876,28,22,98,9,0.12169006680659694,13
2877,40,28,18,16,0.11377047107058737,12
2878,49,16,8,7,0.1133484840104294,9
2879,11,21,48,10,0.11255129650560307,11
2880,98,13,97,7,0.11020600858990875,6
2881,94,13,60,6,0.10902380212835151,7
2882,2,18,84,9,0.10504403066305398,9
2883,68,13,44,7,0.10451112471006771,6
2884,93,20,107,9,0.10069325512074272,11
2885,74,39,25,20,0.09563368284676016,19
2886,25,65,16,32,0.09364645449744402,33
2887,30,15,96,8,0.09214636377364425,7
2888,114,29,36,13,0.09213128587786307,16
2889,95,52,86,24,0.08956033992826938,28
2890,97,36,74,17,0.07931920932357782,19
2891,63,46,87,22,0.07921188185625391,24
2892,107,73,54,35,0.07798228457878793,38
2893,55,15,108,8,0.07480659095217349,7
2894,84,20,65,9,0.07280165631996083,11
2895,106,21,40,10,0.06808253080226546,11
2896,108,15,74,7,0.06305457719799344,8
2897,107,69,84,35,0.05558168562167983,34
2898,8,70,106,37,0.05212763279076112,33
2899,8,16,27,7,0.051328614148521634,9
2900,34,19,50,10,0.05002588679712766,9
2901,73,16,106,8,0.04700386219362951,8
2902,65,11,81,6,0.04550793535821782,5
2903,114,46,104,24,0.04494734082733511,22
2904,74,41,54,20,0.04296760366186976,21
2905,31,11,97,5,0.04256244744109723,6
2906,60,46,53,24,0.03721429045624209,22
2907,41,23,27,11,0.03715076021582355,12
2908,9,14,81,7,0.035788297634864304,7
2909,45,17,71,7,0.03389797077786283,10
2910,84,19,17,10,0.032612383959908106,9
2911,106,42,50,20,0.025298087208634697,22
2912,49,16,27,8,0.024891142841979352,8
2913,107,58,39,28,0.022002026984637022,30
2914,89,15,28,8,0.018607611913672883,7
2915,35,24,86,11,0.011498856499630127,13
2916,11,41,46,21,0.010078384039398624,20
2917,109,17,83,7,0.00972932964701334,10
2918,90,33,16,15,0.006116246156991541,18
2919,16,33,90,18,-0.0061162461569911645,15
2920,83,17,109,10,-0.009729329647013785,7
2921,46,41,11,20,-0.010078384039398624,21
2922,86,24,35,13,-0.011498856499629817,11
2923,28,15,89,7,-0.018607611913672648,8
2924,39,58,107,30,-0.022002026984636165,28
2925,27,16,49,8,-0.02489114284197802,8
2926,50,42,106,22,-0.02529808720863334,20
2927,17,19,84,9,-0.03261238395990876,10
2928,71,17,45,10,-0.03389797077786216,7
2929,81,14,9,7,-0.035788297634866885,7
2930,27,23,41,12,-0.037150760215824086,11
2931,53,46,60,22,-0.03721429045624189,24
2932,97,11,31,6,-0.042562447441096586,5
2933,54,41,74,21,-0.04296760366187002,20
2934,104,46,114,22,-0.04494734082733487,24
2935,81,11,65,5,-0.04550793535821569,6
2936,106,16,73,8,-0.0470038621936304,8
2937,50,19,34,9,-0.05002588679712785,10
2938,27,16,8,9,-0.051328614148522966,7
2939,106,70,8,33,-0.05212763279076128,37
2940,84,69,107,34,-0.05558168562168117,35
2941,74,15,108,8,-0.06305457719799369,7
2942,40,21,106,11,-0.0680825308022658,10
2943,65,20,84,11,-0.07280165631996083,9
2944,108,15,55,7,-0.07480659095217229,8
2945,54,73,107,38,-0.07798228457878872,35
2946,87,46,63,24,-0.07921188185625398,22
2947,74,36,97,19,-0.07931920932357782,17
2948,86,52,95,28,-0.08956033992827091,24
2949,36,29,114,16,-0.09213128587786189,13
2950,96,15,30,7,-0.09214636377364507,8
2951,16,65,25,33,-0.09364645449744435,32
2952,25,39,74,19,-0.0956336828467596,20
2953,44,13,68,6,-0.10451112471006657,7
2954,84,18,2,9,-0.10504403066305477,9
2955,60,13,94,7,-0.10902380212834957,6
2956,97,13,98,6,-0.11020600858990862,7
2957,8,16,49,9,-0.11334848401042974,7
2958,18,28,40,12,-0.11377047107058744,16
2959,98,22,28,13,-0.1216900668065983,9
2960,7,76,60,38,-0.13134493579901632,38
2961,44,13,51,5,-0.1319176325736292,8
2962,25,10,73,5,-0.1328731236438802,5
2963,98,20,51,10,-0.14461940831704023,10
2964,80,22,84,12,-0.15202664995311627,10
2965,106,12,62,6,-0.15846696346914188,6
2966,4,51,7,25,-0.16136746029798163,26
2967,16,53,11,30,-0.16260546222798214,23
2968,15,26,86,13,-0.1680036111796587,13
2969,106,47,11,21,-0.17225906773687602,26
2970,41,53,88,26,-0.17567237068802258,27
2971,23,12,29,6,-0.17614103437765868,6
2972,55,37,96,18,-0.17732770674364082,19
2973,8,33,71,16,-0.17759312635004632,17
2974,65,15,44,9,-0.1835122660064091,6
2975,86,104,107,53,-0.18517759160958278,51
2976,70,12,35,5,-0.18631436457958692,7
2977,37,35,88,18,-0.18772530465967646,17
2978,100,11,98,6,-0.18985443720382733,5
2979,12,18,13,7,-0.19296593238663817,11
2980,71,16,46,9,-0.19894184736909182,7
2981,107,14,44,7,-0.20330478165271787,7
2982,17,23,46,11,-0.2052149836765593,12
2983,66,11,28,6,-0.20565986445168055,5
2984,60,52,68,25,-0.20754299694325035,27
2985,13,54,53,25,-0.20836316889277592,29
2986,44,21,53,12,-0.2122113313421161,9
2987,18,40,107,18,-0.21456452912257684,22
2988,107,67,63,37,-0.21497275074793742,30
2989,65,24,11,13,-0.22318722905558436,11
2990,7,16,72,8,-0.22521266099875537,8
2991,84,12,67,7,-0.22644335659627166,5
2992,15,26,57,13,-0.22663546862075634,13
2993,101,10,65,5,-0.2290613192590168,5
2994,20,14,57,7,-0.2296906724668833,7
2995,45,19,64,10,-0.23527445590290527,9
2996,51,27,12,14,-0.23734774956132193,13
2997,106,20,30,10,-0.2389555744717199,10
2998,88,20,83,9,-0.24121558114701463,11
2999,47,25,40,11,-0.24655985846699366,14
3000,41,41,39,19,-0.24923068070915905,22
3001,41,17,47,8,-0.24960180944275975,9
3002,72,22,16,11,-0.25160173884610787,11
3003,76,22,37,10,-0.26060953944428406,12
3004,38,11,36,7,-0.26679215079866964,4
3005,19,11,69,5,-0.2714192647995956,6
3006,60,55,77,28,-0.27299213552637663,27
3007,3,10,93,6,-0.2742126011978897,4
3008,5,18,53,10,-0.277821332967146,8
3009,67,12,96,5,-0.279965012591097,7
3010,25,12,67,6,-0.2816428039469064,6
3011,53,11,57,5,-0.2873041046379331,6
3012,27,42,13,20,-0.29051195238615496,22
3013,51,41,9,20,-0.2923199498791415,21
3014,48,15,88,9,-0.29556123357785347,6
3015,88,60,114,30,-0.2974933244941375,30
3016,88,18,12,9,-0.3042097842896815,9
3017,46,19,57,10,-0.3079095171810289,9
3018,92,13,51,6,-0.31029394338620975,7
3019,60,33,43,17,-0.31318206916464963,16
3020,28,25,83,11,-0.3193130867023753,14
3021,107,68,114,35,-0.3207029819693246,33
3022,39,48,65,26,-0.32574021348116955,22
3023,63,34,41,17,-0.3260613546166661,17
3024,114,14,49,8,-0.32751436291229385,6
3025,70,28,76,15,-0.32889313070940346,13
3026,106,20,83,9,-0.3316445649094112,11
3027,54,41,39,20,-0.3344224284659163,21
3028,51,21,49,11,-0.3351069066929168,10
3029,4,13,109,7,-0.3380907022892352,6
3030,8,21,7,11,-0.3507348233096159,10
3031,65,21,47,11,-0.3519317997506139,10
3032,54,12,79,7,-0.352409367997008,5
3033,41,18,46,10,-0.36430211798637085,8
3034,13,18,92,11,-0.3652174588156323,7
3035,63,30,25,14,-0.3669879376751877,16
3036,47,17,63,10,-0.368140186379302,7
3037,28,26,95,14,-0.36814720179538646,12
3038,75,21,40,11,-0.3686371386700461,10
3039,71,35,88,16,-0.37110920124030156,19
3040,108,16,40,9,-0.3738458975156912,7
3041,84,18,14,10,-0.37783903496494253,8
3042,97,22,70,10,-0.3783758219642562,12
3043,71,28,114,14,-0.3795577437704577,14
3044,50,35,8,19,-0.3829382566779763,16
3045,36,30,69,15,-0.3859879811009911,15
3046,55,20,57,9,-0.3890374606350971,11
3047,3,33,51,20,-0.38990515990060265,13
3048,44,13,8,7,-0.3904420875789997,6
3049,54,18,23,9,-0.39214168570707364,9
3050,41,16,55,8,-0.39291373598895946,8
3051,78,13,88,7,-0.3934639813104835,6
3052,85,13,20,7,-0.3937398173335161,6
3053,7,95,107,53,-0.3977697672268478,42
3054,13,30,109,16,-0.4001724332297835,14
3055,106,17,27,7,-0.40136309459980746,10
3056,16,39,112,19,-0.4053029576302471,20
3057,114,14,98,7,-0.40678429853773473,7
3058,79,18,50,9,-0.4091046493522828,9
3059,86,33,31,16,-0.4107692180392426,17
3060,38,14,5,7,-0.4168378546295618,7
3061,96,46,87,24,-0.4185307257645087,22
3062,9,53,13,28,-0.4236599855238383,25
3063,99,11,33,5,-0.4248665122614248,6
3064,31,43,40,21,-0.4296271974626791,22
3065,48,31,16,15,-0.4393641400100799,16
3066,11,15,90,8,-0.4409004522210813,7
3067,65,83,86,40,-0.44110765589087725,43
3068,9,11,80,4,-0.4439834453330448,7
3069,29,11,9,6,-0.44450140256282983,5
3070,55,13,62,6,-0.4490302976953225,7
3071,8,81,107,44,-0.4515779469553662,37
3072,111,16,87,8,-0.45897322341286373,8
3073,68,32,104,17,-0.4623896750421223,15
3074,31,54,65,28,-0.4691388746969265,26
3075,86,11,113,5,-0.46954311123939296,6
3076,69,13,37,7,-0.47410415365645314,6
3077,39,51,25,25,-0.4759465051184236,26
3078,41,31,75,17,-0.47837138213253816,14
3079,74,28,95,15,-0.4784255086028221,13
3080,62,17,37,7,-0.47941613349669043,10
3081,104,14,57,9,-0.4845128262229359,5
3082,60,68,13,37,-0.48669975705893814,31
3083,28,81,107,43,-0.49030772183191534,38
3084,63,39,5,17,-0.4918719035327135,22
3085,87,59,5,30,-0.49916697205470045,29
3086,31,35,88,17,-0.499980797609059,18
3087,91,13,90,7,-0.5003235284827329,6
3088,41,29,18,14,-0.5040827449695369,15
3089,9,10,23,5,-0.5053397207394532,5
3090,71,22,51,11,-0.5066228412969127,11
3091,97,12,49,7,-0.510198270023406,5
3092,9,18,4,9,-0.5118055197130339,9
3093,38,11,114,5,-0.5127819422302561,6
3094,90,11,41,5,-0.513841479320257,6
3095,28,68,106,35,-0.5161436710076651,33
3096,16,33,15,15,-0.5165041631650912,18
3097,65,45,8,23,-0.5176955855966269,22
3098,25,17,43,7,-0.5197036131496168,10
3099,28,19,73,9,-0.5214155246375576,10
3100,55,51,87,26,-0.5274998846136414,25
3101,88,75,8,38,-0.5304582267575169,37
3102,33,19,28,11,-0.5377400393884936,8
3103,1,10,106,5,-0.5396528610114302,5
3104,80,32,86,16,-0.5398930710578194,16
3105,107,43,27,22,-0.5416545093183175,21
3106,6,14,87,7,-0.5451369775684937,7
3107,54,29,64,14,-0.5456745481805153,15
3108,16,27,98,14,-0.5462850233229247,13
3109,13,55,104,28,-0.5474902747445204,27
3110,7,17,92,10,-0.5480230211986107,7
3111,54,49,5,26,-0.5526115688513301,23
3112,2,10,83,5,-0.559439726515081,5
3113,2,31,97,16,-0.5614740846174444,15
3114,27,11,11,5,-0.5615364354397134,6
3115,94,10,40,5,-0.5678516928680514,5
3116,65,51,75,25,-0.5689430318120551,26
3117,53,12,23,6,-0.5700661218932138,6
3118,17,15,64,7,-0.5824319192017173,8
3119,36,13,76,9,-0.5885035889042698,4
3120,40,24,30,12,-0.5893402617113975,12
3121,86,10,61,5,-0.5990640749995453,5
3122,106,32,71,17,-0.6009609652453869,15
3123,34,15,63,8,-0.6010869874219955,7
3124,70,16,91,9,-0.6063303701253777,7
3125,114,20,43,9,-0.6074470201565787,11
3126,58,22,31,11,-0.6168553703735028,11
3127,57,14,3,7,-0.6219971685158606,7
3128,96,30,76,16,-0.6223340675935105,14
3129,55,58,51,29,-0.622889975737348,29
3130,109,30,87,16,-0.623370758412541,14
3131,71,33,36,16,-0.6241330409639598,17
3132,54,63,50,32,-0.6257662884110818,31
3133,81,21,88,11,-0.62612811121702,10
3134,97,11,11,5,-0.626987447450576,6
3135,47,22,87,11,-0.6305382362810174,11
3136,64,28,4,15,-0.6316212138641698,13
3137,36,17,111,9,-0.6365354853619557,8
3138,41,25,25,11,-0.6394054706376676,14
3139,50,16,98,8,-0.6426219058041119,8
3140,1,27,41,15,-0.6450987397179483,12
3141,48,14,13,7,-0.6567913870437321,7
3142,108,15,64,7,-0.6582287703496964,8
3143,50,38,63,20,-0.6599709375930077,18
3144,62,10,1,5,-0.6629322217278115,5
3145,114,40,37,22,-0.6680388190804033,18
3146,16,67,54,33,-0.6682295554685957,34
3147,114,24,50,13,-0.6812811811945291,11
3148,25,19,18,9,-0.6816652439852758,10
3149,38,17,29,9,-0.6873786981327392,8
3150,39,73,7,36,-0.6920867889114356,37
3151,39,41,8,20,-0.6937986397009376,21
3152,95,11,57,7,-0.6989616542578677,4
3153,91,11,38,6,-0.7003822911270713,5
3154,104,23,18,10,-0.7012089452274208,13
3155,8,25,76,12,-0.7077738529790857,13
3156,96,17,13,9,-0.7114671477918357,8
3157,28,13,82,6,-0.7153587234866207,7
3158,40,18,61,9,-0.7154895706830816,9
3159,9,25,58,12,-0.727007160370813,13
3160,5,41,95,20,-0.7316066534315533,21
3161,86,77,40,41,-0.7352757671814375,36
3162,55,11,78,5,-0.7363999336150034,6
3163,39,60,13,30,-0.7375803753367645,30
3164,15,24,25,11,-0.7394428200536295,13
3165,107,28,108,14,-0.7396628171626085,14
3166,74,13,36,8,-0.743717573303844,5
3167,84,24,46,13,-0.7446057703540011,11
3168,71,20,3,10,-0.7446115406314829,10
3169,54,12,110,6,-0.7626333033805247,6
3170,104,15,33,7,-0.7704375614853106,8
3171,93,20,97,10,-0.7717644600090567,10
3172,99,22,87,12,-0.7762165713325071,10
3173,34,17,9,9,-0.77910514985876,8
3174,88,36,84,20,-0.7832858549676565,16
3175,104,18,4,8,-0.7872554057904768,10
3176,46,28,87,13,-0.7941915016238148,15
3177,88,22,2,11,-0.7956469041111237,11
3178,40,14,56,7,-0.8062835825274064,7
3179,50,31,84,15,-0.8064114901977935,16
3180,107,58,96,31,-0.8081270899904945,27
3181,19,15,28,8,-0.8170499543660473,7
3182,20,27,74,13,-0.8203305748765273,14
3183,18,57,7,28,-0.8231688841647117,29
3184,37,48,28,24,-0.8263140292594411,24
3185,94,11,27,6,-0.8264178477230424,5
3186,46,16,2,8,-0.8285194662826783,8
3187,57,27,86,15,-0.8336224580083381,12
3188,30,23,28,11,-0.840323990421683,12
3189,86,56,50,27,-0.8444740252545996,29
3190,50,11,62,6,-0.8451062062670082,5
3191,63,28,71,15,-0.8479499084443569,13
3192,102,13,39,7,-0.8492100400200481,6
3193,3,24,9,12,-0.852107753104684,12
3194,60,56,107,29,-0.8615352019186375,27
3195,114,10,10,6,-0.8617397018011254,4
3196,71,21,55,12,-0.8636848327030733,9
3197,49,27,7,12,-0.8744069756975955,15
3198,68,47,111,23,-0.87462883933747,24
3199,91,17,84,9,-0.8755346549877636,8
3200,57,21,37,11,-0.877816000827672,10
3201,4,21,77,11,-0.8810684428976734,10
3202,83,17,60,9,-0.8851626447494985,8
3203,48,24,8,13,-0.8990865709573216,11
3204,74,17,68,10,-0.9001065237726515,7
3205,79,17,84,8,-0.9012801816556617,9
3206,68,41,64,23,-0.9029247023462396,18
3207,3,13,23,7,-0.9036934098771321,6
3208,75,35,36,16,-0.9076169876586756,19
3209,50,17,43,10,-0.911659904777202,7
3210,48,18,39,10,-0.9127145579388771,8
3211,11,12,114,7,-0.9147560322473871,5
3212,33,20,13,10,-0.9181205054603415,10
3213,114,27,75,14,-0.9181862737012573,13
3214,28,48,13,25,-0.919515616744544,23
3215,65,18,102,8,-0.9231577333764884,10
3216,86,17,33,8,-0.9246066959077452,9
3217,83,11,102,6,-0.9259324073609722,5
3218,39,38,9,18,-0.9320441987636049,20
3219,48,14,30,8,-0.9354845317821149,6
3220,108,10,7,6,-0.9385265901557558,4
3221,39,33,47,17,-0.9409236558902793,16
3222,114,13,112,6,-0.9421647262329372,7
3223,34,20,86,11,-0.9430547193197466,9
3224,53,23,63,12,-0.9461903574638926,11
3225,68,32,3,17,-0.9527649253755344,15
3226,5,14,14,8,-0.9561035605846475,6
3227,39,55,87,29,-0.9563895319312766,26
3228,103,11,106,5,-0.9583580547252434,6
3229,106,38,104,19,-0.9604760273979325,19
3230,13,32,15,17,-0.9635834082688385,15
3231,51,26,30,14,-0.9638359516152128,12
3232,17,10,80,4,-0.963899909949846,6
3233,77,21,68,11,-0.966396804139982,10
3234,51,50,37,23,-0.9710667257210696,27
3235,87,16,14,9,-0.9719183858987275,7
3236,17,26,114,15,-0.9721557918960135,11
3237,88,11,79,6,-0.973600472994728,5
3238,5,65,107,33,-0.9748363761521153,32
3239,31,33,51,19,-0.9782499075201476,14
3240,17,29,50,16,-0.9785385252670543,13
3241,54,67,8,32,-0.9788096362147561,35
3242,51,53,87,27,-0.9813193495830127,26
3243,38,20,88,12,-0.9864828692912241,8
3244,100,14,64,8,-0.9873146869937529,6
3245,111,17,23,7,-0.9902411232186308,10
3246,30,13,9,7,-0.9935090532750581,6
3247,17,37,37,21,-0.9978108601802036,16
3248,7,39,114,21,-1.0047894280060643,18
3249,93,11,114,5,-1.0049906589581687,6
3250,75,43,13,23,-1.0053644322647692,20
3251,107,28,98,14,-1.0170960211152535,14
3252,13,65,86,32,-1.0195016735596916,33
3253,33,10,70,5,-1.0222975969230645,5
3254,39,17,19,8,-1.022725573441084,9
3255,44,20,63,11,-1.0233184771026504,9
3256,16,24,102,12,-1.0260354064972297,12
3257,87,41,11,19,-1.0271101816892427,22
3258,7,22,35,11,-1.02999883395421,11
3259,3,14,45,7,-1.0349134798027073,7
3260,20,29,114,15,-1.0369418237684724,14
3261,88,21,90,10,-1.0373159148886413,11
3262,69,19,114,11,-1.0427404151557151,8
3263,102,28,54,14,-1.047082814800161,14
3264,13,32,20,16,-1.0473604323868067,16
3265,40,37,16,20,-1.0479395774839417,17
3266,48,18,20,10,-1.0556464172960118,8
3267,87,35,18,19,-1.059533339757231,16
3268,7,27,15,12,-1.0621237636890393,15
3269,109,30,104,15,-1.063865849600061,15
3270,20,43,8,22,-1.0648602565838075,21
3271,8,55,70,28,-1.0665028298167962,27
3272,66,12,106,7,-1.0707591278531368,5
3273,37,20,67,11,-1.0707700527635244,9
3274,9,48,68,25,-1.0746763617541837,23
3275,97,19,64,10,-1.0748997556854094,9
3276,74,13,40,7,-1.0901529369074696,6
3277,11,16,14,9,-1.0923565448715815,7
3278,33,16,54,9,-1.1000953180608284,7
3279,17,11,77,6,-1.1006600247668523,5
3280,106,39,70,19,-1.1024614638047292,20
3281,11,53,16,24,-1.1029332419268028,29
3282,2,18,96,9,-1.1039761816908782,9
3283,45,19,40,10,-1.1043531225931214,9
3284,47,12,91,6,-1.104710696366028,6
3285,55,13,73,7,-1.1082443575059588,6
3286,40,47,63,25,-1.1085655861732648,22
3287,65,85,7,41,-1.1151148094385757,44
3288,86,29,53,13,-1.122551419134233,16
3289,88,18,61,8,-1.1254133453483963,10
3290,114,13,33,6,-1.1286658148323805,7
3291,31,26,3,12,-1.1304098830558946,14
3292,106,26,36,13,-1.1307287364062808,13
3293,16,47,23,25,-1.1335884234619735,22
3294,71,73,60,38,-1.1360670304013198,35
3295,13,63,41,32,-1.1400581450751837,31
3296,84,26,109,14,-1.1610711079523313,12
3297,27,16,47,9,-1.1658557312566071,7
3298,74,14,12,7,-1.1676100167547812,7
3299,54,30,84,16,-1.1752338053025533,14
3300,49,42,88,22,-1.178560438139783,20
3301,43,17,69,9,-1.1823687630105748,8
3302,109,25,25,13,-1.1927554377225942,12
3303,74,51,16,27,-1.1989524884769094,24
3304,7,44,63,26,-1.2086828652803665,18
3305,97,33,25,17,-1.2112097532933461,16
3306,88,42,64,23,-1.2118692904336803,19
3307,74,11,98,6,-1.2137114800422124,5
3308,19,14,15,7,-1.2172999883243922,7
3309,9,26,71,14,-1.2262156519313807,12
3310,60,11,19,5,-1.230943357174749,6
3311,95,16,63,8,-1.233969730193377,8
3312,31,25,71,13,-1.2380158081615502,12
3313,4,30,107,15,-1.2387516471106224,15
3314,43,12,104,7,-1.2430962980218272,5
3315,15,16,114,8,-1.2433363941042066,8
3316,71,10,1,6,-1.2456643982922142,4
3317,89,10,65,5,-1.2467666872041385,5
3318,48,11,23,6,-1.24848877392944,5
3319,16,30,109,15,-1.2499451161124762,15
3320,58,12,51,6,-1.250645738107039,6
3321,33,22,16,13,-1.2507199492720238,9
3322,63,45,68,23,-1.2529349748796315,22
3323,99,26,55,14,-1.260544955494955,12
3324,14,15,107,7,-1.262180496300674,8
3325,65,27,50,14,-1.2644687002361992,13
3326,51,30,50,15,-1.277023353905357,15
3327,109,20,97,10,-1.2834069052578214,10
3328,74,22,2,12,-1.2925512141562505,10
3329,60,43,65,25,-1.2925574145160876,18
3330,88,57,87,27,-1.297249266486386,30
3331,13,44,5,23,-1.3023509853743016,21
3332,102,11,70,4,-1.3043211125718082,7
3333,108,12,37,6,-1.3047215727540855,6
3334,51,12,32,6,-1.314434714983353,6
3335,8,16,10,9,-1.3145513780375313,7
3336,55,17,3,9,-1.3172267439478242,8
3337,80,18,74,9,-1.3199661328668575,9
3338,80,30,16,16,-1.3220466579095416,14
3339,109,25,60,13,-1.3235251021634893,12
3340,65,13,61,6,-1.3279652478825155,7
3341,37,66,8,34,-1.3357403383797612,32
3342,7,48,71,23,-1.3388864417450879,25
3343,65,87,54,46,-1.342980567229587,41
3344,90,17,84,9,-1.3434141546201466,8
3345,88,37,97,19,-1.3490743629309028,18
3346,70,39,107,19,-1.3599998705907195,20
3347,30,26,25,12,-1.3633847180345777,14
3348,23,13,27,6,-1.3665703255989474,7
3349,76,11,90,5,-1.371109786983603,6
3350,48,10,75,5,-1.3711471542080287,5
3351,69,11,6,5,-1.3727715082405267,6
3352,41,30,106,15,-1.3806292559177735,15
3353,7,31,95,17,-1.3809406634768695,14
3354,11,41,50,22,-1.3816262941644981,19
3355,29,11,36,5,-1.3837445576600587,6
3356,37,13,43,6,-1.39155356085389,7
3357,16,25,44,12,-1.3924747988210244,13
3358,98,12,19,5,-1.3932803968956486,7
3359,106,25,100,12,-1.3941621457208517,13
3360,83,15,7,9,-1.3943529604549403,6
3361,9,13,91,7,-1.3946381880594534,6
3362,56,10,16,6,-1.398489957964547,4
3363,44,12,75,7,-1.3998373775330364,5
3364,95,17,70,8,-1.4011695857654913,9
3365,68,66,51,32,-1.4091475094665074,34
3366,11,15,102,9,-1.4114820984859553,6
3367,40,16,12,8,-1.412082266616442,8
3368,60,22,15,12,-1.4197687048169967,10
3369,45,35,36,16,-1.4232731245081227,19
3370,20,79,86,42,-1.4238599400868475,37
3371,87,20,43,10,-1.427338225046271,10
3372,41,70,65,39,-1.4285809086277088,31
3373,107,48,41,27,-1.4315677718498419,21
3374,25,28,50,14,-1.4391705454909016,14
3375,97,21,20,10,-1.4395279608818727,11
3376,70,20,39,11,-1.442415337141408,9
3377,30,14,38,6,-1.4430439721156856,8
3378,63,55,106,28,-1.4485566818099482,27
3379,112,26,65,14,-1.4492385397571008,12
3380,55,30,53,16,-1.4538038424746405,14
3381,13,25,11,13,-1.4555242943364795,12
3382,89,16,50,9,-1.4560158637801313,7
3383,38,16,8,8,-1.4562520429495762,8
3384,83,23,25,13,-1.459720188055496,10
3385,55,64,86,34,-1.4599929257917068,30
3386,47,21,31,11,-1.4606130980712662,10
3387,68,61,65,32,-1.4611429296521323,29
3388,10,16,84,8,-1.4653276140138924,8
3389,23,16,112,9,-1.4656028868993891,7
3390,40,13,57,7,-1.4659794198664808,6
3391,2,32,86,16,-1.4682447143488924,16
3392,32,17,11,8,-1.4729852723414758,9
3393,63,15,73,7,-1.4760785674332912,8
3394,13,15,61,7,-1.4797550252097438,8
3395,54,51,87,28,-1.4805638305796713,23
3396,13,59,4,32,-1.4911690163054772,27
3397,112,13,17,7,-1.4911982516586844,6
3398,108,17,50,8,-1.5013768012598367,9
3399,5,63,28,32,-1.5122016375527894,31
3400,55,12,46,7,-1.514859018089955,5
3401,28,39,39,20,-1.5153571896545759,19
3402,8,12,43,6,-1.5194230889621378,6
3403,16,39,57,20,-1.520475985317875,19
3404,37,14,35,7,-1.523131742310598,7
3405,88,34,1,17,-1.5234508852206479,17
3406,53,13,29,8,-1.5317670028644754,5
3407,46,32,107,16,-1.5343792707290005,16
3408,45,23,13,12,-1.5362814776486233,11
3409,112,22,107,12,-1.5365255025501958,10
3410,46,25,97,13,-1.53794225986029,12
3411,60,52,51,30,-1.5379585605411297,22
3412,68,25,30,12,-1.5403579506676015,13
3413,74,61,107,33,-1.5445233108407423,28
3414,43,12,57,8,-1.547683226037978,4
3415,74,26,11,14,-1.5483769164487973,12
3416,111,27,16,15,-1.5488999004290869,12
3417,14,15,106,7,-1.552388543907857,8
3418,83,23,104,13,-1.5563880557352991,10
3419,30,50,86,25,-1.5573237823378576,25
3420,100,12,97,6,-1.5601199386945845,6
3421,111,14,9,7,-1.5621342613374538,7
3422,43,12,58,6,-1.565331234676389,6
3423,86,100,106,52,-1.5692663469089445,48
3424,88,58,40,31,-1.5715316879527899,27
3425,46,25,60,13,-1.5735893742532685,12
3426,86,57,109,30,-1.577851437379931,27
3427,90,22,55,10,-1.578656952498874,12
3428,86,28,85,15,-1.581828832446796,13
3429,25,15,2,7,-1.5845186001024019,8
3430,90,10,64,5,-1.5921132093044663,5
3431,3,40,86,22,-1.5930830469834558,18
3432,30,18,99,10,-1.5949338139614573,8
3433,35,12,30,6,-1.603184870407585,6
3434,43,13,70,7,-1.6071210379776915,6
3435,51,15,29,8,-1.6168777380555197,7
3436,114,41,16,23,-1.6232837485706122,18
3437,9,20,112,10,-1.6257132685716436,10
3438,107,15,79,9,-1.6267301484362864,6
3439,86,48,68,24,-1.6305448864752552,24
3440,96,19,39,11,-1.6315253594413601,8
3441,41,78,7,40,-1.6316845641232842,38
3442,80,12,38,7,-1.640066144596355,5
3443,39,10,69,5,-1.6443957977700934,5
3444,68,23,36,12,-1.6511686348202665,11
3445,17,32,107,17,-1.6568754180103662,15
3446,48,19,106,10,-1.6634533717988316,9
3447,109,13,43,7,-1.6656590774438986,6
3448,28,49,87,25,-1.6675925043761979,24
3449,31,28,45,15,-1.6710870406691087,13
3450,51,44,17,22,-1.6728455376724487,22
3451,69,18,50,8,-1.6863624004387787,10
3452,46,23,9,13,-1.6945658865661515,10
3453,40,74,7,41,-1.6955910385318649,33
3454,23,25,51,13,-1.6961813528047356,12
3455,23,15,36,6,-1.6972875274185715,9
3456,102,16,20,8,-1.6989391239814924,8
3457,37,10,48,5,-1.703593750319215,5
3458,72,10,107,5,-1.705354365459133,5
3459,65,92,63,48,-1.7056906918768673,44
3460,7,40,54,21,-1.7088310244062668,19
3461,86,42,9,23,-1.7117622661778302,19
3462,107,20,81,10,-1.7130423485236068,10
3463,40,46,9,25,-1.7148595920822798,21
3464,45,19,16,11,-1.7223541453976996,8
3465,45,15,63,8,-1.7260545689947928,7
3466,50,11,83,5,-1.7272952536822093,6
3467,107,31,1,16,-1.7274304042355133,15
3468,12,13,50,5,-1.7279667161947843,8
3469,20,14,93,8,-1.728558212953566,6
3470,11,14,60,7,-1.729783938603551,7
3471,75,19,70,9,-1.7314858975507368,10
3472,5,51,46,28,-1.7323776092910628,23
3473,106,19,48,10,-1.7335189393534853,9
3474,88,37,36,21,-1.7392851936744331,16
3475,23,26,8,13,-1.7400762718841147,13
3476,6,11,18,6,-1.7414584600944745,5
3477,36,33,60,17,-1.7416473627060742,16
3478,65,10,94,5,-1.7492821680796196,5
3479,51,39,53,20,-1.7493185772901758,19
3480,107,38,97,19,-1.7507246476170446,19
3481,68,31,4,16,-1.7510661926181545,15
3482,70,26,84,14,-1.7530345342228948,12
3483,20,13,15,7,-1.7590701497423389,6
3484,110,11,88,5,-1.7642228121429868,6
3485,76,21,109,10,-1.7708841969163658,11
3486,16,62,104,33,-1.7780277088526335,29
3487,84,13,102,7,-1.7793224025292758,6
3488,102,24,16,13,-1.7801591114112068,11
3489,90,25,37,13,-1.7816453937181784,12
3490,78,13,28,6,-1.78475450332544,7
3491,43,15,27,7,-1.8001576129442598,8
3492,28,65,8,35,-1.8060421386611965,30
3493,25,22,36,11,-1.8071440138268584,11
3494,111,18,40,9,-1.8104998545748818,9
3495,28,18,79,10,-1.8130893193426156,8
3496,109,11,71,6,-1.819641782820222,5
3497,99,13,102,7,-1.8212893413036864,6
3498,114,13,44,7,-1.8263733365516708,6
3499,3,11,106,6,-1.8270221877820196,5
3500,13,29,74,15,-1.8278354237299068,14
3501,49,20,54,10,-1.8291542659227744,10
3502,3,30,39,15,-1.830220006872886,15
3503,96,38,84,19,-1.835648682700679,19
3504,17,30,13,16,-1.848338276876224,14
3505,97,22,53,12,-1.8492466822191078,10
3506,106,61,87,31,-1.8566326197242504,30
3507,13,25,38,12,-1.856740998480051,13
3508,5,95,37,49,-1.865428870342572,46
3509,54,26,17,13,-1.867393134138254,13
3510,68,48,107,26,-1.873122748974768,22
3511,78,22,13,12,-1.8786124583649098,10
3512,79,14,8,6,-1.8787453444383126,8
3513,68,40,27,22,-1.8804967014192888,18
3514,8,41,2,21,-1.8848654476169693,20
3515,64,23,25,12,-1.8857238852847689,11
3516,106,35,20,19,-1.890590591428699,16
3517,55,83,8,41,-1.8965599352332858,42
3518,51,25,108,13,-1.9002486171144384,12
3519,65,29,43,14,-1.9015147557652619,15
3520,88,13,14,7,-1.902096229341472,6
3521,88,61,46,31,-1.9022171114408328,30
3522,17,11,110,6,-1.9155371371930654,5
3523,106,32,97,16,-1.9159665785715099,16
3524,76,11,99,5,-1.9173589523208336,6
3525,41,21,70,10,-1.9198471114809519,11
3526,64,43,53,23,-1.9214578200473016,20
3527,28,25,80,13,-1.9225523112040797,12
3528,18,21,114,11,-1.923577249757447,10
3529,86,56,114,29,-1.9239569797033842,27
3530,12,38,65,19,-1.9245614546210972,19
3531,40,19,70,11,-1.9276789997691202,8
3532,84,38,87,20,-1.9318820493391857,18
3533,97,14,23,7,-1.9330528734436563,7
3534,114,29,102,16,-1.9340899786626797,13
3535,98,10,32,5,-1.9380052263831622,5
3536,104,13,110,8,-1.9388474450810558,5
3537,31,14,23,8,-1.9392936999416424,6
3538,55,20,25,11,-1.9429576796619947,9
3539,64,34,36,17,-1.9485056781764598,17
3540,71,12,78,6,-1.9545808326383198,6
3541,35,11,50,6,-1.9581460146246743,5
3542,16,61,60,32,-1.971501070960475,29
3543,76,18,41,8,-1.972404836446448,10
3544,15,15,64,7,-1.974538086287131,8
3545,53,28,95,17,-1.9769373995573178,11
3546,76,46,106,22,-1.9803869538705086,24
3547,25,38,28,22,-1.983389891159918,16
3548,4,19,53,10,-1.987694792892672,9
3549,86,55,70,30,-1.99170528882216,25
3550,50,38,13,20,-1.9937674166002943,18
3551,112,15,104,8,-1.9939359727925703,7
3552,7,24,69,12,-1.9945381002011557,12
3553,28,87,16,47,-2.0038366917622867,40
3554,97,22,83,10,-2.007636873207568,12
3555,90,36,8,20,-2.01946478207178,16
3556,87,30,75,16,-2.024772500508876,14
3557,13,11,32,6,-2.026181507027533,5
3558,114,14,91,7,-2.031242634143396,7
3559,79,11,55,6,-2.0315889229013417,5
3560,63,12,58,5,-2.0345686518653676,7
3561,88,14,89,7,-2.035463499061412,7
3562,74,19,100,10,-2.0359479445815105,9
3563,39,21,12,11,-2.0360468271825893,10
3564,108,20,86,9,-2.0383331764650157,11
3565,60,24,90,14,-2.039727571926182,10
3566,51,34,18,17,-2.042743355152735,17
3567,51,63,40,33,-2.0429256811029024,30
3568,39,31,64,17,-2.0431697239809092,14
3569,88,21,93,12,-2.047097578055207,9
3570,11,32,39,17,-2.0483405528854366,15
3571,80,31,65,16,-2.05091984654234,15
3572,90,45,86,25,-2.0574221764428238,20
3573,63,10,82,5,-2.0779758612966877,5
3574,65,55,28,30,-2.0838082258755577,25
3575,65,47,74,24,-2.0847963525870905,23
3576,91,12,17,7,-2.0932516032559643,5
3577,27,12,15,6,-2.094043643822435,6
3578,8,22,97,11,-2.094799206270941,11
3579,55,34,83,17,-2.0962093979720193,17
3580,3,10,77,6,-2.1078393954054353,4
3581,33,12,74,6,-2.113811361821,6
3582,64,20,1,10,-2.116432620959366,10
3583,37,38,65,19,-2.116557677432621,19
3584,70,11,53,6,-2.117480208536356,5
3585,69,13,94,7,-2.1206512773898547,6
3586,84,26,37,14,-2.1240499046478805,12
3587,43,16,35,8,-2.1256405181906706,8
3588,74,14,88,9,-2.16536396125082,5
3589,84,31,16,16,-2.1667249344371378,15
3590,54,75,86,39,-2.1689438842347455,36
3591,39,11,33,6,-2.1701558874520313,5
3592,93,16,84,8,-2.173203038685071,8
3593,70,26,63,14,-2.1813121472430432,12
3594,74,64,8,36,-2.1866220406514896,28
3595,54,10,31,5,-2.1866689261471493,5
3596,39,20,62,10,-2.1906158630571055,10
3597,13,51,49,26,-2.2090696411697515,25
3598,96,50,5,28,-2.21142719225076,22
3599,8,11,112,5,-2.214468435350456,6
3600,99,13,98,6,-2.22125816779338,7
3601,33,11,88,5,-2.224220943421554,6
3602,16,18,34,10,-2.225189084516704,8
3603,25,16,90,9,-2.226157693683706,7
3604,74,27,20,15,-2.230377352624161,12
3605,70,25,68,13,-2.2334926025833965,12
3606,104,35,87,17,-2.2393020839894078,18
3607,11,18,7,10,-2.23932059026862,8
3608,17,23,49,14,-2.240439478067099,9
3609,27,10,70,5,-2.243263258457554,5
3610,4,38,88,20,-2.24592170041755,18
3611,65,88,13,48,-2.2487937244898935,40
3612,54,14,41,7,-2.2511014360561394,7
3613,20,13,69,7,-2.2532252345201647,6
3614,25,30,95,16,-2.25397314365567,14
3615,88,45,106,26,-2.2639858690375605,19
3616,7,12,85,7,-2.267272935114745,5
3617,96,66,28,35,-2.2674069446039327,31
3618,31,10,61,5,-2.2696136748473594,5
3619,71,16,80,8,-2.2753923838048147,8
3620,35,20,88,10,-2.2787018333731495,10
3621,114,38,63,23,-2.2836807270192585,15
3622,74,46,37,24,-2.2838690954080456,22
3623,4,13,106,6,-2.287883468044352,7
3624,45,18,114,10,-2.292094813707231,8
3625,5,24,100,13,-2.2932427434044693,11
3626,65,33,97,18,-2.294354223312199,15
3627,109,16,68,10,-2.29851232062389,6
3628,32,21,86,11,-2.2989864902239,10
3629,109,13,23,7,-2.3017906431791286,6
3630,102,22,109,12,-2.303194855526112,10
3631,50,12,58,6,-2.303376752943112,6
3632,48,17,109,9,-2.3066244801907967,8
3633,91,32,88,17,-2.315767764685103,15
3634,60,26,3,14,-2.3182866914035363,12
3635,102,21,104,10,-2.320627297470276,11
3636,64,23,50,12,-2.3285304422785043,11
3637,5,51,109,26,-2.3285813949081646,25
3638,29,20,16,10,-2.329592750683846,10
3639,53,28,25,14,-2.3301510854690832,14
3640,63,22,46,10,-2.3313756374008836,12
3641,50,13,6,7,-2.341492332331065,6
3642,107,71,51,41,-2.344014195106717,30
3643,37,58,107,31,-2.3520883092822156,27
3644,31,36,4,21,-2.3535355966794675,15
3645,49,48,39,27,-2.353804446492822,21
3646,109,14,96,8,-2.3566759619593642,6
3647,5,23,99,12,-2.3616219022642833,11
3648,39,46,63,28,-2.3626947638130464,18
3649,70,19,7,12,-2.364945757295021,7
3650,50,24,40,14,-2.3671440474550494,10
3651,112,19,50,11,-2.3689643473531765,8
3652,96,55,8,30,-2.3714393570924233,25
3653,68,106,7,57,-2.372479004873661,49
3654,107,40,71,23,-2.3760609676092477,17
3655,17,23,8,12,-2.380809098241683,11
3656,56,13,75,8,-2.3840139649043506,5
3657,28,54,88,30,-2.3841654810723805,24
3658,104,25,96,14,-2.3866419839158355,11
3659,71,21,4,13,-2.3871750117365993,8
3660,95,40,104,22,-2.389034218387607,18
3661,8,12,111,6,-2.390343846489093,6
3662,87,22,83,11,-2.3903571419434884,11
3663,63,17,17,9,-2.392516388601692,8
3664,87,22,29,13,-2.3927220644385314,9
3665,28,38,46,22,-2.3990178798165633,16
3666,8,10,56,6,-2.4000860547179794,4
3667,60,20,78,10,-2.402430835134886,10
3668,80,26,20,14,-2.4033351571638573,12
3669,69,18,9,10,-2.4050002453980612,8
3670,38,21,68,12,-2.407021082950757,9
3671,51,24,47,12,-2.4094573680997575,12
3672,93,33,8,17,-2.4111455321691304,16
3673,92,11,65,6,-2.411285975254871,5
3674,39,35,71,19,-2.4158892555534424,16
3675,54,17,94,9,-2.418369665890047,8
3676,25,46,107,24,-2.4187485647838773,22
3677,99,11,109,6,-2.419517402501058,5
3678,1,22,60,12,-2.4237761384069962,10
3679,112,10,94,5,-2.4238269159246055,5
3680,17,18,34,10,-2.4265857697933275,8
3681,75,20,91,7,-2.4323694332612673,13
3682,51,19,14,12,-2.4338441230915153,7
3683,64,37,107,19,-2.435414553814307,18
3684,106,39,55,22,-2.4381392466666045,17
3685,86,18,12,10,-2.4382543520920796,8
3686,88,31,96,16,-2.4406464912019885,15
3687,50,10,32,4,-2.4440541907162716,6
3688,3,20,28,11,-2.459553189839291,9
3689,27,10,54,5,-2.463869496934477,5
3690,69,17,74,8,-2.466497282082454,9
3691,74,40,87,22,-2.4671563114027464,18
3692,81,17,4,10,-2.467812477706327,7
3693,9,61,7,31,-2.4756046461152823,30
3694,39,30,95,16,-2.481130681096556,14
3695,111,11,18,6,-2.489910872635885,5
3696,3,20,65,11,-2.4971368500383213,9
3697,109,18,37,10,-2.5010134043415313,8
3698,51,70,88,34,-2.5063635186764337,36
3699,96,37,106,21,-2.5084238105055885,16
3700,107,30,34,17,-2.5096553899166283,13
3701,28,98,86,54,-2.509853723281828,44
3702,55,43,75,25,-2.5125301308500276,18
3703,36,15,12,8,-2.5163199425137495,7
3704,54,34,80,17,-2.5244394841569355,17
3705,50,32,39,17,-2.524569549657206,15
3706,55,70,13,37,-2.5251872046456105,33
3707,4,18,39,10,-2.5267698999647226,8
3708,51,45,8,24,-2.5271962911390995,21
3709,9,33,36,18,-2.527924078037467,15
3710,64,27,87,14,-2.5304532187422577,13
3711,95,20,20,11,-2.5325274069422727,9
3712,60,50,39,26,-2.5355246842136108,24
3713,60,11,111,7,-2.535604443502029,4
3714,11,35,63,21,-2.539597707853179,14
3715,16,13,52,7,-2.542332195506543,6
3716,38,20,64,11,-2.5449420802693488,9
3717,36,74,7,40,-2.54935875079736,34
3718,1,19,73,11,-2.5534291003907295,8
3719,83,16,51,10,-2.556300922595479,6
3720,63,10,83,4,-2.557624644664858,6
3721,41,45,51,24,-2.5612918082451848,21
3722,51,43,28,22,-2.5635290356109595,21
3723,87,13,92,7,-2.5651869545632544,6
3724,107,50,50,26,-2.5656690703128167,24
3725,3,13,69,8,-2.5732249505733895,5
3726,71,14,69,7,-2.582352607553779,7
3727,7,50,104,27,-2.5854072339864174,23
3728,62,21,87,11,-2.586304566496697,10
3729,87,25,71,13,-2.590103521421834,12
3730,109,10,1,5,-2.592960677140225,5
3731,31,23,39,13,-2.5934090452929364,10
3732,27,19,40,8,-2.5947052105553348,11
3733,13,83,68,46,-2.5976902388524796,37
3734,91,23,36,13,-2.600483205457647,10
3735,90,37,107,19,-2.6015860655240464,18
3736,1,29,40,16,-2.608102727316189,13
3737,86,20,93,11,-2.6126285193850958,9
3738,40,16,11,9,-2.612795985816362,7
3739,2,13,76,8,-2.6134640032331116,5
3740,64,28,75,15,-2.614396425436705,13
3741,107,21,29,13,-2.6150940750243037,8
3742,41,12,11,8,-2.6159479780993316,4
3743,20,26,11,15,-2.6225934054521076,11
3744,86,36,91,19,-2.627461430980282,17
3745,84,17,13,10,-2.627956202763828,7
3746,11,10,15,5,-2.630075529152564,5
3747,39,30,17,17,-2.63473827504273,13
3748,114,28,54,14,-2.6355280322257006,14
3749,72,15,54,8,-2.641293556986857,7
3750,95,14,33,8,-2.6415453896084555,6
3751,5,60,16,35,-2.643518445682432,25
3752,37,21,30,12,-2.6448172779185537,9
3753,86,43,23,23,-2.6484576158238538,20
3754,8,24,30,13,-2.6514132136935475,11
3755,65,48,53,25,-2.6519126498591334,23
3756,36,13,57,8,-2.653116090105381,5
3757,88,29,92,16,-2.65412565592523,13
3758,91,13,74,7,-2.658254293210725,6
3759,76,10,47,3,-2.6595736051653853,7
3760,27,49,7,26,-2.6647214457148434,23
3761,74,25,114,13,-2.666972342657448,12
3762,75,18,95,10,-2.672802736686619,8
3763,44,17,25,9,-2.673535476281759,8
3764,5,25,39,13,-2.6791322172692884,12
3765,17,17,90,8,-2.680753861205159,9
3766,35,11,13,6,-2.684594978225239,5
3767,71,40,65,23,-2.6867803351656674,17
3768,88,40,11,22,-2.6877923972728404,18
3769,18,14,12,8,-2.7036570911929836,6
3770,13,86,16,48,-2.7044647737102747,38
3771,70,16,49,8,-2.7131214221068403,8
3772,80,11,95,6,-2.7197438471090796,5
3773,28,50,11,26,-2.7199624016130106,24
3774,70,31,104,17,-2.7208109249750048,14
3775,88,53,55,31,-2.721264805593774,22
3776,34,12,75,6,-2.7327928404854562,6
3777,106,50,65,27,-2.735321183024918,23
3778,63,12,99,6,-2.7377253409939377,6
3779,104,22,97,11,-2.7396377781056187,11
3780,112,23,63,12,-2.74696539057072,11
3781,63,17,78,8,-2.7493489255748647,9
3782,19,12,38,8,-2.7513058656159664,4
3783,60,31,18,17,-2.759241709022921,14
3784,8,79,86,40,-2.762520741926732,39
3785,77,17,5,9,-2.7658375671945885,8
3786,40,11,38,5,-2.771552043064858,6
3787,10,11,5,5,-2.7716738654503192,6
3788,11,50,8,28,-2.78289927873935,22
3789,91,31,28,17,-2.78581966806185,14
3790,97,15,9,7,-2.7891659901703596,8
3791,36,13,100,7,-2.7923934619121096,6
3792,1,26,7,14,-2.793205495238504,12
3793,114,25,4,13,-2.7973762559419417,12
3794,109,20,50,11,-2.798084616202662,9
3795,54,14,29,7,-2.799406704814975,7
3796,112,14,106,7,-2.805082024542768,7
3797,41,15,99,8,-2.808167291861728,7
3798,36,32,1,16,-2.8095303452930684,16
3799,106,33,68,18,-2.8127952198562447,15
3800,48,17,65,10,-2.813018636762518,7
3801,98,12,39,7,-2.813957257779375,5
3802,47,13,64,8,-2.821240379057225,5
3803,71,13,18,7,-2.821320109059578,6
3804,38,21,16,13,-2.8217292489636367,8
3805,109,14,40,8,-2.8243745319718685,6
3806,81,23,53,13,-2.832269045840244,10
3807,74,33,104,19,-2.832959821636547,14
3808,65,18,77,9,-2.836180648453273,9
3809,58,14,16,8,-2.8389435880706166,6
3810,60,12,89,6,-2.8396731138810423,6
3811,23,19,95,10,-2.8404436396815522,9
3812,104,13,23,8,-2.8445076862849517,5
3813,44,13,28,6,-2.846139863099275,7
3814,33,13,97,7,-2.8486496222061595,6
3815,18,20,74,10,-2.8496142222224696,10
3816,17,27,7,15,-2.85132939083683,12
3817,57,17,68,9,-2.8518699569408628,8
3818,96,16,73,9,-2.853430398009382,7
3819,99,18,51,9,-2.8534777973740635,9
3820,104,35,39,19,-2.8536678809946237,16
3821,17,11,99,6,-2.8559138463200195,5
3822,65,25,15,14,-2.862354953283159,11
3823,20,42,87,22,-2.869120615934056,20
3824,69,21,87,12,-2.8736651185365396,9
3825,75,21,27,11,-2.8742147115996155,10
3826,60,23,63,13,-2.8746236800640066,10
3827,16,13,85,8,-2.8813506371354958,5
3828,65,11,85,6,-2.8887980695165383,5
3829,74,24,75,14,-2.8903655619324415,10
3830,84,20,9,11,-2.891724480498797,9
3831,19,12,112,7,-2.8952293935903284,5
3832,78,20,68,11,-2.8969266940151783,9
3833,70,10,44,5,-2.8975248911261424,5
3834,112,10,45,6,-2.897726145007349,4
3835,108,13,71,7,-2.8992906212622866,6
3836,109,51,28,29,-2.9004083862878964,22
3837,37,19,91,10,-2.9050960547005253,9
3838,79,15,7,8,-2.9111710091731053,7
3839,108,12,25,7,-2.9132670669268257,5
3840,106,19,102,9,-2.9207255392565092,10
3841,86,82,74,43,-2.9212877807151494,39
3842,63,31,9,17,-2.9234885327226117,14
3843,100,24,8,14,-2.9246971191484055,10
3844,3,15,61,7,-2.93476140357165,8
3845,87,20,36,12,-2.9355732508976633,8
3846,76,17,30,10,-2.9372015853586078,7
3847,40,32,41,17,-2.946728808508273,15
3848,65,20,18,10,-2.9468351166959508,10
3849,38,31,86,17,-2.9478210267751135,14
3850,8,16,80,8,-2.9519293865537106,8
3851,46,23,114,13,-2.9631435316072414,10
3852,57,18,25,10,-2.964934950553877,8
3853,53,11,47,6,-2.967218161853792,5
3854,37,21,2,11,-2.96975801126945,10
3855,4,32,36,19,-2.9739066740354194,13
3856,106,36,84,18,-2.9754739608250116,18
3857,51,12,6,6,-2.980948961210987,6
3858,7,25,100,14,-2.9877637593718043,11
3859,60,17,38,10,-2.989624968675235,7
3860,18,10,27,5,-2.996654278290003,5
3861,69,11,4,6,-2.9994841766617175,5
3862,34,14,96,8,-3.001763014782562,6
3863,20,37,88,19,-3.003632967463921,18
3864,37,47,20,25,-3.0049852144749636,22
3865,29,16,7,7,-3.0054928601317066,9
3866,7,27,6,12,-3.013941061604383,15
3867,99,12,27,6,-3.0280763102634345,6
3868,49,16,65,9,-3.0342561495428084,7
3869,3,10,62,6,-3.0368788868426506,4
3870,65,39,25,23,-3.0368934823131157,16
3871,87,20,27,11,-3.0371137450576833,9
3872,96,13,38,7,-3.0422152322461713,6
3873,79,14,63,8,-3.058560696950154,6
3874,86,42,71,22,-3.0606693617391714,20
3875,55,14,48,8,-3.0636269177668387,6
3876,25,18,71,10,-3.0644100067848146,8
3877,114,40,60,18,-3.0670908685799043,22
3878,55,22,20,12,-3.0673393388469985,10
3879,25,30,75,17,-3.069551733540898,13
3880,41,11,74,5,-3.0735662157516845,6
3881,87,14,45,8,-3.086220297325659,6
3882,86,31,49,16,-3.0977725602373374,15
3883,91,10,64,6,-3.0993479020870796,4
3884,68,14,99,8,-3.100103615084465,6
3885,27,13,74,6,-3.1002755903304386,7
3886,60,15,92,9,-3.101629065738581,6
3887,106,25,109,13,-3.1028448270841773,12
3888,53,26,106,13,-3.1050273222192404,13
3889,86,91,63,53,-3.106277287763664,38
3890,4,24,50,12,-3.1105592371369597,12
3891,17,25,25,14,-3.1106502600539105,11
3892,80,11,36,6,-3.1158574211756616,5
3893,88,61,60,35,-3.1160238698452347,26
3894,43,11,112,6,-3.1359235341148506,5
3895,23,23,75,11,-3.148733601092015,12
3896,17,13,87,7,-3.155787932459329,6
3897,84,85,86,44,-3.15758944772919,41
3898,82,21,86,12,-3.1586560919846263,9
3899,49,17,68,9,-3.1607693699001054,8
3900,1,36,68,20,-3.1610454054119046,16
3901,62,17,13,9,-3.161295276739798,8
3902,74,14,90,9,-3.168061351028922,5
3903,51,48,54,26,-3.1685476843403935,22
3904,86,16,110,9,-3.1694821197260485,7
3905,60,25,106,15,-3.171261503808182,10
3906,7,32,43,19,-3.1749602918386843,13
3907,65,25,83,13,-3.1850517665827933,12
3908,48,21,11,12,-3.1860024351672225,9
3909,50,54,37,28,-3.1883352760136074,26
3910,5,61,88,32,-3.1946532218196624,29
3911,81,14,68,8,-3.1985312995714845,6
3912,5,49,55,27,-3.198953177181802,22
3913,39,41,36,23,-3.1998605067578225,18
3914,76,12,44,7,-3.2019945343572456,5
3915,17,28,106,17,-3.2039846830051117,11
3916,60,15,84,10,-3.2064037329190676,5
3917,31,47,60,23,-3.2094707274879264,24
3918,97,19,50,11,-3.210625734622642,8
3919,94,13,114,6,-3.211141820323351,7
3920,74,16,17,9,-3.21177055102783,7
3921,23,19,64,10,-3.2123729115980186,9
3922,100,11,9,7,-3.213107615631007,4
3923,28,39,55,23,-3.2184704312839756,16
3924,63,29,97,16,-3.219195053710692,13
3925,7,55,23,30,-3.222928305376168,25
3926,16,21,4,10,-3.223993814900797,11
3927,35,18,16,11,-3.2305329948687067,7
3928,87,21,2,12,-3.2308938185741103,9
3929,97,10,56,5,-3.2314262120369195,5
3930,36,49,107,26,-3.234838704648262,23
3931,60,25,99,14,-3.238194459102709,11
3932,8,18,68,10,-3.2434866605613224,8
3933,27,11,28,7,-3.2491657307621873,4
3934,16,45,41,23,-3.2495789716339614,22
3935,6,15,68,9,-3.251551578791195,6
3936,25,47,114,27,-3.2540864225169766,20
3937,95,14,84,8,-3.2568961944145873,6
3938,74,24,7,15,-3.257493143792889,9
3939,95,14,76,8,-3.257651508839797,6
3940,54,56,28,31,-3.262278028179984,25
3941,7,114,13,62,-3.264302615697635,52
3942,102,12,13,8,-3.269263582511039,4
3943,93,14,70,8,-3.2714518634318708,6
3944,17,12,85,7,-3.2737777276415283,5
3945,67,13,114,7,-3.274670651234843,6
3946,86,49,60,27,-3.2754717222931737,22
3947,47,22,107,12,-3.281473065538478,10
3948,41,22,57,13,-3.299539223302888,9
3949,5,60,104,32,-3.3007473735225057,28
3950,107,47,11,26,-3.3014476914266497,21
3951,48,29,28,16,-3.3030143286202387,13
3952,15,12,28,6,-3.307663426492388,6
3953,66,11,86,6,-3.309294151623436,5
3954,75,31,60,17,-3.313915862803686,14
3955,84,16,97,10,-3.316428205809935,6
3956,30,18,49,10,-3.318164342935083,8
3957,17,26,28,14,-3.328116205795543,12
3958,50,19,41,11,-3.331657114556132,8
3959,109,12,69,7,-3.3344685187765157,5
3960,76,13,71,6,-3.3359186512389036,7
3961,5,13,68,7,-3.3380294056441127,6
3962,98,20,54,11,-3.3414082574983,9
3963,33,13,75,8,-3.342736023465549,5
3964,70,47,16,27,-3.3445553948476245,20
3965,91,15,40,8,-3.345577169162442,7
3966,20,10,83,5,-3.347889825164404,5
3967,107,15,14,9,-3.3479962116917545,6
3968,70,30,88,17,-3.3524090493184286,13
3969,3,12,54,6,-3.3552278990212483,6
3970,47,24,16,13,-3.3618794644533065,11
3971,8,23,14,13,-3.3634201583462153,10
3972,97,25,54,13,-3.364815342765676,12
3973,20,17,40,10,-3.3649339637959637,7
3974,17,11,72,6,-3.3662129756747095,5
3975,55,56,107,30,-3.369618935589803,26
3976,44,13,100,7,-3.3720452657314217,6
3977,98,15,73,8,-3.3800553651819163,7
3978,55,28,36,15,-3.383336577257353,13
3979,9,28,60,17,-3.384232112219374,11
3980,88,13,19,7,-3.3883003963549876,6
3981,55,48,39,27,-3.3894226122709816,21
3982,84,46,51,26,-3.3899626880998377,20
3983,104,10,73,6,-3.391491099464731,4
3984,28,13,4,7,-3.3940824912486858,6
3985,17,20,68,12,-3.395638967050424,8
3986,87,29,76,17,-3.3995265465111264,12
3987,84,29,55,16,-3.4012305577969593,13
3988,98,26,104,12,-3.4091853213510745,14
3989,36,11,17,5,-3.417273645156755,6
3990,37,12,4,7,-3.4218717037755084,5
3991,57,22,28,12,-3.435107524098107,10
3992,25,31,102,17,-3.4382241991917164,14
3993,39,29,114,15,-3.4411172111260955,14
3994,40,58,60,32,-3.4423663485116376,26
3995,55,28,76,17,-3.4438952481653042,11
3996,46,25,68,14,-3.4494659871080535,11
3997,23,21,37,11,-3.4530437057487418,10
3998,5,23,33,12,-3.454327509177194,11
3999,51,49,106,27,-3.457607975311812,22
4000,1,32,13,19,-3.462932922524283,13
4001,76,23,46,13,-3.4689542345765494,10
4002,5,60,74,32,-3.4699961467083447,28
4003,16,14,73,7,-3.4738693799097957,7
4004,81,10,23,6,-3.4745303728026347,4
4005,54,57,96,29,-3.47661338595835,28
4006,18,16,55,8,-3.481046717374471,8
4007,70,20,25,11,-3.484518115943737,9
4008,71,18,12,10,-3.4874429459484335,8
4009,51,30,36,16,-3.4874600225025065,14
4010,36,13,62,7,-3.489528327052378,6
4011,114,36,97,20,-3.494809729950691,16
4012,9,26,50,15,-3.4989626487903873,11
4013,63,18,49,10,-3.500149915800845,8
4014,68,14,85,9,-3.5027894631624408,5
4015,23,16,74,9,-3.5053157619270587,7
4016,33,10,49,6,-3.5057518320537775,4
4017,104,38,8,21,-3.5073414065674897,17
4018,106,50,107,27,-3.5165007722129795,23
4019,17,39,16,24,-3.519303718783672,15
4020,43,18,63,10,-3.5248517337852396,8
4021,76,17,20,8,-3.5278207011714757,9
4022,25,17,93,9,-3.530039788975629,8
4023,7,15,44,8,-3.535266020755452,7
4024,69,26,88,15,-3.536532050456282,11
4025,93,18,16,9,-3.537667826260254,9
4026,36,65,40,37,-3.5400829247343655,28
4027,76,27,28,14,-3.5440767696346973,13
4028,16,19,19,10,-3.548126113476464,9
4029,4,13,30,7,-3.554167963462701,6
4030,57,13,23,7,-3.554408044637194,6
4031,36,19,28,10,-3.554999615354126,9
4032,86,90,7,52,-3.5577462755235434,38
4033,33,11,64,7,-3.558110801858625,4
4034,69,25,41,16,-3.5647588534800048,9
4035,3,15,81,9,-3.5653849933326986,6
4036,23,12,33,7,-3.5712223539857573,5
4037,68,59,88,33,-3.5734126611884127,26
4038,28,50,20,28,-3.5784154895374147,22
4039,95,10,97,6,-3.58943247133478,4
4040,71,13,58,7,-3.5901555481142533,6
4041,13,14,34,7,-3.5918746626908375,7
4042,86,108,16,61,-3.6019723438749134,47
4043,94,13,55,7,-3.6120696685756326,6
4044,18,19,43,9,-3.6267699505365183,10
4045,87,107,86,55,-3.6292274243498333,52
4046,108,14,75,8,-3.634090811617301,6
4047,107,72,88,41,-3.6375933381747343,31
4048,70,10,14,5,-3.6470421341148493,5
4049,2,19,16,11,-3.6499962386684315,8
4050,50,13,27,8,-3.6503401008022798,5
4051,65,47,23,25,-3.650632324208862,22
4052,18,11,17,5,-3.6519056838531805,6
4053,9,15,109,7,-3.6538651478462696,8
4054,32,21,107,11,-3.6546977761524695,10
4055,71,10,90,5,-3.656103603020123,5
4056,23,22,63,13,-3.656375723040438,9
4057,100,11,53,6,-3.6569500587649983,5
4058,96,33,97,17,-3.6574389351582637,16
4059,19,11,9,6,-3.6655477701213557,5
4060,112,10,14,6,-3.665654955195535,4
4061,8,72,16,41,-3.6704581726365118,31
4062,87,25,80,14,-3.671802865102298,11
4063,27,12,71,7,-3.672482180614423,5
4064,51,85,13,45,-3.6737894713553563,40
4065,68,14,101,9,-3.6742625668258904,5
4066,107,11,52,7,-3.67922282951035,4
4067,55,19,34,10,-3.680955248563573,9
4068,51,37,114,19,-3.6824882422691596,18
4069,53,48,39,27,-3.685116242956752,21
4070,28,25,60,12,-3.7035703279957386,13
4071,43,17,106,9,-3.706853967971227,8
4072,86,12,6,7,-3.71051078907743,5
4073,5,21,15,13,-3.7147342263498238,8
4074,81,17,39,10,-3.728914203220536,7
4075,107,22,15,14,-3.7321712067825557,8
4076,94,23,43,12,-3.734495197976475,11
4077,25,65,86,35,-3.735239092039536,30
4078,4,13,1,8,-3.7360390878519714,5
4079,40,42,53,23,-3.7429391558119995,19
4080,30,12,19,7,-3.743863776224434,5
4081,53,55,18,30,-3.7518428116438605,25
4082,109,33,51,21,-3.752003613096799,12
4083,6,16,88,9,-3.7570512530434645,7
4084,15,13,47,7,-3.7602698343279473,6
4085,40,69,13,38,-3.7693846533253215,31
4086,65,90,16,51,-3.773083718958,39
4087,4,19,63,11,-3.7758336578086884,8
4088,92,13,104,6,-3.7768187223532292,7
4089,23,48,107,26,-3.7778307981128196,22
4090,93,10,7,5,-3.7802315490169662,5
4091,37,12,94,7,-3.788108137633397,5
4092,60,13,80,7,-3.788360223509818,6
4093,86,11,19,6,-3.7947428736900837,5
4094,107,29,91,17,-3.79517570888213,12
4095,104,13,20,8,-3.7974160411444697,5
4096,78,12,39,6,-3.805891795343841,6
4097,5,16,110,9,-3.8138584796050923,7
4098,91,28,5,17,-3.814625093066516,11
4099,51,24,57,13,-3.8150188472138717,11
4100,18,32,86,19,-3.8203668272153477,13
4101,3,10,49,6,-3.8208441036339096,4
4102,4,21,55,11,-3.821660634263143,10
4103,64,14,44,8,-3.824222642884567,6
4104,3,11,4,6,-3.825046392091852,5
4105,66,12,60,8,-3.8266322198174065,4
4106,87,16,44,9,-3.826754946057649,7
4107,51,33,27,20,-3.827314183962787,13
4108,51,30,70,16,-3.8297117807076546,14
4109,87,38,30,21,-3.8298987122526276,17
4110,13,26,91,14,-3.8317482607331113,12
4111,46,13,38,8,-3.8338597693432233,5
4112,7,26,20,14,-3.839940256500115,12
4113,31,23,18,12,-3.8430258307678655,11
4114,31,11,28,6,-3.845374758093618,5
4115,54,50,46,28,-3.846547643547206,22
4116,111,34,65,20,-3.8475275648066676,14
4117,114,25,41,13,-3.8544949021986654,12
4118,51,16,11,8,-3.8660778701548084,8
4119,68,11,108,6,-3.86884903956731,5
4120,87,36,95,20,-3.8694007735692093,16
4121,98,13,18,6,-3.8754830902904,7
4122,107,24,85,13,-3.8809089622921893,11
4123,108,11,30,6,-3.88226795119385,5
4124,112,11,1,5,-3.8826933985340957,6
4125,17,15,11,8,-3.886158778436342,7
4126,63,39,74,21,-3.890775716060593,18
4127,62,13,76,7,-3.8913968956310074,6
4128,11,44,55,26,-3.8920841591670357,18
4129,20,13,18,8,-3.8928283548315483,5
4130,37,26,102,15,-3.901578428361024,11
4131,49,19,98,10,-3.906322793569991,9
4132,96,21,60,14,-3.9124280698247627,7
4133,86,13,89,6,-3.9174928376954097,7
4134,70,38,37,22,-3.9227382855891673,16
4135,2,28,5,16,-3.923277825320168,12
4136,63,28,64,15,-3.9273689023243743,13
4137,50,11,57,7,-3.929027822248146,4
4138,16,35,97,19,-3.9340820840887147,16
4139,97,10,80,6,-3.9365866928471034,4
4140,40,11,6,6,-3.9442678680230827,5
4141,76,12,34,6,-3.9517678907570324,6
4142,104,50,88,29,-3.9536343834384904,21
4143,17,34,65,21,-3.9540701507148897,13
4144,93,24,74,13,-3.960101768879081,11
4145,112,10,72,5,-3.960486504978045,5
4146,107,74,13,40,-3.964493797891697,34
4147,14,12,96,7,-3.975747798085754,5
4148,68,20,15,12,-3.979692185716907,8
4149,31,12,66,7,-4.0087548725586535,5
4150,46,59,13,34,-4.009188890622041,25
4151,54,36,55,19,-4.011039158800405,17
4152,110,20,8,12,-4.013172679497405,8
4153,51,44,104,27,-4.015424408222765,17
4154,3,16,104,9,-4.020656220421077,7
4155,47,13,71,7,-4.030916530509354,6
4156,38,18,9,10,-4.035727579019443,8
4157,43,10,1,5,-4.03897671575872,5
4158,109,33,88,19,-4.04309303959431,14
4159,50,21,7,11,-4.045740478776831,10
4160,79,13,11,6,-4.047561716338114,7
4161,65,73,104,40,-4.0492599838057535,33
4162,40,10,32,5,-4.050021677419869,5
4163,69,27,51,16,-4.050423840769318,11
4164,38,10,34,6,-4.0610942900478735,4
4165,38,13,51,8,-4.063140921851932,5
4166,95,10,43,6,-4.0633983206079485,4
4167,60,38,87,20,-4.070682609249087,18
4168,50,22,74,12,-4.086243740312161,10
4169,19,11,36,6,-4.0885902184216905,5
4170,97,21,87,13,-4.089970328864312,8
4171,35,24,20,14,-4.098728722002913,10
4172,93,20,83,11,-4.100880722204593,9
4173,107,20,94,13,-4.110404459710983,7
4174,19,13,84,7,-4.111819285053134,6
4175,112,33,86,19,-4.113604145090607,14
4176,106,11,29,6,-4.1226863415672375,5
4177,102,31,28,17,-4.12543311995288,14
4178,65,22,45,11,-4.125923170388699,11
4179,104,32,76,19,-4.135711821894891,13
4180,20,11,71,7,-4.136430557393971,4
4181,69,11,11,7,-4.1379214913131195,4
4182,87,29,3,17,-4.140165197233932,12
4183,71,47,53,27,-4.141303557057988,20
4184,77,28,13,16,-4.142553833006349,12
4185,73,13,20,8,-4.146065391689571,5
4186,3,13,96,7,-4.14984060644092,6
4187,93,14,20,7,-4.154949932940618,7
4188,62,10,60,6,-4.155747625311636,4
4189,62,29,86,16,-4.168140003828562,13
4190,68,17,12,10,-4.176829780683943,7
4191,72,20,13,10,-4.179845529545229,10
4192,7,18,80,11,-4.182061930373812,7
4193,25,27,23,15,-4.182190113226027,12
4194,48,14,7,7,-4.194687020035504,7
4195,100,18,23,11,-4.197161790157007,7
4196,5,116,86,66,-4.198444147829551,50
4197,40,11,15,6,-4.201647176656486,5
4198,36,56,65,32,-4.205692860728475,24
4199,68,41,41,23,-4.207626519911899,18
4200,107,20,93,12,-4.219148957246671,8
4201,31,21,87,11,-4.220659397575877,10
4202,18,19,4,11,-4.220670692754493,8
4203,44,11,71,6,-4.223524348839462,5
4204,49,25,107,13,-4.230551361616076,12
4205,65,16,109,11,-4.2330518085976205,5
4206,74,12,31,7,-4.240578281890586,5
4207,34,14,106,7,-4.243674039664674,7
4208,80,17,104,9,-4.256665633473226,8
4209,87,33,23,20,-4.2566804889481435,13
4210,19,17,68,9,-4.263483624296964,8
4211,13,22,100,13,-4.266245772639935,9
4212,16,16,103,9,-4.27064958267566,7
4213,96,12,33,5,-4.271042933020871,7
4214,12,18,88,10,-4.271852106961349,8
4215,54,27,9,15,-4.272544772651764,12
4216,104,54,86,30,-4.276251009605023,24
4217,94,17,68,9,-4.284931423956808,8
4218,54,63,20,33,-4.290782184792433,30
4219,54,30,30,17,-4.295304900191639,13
4220,44,21,20,12,-4.299103845073811,9
4221,38,22,7,12,-4.300171500471751,10
4222,54,28,25,16,-4.300413553073274,12
4223,109,22,20,14,-4.302333411252665,8
4224,71,42,16,25,-4.3051763919274695,17
4225,52,10,50,5,-4.308197298973348,5
4226,20,19,17,11,-4.3112321942034,8
4227,17,23,97,13,-4.313428551304956,10
4228,71,14,70,7,-4.315612188206777,7
4229,40,22,4,12,-4.316643149060896,10
4230,37,23,98,13,-4.327931130640238,10
4231,41,19,95,11,-4.332143979792176,8
4232,22,12,60,7,-4.334241842742782,5
4233,46,43,51,25,-4.337483774616596,18
4234,65,29,70,18,-4.3439841796636145,11
4235,88,24,47,13,-4.347102674354305,11
4236,54,31,104,17,-4.355933806560285,14
4237,71,31,64,19,-4.35947313780117,12
4238,54,32,11,18,-4.365388363672616,14
4239,11,13,33,6,-4.365968233102095,7
4240,87,20,94,11,-4.367418143965147,9
4241,23,23,40,13,-4.36842332680331,10
4242,58,13,55,7,-4.369004483506263,6
4243,9,24,55,14,-4.371040618945101,10
4244,51,12,85,6,-4.372397467367475,6
4245,98,13,60,7,-4.372454949323837,6
4246,107,89,87,50,-4.3782734032612565,39
4247,25,33,87,18,-4.379098196808543,15
4248,49,24,87,12,-4.380791657180536,12
4249,76,23,65,14,-4.385586505985179,9
4250,43,26,51,14,-4.390788502279346,12
4251,86,20,111,12,-4.3910837466552355,8
4252,112,16,41,9,-4.393369197219724,7
4253,38,32,107,19,-4.39393220007557,13
4254,64,20,114,12,-4.407773657880816,8
4255,57,12,64,7,-4.4096800085415095,5
4256,53,64,7,36,-4.416213736910661,28
4257,13,30,99,17,-4.420966828834257,13
4258,87,20,102,12,-4.423994697827658,8
4259,20,14,23,8,-4.42777867543601,6
4260,53,35,16,21,-4.432680586189367,14
4261,46,58,86,36,-4.433062748950475,22
4262,88,11,45,7,-4.4416566980945715,4
4263,51,24,1,13,-4.443642769643949,11
4264,109,15,95,9,-4.444131433700797,6
4265,37,33,13,19,-4.448467961015428,14
4266,50,42,2,24,-4.448957186147167,18
4267,31,67,7,38,-4.453212370234459,29
4268,16,44,95,24,-4.453378575583385,20
4269,73,12,50,8,-4.454782630059153,4
4270,97,11,77,7,-4.454901155383999,4
4271,64,15,49,8,-4.458412060664094,7
4272,88,43,75,25,-4.458661851679064,18
4273,50,15,3,8,-4.464463620895281,7
4274,32,18,37,10,-4.466542082918519,8
4275,57,10,91,5,-4.468260927215542,5
4276,25,31,96,17,-4.472832877552798,14
4277,107,33,95,18,-4.475609109265347,15
4278,11,15,93,10,-4.484686270589563,5
4279,27,11,55,6,-4.4890470852362,5
4280,37,15,93,9,-4.4934456656390305,6
4281,112,20,75,12,-4.4989690721071325,8
4282,43,13,17,7,-4.501405777799932,6
4283,110,13,87,8,-4.501644038521952,5
4284,54,17,78,10,-4.506577020775673,7
4285,104,10,62,7,-4.506645682517949,3
4286,69,10,80,5,-4.508733977407145,5
4287,98,21,11,11,-4.5130981495322375,10
4288,29,16,28,9,-4.513248021932703,7
4289,55,43,37,23,-4.516821858156877,20
4290,28,71,50,41,-4.530365152854882,30
4291,75,23,106,12,-4.532198108241345,11
4292,68,28,71,17,-4.532265816801446,11
4293,102,24,8,13,-4.537070383836358,11
4294,76,24,23,13,-4.537606040144393,11
4295,107,36,76,23,-4.544662386882574,13
4296,39,11,1,5,-4.548291694643937,6
4297,15,18,99,11,-4.551461310618722,7
4298,46,15,83,8,-4.551826612706302,7
4299,112,10,74,6,-4.553694289700708,4
4300,23,15,70,8,-4.554568026577778,7
4301,104,16,99,8,-4.562749239239297,8
4302,95,14,99,8,-4.572737764013027,6
4303,58,23,7,12,-4.575034525669345,11
4304,65,16,99,9,-4.579704538683142,7
4305,8,30,60,16,-4.584471076654315,14
4306,96,32,50,18,-4.592653394244437,14
4307,95,13,77,7,-4.601493224452909,6
4308,30,11,23,6,-4.601908928188203,5
4309,3,35,7,21,-4.603775118928218,14
4310,66,10,88,6,-4.60434245546846,4
4311,86,72,37,40,-4.607837359690986,32
4312,55,42,7,25,-4.609551229914398,17
4313,9,17,49,9,-4.620658268254684,8
4314,87,63,8,36,-4.620917268255847,27
4315,51,106,16,59,-4.626612846472604,47
4316,110,15,106,8,-4.633960085739299,7
4317,25,22,60,12,-4.636282806493915,10
4318,109,19,73,11,-4.637139105733963,8
4319,13,14,73,8,-4.6427133386229835,6
4320,16,21,6,11,-4.642825718029856,10
4321,88,95,7,53,-4.646605378714696,42
4322,96,39,63,24,-4.649023449526139,15
4323,25,15,27,8,-4.649655011418167,7
4324,60,29,30,19,-4.653426738413294,10
4325,47,15,25,8,-4.655390231832644,7
4326,100,19,28,11,-4.660885966766407,8
4327,98,14,55,9,-4.662824671110213,5
4328,64,13,80,7,-4.665596394208,6
4329,8,12,52,7,-4.669562642233976,5
4330,64,48,13,25,-4.670216629866639,23
4331,5,16,71,9,-4.686451238703376,7
4332,41,26,60,14,-4.687979614839917,12
4333,62,10,97,6,-4.689387738532959,4
4334,60,45,55,25,-4.699539635247212,20
4335,18,31,88,17,-4.699584875943505,14
4336,46,23,20,15,-4.708713070266484,8
4337,71,16,43,8,-4.709770232299069,8
4338,18,37,28,20,-4.710953949587104,17
4339,72,10,15,6,-4.7131251167737505,4
4340,12,14,74,8,-4.7158981291394015,6
4341,86,17,47,10,-4.720142586161406,7
4342,75,14,15,9,-4.7291616067808215,5
4343,46,11,6,6,-4.730994669309113,5
4344,87,56,13,34,-4.736199864166475,22
4345,46,41,8,22,-4.737192297274267,19
4346,3,11,97,7,-4.7402730889790226,4
4347,65,57,55,32,-4.74405737741087,25
4348,77,16,25,9,-4.745845616411638,7
4349,5,30,90,18,-4.752640516818982,12
4350,50,16,93,10,-4.755526241513055,6
4351,41,31,64,19,-4.758473174288668,12
4352,54,21,15,11,-4.763758842474269,10
4353,97,16,60,8,-4.770560692259115,8
4354,31,15,12,8,-4.770632464521183,7
4355,70,13,90,7,-4.771084444295363,6
4356,17,14,1,8,-4.774691835698866,6
4357,5,12,9,7,-4.777710715122403,5
4358,50,48,87,26,-4.778093921608591,22
4359,9,52,88,30,-4.7788733200067295,22
4360,84,17,114,10,-4.7880408533114105,7
4361,5,33,76,19,-4.788314400539968,14
4362,1,17,9,8,-4.79405950293998,9
4363,20,13,52,8,-4.795236183864801,5
4364,9,29,8,14,-4.796436219845456,15
4365,25,11,111,6,-4.797175922879397,5
4366,96,22,75,15,-4.80138149231193,7
4367,108,13,96,7,-4.805162668071275,6
4368,85,11,69,6,-4.808257383801068,5
4369,106,25,2,14,-4.808494527305082,11
4370,107,97,16,60,-4.810536055926655,37
4371,106,12,6,7,-4.810944704219048,5
4372,8,30,83,16,-4.811627367676455,14
4373,85,11,74,6,-4.812388004493803,5
4374,68,27,23,14,-4.819829270426411,13
4375,54,15,14,10,-4.820525855929131,5
4376,86,33,100,17,-4.82070188558936,16
4377,25,19,31,10,-4.823839301099763,9
4378,67,15,8,9,-4.8319098461555825,6
4379,57,13,27,7,-4.834692393096014,6
4380,39,39,75,21,-4.835166255544909,18
4381,64,20,83,11,-4.840996077098241,9
4382,51,30,5,19,-4.841333405150811,11
4383,38,10,20,7,-4.844230675667009,3
4384,100,23,104,14,-4.850527098250833,9
4385,32,12,97,7,-4.851459349576838,5
4386,86,15,29,9,-4.858093427824008,6
4387,86,66,11,37,-4.861904796322222,29
4388,89,10,5,7,-4.862465640901751,3
4389,106,54,37,29,-4.865641247327304,25
4390,57,27,87,16,-4.871666288606831,11
4391,88,12,85,7,-4.873754317610231,5
4392,18,15,81,9,-4.877040041598751,6
4393,114,11,30,6,-4.882071098465157,5
4394,95,11,69,7,-4.882909765417962,4
4395,3,12,8,5,-4.887819375016217,7
4396,9,44,65,26,-4.887961308210908,18
4397,71,25,62,14,-4.888439777720532,11
4398,84,59,28,34,-4.889044052283284,25
4399,5,39,83,21,-4.890865835189012,18
4400,27,30,16,18,-4.893770452152811,12
4401,28,12,38,6,-4.907164394244693,6
4402,108,12,54,8,-4.909695920764134,4
4403,107,75,65,43,-4.913631286672484,32
4404,107,42,100,22,-4.9177206821279285,20
4405,106,56,74,32,-4.924754963776778,24
4406,36,40,86,23,-4.927433251240003,17
4407,9,22,114,15,-4.931319071415344,7
4408,19,13,43,8,-4.933709936661163,5
4409,88,42,23,26,-4.935782926079016,16
4410,54,19,85,12,-4.939303305813312,7
4411,28,27,93,17,-4.941127481170006,10
4412,87,14,77,8,-4.94240192025149,6
4413,49,12,76,7,-4.943121216792114,5
4414,68,19,56,10,-4.94813216675333,9
4415,8,32,13,19,-4.955794878282507,13
4416,77,18,39,10,-4.961640817784316,8
4417,90,23,96,14,-4.963939687748077,9
4418,8,12,62,8,-4.964220736900479,4
4419,38,16,109,10,-4.9644619615709695,6
4420,107,49,40,30,-4.964616090179718,19
4421,93,11,29,6,-4.975125458266239,5
4422,47,30,7,18,-4.980252625346254,12
4423,15,17,23,10,-4.9841342107101605,7
4424,84,22,85,14,-4.986493595049529,8
4425,39,25,27,13,-4.989393098929608,12
4426,31,23,50,13,-4.991999785997781,10
4427,71,15,74,8,-4.993812181109021,7
4428,63,30,104,17,-4.993963037729945,13
4429,68,12,32,8,-4.994599728673894,4
4430,106,41,7,21,-5.003800212982272,20
4431,5,26,93,16,-5.004460526821323,10
4432,49,35,16,20,-5.007093096161222,15
4433,63,14,81,8,-5.016441825370757,6
4434,13,32,63,18,-5.025476860594202,14
4435,52,12,65,8,-5.036995856643753,4
4436,9,41,75,24,-5.040607611984742,17
4437,63,29,55,16,-5.056066807562622,13
4438,112,26,53,13,-5.062618261015588,13
4439,71,32,30,18,-5.06395312621674,14
4440,65,17,46,11,-5.06610491085495,6
4441,34,11,78,6,-5.071880532012347,5
4442,33,13,90,8,-5.072843762888294,5
4443,20,10,32,7,-5.08216341529211,3
4444,95,24,60,14,-5.089480392621887,10
4445,104,25,53,14,-5.094260383198605,11
4446,70,23,55,13,-5.1032220329288345,10
4447,4,18,75,11,-5.1124286444655915,7
4448,55,16,100,8,-5.1129537660427005,8
4449,58,30,40,16,-5.133397385337809,14
4450,3,21,36,13,-5.136055944816986,8
4451,69,12,40,8,-5.137627663794989,4
4452,51,12,35,7,-5.14727626674268,5
4453,88,15,44,8,-5.148664566159752,7
4454,9,24,106,14,-5.150083731218861,10
4455,50,28,76,18,-5.1519660961300575,10
4456,63,54,8,30,-5.156454172512432,24
4457,39,14,111,8,-5.158992286191917,6
4458,5,12,67,7,-5.159840528973067,5
4459,56,11,91,6,-5.160182814393273,5
4460,20,60,107,34,-5.163543558398883,26
4461,47,26,75,17,-5.17693162231529,9
4462,65,32,64,18,-5.182122584236016,14
4463,97,17,75,10,-5.183439015487436,7
4464,7,100,16,57,-5.189537370049018,43
4465,113,13,40,8,-5.193726392686624,5
4466,89,15,41,9,-5.196780511481055,6
4467,91,12,33,6,-5.213867650447791,6
4468,37,22,40,12,-5.218981261850287,10
4469,106,54,54,29,-5.222938310920249,25
4470,5,11,35,6,-5.226534281744142,5
4471,96,37,20,22,-5.229501973456112,15
4472,112,17,88,10,-5.231027938888665,7
4473,94,20,13,12,-5.233812719507387,8
4474,104,19,15,11,-5.23540400775586,8
4475,25,21,91,12,-5.23677892954369,9
4476,14,15,65,8,-5.239230657167625,7
4477,40,15,98,8,-5.239271076053038,7
4478,40,26,25,15,-5.242222631716463,11
4479,31,11,35,6,-5.255104723881262,5
4480,62,24,107,12,-5.261786874758227,12
4481,92,11,28,7,-5.266199037582341,4
4482,88,11,56,6,-5.280224334897691,5
4483,104,63,107,37,-5.28099267630876,26
4484,28,19,14,12,-5.2887953454841945,7
4485,86,21,99,13,-5.291638236148403,8
4486,39,49,40,29,-5.294535177326296,20
4487,22,12,109,7,-5.3030018855523124,5
4488,55,25,111,15,-5.307717141421055,10
4489,49,13,28,7,-5.31428031912519,6
4490,96,16,85,11,-5.314304637448896,5
4491,60,15,61,8,-5.316729344745585,7
4492,9,45,107,25,-5.322061725590964,20
4493,102,14,97,9,-5.335160623731844,5
4494,55,32,80,17,-5.338178788284693,15
4495,88,86,86,50,-5.345596536414867,36
4496,65,18,62,10,-5.345755023288058,8
4497,88,25,43,15,-5.351866788536154,10
4498,97,35,7,19,-5.356987360153851,16
4499,77,21,86,13,-5.357357465897488,8
4500,63,30,75,17,-5.362343223381898,13
4501,8,21,64,13,-5.374033093425483,8
4502,91,12,102,7,-5.382427984087671,5
4503,30,18,7,9,-5.390495309133066,9
4504,90,31,54,18,-5.397442007333916,13
4505,29,21,84,12,-5.397730038072922,9
4506,64,10,84,7,-5.40179307430533,3
4507,66,11,9,6,-5.404825557202403,5
4508,58,11,4,7,-5.405037105567146,4
4509,37,11,49,6,-5.405793666619149,5
4510,65,65,87,39,-5.421192101641339,26
4511,18,18,91,11,-5.437015235679075,7
4512,68,52,16,32,-5.441952996669665,20
4513,85,14,28,8,-5.442415032587626,6
4514,51,11,93,6,-5.442643801494352,5
4515,57,18,97,10,-5.45235309786646,8
4516,71,43,75,27,-5.454468163058883,16
4517,68,11,80,7,-5.466227321340817,4
4518,78,29,86,17,-5.470278451303892,12
4519,75,10,14,6,-5.479308338136782,4
4520,70,23,114,14,-5.484820175107314,9
4521,69,12,47,7,-5.485890015271257,5
4522,77,14,49,9,-5.486596578437727,5
4523,40,49,65,28,-5.488110460552834,21
4524,57,22,78,12,-5.493093290030978,10
4525,62,10,18,6,-5.493140482819633,4
4526,102,10,67,6,-5.497246561771841,4
4527,62,11,49,7,-5.504794732699013,4
4528,75,40,18,23,-5.507084301877023,17
4529,109,13,32,7,-5.508051897308618,6
4530,83,19,95,12,-5.510188596504647,7
4531,9,35,28,19,-5.51465148212954,16
4532,37,59,87,35,-5.516733087496061,24
4533,20,10,62,6,-5.517288163699186,4
4534,13,20,26,13,-5.520285333416164,7
4535,7,33,28,20,-5.522079859732704,13
4536,57,24,88,13,-5.524909922819241,11
4537,102,14,33,8,-5.525239013163607,6
4538,88,23,30,12,-5.525413582454541,11
4539,68,45,114,26,-5.528966703625285,19
4540,23,31,106,16,-5.535479536227777,15
4541,30,12,15,7,-5.538463534767753,5
4542,69,26,65,15,-5.540534749641235,11
4543,84,16,75,9,-5.542746956131477,7
4544,75,51,86,28,-5.544222274149607,23
4545,2,22,20,13,-5.544865436021075,9
4546,84,18,25,11,-5.5466876181289715,7
4547,31,53,36,30,-5.548564460468652,23
4548,25,41,8,25,-5.550067480025435,16
4549,4,11,46,6,-5.55622187464566,5
4550,95,10,31,6,-5.5581891593402775,4
4551,104,60,37,36,-5.5634752610620195,24
4552,57,25,84,13,-5.566733949257732,12
4553,11,26,76,16,-5.5694789783630885,10
4554,69,11,42,6,-5.570250078296482,5
4555,98,10,3,5,-5.570597398737187,5
4556,94,13,39,8,-5.582337685105467,5
4557,68,21,62,12,-5.5910040455918875,9
4558,98,17,70,11,-5.604121247592223,6
4559,18,13,38,7,-5.6081144260834686,6
4560,50,15,100,9,-5.612526049660052,6
4561,90,14,30,8,-5.614315415339312,6
4562,50,48,16,28,-5.617696720442926,20
4563,50,26,95,15,-5.619957219349124,11
4564,5,10,19,6,-5.6233787755961275,4
4565,17,21,5,14,-5.625033929201381,7
4566,73,28,86,15,-5.62531345595925,13
4567,51,46,75,26,-5.632745764536369,20
4568,11,10,85,6,-5.636472097896451,4
4569,98,14,108,8,-5.640790264148575,6
4570,76,17,84,10,-5.642369532504397,7
4571,74,23,73,14,-5.649045009007229,9
4572,97,13,39,8,-5.649731064357227,5
4573,97,10,4,6,-5.649870700339136,4
4574,61,13,9,8,-5.652969843590385,5
4575,68,12,43,7,-5.661402151081362,5
4576,82,11,54,7,-5.66427830231393,4
4577,37,48,16,28,-5.664774565241773,20
4578,99,31,16,18,-5.66581833704302,13
4579,37,39,75,25,-5.670197882049106,14
4580,25,10,94,5,-5.671887186214519,5
4581,12,11,54,6,-5.67450373056912,5
4582,95,10,102,6,-5.68531996234082,4
4583,38,23,63,15,-5.685369937239837,8
4584,55,25,30,15,-5.686463879094617,10
4585,5,46,106,28,-5.689619439430468,18
4586,43,10,23,6,-5.689859175567735,4
4587,32,10,70,5,-5.692479372096212,5
4588,62,17,53,10,-5.701449545318568,7
4589,16,46,30,27,-5.7052419462035315,19
4590,69,13,62,7,-5.706165822809073,6
4591,27,10,34,5,-5.713456149542282,5
4592,102,10,23,6,-5.716053822653882,4
4593,37,18,41,11,-5.716493275276267,7
4594,12,10,6,5,-5.722414314921584,5
4595,17,13,98,7,-5.72342530511381,6
4596,51,26,25,15,-5.726135112848949,11
4597,9,14,45,9,-5.727853500458989,5
4598,25,48,13,26,-5.729332953997916,22
4599,106,42,25,26,-5.737688222420908,16
4600,77,12,36,7,-5.751140829309579,5
4601,47,13,23,8,-5.7551420632928085,5
4602,53,13,58,6,-5.756559382638664,7
4603,35,19,11,11,-5.768399159544,8
4604,43,10,15,6,-5.792521091011201,4
4605,63,26,98,15,-5.795644107915215,11
4606,55,28,74,16,-5.797157459674131,12
4607,64,45,7,25,-5.8010614589687695,20
4608,31,19,91,12,-5.801858258461768,7
4609,13,48,71,27,-5.80513252623681,21
4610,62,38,16,24,-5.806515303304726,14
4611,20,13,79,8,-5.810117746469,5
4612,106,28,80,17,-5.812470547213422,11
4613,49,10,100,5,-5.813425744151518,5
4614,5,16,40,9,-5.82052725169565,7
4615,18,12,3,8,-5.832827231063856,4
4616,87,13,58,8,-5.838329621055198,5
4617,46,37,74,23,-5.850135921281392,14
4618,55,37,104,22,-5.856904127783748,15
4619,112,20,7,12,-5.863389950487481,8
4620,7,17,34,10,-5.863504951401834,7
4621,95,36,54,20,-5.865979569344108,16
4622,9,17,62,10,-5.866001447424248,7
4623,36,12,46,7,-5.88209418081934,5
4624,74,22,102,13,-5.882481039476403,9
4625,51,34,64,20,-5.888421423830697,14
4626,34,19,109,11,-5.8910600256239505,8
4627,84,34,74,18,-5.89139952158172,16
4628,1,12,46,6,-5.891865749051654,6
4629,107,17,6,10,-5.906261036560345,7
4630,45,15,41,10,-5.914462706154762,5
4631,63,10,93,6,-5.917563250275586,4
4632,114,20,73,12,-5.924435121305104,8
4633,63,45,37,27,-5.933785173114153,18
4634,30,11,74,6,-5.9350135220415146,5
4635,28,50,104,29,-5.9417102215711495,21
4636,43,15,41,9,-5.943674988011268,6
4637,76,25,98,15,-5.94433744621166,10
4638,53,15,28,9,-5.945744364633271,6
4639,7,15,33,8,-5.9471342175078945,7
4640,14,12,39,7,-5.9475481477923315,5
4641,10,12,97,6,-5.950831581917707,6
4642,17,34,86,18,-5.961143965020202,16
4643,53,52,68,31,-5.964244334939566,21
4644,17,19,104,11,-5.965485227876697,8
4645,38,10,12,6,-5.966686013029675,4
4646,40,18,97,11,-5.966918416140385,7
4647,54,12,69,7,-5.973066602774381,5
4648,18,20,64,12,-5.974775055211904,8
4649,31,25,114,14,-5.9918765203954925,11
4650,3,32,107,17,-5.999011076330671,15
4651,100,19,37,12,-6.000890669706825,7
4652,88,61,65,38,-6.004362907857696,23
4653,17,14,100,10,-6.011059679512768,4
4654,81,18,15,10,-6.020952084821453,8
4655,46,20,95,12,-6.027785407812037,8
4656,50,17,91,11,-6.027790824025908,6
4657,86,38,64,22,-6.0307653391474,16
4658,79,20,16,12,-6.030959275561986,8
4659,31,31,75,17,-6.03348213428737,14
4660,98,24,7,15,-6.033686003781978,9
4661,32,16,8,9,-6.041444852098721,7
4662,18,24,63,15,-6.046455003215171,9
4663,28,18,23,10,-6.0662027716624305,8
4664,41,27,23,16,-6.068042449918635,11
4665,48,14,74,7,-6.068043245358376,7
4666,69,10,55,6,-6.075582313218194,4
4667,20,29,70,18,-6.0805113791791925,11
4668,3,16,64,10,-6.081103034121079,6
4669,108,10,79,7,-6.083927302918585,3
4670,107,23,111,12,-6.08814286411973,11
4671,7,12,90,7,-6.108519045195329,5
4672,29,18,39,10,-6.11667916860653,8
4673,31,13,81,9,-6.1171597913254026,4
4674,39,55,86,31,-6.121359669303699,24
4675,88,35,25,23,-6.12387967695023,12
4676,97,24,55,15,-6.128965912516969,9
4677,68,31,54,19,-6.129451922490283,12
4678,112,15,31,10,-6.149641402394962,5
4679,89,10,63,7,-6.159771716986654,3
4680,36,47,13,29,-6.167141158071527,18
4681,102,21,57,12,-6.169321397774082,9
4682,20,45,65,28,-6.17102810501078,17
4683,76,23,97,13,-6.171425808149793,10
4684,35,14,55,8,-6.18171019735336,6
4685,71,12,91,7,-6.18747414228945,5
4686,2,28,63,16,-6.200018491851487,12
4687,70,28,74,15,-6.203999405338755,13
4688,84,15,35,9,-6.209299301194262,6
4689,39,24,46,12,-6.210468155976945,12
4690,28,14,47,8,-6.211297191624256,6
4691,6,15,65,9,-6.216451840954274,6
4692,68,12,72,7,-6.2229147971092145,5
4693,6,17,13,10,-6.2267295430039455,7
4694,91,42,16,27,-6.227187272730331,15
4695,50,41,104,25,-6.230364171354916,16
4696,5,17,43,10,-6.250727481432203,7
4697,87,18,108,11,-6.262008842945725,7
4698,39,22,92,12,-6.263991845659126,10
4699,95,12,15,7,-6.265255655621161,5
4700,96,11,69,7,-6.268969865653717,4
4701,5,45,20,28,-6.270373633442783,17
4702,30,19,20,11,-6.270512840524559,8
4703,4,21,86,13,-6.2794844995496994,8
4704,41,28,87,17,-6.282239020662331,11
4705,102,11,41,7,-6.282861273718874,4
4706,92,12,16,9,-6.284475222709882,3
4707,64,16,70,11,-6.2860092045587415,5
4708,114,17,23,11,-6.291790840234865,6
4709,83,16,39,10,-6.297771796270442,6
4710,55,13,29,8,-6.301089833667023,5
4711,16,40,20,26,-6.318333724670657,14
4712,112,14,54,9,-6.326711825622494,5
4713,111,10,81,7,-6.333917467029675,3
4714,40,22,62,11,-6.340588914856938,11
4715,69,23,107,14,-6.34176551067775,9
4716,83,29,86,19,-6.342700324127685,10
4717,112,15,51,9,-6.350376289921741,6
4718,27,13,92,7,-6.356396578041118,6
4719,28,15,41,9,-6.359689551305938,6
4720,56,21,7,12,-6.361794853449643,9
4721,84,19,30,12,-6.373847364369493,7
4722,69,12,81,7,-6.376661023241456,5
4723,51,30,20,16,-6.3907803506271055,14
4724,37,20,80,12,-6.401050818487372,8
4725,77,13,106,7,-6.407119934187455,6
4726,54,18,91,10,-6.414686940093467,8
4727,77,19,107,11,-6.4169470483546815,8
4728,43,34,107,21,-6.422100856640923,13
4729,33,16,40,11,-6.427211772717695,5
4730,39,22,100,13,-6.432511887302127,9
4731,109,20,41,13,-6.432688342356182,7
4732,68,56,39,32,-6.439118209474398,24
4733,87,20,4,13,-6.445923142452617,7
4734,86,31,69,18,-6.447204277363733,13
4735,43,15,3,9,-6.4472383846877115,6
4736,28,10,6,6,-6.452419128804086,4
4737,41,10,29,6,-6.453681453868415,4
4738,98,14,78,8,-6.457784687804564,6
4739,29,13,70,7,-6.465173609286503,6
4740,84,18,98,12,-6.475666713551258,6
4741,9,20,70,13,-6.477071321597405,7
4742,3,27,16,17,-6.483698180671638,10
4743,68,18,20,10,-6.489643733297491,8
4744,104,10,48,6,-6.493358473776669,4
4745,54,20,1,12,-6.4933945511101445,8
4746,108,21,16,13,-6.502477858846357,8
4747,39,78,16,46,-6.5210913868223725,32
4748,28,15,35,8,-6.525585250622974,7
4749,80,13,91,8,-6.531108694088673,5
4750,81,29,86,20,-6.532482502137965,9
4751,55,10,49,6,-6.541972088163769,4
4752,70,58,54,35,-6.543056803225656,23
4753,18,21,77,14,-6.545250800191178,7
4754,91,25,68,14,-6.550419627313763,11
4755,68,18,58,11,-6.553002087451514,7
4756,53,44,107,27,-6.556157644451659,17
4757,25,37,104,21,-6.567754121461538,16
4758,114,26,53,15,-6.571088082289226,11
4759,13,36,47,22,-6.576234413408801,14
4760,38,25,39,15,-6.576359256983345,10
4761,96,28,65,16,-6.593487230396348,12
4762,30,16,34,10,-6.601140375094156,6
4763,64,21,55,14,-6.604925944972096,7
4764,81,18,71,11,-6.61709770119633,7
4765,75,10,85,7,-6.619293441212882,3
4766,9,14,74,9,-6.620459467868888,5
4767,5,48,25,29,-6.626414170343123,19
4768,37,22,39,13,-6.632156694863052,9
4769,65,30,4,18,-6.635600395573753,12
4770,5,26,32,16,-6.6474470604519045,10
4771,114,15,76,10,-6.653911993113485,5
4772,37,19,71,11,-6.65399605348867,8
4773,87,13,12,8,-6.654704325795005,5
4774,71,11,83,6,-6.6562053803338666,5
4775,65,57,51,36,-6.662266346450135,21
4776,13,13,14,9,-6.663851771345143,4
4777,55,68,16,43,-6.67390774153019,25
4778,88,75,54,45,-6.687420775605005,30
4779,62,18,7,11,-6.690218008322474,7
4780,87,83,16,49,-6.693299260593876,34
4781,106,11,111,8,-6.697425895741327,3
4782,71,24,28,15,-6.697570308642472,9
4783,74,15,83,8,-6.703298030488857,7
4784,12,21,60,10,-6.704537300087495,11
4785,97,35,28,22,-6.716635909782018,13
4786,32,10,65,6,-6.718474357729474,4
4787,95,11,100,6,-6.722166987268522,5
4788,95,13,14,8,-6.731405281187272,5
4789,96,38,74,24,-6.731828732252354,14
4790,78,14,40,10,-6.732885786530082,4
4791,48,25,84,16,-6.740791105108492,9
4792,63,18,100,10,-6.742683547587138,8
4793,7,32,45,19,-6.743551275422485,13
4794,78,21,84,13,-6.745502178752569,8
4795,71,10,94,6,-6.748460655059317,4
4796,18,19,30,11,-6.749976540021853,8
4797,90,13,53,8,-6.752088210585149,5
4798,94,15,86,9,-6.7534489977261485,6
4799,109,12,57,7,-6.758716421545093,5
4800,23,43,13,24,-6.759962036733637,19
4801,107,23,33,13,-6.763493299081546,10
4802,108,10,81,6,-6.778588424753946,4
4803,27,14,6,8,-6.780540737481573,6
4804,51,81,39,48,-6.781026894224875,33
4805,87,16,1,9,-6.782771040032775,7
4806,31,10,55,6,-6.798197972656263,4
4807,71,10,49,6,-6.8003776926672845,4
4808,45,18,60,10,-6.802248227913869,8
4809,114,16,100,10,-6.806713890734191,6
4810,96,20,51,12,-6.8091583197949745,8
4811,9,14,25,9,-6.810304163725227,5
4812,6,21,44,14,-6.81356281665085,7
4813,4,13,56,7,-6.816273515879698,6
4814,86,40,98,23,-6.818936598158919,17
4815,104,22,30,12,-6.820606807560422,10
4816,66,14,65,9,-6.821265394674894,5
4817,31,69,68,41,-6.8216343585610195,28
4818,68,10,89,6,-6.826893879643049,4
4819,106,25,95,16,-6.830338155584793,9
4820,96,14,78,9,-6.830515928543477,5
4821,43,42,13,23,-6.837629153851968,19
4822,96,80,86,49,-6.839782165020976,31
4823,51,99,7,62,-6.849475435937795,37
4824,95,29,13,17,-6.852052215706936,12
4825,96,19,114,12,-6.857320738328298,7
4826,4,43,60,24,-6.864343045215706,19
4827,99,15,106,10,-6.882359612487446,5
4828,84,18,34,10,-6.883555808781154,8
4829,5,47,114,28,-6.885144276646174,19
4830,109,27,107,17,-6.886337490511136,10
4831,65,22,90,12,-6.887045978873849,10
4832,88,16,76,9,-6.891817282335724,7
4833,1,13,15,8,-6.8943933606488015,5
4834,53,10,49,6,-6.90781300095477,4
4835,3,23,114,15,-6.912850093555391,8
4836,30,19,75,11,-6.923427737676235,8
4837,13,25,57,14,-6.928644390954595,11
4838,46,21,7,14,-6.93576909674712,7
4839,88,12,99,7,-6.939131232028662,5
4840,43,18,100,10,-6.945332357815133,8
4841,51,25,4,16,-6.952578906103856,9
4842,38,11,2,6,-6.952650087165873,5
4843,63,20,90,12,-6.95733483322538,8
4844,104,18,32,12,-6.959225086389547,6
4845,36,34,16,21,-6.96230955324868,13
4846,97,23,18,14,-6.965163575719862,9
4847,29,14,112,8,-6.972231702387923,6
4848,33,17,8,11,-6.9756022430017754,6
4849,57,20,11,11,-6.983907364905458,9
4850,55,20,17,11,-6.987444025974705,9
4851,13,23,111,13,-6.988942249892523,10
4852,1,19,114,12,-6.990089974683046,7
4853,5,15,62,9,-6.9927087595973925,6
4854,48,13,80,9,-6.99747900943173,4
4855,54,26,93,17,-7.002072182522708,9
4856,53,27,87,15,-7.0226395127694765,12
4857,40,15,95,9,-7.026458120737084,6
4858,18,16,100,9,-7.026565168419708,7
4859,64,31,16,20,-7.027713443588521,11
4860,51,15,62,9,-7.028758985101916,6
4861,73,16,65,10,-7.056062739811477,6
4862,36,18,99,12,-7.061516094995873,6
4863,25,21,100,12,-7.062312436550092,9
4864,49,14,50,8,-7.064134383315742,6
4865,98,14,102,8,-7.075813129571892,6
4866,70,35,28,21,-7.078735797739843,14
4867,62,20,28,12,-7.086204539456472,8
4868,107,12,67,8,-7.124134838046419,4
4869,30,14,100,9,-7.12422480058823,5
4870,67,11,88,8,-7.127393540580368,3
4871,107,57,75,39,-7.131800392099847,18
4872,54,58,63,36,-7.1339646628869025,22
4873,87,26,90,16,-7.134749793973536,10
4874,91,27,87,17,-7.142016410462964,10
4875,55,50,40,31,-7.142420946012767,19
4876,60,17,5,11,-7.144002600647478,6
4877,103,10,88,6,-7.1465830918406095,4
4878,37,14,29,8,-7.14724630286853,6
4879,60,12,34,8,-7.148158666349012,4
4880,84,18,38,10,-7.154125748328735,8
4881,14,14,86,8,-7.166696838482464,6
4882,88,109,16,68,-7.167573523139394,41
4883,112,16,36,10,-7.175574629533439,6
4884,63,20,27,11,-7.19472225275396,9
4885,13,32,81,20,-7.194897673585073,12
4886,40,20,35,13,-7.223846117897835,7
4887,106,60,13,37,-7.224822308695077,23
4888,3,16,15,9,-7.226872372846494,7
4889,62,16,54,10,-7.236680580960736,6
4890,81,14,114,8,-7.238705590547008,6
4891,40,27,114,18,-7.240772461331045,9
4892,75,10,20,6,-7.241047227766171,4
4893,5,14,31,9,-7.246607645789562,5
4894,41,21,20,12,-7.246750485082598,9
4895,15,11,49,7,-7.248095103585943,4
4896,90,13,46,8,-7.250761878801305,5
4897,93,12,98,7,-7.251352809271133,5
4898,10,12,11,7,-7.252899748629005,5
4899,81,19,75,12,-7.259552889264539,7
4900,69,31,13,19,-7.264804290539711,12
4901,98,17,20,11,-7.267496359610283,6
4902,70,16,110,10,-7.267896542251016,6
4903,96,10,62,7,-7.268496266352443,3
4904,57,13,106,7,-7.272492874678534,6
4905,68,20,55,13,-7.273979151335479,7
4906,48,12,34,7,-7.278505376330149,5
4907,53,18,27,12,-7.283207876792189,6
4908,13,42,114,23,-7.284350704257173,19
4909,98,20,13,13,-7.284404613166717,7
4910,29,16,97,10,-7.284915525257297,6
4911,40,31,43,18,-7.287691070183636,13
4912,61,11,47,7,-7.295405799949464,4
4913,9,17,17,10,-7.295940921809663,7
4914,40,33,54,20,-7.298767912387552,13
4915,108,12,48,8,-7.300121208763457,4
4916,106,24,39,14,-7.312269199982411,10
4917,55,26,109,14,-7.3182997081126135,12
4918,65,23,1,13,-7.319832649719675,10
4919,5,42,70,25,-7.323141246130922,17
4920,107,32,2,20,-7.328844122982543,12
4921,68,26,97,16,-7.331657709218834,10
4922,2,16,75,9,-7.332326563651874,7
4923,104,41,40,26,-7.342291894534161,15
4924,8,25,73,15,-7.3587900254771785,10
4925,23,13,49,8,-7.360298065336568,5
4926,61,18,53,12,-7.3640960284192225,6
4927,114,10,77,6,-7.365477220397804,4
4928,33,16,25,11,-7.36592627296452,5
4929,80,14,31,10,-7.367135464628977,4
4930,74,15,34,10,-7.367415754617588,5
4931,54,35,13,22,-7.373225396669802,13
4932,71,10,73,6,-7.373234065194552,4
4933,86,31,27,20,-7.379251077987926,11
4934,16,50,75,30,-7.388425679021318,20
4935,5,10,1,6,-7.391988711274882,4
4936,84,35,20,24,-7.397610796744058,11
4937,112,19,13,11,-7.398341700566552,8
4938,19,11,64,8,-7.409166426273504,3
4939,41,34,36,18,-7.412500474371831,16
4940,91,19,8,12,-7.416456742894205,7
4941,76,20,112,11,-7.420620932537434,9
4942,109,44,54,28,-7.42149631612999,16
4943,43,11,34,7,-7.424240308041095,4
4944,87,49,7,31,-7.4314438134316605,18
4945,43,17,64,10,-7.438967254563773,7
4946,84,28,8,18,-7.447150756775401,10
4947,75,30,46,18,-7.449361290092636,12
4948,97,53,86,32,-7.453774682156136,21
4949,110,21,37,12,-7.457046552670356,9
4950,88,37,27,21,-7.460833838570253,16
4951,53,12,45,7,-7.463487107897495,5
4952,81,10,28,6,-7.472696801730325,4
4953,31,37,64,23,-7.4738922265185375,14
4954,43,32,16,21,-7.4754066874217795,11
4955,63,15,108,9,-7.475559971035059,6
4956,36,14,70,8,-7.476080415111231,6
4957,89,10,48,7,-7.47675761274391,3
4958,96,11,41,8,-7.480521636982391,3
4959,29,10,64,7,-7.494394888436804,3
4960,60,30,54,19,-7.494934117874264,11
4961,50,13,15,8,-7.509982415529958,5
4962,84,15,43,9,-7.511290434631542,6
4963,12,19,53,11,-7.511441486905761,8
4964,51,88,86,51,-7.511450798964613,37
4965,3,24,88,15,-7.5117017749719,9
4966,77,18,55,11,-7.520653437888105,7
4967,55,11,6,8,-7.526848268362213,3
4968,68,66,40,42,-7.570321994315703,24
4969,5,14,34,10,-7.5706698448560905,4
4970,66,18,107,11,-7.57118010681632,7
4971,77,12,46,7,-7.574271980014295,5
4972,102,15,76,9,-7.584041618843793,6
4973,114,31,28,18,-7.584853881328922,13
4974,36,10,72,6,-7.585561627806541,4
4975,88,18,58,11,-7.5880987725104365,7
4976,36,20,18,12,-7.59490287850123,8
4977,91,13,23,7,-7.630492751883035,6
4978,80,22,96,14,-7.6325568595370585,8
4979,3,31,13,21,-7.638676786821424,10
4980,5,29,97,19,-7.639418302115126,10
4981,88,20,108,13,-7.642505031143239,7
4982,60,11,70,7,-7.646435749026202,4
4983,31,13,33,7,-7.647223417443056,6
4984,96,24,37,14,-7.66584492569651,10
4985,38,29,37,18,-7.668156637885105,11
4986,100,33,16,21,-7.675367683832325,12
4987,11,32,5,20,-7.6874421575338765,12
4988,7,25,111,15,-7.6903234257719815,10
4989,11,11,64,8,-7.699861982788658,3
4990,68,15,11,9,-7.700280996267676,6
4991,77,15,41,10,-7.700447698799745,5
4992,64,13,46,8,-7.70178518963715,5
4993,87,44,68,27,-7.713445601645925,17
4994,87,18,78,10,-7.738249145100052,8
4995,84,11,44,6,-7.741464370739851,5
4996,54,13,73,8,-7.746921178252214,5
4997,25,49,37,29,-7.755599308877523,20
4998,73,11,53,7,-7.756297558195456,4
4999,18,22,50,13,-7.75840176806416,9
5000,62,14,100,8,-7.7615835544298815,6
5001,86,14,10,8,-7.764445720347282,6
5002,29,11,46,5,-7.7647643110174815,6
5003,39,23,57,14,-7.767705201432489,9
5004,81,15,41,10,-7.770221546669878,5
5005,114,14,92,10,-7.774797164908212,4
5006,18,28,68,17,-7.775566947501909,11
5007,111,10,47,6,-7.786638633209642,4
5008,48,15,50,10,-7.798532000224026,5
5009,110,12,114,8,-7.80031681097971,4
5010,49,21,75,13,-7.802050873504806,8
5011,40,36,87,21,-7.816149468605837,15
5012,46,46,25,27,-7.8204011950255445,19
5013,98,17,8,11,-7.832264077196576,6
5014,2,11,7,7,-7.836909370766421,4
5015,109,19,53,12,-7.841205358929898,7
5016,69,13,104,9,-7.84643581421697,4
5017,9,37,16,24,-7.846826969300752,13
5018,39,30,15,20,-7.850357643973712,10
5019,91,26,106,17,-7.859341034872017,9
5020,35,12,44,7,-7.859665557157517,5
5021,90,25,114,15,-7.8701656835045455,10
5022,23,17,55,9,-7.8715706098888365,8
5023,81,24,60,15,-7.879588509675568,9
5024,108,11,76,7,-7.890267325318873,4
5025,31,11,78,6,-7.904414780494012,5
5026,38,13,71,9,-7.906029048659733,4
5027,82,10,88,6,-7.9125780836424955,4
5028,18,22,54,13,-7.917650548154778,9
5029,51,18,80,11,-7.926528914197649,7
5030,20,16,33,10,-7.9280624383644875,6
5031,64,12,77,6,-7.928282722369054,6
5032,34,10,18,7,-7.93407311360503,3
5033,65,41,30,26,-7.937351182752286,15
5034,87,17,73,12,-7.94220715025842,5
5035,19,15,87,9,-7.943589688548751,6
5036,53,12,89,7,-7.949973026478008,5
5037,109,10,3,6,-7.949985033221677,4
5038,39,21,23,13,-7.9630880242589255,8
5039,5,25,65,15,-7.967561696591303,10
5040,4,12,12,8,-7.976222296376226,4
5041,39,31,84,19,-7.9765097082554295,12
5042,84,28,5,17,-7.986435375626319,11
5043,70,16,13,10,-7.990308468406848,6
5044,96,19,102,12,-7.995631160966494,7
5045,98,31,91,19,-8.010154956050265,12
5046,25,12,48,7,-8.01244102921806,5
5047,9,11,35,6,-8.012816785902407,5
5048,50,41,75,27,-8.02466935745211,14
5049,3,16,12,11,-8.025644589227154,5
5050,13,26,108,17,-8.028546837864384,9
5051,27,16,37,10,-8.030406858059436,6
5052,107,26,58,17,-8.037629940895535,9
5053,12,11,9,7,-8.058955245687951,4
5054,91,15,51,10,-8.060157448942936,5
5055,46,13,53,8,-8.064750592390654,5
5056,97,16,110,10,-8.077466293642948,6
5057,5,61,8,37,-8.080732178020163,24
5058,46,15,109,9,-8.081904977493476,6
5059,10,15,7,9,-8.086365440359023,6
5060,50,30,60,17,-8.087484578525556,13
5061,87,17,15,10,-8.088262314262588,7
5062,46,42,37,28,-8.095895819595153,14
5063,46,16,30,10,-8.098498106037622,6
5064,88,19,100,12,-8.116464062015531,7
5065,107,10,26,6,-8.136960920766814,4
5066,112,10,4,6,-8.145974306589782,4
5067,63,65,16,40,-8.146976419258557,25
5068,112,16,18,11,-8.155957753880717,5
5069,61,12,107,7,-8.157075963099336,5
5070,76,38,86,24,-8.159754461381873,14
5071,69,32,16,20,-8.160441247046853,12
5072,71,28,50,17,-8.165371088482388,11
5073,33,11,68,7,-8.166895131198164,4
5074,30,18,50,11,-8.173377893689405,7
5075,60,35,104,25,-8.183651908443377,10
5076,39,25,74,15,-8.19553508787693,10
5077,109,24,11,16,-8.196422948591085,8
5078,93,24,87,15,-8.201353690040278,9
5079,1,26,86,16,-8.213403239086288,10
5080,40,14,112,8,-8.221202026655053,6
5081,104,28,41,16,-8.222150207467427,12
5082,106,21,69,13,-8.230262561693124,8
5083,2,10,94,6,-8.235738884159375,4
5084,84,10,100,7,-8.240271972733373,3
5085,107,20,78,13,-8.259661311086557,7
5086,46,42,16,27,-8.265204078980108,15
5087,14,12,37,7,-8.266467835075433,5
5088,55,34,50,20,-8.268886532039618,14
5089,76,12,75,7,-8.269580351796622,5
5090,91,18,41,12,-8.276671952774393,6
5091,106,31,90,21,-8.28384546124837,10
5092,30,29,53,18,-8.306098230837584,11
5093,51,39,76,26,-8.339242903099509,13
5094,68,20,69,12,-8.34403265511844,8
5095,112,20,39,12,-8.345179878987272,8
5096,31,32,41,20,-8.353957395244585,12
5097,65,23,38,13,-8.354229779220868,10
5098,5,22,7,14,-8.357081514884824,8
5099,104,10,67,6,-8.393331116483225,4
5100,79,11,80,6,-8.394402338657228,5
5101,67,14,109,7,-8.41022889195963,7
5102,90,19,73,12,-8.424101991862472,7
5103,114,20,55,13,-8.432483182241098,7
5104,70,24,96,13,-8.437417991026262,11
5105,114,32,8,21,-8.446067232393617,11
5106,96,14,95,9,-8.450373982592183,5
5107,53,13,15,8,-8.451445563178742,5
5108,77,14,74,9,-8.485489523270209,5
5109,1,16,75,11,-8.487454866261048,5
5110,40,28,64,18,-8.49607162432113,10
5111,45,10,91,6,-8.504304930616431,4
5112,88,23,62,14,-8.51262512712999,9
5113,48,28,86,18,-8.527783865058888,10
5114,39,12,34,7,-8.530792842427957,5
5115,106,13,12,9,-8.530975907772833,4
5116,62,13,114,8,-8.549556180002718,5
5117,36,11,78,7,-8.552435160203329,4
5118,7,19,78,11,-8.565348954184037,8
5119,3,13,41,10,-8.570007818582788,3
5120,55,23,95,15,-8.57500650986488,8
5121,16,19,110,12,-8.596145036216205,7
5122,50,22,90,14,-8.598522697493998,8
5123,33,21,51,15,-8.606152418737853,6
5124,60,34,23,22,-8.60880728241122,12
5125,57,15,69,10,-8.610432071680039,5
5126,63,51,51,30,-8.615807425389162,21
5127,57,12,76,8,-8.631010009083715,4
5128,97,19,41,12,-8.638943706099203,7
5129,98,10,85,7,-8.673802483900154,3
5130,19,22,7,15,-8.676685500266066,7
5131,31,31,9,20,-8.678153869820548,11
5132,88,16,77,10,-8.678317130754186,6
5133,60,15,76,11,-8.678706996102923,4
5134,35,25,107,17,-8.683347995006125,8
5135,76,26,16,14,-8.69211071455001,12
5136,39,14,110,10,-8.694421097429624,4
5137,2,10,30,6,-8.704387763563812,4
5138,20,35,63,21,-8.70524806527441,14
5139,102,15,63,9,-8.71016569998991,6
5140,86,15,45,9,-8.710518828201982,6
5141,45,10,58,6,-8.721721801464438,4
5142,57,11,9,7,-8.721996193617914,4
5143,57,26,8,17,-8.727187925997562,9
5144,17,22,4,15,-8.72773506800961,7
5145,11,23,104,15,-8.742484307216113,8
5146,106,14,38,7,-8.74501943352997,7
5147,88,36,39,23,-8.756638990991735,13
5148,18,23,106,15,-8.778191080978738,8
5149,77,12,109,7,-8.789144881364967,5
5150,20,36,39,21,-8.800920294125156,15
5151,42,10,106,7,-8.802546839644418,3
5152,47,18,36,12,-8.810892372607713,6
5153,36,19,63,12,-8.822881427312195,7
5154,81,19,87,10,-8.837308894093786,9
5155,87,15,32,10,-8.84415502943487,5
5156,20,13,19,8,-8.851087559473102,5
5157,98,12,27,7,-8.860331197767357,5
5158,12,16,23,10,-8.872217683410863,6
5159,13,20,44,13,-8.886721786197054,7
5160,97,12,69,8,-8.888377862411463,4
5161,109,20,7,13,-8.908032141063202,7
5162,107,15,89,10,-8.908975430626485,5
5163,25,19,110,13,-8.917701672558223,6
5164,91,10,11,7,-8.923724837318142,3
5165,31,12,73,8,-8.93891957013575,4
5166,80,13,11,8,-8.941133144462878,5
5167,48,34,63,22,-8.958044896706864,12
5168,32,11,28,7,-8.963821007682874,4
5169,114,20,47,12,-8.969382880850324,8
5170,29,20,60,12,-8.970380789733087,8
5171,36,18,97,11,-8.970668153566264,7
5172,94,12,76,8,-8.974054547945041,4
5173,52,15,28,9,-8.975367013246691,6
5174,77,14,27,9,-8.98057953611799,5
5175,57,15,114,10,-9.000054094310599,5
5176,36,15,5,9,-9.008614310253614,6
5177,70,16,30,9,-9.016092338129875,7
5178,100,18,75,10,-9.024866169547831,8
5179,43,17,54,10,-9.026858404506275,7
5180,72,14,85,10,-9.03362076276455,4
5181,45,16,35,9,-9.0400315918615,7
5182,112,10,58,6,-9.041979275484929,4
5183,68,21,47,14,-9.052758514326356,7
5184,79,22,48,14,-9.064036284770673,8
5185,75,34,28,22,-9.068390514566694,12
5186,94,16,28,11,-9.068842266957848,5
5187,86,29,44,19,-9.073857704921481,10
5188,8,34,95,21,-9.07920947405897,13
5189,31,15,109,10,-9.113887572404183,5
5190,17,11,92,7,-9.114563540800457,4
5191,20,22,91,13,-9.11515023214943,9
5192,16,18,81,12,-9.13766079743996,6
5193,47,16,9,10,-9.146152811782592,6
5194,18,42,13,26,-9.15021879704067,16
5195,5,43,50,26,-9.156049369840705,17
5196,108,22,53,13,-9.163083344546394,9
5197,40,15,92,10,-9.168940871834318,5
5198,102,15,40,9,-9.171373555966687,6
5199,49,15,41,9,-9.171912615870816,6
5200,86,39,41,26,-9.172157333193885,13
5201,91,13,15,7,-9.175439096539634,6
5202,40,17,73,11,-9.199997222971483,6
5203,40,12,2,8,-9.204153353273353,4
5204,4,15,27,9,-9.21491506769711,6
5205,81,11,64,7,-9.217681779438383,4
5206,69,16,70,11,-9.227346228401576,5
5207,25,44,7,29,-9.23372449337842,15
5208,29,26,65,15,-9.271210792422918,11
5209,93,13,75,8,-9.279825087560207,5
5210,77,19,63,13,-9.291814452323939,6
5211,68,57,75,38,-9.30062786886553,19
5212,67,15,86,9,-9.306541844943451,6
5213,84,29,11,19,-9.312587470123527,10
5214,70,17,50,10,-9.316243790355681,7
5215,58,16,60,10,-9.319426070200468,6
5216,51,15,111,10,-9.328246716797015,5
5217,2,29,28,19,-9.34282167881126,10
5218,12,12,28,8,-9.35169457314102,4
5219,50,12,23,9,-9.354699302165743,3
5220,33,14,87,9,-9.358610632806945,5
5221,84,21,104,13,-9.37162724208143,8
5222,39,17,76,12,-9.374915521858478,5
5223,107,33,80,22,-9.376730084103613,11
5224,36,11,109,8,-9.390936468630553,3
5225,10,12,63,8,-9.391653486017917,4
5226,51,13,48,7,-9.391737592298234,6
5227,93,37,65,22,-9.392120129738293,15
5228,109,25,63,15,-9.392892060380623,10
5229,107,22,45,14,-9.39975575090587,8
5230,60,14,108,9,-9.402734068128316,5
5231,39,15,108,9,-9.406857006968854,6
5232,92,14,64,7,-9.432471863302016,7
5233,63,11,32,7,-9.44232166344675,4
5234,68,28,76,21,-9.459920139276978,7
5235,17,12,102,8,-9.460667678985605,4
5236,96,47,16,33,-9.462953828826512,14
5237,51,23,97,16,-9.463450569827408,7
5238,58,10,70,7,-9.487562225897111,3
5239,60,13,102,8,-9.490462801517765,5
5240,7,29,37,18,-9.500511382222342,11
5241,99,22,37,15,-9.502759058160713,7
5242,13,21,90,14,-9.506733485788098,7
5243,2,13,114,8,-9.50915856241785,5
5244,80,14,90,10,-9.509239360264804,4
5245,36,17,8,11,-9.51236026695053,6
5246,9,27,18,18,-9.520249042639605,9
5247,25,32,20,21,-9.520523686179052,11
5248,31,22,1,13,-9.525804060927038,9
5249,108,13,106,9,-9.535201707134298,4
5250,68,15,92,10,-9.538113226799515,5
5251,97,24,13,15,-9.567486234498414,9
5252,60,44,64,30,-9.569439655645416,14
5253,7,20,73,12,-9.582485903794177,8
5254,88,31,15,22,-9.58291430022994,9
5255,39,14,80,9,-9.589468521855673,5
5256,53,13,8,9,-9.596286006275326,4
5257,84,18,83,11,-9.60947373437216,7
5258,8,14,99,8,-9.611065592860308,6
5259,9,16,76,11,-9.62150457184245,5
5260,109,17,70,11,-9.623350653501726,6
5261,109,22,74,15,-9.62539761750223,7
5262,53,23,41,15,-9.631953807885303,8
5263,114,10,78,6,-9.632244308821944,4
5264,104,10,93,6,-9.63796658188527,4
5265,51,37,100,21,-9.638672092780272,16
5266,114,10,22,5,-9.649313306364819,5
5267,17,15,41,10,-9.654478177971626,5
5268,63,16,111,10,-9.656549842780757,6
5269,71,12,100,8,-9.66068752031631,4
5270,38,12,53,8,-9.664145468055217,4
5271,17,20,53,13,-9.683594540019676,7
5272,3,18,53,12,-9.694466592939396,6
5273,11,18,75,11,-9.710887852205726,7
5274,31,19,43,9,-9.720852773553686,10
5275,32,16,16,10,-9.721720922013692,6
5276,16,13,89,8,-9.733195931265595,5
5277,76,29,63,20,-9.752858943405714,9
5278,51,12,72,7,-9.759777276531146,5
5279,52,12,30,8,-9.763146241314214,4
5280,76,14,13,9,-9.765754801505128,5
5281,83,24,37,15,-9.783726366978415,9
5282,3,25,40,17,-9.78695575723125,8
5283,93,10,62,6,-9.798162399200404,4
5284,37,17,64,11,-9.810222324765896,6
5285,51,17,102,11,-9.81128950469166,6
5286,17,24,40,16,-9.815776001763277,8
5287,75,25,104,16,-9.822163907084752,9
5288,57,13,54,10,-9.824315369895016,3
5289,84,47,63,29,-9.837336867449046,18
5290,98,10,53,6,-9.839111782848335,4
5291,79,26,86,17,-9.841357831333447,9
5292,63,16,30,10,-9.842696842263113,6
5293,18,12,76,8,-9.8476224935035,4
5294,71,15,17,9,-9.874078720771612,6
5295,54,17,2,12,-9.883928701627932,5
5296,39,39,18,26,-9.885046818102037,13
5297,9,32,87,19,-9.890957993800642,13
5298,30,13,27,8,-9.896355661349038,5
5299,3,14,25,9,-9.907996037168818,5
5300,2,10,95,7,-9.9203126299905,3
5301,88,45,63,31,-9.955054334971098,14
5302,68,26,28,18,-9.968379628572306,8
5303,88,18,73,12,-9.974203425238962,6
5304,52,13,87,8,-9.98485251805505,5
5305,109,14,93,9,-9.987067099161266,5
5306,10,13,107,8,-9.98735340517921,5
5307,65,25,95,16,-9.987438820754939,9
5308,57,12,75,8,-10.001839571130395,4
5309,18,43,16,29,-10.022908903594146,14
5310,18,14,11,9,-10.031989827572827,5
5311,107,13,110,9,-10.034721322746934,4
5312,38,10,44,7,-10.048373138060267,3
5313,107,30,48,19,-10.06378840351629,11
5314,83,23,13,15,-10.067954696106943,8
5315,49,16,40,10,-10.077718304922938,6
5316,106,12,79,8,-10.079963228120917,4
5317,74,11,89,7,-10.093150392265773,4
5318,8,24,18,17,-10.10300859124231,7
5319,43,28,39,17,-10.108201581404133,11
5320,36,36,53,25,-10.11473282468799,11
5321,102,20,50,12,-10.118106239071224,8
5322,35,10,8,7,-10.118762046100299,3
5323,60,18,17,12,-10.12863063958789,6
5324,70,14,46,9,-10.128652016947743,5
5325,109,10,92,7,-10.132066653367776,3
5326,31,37,53,23,-10.136338371296794,14
5327,23,11,96,7,-10.143008283174424,4
5328,39,13,58,9,-10.147489402696785,4
5329,86,29,43,20,-10.173097117221216,9
5330,9,12,6,7,-10.175309866966634,5
5331,104,13,89,8,-10.178686881843591,5
5332,15,21,8,13,-10.188541036846974,8
5333,37,41,97,27,-10.190687502541847,14
5334,33,13,71,9,-10.195530501937561,4
5335,2,15,98,9,-10.198603389321665,6
5336,96,24,48,16,-10.200121519345737,8
5337,106,63,16,43,-10.201810935158226,20
5338,39,24,91,16,-10.206322081312436,8
5339,37,36,11,24,-10.207174749413833,12
5340,28,14,10,10,-10.2079261309438,4
5341,68,24,25,16,-10.21179043309895,8
5342,31,17,30,10,-10.214096274935343,7
5343,91,35,63,24,-10.225389928816243,11
5344,106,16,67,10,-10.252161434234205,6
5345,99,12,77,9,-10.252199704478636,3
5346,50,15,85,10,-10.26203922127155,5
5347,104,12,34,8,-10.27427919250402,4
5348,54,12,38,8,-10.280232127604942,4
5349,68,10,34,6,-10.287370907693367,4
5350,52,11,63,7,-10.291118040471776,4
5351,29,11,49,7,-10.30099349448638,4
5352,31,29,107,16,-10.30345756995746,13
5353,81,14,7,8,-10.321582987727558,6
5354,29,16,13,10,-10.328917239877919,6
5355,1,13,37,8,-10.34216426905315,5
5356,1,26,16,19,-10.34569928715388,7
5357,7,10,94,7,-10.355621654064775,3
5358,81,13,104,7,-10.361322759461327,6
5359,60,21,49,14,-10.368756848511252,7
5360,93,16,106,10,-10.37915501513517,6
5361,57,10,100,6,-10.38688479130181,4
5362,29,13,3,9,-10.39717807094665,4
5363,85,13,63,8,-10.414666124998384,5
5364,7,11,110,6,-10.42257657923173,5
5365,114,19,95,12,-10.422604339796184,7
5366,39,16,44,10,-10.434810009571377,6
5367,53,13,78,8,-10.442866978504684,5
5368,112,25,64,18,-10.44734880369225,7
5369,69,27,60,16,-10.453461646225001,11
5370,31,10,6,6,-10.459894630543896,4
5371,77,12,23,8,-10.47207373365885,4
5372,8,35,75,24,-10.477015226263449,11
5373,13,15,19,10,-10.478851089928181,5
5374,102,14,75,10,-10.47886729381523,4
5375,16,17,78,11,-10.48792482811098,6
5376,69,18,63,13,-10.495670691796661,5
5377,12,12,114,7,-10.504954578013217,5
5378,37,14,89,8,-10.519274673853,6
5379,36,27,27,17,-10.523349599331356,10
5380,97,19,71,13,-10.523533962196899,6
5381,56,16,86,11,-10.543126647721751,5
5382,40,17,28,10,-10.551622113062638,7
5383,54,19,71,12,-10.56377327137223,7
5384,9,15,95,9,-10.569002592922953,6
5385,28,18,69,11,-10.575983527327306,7
5386,28,10,26,7,-10.592168464369761,3
5387,38,15,75,11,-10.597530026810052,4
5388,91,31,7,22,-10.60910028610159,9
5389,101,12,16,8,-10.62271769748288,4
5390,71,18,98,12,-10.627953776602759,6
5391,64,20,30,13,-10.642272986004782,7
5392,103,12,107,9,-10.647201349907752,3
5393,98,25,5,16,-10.662918685540621,9
5394,57,15,65,10,-10.687048615969916,5
5395,74,25,51,18,-10.704030149650722,7
5396,107,34,57,22,-10.70465891591215,12
5397,36,13,43,8,-10.713552025008546,5
5398,111,11,54,8,-10.714143810197228,3
5399,31,27,27,16,-10.758919665279386,11
5400,104,17,9,11,-10.762729474142402,6
5401,72,11,63,8,-10.764095493593645,3
5402,7,11,59,8,-10.771239818059199,3
5403,91,25,55,18,-10.791612827626562,7
5404,77,27,104,18,-10.795670361212089,9
5405,81,17,106,10,-10.816681182916206,7
5406,8,34,109,21,-10.819891467814774,13
5407,54,46,37,31,-10.87009397469276,15
5408,77,16,71,11,-10.872072685026803,5
5409,41,21,111,13,-10.875724405637953,8
5410,35,10,102,6,-10.90320798703147,4
5411,5,17,73,11,-10.90738305979487,6
5412,64,14,27,10,-10.925557497140751,4
5413,80,10,19,7,-10.932571489161038,3
5414,13,10,89,6,-10.939542022741616,4
5415,88,37,50,24,-10.986958086725291,13
5416,110,20,51,14,-11.000148170458745,6
5417,107,13,56,8,-11.000292497508868,5
5418,71,13,15,9,-11.00914391321026,4
5419,68,10,98,7,-11.014423279510455,3
5420,92,14,41,9,-11.016394202336143,5
5421,88,41,53,28,-11.023031682203495,13
5422,68,12,45,8,-11.02401972838907,4
5423,9,25,64,18,-11.03637269777133,7
5424,114,12,32,8,-11.045874107216177,4
5425,11,11,99,7,-11.04788337752713,4
5426,109,13,30,9,-11.049589386483902,4
5427,102,11,100,8,-11.083335103949722,3
5428,57,11,62,8,-11.089901365863179,3
5429,78,12,17,8,-11.090068157424293,4
5430,107,18,12,13,-11.095629908733304,5
5431,29,13,75,8,-11.096282078020437,5
5432,80,13,78,9,-11.09791576617006,4
5433,57,22,70,13,-11.101179297757742,9
5434,32,13,74,9,-11.101664191982367,4
5435,19,10,40,7,-11.104417905023016,3
5436,87,20,100,12,-11.113455718095159,8
5437,85,13,55,9,-11.149931721802188,4
5438,4,16,43,10,-11.162760468553993,6
5439,61,12,6,8,-11.200388242698184,4
5440,65,45,114,29,-11.20792553692763,16
5441,1,11,89,7,-11.20901106938993,4
5442,46,12,100,8,-11.210309669403358,4
5443,106,18,98,12,-11.217270403208776,6
5444,51,13,73,9,-11.219804453521853,4
5445,88,71,13,48,-11.222941517191334,23
5446,96,20,46,12,-11.223825219116964,8
5447,112,12,38,9,-11.23040362290014,3
5448,112,14,27,9,-11.235001192847596,5
5449,109,17,75,12,-11.242273446455997,5
5450,51,28,95,20,-11.244919045567018,8
5451,81,13,40,9,-11.249205674756395,4
5452,83,16,107,11,-11.24958512039028,5
5453,70,29,87,18,-11.250414739740132,11
5454,48,12,90,8,-11.252381363492235,4
5455,7,52,75,35,-11.2746633859962,17
5456,55,14,2,9,-11.276816159574057,5
5457,5,10,80,7,-11.295210617596885,3
5458,96,25,7,18,-11.300422106484014,7
5459,60,23,47,16,-11.31330562577917,7
5460,20,38,50,26,-11.316816486601454,12
5461,20,12,64,9,-11.331308462604776,3
5462,71,21,104,13,-11.370166649530528,8
5463,38,11,4,8,-11.395009854616482,3
5464,35,23,76,15,-11.39691854534874,8
5465,95,10,29,7,-11.401888238693147,3
5466,106,39,114,26,-11.417874917507989,13
5467,72,19,86,13,-11.423615729846851,6
5468,81,14,47,10,-11.445134927289029,4
5469,54,24,100,16,-11.46348082665664,8
5470,63,19,57,12,-11.499632269547762,7
5471,12,10,94,6,-11.507296767268528,4
5472,76,11,15,7,-11.511804844564256,4
5473,30,10,80,7,-11.535434430621326,3
5474,76,15,74,9,-11.544600382799558,6
5475,71,10,111,7,-11.563837134119527,3
5476,104,16,36,10,-11.564722196156035,6
5477,50,15,33,10,-11.568332857311571,5
5478,65,31,27,21,-11.573171716915367,10
5479,39,15,90,10,-11.577976501423594,5
5480,18,21,15,15,-11.590119158022436,6
5481,19,13,29,9,-11.616301724758122,4
5482,94,11,30,7,-11.643229108233818,4
5483,86,33,102,23,-11.659667182565103,10
5484,39,33,30,22,-11.664507953068155,11
5485,48,11,98,8,-11.678045251552971,3
5486,96,13,91,9,-11.692854193124042,4
5487,112,15,100,10,-11.71919318790088,5
5488,67,11,16,8,-11.761532223804268,3
5489,1,37,55,26,-11.769033555767942,11
5490,109,18,17,12,-11.781743441013703,6
5491,65,12,91,8,-11.784658313781671,4
5492,54,10,44,7,-11.791894285038754,3
5493,40,21,8,15,-11.791921402372775,6
5494,91,10,53,7,-11.811611902058761,3
5495,17,10,83,6,-11.812775268760374,4
5496,111,16,28,11,-11.820301223407922,5
5497,87,23,48,16,-11.827762552608771,7
5498,64,10,74,6,-11.828764368523549,4
5499,28,47,63,33,-11.828866423716303,14
5500,37,10,78,7,-11.831707242150298,3
5501,28,34,74,23,-11.834419909257845,11
5502,47,10,78,6,-11.843066191666676,4
5503,29,12,20,8,-11.85416559868577,4
5504,14,18,16,12,-11.861448285420282,6
5505,104,18,90,12,-11.89837391797068,6
5506,63,18,62,12,-11.898616241132698,6
5507,29,11,109,6,-11.905733206262543,5
5508,68,13,29,9,-11.946919320173036,4
5509,18,27,95,18,-11.951490678023534,9
5510,54,10,53,7,-11.951994898142779,3
5511,35,12,27,8,-11.953831865399296,4
5512,9,12,11,8,-11.95751404574191,4
5513,72,11,50,8,-11.966306538639385,3
5514,60,16,37,10,-11.9668638856867,6
5515,98,11,109,8,-11.980585816049416,3
5516,104,12,1,8,-12.020108292717424,4
5517,13,16,58,12,-12.037688148626765,4
5518,9,20,15,12,-12.03884463484616,8
5519,96,28,98,19,-12.0522531035848,9
5520,63,18,1,11,-12.054495717242014,7
5521,91,18,30,13,-12.061464887561756,5
5522,28,11,110,7,-12.062606997342062,4
5523,20,14,34,10,-12.080633416209027,4
5524,69,19,58,12,-12.089414430124698,7
5525,55,13,15,10,-12.1017027484743,3
5526,63,12,92,7,-12.136993324985582,5
5527,31,11,19,8,-12.140248760143196,3
5528,70,22,2,14,-12.153236389251056,8
5529,51,23,77,15,-12.16149932915176,8
5530,39,17,109,13,-12.189314131019263,4
5531,76,18,7,11,-12.196617315781682,7
5532,106,11,78,8,-12.21024325274275,3
5533,9,14,43,9,-12.224469441855376,5
5534,43,19,75,14,-12.224767647713705,5
5535,112,19,28,13,-12.228920740366254,6
5536,54,27,48,18,-12.230401373927076,9
5537,84,11,71,8,-12.255989147154674,3
5538,39,10,32,7,-12.25900875776762,3
5539,108,10,28,6,-12.299856976610261,4
5540,20,10,78,7,-12.337947782230119,3
5541,97,12,67,9,-12.35346782744064,3
5542,50,17,36,10,-12.423703215189779,7
5543,49,10,80,6,-12.509141995238949,4
5544,103,12,55,9,-12.517980336309982,3
5545,5,27,75,17,-12.535083552437035,10
5546,58,14,54,9,-12.535089602873326,5
5547,87,27,98,19,-12.540784384215351,8
5548,5,27,57,19,-12.572003913811173,8
5549,9,19,20,13,-12.586361422949272,6
5550,51,20,15,13,-12.587936460827022,7
5551,17,11,38,7,-12.634911882425529,4
5552,87,11,10,8,-12.637100065195789,3
5553,70,24,108,17,-12.647188608054195,7
5554,5,14,48,10,-12.657719903594751,4
5555,88,16,111,12,-12.710530076381987,4
5556,107,41,30,28,-12.716586983155048,13
5557,106,24,46,15,-12.725492516069489,9
5558,106,14,33,10,-12.736963404825662,4
5559,36,10,95,7,-12.746346244298937,3
5560,81,12,54,8,-12.757047966098474,4
5561,84,12,41,8,-12.75751979686909,4
5562,27,20,104,15,-12.796343894614779,5
5563,104,20,49,14,-12.812277987885736,6
5564,29,15,98,11,-12.831922527793072,4
5565,109,19,27,12,-12.854514856980064,7
5566,112,14,47,9,-12.859285190584625,5
5567,13,12,85,9,-12.869033586092712,3
5568,45,14,23,10,-12.875487654765546,4
5569,54,15,19,9,-12.889151076069236,6
5570,65,21,2,16,-12.8900275785182,5
5571,75,12,98,8,-12.900340980932176,4
5572,17,16,23,11,-12.920452187354222,5
5573,8,15,78,11,-12.921729498024693,4
5574,60,29,91,19,-12.952631394075716,10
5575,102,21,107,14,-12.974367748289918,7
5576,112,10,91,7,-12.97919097248294,3
5577,28,22,34,16,-12.986812143841881,6
5578,114,12,27,8,-13.009570993376595,4
5579,91,15,43,11,-13.046946068237398,4
5580,84,12,27,8,-13.080512808785823,4
5581,46,38,104,26,-13.083570903140272,12
5582,88,12,98,9,-13.094822370834628,3
5583,70,10,83,6,-13.118339150755117,4
5584,77,15,53,10,-13.125923769197522,5
5585,37,28,95,21,-13.149042342745602,7
5586,88,17,102,13,-13.153141792955822,4
5587,35,12,97,9,-13.15953893586328,3
5588,70,22,11,16,-13.174919150937757,6
5589,54,18,36,12,-13.217744798273172,6
5590,41,16,8,12,-13.244566662838952,4
5591,88,36,95,25,-13.24512473637818,11
5592,96,39,11,27,-13.252582377716239,12
5593,11,23,95,17,-13.263288005084238,6
5594,112,15,87,10,-13.263846083806499,5
5595,5,31,102,21,-13.269431869962297,10
5596,99,12,7,8,-13.274517260788413,4
5597,106,19,64,13,-13.295192075566398,6
5598,46,17,50,11,-13.310329365776978,6
5599,18,16,47,12,-13.317575135316673,4
5600,46,12,18,9,-13.322032493347338,3
5601,114,28,87,18,-13.32969544089937,10
5602,83,18,16,13,-13.35123547721314,5
5603,32,11,55,7,-13.36363963009391,4
5604,35,12,104,8,-13.369677424437175,4
5605,53,15,75,10,-13.423496737137004,5
5606,32,12,25,7,-13.427877456338663,5
5607,35,15,36,11,-13.440272285829963,4
5608,55,17,102,12,-13.448934349992442,5
5609,90,10,93,7,-13.452391800759145,3
5610,86,24,26,18,-13.454427406615018,6
5611,70,10,34,7,-13.500624883981926,3
5612,1,10,78,7,-13.511302040012385,3
5613,66,11,7,7,-13.514093541012448,4
5614,38,15,104,10,-13.530669032796668,5
5615,103,11,74,8,-13.53565105452587,3
5616,60,26,27,20,-13.540065663312776,6
5617,104,18,64,13,-13.541290561517043,5
5618,74,10,15,7,-13.56932630742914,3
5619,3,10,38,7,-13.612373842695774,3
5620,46,12,93,9,-13.65474091099076,3
5621,86,16,92,11,-13.67676060817369,5
5622,99,20,107,14,-13.701645523668958,6
5623,44,14,104,10,-13.703910249073422,4
5624,31,25,63,18,-13.714594813504094,7
5625,33,14,63,10,-13.733555706081619,4
5626,69,18,30,12,-13.733696768023911,6
5627,53,17,43,13,-13.791105639936724,4
5628,112,11,97,9,-13.794615799527321,2
5629,31,74,13,51,-13.800549608099518,23
5630,31,17,98,11,-13.805084918983175,6
5631,112,14,71,10,-13.80768968996665,4
5632,52,19,86,14,-13.851910838120485,5
5633,83,13,11,10,-13.863860744018641,3
5634,50,19,53,13,-13.883151416746287,6
5635,76,17,54,12,-13.892444764564262,5
5636,38,10,100,8,-13.910833855557149,2
5637,40,10,100,7,-13.927928921941099,3
5638,112,11,37,8,-13.937736127059297,3
5639,69,19,75,14,-13.94230448490658,5
5640,109,11,91,8,-13.94618860472034,3
5641,71,24,40,17,-13.948125771645659,7
5642,75,12,111,8,-13.972281809419961,4
5643,91,11,69,7,-13.993001551531528,4
5644,77,29,40,21,-14.048771071022598,8
5645,85,14,39,9,-14.177624685555418,5
5646,63,10,15,7,-14.178625851059422,3
5647,81,23,51,15,-14.181392483122476,8
5648,80,11,41,8,-14.186716292232557,3
5649,3,15,20,11,-14.188922367828342,4
5650,66,11,63,8,-14.209916362631542,3
5651,77,15,30,11,-14.240898393688356,4
5652,60,21,74,14,-14.268042080973927,7
5653,37,12,34,9,-14.300571264435137,3
5654,102,11,46,8,-14.307494713152051,3
5655,50,18,80,14,-14.309192739594003,4
5656,57,12,31,8,-14.310689026630849,4
5657,63,37,80,27,-14.322048676220186,10
5658,61,10,63,8,-14.323000497708241,2
5659,77,27,7,19,-14.33556677589385,8
5660,83,10,40,8,-14.347262135245904,2
5661,90,16,20,11,-14.40477443227545,5
5662,14,11,80,7,-14.435345395194508,4
5663,5,12,44,9,-14.447481002517355,3
5664,2,10,73,7,-14.457830254043136,3
5665,25,12,34,9,-14.468789684868275,3
5666,51,18,45,13,-14.493324057948728,5
5667,84,20,112,14,-14.510611268456794,6
5668,2,12,13,8,-14.516038794033763,4
5669,37,12,73,8,-14.533349572792924,4
5670,9,11,108,7,-14.533752266696007,4
5671,51,24,78,16,-14.558019620679696,8
5672,62,19,74,14,-14.57027413820892,5
5673,99,12,50,8,-14.581629542155014,4
5674,12,12,27,9,-14.58894097244964,3
5675,69,15,49,10,-14.620888888677557,5
5676,97,11,14,9,-14.634263785488013,2
5677,35,10,3,7,-14.67345115895829,3
5678,18,13,69,9,-14.695896617157176,4
5679,103,17,86,12,-14.69939597801156,5
5680,83,19,114,14,-14.71253096490687,5
5681,31,10,100,7,-14.730848989291465,3
5682,102,10,90,6,-14.739148726840858,4
5683,106,14,32,11,-14.741977351969277,3
5684,109,26,114,20,-14.744077219906973,6
5685,2,10,57,7,-14.75670329182861,3
5686,54,35,75,24,-14.800167840554582,11
5687,108,10,8,8,-14.88327570809189,2
5688,112,10,55,8,-14.907032679929216,2
5689,17,21,95,16,-14.970865650802967,5
5690,57,11,38,7,-15.001479354971174,4
5691,75,10,45,8,-15.003649946946844,2
5692,99,18,25,13,-15.014737107768294,5
5693,94,17,81,11,-15.053941840602283,6
5694,71,17,41,13,-15.162388636591329,4
5695,87,16,79,13,-15.190476867517352,3
5696,43,13,30,10,-15.232406371172784,3
5697,68,15,61,11,-15.24709195978541,4
5698,112,18,20,14,-15.347636279185814,4
5699,37,13,18,10,-15.368965567811568,3
5700,46,12,98,8,-15.381140721878973,4
5701,71,10,11,7,-15.386871545741162,3
5702,25,14,49,10,-15.43786379260084,4
5703,58,20,65,14,-15.443655730967695,6
5704,107,25,73,17,-15.460672720698524,8
5705,31,15,69,10,-15.502962092044207,5
5706,2,18,104,12,-15.50344370749933,6
5707,106,10,89,6,-15.508251121091035,4
5708,10,11,37,7,-15.516949569025604,4
5709,14,11,25,9,-15.536643242754739,2
5710,31,12,104,8,-15.561592201078605,4
5711,5,20,23,15,-15.563915929412014,5
5712,45,14,4,10,-15.600891470448104,4
5713,85,11,106,8,-15.605731963514037,3
5714,97,13,90,9,-15.62188808576594,4
5715,38,10,87,7,-15.648595936017907,3
5716,1,13,8,10,-15.702434313684371,3
5717,94,25,16,19,-15.716237844212396,6
5718,80,13,75,10,-15.71805205236554,3
5719,35,12,80,9,-15.72406211872363,3
5720,77,14,37,10,-15.73169378416834,4
5721,96,16,93,12,-15.73319462766121,4
5722,13,25,30,17,-15.73369477818348,8
5723,57,20,7,13,-15.746440629237659,7
5724,35,10,75,8,-15.755761764469415,2
5725,112,21,60,16,-15.76751846849548,5
5726,37,10,15,8,-15.78269510258246,2
5727,12,12,75,8,-15.785867542761379,4
5728,77,16,8,12,-15.792942369486319,4
5729,70,10,48,7,-15.796496446665468,3
5730,35,12,87,8,-15.83062454624883,4
5731,31,45,16,33,-15.837412153743443,12
5732,2,10,60,7,-15.84205677205398,3
5733,39,18,99,14,-15.84878961626863,4
5734,12,15,41,11,-15.852631956602023,4
5735,91,11,76,9,-15.872477419459234,2
5736,8,18,34,13,-15.876296726362224,5
5737,72,16,28,12,-15.894403574800393,4
5738,9,30,53,22,-15.894615033798411,8
5739,70,13,80,11,-15.90133341789594,2
5740,9,26,41,19,-15.923207095513275,7
5741,63,13,14,9,-15.961958621197994,4
5742,78,10,27,9,-15.993140978677223,1
5743,5,18,41,12,-16.050377082501456,6
5744,83,12,23,9,-16.123810814063006,3
5745,102,10,43,7,-16.154622115934174,3
5746,11,12,30,9,-16.16112498926937,3
5747,9,13,48,10,-16.236645292462978,3
5748,69,21,53,15,-16.247322250303586,6
5749,7,16,61,11,-16.426968020447948,5
5750,25,25,11,20,-16.429746187224737,5
5751,60,14,100,11,-16.462828606412607,3
5752,55,15,14,12,-16.464885141480416,3
5753,88,17,80,12,-16.477538046034613,5
5754,3,18,63,15,-16.488578447376668,3
5755,36,10,101,8,-16.627946704419497,2
5756,41,12,30,8,-16.67014747818193,4
5757,71,15,95,10,-16.72675418994599,5
5758,29,21,88,16,-16.771071942053304,5
5759,76,10,1,7,-16.815372977495876,3
5760,30,14,95,10,-16.836817117204564,4
5761,97,14,38,11,-16.838290194315167,3
5762,109,11,15,9,-16.89170612213505,2
5763,31,10,38,6,-16.97274158238424,4
5764,50,16,77,13,-16.97319460562341,3
5765,87,12,34,9,-16.98781036825935,3
5766,46,11,43,8,-16.991693442801246,3
5767,51,13,34,10,-17.050470848560973,3
5768,79,13,104,9,-17.056081750892357,4
5769,1,14,18,11,-17.058153705270225,3
5770,13,17,80,12,-17.06375198393908,5
5771,20,12,60,9,-17.12579419517071,3
5772,5,22,27,16,-17.186967099907662,6
5773,35,12,63,9,-17.190706154289504,3
5774,106,10,35,7,-17.319051156851785,3
5775,39,10,45,7,-17.32115834390289,3
5776,68,27,112,20,-17.405832718791217,7
5777,19,11,55,8,-17.435802328445057,3
5778,18,14,23,10,-17.468338798211544,4
5779,83,11,110,9,-17.575104905290946,2
5780,77,18,16,14,-17.61931989103236,4
5781,57,12,34,9,-17.642040510861822,3
5782,3,11,5,7,-17.694163901939547,4
5783,55,12,44,9,-17.771847163193563,3
5784,5,18,30,15,-17.81053305502534,3
5785,8,10,69,8,-17.824588271872045,2
5786,88,17,32,13,-17.824594134673823,4
5787,114,11,111,8,-17.846918134233796,3
5788,43,16,55,14,-17.88766939591472,2
5789,68,21,95,18,-17.962668451083434,3
5790,33,18,55,14,-17.969879843551904,4
5791,69,12,78,9,-18.00327037631838,3
5792,3,24,84,17,-18.016567455129117,7
5793,28,28,90,22,-18.060877876686433,6
5794,65,29,100,24,-18.208500508458588,5
5795,103,10,109,7,-18.37872283171988,3
5796,18,10,5,8,-18.464269170029826,2
5797,112,12,80,9,-18.494455275967958,3
5798,33,14,65,11,-18.512762180418843,3
5799,31,15,106,11,-18.52908676481624,4
5800,102,11,30,8,-18.53374521303684,3
5801,43,11,45,8,-18.574891926068155,3
5802,68,15,50,11,-18.68712791744929,4
5803,28,17,99,13,-18.754584808369174,4
5804,77,10,100,8,-18.785807393142274,2
5805,47,11,55,8,-18.857554518412744,3
5806,11,10,2,8,-18.92308479788875,2
5807,4,13,98,11,-18.936498509144613,2
5808,106,10,92,8,-19.041690772468705,2
5809,2,10,100,7,-19.143504228869272,3
5810,54,16,4,14,-19.244087603842104,2
5811,18,14,99,11,-19.290873438644514,3
5812,36,19,30,17,-19.30529767168729,2
5813,58,19,86,15,-19.384187711945845,4
5814,51,10,101,8,-19.538804927619935,2
5815,51,10,94,8,-19.678230206250994,2
5816,32,12,95,10,-19.760326388824467,2
5817,68,15,100,11,-19.919601065708385,4
5818,107,13,19,12,-19.989118086631173,1
5819,94,11,85,9,-19.99391792955888,2
5820,84,11,7,9,-20.072751797902637,2
5821,112,11,49,9,-20.081273718937805,2
5822,43,10,78,8,-20.12217678902932,2
5823,28,11,43,8,-20.232603750970075,3
5824,10,15,51,12,-20.332726180509006,3
5825,5,10,64,8,-20.37578731830582,2
5826,35,11,48,9,-20.438098241934796,2
5827,112,20,78,16,-20.501825468968363,4
5828,81,12,49,9,-20.5963472275708,3
5829,9,23,27,18,-20.73849836766573,5
5830,68,11,90,9,-20.787956198015944,2
5831,79,10,30,8,-20.824119521738712,2
5832,38,11,55,9,-20.87506721402826,2
5833,10,13,112,10,-21.234179723414762,3
5834,77,10,98,8,-21.266559747636286,2
5835,91,16,104,15,-21.31971827875211,1
5836,51,16,2,12,-21.322170492802826,4
5837,109,10,12,9,-21.32950515182345,1
5838,51,19,90,17,-21.393287092982963,2
5839,4,13,25,11,-21.42004260246313,2
5840,4,15,41,10,-21.480590173913868,5
5841,31,12,62,9,-21.790941067775986,3
5842,97,12,91,10,-22.175648770183788,2
5843,3,12,30,11,-22.297017461985927,1
5844,8,11,4,10,-23.17790508365148,1
5845,57,11,26,9,-23.524985632767628,2
5846,31,10,15,8,-23.60998987148027,2
5847,69,11,27,9,-23.965125451311458,2
5848,97,11,34,9,-24.058676404388496,2
5849,97,12,73,9,-24.10757303293757,3
5850,3,16,75,14,-24.194103806582213,2
5851,77,17,75,15,-26.826580833678783,2
5852,23,12,90,11,-27.953563540615974,1
5853,37,11,44,11,-29.883498899257123,0
