,againstHero,games,hero,losses,shift,wins
0,112,10,102,1,30.406521473655896,9
1,44,11,37,0,29.883498899257123,11
2,90,12,23,1,27.953563540615978,11
3,75,17,77,2,26.826580833678786,15
4,75,16,3,2,24.194103806582213,14
5,73,12,97,3,24.10757303293757,9
6,34,11,97,2,24.058676404388496,9
7,27,11,69,2,23.96512545131146,9
8,15,10,31,2,23.609989871480266,8
9,26,11,57,2,23.524985632767628,9
10,4,11,8,1,23.177905083651492,10
11,80,14,112,3,22.742433885358178,11
12,30,12,3,1,22.29701746198592,11
13,91,12,97,2,22.175648770183788,10
14,62,12,31,3,21.79094106777599,9
15,41,15,4,5,21.480590173913868,10
16,25,13,4,2,21.42004260246313,11
17,90,19,51,2,21.39328709298296,17
18,12,10,109,1,21.32950515182345,9
19,2,16,51,4,21.322170492802822,12
20,104,16,91,1,21.319718278752113,15
21,98,10,77,2,21.266559747636286,8
22,112,13,10,3,21.23417972341476,10
23,49,13,81,3,21.209557531144654,10
24,100,16,68,4,21.192871209331795,12
25,110,10,43,2,21.055981543018305,8
26,19,15,107,1,20.94464287974046,14
27,55,11,38,2,20.87506721402826,9
28,30,10,79,2,20.824119521738705,8
29,90,11,68,2,20.787956198015944,9
30,27,23,9,5,20.738498367665727,18
31,48,11,35,2,20.438098241934792,9
32,64,10,5,2,20.375787318305825,8
33,29,11,57,2,20.355488402960383,9
34,51,15,10,3,20.332726180509006,12
35,43,11,28,3,20.23260375097008,8
36,7,11,84,2,20.072751797902637,9
37,85,11,94,2,19.99391792955888,9
38,95,12,32,2,19.760326388824463,10
39,101,10,51,2,19.538804927619935,8
40,86,19,58,4,19.384187711945845,15
41,30,19,36,2,19.30529767168729,17
42,99,14,18,3,19.290873438644514,11
43,4,16,54,2,19.2440876038421,14
44,100,10,2,3,19.14350422886928,7
45,92,10,106,2,19.041690772468705,8
46,98,13,4,2,18.936498509144613,11
47,2,10,11,2,18.923084797888755,8
48,55,11,47,3,18.857554518412744,8
49,100,10,77,2,18.78580739314227,8
50,99,17,28,4,18.754584808369174,13
51,50,15,68,4,18.68712791744929,11
52,45,11,43,3,18.574891926068155,8
53,106,15,31,4,18.52908676481624,11
54,65,14,33,3,18.51276218041885,11
55,5,10,18,2,18.464269170029823,8
56,109,10,103,3,18.37872283171988,7
57,90,28,28,6,18.060877876686437,22
58,78,22,112,5,18.00765085252849,17
59,55,18,33,4,17.969879843551904,14
60,95,21,68,3,17.962668451083438,18
61,55,16,43,2,17.887669395914717,14
62,111,11,114,3,17.846918134233796,8
63,32,17,88,4,17.82459413467382,13
64,69,10,8,2,17.824588271872045,8
65,30,18,5,3,17.81053305502534,15
66,44,12,55,3,17.77184716319356,9
67,5,11,3,4,17.694163901939547,7
68,112,29,68,7,17.658356341720012,22
69,34,12,57,3,17.642040510861822,9
70,16,18,77,4,17.61931989103236,14
71,110,11,83,2,17.575104905290946,9
72,23,14,18,4,17.468338798211544,10
73,55,11,19,3,17.435802328445057,8
74,45,10,39,3,17.32115834390289,7
75,35,10,106,3,17.319051156851785,7
76,63,12,35,3,17.190706154289504,9
77,27,22,5,6,17.18696709990766,16
78,27,11,78,1,17.136317360073022,10
79,60,12,20,3,17.12579419517071,9
80,103,10,68,3,17.06786279874451,7
81,80,17,13,5,17.063751983939074,12
82,18,14,1,3,17.058153705270225,11
83,104,13,79,4,17.056081750892357,9
84,100,31,65,6,17.003977982643583,25
85,43,11,46,3,16.991693442801246,8
86,34,12,87,3,16.987810368259346,9
87,84,10,108,2,16.982012889347196,8
88,77,16,50,3,16.97319460562341,13
89,38,10,31,4,16.97274158238424,6
90,20,19,112,4,16.964936240764274,15
91,103,10,17,2,16.915833830492147,8
92,13,12,10,3,16.892767460419815,9
93,15,11,109,2,16.89170612213505,9
94,49,12,112,3,16.877379434776067,9
95,38,14,97,3,16.838290194315167,11
96,95,14,30,4,16.836817117204568,10
97,1,10,76,3,16.815372977495876,7
98,88,21,29,5,16.771071942053304,16
99,95,15,71,5,16.72675418994599,10
100,30,12,41,4,16.67014747818193,8
101,101,10,36,2,16.6279467044195,8
102,80,17,88,5,16.47753804603461,12
103,14,15,55,3,16.464885141480416,12
104,11,25,25,5,16.429746187224733,20
105,61,16,7,5,16.42696802044795,11
106,53,21,69,6,16.247322250303586,15
107,48,13,9,3,16.236645292462974,10
108,30,12,11,3,16.16112498926937,9
109,43,10,102,3,16.154622115934178,7
110,23,12,83,3,16.123810814063006,9
111,71,15,112,4,16.116875921028473,11
112,41,18,5,6,16.05037708250146,12
113,14,13,63,4,15.961958621197992,9
114,41,26,9,7,15.923207095513272,19
115,80,13,70,2,15.901333417895936,11
116,53,30,9,8,15.894615033798411,22
117,84,25,3,8,15.87688434126543,17
118,76,11,91,2,15.872477419459232,9
119,41,15,12,4,15.852631956602023,11
120,99,18,39,4,15.84878961626863,14
121,60,10,2,3,15.842056772053983,7
122,16,45,31,12,15.837412153743443,33
123,48,10,70,3,15.796496446665468,7
124,8,16,77,4,15.792942369486319,12
125,75,12,12,4,15.785867542761377,8
126,15,10,37,2,15.78269510258246,8
127,16,27,94,6,15.781077975981173,21
128,75,10,35,2,15.755761764469415,8
129,7,20,57,7,15.746440629237663,13
130,30,25,13,8,15.733694778183482,17
131,93,16,96,4,15.733194627661211,12
132,37,14,77,4,15.73169378416834,10
133,80,12,35,3,15.72406211872363,9
134,75,13,80,3,15.718052052365534,10
135,8,13,1,3,15.702434313684373,10
136,78,11,43,3,15.699752571068752,8
137,87,13,35,4,15.683184050777024,9
138,87,10,38,3,15.648595936017909,7
139,90,13,97,4,15.621888085765939,9
140,106,11,85,3,15.60573196351404,8
141,4,14,45,4,15.600891470448106,10
142,94,10,57,3,15.586909768321169,7
143,23,20,5,5,15.563915929412016,15
144,104,12,31,4,15.561592201078605,8
145,25,11,14,2,15.536643242754739,9
146,37,11,10,4,15.516949569025604,7
147,112,21,84,6,15.508939798123755,15
148,89,10,106,4,15.508251121091039,6
149,104,18,2,6,15.503443707499333,12
150,69,15,31,5,15.502962092044205,10
151,34,19,8,5,15.461934531083395,14
152,73,25,107,8,15.460672720698525,17
153,49,14,25,4,15.43786379260084,10
154,98,12,46,4,15.381140721878971,8
155,18,13,37,3,15.368965567811566,10
156,61,15,68,4,15.24709195978541,11
157,30,13,43,3,15.232406371172788,10
158,78,13,69,4,15.20567590960135,9
159,79,16,87,3,15.19047686751735,13
160,41,17,71,4,15.16238863659133,13
161,65,22,58,7,15.056426069646061,15
162,81,17,94,6,15.053941840602283,11
163,25,18,99,5,15.014737107768298,13
164,45,10,75,2,15.003649946946844,8
165,38,11,57,4,15.001479354971178,7
166,95,21,17,5,14.970865650802967,16
167,55,10,112,2,14.907032679929213,8
168,8,10,108,2,14.883275708091887,8
169,27,27,60,6,14.861707059947273,21
170,110,12,28,4,14.860268273313302,8
171,51,24,81,8,14.806900687075016,16
172,75,35,54,11,14.800167840554582,24
173,57,10,2,3,14.75670329182861,7
174,114,26,109,6,14.744077219906968,20
175,32,14,106,3,14.741977351969275,11
176,100,10,31,3,14.730848989291463,7
177,114,19,83,5,14.712530964906872,14
178,69,13,18,4,14.69589661715718,9
179,3,10,35,3,14.67345115895829,7
180,14,11,97,2,14.634263785488013,9
181,49,15,69,5,14.620888888677557,10
182,50,12,99,4,14.581629542155014,8
183,74,19,62,5,14.57027413820892,14
184,108,11,9,4,14.533752266696009,7
185,73,12,37,4,14.533349572792922,8
186,13,12,2,4,14.516038794033767,8
187,45,18,51,5,14.493324057948724,13
188,34,12,25,3,14.468789684868277,9
189,73,10,2,3,14.457830254043136,7
190,44,12,5,3,14.447481002517355,9
191,80,11,14,4,14.435345395194508,7
192,40,10,83,2,14.347262135245902,8
193,7,27,77,8,14.33556677589385,19
194,80,37,63,10,14.322048676220186,27
195,108,10,112,3,14.316449946299116,7
196,31,12,57,4,14.310689026630849,8
197,80,18,50,4,14.309192739594003,14
198,46,11,102,3,14.30749471315205,8
199,34,12,37,3,14.30057126443514,9
200,30,15,77,4,14.240898393688356,11
201,63,11,66,3,14.209916362631539,8
202,20,15,3,4,14.188922367828338,11
203,41,11,80,3,14.18671629223256,8
204,15,10,63,3,14.178625851059422,7
205,39,14,85,5,14.177624685555417,9
206,27,15,84,5,14.146807896469795,10
207,40,29,77,8,14.048771071022596,21
208,94,12,12,4,14.045721160333102,8
209,69,11,91,4,13.993001551531528,7
210,111,12,75,4,13.972281809419963,8
211,40,24,71,7,13.948125771645659,17
212,91,11,109,3,13.946188604720339,8
213,75,19,69,5,13.942304484906579,14
214,37,11,112,3,13.937736127059294,8
215,100,10,40,3,13.927928921941099,7
216,100,10,38,2,13.910833855557149,8
217,60,22,112,6,13.909226533638929,16
218,54,17,76,5,13.892444764564262,12
219,53,19,50,6,13.883151416746285,13
220,11,13,83,3,13.863860744018647,10
221,98,17,31,6,13.805084918983171,11
222,13,74,31,23,13.800549608099516,51
223,108,25,70,7,13.799052556205396,18
224,97,11,112,2,13.794615799527321,9
225,43,17,53,4,13.791105639936726,13
226,30,18,69,6,13.733696768023911,12
227,63,14,33,4,13.733555706081617,10
228,63,25,31,7,13.714594813504092,18
229,104,14,44,4,13.703910249073422,10
230,92,16,86,5,13.67676060817369,11
231,93,12,46,3,13.65474091099076,9
232,38,10,3,3,13.612373842695769,7
233,15,10,74,3,13.569326307429137,7
234,64,18,104,5,13.54129056151704,13
235,74,11,103,3,13.53565105452587,8
236,104,15,38,5,13.530669032796665,10
237,7,11,66,4,13.514093541012448,7
238,78,10,1,3,13.511302040012387,7
239,34,10,70,3,13.500624883981928,7
240,26,24,86,6,13.454427406615018,18
241,93,10,90,3,13.452391800759148,7
242,102,17,55,5,13.448934349992445,12
243,36,15,35,4,13.440272285829963,11
244,25,12,32,5,13.427877456338663,7
245,75,15,53,5,13.423496737137006,10
246,91,11,112,3,13.423237527272482,8
247,104,12,35,4,13.369677424437178,8
248,55,11,32,4,13.36363963009391,7
249,78,28,51,10,13.359227652506744,18
250,16,18,83,5,13.351235477213141,13
251,28,17,72,5,13.339188061408779,12
252,87,28,114,10,13.329695440899371,18
253,18,12,46,3,13.322032493347338,9
254,47,16,18,4,13.317575135316673,12
255,50,17,46,6,13.310329365776974,11
256,64,19,106,6,13.295192075566398,13
257,7,12,99,4,13.274517260788409,8
258,102,31,5,10,13.269431869962297,21
259,95,23,11,6,13.26328800508424,17
260,11,39,96,12,13.25258237771624,27
261,95,36,88,11,13.24512473637818,25
262,8,16,41,4,13.244566662838952,12
263,36,18,54,6,13.217744798273172,12
264,94,13,51,4,13.20979687229361,9
265,11,22,70,6,13.174919150937761,16
266,97,12,35,3,13.159538935863281,9
267,95,28,37,7,13.149042342745604,21
268,53,15,77,5,13.125923769197524,10
269,83,10,70,4,13.118339150755117,6
270,100,12,102,3,13.116016377909167,9
271,98,12,88,3,13.09482237083463,9
272,28,21,112,6,13.067763256870427,15
273,43,15,91,4,13.046946068237395,11
274,60,10,48,3,13.027739440368961,7
275,34,11,68,4,13.015057494601507,7
276,27,12,114,4,13.009570993376595,8
277,100,15,60,4,13.00317877758717,11
278,91,29,60,10,12.952631394075715,19
279,34,14,51,4,12.934608487352977,10
280,78,15,8,4,12.921729498024693,11
281,23,16,17,5,12.920452187354222,11
282,18,10,19,3,12.906348402552078,7
283,98,12,75,4,12.900340980932176,8
284,2,21,65,5,12.890027578518202,16
285,23,14,45,4,12.875487654765548,10
286,47,14,112,5,12.859285190584627,9
287,27,19,109,7,12.854514856980066,12
288,49,20,104,6,12.812277987885736,14
289,104,20,27,5,12.796343894614777,15
290,41,12,84,4,12.75751979686909,8
291,54,12,81,4,12.757047966098476,8
292,95,10,36,3,12.746346244298937,7
293,33,14,106,4,12.736963404825662,10
294,46,24,106,9,12.725492516069492,15
295,111,16,88,4,12.710530076381987,12
296,48,14,5,4,12.657719903594751,10
297,10,11,87,3,12.637100065195789,8
298,38,11,17,4,12.634911882425525,7
299,15,20,51,7,12.587936460827022,13
300,20,19,9,6,12.586361422949272,13
301,57,27,5,8,12.572003913811171,19
302,98,27,87,8,12.540784384215351,19
303,54,14,58,5,12.535089602873327,9
304,75,27,5,10,12.535083552437033,17
305,55,12,103,3,12.517980336309982,9
306,63,21,3,5,12.512350085587688,16
307,80,10,49,4,12.50914199523895,6
308,36,17,50,7,12.423703215189779,10
309,27,13,12,4,12.385073312985272,9
310,104,39,46,13,12.353574327141933,26
311,67,12,97,3,12.35346782744064,9
312,78,10,20,3,12.337947782230119,7
313,32,10,39,3,12.25900875776762,7
314,71,11,84,3,12.255989147154674,8
315,48,27,54,9,12.230401373927076,18
316,74,22,60,8,12.230302476711508,14
317,75,19,43,5,12.224767647713705,14
318,43,14,9,5,12.224469441855378,9
319,78,11,106,3,12.210243252742755,8
320,7,18,76,7,12.19661731578168,11
321,109,17,39,4,12.189314131019263,13
322,107,21,99,7,12.174640608684571,14
323,77,23,51,8,12.161499329151763,15
324,2,22,70,8,12.153236389251056,14
325,19,11,31,3,12.140248760143196,8
326,92,12,63,5,12.136993324985582,7
327,15,13,55,3,12.101702748474299,10
328,58,19,69,7,12.089414430124696,12
329,34,14,20,4,12.080633416209027,10
330,30,18,91,5,12.061464887561753,13
331,1,18,63,7,12.054495717242014,11
332,98,28,96,9,12.0522531035848,19
333,15,20,9,8,12.038844634846162,12
334,58,16,13,4,12.037688148626765,12
335,1,12,104,4,12.020108292717422,8
336,109,11,98,3,11.980585816049416,8
337,37,16,60,6,11.9668638856867,10
338,50,11,72,3,11.966306538639385,8
339,11,12,9,4,11.95751404574191,8
340,53,10,54,3,11.951994898142782,7
341,95,27,18,9,11.951490678023532,18
342,29,13,68,4,11.946919320173034,9
343,109,11,29,5,11.905733206262543,6
344,62,18,63,6,11.898616241132697,12
345,90,18,104,6,11.89837391797068,12
346,13,10,79,3,11.8821323161708,7
347,20,12,29,4,11.85416559868577,8
348,78,10,47,4,11.843066191666676,6
349,74,34,28,11,11.834419909257846,23
350,78,10,37,3,11.831707242150298,7
351,63,47,28,14,11.8288664237163,33
352,74,10,64,4,11.828764368523546,6
353,28,16,111,5,11.82030122340792,11
354,83,10,17,4,11.812775268760372,6
355,53,10,91,3,11.811611902058761,7
356,8,21,40,6,11.791921402372775,15
357,44,10,54,3,11.791894285038754,7
358,91,12,65,4,11.784658313781675,8
359,17,18,109,6,11.781743441013703,12
360,55,37,1,11,11.76903355576794,26
361,16,11,67,3,11.761532223804268,8
362,27,32,65,10,11.719093568654257,22
363,91,13,96,4,11.692854193124042,9
364,34,23,28,7,11.682170467841415,16
365,98,11,48,3,11.678045251552971,8
366,30,33,39,11,11.664507953068155,22
367,30,11,94,4,11.643229108233816,7
368,15,21,18,6,11.590119158022436,15
369,90,15,39,5,11.57797650142359,10
370,33,15,50,5,11.568332857311571,10
371,36,16,104,6,11.564722196156039,10
372,111,10,71,3,11.563837134119533,7
373,74,15,76,6,11.544600382799558,9
374,80,10,30,3,11.535434430621326,7
375,63,10,94,3,11.526010775087409,7
376,15,11,76,4,11.511804844564256,7
377,57,19,63,7,11.49963226954776,12
378,100,24,54,8,11.463480826656635,16
379,47,14,81,4,11.445134927289029,10
380,114,39,106,13,11.417874917507987,26
381,29,10,95,3,11.401888238693152,7
382,76,23,35,8,11.396918545348738,15
383,4,11,38,3,11.395009854616484,8
384,107,14,10,5,11.38119632500004,9
385,104,21,71,8,11.370166649530528,13
386,86,20,52,6,11.33652830385731,14
387,64,12,20,3,11.33130846260478,9
388,50,38,20,12,11.31681648660145,26
389,47,23,60,7,11.313305625779169,16
390,7,25,96,7,11.300422106484014,18
391,100,22,87,9,11.295440869318135,13
392,80,10,5,3,11.295210617596885,7
393,2,14,55,5,11.276816159574059,9
394,75,52,7,17,11.274663385996204,35
395,28,10,103,3,11.258889995972657,7
396,90,12,48,4,11.252381363492233,8
397,87,29,70,11,11.250414739740135,18
398,107,16,83,5,11.249585120390279,11
399,40,13,81,4,11.249205674756393,9
400,95,28,51,8,11.244919045567018,20
401,75,17,109,5,11.242273446455997,12
402,27,14,112,5,11.23500119284759,9
403,38,12,112,3,11.230403622900138,9
404,46,20,96,8,11.223825219116966,12
405,73,13,51,4,11.219804453521853,9
406,98,18,106,6,11.217270403208776,12
407,100,12,46,4,11.210309669403356,8
408,89,11,1,4,11.209011069389932,7
409,114,45,65,16,11.207925536927627,29
410,6,12,61,4,11.200388242698187,8
411,100,12,84,3,11.16458160330148,9
412,43,16,4,6,11.162760468553993,10
413,55,13,85,4,11.149931721802192,9
414,58,14,39,4,11.116102776526807,10
415,40,10,19,3,11.104417905023016,7
416,74,13,32,4,11.101664191982366,9
417,70,22,57,9,11.101179297757742,13
418,78,13,80,4,11.097915766170063,9
419,75,13,29,5,11.096282078020437,8
420,17,12,78,4,11.090068157424293,8
421,62,11,57,3,11.089901365863183,8
422,19,16,54,7,11.077532313763603,9
423,99,11,11,4,11.04788337752713,7
424,32,12,114,4,11.045874107216177,8
425,64,25,9,7,11.036372697771332,18
426,53,41,88,13,11.023031682203495,28
427,41,14,92,5,11.016394202336144,9
428,98,10,68,3,11.014423279510455,7
429,15,13,71,4,11.00914391321026,9
430,56,13,107,5,11.000292497508868,8
431,51,20,110,6,11.000148170458745,14
432,50,37,88,13,10.986958086725295,24
433,13,73,88,24,10.948948900714134,49
434,89,10,13,4,10.939542022741618,6
435,27,14,64,4,10.925557497140753,10
436,98,16,29,5,10.909698341629543,11
437,73,17,5,6,10.907383059794872,11
438,102,10,35,4,10.903207987031468,6
439,111,21,41,8,10.875724405637953,13
440,71,16,77,5,10.872072685026803,11
441,37,46,54,15,10.870093974692763,31
442,106,17,81,7,10.816681182916202,10
443,100,10,29,4,10.811451389513943,6
444,104,27,77,9,10.795670361212093,18
445,55,25,91,7,10.791612827626562,18
446,59,11,7,3,10.771239818059199,8
447,63,11,72,3,10.764095493593645,8
448,9,17,104,6,10.7627294741424,11
449,27,27,31,11,10.758919665279384,16
450,109,35,8,13,10.73942071205048,22
451,54,11,111,3,10.714143810197228,8
452,43,13,36,5,10.713552025008548,8
453,51,25,74,7,10.704030149650722,18
454,5,25,98,9,10.66291868554062,16
455,30,41,107,14,10.657359132092086,27
456,107,12,103,3,10.647201349907752,9
457,30,20,64,7,10.642272986004784,13
458,98,18,71,6,10.627953776602759,12
459,16,12,101,4,10.622717697482882,8
460,7,31,91,9,10.609100286101588,22
461,75,15,38,4,10.597530026810052,11
462,26,10,28,3,10.592168464369761,7
463,69,18,28,7,10.575983527327304,11
464,95,15,9,6,10.569002592922953,9
465,71,19,54,7,10.563773271372229,12
466,28,17,40,7,10.551622113062637,10
467,86,16,56,5,10.543126647721753,11
468,71,19,97,6,10.5235339621969,13
469,27,27,36,10,10.523349599331352,17
470,89,14,37,6,10.519274673853001,8
471,114,12,12,5,10.50495457801322,7
472,78,17,16,6,10.487924828110982,11
473,75,14,102,4,10.47886729381523,10
474,75,35,8,11,10.477015226263449,24
475,23,12,77,4,10.472073733658851,8
476,6,10,31,4,10.459894630543896,6
477,60,27,69,11,10.453461646225001,16
478,64,25,112,7,10.447348803692252,18
479,89,11,68,4,10.440912670509611,7
480,44,16,39,6,10.434810009571377,10
481,95,19,114,7,10.422604339796184,12
482,110,11,7,5,10.422576579231729,6
483,63,13,85,5,10.414666124998384,8
484,11,32,84,11,10.414151914532594,21
485,3,13,29,4,10.397178070946653,9
486,100,10,57,4,10.386884791301807,6
487,106,16,93,6,10.37915501513517,10
488,58,11,112,4,10.3752608537424,7
489,49,21,60,7,10.36875684851125,14
490,104,13,81,6,10.361322759461329,7
491,65,38,93,15,10.357494219723515,23
492,94,10,7,3,10.355621654064773,7
493,16,26,1,7,10.345699287153877,19
494,37,13,1,5,10.342164269053148,8
495,7,14,81,6,10.32158298772756,8
496,48,31,107,11,10.315398554214726,20
497,107,29,31,13,10.30345756995746,16
498,49,11,29,4,10.30099349448638,7
499,30,11,102,4,10.296833808784982,7
500,38,12,54,4,10.280232127604943,8
501,34,12,104,4,10.27427919250402,8
502,85,15,50,5,10.26203922127155,10
503,77,12,99,3,10.252199704478638,9
504,67,16,106,6,10.252161434234207,10
505,28,27,68,8,10.229548768409218,19
506,63,35,91,11,10.225389928816243,24
507,30,17,31,7,10.214096274935343,10
508,63,10,19,3,10.212473229345921,7
509,25,24,68,8,10.211790433098953,16
510,10,14,28,4,10.207926130943799,10
511,11,36,37,12,10.20717474941383,24
512,91,24,39,8,10.206322081312438,16
513,48,24,96,8,10.200121519345739,16
514,98,15,2,6,10.198603389321667,9
515,71,13,33,4,10.195530501937561,9
516,97,41,37,14,10.190687502541845,27
517,89,13,104,5,10.17868688184359,8
518,6,12,9,5,10.175309866966636,7
519,43,29,86,9,10.173097117221216,20
520,96,11,23,4,10.143008283174426,7
521,53,37,31,14,10.136338371296793,23
522,92,10,109,3,10.132066653367776,7
523,11,16,68,6,10.130332220199396,10
524,46,14,70,5,10.128652016947743,9
525,17,18,60,6,10.12863063958789,12
526,8,10,35,3,10.118762046100299,7
527,50,20,102,8,10.118106239071224,12
528,53,21,17,7,10.11768769756885,14
529,53,36,36,11,10.114732824687987,25
530,18,24,8,7,10.103008591242306,17
531,89,11,74,4,10.093150392265771,7
532,79,12,106,4,10.079963228120917,8
533,40,16,49,6,10.077718304922938,10
534,13,23,83,8,10.067954696106945,15
535,80,19,51,7,10.049293803677342,12
536,44,10,38,3,10.048373138060269,7
537,39,29,43,11,10.035622734323454,18
538,110,13,107,4,10.03472132274693,9
539,11,14,18,5,10.031989827572826,9
540,16,43,18,14,10.022908903594146,29
541,13,43,18,16,10.018893166372962,27
542,75,12,57,4,10.001839571130395,8
543,95,25,65,9,9.987438820754939,16
544,73,18,88,6,9.974203425238965,12
545,63,48,84,18,9.967741289394295,30
546,63,45,88,14,9.955054334971098,31
547,95,10,2,3,9.920312629990502,7
548,8,23,15,9,9.913275414610844,14
549,25,14,3,5,9.907996037168818,9
550,107,21,102,8,9.900916609628295,13
551,27,13,30,5,9.89635566134904,8
552,87,32,9,13,9.890957993800642,19
553,18,39,39,13,9.885046818102031,26
554,2,17,54,5,9.883928701627934,12
555,17,15,71,6,9.874078720771614,9
556,76,12,18,4,9.847622493503502,8
557,30,16,63,6,9.842696842263113,10
558,53,10,98,4,9.839111782848335,6
559,54,13,57,3,9.824315369895016,10
560,104,25,75,9,9.822163907084754,16
561,48,24,87,8,9.816807340039903,16
562,40,24,17,8,9.815776001763279,16
563,64,17,37,6,9.810222324765896,11
564,62,10,93,4,9.798162399200404,6
565,63,11,61,3,9.795863144147216,8
566,11,11,71,4,9.793856230234496,7
567,40,25,3,8,9.786955757231253,17
568,37,24,83,9,9.783726366978417,15
569,13,14,76,5,9.765754801505128,9
570,30,12,52,4,9.763146241314214,8
571,89,13,16,5,9.733195931265595,8
572,16,16,32,6,9.72172092201369,10
573,43,19,31,10,9.720852773553682,9
574,12,20,107,6,9.718935970594273,14
575,85,13,13,4,9.717007051558657,9
576,75,18,11,7,9.71088785220573,11
577,102,33,86,11,9.70383463978044,22
578,53,18,3,6,9.694466592939397,12
579,3,10,112,4,9.689877507882056,6
580,53,12,38,4,9.664145468055217,8
581,100,12,71,4,9.66068752031631,8
582,111,16,63,6,9.656549842780759,10
583,41,15,17,5,9.654478177971624,10
584,22,10,114,5,9.649313306364819,5
585,93,10,104,4,9.637966581885273,6
586,78,10,114,4,9.632244308821944,6
587,41,23,53,8,9.631953807885303,15
588,70,17,109,6,9.623350653501726,11
589,76,16,9,5,9.621504571842449,11
590,99,14,8,6,9.61106559286031,8
591,83,18,84,7,9.609473734372159,11
592,8,13,53,4,9.596286006275326,9
593,80,14,39,5,9.589468521855673,9
594,15,31,88,9,9.582914300229938,22
595,73,20,7,8,9.582485903794176,12
596,64,44,60,14,9.569439655645416,30
597,65,27,29,11,9.569239085182382,16
598,13,24,97,9,9.567486234498416,15
599,7,23,19,7,9.559895766747154,16
600,27,13,98,5,9.55751067877167,8
601,3,10,46,4,9.540754107652448,6
602,92,15,68,5,9.538113226799515,10
603,106,13,108,4,9.535201707134298,9
604,13,23,94,8,9.527562000187663,15
605,1,22,31,9,9.525804060927038,13
606,87,16,112,6,9.523536917370144,10
607,20,32,25,11,9.520523686179052,21
608,18,27,9,9,9.520249042639604,18
609,8,17,36,6,9.51236026695053,11
610,90,14,80,4,9.509239360264802,10
611,114,13,2,5,9.509158562417847,8
612,90,21,13,7,9.506733485788097,14
613,37,22,99,7,9.502759058160713,15
614,37,29,7,11,9.500511382222342,18
615,102,13,60,5,9.490462801517765,8
616,70,10,58,3,9.487562225897108,7
617,97,23,51,7,9.463450569827408,16
618,16,47,96,14,9.46295382882651,33
619,102,12,17,4,9.460667678985603,8
620,76,28,68,7,9.459920139276978,21
621,32,11,63,4,9.44232166344675,7
622,64,14,92,7,9.432471863302014,7
623,108,15,39,6,9.406857006968854,9
624,108,14,60,5,9.40273406812832,9
625,45,22,107,8,9.39975575090587,14
626,86,21,72,7,9.392937391895078,14
627,63,25,109,10,9.392892060380623,15
628,48,13,51,6,9.391737592298234,7
629,109,11,36,3,9.390936468630548,8
630,80,33,107,11,9.376730084103613,22
631,76,17,39,5,9.374915521858481,12
632,104,21,84,8,9.37162724208143,13
633,87,14,33,5,9.358610632806945,9
634,23,12,50,3,9.354699302165745,9
635,29,16,19,5,9.346278486992212,11
636,63,19,69,6,9.343078071737848,13
637,28,29,2,10,9.34282167881126,19
638,111,15,51,5,9.328246716797016,10
639,60,16,58,6,9.319426070200468,10
640,50,17,70,7,9.316243790355681,10
641,86,15,67,6,9.30654184494345,9
642,75,57,68,19,9.300627868865528,38
643,100,17,18,7,9.297622647277194,10
644,63,19,77,6,9.291814452323939,13
645,75,13,93,5,9.279825087560205,8
646,20,16,90,6,9.25670480461804,10
647,7,44,25,15,9.233724493378423,29
648,70,16,69,5,9.227346228401574,11
649,64,11,81,4,9.217681779438383,7
650,27,15,4,6,9.214915067697104,9
651,2,12,40,4,9.204153353273352,8
652,73,17,40,6,9.199997222971483,11
653,15,13,91,6,9.175439096539632,7
654,41,15,49,6,9.171912615870818,9
655,40,15,102,6,9.171373555966685,9
656,92,15,40,5,9.168940871834318,10
657,53,22,108,9,9.163083344546394,13
658,16,63,106,21,9.160803291418002,42
659,50,43,5,17,9.156049369840707,26
660,9,16,47,6,9.146152811782594,10
661,91,22,20,9,9.11515023214943,13
662,92,11,17,4,9.114563540800457,7
663,109,15,31,5,9.11388757240418,10
664,63,30,76,10,9.086063762983459,20
665,95,34,8,13,9.079209474058969,21
666,44,29,86,10,9.073857704921485,19
667,28,34,75,12,9.068390514566694,22
668,48,22,79,8,9.064036284770669,14
669,47,21,68,7,9.052758514326353,14
670,35,16,45,7,9.040031591861501,9
671,85,14,72,4,9.03362076276455,10
672,54,17,43,7,9.026858404506273,10
673,75,18,100,8,9.024866169547831,10
674,30,16,70,7,9.016092338129877,9
675,5,15,36,6,9.008614310253613,9
676,114,15,57,5,9.000054094310599,10
677,100,19,43,8,8.981606565772067,11
678,27,14,77,5,8.98057953611799,9
679,28,15,52,6,8.975367013246691,9
680,76,12,94,4,8.97405454794504,8
681,97,18,36,7,8.970668153566264,11
682,47,20,114,8,8.969382880850322,12
683,28,11,32,4,8.963821007682872,7
684,63,34,48,12,8.958044896706859,22
685,100,11,49,5,8.94783461865437,6
686,73,12,31,4,8.938919570135752,8
687,11,10,91,3,8.923724837318142,7
688,110,19,25,6,8.917701672558222,13
689,89,15,107,5,8.908975430626485,10
690,7,20,109,7,8.9080321410632,13
691,65,16,57,6,8.901462100183856,10
692,68,46,87,17,8.890608791051282,29
693,69,12,97,4,8.888377862411462,8
694,44,20,13,7,8.886721786197054,13
695,49,11,53,4,8.876928289416245,7
696,23,16,12,6,8.872217683410865,10
697,57,36,107,14,8.850709109073525,22
698,32,15,87,5,8.84415502943487,10
699,19,12,57,4,8.841856546576304,8
700,87,19,81,9,8.837308894093788,10
701,63,19,36,7,8.822881427312195,12
702,36,18,47,6,8.810892372607714,12
703,106,10,42,3,8.802546839644418,7
704,39,36,20,15,8.800920294125156,21
705,109,12,77,5,8.789144881364965,7
706,106,23,18,8,8.778191080978742,15
707,100,18,112,7,8.767855174675885,11
708,39,36,88,13,8.756638990991734,23
709,108,27,13,9,8.751351034715968,18
710,38,14,106,7,8.74501943352997,7
711,104,23,11,8,8.742484307216115,15
712,4,22,17,7,8.727735068009611,15
713,8,26,57,9,8.727187925997562,17
714,9,11,57,4,8.721996193617914,7
715,58,10,45,4,8.721721801464442,6
716,27,32,86,11,8.713633301132363,21
717,45,15,86,6,8.710518828201982,9
718,63,15,102,6,8.710165699989911,9
719,63,35,20,14,8.705248065274409,21
720,30,10,2,4,8.704387763563812,6
721,110,14,39,4,8.694421097429624,10
722,16,26,76,12,8.692110714550006,14
723,76,15,60,4,8.678706996102921,11
724,77,16,88,6,8.678317130754186,10
725,9,31,31,11,8.678153869820548,20
726,85,10,98,3,8.673802483900154,7
727,41,19,97,7,8.638943706099205,12
728,13,32,69,12,8.635152076913185,20
729,76,12,57,4,8.631010009083717,8
730,60,22,29,9,8.623846841921916,13
731,51,51,63,21,8.61580742538916,30
732,27,19,53,6,8.613512457869616,13
733,69,15,57,5,8.610432071680039,10
734,23,34,60,12,8.608807282411219,22
735,51,21,33,6,8.606152418737853,15
736,90,22,50,8,8.598522697494,14
737,110,19,16,7,8.596145036216202,12
738,95,23,55,8,8.575006509864881,15
739,41,13,3,3,8.570007818582788,10
740,78,19,7,8,8.565348954184037,11
741,78,11,36,4,8.552435160203329,7
742,114,13,62,5,8.54955618000272,8
743,12,13,106,4,8.530975907772834,9
744,34,12,39,5,8.530792842427957,7
745,86,28,48,10,8.527783865058886,18
746,62,23,88,9,8.512625127129992,14
747,91,10,45,4,8.504304930616431,6
748,64,28,40,10,8.496071624321134,18
749,75,16,1,5,8.487454866261048,11
750,74,14,77,5,8.485489523270209,9
751,15,13,53,5,8.45144556317874,8
752,95,14,96,5,8.45037398259218,9
753,8,32,114,11,8.446067232393613,21
754,41,40,86,14,8.438958336325594,26
755,96,24,70,11,8.437417991026262,13
756,55,20,114,7,8.432483182241098,13
757,73,19,90,7,8.424101991862472,12
758,109,14,67,7,8.410228891959628,7
759,80,11,79,5,8.39440233865723,6
760,67,10,104,4,8.393331116483226,6
761,78,14,53,6,8.385129502111273,8
762,64,11,29,3,8.360354117139725,8
763,7,22,5,8,8.357081514884824,14
764,38,23,65,10,8.354229779220864,13
765,41,32,31,12,8.353957395244583,20
766,39,20,112,8,8.345179878987272,12
767,69,20,68,8,8.344032655118443,12
768,76,39,51,13,8.339242903099507,26
769,102,17,88,5,8.307899790454732,12
770,53,29,30,11,8.306098230837586,18
771,90,31,106,10,8.283845461248372,21
772,16,66,63,25,8.283483649795642,41
773,41,18,91,6,8.276671952774393,12
774,86,19,103,7,8.275383973570774,12
775,75,12,76,5,8.269580351796622,7
776,50,34,55,14,8.268886532039616,20
777,37,12,14,5,8.266467835075433,7
778,16,42,46,15,8.265204078980108,27
779,94,10,2,4,8.235738884159371,6
780,112,10,79,4,8.23380656767564,6
781,69,21,106,8,8.230262561693124,13
782,41,28,104,12,8.222150207467429,16
783,112,14,40,6,8.221202026655053,8
784,86,26,1,10,8.213403239086288,16
785,100,10,70,4,8.21076639612227,6
786,87,24,93,9,8.20135369004028,15
787,11,24,109,8,8.196422948591085,16
788,74,25,39,10,8.195535087876927,15
789,63,11,89,3,8.19292788894577,8
790,104,35,60,10,8.183651908443375,25
791,50,18,30,7,8.173377893689405,11
792,68,11,33,4,8.166895131198165,7
793,50,28,71,11,8.165371088482388,17
794,16,32,69,12,8.160441247046853,20
795,107,12,61,5,8.157075963099336,7
796,18,16,112,5,8.155957753880719,11
797,4,10,112,4,8.145974306589784,6
798,26,10,107,4,8.136960920766814,6
799,30,16,46,6,8.09849810603762,10
800,37,42,46,14,8.09589581959515,28
801,15,17,87,7,8.088262314262588,10
802,60,30,50,13,8.087484578525554,17
803,76,12,108,4,8.086994753980798,8
804,7,15,10,6,8.086365440359023,9
805,109,15,46,6,8.081904977493476,9
806,8,61,5,24,8.080732178020162,37
807,110,16,97,6,8.077466293642946,10
808,16,18,14,7,8.06483217295593,11
809,53,13,46,5,8.064750592390656,8
810,51,15,91,5,8.060157448942936,10
811,9,11,12,4,8.058955245687951,7
812,108,19,87,7,8.0530569756161,12
813,48,13,108,4,8.047800069948497,9
814,58,26,107,9,8.037629940895535,17
815,37,16,27,6,8.030406858059436,10
816,12,16,3,5,8.025644589227156,11
817,75,41,50,14,8.02466935745211,27
818,63,12,52,5,8.015196003418383,7
819,35,11,9,5,8.012816785902409,6
820,48,12,25,5,8.01244102921806,7
821,91,31,98,12,8.010154956050265,19
822,27,38,88,16,8.004162194472352,22
823,102,19,96,7,7.9956311609664965,12
824,13,16,70,6,7.990308468406848,10
825,5,28,84,11,7.986435375626319,17
826,84,31,39,12,7.976509708255431,19
827,12,12,4,4,7.976222296376225,8
828,65,25,5,10,7.967561696591304,15
829,80,12,68,4,7.963368280059832,8
830,23,21,39,8,7.9630880242589255,13
831,13,18,29,8,7.95544012341084,10
832,3,10,109,4,7.949985033221677,6
833,89,12,53,5,7.9499730264780055,7
834,53,19,61,6,7.9431150632920575,13
835,73,17,87,5,7.942207150258419,12
836,30,41,65,15,7.937351182752284,26
837,18,10,34,3,7.934073113605032,7
838,77,12,64,6,7.9282827223690555,6
839,33,16,20,6,7.928062438364485,10
840,54,22,18,9,7.917650548154775,13
841,88,10,82,4,7.912578083642496,6
842,13,18,6,7,7.906119004345001,11
843,71,13,38,4,7.906029048659733,9
844,78,11,31,5,7.904414780494012,6
845,1,10,12,4,7.886963050426909,6
846,60,24,81,9,7.879588509675568,15
847,55,17,23,8,7.871570609888838,9
848,100,21,88,8,7.8714372446179155,13
849,102,18,51,7,7.870945415633869,11
850,114,25,90,10,7.8701656835045455,15
851,44,12,35,5,7.859665557157517,7
852,106,26,91,9,7.859341034872018,17
853,15,30,39,10,7.850357643973713,20
854,16,37,9,13,7.846826969300749,24
855,104,13,69,4,7.846435814216967,9
856,53,19,109,7,7.841205358929896,12
857,7,11,2,4,7.836909370766421,7
858,8,17,98,6,7.8322640771965775,11
859,25,46,46,19,7.8204011950255445,27
860,87,36,40,15,7.816149468605837,21
861,75,21,49,8,7.802050873504809,13
862,114,12,110,4,7.80031681097971,8
863,50,15,48,5,7.798532000224024,10
864,47,10,111,4,7.786638633209644,6
865,13,43,43,19,7.783895328367697,24
866,68,28,18,11,7.775566947501909,17
867,92,14,114,4,7.774797164908212,10
868,41,15,81,5,7.770221546669875,10
869,50,22,18,9,7.758401768064157,13
870,53,11,73,4,7.756297558195456,7
871,37,49,25,20,7.755599308877524,29
872,73,13,54,5,7.746921178252216,8
873,28,14,12,5,7.741725097225164,9
874,44,11,84,5,7.741464370739849,6
875,78,18,87,8,7.738249145100052,10
876,15,15,1,5,7.73306575970013,10
877,100,39,51,18,7.730403154818611,21
878,46,13,64,5,7.701785189637151,8
879,41,15,77,5,7.700447698799743,10
880,64,11,11,3,7.699861982788657,8
881,111,25,7,10,7.69032342577198,15
882,5,32,11,12,7.687442157533876,20
883,86,39,76,15,7.675261015838616,24
884,37,29,38,11,7.668156637885108,18
885,37,24,96,10,7.665844925696509,14
886,33,13,31,6,7.647223417443057,7
887,70,11,60,4,7.6464357490262,7
888,97,29,5,10,7.639418302115124,19
889,13,31,3,10,7.638676786821423,21
890,96,22,80,8,7.6325568595370585,14
891,23,13,91,6,7.630492751883036,7
892,18,20,36,8,7.5949028785012285,12
893,58,18,88,7,7.5880987725104365,11
894,72,10,36,4,7.585561627806539,6
895,28,31,114,13,7.584853881328923,18
896,46,12,77,5,7.574271980014295,7
897,34,14,5,4,7.5706698448560905,10
898,40,66,68,24,7.5703219943157025,42
899,85,10,46,3,7.538229298143679,7
900,6,11,55,3,7.526848268362216,8
901,55,18,77,7,7.520653437888106,11
902,88,24,3,9,7.5117017749719,15
903,53,19,12,8,7.511441486905761,11
904,43,15,84,6,7.511290434631544,9
905,15,13,50,5,7.509982415529958,8
906,54,30,60,11,7.494934117874263,19
907,41,11,96,3,7.480521636982391,8
908,48,10,89,3,7.476757612743907,7
909,70,14,36,6,7.476080415111229,8
910,108,15,63,6,7.475559971035058,9
911,16,32,43,11,7.475406687421778,21
912,64,37,31,14,7.4738922265185375,23
913,28,10,81,4,7.472696801730322,6
914,45,12,53,5,7.463487107897495,7
915,37,21,110,9,7.457046552670356,12
916,13,23,112,10,7.456901431626585,13
917,86,53,97,21,7.453774682156136,32
918,46,30,75,12,7.449361290092638,18
919,8,28,84,10,7.447150756775401,18
920,64,17,43,7,7.43896725456377,10
921,7,49,87,18,7.4314438134316605,31
922,34,11,43,4,7.424240308041092,7
923,54,44,109,16,7.42149631612999,28
924,8,19,91,7,7.416456742894205,12
925,36,34,41,16,7.412500474371832,18
926,64,11,19,3,7.409166426273504,8
927,20,35,84,11,7.397610796744058,24
928,1,10,5,4,7.391988711274886,6
929,72,13,51,6,7.389012124503451,7
930,75,50,16,20,7.38842567902132,30
931,73,10,71,4,7.37323406519455,6
932,13,35,54,13,7.373225396669799,22
933,34,15,74,5,7.367415754617591,10
934,31,14,80,4,7.367135464628976,10
935,25,16,33,5,7.36592627296452,11
936,77,10,114,4,7.3654772203978025,6
937,49,13,23,5,7.360298065336568,8
938,73,25,8,10,7.35879002547718,15
939,40,41,104,15,7.342291894534163,26
940,81,19,16,7,7.334894223977403,12
941,75,16,2,7,7.332326563651873,9
942,97,26,68,10,7.3316577092188355,16
943,2,32,107,12,7.32884412298255,20
944,70,42,5,17,7.323141246130927,25
945,1,23,65,10,7.319832649719675,13
946,109,26,55,12,7.3182997081126135,14
947,39,24,106,10,7.31226919998241,14
948,54,33,40,13,7.298767912387551,20
949,17,17,9,7,7.295940921809664,10
950,47,11,61,4,7.295405799949466,7
951,43,31,40,13,7.2876910701836355,18
952,97,16,29,6,7.284915525257299,10
953,13,20,98,7,7.284404613166717,13
954,114,42,13,19,7.284350704257176,23
955,55,20,68,7,7.273979151335479,13
956,106,13,57,6,7.272492874678534,7
957,62,10,96,3,7.268496266352443,7
958,110,16,70,6,7.267896542251015,10
959,20,17,98,6,7.267496359610282,11
960,6,15,27,6,7.265927261688612,9
961,75,19,81,7,7.259552889264539,12
962,11,12,10,5,7.252899748629005,7
963,98,12,93,5,7.2513528092711335,7
964,46,13,90,5,7.250761878801304,8
965,20,21,41,9,7.246750485082596,12
966,31,14,5,5,7.246607645789562,9
967,20,10,75,4,7.241047227766171,6
968,114,27,40,9,7.240772461331043,18
969,114,14,81,6,7.238705590547007,8
970,54,16,62,6,7.236680580960737,10
971,15,16,3,7,7.226872372846494,9
972,13,60,106,23,7.22482230869508,37
973,35,20,40,7,7.2238461178978355,13
974,27,13,35,5,7.215256796262466,8
975,81,32,13,12,7.194897673585073,20
976,27,20,63,9,7.19472225275396,11
977,36,16,112,6,7.175574629533441,10
978,16,109,88,41,7.167573523139397,68
979,38,18,84,8,7.154125748328736,10
980,34,12,60,4,7.148158666349012,8
981,29,14,37,6,7.147246302868531,8
982,88,10,103,4,7.146583091840611,6
983,5,17,60,6,7.144002600647477,11
984,40,50,55,19,7.142420946012768,31
985,87,27,91,10,7.142016410462965,17
986,90,26,87,10,7.134749793973535,16
987,63,58,54,22,7.133964662886907,36
988,75,57,107,18,7.131800392099847,39
989,88,11,67,3,7.127393540580368,8
990,100,14,30,5,7.12422480058823,9
991,67,12,107,4,7.124134838046416,8
992,57,24,39,10,7.110575192370116,14
993,28,20,62,8,7.086204539456473,12
994,28,35,70,14,7.078735797739843,21
995,102,14,98,6,7.075813129571894,8
996,50,14,49,6,7.064134383315743,8
997,100,21,25,9,7.062312436550092,12
998,99,18,36,6,7.061516094995872,12
999,65,16,73,6,7.056062739811479,10
1000,20,10,110,4,7.040932959044509,6
1001,39,57,68,24,7.03302707182893,33
1002,16,31,64,11,7.027713443588521,20
1003,95,15,40,6,7.026458120737083,9
1004,87,27,53,12,7.022639512769477,15
1005,93,26,54,9,7.002072182522706,17
1006,80,13,48,4,6.99747900943173,9
1007,62,15,5,6,6.992708759597391,9
1008,114,19,1,7,6.990089974683044,12
1009,111,23,13,10,6.988942249892523,13
1010,17,20,55,9,6.987444025974705,11
1011,107,26,35,9,6.986606963430158,17
1012,8,17,33,6,6.975602243001775,11
1013,18,23,97,9,6.965163575719862,14
1014,16,34,36,13,6.9623095532486845,21
1015,32,18,104,6,6.95922508638955,12
1016,90,20,63,8,6.95733483322538,12
1017,2,11,38,5,6.952650087165873,6
1018,4,25,51,9,6.952578906103857,16
1019,99,12,88,5,6.93913123202866,7
1020,7,21,46,7,6.935769096747123,14
1021,75,19,30,8,6.923427737676235,11
1022,114,23,3,8,6.912850093555391,15
1023,13,14,102,4,6.907912883852887,10
1024,76,16,88,7,6.891817282335726,9
1025,90,22,65,10,6.887045978873851,12
1026,114,47,5,19,6.885144276646171,28
1027,34,18,84,8,6.88355580878115,10
1028,106,15,99,5,6.882359612487447,10
1029,60,43,4,19,6.864343045215706,24
1030,114,19,96,7,6.8573207383282995,12
1031,13,29,95,12,6.852052215706936,17
1032,7,99,51,37,6.849475435937799,62
1033,78,18,54,7,6.844050551797868,11
1034,86,80,96,31,6.839782165020975,49
1035,78,14,96,5,6.830515928543477,9
1036,95,25,106,9,6.830338155584792,16
1037,68,69,31,28,6.821634358561019,41
1038,65,14,66,5,6.821265394674894,9
1039,30,22,104,10,6.820606807560422,12
1040,98,40,86,17,6.818936598158919,23
1041,56,13,4,6,6.816273515879696,7
1042,44,21,6,7,6.813562816650853,14
1043,25,14,9,5,6.810304163725227,9
1044,51,20,96,8,6.809158319794973,12
1045,100,16,114,6,6.806713890734189,10
1046,60,18,45,8,6.8022482279138705,10
1047,49,10,71,4,6.800377692667283,6
1048,55,10,31,4,6.798197972656263,6
1049,10,16,86,7,6.796614478147251,9
1050,1,16,87,7,6.782771040032774,9
1051,39,81,51,33,6.781026894224875,48
1052,81,10,108,4,6.778588424753946,6
1053,33,23,107,10,6.763493299081546,13
1054,13,43,23,19,6.759962036733638,24
1055,57,12,109,5,6.758716421545093,7
1056,53,13,90,5,6.752088210585151,8
1057,30,19,18,8,6.749976540021853,11
1058,94,10,71,4,6.748460655059317,6
1059,45,13,68,5,6.747691137383071,8
1060,45,32,7,13,6.743551275422484,19
1061,100,18,63,8,6.742683547587139,10
1062,84,25,48,9,6.7407911051084906,16
1063,40,14,78,4,6.732885786530082,10
1064,74,38,96,14,6.731828732252355,24
1065,14,13,95,5,6.731405281187272,8
1066,86,90,51,39,6.726193388019496,51
1067,100,11,95,5,6.722166987268522,6
1068,65,10,32,4,6.718474357729474,6
1069,28,35,97,13,6.716635909782017,22
1070,39,14,78,6,6.71185999456239,8
1071,60,21,12,11,6.704537300087493,10
1072,83,15,74,7,6.703298030488857,8
1073,111,11,106,3,6.697425895741327,8
1074,7,18,62,7,6.690218008322475,11
1075,54,75,88,30,6.6874207756050055,45
1076,78,25,57,11,6.68038209215525,14
1077,16,68,55,25,6.673907741530192,43
1078,83,11,71,5,6.656205380333864,6
1079,12,13,87,5,6.654704325795005,8
1080,71,19,37,8,6.653996053488669,11
1081,76,15,114,5,6.6539119931134865,10
1082,32,26,5,10,6.647447060451906,16
1083,4,30,65,12,6.6356003955737535,18
1084,39,22,37,9,6.632156694863052,13
1085,25,48,5,19,6.626414170343125,29
1086,74,14,9,5,6.620459467868885,9
1087,85,10,75,3,6.61929344121288,7
1088,71,18,81,7,6.61709770119633,11
1089,55,21,64,7,6.604925944972094,14
1090,34,16,30,6,6.601140375094157,10
1091,65,28,96,12,6.593487230396348,16
1092,65,46,20,17,6.582851496170298,29
1093,86,35,17,16,6.577804427529826,19
1094,39,25,38,10,6.576359256983345,15
1095,47,36,13,14,6.576234413408801,22
1096,53,26,114,11,6.571088082289226,15
1097,69,32,86,13,6.5699072512959376,19
1098,104,37,25,16,6.567754121461538,21
1099,58,18,68,7,6.553002087451516,11
1100,68,25,91,11,6.550419627313768,14
1101,77,21,18,7,6.545250800191177,14
1102,3,16,43,6,6.544499424148759,10
1103,54,58,70,23,6.543056803225659,35
1104,49,10,55,4,6.541972088163769,6
1105,86,29,81,9,6.532482502137965,20
1106,91,13,80,5,6.531108694088673,8
1107,16,78,39,32,6.5210913868223725,46
1108,78,21,107,8,6.505959287985718,13
1109,90,10,102,5,6.502237322589002,5
1110,1,20,54,8,6.493394551110143,12
1111,48,10,104,4,6.493358473776671,6
1112,107,46,53,18,6.492903474758714,28
1113,20,18,68,8,6.48964373329749,10
1114,16,27,3,10,6.483698180671639,17
1115,70,20,9,7,6.477071321597407,13
1116,98,18,84,6,6.475666713551259,12
1117,107,35,43,13,6.468610096623969,22
1118,108,21,88,8,6.468102581842658,13
1119,100,17,55,8,6.465563036443129,9
1120,70,13,29,6,6.465173609286504,7
1121,78,14,98,6,6.457784687804565,8
1122,29,10,41,4,6.453681453868417,6
1123,6,10,28,4,6.452419128804086,6
1124,4,20,87,7,6.445923142452618,13
1125,41,20,109,7,6.432688342356182,13
1126,40,16,33,5,6.427211772717694,11
1127,107,19,77,8,6.416947048354687,11
1128,91,18,54,8,6.414686940093468,10
1129,106,13,77,6,6.407119934187455,7
1130,80,20,37,8,6.401050818487373,12
1131,81,12,69,5,6.3766610232414545,7
1132,30,19,84,7,6.373847364369496,12
1133,7,21,56,9,6.361794853449644,12
1134,41,15,28,6,6.359689551305939,9
1135,92,13,27,6,6.356396578041118,7
1136,107,28,109,11,6.3545606152762915,17
1137,51,15,112,6,6.350376289921739,9
1138,86,29,83,10,6.342700324127683,19
1139,62,22,40,11,6.34058891485694,11
1140,81,10,111,3,6.333917467029674,7
1141,54,14,112,5,6.3267118256224935,9
1142,20,40,16,14,6.318333724670661,26
1143,88,25,57,11,6.308509689840414,14
1144,29,13,55,5,6.301089833667023,8
1145,39,16,83,6,6.297771796270439,10
1146,94,10,29,4,6.296652217989038,6
1147,23,17,114,6,6.291790840234864,11
1148,70,16,64,5,6.286009204558742,11
1149,16,12,92,3,6.284475222709882,9
1150,41,11,102,4,6.282861273718874,7
1151,87,28,41,11,6.282239020662331,17
1152,86,21,4,8,6.2794844995496994,13
1153,51,58,65,22,6.274656067700197,36
1154,20,45,5,17,6.270373633442785,28
1155,11,21,57,10,6.2702253467640325,11
1156,69,11,96,4,6.268969865653719,7
1157,15,12,95,5,6.265255655621163,7
1158,92,22,39,10,6.263991845659126,12
1159,43,17,5,7,6.250727481432205,10
1160,12,10,49,3,6.241633735146607,7
1161,104,41,50,16,6.230364171354915,25
1162,16,42,91,15,6.227187272730326,27
1163,72,12,68,5,6.2229147971092145,7
1164,11,34,54,14,6.217306832795513,20
1165,112,21,76,10,6.216605503599088,11
1166,47,14,28,6,6.211297191624255,8
1167,46,24,39,12,6.2104681559769475,12
1168,35,15,84,6,6.209299301194261,9
1169,74,28,70,13,6.203999405338755,15
1170,63,28,2,12,6.200018491851485,16
1171,91,12,71,5,6.187474142289449,7
1172,55,14,35,6,6.181710197353361,8
1173,86,28,79,11,6.17280225672684,17
1174,97,23,76,10,6.171425808149794,13
1175,57,21,102,9,6.169321397774083,12
1176,13,47,36,18,6.167141158071529,29
1177,31,15,112,5,6.149641402394961,10
1178,54,31,68,12,6.129451922490282,19
1179,55,24,97,9,6.128965912516967,15
1180,16,21,79,8,6.12488573939544,13
1181,25,35,88,12,6.123879676950231,23
1182,81,13,31,4,6.117159791325403,9
1183,39,18,29,8,6.11667916860653,10
1184,90,12,7,5,6.108519045195328,7
1185,72,11,112,5,6.104465927512499,6
1186,111,23,107,11,6.08814286411973,12
1187,64,16,3,6,6.081103034121076,10
1188,70,29,20,11,6.080511379179193,18
1189,55,10,69,4,6.075582313218194,6
1190,74,14,48,7,6.068043245358376,7
1191,23,27,41,11,6.068042449918637,16
1192,23,18,28,8,6.06620277166243,10
1193,16,84,87,35,6.04787275144722,49
1194,63,24,18,9,6.046455003215173,15
1195,94,11,88,4,6.041461864182689,7
1196,8,16,32,7,6.041444852098721,9
1197,7,24,98,9,6.0336860037819795,15
1198,75,31,31,14,6.033482134287373,17
1199,64,38,86,16,6.030765339147399,22
1200,91,17,50,6,6.027790824025911,11
1201,95,20,46,8,6.027785407812038,12
1202,15,18,81,8,6.020952084821452,10
1203,65,61,88,23,6.004362907857696,38
1204,37,19,100,7,6.000890669706824,12
1205,107,32,3,15,5.999011076330673,17
1206,15,11,43,4,5.993511447834226,7
1207,114,25,31,11,5.991876520395493,14
1208,64,20,18,8,5.974775055211904,12
1209,69,12,54,5,5.973066602774385,7
1210,97,18,40,7,5.966918416140386,11
1211,104,19,17,8,5.965485227876699,11
1212,68,52,53,21,5.964244334939563,31
1213,62,13,8,4,5.96110102258686,9
1214,97,12,10,6,5.950831581917705,6
1215,39,12,14,5,5.947548147792332,7
1216,33,15,7,7,5.9471342175078945,8
1217,28,15,53,6,5.9457443646332715,9
1218,98,25,76,10,5.944337446211659,15
1219,41,15,43,6,5.943674988011269,9
1220,104,50,28,21,5.941710221571149,29
1221,63,13,10,5,5.94033318775015,8
1222,74,11,30,5,5.935013522041515,6
1223,37,45,63,18,5.933785173114154,27
1224,73,20,114,8,5.924435121305103,12
1225,93,10,63,4,5.9175632502755855,6
1226,114,18,84,7,5.917311033591253,11
1227,41,15,45,5,5.9144627061547626,10
1228,46,12,1,6,5.891865749051654,6
1229,74,34,84,16,5.891399521581718,18
1230,109,19,34,8,5.8910600256239505,11
1231,64,34,51,14,5.888421423830696,20
1232,46,12,36,5,5.882094180819339,7
1233,62,17,9,7,5.86600144742425,10
1234,54,36,95,16,5.865979569344106,20
1235,34,17,7,7,5.863504951401833,10
1236,7,20,112,8,5.8633899504874805,12
1237,85,23,84,8,5.861641877801659,15
1238,104,37,55,15,5.856904127783749,22
1239,74,37,46,14,5.850135921281393,23
1240,58,13,87,5,5.8383296210552,8
1241,3,12,18,4,5.832827231063855,8
1242,28,17,94,6,5.821481138029022,11
1243,40,16,5,7,5.820527251695649,9
1244,80,28,106,11,5.812470547213421,17
1245,79,13,20,5,5.810117746469002,8
1246,16,38,62,14,5.806515303304726,24
1247,71,48,13,21,5.805132526236809,27
1248,100,23,39,10,5.8048628915035785,13
1249,91,19,31,7,5.801858258461766,12
1250,7,45,64,20,5.801061458968774,25
1251,74,28,55,12,5.797157459674129,16
1252,98,26,63,11,5.795644107915217,15
1253,16,19,93,9,5.776545074834794,10
1254,11,19,35,8,5.768399159544,11
1255,58,13,53,7,5.756559382638666,6
1256,23,13,47,5,5.755142063292807,8
1257,36,12,77,5,5.751140829309578,7
1258,19,11,80,4,5.749943576584892,7
1259,25,42,106,16,5.73768822242091,26
1260,79,12,108,4,5.730876938982656,8
1261,13,48,25,22,5.729332953997915,26
1262,45,14,9,5,5.727853500458987,9
1263,25,26,51,11,5.72613511284895,15
1264,98,13,17,6,5.723425305113809,7
1265,16,15,58,6,5.721436385477678,9
1266,41,18,37,7,5.716493275276269,11
1267,23,10,102,4,5.7160538226538815,6
1268,62,13,69,6,5.706165822809074,7
1269,30,46,16,19,5.705241946203532,27
1270,74,22,109,8,5.703058853572775,14
1271,53,17,62,7,5.701449545318567,10
1272,70,10,32,5,5.692479372096213,5
1273,23,10,43,4,5.689859175567734,6
1274,106,46,5,18,5.689619439430471,28
1275,30,25,55,10,5.686463879094618,15
1276,63,23,38,8,5.685369937239836,15
1277,102,10,95,4,5.685319962340818,6
1278,54,11,12,5,5.67450373056912,6
1279,94,10,25,5,5.671887186214519,5
1280,75,39,37,14,5.670197882049105,25
1281,16,31,99,13,5.665818337043021,18
1282,16,48,37,20,5.664774565241773,28
1283,54,11,82,4,5.664278302313932,7
1284,43,12,68,5,5.6614021510813615,7
1285,9,13,61,5,5.652969843590383,8
1286,4,10,97,4,5.649870700339136,6
1287,39,13,97,5,5.649731064357227,8
1288,73,23,74,9,5.649045009007229,14
1289,84,17,76,7,5.642369532504397,10
1290,108,14,98,6,5.640790264148573,8
1291,85,10,11,4,5.636472097896452,6
1292,75,46,51,20,5.632745764536371,26
1293,86,28,73,13,5.62531345595925,15
1294,5,21,17,7,5.625033929201379,14
1295,19,10,5,4,5.623378775596127,6
1296,95,26,50,11,5.619957219349123,15
1297,16,48,50,20,5.617696720442929,28
1298,30,14,90,6,5.614315415339312,8
1299,100,15,50,6,5.612526049660052,9
1300,16,36,100,14,5.608551256780633,22
1301,38,13,18,6,5.608114426083465,7
1302,70,17,98,6,5.604121247592221,11
1303,29,10,43,4,5.5912887095951875,6
1304,62,21,68,9,5.591004045591886,12
1305,39,13,94,5,5.582337685105467,8
1306,11,18,51,9,5.57971841586598,9
1307,3,10,98,5,5.570597398737187,5
1308,42,11,69,5,5.570250078296481,6
1309,37,60,104,24,5.563475261062019,36
1310,31,10,95,4,5.5581891593402775,6
1311,46,11,4,5,5.55622187464566,6
1312,53,27,112,13,5.555316017681792,14
1313,8,41,25,16,5.550067480025434,25
1314,36,53,31,23,5.548564460468652,30
1315,25,18,84,7,5.5466876181289715,11
1316,20,22,2,9,5.544865436021075,13
1317,86,51,75,23,5.544222274149607,28
1318,75,16,84,7,5.542746956131477,9
1319,65,26,69,11,5.540534749641236,15
1320,13,19,84,7,5.540298417726142,12
1321,15,12,30,5,5.538463534767753,7
1322,13,59,87,23,5.536518377079212,36
1323,106,31,23,15,5.535479536227778,16
1324,114,45,68,19,5.528966703625285,26
1325,30,23,88,11,5.525413582454542,12
1326,33,14,102,6,5.525239013163607,8
1327,28,33,7,13,5.522079859732702,20
1328,26,20,13,7,5.520285333416165,13
1329,62,10,20,4,5.517288163699186,6
1330,87,59,37,24,5.516733087496062,35
1331,28,35,9,16,5.5146514821295405,19
1332,95,19,83,7,5.510188596504647,12
1333,32,13,109,6,5.5080518973086185,7
1334,18,40,75,17,5.507084301877024,23
1335,67,10,102,4,5.49724656177184,6
1336,18,10,62,4,5.493140482819633,6
1337,65,49,40,21,5.488110460552834,28
1338,47,12,69,5,5.485890015271255,7
1339,114,23,70,9,5.484820175107314,14
1340,14,10,75,4,5.479308338136782,6
1341,62,17,51,7,5.468238395489335,10
1342,79,10,51,5,5.454970304114261,5
1343,75,43,71,16,5.454468163058883,27
1344,97,18,57,8,5.45235309786646,10
1345,49,13,62,5,5.442720426362852,8
1346,93,11,51,5,5.442643801494353,6
1347,28,14,85,6,5.4424150325876255,8
1348,91,18,18,7,5.437015235679076,11
1349,49,11,37,5,5.40579366661915,6
1350,4,11,58,4,5.405037105567146,7
1351,9,11,66,5,5.404825557202403,6
1352,84,10,64,3,5.401793074305331,7
1353,54,31,90,13,5.397442007333916,18
1354,7,18,30,9,5.390495309133068,9
1355,72,12,17,5,5.381050240439902,7
1356,20,31,51,15,5.374467949047245,16
1357,64,21,8,8,5.374033093425483,13
1358,75,30,63,13,5.362343223381901,17
1359,7,35,97,16,5.356987360153851,19
1360,43,25,88,10,5.351866788536155,15
1361,62,18,65,8,5.34575502328806,10
1362,86,86,88,36,5.345596536414867,50
1363,38,13,19,4,5.343954633425735,9
1364,80,32,55,15,5.338178788284693,17
1365,97,14,102,5,5.335160623731844,9
1366,107,45,9,20,5.322061725590964,25
1367,61,15,60,7,5.316729344745585,8
1368,112,15,29,7,5.316502717217539,8
1369,85,16,96,5,5.314304637448895,11
1370,28,13,49,6,5.31428031912519,7
1371,107,24,69,10,5.312297877274384,14
1372,107,19,66,8,5.307859110353934,11
1373,111,25,55,10,5.307717141421055,15
1374,109,12,22,5,5.303001885552313,7
1375,40,49,39,20,5.294535177326297,29
1376,99,21,86,8,5.291638236148403,13
1377,14,19,28,7,5.288795345484194,12
1378,107,63,104,26,5.280992676308756,37
1379,56,11,88,5,5.280224334897691,6
1380,28,11,92,4,5.26619903758234,7
1381,35,11,31,5,5.255104723881263,6
1382,25,26,40,11,5.242222631716463,15
1383,98,15,40,7,5.239271076053035,8
1384,65,15,14,7,5.239230657167624,8
1385,52,14,16,6,5.238731564661996,8
1386,91,21,25,9,5.236778929543691,12
1387,15,19,104,8,5.235404007755863,11
1388,88,17,112,7,5.231027938888666,10
1389,20,37,96,15,5.229501973456113,22
1390,35,11,5,5,5.226534281744142,6
1391,54,54,106,25,5.222938310920249,29
1392,40,22,37,10,5.2189812618502875,12
1393,33,12,91,6,5.213867650447791,6
1394,41,15,89,6,5.196780511481055,9
1395,40,13,113,5,5.193726392686624,8
1396,6,10,71,4,5.193692278292729,6
1397,75,17,97,7,5.183439015487436,10
1398,64,32,65,14,5.182122584236017,18
1399,75,26,47,9,5.17693162231529,17
1400,7,43,55,17,5.169021709270008,26
1401,107,60,20,26,5.163543558398883,34
1402,91,11,56,5,5.1601828143932735,6
1403,67,12,5,5,5.159840528973067,7
1404,111,14,39,6,5.158992286191915,8
1405,8,54,63,24,5.156454172512435,30
1406,35,16,28,8,5.153123660542302,8
1407,76,28,50,10,5.151966096130058,18
1408,106,24,9,10,5.150083731218861,14
1409,107,26,49,12,5.148888284740457,14
1410,44,15,88,7,5.148664566159752,8
1411,35,12,51,5,5.14727626674268,7
1412,40,12,69,4,5.137627663794988,8
1413,36,21,3,8,5.136055944816986,13
1414,40,30,58,14,5.133397385337812,16
1415,11,22,98,10,5.122669345045474,12
1416,49,12,15,5,5.113632370703525,7
1417,75,18,4,7,5.112428644465592,11
1418,55,23,70,10,5.1032220329288345,13
1419,28,13,108,6,5.102919930198642,7
1420,53,25,104,11,5.0942603831986055,14
1421,60,24,95,10,5.089480392621887,14
1422,32,10,20,3,5.082163415292109,7
1423,90,13,33,5,5.072843762888294,8
1424,46,17,65,6,5.066104910854949,11
1425,87,66,65,27,5.064983553930066,39
1426,30,32,71,14,5.063953126216741,18
1427,55,29,63,13,5.056066807562624,16
1428,28,13,27,4,5.05119454239968,9
1429,75,41,9,17,5.040607611984742,24
1430,86,57,39,26,5.0403229243330765,31
1431,11,14,79,7,5.038711911658494,7
1432,65,12,52,4,5.0369958566437525,8
1433,63,32,13,14,5.0254768605942015,18
1434,81,14,63,6,5.016441825370756,8
1435,16,35,49,15,5.007093096161221,20
1436,93,26,5,10,5.004460526821323,16
1437,7,41,106,20,5.003800212982272,21
1438,94,21,87,9,5.000044556975335,12
1439,32,12,68,4,4.994599728673895,8
1440,104,30,63,13,4.993963037729944,17
1441,74,15,71,7,4.993812181109021,8
1442,50,23,31,10,4.99199978599778,13
1443,23,17,15,7,4.9841342107101605,10
1444,7,30,47,12,4.980252625346256,18
1445,29,11,93,5,4.97512545826624,6
1446,40,49,107,19,4.964616090179718,30
1447,84,23,78,9,4.964497842539368,14
1448,109,16,38,6,4.964461961570972,10
1449,96,23,90,9,4.963939687748078,14
1450,39,18,77,8,4.961640817784317,10
1451,19,14,100,7,4.958125375081998,7
1452,13,32,8,13,4.955794878282507,19
1453,16,54,68,21,4.950237425751294,33
1454,9,21,84,9,4.9481345313882175,12
1455,56,19,68,9,4.94813216675333,10
1456,76,12,49,5,4.943121216792114,7
1457,77,14,87,6,4.942401920251487,8
1458,93,27,28,10,4.941127481170006,17
1459,85,19,54,7,4.939303305813314,12
1460,23,42,88,16,4.935782926079016,26
1461,114,22,9,7,4.931319071415342,15
1462,19,14,20,6,4.927700194569555,8
1463,86,40,36,17,4.927433251240005,23
1464,76,37,107,13,4.92520640654787,24
1465,74,56,106,24,4.924754963776778,32
1466,54,12,108,4,4.909695920764135,8
1467,38,12,28,6,4.907164394244691,6
1468,7,96,88,42,4.898871034458085,54
1469,83,39,5,18,4.890865835189014,21
1470,28,59,84,25,4.889044052283284,34
1471,62,25,71,11,4.888439777720533,14
1472,65,44,9,18,4.887961308210911,26
1473,8,12,3,7,4.88781937501622,5
1474,100,37,86,18,4.884574935292558,19
1475,69,11,95,4,4.882909765417961,7
1476,30,11,114,5,4.8820710984651585,6
1477,81,15,18,6,4.877040041598752,9
1478,85,12,88,5,4.8737543176102305,7
1479,87,27,57,11,4.871666288606831,16
1480,37,54,106,25,4.865641247327302,29
1481,5,10,89,3,4.86246564090175,7
1482,52,12,107,4,4.861262849981809,8
1483,97,12,32,5,4.851459349576839,7
1484,104,23,100,9,4.850527098250832,14
1485,16,101,7,44,4.849773607468413,57
1486,20,10,38,3,4.844230675667008,7
1487,16,98,107,37,4.843452333866219,61
1488,5,30,51,11,4.841333405150811,19
1489,83,20,64,9,4.840996077098241,11
1490,75,39,39,18,4.835166255544909,21
1491,87,15,52,7,4.832747531124254,8
1492,8,15,67,6,4.831909846155583,9
1493,27,35,51,14,4.824832158001018,21
1494,31,19,25,9,4.823839301099763,10
1495,14,15,54,5,4.820525855929132,10
1496,23,27,68,13,4.81982927042641,14
1497,19,19,13,8,4.8164478623381655,11
1498,74,11,85,5,4.812388004493803,6
1499,83,30,8,14,4.811627367676455,16
1500,6,12,106,5,4.810944704219048,7
1501,2,25,106,11,4.808494527305082,14
1502,69,11,85,5,4.808257383801068,6
1503,96,13,108,6,4.805162668071275,7
1504,75,22,96,7,4.801381492311931,15
1505,111,11,25,5,4.797175922879397,6
1506,8,29,9,15,4.796436219845455,14
1507,52,13,20,5,4.795236183864801,8
1508,9,17,1,9,4.794059502939978,8
1509,76,33,5,14,4.788314400539968,19
1510,88,52,9,22,4.778873320006728,30
1511,87,48,50,22,4.77809392160859,26
1512,9,12,5,5,4.777710715122403,7
1513,46,12,29,7,4.775703546529657,5
1514,114,14,94,7,4.775696268753724,7
1515,78,13,34,6,4.775374082125242,7
1516,1,14,17,6,4.774691835698866,8
1517,90,13,70,6,4.771084444295362,7
1518,12,15,31,7,4.770632464521183,8
1519,60,16,97,8,4.770560692259114,8
1520,64,31,41,12,4.758473174288668,19
1521,63,15,79,6,4.756289291055939,9
1522,93,16,50,6,4.755526241513054,10
1523,90,30,5,12,4.752640516818983,18
1524,25,16,77,7,4.745845616411638,9
1525,55,57,65,25,4.744057377410872,32
1526,97,11,3,4,4.740273088979023,7
1527,8,41,46,19,4.737192297274268,22
1528,84,26,57,13,4.733523061947013,13
1529,51,48,84,20,4.731865068752451,28
1530,6,11,46,5,4.730994669309113,6
1531,15,14,75,5,4.729161606780822,9
1532,47,17,86,7,4.720142586161402,10
1533,15,10,72,4,4.7131251167737505,6
1534,28,37,18,17,4.710953949587104,20
1535,43,16,71,8,4.70977023229907,8
1536,20,23,46,8,4.708713070266485,15
1537,11,14,80,6,4.704407754517106,8
1538,88,31,18,14,4.699584875943507,17
1539,55,45,60,20,4.699539635247214,25
1540,51,13,58,6,4.6987757235739265,7
1541,97,10,62,4,4.689387738532959,6
1542,60,26,41,12,4.687979614839915,14
1543,71,16,5,7,4.686451238703377,9
1544,100,45,107,22,4.6725487960657865,23
1545,13,48,64,23,4.67021662986664,25
1546,52,12,8,5,4.669562642233978,7
1547,80,13,64,6,4.665596394208,7
1548,55,14,98,5,4.662824671110214,9
1549,25,15,47,7,4.655390231832646,8
1550,30,29,60,10,4.653426738413294,19
1551,27,15,25,7,4.649655011418165,8
1552,63,39,96,15,4.649023449526137,24
1553,6,21,16,10,4.642825718029857,11
1554,73,14,13,6,4.642713338622983,8
1555,73,19,109,8,4.637139105733967,11
1556,60,22,25,10,4.636282806493916,12
1557,106,15,110,7,4.633960085739299,8
1558,16,106,51,47,4.6266128464726055,59
1559,49,17,9,8,4.620658268254684,9
1560,37,72,86,32,4.607837359690983,40
1561,88,10,66,4,4.60434245546846,6
1562,7,35,3,14,4.603775118928216,21
1563,23,11,30,5,4.601908928188203,6
1564,77,13,95,6,4.60149322445291,7
1565,11,68,86,30,4.598096686232517,38
1566,50,32,96,14,4.592653394244439,18
1567,60,30,8,14,4.584471076654316,16
1568,28,25,71,10,4.584215619303489,15
1569,99,16,65,7,4.579704538683142,9
1570,7,23,58,11,4.575034525669344,12
1571,99,14,95,6,4.572737764013027,8
1572,99,16,104,8,4.5627492392393,8
1573,70,15,23,7,4.554568026577778,8
1574,83,15,46,7,4.551826612706301,8
1575,99,18,15,7,4.551461310618723,11
1576,23,24,76,11,4.537606040144393,13
1577,8,24,102,11,4.537070383836359,13
1578,87,16,19,7,4.5357965468160035,9
1579,71,28,68,11,4.532265816801447,17
1580,106,23,75,11,4.532198108241345,12
1581,50,71,28,30,4.530365152854881,41
1582,37,43,55,20,4.516821858156878,23
1583,65,76,107,33,4.5161075655198495,43
1584,28,16,29,7,4.513248021932702,9
1585,80,10,69,5,4.508733977407145,5
1586,62,10,104,3,4.50664568251795,7
1587,87,13,110,5,4.501644038521952,8
1588,17,13,43,6,4.501405777799933,7
1589,49,32,86,15,4.500460560848237,17
1590,75,20,112,8,4.4989690721071325,12
1591,93,15,37,6,4.493445665639034,9
1592,93,15,11,5,4.484686270589562,10
1593,100,15,17,5,4.475659273933986,10
1594,95,33,107,15,4.475609109265348,18
1595,96,31,25,14,4.4728328775528,17
1596,91,10,57,5,4.468260927215541,5
1597,37,18,32,8,4.466542082918521,10
1598,3,15,50,7,4.464463620895282,8
1599,75,43,88,18,4.458661851679068,25
1600,49,15,64,7,4.458412060664093,8
1601,77,11,97,4,4.4549011553839994,7
1602,50,12,73,4,4.454782630059153,8
1603,95,44,16,20,4.453378575583387,24
1604,7,67,31,29,4.4532123702344615,38
1605,6,12,12,6,4.448996636056325,6
1606,2,42,50,18,4.448957186147168,24
1607,13,33,37,14,4.448467961015427,19
1608,95,15,109,6,4.444131433700797,9
1609,1,24,51,11,4.443642769643948,13
1610,45,11,88,4,4.4416566980945715,7
1611,16,35,53,14,4.432680586189367,21
1612,23,14,20,6,4.42777867543601,8
1613,102,20,87,8,4.423994697827657,12
1614,99,30,13,13,4.420966828834258,17
1615,7,64,53,28,4.416213736910661,36
1616,64,12,57,5,4.409680008541512,7
1617,114,20,64,8,4.407773657880817,12
1618,11,10,29,5,4.395627118404059,5
1619,64,29,63,13,4.394960955961679,16
1620,107,32,38,13,4.39393220007557,19
1621,41,16,112,7,4.393369197219724,9
1622,107,27,62,14,4.391179408385257,13
1623,111,20,86,8,4.3910837466552355,12
1624,51,26,43,12,4.390788502279346,14
1625,84,14,19,6,4.3897904086968005,8
1626,65,23,76,9,4.385586505985178,14
1627,11,10,34,5,4.381561363587702,5
1628,87,24,49,12,4.380791657180537,12
1629,87,33,25,15,4.379098196808542,18
1630,16,22,108,9,4.375459621458664,13
1631,60,13,98,6,4.372454949323835,7
1632,85,12,51,6,4.372397467367473,6
1633,55,24,9,10,4.371040618945099,14
1634,55,13,58,6,4.369004483506264,7
1635,40,23,23,10,4.368423326803309,13
1636,15,23,107,8,4.368401053922579,15
1637,33,13,11,7,4.365968233102095,6
1638,13,60,46,25,4.3609508107508175,35
1639,64,31,71,12,4.35947313780117,19
1640,104,31,54,14,4.355933806560286,17
1641,47,24,88,11,4.347102674354304,13
1642,65,16,6,7,4.346168811124812,9
1643,70,29,65,11,4.343984179663613,18
1644,60,12,22,5,4.334241842742782,7
1645,95,19,41,8,4.332143979792177,11
1646,8,64,87,28,4.329007020305179,36
1647,98,23,37,10,4.327931130640237,13
1648,4,22,40,10,4.316643149060896,12
1649,70,14,71,7,4.315612188206775,7
1650,97,23,17,10,4.3134285513049555,13
1651,17,19,20,8,4.3112321942034,11
1652,50,10,52,5,4.308197298973349,5
1653,16,42,71,17,4.305176391927468,25
1654,20,22,109,8,4.302333411252667,14
1655,106,27,53,13,4.302319600135898,14
1656,25,28,54,12,4.300413553073274,16
1657,7,22,38,10,4.300171500471753,12
1658,20,21,44,9,4.299103845073809,12
1659,30,30,54,13,4.29530490019164,17
1660,20,63,54,30,4.290782184792432,33
1661,19,10,3,4,4.287838931107966,6
1662,100,11,94,4,4.28648027283231,7
1663,86,54,104,24,4.27625100960502,30
1664,9,27,54,12,4.272544772651765,15
1665,33,12,96,7,4.271042933020869,5
1666,103,16,16,7,4.27064958267566,9
1667,91,30,107,12,4.264126621091653,18
1668,23,33,87,13,4.256680488948144,20
1669,104,17,80,8,4.256665633473226,9
1670,28,23,100,9,4.248332726114694,14
1671,9,12,29,5,4.247154248113977,7
1672,106,14,34,7,4.243674039664675,7
1673,31,12,74,5,4.240578281890586,7
1674,109,16,65,5,4.2330518085976205,11
1675,71,11,44,5,4.223524348839462,6
1676,4,19,18,8,4.220670692754494,11
1677,87,21,31,10,4.220659397575877,11
1678,86,59,46,23,4.218640718519183,36
1679,41,41,68,18,4.207626519911898,23
1680,65,56,36,24,4.205692860728479,32
1681,15,11,40,5,4.201647176656486,6
1682,23,18,100,7,4.197161790157007,11
1683,7,14,48,7,4.194687020035504,7
1684,76,16,102,7,4.19261584037067,9
1685,30,13,109,5,4.185496549607356,8
1686,23,27,25,12,4.182190113226028,15
1687,80,18,7,7,4.182061930373814,11
1688,86,29,62,13,4.168140003828563,16
1689,60,10,62,4,4.155747625311636,6
1690,96,13,3,6,4.149840606440919,7
1691,99,12,17,5,4.14837583337694,7
1692,88,61,68,26,4.146986844469407,35
1693,20,13,73,5,4.146065391689569,8
1694,13,28,77,12,4.1425538330063505,16
1695,53,47,71,20,4.141303557057986,27
1696,3,29,87,12,4.14016519723393,17
1697,100,15,62,7,4.138737945522874,8
1698,11,11,69,4,4.13792149131312,7
1699,71,11,20,4,4.13643055739397,7
1700,76,32,104,13,4.1357118218948905,19
1701,45,22,65,11,4.1259231703887,11
1702,28,31,102,14,4.125433119952879,17
1703,29,24,107,8,4.11282325489859,16
1704,93,14,109,6,4.103558953267082,8
1705,83,20,93,9,4.100880722204593,11
1706,20,24,35,10,4.098728722002914,14
1707,87,21,97,8,4.089970328864312,13
1708,36,11,19,5,4.088590218421688,6
1709,74,22,50,10,4.086243740312162,12
1710,27,14,94,6,4.0858815995974185,8
1711,86,117,5,51,4.074944655375778,66
1712,87,38,60,18,4.07068260924909,20
1713,43,10,95,4,4.063398320607949,6
1714,51,13,38,5,4.063140921851932,8
1715,34,10,38,4,4.0610942900478735,6
1716,51,27,69,11,4.050423840769316,16
1717,32,10,40,5,4.050021677419869,5
1718,7,21,50,10,4.045740478776832,11
1719,1,10,43,5,4.038976715758721,5
1720,9,18,38,8,4.035727579019442,10
1721,71,13,47,6,4.030916530509353,7
1722,104,44,51,17,4.0154244082227635,27
1723,8,20,110,8,4.013172679497404,12
1724,55,36,54,17,4.011039158800403,19
1725,84,22,29,10,4.010792122781037,12
1726,66,12,31,5,4.008754872558654,7
1727,16,109,86,47,3.991645400804286,62
1728,96,12,14,5,3.975747798085754,7
1729,74,24,93,11,3.9601017688790825,13
1730,65,34,17,13,3.9540701507148905,21
1731,88,50,104,21,3.9536343834384886,29
1732,27,27,39,14,3.9499684497300813,13
1733,6,11,40,5,3.9442678680230823,6
1734,13,33,1,13,3.9436595279590816,20
1735,3,11,93,6,3.9394735942906975,5
1736,80,10,97,4,3.9365866928471034,6
1737,97,35,16,16,3.9340820840887147,19
1738,57,11,50,4,3.9290278222481443,7
1739,5,28,2,12,3.923277825320168,16
1740,37,38,70,16,3.9227382855891664,22
1741,27,14,57,7,3.917684721013121,7
1742,89,13,86,7,3.91749283769541,6
1743,13,77,107,35,3.914079646733591,42
1744,60,21,96,7,3.912428069824762,14
1745,79,13,54,5,3.90846253808764,8
1746,98,19,49,9,3.906322793569991,10
1747,102,26,37,11,3.9015784283610255,15
1748,28,23,57,10,3.897117570901977,13
1749,18,13,20,5,3.8928283548315483,8
1750,55,44,11,18,3.8920841591670343,26
1751,76,13,62,6,3.8913968956310088,7
1752,11,15,17,7,3.886158778436342,8
1753,51,44,46,19,3.8852508517734274,25
1754,28,27,17,12,3.885054779321747,15
1755,30,11,108,5,3.8822679511938505,6
1756,18,13,98,7,3.8754830902904014,6
1757,95,36,87,16,3.86940077356921,20
1758,108,11,68,5,3.868849039567309,6
1759,41,25,114,12,3.854494902198664,13
1760,65,34,111,14,3.8475275648066685,20
1761,46,50,54,22,3.846547643547206,28
1762,28,11,31,5,3.8453747580936164,6
1763,18,23,31,11,3.843025830767866,12
1764,20,26,7,12,3.839940256500117,14
1765,38,13,46,5,3.833859769343221,8
1766,91,26,13,12,3.831748260733109,14
1767,30,38,87,17,3.8298987122526285,21
1768,70,30,51,14,3.8297117807076555,16
1769,44,16,87,7,3.8267549460576484,9
1770,60,12,66,4,3.826632219817407,8
1771,4,11,3,5,3.825046392091852,6
1772,44,14,64,6,3.8242226428845654,8
1773,55,21,4,10,3.821660634263142,11
1774,49,10,3,4,3.8208441036339096,6
1775,5,28,91,11,3.8146250930665166,17
1776,110,16,5,7,3.8138584796050923,9
1777,20,13,104,5,3.7974160411444706,8
1778,19,11,86,5,3.7947428736900832,6
1779,80,13,60,6,3.7883602235098173,7
1780,94,12,37,5,3.788108137633396,7
1781,7,10,93,5,3.7802315490169653,5
1782,104,74,65,34,3.778164926289779,40
1783,107,48,23,22,3.7778307981128205,26
1784,104,13,92,7,3.7768187223532306,6
1785,63,19,4,8,3.775833657808686,11
1786,16,90,65,39,3.773083718958002,51
1787,15,22,54,11,3.7704013204125926,11
1788,61,11,86,5,3.7696501037689543,6
1789,13,69,40,31,3.7693846533253215,38
1790,47,13,15,6,3.7602698343279473,7
1791,68,26,70,12,3.755829833027379,14
1792,51,33,109,12,3.752003613096799,21
1793,18,55,53,25,3.751842811643862,30
1794,34,14,48,7,3.7470296454732144,7
1795,19,12,30,5,3.7438637762244333,7
1796,53,42,40,19,3.7429391558119995,23
1797,78,21,63,10,3.742726093893203,11
1798,1,13,4,5,3.736039087851971,8
1799,86,65,25,30,3.735239092039536,35
1800,43,23,94,11,3.7344951979764764,12
1801,39,17,81,7,3.728914203220537,10
1802,89,14,60,7,3.7237634526579124,7
1803,16,31,27,13,3.7151603873312817,18
1804,15,21,5,8,3.714734226349825,13
1805,106,17,43,8,3.7068539679712273,9
1806,60,25,28,13,3.7035703279957386,12
1807,39,48,53,21,3.6851162429567523,27
1808,114,37,51,18,3.6824882422691596,19
1809,34,19,55,9,3.680955248563573,10
1810,101,14,68,5,3.6742625668258913,9
1811,71,12,27,5,3.672482180614424,7
1812,80,25,87,11,3.671802865102301,14
1813,108,26,51,12,3.669690549423147,14
1814,9,11,19,5,3.6655477701213575,6
1815,97,33,96,16,3.657438935158263,17
1816,53,11,100,5,3.656950058764998,6
1817,63,22,23,9,3.656375723040438,13
1818,90,10,71,5,3.6561036030201253,5
1819,107,21,32,10,3.6546977761524686,11
1820,109,15,9,8,3.6538651478462696,7
1821,86,35,112,15,3.6519339014109726,20
1822,17,11,18,6,3.651905683853181,5
1823,23,47,65,22,3.6506323242088645,25
1824,27,13,50,5,3.6503401008022798,8
1825,16,19,2,8,3.6499962386684337,11
1826,14,10,70,5,3.647042134114848,5
1827,86,31,78,14,3.642308652486703,17
1828,75,14,108,6,3.6340908116173014,8
1829,43,19,18,10,3.6267699505365183,9
1830,80,26,28,12,3.6230809501897743,14
1831,55,13,94,6,3.6120696685756317,7
1832,102,13,91,6,3.5942640564526322,7
1833,65,28,112,12,3.591244371403726,16
1834,58,13,71,6,3.5901555481142546,7
1835,97,10,95,4,3.58943247133478,6
1836,20,50,28,22,3.578415489537416,28
1837,33,12,23,5,3.5712223539857573,7
1838,81,15,3,6,3.5653849933326986,9
1839,41,25,69,9,3.5647588534800043,16
1840,64,11,33,4,3.5581108018586245,7
1841,7,90,86,38,3.5577462755235447,52
1842,28,19,36,9,3.5549996153541237,10
1843,23,13,57,6,3.554408044637193,7
1844,30,13,4,6,3.554167963462701,7
1845,19,12,69,5,3.5540775330167818,7
1846,28,27,76,13,3.5440767696346986,14
1847,40,65,36,28,3.5400829247343655,37
1848,88,26,69,11,3.536532050456282,15
1849,44,15,7,7,3.5352660207554516,8
1850,77,19,65,9,3.534105304893679,10
1851,93,17,25,8,3.5300397889756283,9
1852,20,17,76,9,3.5278207011714735,8
1853,69,10,112,4,3.527660534140111,6
1854,63,18,43,8,3.524851733785241,10
1855,16,39,17,15,3.5193037187836715,24
1856,8,38,104,17,3.50734140656749,21
1857,49,10,33,4,3.5057518320537766,6
1858,74,16,23,7,3.505315761927058,9
1859,1,12,39,7,3.502316135418237,5
1860,49,18,63,8,3.500149915800845,10
1861,50,26,9,11,3.4989626487903873,15
1862,97,36,114,16,3.4948097299506915,20
1863,62,13,36,6,3.489528327052378,7
1864,36,30,51,14,3.4874600225025074,16
1865,12,18,71,8,3.487442945948432,10
1866,25,20,70,9,3.484518115943736,11
1867,55,16,18,8,3.4810467173744706,8
1868,96,57,54,28,3.4766133859583515,29
1869,23,10,81,4,3.474530372802633,6
1870,73,14,16,7,3.4738693799097953,7
1871,74,60,5,28,3.469996146708342,32
1872,106,49,51,22,3.457607975311814,27
1873,11,27,20,11,3.4556419496334594,16
1874,33,23,5,11,3.454327509177194,12
1875,37,21,23,10,3.453043705748743,11
1876,68,25,46,11,3.449465987108053,14
1877,76,28,55,11,3.4438952481653065,17
1878,60,58,40,26,3.4423663485116363,32
1879,114,29,39,14,3.441117211126096,15
1880,13,87,51,41,3.4406258125798193,46
1881,102,31,25,14,3.4382241991917164,17
1882,4,12,37,5,3.421871703775507,7
1883,17,11,36,6,3.4172736451567545,5
1884,104,26,98,14,3.4091853213510754,12
1885,55,29,84,13,3.40123055779696,16
1886,4,13,28,6,3.3940824912486867,7
1887,73,10,104,4,3.391491099464731,6
1888,39,48,55,21,3.389422612270981,27
1889,19,13,88,6,3.388300396354987,7
1890,60,28,9,11,3.384232112219374,17
1891,36,28,55,13,3.383336577257353,15
1892,73,15,98,7,3.380055365181917,8
1893,77,11,3,4,3.3795584613523015,7
1894,100,13,44,6,3.3720452657314226,7
1895,107,56,55,26,3.3696189355898034,30
1896,40,17,20,7,3.3649339637959645,10
1897,54,25,97,12,3.3648153427656755,13
1898,14,23,8,10,3.3634201583462158,13
1899,16,24,47,11,3.3618794644533074,13
1900,54,12,3,6,3.355227899021248,6
1901,88,30,70,13,3.3524090493184278,17
1902,83,10,20,5,3.3478898251644025,5
1903,40,15,91,7,3.345577169162442,8
1904,16,47,70,20,3.3445553948476245,27
1905,75,13,33,5,3.342736023465548,8
1906,54,20,98,9,3.3414082574982986,11
1907,68,13,5,6,3.3380294056441144,7
1908,71,13,76,7,3.3359186512389036,6
1909,41,19,50,8,3.331657114556134,11
1910,97,16,84,6,3.316428205809935,10
1911,60,31,75,14,3.3139158628036856,17
1912,86,11,66,5,3.3092941516234364,6
1913,28,12,15,6,3.3076634264923883,6
1914,28,29,48,13,3.3030143286202387,16
1915,104,60,5,28,3.3007473735225052,32
1916,16,74,8,32,3.2995823254465315,42
1917,87,90,107,41,3.288070496766815,49
1918,86,22,77,9,3.2823901554620134,13
1919,107,22,47,10,3.281473065538477,12
1920,60,49,86,22,3.275471722293173,27
1921,114,13,67,6,3.2746706512348434,7
1922,70,14,93,6,3.271451863431868,8
1923,13,114,7,52,3.2643026156976367,62
1924,28,56,54,25,3.2622780281799852,31
1925,76,14,95,6,3.2576515088397957,8
1926,7,24,74,9,3.257493143792888,15
1927,84,14,95,6,3.2568961944145873,8
1928,114,47,25,20,3.2540864225169766,27
1929,68,15,6,6,3.251551578791195,9
1930,41,45,16,22,3.2495789716339614,23
1931,68,18,8,8,3.2434866605613233,10
1932,99,25,60,11,3.2381944591027096,14
1933,107,49,36,23,3.234838704648264,26
1934,56,10,97,5,3.231426212036921,5
1935,2,21,87,9,3.2308938185741103,12
1936,16,18,35,7,3.2305329948687067,11
1937,4,21,16,11,3.2239938149007976,10
1938,23,55,7,25,3.2229283053761675,30
1939,97,29,63,13,3.2191950537106915,16
1940,55,39,28,16,3.2184704312839787,23
1941,9,11,100,4,3.213107615631006,7
1942,64,19,23,9,3.212372911598019,10
1943,17,16,74,7,3.211770551027832,9
1944,50,19,97,8,3.210625734622642,11
1945,60,47,31,24,3.2094707274879264,23
1946,84,15,60,5,3.2064037329190676,10
1947,106,28,17,11,3.2039846830051117,17
1948,44,12,76,5,3.2019945343572473,7
1949,36,41,39,18,3.1998605067578225,23
1950,55,49,5,22,3.1989531771818034,27
1951,68,14,81,6,3.1985312995714845,8
1952,88,61,5,29,3.1946532218196624,32
1953,37,54,50,26,3.188335276013606,28
1954,83,25,65,12,3.1850517665827933,13
1955,43,32,7,13,3.1749602918386857,19
1956,106,25,60,10,3.171261503808182,15
1957,110,16,86,7,3.1694821197260503,9
1958,90,14,74,5,3.1680613510289204,9
1959,13,17,62,8,3.1612952767397977,9
1960,68,36,1,16,3.1610454054119037,20
1961,86,21,82,9,3.1586560919846263,12
1962,75,23,23,12,3.1487336010920157,11
1963,39,49,49,21,3.144181923934282,28
1964,112,11,43,5,3.1359235341148524,6
1965,43,15,19,6,3.135211765075676,9
1966,36,11,80,5,3.115857421175661,6
1967,25,25,17,11,3.1106502600539105,14
1968,50,24,4,12,3.110559237136959,12
1969,63,91,86,38,3.106277287763664,53
1970,109,25,106,12,3.1028448270841773,13
1971,92,15,60,6,3.101629065738582,9
1972,74,13,27,7,3.1002755903304404,6
1973,99,14,68,6,3.1001036150844663,8
1974,64,10,91,4,3.0993479020870796,6
1975,30,26,68,13,3.090420567188214,13
1976,76,26,11,11,3.0870761355979353,15
1977,45,14,87,6,3.0862202973256596,8
1978,74,40,63,19,3.0803940829456544,21
1979,74,11,41,6,3.0735662157516845,5
1980,75,30,25,13,3.069551733540898,17
1981,20,22,55,10,3.0673393388469985,12
1982,60,40,114,22,3.0670908685799034,18
1983,71,18,25,8,3.0644100067848146,10
1984,16,21,29,10,3.0641104333581013,11
1985,48,14,55,6,3.06362691776684,8
1986,71,42,86,20,3.060669361739169,22
1987,38,13,96,6,3.0422152322461717,7
1988,25,39,65,16,3.0368934823131175,23
1989,62,10,3,4,3.036878886842652,6
1990,65,16,49,7,3.034256149542809,9
1991,27,12,99,6,3.0280763102634354,6
1992,86,86,84,42,3.02781032605717,44
1993,6,18,107,8,3.015007816482983,10
1994,86,107,87,53,3.0145371966175083,54
1995,6,27,7,15,3.013941061604383,12
1996,7,16,29,9,3.005492860131707,7
1997,20,47,37,22,3.004985214474966,25
1998,78,22,60,11,3.004783076060726,11
1999,96,14,34,6,3.0017630147825622,8
2000,4,11,69,5,2.999484176661719,6
2001,27,10,18,5,2.996654278290002,5
2002,38,17,60,7,2.989624968675235,10
2003,100,25,7,11,2.9877637593718034,14
2004,112,15,94,6,2.986690933398207,9
2005,15,21,68,9,2.975870120390012,12
2006,84,36,106,18,2.9754739608250116,18
2007,36,32,4,13,2.9739066740354185,19
2008,107,26,112,12,2.9722716119302315,14
2009,2,21,37,10,2.9697580112694486,11
2010,28,14,78,7,2.9690904453024123,7
2011,47,11,53,5,2.9672181618537916,6
2012,25,18,57,8,2.964934950553875,10
2013,114,23,46,10,2.9631435316072405,13
2014,80,16,8,8,2.9519293865537115,8
2015,18,20,65,10,2.9468351166959534,10
2016,41,32,40,15,2.9467288085082743,17
2017,30,17,76,7,2.9372015853586086,10
2018,51,46,41,21,2.936364197537186,25
2019,36,20,87,8,2.935573250897663,12
2020,61,15,3,8,2.934761403571649,7
2021,8,24,100,10,2.9246971191484064,14
2022,9,31,63,14,2.9234885327226108,17
2023,104,17,3,8,2.9220117965847496,9
2024,74,82,86,39,2.921287780715151,43
2025,102,19,106,10,2.9207255392565097,9
2026,25,12,108,5,2.9132670669268244,7
2027,7,15,79,7,2.9111710091731053,8
2028,91,19,37,9,2.9050960547005245,10
2029,71,13,108,6,2.8992906212622866,7
2030,45,10,112,4,2.897726145007348,6
2031,44,10,70,5,2.8975248911261433,5
2032,13,71,55,33,2.8959426272282824,38
2033,75,24,74,10,2.8903655619324433,14
2034,85,11,65,5,2.888798069516538,6
2035,85,13,16,5,2.881350637135497,8
2036,63,23,60,10,2.8746236800640075,13
2037,27,21,75,10,2.874214711599615,11
2038,87,21,69,9,2.873665118536541,12
2039,87,42,20,20,2.8691206159340576,22
2040,46,23,63,12,2.867241869896345,11
2041,15,25,65,11,2.8623549532831603,14
2042,14,14,13,5,2.860640889165117,9
2043,39,35,104,16,2.8536678809946237,19
2044,51,18,99,9,2.853477797374065,9
2045,73,16,96,7,2.8534303980093814,9
2046,68,17,57,8,2.851869956940863,9
2047,7,27,17,12,2.851329390836829,15
2048,74,20,18,10,2.84961422222247,10
2049,97,13,33,6,2.8486496222061595,7
2050,54,50,51,23,2.848646635461055,27
2051,28,13,44,7,2.8461398630992765,6
2052,46,24,76,11,2.8453201116747953,13
2053,23,13,104,5,2.8445076862849494,8
2054,95,19,23,9,2.8404436396815522,10
2055,104,33,74,14,2.8329598216365466,19
2056,53,23,81,10,2.832269045840245,13
2057,40,14,109,6,2.8243745319718676,8
2058,16,21,38,8,2.8217292489636367,13
2059,18,13,71,6,2.821320109059578,7
2060,64,13,47,5,2.8212403790572256,8
2061,39,12,98,5,2.8139572577793732,7
2062,65,17,48,7,2.813018636762518,10
2063,1,32,36,16,2.8095303452930684,16
2064,99,15,41,7,2.8081672918617278,8
2065,106,14,112,7,2.805082024542767,7
2066,29,14,54,7,2.799406704814975,7
2067,50,20,109,9,2.7980846162026616,11
2068,4,25,114,12,2.797376255941943,13
2069,9,43,86,19,2.7938250291777984,24
2070,7,26,1,12,2.7932054952385035,14
2071,100,13,36,6,2.7923934619121087,7
2072,9,15,97,8,2.7891659901703596,7
2073,28,31,91,14,2.785819668061851,17
2074,5,11,10,6,2.7716738654503197,5
2075,38,11,40,6,2.7715520430648577,5
2076,5,17,77,8,2.765837567194589,9
2077,86,99,28,44,2.7627265154997587,55
2078,86,79,8,39,2.762520741926733,40
2079,18,31,60,14,2.7592417090229198,17
2080,63,23,112,11,2.746965390570722,12
2081,112,12,8,6,2.740736306324458,6
2082,97,22,104,11,2.7396377781056174,11
2083,99,12,63,6,2.7377253409939364,6
2084,65,50,106,23,2.735321183024918,27
2085,75,12,34,6,2.7327928404854553,6
2086,55,53,88,22,2.721264805593774,31
2087,104,31,70,14,2.720810924975006,17
2088,11,50,28,24,2.7199624016130106,26
2089,95,11,80,5,2.7197438471090796,6
2090,49,16,70,8,2.713121422106841,8
2091,34,31,107,13,2.7058610908504805,18
2092,11,40,88,18,2.687792397272841,22
2093,65,40,71,17,2.686780335165667,23
2094,13,11,35,5,2.684594978225239,6
2095,90,17,17,9,2.680753861205159,8
2096,39,25,5,12,2.679132217269287,13
2097,25,17,44,8,2.673535476281759,9
2098,95,18,75,8,2.672802736686619,10
2099,16,89,13,39,2.6688051579681176,50
2100,114,25,74,12,2.666972342657447,13
2101,19,13,98,7,2.664848401043938,6
2102,7,49,27,23,2.6647214457148465,26
2103,47,10,76,7,2.6595736051653853,3
2104,74,13,91,6,2.658254293210725,7
2105,92,29,88,13,2.6541256559252315,16
2106,57,13,36,5,2.6531160901053807,8
2107,53,48,65,23,2.651912649859134,25
2108,30,24,8,11,2.6514132136935467,13
2109,23,43,86,20,2.6484576158238533,23
2110,30,21,37,9,2.6448172779185537,12
2111,16,60,5,25,2.6435184456824317,35
2112,88,17,6,8,2.6434018871915526,9
2113,33,14,95,6,2.641545389608455,8
2114,54,15,72,7,2.6412935569868567,8
2115,10,10,106,3,2.639964127087712,7
2116,110,13,54,6,2.63588490299345,7
2117,17,30,39,13,2.6347382750427313,17
2118,15,10,11,5,2.6300755291525655,5
2119,91,36,86,17,2.627461430980282,19
2120,11,12,41,4,2.61594797809933,8
2121,75,28,64,13,2.6143964254367047,15
2122,76,13,2,5,2.6134640032331116,8
2123,11,16,40,7,2.6127959858163616,9
2124,93,20,86,9,2.6126285193850958,11
2125,40,29,1,13,2.608102727316189,16
2126,85,25,107,12,2.601380149286502,13
2127,36,23,91,10,2.600483205457648,13
2128,13,23,78,10,2.5954318163057004,13
2129,40,19,27,11,2.5947052105553365,8
2130,39,23,31,10,2.5934090452929373,13
2131,1,10,109,5,2.5929606771402254,5
2132,86,33,18,14,2.5923706641316473,19
2133,71,25,87,12,2.5901035214218346,13
2134,104,50,7,23,2.5854072339864183,27
2135,27,42,68,19,2.5837429660381246,23
2136,69,14,71,7,2.5823526075537777,7
2137,94,21,107,8,2.5762275157795074,13
2138,69,13,3,5,2.5732249505733895,8
2139,50,50,107,24,2.5656690703128167,26
2140,92,13,87,6,2.565186954563254,7
2141,28,43,51,21,2.5635290356109595,22
2142,107,33,46,16,2.5628983955997287,17
2143,83,10,63,6,2.557624644664858,4
2144,86,14,14,7,2.5565201304900333,7
2145,51,16,83,6,2.5563009225954785,10
2146,73,19,1,8,2.55342910039073,11
2147,7,74,36,34,2.5493587507973596,40
2148,64,20,38,9,2.5449420802693483,11
2149,57,23,41,10,2.5447184483511487,13
2150,111,11,60,4,2.535604443502029,7
2151,39,50,60,24,2.5355246842136103,26
2152,20,20,95,9,2.532527406942274,11
2153,36,33,9,15,2.5279240780374668,18
2154,8,45,51,21,2.5271962911391,24
2155,29,11,27,3,2.5271007424709833,8
2156,39,18,4,8,2.5267698999647226,10
2157,39,32,50,15,2.5245695496572065,17
2158,80,34,54,17,2.5244394841569355,17
2159,12,15,36,7,2.516319942513749,8
2160,75,43,55,18,2.5125301308500267,25
2161,106,37,96,16,2.50842381050559,21
2162,88,70,51,36,2.506363518676434,34
2163,37,18,109,8,2.501013404341532,10
2164,65,20,3,9,2.497136850038322,11
2165,18,11,111,5,2.4899108726358863,6
2166,95,30,39,14,2.481130681096554,16
2167,28,56,65,25,2.4769767424290405,31
2168,7,61,9,30,2.475604646115282,31
2169,4,17,81,7,2.4678124777063273,10
2170,87,40,74,18,2.4671563114027473,22
2171,74,17,69,9,2.4664972820824542,8
2172,88,72,107,32,2.4608917089958973,40
2173,28,20,3,9,2.4595531898392906,11
2174,32,10,50,6,2.444054190716271,4
2175,96,31,88,15,2.4406464912019903,16
2176,12,18,86,8,2.4382543520920796,10
2177,55,39,106,17,2.438139246666604,22
2178,107,37,64,18,2.435414553814307,19
2179,49,15,77,6,2.434695248963018,9
2180,14,19,51,7,2.4338441230915158,12
2181,91,20,75,13,2.432369433261267,7
2182,60,22,1,10,2.423776138406996,12
2183,19,10,46,4,2.4222799818056533,6
2184,109,11,99,5,2.4195174025010595,6
2185,107,46,25,22,2.4187485647838765,24
2186,94,17,54,8,2.418369665890047,9
2187,71,35,39,16,2.4158892555534424,19
2188,65,11,92,5,2.4112859752548714,6
2189,8,33,93,16,2.4111455321691304,17
2190,47,24,51,12,2.409457368099758,12
2191,68,21,38,9,2.4070210829507572,12
2192,9,18,69,8,2.405000245398061,10
2193,20,26,80,12,2.4033351571638564,14
2194,56,10,8,4,2.40008605471798,6
2195,46,38,28,16,2.3990178798165633,22
2196,29,22,87,9,2.39272206443853,13
2197,17,17,63,8,2.3925163886016922,9
2198,83,22,87,11,2.390357141943488,11
2199,111,12,8,6,2.390343846489095,6
2200,104,40,95,18,2.3890342183876085,22
2201,4,21,71,8,2.3871750117365993,13
2202,96,25,104,11,2.3866419839158346,14
2203,75,13,56,5,2.3840139649043497,8
2204,13,31,17,14,2.381148580557736,17
2205,8,23,17,11,2.3808090982416816,12
2206,71,40,107,17,2.3760609676092463,23
2207,68,21,17,9,2.3748596984894568,12
2208,7,106,68,49,2.372479004873661,57
2209,8,55,96,25,2.371439357092425,30
2210,50,19,112,8,2.3689643473531756,11
2211,40,24,50,10,2.3671440474550507,14
2212,7,19,70,7,2.364945757295021,12
2213,63,46,39,18,2.3626947638130473,28
2214,99,23,5,11,2.3616219022642833,12
2215,8,51,11,23,2.3603163454829668,28
2216,96,14,109,6,2.3566759619593642,8
2217,4,36,31,15,2.3535355966794667,21
2218,107,58,37,27,2.3520883092822165,31
2219,6,13,50,6,2.3414923323310646,7
2220,29,16,86,7,2.3399676619619445,9
2221,25,28,53,14,2.3301510854690854,14
2222,109,51,5,25,2.3285813949081655,26
2223,50,23,64,11,2.3285304422785047,12
2224,104,21,102,11,2.320627297470276,10
2225,3,26,60,12,2.318286691403535,14
2226,88,32,91,15,2.315767764685104,17
2227,65,39,12,19,2.311622607173605,20
2228,109,17,48,8,2.306624480190798,9
2229,58,12,50,6,2.3033767529431137,6
2230,109,22,102,10,2.3031948555261113,12
2231,23,13,109,6,2.301790643179129,7
2232,86,21,32,10,2.2989864902239003,11
2233,68,16,109,6,2.2985123206238915,10
2234,97,33,65,15,2.2943542233121987,18
2235,100,24,5,11,2.2932427434044684,13
2236,114,18,45,8,2.292094813707232,10
2237,106,13,4,7,2.287883468044352,6
2238,37,46,74,22,2.283869095408045,24
2239,63,38,114,15,2.2836807270192585,23
2240,88,20,35,10,2.2787018333731495,10
2241,80,16,71,8,2.275392383804814,8
2242,61,10,31,5,2.2696136748473603,5
2243,28,66,96,31,2.267406944603933,35
2244,85,12,7,5,2.2672729351147445,7
2245,106,45,88,19,2.2639858690375614,26
2246,95,30,25,14,2.25397314365567,16
2247,69,13,20,6,2.253225234520165,7
2248,41,14,54,7,2.251101436056138,7
2249,13,88,65,40,2.248793724489893,48
2250,88,38,4,18,2.2459217004175493,20
2251,70,10,27,5,2.243263258457552,5
2252,7,18,11,8,2.239320590268621,10
2253,87,35,104,18,2.2393020839894087,17
2254,90,16,25,7,2.2261576936837058,9
2255,34,18,16,8,2.225189084516706,10
2256,88,11,33,6,2.22422094342155,5
2257,98,13,99,7,2.2212581677933785,6
2258,8,84,55,42,2.2123521211081862,42
2259,5,50,96,22,2.2114271922507607,28
2260,60,63,88,28,2.2053487740970454,35
2261,107,50,106,24,2.1993074270722803,26
2262,62,20,39,10,2.1906158630571078,10
2263,31,10,54,5,2.186668926147148,5
2264,8,64,74,28,2.186622040651489,36
2265,65,12,94,5,2.184333051857134,7
2266,63,36,11,15,2.1843034251555355,21
2267,27,21,87,10,2.182191127775442,11
2268,63,26,70,12,2.1813121472430437,14
2269,84,16,93,8,2.173203038685072,8
2270,33,11,39,5,2.170155887452032,6
2271,86,75,54,36,2.1689438842347455,39
2272,16,31,84,15,2.166724934437137,16
2273,88,14,74,5,2.165363961250821,9
2274,102,22,74,10,2.1384304011801047,12
2275,34,13,76,7,2.1338119769299593,6
2276,35,16,43,8,2.1256405181906697,8
2277,37,26,84,12,2.124049904647881,14
2278,3,17,57,8,2.122949214466386,9
2279,94,13,69,6,2.120651277389855,7
2280,53,11,70,5,2.117480208536356,6
2281,65,38,37,19,2.116557677432621,19
2282,1,20,64,10,2.1164326209593654,10
2283,74,12,33,6,2.113811361820999,6
2284,12,11,38,5,2.110101843923071,6
2285,83,34,55,17,2.0962093979720215,17
2286,97,22,8,11,2.094799206270941,11
2287,17,12,91,5,2.0932516032559634,7
2288,88,55,28,25,2.0851563159512976,30
2289,74,47,65,23,2.0847963525870914,24
2290,82,10,63,5,2.077975861296688,5
2291,79,12,88,5,2.064245316960763,7
2292,10,18,84,8,2.063620703643851,10
2293,86,45,90,20,2.0574221764428238,25
2294,64,15,100,6,2.0561568014720986,9
2295,65,31,80,15,2.0509198465423397,16
2296,93,21,88,9,2.047097578055209,12
2297,64,31,39,14,2.043169723980909,17
2298,40,63,51,30,2.042925681102903,33
2299,18,34,51,17,2.042743355152735,17
2300,90,24,60,10,2.0397275719261816,14
2301,12,21,39,10,2.036046827182587,11
2302,100,19,74,9,2.03594794458151,10
2303,89,14,88,7,2.0354634990614118,7
2304,58,12,63,7,2.0345686518653676,5
2305,55,11,79,5,2.0315889229013426,6
2306,91,14,114,7,2.0312426341433967,7
2307,32,11,13,5,2.026181507027534,6
2308,75,30,87,14,2.0247725005088753,16
2309,8,36,90,16,2.0194647820717804,20
2310,83,22,97,12,2.007636873207567,10
2311,16,87,28,40,2.003836691762287,47
2312,69,24,7,12,1.9945381002011566,12
2313,104,15,112,7,1.99393597279257,8
2314,13,38,50,18,1.9937674166002914,20
2315,70,55,86,25,1.9917052888221574,30
2316,53,19,4,9,1.987694792892671,10
2317,28,38,25,16,1.9833898911599184,22
2318,95,28,53,11,1.9769373995573185,17
2319,64,15,15,8,1.9745380862871305,7
2320,41,18,76,10,1.9724048364464457,8
2321,28,52,109,23,1.9670439498401109,29
2322,50,11,35,5,1.9581460146246747,6
2323,78,12,71,6,1.95458083263832,6
2324,36,34,64,17,1.9485056781764598,17
2325,25,20,55,9,1.9429576796619945,11
2326,23,14,31,6,1.9392936999416424,8
2327,110,13,104,5,1.9388474450810558,8
2328,32,10,98,5,1.9380052263831626,5
2329,108,29,107,14,1.93594750712145,15
2330,20,19,30,9,1.9352963119709488,10
2331,23,14,97,7,1.9330528734436567,7
2332,87,38,84,18,1.9318820493391857,20
2333,70,19,40,8,1.9276789997691202,11
2334,114,56,86,27,1.9239569797033826,29
2335,114,21,18,10,1.923577249757446,11
2336,53,43,64,20,1.921457820047301,23
2337,51,69,68,35,1.9212203439624451,34
2338,70,21,41,11,1.919847111480952,10
2339,99,11,76,6,1.9173589523208343,5
2340,97,32,106,16,1.9159665785715099,16
2341,110,11,17,5,1.9155371371930665,6
2342,79,10,29,6,1.915342819436632,4
2343,13,23,72,12,1.9088240128305705,11
2344,14,13,88,6,1.902096229341471,7
2345,43,29,65,15,1.9015147557652614,14
2346,20,35,106,16,1.890590591428699,19
2347,25,23,64,11,1.8857238852847684,12
2348,2,41,8,20,1.8848654476169697,21
2349,8,14,79,8,1.8787453444383122,6
2350,107,48,68,22,1.8731227489747677,26
2351,17,26,54,13,1.867393134138254,13
2352,37,95,5,46,1.8654288703425719,49
2353,1,12,112,7,1.8601342085761723,5
2354,38,25,13,13,1.856740998480053,12
2355,87,61,106,30,1.856632619724249,31
2356,68,19,49,9,1.8557521090513989,10
2357,53,22,97,10,1.849246682219108,12
2358,108,16,74,7,1.841894266656678,9
2359,114,30,20,14,1.8395405662544742,16
2360,84,38,96,19,1.8356486827006797,19
2361,87,28,64,14,1.8322246607811448,14
2362,39,30,3,15,1.830220006872888,15
2363,54,20,49,10,1.829154265922774,10
2364,74,29,13,14,1.8278354237299064,15
2365,106,11,3,5,1.8270221877820192,6
2366,44,13,114,6,1.8263733365516701,7
2367,102,13,99,6,1.8212893413036875,7
2368,71,11,109,5,1.8196417828202216,6
2369,79,18,28,8,1.8130893193426152,10
2370,40,18,111,9,1.8104998545748818,9
2371,29,12,8,5,1.8103420658743294,7
2372,36,22,25,11,1.8071440138268557,11
2373,27,15,43,8,1.8001576129442611,7
2374,37,25,90,12,1.7816453937181782,13
2375,102,13,84,6,1.779322402529277,7
2376,104,62,16,29,1.778027708852634,33
2377,109,21,76,11,1.7708841969163662,10
2378,88,11,110,6,1.7642228121429866,5
2379,15,13,20,6,1.759070149742339,7
2380,49,54,13,27,1.754775255922876,27
2381,84,26,70,12,1.7530345342228948,14
2382,4,31,68,15,1.751066192618154,16
2383,97,38,107,19,1.7507246476170455,19
2384,60,33,36,16,1.7416473627060747,17
2385,18,11,6,5,1.7414584600944751,6
2386,8,26,23,13,1.7400762718841152,13
2387,36,37,88,16,1.7392851936744347,21
2388,88,22,81,10,1.7392542924502719,12
2389,70,19,75,10,1.7314858975507377,9
2390,50,13,12,8,1.7279667161947851,5
2391,83,11,50,6,1.7272952536822097,5
2392,63,15,45,7,1.7260545689947924,8
2393,16,19,45,8,1.7223541453977003,11
2394,11,15,60,7,1.7209935269520749,8
2395,86,32,38,15,1.7164597494651737,17
2396,9,46,40,21,1.71485959208228,25
2397,109,14,43,7,1.7129267358733018,7
2398,54,40,7,19,1.7088310244062668,21
2399,19,10,65,4,1.7065840533404568,6
2400,12,18,68,8,1.7063434948857845,10
2401,107,10,72,5,1.7053543654591343,5
2402,48,10,37,5,1.7035937503192145,5
2403,20,16,102,8,1.6989391239814933,8
2404,36,15,23,9,1.6972875274185721,6
2405,51,25,23,12,1.6961813528047331,13
2406,7,74,40,33,1.6955910385318638,41
2407,9,23,46,10,1.6945658865661515,13
2408,68,34,106,16,1.687950689096679,18
2409,50,18,69,10,1.686362400438779,8
2410,54,29,114,15,1.6786165794472776,14
2411,17,44,51,22,1.6728455376724483,22
2412,45,28,31,13,1.6710870406691087,15
2413,87,49,28,24,1.6675925043761943,25
2414,107,32,17,15,1.6568754180103666,17
2415,51,72,107,31,1.6514383219647333,41
2416,36,23,68,11,1.6511686348202657,12
2417,69,10,39,5,1.644395797770094,5
2418,38,12,80,5,1.6400661445963558,7
2419,7,78,41,38,1.6316845641232849,40
2420,39,19,96,8,1.6315253594413592,11
2421,79,15,107,6,1.6267301484362862,9
2422,112,20,9,10,1.6257132685716438,10
2423,16,41,114,18,1.6232837485706129,23
2424,70,13,43,6,1.6071210379776917,7
2425,30,12,35,6,1.603184870407584,6
2426,57,29,13,15,1.5991365759102394,14
2427,99,18,30,8,1.5949338139614577,10
2428,64,10,90,5,1.5921132093044654,5
2429,2,15,25,8,1.5845186001024008,7
2430,85,28,86,13,1.581828832446797,15
2431,55,22,90,12,1.578656952498874,10
2432,109,57,86,27,1.5778514373799306,30
2433,60,25,46,12,1.5735893742532674,13
2434,40,58,88,27,1.5715316879527905,31
2435,58,12,43,6,1.5653312346763884,6
2436,9,14,111,7,1.5621342613374551,7
2437,8,66,28,31,1.5619285888266077,35
2438,97,12,100,6,1.5601199386945834,6
2439,104,23,83,10,1.5563880557352996,13
2440,106,15,14,8,1.5523885439078582,7
2441,16,27,111,12,1.5488999004290867,15
2442,11,26,74,12,1.5483769164487977,14
2443,57,12,43,4,1.547683226037978,8
2444,88,33,109,15,1.5470592807301102,18
2445,74,11,112,5,1.546586662588193,6
2446,51,52,60,22,1.5379585605411303,30
2447,97,25,46,12,1.5379422598602892,13
2448,13,23,45,11,1.536281477648622,12
2449,29,13,53,5,1.5317670028644748,8
2450,55,12,27,6,1.5257417717738173,6
2451,1,34,88,17,1.5234508852206479,17
2452,35,14,37,7,1.523131742310598,7
2453,71,23,51,11,1.5213301920130464,12
2454,57,39,16,19,1.5204759853178733,20
2455,43,12,8,6,1.5194230889621367,6
2456,46,12,55,5,1.5148590180899557,7
2457,13,50,28,24,1.5141990662429559,26
2458,60,62,16,30,1.5124094579213392,32
2459,28,63,5,31,1.5122016375527902,32
2460,72,23,16,11,1.5111602221334137,12
2461,50,17,108,9,1.5013768012598343,8
2462,46,52,5,24,1.4974094901037487,28
2463,17,13,112,6,1.4911982516586844,7
2464,4,59,13,27,1.4911690163054754,32
2465,87,51,54,23,1.4805638305796738,28
2466,63,95,65,46,1.478255874912306,49
2467,73,15,63,8,1.4760785674332926,7
2468,11,17,32,9,1.4729852723414754,8
2469,86,32,2,16,1.4682447143488935,16
2470,57,13,40,6,1.4659794198664808,7
2471,39,34,11,16,1.465948119767098,18
2472,112,16,23,7,1.4656028868993851,9
2473,65,61,68,29,1.4611429296521303,32
2474,31,21,47,10,1.4606130980712668,11
2475,86,64,55,30,1.4599929257917066,34
2476,25,23,83,10,1.4597201880554966,13
2477,20,15,93,8,1.4584347045217758,7
2478,8,16,38,8,1.4562520429495758,8
2479,50,16,89,7,1.4560158637801317,9
2480,11,25,13,12,1.4555242943364795,13
2481,53,30,55,14,1.4538038424746393,16
2482,46,62,88,31,1.4519317579443412,31
2483,106,55,63,27,1.4485566818099482,28
2484,38,14,30,8,1.4430439721156862,6
2485,39,20,70,9,1.4424153371414083,11
2486,20,21,97,11,1.439527960881874,10
2487,50,28,25,14,1.4391705454909012,14
2488,41,48,107,21,1.4315677718498427,27
2489,65,70,41,31,1.4285809086277084,39
2490,43,20,87,10,1.4273382250462692,10
2491,34,10,29,5,1.4253595347909926,5
2492,1,32,107,16,1.4233414848511392,16
2493,36,35,45,19,1.423273124508123,16
2494,15,22,60,10,1.4197687048169967,12
2495,29,10,15,5,1.4162984507050826,5
2496,12,16,40,8,1.4120822666164417,8
2497,70,17,95,9,1.4011695857654913,8
2498,19,15,15,7,1.400501355553707,8
2499,75,12,44,5,1.399837377533035,7
2500,16,10,56,4,1.3984899579645478,6
2501,91,13,9,6,1.3946381880594532,7
2502,7,15,83,6,1.3943529604549396,9
2503,44,25,16,13,1.3924747988210242,12
2504,43,13,37,7,1.3915535608538905,6
2505,36,11,29,6,1.3837445576600587,5
2506,50,41,11,19,1.3816262941644981,22
2507,95,31,7,14,1.3809406634768675,17
2508,106,30,41,15,1.3806292559177733,15
2509,6,11,69,6,1.3727715082405263,5
2510,75,10,48,5,1.3711471542080278,5
2511,90,11,76,6,1.3711097869836062,5
2512,27,13,23,7,1.3665703255989456,6
2513,25,26,30,14,1.363384718034577,12
2514,107,39,70,20,1.3599998705907188,19
2515,97,37,88,18,1.349074362930903,19
2516,34,19,17,9,1.3462228712398694,10
2517,84,17,90,8,1.3434141546201468,9
2518,71,48,7,25,1.3388864417450883,23
2519,8,66,37,32,1.3357403383797626,34
2520,61,13,65,7,1.327965247882516,6
2521,60,25,109,12,1.3235251021634884,13
2522,16,30,80,14,1.3220466579095416,16
2523,74,18,80,9,1.3199661328668575,9
2524,3,17,55,8,1.3172267439478242,9
2525,10,16,8,7,1.3145513780375315,9
2526,32,12,51,6,1.314434714983352,6
2527,6,13,86,6,1.3062976396978554,7
2528,37,12,108,6,1.3047215727540855,6
2529,70,11,102,7,1.3043211125718095,4
2530,57,26,51,13,1.304011563638994,13
2531,5,44,13,21,1.302350985374302,23
2532,87,57,88,30,1.2972492664863855,27
2533,65,43,60,18,1.292557414516089,25
2534,2,22,74,10,1.2925512141562505,12
2535,11,17,102,9,1.2862551218754514,8
2536,97,20,109,10,1.283406905257821,10
2537,50,30,51,15,1.277023353905357,15
2538,15,15,27,7,1.272397731978055,8
2539,50,27,65,13,1.2644687002361983,14
2540,68,86,13,40,1.2620888279905682,46
2541,55,26,99,12,1.2605449554949548,14
2542,68,45,63,22,1.2529349748796308,23
2543,16,22,33,9,1.250719949272024,13
2544,109,30,16,15,1.2499451161124784,15
2545,23,11,48,5,1.2484887739294386,6
2546,65,10,89,5,1.246766687204138,5
2547,1,10,71,4,1.2456643982922146,6
2548,85,15,68,6,1.2449251184472654,9
2549,114,16,15,8,1.2433363941042057,8
2550,104,12,43,5,1.2430962980218274,7
2551,107,30,4,15,1.2387516471106226,15
2552,71,25,31,12,1.2380158081615504,13
2553,63,16,95,8,1.233969730193377,8
2554,11,49,107,23,1.2314893212442308,26
2555,71,26,9,12,1.2262156519313812,14
2556,34,16,13,8,1.216136385593494,8
2557,98,11,74,5,1.2137114800422117,6
2558,64,42,88,19,1.2118692904336819,23
2559,25,33,97,16,1.211209753293348,17
2560,63,44,7,18,1.2086828652803667,26
2561,11,25,65,11,1.2017242876914807,14
2562,16,51,74,24,1.19895248847691,27
2563,25,25,109,12,1.1927554377225935,13
2564,65,21,84,11,1.1865836314134657,10
2565,69,17,43,8,1.1823687630105753,9
2566,88,42,49,20,1.178560438139782,22
2567,84,30,54,14,1.1752338053025546,16
2568,76,29,87,13,1.173923997825125,16
2569,47,16,27,7,1.1658557312566065,9
2570,109,26,84,12,1.1610711079523313,14
2571,86,29,57,13,1.1557204799983407,16
2572,9,26,58,12,1.1451265480110815,14
2573,19,17,28,9,1.1363208466422978,8
2574,60,73,71,35,1.1360670304013205,38
2575,23,47,16,22,1.133588423461974,25
2576,36,26,106,13,1.1307287364062801,13
2577,3,26,31,14,1.130409883055894,12
2578,33,13,114,7,1.1286658148323794,6
2579,61,18,88,10,1.1254133453483963,8
2580,7,85,65,44,1.1151148094385754,41
2581,63,47,40,22,1.1085655861732644,25
2582,73,13,55,6,1.1082443575059586,7
2583,91,12,47,6,1.1047106963660296,6
2584,40,19,45,9,1.1043531225931202,10
2585,96,18,2,9,1.1039761816908797,9
2586,70,39,106,20,1.1024614638047308,19
2587,77,11,17,5,1.1006600247668523,6
2588,54,16,33,7,1.1000953180608282,9
2589,14,16,11,7,1.0923565448715802,9
2590,40,13,74,6,1.0901529369074687,7
2591,64,19,97,9,1.0748997556854092,10
2592,68,48,9,23,1.0746763617541826,25
2593,86,17,94,8,1.0744055611514132,9
2594,67,20,37,9,1.0707700527635258,11
2595,106,12,66,5,1.070759127853136,7
2596,62,11,1,5,1.0669214067022688,6
2597,19,20,16,10,1.0669030303438123,10
2598,70,55,8,27,1.0665028298167964,28
2599,8,43,20,21,1.064860256583808,22
2600,104,30,109,15,1.0638658496000608,15
2601,48,15,13,7,1.0613216453157561,8
2602,18,35,87,16,1.0595333397572304,19
2603,20,18,48,8,1.0556464172960105,10
2604,16,37,40,17,1.0479395774839413,20
2605,20,32,13,16,1.0473604323868067,16
2606,54,28,102,14,1.0470828148001607,14
2607,114,19,69,8,1.0427404151557151,11
2608,90,21,88,11,1.0373159148886417,10
2609,54,88,65,42,1.035330745536818,46
2610,45,14,3,7,1.0349134798027078,7
2611,35,22,7,11,1.0299988339542105,11
2612,11,41,87,22,1.027110181689243,19
2613,63,20,44,9,1.0233184771026502,11
2614,70,10,33,5,1.0222975969230632,5
2615,34,21,86,11,1.0205156655851408,10
2616,98,28,107,14,1.0170960211152535,14
2617,27,17,8,9,1.0060239190851215,8
2618,13,43,75,20,1.005364432264769,23
2619,114,11,93,6,1.004990658958168,5
2620,114,39,7,18,1.0047894280060632,21
2621,37,37,17,16,0.9978108601802018,21
2622,9,13,30,6,0.9935090532750582,7
2623,23,17,111,10,0.9902411232186314,7
2624,88,20,38,8,0.986482869291226,12
2625,87,53,51,26,0.9813193495830117,27
2626,8,67,54,35,0.9788096362147576,32
2627,50,29,17,13,0.9785385252670544,16
2628,51,33,31,14,0.9782499075201472,19
2629,49,24,17,10,0.9759498596955533,14
2630,107,65,5,32,0.9748363761521144,33
2631,114,26,17,11,0.9721557918960149,15
2632,53,40,51,20,0.9719493528973242,20
2633,14,16,87,7,0.9719183858987279,9
2634,37,50,51,27,0.9710667257210692,23
2635,102,30,114,14,0.9680544759122783,16
2636,80,10,17,6,0.9638999099498463,4
2637,30,26,51,12,0.9638359516152135,14
2638,104,38,106,19,0.9604760273979323,19
2639,106,11,103,6,0.9583580547252424,5
2640,87,55,39,26,0.9563895319312767,29
2641,14,14,5,6,0.9561035605846475,8
2642,3,32,68,15,0.9527649253755339,17
2643,63,23,53,11,0.9461903574638922,12
2644,112,13,114,7,0.9421647262329379,6
2645,47,33,39,16,0.9409236558902792,17
2646,7,10,108,4,0.9385265901557563,6
2647,30,14,48,6,0.9354845317821151,8
2648,9,38,39,20,0.9320441987636028,18
2649,102,11,83,5,0.9259324073609744,6
2650,33,17,86,9,0.9246066959077469,8
2651,75,27,114,13,0.9181862737012574,14
2652,13,20,33,10,0.918120505460343,10
2653,106,100,86,49,0.9173221659807225,51
2654,114,12,11,5,0.9147560322473872,7
2655,39,18,48,8,0.9127145579388772,10
2656,43,17,50,7,0.911659904777202,10
2657,77,22,68,11,0.9089813853065132,11
2658,36,35,75,19,0.9076169876586753,16
2659,23,13,3,6,0.9036934098771335,7
2660,64,41,68,18,0.9029247023462412,23
2661,112,11,14,6,0.9022319115654415,5
2662,84,17,79,9,0.9012801816556621,8
2663,68,17,74,7,0.9001065237726507,10
2664,8,24,48,11,0.8990865709573224,13
2665,68,20,94,10,0.8957152571898774,10
2666,49,19,30,9,0.8953816925674174,10
2667,8,76,88,37,0.8933115574955768,39
2668,60,17,83,8,0.8851626447494981,9
2669,77,21,4,10,0.8810684428976758,11
2670,37,21,57,10,0.8778160008276704,11
2671,84,17,91,8,0.8755346549877653,9
2672,111,47,68,24,0.8746288393374696,23
2673,7,27,49,15,0.8744069756975954,12
2674,80,33,86,16,0.8727199174341318,17
2675,39,40,28,20,0.868602476168121,20
2676,55,21,71,9,0.863684832703073,12
2677,10,10,114,4,0.8617397018011257,6
2678,107,56,60,27,0.8615352019186363,29
2679,85,13,17,6,0.8598477976037174,7
2680,13,69,60,31,0.8542848964811729,38
2681,9,24,3,12,0.8521077531046838,12
2682,39,13,102,6,0.8492100400200487,7
2683,71,28,63,13,0.8479499084443569,15
2684,62,11,50,5,0.8451062062670078,6
2685,50,56,86,29,0.8444740252545996,27
2686,28,23,30,12,0.8403239904216823,11
2687,86,80,20,38,0.8301074964710538,42
2688,2,16,46,8,0.8285194662826778,8
2689,29,12,106,6,0.8264692442725535,6
2690,28,48,37,24,0.8263140292594408,24
2691,60,47,53,24,0.8237632801343029,23
2692,7,57,18,29,0.8231688841647112,28
2693,107,83,28,39,0.8210512254142036,44
2694,96,58,107,27,0.8081270899904945,31
2695,84,31,50,16,0.8064114901977948,15
2696,56,14,40,7,0.8062835825274064,7
2697,41,64,13,32,0.7981708572669713,32
2698,2,22,88,11,0.7956469041111237,11
2699,87,28,46,15,0.7941915016238118,13
2700,4,18,104,10,0.7872554057904764,8
2701,19,13,60,7,0.7792916475949112,6
2702,9,17,34,8,0.77910514985876,9
2703,88,37,20,19,0.7774406960445003,18
2704,87,22,99,10,0.7762165713325069,12
2705,97,20,93,10,0.7717644600090583,10
2706,33,15,104,8,0.7704375614853092,7
2707,27,45,107,22,0.7625780197213747,23
2708,16,40,112,19,0.7567380050399233,21
2709,87,14,17,7,0.7509341405124581,7
2710,3,20,71,10,0.744611540631482,10
2711,46,24,84,11,0.744605770354001,13
2712,36,13,74,5,0.7437175733038444,8
2713,25,24,15,13,0.7394428200536315,11
2714,13,60,39,30,0.7375803753367649,30
2715,86,51,30,26,0.7367503088864724,25
2716,78,11,55,6,0.7363999336150038,5
2717,5,40,63,22,0.7358500176759455,18
2718,40,77,86,36,0.7352757671814381,41
2719,95,41,5,21,0.731606653431554,20
2720,61,18,40,9,0.7154895706830828,9
2721,82,13,28,7,0.7153587234866209,6
2722,13,17,96,8,0.7114671477918352,9
2723,76,25,8,13,0.7077738529790866,12
2724,41,24,27,11,0.704969228804934,13
2725,18,23,104,13,0.701208945227421,10
2726,38,11,91,5,0.7003822911270713,6
2727,57,11,95,4,0.6989616542578664,7
2728,8,41,39,21,0.6937986397009377,20
2729,41,11,19,5,0.6931380879618565,6
2730,7,73,39,37,0.6920867889114359,36
2731,29,17,38,8,0.6873786981327397,9
2732,18,19,25,10,0.6816652439852776,9
2733,50,24,114,11,0.6812811811945304,13
2734,109,31,13,14,0.6717168111881656,17
2735,54,67,16,34,0.6682295554685945,33
2736,37,40,114,18,0.6680388190804037,22
2737,63,38,50,18,0.6599709375930062,20
2738,64,15,108,8,0.6582287703496978,7
2739,41,27,1,12,0.6450987397179471,15
2740,98,16,50,8,0.6426219058041094,8
2741,25,25,41,14,0.6394054706376684,11
2742,111,17,36,8,0.6365354853619557,9
2743,4,28,64,13,0.6316212138641686,15
2744,87,22,47,11,0.6305382362810187,11
2745,11,11,97,6,0.6269874474505769,5
2746,50,63,54,31,0.6257662884110836,32
2747,36,33,71,17,0.6241330409639582,16
2748,87,30,109,14,0.623370758412541,16
2749,51,58,55,29,0.6228899757373463,29
2750,76,30,96,14,0.6223340675935091,16
2751,31,22,58,11,0.6168553703735019,11
2752,43,20,114,11,0.6074470201565788,9
2753,91,16,70,7,0.6063303701253773,9
2754,63,15,34,7,0.6010869874219945,8
2755,71,32,106,15,0.6009609652453856,17
2756,30,24,40,12,0.5893402617113984,12
2757,76,13,36,4,0.5885035889042722,9
2758,64,15,17,8,0.5824319192017166,7
2759,106,46,76,25,0.577289694916291,21
2760,23,12,53,6,0.5700661218932129,6
2761,75,51,65,26,0.5689430318120555,25
2762,40,10,94,5,0.5678516928680516,5
2763,107,70,84,35,0.5615806671336989,35
2764,29,10,108,5,0.5615423900676226,5
2765,11,11,27,6,0.5615364354397145,5
2766,97,31,2,15,0.5614740846174435,16
2767,83,10,2,5,0.5594397265150824,5
2768,5,49,54,23,0.5526115688513309,26
2769,92,17,7,7,0.5480230211986101,10
2770,104,55,13,27,0.5474902747445213,28
2771,98,27,16,13,0.5462850233229243,14
2772,64,29,54,15,0.5456745481805155,14
2773,87,14,6,7,0.5451369775684941,7
2774,106,10,1,5,0.539652861011431,5
2775,28,19,33,8,0.5377400393884932,11
2776,87,51,55,25,0.5274998846136414,26
2777,107,105,86,51,0.5245077146850978,54
2778,65,19,102,8,0.5234012572749034,11
2779,73,19,28,10,0.5214155246375574,9
2780,19,18,39,10,0.5212733184685528,8
2781,43,17,25,10,0.5197036131496171,7
2782,8,45,65,22,0.517695585596627,23
2783,15,33,16,18,0.5165041631650911,15
2784,106,68,28,33,0.5161436710076662,35
2785,41,11,90,6,0.513841479320257,5
2786,114,11,38,6,0.5127819422302534,5
2787,4,18,9,9,0.5118055197130339,9
2788,49,12,97,5,0.510198270023406,7
2789,23,10,9,5,0.5053397207394539,5
2790,60,53,68,25,0.5052462395149946,28
2791,18,29,41,15,0.5040827449695365,14
2792,90,13,91,6,0.5003235284827323,7
2793,88,35,31,18,0.4999807976090588,17
2794,5,59,87,29,0.4991669720547012,30
2795,27,12,54,6,0.48713804075078926,6
2796,78,22,68,11,0.48709037812800154,11
2797,57,14,104,5,0.4845128262229356,9
2798,37,17,62,10,0.47941613349669066,7
2799,95,28,74,13,0.47842550860281996,15
2800,75,31,41,14,0.47837138213253816,17
2801,25,51,39,26,0.4759465051184244,25
2802,37,13,69,6,0.4741041536564538,7
2803,113,11,86,6,0.46954311123939263,5
2804,65,54,31,26,0.46913887469692744,28
2805,104,32,68,15,0.4623896750421225,17
2806,68,50,86,26,0.4594752304197302,24
2807,87,16,111,8,0.45897322341286445,8
2808,107,81,8,37,0.451577946955366,44
2809,62,13,55,7,0.4490302976953222,6
2810,80,11,9,7,0.4439834453330457,4
2811,90,15,11,7,0.4409004522210816,8
2812,16,31,48,16,0.4393641400100805,15
2813,94,16,19,8,0.43240867562211416,8
2814,109,13,69,7,0.43237846797528773,6
2815,40,43,31,22,0.429627197462679,21
2816,33,11,99,6,0.42486651226142574,5
2817,3,42,86,22,0.42448866812622343,20
2818,13,53,9,25,0.4236599855238375,28
2819,107,59,39,28,0.42346091866823937,31
2820,87,46,96,22,0.4185307257645089,24
2821,5,14,38,7,0.4168378546295618,7
2822,31,33,86,17,0.4107692180392416,16
2823,50,18,79,9,0.4091046493522828,9
2824,98,14,114,7,0.4067842985377363,7
2825,27,17,106,10,0.4013630945998079,7
2826,107,95,7,42,0.39776976722684715,53
2827,20,13,85,6,0.39373981733351443,7
2828,88,13,78,6,0.3934639813104847,7
2829,55,16,41,8,0.3929137359889599,8
2830,23,18,54,9,0.39214168570707464,9
2831,8,13,44,6,0.3904420875790005,7
2832,57,20,55,11,0.38903746063509637,9
2833,79,10,103,5,0.387030696249299,5
2834,69,30,36,15,0.38598798110099336,15
2835,8,35,50,16,0.38293825667797665,19
2836,114,28,71,14,0.3795577437704574,14
2837,70,22,97,12,0.3783758219642565,10
2838,14,18,84,8,0.37783903496494214,10
2839,107,37,90,19,0.3753937941046271,18
2840,40,16,108,7,0.373845897515691,9
2841,88,35,71,19,0.3711092012403024,16
2842,40,21,75,10,0.36863713867004627,11
2843,95,26,28,12,0.36814720179538635,14
2844,63,17,47,7,0.3681401863793021,10
2845,25,30,63,16,0.3669879376751877,14
2846,92,18,13,7,0.36521745881563183,11
2847,46,18,41,8,0.36430211798636986,10
2848,47,21,65,10,0.3519317997506132,11
2849,87,22,62,11,0.3514225144207001,11
2850,7,21,8,10,0.35073482330961425,11
2851,109,13,4,6,0.3380907022892352,7
2852,51,17,29,9,0.3368482563248711,8
2853,49,21,51,10,0.3351069066929168,11
2854,39,41,54,21,0.33442242846591713,20
2855,83,20,106,11,0.33164456490941063,9
2856,76,28,70,13,0.3288931307094032,15
2857,49,14,114,6,0.32751436291229447,8
2858,41,34,63,17,0.326061354616667,17
2859,65,48,39,22,0.3257402134811714,26
2860,114,68,107,33,0.32070298196932506,35
2861,83,25,28,14,0.3193130867023741,11
2862,34,11,79,5,0.31752247685889295,6
2863,13,25,100,13,0.3147535190416326,12
2864,43,33,60,16,0.31318206916464897,17
2865,51,13,92,7,0.31029394338620886,6
2866,107,68,63,37,0.3098872954610473,31
2867,57,19,46,9,0.3079095171810309,10
2868,51,13,6,6,0.3054417728185091,7
2869,114,60,88,30,0.29749332449413723,30
2870,88,15,48,6,0.2955612335778544,9
2871,9,41,51,21,0.2923199498791427,20
2872,57,11,53,6,0.2873041046379347,5
2873,67,12,25,6,0.2816428039469064,6
2874,96,12,67,7,0.27996501259109813,5
2875,53,18,5,8,0.2778213329671456,10
2876,77,55,60,27,0.27299213552637575,28
2877,36,11,38,4,0.26679215079866997,7
2878,37,22,76,12,0.2606095394442829,10
2879,17,11,108,5,0.2506467392789146,6
2880,47,17,41,9,0.24960180944275975,8
2881,39,41,41,22,0.24923068070915827,19
2882,40,25,47,14,0.24655985846699452,11
2883,83,20,88,11,0.24121558114701722,9
2884,61,16,13,9,0.23942923044644315,7
2885,30,20,106,10,0.23895557447172086,10
2886,12,27,51,13,0.23734774956132088,14
2887,64,19,45,9,0.2352744559029064,10
2888,57,14,20,7,0.22969067246688318,7
2889,65,10,101,5,0.22906131925901718,5
2890,67,12,84,5,0.22644335659627104,7
2891,72,16,7,8,0.22521266099875584,8
2892,107,40,18,22,0.21456452912257484,18
2893,53,21,44,9,0.2122113313421154,12
2894,53,54,13,29,0.2083631688927764,25
2895,28,11,66,5,0.2056598644516812,6
2896,46,23,17,12,0.20521498367655996,11
2897,44,14,107,7,0.20330478165271706,7
2898,68,21,19,11,0.20262193081398258,10
2899,81,21,107,11,0.19898617239587554,10
2900,46,16,71,7,0.19894184736909315,9
2901,112,15,19,7,0.1984267358551642,8
2902,107,61,74,29,0.19420996588142148,32
2903,98,11,100,5,0.18985443720382733,6
2904,88,35,37,17,0.1877253046596751,18
2905,35,12,70,7,0.18631436457958764,5
2906,44,15,65,6,0.18351226600640885,9
2907,71,33,8,17,0.17759312635004623,16
2908,96,37,55,19,0.17732770674363885,18
2909,29,12,23,6,0.17614103437765927,6
2910,11,47,106,26,0.17225906773687616,21
2911,86,26,15,13,0.16800361117966062,13
2912,86,21,108,12,0.16264099806861304,9
2913,7,51,4,26,0.16136746029798088,25
2914,62,12,106,6,0.1584669634691407,6
2915,12,15,18,7,0.15837925901591537,8
2916,84,22,80,10,0.15202664995311643,12
2917,86,68,13,35,0.1472159790375666,33
2918,51,20,98,10,0.14461940831704007,10
2919,73,10,25,5,0.1328731236438802,5
2920,51,13,44,8,0.13191763257362837,5
2921,60,76,7,38,0.13134493579901685,38
2922,12,21,13,8,0.12650959900103095,13
2923,65,84,86,40,0.12617823685384771,44
2924,28,22,98,9,0.12169006680659694,13
2925,40,28,18,16,0.11377047107058737,12
2926,49,16,8,7,0.1133484840104294,9
2927,11,21,48,10,0.11255129650560307,11
2928,98,13,97,7,0.11020600858990875,6
2929,94,13,60,6,0.10902380212835151,7
2930,2,18,84,9,0.10504403066305398,9
2931,68,13,44,7,0.10451112471006771,6
2932,41,54,88,26,0.10348470718011778,28
2933,93,20,107,9,0.10069325512074272,11
2934,27,11,34,5,0.09705015364854949,6
2935,86,30,53,13,0.09593092236920715,17
2936,74,39,25,20,0.09563368284676016,19
2937,25,65,16,32,0.09364645449744402,33
2938,30,15,96,8,0.09214636377364425,7
2939,114,29,36,13,0.09213128587786307,16
2940,95,52,86,24,0.08956033992826938,28
2941,84,37,88,17,0.08333477514829757,20
2942,97,36,74,17,0.07931920932357782,19
2943,63,46,87,22,0.07921188185625391,24
2944,15,27,57,13,0.0781812159972155,14
2945,107,73,54,35,0.07798228457878793,38
2946,55,15,108,8,0.07480659095217349,7
2947,106,21,40,10,0.06808253080226546,11
2948,11,43,46,22,0.06311230511365415,21
2949,3,34,51,20,0.05263025611989997,14
2950,8,70,106,37,0.05212763279076112,33
2951,34,19,50,10,0.05002588679712766,9
2952,73,16,106,8,0.04700386219362951,8
2953,65,11,81,6,0.04550793535821782,5
2954,114,46,104,24,0.04494734082733511,22
2955,74,41,54,20,0.04296760366186976,21
2956,31,11,97,5,0.04256244744109723,6
2957,9,14,81,7,0.035788297634864304,7
2958,45,17,71,7,0.03389797077786283,10
2959,84,19,17,10,0.032612383959908106,9
2960,106,42,50,20,0.025298087208634697,22
2961,49,16,27,8,0.024891142841979352,8
2962,106,26,100,12,0.022225583959526604,14
2963,27,44,13,21,0.020258427565806616,23
2964,15,35,13,17,0.01976991947197289,18
2965,89,15,28,8,0.018607611913672883,7
2966,7,28,15,12,0.018225685442037017,16
2967,35,24,86,11,0.011498856499630127,13
2968,100,13,15,6,0.010441290882327191,7
2969,109,17,83,7,0.00972932964701334,10
2970,90,33,16,15,0.006116246156991541,18
2971,16,33,90,18,-0.0061162461569911645,15
2972,83,17,109,10,-0.009729329647013785,7
2973,15,13,100,7,-0.010441290882327463,6
2974,86,24,35,13,-0.011498856499629817,11
2975,15,28,7,16,-0.018225685442037017,12
2976,28,15,89,7,-0.018607611913672648,8
2977,13,35,15,18,-0.019769919471973197,17
2978,13,44,27,23,-0.020258427565805686,21
2979,100,26,106,14,-0.02222558395952517,12
2980,27,16,49,8,-0.02489114284197802,8
2981,50,42,106,22,-0.02529808720863334,20
2982,17,19,84,9,-0.03261238395990876,10
2983,71,17,45,10,-0.03389797077786216,7
2984,81,14,9,7,-0.035788297634866885,7
2985,97,11,31,6,-0.042562447441096586,5
2986,54,41,74,21,-0.04296760366187002,20
2987,104,46,114,22,-0.04494734082733487,24
2988,81,11,65,5,-0.04550793535821569,6
2989,106,16,73,8,-0.0470038621936304,8
2990,50,19,34,9,-0.05002588679712785,10
2991,106,70,8,33,-0.05212763279076128,37
2992,51,34,3,14,-0.052630256119900916,20
2993,46,43,11,21,-0.06311230511365382,22
2994,40,21,106,11,-0.0680825308022658,10
2995,108,15,55,7,-0.07480659095217229,8
2996,54,73,107,38,-0.07798228457878872,35
2997,57,27,15,14,-0.07818121599721511,13
2998,87,46,63,24,-0.07921188185625398,22
2999,74,36,97,19,-0.07931920932357782,17
3000,88,37,84,20,-0.0833347751482989,17
3001,86,52,95,28,-0.08956033992827091,24
3002,36,29,114,16,-0.09213128587786189,13
3003,96,15,30,7,-0.09214636377364507,8
3004,16,65,25,33,-0.09364645449744435,32
3005,25,39,74,19,-0.0956336828467596,20
3006,53,30,86,17,-0.09593092236920858,13
3007,34,11,27,6,-0.09705015364854969,5
3008,88,54,41,28,-0.10348470718011826,26
3009,44,13,68,6,-0.10451112471006657,7
3010,84,18,2,9,-0.10504403066305477,9
3011,60,13,94,7,-0.10902380212834957,6
3012,97,13,98,6,-0.11020600858990862,7
3013,8,16,49,9,-0.11334848401042974,7
3014,18,28,40,12,-0.11377047107058744,16
3015,98,22,28,13,-0.1216900668065983,9
3016,86,84,65,44,-0.12617823685384916,40
3017,13,21,12,13,-0.1265095990010308,8
3018,7,76,60,38,-0.13134493579901632,38
3019,44,13,51,5,-0.1319176325736292,8
3020,25,10,73,5,-0.1328731236438802,5
3021,98,20,51,10,-0.14461940831704023,10
3022,13,68,86,33,-0.14721597903756622,35
3023,80,22,84,12,-0.15202664995311627,10
3024,18,15,12,8,-0.1583792590159149,7
3025,106,12,62,6,-0.15846696346914188,6
3026,4,51,7,25,-0.16136746029798163,26
3027,16,53,11,30,-0.16260546222798214,23
3028,108,21,86,9,-0.16264099806861268,12
3029,15,26,86,13,-0.1680036111796587,13
3030,106,47,11,21,-0.17225906773687602,26
3031,23,12,29,6,-0.17614103437765868,6
3032,55,37,96,18,-0.17732770674364082,19
3033,8,33,71,16,-0.17759312635004632,17
3034,65,15,44,9,-0.1835122660064091,6
3035,70,12,35,5,-0.18631436457958692,7
3036,37,35,88,18,-0.18772530465967646,17
3037,100,11,98,6,-0.18985443720382733,5
3038,19,15,112,8,-0.1984267358551648,7
3039,71,16,46,9,-0.19894184736909182,7
3040,107,21,81,10,-0.19898617239587607,11
3041,19,21,68,10,-0.2026219308139819,11
3042,107,14,44,7,-0.20330478165271787,7
3043,17,23,46,11,-0.2052149836765593,12
3044,66,11,28,6,-0.20565986445168055,5
3045,13,54,53,25,-0.20836316889277592,29
3046,44,21,53,12,-0.2122113313421161,9
3047,18,40,107,18,-0.21456452912257684,22
3048,7,16,72,8,-0.22521266099875537,8
3049,84,12,67,7,-0.22644335659627166,5
3050,101,10,65,5,-0.2290613192590168,5
3051,20,14,57,7,-0.2296906724668833,7
3052,45,19,64,10,-0.23527445590290527,9
3053,51,27,12,14,-0.23734774956132193,13
3054,106,20,30,10,-0.2389555744717199,10
3055,13,16,61,7,-0.2394292304464427,9
3056,88,20,83,9,-0.24121558114701463,11
3057,47,25,40,11,-0.24655985846699366,14
3058,41,41,39,19,-0.24923068070915905,22
3059,41,17,47,8,-0.24960180944275975,9
3060,108,11,17,6,-0.25064673927891384,5
3061,76,22,37,10,-0.26060953944428406,12
3062,38,11,36,7,-0.26679215079866964,4
3063,60,55,77,28,-0.27299213552637663,27
3064,5,18,53,10,-0.277821332967146,8
3065,67,12,96,5,-0.279965012591097,7
3066,25,12,67,6,-0.2816428039469064,6
3067,53,11,57,5,-0.2873041046379331,6
3068,51,41,9,20,-0.2923199498791415,21
3069,48,15,88,9,-0.29556123357785347,6
3070,88,60,114,30,-0.2974933244941375,30
3071,88,18,12,9,-0.3042097842896815,9
3072,6,13,51,7,-0.3054417728185091,6
3073,46,19,57,10,-0.3079095171810289,9
3074,63,68,107,31,-0.3098872954610479,37
3075,92,13,51,6,-0.31029394338620975,7
3076,60,33,43,17,-0.31318206916464963,16
3077,100,25,13,12,-0.31475351904163346,13
3078,79,11,34,6,-0.3175224768588933,5
3079,28,25,83,11,-0.3193130867023753,14
3080,107,68,114,35,-0.3207029819693246,33
3081,39,48,65,26,-0.32574021348116955,22
3082,63,34,41,17,-0.3260613546166661,17
3083,114,14,49,8,-0.32751436291229385,6
3084,70,28,76,15,-0.32889313070940346,13
3085,106,20,83,9,-0.3316445649094112,11
3086,54,41,39,20,-0.3344224284659163,21
3087,51,21,49,11,-0.3351069066929168,10
3088,29,17,51,8,-0.3368482563248705,9
3089,4,13,109,7,-0.3380907022892352,6
3090,8,21,7,11,-0.3507348233096159,10
3091,62,22,87,11,-0.3514225144207014,11
3092,65,21,47,11,-0.3519317997506139,10
3093,41,18,46,10,-0.36430211798637085,8
3094,13,18,92,11,-0.3652174588156323,7
3095,63,30,25,14,-0.3669879376751877,16
3096,47,17,63,10,-0.368140186379302,7
3097,28,26,95,14,-0.36814720179538646,12
3098,75,21,40,11,-0.3686371386700461,10
3099,71,35,88,16,-0.37110920124030156,19
3100,108,16,40,9,-0.3738458975156912,7
3101,84,18,14,10,-0.37783903496494253,8
3102,97,22,70,10,-0.3783758219642562,12
3103,71,28,114,14,-0.3795577437704577,14
3104,50,35,8,19,-0.3829382566779763,16
3105,36,30,69,15,-0.3859879811009911,15
3106,103,10,79,5,-0.387030696249299,5
3107,55,20,57,9,-0.3890374606350971,11
3108,44,13,8,7,-0.3904420875789997,6
3109,54,18,23,9,-0.39214168570707364,9
3110,41,16,55,8,-0.39291373598895946,8
3111,78,13,88,7,-0.3934639813104835,6
3112,85,13,20,7,-0.3937398173335161,6
3113,7,95,107,53,-0.3977697672268478,42
3114,106,17,27,7,-0.40136309459980746,10
3115,114,14,98,7,-0.40678429853773473,7
3116,79,18,50,9,-0.4091046493522828,9
3117,86,33,31,16,-0.4107692180392426,17
3118,38,14,5,7,-0.4168378546295618,7
3119,96,46,87,24,-0.4185307257645087,22
3120,39,59,107,31,-0.4234609186682371,28
3121,9,53,13,28,-0.4236599855238383,25
3122,86,42,3,20,-0.42448866812622316,22
3123,99,11,33,5,-0.4248665122614248,6
3124,31,43,40,21,-0.4296271974626791,22
3125,69,13,109,6,-0.43237846797528773,7
3126,19,16,94,8,-0.4324086756221144,8
3127,48,31,16,15,-0.4393641400100799,16
3128,11,15,90,8,-0.4409004522210813,7
3129,9,11,80,4,-0.4439834453330448,7
3130,55,13,62,6,-0.4490302976953225,7
3131,8,81,107,44,-0.4515779469553662,37
3132,111,16,87,8,-0.45897322341286373,8
3133,86,50,68,24,-0.4594752304197305,26
3134,68,32,104,17,-0.4623896750421223,15
3135,31,54,65,28,-0.4691388746969265,26
3136,86,11,113,5,-0.46954311123939296,6
3137,69,13,37,7,-0.47410415365645314,6
3138,39,51,25,25,-0.4759465051184236,26
3139,41,31,75,17,-0.47837138213253816,14
3140,74,28,95,15,-0.4784255086028221,13
3141,62,17,37,7,-0.47941613349669043,10
3142,104,14,57,9,-0.4845128262229359,5
3143,68,22,78,11,-0.4870903781280004,11
3144,54,12,27,6,-0.48713804075078926,6
3145,87,59,5,30,-0.49916697205470045,29
3146,31,35,88,17,-0.499980797609059,18
3147,91,13,90,7,-0.5003235284827329,6
3148,41,29,18,14,-0.5040827449695369,15
3149,68,53,60,28,-0.5052462395149948,25
3150,9,10,23,5,-0.5053397207394532,5
3151,97,12,49,7,-0.510198270023406,5
3152,9,18,4,9,-0.5118055197130339,9
3153,38,11,114,5,-0.5127819422302561,6
3154,90,11,41,5,-0.513841479320257,6
3155,28,68,106,35,-0.5161436710076651,33
3156,16,33,15,15,-0.5165041631650912,18
3157,65,45,8,23,-0.5176955855966269,22
3158,25,17,43,7,-0.5197036131496168,10
3159,39,18,19,8,-0.5212733184685526,10
3160,28,19,73,9,-0.5214155246375576,10
3161,102,19,65,11,-0.5234012572749034,8
3162,86,105,107,54,-0.5245077146850969,51
3163,55,51,87,26,-0.5274998846136414,25
3164,33,19,28,11,-0.5377400393884936,8
3165,1,10,106,5,-0.5396528610114302,5
3166,6,14,87,7,-0.5451369775684937,7
3167,54,29,64,14,-0.5456745481805153,15
3168,16,27,98,14,-0.5462850233229247,13
3169,13,55,104,28,-0.5474902747445204,27
3170,7,17,92,10,-0.5480230211986107,7
3171,54,49,5,26,-0.5526115688513301,23
3172,2,10,83,5,-0.559439726515081,5
3173,2,31,97,16,-0.5614740846174444,15
3174,27,11,11,5,-0.5615364354397134,6
3175,108,10,29,5,-0.5615423900676234,5
3176,84,70,107,35,-0.5615806671337003,35
3177,94,10,40,5,-0.5678516928680514,5
3178,65,51,75,25,-0.5689430318120551,26
3179,53,12,23,6,-0.5700661218932138,6
3180,17,15,64,7,-0.5824319192017173,8
3181,36,13,76,9,-0.5885035889042698,4
3182,40,24,30,12,-0.5893402617113975,12
3183,106,32,71,17,-0.6009609652453869,15
3184,34,15,63,8,-0.6010869874219955,7
3185,70,16,91,9,-0.6063303701253777,7
3186,114,20,43,9,-0.6074470201565787,11
3187,58,22,31,11,-0.6168553703735028,11
3188,96,30,76,16,-0.6223340675935105,14
3189,55,58,51,29,-0.622889975737348,29
3190,109,30,87,16,-0.623370758412541,14
3191,71,33,36,16,-0.6241330409639598,17
3192,54,63,50,32,-0.6257662884110818,31
3193,97,11,11,5,-0.626987447450576,6
3194,47,22,87,11,-0.6305382362810174,11
3195,64,28,4,15,-0.6316212138641698,13
3196,36,17,111,9,-0.6365354853619557,8
3197,41,25,25,11,-0.6394054706376676,14
3198,50,16,98,8,-0.6426219058041119,8
3199,1,27,41,15,-0.6450987397179483,12
3200,108,15,64,7,-0.6582287703496964,8
3201,50,38,63,20,-0.6599709375930077,18
3202,114,40,37,22,-0.6680388190804033,18
3203,16,67,54,33,-0.6682295554685957,34
3204,13,31,109,17,-0.6717168111881655,14
3205,114,24,50,13,-0.6812811811945291,11
3206,25,19,18,9,-0.6816652439852758,10
3207,38,17,29,9,-0.6873786981327392,8
3208,39,73,7,36,-0.6920867889114356,37
3209,19,11,41,6,-0.6931380879618558,5
3210,39,41,8,20,-0.6937986397009376,21
3211,95,11,57,7,-0.6989616542578677,4
3212,91,11,38,6,-0.7003822911270713,5
3213,104,23,18,10,-0.7012089452274208,13
3214,27,24,41,13,-0.7049692288049345,11
3215,8,25,76,12,-0.7077738529790857,13
3216,96,17,13,9,-0.7114671477918357,8
3217,28,13,82,6,-0.7153587234866207,7
3218,40,18,61,9,-0.7154895706830816,9
3219,5,41,95,20,-0.7316066534315533,21
3220,86,77,40,41,-0.7352757671814375,36
3221,63,40,5,18,-0.7358500176759462,22
3222,55,11,78,5,-0.7363999336150034,6
3223,30,51,86,25,-0.7367503088864714,26
3224,39,60,13,30,-0.7375803753367645,30
3225,15,24,25,11,-0.7394428200536295,13
3226,74,13,36,8,-0.743717573303844,5
3227,84,24,46,13,-0.7446057703540011,11
3228,71,20,3,10,-0.7446115406314829,10
3229,17,14,87,7,-0.750934140512457,7
3230,112,40,16,21,-0.7567380050399233,19
3231,107,45,27,23,-0.7625780197213745,22
3232,104,15,33,7,-0.7704375614853106,8
3233,93,20,97,10,-0.7717644600090567,10
3234,99,22,87,12,-0.7762165713325071,10
3235,34,17,9,9,-0.77910514985876,8
3236,60,13,19,6,-0.7792916475949101,7
3237,104,18,4,8,-0.7872554057904768,10
3238,46,28,87,13,-0.7941915016238148,15
3239,88,22,2,11,-0.7956469041111237,11
3240,13,64,41,32,-0.7981708572669713,32
3241,40,14,56,7,-0.8062835825274064,7
3242,50,31,84,15,-0.8064114901977935,16
3243,107,58,96,31,-0.8081270899904945,27
3244,20,27,74,13,-0.8203305748765273,14
3245,28,83,107,44,-0.8210512254142028,39
3246,18,57,7,28,-0.8231688841647117,29
3247,53,47,60,23,-0.823763280134303,24
3248,37,48,28,24,-0.8263140292594411,24
3249,106,12,29,6,-0.8264692442725535,6
3250,46,16,2,8,-0.8285194662826783,8
3251,20,80,86,42,-0.8301074964710548,38
3252,30,23,28,11,-0.840323990421683,12
3253,86,56,50,27,-0.8444740252545996,29
3254,50,11,62,6,-0.8451062062670082,5
3255,63,28,71,15,-0.8479499084443569,13
3256,102,13,39,7,-0.8492100400200481,6
3257,3,24,9,12,-0.852107753104684,12
3258,60,69,13,38,-0.8542848964811716,31
3259,17,13,85,7,-0.859847797603718,6
3260,60,56,107,29,-0.8615352019186375,27
3261,114,10,10,6,-0.8617397018011254,4
3262,71,21,55,12,-0.8636848327030733,9
3263,28,40,39,20,-0.8686024761681225,20
3264,86,33,80,17,-0.872719917434131,16
3265,49,27,7,12,-0.8744069756975955,15
3266,68,47,111,23,-0.87462883933747,24
3267,91,17,84,9,-0.8755346549877636,8
3268,57,21,37,11,-0.877816000827672,10
3269,4,21,77,11,-0.8810684428976734,10
3270,83,17,60,9,-0.8851626447494985,8
3271,88,76,8,39,-0.8933115574955759,37
3272,30,19,49,10,-0.8953816925674164,9
3273,94,20,68,10,-0.8957152571898778,10
3274,48,24,8,13,-0.8990865709573216,11
3275,74,17,68,10,-0.9001065237726515,7
3276,79,17,84,8,-0.9012801816556617,9
3277,14,11,112,5,-0.9022319115654427,6
3278,68,41,64,23,-0.9029247023462396,18
3279,3,13,23,7,-0.9036934098771321,6
3280,75,35,36,16,-0.9076169876586756,19
3281,68,22,77,11,-0.9089813853065126,11
3282,50,17,43,10,-0.911659904777202,7
3283,48,18,39,10,-0.9127145579388771,8
3284,11,12,114,7,-0.9147560322473871,5
3285,33,20,13,10,-0.9181205054603415,10
3286,114,27,75,14,-0.9181862737012573,13
3287,86,17,33,8,-0.9246066959077452,9
3288,83,11,102,6,-0.9259324073609722,5
3289,39,38,9,18,-0.9320441987636049,20
3290,48,14,30,8,-0.9354845317821149,6
3291,108,10,7,6,-0.9385265901557558,4
3292,39,33,47,17,-0.9409236558902793,16
3293,114,13,112,6,-0.9421647262329372,7
3294,53,23,63,12,-0.9461903574638926,11
3295,68,32,3,17,-0.9527649253755344,15
3296,5,14,14,8,-0.9561035605846475,6
3297,39,55,87,29,-0.9563895319312766,26
3298,103,11,106,5,-0.9583580547252434,6
3299,106,38,104,19,-0.9604760273979325,19
3300,51,26,30,14,-0.9638359516152128,12
3301,17,10,80,4,-0.963899909949846,6
3302,114,30,102,16,-0.9680544759122797,14
3303,51,50,37,23,-0.9710667257210696,27
3304,87,16,14,9,-0.9719183858987275,7
3305,51,40,53,20,-0.9719493528973238,20
3306,17,26,114,15,-0.9721557918960135,11
3307,5,65,107,33,-0.9748363761521153,32
3308,17,24,49,14,-0.9759498596955529,10
3309,31,33,51,19,-0.9782499075201476,14
3310,17,29,50,16,-0.9785385252670543,13
3311,54,67,8,32,-0.9788096362147561,35
3312,51,53,87,27,-0.9813193495830127,26
3313,38,20,88,12,-0.9864828692912241,8
3314,111,17,23,7,-0.9902411232186308,10
3315,30,13,9,7,-0.9935090532750581,6
3316,17,37,37,21,-0.9978108601802036,16
3317,7,39,114,21,-1.0047894280060643,18
3318,93,11,114,5,-1.0049906589581687,6
3319,75,43,13,23,-1.0053644322647692,20
3320,8,17,27,8,-1.0060239190851221,9
3321,107,28,98,14,-1.0170960211152535,14
3322,86,21,34,10,-1.0205156655851415,11
3323,33,10,70,5,-1.0222975969230645,5
3324,44,20,63,11,-1.0233184771026504,9
3325,16,24,102,12,-1.0260354064972297,12
3326,87,41,11,19,-1.0271101816892427,22
3327,7,22,35,11,-1.02999883395421,11
3328,3,14,45,7,-1.0349134798027073,7
3329,65,88,54,46,-1.035330745536819,42
3330,88,21,90,10,-1.0373159148886413,11
3331,69,19,114,11,-1.0427404151557151,8
3332,102,28,54,14,-1.047082814800161,14
3333,13,32,20,16,-1.0473604323868067,16
3334,40,37,16,20,-1.0479395774839417,17
3335,48,18,20,10,-1.0556464172960118,8
3336,87,35,18,19,-1.059533339757231,16
3337,13,15,48,8,-1.0613216453157563,7
3338,109,30,104,15,-1.063865849600061,15
3339,20,43,8,22,-1.0648602565838075,21
3340,8,55,70,28,-1.0665028298167962,27
3341,16,20,19,10,-1.0669030303438123,10
3342,1,11,62,6,-1.066921406702268,5
3343,66,12,106,7,-1.0707591278531368,5
3344,37,20,67,11,-1.0707700527635244,9
3345,94,17,86,9,-1.0744055611514147,8
3346,9,48,68,25,-1.0746763617541837,23
3347,97,19,64,10,-1.0748997556854094,9
3348,74,13,40,7,-1.0901529369074696,6
3349,11,16,14,9,-1.0923565448715815,7
3350,33,16,54,9,-1.1000953180608284,7
3351,17,11,77,6,-1.1006600247668523,5
3352,106,39,70,19,-1.1024614638047292,20
3353,11,53,16,24,-1.1029332419268028,29
3354,2,18,96,9,-1.1039761816908782,9
3355,45,19,40,10,-1.1043531225931214,9
3356,47,12,91,6,-1.104710696366028,6
3357,55,13,73,7,-1.1082443575059588,6
3358,40,47,63,25,-1.1085655861732648,22
3359,65,85,7,41,-1.1151148094385757,44
3360,88,18,61,8,-1.1254133453483963,10
3361,114,13,33,6,-1.1286658148323805,7
3362,31,26,3,12,-1.1304098830558946,14
3363,106,26,36,13,-1.1307287364062808,13
3364,16,47,23,25,-1.1335884234619735,22
3365,71,73,60,38,-1.1360670304013198,35
3366,28,17,19,8,-1.1363208466422983,9
3367,58,26,9,14,-1.1451265480110817,12
3368,57,29,86,16,-1.15572047999834,13
3369,84,26,109,14,-1.1610711079523313,12
3370,27,16,47,9,-1.1658557312566071,7
3371,74,14,12,7,-1.1676100167547812,7
3372,54,30,84,16,-1.1752338053025533,14
3373,49,42,88,22,-1.178560438139783,20
3374,43,17,69,9,-1.1823687630105748,8
3375,84,21,65,10,-1.1865836314134661,11
3376,109,25,25,13,-1.1927554377225942,12
3377,74,51,16,27,-1.1989524884769094,24
3378,65,25,11,14,-1.2017242876914815,11
3379,7,44,63,26,-1.2086828652803665,18
3380,97,33,25,17,-1.2112097532933461,16
3381,88,42,64,23,-1.2118692904336803,19
3382,74,11,98,6,-1.2137114800422124,5
3383,13,16,34,8,-1.2161363855934937,8
3384,9,26,71,14,-1.2262156519313807,12
3385,95,16,63,8,-1.233969730193377,8
3386,31,25,71,13,-1.2380158081615502,12
3387,4,30,107,15,-1.2387516471106224,15
3388,43,12,104,7,-1.2430962980218272,5
3389,15,16,114,8,-1.2433363941042066,8
3390,68,15,85,9,-1.244925118447266,6
3391,71,10,1,6,-1.2456643982922142,4
3392,89,10,65,5,-1.2467666872041385,5
3393,48,11,23,6,-1.24848877392944,5
3394,16,30,109,15,-1.2499451161124762,15
3395,33,22,16,13,-1.2507199492720238,9
3396,63,45,68,23,-1.2529349748796315,22
3397,99,26,55,14,-1.260544955494955,12
3398,13,86,68,46,-1.262088827990567,40
3399,14,15,107,7,-1.262180496300674,8
3400,65,27,50,14,-1.2644687002361992,13
3401,27,15,15,8,-1.2723977319780557,7
3402,51,30,50,15,-1.277023353905357,15
3403,109,20,97,10,-1.2834069052578214,10
3404,102,17,11,8,-1.2862551218754503,9
3405,74,22,2,12,-1.2925512141562505,10
3406,60,43,65,25,-1.2925574145160876,18
3407,88,57,87,27,-1.297249266486386,30
3408,13,44,5,23,-1.3023509853743016,21
3409,51,26,57,13,-1.3040115636389955,13
3410,102,11,70,4,-1.3043211125718082,7
3411,108,12,37,6,-1.3047215727540855,6
3412,86,13,6,7,-1.306297639697856,6
3413,51,12,32,6,-1.314434714983353,6
3414,8,16,10,9,-1.3145513780375313,7
3415,55,17,3,9,-1.3172267439478242,8
3416,80,18,74,9,-1.3199661328668575,9
3417,80,30,16,16,-1.3220466579095416,14
3418,109,25,60,13,-1.3235251021634893,12
3419,65,13,61,6,-1.3279652478825155,7
3420,37,66,8,34,-1.3357403383797612,32
3421,7,48,71,23,-1.3388864417450879,25
3422,90,17,84,9,-1.3434141546201466,8
3423,17,19,34,10,-1.3462228712398685,9
3424,88,37,97,19,-1.3490743629309028,18
3425,70,39,107,19,-1.3599998705907195,20
3426,30,26,25,12,-1.3633847180345777,14
3427,23,13,27,6,-1.3665703255989474,7
3428,76,11,90,5,-1.371109786983603,6
3429,48,10,75,5,-1.3711471542080287,5
3430,69,11,6,5,-1.3727715082405267,6
3431,41,30,106,15,-1.3806292559177735,15
3432,7,31,95,17,-1.3809406634768695,14
3433,11,41,50,22,-1.3816262941644981,19
3434,29,11,36,5,-1.3837445576600587,6
3435,37,13,43,6,-1.39155356085389,7
3436,16,25,44,12,-1.3924747988210244,13
3437,83,15,7,9,-1.3943529604549403,6
3438,9,13,91,7,-1.3946381880594534,6
3439,56,10,16,6,-1.398489957964547,4
3440,44,12,75,7,-1.3998373775330364,5
3441,15,15,19,8,-1.4005013555537056,7
3442,95,17,70,8,-1.4011695857654913,9
3443,40,16,12,8,-1.412082266616442,8
3444,15,10,29,5,-1.4162984507050822,5
3445,60,22,15,12,-1.4197687048169967,10
3446,45,35,36,16,-1.4232731245081227,19
3447,107,32,1,16,-1.4233414848511377,16
3448,29,10,34,5,-1.4253595347909924,5
3449,87,20,43,10,-1.427338225046271,10
3450,41,70,65,39,-1.4285809086277088,31
3451,107,48,41,27,-1.4315677718498419,21
3452,25,28,50,14,-1.4391705454909016,14
3453,97,21,20,10,-1.4395279608818727,11
3454,70,20,39,11,-1.442415337141408,9
3455,30,14,38,6,-1.4430439721156856,8
3456,63,55,106,28,-1.4485566818099482,27
3457,88,62,46,31,-1.4519317579443416,31
3458,55,30,53,16,-1.4538038424746405,14
3459,13,25,11,13,-1.4555242943364795,12
3460,89,16,50,9,-1.4560158637801313,7
3461,38,16,8,8,-1.4562520429495762,8
3462,83,23,25,13,-1.459720188055496,10
3463,55,64,86,34,-1.4599929257917068,30
3464,47,21,31,11,-1.4606130980712662,10
3465,68,61,65,32,-1.4611429296521323,29
3466,23,16,112,9,-1.4656028868993891,7
3467,11,34,39,18,-1.465948119767099,16
3468,40,13,57,7,-1.4659794198664808,6
3469,2,32,86,16,-1.4682447143488924,16
3470,32,17,11,8,-1.4729852723414758,9
3471,63,15,73,7,-1.4760785674332912,8
3472,65,95,63,49,-1.4782558749123067,46
3473,54,51,87,28,-1.4805638305796713,23
3474,13,59,4,32,-1.4911690163054772,27
3475,112,13,17,7,-1.4911982516586844,6
3476,5,52,46,28,-1.4974094901037482,24
3477,108,17,50,8,-1.5013768012598367,9
3478,16,23,72,12,-1.5111602221334142,11
3479,5,63,28,32,-1.5122016375527894,31
3480,16,62,60,32,-1.5124094579213385,30
3481,28,50,13,26,-1.5141990662429579,24
3482,55,12,46,7,-1.514859018089955,5
3483,8,12,43,6,-1.5194230889621378,6
3484,16,39,57,20,-1.520475985317875,19
3485,51,23,71,12,-1.5213301920130475,11
3486,37,14,35,7,-1.523131742310598,7
3487,88,34,1,17,-1.5234508852206479,17
3488,27,12,55,6,-1.525741771773817,6
3489,53,13,29,8,-1.5317670028644754,5
3490,45,23,13,12,-1.5362814776486233,11
3491,46,25,97,13,-1.53794225986029,12
3492,60,52,51,30,-1.5379585605411297,22
3493,74,61,107,33,-1.5445233108407423,28
3494,112,11,74,6,-1.5465866625881939,5
3495,43,12,57,8,-1.547683226037978,4
3496,74,26,11,14,-1.5483769164487973,12
3497,111,27,16,15,-1.5488999004290869,12
3498,14,15,106,7,-1.552388543907857,8
3499,83,23,104,13,-1.5563880557352991,10
3500,100,12,97,6,-1.5601199386945845,6
3501,28,66,8,35,-1.5619285888266068,31
3502,111,14,9,7,-1.5621342613374538,7
3503,43,12,58,6,-1.565331234676389,6
3504,86,100,106,52,-1.5692663469089445,48
3505,88,58,40,31,-1.5715316879527899,27
3506,46,25,60,13,-1.5735893742532685,12
3507,86,57,109,30,-1.577851437379931,27
3508,90,22,55,10,-1.578656952498874,12
3509,86,28,85,15,-1.581828832446796,13
3510,25,15,2,7,-1.5845186001024019,8
3511,90,10,64,5,-1.5921132093044663,5
3512,30,18,99,10,-1.5949338139614573,8
3513,13,29,57,14,-1.5991365759102387,15
3514,35,12,30,6,-1.603184870407585,6
3515,43,13,70,7,-1.6071210379776915,6
3516,114,41,16,23,-1.6232837485706122,18
3517,9,20,112,10,-1.6257132685716436,10
3518,107,15,79,9,-1.6267301484362864,6
3519,96,19,39,11,-1.6315253594413601,8
3520,41,78,7,40,-1.6316845641232842,38
3521,80,12,38,7,-1.640066144596355,5
3522,39,10,69,5,-1.6443957977700934,5
3523,68,23,36,12,-1.6511686348202665,11
3524,107,72,51,41,-1.6514383219647333,31
3525,17,32,107,17,-1.6568754180103662,15
3526,48,19,106,10,-1.6634533717988316,9
3527,28,49,87,25,-1.6675925043761979,24
3528,31,28,45,15,-1.6710870406691087,13
3529,51,44,17,22,-1.6728455376724487,22
3530,114,29,54,14,-1.6786165794472785,15
3531,69,18,50,8,-1.6863624004387787,10
3532,106,34,68,18,-1.6879506890966793,16
3533,46,23,9,13,-1.6945658865661515,10
3534,40,74,7,41,-1.6955910385318649,33
3535,23,25,51,13,-1.6961813528047356,12
3536,23,15,36,6,-1.6972875274185715,9
3537,102,16,20,8,-1.6989391239814924,8
3538,37,10,48,5,-1.703593750319215,5
3539,72,10,107,5,-1.705354365459133,5
3540,68,18,12,10,-1.7063434948857852,8
3541,65,10,19,6,-1.7065840533404568,4
3542,7,40,54,21,-1.7088310244062668,19
3543,43,14,109,7,-1.712926735873305,7
3544,40,46,9,25,-1.7148595920822798,21
3545,38,32,86,17,-1.7164597494651734,15
3546,60,15,11,8,-1.7209935269520753,7
3547,45,19,16,11,-1.7223541453976996,8
3548,45,15,63,8,-1.7260545689947928,7
3549,50,11,83,5,-1.7272952536822093,6
3550,12,13,50,5,-1.7279667161947843,8
3551,75,19,70,9,-1.7314858975507368,10
3552,106,19,48,10,-1.7335189393534853,9
3553,81,22,88,12,-1.7392542924502719,10
3554,88,37,36,21,-1.7392851936744331,16
3555,23,26,8,13,-1.7400762718841147,13
3556,6,11,18,6,-1.7414584600944745,5
3557,36,33,60,17,-1.7416473627060742,16
3558,107,38,97,19,-1.7507246476170446,19
3559,68,31,4,16,-1.7510661926181545,15
3560,70,26,84,14,-1.7530345342228948,12
3561,13,54,49,27,-1.754775255922875,27
3562,20,13,15,7,-1.7590701497423389,6
3563,110,11,88,5,-1.7642228121429868,6
3564,76,21,109,10,-1.7708841969163658,11
3565,16,62,104,33,-1.7780277088526335,29
3566,84,13,102,7,-1.7793224025292758,6
3567,102,24,16,13,-1.7801591114112068,11
3568,90,25,37,13,-1.7816453937181784,12
3569,43,15,27,7,-1.8001576129442598,8
3570,25,22,36,11,-1.8071440138268584,11
3571,8,12,29,7,-1.8103420658743297,5
3572,111,18,40,9,-1.8104998545748818,9
3573,28,18,79,10,-1.8130893193426156,8
3574,109,11,71,6,-1.819641782820222,5
3575,99,13,102,7,-1.8212893413036864,6
3576,114,13,44,7,-1.8263733365516708,6
3577,3,11,106,6,-1.8270221877820196,5
3578,13,29,74,15,-1.8278354237299068,14
3579,49,20,54,10,-1.8291542659227744,10
3580,3,30,39,15,-1.830220006872886,15
3581,64,28,87,14,-1.8322246607811434,14
3582,96,38,84,19,-1.835648682700679,19
3583,20,30,114,16,-1.839540566254475,14
3584,74,16,108,9,-1.8418942666566782,7
3585,97,22,53,12,-1.8492466822191078,10
3586,49,19,68,10,-1.8557521090513993,9
3587,106,61,87,31,-1.8566326197242504,30
3588,13,25,38,12,-1.856740998480051,13
3589,112,12,1,5,-1.8601342085761716,7
3590,5,95,37,49,-1.865428870342572,46
3591,54,26,17,13,-1.867393134138254,13
3592,68,48,107,26,-1.873122748974768,22
3593,79,14,8,6,-1.8787453444383126,8
3594,8,41,2,21,-1.8848654476169693,20
3595,64,23,25,12,-1.8857238852847689,11
3596,106,35,20,19,-1.890590591428699,16
3597,65,29,43,14,-1.9015147557652619,15
3598,88,13,14,7,-1.902096229341472,6
3599,72,23,13,11,-1.9088240128305705,12
3600,29,10,79,4,-1.9153428194366313,6
3601,17,11,110,6,-1.9155371371930654,5
3602,106,32,97,16,-1.9159665785715099,16
3603,76,11,99,5,-1.9173589523208336,6
3604,41,21,70,10,-1.9198471114809519,11
3605,68,69,51,34,-1.921220343962444,35
3606,64,43,53,23,-1.9214578200473016,20
3607,18,21,114,11,-1.923577249757447,10
3608,86,56,114,29,-1.9239569797033842,27
3609,40,19,70,11,-1.9276789997691202,8
3610,84,38,87,20,-1.9318820493391857,18
3611,97,14,23,7,-1.9330528734436563,7
3612,107,29,108,15,-1.9359475071214494,14
3613,98,10,32,5,-1.9380052263831622,5
3614,104,13,110,8,-1.9388474450810558,5
3615,31,14,23,8,-1.9392936999416424,6
3616,55,20,25,11,-1.9429576796619947,9
3617,64,34,36,17,-1.9485056781764598,17
3618,71,12,78,6,-1.9545808326383198,6
3619,35,11,50,6,-1.9581460146246743,5
3620,109,52,28,29,-1.9670439498401113,23
3621,76,18,41,8,-1.972404836446448,10
3622,15,15,64,7,-1.974538086287131,8
3623,53,28,95,17,-1.9769373995573178,11
3624,76,46,106,22,-1.9803869538705086,24
3625,25,38,28,22,-1.983389891159918,16
3626,4,19,53,10,-1.987694792892672,9
3627,86,55,70,30,-1.99170528882216,25
3628,50,38,13,20,-1.9937674166002943,18
3629,112,15,104,8,-1.9939359727925703,7
3630,7,24,69,12,-1.9945381002011557,12
3631,28,87,16,47,-2.0038366917622867,40
3632,97,22,83,10,-2.007636873207568,12
3633,90,36,8,20,-2.01946478207178,16
3634,87,30,75,16,-2.024772500508876,14
3635,13,11,32,6,-2.026181507027533,5
3636,114,14,91,7,-2.031242634143396,7
3637,79,11,55,6,-2.0315889229013417,5
3638,63,12,58,5,-2.0345686518653676,7
3639,88,14,89,7,-2.035463499061412,7
3640,74,19,100,10,-2.0359479445815105,9
3641,39,21,12,11,-2.0360468271825893,10
3642,60,24,90,14,-2.039727571926182,10
3643,51,34,18,17,-2.042743355152735,17
3644,51,63,40,33,-2.0429256811029024,30
3645,39,31,64,17,-2.0431697239809092,14
3646,88,21,93,12,-2.047097578055207,9
3647,80,31,65,16,-2.05091984654234,15
3648,100,15,64,9,-2.056156801472098,6
3649,90,45,86,25,-2.0574221764428238,20
3650,84,18,10,10,-2.0636207036438514,8
3651,88,12,79,7,-2.0642453169607626,5
3652,63,10,82,5,-2.0779758612966877,5
3653,65,47,74,24,-2.0847963525870905,23
3654,28,55,88,30,-2.0851563159512985,25
3655,91,12,17,7,-2.0932516032559643,5
3656,8,22,97,11,-2.094799206270941,11
3657,55,34,83,17,-2.0962093979720193,17
3658,38,11,12,6,-2.1101018439230717,5
3659,33,12,74,6,-2.113811361821,6
3660,64,20,1,10,-2.116432620959366,10
3661,37,38,65,19,-2.116557677432621,19
3662,70,11,53,6,-2.117480208536356,5
3663,69,13,94,7,-2.1206512773898547,6
3664,57,17,3,9,-2.122949214466389,8
3665,84,26,37,14,-2.1240499046478805,12
3666,43,16,35,8,-2.1256405181906706,8
3667,76,13,34,6,-2.1338119769299584,7
3668,74,14,88,9,-2.16536396125082,5
3669,84,31,16,16,-2.1667249344371378,15
3670,54,75,86,39,-2.1689438842347455,36
3671,39,11,33,6,-2.1701558874520313,5
3672,93,16,84,8,-2.173203038685071,8
3673,70,26,63,14,-2.1813121472430432,12
3674,87,21,27,11,-2.182191127775442,10
3675,11,36,63,21,-2.184303425155536,15
3676,94,12,65,7,-2.1843330518571347,5
3677,74,64,8,36,-2.1866220406514896,28
3678,54,10,31,5,-2.1866689261471493,5
3679,39,20,62,10,-2.1906158630571055,10
3680,88,63,60,35,-2.2053487740970468,28
3681,96,50,5,28,-2.21142719225076,22
3682,55,84,8,42,-2.212352121108186,42
3683,99,13,98,6,-2.22125816779338,7
3684,33,11,88,5,-2.224220943421554,6
3685,16,18,34,10,-2.225189084516704,8
3686,25,16,90,9,-2.226157693683706,7
3687,74,27,20,15,-2.230377352624161,12
3688,104,35,87,17,-2.2393020839894078,18
3689,11,18,7,10,-2.23932059026862,8
3690,27,10,70,5,-2.243263258457554,5
3691,4,38,88,20,-2.24592170041755,18
3692,65,88,13,48,-2.2487937244898935,40
3693,54,14,41,7,-2.2511014360561394,7
3694,20,13,69,7,-2.2532252345201647,6
3695,25,30,95,16,-2.25397314365567,14
3696,88,45,106,26,-2.2639858690375605,19
3697,7,12,85,7,-2.267272935114745,5
3698,96,66,28,35,-2.2674069446039327,31
3699,31,10,61,5,-2.2696136748473594,5
3700,71,16,80,8,-2.2753923838048147,8
3701,35,20,88,10,-2.2787018333731495,10
3702,114,38,63,23,-2.2836807270192585,15
3703,74,46,37,24,-2.2838690954080456,22
3704,4,13,106,6,-2.287883468044352,7
3705,45,18,114,10,-2.292094813707231,8
3706,5,24,100,13,-2.2932427434044693,11
3707,65,33,97,18,-2.294354223312199,15
3708,109,16,68,10,-2.29851232062389,6
3709,32,21,86,11,-2.2989864902239,10
3710,109,13,23,7,-2.3017906431791286,6
3711,102,22,109,12,-2.303194855526112,10
3712,50,12,58,6,-2.303376752943112,6
3713,48,17,109,9,-2.3066244801907967,8
3714,12,39,65,20,-2.311622607173606,19
3715,91,32,88,17,-2.315767764685103,15
3716,60,26,3,14,-2.3182866914035363,12
3717,102,21,104,10,-2.320627297470276,11
3718,64,23,50,12,-2.3285304422785043,11
3719,5,51,109,26,-2.3285813949081646,25
3720,53,28,25,14,-2.3301510854690832,14
3721,86,16,29,9,-2.3399676619619454,7
3722,50,13,6,7,-2.341492332331065,6
3723,37,58,107,31,-2.3520883092822156,27
3724,31,36,4,21,-2.3535355966794675,15
3725,109,14,96,8,-2.3566759619593642,6
3726,11,51,8,28,-2.360316345482966,23
3727,5,23,99,12,-2.3616219022642833,11
3728,39,46,63,28,-2.3626947638130464,18
3729,70,19,7,12,-2.364945757295021,7
3730,50,24,40,14,-2.3671440474550494,10
3731,112,19,50,11,-2.3689643473531765,8
3732,96,55,8,30,-2.3714393570924233,25
3733,68,106,7,57,-2.372479004873661,49
3734,17,21,68,12,-2.3748596984894563,9
3735,107,40,71,23,-2.3760609676092477,17
3736,17,23,8,12,-2.380809098241683,11
3737,17,31,13,17,-2.3811485805577353,14
3738,56,13,75,8,-2.3840139649043506,5
3739,104,25,96,14,-2.3866419839158355,11
3740,71,21,4,13,-2.3871750117365993,8
3741,95,40,104,22,-2.389034218387607,18
3742,8,12,111,6,-2.390343846489093,6
3743,87,22,83,11,-2.3903571419434884,11
3744,63,17,17,9,-2.392516388601692,8
3745,87,22,29,13,-2.3927220644385314,9
3746,28,38,46,22,-2.3990178798165633,16
3747,8,10,56,6,-2.4000860547179794,4
3748,80,26,20,14,-2.4033351571638573,12
3749,69,18,9,10,-2.4050002453980612,8
3750,38,21,68,12,-2.407021082950757,9
3751,51,24,47,12,-2.4094573680997575,12
3752,93,33,8,17,-2.4111455321691304,16
3753,92,11,65,6,-2.411285975254871,5
3754,39,35,71,19,-2.4158892555534424,16
3755,54,17,94,9,-2.418369665890047,8
3756,25,46,107,24,-2.4187485647838773,22
3757,99,11,109,6,-2.419517402501058,5
3758,46,10,19,6,-2.4222799818056533,4
3759,1,22,60,12,-2.4237761384069962,10
3760,75,20,91,7,-2.4323694332612673,13
3761,51,19,14,12,-2.4338441230915153,7
3762,77,15,49,9,-2.4346952489630187,6
3763,64,37,107,19,-2.435414553814307,18
3764,106,39,55,22,-2.4381392466666045,17
3765,86,18,12,10,-2.4382543520920796,8
3766,88,31,96,16,-2.4406464912019885,15
3767,50,10,32,4,-2.4440541907162716,6
3768,3,20,28,11,-2.459553189839291,9
3769,69,17,74,8,-2.466497282082454,9
3770,74,40,87,22,-2.4671563114027464,18
3771,81,17,4,10,-2.467812477706327,7
3772,9,61,7,31,-2.4756046461152823,30
3773,65,56,28,31,-2.47697674242904,25
3774,39,30,95,16,-2.481130681096556,14
3775,111,11,18,6,-2.489910872635885,5
3776,3,20,65,11,-2.4971368500383213,9
3777,109,18,37,10,-2.5010134043415313,8
3778,51,70,88,34,-2.5063635186764337,36
3779,96,37,106,21,-2.5084238105055885,16
3780,55,43,75,25,-2.5125301308500276,18
3781,36,15,12,8,-2.5163199425137495,7
3782,54,34,80,17,-2.5244394841569355,17
3783,50,32,39,17,-2.524569549657206,15
3784,4,18,39,10,-2.5267698999647226,8
3785,27,11,29,8,-2.527100742470983,3
3786,51,45,8,24,-2.5271962911390995,21
3787,9,33,36,18,-2.527924078037467,15
3788,95,20,20,11,-2.5325274069422727,9
3789,60,50,39,26,-2.5355246842136108,24
3790,60,11,111,7,-2.535604443502029,4
3791,41,23,57,13,-2.5447184483511474,10
3792,38,20,64,11,-2.5449420802693488,9
3793,36,74,7,40,-2.54935875079736,34
3794,1,19,73,11,-2.5534291003907295,8
3795,83,16,51,10,-2.556300922595479,6
3796,63,10,83,4,-2.557624644664858,6
3797,46,33,107,17,-2.56289839559973,16
3798,51,43,28,22,-2.5635290356109595,21
3799,87,13,92,7,-2.5651869545632544,6
3800,107,50,50,26,-2.5656690703128167,24
3801,3,13,69,8,-2.5732249505733895,5
3802,107,49,11,27,-2.5761241944086906,22
3803,107,21,94,13,-2.5762275157795087,8
3804,71,14,69,7,-2.582352607553779,7
3805,68,42,27,23,-2.583742966038123,19
3806,7,50,104,27,-2.5854072339864174,23
3807,87,25,71,13,-2.590103521421834,12
3808,18,33,86,19,-2.5923706641316473,14
3809,109,10,1,5,-2.592960677140225,5
3810,31,23,39,13,-2.5934090452929364,10
3811,27,19,40,8,-2.5947052105553348,11
3812,78,23,13,13,-2.5954318163056995,10
3813,91,23,36,13,-2.600483205457647,10
3814,107,25,85,13,-2.601380149286501,12
3815,90,37,107,19,-2.6015860655240464,18
3816,1,29,40,16,-2.608102727316189,13
3817,86,20,93,11,-2.6126285193850958,9
3818,40,16,11,9,-2.612795985816362,7
3819,2,13,76,8,-2.6134640032331116,5
3820,64,28,75,15,-2.614396425436705,13
3821,41,12,11,8,-2.6159479780993316,4
3822,86,36,91,19,-2.627461430980282,17
3823,11,10,15,5,-2.630075529152564,5
3824,39,30,17,17,-2.63473827504273,13
3825,54,13,110,7,-2.6358849029934492,6
3826,106,10,10,7,-2.639964127087713,3
3827,72,15,54,8,-2.641293556986857,7
3828,95,14,33,8,-2.6415453896084555,6
3829,6,17,88,9,-2.643401887191552,8
3830,5,60,16,35,-2.643518445682432,25
3831,37,21,30,12,-2.6448172779185537,9
3832,86,43,23,23,-2.6484576158238538,20
3833,8,24,30,13,-2.6514132136935475,11
3834,65,48,53,25,-2.6519126498591334,23
3835,36,13,57,8,-2.653116090105381,5
3836,88,29,92,16,-2.65412565592523,13
3837,91,13,74,7,-2.658254293210725,6
3838,76,10,47,3,-2.6595736051653853,7
3839,27,49,7,26,-2.6647214457148434,23
3840,98,13,19,6,-2.6648484010439395,7
3841,74,25,114,13,-2.666972342657448,12
3842,13,89,16,50,-2.6688051579681162,39
3843,75,18,95,10,-2.672802736686619,8
3844,44,17,25,9,-2.673535476281759,8
3845,5,25,39,13,-2.6791322172692884,12
3846,17,17,90,8,-2.680753861205159,9
3847,35,11,13,6,-2.684594978225239,5
3848,71,40,65,23,-2.6867803351656674,17
3849,88,40,11,22,-2.6877923972728404,18
3850,107,31,34,18,-2.70586109085048,13
3851,70,16,49,8,-2.7131214221068403,8
3852,80,11,95,6,-2.7197438471090796,5
3853,28,50,11,26,-2.7199624016130106,24
3854,70,31,104,17,-2.7208109249750048,14
3855,88,53,55,31,-2.721264805593774,22
3856,34,12,75,6,-2.7327928404854562,6
3857,106,50,65,27,-2.735321183024918,23
3858,63,12,99,6,-2.7377253409939377,6
3859,104,22,97,11,-2.7396377781056187,11
3860,8,12,112,6,-2.740736306324458,6
3861,112,23,63,12,-2.74696539057072,11
3862,60,31,18,17,-2.759241709022921,14
3863,8,79,86,40,-2.762520741926732,39
3864,28,99,86,55,-2.762726515499761,44
3865,77,17,5,9,-2.7658375671945885,8
3866,40,11,38,5,-2.771552043064858,6
3867,10,11,5,5,-2.7716738654503192,6
3868,91,31,28,17,-2.78581966806185,14
3869,97,15,9,7,-2.7891659901703596,8
3870,36,13,100,7,-2.7923934619121096,6
3871,1,26,7,14,-2.793205495238504,12
3872,86,43,9,24,-2.7938250291777984,19
3873,114,25,4,13,-2.7973762559419417,12
3874,109,20,50,11,-2.798084616202662,9
3875,54,14,29,7,-2.799406704814975,7
3876,112,14,106,7,-2.805082024542768,7
3877,41,15,99,8,-2.808167291861728,7
3878,36,32,1,16,-2.8095303452930684,16
3879,48,17,65,10,-2.813018636762518,7
3880,98,12,39,7,-2.813957257779375,5
3881,47,13,64,8,-2.821240379057225,5
3882,71,13,18,7,-2.821320109059578,6
3883,38,21,16,13,-2.8217292489636367,8
3884,109,14,40,8,-2.8243745319718685,6
3885,81,23,53,13,-2.832269045840244,10
3886,74,33,104,19,-2.832959821636547,14
3887,23,19,95,10,-2.8404436396815522,9
3888,104,13,23,8,-2.8445076862849517,5
3889,76,24,46,13,-2.8453201116747966,11
3890,44,13,28,6,-2.846139863099275,7
3891,51,50,54,27,-2.848646635461052,23
3892,33,13,97,7,-2.8486496222061595,6
3893,18,20,74,10,-2.8496142222224696,10
3894,17,27,7,15,-2.85132939083683,12
3895,57,17,68,9,-2.8518699569408628,8
3896,96,16,73,9,-2.853430398009382,7
3897,99,18,51,9,-2.8534777973740635,9
3898,104,35,39,19,-2.8536678809946237,16
3899,13,14,14,9,-2.860640889165118,5
3900,65,25,15,14,-2.862354953283159,11
3901,63,23,46,11,-2.867241869896345,12
3902,20,42,87,22,-2.869120615934056,20
3903,69,21,87,12,-2.8736651185365396,9
3904,75,21,27,11,-2.8742147115996155,10
3905,60,23,63,13,-2.8746236800640066,10
3906,16,13,85,8,-2.8813506371354958,5
3907,65,11,85,6,-2.8887980695165383,5
3908,74,24,75,14,-2.8903655619324415,10
3909,55,71,13,38,-2.895942627228282,33
3910,70,10,44,5,-2.8975248911261424,5
3911,112,10,45,6,-2.897726145007349,4
3912,108,13,71,7,-2.8992906212622866,6
3913,37,19,91,10,-2.9050960547005253,9
3914,79,15,7,8,-2.9111710091731053,7
3915,108,12,25,7,-2.9132670669268257,5
3916,106,19,102,9,-2.9207255392565092,10
3917,86,82,74,43,-2.9212877807151494,39
3918,3,17,104,9,-2.92201179658475,8
3919,63,31,9,17,-2.9234885327226117,14
3920,100,24,8,14,-2.9246971191484055,10
3921,3,15,61,7,-2.93476140357165,8
3922,87,20,36,12,-2.9355732508976633,8
3923,41,46,51,25,-2.9363641975371872,21
3924,76,17,30,10,-2.9372015853586078,7
3925,40,32,41,17,-2.946728808508273,15
3926,65,20,18,10,-2.9468351166959508,10
3927,8,16,80,8,-2.9519293865537106,8
3928,46,23,114,13,-2.9631435316072414,10
3929,57,18,25,10,-2.964934950553877,8
3930,53,11,47,6,-2.967218161853792,5
3931,78,14,28,7,-2.969090445302413,7
3932,37,21,2,11,-2.96975801126945,10
3933,112,26,107,14,-2.9722716119302315,12
3934,4,32,36,19,-2.9739066740354194,13
3935,106,36,84,18,-2.9754739608250116,18
3936,68,21,15,12,-2.975870120390014,9
3937,94,15,112,9,-2.986690933398207,6
3938,7,25,100,14,-2.9877637593718043,11
3939,60,17,38,10,-2.989624968675235,7
3940,18,10,27,5,-2.996654278290003,5
3941,69,11,4,6,-2.9994841766617175,5
3942,34,14,96,8,-3.001763014782562,6
3943,20,37,88,19,-3.003632967463921,18
3944,60,22,78,11,-3.004783076060726,11
3945,37,47,20,25,-3.0049852144749636,22
3946,29,16,7,7,-3.0054928601317066,9
3947,7,27,6,12,-3.013941061604383,15
3948,107,18,6,10,-3.0150078164829837,8
3949,84,86,86,44,-3.0278103260571707,42
3950,99,12,27,6,-3.0280763102634345,6
3951,49,16,65,9,-3.0342561495428084,7
3952,3,10,62,6,-3.0368788868426506,4
3953,65,39,25,23,-3.0368934823131157,16
3954,96,13,38,7,-3.0422152322461713,6
3955,86,42,71,22,-3.0606693617391714,20
3956,55,14,48,8,-3.0636269177668387,6
3957,29,21,16,11,-3.0641104333581,10
3958,25,18,71,10,-3.0644100067848146,8
3959,114,40,60,18,-3.0670908685799043,22
3960,55,22,20,12,-3.0673393388469985,10
3961,25,30,75,17,-3.069551733540898,13
3962,41,11,74,5,-3.0735662157516845,6
3963,63,40,74,21,-3.0803940829456544,19
3964,87,14,45,8,-3.086220297325659,6
3965,68,26,30,13,-3.090420567188214,13
3966,91,10,64,6,-3.0993479020870796,4
3967,68,14,99,8,-3.100103615084465,6
3968,27,13,74,6,-3.1002755903304386,7
3969,60,15,92,9,-3.101629065738581,6
3970,106,25,109,13,-3.1028448270841773,12
3971,86,91,63,53,-3.106277287763664,38
3972,4,24,50,12,-3.1105592371369597,12
3973,17,25,25,14,-3.1106502600539105,11
3974,80,11,36,6,-3.1158574211756616,5
3975,19,15,43,9,-3.1352117650756752,6
3976,43,11,112,6,-3.1359235341148506,5
3977,49,49,39,28,-3.144181923934282,21
3978,23,23,75,11,-3.148733601092015,12
3979,82,21,86,12,-3.1586560919846263,9
3980,1,36,68,20,-3.1610454054119046,16
3981,62,17,13,9,-3.161295276739798,8
3982,74,14,90,9,-3.168061351028922,5
3983,86,16,110,9,-3.1694821197260485,7
3984,60,25,106,15,-3.171261503808182,10
3985,7,32,43,19,-3.1749602918386843,13
3986,65,25,83,13,-3.1850517665827933,12
3987,48,21,11,12,-3.1860024351672225,9
3988,50,54,37,28,-3.1883352760136074,26
3989,5,61,88,32,-3.1946532218196624,29
3990,81,14,68,8,-3.1985312995714845,6
3991,5,49,55,27,-3.198953177181802,22
3992,39,41,36,23,-3.1998605067578225,18
3993,76,12,44,7,-3.2019945343572456,5
3994,17,28,106,17,-3.2039846830051117,11
3995,60,15,84,10,-3.2064037329190676,5
3996,31,47,60,23,-3.2094707274879264,24
3997,97,19,50,11,-3.210625734622642,8
3998,74,16,17,9,-3.21177055102783,7
3999,23,19,64,10,-3.2123729115980186,9
4000,100,11,9,7,-3.213107615631007,4
4001,28,39,55,23,-3.2184704312839756,16
4002,63,29,97,16,-3.219195053710692,13
4003,7,55,23,30,-3.222928305376168,25
4004,16,21,4,10,-3.223993814900797,11
4005,35,18,16,11,-3.2305329948687067,7
4006,87,21,2,12,-3.2308938185741103,9
4007,97,10,56,5,-3.2314262120369195,5
4008,36,49,107,26,-3.234838704648262,23
4009,60,25,99,14,-3.238194459102709,11
4010,8,18,68,10,-3.2434866605613224,8
4011,16,45,41,23,-3.2495789716339614,22
4012,6,15,68,9,-3.251551578791195,6
4013,25,47,114,27,-3.2540864225169766,20
4014,95,14,84,8,-3.2568961944145873,6
4015,74,24,7,15,-3.257493143792889,9
4016,95,14,76,8,-3.257651508839797,6
4017,54,56,28,31,-3.262278028179984,25
4018,7,114,13,62,-3.264302615697635,52
4019,93,14,70,8,-3.2714518634318708,6
4020,67,13,114,7,-3.274670651234843,6
4021,86,49,60,27,-3.2754717222931737,22
4022,47,22,107,12,-3.281473065538478,10
4023,77,22,86,13,-3.282390155462016,9
4024,8,74,16,42,-3.2995823254465315,32
4025,5,60,104,32,-3.3007473735225057,28
4026,48,29,28,16,-3.3030143286202387,13
4027,15,12,28,6,-3.307663426492388,6
4028,66,11,86,6,-3.309294151623436,5
4029,75,31,60,17,-3.313915862803686,14
4030,84,16,97,10,-3.316428205809935,6
4031,50,19,41,11,-3.331657114556132,8
4032,76,13,71,6,-3.3359186512389036,7
4033,5,13,68,7,-3.3380294056441127,6
4034,98,20,54,11,-3.3414082574983,9
4035,33,13,75,8,-3.342736023465549,5
4036,70,47,16,27,-3.3445553948476245,20
4037,91,15,40,8,-3.345577169162442,7
4038,20,10,83,5,-3.347889825164404,5
4039,107,15,14,9,-3.3479962116917545,6
4040,70,30,88,17,-3.3524090493184286,13
4041,3,12,54,6,-3.3552278990212483,6
4042,47,24,16,13,-3.3618794644533065,11
4043,8,23,14,13,-3.3634201583462153,10
4044,97,25,54,13,-3.364815342765676,12
4045,20,17,40,10,-3.3649339637959637,7
4046,55,56,107,30,-3.369618935589803,26
4047,44,13,100,7,-3.3720452657314217,6
4048,3,11,77,7,-3.3795584613523006,4
4049,98,15,73,8,-3.3800553651819163,7
4050,55,28,36,15,-3.383336577257353,13
4051,9,28,60,17,-3.384232112219374,11
4052,88,13,19,7,-3.3883003963549876,6
4053,55,48,39,27,-3.3894226122709816,21
4054,104,10,73,6,-3.391491099464731,4
4055,28,13,4,7,-3.3940824912486858,6
4056,87,29,76,17,-3.3995265465111264,12
4057,84,29,55,16,-3.4012305577969593,13
4058,98,26,104,12,-3.4091853213510745,14
4059,36,11,17,5,-3.417273645156755,6
4060,37,12,4,7,-3.4218717037755084,5
4061,25,31,102,17,-3.4382241991917164,14
4062,51,87,13,46,-3.440625812579818,41
4063,39,29,114,15,-3.4411172111260955,14
4064,40,58,60,32,-3.4423663485116376,26
4065,55,28,76,17,-3.4438952481653042,11
4066,46,25,68,14,-3.4494659871080535,11
4067,23,21,37,11,-3.4530437057487418,10
4068,5,23,33,12,-3.454327509177194,11
4069,20,27,11,16,-3.455641949633459,11
4070,51,49,106,27,-3.457607975311812,22
4071,5,60,74,32,-3.4699961467083447,28
4072,16,14,73,7,-3.4738693799097957,7
4073,81,10,23,6,-3.4745303728026347,4
4074,54,57,96,29,-3.47661338595835,28
4075,18,16,55,8,-3.481046717374471,8
4076,70,20,25,11,-3.484518115943737,9
4077,71,18,12,10,-3.4874429459484335,8
4078,51,30,36,16,-3.4874600225025065,14
4079,36,13,62,7,-3.489528327052378,6
4080,114,36,97,20,-3.494809729950691,16
4081,9,26,50,15,-3.4989626487903873,11
4082,63,18,49,10,-3.500149915800845,8
4083,39,12,1,5,-3.502316135418237,7
4084,23,16,74,9,-3.5053157619270587,7
4085,33,10,49,6,-3.5057518320537775,4
4086,104,38,8,21,-3.5073414065674897,17
4087,106,50,107,27,-3.5165007722129795,23
4088,17,39,16,24,-3.519303718783672,15
4089,43,18,63,10,-3.5248517337852396,8
4090,112,10,69,6,-3.52766053414011,4
4091,76,17,20,8,-3.5278207011714757,9
4092,25,17,93,9,-3.530039788975629,8
4093,65,19,77,10,-3.5341053048936772,9
4094,7,15,44,8,-3.535266020755452,7
4095,69,26,88,15,-3.536532050456282,11
4096,36,65,40,37,-3.5400829247343655,28
4097,76,27,28,14,-3.5440767696346973,13
4098,69,12,19,7,-3.554077533016781,5
4099,4,13,30,7,-3.554167963462701,6
4100,57,13,23,7,-3.554408044637194,6
4101,36,19,28,10,-3.554999615354126,9
4102,86,90,7,52,-3.5577462755235434,38
4103,33,11,64,7,-3.558110801858625,4
4104,69,25,41,16,-3.5647588534800048,9
4105,3,15,81,9,-3.5653849933326986,6
4106,23,12,33,7,-3.5712223539857573,5
4107,28,50,20,28,-3.5784154895374147,22
4108,95,10,97,6,-3.58943247133478,4
4109,71,13,58,7,-3.5901555481142533,6
4110,112,28,65,16,-3.591244371403726,12
4111,91,13,102,7,-3.5942640564526322,6
4112,94,13,55,7,-3.6120696685756326,6
4113,28,26,80,14,-3.6230809501897747,12
4114,18,19,43,9,-3.6267699505365183,10
4115,87,107,86,55,-3.6292274243498333,52
4116,108,14,75,8,-3.634090811617301,6
4117,107,72,88,41,-3.6375933381747343,31
4118,78,31,86,17,-3.6423086524867028,14
4119,70,10,14,5,-3.6470421341148493,5
4120,2,19,16,11,-3.6499962386684315,8
4121,50,13,27,8,-3.6503401008022798,5
4122,65,47,23,25,-3.650632324208862,22
4123,18,11,17,5,-3.6519056838531805,6
4124,112,35,86,20,-3.651933901410972,15
4125,9,15,109,7,-3.6538651478462696,8
4126,32,21,107,11,-3.6546977761524695,10
4127,71,10,90,5,-3.656103603020123,5
4128,23,22,63,13,-3.656375723040438,9
4129,100,11,53,6,-3.6569500587649983,5
4130,96,33,97,17,-3.6574389351582637,16
4131,19,11,9,6,-3.6655477701213557,5
4132,51,26,108,14,-3.669690549423146,12
4133,87,25,80,14,-3.671802865102298,11
4134,27,12,71,7,-3.672482180614423,5
4135,68,14,101,9,-3.6742625668258904,5
4136,55,19,34,10,-3.680955248563573,9
4137,51,37,114,19,-3.6824882422691596,18
4138,53,48,39,27,-3.685116242956752,21
4139,28,25,60,12,-3.7035703279957386,13
4140,43,17,106,9,-3.706853967971227,8
4141,5,21,15,13,-3.7147342263498238,8
4142,27,31,16,18,-3.7151603873312804,13
4143,60,14,89,7,-3.723763452657912,7
4144,81,17,39,10,-3.728914203220536,7
4145,94,23,43,12,-3.734495197976475,11
4146,25,65,86,35,-3.735239092039536,30
4147,4,13,1,8,-3.7360390878519714,5
4148,63,21,78,11,-3.742726093893203,10
4149,40,42,53,23,-3.7429391558119995,19
4150,30,12,19,7,-3.743863776224434,5
4151,48,14,34,7,-3.7470296454732153,7
4152,53,55,18,30,-3.7518428116438605,25
4153,109,33,51,21,-3.752003613096799,12
4154,70,26,68,14,-3.7558298330273767,12
4155,15,13,47,7,-3.7602698343279473,6
4156,40,69,13,38,-3.7693846533253215,31
4157,86,11,61,6,-3.7696501037689543,5
4158,54,22,15,11,-3.7704013204125912,11
4159,65,90,16,51,-3.773083718958,39
4160,4,19,63,11,-3.7758336578086884,8
4161,92,13,104,6,-3.7768187223532292,7
4162,23,48,107,26,-3.7778307981128196,22
4163,65,74,104,40,-3.778164926289779,34
4164,93,10,7,5,-3.7802315490169662,5
4165,37,12,94,7,-3.788108137633397,5
4166,60,13,80,7,-3.788360223509818,6
4167,86,11,19,6,-3.7947428736900837,5
4168,104,13,20,8,-3.7974160411444697,5
4169,5,16,110,9,-3.8138584796050923,7
4170,91,28,5,17,-3.814625093066516,11
4171,3,10,49,6,-3.8208441036339096,4
4172,4,21,55,11,-3.821660634263143,10
4173,64,14,44,8,-3.824222642884567,6
4174,3,11,4,6,-3.825046392091852,5
4175,66,12,60,8,-3.8266322198174065,4
4176,87,16,44,9,-3.826754946057649,7
4177,51,30,70,16,-3.8297117807076546,14
4178,87,38,30,21,-3.8298987122526276,17
4179,13,26,91,14,-3.8317482607331113,12
4180,46,13,38,8,-3.8338597693432233,5
4181,7,26,20,14,-3.839940256500115,12
4182,31,23,18,12,-3.8430258307678655,11
4183,31,11,28,6,-3.845374758093618,5
4184,54,50,46,28,-3.846547643547206,22
4185,111,34,65,20,-3.8475275648066676,14
4186,114,25,41,13,-3.8544949021986654,12
4187,68,11,108,6,-3.86884903956731,5
4188,87,36,95,20,-3.8694007735692093,16
4189,98,13,18,6,-3.8754830902904,7
4190,108,11,30,6,-3.88226795119385,5
4191,17,27,28,15,-3.885054779321748,12
4192,46,44,51,25,-3.8852508517734274,19
4193,17,15,11,8,-3.886158778436342,7
4194,62,13,76,7,-3.8913968956310074,6
4195,11,44,55,26,-3.8920841591670357,18
4196,20,13,18,8,-3.8928283548315483,5
4197,57,23,28,13,-3.8971175709019774,10
4198,37,26,102,15,-3.901578428361024,11
4199,49,19,98,10,-3.906322793569991,9
4200,54,13,79,8,-3.90846253808764,5
4201,96,21,60,14,-3.9124280698247627,7
4202,107,77,13,42,-3.914079646733591,35
4203,86,13,89,6,-3.9174928376954097,7
4204,57,14,27,7,-3.917684721013121,7
4205,70,38,37,22,-3.9227382855891673,16
4206,2,28,5,16,-3.923277825320168,12
4207,50,11,57,7,-3.929027822248146,4
4208,16,35,97,19,-3.9340820840887147,16
4209,97,10,80,6,-3.9365866928471034,4
4210,93,11,3,5,-3.9394735942906975,6
4211,1,33,13,20,-3.9436595279590825,13
4212,40,11,6,6,-3.9442678680230827,5
4213,39,27,27,13,-3.949968449730081,14
4214,104,50,88,29,-3.9536343834384904,21
4215,17,34,65,21,-3.9540701507148897,13
4216,93,24,74,13,-3.960101768879081,11
4217,14,12,96,7,-3.975747798085754,5
4218,86,109,16,62,-3.9916454008042868,47
4219,31,12,66,7,-4.0087548725586535,5
4220,29,22,84,12,-4.010792122781038,10
4221,54,36,55,19,-4.011039158800405,17
4222,110,20,8,12,-4.013172679497405,8
4223,107,90,87,50,-4.0132668328555114,40
4224,51,44,104,27,-4.015424408222765,17
4225,47,13,71,7,-4.030916530509354,6
4226,38,18,9,10,-4.035727579019443,8
4227,43,10,1,5,-4.03897671575872,5
4228,109,33,88,19,-4.04309303959431,14
4229,50,21,7,11,-4.045740478776831,10
4230,40,10,32,5,-4.050021677419869,5
4231,69,27,51,16,-4.050423840769318,11
4232,38,10,34,6,-4.0610942900478735,4
4233,38,13,51,8,-4.063140921851932,5
4234,95,10,43,6,-4.0633983206079485,4
4235,60,38,87,20,-4.070682609249087,18
4236,5,117,86,66,-4.074944655375777,51
4237,94,14,27,8,-4.085881599597419,6
4238,50,22,74,12,-4.086243740312161,10
4239,19,11,36,6,-4.0885902184216905,5
4240,97,21,87,13,-4.089970328864312,8
4241,35,24,20,14,-4.098728722002913,10
4242,93,20,83,11,-4.100880722204593,9
4243,107,24,29,16,-4.11282325489859,8
4244,102,31,28,17,-4.12543311995288,14
4245,65,22,45,11,-4.125923170388699,11
4246,104,32,76,19,-4.135711821894891,13
4247,20,11,71,7,-4.136430557393971,4
4248,69,11,11,7,-4.1379214913131195,4
4249,62,15,100,8,-4.138737945522875,7
4250,87,29,3,17,-4.140165197233932,12
4251,71,47,53,27,-4.141303557057988,20
4252,77,28,13,16,-4.142553833006349,12
4253,73,13,20,8,-4.146065391689571,5
4254,68,61,88,35,-4.146986844469408,26
4255,17,12,99,7,-4.14837583337694,5
4256,3,13,96,7,-4.14984060644092,6
4257,62,10,60,6,-4.155747625311636,4
4258,62,29,86,16,-4.168140003828562,13
4259,7,18,80,11,-4.182061930373812,7
4260,25,27,23,15,-4.182190113226027,12
4261,48,14,7,7,-4.194687020035504,7
4262,100,18,23,11,-4.197161790157007,7
4263,40,11,15,6,-4.201647176656486,5
4264,36,56,65,32,-4.205692860728475,24
4265,68,41,41,23,-4.207626519911899,18
4266,46,59,86,36,-4.218640718519182,23
4267,107,20,93,12,-4.219148957246671,8
4268,31,21,87,11,-4.220659397575877,10
4269,18,19,4,11,-4.220670692754493,8
4270,44,11,71,6,-4.223524348839462,5
4271,65,16,109,11,-4.2330518085976205,5
4272,74,12,31,7,-4.240578281890586,5
4273,34,14,106,7,-4.243674039664674,7
4274,29,12,9,7,-4.247154248113976,5
4275,100,23,28,14,-4.248332726114695,9
4276,80,17,104,9,-4.256665633473226,8
4277,87,33,23,20,-4.2566804889481435,13
4278,107,30,91,18,-4.264126621091654,12
4279,16,16,103,9,-4.27064958267566,7
4280,96,12,33,5,-4.271042933020871,7
4281,12,18,88,10,-4.271852106961349,8
4282,54,27,9,15,-4.272544772651764,12
4283,104,54,86,30,-4.276251009605023,24
4284,94,11,100,7,-4.286480272832311,4
4285,3,10,19,6,-4.287838931107965,4
4286,54,63,20,33,-4.290782184792433,30
4287,54,30,30,17,-4.295304900191639,13
4288,44,21,20,12,-4.299103845073811,9
4289,38,22,7,12,-4.300171500471751,10
4290,54,28,25,16,-4.300413553073274,12
4291,53,27,106,14,-4.302319600135899,13
4292,109,22,20,14,-4.302333411252665,8
4293,71,42,16,25,-4.3051763919274695,17
4294,52,10,50,5,-4.308197298973348,5
4295,20,19,17,11,-4.3112321942034,8
4296,17,23,97,13,-4.313428551304956,10
4297,71,14,70,7,-4.315612188206777,7
4298,40,22,4,12,-4.316643149060896,10
4299,37,23,98,13,-4.327931130640238,10
4300,87,64,8,36,-4.329007020305176,28
4301,41,19,95,11,-4.332143979792176,8
4302,22,12,60,7,-4.334241842742782,5
4303,65,29,70,18,-4.3439841796636145,11
4304,6,16,65,9,-4.346168811124812,7
4305,88,24,47,13,-4.347102674354305,11
4306,54,31,104,17,-4.355933806560285,14
4307,71,31,64,19,-4.35947313780117,12
4308,46,60,13,35,-4.360950810750817,25
4309,11,13,33,6,-4.365968233102095,7
4310,107,23,15,15,-4.368401053922578,8
4311,23,23,40,13,-4.36842332680331,10
4312,58,13,55,7,-4.369004483506263,6
4313,9,24,55,14,-4.371040618945101,10
4314,51,12,85,6,-4.372397467367475,6
4315,98,13,60,7,-4.372454949323837,6
4316,108,22,16,13,-4.375459621458665,9
4317,25,33,87,18,-4.379098196808543,15
4318,49,24,87,12,-4.380791657180536,12
4319,34,10,11,5,-4.381561363587703,5
4320,76,23,65,14,-4.385586505985179,9
4321,19,14,84,8,-4.389790408696801,6
4322,43,26,51,14,-4.390788502279346,12
4323,86,20,111,12,-4.3910837466552355,8
4324,62,27,107,13,-4.3911794083852564,14
4325,112,16,41,9,-4.393369197219724,7
4326,38,32,107,19,-4.39393220007557,13
4327,63,29,64,16,-4.39496095596168,13
4328,29,10,11,5,-4.395627118404059,5
4329,64,20,114,12,-4.407773657880816,8
4330,57,12,64,7,-4.4096800085415095,5
4331,53,64,7,36,-4.416213736910661,28
4332,13,30,99,17,-4.420966828834257,13
4333,87,20,102,12,-4.423994697827658,8
4334,20,14,23,8,-4.42777867543601,6
4335,53,35,16,21,-4.432680586189367,14
4336,88,11,45,7,-4.4416566980945715,4
4337,51,24,1,13,-4.443642769643949,11
4338,109,15,95,9,-4.444131433700797,6
4339,37,33,13,19,-4.448467961015428,14
4340,50,42,2,24,-4.448957186147167,18
4341,12,12,6,6,-4.448996636056325,6
4342,31,67,7,38,-4.453212370234459,29
4343,16,44,95,24,-4.453378575583385,20
4344,73,12,50,8,-4.454782630059153,4
4345,97,11,77,7,-4.454901155383999,4
4346,64,15,49,8,-4.458412060664094,7
4347,88,43,75,25,-4.458661851679064,18
4348,50,15,3,8,-4.464463620895281,7
4349,32,18,37,10,-4.466542082918519,8
4350,57,10,91,5,-4.468260927215542,5
4351,25,31,96,17,-4.472832877552798,14
4352,107,33,95,18,-4.475609109265347,15
4353,17,15,100,10,-4.475659273933987,5
4354,11,15,93,10,-4.484686270589563,5
4355,37,15,93,9,-4.4934456656390305,6
4356,112,20,75,12,-4.4989690721071325,8
4357,86,32,49,17,-4.5004605608482375,15
4358,43,13,17,7,-4.501405777799932,6
4359,110,13,87,8,-4.501644038521952,5
4360,104,10,62,7,-4.506645682517949,3
4361,69,10,80,5,-4.508733977407145,5
4362,29,16,28,9,-4.513248021932703,7
4363,107,76,65,43,-4.516107565519854,33
4364,55,43,37,23,-4.516821858156877,20
4365,28,71,50,41,-4.530365152854882,30
4366,75,23,106,12,-4.532198108241345,11
4367,68,28,71,17,-4.532265816801446,11
4368,19,16,87,9,-4.535796546816003,7
4369,102,24,8,13,-4.537070383836358,11
4370,76,24,23,13,-4.537606040144393,11
4371,15,18,99,11,-4.551461310618722,7
4372,46,15,83,8,-4.551826612706302,7
4373,23,15,70,8,-4.554568026577778,7
4374,104,16,99,8,-4.562749239239297,8
4375,95,14,99,8,-4.572737764013027,6
4376,58,23,7,12,-4.575034525669345,11
4377,65,16,99,9,-4.579704538683142,7
4378,71,25,28,15,-4.584215619303487,10
4379,8,30,60,16,-4.584471076654315,14
4380,96,32,50,18,-4.592653394244437,14
4381,95,13,77,7,-4.601493224452909,6
4382,30,11,23,6,-4.601908928188203,5
4383,3,35,7,21,-4.603775118928218,14
4384,66,10,88,6,-4.60434245546846,4
4385,86,72,37,40,-4.607837359690986,32
4386,9,17,49,9,-4.620658268254684,8
4387,51,106,16,59,-4.626612846472604,47
4388,110,15,106,8,-4.633960085739299,7
4389,25,22,60,12,-4.636282806493915,10
4390,109,19,73,11,-4.637139105733963,8
4391,13,14,73,8,-4.6427133386229835,6
4392,16,21,6,11,-4.642825718029856,10
4393,96,39,63,24,-4.649023449526139,15
4394,25,15,27,8,-4.649655011418167,7
4395,60,29,30,19,-4.653426738413294,10
4396,47,15,25,8,-4.655390231832644,7
4397,98,14,55,9,-4.662824671110213,5
4398,64,13,80,7,-4.665596394208,6
4399,8,12,52,7,-4.669562642233976,5
4400,64,48,13,25,-4.670216629866639,23
4401,107,45,100,23,-4.672548796065786,22
4402,5,16,71,9,-4.686451238703376,7
4403,41,26,60,14,-4.687979614839917,12
4404,62,10,97,6,-4.689387738532959,4
4405,58,13,51,7,-4.6987757235739265,6
4406,60,45,55,25,-4.699539635247212,20
4407,18,31,88,17,-4.699584875943505,14
4408,80,14,11,8,-4.704407754517106,6
4409,46,23,20,15,-4.708713070266484,8
4410,71,16,43,8,-4.709770232299069,8
4411,18,37,28,20,-4.710953949587104,17
4412,72,10,15,6,-4.7131251167737505,4
4413,12,14,74,8,-4.7158981291394015,6
4414,86,17,47,10,-4.720142586161406,7
4415,75,14,15,9,-4.7291616067808215,5
4416,46,11,6,6,-4.730994669309113,5
4417,84,48,51,28,-4.731865068752452,20
4418,57,26,84,13,-4.733523061947013,13
4419,46,41,8,22,-4.737192297274267,19
4420,3,11,97,7,-4.7402730889790226,4
4421,65,57,55,32,-4.74405737741087,25
4422,77,16,25,9,-4.745845616411638,7
4423,5,30,90,18,-4.752640516818982,12
4424,50,16,93,10,-4.755526241513055,6
4425,79,15,63,9,-4.756289291055939,6
4426,41,31,64,19,-4.758473174288668,12
4427,97,16,60,8,-4.770560692259115,8
4428,31,15,12,8,-4.770632464521183,7
4429,70,13,90,7,-4.771084444295363,6
4430,17,14,1,8,-4.774691835698866,6
4431,34,13,78,7,-4.775374082125243,6
4432,94,14,114,7,-4.775696268753724,7
4433,29,12,46,5,-4.775703546529658,7
4434,5,12,9,7,-4.777710715122403,5
4435,50,48,87,26,-4.778093921608591,22
4436,9,52,88,30,-4.7788733200067295,22
4437,5,33,76,19,-4.788314400539968,14
4438,1,17,9,8,-4.79405950293998,9
4439,20,13,52,8,-4.795236183864801,5
4440,9,29,8,14,-4.796436219845456,15
4441,25,11,111,6,-4.797175922879397,5
4442,96,22,75,15,-4.80138149231193,7
4443,108,13,96,7,-4.805162668071275,6
4444,85,11,69,6,-4.808257383801068,5
4445,106,25,2,14,-4.808494527305082,11
4446,106,12,6,7,-4.810944704219048,5
4447,8,30,83,16,-4.811627367676455,14
4448,85,11,74,6,-4.812388004493803,5
4449,13,19,19,11,-4.8164478623381655,8
4450,68,27,23,14,-4.819829270426411,13
4451,54,15,14,10,-4.820525855929131,5
4452,25,19,31,10,-4.823839301099763,9
4453,51,35,27,21,-4.824832158001017,14
4454,67,15,8,9,-4.8319098461555825,6
4455,52,15,87,8,-4.832747531124254,7
4456,39,39,75,21,-4.835166255544909,18
4457,64,20,83,11,-4.840996077098241,9
4458,51,30,5,19,-4.841333405150811,11
4459,107,98,16,61,-4.84345233386622,37
4460,38,10,20,7,-4.844230675667009,3
4461,7,101,16,57,-4.849773607468415,44
4462,100,23,104,14,-4.850527098250833,9
4463,32,12,97,7,-4.851459349576838,5
4464,107,12,52,8,-4.8612628499818085,4
4465,89,10,5,7,-4.862465640901751,3
4466,106,54,37,29,-4.865641247327304,25
4467,57,27,87,16,-4.871666288606831,11
4468,88,12,85,7,-4.873754317610231,5
4469,18,15,81,9,-4.877040041598751,6
4470,114,11,30,6,-4.882071098465157,5
4471,95,11,69,7,-4.882909765417962,4
4472,86,37,100,19,-4.884574935292559,18
4473,3,12,8,5,-4.887819375016217,7
4474,9,44,65,26,-4.887961308210908,18
4475,71,25,62,14,-4.888439777720532,11
4476,84,59,28,34,-4.889044052283284,25
4477,5,39,83,21,-4.890865835189012,18
4478,88,96,7,54,-4.898871034458087,42
4479,28,12,38,6,-4.907164394244693,6
4480,108,12,54,8,-4.909695920764134,4
4481,106,56,74,32,-4.924754963776778,24
4482,107,37,76,24,-4.925206406547868,13
4483,36,40,86,23,-4.927433251240003,17
4484,20,14,19,8,-4.927700194569555,6
4485,9,22,114,15,-4.931319071415344,7
4486,88,42,23,26,-4.935782926079016,16
4487,54,19,85,12,-4.939303305813312,7
4488,28,27,93,17,-4.941127481170006,10
4489,87,14,77,8,-4.94240192025149,6
4490,49,12,76,7,-4.943121216792114,5
4491,68,19,56,10,-4.94813216675333,9
4492,84,21,9,12,-4.948134531388217,9
4493,68,54,16,33,-4.950237425751292,21
4494,8,32,13,19,-4.955794878282507,13
4495,100,14,19,7,-4.958125375081998,7
4496,77,18,39,10,-4.961640817784316,8
4497,90,23,96,14,-4.963939687748077,9
4498,38,16,109,10,-4.9644619615709695,6
4499,78,23,84,14,-4.964497842539364,9
4500,107,49,40,30,-4.964616090179718,19
4501,93,11,29,6,-4.975125458266239,5
4502,47,30,7,18,-4.980252625346254,12
4503,15,17,23,10,-4.9841342107101605,7
4504,31,23,50,13,-4.991999785997781,10
4505,71,15,74,8,-4.993812181109021,7
4506,63,30,104,17,-4.993963037729945,13
4507,68,12,32,8,-4.994599728673894,4
4508,87,21,94,12,-5.000044556975337,9
4509,106,41,7,21,-5.003800212982272,20
4510,5,26,93,16,-5.004460526821323,10
4511,49,35,16,20,-5.007093096161222,15
4512,63,14,81,8,-5.016441825370757,6
4513,13,32,63,18,-5.025476860594202,14
4514,52,12,65,8,-5.036995856643753,4
4515,79,14,11,7,-5.038711911658494,7
4516,39,57,86,31,-5.0403229243330765,26
4517,9,41,75,24,-5.040607611984742,17
4518,27,13,28,9,-5.051194542399679,4
4519,63,29,55,16,-5.056066807562622,13
4520,71,32,30,18,-5.06395312621674,14
4521,65,66,87,39,-5.064983553930065,27
4522,65,17,46,11,-5.06610491085495,6
4523,33,13,90,8,-5.072843762888294,5
4524,20,10,32,7,-5.08216341529211,3
4525,95,24,60,14,-5.089480392621887,10
4526,104,25,53,14,-5.094260383198605,11
4527,108,13,28,7,-5.102919930198643,6
4528,70,23,55,13,-5.1032220329288345,10
4529,4,18,75,11,-5.1124286444655915,7
4530,15,12,49,7,-5.113632370703525,5
4531,98,22,11,12,-5.122669345045473,10
4532,58,30,40,16,-5.133397385337809,14
4533,3,21,36,13,-5.136055944816986,8
4534,69,12,40,8,-5.137627663794989,4
4535,51,12,35,7,-5.14727626674268,5
4536,88,15,44,8,-5.148664566159752,7
4537,49,26,107,14,-5.148888284740456,12
4538,9,24,106,14,-5.150083731218861,10
4539,50,28,76,18,-5.1519660961300575,10
4540,28,16,35,8,-5.1531236605423,8
4541,63,54,8,30,-5.156454172512432,24
4542,39,14,111,8,-5.158992286191917,6
4543,5,12,67,7,-5.159840528973067,5
4544,56,11,91,6,-5.160182814393273,5
4545,20,60,107,34,-5.163543558398883,26
4546,55,43,7,26,-5.169021709270008,17
4547,47,26,75,17,-5.17693162231529,9
4548,65,32,64,18,-5.182122584236016,14
4549,97,17,75,10,-5.183439015487436,7
4550,71,10,6,6,-5.19369227829273,4
4551,113,13,40,8,-5.193726392686624,5
4552,89,15,41,9,-5.196780511481055,6
4553,91,12,33,6,-5.213867650447791,6
4554,37,22,40,12,-5.218981261850287,10
4555,106,54,54,29,-5.222938310920249,25
4556,5,11,35,6,-5.226534281744142,5
4557,96,37,20,22,-5.229501973456112,15
4558,112,17,88,10,-5.231027938888665,7
4559,104,19,15,11,-5.23540400775586,8
4560,25,21,91,12,-5.23677892954369,9
4561,16,14,52,8,-5.238731564661997,6
4562,14,15,65,8,-5.239230657167625,7
4563,40,15,98,8,-5.239271076053038,7
4564,40,26,25,15,-5.242222631716463,11
4565,31,11,35,6,-5.255104723881262,5
4566,92,11,28,7,-5.266199037582341,4
4567,88,11,56,6,-5.280224334897691,5
4568,104,63,107,37,-5.28099267630876,26
4569,28,19,14,12,-5.2887953454841945,7
4570,86,21,99,13,-5.291638236148403,8
4571,39,49,40,29,-5.294535177326296,20
4572,22,12,109,7,-5.3030018855523124,5
4573,55,25,111,15,-5.307717141421055,10
4574,66,19,107,11,-5.307859110353936,8
4575,69,24,107,14,-5.312297877274383,10
4576,49,13,28,7,-5.31428031912519,6
4577,96,16,85,11,-5.314304637448896,5
4578,29,15,112,8,-5.316502717217538,7
4579,60,15,61,8,-5.316729344745585,7
4580,9,45,107,25,-5.322061725590964,20
4581,102,14,97,9,-5.335160623731844,5
4582,55,32,80,17,-5.338178788284693,15
4583,19,13,38,9,-5.343954633425735,4
4584,88,86,86,50,-5.345596536414867,36
4585,65,18,62,10,-5.345755023288058,8
4586,88,25,43,15,-5.351866788536154,10
4587,97,35,7,19,-5.356987360153851,16
4588,63,30,75,17,-5.362343223381898,13
4589,8,21,64,13,-5.374033093425483,8
4590,51,31,20,16,-5.3744679490472445,15
4591,17,12,72,7,-5.381050240439904,5
4592,30,18,7,9,-5.390495309133066,9
4593,90,31,54,18,-5.397442007333916,13
4594,64,10,84,7,-5.40179307430533,3
4595,66,11,9,6,-5.404825557202403,5
4596,58,11,4,7,-5.405037105567146,4
4597,37,11,49,6,-5.405793666619149,5
4598,18,18,91,11,-5.437015235679075,7
4599,85,14,28,8,-5.442415032587626,6
4600,51,11,93,6,-5.442643801494352,5
4601,62,13,49,8,-5.442720426362853,5
4602,57,18,97,10,-5.45235309786646,8
4603,71,43,75,27,-5.454468163058883,16
4604,51,10,79,5,-5.454970304114261,5
4605,51,17,62,10,-5.468238395489335,7
4606,75,10,14,6,-5.479308338136782,4
4607,70,23,114,14,-5.484820175107314,9
4608,69,12,47,7,-5.485890015271257,5
4609,40,49,65,28,-5.488110460552834,21
4610,62,10,18,6,-5.493140482819633,4
4611,102,10,67,6,-5.497246561771841,4
4612,75,40,18,23,-5.507084301877023,17
4613,109,13,32,7,-5.508051897308618,6
4614,83,19,95,12,-5.510188596504647,7
4615,9,35,28,19,-5.51465148212954,16
4616,37,59,87,35,-5.516733087496061,24
4617,20,10,62,6,-5.517288163699186,4
4618,13,20,26,13,-5.520285333416164,7
4619,7,33,28,20,-5.522079859732704,13
4620,102,14,33,8,-5.525239013163607,6
4621,88,23,30,12,-5.525413582454541,11
4622,68,45,114,26,-5.528966703625285,19
4623,23,31,106,16,-5.535479536227777,15
4624,87,59,13,36,-5.536518377079212,23
4625,30,12,15,7,-5.538463534767753,5
4626,84,19,13,12,-5.5402984177261425,7
4627,69,26,65,15,-5.540534749641235,11
4628,84,16,75,9,-5.542746956131477,7
4629,75,51,86,28,-5.544222274149607,23
4630,2,22,20,13,-5.544865436021075,9
4631,84,18,25,11,-5.5466876181289715,7
4632,86,68,11,39,-5.547250714348607,29
4633,31,53,36,30,-5.548564460468652,23
4634,25,41,8,25,-5.550067480025435,16
4635,112,27,53,14,-5.555316017681792,13
4636,4,11,46,6,-5.55622187464566,5
4637,95,10,31,6,-5.5581891593402775,4
4638,104,60,37,36,-5.5634752610620195,24
4639,11,26,76,16,-5.5694789783630885,10
4640,69,11,42,6,-5.570250078296482,5
4641,98,10,3,5,-5.570597398737187,5
4642,51,18,11,9,-5.579718415865981,9
4643,94,13,39,8,-5.582337685105467,5
4644,68,21,62,12,-5.5910040455918875,9
4645,43,10,29,6,-5.59128870959519,4
4646,98,17,70,11,-5.604121247592223,6
4647,18,13,38,7,-5.6081144260834686,6
4648,100,36,16,22,-5.608551256780632,14
4649,50,15,100,9,-5.612526049660052,6
4650,90,14,30,8,-5.614315415339312,6
4651,50,48,16,28,-5.617696720442926,20
4652,50,26,95,15,-5.619957219349124,11
4653,5,10,19,6,-5.6233787755961275,4
4654,17,21,5,14,-5.625033929201381,7
4655,73,28,86,15,-5.62531345595925,13
4656,51,46,75,26,-5.632745764536369,20
4657,11,10,85,6,-5.636472097896451,4
4658,98,14,108,8,-5.640790264148575,6
4659,76,17,84,10,-5.642369532504397,7
4660,74,23,73,14,-5.649045009007229,9
4661,97,13,39,8,-5.649731064357227,5
4662,97,10,4,6,-5.649870700339136,4
4663,61,13,9,8,-5.652969843590385,5
4664,68,12,43,7,-5.661402151081362,5
4665,82,11,54,7,-5.66427830231393,4
4666,37,48,16,28,-5.664774565241773,20
4667,99,31,16,18,-5.66581833704302,13
4668,37,39,75,25,-5.670197882049106,14
4669,25,10,94,5,-5.671887186214519,5
4670,12,11,54,6,-5.67450373056912,5
4671,95,10,102,6,-5.68531996234082,4
4672,38,23,63,15,-5.685369937239837,8
4673,55,25,30,15,-5.686463879094617,10
4674,5,46,106,28,-5.689619439430468,18
4675,43,10,23,6,-5.689859175567735,4
4676,32,10,70,5,-5.692479372096212,5
4677,62,17,53,10,-5.701449545318568,7
4678,16,46,30,27,-5.7052419462035315,19
4679,69,13,62,7,-5.706165822809073,6
4680,102,10,23,6,-5.716053822653882,4
4681,37,18,41,11,-5.716493275276267,7
4682,58,15,16,9,-5.72143638547768,6
4683,17,13,98,7,-5.72342530511381,6
4684,51,26,25,15,-5.726135112848949,11
4685,9,14,45,9,-5.727853500458989,5
4686,25,48,13,26,-5.729332953997916,22
4687,108,12,79,8,-5.730876938982656,4
4688,106,42,25,26,-5.737688222420908,16
4689,80,11,19,7,-5.749943576584892,4
4690,77,12,36,7,-5.751140829309579,5
4691,47,13,23,8,-5.7551420632928085,5
4692,53,13,58,6,-5.756559382638664,7
4693,35,19,11,11,-5.768399159544,8
4694,93,19,16,10,-5.776545074834796,9
4695,63,26,98,15,-5.795644107915215,11
4696,55,28,74,16,-5.797157459674131,12
4697,64,45,7,25,-5.8010614589687695,20
4698,31,19,91,12,-5.801858258461768,7
4699,39,23,100,13,-5.8048628915035785,10
4700,13,48,71,27,-5.80513252623681,21
4701,62,38,16,24,-5.806515303304726,14
4702,20,13,79,8,-5.810117746469,5
4703,106,28,80,17,-5.812470547213422,11
4704,5,16,40,9,-5.82052725169565,7
4705,94,17,28,11,-5.821481138029024,6
4706,18,12,3,8,-5.832827231063856,4
4707,87,13,58,8,-5.838329621055198,5
4708,46,37,74,23,-5.850135921281392,14
4709,55,37,104,22,-5.856904127783748,15
4710,84,23,85,15,-5.86164187780166,8
4711,112,20,7,12,-5.863389950487481,8
4712,7,17,34,10,-5.863504951401834,7
4713,95,36,54,20,-5.865979569344108,16
4714,9,17,62,10,-5.866001447424248,7
4715,36,12,46,7,-5.88209418081934,5
4716,74,22,102,13,-5.882481039476403,9
4717,51,34,64,20,-5.888421423830697,14
4718,34,19,109,11,-5.8910600256239505,8
4719,84,34,74,18,-5.89139952158172,16
4720,1,12,46,6,-5.891865749051654,6
4721,45,15,41,10,-5.914462706154762,5
4722,84,18,114,11,-5.917311033591251,7
4723,63,10,93,6,-5.917563250275586,4
4724,114,20,73,12,-5.924435121305104,8
4725,63,45,37,27,-5.933785173114153,18
4726,30,11,74,6,-5.9350135220415146,5
4727,10,13,63,8,-5.94033318775015,5
4728,28,50,104,29,-5.9417102215711495,21
4729,43,15,41,9,-5.943674988011268,6
4730,76,25,98,15,-5.94433744621166,10
4731,53,15,28,9,-5.945744364633271,6
4732,7,15,33,8,-5.9471342175078945,7
4733,14,12,39,7,-5.9475481477923315,5
4734,10,12,97,6,-5.950831581917707,6
4735,8,13,62,9,-5.96110102258686,4
4736,53,52,68,31,-5.964244334939566,21
4737,17,19,104,11,-5.965485227876697,8
4738,40,18,97,11,-5.966918416140385,7
4739,54,12,69,7,-5.973066602774381,5
4740,18,20,64,12,-5.974775055211904,8
4741,31,25,114,14,-5.9918765203954925,11
4742,43,11,15,7,-5.993511447834226,4
4743,3,32,107,17,-5.999011076330671,15
4744,100,19,37,12,-6.000890669706825,7
4745,88,61,65,38,-6.004362907857696,23
4746,81,18,15,10,-6.020952084821453,8
4747,46,20,95,12,-6.027785407812037,8
4748,50,17,91,11,-6.027790824025908,6
4749,86,38,64,22,-6.0307653391474,16
4750,31,31,75,17,-6.03348213428737,14
4751,98,24,7,15,-6.033686003781978,9
4752,32,16,8,9,-6.041444852098721,7
4753,88,11,94,7,-6.041461864182689,4
4754,18,24,63,15,-6.046455003215171,9
4755,28,18,23,10,-6.0662027716624305,8
4756,41,27,23,16,-6.068042449918635,11
4757,48,14,74,7,-6.068043245358376,7
4758,69,10,55,6,-6.075582313218194,4
4759,20,29,70,18,-6.0805113791791925,11
4760,3,16,64,10,-6.081103034121079,6
4761,107,23,111,12,-6.08814286411973,11
4762,112,11,72,6,-6.104465927512499,5
4763,7,12,90,7,-6.108519045195329,5
4764,29,18,39,10,-6.11667916860653,8
4765,31,13,81,9,-6.1171597913254026,4
4766,88,35,25,23,-6.12387967695023,12
4767,79,21,16,13,-6.124885739395438,8
4768,97,24,55,15,-6.128965912516969,9
4769,68,31,54,19,-6.129451922490283,12
4770,112,15,31,10,-6.149641402394962,5
4771,36,47,13,29,-6.167141158071527,18
4772,102,21,57,12,-6.169321397774082,9
4773,76,23,97,13,-6.171425808149793,10
4774,79,28,86,17,-6.172802256726838,11
4775,35,14,55,8,-6.18171019735336,6
4776,71,12,91,7,-6.18747414228945,5
4777,2,28,63,16,-6.200018491851487,12
4778,70,28,74,15,-6.203999405338755,13
4779,84,15,35,9,-6.209299301194262,6
4780,39,24,46,12,-6.210468155976945,12
4781,28,14,47,8,-6.211297191624256,6
4782,76,21,112,11,-6.216605503599088,10
4783,54,34,11,20,-6.217306832795512,14
4784,68,12,72,7,-6.2229147971092145,5
4785,91,42,16,27,-6.227187272730331,15
4786,50,41,104,25,-6.230364171354916,16
4787,49,10,12,7,-6.241633735146607,3
4788,5,17,43,10,-6.250727481432203,7
4789,39,22,92,12,-6.263991845659126,10
4790,95,12,15,7,-6.265255655621161,5
4791,96,11,69,7,-6.268969865653717,4
4792,57,21,11,11,-6.2702253467640325,10
4793,5,45,20,28,-6.270373633442783,17
4794,30,19,20,11,-6.270512840524559,8
4795,65,58,51,36,-6.274656067700197,22
4796,4,21,86,13,-6.2794844995496994,8
4797,41,28,87,17,-6.282239020662331,11
4798,102,11,41,7,-6.282861273718874,4
4799,92,12,16,9,-6.284475222709882,3
4800,64,16,70,11,-6.2860092045587415,5
4801,114,17,23,11,-6.291790840234865,6
4802,29,10,94,6,-6.296652217989038,4
4803,83,16,39,10,-6.297771796270442,6
4804,55,13,29,8,-6.301089833667023,5
4805,57,25,88,14,-6.308509689840414,11
4806,16,40,20,26,-6.318333724670657,14
4807,112,14,54,9,-6.326711825622494,5
4808,111,10,81,7,-6.333917467029675,3
4809,40,22,62,11,-6.340588914856938,11
4810,83,29,86,19,-6.342700324127685,10
4811,112,15,51,9,-6.350376289921741,6
4812,109,28,107,17,-6.354560615276292,11
4813,27,13,92,7,-6.356396578041118,6
4814,28,15,41,9,-6.359689551305938,6
4815,56,21,7,12,-6.361794853449643,9
4816,84,19,30,12,-6.373847364369493,7
4817,69,12,81,7,-6.376661023241456,5
4818,37,20,80,12,-6.401050818487372,8
4819,77,13,106,7,-6.407119934187455,6
4820,54,18,91,10,-6.414686940093467,8
4821,77,19,107,11,-6.4169470483546815,8
4822,33,16,40,11,-6.427211772717695,5
4823,109,20,41,13,-6.432688342356182,7
4824,87,20,4,13,-6.445923142452617,7
4825,28,10,6,6,-6.452419128804086,4
4826,41,10,29,6,-6.453681453868415,4
4827,98,14,78,8,-6.457784687804564,6
4828,29,13,70,7,-6.465173609286503,6
4829,55,17,100,9,-6.46556303644313,8
4830,88,21,108,13,-6.468102581842658,8
4831,43,35,107,22,-6.4686100966239675,13
4832,84,18,98,12,-6.475666713551258,6
4833,9,20,70,13,-6.477071321597405,7
4834,3,27,16,17,-6.483698180671638,10
4835,68,18,20,10,-6.489643733297491,8
4836,53,46,107,28,-6.492903474758716,18
4837,104,10,48,6,-6.493358473776669,4
4838,54,20,1,12,-6.4933945511101445,8
4839,107,21,78,13,-6.50595928798572,8
4840,39,78,16,46,-6.5210913868223725,32
4841,80,13,91,8,-6.531108694088673,5
4842,81,29,86,20,-6.532482502137965,9
4843,55,10,49,6,-6.541972088163769,4
4844,70,58,54,35,-6.543056803225656,23
4845,43,16,3,10,-6.54449942414876,6
4846,18,21,77,14,-6.545250800191178,7
4847,91,25,68,14,-6.550419627313763,11
4848,68,18,58,11,-6.553002087451514,7
4849,25,37,104,21,-6.567754121461538,16
4850,86,32,69,19,-6.569907251295936,13
4851,114,26,53,15,-6.571088082289226,11
4852,13,36,47,22,-6.576234413408801,14
4853,38,25,39,15,-6.576359256983345,10
4854,17,35,86,19,-6.577804427529825,16
4855,20,46,65,29,-6.5828514961702975,17
4856,96,28,65,16,-6.593487230396348,12
4857,30,16,34,10,-6.601140375094156,6
4858,64,21,55,14,-6.604925944972096,7
4859,81,18,71,11,-6.61709770119633,7
4860,75,10,85,7,-6.619293441212882,3
4861,9,14,74,9,-6.620459467868888,5
4862,5,48,25,29,-6.626414170343123,19
4863,37,22,39,13,-6.632156694863052,9
4864,65,30,4,18,-6.635600395573753,12
4865,5,26,32,16,-6.6474470604519045,10
4866,114,15,76,10,-6.653911993113485,5
4867,37,19,71,11,-6.65399605348867,8
4868,87,13,12,8,-6.654704325795005,5
4869,71,11,83,6,-6.6562053803338666,5
4870,55,68,16,43,-6.67390774153019,25
4871,57,25,78,14,-6.680382092155252,11
4872,88,75,54,45,-6.687420775605005,30
4873,62,18,7,11,-6.690218008322474,7
4874,106,11,111,8,-6.697425895741327,3
4875,74,15,83,8,-6.703298030488857,7
4876,12,21,60,10,-6.704537300087495,11
4877,78,14,39,8,-6.71185999456239,6
4878,97,35,28,22,-6.716635909782018,13
4879,32,10,65,6,-6.718474357729474,4
4880,95,11,100,6,-6.722166987268522,5
4881,51,90,86,51,-6.726193388019493,39
4882,95,13,14,8,-6.731405281187272,5
4883,96,38,74,24,-6.731828732252354,14
4884,78,14,40,10,-6.732885786530082,4
4885,48,25,84,16,-6.740791105108492,9
4886,63,18,100,10,-6.742683547587138,8
4887,7,32,45,19,-6.743551275422485,13
4888,68,13,45,8,-6.747691137383073,5
4889,71,10,94,6,-6.748460655059317,4
4890,18,19,30,11,-6.749976540021853,8
4891,90,13,53,8,-6.752088210585149,5
4892,109,12,57,7,-6.758716421545093,5
4893,23,43,13,24,-6.759962036733637,19
4894,107,23,33,13,-6.763493299081546,10
4895,108,10,81,6,-6.778588424753946,4
4896,51,81,39,48,-6.781026894224875,33
4897,87,16,1,9,-6.782771040032775,7
4898,86,16,10,9,-6.796614478147251,7
4899,31,10,55,6,-6.798197972656263,4
4900,71,10,49,6,-6.8003776926672845,4
4901,45,18,60,10,-6.802248227913869,8
4902,114,16,100,10,-6.806713890734191,6
4903,96,20,51,12,-6.8091583197949745,8
4904,9,14,25,9,-6.810304163725227,5
4905,6,21,44,14,-6.81356281665085,7
4906,87,84,16,50,-6.816235536112624,34
4907,4,13,56,7,-6.816273515879698,6
4908,86,40,98,23,-6.818936598158919,17
4909,104,22,30,12,-6.820606807560422,10
4910,66,14,65,9,-6.821265394674894,5
4911,31,69,68,41,-6.8216343585610195,28
4912,106,25,95,16,-6.830338155584793,9
4913,96,14,78,9,-6.830515928543477,5
4914,96,80,86,49,-6.839782165020976,31
4915,54,18,78,11,-6.844050551797868,7
4916,51,99,7,62,-6.849475435937795,37
4917,95,29,13,17,-6.852052215706936,12
4918,96,19,114,12,-6.857320738328298,7
4919,4,43,60,24,-6.864343045215706,19
4920,99,15,106,10,-6.882359612487446,5
4921,84,18,34,10,-6.883555808781154,8
4922,5,47,114,28,-6.885144276646174,19
4923,65,22,90,12,-6.887045978873849,10
4924,88,16,76,9,-6.891817282335724,7
4925,102,14,13,10,-6.907912883852887,4
4926,3,23,114,15,-6.912850093555391,8
4927,30,19,75,11,-6.923427737676235,8
4928,46,21,7,14,-6.93576909674712,7
4929,88,12,99,7,-6.939131232028662,5
4930,93,15,20,8,-6.949708974023015,7
4931,51,25,4,16,-6.952578906103856,9
4932,38,11,2,6,-6.952650087165873,5
4933,63,20,90,12,-6.95733483322538,8
4934,104,18,32,12,-6.959225086389547,6
4935,36,34,16,21,-6.96230955324868,13
4936,97,23,18,14,-6.965163575719862,9
4937,33,17,8,11,-6.9756022430017754,6
4938,35,26,107,17,-6.986606963430159,9
4939,55,20,17,11,-6.987444025974705,9
4940,13,23,111,13,-6.988942249892523,10
4941,1,19,114,12,-6.990089974683046,7
4942,5,15,62,9,-6.9927087595973925,6
4943,48,13,80,9,-6.99747900943173,4
4944,54,26,93,17,-7.002072182522708,9
4945,53,27,87,15,-7.0226395127694765,12
4946,40,15,95,9,-7.026458120737084,6
4947,64,31,16,20,-7.027713443588521,11
4948,68,57,39,33,-7.033027071828933,24
4949,110,10,20,6,-7.040932959044511,4
4950,73,16,65,10,-7.056062739811477,6
4951,36,18,99,12,-7.061516094995873,6
4952,25,21,100,12,-7.062312436550092,9
4953,49,14,50,8,-7.064134383315742,6
4954,98,14,102,8,-7.075813129571892,6
4955,70,35,28,21,-7.078735797739843,14
4956,62,20,28,12,-7.086204539456472,8
4957,39,24,57,14,-7.110575192370114,10
4958,107,12,67,8,-7.124134838046419,4
4959,30,14,100,9,-7.12422480058823,5
4960,67,11,88,8,-7.127393540580368,3
4961,107,57,75,39,-7.131800392099847,18
4962,54,58,63,36,-7.1339646628869025,22
4963,87,26,90,16,-7.134749793973536,10
4964,91,27,87,17,-7.142016410462964,10
4965,55,50,40,31,-7.142420946012767,19
4966,60,17,5,11,-7.144002600647478,6
4967,103,10,88,6,-7.1465830918406095,4
4968,37,14,29,8,-7.14724630286853,6
4969,60,12,34,8,-7.148158666349012,4
4970,84,18,38,10,-7.154125748328735,8
4971,14,14,86,8,-7.166696838482464,6
4972,88,109,16,68,-7.167573523139394,41
4973,112,16,36,10,-7.175574629533439,6
4974,63,20,27,11,-7.19472225275396,9
4975,13,32,81,20,-7.194897673585073,12
4976,35,13,27,8,-7.215256796262468,5
4977,40,20,35,13,-7.223846117897835,7
4978,106,60,13,37,-7.224822308695077,23
4979,3,16,15,9,-7.226872372846494,7
4980,62,16,54,10,-7.236680580960736,6
4981,81,14,114,8,-7.238705590547008,6
4982,40,27,114,18,-7.240772461331045,9
4983,75,10,20,6,-7.241047227766171,4
4984,5,14,31,9,-7.246607645789562,5
4985,41,21,20,12,-7.246750485082598,9
4986,90,13,46,8,-7.250761878801305,5
4987,93,12,98,7,-7.251352809271133,5
4988,10,12,11,7,-7.252899748629005,5
4989,81,19,75,12,-7.259552889264539,7
4990,27,15,6,9,-7.265927261688611,6
4991,98,17,20,11,-7.267496359610283,6
4992,70,16,110,10,-7.267896542251016,6
4993,96,10,62,7,-7.268496266352443,3
4994,57,13,106,7,-7.272492874678534,6
4995,68,20,55,13,-7.273979151335479,7
4996,13,42,114,23,-7.284350704257173,19
4997,98,20,13,13,-7.284404613166717,7
4998,29,16,97,10,-7.284915525257297,6
4999,40,31,43,18,-7.287691070183636,13
5000,61,11,47,7,-7.295405799949464,4
5001,9,17,17,10,-7.295940921809663,7
5002,40,33,54,20,-7.298767912387552,13
5003,106,24,39,14,-7.312269199982411,10
5004,55,26,109,14,-7.3182997081126135,12
5005,65,23,1,13,-7.319832649719675,10
5006,5,42,70,25,-7.323141246130922,17
5007,107,32,2,20,-7.328844122982543,12
5008,68,26,97,16,-7.331657709218834,10
5009,2,16,75,9,-7.332326563651874,7
5010,16,19,81,12,-7.334894223977404,7
5011,104,41,40,26,-7.342291894534161,15
5012,8,25,73,15,-7.3587900254771785,10
5013,23,13,49,8,-7.360298065336568,5
5014,114,10,77,6,-7.365477220397804,4
5015,33,16,25,11,-7.36592627296452,5
5016,80,14,31,10,-7.367135464628977,4
5017,74,15,34,10,-7.367415754617588,5
5018,54,35,13,22,-7.373225396669802,13
5019,71,10,73,6,-7.373234065194552,4
5020,16,50,75,30,-7.388425679021318,20
5021,51,13,72,7,-7.389012124503452,6
5022,5,10,1,6,-7.391988711274882,4
5023,84,35,20,24,-7.397610796744058,11
5024,19,11,64,8,-7.409166426273504,3
5025,41,34,36,18,-7.412500474371831,16
5026,91,19,8,12,-7.416456742894205,7
5027,109,44,54,28,-7.42149631612999,16
5028,43,11,34,7,-7.424240308041095,4
5029,87,49,7,31,-7.4314438134316605,18
5030,43,17,64,10,-7.438967254563773,7
5031,84,28,8,18,-7.447150756775401,10
5032,75,30,46,18,-7.449361290092636,12
5033,97,53,86,32,-7.453774682156136,21
5034,112,23,13,13,-7.456901431626585,10
5035,110,21,37,12,-7.457046552670356,9
5036,53,12,45,7,-7.463487107897495,5
5037,81,10,28,6,-7.472696801730325,4
5038,31,37,64,23,-7.4738922265185375,14
5039,43,32,16,21,-7.4754066874217795,11
5040,63,15,108,9,-7.475559971035059,6
5041,36,14,70,8,-7.476080415111231,6
5042,89,10,48,7,-7.47675761274391,3
5043,96,11,41,8,-7.480521636982391,3
5044,60,30,54,19,-7.494934117874264,11
5045,50,13,15,8,-7.509982415529958,5
5046,84,15,43,9,-7.511290434631542,6
5047,12,19,53,11,-7.511441486905761,8
5048,3,24,88,15,-7.5117017749719,9
5049,77,18,55,11,-7.520653437888105,7
5050,55,11,6,8,-7.526848268362213,3
5051,46,10,85,7,-7.538229298143678,3
5052,68,66,40,42,-7.570321994315703,24
5053,5,14,34,10,-7.5706698448560905,4
5054,77,12,46,7,-7.574271980014295,5
5055,114,31,28,18,-7.584853881328922,13
5056,36,10,72,6,-7.585561627806541,4
5057,88,18,58,11,-7.5880987725104365,7
5058,36,20,18,12,-7.59490287850123,8
5059,91,13,23,7,-7.630492751883035,6
5060,80,22,96,14,-7.6325568595370585,8
5061,3,31,13,21,-7.638676786821424,10
5062,5,29,97,19,-7.639418302115126,10
5063,60,11,70,7,-7.646435749026202,4
5064,31,13,33,7,-7.647223417443056,6
5065,96,24,37,14,-7.66584492569651,10
5066,38,29,37,18,-7.668156637885105,11
5067,76,39,86,24,-7.675261015838612,15
5068,11,32,5,20,-7.6874421575338765,12
5069,7,25,111,15,-7.6903234257719815,10
5070,11,11,64,8,-7.699861982788658,3
5071,77,15,41,10,-7.700447698799745,5
5072,64,13,46,8,-7.70178518963715,5
5073,51,39,100,21,-7.730403154818612,18
5074,1,15,15,10,-7.733065759700131,5
5075,87,18,78,10,-7.738249145100052,8
5076,84,11,44,6,-7.741464370739851,5
5077,12,14,28,9,-7.741725097225164,5
5078,54,13,73,8,-7.746921178252214,5
5079,25,49,37,29,-7.755599308877523,20
5080,73,11,53,7,-7.756297558195456,4
5081,18,22,50,13,-7.75840176806416,9
5082,81,15,41,10,-7.770221546669878,5
5083,114,14,92,10,-7.774797164908212,4
5084,18,28,68,17,-7.775566947501909,11
5085,43,43,13,24,-7.7838953283676995,19
5086,111,10,47,6,-7.786638633209642,4
5087,48,15,50,10,-7.798532000224026,5
5088,110,12,114,8,-7.80031681097971,4
5089,49,21,75,13,-7.802050873504806,8
5090,40,36,87,21,-7.816149468605837,15
5091,46,46,25,27,-7.8204011950255445,19
5092,98,17,8,11,-7.832264077196576,6
5093,2,11,7,7,-7.836909370766421,4
5094,109,19,53,12,-7.841205358929898,7
5095,69,13,104,9,-7.84643581421697,4
5096,9,37,16,24,-7.846826969300752,13
5097,39,30,15,20,-7.850357643973712,10
5098,91,26,106,17,-7.859341034872017,9
5099,35,12,44,7,-7.859665557157517,5
5100,90,25,114,15,-7.8701656835045455,10
5101,51,18,102,11,-7.870945415633868,7
5102,88,21,100,13,-7.871437244617913,8
5103,23,17,55,9,-7.8715706098888365,8
5104,81,24,60,15,-7.879588509675568,9
5105,12,10,1,6,-7.886963050426907,4
5106,31,11,78,6,-7.904414780494012,5
5107,38,13,71,9,-7.906029048659733,4
5108,6,18,13,11,-7.906119004345003,7
5109,82,10,88,6,-7.9125780836424955,4
5110,18,22,54,13,-7.917650548154778,9
5111,20,16,33,10,-7.9280624383644875,6
5112,64,12,77,6,-7.928282722369054,6
5113,34,10,18,7,-7.93407311360503,3
5114,65,41,30,26,-7.937351182752286,15
5115,87,17,73,12,-7.94220715025842,5
5116,61,19,53,13,-7.9431150632920575,6
5117,53,12,89,7,-7.949973026478008,5
5118,109,10,3,6,-7.949985033221677,4
5119,29,18,13,10,-7.95544012341084,8
5120,39,21,23,13,-7.9630880242589255,8
5121,68,12,80,8,-7.963368280059832,4
5122,5,25,65,15,-7.967561696591303,10
5123,4,12,12,8,-7.976222296376226,4
5124,39,31,84,19,-7.9765097082554295,12
5125,84,28,5,17,-7.986435375626319,11
5126,70,16,13,10,-7.990308468406848,6
5127,96,19,102,12,-7.995631160966494,7
5128,88,38,27,22,-8.00416219447235,16
5129,98,31,91,19,-8.010154956050265,12
5130,25,12,48,7,-8.01244102921806,5
5131,9,11,35,6,-8.012816785902407,5
5132,52,12,63,7,-8.015196003418383,5
5133,50,41,75,27,-8.02466935745211,14
5134,3,16,12,11,-8.025644589227154,5
5135,27,16,37,10,-8.030406858059436,6
5136,107,26,58,17,-8.037629940895535,9
5137,108,13,48,9,-8.047800069948496,4
5138,87,19,108,12,-8.053056975616101,7
5139,12,11,9,7,-8.058955245687951,4
5140,91,15,51,10,-8.060157448942936,5
5141,46,13,53,8,-8.064750592390654,5
5142,97,16,110,10,-8.077466293642948,6
5143,5,61,8,37,-8.080732178020163,24
5144,46,15,109,9,-8.081904977493476,6
5145,10,15,7,9,-8.086365440359023,6
5146,108,12,76,8,-8.086994753980798,4
5147,50,30,60,17,-8.087484578525556,13
5148,87,17,15,10,-8.088262314262588,7
5149,46,42,37,28,-8.095895819595153,14
5150,46,16,30,10,-8.098498106037622,6
5151,107,10,26,6,-8.136960920766814,4
5152,112,10,4,6,-8.145974306589782,4
5153,112,16,18,11,-8.155957753880717,5
5154,61,12,107,7,-8.157075963099336,5
5155,69,32,16,20,-8.160441247046853,12
5156,71,28,50,17,-8.165371088482388,11
5157,33,11,68,7,-8.166895131198164,4
5158,30,18,50,11,-8.173377893689405,7
5159,60,35,104,25,-8.183651908443377,10
5160,89,11,63,8,-8.192927888945773,3
5161,39,25,74,15,-8.19553508787693,10
5162,109,24,11,16,-8.196422948591085,8
5163,93,24,87,15,-8.201353690040278,9
5164,70,10,100,6,-8.21076639612227,4
5165,1,26,86,16,-8.213403239086288,10
5166,40,14,112,8,-8.221202026655053,6
5167,104,28,41,16,-8.222150207467427,12
5168,102,16,76,10,-8.226520459864046,6
5169,106,21,69,13,-8.230262561693124,8
5170,79,10,112,6,-8.23380656767564,4
5171,2,10,94,6,-8.235738884159375,4
5172,46,42,16,27,-8.265204078980108,15
5173,14,12,37,7,-8.266467835075433,5
5174,55,34,50,20,-8.268886532039618,14
5175,76,12,75,7,-8.269580351796622,5
5176,103,19,86,12,-8.275383973570776,7
5177,91,18,41,12,-8.276671952774393,6
5178,63,66,16,41,-8.283483649795642,25
5179,106,31,90,21,-8.28384546124837,10
5180,30,29,53,18,-8.306098230837584,11
5181,51,39,76,26,-8.339242903099509,13
5182,68,20,69,12,-8.34403265511844,8
5183,112,20,39,12,-8.345179878987272,8
5184,31,32,41,20,-8.353957395244585,12
5185,65,23,38,13,-8.354229779220868,10
5186,5,22,7,14,-8.357081514884824,8
5187,29,11,64,8,-8.360354117139725,3
5188,53,14,78,8,-8.38512950211127,6
5189,104,10,67,6,-8.393331116483225,4
5190,79,11,80,6,-8.394402338657228,5
5191,67,14,109,7,-8.41022889195963,7
5192,90,19,73,12,-8.424101991862472,7
5193,114,20,55,13,-8.432483182241098,7
5194,70,24,96,13,-8.437417991026262,11
5195,86,40,41,26,-8.438958336325594,14
5196,114,32,8,21,-8.446067232393617,11
5197,96,14,95,9,-8.450373982592183,5
5198,53,13,15,8,-8.451445563178742,5
5199,77,14,74,9,-8.485489523270209,5
5200,1,16,75,11,-8.487454866261048,5
5201,40,28,64,18,-8.49607162432113,10
5202,45,10,91,6,-8.504304930616431,4
5203,88,23,62,14,-8.51262512712999,9
5204,48,28,86,18,-8.527783865058888,10
5205,39,12,34,7,-8.530792842427957,5
5206,106,13,12,9,-8.530975907772833,4
5207,62,13,114,8,-8.549556180002718,5
5208,36,11,78,7,-8.552435160203329,4
5209,7,19,78,11,-8.565348954184037,8
5210,3,13,41,10,-8.570007818582788,3
5211,55,23,95,15,-8.57500650986488,8
5212,16,19,110,12,-8.596145036216205,7
5213,50,22,90,14,-8.598522697493998,8
5214,33,21,51,15,-8.606152418737853,6
5215,60,34,23,22,-8.60880728241122,12
5216,57,15,69,10,-8.610432071680039,5
5217,53,19,27,13,-8.613512457869614,6
5218,63,51,51,30,-8.615807425389162,21
5219,29,22,60,13,-8.623846841921916,9
5220,57,12,76,8,-8.631010009083715,4
5221,69,32,13,20,-8.635152076913183,12
5222,97,19,41,12,-8.638943706099203,7
5223,98,10,85,7,-8.673802483900154,3
5224,31,31,9,20,-8.678153869820548,11
5225,88,16,77,10,-8.678317130754186,6
5226,60,15,76,11,-8.678706996102923,4
5227,76,26,16,14,-8.69211071455001,12
5228,39,14,110,10,-8.694421097429624,4
5229,2,10,30,6,-8.704387763563812,4
5230,20,35,63,21,-8.70524806527441,14
5231,102,15,63,9,-8.71016569998991,6
5232,86,15,45,9,-8.710518828201982,6
5233,86,32,27,21,-8.713633301132365,11
5234,45,10,58,6,-8.721721801464438,4
5235,57,11,9,7,-8.721996193617914,4
5236,57,26,8,17,-8.727187925997562,9
5237,17,22,4,15,-8.72773506800961,7
5238,11,23,104,15,-8.742484307216113,8
5239,106,14,38,7,-8.74501943352997,7
5240,13,27,108,18,-8.751351034715967,9
5241,88,36,39,23,-8.756638990991735,13
5242,112,18,100,11,-8.767855174675887,7
5243,18,23,106,15,-8.778191080978738,8
5244,77,12,109,7,-8.789144881364967,5
5245,20,36,39,21,-8.800920294125156,15
5246,42,10,106,7,-8.802546839644418,3
5247,47,18,36,12,-8.810892372607713,6
5248,36,19,63,12,-8.822881427312195,7
5249,81,19,87,10,-8.837308894093786,9
5250,57,12,19,8,-8.841856546576304,4
5251,87,15,32,10,-8.84415502943487,5
5252,107,36,57,22,-8.850709109073525,14
5253,12,16,23,10,-8.872217683410863,6
5254,53,11,49,7,-8.876928289416243,4
5255,13,20,44,13,-8.886721786197054,7
5256,97,12,69,8,-8.888377862411463,4
5257,87,46,68,29,-8.890608791051282,17
5258,57,16,65,10,-8.901462100183858,6
5259,109,20,7,13,-8.908032141063202,7
5260,107,15,89,10,-8.908975430626485,5
5261,25,19,110,13,-8.917701672558223,6
5262,91,10,11,7,-8.923724837318142,3
5263,31,12,73,8,-8.93891957013575,4
5264,49,11,100,6,-8.94783461865437,5
5265,48,34,63,22,-8.958044896706864,12
5266,32,11,28,7,-8.963821007682874,4
5267,114,20,47,12,-8.969382880850324,8
5268,36,18,97,11,-8.970668153566264,7
5269,94,12,76,8,-8.974054547945041,4
5270,52,15,28,9,-8.975367013246691,6
5271,77,14,27,9,-8.98057953611799,5
5272,43,19,100,11,-8.981606565772069,8
5273,57,15,114,10,-9.000054094310599,5
5274,36,15,5,9,-9.008614310253614,6
5275,70,16,30,9,-9.016092338129875,7
5276,100,18,75,10,-9.024866169547831,8
5277,43,17,54,10,-9.026858404506275,7
5278,72,14,85,10,-9.03362076276455,4
5279,45,16,35,9,-9.0400315918615,7
5280,68,21,47,14,-9.052758514326356,7
5281,79,22,48,14,-9.064036284770673,8
5282,75,34,28,22,-9.068390514566694,12
5283,86,29,44,19,-9.073857704921481,10
5284,8,34,95,21,-9.07920947405897,13
5285,76,30,63,20,-9.086063762983459,10
5286,31,15,109,10,-9.113887572404183,5
5287,17,11,92,7,-9.114563540800457,4
5288,20,22,91,13,-9.11515023214943,9
5289,47,16,9,10,-9.146152811782592,6
5290,5,43,50,26,-9.156049369840705,17
5291,108,22,53,13,-9.163083344546394,9
5292,40,15,92,10,-9.168940871834318,5
5293,102,15,40,9,-9.171373555966687,6
5294,49,15,41,9,-9.171912615870816,6
5295,91,13,15,7,-9.175439096539634,6
5296,40,17,73,11,-9.199997222971483,6
5297,40,12,2,8,-9.204153353273353,4
5298,4,15,27,9,-9.21491506769711,6
5299,81,11,64,7,-9.217681779438383,4
5300,69,16,70,11,-9.227346228401576,5
5301,25,44,7,29,-9.23372449337842,15
5302,93,13,75,8,-9.279825087560207,5
5303,77,19,63,13,-9.291814452323939,6
5304,18,17,100,10,-9.29762264727719,7
5305,68,57,75,38,-9.30062786886553,19
5306,67,15,86,9,-9.306541844943451,6
5307,70,17,50,10,-9.316243790355681,7
5308,58,16,60,10,-9.319426070200468,6
5309,51,15,111,10,-9.328246716797015,5
5310,2,29,28,19,-9.34282167881126,10
5311,69,19,63,13,-9.343078071737846,6
5312,19,16,29,11,-9.346278486992214,5
5313,50,12,23,9,-9.354699302165743,3
5314,33,14,87,9,-9.358610632806945,5
5315,84,21,104,13,-9.37162724208143,8
5316,39,17,76,12,-9.374915521858478,5
5317,107,33,80,22,-9.376730084103613,11
5318,36,11,109,8,-9.390936468630553,3
5319,51,13,48,7,-9.391737592298234,6
5320,109,25,63,15,-9.392892060380623,10
5321,72,21,86,14,-9.39293739189508,7
5322,107,22,45,14,-9.39975575090587,8
5323,60,14,108,9,-9.402734068128316,5
5324,39,15,108,9,-9.406857006968854,6
5325,92,14,64,7,-9.432471863302016,7
5326,63,11,32,7,-9.44232166344675,4
5327,68,28,76,21,-9.459920139276978,7
5328,17,12,102,8,-9.460667678985605,4
5329,96,47,16,33,-9.462953828826512,14
5330,51,23,97,16,-9.463450569827408,7
5331,58,10,70,7,-9.487562225897111,3
5332,60,13,102,8,-9.490462801517765,5
5333,7,29,37,18,-9.500511382222342,11
5334,99,22,37,15,-9.502759058160713,7
5335,13,21,90,14,-9.506733485788098,7
5336,2,13,114,8,-9.50915856241785,5
5337,80,14,90,10,-9.509239360264804,4
5338,36,17,8,11,-9.51236026695053,6
5339,9,27,18,18,-9.520249042639605,9
5340,25,32,20,21,-9.520523686179052,11
5341,112,16,87,10,-9.523536917370143,6
5342,31,22,1,13,-9.525804060927038,9
5343,94,23,13,15,-9.527562000187665,8
5344,108,13,106,9,-9.535201707134298,4
5345,68,15,92,10,-9.538113226799515,5
5346,46,10,3,6,-9.54075410765245,4
5347,98,13,27,8,-9.55751067877167,5
5348,19,23,7,16,-9.559895766747154,7
5349,97,24,13,15,-9.567486234498414,9
5350,29,27,65,16,-9.56923908518238,11
5351,60,44,64,30,-9.569439655645416,14
5352,7,20,73,12,-9.582485903794177,8
5353,88,31,15,22,-9.58291430022994,9
5354,39,14,80,9,-9.589468521855673,5
5355,53,13,8,9,-9.596286006275326,4
5356,84,18,83,11,-9.60947373437216,7
5357,8,14,99,8,-9.611065592860308,6
5358,9,16,76,11,-9.62150457184245,5
5359,109,17,70,11,-9.623350653501726,6
5360,109,22,74,15,-9.62539761750223,7
5361,53,23,41,15,-9.631953807885303,8
5362,114,10,78,6,-9.632244308821944,4
5363,104,10,93,6,-9.63796658188527,4
5364,114,10,22,5,-9.649313306364819,5
5365,17,15,41,10,-9.654478177971626,5
5366,63,16,111,10,-9.656549842780757,6
5367,71,12,100,8,-9.66068752031631,4
5368,38,12,53,8,-9.664145468055217,4
5369,112,10,3,6,-9.689877507882056,4
5370,3,18,53,12,-9.694466592939396,6
5371,11,18,75,11,-9.710887852205726,7
5372,13,13,85,9,-9.717007051558657,4
5373,107,20,12,14,-9.718935970594272,6
5374,31,19,43,9,-9.720852773553686,10
5375,32,16,16,10,-9.721720922013692,6
5376,16,13,89,8,-9.733195931265595,5
5377,52,12,30,8,-9.763146241314214,4
5378,76,14,13,9,-9.765754801505128,5
5379,83,24,37,15,-9.783726366978415,9
5380,3,25,40,17,-9.78695575723125,8
5381,71,11,11,7,-9.793856230234496,4
5382,61,11,63,8,-9.795863144147216,3
5383,93,10,62,6,-9.798162399200404,4
5384,37,17,64,11,-9.810222324765896,6
5385,17,24,40,16,-9.815776001763277,8
5386,75,25,104,16,-9.822163907084752,9
5387,57,13,54,10,-9.824315369895016,3
5388,98,10,53,6,-9.839111782848335,4
5389,63,16,30,10,-9.842696842263113,6
5390,18,12,76,8,-9.8476224935035,4
5391,71,15,17,9,-9.874078720771612,6
5392,54,17,2,12,-9.883928701627932,5
5393,39,39,18,26,-9.885046818102037,13
5394,9,32,87,19,-9.890957993800642,13
5395,30,13,27,8,-9.896355661349038,5
5396,3,14,25,9,-9.907996037168818,5
5397,15,23,8,14,-9.91327541461084,9
5398,2,10,95,7,-9.9203126299905,3
5399,88,45,63,31,-9.955054334971098,14
5400,84,48,63,30,-9.967741289394295,18
5401,88,18,73,12,-9.974203425238962,6
5402,109,14,93,9,-9.987067099161266,5
5403,65,25,95,16,-9.987438820754939,9
5404,57,12,75,8,-10.001839571130395,4
5405,18,43,13,27,-10.018893166372962,16
5406,18,43,16,29,-10.022908903594146,14
5407,18,14,11,9,-10.031989827572827,5
5408,107,13,110,9,-10.034721322746934,4
5409,43,29,39,18,-10.035622734323455,11
5410,38,10,44,7,-10.048373138060267,3
5411,51,19,80,12,-10.049293803677344,7
5412,83,23,13,15,-10.067954696106943,8
5413,49,16,40,10,-10.077718304922938,6
5414,106,12,79,8,-10.079963228120917,4
5415,74,11,89,7,-10.093150392265773,4
5416,8,24,18,17,-10.10300859124231,7
5417,36,36,53,25,-10.11473282468799,11
5418,17,21,53,14,-10.117687697568844,7
5419,102,20,50,12,-10.118106239071224,8
5420,35,10,8,7,-10.118762046100299,3
5421,60,18,17,12,-10.12863063958789,6
5422,70,14,46,9,-10.128652016947743,5
5423,68,16,11,10,-10.130332220199396,6
5424,109,10,92,7,-10.132066653367776,3
5425,31,37,53,23,-10.136338371296794,14
5426,23,11,96,7,-10.143008283174424,4
5427,86,29,43,20,-10.173097117221216,9
5428,9,12,6,7,-10.175309866966634,5
5429,104,13,89,8,-10.178686881843591,5
5430,37,41,97,27,-10.190687502541847,14
5431,33,13,71,9,-10.195530501937561,4
5432,2,15,98,9,-10.198603389321665,6
5433,96,24,48,16,-10.200121519345737,8
5434,106,63,16,43,-10.201810935158226,20
5435,39,24,91,16,-10.206322081312436,8
5436,37,36,11,24,-10.207174749413833,12
5437,28,14,10,10,-10.2079261309438,4
5438,68,24,25,16,-10.21179043309895,8
5439,19,10,63,7,-10.212473229345923,3
5440,31,17,30,10,-10.214096274935343,7
5441,91,35,63,24,-10.225389928816243,11
5442,68,27,28,19,-10.22954876840922,8
5443,106,16,67,10,-10.252161434234205,6
5444,99,12,77,9,-10.252199704478636,3
5445,50,15,85,10,-10.26203922127155,5
5446,104,12,34,8,-10.27427919250402,4
5447,54,12,38,8,-10.280232127604942,4
5448,29,11,49,7,-10.30099349448638,4
5449,31,29,107,16,-10.30345756995746,13
5450,107,31,48,20,-10.31539855421473,11
5451,81,14,7,8,-10.321582987727558,6
5452,1,13,37,8,-10.34216426905315,5
5453,1,26,16,19,-10.34569928715388,7
5454,7,10,94,7,-10.355621654064775,3
5455,93,38,65,23,-10.357494219723511,15
5456,81,13,104,7,-10.361322759461327,6
5457,60,21,49,14,-10.368756848511252,7
5458,112,11,58,7,-10.3752608537424,4
5459,93,16,106,10,-10.37915501513517,6
5460,57,10,100,6,-10.38688479130181,4
5461,29,13,3,9,-10.39717807094665,4
5462,84,32,11,21,-10.41415191453259,11
5463,85,13,63,8,-10.414666124998384,5
5464,7,11,110,6,-10.42257657923173,5
5465,114,19,95,12,-10.422604339796184,7
5466,39,16,44,10,-10.434810009571377,6
5467,68,11,89,7,-10.440912670509608,4
5468,112,25,64,18,-10.44734880369225,7
5469,69,27,60,16,-10.453461646225001,11
5470,31,10,6,6,-10.459894630543896,4
5471,77,12,23,8,-10.47207373365885,4
5472,8,35,75,24,-10.477015226263449,11
5473,102,14,75,10,-10.47886729381523,4
5474,16,17,78,11,-10.48792482811098,6
5475,12,12,114,7,-10.504954578013217,5
5476,37,14,89,8,-10.519274673853,6
5477,36,27,27,17,-10.523349599331356,10
5478,97,19,71,13,-10.523533962196899,6
5479,56,16,86,11,-10.543126647721751,5
5480,40,17,28,10,-10.551622113062638,7
5481,54,19,71,12,-10.56377327137223,7
5482,9,15,95,9,-10.569002592922953,6
5483,28,18,69,11,-10.575983527327306,7
5484,28,10,26,7,-10.592168464369761,3
5485,38,15,75,11,-10.597530026810052,4
5486,91,31,7,22,-10.60910028610159,9
5487,101,12,16,8,-10.62271769748288,4
5488,71,18,98,12,-10.627953776602759,6
5489,64,20,30,13,-10.642272986004782,7
5490,103,12,107,9,-10.647201349907752,3
5491,98,25,5,16,-10.662918685540621,9
5492,74,25,51,18,-10.704030149650722,7
5493,36,13,43,8,-10.713552025008546,5
5494,111,11,54,8,-10.714143810197228,3
5495,8,35,109,22,-10.73942071205048,13
5496,31,27,27,16,-10.758919665279386,11
5497,104,17,9,11,-10.762729474142402,6
5498,72,11,63,8,-10.764095493593645,3
5499,7,11,59,8,-10.771239818059199,3
5500,91,25,55,18,-10.791612827626562,7
5501,77,27,104,18,-10.795670361212089,9
5502,29,10,100,6,-10.811451389513945,4
5503,81,17,106,10,-10.816681182916206,7
5504,54,46,37,31,-10.87009397469276,15
5505,77,16,71,11,-10.872072685026803,5
5506,41,21,111,13,-10.875724405637953,8
5507,35,10,102,6,-10.90320798703147,4
5508,5,17,73,11,-10.90738305979487,6
5509,29,16,98,11,-10.909698341629545,5
5510,64,14,27,10,-10.925557497140751,4
5511,13,10,89,6,-10.939542022741616,4
5512,88,73,13,49,-10.948948900714134,24
5513,88,37,50,24,-10.986958086725291,13
5514,110,20,51,14,-11.000148170458745,6
5515,107,13,56,8,-11.000292497508868,5
5516,71,13,15,9,-11.00914391321026,4
5517,68,10,98,7,-11.014423279510455,3
5518,92,14,41,9,-11.016394202336143,5
5519,88,41,53,28,-11.023031682203495,13
5520,9,25,64,18,-11.03637269777133,7
5521,114,12,32,8,-11.045874107216177,4
5522,11,11,99,7,-11.04788337752713,4
5523,109,13,30,9,-11.049589386483902,4
5524,54,16,19,9,-11.0775323137636,7
5525,57,11,62,8,-11.089901365863179,3
5526,78,12,17,8,-11.090068157424293,4
5527,29,13,75,8,-11.096282078020437,5
5528,80,13,78,9,-11.09791576617006,4
5529,57,22,70,13,-11.101179297757742,9
5530,32,13,74,9,-11.101664191982367,4
5531,19,10,40,7,-11.104417905023016,3
5532,39,14,58,10,-11.116102776526807,4
5533,85,13,55,9,-11.149931721802188,4
5534,4,16,43,10,-11.162760468553993,6
5535,84,12,100,9,-11.16458160330148,3
5536,61,12,6,8,-11.200388242698184,4
5537,65,45,114,29,-11.20792553692763,16
5538,1,11,89,7,-11.20901106938993,4
5539,46,12,100,8,-11.210309669403358,4
5540,106,18,98,12,-11.217270403208776,6
5541,51,13,73,9,-11.219804453521853,4
5542,96,20,46,12,-11.223825219116964,8
5543,112,12,38,9,-11.23040362290014,3
5544,112,14,27,9,-11.235001192847596,5
5545,109,17,75,12,-11.242273446455997,5
5546,51,28,95,20,-11.244919045567018,8
5547,81,13,40,9,-11.249205674756395,4
5548,83,16,107,11,-11.24958512039028,5
5549,70,29,87,18,-11.250414739740132,11
5550,48,12,90,8,-11.252381363492235,4
5551,103,10,28,7,-11.258889995972657,3
5552,7,52,75,35,-11.2746633859962,17
5553,55,14,2,9,-11.276816159574057,5
5554,5,10,80,7,-11.295210617596885,3
5555,87,22,100,13,-11.295440869318137,9
5556,96,25,7,18,-11.300422106484014,7
5557,60,23,47,16,-11.31330562577917,7
5558,20,38,50,26,-11.316816486601454,12
5559,20,12,64,9,-11.331308462604776,3
5560,52,20,86,14,-11.336528303857312,6
5561,71,21,104,13,-11.370166649530528,8
5562,10,14,107,9,-11.38119632500004,5
5563,38,11,4,8,-11.395009854616482,3
5564,35,23,76,15,-11.39691854534874,8
5565,95,10,29,7,-11.401888238693147,3
5566,106,39,114,26,-11.417874917507989,13
5567,81,14,47,10,-11.445134927289029,4
5568,54,24,100,16,-11.46348082665664,8
5569,63,19,57,12,-11.499632269547762,7
5570,76,11,15,7,-11.511804844564256,4
5571,94,10,63,7,-11.526010775087407,3
5572,30,10,80,7,-11.535434430621326,3
5573,76,15,74,9,-11.544600382799558,6
5574,71,10,111,7,-11.563837134119527,3
5575,104,16,36,10,-11.564722196156035,6
5576,50,15,33,10,-11.568332857311571,5
5577,39,15,90,10,-11.577976501423594,5
5578,18,21,15,15,-11.590119158022436,6
5579,94,11,30,7,-11.643229108233818,4
5580,86,33,102,23,-11.659667182565103,10
5581,39,33,30,22,-11.664507953068155,11
5582,48,11,98,8,-11.678045251552971,3
5583,28,23,34,16,-11.682170467841411,7
5584,96,13,91,9,-11.692854193124042,4
5585,65,32,27,22,-11.719093568654257,10
5586,67,11,16,8,-11.761532223804268,3
5587,1,37,55,26,-11.769033555767942,11
5588,109,18,17,12,-11.781743441013703,6
5589,65,12,91,8,-11.784658313781671,4
5590,54,10,44,7,-11.791894285038754,3
5591,40,21,8,15,-11.791921402372775,6
5592,91,10,53,7,-11.811611902058761,3
5593,17,10,83,6,-11.812775268760374,4
5594,111,16,28,11,-11.820301223407922,5
5595,64,10,74,6,-11.828764368523549,4
5596,28,47,63,33,-11.828866423716303,14
5597,37,10,78,7,-11.831707242150298,3
5598,28,34,74,23,-11.834419909257845,11
5599,47,10,78,6,-11.843066191666676,4
5600,29,12,20,8,-11.85416559868577,4
5601,14,18,16,12,-11.861448285420282,6
5602,79,10,13,7,-11.8821323161708,3
5603,104,18,90,12,-11.89837391797068,6
5604,63,18,62,12,-11.898616241132698,6
5605,29,11,109,6,-11.905733206262543,5
5606,68,13,29,9,-11.946919320173036,4
5607,18,27,95,18,-11.951490678023534,9
5608,54,10,53,7,-11.951994898142779,3
5609,9,12,11,8,-11.95751404574191,4
5610,72,11,50,8,-11.966306538639385,3
5611,60,16,37,10,-11.9668638856867,6
5612,98,11,109,8,-11.980585816049416,3
5613,104,12,1,8,-12.020108292717424,4
5614,13,16,58,12,-12.037688148626765,4
5615,9,20,15,12,-12.03884463484616,8
5616,96,28,98,19,-12.0522531035848,9
5617,63,18,1,11,-12.054495717242014,7
5618,91,18,30,13,-12.061464887561756,5
5619,20,14,34,10,-12.080633416209027,4
5620,69,19,58,12,-12.089414430124698,7
5621,55,13,15,10,-12.1017027484743,3
5622,63,12,92,7,-12.136993324985582,5
5623,31,11,19,8,-12.140248760143196,3
5624,70,22,2,14,-12.153236389251056,8
5625,51,23,77,15,-12.16149932915176,8
5626,99,21,107,14,-12.174640608684573,7
5627,39,17,109,13,-12.189314131019263,4
5628,76,18,7,11,-12.196617315781682,7
5629,106,11,78,8,-12.21024325274275,3
5630,9,14,43,9,-12.224469441855376,5
5631,43,19,75,14,-12.224767647713705,5
5632,60,22,74,14,-12.230302476711504,8
5633,54,27,48,18,-12.230401373927076,9
5634,84,11,71,8,-12.255989147154674,3
5635,39,10,32,7,-12.25900875776762,3
5636,20,10,78,7,-12.337947782230119,3
5637,97,12,67,9,-12.35346782744064,3
5638,46,39,104,26,-12.353574327141937,13
5639,12,13,27,9,-12.385073312985272,4
5640,50,17,36,10,-12.423703215189779,7
5641,87,24,48,17,-12.506077086368819,7
5642,49,10,80,6,-12.509141995238949,4
5643,3,21,63,16,-12.512350085587688,5
5644,103,12,55,9,-12.517980336309982,3
5645,5,27,75,17,-12.535083552437035,10
5646,58,14,54,9,-12.535089602873326,5
5647,87,27,98,19,-12.540784384215351,8
5648,5,27,57,19,-12.572003913811173,8
5649,9,19,20,13,-12.586361422949272,6
5650,51,20,15,13,-12.587936460827022,7
5651,17,11,38,7,-12.634911882425529,4
5652,87,11,10,8,-12.637100065195789,3
5653,5,14,48,10,-12.657719903594751,4
5654,88,16,111,12,-12.710530076381987,4
5655,107,41,30,28,-12.716586983155048,13
5656,106,24,46,15,-12.725492516069489,9
5657,106,14,33,10,-12.736963404825662,4
5658,36,10,95,7,-12.746346244298937,3
5659,81,12,54,8,-12.757047966098474,4
5660,84,12,41,8,-12.75751979686909,4
5661,27,20,104,15,-12.796343894614779,5
5662,104,20,49,14,-12.812277987885736,6
5663,109,19,27,12,-12.854514856980064,7
5664,112,14,47,9,-12.859285190584625,5
5665,45,14,23,10,-12.875487654765546,4
5666,65,21,2,16,-12.8900275785182,5
5667,75,12,98,8,-12.900340980932176,4
5668,19,10,18,7,-12.906348402552078,3
5669,17,16,23,11,-12.920452187354222,5
5670,8,15,78,11,-12.921729498024693,4
5671,51,14,34,10,-12.934608487352978,4
5672,60,29,91,19,-12.952631394075716,10
5673,102,21,107,14,-12.974367748289918,7
5674,60,15,100,11,-13.00317877758717,4
5675,114,12,27,8,-13.009570993376595,4
5676,68,11,34,7,-13.015057494601505,4
5677,48,10,60,7,-13.027739440368958,3
5678,91,15,43,11,-13.046946068237398,4
5679,112,21,28,15,-13.06776325687043,6
5680,88,12,98,9,-13.094822370834628,3
5681,102,12,100,9,-13.116016377909167,3
5682,70,10,83,6,-13.118339150755117,4
5683,77,15,53,10,-13.125923769197522,5
5684,37,28,95,21,-13.149042342745602,7
5685,88,17,102,13,-13.153141792955822,4
5686,35,12,97,9,-13.15953893586328,3
5687,70,22,11,16,-13.174919150937757,6
5688,51,13,94,9,-13.20979687229361,4
5689,54,18,36,12,-13.217744798273172,6
5690,41,16,8,12,-13.244566662838952,4
5691,88,36,95,25,-13.24512473637818,11
5692,96,39,11,27,-13.252582377716239,12
5693,11,23,95,17,-13.263288005084238,6
5694,5,31,102,21,-13.269431869962297,10
5695,99,12,7,8,-13.274517260788413,4
5696,106,19,64,13,-13.295192075566398,6
5697,46,17,50,11,-13.310329365776978,6
5698,18,16,47,12,-13.317575135316673,4
5699,46,12,18,9,-13.322032493347338,3
5700,114,28,87,18,-13.32969544089937,10
5701,72,17,28,12,-13.339188061408777,5
5702,83,18,16,13,-13.35123547721314,5
5703,51,28,78,18,-13.359227652506746,10
5704,32,11,55,7,-13.36363963009391,4
5705,35,12,104,8,-13.369677424437175,4
5706,112,11,91,8,-13.423237527272477,3
5707,53,15,75,10,-13.423496737137004,5
5708,32,12,25,7,-13.427877456338663,5
5709,35,15,36,11,-13.440272285829963,4
5710,55,17,102,12,-13.448934349992442,5
5711,90,10,93,7,-13.452391800759145,3
5712,86,24,26,18,-13.454427406615018,6
5713,70,10,34,7,-13.500624883981926,3
5714,1,10,78,7,-13.511302040012385,3
5715,66,11,7,7,-13.514093541012448,4
5716,38,15,104,10,-13.530669032796668,5
5717,103,11,74,8,-13.53565105452587,3
5718,104,18,64,13,-13.541290561517043,5
5719,74,10,15,7,-13.56932630742914,3
5720,3,10,38,7,-13.612373842695774,3
5721,46,12,93,9,-13.65474091099076,3
5722,86,16,92,11,-13.67676060817369,5
5723,44,14,104,10,-13.703910249073422,4
5724,31,25,63,18,-13.714594813504094,7
5725,33,14,63,10,-13.733555706081619,4
5726,69,18,30,12,-13.733696768023911,6
5727,53,17,43,13,-13.791105639936724,4
5728,112,11,97,9,-13.794615799527321,2
5729,70,25,108,18,-13.79905255620539,7
5730,31,74,13,51,-13.800549608099518,23
5731,31,17,98,11,-13.805084918983175,6
5732,83,13,11,10,-13.863860744018641,3
5733,50,19,53,13,-13.883151416746287,6
5734,76,17,54,12,-13.892444764564262,5
5735,112,22,60,16,-13.909226533638934,6
5736,38,10,100,8,-13.910833855557149,2
5737,40,10,100,7,-13.927928921941099,3
5738,112,11,37,8,-13.937736127059297,3
5739,69,19,75,14,-13.94230448490658,5
5740,109,11,91,8,-13.94618860472034,3
5741,71,24,40,17,-13.948125771645659,7
5742,75,12,111,8,-13.972281809419961,4
5743,91,11,69,7,-13.993001551531528,4
5744,12,12,94,8,-14.045721160333102,4
5745,77,29,40,21,-14.048771071022598,8
5746,84,15,27,10,-14.146807896469795,5
5747,85,14,39,9,-14.177624685555418,5
5748,63,10,15,7,-14.178625851059422,3
5749,80,11,41,8,-14.186716292232557,3
5750,3,15,20,11,-14.188922367828342,4
5751,66,11,63,8,-14.209916362631542,3
5752,77,15,30,11,-14.240898393688356,4
5753,37,12,34,9,-14.300571264435137,3
5754,102,11,46,8,-14.307494713152051,3
5755,50,18,80,14,-14.309192739594003,4
5756,57,12,31,8,-14.310689026630849,4
5757,112,10,108,7,-14.316449946299121,3
5758,63,37,80,27,-14.322048676220186,10
5759,77,27,7,19,-14.33556677589385,8
5760,83,10,40,8,-14.347262135245904,2
5761,90,16,20,11,-14.40477443227545,5
5762,14,11,80,7,-14.435345395194508,4
5763,5,12,44,9,-14.447481002517355,3
5764,2,10,73,7,-14.457830254043136,3
5765,25,12,34,9,-14.468789684868275,3
5766,51,18,45,13,-14.493324057948728,5
5767,2,12,13,8,-14.516038794033763,4
5768,37,12,73,8,-14.533349572792924,4
5769,9,11,108,7,-14.533752266696007,4
5770,62,19,74,14,-14.57027413820892,5
5771,99,12,50,8,-14.581629542155014,4
5772,69,15,49,10,-14.620888888677557,5
5773,97,11,14,9,-14.634263785488013,2
5774,35,10,3,7,-14.67345115895829,3
5775,18,13,69,9,-14.695896617157176,4
5776,83,19,114,14,-14.71253096490687,5
5777,31,10,100,7,-14.730848989291465,3
5778,102,10,90,6,-14.739148726840858,4
5779,106,14,32,11,-14.741977351969277,3
5780,109,26,114,20,-14.744077219906973,6
5781,2,10,57,7,-14.75670329182861,3
5782,54,35,75,24,-14.800167840554582,11
5783,81,24,51,16,-14.806900687075021,8
5784,28,12,110,8,-14.8602682733133,4
5785,60,27,27,21,-14.861707059947273,6
5786,108,10,8,8,-14.88327570809189,2
5787,112,10,55,8,-14.907032679929216,2
5788,17,21,95,16,-14.970865650802967,5
5789,57,11,38,7,-15.001479354971174,4
5790,75,10,45,8,-15.003649946946844,2
5791,99,18,25,13,-15.014737107768294,5
5792,94,17,81,11,-15.053941840602283,6
5793,58,22,65,15,-15.056426069646061,7
5794,71,17,41,13,-15.162388636591329,4
5795,87,16,79,13,-15.190476867517352,3
5796,69,13,78,9,-15.205675909601347,4
5797,43,13,30,10,-15.232406371172784,3
5798,68,15,61,11,-15.24709195978541,4
5799,37,13,18,10,-15.368965567811568,3
5800,46,12,98,8,-15.381140721878973,4
5801,25,14,49,10,-15.43786379260084,4
5802,107,25,73,17,-15.460672720698524,8
5803,8,19,34,14,-15.461934531083395,5
5804,31,15,69,10,-15.502962092044207,5
5805,2,18,104,12,-15.50344370749933,6
5806,106,10,89,6,-15.508251121091035,4
5807,84,21,112,15,-15.508939798123757,6
5808,10,11,37,7,-15.516949569025604,4
5809,14,11,25,9,-15.536643242754739,2
5810,31,12,104,8,-15.561592201078605,4
5811,5,20,23,15,-15.563915929412014,5
5812,57,10,94,7,-15.586909768321169,3
5813,45,14,4,10,-15.600891470448104,4
5814,85,11,106,8,-15.605731963514037,3
5815,97,13,90,9,-15.62188808576594,4
5816,38,10,87,7,-15.648595936017907,3
5817,35,13,87,9,-15.683184050777022,4
5818,43,11,78,8,-15.699752571068752,3
5819,1,13,8,10,-15.702434313684371,3
5820,80,13,75,10,-15.71805205236554,3
5821,35,12,80,9,-15.72406211872363,3
5822,77,14,37,10,-15.73169378416834,4
5823,96,16,93,12,-15.73319462766121,4
5824,13,25,30,17,-15.73369477818348,8
5825,57,20,7,13,-15.746440629237659,7
5826,35,10,75,8,-15.755761764469415,2
5827,94,27,16,21,-15.781077975981175,6
5828,37,10,15,8,-15.78269510258246,2
5829,12,12,75,8,-15.785867542761379,4
5830,77,16,8,12,-15.792942369486319,4
5831,70,10,48,7,-15.796496446665468,3
5832,31,45,16,33,-15.837412153743443,12
5833,2,10,60,7,-15.84205677205398,3
5834,39,18,99,14,-15.84878961626863,4
5835,12,15,41,11,-15.852631956602023,4
5836,91,11,76,9,-15.872477419459234,2
5837,3,25,84,17,-15.87688434126543,8
5838,9,30,53,22,-15.894615033798411,8
5839,70,13,80,11,-15.90133341789594,2
5840,9,26,41,19,-15.923207095513275,7
5841,63,13,14,9,-15.961958621197994,4
5842,5,18,41,12,-16.050377082501456,6
5843,112,15,71,11,-16.11687592102847,4
5844,83,12,23,9,-16.123810814063006,3
5845,102,10,43,7,-16.154622115934174,3
5846,11,12,30,9,-16.16112498926937,3
5847,9,13,48,10,-16.236645292462978,3
5848,69,21,53,15,-16.247322250303586,6
5849,7,16,61,11,-16.426968020447948,5
5850,25,25,11,20,-16.429746187224737,5
5851,55,15,14,12,-16.464885141480416,3
5852,88,17,80,12,-16.477538046034613,5
5853,36,10,101,8,-16.627946704419497,2
5854,41,12,30,8,-16.67014747818193,4
5855,71,15,95,10,-16.72675418994599,5
5856,29,21,88,16,-16.771071942053304,5
5857,76,10,1,7,-16.815372977495876,3
5858,30,14,95,10,-16.836817117204564,4
5859,97,14,38,11,-16.838290194315167,3
5860,112,12,49,9,-16.877379434776067,3
5861,109,11,15,9,-16.89170612213505,2
5862,10,12,13,9,-16.89276746041982,3
5863,17,10,103,8,-16.915833830492147,2
5864,112,19,20,15,-16.964936240764274,4
5865,31,10,38,6,-16.97274158238424,4
5866,50,16,77,13,-16.97319460562341,3
5867,108,10,84,8,-16.982012889347196,2
5868,87,12,34,9,-16.98781036825935,3
5869,46,11,43,8,-16.991693442801246,3
5870,65,31,100,25,-17.003977982643583,6
5871,79,13,104,9,-17.056081750892357,4
5872,1,14,18,11,-17.058153705270225,3
5873,13,17,80,12,-17.06375198393908,5
5874,68,10,103,7,-17.067862798744514,3
5875,20,12,60,9,-17.12579419517071,3
5876,78,11,27,10,-17.136317360073022,1
5877,5,22,27,16,-17.186967099907662,6
5878,35,12,63,9,-17.190706154289504,3
5879,106,10,35,7,-17.319051156851785,3
5880,39,10,45,7,-17.32115834390289,3
5881,19,11,55,8,-17.435802328445057,3
5882,18,14,23,10,-17.468338798211544,4
5883,83,11,110,9,-17.575104905290946,2
5884,77,18,16,14,-17.61931989103236,4
5885,57,12,34,9,-17.642040510861822,3
5886,68,29,112,22,-17.658356341720012,7
5887,3,11,5,7,-17.694163901939547,4
5888,55,12,44,9,-17.771847163193563,3
5889,5,18,30,15,-17.81053305502534,3
5890,8,10,69,8,-17.824588271872045,2
5891,88,17,32,13,-17.824594134673823,4
5892,114,11,111,8,-17.846918134233796,3
5893,43,16,55,14,-17.88766939591472,2
5894,68,21,95,18,-17.962668451083434,3
5895,33,18,55,14,-17.969879843551904,4
5896,112,22,78,17,-18.00765085252849,5
5897,28,28,90,22,-18.060877876686433,6
5898,103,10,109,7,-18.37872283171988,3
5899,18,10,5,8,-18.464269170029826,2
5900,33,14,65,11,-18.512762180418843,3
5901,31,15,106,11,-18.52908676481624,4
5902,102,11,30,8,-18.53374521303684,3
5903,43,11,45,8,-18.574891926068155,3
5904,68,15,50,11,-18.68712791744929,4
5905,28,17,99,13,-18.754584808369174,4
5906,77,10,100,8,-18.785807393142274,2
5907,47,11,55,8,-18.857554518412744,3
5908,11,10,2,8,-18.92308479788875,2
5909,4,13,98,11,-18.936498509144613,2
5910,106,10,92,8,-19.041690772468705,2
5911,2,10,100,7,-19.143504228869272,3
5912,54,16,4,14,-19.244087603842104,2
5913,18,14,99,11,-19.290873438644514,3
5914,36,19,30,17,-19.30529767168729,2
5915,58,19,86,15,-19.384187711945845,4
5916,51,10,101,8,-19.538804927619935,2
5917,32,12,95,10,-19.760326388824467,2
5918,94,11,85,9,-19.99391792955888,2
5919,84,11,7,9,-20.072751797902637,2
5920,28,11,43,8,-20.232603750970075,3
5921,10,15,51,12,-20.332726180509006,3
5922,57,11,29,9,-20.355488402960383,2
5923,5,10,64,8,-20.37578731830582,2
5924,35,11,48,9,-20.438098241934796,2
5925,9,23,27,18,-20.73849836766573,5
5926,68,11,90,9,-20.787956198015944,2
5927,79,10,30,8,-20.824119521738712,2
5928,38,11,55,9,-20.87506721402826,2
5929,107,15,19,14,-20.944642879740467,1
5930,43,10,110,8,-21.055981543018305,2
5931,68,16,100,12,-21.1928712093318,4
5932,81,13,49,10,-21.20955753114466,3
5933,10,13,112,10,-21.234179723414762,3
5934,77,10,98,8,-21.266559747636286,2
5935,91,16,104,15,-21.31971827875211,1
5936,51,16,2,12,-21.322170492802826,4
5937,109,10,12,9,-21.32950515182345,1
5938,51,19,90,17,-21.393287092982963,2
5939,4,13,25,11,-21.42004260246313,2
5940,4,15,41,10,-21.480590173913868,5
5941,31,12,62,9,-21.790941067775986,3
5942,97,12,91,10,-22.175648770183788,2
5943,3,12,30,11,-22.297017461985927,1
5944,112,14,80,11,-22.742433885358178,3
5945,8,11,4,10,-23.17790508365148,1
5946,57,11,26,9,-23.524985632767628,2
5947,31,10,15,8,-23.60998987148027,2
5948,69,11,27,9,-23.965125451311458,2
5949,97,11,34,9,-24.058676404388496,2
5950,97,12,73,9,-24.10757303293757,3
5951,3,16,75,14,-24.194103806582213,2
5952,77,17,75,15,-26.826580833678783,2
5953,23,12,90,11,-27.953563540615974,1
5954,37,11,44,11,-29.883498899257123,0
5955,102,10,112,9,-30.406521473655896,1
