,againstHero,games,hero,losses,shift,wins
0,44,11,37,0,29.883498899257123,11
1,80,10,112,1,29.523617683422906,9
2,90,11,23,1,28.300961743533684,10
3,75,17,77,2,26.826580833678786,15
4,19,12,107,0,24.916943809219585,12
5,78,19,112,3,24.293257718319964,16
6,75,16,3,2,24.194103806582213,14
7,73,12,97,3,24.10757303293757,9
8,34,11,97,2,24.058676404388496,9
9,27,22,9,4,24.023674987501078,18
10,27,11,69,2,23.96512545131146,9
11,4,11,8,1,23.177905083651492,10
12,78,11,69,2,22.860180593261035,9
13,91,12,97,2,22.175648770183788,10
14,62,12,31,3,21.79094106777599,9
15,41,15,4,5,21.480590173913868,10
16,25,13,4,2,21.42004260246313,11
17,90,19,51,2,21.39328709298296,17
18,12,10,109,1,21.32950515182345,9
19,2,16,51,4,21.322170492802822,12
20,104,16,91,1,21.319718278752113,15
21,98,10,77,2,21.266559747636286,8
22,7,10,84,2,21.17364400986741,8
23,16,17,77,3,20.89936034383646,14
24,55,11,38,2,20.87506721402826,9
25,30,10,79,2,20.824119521738705,8
26,90,11,68,2,20.787956198015944,9
27,49,12,81,3,20.596347227570796,9
28,48,11,35,2,20.438098241934792,9
29,64,10,5,2,20.375787318305825,8
30,78,10,43,2,20.12217678902932,8
31,49,11,112,2,20.081273718937805,9
32,100,15,68,4,19.919601065708385,11
33,95,12,32,2,19.760326388824463,10
34,101,10,51,2,19.538804927619935,8
35,86,19,58,4,19.384187711945845,15
36,30,19,36,2,19.30529767168729,17
37,99,14,18,3,19.290873438644514,11
38,4,16,54,2,19.2440876038421,14
39,100,10,2,3,19.14350422886928,7
40,92,10,106,2,19.041690772468705,8
41,98,13,4,2,18.936498509144613,11
42,2,10,11,2,18.923084797888755,8
43,28,14,72,3,18.867516837427928,11
44,55,11,47,3,18.857554518412744,8
45,100,10,77,2,18.78580739314227,8
46,99,17,28,4,18.754584808369174,13
47,50,15,68,4,18.68712791744929,11
48,45,11,43,3,18.574891926068155,8
49,106,15,31,4,18.52908676481624,11
50,65,14,33,3,18.51276218041885,11
51,5,10,18,2,18.464269170029823,8
52,109,10,103,3,18.37872283171988,7
53,51,14,10,3,18.10396467420879,11
54,90,28,28,6,18.060877876686437,22
55,55,18,33,4,17.969879843551904,14
56,95,21,68,3,17.962668451083438,18
57,55,16,43,2,17.887669395914717,14
58,111,11,114,3,17.846918134233796,8
59,32,17,88,4,17.82459413467382,13
60,69,10,8,2,17.824588271872045,8
61,30,18,5,3,17.81053305502534,15
62,100,28,65,5,17.80898130408499,23
63,44,12,55,3,17.77184716319356,9
64,5,11,3,4,17.694163901939547,7
65,34,12,57,3,17.642040510861822,9
66,110,11,83,2,17.575104905290946,9
67,23,14,18,4,17.468338798211544,10
68,55,11,19,3,17.435802328445057,8
69,78,23,51,7,17.431646007174983,16
70,45,10,39,3,17.32115834390289,7
71,35,10,106,3,17.319051156851785,7
72,20,11,29,3,17.261971083229245,8
73,63,12,35,3,17.190706154289504,9
74,27,22,5,6,17.18696709990766,16
75,41,11,84,3,17.126277871141774,8
76,60,12,20,3,17.12579419517071,9
77,80,17,13,5,17.063751983939074,12
78,18,14,1,3,17.058153705270225,11
79,104,13,79,4,17.056081750892357,9
80,34,13,51,3,17.050470848560973,10
81,34,12,87,3,16.987810368259346,9
82,77,16,50,3,16.97319460562341,13
83,38,10,31,4,16.97274158238424,6
84,47,13,112,4,16.87246054147755,9
85,38,14,97,3,16.838290194315167,11
86,95,14,30,4,16.836817117204568,10
87,1,10,76,3,16.815372977495876,7
88,112,11,10,3,16.760907633708104,8
89,95,15,71,5,16.72675418994599,10
90,10,10,87,2,16.717426239102245,8
91,30,12,41,4,16.67014747818193,8
92,101,10,36,2,16.6279467044195,8
93,30,17,69,5,16.6252519902636,12
94,60,18,112,4,16.58864655611243,14
95,80,17,88,5,16.47753804603461,12
96,14,15,55,3,16.464885141480416,12
97,11,25,25,5,16.429746187224733,20
98,61,16,7,5,16.42696802044795,11
99,88,20,29,5,16.403016373729905,15
100,43,13,91,3,16.255864059996064,10
101,53,21,69,6,16.247322250303586,15
102,48,13,9,3,16.236645292462974,10
103,30,12,11,3,16.16112498926937,9
104,23,12,83,3,16.123810814063006,9
105,41,18,5,6,16.05037708250146,12
106,16,24,94,6,16.005472981862717,18
107,14,13,63,4,15.961958621197992,9
108,41,26,9,7,15.923207095513272,19
109,80,13,70,2,15.901333417895936,11
110,53,30,9,8,15.894615033798411,22
111,34,18,8,5,15.876296726362224,13
112,76,11,91,2,15.872477419459232,9
113,41,15,12,4,15.852631956602023,11
114,99,18,39,4,15.84878961626863,14
115,60,10,2,3,15.842056772053983,7
116,16,45,31,12,15.837412153743443,33
117,87,12,35,4,15.830624546248833,8
118,48,10,70,3,15.796496446665468,7
119,8,16,77,4,15.792942369486319,12
120,75,12,12,4,15.785867542761377,8
121,15,10,37,2,15.78269510258246,8
122,75,10,35,2,15.755761764469415,8
123,7,20,57,7,15.746440629237663,13
124,93,16,96,4,15.733194627661211,12
125,37,14,77,4,15.73169378416834,10
126,80,12,35,3,15.72406211872363,9
127,75,13,80,3,15.718052052365534,10
128,8,13,1,3,15.702434313684373,10
129,30,10,94,3,15.665277818052123,7
130,87,10,38,3,15.648595936017909,7
131,90,13,97,4,15.621888085765939,9
132,106,11,85,3,15.60573196351404,8
133,4,14,45,4,15.600891470448106,10
134,23,20,5,5,15.563915929412016,15
135,104,12,31,4,15.561592201078605,8
136,25,11,14,2,15.536643242754739,9
137,89,10,106,4,15.508251121091039,6
138,104,18,2,6,15.503443707499333,12
139,69,15,31,5,15.502962092044205,10
140,100,13,60,3,15.468043250681323,10
141,73,25,107,8,15.460672720698525,17
142,65,20,58,6,15.443655730967691,14
143,49,14,25,4,15.43786379260084,10
144,11,10,71,3,15.386871545741162,7
145,98,12,46,4,15.381140721878971,8
146,18,13,37,3,15.368965567811566,10
147,20,18,112,4,15.347636279185814,14
148,98,14,29,3,15.264348655130922,11
149,61,15,68,4,15.24709195978541,11
150,3,12,29,3,15.232917471133243,9
151,30,13,43,3,15.232406371172788,10
152,41,17,71,4,15.16238863659133,13
153,49,10,29,3,15.145229624598752,7
154,63,17,3,3,15.071396371833838,14
155,81,17,94,6,15.053941840602283,11
156,25,18,99,5,15.014737107768298,13
157,45,10,75,2,15.003649946946844,8
158,38,11,57,4,15.001479354971178,7
159,95,21,17,5,14.970865650802967,16
160,112,24,68,7,14.942675823122729,17
161,9,16,104,5,14.915937256999364,11
162,55,10,112,2,14.907032679929213,8
163,8,10,108,2,14.883275708091887,8
164,30,17,91,4,14.854653528597783,13
165,75,35,54,11,14.800167840554582,24
166,57,10,2,3,14.75670329182861,7
167,114,26,109,6,14.744077219906968,20
168,32,14,106,3,14.741977351969275,11
169,100,10,31,3,14.730848989291463,7
170,114,19,83,5,14.712530964906872,14
171,69,13,18,4,14.69589661715718,9
172,3,10,35,3,14.67345115895829,7
173,14,11,97,2,14.634263785488013,9
174,49,15,69,5,14.620888888677557,10
175,30,10,102,3,14.616177341977675,7
176,79,15,87,3,14.594363104783758,12
177,27,12,12,3,14.588940972449642,9
178,50,12,99,4,14.581629542155014,8
179,108,11,9,4,14.533752266696009,7
180,73,12,37,4,14.533349572792922,8
181,13,12,2,4,14.516038794033767,8
182,45,18,51,5,14.493324057948724,13
183,34,12,25,3,14.468789684868277,9
184,73,10,2,3,14.457830254043136,7
185,44,12,5,3,14.447481002517355,9
186,80,11,14,4,14.435345395194508,7
187,40,10,83,2,14.347262135245902,8
188,7,27,77,8,14.33556677589385,19
189,31,12,57,4,14.310689026630849,8
190,80,18,50,4,14.309192739594003,14
191,46,11,102,3,14.30749471315205,8
192,34,12,37,3,14.30057126443514,9
193,107,11,103,2,14.287404948164756,9
194,74,21,60,7,14.268042080973931,14
195,30,15,77,4,14.240898393688356,11
196,91,28,60,9,14.219487017087326,19
197,63,11,66,3,14.209916362631539,8
198,41,11,80,3,14.18671629223256,8
199,51,23,81,8,14.18139248312247,15
200,15,10,63,3,14.178625851059422,7
201,39,14,85,5,14.177624685555417,9
202,80,36,63,10,14.049544936434046,26
203,40,29,77,8,14.048771071022596,21
204,69,11,91,4,13.993001551531528,7
205,111,12,75,4,13.972281809419963,8
206,40,24,71,7,13.948125771645659,17
207,75,19,69,5,13.942304484906579,14
208,100,10,40,3,13.927928921941099,7
209,54,17,76,5,13.892444764564262,12
210,53,19,50,6,13.883151416746285,13
211,30,23,13,8,13.875626061777945,15
212,11,13,83,3,13.863860744018647,10
213,86,19,52,5,13.851910838120485,14
214,71,14,112,4,13.807689689966653,10
215,98,17,31,6,13.805084918983171,11
216,97,11,112,2,13.794615799527321,9
217,10,13,28,3,13.736666069876708,10
218,63,14,33,4,13.733555706081617,10
219,63,25,31,7,13.714594813504092,18
220,104,14,44,4,13.703910249073422,10
221,92,16,86,5,13.67676060817369,11
222,93,12,46,3,13.65474091099076,9
223,64,18,104,5,13.54129056151704,13
224,27,26,60,6,13.540065663312776,20
225,37,10,10,4,13.538762623915124,6
226,74,11,103,3,13.53565105452587,8
227,104,15,38,5,13.530669032796665,10
228,7,11,66,4,13.514093541012448,7
229,78,10,1,3,13.511302040012387,7
230,34,10,70,3,13.500624883981928,7
231,108,14,39,5,13.481039273987522,9
232,20,14,3,4,13.47868944349313,10
233,26,24,86,6,13.454427406615018,18
234,93,10,90,3,13.452391800759148,7
235,102,17,55,5,13.448934349992445,12
236,36,15,35,4,13.440272285829963,11
237,25,12,32,5,13.427877456338663,7
238,75,15,53,5,13.423496737137006,10
239,74,18,62,5,13.411803700884374,13
240,13,73,31,23,13.405119260361644,50
241,86,16,103,5,13.404186851009108,11
242,104,12,35,4,13.369677424437178,8
243,55,11,32,4,13.36363963009391,7
244,16,18,83,5,13.351235477213141,13
245,87,28,114,10,13.329695440899371,18
246,18,12,46,3,13.322032493347338,9
247,84,20,3,7,13.320633421516632,13
248,47,16,18,4,13.317575135316673,12
249,50,17,46,6,13.310329365776974,11
250,64,19,106,6,13.295192075566398,13
251,7,12,99,4,13.274517260788409,8
252,102,31,5,10,13.269431869962297,21
253,87,15,112,5,13.2638460838065,10
254,95,23,11,6,13.26328800508424,17
255,11,39,96,12,13.25258237771624,27
256,95,36,88,11,13.24512473637818,25
257,8,16,41,4,13.244566662838952,12
258,36,18,54,6,13.217744798273172,12
259,85,11,13,3,13.214961214077967,8
260,11,22,70,6,13.174919150937761,16
261,97,12,35,3,13.159538935863281,9
262,43,10,46,3,13.153505239922268,7
263,95,28,37,7,13.149042342745604,21
264,53,15,77,5,13.125923769197524,10
265,83,10,70,4,13.118339150755117,6
266,104,38,46,12,13.083570903140268,26
267,6,11,9,4,13.029614696230583,7
268,27,12,114,4,13.009570993376595,8
269,91,10,112,3,12.979190972482943,7
270,78,15,8,4,12.921729498024693,11
271,23,16,17,5,12.920452187354222,11
272,107,19,99,6,12.912196289132078,13
273,98,12,75,4,12.900340980932176,8
274,2,21,65,5,12.890027578518202,16
275,23,14,45,4,12.875487654765548,10
276,27,19,109,7,12.854514856980066,12
277,49,20,104,6,12.812277987885736,14
278,104,20,27,5,12.796343894614777,15
279,54,12,81,4,12.757047966098476,8
280,95,10,36,3,12.746346244298937,7
281,33,14,106,4,12.736963404825662,10
282,46,24,106,9,12.725492516069492,15
283,111,16,88,4,12.710530076381987,12
284,104,18,84,6,12.684623419796734,12
285,48,14,5,4,12.657719903594751,10
286,108,24,70,7,12.6471886080542,17
287,38,11,17,4,12.634911882425525,7
288,20,19,9,6,12.586361422949272,13
289,57,27,5,8,12.572003913811171,19
290,54,14,58,5,12.535089602873327,9
291,75,27,5,10,12.535083552437033,17
292,55,12,103,3,12.517980336309982,9
293,80,10,49,4,12.50914199523895,6
294,36,17,50,7,12.423703215189779,10
295,43,16,53,4,12.41343484704957,12
296,37,10,112,3,12.392005916673293,7
297,76,11,94,3,12.387810233208155,8
298,67,12,97,3,12.35346782744064,9
299,78,10,20,3,12.337947782230119,7
300,28,10,108,4,12.299856976610261,6
301,32,10,39,3,12.25900875776762,7
302,71,11,84,3,12.255989147154674,8
303,48,27,54,9,12.230401373927076,18
304,28,19,112,6,12.22892074036625,13
305,75,19,43,5,12.224767647713705,14
306,43,14,9,5,12.224469441855378,9
307,78,11,106,3,12.210243252742755,8
308,7,18,76,7,12.19661731578168,11
309,109,17,39,4,12.189314131019263,13
310,77,23,51,8,12.161499329151763,15
311,2,22,70,8,12.153236389251056,14
312,92,12,63,5,12.136993324985582,7
313,15,13,55,3,12.101702748474299,10
314,58,19,69,7,12.089414430124696,12
315,34,14,20,4,12.080633416209027,10
316,34,21,28,6,12.064560123194633,15
317,110,11,28,4,12.062606997342062,7
318,1,18,63,7,12.054495717242014,11
319,98,28,96,9,12.0522531035848,19
320,15,20,9,8,12.038844634846162,12
321,58,16,13,4,12.037688148626765,12
322,1,12,104,4,12.020108292717422,8
323,50,11,72,3,11.966306538639385,8
324,27,12,35,4,11.953831865399296,8
325,53,10,54,3,11.951994898142782,7
326,95,27,18,9,11.951490678023532,18
327,109,11,29,5,11.905733206262543,6
328,62,18,63,6,11.898616241132697,12
329,90,18,104,6,11.89837391797068,12
330,78,10,47,4,11.843066191666676,6
331,74,34,28,11,11.834419909257846,23
332,74,10,64,4,11.828764368523546,6
333,28,16,111,5,11.82030122340792,11
334,83,10,17,4,11.812775268760372,6
335,53,10,91,3,11.811611902058761,7
336,8,21,40,6,11.791921402372775,15
337,44,10,54,3,11.791894285038754,7
338,91,12,65,4,11.784658313781675,8
339,55,37,1,11,11.76903355576794,26
340,15,19,51,7,11.768029870666929,12
341,16,11,67,3,11.761532223804268,8
342,15,12,53,4,11.70980845034874,8
343,91,13,96,4,11.692854193124042,9
344,98,11,48,3,11.678045251552971,8
345,30,33,39,11,11.664507953068155,22
346,98,26,87,8,11.644897694141665,18
347,29,13,19,4,11.61630172475812,9
348,11,26,84,8,11.59938792716206,18
349,15,21,18,6,11.590119158022436,15
350,90,15,39,5,11.57797650142359,10
351,33,15,50,5,11.568332857311571,10
352,36,16,104,6,11.564722196156039,10
353,111,10,71,3,11.563837134119533,7
354,74,15,76,6,11.544600382799558,9
355,57,19,63,7,11.49963226954776,12
356,53,19,17,6,11.472645683923517,13
357,47,14,81,4,11.445134927289029,10
358,86,19,72,6,11.423615729846855,13
359,114,39,106,13,11.417874917507987,26
360,29,10,95,3,11.401888238693152,7
361,76,23,35,8,11.396918545348738,15
362,4,11,38,3,11.395009854616484,8
363,104,21,71,8,11.370166649530528,13
364,87,18,81,8,11.3699132326782,10
365,64,12,20,3,11.33130846260478,9
366,47,23,60,7,11.313305625779169,16
367,63,46,28,14,11.30701920844641,32
368,7,25,96,7,11.300422106484014,18
369,80,10,5,3,11.295210617596885,7
370,19,14,54,6,11.27960886649913,8
371,2,14,55,5,11.276816159574059,9
372,75,52,7,17,11.274663385996204,35
373,90,12,48,4,11.252381363492233,8
374,87,29,70,11,11.250414739740135,18
375,107,16,83,5,11.249585120390279,11
376,40,13,81,4,11.249205674756393,9
377,95,28,51,8,11.244919045567018,20
378,75,17,109,5,11.242273446455997,12
379,69,14,57,4,11.237331624933526,10
380,46,20,96,8,11.223825219116966,12
381,73,13,51,4,11.219804453521853,9
382,98,18,106,6,11.217270403208776,12
383,100,12,46,4,11.210309669403356,8
384,89,11,1,4,11.209011069389932,7
385,114,45,65,16,11.207925536927627,29
386,6,12,61,4,11.200388242698187,8
387,91,10,109,3,11.192740070217315,7
388,43,16,4,6,11.162760468553993,10
389,100,20,87,8,11.113455718095162,12
390,40,10,19,3,11.104417905023016,7
391,74,13,32,4,11.101664191982366,9
392,70,22,57,9,11.101179297757742,13
393,78,13,80,4,11.097915766170063,9
394,75,13,29,5,11.096282078020437,8
395,12,18,107,5,11.095629908733306,13
396,17,12,78,4,11.090068157424293,8
397,62,11,57,3,11.089901365863183,8
398,99,11,11,4,11.04788337752713,7
399,32,12,114,4,11.045874107216177,8
400,64,25,9,7,11.036372697771332,18
401,98,11,88,3,11.027639102171307,8
402,45,12,68,4,11.024019728389067,8
403,53,41,88,13,11.023031682203495,28
404,41,14,92,5,11.016394202336144,9
405,98,10,68,3,11.014423279510455,7
406,15,13,71,4,11.00914391321026,9
407,56,13,107,5,11.000292497508868,8
408,51,20,110,6,11.000148170458745,14
409,50,37,88,13,10.986958086725295,24
410,9,15,47,5,10.968614103246173,10
411,89,10,13,4,10.939542022741618,6
412,27,14,64,4,10.925557497140753,10
413,73,17,5,6,10.907383059794872,11
414,102,10,35,4,10.903207987031468,6
415,13,69,88,23,10.89582561175846,46
416,30,17,84,5,10.881128054888238,12
417,111,21,41,8,10.875724405637953,13
418,71,16,77,5,10.872072685026803,11
419,37,46,54,15,10.870093974692763,31
420,27,30,65,10,10.85658782517334,20
421,109,34,8,13,10.819891467814772,21
422,106,17,81,7,10.816681182916202,10
423,80,17,51,6,10.805772459249832,11
424,104,27,77,9,10.795670361212093,18
425,55,25,91,7,10.791612827626562,18
426,47,11,15,4,10.775485769989336,7
427,59,11,7,3,10.771239818059199,8
428,27,27,31,11,10.758919665279384,16
429,23,20,39,7,10.742827162036496,13
430,37,15,60,6,10.721994289598655,9
431,54,11,111,3,10.714143810197228,8
432,43,13,36,5,10.713552025008548,8
433,51,25,74,7,10.704030149650722,18
434,65,15,57,5,10.687048615969914,10
435,40,23,17,7,10.673939896309559,16
436,5,25,98,9,10.66291868554062,16
437,30,20,64,7,10.642272986004784,13
438,98,18,71,6,10.627953776602759,12
439,16,12,101,4,10.622717697482882,8
440,7,31,91,9,10.609100286101588,22
441,75,15,38,4,10.597530026810052,11
442,69,18,28,7,10.575983527327304,11
443,84,18,78,6,10.570645235312561,12
444,95,15,9,6,10.569002592922953,9
445,71,19,54,7,10.563773271372229,12
446,7,21,19,6,10.545578824272848,15
447,86,16,56,5,10.543126647721753,11
448,71,19,97,6,10.5235339621969,13
449,27,27,36,10,10.523349599331352,17
450,89,14,37,6,10.519274673853001,8
451,114,12,12,5,10.50495457801322,7
452,50,37,20,12,10.501577095705528,25
453,63,18,69,5,10.495670691796661,13
454,78,17,16,6,10.487924828110982,11
455,75,14,102,4,10.47886729381523,10
456,19,15,13,5,10.478851089928183,10
457,75,35,8,11,10.477015226263449,24
458,23,12,77,4,10.472073733658851,8
459,6,10,31,4,10.459894630543896,6
460,100,14,112,5,10.456632827685274,9
461,60,27,69,11,10.453461646225001,16
462,64,25,112,7,10.447348803692252,18
463,34,11,60,3,10.444545857082172,8
464,44,16,39,6,10.434810009571377,10
465,95,19,114,7,10.422604339796184,12
466,110,11,7,5,10.422576579231729,6
467,100,23,54,8,10.42177381868298,15
468,28,10,12,3,10.401916137932792,7
469,100,10,57,4,10.386884791301807,6
470,106,16,93,6,10.37915501513517,10
471,49,21,60,7,10.36875684851125,14
472,104,13,81,6,10.361322759461329,7
473,112,18,84,6,10.358451447508308,12
474,94,10,7,3,10.355621654064773,7
475,16,26,1,7,10.345699287153877,19
476,37,13,1,5,10.342164269053148,8
477,7,14,81,6,10.32158298772756,8
478,107,29,31,13,10.30345756995746,16
479,38,12,54,4,10.280232127604943,8
480,34,12,104,4,10.27427919250402,8
481,85,15,50,5,10.26203922127155,10
482,77,12,99,3,10.252199704478638,9
483,67,16,106,6,10.252161434234207,10
484,54,16,43,6,10.23290427669035,10
485,30,17,31,7,10.214096274935343,10
486,25,24,68,8,10.211790433098953,16
487,11,36,37,12,10.20717474941383,24
488,91,24,39,8,10.206322081312438,16
489,48,24,96,8,10.200121519345739,16
490,98,15,2,6,10.198603389321667,9
491,71,13,33,4,10.195530501937561,9
492,97,41,37,14,10.190687502541845,27
493,8,21,15,8,10.188541036846974,13
494,89,13,104,5,10.17868688184359,8
495,58,13,39,4,10.147489402696785,9
496,96,11,23,4,10.143008283174426,7
497,53,37,31,14,10.136338371296793,23
498,92,10,109,3,10.132066653367776,7
499,46,14,70,5,10.128652016947743,9
500,8,10,35,3,10.118762046100299,7
501,50,20,102,8,10.118106239071224,12
502,53,36,36,11,10.114732824687987,25
503,39,28,43,11,10.108201581404133,17
504,65,36,93,14,10.107687501917344,22
505,18,24,8,7,10.103008591242306,17
506,89,11,74,4,10.093150392265771,7
507,79,12,106,4,10.079963228120917,8
508,40,16,49,6,10.077718304922938,10
509,13,23,83,8,10.067954696106945,15
510,44,10,38,3,10.048373138060269,7
511,110,13,107,4,10.03472132274693,9
512,11,14,18,5,10.031989827572826,9
513,16,43,18,14,10.022908903594146,29
514,75,12,57,4,10.001839571130395,8
515,95,25,65,9,9.987438820754939,16
516,34,11,48,4,9.987399142382838,7
517,107,13,10,5,9.987353405179212,8
518,87,13,52,5,9.984852518055051,8
519,73,18,88,6,9.974203425238965,12
520,95,10,2,3,9.920312629990502,7
521,25,14,3,5,9.907996037168818,9
522,27,13,30,5,9.89635566134904,8
523,87,32,9,13,9.890957993800642,19
524,18,39,39,13,9.885046818102031,26
525,2,17,54,5,9.883928701627934,12
526,17,15,71,6,9.874078720771614,9
527,63,34,91,11,9.863803572303501,23
528,63,42,88,13,9.85134438109143,29
529,76,12,18,4,9.847622493503502,8
530,30,16,63,6,9.842696842263113,10
531,86,26,79,9,9.841357831333449,17
532,53,10,98,4,9.839111782848335,6
533,54,13,57,3,9.824315369895016,10
534,104,25,75,9,9.822163907084754,16
535,48,27,107,10,9.812988008703408,17
536,102,17,51,6,9.81128950469166,11
537,64,17,37,6,9.810222324765896,11
538,19,11,20,4,9.800039016840095,7
539,62,10,93,4,9.798162399200404,6
540,37,24,83,9,9.783726366978417,15
541,13,14,76,5,9.765754801505128,9
542,30,12,52,4,9.763146241314214,8
543,72,12,51,5,9.759777276531148,7
544,89,13,16,5,9.733195931265595,8
545,16,16,32,6,9.72172092201369,10
546,43,19,31,10,9.720852773553682,9
547,75,18,11,7,9.71088785220573,11
548,102,33,86,11,9.70383463978044,22
549,43,26,86,8,9.678487026953471,18
550,17,17,109,6,9.672922776879656,11
551,15,15,3,6,9.668333079764217,9
552,53,12,38,4,9.664145468055217,8
553,100,12,71,4,9.66068752031631,8
554,111,16,63,6,9.656549842780759,10
555,41,15,17,5,9.654478177971624,10
556,22,10,114,5,9.649313306364819,5
557,100,37,51,16,9.63867209278027,21
558,93,10,104,4,9.637966581885273,6
559,78,10,114,4,9.632244308821944,6
560,41,23,53,8,9.631953807885303,15
561,70,17,109,6,9.623350653501726,11
562,76,16,9,5,9.621504571842449,11
563,99,14,8,6,9.61106559286031,8
564,83,18,84,7,9.609473734372159,11
565,8,13,53,4,9.596286006275326,9
566,80,14,39,5,9.589468521855673,9
567,15,31,88,9,9.582914300229938,22
568,73,20,7,8,9.582485903794176,12
569,20,32,84,9,9.5796272692917,23
570,64,44,60,14,9.569439655645416,30
571,13,24,97,9,9.567486234498416,15
572,92,15,68,5,9.538113226799515,10
573,106,13,108,4,9.535201707134298,9
574,1,22,31,9,9.525804060927038,13
575,20,32,25,11,9.520523686179052,21
576,18,27,9,9,9.520249042639604,18
577,8,17,36,6,9.51236026695053,11
578,90,14,80,4,9.509239360264802,10
579,114,13,2,5,9.509158562417847,8
580,90,21,13,7,9.506733485788097,14
581,37,22,99,7,9.502759058160713,15
582,37,29,7,11,9.500511382222342,18
583,102,13,60,5,9.490462801517765,8
584,70,10,58,3,9.487562225897108,7
585,97,23,51,7,9.463450569827408,16
586,16,47,96,14,9.46295382882651,33
587,102,12,17,4,9.460667678985603,8
588,76,28,68,7,9.459920139276978,21
589,32,11,63,4,9.44232166344675,7
590,78,12,53,5,9.436495389192622,7
591,64,14,92,7,9.432471863302014,7
592,38,11,112,3,9.41394016209822,8
593,108,14,60,5,9.40273406812832,9
594,45,22,107,8,9.39975575090587,14
595,3,11,57,4,9.393361478966048,7
596,63,25,109,10,9.392892060380623,15
597,109,11,36,3,9.390936468630548,8
598,80,33,107,11,9.376730084103613,22
599,76,17,39,5,9.374915521858481,12
600,30,39,107,14,9.363356123231583,25
601,87,14,33,5,9.358610632806945,9
602,23,12,50,3,9.354699302165745,9
603,28,29,2,10,9.34282167881126,19
604,15,29,39,9,9.342533494112487,20
605,60,17,29,7,9.328648293170021,10
606,111,15,51,5,9.328246716797016,10
607,60,16,58,6,9.319426070200468,10
608,50,17,70,7,9.316243790355681,10
609,86,15,67,6,9.30654184494345,9
610,75,57,68,19,9.300627868865528,38
611,63,19,77,6,9.291814452323939,13
612,75,13,93,5,9.279825087560205,8
613,65,26,29,11,9.27121079242292,15
614,100,10,102,3,9.252164791252763,7
615,15,10,76,4,9.241288842836553,6
616,7,44,25,15,9.233724493378423,29
617,55,12,85,4,9.227678960132266,8
618,70,16,69,5,9.227346228401574,11
619,64,11,81,4,9.217681779438383,7
620,27,15,4,6,9.214915067697104,9
621,19,10,31,3,9.206206241182457,7
622,2,12,40,4,9.204153353273352,8
623,73,17,40,6,9.199997222971483,11
624,15,13,91,6,9.175439096539632,7
625,41,39,86,13,9.172157333193887,26
626,41,15,49,6,9.171912615870818,9
627,40,15,102,6,9.171373555966685,9
628,92,15,40,5,9.168940871834318,10
629,16,63,106,21,9.160803291418002,42
630,50,43,5,17,9.156049369840707,26
631,13,42,18,16,9.15021879704067,26
632,81,18,16,6,9.137660797439956,12
633,62,12,69,5,9.133574808880727,7
634,57,32,107,12,9.121513278200574,20
635,104,18,17,7,9.118260519592532,11
636,92,11,17,4,9.114563540800457,7
637,109,15,31,5,9.11388757240418,10
638,16,31,69,11,9.108263327756003,20
639,95,34,8,13,9.079209474058969,21
640,44,29,86,10,9.073857704921485,19
641,28,16,94,5,9.068842266957846,11
642,28,34,75,12,9.068390514566694,22
643,47,21,68,7,9.052758514326353,14
644,58,10,112,4,9.041979275484929,6
645,75,18,100,8,9.024866169547831,10
646,48,23,87,8,9.021568034700334,15
647,30,16,70,7,9.016092338129877,9
648,5,15,36,6,9.008614310253613,9
649,114,15,57,5,9.000054094310599,10
650,17,17,60,6,8.995312545980157,11
651,28,15,52,6,8.975367013246691,9
652,97,18,36,7,8.970668153566264,11
653,47,20,114,8,8.969382880850322,12
654,28,11,32,4,8.963821007682872,7
655,11,13,80,5,8.941133144462878,8
656,28,25,68,8,8.940487090707837,17
657,73,12,31,4,8.938919570135752,8
658,11,10,91,3,8.923724837318142,7
659,110,19,25,6,8.917701672558222,13
660,89,15,107,5,8.908975430626485,10
661,7,20,109,7,8.9080321410632,13
662,69,12,97,4,8.888377862411462,8
663,44,20,13,7,8.886721786197054,13
664,28,16,40,7,8.877350715587877,9
665,23,16,12,6,8.872217683410865,10
666,13,15,29,6,8.860571417374171,9
667,53,17,3,6,8.84518913908164,11
668,32,15,87,5,8.84415502943487,10
669,49,13,77,4,8.842593838828115,9
670,63,19,36,7,8.822881427312195,12
671,63,28,76,9,8.821395394022662,19
672,36,18,47,6,8.810892372607714,12
673,106,10,42,3,8.802546839644418,7
674,85,11,72,3,8.800228412539498,8
675,109,12,77,5,8.789144881364965,7
676,106,23,18,8,8.778191080978742,15
677,39,36,88,13,8.756638990991734,23
678,38,14,106,7,8.74501943352997,7
679,104,23,11,8,8.742484307216115,15
680,4,22,17,7,8.727735068009611,15
681,8,26,57,9,8.727187925997562,17
682,58,10,45,4,8.721721801464442,6
683,45,15,86,6,8.710518828201982,9
684,63,15,102,6,8.710165699989911,9
685,63,35,20,14,8.705248065274409,21
686,30,10,2,4,8.704387763563812,6
687,110,14,39,4,8.694421097429624,10
688,107,25,35,8,8.683347995006125,17
689,76,15,60,4,8.678706996102921,11
690,77,16,88,6,8.678317130754186,10
691,9,31,31,11,8.678153869820548,20
692,16,36,9,12,8.65429558664068,24
693,41,19,97,7,8.638943706099205,12
694,76,12,57,4,8.631010009083717,8
695,51,51,63,21,8.61580742538916,30
696,23,34,60,12,8.608807282411219,22
697,47,33,13,12,8.605595364799182,21
698,90,22,50,8,8.598522697494,14
699,16,32,100,11,8.578411775668862,21
700,95,23,55,8,8.575006509864881,15
701,41,13,3,3,8.570007818582788,10
702,78,19,7,8,8.565348954184037,11
703,78,11,36,4,8.552435160203329,7
704,114,13,62,5,8.54955618000272,8
705,12,13,106,4,8.530975907772834,9
706,34,12,39,5,8.530792842427957,7
707,86,28,48,10,8.527783865058886,18
708,62,23,88,9,8.512625127129992,14
709,91,10,45,4,8.504304930616431,6
710,64,28,40,10,8.496071624321134,18
711,63,45,84,18,8.491516989367192,27
712,75,16,1,5,8.487454866261048,11
713,74,14,77,5,8.485489523270209,9
714,69,10,85,4,8.472081723542164,6
715,95,14,96,5,8.45037398259218,9
716,8,32,114,11,8.446067232393613,21
717,96,24,70,11,8.437417991026262,13
718,55,20,114,7,8.432483182241098,13
719,73,19,90,7,8.424101991862472,12
720,48,21,79,8,8.423308200700252,13
721,53,21,108,9,8.41462834634765,12
722,68,24,91,10,8.412577437061728,14
723,109,14,67,7,8.410228891959628,7
724,80,11,79,5,8.39440233865723,6
725,67,10,104,4,8.393331116483226,6
726,11,11,9,4,8.359525570926444,7
727,57,10,109,4,8.357793842250308,6
728,7,22,5,8,8.357081514884824,14
729,41,32,31,12,8.353957395244583,20
730,39,20,112,8,8.345179878987272,12
731,69,20,68,8,8.344032655118443,12
732,76,39,51,13,8.339242903099507,26
733,102,17,88,5,8.307899790454732,12
734,53,29,30,11,8.306098230837586,18
735,63,12,85,5,8.296401774903982,7
736,80,19,37,7,8.285055505298251,12
737,90,31,106,10,8.283845461248372,21
738,84,20,29,8,8.278852142240282,12
739,41,18,91,6,8.276671952774393,12
740,75,12,76,5,8.269580351796622,7
741,50,34,55,14,8.268886532039616,20
742,37,12,14,5,8.266467835075433,7
743,16,42,46,15,8.265204078980108,27
744,100,10,84,3,8.240271972733373,7
745,94,10,2,4,8.235738884159371,6
746,69,21,106,8,8.230262561693124,13
747,41,28,104,12,8.222150207467429,16
748,86,26,1,10,8.213403239086288,16
749,40,24,3,8,8.21009163331203,16
750,87,24,93,9,8.20135369004028,15
751,11,24,109,8,8.196422948591085,16
752,74,25,39,10,8.195535087876927,15
753,104,35,60,10,8.183651908443375,25
754,50,18,30,7,8.173377893689405,11
755,68,11,33,4,8.166895131198165,7
756,50,28,71,11,8.165371088482388,17
757,86,38,76,14,8.159754461381874,24
758,107,12,61,5,8.157075963099336,7
759,18,16,112,5,8.155957753880719,11
760,16,65,63,25,8.14697641925856,40
761,4,10,112,4,8.145974306589784,6
762,26,10,107,4,8.136960920766814,6
763,100,19,88,7,8.116464062015535,12
764,45,31,7,12,8.099756768827417,19
765,30,16,46,6,8.09849810603762,10
766,60,30,50,13,8.087484578525554,17
767,49,13,27,5,8.087391629783898,8
768,7,15,10,6,8.086365440359023,9
769,8,61,5,24,8.080732178020162,37
770,110,16,97,6,8.077466293642946,10
771,16,18,14,7,8.06483217295593,11
772,53,13,46,5,8.064750592390656,8
773,51,15,91,5,8.060157448942936,10
774,9,11,12,4,8.058955245687951,7
775,86,87,51,36,8.04854278255993,51
776,58,26,107,9,8.037629940895535,17
777,37,16,27,6,8.030406858059436,10
778,108,26,13,9,8.028546837864388,17
779,75,41,50,14,8.02466935745211,27
780,35,11,9,5,8.012816785902409,6
781,48,12,25,5,8.01244102921806,7
782,102,19,96,7,7.9956311609664965,12
783,13,16,70,6,7.990308468406848,10
784,5,28,84,11,7.986435375626319,17
785,84,31,39,12,7.976509708255431,19
786,12,12,4,4,7.976222296376225,8
787,65,25,5,10,7.967561696591304,15
788,89,12,53,5,7.9499730264780055,7
789,87,15,19,6,7.943589688548752,9
790,73,17,87,5,7.942207150258419,12
791,27,13,77,5,7.939137496569419,8
792,18,10,34,3,7.934073113605032,7
793,77,12,64,6,7.9282827223690555,6
794,33,16,20,6,7.928062438364485,10
795,54,22,18,9,7.917650548154775,13
796,88,10,82,4,7.912578083642496,6
797,57,20,102,8,7.906650367160248,12
798,71,13,38,4,7.906029048659733,9
799,78,11,31,5,7.904414780494012,6
800,76,11,108,4,7.890267325318871,7
801,60,24,81,9,7.879588509675568,15
802,55,17,23,8,7.871570609888838,9
803,114,25,90,10,7.8701656835045455,15
804,44,12,35,5,7.859665557157517,7
805,106,26,91,9,7.859341034872018,17
806,104,13,69,4,7.846435814216967,9
807,53,19,109,7,7.841205358929896,12
808,40,65,68,23,7.838614763228131,42
809,7,11,2,4,7.836909370766421,7
810,8,17,98,6,7.8322640771965775,11
811,25,46,46,19,7.8204011950255445,27
812,87,36,40,15,7.816149468605837,21
813,75,21,49,8,7.802050873504809,13
814,114,12,110,4,7.80031681097971,8
815,50,15,48,5,7.798532000224024,10
816,47,10,111,4,7.786638633209644,6
817,68,28,18,11,7.775566947501909,17
818,92,14,114,4,7.774797164908212,10
819,41,15,81,5,7.770221546669875,10
820,57,23,39,9,7.767705201432487,14
821,46,11,29,6,7.7647643110174815,5
822,10,14,86,6,7.764445720347282,8
823,50,22,18,9,7.758401768064157,13
824,53,11,73,4,7.756297558195456,7
825,37,49,25,20,7.755599308877524,29
826,73,13,54,5,7.746921178252216,8
827,44,11,84,5,7.741464370739849,6
828,78,18,87,8,7.738249145100052,10
829,63,10,52,4,7.736846011905835,6
830,110,18,16,7,7.733031798865921,11
831,85,19,84,6,7.7283759336747835,13
832,30,40,65,15,7.715483969963987,25
833,68,44,87,17,7.713445601645926,27
834,46,13,64,5,7.701785189637151,8
835,41,15,77,5,7.700447698799743,10
836,64,11,11,3,7.699861982788657,8
837,39,35,20,15,7.691469595920374,20
838,111,25,7,10,7.69032342577198,15
839,5,32,11,12,7.687442157533876,20
840,37,29,38,11,7.668156637885108,18
841,37,24,96,10,7.665844925696509,14
842,33,13,31,6,7.647223417443057,7
843,70,11,60,4,7.6464357490262,7
844,108,20,88,7,7.642505031143237,13
845,97,29,5,10,7.639418302115124,19
846,107,33,43,12,7.633857276455771,21
847,96,22,80,8,7.6325568595370585,14
848,23,13,91,6,7.630492751883036,7
849,18,20,36,8,7.5949028785012285,12
850,20,15,90,6,7.5926874674698235,9
851,58,18,88,7,7.5880987725104365,11
852,72,10,36,4,7.585561627806539,6
853,28,31,114,13,7.584853881328923,18
854,46,12,77,5,7.574271980014295,7
855,91,21,20,9,7.573934817025565,12
856,107,18,66,7,7.57118010681632,11
857,34,14,5,4,7.5706698448560905,10
858,3,14,43,5,7.55517181775504,9
859,51,20,33,6,7.54115209621082,14
860,6,11,55,3,7.526848268362216,8
861,55,18,77,7,7.520653437888106,11
862,16,25,76,12,7.512035601002999,13
863,53,19,12,8,7.511441486905761,11
864,15,13,50,5,7.509982415529958,8
865,78,19,107,7,7.5091526406043005,12
866,54,30,60,11,7.494934117874263,19
867,64,10,29,3,7.494394888436804,7
868,41,11,96,3,7.480521636982391,8
869,48,10,89,3,7.476757612743907,7
870,70,14,36,6,7.476080415111229,8
871,108,15,63,6,7.475559971035058,9
872,16,32,43,11,7.475406687421778,21
873,64,37,31,14,7.4738922265185375,23
874,45,12,53,5,7.463487107897495,7
875,37,21,110,9,7.457046552670356,12
876,86,53,97,21,7.453774682156136,32
877,46,30,75,12,7.449361290092638,18
878,8,28,84,10,7.447150756775401,18
879,64,17,43,7,7.43896725456377,10
880,7,49,87,18,7.4314438134316605,31
881,54,44,109,16,7.42149631612999,28
882,112,20,76,9,7.420620932537434,11
883,8,19,91,7,7.416456742894205,12
884,36,34,41,16,7.412500474371832,18
885,29,11,68,4,7.409353661857099,7
886,64,11,19,3,7.409166426273504,8
887,37,41,46,14,7.398384968299374,27
888,38,22,65,10,7.397829395052753,12
889,1,10,5,4,7.391988711274886,6
890,75,50,16,20,7.38842567902132,30
891,73,10,71,4,7.37323406519455,6
892,13,35,54,13,7.373225396669799,22
893,34,15,74,5,7.367415754617591,10
894,31,14,80,4,7.367135464628976,10
895,25,16,33,5,7.36592627296452,11
896,77,10,114,4,7.3654772203978025,6
897,53,18,61,6,7.3640960284192225,12
898,49,13,23,5,7.360298065336568,8
899,73,25,8,10,7.35879002547718,15
900,75,16,2,7,7.332326563651873,9
901,97,26,68,10,7.3316577092188355,16
902,2,32,107,12,7.32884412298255,20
903,70,42,5,17,7.323141246130927,25
904,1,23,65,10,7.319832649719675,13
905,109,26,55,12,7.3182997081126135,14
906,39,24,106,10,7.31226919998241,14
907,16,41,91,14,7.309347152714904,27
908,17,17,9,7,7.295940921809664,10
909,47,11,61,4,7.295405799949466,7
910,51,55,65,20,7.289610971438151,35
911,43,31,40,13,7.2876910701836355,18
912,97,16,29,6,7.284915525257299,10
913,13,20,98,7,7.284404613166717,13
914,114,42,13,19,7.284350704257176,23
915,55,20,68,7,7.273979151335479,13
916,106,13,57,6,7.272492874678534,7
917,62,10,96,3,7.268496266352443,7
918,110,16,70,6,7.267896542251015,10
919,20,17,98,6,7.267496359610282,11
920,13,31,69,12,7.264804290539713,19
921,75,19,81,7,7.259552889264539,12
922,98,12,93,5,7.2513528092711335,7
923,46,13,90,5,7.250761878801304,8
924,49,11,15,4,7.248095103585942,7
925,20,21,41,9,7.246750485082596,12
926,31,14,5,5,7.246607645789562,9
927,54,32,40,13,7.243609732204195,19
928,20,10,75,4,7.241047227766171,6
929,114,27,40,9,7.240772461331043,18
930,114,14,81,6,7.238705590547007,8
931,54,16,62,6,7.236680580960737,10
932,13,60,106,23,7.22482230869508,37
933,35,20,40,7,7.2238461178978355,13
934,48,12,51,6,7.20224130205775,6
935,81,32,13,12,7.194897673585073,20
936,27,20,63,9,7.19472225275396,11
937,36,16,112,6,7.175574629533441,10
938,38,18,84,8,7.154125748328736,10
939,29,14,37,6,7.147246302868531,8
940,5,17,60,6,7.144002600647477,11
941,40,50,55,19,7.142420946012768,31
942,87,27,91,10,7.142016410462965,17
943,63,58,54,22,7.133964662886907,36
944,75,57,107,18,7.131800392099847,39
945,63,32,48,12,7.1299692009467925,20
946,88,11,67,3,7.127393540580368,8
947,88,23,3,9,7.12663205785296,14
948,67,12,107,4,7.124134838046416,8
949,16,107,88,40,7.117763950215662,67
950,11,10,10,4,7.092215172488676,6
951,68,16,19,7,7.090473719692582,9
952,28,20,62,8,7.086204539456473,12
953,28,35,70,14,7.078735797739843,21
954,107,19,102,8,7.0774996579991125,11
955,102,14,98,6,7.075813129571894,8
956,50,14,49,6,7.064134383315743,8
957,100,21,25,9,7.062312436550092,12
958,99,18,36,6,7.061516094995872,12
959,65,16,73,6,7.056062739811479,10
960,41,15,112,6,7.039515078376401,9
961,62,15,51,6,7.028758985101916,9
962,16,31,64,11,7.027713443588521,20
963,100,16,18,7,7.026565168419708,9
964,95,15,40,6,7.026458120737083,9
965,87,27,53,12,7.022639512769477,15
966,35,15,45,7,7.020124866610042,8
967,91,30,98,12,7.005781194364029,18
968,80,13,48,4,6.99747900943173,9
969,62,15,5,6,6.992708759597391,9
970,114,19,1,7,6.990089974683044,12
971,111,23,13,10,6.988942249892523,13
972,17,20,55,9,6.987444025974705,11
973,11,20,57,9,6.983907364905458,11
974,8,17,33,6,6.975602243001775,11
975,18,23,97,9,6.965163575719862,14
976,16,34,36,13,6.9623095532486845,21
977,32,18,104,6,6.95922508638955,12
978,2,11,38,5,6.952650087165873,6
979,100,18,43,8,6.945332357815133,10
980,99,12,88,5,6.93913123202866,7
981,75,19,30,8,6.923427737676235,11
982,93,25,54,9,6.919601882693421,16
983,49,10,53,4,6.907813000954768,6
984,15,13,1,5,6.894393360648802,8
985,76,16,88,7,6.891817282335726,9
986,90,22,65,10,6.887045978873851,12
987,114,47,5,19,6.885144276646171,28
988,106,15,99,5,6.882359612487447,10
989,60,43,4,19,6.864343045215706,24
990,114,19,96,7,6.8573207383282995,12
991,13,29,95,12,6.852052215706936,17
992,7,99,51,37,6.849475435937799,62
993,86,80,96,31,6.839782165020975,49
994,78,14,96,5,6.830515928543477,9
995,95,25,106,9,6.830338155584792,16
996,7,20,46,7,6.829366067671735,13
997,89,10,68,4,6.826893879643049,6
998,86,28,78,11,6.822056261466188,17
999,68,69,31,28,6.821634358561019,41
1000,65,14,66,5,6.821265394674894,9
1001,30,22,104,10,6.820606807560422,12
1002,98,40,86,17,6.818936598158919,23
1003,56,13,4,6,6.816273515879696,7
1004,44,21,6,7,6.813562816650853,14
1005,25,14,9,5,6.810304163725227,9
1006,51,20,96,8,6.809158319794973,12
1007,100,16,114,6,6.806713890734189,10
1008,60,18,45,8,6.8022482279138705,10
1009,49,10,71,4,6.800377692667283,6
1010,55,10,31,4,6.798197972656263,6
1011,1,16,87,7,6.782771040032774,9
1012,39,81,51,33,6.781026894224875,48
1013,6,14,27,6,6.780540737481572,8
1014,81,10,108,4,6.778588424753946,6
1015,38,11,19,3,6.772394939740198,8
1016,33,23,107,10,6.763493299081546,13
1017,13,43,23,19,6.759962036733638,24
1018,86,15,94,6,6.753448997726147,9
1019,53,13,90,5,6.752088210585151,8
1020,30,19,18,8,6.749976540021853,11
1021,94,10,71,4,6.748460655059317,6
1022,100,18,63,8,6.742683547587139,10
1023,84,25,48,9,6.7407911051084906,16
1024,40,14,78,4,6.732885786530082,10
1025,74,38,96,14,6.731828732252355,24
1026,14,13,95,5,6.731405281187272,8
1027,27,11,98,5,6.722224921815259,6
1028,100,11,95,5,6.722166987268522,6
1029,65,10,32,4,6.718474357729474,6
1030,13,30,3,10,6.716672045711122,20
1031,28,35,97,13,6.716635909782017,22
1032,107,25,109,9,6.707778229737099,16
1033,60,21,12,11,6.704537300087493,10
1034,83,15,74,7,6.703298030488857,8
1035,28,24,71,9,6.697570308642473,15
1036,111,11,106,3,6.697425895741327,8
1037,7,18,62,7,6.690218008322475,11
1038,16,68,55,25,6.673907741530192,43
1039,27,36,88,16,6.672694825026893,20
1040,14,13,13,4,6.663851771345142,9
1041,83,11,71,5,6.656205380333864,6
1042,54,74,88,30,6.654867228993362,44
1043,12,13,87,5,6.654704325795005,8
1044,71,19,37,8,6.653996053488669,11
1045,76,15,114,5,6.6539119931134865,10
1046,32,26,5,10,6.647447060451906,16
1047,72,10,17,4,6.642338096334109,6
1048,4,30,65,12,6.6356003955737535,18
1049,39,22,37,9,6.632156694863052,13
1050,25,48,5,19,6.626414170343125,29
1051,74,14,9,5,6.620459467868885,9
1052,85,10,75,3,6.61929344121288,7
1053,71,18,81,7,6.61709770119633,11
1054,55,21,64,7,6.604925944972094,14
1055,34,16,30,6,6.601140375094157,10
1056,65,28,96,12,6.593487230396348,16
1057,13,40,43,18,6.584602401444723,22
1058,39,25,38,10,6.576359256983345,15
1059,53,26,114,11,6.571088082289226,15
1060,104,37,25,16,6.567754121461538,21
1061,107,44,53,17,6.556157644451656,27
1062,58,18,68,7,6.553002087451516,11
1063,16,29,27,11,6.548968077490892,18
1064,77,21,18,7,6.545250800191177,14
1065,54,58,70,23,6.543056803225659,35
1066,49,10,55,4,6.541972088163769,6
1067,86,29,81,9,6.532482502137965,20
1068,35,15,28,7,6.525585250622975,8
1069,16,78,39,32,6.5210913868223725,46
1070,16,21,108,8,6.502477858846357,13
1071,90,10,102,5,6.502237322589002,5
1072,1,20,54,8,6.493394551110143,12
1073,48,10,104,4,6.493358473776671,6
1074,20,18,68,8,6.48964373329749,10
1075,70,20,9,7,6.477071321597407,13
1076,98,18,84,6,6.475666713551259,12
1077,70,13,29,6,6.465173609286504,7
1078,86,30,112,12,6.458697068748916,18
1079,90,25,87,10,6.4548524533916245,15
1080,29,10,41,4,6.453681453868417,6
1081,27,30,86,11,6.453315924089684,19
1082,6,10,28,4,6.452419128804086,6
1083,16,24,3,9,6.451606842565653,15
1084,69,31,86,13,6.447204277363735,18
1085,4,20,87,7,6.445923142452618,13
1086,41,20,109,7,6.432688342356182,13
1087,100,22,39,9,6.432511887302126,13
1088,40,16,33,5,6.427211772717694,11
1089,107,19,77,8,6.416947048354687,11
1090,106,13,77,6,6.407119934187455,7
1091,12,15,3,5,6.402054212959603,10
1092,20,30,51,14,6.390780350627106,16
1093,65,60,88,22,6.390098566074339,38
1094,81,12,69,5,6.3766610232414545,7
1095,57,11,43,3,6.37341690737889,8
1096,7,21,56,9,6.361794853449644,12
1097,41,15,28,6,6.359689551305939,9
1098,92,13,27,6,6.356396578041118,7
1099,51,15,112,6,6.350376289921739,9
1100,15,16,87,7,6.3463488110906745,9
1101,86,29,83,10,6.342700324127683,19
1102,107,23,69,9,6.341765510677753,14
1103,62,22,40,11,6.34058891485694,11
1104,40,40,104,15,6.335056823615204,25
1105,81,10,111,3,6.333917467029674,7
1106,13,18,94,7,6.333471224988879,11
1107,54,14,112,5,6.3267118256224935,9
1108,80,12,60,5,6.326591453694461,7
1109,20,40,16,14,6.318333724670661,26
1110,29,13,55,5,6.301089833667023,8
1111,39,16,83,6,6.297771796270439,10
1112,23,17,114,6,6.291790840234864,11
1113,70,16,64,5,6.286009204558742,11
1114,16,12,92,3,6.284475222709882,9
1115,41,11,102,4,6.282861273718874,7
1116,87,28,41,11,6.282239020662331,17
1117,86,21,4,8,6.2794844995496994,13
1118,20,45,5,17,6.270373633442785,28
1119,69,11,96,4,6.268969865653719,7
1120,15,12,95,5,6.265255655621163,7
1121,92,22,39,10,6.263991845659126,12
1122,108,18,87,7,6.262008842945723,11
1123,43,17,5,7,6.250727481432205,10
1124,104,41,50,16,6.230364171354915,25
1125,28,15,29,6,6.228934107057335,9
1126,13,17,6,7,6.226729543003945,10
1127,72,12,68,5,6.2229147971092145,7
1128,65,15,6,6,6.216451840954273,9
1129,46,24,39,12,6.2104681559769475,12
1130,35,15,84,6,6.209299301194261,9
1131,74,28,70,13,6.203999405338755,15
1132,63,28,2,12,6.200018491851485,16
1133,91,12,71,5,6.187474142289449,7
1134,55,14,35,6,6.181710197353361,8
1135,97,23,76,10,6.171425808149794,13
1136,65,45,20,17,6.171028105010781,28
1137,13,47,36,18,6.167141158071529,29
1138,63,10,89,3,6.159771716986653,7
1139,31,15,112,5,6.149641402394961,10
1140,40,48,39,19,6.1478732659202615,29
1141,78,16,63,8,6.142144937717797,8
1142,109,14,46,6,6.137839688733693,8
1143,23,10,48,4,6.136507124451633,6
1144,55,24,97,9,6.128965912516967,15
1145,25,35,88,12,6.123879676950231,23
1146,86,55,39,24,6.1213596693037005,31
1147,81,13,31,4,6.117159791325403,9
1148,39,18,29,8,6.11667916860653,10
1149,90,12,7,5,6.108519045195328,7
1150,85,12,16,4,6.107616384074386,8
1151,111,23,107,11,6.08814286411973,12
1152,79,10,108,3,6.083927302918588,7
1153,64,16,3,6,6.081103034121076,10
1154,70,29,20,11,6.080511379179193,18
1155,55,10,69,4,6.075582313218194,6
1156,74,14,48,7,6.068043245358376,7
1157,23,27,41,11,6.068042449918637,16
1158,23,18,28,8,6.06620277166243,10
1159,90,19,63,8,6.053395439788756,11
1160,63,24,18,9,6.046455003215173,15
1161,8,16,32,7,6.041444852098721,9
1162,7,24,98,9,6.0336860037819795,15
1163,75,31,31,14,6.033482134287373,17
1164,16,20,79,8,6.0309592755619885,12
1165,64,38,86,16,6.030765339147399,22
1166,91,17,50,6,6.027790824025911,11
1167,95,20,46,8,6.027785407812038,12
1168,85,11,7,4,6.023882130639264,7
1169,15,18,81,8,6.020952084821452,10
1170,99,10,17,4,6.0116233289389776,6
1171,100,14,17,4,6.011059679512766,10
1172,37,19,100,7,6.000890669706824,12
1173,114,25,31,11,5.991876520395493,14
1174,74,12,27,6,5.991317096712259,6
1175,64,20,18,8,5.974775055211904,12
1176,97,18,40,7,5.966918416140386,11
1177,12,10,38,4,5.966686013029674,6
1178,68,52,53,21,5.964244334939563,31
1179,86,34,17,16,5.961143965020203,18
1180,97,12,10,6,5.950831581917705,6
1181,39,12,14,5,5.947548147792332,7
1182,33,15,7,7,5.9471342175078945,8
1183,28,15,53,6,5.9457443646332715,9
1184,41,15,43,6,5.943674988011269,9
1185,104,50,28,21,5.941710221571149,29
1186,112,13,40,6,5.934161105944305,7
1187,37,45,63,18,5.933785173114154,27
1188,73,20,114,8,5.924435121305103,12
1189,93,10,63,4,5.9175632502755855,6
1190,41,15,45,5,5.9144627061547626,10
1191,39,55,68,24,5.907725939188766,31
1192,6,17,107,7,5.906261036560345,10
1193,46,12,1,6,5.891865749051654,6
1194,74,34,84,16,5.891399521581718,18
1195,109,19,34,8,5.8910600256239505,11
1196,64,34,51,14,5.888421423830696,20
1197,46,12,36,5,5.882094180819339,7
1198,62,17,9,7,5.86600144742425,10
1199,54,36,95,16,5.865979569344106,20
1200,34,17,7,7,5.863504951401833,10
1201,7,20,112,8,5.8633899504874805,12
1202,104,37,55,15,5.856904127783749,22
1203,74,37,46,14,5.850135921281393,23
1204,58,13,87,5,5.8383296210552,8
1205,3,12,18,4,5.832827231063855,8
1206,40,16,5,7,5.820527251695649,9
1207,100,10,49,5,5.813425744151518,5
1208,80,28,106,11,5.812470547213421,17
1209,79,13,20,5,5.810117746469002,8
1210,16,38,62,14,5.806515303304726,24
1211,71,48,13,21,5.805132526236809,27
1212,27,32,51,12,5.804553521558318,20
1213,7,45,64,20,5.801061458968774,25
1214,74,28,55,12,5.797157459674129,16
1215,98,26,63,11,5.795644107915217,15
1216,15,10,43,4,5.792521091011201,6
1217,11,19,35,8,5.768399159544,11
1218,112,11,19,4,5.767630336632137,7
1219,58,13,53,7,5.756559382638666,6
1220,23,13,47,5,5.755142063292807,8
1221,36,12,77,5,5.751140829309578,7
1222,25,42,106,16,5.73768822242091,26
1223,13,48,25,22,5.729332953997915,26
1224,45,14,9,5,5.727853500458987,9
1225,25,26,51,11,5.72613511284895,15
1226,98,13,17,6,5.723425305113809,7
1227,6,10,12,5,5.722414314921584,5
1228,41,18,37,7,5.716493275276269,11
1229,23,10,102,4,5.7160538226538815,6
1230,74,22,109,8,5.703058853572775,14
1231,53,17,62,7,5.701449545318567,10
1232,70,10,32,5,5.692479372096213,5
1233,23,10,43,4,5.689859175567734,6
1234,106,46,5,18,5.689619439430471,28
1235,30,25,55,10,5.686463879094618,15
1236,63,23,38,8,5.685369937239836,15
1237,102,10,95,4,5.685319962340818,6
1238,54,11,12,5,5.67450373056912,6
1239,94,10,25,5,5.671887186214519,5
1240,75,39,37,14,5.670197882049105,25
1241,16,31,99,13,5.665818337043021,18
1242,16,48,37,20,5.664774565241773,28
1243,54,11,82,4,5.664278302313932,7
1244,23,41,88,15,5.662482081944022,26
1245,43,12,68,5,5.6614021510813615,7
1246,9,13,61,5,5.652969843590383,8
1247,112,13,29,6,5.652235424993052,7
1248,4,10,97,4,5.649870700339136,6
1249,39,13,97,5,5.649731064357227,8
1250,73,23,74,9,5.649045009007229,14
1251,108,14,98,6,5.640790264148573,8
1252,85,10,11,4,5.636472097896452,6
1253,100,13,62,6,5.633802134766735,7
1254,75,46,51,20,5.632745764536371,26
1255,86,28,73,13,5.62531345595925,15
1256,5,21,17,7,5.625033929201379,14
1257,95,26,50,11,5.619957219349123,15
1258,16,48,50,20,5.617696720442929,28
1259,114,22,3,8,5.616945915532873,14
1260,30,14,90,6,5.614315415339312,8
1261,100,15,50,6,5.612526049660052,9
1262,27,14,43,7,5.609839390205427,7
1263,38,13,18,6,5.608114426083465,7
1264,70,17,98,6,5.604121247592221,11
1265,99,11,63,5,5.595807733799709,6
1266,62,21,68,9,5.591004045591886,12
1267,39,13,94,5,5.582337685105467,8
1268,42,11,69,5,5.570250078296481,6
1269,37,60,104,24,5.563475261062019,36
1270,63,11,10,4,5.56040496031845,7
1271,31,10,95,4,5.5581891593402775,6
1272,76,14,102,6,5.556814882908007,8
1273,46,11,4,5,5.55622187464566,6
1274,16,82,87,35,5.550823492576418,47
1275,8,41,25,16,5.550067480025434,25
1276,36,53,31,23,5.548564460468652,30
1277,25,18,84,7,5.5466876181289715,11
1278,20,22,2,9,5.544865436021075,13
1279,86,51,75,23,5.544222274149607,28
1280,75,16,84,7,5.542746956131477,9
1281,65,26,69,11,5.540534749641236,15
1282,15,21,107,7,5.539272924336072,14
1283,15,12,30,5,5.538463534767753,7
1284,106,31,23,15,5.535479536227778,16
1285,54,30,68,12,5.529360876289248,18
1286,114,45,68,19,5.528966703625285,26
1287,30,23,88,11,5.525413582454542,12
1288,33,14,102,6,5.525239013163607,8
1289,88,24,57,11,5.524909922819241,13
1290,28,33,7,13,5.522079859732702,20
1291,62,10,20,4,5.517288163699186,6
1292,87,59,37,24,5.516733087496062,35
1293,28,35,9,16,5.5146514821295405,19
1294,95,19,83,7,5.510188596504647,12
1295,32,13,109,6,5.5080518973086185,7
1296,18,40,75,17,5.507084301877024,23
1297,49,11,62,4,5.504794732699013,7
1298,67,10,102,4,5.49724656177184,6
1299,18,10,62,4,5.493140482819633,6
1300,15,20,54,9,5.4915266593547525,11
1301,65,49,40,21,5.488110460552834,28
1302,47,12,69,5,5.485890015271255,7
1303,114,23,70,9,5.484820175107314,14
1304,14,10,75,4,5.479308338136782,6
1305,30,45,16,19,5.468284983481222,26
1306,80,11,68,4,5.466227321340817,7
1307,75,43,71,16,5.454468163058883,27
1308,97,18,57,8,5.45235309786646,10
1309,93,11,51,5,5.442643801494353,6
1310,16,52,68,20,5.441952996669662,32
1311,91,18,18,7,5.437015235679076,11
1312,87,65,65,26,5.421192101641339,39
1313,49,11,37,5,5.40579366661915,6
1314,4,11,58,4,5.405037105567146,7
1315,9,11,66,5,5.404825557202403,6
1316,84,10,64,3,5.401793074305331,7
1317,54,31,90,13,5.397442007333916,18
1318,64,21,8,8,5.374033093425483,13
1319,75,30,63,13,5.362343223381901,17
1320,7,35,97,16,5.356987360153851,19
1321,62,18,65,8,5.34575502328806,10
1322,86,86,88,36,5.345596536414867,50
1323,80,32,55,15,5.338178788284693,17
1324,97,14,102,5,5.335160623731844,9
1325,26,19,13,7,5.3234217587029,12
1326,107,45,9,20,5.322061725590964,25
1327,61,15,60,7,5.316729344745585,8
1328,85,16,96,5,5.314304637448895,11
1329,28,13,49,6,5.31428031912519,7
1330,111,25,55,10,5.307717141421055,15
1331,109,12,22,5,5.303001885552313,7
1332,30,11,35,5,5.293385259461386,6
1333,99,21,86,8,5.291638236148403,13
1334,57,22,51,10,5.29117424194106,12
1335,14,19,28,7,5.288795345484194,12
1336,56,11,88,5,5.280224334897691,6
1337,34,17,84,8,5.275708217424672,9
1338,28,11,92,4,5.26619903758234,7
1339,107,24,62,12,5.261786874758226,12
1340,35,11,31,5,5.255104723881263,6
1341,25,26,40,11,5.242222631716463,15
1342,98,15,40,7,5.239271076053035,8
1343,65,15,14,7,5.239230657167624,8
1344,91,21,25,9,5.236778929543691,12
1345,15,19,104,8,5.235404007755863,11
1346,88,17,112,7,5.231027938888666,10
1347,20,37,96,15,5.229501973456113,22
1348,35,11,5,5,5.226534281744142,6
1349,54,54,106,25,5.222938310920249,29
1350,40,22,37,10,5.2189812618502875,12
1351,94,18,107,6,5.214007083771622,12
1352,33,12,91,6,5.213867650447791,6
1353,41,15,89,6,5.196780511481055,9
1354,40,13,113,5,5.193726392686624,8
1355,16,100,7,43,5.189537370049017,57
1356,4,24,51,9,5.183921696313047,15
1357,75,17,97,7,5.183439015487436,10
1358,64,32,65,14,5.182122584236017,18
1359,75,26,47,9,5.17693162231529,17
1360,91,11,56,5,5.1601828143932735,6
1361,67,12,5,5,5.159840528973067,7
1362,111,14,39,6,5.158992286191915,8
1363,8,54,63,24,5.156454172512435,30
1364,76,28,50,10,5.151966096130058,18
1365,63,13,79,5,5.150156389678723,8
1366,106,24,9,10,5.150083731218861,14
1367,44,15,88,7,5.148664566159752,8
1368,35,12,51,5,5.14727626674268,7
1369,40,12,69,4,5.137627663794988,8
1370,36,21,3,8,5.136055944816986,13
1371,109,12,4,5,5.135069245647407,7
1372,40,30,58,14,5.133397385337812,16
1373,100,16,55,8,5.1129537660427005,8
1374,75,18,4,7,5.112428644465592,11
1375,55,23,70,10,5.1032220329288345,13
1376,53,25,104,11,5.0942603831986055,14
1377,60,24,95,10,5.089480392621887,14
1378,32,10,20,3,5.082163415292109,7
1379,90,13,33,5,5.072843762888294,8
1380,46,17,65,6,5.066104910854949,11
1381,30,32,71,14,5.063953126216741,18
1382,53,26,112,13,5.062618261015588,13
1383,55,29,63,13,5.056066807562624,16
1384,75,41,9,17,5.040607611984742,24
1385,65,12,52,4,5.0369958566437525,8
1386,107,21,47,9,5.028190535792003,12
1387,84,22,57,11,5.026867760977003,11
1388,81,14,63,6,5.016441825370756,8
1389,93,26,5,10,5.004460526821323,16
1390,7,41,106,20,5.003800212982272,21
1391,65,33,17,12,4.99622978764096,21
1392,32,12,68,4,4.994599728673895,8
1393,104,30,63,13,4.993963037729944,17
1394,74,15,71,7,4.993812181109021,8
1395,27,25,39,12,4.989393098929608,13
1396,23,17,15,7,4.9841342107101605,10
1397,29,11,93,5,4.97512545826624,6
1398,14,18,51,6,4.969794868699566,12
1399,40,49,107,19,4.964616090179718,30
1400,109,16,38,6,4.964461961570972,10
1401,62,12,8,4,4.9642207369004785,8
1402,96,23,90,9,4.963939687748078,14
1403,39,18,77,8,4.961640817784317,10
1404,13,32,8,13,4.955794878282507,19
1405,56,19,68,9,4.94813216675333,10
1406,100,13,30,5,4.947415784475727,8
1407,76,12,49,5,4.943121216792114,7
1408,77,14,87,6,4.942401920251487,8
1409,20,21,55,9,4.931554548881413,12
1410,114,22,9,7,4.931319071415342,15
1411,86,40,36,17,4.927433251240005,23
1412,74,56,106,24,4.924754963776778,32
1413,38,10,91,4,4.918487915214837,6
1414,54,12,108,4,4.909695920764135,8
1415,38,12,28,6,4.907164394244691,6
1416,76,27,55,10,4.8923898677809445,17
1417,83,39,5,18,4.890865835189014,21
1418,28,59,84,25,4.889044052283284,34
1419,62,25,71,11,4.888439777720533,14
1420,65,44,9,18,4.887961308210911,26
1421,8,12,3,7,4.88781937501622,5
1422,69,11,95,4,4.882909765417961,7
1423,30,11,114,5,4.8820710984651585,6
1424,81,15,18,6,4.877040041598752,9
1425,85,12,88,5,4.8737543176102305,7
1426,87,27,57,11,4.871666288606831,16
1427,29,13,54,6,4.8710674750716105,7
1428,84,11,19,5,4.870688517782825,6
1429,37,54,106,25,4.865641247327302,29
1430,5,10,89,3,4.86246564090175,7
1431,97,12,32,5,4.851459349576839,7
1432,104,23,100,9,4.850527098250832,14
1433,20,10,38,3,4.844230675667008,7
1434,5,30,51,11,4.841333405150811,19
1435,83,20,64,9,4.840996077098241,11
1436,75,39,39,18,4.835166255544909,21
1437,8,15,67,6,4.831909846155583,9
1438,31,19,25,9,4.823839301099763,10
1439,100,33,86,16,4.820701885589361,17
1440,14,15,54,5,4.820525855929132,10
1441,23,27,68,13,4.81982927042641,14
1442,74,11,85,5,4.812388004493803,6
1443,83,30,8,14,4.811627367676455,16
1444,6,12,106,5,4.810944704219048,7
1445,2,25,106,11,4.808494527305082,14
1446,96,13,108,6,4.805162668071275,7
1447,75,22,96,7,4.801381492311931,15
1448,111,11,25,5,4.797175922879397,6
1449,8,29,9,15,4.796436219845455,14
1450,52,13,20,5,4.795236183864801,8
1451,9,17,1,9,4.794059502939978,8
1452,76,33,5,14,4.788314400539968,19
1453,87,48,50,22,4.77809392160859,26
1454,9,12,5,5,4.777710715122403,7
1455,93,26,28,10,4.7762193932866115,16
1456,1,14,17,6,4.774691835698866,8
1457,90,13,70,6,4.771084444295362,7
1458,12,15,31,7,4.770632464521183,8
1459,60,16,97,8,4.770560692259114,8
1460,64,31,41,12,4.758473174288668,19
1461,93,16,50,6,4.755526241513054,10
1462,90,30,5,12,4.752640516818983,18
1463,74,38,63,17,4.748458787006123,21
1464,25,16,77,7,4.745845616411638,9
1465,55,57,65,25,4.744057377410872,32
1466,97,11,3,4,4.740273088979023,7
1467,9,30,63,13,4.738784392770433,17
1468,8,41,46,19,4.737192297274268,22
1469,13,56,87,22,4.736199864166477,34
1470,6,11,46,5,4.730994669309113,6
1471,15,14,75,5,4.729161606780822,9
1472,47,17,86,7,4.720142586161402,10
1473,15,10,72,4,4.7131251167737505,6
1474,28,37,18,17,4.710953949587104,20
1475,85,18,54,7,4.710162951788781,11
1476,43,16,71,8,4.70977023229907,8
1477,20,23,46,8,4.708713070266485,15
1478,16,17,93,8,4.7086074200818855,9
1479,91,17,54,8,4.708330759507744,9
1480,15,19,68,7,4.704332289270894,12
1481,88,31,18,14,4.699584875943507,17
1482,55,45,60,20,4.699539635247214,25
1483,97,10,62,4,4.689387738532959,6
1484,60,26,41,12,4.687979614839915,14
1485,71,16,5,7,4.686451238703377,9
1486,53,22,81,9,4.67351225402936,13
1487,13,48,64,23,4.67021662986664,25
1488,52,12,8,5,4.669562642233978,7
1489,80,13,64,6,4.665596394208,7
1490,55,14,98,5,4.662824671110214,9
1491,28,19,100,8,4.660885966766407,11
1492,25,15,47,7,4.655390231832646,8
1493,30,29,60,10,4.653426738413294,19
1494,27,15,25,7,4.649655011418165,8
1495,63,39,96,15,4.649023449526137,24
1496,98,24,76,10,4.644793929693419,14
1497,6,21,16,10,4.642825718029857,11
1498,73,14,13,6,4.642713338622983,8
1499,73,19,109,8,4.637139105733967,11
1500,43,24,88,10,4.636555985964769,14
1501,60,22,25,10,4.636282806493916,12
1502,106,15,110,7,4.633960085739299,8
1503,28,12,78,6,4.6317757313725965,6
1504,8,63,87,27,4.62091726825585,36
1505,49,17,9,8,4.620658268254684,9
1506,7,42,55,17,4.609551229914398,25
1507,37,72,86,32,4.607837359690983,40
1508,88,10,66,4,4.60434245546846,6
1509,7,35,3,14,4.603775118928216,21
1510,23,11,30,5,4.601908928188203,6
1511,77,13,95,6,4.60149322445291,7
1512,7,94,88,42,4.598064452346124,52
1513,107,62,104,26,4.597916836712244,36
1514,50,32,96,14,4.592653394244439,18
1515,60,30,8,14,4.584471076654316,16
1516,16,19,29,9,4.577979448312799,10
1517,7,23,58,11,4.575034525669344,12
1518,99,14,95,6,4.572737764013027,8
1519,11,14,68,6,4.569201976807364,8
1520,99,16,104,8,4.5627492392393,8
1521,70,15,23,7,4.554568026577778,8
1522,74,10,112,4,4.553694289700708,6
1523,83,15,46,7,4.551826612706301,8
1524,99,18,15,7,4.551461310618723,11
1525,1,11,39,6,4.548291694643937,5
1526,76,36,107,13,4.544662386882575,23
1527,23,24,76,11,4.537606040144393,13
1528,88,51,9,22,4.537426821075463,29
1529,8,24,102,11,4.537070383836359,13
1530,71,28,68,11,4.532265816801447,17
1531,106,23,75,11,4.532198108241345,12
1532,50,71,28,30,4.530365152854881,41
1533,16,104,51,46,4.529096709448028,58
1534,13,18,72,9,4.527595256070807,9
1535,37,43,55,20,4.516821858156878,23
1536,11,21,98,10,4.513098149532237,11
1537,80,10,69,5,4.508733977407145,5
1538,62,10,104,3,4.50664568251795,7
1539,78,17,54,7,4.506577020775673,10
1540,87,13,110,5,4.501644038521952,8
1541,17,13,43,6,4.501405777799933,7
1542,75,20,112,8,4.4989690721071325,12
1543,93,15,37,6,4.493445665639034,9
1544,55,11,27,5,4.4890470852362,6
1545,11,65,86,29,4.488707456237284,36
1546,16,96,107,37,4.485744929408155,59
1547,93,15,11,5,4.484686270589562,10
1548,95,33,107,15,4.475609109265348,18
1549,65,74,107,32,4.4743161182651745,42
1550,96,31,25,14,4.4728328775528,17
1551,91,10,57,5,4.468260927215541,5
1552,37,18,32,8,4.466542082918521,10
1553,57,23,13,11,4.4664903118687675,12
1554,3,15,50,7,4.464463620895282,8
1555,78,13,98,6,4.463806568924881,7
1556,75,43,88,18,4.458661851679068,25
1557,49,15,64,7,4.458412060664093,8
1558,77,11,97,4,4.4549011553839994,7
1559,50,12,73,4,4.454782630059153,8
1560,95,44,16,20,4.453378575583387,24
1561,7,67,31,29,4.4532123702344615,38
1562,2,42,50,18,4.448957186147168,24
1563,13,33,37,14,4.448467961015427,19
1564,95,15,109,6,4.444131433700797,9
1565,107,59,20,26,4.4437443859769585,33
1566,1,24,51,11,4.443642769643948,13
1567,45,11,88,4,4.4416566980945715,7
1568,9,10,57,4,4.4406570861085,6
1569,86,58,46,22,4.4330627489504755,36
1570,16,35,53,14,4.432680586189367,21
1571,86,115,5,49,4.430772584334587,66
1572,23,14,20,6,4.42777867543601,8
1573,102,20,87,8,4.423994697827657,12
1574,99,30,13,13,4.420966828834258,17
1575,7,64,53,28,4.416213736910661,36
1576,64,12,57,5,4.409680008541512,7
1577,114,20,64,8,4.407773657880817,12
1578,107,32,38,13,4.39393220007557,19
1579,111,20,86,8,4.3910837466552355,12
1580,65,23,76,9,4.385586505985178,14
1581,87,24,49,12,4.380791657180537,12
1582,87,33,25,15,4.379098196808542,18
1583,60,13,98,6,4.372454949323835,7
1584,55,24,9,10,4.371040618945099,14
1585,55,13,58,6,4.369004483506264,7
1586,40,23,23,10,4.368423326803309,13
1587,94,20,87,9,4.367418143965146,11
1588,33,13,11,7,4.365968233102095,6
1589,11,32,54,14,4.365388363672616,18
1590,64,31,71,12,4.35947313780117,19
1591,104,31,54,14,4.355933806560286,17
1592,20,49,28,21,4.349749782422696,28
1593,107,29,3,14,4.348275972790202,15
1594,47,24,88,11,4.347102674354304,13
1595,70,29,65,11,4.343984179663613,18
1596,60,12,22,5,4.334241842742782,7
1597,95,19,41,8,4.332143979792177,11
1598,98,23,37,10,4.327931130640237,13
1599,100,41,107,20,4.320712937035456,21
1600,4,22,40,10,4.316643149060896,12
1601,70,14,71,7,4.315612188206775,7
1602,97,23,17,10,4.3134285513049555,13
1603,17,19,20,8,4.3112321942034,11
1604,50,10,52,5,4.308197298973349,5
1605,16,42,71,17,4.305176391927468,25
1606,20,22,109,8,4.302333411252667,14
1607,25,28,54,12,4.300413553073274,16
1608,7,22,38,10,4.300171500471753,12
1609,20,21,44,9,4.299103845073809,12
1610,30,30,54,13,4.29530490019164,17
1611,20,63,54,30,4.290782184792432,33
1612,68,17,94,8,4.284931423956807,9
1613,9,27,54,12,4.272544772651765,15
1614,33,12,96,7,4.271042933020869,5
1615,103,16,16,7,4.27064958267566,9
1616,68,35,1,15,4.27038079057179,20
1617,100,22,13,9,4.266245772639934,13
1618,23,33,87,13,4.256680488948144,20
1619,104,17,80,8,4.256665633473226,9
1620,28,12,85,5,4.253389606053364,7
1621,106,14,34,7,4.243674039664675,7
1622,31,12,74,5,4.240578281890586,7
1623,60,21,1,9,4.237560386673236,12
1624,109,16,65,5,4.2330518085976205,11
1625,71,11,44,5,4.223524348839462,6
1626,4,19,18,8,4.220670692754494,11
1627,87,21,31,10,4.220659397575877,11
1628,27,11,112,5,4.214543381192911,6
1629,41,41,68,18,4.207626519911898,23
1630,65,56,36,24,4.205692860728479,32
1631,15,11,40,5,4.201647176656486,6
1632,47,13,28,6,4.1983584961153175,7
1633,23,18,100,7,4.197161790157007,11
1634,7,14,48,7,4.194687020035504,7
1635,23,27,25,12,4.182190113226028,15
1636,80,18,7,7,4.182061930373814,11
1637,12,17,68,7,4.176829780683942,10
1638,86,29,62,13,4.168140003828563,16
1639,102,11,39,5,4.16800052816911,6
1640,60,10,62,4,4.155747625311636,6
1641,16,34,49,15,4.151705373127495,19
1642,96,13,3,6,4.149840606440919,7
1643,20,13,73,5,4.146065391689569,8
1644,53,47,71,20,4.141303557057986,27
1645,23,11,29,5,4.138000210796417,6
1646,11,11,69,4,4.13792149131312,7
1647,71,11,20,4,4.13643055739397,7
1648,76,32,104,13,4.1357118218948905,19
1649,45,22,65,11,4.1259231703887,11
1650,29,11,106,5,4.122686341567239,6
1651,46,49,54,21,4.121236522734485,28
1652,93,14,109,6,4.103558953267082,8
1653,83,20,93,9,4.100880722204593,11
1654,20,24,35,10,4.098728722002914,14
1655,87,21,97,8,4.089970328864312,13
1656,36,11,19,5,4.088590218421688,6
1657,74,22,50,10,4.086243740312162,12
1658,29,13,86,5,4.076984149963076,8
1659,87,38,60,18,4.07068260924909,20
1660,7,26,17,11,4.064887482017846,15
1661,43,10,95,4,4.063398320607949,6
1662,51,13,38,5,4.063140921851932,8
1663,34,10,38,4,4.0610942900478735,6
1664,51,27,69,11,4.050423840769316,16
1665,32,10,40,5,4.050021677419869,5
1666,104,73,65,33,4.049259983805755,40
1667,11,13,79,7,4.047561716338114,6
1668,7,21,50,10,4.045740478776832,11
1669,1,10,43,5,4.038976715758721,5
1670,71,13,47,6,4.030916530509353,7
1671,104,16,3,7,4.020656220421076,9
1672,102,28,114,12,4.017120825737178,16
1673,104,44,51,17,4.0154244082227635,27
1674,8,20,110,8,4.013172679497404,12
1675,55,36,54,17,4.011039158800403,19
1676,66,12,31,5,4.008754872558654,7
1677,86,20,77,8,4.0075201103206535,12
1678,34,17,17,7,3.985705258546001,10
1679,96,12,14,5,3.975747798085754,7
1680,40,28,1,12,3.9750240059769117,16
1681,74,24,93,11,3.9601017688790825,13
1682,88,50,104,21,3.9536343834384886,29
1683,34,12,76,6,3.9517678907570333,6
1684,6,11,40,5,3.9442678680230823,6
1685,80,10,97,4,3.9365866928471034,6
1686,97,35,16,16,3.9340820840887147,19
1687,87,88,107,39,3.9306624003452133,49
1688,57,11,50,4,3.9290278222481443,7
1689,64,28,63,13,3.927368902324373,15
1690,5,28,2,12,3.923277825320168,16
1691,37,38,70,16,3.9227382855891664,22
1692,20,17,48,7,3.9196076613306303,10
1693,89,13,86,7,3.91749283769541,6
1694,27,16,53,6,3.9149964442694025,10
1695,60,21,96,7,3.912428069824762,14
1696,98,19,49,9,3.906322793569991,10
1697,102,26,37,11,3.9015784283610255,15
1698,7,29,47,12,3.897446682675393,17
1699,18,13,20,5,3.8928283548315483,8
1700,55,44,11,18,3.8920841591670343,26
1701,76,13,62,6,3.8913968956310088,7
1702,11,15,17,7,3.886158778436342,8
1703,1,11,112,6,3.882693398534097,5
1704,30,11,108,5,3.8822679511938505,6
1705,18,13,98,7,3.8754830902904014,6
1706,95,36,87,16,3.86940077356921,20
1707,108,11,68,5,3.868849039567309,6
1708,11,16,51,8,3.8660778701548058,8
1709,41,25,114,12,3.854494902198664,13
1710,65,34,111,14,3.8475275648066685,20
1711,28,11,31,5,3.8453747580936164,6
1712,18,23,31,11,3.843025830767866,12
1713,63,31,13,14,3.8403036315605172,17
1714,20,26,7,12,3.839940256500117,14
1715,91,26,13,12,3.831748260733109,14
1716,30,38,87,17,3.8298987122526285,21
1717,70,30,51,14,3.8297117807076555,16
1718,44,16,87,7,3.8267549460576484,9
1719,60,12,66,4,3.826632219817407,8
1720,38,24,13,12,3.8266234961268997,12
1721,44,14,64,6,3.8242226428845654,8
1722,55,21,4,10,3.821660634263142,11
1723,49,10,3,4,3.8208441036339096,6
1724,86,32,18,13,3.8203668272153473,19
1725,91,18,31,7,3.8197018311679423,11
1726,110,16,5,7,3.8138584796050923,9
1727,39,12,78,6,3.805891795343841,6
1728,20,13,104,5,3.7974160411444706,8
1729,91,29,107,12,3.7951757088821294,17
1730,88,58,68,25,3.791296149799503,33
1731,94,12,37,5,3.788108137633396,7
1732,7,10,93,5,3.7802315490169653,5
1733,104,13,92,7,3.7768187223532306,6
1734,63,19,4,8,3.775833657808686,11
1735,16,90,65,39,3.773083718958002,51
1736,88,16,6,7,3.757051253043465,9
1737,18,55,53,25,3.751842811643862,30
1738,53,42,40,19,3.7429391558119995,23
1739,1,13,4,5,3.736039087851971,8
1740,86,65,25,30,3.735239092039536,35
1741,39,17,81,7,3.728914203220537,10
1742,91,10,80,4,3.7198935399827406,6
1743,15,21,5,8,3.714734226349825,13
1744,106,17,43,8,3.7068539679712273,9
1745,13,83,51,39,3.6933949619331994,44
1746,13,68,40,31,3.690363085789059,37
1747,39,48,53,21,3.6851162429567523,27
1748,114,37,51,18,3.6824882422691596,19
1749,34,19,55,9,3.680955248563573,10
1750,52,11,107,4,3.6792228295103513,7
1751,101,14,68,5,3.6742625668258913,9
1752,71,12,27,5,3.672482180614424,7
1753,16,72,8,31,3.670458172636511,41
1754,86,53,104,24,3.66553549979236,29
1755,97,33,96,16,3.657438935158263,17
1756,53,11,100,5,3.656950058764998,6
1757,63,22,23,9,3.656375723040438,13
1758,90,10,71,5,3.6561036030201253,5
1759,107,21,32,10,3.6546977761524686,11
1760,109,15,9,8,3.6538651478462696,7
1761,17,11,18,6,3.651905683853181,5
1762,23,47,65,22,3.6506323242088645,25
1763,27,13,50,5,3.6503401008022798,8
1764,16,19,2,8,3.6499962386684337,11
1765,14,10,70,5,3.647042134114848,5
1766,102,21,74,9,3.6400241455657913,12
1767,88,60,5,28,3.63799769202775,32
1768,75,14,108,6,3.6340908116173014,8
1769,48,11,108,4,3.6336145248971845,7
1770,6,10,69,5,3.632252984558259,5
1771,43,19,18,10,3.6267699505365183,9
1772,55,13,94,6,3.6120696685756317,7
1773,19,10,60,5,3.605970297917163,5
1774,16,108,86,47,3.601972343874913,61
1775,34,14,13,7,3.5918746626908384,7
1776,58,13,71,6,3.5901555481142546,7
1777,97,10,95,4,3.58943247133478,6
1778,33,12,23,5,3.5712223539857573,7
1779,81,15,3,6,3.5653849933326986,9
1780,41,25,69,9,3.5647588534800043,16
1781,64,11,33,4,3.5581108018586245,7
1782,7,90,86,38,3.5577462755235447,52
1783,28,19,36,9,3.5549996153541237,10
1784,23,13,57,6,3.554408044637193,7
1785,30,13,4,6,3.554167963462701,7
1786,40,65,36,28,3.5400829247343655,37
1787,88,26,69,11,3.536532050456282,15
1788,44,15,7,7,3.5352660207554516,8
1789,3,28,87,12,3.5300981237445432,16
1790,93,17,25,8,3.5300397889756283,9
1791,20,17,76,9,3.5278207011714735,8
1792,63,18,43,8,3.524851733785241,10
1793,7,17,30,9,3.521225077195732,8
1794,16,39,17,15,3.5193037187836715,24
1795,112,11,17,5,3.5191492672023625,6
1796,8,38,104,17,3.50734140656749,21
1797,49,10,33,4,3.5057518320537766,6
1798,74,16,23,7,3.505315761927058,9
1799,85,14,68,5,3.5027894631624408,9
1800,49,18,63,8,3.500149915800845,10
1801,50,26,9,11,3.4989626487903873,15
1802,97,36,114,16,3.4948097299506915,20
1803,62,13,36,6,3.489528327052378,7
1804,36,30,51,14,3.4874600225025074,16
1805,12,18,71,8,3.487442945948432,10
1806,25,20,70,9,3.484518115943736,11
1807,55,16,18,8,3.4810467173744706,8
1808,96,57,54,28,3.4766133859583515,29
1809,23,10,81,4,3.474530372802633,6
1810,73,14,16,7,3.4738693799097953,7
1811,74,60,5,28,3.469996146708342,32
1812,13,32,1,13,3.4629329225242813,19
1813,77,10,17,4,3.4626586322684796,6
1814,106,49,51,22,3.457607975311814,27
1815,33,23,5,11,3.454327509177194,12
1816,37,21,23,10,3.453043705748743,11
1817,60,58,40,26,3.4423663485116363,32
1818,114,29,39,14,3.441117211126096,15
1819,102,31,25,14,3.4382241991917164,17
1820,4,12,37,5,3.421871703775507,7
1821,17,11,36,6,3.4172736451567545,5
1822,104,26,98,14,3.4091853213510754,12
1823,55,29,84,13,3.40123055779696,16
1824,68,20,17,8,3.395638967050425,12
1825,4,13,28,6,3.3940824912486867,7
1826,73,10,104,4,3.391491099464731,6
1827,39,48,55,21,3.389422612270981,27
1828,19,13,88,6,3.388300396354987,7
1829,60,28,9,11,3.384232112219374,17
1830,36,28,55,13,3.383336577257353,15
1831,28,50,109,21,3.382857419112391,29
1832,73,15,98,7,3.380055365181917,8
1833,100,13,44,6,3.3720452657314226,7
1834,13,57,46,25,3.37157010260202,32
1835,107,56,55,26,3.3696189355898034,30
1836,40,17,20,7,3.3649339637959645,10
1837,54,25,97,12,3.3648153427656755,13
1838,14,23,8,10,3.3634201583462158,13
1839,7,48,27,22,3.361741499616722,26
1840,54,12,3,6,3.355227899021248,6
1841,88,30,70,13,3.3524090493184278,17
1842,83,10,20,5,3.3478898251644025,5
1843,40,15,91,7,3.345577169162442,8
1844,16,47,70,20,3.3445553948476245,27
1845,75,13,33,5,3.342736023465548,8
1846,54,20,98,9,3.3414082574982986,11
1847,68,13,5,6,3.3380294056441144,7
1848,71,13,76,7,3.3359186512389036,6
1849,69,12,109,5,3.3344685187765166,7
1850,50,22,31,10,3.333423687645379,12
1851,80,33,54,16,3.3322159324199094,17
1852,41,19,50,8,3.331657114556134,11
1853,28,26,17,12,3.328116205795544,14
1854,78,10,34,5,3.3271359801886424,5
1855,49,18,30,8,3.318164342935082,10
1856,97,16,84,6,3.316428205809935,10
1857,60,31,75,14,3.3139158628036856,17
1858,86,11,66,5,3.3092941516234364,6
1859,28,12,15,6,3.3076634264923883,6
1860,104,60,5,28,3.3007473735225052,32
1861,57,22,41,9,3.2995392233028893,13
1862,69,11,54,5,3.295823383931072,6
1863,114,13,67,6,3.2746706512348434,7
1864,102,11,91,5,3.2738070744638943,6
1865,85,12,17,5,3.2737777276415283,7
1866,70,14,93,6,3.271451863431868,8
1867,13,12,102,4,3.269263582511039,8
1868,13,114,7,52,3.2643026156976367,62
1869,28,56,54,25,3.2622780281799852,31
1870,76,14,95,6,3.2576515088397957,8
1871,7,24,74,9,3.257493143792888,15
1872,84,14,95,6,3.2568961944145873,8
1873,114,47,25,20,3.2540864225169766,27
1874,68,15,6,6,3.251551578791195,9
1875,41,45,16,22,3.2495789716339614,23
1876,68,18,8,8,3.2434866605613233,10
1877,107,49,36,23,3.234838704648264,26
1878,56,10,97,5,3.231426212036921,5
1879,2,21,87,9,3.2308938185741103,12
1880,16,18,35,7,3.2305329948687067,11
1881,4,21,16,11,3.2239938149007976,10
1882,23,55,7,25,3.2229283053761675,30
1883,97,29,63,13,3.2191950537106915,16
1884,55,39,28,16,3.2184704312839787,23
1885,68,24,46,11,3.2155341666436015,13
1886,9,11,100,4,3.213107615631006,7
1887,64,19,23,9,3.212372911598019,10
1888,50,19,97,8,3.210625734622642,11
1889,60,47,31,24,3.2094707274879264,23
1890,84,15,60,5,3.2064037329190676,10
1891,106,28,17,11,3.2039846830051117,17
1892,44,12,76,5,3.2019945343572473,7
1893,36,41,39,18,3.1998605067578225,23
1894,55,49,5,22,3.1989531771818034,27
1895,68,14,81,6,3.1985312995714845,8
1896,37,54,50,26,3.188335276013606,28
1897,83,25,65,12,3.1850517665827933,13
1898,43,32,7,13,3.1749602918386857,19
1899,106,25,60,10,3.171261503808182,15
1900,110,16,86,7,3.1694821197260503,9
1901,54,48,51,22,3.1685476843403957,26
1902,90,14,74,5,3.1680613510289204,9
1903,13,17,62,8,3.1612952767397977,9
1904,68,17,49,8,3.160769369900104,9
1905,86,21,82,9,3.1586560919846263,12
1906,86,85,84,41,3.15758944772919,44
1907,51,42,46,18,3.1575361872642107,24
1908,87,13,17,6,3.1557879324593294,7
1909,75,23,23,12,3.1487336010920157,11
1910,5,27,91,11,3.121858390948631,16
1911,15,10,27,5,3.1179326913841705,5
1912,36,11,80,5,3.115857421175661,6
1913,25,25,17,11,3.1106502600539105,14
1914,50,24,4,12,3.110559237136959,12
1915,106,26,53,13,3.105027322219241,13
1916,109,25,106,12,3.1028448270841773,13
1917,92,15,60,6,3.101629065738582,9
1918,99,14,68,6,3.1001036150844663,8
1919,64,10,91,4,3.0993479020870796,6
1920,49,31,86,15,3.0977725602373374,16
1921,13,27,77,12,3.097681583212727,15
1922,13,72,107,34,3.09361249272018,38
1923,76,26,11,11,3.0870761355979353,15
1924,45,14,87,6,3.0862202973256596,8
1925,28,30,102,14,3.0740911214451736,16
1926,74,11,41,6,3.0735662157516845,5
1927,75,30,25,13,3.069551733540898,17
1928,60,40,114,22,3.0670908685799034,18
1929,71,18,25,8,3.0644100067848146,10
1930,48,14,55,6,3.06362691776684,8
1931,71,42,86,20,3.060669361739169,22
1932,38,13,96,6,3.0422152322461717,7
1933,51,25,43,12,3.0407653301050273,13
1934,25,39,65,16,3.0368934823131175,23
1935,62,10,3,4,3.036878886842652,6
1936,65,16,49,7,3.034256149542809,9
1937,86,107,87,53,3.0145371966175083,54
1938,6,27,7,15,3.013941061604383,12
1939,7,16,29,9,3.005492860131707,7
1940,20,47,37,22,3.004985214474966,25
1941,88,19,38,7,3.0023329742590956,12
1942,96,14,34,6,3.0017630147825622,8
1943,86,19,34,8,3.000129589106959,11
1944,4,11,69,5,2.999484176661719,6
1945,11,46,107,21,2.9990181027783187,25
1946,27,10,18,5,2.996654278290002,5
1947,65,37,37,18,2.9918797859979525,19
1948,100,25,7,11,2.9877637593718034,14
1949,74,10,30,5,2.9862406732405895,5
1950,95,27,53,10,2.9811343498680327,17
1951,107,24,49,12,2.9811174657733583,12
1952,6,12,51,6,2.980948961210987,6
1953,84,36,106,18,2.9754739608250116,18
1954,36,32,4,13,2.9739066740354185,19
1955,2,21,37,10,2.9697580112694486,11
1956,47,11,53,5,2.9672181618537916,6
1957,25,18,57,8,2.964934950553875,10
1958,114,23,46,10,2.9631435316072405,13
1959,9,17,38,8,2.961582849274608,9
1960,80,16,8,8,2.9519293865537115,8
1961,86,31,38,14,2.9478210267751117,17
1962,18,20,65,10,2.9468351166959534,10
1963,41,32,40,15,2.9467288085082743,17
1964,27,18,87,8,2.943381441401977,10
1965,30,17,76,7,2.9372015853586086,10
1966,36,20,87,8,2.935573250897663,12
1967,61,15,3,8,2.934761403571649,7
1968,99,15,65,7,2.9253489592007305,8
1969,8,24,100,10,2.9246971191484064,14
1970,68,20,77,9,2.9217850346788454,11
1971,74,82,86,39,2.921287780715151,43
1972,102,19,106,10,2.9207255392565097,9
1973,25,12,108,5,2.9132670669268244,7
1974,7,15,79,7,2.9111710091731053,8
1975,87,37,84,17,2.908877911803523,20
1976,91,19,37,9,2.9050960547005245,10
1977,71,13,108,6,2.8992906212622866,7
1978,44,10,70,5,2.8975248911261433,5
1979,68,20,78,9,2.8969266940151797,11
1980,75,24,74,10,2.8903655619324433,14
1981,63,90,86,38,2.885674460917235,52
1982,63,23,60,10,2.8746236800640075,13
1983,27,21,75,10,2.874214711599615,11
1984,87,42,20,20,2.8691206159340576,22
1985,15,25,65,11,2.8623549532831603,14
1986,60,48,86,22,2.8571270629897767,26
1987,88,53,28,23,2.854042679776566,30
1988,51,18,99,9,2.853477797374065,9
1989,73,16,96,7,2.8534303980093814,9
1990,68,17,57,8,2.851869956940863,9
1991,74,20,18,10,2.84961422222247,10
1992,97,13,33,6,2.8486496222061595,7
1993,28,13,44,7,2.8461398630992765,6
1994,23,13,104,5,2.8445076862849494,8
1995,95,19,23,9,2.8404436396815522,10
1996,89,12,60,6,2.839673113881044,6
1997,16,14,58,6,2.8389435880706144,8
1998,77,18,65,9,2.836180648453274,9
1999,104,33,74,14,2.8329598216365466,19
2000,107,47,23,22,2.8244859300002187,25
2001,43,10,19,4,2.822488366427096,6
2002,16,21,38,8,2.8217292489636367,13
2003,18,13,71,6,2.821320109059578,7
2004,64,13,47,5,2.8212403790572256,8
2005,80,24,87,11,2.8192870132931773,13
2006,51,32,109,12,2.817926639661738,20
2007,65,17,48,7,2.813018636762518,10
2008,68,33,106,15,2.8127952198562456,18
2009,1,32,36,16,2.8095303452930684,16
2010,99,15,41,7,2.8081672918617278,8
2011,106,14,112,7,2.805082024542767,7
2012,4,25,114,12,2.797376255941943,13
2013,7,26,1,12,2.7932054952385035,14
2014,100,13,36,6,2.7923934619121087,7
2015,16,22,47,10,2.79035087910922,12
2016,9,15,97,8,2.7891659901703596,7
2017,60,60,88,26,2.787154341363807,34
2018,8,50,11,22,2.78289927873935,28
2019,5,11,10,6,2.7716738654503197,5
2020,38,11,40,6,2.7715520430648577,5
2021,5,17,77,8,2.765837567194589,9
2022,86,79,8,39,2.762520741926733,40
2023,18,31,60,14,2.7592417090229198,17
2024,97,22,104,11,2.7396377781056174,11
2025,65,50,106,23,2.735321183024918,27
2026,75,12,34,6,2.7327928404854553,6
2027,60,22,28,12,2.7303185623414623,10
2028,9,12,30,5,2.7296904854733155,7
2029,55,53,88,22,2.721264805593774,31
2030,104,31,70,14,2.720810924975006,17
2031,11,50,28,24,2.7199624016130106,26
2032,95,11,80,5,2.7197438471090796,6
2033,49,16,70,8,2.713121422106841,8
2034,12,14,18,6,2.7036570911929863,8
2035,88,32,109,14,2.698492977632003,18
2036,11,40,88,18,2.687792397272841,22
2037,65,40,71,17,2.686780335165667,23
2038,13,11,35,5,2.684594978225239,6
2039,90,17,17,9,2.680753861205159,8
2040,39,25,5,12,2.679132217269287,13
2041,51,69,107,29,2.678545004841455,40
2042,25,17,44,8,2.673535476281759,9
2043,95,18,75,8,2.672802736686619,10
2044,114,25,74,12,2.666972342657447,13
2045,47,10,76,7,2.6595736051653853,3
2046,74,13,91,6,2.658254293210725,7
2047,92,29,88,13,2.6541256559252315,16
2048,57,13,36,5,2.6531160901053807,8
2049,53,48,65,23,2.651912649859134,25
2050,30,24,8,11,2.6514132136935467,13
2051,23,43,86,20,2.6484576158238533,23
2052,30,21,37,9,2.6448172779185537,12
2053,16,60,5,25,2.6435184456824317,35
2054,85,23,107,11,2.642943935546886,12
2055,33,14,95,6,2.641545389608455,8
2056,54,15,72,7,2.6412935569868567,8
2057,54,28,114,14,2.6355280322257,14
2058,17,30,39,13,2.6347382750427313,17
2059,15,10,11,5,2.6300755291525655,5
2060,16,85,13,38,2.6278459194386543,47
2061,27,10,57,5,2.625816231763605,5
2062,11,26,20,11,2.6225934054521085,15
2063,11,12,41,4,2.61594797809933,8
2064,29,21,107,8,2.615094075024305,13
2065,75,28,64,13,2.6143964254367047,15
2066,76,13,2,5,2.6134640032331116,8
2067,11,16,40,7,2.6127959858163616,9
2068,93,20,86,9,2.6126285193850958,11
2069,36,23,91,10,2.600483205457648,13
2070,68,83,13,37,2.597690238852479,46
2071,40,19,27,11,2.5947052105553365,8
2072,39,23,31,10,2.5934090452929373,13
2073,1,10,109,5,2.5929606771402254,5
2074,71,25,87,12,2.5901035214218346,13
2075,87,21,62,10,2.586304566496697,11
2076,104,50,7,23,2.5854072339864183,27
2077,69,14,71,7,2.5823526075537777,7
2078,69,13,3,5,2.5732249505733895,8
2079,47,11,91,5,2.565831417578021,6
2080,50,50,107,24,2.5656690703128167,26
2081,92,13,87,6,2.565186954563254,7
2082,28,43,51,21,2.5635290356109595,22
2083,51,45,41,21,2.5612918082451857,24
2084,83,10,63,6,2.557624644664858,4
2085,86,14,14,7,2.5565201304900333,7
2086,51,16,83,6,2.5563009225954785,10
2087,73,19,1,8,2.55342910039073,11
2088,7,74,36,34,2.5493587507973596,40
2089,64,20,38,9,2.5449420802693483,11
2090,52,13,16,6,2.542332195506542,7
2091,63,35,11,14,2.539597707853179,21
2092,111,11,60,4,2.535604443502029,7
2093,108,27,107,13,2.5311945782165,14
2094,87,27,64,13,2.5304532187422586,14
2095,36,33,9,15,2.5279240780374668,18
2096,8,45,51,21,2.5271962911391,24
2097,39,18,4,8,2.5267698999647226,10
2098,13,70,55,33,2.52518720464561,37
2099,39,32,50,15,2.5245695496572065,17
2100,12,15,36,7,2.516319942513749,8
2101,75,43,55,18,2.5125301308500267,25
2102,34,30,107,13,2.5096553899166287,17
2103,106,37,96,16,2.50842381050559,21
2104,88,70,51,36,2.506363518676434,34
2105,37,18,109,8,2.501013404341532,10
2106,11,20,48,9,2.499763597895506,11
2107,65,20,3,9,2.497136850038322,11
2108,18,11,111,5,2.4899108726358863,6
2109,95,30,39,14,2.481130681096554,16
2110,68,44,63,21,2.480570375893391,23
2111,7,61,9,30,2.475604646115282,31
2112,4,17,81,7,2.4678124777063273,10
2113,87,40,74,18,2.4671563114027473,22
2114,74,17,69,9,2.4664972820824542,8
2115,54,10,27,5,2.4638694969344774,5
2116,107,31,17,14,2.462748800285693,17
2117,88,72,107,32,2.4608917089958973,40
2118,86,96,28,43,2.4596967328586916,53
2119,32,10,50,6,2.444054190716271,4
2120,96,31,88,15,2.4406464912019903,16
2121,12,18,86,8,2.4382543520920796,10
2122,55,39,106,17,2.438139246666604,22
2123,107,37,64,18,2.435414553814307,19
2124,91,20,75,13,2.432369433261267,7
2125,87,48,28,23,2.4310937249340125,25
2126,109,11,99,5,2.4195174025010595,6
2127,20,31,13,15,2.419232509229948,16
2128,107,46,25,22,2.4187485647838765,24
2129,94,17,54,8,2.418369665890047,9
2130,71,35,39,16,2.4158892555534424,19
2131,57,38,16,18,2.412580622648355,20
2132,65,11,92,5,2.4112859752548714,6
2133,8,33,93,16,2.4111455321691304,17
2134,47,24,51,12,2.409457368099758,12
2135,68,21,38,9,2.4070210829507572,12
2136,9,18,69,8,2.405000245398061,10
2137,20,26,80,12,2.4033351571638564,14
2138,78,20,60,10,2.4024308351348855,10
2139,56,10,8,4,2.40008605471798,6
2140,46,38,28,16,2.3990178798165633,22
2141,17,17,63,8,2.3925163886016922,9
2142,83,22,87,11,2.390357141943488,11
2143,111,12,8,6,2.390343846489095,6
2144,104,40,95,18,2.3890342183876085,22
2145,4,21,71,8,2.3871750117365993,13
2146,96,25,104,11,2.3866419839158346,14
2147,75,13,56,5,2.3840139649043497,8
2148,8,23,17,11,2.3808090982416816,12
2149,71,40,107,17,2.3760609676092463,23
2150,7,106,68,49,2.372479004873661,57
2151,8,55,96,25,2.371439357092425,30
2152,50,19,112,8,2.3689643473531756,11
2153,40,24,50,10,2.3671440474550507,14
2154,7,19,70,7,2.364945757295021,12
2155,28,26,76,13,2.364350304549829,13
2156,63,46,39,18,2.3626947638130473,28
2157,99,23,5,11,2.3616219022642833,12
2158,96,14,109,6,2.3566759619593642,8
2159,39,48,49,21,2.353804446492823,27
2160,4,36,31,15,2.3535355966794667,21
2161,107,58,37,27,2.3520883092822165,31
2162,6,13,50,6,2.3414923323310646,7
2163,51,43,84,19,2.337190787126998,24
2164,104,17,4,7,2.3357072159096575,10
2165,46,22,63,12,2.3313756374008845,10
2166,25,28,53,14,2.3301510854690854,14
2167,109,51,5,25,2.3285813949081655,26
2168,50,23,64,11,2.3285304422785047,12
2169,104,21,102,11,2.320627297470276,10
2170,3,26,60,12,2.318286691403535,14
2171,88,32,91,15,2.315767764685104,17
2172,46,23,84,10,2.311711196027238,13
2173,58,12,50,6,2.3033767529431137,6
2174,23,13,109,6,2.301790643179129,7
2175,86,21,32,10,2.2989864902239003,11
2176,68,16,109,6,2.2985123206238915,10
2177,97,33,65,15,2.2943542233121987,18
2178,100,24,5,11,2.2932427434044684,13
2179,114,18,45,8,2.292094813707232,10
2180,106,13,4,7,2.287883468044352,6
2181,37,46,74,22,2.283869095408045,24
2182,63,38,114,15,2.2836807270192585,23
2183,88,20,35,10,2.2787018333731495,10
2184,80,16,71,8,2.275392383804814,8
2185,61,10,31,5,2.2696136748473603,5
2186,28,66,96,31,2.267406944603933,35
2187,106,45,88,19,2.2639858690375614,26
2188,84,17,17,8,2.257920350197807,9
2189,95,30,25,14,2.25397314365567,16
2190,69,13,20,6,2.253225234520165,7
2191,41,14,54,7,2.251101436056138,7
2192,88,38,4,18,2.2459217004175493,20
2193,70,10,27,5,2.243263258457552,5
2194,49,23,17,9,2.2404394780670995,14
2195,7,18,11,8,2.239320590268621,10
2196,87,35,104,18,2.2393020839894087,17
2197,68,25,70,12,2.2334926025833988,13
2198,90,16,25,7,2.2261576936837058,9
2199,13,16,84,7,2.2257141105456366,9
2200,88,11,33,6,2.22422094342155,5
2201,11,11,114,6,2.222333602098374,5
2202,98,13,99,7,2.2212581677933785,6
2203,112,11,8,6,2.2144684353504553,5
2204,5,50,96,22,2.2114271922507607,28
2205,57,19,55,10,2.2104060039233278,9
2206,85,11,51,6,2.2093279940491706,5
2207,49,51,13,25,2.209069641169752,26
2208,84,15,76,7,2.2084039467189505,8
2209,107,50,106,24,2.1993074270722803,26
2210,62,20,39,10,2.1906158630571078,10
2211,31,10,54,5,2.186668926147148,5
2212,8,64,74,28,2.186622040651489,36
2213,13,16,112,8,2.186416558676373,8
2214,63,26,70,12,2.1813121472430437,14
2215,84,16,93,8,2.173203038685072,8
2216,33,11,39,5,2.170155887452032,6
2217,86,75,54,36,2.1689438842347455,39
2218,16,31,84,15,2.166724934437137,16
2219,88,14,74,5,2.165363961250821,9
2220,87,27,46,14,2.1507851989480726,13
2221,9,39,51,19,2.14335596169476,20
2222,28,30,91,14,2.1280361219889317,16
2223,35,16,43,8,2.1256405181906697,8
2224,37,26,84,12,2.124049904647881,14
2225,53,11,70,5,2.117480208536356,6
2226,1,20,64,10,2.1164326209593654,10
2227,48,13,30,7,2.114145406665778,6
2228,74,12,33,6,2.113811361820999,6
2229,77,10,3,4,2.1078393954054353,6
2230,99,24,60,11,2.100940382067205,13
2231,83,34,55,17,2.0962093979720215,17
2232,97,22,8,11,2.094799206270941,11
2233,17,12,91,5,2.0932516032559634,7
2234,74,47,65,23,2.0847963525870914,24
2235,28,55,65,25,2.0838082258755595,30
2236,82,10,63,5,2.077975861296688,5
2237,86,45,90,20,2.0574221764428238,25
2238,65,31,80,15,2.0509198465423397,16
2239,93,21,88,9,2.047097578055209,12
2240,64,31,39,14,2.043169723980909,17
2241,18,34,51,17,2.042743355152735,17
2242,90,24,60,10,2.0397275719261816,14
2243,86,20,108,11,2.0383331764650165,9
2244,12,21,39,10,2.036046827182587,11
2245,100,19,74,9,2.03594794458151,10
2246,89,14,88,7,2.0354634990614118,7
2247,58,12,63,7,2.0345686518653676,5
2248,55,11,79,5,2.0315889229013426,6
2249,91,14,114,7,2.0312426341433967,7
2250,32,11,13,5,2.026181507027534,6
2251,75,30,87,14,2.0247725005088753,16
2252,8,36,90,16,2.0194647820717804,20
2253,109,29,13,13,2.010974217190567,16
2254,83,22,97,12,2.007636873207567,10
2255,69,24,7,12,1.9945381002011566,12
2256,104,15,112,7,1.99393597279257,8
2257,13,38,50,18,1.9937674166002914,20
2258,70,55,86,25,1.9917052888221574,30
2259,53,19,4,9,1.987694792892671,10
2260,28,38,25,16,1.9833898911599184,22
2261,64,15,15,8,1.9745380862871305,7
2262,41,18,76,10,1.9724048364464457,8
2263,28,28,48,13,1.97166934994222,15
2264,28,21,57,10,1.9693047937293828,11
2265,50,11,35,5,1.9581460146246747,6
2266,78,12,71,6,1.95458083263832,6
2267,36,34,64,17,1.9485056781764598,17
2268,98,11,19,4,1.9474548221717747,7
2269,25,20,55,9,1.9429576796619945,11
2270,23,14,31,6,1.9392936999416424,8
2271,110,13,104,5,1.9388474450810558,8
2272,32,10,98,5,1.9380052263831626,5
2273,20,19,30,9,1.9352963119709488,10
2274,23,14,97,7,1.9330528734436567,7
2275,70,19,40,8,1.9276789997691202,11
2276,114,21,18,10,1.923577249757446,11
2277,80,25,28,12,1.9225523112040792,13
2278,53,43,64,20,1.921457820047301,23
2279,70,21,41,11,1.919847111480952,10
2280,99,11,76,6,1.9173589523208343,5
2281,97,32,106,16,1.9159665785715099,16
2282,110,11,17,5,1.9155371371930665,6
2283,14,13,88,6,1.902096229341471,7
2284,108,25,51,12,1.9002486171144384,13
2285,13,87,65,40,1.8987319703858903,47
2286,8,83,55,42,1.896559935233285,41
2287,12,17,13,6,1.89366507601321,11
2288,109,24,84,11,1.893335137700528,13
2289,20,35,106,16,1.890590591428699,19
2290,25,23,64,11,1.8857238852847684,12
2291,2,41,8,20,1.8848654476169697,21
2292,8,14,79,8,1.8787453444383122,6
2293,94,11,69,5,1.8749407442851007,6
2294,107,48,68,22,1.8731227489747677,26
2295,17,26,54,13,1.867393134138254,13
2296,39,34,104,16,1.8667262407201952,18
2297,37,95,5,46,1.8654288703425719,49
2298,39,49,60,24,1.859398798683601,25
2299,87,61,106,30,1.856632619724249,31
2300,98,19,51,9,1.8552094547524471,10
2301,6,11,86,5,1.8539951054916266,6
2302,46,22,76,10,1.8507100299988166,12
2303,53,22,97,10,1.849246682219108,12
2304,13,30,17,14,1.8483382768762247,16
2305,30,12,109,5,1.8472545205463433,7
2306,98,27,107,13,1.840767846154218,14
2307,84,38,96,19,1.8356486827006797,19
2308,86,26,57,11,1.8322546886695221,15
2309,54,20,49,10,1.829154265922774,10
2310,74,29,13,14,1.8278354237299064,15
2311,106,11,3,5,1.8270221877820192,6
2312,44,13,114,6,1.8263733365516701,7
2313,114,16,84,7,1.8232489038137314,9
2314,102,13,99,6,1.8212893413036875,7
2315,71,11,109,5,1.8196417828202216,6
2316,79,18,28,8,1.8130893193426152,10
2317,40,18,111,9,1.8104998545748818,9
2318,36,22,25,11,1.8071440138268557,11
2319,8,65,28,30,1.8060421386611976,35
2320,37,25,90,12,1.7816453937181782,13
2321,102,13,84,6,1.779322402529277,7
2322,104,62,16,29,1.778027708852634,33
2323,109,21,76,11,1.7708841969163662,10
2324,88,11,110,6,1.7642228121429866,5
2325,84,26,70,12,1.7530345342228948,14
2326,86,78,20,36,1.7515015201972057,42
2327,87,56,88,29,1.7513462767543788,27
2328,4,31,68,15,1.751066192618154,16
2329,97,38,107,19,1.7507246476170455,19
2330,53,39,51,19,1.7493185772901738,20
2331,94,10,65,5,1.74928216807962,5
2332,60,33,36,16,1.7416473627060747,17
2333,18,11,6,5,1.7414584600944751,6
2334,8,26,23,13,1.7400762718841152,13
2335,36,37,88,16,1.7392851936744347,21
2336,46,51,5,23,1.7323776092910628,28
2337,70,19,75,10,1.7314858975507377,9
2338,60,14,11,7,1.72978393860355,7
2339,50,13,12,8,1.7279667161947851,5
2340,1,31,107,15,1.727430404235514,16
2341,83,11,50,6,1.7272952536822097,5
2342,63,15,45,7,1.7260545689947924,8
2343,16,19,45,8,1.7223541453977003,11
2344,9,46,40,21,1.71485959208228,25
2345,81,20,107,10,1.7130423485236068,10
2346,9,42,86,19,1.7117622661778296,23
2347,54,40,7,19,1.7088310244062668,21
2348,48,10,37,5,1.7035937503192145,5
2349,20,16,102,8,1.6989391239814933,8
2350,36,15,23,9,1.6972875274185721,6
2351,51,25,23,12,1.6961813528047331,13
2352,84,66,107,31,1.6864806299862014,35
2353,50,18,69,10,1.686362400438779,8
2354,112,20,63,9,1.685445995015415,11
2355,45,28,31,13,1.6710870406691087,15
2356,43,13,109,6,1.6656590774439002,7
2357,28,18,3,8,1.6573574066732149,10
2358,36,23,68,11,1.6511686348202657,12
2359,69,10,39,5,1.644395797770094,5
2360,95,10,57,6,1.6443605111684718,4
2361,39,19,96,8,1.6315253594413592,11
2362,68,48,86,24,1.6305448864752556,24
2363,19,18,16,9,1.6262793527453072,9
2364,16,41,114,18,1.6232837485706129,23
2365,29,15,51,7,1.6168777380555208,8
2366,91,35,86,17,1.6127783916757956,18
2367,87,20,69,9,1.6090402907699264,11
2368,70,13,43,6,1.6071210379776917,7
2369,99,18,30,8,1.5949338139614577,10
2370,64,10,90,5,1.5921132093044654,5
2371,7,73,40,33,1.5888049712895005,40
2372,2,15,25,8,1.5845186001024008,7
2373,60,60,16,29,1.5827171720559003,31
2374,55,22,90,12,1.578656952498874,10
2375,60,25,46,12,1.5735893742532674,13
2376,40,58,88,27,1.5715316879527905,31
2377,58,12,43,6,1.5653312346763884,6
2378,9,14,111,7,1.5621342613374551,7
2379,97,12,100,6,1.5601199386945834,6
2380,86,50,30,25,1.5573237823378583,25
2381,104,23,83,10,1.5563880557352996,13
2382,106,15,14,8,1.5523885439078582,7
2383,16,27,111,12,1.5488999004290867,15
2384,11,26,74,12,1.5483769164487977,14
2385,16,85,28,40,1.5473042950797171,45
2386,30,25,68,13,1.540357950667601,12
2387,51,52,60,22,1.5379585605411303,30
2388,97,25,46,12,1.5379422598602892,13
2389,13,23,45,11,1.536281477648622,12
2390,107,32,46,16,1.5343792707290018,16
2391,29,13,53,5,1.5317670028644748,8
2392,84,29,54,13,1.528304959907984,16
2393,1,34,88,17,1.5234508852206479,17
2394,35,14,37,7,1.523131742310598,7
2395,43,12,8,6,1.5194230889621367,6
2396,46,12,55,5,1.5148590180899557,7
2397,28,63,5,31,1.5122016375527902,32
2398,50,17,108,9,1.5013768012598343,8
2399,29,21,87,9,1.496087722033851,12
2400,4,59,13,27,1.4911690163054754,32
2401,87,51,54,23,1.4805638305796738,28
2402,61,15,13,8,1.4797550252097438,7
2403,73,15,63,8,1.4760785674332926,7
2404,11,17,32,9,1.4729852723414754,8
2405,86,32,2,16,1.4682447143488935,16
2406,15,26,7,14,1.4671619013667956,12
2407,57,13,40,6,1.4659794198664808,7
2408,112,16,23,7,1.4656028868993851,9
2409,47,19,65,9,1.4631124334160452,10
2410,65,61,68,29,1.4611429296521303,32
2411,31,21,47,10,1.4606130980712668,11
2412,86,64,55,30,1.4599929257917066,34
2413,25,23,83,10,1.4597201880554966,13
2414,8,16,38,8,1.4562520429495758,8
2415,50,16,89,7,1.4560158637801317,9
2416,11,25,13,12,1.4555242943364795,13
2417,53,30,55,14,1.4538038424746393,16
2418,106,55,63,27,1.4485566818099482,28
2419,38,14,30,8,1.4430439721156862,6
2420,39,20,70,9,1.4424153371414083,11
2421,20,21,97,11,1.439527960881874,10
2422,50,28,25,14,1.4391705454909012,14
2423,41,48,107,21,1.4315677718498427,27
2424,65,70,41,31,1.4285809086277084,39
2425,43,20,87,10,1.4273382250462692,10
2426,36,35,45,19,1.423273124508123,16
2427,15,22,60,10,1.4197687048169967,12
2428,12,16,40,8,1.4120822666164417,8
2429,102,15,11,6,1.4114820984859568,9
2430,70,17,95,9,1.4011695857654913,8
2431,75,12,44,5,1.399837377533035,7
2432,16,10,56,4,1.3984899579645478,6
2433,20,19,95,9,1.3957034121223277,10
2434,91,13,9,6,1.3946381880594532,7
2435,7,15,83,6,1.3943529604549396,9
2436,100,25,106,13,1.3941621457208537,12
2437,44,25,16,13,1.3924747988210242,12
2438,43,13,37,7,1.3915535608538905,6
2439,17,15,74,7,1.3910983775391357,8
2440,15,15,114,7,1.385848653276297,8
2441,36,11,29,6,1.3837445576600587,5
2442,50,41,11,19,1.3816262941644981,22
2443,95,31,7,14,1.3809406634768675,17
2444,106,30,41,15,1.3806292559177733,15
2445,87,29,109,13,1.3766608968038978,16
2446,75,10,48,5,1.3711471542080278,5
2447,90,11,76,6,1.3711097869836062,5
2448,87,54,39,25,1.3671012502066116,29
2449,43,32,60,15,1.366965509377514,17
2450,27,13,23,7,1.3665703255989456,6
2451,25,26,30,14,1.363384718034577,12
2452,68,31,104,16,1.3616459533032328,15
2453,107,39,70,20,1.3599998705907188,19
2454,63,91,65,44,1.3534100725026459,47
2455,53,44,60,20,1.3503746570549047,24
2456,97,37,88,18,1.349074362930903,19
2457,84,17,90,8,1.3434141546201468,9
2458,54,87,65,41,1.342980567229588,46
2459,71,48,7,25,1.3388864417450883,23
2460,77,53,60,25,1.338750114348228,28
2461,8,66,37,32,1.3357403383797626,34
2462,61,13,65,7,1.327965247882516,6
2463,60,25,109,12,1.3235251021634884,13
2464,16,30,80,14,1.3220466579095416,16
2465,74,18,80,9,1.3199661328668575,9
2466,3,17,55,8,1.3172267439478242,9
2467,46,60,88,30,1.317189159463411,30
2468,10,16,8,7,1.3145513780375315,9
2469,32,12,51,6,1.314434714983352,6
2470,37,12,108,6,1.3047215727540855,6
2471,70,11,102,7,1.3043211125718095,4
2472,107,55,60,26,1.3026835274312414,29
2473,5,44,13,21,1.302350985374302,23
2474,65,43,60,18,1.292557414516089,25
2475,2,22,74,10,1.2925512141562505,12
2476,15,31,13,14,1.2870483465437985,17
2477,97,20,109,10,1.283406905257821,10
2478,50,30,51,15,1.277023353905357,15
2479,50,27,65,13,1.2644687002361983,14
2480,88,34,37,16,1.263075132683617,18
2481,55,26,99,12,1.2605449554949548,14
2482,40,62,51,30,1.2569124216168759,32
2483,16,22,33,9,1.250719949272024,13
2484,51,12,58,6,1.250645738107039,6
2485,109,30,16,15,1.2499451161124784,15
2486,65,10,89,5,1.246766687204138,5
2487,1,10,71,4,1.2456643982922146,6
2488,104,12,43,5,1.2430962980218274,7
2489,15,25,86,12,1.2421859247751872,13
2490,107,30,4,15,1.2387516471106226,15
2491,71,25,31,12,1.2380158081615504,13
2492,63,16,95,8,1.233969730193377,8
2493,38,16,60,7,1.2292640845256295,9
2494,71,26,9,12,1.2262156519313812,14
2495,87,50,55,24,1.2223891795427406,26
2496,15,14,19,7,1.2172999883243922,7
2497,98,11,74,5,1.2137114800422117,6
2498,64,42,88,19,1.2118692904336819,23
2499,38,12,46,5,1.2117798317776198,7
2500,25,33,97,16,1.211209753293348,17
2501,16,51,74,24,1.19895248847691,27
2502,25,25,109,12,1.1927554377225935,13
2503,69,17,43,8,1.1823687630105753,9
2504,88,42,49,20,1.178560438139782,22
2505,76,29,87,13,1.173923997825125,16
2506,47,16,27,7,1.1658557312566065,9
2507,7,77,41,38,1.15072550046604,39
2508,39,11,98,5,1.1404948944014273,6
2509,41,63,13,31,1.1400581450751852,32
2510,13,46,28,22,1.1383330164762724,24
2511,60,73,71,35,1.1360670304013205,38
2512,80,11,38,6,1.135431064035941,5
2513,23,47,16,22,1.133588423461974,25
2514,36,26,106,13,1.1307287364062801,13
2515,3,26,31,14,1.130409883055894,12
2516,33,13,114,7,1.1286658148323794,6
2517,61,18,88,10,1.1254133453483963,8
2518,109,16,48,8,1.124410806769173,8
2519,19,10,9,5,1.1214361797377137,5
2520,7,85,65,44,1.1151148094385754,41
2521,63,47,40,22,1.1085655861732644,25
2522,73,13,55,6,1.1082443575059586,7
2523,40,19,45,9,1.1043531225931202,10
2524,96,18,2,9,1.1039761816908797,9
2525,70,39,106,20,1.1024614638047308,19
2526,54,16,33,7,1.1000953180608282,9
2527,14,16,11,7,1.0923565448715802,9
2528,40,13,74,6,1.0901529369074687,7
2529,3,31,51,18,1.0776643181053591,13
2530,64,19,97,9,1.0748997556854092,10
2531,68,48,9,23,1.0746763617541826,25
2532,67,20,37,9,1.0707700527635258,11
2533,106,12,66,5,1.070759127853136,7
2534,70,55,8,27,1.0665028298167964,28
2535,8,43,20,21,1.064860256583808,22
2536,104,30,109,15,1.0638658496000608,15
2537,18,35,87,16,1.0595333397572304,19
2538,16,37,40,17,1.0479395774839413,20
2539,54,28,102,14,1.0470828148001607,14
2540,114,19,69,8,1.0427404151557151,11
2541,90,21,88,11,1.0373159148886417,10
2542,114,29,20,14,1.0369418237684707,15
2543,45,14,3,7,1.0349134798027078,7
2544,35,22,7,11,1.0299988339542105,11
2545,109,56,86,27,1.0278219945967084,29
2546,11,41,87,22,1.027110181689243,19
2547,63,20,44,9,1.0233184771026502,11
2548,19,17,39,9,1.0227255734410843,8
2549,70,10,33,5,1.0222975969230632,5
2550,86,65,13,33,1.019501673559692,32
2551,65,37,12,19,1.0126389783896663,18
2552,114,55,86,27,1.009397796693002,28
2553,13,43,75,20,1.005364432264769,23
2554,3,28,39,13,1.005279876255595,15
2555,114,11,93,6,1.004990658958168,5
2556,114,39,7,18,1.0047894280060632,21
2557,9,19,112,9,1.0011116788041667,10
2558,37,37,17,16,0.9978108601802018,21
2559,107,14,79,8,0.9916516151596949,6
2560,23,17,111,10,0.9902411232186314,7
2561,64,14,100,6,0.9873146869937531,8
2562,39,38,28,19,0.9827440527550545,19
2563,8,67,54,35,0.9788096362147576,32
2564,50,29,17,13,0.9785385252670544,16
2565,51,33,31,14,0.9782499075201472,19
2566,107,65,5,32,0.9748363761521144,33
2567,79,11,88,5,0.9736004729947267,6
2568,114,26,17,11,0.9721557918960149,15
2569,14,16,87,7,0.9719183858987279,9
2570,37,50,51,27,0.9710667257210692,23
2571,30,26,51,12,0.9638359516152135,14
2572,104,38,106,19,0.9604760273979323,19
2573,106,11,103,6,0.9583580547252424,5
2574,14,14,5,6,0.9561035605846475,8
2575,3,32,68,15,0.9527649253755339,17
2576,107,41,27,20,0.952515535377431,21
2577,112,13,114,7,0.9421647262329379,6
2578,47,33,39,16,0.9409236558902792,17
2579,7,10,108,4,0.9385265901557563,6
2580,9,38,39,20,0.9320441987636028,18
2581,102,11,83,5,0.9259324073609744,6
2582,33,17,86,9,0.9246066959077469,8
2583,102,18,65,10,0.9231577333764872,8
2584,75,27,114,13,0.9181862737012574,14
2585,13,20,33,10,0.918120505460343,10
2586,106,100,86,49,0.9173221659807225,51
2587,43,17,50,7,0.911659904777202,10
2588,36,35,75,19,0.9076169876586753,16
2589,23,13,3,6,0.9036934098771335,7
2590,64,41,68,18,0.9029247023462412,23
2591,84,17,79,9,0.9012801816556621,8
2592,107,65,63,35,0.9004862155219548,30
2593,68,17,74,7,0.9001065237726507,10
2594,8,24,48,11,0.8990865709573224,13
2595,60,17,83,8,0.8851626447494981,9
2596,77,21,4,10,0.8810684428976758,11
2597,37,21,57,10,0.8778160008276704,11
2598,12,26,51,12,0.8760267118024294,14
2599,111,47,68,24,0.8746288393374696,23
2600,7,27,49,15,0.8744069756975954,12
2601,94,12,114,5,0.8733223650892258,7
2602,19,11,30,5,0.8639657549674947,6
2603,55,21,71,9,0.863684832703073,12
2604,10,10,114,4,0.8617397018011257,6
2605,34,17,16,8,0.8560019455164203,9
2606,91,16,84,8,0.8558230534473272,8
2607,9,24,3,12,0.8521077531046838,12
2608,71,28,63,13,0.8479499084443569,15
2609,94,20,43,9,0.8454581746365188,11
2610,62,11,50,5,0.8451062062670078,6
2611,50,56,86,29,0.8444740252545996,27
2612,27,39,68,18,0.8444718126987756,21
2613,54,40,74,20,0.8415267564978521,20
2614,28,23,30,12,0.8403239904216823,11
2615,2,16,46,8,0.8285194662826778,8
2616,28,48,37,24,0.8263140292594408,24
2617,7,57,18,29,0.8231688841647112,28
2618,96,58,107,27,0.8081270899904945,31
2619,84,31,50,16,0.8064114901977948,15
2620,56,14,40,7,0.8062835825274064,7
2621,2,22,88,11,0.7956469041111237,11
2622,15,23,57,11,0.7930287445383305,12
2623,10,15,84,7,0.7902384797272094,8
2624,9,17,34,8,0.77910514985876,9
2625,104,45,114,21,0.7777920700848383,24
2626,88,37,20,19,0.7774406960445003,18
2627,87,22,99,10,0.7762165713325069,12
2628,43,28,65,15,0.7736410586664142,13
2629,97,20,93,10,0.7717644600090583,10
2630,33,15,104,8,0.7704375614853092,7
2631,110,12,54,6,0.762633303380524,6
2632,50,19,109,9,0.7621588618054026,10
2633,107,79,28,37,0.7544537727453153,42
2634,47,21,87,10,0.7462429355983711,11
2635,3,20,71,10,0.744611540631482,10
2636,36,13,74,5,0.7437175733038444,8
2637,25,24,15,13,0.7394428200536315,11
2638,112,37,16,19,0.7389277057903361,18
2639,13,60,39,30,0.7375803753367649,30
2640,78,11,55,6,0.7363999336150038,5
2641,40,77,86,36,0.7352757671814381,41
2642,19,14,28,7,0.733112623911336,7
2643,95,41,5,21,0.731606653431554,20
2644,58,25,9,13,0.7270071603708143,12
2645,86,39,3,18,0.7256558940842943,21
2646,61,18,40,9,0.7154895706830828,9
2647,82,13,28,7,0.7153587234866209,6
2648,87,45,63,23,0.7153353724609679,22
2649,68,51,60,26,0.7146206283070944,25
2650,13,17,96,8,0.7114671477918352,9
2651,76,25,8,13,0.7077738529790866,12
2652,18,23,104,13,0.701208945227421,10
2653,27,11,99,6,0.6941577039356042,5
2654,8,41,39,21,0.6937986397009377,20
2655,7,73,39,37,0.6920867889114359,36
2656,29,17,38,8,0.6873786981327397,9
2657,43,13,84,6,0.6853274773451387,7
2658,18,19,25,10,0.6816652439852776,9
2659,50,24,114,11,0.6812811811945304,13
2660,37,40,114,18,0.6680388190804037,22
2661,1,10,62,5,0.6629322217278115,5
2662,63,38,50,18,0.6599709375930062,20
2663,64,15,108,8,0.6582287703496978,7
2664,13,14,48,7,0.6567913870437307,7
2665,46,22,17,11,0.6465980628161522,11
2666,41,27,1,12,0.6450987397179471,15
2667,98,16,50,8,0.6426219058041094,8
2668,53,22,63,11,0.6396118229300763,11
2669,25,25,41,14,0.6394054706376684,11
2670,111,17,36,8,0.6365354853619557,9
2671,4,28,64,13,0.6316212138641686,15
2672,11,11,97,6,0.6269874474505769,5
2673,88,21,81,10,0.6261281112170193,11
2674,51,65,68,34,0.625925013228295,31
2675,50,63,54,31,0.6257662884110836,32
2676,48,30,16,14,0.6253070630976002,16
2677,36,33,71,17,0.6241330409639582,16
2678,51,58,55,29,0.6228899757373463,29
2679,109,13,40,7,0.6223424064374103,6
2680,76,30,96,14,0.6223340675935091,16
2681,31,22,58,11,0.6168553703735019,11
2682,43,20,114,11,0.6074470201565788,9
2683,91,16,70,7,0.6063303701253773,9
2684,63,15,34,7,0.6010869874219945,8
2685,71,32,106,15,0.6009609652453856,17
2686,61,10,86,5,0.5990640749995453,5
2687,30,24,40,12,0.5893402617113984,12
2688,76,13,36,4,0.5885035889042722,9
2689,11,30,39,15,0.5835846349669753,15
2690,64,15,17,8,0.5824319192017166,7
2691,17,43,51,22,0.578587223538638,21
2692,106,46,76,25,0.577289694916291,21
2693,46,22,9,12,0.57092599444048,10
2694,23,12,53,6,0.5700661218932129,6
2695,75,51,65,26,0.5689430318120555,25
2696,40,10,94,5,0.5678516928680516,5
2697,11,11,27,6,0.5615364354397145,5
2698,97,31,2,15,0.5614740846174435,16
2699,83,10,2,5,0.5594397265150824,5
2700,3,10,4,5,0.5556184418282119,5
2701,5,49,54,23,0.5526115688513309,26
2702,86,26,85,13,0.5520922026279291,13
2703,92,17,7,7,0.5480230211986101,10
2704,104,55,13,27,0.5474902747445213,28
2705,98,27,16,13,0.5462850233229243,14
2706,64,29,54,15,0.5456745481805155,14
2707,87,14,6,7,0.5451369775684941,7
2708,86,32,80,16,0.5398930710578201,16
2709,106,10,1,5,0.539652861011431,5
2710,63,43,7,18,0.5381341307781913,25
2711,28,19,33,8,0.5377400393884932,11
2712,8,75,88,37,0.5304582267575177,38
2713,73,19,28,10,0.5214155246375574,9
2714,43,17,25,10,0.5197036131496171,7
2715,8,45,65,22,0.517695585596627,23
2716,15,33,16,18,0.5165041631650911,15
2717,106,68,28,33,0.5161436710076662,35
2718,41,11,90,6,0.513841479320257,5
2719,114,11,38,6,0.5127819422302534,5
2720,4,18,9,9,0.5118055197130339,9
2721,49,12,97,5,0.510198270023406,7
2722,51,22,71,11,0.5066228412969123,11
2723,23,10,9,5,0.5053397207394539,5
2724,18,29,41,15,0.5040827449695365,14
2725,90,13,91,6,0.5003235284827323,7
2726,88,35,31,18,0.4999807976090588,17
2727,5,59,87,29,0.4991669720547012,30
2728,5,39,63,22,0.49187190353271276,17
2729,13,68,60,31,0.48669975705893975,37
2730,57,14,104,5,0.4845128262229356,9
2731,37,17,62,10,0.47941613349669066,7
2732,95,28,74,13,0.47842550860281996,15
2733,75,31,41,14,0.47837138213253816,17
2734,25,51,39,26,0.4759465051184244,25
2735,37,13,69,6,0.4741041536564538,7
2736,113,11,86,6,0.46954311123939263,5
2737,65,54,31,26,0.46913887469692744,28
2738,87,16,111,8,0.45897322341286445,8
2739,54,65,16,33,0.4536687036040768,32
2740,107,81,8,37,0.451577946955366,44
2741,62,13,55,7,0.4490302976953222,6
2742,9,11,29,5,0.4445014025628295,6
2743,80,11,9,7,0.4439834453330457,4
2744,86,83,65,43,0.4411076558908754,40
2745,90,15,11,7,0.4409004522210816,8
2746,40,43,31,22,0.429627197462679,21
2747,87,52,51,26,0.42652664908738336,26
2748,33,11,99,6,0.42486651226142574,5
2749,13,53,9,25,0.4236599855238375,28
2750,87,46,96,22,0.4185307257645089,24
2751,5,14,38,7,0.4168378546295618,7
2752,31,33,86,17,0.4107692180392416,16
2753,50,18,79,9,0.4091046493522828,9
2754,98,14,114,7,0.4067842985377363,7
2755,27,17,106,10,0.4013630945998079,7
2756,20,13,85,6,0.39373981733351443,7
2757,88,13,78,6,0.3934639813104847,7
2758,55,16,41,8,0.3929137359889599,8
2759,23,18,54,9,0.39214168570707464,9
2760,8,13,44,6,0.3904420875790005,7
2761,69,30,36,15,0.38598798110099336,15
2762,65,10,85,5,0.3851248758076393,5
2763,8,35,50,16,0.38293825667797665,19
2764,114,28,71,14,0.3795577437704574,14
2765,70,22,97,12,0.3783758219642565,10
2766,14,18,84,8,0.37783903496494214,10
2767,40,16,108,7,0.373845897515691,9
2768,88,35,71,19,0.3711092012403024,16
2769,40,21,75,10,0.36863713867004627,11
2770,95,26,28,12,0.36814720179538635,14
2771,63,17,47,7,0.3681401863793021,10
2772,25,30,63,16,0.3669879376751877,14
2773,92,18,13,7,0.36521745881563183,11
2774,46,18,41,8,0.36430211798636986,10
2775,19,10,86,5,0.36008038039536067,5
2776,79,12,54,5,0.3524093679970092,7
2777,7,21,8,10,0.35073482330961425,11
2778,49,21,51,10,0.3351069066929168,11
2779,39,41,54,21,0.33442242846591713,20
2780,83,20,106,11,0.33164456490941063,9
2781,9,19,84,9,0.33153170217178507,10
2782,76,28,70,13,0.3288931307094032,15
2783,49,14,114,6,0.32751436291229447,8
2784,41,34,63,17,0.326061354616667,17
2785,65,48,39,22,0.3257402134811714,26
2786,86,103,107,52,0.32501392264203255,51
2787,114,68,107,33,0.32070298196932506,35
2788,83,25,28,14,0.3193130867023741,11
2789,51,13,92,7,0.31029394338620886,6
2790,57,19,46,9,0.3079095171810309,10
2791,53,28,86,16,0.3007788516561258,12
2792,114,60,88,30,0.29749332449413723,30
2793,88,15,48,6,0.2955612335778544,9
2794,13,42,27,22,0.2905119523861549,20
2795,57,11,53,6,0.2873041046379347,5
2796,13,21,78,10,0.2871740506617885,11
2797,48,17,39,9,0.281951836002177,8
2798,67,12,25,6,0.2816428039469064,6
2799,96,12,67,7,0.27996501259109813,5
2800,53,18,5,8,0.2778213329671456,10
2801,69,11,19,6,0.2714192647995953,5
2802,36,11,38,4,0.26679215079866997,7
2803,37,22,76,12,0.2606095394442829,10
2804,16,22,72,11,0.25160173884610776,11
2805,47,17,41,9,0.24960180944275975,8
2806,39,41,41,22,0.24923068070915827,19
2807,40,25,47,14,0.24655985846699452,11
2808,107,21,112,10,0.24297047982070114,11
2809,83,20,88,11,0.24121558114701722,9
2810,78,19,57,10,0.23966656028887065,9
2811,30,20,106,10,0.23895557447172086,10
2812,64,19,45,9,0.2352744559029064,10
2813,57,14,20,7,0.22969067246688318,7
2814,65,10,101,5,0.22906131925901718,5
2815,67,12,84,5,0.22644335659627104,7
2816,72,16,7,8,0.22521266099875584,8
2817,11,24,65,11,0.2231872290555846,13
2818,107,40,18,22,0.21456452912257484,18
2819,107,59,74,28,0.21255364694604195,31
2820,53,21,44,9,0.2122113313421154,12
2821,53,54,13,29,0.2083631688927764,25
2822,28,11,66,5,0.2056598644516812,6
2823,44,14,107,7,0.20330478165271706,7
2824,88,35,84,19,0.2028722354655662,16
2825,46,16,71,7,0.19894184736909315,9
2826,98,11,100,5,0.18985443720382733,6
2827,35,12,70,7,0.18631436457958764,5
2828,44,15,65,6,0.18351226600640885,9
2829,71,33,8,17,0.17759312635004623,16
2830,96,37,55,19,0.17732770674363885,18
2831,88,53,41,27,0.17567237068802208,26
2832,11,47,106,26,0.17225906773687616,21
2833,7,51,4,26,0.16136746029798088,25
2834,62,12,106,6,0.1584669634691407,6
2835,84,22,80,10,0.15202664995311643,12
2836,73,10,25,5,0.1328731236438802,5
2837,51,13,44,8,0.13191763257362837,5
2838,60,76,7,38,0.13134493579901685,38
2839,28,22,98,9,0.12169006680659694,13
2840,40,28,18,16,0.11377047107058737,12
2841,49,16,8,7,0.1133484840104294,9
2842,98,13,97,7,0.11020600858990875,6
2843,94,13,60,6,0.10902380212835151,7
2844,2,18,84,9,0.10504403066305398,9
2845,68,13,44,7,0.10451112471006771,6
2846,93,20,107,9,0.10069325512074272,11
2847,74,39,25,20,0.09563368284676016,19
2848,25,65,16,32,0.09364645449744402,33
2849,30,15,96,8,0.09214636377364425,7
2850,114,29,36,13,0.09213128587786307,16
2851,95,52,86,24,0.08956033992826938,28
2852,107,94,7,42,0.07975391090501975,52
2853,97,36,74,17,0.07931920932357782,19
2854,107,73,54,35,0.07798228457878793,38
2855,55,15,108,8,0.07480659095217349,7
2856,84,20,65,9,0.07280165631996083,11
2857,106,21,40,10,0.06808253080226546,11
2858,108,15,74,7,0.06305457719799344,8
2859,8,70,106,37,0.05212763279076112,33
2860,8,16,27,7,0.051328614148521634,9
2861,34,19,50,10,0.05002588679712766,9
2862,73,16,106,8,0.04700386219362951,8
2863,65,11,81,6,0.04550793535821782,5
2864,31,11,97,5,0.04256244744109723,6
2865,41,23,27,11,0.03715076021582355,12
2866,9,14,81,7,0.035788297634864304,7
2867,45,17,71,7,0.03389797077786283,10
2868,106,42,50,20,0.025298087208634697,22
2869,65,25,112,12,0.02355293411431118,13
2870,107,58,39,28,0.022002026984637022,30
2871,89,15,28,8,0.018607611913672883,7
2872,35,24,86,11,0.011498856499630127,13
2873,11,41,46,21,0.010078384039398624,20
2874,109,17,83,7,0.00972932964701334,10
2875,90,33,16,15,0.006116246156991541,18
2876,109,20,102,10,0.0026602667859183526,10
2877,102,20,109,10,-0.0026602667859165763,10
2878,16,33,90,18,-0.0061162461569911645,15
2879,83,17,109,10,-0.009729329647013785,7
2880,46,41,11,20,-0.010078384039398624,21
2881,86,24,35,13,-0.011498856499629817,11
2882,28,15,89,7,-0.018607611913672648,8
2883,39,58,107,30,-0.022002026984636165,28
2884,112,25,65,13,-0.02355293411431229,12
2885,50,42,106,22,-0.02529808720863334,20
2886,71,17,45,10,-0.03389797077786216,7
2887,81,14,9,7,-0.035788297634866885,7
2888,27,23,41,12,-0.037150760215824086,11
2889,97,11,31,6,-0.042562447441096586,5
2890,81,11,65,5,-0.04550793535821569,6
2891,106,16,73,8,-0.0470038621936304,8
2892,50,19,34,9,-0.05002588679712785,10
2893,27,16,8,9,-0.051328614148522966,7
2894,106,70,8,33,-0.05212763279076128,37
2895,74,15,108,8,-0.06305457719799369,7
2896,40,21,106,11,-0.0680825308022658,10
2897,65,20,84,11,-0.07280165631996083,9
2898,108,15,55,7,-0.07480659095217229,8
2899,54,73,107,38,-0.07798228457878872,35
2900,74,36,97,19,-0.07931920932357782,17
2901,7,94,107,52,-0.0797539109050192,42
2902,86,52,95,28,-0.08956033992827091,24
2903,36,29,114,16,-0.09213128587786189,13
2904,96,15,30,7,-0.09214636377364507,8
2905,16,65,25,33,-0.09364645449744435,32
2906,25,39,74,19,-0.0956336828467596,20
2907,44,13,68,6,-0.10451112471006657,7
2908,84,18,2,9,-0.10504403066305477,9
2909,60,13,94,7,-0.10902380212834957,6
2910,97,13,98,6,-0.11020600858990862,7
2911,8,16,49,9,-0.11334848401042974,7
2912,18,28,40,12,-0.11377047107058744,16
2913,98,22,28,13,-0.1216900668065983,9
2914,7,76,60,38,-0.13134493579901632,38
2915,44,13,51,5,-0.1319176325736292,8
2916,25,10,73,5,-0.1328731236438802,5
2917,80,22,84,12,-0.15202664995311627,10
2918,106,12,62,6,-0.15846696346914188,6
2919,4,51,7,25,-0.16136746029798163,26
2920,16,53,11,30,-0.16260546222798214,23
2921,106,47,11,21,-0.17225906773687602,26
2922,41,53,88,26,-0.17567237068802258,27
2923,55,37,96,18,-0.17732770674364082,19
2924,8,33,71,16,-0.17759312635004632,17
2925,65,15,44,9,-0.1835122660064091,6
2926,70,12,35,5,-0.18631436457958692,7
2927,100,11,98,6,-0.18985443720382733,5
2928,71,16,46,9,-0.19894184736909182,7
2929,84,35,88,16,-0.20287223546556712,19
2930,107,14,44,7,-0.20330478165271787,7
2931,66,11,28,6,-0.20565986445168055,5
2932,13,54,53,25,-0.20836316889277592,29
2933,44,21,53,12,-0.2122113313421161,9
2934,18,40,107,18,-0.21456452912257684,22
2935,65,24,11,13,-0.22318722905558436,11
2936,7,16,72,8,-0.22521266099875537,8
2937,84,12,67,7,-0.22644335659627166,5
2938,101,10,65,5,-0.2290613192590168,5
2939,20,14,57,7,-0.2296906724668833,7
2940,45,19,64,10,-0.23527445590290527,9
2941,106,20,30,10,-0.2389555744717199,10
2942,57,19,78,9,-0.23966656028887007,10
2943,88,20,83,9,-0.24121558114701463,11
2944,112,21,107,11,-0.24297047982070197,10
2945,47,25,40,11,-0.24655985846699366,14
2946,41,41,39,19,-0.24923068070915905,22
2947,41,17,47,8,-0.24960180944275975,9
2948,72,22,16,11,-0.25160173884610787,11
2949,76,22,37,10,-0.26060953944428406,12
2950,38,11,36,7,-0.26679215079866964,4
2951,19,11,69,5,-0.2714192647995956,6
2952,5,18,53,10,-0.277821332967146,8
2953,67,12,96,5,-0.279965012591097,7
2954,25,12,67,6,-0.2816428039469064,6
2955,39,17,48,8,-0.28195183600217677,9
2956,78,21,13,11,-0.28717405066178936,10
2957,53,11,57,5,-0.2873041046379331,6
2958,27,42,13,20,-0.29051195238615496,22
2959,48,15,88,9,-0.29556123357785347,6
2960,88,60,114,30,-0.2974933244941375,30
2961,86,28,53,12,-0.300778851656125,16
2962,46,19,57,10,-0.3079095171810289,9
2963,92,13,51,6,-0.31029394338620975,7
2964,28,25,83,11,-0.3193130867023753,14
2965,107,68,114,35,-0.3207029819693246,33
2966,107,103,86,51,-0.325013922642032,52
2967,39,48,65,26,-0.32574021348116955,22
2968,63,34,41,17,-0.3260613546166661,17
2969,114,14,49,8,-0.32751436291229385,6
2970,70,28,76,15,-0.32889313070940346,13
2971,84,19,9,10,-0.33153170217178424,9
2972,106,20,83,9,-0.3316445649094112,11
2973,54,41,39,20,-0.3344224284659163,21
2974,51,21,49,11,-0.3351069066929168,10
2975,8,21,7,11,-0.3507348233096159,10
2976,54,12,79,7,-0.352409367997008,5
2977,86,10,19,5,-0.36008038039536105,5
2978,41,18,46,10,-0.36430211798637085,8
2979,13,18,92,11,-0.3652174588156323,7
2980,63,30,25,14,-0.3669879376751877,16
2981,47,17,63,10,-0.368140186379302,7
2982,28,26,95,14,-0.36814720179538646,12
2983,75,21,40,11,-0.3686371386700461,10
2984,71,35,88,16,-0.37110920124030156,19
2985,108,16,40,9,-0.3738458975156912,7
2986,84,18,14,10,-0.37783903496494253,8
2987,97,22,70,10,-0.3783758219642562,12
2988,71,28,114,14,-0.3795577437704577,14
2989,50,35,8,19,-0.3829382566779763,16
2990,85,10,65,5,-0.3851248758076405,5
2991,36,30,69,15,-0.3859879811009911,15
2992,44,13,8,7,-0.3904420875789997,6
2993,54,18,23,9,-0.39214168570707364,9
2994,41,16,55,8,-0.39291373598895946,8
2995,78,13,88,7,-0.3934639813104835,6
2996,85,13,20,7,-0.3937398173335161,6
2997,106,17,27,7,-0.40136309459980746,10
2998,114,14,98,7,-0.40678429853773473,7
2999,79,18,50,9,-0.4091046493522828,9
3000,86,33,31,16,-0.4107692180392426,17
3001,38,14,5,7,-0.4168378546295618,7
3002,96,46,87,24,-0.4185307257645087,22
3003,9,53,13,28,-0.4236599855238383,25
3004,99,11,33,5,-0.4248665122614248,6
3005,51,52,87,26,-0.4265266490873827,26
3006,31,43,40,21,-0.4296271974626791,22
3007,11,15,90,8,-0.4409004522210813,7
3008,65,83,86,40,-0.44110765589087725,43
3009,9,11,80,4,-0.4439834453330448,7
3010,29,11,9,6,-0.44450140256282983,5
3011,55,13,62,6,-0.4490302976953225,7
3012,8,81,107,44,-0.4515779469553662,37
3013,16,65,54,32,-0.4536687036040762,33
3014,111,16,87,8,-0.45897322341286373,8
3015,31,54,65,28,-0.4691388746969265,26
3016,86,11,113,5,-0.46954311123939296,6
3017,69,13,37,7,-0.47410415365645314,6
3018,39,51,25,25,-0.4759465051184236,26
3019,41,31,75,17,-0.47837138213253816,14
3020,74,28,95,15,-0.4784255086028221,13
3021,62,17,37,7,-0.47941613349669043,10
3022,104,14,57,9,-0.4845128262229359,5
3023,60,68,13,37,-0.48669975705893814,31
3024,63,39,5,17,-0.4918719035327135,22
3025,87,59,5,30,-0.49916697205470045,29
3026,31,35,88,17,-0.499980797609059,18
3027,91,13,90,7,-0.5003235284827329,6
3028,41,29,18,14,-0.5040827449695369,15
3029,9,10,23,5,-0.5053397207394532,5
3030,71,22,51,11,-0.5066228412969127,11
3031,97,12,49,7,-0.510198270023406,5
3032,9,18,4,9,-0.5118055197130339,9
3033,38,11,114,5,-0.5127819422302561,6
3034,90,11,41,5,-0.513841479320257,6
3035,28,68,106,35,-0.5161436710076651,33
3036,16,33,15,15,-0.5165041631650912,18
3037,65,45,8,23,-0.5176955855966269,22
3038,25,17,43,7,-0.5197036131496168,10
3039,28,19,73,9,-0.5214155246375576,10
3040,88,75,8,38,-0.5304582267575169,37
3041,33,19,28,11,-0.5377400393884936,8
3042,7,43,63,25,-0.5381341307781913,18
3043,1,10,106,5,-0.5396528610114302,5
3044,80,32,86,16,-0.5398930710578194,16
3045,6,14,87,7,-0.5451369775684937,7
3046,54,29,64,14,-0.5456745481805153,15
3047,16,27,98,14,-0.5462850233229247,13
3048,13,55,104,28,-0.5474902747445204,27
3049,7,17,92,10,-0.5480230211986107,7
3050,85,26,86,13,-0.5520922026279292,13
3051,54,49,5,26,-0.5526115688513301,23
3052,4,10,3,5,-0.5556184418282125,5
3053,2,10,83,5,-0.559439726515081,5
3054,2,31,97,16,-0.5614740846174444,15
3055,27,11,11,5,-0.5615364354397134,6
3056,107,36,90,19,-0.5646498466658356,17
3057,94,10,40,5,-0.5678516928680514,5
3058,65,51,75,25,-0.5689430318120551,26
3059,53,12,23,6,-0.5700661218932138,6
3060,9,22,46,10,-0.57092599444048,12
3061,51,43,17,21,-0.5785872235386386,22
3062,17,15,64,7,-0.5824319192017173,8
3063,39,30,11,15,-0.5835846349669755,15
3064,36,13,76,9,-0.5885035889042698,4
3065,40,24,30,12,-0.5893402617113975,12
3066,86,10,61,5,-0.5990640749995453,5
3067,106,32,71,17,-0.6009609652453869,15
3068,34,15,63,8,-0.6010869874219955,7
3069,70,16,91,9,-0.6063303701253777,7
3070,114,20,43,9,-0.6074470201565787,11
3071,58,22,31,11,-0.6168553703735028,11
3072,96,30,76,16,-0.6223340675935105,14
3073,40,13,109,6,-0.6223424064374109,7
3074,55,58,51,29,-0.622889975737348,29
3075,71,33,36,16,-0.6241330409639598,17
3076,16,30,48,16,-0.6253070630976005,14
3077,54,63,50,32,-0.6257662884110818,31
3078,68,65,51,31,-0.6259250132282955,34
3079,81,21,88,11,-0.62612811121702,10
3080,97,11,11,5,-0.626987447450576,6
3081,64,28,4,15,-0.6316212138641698,13
3082,36,17,111,9,-0.6365354853619557,8
3083,41,25,25,11,-0.6394054706376676,14
3084,63,22,53,11,-0.6396118229300776,11
3085,50,16,98,8,-0.6426219058041119,8
3086,1,27,41,15,-0.6450987397179483,12
3087,17,22,46,11,-0.6465980628161528,11
3088,48,14,13,7,-0.6567913870437321,7
3089,108,15,64,7,-0.6582287703496964,8
3090,50,38,63,20,-0.6599709375930077,18
3091,62,10,1,5,-0.6629322217278115,5
3092,114,40,37,22,-0.6680388190804033,18
3093,114,24,50,13,-0.6812811811945291,11
3094,25,19,18,9,-0.6816652439852758,10
3095,84,13,43,7,-0.6853274773451387,6
3096,38,17,29,9,-0.6873786981327392,8
3097,39,73,7,36,-0.6920867889114356,37
3098,39,41,8,20,-0.6937986397009376,21
3099,99,11,27,5,-0.6941577039356038,6
3100,104,23,18,10,-0.7012089452274208,13
3101,8,25,76,12,-0.7077738529790857,13
3102,96,17,13,9,-0.7114671477918357,8
3103,60,51,68,25,-0.7146206283070936,26
3104,63,45,87,22,-0.715335372460967,23
3105,28,13,82,6,-0.7153587234866207,7
3106,40,18,61,9,-0.7154895706830816,9
3107,3,39,86,21,-0.7256558940842948,18
3108,9,25,58,12,-0.727007160370813,13
3109,5,41,95,20,-0.7316066534315533,21
3110,28,14,19,7,-0.7331126239113345,7
3111,86,77,40,41,-0.7352757671814375,36
3112,55,11,78,5,-0.7363999336150034,6
3113,39,60,13,30,-0.7375803753367645,30
3114,16,37,112,18,-0.7389277057903356,19
3115,15,24,25,11,-0.7394428200536295,13
3116,74,13,36,8,-0.743717573303844,5
3117,71,20,3,10,-0.7446115406314829,10
3118,87,21,47,11,-0.7462429355983705,10
3119,28,79,107,42,-0.7544537727453159,37
3120,109,19,50,10,-0.762158861805403,9
3121,54,12,110,6,-0.7626333033805247,6
3122,104,15,33,7,-0.7704375614853106,8
3123,93,20,97,10,-0.7717644600090567,10
3124,65,28,43,13,-0.7736410586664141,15
3125,99,22,87,12,-0.7762165713325071,10
3126,114,45,104,24,-0.7777920700848373,21
3127,34,17,9,9,-0.77910514985876,8
3128,84,15,10,8,-0.7902384797272098,7
3129,57,23,15,12,-0.79302874453833,11
3130,88,22,2,11,-0.7956469041111237,11
3131,40,14,56,7,-0.8062835825274064,7
3132,50,31,84,15,-0.8064114901977935,16
3133,107,58,96,31,-0.8081270899904945,27
3134,20,27,74,13,-0.8203305748765273,14
3135,18,57,7,28,-0.8231688841647117,29
3136,37,48,28,24,-0.8263140292594411,24
3137,46,16,2,8,-0.8285194662826783,8
3138,30,23,28,11,-0.840323990421683,12
3139,74,40,54,20,-0.8415267564978521,20
3140,68,39,27,21,-0.8444718126987766,18
3141,86,56,50,27,-0.8444740252545996,29
3142,50,11,62,6,-0.8451062062670082,5
3143,43,20,94,11,-0.8454581746365185,9
3144,63,28,71,15,-0.8479499084443569,13
3145,3,24,9,12,-0.852107753104684,12
3146,84,16,91,8,-0.855823053447327,8
3147,16,17,34,9,-0.8560019455164201,8
3148,114,10,10,6,-0.8617397018011254,4
3149,71,21,55,12,-0.8636848327030733,9
3150,30,11,19,6,-0.8639657549674944,5
3151,114,12,94,7,-0.8733223650892254,5
3152,49,27,7,12,-0.8744069756975955,15
3153,68,47,111,23,-0.87462883933747,24
3154,51,26,12,14,-0.8760267118024314,12
3155,57,21,37,11,-0.877816000827672,10
3156,4,21,77,11,-0.8810684428976734,10
3157,83,17,60,9,-0.8851626447494985,8
3158,48,24,8,13,-0.8990865709573216,11
3159,74,17,68,10,-0.9001065237726515,7
3160,63,65,107,30,-0.9004862155219557,35
3161,79,17,84,8,-0.9012801816556617,9
3162,68,41,64,23,-0.9029247023462396,18
3163,3,13,23,7,-0.9036934098771321,6
3164,75,35,36,16,-0.9076169876586756,19
3165,50,17,43,10,-0.911659904777202,7
3166,33,20,13,10,-0.9181205054603415,10
3167,114,27,75,14,-0.9181862737012573,13
3168,65,18,102,8,-0.9231577333764884,10
3169,86,17,33,8,-0.9246066959077452,9
3170,83,11,102,6,-0.9259324073609722,5
3171,39,38,9,18,-0.9320441987636049,20
3172,108,10,7,6,-0.9385265901557558,4
3173,39,33,47,17,-0.9409236558902793,16
3174,114,13,112,6,-0.9421647262329372,7
3175,27,41,107,21,-0.952515535377432,20
3176,68,32,3,17,-0.9527649253755344,15
3177,5,14,14,8,-0.9561035605846475,6
3178,103,11,106,5,-0.9583580547252434,6
3179,106,38,104,19,-0.9604760273979325,19
3180,51,26,30,14,-0.9638359516152128,12
3181,51,50,37,23,-0.9710667257210696,27
3182,87,16,14,9,-0.9719183858987275,7
3183,17,26,114,15,-0.9721557918960135,11
3184,88,11,79,6,-0.973600472994728,5
3185,5,65,107,33,-0.9748363761521153,32
3186,31,33,51,19,-0.9782499075201476,14
3187,17,29,50,16,-0.9785385252670543,13
3188,54,67,8,32,-0.9788096362147561,35
3189,28,38,39,19,-0.9827440527550564,19
3190,100,14,64,8,-0.9873146869937529,6
3191,111,17,23,7,-0.9902411232186308,10
3192,79,14,107,6,-0.9916516151596952,8
3193,17,37,37,21,-0.9978108601802036,16
3194,112,19,9,10,-1.001111678804167,9
3195,7,39,114,21,-1.0047894280060643,18
3196,93,11,114,5,-1.0049906589581687,6
3197,39,28,3,15,-1.0052798762555943,13
3198,75,43,13,23,-1.0053644322647692,20
3199,86,55,114,28,-1.0093977966930037,27
3200,12,37,65,18,-1.0126389783896657,19
3201,13,65,86,32,-1.0195016735596916,33
3202,33,10,70,5,-1.0222975969230645,5
3203,39,17,19,8,-1.022725573441084,9
3204,44,20,63,11,-1.0233184771026504,9
3205,16,24,102,12,-1.0260354064972297,12
3206,87,41,11,19,-1.0271101816892427,22
3207,86,56,109,29,-1.027821994596708,27
3208,7,22,35,11,-1.02999883395421,11
3209,3,14,45,7,-1.0349134798027073,7
3210,20,29,114,15,-1.0369418237684724,14
3211,88,21,90,10,-1.0373159148886413,11
3212,69,19,114,11,-1.0427404151557151,8
3213,102,28,54,14,-1.047082814800161,14
3214,40,37,16,20,-1.0479395774839417,17
3215,87,35,18,19,-1.059533339757231,16
3216,109,30,104,15,-1.063865849600061,15
3217,20,43,8,22,-1.0648602565838075,21
3218,8,55,70,28,-1.0665028298167962,27
3219,66,12,106,7,-1.0707591278531368,5
3220,37,20,67,11,-1.0707700527635244,9
3221,9,48,68,25,-1.0746763617541837,23
3222,97,19,64,10,-1.0748997556854094,9
3223,51,31,3,13,-1.07766431810536,18
3224,74,13,40,7,-1.0901529369074696,6
3225,11,16,14,9,-1.0923565448715815,7
3226,33,16,54,9,-1.1000953180608284,7
3227,106,39,70,19,-1.1024614638047292,20
3228,11,53,16,24,-1.1029332419268028,29
3229,2,18,96,9,-1.1039761816908782,9
3230,45,19,40,10,-1.1043531225931214,9
3231,55,13,73,7,-1.1082443575059588,6
3232,40,47,63,25,-1.1085655861732648,22
3233,65,85,7,41,-1.1151148094385757,44
3234,9,10,19,5,-1.121436179737714,5
3235,48,16,109,8,-1.124410806769173,8
3236,88,18,61,8,-1.1254133453483963,10
3237,114,13,33,6,-1.1286658148323805,7
3238,31,26,3,12,-1.1304098830558946,14
3239,106,26,36,13,-1.1307287364062808,13
3240,16,47,23,25,-1.1335884234619735,22
3241,38,11,80,5,-1.1354310640359402,6
3242,71,73,60,38,-1.1360670304013198,35
3243,28,46,13,24,-1.1383330164762764,22
3244,13,63,41,32,-1.1400581450751837,31
3245,98,11,39,6,-1.1404948944014273,5
3246,41,77,7,39,-1.1507255004660388,38
3247,27,16,47,9,-1.1658557312566071,7
3248,74,14,12,7,-1.1676100167547812,7
3249,49,42,88,22,-1.178560438139783,20
3250,43,17,69,9,-1.1823687630105748,8
3251,109,25,25,13,-1.1927554377225942,12
3252,74,51,16,27,-1.1989524884769094,24
3253,97,33,25,17,-1.2112097532933461,16
3254,46,12,38,7,-1.2117798317776216,5
3255,88,42,64,23,-1.2118692904336803,19
3256,74,11,98,6,-1.2137114800422124,5
3257,19,14,15,7,-1.2172999883243922,7
3258,55,50,87,26,-1.2223891795427406,24
3259,9,26,71,14,-1.2262156519313807,12
3260,60,16,38,9,-1.2292640845256295,7
3261,95,16,63,8,-1.233969730193377,8
3262,31,25,71,13,-1.2380158081615502,12
3263,4,30,107,15,-1.2387516471106224,15
3264,86,25,15,13,-1.2421859247751836,12
3265,43,12,104,7,-1.2430962980218272,5
3266,71,10,1,6,-1.2456643982922142,4
3267,89,10,65,5,-1.2467666872041385,5
3268,16,30,109,15,-1.2499451161124762,15
3269,58,12,51,6,-1.250645738107039,6
3270,33,22,16,13,-1.2507199492720238,9
3271,51,62,40,32,-1.256912421616875,30
3272,99,26,55,14,-1.260544955494955,12
3273,14,15,107,7,-1.262180496300674,8
3274,37,34,88,18,-1.2630751326836194,16
3275,65,27,50,14,-1.2644687002361992,13
3276,51,30,50,15,-1.277023353905357,15
3277,109,20,97,10,-1.2834069052578214,10
3278,88,17,12,9,-1.2849459638777523,8
3279,13,31,15,17,-1.2870483465437976,14
3280,74,22,2,12,-1.2925512141562505,10
3281,60,43,65,25,-1.2925574145160876,18
3282,13,44,5,23,-1.3023509853743016,21
3283,60,55,107,29,-1.3026835274312423,26
3284,102,11,70,4,-1.3043211125718082,7
3285,108,12,37,6,-1.3047215727540855,6
3286,51,12,32,6,-1.314434714983353,6
3287,8,16,10,9,-1.3145513780375313,7
3288,88,60,46,30,-1.3171891594634109,30
3289,55,17,3,9,-1.3172267439478242,8
3290,80,18,74,9,-1.3199661328668575,9
3291,80,30,16,16,-1.3220466579095416,14
3292,109,25,60,13,-1.3235251021634893,12
3293,65,13,61,6,-1.3279652478825155,7
3294,37,66,8,34,-1.3357403383797612,32
3295,60,53,77,28,-1.3387501143482283,25
3296,7,48,71,23,-1.3388864417450879,25
3297,65,87,54,46,-1.342980567229587,41
3298,90,17,84,9,-1.3434141546201466,8
3299,88,37,97,19,-1.3490743629309028,18
3300,60,44,53,24,-1.3503746570549038,20
3301,65,91,63,47,-1.3534100725026463,44
3302,70,39,107,19,-1.3599998705907195,20
3303,104,31,68,15,-1.3616459533032323,16
3304,30,26,25,12,-1.3633847180345777,14
3305,23,13,27,6,-1.3665703255989474,7
3306,60,32,43,17,-1.3669655093775135,15
3307,39,54,87,29,-1.367101250206611,25
3308,76,11,90,5,-1.371109786983603,6
3309,48,10,75,5,-1.3711471542080287,5
3310,109,29,87,16,-1.3766608968038976,13
3311,41,30,106,15,-1.3806292559177735,15
3312,7,31,95,17,-1.3809406634768695,14
3313,11,41,50,22,-1.3816262941644981,19
3314,29,11,36,5,-1.3837445576600587,6
3315,114,15,15,8,-1.3858486532762986,7
3316,74,15,17,8,-1.3910983775391348,7
3317,37,13,43,6,-1.39155356085389,7
3318,16,25,44,12,-1.3924747988210244,13
3319,106,25,100,12,-1.3941621457208517,13
3320,83,15,7,9,-1.3943529604549403,6
3321,9,13,91,7,-1.3946381880594534,6
3322,95,19,20,10,-1.3957034121223266,9
3323,56,10,16,6,-1.398489957964547,4
3324,44,12,75,7,-1.3998373775330364,5
3325,95,17,70,8,-1.4011695857654913,9
3326,11,15,102,9,-1.4114820984859553,6
3327,40,16,12,8,-1.412082266616442,8
3328,60,22,15,12,-1.4197687048169967,10
3329,45,35,36,16,-1.4232731245081227,19
3330,87,20,43,10,-1.427338225046271,10
3331,41,70,65,39,-1.4285809086277088,31
3332,107,48,41,27,-1.4315677718498419,21
3333,25,28,50,14,-1.4391705454909016,14
3334,97,21,20,10,-1.4395279608818727,11
3335,70,20,39,11,-1.442415337141408,9
3336,30,14,38,6,-1.4430439721156856,8
3337,63,55,106,28,-1.4485566818099482,27
3338,55,30,53,16,-1.4538038424746405,14
3339,13,25,11,13,-1.4555242943364795,12
3340,89,16,50,9,-1.4560158637801313,7
3341,38,16,8,8,-1.4562520429495762,8
3342,83,23,25,13,-1.459720188055496,10
3343,55,64,86,34,-1.4599929257917068,30
3344,47,21,31,11,-1.4606130980712662,10
3345,68,61,65,32,-1.4611429296521323,29
3346,65,19,47,10,-1.4631124334160444,9
3347,23,16,112,9,-1.4656028868993891,7
3348,40,13,57,7,-1.4659794198664808,6
3349,7,26,15,12,-1.4671619013667965,14
3350,2,32,86,16,-1.4682447143488924,16
3351,32,17,11,8,-1.4729852723414758,9
3352,63,15,73,7,-1.4760785674332912,8
3353,13,15,61,7,-1.4797550252097438,8
3354,54,51,87,28,-1.4805638305796713,23
3355,13,59,4,32,-1.4911690163054772,27
3356,87,21,29,12,-1.496087722033852,9
3357,108,17,50,8,-1.5013768012598367,9
3358,5,63,28,32,-1.5122016375527894,31
3359,55,12,46,7,-1.514859018089955,5
3360,8,12,43,6,-1.5194230889621378,6
3361,37,14,35,7,-1.523131742310598,7
3362,88,34,1,17,-1.5234508852206479,17
3363,54,29,84,16,-1.5283049599079825,13
3364,53,13,29,8,-1.5317670028644754,5
3365,46,32,107,16,-1.5343792707290005,16
3366,45,23,13,12,-1.5362814776486233,11
3367,46,25,97,13,-1.53794225986029,12
3368,60,52,51,30,-1.5379585605411297,22
3369,68,25,30,12,-1.5403579506676015,13
3370,28,85,16,45,-1.5473042950797173,40
3371,74,26,11,14,-1.5483769164487973,12
3372,111,27,16,15,-1.5488999004290869,12
3373,14,15,106,7,-1.552388543907857,8
3374,83,23,104,13,-1.5563880557352991,10
3375,30,50,86,25,-1.5573237823378576,25
3376,100,12,97,6,-1.5601199386945845,6
3377,111,14,9,7,-1.5621342613374538,7
3378,43,12,58,6,-1.565331234676389,6
3379,86,100,106,52,-1.5692663469089445,48
3380,88,58,40,31,-1.5715316879527899,27
3381,46,25,60,13,-1.5735893742532685,12
3382,90,22,55,10,-1.578656952498874,12
3383,16,60,60,31,-1.5827171720558997,29
3384,25,15,2,7,-1.5845186001024019,8
3385,40,73,7,40,-1.588804971289502,33
3386,90,10,64,5,-1.5921132093044663,5
3387,30,18,99,10,-1.5949338139614573,8
3388,43,13,70,7,-1.6071210379776915,6
3389,74,59,107,32,-1.6086403256327972,27
3390,69,20,87,11,-1.6090402907699282,9
3391,86,35,91,18,-1.6127783916757956,17
3392,51,15,29,8,-1.6168777380555197,7
3393,114,41,16,23,-1.6232837485706122,18
3394,16,18,19,9,-1.6262793527453066,9
3395,86,48,68,24,-1.6305448864752552,24
3396,96,19,39,11,-1.6315253594413601,8
3397,57,10,95,4,-1.6443605111684718,6
3398,39,10,69,5,-1.6443957977700934,5
3399,68,23,36,12,-1.6511686348202665,11
3400,3,18,28,10,-1.6573574066732153,8
3401,48,19,106,10,-1.6634533717988316,9
3402,109,13,43,7,-1.6656590774438986,6
3403,31,28,45,15,-1.6710870406691087,13
3404,63,20,112,11,-1.685445995015416,9
3405,69,18,50,8,-1.6863624004387787,10
3406,107,66,84,35,-1.6864806299862012,31
3407,23,25,51,13,-1.6961813528047356,12
3408,23,15,36,6,-1.6972875274185715,9
3409,102,16,20,8,-1.6989391239814924,8
3410,37,10,48,5,-1.703593750319215,5
3411,7,40,54,21,-1.7088310244062668,19
3412,86,42,9,23,-1.7117622661778302,19
3413,107,20,81,10,-1.7130423485236068,10
3414,40,46,9,25,-1.7148595920822798,21
3415,45,19,16,11,-1.7223541453976996,8
3416,90,36,107,18,-1.723381098959678,18
3417,45,15,63,8,-1.7260545689947928,7
3418,50,11,83,5,-1.7272952536822093,6
3419,107,31,1,16,-1.7274304042355133,15
3420,12,13,50,5,-1.7279667161947843,8
3421,20,14,93,8,-1.728558212953566,6
3422,11,14,60,7,-1.729783938603551,7
3423,75,19,70,9,-1.7314858975507368,10
3424,5,51,46,28,-1.7323776092910628,23
3425,106,19,48,10,-1.7335189393534853,9
3426,88,37,36,21,-1.7392851936744331,16
3427,23,26,8,13,-1.7400762718841147,13
3428,6,11,18,6,-1.7414584600944745,5
3429,36,33,60,17,-1.7416473627060742,16
3430,65,10,94,5,-1.7492821680796196,5
3431,51,39,53,20,-1.7493185772901758,19
3432,107,38,97,19,-1.7507246476170446,19
3433,68,31,4,16,-1.7510661926181545,15
3434,88,56,87,27,-1.7513462767543797,29
3435,20,78,86,42,-1.7515015201972068,36
3436,70,26,84,14,-1.7530345342228948,12
3437,110,11,88,5,-1.7642228121429868,6
3438,76,21,109,10,-1.7708841969163658,11
3439,16,62,104,33,-1.7780277088526335,29
3440,84,13,102,7,-1.7793224025292758,6
3441,102,24,16,13,-1.7801591114112068,11
3442,90,25,37,13,-1.7816453937181784,12
3443,28,65,8,35,-1.8060421386611965,30
3444,25,22,36,11,-1.8071440138268584,11
3445,111,18,40,9,-1.8104998545748818,9
3446,28,18,79,10,-1.8130893193426156,8
3447,109,11,71,6,-1.819641782820222,5
3448,99,13,102,7,-1.8212893413036864,6
3449,84,16,114,9,-1.8232489038137314,7
3450,114,13,44,7,-1.8263733365516708,6
3451,3,11,106,6,-1.8270221877820196,5
3452,13,29,74,15,-1.8278354237299068,14
3453,49,20,54,10,-1.8291542659227744,10
3454,57,26,86,15,-1.8322546886695215,11
3455,96,38,84,19,-1.835648682700679,19
3456,107,27,98,14,-1.8407678461542192,13
3457,17,30,13,16,-1.848338276876224,14
3458,97,22,53,12,-1.8492466822191078,10
3459,76,22,46,12,-1.8507100299988153,10
3460,86,11,6,6,-1.8539951054916275,5
3461,51,19,98,10,-1.8552094547524458,9
3462,106,61,87,31,-1.8566326197242504,30
3463,60,49,39,25,-1.8593987986836014,24
3464,5,95,37,49,-1.865428870342572,46
3465,104,34,39,18,-1.8667262407201952,16
3466,54,26,17,13,-1.867393134138254,13
3467,68,48,107,26,-1.873122748974768,22
3468,69,11,94,6,-1.8749407442851007,5
3469,79,14,8,6,-1.8787453444383126,8
3470,8,41,2,21,-1.8848654476169693,20
3471,64,23,25,12,-1.8857238852847689,11
3472,106,35,20,19,-1.890590591428699,16
3473,84,24,109,13,-1.893335137700527,11
3474,13,17,12,11,-1.8936650760132092,6
3475,55,83,8,41,-1.8965599352332858,42
3476,65,87,13,47,-1.8987319703858903,40
3477,51,25,108,13,-1.9002486171144384,12
3478,88,13,14,7,-1.902096229341472,6
3479,17,11,110,6,-1.9155371371930654,5
3480,106,32,97,16,-1.9159665785715099,16
3481,76,11,99,5,-1.9173589523208336,6
3482,41,21,70,10,-1.9198471114809519,11
3483,64,43,53,23,-1.9214578200473016,20
3484,28,25,80,13,-1.9225523112040797,12
3485,18,21,114,11,-1.923577249757447,10
3486,40,19,70,11,-1.9276789997691202,8
3487,97,14,23,7,-1.9330528734436563,7
3488,98,10,32,5,-1.9380052263831622,5
3489,104,13,110,8,-1.9388474450810558,5
3490,31,14,23,8,-1.9392936999416424,6
3491,55,20,25,11,-1.9429576796619947,9
3492,19,11,98,7,-1.9474548221717738,4
3493,64,34,36,17,-1.9485056781764598,17
3494,71,12,78,6,-1.9545808326383198,6
3495,35,11,50,6,-1.9581460146246743,5
3496,57,21,28,11,-1.9693047937293835,10
3497,48,28,28,15,-1.9716693499422207,13
3498,76,18,41,8,-1.972404836446448,10
3499,15,15,64,7,-1.974538086287131,8
3500,76,46,106,22,-1.9803869538705086,24
3501,25,38,28,22,-1.983389891159918,16
3502,4,19,53,10,-1.987694792892672,9
3503,86,55,70,30,-1.99170528882216,25
3504,50,38,13,20,-1.9937674166002943,18
3505,112,15,104,8,-1.9939359727925703,7
3506,7,24,69,12,-1.9945381002011557,12
3507,97,22,83,10,-2.007636873207568,12
3508,13,29,109,16,-2.010974217190567,13
3509,90,36,8,20,-2.01946478207178,16
3510,87,30,75,16,-2.024772500508876,14
3511,13,11,32,6,-2.026181507027533,5
3512,114,14,91,7,-2.031242634143396,7
3513,79,11,55,6,-2.0315889229013417,5
3514,63,12,58,5,-2.0345686518653676,7
3515,88,14,89,7,-2.035463499061412,7
3516,74,19,100,10,-2.0359479445815105,9
3517,39,21,12,11,-2.0360468271825893,10
3518,108,20,86,9,-2.0383331764650157,11
3519,60,24,90,14,-2.039727571926182,10
3520,51,34,18,17,-2.042743355152735,17
3521,39,31,64,17,-2.0431697239809092,14
3522,88,21,93,12,-2.047097578055207,9
3523,80,31,65,16,-2.05091984654234,15
3524,90,45,86,25,-2.0574221764428238,20
3525,63,10,82,5,-2.0779758612966877,5
3526,65,55,28,30,-2.0838082258755577,25
3527,65,47,74,24,-2.0847963525870905,23
3528,91,12,17,7,-2.0932516032559643,5
3529,8,22,97,11,-2.094799206270941,11
3530,55,34,83,17,-2.0962093979720193,17
3531,60,24,99,13,-2.100940382067204,11
3532,3,10,77,6,-2.1078393954054353,4
3533,33,12,74,6,-2.113811361821,6
3534,30,13,48,6,-2.114145406665778,7
3535,64,20,1,10,-2.116432620959366,10
3536,70,11,53,6,-2.117480208536356,5
3537,84,26,37,14,-2.1240499046478805,12
3538,43,16,35,8,-2.1256405181906706,8
3539,91,30,28,16,-2.128036121988931,14
3540,51,39,9,20,-2.14335596169476,19
3541,46,27,87,13,-2.150785198948074,14
3542,74,14,88,9,-2.16536396125082,5
3543,84,31,16,16,-2.1667249344371378,15
3544,54,75,86,39,-2.1689438842347455,36
3545,39,11,33,6,-2.1701558874520313,5
3546,93,16,84,8,-2.173203038685071,8
3547,70,26,63,14,-2.1813121472430432,12
3548,112,16,13,8,-2.186416558676373,8
3549,74,64,8,36,-2.1866220406514896,28
3550,54,10,31,5,-2.1866689261471493,5
3551,39,20,62,10,-2.1906158630571055,10
3552,76,15,84,8,-2.2084039467189505,7
3553,13,51,49,26,-2.2090696411697515,25
3554,51,11,85,5,-2.2093279940491715,6
3555,55,19,57,9,-2.210406003923328,10
3556,96,50,5,28,-2.21142719225076,22
3557,8,11,112,5,-2.214468435350456,6
3558,99,13,98,6,-2.22125816779338,7
3559,114,11,11,5,-2.2223336020983733,6
3560,33,11,88,5,-2.224220943421554,6
3561,84,16,13,9,-2.2257141105456366,7
3562,25,16,90,9,-2.226157693683706,7
3563,74,27,20,15,-2.230377352624161,12
3564,70,25,68,13,-2.2334926025833965,12
3565,104,35,87,17,-2.2393020839894078,18
3566,11,18,7,10,-2.23932059026862,8
3567,17,23,49,14,-2.240439478067099,9
3568,27,10,70,5,-2.243263258457554,5
3569,4,38,88,20,-2.24592170041755,18
3570,54,14,41,7,-2.2511014360561394,7
3571,20,13,69,7,-2.2532252345201647,6
3572,25,30,95,16,-2.25397314365567,14
3573,17,17,84,9,-2.257920350197807,8
3574,88,45,106,26,-2.2639858690375605,19
3575,96,66,28,35,-2.2674069446039327,31
3576,31,10,61,5,-2.2696136748473594,5
3577,71,16,80,8,-2.2753923838048147,8
3578,35,20,88,10,-2.2787018333731495,10
3579,114,38,63,23,-2.2836807270192585,15
3580,74,46,37,24,-2.2838690954080456,22
3581,4,13,106,6,-2.287883468044352,7
3582,45,18,114,10,-2.292094813707231,8
3583,5,24,100,13,-2.2932427434044693,11
3584,65,33,97,18,-2.294354223312199,15
3585,109,16,68,10,-2.29851232062389,6
3586,32,21,86,11,-2.2989864902239,10
3587,109,13,23,7,-2.3017906431791286,6
3588,50,12,58,6,-2.303376752943112,6
3589,84,23,46,13,-2.3117111960272374,10
3590,91,32,88,17,-2.315767764685103,15
3591,60,26,3,14,-2.3182866914035363,12
3592,102,21,104,10,-2.320627297470276,11
3593,64,23,50,12,-2.3285304422785043,11
3594,5,51,109,26,-2.3285813949081646,25
3595,53,28,25,14,-2.3301510854690832,14
3596,63,22,46,10,-2.3313756374008836,12
3597,4,17,104,10,-2.3357072159096566,7
3598,84,43,51,24,-2.3371907871269975,19
3599,50,13,6,7,-2.341492332331065,6
3600,37,58,107,31,-2.3520883092822156,27
3601,31,36,4,21,-2.3535355966794675,15
3602,49,48,39,27,-2.353804446492822,21
3603,109,14,96,8,-2.3566759619593642,6
3604,5,23,99,12,-2.3616219022642833,11
3605,39,46,63,28,-2.3626947638130464,18
3606,76,26,28,13,-2.364350304549829,13
3607,70,19,7,12,-2.364945757295021,7
3608,50,24,40,14,-2.3671440474550494,10
3609,112,19,50,11,-2.3689643473531765,8
3610,96,55,8,30,-2.3714393570924233,25
3611,68,106,7,57,-2.372479004873661,49
3612,107,40,71,23,-2.3760609676092477,17
3613,17,23,8,12,-2.380809098241683,11
3614,56,13,75,8,-2.3840139649043506,5
3615,104,25,96,14,-2.3866419839158355,11
3616,71,21,4,13,-2.3871750117365993,8
3617,95,40,104,22,-2.389034218387607,18
3618,8,12,111,6,-2.390343846489093,6
3619,87,22,83,11,-2.3903571419434884,11
3620,63,17,17,9,-2.392516388601692,8
3621,28,38,46,22,-2.3990178798165633,16
3622,8,10,56,6,-2.4000860547179794,4
3623,60,20,78,10,-2.402430835134886,10
3624,80,26,20,14,-2.4033351571638573,12
3625,69,18,9,10,-2.4050002453980612,8
3626,38,21,68,12,-2.407021082950757,9
3627,51,24,47,12,-2.4094573680997575,12
3628,93,33,8,17,-2.4111455321691304,16
3629,92,11,65,6,-2.411285975254871,5
3630,16,38,57,20,-2.4125806226483553,18
3631,39,35,71,19,-2.4158892555534424,16
3632,54,17,94,9,-2.418369665890047,8
3633,25,46,107,24,-2.4187485647838773,22
3634,13,31,20,16,-2.419232509229948,15
3635,99,11,109,6,-2.419517402501058,5
3636,28,48,87,25,-2.4310937249340157,23
3637,75,20,91,7,-2.4323694332612673,13
3638,64,37,107,19,-2.435414553814307,18
3639,106,39,55,22,-2.4381392466666045,17
3640,86,18,12,10,-2.4382543520920796,8
3641,88,31,96,16,-2.4406464912019885,15
3642,50,10,32,4,-2.4440541907162716,6
3643,28,96,86,53,-2.4596967328586916,43
3644,17,31,107,17,-2.4627488002856923,14
3645,27,10,54,5,-2.463869496934477,5
3646,69,17,74,8,-2.466497282082454,9
3647,74,40,87,22,-2.4671563114027464,18
3648,81,17,4,10,-2.467812477706327,7
3649,9,61,7,31,-2.4756046461152823,30
3650,63,44,68,23,-2.4805703758933917,21
3651,39,30,95,16,-2.481130681096556,14
3652,111,11,18,6,-2.489910872635885,5
3653,3,20,65,11,-2.4971368500383213,9
3654,109,18,37,10,-2.5010134043415313,8
3655,51,70,88,34,-2.5063635186764337,36
3656,96,37,106,21,-2.5084238105055885,16
3657,107,30,34,17,-2.5096553899166283,13
3658,55,43,75,25,-2.5125301308500276,18
3659,36,15,12,8,-2.5163199425137495,7
3660,50,32,39,17,-2.524569549657206,15
3661,55,70,13,37,-2.5251872046456105,33
3662,4,18,39,10,-2.5267698999647226,8
3663,51,45,8,24,-2.5271962911390995,21
3664,9,33,36,18,-2.527924078037467,15
3665,64,27,87,14,-2.5304532187422577,13
3666,107,27,108,14,-2.5311945782165,13
3667,60,11,111,7,-2.535604443502029,4
3668,11,35,63,21,-2.539597707853179,14
3669,16,13,52,7,-2.542332195506543,6
3670,38,20,64,11,-2.5449420802693488,9
3671,36,74,7,40,-2.54935875079736,34
3672,1,19,73,11,-2.5534291003907295,8
3673,83,16,51,10,-2.556300922595479,6
3674,63,10,83,4,-2.557624644664858,6
3675,41,45,51,24,-2.5612918082451848,21
3676,51,43,28,22,-2.5635290356109595,21
3677,87,13,92,7,-2.5651869545632544,6
3678,107,50,50,26,-2.5656690703128167,24
3679,91,11,47,6,-2.565831417578021,5
3680,3,13,69,8,-2.5732249505733895,5
3681,71,14,69,7,-2.582352607553779,7
3682,7,50,104,27,-2.5854072339864174,23
3683,62,21,87,11,-2.586304566496697,10
3684,87,25,71,13,-2.590103521421834,12
3685,109,10,1,5,-2.592960677140225,5
3686,31,23,39,13,-2.5934090452929364,10
3687,27,19,40,8,-2.5947052105553348,11
3688,13,83,68,46,-2.5976902388524796,37
3689,91,23,36,13,-2.600483205457647,10
3690,86,20,93,11,-2.6126285193850958,9
3691,40,16,11,9,-2.612795985816362,7
3692,2,13,76,8,-2.6134640032331116,5
3693,64,28,75,15,-2.614396425436705,13
3694,107,21,29,13,-2.6150940750243037,8
3695,41,12,11,8,-2.6159479780993316,4
3696,20,26,11,15,-2.6225934054521076,11
3697,57,10,27,5,-2.625816231763606,5
3698,13,85,16,47,-2.627845919438654,38
3699,11,10,15,5,-2.630075529152564,5
3700,39,30,17,17,-2.63473827504273,13
3701,114,28,54,14,-2.6355280322257006,14
3702,72,15,54,8,-2.641293556986857,7
3703,95,14,33,8,-2.6415453896084555,6
3704,107,23,85,12,-2.6429439355468864,11
3705,5,60,16,35,-2.643518445682432,25
3706,37,21,30,12,-2.6448172779185537,9
3707,86,43,23,23,-2.6484576158238538,20
3708,8,24,30,13,-2.6514132136935475,11
3709,65,48,53,25,-2.6519126498591334,23
3710,36,13,57,8,-2.653116090105381,5
3711,88,29,92,16,-2.65412565592523,13
3712,91,13,74,7,-2.658254293210725,6
3713,76,10,47,3,-2.6595736051653853,7
3714,74,25,114,13,-2.666972342657448,12
3715,75,18,95,10,-2.672802736686619,8
3716,44,17,25,9,-2.673535476281759,8
3717,107,69,51,40,-2.678545004841455,29
3718,5,25,39,13,-2.6791322172692884,12
3719,17,17,90,8,-2.680753861205159,9
3720,35,11,13,6,-2.684594978225239,5
3721,71,40,65,23,-2.6867803351656674,17
3722,88,40,11,22,-2.6877923972728404,18
3723,18,14,12,8,-2.7036570911929836,6
3724,70,16,49,8,-2.7131214221068403,8
3725,80,11,95,6,-2.7197438471090796,5
3726,28,50,11,26,-2.7199624016130106,24
3727,70,31,104,17,-2.7208109249750048,14
3728,88,53,55,31,-2.721264805593774,22
3729,30,12,9,7,-2.7296904854733155,5
3730,28,22,60,10,-2.730318562341463,12
3731,34,12,75,6,-2.7327928404854562,6
3732,106,50,65,27,-2.735321183024918,23
3733,104,22,97,11,-2.7396377781056187,11
3734,60,31,18,17,-2.759241709022921,14
3735,8,79,86,40,-2.762520741926732,39
3736,77,17,5,9,-2.7658375671945885,8
3737,40,11,38,5,-2.771552043064858,6
3738,10,11,5,5,-2.7716738654503192,6
3739,11,50,8,28,-2.78289927873935,22
3740,88,60,60,34,-2.787154341363807,26
3741,97,15,9,7,-2.7891659901703596,8
3742,47,22,16,12,-2.7903508791092206,10
3743,36,13,100,7,-2.7923934619121096,6
3744,1,26,7,14,-2.793205495238504,12
3745,114,25,4,13,-2.7973762559419417,12
3746,112,14,106,7,-2.805082024542768,7
3747,41,15,99,8,-2.808167291861728,7
3748,36,32,1,16,-2.8095303452930684,16
3749,106,33,68,18,-2.8127952198562447,15
3750,48,17,65,10,-2.813018636762518,7
3751,109,32,51,20,-2.817926639661738,12
3752,87,24,80,13,-2.819287013293175,11
3753,47,13,64,8,-2.821240379057225,5
3754,71,13,18,7,-2.821320109059578,6
3755,38,21,16,13,-2.8217292489636367,8
3756,19,10,43,6,-2.822488366427094,4
3757,23,47,107,25,-2.8244859300002187,22
3758,74,33,104,19,-2.832959821636547,14
3759,65,18,77,9,-2.836180648453273,9
3760,58,14,16,8,-2.8389435880706166,6
3761,60,12,89,6,-2.8396731138810423,6
3762,23,19,95,10,-2.8404436396815522,9
3763,104,13,23,8,-2.8445076862849517,5
3764,44,13,28,6,-2.846139863099275,7
3765,33,13,97,7,-2.8486496222061595,6
3766,18,20,74,10,-2.8496142222224696,10
3767,57,17,68,9,-2.8518699569408628,8
3768,96,16,73,9,-2.853430398009382,7
3769,99,18,51,9,-2.8534777973740635,9
3770,28,53,88,30,-2.8540426797765646,23
3771,86,48,60,26,-2.8571270629897767,22
3772,65,25,15,14,-2.862354953283159,11
3773,20,42,87,22,-2.869120615934056,20
3774,75,21,27,11,-2.8742147115996155,10
3775,60,23,63,13,-2.8746236800640066,10
3776,86,90,63,52,-2.885674460917235,38
3777,74,24,75,14,-2.8903655619324415,10
3778,78,20,68,11,-2.8969266940151783,9
3779,70,10,44,5,-2.8975248911261424,5
3780,108,13,71,7,-2.8992906212622866,6
3781,37,19,91,10,-2.9050960547005253,9
3782,84,37,87,20,-2.908877911803523,17
3783,79,15,7,8,-2.9111710091731053,7
3784,108,12,25,7,-2.9132670669268257,5
3785,106,19,102,9,-2.9207255392565092,10
3786,86,82,74,43,-2.9212877807151494,39
3787,77,20,68,11,-2.921785034678846,9
3788,100,24,8,14,-2.9246971191484055,10
3789,65,15,99,8,-2.925348959200731,7
3790,3,15,61,7,-2.93476140357165,8
3791,87,20,36,12,-2.9355732508976633,8
3792,76,17,30,10,-2.9372015853586078,7
3793,87,18,27,10,-2.9433814414019763,8
3794,40,32,41,17,-2.946728808508273,15
3795,65,20,18,10,-2.9468351166959508,10
3796,38,31,86,17,-2.9478210267751135,14
3797,8,16,80,8,-2.9519293865537106,8
3798,38,17,9,9,-2.961582849274608,8
3799,46,23,114,13,-2.9631435316072414,10
3800,57,18,25,10,-2.964934950553877,8
3801,53,11,47,6,-2.967218161853792,5
3802,37,21,2,11,-2.96975801126945,10
3803,4,32,36,19,-2.9739066740354194,13
3804,106,36,84,18,-2.9754739608250116,18
3805,51,12,6,6,-2.980948961210987,6
3806,49,24,107,12,-2.9811174657733575,12
3807,53,27,95,17,-2.981134349868032,10
3808,30,10,74,5,-2.9862406732405895,5
3809,7,25,100,14,-2.9877637593718043,11
3810,37,37,65,19,-2.9918797859979525,18
3811,18,10,27,5,-2.996654278290003,5
3812,69,11,4,6,-2.9994841766617175,5
3813,34,19,86,11,-3.0001295891069586,8
3814,34,14,96,8,-3.001763014782562,6
3815,38,19,88,12,-3.0023329742590943,7
3816,20,37,88,19,-3.003632967463921,18
3817,37,47,20,25,-3.0049852144749636,22
3818,29,16,7,7,-3.0054928601317066,9
3819,7,27,6,12,-3.013941061604383,15
3820,49,16,65,9,-3.0342561495428084,7
3821,3,10,62,6,-3.0368788868426506,4
3822,65,39,25,23,-3.0368934823131157,16
3823,43,25,51,13,-3.0407653301050264,12
3824,96,13,38,7,-3.0422152322461713,6
3825,86,42,71,22,-3.0606693617391714,20
3826,55,14,48,8,-3.0636269177668387,6
3827,25,18,71,10,-3.0644100067848146,8
3828,114,40,60,18,-3.0670908685799043,22
3829,25,30,75,17,-3.069551733540898,13
3830,41,11,74,5,-3.0735662157516845,6
3831,102,30,28,16,-3.0740911214451745,14
3832,87,14,45,8,-3.086220297325659,6
3833,107,72,13,38,-3.093612492720178,34
3834,77,27,13,15,-3.0976815832127267,12
3835,86,31,49,16,-3.0977725602373374,15
3836,91,10,64,6,-3.0993479020870796,4
3837,68,14,99,8,-3.100103615084465,6
3838,60,15,92,9,-3.101629065738581,6
3839,106,25,109,13,-3.1028448270841773,12
3840,53,26,106,13,-3.1050273222192404,13
3841,4,24,50,12,-3.1105592371369597,12
3842,17,25,25,14,-3.1106502600539105,11
3843,80,11,36,6,-3.1158574211756616,5
3844,27,10,15,5,-3.1179326913841714,5
3845,91,27,5,16,-3.121858390948631,11
3846,23,23,75,11,-3.148733601092015,12
3847,17,13,87,7,-3.155787932459329,6
3848,46,42,51,24,-3.1575361872642103,18
3849,84,85,86,44,-3.15758944772919,41
3850,82,21,86,12,-3.1586560919846263,9
3851,49,17,68,9,-3.1607693699001054,8
3852,62,17,13,9,-3.161295276739798,8
3853,74,14,90,9,-3.168061351028922,5
3854,51,48,54,26,-3.1685476843403935,22
3855,86,16,110,9,-3.1694821197260485,7
3856,60,25,106,15,-3.171261503808182,10
3857,7,32,43,19,-3.1749602918386843,13
3858,65,25,83,13,-3.1850517665827933,12
3859,50,54,37,28,-3.1883352760136074,26
3860,81,14,68,8,-3.1985312995714845,6
3861,5,49,55,27,-3.198953177181802,22
3862,39,41,36,23,-3.1998605067578225,18
3863,76,12,44,7,-3.2019945343572456,5
3864,17,28,106,17,-3.2039846830051117,11
3865,60,15,84,10,-3.2064037329190676,5
3866,31,47,60,23,-3.2094707274879264,24
3867,97,19,50,11,-3.210625734622642,8
3868,23,19,64,10,-3.2123729115980186,9
3869,100,11,9,7,-3.213107615631007,4
3870,46,24,68,13,-3.215534166643602,11
3871,28,39,55,23,-3.2184704312839756,16
3872,63,29,97,16,-3.219195053710692,13
3873,7,55,23,30,-3.222928305376168,25
3874,16,21,4,10,-3.223993814900797,11
3875,35,18,16,11,-3.2305329948687067,7
3876,87,21,2,12,-3.2308938185741103,9
3877,97,10,56,5,-3.2314262120369195,5
3878,36,49,107,26,-3.234838704648262,23
3879,8,18,68,10,-3.2434866605613224,8
3880,16,45,41,23,-3.2495789716339614,22
3881,6,15,68,9,-3.251551578791195,6
3882,25,47,114,27,-3.2540864225169766,20
3883,95,14,84,8,-3.2568961944145873,6
3884,74,24,7,15,-3.257493143792889,9
3885,95,14,76,8,-3.257651508839797,6
3886,54,56,28,31,-3.262278028179984,25
3887,7,114,13,62,-3.264302615697635,52
3888,102,12,13,8,-3.269263582511039,4
3889,93,14,70,8,-3.2714518634318708,6
3890,17,12,85,7,-3.2737777276415283,5
3891,91,11,102,6,-3.2738070744638943,5
3892,67,13,114,7,-3.274670651234843,6
3893,54,11,69,6,-3.2958233839310727,5
3894,41,22,57,13,-3.299539223302888,9
3895,5,60,104,32,-3.3007473735225057,28
3896,15,12,28,6,-3.307663426492388,6
3897,66,11,86,6,-3.309294151623436,5
3898,75,31,60,17,-3.313915862803686,14
3899,84,16,97,10,-3.316428205809935,6
3900,30,18,49,10,-3.318164342935083,8
3901,34,10,78,5,-3.3271359801886407,5
3902,17,26,28,14,-3.328116205795543,12
3903,50,19,41,11,-3.331657114556132,8
3904,54,33,80,17,-3.332215932419911,16
3905,31,22,50,12,-3.3334236876453813,10
3906,109,12,69,7,-3.3344685187765157,5
3907,76,13,71,6,-3.3359186512389036,7
3908,5,13,68,7,-3.3380294056441127,6
3909,98,20,54,11,-3.3414082574983,9
3910,33,13,75,8,-3.342736023465549,5
3911,70,47,16,27,-3.3445553948476245,20
3912,91,15,40,8,-3.345577169162442,7
3913,20,10,83,5,-3.347889825164404,5
3914,107,15,14,9,-3.3479962116917545,6
3915,70,30,88,17,-3.3524090493184286,13
3916,3,12,54,6,-3.3552278990212483,6
3917,27,48,7,26,-3.3617414996167194,22
3918,8,23,14,13,-3.3634201583462153,10
3919,97,25,54,13,-3.364815342765676,12
3920,20,17,40,10,-3.3649339637959637,7
3921,55,56,107,30,-3.369618935589803,26
3922,46,57,13,32,-3.371570102602021,25
3923,44,13,100,7,-3.3720452657314217,6
3924,98,15,73,8,-3.3800553651819163,7
3925,109,50,28,29,-3.38285741911239,21
3926,55,28,36,15,-3.383336577257353,13
3927,9,28,60,17,-3.384232112219374,11
3928,88,13,19,7,-3.3883003963549876,6
3929,55,48,39,27,-3.3894226122709816,21
3930,104,10,73,6,-3.391491099464731,4
3931,28,13,4,7,-3.3940824912486858,6
3932,17,20,68,12,-3.395638967050424,8
3933,87,29,76,17,-3.3995265465111264,12
3934,84,29,55,16,-3.4012305577969593,13
3935,98,26,104,12,-3.4091853213510745,14
3936,36,11,17,5,-3.417273645156755,6
3937,37,12,4,7,-3.4218717037755084,5
3938,25,31,102,17,-3.4382241991917164,14
3939,39,29,114,15,-3.4411172111260955,14
3940,40,58,60,32,-3.4423663485116376,26
3941,23,21,37,11,-3.4530437057487418,10
3942,5,23,33,12,-3.454327509177194,11
3943,51,49,106,27,-3.457607975311812,22
3944,17,10,77,6,-3.4626586322684796,4
3945,1,32,13,19,-3.462932922524283,13
3946,5,60,74,32,-3.4699961467083447,28
3947,16,14,73,7,-3.4738693799097957,7
3948,81,10,23,6,-3.4745303728026347,4
3949,54,57,96,29,-3.47661338595835,28
3950,18,16,55,8,-3.481046717374471,8
3951,70,20,25,11,-3.484518115943737,9
3952,71,18,12,10,-3.4874429459484335,8
3953,51,30,36,16,-3.4874600225025065,14
3954,36,13,62,7,-3.489528327052378,6
3955,114,36,97,20,-3.494809729950691,16
3956,9,26,50,15,-3.4989626487903873,11
3957,63,18,49,10,-3.500149915800845,8
3958,68,14,85,9,-3.5027894631624408,5
3959,23,16,74,9,-3.5053157619270587,7
3960,33,10,49,6,-3.5057518320537775,4
3961,104,38,8,21,-3.5073414065674897,17
3962,106,50,107,27,-3.5165007722129795,23
3963,17,11,112,6,-3.5191492672023625,5
3964,17,39,16,24,-3.519303718783672,15
3965,30,17,7,8,-3.5212250771957296,9
3966,43,18,63,10,-3.5248517337852396,8
3967,76,17,20,8,-3.5278207011714757,9
3968,25,17,93,9,-3.530039788975629,8
3969,87,28,3,16,-3.530098123744544,12
3970,7,15,44,8,-3.535266020755452,7
3971,69,26,88,15,-3.536532050456282,11
3972,36,65,40,37,-3.5400829247343655,28
3973,4,13,30,7,-3.554167963462701,6
3974,57,13,23,7,-3.554408044637194,6
3975,36,19,28,10,-3.554999615354126,9
3976,86,90,7,52,-3.5577462755235434,38
3977,33,11,64,7,-3.558110801858625,4
3978,12,17,88,9,-3.5602960386233384,8
3979,69,25,41,16,-3.5647588534800048,9
3980,3,15,81,9,-3.5653849933326986,6
3981,23,12,33,7,-3.5712223539857573,5
3982,95,10,97,6,-3.58943247133478,4
3983,71,13,58,7,-3.5901555481142533,6
3984,13,14,34,7,-3.5918746626908375,7
3985,86,108,16,61,-3.6019723438749134,47
3986,60,10,19,5,-3.605970297917165,5
3987,94,13,55,7,-3.6120696685756326,6
3988,18,19,43,9,-3.6267699505365183,10
3989,87,107,86,55,-3.6292274243498333,52
3990,69,10,6,5,-3.632252984558259,5
3991,108,11,48,7,-3.633614524897183,4
3992,108,14,75,8,-3.634090811617301,6
3993,107,72,88,41,-3.6375933381747343,31
3994,5,60,88,32,-3.63799769202775,28
3995,70,10,14,5,-3.6470421341148493,5
3996,2,19,16,11,-3.6499962386684315,8
3997,50,13,27,8,-3.6503401008022798,5
3998,65,47,23,25,-3.650632324208862,22
3999,18,11,17,5,-3.6519056838531805,6
4000,9,15,109,7,-3.6538651478462696,8
4001,32,21,107,11,-3.6546977761524695,10
4002,71,10,90,5,-3.656103603020123,5
4003,23,22,63,13,-3.656375723040438,9
4004,100,11,53,6,-3.6569500587649983,5
4005,96,33,97,17,-3.6574389351582637,16
4006,104,53,86,29,-3.66553549979236,24
4007,8,72,16,41,-3.6704581726365118,31
4008,27,12,71,7,-3.672482180614423,5
4009,68,14,101,9,-3.6742625668258904,5
4010,107,11,52,7,-3.67922282951035,4
4011,55,19,34,10,-3.680955248563573,9
4012,51,37,114,19,-3.6824882422691596,18
4013,53,48,39,27,-3.685116242956752,21
4014,40,68,13,37,-3.6903630857890595,31
4015,51,83,13,44,-3.6933949619331994,39
4016,43,17,106,9,-3.706853967971227,8
4017,5,21,15,13,-3.7147342263498238,8
4018,80,10,91,6,-3.719893539982741,4
4019,81,17,39,10,-3.728914203220536,7
4020,25,65,86,35,-3.735239092039536,30
4021,4,13,1,8,-3.7360390878519714,5
4022,40,42,53,23,-3.7429391558119995,19
4023,53,55,18,30,-3.7518428116438605,25
4024,6,16,88,9,-3.7570512530434645,7
4025,65,90,16,51,-3.773083718958,39
4026,4,19,63,11,-3.7758336578086884,8
4027,92,13,104,6,-3.7768187223532292,7
4028,93,10,7,5,-3.7802315490169662,5
4029,37,12,94,7,-3.788108137633397,5
4030,68,58,88,33,-3.7912961497995052,25
4031,107,29,91,17,-3.79517570888213,12
4032,104,13,20,8,-3.7974160411444697,5
4033,78,12,39,6,-3.805891795343841,6
4034,5,16,110,9,-3.8138584796050923,7
4035,31,18,91,11,-3.819701831167943,7
4036,18,32,86,19,-3.8203668272153477,13
4037,3,10,49,6,-3.8208441036339096,4
4038,4,21,55,11,-3.821660634263143,10
4039,64,14,44,8,-3.824222642884567,6
4040,13,24,38,12,-3.826623496126898,12
4041,66,12,60,8,-3.8266322198174065,4
4042,87,16,44,9,-3.826754946057649,7
4043,51,30,70,16,-3.8297117807076546,14
4044,87,38,30,21,-3.8298987122526276,17
4045,13,26,91,14,-3.8317482607331113,12
4046,7,26,20,14,-3.839940256500115,12
4047,13,31,63,17,-3.8403036315605172,14
4048,31,23,18,12,-3.8430258307678655,11
4049,31,11,28,6,-3.845374758093618,5
4050,111,34,65,20,-3.8475275648066676,14
4051,114,25,41,13,-3.8544949021986654,12
4052,51,16,11,8,-3.8660778701548084,8
4053,68,11,108,6,-3.86884903956731,5
4054,87,36,95,20,-3.8694007735692093,16
4055,98,13,18,6,-3.8754830902904,7
4056,108,11,30,6,-3.88226795119385,5
4057,112,11,1,5,-3.8826933985340957,6
4058,17,15,11,8,-3.886158778436342,7
4059,62,13,76,7,-3.8913968956310074,6
4060,11,44,55,26,-3.8920841591670357,18
4061,20,13,18,8,-3.8928283548315483,5
4062,47,29,7,17,-3.8974466826753917,12
4063,37,26,102,15,-3.901578428361024,11
4064,49,19,98,10,-3.906322793569991,9
4065,96,21,60,14,-3.9124280698247627,7
4066,53,16,27,10,-3.914996444269401,6
4067,86,13,89,6,-3.9174928376954097,7
4068,48,17,20,10,-3.9196076613306294,7
4069,70,38,37,22,-3.9227382855891673,16
4070,2,28,5,16,-3.923277825320168,12
4071,63,28,64,15,-3.9273689023243743,13
4072,50,11,57,7,-3.929027822248146,4
4073,16,35,97,19,-3.9340820840887147,16
4074,97,10,80,6,-3.9365866928471034,4
4075,40,11,6,6,-3.9442678680230827,5
4076,76,12,34,6,-3.9517678907570324,6
4077,104,50,88,29,-3.9536343834384904,21
4078,93,24,74,13,-3.960101768879081,11
4079,1,28,40,16,-3.9750240059769126,12
4080,14,12,96,7,-3.975747798085754,5
4081,17,17,34,10,-3.9857052585459996,7
4082,77,20,86,12,-4.007520110320655,8
4083,31,12,66,7,-4.0087548725586535,5
4084,54,36,55,19,-4.011039158800405,17
4085,110,20,8,12,-4.013172679497405,8
4086,51,44,104,27,-4.015424408222765,17
4087,114,28,102,16,-4.0171208257371775,12
4088,3,16,104,9,-4.020656220421077,7
4089,47,13,71,7,-4.030916530509354,6
4090,43,10,1,5,-4.03897671575872,5
4091,50,21,7,11,-4.045740478776831,10
4092,79,13,11,6,-4.047561716338114,7
4093,65,73,104,40,-4.0492599838057535,33
4094,40,10,32,5,-4.050021677419869,5
4095,69,27,51,16,-4.050423840769318,11
4096,38,10,34,6,-4.0610942900478735,4
4097,38,13,51,8,-4.063140921851932,5
4098,95,10,43,6,-4.0633983206079485,4
4099,17,26,7,15,-4.064887482017846,11
4100,60,38,87,20,-4.070682609249087,18
4101,86,13,29,8,-4.076984149963075,5
4102,50,22,74,12,-4.086243740312161,10
4103,19,11,36,6,-4.0885902184216905,5
4104,97,21,87,13,-4.089970328864312,8
4105,35,24,20,14,-4.098728722002913,10
4106,93,20,83,11,-4.100880722204593,9
4107,54,49,46,28,-4.121236522734486,21
4108,106,11,29,6,-4.1226863415672375,5
4109,65,22,45,11,-4.125923170388699,11
4110,104,32,76,19,-4.135711821894891,13
4111,20,11,71,7,-4.136430557393971,4
4112,69,11,11,7,-4.1379214913131195,4
4113,29,11,23,6,-4.138000210796417,5
4114,71,47,53,27,-4.141303557057988,20
4115,73,13,20,8,-4.146065391689571,5
4116,3,13,96,7,-4.14984060644092,6
4117,49,34,16,19,-4.151705373127495,15
4118,93,14,20,7,-4.154949932940618,7
4119,62,10,60,6,-4.155747625311636,4
4120,39,11,102,6,-4.16800052816911,5
4121,62,29,86,16,-4.168140003828562,13
4122,68,17,12,10,-4.176829780683943,7
4123,7,18,80,11,-4.182061930373812,7
4124,25,27,23,15,-4.182190113226027,12
4125,48,14,7,7,-4.194687020035504,7
4126,100,18,23,11,-4.197161790157007,7
4127,28,13,47,7,-4.198358496115318,6
4128,40,11,15,6,-4.201647176656486,5
4129,36,56,65,32,-4.205692860728475,24
4130,68,41,41,23,-4.207626519911899,18
4131,112,11,27,6,-4.214543381192909,5
4132,107,20,93,12,-4.219148957246671,8
4133,31,21,87,11,-4.220659397575877,10
4134,18,19,4,11,-4.220670692754493,8
4135,44,11,71,6,-4.223524348839462,5
4136,65,16,109,11,-4.2330518085976205,5
4137,1,21,60,12,-4.237560386673236,9
4138,74,12,31,7,-4.240578281890586,5
4139,34,14,106,7,-4.243674039664674,7
4140,85,12,28,7,-4.253389606053365,5
4141,80,17,104,9,-4.256665633473226,8
4142,87,33,23,20,-4.2566804889481435,13
4143,13,22,100,13,-4.266245772639935,9
4144,1,35,68,20,-4.270380790571789,15
4145,16,16,103,9,-4.27064958267566,7
4146,96,12,33,5,-4.271042933020871,7
4147,54,27,9,15,-4.272544772651764,12
4148,94,17,68,9,-4.284931423956808,8
4149,54,63,20,33,-4.290782184792433,30
4150,54,30,30,17,-4.295304900191639,13
4151,44,21,20,12,-4.299103845073811,9
4152,38,22,7,12,-4.300171500471751,10
4153,54,28,25,16,-4.300413553073274,12
4154,109,22,20,14,-4.302333411252665,8
4155,71,42,16,25,-4.3051763919274695,17
4156,52,10,50,5,-4.308197298973348,5
4157,20,19,17,11,-4.3112321942034,8
4158,17,23,97,13,-4.313428551304956,10
4159,71,14,70,7,-4.315612188206777,7
4160,40,22,4,12,-4.316643149060896,10
4161,107,41,100,21,-4.320712937035455,20
4162,37,23,98,13,-4.327931130640238,10
4163,41,19,95,11,-4.332143979792176,8
4164,22,12,60,7,-4.334241842742782,5
4165,65,29,70,18,-4.3439841796636145,11
4166,88,24,47,13,-4.347102674354305,11
4167,3,29,107,15,-4.348275972790204,14
4168,28,49,20,28,-4.349749782422694,21
4169,54,31,104,17,-4.355933806560285,14
4170,71,31,64,19,-4.35947313780117,12
4171,54,32,11,18,-4.365388363672616,14
4172,11,13,33,6,-4.365968233102095,7
4173,87,20,94,11,-4.367418143965147,9
4174,23,23,40,13,-4.36842332680331,10
4175,58,13,55,7,-4.369004483506263,6
4176,9,24,55,14,-4.371040618945101,10
4177,98,13,60,7,-4.372454949323837,6
4178,25,33,87,18,-4.379098196808543,15
4179,49,24,87,12,-4.380791657180536,12
4180,76,23,65,14,-4.385586505985179,9
4181,86,20,111,12,-4.3910837466552355,8
4182,38,32,107,19,-4.39393220007557,13
4183,64,20,114,12,-4.407773657880816,8
4184,57,12,64,7,-4.4096800085415095,5
4185,53,64,7,36,-4.416213736910661,28
4186,13,30,99,17,-4.420966828834257,13
4187,87,20,102,12,-4.423994697827658,8
4188,20,14,23,8,-4.42777867543601,6
4189,5,115,86,66,-4.430772584334585,49
4190,53,35,16,21,-4.432680586189367,14
4191,46,58,86,36,-4.433062748950475,22
4192,107,46,11,26,-4.433295300820407,20
4193,57,10,9,6,-4.4406570861085,4
4194,88,11,45,7,-4.4416566980945715,4
4195,51,24,1,13,-4.443642769643949,11
4196,20,59,107,33,-4.443744385976959,26
4197,109,15,95,9,-4.444131433700797,6
4198,37,33,13,19,-4.448467961015428,14
4199,50,42,2,24,-4.448957186147167,18
4200,31,67,7,38,-4.453212370234459,29
4201,16,44,95,24,-4.453378575583385,20
4202,73,12,50,8,-4.454782630059153,4
4203,97,11,77,7,-4.454901155383999,4
4204,64,15,49,8,-4.458412060664094,7
4205,88,43,75,25,-4.458661851679064,18
4206,98,13,78,7,-4.46380656892488,6
4207,50,15,3,8,-4.464463620895281,7
4208,13,23,57,12,-4.466490311868767,11
4209,32,18,37,10,-4.466542082918519,8
4210,57,10,91,5,-4.468260927215542,5
4211,25,31,96,17,-4.472832877552798,14
4212,107,74,65,42,-4.474316118265179,32
4213,107,33,95,18,-4.475609109265347,15
4214,11,15,93,10,-4.484686270589563,5
4215,107,96,16,59,-4.485744929408156,37
4216,27,11,55,6,-4.4890470852362,5
4217,37,15,93,9,-4.4934456656390305,6
4218,112,20,75,12,-4.4989690721071325,8
4219,43,13,17,7,-4.501405777799932,6
4220,110,13,87,8,-4.501644038521952,5
4221,54,17,78,10,-4.506577020775673,7
4222,104,10,62,7,-4.506645682517949,3
4223,69,10,80,5,-4.508733977407145,5
4224,98,21,11,11,-4.5130981495322375,10
4225,55,43,37,23,-4.516821858156877,20
4226,72,18,13,9,-4.527595256070807,9
4227,51,104,16,58,-4.529096709448028,46
4228,28,71,50,41,-4.530365152854882,30
4229,75,23,106,12,-4.532198108241345,11
4230,68,28,71,17,-4.532265816801446,11
4231,102,24,8,13,-4.537070383836358,11
4232,9,51,88,29,-4.537426821075462,22
4233,76,24,23,13,-4.537606040144393,11
4234,107,36,76,23,-4.544662386882574,13
4235,39,11,1,5,-4.548291694643937,6
4236,15,18,99,11,-4.551461310618722,7
4237,46,15,83,8,-4.551826612706302,7
4238,112,10,74,6,-4.553694289700708,4
4239,23,15,70,8,-4.554568026577778,7
4240,104,16,99,8,-4.562749239239297,8
4241,68,14,11,8,-4.569201976807364,6
4242,95,14,99,8,-4.572737764013027,6
4243,58,23,7,12,-4.575034525669345,11
4244,29,19,16,10,-4.5779794483127985,9
4245,8,30,60,16,-4.584471076654315,14
4246,96,32,50,18,-4.592653394244437,14
4247,104,62,107,36,-4.5979168367122485,26
4248,88,94,7,52,-4.598064452346123,42
4249,95,13,77,7,-4.601493224452909,6
4250,30,11,23,6,-4.601908928188203,5
4251,3,35,7,21,-4.603775118928218,14
4252,66,10,88,6,-4.60434245546846,4
4253,86,72,37,40,-4.607837359690986,32
4254,55,42,7,25,-4.609551229914398,17
4255,9,17,49,9,-4.620658268254684,8
4256,87,63,8,36,-4.620917268255847,27
4257,78,12,28,6,-4.631775731372597,6
4258,110,15,106,8,-4.633960085739299,7
4259,25,22,60,12,-4.636282806493915,10
4260,88,24,43,14,-4.636555985964769,10
4261,109,19,73,11,-4.637139105733963,8
4262,13,14,73,8,-4.6427133386229835,6
4263,16,21,6,11,-4.642825718029856,10
4264,76,24,98,14,-4.644793929693419,10
4265,96,39,63,24,-4.649023449526139,15
4266,25,15,27,8,-4.649655011418167,7
4267,60,29,30,19,-4.653426738413294,10
4268,47,15,25,8,-4.655390231832644,7
4269,100,19,28,11,-4.660885966766407,8
4270,98,14,55,9,-4.662824671110213,5
4271,64,13,80,7,-4.665596394208,6
4272,8,12,52,7,-4.669562642233976,5
4273,64,48,13,25,-4.670216629866639,23
4274,107,88,87,50,-4.672529916573878,38
4275,81,22,53,13,-4.67351225402936,9
4276,5,16,71,9,-4.686451238703376,7
4277,41,26,60,14,-4.687979614839917,12
4278,62,10,97,6,-4.689387738532959,4
4279,60,45,55,25,-4.699539635247212,20
4280,18,31,88,17,-4.699584875943505,14
4281,68,19,15,12,-4.704332289270896,7
4282,54,17,91,9,-4.708330759507745,8
4283,93,17,16,9,-4.708607420081888,8
4284,46,23,20,15,-4.708713070266484,8
4285,71,16,43,8,-4.709770232299069,8
4286,54,18,85,11,-4.710162951788781,7
4287,18,37,28,20,-4.710953949587104,17
4288,72,10,15,6,-4.7131251167737505,4
4289,12,14,74,8,-4.7158981291394015,6
4290,86,17,47,10,-4.720142586161406,7
4291,75,14,15,9,-4.7291616067808215,5
4292,46,11,6,6,-4.730994669309113,5
4293,87,56,13,34,-4.736199864166475,22
4294,46,41,8,22,-4.737192297274267,19
4295,63,30,9,17,-4.738784392770433,13
4296,3,11,97,7,-4.7402730889790226,4
4297,65,57,55,32,-4.74405737741087,25
4298,77,16,25,9,-4.745845616411638,7
4299,63,38,74,21,-4.748458787006122,17
4300,5,30,90,18,-4.752640516818982,12
4301,50,16,93,10,-4.755526241513055,6
4302,41,31,64,19,-4.758473174288668,12
4303,97,16,60,8,-4.770560692259115,8
4304,31,15,12,8,-4.770632464521183,7
4305,70,13,90,7,-4.771084444295363,6
4306,17,14,1,8,-4.774691835698866,6
4307,28,26,93,16,-4.7762193932866115,10
4308,5,12,9,7,-4.777710715122403,5
4309,50,48,87,26,-4.778093921608591,22
4310,5,33,76,19,-4.788314400539968,14
4311,1,17,9,8,-4.79405950293998,9
4312,20,13,52,8,-4.795236183864801,5
4313,9,29,8,14,-4.796436219845456,15
4314,25,11,111,6,-4.797175922879397,5
4315,96,22,75,15,-4.80138149231193,7
4316,108,13,96,7,-4.805162668071275,6
4317,106,25,2,14,-4.808494527305082,11
4318,106,12,6,7,-4.810944704219048,5
4319,8,30,83,16,-4.811627367676455,14
4320,85,11,74,6,-4.812388004493803,5
4321,68,27,23,14,-4.819829270426411,13
4322,54,15,14,10,-4.820525855929131,5
4323,86,33,100,17,-4.82070188558936,16
4324,25,19,31,10,-4.823839301099763,9
4325,67,15,8,9,-4.8319098461555825,6
4326,39,39,75,21,-4.835166255544909,18
4327,64,20,83,11,-4.840996077098241,9
4328,51,30,5,19,-4.841333405150811,11
4329,38,10,20,7,-4.844230675667009,3
4330,100,23,104,14,-4.850527098250833,9
4331,32,12,97,7,-4.851459349576838,5
4332,89,10,5,7,-4.862465640901751,3
4333,106,54,37,29,-4.865641247327304,25
4334,19,11,84,6,-4.870688517782824,5
4335,54,13,29,7,-4.871067475071608,6
4336,57,27,87,16,-4.871666288606831,11
4337,88,12,85,7,-4.873754317610231,5
4338,18,15,81,9,-4.877040041598751,6
4339,114,11,30,6,-4.882071098465157,5
4340,95,11,69,7,-4.882909765417962,4
4341,3,12,8,5,-4.887819375016217,7
4342,9,44,65,26,-4.887961308210908,18
4343,71,25,62,14,-4.888439777720532,11
4344,84,59,28,34,-4.889044052283284,25
4345,5,39,83,21,-4.890865835189012,18
4346,55,27,76,17,-4.892389867780943,10
4347,28,12,38,6,-4.907164394244693,6
4348,108,12,54,8,-4.909695920764134,4
4349,91,10,38,6,-4.918487915214837,4
4350,106,56,74,32,-4.924754963776778,24
4351,36,40,86,23,-4.927433251240003,17
4352,9,22,114,15,-4.931319071415344,7
4353,55,21,20,12,-4.931554548881413,9
4354,87,14,77,8,-4.94240192025149,6
4355,49,12,76,7,-4.943121216792114,5
4356,30,13,100,8,-4.947415784475727,5
4357,68,19,56,10,-4.94813216675333,9
4358,8,32,13,19,-4.955794878282507,13
4359,77,18,39,10,-4.961640817784316,8
4360,90,23,96,14,-4.963939687748077,9
4361,8,12,62,8,-4.964220736900479,4
4362,38,16,109,10,-4.9644619615709695,6
4363,107,49,40,30,-4.964616090179718,19
4364,51,18,14,12,-4.969794868699568,6
4365,93,11,29,6,-4.975125458266239,5
4366,15,17,23,10,-4.9841342107101605,7
4367,39,25,27,13,-4.989393098929608,12
4368,71,15,74,8,-4.993812181109021,7
4369,63,30,104,17,-4.993963037729945,13
4370,68,12,32,8,-4.994599728673894,4
4371,17,33,65,21,-4.996229787640958,12
4372,106,41,7,21,-5.003800212982272,20
4373,5,26,93,16,-5.004460526821323,10
4374,63,14,81,8,-5.016441825370757,6
4375,57,22,84,11,-5.026867760977004,11
4376,47,21,107,12,-5.028190535792003,9
4377,52,12,65,8,-5.036995856643753,4
4378,9,41,75,24,-5.040607611984742,17
4379,63,29,55,16,-5.056066807562622,13
4380,112,26,53,13,-5.062618261015588,13
4381,71,32,30,18,-5.06395312621674,14
4382,65,17,46,11,-5.06610491085495,6
4383,33,13,90,8,-5.072843762888294,5
4384,20,10,32,7,-5.08216341529211,3
4385,95,24,60,14,-5.089480392621887,10
4386,104,25,53,14,-5.094260383198605,11
4387,70,23,55,13,-5.1032220329288345,10
4388,4,18,75,11,-5.1124286444655915,7
4389,55,16,100,8,-5.1129537660427005,8
4390,58,30,40,16,-5.133397385337809,14
4391,4,12,109,7,-5.135069245647407,5
4392,3,21,36,13,-5.136055944816986,8
4393,69,12,40,8,-5.137627663794989,4
4394,51,12,35,7,-5.14727626674268,5
4395,88,15,44,8,-5.148664566159752,7
4396,9,24,106,14,-5.150083731218861,10
4397,79,13,63,8,-5.150156389678723,5
4398,50,28,76,18,-5.1519660961300575,10
4399,63,54,8,30,-5.156454172512432,24
4400,39,14,111,8,-5.158992286191917,6
4401,5,12,67,7,-5.159840528973067,5
4402,56,11,91,6,-5.160182814393273,5
4403,47,26,75,17,-5.17693162231529,9
4404,65,32,64,18,-5.182122584236016,14
4405,97,17,75,10,-5.183439015487436,7
4406,51,24,4,15,-5.183921696313045,9
4407,7,100,16,57,-5.189537370049018,43
4408,113,13,40,8,-5.193726392686624,5
4409,89,15,41,9,-5.196780511481055,6
4410,91,12,33,6,-5.213867650447791,6
4411,107,18,94,12,-5.214007083771622,6
4412,37,22,40,12,-5.218981261850287,10
4413,106,54,54,29,-5.222938310920249,25
4414,5,11,35,6,-5.226534281744142,5
4415,96,37,20,22,-5.229501973456112,15
4416,112,17,88,10,-5.231027938888665,7
4417,104,19,15,11,-5.23540400775586,8
4418,25,21,91,12,-5.23677892954369,9
4419,14,15,65,8,-5.239230657167625,7
4420,40,15,98,8,-5.239271076053038,7
4421,40,26,25,15,-5.242222631716463,11
4422,31,11,35,6,-5.255104723881262,5
4423,62,24,107,12,-5.261786874758227,12
4424,92,11,28,7,-5.266199037582341,4
4425,109,32,88,19,-5.272527791460708,13
4426,84,17,34,9,-5.275708217424672,8
4427,88,11,56,6,-5.280224334897691,5
4428,28,19,14,12,-5.2887953454841945,7
4429,51,22,57,12,-5.291174241941059,10
4430,86,21,99,13,-5.291638236148403,8
4431,35,11,30,6,-5.293385259461386,5
4432,22,12,109,7,-5.3030018855523124,5
4433,55,25,111,15,-5.307717141421055,10
4434,49,13,28,7,-5.31428031912519,6
4435,96,16,85,11,-5.314304637448896,5
4436,60,15,61,8,-5.316729344745585,7
4437,9,45,107,25,-5.322061725590964,20
4438,13,19,26,12,-5.323421758702902,7
4439,102,14,97,9,-5.335160623731844,5
4440,55,32,80,17,-5.338178788284693,15
4441,88,86,86,50,-5.345596536414867,36
4442,65,18,62,10,-5.345755023288058,8
4443,97,35,7,19,-5.356987360153851,16
4444,63,30,75,17,-5.362343223381898,13
4445,8,21,64,13,-5.374033093425483,8
4446,90,31,54,18,-5.397442007333916,13
4447,64,10,84,7,-5.40179307430533,3
4448,66,11,9,6,-5.404825557202403,5
4449,58,11,4,7,-5.405037105567146,4
4450,37,11,49,6,-5.405793666619149,5
4451,65,65,87,39,-5.421192101641339,26
4452,18,18,91,11,-5.437015235679075,7
4453,68,52,16,32,-5.441952996669665,20
4454,51,11,93,6,-5.442643801494352,5
4455,57,18,97,10,-5.45235309786646,8
4456,71,43,75,27,-5.454468163058883,16
4457,68,11,80,7,-5.466227321340817,4
4458,16,45,30,26,-5.468284983481221,19
4459,75,10,14,6,-5.479308338136782,4
4460,86,65,11,37,-5.481668593343347,28
4461,70,23,114,14,-5.484820175107314,9
4462,69,12,47,7,-5.485890015271257,5
4463,40,49,65,28,-5.488110460552834,21
4464,54,20,15,11,-5.491526659354752,9
4465,62,10,18,6,-5.493140482819633,4
4466,102,10,67,6,-5.497246561771841,4
4467,62,11,49,7,-5.504794732699013,4
4468,75,40,18,23,-5.507084301877023,17
4469,109,13,32,7,-5.508051897308618,6
4470,83,19,95,12,-5.510188596504647,7
4471,9,35,28,19,-5.51465148212954,16
4472,37,59,87,35,-5.516733087496061,24
4473,20,10,62,6,-5.517288163699186,4
4474,7,33,28,20,-5.522079859732704,13
4475,57,24,88,13,-5.524909922819241,11
4476,102,14,33,8,-5.525239013163607,6
4477,88,23,30,12,-5.525413582454541,11
4478,68,45,114,26,-5.528966703625285,19
4479,68,30,54,18,-5.5293608762892505,12
4480,23,31,106,16,-5.535479536227777,15
4481,30,12,15,7,-5.538463534767753,5
4482,107,21,15,14,-5.539272924336071,7
4483,69,26,65,15,-5.540534749641235,11
4484,84,16,75,9,-5.542746956131477,7
4485,75,51,86,28,-5.544222274149607,23
4486,2,22,20,13,-5.544865436021075,9
4487,84,18,25,11,-5.5466876181289715,7
4488,31,53,36,30,-5.548564460468652,23
4489,25,41,8,25,-5.550067480025435,16
4490,4,11,46,6,-5.55622187464566,5
4491,95,10,31,6,-5.5581891593402775,4
4492,10,11,63,7,-5.56040496031845,4
4493,104,60,37,36,-5.5634752610620195,24
4494,11,26,76,16,-5.5694789783630885,10
4495,69,11,42,6,-5.570250078296482,5
4496,94,13,39,8,-5.582337685105467,5
4497,68,21,62,12,-5.5910040455918875,9
4498,63,11,99,6,-5.5958077337997105,5
4499,98,17,70,11,-5.604121247592223,6
4500,18,13,38,7,-5.6081144260834686,6
4501,43,14,27,7,-5.609839390205424,7
4502,50,15,100,9,-5.612526049660052,6
4503,90,14,30,8,-5.614315415339312,6
4504,3,22,114,14,-5.6169459155328765,8
4505,50,48,16,28,-5.617696720442926,20
4506,50,26,95,15,-5.619957219349124,11
4507,17,21,5,14,-5.625033929201381,7
4508,73,28,86,15,-5.62531345595925,13
4509,51,46,75,26,-5.632745764536369,20
4510,62,13,100,7,-5.633802134766736,6
4511,11,10,85,6,-5.636472097896451,4
4512,98,14,108,8,-5.640790264148575,6
4513,74,23,73,14,-5.649045009007229,9
4514,97,13,39,8,-5.649731064357227,5
4515,97,10,4,6,-5.649870700339136,4
4516,29,13,112,7,-5.652235424993052,6
4517,61,13,9,8,-5.652969843590385,5
4518,68,12,43,7,-5.661402151081362,5
4519,88,41,23,26,-5.662482081944023,15
4520,82,11,54,7,-5.66427830231393,4
4521,37,48,16,28,-5.664774565241773,20
4522,99,31,16,18,-5.66581833704302,13
4523,37,39,75,25,-5.670197882049106,14
4524,25,10,94,5,-5.671887186214519,5
4525,12,11,54,6,-5.67450373056912,5
4526,95,10,102,6,-5.68531996234082,4
4527,38,23,63,15,-5.685369937239837,8
4528,55,25,30,15,-5.686463879094617,10
4529,5,46,106,28,-5.689619439430468,18
4530,43,10,23,6,-5.689859175567735,4
4531,32,10,70,5,-5.692479372096212,5
4532,62,17,53,10,-5.701449545318568,7
4533,102,10,23,6,-5.716053822653882,4
4534,37,18,41,11,-5.716493275276267,7
4535,12,10,6,5,-5.722414314921584,5
4536,17,13,98,7,-5.72342530511381,6
4537,51,26,25,15,-5.726135112848949,11
4538,48,20,11,12,-5.726887293490206,8
4539,9,14,45,9,-5.727853500458989,5
4540,25,48,13,26,-5.729332953997916,22
4541,106,42,25,26,-5.737688222420908,16
4542,77,12,36,7,-5.751140829309579,5
4543,47,13,23,8,-5.7551420632928085,5
4544,53,13,58,6,-5.756559382638664,7
4545,19,11,112,7,-5.767630336632137,4
4546,35,19,11,11,-5.768399159544,8
4547,43,10,15,6,-5.792521091011201,4
4548,63,26,98,15,-5.795644107915215,11
4549,55,28,74,16,-5.797157459674131,12
4550,64,45,7,25,-5.8010614589687695,20
4551,51,32,27,20,-5.804553521558319,12
4552,13,48,71,27,-5.80513252623681,21
4553,62,38,16,24,-5.806515303304726,14
4554,20,13,79,8,-5.810117746469,5
4555,106,28,80,17,-5.812470547213422,11
4556,49,10,100,5,-5.813425744151518,5
4557,5,16,40,9,-5.82052725169565,7
4558,18,12,3,8,-5.832827231063856,4
4559,87,13,58,8,-5.838329621055198,5
4560,46,37,74,23,-5.850135921281392,14
4561,55,37,104,22,-5.856904127783748,15
4562,112,20,7,12,-5.863389950487481,8
4563,7,17,34,10,-5.863504951401834,7
4564,95,36,54,20,-5.865979569344108,16
4565,9,17,62,10,-5.866001447424248,7
4566,36,12,46,7,-5.88209418081934,5
4567,51,34,64,20,-5.888421423830697,14
4568,34,19,109,11,-5.8910600256239505,8
4569,84,34,74,18,-5.89139952158172,16
4570,1,12,46,6,-5.891865749051654,6
4571,107,17,6,10,-5.906261036560345,7
4572,68,55,39,31,-5.907725939188766,24
4573,45,15,41,10,-5.914462706154762,5
4574,63,10,93,6,-5.917563250275586,4
4575,114,20,73,12,-5.924435121305104,8
4576,63,45,37,27,-5.933785173114153,18
4577,40,13,112,7,-5.934161105944305,6
4578,28,50,104,29,-5.9417102215711495,21
4579,43,15,41,9,-5.943674988011268,6
4580,53,15,28,9,-5.945744364633271,6
4581,7,15,33,8,-5.9471342175078945,7
4582,14,12,39,7,-5.9475481477923315,5
4583,10,12,97,6,-5.950831581917707,6
4584,17,34,86,18,-5.961143965020202,16
4585,53,52,68,31,-5.964244334939566,21
4586,38,10,12,6,-5.966686013029675,4
4587,40,18,97,11,-5.966918416140385,7
4588,18,20,64,12,-5.974775055211904,8
4589,27,12,74,6,-5.991317096712257,6
4590,31,25,114,14,-5.9918765203954925,11
4591,100,19,37,12,-6.000890669706825,7
4592,17,14,100,10,-6.011059679512768,4
4593,17,10,99,6,-6.011623328938978,4
4594,81,18,15,10,-6.020952084821453,8
4595,7,11,85,7,-6.023882130639264,4
4596,46,20,95,12,-6.027785407812037,8
4597,50,17,91,11,-6.027790824025908,6
4598,86,38,64,22,-6.0307653391474,16
4599,79,20,16,12,-6.030959275561986,8
4600,31,31,75,17,-6.03348213428737,14
4601,98,24,7,15,-6.033686003781978,9
4602,32,16,8,9,-6.041444852098721,7
4603,18,24,63,15,-6.046455003215171,9
4604,63,19,90,11,-6.053395439788755,8
4605,28,18,23,10,-6.0662027716624305,8
4606,41,27,23,16,-6.068042449918635,11
4607,48,14,74,7,-6.068043245358376,7
4608,69,10,55,6,-6.075582313218194,4
4609,20,29,70,18,-6.0805113791791925,11
4610,3,16,64,10,-6.081103034121079,6
4611,108,10,79,7,-6.083927302918585,3
4612,107,23,111,12,-6.08814286411973,11
4613,16,12,85,8,-6.107616384074388,4
4614,7,12,90,7,-6.108519045195329,5
4615,29,18,39,10,-6.11667916860653,8
4616,31,13,81,9,-6.1171597913254026,4
4617,39,55,86,31,-6.121359669303699,24
4618,88,35,25,23,-6.12387967695023,12
4619,97,24,55,15,-6.128965912516969,9
4620,48,10,23,6,-6.136507124451631,4
4621,46,14,109,8,-6.137839688733693,6
4622,63,16,78,8,-6.142144937717797,8
4623,39,48,40,29,-6.1478732659202615,19
4624,112,15,31,10,-6.149641402394962,5
4625,89,10,63,7,-6.159771716986654,3
4626,36,47,13,29,-6.167141158071527,18
4627,20,45,65,28,-6.17102810501078,17
4628,76,23,97,13,-6.171425808149793,10
4629,35,14,55,8,-6.18171019735336,6
4630,71,12,91,7,-6.18747414228945,5
4631,2,28,63,16,-6.200018491851487,12
4632,70,28,74,15,-6.203999405338755,13
4633,84,15,35,9,-6.209299301194262,6
4634,39,24,46,12,-6.210468155976945,12
4635,6,15,65,9,-6.216451840954274,6
4636,68,12,72,7,-6.2229147971092145,5
4637,6,17,13,10,-6.2267295430039455,7
4638,29,15,28,9,-6.228934107057336,6
4639,50,41,104,25,-6.230364171354916,16
4640,5,17,43,10,-6.250727481432203,7
4641,87,18,108,11,-6.262008842945725,7
4642,39,22,92,12,-6.263991845659126,10
4643,95,12,15,7,-6.265255655621161,5
4644,96,11,69,7,-6.268969865653717,4
4645,5,45,20,28,-6.270373633442783,17
4646,30,19,20,11,-6.270512840524559,8
4647,4,21,86,13,-6.2794844995496994,8
4648,41,28,87,17,-6.282239020662331,11
4649,102,11,41,7,-6.282861273718874,4
4650,92,12,16,9,-6.284475222709882,3
4651,64,16,70,11,-6.2860092045587415,5
4652,114,17,23,11,-6.291790840234865,6
4653,83,16,39,10,-6.297771796270442,6
4654,55,13,29,8,-6.301089833667023,5
4655,16,40,20,26,-6.318333724670657,14
4656,60,12,80,7,-6.326591453694461,5
4657,112,14,54,9,-6.326711825622494,5
4658,94,18,13,11,-6.333471224988879,7
4659,111,10,81,7,-6.333917467029675,3
4660,104,40,40,25,-6.3350568236152025,15
4661,87,82,16,48,-6.337926832965373,34
4662,40,22,62,11,-6.340588914856938,11
4663,69,23,107,14,-6.34176551067775,9
4664,83,29,86,19,-6.342700324127685,10
4665,87,16,15,9,-6.3463488110906745,7
4666,112,15,51,9,-6.350376289921741,6
4667,27,13,92,7,-6.356396578041118,6
4668,28,15,41,9,-6.359689551305938,6
4669,56,21,7,12,-6.361794853449643,9
4670,43,11,57,8,-6.37341690737889,3
4671,69,12,81,7,-6.376661023241456,5
4672,88,60,65,38,-6.390098566074339,22
4673,51,30,20,16,-6.3907803506271055,14
4674,3,15,12,10,-6.402054212959599,5
4675,77,13,106,7,-6.407119934187455,6
4676,77,19,107,11,-6.4169470483546815,8
4677,33,16,40,11,-6.427211772717695,5
4678,39,22,100,13,-6.432511887302127,9
4679,109,20,41,13,-6.432688342356182,7
4680,87,20,4,13,-6.445923142452617,7
4681,86,31,69,18,-6.447204277363733,13
4682,3,24,16,15,-6.451606842565653,9
4683,28,10,6,6,-6.452419128804086,4
4684,86,30,27,19,-6.453315924089684,11
4685,41,10,29,6,-6.453681453868415,4
4686,87,25,90,15,-6.454852453391627,10
4687,112,30,86,18,-6.458697068748916,12
4688,29,13,70,7,-6.465173609286503,6
4689,84,18,98,12,-6.475666713551258,6
4690,9,20,70,13,-6.477071321597405,7
4691,68,18,20,10,-6.489643733297491,8
4692,104,10,48,6,-6.493358473776669,4
4693,54,20,1,12,-6.4933945511101445,8
4694,108,21,16,13,-6.502477858846357,8
4695,39,78,16,46,-6.5210913868223725,32
4696,28,15,35,8,-6.525585250622974,7
4697,81,29,86,20,-6.532482502137965,9
4698,55,10,49,6,-6.541972088163769,4
4699,70,58,54,35,-6.543056803225656,23
4700,18,21,77,14,-6.545250800191178,7
4701,27,29,16,18,-6.548968077490891,11
4702,68,18,58,11,-6.553002087451514,7
4703,53,44,107,27,-6.556157644451659,17
4704,25,37,104,21,-6.567754121461538,16
4705,114,26,53,15,-6.571088082289226,11
4706,38,25,39,15,-6.576359256983345,10
4707,43,40,13,22,-6.584602401444724,18
4708,96,28,65,16,-6.593487230396348,12
4709,30,16,34,10,-6.601140375094156,6
4710,64,21,55,14,-6.604925944972096,7
4711,81,18,71,11,-6.61709770119633,7
4712,75,10,85,7,-6.619293441212882,3
4713,9,14,74,9,-6.620459467868888,5
4714,5,48,25,29,-6.626414170343123,19
4715,37,22,39,13,-6.632156694863052,9
4716,65,30,4,18,-6.635600395573753,12
4717,17,10,72,6,-6.642338096334112,4
4718,5,26,32,16,-6.6474470604519045,10
4719,114,15,76,10,-6.653911993113485,5
4720,37,19,71,11,-6.65399605348867,8
4721,87,13,12,8,-6.654704325795005,5
4722,88,74,54,44,-6.654867228993362,30
4723,71,11,83,6,-6.6562053803338666,5
4724,13,13,14,9,-6.663851771345143,4
4725,88,36,27,20,-6.672694825026895,16
4726,55,68,16,43,-6.67390774153019,25
4727,62,18,7,11,-6.690218008322474,7
4728,106,11,111,8,-6.697425895741327,3
4729,71,24,28,15,-6.697570308642472,9
4730,74,15,83,8,-6.703298030488857,7
4731,12,21,60,10,-6.704537300087495,11
4732,109,25,107,16,-6.707778229737098,9
4733,97,35,28,22,-6.716635909782018,13
4734,3,30,13,20,-6.716672045711123,10
4735,32,10,65,6,-6.718474357729474,4
4736,95,11,100,6,-6.722166987268522,5
4737,98,11,27,6,-6.722224921815258,5
4738,95,13,14,8,-6.731405281187272,5
4739,96,38,74,24,-6.731828732252354,14
4740,78,14,40,10,-6.732885786530082,4
4741,48,25,84,16,-6.740791105108492,9
4742,63,18,100,10,-6.742683547587138,8
4743,71,10,94,6,-6.748460655059317,4
4744,18,19,30,11,-6.749976540021853,8
4745,90,13,53,8,-6.752088210585149,5
4746,94,15,86,9,-6.7534489977261485,6
4747,23,43,13,24,-6.759962036733637,19
4748,107,23,33,13,-6.763493299081546,10
4749,19,11,38,8,-6.772394939740198,3
4750,108,10,81,6,-6.778588424753946,4
4751,27,14,6,8,-6.780540737481573,6
4752,51,81,39,48,-6.781026894224875,33
4753,87,16,1,9,-6.782771040032775,7
4754,31,10,55,6,-6.798197972656263,4
4755,71,10,49,6,-6.8003776926672845,4
4756,45,18,60,10,-6.802248227913869,8
4757,114,16,100,10,-6.806713890734191,6
4758,96,20,51,12,-6.8091583197949745,8
4759,9,14,25,9,-6.810304163725227,5
4760,6,21,44,14,-6.81356281665085,7
4761,4,13,56,7,-6.816273515879698,6
4762,86,40,98,23,-6.818936598158919,17
4763,104,22,30,12,-6.820606807560422,10
4764,66,14,65,9,-6.821265394674894,5
4765,31,69,68,41,-6.8216343585610195,28
4766,78,28,86,17,-6.822056261466189,11
4767,68,10,89,6,-6.826893879643049,4
4768,46,20,7,13,-6.8293660676717325,7
4769,106,25,95,16,-6.830338155584793,9
4770,96,14,78,9,-6.830515928543477,5
4771,96,80,86,49,-6.839782165020976,31
4772,51,99,7,62,-6.849475435937795,37
4773,95,29,13,17,-6.852052215706936,12
4774,96,19,114,12,-6.857320738328298,7
4775,4,43,60,24,-6.864343045215706,19
4776,99,15,106,10,-6.882359612487446,5
4777,5,47,114,28,-6.885144276646174,19
4778,65,22,90,12,-6.887045978873849,10
4779,88,16,76,9,-6.891817282335724,7
4780,1,13,15,8,-6.8943933606488015,5
4781,53,10,49,6,-6.90781300095477,4
4782,54,25,93,16,-6.919601882693421,9
4783,30,19,75,11,-6.923427737676235,8
4784,88,12,99,7,-6.939131232028662,5
4785,43,18,100,10,-6.945332357815133,8
4786,38,11,2,6,-6.952650087165873,5
4787,104,18,32,12,-6.959225086389547,6
4788,36,34,16,21,-6.96230955324868,13
4789,97,23,18,14,-6.965163575719862,9
4790,33,17,8,11,-6.9756022430017754,6
4791,57,20,11,11,-6.983907364905458,9
4792,55,20,17,11,-6.987444025974705,9
4793,13,23,111,13,-6.988942249892523,10
4794,1,19,114,12,-6.990089974683046,7
4795,5,15,62,9,-6.9927087595973925,6
4796,48,13,80,9,-6.99747900943173,4
4797,98,30,91,18,-7.00578119436403,12
4798,45,15,35,8,-7.020124866610042,7
4799,53,27,87,15,-7.0226395127694765,12
4800,40,15,95,9,-7.026458120737084,6
4801,18,16,100,9,-7.026565168419708,7
4802,64,31,16,20,-7.027713443588521,11
4803,51,15,62,9,-7.028758985101916,6
4804,112,15,41,9,-7.039515078376401,6
4805,73,16,65,10,-7.056062739811477,6
4806,36,18,99,12,-7.061516094995873,6
4807,25,21,100,12,-7.062312436550092,9
4808,49,14,50,8,-7.064134383315742,6
4809,98,14,102,8,-7.075813129571892,6
4810,70,35,28,21,-7.078735797739843,14
4811,62,20,28,12,-7.086204539456472,8
4812,19,16,68,9,-7.090473719692582,7
4813,10,10,11,6,-7.092215172488676,4
4814,88,107,16,67,-7.117763950215657,40
4815,107,12,67,8,-7.124134838046419,4
4816,3,23,88,14,-7.12663205785296,9
4817,67,11,88,8,-7.127393540580368,3
4818,48,32,63,20,-7.1299692009467925,12
4819,107,57,75,39,-7.131800392099847,18
4820,54,58,63,36,-7.1339646628869025,22
4821,91,27,87,17,-7.142016410462964,10
4822,55,50,40,31,-7.142420946012767,19
4823,60,17,5,11,-7.144002600647478,6
4824,37,14,29,8,-7.14724630286853,6
4825,84,18,38,10,-7.154125748328735,8
4826,14,14,86,8,-7.166696838482464,6
4827,112,16,36,10,-7.175574629533439,6
4828,63,20,27,11,-7.19472225275396,9
4829,13,32,81,20,-7.194897673585073,12
4830,51,12,48,6,-7.20224130205775,6
4831,40,20,35,13,-7.223846117897835,7
4832,106,60,13,37,-7.224822308695077,23
4833,62,16,54,10,-7.236680580960736,6
4834,81,14,114,8,-7.238705590547008,6
4835,40,27,114,18,-7.240772461331045,9
4836,75,10,20,6,-7.241047227766171,4
4837,40,32,54,19,-7.243609732204197,13
4838,5,14,31,9,-7.246607645789562,5
4839,41,21,20,12,-7.246750485082598,9
4840,15,11,49,7,-7.248095103585943,4
4841,90,13,46,8,-7.250761878801305,5
4842,93,12,98,7,-7.251352809271133,5
4843,81,19,75,12,-7.259552889264539,7
4844,69,31,13,19,-7.264804290539711,12
4845,98,17,20,11,-7.267496359610283,6
4846,70,16,110,10,-7.267896542251016,6
4847,96,10,62,7,-7.268496266352443,3
4848,57,13,106,7,-7.272492874678534,6
4849,68,20,55,13,-7.273979151335479,7
4850,13,42,114,23,-7.284350704257173,19
4851,98,20,13,13,-7.284404613166717,7
4852,29,16,97,10,-7.284915525257297,6
4853,40,31,43,18,-7.287691070183636,13
4854,65,55,51,35,-7.289610971438152,20
4855,61,11,47,7,-7.295405799949464,4
4856,9,17,17,10,-7.295940921809663,7
4857,91,41,16,27,-7.309347152714906,14
4858,106,24,39,14,-7.312269199982411,10
4859,55,26,109,14,-7.3182997081126135,12
4860,65,23,1,13,-7.319832649719675,10
4861,5,42,70,25,-7.323141246130922,17
4862,107,32,2,20,-7.328844122982543,12
4863,68,26,97,16,-7.331657709218834,10
4864,2,16,75,9,-7.332326563651874,7
4865,8,25,73,15,-7.3587900254771785,10
4866,23,13,49,8,-7.360298065336568,5
4867,61,18,53,12,-7.3640960284192225,6
4868,114,10,77,6,-7.365477220397804,4
4869,33,16,25,11,-7.36592627296452,5
4870,80,14,31,10,-7.367135464628977,4
4871,74,15,34,10,-7.367415754617588,5
4872,54,35,13,22,-7.373225396669802,13
4873,71,10,73,6,-7.373234065194552,4
4874,16,50,75,30,-7.388425679021318,20
4875,5,10,1,6,-7.391988711274882,4
4876,65,22,38,12,-7.3978293950527565,10
4877,46,41,37,27,-7.398384968299376,14
4878,19,11,64,8,-7.409166426273504,3
4879,68,11,29,7,-7.409353661857099,4
4880,41,34,36,18,-7.412500474371831,16
4881,91,19,8,12,-7.416456742894205,7
4882,76,20,112,11,-7.420620932537434,9
4883,109,44,54,28,-7.42149631612999,16
4884,87,49,7,31,-7.4314438134316605,18
4885,43,17,64,10,-7.438967254563773,7
4886,84,28,8,18,-7.447150756775401,10
4887,75,30,46,18,-7.449361290092636,12
4888,97,53,86,32,-7.453774682156136,21
4889,110,21,37,12,-7.457046552670356,9
4890,53,12,45,7,-7.463487107897495,5
4891,31,37,64,23,-7.4738922265185375,14
4892,43,32,16,21,-7.4754066874217795,11
4893,63,15,108,9,-7.475559971035059,6
4894,36,14,70,8,-7.476080415111231,6
4895,89,10,48,7,-7.47675761274391,3
4896,96,11,41,8,-7.480521636982391,3
4897,29,10,64,7,-7.494394888436804,3
4898,60,30,54,19,-7.494934117874264,11
4899,107,19,78,12,-7.5091526406043005,7
4900,50,13,15,8,-7.509982415529958,5
4901,12,19,53,11,-7.511441486905761,8
4902,76,25,16,13,-7.512035601002999,12
4903,77,18,55,11,-7.520653437888105,7
4904,55,11,6,8,-7.526848268362213,3
4905,33,20,51,14,-7.541152096210821,6
4906,43,14,3,9,-7.555171817755039,5
4907,74,21,102,13,-7.5623629094952465,8
4908,5,14,34,10,-7.5706698448560905,4
4909,66,18,107,11,-7.57118010681632,7
4910,20,21,91,12,-7.573934817025565,9
4911,77,12,46,7,-7.574271980014295,5
4912,114,31,28,18,-7.584853881328922,13
4913,36,10,72,6,-7.585561627806541,4
4914,88,18,58,11,-7.5880987725104365,7
4915,36,20,18,12,-7.59490287850123,8
4916,91,13,23,7,-7.630492751883035,6
4917,80,22,96,14,-7.6325568595370585,8
4918,43,33,107,21,-7.633857276455769,12
4919,5,29,97,19,-7.639418302115126,10
4920,88,20,108,13,-7.642505031143239,7
4921,60,11,70,7,-7.646435749026202,4
4922,31,13,33,7,-7.647223417443056,6
4923,96,24,37,14,-7.66584492569651,10
4924,38,29,37,18,-7.668156637885105,11
4925,11,32,5,20,-7.6874421575338765,12
4926,7,25,111,15,-7.6903234257719815,10
4927,20,35,39,20,-7.691469595920376,15
4928,11,11,64,8,-7.699861982788658,3
4929,77,15,41,10,-7.700447698799745,5
4930,64,13,46,8,-7.70178518963715,5
4931,87,44,68,27,-7.713445601645925,17
4932,65,40,30,25,-7.715483969963989,15
4933,84,19,85,13,-7.728375933674782,6
4934,16,18,110,11,-7.733031798865923,7
4935,52,10,63,6,-7.736846011905837,4
4936,87,18,78,10,-7.738249145100052,8
4937,84,11,44,6,-7.741464370739851,5
4938,54,13,73,8,-7.746921178252214,5
4939,25,49,37,29,-7.755599308877523,20
4940,73,11,53,7,-7.756297558195456,4
4941,18,22,50,13,-7.75840176806416,9
4942,86,14,10,8,-7.764445720347282,6
4943,29,11,46,5,-7.7647643110174815,6
4944,39,23,57,14,-7.767705201432489,9
4945,81,15,41,10,-7.770221546669878,5
4946,114,14,92,10,-7.774797164908212,4
4947,18,28,68,17,-7.775566947501909,11
4948,111,10,47,6,-7.786638633209642,4
4949,48,15,50,10,-7.798532000224026,5
4950,110,12,114,8,-7.80031681097971,4
4951,49,21,75,13,-7.802050873504806,8
4952,40,36,87,21,-7.816149468605837,15
4953,46,46,25,27,-7.8204011950255445,19
4954,98,17,8,11,-7.832264077196576,6
4955,2,11,7,7,-7.836909370766421,4
4956,68,65,40,42,-7.838614763228133,23
4957,109,19,53,12,-7.841205358929898,7
4958,69,13,104,9,-7.84643581421697,4
4959,91,26,106,17,-7.859341034872017,9
4960,35,12,44,7,-7.859665557157517,5
4961,90,25,114,15,-7.8701656835045455,10
4962,23,17,55,9,-7.8715706098888365,8
4963,81,24,60,15,-7.879588509675568,9
4964,108,11,76,7,-7.890267325318873,4
4965,31,11,78,6,-7.904414780494012,5
4966,38,13,71,9,-7.906029048659733,4
4967,102,20,57,12,-7.906650367160248,8
4968,82,10,88,6,-7.9125780836424955,4
4969,18,22,54,13,-7.917650548154778,9
4970,20,16,33,10,-7.9280624383644875,6
4971,64,12,77,6,-7.928282722369054,6
4972,34,10,18,7,-7.93407311360503,3
4973,77,13,27,8,-7.939137496569419,5
4974,87,17,73,12,-7.94220715025842,5
4975,19,15,87,9,-7.943589688548751,6
4976,53,12,89,7,-7.949973026478008,5
4977,5,25,65,15,-7.967561696591303,10
4978,4,12,12,8,-7.976222296376226,4
4979,39,31,84,19,-7.9765097082554295,12
4980,84,28,5,17,-7.986435375626319,11
4981,70,16,13,10,-7.990308468406848,6
4982,96,19,102,12,-7.995631160966494,7
4983,25,12,48,7,-8.01244102921806,5
4984,9,11,35,6,-8.012816785902407,5
4985,50,41,75,27,-8.02466935745211,14
4986,13,26,108,17,-8.028546837864384,9
4987,27,16,37,10,-8.030406858059436,6
4988,107,26,58,17,-8.037629940895535,9
4989,51,87,86,51,-8.048542782559926,36
4990,12,11,9,7,-8.058955245687951,4
4991,91,15,51,10,-8.060157448942936,5
4992,46,13,53,8,-8.064750592390654,5
4993,97,16,110,10,-8.077466293642948,6
4994,5,61,8,37,-8.080732178020163,24
4995,10,15,7,9,-8.086365440359023,6
4996,27,13,49,8,-8.087391629783898,5
4997,50,30,60,17,-8.087484578525556,13
4998,46,16,30,10,-8.098498106037622,6
4999,7,31,45,19,-8.09975676882742,12
5000,88,19,100,12,-8.116464062015531,7
5001,107,10,26,6,-8.136960920766814,4
5002,112,10,4,6,-8.145974306589782,4
5003,63,65,16,40,-8.146976419258557,25
5004,112,16,18,11,-8.155957753880717,5
5005,61,12,107,7,-8.157075963099336,5
5006,76,38,86,24,-8.159754461381873,14
5007,71,28,50,17,-8.165371088482388,11
5008,33,11,68,7,-8.166895131198164,4
5009,30,18,50,11,-8.173377893689405,7
5010,60,35,104,25,-8.183651908443377,10
5011,39,25,74,15,-8.19553508787693,10
5012,109,24,11,16,-8.196422948591085,8
5013,93,24,87,15,-8.201353690040278,9
5014,3,24,40,16,-8.21009163331203,8
5015,1,26,86,16,-8.213403239086288,10
5016,104,28,41,16,-8.222150207467427,12
5017,106,21,69,13,-8.230262561693124,8
5018,2,10,94,6,-8.235738884159375,4
5019,84,10,100,7,-8.240271972733373,3
5020,46,42,16,27,-8.265204078980108,15
5021,14,12,37,7,-8.266467835075433,5
5022,55,34,50,20,-8.268886532039618,14
5023,76,12,75,7,-8.269580351796622,5
5024,91,18,41,12,-8.276671952774393,6
5025,29,20,84,12,-8.278852142240282,8
5026,106,31,90,21,-8.28384546124837,10
5027,37,19,80,12,-8.28505550529825,7
5028,85,12,63,7,-8.296401774903984,5
5029,30,29,53,18,-8.306098230837584,11
5030,51,39,76,26,-8.339242903099509,13
5031,68,20,69,12,-8.34403265511844,8
5032,112,20,39,12,-8.345179878987272,8
5033,31,32,41,20,-8.353957395244585,12
5034,5,22,7,14,-8.357081514884824,8
5035,109,10,57,6,-8.357793842250306,4
5036,9,11,11,7,-8.359525570926444,4
5037,104,10,67,6,-8.393331116483225,4
5038,79,11,80,6,-8.394402338657228,5
5039,67,14,109,7,-8.41022889195963,7
5040,91,24,68,14,-8.412577437061726,10
5041,108,21,53,12,-8.41462834634765,9
5042,79,21,48,13,-8.423308200700253,8
5043,90,19,73,12,-8.424101991862472,7
5044,114,20,55,13,-8.432483182241098,7
5045,70,24,96,13,-8.437417991026262,11
5046,114,32,8,21,-8.446067232393617,11
5047,96,14,95,9,-8.450373982592183,5
5048,85,10,69,6,-8.472081723542168,4
5049,77,14,74,9,-8.485489523270209,5
5050,1,16,75,11,-8.487454866261048,5
5051,84,45,63,27,-8.49151698936719,18
5052,40,28,64,18,-8.49607162432113,10
5053,45,10,91,6,-8.504304930616431,4
5054,88,23,62,14,-8.51262512712999,9
5055,48,28,86,18,-8.527783865058888,10
5056,39,12,34,7,-8.530792842427957,5
5057,106,13,12,9,-8.530975907772833,4
5058,62,13,114,8,-8.549556180002718,5
5059,36,11,78,7,-8.552435160203329,4
5060,7,19,78,11,-8.565348954184037,8
5061,3,13,41,10,-8.570007818582788,3
5062,55,23,95,15,-8.57500650986488,8
5063,100,32,16,21,-8.57841177566886,11
5064,50,22,90,14,-8.598522697493998,8
5065,13,33,47,21,-8.605595364799179,12
5066,60,34,23,22,-8.60880728241122,12
5067,63,51,51,30,-8.615807425389162,21
5068,57,12,76,8,-8.631010009083715,4
5069,97,19,41,12,-8.638943706099203,7
5070,9,36,16,24,-8.654295586640684,12
5071,31,31,9,20,-8.678153869820548,11
5072,88,16,77,10,-8.678317130754186,6
5073,60,15,76,11,-8.678706996102923,4
5074,35,25,107,17,-8.683347995006125,8
5075,39,14,110,10,-8.694421097429624,4
5076,2,10,30,6,-8.704387763563812,4
5077,20,35,63,21,-8.70524806527441,14
5078,102,15,63,9,-8.71016569998991,6
5079,86,15,45,9,-8.710518828201982,6
5080,45,10,58,6,-8.721721801464438,4
5081,57,26,8,17,-8.727187925997562,9
5082,17,22,4,15,-8.72773506800961,7
5083,11,23,104,15,-8.742484307216113,8
5084,106,14,38,7,-8.74501943352997,7
5085,88,36,39,23,-8.756638990991735,13
5086,18,23,106,15,-8.778191080978738,8
5087,77,12,109,7,-8.789144881364967,5
5088,72,11,85,8,-8.800228412539498,3
5089,42,10,106,7,-8.802546839644418,3
5090,47,18,36,12,-8.810892372607713,6
5091,76,28,63,19,-8.821395394022662,9
5092,36,19,63,12,-8.822881427312195,7
5093,77,13,49,9,-8.842593838828112,4
5094,87,15,32,10,-8.84415502943487,5
5095,3,17,53,11,-8.845189139081638,6
5096,29,15,13,9,-8.860571417374171,6
5097,12,16,23,10,-8.872217683410863,6
5098,40,16,28,9,-8.877350715587879,7
5099,13,20,44,13,-8.886721786197054,7
5100,97,12,69,8,-8.888377862411463,4
5101,109,20,7,13,-8.908032141063202,7
5102,107,15,89,10,-8.908975430626485,5
5103,25,19,110,13,-8.917701672558223,6
5104,91,10,11,7,-8.923724837318142,3
5105,31,12,73,8,-8.93891957013575,4
5106,68,25,28,17,-8.940487090707837,8
5107,80,13,11,8,-8.941133144462878,5
5108,32,11,28,7,-8.963821007682874,4
5109,114,20,47,12,-8.969382880850324,8
5110,36,18,97,11,-8.970668153566264,7
5111,52,15,28,9,-8.975367013246691,6
5112,60,17,17,11,-8.995312545980157,6
5113,57,15,114,10,-9.000054094310599,5
5114,36,15,5,9,-9.008614310253614,6
5115,70,16,30,9,-9.016092338129875,7
5116,100,18,75,10,-9.024866169547831,8
5117,112,10,58,6,-9.041979275484929,4
5118,68,21,47,14,-9.052758514326356,7
5119,75,34,28,22,-9.068390514566694,12
5120,94,16,28,11,-9.068842266957848,5
5121,86,29,44,19,-9.073857704921481,10
5122,8,34,95,21,-9.07920947405897,13
5123,69,31,16,20,-9.108263327756001,11
5124,31,15,109,10,-9.113887572404183,5
5125,17,11,92,7,-9.114563540800457,4
5126,17,18,104,11,-9.118260519592534,7
5127,107,32,57,20,-9.12151327820057,12
5128,69,12,62,7,-9.133574808880725,5
5129,16,18,81,12,-9.13766079743996,6
5130,18,42,13,26,-9.15021879704067,16
5131,5,43,50,26,-9.156049369840705,17
5132,40,15,92,10,-9.168940871834318,5
5133,102,15,40,9,-9.171373555966687,6
5134,49,15,41,9,-9.171912615870816,6
5135,86,39,41,26,-9.172157333193885,13
5136,91,13,15,7,-9.175439096539634,6
5137,40,17,73,11,-9.199997222971483,6
5138,40,12,2,8,-9.204153353273353,4
5139,31,10,19,7,-9.206206241182459,3
5140,4,15,27,9,-9.21491506769711,6
5141,81,11,64,7,-9.217681779438383,4
5142,69,16,70,11,-9.227346228401576,5
5143,85,12,55,8,-9.227678960132264,4
5144,25,44,7,29,-9.23372449337842,15
5145,76,10,15,6,-9.241288842836557,4
5146,102,10,100,7,-9.252164791252763,3
5147,29,26,65,15,-9.271210792422918,11
5148,93,13,75,8,-9.279825087560207,5
5149,77,19,63,13,-9.291814452323939,6
5150,68,57,75,38,-9.30062786886553,19
5151,67,15,86,9,-9.306541844943451,6
5152,70,17,50,10,-9.316243790355681,7
5153,58,16,60,10,-9.319426070200468,6
5154,51,15,111,10,-9.328246716797015,5
5155,29,17,60,10,-9.328648293170021,7
5156,109,12,30,8,-9.335355797138938,4
5157,39,29,15,20,-9.342533494112487,9
5158,2,29,28,19,-9.34282167881126,10
5159,50,12,23,9,-9.354699302165743,3
5160,33,14,87,9,-9.358610632806945,5
5161,39,17,76,12,-9.374915521858478,5
5162,107,33,80,22,-9.376730084103613,11
5163,36,11,109,8,-9.390936468630553,3
5164,109,25,63,15,-9.392892060380623,10
5165,57,11,3,7,-9.39336147896605,4
5166,107,22,45,14,-9.39975575090587,8
5167,60,14,108,9,-9.402734068128316,5
5168,112,11,38,8,-9.413940162098223,3
5169,92,14,64,7,-9.432471863302016,7
5170,53,12,78,7,-9.436495389192622,5
5171,63,11,32,7,-9.44232166344675,4
5172,68,28,76,21,-9.459920139276978,7
5173,17,12,102,8,-9.460667678985605,4
5174,96,47,16,33,-9.462953828826512,14
5175,51,23,97,16,-9.463450569827408,7
5176,58,10,70,7,-9.487562225897111,3
5177,60,13,102,8,-9.490462801517765,5
5178,7,29,37,18,-9.500511382222342,11
5179,99,22,37,15,-9.502759058160713,7
5180,13,21,90,14,-9.506733485788098,7
5181,2,13,114,8,-9.50915856241785,5
5182,80,14,90,10,-9.509239360264804,4
5183,36,17,8,11,-9.51236026695053,6
5184,9,27,18,18,-9.520249042639605,9
5185,25,32,20,21,-9.520523686179052,11
5186,31,22,1,13,-9.525804060927038,9
5187,108,13,106,9,-9.535201707134298,4
5188,68,15,92,10,-9.538113226799515,5
5189,97,24,13,15,-9.567486234498414,9
5190,60,44,64,30,-9.569439655645416,14
5191,84,32,20,23,-9.579627269291699,9
5192,7,20,73,12,-9.582485903794177,8
5193,88,31,15,22,-9.58291430022994,9
5194,39,14,80,9,-9.589468521855673,5
5195,53,13,8,9,-9.596286006275326,4
5196,84,18,83,11,-9.60947373437216,7
5197,8,14,99,8,-9.611065592860308,6
5198,9,16,76,11,-9.62150457184245,5
5199,109,17,70,11,-9.623350653501726,6
5200,109,22,74,15,-9.62539761750223,7
5201,53,23,41,15,-9.631953807885303,8
5202,114,10,78,6,-9.632244308821944,4
5203,104,10,93,6,-9.63796658188527,4
5204,51,37,100,21,-9.638672092780272,16
5205,114,10,22,5,-9.649313306364819,5
5206,17,15,41,10,-9.654478177971626,5
5207,63,16,111,10,-9.656549842780757,6
5208,71,12,100,8,-9.66068752031631,4
5209,38,12,53,8,-9.664145468055217,4
5210,3,15,15,9,-9.668333079764215,6
5211,109,17,17,11,-9.67292277687966,6
5212,86,26,43,18,-9.678487026953471,8
5213,11,18,75,11,-9.710887852205726,7
5214,31,19,43,9,-9.720852773553686,10
5215,32,16,16,10,-9.721720922013692,6
5216,16,13,89,8,-9.733195931265595,5
5217,51,12,72,7,-9.759777276531146,5
5218,52,12,30,8,-9.763146241314214,4
5219,76,14,13,9,-9.765754801505128,5
5220,83,24,37,15,-9.783726366978415,9
5221,93,10,62,6,-9.798162399200404,4
5222,20,11,19,7,-9.800039016840095,4
5223,37,17,64,11,-9.810222324765896,6
5224,51,17,102,11,-9.81128950469166,6
5225,107,27,48,17,-9.812988008703408,10
5226,75,25,104,16,-9.822163907084752,9
5227,57,13,54,10,-9.824315369895016,3
5228,98,10,53,6,-9.839111782848335,4
5229,79,26,86,17,-9.841357831333447,9
5230,63,16,30,10,-9.842696842263113,6
5231,18,12,76,8,-9.8476224935035,4
5232,88,42,63,29,-9.851344381091431,13
5233,91,34,63,23,-9.863803572303501,11
5234,71,15,17,9,-9.874078720771612,6
5235,54,17,2,12,-9.883928701627932,5
5236,39,39,18,26,-9.885046818102037,13
5237,9,32,87,19,-9.890957993800642,13
5238,30,13,27,8,-9.896355661349038,5
5239,3,14,25,9,-9.907996037168818,5
5240,2,10,95,7,-9.9203126299905,3
5241,88,18,73,12,-9.974203425238962,6
5242,52,13,87,8,-9.98485251805505,5
5243,109,14,93,9,-9.987067099161266,5
5244,10,13,107,8,-9.98735340517921,5
5245,48,11,34,7,-9.987399142382838,4
5246,65,25,95,16,-9.987438820754939,9
5247,57,12,75,8,-10.001839571130395,4
5248,18,43,16,29,-10.022908903594146,14
5249,18,14,11,9,-10.031989827572827,5
5250,107,13,110,9,-10.034721322746934,4
5251,38,10,44,7,-10.048373138060267,3
5252,83,23,13,15,-10.067954696106943,8
5253,49,16,40,10,-10.077718304922938,6
5254,106,12,79,8,-10.079963228120917,4
5255,74,11,89,7,-10.093150392265773,4
5256,8,24,18,17,-10.10300859124231,7
5257,93,36,65,22,-10.107687501917342,14
5258,43,28,39,17,-10.108201581404133,11
5259,36,36,53,25,-10.11473282468799,11
5260,102,20,50,12,-10.118106239071224,8
5261,35,10,8,7,-10.118762046100299,3
5262,70,14,46,9,-10.128652016947743,5
5263,109,10,92,7,-10.132066653367776,3
5264,31,37,53,23,-10.136338371296794,14
5265,23,11,96,7,-10.143008283174424,4
5266,39,13,58,9,-10.147489402696785,4
5267,102,14,76,9,-10.166991590900437,5
5268,104,13,89,8,-10.178686881843591,5
5269,15,21,8,13,-10.188541036846974,8
5270,37,41,97,27,-10.190687502541847,14
5271,33,13,71,9,-10.195530501937561,4
5272,2,15,98,9,-10.198603389321665,6
5273,96,24,48,16,-10.200121519345737,8
5274,106,63,16,43,-10.201810935158226,20
5275,39,24,91,16,-10.206322081312436,8
5276,37,36,11,24,-10.207174749413833,12
5277,68,24,25,16,-10.21179043309895,8
5278,31,17,30,10,-10.214096274935343,7
5279,43,16,54,10,-10.232904276690352,6
5280,106,16,67,10,-10.252161434234205,6
5281,99,12,77,9,-10.252199704478636,3
5282,50,15,85,10,-10.26203922127155,5
5283,104,12,34,8,-10.27427919250402,4
5284,54,12,38,8,-10.280232127604942,4
5285,31,29,107,16,-10.30345756995746,13
5286,81,14,7,8,-10.321582987727558,6
5287,1,13,37,8,-10.34216426905315,5
5288,1,26,16,19,-10.34569928715388,7
5289,7,10,94,7,-10.355621654064775,3
5290,84,18,112,12,-10.358451447508308,6
5291,81,13,104,7,-10.361322759461327,6
5292,60,21,49,14,-10.368756848511252,7
5293,93,16,106,10,-10.37915501513517,6
5294,57,10,100,6,-10.38688479130181,4
5295,12,10,28,7,-10.401916137932794,3
5296,54,23,100,15,-10.421773818682981,8
5297,7,11,110,6,-10.42257657923173,5
5298,114,19,95,12,-10.422604339796184,7
5299,39,16,44,10,-10.434810009571377,6
5300,60,11,34,8,-10.444545857082172,3
5301,112,25,64,18,-10.44734880369225,7
5302,69,27,60,16,-10.453461646225001,11
5303,112,14,100,9,-10.456632827685278,5
5304,31,10,6,6,-10.459894630543896,4
5305,77,12,23,8,-10.47207373365885,4
5306,102,19,107,12,-10.474471969151432,7
5307,8,35,75,24,-10.477015226263449,11
5308,13,15,19,10,-10.478851089928181,5
5309,102,14,75,10,-10.47886729381523,4
5310,16,17,78,11,-10.48792482811098,6
5311,69,18,63,13,-10.495670691796661,5
5312,20,37,50,25,-10.501577095705532,12
5313,12,12,114,7,-10.504954578013217,5
5314,37,14,89,8,-10.519274673853,6
5315,36,27,27,17,-10.523349599331356,10
5316,97,19,71,13,-10.523533962196899,6
5317,56,16,86,11,-10.543126647721751,5
5318,19,21,7,15,-10.545578824272846,6
5319,54,19,71,12,-10.56377327137223,7
5320,9,15,95,9,-10.569002592922953,6
5321,78,18,84,12,-10.570645235312561,6
5322,28,18,69,11,-10.575983527327306,7
5323,38,15,75,11,-10.597530026810052,4
5324,91,31,7,22,-10.60910028610159,9
5325,101,12,16,8,-10.62271769748288,4
5326,71,18,98,12,-10.627953776602759,6
5327,64,20,30,13,-10.642272986004782,7
5328,98,25,5,16,-10.662918685540621,9
5329,17,23,40,16,-10.673939896309559,7
5330,57,15,65,10,-10.687048615969916,5
5331,74,25,51,18,-10.704030149650722,7
5332,36,13,43,8,-10.713552025008546,5
5333,111,11,54,8,-10.714143810197228,3
5334,60,15,37,9,-10.721994289598655,6
5335,39,20,23,13,-10.742827162036495,7
5336,31,27,27,16,-10.758919665279386,11
5337,7,11,59,8,-10.771239818059199,3
5338,15,11,47,7,-10.775485769989336,4
5339,91,25,55,18,-10.791612827626562,7
5340,77,27,104,18,-10.795670361212089,9
5341,51,17,80,11,-10.805772459249834,6
5342,81,17,106,10,-10.816681182916206,7
5343,8,34,109,21,-10.819891467814774,13
5344,65,30,27,20,-10.856587825173339,10
5345,54,46,37,31,-10.87009397469276,15
5346,77,16,71,11,-10.872072685026803,5
5347,41,21,111,13,-10.875724405637953,8
5348,84,17,30,12,-10.881128054888238,5
5349,88,69,13,46,-10.89582561175846,23
5350,35,10,102,6,-10.90320798703147,4
5351,5,17,73,11,-10.90738305979487,6
5352,64,14,27,10,-10.925557497140751,4
5353,13,10,89,6,-10.939542022741616,4
5354,47,15,9,10,-10.968614103246171,5
5355,88,37,50,24,-10.986958086725291,13
5356,110,20,51,14,-11.000148170458745,6
5357,107,13,56,8,-11.000292497508868,5
5358,71,13,15,9,-11.00914391321026,4
5359,68,10,98,7,-11.014423279510455,3
5360,92,14,41,9,-11.016394202336143,5
5361,88,41,53,28,-11.023031682203495,13
5362,68,12,45,8,-11.02401972838907,4
5363,88,11,98,8,-11.027639102171303,3
5364,9,25,64,18,-11.03637269777133,7
5365,114,12,32,8,-11.045874107216177,4
5366,11,11,99,7,-11.04788337752713,4
5367,57,11,62,8,-11.089901365863179,3
5368,78,12,17,8,-11.090068157424293,4
5369,107,18,12,13,-11.095629908733304,5
5370,29,13,75,8,-11.096282078020437,5
5371,80,13,78,9,-11.09791576617006,4
5372,57,22,70,13,-11.101179297757742,9
5373,32,13,74,9,-11.101664191982367,4
5374,19,10,40,7,-11.104417905023016,3
5375,87,20,100,12,-11.113455718095159,8
5376,4,16,43,10,-11.162760468553993,6
5377,109,10,91,7,-11.192740070217315,3
5378,61,12,6,8,-11.200388242698184,4
5379,65,45,114,29,-11.20792553692763,16
5380,1,11,89,7,-11.20901106938993,4
5381,46,12,100,8,-11.210309669403358,4
5382,106,18,98,12,-11.217270403208776,6
5383,51,13,73,9,-11.219804453521853,4
5384,96,20,46,12,-11.223825219116964,8
5385,57,14,69,10,-11.237331624933528,4
5386,109,17,75,12,-11.242273446455997,5
5387,51,28,95,20,-11.244919045567018,8
5388,81,13,40,9,-11.249205674756395,4
5389,83,16,107,11,-11.24958512039028,5
5390,70,29,87,18,-11.250414739740132,11
5391,48,12,90,8,-11.252381363492235,4
5392,7,52,75,35,-11.2746633859962,17
5393,55,14,2,9,-11.276816159574057,5
5394,54,14,19,8,-11.27960886649913,6
5395,5,10,80,7,-11.295210617596885,3
5396,96,25,7,18,-11.300422106484014,7
5397,28,46,63,32,-11.30701920844641,14
5398,60,23,47,16,-11.31330562577917,7
5399,20,12,64,9,-11.331308462604776,3
5400,81,18,87,10,-11.3699132326782,8
5401,71,21,104,13,-11.370166649530528,8
5402,38,11,4,8,-11.395009854616482,3
5403,35,23,76,15,-11.39691854534874,8
5404,95,10,29,7,-11.401888238693147,3
5405,106,39,114,26,-11.417874917507989,13
5406,72,19,86,13,-11.423615729846851,6
5407,81,14,47,10,-11.445134927289029,4
5408,17,19,53,13,-11.472645683923515,6
5409,63,19,57,12,-11.499632269547762,7
5410,107,39,30,26,-11.530964387508385,13
5411,76,15,74,9,-11.544600382799558,6
5412,71,10,111,7,-11.563837134119527,3
5413,104,16,36,10,-11.564722196156035,6
5414,50,15,33,10,-11.568332857311571,5
5415,39,15,90,10,-11.577976501423594,5
5416,18,21,15,15,-11.590119158022436,6
5417,84,26,11,18,-11.599387927162054,8
5418,19,13,29,9,-11.616301724758122,4
5419,87,26,98,18,-11.644897694141662,8
5420,86,33,102,23,-11.659667182565103,10
5421,39,33,30,22,-11.664507953068155,11
5422,48,11,98,8,-11.678045251552971,3
5423,96,13,91,9,-11.692854193124042,4
5424,53,12,15,8,-11.70980845034874,4
5425,67,11,16,8,-11.761532223804268,3
5426,51,19,15,12,-11.76802987066693,7
5427,1,37,55,26,-11.769033555767942,11
5428,65,12,91,8,-11.784658313781671,4
5429,54,10,44,7,-11.791894285038754,3
5430,40,21,8,15,-11.791921402372775,6
5431,91,10,53,7,-11.811611902058761,3
5432,17,10,83,6,-11.812775268760374,4
5433,111,16,28,11,-11.820301223407922,5
5434,87,23,48,16,-11.827762552608771,7
5435,64,10,74,6,-11.828764368523549,4
5436,28,34,74,23,-11.834419909257845,11
5437,47,10,78,6,-11.843066191666676,4
5438,14,18,16,12,-11.861448285420282,6
5439,104,18,90,12,-11.89837391797068,6
5440,63,18,62,12,-11.898616241132698,6
5441,29,11,109,6,-11.905733206262543,5
5442,18,27,95,18,-11.951490678023534,9
5443,54,10,53,7,-11.951994898142779,3
5444,35,12,27,8,-11.953831865399296,4
5445,72,11,50,8,-11.966306538639385,3
5446,104,12,1,8,-12.020108292717424,4
5447,13,16,58,12,-12.037688148626765,4
5448,9,20,15,12,-12.03884463484616,8
5449,96,28,98,19,-12.0522531035848,9
5450,63,18,1,11,-12.054495717242014,7
5451,28,11,110,7,-12.062606997342062,4
5452,28,21,34,15,-12.064560123194633,6
5453,20,14,34,10,-12.080633416209027,4
5454,69,19,58,12,-12.089414430124698,7
5455,55,13,15,10,-12.1017027484743,3
5456,63,12,92,7,-12.136993324985582,5
5457,70,22,2,14,-12.153236389251056,8
5458,51,23,77,15,-12.16149932915176,8
5459,39,17,109,13,-12.189314131019263,4
5460,76,18,7,11,-12.196617315781682,7
5461,106,11,78,8,-12.21024325274275,3
5462,9,14,43,9,-12.224469441855376,5
5463,43,19,75,14,-12.224767647713705,5
5464,112,19,28,13,-12.228920740366254,6
5465,54,27,48,18,-12.230401373927076,9
5466,84,11,71,8,-12.255989147154674,3
5467,39,10,32,7,-12.25900875776762,3
5468,108,10,28,6,-12.299856976610261,4
5469,20,10,78,7,-12.337947782230119,3
5470,97,12,67,9,-12.35346782744064,3
5471,94,11,76,8,-12.387810233208159,3
5472,112,10,37,7,-12.392005916673295,3
5473,53,16,43,12,-12.41343484704957,4
5474,50,17,36,10,-12.423703215189779,7
5475,49,10,80,6,-12.509141995238949,4
5476,103,12,55,9,-12.517980336309982,3
5477,5,27,75,17,-12.535083552437035,10
5478,58,14,54,9,-12.535089602873326,5
5479,5,27,57,19,-12.572003913811173,8
5480,9,19,20,13,-12.586361422949272,6
5481,17,11,38,7,-12.634911882425529,4
5482,70,24,108,17,-12.647188608054195,7
5483,5,14,48,10,-12.657719903594751,4
5484,84,18,104,12,-12.684623419796733,6
5485,88,16,111,12,-12.710530076381987,4
5486,106,24,46,15,-12.725492516069489,9
5487,106,14,33,10,-12.736963404825662,4
5488,36,10,95,7,-12.746346244298937,3
5489,81,12,54,8,-12.757047966098474,4
5490,27,20,104,15,-12.796343894614779,5
5491,104,20,49,14,-12.812277987885736,6
5492,109,19,27,12,-12.854514856980064,7
5493,45,14,23,10,-12.875487654765546,4
5494,65,21,2,16,-12.8900275785182,5
5495,75,12,98,8,-12.900340980932176,4
5496,99,19,107,13,-12.91219628913208,6
5497,17,16,23,11,-12.920452187354222,5
5498,8,15,78,11,-12.921729498024693,4
5499,112,10,91,7,-12.97919097248294,3
5500,114,12,27,8,-13.009570993376595,4
5501,9,11,6,7,-13.029614696230583,4
5502,46,38,104,26,-13.083570903140272,12
5503,90,15,20,10,-13.08396173697106,5
5504,70,10,83,6,-13.118339150755117,4
5505,77,15,53,10,-13.125923769197522,5
5506,37,28,95,21,-13.149042342745602,7
5507,88,17,102,13,-13.153141792955822,4
5508,46,10,43,7,-13.15350523992227,3
5509,35,12,97,9,-13.15953893586328,3
5510,70,22,11,16,-13.174919150937757,6
5511,13,11,85,8,-13.214961214077967,3
5512,54,18,36,12,-13.217744798273172,6
5513,41,16,8,12,-13.244566662838952,4
5514,88,36,95,25,-13.24512473637818,11
5515,96,39,11,27,-13.252582377716239,12
5516,11,23,95,17,-13.263288005084238,6
5517,112,15,87,10,-13.263846083806499,5
5518,5,31,102,21,-13.269431869962297,10
5519,99,12,7,8,-13.274517260788413,4
5520,106,19,64,13,-13.295192075566398,6
5521,46,17,50,11,-13.310329365776978,6
5522,18,16,47,12,-13.317575135316673,4
5523,3,20,84,13,-13.320633421516632,7
5524,46,12,18,9,-13.322032493347338,3
5525,114,28,87,18,-13.32969544089937,10
5526,83,18,16,13,-13.35123547721314,5
5527,32,11,55,7,-13.36363963009391,4
5528,35,12,104,8,-13.369677424437175,4
5529,103,16,86,11,-13.404186851009111,5
5530,31,73,13,50,-13.405119260361646,23
5531,62,18,74,13,-13.411803700884379,5
5532,53,15,75,10,-13.423496737137004,5
5533,32,12,25,7,-13.427877456338663,5
5534,35,15,36,11,-13.440272285829963,4
5535,55,17,102,12,-13.448934349992442,5
5536,90,10,93,7,-13.452391800759145,3
5537,86,24,26,18,-13.454427406615018,6
5538,3,14,20,10,-13.478689443493133,4
5539,39,14,108,9,-13.481039273987522,5
5540,70,10,34,7,-13.500624883981926,3
5541,1,10,78,7,-13.511302040012385,3
5542,66,11,7,7,-13.514093541012448,4
5543,38,15,104,10,-13.530669032796668,5
5544,103,11,74,8,-13.53565105452587,3
5545,10,10,37,6,-13.538762623915119,4
5546,60,26,27,20,-13.540065663312776,6
5547,104,18,64,13,-13.541290561517043,5
5548,46,12,93,9,-13.65474091099076,3
5549,86,16,92,11,-13.67676060817369,5
5550,44,14,104,10,-13.703910249073422,4
5551,31,25,63,18,-13.714594813504094,7
5552,33,14,63,10,-13.733555706081619,4
5553,28,13,10,10,-13.73666606987671,3
5554,112,11,97,9,-13.794615799527321,2
5555,31,17,98,11,-13.805084918983175,6
5556,112,14,71,10,-13.80768968996665,4
5557,52,19,86,14,-13.851910838120485,5
5558,83,13,11,10,-13.863860744018641,3
5559,13,23,30,15,-13.875626061777945,8
5560,50,19,53,13,-13.883151416746287,6
5561,76,17,54,12,-13.892444764564262,5
5562,40,10,100,7,-13.927928921941099,3
5563,69,19,75,14,-13.94230448490658,5
5564,71,24,40,17,-13.948125771645659,7
5565,75,12,111,8,-13.972281809419961,4
5566,91,11,69,7,-13.993001551531528,4
5567,77,29,40,21,-14.048771071022598,8
5568,63,36,80,26,-14.049544936434044,10
5569,85,14,39,9,-14.177624685555418,5
5570,63,10,15,7,-14.178625851059422,3
5571,81,23,51,15,-14.181392483122476,8
5572,80,11,41,8,-14.186716292232557,3
5573,66,11,63,8,-14.209916362631542,3
5574,60,28,91,19,-14.21948701708733,9
5575,77,15,30,11,-14.240898393688356,4
5576,60,21,74,14,-14.268042080973927,7
5577,103,11,107,9,-14.287404948164756,2
5578,37,12,34,9,-14.300571264435137,3
5579,102,11,46,8,-14.307494713152051,3
5580,50,18,80,14,-14.309192739594003,4
5581,57,12,31,8,-14.310689026630849,4
5582,77,27,7,19,-14.33556677589385,8
5583,83,10,40,8,-14.347262135245904,2
5584,14,11,80,7,-14.435345395194508,4
5585,5,12,44,9,-14.447481002517355,3
5586,2,10,73,7,-14.457830254043136,3
5587,25,12,34,9,-14.468789684868275,3
5588,51,18,45,13,-14.493324057948728,5
5589,2,12,13,8,-14.516038794033763,4
5590,37,12,73,8,-14.533349572792924,4
5591,9,11,108,7,-14.533752266696007,4
5592,99,12,50,8,-14.581629542155014,4
5593,12,12,27,9,-14.58894097244964,3
5594,87,15,79,12,-14.594363104783758,3
5595,69,15,49,10,-14.620888888677557,5
5596,97,11,14,9,-14.634263785488013,2
5597,35,10,3,7,-14.67345115895829,3
5598,18,13,69,9,-14.695896617157176,4
5599,83,19,114,14,-14.71253096490687,5
5600,31,10,100,7,-14.730848989291465,3
5601,102,10,90,6,-14.739148726840858,4
5602,106,14,32,11,-14.741977351969277,3
5603,109,26,114,20,-14.744077219906973,6
5604,2,10,57,7,-14.75670329182861,3
5605,54,35,75,24,-14.800167840554582,11
5606,91,17,30,13,-14.854653528597783,4
5607,108,10,8,8,-14.88327570809189,2
5608,112,10,55,8,-14.907032679929216,2
5609,104,16,9,11,-14.915937256999365,5
5610,68,24,112,17,-14.942675823122729,7
5611,17,21,95,16,-14.970865650802967,5
5612,57,11,38,7,-15.001479354971174,4
5613,75,10,45,8,-15.003649946946844,2
5614,99,18,25,13,-15.014737107768294,5
5615,94,17,81,11,-15.053941840602283,6
5616,3,17,63,14,-15.071396371833842,3
5617,29,10,49,7,-15.14522962459875,3
5618,71,17,41,13,-15.162388636591329,4
5619,43,13,30,10,-15.232406371172784,3
5620,29,12,3,9,-15.232917471133247,3
5621,68,15,61,11,-15.24709195978541,4
5622,29,14,98,11,-15.26434865513092,3
5623,112,18,20,14,-15.347636279185814,4
5624,37,13,18,10,-15.368965567811568,3
5625,46,12,98,8,-15.381140721878973,4
5626,71,10,11,7,-15.386871545741162,3
5627,25,14,49,10,-15.43786379260084,4
5628,58,20,65,14,-15.443655730967695,6
5629,107,25,73,17,-15.460672720698524,8
5630,60,13,100,10,-15.468043250681323,3
5631,31,15,69,10,-15.502962092044207,5
5632,2,18,104,12,-15.50344370749933,6
5633,106,10,89,6,-15.508251121091035,4
5634,14,11,25,9,-15.536643242754739,2
5635,31,12,104,8,-15.561592201078605,4
5636,5,20,23,15,-15.563915929412014,5
5637,45,14,4,10,-15.600891470448104,4
5638,85,11,106,8,-15.605731963514037,3
5639,97,13,90,9,-15.62188808576594,4
5640,38,10,87,7,-15.648595936017907,3
5641,94,10,30,7,-15.665277818052123,3
5642,1,13,8,10,-15.702434313684371,3
5643,80,13,75,10,-15.71805205236554,3
5644,35,12,80,9,-15.72406211872363,3
5645,77,14,37,10,-15.73169378416834,4
5646,96,16,93,12,-15.73319462766121,4
5647,57,20,7,13,-15.746440629237659,7
5648,35,10,75,8,-15.755761764469415,2
5649,37,10,15,8,-15.78269510258246,2
5650,12,12,75,8,-15.785867542761379,4
5651,77,16,8,12,-15.792942369486319,4
5652,70,10,48,7,-15.796496446665468,3
5653,35,12,87,8,-15.83062454624883,4
5654,31,45,16,33,-15.837412153743443,12
5655,2,10,60,7,-15.84205677205398,3
5656,39,18,99,14,-15.84878961626863,4
5657,12,15,41,11,-15.852631956602023,4
5658,91,11,76,9,-15.872477419459234,2
5659,8,18,34,13,-15.876296726362224,5
5660,9,30,53,22,-15.894615033798411,8
5661,70,13,80,11,-15.90133341789594,2
5662,9,26,41,19,-15.923207095513275,7
5663,63,13,14,9,-15.961958621197994,4
5664,94,24,16,18,-16.00547298186272,6
5665,5,18,41,12,-16.050377082501456,6
5666,83,12,23,9,-16.123810814063006,3
5667,11,12,30,9,-16.16112498926937,3
5668,9,13,48,10,-16.236645292462978,3
5669,69,21,53,15,-16.247322250303586,6
5670,91,13,43,10,-16.255864059996068,3
5671,29,20,88,15,-16.40301637372991,5
5672,7,16,61,11,-16.426968020447948,5
5673,25,25,11,20,-16.429746187224737,5
5674,55,15,14,12,-16.464885141480416,3
5675,88,17,80,12,-16.477538046034613,5
5676,112,18,60,14,-16.588646556112433,4
5677,69,17,30,12,-16.6252519902636,5
5678,36,10,101,8,-16.627946704419497,2
5679,41,12,30,8,-16.67014747818193,4
5680,87,10,10,8,-16.717426239102245,2
5681,71,15,95,10,-16.72675418994599,5
5682,10,11,112,8,-16.760907633708104,3
5683,76,10,1,7,-16.815372977495876,3
5684,30,14,95,10,-16.836817117204564,4
5685,97,14,38,11,-16.838290194315167,3
5686,112,13,47,9,-16.872460541477547,4
5687,31,10,38,6,-16.97274158238424,4
5688,50,16,77,13,-16.97319460562341,3
5689,87,12,34,9,-16.98781036825935,3
5690,51,13,34,10,-17.050470848560973,3
5691,79,13,104,9,-17.056081750892357,4
5692,1,14,18,11,-17.058153705270225,3
5693,13,17,80,12,-17.06375198393908,5
5694,20,12,60,9,-17.12579419517071,3
5695,84,11,41,8,-17.126277871141777,3
5696,5,22,27,16,-17.186967099907662,6
5697,35,12,63,9,-17.190706154289504,3
5698,29,11,20,8,-17.261971083229245,3
5699,106,10,35,7,-17.319051156851785,3
5700,39,10,45,7,-17.32115834390289,3
5701,51,23,78,16,-17.43164600717499,7
5702,19,11,55,8,-17.435802328445057,3
5703,18,14,23,10,-17.468338798211544,4
5704,83,11,110,9,-17.575104905290946,2
5705,57,12,34,9,-17.642040510861822,3
5706,3,11,5,7,-17.694163901939547,4
5707,55,12,44,9,-17.771847163193563,3
5708,65,28,100,23,-17.80898130408499,5
5709,5,18,30,15,-17.81053305502534,3
5710,8,10,69,8,-17.824588271872045,2
5711,88,17,32,13,-17.824594134673823,4
5712,114,11,111,8,-17.846918134233796,3
5713,43,16,55,14,-17.88766939591472,2
5714,68,21,95,18,-17.962668451083434,3
5715,33,18,55,14,-17.969879843551904,4
5716,28,28,90,22,-18.060877876686433,6
5717,10,14,51,11,-18.10396467420879,3
5718,103,10,109,7,-18.37872283171988,3
5719,18,10,5,8,-18.464269170029826,2
5720,33,14,65,11,-18.512762180418843,3
5721,31,15,106,11,-18.52908676481624,4
5722,43,11,45,8,-18.574891926068155,3
5723,68,15,50,11,-18.68712791744929,4
5724,28,17,99,13,-18.754584808369174,4
5725,77,10,100,8,-18.785807393142274,2
5726,47,11,55,8,-18.857554518412744,3
5727,72,14,28,11,-18.867516837427928,3
5728,11,10,2,8,-18.92308479788875,2
5729,4,13,98,11,-18.936498509144613,2
5730,106,10,92,8,-19.041690772468705,2
5731,2,10,100,7,-19.143504228869272,3
5732,54,16,4,14,-19.244087603842104,2
5733,18,14,99,11,-19.290873438644514,3
5734,36,19,30,17,-19.30529767168729,2
5735,58,19,86,15,-19.384187711945845,4
5736,51,10,101,8,-19.538804927619935,2
5737,32,12,95,10,-19.760326388824467,2
5738,68,15,100,11,-19.919601065708385,4
5739,112,11,49,9,-20.081273718937805,2
5740,43,10,78,8,-20.12217678902932,2
5741,5,10,64,8,-20.37578731830582,2
5742,35,11,48,9,-20.438098241934796,2
5743,81,12,49,9,-20.5963472275708,3
5744,68,11,90,9,-20.787956198015944,2
5745,79,10,30,8,-20.824119521738712,2
5746,38,11,55,9,-20.87506721402826,2
5747,77,17,16,14,-20.89936034383646,3
5748,84,10,7,8,-21.17364400986741,2
5749,77,10,98,8,-21.266559747636286,2
5750,91,16,104,15,-21.31971827875211,1
5751,51,16,2,12,-21.322170492802826,4
5752,109,10,12,9,-21.32950515182345,1
5753,51,19,90,17,-21.393287092982963,2
5754,4,13,25,11,-21.42004260246313,2
5755,4,15,41,10,-21.480590173913868,5
5756,31,12,62,9,-21.790941067775986,3
5757,97,12,91,10,-22.175648770183788,2
5758,69,11,78,9,-22.86018059326103,2
5759,8,11,4,10,-23.17790508365148,1
5760,102,10,30,8,-23.768301124479738,2
5761,69,11,27,9,-23.965125451311458,2
5762,9,22,27,18,-24.023674987501078,4
5763,97,11,34,9,-24.058676404388496,2
5764,97,12,73,9,-24.10757303293757,3
5765,3,16,75,14,-24.194103806582213,2
5766,112,19,78,16,-24.293257718319964,3
5767,107,12,19,12,-24.916943809219582,0
5768,77,17,75,15,-26.826580833678783,2
5769,23,11,90,10,-28.300961743533676,1
5770,112,10,80,9,-29.5236176834229,1
5771,37,11,44,11,-29.883498899257123,0
