,againstHero,games,hero,losses,shift,wins
0,90,11,23,1,28.300961743533684,10
1,44,10,37,0,28.253477074224726,10
2,75,16,77,2,26.228267199136482,14
3,49,10,112,1,24.460078908180627,9
4,78,19,112,3,24.293257718319964,16
5,19,10,107,0,24.226623453768696,10
6,73,12,97,3,24.10757303293757,9
7,34,11,97,2,24.058676404388496,9
8,27,22,9,4,24.023674987501078,18
9,27,11,69,2,23.96512545131146,9
10,4,11,8,1,23.177905083651492,10
11,10,10,28,1,23.03135332069283,9
12,75,15,3,2,22.90290040082441,13
13,91,12,97,2,22.175648770183788,10
14,78,10,69,2,22.058413120869446,8
15,100,26,65,3,21.913750072358347,23
16,62,12,31,3,21.79094106777599,9
17,41,15,4,5,21.480590173913868,10
18,25,13,4,2,21.42004260246313,11
19,90,19,51,2,21.39328709298296,17
20,12,10,109,1,21.32950515182345,9
21,2,16,51,4,21.322170492802822,12
22,104,16,91,1,21.319718278752113,15
23,98,10,77,2,21.266559747636286,8
24,7,10,84,2,21.17364400986741,8
25,55,11,38,2,20.87506721402826,9
26,30,10,79,2,20.824119521738705,8
27,49,12,81,3,20.596347227570796,9
28,48,11,35,2,20.438098241934792,9
29,64,10,5,2,20.375787318305825,8
30,111,11,75,3,20.02641187481709,8
31,100,15,68,4,19.919601065708385,11
32,95,12,32,2,19.760326388824463,10
33,90,10,68,2,19.75244962865367,8
34,28,10,72,2,19.667105139612282,8
35,101,10,51,2,19.538804927619935,8
36,16,16,77,3,19.494965112936953,13
37,86,18,58,4,19.310387562039804,14
38,30,19,36,2,19.30529767168729,17
39,99,14,18,3,19.290873438644514,11
40,4,16,54,2,19.2440876038421,14
41,31,10,57,3,19.217116599721326,7
42,100,10,2,3,19.14350422886928,7
43,92,10,106,2,19.041690772468705,8
44,112,19,68,5,18.940096365856384,14
45,87,13,112,3,18.936535119389838,10
46,98,13,4,2,18.936498509144613,11
47,2,10,11,2,18.923084797888755,8
48,71,13,112,3,18.866115742328507,10
49,55,11,47,3,18.857554518412744,8
50,99,17,28,4,18.754584808369174,13
51,50,14,68,4,18.562076689620618,10
52,106,15,31,4,18.52908676481624,11
53,65,14,33,3,18.51276218041885,11
54,5,10,18,2,18.464269170029823,8
55,109,10,103,3,18.37872283171988,7
56,55,18,33,4,17.969879843551904,14
57,95,21,68,3,17.962668451083438,18
58,55,16,43,2,17.887669395914717,14
59,78,21,51,6,17.85552935241669,15
60,111,11,114,3,17.846918134233796,8
61,38,10,57,3,17.84660478771764,7
62,32,17,88,4,17.82459413467382,13
63,69,10,8,2,17.824588271872045,8
64,30,18,5,3,17.81053305502534,15
65,44,12,55,3,17.77184716319356,9
66,30,14,69,4,17.765258614983445,10
67,5,11,3,4,17.694163901939547,7
68,34,12,57,3,17.642040510861822,9
69,90,27,28,6,17.576354024280796,21
70,110,11,83,2,17.575104905290946,9
71,23,14,18,4,17.468338798211544,10
72,55,11,19,3,17.435802328445057,8
73,45,10,43,3,17.339723268429022,7
74,45,10,39,3,17.32115834390289,7
75,35,10,106,3,17.319051156851785,7
76,63,12,35,3,17.190706154289504,9
77,27,22,5,6,17.18696709990766,16
78,49,14,69,4,17.144708838601282,10
79,51,13,10,3,17.10096027286803,10
80,104,13,79,4,17.056081750892357,9
81,34,12,87,3,16.987810368259346,9
82,77,16,50,3,16.97319460562341,13
83,38,10,31,4,16.97274158238424,6
84,47,13,112,4,16.87246054147755,9
85,38,14,97,3,16.838290194315167,11
86,95,14,30,4,16.836817117204568,10
87,1,10,76,3,16.815372977495876,7
88,95,15,71,5,16.72675418994599,10
89,39,11,85,4,16.691830444179974,7
90,30,12,41,4,16.67014747818193,8
91,15,12,55,2,16.63699492471769,10
92,101,10,36,2,16.6279467044195,8
93,14,15,55,3,16.464885141480416,12
94,11,25,25,5,16.429746187224733,20
95,61,16,7,5,16.42696802044795,11
96,43,13,91,3,16.255864059996064,10
97,53,21,69,6,16.247322250303586,15
98,65,18,58,5,16.230092308358206,13
99,23,12,83,3,16.123810814063006,9
100,41,18,5,6,16.05037708250146,12
101,60,11,20,3,16.019139431337027,8
102,98,16,31,5,16.004000710168853,11
103,14,13,63,4,15.961958621197992,9
104,80,16,13,5,15.961423770269093,11
105,80,13,70,2,15.901333417895936,11
106,53,30,9,8,15.894615033798411,22
107,34,18,8,5,15.876296726362224,13
108,76,11,91,2,15.872477419459232,9
109,41,15,12,4,15.852631956602023,11
110,99,18,39,4,15.84878961626863,14
111,16,45,31,12,15.837412153743443,33
112,48,10,70,3,15.796496446665468,7
113,8,16,77,4,15.792942369486319,12
114,75,12,12,4,15.785867542761377,8
115,15,10,37,2,15.78269510258246,8
116,87,16,81,6,15.759058609918437,10
117,75,10,35,2,15.755761764469415,8
118,7,20,57,7,15.746440629237663,13
119,93,16,96,4,15.733194627661211,12
120,37,14,77,4,15.73169378416834,10
121,80,12,35,3,15.72406211872363,9
122,75,13,80,3,15.718052052365534,10
123,8,13,1,3,15.702434313684373,10
124,34,12,51,3,15.6894891289244,9
125,80,16,88,5,15.676196886577953,11
126,41,10,84,3,15.634693784013411,7
127,90,13,97,4,15.621888085765939,9
128,106,11,85,3,15.60573196351404,8
129,4,14,45,4,15.600891470448106,10
130,23,20,5,5,15.563915929412016,15
131,104,12,31,4,15.561592201078605,8
132,25,11,14,2,15.536643242754739,9
133,89,10,106,4,15.508251121091039,6
134,104,18,2,6,15.503443707499333,12
135,69,15,31,5,15.502962092044205,10
136,100,13,60,3,15.468043250681323,10
137,73,25,107,8,15.460672720698525,17
138,49,14,25,4,15.43786379260084,10
139,11,10,71,3,15.386871545741162,7
140,98,12,46,4,15.381140721878971,8
141,18,13,37,3,15.368965567811566,10
142,107,18,99,5,15.347683777553831,13
143,20,18,112,4,15.347636279185814,14
144,61,15,68,4,15.24709195978541,11
145,88,18,29,5,15.200290125021418,13
146,41,17,71,4,15.16238863659133,13
147,27,11,35,3,15.129282720135883,8
148,84,13,29,4,15.120150931852738,9
149,48,12,9,3,15.097519161061681,9
150,72,10,54,3,15.080610884546303,7
151,63,17,3,3,15.071396371833838,14
152,81,17,94,6,15.053941840602283,11
153,25,18,99,5,15.014737107768298,13
154,45,10,75,2,15.003649946946844,8
155,95,21,17,5,14.970865650802967,16
156,41,25,9,7,14.929419745005406,18
157,15,16,9,5,14.917467574234257,11
158,9,16,104,5,14.915937256999364,11
159,55,10,112,2,14.907032679929213,8
160,8,10,108,2,14.883275708091887,8
161,69,12,57,3,14.86920981303713,9
162,30,17,91,4,14.854653528597783,13
163,55,11,85,3,14.836765173492136,8
164,18,13,1,3,14.814066225099424,10
165,57,10,2,3,14.75670329182861,7
166,114,26,109,6,14.744077219906968,20
167,32,14,106,3,14.741977351969275,11
168,114,19,83,5,14.712530964906872,14
169,28,18,112,5,14.687264657306779,13
170,78,14,8,3,14.668119505967436,11
171,14,11,97,2,14.634263785488013,9
172,30,10,102,3,14.616177341977675,7
173,27,12,12,3,14.588940972449642,9
174,50,12,99,4,14.581629542155014,8
175,73,12,37,4,14.533349572792922,8
176,13,12,2,4,14.516038794033767,8
177,45,18,51,5,14.493324057948724,13
178,34,12,25,3,14.468789684868277,9
179,73,10,2,3,14.457830254043136,7
180,44,12,5,3,14.447481002517355,9
181,80,11,14,4,14.435345395194508,7
182,60,16,112,4,14.375050795639753,12
183,40,10,83,2,14.347262135245902,8
184,77,22,51,7,14.34162590555927,15
185,7,27,77,8,14.33556677589385,19
186,80,18,50,4,14.309192739594003,14
187,46,11,102,3,14.30749471315205,8
188,34,12,37,3,14.30057126443514,9
189,30,11,11,3,14.29951613613078,8
190,74,21,60,7,14.268042080973931,14
191,16,21,94,6,14.265495530226408,15
192,30,15,77,4,14.240898393688356,11
193,91,28,60,9,14.219487017087326,19
194,63,11,66,3,14.209916362631539,8
195,41,11,80,3,14.18671629223256,8
196,71,18,54,6,14.183245475418028,12
197,51,23,81,8,14.18139248312247,15
198,40,29,77,8,14.048771071022596,21
199,15,25,39,6,14.010931018079322,19
200,40,24,71,7,13.948125771645659,17
201,75,19,69,5,13.942304484906579,14
202,2,16,54,4,13.913344645570438,12
203,53,19,50,6,13.883151416746285,13
204,30,23,13,8,13.875626061777945,15
205,11,13,83,3,13.863860744018647,10
206,86,19,52,5,13.851910838120485,14
207,97,11,112,2,13.794615799527321,9
208,63,14,33,4,13.733555706081617,10
209,63,25,31,7,13.714594813504092,18
210,104,14,44,4,13.703910249073422,10
211,92,16,86,5,13.67676060817369,11
212,93,12,46,3,13.65474091099076,9
213,26,23,86,6,13.54200453358962,17
214,64,18,104,5,13.54129056151704,13
215,27,26,60,6,13.540065663312776,20
216,37,10,10,4,13.538762623915124,6
217,74,11,103,3,13.53565105452587,8
218,104,15,38,5,13.530669032796665,10
219,7,11,66,4,13.514093541012448,7
220,78,10,1,3,13.511302040012387,7
221,34,10,70,3,13.500624883981928,7
222,108,14,39,5,13.481039273987522,9
223,93,10,90,3,13.452391800759148,7
224,102,17,55,5,13.448934349992445,12
225,36,15,35,4,13.440272285829963,11
226,25,12,32,5,13.427877456338663,7
227,75,15,53,5,13.423496737137006,10
228,74,18,62,5,13.411803700884374,13
229,104,12,35,4,13.369677424437178,8
230,55,11,32,4,13.36363963009391,7
231,16,18,83,5,13.351235477213141,13
232,15,11,3,4,13.349088796326875,7
233,100,12,112,4,13.302851040311163,8
234,64,19,106,6,13.295192075566398,13
235,7,12,99,4,13.274517260788409,8
236,102,31,5,10,13.269431869962297,21
237,95,23,11,6,13.26328800508424,17
238,11,39,96,12,13.25258237771624,27
239,95,36,88,11,13.24512473637818,25
240,8,16,41,4,13.244566662838952,12
241,102,11,17,3,13.231752901126407,8
242,108,13,60,4,13.225499906177388,9
243,50,16,46,6,13.220197801431311,10
244,48,26,54,8,13.218100464174018,18
245,36,18,54,6,13.217744798273172,12
246,41,13,28,4,13.19117071449606,9
247,79,14,87,3,13.17533484699995,11
248,97,12,35,3,13.159538935863281,9
249,95,28,37,7,13.149042342745604,21
250,53,15,77,5,13.125923769197524,10
251,83,10,70,4,13.118339150755117,6
252,71,12,38,3,13.11375866950239,9
253,2,10,38,4,13.106587736027677,6
254,104,38,46,12,13.083570903140268,26
255,6,11,9,4,13.029614696230583,7
256,27,12,114,4,13.009570993376595,8
257,13,72,31,23,12.993302649386727,49
258,74,33,28,10,12.957271538108257,23
259,23,16,17,5,12.920452187354222,11
260,98,12,75,4,12.900340980932176,8
261,2,21,65,5,12.890027578518202,16
262,87,11,35,4,12.88940090296237,7
263,23,14,45,4,12.875487654765548,10
264,27,19,109,7,12.854514856980066,12
265,108,10,9,4,12.825707088631287,6
266,49,20,104,6,12.812277987885736,14
267,104,20,27,5,12.796343894614777,15
268,54,12,81,4,12.757047966098476,8
269,95,10,36,3,12.746346244298937,7
270,33,14,106,4,12.736963404825662,10
271,46,24,106,9,12.725492516069492,15
272,80,16,51,5,12.713909479894406,11
273,111,16,88,4,12.710530076381987,12
274,30,11,52,3,12.667026316194523,8
275,48,14,5,4,12.657719903594751,10
276,75,33,54,11,12.657132724468571,22
277,64,24,112,6,12.576658543796354,18
278,80,34,63,10,12.572385685987726,24
279,57,27,5,8,12.572003913811171,19
280,54,14,58,5,12.535089602873327,9
281,75,27,5,10,12.535083552437033,17
282,53,40,88,12,12.503961998215976,28
283,111,14,51,4,12.456032818979448,10
284,36,17,50,7,12.423703215189779,10
285,43,16,53,4,12.41343484704957,12
286,37,10,112,3,12.392005916673293,7
287,67,12,97,3,12.35346782744064,9
288,49,20,60,6,12.352144520803872,14
289,87,13,33,4,12.350753088118475,9
290,100,22,54,7,12.349967715760691,15
291,87,12,19,4,12.34527153536319,8
292,78,10,20,3,12.337947782230119,7
293,18,11,46,3,12.326844972781839,8
294,28,10,108,4,12.299856976610261,6
295,107,23,35,6,12.292793992800663,17
296,87,27,114,10,12.28642258906464,17
297,32,10,39,3,12.25900875776762,7
298,91,23,39,7,12.232573714352018,16
299,11,21,70,6,12.22505126846703,15
300,78,11,106,3,12.210243252742755,8
301,7,18,76,7,12.19661731578168,11
302,109,17,39,4,12.189314131019263,13
303,2,22,70,8,12.153236389251056,14
304,92,12,63,5,12.136993324985582,7
305,34,14,20,4,12.080633416209027,10
306,34,21,28,6,12.064560123194633,15
307,98,28,96,9,12.0522531035848,19
308,1,12,104,4,12.020108292717422,8
309,53,10,54,3,11.951994898142782,7
310,95,27,18,9,11.951490678023532,18
311,62,18,63,6,11.898616241132697,12
312,90,18,104,6,11.89837391797068,12
313,78,10,47,4,11.843066191666676,6
314,83,10,17,4,11.812775268760372,6
315,53,10,91,3,11.811611902058761,7
316,8,21,40,6,11.791921402372775,15
317,44,10,54,3,11.791894285038754,7
318,91,12,65,4,11.784658313781675,8
319,104,19,71,7,11.784281392964672,12
320,70,20,57,8,11.777168573797624,12
321,55,37,1,11,11.76903355576794,26
322,16,11,67,3,11.761532223804268,8
323,16,27,69,9,11.757721074864538,18
324,15,17,51,6,11.740493233850566,11
325,108,23,70,7,11.716508786473797,16
326,7,20,19,5,11.707331952559509,15
327,91,13,96,4,11.692854193124042,9
328,30,30,39,10,11.676641348162722,20
329,78,17,107,5,11.64562231980435,12
330,55,11,103,3,11.639657223031874,8
331,7,14,10,5,11.631959119868696,9
332,13,65,88,21,11.593746975603075,44
333,15,21,18,6,11.590119158022436,15
334,90,15,39,5,11.57797650142359,10
335,33,15,50,5,11.568332857311571,10
336,36,16,104,6,11.564722196156039,10
337,111,10,71,3,11.563837134119533,7
338,49,10,15,3,11.54727068179138,7
339,74,15,76,6,11.544600382799558,9
340,49,12,27,4,11.521519655834481,8
341,69,10,91,4,11.501202941557144,6
342,65,12,57,4,11.482165332996512,8
343,47,14,81,4,11.445134927289029,10
344,86,19,72,6,11.423615729846855,13
345,114,39,106,13,11.417874917507987,26
346,29,10,95,3,11.401888238693152,7
347,76,23,35,8,11.396918545348738,15
348,4,11,38,3,11.395009854616484,8
349,11,18,57,7,11.361151811212741,11
350,100,15,43,6,11.350388483589276,9
351,69,12,18,4,11.324568934723304,8
352,47,23,60,7,11.313305625779169,16
353,63,46,28,14,11.30701920844641,32
354,80,10,79,4,11.30670069299901,6
355,30,15,70,6,11.30291408800561,9
356,7,25,96,7,11.300422106484014,18
357,80,10,5,3,11.295210617596885,7
358,29,10,86,3,11.288307199014056,7
359,2,14,55,5,11.276816159574059,9
360,65,23,29,9,11.272698873119092,14
361,86,14,103,5,11.266539954551964,9
362,78,12,16,4,11.259161752967472,8
363,90,12,48,4,11.252381363492233,8
364,87,29,70,11,11.250414739740135,18
365,107,16,83,5,11.249585120390279,11
366,40,13,81,4,11.249205674756393,9
367,95,28,51,8,11.244919045567018,20
368,75,17,109,5,11.242273446455997,12
369,46,20,96,8,11.223825219116966,12
370,73,13,51,4,11.219804453521853,9
371,98,18,106,6,11.217270403208776,12
372,28,21,68,6,11.213633194972727,15
373,89,11,1,4,11.209011069389932,7
374,114,45,65,16,11.207925536927627,29
375,6,12,61,4,11.200388242698187,8
376,91,10,109,3,11.192740070217315,7
377,58,15,13,4,11.187681570256991,11
378,30,15,46,5,11.187097177578687,10
379,43,16,4,6,11.162760468553993,10
380,74,13,32,4,11.101664191982366,9
381,58,16,68,5,11.098600977228575,11
382,85,10,50,3,11.098189393682755,7
383,78,13,80,4,11.097915766170063,9
384,12,10,87,3,11.056786464431308,7
385,99,11,11,4,11.04788337752713,7
386,32,12,114,4,11.045874107216177,8
387,98,11,88,3,11.027639102171307,8
388,45,12,68,4,11.024019728389067,8
389,41,14,92,5,11.016394202336144,9
390,98,10,68,3,11.014423279510455,7
391,15,13,71,4,11.00914391321026,9
392,56,13,107,5,11.000292497508868,8
393,58,16,69,6,10.99341396878222,10
394,75,18,43,5,10.989434810711296,13
395,50,37,88,13,10.986958086725295,24
396,9,15,47,5,10.968614103246173,10
397,15,10,53,3,10.953947902365101,7
398,15,19,107,5,10.951282290046715,14
399,89,10,13,4,10.939542022741618,6
400,27,14,64,4,10.925557497140753,10
401,78,10,31,4,10.912809716780329,6
402,73,17,5,6,10.907383059794872,11
403,100,11,46,4,10.904685887838546,7
404,102,10,35,4,10.903207987031468,6
405,63,41,88,12,10.89220871689106,29
406,111,21,41,8,10.875724405637953,13
407,17,11,78,4,10.875549356054371,7
408,71,16,77,5,10.872072685026803,11
409,30,25,54,8,10.869653792907938,17
410,20,18,9,6,10.865484007949272,12
411,27,30,65,10,10.85658782517334,20
412,98,25,87,8,10.830753925226269,17
413,109,34,8,13,10.819891467814772,21
414,106,17,81,7,10.816681182916202,10
415,104,27,77,9,10.795670361212093,18
416,55,25,91,7,10.791612827626562,18
417,11,25,84,8,10.781678694551522,17
418,47,11,15,4,10.775485769989336,7
419,59,11,7,3,10.771239818059199,8
420,27,27,31,11,10.758919665279384,16
421,23,20,39,7,10.742827162036496,13
422,37,15,60,6,10.721994289598655,9
423,53,18,17,6,10.719913358297381,12
424,54,11,111,3,10.714143810197228,8
425,114,13,81,5,10.713660949239014,8
426,43,13,36,5,10.713552025008548,8
427,47,14,18,4,10.710476641545714,10
428,51,25,74,7,10.704030149650722,18
429,40,23,17,7,10.673939896309559,16
430,5,25,98,9,10.66291868554062,16
431,30,20,64,7,10.642272986004784,13
432,98,18,71,6,10.627953776602759,12
433,100,34,51,15,10.627667133899466,19
434,16,12,101,4,10.622717697482882,8
435,7,31,91,9,10.609100286101588,22
436,75,15,38,4,10.597530026810052,11
437,75,51,7,17,10.587695481592943,34
438,69,18,28,7,10.575983527327304,11
439,95,15,9,6,10.569002592922953,9
440,37,45,54,15,10.551214199845806,30
441,86,16,56,5,10.543126647721753,11
442,71,19,97,6,10.5235339621969,13
443,27,27,36,10,10.523349599331352,17
444,89,14,37,6,10.519274673853001,8
445,114,12,12,5,10.50495457801322,7
446,50,37,20,12,10.501577095705528,25
447,75,14,102,4,10.47886729381523,10
448,75,35,8,11,10.477015226263449,24
449,23,12,77,4,10.472073733658851,8
450,6,10,31,4,10.459894630543896,6
451,49,10,62,3,10.4539945527009,7
452,34,11,60,3,10.444545857082172,8
453,44,16,39,6,10.434810009571377,10
454,95,19,114,7,10.422604339796184,12
455,110,11,7,5,10.422576579231729,6
456,106,16,93,6,10.37915501513517,10
457,16,24,1,6,10.362823173840477,18
458,3,11,18,3,10.36192093091692,8
459,104,13,81,6,10.361322759461329,7
460,94,10,7,3,10.355621654064773,7
461,1,17,63,7,10.344681903521664,10
462,37,13,1,5,10.342164269053148,8
463,7,14,81,6,10.32158298772756,8
464,57,18,63,7,10.314939985261887,11
465,40,13,78,3,10.282455211399137,10
466,71,10,84,3,10.279461085413814,7
467,34,12,104,4,10.27427919250402,8
468,77,12,99,3,10.252199704478638,9
469,67,16,106,6,10.252161434234207,10
470,7,43,25,14,10.249875265637385,29
471,30,17,31,7,10.214096274935343,10
472,25,24,68,8,10.211790433098953,16
473,11,36,37,12,10.20717474941383,24
474,48,24,96,8,10.200121519345739,16
475,98,15,2,6,10.198603389321667,9
476,71,13,33,4,10.195530501937561,9
477,97,41,37,14,10.190687502541845,27
478,89,13,104,5,10.17868688184359,8
479,64,24,9,7,10.178655144521006,17
480,40,11,69,3,10.175676528085834,8
481,58,13,39,4,10.147489402696785,9
482,96,11,23,4,10.143008283174426,7
483,53,37,31,14,10.136338371296793,23
484,92,10,109,3,10.132066653367776,7
485,46,14,70,5,10.128652016947743,9
486,8,20,15,8,10.121581558030638,12
487,8,10,35,3,10.118762046100299,7
488,50,20,102,8,10.118106239071224,12
489,53,36,36,11,10.114732824687987,25
490,18,24,8,7,10.103008591242306,17
491,89,11,74,4,10.093150392265771,7
492,28,14,94,4,10.089052267433145,10
493,79,12,106,4,10.079963228120917,8
494,13,23,83,8,10.067954696106945,15
495,110,10,28,4,10.06674072061994,6
496,91,11,71,4,10.058832289642849,7
497,44,10,38,3,10.048373138060269,7
498,70,12,29,5,10.037060199943541,7
499,11,14,18,5,10.031989827572826,9
500,20,12,3,4,10.029309207648437,8
501,60,15,29,6,10.014518053593553,9
502,43,13,9,5,10.011482215577137,8
503,54,15,43,6,10.003127798418703,9
504,75,12,57,4,10.001839571130395,8
505,95,25,65,9,9.987438820754939,16
506,34,11,48,4,9.987399142382838,7
507,107,13,10,5,9.987353405179212,8
508,87,13,52,5,9.984852518055051,8
509,73,18,88,6,9.974203425238965,12
510,38,10,17,4,9.957251396991316,6
511,95,10,2,3,9.920312629990502,7
512,25,14,3,5,9.907996037168818,9
513,18,39,39,13,9.885046818102031,26
514,17,15,71,6,9.874078720771614,9
515,63,34,91,11,9.863803572303501,23
516,76,12,18,4,9.847622493503502,8
517,30,16,63,6,9.842696842263113,10
518,86,26,79,9,9.841357831333449,17
519,53,10,98,4,9.839111782848335,6
520,54,13,57,3,9.824315369895016,10
521,104,25,75,9,9.822163907084754,16
522,48,27,107,10,9.812988008703408,17
523,62,10,93,4,9.798162399200404,6
524,37,24,83,9,9.783726366978417,15
525,104,16,84,6,9.771299141827564,10
526,6,10,51,4,9.769920787003374,6
527,100,12,62,5,9.768885934940618,7
528,38,10,28,4,9.755543154623547,6
529,16,42,18,14,9.75454627994462,28
530,89,13,16,5,9.733195931265595,8
531,16,16,32,6,9.72172092201369,10
532,78,13,57,5,9.706642642705255,8
533,100,19,87,8,9.686243494464469,11
534,30,13,84,4,9.677396996952378,9
535,17,17,109,6,9.672922776879656,11
536,53,12,38,4,9.664145468055217,8
537,35,14,45,6,9.663816215290334,8
538,53,19,108,8,9.662757254259093,11
539,100,12,71,4,9.66068752031631,8
540,87,30,9,12,9.657202776782617,18
541,111,16,63,6,9.656549842780759,10
542,41,15,17,5,9.654478177971624,10
543,22,10,114,5,9.649313306364819,5
544,93,10,104,4,9.637966581885273,6
545,57,28,107,10,9.636004223648037,18
546,41,23,53,8,9.631953807885303,15
547,100,17,63,7,9.628829836647935,10
548,70,17,109,6,9.623350653501726,11
549,76,16,9,5,9.621504571842449,11
550,99,14,8,6,9.61106559286031,8
551,83,18,84,7,9.609473734372159,11
552,8,13,53,4,9.596286006275326,9
553,80,14,39,5,9.589468521855673,9
554,73,20,7,8,9.582485903794176,12
555,39,33,20,13,9.569657195151713,20
556,64,44,60,14,9.569439655645416,30
557,13,24,97,9,9.567486234498416,15
558,92,15,68,5,9.538113226799515,10
559,106,13,108,4,9.535201707134298,9
560,1,22,31,9,9.525804060927038,13
561,20,32,25,11,9.520523686179052,21
562,60,25,69,11,9.516572001635845,14
563,8,17,36,6,9.51236026695053,11
564,90,14,80,4,9.509239360264802,10
565,114,13,2,5,9.509158562417847,8
566,37,22,99,7,9.502759058160713,15
567,37,29,7,11,9.500511382222342,18
568,107,17,66,6,9.469730190602778,11
569,112,10,29,4,9.468799644939955,6
570,16,47,96,14,9.46295382882651,33
571,76,28,68,7,9.459920139276978,21
572,51,18,110,6,9.452475656462822,12
573,86,14,94,5,9.44487953345369,9
574,32,11,63,4,9.44232166344675,7
575,78,12,53,5,9.436495389192622,7
576,64,14,92,7,9.432471863302014,7
577,80,31,107,10,9.425810020032932,21
578,15,10,1,3,9.421594860471428,7
579,38,11,112,3,9.41394016209822,8
580,65,35,93,14,9.411885467293352,21
581,86,37,76,13,9.404159373470087,24
582,63,25,109,10,9.392892060380623,15
583,109,11,36,3,9.390936468630548,8
584,29,11,51,4,9.382792177373643,7
585,76,17,39,5,9.374915521858481,12
586,28,15,111,5,9.365771514395545,10
587,15,15,87,6,9.356894108440963,9
588,23,12,50,3,9.354699302165745,9
589,18,25,9,8,9.349773872691086,17
590,98,10,48,3,9.346073134818257,7
591,109,10,29,5,9.339951738191694,5
592,60,16,58,6,9.319426070200468,10
593,50,17,70,7,9.316243790355681,10
594,110,12,107,4,9.307853181235298,8
595,86,15,67,6,9.30654184494345,9
596,63,19,77,6,9.291814452323939,13
597,75,13,93,5,9.279825087560205,8
598,65,13,66,4,9.24629898792323,9
599,15,10,76,4,9.241288842836553,6
600,2,31,107,11,9.235597195463594,20
601,64,15,37,5,9.227089681457187,10
602,64,11,81,4,9.217681779438383,7
603,27,15,4,6,9.214915067697104,9
604,54,15,76,5,9.21434337052745,10
605,2,12,40,4,9.204153353273352,8
606,73,17,40,6,9.199997222971483,11
607,17,16,9,6,9.184055414811954,10
608,15,30,88,9,9.176202112652083,21
609,41,39,86,13,9.172157333193887,26
610,41,15,49,6,9.171912615870818,9
611,40,15,102,6,9.171373555966685,9
612,92,15,40,5,9.168940871834318,10
613,16,63,106,21,9.160803291418002,42
614,27,12,30,5,9.159316291712274,7
615,39,27,43,11,9.158740133364713,16
616,50,43,5,17,9.156049369840707,26
617,13,42,18,16,9.15021879704067,26
618,86,25,1,9,9.12482621931439,16
619,104,18,17,7,9.118260519592532,11
620,92,11,17,4,9.114563540800457,7
621,109,15,31,5,9.11388757240418,10
622,48,11,51,5,9.079697327016948,6
623,95,34,8,13,9.079209474058969,21
624,74,23,39,9,9.075238839119182,14
625,44,29,86,10,9.073857704921485,19
626,28,34,75,12,9.068390514566694,22
627,39,18,112,7,9.062101008825092,11
628,58,10,112,4,9.041979275484929,6
629,48,23,87,8,9.021568034700334,15
630,5,15,36,6,9.008614310253613,9
631,62,10,69,4,9.007065239439928,6
632,17,17,60,6,8.995312545980157,11
633,47,20,114,8,8.969382880850322,12
634,28,11,32,4,8.963821007682872,7
635,11,13,80,5,8.941133144462878,8
636,73,12,31,4,8.938919570135752,8
637,30,38,107,14,8.938338387407445,24
638,11,10,91,3,8.923724837318142,7
639,16,101,88,35,8.918867116206172,66
640,110,19,25,6,8.917701672558222,13
641,89,15,107,5,8.908975430626485,10
642,7,20,109,7,8.9080321410632,13
643,112,13,84,4,8.889684705674227,9
644,69,12,97,4,8.888377862411462,8
645,87,26,91,9,8.88711273267609,17
646,64,11,20,3,8.885928507652636,8
647,28,16,40,7,8.877350715587877,9
648,28,30,114,12,8.875783073761175,18
649,23,16,12,6,8.872217683410865,10
650,107,29,43,10,8.857175926154707,19
651,102,16,51,6,8.84826485855953,10
652,53,17,3,6,8.84518913908164,11
653,32,15,87,5,8.84415502943487,10
654,49,13,77,4,8.842593838828115,9
655,51,47,63,19,8.825173206487683,28
656,63,19,36,7,8.822881427312195,12
657,63,28,76,9,8.821395394022662,19
658,36,18,47,6,8.810892372607714,12
659,106,10,42,3,8.802546839644418,7
660,107,28,31,13,8.798674063671836,15
661,97,22,51,7,8.785196874414883,15
662,106,23,18,8,8.778191080978742,15
663,84,29,39,11,8.776044272286493,18
664,39,36,88,13,8.756638990991734,23
665,100,21,39,8,8.754145947004435,13
666,38,14,106,7,8.74501943352997,7
667,104,23,11,8,8.742484307216115,15
668,4,22,17,7,8.727735068009611,15
669,58,10,45,4,8.721721801464442,6
670,63,15,102,6,8.710165699989911,9
671,63,43,84,17,8.70618813898903,26
672,63,35,20,14,8.705248065274409,21
673,30,10,2,4,8.704387763563812,6
674,110,14,39,4,8.694421097429624,10
675,76,15,60,4,8.678706996102921,11
676,77,16,88,6,8.678317130754186,10
677,9,31,31,11,8.678153869820548,20
678,51,14,112,5,8.662465094799597,9
679,102,32,86,11,8.651776846078937,21
680,41,19,97,7,8.638943706099205,12
681,23,34,60,12,8.608807282411219,22
682,90,22,50,8,8.598522697494,14
683,40,15,49,6,8.588514005098899,9
684,95,23,55,8,8.575006509864881,15
685,78,19,7,8,8.565348954184037,11
686,86,86,51,35,8.557465951431581,51
687,78,11,36,4,8.552435160203329,7
688,114,13,62,5,8.54955618000272,8
689,84,14,3,6,8.535145143847831,8
690,18,12,20,4,8.532272478061662,8
691,12,13,106,4,8.530975907772834,9
692,86,28,48,10,8.527783865058886,18
693,62,23,88,9,8.512625127129992,14
694,63,17,69,5,8.506537399631053,12
695,91,10,45,4,8.504304930616431,6
696,20,29,84,9,8.50003607110509,20
697,20,20,41,8,8.499902151857665,12
698,64,28,40,10,8.496071624321134,18
699,94,10,37,3,8.495177713557318,7
700,75,16,1,5,8.487454866261048,11
701,75,56,68,19,8.48370722934506,37
702,85,10,16,3,8.463981088255792,7
703,95,14,96,5,8.45037398259218,9
704,8,32,114,11,8.446067232393613,21
705,52,12,20,4,8.437421503459811,8
706,96,24,70,11,8.437417991026262,13
707,55,20,114,7,8.432483182241098,13
708,47,31,13,12,8.428277126431585,19
709,90,20,13,7,8.424919065495569,13
710,73,19,90,7,8.424101991862472,12
711,48,21,79,8,8.423308200700252,13
712,64,20,8,7,8.418575329228204,13
713,68,24,91,10,8.412577437061728,14
714,30,10,38,3,8.411592281207323,7
715,109,14,67,7,8.410228891959628,7
716,91,19,20,8,8.407006886407046,11
717,67,10,104,4,8.393331116483226,6
718,28,14,52,6,8.38312541721312,8
719,45,21,107,8,8.374668953212842,13
720,11,11,9,4,8.359525570926444,7
721,7,22,5,8,8.357081514884824,14
722,13,18,98,6,8.341994513785483,12
723,76,39,51,13,8.339242903099507,26
724,28,11,29,4,8.329043879308335,7
725,76,25,50,8,8.328303760573554,17
726,102,17,88,5,8.307899790454732,12
727,18,22,97,8,8.29806548281246,14
728,80,19,37,7,8.285055505298251,12
729,90,31,106,10,8.283845461248372,21
730,41,18,91,6,8.276671952774393,12
731,100,15,55,7,8.275270908208638,8
732,75,12,76,5,8.269580351796622,7
733,50,34,55,14,8.268886532039616,20
734,37,12,14,5,8.266467835075433,7
735,40,49,55,18,8.264830770768937,31
736,94,10,2,4,8.235738884159371,6
737,69,21,106,8,8.230262561693124,13
738,39,21,37,8,8.224748721746492,13
739,102,10,39,4,8.224547128845817,6
740,41,28,104,12,8.222150207467429,16
741,40,24,3,8,8.21009163331203,16
742,8,25,57,9,8.20914757769532,16
743,11,24,109,8,8.196422948591085,16
744,19,13,13,5,8.194839200536869,8
745,13,10,35,4,8.193263635625328,6
746,107,10,61,4,8.19056957850756,6
747,104,35,60,10,8.183651908443375,25
748,108,13,98,5,8.179403178791242,8
749,16,19,47,7,8.178952833737183,12
750,68,11,33,4,8.166895131198165,7
751,4,10,112,4,8.145974306589784,6
752,75,12,29,5,8.144839094845086,7
753,81,15,16,5,8.120114808218235,10
754,100,19,88,7,8.116464062015535,12
755,114,14,57,5,8.115945976762234,9
756,45,31,7,12,8.099756768827417,19
757,60,30,50,13,8.087484578525554,17
758,29,11,37,4,8.087342118064884,7
759,8,61,5,24,8.080732178020162,37
760,110,16,97,6,8.077466293642946,10
761,16,72,39,28,8.067394918609539,44
762,16,18,14,7,8.06483217295593,11
763,53,13,46,5,8.064750592390656,8
764,43,24,86,8,8.063012454340049,16
765,51,15,91,5,8.060157448942936,10
766,9,11,12,4,8.058955245687951,7
767,37,16,27,6,8.030406858059436,10
768,108,26,13,9,8.028546837864388,17
769,75,41,50,14,8.02466935745211,27
770,35,11,9,5,8.012816785902409,6
771,48,12,25,5,8.01244102921806,7
772,43,18,31,10,8.011472574516002,8
773,86,51,39,21,8.000320040451781,30
774,102,19,96,7,7.9956311609664965,12
775,13,16,70,6,7.990308468406848,10
776,5,28,84,11,7.986435375626319,17
777,12,12,4,4,7.976222296376225,8
778,81,30,13,11,7.974436586188656,19
779,65,25,5,10,7.967561696591304,15
780,89,12,53,5,7.9499730264780055,7
781,73,17,87,5,7.942207150258419,12
782,27,13,77,5,7.939137496569419,8
783,18,10,34,3,7.934073113605032,7
784,77,12,64,6,7.9282827223690555,6
785,33,16,20,6,7.928062438364485,10
786,54,22,18,9,7.917650548154775,13
787,88,10,82,4,7.912578083642496,6
788,16,23,76,11,7.906950340887347,12
789,76,11,108,4,7.890267325318871,7
790,70,15,69,5,7.8892362038055985,10
791,103,14,16,5,7.884424733518567,9
792,60,24,81,9,7.879588509675568,15
793,55,17,23,8,7.871570609888838,9
794,114,25,90,10,7.8701656835045455,15
795,44,12,35,5,7.859665557157517,7
796,106,26,91,9,7.859341034872018,17
797,53,19,109,7,7.841205358929896,12
798,7,11,2,4,7.836909370766421,7
799,63,57,54,21,7.834983225160246,36
800,8,17,98,6,7.8322640771965775,11
801,25,46,46,19,7.8204011950255445,27
802,75,21,49,8,7.802050873504809,13
803,114,12,110,4,7.80031681097971,8
804,50,15,48,5,7.798532000224024,10
805,68,28,18,11,7.775566947501909,17
806,92,14,114,4,7.774797164908212,10
807,41,15,81,5,7.770221546669875,10
808,10,14,86,6,7.764445720347282,8
809,53,11,73,4,7.756297558195456,7
810,37,49,25,20,7.755599308877524,29
811,46,11,1,5,7.752232750476011,6
812,73,13,54,5,7.746921178252216,8
813,44,11,84,5,7.741464370739849,6
814,63,10,52,4,7.736846011905835,6
815,86,28,112,11,7.733542128760624,17
816,28,28,2,10,7.726967938716942,18
817,57,19,102,8,7.725209435984633,11
818,68,44,87,17,7.713445601645926,27
819,46,13,64,5,7.701785189637151,8
820,41,15,77,5,7.700447698799743,10
821,40,39,104,14,7.699889638025223,25
822,64,11,11,3,7.699861982788657,8
823,111,25,7,10,7.69032342577198,15
824,5,32,11,12,7.687442157533876,20
825,37,24,96,10,7.665844925696509,14
826,33,13,31,6,7.647223417443057,7
827,70,11,60,4,7.6464357490262,7
828,16,35,9,12,7.644783932906991,23
829,108,20,88,7,7.642505031143237,13
830,53,27,30,11,7.642346295513209,16
831,97,29,5,10,7.639418302115124,19
832,96,22,80,8,7.6325568595370585,14
833,23,13,91,6,7.630492751883036,7
834,16,63,63,25,7.62690807086149,38
835,38,16,84,7,7.623292346759984,9
836,87,27,41,10,7.608960513510675,17
837,18,20,36,8,7.5949028785012285,12
838,20,15,90,6,7.5926874674698235,9
839,58,18,88,7,7.5880987725104365,11
840,72,10,36,4,7.585561627806539,6
841,46,12,77,5,7.574271980014295,7
842,34,14,5,4,7.5706698448560905,10
843,12,16,107,5,7.554377135078079,11
844,51,20,33,6,7.54115209621082,14
845,64,31,51,12,7.527516454843379,19
846,6,11,55,3,7.526848268362216,8
847,55,18,77,7,7.520653437888106,11
848,65,11,52,3,7.51122589655402,8
849,41,11,96,3,7.480521636982391,8
850,48,10,89,3,7.476757612743907,7
851,70,14,36,6,7.476080415111229,8
852,108,15,63,6,7.475559971035058,9
853,64,37,31,14,7.4738922265185375,23
854,45,12,53,5,7.463487107897495,7
855,40,64,68,23,7.460123554388273,41
856,37,21,110,9,7.457046552670356,12
857,86,53,97,21,7.453774682156136,32
858,75,17,100,8,7.449782688238093,9
859,46,30,75,12,7.449361290092638,18
860,70,13,71,6,7.447387393345601,7
861,8,28,84,10,7.447150756775401,18
862,64,17,43,7,7.43896725456377,10
863,63,23,18,8,7.424434558796218,15
864,54,44,109,16,7.42149631612999,28
865,8,19,91,7,7.416456742894205,12
866,36,34,41,16,7.412500474371832,18
867,13,27,69,10,7.410798113719347,17
868,16,65,55,23,7.4088914596986175,42
869,37,41,46,14,7.398384968299374,27
870,1,10,5,4,7.391988711274886,6
871,73,10,71,4,7.37323406519455,6
872,34,15,74,5,7.367415754617591,10
873,25,16,33,5,7.36592627296452,11
874,77,10,114,4,7.3654772203978025,6
875,49,12,64,5,7.364918196286091,7
876,53,18,61,6,7.3640960284192225,12
877,49,13,23,5,7.360298065336568,8
878,73,25,8,10,7.35879002547718,15
879,58,25,107,9,7.327155673902655,16
880,70,42,5,17,7.323141246130927,25
881,1,23,65,10,7.319832649719675,13
882,109,26,55,12,7.3182997081126135,14
883,39,24,106,10,7.31226919998241,14
884,16,41,91,14,7.309347152714904,27
885,97,17,36,7,7.301788222671786,10
886,93,14,11,4,7.294440502359943,10
887,44,19,13,7,7.286242475868136,12
888,114,42,13,19,7.284350704257176,23
889,2,24,106,10,7.283295399336633,14
890,91,16,54,7,7.27744302438935,9
891,65,42,20,15,7.275621933808215,27
892,55,20,68,7,7.273979151335479,13
893,106,13,57,6,7.272492874678534,7
894,62,10,96,3,7.268496266352443,7
895,110,16,70,6,7.267896542251015,10
896,20,17,98,6,7.267496359610282,11
897,41,31,31,12,7.267301725174954,19
898,75,19,81,7,7.259552889264539,12
899,38,11,54,4,7.25460278530091,7
900,98,12,93,5,7.2513528092711335,7
901,46,13,90,5,7.250761878801304,8
902,31,14,5,5,7.246607645789562,9
903,54,32,40,13,7.243609732204195,19
904,20,10,75,4,7.241047227766171,6
905,13,60,106,23,7.22482230869508,37
906,35,20,40,7,7.2238461178978355,13
907,41,12,3,3,7.218526234783575,9
908,27,20,63,9,7.19472225275396,11
909,23,12,47,4,7.180906240191946,8
910,36,16,112,6,7.175574629533441,10
911,87,23,93,9,7.164798687762667,14
912,5,17,60,6,7.144002600647477,11
913,18,39,75,16,7.143872456900073,23
914,16,39,46,15,7.133033464233674,24
915,75,57,107,18,7.131800392099847,39
916,63,32,48,12,7.1299692009467925,20
917,88,11,67,3,7.127393540580368,8
918,88,23,3,9,7.12663205785296,14
919,50,21,18,9,7.12662202019937,12
920,67,12,107,4,7.124134838046416,8
921,36,20,3,7,7.093052097907007,13
922,63,11,85,5,7.079874969572199,6
923,28,35,70,14,7.078735797739843,21
924,107,19,102,8,7.0774996579991125,11
925,102,14,98,6,7.075813129571894,8
926,63,21,38,7,7.07127755522525,14
927,50,14,49,6,7.064134383315743,8
928,100,21,25,9,7.062312436550092,12
929,44,13,64,5,7.05920038211248,8
930,30,39,65,15,7.0585708403802245,24
931,65,16,73,6,7.056062739811479,10
932,94,14,43,5,7.04208807677441,9
933,37,28,38,11,7.0413163805665135,17
934,41,15,112,6,7.039515078376401,9
935,62,15,51,6,7.028758985101916,9
936,100,16,18,7,7.026565168419708,9
937,95,15,40,6,7.026458120737083,9
938,87,27,53,12,7.022639512769477,15
939,91,30,98,12,7.005781194364029,18
940,45,14,86,6,7.001591160951405,8
941,80,13,48,4,6.99747900943173,9
942,57,22,39,9,6.994065127671541,13
943,62,15,5,6,6.992708759597391,9
944,114,19,1,7,6.990089974683044,12
945,111,23,13,10,6.988942249892523,13
946,17,20,55,9,6.987444025974705,11
947,46,23,39,11,6.9816941894182785,12
948,8,17,33,6,6.975602243001775,11
949,53,18,12,8,6.969479938527376,10
950,16,34,36,13,6.9623095532486845,21
951,32,18,104,6,6.95922508638955,12
952,15,11,50,4,6.950752908185209,7
953,19,13,39,6,6.948417519072789,7
954,99,12,88,5,6.93913123202866,7
955,16,29,64,10,6.934362108400395,19
956,68,15,19,7,6.924559442631492,8
957,75,19,30,8,6.923427737676235,11
958,15,18,104,7,6.920093805338113,11
959,104,36,55,14,6.909075624793388,22
960,49,10,53,4,6.907813000954768,6
961,76,16,88,7,6.891817282335726,9
962,90,22,65,10,6.887045978873851,12
963,114,47,5,19,6.885144276646171,28
964,106,15,99,5,6.882359612487447,10
965,84,13,78,5,6.8775899451817635,8
966,7,48,87,18,6.866073104845454,30
967,60,43,4,19,6.864343045215706,24
968,75,17,11,7,6.860129083231025,10
969,114,19,96,7,6.8573207383282995,12
970,13,29,95,12,6.852052215706936,17
971,7,99,51,37,6.849475435937799,62
972,86,80,96,31,6.839782165020975,49
973,78,14,96,5,6.830515928543477,9
974,95,25,106,9,6.830338155584792,16
975,7,20,46,7,6.829366067671735,13
976,89,10,68,4,6.826893879643049,6
977,68,69,31,28,6.821634358561019,41
978,30,22,104,10,6.820606807560422,12
979,56,13,4,6,6.816273515879696,7
980,25,14,9,5,6.810304163725227,9
981,51,20,96,8,6.809158319794973,12
982,39,22,38,9,6.807429116943057,13
983,100,16,114,6,6.806713890734189,10
984,60,18,45,8,6.8022482279138705,10
985,49,10,71,4,6.800377692667283,6
986,55,10,31,4,6.798197972656263,6
987,39,14,29,6,6.7842531834204545,8
988,6,14,27,6,6.780540737481572,8
989,81,10,108,4,6.778588424753946,6
990,33,23,107,10,6.763493299081546,13
991,13,43,23,19,6.759962036733638,24
992,53,13,90,5,6.752088210585151,8
993,30,19,18,8,6.749976540021853,11
994,94,10,71,4,6.748460655059317,6
995,74,38,96,14,6.731828732252355,24
996,14,13,95,5,6.731405281187272,8
997,27,11,98,5,6.722224921815259,6
998,100,11,95,5,6.722166987268522,6
999,65,10,32,4,6.718474357729474,6
1000,28,35,97,13,6.716635909782017,22
1001,107,25,109,9,6.707778229737099,16
1002,60,21,12,11,6.704537300087493,10
1003,83,15,74,7,6.703298030488857,8
1004,15,12,91,6,6.697476716978323,6
1005,111,11,106,3,6.697425895741327,8
1006,7,21,38,9,6.693287820142804,12
1007,107,20,47,8,6.679988416533418,12
1008,49,14,70,6,6.672966411521808,8
1009,27,36,88,16,6.672694825026893,20
1010,14,13,13,4,6.663851771345142,9
1011,83,11,71,5,6.656205380333864,6
1012,54,74,88,30,6.654867228993362,44
1013,71,19,37,8,6.653996053488669,11
1014,76,15,114,5,6.6539119931134865,10
1015,32,26,5,10,6.647447060451906,16
1016,4,30,65,12,6.6356003955737535,18
1017,25,48,5,19,6.626414170343125,29
1018,97,25,68,10,6.6196959499026775,15
1019,16,30,100,11,6.617449381235235,19
1020,71,18,81,7,6.61709770119633,11
1021,39,75,51,31,6.615588090433578,44
1022,34,16,30,6,6.601140375094157,10
1023,65,28,96,12,6.593487230396348,16
1024,13,40,43,18,6.584602401444723,22
1025,40,26,1,10,6.58137324665705,16
1026,53,26,114,11,6.571088082289226,15
1027,104,37,25,16,6.567754121461538,21
1028,85,13,84,4,6.565417829861275,9
1029,107,44,53,17,6.556157644451656,27
1030,72,11,51,5,6.553708462421182,6
1031,84,14,60,4,6.55252877595204,10
1032,16,29,27,11,6.548968077490892,18
1033,77,21,18,7,6.545250800191177,14
1034,49,10,55,4,6.541972088163769,6
1035,35,15,28,7,6.525585250622975,8
1036,90,10,102,5,6.502237322589002,5
1037,1,20,54,8,6.493394551110143,12
1038,48,10,104,4,6.493358473776671,6
1039,54,29,60,11,6.486051026424471,18
1040,70,20,9,7,6.477071321597407,13
1041,90,25,87,10,6.4548524533916245,15
1042,27,30,86,11,6.453315924089684,19
1043,6,10,28,4,6.452419128804086,6
1044,4,20,87,7,6.445923142452618,13
1045,75,49,16,20,6.443913435512626,29
1046,41,20,109,7,6.432688342356182,13
1047,40,16,33,5,6.427211772717694,11
1048,28,13,53,5,6.426853986137571,8
1049,107,19,77,8,6.416947048354687,11
1050,65,57,88,21,6.408593036147459,36
1051,106,13,77,6,6.407119934187455,7
1052,20,30,51,14,6.390780350627106,16
1053,74,13,77,5,6.38427445953612,8
1054,50,27,71,11,6.379934345675859,16
1055,74,32,84,15,6.379678119893638,17
1056,7,21,56,9,6.361794853449644,12
1057,28,12,44,6,6.357970575228094,6
1058,92,13,27,6,6.356396578041118,7
1059,86,29,83,10,6.342700324127683,19
1060,11,20,98,9,6.338677652860182,11
1061,13,18,94,7,6.333471224988879,11
1062,54,14,112,5,6.3267118256224935,9
1063,80,12,60,5,6.326591453694461,7
1064,76,11,57,4,6.324386635638288,7
1065,29,13,55,5,6.301089833667023,8
1066,39,16,83,6,6.297771796270439,10
1067,23,17,114,6,6.291790840234864,11
1068,87,26,57,10,6.2897492965158115,16
1069,70,16,64,5,6.286009204558742,11
1070,16,12,92,3,6.284475222709882,9
1071,41,11,102,4,6.282861273718874,7
1072,86,21,4,8,6.2794844995496994,13
1073,20,45,5,17,6.270373633442785,28
1074,16,28,43,10,6.26554728557569,18
1075,15,12,95,5,6.265255655621163,7
1076,92,22,39,10,6.263991845659126,12
1077,43,17,5,7,6.250727481432205,10
1078,54,15,62,6,6.240490314200175,9
1079,28,32,9,14,6.237351159402921,18
1080,104,41,50,16,6.230364171354915,25
1081,13,17,6,7,6.226729543003945,10
1082,80,31,55,14,6.225846961531592,17
1083,38,21,65,10,6.225284615552252,11
1084,74,28,70,13,6.203999405338755,15
1085,63,28,2,12,6.200018491851485,16
1086,55,14,35,6,6.181710197353361,8
1087,28,54,84,22,6.1786789402149065,32
1088,97,23,76,10,6.171425808149794,13
1089,13,47,36,18,6.167141158071529,29
1090,63,10,89,3,6.159771716986653,7
1091,16,13,58,5,6.156802466115244,8
1092,31,15,112,5,6.149641402394961,10
1093,40,48,39,19,6.1478732659202615,29
1094,78,16,63,8,6.142144937717797,8
1095,109,14,46,6,6.137839688733693,8
1096,23,10,48,4,6.136507124451633,6
1097,31,13,80,4,6.13276887148396,9
1098,55,24,97,9,6.128965912516967,15
1099,25,35,88,12,6.123879676950231,23
1100,81,13,31,4,6.117159791325403,9
1101,90,12,7,5,6.108519045195328,7
1102,102,12,60,5,6.102540677846686,7
1103,23,40,88,14,6.098802854801483,26
1104,98,39,86,17,6.096402500191193,22
1105,111,23,107,11,6.08814286411973,12
1106,79,10,108,3,6.083927302918588,7
1107,74,14,48,7,6.068043245358376,7
1108,23,27,41,11,6.068042449918637,16
1109,23,18,28,8,6.06620277166243,10
1110,69,19,68,8,6.057902735707317,11
1111,90,19,63,8,6.053395439788756,11
1112,16,48,68,18,6.053036366464971,30
1113,8,16,32,7,6.041444852098721,9
1114,7,24,98,9,6.0336860037819795,15
1115,75,31,31,14,6.033482134287373,17
1116,64,38,86,16,6.030765339147399,22
1117,64,30,65,13,6.029400567070289,17
1118,91,17,50,6,6.027790824025911,11
1119,95,20,46,8,6.027785407812038,12
1120,30,31,71,13,6.024215205048038,18
1121,85,11,7,4,6.023882130639264,7
1122,99,10,17,4,6.0116233289389776,6
1123,54,57,70,23,6.000249372764343,34
1124,86,28,81,9,5.995693836542161,19
1125,87,20,97,7,5.9946622011567,13
1126,114,25,31,11,5.991876520395493,14
1127,74,12,27,6,5.991317096712259,6
1128,64,20,18,8,5.974775055211904,12
1129,112,19,76,9,5.969192222728869,10
1130,97,18,40,7,5.966918416140386,11
1131,68,52,53,21,5.964244334939563,31
1132,97,12,10,6,5.950831581917705,6
1133,39,12,14,5,5.947548147792332,7
1134,33,15,7,7,5.9471342175078945,8
1135,104,50,28,21,5.941710221571149,29
1136,16,40,71,15,5.938571238576761,25
1137,37,45,63,18,5.933785173114154,27
1138,73,20,114,8,5.924435121305103,12
1139,93,10,63,4,5.9175632502755855,6
1140,41,15,45,5,5.9144627061547626,10
1141,100,33,107,16,5.907266287901798,17
1142,93,16,25,7,5.904464695396421,9
1143,109,19,34,8,5.8910600256239505,11
1144,46,12,36,5,5.882094180819339,7
1145,54,53,106,24,5.881114693459095,29
1146,62,17,9,7,5.86600144742425,10
1147,54,36,95,16,5.865979569344106,20
1148,51,52,65,20,5.865717524678075,32
1149,34,17,7,7,5.863504951401833,10
1150,7,20,112,8,5.8633899504874805,12
1151,86,85,88,35,5.851432908827021,50
1152,74,37,46,14,5.850135921281393,23
1153,58,13,87,5,5.8383296210552,8
1154,40,16,5,7,5.820527251695649,9
1155,100,10,49,5,5.813425744151518,5
1156,80,28,106,11,5.812470547213421,17
1157,79,13,20,5,5.810117746469002,8
1158,27,32,51,12,5.804553521558318,20
1159,7,45,64,20,5.801061458968774,25
1160,74,28,55,12,5.797157459674129,16
1161,98,26,63,11,5.795644107915217,15
1162,16,17,35,6,5.790753866714489,11
1163,11,19,35,8,5.768399159544,11
1164,64,30,71,11,5.764884814228726,19
1165,58,13,53,7,5.756559382638666,6
1166,36,12,77,5,5.751140829309578,7
1167,107,44,9,19,5.739717930392418,25
1168,25,42,106,16,5.73768822242091,26
1169,13,48,25,22,5.729332953997915,26
1170,45,14,9,5,5.727853500458987,9
1171,25,26,51,11,5.72613511284895,15
1172,98,13,17,6,5.723425305113809,7
1173,41,18,37,7,5.716493275276269,11
1174,23,10,102,4,5.7160538226538815,6
1175,114,26,40,9,5.715670519906256,17
1176,29,11,54,5,5.709851331879876,6
1177,51,26,69,10,5.708510695737555,16
1178,74,22,109,8,5.703058853572775,14
1179,28,10,85,4,5.696401332147329,6
1180,100,31,86,15,5.6938542862857835,16
1181,70,10,32,5,5.692479372096213,5
1182,23,10,43,4,5.689859175567734,6
1183,106,46,5,18,5.689619439430471,28
1184,30,25,55,10,5.686463879094618,15
1185,102,10,95,4,5.685319962340818,6
1186,47,18,68,7,5.681623794437403,11
1187,54,11,12,5,5.67450373056912,6
1188,94,10,25,5,5.671887186214519,5
1189,75,39,37,14,5.670197882049105,25
1190,16,31,99,13,5.665818337043021,18
1191,16,48,37,20,5.664774565241773,28
1192,54,11,82,4,5.664278302313932,7
1193,43,12,68,5,5.6614021510813615,7
1194,18,13,112,4,5.661004110361593,9
1195,9,13,61,5,5.652969843590383,8
1196,4,10,97,4,5.649870700339136,6
1197,39,13,97,5,5.649731064357227,8
1198,73,23,74,9,5.649045009007229,14
1199,109,11,77,5,5.645459503468274,6
1200,78,16,54,6,5.62884902035499,10
1201,86,28,73,13,5.62531345595925,15
1202,5,21,17,7,5.625033929201379,14
1203,95,26,50,11,5.619957219349123,15
1204,16,48,50,20,5.617696720442929,28
1205,114,22,3,8,5.616945915532873,14
1206,6,10,50,4,5.6169206992817635,6
1207,30,14,90,6,5.614315415339312,8
1208,100,15,50,6,5.612526049660052,9
1209,27,14,43,7,5.609839390205427,7
1210,38,13,18,6,5.608114426083465,7
1211,70,17,98,6,5.604121247592221,11
1212,99,11,63,5,5.595807733799709,6
1213,87,32,25,14,5.592843725263717,18
1214,62,21,68,9,5.591004045591886,12
1215,7,14,79,6,5.580594560810972,8
1216,39,54,68,24,5.5781138607757725,30
1217,12,17,71,7,5.57619075244912,10
1218,42,11,69,5,5.570250078296481,6
1219,11,31,54,13,5.5650490652973295,18
1220,37,60,104,24,5.563475261062019,36
1221,63,11,10,4,5.56040496031845,7
1222,31,10,95,4,5.5581891593402775,6
1223,76,14,102,6,5.556814882908007,8
1224,46,11,4,5,5.55622187464566,6
1225,8,41,25,16,5.550067480025434,25
1226,36,53,31,23,5.548564460468652,30
1227,25,18,84,7,5.5466876181289715,11
1228,86,51,75,23,5.544222274149607,28
1229,75,16,84,7,5.542746956131477,9
1230,28,36,18,16,5.538955354420103,20
1231,106,31,23,15,5.535479536227778,16
1232,54,30,68,12,5.529360876289248,18
1233,114,45,68,19,5.528966703625285,26
1234,30,23,88,11,5.525413582454542,12
1235,33,14,102,6,5.525239013163607,8
1236,88,24,57,11,5.524909922819241,13
1237,28,33,7,13,5.522079859732702,20
1238,62,10,20,4,5.517288163699186,6
1239,87,59,37,24,5.516733087496062,35
1240,95,19,83,7,5.510188596504647,12
1241,32,13,109,6,5.5080518973086185,7
1242,28,24,17,10,5.5000860869892,14
1243,67,10,102,4,5.49724656177184,6
1244,62,20,40,10,5.493314127309687,10
1245,18,10,62,4,5.493140482819633,6
1246,15,20,54,9,5.4915266593547525,11
1247,65,49,40,21,5.488110460552834,28
1248,114,23,70,9,5.484820175107314,14
1249,14,10,75,4,5.479308338136782,6
1250,99,17,36,6,5.4766719172319,11
1251,69,30,86,13,5.472935342008731,17
1252,80,11,68,4,5.466227321340817,7
1253,49,17,30,7,5.458460770772241,10
1254,75,43,71,16,5.454468163058883,27
1255,97,18,57,8,5.45235309786646,10
1256,91,18,18,7,5.437015235679076,11
1257,49,11,37,5,5.40579366661915,6
1258,4,11,58,4,5.405037105567146,7
1259,9,11,66,5,5.404825557202403,6
1260,84,10,64,3,5.401793074305331,7
1261,54,31,90,13,5.397442007333916,18
1262,93,24,54,9,5.392828840599427,15
1263,75,30,63,13,5.362343223381901,17
1264,7,35,97,16,5.356987360153851,19
1265,62,18,65,8,5.34575502328806,10
1266,97,14,102,5,5.335160623731844,9
1267,26,19,13,7,5.3234217587029,12
1268,61,15,60,7,5.316729344745585,8
1269,85,16,96,5,5.314304637448895,11
1270,87,62,65,25,5.311793490232524,37
1271,111,25,55,10,5.307717141421055,15
1272,109,12,22,5,5.303001885552313,7
1273,30,11,35,5,5.293385259461386,6
1274,14,19,28,7,5.288795345484194,12
1275,56,11,88,5,5.280224334897691,6
1276,50,17,30,7,5.272543611954233,10
1277,28,11,92,4,5.26619903758234,7
1278,25,26,40,11,5.242222631716463,15
1279,16,19,79,8,5.241758370421846,11
1280,98,15,40,7,5.239271076053035,8
1281,65,15,14,7,5.239230657167624,8
1282,91,21,25,9,5.236778929543691,12
1283,71,47,13,21,5.235216499316668,26
1284,88,17,112,7,5.231027938888666,10
1285,20,37,96,15,5.229501973456113,22
1286,35,11,5,5,5.226534281744142,6
1287,40,22,37,10,5.2189812618502875,12
1288,33,12,91,6,5.213867650447791,6
1289,34,18,55,8,5.202160532736089,10
1290,41,15,89,6,5.196780511481055,9
1291,40,13,113,5,5.193726392686624,8
1292,44,20,6,7,5.189449523361068,13
1293,84,24,48,9,5.188857256683019,15
1294,107,30,38,12,5.1863355550449874,18
1295,4,24,51,9,5.183921696313047,15
1296,75,17,97,7,5.183439015487436,10
1297,75,26,47,9,5.17693162231529,17
1298,2,40,50,17,5.160264368077373,23
1299,91,11,56,5,5.1601828143932735,6
1300,67,12,5,5,5.159840528973067,7
1301,111,14,39,6,5.158992286191915,8
1302,8,54,63,24,5.156454172512435,30
1303,87,46,50,21,5.1516202521080965,25
1304,63,13,79,5,5.150156389678723,8
1305,106,24,9,10,5.150083731218861,14
1306,44,15,88,7,5.148664566159752,8
1307,107,58,20,25,5.1376242090423085,33
1308,109,12,4,5,5.135069245647407,7
1309,40,30,58,14,5.133397385337812,16
1310,75,18,4,7,5.112428644465592,11
1311,55,23,70,10,5.1032220329288345,13
1312,53,25,104,11,5.0942603831986055,14
1313,87,11,110,4,5.0925904586002675,7
1314,60,24,95,10,5.089480392621887,14
1315,107,61,104,25,5.0845878069653105,36
1316,7,17,62,7,5.083532766636536,10
1317,32,10,20,3,5.082163415292109,7
1318,90,13,33,5,5.072843762888294,8
1319,16,90,107,34,5.0705236105975295,56
1320,46,17,65,6,5.066104910854949,11
1321,11,64,86,28,5.058819946444532,36
1322,55,29,63,13,5.056066807562624,16
1323,81,14,63,6,5.016441825370756,8
1324,93,26,5,10,5.004460526821323,16
1325,7,41,106,20,5.003800212982272,21
1326,32,12,68,4,4.994599728673895,8
1327,104,30,63,13,4.993963037729944,17
1328,74,15,71,7,4.993812181109021,8
1329,27,25,39,12,4.989393098929608,13
1330,23,17,15,7,4.9841342107101605,10
1331,14,18,51,6,4.969794868699566,12
1332,1,15,87,7,4.968031301569397,8
1333,40,49,107,19,4.964616090179718,30
1334,109,16,38,6,4.964461961570972,10
1335,62,12,8,4,4.9642207369004785,8
1336,96,23,90,9,4.963939687748078,14
1337,39,18,77,8,4.961640817784317,10
1338,13,32,8,13,4.955794878282507,19
1339,56,19,68,9,4.94813216675333,10
1340,86,33,17,16,4.947496305270282,17
1341,76,12,49,5,4.943121216792114,7
1342,77,14,87,6,4.942401920251487,8
1343,20,21,55,9,4.931554548881413,12
1344,114,22,9,7,4.931319071415342,15
1345,86,40,36,17,4.927433251240005,23
1346,74,56,106,24,4.924754963776778,32
1347,54,12,108,4,4.909695920764135,8
1348,46,48,54,20,4.906943181154001,28
1349,76,27,55,10,4.8923898677809445,17
1350,83,39,5,18,4.890865835189014,21
1351,65,44,9,18,4.887961308210911,26
1352,8,12,3,7,4.88781937501622,5
1353,69,11,95,4,4.882909765417961,7
1354,30,11,114,5,4.8820710984651585,6
1355,81,15,18,6,4.877040041598752,9
1356,85,12,88,5,4.8737543176102305,7
1357,51,11,38,4,4.8736842084361065,7
1358,88,10,110,5,4.870544753091405,5
1359,37,54,106,25,4.865641247327302,29
1360,5,10,89,3,4.86246564090175,7
1361,97,12,32,5,4.851459349576839,7
1362,104,23,100,9,4.850527098250832,14
1363,94,15,54,6,4.847006166736522,9
1364,5,30,51,11,4.841333405150811,19
1365,83,20,64,9,4.840996077098241,11
1366,13,54,87,21,4.8402419854282135,33
1367,16,99,51,43,4.839584083452132,56
1368,75,39,39,18,4.835166255544909,21
1369,8,15,67,6,4.831909846155583,9
1370,31,19,25,9,4.823839301099763,10
1371,14,15,54,5,4.820525855929132,10
1372,23,27,68,13,4.81982927042641,14
1373,83,30,8,14,4.811627367676455,16
1374,6,12,106,5,4.810944704219048,7
1375,100,13,17,4,4.805895298432701,9
1376,96,13,108,6,4.805162668071275,7
1377,114,36,51,17,4.804348446858166,19
1378,110,16,16,7,4.801952356665634,9
1379,75,22,96,7,4.801381492311931,15
1380,98,17,84,6,4.7978961426483835,11
1381,111,11,25,5,4.797175922879397,6
1382,8,29,9,15,4.796436219845455,14
1383,84,14,76,6,4.794994736983405,8
1384,9,17,1,9,4.794059502939978,8
1385,76,33,5,14,4.788314400539968,19
1386,87,33,40,15,4.7862632423252975,18
1387,9,12,5,5,4.777710715122403,7
1388,93,26,28,10,4.7762193932866115,16
1389,90,13,70,6,4.771084444295362,7
1390,12,15,31,7,4.770632464521183,8
1391,60,16,97,8,4.770560692259114,8
1392,93,16,50,6,4.755526241513054,10
1393,90,30,5,12,4.752640516818983,18
1394,74,38,63,17,4.748458787006123,21
1395,25,16,77,7,4.745845616411638,9
1396,55,57,65,25,4.744057377410872,32
1397,16,97,7,43,4.743286222921809,54
1398,97,11,3,4,4.740273088979023,7
1399,8,41,46,19,4.737192297274268,22
1400,6,11,46,5,4.730994669309113,6
1401,85,16,54,6,4.730021736475019,10
1402,15,14,75,5,4.729161606780822,9
1403,57,33,16,14,4.723525758733646,19
1404,47,17,86,7,4.720142586161402,10
1405,3,12,43,5,4.714914149800726,7
1406,11,38,88,16,4.710454574435891,22
1407,20,23,46,8,4.708713070266485,15
1408,15,19,68,7,4.704332289270894,12
1409,55,45,60,20,4.699539635247214,25
1410,9,15,38,7,4.694842617038377,8
1411,60,26,41,12,4.687979614839915,14
1412,71,16,5,7,4.686451238703377,9
1413,108,17,87,7,4.682000852364703,10
1414,70,27,20,11,4.678638629207437,16
1415,53,22,81,9,4.67351225402936,13
1416,52,12,8,5,4.669562642233978,7
1417,55,14,98,5,4.662824671110214,9
1418,25,15,47,7,4.655390231832646,8
1419,27,15,25,7,4.649655011418165,8
1420,63,39,96,15,4.649023449526137,24
1421,73,14,13,6,4.642713338622983,8
1422,73,19,109,8,4.637139105733967,11
1423,43,24,88,10,4.636555985964769,14
1424,60,22,25,10,4.636282806493916,12
1425,106,15,110,7,4.633960085739299,8
1426,72,18,16,8,4.622547711457446,10
1427,8,63,87,27,4.62091726825585,36
1428,49,17,9,8,4.620658268254684,9
1429,28,23,71,9,4.6154330872159655,14
1430,7,42,55,17,4.609551229914398,25
1431,37,72,86,32,4.607837359690983,40
1432,16,77,87,34,4.603852734885346,43
1433,7,35,3,14,4.603775118928216,21
1434,23,11,30,5,4.601908928188203,6
1435,77,13,95,6,4.60149322445291,7
1436,55,20,64,7,4.598509710106534,13
1437,7,94,88,42,4.598064452346124,52
1438,50,32,96,14,4.592653394244439,18
1439,78,16,87,8,4.5883039297327395,8
1440,60,30,8,14,4.584471076654316,16
1441,71,24,87,11,4.583143708944138,13
1442,100,12,30,5,4.575260966636385,7
1443,7,23,58,11,4.575034525669344,12
1444,99,14,95,6,4.572737764013027,8
1445,99,16,104,8,4.5627492392393,8
1446,70,15,23,7,4.554568026577778,8
1447,74,10,112,4,4.553694289700708,6
1448,83,15,46,7,4.551826612706301,8
1449,1,11,39,6,4.548291694643937,5
1450,23,24,76,11,4.537606040144393,13
1451,88,51,9,22,4.537426821075463,29
1452,8,24,102,11,4.537070383836359,13
1453,71,28,68,11,4.532265816801447,17
1454,106,23,75,11,4.532198108241345,12
1455,37,43,55,20,4.516821858156878,23
1456,62,10,104,3,4.50664568251795,7
1457,75,20,112,8,4.4989690721071325,12
1458,93,15,37,6,4.493445665639034,9
1459,64,15,3,6,4.492765978443915,9
1460,75,45,51,20,4.490318359114665,25
1461,55,11,27,5,4.4890470852362,6
1462,13,24,3,8,4.479086737291787,16
1463,88,29,70,12,4.478319588858416,17
1464,30,40,16,17,4.476195567754862,23
1465,95,33,107,15,4.475609109265348,18
1466,65,74,107,32,4.4743161182651745,42
1467,96,31,25,14,4.4728328775528,17
1468,68,16,8,7,4.472450037155224,9
1469,88,30,18,14,4.470121317889942,16
1470,16,19,108,8,4.469566431052606,11
1471,91,10,57,5,4.468260927215541,5
1472,19,11,28,5,4.4681779199018195,6
1473,37,18,32,8,4.466542082918521,10
1474,3,15,50,7,4.464463620895282,8
1475,78,13,98,6,4.463806568924881,7
1476,65,32,17,12,4.458101824869583,20
1477,57,19,51,9,4.4564478121195386,10
1478,77,11,97,4,4.4549011553839994,7
1479,50,12,73,4,4.454782630059153,8
1480,95,44,16,20,4.453378575583387,24
1481,7,67,31,29,4.4532123702344615,38
1482,13,33,37,14,4.448467961015427,19
1483,95,15,109,6,4.444131433700797,9
1484,45,11,88,4,4.4416566980945715,7
1485,16,35,53,14,4.432680586189367,21
1486,86,115,5,49,4.430772584334587,66
1487,107,35,64,16,4.429693624174908,19
1488,102,20,87,8,4.423994697827657,12
1489,99,30,13,13,4.420966828834258,17
1490,13,12,76,5,4.417032905676177,7
1491,7,64,53,28,4.416213736910661,36
1492,12,18,39,8,4.41439968064538,10
1493,114,20,64,8,4.407773657880817,12
1494,97,14,29,6,4.39492891527919,8
1495,111,20,86,8,4.3910837466552355,12
1496,65,23,76,9,4.385586505985178,14
1497,74,13,9,5,4.37578055371931,8
1498,60,13,98,6,4.372454949323835,7
1499,55,24,9,10,4.371040618945099,14
1500,55,13,58,6,4.369004483506264,7
1501,40,23,23,10,4.368423326803309,13
1502,33,13,11,7,4.365968233102095,6
1503,104,31,54,14,4.355933806560286,17
1504,13,13,84,5,4.349574466587847,8
1505,47,24,88,11,4.347102674354304,13
1506,70,29,65,11,4.343984179663613,18
1507,28,49,109,20,4.336990918241798,29
1508,60,12,22,5,4.334241842742782,7
1509,95,19,41,8,4.332143979792177,11
1510,98,23,37,10,4.327931130640237,13
1511,4,22,40,10,4.316643149060896,12
1512,17,19,20,8,4.3112321942034,11
1513,50,10,52,5,4.308197298973349,5
1514,20,22,109,8,4.302333411252667,14
1515,25,28,54,12,4.300413553073274,16
1516,20,21,44,9,4.299103845073809,12
1517,53,25,112,13,4.294359182673499,12
1518,33,12,96,7,4.271042933020869,5
1519,104,17,80,8,4.256665633473226,9
1520,51,41,46,17,4.249050364803488,24
1521,106,14,34,7,4.243674039664675,7
1522,31,12,74,5,4.240578281890586,7
1523,60,21,1,9,4.237560386673236,12
1524,109,16,65,5,4.2330518085976205,11
1525,30,20,28,8,4.226225794824841,12
1526,28,54,54,23,4.225159524354367,31
1527,71,11,44,5,4.223524348839462,6
1528,4,19,18,8,4.220670692754494,11
1529,30,36,87,16,4.216616531421399,20
1530,27,11,112,5,4.214543381192911,6
1531,41,41,68,18,4.207626519911898,23
1532,65,56,36,24,4.205692860728479,32
1533,47,13,28,6,4.1983584961153175,7
1534,23,18,100,7,4.197161790157007,11
1535,7,14,48,7,4.194687020035504,7
1536,40,55,88,24,4.188882138376305,31
1537,23,27,25,12,4.182190113226028,15
1538,80,18,7,7,4.182061930373814,11
1539,19,11,88,5,4.179295461270407,6
1540,40,22,50,8,4.17370334148128,14
1541,86,26,78,11,4.169788407826314,15
1542,53,15,62,7,4.1594095703321505,8
1543,75,15,2,7,4.157456952203449,8
1544,13,32,54,13,4.157069719455235,19
1545,60,10,62,4,4.155747625311636,6
1546,6,16,107,7,4.1501606565339015,9
1547,96,13,3,6,4.149840606440919,7
1548,20,13,73,5,4.146065391689569,8
1549,53,47,71,20,4.141303557057986,27
1550,100,18,74,8,4.138016461047893,10
1551,23,11,29,5,4.138000210796417,6
1552,11,11,69,4,4.13792149131312,7
1553,71,11,20,4,4.13643055739397,7
1554,76,32,104,13,4.1357118218948905,19
1555,45,22,65,11,4.1259231703887,11
1556,29,11,106,5,4.122686341567239,6
1557,12,14,68,6,4.108669111305504,8
1558,114,21,46,9,4.104107153511736,12
1559,93,14,109,6,4.103558953267082,8
1560,83,20,93,9,4.100880722204593,11
1561,20,24,35,10,4.098728722002914,14
1562,87,26,64,12,4.098181725889203,14
1563,36,11,19,5,4.088590218421688,6
1564,74,22,50,10,4.086243740312162,12
1565,60,57,40,25,4.067256254892929,32
1566,9,29,63,13,4.065325398742935,16
1567,7,26,17,11,4.064887482017846,15
1568,43,10,95,4,4.063398320607949,6
1569,34,10,38,4,4.0610942900478735,6
1570,16,28,80,12,4.056076921695064,16
1571,107,23,62,12,4.0504669700597535,11
1572,32,10,40,5,4.050021677419869,5
1573,84,18,57,9,4.049739477046568,9
1574,104,73,65,33,4.049259983805755,40
1575,11,13,79,7,4.047561716338114,6
1576,7,21,50,10,4.045740478776832,11
1577,1,10,43,5,4.038976715758721,5
1578,71,13,47,6,4.030916530509353,7
1579,96,30,88,14,4.030096740212507,16
1580,104,16,3,7,4.020656220421076,9
1581,102,28,114,12,4.017120825737178,16
1582,104,44,51,17,4.0154244082227635,27
1583,8,20,110,8,4.013172679497404,12
1584,50,70,28,30,4.011477637487843,40
1585,55,36,54,17,4.011039158800403,19
1586,99,20,86,8,4.0098912228328505,12
1587,66,12,31,5,4.008754872558654,7
1588,86,20,77,8,4.0075201103206535,12
1589,13,70,107,32,3.9870909466214273,38
1590,34,17,17,7,3.985705258546001,10
1591,41,14,43,6,3.977377796491963,8
1592,96,12,14,5,3.975747798085754,7
1593,13,11,29,5,3.9675884694704666,6
1594,49,22,17,8,3.9654437170334917,14
1595,74,24,93,11,3.9601017688790825,13
1596,88,50,104,21,3.9536343834384886,29
1597,34,12,76,6,3.9517678907570333,6
1598,37,17,100,7,3.9481789557688414,10
1599,6,11,40,5,3.9442678680230823,6
1600,80,10,97,4,3.9365866928471034,6
1601,64,13,15,7,3.9332029302911167,6
1602,16,20,3,8,3.933123710020239,12
1603,57,11,50,4,3.9290278222481443,7
1604,100,21,13,9,3.928732330408649,12
1605,64,28,63,13,3.927368902324373,15
1606,5,28,2,12,3.923277825320168,16
1607,37,38,70,16,3.9227382855891664,22
1608,20,17,48,7,3.9196076613306303,10
1609,49,30,86,14,3.9188195592198185,16
1610,89,13,86,7,3.91749283769541,6
1611,27,16,53,6,3.9149964442694025,10
1612,68,33,1,14,3.9146334053388845,19
1613,60,21,96,7,3.912428069824762,14
1614,98,19,49,9,3.906322793569991,10
1615,102,26,37,11,3.9015784283610255,15
1616,7,29,47,12,3.897446682675393,17
1617,17,16,63,7,3.896935952486399,9
1618,55,44,11,18,3.8920841591670343,26
1619,76,13,62,6,3.8913968956310088,7
1620,110,10,17,4,3.8887191359542532,6
1621,11,15,17,7,3.886158778436342,8
1622,1,11,112,6,3.882693398534097,5
1623,65,10,81,5,3.879537563037692,5
1624,43,11,35,4,3.879532298464463,7
1625,18,13,98,7,3.8754830902904014,6
1626,95,36,87,16,3.86940077356921,20
1627,108,11,68,5,3.868849039567309,6
1628,11,16,51,8,3.8660778701548058,8
1629,41,25,114,12,3.854494902198664,13
1630,65,14,6,6,3.853639209419111,8
1631,65,34,111,14,3.8475275648066685,20
1632,28,11,31,5,3.8453747580936164,6
1633,18,23,31,11,3.843025830767866,12
1634,91,26,13,12,3.831748260733109,14
1635,13,78,51,36,3.830975362019476,42
1636,70,30,51,14,3.8297117807076555,16
1637,44,16,87,7,3.8267549460576484,9
1638,60,12,66,4,3.826632219817407,8
1639,38,24,13,12,3.8266234961268997,12
1640,55,21,4,10,3.821660634263142,11
1641,49,10,3,4,3.8208441036339096,6
1642,86,32,18,13,3.8203668272153473,19
1643,91,18,31,7,3.8197018311679423,11
1644,110,16,5,7,3.8138584796050923,9
1645,39,12,78,6,3.805891795343841,6
1646,20,13,104,5,3.7974160411444706,8
1647,20,48,28,21,3.791556613480696,27
1648,28,12,49,6,3.781572164594755,6
1649,104,13,92,7,3.7768187223532306,6
1650,63,19,4,8,3.775833657808686,11
1651,88,16,6,7,3.757051253043465,9
1652,18,55,53,25,3.751842811643862,30
1653,15,21,65,9,3.7445792583431645,12
1654,53,42,40,19,3.7429391558119995,23
1655,1,13,4,5,3.736039087851971,8
1656,86,65,25,30,3.735239092039536,35
1657,39,17,81,7,3.728914203220537,10
1658,75,42,88,18,3.726903391628384,24
1659,86,56,46,22,3.7228258915438808,34
1660,91,10,80,4,3.7198935399827406,6
1661,12,14,3,5,3.71740069479101,9
1662,15,21,5,8,3.714734226349825,13
1663,106,17,43,8,3.7068539679712273,9
1664,28,28,102,13,3.6997830630198973,15
1665,87,41,20,19,3.692217589912374,22
1666,13,68,40,31,3.690363085789059,37
1667,46,20,84,8,3.686829488531013,12
1668,39,48,53,21,3.6851162429567523,27
1669,52,11,107,4,3.6792228295103513,7
1670,101,14,68,5,3.6742625668258913,9
1671,71,12,27,5,3.672482180614424,7
1672,20,25,80,11,3.67142842734406,14
1673,62,10,50,4,3.6657345895143245,6
1674,86,53,104,24,3.66553549979236,29
1675,97,33,96,16,3.657438935158263,17
1676,53,11,100,5,3.656950058764998,6
1677,63,22,23,9,3.656375723040438,13
1678,90,10,71,5,3.6561036030201253,5
1679,107,21,32,10,3.6546977761524686,11
1680,109,15,9,8,3.6538651478462696,7
1681,13,47,64,23,3.653151677590903,24
1682,76,35,107,13,3.6519592132431544,22
1683,17,11,18,6,3.651905683853181,5
1684,23,47,65,22,3.6506323242088645,25
1685,27,13,50,5,3.6503401008022798,8
1686,16,19,2,8,3.6499962386684337,11
1687,14,10,70,5,3.647042134114848,5
1688,87,36,60,17,3.6433827041407536,19
1689,30,28,60,10,3.642920901334595,18
1690,30,20,37,8,3.640395609700316,12
1691,20,15,68,7,3.640176972936066,8
1692,88,60,5,28,3.63799769202775,32
1693,75,14,108,6,3.6340908116173014,8
1694,48,11,108,4,3.6336145248971845,7
1695,43,19,18,10,3.6267699505365183,9
1696,28,16,62,7,3.6140960069707964,9
1697,55,13,94,6,3.6120696685756317,7
1698,34,16,84,8,3.6041106207285085,8
1699,107,19,69,8,3.6039989635628795,11
1700,34,14,13,7,3.5918746626908384,7
1701,58,13,71,6,3.5901555481142546,7
1702,97,10,95,4,3.58943247133478,6
1703,69,11,20,5,3.5870175414258565,6
1704,63,14,45,6,3.582850982463552,8
1705,33,12,23,5,3.5712223539857573,7
1706,1,23,51,11,3.568045705832745,12
1707,107,45,23,21,3.563700288354352,24
1708,16,71,8,31,3.5597923636148616,40
1709,64,11,33,4,3.5581108018586245,7
1710,7,90,86,38,3.5577462755235447,52
1711,28,19,36,9,3.5549996153541237,10
1712,23,13,57,6,3.554408044637193,7
1713,16,31,49,14,3.5542822347062724,17
1714,30,13,4,6,3.554167963462701,7
1715,40,65,36,28,3.5400829247343655,37
1716,88,26,69,11,3.536532050456282,15
1717,44,15,7,7,3.5352660207554516,8
1718,20,17,76,9,3.5278207011714735,8
1719,63,18,43,8,3.524851733785241,10
1720,7,17,30,9,3.521225077195732,8
1721,109,28,13,12,3.519799337045931,16
1722,112,11,17,5,3.5191492672023625,6
1723,97,22,17,10,3.51760245978497,12
1724,16,34,62,14,3.517446163588128,20
1725,8,38,104,17,3.50734140656749,21
1726,91,15,84,7,3.506943767095505,8
1727,49,10,33,4,3.5057518320537766,6
1728,74,16,23,7,3.505315761927058,9
1729,85,14,68,5,3.5027894631624408,9
1730,50,26,9,11,3.4989626487903873,15
1731,97,36,114,16,3.4948097299506915,20
1732,87,83,107,37,3.4895508090477105,46
1733,62,13,36,6,3.489528327052378,7
1734,36,30,51,14,3.4874600225025074,16
1735,25,20,70,9,3.484518115943736,11
1736,55,16,18,8,3.4810467173744706,8
1737,96,57,54,28,3.4766133859583515,29
1738,23,10,81,4,3.474530372802633,6
1739,73,14,16,7,3.4738693799097953,7
1740,74,60,5,28,3.469996146708342,32
1741,9,26,54,12,3.4668855776458427,14
1742,30,19,106,9,3.463995690702536,10
1743,13,32,1,13,3.4629329225242813,19
1744,77,10,17,4,3.4626586322684796,6
1745,20,46,37,21,3.4576214767552655,25
1746,106,49,51,22,3.457607975311814,27
1747,33,23,5,11,3.454327509177194,12
1748,37,21,23,10,3.453043705748743,11
1749,114,29,39,14,3.441117211126096,15
1750,102,31,25,14,3.4382241991917164,17
1751,4,12,37,5,3.421871703775507,7
1752,17,11,36,6,3.4172736451567545,5
1753,104,26,98,14,3.4091853213510754,12
1754,68,20,17,8,3.395638967050425,12
1755,4,13,28,6,3.3940824912486867,7
1756,43,28,40,13,3.3929222536074835,15
1757,73,10,104,4,3.391491099464731,6
1758,39,48,55,21,3.389422612270981,27
1759,60,28,9,11,3.384232112219374,17
1760,36,28,55,13,3.383336577257353,15
1761,73,15,98,7,3.380055365181917,8
1762,107,56,55,26,3.3696189355898034,30
1763,40,17,20,7,3.3649339637959645,10
1764,54,25,97,12,3.3648153427656755,13
1765,14,23,8,10,3.3634201583462158,13
1766,7,48,27,22,3.361741499616722,26
1767,54,12,3,6,3.355227899021248,6
1768,97,34,16,16,3.3525321991063115,18
1769,46,19,9,9,3.348480907365518,10
1770,83,10,20,5,3.3478898251644025,5
1771,40,15,91,7,3.345577169162442,8
1772,16,47,70,20,3.3445553948476245,27
1773,20,21,2,9,3.343168498501612,12
1774,75,13,33,5,3.342736023465548,8
1775,54,20,98,9,3.3414082574982986,11
1776,68,13,5,6,3.3380294056441144,7
1777,71,13,76,7,3.3359186512389036,6
1778,69,12,109,5,3.3344685187765166,7
1779,50,22,31,10,3.333423687645379,12
1780,80,33,54,16,3.3322159324199094,17
1781,41,19,50,8,3.331657114556134,11
1782,78,10,34,5,3.3271359801886424,5
1783,64,30,39,13,3.324524230733537,17
1784,9,13,81,6,3.321776466067701,7
1785,34,10,39,5,3.3177300271744037,5
1786,97,16,84,6,3.316428205809935,10
1787,60,31,75,14,3.3139158628036856,17
1788,16,35,17,14,3.312370376088436,21
1789,86,11,66,5,3.3092941516234364,6
1790,15,20,86,9,3.304374535410273,11
1791,20,61,54,30,3.3038924410847255,31
1792,104,60,5,28,3.3007473735225052,32
1793,57,22,41,9,3.2995392233028893,13
1794,57,20,13,10,3.292969695754844,10
1795,16,18,45,7,3.276855643218357,11
1796,114,13,67,6,3.2746706512348434,7
1797,102,11,91,5,3.2738070744638943,6
1798,70,14,93,6,3.271451863431868,8
1799,13,12,102,4,3.269263582511039,8
1800,50,49,107,23,3.267933465353471,26
1801,60,24,109,11,3.2667081082674905,13
1802,98,23,76,10,3.2651133620022033,13
1803,76,14,95,6,3.2576515088397957,8
1804,7,24,74,9,3.257493143792888,15
1805,84,14,95,6,3.2568961944145873,8
1806,114,47,25,20,3.2540864225169766,27
1807,94,15,107,5,3.253497352477997,10
1808,87,47,28,22,3.244764597626062,25
1809,107,49,36,23,3.234838704648264,26
1810,13,54,46,24,3.2315516864055858,30
1811,56,10,97,5,3.231426212036921,5
1812,2,21,87,9,3.2308938185741103,12
1813,51,44,41,20,3.228342506596857,24
1814,4,21,16,11,3.2239938149007976,10
1815,23,55,7,25,3.2229283053761675,30
1816,97,29,63,13,3.2191950537106915,16
1817,55,39,28,16,3.2184704312839787,23
1818,64,19,23,9,3.212372911598019,10
1819,50,19,97,8,3.210625734622642,11
1820,60,47,31,24,3.2094707274879264,23
1821,44,12,76,5,3.2019945343572473,7
1822,36,41,39,18,3.1998605067578225,23
1823,55,49,5,22,3.1989531771818034,27
1824,68,14,81,6,3.1985312995714845,8
1825,9,38,51,18,3.197373775958875,20
1826,37,54,50,26,3.188335276013606,28
1827,83,25,65,12,3.1850517665827933,13
1828,35,11,51,5,3.1832252109996144,6
1829,47,11,69,5,3.1775295332798312,6
1830,88,56,68,25,3.171688752257409,31
1831,106,25,60,10,3.171261503808182,15
1832,110,16,86,7,3.1694821197260503,9
1833,75,39,9,17,3.168115043855195,22
1834,90,14,74,5,3.1680613510289204,9
1835,13,17,62,8,3.1612952767397977,9
1836,23,32,87,13,3.1607512154600745,19
1837,86,21,82,9,3.1586560919846263,12
1838,86,85,84,41,3.15758944772919,44
1839,87,13,17,6,3.1557879324593294,7
1840,13,15,112,7,3.153591174260179,8
1841,75,23,23,12,3.1487336010920157,11
1842,28,18,100,8,3.142130080640838,10
1843,62,24,71,11,3.138232146026574,13
1844,5,27,91,11,3.121858390948631,16
1845,36,11,80,5,3.115857421175661,6
1846,53,29,55,13,3.115426410914569,16
1847,25,25,17,11,3.1106502600539105,14
1848,50,24,4,12,3.110559237136959,12
1849,106,26,53,13,3.105027322219241,13
1850,109,25,106,12,3.1028448270841773,13
1851,92,15,60,6,3.101629065738582,9
1852,99,14,68,6,3.1001036150844663,8
1853,64,10,91,4,3.0993479020870796,6
1854,29,12,53,4,3.098310032912906,8
1855,13,27,77,12,3.097681583212727,15
1856,6,20,16,10,3.089484314971671,10
1857,45,14,87,6,3.0862202973256596,8
1858,74,11,41,6,3.0735662157516845,5
1859,16,105,86,47,3.0722654083229974,58
1860,64,40,88,17,3.072237959143945,23
1861,75,30,25,13,3.069551733540898,17
1862,60,40,114,22,3.0670908685799034,18
1863,71,18,25,8,3.0644100067848146,10
1864,48,14,55,6,3.06362691776684,8
1865,30,21,68,10,3.043602381995945,11
1866,38,13,96,6,3.0422152322461717,7
1867,25,39,65,16,3.0368934823131175,23
1868,41,16,47,7,3.031406429138557,9
1869,35,13,84,6,3.030499439916225,7
1870,54,47,51,22,3.0297759973580076,25
1871,78,10,55,5,3.027993385213423,5
1872,57,12,40,5,3.0270401513317453,7
1873,6,27,7,15,3.013941061604383,12
1874,88,19,38,7,3.0023329742590956,12
1875,96,14,34,6,3.0017630147825622,8
1876,86,19,34,8,3.000129589106959,11
1877,31,21,58,10,2.9999355657905133,11
1878,4,11,69,5,2.999484176661719,6
1879,11,46,107,21,2.9990181027783187,25
1880,64,28,41,11,2.9985462284656723,17
1881,27,10,18,5,2.996654278290002,5
1882,65,37,37,18,2.9918797859979525,19
1883,100,10,98,5,2.991009310778455,5
1884,100,25,7,11,2.9877637593718034,14
1885,74,10,30,5,2.9862406732405895,5
1886,13,35,50,16,2.981537535104847,19
1887,95,27,53,10,2.9811343498680327,17
1888,10,12,84,5,2.980259678929738,7
1889,13,67,55,31,2.978208210155153,36
1890,84,36,106,18,2.9754739608250116,18
1891,36,32,4,13,2.9739066740354185,19
1892,60,12,94,6,2.9727316679047617,6
1893,2,21,37,10,2.9697580112694486,11
1894,47,11,53,5,2.9672181618537916,6
1895,20,36,16,14,2.9562315265653076,22
1896,87,23,49,12,2.9552067016674504,11
1897,80,16,8,8,2.9519293865537115,8
1898,86,78,8,38,2.9505503650201574,40
1899,86,31,38,14,2.9478210267751117,17
1900,15,25,7,13,2.945121443798055,12
1901,30,17,76,7,2.9372015853586086,10
1902,36,20,87,8,2.935573250897663,12
1903,61,15,3,8,2.934761403571649,7
1904,49,11,97,4,2.9318959143747887,7
1905,99,15,65,7,2.9253489592007305,8
1906,17,10,43,5,2.923505312587325,5
1907,74,82,86,39,2.921287780715151,43
1908,102,19,106,10,2.9207255392565097,9
1909,63,88,86,37,2.918942627105092,51
1910,60,58,88,25,2.9135032990453142,33
1911,25,12,108,5,2.9132670669268244,7
1912,91,19,37,9,2.9050960547005245,10
1913,71,13,108,6,2.8992906212622866,7
1914,44,10,70,5,2.8975248911261433,5
1915,68,20,78,9,2.8969266940151797,11
1916,13,113,7,52,2.8945975489338593,61
1917,75,24,74,10,2.8903655619324433,14
1918,43,31,7,13,2.8869337290340304,18
1919,29,13,38,6,2.8767159163647986,7
1920,63,23,60,10,2.8746236800640075,13
1921,27,21,75,10,2.874214711599615,11
1922,28,54,65,24,2.8645560920703144,30
1923,60,48,86,22,2.8571270629897767,26
1924,88,53,28,23,2.854042679776566,30
1925,51,18,99,9,2.853477797374065,9
1926,73,16,96,7,2.8534303980093814,9
1927,74,20,18,10,2.84961422222247,10
1928,16,16,93,8,2.8490979642271874,8
1929,97,13,33,6,2.8486496222061595,7
1930,47,10,61,4,2.846896267551427,6
1931,17,28,39,12,2.8462345861289604,16
1932,23,13,104,5,2.8445076862849494,8
1933,102,25,54,11,2.843956333831335,14
1934,16,84,65,38,2.8433317593388674,46
1935,95,19,23,9,2.8404436396815522,10
1936,89,12,60,6,2.839673113881044,6
1937,77,18,65,9,2.836180648453274,9
1938,104,33,74,14,2.8329598216365466,19
1939,16,21,38,8,2.8217292489636367,13
1940,18,13,71,6,2.821320109059578,7
1941,64,13,47,5,2.8212403790572256,8
1942,99,17,15,7,2.8189668514207984,10
1943,51,32,109,12,2.817926639661738,20
1944,65,17,48,7,2.813018636762518,10
1945,68,33,106,15,2.8127952198562456,18
1946,99,15,41,7,2.8081672918617278,8
1947,106,14,112,7,2.805082024542767,7
1948,4,25,114,12,2.797376255941943,13
1949,7,26,1,12,2.7932054952385035,14
1950,100,13,36,6,2.7923934619121087,7
1951,86,19,108,10,2.7920033870005008,9
1952,9,15,97,8,2.7891659901703596,7
1953,88,67,107,29,2.788634980843412,38
1954,3,16,55,7,2.785774326842637,9
1955,107,27,3,14,2.774749446201735,13
1956,5,11,10,6,2.7716738654503197,5
1957,38,11,40,6,2.7715520430648577,5
1958,5,17,77,8,2.765837567194589,9
1959,84,15,17,7,2.76024547578841,8
1960,18,31,60,14,2.7592417090229198,17
1961,53,42,64,19,2.759026680292717,23
1962,86,94,28,42,2.754352701034727,52
1963,29,19,107,7,2.739796334219244,12
1964,97,22,104,11,2.7396377781056174,11
1965,86,106,87,53,2.735845324305882,53
1966,65,50,106,23,2.735321183024918,27
1967,98,26,107,12,2.7337807533135248,14
1968,75,12,34,6,2.7327928404854553,6
1969,9,12,30,5,2.7296904854733155,7
1970,28,39,51,19,2.7279860075631754,20
1971,55,53,88,22,2.721264805593774,31
1972,104,31,70,14,2.720810924975006,17
1973,95,11,80,5,2.7197438471090796,6
1974,16,21,33,8,2.7169085795346413,13
1975,107,57,37,26,2.7122377942768776,31
1976,43,27,65,14,2.704466819899112,13
1977,12,14,18,6,2.7036570911929863,8
1978,88,32,109,14,2.698492977632003,18
1979,13,57,39,27,2.6907930118316448,30
1980,65,40,71,17,2.686780335165667,23
1981,90,17,17,9,2.680753861205159,8
1982,39,25,5,12,2.679132217269287,13
1983,43,16,50,6,2.6787122504636622,10
1984,25,17,44,8,2.673535476281759,9
1985,95,18,75,8,2.672802736686619,10
1986,12,23,51,10,2.669002315850984,13
1987,114,25,74,12,2.666972342657447,13
1988,47,10,76,7,2.6595736051653853,3
1989,74,13,91,6,2.658254293210725,7
1990,92,29,88,13,2.6541256559252315,16
1991,57,13,36,5,2.6531160901053807,8
1992,53,48,65,23,2.651912649859134,25
1993,30,24,8,11,2.6514132136935467,13
1994,23,43,86,20,2.6484576158238533,23
1995,16,60,5,25,2.6435184456824317,35
1996,86,28,62,13,2.642237041880456,15
1997,33,14,95,6,2.641545389608455,8
1998,54,28,114,14,2.6355280322257,14
1999,13,14,72,7,2.6344835838372402,7
2000,16,85,13,38,2.6278459194386543,47
2001,41,44,16,22,2.6236346308099385,22
2002,11,26,20,11,2.6225934054521085,15
2003,11,12,41,4,2.61594797809933,8
2004,76,13,2,5,2.6134640032331116,8
2005,11,16,40,7,2.6127959858163616,9
2006,93,20,86,9,2.6126285193850958,11
2007,39,11,94,5,2.610241699131661,6
2008,36,23,91,10,2.600483205457648,13
2009,40,19,27,11,2.5947052105553365,8
2010,107,19,112,8,2.5936715899936584,11
2011,39,23,31,10,2.5934090452929373,13
2012,1,10,109,5,2.5929606771402254,5
2013,87,21,62,10,2.586304566496697,11
2014,104,50,7,23,2.5854072339864183,27
2015,47,11,91,5,2.565831417578021,6
2016,91,28,107,12,2.5653431282322665,16
2017,92,13,87,6,2.565186954563254,7
2018,102,20,74,9,2.5610411607037933,11
2019,83,10,63,6,2.557624644664858,4
2020,86,14,14,7,2.5565201304900333,7
2021,51,16,83,6,2.5563009225954785,10
2022,16,29,84,14,2.553730719112528,15
2023,73,19,1,8,2.55342910039073,11
2024,52,13,16,6,2.542332195506542,7
2025,63,35,11,14,2.539597707853179,21
2026,111,11,60,4,2.535604443502029,7
2027,108,27,107,13,2.5311945782165,14
2028,36,33,9,15,2.5279240780374668,18
2029,39,18,4,8,2.5267698999647226,10
2030,11,13,68,6,2.5250619833588033,7
2031,39,32,50,15,2.5245695496572065,17
2032,12,15,36,7,2.516319942513749,8
2033,62,18,39,9,2.5162035004252656,9
2034,63,30,13,14,2.513355364840314,16
2035,7,105,68,48,2.5114811010541342,57
2036,11,23,13,11,2.509450211026071,12
2037,106,37,96,16,2.50842381050559,21
2038,88,68,51,35,2.5073024431361657,33
2039,37,18,109,8,2.501013404341532,10
2040,11,20,48,9,2.499763597895506,11
2041,65,20,3,9,2.497136850038322,11
2042,87,20,31,10,2.492676559594957,10
2043,18,11,111,5,2.4899108726358863,6
2044,65,59,68,27,2.4863573145608644,32
2045,95,30,39,14,2.481130681096554,16
2046,7,61,9,30,2.475604646115282,31
2047,4,17,81,7,2.4678124777063273,10
2048,87,40,74,18,2.4671563114027473,22
2049,74,17,69,9,2.4664972820824542,8
2050,54,10,27,5,2.4638694969344774,5
2051,32,10,50,6,2.444054190716271,4
2052,12,18,86,8,2.4382543520920796,10
2053,55,39,106,17,2.438139246666604,22
2054,41,24,69,9,2.4354335303163985,15
2055,87,21,99,9,2.4324110326808843,12
2056,91,20,75,13,2.432369433261267,7
2057,109,11,99,5,2.4195174025010595,6
2058,107,46,25,22,2.4187485647838765,24
2059,71,35,39,16,2.4158892555534424,19
2060,65,11,92,5,2.4112859752548714,6
2061,8,33,93,16,2.4111455321691304,17
2062,47,24,51,12,2.409457368099758,12
2063,68,21,38,9,2.4070210829507572,12
2064,3,31,68,14,2.4024413251399013,17
2065,78,20,60,10,2.4024308351348855,10
2066,3,27,87,12,2.4014400128838447,15
2067,56,10,8,4,2.40008605471798,6
2068,83,22,87,11,2.390357141943488,11
2069,111,12,8,6,2.390343846489095,6
2070,107,20,85,9,2.3898879054206303,11
2071,104,40,95,18,2.3890342183876085,22
2072,4,21,71,8,2.3871750117365993,13
2073,96,25,104,11,2.3866419839158346,14
2074,75,13,56,5,2.3840139649043497,8
2075,13,86,65,39,2.383373860419213,47
2076,71,31,106,14,2.3812089448162763,17
2077,71,41,86,20,2.3810130412337966,21
2078,55,28,84,13,2.379086300412449,15
2079,87,50,54,22,2.3775687879558385,28
2080,69,10,96,4,2.3715807543077463,6
2081,8,55,96,25,2.371439357092425,30
2082,7,19,70,7,2.364945757295021,12
2083,99,23,5,11,2.3616219022642833,12
2084,96,14,109,6,2.3566759619593642,8
2085,4,36,31,15,2.3535355966794667,21
2086,13,15,12,9,2.3425974502134457,6
2087,86,25,85,12,2.338504518006025,13
2088,49,20,51,9,2.337593611464387,11
2089,104,17,4,7,2.3357072159096575,10
2090,46,22,63,12,2.3313756374008845,10
2091,25,28,53,14,2.3301510854690854,14
2092,109,51,5,25,2.3285813949081655,26
2093,50,23,64,11,2.3285304422785047,12
2094,51,36,84,16,2.3269056927485607,20
2095,104,21,102,11,2.320627297470276,10
2096,65,24,69,11,2.3193082814773094,13
2097,34,28,107,12,2.319293954101742,16
2098,3,26,60,12,2.318286691403535,14
2099,9,23,3,11,2.3162904113567784,12
2100,58,12,50,6,2.3033767529431137,6
2101,23,13,109,6,2.301790643179129,7
2102,86,21,32,10,2.2989864902239003,11
2103,68,16,109,6,2.2985123206238915,10
2104,97,33,65,15,2.2943542233121987,18
2105,100,24,5,11,2.2932427434044684,13
2106,114,18,45,8,2.292094813707232,10
2107,94,10,114,4,2.2912532605689226,6
2108,106,13,4,7,2.287883468044352,6
2109,37,46,74,22,2.283869095408045,24
2110,63,38,114,15,2.2836807270192585,23
2111,46,21,17,10,2.279991454185123,11
2112,80,16,71,8,2.275392383804814,8
2113,61,10,31,5,2.2696136748473603,5
2114,28,66,96,31,2.267406944603933,35
2115,95,30,25,14,2.25397314365567,16
2116,41,14,54,7,2.251101436056138,7
2117,20,25,7,12,2.2510516710421498,13
2118,88,38,4,18,2.2459217004175493,20
2119,7,18,11,8,2.239320590268621,10
2120,87,35,104,18,2.2393020839894087,17
2121,81,14,3,6,2.2358028798300924,8
2122,68,25,70,12,2.2334926025833988,13
2123,90,16,25,7,2.2261576936837058,9
2124,88,11,33,6,2.22422094342155,5
2125,11,11,114,6,2.222333602098374,5
2126,98,13,99,7,2.2212581677933785,6
2127,104,11,69,4,2.217479448350339,7
2128,112,11,8,6,2.2144684353504553,5
2129,106,27,17,11,2.2117443407706983,16
2130,5,50,96,22,2.2114271922507607,28
2131,112,12,40,6,2.2105918484505556,6
2132,57,19,55,10,2.2104060039233278,9
2133,49,51,13,25,2.209069641169752,26
2134,94,19,87,9,2.2006255942838453,10
2135,107,50,106,24,2.1993074270722803,26
2136,31,10,54,5,2.186668926147148,5
2137,8,64,74,28,2.186622040651489,36
2138,68,82,13,37,2.1861093008549646,45
2139,63,26,70,12,2.1813121472430437,14
2140,84,16,93,8,2.173203038685072,8
2141,58,11,51,5,2.173021708544625,6
2142,33,11,39,5,2.170155887452032,6
2143,86,75,54,36,2.1689438842347455,39
2144,86,63,55,29,2.1661509305052244,34
2145,88,14,74,5,2.165363961250821,9
2146,48,29,16,13,2.16366949518096,16
2147,87,27,46,14,2.1507851989480726,13
2148,11,49,28,24,2.139899963041059,25
2149,87,18,43,8,2.1360829908334114,10
2150,28,30,91,14,2.1280361219889317,16
2151,51,68,107,29,2.1219848270849972,39
2152,53,11,70,5,2.117480208536356,6
2153,1,20,64,10,2.1164326209593654,10
2154,48,13,30,7,2.114145406665778,6
2155,74,12,33,6,2.113811361820999,6
2156,81,18,88,9,2.113043846902455,9
2157,1,13,17,6,2.1103206894628075,7
2158,8,23,100,10,2.1093275750438316,13
2159,77,10,3,4,2.1078393954054353,6
2160,99,24,60,11,2.100940382067205,13
2161,109,22,84,10,2.0978150302320926,12
2162,83,34,55,17,2.0962093979720215,17
2163,16,15,29,8,2.0960967700074415,7
2164,97,22,8,11,2.094799206270941,11
2165,7,73,36,34,2.0934963107077063,39
2166,17,12,91,5,2.0932516032559634,7
2167,98,13,114,6,2.082503686116617,7
2168,82,10,63,5,2.077975861296688,5
2169,50,23,114,10,2.0649465321872778,13
2170,68,16,49,8,2.0637805548779458,8
2171,3,25,31,13,2.0628076616728963,12
2172,86,45,90,20,2.0574221764428238,25
2173,65,31,80,15,2.0509198465423397,16
2174,18,34,51,17,2.042743355152735,17
2175,57,10,53,5,2.0427094508733976,5
2176,90,24,60,10,2.0397275719261816,14
2177,89,14,88,7,2.0354634990614118,7
2178,58,12,63,7,2.0345686518653676,5
2179,55,11,79,5,2.0315889229013426,6
2180,91,14,114,7,2.0312426341433967,7
2181,32,11,13,5,2.026181507027534,6
2182,75,30,87,14,2.0247725005088753,16
2183,8,36,90,16,2.0194647820717804,20
2184,83,22,97,12,2.007636873207567,10
2185,64,14,17,7,1.997717670710987,7
2186,69,24,7,12,1.9945381002011566,12
2187,104,15,112,7,1.99393597279257,8
2188,70,55,86,25,1.9917052888221574,30
2189,53,19,4,9,1.987694792892671,10
2190,48,13,13,6,1.9848220769452258,7
2191,28,38,25,16,1.9833898911599184,22
2192,88,33,37,15,1.9799898753785308,18
2193,41,18,76,10,1.9724048364464457,8
2194,50,11,35,5,1.9581460146246747,6
2195,78,12,71,6,1.95458083263832,6
2196,36,34,64,17,1.9485056781764598,17
2197,25,20,55,9,1.9429576796619945,11
2198,23,14,31,6,1.9392936999416424,8
2199,110,13,104,5,1.9388474450810558,8
2200,32,10,98,5,1.9380052263831626,5
2201,23,14,97,7,1.9330528734436567,7
2202,70,19,40,8,1.9276789997691202,11
2203,114,21,18,10,1.923577249757446,11
2204,80,25,28,12,1.9225523112040792,13
2205,70,21,41,11,1.919847111480952,10
2206,99,11,76,6,1.9173589523208343,5
2207,97,32,106,16,1.9159665785715099,16
2208,14,13,88,6,1.902096229341471,7
2209,43,10,84,4,1.9003461255076104,6
2210,108,25,51,12,1.9002486171144384,13
2211,39,37,28,18,1.8977614224864345,19
2212,20,35,106,16,1.890590591428699,19
2213,39,47,49,21,1.8896093654711354,26
2214,25,23,64,11,1.8857238852847684,12
2215,2,41,8,20,1.8848654476169697,21
2216,68,22,46,11,1.8807270075774953,11
2217,8,14,79,8,1.8787453444383122,6
2218,17,26,54,13,1.867393134138254,13
2219,37,95,5,46,1.8654288703425719,49
2220,64,28,54,14,1.8650724062797466,14
2221,39,49,60,24,1.859398798683601,25
2222,87,61,106,30,1.856632619724249,31
2223,98,19,51,9,1.8552094547524471,10
2224,6,11,86,5,1.8539951054916266,6
2225,46,22,76,10,1.8507100299988166,12
2226,53,22,97,10,1.849246682219108,12
2227,30,12,109,5,1.8472545205463433,7
2228,103,10,106,4,1.8460294979122147,6
2229,84,64,107,30,1.8401604125157578,34
2230,84,38,96,19,1.8356486827006797,19
2231,7,14,29,8,1.8294106613069705,6
2232,74,29,13,14,1.8278354237299064,15
2233,9,17,69,8,1.8276767965349943,9
2234,23,13,20,6,1.827570268386601,7
2235,44,13,114,6,1.8263733365516701,7
2236,69,18,114,10,1.822927242545525,8
2237,102,13,99,6,1.8212893413036875,7
2238,71,11,109,5,1.8196417828202216,6
2239,112,29,16,15,1.8181625400201864,14
2240,79,18,28,8,1.8130893193426152,10
2241,80,12,64,6,1.8118137894523878,6
2242,84,21,80,9,1.8116947476965417,12
2243,40,18,111,9,1.8104998545748818,9
2244,36,22,25,11,1.8071440138268557,11
2245,8,65,28,30,1.8060421386611976,35
2246,37,25,90,12,1.7816453937181782,13
2247,102,13,84,6,1.779322402529277,7
2248,104,62,16,29,1.778027708852634,33
2249,1,31,36,16,1.7697191195700568,15
2250,49,15,8,6,1.7678498041146895,9
2251,84,27,54,12,1.7533288896590717,15
2252,84,26,70,12,1.7530345342228948,14
2253,87,56,88,29,1.7513462767543788,27
2254,4,31,68,15,1.751066192618154,16
2255,97,38,107,19,1.7507246476170455,19
2256,53,39,51,19,1.7493185772901738,20
2257,76,25,11,11,1.745006286070099,14
2258,60,33,36,16,1.7416473627060747,17
2259,18,11,6,5,1.7414584600944751,6
2260,8,26,23,13,1.7400762718841152,13
2261,36,37,88,16,1.7392851936744347,21
2262,46,51,5,23,1.7323776092910628,28
2263,70,19,75,10,1.7314858975507377,9
2264,60,14,11,7,1.72978393860355,7
2265,50,13,12,8,1.7279667161947851,5
2266,83,11,50,6,1.7272952536822097,5
2267,8,49,11,22,1.725678638141755,27
2268,39,39,41,20,1.719188807068569,19
2269,74,10,85,5,1.7134982697618455,5
2270,41,31,40,15,1.7110878654501351,16
2271,54,40,7,19,1.7088310244062668,21
2272,51,22,43,11,1.7055396893146841,11
2273,48,10,37,5,1.7035937503192145,5
2274,20,16,102,8,1.6989391239814933,8
2275,36,15,23,9,1.6972875274185721,6
2276,60,58,16,28,1.696206200343733,30
2277,51,25,23,12,1.6961813528047331,13
2278,41,62,13,30,1.6944548774743582,32
2279,86,31,80,15,1.6766961831131937,16
2280,112,22,65,11,1.6764505463976545,11
2281,63,45,39,18,1.6729604614700202,27
2282,45,28,31,13,1.6710870406691087,15
2283,107,23,49,12,1.6706380215538046,11
2284,43,13,109,6,1.6656590774439002,7
2285,36,23,68,11,1.6511686348202657,12
2286,16,50,74,23,1.6504828930462028,27
2287,95,10,57,6,1.6443605111684718,4
2288,71,39,107,17,1.6439964154335995,22
2289,106,44,88,19,1.6421661548035555,25
2290,85,12,20,6,1.6390974332364696,6
2291,40,61,51,29,1.63752220282157,32
2292,39,19,96,8,1.6315253594413592,11
2293,91,35,86,17,1.6127783916757956,18
2294,79,11,54,4,1.607153398950684,7
2295,70,13,43,6,1.6071210379776917,7
2296,99,18,30,8,1.5949338139614577,10
2297,64,10,90,5,1.5921132093044654,5
2298,7,73,40,33,1.5888049712895005,40
2299,2,15,25,8,1.5845186001024008,7
2300,55,22,90,12,1.578656952498874,10
2301,18,38,107,16,1.5770183315968969,22
2302,60,25,46,12,1.5735893742532674,13
2303,64,11,57,5,1.564227847573145,6
2304,107,54,60,25,1.5627254967293458,29
2305,9,14,111,7,1.5621342613374551,7
2306,40,17,61,8,1.5607473214395389,9
2307,97,12,100,6,1.5601199386945834,6
2308,104,23,83,10,1.5563880557352996,13
2309,7,84,65,43,1.5543231245397546,41
2310,17,42,51,21,1.5539556128144005,21
2311,106,15,14,8,1.5523885439078582,7
2312,11,26,74,12,1.5483769164487977,14
2313,13,44,28,21,1.5480390864692148,23
2314,65,12,61,5,1.5448114274450557,7
2315,51,52,60,22,1.5379585605411303,30
2316,97,25,46,12,1.5379422598602892,13
2317,13,23,45,11,1.536281477648622,12
2318,1,34,88,17,1.5234508852206479,17
2319,35,14,37,7,1.523131742310598,7
2320,43,12,8,6,1.5194230889621367,6
2321,46,12,55,5,1.5148590180899557,7
2322,84,30,50,15,1.5145533767727444,15
2323,28,63,5,31,1.5122016375527902,32
2324,86,77,20,36,1.5052536125341225,41
2325,29,21,87,9,1.496087722033851,12
2326,4,59,13,27,1.4911690163054754,32
2327,73,15,63,8,1.4760785674332926,7
2328,11,17,32,9,1.4729852723414754,8
2329,86,32,2,16,1.4682447143488935,16
2330,63,89,65,43,1.4663105199346151,46
2331,31,21,47,10,1.4606130980712668,11
2332,25,23,83,10,1.4597201880554966,13
2333,8,16,38,8,1.4562520429495758,8
2334,50,16,89,7,1.4560158637801317,9
2335,106,55,63,27,1.4485566818099482,28
2336,20,21,97,11,1.439527960881874,10
2337,50,28,25,14,1.4391705454909012,14
2338,107,76,28,35,1.4297462541310921,41
2339,65,70,41,31,1.4285809086277084,39
2340,36,35,45,19,1.423273124508123,16
2341,80,23,87,11,1.4202226913102636,12
2342,49,17,63,8,1.4171594607729323,9
2343,9,45,40,21,1.4158523438373036,24
2344,102,15,11,6,1.4114820984859568,9
2345,70,17,95,9,1.4011695857654913,8
2346,75,12,44,5,1.399837377533035,7
2347,16,10,56,4,1.3984899579645478,6
2348,20,19,95,9,1.3957034121223277,10
2349,91,13,9,6,1.3946381880594532,7
2350,7,15,83,6,1.3943529604549396,9
2351,100,25,106,13,1.3941621457208537,12
2352,44,25,16,13,1.3924747988210242,12
2353,43,13,37,7,1.3915535608538905,6
2354,17,15,74,7,1.3910983775391357,8
2355,15,15,114,7,1.385848653276297,8
2356,36,11,29,6,1.3837445576600587,5
2357,9,41,86,19,1.3820081892435105,22
2358,50,41,11,19,1.3816262941644981,22
2359,95,31,7,14,1.3809406634768675,17
2360,106,30,41,15,1.3806292559177733,15
2361,87,29,109,13,1.3766608968038978,16
2362,46,37,28,16,1.3752615916090838,21
2363,75,10,48,5,1.3711471542080278,5
2364,90,11,76,6,1.3711097869836062,5
2365,27,13,23,7,1.3665703255989456,6
2366,30,23,40,11,1.3656919842952282,12
2367,25,26,30,14,1.363384718034577,12
2368,68,31,104,16,1.3616459533032328,15
2369,43,30,60,14,1.3551540889304812,16
2370,53,44,60,20,1.3503746570549047,24
2371,97,37,88,18,1.349074362930903,19
2372,84,17,90,8,1.3434141546201468,9
2373,71,27,114,13,1.3431780041778802,14
2374,71,48,7,25,1.3388864417450883,23
2375,77,53,60,25,1.338750114348228,28
2376,8,44,51,21,1.3380278840989286,23
2377,8,66,37,32,1.3357403383797626,34
2378,64,39,68,17,1.3356994520331131,22
2379,74,18,80,9,1.3199661328668575,9
2380,46,60,88,30,1.317189159463411,30
2381,10,16,8,7,1.3145513780375315,9
2382,32,12,51,6,1.314434714983352,6
2383,37,12,108,6,1.3047215727540855,6
2384,70,11,102,7,1.3043211125718095,4
2385,5,44,13,21,1.302350985374302,23
2386,65,43,60,18,1.292557414516089,25
2387,2,22,74,10,1.2925512141562505,12
2388,97,20,109,10,1.283406905257821,10
2389,65,15,49,7,1.2832734530229162,8
2390,50,30,51,15,1.277023353905357,15
2391,8,82,55,42,1.2721684605222603,40
2392,50,27,65,13,1.2644687002361983,14
2393,75,42,55,18,1.2635366494506202,24
2394,55,26,99,12,1.2605449554949548,14
2395,68,13,94,7,1.252803974637691,6
2396,109,30,16,15,1.2499451161124784,15
2397,65,10,89,5,1.246766687204138,5
2398,104,12,43,5,1.2430962980218274,7
2399,107,30,4,15,1.2387516471106226,15
2400,71,25,31,12,1.2380158081615504,13
2401,63,16,95,8,1.233969730193377,8
2402,13,14,61,6,1.2296565256158196,8
2403,38,16,60,7,1.2292640845256295,9
2404,86,62,13,31,1.228508610912882,31
2405,71,26,9,12,1.2262156519313812,14
2406,87,50,55,24,1.2223891795427406,26
2407,50,62,54,30,1.2219864026222231,32
2408,98,11,74,5,1.2137114800422117,6
2409,38,12,46,5,1.2117798317776198,7
2410,25,33,97,16,1.211209753293348,17
2411,9,36,39,19,1.202572711375458,17
2412,37,25,84,12,1.200224547121566,13
2413,25,25,109,12,1.1927554377225935,13
2414,88,34,31,17,1.1836541894089576,17
2415,84,15,114,8,1.1814293651570578,7
2416,76,29,87,13,1.173923997825125,16
2417,76,24,28,11,1.171307704252366,13
2418,47,16,27,7,1.1658557312566065,9
2419,86,47,30,24,1.1570405179503076,23
2420,7,77,41,38,1.15072550046604,39
2421,39,11,98,5,1.1404948944014273,6
2422,60,73,71,35,1.1360670304013205,38
2423,80,11,38,6,1.135431064035941,5
2424,88,31,91,15,1.1352768006015477,16
2425,48,15,109,7,1.133812900706227,8
2426,23,47,16,22,1.133588423461974,25
2427,36,26,106,13,1.1307287364062801,13
2428,81,19,107,10,1.1293503192154635,9
2429,33,13,114,7,1.1286658148323794,6
2430,61,18,88,10,1.1254133453483963,8
2431,9,51,13,26,1.12146754194808,25
2432,25,17,57,8,1.1122394350713356,9
2433,63,47,40,22,1.1085655861732644,25
2434,73,13,55,6,1.1082443575059586,7
2435,40,19,45,9,1.1043531225931202,10
2436,96,18,2,9,1.1039761816908797,9
2437,70,39,106,20,1.1024614638047308,19
2438,54,16,33,7,1.1000953180608282,9
2439,13,67,60,30,1.0987386561282546,37
2440,14,16,11,7,1.0923565448715802,9
2441,40,13,74,6,1.0901529369074687,7
2442,65,46,39,20,1.089267893981286,26
2443,43,13,71,7,1.0882014078273523,6
2444,64,19,97,9,1.0748997556854092,10
2445,107,29,1,14,1.072552937399315,15
2446,67,20,37,9,1.0707700527635258,11
2447,106,12,66,5,1.070759127853136,7
2448,70,55,8,27,1.0665028298167964,28
2449,8,43,20,21,1.064860256583808,22
2450,104,30,109,15,1.0638658496000608,15
2451,68,42,63,21,1.0605961778676247,21
2452,18,35,87,16,1.0595333397572304,19
2453,27,17,87,8,1.0572087388131586,9
2454,84,18,9,9,1.0511434167523241,9
2455,16,37,40,17,1.0479395774839413,20
2456,28,19,57,9,1.0424952222058044,10
2457,90,21,88,11,1.0373159148886417,10
2458,114,29,20,14,1.0369418237684707,15
2459,45,14,3,7,1.0349134798027078,7
2460,71,34,88,15,1.0311330418182323,19
2461,35,22,7,11,1.0299988339542105,11
2462,112,17,9,8,1.0274983646093445,9
2463,8,21,17,11,1.026318191087208,10
2464,63,20,44,9,1.0233184771026502,11
2465,70,10,33,5,1.0222975969230632,5
2466,93,20,88,9,1.0138818382921346,11
2467,13,43,75,20,1.005364432264769,23
2468,3,28,39,13,1.005279876255595,15
2469,68,14,6,6,1.005162162800652,8
2470,114,11,93,6,1.004990658958168,5
2471,114,39,7,18,1.0047894280060632,21
2472,8,40,39,20,0.9993368710228037,20
2473,107,14,79,8,0.9916516151596949,6
2474,23,17,111,10,0.9902411232186314,7
2475,60,21,28,12,0.9891037947174114,9
2476,64,14,100,6,0.9873146869937531,8
2477,51,33,31,14,0.9782499075201472,19
2478,107,65,5,32,0.9748363761521144,33
2479,79,11,88,5,0.9736004729947267,6
2480,14,16,87,7,0.9719183858987279,9
2481,37,50,51,27,0.9710667257210692,23
2482,65,49,75,23,0.9671493682311952,26
2483,104,38,106,19,0.9604760273979323,19
2484,14,14,5,6,0.9561035605846475,8
2485,107,41,27,20,0.952515535377431,21
2486,7,20,8,9,0.9446580951337806,11
2487,112,13,114,7,0.9421647262329379,6
2488,47,33,39,16,0.9409236558902792,17
2489,102,11,83,5,0.9259324073609744,6
2490,33,17,86,9,0.9246066959077469,8
2491,39,33,104,16,0.9243967556000993,17
2492,102,18,65,10,0.9231577333764872,8
2493,69,17,50,7,0.9188452019230828,10
2494,13,20,33,10,0.918120505460343,10
2495,106,100,86,49,0.9173221659807225,51
2496,15,18,57,9,0.9165413221940596,9
2497,36,35,75,19,0.9076169876586753,16
2498,23,13,3,6,0.9036934098771335,7
2499,84,17,79,9,0.9012801816556621,8
2500,107,65,63,35,0.9004862155219548,30
2501,68,17,74,7,0.9001065237726507,10
2502,8,24,48,11,0.8990865709573224,13
2503,107,31,46,16,0.8942764168819464,15
2504,3,10,106,5,0.8904989515497614,5
2505,60,17,83,8,0.8851626447494981,9
2506,77,21,4,10,0.8810684428976758,11
2507,74,45,65,23,0.8800404347092065,22
2508,111,47,68,24,0.8746288393374696,23
2509,7,27,49,15,0.8744069756975954,12
2510,7,72,39,36,0.8666556089412244,36
2511,55,21,71,9,0.863684832703073,12
2512,10,10,114,4,0.8617397018011257,6
2513,34,17,16,8,0.8560019455164203,9
2514,71,28,63,13,0.8479499084443569,15
2515,27,39,68,18,0.8444718126987756,21
2516,54,40,74,20,0.8415267564978521,20
2517,87,20,47,10,0.8396314002741838,10
2518,28,16,3,7,0.8360030889582997,9
2519,2,16,46,8,0.8285194662826778,8
2520,7,57,18,29,0.8231688841647112,28
2521,16,79,28,38,0.8112414808815767,41
2522,96,58,107,27,0.8081270899904945,31
2523,112,15,23,7,0.8063745420595528,8
2524,56,14,40,7,0.8062835825274064,7
2525,79,17,50,8,0.8036407520519759,9
2526,2,22,88,11,0.7956469041111237,11
2527,68,19,77,9,0.792948245018335,10
2528,28,11,78,6,0.7898078034632366,5
2529,11,28,39,14,0.7894372385849194,14
2530,53,53,13,28,0.7874885927037626,25
2531,18,19,65,10,0.7868157298210118,9
2532,9,17,34,8,0.77910514985876,9
2533,104,45,114,21,0.7777920700848383,24
2534,16,24,15,11,0.7772765056505548,13
2535,97,20,93,10,0.7717644600090583,10
2536,33,15,104,8,0.7704375614853092,7
2537,107,80,8,36,0.7700051528352245,44
2538,3,37,86,19,0.7685094698143445,18
2539,75,27,64,13,0.7678085379778312,14
2540,110,12,54,6,0.762633303380524,6
2541,50,19,109,9,0.7621588618054026,10
2542,16,40,114,18,0.7591396705393908,22
2543,28,27,48,13,0.7484805696104432,14
2544,3,20,71,10,0.744611540631482,10
2545,36,13,74,5,0.7437175733038444,8
2546,85,11,17,5,0.7402100763690623,6
2547,40,77,86,36,0.7352757671814381,41
2548,95,41,5,21,0.731606653431554,20
2549,58,25,9,13,0.7270071603708143,12
2550,15,23,25,10,0.7267013492378231,13
2551,69,12,3,5,0.7220114611067269,7
2552,82,13,28,7,0.7153587234866209,6
2553,87,45,63,23,0.7153353724609679,22
2554,51,22,30,11,0.7133256045305847,11
2555,54,85,65,41,0.7126472318729192,44
2556,13,17,96,8,0.7114671477918352,9
2557,76,25,8,13,0.7077738529790866,12
2558,18,23,104,13,0.701208945227421,10
2559,71,13,69,6,0.6992249594892737,7
2560,38,18,64,9,0.6972961224720624,9
2561,54,71,107,36,0.6943884704890407,35
2562,27,11,99,6,0.6941577039356042,5
2563,18,19,25,10,0.6816652439852776,9
2564,37,40,114,18,0.6680388190804037,22
2565,63,38,50,18,0.6599709375930062,20
2566,64,15,108,8,0.6582287703496978,7
2567,20,29,13,15,0.6574275541488422,14
2568,41,27,1,12,0.6450987397179471,15
2569,98,16,50,8,0.6426219058041094,8
2570,62,16,37,6,0.6397394147846427,10
2571,25,25,41,14,0.6394054706376684,11
2572,111,17,36,8,0.6365354853619557,9
2573,114,58,88,29,0.636201245326286,29
2574,114,54,86,27,0.6322094644097674,27
2575,4,28,64,13,0.6316212138641686,15
2576,11,11,97,6,0.6269874474505769,5
2577,36,33,71,17,0.6241330409639582,16
2578,51,58,55,29,0.6228899757373463,29
2579,109,13,40,7,0.6223424064374103,6
2580,76,30,96,14,0.6223340675935091,16
2581,43,20,114,11,0.6074470201565788,9
2582,91,16,70,7,0.6063303701253773,9
2583,63,15,34,7,0.6010869874219945,8
2584,61,10,86,5,0.5990640749995453,5
2585,50,55,86,29,0.5948795299571148,26
2586,19,10,98,6,0.5939174582316639,4
2587,76,13,36,4,0.5885035889042722,9
2588,107,46,68,22,0.5820731036383072,24
2589,96,45,87,23,0.5775655020876899,22
2590,11,51,16,22,0.5759421625629789,29
2591,23,12,53,6,0.5700661218932129,6
2592,11,11,27,6,0.5615364354397145,5
2593,97,31,2,15,0.5614740846174435,16
2594,83,10,2,5,0.5594397265150824,5
2595,3,10,4,5,0.5556184418282119,5
2596,5,49,54,23,0.5526115688513309,26
2597,92,17,7,7,0.5480230211986101,10
2598,104,55,13,27,0.5474902747445213,28
2599,98,27,16,13,0.5462850233229243,14
2600,87,14,6,7,0.5451369775684941,7
2601,106,10,1,5,0.539652861011431,5
2602,63,43,7,18,0.5381341307781913,25
2603,28,19,33,8,0.5377400393884932,11
2604,107,38,70,20,0.5241539544793407,18
2605,73,19,28,10,0.5214155246375574,9
2606,43,17,25,10,0.5197036131496171,7
2607,106,68,28,33,0.5161436710076662,35
2608,41,11,90,6,0.513841479320257,5
2609,114,11,38,6,0.5127819422302534,5
2610,4,18,9,9,0.5118055197130339,9
2611,51,22,71,11,0.5066228412969123,11
2612,23,10,9,5,0.5053397207394539,5
2613,18,29,41,15,0.5040827449695365,14
2614,57,17,46,8,0.503950343571459,9
2615,90,13,91,6,0.5003235284827323,7
2616,70,19,39,10,0.49953189293951183,9
2617,5,59,87,29,0.4991669720547012,30
2618,5,39,63,22,0.49187190353271276,17
2619,63,21,53,10,0.48560167214791355,11
2620,57,14,104,5,0.4845128262229356,9
2621,95,28,74,13,0.47842550860281996,15
2622,75,31,41,14,0.47837138213253816,17
2623,25,51,39,26,0.4759465051184244,25
2624,37,13,69,6,0.4741041536564538,7
2625,31,53,65,27,0.47237439181628066,26
2626,113,11,86,6,0.46954311123939263,5
2627,100,12,44,6,0.4671750406191804,6
2628,87,16,111,8,0.45897322341286445,8
2629,88,41,49,20,0.4529990219368629,21
2630,62,13,55,7,0.4490302976953222,6
2631,80,11,9,7,0.4439834453330457,4
2632,86,83,65,43,0.4411076558908754,40
2633,90,15,11,7,0.4409004522210816,8
2634,87,34,84,17,0.43521410345734374,17
2635,40,43,31,22,0.429627197462679,21
2636,33,11,99,6,0.42486651226142574,5
2637,37,36,17,16,0.42335569980871807,20
2638,39,57,107,29,0.42006256627538213,28
2639,5,14,38,7,0.4168378546295618,7
2640,15,12,81,6,0.41085413376130536,6
2641,27,17,106,10,0.4013630945998079,7
2642,88,13,78,6,0.3934639813104847,7
2643,54,62,16,32,0.3930951100531193,30
2644,55,16,41,8,0.3929137359889599,8
2645,87,52,39,25,0.39238040439892136,27
2646,23,18,54,9,0.39214168570707464,9
2647,8,13,44,6,0.3904420875790005,7
2648,69,30,36,15,0.38598798110099336,15
2649,51,51,87,25,0.38566064440595554,26
2650,8,35,50,16,0.38293825667797665,19
2651,70,22,97,12,0.3783758219642565,10
2652,14,18,84,8,0.37783903496494214,10
2653,40,16,108,7,0.373845897515691,9
2654,114,26,75,13,0.3719126663008889,13
2655,57,23,86,12,0.3705226610368842,11
2656,40,21,75,10,0.36863713867004627,11
2657,95,26,28,12,0.36814720179538635,14
2658,63,17,47,7,0.3681401863793021,10
2659,25,30,63,16,0.3669879376751877,14
2660,92,18,13,7,0.36521745881563183,11
2661,46,18,41,8,0.36430211798636986,10
2662,39,41,54,21,0.33442242846591713,20
2663,83,20,106,11,0.33164456490941063,9
2664,15,20,60,9,0.3311042630925631,11
2665,76,28,70,13,0.3288931307094032,15
2666,49,14,114,6,0.32751436291229447,8
2667,41,34,63,17,0.326061354616667,17
2668,114,68,107,33,0.32070298196932506,35
2669,83,25,28,14,0.3193130867023741,11
2670,50,18,112,8,0.31747188429243445,10
2671,51,13,92,7,0.31029394338620886,6
2672,88,36,20,19,0.3041395250896581,17
2673,53,28,86,16,0.3007788516561258,12
2674,88,15,48,6,0.2955612335778544,9
2675,86,45,68,21,0.2946092815846377,24
2676,17,28,107,14,0.2941106702859755,14
2677,13,42,27,22,0.2905119523861549,20
2678,17,25,114,14,0.28496362892659627,11
2679,48,17,39,9,0.281951836002177,8
2680,67,12,25,6,0.2816428039469064,6
2681,109,53,86,26,0.2811365098015182,27
2682,96,12,67,7,0.27996501259109813,5
2683,53,18,5,8,0.2778213329671456,10
2684,36,11,38,4,0.26679215079866997,7
2685,31,10,35,5,0.2664857773065452,5
2686,50,28,17,13,0.26256574141142497,15
2687,37,22,76,12,0.2606095394442829,10
2688,40,25,47,14,0.24655985846699452,11
2689,8,74,88,37,0.2446779780170302,37
2690,86,32,31,15,0.24444323577164595,17
2691,83,20,88,11,0.24121558114701722,9
2692,30,10,108,5,0.24117256366227835,5
2693,64,19,45,9,0.2352744559029064,10
2694,68,15,57,8,0.23334024254481278,7
2695,16,26,111,12,0.2324255478959678,14
2696,57,14,20,7,0.22969067246688318,7
2697,65,10,101,5,0.22906131925901718,5
2698,67,12,84,5,0.22644335659627104,7
2699,72,16,7,8,0.22521266099875584,8
2700,11,40,87,22,0.22473431916089695,18
2701,11,24,65,11,0.2231872290555846,13
2702,107,59,74,28,0.21255364694604195,31
2703,53,21,44,9,0.2122113313421154,12
2704,41,46,107,21,0.2103526931245373,25
2705,28,11,66,5,0.2056598644516812,6
2706,44,14,107,7,0.20330478165271706,7
2707,46,16,71,7,0.19894184736909315,9
2708,8,66,54,35,0.1986057005994308,31
2709,60,50,68,24,0.19293391232953336,26
2710,69,19,87,10,0.18751867700367827,9
2711,35,12,70,7,0.18631436457958764,5
2712,44,15,65,6,0.18351226600640885,9
2713,71,33,8,17,0.17759312635004623,16
2714,96,37,55,19,0.17732770674363885,18
2715,88,53,41,27,0.17567237068802208,26
2716,15,30,13,14,0.17324984467329888,16
2717,11,47,106,26,0.17225906773687616,21
2718,17,28,13,14,0.1676823988018485,14
2719,57,20,37,10,0.16220303080862575,10
2720,7,51,4,26,0.16136746029798088,25
2721,62,12,106,6,0.1584669634691407,6
2722,12,15,40,8,0.14369807725415834,7
2723,37,47,28,23,0.1387371009601698,24
2724,73,10,25,5,0.1328731236438802,5
2725,51,13,44,8,0.13191763257362837,5
2726,60,76,7,38,0.13134493579901685,38
2727,69,14,43,7,0.12700967323830037,7
2728,28,22,98,9,0.12169006680659694,13
2729,68,47,9,23,0.12106464829716804,24
2730,108,16,50,7,0.11486075029930842,9
2731,40,28,18,16,0.11377047107058737,12
2732,98,13,97,7,0.11020600858990875,6
2733,35,19,88,9,0.10819589694575467,10
2734,86,99,107,50,0.10761073000794108,49
2735,2,18,84,9,0.10504403066305398,9
2736,68,13,44,7,0.10451112471006771,6
2737,84,33,88,15,0.10026530043554462,18
2738,47,18,65,9,0.09599132258442843,9
2739,74,39,25,20,0.09563368284676016,19
2740,25,65,16,32,0.09364645449744402,33
2741,30,15,96,8,0.09214636377364425,7
2742,114,29,36,13,0.09213128587786307,16
2743,95,52,86,24,0.08956033992826938,28
2744,107,94,7,42,0.07975391090501975,52
2745,97,36,74,17,0.07931920932357782,19
2746,51,30,3,12,0.07786889390674254,18
2747,76,20,109,9,0.07505370430495735,11
2748,55,15,108,8,0.07480659095217349,7
2749,84,20,65,9,0.07280165631996083,11
2750,106,21,40,10,0.06808253080226546,11
2751,108,15,74,7,0.06305457719799344,8
2752,20,18,30,9,0.05385247642414745,9
2753,8,70,106,37,0.05212763279076112,33
2754,8,16,27,7,0.051328614148521634,9
2755,34,19,50,10,0.05002588679712766,9
2756,73,16,106,8,0.04700386219362951,8
2757,112,19,63,9,0.04656981650604271,10
2758,65,44,8,22,0.044780594216323605,22
2759,54,19,49,10,0.044180244209844795,9
2760,13,17,78,8,0.04330270532554792,9
2761,31,11,97,5,0.04256244744109723,6
2762,12,36,65,17,0.04009292919049301,19
2763,41,23,27,11,0.03715076021582355,12
2764,68,62,51,29,0.034563812352960646,33
2765,45,17,71,7,0.03389797077786283,10
2766,106,42,50,20,0.025298087208634697,22
2767,89,15,28,8,0.018607611913672883,7
2768,35,24,86,11,0.011498856499630127,13
2769,11,41,46,21,0.010078384039398624,20
2770,109,17,83,7,0.00972932964701334,10
2771,90,33,16,15,0.006116246156991541,18
2772,109,20,102,10,0.0026602667859183526,10
2773,102,20,109,10,-0.0026602667859165763,10
2774,16,33,90,18,-0.0061162461569911645,15
2775,83,17,109,10,-0.009729329647013785,7
2776,46,41,11,20,-0.010078384039398624,21
2777,86,24,35,13,-0.011498856499629817,11
2778,28,15,89,7,-0.018607611913672648,8
2779,50,42,106,22,-0.02529808720863334,20
2780,71,17,45,10,-0.03389797077786216,7
2781,51,62,68,33,-0.03456381235296123,29
2782,27,23,41,12,-0.037150760215824086,11
2783,65,36,12,19,-0.04009292919049182,17
2784,97,11,31,6,-0.042562447441096586,5
2785,78,17,13,9,-0.04330270532554771,8
2786,49,19,54,9,-0.04418024420984498,10
2787,8,44,65,22,-0.04478059421632261,22
2788,63,19,112,10,-0.04656981650604271,9
2789,106,16,73,8,-0.0470038621936304,8
2790,50,19,34,9,-0.05002588679712785,10
2791,27,16,8,9,-0.051328614148522966,7
2792,106,70,8,33,-0.05212763279076128,37
2793,74,15,108,8,-0.06305457719799369,7
2794,40,21,106,11,-0.0680825308022658,10
2795,65,20,84,11,-0.07280165631996083,9
2796,108,15,55,7,-0.07480659095217229,8
2797,109,20,76,11,-0.07505370430495617,9
2798,3,30,51,18,-0.07786889390674313,12
2799,74,36,97,19,-0.07931920932357782,17
2800,7,94,107,52,-0.0797539109050192,42
2801,86,52,95,28,-0.08956033992827091,24
2802,36,29,114,16,-0.09213128587786189,13
2803,96,15,30,7,-0.09214636377364507,8
2804,16,65,25,33,-0.09364645449744435,32
2805,25,39,74,19,-0.0956336828467596,20
2806,65,18,47,9,-0.09599132258443177,9
2807,88,33,84,18,-0.10026530043554559,15
2808,44,13,68,6,-0.10451112471006657,7
2809,84,18,2,9,-0.10504403066305477,9
2810,107,99,86,49,-0.10761073000794094,50
2811,88,19,35,10,-0.10819589694575625,9
2812,97,13,98,6,-0.11020600858990862,7
2813,18,28,40,12,-0.11377047107058744,16
2814,50,16,108,9,-0.11486075029930998,7
2815,9,47,68,24,-0.12106464829716938,23
2816,98,22,28,13,-0.1216900668065983,9
2817,43,14,69,7,-0.12700967323830023,7
2818,7,76,60,38,-0.13134493579901632,38
2819,44,13,51,5,-0.1319176325736292,8
2820,25,10,73,5,-0.1328731236438802,5
2821,28,47,37,24,-0.13873710096017047,23
2822,40,15,12,7,-0.14369807725415834,8
2823,106,12,62,6,-0.15846696346914188,6
2824,4,51,7,25,-0.16136746029798163,26
2825,37,20,57,10,-0.162203030808627,10
2826,13,28,17,14,-0.16768239880184893,14
2827,106,47,11,21,-0.17225906773687602,26
2828,13,30,15,16,-0.1732498446732979,14
2829,41,53,88,26,-0.17567237068802258,27
2830,55,37,96,18,-0.17732770674364082,19
2831,8,33,71,16,-0.17759312635004632,17
2832,65,15,44,9,-0.1835122660064091,6
2833,70,12,35,5,-0.18631436457958692,7
2834,87,19,69,9,-0.18751867700367922,10
2835,68,50,60,26,-0.19293391232953336,24
2836,54,66,8,31,-0.19860570059943058,35
2837,71,16,46,9,-0.19894184736909182,7
2838,107,14,44,7,-0.20330478165271787,7
2839,66,11,28,6,-0.20565986445168055,5
2840,107,46,41,25,-0.21035269312453797,21
2841,44,21,53,12,-0.2122113313421161,9
2842,65,24,11,13,-0.22318722905558436,11
2843,87,40,11,18,-0.22473431916089676,22
2844,7,16,72,8,-0.22521266099875537,8
2845,84,12,67,7,-0.22644335659627166,5
2846,101,10,65,5,-0.2290613192590168,5
2847,20,14,57,7,-0.2296906724668833,7
2848,111,26,16,14,-0.23242554789596853,12
2849,57,15,68,7,-0.23334024254481325,8
2850,45,19,64,10,-0.23527445590290527,9
2851,108,10,30,5,-0.24117256366227763,5
2852,88,20,83,9,-0.24121558114701463,11
2853,31,32,86,17,-0.24444323577164873,15
2854,88,74,8,37,-0.24467797801702856,37
2855,47,25,40,11,-0.24655985846699366,14
2856,76,22,37,10,-0.26060953944428406,12
2857,17,28,50,15,-0.2625657414114243,13
2858,35,10,31,5,-0.2664857773065439,5
2859,38,11,36,7,-0.26679215079866964,4
2860,5,18,53,10,-0.277821332967146,8
2861,67,12,96,5,-0.279965012591097,7
2862,86,53,109,27,-0.281136509801518,26
2863,25,12,67,6,-0.2816428039469064,6
2864,39,17,48,8,-0.28195183600217677,9
2865,114,25,17,11,-0.2849636289265948,14
2866,27,42,13,20,-0.29051195238615496,22
2867,107,28,17,14,-0.2941106702859755,14
2868,68,45,86,24,-0.2946092815846377,21
2869,48,15,88,9,-0.29556123357785347,6
2870,86,28,53,12,-0.300778851656125,16
2871,92,13,51,6,-0.31029394338620975,7
2872,112,18,50,10,-0.31747188429243345,8
2873,28,25,83,11,-0.3193130867023753,14
2874,107,68,114,35,-0.3207029819693246,33
2875,63,34,41,17,-0.3260613546166661,17
2876,114,14,49,8,-0.32751436291229385,6
2877,70,28,76,15,-0.32889313070940346,13
2878,60,20,15,11,-0.33110426309256197,9
2879,106,20,83,9,-0.3316445649094112,11
2880,54,41,39,20,-0.3344224284659163,21
2881,41,18,46,10,-0.36430211798637085,8
2882,13,18,92,11,-0.3652174588156323,7
2883,63,30,25,14,-0.3669879376751877,16
2884,47,17,63,10,-0.368140186379302,7
2885,28,26,95,14,-0.36814720179538646,12
2886,75,21,40,11,-0.3686371386700461,10
2887,86,23,57,11,-0.37052266103688436,12
2888,75,26,114,13,-0.37191266630088854,13
2889,108,16,40,9,-0.3738458975156912,7
2890,84,18,14,10,-0.37783903496494253,8
2891,97,22,70,10,-0.3783758219642562,12
2892,50,35,8,19,-0.3829382566779763,16
2893,87,51,51,26,-0.38566064440595466,25
2894,36,30,69,15,-0.3859879811009911,15
2895,44,13,8,7,-0.3904420875789997,6
2896,54,18,23,9,-0.39214168570707364,9
2897,39,52,87,27,-0.3923804043989204,25
2898,41,16,55,8,-0.39291373598895946,8
2899,16,62,54,30,-0.3930951100531199,32
2900,78,13,88,7,-0.3934639813104835,6
2901,106,17,27,7,-0.40136309459980746,10
2902,102,23,16,12,-0.4055631726315678,11
2903,81,12,15,6,-0.41085413376130536,6
2904,38,14,5,7,-0.4168378546295618,7
2905,107,57,39,28,-0.42006256627538224,29
2906,17,36,37,20,-0.42335569980871945,16
2907,99,11,33,5,-0.4248665122614248,6
2908,31,43,40,21,-0.4296271974626791,22
2909,84,34,87,17,-0.4352141034573432,17
2910,11,15,90,8,-0.4409004522210813,7
2911,65,83,86,40,-0.44110765589087725,43
2912,9,11,80,4,-0.4439834453330448,7
2913,55,13,62,6,-0.4490302976953225,7
2914,49,41,88,21,-0.45299902193686364,20
2915,111,16,87,8,-0.45897322341286373,8
2916,44,12,100,6,-0.46717504061918014,6
2917,86,11,113,5,-0.46954311123939296,6
2918,65,53,31,26,-0.47237439181628094,27
2919,69,13,37,7,-0.47410415365645314,6
2920,39,51,25,25,-0.4759465051184236,26
2921,41,31,75,17,-0.47837138213253816,14
2922,74,28,95,15,-0.4784255086028221,13
2923,104,14,57,9,-0.4845128262229359,5
2924,53,21,63,11,-0.485601672147913,10
2925,20,13,93,7,-0.4910409331485479,6
2926,63,39,5,17,-0.4918719035327135,22
2927,87,59,5,30,-0.49916697205470045,29
2928,39,19,70,9,-0.49953189293951067,10
2929,91,13,90,7,-0.5003235284827329,6
2930,46,17,57,9,-0.5039503435714585,8
2931,41,29,18,14,-0.5040827449695369,15
2932,9,10,23,5,-0.5053397207394532,5
2933,71,22,51,11,-0.5066228412969127,11
2934,9,18,4,9,-0.5118055197130339,9
2935,38,11,114,5,-0.5127819422302561,6
2936,90,11,41,5,-0.513841479320257,6
2937,28,68,106,35,-0.5161436710076651,33
2938,25,17,43,7,-0.5197036131496168,10
2939,28,19,73,9,-0.5214155246375576,10
2940,70,38,107,18,-0.5241539544793419,20
2941,33,19,28,11,-0.5377400393884936,8
2942,7,43,63,25,-0.5381341307781913,18
2943,1,10,106,5,-0.5396528610114302,5
2944,6,14,87,7,-0.5451369775684937,7
2945,16,27,98,14,-0.5462850233229247,13
2946,13,55,104,28,-0.5474902747445204,27
2947,7,17,92,10,-0.5480230211986107,7
2948,54,49,5,26,-0.5526115688513301,23
2949,4,10,3,5,-0.5556184418282125,5
2950,2,10,83,5,-0.559439726515081,5
2951,2,31,97,16,-0.5614740846174444,15
2952,27,11,11,5,-0.5615364354397134,6
2953,107,36,90,19,-0.5646498466658356,17
2954,53,12,23,6,-0.5700661218932138,6
2955,87,45,96,22,-0.57756550208769,23
2956,68,46,107,24,-0.5820731036383069,22
2957,36,13,76,9,-0.5885035889042698,4
2958,98,10,19,4,-0.5939174582316646,6
2959,86,55,50,26,-0.5948795299571146,29
2960,86,10,61,5,-0.5990640749995453,5
2961,34,15,63,8,-0.6010869874219955,7
2962,70,16,91,9,-0.6063303701253777,7
2963,114,20,43,9,-0.6074470201565787,11
2964,96,30,76,16,-0.6223340675935105,14
2965,40,13,109,6,-0.6223424064374109,7
2966,55,58,51,29,-0.622889975737348,29
2967,106,45,76,25,-0.6229200096733949,20
2968,71,33,36,16,-0.6241330409639598,17
2969,97,11,11,5,-0.626987447450576,6
2970,64,28,4,15,-0.6316212138641698,13
2971,86,54,114,27,-0.6322094644097658,27
2972,88,58,114,29,-0.6362012453262859,29
2973,36,17,111,9,-0.6365354853619557,8
2974,41,25,25,11,-0.6394054706376676,14
2975,37,16,62,10,-0.6397394147846429,6
2976,50,16,98,8,-0.6426219058041119,8
2977,1,27,41,15,-0.6450987397179483,12
2978,13,29,20,14,-0.6574275541488409,15
2979,108,15,64,7,-0.6582287703496964,8
2980,50,38,63,20,-0.6599709375930077,18
2981,114,40,37,22,-0.6680388190804033,18
2982,25,19,18,9,-0.6816652439852758,10
2983,99,11,27,5,-0.6941577039356038,6
2984,107,71,54,35,-0.6943884704890403,36
2985,64,18,38,9,-0.6972961224720612,9
2986,69,13,71,7,-0.6992249594892732,6
2987,104,23,18,10,-0.7012089452274208,13
2988,8,25,76,12,-0.7077738529790857,13
2989,96,17,13,9,-0.7114671477918357,8
2990,65,85,54,44,-0.7126472318729195,41
2991,30,22,51,11,-0.7133256045305842,11
2992,63,45,87,22,-0.715335372460967,23
2993,28,13,82,6,-0.7153587234866207,7
2994,3,12,69,7,-0.7220114611067269,5
2995,25,23,15,13,-0.7267013492378236,10
2996,9,25,58,12,-0.727007160370813,13
2997,5,41,95,20,-0.7316066534315533,21
2998,86,77,40,41,-0.7352757671814375,36
2999,17,11,85,6,-0.7402100763690623,5
3000,74,13,36,8,-0.743717573303844,5
3001,71,20,3,10,-0.7446115406314829,10
3002,48,27,28,14,-0.7484805696104441,13
3003,114,40,16,22,-0.7591396705393901,18
3004,109,19,50,10,-0.762158861805403,9
3005,54,12,110,6,-0.7626333033805247,6
3006,64,27,75,14,-0.7678085379778318,13
3007,86,37,3,18,-0.768509469814344,19
3008,8,80,107,44,-0.7700051528352247,36
3009,104,15,33,7,-0.7704375614853106,8
3010,93,20,97,10,-0.7717644600090567,10
3011,15,24,16,13,-0.777276505650555,11
3012,114,45,104,24,-0.7777920700848373,21
3013,34,17,9,9,-0.77910514985876,8
3014,65,19,18,9,-0.7868157298210114,10
3015,13,53,53,25,-0.787488592703762,28
3016,39,28,11,14,-0.7894372385849192,14
3017,78,11,28,5,-0.7898078034632366,6
3018,77,19,68,10,-0.7929482450183345,9
3019,88,22,2,11,-0.7956469041111237,11
3020,50,17,79,9,-0.8036407520519754,8
3021,40,14,56,7,-0.8062835825274064,7
3022,23,15,112,8,-0.8063745420595543,7
3023,107,58,96,31,-0.8081270899904945,27
3024,28,79,16,41,-0.8112414808815771,38
3025,76,45,106,21,-0.8113571883686943,24
3026,20,27,74,13,-0.8203305748765273,14
3027,18,57,7,28,-0.8231688841647117,29
3028,46,16,2,8,-0.8285194662826783,8
3029,93,19,107,9,-0.8317061972633653,10
3030,3,16,28,9,-0.8360030889582999,7
3031,47,20,87,10,-0.8396314002741841,10
3032,74,40,54,20,-0.8415267564978521,20
3033,68,39,27,21,-0.8444718126987766,18
3034,63,28,71,15,-0.8479499084443569,13
3035,16,17,34,9,-0.8560019455164201,8
3036,114,10,10,6,-0.8617397018011254,4
3037,71,21,55,12,-0.8636848327030733,9
3038,39,72,7,36,-0.8666556089412238,36
3039,49,27,7,12,-0.8744069756975955,15
3040,68,47,111,23,-0.87462883933747,24
3041,65,45,74,22,-0.8800404347092061,23
3042,4,21,77,11,-0.8810684428976734,10
3043,83,17,60,9,-0.8851626447494985,8
3044,106,10,3,5,-0.8904989515497619,5
3045,46,31,107,15,-0.8942764168819444,16
3046,48,24,8,13,-0.8990865709573216,11
3047,74,17,68,10,-0.9001065237726515,7
3048,63,65,107,30,-0.9004862155219557,35
3049,79,17,84,8,-0.9012801816556617,9
3050,3,13,23,7,-0.9036934098771321,6
3051,75,35,36,16,-0.9076169876586756,19
3052,57,18,15,9,-0.9165413221940596,9
3053,33,20,13,10,-0.9181205054603415,10
3054,50,17,69,10,-0.918845201923083,7
3055,65,18,102,8,-0.9231577333764884,10
3056,104,33,39,17,-0.924396755600099,16
3057,86,17,33,8,-0.9246066959077452,9
3058,83,11,102,6,-0.9259324073609722,5
3059,39,33,47,17,-0.9409236558902793,16
3060,114,13,112,6,-0.9421647262329372,7
3061,8,20,7,11,-0.9446580951337818,9
3062,27,41,107,21,-0.952515535377432,20
3063,5,14,14,8,-0.9561035605846475,6
3064,106,38,104,19,-0.9604760273979325,19
3065,75,49,65,26,-0.967149368231196,23
3066,51,50,37,23,-0.9710667257210696,27
3067,87,16,14,9,-0.9719183858987275,7
3068,88,11,79,6,-0.973600472994728,5
3069,5,65,107,33,-0.9748363761521153,32
3070,31,33,51,19,-0.9782499075201476,14
3071,100,14,64,8,-0.9873146869937529,6
3072,28,21,60,9,-0.9891037947174117,12
3073,111,17,23,7,-0.9902411232186308,10
3074,79,14,107,6,-0.9916516151596952,8
3075,39,40,8,20,-0.9993368710228037,20
3076,7,39,114,21,-1.0047894280060643,18
3077,93,11,114,5,-1.0049906589581687,6
3078,6,14,68,8,-1.005162162800652,6
3079,39,28,3,15,-1.0052798762555943,13
3080,75,43,13,23,-1.0053644322647692,20
3081,88,20,93,11,-1.013881838292134,9
3082,33,10,70,5,-1.0222975969230645,5
3083,44,20,63,11,-1.0233184771026504,9
3084,17,21,8,10,-1.026318191087207,11
3085,9,17,112,9,-1.0274983646093443,8
3086,7,22,35,11,-1.02999883395421,11
3087,88,34,71,19,-1.0311330418182334,15
3088,3,14,45,7,-1.0349134798027073,7
3089,20,29,114,15,-1.0369418237684724,14
3090,88,21,90,10,-1.0373159148886413,11
3091,57,19,28,10,-1.042495222205806,9
3092,40,37,16,20,-1.0479395774839417,17
3093,9,18,84,9,-1.051143416752324,9
3094,87,17,27,9,-1.0572087388131575,8
3095,87,35,18,19,-1.059533339757231,16
3096,63,42,68,21,-1.0605961778676243,21
3097,109,30,104,15,-1.063865849600061,15
3098,20,43,8,22,-1.0648602565838075,21
3099,8,55,70,28,-1.0665028298167962,27
3100,66,12,106,7,-1.0707591278531368,5
3101,37,20,67,11,-1.0707700527635244,9
3102,1,29,107,15,-1.0725529373993175,14
3103,97,19,64,10,-1.0748997556854094,9
3104,71,13,43,6,-1.0882014078273534,7
3105,39,46,65,26,-1.0892678939812854,20
3106,74,13,40,7,-1.0901529369074696,6
3107,11,16,14,9,-1.0923565448715815,7
3108,60,67,13,37,-1.0987386561282542,30
3109,33,16,54,9,-1.1000953180608284,7
3110,106,39,70,19,-1.1024614638047292,20
3111,2,18,96,9,-1.1039761816908782,9
3112,45,19,40,10,-1.1043531225931214,9
3113,55,13,73,7,-1.1082443575059588,6
3114,40,47,63,25,-1.1085655861732648,22
3115,57,17,25,9,-1.1122394350713356,8
3116,13,51,9,25,-1.1214675419480795,26
3117,88,18,61,8,-1.1254133453483963,10
3118,114,13,33,6,-1.1286658148323805,7
3119,107,19,81,9,-1.1293503192154632,10
3120,106,26,36,13,-1.1307287364062808,13
3121,16,47,23,25,-1.1335884234619735,22
3122,109,15,48,8,-1.1338129007062274,7
3123,91,31,88,16,-1.1352768006015461,15
3124,38,11,80,5,-1.1354310640359402,6
3125,71,73,60,38,-1.1360670304013198,35
3126,98,11,39,6,-1.1404948944014273,5
3127,41,77,7,39,-1.1507255004660388,38
3128,30,47,86,23,-1.1570405179503085,24
3129,27,16,47,9,-1.1658557312566071,7
3130,28,24,76,13,-1.1713077042523665,11
3131,114,15,84,7,-1.181429365157058,8
3132,31,34,88,17,-1.1836541894089585,17
3133,109,25,25,13,-1.1927554377225942,12
3134,84,25,37,13,-1.2002245471215662,12
3135,39,36,9,17,-1.2025727113754594,19
3136,97,33,25,17,-1.2112097532933461,16
3137,46,12,38,7,-1.2117798317776216,5
3138,74,11,98,6,-1.2137114800422124,5
3139,54,62,50,32,-1.2219864026222214,30
3140,55,50,87,26,-1.2223891795427406,24
3141,9,26,71,14,-1.2262156519313807,12
3142,13,62,86,31,-1.228508610912882,31
3143,60,16,38,9,-1.2292640845256295,7
3144,61,14,13,8,-1.2296565256158196,6
3145,95,16,63,8,-1.233969730193377,8
3146,31,25,71,13,-1.2380158081615502,12
3147,4,30,107,15,-1.2387516471106224,15
3148,43,12,104,7,-1.2430962980218272,5
3149,89,10,65,5,-1.2467666872041385,5
3150,16,30,109,15,-1.2499451161124762,15
3151,94,13,68,6,-1.252803974637691,7
3152,99,26,55,14,-1.260544955494955,12
3153,14,15,107,7,-1.262180496300674,8
3154,55,42,75,24,-1.263536649450621,18
3155,65,27,50,14,-1.2644687002361992,13
3156,55,82,8,40,-1.2721684605222614,42
3157,51,30,50,15,-1.277023353905357,15
3158,49,15,65,8,-1.283273453022916,7
3159,109,20,97,10,-1.2834069052578214,10
3160,74,22,2,12,-1.2925512141562505,10
3161,60,43,65,25,-1.2925574145160876,18
3162,13,44,5,23,-1.3023509853743016,21
3163,102,11,70,4,-1.3043211125718082,7
3164,108,12,37,6,-1.3047215727540855,6
3165,51,12,32,6,-1.314434714983353,6
3166,8,16,10,9,-1.3145513780375313,7
3167,88,60,46,30,-1.3171891594634109,30
3168,80,18,74,9,-1.3199661328668575,9
3169,68,39,64,22,-1.3356994520331136,17
3170,37,66,8,34,-1.3357403383797612,32
3171,51,44,8,23,-1.3380278840989295,21
3172,60,53,77,28,-1.3387501143482283,25
3173,7,48,71,23,-1.3388864417450879,25
3174,114,27,71,14,-1.3431780041778798,13
3175,90,17,84,9,-1.3434141546201466,8
3176,88,37,97,19,-1.3490743629309028,18
3177,60,44,53,24,-1.3503746570549038,20
3178,60,30,43,16,-1.3551540889304803,14
3179,104,31,68,15,-1.3616459533032323,16
3180,30,26,25,12,-1.3633847180345777,14
3181,40,23,30,12,-1.3656919842952278,11
3182,23,13,27,6,-1.3665703255989474,7
3183,76,11,90,5,-1.371109786983603,6
3184,48,10,75,5,-1.3711471542080287,5
3185,28,37,46,21,-1.375261591609085,16
3186,109,29,87,16,-1.3766608968038976,13
3187,41,30,106,15,-1.3806292559177735,15
3188,7,31,95,17,-1.3809406634768695,14
3189,11,41,50,22,-1.3816262941644981,19
3190,86,41,9,22,-1.382008189243511,19
3191,29,11,36,5,-1.3837445576600587,6
3192,114,15,15,8,-1.3858486532762986,7
3193,74,15,17,8,-1.3910983775391348,7
3194,37,13,43,6,-1.39155356085389,7
3195,16,25,44,12,-1.3924747988210244,13
3196,106,25,100,12,-1.3941621457208517,13
3197,83,15,7,9,-1.3943529604549403,6
3198,9,13,91,7,-1.3946381880594534,6
3199,95,19,20,10,-1.3957034121223266,9
3200,56,10,16,6,-1.398489957964547,4
3201,44,12,75,7,-1.3998373775330364,5
3202,95,17,70,8,-1.4011695857654913,9
3203,11,15,102,9,-1.4114820984859553,6
3204,40,45,9,24,-1.4158523438373032,21
3205,63,17,49,9,-1.4171594607729328,8
3206,87,23,80,12,-1.4202226913102634,11
3207,45,35,36,16,-1.4232731245081227,19
3208,41,70,65,39,-1.4285809086277088,31
3209,28,76,107,41,-1.4297462541310915,35
3210,25,28,50,14,-1.4391705454909016,14
3211,97,21,20,10,-1.4395279608818727,11
3212,63,55,106,28,-1.4485566818099482,27
3213,89,16,50,9,-1.4560158637801313,7
3214,38,16,8,8,-1.4562520429495762,8
3215,83,23,25,13,-1.459720188055496,10
3216,47,21,31,11,-1.4606130980712662,10
3217,65,89,63,46,-1.4663105199346156,43
3218,2,32,86,16,-1.4682447143488924,16
3219,32,17,11,8,-1.4729852723414758,9
3220,63,15,73,7,-1.4760785674332912,8
3221,13,59,4,32,-1.4911690163054772,27
3222,12,16,88,8,-1.492888142675182,8
3223,87,21,29,12,-1.496087722033852,9
3224,20,77,86,41,-1.5052536125341243,36
3225,5,63,28,32,-1.5122016375527894,31
3226,50,30,84,15,-1.5145533767727424,15
3227,55,12,46,7,-1.514859018089955,5
3228,8,12,43,6,-1.5194230889621378,6
3229,37,14,35,7,-1.523131742310598,7
3230,88,34,1,17,-1.5234508852206479,17
3231,45,23,13,12,-1.5362814776486233,11
3232,46,25,97,13,-1.53794225986029,12
3233,60,52,51,30,-1.5379585605411297,22
3234,61,12,65,7,-1.5448114274450557,5
3235,28,44,13,23,-1.5480390864692188,21
3236,74,26,11,14,-1.5483769164487973,12
3237,14,15,106,7,-1.552388543907857,8
3238,51,42,17,21,-1.5539556128144012,21
3239,65,84,7,41,-1.5543231245397562,43
3240,83,23,104,13,-1.5563880557352991,10
3241,100,12,97,6,-1.5601199386945845,6
3242,61,17,40,9,-1.5607473214395375,8
3243,111,14,9,7,-1.5621342613374538,7
3244,60,54,107,29,-1.5627254967293462,25
3245,57,11,64,6,-1.5642278475731437,5
3246,86,100,106,52,-1.5692663469089445,48
3247,46,25,60,13,-1.5735893742532685,12
3248,107,38,18,22,-1.5770183315969,16
3249,90,22,55,10,-1.578656952498874,12
3250,25,15,2,7,-1.5845186001024019,8
3251,40,73,7,40,-1.588804971289502,33
3252,90,10,64,5,-1.5921132093044663,5
3253,30,18,99,10,-1.5949338139614573,8
3254,43,13,70,7,-1.6071210379776915,6
3255,54,11,79,7,-1.6071533989506848,4
3256,74,59,107,32,-1.6086403256327972,27
3257,86,35,91,18,-1.6127783916757956,17
3258,96,19,39,11,-1.6315253594413601,8
3259,51,61,40,32,-1.6375222028215697,29
3260,20,12,85,6,-1.6390974332364685,6
3261,88,44,106,25,-1.6421661548035542,19
3262,107,39,71,22,-1.6439964154336006,17
3263,57,10,95,4,-1.6443605111684718,6
3264,74,50,16,27,-1.6504828930462023,23
3265,68,23,36,12,-1.6511686348202665,11
3266,48,19,106,10,-1.6634533717988316,9
3267,109,13,43,7,-1.6656590774438986,6
3268,49,23,107,11,-1.6706380215538053,12
3269,31,28,45,15,-1.6710870406691087,13
3270,39,45,63,27,-1.672960461470019,18
3271,65,22,112,11,-1.6764505463976553,11
3272,80,31,86,16,-1.6766961831131946,15
3273,13,62,41,32,-1.6944548774743566,30
3274,23,25,51,13,-1.6961813528047356,12
3275,16,58,60,30,-1.6962062003437322,28
3276,23,15,36,6,-1.6972875274185715,9
3277,102,16,20,8,-1.6989391239814924,8
3278,37,10,48,5,-1.703593750319215,5
3279,43,22,51,11,-1.7055396893146837,11
3280,7,40,54,21,-1.7088310244062668,19
3281,40,31,41,16,-1.7110878654501351,15
3282,85,10,74,5,-1.7134982697618457,5
3283,41,39,39,19,-1.7191888070685701,20
3284,90,36,107,18,-1.723381098959678,18
3285,11,49,8,27,-1.7256786381417557,22
3286,50,11,83,5,-1.7272952536822093,6
3287,12,13,50,5,-1.7279667161947843,8
3288,11,14,60,7,-1.729783938603551,7
3289,75,19,70,9,-1.7314858975507368,10
3290,5,51,46,28,-1.7323776092910628,23
3291,106,19,48,10,-1.7335189393534853,9
3292,88,37,36,21,-1.7392851936744331,16
3293,23,26,8,13,-1.7400762718841147,13
3294,6,11,18,6,-1.7414584600944745,5
3295,36,33,60,17,-1.7416473627060742,16
3296,51,39,53,20,-1.7493185772901758,19
3297,107,38,97,19,-1.7507246476170446,19
3298,68,31,4,16,-1.7510661926181545,15
3299,88,56,87,27,-1.7513462767543797,29
3300,70,26,84,14,-1.7530345342228948,12
3301,54,27,84,15,-1.7533288896590713,12
3302,8,15,49,9,-1.7678498041146895,6
3303,36,31,1,15,-1.7697191195700561,16
3304,16,62,104,33,-1.7780277088526335,29
3305,84,13,102,7,-1.7793224025292758,6
3306,90,25,37,13,-1.7816453937181784,12
3307,28,65,8,35,-1.8060421386611965,30
3308,25,22,36,11,-1.8071440138268584,11
3309,111,18,40,9,-1.8104998545748818,9
3310,80,21,84,12,-1.8116947476965408,9
3311,64,12,80,6,-1.8118137894523876,6
3312,28,18,79,10,-1.8130893193426156,8
3313,16,29,112,14,-1.8181625400201853,15
3314,109,11,71,6,-1.819641782820222,5
3315,99,13,102,7,-1.8212893413036864,6
3316,114,18,69,8,-1.8229272425455245,10
3317,114,13,44,7,-1.8263733365516708,6
3318,20,13,23,7,-1.8275702683866017,6
3319,69,17,9,9,-1.8276767965349947,8
3320,13,29,74,15,-1.8278354237299068,14
3321,29,14,7,6,-1.8294106613069705,8
3322,96,38,84,19,-1.835648682700679,19
3323,107,64,84,34,-1.8401604125157567,30
3324,106,10,103,6,-1.8460294979122165,4
3325,97,22,53,12,-1.8492466822191078,10
3326,76,22,46,12,-1.8507100299988153,10
3327,86,11,6,6,-1.8539951054916275,5
3328,51,19,98,10,-1.8552094547524458,9
3329,106,61,87,31,-1.8566326197242504,30
3330,60,49,39,25,-1.8593987986836014,24
3331,54,28,64,14,-1.8650724062797466,14
3332,5,95,37,49,-1.865428870342572,46
3333,54,26,17,13,-1.867393134138254,13
3334,79,14,8,6,-1.8787453444383126,8
3335,46,22,68,11,-1.8807270075774944,11
3336,8,41,2,21,-1.8848654476169693,20
3337,64,23,25,12,-1.8857238852847689,11
3338,49,47,39,26,-1.889609365471135,21
3339,106,35,20,19,-1.890590591428699,16
3340,16,51,11,30,-1.8931355077036744,21
3341,28,37,39,19,-1.8977614224864356,18
3342,51,25,108,13,-1.9002486171144384,12
3343,84,10,43,6,-1.900346125507611,4
3344,88,13,14,7,-1.902096229341472,6
3345,106,32,97,16,-1.9159665785715099,16
3346,76,11,99,5,-1.9173589523208336,6
3347,41,21,70,10,-1.9198471114809519,11
3348,28,25,80,13,-1.9225523112040797,12
3349,18,21,114,11,-1.923577249757447,10
3350,40,19,70,11,-1.9276789997691202,8
3351,97,14,23,7,-1.9330528734436563,7
3352,98,10,32,5,-1.9380052263831622,5
3353,104,13,110,8,-1.9388474450810558,5
3354,31,14,23,8,-1.9392936999416424,6
3355,55,20,25,11,-1.9429576796619947,9
3356,64,34,36,17,-1.9485056781764598,17
3357,71,12,78,6,-1.9545808326383198,6
3358,35,11,50,6,-1.9581460146246743,5
3359,76,18,41,8,-1.972404836446448,10
3360,37,33,88,18,-1.979989875378531,15
3361,25,38,28,22,-1.983389891159918,16
3362,13,13,48,7,-1.984822076945226,6
3363,4,19,53,10,-1.987694792892672,9
3364,86,55,70,30,-1.99170528882216,25
3365,112,15,104,8,-1.9939359727925703,7
3366,7,24,69,12,-1.9945381002011557,12
3367,17,14,64,7,-1.997717670710988,7
3368,97,22,83,10,-2.007636873207568,12
3369,90,36,8,20,-2.01946478207178,16
3370,87,30,75,16,-2.024772500508876,14
3371,13,11,32,6,-2.026181507027533,5
3372,114,14,91,7,-2.031242634143396,7
3373,79,11,55,6,-2.0315889229013417,5
3374,63,12,58,5,-2.0345686518653676,7
3375,88,14,89,7,-2.035463499061412,7
3376,60,24,90,14,-2.039727571926182,10
3377,53,10,57,5,-2.042709450873396,5
3378,51,34,18,17,-2.042743355152735,17
3379,80,31,65,16,-2.05091984654234,15
3380,90,45,86,25,-2.0574221764428238,20
3381,31,25,3,12,-2.062807661672897,13
3382,49,16,68,8,-2.063780554877947,8
3383,114,23,50,13,-2.0649465321872778,10
3384,63,10,82,5,-2.0779758612966877,5
3385,114,13,98,7,-2.0825036861166173,6
3386,91,12,17,7,-2.0932516032559643,5
3387,36,73,7,39,-2.0934963107077063,34
3388,8,22,97,11,-2.094799206270941,11
3389,29,15,16,7,-2.096096770007441,8
3390,55,34,83,17,-2.0962093979720193,17
3391,84,22,109,12,-2.0978150302320913,10
3392,60,24,99,13,-2.100940382067204,11
3393,3,10,77,6,-2.1078393954054353,4
3394,100,23,8,13,-2.1093275750438307,10
3395,17,13,1,7,-2.1103206894628075,6
3396,88,18,81,9,-2.113043846902455,9
3397,33,12,74,6,-2.113811361821,6
3398,30,13,48,6,-2.114145406665778,7
3399,64,20,1,10,-2.116432620959366,10
3400,70,11,53,6,-2.117480208536356,5
3401,107,68,51,39,-2.1219848270849972,29
3402,91,30,28,16,-2.128036121988931,14
3403,43,18,87,10,-2.1360829908334114,8
3404,28,49,11,25,-2.1398999630410587,24
3405,46,27,87,13,-2.150785198948074,14
3406,16,29,48,16,-2.1636694951809585,13
3407,74,14,88,9,-2.16536396125082,5
3408,55,63,86,34,-2.1661509305052244,29
3409,54,75,86,39,-2.1689438842347455,36
3410,39,11,33,6,-2.1701558874520313,5
3411,51,11,58,6,-2.1730217085446246,5
3412,93,16,84,8,-2.173203038685071,8
3413,70,26,63,14,-2.1813121472430432,12
3414,13,82,68,45,-2.1861093008549624,37
3415,74,64,8,36,-2.1866220406514896,28
3416,54,10,31,5,-2.1866689261471493,5
3417,87,19,94,10,-2.200625594283846,9
3418,13,51,49,26,-2.2090696411697515,25
3419,55,19,57,9,-2.210406003923328,10
3420,40,12,112,6,-2.2105918484505547,6
3421,96,50,5,28,-2.21142719225076,22
3422,17,27,106,16,-2.2117443407707005,11
3423,8,11,112,5,-2.214468435350456,6
3424,69,11,104,7,-2.21747944835034,4
3425,99,13,98,6,-2.22125816779338,7
3426,114,11,11,5,-2.2223336020983733,6
3427,33,11,88,5,-2.224220943421554,6
3428,25,16,90,9,-2.226157693683706,7
3429,74,27,20,15,-2.230377352624161,12
3430,70,25,68,13,-2.2334926025833965,12
3431,3,14,81,8,-2.2358028798300933,6
3432,104,35,87,17,-2.2393020839894078,18
3433,11,18,7,10,-2.23932059026862,8
3434,4,38,88,20,-2.24592170041755,18
3435,7,25,20,13,-2.251051671042148,12
3436,54,14,41,7,-2.2511014360561394,7
3437,25,30,95,16,-2.25397314365567,14
3438,96,66,28,35,-2.2674069446039327,31
3439,31,10,61,5,-2.2696136748473594,5
3440,71,16,80,8,-2.2753923838048147,8
3441,17,21,46,11,-2.279991454185124,10
3442,114,38,63,23,-2.2836807270192585,15
3443,74,46,37,24,-2.2838690954080456,22
3444,4,13,106,6,-2.287883468044352,7
3445,114,10,94,6,-2.2912532605689226,4
3446,45,18,114,10,-2.292094813707231,8
3447,5,24,100,13,-2.2932427434044693,11
3448,65,33,97,18,-2.294354223312199,15
3449,109,16,68,10,-2.29851232062389,6
3450,32,21,86,11,-2.2989864902239,10
3451,109,13,23,7,-2.3017906431791286,6
3452,50,12,58,6,-2.303376752943112,6
3453,3,23,9,12,-2.3162904113567793,11
3454,60,26,3,14,-2.3182866914035363,12
3455,107,28,34,16,-2.3192939541017417,12
3456,69,24,65,13,-2.3193082814773103,11
3457,102,21,104,10,-2.320627297470276,11
3458,84,36,51,20,-2.32690569274856,16
3459,64,23,50,12,-2.3285304422785043,11
3460,5,51,109,26,-2.3285813949081646,25
3461,53,28,25,14,-2.3301510854690832,14
3462,63,22,46,10,-2.3313756374008836,12
3463,4,17,104,10,-2.3357072159096566,7
3464,51,20,49,11,-2.337593611464387,9
3465,85,25,86,13,-2.3385045180060255,12
3466,12,15,13,6,-2.3425974502134452,9
3467,31,36,4,21,-2.3535355966794675,15
3468,109,14,96,8,-2.3566759619593642,6
3469,5,23,99,12,-2.3616219022642833,11
3470,70,19,7,12,-2.364945757295021,7
3471,96,55,8,30,-2.3714393570924233,25
3472,96,10,69,6,-2.371580754307745,4
3473,54,50,87,28,-2.377568787955836,22
3474,84,28,55,15,-2.3790863004124483,13
3475,86,41,71,21,-2.381013041233798,20
3476,106,31,71,17,-2.3812089448162745,14
3477,65,86,13,47,-2.3833738604192134,39
3478,56,13,75,8,-2.3840139649043506,5
3479,104,25,96,14,-2.3866419839158355,11
3480,71,21,4,13,-2.3871750117365993,8
3481,95,40,104,22,-2.389034218387607,18
3482,85,20,107,11,-2.3898879054206326,9
3483,8,12,111,6,-2.390343846489093,6
3484,87,22,83,11,-2.3903571419434884,11
3485,8,10,56,6,-2.4000860547179794,4
3486,87,27,3,15,-2.4014400128838447,12
3487,60,20,78,10,-2.402430835134886,10
3488,68,31,3,17,-2.4024413251399017,14
3489,38,21,68,12,-2.407021082950757,9
3490,51,24,47,12,-2.4094573680997575,12
3491,93,33,8,17,-2.4111455321691304,16
3492,92,11,65,6,-2.411285975254871,5
3493,39,35,71,19,-2.4158892555534424,16
3494,25,46,107,24,-2.4187485647838773,22
3495,99,11,109,6,-2.419517402501058,5
3496,75,20,91,7,-2.4323694332612673,13
3497,99,21,87,12,-2.432411032680885,9
3498,69,24,41,15,-2.435433530316399,9
3499,106,39,55,22,-2.4381392466666045,17
3500,86,18,12,10,-2.4382543520920796,8
3501,50,10,32,4,-2.4440541907162716,6
3502,27,10,54,5,-2.463869496934477,5
3503,69,17,74,8,-2.466497282082454,9
3504,74,40,87,22,-2.4671563114027464,18
3505,81,17,4,10,-2.467812477706327,7
3506,9,61,7,31,-2.4756046461152823,30
3507,39,30,95,16,-2.481130681096556,14
3508,68,59,65,32,-2.4863573145608657,27
3509,111,11,18,6,-2.489910872635885,5
3510,31,20,87,10,-2.492676559594957,10
3511,3,20,65,11,-2.4971368500383213,9
3512,109,18,37,10,-2.5010134043415313,8
3513,51,68,88,33,-2.507302443136165,35
3514,96,37,106,21,-2.5084238105055885,16
3515,13,23,11,12,-2.5094502110260706,11
3516,68,105,7,57,-2.5114811010541356,48
3517,13,30,63,16,-2.513355364840316,14
3518,39,18,62,9,-2.5162035004252656,9
3519,36,15,12,8,-2.5163199425137495,7
3520,50,32,39,17,-2.524569549657206,15
3521,68,13,11,7,-2.5250619833588037,6
3522,4,18,39,10,-2.5267698999647226,8
3523,9,33,36,18,-2.527924078037467,15
3524,16,23,102,12,-2.528185641545434,11
3525,107,27,108,14,-2.5311945782165,13
3526,60,11,111,7,-2.535604443502029,4
3527,11,35,63,21,-2.539597707853179,14
3528,16,13,52,7,-2.542332195506543,6
3529,1,19,73,11,-2.5534291003907295,8
3530,84,29,16,15,-2.553730719112528,14
3531,83,16,51,10,-2.556300922595479,6
3532,63,10,83,4,-2.557624644664858,6
3533,87,13,92,7,-2.5651869545632544,6
3534,107,28,91,16,-2.5653431282322647,12
3535,91,11,47,6,-2.565831417578021,5
3536,7,50,104,27,-2.5854072339864174,23
3537,62,21,87,11,-2.586304566496697,10
3538,20,36,88,18,-2.5921704707151747,18
3539,109,10,1,5,-2.592960677140225,5
3540,31,23,39,13,-2.5934090452929364,10
3541,112,19,107,11,-2.593671589993662,8
3542,27,19,40,8,-2.5947052105553348,11
3543,91,23,36,13,-2.600483205457647,10
3544,94,11,39,6,-2.6102416991316604,5
3545,86,20,93,11,-2.6126285193850958,9
3546,40,16,11,9,-2.612795985816362,7
3547,2,13,76,8,-2.6134640032331116,5
3548,41,12,11,8,-2.6159479780993316,4
3549,20,26,11,15,-2.6225934054521076,11
3550,16,44,41,22,-2.6236346308099376,22
3551,13,85,16,47,-2.627845919438654,38
3552,72,14,13,7,-2.6344835838372416,7
3553,114,28,54,14,-2.6355280322257006,14
3554,95,14,33,8,-2.6415453896084555,6
3555,62,28,86,15,-2.642237041880456,13
3556,5,60,16,35,-2.643518445682432,25
3557,86,43,23,23,-2.6484576158238538,20
3558,8,24,30,13,-2.6514132136935475,11
3559,65,48,53,25,-2.6519126498591334,23
3560,36,13,57,8,-2.653116090105381,5
3561,88,29,92,16,-2.65412565592523,13
3562,91,13,74,7,-2.658254293210725,6
3563,76,10,47,3,-2.6595736051653853,7
3564,74,25,114,13,-2.666972342657448,12
3565,51,23,12,13,-2.669002315850985,10
3566,75,18,95,10,-2.672802736686619,8
3567,44,17,25,9,-2.673535476281759,8
3568,50,16,43,10,-2.6787122504636622,6
3569,5,25,39,13,-2.6791322172692884,12
3570,17,17,90,8,-2.680753861205159,9
3571,71,40,65,23,-2.6867803351656674,17
3572,39,57,13,30,-2.690793011831648,27
3573,18,14,12,8,-2.7036570911929836,6
3574,65,27,43,13,-2.7044668198991113,14
3575,37,57,107,31,-2.7122377942768767,26
3576,33,21,16,13,-2.716908579534641,8
3577,80,11,95,6,-2.7197438471090796,5
3578,70,31,104,17,-2.7208109249750048,14
3579,88,53,55,31,-2.721264805593774,22
3580,51,39,28,20,-2.727986007563174,19
3581,30,12,9,7,-2.7296904854733155,5
3582,34,12,75,6,-2.7327928404854562,6
3583,107,26,98,14,-2.733780753313525,12
3584,106,50,65,27,-2.735321183024918,23
3585,104,22,97,11,-2.7396377781056187,11
3586,107,19,29,12,-2.739796334219244,7
3587,28,94,86,52,-2.7543527010347275,42
3588,64,42,53,23,-2.7590266802927172,19
3589,60,31,18,17,-2.759241709022921,14
3590,17,15,84,8,-2.7602454757884107,7
3591,77,17,5,9,-2.7658375671945885,8
3592,40,11,38,5,-2.771552043064858,6
3593,10,11,5,5,-2.7716738654503192,6
3594,3,27,107,13,-2.7747494462017355,14
3595,55,16,3,9,-2.7857743268426365,7
3596,97,15,9,7,-2.7891659901703596,8
3597,108,19,86,9,-2.7920033870005003,10
3598,36,13,100,7,-2.7923934619121096,6
3599,1,26,7,14,-2.793205495238504,12
3600,114,25,4,13,-2.7973762559419417,12
3601,112,14,106,7,-2.805082024542768,7
3602,41,15,99,8,-2.808167291861728,7
3603,106,33,68,18,-2.8127952198562447,15
3604,48,17,65,10,-2.813018636762518,7
3605,109,32,51,20,-2.817926639661738,12
3606,15,17,99,10,-2.8189668514207975,7
3607,47,13,64,8,-2.821240379057225,5
3608,71,13,18,7,-2.821320109059578,6
3609,38,21,16,13,-2.8217292489636367,8
3610,74,33,104,19,-2.832959821636547,14
3611,65,18,77,9,-2.836180648453273,9
3612,60,12,89,6,-2.8396731138810423,6
3613,23,19,95,10,-2.8404436396815522,9
3614,65,84,16,46,-2.8433317593388634,38
3615,54,25,102,14,-2.843956333831333,11
3616,104,13,23,8,-2.8445076862849517,5
3617,39,28,17,16,-2.8462345861289586,12
3618,61,10,47,6,-2.846896267551428,4
3619,33,13,97,7,-2.8486496222061595,6
3620,93,16,16,8,-2.84909796422719,8
3621,18,20,74,10,-2.8496142222224696,10
3622,96,16,73,9,-2.853430398009382,7
3623,99,18,51,9,-2.8534777973740635,9
3624,28,53,88,30,-2.8540426797765646,23
3625,86,48,60,26,-2.8571270629897767,22
3626,65,54,28,30,-2.864556092070314,24
3627,75,21,27,11,-2.8742147115996155,10
3628,60,23,63,13,-2.8746236800640066,10
3629,38,13,29,7,-2.8767159163647986,6
3630,7,31,43,18,-2.8869337290340296,13
3631,74,24,75,14,-2.8903655619324415,10
3632,7,113,13,61,-2.894597548933859,52
3633,78,20,68,11,-2.8969266940151783,9
3634,70,10,44,5,-2.8975248911261424,5
3635,108,13,71,7,-2.8992906212622866,6
3636,74,13,12,7,-2.901854459581128,6
3637,37,19,91,10,-2.9050960547005253,9
3638,108,12,25,7,-2.9132670669268257,5
3639,88,58,60,33,-2.9135032990453142,25
3640,86,88,63,51,-2.9189426271050922,37
3641,106,19,102,9,-2.9207255392565092,10
3642,86,82,74,43,-2.9212877807151494,39
3643,43,10,17,5,-2.923505312587325,5
3644,65,15,99,8,-2.925348959200731,7
3645,97,11,49,7,-2.931895914374789,4
3646,3,15,61,7,-2.93476140357165,8
3647,87,20,36,12,-2.9355732508976633,8
3648,76,17,30,10,-2.9372015853586078,7
3649,7,25,15,12,-2.945121443798056,13
3650,38,31,86,17,-2.9478210267751135,14
3651,8,78,86,40,-2.9505503650201597,38
3652,8,16,80,8,-2.9519293865537106,8
3653,49,23,87,11,-2.9552067016674513,12
3654,16,36,20,22,-2.956231526565309,14
3655,53,11,47,6,-2.967218161853792,5
3656,37,21,2,11,-2.96975801126945,10
3657,94,12,60,6,-2.9727316679047604,6
3658,4,32,36,19,-2.9739066740354194,13
3659,106,36,84,18,-2.9754739608250116,18
3660,55,67,13,36,-2.9782082101551524,31
3661,84,12,10,7,-2.980259678929739,5
3662,53,27,95,17,-2.981134349868032,10
3663,50,35,13,19,-2.981537535104847,16
3664,30,10,74,5,-2.9862406732405895,5
3665,7,25,100,14,-2.9877637593718043,11
3666,98,10,100,5,-2.991009310778455,5
3667,37,37,65,19,-2.9918797859979525,18
3668,18,10,27,5,-2.996654278290003,5
3669,41,28,64,17,-2.998546228465672,11
3670,69,11,4,6,-2.9994841766617175,5
3671,58,21,31,11,-2.999935565790512,10
3672,34,19,86,11,-3.0001295891069586,8
3673,34,14,96,8,-3.001763014782562,6
3674,38,19,88,12,-3.0023329742590943,7
3675,7,27,6,12,-3.013941061604383,15
3676,40,12,57,7,-3.0270401513317453,5
3677,55,10,78,5,-3.0279933852134207,5
3678,51,47,54,25,-3.029775997358006,22
3679,84,13,35,7,-3.0304994399162246,6
3680,47,16,41,9,-3.031406429138557,7
3681,65,39,25,23,-3.0368934823131157,16
3682,96,13,38,7,-3.0422152322461713,6
3683,68,21,30,11,-3.0436023819959455,10
3684,55,14,48,8,-3.0636269177668387,6
3685,25,18,71,10,-3.0644100067848146,8
3686,114,40,60,18,-3.0670908685799043,22
3687,25,30,75,17,-3.069551733540898,13
3688,88,40,64,23,-3.072237959143943,17
3689,86,105,16,58,-3.0722654083229983,47
3690,41,11,74,5,-3.0735662157516845,6
3691,87,14,45,8,-3.086220297325659,6
3692,16,20,6,10,-3.0894843149716715,10
3693,77,27,13,15,-3.0976815832127267,12
3694,53,12,29,8,-3.0983100329129045,4
3695,91,10,64,6,-3.0993479020870796,4
3696,68,14,99,8,-3.100103615084465,6
3697,60,15,92,9,-3.101629065738581,6
3698,106,25,109,13,-3.1028448270841773,12
3699,53,26,106,13,-3.1050273222192404,13
3700,4,24,50,12,-3.1105592371369597,12
3701,17,25,25,14,-3.1106502600539105,11
3702,55,29,53,16,-3.1154264109145684,13
3703,80,11,36,6,-3.1158574211756616,5
3704,91,27,5,16,-3.121858390948631,11
3705,71,24,62,13,-3.138232146026573,11
3706,100,18,28,10,-3.1421300806408374,8
3707,23,23,75,11,-3.148733601092015,12
3708,112,15,13,8,-3.153591174260179,7
3709,17,13,87,7,-3.155787932459329,6
3710,84,85,86,44,-3.15758944772919,41
3711,82,21,86,12,-3.1586560919846263,9
3712,87,32,23,19,-3.1607512154600745,13
3713,62,17,13,9,-3.161295276739798,8
3714,74,14,90,9,-3.168061351028922,5
3715,9,39,75,22,-3.1681150438551966,17
3716,86,16,110,9,-3.1694821197260485,7
3717,60,25,106,15,-3.171261503808182,10
3718,68,56,88,31,-3.1716887522574075,25
3719,69,11,47,6,-3.1775295332798312,5
3720,51,11,35,6,-3.1832252109996158,5
3721,65,25,83,13,-3.1850517665827933,12
3722,50,54,37,28,-3.1883352760136074,26
3723,51,38,9,20,-3.197373775958875,18
3724,81,14,68,8,-3.1985312995714845,6
3725,5,49,55,27,-3.198953177181802,22
3726,39,41,36,23,-3.1998605067578225,18
3727,76,12,44,7,-3.2019945343572456,5
3728,31,47,60,23,-3.2094707274879264,24
3729,97,19,50,11,-3.210625734622642,8
3730,23,19,64,10,-3.2123729115980186,9
3731,28,39,55,23,-3.2184704312839756,16
3732,63,29,97,16,-3.219195053710692,13
3733,7,55,23,30,-3.222928305376168,25
3734,16,21,4,10,-3.223993814900797,11
3735,41,44,51,24,-3.228342506596857,20
3736,87,21,2,12,-3.2308938185741103,9
3737,97,10,56,5,-3.2314262120369195,5
3738,46,54,13,30,-3.2315516864055835,24
3739,36,49,107,26,-3.234838704648262,23
3740,28,47,87,25,-3.2447645976260606,22
3741,107,15,94,10,-3.2534973524779978,5
3742,25,47,114,27,-3.2540864225169766,20
3743,95,14,84,8,-3.2568961944145873,6
3744,74,24,7,15,-3.257493143792889,9
3745,95,14,76,8,-3.257651508839797,6
3746,76,23,98,13,-3.2651133620022033,10
3747,109,24,60,13,-3.2667081082674914,11
3748,107,49,50,26,-3.2679334653534724,23
3749,102,12,13,8,-3.269263582511039,4
3750,93,14,70,8,-3.2714518634318708,6
3751,91,11,102,6,-3.2738070744638943,5
3752,67,13,114,7,-3.274670651234843,6
3753,45,18,16,11,-3.276855643218356,7
3754,13,20,57,10,-3.292969695754846,10
3755,41,22,57,13,-3.299539223302888,9
3756,5,60,104,32,-3.3007473735225057,28
3757,54,61,20,31,-3.303892441084724,30
3758,86,20,15,11,-3.304374535410274,9
3759,66,11,86,6,-3.309294151623436,5
3760,17,35,16,21,-3.312370376088436,14
3761,75,31,60,17,-3.313915862803686,14
3762,84,16,97,10,-3.316428205809935,6
3763,39,10,34,5,-3.317730027174404,5
3764,81,13,9,7,-3.3217764660677,6
3765,39,30,64,17,-3.3245242307335383,13
3766,34,10,78,5,-3.3271359801886407,5
3767,50,19,41,11,-3.331657114556132,8
3768,54,33,80,17,-3.332215932419911,16
3769,31,22,50,12,-3.3334236876453813,10
3770,109,12,69,7,-3.3344685187765157,5
3771,76,13,71,6,-3.3359186512389036,7
3772,5,13,68,7,-3.3380294056441127,6
3773,98,20,54,11,-3.3414082574983,9
3774,33,13,75,8,-3.342736023465549,5
3775,2,21,20,12,-3.343168498501611,9
3776,70,47,16,27,-3.3445553948476245,20
3777,91,15,40,8,-3.345577169162442,7
3778,20,10,83,5,-3.347889825164404,5
3779,107,15,14,9,-3.3479962116917545,6
3780,9,19,46,10,-3.348480907365518,9
3781,16,34,97,18,-3.3525321991063106,16
3782,3,12,54,6,-3.3552278990212483,6
3783,87,106,86,54,-3.3564460349971705,52
3784,27,48,7,26,-3.3617414996167194,22
3785,8,23,14,13,-3.3634201583462153,10
3786,97,25,54,13,-3.364815342765676,12
3787,20,17,40,10,-3.3649339637959637,7
3788,55,56,107,30,-3.369618935589803,26
3789,98,15,73,8,-3.3800553651819163,7
3790,55,28,36,15,-3.383336577257353,13
3791,9,28,60,17,-3.384232112219374,11
3792,55,48,39,27,-3.3894226122709816,21
3793,104,10,73,6,-3.391491099464731,4
3794,40,28,43,15,-3.392922253607483,13
3795,28,13,4,7,-3.3940824912486858,6
3796,17,20,68,12,-3.395638967050424,8
3797,87,29,76,17,-3.3995265465111264,12
3798,98,26,104,12,-3.4091853213510745,14
3799,36,11,17,5,-3.417273645156755,6
3800,37,12,4,7,-3.4218717037755084,5
3801,12,13,74,7,-3.4342312359972222,6
3802,25,31,102,17,-3.4382241991917164,14
3803,39,29,114,15,-3.4411172111260955,14
3804,23,21,37,11,-3.4530437057487418,10
3805,5,23,33,12,-3.454327509177194,11
3806,51,49,106,27,-3.457607975311812,22
3807,37,46,20,25,-3.457621476755263,21
3808,17,10,77,6,-3.4626586322684796,4
3809,1,32,13,19,-3.462932922524283,13
3810,106,19,30,10,-3.463995690702536,9
3811,54,26,9,14,-3.4668855776458423,12
3812,5,60,74,32,-3.4699961467083447,28
3813,16,14,73,7,-3.4738693799097957,7
3814,81,10,23,6,-3.4745303728026347,4
3815,54,57,96,29,-3.47661338595835,28
3816,18,16,55,8,-3.481046717374471,8
3817,70,20,25,11,-3.484518115943737,9
3818,51,30,36,16,-3.4874600225025065,14
3819,36,13,62,7,-3.489528327052378,6
3820,114,36,97,20,-3.494809729950691,16
3821,9,26,50,15,-3.4989626487903873,11
3822,68,14,85,9,-3.5027894631624408,5
3823,107,19,93,11,-3.5035103312902427,8
3824,23,16,74,9,-3.5053157619270587,7
3825,33,10,49,6,-3.5057518320537775,4
3826,84,15,91,8,-3.5069437670955055,7
3827,104,38,8,21,-3.5073414065674897,17
3828,106,50,107,27,-3.5165007722129795,23
3829,62,34,16,20,-3.5174461635881284,14
3830,17,22,97,12,-3.5176024597849698,10
3831,17,11,112,6,-3.5191492672023625,5
3832,13,28,109,16,-3.519799337045931,12
3833,30,17,7,8,-3.5212250771957296,9
3834,43,18,63,10,-3.5248517337852396,8
3835,76,17,20,8,-3.5278207011714757,9
3836,7,15,44,8,-3.535266020755452,7
3837,69,26,88,15,-3.536532050456282,11
3838,36,65,40,37,-3.5400829247343655,28
3839,4,13,30,7,-3.554167963462701,6
3840,49,31,16,17,-3.554282234706272,14
3841,57,13,23,7,-3.554408044637194,6
3842,36,19,28,10,-3.554999615354126,9
3843,86,90,7,52,-3.5577462755235434,38
3844,33,11,64,7,-3.558110801858625,4
3845,8,71,16,40,-3.5597923636148607,31
3846,23,45,107,24,-3.5637002883543505,21
3847,51,23,1,12,-3.568045705832745,11
3848,23,12,33,7,-3.5712223539857573,5
3849,45,14,63,8,-3.582850982463552,6
3850,20,11,69,6,-3.5870175414258565,5
3851,95,10,97,6,-3.58943247133478,4
3852,71,13,58,7,-3.5901555481142533,6
3853,13,14,34,7,-3.5918746626908375,7
3854,69,19,107,11,-3.6039989635628786,8
3855,84,16,34,8,-3.604110620728508,8
3856,94,13,55,7,-3.6120696685756326,6
3857,62,16,28,9,-3.6140960069707972,7
3858,18,19,43,9,-3.6267699505365183,10
3859,108,11,48,7,-3.633614524897183,4
3860,108,14,75,8,-3.634090811617301,6
3861,5,60,88,32,-3.63799769202775,28
3862,68,15,20,8,-3.6401769729360676,7
3863,37,20,30,12,-3.640395609700316,8
3864,60,28,30,18,-3.6429209013345942,10
3865,60,36,87,19,-3.6433827041407523,17
3866,70,10,14,5,-3.6470421341148493,5
3867,2,19,16,11,-3.6499962386684315,8
3868,50,13,27,8,-3.6503401008022798,5
3869,65,47,23,25,-3.650632324208862,22
3870,18,11,17,5,-3.6519056838531805,6
3871,107,35,76,22,-3.6519592132431544,13
3872,64,47,13,24,-3.6531516775909005,23
3873,9,15,109,7,-3.6538651478462696,8
3874,32,21,107,11,-3.6546977761524695,10
3875,88,16,12,9,-3.655181484982228,7
3876,71,10,90,5,-3.656103603020123,5
3877,23,22,63,13,-3.656375723040438,9
3878,100,11,53,6,-3.6569500587649983,5
3879,96,33,97,17,-3.6574389351582637,16
3880,104,53,86,29,-3.66553549979236,24
3881,50,10,62,6,-3.6657345895143245,4
3882,80,25,20,14,-3.6714284273440603,11
3883,27,12,71,7,-3.672482180614423,5
3884,68,14,101,9,-3.6742625668258904,5
3885,107,11,52,7,-3.67922282951035,4
3886,53,48,39,27,-3.685116242956752,21
3887,84,20,46,12,-3.686829488531012,8
3888,40,68,13,37,-3.6903630857890595,31
3889,20,41,87,22,-3.692217589912372,19
3890,102,28,28,15,-3.699783063019897,13
3891,43,17,106,9,-3.706853967971227,8
3892,5,21,15,13,-3.7147342263498238,8
3893,3,14,12,9,-3.71740069479101,5
3894,80,10,91,6,-3.719893539982741,4
3895,46,56,86,34,-3.72282589154388,22
3896,88,42,75,24,-3.726903391628383,18
3897,81,17,39,10,-3.728914203220536,7
3898,25,65,86,35,-3.735239092039536,30
3899,4,13,1,8,-3.7360390878519714,5
3900,40,42,53,23,-3.7429391558119995,19
3901,65,21,15,12,-3.7445792583431627,9
3902,53,55,18,30,-3.7518428116438605,25
3903,6,16,88,9,-3.7570512530434645,7
3904,4,19,63,11,-3.7758336578086884,8
3905,92,13,104,6,-3.7768187223532292,7
3906,49,12,28,6,-3.781572164594755,6
3907,28,48,20,27,-3.791556613480695,21
3908,104,13,20,8,-3.7974160411444697,5
3909,78,12,39,6,-3.805891795343841,6
3910,5,16,110,9,-3.8138584796050923,7
3911,31,18,91,11,-3.819701831167943,7
3912,18,32,86,19,-3.8203668272153477,13
3913,3,10,49,6,-3.8208441036339096,4
3914,4,21,55,11,-3.821660634263143,10
3915,13,24,38,12,-3.826623496126898,12
3916,66,12,60,8,-3.8266322198174065,4
3917,87,16,44,9,-3.826754946057649,7
3918,51,30,70,16,-3.8297117807076546,14
3919,51,78,13,42,-3.830975362019476,36
3920,13,26,91,14,-3.8317482607331113,12
3921,31,23,18,12,-3.8430258307678655,11
3922,31,11,28,6,-3.845374758093618,5
3923,111,34,65,20,-3.8475275648066676,14
3924,6,14,65,8,-3.8536392094191116,6
3925,114,25,41,13,-3.8544949021986654,12
3926,51,16,11,8,-3.8660778701548084,8
3927,68,11,108,6,-3.86884903956731,5
3928,87,36,95,20,-3.8694007735692093,16
3929,98,13,18,6,-3.8754830902904,7
3930,35,11,43,7,-3.879532298464464,4
3931,81,10,65,5,-3.87953756303769,5
3932,112,11,1,5,-3.8826933985340957,6
3933,17,15,11,8,-3.886158778436342,7
3934,17,10,110,6,-3.888719135954252,4
3935,62,13,76,7,-3.8913968956310074,6
3936,11,44,55,26,-3.8920841591670357,18
3937,63,16,17,9,-3.896935952486399,7
3938,47,29,7,17,-3.8974466826753917,12
3939,37,26,102,15,-3.901578428361024,11
3940,49,19,98,10,-3.906322793569991,9
3941,96,21,60,14,-3.9124280698247627,7
3942,1,33,68,19,-3.9146334053388845,14
3943,53,16,27,10,-3.914996444269401,6
3944,86,13,89,6,-3.9174928376954097,7
3945,86,30,49,16,-3.918819559219819,14
3946,48,17,20,10,-3.9196076613306294,7
3947,70,38,37,22,-3.9227382855891673,16
3948,2,28,5,16,-3.923277825320168,12
3949,63,28,64,15,-3.9273689023243743,13
3950,13,21,100,12,-3.92873233040865,9
3951,50,11,57,7,-3.929027822248146,4
3952,3,20,16,12,-3.933123710020241,8
3953,15,13,64,6,-3.9332029302911167,7
3954,97,10,80,6,-3.9365866928471034,4
3955,40,11,6,6,-3.9442678680230827,5
3956,100,17,37,10,-3.9481789557688427,7
3957,76,12,34,6,-3.9517678907570324,6
3958,104,50,88,29,-3.9536343834384904,21
3959,93,24,74,13,-3.960101768879081,11
3960,17,22,49,14,-3.9654437170334917,8
3961,29,11,13,6,-3.9675884694704666,5
3962,14,12,96,7,-3.975747798085754,5
3963,43,14,41,8,-3.9773777964919623,6
3964,17,17,34,10,-3.9857052585459996,7
3965,107,70,13,38,-3.9870909466214264,32
3966,77,20,86,12,-4.007520110320655,8
3967,31,12,66,7,-4.0087548725586535,5
3968,86,20,99,12,-4.00989122283285,8
3969,54,36,55,19,-4.011039158800405,17
3970,28,70,50,40,-4.011477637487842,30
3971,110,20,8,12,-4.013172679497405,8
3972,51,44,104,27,-4.015424408222765,17
3973,114,28,102,16,-4.0171208257371775,12
3974,3,16,104,9,-4.020656220421077,7
3975,88,30,96,16,-4.030096740212504,14
3976,47,13,71,7,-4.030916530509354,6
3977,43,10,1,5,-4.03897671575872,5
3978,50,21,7,11,-4.045740478776831,10
3979,79,13,11,6,-4.047561716338114,7
3980,65,73,104,40,-4.0492599838057535,33
3981,57,18,84,9,-4.049739477046569,9
3982,40,10,32,5,-4.050021677419869,5
3983,62,23,107,11,-4.0504669700597535,12
3984,107,67,88,39,-4.055852119959083,28
3985,80,28,16,16,-4.056076921695063,12
3986,38,10,34,6,-4.0610942900478735,4
3987,95,10,43,6,-4.0633983206079485,4
3988,17,26,7,15,-4.064887482017846,11
3989,63,29,9,16,-4.065325398742937,13
3990,40,57,60,32,-4.06725625489293,25
3991,50,22,74,12,-4.086243740312161,10
3992,19,11,36,6,-4.0885902184216905,5
3993,64,26,87,14,-4.098181725889204,12
3994,35,24,20,14,-4.098728722002913,10
3995,93,20,83,11,-4.100880722204593,9
3996,46,21,114,12,-4.104107153511736,9
3997,68,14,12,8,-4.108669111305504,6
3998,106,11,29,6,-4.1226863415672375,5
3999,65,22,45,11,-4.125923170388699,11
4000,104,32,76,19,-4.135711821894891,13
4001,20,11,71,7,-4.136430557393971,4
4002,69,11,11,7,-4.1379214913131195,4
4003,29,11,23,6,-4.138000210796417,5
4004,74,18,100,10,-4.138016461047894,8
4005,71,47,53,27,-4.141303557057988,20
4006,73,13,20,8,-4.146065391689571,5
4007,3,13,96,7,-4.14984060644092,6
4008,107,16,6,9,-4.150160656533904,7
4009,62,10,60,6,-4.155747625311636,4
4010,54,32,13,19,-4.1570697194552375,13
4011,2,15,75,8,-4.157456952203448,7
4012,62,15,53,8,-4.159409570332151,7
4013,78,26,86,15,-4.169788407826315,11
4014,50,22,40,14,-4.173703341481282,8
4015,88,11,19,6,-4.1792954612704065,5
4016,7,18,80,11,-4.182061930373812,7
4017,25,27,23,15,-4.182190113226027,12
4018,88,55,40,31,-4.188882138376304,24
4019,48,14,7,7,-4.194687020035504,7
4020,100,18,23,11,-4.197161790157007,7
4021,28,13,47,7,-4.198358496115318,6
4022,36,56,65,32,-4.205692860728475,24
4023,68,41,41,23,-4.207626519911899,18
4024,112,11,27,6,-4.214543381192909,5
4025,87,36,30,20,-4.216616531421398,16
4026,18,19,4,11,-4.220670692754493,8
4027,44,11,71,6,-4.223524348839462,5
4028,54,54,28,31,-4.225159524354366,23
4029,28,20,30,12,-4.22622579482484,8
4030,65,16,109,11,-4.2330518085976205,5
4031,1,21,60,12,-4.237560386673236,9
4032,74,12,31,7,-4.240578281890586,5
4033,34,14,106,7,-4.243674039664674,7
4034,46,41,51,24,-4.2490503648034865,17
4035,80,17,104,9,-4.256665633473226,8
4036,96,12,33,5,-4.271042933020871,7
4037,107,83,87,47,-4.276654149436662,36
4038,112,25,53,12,-4.2943591826734995,13
4039,44,21,20,12,-4.299103845073811,9
4040,54,28,25,16,-4.300413553073274,12
4041,109,22,20,14,-4.302333411252665,8
4042,52,10,50,5,-4.308197298973348,5
4043,20,19,17,11,-4.3112321942034,8
4044,40,22,4,12,-4.316643149060896,10
4045,11,25,76,15,-4.3267052425458585,10
4046,37,23,98,13,-4.327931130640238,10
4047,41,19,95,11,-4.332143979792176,8
4048,22,12,60,7,-4.334241842742782,5
4049,109,49,28,29,-4.336990918241798,20
4050,65,29,70,18,-4.3439841796636145,11
4051,88,24,47,13,-4.347102674354305,11
4052,84,13,13,8,-4.349574466587845,5
4053,54,31,104,17,-4.355933806560285,14
4054,11,13,33,6,-4.365968233102095,7
4055,23,23,40,13,-4.36842332680331,10
4056,58,13,55,7,-4.369004483506263,6
4057,9,24,55,14,-4.371040618945101,10
4058,98,13,60,7,-4.372454949323837,6
4059,9,13,74,8,-4.37578055371931,5
4060,76,23,65,14,-4.385586505985179,9
4061,86,20,111,12,-4.3910837466552355,8
4062,29,14,97,8,-4.39492891527919,6
4063,64,20,114,12,-4.407773657880816,8
4064,39,18,12,10,-4.414399680645382,8
4065,53,64,7,36,-4.416213736910661,28
4066,76,12,13,7,-4.417032905676176,5
4067,13,30,99,17,-4.420966828834257,13
4068,87,20,102,12,-4.423994697827658,8
4069,64,35,107,19,-4.429693624174907,16
4070,5,115,86,66,-4.430772584334585,49
4071,53,35,16,21,-4.432680586189367,14
4072,107,46,11,26,-4.433295300820407,20
4073,88,11,45,7,-4.4416566980945715,4
4074,109,15,95,9,-4.444131433700797,6
4075,37,33,13,19,-4.448467961015428,14
4076,31,67,7,38,-4.453212370234459,29
4077,16,44,95,24,-4.453378575583385,20
4078,73,12,50,8,-4.454782630059153,4
4079,97,11,77,7,-4.454901155383999,4
4080,51,19,57,10,-4.4564478121195386,9
4081,17,32,65,20,-4.4581018248695825,12
4082,98,13,78,7,-4.46380656892488,6
4083,50,15,3,8,-4.464463620895281,7
4084,32,18,37,10,-4.466542082918519,8
4085,28,11,19,6,-4.46817791990182,5
4086,57,10,91,5,-4.468260927215542,5
4087,108,19,16,11,-4.469566431052606,8
4088,18,30,88,16,-4.47012131788994,14
4089,8,16,68,9,-4.472450037155225,7
4090,25,31,96,17,-4.472832877552798,14
4091,107,74,65,42,-4.474316118265179,32
4092,107,33,95,18,-4.475609109265347,15
4093,16,40,30,23,-4.476195567754862,17
4094,70,29,88,17,-4.478319588858415,12
4095,3,24,13,16,-4.479086737291788,8
4096,27,11,55,6,-4.4890470852362,5
4097,51,45,75,25,-4.490318359114664,20
4098,3,15,64,9,-4.492765978443915,6
4099,37,15,93,9,-4.4934456656390305,6
4100,112,20,75,12,-4.4989690721071325,8
4101,104,10,62,7,-4.506645682517949,3
4102,55,43,37,23,-4.516821858156877,20
4103,75,23,106,12,-4.532198108241345,11
4104,68,28,71,17,-4.532265816801446,11
4105,102,24,8,13,-4.537070383836358,11
4106,9,51,88,29,-4.537426821075462,22
4107,76,24,23,13,-4.537606040144393,11
4108,39,11,1,5,-4.548291694643937,6
4109,46,15,83,8,-4.551826612706302,7
4110,112,10,74,6,-4.553694289700708,4
4111,23,15,70,8,-4.554568026577778,7
4112,104,16,99,8,-4.562749239239297,8
4113,95,14,99,8,-4.572737764013027,6
4114,58,23,7,12,-4.575034525669345,11
4115,30,12,100,7,-4.575260966636385,5
4116,87,24,71,13,-4.583143708944139,11
4117,8,30,60,16,-4.584471076654315,14
4118,87,16,78,8,-4.58830392973274,8
4119,96,32,50,18,-4.592653394244437,14
4120,88,94,7,52,-4.598064452346123,42
4121,64,20,55,13,-4.5985097101065335,7
4122,95,13,77,7,-4.601493224452909,6
4123,30,11,23,6,-4.601908928188203,5
4124,3,35,7,21,-4.603775118928218,14
4125,86,72,37,40,-4.607837359690986,32
4126,55,42,7,25,-4.609551229914398,17
4127,71,23,28,14,-4.615433087215965,9
4128,9,17,49,9,-4.620658268254684,8
4129,87,63,8,36,-4.620917268255847,27
4130,16,18,72,10,-4.622547711457446,8
4131,30,18,20,10,-4.629914367675179,8
4132,110,15,106,8,-4.633960085739299,7
4133,25,22,60,12,-4.636282806493915,10
4134,88,24,43,14,-4.636555985964769,10
4135,109,19,73,11,-4.637139105733963,8
4136,13,14,73,8,-4.6427133386229835,6
4137,96,39,63,24,-4.649023449526139,15
4138,25,15,27,8,-4.649655011418167,7
4139,47,15,25,8,-4.655390231832644,7
4140,98,14,55,9,-4.662824671110213,5
4141,8,12,52,7,-4.669562642233976,5
4142,81,22,53,13,-4.67351225402936,9
4143,20,27,70,16,-4.678638629207435,11
4144,87,17,108,10,-4.682000852364703,7
4145,5,16,71,9,-4.686451238703376,7
4146,41,26,60,14,-4.687979614839917,12
4147,38,15,9,8,-4.694842617038376,7
4148,60,45,55,25,-4.699539635247212,20
4149,68,19,15,12,-4.704332289270896,7
4150,46,23,20,15,-4.708713070266484,8
4151,88,38,11,22,-4.710454574435896,16
4152,43,12,3,7,-4.714914149800726,5
4153,86,17,47,10,-4.720142586161406,7
4154,16,33,57,19,-4.723525758733645,14
4155,75,14,15,9,-4.7291616067808215,5
4156,54,16,85,10,-4.730021736475019,6
4157,46,11,6,6,-4.730994669309113,5
4158,46,41,8,22,-4.737192297274267,19
4159,3,11,97,7,-4.7402730889790226,4
4160,7,97,16,54,-4.743286222921811,43
4161,65,57,55,32,-4.74405737741087,25
4162,77,16,25,9,-4.745845616411638,7
4163,63,38,74,21,-4.748458787006122,17
4164,5,30,90,18,-4.752640516818982,12
4165,50,16,93,10,-4.755526241513055,6
4166,97,16,60,8,-4.770560692259115,8
4167,31,15,12,8,-4.770632464521183,7
4168,70,13,90,7,-4.771084444295363,6
4169,28,26,93,16,-4.7762193932866115,10
4170,5,12,9,7,-4.777710715122403,5
4171,40,33,87,18,-4.786263242325296,15
4172,5,33,76,19,-4.788314400539968,14
4173,1,17,9,8,-4.79405950293998,9
4174,76,14,84,8,-4.794994736983406,6
4175,9,29,8,14,-4.796436219845456,15
4176,25,11,111,6,-4.797175922879397,5
4177,84,17,98,11,-4.7978961426483835,6
4178,96,22,75,15,-4.80138149231193,7
4179,16,16,110,9,-4.801952356665633,7
4180,51,36,114,19,-4.804348446858166,17
4181,108,13,96,7,-4.805162668071275,6
4182,17,13,100,9,-4.805895298432701,4
4183,106,12,6,7,-4.810944704219048,5
4184,8,30,83,16,-4.811627367676455,14
4185,68,27,23,14,-4.819829270426411,13
4186,54,15,14,10,-4.820525855929131,5
4187,25,19,31,10,-4.823839301099763,9
4188,67,15,8,9,-4.8319098461555825,6
4189,39,39,75,21,-4.835166255544909,18
4190,51,99,16,56,-4.839584083452132,43
4191,87,54,13,33,-4.840241985428211,21
4192,64,20,83,11,-4.840996077098241,9
4193,51,30,5,19,-4.841333405150811,11
4194,54,15,94,9,-4.847006166736521,6
4195,100,23,104,14,-4.850527098250833,9
4196,32,12,97,7,-4.851459349576838,5
4197,89,10,5,7,-4.862465640901751,3
4198,106,54,37,29,-4.865641247327304,25
4199,110,10,88,5,-4.870544753091406,5
4200,38,11,51,7,-4.873684208436107,4
4201,88,12,85,7,-4.873754317610231,5
4202,18,15,81,9,-4.877040041598751,6
4203,114,11,30,6,-4.882071098465157,5
4204,95,11,69,7,-4.882909765417962,4
4205,3,12,8,5,-4.887819375016217,7
4206,9,44,65,26,-4.887961308210908,18
4207,5,39,83,21,-4.890865835189012,18
4208,55,27,76,17,-4.892389867780943,10
4209,54,48,46,28,-4.906943181154002,20
4210,108,12,54,8,-4.909695920764134,4
4211,106,56,74,32,-4.924754963776778,24
4212,36,40,86,23,-4.927433251240003,17
4213,9,22,114,15,-4.931319071415344,7
4214,55,21,20,12,-4.931554548881413,9
4215,87,14,77,8,-4.94240192025149,6
4216,49,12,76,7,-4.943121216792114,5
4217,17,33,86,17,-4.94749630527028,16
4218,68,19,56,10,-4.94813216675333,9
4219,8,32,13,19,-4.955794878282507,13
4220,77,18,39,10,-4.961640817784316,8
4221,90,23,96,14,-4.963939687748077,9
4222,8,12,62,8,-4.964220736900479,4
4223,38,16,109,10,-4.9644619615709695,6
4224,107,49,40,30,-4.964616090179718,19
4225,87,15,1,8,-4.968031301569398,7
4226,51,18,14,12,-4.969794868699568,6
4227,15,17,23,10,-4.9841342107101605,7
4228,39,25,27,13,-4.989393098929608,12
4229,71,15,74,8,-4.993812181109021,7
4230,63,30,104,17,-4.993963037729945,13
4231,68,12,32,8,-4.994599728673894,4
4232,106,41,7,21,-5.003800212982272,20
4233,5,26,93,16,-5.004460526821323,10
4234,63,14,81,8,-5.016441825370757,6
4235,63,29,55,16,-5.056066807562622,13
4236,65,17,46,11,-5.06610491085495,6
4237,107,90,16,56,-5.070523610597529,34
4238,33,13,90,8,-5.072843762888294,5
4239,20,10,32,7,-5.08216341529211,3
4240,62,17,7,10,-5.083532766636536,7
4241,104,61,107,36,-5.084587806965312,25
4242,95,24,60,14,-5.089480392621887,10
4243,110,11,87,7,-5.0925904586002675,4
4244,104,25,53,14,-5.094260383198605,11
4245,70,23,55,13,-5.1032220329288345,10
4246,4,18,75,11,-5.1124286444655915,7
4247,58,30,40,16,-5.133397385337809,14
4248,4,12,109,7,-5.135069245647407,5
4249,20,58,107,33,-5.1376242090423085,25
4250,88,15,44,8,-5.148664566159752,7
4251,9,24,106,14,-5.150083731218861,10
4252,79,13,63,8,-5.150156389678723,5
4253,50,46,87,25,-5.151620252108098,21
4254,63,54,8,30,-5.156454172512432,24
4255,39,14,111,8,-5.158992286191917,6
4256,5,12,67,7,-5.159840528973067,5
4257,56,11,91,6,-5.160182814393273,5
4258,50,40,2,23,-5.1602643680773745,17
4259,47,26,75,17,-5.17693162231529,9
4260,97,17,75,10,-5.183439015487436,7
4261,51,24,4,15,-5.183921696313045,9
4262,38,30,107,18,-5.186335555044985,12
4263,48,24,84,15,-5.188857256683019,9
4264,6,20,44,13,-5.189449523361067,7
4265,113,13,40,8,-5.193726392686624,5
4266,89,15,41,9,-5.196780511481055,6
4267,55,18,34,10,-5.202160532736089,8
4268,91,12,33,6,-5.213867650447791,6
4269,37,22,40,12,-5.218981261850287,10
4270,5,11,35,6,-5.226534281744142,5
4271,96,37,20,22,-5.229501973456112,15
4272,112,17,88,10,-5.231027938888665,7
4273,13,47,71,26,-5.235216499316669,21
4274,25,21,91,12,-5.23677892954369,9
4275,14,15,65,8,-5.239230657167625,7
4276,40,15,98,8,-5.239271076053038,7
4277,79,19,16,11,-5.241758370421844,8
4278,40,26,25,15,-5.242222631716463,11
4279,92,11,28,7,-5.266199037582341,4
4280,109,32,88,19,-5.272527791460708,13
4281,30,17,50,10,-5.272543611954233,7
4282,88,11,56,6,-5.280224334897691,5
4283,28,19,14,12,-5.2887953454841945,7
4284,35,11,30,6,-5.293385259461386,5
4285,22,12,109,7,-5.3030018855523124,5
4286,55,25,111,15,-5.307717141421055,10
4287,65,62,87,37,-5.3117934902325254,25
4288,96,16,85,11,-5.314304637448896,5
4289,60,15,61,8,-5.316729344745585,7
4290,13,19,26,12,-5.323421758702902,7
4291,102,14,97,9,-5.335160623731844,5
4292,65,18,62,10,-5.345755023288058,8
4293,97,35,7,19,-5.356987360153851,16
4294,63,30,75,17,-5.362343223381898,13
4295,54,24,93,15,-5.392828840599425,9
4296,90,31,54,18,-5.397442007333916,13
4297,64,10,84,7,-5.40179307430533,3
4298,66,11,9,6,-5.404825557202403,5
4299,58,11,4,7,-5.405037105567146,4
4300,37,11,49,6,-5.405793666619149,5
4301,18,18,91,11,-5.437015235679075,7
4302,87,77,16,44,-5.4420666817930625,33
4303,57,18,97,10,-5.45235309786646,8
4304,71,43,75,27,-5.454468163058883,16
4305,30,17,49,10,-5.458460770772242,7
4306,68,11,80,7,-5.466227321340817,4
4307,86,30,69,17,-5.472935342008731,13
4308,36,17,99,11,-5.476671917231901,6
4309,75,10,14,6,-5.479308338136782,4
4310,70,23,114,14,-5.484820175107314,9
4311,40,49,65,28,-5.488110460552834,21
4312,54,20,15,11,-5.491526659354752,9
4313,62,10,18,6,-5.493140482819633,4
4314,40,20,62,10,-5.493314127309688,10
4315,102,10,67,6,-5.497246561771841,4
4316,17,24,28,14,-5.5000860869892,10
4317,109,13,32,7,-5.508051897308618,6
4318,83,19,95,12,-5.510188596504647,7
4319,37,59,87,35,-5.516733087496061,24
4320,20,10,62,6,-5.517288163699186,4
4321,7,33,28,20,-5.522079859732704,13
4322,57,24,88,13,-5.524909922819241,11
4323,102,14,33,8,-5.525239013163607,6
4324,88,23,30,12,-5.525413582454541,11
4325,68,45,114,26,-5.528966703625285,19
4326,68,30,54,18,-5.5293608762892505,12
4327,23,31,106,16,-5.535479536227777,15
4328,18,36,28,20,-5.538955354420102,16
4329,84,16,75,9,-5.542746956131477,7
4330,75,51,86,28,-5.544222274149607,23
4331,84,18,25,11,-5.5466876181289715,7
4332,31,53,36,30,-5.548564460468652,23
4333,25,41,8,25,-5.550067480025435,16
4334,4,11,46,6,-5.55622187464566,5
4335,95,10,31,6,-5.5581891593402775,4
4336,10,11,63,7,-5.56040496031845,4
4337,104,60,37,36,-5.5634752610620195,24
4338,54,31,11,18,-5.565049065297328,13
4339,69,11,42,6,-5.570250078296482,5
4340,71,17,12,10,-5.576190752449122,7
4341,68,54,39,30,-5.5781138607757725,24
4342,79,14,7,8,-5.580594560810973,6
4343,68,21,62,12,-5.5910040455918875,9
4344,25,32,87,18,-5.592843725263718,14
4345,63,11,99,6,-5.5958077337997105,5
4346,98,17,70,11,-5.604121247592223,6
4347,18,13,38,7,-5.6081144260834686,6
4348,43,14,27,7,-5.609839390205424,7
4349,50,15,100,9,-5.612526049660052,6
4350,90,14,30,8,-5.614315415339312,6
4351,50,10,6,6,-5.616920699281765,4
4352,3,22,114,14,-5.6169459155328765,8
4353,50,48,16,28,-5.617696720442926,20
4354,50,26,95,15,-5.619957219349124,11
4355,17,21,5,14,-5.625033929201381,7
4356,73,28,86,15,-5.62531345595925,13
4357,54,16,78,10,-5.628849020354991,6
4358,77,11,109,6,-5.645459503468275,5
4359,74,23,73,14,-5.649045009007229,9
4360,97,13,39,8,-5.649731064357227,5
4361,97,10,4,6,-5.649870700339136,4
4362,61,13,9,8,-5.652969843590385,5
4363,112,13,18,9,-5.661004110361593,4
4364,68,12,43,7,-5.661402151081362,5
4365,82,11,54,7,-5.66427830231393,4
4366,37,48,16,28,-5.664774565241773,20
4367,99,31,16,18,-5.66581833704302,13
4368,37,39,75,25,-5.670197882049106,14
4369,25,10,94,5,-5.671887186214519,5
4370,12,11,54,6,-5.67450373056912,5
4371,68,18,47,11,-5.681623794437403,7
4372,95,10,102,6,-5.68531996234082,4
4373,55,25,30,15,-5.686463879094617,10
4374,5,46,106,28,-5.689619439430468,18
4375,43,10,23,6,-5.689859175567735,4
4376,32,10,70,5,-5.692479372096212,5
4377,86,31,100,16,-5.693854286285784,15
4378,85,10,28,6,-5.696401332147328,4
4379,69,26,51,16,-5.708510695737556,10
4380,54,11,29,6,-5.709851331879876,5
4381,40,26,114,17,-5.715670519906255,9
4382,102,10,23,6,-5.716053822653882,4
4383,37,18,41,11,-5.716493275276267,7
4384,17,13,98,7,-5.72342530511381,6
4385,51,26,25,15,-5.726135112848949,11
4386,48,20,11,12,-5.726887293490206,8
4387,9,14,45,9,-5.727853500458989,5
4388,25,48,13,26,-5.729332953997916,22
4389,106,42,25,26,-5.737688222420908,16
4390,9,44,107,25,-5.73971793039242,19
4391,77,12,36,7,-5.751140829309579,5
4392,53,13,58,6,-5.756559382638664,7
4393,71,30,64,19,-5.764884814228726,11
4394,35,19,11,11,-5.768399159544,8
4395,35,17,16,11,-5.790753866714487,6
4396,63,26,98,15,-5.795644107915215,11
4397,55,28,74,16,-5.797157459674131,12
4398,64,45,7,25,-5.8010614589687695,20
4399,51,32,27,20,-5.804553521558319,12
4400,20,13,79,8,-5.810117746469,5
4401,106,28,80,17,-5.812470547213422,11
4402,49,10,100,5,-5.813425744151518,5
4403,5,16,40,9,-5.82052725169565,7
4404,87,13,58,8,-5.838329621055198,5
4405,93,13,20,7,-5.845044762429803,6
4406,46,37,74,23,-5.850135921281392,14
4407,88,85,86,50,-5.851432908827021,35
4408,112,20,7,12,-5.863389950487481,8
4409,7,17,34,10,-5.863504951401834,7
4410,65,52,51,32,-5.865717524678075,20
4411,95,36,54,20,-5.865979569344108,16
4412,9,17,62,10,-5.866001447424248,7
4413,106,53,54,29,-5.8811146934590965,24
4414,36,12,46,7,-5.88209418081934,5
4415,34,19,109,11,-5.8910600256239505,8
4416,25,16,93,9,-5.904464695396422,7
4417,107,33,100,17,-5.907266287901797,16
4418,45,15,41,10,-5.914462706154762,5
4419,63,10,93,6,-5.917563250275586,4
4420,114,20,73,12,-5.924435121305104,8
4421,63,45,37,27,-5.933785173114153,18
4422,71,40,16,25,-5.9385712385767615,15
4423,28,50,104,29,-5.9417102215711495,21
4424,7,15,33,8,-5.9471342175078945,7
4425,14,12,39,7,-5.9475481477923315,5
4426,10,12,97,6,-5.950831581917707,6
4427,53,52,68,31,-5.964244334939566,21
4428,40,18,97,11,-5.966918416140385,7
4429,76,19,112,10,-5.9691922227288705,9
4430,18,20,64,12,-5.974775055211904,8
4431,27,12,74,6,-5.991317096712257,6
4432,31,25,114,14,-5.9918765203954925,11
4433,97,20,87,13,-5.994662201156698,7
4434,81,28,86,19,-5.995693836542159,9
4435,70,57,54,34,-6.000249372764341,23
4436,17,10,99,6,-6.011623328938978,4
4437,7,11,85,7,-6.023882130639264,4
4438,71,31,30,18,-6.024215205048038,13
4439,46,20,95,12,-6.027785407812037,8
4440,50,17,91,11,-6.027790824025908,6
4441,65,30,64,17,-6.029400567070288,13
4442,86,38,64,22,-6.0307653391474,16
4443,31,31,75,17,-6.03348213428737,14
4444,98,24,7,15,-6.033686003781978,9
4445,32,16,8,9,-6.041444852098721,7
4446,68,48,16,30,-6.053036366464971,18
4447,63,19,90,11,-6.053395439788755,8
4448,68,19,69,11,-6.057902735707315,8
4449,28,18,23,10,-6.0662027716624305,8
4450,86,64,11,37,-6.067296101317877,27
4451,41,27,23,16,-6.068042449918635,11
4452,48,14,74,7,-6.068043245358376,7
4453,108,10,79,7,-6.083927302918585,3
4454,107,23,111,12,-6.08814286411973,11
4455,86,39,98,22,-6.096402500191196,17
4456,88,40,23,26,-6.098802854801483,14
4457,60,12,102,7,-6.1025406778466875,5
4458,7,12,90,7,-6.108519045195329,5
4459,31,13,81,9,-6.1171597913254026,4
4460,88,35,25,23,-6.12387967695023,12
4461,97,24,55,15,-6.128965912516969,9
4462,80,13,31,9,-6.13276887148396,4
4463,48,10,23,6,-6.136507124451631,4
4464,46,14,109,8,-6.137839688733693,6
4465,63,16,78,8,-6.142144937717797,8
4466,39,48,40,29,-6.1478732659202615,19
4467,112,15,31,10,-6.149641402394962,5
4468,58,13,16,8,-6.156802466115247,5
4469,89,10,63,7,-6.159771716986654,3
4470,36,47,13,29,-6.167141158071527,18
4471,76,23,97,13,-6.171425808149793,10
4472,84,54,28,32,-6.1786789402149065,22
4473,35,14,55,8,-6.18171019735336,6
4474,2,28,63,16,-6.200018491851487,12
4475,70,28,74,15,-6.203999405338755,13
4476,65,21,38,11,-6.2252846155522565,10
4477,55,31,80,17,-6.225846961531595,14
4478,6,17,13,10,-6.2267295430039455,7
4479,50,41,104,25,-6.230364171354916,16
4480,9,32,28,18,-6.2373511594029205,14
4481,62,15,54,9,-6.240490314200173,6
4482,5,17,43,10,-6.250727481432203,7
4483,39,22,92,12,-6.263991845659126,10
4484,95,12,15,7,-6.265255655621161,5
4485,43,28,16,18,-6.265547285575691,10
4486,5,45,20,28,-6.270373633442783,17
4487,4,21,86,13,-6.2794844995496994,8
4488,102,11,41,7,-6.282861273718874,4
4489,92,12,16,9,-6.284475222709882,3
4490,64,16,70,11,-6.2860092045587415,5
4491,57,26,87,16,-6.2897492965158115,10
4492,114,17,23,11,-6.291790840234865,6
4493,83,16,39,10,-6.297771796270442,6
4494,55,13,29,8,-6.301089833667023,5
4495,57,11,76,7,-6.324386635638288,4
4496,60,12,80,7,-6.326591453694461,5
4497,112,14,54,9,-6.326711825622494,5
4498,94,18,13,11,-6.333471224988879,7
4499,98,20,11,11,-6.3386776528601825,9
4500,83,29,86,19,-6.342700324127685,10
4501,27,13,92,7,-6.356396578041118,6
4502,44,12,28,6,-6.3579705752280935,6
4503,56,21,7,12,-6.361794853449643,9
4504,84,32,74,17,-6.37967811989364,15
4505,71,27,50,16,-6.37993434567586,11
4506,77,13,74,8,-6.38427445953612,5
4507,51,30,20,16,-6.3907803506271055,14
4508,77,13,106,7,-6.407119934187455,6
4509,88,57,65,36,-6.40859303614746,21
4510,77,19,107,11,-6.4169470483546815,8
4511,53,13,28,8,-6.426853986137569,5
4512,33,16,40,11,-6.427211772717695,5
4513,109,20,41,13,-6.432688342356182,7
4514,16,49,75,29,-6.443913435512627,20
4515,87,20,4,13,-6.445923142452617,7
4516,28,10,6,6,-6.452419128804086,4
4517,86,30,27,19,-6.453315924089684,11
4518,87,25,90,15,-6.454852453391627,10
4519,9,20,70,13,-6.477071321597405,7
4520,60,29,54,18,-6.486051026424472,11
4521,104,10,48,6,-6.493358473776669,4
4522,54,20,1,12,-6.4933945511101445,8
4523,28,15,35,8,-6.525585250622974,7
4524,55,10,49,6,-6.541972088163769,4
4525,18,21,77,14,-6.545250800191178,7
4526,27,29,16,18,-6.548968077490891,11
4527,60,14,84,10,-6.55252877595204,4
4528,51,11,72,6,-6.553708462421182,5
4529,53,44,107,27,-6.556157644451659,17
4530,84,13,85,9,-6.565417829861275,4
4531,25,37,104,21,-6.567754121461538,16
4532,114,26,53,15,-6.571088082289226,11
4533,1,26,40,16,-6.58137324665705,10
4534,43,40,13,22,-6.584602401444724,18
4535,96,28,65,16,-6.593487230396348,12
4536,30,16,34,10,-6.601140375094156,6
4537,51,75,39,44,-6.615588090433581,31
4538,81,18,71,11,-6.61709770119633,7
4539,100,30,16,19,-6.617449381235234,11
4540,68,25,97,15,-6.6196959499026775,10
4541,5,48,25,29,-6.626414170343123,19
4542,65,30,4,18,-6.635600395573753,12
4543,5,26,32,16,-6.6474470604519045,10
4544,114,15,76,10,-6.653911993113485,5
4545,37,19,71,11,-6.65399605348867,8
4546,88,74,54,44,-6.654867228993362,30
4547,71,11,83,6,-6.6562053803338666,5
4548,13,13,14,9,-6.663851771345143,4
4549,88,36,27,20,-6.672694825026895,16
4550,70,14,49,8,-6.672966411521807,6
4551,74,20,102,12,-6.679496862829723,8
4552,47,20,107,12,-6.679988416533417,8
4553,38,21,7,12,-6.693287820142804,9
4554,106,11,111,8,-6.697425895741327,3
4555,91,12,15,6,-6.697476716978325,6
4556,74,15,83,8,-6.703298030488857,7
4557,12,21,60,10,-6.704537300087495,11
4558,109,25,107,16,-6.707778229737098,9
4559,97,35,28,22,-6.716635909782018,13
4560,32,10,65,6,-6.718474357729474,4
4561,95,11,100,6,-6.722166987268522,5
4562,98,11,27,6,-6.722224921815258,5
4563,95,13,14,8,-6.731405281187272,5
4564,96,38,74,24,-6.731828732252354,14
4565,71,10,94,6,-6.748460655059317,4
4566,18,19,30,11,-6.749976540021853,8
4567,90,13,53,8,-6.752088210585149,5
4568,23,43,13,24,-6.759962036733637,19
4569,107,23,33,13,-6.763493299081546,10
4570,108,10,81,6,-6.778588424753946,4
4571,27,14,6,8,-6.780540737481573,6
4572,29,14,39,8,-6.784253183420456,6
4573,31,10,55,6,-6.798197972656263,4
4574,71,10,49,6,-6.8003776926672845,4
4575,45,18,60,10,-6.802248227913869,8
4576,114,16,100,10,-6.806713890734191,6
4577,38,22,39,13,-6.807429116943057,9
4578,96,20,51,12,-6.8091583197949745,8
4579,9,14,25,9,-6.810304163725227,5
4580,4,13,56,7,-6.816273515879698,6
4581,104,22,30,12,-6.820606807560422,10
4582,31,69,68,41,-6.8216343585610195,28
4583,68,10,89,6,-6.826893879643049,4
4584,46,20,7,13,-6.8293660676717325,7
4585,106,25,95,16,-6.830338155584793,9
4586,96,14,78,9,-6.830515928543477,5
4587,96,80,86,49,-6.839782165020976,31
4588,51,99,7,62,-6.849475435937795,37
4589,95,29,13,17,-6.852052215706936,12
4590,96,19,114,12,-6.857320738328298,7
4591,11,17,75,10,-6.860129083231022,7
4592,4,43,60,24,-6.864343045215706,19
4593,87,48,7,30,-6.8660731048454515,18
4594,78,13,84,8,-6.8775899451817635,5
4595,99,15,106,10,-6.882359612487446,5
4596,5,47,114,28,-6.885144276646174,19
4597,65,22,90,12,-6.887045978873849,10
4598,88,16,76,9,-6.891817282335724,7
4599,53,10,49,6,-6.90781300095477,4
4600,55,36,104,22,-6.909075624793387,14
4601,104,18,15,11,-6.9200938053381105,7
4602,30,19,75,11,-6.923427737676235,8
4603,19,15,68,8,-6.924559442631492,7
4604,64,29,16,19,-6.934362108400395,10
4605,88,12,99,7,-6.939131232028662,5
4606,39,13,19,7,-6.948417519072791,6
4607,50,11,15,7,-6.9507529081852075,4
4608,104,18,32,12,-6.959225086389547,6
4609,36,34,16,21,-6.96230955324868,13
4610,12,18,53,10,-6.969479938527376,8
4611,33,17,8,11,-6.9756022430017754,6
4612,39,23,46,12,-6.9816941894182785,11
4613,55,20,17,11,-6.987444025974705,9
4614,13,23,111,13,-6.988942249892523,10
4615,1,19,114,12,-6.990089974683046,7
4616,5,15,62,9,-6.9927087595973925,6
4617,39,22,57,13,-6.994065127671541,9
4618,48,13,80,9,-6.99747900943173,4
4619,86,14,45,8,-7.001591160951406,6
4620,98,30,91,18,-7.00578119436403,12
4621,53,27,87,15,-7.0226395127694765,12
4622,40,15,95,9,-7.026458120737084,6
4623,18,16,100,9,-7.026565168419708,7
4624,51,15,62,9,-7.028758985101916,6
4625,112,15,41,9,-7.039515078376401,6
4626,38,28,37,17,-7.041316380566512,11
4627,43,14,94,9,-7.042088076774411,5
4628,73,16,65,10,-7.056062739811477,6
4629,65,39,30,24,-7.058570840380226,15
4630,64,13,44,8,-7.05920038211248,5
4631,25,21,100,12,-7.062312436550092,9
4632,49,14,50,8,-7.064134383315742,6
4633,38,21,63,14,-7.071277555225252,7
4634,98,14,102,8,-7.075813129571892,6
4635,70,35,28,21,-7.078735797739843,14
4636,85,11,63,6,-7.079874969572199,5
4637,3,20,36,13,-7.093052097907007,7
4638,107,12,67,8,-7.124134838046419,4
4639,18,21,50,12,-7.126622020199371,9
4640,3,23,88,14,-7.12663205785296,9
4641,67,11,88,8,-7.127393540580368,3
4642,48,32,63,20,-7.1299692009467925,12
4643,107,57,75,39,-7.131800392099847,18
4644,46,39,16,24,-7.133033464233674,15
4645,75,39,18,23,-7.143872456900073,16
4646,60,17,5,11,-7.144002600647478,6
4647,93,23,87,14,-7.164798687762666,9
4648,14,14,86,8,-7.166696838482464,6
4649,112,16,36,10,-7.175574629533439,6
4650,47,12,23,8,-7.180906240191951,4
4651,63,20,27,11,-7.19472225275396,9
4652,3,12,41,9,-7.218526234783575,3
4653,40,20,35,13,-7.223846117897835,7
4654,106,60,13,37,-7.224822308695077,23
4655,75,10,20,6,-7.241047227766171,4
4656,40,32,54,19,-7.243609732204197,13
4657,5,14,31,9,-7.246607645789562,5
4658,90,13,46,8,-7.250761878801305,5
4659,93,12,98,7,-7.251352809271133,5
4660,54,11,38,7,-7.25460278530091,4
4661,81,19,75,12,-7.259552889264539,7
4662,31,31,41,19,-7.267301725174955,12
4663,98,17,20,11,-7.267496359610283,6
4664,70,16,110,10,-7.267896542251016,6
4665,96,10,62,7,-7.268496266352443,3
4666,57,13,106,7,-7.272492874678534,6
4667,68,20,55,13,-7.273979151335479,7
4668,20,42,65,27,-7.275621933808214,15
4669,54,16,91,9,-7.277443024389351,7
4670,106,24,2,14,-7.283295399336635,10
4671,13,42,114,23,-7.284350704257173,19
4672,13,19,44,12,-7.286242475868136,7
4673,11,14,93,10,-7.294440502359943,4
4674,36,17,97,10,-7.301788222671786,7
4675,91,41,16,27,-7.309347152714906,14
4676,106,24,39,14,-7.312269199982411,10
4677,55,26,109,14,-7.3182997081126135,12
4678,65,23,1,13,-7.319832649719675,10
4679,5,42,70,25,-7.323141246130922,17
4680,107,25,58,16,-7.327155673902655,9
4681,8,25,73,15,-7.3587900254771785,10
4682,23,13,49,8,-7.360298065336568,5
4683,61,18,53,12,-7.3640960284192225,6
4684,64,12,49,7,-7.364918196286091,5
4685,114,10,77,6,-7.365477220397804,4
4686,33,16,25,11,-7.36592627296452,5
4687,74,15,34,10,-7.367415754617588,5
4688,71,10,73,6,-7.373234065194552,4
4689,5,10,1,6,-7.391988711274882,4
4690,46,41,37,27,-7.398384968299376,14
4691,55,65,16,42,-7.408891459698617,23
4692,69,27,13,17,-7.410798113719346,10
4693,41,34,36,18,-7.412500474371831,16
4694,91,19,8,12,-7.416456742894205,7
4695,109,44,54,28,-7.42149631612999,16
4696,18,23,63,15,-7.424434558796219,8
4697,43,17,64,10,-7.438967254563773,7
4698,84,28,8,18,-7.447150756775401,10
4699,71,13,70,7,-7.447387393345607,6
4700,75,30,46,18,-7.449361290092636,12
4701,100,17,75,9,-7.449782688238095,8
4702,97,53,86,32,-7.453774682156136,21
4703,110,21,37,12,-7.457046552670356,9
4704,68,64,40,41,-7.460123554388274,23
4705,53,12,45,7,-7.463487107897495,5
4706,31,37,64,23,-7.4738922265185375,14
4707,63,15,108,9,-7.475559971035059,6
4708,36,14,70,8,-7.476080415111231,6
4709,89,10,48,7,-7.47675761274391,3
4710,96,11,41,8,-7.480521636982391,3
4711,52,11,65,8,-7.511225896554021,3
4712,77,18,55,11,-7.520653437888105,7
4713,55,11,6,8,-7.526848268362213,3
4714,51,31,64,19,-7.52751645484338,12
4715,33,20,51,14,-7.541152096210821,6
4716,107,16,12,11,-7.554377135078079,5
4717,5,14,34,10,-7.5706698448560905,4
4718,77,12,46,7,-7.574271980014295,5
4719,36,10,72,6,-7.585561627806541,4
4720,88,18,58,11,-7.5880987725104365,7
4721,36,20,18,12,-7.59490287850123,8
4722,41,27,87,17,-7.608960513510674,10
4723,84,16,38,9,-7.623292346759982,7
4724,63,63,16,38,-7.626908070861485,25
4725,91,13,23,7,-7.630492751883035,6
4726,80,22,96,14,-7.6325568595370585,8
4727,5,29,97,19,-7.639418302115126,10
4728,30,27,53,16,-7.642346295513206,11
4729,88,20,108,13,-7.642505031143239,7
4730,9,35,16,23,-7.644783932906994,12
4731,60,11,70,7,-7.646435749026202,4
4732,31,13,33,7,-7.647223417443056,6
4733,96,24,37,14,-7.66584492569651,10
4734,11,32,5,20,-7.6874421575338765,12
4735,7,25,111,15,-7.6903234257719815,10
4736,11,11,64,8,-7.699861982788658,3
4737,104,39,40,25,-7.699889638025223,14
4738,77,15,41,10,-7.700447698799745,5
4739,64,13,46,8,-7.70178518963715,5
4740,87,44,68,27,-7.713445601645925,17
4741,102,19,57,11,-7.725209435984635,8
4742,2,28,28,18,-7.726967938716942,10
4743,112,28,86,17,-7.7335421287606225,11
4744,52,10,63,6,-7.736846011905837,4
4745,84,11,44,6,-7.741464370739851,5
4746,54,13,73,8,-7.746921178252214,5
4747,1,11,46,6,-7.7522327504760105,5
4748,25,49,37,29,-7.755599308877523,20
4749,73,11,53,7,-7.756297558195456,4
4750,86,14,10,8,-7.764445720347282,6
4751,81,15,41,10,-7.770221546669878,5
4752,114,14,92,10,-7.774797164908212,4
4753,18,28,68,17,-7.775566947501909,11
4754,48,15,50,10,-7.798532000224026,5
4755,110,12,114,8,-7.80031681097971,4
4756,49,21,75,13,-7.802050873504806,8
4757,46,46,25,27,-7.8204011950255445,19
4758,98,17,8,11,-7.832264077196576,6
4759,54,57,63,36,-7.834983225160243,21
4760,2,11,7,7,-7.836909370766421,4
4761,109,19,53,12,-7.841205358929898,7
4762,91,26,106,17,-7.859341034872017,9
4763,35,12,44,7,-7.859665557157517,5
4764,90,25,114,15,-7.8701656835045455,10
4765,23,17,55,9,-7.8715706098888365,8
4766,81,24,60,15,-7.879588509675568,9
4767,16,14,103,9,-7.884424733518567,5
4768,69,15,70,10,-7.889236203805598,5
4769,108,11,76,7,-7.890267325318873,4
4770,76,23,16,12,-7.906950340887347,11
4771,82,10,88,6,-7.9125780836424955,4
4772,18,22,54,13,-7.917650548154778,9
4773,20,16,33,10,-7.9280624383644875,6
4774,64,12,77,6,-7.928282722369054,6
4775,34,10,18,7,-7.93407311360503,3
4776,77,13,27,8,-7.939137496569419,5
4777,87,17,73,12,-7.94220715025842,5
4778,53,12,89,7,-7.949973026478008,5
4779,5,25,65,15,-7.967561696591303,10
4780,13,30,81,19,-7.974436586188656,11
4781,4,12,12,8,-7.976222296376226,4
4782,84,28,5,17,-7.986435375626319,11
4783,70,16,13,10,-7.990308468406848,6
4784,96,19,102,12,-7.995631160966494,7
4785,39,51,86,30,-8.000320040451781,21
4786,31,18,43,8,-8.011472574516002,10
4787,25,12,48,7,-8.01244102921806,5
4788,9,11,35,6,-8.012816785902407,5
4789,50,41,75,27,-8.02466935745211,14
4790,13,26,108,17,-8.028546837864384,9
4791,27,16,37,10,-8.030406858059436,6
4792,12,11,9,7,-8.058955245687951,4
4793,91,15,51,10,-8.060157448942936,5
4794,86,24,43,16,-8.063012454340047,8
4795,46,13,53,8,-8.064750592390654,5
4796,39,72,16,44,-8.06739491860954,28
4797,97,16,110,10,-8.077466293642948,6
4798,5,61,8,37,-8.080732178020163,24
4799,37,11,29,7,-8.087342118064884,4
4800,50,30,60,17,-8.087484578525556,13
4801,7,31,45,19,-8.09975676882742,12
4802,57,14,114,9,-8.115945976762234,5
4803,88,19,100,12,-8.116464062015531,7
4804,16,15,81,10,-8.120114808218235,5
4805,29,12,75,7,-8.144839094845086,5
4806,112,10,4,6,-8.145974306589782,4
4807,33,11,68,7,-8.166895131198164,4
4808,47,19,16,12,-8.178952833737181,7
4809,98,13,108,8,-8.179403178791246,5
4810,60,35,104,25,-8.183651908443377,10
4811,61,10,107,6,-8.19056957850756,4
4812,35,10,13,6,-8.193263635625328,4
4813,13,13,19,8,-8.19483920053687,5
4814,109,24,11,16,-8.196422948591085,8
4815,57,25,8,16,-8.20914757769532,9
4816,3,24,40,16,-8.21009163331203,8
4817,104,28,41,16,-8.222150207467427,12
4818,39,10,102,6,-8.224547128845817,4
4819,37,21,39,13,-8.22474872174649,8
4820,106,21,69,13,-8.230262561693124,8
4821,2,10,94,6,-8.235738884159375,4
4822,55,49,40,31,-8.264830770768937,18
4823,14,12,37,7,-8.266467835075433,5
4824,55,34,50,20,-8.268886532039618,14
4825,76,12,75,7,-8.269580351796622,5
4826,55,15,100,8,-8.275270908208638,7
4827,91,18,41,12,-8.276671952774393,6
4828,106,31,90,21,-8.28384546124837,10
4829,37,19,80,12,-8.28505550529825,7
4830,97,22,18,14,-8.298065482812461,8
4831,50,25,76,17,-8.328303760573554,8
4832,29,11,28,7,-8.329043879308335,4
4833,51,39,76,26,-8.339242903099509,13
4834,98,18,13,12,-8.341994513785483,6
4835,5,22,7,14,-8.357081514884824,8
4836,9,11,11,7,-8.359525570926444,4
4837,107,21,45,13,-8.374668953212842,8
4838,52,14,28,8,-8.38312541721312,6
4839,104,10,67,6,-8.393331116483225,4
4840,20,19,91,11,-8.407006886407046,8
4841,67,14,109,7,-8.41022889195963,7
4842,38,10,30,7,-8.411592281207323,3
4843,91,24,68,14,-8.412577437061726,10
4844,8,20,64,13,-8.418575329228208,7
4845,79,21,48,13,-8.423308200700253,8
4846,90,19,73,12,-8.424101991862472,7
4847,13,20,90,13,-8.424919065495569,7
4848,13,31,47,19,-8.428277126431585,12
4849,114,20,55,13,-8.432483182241098,7
4850,70,24,96,13,-8.437417991026262,11
4851,20,12,52,8,-8.437421503459813,4
4852,114,32,8,21,-8.446067232393617,11
4853,96,14,95,9,-8.450373982592183,5
4854,16,10,85,7,-8.463981088255796,3
4855,68,56,75,37,-8.483707229345061,19
4856,1,16,75,11,-8.487454866261048,5
4857,37,10,94,7,-8.495177713557316,3
4858,40,28,64,18,-8.49607162432113,10
4859,41,20,20,12,-8.49990215185767,8
4860,84,29,20,20,-8.500036071105088,9
4861,45,10,91,6,-8.504304930616431,4
4862,69,17,63,12,-8.506537399631055,5
4863,88,23,62,14,-8.51262512712999,9
4864,48,28,86,18,-8.527783865058888,10
4865,106,13,12,9,-8.530975907772833,4
4866,20,12,18,8,-8.532272478061662,4
4867,3,14,84,8,-8.535145143847831,6
4868,62,13,114,8,-8.549556180002718,5
4869,36,11,78,7,-8.552435160203329,4
4870,51,86,86,51,-8.557465951431581,35
4871,7,19,78,11,-8.565348954184037,8
4872,55,23,95,15,-8.57500650986488,8
4873,49,15,40,9,-8.588514005098899,6
4874,50,22,90,14,-8.598522697493998,8
4875,60,34,23,22,-8.60880728241122,12
4876,97,19,41,12,-8.638943706099203,7
4877,112,14,51,9,-8.662465094799598,5
4878,31,31,9,20,-8.678153869820548,11
4879,88,16,77,10,-8.678317130754186,6
4880,60,15,76,11,-8.678706996102923,4
4881,39,14,110,10,-8.694421097429624,4
4882,2,10,30,6,-8.704387763563812,4
4883,20,35,63,21,-8.70524806527441,14
4884,84,43,63,26,-8.706188138989026,17
4885,102,15,63,9,-8.71016569998991,6
4886,45,10,58,6,-8.721721801464438,4
4887,17,22,4,15,-8.72773506800961,7
4888,11,23,104,15,-8.742484307216113,8
4889,106,14,38,7,-8.74501943352997,7
4890,39,21,100,13,-8.754145947004437,8
4891,88,36,39,23,-8.756638990991735,13
4892,39,29,84,18,-8.776044272286493,11
4893,18,23,106,15,-8.778191080978738,8
4894,51,22,97,15,-8.785196874414885,7
4895,31,28,107,15,-8.798674063671838,13
4896,42,10,106,7,-8.802546839644418,3
4897,47,18,36,12,-8.810892372607713,6
4898,76,28,63,19,-8.821395394022662,9
4899,36,19,63,12,-8.822881427312195,7
4900,63,47,51,28,-8.825173206487683,19
4901,77,13,49,9,-8.842593838828112,4
4902,87,15,32,10,-8.84415502943487,5
4903,3,17,53,11,-8.845189139081638,6
4904,51,16,102,10,-8.84826485855953,6
4905,43,29,107,19,-8.857175926154701,10
4906,12,16,23,10,-8.872217683410863,6
4907,114,30,28,18,-8.875783073761175,12
4908,40,16,28,9,-8.877350715587879,7
4909,20,11,64,8,-8.885928507652638,3
4910,91,26,87,17,-8.887112732676092,9
4911,97,12,69,8,-8.888377862411463,4
4912,84,13,112,9,-8.889684705674227,4
4913,109,20,7,13,-8.908032141063202,7
4914,107,15,89,10,-8.908975430626485,5
4915,25,19,110,13,-8.917701672558223,6
4916,88,101,16,66,-8.91886711620617,35
4917,91,10,11,7,-8.923724837318142,3
4918,31,12,73,8,-8.93891957013575,4
4919,80,13,11,8,-8.941133144462878,5
4920,32,11,28,7,-8.963821007682874,4
4921,114,20,47,12,-8.969382880850324,8
4922,60,17,17,11,-8.995312545980157,6
4923,69,10,62,6,-9.00706523943993,4
4924,36,15,5,9,-9.008614310253614,6
4925,112,10,58,6,-9.041979275484929,4
4926,112,18,39,11,-9.062101008825088,7
4927,75,34,28,22,-9.068390514566694,12
4928,86,29,44,19,-9.073857704921481,10
4929,39,23,74,14,-9.075238839119185,9
4930,8,34,95,21,-9.07920947405897,13
4931,51,11,48,6,-9.079697327016946,5
4932,31,15,109,10,-9.113887572404183,5
4933,17,11,92,7,-9.114563540800457,4
4934,17,18,104,11,-9.118260519592534,7
4935,1,25,86,16,-9.124826219314393,9
4936,18,42,13,26,-9.15021879704067,16
4937,5,43,50,26,-9.156049369840705,17
4938,43,27,39,16,-9.158740133364715,11
4939,30,12,27,7,-9.159316291712273,5
4940,40,15,92,10,-9.168940871834318,5
4941,102,15,40,9,-9.171373555966687,6
4942,49,15,41,9,-9.171912615870816,6
4943,86,39,41,26,-9.172157333193885,13
4944,88,30,15,21,-9.176202112652083,9
4945,9,16,17,10,-9.184055414811953,6
4946,40,17,73,11,-9.199997222971483,6
4947,40,12,2,8,-9.204153353273353,4
4948,76,15,54,10,-9.214343370527448,5
4949,4,15,27,9,-9.21491506769711,6
4950,81,11,64,7,-9.217681779438383,4
4951,37,15,64,10,-9.227089681457189,5
4952,107,31,2,20,-9.235597195463592,11
4953,76,10,15,6,-9.241288842836557,4
4954,66,13,65,9,-9.24629898792323,4
4955,93,13,75,8,-9.279825087560207,5
4956,77,19,63,13,-9.291814452323939,6
4957,67,15,86,9,-9.306541844943451,6
4958,107,12,110,8,-9.307853181235297,4
4959,70,17,50,10,-9.316243790355681,7
4960,58,16,60,10,-9.319426070200468,6
4961,109,12,30,8,-9.335355797138938,4
4962,29,10,109,5,-9.339951738191695,5
4963,48,10,98,7,-9.346073134818255,3
4964,9,25,18,17,-9.349773872691086,8
4965,50,12,23,9,-9.354699302165743,3
4966,87,15,15,9,-9.356894108440965,6
4967,111,15,28,10,-9.365771514395545,5
4968,39,17,76,12,-9.374915521858478,5
4969,51,11,29,7,-9.382792177373643,4
4970,36,11,109,8,-9.390936468630553,3
4971,109,25,63,15,-9.392892060380623,10
4972,76,37,86,24,-9.404159373470087,13
4973,93,35,65,21,-9.411885467293354,14
4974,112,11,38,8,-9.413940162098223,3
4975,1,10,15,7,-9.42159486047143,3
4976,107,31,80,21,-9.425810020032927,10
4977,92,14,64,7,-9.432471863302016,7
4978,53,12,78,7,-9.436495389192622,5
4979,63,11,32,7,-9.44232166344675,4
4980,94,14,86,9,-9.444879533453692,5
4981,110,18,51,12,-9.45247565646282,6
4982,68,28,76,21,-9.459920139276978,7
4983,96,47,16,33,-9.462953828826512,14
4984,29,10,112,6,-9.468799644939955,4
4985,66,17,107,11,-9.469730190602778,6
4986,7,29,37,18,-9.500511382222342,11
4987,99,22,37,15,-9.502759058160713,7
4988,2,13,114,8,-9.50915856241785,5
4989,80,14,90,10,-9.509239360264804,4
4990,36,17,8,11,-9.51236026695053,6
4991,69,25,60,14,-9.516572001635847,11
4992,25,32,20,21,-9.520523686179052,11
4993,31,22,1,13,-9.525804060927038,9
4994,108,13,106,9,-9.535201707134298,4
4995,68,15,92,10,-9.538113226799515,5
4996,97,24,13,15,-9.567486234498414,9
4997,60,44,64,30,-9.569439655645416,14
4998,20,33,39,20,-9.569657195151715,13
4999,7,20,73,12,-9.582485903794177,8
5000,39,14,80,9,-9.589468521855673,5
5001,53,13,8,9,-9.596286006275326,4
5002,84,18,83,11,-9.60947373437216,7
5003,8,14,99,8,-9.611065592860308,6
5004,9,16,76,11,-9.62150457184245,5
5005,109,17,70,11,-9.623350653501726,6
5006,109,22,74,15,-9.62539761750223,7
5007,63,17,100,10,-9.628829836647936,7
5008,53,23,41,15,-9.631953807885303,8
5009,107,28,57,18,-9.636004223648033,10
5010,104,10,93,6,-9.63796658188527,4
5011,114,10,22,5,-9.649313306364819,5
5012,17,15,41,10,-9.654478177971626,5
5013,63,16,111,10,-9.656549842780757,6
5014,9,30,87,18,-9.657202776782615,12
5015,71,12,100,8,-9.66068752031631,4
5016,108,19,53,11,-9.662757254259093,8
5017,45,14,35,8,-9.663816215290336,6
5018,38,12,53,8,-9.664145468055217,4
5019,109,17,17,11,-9.67292277687966,6
5020,84,13,30,9,-9.677396996952375,4
5021,87,19,100,11,-9.686243494464469,8
5022,57,13,78,8,-9.706642642705255,5
5023,32,16,16,10,-9.721720922013692,6
5024,16,13,89,8,-9.733195931265595,5
5025,18,42,16,28,-9.75454627994462,14
5026,28,10,38,6,-9.755543154623545,4
5027,62,12,100,7,-9.768885934940618,5
5028,51,10,6,6,-9.769920787003374,4
5029,84,16,104,10,-9.771299141827566,6
5030,83,24,37,15,-9.783726366978415,9
5031,93,10,62,6,-9.798162399200404,4
5032,107,27,48,17,-9.812988008703408,10
5033,75,25,104,16,-9.822163907084752,9
5034,57,13,54,10,-9.824315369895016,3
5035,98,10,53,6,-9.839111782848335,4
5036,79,26,86,17,-9.841357831333447,9
5037,63,16,30,10,-9.842696842263113,6
5038,18,12,76,8,-9.8476224935035,4
5039,91,34,63,23,-9.863803572303501,11
5040,71,15,17,9,-9.874078720771612,6
5041,39,39,18,26,-9.885046818102037,13
5042,3,14,25,9,-9.907996037168818,5
5043,2,10,95,7,-9.9203126299905,3
5044,17,10,38,6,-9.957251396991314,4
5045,88,18,73,12,-9.974203425238962,6
5046,52,13,87,8,-9.98485251805505,5
5047,109,14,93,9,-9.987067099161266,5
5048,10,13,107,8,-9.98735340517921,5
5049,48,11,34,7,-9.987399142382838,4
5050,65,25,95,16,-9.987438820754939,9
5051,57,12,75,8,-10.001839571130395,4
5052,43,15,54,9,-10.003127798418701,6
5053,9,13,43,8,-10.011482215577137,5
5054,29,15,60,9,-10.014518053593555,6
5055,3,12,20,8,-10.029309207648433,4
5056,18,14,11,9,-10.031989827572827,5
5057,29,12,70,7,-10.037060199943543,5
5058,38,10,44,7,-10.048373138060267,3
5059,71,11,91,7,-10.05883228964285,4
5060,28,10,110,6,-10.066740720619942,4
5061,83,23,13,15,-10.067954696106943,8
5062,106,12,79,8,-10.079963228120917,4
5063,94,14,28,10,-10.089052267433146,4
5064,74,11,89,7,-10.093150392265773,4
5065,8,24,18,17,-10.10300859124231,7
5066,36,36,53,25,-10.11473282468799,11
5067,102,20,50,12,-10.118106239071224,8
5068,35,10,8,7,-10.118762046100299,3
5069,15,20,8,12,-10.121581558030638,8
5070,70,14,46,9,-10.128652016947743,5
5071,109,10,92,7,-10.132066653367776,3
5072,31,37,53,23,-10.136338371296794,14
5073,23,11,96,7,-10.143008283174424,4
5074,39,13,58,9,-10.147489402696785,4
5075,102,14,76,9,-10.166991590900437,5
5076,69,11,40,8,-10.175676528085834,3
5077,9,24,64,17,-10.178655144521004,7
5078,104,13,89,8,-10.178686881843591,5
5079,37,41,97,27,-10.190687502541847,14
5080,33,13,71,9,-10.195530501937561,4
5081,2,15,98,9,-10.198603389321665,6
5082,96,24,48,16,-10.200121519345737,8
5083,106,63,16,43,-10.201810935158226,20
5084,37,36,11,24,-10.207174749413833,12
5085,68,24,25,16,-10.21179043309895,8
5086,31,17,30,10,-10.214096274935343,7
5087,25,43,7,29,-10.249875265637383,14
5088,106,16,67,10,-10.252161434234205,6
5089,99,12,77,9,-10.252199704478636,3
5090,104,12,34,8,-10.27427919250402,4
5091,84,10,71,7,-10.279461085413814,3
5092,78,13,40,10,-10.282455211399137,3
5093,63,18,57,11,-10.314939985261887,7
5094,81,14,7,8,-10.321582987727558,6
5095,1,13,37,8,-10.34216426905315,5
5096,63,17,1,10,-10.344681903521664,7
5097,7,10,94,7,-10.355621654064775,3
5098,81,13,104,7,-10.361322759461327,6
5099,18,11,3,8,-10.36192093091692,3
5100,1,24,16,18,-10.362823173840477,6
5101,93,16,106,10,-10.37915501513517,6
5102,7,11,110,6,-10.42257657923173,5
5103,114,19,95,12,-10.422604339796184,7
5104,39,16,44,10,-10.434810009571377,6
5105,60,11,34,8,-10.444545857082172,3
5106,62,10,49,7,-10.453994552700898,3
5107,31,10,6,6,-10.459894630543896,4
5108,77,12,23,8,-10.47207373365885,4
5109,102,19,107,12,-10.474471969151432,7
5110,8,35,75,24,-10.477015226263449,11
5111,102,14,75,10,-10.47886729381523,4
5112,20,37,50,25,-10.501577095705532,12
5113,12,12,114,7,-10.504954578013217,5
5114,37,14,89,8,-10.519274673853,6
5115,36,27,27,17,-10.523349599331356,10
5116,97,19,71,13,-10.523533962196899,6
5117,56,16,86,11,-10.543126647721751,5
5118,54,45,37,30,-10.551214199845804,15
5119,9,15,95,9,-10.569002592922953,6
5120,28,18,69,11,-10.575983527327306,7
5121,7,51,75,34,-10.587695481592943,17
5122,38,15,75,11,-10.597530026810052,4
5123,91,31,7,22,-10.60910028610159,9
5124,101,12,16,8,-10.62271769748288,4
5125,51,34,100,19,-10.62766713389947,15
5126,71,18,98,12,-10.627953776602759,6
5127,64,20,30,13,-10.642272986004782,7
5128,98,25,5,16,-10.662918685540621,9
5129,86,32,102,22,-10.668729155825625,10
5130,17,23,40,16,-10.673939896309559,7
5131,74,25,51,18,-10.704030149650722,7
5132,18,14,47,10,-10.710476641545714,4
5133,36,13,43,8,-10.713552025008546,5
5134,81,13,114,8,-10.713660949239014,5
5135,111,11,54,8,-10.714143810197228,3
5136,17,18,53,12,-10.71991335829738,6
5137,60,15,37,9,-10.721994289598655,6
5138,39,20,23,13,-10.742827162036495,7
5139,31,27,27,16,-10.758919665279386,11
5140,7,11,59,8,-10.771239818059199,3
5141,15,11,47,7,-10.775485769989336,4
5142,84,25,11,17,-10.781678694551522,8
5143,91,25,55,18,-10.791612827626562,7
5144,77,27,104,18,-10.795670361212089,9
5145,81,17,106,10,-10.816681182916206,7
5146,8,34,109,21,-10.819891467814774,13
5147,87,25,98,17,-10.830753925226263,8
5148,65,30,27,20,-10.856587825173339,10
5149,9,18,20,12,-10.86548400794927,6
5150,54,25,30,17,-10.869653792907938,8
5151,77,16,71,11,-10.872072685026803,5
5152,78,11,17,7,-10.875549356054371,4
5153,41,21,111,13,-10.875724405637953,8
5154,88,41,63,29,-10.892208716891064,12
5155,35,10,102,6,-10.90320798703147,4
5156,46,11,100,7,-10.904685887838546,4
5157,5,17,73,11,-10.90738305979487,6
5158,31,10,78,6,-10.912809716780334,4
5159,64,14,27,10,-10.925557497140751,4
5160,13,10,89,6,-10.939542022741616,4
5161,107,19,15,14,-10.951282290046715,5
5162,53,10,15,7,-10.9539479023651,3
5163,47,15,9,10,-10.968614103246171,5
5164,88,37,50,24,-10.986958086725291,13
5165,43,18,75,13,-10.9894348107113,5
5166,69,16,58,10,-10.993413968782217,6
5167,107,13,56,8,-11.000292497508868,5
5168,71,13,15,9,-11.00914391321026,4
5169,68,10,98,7,-11.014423279510455,3
5170,92,14,41,9,-11.016394202336143,5
5171,68,12,45,8,-11.02401972838907,4
5172,88,11,98,8,-11.027639102171303,3
5173,114,12,32,8,-11.045874107216177,4
5174,11,11,99,7,-11.04788337752713,4
5175,87,10,12,7,-11.056786464431308,3
5176,80,13,78,9,-11.09791576617006,4
5177,50,10,85,7,-11.098189393682759,3
5178,68,16,58,11,-11.098600977228577,5
5179,32,13,74,9,-11.101664191982367,4
5180,4,16,43,10,-11.162760468553993,6
5181,107,38,30,25,-11.164530658826866,13
5182,46,15,30,10,-11.187097177578686,5
5183,13,15,58,11,-11.187681570256993,4
5184,109,10,91,7,-11.192740070217315,3
5185,61,12,6,8,-11.200388242698184,4
5186,65,45,114,29,-11.20792553692763,16
5187,1,11,89,7,-11.20901106938993,4
5188,68,21,28,15,-11.213633194972727,6
5189,106,18,98,12,-11.217270403208776,6
5190,51,13,73,9,-11.219804453521853,4
5191,96,20,46,12,-11.223825219116964,8
5192,109,17,75,12,-11.242273446455997,5
5193,51,28,95,20,-11.244919045567018,8
5194,81,13,40,9,-11.249205674756395,4
5195,83,16,107,11,-11.24958512039028,5
5196,70,29,87,18,-11.250414739740132,11
5197,48,12,90,8,-11.252381363492235,4
5198,16,12,78,8,-11.25916175296747,4
5199,103,14,86,9,-11.266539954551964,5
5200,29,23,65,14,-11.27269887311909,9
5201,55,14,2,9,-11.276816159574057,5
5202,86,10,29,7,-11.288307199014056,3
5203,5,10,80,7,-11.295210617596885,3
5204,96,25,7,18,-11.300422106484014,7
5205,70,15,30,9,-11.302914088005606,6
5206,79,10,80,6,-11.30670069299901,4
5207,28,46,63,32,-11.30701920844641,14
5208,60,23,47,16,-11.31330562577917,7
5209,18,12,69,8,-11.324568934723304,4
5210,43,15,100,9,-11.350388483589276,6
5211,57,18,11,11,-11.36115181121274,7
5212,38,11,4,8,-11.395009854616482,3
5213,35,23,76,15,-11.39691854534874,8
5214,95,10,29,7,-11.401888238693147,3
5215,106,39,114,26,-11.417874917507989,13
5216,72,19,86,13,-11.423615729846851,6
5217,81,14,47,10,-11.445134927289029,4
5218,57,12,65,8,-11.482165332996512,4
5219,91,10,69,6,-11.501202941557144,4
5220,27,12,49,8,-11.521519655834481,4
5221,76,15,74,9,-11.544600382799558,6
5222,15,10,49,7,-11.54727068179138,3
5223,71,10,111,7,-11.563837134119527,3
5224,104,16,36,10,-11.564722196156035,6
5225,50,15,33,10,-11.568332857311571,5
5226,39,15,90,10,-11.577976501423594,5
5227,18,21,15,15,-11.590119158022436,6
5228,88,65,13,44,-11.59374697560307,21
5229,10,14,7,9,-11.631959119868696,5
5230,103,11,55,8,-11.639657223031874,3
5231,107,17,78,12,-11.645622319804351,5
5232,39,30,30,20,-11.676641348162722,10
5233,96,13,91,9,-11.692854193124042,4
5234,19,20,7,15,-11.707331952559505,5
5235,70,23,108,16,-11.716508786473792,7
5236,51,17,15,11,-11.740493233850568,6
5237,69,27,16,18,-11.757721074864538,9
5238,67,11,16,8,-11.761532223804268,3
5239,1,37,55,26,-11.769033555767942,11
5240,57,20,70,12,-11.777168573797624,8
5241,71,19,104,12,-11.784281392964676,7
5242,65,12,91,8,-11.784658313781671,4
5243,54,10,44,7,-11.791894285038754,3
5244,40,21,8,15,-11.791921402372775,6
5245,91,10,53,7,-11.811611902058761,3
5246,17,10,83,6,-11.812775268760374,4
5247,87,23,48,16,-11.827762552608771,7
5248,47,10,78,6,-11.843066191666676,4
5249,14,18,16,12,-11.861448285420282,6
5250,104,18,90,12,-11.89837391797068,6
5251,63,18,62,12,-11.898616241132698,6
5252,18,27,95,18,-11.951490678023534,9
5253,54,10,53,7,-11.951994898142779,3
5254,104,12,1,8,-12.020108292717424,4
5255,96,28,98,19,-12.0522531035848,9
5256,28,21,34,15,-12.064560123194633,6
5257,20,14,34,10,-12.080633416209027,4
5258,63,12,92,7,-12.136993324985582,5
5259,70,22,2,14,-12.153236389251056,8
5260,39,17,109,13,-12.189314131019263,4
5261,76,18,7,11,-12.196617315781682,7
5262,106,11,78,8,-12.21024325274275,3
5263,70,21,11,15,-12.225051268467027,6
5264,39,23,91,16,-12.232573714352018,7
5265,39,10,32,7,-12.25900875776762,3
5266,114,27,87,17,-12.286422589064637,10
5267,35,23,107,17,-12.292793992800659,6
5268,108,10,28,6,-12.299856976610261,4
5269,46,11,18,8,-12.326844972781839,3
5270,20,10,78,7,-12.337947782230119,3
5271,19,12,87,8,-12.345271535363189,4
5272,54,22,100,15,-12.349967715760693,7
5273,33,13,87,9,-12.350753088118475,4
5274,60,20,49,14,-12.35214452080387,6
5275,97,12,67,9,-12.35346782744064,3
5276,112,10,37,7,-12.392005916673295,3
5277,53,16,43,12,-12.41343484704957,4
5278,50,17,36,10,-12.423703215189779,7
5279,51,14,111,10,-12.456032818979448,4
5280,88,40,53,28,-12.503961998215974,12
5281,5,27,75,17,-12.535083552437035,10
5282,58,14,54,9,-12.535089602873326,5
5283,5,27,57,19,-12.572003913811173,8
5284,63,34,80,24,-12.572385685987724,10
5285,112,24,64,18,-12.57665854379635,6
5286,54,33,75,22,-12.657132724468568,11
5287,5,14,48,10,-12.657719903594751,4
5288,52,11,30,8,-12.667026316194525,3
5289,88,16,111,12,-12.710530076381987,4
5290,51,16,80,11,-12.71390947989441,5
5291,106,24,46,15,-12.725492516069489,9
5292,106,14,33,10,-12.736963404825662,4
5293,36,10,95,7,-12.746346244298937,3
5294,81,12,54,8,-12.757047966098474,4
5295,27,20,104,15,-12.796343894614779,5
5296,104,20,49,14,-12.812277987885736,6
5297,9,10,108,6,-12.825707088631287,4
5298,109,19,27,12,-12.854514856980064,7
5299,45,14,23,10,-12.875487654765546,4
5300,35,11,87,7,-12.88940090296237,4
5301,65,21,2,16,-12.8900275785182,5
5302,75,12,98,8,-12.900340980932176,4
5303,17,16,23,11,-12.920452187354222,5
5304,28,33,74,23,-12.957271538108255,10
5305,31,72,13,49,-12.99330264938673,23
5306,114,12,27,8,-13.009570993376595,4
5307,9,11,6,7,-13.029614696230583,4
5308,46,38,104,26,-13.083570903140272,12
5309,90,15,20,10,-13.08396173697106,5
5310,38,10,2,6,-13.106587736027677,4
5311,38,12,71,9,-13.11375866950239,3
5312,70,10,83,6,-13.118339150755117,4
5313,77,15,53,10,-13.125923769197522,5
5314,37,28,95,21,-13.149042342745602,7
5315,88,17,102,13,-13.153141792955822,4
5316,35,12,97,9,-13.15953893586328,3
5317,87,14,79,11,-13.17533484699995,3
5318,28,13,41,9,-13.19117071449606,4
5319,54,18,36,12,-13.217744798273172,6
5320,54,26,48,18,-13.218100464174018,8
5321,46,16,50,10,-13.220197801431315,6
5322,60,13,108,9,-13.225499906177387,4
5323,17,11,102,8,-13.231752901126407,3
5324,41,16,8,12,-13.244566662838952,4
5325,88,36,95,25,-13.24512473637818,11
5326,96,39,11,27,-13.252582377716239,12
5327,11,23,95,17,-13.263288005084238,6
5328,5,31,102,21,-13.269431869962297,10
5329,99,12,7,8,-13.274517260788413,4
5330,106,19,64,13,-13.295192075566398,6
5331,112,12,100,8,-13.302851040311163,4
5332,3,11,15,7,-13.34908879632687,4
5333,83,18,16,13,-13.35123547721314,5
5334,32,11,55,7,-13.36363963009391,4
5335,35,12,104,8,-13.369677424437175,4
5336,62,18,74,13,-13.411803700884379,5
5337,53,15,75,10,-13.423496737137004,5
5338,32,12,25,7,-13.427877456338663,5
5339,35,15,36,11,-13.440272285829963,4
5340,55,17,102,12,-13.448934349992442,5
5341,90,10,93,7,-13.452391800759145,3
5342,39,14,108,9,-13.481039273987522,5
5343,70,10,34,7,-13.500624883981926,3
5344,1,10,78,7,-13.511302040012385,3
5345,66,11,7,7,-13.514093541012448,4
5346,38,15,104,10,-13.530669032796668,5
5347,103,11,74,8,-13.53565105452587,3
5348,10,10,37,6,-13.538762623915119,4
5349,60,26,27,20,-13.540065663312776,6
5350,104,18,64,13,-13.541290561517043,5
5351,86,23,26,17,-13.542004533589624,6
5352,46,12,93,9,-13.65474091099076,3
5353,86,16,92,11,-13.67676060817369,5
5354,44,14,104,10,-13.703910249073422,4
5355,31,25,63,18,-13.714594813504094,7
5356,33,14,63,10,-13.733555706081619,4
5357,112,11,97,9,-13.794615799527321,2
5358,52,19,86,14,-13.851910838120485,5
5359,83,13,11,10,-13.863860744018641,3
5360,13,23,30,15,-13.875626061777945,8
5361,50,19,53,13,-13.883151416746287,6
5362,54,16,2,12,-13.913344645570438,4
5363,69,19,75,14,-13.94230448490658,5
5364,71,24,40,17,-13.948125771645659,7
5365,39,25,15,19,-14.010931018079326,6
5366,77,29,40,21,-14.048771071022598,8
5367,81,23,51,15,-14.181392483122476,8
5368,54,18,71,12,-14.18324547541803,6
5369,80,11,41,8,-14.186716292232557,3
5370,66,11,63,8,-14.209916362631542,3
5371,60,28,91,19,-14.21948701708733,9
5372,77,15,30,11,-14.240898393688356,4
5373,94,21,16,15,-14.265495530226403,6
5374,60,21,74,14,-14.268042080973927,7
5375,11,11,30,8,-14.299516136130784,3
5376,37,12,34,9,-14.300571264435137,3
5377,102,11,46,8,-14.307494713152051,3
5378,50,18,80,14,-14.309192739594003,4
5379,77,27,7,19,-14.33556677589385,8
5380,51,22,77,15,-14.341625905559265,7
5381,83,10,40,8,-14.347262135245904,2
5382,112,16,60,12,-14.375050795639751,4
5383,14,11,80,7,-14.435345395194508,4
5384,5,12,44,9,-14.447481002517355,3
5385,2,10,73,7,-14.457830254043136,3
5386,25,12,34,9,-14.468789684868275,3
5387,51,18,45,13,-14.493324057948728,5
5388,2,12,13,8,-14.516038794033763,4
5389,37,12,73,8,-14.533349572792924,4
5390,99,12,50,8,-14.581629542155014,4
5391,12,12,27,9,-14.58894097244964,3
5392,97,11,14,9,-14.634263785488013,2
5393,8,14,78,11,-14.668119505967436,3
5394,112,18,28,13,-14.687264657306782,5
5395,83,19,114,14,-14.71253096490687,5
5396,102,10,90,6,-14.739148726840858,4
5397,106,14,32,11,-14.741977351969277,3
5398,109,26,114,20,-14.744077219906973,6
5399,2,10,57,7,-14.75670329182861,3
5400,1,13,18,10,-14.814066225099426,3
5401,85,11,55,8,-14.836765173492132,3
5402,91,17,30,13,-14.854653528597783,4
5403,57,12,69,9,-14.86920981303713,3
5404,108,10,8,8,-14.88327570809189,2
5405,112,10,55,8,-14.907032679929216,2
5406,104,16,9,11,-14.915937256999365,5
5407,9,16,15,11,-14.917467574234253,5
5408,9,25,41,18,-14.929419745005406,7
5409,17,21,95,16,-14.970865650802967,5
5410,75,10,45,8,-15.003649946946844,2
5411,99,18,25,13,-15.014737107768294,5
5412,94,17,81,11,-15.053941840602283,6
5413,3,17,63,14,-15.071396371833842,3
5414,54,10,72,7,-15.080610884546303,3
5415,9,12,48,9,-15.097519161061683,3
5416,29,13,84,9,-15.120150931852738,4
5417,35,11,27,8,-15.129282720135883,3
5418,71,17,41,13,-15.162388636591329,4
5419,29,18,88,13,-15.20029012502142,5
5420,68,15,61,11,-15.24709195978541,4
5421,112,18,20,14,-15.347636279185814,4
5422,99,18,107,13,-15.347683777553833,5
5423,37,13,18,10,-15.368965567811568,3
5424,46,12,98,8,-15.381140721878973,4
5425,71,10,11,7,-15.386871545741162,3
5426,25,14,49,10,-15.43786379260084,4
5427,107,25,73,17,-15.460672720698524,8
5428,60,13,100,10,-15.468043250681323,3
5429,31,15,69,10,-15.502962092044207,5
5430,2,18,104,12,-15.50344370749933,6
5431,106,10,89,6,-15.508251121091035,4
5432,14,11,25,9,-15.536643242754739,2
5433,31,12,104,8,-15.561592201078605,4
5434,5,20,23,15,-15.563915929412014,5
5435,45,14,4,10,-15.600891470448104,4
5436,85,11,106,8,-15.605731963514037,3
5437,97,13,90,9,-15.62188808576594,4
5438,84,10,41,7,-15.634693784013416,3
5439,88,16,80,11,-15.676196886577952,5
5440,51,12,34,9,-15.6894891289244,3
5441,1,13,8,10,-15.702434313684371,3
5442,80,13,75,10,-15.71805205236554,3
5443,35,12,80,9,-15.72406211872363,3
5444,77,14,37,10,-15.73169378416834,4
5445,96,16,93,12,-15.73319462766121,4
5446,57,20,7,13,-15.746440629237659,7
5447,35,10,75,8,-15.755761764469415,2
5448,81,16,87,10,-15.759058609918435,6
5449,37,10,15,8,-15.78269510258246,2
5450,12,12,75,8,-15.785867542761379,4
5451,77,16,8,12,-15.792942369486319,4
5452,70,10,48,7,-15.796496446665468,3
5453,31,45,16,33,-15.837412153743443,12
5454,39,18,99,14,-15.84878961626863,4
5455,12,15,41,11,-15.852631956602023,4
5456,91,11,76,9,-15.872477419459234,2
5457,8,18,34,13,-15.876296726362224,5
5458,9,30,53,22,-15.894615033798411,8
5459,70,13,80,11,-15.90133341789594,2
5460,13,16,80,11,-15.961423770269093,5
5461,63,13,14,9,-15.961958621197994,4
5462,31,16,98,11,-16.004000710168857,5
5463,20,11,60,8,-16.019139431337027,3
5464,5,18,41,12,-16.050377082501456,6
5465,83,12,23,9,-16.123810814063006,3
5466,58,18,65,13,-16.230092308358206,5
5467,69,21,53,15,-16.247322250303586,6
5468,91,13,43,10,-16.255864059996068,3
5469,7,16,61,11,-16.426968020447948,5
5470,25,25,11,20,-16.429746187224737,5
5471,55,15,14,12,-16.464885141480416,3
5472,36,10,101,8,-16.627946704419497,2
5473,55,12,15,10,-16.63699492471769,2
5474,41,12,30,8,-16.67014747818193,4
5475,85,11,39,7,-16.691830444179978,4
5476,71,15,95,10,-16.72675418994599,5
5477,76,10,1,7,-16.815372977495876,3
5478,30,14,95,10,-16.836817117204564,4
5479,97,14,38,11,-16.838290194315167,3
5480,112,13,47,9,-16.872460541477547,4
5481,31,10,38,6,-16.97274158238424,4
5482,50,16,77,13,-16.97319460562341,3
5483,87,12,34,9,-16.98781036825935,3
5484,79,13,104,9,-17.056081750892357,4
5485,10,13,51,10,-17.100960272868033,3
5486,69,14,49,10,-17.144708838601282,4
5487,5,22,27,16,-17.186967099907662,6
5488,35,12,63,9,-17.190706154289504,3
5489,106,10,35,7,-17.319051156851785,3
5490,39,10,45,7,-17.32115834390289,3
5491,43,10,45,7,-17.339723268429022,3
5492,19,11,55,8,-17.435802328445057,3
5493,18,14,23,10,-17.468338798211544,4
5494,83,11,110,9,-17.575104905290946,2
5495,28,27,90,21,-17.5763540242808,6
5496,57,12,34,9,-17.642040510861822,3
5497,3,11,5,7,-17.694163901939547,4
5498,69,14,30,10,-17.76525861498344,4
5499,55,12,44,9,-17.771847163193563,3
5500,5,18,30,15,-17.81053305502534,3
5501,8,10,69,8,-17.824588271872045,2
5502,88,17,32,13,-17.824594134673823,4
5503,57,10,38,7,-17.846604787717634,3
5504,114,11,111,8,-17.846918134233796,3
5505,51,21,78,15,-17.855529352416692,6
5506,43,16,55,14,-17.88766939591472,2
5507,68,21,95,18,-17.962668451083434,3
5508,33,18,55,14,-17.969879843551904,4
5509,103,10,109,7,-18.37872283171988,3
5510,18,10,5,8,-18.464269170029826,2
5511,33,14,65,11,-18.512762180418843,3
5512,31,15,106,11,-18.52908676481624,4
5513,68,14,50,10,-18.562076689620618,4
5514,28,17,99,13,-18.754584808369174,4
5515,47,11,55,8,-18.857554518412744,3
5516,112,13,71,10,-18.866115742328503,3
5517,11,10,2,8,-18.92308479788875,2
5518,4,13,98,11,-18.936498509144613,2
5519,112,13,87,10,-18.936535119389838,3
5520,68,19,112,14,-18.94009636585638,5
5521,106,10,92,8,-19.041690772468705,2
5522,2,10,100,7,-19.143504228869272,3
5523,57,10,31,7,-19.217116599721326,3
5524,54,16,4,14,-19.244087603842104,2
5525,18,14,99,11,-19.290873438644514,3
5526,36,19,30,17,-19.30529767168729,2
5527,58,18,86,14,-19.310387562039804,4
5528,77,16,16,13,-19.494965112936953,3
5529,51,10,101,8,-19.538804927619935,2
5530,72,10,28,8,-19.667105139612282,2
5531,68,10,90,8,-19.75244962865367,2
5532,32,12,95,10,-19.760326388824467,2
5533,68,15,100,11,-19.919601065708385,4
5534,75,11,111,8,-20.026411874817093,3
5535,5,10,64,8,-20.37578731830582,2
5536,35,11,48,9,-20.438098241934796,2
5537,81,12,49,9,-20.5963472275708,3
5538,79,10,30,8,-20.824119521738712,2
5539,38,11,55,9,-20.87506721402826,2
5540,84,10,7,8,-21.17364400986741,2
5541,77,10,98,8,-21.266559747636286,2
5542,91,16,104,15,-21.31971827875211,1
5543,51,16,2,12,-21.322170492802826,4
5544,109,10,12,9,-21.32950515182345,1
5545,51,19,90,17,-21.393287092982963,2
5546,4,13,25,11,-21.42004260246313,2
5547,4,15,41,10,-21.480590173913868,5
5548,31,12,62,9,-21.790941067775986,3
5549,65,26,100,23,-21.913750072358347,3
5550,69,10,78,8,-22.058413120869442,2
5551,97,12,91,10,-22.175648770183788,2
5552,3,15,75,13,-22.902900400824407,2
5553,28,10,10,9,-23.03135332069283,1
5554,8,11,4,10,-23.17790508365148,1
5555,102,10,30,8,-23.768301124479738,2
5556,69,11,27,9,-23.965125451311458,2
5557,9,22,27,18,-24.023674987501078,4
5558,97,11,34,9,-24.058676404388496,2
5559,97,12,73,9,-24.10757303293757,3
5560,107,10,19,10,-24.226623453768692,0
5561,112,19,78,16,-24.293257718319964,3
5562,112,10,49,9,-24.460078908180627,1
5563,77,16,75,14,-26.22826719913648,2
5564,37,10,44,10,-28.25347707422472,0
5565,23,11,90,10,-28.300961743533676,1
