,againstHero,games,hero,losses,shift,wins
0,80,10,112,1,29.523617683422906,9
1,90,11,23,1,28.300961743533684,10
2,44,10,37,0,28.253477074224726,10
3,75,17,77,2,26.826580833678786,15
4,19,11,107,0,25.62700990509966,11
5,78,19,112,3,24.293257718319964,16
6,75,16,3,2,24.194103806582213,14
7,73,12,97,3,24.10757303293757,9
8,34,11,97,2,24.058676404388496,9
9,27,22,9,4,24.023674987501078,18
10,27,11,69,2,23.96512545131146,9
11,4,11,8,1,23.177905083651492,10
12,78,11,69,2,22.860180593261035,9
13,91,12,97,2,22.175648770183788,10
14,62,12,31,3,21.79094106777599,9
15,41,15,4,5,21.480590173913868,10
16,25,13,4,2,21.42004260246313,11
17,90,19,51,2,21.39328709298296,17
18,12,10,109,1,21.32950515182345,9
19,2,16,51,4,21.322170492802822,12
20,104,16,91,1,21.319718278752113,15
21,98,10,77,2,21.266559747636286,8
22,7,10,84,2,21.17364400986741,8
23,16,17,77,3,20.89936034383646,14
24,55,11,38,2,20.87506721402826,9
25,30,10,79,2,20.824119521738705,8
26,90,11,68,2,20.787956198015944,9
27,3,11,29,2,20.616564829174436,9
28,49,12,81,3,20.596347227570796,9
29,48,11,35,2,20.438098241934792,9
30,64,10,5,2,20.375787318305825,8
31,49,11,112,2,20.081273718937805,9
32,100,15,68,4,19.919601065708385,11
33,95,12,32,2,19.760326388824463,10
34,101,10,51,2,19.538804927619935,8
35,31,11,57,3,19.41352124883645,8
36,86,18,58,4,19.310387562039804,14
37,30,19,36,2,19.30529767168729,17
38,99,14,18,3,19.290873438644514,11
39,4,16,54,2,19.2440876038421,14
40,100,10,2,3,19.14350422886928,7
41,92,10,106,2,19.041690772468705,8
42,98,13,4,2,18.936498509144613,11
43,2,10,11,2,18.923084797888755,8
44,28,14,72,3,18.867516837427928,11
45,55,11,47,3,18.857554518412744,8
46,100,10,77,2,18.78580739314227,8
47,99,17,28,4,18.754584808369174,13
48,50,15,68,4,18.68712791744929,11
49,30,15,69,4,18.55019079306741,11
50,106,15,31,4,18.52908676481624,11
51,65,14,33,3,18.51276218041885,11
52,5,10,18,2,18.464269170029823,8
53,109,10,103,3,18.37872283171988,7
54,51,14,10,3,18.10396467420879,11
55,90,28,28,6,18.060877876686437,22
56,55,18,33,4,17.969879843551904,14
57,95,21,68,3,17.962668451083438,18
58,55,16,43,2,17.887669395914717,14
59,111,11,114,3,17.846918134233796,8
60,32,17,88,4,17.82459413467382,13
61,69,10,8,2,17.824588271872045,8
62,30,18,5,3,17.81053305502534,15
63,100,28,65,5,17.80898130408499,23
64,44,12,55,3,17.77184716319356,9
65,39,13,85,4,17.73138579710301,9
66,5,11,3,4,17.694163901939547,7
67,34,12,57,3,17.642040510861822,9
68,110,11,83,2,17.575104905290946,9
69,112,23,68,6,17.50484448792458,17
70,23,14,18,4,17.468338798211544,10
71,55,11,19,3,17.435802328445057,8
72,78,23,51,7,17.431646007174983,16
73,45,10,43,3,17.339723268429022,7
74,45,10,39,3,17.32115834390289,7
75,35,10,106,3,17.319051156851785,7
76,63,12,35,3,17.190706154289504,9
77,27,22,5,6,17.18696709990766,16
78,49,14,69,4,17.144708838601282,10
79,41,11,84,3,17.126277871141774,8
80,60,12,20,3,17.12579419517071,9
81,80,17,13,5,17.063751983939074,12
82,104,13,79,4,17.056081750892357,9
83,19,11,54,4,17.04448096462319,7
84,34,12,87,3,16.987810368259346,9
85,77,16,50,3,16.97319460562341,13
86,38,10,31,4,16.97274158238424,6
87,47,13,112,4,16.87246054147755,9
88,38,14,97,3,16.838290194315167,11
89,95,14,30,4,16.836817117204568,10
90,1,10,76,3,16.815372977495876,7
91,112,11,10,3,16.760907633708104,8
92,95,15,71,5,16.72675418994599,10
93,10,10,87,2,16.717426239102245,8
94,87,14,112,4,16.71110411971412,10
95,30,12,41,4,16.67014747818193,8
96,101,10,36,2,16.6279467044195,8
97,20,10,29,3,16.50938950913484,7
98,80,17,88,5,16.47753804603461,12
99,14,15,55,3,16.464885141480416,12
100,11,25,25,5,16.429746187224733,20
101,61,16,7,5,16.42696802044795,11
102,88,19,29,5,16.32863392758839,14
103,43,13,91,3,16.255864059996064,10
104,53,21,69,6,16.247322250303586,15
105,65,18,58,5,16.230092308358206,13
106,30,12,11,3,16.16112498926937,9
107,23,12,83,3,16.123810814063006,9
108,41,18,5,6,16.05037708250146,12
109,14,13,63,4,15.961958621197992,9
110,41,26,9,7,15.923207095513272,19
111,80,13,70,2,15.901333417895936,11
112,53,30,9,8,15.894615033798411,22
113,34,18,8,5,15.876296726362224,13
114,76,11,91,2,15.872477419459232,9
115,41,15,12,4,15.852631956602023,11
116,99,18,39,4,15.84878961626863,14
117,60,10,2,3,15.842056772053983,7
118,16,45,31,12,15.837412153743443,33
119,87,12,35,4,15.830624546248833,8
120,48,10,70,3,15.796496446665468,7
121,8,16,77,4,15.792942369486319,12
122,75,12,12,4,15.785867542761377,8
123,15,10,37,2,15.78269510258246,8
124,75,10,35,2,15.755761764469415,8
125,7,20,57,7,15.746440629237663,13
126,93,16,96,4,15.733194627661211,12
127,37,14,77,4,15.73169378416834,10
128,16,23,94,6,15.724833818203335,17
129,80,12,35,3,15.72406211872363,9
130,75,13,80,3,15.718052052365534,10
131,8,13,1,3,15.702434313684373,10
132,34,12,51,3,15.6894891289244,9
133,30,10,94,3,15.665277818052123,7
134,87,10,38,3,15.648595936017909,7
135,90,13,97,4,15.621888085765939,9
136,106,11,85,3,15.60573196351404,8
137,4,14,45,4,15.600891470448106,10
138,23,20,5,5,15.563915929412016,15
139,104,12,31,4,15.561592201078605,8
140,25,11,14,2,15.536643242754739,9
141,89,10,106,4,15.508251121091039,6
142,104,18,2,6,15.503443707499333,12
143,69,15,31,5,15.502962092044205,10
144,100,13,60,3,15.468043250681323,10
145,73,25,107,8,15.460672720698525,17
146,49,14,25,4,15.43786379260084,10
147,11,10,71,3,15.386871545741162,7
148,98,12,46,4,15.381140721878971,8
149,18,13,37,3,15.368965567811566,10
150,107,18,99,5,15.347683777553831,13
151,20,18,112,4,15.347636279185814,14
152,60,17,112,4,15.25292996044572,13
153,61,15,68,4,15.24709195978541,11
154,30,13,43,3,15.232406371172788,10
155,41,17,71,4,15.16238863659133,13
156,48,12,9,3,15.097519161061681,9
157,63,17,3,3,15.071396371833838,14
158,81,17,94,6,15.053941840602283,11
159,25,18,99,5,15.014737107768298,13
160,45,10,75,2,15.003649946946844,8
161,38,11,57,4,15.001479354971178,7
162,95,21,17,5,14.970865650802967,16
163,9,16,104,5,14.915937256999364,11
164,55,10,112,2,14.907032679929213,8
165,8,10,108,2,14.883275708091887,8
166,81,10,69,3,14.871338414567187,7
167,69,12,57,3,14.86920981303713,9
168,30,17,91,4,14.854653528597783,13
169,55,11,85,3,14.836765173492136,8
170,18,13,1,3,14.814066225099424,10
171,57,10,2,3,14.75670329182861,7
172,114,26,109,6,14.744077219906968,20
173,32,14,106,3,14.741977351969275,11
174,100,10,31,3,14.730848989291463,7
175,114,19,83,5,14.712530964906872,14
176,69,13,18,4,14.69589661715718,9
177,28,18,112,5,14.687264657306779,13
178,78,14,8,3,14.668119505967436,11
179,14,11,97,2,14.634263785488013,9
180,30,10,102,3,14.616177341977675,7
181,79,15,87,3,14.594363104783758,12
182,27,12,12,3,14.588940972449642,9
183,50,12,99,4,14.581629542155014,8
184,73,12,37,4,14.533349572792922,8
185,13,12,2,4,14.516038794033767,8
186,45,18,51,5,14.493324057948724,13
187,34,12,25,3,14.468789684868277,9
188,73,10,2,3,14.457830254043136,7
189,44,12,5,3,14.447481002517355,9
190,80,11,14,4,14.435345395194508,7
191,40,10,83,2,14.347262135245902,8
192,7,27,77,8,14.33556677589385,19
193,80,18,50,4,14.309192739594003,14
194,46,11,102,3,14.30749471315205,8
195,34,12,37,3,14.30057126443514,9
196,74,21,60,7,14.268042080973931,14
197,30,15,77,4,14.240898393688356,11
198,91,28,60,9,14.219487017087326,19
199,63,11,66,3,14.209916362631539,8
200,41,11,80,3,14.18671629223256,8
201,51,23,81,8,14.18139248312247,15
202,40,29,77,8,14.048771071022596,21
203,65,14,57,4,14.034059539251718,10
204,111,12,75,4,13.972281809419963,8
205,40,24,71,7,13.948125771645659,17
206,75,19,69,5,13.942304484906579,14
207,100,10,40,3,13.927928921941099,7
208,54,17,76,5,13.892444764564262,12
209,53,19,50,6,13.883151416746285,13
210,30,23,13,8,13.875626061777945,15
211,11,13,83,3,13.863860744018647,10
212,86,19,52,5,13.851910838120485,14
213,71,14,112,4,13.807689689966653,10
214,98,17,31,6,13.805084918983171,11
215,97,11,112,2,13.794615799527321,9
216,10,13,28,3,13.736666069876708,10
217,63,14,33,4,13.733555706081617,10
218,63,25,31,7,13.714594813504092,18
219,104,14,44,4,13.703910249073422,10
220,92,16,86,5,13.67676060817369,11
221,93,12,46,3,13.65474091099076,9
222,75,34,54,11,13.622914667233593,23
223,26,23,86,6,13.54200453358962,17
224,64,18,104,5,13.54129056151704,13
225,27,26,60,6,13.540065663312776,20
226,104,20,71,7,13.539738470235218,13
227,37,10,10,4,13.538762623915124,6
228,74,11,103,3,13.53565105452587,8
229,104,15,38,5,13.530669032796665,10
230,7,11,66,4,13.514093541012448,7
231,78,10,1,3,13.511302040012387,7
232,34,10,70,3,13.500624883981928,7
233,108,14,39,5,13.481039273987522,9
234,93,10,90,3,13.452391800759148,7
235,102,17,55,5,13.448934349992445,12
236,36,15,35,4,13.440272285829963,11
237,25,12,32,5,13.427877456338663,7
238,75,15,53,5,13.423496737137006,10
239,74,18,62,5,13.411803700884374,13
240,86,16,103,5,13.404186851009108,11
241,104,12,35,4,13.369677424437178,8
242,55,11,32,4,13.36363963009391,7
243,16,18,83,5,13.351235477213141,13
244,80,35,63,10,13.339218001724294,25
245,87,28,114,10,13.329695440899371,18
246,18,12,46,3,13.322032493347338,9
247,47,16,18,4,13.317575135316673,12
248,50,17,46,6,13.310329365776974,11
249,64,19,106,6,13.295192075566398,13
250,7,12,99,4,13.274517260788409,8
251,102,31,5,10,13.269431869962297,21
252,95,23,11,6,13.26328800508424,17
253,58,17,69,6,13.25426189611172,11
254,11,39,96,12,13.25258237771624,27
255,95,36,88,11,13.24512473637818,25
256,8,16,41,4,13.244566662838952,12
257,102,11,17,3,13.231752901126407,8
258,36,18,54,6,13.217744798273172,12
259,41,13,28,4,13.19117071449606,9
260,11,22,70,6,13.174919150937761,16
261,97,12,35,3,13.159538935863281,9
262,43,10,46,3,13.153505239922268,7
263,95,28,37,7,13.149042342745604,21
264,53,15,77,5,13.125923769197524,10
265,83,10,70,4,13.118339150755117,6
266,104,38,46,12,13.083570903140268,26
267,6,11,9,4,13.029614696230583,7
268,27,12,114,4,13.009570993376595,8
269,13,72,31,23,12.993302649386727,49
270,23,16,17,5,12.920452187354222,11
271,98,12,75,4,12.900340980932176,8
272,2,21,65,5,12.890027578518202,16
273,23,14,45,4,12.875487654765548,10
274,27,19,109,7,12.854514856980066,12
275,108,10,9,4,12.825707088631287,6
276,49,20,104,6,12.812277987885736,14
277,3,10,57,3,12.811476309279985,7
278,104,20,27,5,12.796343894614777,15
279,78,13,16,4,12.768292027137429,9
280,54,12,81,4,12.757047966098476,8
281,95,10,36,3,12.746346244298937,7
282,33,14,106,4,12.736963404825662,10
283,46,24,106,9,12.725492516069492,15
284,80,16,51,5,12.713909479894406,11
285,111,16,88,4,12.710530076381987,12
286,30,11,52,3,12.667026316194523,8
287,48,14,5,4,12.657719903594751,10
288,108,24,70,7,12.6471886080542,17
289,38,11,17,4,12.634911882425525,7
290,20,13,3,4,12.6087588757485,9
291,20,19,9,6,12.586361422949272,13
292,64,24,112,6,12.576658543796354,18
293,57,27,5,8,12.572003913811171,19
294,54,14,58,5,12.535089602873327,9
295,75,27,5,10,12.535083552437033,17
296,80,10,49,4,12.50914199523895,6
297,36,17,50,7,12.423703215189779,10
298,43,16,53,4,12.41343484704957,12
299,37,10,112,3,12.392005916673293,7
300,76,11,94,3,12.387810233208155,8
301,98,11,29,3,12.372640461667329,8
302,67,12,97,3,12.35346782744064,9
303,78,10,20,3,12.337947782230119,7
304,28,10,108,4,12.299856976610261,6
305,32,10,39,3,12.25900875776762,7
306,91,23,39,7,12.232573714352018,16
307,48,27,54,9,12.230401373927076,18
308,75,19,43,5,12.224767647713705,14
309,43,14,9,5,12.224469441855378,9
310,78,11,106,3,12.210243252742755,8
311,7,18,76,7,12.19661731578168,11
312,109,17,39,4,12.189314131019263,13
313,77,23,51,8,12.161499329151763,15
314,2,22,70,8,12.153236389251056,14
315,92,12,63,5,12.136993324985582,7
316,15,13,55,3,12.101702748474299,10
317,34,14,20,4,12.080633416209027,10
318,34,21,28,6,12.064560123194633,15
319,1,18,63,7,12.054495717242014,11
320,98,28,96,9,12.0522531035848,19
321,1,12,104,4,12.020108292717422,8
322,50,11,72,3,11.966306538639385,8
323,104,17,84,6,11.954953482800976,11
324,27,12,35,4,11.953831865399296,8
325,53,10,54,3,11.951994898142782,7
326,95,27,18,9,11.951490678023532,18
327,62,18,63,6,11.898616241132697,12
328,90,18,104,6,11.89837391797068,12
329,78,10,47,4,11.843066191666676,6
330,74,34,28,11,11.834419909257846,23
331,74,10,64,4,11.828764368523546,6
332,83,10,17,4,11.812775268760372,6
333,53,10,91,3,11.811611902058761,7
334,8,21,40,6,11.791921402372775,15
335,44,10,54,3,11.791894285038754,7
336,91,12,65,4,11.784658313781675,8
337,55,37,1,11,11.76903355576794,26
338,16,11,67,3,11.761532223804268,8
339,15,17,51,6,11.740493233850566,11
340,15,12,53,4,11.70980845034874,8
341,7,20,19,5,11.707331952559509,15
342,91,13,96,4,11.692854193124042,9
343,30,30,39,10,11.676641348162722,20
344,98,26,87,8,11.644897694141665,18
345,55,11,103,3,11.639657223031874,8
346,11,26,84,8,11.59938792716206,18
347,15,21,18,6,11.590119158022436,15
348,90,15,39,5,11.57797650142359,10
349,33,15,50,5,11.568332857311571,10
350,36,16,104,6,11.564722196156039,10
351,111,10,71,3,11.563837134119533,7
352,74,15,76,6,11.544600382799558,9
353,69,10,91,4,11.501202941557144,6
354,53,19,17,6,11.472645683923517,13
355,47,14,81,4,11.445134927289029,10
356,86,19,72,6,11.423615729846855,13
357,114,39,106,13,11.417874917507987,26
358,29,10,95,3,11.401888238693152,7
359,76,23,35,8,11.396918545348738,15
360,4,11,38,3,11.395009854616484,8
361,87,18,81,8,11.3699132326782,10
362,85,10,13,3,11.334330359029437,7
363,64,12,20,3,11.33130846260478,9
364,47,23,60,7,11.313305625779169,16
365,63,46,28,14,11.30701920844641,32
366,80,10,79,4,11.30670069299901,6
367,30,15,70,6,11.30291408800561,9
368,7,25,96,7,11.300422106484014,18
369,80,10,5,3,11.295210617596885,7
370,2,14,55,5,11.276816159574059,9
371,75,52,7,17,11.274663385996204,35
372,65,23,29,9,11.272698873119092,14
373,90,12,48,4,11.252381363492233,8
374,87,29,70,11,11.250414739740135,18
375,107,16,83,5,11.249585120390279,11
376,40,13,81,4,11.249205674756393,9
377,95,28,51,8,11.244919045567018,20
378,75,17,109,5,11.242273446455997,12
379,46,20,96,8,11.223825219116966,12
380,73,13,51,4,11.219804453521853,9
381,98,18,106,6,11.217270403208776,12
382,100,12,46,4,11.210309669403356,8
383,89,11,1,4,11.209011069389932,7
384,114,45,65,16,11.207925536927627,29
385,6,12,61,4,11.200388242698187,8
386,91,10,109,3,11.192740070217315,7
387,58,15,13,4,11.187681570256991,11
388,43,16,4,6,11.162760468553993,10
389,100,20,87,8,11.113455718095162,12
390,74,13,32,4,11.101664191982366,9
391,58,16,68,5,11.098600977228575,11
392,78,13,80,4,11.097915766170063,9
393,75,13,29,5,11.096282078020437,8
394,12,18,107,5,11.095629908733306,13
395,17,12,78,4,11.090068157424293,8
396,62,11,57,3,11.089901365863183,8
397,99,11,11,4,11.04788337752713,7
398,32,12,114,4,11.045874107216177,8
399,98,11,88,3,11.027639102171307,8
400,45,12,68,4,11.024019728389067,8
401,53,41,88,13,11.023031682203495,28
402,41,14,92,5,11.016394202336144,9
403,98,10,68,3,11.014423279510455,7
404,15,13,71,4,11.00914391321026,9
405,56,13,107,5,11.000292497508868,8
406,50,37,88,13,10.986958086725295,24
407,9,15,47,5,10.968614103246173,10
408,89,10,13,4,10.939542022741618,6
409,27,14,64,4,10.925557497140753,10
410,78,10,31,4,10.912809716780329,6
411,73,17,5,6,10.907383059794872,11
412,102,10,35,4,10.903207987031468,6
413,63,41,88,12,10.89220871689106,29
414,111,21,41,8,10.875724405637953,13
415,71,16,77,5,10.872072685026803,11
416,37,46,54,15,10.870093974692763,31
417,27,30,65,10,10.85658782517334,20
418,15,28,39,8,10.848484454141273,20
419,109,34,8,13,10.819891467814772,21
420,106,17,81,7,10.816681182916202,10
421,104,27,77,9,10.795670361212093,18
422,55,25,91,7,10.791612827626562,18
423,47,11,15,4,10.775485769989336,7
424,59,11,7,3,10.771239818059199,8
425,27,27,31,11,10.758919665279384,16
426,23,20,39,7,10.742827162036496,13
427,37,15,60,6,10.721994289598655,9
428,54,11,111,3,10.714143810197228,8
429,43,13,36,5,10.713552025008548,8
430,16,30,69,10,10.70890502705705,20
431,51,25,74,7,10.704030149650722,18
432,40,23,17,7,10.673939896309559,16
433,5,25,98,9,10.66291868554062,16
434,30,20,64,7,10.642272986004784,13
435,51,19,110,6,10.641404239934534,13
436,98,18,71,6,10.627953776602759,12
437,16,12,101,4,10.622717697482882,8
438,13,68,88,23,10.62148609707147,45
439,70,21,57,9,10.620608742132898,12
440,7,31,91,9,10.609100286101588,22
441,75,15,38,4,10.597530026810052,11
442,69,18,28,7,10.575983527327304,11
443,95,15,9,6,10.569002592922953,9
444,71,19,54,7,10.563773271372229,12
445,86,16,56,5,10.543126647721753,11
446,71,19,97,6,10.5235339621969,13
447,27,27,36,10,10.523349599331352,17
448,89,14,37,6,10.519274673853001,8
449,57,10,43,2,10.510535240006794,8
450,114,12,12,5,10.50495457801322,7
451,50,37,20,12,10.501577095705528,25
452,63,18,69,5,10.495670691796661,13
453,75,14,102,4,10.47886729381523,10
454,75,35,8,11,10.477015226263449,24
455,23,12,77,4,10.472073733658851,8
456,6,10,31,4,10.459894630543896,6
457,100,14,112,5,10.456632827685274,9
458,49,10,62,3,10.4539945527009,7
459,60,27,69,11,10.453461646225001,16
460,34,11,60,3,10.444545857082172,8
461,44,16,39,6,10.434810009571377,10
462,53,20,108,8,10.431511884012187,12
463,95,19,114,7,10.422604339796184,12
464,110,11,7,5,10.422576579231729,6
465,100,23,54,8,10.42177381868298,15
466,28,10,12,3,10.401916137932792,7
467,100,10,57,4,10.386884791301807,6
468,106,16,93,6,10.37915501513517,10
469,49,21,60,7,10.36875684851125,14
470,80,32,107,10,10.362863354930886,22
471,3,11,18,3,10.36192093091692,8
472,104,13,81,6,10.361322759461329,7
473,94,10,7,3,10.355621654064773,7
474,37,13,1,5,10.342164269053148,8
475,7,14,81,6,10.32158298772756,8
476,57,18,63,7,10.314939985261887,11
477,107,29,31,13,10.30345756995746,16
478,15,13,3,5,10.297068162756684,8
479,38,12,54,4,10.280232127604943,8
480,71,10,84,3,10.279461085413814,7
481,34,12,104,4,10.27427919250402,8
482,15,19,9,8,10.263935810819845,11
483,85,15,50,5,10.26203922127155,10
484,77,12,99,3,10.252199704478638,9
485,67,16,106,6,10.252161434234207,10
486,54,16,43,6,10.23290427669035,10
487,30,17,31,7,10.214096274935343,10
488,25,24,68,8,10.211790433098953,16
489,11,36,37,12,10.20717474941383,24
490,48,24,96,8,10.200121519345739,16
491,98,15,2,6,10.198603389321667,9
492,71,13,33,4,10.195530501937561,9
493,97,41,37,14,10.190687502541845,27
494,89,13,104,5,10.17868688184359,8
495,64,24,9,7,10.178655144521006,17
496,58,13,39,4,10.147489402696785,9
497,96,11,23,4,10.143008283174426,7
498,53,37,31,14,10.136338371296793,23
499,92,10,109,3,10.132066653367776,7
500,46,14,70,5,10.128652016947743,9
501,8,20,15,8,10.121581558030638,12
502,8,10,35,3,10.118762046100299,7
503,50,20,102,8,10.118106239071224,12
504,53,36,36,11,10.114732824687987,25
505,39,28,43,11,10.108201581404133,17
506,65,36,93,14,10.107687501917344,22
507,18,24,8,7,10.103008591242306,17
508,89,11,74,4,10.093150392265771,7
509,79,12,106,4,10.079963228120917,8
510,13,23,83,8,10.067954696106945,15
511,110,10,28,4,10.06674072061994,6
512,91,11,71,4,10.058832289642849,7
513,44,10,38,3,10.048373138060269,7
514,70,12,29,5,10.037060199943541,7
515,110,13,107,4,10.03472132274693,9
516,11,14,18,5,10.031989827572826,9
517,16,43,18,14,10.022908903594146,29
518,60,15,29,6,10.014518053593553,9
519,75,12,57,4,10.001839571130395,8
520,95,25,65,9,9.987438820754939,16
521,34,11,48,4,9.987399142382838,7
522,107,13,10,5,9.987353405179212,8
523,87,13,52,5,9.984852518055051,8
524,73,18,88,6,9.974203425238965,12
525,95,10,2,3,9.920312629990502,7
526,46,10,29,5,9.908374858149834,5
527,25,14,3,5,9.907996037168818,9
528,91,20,20,8,9.89818094044061,12
529,27,13,30,5,9.89635566134904,8
530,87,32,9,13,9.890957993800642,19
531,18,39,39,13,9.885046818102031,26
532,2,17,54,5,9.883928701627934,12
533,17,15,71,6,9.874078720771614,9
534,63,34,91,11,9.863803572303501,23
535,76,12,18,4,9.847622493503502,8
536,30,16,63,6,9.842696842263113,10
537,86,26,79,9,9.841357831333449,17
538,53,10,98,4,9.839111782848335,6
539,54,13,57,3,9.824315369895016,10
540,104,25,75,9,9.822163907084754,16
541,48,27,107,10,9.812988008703408,17
542,102,17,51,6,9.81128950469166,11
543,62,10,93,4,9.798162399200404,6
544,37,24,83,9,9.783726366978417,15
545,100,12,62,5,9.768885934940618,7
546,89,13,16,5,9.733195931265595,8
547,16,16,32,6,9.72172092201369,10
548,43,19,31,10,9.720852773553682,9
549,102,33,86,11,9.70383463978044,22
550,17,17,109,6,9.672922776879656,11
551,53,12,38,4,9.664145468055217,8
552,35,14,45,6,9.663816215290334,8
553,100,12,71,4,9.66068752031631,8
554,111,16,63,6,9.656549842780759,10
555,41,15,17,5,9.654478177971624,10
556,22,10,114,5,9.649313306364819,5
557,100,37,51,16,9.63867209278027,21
558,93,10,104,4,9.637966581885273,6
559,78,10,114,4,9.632244308821944,6
560,41,23,53,8,9.631953807885303,15
561,70,17,109,6,9.623350653501726,11
562,76,16,9,5,9.621504571842449,11
563,99,14,8,6,9.61106559286031,8
564,83,18,84,7,9.609473734372159,11
565,43,25,86,8,9.598085131900419,17
566,8,13,53,4,9.596286006275326,9
567,80,14,39,5,9.589468521855673,9
568,15,31,88,9,9.582914300229938,22
569,73,20,7,8,9.582485903794176,12
570,20,32,84,9,9.5796272692917,23
571,64,44,60,14,9.569439655645416,30
572,13,24,97,9,9.567486234498416,15
573,92,15,68,5,9.538113226799515,10
574,106,13,108,4,9.535201707134298,9
575,1,22,31,9,9.525804060927038,13
576,20,32,25,11,9.520523686179052,21
577,8,17,36,6,9.51236026695053,11
578,90,14,80,4,9.509239360264802,10
579,114,13,2,5,9.509158562417847,8
580,90,21,13,7,9.506733485788097,14
581,37,22,99,7,9.502759058160713,15
582,37,29,7,11,9.500511382222342,18
583,102,13,60,5,9.490462801517765,8
584,107,17,66,6,9.469730190602778,11
585,97,23,51,7,9.463450569827408,16
586,16,47,96,14,9.46295382882651,33
587,76,28,68,7,9.459920139276978,21
588,86,14,94,5,9.44487953345369,9
589,32,11,63,4,9.44232166344675,7
590,78,12,53,5,9.436495389192622,7
591,64,14,92,7,9.432471863302014,7
592,38,11,112,3,9.41394016209822,8
593,108,14,60,5,9.40273406812832,9
594,63,25,109,10,9.392892060380623,15
595,109,11,36,3,9.390936468630548,8
596,76,17,39,5,9.374915521858481,12
597,28,15,111,5,9.365771514395545,10
598,87,14,33,5,9.358610632806945,9
599,23,12,50,3,9.354699302165745,9
600,98,10,48,3,9.346073134818257,7
601,28,29,2,10,9.34282167881126,19
602,109,10,29,5,9.339951738191694,5
603,111,15,51,5,9.328246716797016,10
604,60,16,58,6,9.319426070200468,10
605,50,17,70,7,9.316243790355681,10
606,86,15,67,6,9.30654184494345,9
607,75,57,68,19,9.300627868865528,38
608,63,19,77,6,9.291814452323939,13
609,75,13,93,5,9.279825087560205,8
610,100,10,102,3,9.252164791252763,7
611,65,13,66,4,9.24629898792323,9
612,15,10,76,4,9.241288842836553,6
613,7,44,25,15,9.233724493378423,29
614,70,16,69,5,9.227346228401574,11
615,64,15,37,5,9.227089681457187,10
616,64,11,81,4,9.217681779438383,7
617,27,15,4,6,9.214915067697104,9
618,19,10,31,3,9.206206241182457,7
619,2,12,40,4,9.204153353273352,8
620,73,17,40,6,9.199997222971483,11
621,41,39,86,13,9.172157333193887,26
622,41,15,49,6,9.171912615870818,9
623,40,15,102,6,9.171373555966685,9
624,92,15,40,5,9.168940871834318,10
625,16,63,106,21,9.160803291418002,42
626,78,18,107,6,9.158524152991713,12
627,50,43,5,17,9.156049369840707,26
628,13,42,18,16,9.15021879704067,26
629,62,12,69,5,9.133574808880727,7
630,57,32,107,12,9.121513278200574,20
631,104,18,17,7,9.118260519592532,11
632,92,11,17,4,9.114563540800457,7
633,109,15,31,5,9.11388757240418,10
634,95,34,8,13,9.079209474058969,21
635,11,19,57,8,9.07906529920014,11
636,44,29,86,10,9.073857704921485,19
637,28,34,75,12,9.068390514566694,22
638,13,19,98,6,9.066193026352275,13
639,58,10,112,4,9.041979275484929,6
640,72,11,68,4,9.034468080260366,7
641,75,18,100,8,9.024866169547831,10
642,48,23,87,8,9.021568034700334,15
643,5,15,36,6,9.008614310253613,9
644,114,15,57,5,9.000054094310599,10
645,16,25,1,7,9.00003911994724,18
646,17,17,60,6,8.995312545980157,11
647,84,16,3,7,8.990478608347889,9
648,28,15,52,6,8.975367013246691,9
649,97,18,36,7,8.970668153566264,11
650,47,20,114,8,8.969382880850322,12
651,28,11,32,4,8.963821007682872,7
652,11,13,80,5,8.941133144462878,8
653,28,25,68,8,8.940487090707837,17
654,73,12,31,4,8.938919570135752,8
655,30,38,107,14,8.938338387407445,24
656,11,10,91,3,8.923724837318142,7
657,110,19,25,6,8.917701672558222,13
658,89,15,107,5,8.908975430626485,10
659,7,20,109,7,8.9080321410632,13
660,16,31,43,10,8.891179124299176,21
661,69,12,97,4,8.888377862411462,8
662,28,16,40,7,8.877350715587877,9
663,23,16,12,6,8.872217683410865,10
664,53,17,3,6,8.84518913908164,11
665,32,15,87,5,8.84415502943487,10
666,49,13,77,4,8.842593838828115,9
667,51,49,63,20,8.8268665471048,29
668,63,19,36,7,8.822881427312195,12
669,63,28,76,9,8.821395394022662,19
670,36,18,47,6,8.810892372607714,12
671,106,10,42,3,8.802546839644418,7
672,109,12,77,5,8.789144881364965,7
673,106,23,18,8,8.778191080978742,15
674,84,29,39,11,8.776044272286493,18
675,39,36,88,13,8.756638990991734,23
676,38,14,106,7,8.74501943352997,7
677,104,23,11,8,8.742484307216115,15
678,4,22,17,7,8.727735068009611,15
679,8,26,57,9,8.727187925997562,17
680,58,10,45,4,8.721721801464442,6
681,63,15,102,6,8.710165699989911,9
682,63,35,20,14,8.705248065274409,21
683,30,10,2,4,8.704387763563812,6
684,110,14,39,4,8.694421097429624,10
685,107,25,35,8,8.683347995006125,17
686,76,15,60,4,8.678706996102921,11
687,77,16,88,6,8.678317130754186,10
688,9,31,31,11,8.678153869820548,20
689,41,19,97,7,8.638943706099205,12
690,76,12,57,4,8.631010009083717,8
691,23,34,60,12,8.608807282411219,22
692,47,33,13,12,8.605595364799182,21
693,90,22,50,8,8.598522697494,14
694,40,15,49,6,8.588514005098899,9
695,95,23,55,8,8.575006509864881,15
696,78,19,7,8,8.565348954184037,11
697,78,11,36,4,8.552435160203329,7
698,114,13,62,5,8.54955618000272,8
699,12,13,106,4,8.530975907772834,9
700,86,28,48,10,8.527783865058886,18
701,30,15,84,5,8.524592987987479,10
702,62,23,88,9,8.512625127129992,14
703,91,10,45,4,8.504304930616431,6
704,20,20,41,8,8.499902151857665,12
705,64,28,40,10,8.496071624321134,18
706,75,16,1,5,8.487454866261048,11
707,74,14,77,5,8.485489523270209,9
708,95,14,96,5,8.45037398259218,9
709,8,32,114,11,8.446067232393613,21
710,52,12,20,4,8.437421503459811,8
711,96,24,70,11,8.437417991026262,13
712,55,20,114,7,8.432483182241098,13
713,73,19,90,7,8.424101991862472,12
714,48,21,79,8,8.423308200700252,13
715,19,14,13,5,8.420495547605444,9
716,64,20,8,7,8.418575329228204,13
717,68,24,91,10,8.412577437061728,14
718,109,14,67,7,8.410228891959628,7
719,67,10,104,4,8.393331116483226,6
720,45,21,107,8,8.374668953212842,13
721,11,11,9,4,8.359525570926444,7
722,57,10,109,4,8.357793842250308,6
723,7,22,5,8,8.357081514884824,14
724,41,32,31,12,8.353957395244583,20
725,39,20,112,8,8.345179878987272,12
726,69,20,68,8,8.344032655118443,12
727,76,39,51,13,8.339242903099507,26
728,102,17,88,5,8.307899790454732,12
729,53,29,30,11,8.306098230837586,18
730,63,12,85,5,8.296401774903982,7
731,80,19,37,7,8.285055505298251,12
732,90,31,106,10,8.283845461248372,21
733,41,18,91,6,8.276671952774393,12
734,47,20,68,7,8.270187874164998,13
735,75,12,76,5,8.269580351796622,7
736,50,34,55,14,8.268886532039616,20
737,37,12,14,5,8.266467835075433,7
738,39,24,38,9,8.25451704052885,15
739,94,10,2,4,8.235738884159371,6
740,69,21,106,8,8.230262561693124,13
741,102,10,39,4,8.224547128845817,6
742,41,28,104,12,8.222150207467429,16
743,86,26,1,10,8.213403239086288,16
744,40,24,3,8,8.21009163331203,16
745,87,24,93,9,8.20135369004028,15
746,11,24,109,8,8.196422948591085,16
747,74,25,39,10,8.195535087876927,15
748,104,35,60,10,8.183651908443375,25
749,50,18,30,7,8.173377893689405,11
750,68,11,33,4,8.166895131198165,7
751,50,28,71,11,8.165371088482388,17
752,86,38,76,14,8.159754461381874,24
753,107,12,61,5,8.157075963099336,7
754,16,65,63,25,8.14697641925856,40
755,4,10,112,4,8.145974306589784,6
756,26,10,107,4,8.136960920766814,6
757,100,19,88,7,8.116464062015535,12
758,45,31,7,12,8.099756768827417,19
759,30,16,46,6,8.09849810603762,10
760,64,32,51,12,8.098231531874424,20
761,20,17,68,7,8.089775153506439,10
762,60,30,50,13,8.087484578525554,17
763,49,13,27,5,8.087391629783898,8
764,7,15,10,6,8.086365440359023,9
765,18,26,9,9,8.08412594161126,17
766,8,61,5,24,8.080732178020162,37
767,110,16,97,6,8.077466293642946,10
768,16,18,14,7,8.06483217295593,11
769,53,13,46,5,8.064750592390656,8
770,51,15,91,5,8.060157448942936,10
771,9,11,12,4,8.058955245687951,7
772,86,87,51,36,8.04854278255993,51
773,37,16,27,6,8.030406858059436,10
774,108,26,13,9,8.028546837864388,17
775,75,41,50,14,8.02466935745211,27
776,35,11,9,5,8.012816785902409,6
777,48,12,25,5,8.01244102921806,7
778,102,19,96,7,7.9956311609664965,12
779,13,16,70,6,7.990308468406848,10
780,5,28,84,11,7.986435375626319,17
781,12,12,4,4,7.976222296376225,8
782,81,30,13,11,7.974436586188656,19
783,16,105,88,38,7.968958098120614,67
784,65,25,5,10,7.967561696591304,15
785,63,44,84,18,7.9567498808400074,26
786,89,12,53,5,7.9499730264780055,7
787,87,15,19,6,7.943589688548752,9
788,73,17,87,5,7.942207150258419,12
789,27,13,77,5,7.939137496569419,8
790,18,10,34,3,7.934073113605032,7
791,77,12,64,6,7.9282827223690555,6
792,33,16,20,6,7.928062438364485,10
793,54,22,18,9,7.917650548154775,13
794,88,10,82,4,7.912578083642496,6
795,57,20,102,8,7.906650367160248,12
796,71,13,38,4,7.906029048659733,9
797,76,11,108,4,7.890267325318871,7
798,86,29,112,11,7.888230292460954,18
799,60,24,81,9,7.879588509675568,15
800,55,17,23,8,7.871570609888838,9
801,114,25,90,10,7.8701656835045455,15
802,44,12,35,5,7.859665557157517,7
803,106,26,91,9,7.859341034872018,17
804,53,19,109,7,7.841205358929896,12
805,7,11,2,4,7.836909370766421,7
806,63,57,54,21,7.834983225160246,36
807,8,17,98,6,7.8322640771965775,11
808,25,46,46,19,7.8204011950255445,27
809,87,36,40,15,7.816149468605837,21
810,75,21,49,8,7.802050873504809,13
811,114,12,110,4,7.80031681097971,8
812,50,15,48,5,7.798532000224024,10
813,68,28,18,11,7.775566947501909,17
814,92,14,114,4,7.774797164908212,10
815,41,15,81,5,7.770221546669875,10
816,10,14,86,6,7.764445720347282,8
817,50,22,18,9,7.758401768064157,13
818,53,11,73,4,7.756297558195456,7
819,37,49,25,20,7.755599308877524,29
820,73,13,54,5,7.746921178252216,8
821,81,17,16,6,7.744341233366221,11
822,44,11,84,5,7.741464370739849,6
823,63,10,52,4,7.736846011905835,6
824,68,44,87,17,7.713445601645926,27
825,46,13,64,5,7.701785189637151,8
826,41,15,77,5,7.700447698799743,10
827,64,11,11,3,7.699861982788657,8
828,39,35,20,15,7.691469595920374,20
829,111,25,7,10,7.69032342577198,15
830,5,32,11,12,7.687442157533876,20
831,37,29,38,11,7.668156637885108,18
832,37,24,96,10,7.665844925696509,14
833,13,13,76,5,7.663087166722208,8
834,33,13,31,6,7.647223417443057,7
835,70,11,60,4,7.6464357490262,7
836,16,35,9,12,7.644783932906991,23
837,108,20,88,7,7.642505031143237,13
838,97,29,5,10,7.639418302115124,19
839,107,33,43,12,7.633857276455771,21
840,96,22,80,8,7.6325568595370585,14
841,23,13,91,6,7.630492751883036,7
842,18,20,36,8,7.5949028785012285,12
843,20,15,90,6,7.5926874674698235,9
844,58,18,88,7,7.5880987725104365,11
845,72,10,36,4,7.585561627806539,6
846,28,31,114,13,7.584853881328923,18
847,46,12,77,5,7.574271980014295,7
848,16,40,46,15,7.572419663088398,25
849,34,14,5,4,7.5706698448560905,10
850,3,14,43,5,7.55517181775504,9
851,16,76,39,30,7.545927517413184,46
852,51,20,33,6,7.54115209621082,14
853,6,11,55,3,7.526848268362216,8
854,55,18,77,7,7.520653437888106,11
855,16,25,76,12,7.512035601002999,13
856,53,19,12,8,7.511441486905761,11
857,65,11,52,3,7.51122589655402,8
858,15,13,50,5,7.509982415529958,8
859,112,11,29,5,7.497136143029943,6
860,54,30,60,11,7.494934117874263,19
861,41,11,96,3,7.480521636982391,8
862,48,10,89,3,7.476757612743907,7
863,70,14,36,6,7.476080415111229,8
864,108,15,63,6,7.475559971035058,9
865,64,37,31,14,7.4738922265185375,23
866,112,16,84,6,7.464568116980383,10
867,45,12,53,5,7.463487107897495,7
868,40,64,68,23,7.460123554388273,41
869,37,21,110,9,7.457046552670356,12
870,86,53,97,21,7.453774682156136,32
871,46,30,75,12,7.449361290092638,18
872,70,13,71,6,7.447387393345601,7
873,8,28,84,10,7.447150756775401,18
874,64,17,43,7,7.43896725456377,10
875,16,31,100,11,7.43619268884141,20
876,7,49,87,18,7.4314438134316605,31
877,54,44,109,16,7.42149631612999,28
878,8,19,91,7,7.416456742894205,12
879,36,34,41,16,7.412500474371832,18
880,37,41,46,14,7.398384968299374,27
881,1,10,5,4,7.391988711274886,6
882,75,50,16,20,7.38842567902132,30
883,73,10,71,4,7.37323406519455,6
884,34,15,74,5,7.367415754617591,10
885,25,16,33,5,7.36592627296452,11
886,77,10,114,4,7.3654772203978025,6
887,53,18,61,6,7.3640960284192225,12
888,49,13,23,5,7.360298065336568,8
889,73,25,8,10,7.35879002547718,15
890,51,12,38,4,7.343541893344224,8
891,28,15,94,5,7.340247323495024,10
892,29,12,54,5,7.335670707790366,7
893,75,16,2,7,7.332326563651873,9
894,97,26,68,10,7.3316577092188355,16
895,2,32,107,12,7.32884412298255,20
896,58,25,107,9,7.327155673902655,16
897,70,42,5,17,7.323141246130927,25
898,1,23,65,10,7.319832649719675,13
899,109,26,55,12,7.3182997081126135,14
900,39,24,106,10,7.31226919998241,14
901,16,41,91,14,7.309347152714904,27
902,17,17,9,7,7.295940921809664,10
903,47,11,61,4,7.295405799949466,7
904,51,55,65,20,7.289610971438151,35
905,43,31,40,13,7.2876910701836355,18
906,44,19,13,7,7.286242475868136,12
907,97,16,29,6,7.284915525257299,10
908,114,42,13,19,7.284350704257176,23
909,91,16,54,7,7.27744302438935,9
910,55,20,68,7,7.273979151335479,13
911,106,13,57,6,7.272492874678534,7
912,62,10,96,3,7.268496266352443,7
913,110,16,70,6,7.267896542251015,10
914,20,17,98,6,7.267496359610282,11
915,75,19,81,7,7.259552889264539,12
916,29,10,93,4,7.254266289134745,6
917,98,12,93,5,7.2513528092711335,7
918,46,13,90,5,7.250761878801304,8
919,49,11,15,4,7.248095103585942,7
920,31,14,5,5,7.246607645789562,9
921,54,32,40,13,7.243609732204195,19
922,20,10,75,4,7.241047227766171,6
923,114,27,40,9,7.240772461331043,18
924,114,14,81,6,7.238705590547007,8
925,13,60,106,23,7.22482230869508,37
926,35,20,40,7,7.2238461178978355,13
927,41,12,3,3,7.218526234783575,9
928,48,12,51,6,7.20224130205775,6
929,27,20,63,9,7.19472225275396,11
930,36,16,112,6,7.175574629533441,10
931,13,29,69,11,7.1646814900445905,18
932,5,17,60,6,7.144002600647477,11
933,40,50,55,19,7.142420946012768,31
934,87,27,91,10,7.142016410462965,17
935,75,57,107,18,7.131800392099847,39
936,63,32,48,12,7.1299692009467925,20
937,88,11,67,3,7.127393540580368,8
938,88,23,3,9,7.12663205785296,14
939,67,12,107,4,7.124134838046416,8
940,11,10,10,4,7.092215172488676,6
941,68,16,19,7,7.090473719692582,9
942,28,20,62,8,7.086204539456473,12
943,43,15,71,7,7.085526814616307,8
944,28,35,70,14,7.078735797739843,21
945,65,59,88,21,7.078066845947458,38
946,107,19,102,8,7.0774996579991125,11
947,102,14,98,6,7.075813129571894,8
948,50,14,49,6,7.064134383315743,8
949,100,21,25,9,7.062312436550092,12
950,99,18,36,6,7.061516094995872,12
951,30,39,65,15,7.0585708403802245,24
952,65,16,73,6,7.056062739811479,10
953,41,15,112,6,7.039515078376401,9
954,62,15,51,6,7.028758985101916,9
955,100,16,18,7,7.026565168419708,9
956,95,15,40,6,7.026458120737083,9
957,87,27,53,12,7.022639512769477,15
958,91,30,98,12,7.005781194364029,18
959,45,14,86,6,7.001591160951405,8
960,80,13,48,4,6.99747900943173,9
961,57,22,39,9,6.994065127671541,13
962,13,14,29,6,6.9936289172651716,8
963,62,15,5,6,6.992708759597391,9
964,114,19,1,7,6.990089974683044,12
965,111,23,13,10,6.988942249892523,13
966,17,20,55,9,6.987444025974705,11
967,46,23,39,11,6.9816941894182785,12
968,8,17,33,6,6.975602243001775,11
969,18,23,97,9,6.965163575719862,14
970,16,34,36,13,6.9623095532486845,21
971,32,18,104,6,6.95922508638955,12
972,2,11,38,5,6.952650087165873,6
973,100,18,43,8,6.945332357815133,10
974,99,12,88,5,6.93913123202866,7
975,75,19,30,8,6.923427737676235,11
976,15,18,104,7,6.920093805338113,11
977,93,25,54,9,6.919601882693421,16
978,104,36,55,14,6.909075624793388,22
979,49,10,53,4,6.907813000954768,6
980,76,16,88,7,6.891817282335726,9
981,90,22,65,10,6.887045978873851,12
982,114,47,5,19,6.885144276646171,28
983,106,15,99,5,6.882359612487447,10
984,12,16,68,6,6.869818370181398,10
985,60,43,4,19,6.864343045215706,24
986,75,17,11,7,6.860129083231025,10
987,114,19,96,7,6.8573207383282995,12
988,13,29,95,12,6.852052215706936,17
989,7,99,51,37,6.849475435937799,62
990,86,80,96,31,6.839782165020975,49
991,78,14,96,5,6.830515928543477,9
992,95,25,106,9,6.830338155584792,16
993,7,20,46,7,6.829366067671735,13
994,89,10,68,4,6.826893879643049,6
995,86,28,78,11,6.822056261466188,17
996,68,69,31,28,6.821634358561019,41
997,30,22,104,10,6.820606807560422,12
998,56,13,4,6,6.816273515879696,7
999,25,14,9,5,6.810304163725227,9
1000,51,20,96,8,6.809158319794973,12
1001,100,16,114,6,6.806713890734189,10
1002,60,18,45,8,6.8022482279138705,10
1003,49,10,71,4,6.800377692667283,6
1004,55,10,31,4,6.798197972656263,6
1005,1,16,87,7,6.782771040032774,9
1006,39,81,51,33,6.781026894224875,48
1007,6,14,27,6,6.780540737481572,8
1008,81,10,108,4,6.778588424753946,6
1009,38,11,19,3,6.772394939740198,8
1010,33,23,107,10,6.763493299081546,13
1011,13,43,23,19,6.759962036733638,24
1012,53,13,90,5,6.752088210585151,8
1013,30,19,18,8,6.749976540021853,11
1014,94,10,71,4,6.748460655059317,6
1015,100,18,63,8,6.742683547587139,10
1016,40,14,78,4,6.732885786530082,10
1017,74,38,96,14,6.731828732252355,24
1018,14,13,95,5,6.731405281187272,8
1019,85,16,84,5,6.72402437717923,11
1020,27,11,98,5,6.722224921815259,6
1021,100,11,95,5,6.722166987268522,6
1022,65,10,32,4,6.718474357729474,6
1023,28,35,97,13,6.716635909782017,22
1024,107,25,109,9,6.707778229737099,16
1025,60,21,12,11,6.704537300087493,10
1026,83,15,74,7,6.703298030488857,8
1027,28,24,71,9,6.697570308642473,15
1028,15,12,91,6,6.697476716978323,6
1029,111,11,106,3,6.697425895741327,8
1030,7,18,62,7,6.690218008322475,11
1031,15,10,30,4,6.684640344838423,6
1032,107,20,47,8,6.679988416533418,12
1033,27,36,88,16,6.672694825026893,20
1034,14,13,13,4,6.663851771345142,9
1035,83,11,71,5,6.656205380333864,6
1036,54,74,88,30,6.654867228993362,44
1037,12,13,87,5,6.654704325795005,8
1038,71,19,37,8,6.653996053488669,11
1039,76,15,114,5,6.6539119931134865,10
1040,32,26,5,10,6.647447060451906,16
1041,4,30,65,12,6.6356003955737535,18
1042,39,22,37,9,6.632156694863052,13
1043,25,48,5,19,6.626414170343125,29
1044,74,14,9,5,6.620459467868885,9
1045,85,10,75,3,6.61929344121288,7
1046,71,18,81,7,6.61709770119633,11
1047,55,21,64,7,6.604925944972094,14
1048,34,16,30,6,6.601140375094157,10
1049,65,28,96,12,6.593487230396348,16
1050,16,49,68,18,6.592720635029753,31
1051,13,40,43,18,6.584602401444723,22
1052,53,26,114,11,6.571088082289226,15
1053,104,37,25,16,6.567754121461538,21
1054,16,66,55,24,6.56292048935515,42
1055,107,44,53,17,6.556157644451656,27
1056,72,11,51,5,6.553708462421182,6
1057,16,29,27,11,6.548968077490892,18
1058,77,21,18,7,6.545250800191177,14
1059,49,10,55,4,6.541972088163769,6
1060,86,29,81,9,6.532482502137965,20
1061,84,16,78,6,6.528996584417214,10
1062,35,15,28,7,6.525585250622975,8
1063,16,21,108,8,6.502477858846357,13
1064,90,10,102,5,6.502237322589002,5
1065,13,27,3,9,6.4968837891721805,18
1066,1,20,54,8,6.493394551110143,12
1067,48,10,104,4,6.493358473776671,6
1068,68,16,94,7,6.4856507943578245,9
1069,70,20,9,7,6.477071321597407,13
1070,90,25,87,10,6.4548524533916245,15
1071,86,54,39,23,6.454361372746669,31
1072,27,30,86,11,6.453315924089684,19
1073,6,10,28,4,6.452419128804086,6
1074,69,31,86,13,6.447204277363735,18
1075,4,20,87,7,6.445923142452618,13
1076,84,18,29,8,6.444526066469944,10
1077,41,20,109,7,6.432688342356182,13
1078,100,22,39,9,6.432511887302126,13
1079,40,16,33,5,6.427211772717694,11
1080,107,19,77,8,6.416947048354687,11
1081,106,13,77,6,6.407119934187455,7
1082,20,30,51,14,6.390780350627106,16
1083,7,21,56,9,6.361794853449644,12
1084,28,12,44,6,6.357970575228094,6
1085,92,13,27,6,6.356396578041118,7
1086,51,15,112,6,6.350376289921739,9
1087,15,16,87,7,6.3463488110906745,9
1088,86,29,83,10,6.342700324127683,19
1089,107,23,69,9,6.341765510677753,14
1090,62,22,40,11,6.34058891485694,11
1091,40,40,104,15,6.335056823615204,25
1092,81,10,111,3,6.333917467029674,7
1093,13,18,94,7,6.333471224988879,11
1094,54,14,112,5,6.3267118256224935,9
1095,80,12,60,5,6.326591453694461,7
1096,29,13,55,5,6.301089833667023,8
1097,39,16,83,6,6.297771796270439,10
1098,23,17,114,6,6.291790840234864,11
1099,70,16,64,5,6.286009204558742,11
1100,16,12,92,3,6.284475222709882,9
1101,41,11,102,4,6.282861273718874,7
1102,87,28,41,11,6.282239020662331,17
1103,86,21,4,8,6.2794844995496994,13
1104,104,12,69,4,6.27892885653445,8
1105,30,28,54,11,6.2765304609168515,17
1106,20,45,5,17,6.270373633442785,28
1107,69,11,96,4,6.268969865653719,7
1108,15,12,95,5,6.265255655621163,7
1109,92,22,39,10,6.263991845659126,12
1110,108,18,87,7,6.262008842945723,11
1111,110,17,16,7,6.257086999581947,10
1112,43,17,5,7,6.250727481432205,10
1113,54,15,62,6,6.240490314200175,9
1114,104,41,50,16,6.230364171354915,25
1115,13,17,6,7,6.226729543003945,10
1116,80,31,55,14,6.225846961531592,17
1117,38,21,65,10,6.225284615552252,11
1118,85,10,72,3,6.220112706759078,7
1119,35,15,84,6,6.209299301194261,9
1120,74,28,70,13,6.203999405338755,15
1121,63,28,2,12,6.200018491851485,16
1122,34,11,39,5,6.181745150214426,6
1123,55,14,35,6,6.181710197353361,8
1124,97,23,76,10,6.171425808149794,13
1125,65,45,20,17,6.171028105010781,28
1126,13,47,36,18,6.167141158071529,29
1127,63,10,89,3,6.159771716986653,7
1128,31,15,112,5,6.149641402394961,10
1129,40,48,39,19,6.1478732659202615,29
1130,78,16,63,8,6.142144937717797,8
1131,109,14,46,6,6.137839688733693,8
1132,23,10,48,4,6.136507124451633,6
1133,78,17,87,8,6.134748128994161,9
1134,31,13,80,4,6.13276887148396,9
1135,55,24,97,9,6.128965912516967,15
1136,25,35,88,12,6.123879676950231,23
1137,81,13,31,4,6.117159791325403,9
1138,39,18,29,8,6.11667916860653,10
1139,90,12,7,5,6.108519045195328,7
1140,30,44,16,18,6.0966445190687315,26
1141,98,39,86,17,6.096402500191193,22
1142,111,23,107,11,6.08814286411973,12
1143,79,10,108,3,6.083927302918588,7
1144,55,10,69,4,6.075582313218194,6
1145,74,14,48,7,6.068043245358376,7
1146,23,27,41,11,6.068042449918637,16
1147,23,18,28,8,6.06620277166243,10
1148,90,19,63,8,6.053395439788756,11
1149,63,24,18,9,6.046455003215173,15
1150,8,16,32,7,6.041444852098721,9
1151,7,24,98,9,6.0336860037819795,15
1152,75,31,31,14,6.033482134287373,17
1153,16,20,79,8,6.0309592755619885,12
1154,64,38,86,16,6.030765339147399,22
1155,64,30,65,13,6.029400567070289,17
1156,91,17,50,6,6.027790824025911,11
1157,95,20,46,8,6.027785407812038,12
1158,30,31,71,13,6.024215205048038,18
1159,85,11,7,4,6.023882130639264,7
1160,99,10,17,4,6.0116233289389776,6
1161,100,14,17,4,6.011059679512766,10
1162,37,19,100,7,6.000890669706824,12
1163,54,57,70,23,6.000249372764343,34
1164,114,25,31,11,5.991876520395493,14
1165,74,12,27,6,5.991317096712259,6
1166,64,20,18,8,5.974775055211904,12
1167,29,12,37,5,5.9745011617497505,7
1168,112,19,76,9,5.969192222728869,10
1169,97,18,40,7,5.966918416140386,11
1170,12,10,38,4,5.966686013029674,6
1171,68,52,53,21,5.964244334939563,31
1172,86,34,17,16,5.961143965020203,18
1173,97,12,10,6,5.950831581917705,6
1174,39,12,14,5,5.947548147792332,7
1175,33,15,7,7,5.9471342175078945,8
1176,41,15,43,6,5.943674988011269,9
1177,104,50,28,21,5.941710221571149,29
1178,16,40,71,15,5.938571238576761,25
1179,112,13,40,6,5.934161105944305,7
1180,37,45,63,18,5.933785173114154,27
1181,73,20,114,8,5.924435121305103,12
1182,93,10,63,4,5.9175632502755855,6
1183,41,15,45,5,5.9144627061547626,10
1184,39,55,68,24,5.907725939188766,31
1185,6,17,107,7,5.906261036560345,10
1186,46,12,1,6,5.891865749051654,6
1187,74,34,84,16,5.891399521581718,18
1188,109,19,34,8,5.8910600256239505,11
1189,46,12,36,5,5.882094180819339,7
1190,54,53,106,24,5.881114693459095,29
1191,62,17,9,7,5.86600144742425,10
1192,54,36,95,16,5.865979569344106,20
1193,34,17,7,7,5.863504951401833,10
1194,7,20,112,8,5.8633899504874805,12
1195,74,37,46,14,5.850135921281393,23
1196,58,13,87,5,5.8383296210552,8
1197,17,12,43,5,5.837167143714403,7
1198,40,16,5,7,5.820527251695649,9
1199,100,10,49,5,5.813425744151518,5
1200,80,28,106,11,5.812470547213421,17
1201,6,12,50,5,5.811269083562531,7
1202,79,13,20,5,5.810117746469002,8
1203,27,32,51,12,5.804553521558318,20
1204,7,45,64,20,5.801061458968774,25
1205,74,28,55,12,5.797157459674129,16
1206,98,26,63,11,5.795644107915217,15
1207,11,19,35,8,5.768399159544,11
1208,18,15,112,5,5.767208039651442,10
1209,64,30,71,11,5.764884814228726,19
1210,58,13,53,7,5.756559382638666,6
1211,23,13,47,5,5.755142063292807,8
1212,94,11,37,4,5.752143682001779,7
1213,36,12,77,5,5.751140829309578,7
1214,25,42,106,16,5.73768822242091,26
1215,13,48,25,22,5.729332953997915,26
1216,45,14,9,5,5.727853500458987,9
1217,25,26,51,11,5.72613511284895,15
1218,98,13,17,6,5.723425305113809,7
1219,6,10,12,5,5.722414314921584,5
1220,41,18,37,7,5.716493275276269,11
1221,23,10,102,4,5.7160538226538815,6
1222,74,22,109,8,5.703058853572775,14
1223,53,17,62,7,5.701449545318567,10
1224,70,10,32,5,5.692479372096213,5
1225,38,17,84,8,5.691352570903176,9
1226,23,10,43,4,5.689859175567734,6
1227,106,46,5,18,5.689619439430471,28
1228,30,25,55,10,5.686463879094618,15
1229,63,23,38,8,5.685369937239836,15
1230,102,10,95,4,5.685319962340818,6
1231,54,11,12,5,5.67450373056912,6
1232,94,10,25,5,5.671887186214519,5
1233,75,39,37,14,5.670197882049105,25
1234,16,31,99,13,5.665818337043021,18
1235,16,48,37,20,5.664774565241773,28
1236,54,11,82,4,5.664278302313932,7
1237,23,41,88,15,5.662482081944022,26
1238,43,12,68,5,5.6614021510813615,7
1239,9,13,61,5,5.652969843590383,8
1240,4,10,97,4,5.649870700339136,6
1241,39,13,97,5,5.649731064357227,8
1242,73,23,74,9,5.649045009007229,14
1243,108,14,98,6,5.640790264148573,8
1244,86,28,73,13,5.62531345595925,15
1245,5,21,17,7,5.625033929201379,14
1246,95,26,50,11,5.619957219349123,15
1247,16,48,50,20,5.617696720442929,28
1248,114,22,3,8,5.616945915532873,14
1249,30,14,90,6,5.614315415339312,8
1250,100,15,50,6,5.612526049660052,9
1251,27,14,43,7,5.609839390205427,7
1252,38,13,18,6,5.608114426083465,7
1253,70,17,98,6,5.604121247592221,11
1254,99,11,63,5,5.595807733799709,6
1255,62,21,68,9,5.591004045591886,12
1256,12,17,71,7,5.57619075244912,10
1257,42,11,69,5,5.570250078296481,6
1258,11,31,54,13,5.5650490652973295,18
1259,37,60,104,24,5.563475261062019,36
1260,63,11,10,4,5.56040496031845,7
1261,31,10,95,4,5.5581891593402775,6
1262,70,28,20,11,5.557937128069357,17
1263,76,14,102,6,5.556814882908007,8
1264,46,11,4,5,5.55622187464566,6
1265,16,82,87,35,5.550823492576418,47
1266,8,41,25,16,5.550067480025434,25
1267,36,53,31,23,5.548564460468652,30
1268,25,18,84,7,5.5466876181289715,11
1269,20,22,2,9,5.544865436021075,13
1270,86,51,75,23,5.544222274149607,28
1271,75,16,84,7,5.542746956131477,9
1272,65,26,69,11,5.540534749641236,15
1273,15,21,107,7,5.539272924336072,14
1274,106,31,23,15,5.535479536227778,16
1275,54,30,68,12,5.529360876289248,18
1276,114,45,68,19,5.528966703625285,26
1277,30,23,88,11,5.525413582454542,12
1278,33,14,102,6,5.525239013163607,8
1279,88,24,57,11,5.524909922819241,13
1280,28,33,7,13,5.522079859732702,20
1281,62,10,20,4,5.517288163699186,6
1282,87,59,37,24,5.516733087496062,35
1283,16,30,64,11,5.512894912147262,19
1284,95,19,83,7,5.510188596504647,12
1285,32,13,109,6,5.5080518973086185,7
1286,18,40,75,17,5.507084301877024,23
1287,67,10,102,4,5.49724656177184,6
1288,18,10,62,4,5.493140482819633,6
1289,15,20,54,9,5.4915266593547525,11
1290,65,49,40,21,5.488110460552834,28
1291,47,12,69,5,5.485890015271255,7
1292,114,23,70,9,5.484820175107314,14
1293,14,10,75,4,5.479308338136782,6
1294,80,11,68,4,5.466227321340817,7
1295,20,39,16,14,5.460632305549483,25
1296,49,17,30,7,5.458460770772241,10
1297,75,43,71,16,5.454468163058883,27
1298,97,18,57,8,5.45235309786646,10
1299,93,11,51,5,5.442643801494353,6
1300,91,18,18,7,5.437015235679076,11
1301,87,65,65,26,5.421192101641339,39
1302,49,11,37,5,5.40579366661915,6
1303,4,11,58,4,5.405037105567146,7
1304,9,11,66,5,5.404825557202403,6
1305,84,10,64,3,5.401793074305331,7
1306,54,31,90,13,5.397442007333916,18
1307,75,30,63,13,5.362343223381901,17
1308,7,35,97,16,5.356987360153851,19
1309,16,37,62,14,5.351709212219602,23
1310,13,33,54,13,5.351163209561115,20
1311,62,18,65,8,5.34575502328806,10
1312,86,86,88,36,5.345596536414867,50
1313,97,14,102,5,5.335160623731844,9
1314,26,19,13,7,5.3234217587029,12
1315,107,45,9,20,5.322061725590964,25
1316,61,15,60,7,5.316729344745585,8
1317,85,16,96,5,5.314304637448895,11
1318,28,13,49,6,5.31428031912519,7
1319,111,25,55,10,5.307717141421055,15
1320,109,12,22,5,5.303001885552313,7
1321,30,11,35,5,5.293385259461386,6
1322,14,19,28,7,5.288795345484194,12
1323,56,11,88,5,5.280224334897691,6
1324,28,11,92,4,5.26619903758234,7
1325,107,24,62,12,5.261786874758226,12
1326,35,11,31,5,5.255104723881263,6
1327,25,26,40,11,5.242222631716463,15
1328,98,15,40,7,5.239271076053035,8
1329,65,15,14,7,5.239230657167624,8
1330,91,21,25,9,5.236778929543691,12
1331,71,47,13,21,5.235216499316668,26
1332,88,17,112,7,5.231027938888666,10
1333,20,37,96,15,5.229501973456113,22
1334,35,11,5,5,5.226534281744142,6
1335,40,22,37,10,5.2189812618502875,12
1336,33,12,91,6,5.213867650447791,6
1337,34,18,55,8,5.202160532736089,10
1338,41,15,89,6,5.196780511481055,9
1339,40,13,113,5,5.193726392686624,8
1340,44,20,6,7,5.189449523361068,13
1341,84,24,48,9,5.188857256683019,15
1342,4,24,51,9,5.183921696313047,15
1343,75,17,97,7,5.183439015487436,10
1344,75,26,47,9,5.17693162231529,17
1345,91,11,56,5,5.1601828143932735,6
1346,67,12,5,5,5.159840528973067,7
1347,111,14,39,6,5.158992286191915,8
1348,8,54,63,24,5.156454172512435,30
1349,76,28,50,10,5.151966096130058,18
1350,63,13,79,5,5.150156389678723,8
1351,106,24,9,10,5.150083731218861,14
1352,44,15,88,7,5.148664566159752,8
1353,40,12,69,4,5.137627663794988,8
1354,36,21,3,8,5.136055944816986,13
1355,109,12,4,5,5.135069245647407,7
1356,40,30,58,14,5.133397385337812,16
1357,100,16,55,8,5.1129537660427005,8
1358,75,18,4,7,5.112428644465592,11
1359,55,23,70,10,5.1032220329288345,13
1360,53,25,104,11,5.0942603831986055,14
1361,60,24,95,10,5.089480392621887,14
1362,107,61,104,25,5.0845878069653105,36
1363,32,10,20,3,5.082163415292109,7
1364,90,13,33,5,5.072843762888294,8
1365,46,17,65,6,5.066104910854949,11
1366,19,15,39,7,5.064222320631038,8
1367,53,26,112,13,5.062618261015588,13
1368,16,98,7,43,5.056101722825338,55
1369,55,29,63,13,5.056066807562624,16
1370,75,41,9,17,5.040607611984742,24
1371,84,22,57,11,5.026867760977003,11
1372,81,14,63,6,5.016441825370756,8
1373,93,26,5,10,5.004460526821323,16
1374,7,41,106,20,5.003800212982272,21
1375,65,33,17,12,4.99622978764096,21
1376,32,12,68,4,4.994599728673895,8
1377,104,30,63,13,4.993963037729944,17
1378,74,15,71,7,4.993812181109021,8
1379,27,25,39,12,4.989393098929608,13
1380,23,17,15,7,4.9841342107101605,10
1381,14,18,51,6,4.969794868699566,12
1382,40,49,107,19,4.964616090179718,30
1383,109,16,38,6,4.964461961570972,10
1384,62,12,8,4,4.9642207369004785,8
1385,96,23,90,9,4.963939687748078,14
1386,39,18,77,8,4.961640817784317,10
1387,13,32,8,13,4.955794878282507,19
1388,56,19,68,9,4.94813216675333,10
1389,100,13,30,5,4.947415784475727,8
1390,76,12,49,5,4.943121216792114,7
1391,77,14,87,6,4.942401920251487,8
1392,20,21,55,9,4.931554548881413,12
1393,114,22,9,7,4.931319071415342,15
1394,86,40,36,17,4.927433251240005,23
1395,74,56,106,24,4.924754963776778,32
1396,38,10,91,4,4.918487915214837,6
1397,54,12,108,4,4.909695920764135,8
1398,38,12,28,6,4.907164394244691,6
1399,46,48,54,20,4.906943181154001,28
1400,76,27,55,10,4.8923898677809445,17
1401,83,39,5,18,4.890865835189014,21
1402,62,25,71,11,4.888439777720533,14
1403,65,44,9,18,4.887961308210911,26
1404,8,12,3,7,4.88781937501622,5
1405,9,10,29,4,4.887671889551099,6
1406,69,11,95,4,4.882909765417961,7
1407,30,11,114,5,4.8820710984651585,6
1408,81,15,18,6,4.877040041598752,9
1409,85,12,88,5,4.8737543176102305,7
1410,87,27,57,11,4.871666288606831,16
1411,84,11,19,5,4.870688517782825,6
1412,37,54,106,25,4.865641247327302,29
1413,5,10,89,3,4.86246564090175,7
1414,97,12,32,5,4.851459349576839,7
1415,104,23,100,9,4.850527098250832,14
1416,20,10,38,3,4.844230675667008,7
1417,5,30,51,11,4.841333405150811,19
1418,83,20,64,9,4.840996077098241,11
1419,75,39,39,18,4.835166255544909,21
1420,8,15,67,6,4.831909846155583,9
1421,31,19,25,9,4.823839301099763,10
1422,100,33,86,16,4.820701885589361,17
1423,14,15,54,5,4.820525855929132,10
1424,23,27,68,13,4.81982927042641,14
1425,74,11,85,5,4.812388004493803,6
1426,83,30,8,14,4.811627367676455,16
1427,6,12,106,5,4.810944704219048,7
1428,2,25,106,11,4.808494527305082,14
1429,96,13,108,6,4.805162668071275,7
1430,75,22,96,7,4.801381492311931,15
1431,98,17,84,6,4.7978961426483835,11
1432,28,34,9,16,4.797254206036922,18
1433,111,11,25,5,4.797175922879397,6
1434,8,29,9,15,4.796436219845455,14
1435,9,17,1,9,4.794059502939978,8
1436,76,33,5,14,4.788314400539968,19
1437,87,48,50,22,4.77809392160859,26
1438,9,12,5,5,4.777710715122403,7
1439,93,26,28,10,4.7762193932866115,16
1440,1,14,17,6,4.774691835698866,8
1441,90,13,70,6,4.771084444295362,7
1442,12,15,31,7,4.770632464521183,8
1443,60,16,97,8,4.770560692259114,8
1444,93,16,50,6,4.755526241513054,10
1445,90,30,5,12,4.752640516818983,18
1446,74,38,63,17,4.748458787006123,21
1447,16,21,3,8,4.747059555887118,13
1448,25,16,77,7,4.745845616411638,9
1449,55,57,65,25,4.744057377410872,32
1450,28,25,17,11,4.742091644609896,14
1451,97,11,3,4,4.740273088979023,7
1452,9,30,63,13,4.738784392770433,17
1453,8,41,46,19,4.737192297274268,22
1454,13,56,87,22,4.736199864166477,34
1455,6,11,46,5,4.730994669309113,6
1456,15,14,75,5,4.729161606780822,9
1457,47,17,86,7,4.720142586161402,10
1458,28,37,18,17,4.710953949587104,20
1459,20,23,46,8,4.708713070266485,15
1460,16,17,93,8,4.7086074200818855,9
1461,15,19,68,7,4.704332289270894,12
1462,88,31,18,14,4.699584875943507,17
1463,55,45,60,20,4.699539635247214,25
1464,97,10,62,4,4.689387738532959,6
1465,60,26,41,12,4.687979614839915,14
1466,71,16,5,7,4.686451238703377,9
1467,53,22,81,9,4.67351225402936,13
1468,52,12,8,5,4.669562642233978,7
1469,55,14,98,5,4.662824671110214,9
1470,28,19,100,8,4.660885966766407,11
1471,25,15,47,7,4.655390231832646,8
1472,27,15,25,7,4.649655011418165,8
1473,63,39,96,15,4.649023449526137,24
1474,6,21,16,10,4.642825718029857,11
1475,73,14,13,6,4.642713338622983,8
1476,73,19,109,8,4.637139105733967,11
1477,43,24,88,10,4.636555985964769,14
1478,60,22,25,10,4.636282806493916,12
1479,106,15,110,7,4.633960085739299,8
1480,28,12,78,6,4.6317757313725965,6
1481,8,63,87,27,4.62091726825585,36
1482,49,17,9,8,4.620658268254684,9
1483,7,42,55,17,4.609551229914398,25
1484,37,72,86,32,4.607837359690983,40
1485,7,35,3,14,4.603775118928216,21
1486,23,11,30,5,4.601908928188203,6
1487,77,13,95,6,4.60149322445291,7
1488,7,94,88,42,4.598064452346124,52
1489,50,32,96,14,4.592653394244439,18
1490,60,30,8,14,4.584471076654316,16
1491,16,19,29,9,4.577979448312799,10
1492,7,23,58,11,4.575034525669344,12
1493,99,14,95,6,4.572737764013027,8
1494,11,14,68,6,4.569201976807364,8
1495,99,16,104,8,4.5627492392393,8
1496,70,15,23,7,4.554568026577778,8
1497,74,10,112,4,4.553694289700708,6
1498,83,15,46,7,4.551826612706301,8
1499,99,18,15,7,4.551461310618723,11
1500,1,11,39,6,4.548291694643937,5
1501,76,36,107,13,4.544662386882575,23
1502,23,24,76,11,4.537606040144393,13
1503,88,51,9,22,4.537426821075463,29
1504,8,24,102,11,4.537070383836359,13
1505,71,28,68,11,4.532265816801447,17
1506,106,23,75,11,4.532198108241345,12
1507,13,18,72,9,4.527595256070807,9
1508,37,43,55,20,4.516821858156878,23
1509,11,21,98,10,4.513098149532237,11
1510,80,10,69,5,4.508733977407145,5
1511,62,10,104,3,4.50664568251795,7
1512,78,17,54,7,4.506577020775673,10
1513,87,13,110,5,4.501644038521952,8
1514,75,20,112,8,4.4989690721071325,12
1515,93,15,37,6,4.493445665639034,9
1516,64,15,3,6,4.492765978443915,9
1517,75,45,51,20,4.490318359114665,25
1518,55,11,27,5,4.4890470852362,6
1519,11,65,86,29,4.488707456237284,36
1520,93,15,11,5,4.484686270589562,10
1521,16,102,51,45,4.484511676609862,57
1522,95,33,107,15,4.475609109265348,18
1523,65,74,107,32,4.4743161182651745,42
1524,96,31,25,14,4.4728328775528,17
1525,68,16,8,7,4.472450037155224,9
1526,91,10,57,5,4.468260927215541,5
1527,37,18,32,8,4.466542082918521,10
1528,57,23,13,11,4.4664903118687675,12
1529,3,15,50,7,4.464463620895282,8
1530,78,13,98,6,4.463806568924881,7
1531,75,43,88,18,4.458661851679068,25
1532,77,11,97,4,4.4549011553839994,7
1533,50,12,73,4,4.454782630059153,8
1534,95,44,16,20,4.453378575583387,24
1535,7,67,31,29,4.4532123702344615,38
1536,2,42,50,18,4.448957186147168,24
1537,13,33,37,14,4.448467961015427,19
1538,95,15,109,6,4.444131433700797,9
1539,107,59,20,26,4.4437443859769585,33
1540,1,24,51,11,4.443642769643948,13
1541,45,11,88,4,4.4416566980945715,7
1542,9,10,57,4,4.4406570861085,6
1543,86,58,46,22,4.4330627489504755,36
1544,16,35,53,14,4.432680586189367,21
1545,86,115,5,49,4.430772584334587,66
1546,23,14,20,6,4.42777867543601,8
1547,102,20,87,8,4.423994697827657,12
1548,99,30,13,13,4.420966828834258,17
1549,7,64,53,28,4.416213736910661,36
1550,64,12,57,5,4.409680008541512,7
1551,114,20,64,8,4.407773657880817,12
1552,107,32,38,13,4.39393220007557,19
1553,111,20,86,8,4.3910837466552355,12
1554,65,23,76,9,4.385586505985178,14
1555,87,24,49,12,4.380791657180537,12
1556,87,33,25,15,4.379098196808542,18
1557,60,13,98,6,4.372454949323835,7
1558,55,24,9,10,4.371040618945099,14
1559,28,58,84,25,4.3699281494105815,33
1560,55,13,58,6,4.369004483506264,7
1561,40,23,23,10,4.368423326803309,13
1562,94,20,87,9,4.367418143965146,11
1563,33,13,11,7,4.365968233102095,6
1564,104,31,54,14,4.355933806560286,17
1565,20,49,28,21,4.349749782422696,28
1566,47,24,88,11,4.347102674354304,13
1567,70,29,65,11,4.343984179663613,18
1568,60,12,22,5,4.334241842742782,7
1569,95,19,41,8,4.332143979792177,11
1570,98,23,37,10,4.327931130640237,13
1571,4,22,40,10,4.316643149060896,12
1572,97,23,17,10,4.3134285513049555,13
1573,17,19,20,8,4.3112321942034,11
1574,50,10,52,5,4.308197298973349,5
1575,20,22,109,8,4.302333411252667,14
1576,25,28,54,12,4.300413553073274,16
1577,7,22,38,10,4.300171500471753,12
1578,20,21,44,9,4.299103845073809,12
1579,20,63,54,30,4.290782184792432,33
1580,49,15,70,7,4.274835544264272,8
1581,9,27,54,12,4.272544772651765,15
1582,33,12,96,7,4.271042933020869,5
1583,16,95,107,37,4.270655286981078,58
1584,103,16,16,7,4.27064958267566,9
1585,100,22,13,9,4.266245772639934,13
1586,23,33,87,13,4.256680488948144,20
1587,104,17,80,8,4.256665633473226,9
1588,28,12,85,5,4.253389606053364,7
1589,106,14,34,7,4.243674039664675,7
1590,31,12,74,5,4.240578281890586,7
1591,60,21,1,9,4.237560386673236,12
1592,28,14,53,6,4.234286185730041,8
1593,109,16,65,5,4.2330518085976205,11
1594,71,11,44,5,4.223524348839462,6
1595,4,19,18,8,4.220670692754494,11
1596,87,21,31,10,4.220659397575877,11
1597,27,11,112,5,4.214543381192911,6
1598,41,41,68,18,4.207626519911898,23
1599,65,56,36,24,4.205692860728479,32
1600,15,11,40,5,4.201647176656486,6
1601,39,12,94,5,4.199237943666824,7
1602,47,13,28,6,4.1983584961153175,7
1603,23,18,100,7,4.197161790157007,11
1604,7,14,48,7,4.194687020035504,7
1605,23,27,25,12,4.182190113226028,15
1606,80,18,7,7,4.182061930373814,11
1607,19,11,88,5,4.179295461270407,6
1608,28,14,29,6,4.174017513354275,8
1609,86,29,62,13,4.168140003828563,16
1610,60,10,62,4,4.155747625311636,6
1611,96,13,3,6,4.149840606440919,7
1612,20,13,73,5,4.146065391689569,8
1613,53,47,71,20,4.141303557057986,27
1614,23,11,29,5,4.138000210796417,6
1615,11,11,69,4,4.13792149131312,7
1616,71,11,20,4,4.13643055739397,7
1617,76,32,104,13,4.1357118218948905,19
1618,45,22,65,11,4.1259231703887,11
1619,29,11,106,5,4.122686341567239,6
1620,93,14,109,6,4.103558953267082,8
1621,83,20,93,9,4.100880722204593,11
1622,20,24,35,10,4.098728722002914,14
1623,87,21,97,8,4.089970328864312,13
1624,36,11,19,5,4.088590218421688,6
1625,74,22,50,10,4.086243740312162,12
1626,51,41,84,17,4.075791611908905,24
1627,87,38,60,18,4.07068260924909,20
1628,60,57,40,25,4.067256254892929,32
1629,7,26,17,11,4.064887482017846,15
1630,43,10,95,4,4.063398320607949,6
1631,34,10,38,4,4.0610942900478735,6
1632,16,28,80,12,4.056076921695064,16
1633,49,13,64,6,4.0514895827876565,7
1634,51,27,69,11,4.050423840769316,16
1635,32,10,40,5,4.050021677419869,5
1636,104,73,65,33,4.049259983805755,40
1637,11,13,79,7,4.047561716338114,6
1638,7,21,50,10,4.045740478776832,11
1639,1,10,43,5,4.038976715758721,5
1640,15,15,81,7,4.0313185229715645,8
1641,71,13,47,6,4.030916530509353,7
1642,104,16,3,7,4.020656220421076,9
1643,102,28,114,12,4.017120825737178,16
1644,104,44,51,17,4.0154244082227635,27
1645,8,20,110,8,4.013172679497404,12
1646,50,70,28,30,4.011477637487843,40
1647,55,36,54,17,4.011039158800403,19
1648,99,20,86,8,4.0098912228328505,12
1649,66,12,31,5,4.008754872558654,7
1650,86,20,77,8,4.0075201103206535,12
1651,34,17,17,7,3.985705258546001,10
1652,96,12,14,5,3.975747798085754,7
1653,40,28,1,12,3.9750240059769117,16
1654,7,15,29,8,3.9743744250187345,7
1655,74,24,93,11,3.9601017688790825,13
1656,94,16,54,7,3.955738681406249,9
1657,88,50,104,21,3.9536343834384886,29
1658,34,12,76,6,3.9517678907570333,6
1659,6,11,40,5,3.9442678680230823,6
1660,80,10,97,4,3.9365866928471034,6
1661,97,35,16,16,3.9340820840887147,19
1662,87,88,107,39,3.9306624003452133,49
1663,57,11,50,4,3.9290278222481443,7
1664,64,28,63,13,3.927368902324373,15
1665,5,28,2,12,3.923277825320168,16
1666,37,38,70,16,3.9227382855891664,22
1667,20,17,48,7,3.9196076613306303,10
1668,49,30,86,14,3.9188195592198185,16
1669,89,13,86,7,3.91749283769541,6
1670,27,16,53,6,3.9149964442694025,10
1671,60,21,96,7,3.912428069824762,14
1672,98,19,49,9,3.906322793569991,10
1673,28,55,54,24,3.9037970789571346,31
1674,102,26,37,11,3.9015784283610255,15
1675,7,29,47,12,3.897446682675393,17
1676,18,13,20,5,3.8928283548315483,8
1677,55,44,11,18,3.8920841591670343,26
1678,76,13,62,6,3.8913968956310088,7
1679,110,10,17,4,3.8887191359542532,6
1680,11,15,17,7,3.886158778436342,8
1681,1,11,112,6,3.882693398534097,5
1682,30,11,108,5,3.8822679511938505,6
1683,18,13,98,7,3.8754830902904014,6
1684,95,36,87,16,3.86940077356921,20
1685,108,11,68,5,3.868849039567309,6
1686,11,16,51,8,3.8660778701548058,8
1687,41,25,114,12,3.854494902198664,13
1688,65,14,6,6,3.853639209419111,8
1689,65,34,111,14,3.8475275648066685,20
1690,28,11,31,5,3.8453747580936164,6
1691,18,23,31,11,3.843025830767866,12
1692,63,31,13,14,3.8403036315605172,17
1693,20,26,7,12,3.839940256500117,14
1694,91,26,13,12,3.831748260733109,14
1695,30,38,87,17,3.8298987122526285,21
1696,70,30,51,14,3.8297117807076555,16
1697,44,16,87,7,3.8267549460576484,9
1698,60,12,66,4,3.826632219817407,8
1699,38,24,13,12,3.8266234961268997,12
1700,44,14,64,6,3.8242226428845654,8
1701,55,21,4,10,3.821660634263142,11
1702,49,10,3,4,3.8208441036339096,6
1703,86,32,18,13,3.8203668272153473,19
1704,91,18,31,7,3.8197018311679423,11
1705,110,16,5,7,3.8138584796050923,9
1706,39,12,78,6,3.805891795343841,6
1707,15,12,1,5,3.803325851759549,7
1708,100,40,107,20,3.8015054517432247,20
1709,20,13,104,5,3.7974160411444706,8
1710,91,29,107,12,3.7951757088821294,17
1711,7,10,93,5,3.7802315490169653,5
1712,104,13,92,7,3.7768187223532306,6
1713,63,19,4,8,3.775833657808686,11
1714,88,16,6,7,3.757051253043465,9
1715,18,55,53,25,3.751842811643862,30
1716,85,11,16,4,3.751829713120851,7
1717,53,42,40,19,3.7429391558119995,23
1718,12,20,39,9,3.7389126567698803,11
1719,1,13,4,5,3.736039087851971,8
1720,86,65,25,30,3.735239092039536,35
1721,39,17,81,7,3.728914203220537,10
1722,91,10,80,4,3.7198935399827406,6
1723,12,14,3,5,3.71740069479101,9
1724,15,21,5,8,3.714734226349825,13
1725,106,17,43,8,3.7068539679712273,9
1726,11,24,13,11,3.7025156977182605,13
1727,94,17,107,6,3.701502882672336,11
1728,13,68,40,31,3.690363085789059,37
1729,39,48,53,21,3.6851162429567523,27
1730,114,37,51,18,3.6824882422691596,19
1731,52,11,107,4,3.6792228295103513,7
1732,101,14,68,5,3.6742625668258913,9
1733,71,12,27,5,3.672482180614424,7
1734,86,53,104,24,3.66553549979236,29
1735,97,33,96,16,3.657438935158263,17
1736,53,11,100,5,3.656950058764998,6
1737,63,22,23,9,3.656375723040438,13
1738,90,10,71,5,3.6561036030201253,5
1739,107,21,32,10,3.6546977761524686,11
1740,109,15,9,8,3.6538651478462696,7
1741,13,47,64,23,3.653151677590903,24
1742,17,11,18,6,3.651905683853181,5
1743,23,47,65,22,3.6506323242088645,25
1744,27,13,50,5,3.6503401008022798,8
1745,16,19,2,8,3.6499962386684337,11
1746,14,10,70,5,3.647042134114848,5
1747,30,28,60,10,3.642920901334595,18
1748,102,21,74,9,3.6400241455657913,12
1749,88,60,5,28,3.63799769202775,32
1750,75,14,108,6,3.6340908116173014,8
1751,48,11,108,4,3.6336145248971845,7
1752,6,10,69,5,3.632252984558259,5
1753,43,19,18,10,3.6267699505365183,9
1754,11,39,88,17,3.622315707377218,22
1755,55,13,94,6,3.6120696685756317,7
1756,19,10,60,5,3.605970297917163,5
1757,34,16,84,8,3.6041106207285085,8
1758,34,14,13,7,3.5918746626908384,7
1759,58,13,71,6,3.5901555481142546,7
1760,97,10,95,4,3.58943247133478,6
1761,33,12,23,5,3.5712223539857573,7
1762,41,25,69,9,3.5647588534800043,16
1763,16,71,8,31,3.5597923636148616,40
1764,64,11,33,4,3.5581108018586245,7
1765,7,90,86,38,3.5577462755235447,52
1766,28,19,36,9,3.5549996153541237,10
1767,23,13,57,6,3.554408044637193,7
1768,16,31,49,14,3.5542822347062724,17
1769,30,13,4,6,3.554167963462701,7
1770,62,19,39,9,3.544513110025233,10
1771,40,65,36,28,3.5400829247343655,37
1772,88,26,69,11,3.536532050456282,15
1773,44,15,7,7,3.5352660207554516,8
1774,3,28,87,12,3.5300981237445432,16
1775,93,17,25,8,3.5300397889756283,9
1776,20,17,76,9,3.5278207011714735,8
1777,63,18,43,8,3.524851733785241,10
1778,7,17,30,9,3.521225077195732,8
1779,112,11,17,5,3.5191492672023625,6
1780,8,38,104,17,3.50734140656749,21
1781,91,15,84,7,3.506943767095505,8
1782,49,10,33,4,3.5057518320537766,6
1783,74,16,23,7,3.505315761927058,9
1784,85,14,68,5,3.5027894631624408,9
1785,50,26,9,11,3.4989626487903873,15
1786,97,36,114,16,3.4948097299506915,20
1787,62,13,36,6,3.489528327052378,7
1788,36,30,51,14,3.4874600225025074,16
1789,25,20,70,9,3.484518115943736,11
1790,55,16,18,8,3.4810467173744706,8
1791,96,57,54,28,3.4766133859583515,29
1792,23,10,81,4,3.474530372802633,6
1793,73,14,16,7,3.4738693799097953,7
1794,74,60,5,28,3.469996146708342,32
1795,13,32,1,13,3.4629329225242813,19
1796,77,10,17,4,3.4626586322684796,6
1797,34,29,107,12,3.4592396196199293,17
1798,20,46,37,21,3.4576214767552655,25
1799,106,49,51,22,3.457607975311814,27
1800,29,12,86,5,3.456088611362189,7
1801,33,23,5,11,3.454327509177194,12
1802,37,21,23,10,3.453043705748743,11
1803,16,106,86,47,3.4524297350202193,59
1804,114,29,39,14,3.441117211126096,15
1805,102,31,25,14,3.4382241991917164,17
1806,4,12,37,5,3.421871703775507,7
1807,17,11,36,6,3.4172736451567545,5
1808,104,26,98,14,3.4091853213510754,12
1809,68,20,17,8,3.395638967050425,12
1810,4,13,28,6,3.3940824912486867,7
1811,73,10,104,4,3.391491099464731,6
1812,39,48,55,21,3.389422612270981,27
1813,60,28,9,11,3.384232112219374,17
1814,36,28,55,13,3.383336577257353,15
1815,28,50,109,21,3.382857419112391,29
1816,73,15,98,7,3.380055365181917,8
1817,100,13,44,6,3.3720452657314226,7
1818,13,57,46,25,3.37157010260202,32
1819,107,56,55,26,3.3696189355898034,30
1820,60,59,88,25,3.3684255972917945,34
1821,40,17,20,7,3.3649339637959645,10
1822,54,25,97,12,3.3648153427656755,13
1823,14,23,8,10,3.3634201583462158,13
1824,7,48,27,22,3.361741499616722,26
1825,54,12,3,6,3.355227899021248,6
1826,88,30,70,13,3.3524090493184278,17
1827,83,10,20,5,3.3478898251644025,5
1828,40,15,91,7,3.345577169162442,8
1829,16,47,70,20,3.3445553948476245,27
1830,75,13,33,5,3.342736023465548,8
1831,54,20,98,9,3.3414082574982986,11
1832,68,13,5,6,3.3380294056441144,7
1833,71,13,76,7,3.3359186512389036,6
1834,69,12,109,5,3.3344685187765166,7
1835,50,22,31,10,3.333423687645379,12
1836,80,33,54,16,3.3322159324199094,17
1837,41,19,50,8,3.331657114556134,11
1838,78,10,34,5,3.3271359801886424,5
1839,64,30,39,13,3.324524230733537,17
1840,9,13,81,6,3.321776466067701,7
1841,97,16,84,6,3.316428205809935,10
1842,88,57,68,25,3.315238564665119,32
1843,60,31,75,14,3.3139158628036856,17
1844,86,11,66,5,3.3092941516234364,6
1845,16,38,17,15,3.3028597486650217,23
1846,104,60,5,28,3.3007473735225052,32
1847,57,22,41,9,3.2995392233028893,13
1848,69,11,54,5,3.295823383931072,6
1849,16,18,45,7,3.276855643218357,11
1850,114,13,67,6,3.2746706512348434,7
1851,102,11,91,5,3.2738070744638943,6
1852,85,12,17,5,3.2737777276415283,7
1853,70,14,93,6,3.271451863431868,8
1854,13,12,102,4,3.269263582511039,8
1855,98,23,76,10,3.2651133620022033,13
1856,13,114,7,52,3.2643026156976367,62
1857,76,14,95,6,3.2576515088397957,8
1858,7,24,74,9,3.257493143792888,15
1859,84,14,95,6,3.2568961944145873,8
1860,114,47,25,20,3.2540864225169766,27
1861,68,15,6,6,3.251551578791195,9
1862,41,45,16,22,3.2495789716339614,23
1863,87,47,28,22,3.244764597626062,25
1864,107,49,36,23,3.234838704648264,26
1865,56,10,97,5,3.231426212036921,5
1866,2,21,87,9,3.2308938185741103,12
1867,16,18,35,7,3.2305329948687067,11
1868,16,85,65,38,3.228910136831772,47
1869,51,44,41,20,3.228342506596857,24
1870,4,21,16,11,3.2239938149007976,10
1871,23,55,7,25,3.2229283053761675,30
1872,97,29,63,13,3.2191950537106915,16
1873,55,39,28,16,3.2184704312839787,23
1874,9,11,100,4,3.213107615631006,7
1875,64,19,23,9,3.212372911598019,10
1876,107,36,64,17,3.2108312929962435,19
1877,50,19,97,8,3.210625734622642,11
1878,60,47,31,24,3.2094707274879264,23
1879,84,15,60,5,3.2064037329190676,10
1880,44,12,76,5,3.2019945343572473,7
1881,36,41,39,18,3.1998605067578225,23
1882,55,49,5,22,3.1989531771818034,27
1883,68,14,81,6,3.1985312995714845,8
1884,37,54,50,26,3.188335276013606,28
1885,83,25,65,12,3.1850517665827933,13
1886,35,11,51,5,3.1832252109996144,6
1887,106,25,60,10,3.171261503808182,15
1888,110,16,86,7,3.1694821197260503,9
1889,54,48,51,22,3.1685476843403957,26
1890,90,14,74,5,3.1680613510289204,9
1891,13,17,62,8,3.1612952767397977,9
1892,86,21,82,9,3.1586560919846263,12
1893,86,85,84,41,3.15758944772919,44
1894,51,42,46,18,3.1575361872642107,24
1895,87,13,17,6,3.1557879324593294,7
1896,75,23,23,12,3.1487336010920157,11
1897,5,27,91,11,3.121858390948631,16
1898,15,10,27,5,3.1179326913841705,5
1899,36,11,80,5,3.115857421175661,6
1900,25,25,17,11,3.1106502600539105,14
1901,50,24,4,12,3.110559237136959,12
1902,13,37,50,17,3.1097024463042606,20
1903,106,26,53,13,3.105027322219241,13
1904,109,25,106,12,3.1028448270841773,13
1905,68,34,1,15,3.102238947138023,19
1906,92,15,60,6,3.101629065738582,9
1907,99,14,68,6,3.1001036150844663,8
1908,64,10,91,4,3.0993479020870796,6
1909,13,27,77,12,3.097681583212727,15
1910,13,72,107,34,3.09361249272018,38
1911,76,26,11,11,3.0870761355979353,15
1912,45,14,87,6,3.0862202973256596,8
1913,28,30,102,14,3.0740911214451736,16
1914,74,11,41,6,3.0735662157516845,5
1915,75,30,25,13,3.069551733540898,17
1916,60,40,114,22,3.0670908685799034,18
1917,71,18,25,8,3.0644100067848146,10
1918,48,14,55,6,3.06362691776684,8
1919,38,13,96,6,3.0422152322461717,7
1920,51,25,43,12,3.0407653301050273,13
1921,25,39,65,16,3.0368934823131175,23
1922,65,16,49,7,3.034256149542809,9
1923,41,16,47,7,3.031406429138557,9
1924,78,10,55,5,3.027993385213423,5
1925,19,17,16,8,3.0266213489285114,9
1926,86,107,87,53,3.0145371966175083,54
1927,6,27,7,15,3.013941061604383,12
1928,29,14,51,6,3.0049606372322573,8
1929,88,19,38,7,3.0023329742590956,12
1930,96,14,34,6,3.0017630147825622,8
1931,86,19,34,8,3.000129589106959,11
1932,4,11,69,5,2.999484176661719,6
1933,11,46,107,21,2.9990181027783187,25
1934,64,28,41,11,2.9985462284656723,17
1935,27,10,18,5,2.996654278290002,5
1936,65,37,37,18,2.9918797859979525,19
1937,100,25,7,11,2.9877637593718034,14
1938,74,10,30,5,2.9862406732405895,5
1939,95,27,53,10,2.9811343498680327,17
1940,107,24,49,12,2.9811174657733583,12
1941,6,12,51,6,2.980948961210987,6
1942,84,36,106,18,2.9754739608250116,18
1943,36,32,4,13,2.9739066740354185,19
1944,60,12,94,6,2.9727316679047617,6
1945,2,21,37,10,2.9697580112694486,11
1946,47,11,53,5,2.9672181618537916,6
1947,25,18,57,8,2.964934950553875,10
1948,114,23,46,10,2.9631435316072405,13
1949,9,17,38,8,2.961582849274608,9
1950,80,16,8,8,2.9519293865537115,8
1951,86,78,8,38,2.9505503650201574,40
1952,86,31,38,14,2.9478210267751117,17
1953,41,32,40,15,2.9467288085082743,17
1954,27,18,87,8,2.943381441401977,10
1955,30,17,76,7,2.9372015853586086,10
1956,36,20,87,8,2.935573250897663,12
1957,61,15,3,8,2.934761403571649,7
1958,99,15,65,7,2.9253489592007305,8
1959,8,24,100,10,2.9246971191484064,14
1960,68,20,77,9,2.9217850346788454,11
1961,74,82,86,39,2.921287780715151,43
1962,102,19,106,10,2.9207255392565097,9
1963,25,12,108,5,2.9132670669268244,7
1964,7,15,79,7,2.9111710091731053,8
1965,87,37,84,17,2.908877911803523,20
1966,91,19,37,9,2.9050960547005245,10
1967,71,13,108,6,2.8992906212622866,7
1968,44,10,70,5,2.8975248911261433,5
1969,68,20,78,9,2.8969266940151797,11
1970,75,24,74,10,2.8903655619324433,14
1971,43,31,7,13,2.8869337290340304,18
1972,63,90,86,38,2.885674460917235,52
1973,63,23,60,10,2.8746236800640075,13
1974,27,21,75,10,2.874214711599615,11
1975,87,42,20,20,2.8691206159340576,22
1976,28,54,65,24,2.8645560920703144,30
1977,60,48,86,22,2.8571270629897767,26
1978,68,23,46,11,2.8541343211422925,12
1979,88,53,28,23,2.854042679776566,30
1980,86,95,28,42,2.853985818666679,53
1981,51,18,99,9,2.853477797374065,9
1982,73,16,96,7,2.8534303980093814,9
1983,74,20,18,10,2.84961422222247,10
1984,97,13,33,6,2.8486496222061595,7
1985,23,13,104,5,2.8445076862849494,8
1986,95,19,23,9,2.8404436396815522,10
1987,89,12,60,6,2.839673113881044,6
1988,16,14,58,6,2.8389435880706144,8
1989,77,18,65,9,2.836180648453274,9
1990,104,33,74,14,2.8329598216365466,19
1991,107,47,23,22,2.8244859300002187,25
1992,43,10,19,4,2.822488366427096,6
1993,16,21,38,8,2.8217292489636367,13
1994,18,13,71,6,2.821320109059578,7
1995,64,13,47,5,2.8212403790572256,8
1996,51,32,109,12,2.817926639661738,20
1997,65,17,48,7,2.813018636762518,10
1998,68,33,106,15,2.8127952198562456,18
1999,1,32,36,16,2.8095303452930684,16
2000,99,15,41,7,2.8081672918617278,8
2001,106,14,112,7,2.805082024542767,7
2002,15,13,19,6,2.8034318915529917,7
2003,4,25,114,12,2.797376255941943,13
2004,7,26,1,12,2.7932054952385035,14
2005,100,13,36,6,2.7923934619121087,7
2006,86,19,108,10,2.7920033870005008,9
2007,16,22,47,10,2.79035087910922,12
2008,9,15,97,8,2.7891659901703596,7
2009,3,16,55,7,2.785774326842637,9
2010,107,27,3,14,2.774749446201735,13
2011,5,11,10,6,2.7716738654503197,5
2012,38,11,40,6,2.7715520430648577,5
2013,5,17,77,8,2.765837567194589,9
2014,84,15,17,7,2.76024547578841,8
2015,18,31,60,14,2.7592417090229198,17
2016,53,42,64,19,2.759026680292717,23
2017,97,22,104,11,2.7396377781056174,11
2018,65,50,106,23,2.735321183024918,27
2019,75,12,34,6,2.7327928404854553,6
2020,9,12,30,5,2.7296904854733155,7
2021,55,53,88,22,2.721264805593774,31
2022,104,31,70,14,2.720810924975006,17
2023,11,50,28,24,2.7199624016130106,26
2024,95,11,80,5,2.7197438471090796,6
2025,107,57,37,26,2.7122377942768776,31
2026,12,14,18,6,2.7036570911929863,8
2027,88,32,109,14,2.698492977632003,18
2028,88,70,107,31,2.6977701523587334,39
2029,65,40,71,17,2.686780335165667,23
2030,13,11,35,5,2.684594978225239,6
2031,90,17,17,9,2.680753861205159,8
2032,39,25,5,12,2.679132217269287,13
2033,51,69,107,29,2.678545004841455,40
2034,25,17,44,8,2.673535476281759,9
2035,95,18,75,8,2.672802736686619,10
2036,114,25,74,12,2.666972342657447,13
2037,47,10,76,7,2.6595736051653853,3
2038,74,13,91,6,2.658254293210725,7
2039,92,29,88,13,2.6541256559252315,16
2040,57,13,36,5,2.6531160901053807,8
2041,53,48,65,23,2.651912649859134,25
2042,30,24,8,11,2.6514132136935467,13
2043,23,43,86,20,2.6484576158238533,23
2044,30,21,37,9,2.6448172779185537,12
2045,16,60,5,25,2.6435184456824317,35
2046,85,23,107,11,2.642943935546886,12
2047,33,14,95,6,2.641545389608455,8
2048,54,28,114,14,2.6355280322257,14
2049,17,30,39,13,2.6347382750427313,17
2050,16,85,13,38,2.6278459194386543,47
2051,27,10,57,5,2.625816231763605,5
2052,11,26,20,11,2.6225934054521085,15
2053,11,12,41,4,2.61594797809933,8
2054,29,21,107,8,2.615094075024305,13
2055,76,13,2,5,2.6134640032331116,8
2056,11,16,40,7,2.6127959858163616,9
2057,93,20,86,9,2.6126285193850958,11
2058,36,23,91,10,2.600483205457648,13
2059,68,83,13,37,2.597690238852479,46
2060,40,19,27,11,2.5947052105553365,8
2061,39,23,31,10,2.5934090452929373,13
2062,13,81,51,39,2.5933197102801517,42
2063,1,10,109,5,2.5929606771402254,5
2064,71,25,87,12,2.5901035214218346,13
2065,87,21,62,10,2.586304566496697,11
2066,104,50,7,23,2.5854072339864183,27
2067,69,14,71,7,2.5823526075537777,7
2068,47,11,91,5,2.565831417578021,6
2069,50,50,107,24,2.5656690703128167,26
2070,92,13,87,6,2.565186954563254,7
2071,28,43,51,21,2.5635290356109595,22
2072,72,20,16,9,2.5595101413751196,11
2073,83,10,63,6,2.557624644664858,4
2074,86,14,14,7,2.5565201304900333,7
2075,51,16,83,6,2.5563009225954785,10
2076,16,29,84,14,2.553730719112528,15
2077,73,19,1,8,2.55342910039073,11
2078,7,74,36,34,2.5493587507973596,40
2079,64,20,38,9,2.5449420802693483,11
2080,52,13,16,6,2.542332195506542,7
2081,63,35,11,14,2.539597707853179,21
2082,111,11,60,4,2.535604443502029,7
2083,108,27,107,13,2.5311945782165,14
2084,87,27,64,13,2.5304532187422586,14
2085,36,33,9,15,2.5279240780374668,18
2086,39,18,4,8,2.5267698999647226,10
2087,39,32,50,15,2.5245695496572065,17
2088,12,15,36,7,2.516319942513749,8
2089,7,105,68,48,2.5114811010541342,57
2090,106,37,96,16,2.50842381050559,21
2091,88,70,51,36,2.506363518676434,34
2092,37,18,109,8,2.501013404341532,10
2093,11,20,48,9,2.499763597895506,11
2094,65,20,3,9,2.497136850038322,11
2095,18,11,111,5,2.4899108726358863,6
2096,65,59,68,27,2.4863573145608644,32
2097,95,30,39,14,2.481130681096554,16
2098,7,61,9,30,2.475604646115282,31
2099,4,17,81,7,2.4678124777063273,10
2100,12,25,51,11,2.4675072863255405,14
2101,87,40,74,18,2.4671563114027473,22
2102,74,17,69,9,2.4664972820824542,8
2103,54,10,27,5,2.4638694969344774,5
2104,30,22,68,11,2.4504178114938604,11
2105,32,10,50,6,2.444054190716271,4
2106,96,31,88,15,2.4406464912019903,16
2107,12,18,86,8,2.4382543520920796,10
2108,55,39,106,17,2.438139246666604,22
2109,91,20,75,13,2.432369433261267,7
2110,109,11,99,5,2.4195174025010595,6
2111,107,46,25,22,2.4187485647838765,24
2112,71,35,39,16,2.4158892555534424,19
2113,65,11,92,5,2.4112859752548714,6
2114,8,33,93,16,2.4111455321691304,17
2115,47,24,51,12,2.409457368099758,12
2116,68,21,38,9,2.4070210829507572,12
2117,9,18,69,8,2.405000245398061,10
2118,20,26,80,12,2.4033351571638564,14
2119,3,31,68,14,2.4024413251399013,17
2120,78,20,60,10,2.4024308351348855,10
2121,56,10,8,4,2.40008605471798,6
2122,46,38,28,16,2.3990178798165633,22
2123,17,17,63,8,2.3925163886016922,9
2124,83,22,87,11,2.390357141943488,11
2125,111,12,8,6,2.390343846489095,6
2126,104,40,95,18,2.3890342183876085,22
2127,4,21,71,8,2.3871750117365993,13
2128,96,25,104,11,2.3866419839158346,14
2129,75,13,56,5,2.3840139649043497,8
2130,13,86,65,39,2.383373860419213,47
2131,71,41,86,20,2.3810130412337966,21
2132,55,28,84,13,2.379086300412449,15
2133,8,55,96,25,2.371439357092425,30
2134,40,24,50,10,2.3671440474550507,14
2135,7,19,70,7,2.364945757295021,12
2136,99,23,5,11,2.3616219022642833,12
2137,96,14,109,6,2.3566759619593642,8
2138,39,48,49,21,2.353804446492823,27
2139,4,36,31,15,2.3535355966794667,21
2140,57,20,51,10,2.342442465208323,10
2141,16,29,15,12,2.340237391651745,17
2142,104,17,4,7,2.3357072159096575,10
2143,46,22,63,12,2.3313756374008845,10
2144,25,28,53,14,2.3301510854690854,14
2145,109,51,5,25,2.3285813949081655,26
2146,50,23,64,11,2.3285304422785047,12
2147,104,21,102,11,2.320627297470276,10
2148,3,26,60,12,2.318286691403535,14
2149,9,23,3,11,2.3162904113567784,12
2150,46,23,84,10,2.311711196027238,13
2151,58,12,50,6,2.3033767529431137,6
2152,23,13,109,6,2.301790643179129,7
2153,86,21,32,10,2.2989864902239003,11
2154,68,16,109,6,2.2985123206238915,10
2155,97,33,65,15,2.2943542233121987,18
2156,100,24,5,11,2.2932427434044684,13
2157,114,18,45,8,2.292094813707232,10
2158,13,68,55,32,2.291844398388461,36
2159,106,13,4,7,2.287883468044352,6
2160,37,46,74,22,2.283869095408045,24
2161,63,38,114,15,2.2836807270192585,23
2162,46,21,17,10,2.279991454185123,11
2163,88,20,35,10,2.2787018333731495,10
2164,80,16,71,8,2.275392383804814,8
2165,61,10,31,5,2.2696136748473603,5
2166,28,66,96,31,2.267406944603933,35
2167,95,30,25,14,2.25397314365567,16
2168,41,14,54,7,2.251101436056138,7
2169,88,38,4,18,2.2459217004175493,20
2170,70,10,27,5,2.243263258457552,5
2171,49,23,17,9,2.2404394780670995,14
2172,7,18,11,8,2.239320590268621,10
2173,87,35,104,18,2.2393020839894087,17
2174,81,14,3,6,2.2358028798300924,8
2175,68,25,70,12,2.2334926025833988,13
2176,90,16,25,7,2.2261576936837058,9
2177,88,11,33,6,2.22422094342155,5
2178,11,11,114,6,2.222333602098374,5
2179,98,13,99,7,2.2212581677933785,6
2180,112,11,8,6,2.2144684353504553,5
2181,106,27,17,11,2.2117443407706983,16
2182,5,50,96,22,2.2114271922507607,28
2183,57,19,55,10,2.2104060039233278,9
2184,49,51,13,25,2.209069641169752,26
2185,84,15,76,7,2.2084039467189505,8
2186,107,50,106,24,2.1993074270722803,26
2187,31,10,54,5,2.186668926147148,5
2188,8,64,74,28,2.186622040651489,36
2189,13,16,112,8,2.186416558676373,8
2190,63,26,70,12,2.1813121472430437,14
2191,84,16,93,8,2.173203038685072,8
2192,58,11,51,5,2.173021708544625,6
2193,33,11,39,5,2.170155887452032,6
2194,86,75,54,36,2.1689438842347455,39
2195,88,14,74,5,2.165363961250821,9
2196,48,29,16,13,2.16366949518096,16
2197,87,27,46,14,2.1507851989480726,13
2198,9,39,51,19,2.14335596169476,20
2199,28,30,91,14,2.1280361219889317,16
2200,35,16,43,8,2.1256405181906697,8
2201,37,26,84,12,2.124049904647881,14
2202,53,11,70,5,2.117480208536356,6
2203,1,20,64,10,2.1164326209593654,10
2204,48,13,30,7,2.114145406665778,6
2205,74,12,33,6,2.113811361820999,6
2206,77,10,3,4,2.1078393954054353,6
2207,99,24,60,11,2.100940382067205,13
2208,83,34,55,17,2.0962093979720215,17
2209,97,22,8,11,2.094799206270941,11
2210,17,12,91,5,2.0932516032559634,7
2211,74,47,65,23,2.0847963525870914,24
2212,82,10,63,5,2.077975861296688,5
2213,68,16,49,8,2.0637805548779458,8
2214,3,25,31,13,2.0628076616728963,12
2215,86,45,90,20,2.0574221764428238,25
2216,65,31,80,15,2.0509198465423397,16
2217,93,21,88,9,2.047097578055209,12
2218,18,34,51,17,2.042743355152735,17
2219,90,24,60,10,2.0397275719261816,14
2220,100,19,74,9,2.03594794458151,10
2221,89,14,88,7,2.0354634990614118,7
2222,58,12,63,7,2.0345686518653676,5
2223,55,11,79,5,2.0315889229013426,6
2224,91,14,114,7,2.0312426341433967,7
2225,32,11,13,5,2.026181507027534,6
2226,75,30,87,14,2.0247725005088753,16
2227,8,36,90,16,2.0194647820717804,20
2228,109,29,13,13,2.010974217190567,16
2229,83,22,97,12,2.007636873207567,10
2230,64,14,17,7,1.997717670710987,7
2231,69,24,7,12,1.9945381002011566,12
2232,104,15,112,7,1.99393597279257,8
2233,70,55,86,25,1.9917052888221574,30
2234,53,19,4,9,1.987694792892671,10
2235,48,13,13,6,1.9848220769452258,7
2236,28,38,25,16,1.9833898911599184,22
2237,64,15,15,8,1.9745380862871305,7
2238,41,18,76,10,1.9724048364464457,8
2239,8,22,17,11,1.9650399384720445,11
2240,50,11,35,5,1.9581460146246747,6
2241,78,12,71,6,1.95458083263832,6
2242,36,34,64,17,1.9485056781764598,17
2243,98,11,19,4,1.9474548221717747,7
2244,25,20,55,9,1.9429576796619945,11
2245,23,14,31,6,1.9392936999416424,8
2246,110,13,104,5,1.9388474450810558,8
2247,32,10,98,5,1.9380052263831626,5
2248,20,19,30,9,1.9352963119709488,10
2249,23,14,97,7,1.9330528734436567,7
2250,70,19,40,8,1.9276789997691202,11
2251,114,21,18,10,1.923577249757446,11
2252,80,25,28,12,1.9225523112040792,13
2253,70,21,41,11,1.919847111480952,10
2254,99,11,76,6,1.9173589523208343,5
2255,97,32,106,16,1.9159665785715099,16
2256,14,13,88,6,1.902096229341471,7
2257,13,58,39,28,1.9010983385285232,30
2258,85,17,54,7,1.9006272791395138,10
2259,108,25,51,12,1.9002486171144384,13
2260,12,17,13,6,1.89366507601321,11
2261,20,35,106,16,1.890590591428699,19
2262,25,23,64,11,1.8857238852847684,12
2263,2,41,8,20,1.8848654476169697,21
2264,8,14,79,8,1.8787453444383122,6
2265,94,11,69,5,1.8749407442851007,6
2266,107,48,68,22,1.8731227489747677,26
2267,9,37,39,19,1.8697146872485217,18
2268,17,26,54,13,1.867393134138254,13
2269,37,95,5,46,1.8654288703425719,49
2270,64,28,54,14,1.8650724062797466,14
2271,39,49,60,24,1.859398798683601,25
2272,87,61,106,30,1.856632619724249,31
2273,98,19,51,9,1.8552094547524471,10
2274,6,11,86,5,1.8539951054916266,6
2275,46,22,76,10,1.8507100299988166,12
2276,53,22,97,10,1.849246682219108,12
2277,30,12,109,5,1.8472545205463433,7
2278,103,10,106,4,1.8460294979122147,6
2279,98,27,107,13,1.840767846154218,14
2280,84,38,96,19,1.8356486827006797,19
2281,54,20,49,10,1.829154265922774,10
2282,74,29,13,14,1.8278354237299064,15
2283,44,13,114,6,1.8263733365516701,7
2284,114,16,84,7,1.8232489038137314,9
2285,102,13,99,6,1.8212893413036875,7
2286,71,11,109,5,1.8196417828202216,6
2287,13,14,84,6,1.8143890124288116,8
2288,79,18,28,8,1.8130893193426152,10
2289,80,12,64,6,1.8118137894523878,6
2290,40,18,111,9,1.8104998545748818,9
2291,36,22,25,11,1.8071440138268557,11
2292,8,65,28,30,1.8060421386611976,35
2293,37,25,90,12,1.7816453937181782,13
2294,102,13,84,6,1.779322402529277,7
2295,104,62,16,29,1.778027708852634,33
2296,49,15,8,6,1.7678498041146895,9
2297,88,11,110,6,1.7642228121429866,5
2298,84,27,54,12,1.7533288896590717,15
2299,84,26,70,12,1.7530345342228948,14
2300,87,56,88,29,1.7513462767543788,27
2301,4,31,68,15,1.751066192618154,16
2302,97,38,107,19,1.7507246476170455,19
2303,53,39,51,19,1.7493185772901738,20
2304,94,10,65,5,1.74928216807962,5
2305,60,33,36,16,1.7416473627060747,17
2306,18,11,6,5,1.7414584600944751,6
2307,8,26,23,13,1.7400762718841152,13
2308,36,37,88,16,1.7392851936744347,21
2309,68,16,57,8,1.7355749286087516,8
2310,46,51,5,23,1.7323776092910628,28
2311,70,19,75,10,1.7314858975507377,9
2312,60,14,11,7,1.72978393860355,7
2313,50,13,12,8,1.7279667161947851,5
2314,1,31,107,15,1.727430404235514,16
2315,83,11,50,6,1.7272952536822097,5
2316,64,41,88,18,1.726143672618883,23
2317,63,15,45,7,1.7260545689947924,8
2318,8,49,11,22,1.725678638141755,27
2319,9,46,40,21,1.71485959208228,25
2320,81,20,107,10,1.7130423485236068,10
2321,9,42,86,19,1.7117622661778296,23
2322,54,40,7,19,1.7088310244062668,21
2323,48,10,37,5,1.7035937503192145,5
2324,20,16,102,8,1.6989391239814933,8
2325,36,15,23,9,1.6972875274185721,6
2326,51,25,23,12,1.6961813528047331,13
2327,41,62,13,30,1.6944548774743582,32
2328,84,66,107,31,1.6864806299862014,35
2329,50,18,69,10,1.686362400438779,8
2330,20,30,13,15,1.6736140320651685,15
2331,63,45,39,18,1.6729604614700202,27
2332,45,28,31,13,1.6710870406691087,15
2333,43,13,109,6,1.6656590774439002,7
2334,36,23,68,11,1.6511686348202657,12
2335,69,10,39,5,1.644395797770094,5
2336,95,10,57,6,1.6443605111684718,4
2337,71,39,107,17,1.6439964154335995,22
2338,106,44,88,19,1.6421661548035555,25
2339,85,12,20,6,1.6390974332364696,6
2340,39,19,96,8,1.6315253594413592,11
2341,16,41,114,18,1.6232837485706129,23
2342,16,83,28,39,1.623193110635921,44
2343,68,43,63,21,1.6131794883842965,22
2344,91,35,86,17,1.6127783916757956,18
2345,87,20,69,9,1.6090402907699264,11
2346,70,13,43,6,1.6071210379776917,7
2347,86,64,13,32,1.6004253524703345,32
2348,99,18,30,8,1.5949338139614577,10
2349,64,10,90,5,1.5921132093044654,5
2350,57,37,16,18,1.590647845241731,19
2351,7,73,40,33,1.5888049712895005,40
2352,2,15,25,8,1.5845186001024008,7
2353,60,60,16,29,1.5827171720559003,31
2354,55,22,90,12,1.578656952498874,10
2355,60,25,46,12,1.5735893742532674,13
2356,40,58,88,27,1.5715316879527905,31
2357,58,12,43,6,1.5653312346763884,6
2358,9,14,111,7,1.5621342613374551,7
2359,97,12,100,6,1.5601199386945834,6
2360,104,23,83,10,1.5563880557352996,13
2361,106,15,14,8,1.5523885439078582,7
2362,16,27,111,12,1.5488999004290867,15
2363,11,26,74,12,1.5483769164487977,14
2364,107,30,17,14,1.547594152671412,16
2365,51,52,60,22,1.5379585605411303,30
2366,97,25,46,12,1.5379422598602892,13
2367,13,23,45,11,1.536281477648622,12
2368,107,32,46,16,1.5343792707290018,16
2369,29,13,53,5,1.5317670028644748,8
2370,1,34,88,17,1.5234508852206479,17
2371,35,14,37,7,1.523131742310598,7
2372,43,12,8,6,1.5194230889621367,6
2373,46,12,55,5,1.5148590180899557,7
2374,28,63,5,31,1.5122016375527902,32
2375,86,77,20,36,1.5052536125341225,41
2376,102,26,54,12,1.5038621703367967,14
2377,50,17,108,9,1.5013768012598343,8
2378,29,21,87,9,1.496087722033851,12
2379,4,59,13,27,1.4911690163054754,32
2380,87,51,54,23,1.4805638305796738,28
2381,61,15,13,8,1.4797550252097438,7
2382,73,15,63,8,1.4760785674332926,7
2383,11,17,32,9,1.4729852723414754,8
2384,86,32,2,16,1.4682447143488935,16
2385,15,26,7,14,1.4671619013667956,12
2386,63,89,65,43,1.4663105199346151,46
2387,57,13,40,6,1.4659794198664808,7
2388,112,16,23,7,1.4656028868993851,9
2389,31,21,47,10,1.4606130980712668,11
2390,86,64,55,30,1.4599929257917066,34
2391,25,23,83,10,1.4597201880554966,13
2392,8,16,38,8,1.4562520429495758,8
2393,50,16,89,7,1.4560158637801317,9
2394,53,30,55,14,1.4538038424746393,16
2395,106,55,63,27,1.4485566818099482,28
2396,38,14,30,8,1.4430439721156862,6
2397,20,21,97,11,1.439527960881874,10
2398,50,28,25,14,1.4391705454909012,14
2399,19,12,28,6,1.429288766824447,6
2400,65,70,41,31,1.4285809086277084,39
2401,36,35,45,19,1.423273124508123,16
2402,51,24,30,12,1.422311208624186,12
2403,80,23,87,11,1.4202226913102636,12
2404,15,22,60,10,1.4197687048169967,12
2405,49,17,63,8,1.4171594607729323,9
2406,68,47,86,24,1.4153886750252886,23
2407,12,16,40,8,1.4120822666164417,8
2408,102,15,11,6,1.4114820984859568,9
2409,70,17,95,9,1.4011695857654913,8
2410,75,12,44,5,1.399837377533035,7
2411,16,10,56,4,1.3984899579645478,6
2412,20,19,95,9,1.3957034121223277,10
2413,91,13,9,6,1.3946381880594532,7
2414,7,15,83,6,1.3943529604549396,9
2415,100,25,106,13,1.3941621457208537,12
2416,44,25,16,13,1.3924747988210242,12
2417,43,13,37,7,1.3915535608538905,6
2418,17,15,74,7,1.3910983775391357,8
2419,15,15,114,7,1.385848653276297,8
2420,36,11,29,6,1.3837445576600587,5
2421,50,41,11,19,1.3816262941644981,22
2422,95,31,7,14,1.3809406634768675,17
2423,106,30,41,15,1.3806292559177733,15
2424,87,29,109,13,1.3766608968038978,16
2425,75,10,48,5,1.3711471542080278,5
2426,90,11,76,6,1.3711097869836062,5
2427,87,54,39,25,1.3671012502066116,29
2428,43,32,60,15,1.366965509377514,17
2429,27,13,23,7,1.3665703255989456,6
2430,25,26,30,14,1.363384718034577,12
2431,68,31,104,16,1.3616459533032328,15
2432,107,39,70,20,1.3599998705907188,19
2433,53,44,60,20,1.3503746570549047,24
2434,97,37,88,18,1.349074362930903,19
2435,84,17,90,8,1.3434141546201468,9
2436,71,48,7,25,1.3388864417450883,23
2437,77,53,60,25,1.338750114348228,28
2438,8,44,51,21,1.3380278840989286,23
2439,8,66,37,32,1.3357403383797626,34
2440,64,39,68,17,1.3356994520331131,22
2441,61,13,65,7,1.327965247882516,6
2442,60,25,109,12,1.3235251021634884,13
2443,74,18,80,9,1.3199661328668575,9
2444,46,60,88,30,1.317189159463411,30
2445,72,13,54,6,1.3158490559472218,7
2446,10,16,8,7,1.3145513780375315,9
2447,32,12,51,6,1.314434714983352,6
2448,37,12,108,6,1.3047215727540855,6
2449,70,11,102,7,1.3043211125718095,4
2450,107,55,60,26,1.3026835274312414,29
2451,5,44,13,21,1.302350985374302,23
2452,65,43,60,18,1.292557414516089,25
2453,2,22,74,10,1.2925512141562505,12
2454,81,20,88,10,1.2881148657858972,10
2455,15,31,13,14,1.2870483465437985,17
2456,97,20,109,10,1.283406905257821,10
2457,50,30,51,15,1.277023353905357,15
2458,8,82,55,42,1.2721684605222603,40
2459,50,27,65,13,1.2644687002361983,14
2460,75,42,55,18,1.2635366494506202,24
2461,88,34,37,16,1.263075132683617,18
2462,55,26,99,12,1.2605449554949548,14
2463,40,62,51,30,1.2569124216168759,32
2464,16,22,33,9,1.250719949272024,13
2465,109,30,16,15,1.2499451161124784,15
2466,65,10,89,5,1.246766687204138,5
2467,1,10,71,4,1.2456643982922146,6
2468,104,12,43,5,1.2430962980218274,7
2469,15,25,86,12,1.2421859247751872,13
2470,107,30,4,15,1.2387516471106226,15
2471,71,25,31,12,1.2380158081615504,13
2472,63,16,95,8,1.233969730193377,8
2473,38,16,60,7,1.2292640845256295,9
2474,71,26,9,12,1.2262156519313812,14
2475,87,50,55,24,1.2223891795427406,26
2476,98,11,74,5,1.2137114800422117,6
2477,38,12,46,5,1.2117798317776198,7
2478,25,33,97,16,1.211209753293348,17
2479,94,18,43,8,1.205589691243627,10
2480,16,51,74,24,1.19895248847691,27
2481,25,25,109,12,1.1927554377225935,13
2482,69,17,43,8,1.1823687630105753,9
2483,76,29,87,13,1.173923997825125,16
2484,86,49,30,25,1.166399973604863,24
2485,47,16,27,7,1.1658557312566065,9
2486,7,77,41,38,1.15072550046604,39
2487,39,11,98,5,1.1404948944014273,6
2488,13,46,28,22,1.1383330164762724,24
2489,60,73,71,35,1.1360670304013205,38
2490,80,11,38,6,1.135431064035941,5
2491,88,31,91,15,1.1352768006015477,16
2492,48,15,109,7,1.133812900706227,8
2493,23,47,16,22,1.133588423461974,25
2494,36,26,106,13,1.1307287364062801,13
2495,33,13,114,7,1.1286658148323794,6
2496,61,18,88,10,1.1254133453483963,8
2497,19,10,9,5,1.1214361797377137,5
2498,7,85,65,44,1.1151148094385754,41
2499,63,47,40,22,1.1085655861732644,25
2500,73,13,55,6,1.1082443575059586,7
2501,40,19,45,9,1.1043531225931202,10
2502,96,18,2,9,1.1039761816908797,9
2503,70,39,106,20,1.1024614638047308,19
2504,54,16,33,7,1.1000953180608282,9
2505,13,67,60,30,1.0987386561282546,37
2506,14,16,11,7,1.0923565448715802,9
2507,40,13,74,6,1.0901529369074687,7
2508,65,46,39,20,1.089267893981286,26
2509,3,31,51,18,1.0776643181053591,13
2510,64,19,97,9,1.0748997556854092,10
2511,67,20,37,9,1.0707700527635258,11
2512,106,12,66,5,1.070759127853136,7
2513,41,47,107,21,1.067462992326089,26
2514,70,55,8,27,1.0665028298167964,28
2515,8,43,20,21,1.064860256583808,22
2516,104,30,109,15,1.0638658496000608,15
2517,88,34,84,18,1.0618459359527836,16
2518,18,35,87,16,1.0595333397572304,19
2519,28,25,76,13,1.059013659975815,12
2520,16,37,40,17,1.0479395774839413,20
2521,86,25,57,11,1.0455740336034747,14
2522,114,19,69,8,1.0427404151557151,11
2523,90,21,88,11,1.0373159148886417,10
2524,114,29,20,14,1.0369418237684707,15
2525,45,14,3,7,1.0349134798027078,7
2526,35,22,7,11,1.0299988339542105,11
2527,11,41,87,22,1.027110181689243,19
2528,63,20,44,9,1.0233184771026502,11
2529,70,10,33,5,1.0222975969230632,5
2530,114,55,86,27,1.009397796693002,28
2531,13,43,75,20,1.005364432264769,23
2532,3,28,39,13,1.005279876255595,15
2533,114,11,93,6,1.004990658958168,5
2534,114,39,7,18,1.0047894280060632,21
2535,9,19,112,9,1.0011116788041667,10
2536,8,40,39,20,0.9993368710228037,20
2537,37,37,17,16,0.9978108601802018,21
2538,107,14,79,8,0.9916516151596949,6
2539,23,17,111,10,0.9902411232186314,7
2540,60,21,28,12,0.9891037947174114,9
2541,64,14,100,6,0.9873146869937531,8
2542,39,38,28,19,0.9827440527550545,19
2543,50,29,17,13,0.9785385252670544,16
2544,51,33,31,14,0.9782499075201472,19
2545,107,65,5,32,0.9748363761521144,33
2546,79,11,88,5,0.9736004729947267,6
2547,114,26,17,11,0.9721557918960149,15
2548,14,16,87,7,0.9719183858987279,9
2549,37,50,51,27,0.9710667257210692,23
2550,104,38,106,19,0.9604760273979323,19
2551,14,14,5,6,0.9561035605846475,8
2552,107,41,27,20,0.952515535377431,21
2553,7,20,8,9,0.9446580951337806,11
2554,112,13,114,7,0.9421647262329379,6
2555,47,33,39,16,0.9409236558902792,17
2556,102,11,83,5,0.9259324073609744,6
2557,33,17,86,9,0.9246066959077469,8
2558,39,33,104,16,0.9243967556000993,17
2559,102,18,65,10,0.9231577333764872,8
2560,75,27,114,13,0.9181862737012574,14
2561,13,20,33,10,0.918120505460343,10
2562,106,100,86,49,0.9173221659807225,51
2563,13,29,17,14,0.911997059489202,15
2564,43,17,50,7,0.911659904777202,10
2565,36,35,75,19,0.9076169876586753,16
2566,23,13,3,6,0.9036934098771335,7
2567,84,17,79,9,0.9012801816556621,8
2568,107,65,63,35,0.9004862155219548,30
2569,68,17,74,7,0.9001065237726507,10
2570,8,24,48,11,0.8990865709573224,13
2571,3,10,106,5,0.8904989515497614,5
2572,60,17,83,8,0.8851626447494981,9
2573,77,21,4,10,0.8810684428976758,11
2574,37,21,57,10,0.8778160008276704,11
2575,39,40,41,21,0.8751561183312206,19
2576,111,47,68,24,0.8746288393374696,23
2577,7,27,49,15,0.8744069756975954,12
2578,94,12,114,5,0.8733223650892258,7
2579,7,72,39,36,0.8666556089412244,36
2580,55,21,71,9,0.863684832703073,12
2581,10,10,114,4,0.8617397018011257,6
2582,34,17,16,8,0.8560019455164203,9
2583,71,28,63,13,0.8479499084443569,15
2584,62,11,50,5,0.8451062062670078,6
2585,50,56,86,29,0.8444740252545996,27
2586,27,39,68,18,0.8444718126987756,21
2587,54,40,74,20,0.8415267564978521,20
2588,28,23,30,12,0.8403239904216823,11
2589,2,16,46,8,0.8285194662826778,8
2590,7,57,18,29,0.8231688841647112,28
2591,96,58,107,27,0.8081270899904945,31
2592,84,31,50,16,0.8064114901977948,15
2593,56,14,40,7,0.8062835825274064,7
2594,2,22,88,11,0.7956469041111237,11
2595,15,23,57,11,0.7930287445383305,12
2596,53,53,13,28,0.7874885927037626,25
2597,18,19,65,10,0.7868157298210118,9
2598,9,17,34,8,0.77910514985876,9
2599,104,45,114,21,0.7777920700848383,24
2600,87,22,99,10,0.7762165713325069,12
2601,43,28,65,15,0.7736410586664142,13
2602,97,20,93,10,0.7717644600090583,10
2603,33,15,104,8,0.7704375614853092,7
2604,107,80,8,36,0.7700051528352245,44
2605,75,27,64,13,0.7678085379778312,14
2606,110,12,54,6,0.762633303380524,6
2607,50,19,109,9,0.7621588618054026,10
2608,107,79,28,37,0.7544537727453153,42
2609,28,27,48,13,0.7484805696104432,14
2610,47,21,87,10,0.7462429355983711,11
2611,3,20,71,10,0.744611540631482,10
2612,36,13,74,5,0.7437175733038444,8
2613,25,24,15,13,0.7394428200536315,11
2614,40,77,86,36,0.7352757671814381,41
2615,95,41,5,21,0.731606653431554,20
2616,58,25,9,13,0.7270071603708143,12
2617,86,39,3,18,0.7256558940842943,21
2618,69,12,3,5,0.7220114611067269,7
2619,61,18,40,9,0.7154895706830828,9
2620,82,13,28,7,0.7153587234866209,6
2621,87,45,63,23,0.7153353724609679,22
2622,69,12,20,6,0.7149448032089584,6
2623,68,51,60,26,0.7146206283070944,25
2624,54,85,65,41,0.7126472318729192,44
2625,13,17,96,8,0.7114671477918352,9
2626,76,25,8,13,0.7077738529790866,12
2627,18,23,104,13,0.701208945227421,10
2628,27,11,99,6,0.6941577039356042,5
2629,29,17,38,8,0.6873786981327397,9
2630,43,13,84,6,0.6853274773451387,7
2631,18,19,25,10,0.6816652439852776,9
2632,50,24,114,11,0.6812811811945304,13
2633,78,17,57,9,0.6691978614246572,8
2634,37,40,114,18,0.6680388190804037,22
2635,1,10,62,5,0.6629322217278115,5
2636,63,38,50,18,0.6599709375930062,20
2637,64,15,108,8,0.6582287703496978,7
2638,41,27,1,12,0.6450987397179471,15
2639,98,16,50,8,0.6426219058041094,8
2640,53,22,63,11,0.6396118229300763,11
2641,25,25,41,14,0.6394054706376684,11
2642,111,17,36,8,0.6365354853619557,9
2643,4,28,64,13,0.6316212138641686,15
2644,11,11,97,6,0.6269874474505769,5
2645,51,65,68,34,0.625925013228295,31
2646,50,63,54,31,0.6257662884110836,32
2647,36,33,71,17,0.6241330409639582,16
2648,51,58,55,29,0.6228899757373463,29
2649,109,13,40,7,0.6223424064374103,6
2650,76,30,96,14,0.6223340675935091,16
2651,31,22,58,11,0.6168553703735019,11
2652,43,20,114,11,0.6074470201565788,9
2653,91,16,70,7,0.6063303701253773,9
2654,63,15,34,7,0.6010869874219945,8
2655,71,32,106,15,0.6009609652453856,17
2656,61,10,86,5,0.5990640749995453,5
2657,30,24,40,12,0.5893402617113984,12
2658,76,13,36,4,0.5885035889042722,9
2659,11,30,39,15,0.5835846349669753,15
2660,17,43,51,22,0.578587223538638,21
2661,106,46,76,25,0.577289694916291,21
2662,46,22,9,12,0.57092599444048,10
2663,23,12,53,6,0.5700661218932129,6
2664,75,51,65,26,0.5689430318120555,25
2665,40,10,94,5,0.5678516928680516,5
2666,11,11,27,6,0.5615364354397145,5
2667,97,31,2,15,0.5614740846174435,16
2668,83,10,2,5,0.5594397265150824,5
2669,3,10,4,5,0.5556184418282119,5
2670,5,49,54,23,0.5526115688513309,26
2671,86,26,85,13,0.5520922026279291,13
2672,92,17,7,7,0.5480230211986101,10
2673,104,55,13,27,0.5474902747445213,28
2674,98,27,16,13,0.5462850233229243,14
2675,87,14,6,7,0.5451369775684941,7
2676,86,32,80,16,0.5398930710578201,16
2677,106,10,1,5,0.539652861011431,5
2678,63,43,7,18,0.5381341307781913,25
2679,28,19,33,8,0.5377400393884932,11
2680,8,75,88,37,0.5304582267575177,38
2681,73,19,28,10,0.5214155246375574,9
2682,43,17,25,10,0.5197036131496171,7
2683,106,68,28,33,0.5161436710076662,35
2684,41,11,90,6,0.513841479320257,5
2685,114,11,38,6,0.5127819422302534,5
2686,4,18,9,9,0.5118055197130339,9
2687,49,12,97,5,0.510198270023406,7
2688,51,22,71,11,0.5066228412969123,11
2689,23,10,9,5,0.5053397207394539,5
2690,18,29,41,15,0.5040827449695365,14
2691,90,13,91,6,0.5003235284827323,7
2692,88,35,31,18,0.4999807976090588,17
2693,70,19,39,10,0.49953189293951183,9
2694,5,59,87,29,0.4991669720547012,30
2695,5,39,63,22,0.49187190353271276,17
2696,57,14,104,5,0.4845128262229356,9
2697,37,17,62,10,0.47941613349669066,7
2698,95,28,74,13,0.47842550860281996,15
2699,75,31,41,14,0.47837138213253816,17
2700,25,51,39,26,0.4759465051184244,25
2701,37,13,69,6,0.4741041536564538,7
2702,113,11,86,6,0.46954311123939263,5
2703,65,54,31,26,0.46913887469692744,28
2704,87,16,111,8,0.45897322341286445,8
2705,109,23,84,11,0.4540120385179338,12
2706,88,41,49,20,0.4529990219368629,21
2707,62,13,55,7,0.4490302976953222,6
2708,80,11,9,7,0.4439834453330457,4
2709,86,83,65,43,0.4411076558908754,40
2710,90,15,11,7,0.4409004522210816,8
2711,40,43,31,22,0.429627197462679,21
2712,28,11,15,6,0.4267449726371353,5
2713,87,52,51,26,0.42652664908738336,26
2714,33,11,99,6,0.42486651226142574,5
2715,87,46,96,22,0.4185307257645089,24
2716,5,14,38,7,0.4168378546295618,7
2717,31,33,86,17,0.4107692180392416,16
2718,109,55,86,27,0.4101866414275542,28
2719,50,18,79,9,0.4091046493522828,9
2720,98,14,114,7,0.4067842985377363,7
2721,27,17,106,10,0.4013630945998079,7
2722,88,13,78,6,0.3934639813104847,7
2723,54,62,16,32,0.3930951100531193,30
2724,55,16,41,8,0.3929137359889599,8
2725,23,18,54,9,0.39214168570707464,9
2726,8,13,44,6,0.3904420875790005,7
2727,69,30,36,15,0.38598798110099336,15
2728,8,35,50,16,0.38293825667797665,19
2729,114,28,71,14,0.3795577437704574,14
2730,70,22,97,12,0.3783758219642565,10
2731,14,18,84,8,0.37783903496494214,10
2732,40,16,108,7,0.373845897515691,9
2733,88,35,71,19,0.3711092012403024,16
2734,40,21,75,10,0.36863713867004627,11
2735,95,26,28,12,0.36814720179538635,14
2736,63,17,47,7,0.3681401863793021,10
2737,25,30,63,16,0.3669879376751877,14
2738,92,18,13,7,0.36521745881563183,11
2739,46,18,41,8,0.36430211798636986,10
2740,10,13,84,6,0.3553918658090926,7
2741,79,12,54,5,0.3524093679970092,7
2742,87,19,43,9,0.33952641673551315,10
2743,49,21,51,10,0.3351069066929168,11
2744,39,41,54,21,0.33442242846591713,20
2745,83,20,106,11,0.33164456490941063,9
2746,9,19,84,9,0.33153170217178507,10
2747,54,72,107,37,0.3294015364989724,35
2748,76,28,70,13,0.3288931307094032,15
2749,49,14,114,6,0.32751436291229447,8
2750,41,34,63,17,0.326061354616667,17
2751,86,103,107,52,0.32501392264203255,51
2752,114,68,107,33,0.32070298196932506,35
2753,83,25,28,14,0.3193130867023741,11
2754,28,20,57,10,0.3178817124708434,10
2755,50,18,112,8,0.31747188429243445,10
2756,51,13,92,7,0.31029394338620886,6
2757,57,19,46,9,0.3079095171810309,10
2758,88,36,20,19,0.3041395250896581,17
2759,53,28,86,16,0.3007788516561258,12
2760,114,60,88,30,0.29749332449413723,30
2761,88,15,48,6,0.2955612335778544,9
2762,13,42,27,22,0.2905119523861549,20
2763,57,11,53,6,0.2873041046379347,5
2764,48,17,39,9,0.281951836002177,8
2765,67,12,25,6,0.2816428039469064,6
2766,96,12,67,7,0.27996501259109813,5
2767,53,18,5,8,0.2778213329671456,10
2768,69,11,19,6,0.2714192647995953,5
2769,112,23,65,12,0.2684756762277067,11
2770,36,11,38,4,0.26679215079866997,7
2771,37,22,76,12,0.2606095394442829,10
2772,40,25,47,14,0.24655985846699452,11
2773,107,21,112,10,0.24297047982070114,11
2774,83,20,88,11,0.24121558114701722,9
2775,30,20,106,10,0.23895557447172086,10
2776,64,19,45,9,0.2352744559029064,10
2777,57,14,20,7,0.22969067246688318,7
2778,65,10,101,5,0.22906131925901718,5
2779,65,23,15,12,0.2283662183449726,11
2780,67,12,84,5,0.22644335659627104,7
2781,72,16,7,8,0.22521266099875584,8
2782,11,24,65,11,0.2231872290555846,13
2783,107,40,18,22,0.21456452912257484,18
2784,107,59,74,28,0.21255364694604195,31
2785,53,21,44,9,0.2122113313421154,12
2786,28,11,66,5,0.2056598644516812,6
2787,44,14,107,7,0.20330478165271706,7
2788,46,16,71,7,0.19894184736909315,9
2789,8,66,54,35,0.1986057005994308,31
2790,9,52,13,27,0.19055874122105107,25
2791,98,11,100,5,0.18985443720382733,6
2792,35,12,70,7,0.18631436457958764,5
2793,44,15,65,6,0.18351226600640885,9
2794,71,33,8,17,0.17759312635004623,16
2795,96,37,55,19,0.17732770674363885,18
2796,88,53,41,27,0.17567237068802208,26
2797,11,47,106,26,0.17225906773687616,21
2798,7,51,4,26,0.16136746029798088,25
2799,62,12,106,6,0.1584669634691407,6
2800,78,19,13,10,0.15609036668630244,9
2801,84,22,80,10,0.15202664995311643,12
2802,37,47,28,23,0.1387371009601698,24
2803,73,10,25,5,0.1328731236438802,5
2804,51,13,44,8,0.13191763257362837,5
2805,60,76,7,38,0.13134493579901685,38
2806,28,22,98,9,0.12169006680659694,13
2807,68,47,9,23,0.12106464829716804,24
2808,40,28,18,16,0.11377047107058737,12
2809,98,13,97,7,0.11020600858990875,6
2810,2,18,84,9,0.10504403066305398,9
2811,68,13,44,7,0.10451112471006771,6
2812,112,34,16,18,0.10310790517554788,16
2813,47,18,65,9,0.09599132258442843,9
2814,74,39,25,20,0.09563368284676016,19
2815,25,65,16,32,0.09364645449744402,33
2816,30,15,96,8,0.09214636377364425,7
2817,114,29,36,13,0.09213128587786307,16
2818,95,52,86,24,0.08956033992826938,28
2819,107,94,7,42,0.07975391090501975,52
2820,97,36,74,17,0.07931920932357782,19
2821,76,20,109,9,0.07505370430495735,11
2822,55,15,108,8,0.07480659095217349,7
2823,84,20,65,9,0.07280165631996083,11
2824,106,21,40,10,0.06808253080226546,11
2825,108,15,74,7,0.06305457719799344,8
2826,8,70,106,37,0.05212763279076112,33
2827,8,16,27,7,0.051328614148521634,9
2828,34,19,50,10,0.05002588679712766,9
2829,73,16,106,8,0.04700386219362951,8
2830,112,19,63,9,0.04656981650604271,10
2831,65,11,81,6,0.04550793535821782,5
2832,65,44,8,22,0.044780594216323605,22
2833,31,11,97,5,0.04256244744109723,6
2834,12,36,65,17,0.04009292919049301,19
2835,41,23,27,11,0.03715076021582355,12
2836,45,17,71,7,0.03389797077786283,10
2837,106,42,50,20,0.025298087208634697,22
2838,107,58,39,28,0.022002026984637022,30
2839,89,15,28,8,0.018607611913672883,7
2840,35,24,86,11,0.011498856499630127,13
2841,11,41,46,21,0.010078384039398624,20
2842,109,17,83,7,0.00972932964701334,10
2843,90,33,16,15,0.006116246156991541,18
2844,3,17,28,9,0.004336797009449314,8
2845,109,20,102,10,0.0026602667859183526,10
2846,102,20,109,10,-0.0026602667859165763,10
2847,28,17,3,8,-0.004336797009449105,9
2848,16,33,90,18,-0.0061162461569911645,15
2849,83,17,109,10,-0.009729329647013785,7
2850,46,41,11,20,-0.010078384039398624,21
2851,86,24,35,13,-0.011498856499629817,11
2852,28,15,89,7,-0.018607611913672648,8
2853,39,58,107,30,-0.022002026984636165,28
2854,50,42,106,22,-0.02529808720863334,20
2855,71,17,45,10,-0.03389797077786216,7
2856,27,23,41,12,-0.037150760215824086,11
2857,65,36,12,19,-0.04009292919049182,17
2858,97,11,31,6,-0.042562447441096586,5
2859,8,44,65,22,-0.04478059421632261,22
2860,81,11,65,5,-0.04550793535821569,6
2861,63,19,112,10,-0.04656981650604271,9
2862,106,16,73,8,-0.0470038621936304,8
2863,50,19,34,9,-0.05002588679712785,10
2864,27,16,8,9,-0.051328614148522966,7
2865,106,70,8,33,-0.05212763279076128,37
2866,74,15,108,8,-0.06305457719799369,7
2867,40,21,106,11,-0.0680825308022658,10
2868,65,20,84,11,-0.07280165631996083,9
2869,108,15,55,7,-0.07480659095217229,8
2870,109,20,76,11,-0.07505370430495617,9
2871,11,52,16,23,-0.07554651902881368,29
2872,74,36,97,19,-0.07931920932357782,17
2873,7,94,107,52,-0.0797539109050192,42
2874,86,52,95,28,-0.08956033992827091,24
2875,36,29,114,16,-0.09213128587786189,13
2876,96,15,30,7,-0.09214636377364507,8
2877,16,65,25,33,-0.09364645449744435,32
2878,25,39,74,19,-0.0956336828467596,20
2879,65,18,47,9,-0.09599132258443177,9
2880,16,34,112,16,-0.10310790517554731,18
2881,44,13,68,6,-0.10451112471006657,7
2882,84,18,2,9,-0.10504403066305477,9
2883,97,13,98,6,-0.11020600858990862,7
2884,18,28,40,12,-0.11377047107058744,16
2885,9,47,68,24,-0.12106464829716938,23
2886,98,22,28,13,-0.1216900668065983,9
2887,7,76,60,38,-0.13134493579901632,38
2888,44,13,51,5,-0.1319176325736292,8
2889,25,10,73,5,-0.1328731236438802,5
2890,28,47,37,24,-0.13873710096017047,23
2891,80,22,84,12,-0.15202664995311627,10
2892,13,19,78,9,-0.15609036668630338,10
2893,106,12,62,6,-0.15846696346914188,6
2894,4,51,7,25,-0.16136746029798163,26
2895,106,47,11,21,-0.17225906773687602,26
2896,41,53,88,26,-0.17567237068802258,27
2897,55,37,96,18,-0.17732770674364082,19
2898,8,33,71,16,-0.17759312635004632,17
2899,65,15,44,9,-0.1835122660064091,6
2900,70,12,35,5,-0.18631436457958692,7
2901,100,11,98,6,-0.18985443720382733,5
2902,13,52,9,25,-0.1905587412210518,27
2903,54,66,8,31,-0.19860570059943058,35
2904,71,16,46,9,-0.19894184736909182,7
2905,107,14,44,7,-0.20330478165271787,7
2906,66,11,28,6,-0.20565986445168055,5
2907,44,21,53,12,-0.2122113313421161,9
2908,18,40,107,18,-0.21456452912257684,22
2909,65,24,11,13,-0.22318722905558436,11
2910,7,16,72,8,-0.22521266099875537,8
2911,84,12,67,7,-0.22644335659627166,5
2912,15,23,65,11,-0.22836621834497134,12
2913,101,10,65,5,-0.2290613192590168,5
2914,20,14,57,7,-0.2296906724668833,7
2915,45,19,64,10,-0.23527445590290527,9
2916,106,20,30,10,-0.2389555744717199,10
2917,88,20,83,9,-0.24121558114701463,11
2918,112,21,107,11,-0.24297047982070197,10
2919,47,25,40,11,-0.24655985846699366,14
2920,76,22,37,10,-0.26060953944428406,12
2921,38,11,36,7,-0.26679215079866964,4
2922,65,23,112,11,-0.26847567622770757,12
2923,19,11,69,5,-0.2714192647995956,6
2924,5,18,53,10,-0.277821332967146,8
2925,67,12,96,5,-0.279965012591097,7
2926,25,12,67,6,-0.2816428039469064,6
2927,39,17,48,8,-0.28195183600217677,9
2928,53,11,57,5,-0.2873041046379331,6
2929,27,42,13,20,-0.29051195238615496,22
2930,48,15,88,9,-0.29556123357785347,6
2931,88,60,114,30,-0.2974933244941375,30
2932,86,28,53,12,-0.300778851656125,16
2933,46,19,57,10,-0.3079095171810289,9
2934,92,13,51,6,-0.31029394338620975,7
2935,112,18,50,10,-0.31747188429243345,8
2936,57,20,28,10,-0.3178817124708441,10
2937,28,25,83,11,-0.3193130867023753,14
2938,107,68,114,35,-0.3207029819693246,33
2939,107,103,86,51,-0.325013922642032,52
2940,63,34,41,17,-0.3260613546166661,17
2941,114,14,49,8,-0.32751436291229385,6
2942,70,28,76,15,-0.32889313070940346,13
2943,107,72,54,35,-0.3294015364989732,37
2944,84,19,9,10,-0.33153170217178424,9
2945,106,20,83,9,-0.3316445649094112,11
2946,54,41,39,20,-0.3344224284659163,21
2947,51,21,49,11,-0.3351069066929168,10
2948,43,19,87,10,-0.3395264167355131,9
2949,54,12,79,7,-0.352409367997008,5
2950,84,13,10,7,-0.35539186580909315,6
2951,41,18,46,10,-0.36430211798637085,8
2952,13,18,92,11,-0.3652174588156323,7
2953,63,30,25,14,-0.3669879376751877,16
2954,47,17,63,10,-0.368140186379302,7
2955,28,26,95,14,-0.36814720179538646,12
2956,75,21,40,11,-0.3686371386700461,10
2957,71,35,88,16,-0.37110920124030156,19
2958,108,16,40,9,-0.3738458975156912,7
2959,84,18,14,10,-0.37783903496494253,8
2960,97,22,70,10,-0.3783758219642562,12
2961,71,28,114,14,-0.3795577437704577,14
2962,50,35,8,19,-0.3829382566779763,16
2963,36,30,69,15,-0.3859879811009911,15
2964,44,13,8,7,-0.3904420875789997,6
2965,54,18,23,9,-0.39214168570707364,9
2966,41,16,55,8,-0.39291373598895946,8
2967,16,62,54,30,-0.3930951100531199,32
2968,78,13,88,7,-0.3934639813104835,6
2969,106,17,27,7,-0.40136309459980746,10
2970,102,23,16,12,-0.4055631726315678,11
2971,114,14,98,7,-0.40678429853773473,7
2972,79,18,50,9,-0.4091046493522828,9
2973,86,55,109,28,-0.41018664142755423,27
2974,86,33,31,16,-0.4107692180392426,17
2975,38,14,5,7,-0.4168378546295618,7
2976,96,46,87,24,-0.4185307257645087,22
2977,99,11,33,5,-0.4248665122614248,6
2978,51,52,87,26,-0.4265266490873827,26
2979,15,11,28,5,-0.42674497263713496,6
2980,31,43,40,21,-0.4296271974626791,22
2981,11,15,90,8,-0.4409004522210813,7
2982,65,83,86,40,-0.44110765589087725,43
2983,9,11,80,4,-0.4439834453330448,7
2984,55,13,62,6,-0.4490302976953225,7
2985,49,41,88,21,-0.45299902193686364,20
2986,84,23,109,12,-0.45401203851793426,11
2987,111,16,87,8,-0.45897322341286373,8
2988,31,54,65,28,-0.4691388746969265,26
2989,86,11,113,5,-0.46954311123939296,6
2990,69,13,37,7,-0.47410415365645314,6
2991,39,51,25,25,-0.4759465051184236,26
2992,41,31,75,17,-0.47837138213253816,14
2993,74,28,95,15,-0.4784255086028221,13
2994,62,17,37,7,-0.47941613349669043,10
2995,104,14,57,9,-0.4845128262229359,5
2996,20,13,93,7,-0.4910409331485479,6
2997,63,39,5,17,-0.4918719035327135,22
2998,87,59,5,30,-0.49916697205470045,29
2999,39,19,70,9,-0.49953189293951067,10
3000,31,35,88,17,-0.499980797609059,18
3001,91,13,90,7,-0.5003235284827329,6
3002,41,29,18,14,-0.5040827449695369,15
3003,9,10,23,5,-0.5053397207394532,5
3004,71,22,51,11,-0.5066228412969127,11
3005,97,12,49,7,-0.510198270023406,5
3006,9,18,4,9,-0.5118055197130339,9
3007,38,11,114,5,-0.5127819422302561,6
3008,90,11,41,5,-0.513841479320257,6
3009,28,68,106,35,-0.5161436710076651,33
3010,25,17,43,7,-0.5197036131496168,10
3011,28,19,73,9,-0.5214155246375576,10
3012,88,75,8,38,-0.5304582267575169,37
3013,33,19,28,11,-0.5377400393884936,8
3014,7,43,63,25,-0.5381341307781913,18
3015,1,10,106,5,-0.5396528610114302,5
3016,80,32,86,16,-0.5398930710578194,16
3017,6,14,87,7,-0.5451369775684937,7
3018,16,27,98,14,-0.5462850233229247,13
3019,13,55,104,28,-0.5474902747445204,27
3020,7,17,92,10,-0.5480230211986107,7
3021,85,26,86,13,-0.5520922026279292,13
3022,54,49,5,26,-0.5526115688513301,23
3023,4,10,3,5,-0.5556184418282125,5
3024,2,10,83,5,-0.559439726515081,5
3025,2,31,97,16,-0.5614740846174444,15
3026,27,11,11,5,-0.5615364354397134,6
3027,107,36,90,19,-0.5646498466658356,17
3028,94,10,40,5,-0.5678516928680514,5
3029,65,51,75,25,-0.5689430318120551,26
3030,53,12,23,6,-0.5700661218932138,6
3031,9,22,46,10,-0.57092599444048,12
3032,51,43,17,21,-0.5785872235386386,22
3033,39,30,11,15,-0.5835846349669755,15
3034,36,13,76,9,-0.5885035889042698,4
3035,40,24,30,12,-0.5893402617113975,12
3036,86,10,61,5,-0.5990640749995453,5
3037,106,32,71,17,-0.6009609652453869,15
3038,34,15,63,8,-0.6010869874219955,7
3039,70,16,91,9,-0.6063303701253777,7
3040,114,20,43,9,-0.6074470201565787,11
3041,58,22,31,11,-0.6168553703735028,11
3042,96,30,76,16,-0.6223340675935105,14
3043,40,13,109,6,-0.6223424064374109,7
3044,55,58,51,29,-0.622889975737348,29
3045,71,33,36,16,-0.6241330409639598,17
3046,54,63,50,32,-0.6257662884110818,31
3047,68,65,51,31,-0.6259250132282955,34
3048,97,11,11,5,-0.626987447450576,6
3049,64,28,4,15,-0.6316212138641698,13
3050,36,17,111,9,-0.6365354853619557,8
3051,41,25,25,11,-0.6394054706376676,14
3052,63,22,53,11,-0.6396118229300776,11
3053,50,16,98,8,-0.6426219058041119,8
3054,1,27,41,15,-0.6450987397179483,12
3055,108,15,64,7,-0.6582287703496964,8
3056,50,38,63,20,-0.6599709375930077,18
3057,62,10,1,5,-0.6629322217278115,5
3058,114,40,37,22,-0.6680388190804033,18
3059,57,17,78,8,-0.6691978614246582,9
3060,114,24,50,13,-0.6812811811945291,11
3061,25,19,18,9,-0.6816652439852758,10
3062,84,13,43,7,-0.6853274773451387,6
3063,38,17,29,9,-0.6873786981327392,8
3064,99,11,27,5,-0.6941577039356038,6
3065,104,23,18,10,-0.7012089452274208,13
3066,8,25,76,12,-0.7077738529790857,13
3067,96,17,13,9,-0.7114671477918357,8
3068,65,85,54,44,-0.7126472318729195,41
3069,60,51,68,25,-0.7146206283070936,26
3070,20,12,69,6,-0.7149448032089586,6
3071,63,45,87,22,-0.715335372460967,23
3072,28,13,82,6,-0.7153587234866207,7
3073,40,18,61,9,-0.7154895706830816,9
3074,3,12,69,7,-0.7220114611067269,5
3075,3,39,86,21,-0.7256558940842948,18
3076,9,25,58,12,-0.727007160370813,13
3077,5,41,95,20,-0.7316066534315533,21
3078,86,77,40,41,-0.7352757671814375,36
3079,15,24,25,11,-0.7394428200536295,13
3080,74,13,36,8,-0.743717573303844,5
3081,71,20,3,10,-0.7446115406314829,10
3082,87,21,47,11,-0.7462429355983705,10
3083,48,27,28,14,-0.7484805696104441,13
3084,28,79,107,42,-0.7544537727453159,37
3085,109,19,50,10,-0.762158861805403,9
3086,54,12,110,6,-0.7626333033805247,6
3087,64,27,75,14,-0.7678085379778318,13
3088,8,80,107,44,-0.7700051528352247,36
3089,104,15,33,7,-0.7704375614853106,8
3090,93,20,97,10,-0.7717644600090567,10
3091,65,28,43,13,-0.7736410586664141,15
3092,99,22,87,12,-0.7762165713325071,10
3093,114,45,104,24,-0.7777920700848373,21
3094,34,17,9,9,-0.77910514985876,8
3095,65,19,18,9,-0.7868157298210114,10
3096,13,53,53,25,-0.787488592703762,28
3097,57,23,15,12,-0.79302874453833,11
3098,88,22,2,11,-0.7956469041111237,11
3099,40,14,56,7,-0.8062835825274064,7
3100,50,31,84,15,-0.8064114901977935,16
3101,107,58,96,31,-0.8081270899904945,27
3102,20,27,74,13,-0.8203305748765273,14
3103,18,57,7,28,-0.8231688841647117,29
3104,46,16,2,8,-0.8285194662826783,8
3105,93,19,107,9,-0.8317061972633653,10
3106,30,23,28,11,-0.840323990421683,12
3107,74,40,54,20,-0.8415267564978521,20
3108,68,39,27,21,-0.8444718126987766,18
3109,86,56,50,27,-0.8444740252545996,29
3110,50,11,62,6,-0.8451062062670082,5
3111,63,28,71,15,-0.8479499084443569,13
3112,16,17,34,9,-0.8560019455164201,8
3113,114,10,10,6,-0.8617397018011254,4
3114,71,21,55,12,-0.8636848327030733,9
3115,39,72,7,36,-0.8666556089412238,36
3116,114,12,94,7,-0.8733223650892254,5
3117,49,27,7,12,-0.8744069756975955,15
3118,68,47,111,23,-0.87462883933747,24
3119,41,40,39,19,-0.8751561183312209,21
3120,57,21,37,11,-0.877816000827672,10
3121,4,21,77,11,-0.8810684428976734,10
3122,83,17,60,9,-0.8851626447494985,8
3123,106,10,3,5,-0.8904989515497619,5
3124,48,24,8,13,-0.8990865709573216,11
3125,74,17,68,10,-0.9001065237726515,7
3126,63,65,107,30,-0.9004862155219557,35
3127,79,17,84,8,-0.9012801816556617,9
3128,3,13,23,7,-0.9036934098771321,6
3129,75,35,36,16,-0.9076169876586756,19
3130,50,17,43,10,-0.911659904777202,7
3131,17,29,13,15,-0.9119970594892034,14
3132,33,20,13,10,-0.9181205054603415,10
3133,114,27,75,14,-0.9181862737012573,13
3134,65,18,102,8,-0.9231577333764884,10
3135,104,33,39,17,-0.924396755600099,16
3136,86,17,33,8,-0.9246066959077452,9
3137,83,11,102,6,-0.9259324073609722,5
3138,39,33,47,17,-0.9409236558902793,16
3139,114,13,112,6,-0.9421647262329372,7
3140,8,20,7,11,-0.9446580951337818,9
3141,27,41,107,21,-0.952515535377432,20
3142,5,14,14,8,-0.9561035605846475,6
3143,106,38,104,19,-0.9604760273979325,19
3144,51,50,37,23,-0.9710667257210696,27
3145,87,16,14,9,-0.9719183858987275,7
3146,17,26,114,15,-0.9721557918960135,11
3147,88,11,79,6,-0.973600472994728,5
3148,5,65,107,33,-0.9748363761521153,32
3149,31,33,51,19,-0.9782499075201476,14
3150,17,29,50,16,-0.9785385252670543,13
3151,28,38,39,19,-0.9827440527550564,19
3152,100,14,64,8,-0.9873146869937529,6
3153,28,21,60,9,-0.9891037947174117,12
3154,111,17,23,7,-0.9902411232186308,10
3155,79,14,107,6,-0.9916516151596952,8
3156,17,37,37,21,-0.9978108601802036,16
3157,39,40,8,20,-0.9993368710228037,20
3158,112,19,9,10,-1.001111678804167,9
3159,7,39,114,21,-1.0047894280060643,18
3160,93,11,114,5,-1.0049906589581687,6
3161,39,28,3,15,-1.0052798762555943,13
3162,75,43,13,23,-1.0053644322647692,20
3163,86,55,114,28,-1.0093977966930037,27
3164,33,10,70,5,-1.0222975969230645,5
3165,44,20,63,11,-1.0233184771026504,9
3166,87,41,11,19,-1.0271101816892427,22
3167,7,22,35,11,-1.02999883395421,11
3168,3,14,45,7,-1.0349134798027073,7
3169,20,29,114,15,-1.0369418237684724,14
3170,88,21,90,10,-1.0373159148886413,11
3171,69,19,114,11,-1.0427404151557151,8
3172,57,25,86,14,-1.0455740336034751,11
3173,40,37,16,20,-1.0479395774839417,17
3174,76,25,28,12,-1.059013659975815,13
3175,87,35,18,19,-1.059533339757231,16
3176,84,34,88,16,-1.0618459359527839,18
3177,109,30,104,15,-1.063865849600061,15
3178,20,43,8,22,-1.0648602565838075,21
3179,8,55,70,28,-1.0665028298167962,27
3180,107,47,41,26,-1.0674629923260874,21
3181,66,12,106,7,-1.0707591278531368,5
3182,37,20,67,11,-1.0707700527635244,9
3183,97,19,64,10,-1.0748997556854094,9
3184,51,31,3,13,-1.07766431810536,18
3185,39,46,65,26,-1.0892678939812854,20
3186,74,13,40,7,-1.0901529369074696,6
3187,11,16,14,9,-1.0923565448715815,7
3188,60,67,13,37,-1.0987386561282542,30
3189,33,16,54,9,-1.1000953180608284,7
3190,106,39,70,19,-1.1024614638047292,20
3191,2,18,96,9,-1.1039761816908782,9
3192,45,19,40,10,-1.1043531225931214,9
3193,55,13,73,7,-1.1082443575059588,6
3194,40,47,63,25,-1.1085655861732648,22
3195,65,85,7,41,-1.1151148094385757,44
3196,9,10,19,5,-1.121436179737714,5
3197,88,18,61,8,-1.1254133453483963,10
3198,114,13,33,6,-1.1286658148323805,7
3199,106,26,36,13,-1.1307287364062808,13
3200,16,47,23,25,-1.1335884234619735,22
3201,109,15,48,8,-1.1338129007062274,7
3202,91,31,88,16,-1.1352768006015461,15
3203,38,11,80,5,-1.1354310640359402,6
3204,71,73,60,38,-1.1360670304013198,35
3205,28,46,13,24,-1.1383330164762764,22
3206,98,11,39,6,-1.1404948944014273,5
3207,41,77,7,39,-1.1507255004660388,38
3208,27,16,47,9,-1.1658557312566071,7
3209,30,49,86,24,-1.1663999736048631,25
3210,74,14,12,7,-1.1676100167547812,7
3211,43,17,69,9,-1.1823687630105748,8
3212,109,25,25,13,-1.1927554377225942,12
3213,74,51,16,27,-1.1989524884769094,24
3214,43,18,94,10,-1.2055896912436275,8
3215,97,33,25,17,-1.2112097532933461,16
3216,46,12,38,7,-1.2117798317776216,5
3217,74,11,98,6,-1.2137114800422124,5
3218,16,52,11,30,-1.2153029592090678,22
3219,55,50,87,26,-1.2223891795427406,24
3220,9,26,71,14,-1.2262156519313807,12
3221,60,16,38,9,-1.2292640845256295,7
3222,95,16,63,8,-1.233969730193377,8
3223,31,25,71,13,-1.2380158081615502,12
3224,4,30,107,15,-1.2387516471106224,15
3225,86,25,15,13,-1.2421859247751836,12
3226,43,12,104,7,-1.2430962980218272,5
3227,71,10,1,6,-1.2456643982922142,4
3228,89,10,65,5,-1.2467666872041385,5
3229,16,30,109,15,-1.2499451161124762,15
3230,33,22,16,13,-1.2507199492720238,9
3231,51,62,40,32,-1.256912421616875,30
3232,99,26,55,14,-1.260544955494955,12
3233,14,15,107,7,-1.262180496300674,8
3234,37,34,88,18,-1.2630751326836194,16
3235,55,42,75,24,-1.263536649450621,18
3236,65,27,50,14,-1.2644687002361992,13
3237,55,82,8,40,-1.2721684605222614,42
3238,51,30,50,15,-1.277023353905357,15
3239,109,20,97,10,-1.2834069052578214,10
3240,88,17,12,9,-1.2849459638777523,8
3241,13,31,15,17,-1.2870483465437976,14
3242,88,20,81,10,-1.2881148657858974,10
3243,74,22,2,12,-1.2925512141562505,10
3244,60,43,65,25,-1.2925574145160876,18
3245,13,44,5,23,-1.3023509853743016,21
3246,60,55,107,29,-1.3026835274312423,26
3247,102,11,70,4,-1.3043211125718082,7
3248,108,12,37,6,-1.3047215727540855,6
3249,51,12,32,6,-1.314434714983353,6
3250,8,16,10,9,-1.3145513780375313,7
3251,54,13,72,7,-1.3158490559472218,6
3252,88,60,46,30,-1.3171891594634109,30
3253,80,18,74,9,-1.3199661328668575,9
3254,109,25,60,13,-1.3235251021634893,12
3255,65,13,61,6,-1.3279652478825155,7
3256,68,39,64,22,-1.3356994520331136,17
3257,37,66,8,34,-1.3357403383797612,32
3258,51,44,8,23,-1.3380278840989295,21
3259,60,53,77,28,-1.3387501143482283,25
3260,7,48,71,23,-1.3388864417450879,25
3261,90,17,84,9,-1.3434141546201466,8
3262,88,37,97,19,-1.3490743629309028,18
3263,60,44,53,24,-1.3503746570549038,20
3264,70,39,107,19,-1.3599998705907195,20
3265,104,31,68,15,-1.3616459533032323,16
3266,30,26,25,12,-1.3633847180345777,14
3267,23,13,27,6,-1.3665703255989474,7
3268,60,32,43,17,-1.3669655093775135,15
3269,39,54,87,29,-1.367101250206611,25
3270,76,11,90,5,-1.371109786983603,6
3271,48,10,75,5,-1.3711471542080287,5
3272,109,29,87,16,-1.3766608968038976,13
3273,41,30,106,15,-1.3806292559177735,15
3274,7,31,95,17,-1.3809406634768695,14
3275,11,41,50,22,-1.3816262941644981,19
3276,29,11,36,5,-1.3837445576600587,6
3277,114,15,15,8,-1.3858486532762986,7
3278,74,15,17,8,-1.3910983775391348,7
3279,37,13,43,6,-1.39155356085389,7
3280,16,25,44,12,-1.3924747988210244,13
3281,106,25,100,12,-1.3941621457208517,13
3282,83,15,7,9,-1.3943529604549403,6
3283,9,13,91,7,-1.3946381880594534,6
3284,95,19,20,10,-1.3957034121223266,9
3285,56,10,16,6,-1.398489957964547,4
3286,44,12,75,7,-1.3998373775330364,5
3287,95,17,70,8,-1.4011695857654913,9
3288,11,15,102,9,-1.4114820984859553,6
3289,40,16,12,8,-1.412082266616442,8
3290,86,47,68,23,-1.415388675025289,24
3291,63,17,49,9,-1.4171594607729328,8
3292,60,22,15,12,-1.4197687048169967,10
3293,87,23,80,12,-1.4202226913102634,11
3294,30,24,51,12,-1.422311208624186,12
3295,45,35,36,16,-1.4232731245081227,19
3296,41,70,65,39,-1.4285809086277088,31
3297,28,12,19,6,-1.429288766824448,6
3298,25,28,50,14,-1.4391705454909016,14
3299,97,21,20,10,-1.4395279608818727,11
3300,30,14,38,6,-1.4430439721156856,8
3301,63,55,106,28,-1.4485566818099482,27
3302,55,30,53,16,-1.4538038424746405,14
3303,89,16,50,9,-1.4560158637801313,7
3304,38,16,8,8,-1.4562520429495762,8
3305,83,23,25,13,-1.459720188055496,10
3306,55,64,86,34,-1.4599929257917068,30
3307,47,21,31,11,-1.4606130980712662,10
3308,23,16,112,9,-1.4656028868993891,7
3309,40,13,57,7,-1.4659794198664808,6
3310,65,89,63,46,-1.4663105199346156,43
3311,7,26,15,12,-1.4671619013667965,14
3312,2,32,86,16,-1.4682447143488924,16
3313,32,17,11,8,-1.4729852723414758,9
3314,63,15,73,7,-1.4760785674332912,8
3315,13,15,61,7,-1.4797550252097438,8
3316,54,51,87,28,-1.4805638305796713,23
3317,13,59,4,32,-1.4911690163054772,27
3318,87,21,29,12,-1.496087722033852,9
3319,108,17,50,8,-1.5013768012598367,9
3320,54,26,102,14,-1.5038621703367974,12
3321,20,77,86,41,-1.5052536125341243,36
3322,5,63,28,32,-1.5122016375527894,31
3323,55,12,46,7,-1.514859018089955,5
3324,8,12,43,6,-1.5194230889621378,6
3325,37,14,35,7,-1.523131742310598,7
3326,88,34,1,17,-1.5234508852206479,17
3327,53,13,29,8,-1.5317670028644754,5
3328,46,32,107,16,-1.5343792707290005,16
3329,45,23,13,12,-1.5362814776486233,11
3330,46,25,97,13,-1.53794225986029,12
3331,60,52,51,30,-1.5379585605411297,22
3332,17,30,107,16,-1.5475941526714119,14
3333,74,26,11,14,-1.5483769164487973,12
3334,111,27,16,15,-1.5488999004290869,12
3335,14,15,106,7,-1.552388543907857,8
3336,83,23,104,13,-1.5563880557352991,10
3337,100,12,97,6,-1.5601199386945845,6
3338,111,14,9,7,-1.5621342613374538,7
3339,43,12,58,6,-1.565331234676389,6
3340,86,100,106,52,-1.5692663469089445,48
3341,88,58,40,31,-1.5715316879527899,27
3342,46,25,60,13,-1.5735893742532685,12
3343,90,22,55,10,-1.578656952498874,12
3344,16,60,60,31,-1.5827171720558997,29
3345,25,15,2,7,-1.5845186001024019,8
3346,40,73,7,40,-1.588804971289502,33
3347,16,37,57,19,-1.5906478452417327,18
3348,90,10,64,5,-1.5921132093044663,5
3349,30,18,99,10,-1.5949338139614573,8
3350,13,64,86,32,-1.600425352470335,32
3351,43,13,70,7,-1.6071210379776915,6
3352,74,59,107,32,-1.6086403256327972,27
3353,69,20,87,11,-1.6090402907699282,9
3354,86,35,91,18,-1.6127783916757956,17
3355,63,43,68,22,-1.6131794883842976,21
3356,28,83,16,44,-1.6231931106359216,39
3357,114,41,16,23,-1.6232837485706122,18
3358,96,19,39,11,-1.6315253594413601,8
3359,20,12,85,6,-1.6390974332364685,6
3360,88,44,106,25,-1.6421661548035542,19
3361,107,39,71,22,-1.6439964154336006,17
3362,57,10,95,4,-1.6443605111684718,6
3363,39,10,69,5,-1.6443957977700934,5
3364,68,23,36,12,-1.6511686348202665,11
3365,48,19,106,10,-1.6634533717988316,9
3366,109,13,43,7,-1.6656590774438986,6
3367,31,28,45,15,-1.6710870406691087,13
3368,39,45,63,27,-1.672960461470019,18
3369,13,30,20,15,-1.6736140320651678,15
3370,69,18,50,8,-1.6863624004387787,10
3371,107,66,84,35,-1.6864806299862012,31
3372,13,62,41,32,-1.6944548774743566,30
3373,23,25,51,13,-1.6961813528047356,12
3374,23,15,36,6,-1.6972875274185715,9
3375,102,16,20,8,-1.6989391239814924,8
3376,37,10,48,5,-1.703593750319215,5
3377,7,40,54,21,-1.7088310244062668,19
3378,86,42,9,23,-1.7117622661778302,19
3379,107,20,81,10,-1.7130423485236068,10
3380,40,46,9,25,-1.7148595920822798,21
3381,90,36,107,18,-1.723381098959678,18
3382,11,49,8,27,-1.7256786381417557,22
3383,45,15,63,8,-1.7260545689947928,7
3384,88,41,64,23,-1.7261436726188826,18
3385,50,11,83,5,-1.7272952536822093,6
3386,107,31,1,16,-1.7274304042355133,15
3387,12,13,50,5,-1.7279667161947843,8
3388,11,14,60,7,-1.729783938603551,7
3389,75,19,70,9,-1.7314858975507368,10
3390,5,51,46,28,-1.7323776092910628,23
3391,106,19,48,10,-1.7335189393534853,9
3392,57,16,68,8,-1.7355749286087518,8
3393,88,37,36,21,-1.7392851936744331,16
3394,23,26,8,13,-1.7400762718841147,13
3395,6,11,18,6,-1.7414584600944745,5
3396,36,33,60,17,-1.7416473627060742,16
3397,65,10,94,5,-1.7492821680796196,5
3398,51,39,53,20,-1.7493185772901758,19
3399,107,38,97,19,-1.7507246476170446,19
3400,68,31,4,16,-1.7510661926181545,15
3401,88,56,87,27,-1.7513462767543797,29
3402,70,26,84,14,-1.7530345342228948,12
3403,54,27,84,15,-1.7533288896590713,12
3404,110,11,88,5,-1.7642228121429868,6
3405,8,15,49,9,-1.7678498041146895,6
3406,16,62,104,33,-1.7780277088526335,29
3407,84,13,102,7,-1.7793224025292758,6
3408,90,25,37,13,-1.7816453937181784,12
3409,28,65,8,35,-1.8060421386611965,30
3410,25,22,36,11,-1.8071440138268584,11
3411,111,18,40,9,-1.8104998545748818,9
3412,64,12,80,6,-1.8118137894523876,6
3413,28,18,79,10,-1.8130893193426156,8
3414,84,14,13,8,-1.8143890124288107,6
3415,109,11,71,6,-1.819641782820222,5
3416,99,13,102,7,-1.8212893413036864,6
3417,84,16,114,9,-1.8232489038137314,7
3418,114,13,44,7,-1.8263733365516708,6
3419,13,29,74,15,-1.8278354237299068,14
3420,49,20,54,10,-1.8291542659227744,10
3421,96,38,84,19,-1.835648682700679,19
3422,107,27,98,14,-1.8407678461542192,13
3423,106,10,103,6,-1.8460294979122165,4
3424,97,22,53,12,-1.8492466822191078,10
3425,76,22,46,12,-1.8507100299988153,10
3426,86,11,6,6,-1.8539951054916275,5
3427,51,19,98,10,-1.8552094547524458,9
3428,106,61,87,31,-1.8566326197242504,30
3429,60,49,39,25,-1.8593987986836014,24
3430,54,28,64,14,-1.8650724062797466,14
3431,5,95,37,49,-1.865428870342572,46
3432,54,26,17,13,-1.867393134138254,13
3433,39,37,9,18,-1.8697146872485257,19
3434,68,48,107,26,-1.873122748974768,22
3435,69,11,94,6,-1.8749407442851007,5
3436,79,14,8,6,-1.8787453444383126,8
3437,8,41,2,21,-1.8848654476169693,20
3438,64,23,25,12,-1.8857238852847689,11
3439,106,35,20,19,-1.890590591428699,16
3440,13,17,12,11,-1.8936650760132092,6
3441,51,25,108,13,-1.9002486171144384,12
3442,54,17,85,10,-1.9006272791395151,7
3443,39,58,13,30,-1.9010983385285236,28
3444,88,13,14,7,-1.902096229341472,6
3445,106,32,97,16,-1.9159665785715099,16
3446,76,11,99,5,-1.9173589523208336,6
3447,41,21,70,10,-1.9198471114809519,11
3448,28,25,80,13,-1.9225523112040797,12
3449,18,21,114,11,-1.923577249757447,10
3450,40,19,70,11,-1.9276789997691202,8
3451,97,14,23,7,-1.9330528734436563,7
3452,98,10,32,5,-1.9380052263831622,5
3453,104,13,110,8,-1.9388474450810558,5
3454,31,14,23,8,-1.9392936999416424,6
3455,55,20,25,11,-1.9429576796619947,9
3456,19,11,98,7,-1.9474548221717738,4
3457,64,34,36,17,-1.9485056781764598,17
3458,71,12,78,6,-1.9545808326383198,6
3459,35,11,50,6,-1.9581460146246743,5
3460,17,22,8,11,-1.9650399384720443,11
3461,76,18,41,8,-1.972404836446448,10
3462,15,15,64,7,-1.974538086287131,8
3463,76,46,106,22,-1.9803869538705086,24
3464,25,38,28,22,-1.983389891159918,16
3465,13,13,48,7,-1.984822076945226,6
3466,4,19,53,10,-1.987694792892672,9
3467,86,55,70,30,-1.99170528882216,25
3468,112,15,104,8,-1.9939359727925703,7
3469,7,24,69,12,-1.9945381002011557,12
3470,17,14,64,7,-1.997717670710988,7
3471,97,22,83,10,-2.007636873207568,12
3472,13,29,109,16,-2.010974217190567,13
3473,90,36,8,20,-2.01946478207178,16
3474,87,30,75,16,-2.024772500508876,14
3475,13,11,32,6,-2.026181507027533,5
3476,114,14,91,7,-2.031242634143396,7
3477,79,11,55,6,-2.0315889229013417,5
3478,63,12,58,5,-2.0345686518653676,7
3479,88,14,89,7,-2.035463499061412,7
3480,74,19,100,10,-2.0359479445815105,9
3481,60,24,90,14,-2.039727571926182,10
3482,51,34,18,17,-2.042743355152735,17
3483,88,21,93,12,-2.047097578055207,9
3484,80,31,65,16,-2.05091984654234,15
3485,90,45,86,25,-2.0574221764428238,20
3486,31,25,3,12,-2.062807661672897,13
3487,49,16,68,8,-2.063780554877947,8
3488,63,10,82,5,-2.0779758612966877,5
3489,65,47,74,24,-2.0847963525870905,23
3490,91,12,17,7,-2.0932516032559643,5
3491,8,22,97,11,-2.094799206270941,11
3492,55,34,83,17,-2.0962093979720193,17
3493,60,24,99,13,-2.100940382067204,11
3494,3,10,77,6,-2.1078393954054353,4
3495,33,12,74,6,-2.113811361821,6
3496,30,13,48,6,-2.114145406665778,7
3497,64,20,1,10,-2.116432620959366,10
3498,70,11,53,6,-2.117480208536356,5
3499,84,26,37,14,-2.1240499046478805,12
3500,43,16,35,8,-2.1256405181906706,8
3501,91,30,28,16,-2.128036121988931,14
3502,51,39,9,20,-2.14335596169476,19
3503,46,27,87,13,-2.150785198948074,14
3504,16,29,48,16,-2.1636694951809585,13
3505,74,14,88,9,-2.16536396125082,5
3506,54,75,86,39,-2.1689438842347455,36
3507,39,11,33,6,-2.1701558874520313,5
3508,51,11,58,6,-2.1730217085446246,5
3509,93,16,84,8,-2.173203038685071,8
3510,70,26,63,14,-2.1813121472430432,12
3511,112,16,13,8,-2.186416558676373,8
3512,74,64,8,36,-2.1866220406514896,28
3513,54,10,31,5,-2.1866689261471493,5
3514,76,15,84,8,-2.2084039467189505,7
3515,13,51,49,26,-2.2090696411697515,25
3516,55,19,57,9,-2.210406003923328,10
3517,96,50,5,28,-2.21142719225076,22
3518,17,27,106,16,-2.2117443407707005,11
3519,8,11,112,5,-2.214468435350456,6
3520,99,13,98,6,-2.22125816779338,7
3521,114,11,11,5,-2.2223336020983733,6
3522,33,11,88,5,-2.224220943421554,6
3523,25,16,90,9,-2.226157693683706,7
3524,74,27,20,15,-2.230377352624161,12
3525,70,25,68,13,-2.2334926025833965,12
3526,3,14,81,8,-2.2358028798300933,6
3527,104,35,87,17,-2.2393020839894078,18
3528,11,18,7,10,-2.23932059026862,8
3529,17,23,49,14,-2.240439478067099,9
3530,27,10,70,5,-2.243263258457554,5
3531,4,38,88,20,-2.24592170041755,18
3532,54,14,41,7,-2.2511014360561394,7
3533,25,30,95,16,-2.25397314365567,14
3534,96,66,28,35,-2.2674069446039327,31
3535,31,10,61,5,-2.2696136748473594,5
3536,71,16,80,8,-2.2753923838048147,8
3537,35,20,88,10,-2.2787018333731495,10
3538,17,21,46,11,-2.279991454185124,10
3539,114,38,63,23,-2.2836807270192585,15
3540,74,46,37,24,-2.2838690954080456,22
3541,4,13,106,6,-2.287883468044352,7
3542,55,68,13,36,-2.2918443983884624,32
3543,45,18,114,10,-2.292094813707231,8
3544,5,24,100,13,-2.2932427434044693,11
3545,65,33,97,18,-2.294354223312199,15
3546,109,16,68,10,-2.29851232062389,6
3547,32,21,86,11,-2.2989864902239,10
3548,109,13,23,7,-2.3017906431791286,6
3549,50,12,58,6,-2.303376752943112,6
3550,84,23,46,13,-2.3117111960272374,10
3551,3,23,9,12,-2.3162904113567793,11
3552,60,26,3,14,-2.3182866914035363,12
3553,102,21,104,10,-2.320627297470276,11
3554,64,23,50,12,-2.3285304422785043,11
3555,5,51,109,26,-2.3285813949081646,25
3556,53,28,25,14,-2.3301510854690832,14
3557,63,22,46,10,-2.3313756374008836,12
3558,4,17,104,10,-2.3357072159096566,7
3559,15,29,16,17,-2.340237391651745,12
3560,51,20,57,10,-2.342442465208323,10
3561,31,36,4,21,-2.3535355966794675,15
3562,49,48,39,27,-2.353804446492822,21
3563,109,14,96,8,-2.3566759619593642,6
3564,5,23,99,12,-2.3616219022642833,11
3565,70,19,7,12,-2.364945757295021,7
3566,50,24,40,14,-2.3671440474550494,10
3567,96,55,8,30,-2.3714393570924233,25
3568,84,28,55,15,-2.3790863004124483,13
3569,86,41,71,21,-2.381013041233798,20
3570,65,86,13,47,-2.3833738604192134,39
3571,56,13,75,8,-2.3840139649043506,5
3572,104,25,96,14,-2.3866419839158355,11
3573,71,21,4,13,-2.3871750117365993,8
3574,95,40,104,22,-2.389034218387607,18
3575,8,12,111,6,-2.390343846489093,6
3576,87,22,83,11,-2.3903571419434884,11
3577,63,17,17,9,-2.392516388601692,8
3578,28,38,46,22,-2.3990178798165633,16
3579,8,10,56,6,-2.4000860547179794,4
3580,60,20,78,10,-2.402430835134886,10
3581,68,31,3,17,-2.4024413251399017,14
3582,80,26,20,14,-2.4033351571638573,12
3583,69,18,9,10,-2.4050002453980612,8
3584,38,21,68,12,-2.407021082950757,9
3585,51,24,47,12,-2.4094573680997575,12
3586,93,33,8,17,-2.4111455321691304,16
3587,92,11,65,6,-2.411285975254871,5
3588,39,35,71,19,-2.4158892555534424,16
3589,25,46,107,24,-2.4187485647838773,22
3590,99,11,109,6,-2.419517402501058,5
3591,75,20,91,7,-2.4323694332612673,13
3592,106,39,55,22,-2.4381392466666045,17
3593,86,18,12,10,-2.4382543520920796,8
3594,88,31,96,16,-2.4406464912019885,15
3595,50,10,32,4,-2.4440541907162716,6
3596,68,22,30,11,-2.4504178114938604,11
3597,27,10,54,5,-2.463869496934477,5
3598,69,17,74,8,-2.466497282082454,9
3599,74,40,87,22,-2.4671563114027464,18
3600,51,25,12,14,-2.4675072863255414,11
3601,81,17,4,10,-2.467812477706327,7
3602,9,61,7,31,-2.4756046461152823,30
3603,39,30,95,16,-2.481130681096556,14
3604,68,59,65,32,-2.4863573145608657,27
3605,111,11,18,6,-2.489910872635885,5
3606,3,20,65,11,-2.4971368500383213,9
3607,109,18,37,10,-2.5010134043415313,8
3608,51,70,88,34,-2.5063635186764337,36
3609,96,37,106,21,-2.5084238105055885,16
3610,68,105,7,57,-2.5114811010541356,48
3611,36,15,12,8,-2.5163199425137495,7
3612,50,32,39,17,-2.524569549657206,15
3613,4,18,39,10,-2.5267698999647226,8
3614,9,33,36,18,-2.527924078037467,15
3615,16,23,102,12,-2.528185641545434,11
3616,64,27,87,14,-2.5304532187422577,13
3617,107,27,108,14,-2.5311945782165,13
3618,60,11,111,7,-2.535604443502029,4
3619,11,35,63,21,-2.539597707853179,14
3620,16,13,52,7,-2.542332195506543,6
3621,38,20,64,11,-2.5449420802693488,9
3622,36,74,7,40,-2.54935875079736,34
3623,1,19,73,11,-2.5534291003907295,8
3624,84,29,16,15,-2.553730719112528,14
3625,83,16,51,10,-2.556300922595479,6
3626,63,10,83,4,-2.557624644664858,6
3627,16,20,72,11,-2.5595101413751187,9
3628,51,43,28,22,-2.5635290356109595,21
3629,87,13,92,7,-2.5651869545632544,6
3630,107,50,50,26,-2.5656690703128167,24
3631,91,11,47,6,-2.565831417578021,5
3632,71,14,69,7,-2.582352607553779,7
3633,7,50,104,27,-2.5854072339864174,23
3634,62,21,87,11,-2.586304566496697,10
3635,87,25,71,13,-2.590103521421834,12
3636,20,36,88,18,-2.5921704707151747,18
3637,109,10,1,5,-2.592960677140225,5
3638,51,81,13,42,-2.5933197102801517,39
3639,31,23,39,13,-2.5934090452929364,10
3640,27,19,40,8,-2.5947052105553348,11
3641,13,83,68,46,-2.5976902388524796,37
3642,91,23,36,13,-2.600483205457647,10
3643,86,20,93,11,-2.6126285193850958,9
3644,40,16,11,9,-2.612795985816362,7
3645,2,13,76,8,-2.6134640032331116,5
3646,107,21,29,13,-2.6150940750243037,8
3647,41,12,11,8,-2.6159479780993316,4
3648,20,26,11,15,-2.6225934054521076,11
3649,57,10,27,5,-2.625816231763606,5
3650,13,85,16,47,-2.627845919438654,38
3651,39,30,17,17,-2.63473827504273,13
3652,114,28,54,14,-2.6355280322257006,14
3653,95,14,33,8,-2.6415453896084555,6
3654,107,23,85,12,-2.6429439355468864,11
3655,5,60,16,35,-2.643518445682432,25
3656,37,21,30,12,-2.6448172779185537,9
3657,86,43,23,23,-2.6484576158238538,20
3658,8,24,30,13,-2.6514132136935475,11
3659,65,48,53,25,-2.6519126498591334,23
3660,36,13,57,8,-2.653116090105381,5
3661,88,29,92,16,-2.65412565592523,13
3662,91,13,74,7,-2.658254293210725,6
3663,76,10,47,3,-2.6595736051653853,7
3664,74,25,114,13,-2.666972342657448,12
3665,75,18,95,10,-2.672802736686619,8
3666,44,17,25,9,-2.673535476281759,8
3667,107,69,51,40,-2.678545004841455,29
3668,5,25,39,13,-2.6791322172692884,12
3669,17,17,90,8,-2.680753861205159,9
3670,35,11,13,6,-2.684594978225239,5
3671,71,40,65,23,-2.6867803351656674,17
3672,18,14,12,8,-2.7036570911929836,6
3673,37,57,107,31,-2.7122377942768767,26
3674,80,11,95,6,-2.7197438471090796,5
3675,28,50,11,26,-2.7199624016130106,24
3676,70,31,104,17,-2.7208109249750048,14
3677,88,53,55,31,-2.721264805593774,22
3678,30,12,9,7,-2.7296904854733155,5
3679,34,12,75,6,-2.7327928404854562,6
3680,106,50,65,27,-2.735321183024918,23
3681,104,22,97,11,-2.7396377781056187,11
3682,64,42,53,23,-2.7590266802927172,19
3683,60,31,18,17,-2.759241709022921,14
3684,17,15,84,8,-2.7602454757884107,7
3685,77,17,5,9,-2.7658375671945885,8
3686,40,11,38,5,-2.771552043064858,6
3687,10,11,5,5,-2.7716738654503192,6
3688,3,27,107,13,-2.7747494462017355,14
3689,55,16,3,9,-2.7857743268426365,7
3690,97,15,9,7,-2.7891659901703596,8
3691,47,22,16,12,-2.7903508791092206,10
3692,108,19,86,9,-2.7920033870005003,10
3693,36,13,100,7,-2.7923934619121096,6
3694,1,26,7,14,-2.793205495238504,12
3695,114,25,4,13,-2.7973762559419417,12
3696,19,13,15,7,-2.8034318915529908,6
3697,112,14,106,7,-2.805082024542768,7
3698,41,15,99,8,-2.808167291861728,7
3699,36,32,1,16,-2.8095303452930684,16
3700,106,33,68,18,-2.8127952198562447,15
3701,48,17,65,10,-2.813018636762518,7
3702,109,32,51,20,-2.817926639661738,12
3703,47,13,64,8,-2.821240379057225,5
3704,71,13,18,7,-2.821320109059578,6
3705,38,21,16,13,-2.8217292489636367,8
3706,19,10,43,6,-2.822488366427094,4
3707,23,47,107,25,-2.8244859300002187,22
3708,74,33,104,19,-2.832959821636547,14
3709,65,18,77,9,-2.836180648453273,9
3710,58,14,16,8,-2.8389435880706166,6
3711,60,12,89,6,-2.8396731138810423,6
3712,23,19,95,10,-2.8404436396815522,9
3713,104,13,23,8,-2.8445076862849517,5
3714,33,13,97,7,-2.8486496222061595,6
3715,18,20,74,10,-2.8496142222224696,10
3716,96,16,73,9,-2.853430398009382,7
3717,99,18,51,9,-2.8534777973740635,9
3718,28,95,86,53,-2.85398581866668,42
3719,28,53,88,30,-2.8540426797765646,23
3720,46,23,68,12,-2.8541343211422934,11
3721,86,48,60,26,-2.8571270629897767,22
3722,65,54,28,30,-2.864556092070314,24
3723,20,42,87,22,-2.869120615934056,20
3724,75,21,27,11,-2.8742147115996155,10
3725,60,23,63,13,-2.8746236800640066,10
3726,86,90,63,52,-2.885674460917235,38
3727,7,31,43,18,-2.8869337290340296,13
3728,74,24,75,14,-2.8903655619324415,10
3729,78,20,68,11,-2.8969266940151783,9
3730,70,10,44,5,-2.8975248911261424,5
3731,108,13,71,7,-2.8992906212622866,6
3732,37,19,91,10,-2.9050960547005253,9
3733,84,37,87,20,-2.908877911803523,17
3734,79,15,7,8,-2.9111710091731053,7
3735,108,12,25,7,-2.9132670669268257,5
3736,106,19,102,9,-2.9207255392565092,10
3737,86,82,74,43,-2.9212877807151494,39
3738,77,20,68,11,-2.921785034678846,9
3739,100,24,8,14,-2.9246971191484055,10
3740,65,15,99,8,-2.925348959200731,7
3741,3,15,61,7,-2.93476140357165,8
3742,87,20,36,12,-2.9355732508976633,8
3743,76,17,30,10,-2.9372015853586078,7
3744,87,18,27,10,-2.9433814414019763,8
3745,40,32,41,17,-2.946728808508273,15
3746,38,31,86,17,-2.9478210267751135,14
3747,8,78,86,40,-2.9505503650201597,38
3748,8,16,80,8,-2.9519293865537106,8
3749,38,17,9,9,-2.961582849274608,8
3750,46,23,114,13,-2.9631435316072414,10
3751,57,18,25,10,-2.964934950553877,8
3752,53,11,47,6,-2.967218161853792,5
3753,37,21,2,11,-2.96975801126945,10
3754,94,12,60,6,-2.9727316679047604,6
3755,4,32,36,19,-2.9739066740354194,13
3756,106,36,84,18,-2.9754739608250116,18
3757,51,12,6,6,-2.980948961210987,6
3758,49,24,107,12,-2.9811174657733575,12
3759,53,27,95,17,-2.981134349868032,10
3760,30,10,74,5,-2.9862406732405895,5
3761,7,25,100,14,-2.9877637593718043,11
3762,37,37,65,19,-2.9918797859979525,18
3763,18,10,27,5,-2.996654278290003,5
3764,41,28,64,17,-2.998546228465672,11
3765,69,11,4,6,-2.9994841766617175,5
3766,34,19,86,11,-3.0001295891069586,8
3767,34,14,96,8,-3.001763014782562,6
3768,38,19,88,12,-3.0023329742590943,7
3769,51,14,29,8,-3.0049606372322564,6
3770,7,27,6,12,-3.013941061604383,15
3771,16,17,19,9,-3.0266213489285114,8
3772,55,10,78,5,-3.0279933852134207,5
3773,47,16,41,9,-3.031406429138557,7
3774,49,16,65,9,-3.0342561495428084,7
3775,65,39,25,23,-3.0368934823131157,16
3776,43,25,51,13,-3.0407653301050264,12
3777,96,13,38,7,-3.0422152322461713,6
3778,55,14,48,8,-3.0636269177668387,6
3779,25,18,71,10,-3.0644100067848146,8
3780,114,40,60,18,-3.0670908685799043,22
3781,25,30,75,17,-3.069551733540898,13
3782,41,11,74,5,-3.0735662157516845,6
3783,102,30,28,16,-3.0740911214451745,14
3784,87,14,45,8,-3.086220297325659,6
3785,107,72,13,38,-3.093612492720178,34
3786,77,27,13,15,-3.0976815832127267,12
3787,91,10,64,6,-3.0993479020870796,4
3788,68,14,99,8,-3.100103615084465,6
3789,60,15,92,9,-3.101629065738581,6
3790,1,34,68,19,-3.102238947138022,15
3791,106,25,109,13,-3.1028448270841773,12
3792,53,26,106,13,-3.1050273222192404,13
3793,50,37,13,20,-3.1097024463042615,17
3794,4,24,50,12,-3.1105592371369597,12
3795,17,25,25,14,-3.1106502600539105,11
3796,80,11,36,6,-3.1158574211756616,5
3797,27,10,15,5,-3.1179326913841714,5
3798,91,27,5,16,-3.121858390948631,11
3799,23,23,75,11,-3.148733601092015,12
3800,17,13,87,7,-3.155787932459329,6
3801,46,42,51,24,-3.1575361872642103,18
3802,84,85,86,44,-3.15758944772919,41
3803,82,21,86,12,-3.1586560919846263,9
3804,62,17,13,9,-3.161295276739798,8
3805,74,14,90,9,-3.168061351028922,5
3806,51,48,54,26,-3.1685476843403935,22
3807,86,16,110,9,-3.1694821197260485,7
3808,60,25,106,15,-3.171261503808182,10
3809,51,11,35,6,-3.1832252109996158,5
3810,65,25,83,13,-3.1850517665827933,12
3811,50,54,37,28,-3.1883352760136074,26
3812,81,14,68,8,-3.1985312995714845,6
3813,5,49,55,27,-3.198953177181802,22
3814,39,41,36,23,-3.1998605067578225,18
3815,76,12,44,7,-3.2019945343572456,5
3816,60,15,84,10,-3.2064037329190676,5
3817,31,47,60,23,-3.2094707274879264,24
3818,97,19,50,11,-3.210625734622642,8
3819,64,36,107,19,-3.2108312929962435,17
3820,23,19,64,10,-3.2123729115980186,9
3821,100,11,9,7,-3.213107615631007,4
3822,28,39,55,23,-3.2184704312839756,16
3823,63,29,97,16,-3.219195053710692,13
3824,7,55,23,30,-3.222928305376168,25
3825,16,21,4,10,-3.223993814900797,11
3826,41,44,51,24,-3.228342506596857,20
3827,65,85,16,47,-3.22891013683177,38
3828,35,18,16,11,-3.2305329948687067,7
3829,87,21,2,12,-3.2308938185741103,9
3830,97,10,56,5,-3.2314262120369195,5
3831,36,49,107,26,-3.234838704648262,23
3832,28,47,87,25,-3.2447645976260606,22
3833,16,45,41,23,-3.2495789716339614,22
3834,6,15,68,9,-3.251551578791195,6
3835,25,47,114,27,-3.2540864225169766,20
3836,95,14,84,8,-3.2568961944145873,6
3837,74,24,7,15,-3.257493143792889,9
3838,95,14,76,8,-3.257651508839797,6
3839,7,114,13,62,-3.264302615697635,52
3840,76,23,98,13,-3.2651133620022033,10
3841,102,12,13,8,-3.269263582511039,4
3842,93,14,70,8,-3.2714518634318708,6
3843,17,12,85,7,-3.2737777276415283,5
3844,91,11,102,6,-3.2738070744638943,5
3845,67,13,114,7,-3.274670651234843,6
3846,45,18,16,11,-3.276855643218356,7
3847,54,11,69,6,-3.2958233839310727,5
3848,41,22,57,13,-3.299539223302888,9
3849,5,60,104,32,-3.3007473735225057,28
3850,17,38,16,23,-3.3028597486650213,15
3851,66,11,86,6,-3.309294151623436,5
3852,75,31,60,17,-3.313915862803686,14
3853,68,57,88,32,-3.315238564665118,25
3854,84,16,97,10,-3.316428205809935,6
3855,81,13,9,7,-3.3217764660677,6
3856,39,30,64,17,-3.3245242307335383,13
3857,34,10,78,5,-3.3271359801886407,5
3858,50,19,41,11,-3.331657114556132,8
3859,54,33,80,17,-3.332215932419911,16
3860,31,22,50,12,-3.3334236876453813,10
3861,109,12,69,7,-3.3344685187765157,5
3862,76,13,71,6,-3.3359186512389036,7
3863,5,13,68,7,-3.3380294056441127,6
3864,98,20,54,11,-3.3414082574983,9
3865,33,13,75,8,-3.342736023465549,5
3866,70,47,16,27,-3.3445553948476245,20
3867,91,15,40,8,-3.345577169162442,7
3868,20,10,83,5,-3.347889825164404,5
3869,107,15,14,9,-3.3479962116917545,6
3870,70,30,88,17,-3.3524090493184286,13
3871,3,12,54,6,-3.3552278990212483,6
3872,27,48,7,26,-3.3617414996167194,22
3873,8,23,14,13,-3.3634201583462153,10
3874,97,25,54,13,-3.364815342765676,12
3875,20,17,40,10,-3.3649339637959637,7
3876,88,59,60,34,-3.368425597291795,25
3877,55,56,107,30,-3.369618935589803,26
3878,46,57,13,32,-3.371570102602021,25
3879,44,13,100,7,-3.3720452657314217,6
3880,98,15,73,8,-3.3800553651819163,7
3881,109,50,28,29,-3.38285741911239,21
3882,55,28,36,15,-3.383336577257353,13
3883,9,28,60,17,-3.384232112219374,11
3884,55,48,39,27,-3.3894226122709816,21
3885,104,10,73,6,-3.391491099464731,4
3886,28,13,4,7,-3.3940824912486858,6
3887,17,20,68,12,-3.395638967050424,8
3888,87,29,76,17,-3.3995265465111264,12
3889,98,26,104,12,-3.4091853213510745,14
3890,36,11,17,5,-3.417273645156755,6
3891,37,12,4,7,-3.4218717037755084,5
3892,25,31,102,17,-3.4382241991917164,14
3893,39,29,114,15,-3.4411172111260955,14
3894,86,106,16,59,-3.4524297350202198,47
3895,23,21,37,11,-3.4530437057487418,10
3896,5,23,33,12,-3.454327509177194,11
3897,86,12,29,7,-3.456088611362189,5
3898,51,49,106,27,-3.457607975311812,22
3899,37,46,20,25,-3.457621476755263,21
3900,107,29,34,17,-3.4592396196199293,12
3901,17,10,77,6,-3.4626586322684796,4
3902,1,32,13,19,-3.462932922524283,13
3903,5,60,74,32,-3.4699961467083447,28
3904,16,14,73,7,-3.4738693799097957,7
3905,81,10,23,6,-3.4745303728026347,4
3906,54,57,96,29,-3.47661338595835,28
3907,18,16,55,8,-3.481046717374471,8
3908,70,20,25,11,-3.484518115943737,9
3909,51,30,36,16,-3.4874600225025065,14
3910,36,13,62,7,-3.489528327052378,6
3911,114,36,97,20,-3.494809729950691,16
3912,9,26,50,15,-3.4989626487903873,11
3913,68,14,85,9,-3.5027894631624408,5
3914,107,19,93,11,-3.5035103312902427,8
3915,23,16,74,9,-3.5053157619270587,7
3916,33,10,49,6,-3.5057518320537775,4
3917,84,15,91,8,-3.5069437670955055,7
3918,104,38,8,21,-3.5073414065674897,17
3919,106,50,107,27,-3.5165007722129795,23
3920,17,11,112,6,-3.5191492672023625,5
3921,30,17,7,8,-3.5212250771957296,9
3922,43,18,63,10,-3.5248517337852396,8
3923,76,17,20,8,-3.5278207011714757,9
3924,25,17,93,9,-3.530039788975629,8
3925,87,28,3,16,-3.530098123744544,12
3926,7,15,44,8,-3.535266020755452,7
3927,69,26,88,15,-3.536532050456282,11
3928,36,65,40,37,-3.5400829247343655,28
3929,39,19,62,10,-3.544513110025233,9
3930,4,13,30,7,-3.554167963462701,6
3931,49,31,16,17,-3.554282234706272,14
3932,57,13,23,7,-3.554408044637194,6
3933,36,19,28,10,-3.554999615354126,9
3934,86,90,7,52,-3.5577462755235434,38
3935,33,11,64,7,-3.558110801858625,4
3936,8,71,16,40,-3.5597923636148607,31
3937,12,17,88,9,-3.5602960386233384,8
3938,69,25,41,16,-3.5647588534800048,9
3939,23,12,33,7,-3.5712223539857573,5
3940,95,10,97,6,-3.58943247133478,4
3941,71,13,58,7,-3.5901555481142533,6
3942,13,14,34,7,-3.5918746626908375,7
3943,84,16,34,8,-3.604110620728508,8
3944,60,10,19,5,-3.605970297917165,5
3945,94,13,55,7,-3.6120696685756326,6
3946,88,39,11,22,-3.622315707377218,17
3947,18,19,43,9,-3.6267699505365183,10
3948,87,107,86,55,-3.6292274243498333,52
3949,69,10,6,5,-3.632252984558259,5
3950,108,11,48,7,-3.633614524897183,4
3951,108,14,75,8,-3.634090811617301,6
3952,5,60,88,32,-3.63799769202775,28
3953,60,28,30,18,-3.6429209013345942,10
3954,70,10,14,5,-3.6470421341148493,5
3955,2,19,16,11,-3.6499962386684315,8
3956,50,13,27,8,-3.6503401008022798,5
3957,65,47,23,25,-3.650632324208862,22
3958,18,11,17,5,-3.6519056838531805,6
3959,64,47,13,24,-3.6531516775909005,23
3960,9,15,109,7,-3.6538651478462696,8
3961,32,21,107,11,-3.6546977761524695,10
3962,71,10,90,5,-3.656103603020123,5
3963,23,22,63,13,-3.656375723040438,9
3964,100,11,53,6,-3.6569500587649983,5
3965,96,33,97,17,-3.6574389351582637,16
3966,104,53,86,29,-3.66553549979236,24
3967,27,12,71,7,-3.672482180614423,5
3968,68,14,101,9,-3.6742625668258904,5
3969,107,11,52,7,-3.67922282951035,4
3970,51,37,114,19,-3.6824882422691596,18
3971,53,48,39,27,-3.685116242956752,21
3972,40,68,13,37,-3.6903630857890595,31
3973,107,17,94,11,-3.701502882672337,6
3974,13,24,11,13,-3.702515697718262,11
3975,43,17,106,9,-3.706853967971227,8
3976,5,21,15,13,-3.7147342263498238,8
3977,3,14,12,9,-3.71740069479101,5
3978,80,10,91,6,-3.719893539982741,4
3979,81,17,39,10,-3.728914203220536,7
3980,25,65,86,35,-3.735239092039536,30
3981,4,13,1,8,-3.7360390878519714,5
3982,39,20,12,11,-3.7389126567698825,9
3983,40,42,53,23,-3.7429391558119995,19
3984,16,11,85,7,-3.751829713120854,4
3985,53,55,18,30,-3.7518428116438605,25
3986,6,16,88,9,-3.7570512530434645,7
3987,4,19,63,11,-3.7758336578086884,8
3988,92,13,104,6,-3.7768187223532292,7
3989,93,10,7,5,-3.7802315490169662,5
3990,107,29,91,17,-3.79517570888213,12
3991,104,13,20,8,-3.7974160411444697,5
3992,107,40,100,20,-3.801505451743224,20
3993,1,12,15,7,-3.8033258517595496,5
3994,78,12,39,6,-3.805891795343841,6
3995,5,16,110,9,-3.8138584796050923,7
3996,31,18,91,11,-3.819701831167943,7
3997,18,32,86,19,-3.8203668272153477,13
3998,3,10,49,6,-3.8208441036339096,4
3999,4,21,55,11,-3.821660634263143,10
4000,64,14,44,8,-3.824222642884567,6
4001,13,24,38,12,-3.826623496126898,12
4002,66,12,60,8,-3.8266322198174065,4
4003,87,16,44,9,-3.826754946057649,7
4004,51,30,70,16,-3.8297117807076546,14
4005,87,38,30,21,-3.8298987122526276,17
4006,13,26,91,14,-3.8317482607331113,12
4007,7,26,20,14,-3.839940256500115,12
4008,13,31,63,17,-3.8403036315605172,14
4009,31,23,18,12,-3.8430258307678655,11
4010,31,11,28,6,-3.845374758093618,5
4011,111,34,65,20,-3.8475275648066676,14
4012,6,14,65,8,-3.8536392094191116,6
4013,114,25,41,13,-3.8544949021986654,12
4014,51,16,11,8,-3.8660778701548084,8
4015,68,11,108,6,-3.86884903956731,5
4016,87,36,95,20,-3.8694007735692093,16
4017,98,13,18,6,-3.8754830902904,7
4018,108,11,30,6,-3.88226795119385,5
4019,112,11,1,5,-3.8826933985340957,6
4020,17,15,11,8,-3.886158778436342,7
4021,17,10,110,6,-3.888719135954252,4
4022,62,13,76,7,-3.8913968956310074,6
4023,11,44,55,26,-3.8920841591670357,18
4024,20,13,18,8,-3.8928283548315483,5
4025,47,29,7,17,-3.8974466826753917,12
4026,37,26,102,15,-3.901578428361024,11
4027,54,55,28,31,-3.903797078957133,24
4028,49,19,98,10,-3.906322793569991,9
4029,107,70,88,40,-3.909080652984006,30
4030,96,21,60,14,-3.9124280698247627,7
4031,53,16,27,10,-3.914996444269401,6
4032,86,13,89,6,-3.9174928376954097,7
4033,86,30,49,16,-3.918819559219819,14
4034,48,17,20,10,-3.9196076613306294,7
4035,70,38,37,22,-3.9227382855891673,16
4036,2,28,5,16,-3.923277825320168,12
4037,63,28,64,15,-3.9273689023243743,13
4038,50,11,57,7,-3.929027822248146,4
4039,16,35,97,19,-3.9340820840887147,16
4040,97,10,80,6,-3.9365866928471034,4
4041,40,11,6,6,-3.9442678680230827,5
4042,76,12,34,6,-3.9517678907570324,6
4043,104,50,88,29,-3.9536343834384904,21
4044,54,16,94,9,-3.955738681406249,7
4045,93,24,74,13,-3.960101768879081,11
4046,29,15,7,7,-3.9743744250187336,8
4047,1,28,40,16,-3.9750240059769126,12
4048,14,12,96,7,-3.975747798085754,5
4049,17,17,34,10,-3.9857052585459996,7
4050,77,20,86,12,-4.007520110320655,8
4051,31,12,66,7,-4.0087548725586535,5
4052,86,20,99,12,-4.00989122283285,8
4053,54,36,55,19,-4.011039158800405,17
4054,28,70,50,40,-4.011477637487842,30
4055,110,20,8,12,-4.013172679497405,8
4056,51,44,104,27,-4.015424408222765,17
4057,114,28,102,16,-4.0171208257371775,12
4058,3,16,104,9,-4.020656220421077,7
4059,47,13,71,7,-4.030916530509354,6
4060,81,15,15,8,-4.0313185229715645,7
4061,43,10,1,5,-4.03897671575872,5
4062,50,21,7,11,-4.045740478776831,10
4063,79,13,11,6,-4.047561716338114,7
4064,65,73,104,40,-4.0492599838057535,33
4065,40,10,32,5,-4.050021677419869,5
4066,69,27,51,16,-4.050423840769318,11
4067,64,13,49,7,-4.0514895827876565,6
4068,80,28,16,16,-4.056076921695063,12
4069,38,10,34,6,-4.0610942900478735,4
4070,95,10,43,6,-4.0633983206079485,4
4071,17,26,7,15,-4.064887482017846,11
4072,40,57,60,32,-4.06725625489293,25
4073,60,38,87,20,-4.070682609249087,18
4074,84,41,51,24,-4.0757916119089055,17
4075,50,22,74,12,-4.086243740312161,10
4076,19,11,36,6,-4.0885902184216905,5
4077,97,21,87,13,-4.089970328864312,8
4078,35,24,20,14,-4.098728722002913,10
4079,93,20,83,11,-4.100880722204593,9
4080,106,11,29,6,-4.1226863415672375,5
4081,65,22,45,11,-4.125923170388699,11
4082,104,32,76,19,-4.135711821894891,13
4083,20,11,71,7,-4.136430557393971,4
4084,69,11,11,7,-4.1379214913131195,4
4085,29,11,23,6,-4.138000210796417,5
4086,71,47,53,27,-4.141303557057988,20
4087,73,13,20,8,-4.146065391689571,5
4088,3,13,96,7,-4.14984060644092,6
4089,62,10,60,6,-4.155747625311636,4
4090,62,29,86,16,-4.168140003828562,13
4091,29,14,28,8,-4.174017513354276,6
4092,88,11,19,6,-4.1792954612704065,5
4093,7,18,80,11,-4.182061930373812,7
4094,25,27,23,15,-4.182190113226027,12
4095,48,14,7,7,-4.194687020035504,7
4096,100,18,23,11,-4.197161790157007,7
4097,28,13,47,7,-4.198358496115318,6
4098,94,12,39,7,-4.199237943666825,5
4099,40,11,15,6,-4.201647176656486,5
4100,36,56,65,32,-4.205692860728475,24
4101,68,41,41,23,-4.207626519911899,18
4102,112,11,27,6,-4.214543381192909,5
4103,31,21,87,11,-4.220659397575877,10
4104,18,19,4,11,-4.220670692754493,8
4105,44,11,71,6,-4.223524348839462,5
4106,65,16,109,11,-4.2330518085976205,5
4107,53,14,28,8,-4.23428618573004,6
4108,1,21,60,12,-4.237560386673236,9
4109,74,12,31,7,-4.240578281890586,5
4110,34,14,106,7,-4.243674039664674,7
4111,85,12,28,7,-4.253389606053365,5
4112,80,17,104,9,-4.256665633473226,8
4113,87,33,23,20,-4.2566804889481435,13
4114,13,22,100,13,-4.266245772639935,9
4115,16,16,103,9,-4.27064958267566,7
4116,107,95,16,58,-4.2706552869810785,37
4117,96,12,33,5,-4.271042933020871,7
4118,54,27,9,15,-4.272544772651764,12
4119,70,15,49,8,-4.274835544264272,7
4120,54,63,20,33,-4.290782184792433,30
4121,44,21,20,12,-4.299103845073811,9
4122,38,22,7,12,-4.300171500471751,10
4123,54,28,25,16,-4.300413553073274,12
4124,109,22,20,14,-4.302333411252665,8
4125,52,10,50,5,-4.308197298973348,5
4126,20,19,17,11,-4.3112321942034,8
4127,17,23,97,13,-4.313428551304956,10
4128,40,22,4,12,-4.316643149060896,10
4129,37,23,98,13,-4.327931130640238,10
4130,41,19,95,11,-4.332143979792176,8
4131,22,12,60,7,-4.334241842742782,5
4132,65,29,70,18,-4.3439841796636145,11
4133,88,24,47,13,-4.347102674354305,11
4134,28,49,20,28,-4.349749782422694,21
4135,54,31,104,17,-4.355933806560285,14
4136,11,13,33,6,-4.365968233102095,7
4137,87,20,94,11,-4.367418143965147,9
4138,23,23,40,13,-4.36842332680331,10
4139,58,13,55,7,-4.369004483506263,6
4140,84,58,28,33,-4.369928149410577,25
4141,9,24,55,14,-4.371040618945101,10
4142,98,13,60,7,-4.372454949323837,6
4143,25,33,87,18,-4.379098196808543,15
4144,49,24,87,12,-4.380791657180536,12
4145,76,23,65,14,-4.385586505985179,9
4146,86,20,111,12,-4.3910837466552355,8
4147,38,32,107,19,-4.39393220007557,13
4148,64,20,114,12,-4.407773657880816,8
4149,57,12,64,7,-4.4096800085415095,5
4150,53,64,7,36,-4.416213736910661,28
4151,13,30,99,17,-4.420966828834257,13
4152,87,20,102,12,-4.423994697827658,8
4153,20,14,23,8,-4.42777867543601,6
4154,5,115,86,66,-4.430772584334585,49
4155,53,35,16,21,-4.432680586189367,14
4156,46,58,86,36,-4.433062748950475,22
4157,107,46,11,26,-4.433295300820407,20
4158,57,10,9,6,-4.4406570861085,4
4159,88,11,45,7,-4.4416566980945715,4
4160,51,24,1,13,-4.443642769643949,11
4161,20,59,107,33,-4.443744385976959,26
4162,109,15,95,9,-4.444131433700797,6
4163,37,33,13,19,-4.448467961015428,14
4164,50,42,2,24,-4.448957186147167,18
4165,31,67,7,38,-4.453212370234459,29
4166,16,44,95,24,-4.453378575583385,20
4167,73,12,50,8,-4.454782630059153,4
4168,97,11,77,7,-4.454901155383999,4
4169,88,43,75,25,-4.458661851679064,18
4170,98,13,78,7,-4.46380656892488,6
4171,50,15,3,8,-4.464463620895281,7
4172,13,23,57,12,-4.466490311868767,11
4173,32,18,37,10,-4.466542082918519,8
4174,57,10,91,5,-4.468260927215542,5
4175,8,16,68,9,-4.472450037155225,7
4176,25,31,96,17,-4.472832877552798,14
4177,107,74,65,42,-4.474316118265179,32
4178,107,33,95,18,-4.475609109265347,15
4179,51,102,16,57,-4.484511676609862,45
4180,11,15,93,10,-4.484686270589563,5
4181,27,11,55,6,-4.4890470852362,5
4182,51,45,75,25,-4.490318359114664,20
4183,3,15,64,9,-4.492765978443915,6
4184,37,15,93,9,-4.4934456656390305,6
4185,112,20,75,12,-4.4989690721071325,8
4186,110,13,87,8,-4.501644038521952,5
4187,54,17,78,10,-4.506577020775673,7
4188,104,10,62,7,-4.506645682517949,3
4189,69,10,80,5,-4.508733977407145,5
4190,98,21,11,11,-4.5130981495322375,10
4191,55,43,37,23,-4.516821858156877,20
4192,72,18,13,9,-4.527595256070807,9
4193,75,23,106,12,-4.532198108241345,11
4194,68,28,71,17,-4.532265816801446,11
4195,102,24,8,13,-4.537070383836358,11
4196,9,51,88,29,-4.537426821075462,22
4197,76,24,23,13,-4.537606040144393,11
4198,107,36,76,23,-4.544662386882574,13
4199,39,11,1,5,-4.548291694643937,6
4200,15,18,99,11,-4.551461310618722,7
4201,46,15,83,8,-4.551826612706302,7
4202,112,10,74,6,-4.553694289700708,4
4203,23,15,70,8,-4.554568026577778,7
4204,104,16,99,8,-4.562749239239297,8
4205,68,14,11,8,-4.569201976807364,6
4206,95,14,99,8,-4.572737764013027,6
4207,58,23,7,12,-4.575034525669345,11
4208,29,19,16,10,-4.5779794483127985,9
4209,8,30,60,16,-4.584471076654315,14
4210,96,32,50,18,-4.592653394244437,14
4211,88,94,7,52,-4.598064452346123,42
4212,95,13,77,7,-4.601493224452909,6
4213,30,11,23,6,-4.601908928188203,5
4214,3,35,7,21,-4.603775118928218,14
4215,86,72,37,40,-4.607837359690986,32
4216,55,42,7,25,-4.609551229914398,17
4217,9,17,49,9,-4.620658268254684,8
4218,87,63,8,36,-4.620917268255847,27
4219,78,12,28,6,-4.631775731372597,6
4220,110,15,106,8,-4.633960085739299,7
4221,25,22,60,12,-4.636282806493915,10
4222,88,24,43,14,-4.636555985964769,10
4223,109,19,73,11,-4.637139105733963,8
4224,13,14,73,8,-4.6427133386229835,6
4225,16,21,6,11,-4.642825718029856,10
4226,96,39,63,24,-4.649023449526139,15
4227,25,15,27,8,-4.649655011418167,7
4228,47,15,25,8,-4.655390231832644,7
4229,100,19,28,11,-4.660885966766407,8
4230,98,14,55,9,-4.662824671110213,5
4231,8,12,52,7,-4.669562642233976,5
4232,107,88,87,50,-4.672529916573878,38
4233,81,22,53,13,-4.67351225402936,9
4234,5,16,71,9,-4.686451238703376,7
4235,41,26,60,14,-4.687979614839917,12
4236,62,10,97,6,-4.689387738532959,4
4237,60,45,55,25,-4.699539635247212,20
4238,18,31,88,17,-4.699584875943505,14
4239,68,19,15,12,-4.704332289270896,7
4240,93,17,16,9,-4.708607420081888,8
4241,46,23,20,15,-4.708713070266484,8
4242,18,37,28,20,-4.710953949587104,17
4243,12,14,74,8,-4.7158981291394015,6
4244,86,17,47,10,-4.720142586161406,7
4245,75,14,15,9,-4.7291616067808215,5
4246,46,11,6,6,-4.730994669309113,5
4247,87,56,13,34,-4.736199864166475,22
4248,46,41,8,22,-4.737192297274267,19
4249,63,30,9,17,-4.738784392770433,13
4250,3,11,97,7,-4.7402730889790226,4
4251,17,25,28,14,-4.742091644609896,11
4252,65,57,55,32,-4.74405737741087,25
4253,77,16,25,9,-4.745845616411638,7
4254,3,21,16,13,-4.747059555887119,8
4255,63,38,74,21,-4.748458787006122,17
4256,5,30,90,18,-4.752640516818982,12
4257,50,16,93,10,-4.755526241513055,6
4258,97,16,60,8,-4.770560692259115,8
4259,31,15,12,8,-4.770632464521183,7
4260,70,13,90,7,-4.771084444295363,6
4261,17,14,1,8,-4.774691835698866,6
4262,28,26,93,16,-4.7762193932866115,10
4263,5,12,9,7,-4.777710715122403,5
4264,50,48,87,26,-4.778093921608591,22
4265,5,33,76,19,-4.788314400539968,14
4266,1,17,9,8,-4.79405950293998,9
4267,9,29,8,14,-4.796436219845456,15
4268,25,11,111,6,-4.797175922879397,5
4269,9,34,28,18,-4.797254206036923,16
4270,84,17,98,11,-4.7978961426483835,6
4271,96,22,75,15,-4.80138149231193,7
4272,108,13,96,7,-4.805162668071275,6
4273,106,25,2,14,-4.808494527305082,11
4274,106,12,6,7,-4.810944704219048,5
4275,8,30,83,16,-4.811627367676455,14
4276,85,11,74,6,-4.812388004493803,5
4277,68,27,23,14,-4.819829270426411,13
4278,54,15,14,10,-4.820525855929131,5
4279,86,33,100,17,-4.82070188558936,16
4280,25,19,31,10,-4.823839301099763,9
4281,67,15,8,9,-4.8319098461555825,6
4282,39,39,75,21,-4.835166255544909,18
4283,64,20,83,11,-4.840996077098241,9
4284,51,30,5,19,-4.841333405150811,11
4285,38,10,20,7,-4.844230675667009,3
4286,100,23,104,14,-4.850527098250833,9
4287,32,12,97,7,-4.851459349576838,5
4288,89,10,5,7,-4.862465640901751,3
4289,106,54,37,29,-4.865641247327304,25
4290,19,11,84,6,-4.870688517782824,5
4291,57,27,87,16,-4.871666288606831,11
4292,88,12,85,7,-4.873754317610231,5
4293,18,15,81,9,-4.877040041598751,6
4294,114,11,30,6,-4.882071098465157,5
4295,95,11,69,7,-4.882909765417962,4
4296,29,10,9,6,-4.887671889551099,4
4297,3,12,8,5,-4.887819375016217,7
4298,9,44,65,26,-4.887961308210908,18
4299,71,25,62,14,-4.888439777720532,11
4300,5,39,83,21,-4.890865835189012,18
4301,55,27,76,17,-4.892389867780943,10
4302,54,48,46,28,-4.906943181154002,20
4303,28,12,38,6,-4.907164394244693,6
4304,108,12,54,8,-4.909695920764134,4
4305,91,10,38,6,-4.918487915214837,4
4306,106,56,74,32,-4.924754963776778,24
4307,36,40,86,23,-4.927433251240003,17
4308,9,22,114,15,-4.931319071415344,7
4309,55,21,20,12,-4.931554548881413,9
4310,87,14,77,8,-4.94240192025149,6
4311,49,12,76,7,-4.943121216792114,5
4312,30,13,100,8,-4.947415784475727,5
4313,68,19,56,10,-4.94813216675333,9
4314,8,32,13,19,-4.955794878282507,13
4315,77,18,39,10,-4.961640817784316,8
4316,90,23,96,14,-4.963939687748077,9
4317,8,12,62,8,-4.964220736900479,4
4318,38,16,109,10,-4.9644619615709695,6
4319,107,49,40,30,-4.964616090179718,19
4320,51,18,14,12,-4.969794868699568,6
4321,15,17,23,10,-4.9841342107101605,7
4322,39,25,27,13,-4.989393098929608,12
4323,71,15,74,8,-4.993812181109021,7
4324,63,30,104,17,-4.993963037729945,13
4325,68,12,32,8,-4.994599728673894,4
4326,17,33,65,21,-4.996229787640958,12
4327,106,41,7,21,-5.003800212982272,20
4328,5,26,93,16,-5.004460526821323,10
4329,63,14,81,8,-5.016441825370757,6
4330,57,22,84,11,-5.026867760977004,11
4331,9,41,75,24,-5.040607611984742,17
4332,63,29,55,16,-5.056066807562622,13
4333,7,98,16,55,-5.056101722825339,43
4334,112,26,53,13,-5.062618261015588,13
4335,39,15,19,8,-5.064222320631038,7
4336,65,17,46,11,-5.06610491085495,6
4337,33,13,90,8,-5.072843762888294,5
4338,20,10,32,7,-5.08216341529211,3
4339,104,61,107,36,-5.084587806965312,25
4340,95,24,60,14,-5.089480392621887,10
4341,104,25,53,14,-5.094260383198605,11
4342,70,23,55,13,-5.1032220329288345,10
4343,4,18,75,11,-5.1124286444655915,7
4344,55,16,100,8,-5.1129537660427005,8
4345,58,30,40,16,-5.133397385337809,14
4346,4,12,109,7,-5.135069245647407,5
4347,3,21,36,13,-5.136055944816986,8
4348,69,12,40,8,-5.137627663794989,4
4349,88,15,44,8,-5.148664566159752,7
4350,9,24,106,14,-5.150083731218861,10
4351,79,13,63,8,-5.150156389678723,5
4352,50,28,76,18,-5.1519660961300575,10
4353,63,54,8,30,-5.156454172512432,24
4354,39,14,111,8,-5.158992286191917,6
4355,5,12,67,7,-5.159840528973067,5
4356,56,11,91,6,-5.160182814393273,5
4357,47,26,75,17,-5.17693162231529,9
4358,97,17,75,10,-5.183439015487436,7
4359,51,24,4,15,-5.183921696313045,9
4360,48,24,84,15,-5.188857256683019,9
4361,6,20,44,13,-5.189449523361067,7
4362,113,13,40,8,-5.193726392686624,5
4363,89,15,41,9,-5.196780511481055,6
4364,55,18,34,10,-5.202160532736089,8
4365,91,12,33,6,-5.213867650447791,6
4366,37,22,40,12,-5.218981261850287,10
4367,5,11,35,6,-5.226534281744142,5
4368,96,37,20,22,-5.229501973456112,15
4369,112,17,88,10,-5.231027938888665,7
4370,13,47,71,26,-5.235216499316669,21
4371,25,21,91,12,-5.23677892954369,9
4372,14,15,65,8,-5.239230657167625,7
4373,40,15,98,8,-5.239271076053038,7
4374,40,26,25,15,-5.242222631716463,11
4375,31,11,35,6,-5.255104723881262,5
4376,62,24,107,12,-5.261786874758227,12
4377,92,11,28,7,-5.266199037582341,4
4378,109,32,88,19,-5.272527791460708,13
4379,88,11,56,6,-5.280224334897691,5
4380,28,19,14,12,-5.2887953454841945,7
4381,35,11,30,6,-5.293385259461386,5
4382,22,12,109,7,-5.3030018855523124,5
4383,55,25,111,15,-5.307717141421055,10
4384,49,13,28,7,-5.31428031912519,6
4385,96,16,85,11,-5.314304637448896,5
4386,60,15,61,8,-5.316729344745585,7
4387,9,45,107,25,-5.322061725590964,20
4388,13,19,26,12,-5.323421758702902,7
4389,102,14,97,9,-5.335160623731844,5
4390,88,86,86,50,-5.345596536414867,36
4391,65,18,62,10,-5.345755023288058,8
4392,54,33,13,20,-5.351163209561118,13
4393,62,37,16,23,-5.3517092122196015,14
4394,97,35,7,19,-5.356987360153851,16
4395,63,30,75,17,-5.362343223381898,13
4396,90,31,54,18,-5.397442007333916,13
4397,64,10,84,7,-5.40179307430533,3
4398,66,11,9,6,-5.404825557202403,5
4399,58,11,4,7,-5.405037105567146,4
4400,37,11,49,6,-5.405793666619149,5
4401,65,65,87,39,-5.421192101641339,26
4402,18,18,91,11,-5.437015235679075,7
4403,51,11,93,6,-5.442643801494352,5
4404,57,18,97,10,-5.45235309786646,8
4405,71,43,75,27,-5.454468163058883,16
4406,30,17,49,10,-5.458460770772242,7
4407,16,39,20,25,-5.460632305549481,14
4408,68,11,80,7,-5.466227321340817,4
4409,75,10,14,6,-5.479308338136782,4
4410,86,65,11,37,-5.481668593343347,28
4411,70,23,114,14,-5.484820175107314,9
4412,69,12,47,7,-5.485890015271257,5
4413,40,49,65,28,-5.488110460552834,21
4414,54,20,15,11,-5.491526659354752,9
4415,62,10,18,6,-5.493140482819633,4
4416,102,10,67,6,-5.497246561771841,4
4417,75,40,18,23,-5.507084301877023,17
4418,109,13,32,7,-5.508051897308618,6
4419,83,19,95,12,-5.510188596504647,7
4420,64,30,16,19,-5.512894912147264,11
4421,37,59,87,35,-5.516733087496061,24
4422,20,10,62,6,-5.517288163699186,4
4423,7,33,28,20,-5.522079859732704,13
4424,57,24,88,13,-5.524909922819241,11
4425,102,14,33,8,-5.525239013163607,6
4426,88,23,30,12,-5.525413582454541,11
4427,68,45,114,26,-5.528966703625285,19
4428,68,30,54,18,-5.5293608762892505,12
4429,23,31,106,16,-5.535479536227777,15
4430,107,21,15,14,-5.539272924336071,7
4431,69,26,65,15,-5.540534749641235,11
4432,84,16,75,9,-5.542746956131477,7
4433,75,51,86,28,-5.544222274149607,23
4434,2,22,20,13,-5.544865436021075,9
4435,84,18,25,11,-5.5466876181289715,7
4436,31,53,36,30,-5.548564460468652,23
4437,25,41,8,25,-5.550067480025435,16
4438,4,11,46,6,-5.55622187464566,5
4439,20,28,70,17,-5.557937128069356,11
4440,95,10,31,6,-5.5581891593402775,4
4441,10,11,63,7,-5.56040496031845,4
4442,104,60,37,36,-5.5634752610620195,24
4443,54,31,11,18,-5.565049065297328,13
4444,11,26,76,16,-5.5694789783630885,10
4445,69,11,42,6,-5.570250078296482,5
4446,71,17,12,10,-5.576190752449122,7
4447,68,21,62,12,-5.5910040455918875,9
4448,63,11,99,6,-5.5958077337997105,5
4449,98,17,70,11,-5.604121247592223,6
4450,18,13,38,7,-5.6081144260834686,6
4451,43,14,27,7,-5.609839390205424,7
4452,50,15,100,9,-5.612526049660052,6
4453,90,14,30,8,-5.614315415339312,6
4454,3,22,114,14,-5.6169459155328765,8
4455,50,48,16,28,-5.617696720442926,20
4456,50,26,95,15,-5.619957219349124,11
4457,17,21,5,14,-5.625033929201381,7
4458,73,28,86,15,-5.62531345595925,13
4459,98,14,108,8,-5.640790264148575,6
4460,74,23,73,14,-5.649045009007229,9
4461,97,13,39,8,-5.649731064357227,5
4462,97,10,4,6,-5.649870700339136,4
4463,61,13,9,8,-5.652969843590385,5
4464,68,12,43,7,-5.661402151081362,5
4465,88,41,23,26,-5.662482081944023,15
4466,82,11,54,7,-5.66427830231393,4
4467,37,48,16,28,-5.664774565241773,20
4468,99,31,16,18,-5.66581833704302,13
4469,37,39,75,25,-5.670197882049106,14
4470,25,10,94,5,-5.671887186214519,5
4471,12,11,54,6,-5.67450373056912,5
4472,95,10,102,6,-5.68531996234082,4
4473,38,23,63,15,-5.685369937239837,8
4474,55,25,30,15,-5.686463879094617,10
4475,5,46,106,28,-5.689619439430468,18
4476,43,10,23,6,-5.689859175567735,4
4477,84,17,38,9,-5.691352570903175,8
4478,32,10,70,5,-5.692479372096212,5
4479,62,17,53,10,-5.701449545318568,7
4480,102,10,23,6,-5.716053822653882,4
4481,37,18,41,11,-5.716493275276267,7
4482,12,10,6,5,-5.722414314921584,5
4483,17,13,98,7,-5.72342530511381,6
4484,51,26,25,15,-5.726135112848949,11
4485,48,20,11,12,-5.726887293490206,8
4486,9,14,45,9,-5.727853500458989,5
4487,25,48,13,26,-5.729332953997916,22
4488,106,42,25,26,-5.737688222420908,16
4489,77,12,36,7,-5.751140829309579,5
4490,37,11,94,7,-5.752143682001779,4
4491,47,13,23,8,-5.7551420632928085,5
4492,53,13,58,6,-5.756559382638664,7
4493,71,30,64,19,-5.764884814228726,11
4494,112,15,18,10,-5.767208039651441,5
4495,35,19,11,11,-5.768399159544,8
4496,63,26,98,15,-5.795644107915215,11
4497,55,28,74,16,-5.797157459674131,12
4498,64,45,7,25,-5.8010614589687695,20
4499,51,32,27,20,-5.804553521558319,12
4500,20,13,79,8,-5.810117746469,5
4501,50,12,6,7,-5.811269083562532,5
4502,106,28,80,17,-5.812470547213422,11
4503,49,10,100,5,-5.813425744151518,5
4504,5,16,40,9,-5.82052725169565,7
4505,43,12,17,7,-5.8371671437144,5
4506,87,13,58,8,-5.838329621055198,5
4507,93,13,20,7,-5.845044762429803,6
4508,46,37,74,23,-5.850135921281392,14
4509,112,20,7,12,-5.863389950487481,8
4510,7,17,34,10,-5.863504951401834,7
4511,95,36,54,20,-5.865979569344108,16
4512,9,17,62,10,-5.866001447424248,7
4513,106,53,54,29,-5.8811146934590965,24
4514,36,12,46,7,-5.88209418081934,5
4515,34,19,109,11,-5.8910600256239505,8
4516,84,34,74,18,-5.89139952158172,16
4517,1,12,46,6,-5.891865749051654,6
4518,107,17,6,10,-5.906261036560345,7
4519,68,55,39,31,-5.907725939188766,24
4520,45,15,41,10,-5.914462706154762,5
4521,63,10,93,6,-5.917563250275586,4
4522,114,20,73,12,-5.924435121305104,8
4523,63,45,37,27,-5.933785173114153,18
4524,40,13,112,7,-5.934161105944305,6
4525,71,40,16,25,-5.9385712385767615,15
4526,28,50,104,29,-5.9417102215711495,21
4527,43,15,41,9,-5.943674988011268,6
4528,7,15,33,8,-5.9471342175078945,7
4529,14,12,39,7,-5.9475481477923315,5
4530,10,12,97,6,-5.950831581917707,6
4531,17,34,86,18,-5.961143965020202,16
4532,53,52,68,31,-5.964244334939566,21
4533,38,10,12,6,-5.966686013029675,4
4534,40,18,97,11,-5.966918416140385,7
4535,76,19,112,10,-5.9691922227288705,9
4536,37,12,29,7,-5.974501161749752,5
4537,18,20,64,12,-5.974775055211904,8
4538,27,12,74,6,-5.991317096712257,6
4539,31,25,114,14,-5.9918765203954925,11
4540,70,57,54,34,-6.000249372764341,23
4541,100,19,37,12,-6.000890669706825,7
4542,17,14,100,10,-6.011059679512768,4
4543,17,10,99,6,-6.011623328938978,4
4544,7,11,85,7,-6.023882130639264,4
4545,71,31,30,18,-6.024215205048038,13
4546,46,20,95,12,-6.027785407812037,8
4547,50,17,91,11,-6.027790824025908,6
4548,65,30,64,17,-6.029400567070288,13
4549,86,38,64,22,-6.0307653391474,16
4550,79,20,16,12,-6.030959275561986,8
4551,31,31,75,17,-6.03348213428737,14
4552,98,24,7,15,-6.033686003781978,9
4553,32,16,8,9,-6.041444852098721,7
4554,18,24,63,15,-6.046455003215171,9
4555,63,19,90,11,-6.053395439788755,8
4556,28,18,23,10,-6.0662027716624305,8
4557,41,27,23,16,-6.068042449918635,11
4558,48,14,74,7,-6.068043245358376,7
4559,69,10,55,6,-6.075582313218194,4
4560,108,10,79,7,-6.083927302918585,3
4561,107,23,111,12,-6.08814286411973,11
4562,86,39,98,22,-6.096402500191196,17
4563,16,44,30,26,-6.09664451906873,18
4564,7,12,90,7,-6.108519045195329,5
4565,29,18,39,10,-6.11667916860653,8
4566,31,13,81,9,-6.1171597913254026,4
4567,88,35,25,23,-6.12387967695023,12
4568,97,24,55,15,-6.128965912516969,9
4569,80,13,31,9,-6.13276887148396,4
4570,87,17,78,9,-6.134748128994162,8
4571,48,10,23,6,-6.136507124451631,4
4572,46,14,109,8,-6.137839688733693,6
4573,63,16,78,8,-6.142144937717797,8
4574,39,48,40,29,-6.1478732659202615,19
4575,112,15,31,10,-6.149641402394962,5
4576,89,10,63,7,-6.159771716986654,3
4577,36,47,13,29,-6.167141158071527,18
4578,20,45,65,28,-6.17102810501078,17
4579,76,23,97,13,-6.171425808149793,10
4580,35,14,55,8,-6.18171019735336,6
4581,39,11,34,6,-6.181745150214425,5
4582,2,28,63,16,-6.200018491851487,12
4583,70,28,74,15,-6.203999405338755,13
4584,84,15,35,9,-6.209299301194262,6
4585,72,10,85,7,-6.220112706759078,3
4586,65,21,38,11,-6.2252846155522565,10
4587,55,31,80,17,-6.225846961531595,14
4588,6,17,13,10,-6.2267295430039455,7
4589,50,41,104,25,-6.230364171354916,16
4590,62,15,54,9,-6.240490314200173,6
4591,5,17,43,10,-6.250727481432203,7
4592,16,17,110,10,-6.257086999581945,7
4593,87,18,108,11,-6.262008842945725,7
4594,39,22,92,12,-6.263991845659126,10
4595,95,12,15,7,-6.265255655621161,5
4596,96,11,69,7,-6.268969865653717,4
4597,5,45,20,28,-6.270373633442783,17
4598,30,19,20,11,-6.270512840524559,8
4599,54,28,30,17,-6.276530460916851,11
4600,69,12,104,8,-6.27892885653445,4
4601,4,21,86,13,-6.2794844995496994,8
4602,41,28,87,17,-6.282239020662331,11
4603,102,11,41,7,-6.282861273718874,4
4604,92,12,16,9,-6.284475222709882,3
4605,64,16,70,11,-6.2860092045587415,5
4606,114,17,23,11,-6.291790840234865,6
4607,83,16,39,10,-6.297771796270442,6
4608,55,13,29,8,-6.301089833667023,5
4609,60,12,80,7,-6.326591453694461,5
4610,112,14,54,9,-6.326711825622494,5
4611,94,18,13,11,-6.333471224988879,7
4612,111,10,81,7,-6.333917467029675,3
4613,104,40,40,25,-6.3350568236152025,15
4614,87,82,16,48,-6.337926832965373,34
4615,40,22,62,11,-6.340588914856938,11
4616,69,23,107,14,-6.34176551067775,9
4617,83,29,86,19,-6.342700324127685,10
4618,87,16,15,9,-6.3463488110906745,7
4619,112,15,51,9,-6.350376289921741,6
4620,27,13,92,7,-6.356396578041118,6
4621,44,12,28,6,-6.3579705752280935,6
4622,56,21,7,12,-6.361794853449643,9
4623,51,30,20,16,-6.3907803506271055,14
4624,77,13,106,7,-6.407119934187455,6
4625,77,19,107,11,-6.4169470483546815,8
4626,33,16,40,11,-6.427211772717695,5
4627,39,22,100,13,-6.432511887302127,9
4628,109,20,41,13,-6.432688342356182,7
4629,29,18,84,10,-6.444526066469944,8
4630,87,20,4,13,-6.445923142452617,7
4631,86,31,69,18,-6.447204277363733,13
4632,28,10,6,6,-6.452419128804086,4
4633,86,30,27,19,-6.453315924089684,11
4634,39,54,86,31,-6.454361372746669,23
4635,87,25,90,15,-6.454852453391627,10
4636,9,20,70,13,-6.477071321597405,7
4637,94,16,68,9,-6.4856507943578245,7
4638,104,10,48,6,-6.493358473776669,4
4639,54,20,1,12,-6.4933945511101445,8
4640,3,27,13,18,-6.496883789172181,9
4641,108,21,16,13,-6.502477858846357,8
4642,28,15,35,8,-6.525585250622974,7
4643,78,16,84,10,-6.528996584417213,6
4644,81,29,86,20,-6.532482502137965,9
4645,55,10,49,6,-6.541972088163769,4
4646,18,21,77,14,-6.545250800191178,7
4647,27,29,16,18,-6.548968077490891,11
4648,51,11,72,6,-6.553708462421182,5
4649,53,44,107,27,-6.556157644451659,17
4650,55,66,16,42,-6.562920489355149,24
4651,25,37,104,21,-6.567754121461538,16
4652,114,26,53,15,-6.571088082289226,11
4653,43,40,13,22,-6.584602401444724,18
4654,68,49,16,31,-6.592720635029753,18
4655,96,28,65,16,-6.593487230396348,12
4656,30,16,34,10,-6.601140375094156,6
4657,64,21,55,14,-6.604925944972096,7
4658,81,18,71,11,-6.61709770119633,7
4659,75,10,85,7,-6.619293441212882,3
4660,9,14,74,9,-6.620459467868888,5
4661,5,48,25,29,-6.626414170343123,19
4662,37,22,39,13,-6.632156694863052,9
4663,65,30,4,18,-6.635600395573753,12
4664,5,26,32,16,-6.6474470604519045,10
4665,114,15,76,10,-6.653911993113485,5
4666,37,19,71,11,-6.65399605348867,8
4667,87,13,12,8,-6.654704325795005,5
4668,88,74,54,44,-6.654867228993362,30
4669,71,11,83,6,-6.6562053803338666,5
4670,13,13,14,9,-6.663851771345143,4
4671,88,36,27,20,-6.672694825026895,16
4672,47,20,107,12,-6.679988416533417,8
4673,30,10,15,6,-6.684640344838419,4
4674,62,18,7,11,-6.690218008322474,7
4675,106,11,111,8,-6.697425895741327,3
4676,91,12,15,6,-6.697476716978325,6
4677,71,24,28,15,-6.697570308642472,9
4678,74,15,83,8,-6.703298030488857,7
4679,12,21,60,10,-6.704537300087495,11
4680,109,25,107,16,-6.707778229737098,9
4681,97,35,28,22,-6.716635909782018,13
4682,32,10,65,6,-6.718474357729474,4
4683,95,11,100,6,-6.722166987268522,5
4684,98,11,27,6,-6.722224921815258,5
4685,84,16,85,11,-6.72402437717923,5
4686,95,13,14,8,-6.731405281187272,5
4687,96,38,74,24,-6.731828732252354,14
4688,78,14,40,10,-6.732885786530082,4
4689,63,18,100,10,-6.742683547587138,8
4690,71,10,94,6,-6.748460655059317,4
4691,18,19,30,11,-6.749976540021853,8
4692,90,13,53,8,-6.752088210585149,5
4693,23,43,13,24,-6.759962036733637,19
4694,107,23,33,13,-6.763493299081546,10
4695,19,11,38,8,-6.772394939740198,3
4696,108,10,81,6,-6.778588424753946,4
4697,27,14,6,8,-6.780540737481573,6
4698,51,81,39,48,-6.781026894224875,33
4699,87,16,1,9,-6.782771040032775,7
4700,31,10,55,6,-6.798197972656263,4
4701,71,10,49,6,-6.8003776926672845,4
4702,45,18,60,10,-6.802248227913869,8
4703,114,16,100,10,-6.806713890734191,6
4704,96,20,51,12,-6.8091583197949745,8
4705,9,14,25,9,-6.810304163725227,5
4706,4,13,56,7,-6.816273515879698,6
4707,104,22,30,12,-6.820606807560422,10
4708,31,69,68,41,-6.8216343585610195,28
4709,78,28,86,17,-6.822056261466189,11
4710,68,10,89,6,-6.826893879643049,4
4711,46,20,7,13,-6.8293660676717325,7
4712,106,25,95,16,-6.830338155584793,9
4713,96,14,78,9,-6.830515928543477,5
4714,96,80,86,49,-6.839782165020976,31
4715,51,99,7,62,-6.849475435937795,37
4716,95,29,13,17,-6.852052215706936,12
4717,96,19,114,12,-6.857320738328298,7
4718,11,17,75,10,-6.860129083231022,7
4719,4,43,60,24,-6.864343045215706,19
4720,68,16,12,10,-6.869818370181398,6
4721,99,15,106,10,-6.882359612487446,5
4722,5,47,114,28,-6.885144276646174,19
4723,65,22,90,12,-6.887045978873849,10
4724,88,16,76,9,-6.891817282335724,7
4725,53,10,49,6,-6.90781300095477,4
4726,55,36,104,22,-6.909075624793387,14
4727,54,25,93,16,-6.919601882693421,9
4728,104,18,15,11,-6.9200938053381105,7
4729,30,19,75,11,-6.923427737676235,8
4730,88,12,99,7,-6.939131232028662,5
4731,43,18,100,10,-6.945332357815133,8
4732,38,11,2,6,-6.952650087165873,5
4733,104,18,32,12,-6.959225086389547,6
4734,36,34,16,21,-6.96230955324868,13
4735,97,23,18,14,-6.965163575719862,9
4736,33,17,8,11,-6.9756022430017754,6
4737,39,23,46,12,-6.9816941894182785,11
4738,55,20,17,11,-6.987444025974705,9
4739,13,23,111,13,-6.988942249892523,10
4740,1,19,114,12,-6.990089974683046,7
4741,5,15,62,9,-6.9927087595973925,6
4742,29,14,13,8,-6.9936289172651716,6
4743,39,22,57,13,-6.994065127671541,9
4744,48,13,80,9,-6.99747900943173,4
4745,86,14,45,8,-7.001591160951406,6
4746,98,30,91,18,-7.00578119436403,12
4747,53,27,87,15,-7.0226395127694765,12
4748,40,15,95,9,-7.026458120737084,6
4749,18,16,100,9,-7.026565168419708,7
4750,51,15,62,9,-7.028758985101916,6
4751,112,15,41,9,-7.039515078376401,6
4752,73,16,65,10,-7.056062739811477,6
4753,65,39,30,24,-7.058570840380226,15
4754,36,18,99,12,-7.061516094995873,6
4755,25,21,100,12,-7.062312436550092,9
4756,49,14,50,8,-7.064134383315742,6
4757,98,14,102,8,-7.075813129571892,6
4758,88,59,65,38,-7.0780668459474585,21
4759,70,35,28,21,-7.078735797739843,14
4760,71,15,43,8,-7.085526814616305,7
4761,62,20,28,12,-7.086204539456472,8
4762,19,16,68,9,-7.090473719692582,7
4763,10,10,11,6,-7.092215172488676,4
4764,107,12,67,8,-7.124134838046419,4
4765,3,23,88,14,-7.12663205785296,9
4766,67,11,88,8,-7.127393540580368,3
4767,48,32,63,20,-7.1299692009467925,12
4768,107,57,75,39,-7.131800392099847,18
4769,91,27,87,17,-7.142016410462964,10
4770,55,50,40,31,-7.142420946012767,19
4771,60,17,5,11,-7.144002600647478,6
4772,69,29,13,18,-7.164681490044589,11
4773,14,14,86,8,-7.166696838482464,6
4774,112,16,36,10,-7.175574629533439,6
4775,63,20,27,11,-7.19472225275396,9
4776,51,12,48,6,-7.20224130205775,6
4777,3,12,41,9,-7.218526234783575,3
4778,40,20,35,13,-7.223846117897835,7
4779,106,60,13,37,-7.224822308695077,23
4780,81,14,114,8,-7.238705590547008,6
4781,40,27,114,18,-7.240772461331045,9
4782,75,10,20,6,-7.241047227766171,4
4783,40,32,54,19,-7.243609732204197,13
4784,5,14,31,9,-7.246607645789562,5
4785,15,11,49,7,-7.248095103585943,4
4786,90,13,46,8,-7.250761878801305,5
4787,93,12,98,7,-7.251352809271133,5
4788,93,10,29,6,-7.254266289134743,4
4789,81,19,75,12,-7.259552889264539,7
4790,98,17,20,11,-7.267496359610283,6
4791,70,16,110,10,-7.267896542251016,6
4792,96,10,62,7,-7.268496266352443,3
4793,57,13,106,7,-7.272492874678534,6
4794,68,20,55,13,-7.273979151335479,7
4795,54,16,91,9,-7.277443024389351,7
4796,13,42,114,23,-7.284350704257173,19
4797,29,16,97,10,-7.284915525257297,6
4798,13,19,44,12,-7.286242475868136,7
4799,40,31,43,18,-7.287691070183636,13
4800,65,55,51,35,-7.289610971438152,20
4801,61,11,47,7,-7.295405799949464,4
4802,9,17,17,10,-7.295940921809663,7
4803,91,41,16,27,-7.309347152714906,14
4804,106,24,39,14,-7.312269199982411,10
4805,55,26,109,14,-7.3182997081126135,12
4806,65,23,1,13,-7.319832649719675,10
4807,5,42,70,25,-7.323141246130922,17
4808,107,25,58,16,-7.327155673902655,9
4809,107,32,2,20,-7.328844122982543,12
4810,68,26,97,16,-7.331657709218834,10
4811,2,16,75,9,-7.332326563651874,7
4812,54,12,29,7,-7.335670707790364,5
4813,94,15,28,10,-7.340247323495026,5
4814,38,12,51,8,-7.343541893344224,4
4815,8,25,73,15,-7.3587900254771785,10
4816,23,13,49,8,-7.360298065336568,5
4817,61,18,53,12,-7.3640960284192225,6
4818,114,10,77,6,-7.365477220397804,4
4819,33,16,25,11,-7.36592627296452,5
4820,74,15,34,10,-7.367415754617588,5
4821,71,10,73,6,-7.373234065194552,4
4822,16,50,75,30,-7.388425679021318,20
4823,5,10,1,6,-7.391988711274882,4
4824,46,41,37,27,-7.398384968299376,14
4825,41,34,36,18,-7.412500474371831,16
4826,91,19,8,12,-7.416456742894205,7
4827,109,44,54,28,-7.42149631612999,16
4828,87,49,7,31,-7.4314438134316605,18
4829,100,31,16,20,-7.436192688841409,11
4830,43,17,64,10,-7.438967254563773,7
4831,84,28,8,18,-7.447150756775401,10
4832,71,13,70,7,-7.447387393345607,6
4833,75,30,46,18,-7.449361290092636,12
4834,97,53,86,32,-7.453774682156136,21
4835,110,21,37,12,-7.457046552670356,9
4836,68,64,40,41,-7.460123554388274,23
4837,53,12,45,7,-7.463487107897495,5
4838,84,16,112,10,-7.464568116980383,6
4839,31,37,64,23,-7.4738922265185375,14
4840,63,15,108,9,-7.475559971035059,6
4841,36,14,70,8,-7.476080415111231,6
4842,89,10,48,7,-7.47675761274391,3
4843,96,11,41,8,-7.480521636982391,3
4844,60,30,54,19,-7.494934117874264,11
4845,29,11,112,6,-7.497136143029942,5
4846,50,13,15,8,-7.509982415529958,5
4847,52,11,65,8,-7.511225896554021,3
4848,12,19,53,11,-7.511441486905761,8
4849,76,25,16,13,-7.512035601002999,12
4850,77,18,55,11,-7.520653437888105,7
4851,55,11,6,8,-7.526848268362213,3
4852,33,20,51,14,-7.541152096210821,6
4853,39,76,16,46,-7.545927517413183,30
4854,43,14,3,9,-7.555171817755039,5
4855,74,21,102,13,-7.5623629094952465,8
4856,5,14,34,10,-7.5706698448560905,4
4857,46,40,16,25,-7.572419663088395,15
4858,77,12,46,7,-7.574271980014295,5
4859,114,31,28,18,-7.584853881328922,13
4860,36,10,72,6,-7.585561627806541,4
4861,88,18,58,11,-7.5880987725104365,7
4862,36,20,18,12,-7.59490287850123,8
4863,91,13,23,7,-7.630492751883035,6
4864,80,22,96,14,-7.6325568595370585,8
4865,43,33,107,21,-7.633857276455769,12
4866,5,29,97,19,-7.639418302115126,10
4867,88,20,108,13,-7.642505031143239,7
4868,9,35,16,23,-7.644783932906994,12
4869,60,11,70,7,-7.646435749026202,4
4870,31,13,33,7,-7.647223417443056,6
4871,76,13,13,8,-7.663087166722208,5
4872,96,24,37,14,-7.66584492569651,10
4873,38,29,37,18,-7.668156637885105,11
4874,11,32,5,20,-7.6874421575338765,12
4875,7,25,111,15,-7.6903234257719815,10
4876,20,35,39,20,-7.691469595920376,15
4877,11,11,64,8,-7.699861982788658,3
4878,77,15,41,10,-7.700447698799745,5
4879,64,13,46,8,-7.70178518963715,5
4880,87,44,68,27,-7.713445601645925,17
4881,52,10,63,6,-7.736846011905837,4
4882,84,11,44,6,-7.741464370739851,5
4883,16,17,81,11,-7.744341233366222,6
4884,54,13,73,8,-7.746921178252214,5
4885,25,49,37,29,-7.755599308877523,20
4886,73,11,53,7,-7.756297558195456,4
4887,18,22,50,13,-7.75840176806416,9
4888,86,14,10,8,-7.764445720347282,6
4889,81,15,41,10,-7.770221546669878,5
4890,114,14,92,10,-7.774797164908212,4
4891,18,28,68,17,-7.775566947501909,11
4892,48,15,50,10,-7.798532000224026,5
4893,110,12,114,8,-7.80031681097971,4
4894,49,21,75,13,-7.802050873504806,8
4895,40,36,87,21,-7.816149468605837,15
4896,46,46,25,27,-7.8204011950255445,19
4897,98,17,8,11,-7.832264077196576,6
4898,54,57,63,36,-7.834983225160243,21
4899,2,11,7,7,-7.836909370766421,4
4900,109,19,53,12,-7.841205358929898,7
4901,91,26,106,17,-7.859341034872017,9
4902,35,12,44,7,-7.859665557157517,5
4903,90,25,114,15,-7.8701656835045455,10
4904,23,17,55,9,-7.8715706098888365,8
4905,81,24,60,15,-7.879588509675568,9
4906,112,29,86,18,-7.888230292460952,11
4907,108,11,76,7,-7.890267325318873,4
4908,38,13,71,9,-7.906029048659733,4
4909,102,20,57,12,-7.906650367160248,8
4910,82,10,88,6,-7.9125780836424955,4
4911,18,22,54,13,-7.917650548154778,9
4912,20,16,33,10,-7.9280624383644875,6
4913,64,12,77,6,-7.928282722369054,6
4914,34,10,18,7,-7.93407311360503,3
4915,77,13,27,8,-7.939137496569419,5
4916,87,17,73,12,-7.94220715025842,5
4917,19,15,87,9,-7.943589688548751,6
4918,53,12,89,7,-7.949973026478008,5
4919,84,44,63,26,-7.956749880840007,18
4920,5,25,65,15,-7.967561696591303,10
4921,88,105,16,67,-7.968958098120608,38
4922,13,30,81,19,-7.974436586188656,11
4923,4,12,12,8,-7.976222296376226,4
4924,84,28,5,17,-7.986435375626319,11
4925,70,16,13,10,-7.990308468406848,6
4926,96,19,102,12,-7.995631160966494,7
4927,25,12,48,7,-8.01244102921806,5
4928,9,11,35,6,-8.012816785902407,5
4929,50,41,75,27,-8.02466935745211,14
4930,13,26,108,17,-8.028546837864384,9
4931,27,16,37,10,-8.030406858059436,6
4932,51,87,86,51,-8.048542782559926,36
4933,12,11,9,7,-8.058955245687951,4
4934,91,15,51,10,-8.060157448942936,5
4935,46,13,53,8,-8.064750592390654,5
4936,97,16,110,10,-8.077466293642948,6
4937,5,61,8,37,-8.080732178020163,24
4938,9,26,18,17,-8.084125941611262,9
4939,10,15,7,9,-8.086365440359023,6
4940,27,13,49,8,-8.087391629783898,5
4941,50,30,60,17,-8.087484578525556,13
4942,68,17,20,10,-8.08977515350644,7
4943,51,32,64,20,-8.098231531874424,12
4944,46,16,30,10,-8.098498106037622,6
4945,7,31,45,19,-8.09975676882742,12
4946,88,19,100,12,-8.116464062015531,7
4947,107,10,26,6,-8.136960920766814,4
4948,112,10,4,6,-8.145974306589782,4
4949,63,65,16,40,-8.146976419258557,25
4950,61,12,107,7,-8.157075963099336,5
4951,76,38,86,24,-8.159754461381873,14
4952,71,28,50,17,-8.165371088482388,11
4953,33,11,68,7,-8.166895131198164,4
4954,30,18,50,11,-8.173377893689405,7
4955,60,35,104,25,-8.183651908443377,10
4956,39,25,74,15,-8.19553508787693,10
4957,109,24,11,16,-8.196422948591085,8
4958,93,24,87,15,-8.201353690040278,9
4959,3,24,40,16,-8.21009163331203,8
4960,1,26,86,16,-8.213403239086288,10
4961,104,28,41,16,-8.222150207467427,12
4962,39,10,102,6,-8.224547128845817,4
4963,106,21,69,13,-8.230262561693124,8
4964,2,10,94,6,-8.235738884159375,4
4965,38,24,39,15,-8.254517040528851,9
4966,14,12,37,7,-8.266467835075433,5
4967,55,34,50,20,-8.268886532039618,14
4968,76,12,75,7,-8.269580351796622,5
4969,68,20,47,13,-8.270187874165,7
4970,91,18,41,12,-8.276671952774393,6
4971,106,31,90,21,-8.28384546124837,10
4972,37,19,80,12,-8.28505550529825,7
4973,85,12,63,7,-8.296401774903984,5
4974,30,29,53,18,-8.306098230837584,11
4975,51,39,76,26,-8.339242903099509,13
4976,68,20,69,12,-8.34403265511844,8
4977,112,20,39,12,-8.345179878987272,8
4978,31,32,41,20,-8.353957395244585,12
4979,5,22,7,14,-8.357081514884824,8
4980,109,10,57,6,-8.357793842250306,4
4981,9,11,11,7,-8.359525570926444,4
4982,107,21,45,13,-8.374668953212842,8
4983,104,10,67,6,-8.393331116483225,4
4984,67,14,109,7,-8.41022889195963,7
4985,91,24,68,14,-8.412577437061726,10
4986,8,20,64,13,-8.418575329228208,7
4987,13,14,19,9,-8.420495547605444,5
4988,79,21,48,13,-8.423308200700253,8
4989,90,19,73,12,-8.424101991862472,7
4990,114,20,55,13,-8.432483182241098,7
4991,70,24,96,13,-8.437417991026262,11
4992,20,12,52,8,-8.437421503459813,4
4993,114,32,8,21,-8.446067232393617,11
4994,96,14,95,9,-8.450373982592183,5
4995,77,14,74,9,-8.485489523270209,5
4996,1,16,75,11,-8.487454866261048,5
4997,40,28,64,18,-8.49607162432113,10
4998,41,20,20,12,-8.49990215185767,8
4999,45,10,91,6,-8.504304930616431,4
5000,88,23,62,14,-8.51262512712999,9
5001,84,15,30,10,-8.524592987987473,5
5002,48,28,86,18,-8.527783865058888,10
5003,106,13,12,9,-8.530975907772833,4
5004,62,13,114,8,-8.549556180002718,5
5005,36,11,78,7,-8.552435160203329,4
5006,7,19,78,11,-8.565348954184037,8
5007,55,23,95,15,-8.57500650986488,8
5008,49,15,40,9,-8.588514005098899,6
5009,50,22,90,14,-8.598522697493998,8
5010,13,33,47,21,-8.605595364799179,12
5011,60,34,23,22,-8.60880728241122,12
5012,57,12,76,8,-8.631010009083715,4
5013,97,19,41,12,-8.638943706099203,7
5014,31,31,9,20,-8.678153869820548,11
5015,88,16,77,10,-8.678317130754186,6
5016,60,15,76,11,-8.678706996102923,4
5017,35,25,107,17,-8.683347995006125,8
5018,39,14,110,10,-8.694421097429624,4
5019,2,10,30,6,-8.704387763563812,4
5020,20,35,63,21,-8.70524806527441,14
5021,102,15,63,9,-8.71016569998991,6
5022,45,10,58,6,-8.721721801464438,4
5023,57,26,8,17,-8.727187925997562,9
5024,17,22,4,15,-8.72773506800961,7
5025,11,23,104,15,-8.742484307216113,8
5026,106,14,38,7,-8.74501943352997,7
5027,88,36,39,23,-8.756638990991735,13
5028,39,29,84,18,-8.776044272286493,11
5029,18,23,106,15,-8.778191080978738,8
5030,77,12,109,7,-8.789144881364967,5
5031,42,10,106,7,-8.802546839644418,3
5032,47,18,36,12,-8.810892372607713,6
5033,76,28,63,19,-8.821395394022662,9
5034,36,19,63,12,-8.822881427312195,7
5035,63,49,51,29,-8.8268665471048,20
5036,77,13,49,9,-8.842593838828112,4
5037,87,15,32,10,-8.84415502943487,5
5038,3,17,53,11,-8.845189139081638,6
5039,12,16,23,10,-8.872217683410863,6
5040,40,16,28,9,-8.877350715587879,7
5041,97,12,69,8,-8.888377862411463,4
5042,43,31,16,21,-8.891179124299178,10
5043,109,20,7,13,-8.908032141063202,7
5044,107,15,89,10,-8.908975430626485,5
5045,25,19,110,13,-8.917701672558223,6
5046,91,10,11,7,-8.923724837318142,3
5047,31,12,73,8,-8.93891957013575,4
5048,68,25,28,17,-8.940487090707837,8
5049,80,13,11,8,-8.941133144462878,5
5050,32,11,28,7,-8.963821007682874,4
5051,114,20,47,12,-8.969382880850324,8
5052,36,18,97,11,-8.970668153566264,7
5053,52,15,28,9,-8.975367013246691,6
5054,3,16,84,9,-8.990478608347892,7
5055,60,17,17,11,-8.995312545980157,6
5056,1,25,16,18,-9.00003911994724,7
5057,57,15,114,10,-9.000054094310599,5
5058,36,15,5,9,-9.008614310253614,6
5059,100,18,75,10,-9.024866169547831,8
5060,68,11,72,7,-9.034468080260368,4
5061,112,10,58,6,-9.041979275484929,4
5062,98,19,13,13,-9.066193026352275,6
5063,75,34,28,22,-9.068390514566694,12
5064,86,29,44,19,-9.073857704921481,10
5065,57,19,11,11,-9.07906529920014,8
5066,8,34,95,21,-9.07920947405897,13
5067,31,15,109,10,-9.113887572404183,5
5068,17,11,92,7,-9.114563540800457,4
5069,17,18,104,11,-9.118260519592534,7
5070,107,32,57,20,-9.12151327820057,12
5071,69,12,62,7,-9.133574808880725,5
5072,18,42,13,26,-9.15021879704067,16
5073,5,43,50,26,-9.156049369840705,17
5074,107,18,78,12,-9.158524152991715,6
5075,40,15,92,10,-9.168940871834318,5
5076,102,15,40,9,-9.171373555966687,6
5077,49,15,41,9,-9.171912615870816,6
5078,86,39,41,26,-9.172157333193885,13
5079,40,17,73,11,-9.199997222971483,6
5080,40,12,2,8,-9.204153353273353,4
5081,31,10,19,7,-9.206206241182459,3
5082,4,15,27,9,-9.21491506769711,6
5083,81,11,64,7,-9.217681779438383,4
5084,37,15,64,10,-9.227089681457189,5
5085,69,16,70,11,-9.227346228401576,5
5086,25,44,7,29,-9.23372449337842,15
5087,76,10,15,6,-9.241288842836557,4
5088,66,13,65,9,-9.24629898792323,4
5089,102,10,100,7,-9.252164791252763,3
5090,93,13,75,8,-9.279825087560207,5
5091,77,19,63,13,-9.291814452323939,6
5092,68,57,75,38,-9.30062786886553,19
5093,67,15,86,9,-9.306541844943451,6
5094,70,17,50,10,-9.316243790355681,7
5095,58,16,60,10,-9.319426070200468,6
5096,51,15,111,10,-9.328246716797015,5
5097,109,12,30,8,-9.335355797138938,4
5098,29,10,109,5,-9.339951738191695,5
5099,2,29,28,19,-9.34282167881126,10
5100,48,10,98,7,-9.346073134818255,3
5101,50,12,23,9,-9.354699302165743,3
5102,33,14,87,9,-9.358610632806945,5
5103,111,15,28,10,-9.365771514395545,5
5104,39,17,76,12,-9.374915521858478,5
5105,36,11,109,8,-9.390936468630553,3
5106,109,25,63,15,-9.392892060380623,10
5107,60,14,108,9,-9.402734068128316,5
5108,112,11,38,8,-9.413940162098223,3
5109,92,14,64,7,-9.432471863302016,7
5110,53,12,78,7,-9.436495389192622,5
5111,63,11,32,7,-9.44232166344675,4
5112,94,14,86,9,-9.444879533453692,5
5113,68,28,76,21,-9.459920139276978,7
5114,96,47,16,33,-9.462953828826512,14
5115,51,23,97,16,-9.463450569827408,7
5116,66,17,107,11,-9.469730190602778,6
5117,60,13,102,8,-9.490462801517765,5
5118,7,29,37,18,-9.500511382222342,11
5119,99,22,37,15,-9.502759058160713,7
5120,13,21,90,14,-9.506733485788098,7
5121,2,13,114,8,-9.50915856241785,5
5122,80,14,90,10,-9.509239360264804,4
5123,36,17,8,11,-9.51236026695053,6
5124,25,32,20,21,-9.520523686179052,11
5125,31,22,1,13,-9.525804060927038,9
5126,108,13,106,9,-9.535201707134298,4
5127,68,15,92,10,-9.538113226799515,5
5128,97,24,13,15,-9.567486234498414,9
5129,60,44,64,30,-9.569439655645416,14
5130,84,32,20,23,-9.579627269291699,9
5131,7,20,73,12,-9.582485903794177,8
5132,88,31,15,22,-9.58291430022994,9
5133,39,14,80,9,-9.589468521855673,5
5134,53,13,8,9,-9.596286006275326,4
5135,86,25,43,17,-9.598085131900419,8
5136,84,18,83,11,-9.60947373437216,7
5137,8,14,99,8,-9.611065592860308,6
5138,9,16,76,11,-9.62150457184245,5
5139,109,17,70,11,-9.623350653501726,6
5140,109,22,74,15,-9.62539761750223,7
5141,53,23,41,15,-9.631953807885303,8
5142,114,10,78,6,-9.632244308821944,4
5143,104,10,93,6,-9.63796658188527,4
5144,51,37,100,21,-9.638672092780272,16
5145,114,10,22,5,-9.649313306364819,5
5146,17,15,41,10,-9.654478177971626,5
5147,63,16,111,10,-9.656549842780757,6
5148,71,12,100,8,-9.66068752031631,4
5149,45,14,35,8,-9.663816215290336,6
5150,38,12,53,8,-9.664145468055217,4
5151,109,17,17,11,-9.67292277687966,6
5152,31,19,43,9,-9.720852773553686,10
5153,32,16,16,10,-9.721720922013692,6
5154,16,13,89,8,-9.733195931265595,5
5155,62,12,100,7,-9.768885934940618,5
5156,83,24,37,15,-9.783726366978415,9
5157,93,10,62,6,-9.798162399200404,4
5158,51,17,102,11,-9.81128950469166,6
5159,107,27,48,17,-9.812988008703408,10
5160,75,25,104,16,-9.822163907084752,9
5161,57,13,54,10,-9.824315369895016,3
5162,98,10,53,6,-9.839111782848335,4
5163,79,26,86,17,-9.841357831333447,9
5164,63,16,30,10,-9.842696842263113,6
5165,18,12,76,8,-9.8476224935035,4
5166,91,34,63,23,-9.863803572303501,11
5167,71,15,17,9,-9.874078720771612,6
5168,54,17,2,12,-9.883928701627932,5
5169,39,39,18,26,-9.885046818102037,13
5170,9,32,87,19,-9.890957993800642,13
5171,30,13,27,8,-9.896355661349038,5
5172,20,20,91,12,-9.89818094044061,8
5173,3,14,25,9,-9.907996037168818,5
5174,29,10,46,5,-9.908374858149834,5
5175,2,10,95,7,-9.9203126299905,3
5176,88,18,73,12,-9.974203425238962,6
5177,52,13,87,8,-9.98485251805505,5
5178,109,14,93,9,-9.987067099161266,5
5179,10,13,107,8,-9.98735340517921,5
5180,48,11,34,7,-9.987399142382838,4
5181,65,25,95,16,-9.987438820754939,9
5182,57,12,75,8,-10.001839571130395,4
5183,29,15,60,9,-10.014518053593555,6
5184,18,43,16,29,-10.022908903594146,14
5185,18,14,11,9,-10.031989827572827,5
5186,107,13,110,9,-10.034721322746934,4
5187,29,12,70,7,-10.037060199943543,5
5188,38,10,44,7,-10.048373138060267,3
5189,71,11,91,7,-10.05883228964285,4
5190,28,10,110,6,-10.066740720619942,4
5191,83,23,13,15,-10.067954696106943,8
5192,106,12,79,8,-10.079963228120917,4
5193,74,11,89,7,-10.093150392265773,4
5194,8,24,18,17,-10.10300859124231,7
5195,93,36,65,22,-10.107687501917342,14
5196,43,28,39,17,-10.108201581404133,11
5197,36,36,53,25,-10.11473282468799,11
5198,102,20,50,12,-10.118106239071224,8
5199,35,10,8,7,-10.118762046100299,3
5200,15,20,8,12,-10.121581558030638,8
5201,70,14,46,9,-10.128652016947743,5
5202,109,10,92,7,-10.132066653367776,3
5203,31,37,53,23,-10.136338371296794,14
5204,23,11,96,7,-10.143008283174424,4
5205,39,13,58,9,-10.147489402696785,4
5206,102,14,76,9,-10.166991590900437,5
5207,9,24,64,17,-10.178655144521004,7
5208,104,13,89,8,-10.178686881843591,5
5209,37,41,97,27,-10.190687502541847,14
5210,33,13,71,9,-10.195530501937561,4
5211,2,15,98,9,-10.198603389321665,6
5212,96,24,48,16,-10.200121519345737,8
5213,106,63,16,43,-10.201810935158226,20
5214,37,36,11,24,-10.207174749413833,12
5215,68,24,25,16,-10.21179043309895,8
5216,31,17,30,10,-10.214096274935343,7
5217,43,16,54,10,-10.232904276690352,6
5218,106,16,67,10,-10.252161434234205,6
5219,99,12,77,9,-10.252199704478636,3
5220,50,15,85,10,-10.26203922127155,5
5221,9,19,15,11,-10.263935810819845,8
5222,104,12,34,8,-10.27427919250402,4
5223,84,10,71,7,-10.279461085413814,3
5224,54,12,38,8,-10.280232127604942,4
5225,3,13,15,8,-10.29706816275668,5
5226,31,29,107,16,-10.30345756995746,13
5227,63,18,57,11,-10.314939985261887,7
5228,81,14,7,8,-10.321582987727558,6
5229,1,13,37,8,-10.34216426905315,5
5230,7,10,94,7,-10.355621654064775,3
5231,81,13,104,7,-10.361322759461327,6
5232,18,11,3,8,-10.36192093091692,3
5233,107,32,80,22,-10.362863354930886,10
5234,60,21,49,14,-10.368756848511252,7
5235,93,16,106,10,-10.37915501513517,6
5236,57,10,100,6,-10.38688479130181,4
5237,12,10,28,7,-10.401916137932794,3
5238,54,23,100,15,-10.421773818682981,8
5239,7,11,110,6,-10.42257657923173,5
5240,114,19,95,12,-10.422604339796184,7
5241,108,20,53,12,-10.431511884012183,8
5242,39,16,44,10,-10.434810009571377,6
5243,60,11,34,8,-10.444545857082172,3
5244,69,27,60,16,-10.453461646225001,11
5245,62,10,49,7,-10.453994552700898,3
5246,112,14,100,9,-10.456632827685278,5
5247,31,10,6,6,-10.459894630543896,4
5248,77,12,23,8,-10.47207373365885,4
5249,102,19,107,12,-10.474471969151432,7
5250,8,35,75,24,-10.477015226263449,11
5251,102,14,75,10,-10.47886729381523,4
5252,69,18,63,13,-10.495670691796661,5
5253,20,37,50,25,-10.501577095705532,12
5254,12,12,114,7,-10.504954578013217,5
5255,43,10,57,8,-10.510535240006796,2
5256,37,14,89,8,-10.519274673853,6
5257,36,27,27,17,-10.523349599331356,10
5258,97,19,71,13,-10.523533962196899,6
5259,56,16,86,11,-10.543126647721751,5
5260,54,19,71,12,-10.56377327137223,7
5261,9,15,95,9,-10.569002592922953,6
5262,28,18,69,11,-10.575983527327306,7
5263,38,15,75,11,-10.597530026810052,4
5264,91,31,7,22,-10.60910028610159,9
5265,57,21,70,12,-10.620608742132898,9
5266,88,68,13,45,-10.621486097071466,23
5267,101,12,16,8,-10.62271769748288,4
5268,71,18,98,12,-10.627953776602759,6
5269,110,19,51,13,-10.641404239934534,6
5270,64,20,30,13,-10.642272986004782,7
5271,98,25,5,16,-10.662918685540621,9
5272,17,23,40,16,-10.673939896309559,7
5273,74,25,51,18,-10.704030149650722,7
5274,69,30,16,20,-10.708905027057048,10
5275,36,13,43,8,-10.713552025008546,5
5276,111,11,54,8,-10.714143810197228,3
5277,60,15,37,9,-10.721994289598655,6
5278,39,20,23,13,-10.742827162036495,7
5279,31,27,27,16,-10.758919665279386,11
5280,7,11,59,8,-10.771239818059199,3
5281,15,11,47,7,-10.775485769989336,4
5282,91,25,55,18,-10.791612827626562,7
5283,77,27,104,18,-10.795670361212089,9
5284,81,17,106,10,-10.816681182916206,7
5285,8,34,109,21,-10.819891467814774,13
5286,39,28,15,20,-10.848484454141273,8
5287,65,30,27,20,-10.856587825173339,10
5288,54,46,37,31,-10.87009397469276,15
5289,77,16,71,11,-10.872072685026803,5
5290,41,21,111,13,-10.875724405637953,8
5291,88,41,63,29,-10.892208716891064,12
5292,35,10,102,6,-10.90320798703147,4
5293,5,17,73,11,-10.90738305979487,6
5294,31,10,78,6,-10.912809716780334,4
5295,64,14,27,10,-10.925557497140751,4
5296,13,10,89,6,-10.939542022741616,4
5297,47,15,9,10,-10.968614103246171,5
5298,88,37,50,24,-10.986958086725291,13
5299,107,13,56,8,-11.000292497508868,5
5300,71,13,15,9,-11.00914391321026,4
5301,68,10,98,7,-11.014423279510455,3
5302,92,14,41,9,-11.016394202336143,5
5303,88,41,53,28,-11.023031682203495,13
5304,68,12,45,8,-11.02401972838907,4
5305,88,11,98,8,-11.027639102171303,3
5306,114,12,32,8,-11.045874107216177,4
5307,11,11,99,7,-11.04788337752713,4
5308,57,11,62,8,-11.089901365863179,3
5309,78,12,17,8,-11.090068157424293,4
5310,107,18,12,13,-11.095629908733304,5
5311,29,13,75,8,-11.096282078020437,5
5312,80,13,78,9,-11.09791576617006,4
5313,68,16,58,11,-11.098600977228577,5
5314,32,13,74,9,-11.101664191982367,4
5315,87,20,100,12,-11.113455718095159,8
5316,4,16,43,10,-11.162760468553993,6
5317,107,38,30,25,-11.164530658826866,13
5318,13,15,58,11,-11.187681570256993,4
5319,109,10,91,7,-11.192740070217315,3
5320,61,12,6,8,-11.200388242698184,4
5321,65,45,114,29,-11.20792553692763,16
5322,1,11,89,7,-11.20901106938993,4
5323,46,12,100,8,-11.210309669403358,4
5324,106,18,98,12,-11.217270403208776,6
5325,51,13,73,9,-11.219804453521853,4
5326,96,20,46,12,-11.223825219116964,8
5327,109,17,75,12,-11.242273446455997,5
5328,51,28,95,20,-11.244919045567018,8
5329,81,13,40,9,-11.249205674756395,4
5330,83,16,107,11,-11.24958512039028,5
5331,70,29,87,18,-11.250414739740132,11
5332,48,12,90,8,-11.252381363492235,4
5333,29,23,65,14,-11.27269887311909,9
5334,7,52,75,35,-11.2746633859962,17
5335,55,14,2,9,-11.276816159574057,5
5336,5,10,80,7,-11.295210617596885,3
5337,96,25,7,18,-11.300422106484014,7
5338,70,15,30,9,-11.302914088005606,6
5339,79,10,80,6,-11.30670069299901,4
5340,28,46,63,32,-11.30701920844641,14
5341,60,23,47,16,-11.31330562577917,7
5342,20,12,64,9,-11.331308462604776,3
5343,13,10,85,7,-11.334330359029437,3
5344,81,18,87,10,-11.3699132326782,8
5345,38,11,4,8,-11.395009854616482,3
5346,35,23,76,15,-11.39691854534874,8
5347,95,10,29,7,-11.401888238693147,3
5348,106,39,114,26,-11.417874917507989,13
5349,72,19,86,13,-11.423615729846851,6
5350,81,14,47,10,-11.445134927289029,4
5351,17,19,53,13,-11.472645683923515,6
5352,91,10,69,6,-11.501202941557144,4
5353,76,15,74,9,-11.544600382799558,6
5354,71,10,111,7,-11.563837134119527,3
5355,104,16,36,10,-11.564722196156035,6
5356,50,15,33,10,-11.568332857311571,5
5357,39,15,90,10,-11.577976501423594,5
5358,18,21,15,15,-11.590119158022436,6
5359,84,26,11,18,-11.599387927162054,8
5360,103,11,55,8,-11.639657223031874,3
5361,87,26,98,18,-11.644897694141662,8
5362,86,33,102,23,-11.659667182565103,10
5363,39,30,30,20,-11.676641348162722,10
5364,96,13,91,9,-11.692854193124042,4
5365,19,20,7,15,-11.707331952559505,5
5366,53,12,15,8,-11.70980845034874,4
5367,51,17,15,11,-11.740493233850568,6
5368,67,11,16,8,-11.761532223804268,3
5369,1,37,55,26,-11.769033555767942,11
5370,65,12,91,8,-11.784658313781671,4
5371,54,10,44,7,-11.791894285038754,3
5372,40,21,8,15,-11.791921402372775,6
5373,91,10,53,7,-11.811611902058761,3
5374,17,10,83,6,-11.812775268760374,4
5375,87,23,48,16,-11.827762552608771,7
5376,64,10,74,6,-11.828764368523549,4
5377,28,34,74,23,-11.834419909257845,11
5378,47,10,78,6,-11.843066191666676,4
5379,14,18,16,12,-11.861448285420282,6
5380,104,18,90,12,-11.89837391797068,6
5381,63,18,62,12,-11.898616241132698,6
5382,18,27,95,18,-11.951490678023534,9
5383,54,10,53,7,-11.951994898142779,3
5384,35,12,27,8,-11.953831865399296,4
5385,84,17,104,11,-11.954953482800974,6
5386,72,11,50,8,-11.966306538639385,3
5387,104,12,1,8,-12.020108292717424,4
5388,96,28,98,19,-12.0522531035848,9
5389,63,18,1,11,-12.054495717242014,7
5390,28,21,34,15,-12.064560123194633,6
5391,20,14,34,10,-12.080633416209027,4
5392,55,13,15,10,-12.1017027484743,3
5393,63,12,92,7,-12.136993324985582,5
5394,70,22,2,14,-12.153236389251056,8
5395,51,23,77,15,-12.16149932915176,8
5396,39,17,109,13,-12.189314131019263,4
5397,76,18,7,11,-12.196617315781682,7
5398,106,11,78,8,-12.21024325274275,3
5399,9,14,43,9,-12.224469441855376,5
5400,43,19,75,14,-12.224767647713705,5
5401,54,27,48,18,-12.230401373927076,9
5402,39,23,91,16,-12.232573714352018,7
5403,39,10,32,7,-12.25900875776762,3
5404,108,10,28,6,-12.299856976610261,4
5405,20,10,78,7,-12.337947782230119,3
5406,97,12,67,9,-12.35346782744064,3
5407,29,11,98,8,-12.372640461667327,3
5408,94,11,76,8,-12.387810233208159,3
5409,112,10,37,7,-12.392005916673295,3
5410,53,16,43,12,-12.41343484704957,4
5411,50,17,36,10,-12.423703215189779,7
5412,49,10,80,6,-12.509141995238949,4
5413,5,27,75,17,-12.535083552437035,10
5414,58,14,54,9,-12.535089602873326,5
5415,5,27,57,19,-12.572003913811173,8
5416,112,24,64,18,-12.57665854379635,6
5417,9,19,20,13,-12.586361422949272,6
5418,3,13,20,9,-12.608758875748501,4
5419,17,11,38,7,-12.634911882425529,4
5420,70,24,108,17,-12.647188608054195,7
5421,5,14,48,10,-12.657719903594751,4
5422,52,11,30,8,-12.667026316194525,3
5423,88,16,111,12,-12.710530076381987,4
5424,51,16,80,11,-12.71390947989441,5
5425,106,24,46,15,-12.725492516069489,9
5426,106,14,33,10,-12.736963404825662,4
5427,36,10,95,7,-12.746346244298937,3
5428,81,12,54,8,-12.757047966098474,4
5429,16,13,78,9,-12.76829202713743,4
5430,27,20,104,15,-12.796343894614779,5
5431,57,10,3,7,-12.811476309279987,3
5432,104,20,49,14,-12.812277987885736,6
5433,9,10,108,6,-12.825707088631287,4
5434,109,19,27,12,-12.854514856980064,7
5435,45,14,23,10,-12.875487654765546,4
5436,65,21,2,16,-12.8900275785182,5
5437,75,12,98,8,-12.900340980932176,4
5438,17,16,23,11,-12.920452187354222,5
5439,31,72,13,49,-12.99330264938673,23
5440,114,12,27,8,-13.009570993376595,4
5441,9,11,6,7,-13.029614696230583,4
5442,46,38,104,26,-13.083570903140272,12
5443,90,15,20,10,-13.08396173697106,5
5444,70,10,83,6,-13.118339150755117,4
5445,77,15,53,10,-13.125923769197522,5
5446,37,28,95,21,-13.149042342745602,7
5447,88,17,102,13,-13.153141792955822,4
5448,46,10,43,7,-13.15350523992227,3
5449,35,12,97,9,-13.15953893586328,3
5450,70,22,11,16,-13.174919150937757,6
5451,28,13,41,9,-13.19117071449606,4
5452,54,18,36,12,-13.217744798273172,6
5453,17,11,102,8,-13.231752901126407,3
5454,41,16,8,12,-13.244566662838952,4
5455,88,36,95,25,-13.24512473637818,11
5456,96,39,11,27,-13.252582377716239,12
5457,69,17,58,11,-13.254261896111718,6
5458,11,23,95,17,-13.263288005084238,6
5459,5,31,102,21,-13.269431869962297,10
5460,99,12,7,8,-13.274517260788413,4
5461,106,19,64,13,-13.295192075566398,6
5462,46,17,50,11,-13.310329365776978,6
5463,18,16,47,12,-13.317575135316673,4
5464,46,12,18,9,-13.322032493347338,3
5465,114,28,87,18,-13.32969544089937,10
5466,63,35,80,25,-13.339218001724293,10
5467,83,18,16,13,-13.35123547721314,5
5468,32,11,55,7,-13.36363963009391,4
5469,35,12,104,8,-13.369677424437175,4
5470,103,16,86,11,-13.404186851009111,5
5471,62,18,74,13,-13.411803700884379,5
5472,53,15,75,10,-13.423496737137004,5
5473,32,12,25,7,-13.427877456338663,5
5474,35,15,36,11,-13.440272285829963,4
5475,55,17,102,12,-13.448934349992442,5
5476,90,10,93,7,-13.452391800759145,3
5477,39,14,108,9,-13.481039273987522,5
5478,70,10,34,7,-13.500624883981926,3
5479,1,10,78,7,-13.511302040012385,3
5480,66,11,7,7,-13.514093541012448,4
5481,38,15,104,10,-13.530669032796668,5
5482,103,11,74,8,-13.53565105452587,3
5483,10,10,37,6,-13.538762623915119,4
5484,71,20,104,13,-13.539738470235218,7
5485,60,26,27,20,-13.540065663312776,6
5486,104,18,64,13,-13.541290561517043,5
5487,86,23,26,17,-13.542004533589624,6
5488,54,34,75,23,-13.62291466723359,11
5489,46,12,93,9,-13.65474091099076,3
5490,86,16,92,11,-13.67676060817369,5
5491,44,14,104,10,-13.703910249073422,4
5492,31,25,63,18,-13.714594813504094,7
5493,33,14,63,10,-13.733555706081619,4
5494,28,13,10,10,-13.73666606987671,3
5495,112,11,97,9,-13.794615799527321,2
5496,31,17,98,11,-13.805084918983175,6
5497,112,14,71,10,-13.80768968996665,4
5498,52,19,86,14,-13.851910838120485,5
5499,83,13,11,10,-13.863860744018641,3
5500,13,23,30,15,-13.875626061777945,8
5501,50,19,53,13,-13.883151416746287,6
5502,76,17,54,12,-13.892444764564262,5
5503,40,10,100,7,-13.927928921941099,3
5504,69,19,75,14,-13.94230448490658,5
5505,71,24,40,17,-13.948125771645659,7
5506,75,12,111,8,-13.972281809419961,4
5507,57,14,65,10,-14.034059539251718,4
5508,77,29,40,21,-14.048771071022598,8
5509,81,23,51,15,-14.181392483122476,8
5510,80,11,41,8,-14.186716292232557,3
5511,66,11,63,8,-14.209916362631542,3
5512,60,28,91,19,-14.21948701708733,9
5513,77,15,30,11,-14.240898393688356,4
5514,60,21,74,14,-14.268042080973927,7
5515,37,12,34,9,-14.300571264435137,3
5516,102,11,46,8,-14.307494713152051,3
5517,50,18,80,14,-14.309192739594003,4
5518,77,27,7,19,-14.33556677589385,8
5519,83,10,40,8,-14.347262135245904,2
5520,14,11,80,7,-14.435345395194508,4
5521,5,12,44,9,-14.447481002517355,3
5522,2,10,73,7,-14.457830254043136,3
5523,25,12,34,9,-14.468789684868275,3
5524,51,18,45,13,-14.493324057948728,5
5525,2,12,13,8,-14.516038794033763,4
5526,37,12,73,8,-14.533349572792924,4
5527,99,12,50,8,-14.581629542155014,4
5528,12,12,27,9,-14.58894097244964,3
5529,87,15,79,12,-14.594363104783758,3
5530,97,11,14,9,-14.634263785488013,2
5531,8,14,78,11,-14.668119505967436,3
5532,112,18,28,13,-14.687264657306782,5
5533,18,13,69,9,-14.695896617157176,4
5534,83,19,114,14,-14.71253096490687,5
5535,31,10,100,7,-14.730848989291465,3
5536,102,10,90,6,-14.739148726840858,4
5537,106,14,32,11,-14.741977351969277,3
5538,109,26,114,20,-14.744077219906973,6
5539,2,10,57,7,-14.75670329182861,3
5540,1,13,18,10,-14.814066225099426,3
5541,85,11,55,8,-14.836765173492132,3
5542,91,17,30,13,-14.854653528597783,4
5543,57,12,69,9,-14.86920981303713,3
5544,69,10,81,7,-14.871338414567187,3
5545,108,10,8,8,-14.88327570809189,2
5546,112,10,55,8,-14.907032679929216,2
5547,104,16,9,11,-14.915937256999365,5
5548,17,21,95,16,-14.970865650802967,5
5549,57,11,38,7,-15.001479354971174,4
5550,75,10,45,8,-15.003649946946844,2
5551,99,18,25,13,-15.014737107768294,5
5552,94,17,81,11,-15.053941840602283,6
5553,3,17,63,14,-15.071396371833842,3
5554,9,12,48,9,-15.097519161061683,3
5555,71,17,41,13,-15.162388636591329,4
5556,43,13,30,10,-15.232406371172784,3
5557,68,15,61,11,-15.24709195978541,4
5558,112,17,60,13,-15.252929960445716,4
5559,112,18,20,14,-15.347636279185814,4
5560,99,18,107,13,-15.347683777553833,5
5561,37,13,18,10,-15.368965567811568,3
5562,46,12,98,8,-15.381140721878973,4
5563,71,10,11,7,-15.386871545741162,3
5564,25,14,49,10,-15.43786379260084,4
5565,107,25,73,17,-15.460672720698524,8
5566,60,13,100,10,-15.468043250681323,3
5567,31,15,69,10,-15.502962092044207,5
5568,2,18,104,12,-15.50344370749933,6
5569,106,10,89,6,-15.508251121091035,4
5570,14,11,25,9,-15.536643242754739,2
5571,31,12,104,8,-15.561592201078605,4
5572,5,20,23,15,-15.563915929412014,5
5573,45,14,4,10,-15.600891470448104,4
5574,85,11,106,8,-15.605731963514037,3
5575,97,13,90,9,-15.62188808576594,4
5576,38,10,87,7,-15.648595936017907,3
5577,94,10,30,7,-15.665277818052123,3
5578,51,12,34,9,-15.6894891289244,3
5579,1,13,8,10,-15.702434313684371,3
5580,80,13,75,10,-15.71805205236554,3
5581,35,12,80,9,-15.72406211872363,3
5582,94,23,16,17,-15.724833818203336,6
5583,77,14,37,10,-15.73169378416834,4
5584,96,16,93,12,-15.73319462766121,4
5585,57,20,7,13,-15.746440629237659,7
5586,35,10,75,8,-15.755761764469415,2
5587,37,10,15,8,-15.78269510258246,2
5588,12,12,75,8,-15.785867542761379,4
5589,77,16,8,12,-15.792942369486319,4
5590,70,10,48,7,-15.796496446665468,3
5591,35,12,87,8,-15.83062454624883,4
5592,31,45,16,33,-15.837412153743443,12
5593,2,10,60,7,-15.84205677205398,3
5594,39,18,99,14,-15.84878961626863,4
5595,12,15,41,11,-15.852631956602023,4
5596,91,11,76,9,-15.872477419459234,2
5597,8,18,34,13,-15.876296726362224,5
5598,9,30,53,22,-15.894615033798411,8
5599,70,13,80,11,-15.90133341789594,2
5600,9,26,41,19,-15.923207095513275,7
5601,63,13,14,9,-15.961958621197994,4
5602,5,18,41,12,-16.050377082501456,6
5603,83,12,23,9,-16.123810814063006,3
5604,11,12,30,9,-16.16112498926937,3
5605,58,18,65,13,-16.230092308358206,5
5606,69,21,53,15,-16.247322250303586,6
5607,91,13,43,10,-16.255864059996068,3
5608,29,19,88,14,-16.32863392758839,5
5609,7,16,61,11,-16.426968020447948,5
5610,25,25,11,20,-16.429746187224737,5
5611,55,15,14,12,-16.464885141480416,3
5612,88,17,80,12,-16.477538046034613,5
5613,29,10,20,7,-16.50938950913484,3
5614,36,10,101,8,-16.627946704419497,2
5615,41,12,30,8,-16.67014747818193,4
5616,112,14,87,10,-16.71110411971412,4
5617,87,10,10,8,-16.717426239102245,2
5618,71,15,95,10,-16.72675418994599,5
5619,10,11,112,8,-16.760907633708104,3
5620,76,10,1,7,-16.815372977495876,3
5621,30,14,95,10,-16.836817117204564,4
5622,97,14,38,11,-16.838290194315167,3
5623,112,13,47,9,-16.872460541477547,4
5624,31,10,38,6,-16.97274158238424,4
5625,50,16,77,13,-16.97319460562341,3
5626,87,12,34,9,-16.98781036825935,3
5627,54,11,19,7,-17.04448096462319,4
5628,79,13,104,9,-17.056081750892357,4
5629,13,17,80,12,-17.06375198393908,5
5630,20,12,60,9,-17.12579419517071,3
5631,84,11,41,8,-17.126277871141777,3
5632,69,14,49,10,-17.144708838601282,4
5633,5,22,27,16,-17.186967099907662,6
5634,35,12,63,9,-17.190706154289504,3
5635,106,10,35,7,-17.319051156851785,3
5636,39,10,45,7,-17.32115834390289,3
5637,43,10,45,7,-17.339723268429022,3
5638,51,23,78,16,-17.43164600717499,7
5639,19,11,55,8,-17.435802328445057,3
5640,18,14,23,10,-17.468338798211544,4
5641,68,23,112,17,-17.504844487924583,6
5642,83,11,110,9,-17.575104905290946,2
5643,57,12,34,9,-17.642040510861822,3
5644,3,11,5,7,-17.694163901939547,4
5645,85,13,39,9,-17.73138579710301,4
5646,55,12,44,9,-17.771847163193563,3
5647,65,28,100,23,-17.80898130408499,5
5648,5,18,30,15,-17.81053305502534,3
5649,8,10,69,8,-17.824588271872045,2
5650,88,17,32,13,-17.824594134673823,4
5651,114,11,111,8,-17.846918134233796,3
5652,43,16,55,14,-17.88766939591472,2
5653,68,21,95,18,-17.962668451083434,3
5654,33,18,55,14,-17.969879843551904,4
5655,28,28,90,22,-18.060877876686433,6
5656,10,14,51,11,-18.10396467420879,3
5657,103,10,109,7,-18.37872283171988,3
5658,18,10,5,8,-18.464269170029826,2
5659,33,14,65,11,-18.512762180418843,3
5660,31,15,106,11,-18.52908676481624,4
5661,69,15,30,11,-18.550190793067415,4
5662,68,15,50,11,-18.68712791744929,4
5663,28,17,99,13,-18.754584808369174,4
5664,77,10,100,8,-18.785807393142274,2
5665,47,11,55,8,-18.857554518412744,3
5666,72,14,28,11,-18.867516837427928,3
5667,11,10,2,8,-18.92308479788875,2
5668,4,13,98,11,-18.936498509144613,2
5669,106,10,92,8,-19.041690772468705,2
5670,2,10,100,7,-19.143504228869272,3
5671,54,16,4,14,-19.244087603842104,2
5672,18,14,99,11,-19.290873438644514,3
5673,36,19,30,17,-19.30529767168729,2
5674,58,18,86,14,-19.310387562039804,4
5675,57,11,31,8,-19.413521248836453,3
5676,51,10,101,8,-19.538804927619935,2
5677,32,12,95,10,-19.760326388824467,2
5678,68,15,100,11,-19.919601065708385,4
5679,112,11,49,9,-20.081273718937805,2
5680,5,10,64,8,-20.37578731830582,2
5681,35,11,48,9,-20.438098241934796,2
5682,81,12,49,9,-20.5963472275708,3
5683,29,11,3,9,-20.616564829174436,2
5684,68,11,90,9,-20.787956198015944,2
5685,79,10,30,8,-20.824119521738712,2
5686,38,11,55,9,-20.87506721402826,2
5687,77,17,16,14,-20.89936034383646,3
5688,84,10,7,8,-21.17364400986741,2
5689,77,10,98,8,-21.266559747636286,2
5690,91,16,104,15,-21.31971827875211,1
5691,51,16,2,12,-21.322170492802826,4
5692,109,10,12,9,-21.32950515182345,1
5693,51,19,90,17,-21.393287092982963,2
5694,4,13,25,11,-21.42004260246313,2
5695,4,15,41,10,-21.480590173913868,5
5696,31,12,62,9,-21.790941067775986,3
5697,97,12,91,10,-22.175648770183788,2
5698,69,11,78,9,-22.86018059326103,2
5699,8,11,4,10,-23.17790508365148,1
5700,102,10,30,8,-23.768301124479738,2
5701,69,11,27,9,-23.965125451311458,2
5702,9,22,27,18,-24.023674987501078,4
5703,97,11,34,9,-24.058676404388496,2
5704,97,12,73,9,-24.10757303293757,3
5705,3,16,75,14,-24.194103806582213,2
5706,112,19,78,16,-24.293257718319964,3
5707,107,11,19,11,-25.62700990509966,0
5708,77,17,75,15,-26.826580833678783,2
5709,37,10,44,10,-28.25347707422472,0
5710,23,11,90,10,-28.300961743533676,1
5711,112,10,80,9,-29.5236176834229,1
