,againstHero,games,hero,losses,shift,wins
0,64,11,65,2,27.727149312498728,9
1,19,13,107,1,27.41264068531893,12
2,91,10,43,0,27.34458455824453,10
3,90,14,76,4,23.99660276951993,10
4,103,15,86,2,23.967936503754764,13
5,55,12,89,2,23.859507970316177,10
6,65,10,97,3,23.53209680517744,7
7,11,10,96,2,23.398905297150787,8
8,44,10,13,2,23.349797487914284,8
9,57,13,41,2,23.15616213187528,11
10,26,10,10,2,22.77202326046866,8
11,84,10,94,1,22.762013140609877,9
12,111,26,70,6,22.275676967970096,20
13,17,11,44,2,22.072912946241175,9
14,28,14,52,2,21.054527541956727,12
15,37,10,104,2,20.681486856575926,8
16,110,13,29,2,20.526658436069184,11
17,110,12,109,2,20.16933250309851,10
18,18,12,37,2,20.1495733097828,10
19,51,12,98,3,20.0679948728163,9
20,41,13,10,2,19.737157878272868,11
21,46,12,30,3,19.658771905767804,9
22,6,11,12,4,19.32835940292554,7
23,106,12,107,2,19.31961041681027,10
24,106,15,50,3,19.19241412512063,12
25,57,20,28,4,18.917976797154502,16
26,57,10,107,3,18.898942791962412,7
27,79,13,7,3,18.404801500191937,10
28,50,11,46,2,18.380392496841136,9
29,58,13,87,2,18.24410492014657,11
30,93,12,76,3,18.082770445937008,9
31,49,10,112,2,18.03224593969945,8
32,62,10,63,2,18.031802170985944,8
33,107,12,73,3,18.009767759901283,9
34,64,11,9,3,17.707873254379976,8
35,87,33,109,8,17.707668471693246,25
36,11,10,63,3,17.63634503388182,7
37,41,10,110,1,17.607251464829996,9
38,88,19,49,4,17.532034552741443,15
39,37,10,89,2,17.418835616565147,8
40,88,18,75,4,17.352928189575536,14
41,26,11,49,4,17.344464565076983,7
42,62,16,50,4,17.235813943056094,12
43,106,11,48,2,17.192330163510128,9
44,48,12,73,3,17.093964024864245,9
45,73,17,109,4,17.085641782719854,13
46,26,13,54,5,16.93978716229654,8
47,43,14,38,5,16.91598228541753,9
48,57,15,76,4,16.89647205199251,11
49,38,12,15,3,16.880495720481193,9
50,74,15,110,4,16.836715903263343,11
51,63,20,20,5,16.83486412950002,15
52,5,13,9,3,16.7060467975664,10
53,28,12,71,2,16.63851586652194,10
54,39,13,55,4,16.616243530697464,9
55,111,10,106,2,16.614986015463362,8
56,49,10,96,3,16.4668046049511,7
57,63,11,10,3,16.316509167938314,8
58,62,13,103,4,16.29915650058687,9
59,59,11,103,3,16.266656443008642,8
60,87,14,85,3,16.25520793639719,11
61,17,14,37,5,16.224073122382876,9
62,87,23,46,7,16.166397812758035,16
63,28,12,66,4,16.011877124422664,8
64,37,17,63,5,15.955493748739721,12
65,104,12,50,3,15.773911417272641,9
66,46,15,79,5,15.695062063539163,10
67,17,15,38,4,15.678044683298898,11
68,29,12,73,3,15.669782329836798,9
69,62,15,71,2,15.665087208322289,13
70,46,10,96,2,15.625366213424996,8
71,16,10,59,4,15.561569445873218,6
72,16,18,106,5,15.530666511008816,13
73,74,11,112,3,15.445414304360199,8
74,63,17,70,5,15.423330820666749,12
75,62,20,20,5,15.291234725709055,15
76,90,11,18,3,15.206260273523743,8
77,57,16,37,4,15.14671627913867,12
78,84,14,40,5,15.139436492633184,9
79,93,26,38,8,14.945048831229194,18
80,26,24,38,7,14.873702675608982,17
81,90,19,88,6,14.848820731417785,13
82,111,17,109,5,14.83552280759147,12
83,93,11,17,3,14.792328082005683,8
84,69,12,41,4,14.708599737863674,8
85,49,11,62,4,14.691411076024671,7
86,88,14,13,6,14.6368480815469,8
87,86,17,109,5,14.602063081104587,12
88,30,26,65,7,14.563622151554524,19
89,111,31,62,9,14.463263378850396,22
90,26,12,88,4,14.385453144142543,8
91,55,10,80,3,14.33309852037076,7
92,60,10,8,3,14.262033464961128,7
93,28,10,3,3,14.224615619881277,7
94,57,21,9,5,14.205802139668359,16
95,28,15,112,5,14.162036513146953,10
96,106,24,87,6,14.142460326987873,18
97,11,13,46,5,13.971925124028672,8
98,63,20,76,4,13.935325978058145,16
99,30,27,54,8,13.923397923845725,19
100,70,12,109,3,13.902253335630233,9
101,38,16,73,6,13.771113964229547,10
102,88,12,109,3,13.730907256228043,9
103,37,10,13,3,13.710588735524032,7
104,26,13,69,4,13.66583811938565,9
105,10,26,23,9,13.610440136401223,17
106,30,25,9,7,13.586761149710142,18
107,13,15,73,5,13.471561712276639,10
108,74,27,48,10,13.450895577876453,17
109,73,12,90,3,13.337519609995004,9
110,89,12,73,4,13.292782754035754,8
111,58,10,89,3,13.242354787086834,7
112,86,12,52,3,13.150274929933458,9
113,6,14,66,4,12.900366001703459,10
114,86,14,17,4,12.845058614378047,10
115,54,28,109,9,12.824426413749993,19
116,2,21,76,7,12.801773404860658,14
117,17,10,75,3,12.759002952989487,7
118,26,35,107,9,12.719830578595298,26
119,39,12,54,4,12.719289008108062,8
120,87,11,97,5,12.69108979690934,6
121,107,18,70,6,12.682033904752588,12
122,107,13,66,4,12.675436620401037,9
123,3,12,8,3,12.625631089351694,9
124,98,14,71,4,12.599763195527048,10
125,73,15,23,5,12.578415919943863,10
126,8,15,66,4,12.577302494556069,11
127,63,13,109,3,12.562363591220352,10
128,37,14,5,4,12.535664321031334,10
129,104,12,48,3,12.498145078794371,9
130,15,11,28,3,12.48540617456215,8
131,93,22,62,7,12.439036445917942,15
132,93,20,50,7,12.385609627032688,13
133,93,12,26,4,12.342400061412198,8
134,55,19,75,6,12.314118807999948,13
135,51,10,74,3,12.299925807232606,7
136,80,11,50,2,12.225287150472026,9
137,11,16,54,5,12.197817241087678,11
138,93,20,41,5,12.152619394683915,15
139,58,11,103,3,12.093407699535737,8
140,79,11,112,3,12.089617166544242,8
141,103,12,19,4,12.064157815204576,8
142,29,11,70,3,12.030336124564109,8
143,38,15,10,4,12.029907406435383,11
144,107,28,62,10,12.009467725805582,18
145,63,19,9,7,11.997572673730792,12
146,54,16,104,5,11.95764257880154,11
147,18,13,17,5,11.905263091036245,8
148,43,14,109,5,11.866460109925438,9
149,55,14,85,5,11.860707980162308,9
150,55,10,108,3,11.846202494892411,7
151,85,17,37,4,11.836833776252563,13
152,23,15,62,4,11.828374088275869,11
153,50,14,109,5,11.809368464557789,9
154,55,25,2,9,11.807932628931718,16
155,110,13,50,4,11.789801735998644,9
156,26,14,46,5,11.785571142877396,9
157,28,38,109,12,11.779726827830626,26
158,84,18,106,7,11.759279094165112,11
159,104,18,98,7,11.758094591275455,11
160,15,10,79,3,11.756403792330063,7
161,11,11,76,4,11.750022140716602,7
162,41,32,109,7,11.739478362196792,25
163,80,11,38,3,11.727896658420695,8
164,30,21,16,6,11.724979412879154,15
165,70,13,62,5,11.719880801732709,8
166,46,23,9,9,11.712540493367959,14
167,93,15,1,4,11.687642643688715,11
168,10,18,55,7,11.634204977110192,11
169,32,15,88,4,11.62259561238565,11
170,70,22,86,8,11.622158138069935,14
171,10,20,1,6,11.620008343989017,14
172,30,26,103,8,11.5945127814643,18
173,65,16,18,5,11.593628436717697,11
174,16,18,13,6,11.568229122492738,12
175,65,16,102,6,11.565057266886955,10
176,74,11,3,4,11.5583424419655,7
177,109,15,6,5,11.553622356231047,10
178,16,28,70,8,11.544275868635912,20
179,43,17,28,5,11.503038032270851,12
180,17,20,41,5,11.462467383182338,15
181,34,15,91,5,11.445515293888622,10
182,29,11,17,3,11.408647611784016,8
183,30,15,85,5,11.375876505138454,10
184,20,17,48,5,11.362684990472749,12
185,2,22,103,6,11.358008021341288,16
186,28,16,80,6,11.308008582322735,10
187,39,10,2,4,11.302944205280658,6
188,13,13,41,5,11.285884419294261,8
189,38,24,109,8,11.246292341387845,16
190,55,24,62,9,11.2411377363916,15
191,93,17,48,5,11.235463842161245,12
192,97,11,2,4,11.22646619845986,7
193,65,18,44,7,11.219859746185271,11
194,17,17,23,5,11.173746527216176,12
195,8,15,89,5,11.136544141609958,10
196,93,19,37,6,11.135373057728058,13
197,63,12,2,4,11.123429561783267,8
198,32,23,109,8,11.083621382461542,15
199,87,30,6,10,11.079517220381964,20
200,48,18,35,6,11.064814060189882,12
201,10,15,50,5,11.061080668679153,10
202,10,12,85,5,11.037949468704035,7
203,98,12,110,4,11.026999619900328,8
204,63,33,54,12,11.01861659015757,21
205,49,17,16,6,11.010920636133424,11
206,20,19,10,6,11.010427213733353,13
207,38,14,6,4,11.005398790381081,10
208,18,10,63,4,11.002328341283704,6
209,30,10,43,3,10.958461383133036,7
210,49,18,86,8,10.91347154436731,10
211,98,48,41,18,10.835326353590219,30
212,93,11,63,4,10.802700985962154,7
213,90,21,23,7,10.77182655842543,14
214,93,38,9,12,10.751734078642695,26
215,50,13,68,4,10.706461420578247,9
216,91,10,85,5,10.702453755941072,5
217,63,22,91,8,10.68299305555198,14
218,17,10,107,3,10.67390300106017,7
219,39,13,11,3,10.646218716239577,10
220,38,13,58,4,10.642287291889902,9
221,65,10,101,4,10.616476001261294,6
222,87,17,5,6,10.594673728658035,11
223,49,10,104,3,10.571918118353276,7
224,90,14,50,5,10.544137931863863,9
225,110,17,8,5,10.493443474648158,12
226,70,16,88,5,10.480965968606863,11
227,88,13,85,4,10.474485947559344,9
228,96,10,76,3,10.473454930849595,7
229,79,12,66,3,10.448674909094285,9
230,90,12,93,5,10.444030736195835,7
231,18,14,51,5,10.42518053681612,9
232,98,10,75,3,10.422827528026358,7
233,63,27,79,9,10.37770241869829,18
234,32,18,107,5,10.358465103585823,13
235,50,10,96,4,10.31611174216095,6
236,104,10,5,3,10.305151002741349,7
237,80,16,20,6,10.30482199217851,10
238,6,12,106,5,10.2894367115075,7
239,88,10,71,3,10.263450457417434,7
240,17,29,9,10,10.257069894218061,19
241,52,12,20,4,10.212471754033883,8
242,98,39,88,12,10.209445633018722,27
243,60,10,38,4,10.186949801542621,6
244,48,12,75,3,10.185338411509976,9
245,30,13,62,5,10.146431281762991,8
246,55,19,109,6,10.125299163294448,13
247,30,18,50,7,10.060071366256977,11
248,9,12,97,5,10.043091409865225,7
249,37,14,34,5,10.040882054419713,9
250,65,14,59,6,10.036164804159641,8
251,29,33,38,11,10.021162687074476,22
252,8,21,71,8,10.00543019554652,13
253,76,17,34,6,9.994247540573088,11
254,111,24,38,9,9.966212518632439,15
255,93,11,70,4,9.928875321549775,7
256,90,14,91,6,9.92521884050834,8
257,87,13,17,5,9.922998390575081,8
258,88,14,30,6,9.922637542624903,8
259,107,30,41,12,9.880991735942342,18
260,84,19,13,8,9.878530031478089,11
261,65,15,96,6,9.851177535683917,9
262,111,20,37,8,9.840471570719451,12
263,54,25,76,10,9.821966207421672,15
264,84,11,80,4,9.807434273803766,7
265,50,25,48,9,9.79758412391437,16
266,93,17,91,6,9.794639196057782,11
267,73,21,111,8,9.713634051639158,13
268,98,16,68,4,9.657676259709891,12
269,10,21,86,7,9.655898857397647,14
270,98,26,62,10,9.641858129313677,16
271,41,20,62,7,9.588548331059114,13
272,23,22,89,8,9.576875474490599,14
273,60,21,65,8,9.571951123571171,13
274,98,18,15,7,9.562063446027423,11
275,34,11,86,4,9.500792281967191,7
276,13,11,86,4,9.494734946605222,7
277,6,11,58,4,9.489496457414935,7
278,64,19,86,7,9.463737237263311,12
279,30,27,87,9,9.441306317195094,18
280,6,38,44,15,9.42684133272971,23
281,37,42,86,16,9.39744513090877,26
282,55,22,30,9,9.385734127086305,13
283,86,20,73,7,9.377152492619757,13
284,107,12,7,4,9.343569897698089,8
285,34,13,51,4,9.327179248321166,9
286,86,11,108,4,9.320443832368008,7
287,34,11,38,4,9.304419549994037,7
288,43,14,50,5,9.27474781724881,9
289,84,21,62,8,9.235845718439357,13
290,111,46,54,17,9.235401744617302,29
291,46,15,107,4,9.229701935273749,11
292,63,12,51,5,9.225277491215897,7
293,90,16,41,6,9.176957924654713,10
294,28,14,94,5,9.114148559760046,9
295,93,29,103,11,9.099325117611023,18
296,26,12,32,5,9.09769401619869,7
297,15,12,16,4,9.059606623425509,8
298,37,15,41,6,9.04554650327796,9
299,20,17,85,6,9.004630773775084,11
300,11,23,86,10,9.00110623960404,13
301,74,19,18,7,8.9712615057984,12
302,48,18,111,6,8.93792122942067,12
303,107,20,110,8,8.933567921834609,12
304,55,21,11,7,8.922205824357368,14
305,63,28,28,10,8.916039326351276,18
306,86,11,39,5,8.910603166031022,6
307,49,16,13,7,8.888211504289158,9
308,1,11,111,5,8.869705750936069,6
309,29,10,76,3,8.806443209825622,7
310,23,24,93,10,8.804783518097919,14
311,11,11,65,5,8.802914251345628,6
312,54,16,80,6,8.796906484485886,10
313,74,38,76,14,8.745244698836947,24
314,30,24,37,8,8.742074606758964,16
315,13,28,28,9,8.729974682788011,19
316,41,10,63,3,8.728275875066831,7
317,65,25,50,9,8.726631256466746,16
318,10,32,28,10,8.71590249521479,22
319,74,20,109,8,8.667034425633812,12
320,104,16,76,6,8.627302198470357,10
321,109,12,48,4,8.619529044150651,8
322,84,14,66,5,8.616861190106436,9
323,29,22,107,7,8.613463392470166,15
324,1,15,107,6,8.550852993527569,9
325,32,25,9,9,8.53109215537152,16
326,55,27,38,11,8.500284312610692,16
327,98,60,65,22,8.49413981702294,38
328,65,36,48,13,8.491868880953179,23
329,98,21,1,7,8.436557583367685,14
330,2,19,48,8,8.431429514676985,11
331,73,21,10,7,8.419335562342072,14
332,104,13,84,5,8.407689964583597,8
333,106,18,88,6,8.397970188956428,12
334,90,11,89,4,8.396796914570167,7
335,20,39,9,13,8.396666554749325,26
336,77,12,8,4,8.373441110755328,8
337,35,11,20,4,8.313016014822018,7
338,76,18,41,7,8.284971187696902,11
339,65,12,58,6,8.279172093518044,6
340,17,30,8,11,8.267140148743708,19
341,111,14,17,6,8.239799794462428,8
342,26,10,16,4,8.231874067384071,6
343,2,37,86,13,8.226316013719446,24
344,85,10,46,3,8.219708905443785,7
345,87,24,51,10,8.200429685364442,14
346,32,24,41,10,8.170536046764159,14
347,26,44,87,17,8.146474895568335,27
348,107,18,109,7,8.141176766481435,11
349,98,37,76,14,8.140203678364204,23
350,106,15,109,6,8.139667003965808,9
351,19,14,9,6,8.117304295019109,8
352,54,39,41,14,8.096759700478561,25
353,2,46,65,16,8.09131482146227,30
354,87,11,56,4,8.0871242477829,7
355,30,15,10,5,8.08039942607508,10
356,6,12,13,5,8.074590184679876,7
357,93,14,75,6,8.060889694277078,8
358,13,22,8,8,8.054761378395103,14
359,110,11,28,5,7.99182567988978,6
360,109,12,37,5,7.972273664149992,7
361,111,27,86,11,7.962255850113393,16
362,20,20,23,7,7.928231485838512,13
363,74,27,88,9,7.895683127849934,18
364,1,16,55,6,7.8911836307920025,10
365,109,30,9,12,7.889736540676636,18
366,74,11,12,5,7.8813359238936185,6
367,20,18,49,7,7.854535242795636,11
368,75,17,28,7,7.8516397601466075,10
369,38,21,86,7,7.843933921356488,14
370,23,25,37,9,7.79615499183922,16
371,85,10,6,4,7.790183570433162,6
372,88,19,57,8,7.788961359506542,11
373,68,12,87,5,7.779357536999487,7
374,16,18,96,6,7.77066275991908,12
375,74,24,38,10,7.767139399795091,14
376,29,13,109,5,7.7648215544268036,8
377,41,23,86,9,7.748601702775839,14
378,103,15,109,5,7.74806703390503,10
379,30,19,70,7,7.739756109183135,12
380,111,14,85,5,7.729378570457984,9
381,23,11,59,4,7.703199044299857,7
382,71,10,30,4,7.697965933449675,6
383,55,52,87,19,7.690249724322315,33
384,3,11,84,5,7.689057478118829,6
385,50,19,20,8,7.663029216139786,11
386,87,16,34,6,7.640142491832506,10
387,55,21,76,9,7.629988062190021,12
388,84,30,10,12,7.620608168656018,18
389,2,12,51,5,7.607189009680265,7
390,18,18,84,7,7.585204254692915,11
391,93,33,84,12,7.552169826266673,21
392,18,15,2,6,7.546857580328141,9
393,8,57,76,22,7.539034585297876,35
394,37,17,2,7,7.507204713409891,10
395,43,19,87,7,7.5001879241242175,12
396,39,10,28,3,7.4964272810639105,7
397,93,37,54,12,7.494158499009498,25
398,111,30,32,13,7.463790988299924,17
399,19,11,28,4,7.459905289768759,7
400,70,10,85,4,7.450454709233595,6
401,84,54,48,22,7.443290260907536,32
402,93,47,28,18,7.44121106270095,29
403,5,14,63,6,7.43334778268016,8
404,79,26,106,11,7.427173131628631,15
405,103,29,74,10,7.419118005067162,19
406,41,13,49,4,7.406139067429071,9
407,26,25,109,9,7.375408449163936,16
408,98,11,112,5,7.3696956099544275,6
409,34,18,74,7,7.3607062055480235,11
410,54,21,10,8,7.316914939103651,13
411,91,36,41,13,7.300459692535227,23
412,2,20,34,8,7.293049000876174,12
413,46,11,2,4,7.277934272960428,7
414,30,10,73,4,7.27524129591905,6
415,55,45,98,17,7.256631484213652,28
416,91,18,50,6,7.2418942506008674,12
417,10,19,76,8,7.223608714939963,11
418,111,13,34,6,7.201437198359541,7
419,57,12,10,5,7.192682016161463,7
420,84,42,76,19,7.185450456544011,23
421,104,31,28,11,7.179478028958356,20
422,5,11,6,4,7.175117705775805,7
423,90,12,70,4,7.158523730695325,8
424,16,16,89,6,7.102664218068734,10
425,8,13,35,6,7.091208332013396,7
426,10,10,13,5,7.081545477709261,5
427,98,24,34,8,7.0691518153654185,16
428,13,24,79,8,7.0451809154256715,16
429,98,20,11,8,7.041751318141553,12
430,59,19,79,8,7.0352036880537865,11
431,111,20,6,8,7.01838566892247,12
432,8,48,93,18,7.017566439579715,30
433,90,19,6,8,7.0034906221582,11
434,39,10,107,4,6.993461980446467,6
435,46,18,8,7,6.992942507225589,11
436,79,11,101,5,6.9908614259308735,6
437,80,13,107,4,6.983241252080647,9
438,1,18,8,8,6.976807780569815,10
439,65,27,32,11,6.9742130878923945,16
440,91,40,28,15,6.963487260821276,25
441,73,10,68,4,6.95394987102174,6
442,30,15,76,5,6.939385084561165,10
443,18,25,79,11,6.9323311923462425,14
444,57,12,74,4,6.9176042424257504,8
445,106,12,34,5,6.911634944562736,7
446,8,36,38,14,6.910326910265974,22
447,65,18,68,8,6.89592459737167,10
448,89,11,87,4,6.890327484533061,7
449,2,19,73,8,6.88922048991821,11
450,63,34,48,13,6.871723075976833,21
451,14,13,65,5,6.864176953366238,8
452,16,80,86,31,6.828972768016326,49
453,28,11,64,5,6.82253762472366,6
454,32,26,79,10,6.821690929992381,16
455,88,21,6,8,6.808639243885847,13
456,76,39,28,16,6.804995058327358,23
457,16,25,85,10,6.790728536327192,15
458,93,14,43,5,6.79067137162001,9
459,55,35,20,15,6.786443158254519,20
460,73,13,93,5,6.746815708884676,8
461,111,42,41,18,6.742879314894578,24
462,106,18,11,6,6.736736663767907,12
463,2,36,41,13,6.732225074181361,23
464,84,36,2,15,6.728378551782848,21
465,16,74,9,27,6.72699969228074,47
466,16,35,74,13,6.725326314137958,22
467,89,11,74,5,6.7140175484003635,6
468,73,16,88,6,6.709173893318198,10
469,79,18,62,8,6.70668334197217,10
470,55,18,37,7,6.702819421850529,11
471,74,16,49,7,6.669033870592301,9
472,51,21,48,7,6.631548697206318,14
473,23,14,18,5,6.63118753114106,9
474,70,21,65,8,6.590792438337791,13
475,8,55,48,22,6.564485691807404,33
476,28,54,41,24,6.549671741224454,30
477,14,11,54,4,6.542365287655037,7
478,79,18,70,9,6.541994947083337,9
479,87,25,18,9,6.500921078177537,16
480,73,36,9,15,6.4959532992484235,21
481,17,10,10,4,6.479497194252798,6
482,106,20,20,10,6.474134463348747,10
483,32,16,86,7,6.471177759830174,9
484,55,34,54,12,6.445304702920418,22
485,30,16,49,7,6.431109058286171,9
486,12,14,28,5,6.429365216940004,9
487,50,19,73,9,6.385008192916682,10
488,15,14,84,5,6.375647385580588,9
489,103,22,88,8,6.368772240906124,14
490,31,10,28,4,6.368565836830035,6
491,90,13,104,6,6.344098112647823,7
492,106,13,9,5,6.321323922487702,8
493,62,19,54,7,6.312055934230411,12
494,2,15,75,6,6.304051551682389,9
495,19,10,37,5,6.296943006151099,5
496,6,40,28,16,6.2836176921265,24
497,111,15,44,6,6.282001615200402,9
498,107,33,2,14,6.279480132521573,19
499,86,31,20,13,6.261799608752032,18
500,37,18,20,7,6.246922639849088,11
501,50,19,23,9,6.246016408138442,10
502,88,16,38,7,6.235153732947733,9
503,8,24,57,10,6.231916416163357,14
504,16,14,108,6,6.212630572758722,8
505,107,21,34,9,6.211702849908707,12
506,87,54,28,22,6.169973287171115,32
507,107,30,6,12,6.1621070209550295,18
508,49,23,65,10,6.14761804416803,13
509,111,11,56,4,6.133528731729061,7
510,87,45,41,20,6.130516050826405,25
511,68,10,55,5,6.1081482212338845,5
512,28,80,9,35,6.091005422770885,45
513,93,15,30,6,6.056393100709427,9
514,54,49,9,20,6.050802275785849,29
515,74,55,65,22,6.019896580662451,33
516,98,48,91,22,6.010481139866045,26
517,49,10,77,5,6.002993751357126,5
518,30,17,107,6,5.992050362775075,11
519,87,37,50,15,5.978280802307982,22
520,20,33,103,11,5.96431634987825,22
521,8,23,49,10,5.962799116224744,13
522,89,25,10,10,5.961935346068015,15
523,26,10,85,4,5.960882730964135,6
524,86,11,82,4,5.945474489082359,7
525,49,30,98,13,5.930886416801632,17
526,76,33,37,12,5.909024236467577,21
527,111,71,65,33,5.901383737891229,38
528,86,12,18,5,5.898212622367466,7
529,55,17,91,6,5.873903790869504,11
530,54,12,106,5,5.869834053085394,7
531,17,17,16,7,5.868342075872022,10
532,87,52,9,22,5.867901198385369,30
533,41,46,103,16,5.866158066134691,30
534,71,13,87,5,5.8462734336894515,8
535,112,12,50,5,5.843955029488771,7
536,49,28,87,13,5.837138934523044,15
537,46,14,37,6,5.834073346635607,8
538,16,23,20,11,5.8338567557187,12
539,23,16,70,7,5.8314302073461,9
540,65,12,5,5,5.815393542930937,7
541,54,19,112,8,5.8108761897136185,11
542,89,17,84,6,5.806364989397548,11
543,91,22,76,9,5.805724385018095,13
544,28,28,89,12,5.80142983404725,16
545,5,14,86,6,5.789814867253924,8
546,15,23,76,9,5.782831260117769,14
547,32,18,54,7,5.782610489553489,11
548,17,21,84,9,5.769353282302285,12
549,49,24,9,9,5.76893486693949,15
550,46,13,91,5,5.760150742291201,8
551,5,11,91,6,5.724427643442397,5
552,14,11,48,3,5.715763459513543,8
553,54,28,37,10,5.684646340178299,18
554,43,13,9,6,5.682535108763634,7
555,50,13,37,6,5.675193762840744,7
556,8,13,56,5,5.662090518526135,8
557,90,31,9,13,5.652779456533463,18
558,41,45,9,17,5.6439057397283525,28
559,55,40,9,15,5.642120678966712,25
560,6,10,61,4,5.633845329548251,6
561,54,20,51,9,5.633516022729307,11
562,26,22,29,8,5.630548836449718,14
563,20,11,44,4,5.615461510594532,7
564,9,14,51,6,5.613148737525185,8
565,63,52,65,22,5.601422971133672,30
566,16,24,18,9,5.594394619068029,15
567,87,15,14,6,5.593452507313126,9
568,18,20,48,8,5.575542543556776,12
569,98,12,52,6,5.535281825370716,6
570,86,38,55,17,5.532299525559407,21
571,23,41,8,17,5.530959099012352,24
572,111,36,103,15,5.530917867453256,21
573,54,35,38,14,5.47856504565386,21
574,84,33,88,13,5.450617130747437,20
575,48,35,54,13,5.427497390159443,22
576,48,13,38,5,5.42579677220132,8
577,94,18,20,7,5.424401699040207,11
578,20,26,38,11,5.422962328602487,15
579,55,27,41,13,5.421661683278699,14
580,18,25,9,11,5.420684705901656,14
581,104,17,87,6,5.418907024921248,11
582,90,37,28,15,5.407980269819981,22
583,43,11,103,5,5.4056340195812504,6
584,6,27,20,13,5.3915163015983865,14
585,110,23,65,9,5.3850619906564345,14
586,8,66,41,30,5.38335326188138,36
587,74,23,73,10,5.381257055101065,13
588,6,39,48,17,5.377342390796052,22
589,65,11,66,5,5.361243620827198,6
590,54,11,71,4,5.354693946074447,7
591,90,15,17,7,5.305025174909248,8
592,107,10,59,4,5.297733762485309,6
593,104,11,23,5,5.297019179014435,6
594,17,23,79,10,5.280486878224028,13
595,90,23,48,10,5.2776156591373855,13
596,88,37,54,16,5.275598112427002,21
597,63,15,85,7,5.266282773446653,8
598,76,35,48,14,5.264639135669365,21
599,74,12,104,5,5.250027134181312,7
600,14,13,79,5,5.225020209971016,8
601,16,16,93,7,5.217988854591054,9
602,55,14,18,6,5.21003106995447,8
603,16,17,57,8,5.190965262638069,9
604,111,10,57,4,5.186942618450884,6
605,104,15,62,6,5.186101581217904,9
606,30,29,8,11,5.181741196459269,18
607,11,17,87,7,5.176735910144514,10
608,20,29,109,10,5.17442027262284,19
609,73,24,84,8,5.172867570272621,16
610,28,48,54,20,5.158061629177753,28
611,76,23,35,9,5.157437071859383,14
612,26,38,20,16,5.156160372920298,22
613,75,14,9,5,5.136583522371566,9
614,41,29,89,12,5.128070897369617,17
615,87,31,91,13,5.12269354596261,18
616,103,21,18,9,5.1172633080953505,12
617,70,10,48,4,5.103393723771425,6
618,51,13,107,5,5.09825313484429,8
619,9,11,1,5,5.096238795529086,6
620,29,25,84,11,5.094046057364016,14
621,23,23,86,10,5.084567183733076,13
622,39,17,63,7,5.052516246166987,10
623,48,18,96,8,5.049834910844428,10
624,79,16,73,7,5.012547822539445,9
625,108,13,63,5,4.996425532523546,8
626,91,37,9,16,4.981773951662844,21
627,89,10,20,4,4.976403038151212,6
628,10,10,59,5,4.967497448599417,5
629,73,10,85,4,4.960807319232127,6
630,106,16,41,7,4.960372389296862,9
631,63,37,86,14,4.951705107059465,23
632,98,50,103,20,4.945713818521071,30
633,46,11,103,5,4.9349144398730305,6
634,51,16,79,7,4.928842881668873,9
635,84,31,85,15,4.922650840746779,16
636,93,30,74,11,4.917683135551752,19
637,11,16,48,7,4.898330615406472,9
638,17,14,62,6,4.879527781166455,8
639,62,27,9,11,4.876428914210389,16
640,86,27,88,11,4.870031949208748,16
641,16,22,73,10,4.863726239262455,12
642,96,11,63,5,4.85629700625709,6
643,38,24,87,10,4.849210013950484,14
644,89,11,109,5,4.829014520032646,6
645,74,12,80,6,4.827940877053677,6
646,88,44,76,20,4.825020915480377,24
647,11,11,51,6,4.818642070993009,5
648,84,16,71,7,4.814735695586892,9
649,55,29,6,10,4.803715742468646,19
650,8,12,39,6,4.797245812540771,6
651,34,10,103,3,4.7904730345691835,7
652,74,24,29,11,4.789077465546291,13
653,70,15,74,6,4.788300486281876,9
654,9,21,89,7,4.786570717016554,14
655,111,10,104,4,4.785383853867563,6
656,84,29,34,11,4.780446789091473,18
657,23,16,26,7,4.7747757947662715,9
658,98,17,94,7,4.761676089313327,10
659,87,38,29,16,4.756132257695766,22
660,28,14,97,7,4.749791544814042,7
661,6,12,32,5,4.741771241477238,7
662,37,13,107,6,4.741223447216745,7
663,16,26,91,11,4.7343759428840775,15
664,11,16,9,7,4.72996023302619,9
665,23,42,98,17,4.71986953427498,25
666,89,24,65,11,4.719339811655218,13
667,109,19,93,8,4.710552248323453,11
668,87,30,76,12,4.70698769924318,18
669,37,41,8,18,4.7000187472787,23
670,46,28,54,11,4.696492010204566,17
671,55,15,90,6,4.68770976754673,9
672,87,15,75,7,4.68733022544958,8
673,26,16,6,6,4.685058896386023,10
674,46,11,18,4,4.678291795136257,7
675,9,17,94,8,4.674479868043111,9
676,41,53,20,21,4.672832095577478,32
677,34,21,109,9,4.6501092447521994,12
678,9,29,88,12,4.640775240739044,17
679,16,23,104,10,4.63379333705212,13
680,84,12,39,6,4.6231931515811615,6
681,86,42,107,18,4.60515208171478,24
682,86,10,15,5,4.60305467364883,5
683,8,101,9,46,4.590254866611679,55
684,6,22,86,10,4.5754436396942,12
685,2,31,6,13,4.57536971568475,18
686,17,15,48,7,4.57243158960934,8
687,2,37,9,17,4.570200756721712,20
688,84,12,44,5,4.567287740540188,7
689,75,23,16,10,4.563833694281337,13
690,79,35,107,14,4.563667127320086,21
691,55,22,32,9,4.561305856484579,13
692,16,28,6,13,4.5581652422222145,15
693,55,17,63,8,4.555889732262362,9
694,74,21,106,10,4.549705086583889,11
695,8,16,96,7,4.548961209547798,9
696,50,13,39,6,4.548306045444576,7
697,90,26,8,11,4.539275050684182,15
698,28,26,17,11,4.527104650820006,15
699,86,13,14,7,4.5235348439430325,6
700,20,86,65,36,4.523427668367042,50
701,111,29,93,14,4.510765206652466,15
702,9,17,59,7,4.5029610514141964,10
703,29,11,62,5,4.502398822563124,6
704,111,29,91,14,4.500138929465921,15
705,29,21,93,9,4.4989593922467,12
706,8,34,109,15,4.496969100534061,19
707,63,27,16,12,4.483061798201042,15
708,79,21,75,8,4.481307871244594,13
709,111,25,15,10,4.472513123100842,15
710,9,42,86,18,4.471433189978505,24
711,37,40,98,17,4.46185157252123,23
712,74,35,107,15,4.435896642118504,20
713,37,23,74,10,4.434678719983253,13
714,16,29,107,12,4.421752842699685,17
715,86,46,76,21,4.411592667563666,25
716,48,12,39,6,4.409523912199052,6
717,29,29,8,13,4.3862864415616,16
718,6,27,91,12,4.3779734566970445,15
719,54,13,89,5,4.375934710162813,8
720,87,11,94,5,4.375015437142173,6
721,90,11,62,5,4.371292877846259,6
722,79,13,44,6,4.35641543376227,7
723,14,20,28,7,4.343832047386857,13
724,38,32,9,15,4.337520489331945,17
725,16,66,65,30,4.336633855356834,36
726,35,12,28,5,4.32928906687427,7
727,30,20,48,8,4.312431377271299,12
728,41,20,1,7,4.310885836842606,13
729,85,15,48,6,4.3053632687921874,9
730,8,85,79,41,4.303137084355776,44
731,32,25,98,11,4.297859841525708,14
732,87,25,88,10,4.293791057606334,15
733,46,21,76,8,4.290697960762892,13
734,98,48,84,21,4.290567988042359,27
735,103,34,28,15,4.283445470085917,19
736,28,22,85,10,4.272972553475371,12
737,37,24,88,10,4.265987830661223,14
738,16,43,88,17,4.261578871224798,26
739,58,11,9,4,4.244957448818405,7
740,18,13,49,6,4.243576516469453,7
741,97,11,8,4,4.238412616249588,7
742,16,19,62,8,4.231831363925152,11
743,50,34,103,15,4.223445001067976,19
744,16,12,52,5,4.223312581999777,7
745,55,10,52,5,4.213992615100168,5
746,50,26,38,11,4.210629481734024,15
747,26,24,103,11,4.2106057067079385,13
748,70,22,76,9,4.19015960066655,13
749,26,31,65,14,4.172411189315191,17
750,84,23,38,9,4.170162932302742,14
751,2,16,32,7,4.169077635966495,9
752,44,10,75,4,4.15986118876275,6
753,13,17,20,6,4.158308677021297,11
754,74,37,91,17,4.145308331268211,20
755,35,14,86,5,4.145135736198837,9
756,20,39,79,17,4.137108731927964,22
757,103,28,54,13,4.131111544590628,15
758,87,57,20,25,4.108344151100899,32
759,75,11,23,5,4.104457342593521,6
760,32,15,38,6,4.090422340111541,9
761,16,69,84,31,4.082924009781385,38
762,98,38,50,18,4.075108597079137,20
763,65,10,75,4,4.061741964132056,6
764,111,24,50,10,4.056346583547234,14
765,87,56,79,27,4.04134035206165,29
766,54,10,13,5,4.026874717547941,5
767,71,11,9,5,4.021322013713808,6
768,10,24,48,11,4.007661201519657,13
769,10,11,109,5,4.004247407956422,6
770,98,45,107,19,3.9960773542760277,26
771,26,15,30,9,3.9832431707059897,6
772,104,13,10,6,3.98234198179897,7
773,91,37,107,15,3.981915756627803,22
774,65,111,9,50,3.979446145588556,61
775,26,26,28,11,3.9790441547640487,15
776,14,11,9,4,3.9753531338355614,7
777,70,31,84,14,3.961928554018208,17
778,93,18,10,7,3.9549788743691674,11
779,23,39,84,18,3.9529498437083554,21
780,6,22,73,11,3.947699618921396,11
781,17,11,34,5,3.9434388890065653,6
782,65,69,54,32,3.928858591790434,37
783,16,44,87,20,3.9093727916352248,24
784,111,39,74,18,3.908635436008302,21
785,94,16,54,8,3.8978006398785645,8
786,96,14,55,6,3.8943089599625167,8
787,48,18,89,8,3.8908343305777393,10
788,38,39,28,18,3.8876478489747184,21
789,23,35,87,15,3.878947369039188,20
790,86,40,48,17,3.875547087950655,23
791,28,60,18,27,3.856508416717437,33
792,38,14,49,7,3.855128614080598,7
793,23,12,34,6,3.853881899354071,6
794,17,16,49,7,3.8354352643495573,9
795,86,63,79,28,3.8328768923138,35
796,50,13,44,6,3.8266269873582996,7
797,23,40,9,18,3.825851357048053,22
798,32,14,91,7,3.8253106560348464,7
799,8,39,62,18,3.8203580499873473,21
800,30,33,86,12,3.8189797321177363,21
801,91,10,75,5,3.815297916319733,5
802,20,26,88,11,3.802908223795737,15
803,93,15,18,7,3.8000555745474087,8
804,86,25,96,11,3.7918746862284625,14
805,26,11,110,6,3.7814954576991564,5
806,57,15,55,8,3.7814243990139818,7
807,51,12,50,4,3.7800990421800567,8
808,107,55,20,26,3.7762308393376878,29
809,11,12,84,6,3.7715362491408313,6
810,28,22,49,9,3.761707702389012,13
811,34,16,48,7,3.757100171151603,9
812,12,10,87,5,3.7542048507224997,5
813,57,12,18,4,3.7525453734501917,8
814,74,25,23,12,3.7522629426872345,13
815,8,71,16,30,3.7514366100882657,41
816,10,20,74,8,3.741560720435788,12
817,93,74,65,33,3.7387096294626696,41
818,48,16,41,7,3.7233952099256955,9
819,60,10,87,5,3.716219490276845,5
820,32,14,10,5,3.709056496740225,9
821,84,37,41,15,3.707826473812251,22
822,32,35,8,16,3.704344714378896,19
823,109,17,23,7,3.6771372112100464,10
824,76,18,62,10,3.665603119096149,8
825,86,14,62,8,3.6646334062582624,6
826,57,17,65,6,3.66200460796526,11
827,107,39,9,20,3.6568639580174995,19
828,16,38,37,15,3.653813418657004,23
829,11,13,93,7,3.638432969957416,6
830,54,37,70,17,3.6330290974610886,20
831,10,12,18,4,3.6042571144804363,8
832,106,29,28,12,3.6036961084402037,17
833,93,37,87,16,3.6027270439790913,21
834,54,41,6,16,3.576182334552821,25
835,29,12,46,5,3.5756011188612877,7
836,90,19,54,9,3.5596428529204274,10
837,74,26,6,11,3.551324451472569,15
838,20,32,84,13,3.5442833935533202,19
839,91,15,48,7,3.510341747119144,8
840,65,13,94,6,3.5056909876146594,7
841,84,35,63,15,3.478124168645811,20
842,5,14,8,5,3.4764198977431877,9
843,16,15,34,7,3.460781105392662,8
844,34,27,79,13,3.454080054186641,14
845,86,12,57,6,3.4531517504498637,6
846,34,18,65,9,3.423205526978699,9
847,8,30,63,14,3.418619477878193,16
848,23,17,55,8,3.404295001427899,9
849,32,20,84,8,3.403700726822617,12
850,57,12,6,4,3.4000169565132325,8
851,91,12,18,5,3.399195770216398,7
852,65,16,15,8,3.3963132917863037,8
853,76,14,13,7,3.383197454645703,7
854,104,15,55,7,3.3746149312999796,8
855,90,19,2,9,3.3730708336092663,10
856,90,22,37,10,3.364992042534833,12
857,49,18,6,8,3.361990920437635,10
858,65,27,109,14,3.3617758820453996,13
859,48,24,107,11,3.324639262352747,13
860,111,51,9,25,3.320225202022207,26
861,86,19,85,10,3.3148592503123893,9
862,75,11,76,4,3.3071188013348984,7
863,33,11,28,5,3.303759015094735,6
864,111,22,29,12,3.301334118864207,10
865,74,19,50,9,3.2938750312138994,10
866,35,10,9,5,3.2814605351740482,5
867,90,31,111,13,3.2679216950842256,18
868,59,11,98,5,3.2664563544762513,6
869,46,14,86,6,3.264811717981154,8
870,73,30,65,13,3.2644989461981972,17
871,55,83,8,35,3.2636828555126196,48
872,51,26,8,11,3.2614570414763673,15
873,50,31,86,14,3.258775013581551,17
874,62,28,28,11,3.2557773269494237,17
875,8,80,87,35,3.25520601051518,45
876,76,15,18,6,3.2371919896499475,9
877,49,11,85,5,3.2340490592317157,6
878,55,19,106,8,3.2161809115675513,11
879,48,45,9,19,3.209131837830751,26
880,64,12,84,6,3.2041885529809053,6
881,87,60,86,26,3.2030036029458007,34
882,91,13,37,6,3.1893915884876662,7
883,34,11,90,5,3.1893577063202954,6
884,107,36,50,15,3.1858618455118837,21
885,111,15,75,8,3.1768571401147816,7
886,18,13,88,6,3.1759771370815293,7
887,74,12,108,6,3.1689586707194892,6
888,44,14,8,5,3.1679643082660265,9
889,14,18,8,8,3.164886384508364,10
890,73,16,54,7,3.15458999081358,9
891,13,25,98,9,3.153596256229528,16
892,16,54,98,24,3.1532282189912895,30
893,34,24,28,10,3.144888496647179,14
894,13,14,111,6,3.137242431792204,8
895,104,15,51,7,3.112954444351724,8
896,43,16,65,8,3.0818646979565365,8
897,84,10,52,5,3.070377905456948,5
898,26,17,43,7,3.0481873322386313,10
899,1,15,86,7,3.0234071702801644,8
900,38,18,16,9,3.0174584469144032,9
901,84,38,55,17,3.01546805583361,21
902,63,18,98,9,3.0073208177516255,9
903,51,15,65,7,3.002433018856541,8
904,26,16,89,8,3.0015441091670585,8
905,57,11,109,4,2.9843830658057695,7
906,48,11,108,4,2.963900529529869,7
907,51,21,16,8,2.9622705722069407,13
908,54,11,75,5,2.9498939570669074,6
909,32,33,28,15,2.9362166355349024,18
910,85,20,98,8,2.9230483905619185,12
911,91,19,44,8,2.9196808859177223,11
912,13,29,9,12,2.9131917778567793,17
913,15,21,54,9,2.909263028328593,12
914,49,27,55,15,2.9040234972896877,12
915,2,41,10,18,2.8955248222440733,23
916,30,19,6,7,2.8896247906630976,12
917,111,22,76,12,2.8888180973130932,10
918,76,13,109,4,2.8773626055464465,9
919,90,25,107,12,2.8707019854150553,13
920,13,15,107,6,2.868680431586483,9
921,8,76,54,36,2.865360866158664,40
922,54,21,29,8,2.8437383782919365,13
923,8,88,107,42,2.8401744909904605,46
924,73,20,98,9,2.8332039167724927,11
925,26,47,8,23,2.8321807044990077,24
926,54,21,23,9,2.818710864845722,12
927,103,26,91,14,2.81795550429567,12
928,20,11,66,4,2.8090923176891023,7
929,38,55,65,25,2.8065899103574585,30
930,17,30,103,13,2.786263791329437,17
931,50,15,89,7,2.7678854176457244,8
932,41,40,23,18,2.767380745524291,22
933,2,18,23,9,2.7670043698876174,9
934,90,24,87,10,2.755939182722379,14
935,41,41,38,19,2.750634921689274,22
936,29,27,20,12,2.749937213560607,15
937,48,19,103,9,2.74551902113029,10
938,74,41,86,19,2.7326033248166657,22
939,23,14,29,6,2.7325720738957853,8
940,79,25,89,10,2.7323432784581803,15
941,2,12,66,5,2.7316672474880774,7
942,50,37,55,19,2.7164593279225335,18
943,6,49,79,23,2.7115589937863547,26
944,103,24,55,11,2.703742749314949,13
945,46,27,28,12,2.698112414293377,15
946,74,48,9,21,2.6824004560683736,27
947,23,12,48,6,2.6721896490462043,6
948,65,87,88,39,2.667065950580759,48
949,80,16,106,7,2.662467106801564,9
950,30,25,38,13,2.6609022960305304,12
951,15,14,8,7,2.659395326985167,7
952,70,27,87,12,2.659290912641029,15
953,1,15,65,7,2.656647792254378,8
954,109,17,84,8,2.647899017987723,9
955,30,33,79,14,2.6364689247006474,19
956,84,79,9,34,2.636062111742769,45
957,98,57,54,28,2.6147362809185486,29
958,18,10,38,5,2.612917260417028,5
959,55,12,97,6,2.611398350343413,6
960,51,18,55,8,2.6007805293226247,10
961,98,33,29,16,2.599178855969541,17
962,38,20,112,9,2.5875581099779743,11
963,48,35,37,17,2.564870406200917,18
964,90,21,16,10,2.556904125602615,11
965,30,10,11,4,2.556482524063204,6
966,91,41,8,20,2.5454365457229,21
967,49,15,48,8,2.5444991556032637,7
968,98,32,10,15,2.5398512725547144,17
969,10,26,87,13,2.53847837357819,13
970,74,20,55,11,2.533869260717271,9
971,63,10,49,5,2.5291147398136253,5
972,44,14,16,8,2.522508039167435,6
973,65,50,103,21,2.4835688434443703,29
974,37,15,62,7,2.478947668963917,8
975,52,12,79,5,2.4761549683770885,7
976,26,27,98,15,2.4699465773486544,12
977,10,19,90,8,2.446032075882012,11
978,79,15,35,7,2.4414517126522157,8
979,63,19,88,9,2.4297157289241893,10
980,28,80,16,37,2.4224181508189493,43
981,30,22,29,11,2.421380017436647,11
982,107,24,76,11,2.4112620333596455,13
983,43,22,74,10,2.3993639128069244,12
984,18,18,6,8,2.3903639022739704,10
985,65,24,91,13,2.37035213457978,11
986,79,50,48,24,2.369303171222038,26
987,8,25,68,12,2.35813484080187,13
988,58,12,2,5,2.3563851300758447,7
989,84,71,86,32,2.338435969725922,39
990,41,11,94,5,2.327533953224649,6
991,9,24,70,12,2.3226132239902557,12
992,28,39,37,18,2.3108067440306623,21
993,87,32,54,15,2.279380424010783,17
994,108,12,107,6,2.2778401474444223,6
995,20,13,32,6,2.2751108005385445,7
996,110,13,103,6,2.273244319256744,7
997,13,10,30,4,2.273061958601036,6
998,2,36,54,17,2.266311791525705,19
999,62,18,32,9,2.263686769900323,9
1000,37,40,9,18,2.2628015576501816,22
1001,52,11,8,6,2.257162770789511,5
1002,62,10,106,5,2.25172428368668,5
1003,103,26,87,12,2.244435120608379,14
1004,74,57,28,28,2.2349949672748606,29
1005,30,19,18,8,2.2260639921626733,11
1006,8,11,58,6,2.225895511877211,5
1007,54,12,57,5,2.224387822283533,7
1008,87,16,110,7,2.217613390941449,9
1009,8,28,106,14,2.2101298280894754,14
1010,8,64,86,28,2.206968534697074,36
1011,86,11,89,5,2.1974022229705885,6
1012,73,35,41,16,2.1896111209660925,19
1013,89,18,98,8,2.1800794132028996,10
1014,9,11,15,5,2.1575516880448644,6
1015,18,10,32,5,2.157224109221358,5
1016,29,21,79,10,2.154722811821747,11
1017,16,49,41,24,2.1541831229994863,25
1018,84,44,111,19,2.142252654485593,25
1019,16,37,76,18,2.1381270128695977,19
1020,111,33,26,15,2.137133581510591,18
1021,32,19,50,10,2.1367023944769645,9
1022,86,17,104,9,2.101840185723775,8
1023,11,17,79,10,2.1000015129710556,7
1024,2,15,85,8,2.096764877404634,7
1025,9,17,104,7,2.074620642084027,10
1026,79,37,88,15,2.0647530534302163,22
1027,91,18,10,8,2.053920396033922,10
1028,20,46,98,21,2.0517374400705877,25
1029,38,52,98,24,2.0498657703552294,28
1030,50,47,79,24,2.043868777757167,23
1031,84,72,65,35,2.037917633089768,37
1032,50,12,3,6,2.0377948804903228,6
1033,88,20,93,12,2.03337259421067,8
1034,87,68,65,31,2.031976896806863,37
1035,32,26,16,12,2.021073617693015,14
1036,59,14,8,7,2.010238389237962,7
1037,85,12,66,6,2.002988916691535,6
1038,37,10,71,4,1.989603705819686,6
1039,79,59,37,26,1.9886494787106563,33
1040,57,25,84,11,1.9838455756579165,14
1041,103,13,37,6,1.9837820518429876,7
1042,49,11,29,4,1.9792119029563418,7
1043,54,40,50,17,1.9685166822318956,23
1044,55,40,88,17,1.9632957995288727,23
1045,65,46,86,22,1.9570230556604997,24
1046,98,13,106,7,1.9401901762662823,6
1047,76,24,6,12,1.937944044447951,12
1048,34,18,20,7,1.9316894236613227,11
1049,62,10,48,4,1.9270832455013291,6
1050,10,13,29,6,1.9268740097605626,7
1051,6,22,37,11,1.9187411338779805,11
1052,74,66,8,32,1.9079079826419596,34
1053,76,10,17,4,1.904894860536603,6
1054,19,15,41,8,1.9044917395497039,7
1055,62,29,87,13,1.8959853967718379,16
1056,18,22,50,11,1.8931976139879358,11
1057,16,12,35,6,1.881008846062058,6
1058,98,27,18,13,1.877022513938192,14
1059,80,17,65,7,1.8710214331299517,10
1060,91,10,39,4,1.864576968002248,6
1061,86,60,54,29,1.8509587831499028,31
1062,86,18,75,8,1.8475379770414249,10
1063,2,30,111,14,1.8367449192872438,16
1064,54,35,79,17,1.8339047649993603,18
1065,23,28,107,13,1.8276795818601932,15
1066,13,23,48,9,1.826962716847497,14
1067,52,13,65,6,1.8219258225521469,7
1068,20,22,73,11,1.8197178736344486,11
1069,93,10,85,4,1.8184953609101577,6
1070,9,15,44,9,1.817277039700739,6
1071,87,25,32,13,1.8019631830327207,12
1072,85,13,76,5,1.8000085206097032,8
1073,96,15,28,7,1.798109167181381,8
1074,8,21,75,10,1.7971565748640823,11
1075,30,41,28,19,1.7778543521460957,22
1076,91,21,23,10,1.763456948877457,11
1077,107,21,104,9,1.7432274674115629,12
1078,17,12,30,6,1.7366091011141076,6
1079,70,58,8,29,1.7358583823266793,29
1080,16,29,103,14,1.7358551004647216,15
1081,20,12,5,6,1.7271078605654668,6
1082,76,10,45,5,1.7263356630732685,5
1083,54,29,91,16,1.7259493348898993,13
1084,84,49,107,22,1.721198686708916,27
1085,87,27,37,14,1.717530877322721,13
1086,41,57,79,28,1.7119654486461777,29
1087,98,64,2,31,1.7021460905964025,33
1088,37,16,38,8,1.7020262096785106,8
1089,38,11,76,5,1.699907222636557,6
1090,93,26,107,12,1.6992218170224516,14
1091,73,31,8,13,1.6827099795090423,18
1092,91,16,62,8,1.6816681613432138,8
1093,87,12,13,5,1.680290942229875,7
1094,6,43,84,20,1.6603963416889103,23
1095,99,11,41,5,1.6483642965326255,6
1096,8,43,103,18,1.6388984297731046,25
1097,6,49,65,26,1.6288389900978633,23
1098,61,12,41,6,1.628336008941049,6
1099,103,26,6,11,1.6275337563735748,15
1100,5,16,79,9,1.6063038188326542,7
1101,104,27,8,11,1.5847929007576513,16
1102,76,10,14,5,1.56343838736732,5
1103,9,35,6,16,1.557967815496838,19
1104,84,11,46,5,1.5536654797415743,6
1105,74,18,63,9,1.537587239036068,9
1106,6,21,46,9,1.5348461201360555,12
1107,85,12,38,6,1.5317416798467223,6
1108,28,29,70,15,1.528822200513599,14
1109,63,13,14,6,1.5219308064414174,7
1110,20,34,30,15,1.5084476405259206,19
1111,74,52,84,25,1.5032704959262344,27
1112,1,13,84,6,1.5030861165131688,7
1113,65,77,28,36,1.5022420459271182,41
1114,55,18,43,9,1.4993353058682126,9
1115,8,49,18,23,1.486178193427121,26
1116,2,27,109,11,1.484515892189103,16
1117,65,20,71,9,1.4831854809863998,11
1118,5,11,2,6,1.4830828720803892,5
1119,62,23,2,12,1.45053493375147,11
1120,41,18,18,8,1.4488156792449156,10
1121,50,36,41,18,1.4450486751473977,18
1122,88,40,28,20,1.4428071062298002,20
1123,98,70,8,33,1.4400631337443104,37
1124,103,10,57,6,1.4334929374709406,4
1125,65,10,3,5,1.425825292351592,5
1126,84,22,96,10,1.42272644115059,12
1127,8,47,20,22,1.420582435666663,25
1128,6,40,98,19,1.4155859140392824,21
1129,51,11,6,4,1.4047930882718538,7
1130,85,15,107,5,1.4027465268810781,10
1131,8,42,50,21,1.3971182132620348,21
1132,51,26,84,11,1.3946044446619845,15
1133,65,34,10,16,1.3889990791790807,18
1134,16,32,10,15,1.3769942516048166,17
1135,23,24,88,11,1.3769043869202309,13
1136,28,52,48,26,1.3709489943903235,26
1137,63,19,87,9,1.3686247132739577,10
1138,88,11,51,5,1.3668352390432403,6
1139,23,14,32,8,1.36299015760623,6
1140,16,18,1,9,1.3602664332342813,9
1141,74,12,75,6,1.3554590976430498,6
1142,50,20,29,9,1.3540456886595515,11
1143,111,55,28,26,1.352453576285694,29
1144,5,20,28,10,1.3493326587417727,10
1145,29,18,34,10,1.3490741689669339,8
1146,20,43,28,19,1.3478722546865523,24
1147,76,30,9,14,1.3464329670764867,16
1148,88,29,107,13,1.3380554101808453,16
1149,84,75,28,37,1.3281572739401961,38
1150,62,23,88,11,1.3277639684106675,12
1151,55,16,73,8,1.3250772092992573,8
1152,23,25,6,12,1.3241402538193012,13
1153,38,17,106,8,1.3101869215810398,9
1154,54,47,20,21,1.3082635912660832,26
1155,2,26,38,14,1.3015228654551918,12
1156,88,11,104,5,1.284044959434777,6
1157,112,12,109,6,1.2807700475171355,6
1158,26,20,2,10,1.2807486351157238,10
1159,55,12,5,5,1.2717408201175149,7
1160,70,50,98,24,1.2645113460830104,26
1161,55,12,17,6,1.2644044388351476,6
1162,87,51,107,23,1.2574409003521934,28
1163,8,24,43,12,1.2491635720553627,12
1164,23,42,65,21,1.2395198214726815,21
1165,14,10,16,4,1.2378356380358335,6
1166,16,51,54,25,1.2330888264862843,26
1167,48,31,55,14,1.215644939535552,17
1168,17,14,54,7,1.2121687634663056,7
1169,13,22,65,9,1.205003904356244,13
1170,8,19,85,10,1.1861465554197632,9
1171,50,23,16,12,1.1818243816176008,11
1172,103,10,1,6,1.178228962480731,4
1173,50,41,2,19,1.1723149758294293,22
1174,109,23,98,11,1.1685291459099245,12
1175,79,76,9,37,1.156057079763386,39
1176,73,25,87,11,1.1555083165045317,14
1177,2,11,44,5,1.1530964006985889,6
1178,96,16,79,7,1.1513538575456803,9
1179,79,27,104,11,1.1505168859403772,16
1180,2,24,88,11,1.1431667929787546,13
1181,79,36,38,17,1.1399672014475488,19
1182,10,13,88,6,1.116078708489712,7
1183,97,10,63,5,1.113626272118395,5
1184,8,24,11,11,1.1119848585601473,13
1185,29,33,28,16,1.111104248250653,17
1186,16,10,56,4,1.1063673005412145,6
1187,20,23,112,10,1.105711363718498,13
1188,30,25,84,12,1.1014873070906024,13
1189,2,10,14,5,1.0959529328783628,5
1190,65,41,29,18,1.0863542275741345,23
1191,107,64,28,32,1.0685934078697672,32
1192,76,15,103,6,1.064891024931597,9
1193,34,23,9,12,1.0530539128922707,11
1194,74,16,62,9,1.038357756374001,7
1195,8,92,65,41,1.0360299729293234,51
1196,86,26,91,13,1.0337576457460722,13
1197,54,28,18,13,1.0250295523893804,15
1198,107,36,103,17,1.0215275466090674,19
1199,90,22,84,11,1.0189289914353545,11
1200,50,13,76,8,1.0154044917487344,5
1201,75,12,37,6,1.0050763008661079,6
1202,79,11,94,5,0.999869198006996,6
1203,32,15,74,7,0.9878312338208298,8
1204,41,16,30,8,0.9850557086879019,8
1205,111,16,68,7,0.9831903657030904,9
1206,111,20,46,10,0.9803188811981156,10
1207,103,44,9,24,0.9734466854109779,20
1208,68,10,16,5,0.9723777343104946,5
1209,70,15,50,8,0.9670623069266762,7
1210,10,11,15,6,0.9620268464624092,5
1211,84,28,49,14,0.9573548536710029,14
1212,20,19,68,10,0.9561217863728688,9
1213,85,19,9,8,0.9266510351352133,11
1214,13,11,74,5,0.9258529887550367,6
1215,103,12,89,5,0.9245541578032253,7
1216,79,63,111,29,0.9222403087278062,34
1217,60,11,9,6,0.9156618531106675,5
1218,93,15,49,8,0.9146738839447187,7
1219,30,26,98,11,0.8945913052519345,15
1220,50,17,75,9,0.8886330598797062,8
1221,79,30,93,16,0.8801121352343778,14
1222,29,12,18,7,0.8741742779448103,5
1223,88,23,48,12,0.8691420269150582,11
1224,110,16,38,7,0.8664214429000395,9
1225,65,21,106,10,0.8544195862331218,11
1226,48,36,87,17,0.8422049682665195,19
1227,103,16,32,7,0.8405021181328091,9
1228,111,44,87,22,0.837629282060696,22
1229,50,12,5,6,0.8355366372849052,6
1230,87,46,84,22,0.8185557762768446,24
1231,109,16,79,8,0.8037643927102174,8
1232,86,44,98,23,0.7963803644953341,21
1233,49,25,54,13,0.7952964242907768,12
1234,98,57,74,29,0.7836006339144945,28
1235,29,25,9,13,0.7771037627191238,12
1236,79,74,84,35,0.7662941726861723,39
1237,112,17,87,9,0.7591685884445001,8
1238,55,12,13,6,0.7567536850396058,6
1239,28,17,73,7,0.7445408150621146,10
1240,37,11,73,5,0.7437455399697707,6
1241,46,12,10,6,0.7362386600396065,6
1242,85,14,41,7,0.7329420279882578,7
1243,2,38,87,17,0.7210314064467757,21
1244,55,16,34,7,0.7072850076733446,9
1245,50,60,28,30,0.7023493434521637,30
1246,98,69,79,36,0.6924215661390296,33
1247,41,23,43,11,0.6921842337130496,12
1248,11,29,28,15,0.6847851673650321,14
1249,86,77,28,35,0.6806931777985841,42
1250,39,10,16,4,0.676252099870446,6
1251,8,66,2,34,0.6662102238933972,32
1252,37,36,65,17,0.6644076278786955,19
1253,50,23,34,13,0.6618712012138183,10
1254,76,13,20,7,0.6610311160325412,6
1255,65,33,104,18,0.6526567218920184,15
1256,32,10,30,5,0.6490824873820774,5
1257,91,21,88,10,0.6418498921600013,11
1258,107,38,38,19,0.6364100973350881,19
1259,37,14,51,7,0.628648161205865,7
1260,111,37,20,19,0.6068837109506102,18
1261,79,18,49,8,0.6053065369071557,10
1262,91,43,79,20,0.6044413713691875,23
1263,62,18,38,9,0.6043816495722358,9
1264,87,20,57,10,0.6008668781269118,10
1265,91,24,20,11,0.5981833324333832,13
1266,54,19,3,10,0.596372630298602,9
1267,98,20,101,11,0.594870864776421,9
1268,54,37,107,18,0.5889535415404149,19
1269,15,14,2,7,0.5683026145731128,7
1270,8,69,84,35,0.5615927375138012,34
1271,89,17,111,9,0.5563633904658294,8
1272,74,44,87,23,0.551215304799837,21
1273,65,22,62,12,0.5500070971701462,10
1274,10,18,37,8,0.5468156041706492,10
1275,91,16,109,7,0.5400354078433115,9
1276,11,19,16,10,0.5396980687671015,9
1277,66,13,41,7,0.534743534153649,6
1278,16,51,2,25,0.525770434070558,26
1279,91,13,73,5,0.5133686150476426,8
1280,2,25,30,13,0.5037954043160977,12
1281,65,24,85,13,0.4890240020108274,11
1282,23,16,30,9,0.4884824633855258,7
1283,70,13,20,7,0.48625772561519326,6
1284,28,71,79,38,0.48537537838782796,33
1285,32,10,94,5,0.48339556643762405,5
1286,26,39,41,23,0.4754162497584248,16
1287,98,16,58,9,0.4540736471862188,7
1288,63,28,107,12,0.4513983463804988,16
1289,43,19,107,9,0.4507488550115603,10
1290,88,18,41,9,0.44177382423880074,9
1291,26,11,50,6,0.4324180875363617,5
1292,18,26,107,12,0.429900344442799,14
1293,98,33,93,16,0.4249481440030074,17
1294,85,20,54,9,0.42227408911351655,11
1295,96,11,54,6,0.4203802696764918,5
1296,93,16,55,8,0.39897461255756417,8
1297,48,33,98,17,0.3967785099913375,16
1298,8,50,88,25,0.39155858119761916,25
1299,79,42,74,18,0.3831053597484213,24
1300,8,84,28,41,0.3752560383144503,43
1301,79,16,80,8,0.3747455905620363,8
1302,46,15,98,7,0.3640759967683955,8
1303,63,21,106,10,0.36322298397703345,11
1304,30,10,104,4,0.34924327499157465,6
1305,17,14,50,7,0.340792809618303,7
1306,49,17,91,9,0.3285488305810779,8
1307,85,26,79,14,0.32471454085637974,12
1308,11,10,85,6,0.3172500994391079,4
1309,88,32,111,15,0.31153401809271974,17
1310,86,11,66,6,0.2691198516965333,5
1311,37,22,70,11,0.26541516331841886,11
1312,54,44,84,21,0.2633931538816796,23
1313,6,15,50,8,0.25221455967010464,7
1314,103,28,38,14,0.2481523476415201,14
1315,98,18,5,9,0.23991249503077494,9
1316,86,10,80,6,0.23136426710937422,4
1317,88,18,50,8,0.21637443249567034,10
1318,9,24,66,12,0.214435251865133,12
1319,103,13,85,6,0.21041645110054574,7
1320,79,69,16,33,0.20708192255499022,36
1321,91,16,57,9,0.20331294128054944,7
1322,30,22,74,10,0.20088773846185115,12
1323,75,22,84,11,0.1977893844371876,11
1324,29,36,41,18,0.19641039337775912,18
1325,55,43,16,21,0.18988505981579376,22
1326,34,11,1,4,0.18667100823416566,7
1327,55,17,70,8,0.1620901321299596,9
1328,93,20,86,10,0.1616165281959887,10
1329,50,18,11,9,0.16160464462576604,9
1330,111,28,23,15,0.1581620727797386,13
1331,57,14,98,6,0.14718708116915735,8
1332,6,23,112,11,0.14608972875934934,12
1333,70,22,2,10,0.13842008541162054,12
1334,74,40,41,22,0.1069451118325894,18
1335,6,44,8,21,0.09437629853605566,23
1336,6,29,41,15,0.0941275477253323,14
1337,50,18,63,9,0.08548736725775896,9
1338,65,33,17,16,0.08426322185815655,17
1339,93,33,20,18,0.08368758505146223,15
1340,111,49,55,26,0.08160768943954089,23
1341,86,28,51,14,0.0726375210871397,14
1342,55,61,65,28,0.07234514516671116,33
1343,90,12,13,7,0.07139738029094156,5
1344,106,29,86,14,0.0631569008883137,15
1345,84,26,14,15,0.05843126963561673,11
1346,9,42,98,19,0.04938102254810637,23
1347,29,23,55,10,0.039422511567713675,13
1348,40,14,65,6,0.022138801901295854,8
1349,69,12,28,6,0.011874228565720438,6
1350,48,48,16,24,0.0060620685239879775,24
1351,28,24,44,14,0.005777033075436607,10
1352,26,10,86,5,0.004038355127033889,5
1353,86,10,26,5,-0.004038355127033889,5
1354,44,24,28,10,-0.005777033075437051,14
1355,16,48,48,24,-0.006062068523988162,24
1356,28,12,69,6,-0.011874228565721623,6
1357,65,14,40,8,-0.022138801901296672,6
1358,55,23,29,13,-0.03942251156771319,10
1359,50,50,84,26,-0.041920488873883596,24
1360,98,42,9,23,-0.04938102254810671,19
1361,76,38,65,18,-0.05184006466891194,20
1362,14,26,84,11,-0.05843126963561673,15
1363,86,29,106,15,-0.06315690088831322,14
1364,13,12,90,5,-0.071397380290942,7
1365,51,28,86,14,-0.07263752108713886,14
1366,63,18,50,9,-0.08548736725775896,9
1367,84,47,103,22,-0.09369403051445593,25
1368,41,29,6,14,-0.09412754772533327,15
1369,43,19,20,10,-0.09655439021695145,9
1370,98,63,28,33,-0.09777663764031136,30
1371,41,40,74,18,-0.10694511183258992,22
1372,74,47,54,25,-0.11602595236064492,22
1373,17,17,20,9,-0.12665014758012894,8
1374,111,25,30,13,-0.14558741487159338,12
1375,98,14,57,8,-0.14718708116915735,6
1376,11,18,50,9,-0.16160464462576643,9
1377,86,20,93,10,-0.16161652819598818,10
1378,70,17,55,9,-0.16209013212995918,8
1379,87,34,98,16,-0.1724338468755451,18
1380,17,19,74,10,-0.18384205614173943,9
1381,65,51,107,27,-0.1876823687010682,24
1382,16,37,111,20,-0.1929815390724199,17
1383,84,22,75,11,-0.19778938443718774,11
1384,74,22,30,12,-0.20088773846185182,10
1385,57,16,91,7,-0.2033129412805491,9
1386,85,13,103,7,-0.21041645110054602,6
1387,79,47,76,23,-0.21353395465678998,24
1388,66,24,9,12,-0.2144352518651352,12
1389,50,18,88,10,-0.21637443249567034,8
1390,79,82,65,40,-0.2166730869462607,42
1391,80,10,86,4,-0.23136426710937422,6
1392,79,18,57,10,-0.23975285216616626,8
1393,5,18,98,9,-0.23991249503077505,9
1394,38,28,103,14,-0.24815234764151944,14
1395,84,60,37,31,-0.25971568571486026,29
1396,84,44,54,23,-0.26339315388167894,21
1397,70,22,37,11,-0.2654151633184179,11
1398,28,71,2,37,-0.2664464774782691,34
1399,66,11,86,5,-0.2691198516965327,6
1400,10,27,111,13,-0.3114645815059003,14
1401,111,32,88,17,-0.31153401809271863,15
1402,85,10,11,4,-0.31725009943910754,6
1403,91,17,49,8,-0.32854883058107764,9
1404,43,16,98,8,-0.334919329248079,8
1405,104,10,30,6,-0.3492432749915757,4
1406,106,21,63,11,-0.36322298397703345,10
1407,98,15,46,8,-0.364075996768397,7
1408,80,16,79,8,-0.3747455905620361,8
1409,84,23,91,12,-0.37632994706828293,11
1410,65,82,79,43,-0.37898026610188457,39
1411,88,50,8,25,-0.3915585811976193,25
1412,98,33,48,16,-0.3967785099913387,17
1413,55,16,93,8,-0.3989746125575646,8
1414,54,11,96,5,-0.4203802696764918,6
1415,13,12,2,5,-0.4219932083916736,7
1416,54,20,85,11,-0.4222740891135178,9
1417,93,33,98,17,-0.42494814400300696,16
1418,55,43,79,20,-0.4294540083328978,23
1419,28,31,51,16,-0.4325509530784743,15
1420,41,18,88,9,-0.4417738242388016,9
1421,107,28,63,16,-0.4513983463804984,12
1422,50,42,9,22,-0.4687802185897801,20
1423,55,58,28,26,-0.4723623832387307,32
1424,79,40,90,18,-0.4783152360099624,22
1425,94,10,32,5,-0.4833955664376234,5
1426,20,13,70,6,-0.48625772561519354,7
1427,85,24,65,11,-0.4890240020108263,13
1428,30,25,2,12,-0.5037954043160969,13
1429,74,37,2,19,-0.5118816716673071,18
1430,73,13,91,8,-0.5133686150476421,5
1431,23,38,16,19,-0.5164735690806078,19
1432,20,23,110,11,-0.5195268671329448,12
1433,41,13,66,6,-0.5347435341536495,7
1434,41,34,70,17,-0.5370981435199814,17
1435,16,19,11,9,-0.5396980687671018,10
1436,37,18,10,10,-0.5468156041706485,8
1437,62,22,65,10,-0.5500070971701475,12
1438,111,17,89,8,-0.556363390465831,9
1439,49,24,107,13,-0.5883775965859891,11
1440,107,37,54,19,-0.5889535415404155,18
1441,101,20,98,9,-0.5948708647764195,11
1442,3,19,54,9,-0.596372630298603,10
1443,39,10,87,5,-0.5972214062189816,5
1444,23,33,79,18,-0.5991196107820859,15
1445,57,20,87,10,-0.600866878126911,10
1446,38,18,62,9,-0.6043816495722345,9
1447,51,14,37,7,-0.6286481612058655,7
1448,38,38,107,19,-0.6364100973350874,19
1449,88,21,91,11,-0.6418498921600014,10
1450,6,19,62,11,-0.6431821395568814,8
1451,30,10,32,5,-0.6490824873820789,5
1452,104,33,65,15,-0.6526567218920186,18
1453,29,20,103,10,-0.6578144863835312,10
1454,10,20,107,9,-0.6598239703170072,11
1455,20,13,76,6,-0.6610311160325401,7
1456,34,23,50,10,-0.6618712012138183,13
1457,8,63,10,33,-0.6621130971618493,30
1458,65,36,37,19,-0.6644076278786949,17
1459,88,25,46,13,-0.6714981854824822,12
1460,101,15,23,7,-0.6750621504160544,8
1461,16,10,39,6,-0.6762520998704448,4
1462,28,77,86,42,-0.6806931777985865,35
1463,28,29,11,14,-0.6847851673650338,15
1464,107,39,55,22,-0.7077120063917266,17
1465,74,27,46,15,-0.7141772437171631,12
1466,8,71,111,34,-0.7317959121668131,37
1467,41,14,85,7,-0.7329420279882578,7
1468,10,12,46,6,-0.7362386600396065,6
1469,73,11,37,6,-0.7437455399697719,5
1470,73,17,28,10,-0.7445408150621152,7
1471,13,12,55,6,-0.7567536850396056,6
1472,87,17,112,8,-0.7591685884445006,9
1473,2,13,94,6,-0.7637408937458072,7
1474,74,57,98,28,-0.7836006339144942,29
1475,103,39,23,19,-0.7910274741071583,20
1476,98,44,86,21,-0.7963803644953328,23
1477,79,16,109,8,-0.8037643927102165,8
1478,84,46,87,24,-0.818555776276845,22
1479,91,25,30,14,-0.8290044271419152,11
1480,5,12,50,6,-0.8355366372849061,6
1481,91,21,29,10,-0.8357535316372816,11
1482,87,36,48,19,-0.8422049682665212,17
1483,106,21,65,11,-0.8544195862331221,10
1484,10,51,79,29,-0.8544891772527285,22
1485,38,18,91,10,-0.8605561818804589,8
1486,38,16,110,9,-0.8664214429000391,7
1487,48,23,88,11,-0.8691420269150538,12
1488,79,43,55,24,-0.8731011693439991,19
1489,18,12,29,5,-0.8741742779448094,7
1490,39,12,65,6,-0.8833442404940938,6
1491,85,18,74,9,-0.8842572167875924,9
1492,75,17,50,8,-0.8886330598797059,9
1493,49,15,93,7,-0.9146738839447184,8
1494,111,29,18,15,-0.9151185639276579,14
1495,9,11,60,5,-0.9156618531106686,6
1496,89,12,103,7,-0.9245541578032253,5
1497,9,19,85,11,-0.9266510351352133,8
1498,49,28,84,14,-0.9573548536710035,14
1499,15,11,10,5,-0.9620268464624092,6
1500,50,15,70,7,-0.9670623069266775,8
1501,16,10,68,5,-0.9723777343104946,5
1502,68,16,111,9,-0.9831903657030906,7
1503,30,16,41,8,-0.9850557086879017,8
1504,74,34,20,17,-0.9993227738016515,17
1505,94,11,79,6,-0.9998691980069959,5
1506,23,39,103,21,-1.0026838414995893,18
1507,37,12,75,6,-1.005076300866107,6
1508,37,60,84,30,-1.0062425640391262,30
1509,76,13,50,5,-1.0154044917487335,8
1510,41,13,75,7,-1.0160682715228835,6
1511,84,22,90,11,-1.0189289914353536,11
1512,18,28,54,15,-1.02502955238938,13
1513,98,32,90,17,-1.0267736789331345,15
1514,91,26,86,13,-1.0337576457460727,13
1515,103,10,75,5,-1.035188460357086,5
1516,112,10,8,5,-1.0357746876565699,5
1517,62,16,74,7,-1.0383577563740003,9
1518,89,13,6,6,-1.0487640819634654,7
1519,103,15,76,9,-1.0648910249315973,6
1520,107,51,65,25,-1.0672195920832455,26
1521,73,20,103,10,-1.0728746625988024,10
1522,29,41,65,23,-1.0863542275741362,18
1523,14,10,2,5,-1.0959529328783617,5
1524,84,25,30,13,-1.1014873070906033,12
1525,56,10,16,6,-1.1063673005412131,4
1526,28,33,29,17,-1.111104248250654,16
1527,11,24,8,13,-1.111984858560148,11
1528,63,10,97,5,-1.113626272118395,5
1529,23,41,28,21,-1.118601283133015,20
1530,90,31,65,15,-1.128136180930446,16
1531,88,24,2,13,-1.1431667929787543,11
1532,16,69,79,37,-1.1461232220837207,32
1533,104,27,79,16,-1.1505168859403776,11
1534,79,16,96,9,-1.1513538575456796,7
1535,65,81,41,44,-1.1521295696669458,37
1536,44,11,2,6,-1.1530964006985882,5
1537,87,25,73,14,-1.155508316504531,11
1538,1,10,103,4,-1.178228962480731,6
1539,16,23,50,11,-1.1818243816176015,12
1540,111,49,98,25,-1.1971941446177512,24
1541,107,36,111,18,-1.1978257080625474,18
1542,65,22,13,13,-1.2050039043562446,9
1543,54,14,17,7,-1.212168763466305,7
1544,55,31,48,17,-1.2156449395355515,14
1545,54,51,16,26,-1.2330888264862838,25
1546,16,38,23,20,-1.2347115570675697,18
1547,16,10,14,6,-1.2378356380358353,4
1548,46,12,70,6,-1.2383877522538576,6
1549,84,50,50,25,-1.2510912652103068,25
1550,55,39,107,19,-1.2636195736637004,20
1551,17,12,55,6,-1.2644044388351479,6
1552,98,50,70,26,-1.2645113460830095,24
1553,26,31,9,17,-1.2666160150178518,14
1554,90,40,79,23,-1.2705532967066155,17
1555,5,12,55,7,-1.2717408201175153,5
1556,109,12,112,6,-1.2807700475171353,6
1557,104,11,88,6,-1.2840449594347776,5
1558,106,17,38,9,-1.3101869215810407,8
1559,103,47,84,26,-1.3117535282727075,21
1560,79,69,98,34,-1.3171638313764082,35
1561,87,44,74,22,-1.3188224711812568,22
1562,90,32,98,16,-1.3246080262099156,16
1563,73,16,55,8,-1.3250772092992573,8
1564,88,23,62,12,-1.3277639684106675,11
1565,28,75,84,38,-1.3281572739401972,37
1566,9,30,76,16,-1.3464329670764872,14
1567,34,18,29,8,-1.3490741689669334,10
1568,28,20,5,10,-1.3493326587417735,10
1569,29,20,50,11,-1.3540456886595518,9
1570,75,12,74,6,-1.355459097643048,6
1571,32,14,23,6,-1.3629901576062295,8
1572,51,11,88,6,-1.3668352390432417,5
1573,87,19,63,10,-1.3686247132739588,9
1574,59,16,41,9,-1.3704315284875221,7
1575,88,24,23,13,-1.3769043869202289,11
1576,23,15,76,7,-1.3791825091008199,8
1577,65,31,90,17,-1.3800043045554724,14
1578,74,18,90,9,-1.39415986244323,9
1579,84,26,51,15,-1.3946044446619839,11
1580,41,81,65,39,-1.4041433009139985,42
1581,6,11,51,7,-1.4047930882718551,4
1582,84,74,79,40,-1.4102437435490327,34
1583,96,22,84,12,-1.422726441150587,10
1584,3,10,65,5,-1.425825292351591,5
1585,57,10,103,4,-1.43349293747094,6
1586,28,40,88,20,-1.4428071062298002,20
1587,2,23,62,11,-1.4505349337514701,12
1588,17,43,98,22,-1.4651649500523514,21
1589,2,11,5,5,-1.48308287208039,6
1590,71,20,65,11,-1.4831854809864005,9
1591,109,27,2,16,-1.4845158921891026,11
1592,84,13,1,7,-1.503086116513169,6
1593,84,52,74,27,-1.5032704959262353,25
1594,62,19,6,9,-1.506313038221411,10
1595,30,34,20,19,-1.5084476405259206,15
1596,98,43,17,23,-1.5166447539243209,20
1597,14,13,63,7,-1.5219308064414179,6
1598,20,15,90,7,-1.5242497298839517,8
1599,70,29,28,14,-1.5288222005135974,15
1600,38,12,85,6,-1.5317416798467212,6
1601,63,18,74,9,-1.5375872390360672,9
1602,46,11,84,6,-1.553665479741575,5
1603,6,35,9,19,-1.5579678154968377,16
1604,14,10,76,5,-1.56343838736732,5
1605,29,16,16,9,-1.5836522711307057,7
1606,8,27,104,16,-1.5847929007576513,11
1607,79,16,5,7,-1.6063038188326537,9
1608,79,52,103,26,-1.6096899152923092,26
1609,41,12,61,6,-1.6283360089410486,6
1610,87,44,111,23,-1.641789170650758,21
1611,79,52,2,27,-1.6438129495322433,25
1612,41,11,99,6,-1.6483642965326255,5
1613,54,47,74,23,-1.6573868321864862,24
1614,84,43,6,23,-1.6603963416889107,20
1615,8,26,34,12,-1.667662307737974,14
1616,84,69,8,35,-1.6772378526789344,34
1617,13,12,87,7,-1.680290942229875,5
1618,62,16,91,8,-1.6816681613432154,8
1619,8,31,73,18,-1.6827099795090414,13
1620,65,61,55,35,-1.6865164954649445,26
1621,23,18,57,10,-1.6948872060166507,8
1622,18,13,20,7,-1.69876804268239,6
1623,107,26,93,14,-1.6992218170224525,12
1624,76,11,38,6,-1.6999072226365548,5
1625,86,24,90,11,-1.700371377025861,13
1626,38,16,37,8,-1.7020262096785124,8
1627,37,27,87,13,-1.7175308773227205,14
1628,65,38,76,21,-1.7259377131088651,17
1629,91,29,54,13,-1.7259493348898998,16
1630,45,10,76,5,-1.7263356630732685,5
1631,5,12,20,6,-1.727107860565465,6
1632,16,16,29,8,-1.7271978980205005,8
1633,103,29,16,15,-1.735855100464721,14
1634,8,58,70,29,-1.7358583823266789,29
1635,30,12,17,6,-1.736609101114107,6
1636,104,21,107,12,-1.743227467411562,9
1637,28,41,30,22,-1.777854352146095,19
1638,75,21,8,11,-1.7971565748640816,10
1639,28,15,96,8,-1.7981091671813807,7
1640,76,13,85,8,-1.8000085206097036,5
1641,32,25,87,12,-1.8019631830327214,13
1642,93,25,6,13,-1.8024437751588966,12
1643,18,11,85,7,-1.8067340182792189,4
1644,44,15,9,6,-1.8172770397007398,9
1645,65,13,52,7,-1.8219258225521469,6
1646,48,23,13,14,-1.8269627168474962,9
1647,107,28,23,15,-1.8276795818601932,13
1648,75,18,86,10,-1.8475379770414249,8
1649,54,60,86,31,-1.8509587831499024,29
1650,39,10,91,6,-1.8645769680022486,4
1651,90,24,86,14,-1.8654989939070072,10
1652,65,17,80,10,-1.8710214331299524,7
1653,35,12,16,6,-1.8810088460620558,6
1654,46,25,88,13,-1.888501814517517,12
1655,50,22,18,11,-1.8931976139879354,11
1656,87,29,62,16,-1.8959853967718374,13
1657,103,14,70,8,-1.9027941936339994,6
1658,41,15,19,7,-1.9044917395497039,8
1659,17,10,76,6,-1.9048948605366014,4
1660,37,22,6,11,-1.9187411338779805,11
1661,48,10,62,6,-1.9270832455013296,4
1662,16,43,55,23,-1.9282158206544904,20
1663,111,71,8,40,-1.9370367529151276,31
1664,6,24,76,12,-1.937944044447951,12
1665,6,25,93,13,-1.9383775932498641,12
1666,106,13,98,6,-1.940190176266284,7
1667,86,46,65,24,-1.9570230556604997,22
1668,46,27,74,13,-1.960314232243549,14
1669,88,40,55,23,-1.963295799528872,17
1670,10,63,8,32,-1.9653037165737905,31
1671,50,40,54,23,-1.9685166822318947,17
1672,28,60,50,31,-1.9778757696635272,29
1673,29,11,49,7,-1.9792119029563418,4
1674,37,13,103,7,-1.9837820518429876,6
1675,84,25,57,14,-1.9838455756579163,11
1676,41,16,34,9,-1.9846654519938336,7
1677,37,59,79,33,-1.9886494787106561,26
1678,8,44,6,24,-1.9887035911204924,20
1679,71,10,37,6,-1.9896037058196856,4
1680,66,12,85,6,-2.002988916691536,6
1681,9,30,10,15,-2.0135222581265264,15
1682,93,20,88,8,-2.033372594210669,12
1683,26,14,73,8,-2.0368384601286986,6
1684,3,12,50,6,-2.0377948804903236,6
1685,65,72,84,37,-2.0379176330897706,35
1686,79,47,50,23,-2.043868777757168,24
1687,98,52,38,28,-2.0498657703552294,24
1688,10,18,91,10,-2.0539203960339205,8
1689,104,17,9,10,-2.0746206420840276,7
1690,28,41,23,22,-2.076585768514958,19
1691,2,52,79,28,-2.0919149974540514,24
1692,85,15,2,7,-2.0967648774046337,8
1693,79,17,11,7,-2.100001512971056,10
1694,104,17,86,8,-2.1018401857237743,9
1695,87,38,2,22,-2.1150735829314953,16
1696,1,15,87,7,-2.138632690920939,8
1697,111,44,84,25,-2.1422526544855915,19
1698,46,13,20,8,-2.151765308535924,5
1699,32,10,18,5,-2.1572241092213575,5
1700,15,11,9,6,-2.1575516880448644,5
1701,28,84,8,45,-2.1789553043905987,39
1702,98,18,89,10,-2.180079413202899,8
1703,89,11,86,6,-2.1974022229705885,5
1704,86,64,8,36,-2.206968534697074,28
1705,106,28,8,14,-2.210129828089476,14
1706,110,16,87,9,-2.2176133909414486,7
1707,57,12,54,7,-2.224387822283533,5
1708,58,11,8,5,-2.2258955118772117,6
1709,18,19,30,11,-2.2260639921626746,8
1710,74,29,26,16,-2.2324393914305243,13
1711,106,10,62,5,-2.251724283686679,5
1712,51,31,28,16,-2.25617165575105,15
1713,8,11,52,5,-2.257162770789511,6
1714,9,40,37,22,-2.262801557650182,18
1715,32,18,62,9,-2.2636867699003225,9
1716,54,36,2,19,-2.2663117915257036,17
1717,103,13,110,7,-2.2732443192567455,6
1718,32,13,20,7,-2.2751108005385445,6
1719,107,12,108,6,-2.277840147444422,6
1720,37,39,28,21,-2.310806744030662,18
1721,103,52,79,29,-2.319457331030927,23
1722,70,24,9,12,-2.3226132239902566,12
1723,94,11,41,6,-2.3275339532246493,5
1724,43,23,41,13,-2.3652994967791563,10
1725,48,50,79,26,-2.369303171222037,24
1726,91,24,65,11,-2.370352134579779,13
1727,8,70,98,38,-2.395287014341326,32
1728,9,42,50,22,-2.4040878848463185,20
1729,28,58,55,34,-2.407239841868213,24
1730,76,24,107,13,-2.411262033359645,11
1731,88,19,63,10,-2.4297157289241897,9
1732,35,15,79,8,-2.4414517126522153,7
1733,90,19,10,11,-2.4460320758820115,8
1734,29,27,6,14,-2.45903121181426,13
1735,79,57,41,30,-2.4682324013019508,27
1736,79,12,52,7,-2.4761549683770894,5
1737,9,44,103,21,-2.4769487250437585,23
1738,62,15,37,8,-2.4789476689639174,7
1739,28,77,65,42,-2.4794396376748793,35
1740,65,49,6,24,-2.47968083130177,25
1741,20,47,54,27,-2.485454762519845,20
1742,90,18,74,10,-2.492214654704721,8
1743,2,27,91,15,-2.4984888581051337,12
1744,65,12,39,7,-2.5200231243215345,5
1745,74,42,79,25,-2.520717570267713,17
1746,16,14,44,6,-2.5225080391674344,8
1747,76,47,79,26,-2.526760719119433,21
1748,49,10,63,5,-2.5291147398136253,5
1749,87,26,10,13,-2.5384783735781897,13
1750,48,15,49,7,-2.544499155603262,8
1751,8,41,91,21,-2.5454365457229002,20
1752,79,26,85,13,-2.552939527900718,13
1753,11,10,30,6,-2.5564825240632034,4
1754,23,28,111,14,-2.5579342826864977,14
1755,111,27,10,15,-2.561286831397376,12
1756,37,35,48,18,-2.564870406200917,17
1757,28,55,111,30,-2.5812802098154153,25
1758,112,20,38,11,-2.5875581099779774,9
1759,29,33,98,17,-2.59917885596954,16
1760,107,24,49,12,-2.600438468942416,12
1761,55,18,51,10,-2.6007805293226243,8
1762,97,12,55,6,-2.6113983503434137,6
1763,38,10,18,5,-2.612917260417027,5
1764,54,57,98,29,-2.6147362809185486,28
1765,84,17,109,9,-2.647899017987722,8
1766,30,25,111,13,-2.6528736151948067,12
1767,63,11,111,6,-2.656681768070538,5
1768,87,27,70,15,-2.659290912641029,12
1769,8,14,15,7,-2.6593953269851673,7
1770,98,49,111,27,-2.661784450073085,22
1771,106,16,80,9,-2.662467106801565,7
1772,111,13,43,8,-2.669621436422116,5
1773,48,12,23,6,-2.6721896490462047,6
1774,49,18,32,9,-2.688514142434056,9
1775,28,27,46,15,-2.6981124142933774,12
1776,10,30,9,17,-2.725511572413539,13
1777,66,12,2,7,-2.7316672474880774,5
1778,29,14,23,8,-2.732572073895786,6
1779,86,41,74,22,-2.732603324816666,19
1780,103,19,48,10,-2.7455190211302885,9
1781,38,41,41,22,-2.750634921689275,19
1782,87,24,90,14,-2.7559391827223796,10
1783,20,29,2,15,-2.758637511681619,14
1784,30,25,91,12,-2.7621840865304956,13
1785,89,15,50,8,-2.767885417645722,7
1786,12,11,8,6,-2.8009343879230215,5
1787,65,55,38,30,-2.806589910357459,25
1788,66,11,20,7,-2.8090923176891023,4
1789,23,21,54,12,-2.81871086484572,9
1790,98,20,73,11,-2.833203916772493,9
1791,18,29,111,16,-2.859497108899379,13
1792,107,25,90,13,-2.870701985415053,12
1793,91,23,84,12,-2.8735927797171086,11
1794,109,13,76,9,-2.877362605546446,4
1795,70,34,41,18,-2.8887876811520856,16
1796,76,22,111,10,-2.8888180973130924,12
1797,2,37,74,20,-2.891184469482633,17
1798,32,18,49,10,-2.892278990328854,8
1799,34,16,6,8,-2.8927905205883553,8
1800,55,27,49,12,-2.9040234972896863,15
1801,54,21,15,12,-2.909263028328594,9
1802,44,19,91,11,-2.9196808859177237,8
1803,98,20,85,12,-2.9230483905619185,8
1804,41,36,29,19,-2.9244119186735795,17
1805,76,15,23,9,-2.940407468731348,6
1806,75,11,54,6,-2.9498939570669056,5
1807,16,21,51,13,-2.9622705722069402,8
1808,108,11,48,7,-2.963900529529869,4
1809,74,18,85,10,-2.978897137377882,8
1810,109,11,57,7,-2.9843830658057695,4
1811,89,16,26,8,-3.0015441091670585,8
1812,65,15,51,8,-3.0024330188565416,7
1813,48,52,28,27,-3.005270580149446,25
1814,98,18,63,9,-3.0073208177516255,9
1815,93,30,79,15,-3.0134454685677112,15
1816,55,38,84,21,-3.0154680558336096,17
1817,8,11,12,6,-3.0172474302587955,5
1818,16,18,38,9,-3.0174584469144037,9
1819,65,92,8,53,-3.0190450516035905,39
1820,86,15,1,8,-3.0234071702801657,7
1821,52,10,84,5,-3.070377905456948,5
1822,65,16,43,8,-3.0818646979565365,8
1823,2,29,20,16,-3.086404952194223,13
1824,51,15,104,8,-3.1129544443517223,7
1825,65,68,87,38,-3.1385094639330045,30
1826,38,36,79,20,-3.1386740959807797,16
1827,28,24,34,14,-3.14488849664718,10
1828,90,10,1,5,-3.14882035881255,5
1829,98,54,16,30,-3.1532282189912895,24
1830,54,16,73,9,-3.1545899908135793,7
1831,8,18,14,10,-3.164886384508363,8
1832,8,14,44,9,-3.1679643082660283,5
1833,108,12,74,6,-3.1689586707194892,6
1834,91,14,17,8,-3.16960980301192,6
1835,88,13,18,7,-3.1759771370815284,6
1836,75,15,111,7,-3.17685714011478,8
1837,50,36,107,21,-3.1858618455118832,15
1838,90,11,34,6,-3.1893577063202954,5
1839,37,13,91,7,-3.1893915884876662,6
1840,2,71,28,38,-3.189412400909431,33
1841,86,60,87,34,-3.2030036029457984,26
1842,9,45,48,26,-3.2091318378307516,19
1843,106,19,55,11,-3.2161809115675517,8
1844,28,43,20,25,-3.2289776188009904,18
1845,85,11,49,6,-3.234049059231714,5
1846,87,15,1,9,-3.235954063691745,6
1847,18,15,76,9,-3.237191989649946,6
1848,107,49,84,28,-3.245515762943307,21
1849,28,28,62,17,-3.2557773269494237,11
1850,107,20,10,12,-3.2577281726849217,8
1851,86,31,50,17,-3.25877501358155,14
1852,8,26,51,15,-3.261457041476366,11
1853,65,30,73,17,-3.264498946198197,13
1854,86,14,46,8,-3.2648117179811544,6
1855,98,11,59,6,-3.2664563544762517,5
1856,111,31,90,18,-3.267921695084226,13
1857,55,49,111,26,-3.2738567627834874,23
1858,9,10,35,5,-3.2814605351740482,5
1859,50,19,74,10,-3.2938750312138994,9
1860,29,22,111,10,-3.301334118864206,12
1861,28,11,33,6,-3.3037590150947365,5
1862,76,11,75,7,-3.3071188013348984,4
1863,85,19,86,9,-3.3148592503123897,10
1864,29,21,2,12,-3.316924897230131,9
1865,107,24,48,13,-3.324639262352747,11
1866,20,34,74,19,-3.3503190272282626,15
1867,57,18,79,9,-3.359905462693975,9
1868,109,27,65,13,-3.3617758820453996,14
1869,6,18,49,10,-3.361990920437636,8
1870,28,63,98,33,-3.3646430186749945,30
1871,37,22,90,12,-3.3649920425348316,10
1872,55,15,104,8,-3.3746149312999796,7
1873,16,80,28,44,-3.379062970477473,36
1874,13,14,76,7,-3.383197454645703,7
1875,8,66,74,36,-3.389343063259877,30
1876,15,16,65,8,-3.396313291786303,8
1877,6,12,57,8,-3.4000169565132334,4
1878,84,20,32,12,-3.403700726822616,8
1879,55,17,23,9,-3.4042950014279,8
1880,88,87,65,49,-3.41125199709239,38
1881,63,30,8,16,-3.41861947787819,14
1882,57,12,86,6,-3.4531517504498637,6
1883,34,15,16,8,-3.4607811053926616,7
1884,79,51,10,25,-3.461171301661281,26
1885,8,14,5,9,-3.4764198977431877,5
1886,63,35,84,20,-3.4781241686458113,15
1887,2,21,29,11,-3.480852033637943,10
1888,90,15,20,9,-3.492031241087887,6
1889,41,49,16,26,-3.501070366837183,23
1890,94,13,65,7,-3.505690987614661,6
1891,48,15,91,8,-3.5103417471191447,7
1892,16,11,46,6,-3.5247066219075394,5
1893,26,33,111,19,-3.5276889460712058,14
1894,86,71,84,40,-3.5438006021539343,31
1895,84,32,20,19,-3.5442833935533202,13
1896,49,18,79,11,-3.5482844650415624,7
1897,54,19,90,10,-3.5596428529204274,9
1898,98,26,30,16,-3.585419218777317,10
1899,23,15,101,9,-3.591604516250614,6
1900,79,71,28,36,-3.5949863919001803,35
1901,28,29,106,17,-3.6036961084402055,12
1902,18,12,10,8,-3.6042571144804363,4
1903,2,64,98,35,-3.6230074727538932,29
1904,70,37,54,20,-3.6330290974610886,17
1905,93,13,11,6,-3.6384329699574156,7
1906,111,63,79,37,-3.6508286574398943,26
1907,73,22,20,12,-3.6521774474687554,10
1908,37,38,16,23,-3.6538134186570033,15
1909,6,16,34,9,-3.6598684680509215,7
1910,65,17,57,11,-3.66200460796526,6
1911,62,14,86,6,-3.6646334062582624,8
1912,62,18,76,8,-3.665603119096148,10
1913,23,17,109,10,-3.677137211210047,7
1914,41,37,84,22,-3.7078264738122493,15
1915,10,14,32,9,-3.709056496740224,5
1916,87,10,60,5,-3.716219490276847,5
1917,28,57,74,30,-3.7233949828769197,27
1918,41,16,48,9,-3.723395209925695,7
1919,10,34,65,19,-3.7403807843221304,15
1920,23,25,74,13,-3.752262942687233,12
1921,18,12,57,8,-3.7525453734501912,4
1922,87,10,12,5,-3.754204850722502,5
1923,98,40,6,23,-3.760936191144453,17
1924,49,22,28,13,-3.761707702389012,9
1925,84,12,11,6,-3.7715362491408313,6
1926,50,12,51,8,-3.780099042180057,4
1927,55,15,57,7,-3.7814243990139826,8
1928,110,11,26,5,-3.781495457699158,6
1929,50,15,6,8,-3.7837880734313925,7
1930,96,25,86,14,-3.791874686228462,11
1931,88,37,79,23,-3.794482783159947,14
1932,26,38,79,22,-3.7975031059515727,16
1933,18,15,93,8,-3.8000555745474087,7
1934,88,26,20,15,-3.8029082237957357,11
1935,17,33,65,19,-3.8083990645378307,14
1936,98,16,43,9,-3.8123705589147328,7
1937,75,10,91,5,-3.8152979163197345,5
1938,86,33,30,21,-3.8189797321177346,12
1939,62,39,8,21,-3.8203580499873464,18
1940,91,14,32,7,-3.8253106560348464,7
1941,44,13,50,7,-3.8266269873582996,6
1942,79,63,86,35,-3.8328768923137995,28
1943,49,16,17,9,-3.8354352643495577,7
1944,107,51,87,30,-3.836958624690888,21
1945,29,21,91,12,-3.840820511726981,9
1946,18,18,41,11,-3.84366102932153,7
1947,50,42,8,23,-3.8526477074222707,19
1948,34,12,23,6,-3.85388189935407,6
1949,49,14,38,7,-3.8551286140805963,7
1950,48,40,86,23,-3.8755470879506504,17
1951,79,43,91,25,-3.876631397218278,18
1952,87,35,23,20,-3.8789473690391887,15
1953,89,18,48,10,-3.8908343305777375,8
1954,55,14,96,8,-3.8943089599625167,6
1955,54,16,94,8,-3.897800639878564,8
1956,107,29,88,17,-3.913625642438956,12
1957,54,69,65,37,-3.928858591790434,32
1958,74,22,43,13,-3.9345782455697673,9
1959,54,32,87,18,-3.9348055085863867,14
1960,34,11,17,6,-3.9434388890065644,5
1961,73,22,6,11,-3.9476996189213933,11
1962,65,42,23,23,-3.9627458762007683,19
1963,9,11,14,7,-3.9753531338355614,4
1964,26,14,55,8,-3.9805474058369166,6
1965,10,13,104,7,-3.982341981798969,6
1966,30,15,26,6,-3.9832431707059905,9
1967,98,34,87,20,-3.9852020639548185,14
1968,107,45,98,26,-3.9960773542760295,19
1969,79,33,23,17,-4.005580416521516,16
1970,48,24,10,13,-4.007661201519658,11
1971,9,11,71,6,-4.0213220137138075,5
1972,13,10,54,5,-4.0268747175479405,5
1973,23,21,91,12,-4.032612579537057,9
1974,98,23,109,13,-4.0431120330253485,10
1975,10,32,16,18,-4.051397029804468,14
1976,46,21,6,13,-4.0573986299655465,8
1977,10,41,2,24,-4.057775267216063,17
1978,75,10,65,6,-4.061741964132054,4
1979,50,38,98,20,-4.0751085970791365,18
1980,87,80,8,46,-4.0816485905608655,34
1981,23,11,75,6,-4.1044573425935225,5
1982,50,14,17,8,-4.12462157436254,6
1983,86,14,35,9,-4.145135736198837,5
1984,10,16,103,9,-4.145748166667432,7
1985,54,76,8,41,-4.14743496422582,35
1986,20,17,13,11,-4.158308677021297,6
1987,75,10,44,6,-4.15986118876275,4
1988,32,16,2,9,-4.169077635966493,7
1989,38,23,84,14,-4.170162932302742,9
1990,2,41,50,24,-4.170732743099653,17
1991,9,79,84,47,-4.204572431990677,32
1992,34,16,55,10,-4.2079020476799975,6
1993,38,26,50,15,-4.210629481734023,11
1994,2,22,70,13,-4.213700509334899,9
1995,52,10,55,5,-4.213992615100169,5
1996,55,20,74,10,-4.2226050267563995,10
1997,52,12,16,7,-4.223312581999777,5
1998,62,19,16,11,-4.231831363925151,8
1999,85,19,8,10,-4.235296537690964,9
2000,8,11,97,7,-4.238412616249588,4
2001,49,13,18,7,-4.243576516469454,6
2002,2,66,8,35,-4.265068045066808,31
2003,79,35,54,19,-4.285387143638045,16
2004,84,48,98,27,-4.2905679880423575,21
2005,88,25,87,15,-4.293791057606331,10
2006,48,15,85,9,-4.305363268792187,6
2007,41,39,26,18,-4.308213459712551,21
2008,1,20,41,13,-4.310885836842604,7
2009,48,20,30,12,-4.312431377271299,8
2010,28,12,35,7,-4.32928906687427,5
2011,9,32,38,17,-4.337520489331947,15
2012,20,24,91,14,-4.339004700842141,10
2013,28,20,14,13,-4.343832047386856,7
2014,44,13,79,7,-4.356415433762269,6
2015,2,11,57,7,-4.360321050424336,4
2016,62,11,90,6,-4.371292877846256,5
2017,94,11,87,6,-4.375015437142172,5
2018,1,10,90,6,-4.375601097645208,4
2019,89,13,54,8,-4.375934710162814,5
2020,8,29,29,16,-4.386286441561601,13
2021,41,36,50,20,-4.39168406813968,16
2022,20,19,43,10,-4.407702920435093,9
2023,103,20,73,11,-4.408542656876506,9
2024,39,12,48,6,-4.409523912199052,6
2025,107,29,16,17,-4.421752842699686,12
2026,74,23,37,13,-4.4346787199832525,10
2027,107,35,74,20,-4.435896642118507,15
2028,76,37,16,20,-4.451124010231458,17
2029,58,16,98,8,-4.454073647186219,8
2030,98,40,37,23,-4.4618515725212315,17
2031,110,23,20,13,-4.46357978693552,10
2032,86,42,9,24,-4.471433189978506,18
2033,15,25,111,15,-4.472513123100842,10
2034,75,21,79,13,-4.481307871244594,8
2035,16,27,63,15,-4.483061798201042,12
2036,93,21,29,12,-4.498959392246701,9
2037,62,11,29,6,-4.502398822563125,5
2038,6,27,29,15,-4.503478704943507,12
2039,9,31,26,16,-4.504387775499666,15
2040,23,40,41,23,-4.507259861409941,17
2041,93,29,111,15,-4.510765206652467,14
2042,85,11,18,5,-4.514791288537011,6
2043,74,15,32,9,-4.519404747582117,6
2044,14,13,86,6,-4.523534843943031,7
2045,8,26,90,15,-4.539275050684183,11
2046,28,33,32,19,-4.541477323608219,14
2047,39,13,50,7,-4.548306045444578,6
2048,96,16,8,9,-4.548961209547797,7
2049,106,21,74,11,-4.549705086583889,10
2050,63,17,55,9,-4.555889732262361,8
2051,32,22,55,13,-4.5613058564845765,9
2052,16,23,75,13,-4.563833694281335,10
2053,44,12,84,7,-4.567287740540188,5
2054,9,37,2,20,-4.570200756721712,17
2055,48,15,17,8,-4.57243158960934,7
2056,86,22,6,12,-4.575443639694201,10
2057,20,17,17,9,-4.57611326270597,8
2058,15,10,86,5,-4.603054673648832,5
2059,107,42,86,24,-4.60515208171478,18
2060,65,74,93,42,-4.615421958229791,32
2061,39,12,84,6,-4.623193151581163,6
2062,104,23,16,13,-4.63379333705212,10
2063,107,26,18,16,-4.6400485949037265,10
2064,109,21,34,12,-4.650109244752197,9
2065,6,25,23,14,-4.658156288767909,11
2066,79,21,29,12,-4.677275321651237,9
2067,75,15,87,8,-4.687330225449579,7
2068,54,28,46,17,-4.696492010204566,11
2069,9,76,79,43,-4.699969329384482,33
2070,76,30,87,18,-4.7069876992431805,12
2071,93,19,109,11,-4.710552248323455,8
2072,65,24,89,13,-4.719339811655218,11
2073,9,16,11,9,-4.7299602330261905,7
2074,91,26,16,15,-4.734375942884079,11
2075,107,13,37,7,-4.741223447216742,6
2076,97,14,28,7,-4.749791544814041,7
2077,29,38,87,22,-4.756132257695764,16
2078,104,10,111,6,-4.78538385386756,4
2079,89,21,9,14,-4.786570717016552,7
2080,74,15,70,9,-4.788300486281874,6
2081,39,12,8,6,-4.79724581254077,6
2082,107,88,8,49,-4.800018264357139,39
2083,9,51,111,27,-4.814055936731913,24
2084,71,16,84,9,-4.814735695586892,7
2085,51,11,11,5,-4.8186420709930085,6
2086,18,60,28,34,-4.822072577769984,26
2087,79,33,30,20,-4.822554590596368,13
2088,76,44,88,24,-4.825020915480377,20
2089,80,12,74,6,-4.827940877053677,6
2090,109,11,89,6,-4.829014520032646,5
2091,28,64,107,35,-4.829045164178792,29
2092,63,11,96,6,-4.8562970062570905,5
2093,30,16,23,8,-4.860653795176971,8
2094,73,22,16,12,-4.863726239262454,10
2095,88,27,86,16,-4.870031949208747,11
2096,79,49,6,28,-4.8737468593544895,21
2097,9,27,62,16,-4.876428914210389,11
2098,62,14,17,8,-4.879527781166455,6
2099,26,29,74,16,-4.880620777148706,13
2100,10,32,98,18,-4.891232977697764,14
2101,48,16,11,9,-4.898330615406472,7
2102,6,41,54,26,-4.900522402213304,15
2103,9,111,65,63,-4.9218292445336305,48
2104,85,31,84,16,-4.922650840746781,15
2105,79,16,51,9,-4.9288428816688725,7
2106,103,11,46,6,-4.934914439873031,5
2107,20,37,111,20,-4.9479559141790075,17
2108,98,25,13,17,-4.949730268786989,8
2109,111,36,107,21,-4.95140635788508,15
2110,86,37,63,23,-4.951705107059466,14
2111,41,16,106,9,-4.960372389296861,7
2112,85,10,73,6,-4.960807319232127,4
2113,2,20,26,11,-4.96257712504536,9
2114,16,26,32,15,-4.9645961397192355,11
2115,59,10,10,5,-4.967497448599415,5
2116,20,10,89,6,-4.97640303815121,4
2117,79,56,87,30,-4.987297543247709,26
2118,63,13,108,8,-4.996425532523546,5
2119,73,16,79,9,-5.012547822539443,7
2120,43,13,111,7,-5.0327903736846205,6
2121,103,36,107,21,-5.041185354126945,15
2122,96,18,48,10,-5.0498349108444245,8
2123,63,17,39,10,-5.052516246166989,7
2124,41,16,59,9,-5.075333393683101,7
2125,86,23,23,13,-5.084567183733076,10
2126,84,25,29,14,-5.0940460573640145,11
2127,107,13,51,8,-5.098253134844291,5
2128,48,10,70,6,-5.103393723771427,4
2129,87,44,16,25,-5.11331830769021,19
2130,18,21,103,12,-5.117263308095348,9
2131,91,31,87,18,-5.12269354596261,13
2132,111,11,63,6,-5.123399041237538,5
2133,89,29,41,17,-5.128070897369619,12
2134,98,46,20,27,-5.132482663658025,19
2135,9,14,75,9,-5.136583522371566,5
2136,20,47,8,28,-5.13696712403145,19
2137,87,26,103,15,-5.13844337309213,11
2138,35,23,76,14,-5.157437071859384,9
2139,54,48,28,28,-5.158061629177753,20
2140,84,24,73,16,-5.172867570272622,8
2141,84,39,23,22,-5.174802875601986,17
2142,87,17,11,10,-5.176735910144515,7
2143,8,29,30,18,-5.181741196459271,11
2144,62,15,104,9,-5.186101581217904,6
2145,57,10,111,6,-5.186942618450885,4
2146,57,17,16,9,-5.19096526263807,8
2147,93,16,16,9,-5.217988854591054,7
2148,79,13,14,8,-5.225020209971016,5
2149,104,12,74,7,-5.250027134181312,5
2150,48,35,76,21,-5.2646391356693645,14
2151,85,15,63,8,-5.266282773446651,7
2152,54,37,88,21,-5.275598112427002,16
2153,1,11,34,8,-5.278477611880212,3
2154,79,85,8,45,-5.283730035811252,40
2155,103,30,17,18,-5.294404276815358,12
2156,23,11,104,6,-5.297019179014435,5
2157,59,10,107,6,-5.29773376248531,4
2158,17,15,90,8,-5.30502517490925,7
2159,9,29,13,18,-5.325424236776197,11
2160,20,33,93,17,-5.337773700734238,16
2161,71,11,54,7,-5.354693946074446,4
2162,66,11,65,6,-5.361243620827197,5
2163,6,13,89,8,-5.362805216014631,5
2164,48,39,6,22,-5.377342390796051,17
2165,73,23,74,13,-5.3812570551010666,10
2166,41,66,8,36,-5.383353261881381,30
2167,20,27,6,14,-5.391516301598387,13
2168,28,37,90,22,-5.407980269819981,15
2169,41,35,73,20,-5.413974250069213,15
2170,87,17,104,11,-5.418907024921249,6
2171,9,25,18,14,-5.420684705901656,11
2172,38,26,20,15,-5.422962328602488,11
2173,20,18,94,11,-5.424401699040208,7
2174,88,33,84,20,-5.450617130747439,13
2175,38,25,30,13,-5.45936332609693,12
2176,20,57,87,33,-5.476420779547767,24
2177,38,35,54,21,-5.478565045653858,14
2178,1,18,16,10,-5.509796251872346,8
2179,65,86,20,51,-5.530261655453969,35
2180,55,38,86,21,-5.532299525559407,17
2181,52,12,98,6,-5.535281825370717,6
2182,74,39,111,22,-5.5496610770339405,17
2183,48,20,18,12,-5.575542543556777,8
2184,55,24,103,14,-5.588813975862993,10
2185,14,15,87,9,-5.593452507313127,6
2186,18,24,16,15,-5.594394619068029,9
2187,51,14,9,8,-5.613148737525185,6
2188,44,11,20,7,-5.615461510594531,4
2189,29,22,26,14,-5.630548836449718,8
2190,29,21,54,14,-5.631822731261375,7
2191,61,10,6,6,-5.633845329548252,4
2192,9,40,55,25,-5.642120678966714,15
2193,9,45,41,28,-5.6439057397283525,17
2194,94,13,2,8,-5.647828404232287,5
2195,9,31,90,18,-5.6527794565334615,13
2196,6,26,103,16,-5.659939287843899,10
2197,91,29,111,16,-5.664784285354977,13
2198,37,13,50,7,-5.675193762840744,6
2199,9,13,43,7,-5.682535108763632,6
2200,37,28,54,18,-5.684646340178298,10
2201,8,83,55,51,-5.694219914275894,32
2202,48,11,14,8,-5.715763459513543,3
2203,9,39,107,20,-5.718733506965886,19
2204,91,11,5,5,-5.724427643442397,6
2205,55,14,26,8,-5.738748859328644,6
2206,91,13,46,8,-5.760150742291202,5
2207,9,24,49,15,-5.768934866939488,9
2208,54,18,32,11,-5.782610489553489,7
2209,86,14,5,8,-5.789814867253924,6
2210,73,14,26,7,-5.793757710550314,7
2211,94,12,8,7,-5.79404543544707,5
2212,76,22,91,13,-5.805724385018095,9
2213,84,17,89,11,-5.806364989397548,6
2214,112,19,54,11,-5.8108761897136185,8
2215,5,12,65,7,-5.815393542930937,5
2216,70,16,23,9,-5.8314302073461,7
2217,107,35,79,22,-5.831526430301823,13
2218,37,14,46,8,-5.834073346635607,6
2219,87,28,49,15,-5.837138934523044,13
2220,50,12,112,7,-5.843955029488771,5
2221,87,13,71,8,-5.846273433689453,5
2222,9,52,87,30,-5.867901198385371,22
2223,16,17,17,10,-5.868342075872026,7
2224,106,12,54,7,-5.869834053085394,5
2225,103,34,50,20,-5.870794196365225,14
2226,18,12,86,7,-5.898212622367464,5
2227,37,33,76,21,-5.909024236467577,12
2228,18,27,98,16,-5.93123934771538,11
2229,82,11,86,7,-5.945474489082358,4
2230,10,25,89,15,-5.961935346068012,10
2231,49,23,8,13,-5.962799116224744,10
2232,50,37,87,22,-5.978280802307981,15
2233,23,18,2,10,-5.985551573396107,8
2234,107,17,30,11,-5.992050362775076,6
2235,88,43,16,27,-5.998591353445385,16
2236,77,10,49,5,-6.002993751357126,5
2237,91,18,38,10,-6.003578716041363,8
2238,91,48,98,26,-6.010481139866049,22
2239,98,27,26,14,-6.028495429489334,13
2240,89,25,79,16,-6.066359313406789,9
2241,55,10,68,5,-6.108148221233886,5
2242,55,37,50,20,-6.121091716889197,17
2243,56,11,111,7,-6.133528731729063,4
2244,112,11,91,6,-6.133971209251461,5
2245,18,49,8,29,-6.162362513671736,20
2246,28,54,87,32,-6.169973287171114,22
2247,9,48,74,29,-6.185124533190222,19
2248,28,39,38,22,-6.189691767995496,17
2249,34,21,107,12,-6.211702849908707,9
2250,108,14,16,8,-6.212630572758722,6
2251,38,16,88,9,-6.235153732947734,7
2252,87,37,93,22,-6.245448358046409,15
2253,23,19,50,10,-6.246016408138442,9
2254,20,18,37,11,-6.246922639849087,7
2255,87,24,38,15,-6.25648981898309,9
2256,20,31,86,18,-6.26179960875203,13
2257,76,46,86,26,-6.272046774137338,20
2258,103,50,98,31,-6.27284658273317,19
2259,2,33,107,19,-6.279480132521572,14
2260,44,15,111,9,-6.2820016152004,6
2261,98,42,23,26,-6.2940458772191406,16
2262,37,10,19,5,-6.296943006151099,5
2263,2,51,16,30,-6.303412388206122,21
2264,75,15,2,9,-6.304051551682386,6
2265,54,19,62,12,-6.312055934230411,7
2266,9,13,106,8,-6.321323922487702,5
2267,111,30,2,18,-6.328590766591992,12
2268,104,13,90,7,-6.344098112647823,6
2269,28,10,31,6,-6.368565836830035,4
2270,88,22,103,14,-6.368772240906126,8
2271,111,37,16,20,-6.384907661220798,17
2272,65,15,1,9,-6.390639301594812,6
2273,28,14,12,9,-6.429365216940005,5
2274,49,16,30,9,-6.431109058286171,7
2275,8,10,112,6,-6.439047583949824,4
2276,109,34,8,20,-6.441539877112137,14
2277,54,34,55,22,-6.44530470292042,12
2278,9,101,8,58,-6.457930698678457,43
2279,86,16,32,9,-6.471177759830176,7
2280,20,20,106,10,-6.474134463348745,10
2281,8,35,32,20,-6.494741280760348,15
2282,9,36,73,21,-6.495953299248424,15
2283,28,34,103,20,-6.496510604338202,14
2284,18,25,87,16,-6.500921078177539,9
2285,70,14,103,7,-6.530155528635705,7
2286,57,18,23,10,-6.535348935161005,8
2287,70,18,79,9,-6.541994947083339,9
2288,54,11,14,7,-6.542365287655037,4
2289,41,54,28,30,-6.549671741224456,24
2290,68,25,8,14,-6.551836593531009,11
2291,48,55,8,33,-6.564485691807407,22
2292,8,41,37,24,-6.567307165665831,17
2293,6,19,30,13,-6.571810356539939,6
2294,65,21,70,13,-6.590792438337795,8
2295,48,21,51,14,-6.631548697206318,7
2296,16,21,90,12,-6.632184549525892,9
2297,17,14,91,8,-6.646960274535358,6
2298,79,27,34,15,-6.659864703175689,12
2299,16,71,8,44,-6.6676648116193675,27
2300,49,16,74,9,-6.6690338705923,7
2301,2,14,15,8,-6.68122325045803,6
2302,65,66,16,38,-6.684000677334938,28
2303,37,18,55,11,-6.702819421850531,7
2304,62,18,79,10,-6.706683341972167,8
2305,54,25,49,14,-6.709179862826327,11
2306,9,25,29,14,-6.70933512946719,11
2307,74,11,89,6,-6.714017548400364,5
2308,74,35,16,22,-6.725326314137961,13
2309,111,14,13,9,-6.729510456907126,5
2310,41,36,2,23,-6.7322250741813585,13
2311,11,18,106,12,-6.736736663767907,6
2312,41,42,111,24,-6.742879314894576,18
2313,103,14,13,8,-6.760515343548861,6
2314,28,39,76,23,-6.80499505832736,16
2315,6,21,88,13,-6.808639243885848,8
2316,84,31,70,18,-6.8146248507645035,13
2317,64,11,28,6,-6.82253762472366,5
2318,86,80,16,49,-6.828972768016331,31
2319,88,13,10,8,-6.861581534296264,5
2320,65,13,14,8,-6.864176953366238,5
2321,48,34,63,21,-6.871723075976834,13
2322,73,19,2,11,-6.88922048991821,8
2323,87,11,89,7,-6.89032748453306,4
2324,68,18,65,10,-6.895924597371667,8
2325,38,26,2,14,-6.8981735478681125,12
2326,85,22,28,13,-6.906329356345953,9
2327,34,12,106,7,-6.911634944562736,5
2328,74,12,57,8,-6.91760424242575,4
2329,76,15,30,10,-6.939385084561165,5
2330,68,10,73,6,-6.95394987102174,4
2331,28,40,91,25,-6.963487260821276,15
2332,32,27,65,16,-6.974213087892394,11
2333,107,13,80,9,-6.983241252080647,4
2334,101,11,79,6,-6.990861425930873,5
2335,8,18,46,11,-6.992942507225588,7
2336,6,19,90,11,-7.0034906221582,8
2337,34,29,84,19,-7.009777399581457,10
2338,91,26,103,13,-7.011657257024809,13
2339,65,18,34,10,-7.014904843879228,8
2340,93,48,8,30,-7.0175664395797135,18
2341,6,20,111,12,-7.01838566892247,8
2342,9,40,23,24,-7.023066131343451,16
2343,79,19,59,11,-7.0352036880537865,8
2344,11,20,98,12,-7.041751318141549,8
2345,2,19,90,11,-7.054899323538905,8
2346,34,24,98,16,-7.069151815365415,8
2347,13,10,10,5,-7.08154547770926,5
2348,35,13,8,7,-7.091208332013396,6
2349,89,16,16,10,-7.102664218068734,6
2350,103,20,29,12,-7.147753101442872,8
2351,32,16,103,10,-7.165401001930772,6
2352,6,11,5,7,-7.175117705775805,4
2353,28,31,104,20,-7.179478028958359,11
2354,65,55,74,34,-7.183532944298815,21
2355,76,42,84,23,-7.185450456544011,19
2356,10,12,57,7,-7.192682016161462,5
2357,34,13,111,7,-7.201437198359538,6
2358,6,29,55,20,-7.216182147698299,9
2359,88,29,9,18,-7.216345472997156,11
2360,76,19,10,11,-7.223608714939963,8
2361,8,41,23,25,-7.226225929875295,16
2362,50,18,91,12,-7.2418942506008674,6
2363,65,52,63,31,-7.2472092961796095,21
2364,103,46,41,31,-7.271605624921858,15
2365,73,10,30,6,-7.2752412959190496,4
2366,2,11,46,7,-7.277934272960428,4
2367,34,20,2,12,-7.293049000876174,8
2368,41,36,91,23,-7.3004596925352265,13
2369,10,21,54,13,-7.316914939103655,8
2370,103,16,10,9,-7.341759223830171,7
2371,112,11,98,6,-7.369695609954425,5
2372,88,24,37,15,-7.378135194639771,9
2373,8,12,94,7,-7.380839863701195,5
2374,49,13,41,9,-7.40613906742907,4
2375,75,13,41,7,-7.41688145074682,6
2376,46,20,111,12,-7.420011364572242,8
2377,63,14,5,8,-7.43334778268016,6
2378,65,71,111,40,-7.44315444932928,31
2379,48,54,84,32,-7.443290260907535,22
2380,85,10,70,6,-7.450454709233595,4
2381,28,11,19,7,-7.459905289768759,4
2382,91,37,74,22,-7.484617200527478,15
2383,54,37,93,25,-7.494158499009497,12
2384,87,19,43,12,-7.500187924124219,7
2385,79,39,20,24,-7.504407336196116,15
2386,2,17,37,10,-7.507204713409891,7
2387,54,28,103,16,-7.519450232339535,12
2388,50,24,111,15,-7.535055018669132,9
2389,107,37,91,24,-7.549017654774616,13
2390,84,33,93,21,-7.552169826266673,12
2391,8,47,26,27,-7.578026285413298,20
2392,79,23,17,14,-7.583686995894435,9
2393,84,18,18,11,-7.585204254692911,7
2394,41,45,87,26,-7.5997473042409585,19
2395,9,74,16,48,-7.600656282878167,26
2396,51,12,2,7,-7.607189009680265,5
2397,28,40,6,25,-7.6079577597869825,15
2398,76,21,55,12,-7.629988062190021,9
2399,34,16,87,10,-7.640142491832505,6
2400,74,20,10,13,-7.659112863437717,7
2401,20,19,50,11,-7.663029216139786,8
2402,84,11,3,6,-7.689057478118832,5
2403,30,10,71,6,-7.697965933449675,4
2404,91,27,6,16,-7.70314800639372,11
2405,59,11,23,7,-7.703199044299859,4
2406,85,14,111,9,-7.729378570457982,5
2407,70,19,30,12,-7.7397561091831335,7
2408,74,19,17,11,-7.746897696537681,8
2409,109,15,103,10,-7.74806703390503,5
2410,86,23,41,14,-7.748601702775839,9
2411,20,18,34,12,-7.756275191340679,6
2412,109,13,29,8,-7.7648215544268036,5
2413,96,18,16,12,-7.77066275991908,6
2414,87,12,68,7,-7.779357536999484,5
2415,57,19,88,11,-7.788961359506542,8
2416,6,10,85,6,-7.79018357043316,4
2417,37,25,23,16,-7.796154991839219,9
2418,13,14,103,8,-7.8059250836921015,6
2419,54,35,48,23,-7.808937415122732,12
2420,86,21,38,14,-7.843933921356487,7
2421,38,36,8,23,-7.848513446954377,13
2422,28,17,75,10,-7.8516397601466075,7
2423,49,18,20,11,-7.854535242795636,7
2424,9,49,54,30,-7.862767512170962,19
2425,12,11,74,6,-7.881335923893619,5
2426,9,30,109,18,-7.889736540676633,12
2427,55,16,1,10,-7.891183630792001,6
2428,88,27,74,18,-7.895683127849934,9
2429,107,15,85,11,-7.921459101580465,4
2430,23,20,20,13,-7.928231485838512,7
2431,29,13,10,8,-7.953877306686606,5
2432,86,27,111,16,-7.962255850113394,11
2433,37,12,109,7,-7.972273664149992,5
2434,34,16,41,9,-7.985588983079854,7
2435,46,12,29,8,-7.990068011062898,4
2436,28,11,110,6,-7.99182567988978,5
2437,74,30,93,20,-8.013535302510729,10
2438,84,21,17,13,-8.038508912961888,8
2439,74,11,13,7,-8.04867506694036,4
2440,2,36,84,22,-8.052052669667614,14
2441,8,22,13,14,-8.054761378395103,8
2442,75,14,93,8,-8.060889694277074,6
2443,13,12,6,7,-8.074590184679874,5
2444,10,15,30,10,-8.08039942607508,5
2445,9,14,19,8,-8.117304295019109,6
2446,109,15,106,9,-8.139667003965808,6
2447,76,37,98,23,-8.140203678364204,14
2448,109,18,107,11,-8.141176766481436,7
2449,51,24,87,14,-8.200429685364442,10
2450,46,10,85,7,-8.219708905443785,3
2451,16,10,26,6,-8.231874067384071,4
2452,17,14,111,8,-8.239799794462428,6
2453,76,22,70,14,-8.265440024589829,8
2454,8,30,17,19,-8.267140148743708,11
2455,20,55,107,32,-8.274670394546817,23
2456,58,12,65,6,-8.279172093518044,6
2457,41,18,76,11,-8.284971187696902,7
2458,59,17,9,11,-8.305936798720639,6
2459,20,11,35,7,-8.313016014822015,4
2460,2,12,13,8,-8.314885443127363,4
2461,48,23,90,14,-8.31912615081839,9
2462,9,39,20,26,-8.396666554749327,13
2463,89,11,90,7,-8.396796914570167,4
2464,88,18,106,12,-8.397970188956425,6
2465,84,13,104,8,-8.407689964583597,5
2466,10,21,73,14,-8.419335562342074,7
2467,84,69,16,42,-8.425985401928449,27
2468,48,19,2,11,-8.431429514676985,8
2469,1,21,98,14,-8.436557583367687,7
2470,6,26,74,17,-8.451739694728484,9
2471,56,13,8,9,-8.47665012859135,4
2472,98,30,49,18,-8.481939269224359,12
2473,48,36,65,23,-8.49186888095318,13
2474,68,19,20,11,-8.49950046367544,8
2475,34,26,8,17,-8.500284414546929,9
2476,73,19,50,11,-8.522877695723372,8
2477,103,24,26,14,-8.523036763842914,10
2478,29,24,74,14,-8.52989883395505,10
2479,9,25,32,16,-8.53109215537152,9
2480,109,29,20,20,-8.560904924714205,9
2481,10,18,93,12,-8.563863748489084,6
2482,2,12,58,8,-8.58540368974784,4
2483,103,43,8,29,-8.587937533895715,14
2484,107,22,29,15,-8.613463392470168,7
2485,66,14,84,9,-8.616861190106436,5
2486,48,12,109,8,-8.619529044150653,4
2487,76,16,104,10,-8.627302198470357,6
2488,76,57,8,36,-8.67576878999055,21
2489,46,11,16,7,-8.68716865467983,4
2490,9,37,91,23,-8.696151818842894,14
2491,28,32,10,22,-8.715902495214786,10
2492,70,12,46,7,-8.727825555883067,5
2493,63,10,41,7,-8.728275875066831,3
2494,28,28,13,19,-8.729974682788013,9
2495,20,35,55,21,-8.738108987978196,14
2496,37,24,30,16,-8.742074606758964,8
2497,76,38,74,24,-8.745244698836945,14
2498,38,15,32,10,-8.75452405688887,5
2499,89,28,28,17,-8.778229865251367,11
2500,20,53,41,35,-8.79255140026366,18
2501,80,16,54,10,-8.79690648448589,6
2502,65,11,11,6,-8.80291425134563,5
2503,93,24,23,14,-8.804783518097919,10
2504,76,10,29,7,-8.806443209825622,3
2505,79,26,32,17,-8.859137187931584,9
2506,111,11,1,6,-8.869705750936069,5
2507,94,17,98,11,-8.877059957058028,6
2508,13,16,49,9,-8.888211504289162,7
2509,39,11,86,6,-8.910603166031022,5
2510,28,28,63,18,-8.916039326351278,10
2511,11,21,55,14,-8.922205824357368,7
2512,6,28,16,17,-8.933535995129278,11
2513,110,20,107,12,-8.933567921834605,8
2514,111,18,48,12,-8.93792122942067,6
2515,48,16,34,10,-8.966500225758807,6
2516,18,19,74,12,-8.971261505798399,7
2517,86,23,11,13,-9.00110623960404,10
2518,85,17,20,11,-9.004630773775084,6
2519,41,15,37,9,-9.045546503277958,6
2520,94,17,9,10,-9.046651199834555,7
2521,16,12,15,8,-9.05960662342551,4
2522,32,12,26,7,-9.09769401619869,5
2523,112,23,6,14,-9.097888193162195,9
2524,57,11,2,6,-9.107338089684553,5
2525,94,14,28,9,-9.114148559760048,5
2526,65,46,2,31,-9.127233696328608,15
2527,41,16,90,10,-9.176957924654713,6
2528,43,24,8,15,-9.183295995535126,9
2529,51,12,63,7,-9.225277491215897,5
2530,107,15,46,11,-9.229701935273749,4
2531,54,46,111,29,-9.235401744617302,17
2532,62,21,84,13,-9.235845718439357,8
2533,79,25,18,15,-9.249685178872355,10
2534,50,14,43,9,-9.27474781724881,5
2535,38,11,34,7,-9.304419549994037,4
2536,108,11,86,7,-9.320443832368007,4
2537,7,12,107,8,-9.343569897698087,4
2538,90,15,55,10,-9.35135918812427,5
2539,8,14,59,9,-9.376826871718674,5
2540,73,20,86,13,-9.377152492619757,7
2541,30,22,55,13,-9.385734127086305,9
2542,86,42,37,26,-9.397445130908768,16
2543,44,38,6,23,-9.426841332729712,15
2544,6,30,107,19,-9.435708851310011,11
2545,87,27,30,18,-9.441306317195094,9
2546,86,19,64,12,-9.463737237263311,7
2547,58,11,6,7,-9.489496457414932,4
2548,86,11,13,7,-9.494734946605222,4
2549,86,11,34,7,-9.50079228196719,4
2550,76,23,15,15,-9.503739473265108,8
2551,28,47,93,30,-9.52165124611565,17
2552,79,38,26,23,-9.536350432091197,15
2553,15,18,98,11,-9.562063446027425,7
2554,87,52,55,34,-9.570647582408675,18
2555,65,21,60,13,-9.571951123571171,8
2556,85,25,16,16,-9.572199671326333,9
2557,9,80,28,49,-9.574958318052508,31
2558,89,22,23,14,-9.576875474490599,8
2559,65,60,98,39,-9.578885579734806,21
2560,62,20,41,13,-9.588548331059112,7
2561,91,11,112,7,-9.589326756813396,4
2562,41,27,55,16,-9.622531787318458,11
2563,62,26,98,16,-9.641858129313675,10
2564,112,23,20,15,-9.650609897921214,8
2565,86,21,10,14,-9.65589885739765,7
2566,68,16,98,12,-9.657676259709891,4
2567,91,27,2,16,-9.694693742662338,11
2568,103,36,111,23,-9.751404731703087,13
2569,91,17,93,11,-9.794639196057782,6
2570,48,25,50,16,-9.79758412391437,9
2571,51,20,54,12,-9.801036066415065,8
2572,80,11,84,7,-9.807434273803766,4
2573,76,25,54,15,-9.82196620742167,10
2574,96,15,65,9,-9.851177535683915,6
2575,13,19,84,11,-9.87853003147809,8
2576,65,31,26,19,-9.884073914474246,12
2577,30,14,88,8,-9.922637542624901,6
2578,17,13,87,8,-9.92299839057508,5
2579,91,14,90,8,-9.92521884050834,6
2580,75,10,103,6,-9.92764617859353,4
2581,70,11,93,7,-9.928875321549777,4
2582,18,14,55,9,-9.949790942140542,5
2583,32,30,111,18,-9.962416908002066,12
2584,38,24,111,15,-9.966212518632437,9
2585,34,17,76,11,-9.994247540573088,6
2586,38,33,29,22,-10.021162687074472,11
2587,29,22,30,13,-10.027782596030615,9
2588,34,14,37,9,-10.040882054419711,5
2589,97,12,9,7,-10.043091409865225,5
2590,30,10,13,7,-10.045810992896937,3
2591,8,18,1,11,-10.088467371686841,7
2592,10,30,84,19,-10.110326059838856,11
2593,106,26,79,16,-10.117740105038752,10
2594,74,29,103,20,-10.120878103689181,9
2595,109,19,55,13,-10.125299163294448,6
2596,62,13,30,8,-10.146431281762988,5
2597,65,23,110,15,-10.151511833678441,8
2598,75,12,48,9,-10.185338411509974,3
2599,38,10,60,6,-10.186949801542625,4
2600,88,39,98,27,-10.20944563301872,12
2601,20,12,52,8,-10.212471754033883,4
2602,6,16,26,11,-10.241752287967037,5
2603,9,29,17,19,-10.257069894218064,10
2604,71,10,88,7,-10.263450457417434,3
2605,87,10,39,6,-10.267299551613329,4
2606,91,17,55,12,-10.270858068285028,5
2607,65,23,49,14,-10.272552098818878,9
2608,106,12,6,7,-10.289436711507506,5
2609,20,16,80,10,-10.304821992178509,6
2610,5,10,104,7,-10.305151002741349,3
2611,79,24,13,17,-10.309807701260615,7
2612,96,10,50,6,-10.316111742160953,4
2613,9,23,34,14,-10.326274877348238,9
2614,84,12,64,7,-10.335929294846645,5
2615,79,27,63,18,-10.37770241869829,9
2616,75,10,98,7,-10.422827528026357,3
2617,76,21,46,15,-10.423738421119205,6
2618,51,14,18,9,-10.42518053681612,5
2619,93,12,90,7,-10.444030736195835,5
2620,66,12,79,9,-10.448674909094285,3
2621,76,10,96,7,-10.473454930849595,3
2622,85,13,88,9,-10.474485947559346,4
2623,88,16,70,11,-10.48096596860686,5
2624,8,17,110,12,-10.493443474648162,5
2625,86,37,2,25,-10.539313011081308,12
2626,50,14,90,9,-10.544137931863862,5
2627,32,12,6,8,-10.5718983874489,4
2628,104,10,49,7,-10.571918118353274,3
2629,41,39,54,26,-10.593430312504074,13
2630,5,17,87,11,-10.594673728658039,6
2631,101,10,65,6,-10.616476001261296,4
2632,58,13,38,9,-10.642287291889899,4
2633,11,13,39,10,-10.646218716239577,3
2634,107,10,17,7,-10.673903001060172,3
2635,91,22,63,14,-10.682993055551979,8
2636,103,50,65,34,-10.69843242130798,16
2637,85,10,91,5,-10.702453755941068,5
2638,88,16,73,11,-10.709173893318198,5
2639,18,14,23,10,-10.769319649937687,4
2640,23,21,90,14,-10.771826558425428,7
2641,63,11,93,7,-10.80270098596215,4
2642,38,13,48,9,-10.806930719021558,4
2643,41,48,98,30,-10.835326353590224,18
2644,107,19,43,13,-10.867172126163055,6
2645,86,18,49,10,-10.913471544367308,8
2646,20,38,26,25,-10.94603615247926,13
2647,43,10,30,7,-10.958461383133036,3
2648,107,15,13,11,-10.965897709014325,4
2649,18,11,46,8,-10.999817101952488,3
2650,63,10,18,6,-11.002328341283704,4
2651,6,14,38,10,-11.005398790381081,4
2652,54,33,63,21,-11.018616590157572,12
2653,110,12,98,8,-11.026999619900332,4
2654,85,12,10,7,-11.037949468704035,5
2655,50,15,10,10,-11.061080668679153,5
2656,35,18,48,12,-11.064814060189882,6
2657,6,30,87,20,-11.079517220381964,10
2658,2,12,63,8,-11.123429561783263,4
2659,37,19,93,13,-11.13537305772806,6
2660,89,15,8,10,-11.136544141609958,5
2661,20,23,16,14,-11.160395063605563,9
2662,23,17,17,12,-11.173746527216174,5
2663,44,18,65,11,-11.219859746185271,7
2664,2,11,97,7,-11.226466198459859,4
2665,48,17,93,12,-11.235463842161247,5
2666,109,24,38,16,-11.246292341387843,8
2667,2,10,39,6,-11.302944205280658,4
2668,80,16,28,10,-11.308008582322735,6
2669,50,25,65,17,-11.312654764635129,8
2670,103,22,2,16,-11.358008021341288,6
2671,48,17,20,12,-11.362684990472752,5
2672,85,15,30,10,-11.375876505138455,5
2673,20,13,46,7,-11.398397116124533,6
2674,17,11,29,8,-11.408647611784017,3
2675,41,20,17,15,-11.462467383182341,5
2676,56,11,87,8,-11.464595779861154,3
2677,28,17,43,12,-11.503038032270851,5
2678,70,28,16,20,-11.54427586863591,8
2679,3,11,74,7,-11.558342441965504,4
2680,102,16,65,10,-11.565057266886953,6
2681,13,18,16,12,-11.568229122492735,6
2682,18,16,65,11,-11.593628436717696,5
2683,103,26,30,18,-11.594512781464298,8
2684,85,10,93,7,-11.596564222959241,3
2685,86,22,70,14,-11.622158138069938,8
2686,88,15,32,11,-11.622595612385652,4
2687,55,18,10,11,-11.634204977110194,7
2688,93,13,73,9,-11.6698926319616,4
2689,1,15,93,11,-11.687642643688712,4
2690,9,23,46,14,-11.712540493367957,9
2691,20,13,18,8,-11.715025972179685,5
2692,62,13,70,8,-11.719880801732709,5
2693,16,21,30,15,-11.724979412879154,6
2694,38,11,80,8,-11.727896658420697,3
2695,76,11,11,7,-11.750022140716602,4
2696,79,10,15,7,-11.756403792330063,3
2697,98,18,104,11,-11.758094591275455,7
2698,106,18,84,11,-11.759279094165112,7
2699,46,14,26,9,-11.785571142877396,5
2700,50,13,110,9,-11.789801735998642,4
2701,103,29,93,19,-11.801085216233043,10
2702,2,25,55,16,-11.807932628931717,9
2703,109,14,50,9,-11.809368464557789,5
2704,9,11,58,8,-11.82226661915616,3
2705,62,15,23,11,-11.828374088275872,4
2706,37,17,85,13,-11.836833776252561,4
2707,108,10,55,7,-11.84620249489241,3
2708,17,26,28,18,-11.85039633513082,8
2709,109,14,43,9,-11.866460109925436,5
2710,87,44,26,29,-11.871386146117102,15
2711,1,11,9,7,-11.88637849875501,4
2712,17,13,18,8,-11.905263091036245,5
2713,104,16,54,11,-11.957642578801543,5
2714,74,18,34,12,-11.991284031865538,6
2715,9,19,63,12,-11.997572673730792,7
2716,62,28,107,18,-12.009467725805584,10
2717,70,11,29,8,-12.030336124564109,3
2718,30,15,93,10,-12.041707290163442,5
2719,19,12,103,8,-12.064157815204576,4
2720,6,18,18,12,-12.078104024118801,6
2721,112,11,79,8,-12.089617166544242,3
2722,103,11,58,8,-12.093407699535737,3
2723,18,12,91,8,-12.136074421735435,4
2724,98,45,55,32,-12.146066080535462,13
2725,41,20,93,15,-12.152619394683914,5
2726,109,11,10,7,-12.166039484484626,4
2727,2,15,18,10,-12.18264280532671,5
2728,54,16,11,11,-12.197817241087677,5
2729,50,11,80,9,-12.22528715047203,2
2730,41,24,32,15,-12.295470101415006,9
2731,74,10,51,7,-12.299925807232606,3
2732,75,19,55,13,-12.314118807999945,6
2733,26,12,93,8,-12.342400061412198,4
2734,50,20,93,13,-12.385609627032686,7
2735,57,24,8,16,-12.404593522046598,8
2736,62,22,93,15,-12.439036445917942,7
2737,28,11,15,8,-12.485406174562149,3
2738,84,14,15,10,-12.488568021465507,4
2739,48,12,104,9,-12.498145078794368,3
2740,26,16,23,11,-12.527854298941746,5
2741,5,14,37,10,-12.535664321031334,4
2742,109,13,63,10,-12.56236359122035,3
2743,66,15,8,11,-12.57730249455607,4
2744,71,14,98,10,-12.599763195527046,4
2745,98,25,32,17,-12.60897292614075,8
2746,20,27,29,18,-12.614337606616099,9
2747,8,12,3,9,-12.625631089351694,3
2748,50,19,32,12,-12.634950501359127,7
2749,103,33,20,24,-12.666531668869954,9
2750,66,13,107,9,-12.675436620401038,4
2751,70,18,107,12,-12.682033904752588,6
2752,97,11,87,6,-12.69108979690934,5
2753,54,12,39,8,-12.719289008108058,4
2754,75,10,17,7,-12.759002952989487,3
2755,111,21,73,14,-12.761253099258202,7
2756,9,38,93,27,-12.813603627591082,11
2757,109,28,54,19,-12.824426413749991,9
2758,17,14,86,10,-12.845058614378045,4
2759,62,24,55,16,-12.942821418799412,8
2760,43,18,55,12,-13.012921035450152,6
2761,109,16,91,11,-13.072553258007293,5
2762,52,12,86,9,-13.150274929933458,3
2763,41,30,107,19,-13.154593566297324,11
2764,109,20,74,13,-13.156020067724324,7
2765,103,11,43,7,-13.18571482888933,4
2766,89,10,58,7,-13.242354787086834,3
2767,73,12,89,8,-13.292782754035754,4
2768,90,12,73,9,-13.337519609995004,3
2769,48,27,74,17,-13.450895577876453,10
2770,73,15,13,10,-13.471561712276635,5
2771,37,20,111,13,-13.57504840749371,7
2772,9,25,30,18,-13.586761149710135,7
2773,43,17,26,13,-13.59933768355571,4
2774,109,25,26,18,-13.611213218982535,7
2775,68,13,50,10,-13.666588424464432,3
2776,13,10,37,7,-13.71058873552403,3
2777,109,12,88,9,-13.730907256228043,3
2778,73,16,38,10,-13.771113964229546,6
2779,8,12,77,9,-13.772928583045534,3
2780,43,14,93,10,-13.775006273083642,4
2781,50,11,26,8,-13.83833866908602,3
2782,107,15,1,10,-13.885962760347939,5
2783,109,12,70,9,-13.902253335630233,3
2784,54,27,30,19,-13.923397923845725,8
2785,76,20,63,16,-13.935325978058145,4
2786,50,18,30,12,-13.946822796904751,6
2787,107,35,26,27,-13.95146533006327,8
2788,46,13,11,8,-13.97192512402867,5
2789,71,21,8,14,-14.080710619469802,7
2790,87,24,106,18,-14.142460326987873,6
2791,112,15,28,10,-14.162036513146953,5
2792,9,21,57,16,-14.205802139668362,5
2793,3,10,28,7,-14.224615619881277,3
2794,8,10,60,7,-14.262033464961128,3
2795,70,12,90,9,-14.290264472561063,3
2796,80,10,55,7,-14.33309852037076,3
2797,88,12,26,8,-14.385453144142543,4
2798,109,23,32,16,-14.41108162475205,7
2799,38,24,74,16,-14.422741656064813,8
2800,65,26,30,19,-14.563622151554522,7
2801,109,17,86,12,-14.602063081104589,5
2802,107,18,32,14,-14.610219857623699,4
2803,13,14,88,8,-14.636848081546901,6
2804,59,14,65,9,-14.654063925888893,5
2805,62,11,49,7,-14.691411076024673,4
2806,17,11,93,8,-14.792328082005685,3
2807,88,19,90,13,-14.848820731417785,6
2808,41,13,13,9,-14.878152444409187,4
2809,38,27,55,19,-14.933283660059052,8
2810,38,26,93,18,-14.945048831229197,8
2811,40,14,84,9,-15.139436492633186,5
2812,37,16,57,12,-15.146716279138674,4
2813,18,11,90,8,-15.206260273523743,3
2814,28,26,26,19,-15.211295764909368,7
2815,20,20,62,15,-15.291234725709051,5
2816,6,31,2,22,-15.303923962237263,9
2817,70,17,63,12,-15.423330820666749,5
2818,23,26,10,18,-15.516530866155287,8
2819,106,18,16,13,-15.530666511008812,5
2820,59,10,16,6,-15.561569445873218,4
2821,96,10,46,8,-15.625366213424993,2
2822,71,15,62,13,-15.665087208322287,2
2823,73,12,29,9,-15.669782329836792,3
2824,38,15,17,11,-15.678044683298898,4
2825,79,15,46,10,-15.695062063539162,5
2826,51,13,34,10,-15.73874854629926,3
2827,85,10,26,7,-15.738951593013217,3
2828,50,12,104,9,-15.773911417272641,3
2829,62,31,111,23,-15.780695907166118,8
2830,66,14,6,11,-15.817538028688281,3
2831,76,21,2,15,-15.887194817597921,6
2832,63,17,37,12,-15.955493748739714,5
2833,66,12,28,8,-16.011877124422657,4
2834,37,14,17,9,-16.224073122382876,5
2835,85,14,87,11,-16.255207936397188,3
2836,103,11,59,8,-16.266656443008642,3
2837,109,38,28,28,-16.274626784979056,10
2838,103,13,62,9,-16.299156500586875,4
2839,96,10,49,7,-16.466804604951104,3
2840,106,10,111,8,-16.614986015463362,2
2841,55,13,39,9,-16.616243530697464,4
2842,69,13,26,10,-16.625965123271836,3
2843,71,12,28,10,-16.63851586652194,2
2844,9,13,5,10,-16.7060467975664,3
2845,107,10,39,7,-16.814267471511418,3
2846,20,20,63,15,-16.834864129500016,5
2847,110,15,74,11,-16.836715903263343,4
2848,23,15,73,11,-16.845082586610527,4
2849,109,32,41,27,-16.8745865282688,5
2850,15,12,38,9,-16.880495720481193,3
2851,76,15,57,11,-16.896472051992507,4
2852,54,13,26,8,-16.93978716229654,5
2853,109,17,73,13,-17.085641782719854,4
2854,73,12,48,9,-17.09396402486424,3
2855,48,11,106,9,-17.19233016351013,2
2856,50,16,62,12,-17.235813943056094,4
2857,28,10,39,8,-17.27449614311299,2
2858,75,18,88,14,-17.35292818957554,4
2859,89,10,37,8,-17.418835616565143,2
2860,49,19,88,15,-17.53203455274144,4
2861,110,10,41,9,-17.607251464829996,1
2862,63,10,11,7,-17.63634503388182,3
2863,109,33,87,25,-17.707668471693257,8
2864,9,11,64,8,-17.70787325437998,3
2865,41,12,69,9,-17.91540399207371,3
2866,73,12,107,9,-18.009767759901283,3
2867,10,15,38,12,-18.015221595889397,3
2868,63,10,62,8,-18.031802170985944,2
2869,112,10,49,8,-18.032245939699454,2
2870,76,12,93,9,-18.082770445937008,3
2871,87,13,58,11,-18.244104920146572,2
2872,46,11,50,9,-18.38039249684114,2
2873,7,13,79,10,-18.40480150019194,3
2874,91,15,34,11,-18.43501821510385,4
2875,6,15,109,11,-18.568483421277442,4
2876,46,23,87,17,-18.574288844868004,6
2877,38,24,26,18,-18.614524044017738,6
2878,85,14,55,10,-18.845042881625936,4
2879,107,10,57,7,-18.898942791962412,3
2880,28,20,57,16,-18.9179767971545,4
2881,16,17,49,13,-19.10499490357724,4
2882,1,20,10,16,-19.11679590899215,4
2883,50,15,106,12,-19.19241412512064,3
2884,107,12,106,10,-19.319610416810274,2
2885,12,11,6,7,-19.32835940292554,4
2886,38,14,43,10,-19.328461951187712,4
2887,10,19,20,15,-19.474906343573682,4
2888,109,17,111,13,-19.61874690588408,4
2889,30,12,46,9,-19.658771905767804,3
2890,10,13,41,11,-19.737157878272868,2
2891,103,10,34,9,-19.87880862427678,1
2892,98,12,51,9,-20.0679948728163,3
2893,37,12,18,10,-20.1495733097828,2
2894,109,12,110,10,-20.16933250309851,2
2895,10,10,17,8,-20.222695302818984,2
2896,29,13,110,11,-20.526658436069187,2
2897,104,10,37,8,-20.681486856575923,2
2898,52,14,28,12,-21.054527541956734,2
2899,44,11,17,9,-22.072912946241182,2
2900,70,26,111,20,-22.2756769679701,6
2901,94,10,84,9,-22.762013140609877,1
2902,10,10,26,8,-22.77202326046866,2
2903,41,13,57,11,-23.156162131875274,2
2904,13,10,44,8,-23.349797487914284,2
2905,96,10,11,8,-23.398905297150783,2
2906,97,10,65,7,-23.53209680517744,3
2907,89,12,55,10,-23.859507970316177,2
2908,86,15,103,13,-23.967936503754764,2
2909,76,14,90,10,-23.99660276951992,4
2910,10,11,63,9,-24.09658997724639,2
2911,112,11,74,9,-24.423385588541223,2
2912,49,11,26,8,-26.831812890773925,3
2913,43,10,91,10,-27.34458455824453,0
2914,107,13,19,12,-27.41264068531893,1
2915,65,11,64,9,-27.72714931249874,2
