,againstHero,games,hero,losses,shift,wins
0,53,10,69,1,30.064890789218595,9
1,3,10,39,0,28.725074023896866,10
2,48,10,35,1,25.155197930838906,9
3,40,12,71,1,24.609194120938014,11
4,75,14,77,2,24.219783572291735,12
5,44,10,55,2,23.361076236430034,8
6,10,10,28,1,23.03135332069283,9
7,14,12,55,1,22.798222840334336,11
8,27,16,9,4,22.635254829125348,12
9,2,13,51,3,22.46077922587735,10
10,34,11,51,2,22.213174768846972,9
11,86,12,52,2,21.816288972743816,10
12,55,10,43,1,21.47756068248007,9
13,3,10,60,2,21.47258720408984,8
14,23,10,17,2,21.215760860674095,8
15,57,11,13,3,20.619945240208803,8
16,15,17,39,3,20.551749892480256,14
17,4,10,54,1,20.381350839445236,9
18,38,13,97,2,20.20683871919733,11
19,55,16,33,3,20.174007528343807,13
20,107,10,66,2,20.152222817707916,8
21,111,11,75,3,20.02641187481709,8
22,75,11,80,2,19.954444599946257,9
23,73,10,97,3,19.917942506389725,7
24,100,11,68,3,19.8188818695358,8
25,98,10,75,2,19.778570250677795,8
26,95,12,32,2,19.760326388824463,10
27,60,19,50,5,19.630215079430332,14
28,43,11,86,2,19.322115285149483,9
29,99,14,18,3,19.290873438644514,11
30,41,10,71,2,19.20340034712785,8
31,48,12,5,2,19.15405252867682,10
32,77,14,50,2,18.9601043763584,12
33,2,10,11,2,18.923084797888755,8
34,50,11,68,3,18.913898048545974,8
35,90,15,51,2,18.880140990693622,13
36,90,26,28,5,18.776580206085537,21
37,100,18,65,3,18.769472543328472,15
38,44,10,5,2,18.758661413857347,8
39,98,10,46,3,18.66966202924449,7
40,104,14,91,1,18.594531048374897,13
41,5,10,18,2,18.464269170029823,8
42,95,11,71,4,18.431935931016156,7
43,34,10,16,2,18.399414208084664,8
44,100,13,39,3,18.341842925227056,10
45,78,11,51,3,18.320302305471294,8
46,95,24,51,5,18.30226642244668,19
47,15,10,9,3,18.100101789284025,7
48,26,11,86,2,18.01144379039894,9
49,9,11,71,3,17.953103650892942,8
50,16,14,77,3,17.677083033460956,11
51,86,11,103,3,17.58257489935951,8
52,16,10,67,2,17.493350405648194,8
53,13,17,83,4,17.49250492705119,13
54,64,10,106,2,17.4007620109384,8
55,34,11,87,3,17.338115350277818,8
56,35,10,106,3,17.319051156851785,7
57,63,12,35,3,17.190706154289504,9
58,30,13,77,3,17.18336585400938,10
59,27,21,5,6,17.02393852387809,15
60,53,10,46,3,17.023590244335466,7
61,34,12,8,3,16.979471141980934,9
62,64,14,31,3,16.959426700731804,11
63,87,11,81,4,16.92744969318295,7
64,63,15,36,4,16.85572815142421,11
65,40,12,17,2,16.84478158480246,10
66,95,14,30,4,16.836817117204568,10
67,30,17,5,3,16.83586234693501,14
68,71,12,54,3,16.694318491220844,9
69,80,11,39,3,16.65802311754291,8
70,37,13,60,4,16.65752424604732,9
71,30,11,64,2,16.635880746822128,9
72,30,10,69,3,16.566230093937392,7
73,64,10,8,2,16.564735872759318,8
74,11,25,25,5,16.429746187224733,20
75,61,11,68,3,16.30922913315832,8
76,32,13,88,4,16.30207764263433,9
77,36,10,35,2,16.292500824895026,8
78,73,10,16,3,16.163676933136152,7
79,28,15,112,4,16.11349662694645,11
80,7,23,77,6,16.022128463052777,17
81,95,21,11,5,16.006249051562754,16
82,23,13,18,4,15.879451530655546,9
83,80,17,50,3,15.873366771105445,14
84,67,14,106,4,15.86890640221611,10
85,88,13,29,4,15.850906570917441,9
86,99,18,39,4,15.84878961626863,14
87,114,24,109,5,15.817688091898857,19
88,51,12,10,3,15.80005277360078,9
89,48,10,70,3,15.796496446665468,7
90,14,12,63,4,15.759973477645744,8
91,34,10,17,2,15.75126461275924,8
92,75,10,69,3,15.736017592704757,7
93,93,16,96,4,15.733194627661211,12
94,80,12,35,3,15.72406211872363,9
95,23,16,5,4,15.598001372374195,12
96,99,15,28,4,15.590204088651856,11
97,53,13,50,4,15.569994252406994,9
98,104,18,2,6,15.503443707499333,12
99,1,10,104,3,15.49273511650189,7
100,90,12,97,4,15.449883037579115,8
101,49,14,25,4,15.43786379260084,10
102,8,12,1,3,15.417408715441647,9
103,34,16,28,4,15.364383659890448,12
104,7,11,99,3,15.3158743249674,8
105,8,17,40,4,15.30500620212985,13
106,67,11,97,2,15.281658756670776,9
107,114,16,83,4,15.254612667104073,12
108,69,15,106,4,15.191414949774641,11
109,8,13,36,4,15.167980745967318,9
110,36,18,41,6,15.164109198241146,12
111,89,12,107,3,15.163906699283089,9
112,80,11,70,2,15.1572772977841,9
113,48,12,9,3,15.097519161061681,9
114,91,12,96,3,15.083901067533665,9
115,36,12,25,4,15.035979207592742,8
116,25,18,99,5,15.014737107768298,13
117,47,17,60,5,14.95931410960329,12
118,15,16,18,4,14.896458059338457,12
119,36,13,47,3,14.817766140993227,10
120,32,14,106,3,14.741977351969275,11
121,104,12,38,4,14.740438732077877,8
122,109,12,39,2,14.675982860996214,10
123,57,23,107,7,14.628863082826491,16
124,16,18,1,4,14.609769703066345,14
125,114,28,106,8,14.581763893478067,20
126,50,12,99,4,14.581629542155014,8
127,37,12,77,4,14.55993313549925,8
128,27,10,35,3,14.547141678753416,7
129,16,14,32,4,14.542782322425316,10
130,48,24,54,7,14.535603927866184,17
131,73,12,37,4,14.533349572792922,8
132,36,10,50,4,14.524740560630493,6
133,13,11,2,3,14.516038794033767,8
134,13,34,31,10,14.497668697629686,24
135,73,10,2,3,14.457830254043136,7
136,100,20,54,6,14.454126910452931,14
137,89,10,74,3,14.4466828072844,7
138,44,10,7,3,14.384332702336476,7
139,40,10,83,2,14.347262135245902,8
140,46,11,102,3,14.30749471315205,8
141,34,12,37,3,14.30057126443514,9
142,30,11,11,3,14.29951613613078,8
143,14,10,97,2,14.259112129654318,8
144,16,24,31,8,14.234057773272776,16
145,92,12,39,4,14.220068086204256,8
146,100,11,60,3,14.174527803441698,8
147,74,20,60,7,14.155436372823559,13
148,90,16,104,5,14.144947006647104,11
149,31,11,58,4,14.140427649264893,7
150,54,10,111,2,14.107577214977887,8
151,7,12,76,5,14.076112540272657,7
152,100,15,88,4,14.04956823717941,11
153,16,10,3,3,14.049228034317178,7
154,76,21,35,7,14.001262608885755,14
155,75,12,38,3,13.97610438097405,9
156,25,17,68,5,13.975333228554623,12
157,63,14,31,4,13.967910781975425,10
158,23,11,83,3,13.9232349355535,8
159,11,13,83,3,13.863860744018647,10
160,33,13,50,4,13.8066594696148,9
161,7,35,25,9,13.78854130053519,26
162,17,12,71,4,13.747782115897822,8
163,93,12,46,3,13.65474091099076,9
164,40,11,27,4,13.632954818760087,7
165,45,14,7,4,13.58361027173417,10
166,107,17,99,5,13.582126995646107,12
167,74,11,103,3,13.53565105452587,8
168,54,19,40,6,13.529131931324349,13
169,93,10,90,3,13.452391800759148,7
170,50,15,70,5,13.44110105599258,10
171,25,12,32,5,13.427877456338663,7
172,18,11,37,3,13.371391730474068,8
173,55,11,32,4,13.36363963009391,7
174,34,11,20,3,13.36206244645375,8
175,41,10,17,3,13.35174147952793,7
176,16,18,83,5,13.351235477213141,13
177,8,14,77,4,13.347864243829795,10
178,95,18,17,5,13.342671111008823,13
179,13,42,88,11,13.340443859809977,31
180,65,10,33,3,13.314880602814076,7
181,41,15,5,6,13.292824048066665,9
182,92,12,40,3,13.282922867585453,9
183,49,12,77,3,13.281163183221421,9
184,27,20,60,5,13.258539615773334,15
185,4,17,31,5,13.252189385070846,12
186,8,16,41,4,13.244566662838952,12
187,6,10,61,3,13.234029550477732,7
188,50,16,46,6,13.220197801431311,10
189,49,10,69,4,13.198330525042142,6
190,95,13,68,3,13.185943962249173,10
191,10,12,86,4,13.18204004192028,8
192,69,14,28,5,13.159247509741927,9
193,34,11,30,3,13.149679586972224,8
194,16,10,47,3,13.12098149799225,7
195,80,10,14,4,13.097202558791373,6
196,11,13,18,4,13.094881521032239,9
197,13,13,6,4,13.09402278644352,9
198,104,13,44,4,13.041336406816619,9
199,16,17,76,6,13.039487797353612,11
200,34,11,25,3,12.978396480778377,8
201,16,16,94,4,12.969401282348118,12
202,13,17,64,6,12.96034390502234,11
203,77,16,51,5,12.941193832575705,11
204,95,27,37,7,12.921122211679824,20
205,30,15,91,4,12.902049120491471,11
206,78,10,96,3,12.899686199305037,7
207,95,31,88,10,12.87895577951516,21
208,16,23,9,7,12.875038464260191,16
209,62,10,51,3,12.846147043926086,7
210,30,14,46,4,12.822811242166974,10
211,104,15,71,5,12.790892712888178,10
212,76,26,51,7,12.778617219544255,19
213,102,16,55,5,12.774824407782457,11
214,53,12,77,4,12.759656490182067,8
215,28,10,52,3,12.725624774771763,7
216,30,23,39,7,12.710536545045576,16
217,91,20,60,7,12.692173173081187,13
218,13,11,98,3,12.600193093477749,8
219,80,32,63,9,12.59609357196839,23
220,57,27,5,8,12.572003913811171,19
221,71,17,97,5,12.555483253298778,12
222,102,30,5,10,12.54926139668405,20
223,81,12,16,3,12.547755736616809,9
224,13,18,97,6,12.533256619268164,12
225,60,12,81,4,12.507241629015473,8
226,15,10,50,3,12.479053092203714,7
227,53,11,9,4,12.474704729291487,7
228,104,10,79,4,12.467627013550153,6
229,63,11,33,3,12.458058441923846,8
230,11,38,96,12,12.43376452627604,26
231,40,24,77,7,12.420402040912812,17
232,55,13,23,5,12.384564492570101,8
233,80,24,107,6,12.365033339093644,18
234,71,13,37,5,12.34280610449728,8
235,65,11,73,3,12.330685068480049,8
236,2,15,54,4,12.306524573726035,11
237,75,37,7,11,12.246545156148263,26
238,11,21,70,6,12.22505126846703,15
239,114,19,13,8,12.22395713294129,11
240,30,17,13,6,12.209284361124483,11
241,27,16,109,6,12.180763505602679,10
242,2,22,70,8,12.153236389251056,14
243,62,14,68,5,12.146203851532787,9
244,98,12,71,4,12.075541125219777,8
245,106,21,91,5,12.075414900691836,16
246,100,22,51,9,12.057375025910238,13
247,71,13,77,4,12.053933542856774,9
248,7,33,87,10,12.033061706618103,23
249,5,24,98,8,11.989855689002855,16
250,7,16,56,6,11.96931433153811,10
251,49,19,104,6,11.962718506463766,13
252,108,11,87,3,11.937760746567227,8
253,75,26,5,10,11.916835118435042,16
254,93,13,11,3,11.901577910299338,10
255,69,14,88,4,11.887869311273402,10
256,73,21,107,8,11.81929745969668,13
257,23,10,50,2,11.788365261374189,8
258,8,17,15,6,11.780660660956793,11
259,28,11,68,3,11.775053683127204,8
260,48,10,51,4,11.705725037939857,6
261,53,26,36,8,11.703169138978415,18
262,111,17,41,6,11.678377123703484,11
263,57,13,63,5,11.67022671873631,8
264,76,23,107,6,11.647663179181828,17
265,62,14,63,5,11.618017423354843,9
266,36,10,54,3,11.58437851581158,7
267,3,12,87,4,11.58402482460631,8
268,114,11,2,3,11.567668937733664,8
269,74,15,76,6,11.544600382799558,9
270,74,31,28,10,11.526159046117094,21
271,30,13,18,4,11.49296852439998,9
272,107,11,3,5,11.491637464707152,6
273,7,19,5,6,11.44406267553112,13
274,86,13,56,4,11.435010211692362,9
275,57,23,16,8,11.38639029821982,15
276,37,14,27,4,11.378309035824227,10
277,86,35,39,13,11.32460811582066,22
278,48,23,96,7,11.32304165734682,16
279,114,21,90,7,11.316575519517894,14
280,98,26,96,9,11.315795357847566,17
281,80,10,79,4,11.30670069299901,6
282,80,10,5,3,11.295210617596885,7
283,63,17,77,5,11.258482715771569,12
284,90,12,48,4,11.252381363492233,8
285,45,10,31,3,11.246547067503489,7
286,27,23,65,8,11.235702514495852,15
287,79,13,87,3,11.211504341364096,10
288,30,20,54,6,11.207068797640524,14
289,64,12,18,4,11.202221743557958,8
290,27,12,77,4,11.13773931409657,8
291,74,13,32,4,11.101664191982366,9
292,77,13,88,4,11.099370566703435,9
293,20,14,98,4,11.083964695514595,10
294,41,15,97,5,11.070090209264835,10
295,20,29,25,9,11.06909713193041,20
296,110,18,25,5,11.063714709672922,13
297,34,13,5,3,11.055394545543235,10
298,74,15,62,5,11.052729805875948,10
299,99,11,11,4,11.04788337752713,7
300,46,19,96,8,11.04431019266856,11
301,23,14,39,5,10.999796656050236,9
302,39,22,106,8,10.93383259877077,14
303,104,36,46,12,10.9252456669758,24
304,73,17,5,6,10.907383059794872,11
305,100,11,46,4,10.904685887838546,7
306,87,25,70,9,10.862733276020153,16
307,9,18,31,6,10.862368292564522,12
308,48,25,107,9,10.827629447931269,16
309,27,17,63,7,10.823371487985357,10
310,80,11,88,4,10.820834504420485,7
311,4,20,68,7,10.77637997589986,13
312,98,22,63,8,10.75970205191674,14
313,16,21,69,8,10.757492758815465,13
314,86,47,97,16,10.72076981538641,31
315,37,43,54,14,10.702102057687048,29
316,114,16,39,5,10.69985098026964,11
317,75,12,93,4,10.68974449521869,8
318,53,12,114,5,10.688072181424456,7
319,54,13,76,4,10.686858558117363,9
320,97,39,37,13,10.683098078251783,26
321,50,32,20,11,10.68090573343548,21
322,58,12,88,4,10.68078404924026,8
323,2,16,65,4,10.668339624865121,12
324,37,22,7,8,10.662936414000136,14
325,16,58,39,20,10.638146873534158,38
326,106,11,77,4,10.594156026318409,7
327,87,18,41,6,10.566422140881262,12
328,16,45,96,13,10.56639260365633,32
329,86,33,76,11,10.565024036126953,22
330,88,18,57,7,10.555628423294737,11
331,13,39,87,13,10.475224192177569,26
332,104,18,27,5,10.473446544405565,13
333,87,12,33,4,10.466998002217025,8
334,78,11,80,4,10.465715646953605,7
335,15,11,87,4,10.463297812680686,7
336,104,31,60,8,10.441461712063703,23
337,100,10,71,3,10.432118419347479,7
338,27,24,36,9,10.427651739608258,15
339,11,15,57,6,10.421539922134658,9
340,78,10,63,4,10.405129843299601,6
341,98,22,87,7,10.38881617820971,15
342,106,16,93,6,10.37915501513517,10
343,41,13,50,4,10.376485712958944,9
344,83,13,84,5,10.357457702755646,8
345,55,24,91,7,10.356107605211829,17
346,8,18,91,6,10.34860151027639,12
347,50,18,102,7,10.348240016843025,11
348,73,17,90,6,10.345640275158654,11
349,20,18,55,7,10.312518824176754,11
350,63,41,28,13,10.300883603096642,28
351,63,40,84,15,10.295594423044465,25
352,74,21,39,8,10.295229479000922,13
353,28,28,114,11,10.284801962040259,17
354,13,10,94,3,10.278886232089443,7
355,15,11,51,4,10.274901265855426,7
356,77,12,99,3,10.252199704478638,9
357,98,15,2,6,10.198603389321667,9
358,106,25,23,10,10.189298769719457,15
359,58,14,107,5,10.14213858889727,9
360,69,19,86,6,10.141169418850657,13
361,8,10,35,3,10.118762046100299,7
362,107,15,83,5,10.114574167697794,10
363,107,13,49,5,10.111778792091553,8
364,54,12,57,3,10.066024134547122,9
365,76,13,39,4,10.058998148251558,9
366,92,12,68,4,10.008506338652166,8
367,16,34,46,12,9.989350548671633,22
368,107,21,35,6,9.980358662107303,15
369,38,13,106,6,9.972431475981123,7
370,13,29,36,10,9.950335156422012,19
371,75,31,8,10,9.942334170394213,21
372,44,22,86,8,9.92971305051496,14
373,70,15,109,5,9.924354258384088,10
374,16,57,106,19,9.916522961853746,38
375,100,17,87,7,9.910234475754471,10
376,104,12,81,6,9.905900911354768,6
377,46,10,77,4,9.900782595186337,6
378,50,17,18,7,9.885091111762172,10
379,16,34,18,11,9.881360464557634,23
380,30,14,106,5,9.870728252110508,9
381,86,23,79,8,9.865377107457421,15
382,87,23,91,7,9.862408493421487,16
383,63,20,109,8,9.854767957937824,12
384,41,12,9,5,9.847104485770206,7
385,41,30,86,9,9.841335176268768,21
386,86,11,94,4,9.812302766941606,7
387,37,24,83,9,9.783726366978417,15
388,30,13,70,6,9.768945845713878,7
389,11,23,84,8,9.766296004538773,15
390,55,10,114,3,9.74489316173115,7
391,100,12,55,5,9.7405489879536,7
392,63,33,88,11,9.734010190028808,22
393,64,10,9,3,9.729999431124583,7
394,76,21,50,6,9.71946765921414,15
395,73,14,87,4,9.660784962589718,10
396,70,12,64,4,9.645861185980307,8
397,104,32,25,12,9.62701393582691,20
398,99,14,8,6,9.61106559286031,8
399,75,35,50,11,9.610581029202427,24
400,86,17,1,6,9.605183903195394,11
401,62,11,8,3,9.593511144115352,8
402,13,39,39,15,9.579171098092761,24
403,2,21,106,8,9.573373481710446,13
404,65,30,40,12,9.552309795866792,18
405,90,13,39,5,9.529975909191753,8
406,23,18,76,6,9.525082848083137,12
407,107,11,10,4,9.504556938677329,7
408,37,22,99,7,9.502759058160713,15
409,1,14,51,6,9.497188859338962,8
410,104,26,77,9,9.48377934817974,17
411,60,12,97,5,9.46535666568387,7
412,95,22,18,9,9.461457865276858,13
413,65,26,111,8,9.4587085753206,18
414,40,10,102,4,9.454137715098852,6
415,100,10,95,4,9.449134938035408,6
416,55,27,1,10,9.44673769797838,17
417,32,11,63,4,9.44232166344675,7
418,83,14,74,6,9.43011849323839,8
419,114,10,110,3,9.422657787947912,7
420,17,14,60,5,9.418100598165662,9
421,37,41,63,14,9.417998111066987,27
422,11,23,109,7,9.404573837166613,16
423,87,18,9,7,9.384927111876166,11
424,76,24,55,7,9.363385320781449,17
425,107,12,43,5,9.3558585338088,7
426,51,22,74,7,9.344397651003662,15
427,53,16,86,7,9.341023335732501,9
428,68,13,49,5,9.339336564986892,8
429,109,15,34,6,9.338464853736001,9
430,53,10,63,4,9.336566772480595,6
431,64,10,23,3,9.319289230866856,7
432,90,13,80,4,9.306752684001106,9
433,2,13,55,5,9.306518823595622,8
434,114,15,96,5,9.304547518897671,10
435,2,29,107,10,9.295436230624016,19
436,16,29,71,9,9.28165872173034,20
437,65,42,88,14,9.275260531430181,28
438,16,13,45,5,9.274833536742305,8
439,56,13,68,6,9.266257424684696,7
440,74,24,70,10,9.249270082293563,14
441,17,12,63,4,9.24390740307754,8
442,90,15,13,5,9.234210365017372,10
443,50,29,88,11,9.216621594045133,18
444,2,12,40,4,9.204153353273352,8
445,51,15,33,4,9.201089002652214,11
446,70,15,68,6,9.199626874800046,9
447,46,21,106,9,9.198394638018083,12
448,98,13,84,4,9.18267526002018,9
449,16,35,91,11,9.182394894220272,24
450,5,27,84,10,9.167674877244863,17
451,50,43,5,17,9.156049369840707,26
452,51,10,38,3,9.15594810457023,7
453,107,13,62,5,9.134381411880929,8
454,7,18,96,5,9.132819640450865,13
455,13,60,51,23,9.086977189189033,37
456,110,10,39,3,9.085258579238133,7
457,95,34,8,13,9.079209474058969,21
458,36,15,68,6,9.050169767098083,9
459,87,11,43,4,9.04152337159111,7
460,104,22,75,8,9.039829127143499,14
461,18,22,75,9,9.039295635757362,13
462,13,20,1,6,9.036814307935966,14
463,5,13,36,5,9.023272142505265,8
464,109,25,55,11,9.015163892645331,14
465,90,17,63,6,8.996303299649265,11
466,102,17,87,6,8.972219911227105,11
467,37,10,108,4,8.970431804543574,6
468,65,24,17,7,8.966237081762033,17
469,31,14,18,5,8.964098333609028,9
470,28,11,32,4,8.963821007682872,7
471,76,11,2,3,8.951755335280877,8
472,11,13,80,5,8.941133144462878,8
473,104,14,84,6,8.932998314387538,8
474,11,10,91,3,8.923724837318142,7
475,27,12,4,5,8.91296529728116,7
476,70,17,57,8,8.906737604649802,9
477,71,16,63,6,8.898928502018702,10
478,8,12,53,4,8.895793221451042,8
479,28,16,17,6,8.863383779145725,10
480,107,21,53,7,8.861261407439777,14
481,73,13,98,5,8.853796300056942,8
482,40,20,37,8,8.849367605337227,12
483,30,18,55,7,8.839212831584407,11
484,37,25,38,9,8.83307113340101,16
485,111,13,63,5,8.828200881380395,8
486,51,34,63,13,8.818471235764227,21
487,40,12,58,4,8.818378826555744,8
488,107,18,102,7,8.817065940407522,11
489,37,11,1,5,8.780031926893976,6
490,79,11,106,4,8.777841617086459,7
491,63,15,18,5,8.775103349520558,10
492,88,12,38,3,8.749107019275815,9
493,18,15,9,5,8.745170649651572,10
494,100,14,63,6,8.744739392278017,8
495,107,20,108,7,8.742278859843845,13
496,61,10,40,4,8.7398122874208,6
497,16,16,108,6,8.735246502538358,10
498,68,10,47,4,8.727596610476514,6
499,81,12,18,4,8.715036181803235,8
500,30,10,2,4,8.704387763563812,6
501,30,11,90,4,8.695806027026102,7
502,75,11,81,3,8.675364185091576,8
503,68,11,109,3,8.666077048477296,8
504,73,10,51,3,8.653546669629687,7
505,65,18,29,8,8.64868680870575,10
506,11,34,37,12,8.643977561339529,22
507,95,13,40,5,8.623923471834955,8
508,32,11,114,4,8.619976183865209,7
509,60,10,45,5,8.61218235484954,5
510,7,16,46,5,8.606859033839564,11
511,27,10,53,3,8.604911275108316,7
512,90,22,50,8,8.598522697494,14
513,15,13,75,4,8.597300929966654,9
514,62,11,39,5,8.596421423938471,6
515,71,13,5,5,8.58837744258604,8
516,104,20,11,7,8.558536461608563,13
517,50,31,55,12,8.547249952830775,19
518,15,10,107,3,8.540362330799288,7
519,86,27,83,8,8.51226403433352,19
520,9,17,63,6,8.472258587659129,11
521,86,16,72,6,8.471272734246591,10
522,95,14,96,5,8.45037398259218,9
523,13,41,25,17,8.44596846540986,24
524,63,12,69,4,8.439330634757434,8
525,40,23,104,8,8.436530872262267,15
526,64,19,39,7,8.42059756655904,12
527,51,14,110,5,8.405376385205704,9
528,23,11,77,4,8.395133279795566,7
529,6,10,46,4,8.386722378353735,6
530,15,14,104,5,8.330235989560043,9
531,99,10,63,4,8.327283039780834,6
532,108,15,70,5,8.323316395893162,10
533,65,13,76,4,8.31287645900771,9
534,93,15,50,5,8.294711253080576,10
535,75,12,76,5,8.269580351796622,7
536,37,12,14,5,8.266467835075433,7
537,114,21,68,7,8.266192989398757,14
538,89,12,16,5,8.242329112388783,7
539,69,11,87,5,8.233960994375396,6
540,64,11,37,4,8.227838269840156,7
541,63,27,91,9,8.221363451129466,18
542,7,10,69,4,8.219403987480796,6
543,34,11,104,4,8.215395618768705,7
544,20,11,44,4,8.212958514210372,7
545,73,12,7,5,8.208102847569263,7
546,8,26,114,9,8.173491580547305,17
547,20,14,102,6,8.160756483849335,8
548,107,16,77,6,8.158868103512413,10
549,39,11,31,4,8.153708131273625,7
550,90,29,106,10,8.150820609853735,19
551,104,35,55,13,8.14798328327785,22
552,75,12,29,5,8.144839094845086,7
553,100,19,25,8,8.126357393020873,11
554,63,11,43,4,8.123064953208495,7
555,30,26,107,9,8.113805236739758,17
556,7,22,91,7,8.100629511831421,15
557,60,18,41,7,8.094136075426906,11
558,53,15,109,5,8.093404481537448,10
559,8,61,5,24,8.080732178020162,37
560,40,14,43,5,8.07931171498636,9
561,75,37,68,13,8.077574383718808,24
562,20,23,84,7,8.075470698309143,16
563,93,24,28,8,8.070916880531737,16
564,15,14,86,5,8.007884617525495,9
565,76,12,9,4,8.003296815477393,8
566,89,13,37,6,7.999447796068283,7
567,102,19,96,7,7.9956311609664965,12
568,95,14,109,5,7.99234383641533,9
569,104,17,17,7,7.988529600474542,10
570,87,13,111,5,7.9800967475565345,8
571,102,10,91,4,7.970489437012806,6
572,89,12,104,5,7.965629364641425,7
573,30,23,71,9,7.957717730616395,14
574,97,14,84,4,7.932419590040102,10
575,95,23,65,9,7.912040515511822,14
576,77,18,18,6,7.886307131257644,12
577,28,13,36,6,7.8800289290868415,7
578,20,23,51,10,7.873291814736603,13
579,85,13,96,4,7.87177905722743,9
580,95,21,55,8,7.84870978802165,13
581,8,17,98,6,7.8322640771965775,11
582,64,13,65,6,7.80343556277557,7
583,60,13,12,7,7.789102310703185,6
584,30,34,65,12,7.78449654247133,22
585,48,20,79,8,7.777732866617034,12
586,41,16,109,5,7.764026883273389,11
587,37,49,25,20,7.755599308877524,29
588,73,13,54,5,7.746921178252216,8
589,65,35,20,12,7.738425215752467,23
590,109,31,8,13,7.730735193905243,18
591,16,22,64,8,7.726854631341439,14
592,46,13,70,5,7.705270409518369,8
593,62,13,65,5,7.701250753484253,8
594,48,22,87,8,7.698735978257642,14
595,64,10,71,3,7.696425242175822,7
596,5,32,11,12,7.687442157533876,20
597,110,14,97,5,7.6856652674732375,9
598,86,24,48,9,7.668739325888133,15
599,54,16,68,6,7.668709439065461,10
600,37,24,96,10,7.665844925696509,14
601,60,11,15,6,7.66222848534391,5
602,106,20,18,8,7.647336586140196,12
603,44,16,16,7,7.63510947214958,9
604,96,22,80,8,7.6325568595370585,14
605,86,66,88,26,7.623852879509616,40
606,27,10,47,5,7.62066397353236,5
607,87,18,53,8,7.613858387114757,10
608,51,18,96,7,7.611388504075612,11
609,20,15,90,6,7.5926874674698235,9
610,7,11,57,5,7.588315416894252,6
611,13,27,18,11,7.58048354416083,16
612,69,11,74,4,7.579248302946877,7
613,7,54,51,21,7.5732638439398166,33
614,49,12,60,4,7.569070199503926,8
615,60,24,75,9,7.558700999923662,15
616,62,14,87,5,7.54541053050395,9
617,96,23,70,11,7.543405368906036,12
618,114,18,70,6,7.542200625865836,12
619,104,18,102,8,7.533956675469565,10
620,98,16,106,6,7.529459965554982,10
621,64,13,40,5,7.515908175481671,8
622,70,10,71,5,7.515715016674821,5
623,102,16,88,5,7.5023041010359375,11
624,7,47,40,17,7.498794313480428,30
625,74,13,48,6,7.488504403150373,7
626,16,26,27,9,7.481407495599662,17
627,75,24,54,9,7.4791109454867595,15
628,108,15,63,6,7.475559971035058,9
629,17,16,55,7,7.461932340099582,9
630,28,29,18,11,7.441772892360463,18
631,25,45,46,19,7.439996628911812,26
632,71,28,86,11,7.428516132629241,17
633,29,13,107,4,7.409187331272264,9
634,70,11,69,4,7.401520759866324,7
635,37,41,46,14,7.398384968299374,27
636,91,18,20,8,7.395662966437773,10
637,16,21,84,9,7.387304706787613,12
638,51,11,91,4,7.381482405770834,7
639,114,29,65,12,7.376489256061007,17
640,40,27,55,10,7.370891565191237,17
641,34,15,74,5,7.367415754617591,10
642,68,29,53,10,7.365473086552087,19
643,25,38,106,14,7.361514789314747,24
644,1,11,31,6,7.35927281306795,5
645,95,14,114,6,7.3483662518069215,8
646,63,24,76,8,7.3475133342348515,16
647,27,24,51,9,7.344159869170693,15
648,72,12,16,5,7.333554822764275,7
649,102,31,86,11,7.3220305228245754,20
650,110,14,70,5,7.302453099036633,9
651,107,19,109,6,7.298695286121334,13
652,28,14,111,5,7.296837620354718,9
653,98,12,93,5,7.2513528092711335,7
654,8,17,110,6,7.2499619180163615,11
655,16,11,101,4,7.238690209169098,7
656,86,70,51,30,7.23152344232766,40
657,13,20,15,8,7.226944117697118,12
658,97,28,5,10,7.203089227401705,18
659,3,11,86,4,7.196456707848662,7
660,68,19,1,7,7.18972887423793,12
661,57,15,55,7,7.186289928876396,8
662,106,12,43,5,7.182282377952387,7
663,16,15,35,5,7.1780383239732055,10
664,63,32,48,12,7.1299692009467925,20
665,32,14,87,5,7.113585901413377,9
666,63,12,79,4,7.1114844508040305,8
667,39,25,88,9,7.105096628679787,16
668,1,10,17,4,7.089282944121619,6
669,46,11,9,5,7.085087450613435,6
670,13,28,50,11,7.080143232503657,17
671,40,32,88,13,7.0733853177580785,19
672,9,23,40,8,7.0681184318200705,15
673,90,23,87,9,7.067717517445951,14
674,18,16,97,6,7.053736701240837,10
675,17,22,39,8,7.053406202555405,14
676,6,11,107,4,7.048403625284058,7
677,91,20,25,8,7.04452512181193,12
678,28,25,2,9,7.040494915317705,16
679,23,24,60,9,7.037826470384501,15
680,46,17,39,8,7.035363973882464,9
681,61,11,88,5,7.033459990267491,6
682,64,22,88,8,7.0331900679740205,14
683,80,27,106,10,7.029777914575281,17
684,74,31,84,14,7.0251363399754485,17
685,7,41,18,18,7.021247577826593,23
686,16,12,93,5,7.007856526653325,7
687,62,15,5,6,6.992708759597391,9
688,6,10,106,4,6.989547350675936,6
689,54,56,88,23,6.987424199686778,33
690,55,12,94,5,6.987298934898079,7
691,15,14,65,5,6.98678701664079,9
692,49,11,30,4,6.986267783548394,7
693,16,25,62,9,6.984521132722269,16
694,75,11,102,4,6.982265357015773,7
695,86,15,108,7,6.982006260998501,8
696,8,57,87,22,6.976219715734775,35
697,107,18,32,8,6.9462091695657895,10
698,60,19,9,6,6.936223514639259,13
699,44,10,87,4,6.930092376966648,6
700,70,12,36,5,6.899854666606963,7
701,13,16,69,7,6.8921901532550445,9
702,55,13,98,4,6.885710678530403,9
703,106,15,99,5,6.882359612487447,10
704,104,47,28,19,6.867595835363374,28
705,16,23,100,9,6.865917587580037,14
706,75,17,11,7,6.860129083231025,10
707,86,13,112,5,6.838344781650461,8
708,65,24,5,10,6.826704214447485,14
709,13,37,106,15,6.817789123113523,22
710,87,18,49,9,6.815479269250657,9
711,51,17,23,7,6.813238789143917,10
712,27,12,50,4,6.811990692910271,8
713,7,40,53,15,6.796699907583158,25
714,8,39,46,17,6.790452136276324,22
715,60,30,31,14,6.790038808409768,16
716,70,15,98,5,6.782158452834323,10
717,98,16,49,7,6.781982879058621,9
718,53,26,88,10,6.781752451354993,16
719,88,27,70,10,6.779439228833638,17
720,97,30,96,13,6.762245122268197,17
721,75,10,4,4,6.752454975902488,6
722,48,10,108,3,6.749808304712147,7
723,102,15,51,6,6.74947281728566,9
724,9,27,68,12,6.73547348511589,15
725,63,52,54,20,6.7319961263044945,32
726,74,38,96,14,6.731828732252355,24
727,14,13,95,5,6.731405281187272,8
728,97,11,32,4,6.722008536715331,7
729,98,11,40,5,6.71790840753141,6
730,111,11,106,3,6.697425895741327,8
731,29,10,37,4,6.680734619445758,6
732,7,25,97,11,6.660306503669683,14
733,95,21,50,9,6.657433489482592,12
734,83,11,71,5,6.656205380333864,6
735,63,14,102,6,6.6522226016193855,8
736,98,12,99,6,6.6450573588341655,6
737,25,48,5,19,6.626414170343125,29
738,4,14,18,5,6.625039184875383,9
739,16,15,38,5,6.6248829704327425,10
740,8,27,84,10,6.62258104422981,17
741,33,19,107,8,6.618873691013778,11
742,100,15,7,6,6.61563192934305,9
743,100,11,23,5,6.60887180201957,6
744,83,17,64,7,6.597115059465707,10
745,65,28,96,12,6.593487230396348,16
746,28,31,75,12,6.5918729304824115,19
747,28,33,70,13,6.5875803788420075,20
748,86,77,96,30,6.579835199705017,47
749,9,13,54,5,6.575353735842605,8
750,30,22,60,7,6.57416524849629,15
751,108,15,88,6,6.566472472480611,9
752,18,26,39,10,6.563691133449591,16
753,87,15,114,7,6.5635487592349335,8
754,27,11,30,5,6.548301845648552,6
755,16,88,88,34,6.539746345614138,54
756,75,20,96,6,6.53962686497079,14
757,74,12,68,6,6.535840872424688,6
758,112,11,107,5,6.519143239441155,6
759,29,14,87,5,6.515319434766387,9
760,50,30,96,12,6.50669589608909,18
761,54,35,109,13,6.488975771132722,22
762,68,21,18,9,6.480596679765007,12
763,40,21,1,8,6.4682836050435055,13
764,14,17,28,6,6.462988674713604,11
765,100,10,30,4,6.461771751506818,6
766,97,16,68,6,6.438959619586056,10
767,73,16,88,6,6.421297835362358,10
768,16,58,55,21,6.420819237019423,37
769,63,19,23,7,6.414686550201393,12
770,7,32,27,12,6.410840798234834,20
771,60,16,25,7,6.40548534704152,9
772,103,11,16,4,6.384231863654396,7
773,97,11,36,5,6.378154807239977,6
774,74,13,23,5,6.3699879675856135,8
775,86,45,75,20,6.366275146756028,25
776,100,23,86,11,6.356059157457631,12
777,114,20,51,8,6.35471494354512,12
778,37,16,100,6,6.343110325621272,10
779,27,23,86,9,6.340516058580858,14
780,11,20,98,9,6.338677652860182,11
781,34,15,55,7,6.337929000870948,8
782,36,10,104,4,6.308415164464132,6
783,95,15,75,6,6.30501186711362,9
784,76,10,18,4,6.295952594294594,6
785,36,21,55,9,6.2953020151407175,12
786,108,17,51,7,6.29326560012597,10
787,90,20,65,9,6.287381903113806,11
788,81,17,13,7,6.278988421369039,10
789,8,22,57,8,6.276405634666305,14
790,74,35,46,13,6.26946852641775,22
791,57,18,102,8,6.264739678585861,10
792,13,19,54,7,6.259148391763723,12
793,92,22,88,8,6.250454469623379,14
794,13,22,77,9,6.246442889791836,13
795,16,76,7,33,6.24193092813764,43
796,13,29,37,12,6.230409881481568,17
797,53,10,17,4,6.215096771396754,6
798,60,23,4,10,6.207301351759866,13
799,40,11,62,4,6.20168209929017,7
800,97,10,33,4,6.197569301394057,6
801,55,17,77,7,6.195572885542833,10
802,5,15,60,6,6.194103267178134,9
803,86,25,36,11,6.188044242289122,14
804,69,12,36,5,6.184169574191667,7
805,99,11,88,5,6.17703713379853,6
806,37,59,104,23,6.175700710267806,36
807,91,21,98,7,6.169098881994584,14
808,30,27,87,11,6.164077985923405,16
809,60,12,43,5,6.155597133441297,7
810,64,28,60,11,6.149085042213978,17
811,109,14,46,6,6.137839688733693,8
812,75,13,1,4,6.1372401761978495,9
813,96,22,90,8,6.131526760597793,14
814,55,24,97,9,6.128965912516967,15
815,23,18,68,8,6.125962163812734,10
816,102,23,54,9,6.120079150891424,14
817,52,10,8,4,6.118835452590007,6
818,93,16,86,6,6.1080887829358055,10
819,55,10,79,4,6.105260957218084,6
820,87,17,64,7,6.1023800899505165,10
821,68,12,5,5,6.084537265067714,7
822,20,44,5,17,6.084413199436967,27
823,29,11,55,4,6.0636297407404705,7
824,17,15,109,6,6.060510853587173,9
825,91,10,90,4,6.057465510076112,6
826,54,16,18,7,6.053416590255582,9
827,33,15,20,6,6.052404113154946,9
828,50,10,35,4,6.042114866737558,6
829,8,16,32,7,6.041444852098721,9
830,75,10,56,3,6.037484978764015,7
831,20,13,41,5,6.02906816064692,8
832,95,20,46,8,6.027785407812038,12
833,65,27,9,11,6.017319051238667,16
834,13,21,43,9,6.013934011866822,12
835,99,10,17,4,6.0116233289389776,6
836,86,16,35,7,6.011020183941651,9
837,7,63,86,23,5.99995279153325,40
838,75,37,37,13,5.994131954153387,24
839,25,24,54,10,5.984288858689808,14
840,97,18,76,8,5.982216249777644,10
841,97,17,40,7,5.966918416140386,10
842,25,31,88,11,5.956673984495013,20
843,25,11,3,5,5.956284840526985,6
844,97,12,10,6,5.950831581917705,6
845,62,16,71,6,5.939967307930557,10
846,93,16,25,7,5.904464695396421,9
847,60,14,96,4,5.900809515031541,10
848,13,33,23,16,5.897149457827822,17
849,91,16,50,6,5.8887528000057765,10
850,65,23,71,9,5.876450398022823,14
851,69,13,50,5,5.875505034614897,8
852,76,14,88,7,5.852820798657313,7
853,1,13,65,6,5.835533799914312,7
854,46,12,90,5,5.830565699084015,7
855,40,16,5,7,5.820527251695649,9
856,13,47,40,20,5.8149856567778215,27
857,70,39,5,17,5.812017017327767,22
858,74,36,63,15,5.8059322207158885,21
859,74,28,55,12,5.797157459674129,16
860,53,27,40,12,5.786931738855333,15
861,97,27,107,12,5.771441172656417,15
862,104,38,51,14,5.767915627853648,24
863,98,33,86,14,5.764694207614795,19
864,53,19,30,8,5.760601477633416,11
865,25,24,40,10,5.7546667775712015,14
866,37,20,110,9,5.74878628902198,11
867,88,39,104,15,5.7453851911947895,24
868,100,16,74,7,5.736028437636332,9
869,107,14,31,8,5.734256122406658,6
870,87,35,20,15,5.726562552686569,20
871,84,12,9,5,5.723245457590759,7
872,62,10,106,4,5.720849022877857,6
873,28,34,97,13,5.710448223070004,21
874,50,13,48,5,5.7070179051031635,8
875,80,22,55,10,5.702005440074988,12
876,100,14,18,6,5.697684011266831,8
877,20,20,35,8,5.6905199842725205,12
878,106,12,57,6,5.685749140437754,6
879,70,16,41,8,5.685339970613444,8
880,102,10,95,4,5.685319962340818,6
881,60,38,71,16,5.674439287931831,22
882,94,10,25,5,5.671887186214519,5
883,16,31,99,13,5.665818337043021,18
884,54,11,82,4,5.664278302313932,7
885,95,24,106,9,5.657914892117911,15
886,2,38,50,16,5.650047560448173,22
887,73,23,74,9,5.649045009007229,14
888,73,24,8,10,5.645022963800572,14
889,27,28,88,14,5.6433943432748075,14
890,28,48,84,20,5.640820939476543,28
891,13,26,8,11,5.640389613843586,15
892,63,15,60,6,5.638760882625826,9
893,65,13,6,5,5.631765359162988,8
894,5,20,17,7,5.625033929201379,13
895,100,15,50,6,5.612526049660052,9
896,114,43,5,18,5.610879096822169,25
897,80,11,48,4,5.594209169092441,7
898,52,12,16,5,5.588665300895637,7
899,25,11,43,3,5.587553515371877,8
900,11,14,17,6,5.581185513103199,8
901,3,10,68,4,5.578876648633715,6
902,47,12,39,5,5.578041254100721,7
903,56,10,40,4,5.576245457587271,6
904,75,29,71,11,5.5750590103837165,18
905,55,27,63,12,5.56831553028517,15
906,87,22,93,9,5.565802071262539,13
907,63,11,10,4,5.56040496031845,7
908,76,14,102,6,5.556814882908007,8
909,8,41,25,16,5.550067480025434,25
910,16,53,63,22,5.528727475870678,31
911,33,14,102,6,5.525239013163607,8
912,77,11,64,6,5.511154382484386,5
913,95,19,83,7,5.510188596504647,12
914,104,21,100,8,5.507335747436163,13
915,65,12,49,5,5.5014064265173985,7
916,70,13,91,6,5.470850370265932,7
917,7,14,109,6,5.465407476689179,8
918,53,26,64,11,5.462835135287796,15
919,7,56,88,24,5.456525444587815,32
920,50,12,49,5,5.454154014714142,7
921,32,17,104,6,5.4353295484317545,11
922,25,24,51,10,5.4243870806149275,14
923,83,10,50,5,5.416126776091855,5
924,51,15,83,5,5.415397349279681,10
925,16,28,36,12,5.4110145278068895,16
926,96,10,67,5,5.408732724512927,5
927,102,11,65,5,5.407111761202487,6
928,23,12,111,6,5.4067861909700285,6
929,88,27,9,11,5.398696000752785,16
930,88,20,1,8,5.397487106945941,12
931,63,25,2,11,5.395919280999036,14
932,88,17,71,9,5.389298313635743,8
933,73,17,114,7,5.386422603622868,10
934,84,19,39,8,5.386084146529571,11
935,86,15,81,5,5.36416033685811,10
936,16,66,87,29,5.345704072121777,37
937,4,11,28,5,5.331421316708805,6
938,104,40,50,16,5.329096908789074,24
939,102,30,25,13,5.32886134482215,17
940,23,12,40,5,5.315426131728561,7
941,97,16,57,7,5.312911388739813,9
942,92,10,13,3,5.295092694811338,7
943,16,23,40,10,5.274788154271569,13
944,17,17,20,7,5.256441987432858,10
945,100,24,107,12,5.248299895877526,12
946,7,25,95,11,5.246470392426651,14
947,28,44,109,17,5.243370342287004,27
948,87,27,25,12,5.237231553044673,15
949,37,50,50,23,5.228576286593012,27
950,27,16,31,9,5.207776070809408,7
951,74,52,106,22,5.205641315490498,30
952,41,11,31,4,5.202809206523694,7
953,16,82,51,35,5.2010874237926865,47
954,46,19,17,8,5.199760499725373,11
955,7,24,63,12,5.19251910965999,12
956,28,24,7,10,5.175100649214178,14
957,67,12,5,5,5.159840528973067,7
958,88,48,28,19,5.159126140437327,29
959,38,13,8,5,5.158625539766783,8
960,16,46,37,19,5.156319944125245,27
961,37,20,23,9,5.153587203140157,11
962,64,22,86,10,5.148335769692997,12
963,14,13,54,4,5.139758720068028,9
964,55,22,70,9,5.1032220329288345,13
965,54,54,70,23,5.096904873313987,31
966,53,36,71,15,5.091321204975087,21
967,11,30,54,13,5.089658806379616,17
968,99,16,36,6,5.086907679142809,10
969,62,17,88,7,5.067664979820317,10
970,46,17,65,6,5.066104910854949,11
971,91,27,86,11,5.054253859133064,16
972,106,45,5,18,5.052056869360905,27
973,86,26,80,12,5.05164493959972,14
974,15,19,5,7,5.0418557472432015,12
975,15,15,7,7,5.034636820298782,8
976,76,13,95,5,5.029825996184284,8
977,40,19,30,8,5.027196906131165,11
978,46,28,75,12,5.018726739610217,16
979,7,12,58,6,5.0082803366842255,6
980,93,26,5,10,5.004460526821323,16
981,37,71,86,31,4.984756436647984,40
982,27,13,25,6,4.983545927288363,7
983,55,47,5,20,4.968791694509535,27
984,33,12,7,6,4.950732991604976,6
985,60,22,95,9,4.936116623099728,13
986,104,28,63,12,4.932672339496071,16
987,87,48,65,20,4.930087827074172,28
988,37,52,106,24,4.929607997592941,28
989,12,15,51,6,4.929478770854846,9
990,96,29,25,13,4.925630164170213,16
991,38,12,5,5,4.92351943090761,7
992,8,18,23,8,4.91675749277209,10
993,41,11,49,5,4.9137655962823095,6
994,74,21,50,9,4.905584887178799,12
995,34,11,7,4,4.8999742789281955,7
996,28,13,62,5,4.8955044879359315,8
997,55,32,54,14,4.893010226063712,18
998,83,39,5,18,4.890865835189014,21
999,8,12,3,7,4.88781937501622,5
1000,100,13,114,5,4.886489949545645,8
1001,110,11,104,4,4.886003470603164,7
1002,16,10,92,3,4.870786940769253,7
1003,8,52,63,23,4.864260653101078,29
1004,63,30,20,14,4.86232561538827,16
1005,38,13,84,6,4.854976710780188,7
1006,71,19,106,8,4.854554798898614,11
1007,5,30,51,11,4.841333405150811,19
1008,13,22,95,9,4.839189119607627,13
1009,112,14,50,7,4.835329683326429,7
1010,97,17,17,8,4.833173263702722,9
1011,39,15,83,6,4.8326399553033035,9
1012,8,15,67,6,4.831909846155583,9
1013,37,37,70,15,4.817822919278334,22
1014,97,28,65,12,4.814693521654494,16
1015,96,13,108,6,4.805162668071275,7
1016,102,19,16,9,4.795025141717224,10
1017,46,43,54,18,4.79123818736478,25
1018,100,21,5,9,4.790180113588851,12
1019,32,24,5,10,4.788591776396215,14
1020,76,33,5,14,4.788314400539968,19
1021,92,13,7,4,4.780218736430547,9
1022,23,21,41,9,4.77939200845321,12
1023,9,12,5,5,4.777710715122403,7
1024,28,51,54,21,4.774713175137818,30
1025,20,56,54,26,4.770199196047598,30
1026,84,13,95,5,4.755677362807473,8
1027,90,30,5,12,4.752640516818983,18
1028,64,13,104,5,4.751268233959821,8
1029,25,16,77,7,4.745845616411638,9
1030,57,11,84,4,4.735926438073418,7
1031,111,20,7,9,4.734089263993381,11
1032,88,12,6,5,4.723924661172382,7
1033,39,36,60,16,4.722412440065067,20
1034,51,17,99,8,4.721255445811637,9
1035,63,10,4,4,4.721024545889485,6
1036,16,63,107,25,4.707453745118705,38
1037,108,14,50,5,4.706826806073906,9
1038,108,12,98,5,4.704860704776837,7
1039,28,28,91,12,4.691036992057668,16
1040,7,20,17,8,4.685740229123577,12
1041,36,12,71,6,4.675376588391439,6
1042,16,20,80,9,4.663914314768117,11
1043,88,12,89,5,4.663566198307964,7
1044,39,26,107,13,4.643196816135829,13
1045,8,35,39,16,4.640312118250007,19
1046,73,19,109,8,4.637139105733967,11
1047,107,47,20,21,4.6287765404044485,26
1048,96,13,34,5,4.620609194568736,8
1049,6,19,7,11,4.619159013789241,8
1050,68,34,31,15,4.615314506817925,19
1051,16,24,17,9,4.611552657079801,15
1052,74,76,86,34,4.607115407805715,42
1053,77,13,95,6,4.60149322445291,7
1054,25,15,33,5,4.583917339891116,10
1055,54,29,90,13,4.579893896725855,16
1056,107,14,4,6,4.574883046411524,8
1057,99,14,95,6,4.572737764013027,8
1058,75,17,30,8,4.572561458436264,9
1059,75,43,16,18,4.5713159528596385,25
1060,70,15,23,7,4.554568026577778,8
1061,109,13,67,7,4.5540965230597985,6
1062,15,21,88,8,4.546696410508228,13
1063,20,43,28,18,4.544189476783367,25
1064,6,12,87,5,4.542943443769729,7
1065,40,16,31,7,4.540217346173587,9
1066,87,57,37,24,4.5398331565645655,33
1067,8,24,102,11,4.537070383836359,13
1068,54,22,97,10,4.535944223800904,12
1069,79,12,8,4,4.5233682313953745,8
1070,41,16,91,6,4.512960951587527,10
1071,107,41,25,18,4.512391309878017,23
1072,16,13,14,6,4.510342602500319,7
1073,93,15,37,6,4.493445665639034,9
1074,64,13,63,6,4.489732502195793,7
1075,20,15,7,7,4.4847557608097715,8
1076,86,44,104,20,4.482266415813812,24
1077,88,15,31,7,4.474138979948415,8
1078,91,10,57,5,4.468260927215541,5
1079,37,18,32,8,4.466542082918521,10
1080,43,16,5,7,4.461738819752362,9
1081,7,66,68,28,4.455755462466641,38
1082,9,17,50,7,4.452050276661411,10
1083,86,21,18,8,4.432262579099064,13
1084,76,12,68,4,4.422909307812754,8
1085,86,15,77,6,4.413638896173249,9
1086,107,47,55,21,4.411490979506615,26
1087,107,52,104,22,4.3955620960772475,30
1088,53,10,70,4,4.386498508138975,6
1089,74,12,77,5,4.380746142049517,7
1090,63,38,96,15,4.376849709142971,23
1091,39,56,51,25,4.373306856508638,31
1092,86,113,5,48,4.357059130864303,65
1093,60,36,88,14,4.356724313831458,22
1094,34,12,84,6,4.355418008053165,6
1095,80,25,54,11,4.3489994231545275,14
1096,41,25,63,11,4.34546407408637,14
1097,65,47,107,19,4.343893220603634,28
1098,51,34,65,13,4.342100828413104,21
1099,86,20,82,8,4.3319380690325975,12
1100,102,23,114,9,4.331076584650545,14
1101,75,20,23,10,4.330424514287806,10
1102,8,21,9,11,4.328036483452337,10
1103,84,33,106,16,4.328019467626489,17
1104,55,37,28,14,4.3253848681242495,23
1105,30,21,88,10,4.322600096754096,11
1106,6,11,27,5,4.320589105702404,6
1107,77,13,68,6,4.315657598096627,7
1108,53,23,51,11,4.313783320077643,12
1109,93,23,54,9,4.307251305123911,14
1110,74,26,13,11,4.306038187470952,15
1111,76,24,87,10,4.304022266566311,14
1112,37,38,55,18,4.301606273781788,20
1113,97,12,53,6,4.2917322519068035,6
1114,89,10,60,5,4.282822864027963,5
1115,75,24,25,10,4.277372987760686,14
1116,7,29,55,13,4.275176259613077,16
1117,40,28,107,11,4.26337242844274,17
1118,88,12,81,5,4.260173444903985,7
1119,20,35,96,15,4.25759458795479,20
1120,107,26,27,11,4.255595086671519,15
1121,86,18,32,8,4.250668358030317,10
1122,28,12,40,6,4.232017879250332,6
1123,30,11,84,4,4.231660063143016,7
1124,71,15,25,7,4.22821184042616,8
1125,88,31,37,13,4.224270631924043,18
1126,75,27,63,12,4.221533861130906,15
1127,88,58,5,26,4.221472474474537,32
1128,16,27,53,12,4.221129442338674,15
1129,91,22,88,10,4.215749086312346,12
1130,43,14,51,6,4.213190249690749,8
1131,87,40,28,18,4.161796757953555,22
1132,94,12,87,6,4.161620639809542,6
1133,71,23,39,10,4.153047429781641,13
1134,74,11,33,5,4.152065435529706,6
1135,87,16,97,6,4.146690765637548,10
1136,20,13,73,5,4.146065391689569,8
1137,74,19,109,7,4.145290761336613,12
1138,39,25,50,11,4.143738652164054,14
1139,62,10,55,5,4.140553518041587,5
1140,86,13,67,6,4.131604740801435,7
1141,41,21,104,10,4.12955583531832,11
1142,13,13,62,6,4.12743151741627,7
1143,53,16,31,8,4.122507277551639,8
1144,68,33,51,13,4.1119988580199,20
1145,47,15,13,7,4.110888232737869,8
1146,44,10,114,4,4.1035124348035135,6
1147,83,20,93,9,4.100880722204593,11
1148,55,10,68,4,4.068409910261689,6
1149,96,53,54,25,4.068141273301063,28
1150,16,28,49,12,4.063237990994685,16
1151,49,11,9,5,4.059749288349597,6
1152,83,14,46,7,4.055902658620626,7
1153,50,30,8,15,4.0537983612302835,15
1154,11,13,79,7,4.047561716338114,6
1155,35,13,28,6,4.036665461709038,7
1156,104,15,80,7,4.033669908354481,8
1157,13,33,28,14,4.033447367470069,19
1158,37,44,74,20,4.033137310869005,24
1159,7,19,98,8,4.025055128919853,11
1160,43,10,104,5,4.022536505346196,5
1161,75,21,87,8,4.0175142099912415,13
1162,9,18,39,9,4.016168568379051,9
1163,104,12,57,7,4.008795762763784,5
1164,90,11,33,4,4.003292593732325,7
1165,25,34,65,14,3.9982069365892623,20
1166,16,35,68,14,3.9912803289979575,21
1167,14,11,13,4,3.98325425585621,7
1168,37,12,69,5,3.9709549460906977,7
1169,7,47,41,21,3.9645967896537617,26
1170,95,10,9,5,3.9619725380066,5
1171,74,24,93,11,3.9601017688790825,13
1172,33,10,39,4,3.9525968008389243,6
1173,27,10,87,5,3.9487097970098004,5
1174,13,64,7,29,3.939144171660352,35
1175,80,10,97,4,3.9365866928471034,6
1176,102,10,83,4,3.9358085201394095,6
1177,104,23,68,10,3.931881522907587,13
1178,41,13,77,5,3.9281873956506344,8
1179,5,28,2,12,3.923277825320168,16
1180,7,45,36,20,3.922718760396536,25
1181,75,40,107,14,3.915144864477932,26
1182,102,26,37,11,3.9015784283610255,15
1183,54,37,51,17,3.900510354202893,20
1184,30,17,104,8,3.8980137890660416,9
1185,40,18,50,7,3.897409445397431,11
1186,13,36,27,16,3.896186861502985,20
1187,49,16,17,6,3.8774713885539365,10
1188,96,24,104,10,3.8706241075776626,14
1189,83,24,65,11,3.8650312387760812,13
1190,91,17,18,7,3.863168888646893,10
1191,31,10,5,4,3.8620843453498637,6
1192,106,21,75,11,3.8605003548235586,10
1193,114,34,86,14,3.850972939449156,20
1194,41,17,37,7,3.8456182281056206,10
1195,28,11,3,4,3.8388007621981846,7
1196,38,10,65,5,3.8384130883257157,5
1197,83,27,8,13,3.8382150032056903,14
1198,11,60,86,27,3.8353485548947646,33
1199,76,12,114,5,3.83234882488331,7
1200,30,19,28,8,3.8298077885882966,11
1201,51,23,109,9,3.8297503615357433,14
1202,110,16,5,7,3.8138584796050923,9
1203,23,33,107,14,3.8030234517394645,19
1204,111,20,107,10,3.797417534625639,10
1205,114,18,75,8,3.795036440843411,10
1206,87,40,50,19,3.7744573462497923,21
1207,50,66,28,29,3.75491430266166,37
1208,91,17,39,7,3.749141222617953,10
1209,80,25,65,10,3.745199580309371,15
1210,60,33,86,14,3.7292131652857883,19
1211,43,16,88,7,3.7275454144235045,9
1212,95,25,107,12,3.721321768434082,13
1213,74,59,5,27,3.7150397399954445,32
1214,49,34,88,15,3.70925010179003,19
1215,65,29,93,14,3.701946599054288,15
1216,75,11,108,5,3.700340227437407,6
1217,28,28,102,13,3.6997830630198973,15
1218,89,14,50,7,3.697778125616005,7
1219,91,17,75,11,3.692430828682101,6
1220,78,11,87,6,3.6913711385920154,5
1221,46,20,84,8,3.686829488531013,12
1222,55,14,108,7,3.6761081475192974,7
1223,55,41,11,16,3.6751670322630696,25
1224,8,53,96,23,3.6687416252473026,30
1225,20,31,106,13,3.6670765571458195,18
1226,35,13,40,6,3.6668635382367234,7
1227,79,10,88,4,3.6658466896877484,6
1228,62,10,50,4,3.6657345895143245,6
1229,93,12,109,5,3.663493156541634,7
1230,53,16,95,8,3.6589616024490903,8
1231,104,11,92,6,3.6575847114894273,5
1232,30,20,37,8,3.640395609700316,12
1233,55,20,9,9,3.6394809056001565,11
1234,39,31,49,13,3.633922954184222,18
1235,88,37,68,16,3.619742256448542,21
1236,16,22,98,10,3.6189397977808166,12
1237,48,11,39,5,3.594601769104413,6
1238,28,19,98,7,3.593034409386323,12
1239,97,10,95,4,3.58943247133478,6
1240,86,21,38,9,3.5537823108554005,12
1241,18,30,53,13,3.5521306609272236,17
1242,109,22,16,10,3.551135971258331,12
1243,87,10,110,4,3.5295519129657293,6
1244,51,25,41,11,3.529175789651924,14
1245,13,21,17,9,3.5184767499063967,12
1246,20,21,46,8,3.51090539647306,13
1247,70,24,51,12,3.51020506286295,12
1248,91,15,84,7,3.506943767095505,8
1249,68,12,78,6,3.502347402329985,6
1250,104,30,54,14,3.494678026548527,16
1251,109,15,65,5,3.4929763691198916,10
1252,91,12,36,5,3.4887214685575354,7
1253,45,17,36,7,3.4839133208004385,10
1254,70,28,65,11,3.478419403846195,17
1255,11,33,88,15,3.475565037608779,18
1256,16,22,15,9,3.4699236009719003,13
1257,87,39,39,17,3.467444829986787,22
1258,81,13,107,6,3.4566602403375617,7
1259,7,47,39,21,3.455631601328846,26
1260,33,23,5,11,3.454327509177194,12
1261,87,25,109,10,3.438248375396607,15
1262,8,21,100,9,3.4169007429532634,12
1263,54,22,114,11,3.4158047714822755,11
1264,87,24,40,11,3.4098460394176815,13
1265,51,31,60,13,3.4081984536935326,18
1266,4,12,51,5,3.401450245531626,7
1267,36,14,106,6,3.396862997879143,8
1268,70,14,7,7,3.394992022951558,7
1269,49,22,86,10,3.3916038667176176,12
1270,80,16,37,7,3.388891253141482,9
1271,60,11,69,5,3.3770385717176588,6
1272,36,21,60,10,3.371245765687601,11
1273,14,23,8,10,3.3634201583462158,13
1274,65,62,63,28,3.3604398706518053,34
1275,49,37,13,18,3.3536625452562623,19
1276,20,10,9,4,3.353443346624384,6
1277,75,13,33,5,3.342736023465548,8
1278,70,18,97,9,3.3275523495851074,9
1279,23,41,7,18,3.3160684531792546,23
1280,70,16,95,8,3.3075112398485507,8
1281,49,10,70,4,3.3045973277956966,6
1282,16,66,8,29,3.304521902117639,37
1283,13,38,107,18,3.3016013396204555,20
1284,23,14,54,6,3.297562319364522,8
1285,64,13,75,6,3.2951948811244782,7
1286,86,72,8,34,3.2888007875124217,38
1287,12,22,65,9,3.2788663790102985,13
1288,114,13,67,6,3.2746706512348434,7
1289,70,14,93,6,3.271451863431868,8
1290,86,72,84,36,3.2610166651310086,36
1291,30,10,63,4,3.254074696673354,6
1292,11,25,20,10,3.2452743370759327,15
1293,85,14,54,6,3.2397539807116327,8
1294,23,11,97,5,3.2361653104272845,6
1295,14,11,88,5,3.2206098277423347,6
1296,25,16,18,6,3.21981452522341,10
1297,25,19,53,9,3.2169742340269316,10
1298,87,27,60,12,3.2124077812073604,15
1299,50,45,107,21,3.2042384401027664,24
1300,86,59,25,28,3.1954658339631274,31
1301,16,39,50,17,3.1894998784283772,22
1302,106,12,40,5,3.184687314159685,7
1303,13,44,60,18,3.1836870316481543,26
1304,55,38,106,16,3.183251509041,22
1305,68,25,86,10,3.1809451829633892,15
1306,13,37,46,17,3.172904248193807,20
1307,90,14,74,5,3.1680613510289204,9
1308,4,13,39,6,3.166760556683312,7
1309,60,47,16,22,3.1453502125330792,25
1310,47,10,40,4,3.1385202753130246,6
1311,76,27,104,12,3.13624900086839,15
1312,112,10,53,4,3.131841373121179,6
1313,15,11,54,5,3.125295121676584,6
1314,41,30,107,13,3.122649521288362,17
1315,36,15,87,7,3.1014893657350764,8
1316,99,14,68,6,3.1001036150844663,8
1317,17,22,54,11,3.092931167491581,11
1318,41,21,75,10,3.0797193298174026,11
1319,71,11,51,5,3.079159403291037,6
1320,48,14,55,6,3.06362691776684,8
1321,96,28,88,14,3.0532343196114033,14
1322,65,44,41,18,3.0495560742840055,26
1323,40,32,36,13,3.047007600783558,19
1324,38,13,96,6,3.0422152322461717,7
1325,84,21,48,9,3.0347277834877127,12
1326,86,19,85,9,3.0309201665637016,10
1327,75,15,84,7,3.030584614121957,8
1328,97,27,16,14,3.0120240233120206,13
1329,16,68,65,31,3.0059582032647865,37
1330,104,59,5,28,2.9970663239960817,31
1331,97,12,102,5,2.9943230050472285,7
1332,86,75,107,35,2.990598117117555,40
1333,87,32,104,16,2.9832159093087647,16
1334,23,16,28,8,2.982809086991735,8
1335,10,12,84,5,2.980259678929738,7
1336,97,20,104,10,2.974415183334443,10
1337,15,11,95,5,2.9708859793353697,6
1338,95,42,16,20,2.9607842859241957,22
1339,111,22,55,10,2.960325134667967,12
1340,54,46,106,23,2.9549130135328743,23
1341,102,18,74,8,2.9546185397660167,10
1342,7,16,50,8,2.9489881953696515,8
1343,88,25,36,13,2.9478798938315562,12
1344,86,28,17,14,2.94742778634219,14
1345,37,14,62,8,2.946481909668118,6
1346,20,18,95,8,2.944277541841498,10
1347,76,11,62,5,2.927187958620391,6
1348,112,11,104,5,2.926915719619971,6
1349,99,15,65,7,2.9253489592007305,8
1350,16,49,54,22,2.9250805759955867,27
1351,97,12,98,5,2.9183345258744944,7
1352,14,15,51,6,2.907372171253044,9
1353,91,19,37,9,2.9050960547005245,10
1354,4,17,17,7,2.8986785602878884,10
1355,4,13,36,7,2.889774673323411,6
1356,87,43,88,21,2.873178472399982,22
1357,25,29,97,13,2.870384307522535,16
1358,23,13,104,5,2.8445076862849494,8
1359,63,17,38,7,2.8438368509015857,10
1360,109,18,13,7,2.8426763674639637,11
1361,87,21,57,9,2.842460195115372,12
1362,18,21,107,9,2.839449378790421,12
1363,86,41,46,18,2.830781053281954,23
1364,46,18,63,9,2.8227341920923297,9
1365,7,13,29,7,2.8153327011944786,6
1366,63,13,34,6,2.8100003290876803,7
1367,99,15,41,7,2.8081672918617278,8
1368,104,18,18,7,2.8046551455186632,11
1369,79,15,50,6,2.7998338113931376,9
1370,44,13,13,6,2.7973580079711726,7
1371,20,45,37,21,2.7863088238660265,24
1372,41,36,16,17,2.783614097029894,19
1373,88,27,109,11,2.7798951742694387,16
1374,8,36,104,17,2.7794749735414084,19
1375,5,11,10,6,2.7716738654503197,5
1376,77,13,87,6,2.768683334790563,7
1377,65,14,48,6,2.7586384168294447,8
1378,7,29,106,15,2.7541564496724003,14
1379,14,15,11,6,2.753683750814255,9
1380,86,23,73,11,2.7501947987740425,12
1381,25,18,55,8,2.7487856444546024,10
1382,7,60,65,30,2.747019561875875,30
1383,20,15,30,7,2.7449376883217553,8
1384,7,21,64,10,2.744609551248073,11
1385,14,16,84,7,2.744202009506242,9
1386,95,11,80,5,2.7197438471090796,6
1387,40,10,49,5,2.7191048627582686,5
1388,64,15,41,6,2.717847424259447,9
1389,27,26,68,11,2.704656579767173,15
1390,54,33,95,16,2.7046161899626613,17
1391,100,15,13,7,2.70022283653616,8
1392,71,25,107,11,2.699225936567012,14
1393,111,15,40,7,2.69565629160027,8
1394,111,23,16,11,2.687365353833707,12
1395,97,23,46,11,2.6830528559454945,12
1396,71,27,8,13,2.6791944013625146,14
1397,86,70,54,33,2.6680240503824866,37
1398,11,15,35,7,2.658402580780903,8
1399,74,13,91,6,2.658254293210725,7
1400,8,67,88,31,2.6582405607878106,36
1401,28,36,25,15,2.6530805265031128,21
1402,109,47,5,23,2.651945214364779,24
1403,30,24,8,11,2.6514132136935467,13
1404,107,29,36,14,2.646392316893657,15
1405,16,60,5,25,2.6435184456824317,35
1406,75,34,51,16,2.626337545034357,18
1407,34,10,76,5,2.615955033214912,5
1408,16,13,29,7,2.598885422100126,6
1409,39,23,5,11,2.5977698137373055,12
1410,50,14,97,6,2.594993706898054,8
1411,68,10,15,5,2.592635606140258,5
1412,68,15,30,7,2.5912893173010705,8
1413,80,24,28,11,2.5705556034476817,13
1414,11,10,69,4,2.569037957161563,6
1415,106,18,68,8,2.565731147484025,10
1416,16,84,86,37,2.561126233262963,47
1417,109,17,60,8,2.5582347116623647,9
1418,83,10,63,6,2.557624644664858,4
1419,63,15,95,7,2.557509411427886,8
1420,86,14,14,7,2.5565201304900333,7
1421,23,29,88,12,2.5400262638911513,17
1422,41,16,40,9,2.5362701079754877,7
1423,13,55,55,26,2.53204900198788,29
1424,51,16,69,8,2.5286243953362026,8
1425,76,16,109,7,2.5285469015591207,9
1426,38,11,68,6,2.523479576636185,5
1427,55,21,90,11,2.5152743292271547,10
1428,107,55,37,25,2.511119120051266,30
1429,97,26,88,13,2.5040499149163136,13
1430,106,50,63,24,2.502564365069799,26
1431,37,18,109,8,2.501013404341532,10
1432,11,20,48,9,2.499763597895506,11
1433,63,82,86,35,2.4905315925546017,47
1434,25,17,64,8,2.486147650380751,9
1435,7,11,3,4,2.4809135638523374,7
1436,8,39,20,18,2.4774464429650913,21
1437,106,10,81,5,2.47568043439478,5
1438,11,46,16,19,2.461047191041384,27
1439,54,14,49,7,2.454208065190866,7
1440,46,48,5,21,2.452279517290662,27
1441,77,10,97,4,2.4504127496617456,6
1442,32,10,50,6,2.444054190716271,4
1443,20,17,97,8,2.4355837212433697,9
1444,87,21,99,9,2.4324110326808843,12
1445,65,40,106,18,2.4262889602024393,22
1446,88,44,51,21,2.42001159418188,23
1447,109,11,99,5,2.4195174025010595,6
1448,86,11,4,5,2.4130242941982507,6
1449,78,11,60,6,2.4088049736485107,5
1450,25,17,70,8,2.405943954843893,9
1451,13,15,91,6,2.4048839318517143,9
1452,7,54,60,26,2.4043428816771972,28
1453,99,19,86,8,2.400382898068694,11
1454,75,16,49,7,2.3963432878791227,9
1455,64,14,55,7,2.3960526203970374,7
1456,93,14,84,6,2.3958694367553783,8
1457,68,34,40,17,2.3936283502356774,17
1458,20,20,109,8,2.3908375286297607,12
1459,83,22,87,11,2.390357141943488,11
1460,111,12,8,6,2.390343846489095,6
1461,13,32,53,14,2.3827390974494667,18
1462,99,23,5,11,2.3616219022642833,12
1463,48,14,109,6,2.3615030071790217,8
1464,23,11,27,5,2.3601895117131306,6
1465,86,23,62,11,2.3526312077316156,12
1466,44,12,88,6,2.349310049393156,6
1467,114,35,88,16,2.3441872636982195,19
1468,27,14,106,8,2.3381898166899533,6
1469,33,12,11,7,2.336303729576231,5
1470,37,11,43,4,2.332605420766109,7
1471,51,14,49,7,2.3323191654657673,7
1472,7,14,83,5,2.315004026909274,9
1473,65,31,37,16,2.310922307726252,15
1474,106,36,96,16,2.2984565902488905,20
1475,9,23,107,10,2.2777476505867833,13
1476,17,24,107,11,2.2761669839302225,13
1477,28,66,96,31,2.267406944603933,35
1478,50,15,64,7,2.2583026149309773,8
1479,46,34,28,14,2.2549666124967906,20
1480,54,29,39,13,2.2406810907726036,16
1481,63,14,49,7,2.2342923816527582,7
1482,76,23,8,11,2.22939302069529,12
1483,28,16,100,7,2.2255414738387724,9
1484,18,23,87,11,2.225006221273623,12
1485,112,11,8,6,2.2144684353504553,5
1486,86,28,2,14,2.2092021993038244,14
1487,110,13,16,6,2.203908487755191,7
1488,37,24,84,11,2.201223464549896,13
1489,77,14,65,7,2.2011849181716925,7
1490,8,23,48,10,2.2004165749645987,13
1491,51,12,57,6,2.1964509320829118,6
1492,96,11,14,5,2.19268862994012,6
1493,74,17,7,10,2.191637272999585,7
1494,30,36,16,16,2.189153119772493,20
1495,27,20,39,11,2.1886192770430477,9
1496,8,64,74,28,2.186622040651489,36
1497,28,45,65,20,2.1615246626057054,25
1498,23,10,29,5,2.1610971150686167,5
1499,2,19,87,9,2.150541163273267,10
1500,88,15,35,7,2.147090805157004,8
1501,109,16,50,8,2.1420450648202105,8
1502,25,11,108,5,2.1404821559469904,6
1503,75,20,31,10,2.138260198723352,10
1504,7,13,47,5,2.130428098242858,8
1505,8,15,33,6,2.129402754491363,9
1506,104,25,109,12,2.1264175418400835,13
1507,41,10,89,5,2.124994842096453,5
1508,107,31,60,14,2.118773990834714,17
1509,25,15,84,7,2.1183956865956017,8
1510,48,13,30,7,2.114145406665778,6
1511,36,24,39,12,2.1125043235541665,12
1512,74,37,65,18,2.111239481665498,19
1513,18,10,12,5,2.101561374914727,5
1514,86,93,87,48,2.1010845898816353,45
1515,99,24,60,11,2.100940382067205,13
1516,28,62,5,30,2.1003743399505708,32
1517,97,22,8,11,2.094799206270941,11
1518,75,12,109,5,2.086370884794744,7
1519,78,10,88,5,2.0850362472415522,5
1520,109,18,97,8,2.0795967033066414,10
1521,82,10,63,5,2.077975861296688,5
1522,57,15,46,7,2.0747037466091505,8
1523,50,26,25,13,2.0720055901853556,13
1524,97,26,63,12,2.0694495254936975,14
1525,17,10,68,5,2.0679174442994372,5
1526,97,30,106,15,2.0644256996528543,15
1527,50,15,30,7,2.0464195072984315,8
1528,86,16,111,8,2.041395078504927,8
1529,90,24,60,10,2.0397275719261816,14
1530,99,16,15,7,2.0375168850995924,9
1531,13,14,70,6,2.032328222536006,8
1532,55,12,73,6,2.0248295643907164,6
1533,71,18,87,9,2.022308547295865,9
1534,53,32,65,17,2.020870605382192,15
1535,76,24,70,11,2.0205668013908826,13
1536,8,36,90,16,2.0194647820717804,20
1537,111,12,39,6,2.0153993087738304,6
1538,33,10,99,5,1.9995697947435775,5
1539,46,38,11,17,1.9985912350445674,21
1540,84,10,35,5,1.9965083140622215,5
1541,41,13,1,5,1.9865214032721796,8
1542,48,13,13,6,1.9848220769452258,7
1543,40,12,75,5,1.971879537677207,7
1544,2,12,75,5,1.9694128550530172,7
1545,8,41,51,19,1.9688998977328516,22
1546,54,59,107,28,1.9631747923858829,31
1547,77,16,4,7,1.946865778937695,9
1548,25,15,57,7,1.9367936004868358,8
1549,63,27,40,13,1.9361935883543124,14
1550,87,30,84,14,1.9310332903828065,16
1551,65,54,13,27,1.9305248502310473,27
1552,87,38,63,19,1.9304949512668022,19
1553,112,10,75,5,1.9289326018714483,5
1554,23,32,86,14,1.9182051181478577,18
1555,99,11,76,6,1.9173589523208343,5
1556,30,14,96,7,1.9170201840499577,7
1557,1,15,7,8,1.9162712570705793,7
1558,74,14,108,7,1.8987503296630384,7
1559,64,10,107,4,1.895630013514836,6
1560,5,26,91,11,1.892251700304698,15
1561,5,49,96,22,1.8890948283914337,27
1562,68,14,71,6,1.8814206872929742,8
1563,68,27,87,13,1.8784999423115685,14
1564,60,16,83,7,1.8774619090517453,9
1565,40,40,51,18,1.8746059330502831,22
1566,28,26,9,13,1.873436210764629,13
1567,20,15,76,8,1.8717042450890158,7
1568,75,18,47,7,1.8686963229110995,11
1569,74,13,17,6,1.8676704113074118,7
1570,37,44,28,20,1.8670737685584553,24
1571,37,95,5,46,1.8654288703425719,49
1572,2,17,84,8,1.8594432529031952,9
1573,83,19,88,10,1.8504010929562806,9
1574,34,12,106,5,1.8480424044178243,7
1575,50,18,114,8,1.8469975740050815,10
1576,109,24,106,12,1.8438625812895593,12
1577,55,46,65,23,1.8416012028995397,23
1578,37,46,51,24,1.8410186071468577,22
1579,102,13,99,6,1.8212893413036875,7
1580,65,24,31,11,1.807310013561828,13
1581,8,64,28,29,1.8060421386611976,35
1582,60,26,53,13,1.800034288122079,13
1583,87,67,107,32,1.7948917898832153,35
1584,104,49,16,24,1.794859812655941,25
1585,2,20,37,10,1.7943143656917857,10
1586,69,10,41,5,1.791248196090096,5
1587,8,32,65,16,1.7899799165279253,16
1588,55,33,60,16,1.7864789964959908,17
1589,37,25,90,12,1.7816453937181782,13
1590,48,23,16,10,1.7794429962560594,13
1591,96,56,107,25,1.7781061515399443,31
1592,104,49,13,23,1.7725608664189003,26
1593,84,26,70,12,1.7530345342228948,14
1594,68,10,44,5,1.7466237861985945,5
1595,36,16,9,7,1.73307659819646,9
1596,16,52,13,24,1.732239929466122,28
1597,70,19,75,10,1.7314858975507377,9
1598,60,13,11,7,1.72978393860355,6
1599,16,21,43,9,1.7246452561926753,12
1600,95,25,28,11,1.7143083531485523,14
1601,74,10,85,5,1.7134982697618455,5
1602,84,13,76,6,1.710890300241341,7
1603,46,10,41,4,1.7055763851805161,6
1604,86,14,33,6,1.6956445150868669,8
1605,86,59,55,28,1.6813299636167562,31
1606,76,29,96,13,1.6762730706442965,16
1607,96,14,73,7,1.6753693979758282,7
1608,77,15,5,7,1.6718563886987095,8
1609,86,41,90,19,1.6705891285675574,22
1610,107,31,70,15,1.6685978034904536,16
1611,32,11,109,6,1.6660133397695764,5
1612,4,17,16,9,1.6500251202992011,8
1613,39,36,65,19,1.6474543384948792,17
1614,106,23,100,10,1.6259246684962216,13
1615,34,11,9,6,1.6242149298552002,5
1616,55,49,88,22,1.6154630922330864,27
1617,18,10,111,5,1.6141345577429873,5
1618,23,43,16,20,1.6132165016908744,23
1619,63,25,70,12,1.612262611699524,13
1620,34,21,107,9,1.6030565634408773,12
1621,25,43,39,21,1.5986224764603003,22
1622,41,11,114,6,1.5974398089842012,5
1623,53,11,4,5,1.5967448236792172,6
1624,95,23,39,11,1.5861677629693824,12
1625,2,15,25,8,1.5845186001024008,7
1626,75,32,13,16,1.5823037210551258,16
1627,13,42,41,19,1.57234800817768,23
1628,17,24,50,12,1.572128057564237,12
1629,84,18,80,8,1.570942028221592,10
1630,87,43,54,19,1.5704447780099924,24
1631,70,11,90,5,1.5691735166520109,6
1632,63,36,50,17,1.5673775939383385,19
1633,40,12,11,6,1.5566395809274456,6
1634,104,23,83,10,1.5563880557352996,13
1635,8,19,17,10,1.5403077254917843,9
1636,8,12,27,5,1.536043051403204,7
1637,107,11,79,6,1.5337921396437175,5
1638,106,19,83,8,1.5311768047912764,11
1639,75,30,39,15,1.5267571459857696,15
1640,35,14,37,7,1.523131742310598,7
1641,4,30,7,14,1.5186195468564299,16
1642,16,17,2,8,1.5157503924432267,9
1643,46,12,55,5,1.5148590180899557,7
1644,51,13,36,7,1.509572027592031,6
1645,70,13,9,6,1.504563121307626,7
1646,98,23,104,9,1.501246773408476,14
1647,55,12,35,6,1.4940575955038922,6
1648,23,26,87,12,1.493663595631047,14
1649,7,16,43,8,1.4931636123309275,8
1650,102,16,106,8,1.4908896648943566,8
1651,88,38,41,18,1.4831133726418428,20
1652,71,28,13,14,1.4798940541499181,14
1653,71,11,76,6,1.4793821547832278,5
1654,104,54,65,26,1.4765923060138901,28
1655,11,17,32,9,1.4729852723414754,8
1656,20,28,16,12,1.47224219682996,16
1657,28,14,89,6,1.4639788382157592,8
1658,98,19,76,8,1.4493678922731097,11
1659,44,14,6,6,1.4414101244293567,8
1660,31,12,50,5,1.4387022714155193,7
1661,70,13,40,6,1.43617994756994,7
1662,23,34,65,17,1.434785920488735,17
1663,91,12,54,6,1.4331424659599215,6
1664,36,14,114,8,1.4292464330087793,6
1665,13,45,86,20,1.4273534266232455,25
1666,106,14,110,7,1.4258595725562953,7
1667,88,22,18,12,1.4241535943930297,10
1668,27,14,41,7,1.4202200947156756,7
1669,74,10,98,5,1.4177496992788108,5
1670,102,15,11,6,1.4114820984859568,9
1671,55,27,84,13,1.3965203244162756,14
1672,95,17,23,9,1.3963563173964124,8
1673,4,14,87,6,1.394990691728402,8
1674,55,50,51,23,1.392880835478624,27
1675,83,19,97,10,1.3860983501952917,9
1676,39,12,12,6,1.3850490174415733,6
1677,11,48,28,24,1.3816823064618553,24
1678,64,19,68,8,1.3815652924627524,11
1679,90,11,76,6,1.3711097869836062,5
1680,106,24,41,12,1.3708425860505404,12
1681,43,15,39,6,1.3698434116921019,9
1682,114,20,17,9,1.3661028794361338,11
1683,97,13,75,7,1.365095248526459,6
1684,25,26,30,14,1.363384718034577,12
1685,7,14,11,7,1.356387612444363,7
1686,60,26,68,12,1.3546574095706643,14
1687,60,27,114,15,1.3528542193766324,12
1688,39,32,68,17,1.350045224206658,15
1689,98,10,18,4,1.3471084627969787,6
1690,106,39,88,17,1.34469695650301,22
1691,79,17,28,8,1.3443965025775713,9
1692,84,17,90,8,1.3434141546201468,9
1693,77,44,60,21,1.3359667462272473,23
1694,8,66,37,32,1.3357403383797626,34
1695,107,57,63,30,1.3336354413908595,27
1696,75,11,100,6,1.3288692686803878,5
1697,88,11,3,5,1.3274867266769532,6
1698,107,42,106,21,1.321071622636111,21
1699,114,29,16,15,1.319212747422484,14
1700,10,16,8,7,1.3145513780375315,9
1701,70,10,102,6,1.3043211125718095,4
1702,88,18,4,8,1.301574456251896,10
1703,8,15,18,8,1.2992539963656762,7
1704,106,16,48,8,1.2966873109190276,8
1705,74,11,71,6,1.2965496064290503,5
1706,75,21,9,11,1.2892374055727829,10
1707,23,23,25,11,1.2876883521503095,12
1708,107,46,51,24,1.285499440797417,22
1709,88,54,107,24,1.2853888444137915,30
1710,50,60,54,29,1.2848329778180418,31
1711,68,16,46,8,1.2764154556914638,8
1712,17,34,37,18,1.2727375464984247,16
1713,87,41,55,19,1.2726321489984762,22
1714,84,37,96,19,1.2684027154450666,18
1715,28,18,73,8,1.2674667464036864,10
1716,55,26,99,12,1.2605449554949548,14
1717,71,11,114,6,1.2597821553271566,5
1718,65,13,14,7,1.2593828148312758,6
1719,51,18,30,9,1.2591099162694142,9
1720,86,14,78,6,1.2581466617600456,8
1721,11,44,107,21,1.2577214098422742,23
1722,57,13,41,5,1.2500736562579264,8
1723,30,12,7,5,1.2481777080985,7
1724,109,19,84,9,1.24524860607484,10
1725,106,89,86,44,1.2404397072332634,45
1726,54,19,98,9,1.237916298592764,10
1727,8,19,7,10,1.2309417248059393,9
1728,65,42,68,20,1.2100433324602082,22
1729,25,25,109,12,1.1927554377225935,13
1730,57,14,28,7,1.1812096036740403,7
1731,16,49,74,23,1.1644590230847542,26
1732,2,40,8,20,1.1594572352269998,20
1733,60,23,8,12,1.1588815651213724,11
1734,65,33,75,16,1.155792582764016,17
1735,50,11,73,4,1.148123985347342,7
1736,104,37,114,17,1.133354591991396,20
1737,20,14,48,6,1.1319086574299344,8
1738,40,33,39,15,1.1305534343647476,18
1739,111,16,13,9,1.1269585167600202,7
1740,13,39,5,19,1.1249218143526358,20
1741,75,23,74,10,1.113638297992798,13
1742,55,13,18,7,1.1123136466443193,6
1743,39,27,53,12,1.1110069628054813,15
1744,53,16,5,7,1.1100089939054687,9
1745,5,47,54,22,1.0944368571176064,25
1746,83,16,109,9,1.0939664342434448,7
1747,68,51,13,24,1.09192682191897,27
1748,86,67,20,32,1.090808542947844,35
1749,90,30,16,13,1.086450964750539,17
1750,83,33,55,17,1.0771475436917035,16
1751,49,10,28,4,1.071731750298935,6
1752,87,26,46,14,1.071726994655554,12
1753,6,17,16,9,1.0709542684654267,8
1754,67,20,37,9,1.0707700527635258,11
1755,84,59,107,29,1.0684618045247287,30
1756,39,14,20,8,1.0673965411691178,6
1757,51,14,97,7,1.0538699457189276,7
1758,53,18,55,9,1.0538469567504538,9
1759,55,36,75,20,1.0520085731791105,16
1760,33,16,28,9,1.0436942408383045,7
1761,88,11,74,4,1.043558433601539,7
1762,114,16,46,7,1.0425155794457335,9
1763,50,14,4,7,1.0420140925868158,7
1764,86,47,109,23,1.0362329314249126,24
1765,41,23,18,11,1.0300490951943109,12
1766,87,17,80,8,1.02311056991515,9
1767,70,10,33,5,1.0222975969230632,5
1768,31,24,36,11,1.0212679741299346,13
1769,60,21,54,10,1.0173298945961098,11
1770,93,20,88,9,1.0138818382921346,11
1771,20,23,80,11,1.0138169865719238,12
1772,40,12,114,7,1.0083982195614443,5
1773,20,22,70,11,1.0037779537681712,11
1774,109,10,71,5,0.9970275319814977,5
1775,51,18,9,9,0.9954319566389147,9
1776,107,13,14,7,0.9920091994330184,6
1777,106,67,28,32,0.9916026418837893,35
1778,107,10,12,6,0.9798393160313019,4
1779,54,21,7,11,0.976706957190529,10
1780,96,44,87,22,0.9639736076499449,22
1781,99,17,30,8,0.9625609444179624,9
1782,53,20,104,10,0.958440561565439,10
1783,14,14,5,6,0.9561035605846475,8
1784,112,12,63,5,0.9545729647584587,7
1785,63,27,25,12,0.9527168084783876,15
1786,65,14,44,8,0.9497207320336302,6
1787,88,13,47,6,0.949625238519646,7
1788,87,38,74,18,0.9489215682392524,20
1789,37,20,76,11,0.942629410207245,9
1790,91,24,107,11,0.9408438298942094,13
1791,30,38,86,18,0.9407202047224429,20
1792,49,12,8,5,0.934404378662043,7
1793,8,32,93,16,0.929819616045558,16
1794,86,85,28,40,0.9297922618079089,45
1795,25,22,83,10,0.9290503981463761,12
1796,85,12,107,6,0.9241238862197019,6
1797,18,18,74,8,0.9157992079065538,10
1798,114,51,107,24,0.9146618525306613,27
1799,51,33,46,15,0.911353828101423,18
1800,18,15,65,8,0.9097582893498202,7
1801,114,26,97,12,0.8993919615401927,14
1802,107,31,46,16,0.8942764168819464,15
1803,90,18,88,9,0.8925647585085008,9
1804,9,10,111,5,0.8853178495579949,5
1805,18,18,40,8,0.8805030745356137,10
1806,10,10,114,4,0.8617397018011257,6
1807,96,13,109,6,0.860547999068384,7
1808,71,11,27,5,0.8594031885728516,6
1809,39,14,96,6,0.8584786467987305,8
1810,49,22,7,9,0.8555666058201791,13
1811,36,17,64,9,0.8526359050546153,8
1812,114,23,63,12,0.8503305084380341,11
1813,8,64,54,33,0.8453996480922652,31
1814,88,54,46,26,0.8435435910534028,28
1815,36,25,75,14,0.8410967044466713,11
1816,86,49,50,22,0.8340668843405551,27
1817,86,10,89,4,0.8309374732906825,6
1818,2,16,46,8,0.8285194662826778,8
1819,68,17,91,9,0.8274892878368526,8
1820,74,37,25,18,0.8204962979912085,19
1821,25,14,90,7,0.8193923685462247,7
1822,55,12,41,6,0.8180588554995193,6
1823,106,33,51,16,0.8154955771531974,17
1824,106,39,50,18,0.8096202630526165,21
1825,8,14,80,6,0.8089658215861046,8
1826,106,14,9,7,0.7972415793496318,7
1827,96,36,55,18,0.7893581602386032,18
1828,18,16,60,8,0.7875929248882376,8
1829,95,30,87,15,0.7851606549439535,15
1830,65,17,84,9,0.7808353432634707,8
1831,99,25,13,12,0.7784141629051679,13
1832,33,15,104,8,0.7704375614853092,7
1833,11,15,51,8,0.765784841674621,7
1834,114,23,74,12,0.7506194135084285,11
1835,63,17,13,9,0.7485952988433006,8
1836,28,27,48,13,0.7484805696104432,14
1837,104,30,74,14,0.7473029478332428,16
1838,50,26,51,13,0.7459805683823983,13
1839,44,15,25,7,0.7339941983900393,8
1840,41,25,39,12,0.733394213106503,13
1841,8,47,11,21,0.7230407809506088,26
1842,88,12,48,5,0.721628645159468,7
1843,82,13,28,7,0.7153587234866209,6
1844,70,52,8,26,0.714533044758106,26
1845,88,30,84,16,0.7084791071128511,14
1846,76,15,30,8,0.708134364255956,7
1847,47,12,65,6,0.7006762094754095,6
1848,50,40,11,19,0.6981183946332987,21
1849,80,12,71,6,0.6976671842994104,6
1850,27,11,99,6,0.6941577039356042,5
1851,23,15,15,7,0.6735916899677631,8
1852,104,35,106,18,0.6595698066672848,17
1853,106,46,11,20,0.6535108004818931,26
1854,98,16,50,8,0.6426219058041094,8
1855,11,11,97,6,0.6269874474505769,5
1856,107,62,5,31,0.6252815058217583,31
1857,28,29,39,14,0.6217554250753377,15
1858,35,13,7,7,0.6210982599705165,6
1859,65,31,60,14,0.6201108672635822,17
1860,102,11,98,6,0.6175099367937772,5
1861,80,11,7,5,0.6066137256102835,6
1862,20,10,40,5,0.6005897193257779,5
1863,97,17,93,8,0.5934767161556218,9
1864,51,16,31,7,0.5907259759314125,9
1865,107,65,28,31,0.5830983269262209,34
1866,2,17,96,8,0.5793042045284421,9
1867,107,24,98,12,0.5631653246709124,12
1868,51,15,98,7,0.562825043605883,8
1869,97,30,2,14,0.5614740846174435,16
1870,84,29,50,15,0.5600416600783537,14
1871,83,10,2,5,0.5594397265150824,5
1872,17,22,25,11,0.5587031515817832,11
1873,102,10,84,5,0.555323987307036,5
1874,13,20,9,9,0.5400025936541946,11
1875,40,46,86,21,0.5397167955352431,25
1876,106,15,73,7,0.532754009157397,8
1877,20,15,13,8,0.5291560401746672,7
1878,76,20,46,10,0.528169825790584,10
1879,1,12,73,6,0.5279151460001303,6
1880,8,77,55,40,0.5209880175994289,37
1881,107,12,94,7,0.5206364747602409,5
1882,86,14,34,7,0.5201415239407956,7
1883,104,36,95,17,0.5001729275119371,19
1884,107,22,38,10,0.49903482068084093,12
1885,75,13,27,5,0.4974930029627913,8
1886,4,10,81,5,0.49364871147749445,5
1887,65,64,86,31,0.4904273777989592,33
1888,28,20,71,9,0.49018926512613936,11
1889,7,36,31,19,0.48919177960685467,17
1890,86,10,31,4,0.4805587887773209,6
1891,95,28,74,13,0.47842550860281996,15
1892,88,28,75,15,0.47530286144516876,13
1893,20,19,2,9,0.46802771578138846,10
1894,63,17,44,8,0.45751243590606744,9
1895,68,25,107,13,0.4553557693274485,12
1896,39,39,55,19,0.44589075584889887,20
1897,90,15,11,7,0.4409004522210816,8
1898,33,13,54,7,0.43670790689912964,6
1899,8,74,107,39,0.43526473064358406,35
1900,74,17,80,9,0.4324611679866122,8
1901,107,54,7,25,0.4229101528206413,29
1902,9,23,86,10,0.42217829337048374,13
1903,36,18,1,8,0.41807437837735445,10
1904,84,14,79,8,0.41419542722796737,6
1905,111,38,68,20,0.41023964335187346,18
1906,63,38,5,16,0.40800993583737216,22
1907,104,38,7,18,0.407060415049054,20
1908,28,71,16,36,0.4038581985222006,35
1909,99,14,104,8,0.39792129449437547,6
1910,90,15,17,8,0.39476347822724994,7
1911,114,11,84,5,0.3934140776601028,6
1912,8,13,44,6,0.3904420875790005,7
1913,44,10,107,5,0.38493222335044347,5
1914,106,35,70,16,0.3799995965185726,19
1915,65,62,54,31,0.3724957353550611,31
1916,28,22,83,9,0.36492740395353174,13
1917,60,22,46,11,0.3594827328210806,11
1918,33,13,13,6,0.3582518771999595,7
1919,43,12,18,7,0.35211159286353083,5
1920,114,22,7,10,0.3486533356280044,12
1921,87,57,106,29,0.3434828808648843,28
1922,112,11,106,5,0.33737099377770785,6
1923,106,14,60,7,0.336939838579221,7
1924,54,25,84,13,0.33308077981097683,12
1925,40,42,60,21,0.33059086098713647,21
1926,112,10,16,6,0.32739806581511044,4
1927,13,19,11,9,0.31995850892696537,10
1928,16,39,70,18,0.3070972120099422,21
1929,25,61,16,30,0.2974865273442885,31
1930,70,49,86,23,0.28498345260667884,26
1931,28,13,60,5,0.28396721745781417,8
1932,37,13,39,7,0.28210005082695544,6
1933,67,12,25,6,0.2816428039469064,6
1934,106,22,17,10,0.28013016095907645,12
1935,13,37,4,19,0.2770514537182047,18
1936,63,33,11,14,0.27232059503922706,19
1937,94,10,28,6,0.27139905814562865,4
1938,74,38,54,18,0.2707426697250304,20
1939,1,18,107,9,0.2675172086968496,9
1940,84,11,17,5,0.26657119917942235,6
1941,28,23,76,12,0.2624094415845059,11
1942,33,11,96,7,0.2613811530785739,4
1943,87,11,92,6,0.2558228307296545,5
1944,95,40,5,21,0.25348100991507183,19
1945,108,14,13,6,0.25177317722487225,8
1946,104,23,70,11,0.24845959053171268,12
1947,65,26,50,13,0.2462354821363454,13
1948,95,27,25,14,0.24426390880142534,13
1949,30,10,108,5,0.24117256366227835,5
1950,39,18,70,8,0.2405680213026826,10
1951,50,16,71,8,0.2384908701433216,8
1952,41,22,68,12,0.23240734165581348,10
1953,28,32,51,17,0.22942654135968313,15
1954,11,40,87,22,0.22473431916089695,18
1955,114,25,20,12,0.21848473013005174,13
1956,110,14,86,7,0.21626481408084025,7
1957,7,27,71,12,0.20711956630576497,15
1958,104,11,4,5,0.2067575821417991,6
1959,114,39,25,18,0.2007103993314441,21
1960,63,33,39,14,0.19647456639160443,19
1961,106,69,8,32,0.1950573284676129,37
1962,36,14,18,7,0.19440772239033827,7
1963,14,14,106,6,0.19021668109411646,8
1964,20,11,104,5,0.18707180650761046,6
1965,35,11,70,6,0.18631436457958764,5
1966,4,18,65,9,0.1835591687166029,9
1967,55,14,71,6,0.1818845561616865,8
1968,39,28,104,14,0.1748605393390361,14
1969,36,25,65,13,0.16981247631673654,12
1970,33,13,95,6,0.16746373964834158,7
1971,53,18,106,8,0.16234006612035815,10
1972,57,20,37,10,0.16220303080862575,10
1973,16,19,33,8,0.15766880077552775,11
1974,57,16,86,8,0.15508905237468196,8
1975,63,26,68,12,0.1507784729654071,14
1976,11,25,74,12,0.15006666233224167,13
1977,65,13,43,5,0.14707048531237632,8
1978,41,22,25,9,0.134750942385696,13
1979,50,16,34,8,0.13128791109247806,8
1980,97,10,64,6,0.13112662157752233,4
1981,93,17,107,8,0.12757170749762345,9
1982,37,19,98,9,0.12276616705292635,10
1983,74,21,2,11,0.11327187771293404,10
1984,87,57,5,28,0.10062627053374182,29
1985,87,43,51,22,0.09329245744050868,21
1986,79,15,16,7,0.0846210771917389,8
1987,11,27,39,14,0.08435132768700179,13
1988,65,22,11,12,0.08328669901936944,10
1989,95,14,41,7,0.06115623663116419,7
1990,7,36,9,19,0.06044089541403963,17
1991,36,10,111,5,0.05464967004744068,5
1992,95,47,86,22,0.0533388813813724,25
1993,38,12,13,7,0.04663733203984073,5
1994,15,21,25,9,0.041195634748059075,12
1995,87,13,14,7,0.034291897518969265,6
1996,55,13,4,7,0.028595318692110776,6
1997,77,12,39,6,0.028576279160181645,6
1998,97,32,74,16,0.02601036360275799,16
1999,17,30,51,16,0.017877942551602053,14
2000,51,25,84,12,0.01096799308021332,13
2001,2,20,88,10,0.009580056392909242,10
2002,114,35,37,19,0.00622221621453757,16
2003,109,20,102,10,0.0026602667859183526,10
2004,65,10,69,5,0.0015764163426249904,5
2005,51,27,18,13,0.0007193374773444448,14
2006,18,27,51,14,-0.0007193374773441816,13
2007,69,10,65,5,-0.001576416342625385,5
2008,102,20,109,10,-0.0026602667859165763,10
2009,37,35,114,16,-0.006222216214538382,19
2010,88,20,2,10,-0.009580056392909242,10
2011,84,25,51,13,-0.01096799308021332,12
2012,51,30,17,14,-0.01787794255160276,16
2013,74,32,97,16,-0.026010363602757103,16
2014,39,12,77,6,-0.028576279160181645,6
2015,4,13,55,6,-0.028595318692111366,7
2016,14,13,87,6,-0.034291897518968995,7
2017,25,21,15,12,-0.04119563474805823,9
2018,13,12,38,5,-0.04663733203984037,7
2019,86,47,95,25,-0.053338881381371626,22
2020,111,10,36,5,-0.05464967004744174,5
2021,9,36,7,17,-0.060440895414039526,19
2022,41,14,95,7,-0.061156236631162826,7
2023,11,22,65,10,-0.08328669901936994,12
2024,39,27,11,13,-0.08435132768700153,14
2025,16,15,79,8,-0.08462107719174033,7
2026,51,43,87,21,-0.09329245744050686,22
2027,5,57,87,29,-0.10062627053374157,28
2028,2,21,74,10,-0.11327187771293505,11
2029,98,19,37,10,-0.12276616705292485,9
2030,64,10,97,4,-0.13112662157752233,6
2031,34,16,50,8,-0.13128791109247828,8
2032,25,22,41,13,-0.13475094238569565,9
2033,43,13,65,8,-0.1470704853123769,5
2034,74,25,11,13,-0.1500666623322408,12
2035,68,26,63,14,-0.1507784729654066,12
2036,86,16,57,8,-0.15508905237468193,8
2037,33,19,16,11,-0.15766880077552733,8
2038,37,20,57,10,-0.162203030808627,10
2039,106,18,53,10,-0.16234006612035895,8
2040,95,13,33,7,-0.16746373964834213,6
2041,65,25,36,12,-0.16981247631673682,13
2042,104,28,39,14,-0.17486053933903567,14
2043,71,14,55,8,-0.1818845561616865,6
2044,65,18,4,9,-0.1835591687166029,9
2045,70,11,35,5,-0.18631436457958692,6
2046,104,11,20,6,-0.1870718065076108,5
2047,106,14,14,8,-0.19021668109411646,6
2048,18,14,36,7,-0.19440772239033968,7
2049,8,69,106,37,-0.19505732846761326,32
2050,39,33,63,19,-0.19647456639160266,14
2051,25,39,114,21,-0.2007103993314442,18
2052,4,11,104,6,-0.2067575821417991,5
2053,71,27,7,15,-0.20711956630576392,12
2054,86,14,110,7,-0.21626481408084125,7
2055,20,25,114,13,-0.21848473013005537,12
2056,87,40,11,18,-0.22473431916089676,22
2057,51,32,28,15,-0.22942654135968277,17
2058,68,22,41,10,-0.23240734165581467,12
2059,71,16,50,8,-0.23849087014332065,8
2060,70,18,39,10,-0.2405680213026826,8
2061,108,10,30,5,-0.24117256366227763,5
2062,25,27,95,13,-0.2442639088014252,14
2063,50,26,65,13,-0.24623548213634697,13
2064,70,23,104,12,-0.2484595905317144,11
2065,13,14,108,8,-0.2517731772248725,6
2066,5,40,95,19,-0.253481009915071,21
2067,92,11,87,5,-0.2558228307296545,6
2068,96,11,33,4,-0.26138115307857424,7
2069,76,23,28,11,-0.2624094415845068,12
2070,17,11,84,6,-0.26657119917942235,5
2071,107,18,1,9,-0.2675172086968504,9
2072,54,38,74,20,-0.27074266972503125,18
2073,28,10,94,4,-0.27139905814562937,6
2074,11,33,63,19,-0.27232059503922706,14
2075,4,37,13,18,-0.2770514537182044,19
2076,17,22,106,12,-0.28013016095907695,10
2077,25,12,67,6,-0.2816428039469064,6
2078,39,13,37,6,-0.28210005082695544,7
2079,60,13,28,8,-0.28396721745781406,5
2080,86,49,70,26,-0.28498345260667907,23
2081,16,61,25,31,-0.2974865273442891,30
2082,70,39,16,21,-0.3070972120099418,18
2083,11,19,13,10,-0.3199585089269635,9
2084,16,10,112,4,-0.32739806581511066,6
2085,60,42,40,21,-0.3305908609871378,21
2086,84,25,54,12,-0.33308077981097556,13
2087,60,14,106,7,-0.336939838579221,7
2088,106,11,112,6,-0.33737099377770813,5
2089,106,57,87,28,-0.3434828808648838,29
2090,107,57,74,28,-0.34781875244302674,29
2091,7,22,114,12,-0.34865333562800416,10
2092,18,12,43,5,-0.35211159286353083,7
2093,13,13,33,7,-0.3582518771999591,6
2094,46,22,60,11,-0.35948273282107995,11
2095,83,22,28,13,-0.36492740395353107,9
2096,54,62,65,31,-0.37249573535506125,31
2097,70,35,106,19,-0.37999959651857307,16
2098,107,10,44,5,-0.38493222335044386,5
2099,44,13,8,7,-0.3904420875789997,6
2100,84,11,114,6,-0.39341407766010245,5
2101,17,15,90,7,-0.39476347822725016,8
2102,104,14,99,6,-0.39792129449437524,8
2103,16,71,28,35,-0.4038581985222006,36
2104,7,38,104,20,-0.4070604150490546,18
2105,5,38,63,22,-0.4080099358373725,16
2106,12,11,88,5,-0.4090282765032756,6
2107,68,38,111,18,-0.41023964335187335,20
2108,79,14,84,6,-0.414195427227968,8
2109,1,18,36,10,-0.41807437837735256,8
2110,86,23,9,13,-0.42217829337048457,10
2111,7,54,107,29,-0.42291015282064226,25
2112,80,17,74,8,-0.4324611679866118,9
2113,107,74,8,35,-0.43526473064358473,39
2114,54,13,33,6,-0.43670790689912903,7
2115,11,15,90,8,-0.4409004522210813,7
2116,55,39,39,20,-0.4458907558489008,19
2117,107,25,68,12,-0.45535576932744853,13
2118,44,17,63,9,-0.45751243590606805,8
2119,2,19,20,10,-0.4680277157813875,9
2120,75,28,88,13,-0.47530286144516903,15
2121,74,28,95,15,-0.4784255086028221,13
2122,31,10,86,6,-0.4805587887773196,4
2123,31,36,7,17,-0.489191779606855,19
2124,71,20,28,11,-0.49018926512613936,9
2125,86,64,65,33,-0.49042737779895895,31
2126,81,10,4,5,-0.4936487114774941,5
2127,27,13,75,8,-0.49749300296279125,5
2128,38,22,107,12,-0.49903482068084154,10
2129,95,36,104,19,-0.5001729275119376,17
2130,34,14,86,7,-0.5201415239407952,7
2131,94,12,107,5,-0.5206364747602409,7
2132,55,77,8,37,-0.5209880175994306,40
2133,73,12,1,6,-0.5279151460001312,6
2134,46,20,76,10,-0.5281698257905821,10
2135,13,15,20,7,-0.529156040174666,8
2136,73,15,106,8,-0.5327540091573966,7
2137,86,46,40,25,-0.5397167955352424,21
2138,9,20,13,11,-0.5400025936541948,9
2139,84,10,102,5,-0.5553239873070354,5
2140,25,22,17,11,-0.5587031515817824,11
2141,2,10,83,5,-0.559439726515081,5
2142,50,29,84,14,-0.5600416600783534,15
2143,2,30,97,16,-0.5614740846174444,14
2144,98,15,51,8,-0.5628250436058823,7
2145,98,24,107,12,-0.5631653246709111,12
2146,88,31,20,17,-0.5704944851473027,14
2147,93,11,20,5,-0.5766686262962127,6
2148,96,17,2,9,-0.5793042045284422,8
2149,28,65,107,34,-0.5830983269262211,31
2150,31,16,51,9,-0.5907259759314125,7
2151,93,17,97,9,-0.5934767161556219,8
2152,40,10,20,5,-0.600589719325777,5
2153,7,11,80,6,-0.6066137256102828,5
2154,98,11,102,5,-0.6175099367937773,6
2155,60,31,65,17,-0.6201108672635818,14
2156,7,13,35,6,-0.6210982599705168,7
2157,39,29,28,15,-0.6217554250753369,14
2158,5,62,107,31,-0.6252815058217575,31
2159,97,11,11,5,-0.626987447450576,6
2160,50,16,98,8,-0.6426219058041119,8
2161,11,46,106,26,-0.6535108004818926,20
2162,106,35,104,17,-0.659569806667285,18
2163,15,15,23,8,-0.6735916899677633,7
2164,99,11,27,5,-0.6941577039356038,6
2165,71,12,80,6,-0.6976671842994108,6
2166,11,40,50,21,-0.698118394633299,19
2167,65,12,47,6,-0.700676209475409,6
2168,30,15,76,7,-0.708134364255956,8
2169,84,30,88,14,-0.7084791071128513,16
2170,8,52,70,26,-0.7145330447581052,26
2171,28,13,82,6,-0.7153587234866207,7
2172,48,12,88,7,-0.7216286451594675,5
2173,11,47,8,26,-0.7230407809506088,21
2174,39,25,41,13,-0.7333942131065028,12
2175,25,15,44,8,-0.7339941983900398,7
2176,51,26,50,13,-0.7459805683823977,13
2177,74,30,104,16,-0.7473029478332418,14
2178,48,27,28,14,-0.7484805696104441,13
2179,13,17,63,8,-0.7485952988433001,9
2180,74,23,114,11,-0.7506194135084283,12
2181,51,15,11,7,-0.7657848416746224,8
2182,104,15,33,7,-0.7704375614853106,8
2183,13,25,99,13,-0.7784141629051687,12
2184,84,17,65,8,-0.7808353432634698,9
2185,87,30,95,15,-0.7851606549439519,15
2186,60,16,18,8,-0.787592924888239,8
2187,55,36,96,18,-0.7893581602386027,18
2188,9,14,106,7,-0.7972415793496312,7
2189,80,14,8,8,-0.8089658215861041,6
2190,50,39,106,21,-0.8096202630526154,18
2191,51,33,106,17,-0.8154955771531989,16
2192,76,39,106,18,-0.8161691661592908,21
2193,41,12,55,6,-0.8180588554995193,6
2194,90,14,25,7,-0.8193923685462242,7
2195,20,27,74,13,-0.8203305748765273,14
2196,25,37,74,19,-0.8204962979912087,18
2197,91,17,68,8,-0.8274892878368547,9
2198,46,16,2,8,-0.8285194662826783,8
2199,89,10,86,6,-0.8309374732906832,4
2200,50,49,86,27,-0.8340668843405542,22
2201,106,39,76,22,-0.8387660623508122,17
2202,75,25,36,11,-0.8410967044466713,14
2203,46,54,88,28,-0.8435435910534025,26
2204,54,64,8,31,-0.8453996480922648,33
2205,63,23,114,11,-0.8503305084380341,12
2206,64,17,36,8,-0.8526359050546153,9
2207,7,22,49,13,-0.8555666058201792,9
2208,96,14,39,8,-0.8584786467987305,6
2209,27,11,71,6,-0.8594031885728509,5
2210,109,13,96,7,-0.8605479990683851,6
2211,114,10,10,6,-0.8617397018011254,4
2212,40,18,18,10,-0.8805030745356136,8
2213,111,10,9,5,-0.8853178495579956,5
2214,88,18,90,9,-0.8925647585085011,9
2215,46,31,107,15,-0.8942764168819444,16
2216,97,26,114,14,-0.8993919615401917,12
2217,65,15,18,7,-0.9097582893498202,8
2218,46,33,51,18,-0.911353828101423,15
2219,107,51,114,27,-0.9146618525306609,24
2220,74,18,18,10,-0.915799207906551,8
2221,107,12,85,6,-0.9241238862197033,6
2222,83,22,25,12,-0.9290503981463769,10
2223,28,85,86,45,-0.9297922618079087,40
2224,93,32,8,16,-0.9298196160455592,16
2225,8,12,49,7,-0.934404378662043,5
2226,86,38,30,20,-0.9407202047224418,18
2227,107,24,91,13,-0.9408438298942093,11
2228,76,20,37,9,-0.9426294102072454,11
2229,74,38,87,20,-0.9489215682392524,18
2230,47,13,88,7,-0.9496252385196459,6
2231,44,14,65,6,-0.9497207320336305,8
2232,25,27,63,15,-0.9527168084783868,12
2233,63,12,112,7,-0.9545729647584578,5
2234,5,14,14,8,-0.9561035605846475,6
2235,104,20,53,10,-0.9584405615654383,10
2236,30,17,99,9,-0.9625609444179637,8
2237,87,44,96,22,-0.9639736076499452,22
2238,7,21,54,10,-0.9767069571905289,11
2239,12,10,107,4,-0.9798393160313011,6
2240,28,67,106,35,-0.9916026418837889,32
2241,9,18,51,9,-0.9954319566389148,9
2242,71,10,109,5,-0.9970275319814981,5
2243,70,22,20,11,-1.00377795376817,11
2244,114,12,40,5,-1.008398219561445,7
2245,80,23,20,12,-1.0138169865719233,11
2246,88,20,93,11,-1.013881838292134,9
2247,54,21,60,11,-1.0173298945961082,10
2248,36,24,31,13,-1.021267974129934,11
2249,33,10,70,5,-1.0222975969230645,5
2250,80,17,87,9,-1.023110569915149,8
2251,18,23,41,12,-1.0300490951943109,11
2252,109,47,86,24,-1.036232931424912,23
2253,4,14,50,7,-1.042014092586816,7
2254,46,16,114,9,-1.0425155794457348,7
2255,74,11,88,7,-1.0435584336015389,4
2256,28,16,33,7,-1.0436942408383059,9
2257,75,36,55,16,-1.0520085731791113,20
2258,55,18,53,9,-1.0538469567504534,9
2259,97,14,51,7,-1.0538699457189267,7
2260,20,14,39,6,-1.0673965411691182,8
2261,107,59,84,30,-1.06846180452473,29
2262,37,20,67,11,-1.0707700527635244,9
2263,16,17,6,8,-1.0709542684654272,9
2264,46,26,87,12,-1.0717269946555545,14
2265,28,10,49,6,-1.0717317502989343,4
2266,55,33,83,16,-1.0771475436917033,17
2267,16,30,90,17,-1.0864509647505376,13
2268,20,67,86,35,-1.090808542947844,32
2269,13,51,68,27,-1.0919268219189677,24
2270,109,16,83,7,-1.0939664342434439,9
2271,54,47,5,25,-1.094436857117606,22
2272,74,57,107,30,-1.0972534237415095,27
2273,5,16,53,9,-1.1100089939054691,7
2274,53,27,39,15,-1.1110069628054815,12
2275,18,13,55,6,-1.1123136466443198,7
2276,74,23,75,13,-1.1136382979927992,10
2277,5,39,13,20,-1.1249218143526365,19
2278,13,16,111,7,-1.1269585167600207,9
2279,39,33,40,18,-1.1305534343647474,15
2280,48,14,20,8,-1.1319086574299342,6
2281,114,37,104,20,-1.133354591991396,17
2282,73,11,50,7,-1.1481239853473426,4
2283,75,33,65,17,-1.1557925827640156,16
2284,8,23,60,11,-1.1588815651213726,12
2285,8,40,2,20,-1.1594572352270007,20
2286,74,49,16,26,-1.164459023084754,23
2287,28,14,57,7,-1.181209603674041,7
2288,109,25,25,13,-1.1927554377225942,12
2289,68,42,65,22,-1.2100433324602076,20
2290,7,19,8,9,-1.2309417248059404,10
2291,98,19,54,10,-1.2379162985927636,9
2292,84,19,109,10,-1.2452486060748378,9
2293,7,12,30,7,-1.248177708098501,5
2294,41,13,57,8,-1.2500736562579269,5
2295,78,14,86,8,-1.2581466617600445,6
2296,30,18,51,9,-1.2591099162694146,9
2297,14,13,65,6,-1.259382814831276,7
2298,114,11,71,5,-1.259782155327156,6
2299,99,26,55,14,-1.260544955494955,12
2300,73,18,28,10,-1.2674667464036864,8
2301,96,37,84,18,-1.2684027154450674,19
2302,55,41,87,22,-1.2726321489984769,19
2303,37,34,17,16,-1.272737546498424,18
2304,46,16,68,8,-1.2764154556914633,8
2305,54,60,50,31,-1.2848329778180394,29
2306,76,21,11,10,-1.2854597694722447,11
2307,51,46,107,22,-1.2854994407974174,24
2308,25,23,23,12,-1.2876883521503089,11
2309,9,21,75,10,-1.2892374055727838,11
2310,71,11,74,5,-1.2965496064290505,6
2311,18,15,8,7,-1.2992539963656762,8
2312,4,18,88,10,-1.3015744562518974,8
2313,102,10,70,4,-1.3043211125718082,6
2314,8,16,10,9,-1.3145513780375313,7
2315,16,29,114,14,-1.3192127474224837,15
2316,3,11,88,6,-1.3274867266769528,5
2317,100,11,75,5,-1.3288692686803882,6
2318,90,30,107,15,-1.3294873204927782,15
2319,63,57,107,27,-1.333635441390859,30
2320,37,66,8,34,-1.3357403383797612,32
2321,60,44,77,23,-1.3359667462272469,21
2322,90,17,84,9,-1.3434141546201466,8
2323,28,17,79,9,-1.3443965025775715,8
2324,88,39,106,22,-1.3446969565030102,17
2325,18,10,98,6,-1.3471084627969787,4
2326,68,32,39,15,-1.350045224206658,17
2327,114,27,60,12,-1.3528542193766324,15
2328,68,26,60,14,-1.354657409570665,12
2329,11,14,7,7,-1.3563876124443621,7
2330,30,26,25,12,-1.3633847180345777,14
2331,75,13,97,6,-1.365095248526459,7
2332,17,20,114,11,-1.3661028794361336,9
2333,39,15,43,9,-1.3698434116921023,6
2334,41,24,106,12,-1.370842586050539,12
2335,76,11,90,5,-1.371109786983603,6
2336,68,19,64,11,-1.381565292462753,8
2337,28,48,11,24,-1.3816823064618546,24
2338,12,12,39,6,-1.3850490174415748,6
2339,97,19,83,9,-1.386098350195291,10
2340,51,50,55,27,-1.3928808354786235,23
2341,87,14,4,8,-1.394990691728403,6
2342,23,17,95,8,-1.3963563173964137,9
2343,84,27,55,14,-1.3965203244162752,13
2344,11,15,102,9,-1.4114820984859553,6
2345,107,30,90,16,-1.4161498142578393,14
2346,98,10,74,5,-1.417749699278812,5
2347,41,14,27,7,-1.4202200947156762,7
2348,18,22,88,10,-1.4241535943930284,12
2349,110,14,106,7,-1.425859572556296,7
2350,86,45,13,25,-1.427353426623245,20
2351,114,14,36,6,-1.4292464330087795,8
2352,54,12,91,6,-1.4331424659599221,6
2353,65,34,23,17,-1.4347859204887337,17
2354,40,13,70,7,-1.4361799475699388,6
2355,50,12,31,7,-1.4387022714155184,5
2356,6,14,44,8,-1.4414101244293562,6
2357,76,19,98,11,-1.4493678922731097,8
2358,89,14,28,8,-1.4639788382157586,6
2359,16,28,20,16,-1.4722421968299606,12
2360,32,17,11,8,-1.4729852723414758,9
2361,65,54,104,28,-1.47659230601389,26
2362,76,11,71,5,-1.479382154783228,6
2363,13,28,71,14,-1.4798940541499181,14
2364,41,38,88,20,-1.4831133726418422,18
2365,106,16,102,8,-1.4908896648943564,8
2366,43,16,7,8,-1.4931636123309282,8
2367,87,26,23,14,-1.4936635956310478,12
2368,35,12,55,6,-1.4940575955038922,6
2369,104,23,98,14,-1.5012467734084751,9
2370,9,13,70,7,-1.5045631213076247,6
2371,36,13,51,6,-1.509572027592031,7
2372,55,12,46,7,-1.514859018089955,5
2373,2,17,16,9,-1.5157503924432272,8
2374,7,30,4,16,-1.5186195468564312,14
2375,37,14,35,7,-1.523131742310598,7
2376,39,30,75,15,-1.52675714598577,15
2377,83,19,106,11,-1.531176804791276,8
2378,79,11,107,5,-1.5337921396437189,6
2379,27,12,8,7,-1.5360430514032035,5
2380,17,19,8,9,-1.5403077254917807,10
2381,83,23,104,13,-1.5563880557352991,10
2382,11,12,40,6,-1.5566395809274454,6
2383,50,36,63,19,-1.5673775939383394,17
2384,90,11,70,6,-1.5691735166520102,5
2385,54,43,87,24,-1.5704447780099935,19
2386,80,18,84,10,-1.5709420282215925,8
2387,50,24,17,12,-1.5721280575642353,12
2388,41,42,13,23,-1.5723480081776813,19
2389,13,32,75,16,-1.5823037210551258,16
2390,25,15,2,7,-1.5845186001024019,8
2391,39,23,95,12,-1.5861677629693829,11
2392,4,11,53,6,-1.5967448236792179,5
2393,114,11,41,5,-1.5974398089842008,6
2394,39,43,25,22,-1.5986224764602996,21
2395,107,21,34,12,-1.6030565634408767,9
2396,70,25,63,13,-1.612262611699524,12
2397,16,43,23,23,-1.613216501690873,20
2398,111,10,18,5,-1.614134557742986,5
2399,88,49,55,27,-1.6154630922330873,22
2400,9,11,34,5,-1.6242149298552002,6
2401,100,23,106,13,-1.6259246684962219,10
2402,65,36,39,17,-1.6474543384948792,19
2403,16,17,4,8,-1.650025120299199,9
2404,109,11,32,5,-1.666013339769578,6
2405,70,31,107,16,-1.6685978034904543,15
2406,90,41,86,22,-1.6705891285675556,19
2407,5,15,77,8,-1.671856388698709,7
2408,73,14,96,7,-1.6753693979758282,7
2409,96,29,76,16,-1.676273070644297,13
2410,55,59,86,31,-1.6813299636167558,28
2411,33,14,86,8,-1.695644515086867,6
2412,41,10,46,6,-1.7055763851805168,4
2413,76,13,84,7,-1.710890300241341,6
2414,85,10,74,5,-1.7134982697618457,5
2415,28,25,95,14,-1.7143083531485501,11
2416,43,21,16,12,-1.7246452561926744,9
2417,11,13,60,6,-1.729783938603551,7
2418,75,19,70,9,-1.7314858975507368,10
2419,13,52,16,28,-1.7322399294661204,24
2420,9,16,36,9,-1.7330765981964604,7
2421,44,10,68,5,-1.7466237861985938,5
2422,70,26,84,14,-1.7530345342228948,12
2423,13,49,104,26,-1.772560866418902,23
2424,107,56,96,31,-1.778106151539944,25
2425,16,23,48,13,-1.7794429962560583,10
2426,90,25,37,13,-1.7816453937181784,12
2427,60,33,55,17,-1.7864789964959922,16
2428,11,21,76,12,-1.7879913691893765,9
2429,65,32,8,16,-1.7899799165279244,16
2430,41,10,69,5,-1.7912481960900941,5
2431,37,20,2,10,-1.7943143656917857,10
2432,16,49,104,25,-1.794859812655941,24
2433,53,26,60,13,-1.8000342881220779,13
2434,28,64,8,35,-1.8060421386611965,29
2435,31,24,65,13,-1.8073100135618276,11
2436,99,13,102,7,-1.8212893413036864,6
2437,51,46,37,22,-1.8410186071468577,24
2438,65,46,55,23,-1.8416012028995399,23
2439,106,24,109,12,-1.8438625812895593,12
2440,114,18,50,10,-1.8469975740050815,8
2441,106,12,34,7,-1.848042404417825,5
2442,88,19,83,9,-1.8504010929562806,10
2443,84,17,2,9,-1.859443252903194,8
2444,5,95,37,49,-1.865428870342572,46
2445,28,44,37,24,-1.8670737685584557,20
2446,17,13,74,7,-1.8676704113074127,6
2447,47,18,75,11,-1.8686963229110989,7
2448,76,15,20,7,-1.871704245089016,8
2449,9,26,28,13,-1.8734362107646296,13
2450,51,40,40,22,-1.8746059330502836,18
2451,83,16,60,9,-1.8774619090517453,7
2452,87,27,68,14,-1.8784999423115674,13
2453,71,14,68,8,-1.8814206872929742,6
2454,96,49,5,27,-1.889094828391433,22
2455,91,26,5,15,-1.8922517003046981,11
2456,107,10,64,6,-1.8956300135148356,4
2457,108,14,74,7,-1.8987503296630384,7
2458,7,15,1,7,-1.9162712570705793,8
2459,96,14,30,7,-1.9170201840499566,7
2460,76,11,99,5,-1.9173589523208336,6
2461,86,32,23,18,-1.9182051181478563,14
2462,75,10,112,5,-1.9289326018714505,5
2463,63,38,87,19,-1.9304949512668002,19
2464,13,54,65,27,-1.9305248502310477,27
2465,84,30,87,16,-1.9310332903828082,14
2466,40,27,63,14,-1.9361935883543109,13
2467,57,15,25,8,-1.9367936004868347,7
2468,4,16,77,9,-1.9468657789376955,7
2469,107,59,54,31,-1.9631747923858807,28
2470,51,41,8,22,-1.9688998977328516,19
2471,75,12,2,7,-1.9694128550530146,5
2472,75,12,40,7,-1.9718795376772071,5
2473,86,89,106,46,-1.9738769107775125,43
2474,13,13,48,7,-1.984822076945226,6
2475,1,13,41,8,-1.9865214032721783,5
2476,35,10,84,5,-1.996508314062219,5
2477,11,38,46,21,-1.9985912350445674,17
2478,99,10,33,5,-1.9995697947435764,5
2479,39,12,111,6,-2.0153993087738304,6
2480,90,36,8,20,-2.01946478207178,16
2481,70,24,76,13,-2.0205668013908817,11
2482,65,32,53,15,-2.0208706053821914,17
2483,87,18,71,9,-2.022308547295864,9
2484,73,12,55,6,-2.024829564390717,6
2485,70,14,13,8,-2.0323282225360066,6
2486,15,16,99,9,-2.037516885099592,7
2487,60,24,90,14,-2.039727571926182,10
2488,111,16,86,8,-2.0413950785049284,8
2489,30,15,50,8,-2.046419507298431,7
2490,106,30,97,15,-2.0644256996528543,15
2491,68,10,17,5,-2.067917444299436,5
2492,63,26,97,14,-2.0694495254936975,12
2493,25,26,50,13,-2.0720055901853556,13
2494,46,15,57,8,-2.074703746609149,7
2495,63,10,82,5,-2.0779758612966877,5
2496,97,18,109,10,-2.079596703306642,8
2497,88,10,78,5,-2.085036247241552,5
2498,109,12,75,7,-2.0863708847947433,5
2499,20,31,88,15,-2.0865737097726504,16
2500,8,22,97,11,-2.094799206270941,11
2501,5,62,28,32,-2.10037433995057,30
2502,60,24,99,13,-2.100940382067204,11
2503,12,10,18,5,-2.101561374914726,5
2504,65,37,74,19,-2.111239481665498,18
2505,39,24,36,12,-2.1125043235541683,12
2506,30,13,48,6,-2.114145406665778,7
2507,84,15,25,8,-2.118395686595601,7
2508,60,31,107,17,-2.1187739908347134,14
2509,89,10,41,5,-2.1249948420964526,5
2510,109,25,104,13,-2.1264175418400826,12
2511,33,15,8,9,-2.1294027544913625,6
2512,47,13,7,8,-2.130428098242858,5
2513,31,20,75,10,-2.1382601987233523,10
2514,108,11,25,6,-2.1404821559469913,5
2515,50,16,109,8,-2.1420450648202096,8
2516,35,15,88,8,-2.1470908051570037,7
2517,87,19,2,10,-2.1505411632732674,9
2518,29,10,23,5,-2.1610971150686176,5
2519,65,45,28,25,-2.161524662605704,20
2520,74,64,8,36,-2.1866220406514896,28
2521,39,20,27,9,-2.188619277043049,11
2522,16,36,30,20,-2.1891531197724934,16
2523,7,17,74,7,-2.1916372729995834,10
2524,14,11,96,6,-2.19268862994012,5
2525,57,12,51,6,-2.1964509320829126,6
2526,48,23,8,13,-2.2004165749645987,10
2527,65,14,77,7,-2.2011849181716925,7
2528,84,24,37,13,-2.2012234645498956,11
2529,16,13,110,7,-2.2039084877551907,6
2530,2,28,86,14,-2.2092021993038244,14
2531,8,11,112,5,-2.214468435350456,6
2532,87,23,18,12,-2.2250062212736235,11
2533,100,16,28,9,-2.2255414738387724,7
2534,8,23,76,12,-2.2293930206952894,11
2535,74,27,20,15,-2.230377352624161,12
2536,49,14,63,7,-2.2342923816527587,7
2537,39,29,54,16,-2.2406810907726027,13
2538,28,34,46,20,-2.254966612496791,14
2539,64,15,50,8,-2.2583026149309777,7
2540,96,66,28,35,-2.2674069446039327,31
2541,107,24,17,13,-2.276166983930223,11
2542,107,23,9,13,-2.2777476505867833,10
2543,96,36,106,20,-2.2984565902488896,16
2544,37,31,65,15,-2.3109223077262513,16
2545,83,14,7,9,-2.3150040269092753,5
2546,49,14,51,7,-2.332319165465768,7
2547,43,11,37,7,-2.33260542076611,4
2548,11,12,33,5,-2.336303729576231,7
2549,106,14,27,6,-2.338189816689953,8
2550,88,35,114,19,-2.34418726369822,16
2551,88,12,44,6,-2.349310049393155,6
2552,62,23,86,12,-2.352631207731616,11
2553,27,11,23,6,-2.360189511713131,5
2554,109,14,48,8,-2.3615030071790217,6
2555,5,23,99,12,-2.3616219022642833,11
2556,53,32,13,18,-2.3827390974494667,14
2557,8,12,111,6,-2.390343846489093,6
2558,87,22,83,11,-2.3903571419434884,11
2559,109,20,20,12,-2.3908375286297607,8
2560,40,34,68,17,-2.3936283502356788,17
2561,84,14,93,8,-2.3958694367553792,6
2562,55,14,64,7,-2.3960526203970383,7
2563,49,16,75,9,-2.3963432878791218,7
2564,86,19,99,11,-2.400382898068693,8
2565,60,54,7,28,-2.4043428816771977,26
2566,91,15,13,9,-2.404883931851714,6
2567,70,17,25,9,-2.4059439548438926,8
2568,60,11,78,5,-2.4088049736485115,6
2569,4,11,86,6,-2.41302429419825,5
2570,99,11,109,6,-2.419517402501058,5
2571,51,44,88,23,-2.420011594181879,21
2572,106,40,65,22,-2.42628896020244,18
2573,99,21,87,12,-2.432411032680885,9
2574,97,17,20,9,-2.4355837212433706,8
2575,50,10,32,4,-2.4440541907162716,6
2576,97,10,77,6,-2.4504127496617456,4
2577,5,48,46,27,-2.452279517290662,21
2578,49,14,54,7,-2.454208065190869,7
2579,81,10,106,5,-2.475680434394778,5
2580,20,39,8,21,-2.4774464429650904,18
2581,3,11,7,7,-2.480913563852337,4
2582,64,17,25,9,-2.486147650380751,8
2583,86,82,63,47,-2.4905315925546025,35
2584,109,18,37,10,-2.5010134043415313,8
2585,63,50,106,26,-2.5025643650697966,24
2586,88,26,97,13,-2.5040499149163136,13
2587,37,55,107,30,-2.511119120051266,25
2588,90,21,55,10,-2.5152743292271547,11
2589,68,11,38,5,-2.523479576636185,6
2590,109,16,76,9,-2.5285469015591193,7
2591,69,16,51,8,-2.5286243953362026,8
2592,55,55,13,29,-2.5320490019878794,26
2593,40,16,41,7,-2.5362701079754877,9
2594,88,29,23,17,-2.540026263891151,12
2595,95,15,63,8,-2.5575094114278856,7
2596,63,10,83,4,-2.557624644664858,6
2597,60,17,109,9,-2.5582347116623665,8
2598,86,84,16,47,-2.561126233262963,37
2599,68,18,106,10,-2.5657311474840245,8
2600,69,10,11,6,-2.5690379571615622,4
2601,28,24,80,13,-2.570555603447683,11
2602,30,15,68,8,-2.591289317301071,7
2603,15,10,68,5,-2.592635606140258,5
2604,97,14,50,8,-2.594993706898053,6
2605,5,23,39,12,-2.597769813737307,11
2606,29,13,16,6,-2.5988854221001265,7
2607,76,10,34,5,-2.6159550332149113,5
2608,51,34,75,18,-2.6263375450343576,16
2609,5,60,16,35,-2.643518445682432,25
2610,36,29,107,15,-2.6463923168936585,14
2611,8,24,30,13,-2.6514132136935475,11
2612,5,47,109,24,-2.6519452143647766,23
2613,25,36,28,21,-2.653080526503112,15
2614,88,67,8,36,-2.6582405607878106,31
2615,91,13,74,7,-2.658254293210725,6
2616,35,15,11,8,-2.6584025807809044,7
2617,54,70,86,37,-2.6680240503824857,33
2618,8,27,71,14,-2.679194401362514,13
2619,46,23,97,12,-2.6830528559454945,11
2620,16,23,111,12,-2.6873653538337057,11
2621,40,15,111,8,-2.6956562916002684,7
2622,107,25,71,14,-2.6992259365670117,11
2623,13,15,100,8,-2.7002228365361587,7
2624,95,33,54,17,-2.704616189962661,16
2625,68,26,27,15,-2.7046565797671724,11
2626,41,15,64,9,-2.7178474242594457,6
2627,49,10,40,5,-2.7191048627582686,5
2628,80,11,95,6,-2.7197438471090796,5
2629,84,16,14,9,-2.744202009506241,7
2630,64,21,7,11,-2.7446095512480726,10
2631,65,60,7,30,-2.7470195618758777,30
2632,55,18,25,10,-2.748785644454604,8
2633,73,23,86,12,-2.750194798774041,11
2634,11,15,14,9,-2.753683750814255,6
2635,106,29,7,14,-2.7541564496724003,15
2636,107,67,87,36,-2.758212296030887,31
2637,48,14,65,8,-2.7586384168294438,6
2638,107,44,11,24,-2.75870917523516,20
2639,87,13,77,7,-2.768683334790564,6
2640,10,11,5,5,-2.7716738654503192,6
2641,104,36,8,19,-2.7794749735414097,17
2642,16,36,41,19,-2.7836140970298935,17
2643,37,45,20,24,-2.7863088238660243,21
2644,13,13,44,7,-2.7973580079711726,6
2645,50,15,79,9,-2.7998338113931363,6
2646,18,18,104,11,-2.8046551455186632,7
2647,41,15,99,8,-2.808167291861728,7
2648,34,13,63,7,-2.81000032908768,6
2649,87,93,86,46,-2.810342544957394,47
2650,29,13,7,6,-2.8153327011944786,7
2651,63,18,46,9,-2.822734192092329,9
2652,46,41,86,23,-2.830781053281953,18
2653,107,21,18,12,-2.839449378790423,9
2654,57,21,87,12,-2.842460195115371,9
2655,13,18,109,11,-2.8426763674639637,7
2656,38,17,63,10,-2.8438368509015834,7
2657,104,13,23,8,-2.8445076862849517,5
2658,107,54,88,31,-2.869410268308379,23
2659,97,29,25,16,-2.8703843075225346,13
2660,88,43,87,22,-2.8731784723999834,21
2661,36,13,4,6,-2.889774673323411,7
2662,106,42,107,22,-2.895278303414015,20
2663,17,17,4,10,-2.898678560287889,7
2664,37,19,91,10,-2.9050960547005253,9
2665,51,15,14,9,-2.9073721712530443,6
2666,98,12,97,7,-2.9183345258744953,5
2667,54,49,16,27,-2.9250805759955862,22
2668,65,15,99,8,-2.925348959200731,7
2669,104,11,112,6,-2.926915719619971,5
2670,62,11,76,6,-2.927187958620391,5
2671,95,18,20,10,-2.9442775418414966,8
2672,62,14,37,6,-2.946481909668118,8
2673,17,28,86,14,-2.94742778634219,14
2674,36,25,88,12,-2.9478798938315576,13
2675,50,16,7,8,-2.948988195369652,8
2676,106,46,54,23,-2.9549130135328747,23
2677,55,22,111,12,-2.960325134667969,10
2678,16,42,95,22,-2.960784285924195,20
2679,95,11,15,6,-2.9708859793353706,5
2680,104,20,97,10,-2.974415183334443,10
2681,84,12,10,7,-2.980259678929739,5
2682,28,16,23,8,-2.982809086991735,8
2683,104,32,87,16,-2.983215909308763,16
2684,107,75,86,40,-2.990598117117556,35
2685,102,12,97,7,-2.99432300504723,5
2686,5,59,104,31,-2.9970663239960813,28
2687,65,68,16,37,-3.005958203264786,31
2688,16,27,97,13,-3.012024023312019,14
2689,84,15,75,8,-3.0305846141219575,7
2690,85,19,86,10,-3.0309201665637016,9
2691,48,21,84,12,-3.0347277834877144,9
2692,96,13,38,7,-3.0422152322461713,6
2693,36,32,40,19,-3.047007600783558,13
2694,41,44,65,26,-3.0495560742840055,18
2695,88,28,96,14,-3.0532343196114025,14
2696,55,14,48,8,-3.0636269177668387,6
2697,51,11,71,6,-3.0791594032910363,5
2698,75,21,41,11,-3.0797193298174026,10
2699,54,22,17,11,-3.09293116749158,11
2700,68,14,99,8,-3.100103615084465,6
2701,87,15,36,8,-3.1014893657350755,7
2702,107,30,41,17,-3.1226495212883614,13
2703,54,11,15,6,-3.1252951216765847,5
2704,53,10,112,6,-3.131841373121177,4
2705,104,27,76,15,-3.1362490008683896,12
2706,40,10,47,6,-3.138520275313025,4
2707,16,47,60,25,-3.1453502125330792,22
2708,39,13,4,7,-3.1667605566833115,6
2709,74,14,90,9,-3.168061351028922,5
2710,46,37,13,20,-3.1729042481938046,17
2711,86,25,68,15,-3.1809451829633884,10
2712,106,38,55,22,-3.1832515090410007,16
2713,60,44,13,26,-3.1836870316481543,18
2714,40,12,106,7,-3.1846873141596865,5
2715,50,39,16,22,-3.189499878428379,17
2716,25,59,86,31,-3.195465833963126,28
2717,107,45,50,24,-3.2042384401027677,21
2718,60,27,87,15,-3.212407781207361,12
2719,53,19,25,10,-3.2169742340269294,9
2720,18,16,25,10,-3.2198145252234087,6
2721,88,11,14,6,-3.2206098277423347,5
2722,74,11,12,6,-3.2267097800337137,5
2723,97,11,23,6,-3.2361653104272836,5
2724,54,14,85,8,-3.239753980711634,6
2725,20,25,11,15,-3.245274337075932,10
2726,63,10,30,6,-3.254074696673354,4
2727,84,72,86,36,-3.2610166651310077,36
2728,93,14,70,8,-3.2714518634318708,6
2729,67,13,114,7,-3.274670651234843,6
2730,65,22,12,13,-3.278866379010296,9
2731,8,72,86,38,-3.2888007875124226,34
2732,75,13,64,7,-3.2951948811244787,6
2733,54,14,23,8,-3.29756231936452,6
2734,107,38,13,20,-3.3016013396204547,18
2735,8,66,16,37,-3.30452190211764,29
2736,70,10,49,6,-3.304597327795695,4
2737,95,16,70,8,-3.3075112398485507,8
2738,7,41,23,23,-3.3160684531792555,18
2739,97,18,70,9,-3.327552349585108,9
2740,33,13,75,8,-3.342736023465549,5
2741,9,10,20,6,-3.353443346624384,4
2742,13,37,49,19,-3.353662545256263,18
2743,63,62,65,34,-3.3604398706518057,28
2744,8,23,14,13,-3.3634201583462153,10
2745,60,21,36,11,-3.3712457656875996,10
2746,69,11,60,6,-3.377038571717658,5
2747,37,16,80,9,-3.3888912531414834,7
2748,86,22,49,12,-3.391603866717618,10
2749,7,14,70,7,-3.3949920229515587,7
2750,106,14,36,8,-3.396862997879143,6
2751,51,12,4,7,-3.401450245531625,5
2752,60,31,51,18,-3.4081984536935317,13
2753,40,24,87,13,-3.409846039417682,11
2754,114,22,54,11,-3.415804771482276,11
2755,100,21,8,12,-3.4169007429532634,9
2756,109,25,87,15,-3.438248375396607,10
2757,5,23,33,12,-3.454327509177194,11
2758,39,47,7,26,-3.455631601328843,21
2759,107,13,81,7,-3.456660240337562,6
2760,39,39,87,22,-3.467444829986787,17
2761,15,22,16,13,-3.4699236009719012,9
2762,88,33,11,18,-3.4755650376087805,15
2763,65,28,70,17,-3.478419403846197,11
2764,36,17,45,10,-3.483913320800438,7
2765,36,12,91,7,-3.488721468557537,5
2766,65,15,109,10,-3.4929763691198903,5
2767,54,30,104,16,-3.494678026548527,14
2768,78,12,68,6,-3.5023474023299843,6
2769,84,15,91,8,-3.5069437670955055,7
2770,51,24,70,12,-3.51020506286295,12
2771,46,21,20,13,-3.51090539647306,8
2772,17,21,13,12,-3.5184767499063994,9
2773,41,25,51,14,-3.529175789651924,11
2774,110,10,87,6,-3.5295519129657293,4
2775,16,22,109,12,-3.5511359712583284,10
2776,53,30,18,17,-3.5521306609272227,13
2777,38,21,86,12,-3.553782310855402,9
2778,95,10,97,6,-3.58943247133478,4
2779,98,19,28,12,-3.593034409386323,7
2780,39,11,48,6,-3.594601769104413,5
2781,98,22,16,12,-3.6189397977808166,10
2782,68,37,88,21,-3.61974225644854,16
2783,49,31,39,18,-3.6339229541842206,13
2784,9,20,55,11,-3.6394809056001565,9
2785,37,20,30,12,-3.640395609700316,8
2786,92,11,104,5,-3.6575847114894233,6
2787,95,16,53,8,-3.6589616024490903,8
2788,50,10,62,6,-3.6657345895143245,4
2789,88,10,79,6,-3.6658466896877493,4
2790,40,13,35,7,-3.6668635382367243,6
2791,106,31,20,18,-3.6670765571458195,13
2792,96,53,8,30,-3.668741625247303,23
2793,11,41,55,25,-3.6751670322630714,16
2794,108,14,55,7,-3.6761081475192943,7
2795,84,20,46,12,-3.686829488531012,8
2796,87,11,78,5,-3.6913711385920154,6
2797,75,17,91,6,-3.6924308286821,11
2798,50,14,89,7,-3.697778125616005,7
2799,102,28,28,15,-3.699783063019897,13
2800,108,11,75,6,-3.7003402274374064,5
2801,93,29,65,15,-3.7019465990542875,14
2802,88,34,49,19,-3.7092501017900306,15
2803,5,59,74,32,-3.715039739995446,27
2804,107,25,95,13,-3.721321768434082,12
2805,88,16,43,9,-3.7275454144235036,7
2806,86,33,60,19,-3.729213165285788,14
2807,65,25,80,15,-3.74519958030937,10
2808,39,17,91,10,-3.749141222617953,7
2809,28,66,50,37,-3.7549143026616596,29
2810,50,40,87,21,-3.774457346249794,19
2811,75,18,114,10,-3.795036440843411,8
2812,107,20,111,10,-3.7974175346256374,10
2813,107,33,23,19,-3.8030234517394645,14
2814,5,16,110,9,-3.8138584796050923,7
2815,109,23,51,14,-3.829750361535744,9
2816,28,19,30,11,-3.8298077885882953,8
2817,114,12,76,7,-3.8323488248833115,5
2818,8,27,83,14,-3.8382150032056903,13
2819,65,10,38,5,-3.838413088325717,5
2820,3,11,28,7,-3.8388007621981854,4
2821,37,17,41,10,-3.8456182281056206,7
2822,86,34,114,20,-3.8509729394491585,14
2823,75,21,106,10,-3.8605003548235586,11
2824,5,10,31,6,-3.8620843453498637,4
2825,18,17,91,10,-3.863168888646894,7
2826,65,24,83,13,-3.865031238776082,11
2827,104,24,96,14,-3.8706241075776626,10
2828,17,16,49,10,-3.877471388553936,6
2829,16,46,11,28,-3.895324389083474,18
2830,27,36,13,20,-3.8961868615029833,16
2831,50,18,40,11,-3.8974094453974306,7
2832,104,17,30,9,-3.898013789066039,8
2833,51,37,54,20,-3.900510354202894,17
2834,37,26,102,15,-3.901578428361024,11
2835,107,40,75,26,-3.915144864477929,14
2836,36,45,7,25,-3.922718760396539,20
2837,2,28,5,16,-3.923277825320168,12
2838,77,13,41,8,-3.9281873956506344,5
2839,68,23,104,13,-3.931881522907587,10
2840,83,10,102,6,-3.9358085201394077,4
2841,97,10,80,6,-3.9365866928471034,4
2842,7,64,13,35,-3.9391441716603537,29
2843,87,10,27,5,-3.9487097970098004,5
2844,39,10,33,6,-3.9525968008389256,4
2845,93,24,74,13,-3.960101768879081,11
2846,9,10,95,5,-3.9619725380066013,5
2847,41,47,7,26,-3.964596789653763,21
2848,69,12,37,7,-3.9709549460906977,5
2849,13,11,14,7,-3.983254255856211,4
2850,68,35,16,21,-3.9912803289979566,14
2851,65,34,25,20,-3.9982069365892623,14
2852,33,11,90,7,-4.003292593732326,4
2853,57,12,104,5,-4.008795762763784,7
2854,39,18,9,9,-4.016168568379051,9
2855,87,21,75,13,-4.017514209991242,8
2856,104,10,43,5,-4.022536505346195,5
2857,98,19,7,11,-4.025055128919854,8
2858,74,44,37,24,-4.033137310869005,20
2859,28,33,13,19,-4.033447367470073,14
2860,80,15,104,8,-4.03366990835448,7
2861,28,13,35,7,-4.0366654617090365,6
2862,79,13,11,6,-4.047561716338114,7
2863,8,30,50,15,-4.053798361230284,15
2864,46,14,83,7,-4.055902658620627,7
2865,9,11,49,6,-4.0597492883495985,5
2866,49,28,16,16,-4.063237990994685,12
2867,54,53,96,28,-4.06814127330106,25
2868,68,10,55,6,-4.068409910261688,4
2869,93,20,83,11,-4.100880722204593,9
2870,114,10,44,6,-4.1035124348035135,4
2871,13,15,47,8,-4.110888232737869,7
2872,51,33,68,20,-4.1119988580199,13
2873,31,16,53,8,-4.122507277551641,8
2874,62,13,13,7,-4.12743151741627,6
2875,104,21,41,11,-4.129555835318321,10
2876,67,13,86,7,-4.131604740801435,6
2877,55,10,62,5,-4.140553518041587,5
2878,50,25,39,14,-4.143738652164054,11
2879,73,13,20,8,-4.146065391689571,5
2880,97,16,87,10,-4.146690765637548,6
2881,33,11,74,6,-4.152065435529707,5
2882,39,23,71,13,-4.1530474297816395,10
2883,87,12,94,6,-4.161620639809543,6
2884,28,40,87,22,-4.161796757953555,18
2885,51,14,43,8,-4.21319024969075,6
2886,88,22,91,12,-4.215749086312346,10
2887,53,27,16,15,-4.221129442338673,12
2888,5,58,88,32,-4.221472474474537,26
2889,63,27,75,15,-4.221533861130908,12
2890,37,31,88,18,-4.224270631924043,13
2891,25,15,71,8,-4.22821184042616,7
2892,84,11,30,7,-4.231660063143013,4
2893,40,12,28,6,-4.232017879250331,6
2894,32,18,86,10,-4.250668358030317,8
2895,27,26,107,15,-4.255595086671519,11
2896,96,35,20,20,-4.257594587954791,15
2897,81,12,88,7,-4.260173444903984,5
2898,12,11,74,6,-4.2613914965588835,5
2899,107,28,40,17,-4.263372428442742,11
2900,55,29,7,16,-4.275176259613076,13
2901,25,24,75,14,-4.277372987760686,10
2902,60,10,89,5,-4.2828228640279615,5
2903,53,12,97,6,-4.291732251906805,6
2904,55,38,37,20,-4.301606273781788,18
2905,13,26,74,15,-4.30603818747095,11
2906,54,23,93,14,-4.30725130512391,9
2907,51,23,53,12,-4.313783320077643,11
2908,68,13,77,7,-4.315657598096627,6
2909,27,11,6,6,-4.320589105702402,5
2910,88,21,30,11,-4.322600096754097,10
2911,28,37,55,23,-4.325384868124247,14
2912,106,33,84,17,-4.32801946762649,16
2913,9,21,8,10,-4.328036483452339,11
2914,23,20,75,10,-4.330424514287806,10
2915,114,23,102,14,-4.331076584650545,9
2916,82,20,86,12,-4.3319380690325975,8
2917,65,34,51,21,-4.342100828413104,13
2918,107,47,65,28,-4.343893220603634,19
2919,63,25,41,14,-4.345464074086368,11
2920,54,25,80,14,-4.34899942315453,11
2921,84,12,34,6,-4.355418008053163,6
2922,88,36,60,22,-4.35672431383146,14
2923,5,113,86,65,-4.357059130864303,48
2924,51,56,39,31,-4.373306856508639,25
2925,96,38,63,23,-4.376849709142973,15
2926,77,12,74,7,-4.380746142049517,5
2927,70,10,53,6,-4.386498508138975,4
2928,104,52,107,30,-4.395562096077252,22
2929,55,47,107,26,-4.411490979506617,21
2930,77,15,86,9,-4.41363889617325,6
2931,68,12,76,8,-4.422909307812753,4
2932,18,21,86,13,-4.432262579099066,8
2933,50,17,9,10,-4.452050276661412,7
2934,68,66,7,38,-4.455755462466638,28
2935,5,16,43,9,-4.461738819752362,7
2936,32,18,37,10,-4.466542082918519,8
2937,57,10,91,5,-4.468260927215542,5
2938,31,15,88,8,-4.474138979948415,7
2939,104,44,86,24,-4.48226641581381,20
2940,7,15,20,8,-4.4847557608097715,7
2941,63,13,64,7,-4.489732502195792,6
2942,37,15,93,9,-4.4934456656390305,6
2943,25,41,107,23,-4.5123913098780175,18
2944,91,16,41,10,-4.5129609515875275,6
2945,8,12,79,8,-4.523368231395376,4
2946,97,22,54,12,-4.535944223800905,10
2947,102,24,8,13,-4.537070383836358,11
2948,37,57,87,33,-4.539833156564566,24
2949,31,16,40,9,-4.540217346173585,7
2950,87,12,6,7,-4.542943443769729,5
2951,28,43,20,25,-4.544189476783364,18
2952,88,21,15,13,-4.546696410508229,8
2953,67,13,109,6,-4.5540965230597985,7
2954,23,15,70,8,-4.554568026577778,7
2955,16,43,75,25,-4.571315952859639,18
2956,30,17,75,9,-4.5725614584362635,8
2957,95,14,99,8,-4.572737764013027,6
2958,4,14,107,8,-4.574883046411524,6
2959,90,29,54,16,-4.579893896725853,13
2960,33,15,25,10,-4.583917339891116,5
2961,95,13,77,7,-4.601493224452909,6
2962,86,76,74,42,-4.607115407805715,34
2963,17,24,16,15,-4.6115526570798,9
2964,31,34,68,19,-4.615314506817927,15
2965,7,19,6,8,-4.619159013789242,11
2966,34,13,96,8,-4.620609194568736,5
2967,20,47,107,26,-4.628776540404446,21
2968,109,19,73,11,-4.637139105733963,8
2969,39,35,8,19,-4.640312118250008,16
2970,107,26,39,13,-4.643196816135829,13
2971,89,12,88,7,-4.663566198307963,5
2972,80,20,16,11,-4.663914314768117,9
2973,71,12,36,6,-4.675376588391441,6
2974,17,20,7,12,-4.685740229123579,8
2975,91,28,28,16,-4.691036992057668,12
2976,98,12,108,7,-4.704860704776838,5
2977,50,14,108,9,-4.706826806073904,5
2978,107,63,16,38,-4.707453745118705,25
2979,4,10,63,6,-4.721024545889486,4
2980,99,17,51,9,-4.721255445811637,8
2981,60,36,39,20,-4.722412440065067,16
2982,6,12,88,7,-4.723924661172381,5
2983,7,20,111,11,-4.734089263993381,9
2984,84,11,57,7,-4.735926438073419,4
2985,77,16,25,9,-4.745845616411638,7
2986,104,13,64,8,-4.751268233959821,5
2987,5,30,90,18,-4.752640516818982,12
2988,95,13,84,8,-4.755677362807473,5
2989,54,56,20,30,-4.770199196047593,26
2990,54,51,28,30,-4.77471317513782,21
2991,5,12,9,7,-4.777710715122403,5
2992,41,21,23,12,-4.77939200845321,9
2993,7,13,92,9,-4.780218736430546,4
2994,5,33,76,19,-4.788314400539968,14
2995,5,24,32,14,-4.788591776396216,10
2996,5,21,100,12,-4.790180113588847,9
2997,54,43,46,25,-4.79123818736478,18
2998,108,13,96,7,-4.805162668071275,6
2999,65,28,97,16,-4.814693521654493,12
3000,70,37,37,22,-4.817822919278335,15
3001,67,15,8,9,-4.8319098461555825,6
3002,83,15,39,9,-4.832639955303303,6
3003,17,17,97,9,-4.8331732637027205,8
3004,50,14,112,7,-4.835329683326431,7
3005,95,22,13,13,-4.839189119607627,9
3006,51,30,5,19,-4.841333405150811,11
3007,106,19,71,11,-4.854554798898612,8
3008,84,13,38,7,-4.854976710780188,6
3009,20,30,63,16,-4.86232561538827,14
3010,63,52,8,29,-4.864260653101076,23
3011,92,10,16,7,-4.870786940769252,3
3012,104,11,110,7,-4.886003470603163,4
3013,114,13,100,8,-4.886489949545647,5
3014,3,12,8,5,-4.887819375016217,7
3015,5,39,83,21,-4.890865835189012,18
3016,54,32,55,18,-4.893010226063712,14
3017,62,13,28,8,-4.895504487935932,5
3018,7,11,34,7,-4.8999742789281955,4
3019,50,21,74,12,-4.905584887178799,9
3020,86,60,11,34,-4.911056453426332,26
3021,49,11,41,6,-4.9137655962823095,5
3022,23,18,8,10,-4.91675749277209,8
3023,5,12,38,7,-4.923519430907612,5
3024,25,29,96,16,-4.925630164170213,13
3025,51,15,12,9,-4.929478770854847,6
3026,106,52,37,28,-4.929607997592943,24
3027,65,48,87,28,-4.930087827074171,20
3028,63,28,104,16,-4.9326723394960705,12
3029,95,22,60,13,-4.936116623099728,9
3030,7,12,33,6,-4.950732991604977,6
3031,5,47,55,27,-4.968791694509531,20
3032,107,17,93,10,-4.972813709998716,7
3033,25,13,27,7,-4.983545927288363,6
3034,86,71,37,40,-4.984756436647988,31
3035,5,26,93,16,-5.004460526821323,10
3036,58,12,7,6,-5.0082803366842255,6
3037,75,28,46,16,-5.018726739610217,12
3038,30,19,40,11,-5.027196906131162,8
3039,95,13,76,8,-5.029825996184284,5
3040,7,15,15,8,-5.034636820298783,7
3041,5,19,15,12,-5.041855747243198,7
3042,80,26,86,14,-5.051644939599721,12
3043,5,45,106,27,-5.052056869360905,18
3044,86,27,91,16,-5.054253859133064,11
3045,65,17,46,11,-5.06610491085495,6
3046,88,17,62,10,-5.067664979820317,7
3047,36,16,99,10,-5.08690767914281,6
3048,54,30,11,17,-5.0896588063796155,13
3049,71,36,53,21,-5.091321204975087,15
3050,70,54,54,31,-5.096904873313986,23
3051,70,22,55,13,-5.1032220329288345,9
3052,54,13,14,9,-5.139758720068027,4
3053,86,22,64,12,-5.148335769692996,10
3054,23,20,37,11,-5.153587203140156,9
3055,37,46,16,27,-5.156319944125245,19
3056,8,13,38,8,-5.158625539766782,5
3057,28,48,88,29,-5.159126140437327,19
3058,5,12,67,7,-5.159840528973067,5
3059,7,24,28,14,-5.175100649214177,10
3060,63,24,7,12,-5.19251910965999,12
3061,17,19,46,11,-5.1997604997253735,8
3062,51,82,16,47,-5.201087423792682,35
3063,31,11,41,7,-5.202809206523694,4
3064,106,52,74,30,-5.205641315490497,22
3065,31,16,27,7,-5.207776070809408,9
3066,50,50,37,27,-5.22857628659301,23
3067,25,27,87,15,-5.237231553044672,12
3068,109,44,28,27,-5.243370342287003,17
3069,95,25,7,14,-5.246470392426651,11
3070,107,24,100,12,-5.248299895877527,12
3071,20,17,17,10,-5.256441987432859,7
3072,40,23,16,13,-5.274788154271569,10
3073,13,10,92,7,-5.295092694811338,3
3074,57,16,97,9,-5.312911388739815,7
3075,40,12,23,7,-5.315426131728561,5
3076,25,30,102,17,-5.328861344822154,13
3077,50,40,104,24,-5.329096908789077,16
3078,48,16,106,9,-5.330591930412405,7
3079,28,11,4,6,-5.331421316708805,5
3080,81,15,86,10,-5.364160336858109,5
3081,39,19,84,11,-5.3860841465295675,8
3082,114,17,73,10,-5.386422603622867,7
3083,71,17,88,8,-5.389298313635744,9
3084,2,25,63,14,-5.3959192809990375,11
3085,1,20,88,12,-5.397487106945941,8
3086,9,27,88,16,-5.398696000752785,11
3087,111,12,23,6,-5.406786190970031,6
3088,65,11,102,6,-5.407111761202486,5
3089,67,10,96,5,-5.408732724512928,5
3090,36,28,16,16,-5.4110145278068895,12
3091,83,15,51,10,-5.415397349279682,5
3092,50,10,83,5,-5.416126776091854,5
3093,51,24,25,14,-5.42438708061493,10
3094,104,17,32,11,-5.4353295484317545,6
3095,49,12,50,7,-5.454154014714142,5
3096,88,56,7,32,-5.45652544458781,24
3097,64,26,53,15,-5.462835135287796,11
3098,109,14,7,8,-5.46540747668918,6
3099,91,13,70,7,-5.470850370265932,6
3100,49,12,65,7,-5.501406426517398,5
3101,100,21,104,13,-5.507335747436163,8
3102,83,19,95,12,-5.510188596504647,7
3103,64,11,77,5,-5.511154382484386,6
3104,102,14,33,8,-5.525239013163607,6
3105,63,53,16,31,-5.528727475870677,22
3106,25,41,8,25,-5.550067480025435,16
3107,10,11,63,7,-5.56040496031845,4
3108,93,22,87,13,-5.565802071262539,9
3109,63,27,55,15,-5.568315530285167,12
3110,71,29,75,18,-5.575059010383717,11
3111,40,10,56,6,-5.576245457587271,4
3112,39,12,47,7,-5.578041254100718,5
3113,68,10,3,6,-5.578876648633715,4
3114,17,14,11,8,-5.581185513103198,6
3115,43,11,25,8,-5.587553515371877,3
3116,16,12,52,7,-5.588665300895635,5
3117,48,11,80,7,-5.594209169092441,4
3118,5,43,114,25,-5.6108790968221705,18
3119,50,15,100,9,-5.612526049660052,6
3120,17,20,5,13,-5.625033929201381,7
3121,6,13,65,8,-5.631765359162988,5
3122,60,15,63,9,-5.638760882625825,6
3123,8,26,13,15,-5.640389613843587,11
3124,84,48,28,28,-5.640820939476543,20
3125,88,28,27,14,-5.643394343274811,14
3126,8,24,73,14,-5.645022963800572,10
3127,74,23,73,14,-5.649045009007229,9
3128,50,38,2,22,-5.650047560448175,16
3129,106,24,95,15,-5.657914892117911,9
3130,82,11,54,7,-5.66427830231393,4
3131,99,31,16,18,-5.66581833704302,13
3132,25,10,94,5,-5.671887186214519,5
3133,71,38,60,22,-5.674439287931831,16
3134,95,10,102,6,-5.68531996234082,4
3135,41,16,70,8,-5.685339970613442,8
3136,57,12,106,6,-5.685749140437754,6
3137,35,20,20,12,-5.690519984272521,8
3138,18,14,100,8,-5.69768401126683,6
3139,55,22,80,12,-5.702005440074988,10
3140,48,13,50,8,-5.707017905103165,5
3141,97,34,28,21,-5.710448223070003,13
3142,106,10,62,6,-5.720849022877857,4
3143,9,12,84,7,-5.723245457590759,5
3144,20,35,87,20,-5.726562552686569,15
3145,48,20,11,12,-5.726887293490206,8
3146,31,14,107,6,-5.734256122406657,8
3147,74,16,100,9,-5.736028437636332,7
3148,104,39,88,24,-5.745385191194789,15
3149,110,20,37,11,-5.748786289021979,9
3150,40,24,25,14,-5.7546667775712015,10
3151,30,19,53,11,-5.760601477633414,8
3152,86,33,98,19,-5.764694207614796,14
3153,51,38,104,24,-5.7679156278536485,14
3154,107,27,97,15,-5.771441172656416,12
3155,40,27,53,15,-5.786931738855333,12
3156,55,28,74,16,-5.797157459674131,12
3157,63,36,74,21,-5.80593222071589,15
3158,5,39,70,22,-5.812017017327767,17
3159,40,47,13,27,-5.814985656777824,20
3160,5,16,40,9,-5.82052725169565,7
3161,90,12,46,7,-5.830565699084016,5
3162,109,27,88,17,-5.830603101770125,10
3163,65,13,1,7,-5.8355337999143115,6
3164,88,14,76,7,-5.852820798657313,7
3165,50,13,69,8,-5.875505034614895,5
3166,71,23,65,14,-5.876450398022822,9
3167,50,16,91,10,-5.888752800005776,6
3168,23,33,13,17,-5.897149457827823,16
3169,96,14,60,10,-5.90080951503154,4
3170,25,16,93,9,-5.904464695396422,7
3171,71,16,62,10,-5.939967307930556,6
3172,10,12,97,6,-5.950831581917707,6
3173,3,11,25,6,-5.956284840526988,5
3174,88,31,25,20,-5.956673984495014,11
3175,40,17,97,10,-5.966918416140385,7
3176,76,18,97,10,-5.982216249777644,8
3177,54,24,25,14,-5.984288858689811,10
3178,37,37,75,24,-5.994131954153386,13
3179,86,63,7,40,-5.999952791533251,23
3180,35,16,86,9,-6.011020183941651,7
3181,17,10,99,6,-6.011623328938978,4
3182,43,21,13,12,-6.013934011866824,9
3183,9,27,65,16,-6.017319051238667,11
3184,46,20,95,12,-6.027785407812037,8
3185,41,13,20,8,-6.029068160646921,5
3186,56,10,75,7,-6.037484978764015,3
3187,32,16,8,9,-6.041444852098721,7
3188,35,10,50,6,-6.042114866737556,4
3189,20,15,33,9,-6.052404113154947,6
3190,18,16,54,9,-6.053416590255582,7
3191,90,10,91,6,-6.057465510076111,4
3192,109,15,17,9,-6.060510853587175,6
3193,55,11,29,7,-6.0636297407404705,4
3194,5,44,20,27,-6.084413199436969,17
3195,5,12,68,7,-6.084537265067713,5
3196,64,17,87,10,-6.102380089950518,7
3197,79,10,55,6,-6.105260957218082,4
3198,86,16,93,10,-6.108088782935806,6
3199,8,10,52,6,-6.118835452590007,4
3200,54,23,102,14,-6.1200791508914225,9
3201,68,18,23,10,-6.125962163812735,8
3202,97,24,55,15,-6.128965912516969,9
3203,90,22,96,14,-6.131526760597793,8
3204,1,13,75,9,-6.1372401761978495,4
3205,46,14,109,8,-6.137839688733693,6
3206,60,28,64,17,-6.149085042213976,11
3207,43,12,60,7,-6.155597133441296,5
3208,87,27,30,16,-6.164077985923404,11
3209,98,21,91,14,-6.169098881994584,7
3210,104,59,37,36,-6.175700710267806,23
3211,88,11,99,6,-6.177037133798533,5
3212,36,12,69,7,-6.184169574191666,5
3213,36,25,86,14,-6.188044242289118,11
3214,60,15,5,9,-6.194103267178135,6
3215,77,17,55,10,-6.195572885542832,7
3216,33,10,97,6,-6.197569301394056,4
3217,62,11,40,7,-6.201682099290171,4
3218,4,23,60,13,-6.207301351759866,10
3219,17,10,53,6,-6.2150967713967535,4
3220,37,29,13,17,-6.2304098814815685,12
3221,7,76,16,43,-6.24193092813764,33
3222,77,22,13,13,-6.246442889791837,9
3223,88,22,92,14,-6.250454469623379,8
3224,54,19,13,12,-6.259148391763723,7
3225,102,18,57,10,-6.264739678585858,8
3226,46,35,74,22,-6.269468526417748,13
3227,57,22,8,14,-6.276405634666304,8
3228,13,17,81,10,-6.278988421369039,7
3229,65,20,90,11,-6.287381903113807,9
3230,51,17,108,10,-6.29326560012597,7
3231,55,21,36,12,-6.295302015140716,9
3232,18,10,76,6,-6.295952594294593,4
3233,75,15,95,9,-6.3050118671136195,6
3234,104,10,36,6,-6.308415164464131,4
3235,87,66,16,38,-6.323620343514112,28
3236,55,15,34,8,-6.337929000870948,7
3237,98,20,11,11,-6.3386776528601825,9
3238,86,23,27,14,-6.340516058580859,9
3239,100,16,37,10,-6.343110325621272,6
3240,51,20,114,12,-6.354714943545119,8
3241,86,23,100,12,-6.356059157457629,11
3242,75,45,86,25,-6.366275146756027,20
3243,23,13,74,8,-6.3699879675856135,5
3244,14,13,107,7,-6.370548692090853,6
3245,36,11,97,6,-6.378154807239978,5
3246,16,11,103,7,-6.384231863654396,4
3247,25,16,60,9,-6.405485347041519,7
3248,27,32,7,20,-6.410840798234833,12
3249,23,19,63,12,-6.4146865502013934,7
3250,55,58,16,37,-6.4208192370194235,21
3251,88,16,73,10,-6.421297835362356,6
3252,68,16,97,10,-6.438959619586055,6
3253,30,10,100,6,-6.461771751506818,4
3254,28,17,14,11,-6.462988674713606,6
3255,1,21,40,13,-6.4682836050435055,8
3256,18,21,68,12,-6.480596679765008,9
3257,109,35,54,22,-6.488975771132723,13
3258,96,30,50,18,-6.506695896089088,12
3259,87,14,29,9,-6.515319434766388,5
3260,107,11,112,6,-6.5191432394411555,5
3261,68,12,74,6,-6.535840872424689,6
3262,96,20,75,14,-6.539626864970789,6
3263,88,88,16,54,-6.539746345614137,34
3264,30,11,27,6,-6.548301845648552,5
3265,114,15,87,8,-6.563548759234931,7
3266,39,26,18,16,-6.563691133449593,10
3267,88,15,108,9,-6.566472472480613,6
3268,60,22,30,15,-6.57416524849629,7
3269,54,13,9,8,-6.575353735842605,5
3270,96,77,86,47,-6.579835199705017,30
3271,70,33,28,20,-6.587580378842006,13
3272,75,31,28,19,-6.5918729304824115,12
3273,96,28,65,16,-6.593487230396348,12
3274,64,17,83,10,-6.597115059465707,7
3275,23,11,100,6,-6.60887180201957,5
3276,7,15,100,9,-6.615631929343047,6
3277,107,19,33,11,-6.618873691013778,8
3278,84,27,8,17,-6.622581044229809,10
3279,38,15,16,10,-6.624882970432742,5
3280,18,14,4,9,-6.625039184875381,5
3281,5,48,25,29,-6.626414170343123,19
3282,99,12,98,6,-6.645057358834166,6
3283,102,14,63,8,-6.652222601619386,6
3284,71,11,83,6,-6.6562053803338666,5
3285,50,21,95,12,-6.657433489482592,9
3286,97,25,7,14,-6.660306503669681,11
3287,37,10,29,6,-6.680734619445758,4
3288,106,11,111,8,-6.697425895741327,3
3289,40,11,98,6,-6.717908407531411,5
3290,32,11,97,7,-6.7220085367153315,4
3291,95,13,14,8,-6.731405281187272,5
3292,96,38,74,24,-6.731828732252354,14
3293,54,52,63,32,-6.7319961263044945,20
3294,68,27,9,15,-6.73547348511589,12
3295,51,15,102,9,-6.749472817285659,6
3296,108,10,48,7,-6.749808304712144,3
3297,4,10,75,6,-6.75245497590249,4
3298,96,30,97,17,-6.762245122268197,13
3299,70,27,88,17,-6.779439228833637,10
3300,88,26,53,16,-6.781752451354993,10
3301,49,16,98,9,-6.781982879058622,7
3302,98,15,70,10,-6.782158452834324,5
3303,31,30,60,16,-6.790038808409768,14
3304,46,39,8,22,-6.790452136276324,17
3305,53,40,7,25,-6.796699907583157,15
3306,50,12,27,8,-6.81199069291027,4
3307,23,17,51,10,-6.813238789143917,7
3308,49,18,87,9,-6.815479269250659,9
3309,106,37,13,22,-6.817789123113524,15
3310,5,24,65,14,-6.826704214447485,10
3311,112,13,86,8,-6.838344781650462,5
3312,11,17,75,10,-6.860129083231022,7
3313,100,23,16,14,-6.865917587580037,9
3314,28,47,104,28,-6.867595835363374,19
3315,99,15,106,10,-6.882359612487446,5
3316,98,13,55,9,-6.885710678530402,4
3317,69,16,13,9,-6.8921901532550445,7
3318,36,12,70,7,-6.899854666606963,5
3319,20,11,93,7,-6.911432650296384,4
3320,87,10,44,6,-6.930092376966648,4
3321,9,19,60,13,-6.936223514639262,6
3322,32,18,107,10,-6.94620916956579,8
3323,87,57,8,35,-6.976219715734777,22
3324,108,15,86,8,-6.982006260998501,7
3325,102,11,75,7,-6.982265357015773,4
3326,62,25,16,16,-6.984521132722269,9
3327,30,11,49,7,-6.986267783548394,4
3328,65,14,15,9,-6.98678701664079,5
3329,94,12,55,7,-6.987298934898081,5
3330,88,56,54,33,-6.98742419968678,23
3331,106,10,6,6,-6.989547350675937,4
3332,5,15,62,9,-6.9927087595973925,6
3333,87,24,76,15,-6.993292012895228,9
3334,93,12,16,7,-7.007856526653327,5
3335,18,41,7,23,-7.021247577826593,18
3336,84,31,74,17,-7.0251363399754485,14
3337,106,27,80,17,-7.029777914575281,10
3338,88,22,64,14,-7.0331900679740205,8
3339,88,11,61,6,-7.033459990267491,5
3340,39,17,46,9,-7.035363973882463,8
3341,60,24,23,15,-7.037826470384503,9
3342,2,25,28,16,-7.040494915317703,9
3343,25,20,91,12,-7.04452512181193,8
3344,107,11,6,7,-7.048403625284058,4
3345,39,22,17,14,-7.053406202555407,8
3346,97,16,18,10,-7.053736701240837,6
3347,87,23,90,14,-7.067717517445952,9
3348,40,23,9,15,-7.0681184318200705,8
3349,88,32,40,19,-7.073385317758078,13
3350,88,11,12,7,-7.079073000089318,4
3351,50,28,13,17,-7.080143232503654,11
3352,9,11,46,6,-7.085087450613435,5
3353,17,10,1,6,-7.089282944121619,4
3354,88,25,39,16,-7.1050966286797905,9
3355,79,12,63,8,-7.1114844508040305,4
3356,87,14,32,9,-7.113585901413378,5
3357,48,32,63,20,-7.1299692009467925,12
3358,14,14,86,8,-7.166696838482464,6
3359,35,15,16,10,-7.178038323973206,5
3360,43,12,106,7,-7.182282377952387,5
3361,55,15,57,8,-7.186289928876395,7
3362,1,19,68,12,-7.18972887423793,7
3363,86,11,3,7,-7.196456707848662,4
3364,5,28,97,18,-7.2030892274017075,10
3365,15,20,13,12,-7.226944117697118,8
3366,51,70,86,40,-7.231523442327657,30
3367,101,11,16,7,-7.238690209169098,4
3368,110,17,8,11,-7.249961918016362,6
3369,93,12,98,7,-7.251352809271133,5
3370,111,14,28,9,-7.296837620354718,5
3371,109,19,107,13,-7.298695286121334,6
3372,70,14,110,9,-7.302453099036632,5
3373,16,12,72,7,-7.333554822764275,5
3374,51,24,27,15,-7.344159869170695,9
3375,76,24,63,16,-7.347513334234853,8
3376,114,14,95,8,-7.3483662518069215,6
3377,31,11,1,5,-7.3592728130679514,6
3378,106,38,25,24,-7.3615147893147475,14
3379,53,29,68,19,-7.365473086552083,10
3380,74,15,34,10,-7.367415754617588,5
3381,55,27,40,17,-7.370891565191238,10
3382,65,29,114,17,-7.376489256061006,12
3383,91,11,51,7,-7.381482405770834,4
3384,84,21,16,12,-7.387304706787613,9
3385,20,18,91,10,-7.395662966437773,8
3386,46,41,37,27,-7.398384968299376,14
3387,69,11,70,7,-7.401520759866326,4
3388,107,13,29,9,-7.409187331272264,4
3389,86,28,71,17,-7.428516132629241,11
3390,46,45,25,26,-7.439996628911813,19
3391,18,29,28,18,-7.441772892360465,11
3392,55,16,17,9,-7.461932340099582,7
3393,63,15,108,9,-7.475559971035059,6
3394,54,24,75,15,-7.479110945486759,9
3395,27,26,16,17,-7.481407495599661,9
3396,48,13,74,7,-7.488504403150373,6
3397,40,47,7,30,-7.498794313480429,17
3398,71,10,70,5,-7.515715016674823,5
3399,40,13,64,8,-7.51590817548167,5
3400,106,16,98,10,-7.529459965554982,6
3401,74,18,102,11,-7.530680431017048,7
3402,102,18,104,10,-7.533956675469564,8
3403,70,18,114,12,-7.542200625865838,6
3404,70,23,96,12,-7.543405368906036,11
3405,87,14,62,9,-7.54541053050395,5
3406,75,24,60,15,-7.558700999923662,9
3407,60,12,49,8,-7.569070199503927,4
3408,51,54,7,33,-7.573263843939817,21
3409,74,11,69,7,-7.579248302946878,4
3410,18,27,13,16,-7.58048354416083,11
3411,57,11,7,6,-7.58831541689425,5
3412,96,18,51,11,-7.611388504075614,7
3413,53,18,87,10,-7.613858387114757,8
3414,47,10,27,5,-7.62066397353236,5
3415,88,66,86,40,-7.6238528795096165,26
3416,80,22,96,14,-7.6325568595370585,8
3417,16,16,44,9,-7.6351094721495825,7
3418,18,20,106,12,-7.647336586140196,8
3419,15,11,60,5,-7.6622284853439115,6
3420,96,24,37,14,-7.66584492569651,10
3421,68,16,54,10,-7.668709439065461,6
3422,48,24,86,15,-7.668739325888133,9
3423,97,14,110,9,-7.6856652674732375,5
3424,11,32,5,20,-7.6874421575338765,12
3425,71,10,64,7,-7.696425242175823,3
3426,65,13,62,8,-7.701250753484253,5
3427,70,13,46,8,-7.705270409518368,5
3428,64,22,16,14,-7.72685463134144,8
3429,8,31,109,18,-7.730735193905241,13
3430,20,35,65,23,-7.738425215752467,12
3431,54,13,73,8,-7.746921178252214,5
3432,25,49,37,29,-7.755599308877523,20
3433,109,16,41,11,-7.764026883273387,5
3434,79,20,48,12,-7.7777328666170344,8
3435,65,34,30,22,-7.78449654247133,12
3436,12,13,60,6,-7.7891023107031865,7
3437,65,13,64,7,-7.80343556277557,6
3438,98,17,8,11,-7.832264077196576,6
3439,55,21,95,13,-7.848709788021649,8
3440,96,13,85,9,-7.87177905722743,4
3441,51,23,20,13,-7.873291814736603,10
3442,36,13,28,7,-7.880028929086843,6
3443,18,18,77,12,-7.886307131257644,6
3444,65,23,95,14,-7.912040515511821,9
3445,84,14,97,10,-7.932419590040103,4
3446,71,23,30,14,-7.957717730616394,9
3447,104,12,89,7,-7.965629364641427,5
3448,91,10,102,6,-7.970489437012806,4
3449,111,13,87,8,-7.980096747556536,5
3450,17,17,104,10,-7.98852960047454,7
3451,109,14,95,9,-7.992343836415329,5
3452,96,19,102,12,-7.995631160966494,7
3453,37,13,89,7,-7.9994477960682815,6
3454,9,12,76,8,-8.003296815477393,4
3455,86,14,15,9,-8.007884617525496,5
3456,28,24,93,16,-8.07091688053174,8
3457,84,23,20,16,-8.075470698309143,7
3458,68,37,75,24,-8.07757438371881,13
3459,43,14,40,9,-8.079311714986362,5
3460,5,61,8,37,-8.080732178020163,24
3461,109,15,53,10,-8.093404481537448,5
3462,41,18,60,11,-8.094136075426906,7
3463,91,22,7,15,-8.100629511831421,7
3464,43,11,63,7,-8.123064953208495,4
3465,25,19,100,11,-8.126357393020873,8
3466,29,12,75,7,-8.144839094845086,5
3467,55,35,104,22,-8.147983283277846,13
3468,106,29,90,19,-8.150820609853735,10
3469,31,11,39,7,-8.153708131273627,4
3470,77,16,107,10,-8.158868103512408,6
3471,102,14,20,8,-8.160756483849335,6
3472,114,26,8,17,-8.173491580547305,9
3473,16,19,102,11,-8.19199745286954,8
3474,7,12,73,7,-8.208102847569265,5
3475,44,11,20,7,-8.212958514210372,4
3476,104,11,34,7,-8.215395618768706,4
3477,69,10,7,6,-8.219403987480794,4
3478,91,27,63,18,-8.221363451129463,9
3479,37,11,64,7,-8.227838269840156,4
3480,87,11,69,6,-8.233960994375394,5
3481,30,15,20,9,-8.236211957822993,6
3482,16,12,89,7,-8.24232911238878,5
3483,68,21,114,14,-8.266192989398757,7
3484,14,12,37,7,-8.266467835075433,5
3485,76,12,75,7,-8.269580351796622,5
3486,50,15,93,10,-8.29471125308058,5
3487,76,13,65,9,-8.31287645900771,4
3488,70,15,108,10,-8.323316395893164,5
3489,63,10,99,6,-8.327283039780834,4
3490,104,14,15,9,-8.330235989560041,5
3491,46,10,6,6,-8.386722378353735,4
3492,77,11,23,7,-8.395133279795564,4
3493,110,14,51,9,-8.405376385205704,5
3494,39,19,64,12,-8.420597566559046,7
3495,104,23,40,15,-8.436530872262265,8
3496,69,12,63,8,-8.439330634757434,4
3497,25,41,13,24,-8.44596846540986,17
3498,96,14,95,9,-8.450373982592183,5
3499,72,16,86,10,-8.471272734246591,6
3500,63,17,9,11,-8.472258587659129,6
3501,83,27,86,19,-8.512264034333521,8
3502,107,10,15,7,-8.540362330799292,3
3503,55,31,50,19,-8.547249952830777,12
3504,11,20,104,13,-8.558536461608565,7
3505,5,13,71,8,-8.58837744258604,5
3506,39,11,62,6,-8.596421423938477,5
3507,75,13,15,9,-8.597300929966652,4
3508,50,22,90,14,-8.598522697493998,8
3509,53,10,27,7,-8.604911275108316,3
3510,46,16,7,11,-8.606859033839564,5
3511,45,10,60,5,-8.61218235484954,5
3512,114,11,32,7,-8.619976183865209,4
3513,40,13,95,8,-8.623923471834955,5
3514,37,34,11,22,-8.643977561339529,12
3515,29,18,65,10,-8.648686808705751,8
3516,51,10,73,7,-8.653546669629687,3
3517,109,11,68,8,-8.666077048477293,3
3518,81,11,75,8,-8.675364185091574,3
3519,90,11,30,7,-8.695806027026098,4
3520,2,10,30,6,-8.704387763563812,4
3521,18,12,81,8,-8.715036181803235,4
3522,109,19,74,13,-8.721352652587642,6
3523,47,10,68,6,-8.727596610476514,4
3524,108,16,16,10,-8.735246502538358,6
3525,40,10,61,6,-8.7398122874208,4
3526,108,20,107,13,-8.742278859843847,7
3527,63,14,100,8,-8.744739392278019,6
3528,9,15,18,10,-8.745170649651572,5
3529,38,12,88,9,-8.749107019275813,3
3530,18,15,63,10,-8.77510334952056,5
3531,106,11,79,7,-8.77784161708646,4
3532,1,11,37,6,-8.780031926893976,5
3533,58,12,40,8,-8.818378826555746,4
3534,63,34,51,21,-8.818471235764225,13
3535,63,13,111,8,-8.828200881380395,5
3536,38,25,37,16,-8.833071133401008,9
3537,55,18,30,11,-8.839212831584407,7
3538,37,20,40,12,-8.849367605337227,8
3539,98,13,73,8,-8.85379630005694,5
3540,53,21,107,14,-8.861261407439775,7
3541,17,16,28,10,-8.863383779145725,6
3542,53,12,8,8,-8.895793221451044,4
3543,63,16,71,10,-8.898928502018704,6
3544,57,17,70,9,-8.906737604649802,8
3545,4,12,27,7,-8.912965297281163,5
3546,91,10,11,7,-8.923724837318142,3
3547,84,14,104,8,-8.932998314387538,6
3548,80,13,11,8,-8.941133144462878,5
3549,2,11,76,8,-8.95175533528088,3
3550,32,11,28,7,-8.963821007682874,4
3551,18,14,31,9,-8.964098333609028,5
3552,17,24,65,17,-8.96623708176203,7
3553,108,10,37,6,-8.970431804543574,4
3554,87,17,102,11,-8.972219911227103,6
3555,63,17,90,11,-8.996303299649265,6
3556,55,25,109,14,-9.015163892645331,11
3557,36,13,5,8,-9.023272142505265,5
3558,1,20,13,14,-9.036814307935964,6
3559,75,22,18,13,-9.03929563575736,9
3560,75,22,104,14,-9.039829127143499,8
3561,43,11,87,7,-9.04152337159111,4
3562,68,15,36,9,-9.050169767098083,6
3563,8,34,95,21,-9.07920947405897,13
3564,39,10,110,7,-9.085258579238133,3
3565,51,60,13,37,-9.086977189189035,23
3566,96,18,7,13,-9.132819640450865,5
3567,62,13,107,8,-9.13438141188093,5
3568,38,10,51,7,-9.155948104570232,3
3569,5,43,50,26,-9.156049369840705,17
3570,84,27,5,17,-9.167674877244863,10
3571,91,35,16,24,-9.18239489422027,11
3572,84,13,98,9,-9.18267526002018,4
3573,106,21,46,12,-9.198394638018083,9
3574,68,15,70,9,-9.199626874800048,6
3575,33,15,51,11,-9.201089002652214,4
3576,40,12,2,8,-9.204153353273353,4
3577,88,29,50,18,-9.216621594045137,11
3578,13,15,90,10,-9.234210365017372,5
3579,63,12,17,8,-9.243907403077538,4
3580,70,24,74,14,-9.249270082293561,10
3581,68,13,56,7,-9.266257424684696,6
3582,45,13,16,8,-9.274833536742308,5
3583,88,42,65,28,-9.275260531430183,14
3584,71,29,16,20,-9.28165872173034,9
3585,107,29,2,19,-9.295436230624016,10
3586,96,15,114,10,-9.304547518897671,5
3587,55,13,2,8,-9.30651882359562,5
3588,80,13,90,9,-9.30675268400111,4
3589,23,10,64,7,-9.31928923086686,3
3590,63,10,53,6,-9.336566772480596,4
3591,34,15,109,9,-9.338464853736003,6
3592,49,13,68,8,-9.339336564986892,5
3593,86,16,53,9,-9.341023335732503,7
3594,74,22,51,15,-9.344397651003662,7
3595,43,12,107,7,-9.3558585338088,5
3596,55,24,76,17,-9.363385320781445,7
3597,9,18,87,11,-9.384927111876166,7
3598,86,31,102,21,-9.40404581030503,10
3599,109,23,11,16,-9.404573837166613,7
3600,63,41,37,27,-9.417998111066987,14
3601,60,14,17,9,-9.418100598165664,5
3602,110,10,114,7,-9.422657787947912,3
3603,74,14,83,8,-9.43011849323839,6
3604,63,11,32,7,-9.44232166344675,4
3605,1,27,55,17,-9.446737697978378,10
3606,95,10,100,6,-9.44913493803541,4
3607,102,10,40,6,-9.454137715098852,4
3608,111,26,65,18,-9.458708575320603,8
3609,18,22,95,13,-9.461457865276858,9
3610,97,12,60,7,-9.465356665683869,5
3611,77,26,104,17,-9.48377934817974,9
3612,51,14,1,8,-9.49718885933896,6
3613,99,22,37,15,-9.502759058160713,7
3614,10,11,107,7,-9.504556938677329,4
3615,76,18,23,12,-9.525082848083137,6
3616,39,13,90,8,-9.529975909191752,5
3617,40,30,65,18,-9.552309795866794,12
3618,106,21,2,13,-9.573373481710446,8
3619,39,39,13,24,-9.579171098092763,15
3620,8,11,62,8,-9.593511144115352,3
3621,1,17,86,11,-9.605183903195396,6
3622,50,35,75,24,-9.610581029202425,11
3623,8,14,99,8,-9.611065592860308,6
3624,25,32,104,20,-9.627013935826913,12
3625,64,12,70,8,-9.645861185980307,4
3626,87,14,73,10,-9.66078496258972,4
3627,50,21,76,15,-9.71946765921414,6
3628,9,10,64,7,-9.729999431124583,3
3629,88,33,63,22,-9.734010190028812,11
3630,55,12,100,7,-9.740548987953597,5
3631,114,10,55,7,-9.74489316173115,3
3632,84,23,11,15,-9.766296004538773,8
3633,70,13,30,7,-9.768945845713874,6
3634,83,24,37,15,-9.783726366978415,9
3635,94,11,86,7,-9.812302766941606,4
3636,86,30,41,21,-9.841335176268768,9
3637,9,12,41,7,-9.847104485770206,5
3638,109,20,63,12,-9.854767957937824,8
3639,91,23,87,16,-9.862408493421489,7
3640,79,23,86,15,-9.865377107457421,8
3641,106,14,30,9,-9.870728252110508,5
3642,18,34,16,23,-9.881360464557632,11
3643,18,17,50,10,-9.885091111762174,7
3644,14,13,16,8,-9.888882095158154,5
3645,77,10,46,6,-9.900782595186337,4
3646,81,12,104,6,-9.905900911354768,6
3647,87,17,100,10,-9.910234475754471,7
3648,109,15,70,10,-9.924354258384088,5
3649,86,22,44,14,-9.92971305051496,8
3650,8,31,75,21,-9.942334170394213,10
3651,36,29,13,19,-9.950335156422012,10
3652,106,13,38,7,-9.972431475981125,6
3653,35,21,107,15,-9.980358662107305,6
3654,46,34,16,22,-9.98935054867163,12
3655,68,12,92,8,-10.008506338652166,4
3656,39,13,76,9,-10.058998148251558,4
3657,57,12,54,9,-10.066024134547122,3
3658,49,13,107,8,-10.111778792091553,5
3659,83,15,107,10,-10.114574167697793,5
3660,35,10,8,7,-10.118762046100299,3
3661,86,19,69,13,-10.141169418850657,6
3662,107,14,58,9,-10.14213858889727,5
3663,102,14,76,9,-10.166991590900437,5
3664,23,25,106,15,-10.18929876971946,10
3665,2,15,98,9,-10.198603389321665,6
3666,99,12,77,9,-10.252199704478636,3
3667,51,11,15,7,-10.274901265855426,4
3668,94,10,13,7,-10.278886232089443,3
3669,114,28,28,17,-10.28480196204026,11
3670,39,21,74,13,-10.295229479000923,8
3671,84,40,63,25,-10.29559442304446,15
3672,28,41,63,28,-10.300883603096644,13
3673,55,18,20,11,-10.312518824176758,7
3674,90,17,73,11,-10.345640275158654,6
3675,102,18,50,11,-10.348240016843025,7
3676,91,18,8,12,-10.34860151027639,6
3677,91,24,55,17,-10.356107605211829,7
3678,84,13,83,8,-10.35745770275565,5
3679,50,13,41,9,-10.376485712958942,4
3680,93,16,106,10,-10.37915501513517,6
3681,87,22,98,15,-10.388816178209707,7
3682,63,10,78,6,-10.4051298432996,4
3683,57,15,11,9,-10.421539922134658,6
3684,36,24,27,15,-10.427651739608255,9
3685,71,10,100,7,-10.432118419347479,3
3686,60,31,104,23,-10.441461712063708,8
3687,87,11,15,7,-10.463297812680686,4
3688,80,11,78,7,-10.465715646953603,4
3689,33,12,87,8,-10.466998002217025,4
3690,27,18,104,13,-10.473446544405565,5
3691,87,39,13,26,-10.475224192177564,13
3692,109,12,93,8,-10.527585993418182,4
3693,57,18,88,11,-10.555628423294738,7
3694,76,33,86,22,-10.565024036126953,11
3695,96,45,16,32,-10.566392603656332,13
3696,41,18,87,12,-10.566422140881258,6
3697,77,11,106,7,-10.594156026318409,4
3698,87,22,48,15,-10.632484792434644,7
3699,39,58,16,38,-10.638146873534158,20
3700,7,22,37,14,-10.662936414000132,8
3701,65,16,2,12,-10.668339624865121,4
3702,88,12,58,8,-10.68078404924026,4
3703,20,32,50,21,-10.680905733435484,11
3704,37,39,97,26,-10.683098078251785,13
3705,76,13,54,9,-10.686858558117365,4
3706,114,12,53,7,-10.688072181424456,5
3707,93,12,75,8,-10.68974449521869,4
3708,39,16,114,11,-10.69985098026964,5
3709,54,43,37,29,-10.702102057687048,14
3710,97,47,86,31,-10.720769815386413,16
3711,69,21,16,13,-10.757492758815468,8
3712,63,22,98,14,-10.75970205191674,8
3713,68,20,4,13,-10.776379975899859,7
3714,88,11,80,7,-10.820834504420484,4
3715,63,17,27,10,-10.823371487985355,7
3716,107,25,48,16,-10.827629447931269,9
3717,31,18,9,12,-10.862368292564515,6
3718,70,25,87,16,-10.862733276020153,9
3719,46,11,100,7,-10.904685887838546,4
3720,5,17,73,11,-10.90738305979487,6
3721,46,36,104,24,-10.925245666975803,12
3722,106,22,39,14,-10.933832598770767,8
3723,39,14,23,9,-10.999796656050236,5
3724,96,19,46,11,-11.044310192668554,8
3725,11,11,99,7,-11.04788337752713,4
3726,62,15,74,10,-11.052729805875948,5
3727,5,13,34,10,-11.055394545543237,3
3728,25,18,110,13,-11.063714709672924,5
3729,106,57,16,39,-11.06906713885185,18
3730,25,29,20,20,-11.06909713193041,9
3731,97,15,41,10,-11.070090209264839,5
3732,98,14,20,10,-11.083964695514595,4
3733,88,13,77,9,-11.099370566703438,4
3734,32,13,74,9,-11.101664191982367,4
3735,77,12,27,8,-11.13773931409657,4
3736,18,12,64,8,-11.202221743557958,4
3737,54,20,30,14,-11.20706879764052,6
3738,87,13,79,10,-11.211504341364096,3
3739,65,23,27,15,-11.235702514495854,8
3740,31,10,45,7,-11.246547067503487,3
3741,48,12,90,8,-11.252381363492235,4
3742,77,17,63,12,-11.25848271577157,5
3743,107,26,30,18,-11.281848084528933,8
3744,5,10,80,7,-11.295210617596885,3
3745,79,10,80,6,-11.30670069299901,4
3746,96,26,98,17,-11.315795357847566,9
3747,90,21,114,14,-11.316575519517894,7
3748,96,23,48,16,-11.323041657346815,7
3749,39,35,86,22,-11.324608115820654,13
3750,27,14,37,10,-11.378309035824225,4
3751,16,23,57,15,-11.38639029821982,8
3752,56,13,86,9,-11.435010211692363,4
3753,5,19,7,13,-11.44406267553112,6
3754,3,11,107,6,-11.49163746470715,5
3755,18,13,30,9,-11.492968524399982,4
3756,28,31,74,21,-11.526159046117094,10
3757,76,15,74,9,-11.544600382799558,6
3758,2,11,114,8,-11.567668937733664,3
3759,87,12,3,8,-11.58402482460631,4
3760,54,10,36,7,-11.58437851581158,3
3761,63,14,62,9,-11.618017423354843,5
3762,107,23,76,17,-11.647663179181833,6
3763,63,13,57,8,-11.67022671873631,5
3764,41,17,111,11,-11.678377123703484,6
3765,36,26,53,18,-11.70316913897842,8
3766,51,10,48,6,-11.705725037939857,4
3767,68,11,28,8,-11.775053683127204,3
3768,15,17,8,11,-11.78066066095679,6
3769,50,10,23,8,-11.788365261374185,2
3770,107,21,73,13,-11.819297459696681,8
3771,88,14,69,10,-11.887869311273404,4
3772,11,13,93,10,-11.901577910299338,3
3773,5,26,75,16,-11.916835118435044,10
3774,87,11,108,8,-11.937760746567227,3
3775,104,19,49,13,-11.962718506463764,6
3776,56,16,7,10,-11.96931433153811,6
3777,98,24,5,16,-11.989855689002859,8
3778,87,33,7,23,-12.033061706618101,10
3779,77,13,71,9,-12.053933542856774,4
3780,51,22,100,13,-12.057375025910238,9
3781,91,21,106,16,-12.075414900691838,5
3782,71,12,98,8,-12.075541125219779,4
3783,68,14,62,9,-12.146203851532785,5
3784,70,22,2,14,-12.153236389251056,8
3785,109,16,27,10,-12.180763505602675,6
3786,13,17,30,11,-12.209284361124482,6
3787,13,19,114,11,-12.223957132941289,8
3788,70,21,11,15,-12.225051268467027,6
3789,7,37,75,26,-12.246545156148267,11
3790,54,15,2,11,-12.306524573726033,4
3791,73,11,65,8,-12.33068506848005,3
3792,37,13,71,8,-12.342806104497281,5
3793,107,24,80,18,-12.365033339093642,6
3794,23,13,55,8,-12.384564492570101,5
3795,102,18,107,12,-12.402758935512745,6
3796,77,24,40,17,-12.42040204091281,7
3797,96,38,11,26,-12.433764526276038,12
3798,33,11,63,8,-12.458058441923846,3
3799,79,10,104,6,-12.467627013550157,4
3800,9,11,53,7,-12.474704729291489,4
3801,50,10,15,7,-12.479053092203715,3
3802,81,12,60,8,-12.507241629015475,4
3803,97,18,13,12,-12.533256619268162,6
3804,16,12,81,9,-12.547755736616807,3
3805,5,30,102,20,-12.549261396684052,10
3806,97,17,71,12,-12.555483253298778,5
3807,5,27,57,19,-12.572003913811173,8
3808,63,32,80,23,-12.596093571968389,9
3809,98,11,13,8,-12.600193093477749,3
3810,88,16,102,12,-12.65037372869335,4
3811,60,20,91,13,-12.692173173081187,7
3812,39,23,30,16,-12.710536545045576,7
3813,52,10,28,7,-12.725624774771763,3
3814,77,12,53,8,-12.759656490182065,4
3815,55,16,102,11,-12.774824407782454,5
3816,51,26,76,19,-12.778617219544259,7
3817,71,15,104,10,-12.790892712888182,5
3818,46,14,30,10,-12.822811242166972,4
3819,51,10,62,7,-12.846147043926084,3
3820,9,23,16,16,-12.875038464260191,7
3821,88,31,95,21,-12.878955779515165,10
3822,96,10,78,7,-12.899686199305037,3
3823,91,15,30,11,-12.902049120491473,4
3824,37,27,95,20,-12.921122211679824,7
3825,51,16,77,11,-12.941193832575703,5
3826,64,17,13,11,-12.960343905022338,6
3827,94,16,16,12,-12.969401282348114,4
3828,25,11,34,8,-12.978396480778377,3
3829,76,17,16,11,-13.03948779735361,6
3830,44,13,104,9,-13.041336406816619,4
3831,90,15,20,10,-13.08396173697106,5
3832,6,13,13,9,-13.094022786443519,4
3833,18,13,11,9,-13.094881521032239,4
3834,14,10,80,6,-13.097202558791372,4
3835,47,10,16,7,-13.12098149799225,3
3836,30,11,34,8,-13.149679586972228,3
3837,28,14,69,9,-13.15924750974193,5
3838,86,12,10,8,-13.182040041920281,4
3839,68,13,95,10,-13.185943962249171,3
3840,69,10,49,6,-13.198330525042142,4
3841,46,16,50,10,-13.220197801431315,6
3842,61,10,6,7,-13.234029550477732,3
3843,41,16,8,12,-13.244566662838952,4
3844,31,17,4,12,-13.252189385070842,5
3845,60,20,27,15,-13.258539615773334,5
3846,77,12,49,9,-13.281163183221418,3
3847,40,12,92,9,-13.282922867585453,3
3848,5,15,41,9,-13.292824048066667,6
3849,33,10,65,7,-13.314880602814075,3
3850,88,42,13,31,-13.340443859809975,11
3851,17,18,95,13,-13.342671111008821,5
3852,77,14,8,10,-13.347864243829795,4
3853,83,18,16,13,-13.35123547721314,5
3854,17,10,41,7,-13.35174147952793,3
3855,20,11,34,8,-13.36206244645375,3
3856,32,11,55,7,-13.36363963009391,4
3857,37,11,18,8,-13.371391730474068,3
3858,32,12,25,7,-13.427877456338663,5
3859,70,15,50,10,-13.441101055992577,5
3860,90,10,93,7,-13.452391800759145,3
3861,40,19,54,13,-13.529131931324352,6
3862,103,11,74,8,-13.53565105452587,3
3863,99,17,107,12,-13.582126995646108,5
3864,7,14,45,10,-13.583610271734168,4
3865,27,11,40,7,-13.632954818760084,4
3866,46,12,93,9,-13.65474091099076,3
3867,71,12,17,8,-13.74778211589782,4
3868,25,35,7,26,-13.788541300535183,9
3869,50,13,33,9,-13.806659469614802,4
3870,83,13,11,10,-13.863860744018641,3
3871,83,11,23,8,-13.9232349355535,3
3872,31,14,63,10,-13.967910781975425,4
3873,68,17,25,12,-13.975333228554621,5
3874,38,12,75,9,-13.97610438097405,3
3875,35,21,76,14,-14.001262608885755,7
3876,3,10,16,7,-14.049228034317178,3
3877,88,15,100,11,-14.049568237179408,4
3878,76,12,7,7,-14.076112540272657,5
3879,111,10,54,8,-14.107577214977887,2
3880,58,11,31,7,-14.140427649264893,4
3881,104,16,90,11,-14.1449470066471,5
3882,60,20,74,13,-14.155436372823557,7
3883,60,11,100,8,-14.174527803441702,3
3884,39,12,92,8,-14.220068086204257,4
3885,31,24,16,16,-14.234057773272779,8
3886,97,10,14,8,-14.259112129654316,2
3887,11,11,30,8,-14.299516136130784,3
3888,37,12,34,9,-14.300571264435137,3
3889,102,11,46,8,-14.307494713152051,3
3890,83,10,40,8,-14.347262135245904,2
3891,7,10,44,7,-14.384332702336476,3
3892,74,10,89,7,-14.446682807284398,3
3893,54,20,100,14,-14.454126910452933,6
3894,2,10,73,7,-14.457830254043136,3
3895,31,34,13,24,-14.497668697629683,10
3896,2,11,13,8,-14.516038794033763,3
3897,50,10,36,6,-14.52474056063049,4
3898,37,12,73,8,-14.533349572792924,4
3899,54,24,48,17,-14.535603927866182,7
3900,32,14,16,10,-14.542782322425317,4
3901,35,10,27,7,-14.547141678753416,3
3902,77,12,37,8,-14.55993313549925,4
3903,99,12,50,8,-14.581629542155014,4
3904,106,28,114,20,-14.581763893478067,8
3905,1,18,16,14,-14.609769703066345,4
3906,107,23,57,16,-14.628863082826486,7
3907,39,12,109,10,-14.675982860996212,2
3908,38,12,104,8,-14.740438732077878,4
3909,106,14,32,11,-14.741977351969277,3
3910,47,13,36,10,-14.817766140993221,3
3911,18,16,15,12,-14.896458059338457,4
3912,60,17,47,12,-14.95931410960329,5
3913,99,18,25,13,-15.014737107768294,5
3914,25,12,36,8,-15.035979207592742,4
3915,96,12,91,9,-15.083901067533665,3
3916,9,12,48,9,-15.097519161061683,3
3917,70,11,80,9,-15.157277297784104,2
3918,107,12,89,9,-15.163906699283089,3
3919,41,18,36,12,-15.164109198241142,6
3920,36,13,8,9,-15.167980745967318,4
3921,106,15,69,11,-15.191414949774645,4
3922,83,16,114,12,-15.254612667104073,4
3923,97,11,67,9,-15.281658756670776,2
3924,40,17,8,13,-15.305006202129846,4
3925,99,11,7,8,-15.315874324967403,3
3926,28,16,34,12,-15.364383659890448,4
3927,1,12,8,9,-15.41740871544165,3
3928,25,14,49,10,-15.43786379260084,4
3929,97,12,90,8,-15.449883037579118,4
3930,104,10,1,7,-15.492735116501894,3
3931,2,18,104,12,-15.50344370749933,6
3932,50,13,53,9,-15.569994252406994,4
3933,28,15,99,11,-15.590204088651852,4
3934,5,16,23,12,-15.598001372374195,4
3935,35,12,80,9,-15.72406211872363,3
3936,96,16,93,12,-15.73319462766121,4
3937,69,10,75,7,-15.736017592704759,3
3938,17,10,34,8,-15.751264612759243,2
3939,63,12,14,8,-15.759973477645744,4
3940,70,10,48,7,-15.796496446665468,3
3941,10,12,51,9,-15.800052773600783,3
3942,109,24,114,19,-15.817688091898853,5
3943,39,18,99,14,-15.84878961626863,4
3944,29,13,88,9,-15.850906570917441,4
3945,106,14,67,10,-15.86890640221611,4
3946,50,17,80,14,-15.873366771105449,3
3947,18,13,23,9,-15.879451530655546,4
3948,11,21,95,16,-16.006249051562754,5
3949,77,23,7,17,-16.02212846305278,6
3950,112,15,28,11,-16.113496626946453,4
3951,16,10,73,7,-16.163676933136152,3
3952,35,10,36,8,-16.29250082489503,2
3953,88,13,32,9,-16.30207764263433,4
3954,68,11,61,8,-16.309229133158322,3
3955,25,25,11,20,-16.429746187224737,5
3956,8,10,64,8,-16.564735872759318,2
3957,69,10,30,7,-16.56623009393739,3
3958,64,11,30,9,-16.635880746822128,2
3959,60,13,37,9,-16.65752424604732,4
3960,39,11,80,8,-16.658023117542907,3
3961,54,12,71,9,-16.694318491220844,3
3962,5,17,30,14,-16.835862346935006,3
3963,30,14,95,10,-16.836817117204564,4
3964,17,12,40,10,-16.84478158480246,2
3965,36,15,63,11,-16.85572815142421,4
3966,81,11,87,7,-16.927449693182954,4
3967,31,14,64,11,-16.959426700731804,3
3968,8,12,34,9,-16.979471141980934,3
3969,46,10,53,7,-17.02359024433546,3
3970,5,21,27,15,-17.023938523878094,6
3971,77,13,30,10,-17.183365854009374,3
3972,35,12,63,9,-17.190706154289504,3
3973,106,10,35,7,-17.319051156851785,3
3974,87,11,34,8,-17.33811535027782,3
3975,106,10,64,8,-17.4007620109384,2
3976,83,17,13,13,-17.492504927051193,4
3977,67,10,16,8,-17.493350405648194,2
3978,103,11,86,8,-17.582574899359507,3
3979,77,14,16,11,-17.677083033460956,3
3980,71,11,9,8,-17.953103650892945,3
3981,86,11,26,9,-18.01144379039894,2
3982,9,10,15,7,-18.10010178928402,3
3983,51,24,95,19,-18.30226642244668,5
3984,51,11,78,8,-18.320302305471294,3
3985,39,13,100,10,-18.341842925227056,3
3986,16,10,34,8,-18.399414208084664,2
3987,71,11,95,7,-18.43193593101616,4
3988,18,10,5,8,-18.464269170029826,2
3989,91,14,104,13,-18.594531048374897,1
3990,46,10,98,7,-18.66966202924449,3
3991,5,10,44,8,-18.75866141385734,2
3992,65,18,100,15,-18.769472543328472,3
3993,28,26,90,21,-18.776580206085534,5
3994,51,15,90,13,-18.880140990693626,2
3995,68,11,50,8,-18.91389804854597,3
3996,11,10,2,8,-18.92308479788875,2
3997,50,14,77,12,-18.960104376358405,2
3998,5,12,48,10,-19.15405252867682,2
3999,71,10,41,8,-19.20340034712785,2
4000,18,14,99,11,-19.290873438644514,3
4001,86,11,43,9,-19.32211528514948,2
4002,50,19,60,14,-19.63021507943034,5
4003,32,12,95,10,-19.760326388824467,2
4004,75,10,98,8,-19.778570250677795,2
4005,68,11,100,8,-19.818881869535797,3
4006,97,10,73,7,-19.91794250638973,3
4007,80,11,75,9,-19.954444599946257,2
4008,75,11,111,8,-20.026411874817093,3
4009,66,10,107,8,-20.152222817707916,2
4010,33,16,55,13,-20.174007528343807,3
4011,97,13,38,11,-20.20683871919733,2
4012,54,10,4,9,-20.381350839445236,1
4013,39,17,15,14,-20.551749892480252,3
4014,13,11,57,8,-20.619945240208803,3
4015,17,10,23,8,-21.215760860674102,2
4016,60,10,3,8,-21.472587204089837,2
4017,43,10,55,9,-21.477560682480068,1
4018,52,12,86,10,-21.816288972743816,2
4019,51,11,34,9,-22.213174768846976,2
4020,51,13,2,10,-22.46077922587735,3
4021,9,16,27,12,-22.63525482912535,4
4022,55,12,14,11,-22.798222840334333,1
4023,28,10,10,9,-23.03135332069283,1
4024,55,10,44,8,-23.361076236430034,2
4025,77,14,75,12,-24.219783572291735,2
4026,71,12,40,11,-24.609194120938014,1
4027,35,10,48,9,-25.15519793083891,1
4028,39,10,3,10,-28.725074023896866,0
4029,69,10,53,9,-30.0648907892186,1
