,againstHero,games,hero,losses,shift,wins
0,19,10,107,1,28.256315341969916,9
1,64,11,65,2,27.727149312498728,9
2,91,10,43,0,27.34458455824453,10
3,46,11,30,2,24.436531907478123,9
4,55,11,89,2,24.169792122479972,9
5,103,15,86,2,23.967936503754764,13
6,65,10,97,3,23.53209680517744,7
7,106,10,50,1,23.514739146454772,9
8,6,10,12,3,23.4207865353791,7
9,57,13,41,2,23.15616213187528,11
10,26,10,10,2,22.77202326046866,8
11,84,10,94,1,22.762013140609877,9
12,90,13,76,4,22.485125782733952,9
13,17,11,44,2,22.072912946241175,9
14,111,25,70,6,21.76194128198864,19
15,20,12,85,2,21.291819179154874,10
16,74,14,110,3,20.875047711546735,11
17,37,10,104,2,20.681486856575926,8
18,28,10,71,1,20.618030954774138,9
19,18,11,37,2,20.49673353679967,9
20,110,12,109,2,20.16933250309851,10
21,51,12,98,3,20.0679948728163,9
22,87,31,109,7,20.054560725854504,24
23,41,13,10,2,19.737157878272868,11
24,62,15,50,3,19.692589576651248,12
25,62,13,71,1,19.577656350343144,12
26,110,12,29,2,19.248543702222978,10
27,87,22,46,6,18.52263951690414,16
28,88,15,75,3,18.461574020804573,12
29,79,13,7,3,18.404801500191937,10
30,58,13,87,2,18.24410492014657,11
31,107,12,73,3,18.009767759901283,9
32,64,11,9,3,17.707873254379976,8
33,28,10,52,2,17.702606664402413,8
34,63,16,70,4,17.68149233309164,12
35,41,10,110,1,17.607251464829996,9
36,57,19,28,4,17.559820084625652,15
37,88,19,49,4,17.532034552741443,15
38,39,10,55,3,17.520622017928282,7
39,37,10,89,2,17.418835616565147,8
40,26,11,49,4,17.344464565076983,7
41,26,13,54,5,16.93978716229654,8
42,43,14,38,5,16.91598228541753,9
43,38,12,15,3,16.880495720481193,9
44,70,18,86,5,16.806348175717314,13
45,73,16,109,4,16.722107664046142,12
46,49,10,96,3,16.4668046049511,7
47,63,11,10,3,16.316509167938314,8
48,62,13,103,4,16.29915650058687,9
49,5,12,9,3,16.296173952922768,9
50,59,11,103,3,16.266656443008642,8
51,63,18,28,4,16.265603161169604,14
52,55,14,75,3,16.265128193907934,11
53,87,14,85,3,16.25520793639719,11
54,17,14,37,5,16.224073122382876,9
55,30,25,65,6,16.220777761486314,19
56,90,12,91,4,16.098702445179015,8
57,93,11,76,3,15.758858341227866,8
58,46,15,79,5,15.695062063539163,10
59,17,15,38,4,15.678044683298898,11
60,29,12,73,3,15.669782329836798,9
61,16,10,59,4,15.561569445873218,6
62,39,11,54,3,15.528226686771601,8
63,28,11,66,4,15.514046365780628,7
64,70,13,88,3,15.44587119057327,10
65,74,11,112,3,15.445414304360199,8
66,63,16,76,3,15.315183161564981,13
67,90,11,18,3,15.206260273523743,8
68,84,14,40,5,15.139436492633184,9
69,57,15,37,4,15.067776643574769,11
70,55,13,85,4,14.980602580320598,9
71,26,24,38,7,14.873702675608982,17
72,90,19,88,6,14.848820731417785,13
73,93,11,17,3,14.792328082005683,8
74,74,24,48,8,14.775548366537821,16
75,93,25,38,8,14.706979782976543,17
76,49,11,62,4,14.691411076024671,7
77,90,11,93,4,14.682520064465667,7
78,37,15,63,5,14.641860005862267,10
79,88,14,13,6,14.6368480815469,8
80,62,19,20,5,14.584809923949425,14
81,48,11,73,3,14.582237633015303,8
82,16,16,106,5,14.561824656307568,11
83,111,31,62,9,14.463263378850396,22
84,93,16,48,4,14.392053755515036,12
85,26,12,88,4,14.385453144142543,8
86,104,10,50,3,14.369017199502489,7
87,46,11,91,3,14.304066831342244,8
88,60,10,8,3,14.262033464961128,7
89,50,12,109,4,14.261856398454313,8
90,50,11,11,3,14.195922492395967,8
91,57,14,76,4,14.156354151485953,10
92,30,14,85,4,14.008346410378739,10
93,57,20,9,5,13.952239963411898,15
94,30,27,54,8,13.923397923845725,19
95,70,12,109,3,13.902253335630233,9
96,55,22,2,7,13.871872112800908,15
97,38,16,73,6,13.771113964229547,10
98,111,16,109,5,13.722443192828694,11
99,37,10,13,3,13.710588735524032,7
100,26,13,69,4,13.66583811938565,9
101,106,13,88,3,13.642903578411211,10
102,84,17,13,6,13.614397809771186,11
103,63,10,109,2,13.599147291137154,8
104,37,12,5,3,13.593067112324485,9
105,63,17,9,6,13.554826580141608,11
106,20,15,48,4,13.50576806634232,11
107,107,27,62,9,13.491527071908125,18
108,13,15,73,5,13.471561712276639,10
109,106,21,87,5,13.462027569241892,16
110,63,24,86,5,13.352587838003823,19
111,10,24,23,9,13.345513564331808,15
112,30,12,62,4,13.325811773490166,8
113,18,13,2,4,13.31796160775977,9
114,89,12,73,4,13.292782754035754,8
115,58,10,89,3,13.242354787086834,7
116,55,14,106,4,13.092234128017456,10
117,55,17,109,5,13.091080409868951,12
118,30,24,9,7,13.086601208658116,17
119,107,15,70,5,13.053888487638648,10
120,51,17,48,4,12.926828220690847,13
121,6,14,66,4,12.900366001703459,10
122,86,14,17,4,12.845058614378047,10
123,2,21,76,7,12.801773404860658,14
124,69,10,41,4,12.786110356364535,6
125,63,23,79,7,12.732286962297023,16
126,26,35,107,9,12.719830578595298,26
127,73,11,90,3,12.699639901607053,8
128,55,18,11,5,12.65715558206878,13
129,46,21,9,8,12.65253338448702,13
130,3,12,8,3,12.625631089351694,9
131,73,15,23,5,12.578415919943863,10
132,8,15,66,4,12.577302494556069,11
133,13,10,86,3,12.514933779078898,7
134,104,12,48,3,12.498145078794371,9
135,93,22,62,7,12.439036445917942,15
136,20,18,23,5,12.419097927334024,13
137,98,13,71,4,12.389943801613084,9
138,9,11,97,4,12.349501112253755,7
139,93,12,26,4,12.342400061412198,8
140,28,32,109,10,12.230073739883293,22
141,86,14,109,5,12.17060465838588,9
142,93,20,41,5,12.152619394683915,15
143,54,27,109,9,12.131563798369136,18
144,58,11,103,3,12.093407699535737,8
145,79,11,112,3,12.089617166544242,8
146,29,11,70,3,12.030336124564109,8
147,38,15,10,4,12.029907406435383,11
148,14,11,65,3,11.952914938466222,8
149,18,13,17,5,11.905263091036245,8
150,43,14,109,5,11.866460109925438,9
151,55,10,108,3,11.846202494892411,7
152,85,17,37,4,11.836833776252563,13
153,23,15,62,4,11.828374088275869,11
154,28,14,112,5,11.811196680681133,9
155,50,11,37,4,11.791517943036679,7
156,26,14,46,5,11.785571142877396,9
157,104,18,98,7,11.758094591275455,11
158,15,10,79,3,11.756403792330063,7
159,70,13,62,5,11.719880801732709,8
160,93,13,75,5,11.701725422413729,8
161,93,15,1,4,11.687642643688715,11
162,10,18,55,7,11.634204977110192,11
163,98,17,15,6,11.628891195956703,11
164,32,15,88,4,11.62259561238565,11
165,30,26,103,8,11.5945127814643,18
166,65,16,18,5,11.593628436717697,11
167,16,18,13,6,11.568229122492738,12
168,65,16,102,6,11.565057266886955,10
169,38,22,109,7,11.561969316834697,15
170,107,10,7,3,11.56115244063066,7
171,109,15,6,5,11.553622356231047,10
172,16,28,70,8,11.544275868635912,20
173,41,31,109,7,11.540113156994366,24
174,43,17,28,5,11.503038032270851,12
175,17,20,41,5,11.462467383182338,15
176,34,15,91,5,11.445515293888622,10
177,2,22,103,6,11.358008021341288,16
178,39,10,2,4,11.302944205280658,6
179,13,13,41,5,11.285884419294261,8
180,65,18,44,7,11.219859746185271,11
181,106,14,11,3,11.203083608282181,11
182,15,10,28,3,11.176545961741331,7
183,98,38,88,11,11.14860741726199,27
184,93,19,37,6,11.135373057728058,13
185,74,10,104,3,11.124138818031259,7
186,32,23,109,8,11.083621382461542,15
187,35,10,28,3,11.074308940964794,7
188,30,20,16,6,11.056706393827778,14
189,98,12,110,4,11.026999619900328,8
190,49,17,16,6,11.010920636133424,11
191,20,19,10,6,11.010427213733353,13
192,38,14,6,4,11.005398790381081,10
193,30,10,43,3,10.958461383133036,7
194,55,23,62,9,10.947383871127185,14
195,49,18,86,8,10.91347154436731,10
196,98,48,41,18,10.835326353590219,30
197,17,16,23,5,10.781653305644484,11
198,93,37,9,12,10.753480854770812,25
199,107,12,66,4,10.732234223681386,8
200,87,29,6,10,10.703931695338108,19
201,91,10,85,5,10.702453755941072,5
202,37,14,41,5,10.694476243263011,9
203,6,35,44,13,10.67278245600393,22
204,107,16,109,6,10.668493285549742,10
205,38,13,58,4,10.642287291889902,9
206,48,10,39,4,10.636653060776387,6
207,54,15,104,5,10.631063301403962,10
208,65,10,101,4,10.616476001261294,6
209,16,12,108,4,10.597502131840029,8
210,87,17,5,6,10.594673728658035,11
211,110,17,8,5,10.493443474648158,12
212,10,19,1,6,10.478183626603695,13
213,14,10,54,3,10.443430113517227,7
214,64,17,86,6,10.437285409841268,11
215,98,10,75,3,10.422827528026358,7
216,70,19,65,6,10.41844263586608,13
217,29,10,17,3,10.395985227153457,7
218,32,18,107,5,10.358465103585823,13
219,55,17,37,6,10.34758072072905,11
220,46,12,107,3,10.330565383873507,9
221,8,14,89,5,10.313019177206716,9
222,6,12,106,5,10.2894367115075,7
223,88,10,71,3,10.263450457417434,7
224,60,10,38,4,10.186949801542621,6
225,93,18,50,7,10.176089661409485,11
226,37,14,34,5,10.040882054419713,9
227,65,14,59,6,10.036164804159641,8
228,88,11,30,5,10.02483572373662,6
229,76,17,34,6,9.994247540573088,11
230,90,20,23,7,9.967154481509692,13
231,111,24,38,9,9.966212518632439,15
232,93,11,70,4,9.928875321549775,7
233,87,13,17,5,9.922998390575081,8
234,11,17,86,7,9.920784017899694,10
235,10,14,50,5,9.907166966632534,9
236,107,30,41,12,9.880991735942342,18
237,17,28,9,10,9.851089499965493,18
238,111,20,37,8,9.840471570719451,12
239,54,25,76,10,9.821966207421672,15
240,74,37,76,13,9.805593452580656,24
241,70,13,74,4,9.800022679632328,9
242,93,17,91,6,9.794639196057782,11
243,63,18,91,7,9.755061220541068,11
244,84,13,106,6,9.721232372178164,7
245,73,21,111,8,9.713634051639158,13
246,29,32,38,11,9.681299801122258,21
247,98,26,62,10,9.641858129313677,16
248,13,21,8,7,9.615323131026955,14
249,91,17,50,5,9.605985015453987,12
250,8,12,35,5,9.605315474711038,7
251,30,18,70,6,9.585226013483615,12
252,23,22,89,8,9.576875474490599,14
253,74,10,108,4,9.573103573564598,6
254,60,21,65,8,9.571951123571171,13
255,6,11,58,4,9.489496457414935,7
256,103,11,19,4,9.481054864710421,7
257,18,17,84,6,9.48013150601899,11
258,8,20,71,8,9.460862953446574,12
259,30,27,87,9,9.441306317195094,18
260,88,12,85,4,9.438844136397686,8
261,57,11,10,4,9.43267475148189,7
262,48,17,35,6,9.405686959524614,11
263,55,22,30,9,9.385734127086305,13
264,63,26,54,10,9.380965402014514,16
265,2,33,86,11,9.362488660748074,22
266,55,32,54,10,9.348918512893793,22
267,79,19,75,6,9.342561498216153,13
268,50,17,23,7,9.300090532650529,10
269,20,34,9,11,9.290302263411942,23
270,38,20,86,6,9.280969369301586,14
271,43,14,50,5,9.27474781724881,9
272,110,12,50,4,9.252517401752682,8
273,111,46,54,17,9.235401744617302,29
274,13,26,28,8,9.183739107543797,18
275,93,29,103,11,9.099325117611023,18
276,26,12,32,5,9.09769401619869,7
277,106,13,109,5,9.062668099795829,8
278,15,12,16,4,9.059606623425509,8
279,84,11,44,4,9.017421120510091,7
280,41,19,62,7,9.00335332858162,12
281,37,41,86,16,8.9832167055326,25
282,11,14,54,5,8.979276384337187,9
283,74,19,18,7,8.9712615057984,12
284,65,14,96,6,8.945535735868065,8
285,48,18,111,6,8.93792122942067,12
286,107,20,110,8,8.933567921834609,12
287,10,20,86,7,8.92570532964782,13
288,112,11,50,4,8.921235906620762,7
289,8,23,57,9,8.905396375956737,14
290,50,12,68,4,8.857284196205955,8
291,98,19,11,7,8.853737963747768,12
292,11,13,9,5,8.829807571266308,8
293,10,11,85,5,8.810276618143424,6
294,29,10,76,3,8.806443209825622,7
295,23,24,93,10,8.804783518097919,14
296,93,32,84,11,8.779261084845606,21
297,104,27,28,9,8.752482125180736,18
298,30,24,37,8,8.742074606758964,16
299,76,16,62,8,8.710475893988358,8
300,2,17,73,7,8.68105241339238,10
301,48,11,75,3,8.67281534666425,8
302,98,15,68,4,8.664988751550116,11
303,65,26,32,10,8.65722618752934,16
304,84,50,48,20,8.631355531302614,30
305,84,14,66,5,8.616861190106436,9
306,11,10,76,4,8.560443995014507,6
307,106,15,20,7,8.538643014027098,8
308,32,25,9,9,8.53109215537152,16
309,98,60,65,22,8.49413981702294,38
310,30,27,86,7,8.45360686296445,20
311,98,21,1,7,8.436557583367685,14
312,73,21,10,7,8.419335562342072,14
313,90,11,89,4,8.396796914570167,7
314,18,12,51,5,8.390518482745238,7
315,20,10,70,3,8.374580328727138,7
316,77,12,8,4,8.373441110755328,8
317,30,17,50,7,8.363042610972485,10
318,76,18,41,7,8.284971187696902,11
319,65,12,58,6,8.279172093518044,6
320,17,30,8,11,8.267140148743708,19
321,111,14,17,6,8.239799794462428,8
322,26,10,16,4,8.231874067384071,6
323,28,13,94,5,8.222371266039163,8
324,93,36,54,11,8.207302497792842,25
325,32,24,41,10,8.170536046764159,14
326,76,12,109,3,8.162406720512882,9
327,26,44,87,17,8.146474895568335,27
328,55,36,9,12,8.11977265059526,24
329,10,31,28,10,8.119129269340046,21
330,19,14,9,6,8.117304295019109,8
331,54,39,41,14,8.096759700478561,25
332,30,15,10,5,8.08039942607508,10
333,6,12,13,5,8.074590184679876,7
334,55,50,87,18,8.001636513353814,32
335,90,15,41,6,7.997737246515682,9
336,65,35,48,13,7.9807562612280805,22
337,109,12,37,5,7.972273664149992,7
338,71,10,9,4,7.971373091011489,6
339,111,27,86,11,7.962255850113393,16
340,2,41,65,14,7.9589934151571535,27
341,74,16,106,7,7.938263033240071,9
342,107,29,6,11,7.905082416130331,18
343,55,42,98,16,7.901513236472854,26
344,74,27,88,9,7.895683127849934,18
345,46,12,86,4,7.89231466244345,8
346,49,14,13,6,7.890029815709072,8
347,109,30,9,12,7.889736540676636,18
348,74,11,12,5,7.8813359238936185,6
349,20,18,49,7,7.854535242795636,11
350,76,32,37,11,7.820497576953577,21
351,30,15,49,6,7.795814319272768,9
352,29,13,109,5,7.7648215544268036,8
353,50,17,48,7,7.751737687672278,10
354,103,15,109,5,7.74806703390503,10
355,55,26,38,11,7.745065833950479,15
356,111,14,85,5,7.729378570457984,9
357,23,11,59,4,7.703199044299857,7
358,84,29,85,13,7.671208885189808,16
359,65,24,50,9,7.669757652755209,15
360,84,19,62,8,7.65619075053016,11
361,49,22,65,9,7.648203777845676,13
362,54,10,106,4,7.643289711475541,6
363,87,16,34,6,7.640142491832506,10
364,84,30,10,12,7.620608168656018,18
365,91,21,76,8,7.53854735511653,13
366,63,13,20,5,7.5328406397015035,8
367,29,20,107,7,7.525530619454996,13
368,34,10,38,4,7.513274255260262,6
369,11,13,87,5,7.500246141417867,8
370,43,19,87,7,7.5001879241242175,12
371,79,12,80,5,7.494960416200487,7
372,54,27,37,9,7.469706742796568,18
373,111,30,32,13,7.463790988299924,17
374,104,10,23,4,7.459802178175596,6
375,23,24,37,9,7.440544332640973,15
376,88,17,57,7,7.432081698575297,10
377,75,13,9,4,7.420012168869883,9
378,103,29,74,10,7.419118005067162,19
379,41,13,49,4,7.406139067429071,9
380,98,15,5,6,7.40308817440165,9
381,11,13,79,7,7.332384664013706,6
382,54,21,10,8,7.316914939103651,13
383,13,13,20,4,7.287197108459041,9
384,41,22,86,9,7.286274520016925,13
385,23,15,70,6,7.277989111704888,9
386,30,10,73,4,7.27524129591905,6
387,74,19,109,8,7.255868408074382,11
388,88,35,54,14,7.22374796783828,21
389,10,19,76,8,7.223608714939963,11
390,87,10,56,4,7.222698791088141,6
391,75,16,28,7,7.217524955313696,9
392,16,72,9,26,7.203471024821367,46
393,111,13,34,6,7.201437198359541,7
394,84,42,76,19,7.185450456544011,23
395,5,11,6,4,7.175117705775805,7
396,90,12,70,4,7.158523730695325,8
397,107,30,2,12,7.148311047443887,18
398,13,22,79,7,7.14489247460136,15
399,98,35,76,14,7.116562365346761,21
400,16,33,74,12,7.114417163588672,21
401,16,16,89,6,7.102664218068734,10
402,84,30,88,11,7.092231780923706,19
403,10,10,13,5,7.081545477709261,5
404,98,24,34,8,7.0691518153654185,16
405,8,53,48,21,7.064834453033995,32
406,91,37,28,14,7.047707205955762,23
407,59,19,79,8,7.0352036880537865,11
408,90,20,48,8,7.032003550157192,12
409,8,56,76,22,7.029702728241303,34
410,111,20,6,8,7.01838566892247,12
411,8,48,93,18,7.017566439579715,30
412,90,19,6,8,7.0034906221582,11
413,46,18,8,7,6.992942507225589,11
414,79,11,101,5,6.9908614259308735,6
415,87,36,50,14,6.985978024226258,22
416,73,10,68,4,6.95394987102174,6
417,90,14,17,6,6.930186835428711,8
418,107,30,50,11,6.921374494500155,19
419,57,12,74,4,6.9176042424257504,8
420,8,36,38,14,6.910326910265974,22
421,41,45,103,15,6.896034695840802,30
422,65,18,68,8,6.89592459737167,10
423,89,11,87,4,6.890327484533061,7
424,17,20,84,8,6.874361487047255,12
425,87,23,51,10,6.849579899010746,13
426,90,24,8,9,6.838297347223881,15
427,28,11,64,5,6.82253762472366,6
428,32,26,79,10,6.821690929992381,16
429,88,21,6,8,6.808639243885847,13
430,76,39,28,16,6.804995058327358,23
431,91,35,41,13,6.801656465480552,22
432,16,25,85,10,6.790728536327192,15
433,93,14,43,5,6.79067137162001,9
434,55,35,20,15,6.786443158254519,20
435,87,50,28,20,6.785536302011417,30
436,26,24,109,9,6.785414157125367,15
437,11,12,48,5,6.772695558236367,7
438,73,13,93,5,6.746815708884676,8
439,111,42,41,18,6.742879314894578,24
440,2,19,34,8,6.729658072634226,11
441,18,24,79,11,6.727434004130173,13
442,89,11,74,5,6.7140175484003635,6
443,73,16,88,6,6.709173893318198,10
444,79,18,62,8,6.70668334197217,10
445,20,34,79,13,6.674702669544552,21
446,18,24,9,10,6.669379438735331,14
447,74,16,49,7,6.669033870592301,9
448,86,14,85,7,6.640232602185862,7
449,23,14,18,5,6.63118753114106,9
450,74,23,38,10,6.562267688513878,13
451,28,54,41,24,6.549671741224454,30
452,16,40,88,14,6.547604687657639,26
453,79,18,70,9,6.541994947083337,9
454,16,79,86,31,6.517762010081222,48
455,17,13,62,5,6.51109228837904,8
456,87,25,18,9,6.500921078177537,16
457,73,36,9,15,6.4959532992484235,21
458,23,11,48,5,6.485113687277626,6
459,17,10,10,4,6.479497194252798,6
460,32,16,86,7,6.471177759830174,9
461,28,74,9,32,6.46902981057878,42
462,90,10,62,4,6.441503246890602,6
463,12,14,28,5,6.429365216940004,9
464,16,25,91,10,6.409140256729836,15
465,93,44,28,18,6.4084929471073755,26
466,90,12,50,5,6.3963545792520575,7
467,15,14,84,5,6.375647385580588,9
468,103,22,88,8,6.368772240906124,14
469,31,10,28,4,6.368565836830035,6
470,86,18,73,7,6.340120760849839,11
471,14,11,79,4,6.325200961615044,7
472,62,19,54,7,6.312055934230411,12
473,8,33,109,14,6.3077294568861335,19
474,90,16,54,7,6.290244829620479,9
475,79,23,106,10,6.288631840986401,13
476,6,40,28,16,6.2836176921265,24
477,111,15,44,6,6.282001615200402,9
478,2,17,48,8,6.245081234312723,9
479,2,35,41,13,6.231438093089566,22
480,16,14,34,6,6.229556768499603,8
481,2,11,66,4,6.205381429919993,7
482,34,17,74,7,6.192755247207801,10
483,74,53,65,21,6.137709015019595,32
484,111,11,56,4,6.133528731729061,7
485,87,45,41,20,6.130516050826405,25
486,30,14,76,5,6.105099986395528,9
487,70,21,76,8,6.104247467977058,13
488,28,25,89,11,6.088973901063954,14
489,93,15,30,6,6.056393100709427,9
490,54,49,9,20,6.050802275785849,29
491,35,13,86,4,6.029699746849705,9
492,1,14,107,6,6.012748941227003,8
493,98,48,91,22,6.010481139866045,26
494,49,10,77,5,6.002993751357126,5
495,107,19,34,8,5.973688522150957,11
496,17,10,34,4,5.97086385916694,6
497,20,33,103,11,5.96431634987825,22
498,8,23,49,10,5.962799116224744,13
499,89,25,10,10,5.961935346068015,15
500,26,10,85,4,5.960882730964135,6
501,84,33,2,14,5.943802890512207,19
502,49,30,98,13,5.930886416801632,17
503,16,13,96,5,5.918742950992743,8
504,111,71,65,33,5.901383737891229,38
505,86,12,18,5,5.898212622367466,7
506,98,49,103,19,5.894528502030377,30
507,17,17,16,7,5.868342075872022,10
508,63,25,48,10,5.850121984887349,15
509,49,28,87,13,5.837138934523044,15
510,104,12,84,5,5.83583289734061,7
511,46,14,37,6,5.834073346635607,8
512,2,11,51,5,5.82458141989376,6
513,1,12,86,5,5.820822605148493,7
514,96,10,28,4,5.817657099477481,6
515,34,19,109,8,5.806108021230174,11
516,93,35,87,14,5.801672416811602,21
517,86,25,88,10,5.788259716510343,15
518,15,23,76,9,5.782831260117769,14
519,32,18,54,7,5.782610489553489,11
520,51,14,79,6,5.7725066910082035,8
521,49,24,9,9,5.76893486693949,15
522,38,29,9,13,5.756435186772363,16
523,90,20,37,8,5.742590617036877,12
524,55,20,76,9,5.742456288243529,11
525,2,12,75,5,5.704582661211368,7
526,43,13,9,6,5.682535108763634,7
527,8,13,56,5,5.662090518526135,8
528,63,50,65,21,5.6463970088136985,29
529,41,45,9,17,5.6439057397283525,28
530,26,22,29,8,5.630548836449718,14
531,28,25,17,10,5.573169674184406,15
532,107,37,9,18,5.569812143760891,19
533,9,12,51,5,5.566013437140973,7
534,6,35,48,15,5.544547995709246,20
535,46,10,2,4,5.541906116456113,6
536,63,15,98,7,5.5319776999855375,8
537,23,41,8,17,5.530959099012352,24
538,111,36,103,15,5.530917867453256,21
539,28,46,54,19,5.5206143371290795,27
540,34,10,51,4,5.497172152397963,6
541,74,21,73,9,5.496437468937688,12
542,54,35,38,14,5.47856504565386,21
543,87,16,57,7,5.466000765538215,9
544,90,22,87,8,5.444051378748757,14
545,109,16,23,6,5.438260955948294,10
546,88,42,76,19,5.437759040300481,23
547,50,40,79,18,5.433295888749682,22
548,48,13,38,5,5.42579677220132,8
549,94,18,20,7,5.424401699040207,11
550,20,26,38,11,5.422962328602487,15
551,55,27,41,13,5.421661683278699,14
552,98,37,50,17,5.407228229606667,20
553,43,11,103,5,5.4056340195812504,6
554,19,10,28,4,5.405282356849322,6
555,6,27,20,13,5.3915163015983865,14
556,110,23,65,9,5.3850619906564345,14
557,8,66,41,30,5.38335326188138,36
558,8,10,39,5,5.364894113507092,5
559,54,11,71,4,5.354693946074447,7
560,20,20,88,8,5.3485269428007625,12
561,20,84,65,34,5.311994770706184,50
562,104,14,76,6,5.288345369680406,8
563,17,23,79,10,5.280486878224028,13
564,87,50,9,22,5.2671060931851255,28
565,63,15,85,7,5.266282773446653,8
566,74,22,29,10,5.260819792223967,12
567,18,19,48,8,5.245315113768612,11
568,1,10,111,5,5.238983537325087,5
569,48,10,108,3,5.22187263856998,7
570,16,16,93,7,5.217988854591054,9
571,75,21,16,9,5.210455479468961,12
572,55,14,18,6,5.21003106995447,8
573,111,10,57,4,5.186942618450884,6
574,104,15,62,6,5.186101581217904,9
575,90,34,28,14,5.175363063983107,20
576,26,38,20,16,5.156160372920298,22
577,98,10,52,5,5.141825899051737,5
578,87,24,88,9,5.130994862549945,15
579,41,29,89,12,5.128070897369617,17
580,20,31,84,12,5.125132779135493,19
581,103,21,18,9,5.1172633080953505,12
582,87,27,76,11,5.116388437491941,16
583,87,49,86,20,5.111663758486058,29
584,70,10,48,4,5.103393723771425,6
585,9,11,1,5,5.096238795529086,6
586,29,25,84,11,5.094046057364016,14
587,18,18,50,8,5.0868481750812755,10
588,16,20,73,9,5.070658783374491,11
589,109,16,84,7,5.067243867891083,9
590,84,28,63,11,5.019888301540257,17
591,79,16,73,7,5.012547822539445,9
592,107,19,104,7,4.998347958456829,12
593,50,18,73,9,4.9783134285735455,9
594,89,10,20,4,4.976403038151212,6
595,46,10,70,4,4.972558334053198,6
596,10,10,59,5,4.967497448599417,5
597,1,17,8,8,4.943313786871868,9
598,79,45,48,20,4.93545661995572,25
599,11,11,93,6,4.9352888324581015,5
600,46,11,103,5,4.9349144398730305,6
601,74,36,91,16,4.9343382685921675,20
602,65,11,5,5,4.90161537792141,6
603,34,17,65,8,4.896601201112152,9
604,62,27,9,11,4.876428914210389,16
605,107,21,76,9,4.869374264444425,12
606,38,24,87,10,4.849210013950484,14
607,48,34,54,13,4.83495295155324,21
608,39,11,63,5,4.830077117168623,6
609,89,11,109,5,4.829014520032646,6
610,75,13,86,6,4.827459339717494,7
611,86,36,48,15,4.82175417277881,21
612,110,10,28,5,4.821015306608337,5
613,9,40,86,17,4.820086324261295,23
614,55,29,6,10,4.803715742468646,19
615,34,10,103,3,4.7904730345691835,7
616,79,33,107,13,4.787846086295939,20
617,9,21,89,7,4.786570717016554,14
618,111,10,104,4,4.785383853867563,6
619,84,29,34,11,4.780446789091473,18
620,46,23,54,9,4.7761943840724514,14
621,88,15,38,7,4.775099664625831,8
622,16,23,18,9,4.770325303283744,14
623,98,17,94,7,4.761676089313327,10
624,65,66,54,30,4.757496898509859,36
625,88,10,104,4,4.74391725280927,6
626,6,12,32,5,4.741771241477238,7
627,76,21,35,8,4.725447690057796,13
628,89,24,65,11,4.719339811655218,13
629,90,30,9,13,4.71783274464291,17
630,87,14,14,6,4.712999134730352,8
631,109,19,93,8,4.710552248323453,11
632,26,16,6,6,4.685058896386023,10
633,41,53,20,21,4.672832095577478,32
634,9,29,88,12,4.640775240739044,17
635,16,23,104,10,4.63379333705212,13
636,68,11,87,5,4.6261419910984936,6
637,51,25,8,10,4.6038680906054195,15
638,86,10,15,5,4.60305467364883,5
639,8,101,9,46,4.590254866611679,55
640,8,84,79,40,4.5760241503466785,44
641,2,31,6,13,4.57536971568475,18
642,17,15,48,7,4.57243158960934,8
643,2,37,9,17,4.570200756721712,20
644,8,24,106,12,4.568385804351563,12
645,55,22,32,9,4.561305856484579,13
646,16,41,87,18,4.548516028588825,23
647,74,24,23,11,4.530539923458648,13
648,65,26,109,13,4.522732343847645,13
649,76,34,48,14,4.519965051805255,20
650,91,36,9,16,4.519475424395421,20
651,86,18,93,8,4.518633091858861,10
652,111,29,93,14,4.510765206652466,15
653,38,38,28,17,4.506160175549613,21
654,9,17,59,7,4.5029610514141964,10
655,29,11,62,5,4.502398822563124,6
656,111,29,91,14,4.500138929465921,15
657,14,15,28,5,4.4990639134595956,10
658,29,21,93,9,4.4989593922467,12
659,74,31,107,13,4.496848852346025,18
660,79,14,5,5,4.4902746931220605,9
661,111,21,29,11,4.484029622528672,10
662,111,25,15,10,4.472513123100842,15
663,73,23,84,8,4.463513313785126,15
664,90,10,13,5,4.435057658973358,5
665,84,36,41,14,4.405400183867787,22
666,29,29,8,13,4.3862864415616,16
667,1,14,65,6,4.384642024421804,8
668,54,13,89,5,4.375934710162813,8
669,87,11,94,5,4.375015437142173,6
670,79,13,44,6,4.35641543376227,7
671,93,29,74,11,4.347001281909121,18
672,108,10,63,4,4.345351879856482,6
673,87,37,29,16,4.317833214151956,21
674,41,20,1,7,4.310885836842606,13
675,30,16,107,6,4.31051675338316,10
676,85,15,48,6,4.3053632687921874,9
677,55,14,34,5,4.304037025765173,9
678,32,25,98,11,4.297859841525708,14
679,46,21,76,8,4.290697960762892,13
680,103,34,28,15,4.283445470085917,19
681,37,24,88,10,4.265987830661223,14
682,65,108,9,48,4.259267083972893,60
683,55,16,91,6,4.250002044063523,10
684,58,11,9,4,4.244957448818405,7
685,18,13,49,6,4.243576516469453,7
686,23,41,98,17,4.243286610418413,24
687,97,11,8,4,4.238412616249588,7
688,29,26,20,11,4.235090000321542,15
689,87,30,91,13,4.231572272835857,17
690,63,15,88,7,4.224004723630471,8
691,50,34,103,15,4.223445001067976,19
692,93,73,65,32,4.214075863061876,41
693,26,24,103,11,4.2106057067079385,13
694,26,31,65,14,4.172411189315191,17
695,2,16,32,7,4.169077635966495,9
696,20,10,44,4,4.167347783481073,6
697,16,27,6,13,4.159304128363459,14
698,30,28,8,11,4.155265384733845,17
699,65,23,91,12,4.150101209000142,11
700,16,11,35,5,4.150016684827545,6
701,37,15,2,7,4.147220527730259,8
702,103,28,54,13,4.131111544590628,15
703,37,39,98,17,4.116775978907109,22
704,89,16,84,6,4.113226044169538,10
705,16,28,107,12,4.092605442087731,16
706,106,16,65,7,4.0921186691282205,9
707,32,15,38,6,4.090422340111541,9
708,87,54,79,26,4.0807363503382055,28
709,90,12,104,6,4.064341220930972,6
710,65,10,75,4,4.061741964132056,6
711,84,15,71,7,4.0469973544528735,8
712,10,11,109,5,4.004247407956422,6
713,87,26,37,13,3.9965570187790034,13
714,73,29,8,11,3.9924196449780625,18
715,104,13,10,6,3.98234198179897,7
716,26,26,28,11,3.9790441547640487,15
717,14,11,9,4,3.9753531338355614,7
718,51,11,107,4,3.9575121006200358,7
719,23,32,87,13,3.9566444001518777,19
720,93,18,10,7,3.9549788743691674,11
721,23,39,84,18,3.9529498437083554,21
722,16,65,65,30,3.949946744776858,35
723,51,10,50,3,3.9480655818138337,7
724,6,22,73,11,3.947699618921396,11
725,30,19,48,8,3.915724412415478,11
726,111,39,74,18,3.908635436008302,21
727,94,16,54,8,3.8978006398785645,8
728,48,18,89,8,3.8908343305777393,10
729,98,47,84,21,3.890833745652655,26
730,20,25,109,9,3.878585285280937,16
731,38,14,49,7,3.855128614080598,7
732,23,12,34,6,3.853881899354071,6
733,8,20,75,9,3.8505131421822583,11
734,28,21,11,9,3.8498452746018095,12
735,54,19,51,9,3.840546896941151,10
736,16,68,84,31,3.8384485778938835,37
737,17,16,49,7,3.8354352643495573,9
738,23,40,9,18,3.825851357048053,22
739,32,14,91,7,3.8253106560348464,7
740,8,39,62,18,3.8203580499873473,21
741,93,15,18,7,3.8000555745474087,8
742,110,12,103,5,3.7849274590311146,7
743,26,11,110,6,3.7814954576991564,5
744,86,43,76,20,3.770551952832362,23
745,74,19,55,10,3.7670610658889934,9
746,28,22,49,9,3.761707702389012,13
747,57,12,18,4,3.7525453734501917,8
748,10,20,74,8,3.741560720435788,12
749,13,20,48,7,3.7253807198817483,13
750,48,16,41,7,3.7233952099256955,9
751,84,22,38,9,3.7215580721113755,13
752,60,10,87,5,3.716219490276845,5
753,32,14,10,5,3.709056496740225,9
754,91,15,62,7,3.7079997693755615,8
755,32,35,8,16,3.704344714378896,19
756,16,18,20,9,3.701780437410533,9
757,54,34,70,16,3.700162543327729,18
758,104,16,87,6,3.675421340584443,10
759,57,17,65,6,3.66200460796526,11
760,16,38,37,15,3.653813418657004,23
761,98,10,112,5,3.634369737429613,5
762,74,35,86,15,3.6070796377555774,20
763,10,12,18,4,3.6042571144804363,8
764,87,14,75,7,3.5866681857153266,7
765,107,49,20,23,3.5786703850889414,26
766,54,41,6,16,3.576182334552821,25
767,29,12,46,5,3.5756011188612877,7
768,16,16,57,8,3.5714373486183058,8
769,50,25,38,11,3.5687465201033057,14
770,74,26,6,11,3.551324451472569,15
771,13,28,9,11,3.550319505488332,17
772,70,26,87,11,3.5345174393475727,15
773,65,13,94,6,3.5056909876146594,7
774,98,32,29,15,3.4944771315816667,17
775,86,10,66,5,3.4816650108427076,5
776,1,14,55,6,3.472860068937084,8
777,23,15,26,7,3.459704667443896,8
778,86,12,57,6,3.4531517504498637,6
779,107,10,37,4,3.444420525023787,6
780,5,10,91,6,3.4255398118724356,4
781,48,34,37,16,3.4162139643636382,18
782,86,59,79,27,3.407614239857372,32
783,98,31,10,14,3.404355165617583,17
784,23,17,55,8,3.404295001427899,9
785,32,20,84,8,3.403700726822617,12
786,37,40,8,18,3.4036571085144507,22
787,57,12,6,4,3.4000169565132325,8
788,91,12,18,5,3.399195770216398,7
789,65,16,15,8,3.3963132917863037,8
790,70,14,50,7,3.3858944797818467,7
791,28,21,85,10,3.385867071188519,11
792,76,14,13,7,3.383197454645703,7
793,2,14,85,7,3.3798876085075156,7
794,90,19,2,9,3.3730708336092663,10
795,6,26,91,12,3.3700663593758144,14
796,49,18,6,8,3.361990920437635,10
797,48,15,96,7,3.3566527784765543,8
798,63,22,8,9,3.352765318703506,13
799,55,79,8,33,3.3433762407278653,46
800,55,13,57,5,3.3276700776213226,8
801,111,51,9,25,3.320225202022207,26
802,16,18,62,8,3.3165301409136885,10
803,57,23,84,10,3.2865946702288213,13
804,8,70,16,30,3.2814668236435685,40
805,90,31,111,13,3.2679216950842256,18
806,59,11,98,5,3.2664563544762513,6
807,73,30,65,13,3.2644989461981972,17
808,50,37,9,17,3.2612647152514778,20
809,30,21,29,10,3.244422511134119,11
810,76,15,18,6,3.2371919896499475,9
811,49,11,85,5,3.2340490592317157,6
812,84,10,39,5,3.230437302319357,5
813,74,17,63,8,3.228967223528297,9
814,70,28,84,13,3.2115322566926667,15
815,74,63,8,29,3.1933924447452715,34
816,91,13,37,6,3.1893915884876662,7
817,62,26,28,10,3.1835173498650757,16
818,111,15,75,8,3.1768571401147816,7
819,18,13,88,6,3.1759771370815293,7
820,98,42,107,18,3.1587714355006167,24
821,73,16,54,7,3.15458999081358,9
822,23,23,88,10,3.1441600025036927,13
823,13,14,111,6,3.137242431792204,8
824,34,26,79,13,3.1182487079728314,13
825,43,16,65,8,3.0818646979565365,8
826,6,48,79,22,3.079016151903293,26
827,70,15,55,7,3.055120987205429,8
828,62,28,87,12,3.0525441320022706,16
829,26,17,43,7,3.0481873322386313,10
830,9,14,44,8,3.0418979222799787,6
831,51,12,37,5,3.0278831636601384,7
832,65,10,66,5,3.0275758007203697,5
833,46,21,28,9,3.022125521909433,12
834,38,18,16,9,3.0174584469144032,9
835,34,13,48,6,3.0034879360796243,7
836,51,15,65,7,3.002433018856541,8
837,26,16,89,8,3.0015441091670585,8
838,87,54,20,25,3.000276840259931,29
839,10,23,48,11,2.9986085364843453,12
840,14,10,48,3,2.9948475417245812,7
841,106,18,86,7,2.9596805018860532,11
842,32,33,28,15,2.9362166355349024,18
843,55,37,88,15,2.9210181897272123,22
844,2,41,10,18,2.8955248222440733,23
845,30,19,6,7,2.8896247906630976,12
846,111,22,76,12,2.8888180973130932,10
847,16,52,98,23,2.8744462121533845,29
848,50,27,86,12,2.870868757721276,15
849,90,25,107,12,2.8707019854150553,13
850,26,47,8,23,2.8321807044990077,24
851,20,39,28,16,2.827922367482375,23
852,103,26,91,14,2.81795550429567,12
853,104,12,55,6,2.817049603991469,6
854,38,55,65,25,2.8065899103574585,30
855,8,74,54,35,2.8049744268434122,39
856,17,30,103,13,2.786263791329437,17
857,54,34,50,14,2.769221861295628,20
858,70,18,2,7,2.768805537158304,11
859,50,15,89,7,2.7678854176457244,8
860,41,40,23,18,2.767380745524291,22
861,79,26,104,10,2.76733655223797,16
862,2,18,23,9,2.7670043698876174,9
863,65,39,86,18,2.7582815921592423,21
864,48,19,103,9,2.74551902113029,10
865,23,14,29,6,2.7325720738957853,8
866,79,25,89,10,2.7323432784581803,15
867,26,14,30,9,2.729526864464305,5
868,63,23,16,11,2.7234471658941874,12
869,48,44,9,19,2.7118293842835715,25
870,103,24,55,11,2.703742749314949,13
871,46,10,18,4,2.6832650728648453,6
872,6,21,86,10,2.6797895540068417,11
873,37,16,20,7,2.6697969055897994,9
874,30,25,38,13,2.6609022960305304,12
875,15,14,8,7,2.659395326985167,7
876,8,76,87,34,2.655683204864104,42
877,106,11,9,5,2.6544531376629674,6
878,30,24,84,11,2.649950052405462,13
879,8,42,103,17,2.6366758249260935,25
880,74,50,84,23,2.6311982531868754,27
881,106,17,28,6,2.6279445250781523,11
882,111,23,50,10,2.6260965282140734,13
883,9,16,94,8,2.620832608628453,8
884,30,40,28,18,2.6105936366755755,22
885,38,20,112,9,2.5875581099779743,11
886,90,21,16,10,2.556904125602615,11
887,30,10,11,4,2.556482524063204,6
888,91,41,8,20,2.5454365457229,21
889,49,15,48,8,2.5444991556032637,7
890,63,10,49,5,2.5291147398136253,5
891,50,19,29,8,2.5251415163545525,11
892,44,14,16,8,2.522508039167435,6
893,13,24,98,9,2.5115874098276842,15
894,28,27,70,14,2.5100244330478434,13
895,75,12,50,5,2.4925159155893497,7
896,65,50,103,21,2.4835688434443703,29
897,37,15,62,7,2.478947668963917,8
898,37,21,74,10,2.4704547800373224,11
899,26,27,98,15,2.4699465773486544,12
900,41,40,38,19,2.4535603181412866,21
901,65,73,28,33,2.4370256723488812,40
902,55,13,90,6,2.423005519398733,7
903,86,14,104,7,2.41764341864853,7
904,65,82,88,37,2.4015391527263157,45
905,43,22,74,10,2.3993639128069244,12
906,18,18,6,8,2.3903639022739704,10
907,8,86,107,42,2.3884726347950154,44
908,8,25,68,12,2.35813484080187,13
909,58,12,2,5,2.3563851300758447,7
910,8,59,86,26,2.353331836908829,33
911,79,35,88,14,2.352890279260208,21
912,41,56,79,27,2.337441224056112,29
913,28,60,86,30,2.3358072983684983,30
914,41,11,94,5,2.327533953224649,6
915,28,72,16,34,2.3256029996956604,38
916,28,57,18,27,2.325443992999963,30
917,51,25,86,11,2.321826700665065,14
918,65,10,39,5,2.3211966169516858,5
919,28,39,37,18,2.3108067440306623,21
920,84,63,86,28,2.2838732413830503,35
921,87,32,54,15,2.279380424010783,17
922,20,13,32,6,2.2751108005385445,7
923,84,78,9,34,2.274353058782541,44
924,50,34,2,15,2.2671493885948473,19
925,62,18,32,9,2.263686769900323,9
926,37,40,9,18,2.2628015576501816,22
927,23,21,86,10,2.2567990043911514,11
928,62,10,106,5,2.25172428368668,5
929,20,44,98,20,2.2445302838681975,24
930,103,26,87,12,2.244435120608379,14
931,8,11,58,6,2.225895511877211,5
932,54,12,57,5,2.224387822283533,7
933,8,47,88,22,2.2095338481189812,25
934,73,35,41,16,2.1896111209660925,19
935,44,19,28,7,2.1816767204067147,12
936,89,18,98,8,2.1800794132028996,10
937,74,45,9,20,2.167006985909848,25
938,111,19,46,9,2.165349951686943,10
939,111,54,28,25,2.1618622413747612,29
940,9,11,15,5,2.1575516880448644,6
941,18,10,32,5,2.157224109221358,5
942,29,21,79,10,2.154722811821747,11
943,16,49,41,24,2.1541831229994863,25
944,84,44,111,19,2.142252654485593,25
945,16,37,76,18,2.1381270128695977,19
946,111,33,26,15,2.137133581510591,18
947,32,19,50,10,2.1367023944769645,9
948,54,18,3,9,2.135806802832069,9
949,98,63,2,30,2.135100922237145,33
950,34,23,28,10,2.098323974878283,13
951,9,17,104,7,2.074620642084027,10
952,98,56,54,28,2.07348295312418,28
953,62,22,88,10,2.068203078615547,12
954,85,22,65,9,2.0630480183814526,13
955,91,18,10,8,2.053920396033922,10
956,91,32,107,14,2.053182638229571,18
957,30,25,98,10,2.050620342220537,15
958,38,52,98,24,2.0498657703552294,28
959,84,72,65,35,2.037917633089768,37
960,8,14,96,7,2.0352117697299548,7
961,88,20,93,12,2.03337259421067,8
962,87,66,65,30,2.0306725693730434,36
963,32,26,16,12,2.021073617693015,14
964,59,14,8,7,2.010238389237962,7
965,98,55,74,27,2.0085674767082775,28
966,37,10,71,4,1.989603705819686,6
967,79,59,37,26,1.9886494787106563,33
968,55,10,97,5,1.9884220470048688,5
969,52,11,65,5,1.9840789649067483,6
970,103,13,37,6,1.9837820518429876,7
971,49,11,29,4,1.9792119029563418,7
972,50,20,34,11,1.9535612317766191,9
973,76,24,6,12,1.937944044447951,12
974,16,17,11,7,1.9332915209945327,10
975,62,10,48,4,1.9270832455013291,6
976,10,13,29,6,1.9268740097605626,7
977,6,22,37,11,1.9187411338779805,11
978,55,26,48,13,1.9070507794124327,13
979,76,10,17,4,1.904894860536603,6
980,41,11,61,5,1.903478014849791,6
981,5,18,28,9,1.8930799000381913,9
982,54,20,29,8,1.8852461336565378,12
983,98,27,18,13,1.877022513938192,14
984,34,10,90,5,1.875212395692607,5
985,54,17,112,8,1.871566293788823,9
986,49,25,55,14,1.8646594153921858,11
987,73,19,98,9,1.8513717297876215,10
988,6,39,98,18,1.8448936378969205,21
989,84,69,28,33,1.8408630525176122,36
990,2,30,111,14,1.8367449192872438,16
991,90,19,84,9,1.8307456952070562,10
992,20,22,73,11,1.8197178736344486,11
993,93,10,85,4,1.8184953609101577,6
994,87,25,32,13,1.8019631830327207,12
995,85,13,76,5,1.8000085206097032,8
996,63,11,14,5,1.798645498521675,6
997,57,10,109,4,1.7866317267766754,6
998,15,20,54,9,1.7760257646065063,11
999,75,10,76,4,1.7758930355803781,6
1000,63,24,107,10,1.7521863759177905,14
1001,71,18,65,9,1.7385086790308775,9
1002,17,12,30,6,1.7366091011141076,6
1003,16,29,103,14,1.7358551004647216,15
1004,76,10,45,5,1.7263356630732685,5
1005,38,11,76,5,1.699907222636557,6
1006,93,26,107,12,1.6992218170224516,14
1007,54,27,91,15,1.6885326799927167,12
1008,107,54,28,27,1.6824478208065454,27
1009,16,49,2,23,1.6778156958659614,26
1010,50,21,16,11,1.6642930243869365,10
1011,14,23,84,9,1.647853849441722,14
1012,6,49,65,26,1.6288389900978633,23
1013,103,26,6,11,1.6275337563735748,15
1014,86,24,91,12,1.616399802398324,12
1015,10,18,90,8,1.612631742744166,10
1016,91,20,88,9,1.6049112097120055,11
1017,14,15,8,7,1.6047577872069896,8
1018,70,56,8,28,1.5940338293248182,28
1019,74,55,28,28,1.5884202404369323,27
1020,17,13,50,6,1.587542514822458,7
1021,104,27,8,11,1.5847929007576513,16
1022,30,31,79,14,1.58089006956607,17
1023,96,14,86,6,1.5713948623262897,8
1024,74,25,46,13,1.5686773882984657,12
1025,76,10,14,5,1.56343838736732,5
1026,106,14,41,7,1.55653648871753,7
1027,84,11,46,5,1.5536654797415743,6
1028,6,21,46,9,1.5348461201360555,12
1029,85,12,38,6,1.5317416798467223,6
1030,74,18,50,9,1.5058020463222817,9
1031,103,12,85,5,1.5052357650596415,7
1032,55,18,43,9,1.4993353058682126,9
1033,8,49,18,23,1.486178193427121,26
1034,2,27,109,11,1.484515892189103,16
1035,55,39,16,18,1.4680603102859053,21
1036,63,17,87,8,1.4666992841505808,9
1037,55,10,5,4,1.4603220635492842,6
1038,41,18,18,8,1.4488156792449156,10
1039,79,62,111,28,1.4456912335304024,34
1040,50,36,41,18,1.4450486751473977,18
1041,16,44,54,21,1.4396923883896255,23
1042,103,10,57,6,1.4334929374709406,4
1043,109,11,112,5,1.4303792106135154,6
1044,65,10,3,5,1.425825292351592,5
1045,13,11,2,4,1.4221213524937664,7
1046,88,31,111,14,1.4213124620809892,17
1047,8,47,20,22,1.420582435666663,25
1048,96,13,55,6,1.4199005276160928,7
1049,2,24,38,13,1.4146987667991204,11
1050,51,11,6,4,1.4047930882718538,7
1051,51,26,84,11,1.3946044446619845,15
1052,65,34,10,16,1.3889990791790807,18
1053,54,20,23,9,1.3830605566363516,11
1054,44,13,8,5,1.382360749568672,8
1055,16,32,10,15,1.3769942516048166,17
1056,23,14,32,8,1.36299015760623,6
1057,29,18,34,10,1.3490741689669339,8
1058,76,30,9,14,1.3464329670764867,16
1059,86,33,107,16,1.3348940804477878,17
1060,54,34,107,16,1.3280682216199444,18
1061,98,13,57,7,1.3243405021868635,6
1062,37,35,65,16,1.3173393657012906,19
1063,54,43,84,20,1.3144548521624781,23
1064,38,17,106,8,1.3101869215810398,9
1065,87,15,110,7,1.3076573931351647,8
1066,86,12,62,8,1.3029764877822878,4
1067,51,20,16,8,1.3014165070786716,12
1068,63,11,55,5,1.2826813902865966,6
1069,55,12,17,6,1.2644044388351476,6
1070,8,24,43,12,1.2491635720553627,12
1071,23,42,65,21,1.2395198214726815,21
1072,17,14,54,7,1.2121687634663056,7
1073,10,25,87,13,1.200382738763758,12
1074,8,19,85,10,1.1861465554197632,9
1075,103,10,1,6,1.178228962480731,4
1076,109,23,98,11,1.1685291459099245,12
1077,9,34,6,16,1.164779086663607,18
1078,79,76,9,37,1.156057079763386,39
1079,73,25,87,11,1.1555083165045317,14
1080,2,11,44,5,1.1530964006985889,6
1081,79,36,38,17,1.1399672014475488,19
1082,11,11,84,6,1.123804261513115,5
1083,10,13,88,6,1.116078708489712,7
1084,98,69,8,33,1.112214433038039,36
1085,16,10,56,4,1.1063673005412145,6
1086,73,16,28,9,1.102601583168376,7
1087,6,42,84,20,1.1025381642551553,22
1088,65,41,29,18,1.0863542275741345,23
1089,76,15,103,6,1.064891024931597,9
1090,51,14,55,6,1.0640892363499774,8
1091,64,11,84,6,1.0531813217300625,5
1092,34,23,9,12,1.0530539128922707,11
1093,98,11,106,6,1.0522359380778141,5
1094,54,10,75,5,1.0447045321044397,5
1095,74,16,62,9,1.038357756374001,7
1096,107,36,103,17,1.0215275466090674,19
1097,8,20,11,9,1.0214168690493484,11
1098,48,34,87,16,1.0138064194658996,18
1099,111,48,55,25,1.0066702086145287,23
1100,79,11,94,5,0.999869198006996,6
1101,32,15,74,7,0.9878312338208298,8
1102,41,16,30,8,0.9850557086879019,8
1103,111,16,68,7,0.9831903657030904,9
1104,91,20,23,10,0.9792678927031672,10
1105,55,55,65,24,0.9773251299564052,31
1106,103,44,9,24,0.9734466854109779,20
1107,46,19,88,9,0.9731686624846756,10
1108,68,10,16,5,0.9723777343104946,5
1109,54,44,20,20,0.965531605512796,24
1110,10,11,15,6,0.9620268464624092,5
1111,84,28,49,14,0.9573548536710029,14
1112,20,19,68,10,0.9561217863728688,9
1113,86,22,20,11,0.9513488629224628,11
1114,57,15,91,6,0.9462820674582961,9
1115,84,42,107,20,0.9412996870842556,22
1116,2,22,88,10,0.9353035146429401,12
1117,54,34,79,17,0.93397106002864,17
1118,87,50,107,23,0.9336449569119724,27
1119,85,19,9,8,0.9266510351352133,11
1120,13,11,74,5,0.9258529887550367,6
1121,103,12,89,5,0.9245541578032253,7
1122,55,53,28,23,0.9212943424409779,30
1123,60,11,9,6,0.9156618531106675,5
1124,93,15,49,8,0.9146738839447187,7
1125,79,30,93,16,0.8801121352343778,14
1126,62,21,65,9,0.8755953834255741,12
1127,29,12,18,7,0.8741742779448103,5
1128,20,33,30,15,0.8624210657658014,18
1129,107,36,38,18,0.8622209672883362,18
1130,37,11,75,5,0.8613050770633002,6
1131,103,16,32,7,0.8405021181328091,9
1132,111,44,87,22,0.837629282060696,22
1133,98,42,86,19,0.8171229596272076,23
1134,2,34,54,17,0.8033910108899872,17
1135,49,25,54,13,0.7952964242907768,12
1136,84,33,55,16,0.7864651053071425,17
1137,29,25,9,13,0.7771037627191238,12
1138,107,45,65,20,0.7750649968921992,25
1139,70,49,98,24,0.7703441864474497,25
1140,112,17,87,9,0.7591685884445001,8
1141,23,24,6,12,0.757380072902326,12
1142,55,12,13,6,0.7567536850396058,6
1143,37,11,73,5,0.7437455399697707,6
1144,46,12,10,6,0.7362386600396065,6
1145,8,91,65,41,0.7286756190519219,50
1146,86,28,55,15,0.7246508574197746,13
1147,16,36,111,19,0.7024109034978862,17
1148,50,15,88,8,0.6966849372246732,7
1149,41,23,43,11,0.6921842337130496,12
1150,76,13,20,7,0.6610311160325412,6
1151,65,33,104,18,0.6526567218920184,15
1152,32,10,30,5,0.6490824873820774,5
1153,74,39,41,21,0.6406425090111565,18
1154,16,17,1,9,0.638053866963686,8
1155,107,33,55,18,0.631585032028744,15
1156,91,18,44,8,0.6160976329615543,10
1157,55,22,29,12,0.608123085968795,10
1158,111,37,20,19,0.6068837109506102,18
1159,73,15,55,7,0.6065055891974576,8
1160,79,18,49,8,0.6053065369071557,10
1161,62,18,38,9,0.6043816495722358,9
1162,88,35,28,18,0.6042201982050055,17
1163,6,43,8,20,0.5988016059813149,23
1164,98,20,101,11,0.594870864776421,9
1165,91,14,48,7,0.5907819119756007,7
1166,75,10,23,5,0.5879055997029298,5
1167,85,18,54,8,0.5876536563899644,10
1168,48,18,107,9,0.5787798745894364,9
1169,15,14,2,7,0.5683026145731128,7
1170,8,69,84,35,0.5615927375138012,34
1171,84,42,87,21,0.5614783528974142,21
1172,89,17,111,9,0.5563633904658294,8
1173,8,41,50,21,0.5487710507861748,20
1174,10,18,37,8,0.5468156041706492,10
1175,2,22,62,10,0.5462872756743675,12
1176,98,67,79,35,0.5423907596369391,32
1177,66,13,41,7,0.534743534153649,6
1178,104,14,51,7,0.5303101352697448,7
1179,16,47,48,23,0.5276480958458563,24
1180,91,13,73,5,0.5133686150476426,8
1181,50,11,63,5,0.5013115003852245,6
1182,46,13,98,6,0.4949016763373522,7
1183,23,16,30,9,0.4884824633855258,7
1184,32,10,94,5,0.48339556643762405,5
1185,48,22,88,10,0.48151324400012674,12
1186,26,39,41,23,0.4754162497584248,16
1187,29,32,28,16,0.47285680343469233,16
1188,65,11,80,6,0.4579944933573847,5
1189,98,16,58,9,0.4540736471862188,7
1190,88,18,41,9,0.44177382423880074,9
1191,98,18,85,10,0.441092054257157,8
1192,96,15,79,7,0.4381198674132664,8
1193,23,37,103,19,0.4333042786770578,18
1194,26,11,50,6,0.4324180875363617,5
1195,98,33,93,16,0.4249481440030074,17
1196,9,41,98,18,0.424424835693392,23
1197,66,11,85,5,0.42382316559973143,6
1198,109,14,79,7,0.42130275303052095,7
1199,84,17,96,8,0.4094187460594172,9
1200,23,26,107,13,0.40709415642669183,13
1201,75,19,84,9,0.4056540706022232,10
1202,93,16,55,8,0.39897461255756417,8
1203,48,33,98,17,0.3967785099913375,16
1204,41,13,85,6,0.3897097634286919,7
1205,88,28,107,13,0.3809872191952965,15
1206,28,65,2,33,0.37291908761318626,32
1207,44,10,50,5,0.37049181398411835,5
1208,70,22,9,10,0.35783800642150543,12
1209,75,11,74,5,0.34828087363750365,6
1210,49,17,91,9,0.3285488305810779,8
1211,8,65,2,34,0.324118263007153,31
1212,19,14,41,8,0.30768619148938015,6
1213,5,13,8,5,0.3039377497688787,8
1214,2,23,30,12,0.29321348863964647,11
1215,37,22,70,11,0.26541516331841886,11
1216,35,13,79,6,0.2611575923038565,7
1217,103,28,38,14,0.2481523476415201,14
1218,18,27,54,14,0.24449076708154974,13
1219,84,12,1,6,0.2428062343244942,6
1220,79,39,74,17,0.24091200545466052,22
1221,54,51,86,25,0.24049936390368742,26
1222,66,20,9,10,0.23945533670543603,10
1223,84,58,37,30,0.2306892845057094,28
1224,87,11,71,6,0.21156446783375316,5
1225,30,22,74,10,0.20088773846185115,12
1226,29,36,41,18,0.19641039337775912,18
1227,30,18,18,8,0.18809198027763627,10
1228,26,19,2,10,0.15549736717273138,9
1229,50,13,20,7,0.14861324836967482,6
1230,6,23,112,11,0.14608972875934934,12
1231,13,11,87,6,0.13022005589559751,5
1232,74,45,54,24,0.12330639621907567,21
1233,28,12,97,7,0.12316110096103407,5
1234,98,60,28,31,0.10998330573299574,29
1235,6,29,41,15,0.0941275477253323,14
1236,65,21,13,12,0.07590050666658854,9
1237,38,15,110,8,0.07451058664372948,7
1238,85,24,79,13,0.034805559038930234,11
1239,40,14,65,6,0.022138801901295854,8
1240,26,10,86,5,0.004038355127033889,5
1241,37,15,38,8,0.0011031238349569132,7
1242,38,15,37,7,-0.0011031238349578606,8
1243,86,10,26,5,-0.004038355127033889,5
1244,65,14,40,8,-0.022138801901296672,6
1245,91,42,79,20,-0.03503791530017175,22
1246,2,37,87,17,-0.03510076694372962,20
1247,13,13,107,6,-0.03566165788038671,7
1248,65,81,79,42,-0.04424467295364335,39
1249,76,38,65,18,-0.05184006466891194,20
1250,79,50,103,24,-0.05775390300531491,26
1251,79,71,84,35,-0.06759255042875613,36
1252,110,15,38,7,-0.07451058664372871,8
1253,13,21,65,9,-0.07590050666659102,12
1254,84,47,103,22,-0.09369403051445593,25
1255,41,29,6,14,-0.09412754772533327,15
1256,43,19,20,10,-0.09655439021695145,9
1257,74,43,87,23,-0.10335926536517887,20
1258,97,12,28,5,-0.12316110096103407,7
1259,74,34,2,17,-0.12342882497337963,17
1260,17,17,20,9,-0.12665014758012894,8
1261,87,11,13,5,-0.13022005589559688,6
1262,111,25,30,13,-0.14558741487159338,12
1263,20,13,50,6,-0.14861324836967535,7
1264,87,34,98,16,-0.1724338468755451,18
1265,50,46,84,24,-0.17381504780590146,22
1266,17,19,74,10,-0.18384205614173943,9
1267,18,18,30,10,-0.18809198027763716,8
1268,74,22,30,12,-0.20088773846185182,10
1269,71,11,87,5,-0.21156446783375446,6
1270,79,47,76,23,-0.21353395465678998,24
1271,9,20,66,10,-0.23945533670543603,10
1272,86,51,54,26,-0.24049936390368687,25
1273,1,12,84,6,-0.24280623432449092,6
1274,54,27,18,13,-0.24449076708155026,14
1275,38,28,103,14,-0.24815234764151944,14
1276,79,13,35,7,-0.26115759230385677,6
1277,70,22,37,11,-0.2654151633184179,11
1278,30,23,2,11,-0.29321348863964564,12
1279,79,42,55,23,-0.29649786875917394,19
1280,8,13,5,8,-0.30393774976887755,5
1281,41,14,19,6,-0.30768619148938214,8
1282,10,27,111,13,-0.3114645815059003,14
1283,28,65,79,36,-0.32744593574110537,29
1284,91,17,49,8,-0.32854883058107764,9
1285,43,16,98,8,-0.334919329248079,8
1286,74,11,75,6,-0.3482808736375043,5
1287,9,22,70,12,-0.3578380064215045,10
1288,50,10,44,5,-0.37049181398411835,5
1289,90,30,65,14,-0.37730681884186645,16
1290,85,13,41,7,-0.3897097634286919,6
1291,98,33,48,16,-0.3967785099913387,17
1292,55,16,93,8,-0.3989746125575646,8
1293,84,19,75,10,-0.40565407060222336,9
1294,107,26,23,13,-0.4070941564266929,13
1295,65,32,17,16,-0.4089458448973926,16
1296,96,17,84,9,-0.4094187460594168,8
1297,79,14,109,7,-0.42130275303052045,7
1298,85,11,66,6,-0.4238231655997328,5
1299,98,41,9,23,-0.42442483569339234,18
1300,93,33,98,17,-0.42494814400300696,16
1301,79,15,96,8,-0.43811986741326575,7
1302,50,49,28,25,-0.43867433112643944,24
1303,85,18,98,8,-0.44109205425715736,10
1304,41,18,88,9,-0.4417738242388016,9
1305,80,11,65,5,-0.457994493357384,6
1306,28,32,29,16,-0.47285680343469205,16
1307,79,40,90,18,-0.4783152360099624,22
1308,88,22,48,12,-0.48151324400012674,10
1309,28,41,48,22,-0.4819167398850078,19
1310,94,10,32,5,-0.4833955664376234,5
1311,79,65,16,32,-0.49363070376241414,33
1312,98,13,46,7,-0.494901676337354,6
1313,50,32,55,18,-0.498378588313797,14
1314,63,11,50,6,-0.5013115003852245,5
1315,16,65,79,34,-0.5031977526603945,31
1316,73,13,91,8,-0.5133686150476421,5
1317,20,23,110,11,-0.5195268671329448,12
1318,48,47,16,24,-0.527648095845856,23
1319,51,14,104,7,-0.5303101352697429,7
1320,41,13,66,6,-0.5347435341536495,7
1321,62,22,2,12,-0.5462872756743683,10
1322,37,18,10,10,-0.5468156041706485,8
1323,111,17,89,8,-0.556363390465831,9
1324,79,81,65,40,-0.5589485959558708,41
1325,87,42,84,21,-0.5614783528974139,21
1326,8,79,28,40,-0.5695729875885999,39
1327,107,18,48,9,-0.5787798745894376,9
1328,54,18,85,10,-0.5876536563899626,8
1329,23,10,75,5,-0.5879055997029312,5
1330,49,24,107,13,-0.5883775965859891,11
1331,16,37,23,19,-0.5884301363027267,18
1332,48,14,91,7,-0.5907819119756007,7
1333,101,20,98,9,-0.5948708647764195,11
1334,39,10,87,5,-0.5972214062189816,5
1335,23,33,79,18,-0.5991196107820859,15
1336,84,71,79,37,-0.6035661572311276,34
1337,28,35,88,17,-0.6042201982050053,18
1338,38,18,62,9,-0.6043816495722345,9
1339,55,15,73,8,-0.6065055891974562,7
1340,29,22,55,10,-0.6081230859687949,12
1341,44,18,91,10,-0.6160976329615553,8
1342,41,39,74,18,-0.640642509011156,21
1343,6,19,62,11,-0.6431821395568814,8
1344,30,10,32,5,-0.6490824873820789,5
1345,104,33,65,15,-0.6526567218920186,18
1346,29,20,103,10,-0.6578144863835312,10
1347,20,13,76,6,-0.6610311160325401,7
1348,8,63,10,33,-0.6621130971618493,30
1349,101,15,23,7,-0.6750621504160544,8
1350,87,43,74,21,-0.6820992304669727,22
1351,88,15,50,7,-0.6966849372246742,8
1352,55,28,86,13,-0.7246508574197764,15
1353,8,71,111,34,-0.7317959121668131,37
1354,10,12,46,6,-0.7362386600396065,6
1355,73,11,37,6,-0.7437455399697719,5
1356,23,39,28,20,-0.7501876968012093,19
1357,13,12,55,6,-0.7567536850396056,6
1358,87,17,112,8,-0.7591685884445006,9
1359,98,49,70,25,-0.770344186447448,24
1360,55,33,84,17,-0.7864651053071425,16
1361,28,25,51,13,-0.7865272414207969,12
1362,54,34,2,17,-0.8033910108899884,17
1363,86,42,98,23,-0.8171229596272063,19
1364,91,21,29,10,-0.8357535316372816,11
1365,10,51,79,29,-0.8544891772527285,22
1366,38,18,91,10,-0.8605561818804589,8
1367,75,11,37,6,-0.8613050770632995,5
1368,38,36,107,18,-0.8622209672883362,18
1369,30,33,20,18,-0.8624210657658024,15
1370,18,12,29,5,-0.8741742779448094,7
1371,65,21,62,12,-0.8755953834255741,9
1372,85,18,74,9,-0.8842572167875924,9
1373,93,30,20,17,-0.8968767950978295,13
1374,49,15,93,7,-0.9146738839447184,8
1375,111,29,18,15,-0.9151185639276579,14
1376,9,11,60,5,-0.9156618531106686,6
1377,89,12,103,7,-0.9245541578032253,5
1378,9,19,85,11,-0.9266510351352133,8
1379,88,22,2,12,-0.9353035146429405,10
1380,91,15,57,9,-0.9462820674582971,6
1381,20,22,86,11,-0.9513488629224631,11
1382,49,28,84,14,-0.9573548536710035,14
1383,15,11,10,5,-0.9620268464624092,6
1384,16,10,68,5,-0.9723777343104946,5
1385,68,16,111,9,-0.9831903657030906,7
1386,30,16,41,8,-0.9850557086879017,8
1387,91,23,20,11,-0.9903622576025491,12
1388,94,11,79,6,-0.9998691980069959,5
1389,41,33,70,17,-1.0073100144887814,16
1390,87,34,48,18,-1.0138064194658998,16
1391,41,13,75,7,-1.0160682715228835,6
1392,11,20,8,11,-1.0214168690493488,9
1393,98,32,90,17,-1.0267736789331345,15
1394,103,10,75,5,-1.035188460357086,5
1395,112,10,8,5,-1.0357746876565699,5
1396,55,42,79,20,-1.0370705274338399,22
1397,62,16,74,7,-1.0383577563740003,9
1398,75,10,54,5,-1.0447045321044388,5
1399,111,27,23,15,-1.048513117845392,12
1400,89,13,6,6,-1.0487640819634654,7
1401,106,11,98,5,-1.0522359380778148,6
1402,55,14,51,8,-1.0640892363499783,6
1403,103,15,76,9,-1.0648910249315973,6
1404,73,20,103,10,-1.0728746625988024,10
1405,90,20,86,11,-1.0796399854463752,9
1406,29,41,65,23,-1.0863542275741362,18
1407,84,42,6,22,-1.1025381642551555,20
1408,28,16,73,7,-1.102601583168377,9
1409,56,10,16,6,-1.1063673005412131,4
1410,28,49,50,25,-1.1231947621935956,24
1411,84,11,11,5,-1.1238042615131152,6
1412,91,23,30,13,-1.146326244872261,10
1413,65,81,41,44,-1.1521295696669458,37
1414,44,11,2,6,-1.1530964006985882,5
1415,87,25,73,14,-1.155508316504531,11
1416,34,10,1,4,-1.158449896925856,6
1417,6,34,9,18,-1.1647790866636063,16
1418,1,10,103,4,-1.178228962480731,6
1419,79,67,98,33,-1.185782047717224,34
1420,111,49,98,25,-1.1971941446177512,24
1421,107,36,111,18,-1.1978257080625474,18
1422,87,25,10,12,-1.200382738763757,13
1423,23,37,16,19,-1.2113990211273438,18
1424,54,14,17,7,-1.212168763466305,7
1425,84,46,50,23,-1.2316325109812616,23
1426,34,16,20,7,-1.2594847004342105,9
1427,17,12,55,6,-1.2644044388351479,6
1428,90,40,79,23,-1.2705532967066155,17
1429,55,11,63,6,-1.2826813902865977,5
1430,16,20,51,12,-1.3014165070786727,8
1431,107,18,10,10,-1.302641998274499,8
1432,62,12,86,4,-1.3029764877822885,8
1433,110,15,87,8,-1.307657393135164,7
1434,106,17,38,9,-1.3101869215810407,8
1435,103,47,84,26,-1.3117535282727075,21
1436,84,43,54,23,-1.3144548521624781,20
1437,65,35,37,19,-1.3173393657012917,16
1438,57,13,98,6,-1.3243405021868624,7
1439,90,32,98,16,-1.3246080262099156,16
1440,107,34,54,18,-1.3280682216199446,16
1441,107,33,86,17,-1.334894080447787,16
1442,91,15,109,7,-1.3373257862259469,8
1443,9,30,76,16,-1.3464329670764872,14
1444,34,18,29,8,-1.3490741689669334,10
1445,28,79,8,41,-1.3497480263129418,38
1446,74,33,20,17,-1.353456899126018,16
1447,32,14,23,6,-1.3629901576062295,8
1448,59,16,41,9,-1.3704315284875221,7
1449,23,15,76,7,-1.3791825091008199,8
1450,8,13,44,8,-1.3823607495686732,5
1451,23,20,54,11,-1.3830605566363494,9
1452,74,18,90,9,-1.39415986244323,9
1453,84,26,51,15,-1.3946044446619839,11
1454,87,37,2,21,-1.3966182251216572,16
1455,41,81,65,39,-1.4041433009139985,42
1456,6,11,51,7,-1.4047930882718551,4
1457,43,18,107,9,-1.4171119653199424,9
1458,55,13,96,7,-1.4199005276160916,6
1459,111,31,88,17,-1.4213124620809878,14
1460,3,10,65,5,-1.425825292351591,5
1461,112,11,109,6,-1.4303792106135154,5
1462,57,10,103,4,-1.43349293747094,6
1463,54,44,16,23,-1.439692388389625,21
1464,23,27,111,13,-1.4435580232116272,14
1465,5,10,55,6,-1.4603220635492842,4
1466,17,43,98,22,-1.4651649500523514,21
1467,87,17,63,9,-1.4666992841505817,8
1468,20,13,90,6,-1.4684862703100507,7
1469,109,27,2,16,-1.4845158921891026,11
1470,85,12,103,7,-1.505235765059642,5
1471,50,18,74,9,-1.5058020463222825,9
1472,62,19,6,9,-1.506313038221411,10
1473,98,43,17,23,-1.5166447539243209,20
1474,6,14,50,8,-1.5219443856325081,6
1475,38,12,85,6,-1.5317416798467212,6
1476,37,58,84,29,-1.5410671219703609,29
1477,46,11,84,6,-1.553665479741575,5
1478,41,14,106,7,-1.5565364887175293,7
1479,14,10,76,5,-1.56343838736732,5
1480,94,11,2,6,-1.566847919784111,5
1481,86,14,96,8,-1.5713948623262906,6
1482,29,16,16,9,-1.5836522711307057,7
1483,8,27,104,16,-1.5847929007576513,11
1484,8,56,70,28,-1.594033829324818,28
1485,48,41,28,20,-1.6018432819578732,21
1486,8,15,14,8,-1.6047577872069896,7
1487,88,20,91,11,-1.604911209712006,9
1488,18,24,107,12,-1.6070768279181384,12
1489,90,18,10,10,-1.612631742744166,8
1490,91,22,84,11,-1.6140489066565649,11
1491,91,24,86,12,-1.6163998023983253,12
1492,79,16,57,9,-1.6225267683647033,7
1493,87,44,111,23,-1.641789170650758,21
1494,79,52,2,27,-1.6438129495322433,25
1495,84,23,14,14,-1.6478538494417214,9
1496,16,21,50,10,-1.6642930243869365,11
1497,84,69,8,35,-1.6772378526789344,34
1498,20,21,112,10,-1.6804120498088793,11
1499,91,27,54,12,-1.688532679992717,15
1500,23,18,57,10,-1.6948872060166507,8
1501,18,13,20,7,-1.69876804268239,6
1502,107,26,93,14,-1.6992218170224525,12
1503,76,11,38,6,-1.6999072226365548,5
1504,65,38,76,21,-1.7259377131088651,17
1505,45,10,76,5,-1.7263356630732685,5
1506,16,16,29,8,-1.7271978980205005,8
1507,103,29,16,15,-1.735855100464721,14
1508,30,12,17,6,-1.736609101114107,6
1509,65,18,71,9,-1.7385086790308772,9
1510,107,24,63,14,-1.75218637591779,10
1511,76,10,75,6,-1.7758930355803784,4
1512,54,20,15,11,-1.7760257646065063,9
1513,84,22,91,12,-1.7835975804372517,10
1514,109,10,57,6,-1.7866317267766754,4
1515,14,11,63,6,-1.7986454985216758,5
1516,76,13,85,8,-1.8000085206097036,5
1517,32,25,87,12,-1.8019631830327214,13
1518,93,25,6,13,-1.8024437751588966,12
1519,18,11,85,7,-1.8067340182792189,4
1520,84,19,90,10,-1.8307456952070555,9
1521,28,69,84,36,-1.8408630525176137,33
1522,98,19,73,10,-1.851371729787623,9
1523,55,25,49,11,-1.8646594153921843,14
1524,112,17,54,9,-1.8715662937888236,8
1525,90,10,34,5,-1.8752123956926063,5
1526,28,18,5,9,-1.8930799000381917,9
1527,103,14,70,8,-1.9027941936339994,6
1528,61,11,41,6,-1.9034780148497894,5
1529,17,10,76,6,-1.9048948605366014,4
1530,48,26,55,13,-1.9070507794124316,13
1531,37,22,6,11,-1.9187411338779805,11
1532,48,10,62,6,-1.9270832455013296,4
1533,11,17,16,10,-1.9332915209945327,7
1534,111,71,8,40,-1.9370367529151276,31
1535,6,24,76,12,-1.937944044447951,12
1536,6,25,93,13,-1.9383775932498641,12
1537,34,20,50,9,-1.9535612317766202,11
1538,2,26,20,14,-1.959405286250955,12
1539,10,63,8,32,-1.9653037165737905,31
1540,54,45,74,22,-1.97553752674608,23
1541,29,11,49,7,-1.9792119029563418,4
1542,37,13,103,7,-1.9837820518429876,6
1543,65,11,52,6,-1.9840789649067496,5
1544,41,16,34,9,-1.9846654519938336,7
1545,97,10,55,5,-1.9884220470048688,5
1546,37,59,79,33,-1.9886494787106561,26
1547,71,10,37,6,-1.9896037058196856,4
1548,74,55,98,28,-2.008567476708278,27
1549,85,13,107,5,-2.0121024102187826,8
1550,9,30,10,15,-2.0135222581265264,15
1551,93,20,88,8,-2.033372594210669,12
1552,96,14,8,7,-2.0352117697299557,7
1553,26,14,73,8,-2.0368384601286986,6
1554,65,72,84,37,-2.0379176330897706,35
1555,98,52,38,28,-2.0498657703552294,24
1556,26,30,9,17,-2.052887996849143,13
1557,10,18,91,10,-2.0539203960339205,8
1558,65,22,85,13,-2.0630480183814526,9
1559,88,22,62,12,-2.068203078615548,10
1560,54,56,98,28,-2.0734829531241803,28
1561,104,17,9,10,-2.0746206420840276,7
1562,8,69,98,37,-2.081911402735009,32
1563,2,52,79,28,-2.0919149974540514,24
1564,28,23,34,13,-2.0983239748782827,10
1565,3,18,54,9,-2.1358068028320694,9
1566,1,15,87,7,-2.138632690920939,8
1567,111,44,84,25,-2.1422526544855915,19
1568,32,10,18,5,-2.1572241092213575,5
1569,15,11,9,6,-2.1575516880448644,5
1570,98,18,89,10,-2.180079413202899,8
1571,28,19,44,12,-2.1816767204067156,7
1572,65,45,107,26,-2.197287219114421,19
1573,88,47,8,25,-2.2095338481189803,22
1574,65,30,90,17,-2.2173212695918445,13
1575,57,12,54,7,-2.224387822283533,5
1576,58,11,8,5,-2.2258955118772117,6
1577,20,44,54,25,-2.2268078604275408,19
1578,74,29,26,16,-2.2324393914305243,13
1579,106,10,62,5,-2.251724283686679,5
1580,86,21,23,11,-2.2567990043911528,10
1581,50,14,6,7,-2.2618843791117285,7
1582,9,40,37,22,-2.262801557650182,18
1583,32,18,62,9,-2.2636867699003225,9
1584,32,13,20,7,-2.2751108005385445,6
1585,37,39,28,21,-2.310806744030662,18
1586,86,25,51,14,-2.3218267006650657,11
1587,103,37,23,19,-2.3239729626949814,18
1588,94,11,41,6,-2.3275339532246493,5
1589,86,60,28,30,-2.335807298368496,30
1590,86,59,8,33,-2.35333183690883,26
1591,43,23,41,13,-2.3652994967791563,10
1592,104,14,86,7,-2.417643418648528,7
1593,57,16,79,8,-2.4270888358529543,8
1594,79,24,85,12,-2.448715961670296,12
1595,38,40,41,21,-2.4535603181412866,19
1596,29,27,6,14,-2.45903121181426,13
1597,74,21,37,11,-2.470454780037321,10
1598,9,44,103,21,-2.4769487250437585,23
1599,29,20,2,11,-2.477941203005181,9
1600,62,15,37,8,-2.4789476689639174,7
1601,65,49,6,24,-2.47968083130177,25
1602,90,18,74,10,-2.492214654704721,8
1603,50,12,75,7,-2.4925159155893497,5
1604,70,27,28,13,-2.510024433047842,14
1605,16,14,44,6,-2.5225080391674344,8
1606,29,19,50,11,-2.525141516354553,8
1607,76,47,79,26,-2.526760719119433,21
1608,70,33,41,17,-2.5290882561404504,16
1609,49,10,63,5,-2.5291147398136253,5
1610,8,43,6,24,-2.5371830216491102,19
1611,74,39,79,23,-2.5429559244754354,16
1612,48,15,49,7,-2.544499155603262,8
1613,8,41,91,21,-2.5454365457229002,20
1614,51,25,28,13,-2.547488793527813,12
1615,11,10,30,6,-2.5564825240632034,4
1616,111,27,10,15,-2.561286831397376,12
1617,112,20,38,11,-2.5875581099779774,9
1618,8,25,34,12,-2.599349637379093,13
1619,107,24,49,12,-2.600438468942416,12
1620,28,39,23,21,-2.60885510108512,18
1621,28,40,30,22,-2.6105936366755755,18
1622,28,17,106,11,-2.627944525078153,6
1623,84,50,74,27,-2.631198253186874,23
1624,84,24,30,13,-2.649950052405462,11
1625,30,25,111,13,-2.6528736151948067,12
1626,9,11,106,6,-2.6544531376629665,5
1627,63,11,111,6,-2.656681768070538,5
1628,8,14,15,7,-2.6593953269851673,7
1629,98,49,111,27,-2.661784450073085,22
1630,111,13,43,8,-2.669621436422116,5
1631,20,16,37,9,-2.669796905589799,7
1632,86,21,6,11,-2.6797895540068413,10
1633,49,18,32,9,-2.688514142434056,9
1634,9,44,48,25,-2.7118293842835715,19
1635,107,42,84,23,-2.719669609357713,19
1636,16,23,63,12,-2.7234471658941866,11
1637,10,30,9,17,-2.725511572413539,13
1638,30,14,26,5,-2.7295268644643054,9
1639,29,14,23,8,-2.732572073895786,6
1640,65,91,8,52,-2.7337241986003473,39
1641,103,19,48,10,-2.7455190211302885,9
1642,30,23,91,11,-2.757139530858619,12
1643,86,39,65,21,-2.7582815921592423,18
1644,104,26,79,16,-2.7673365522379703,10
1645,89,15,50,8,-2.767885417645722,7
1646,50,34,54,20,-2.769221861295628,14
1647,65,55,55,33,-2.7708488525099977,22
1648,12,11,8,6,-2.8009343879230215,5
1649,65,55,38,30,-2.806589910357459,25
1650,55,12,104,6,-2.817049603991468,6
1651,18,29,111,16,-2.859497108899379,13
1652,107,25,90,13,-2.870701985415053,12
1653,86,27,50,15,-2.870868757721276,12
1654,98,52,16,29,-2.8744462121533867,23
1655,76,22,111,10,-2.8888180973130924,12
1656,32,18,49,10,-2.892278990328854,8
1657,34,16,6,8,-2.8927905205883553,8
1658,20,23,91,13,-2.91310351812833,10
1659,88,37,55,22,-2.9210181897272123,15
1660,41,36,29,19,-2.9244119186735795,17
1661,76,15,23,9,-2.940407468731348,6
1662,107,24,18,14,-2.9539171100811985,10
1663,86,18,106,11,-2.9596805018860524,7
1664,55,33,107,17,-2.9613405357306117,16
1665,74,18,85,10,-2.978897137377882,8
1666,48,10,14,7,-2.9948475417245817,3
1667,48,23,10,12,-2.998608536484347,11
1668,89,16,26,8,-3.0015441091670585,8
1669,65,15,51,8,-3.0024330188565416,7
1670,93,30,79,15,-3.0134454685677112,15
1671,8,11,12,6,-3.0172474302587955,5
1672,16,18,38,9,-3.0174584469144037,9
1673,28,21,46,12,-3.022125521909433,9
1674,66,10,65,5,-3.0275758007203697,5
1675,37,12,51,7,-3.027883163660137,5
1676,44,14,9,6,-3.0418979222799787,8
1677,107,28,88,16,-3.04854210260548,12
1678,10,18,107,9,-3.050193716172087,9
1679,87,28,62,16,-3.05254413200227,12
1680,55,15,70,8,-3.0551209872054277,7
1681,50,41,8,22,-3.0641915082186117,19
1682,79,65,28,32,-3.0692060944031567,33
1683,65,16,43,8,-3.0818646979565365,8
1684,79,56,41,30,-3.1072129437235954,26
1685,20,33,74,18,-3.1279922292078326,15
1686,28,55,74,28,-3.13194618254277,27
1687,38,36,79,20,-3.1386740959807797,16
1688,88,23,23,13,-3.1441600025036935,10
1689,90,10,1,5,-3.14882035881255,5
1690,54,16,73,9,-3.1545899908135793,7
1691,107,42,98,24,-3.1587714355006167,18
1692,91,14,17,8,-3.16960980301192,6
1693,65,66,87,37,-3.1707364264120983,29
1694,88,13,18,7,-3.1759771370815284,6
1695,75,15,111,7,-3.17685714011478,8
1696,28,26,62,16,-3.1835173498650757,10
1697,37,13,91,7,-3.1893915884876662,6
1698,88,82,65,46,-3.191662609516441,36
1699,86,20,90,10,-3.1994044596730675,10
1700,26,37,79,21,-3.2224103393223973,16
1701,63,17,74,9,-3.228967223528296,8
1702,39,10,84,5,-3.2304373023193578,5
1703,85,11,49,6,-3.234049059231714,5
1704,87,15,1,9,-3.235954063691745,6
1705,18,15,76,9,-3.237191989649946,6
1706,65,30,73,17,-3.264498946198197,13
1707,98,11,59,6,-3.2664563544762517,5
1708,111,31,90,18,-3.267921695084226,13
1709,84,23,57,13,-3.2865946702288213,10
1710,62,18,16,10,-3.3165301409136863,8
1711,79,42,91,24,-3.3169616233745067,18
1712,57,13,55,8,-3.327670077621321,5
1713,18,57,28,31,-3.341827320423698,26
1714,8,22,63,13,-3.3527653187035047,9
1715,96,15,48,8,-3.3566527784765534,7
1716,23,20,91,11,-3.3618813048957485,9
1717,6,18,49,10,-3.361990920437636,8
1718,85,14,2,7,-3.3798876085075156,7
1719,13,14,76,7,-3.383197454645703,7
1720,16,39,55,22,-3.384681405569595,17
1721,50,14,70,7,-3.3858944797818475,7
1722,16,72,28,39,-3.38854168820513,33
1723,15,16,65,8,-3.396313291786303,8
1724,6,12,57,8,-3.4000169565132334,4
1725,84,20,32,12,-3.403700726822616,8
1726,55,17,23,9,-3.4042950014279,8
1727,79,59,86,32,-3.40761423985737,27
1728,28,54,111,30,-3.413874283084288,24
1729,37,34,48,18,-3.4162139643636396,16
1730,91,10,5,4,-3.4255398118724374,6
1731,17,32,65,18,-3.431569242866022,14
1732,55,32,50,16,-3.4382276114289043,16
1733,37,10,107,6,-3.444420525023787,4
1734,57,12,86,6,-3.4531517504498637,6
1735,79,34,54,18,-3.4597407834745564,16
1736,79,51,10,25,-3.461171301661281,26
1737,28,73,65,41,-3.467768337617067,32
1738,55,14,1,8,-3.472860068937083,6
1739,66,10,86,5,-3.4816650108427063,5
1740,29,32,98,17,-3.494477131581665,15
1741,41,49,16,26,-3.501070366837183,23
1742,94,13,65,7,-3.505690987614661,6
1743,16,11,46,6,-3.5247066219075394,5
1744,87,76,8,43,-3.525622762806931,33
1745,26,33,111,19,-3.5276889460712058,14
1746,87,26,70,15,-3.5345174393475727,11
1747,49,18,79,11,-3.5482844650415624,7
1748,107,50,87,29,-3.564753035737441,21
1749,38,25,50,14,-3.5687465201033057,11
1750,57,16,16,8,-3.5714373486183053,8
1751,75,14,87,7,-3.5866681857153258,7
1752,2,34,74,19,-3.5890069653720107,15
1753,23,15,101,9,-3.591604516250614,6
1754,18,12,10,8,-3.6042571144804363,4
1755,86,35,74,20,-3.6070796377555774,15
1756,112,10,98,5,-3.634369737429611,5
1757,86,63,84,36,-3.6423000493574755,27
1758,73,22,20,12,-3.6521774474687554,10
1759,37,38,16,23,-3.6538134186570033,15
1760,6,16,34,9,-3.6598684680509215,7
1761,65,17,57,11,-3.66200460796526,6
1762,87,16,104,10,-3.6754213405844434,6
1763,70,34,54,18,-3.70016254332773,16
1764,62,15,91,8,-3.707999769375562,7
1765,10,14,32,9,-3.709056496740224,5
1766,87,10,60,5,-3.716219490276847,5
1767,38,22,84,13,-3.721558072111377,9
1768,41,16,48,9,-3.723395209925695,7
1769,48,20,13,13,-3.7253807198817483,7
1770,10,34,65,19,-3.7403807843221304,15
1771,28,60,98,32,-3.7455239448640665,28
1772,18,12,57,8,-3.7525453734501912,4
1773,49,22,28,13,-3.761707702389012,9
1774,110,11,26,5,-3.781495457699158,6
1775,103,12,110,7,-3.784927459031115,5
1776,18,15,93,8,-3.8000555745474087,7
1777,98,16,43,9,-3.8123705589147328,7
1778,62,39,8,21,-3.8203580499873464,18
1779,91,14,32,7,-3.8253106560348464,7
1780,49,16,17,9,-3.8354352643495577,7
1781,29,21,91,12,-3.840820511726981,9
1782,18,18,41,11,-3.84366102932153,7
1783,11,21,28,12,-3.8498452746018086,9
1784,75,20,8,11,-3.850513142182257,9
1785,34,12,23,6,-3.85388189935407,6
1786,49,14,38,7,-3.8551286140805963,7
1787,9,78,84,46,-3.8632336429297727,32
1788,84,47,98,26,-3.8908337456526567,21
1789,89,18,48,10,-3.8908343305777375,8
1790,2,26,91,15,-3.8971597312680113,11
1791,54,16,94,8,-3.897800639878564,8
1792,79,31,30,18,-3.91271477985484,13
1793,48,19,30,11,-3.915724412415478,8
1794,9,30,26,15,-3.917115924375875,15
1795,74,22,43,13,-3.9345782455697673,9
1796,54,32,87,18,-3.9348055085863867,14
1797,112,10,91,5,-3.946754868280294,5
1798,73,22,6,11,-3.9476996189213933,11
1799,50,10,51,7,-3.9480655818138337,3
1800,87,32,23,19,-3.956644400151879,13
1801,107,11,51,7,-3.957512100620035,4
1802,65,42,23,23,-3.9627458762007683,19
1803,9,11,14,7,-3.9753531338355614,4
1804,2,65,8,34,-3.9783431275832335,31
1805,26,14,55,8,-3.9805474058369166,6
1806,10,13,104,7,-3.982341981798969,6
1807,98,34,87,20,-3.9852020639548185,14
1808,8,29,73,18,-3.9924196449780625,11
1809,37,26,87,13,-3.9965570187790043,13
1810,79,33,23,17,-4.005580416521516,16
1811,103,50,79,29,-4.028559233170849,21
1812,2,19,26,10,-4.041871884320681,9
1813,98,23,109,13,-4.0431120330253485,10
1814,71,15,84,8,-4.046997354452872,7
1815,10,32,16,18,-4.051397029804468,14
1816,46,21,6,13,-4.0573986299655465,8
1817,10,41,2,24,-4.057775267216063,17
1818,75,10,65,6,-4.061741964132054,4
1819,104,12,90,6,-4.064341220930973,6
1820,28,53,55,32,-4.077781396885128,21
1821,2,63,98,35,-4.0864521676034835,28
1822,65,16,106,9,-4.0921186691282205,7
1823,107,28,16,16,-4.092605442087732,12
1824,84,16,89,10,-4.113226044169538,6
1825,98,39,37,22,-4.11677597890711,17
1826,54,74,8,40,-4.122661694301323,34
1827,10,16,103,9,-4.145748166667432,7
1828,2,15,37,8,-4.14722052773026,7
1829,35,11,16,6,-4.150016684827543,5
1830,91,23,65,11,-4.15010120900014,12
1831,2,65,28,36,-4.1527647358497335,29
1832,8,28,30,17,-4.155265384733847,11
1833,44,10,20,6,-4.167347783481074,4
1834,32,16,2,9,-4.169077635966493,7
1835,88,35,79,22,-4.181461707831637,13
1836,111,62,79,37,-4.218289071737846,25
1837,88,15,63,8,-4.22400472363047,7
1838,6,24,23,13,-4.230313442640459,11
1839,91,30,87,17,-4.231572272835857,13
1840,85,19,8,10,-4.235296537690964,9
1841,8,11,97,7,-4.238412616249588,4
1842,49,13,18,7,-4.243576516469454,6
1843,98,39,6,23,-4.250381101594533,16
1844,55,48,111,26,-4.269858150255007,22
1845,48,15,85,9,-4.305363268792187,6
1846,41,39,26,18,-4.308213459712551,21
1847,107,16,30,10,-4.310516753383161,6
1848,1,20,41,13,-4.310885836842604,7
1849,29,37,87,21,-4.317833214151955,16
1850,90,13,20,8,-4.319530234657456,5
1851,88,19,46,11,-4.341589715116255,8
1852,63,10,108,6,-4.345351879856479,4
1853,44,13,79,7,-4.356415433762269,6
1854,2,11,57,7,-4.360321050424336,4
1855,94,11,87,6,-4.375015437142172,5
1856,1,10,90,6,-4.375601097645208,4
1857,89,13,54,8,-4.375934710162814,5
1858,98,24,13,16,-4.385814205539817,8
1859,8,29,29,16,-4.386286441561601,13
1860,41,36,50,20,-4.39168406813968,16
1861,107,86,8,47,-4.393894170333013,39
1862,41,36,84,22,-4.405400183867785,14
1863,20,19,43,10,-4.407702920435093,9
1864,103,20,73,11,-4.408542656876506,9
1865,13,10,90,5,-4.435057658973358,5
1866,1,10,34,7,-4.442537367084793,3
1867,20,54,87,30,-4.4472809665018085,24
1868,76,37,16,20,-4.451124010231458,17
1869,58,16,98,8,-4.454073647186219,8
1870,84,23,73,15,-4.463513313785124,8
1871,110,23,20,13,-4.46357978693552,10
1872,46,25,74,13,-4.466043153922571,12
1873,15,25,111,15,-4.472513123100842,10
1874,29,21,111,10,-4.484029622528673,11
1875,5,14,79,9,-4.4902746931220605,5
1876,107,31,74,18,-4.49684885234603,13
1877,93,21,29,12,-4.498959392246701,9
1878,28,15,14,10,-4.4990639134595956,5
1879,62,11,29,6,-4.502398822563125,5
1880,6,27,29,15,-4.503478704943507,12
1881,23,40,41,23,-4.507259861409941,17
1882,93,29,111,15,-4.510765206652467,14
1883,85,11,18,5,-4.514791288537011,6
1884,93,18,86,10,-4.51863309185886,8
1885,74,15,32,9,-4.519404747582117,6
1886,48,34,76,20,-4.519965051805255,14
1887,109,26,65,13,-4.522732343847644,13
1888,23,24,74,13,-4.530539923458647,11
1889,28,33,32,19,-4.541477323608219,14
1890,32,22,55,13,-4.5613058564845765,9
1891,106,24,8,12,-4.568385804351563,12
1892,9,37,2,20,-4.570200756721712,17
1893,48,15,17,8,-4.57243158960934,7
1894,20,17,17,9,-4.57611326270597,8
1895,15,10,86,5,-4.603054673648832,5
1896,8,25,51,15,-4.6038680906054195,10
1897,20,26,2,14,-4.616267485609366,12
1898,87,11,68,6,-4.626141991098492,5
1899,104,23,16,13,-4.63379333705212,10
1900,2,20,29,11,-4.659724574406296,9
1901,79,21,29,12,-4.677275321651237,9
1902,9,76,79,43,-4.699969329384482,33
1903,93,19,109,11,-4.710552248323455,8
1904,14,14,87,8,-4.712999134730353,6
1905,9,30,90,17,-4.717832744642908,13
1906,65,24,89,13,-4.719339811655218,11
1907,35,21,76,13,-4.725447690057797,8
1908,104,10,88,6,-4.74391725280927,4
1909,8,63,74,36,-4.745372053011663,27
1910,54,66,65,36,-4.75749689850986,30
1911,18,23,16,14,-4.770325303283745,9
1912,38,15,88,8,-4.775099664625832,7
1913,54,23,46,14,-4.7761943840724514,9
1914,104,10,111,6,-4.78538385386756,4
1915,89,21,9,14,-4.786570717016552,7
1916,9,51,111,27,-4.814055936731913,24
1917,86,40,9,23,-4.820086324261296,17
1918,28,10,110,5,-4.821015306608336,5
1919,48,36,86,21,-4.821754172778806,15
1920,86,13,75,7,-4.827459339717493,6
1921,29,20,54,13,-4.828224061790944,7
1922,109,11,89,6,-4.829014520032646,5
1923,63,11,39,6,-4.830077117168623,5
1924,13,13,103,7,-4.835710066696813,6
1925,98,25,30,16,-4.849081372286935,9
1926,30,16,23,8,-4.860653795176971,8
1927,76,21,107,12,-4.869374264444424,9
1928,9,27,62,16,-4.876428914210389,11
1929,26,29,74,16,-4.880620777148706,13
1930,6,41,54,26,-4.900522402213304,15
1931,20,30,93,15,-4.900735470483163,15
1932,5,11,65,6,-4.901615377921411,5
1933,28,39,20,24,-4.9180394387206405,15
1934,103,11,46,6,-4.934914439873031,5
1935,93,11,11,5,-4.935288832458101,6
1936,48,45,79,25,-4.935456619955719,20
1937,20,37,111,20,-4.9479559141790075,17
1938,111,36,107,21,-4.95140635788508,15
1939,16,26,32,15,-4.9645961397192355,11
1940,59,10,10,5,-4.967497448599415,5
1941,20,10,89,6,-4.97640303815121,4
1942,104,19,107,12,-4.99834795845683,7
1943,73,16,79,9,-5.012547822539443,7
1944,63,28,84,17,-5.019888301540257,11
1945,1,17,16,9,-5.031673674933401,8
1946,43,13,111,7,-5.0327903736846205,6
1947,103,36,107,21,-5.041185354126945,15
1948,79,54,87,29,-5.061728993049676,25
1949,84,16,109,9,-5.067243867891082,7
1950,73,20,16,11,-5.0706587833744905,9
1951,41,16,59,9,-5.075333393683101,7
1952,50,18,18,10,-5.0868481750812755,8
1953,84,25,29,14,-5.0940460573640145,11
1954,65,73,93,42,-5.102964751950764,31
1955,48,10,70,6,-5.103393723771427,4
1956,86,49,87,29,-5.111663758486056,20
1957,76,27,87,16,-5.11638843749194,11
1958,18,21,103,12,-5.117263308095348,9
1959,111,11,63,6,-5.123399041237538,5
1960,84,31,20,19,-5.125132779135495,12
1961,89,29,41,17,-5.128070897369619,12
1962,88,24,87,15,-5.130994862549942,9
1963,20,47,8,28,-5.13696712403145,19
1964,87,26,103,15,-5.13844337309213,11
1965,52,10,98,5,-5.141825899051739,5
1966,84,39,23,22,-5.174802875601986,17
1967,28,34,90,20,-5.175363063983108,14
1968,62,15,104,9,-5.186101581217904,6
1969,57,10,111,6,-5.186942618450885,4
1970,16,21,75,12,-5.21045547946896,9
1971,93,16,16,9,-5.217988854591054,7
1972,108,10,48,7,-5.22187263856998,3
1973,9,108,65,62,-5.228072138963157,46
1974,111,10,1,5,-5.238983537325088,5
1975,48,19,18,11,-5.245315113768614,8
1976,85,15,63,8,-5.266282773446651,7
1977,9,50,87,28,-5.267106093185126,22
1978,79,48,6,28,-5.286249598004098,20
1979,76,14,104,8,-5.288345369680408,6
1980,20,16,34,10,-5.293174288205066,6
1981,103,30,17,18,-5.294404276815358,12
1982,8,40,37,23,-5.3188247171166365,17
1983,88,20,20,12,-5.3485269428007625,8
1984,71,11,54,7,-5.354693946074446,4
1985,6,13,89,8,-5.362805216014631,5
1986,39,10,8,5,-5.364894113507091,5
1987,41,66,8,36,-5.383353261881381,30
1988,20,27,6,14,-5.391516301598387,13
1989,28,10,19,6,-5.405282356849322,4
1990,50,37,98,20,-5.4072282296066625,17
1991,41,35,73,20,-5.413974250069213,15
1992,38,26,20,15,-5.422962328602488,11
1993,20,18,94,11,-5.424401699040208,7
1994,79,40,50,22,-5.433295888749685,18
1995,76,42,88,23,-5.437759040300481,19
1996,23,16,109,10,-5.438260955948294,6
1997,87,22,90,14,-5.444051378748758,8
1998,38,25,30,13,-5.45936332609693,12
1999,57,16,87,9,-5.466000765538215,7
2000,98,44,20,26,-5.475555762264778,18
2001,38,35,54,21,-5.478565045653858,14
2002,73,21,74,12,-5.49643746893769,9
2003,107,13,85,9,-5.5094890221266635,4
2004,54,46,28,27,-5.5206143371290795,19
2005,98,15,63,8,-5.531977699985538,7
2006,2,10,46,6,-5.541906116456114,4
2007,48,35,6,20,-5.544547995709246,15
2008,55,19,74,10,-5.544677661719653,9
2009,74,39,111,22,-5.5496610770339405,17
2010,51,12,9,7,-5.566013437140973,5
2011,79,84,8,45,-5.56829082741472,39
2012,55,24,103,14,-5.588813975862993,10
2013,29,22,26,14,-5.630548836449718,8
2014,9,45,41,28,-5.6439057397283525,17
2015,6,26,103,16,-5.659939287843899,10
2016,50,13,17,8,-5.662435030700867,5
2017,91,29,111,16,-5.664784285354977,13
2018,9,13,43,7,-5.682535108763632,6
2019,75,12,2,7,-5.704582661211366,5
2020,55,14,26,8,-5.738748859328644,6
2021,76,20,55,11,-5.742456288243527,9
2022,37,20,90,12,-5.742590617036875,8
2023,9,29,38,16,-5.756435186772364,13
2024,76,43,86,24,-5.7608051831204765,19
2025,9,24,49,15,-5.768934866939488,9
2026,79,14,51,8,-5.772506691008202,6
2027,54,18,32,11,-5.782610489553489,7
2028,88,25,86,15,-5.788259716510342,10
2029,73,14,26,7,-5.793757710550314,7
2030,94,12,8,7,-5.79404543544707,5
2031,109,19,34,11,-5.806108021230174,8
2032,28,10,96,6,-5.817657099477481,4
2033,86,12,1,7,-5.820822605148494,5
2034,51,11,2,6,-5.82458141989376,5
2035,10,31,98,18,-5.831587893507183,13
2036,37,14,46,8,-5.834073346635607,6
2037,84,12,104,7,-5.8358328973406115,5
2038,87,28,49,15,-5.837138934523044,13
2039,87,41,16,24,-5.840555118989296,17
2040,48,25,63,15,-5.850121984887349,10
2041,98,41,23,25,-5.855857498312431,16
2042,16,17,17,10,-5.868342075872026,7
2043,103,34,50,20,-5.870794196365225,14
2044,2,34,50,21,-5.882888460891295,13
2045,18,12,86,7,-5.898212622367464,5
2046,8,79,55,49,-5.900174964881441,30
2047,9,45,74,27,-5.903246001506488,18
2048,96,13,16,8,-5.918742950992745,5
2049,20,11,46,5,-5.919838640633247,6
2050,18,27,98,16,-5.93123934771538,11
2051,10,25,89,15,-5.961935346068012,10
2052,49,23,8,13,-5.962799116224744,10
2053,34,10,17,6,-5.970863859166942,4
2054,34,19,107,11,-5.973688522150958,8
2055,23,18,2,10,-5.985551573396107,8
2056,77,10,49,5,-6.002993751357126,5
2057,91,18,38,10,-6.003578716041363,8
2058,2,11,94,6,-6.010461250553638,5
2059,91,48,98,26,-6.010481139866049,22
2060,98,27,26,14,-6.028495429489334,13
2061,86,13,35,9,-6.029699746849703,4
2062,9,28,13,18,-6.048703123654873,10
2063,89,25,79,16,-6.066359313406789,9
2064,76,14,30,9,-6.105099986395525,5
2065,56,11,111,7,-6.133528731729063,4
2066,107,33,79,21,-6.134946595714035,12
2067,28,54,107,30,-6.139279531987612,24
2068,85,21,28,12,-6.144621817052938,9
2069,18,49,8,29,-6.162362513671736,20
2070,107,32,91,20,-6.177644207961824,12
2071,66,11,2,7,-6.205381429919995,4
2072,34,14,16,8,-6.229556768499603,6
2073,41,35,2,22,-6.231438093089563,13
2074,16,70,8,43,-6.239959202008456,27
2075,48,17,2,9,-6.245081234312723,8
2076,87,24,38,15,-6.25648981898309,9
2077,50,23,111,14,-6.270457745960824,9
2078,44,15,111,9,-6.2820016152004,6
2079,54,16,90,9,-6.290244829620479,7
2080,54,19,62,12,-6.312055934230411,7
2081,79,11,14,7,-6.3252009616150415,4
2082,111,30,2,18,-6.328590766591992,12
2083,65,65,16,37,-6.334573357580009,28
2084,73,18,86,11,-6.340120760849839,7
2085,65,84,20,51,-6.343089817722918,33
2086,28,10,31,6,-6.368565836830035,4
2087,88,22,103,14,-6.368772240906126,8
2088,84,28,70,16,-6.381194808632994,12
2089,50,12,90,7,-6.396354579252059,5
2090,39,10,65,6,-6.40523745473044,4
2091,91,25,16,15,-6.409140256729834,10
2092,28,14,12,9,-6.429365216940005,5
2093,8,10,112,6,-6.439047583949824,4
2094,62,10,90,6,-6.4415032468905995,4
2095,79,26,34,14,-6.45226474292144,12
2096,9,101,8,58,-6.457930698678457,43
2097,86,16,32,9,-6.471177759830176,7
2098,48,11,23,6,-6.485113687277626,5
2099,8,35,32,20,-6.494741280760348,15
2100,9,36,73,21,-6.495953299248424,15
2101,28,34,103,20,-6.496510604338202,14
2102,18,25,87,16,-6.500921078177539,9
2103,62,13,17,8,-6.51109228837904,5
2104,86,79,16,48,-6.517762010081229,31
2105,9,37,50,22,-6.52235823807083,15
2106,70,14,103,7,-6.530155528635705,7
2107,57,18,23,10,-6.535348935161005,8
2108,70,18,79,9,-6.541994947083339,9
2109,41,54,28,30,-6.549671741224456,24
2110,68,25,8,14,-6.551836593531009,11
2111,6,19,30,13,-6.571810356539939,6
2112,16,21,90,12,-6.632184549525892,9
2113,85,14,86,7,-6.640232602185863,7
2114,17,14,91,8,-6.646960274535358,6
2115,49,16,74,9,-6.6690338705923,7
2116,9,24,18,14,-6.669379438735331,10
2117,2,14,15,8,-6.68122325045803,6
2118,62,18,79,10,-6.706683341972167,8
2119,54,25,49,14,-6.709179862826327,11
2120,9,25,29,14,-6.70933512946719,11
2121,74,11,89,6,-6.714017548400364,5
2122,111,14,13,9,-6.729510456907126,5
2123,34,19,2,11,-6.729658072634228,8
2124,41,42,111,24,-6.742879314894576,18
2125,48,12,11,7,-6.772695558236367,5
2126,28,50,87,30,-6.785536302011417,20
2127,41,35,91,22,-6.801656465480553,13
2128,28,39,76,23,-6.80499505832736,16
2129,6,21,88,13,-6.808639243885848,8
2130,64,11,28,6,-6.82253762472366,5
2131,91,26,6,15,-6.823132237906975,11
2132,8,24,90,15,-6.838297347223882,9
2133,51,23,87,13,-6.849579899010746,10
2134,88,13,10,8,-6.861581534296264,5
2135,28,38,38,22,-6.8687841977025155,16
2136,87,11,89,7,-6.89032748453306,4
2137,68,18,65,10,-6.895924597371667,8
2138,74,12,57,8,-6.91760424242575,4
2139,50,30,107,19,-6.921374494500155,11
2140,17,14,90,8,-6.930186835428714,6
2141,68,10,73,6,-6.95394987102174,4
2142,50,36,87,22,-6.985978024226258,14
2143,101,11,79,6,-6.990861425930873,5
2144,8,18,46,11,-6.992942507225588,7
2145,6,19,90,11,-7.0034906221582,8
2146,34,29,84,19,-7.009777399581457,10
2147,91,26,103,13,-7.011657257024809,13
2148,93,48,8,30,-7.0175664395797135,18
2149,6,20,111,12,-7.01838566892247,8
2150,9,40,23,24,-7.023066131343451,16
2151,79,19,59,11,-7.0352036880537865,8
2152,28,37,91,23,-7.04770720595576,14
2153,2,19,90,11,-7.054899323538905,8
2154,48,53,8,32,-7.064834453033997,21
2155,34,24,98,16,-7.069151815365415,8
2156,13,10,10,5,-7.08154547770926,5
2157,88,30,84,19,-7.092231780923707,11
2158,89,16,16,10,-7.102664218068734,6
2159,74,33,16,21,-7.114417163588675,12
2160,76,35,98,21,-7.11656236534676,14
2161,103,20,29,12,-7.147753101442872,8
2162,2,30,107,18,-7.148311047443888,12
2163,32,16,103,10,-7.165401001930772,6
2164,6,11,5,7,-7.175117705775805,4
2165,76,42,84,23,-7.185450456544011,19
2166,34,13,111,7,-7.201437198359538,6
2167,6,29,55,20,-7.216182147698299,9
2168,88,29,9,18,-7.216345472997156,11
2169,28,16,75,9,-7.2175249553136975,7
2170,76,19,10,11,-7.223608714939963,8
2171,54,35,88,21,-7.223747967838282,14
2172,8,41,23,25,-7.226225929875295,16
2173,73,18,50,10,-7.241939960957099,8
2174,103,49,98,31,-7.248745608369252,18
2175,73,10,30,6,-7.2752412959190496,4
2176,70,15,23,9,-7.277989111704888,6
2177,94,16,9,9,-7.284482029205993,7
2178,86,22,41,13,-7.286274520016925,9
2179,54,34,48,22,-7.286435330191923,12
2180,20,13,13,9,-7.287197108459042,4
2181,10,21,54,13,-7.316914939103655,8
2182,79,13,11,6,-7.332384664013704,7
2183,103,16,10,9,-7.341759223830171,7
2184,65,53,74,33,-7.345256184830916,20
2185,65,50,63,30,-7.358014786861475,20
2186,88,24,37,15,-7.378135194639771,9
2187,8,12,94,7,-7.380839863701195,5
2188,2,33,84,20,-7.387811019113771,13
2189,5,15,98,9,-7.40308817440165,6
2190,49,13,41,9,-7.40613906742907,4
2191,75,13,41,7,-7.41688145074682,6
2192,9,13,75,9,-7.420012168869883,4
2193,57,17,88,10,-7.432081698575297,7
2194,37,24,23,15,-7.440544332640971,9
2195,65,71,111,40,-7.44315444932928,31
2196,23,10,104,6,-7.459802178175598,4
2197,111,36,16,20,-7.468239795228054,16
2198,37,27,54,18,-7.469706742796568,9
2199,80,12,79,7,-7.494960416200487,5
2200,38,24,2,13,-7.498014725943601,11
2201,87,19,43,12,-7.500187924124219,7
2202,87,13,11,8,-7.5002461414178665,5
2203,38,10,34,6,-7.513274255260262,4
2204,54,28,103,16,-7.519450232339535,12
2205,107,20,29,13,-7.525530619454991,7
2206,20,13,63,8,-7.532840639701504,5
2207,76,21,91,13,-7.538547355116531,8
2208,74,29,93,19,-7.553419597688056,10
2209,8,47,26,27,-7.578026285413298,20
2210,79,23,17,14,-7.583686995894435,9
2211,41,45,87,26,-7.5997473042409585,19
2212,28,40,6,25,-7.6079577597869825,15
2213,34,16,87,10,-7.640142491832505,6
2214,106,10,54,6,-7.643289711475541,4
2215,62,19,84,11,-7.65619075053016,8
2216,74,20,10,13,-7.659112863437717,7
2217,85,29,84,16,-7.6712088851898095,13
2218,2,49,16,30,-7.691279770578487,19
2219,59,11,23,7,-7.703199044299859,4
2220,112,21,20,13,-7.71897633781411,8
2221,85,14,111,9,-7.729378570457982,5
2222,9,37,107,20,-7.746230000984192,17
2223,74,19,17,11,-7.746897696537681,8
2224,109,15,103,10,-7.74806703390503,5
2225,48,17,50,10,-7.751737687672279,7
2226,109,13,29,8,-7.7648215544268036,5
2227,49,15,30,9,-7.795814319272768,6
2228,2,18,70,12,-7.802975472592941,6
2229,90,13,55,8,-7.804139466218974,5
2230,109,25,20,17,-7.80690748170692,8
2231,37,32,76,21,-7.820497576953574,11
2232,38,36,8,23,-7.848513446954377,13
2233,49,18,20,11,-7.854535242795636,7
2234,9,49,54,30,-7.862767512170962,19
2235,12,11,74,6,-7.881335923893619,5
2236,9,30,109,18,-7.889736540676633,12
2237,13,14,49,8,-7.890029815709072,6
2238,86,12,46,8,-7.89231466244345,4
2239,88,27,74,18,-7.895683127849934,9
2240,106,16,74,9,-7.938263033240071,7
2241,29,13,10,8,-7.953877306686606,5
2242,86,27,111,16,-7.962255850113394,11
2243,9,10,71,6,-7.971373091011489,4
2244,37,12,109,7,-7.972273664149992,5
2245,34,25,8,16,-7.975314953797204,9
2246,48,35,65,22,-7.9807562612280805,13
2247,34,16,41,9,-7.985588983079854,7
2248,46,12,29,8,-7.990068011062898,4
2249,41,15,90,9,-7.997737246515682,6
2250,74,11,13,7,-8.04867506694036,4
2251,13,12,6,7,-8.074590184679874,5
2252,10,15,30,10,-8.08039942607508,5
2253,9,72,16,47,-8.101395854046503,25
2254,9,14,19,8,-8.117304295019109,6
2255,28,31,10,21,-8.119129269340041,10
2256,9,36,55,24,-8.119772650595259,12
2257,109,12,76,9,-8.16240672051288,3
2258,76,56,8,35,-8.186735758017774,21
2259,54,36,93,25,-8.20730249779284,11
2260,94,13,28,8,-8.222371266039165,5
2261,51,19,54,11,-8.227410100820899,8
2262,16,10,26,6,-8.231874067384071,4
2263,8,17,1,10,-8.238012177466368,7
2264,17,14,111,8,-8.239799794462428,6
2265,84,68,16,41,-8.245378519925461,27
2266,8,30,17,19,-8.267140148743708,11
2267,58,12,65,6,-8.279172093518044,6
2268,41,18,76,11,-8.284971187696902,7
2269,34,14,55,10,-8.304742214344207,4
2270,59,17,9,11,-8.305936798720639,6
2271,109,33,8,20,-8.311226620633244,13
2272,103,45,41,31,-8.332714422601015,14
2273,9,36,91,22,-8.337030454552696,14
2274,91,36,74,22,-8.366405717553082,14
2275,70,10,20,7,-8.374580328727138,3
2276,65,14,1,9,-8.38534721300084,5
2277,51,12,18,7,-8.390518482745238,5
2278,89,11,90,7,-8.396796914570167,4
2279,88,40,16,27,-8.414893106044769,13
2280,10,21,73,14,-8.419335562342074,7
2281,1,21,98,14,-8.436557583367687,7
2282,6,26,74,17,-8.451739694728484,9
2283,86,27,30,20,-8.45360686296445,7
2284,56,13,8,9,-8.47665012859135,4
2285,98,30,49,18,-8.481939269224359,12
2286,68,19,20,11,-8.49950046367544,8
2287,103,24,26,14,-8.523036763842914,10
2288,9,25,32,16,-8.53109215537152,9
2289,20,15,106,8,-8.538643014027103,7
2290,76,10,11,6,-8.56044399501451,4
2291,10,18,93,12,-8.563863748489084,6
2292,2,12,58,8,-8.58540368974784,4
2293,87,35,93,22,-8.595406377397056,13
2294,66,14,84,9,-8.616861190106436,5
2295,28,44,93,27,-8.630781324845804,17
2296,48,50,84,30,-8.631355531302612,20
2297,20,49,107,29,-8.639414884699214,20
2298,32,26,65,16,-8.65722618752934,10
2299,68,15,98,11,-8.664988751550114,4
2300,75,11,48,8,-8.672815346664251,3
2301,73,17,2,10,-8.68105241339238,7
2302,46,11,16,7,-8.68716865467983,4
2303,6,27,16,16,-8.696725649896711,11
2304,65,17,34,10,-8.699576948418596,7
2305,62,16,76,8,-8.710475893988356,8
2306,20,35,55,21,-8.738108987978196,14
2307,37,24,30,16,-8.742074606758964,8
2308,28,27,104,18,-8.75248212518074,9
2309,38,15,32,10,-8.75452405688887,5
2310,84,32,93,21,-8.779261084845606,11
2311,91,26,2,15,-8.783750173530157,11
2312,20,53,41,35,-8.79255140026366,18
2313,93,24,23,14,-8.804783518097919,10
2314,76,10,29,7,-8.806443209825622,3
2315,85,11,10,6,-8.810276618143424,5
2316,9,13,11,8,-8.82980757126631,5
2317,84,11,64,6,-8.83326213103814,5
2318,11,19,98,12,-8.853737963747765,7
2319,79,26,32,17,-8.859137187931584,9
2320,94,17,98,11,-8.877059957058028,6
2321,50,11,112,7,-8.921235906620762,4
2322,91,16,55,11,-8.921765963817519,5
2323,86,20,10,13,-8.925705329647823,7
2324,110,20,107,12,-8.933567921834605,8
2325,111,18,48,12,-8.93792122942067,6
2326,46,19,111,12,-8.943973618396548,7
2327,96,14,65,8,-8.945535735868065,6
2328,18,19,74,12,-8.971261505798399,7
2329,54,14,11,9,-8.979276384337188,5
2330,86,41,37,25,-8.9832167055326,16
2331,62,19,41,12,-9.00335332858162,7
2332,44,11,84,7,-9.017421120510093,4
2333,16,12,15,8,-9.05960662342551,4
2334,109,13,106,8,-9.06266809979583,5
2335,32,12,26,7,-9.09769401619869,5
2336,112,23,6,14,-9.097888193162195,9
2337,57,11,2,6,-9.107338089684553,5
2338,65,41,2,28,-9.121243860129145,13
2339,79,24,18,14,-9.141344406761542,10
2340,43,24,8,15,-9.183295995535126,9
2341,28,26,13,18,-9.183739107543797,8
2342,54,46,111,29,-9.235401744617302,17
2343,50,12,110,8,-9.25251740175268,4
2344,84,20,17,13,-9.25697489923984,7
2345,50,14,43,9,-9.27474781724881,5
2346,86,20,38,14,-9.280969369301586,6
2347,9,34,20,23,-9.290302263411943,11
2348,23,17,50,10,-9.300090532650529,7
2349,107,13,13,9,-9.307281354536356,4
2350,106,23,79,14,-9.330142332667407,9
2351,29,22,74,13,-9.341715830488068,9
2352,75,19,79,13,-9.342561498216151,6
2353,54,32,55,22,-9.348918512893789,10
2354,8,14,59,9,-9.376826871718674,5
2355,54,26,63,16,-9.380965402014514,10
2356,30,22,55,13,-9.385734127086305,9
2357,35,17,48,11,-9.405686959524614,6
2358,48,13,34,8,-9.41505723405772,5
2359,89,25,28,15,-9.422989936012565,10
2360,10,11,57,7,-9.432674751481889,4
2361,85,12,88,8,-9.438844136397686,4
2362,87,27,30,18,-9.441306317195094,9
2363,84,17,18,11,-9.480131506018989,6
2364,19,11,103,7,-9.481054864710421,4
2365,58,11,6,7,-9.489496457414932,4
2366,76,23,15,15,-9.503739473265108,8
2367,65,21,60,13,-9.571951123571171,8
2368,85,25,16,16,-9.572199671326333,9
2369,108,10,74,6,-9.573103573564595,4
2370,89,22,23,14,-9.576875474490599,8
2371,107,18,43,12,-9.57800148756219,6
2372,65,60,98,39,-9.578885579734806,21
2373,70,18,30,12,-9.585226013483616,6
2374,35,12,8,7,-9.605315474711036,5
2375,50,17,91,12,-9.605985015453989,5
2376,8,21,13,14,-9.615323131026955,7
2377,41,27,55,16,-9.622531787318458,11
2378,18,10,46,7,-9.6369429103627,3
2379,62,26,98,16,-9.641858129313675,10
2380,38,32,29,21,-9.681299801122256,11
2381,106,13,84,7,-9.721232372178166,6
2382,103,36,111,23,-9.751404731703087,13
2383,91,18,63,11,-9.755061220541068,7
2384,103,42,8,29,-9.755203687685839,13
2385,91,17,93,11,-9.794639196057782,6
2386,74,13,70,9,-9.800022679632324,4
2387,76,37,74,24,-9.805593452580656,13
2388,76,25,54,15,-9.82196620742167,10
2389,9,28,17,18,-9.851089499965493,10
2390,65,31,26,19,-9.884073914474246,12
2391,50,14,10,9,-9.907166966632534,5
2392,86,17,11,10,-9.920784017899692,7
2393,17,13,87,8,-9.92299839057508,5
2394,75,10,103,6,-9.92764617859353,4
2395,70,11,93,7,-9.928875321549777,4
2396,18,14,55,9,-9.949790942140542,5
2397,87,50,55,33,-9.957250285763632,17
2398,32,30,111,18,-9.962416908002066,12
2399,38,24,111,15,-9.966212518632437,9
2400,23,20,90,13,-9.96715448150969,7
2401,34,17,76,11,-9.994247540573088,6
2402,30,11,88,6,-10.024835723736619,5
2403,34,14,37,9,-10.040882054419711,5
2404,10,30,84,19,-10.110326059838856,11
2405,74,29,103,20,-10.120878103689181,9
2406,65,23,110,15,-10.151511833678441,8
2407,50,18,93,11,-10.176089661409483,7
2408,38,10,60,6,-10.186949801542625,4
2409,9,74,28,46,-10.2354653730454,28
2410,6,16,26,11,-10.241752287967037,5
2411,71,10,88,7,-10.263450457417434,3
2412,87,10,39,6,-10.267299551613329,4
2413,106,12,6,7,-10.289436711507506,5
2414,89,14,8,9,-10.313019177206712,5
2415,9,23,34,14,-10.326274877348238,9
2416,107,12,46,9,-10.330565383873507,3
2417,46,11,20,8,-10.3403562689593,3
2418,37,17,55,11,-10.347580720729054,6
2419,50,24,65,16,-10.363532140430609,8
2420,76,21,70,14,-10.3832919130965,7
2421,17,10,29,7,-10.39598522715346,3
2422,65,19,70,13,-10.418442635866082,6
2423,75,10,98,7,-10.422827528026357,3
2424,76,21,46,15,-10.423738421119205,6
2425,86,17,64,11,-10.437285409841268,6
2426,54,10,14,7,-10.443430113517227,3
2427,79,37,26,23,-10.48182801922156,14
2428,8,17,110,12,-10.493443474648162,5
2429,20,18,16,11,-10.507912719710413,7
2430,48,20,90,13,-10.529740615590345,7
2431,79,34,20,23,-10.53719224502861,11
2432,32,12,6,8,-10.5718983874489,4
2433,41,39,54,26,-10.593430312504074,13
2434,5,17,87,11,-10.594673728658039,6
2435,108,12,16,8,-10.59750213184003,4
2436,101,10,65,6,-10.616476001261296,4
2437,104,15,54,10,-10.631063301403966,5
2438,39,10,48,6,-10.63665306077639,4
2439,58,13,38,9,-10.642287291889899,4
2440,109,16,107,10,-10.668493285549742,6
2441,44,35,6,22,-10.67278245600393,13
2442,41,14,37,9,-10.69447624326301,5
2443,103,50,65,34,-10.69843242130798,16
2444,85,10,91,5,-10.702453755941068,5
2445,6,29,87,19,-10.703931695338108,10
2446,79,22,13,16,-10.706303513694023,6
2447,88,16,73,11,-10.709173893318198,5
2448,66,12,107,8,-10.732234223681386,4
2449,18,14,23,10,-10.769319649937687,4
2450,23,16,17,11,-10.781653305644483,5
2451,38,13,48,9,-10.806930719021558,4
2452,41,48,98,30,-10.835326353590224,18
2453,86,18,49,10,-10.913471544367308,8
2454,20,38,26,25,-10.94603615247926,13
2455,2,11,13,8,-10.953261699605443,3
2456,43,10,30,7,-10.958461383133036,3
2457,56,10,87,7,-10.97544493784176,3
2458,6,14,38,10,-11.005398790381081,4
2459,110,12,98,8,-11.026999619900332,4
2460,103,13,13,8,-11.054952217566056,5
2461,16,20,30,14,-11.05670639382778,6
2462,28,10,35,7,-11.074308940964794,3
2463,74,17,34,11,-11.09572000448517,6
2464,104,10,74,7,-11.124138818031259,3
2465,37,19,93,13,-11.13537305772806,6
2466,88,38,98,27,-11.14860741726199,11
2467,28,10,15,7,-11.176545961741331,3
2468,11,14,106,11,-11.203083608282181,3
2469,44,18,65,11,-11.219859746185271,7
2470,29,21,30,13,-11.231145218657787,8
2471,6,29,107,19,-11.291567068221694,10
2472,2,10,39,6,-11.302944205280658,4
2473,103,22,2,16,-11.358008021341288,6
2474,41,20,17,15,-11.462467383182341,5
2475,28,17,43,12,-11.503038032270851,5
2476,70,28,16,20,-11.54427586863591,8
2477,7,10,107,7,-11.561152440630659,3
2478,109,22,38,15,-11.561969316834697,7
2479,102,16,65,10,-11.565057266886953,6
2480,13,18,16,12,-11.568229122492735,6
2481,18,16,65,11,-11.593628436717696,5
2482,103,26,30,18,-11.594512781464298,8
2483,85,10,93,7,-11.596564222959241,3
2484,88,15,32,11,-11.622595612385652,4
2485,15,17,98,11,-11.628891195956705,6
2486,55,18,10,11,-11.634204977110194,7
2487,93,13,73,9,-11.6698926319616,4
2488,1,15,93,11,-11.687642643688712,4
2489,75,13,93,8,-11.701725422413729,5
2490,20,13,18,8,-11.715025972179685,5
2491,62,13,70,8,-11.719880801732709,5
2492,26,15,23,10,-11.729655071897735,5
2493,79,10,15,7,-11.756403792330063,3
2494,98,18,104,11,-11.758094591275455,7
2495,107,14,1,9,-11.758251767033554,5
2496,46,14,26,9,-11.785571142877396,5
2497,37,11,50,7,-11.791517943036679,4
2498,103,29,93,19,-11.801085216233043,10
2499,112,14,28,9,-11.811196680681133,5
2500,9,11,58,8,-11.82226661915616,3
2501,62,15,23,11,-11.828374088275872,4
2502,37,17,85,13,-11.836833776252561,4
2503,108,10,55,7,-11.84620249489241,3
2504,109,14,43,9,-11.866460109925436,5
2505,87,44,26,29,-11.871386146117102,15
2506,1,11,9,7,-11.88637849875501,4
2507,17,13,18,8,-11.905263091036245,5
2508,65,11,14,8,-11.952914938466222,3
2509,86,33,2,23,-11.955848930517432,10
2510,65,22,49,14,-11.960634834980652,8
2511,109,19,74,12,-11.981116452380181,7
2512,70,11,29,8,-12.030336124564109,3
2513,30,15,93,10,-12.041707290163442,5
2514,68,12,50,9,-12.064088450415992,3
2515,6,18,18,12,-12.078104024118801,6
2516,112,11,79,8,-12.089617166544242,3
2517,109,15,91,10,-12.09037191037832,5
2518,103,11,58,8,-12.093407699535737,3
2519,109,27,54,18,-12.131563798369134,9
2520,18,12,91,8,-12.136074421735435,4
2521,41,20,93,15,-12.152619394683914,5
2522,109,11,10,7,-12.166039484484626,4
2523,109,14,86,9,-12.170604658385878,5
2524,41,24,32,15,-12.295470101415006,9
2525,26,12,93,8,-12.342400061412198,4
2526,97,11,9,7,-12.349501112253755,4
2527,71,13,98,9,-12.38994380161308,4
2528,23,18,20,13,-12.419097927334022,5
2529,62,22,93,15,-12.439036445917942,7
2530,50,17,30,11,-12.478426478717187,6
2531,84,14,15,10,-12.488568021465507,4
2532,48,12,104,9,-12.498145078794368,3
2533,86,10,13,7,-12.514933779078893,3
2534,66,15,8,11,-12.57730249455607,4
2535,98,25,32,17,-12.60897292614075,8
2536,8,12,3,9,-12.625631089351694,3
2537,50,19,32,12,-12.634950501359127,7
2538,9,21,46,13,-12.652533384487015,8
2539,11,18,55,13,-12.657155582068782,5
2540,103,33,20,24,-12.666531668869954,9
2541,90,11,73,8,-12.699639901607055,3
2542,62,23,55,15,-12.723053800596206,8
2543,79,23,63,16,-12.732286962297023,7
2544,111,21,73,14,-12.761253099258202,7
2545,17,14,86,10,-12.845058614378045,4
2546,9,37,93,26,-12.871076607744827,11
2547,48,17,51,13,-12.926828220690846,4
2548,43,18,55,12,-13.012921035450152,6
2549,70,15,107,10,-13.053888487638648,5
2550,9,24,30,17,-13.086601208658113,7
2551,109,17,55,12,-13.091080409868953,5
2552,106,14,55,10,-13.092234128017454,4
2553,98,42,55,30,-13.140193161103365,12
2554,41,30,107,19,-13.154593566297324,11
2555,103,11,43,7,-13.18571482888933,4
2556,17,25,28,18,-13.189393025867652,7
2557,89,10,58,7,-13.242354787086834,3
2558,109,24,26,17,-13.281044125686407,7
2559,73,12,89,8,-13.292782754035754,4
2560,62,12,30,8,-13.325811773490164,4
2561,91,10,112,7,-13.34887289439105,3
2562,86,24,63,19,-13.352587838003823,5
2563,87,21,106,16,-13.46202756924189,5
2564,73,15,13,10,-13.471561712276635,5
2565,62,27,107,18,-13.491527071908129,9
2566,48,15,20,11,-13.50576806634232,4
2567,38,23,74,15,-13.50724395592576,8
2568,9,17,63,11,-13.554826580141608,6
2569,37,20,111,13,-13.57504840749371,7
2570,5,12,37,9,-13.593067112324485,3
2571,109,10,63,8,-13.599147291137157,2
2572,43,17,26,13,-13.59933768355571,4
2573,13,17,84,11,-13.614397809771184,6
2574,88,13,106,10,-13.642903578411211,3
2575,13,10,37,7,-13.71058873552403,3
2576,71,20,8,13,-13.739907398566018,7
2577,73,16,38,10,-13.771113964229546,6
2578,8,12,77,9,-13.772928583045534,3
2579,43,14,93,10,-13.775006273083642,4
2580,51,10,34,7,-13.832212239769484,3
2581,50,11,26,8,-13.83833866908602,3
2582,2,22,55,15,-13.871872112800904,7
2583,109,12,70,9,-13.902253335630233,3
2584,54,27,30,19,-13.923397923845725,8
2585,107,35,26,27,-13.95146533006327,8
2586,9,20,57,15,-13.952239963411907,5
2587,85,14,30,10,-14.008346410378737,4
2588,76,14,57,10,-14.156354151485946,4
2589,11,11,50,8,-14.195922492395967,3
2590,109,12,50,8,-14.261856398454313,4
2591,8,10,60,7,-14.262033464961128,3
2592,70,12,90,9,-14.290264472561063,3
2593,91,11,46,8,-14.304066831342237,3
2594,50,10,104,7,-14.369017199502489,3
2595,88,12,26,8,-14.385453144142543,4
2596,48,16,93,12,-14.392053755515036,4
2597,109,23,32,16,-14.41108162475205,7
2598,38,26,55,18,-14.425488233223774,8
2599,20,26,29,18,-14.478890408494554,8
2600,106,16,16,11,-14.56182465630757,5
2601,73,11,48,8,-14.582237633015302,3
2602,20,19,62,14,-14.584809923949425,5
2603,107,18,32,14,-14.610219857623699,4
2604,13,14,88,8,-14.636848081546901,6
2605,63,15,37,10,-14.641860005862265,5
2606,59,14,65,9,-14.654063925888893,5
2607,93,11,90,7,-14.682520064465665,4
2608,62,11,49,7,-14.691411076024673,4
2609,38,25,93,17,-14.706979782976546,8
2610,48,24,74,16,-14.775548366537821,8
2611,17,11,93,8,-14.792328082005685,3
2612,88,19,90,13,-14.848820731417785,6
2613,41,13,13,9,-14.878152444409187,4
2614,37,15,57,11,-15.067776643574774,4
2615,40,14,84,9,-15.139436492633186,5
2616,18,11,90,8,-15.206260273523743,3
2617,28,26,26,19,-15.211295764909368,7
2618,6,31,2,22,-15.303923962237263,9
2619,76,16,63,13,-15.315183161564981,3
2620,57,23,8,16,-15.346450747313162,7
2621,23,24,10,16,-15.417351314064488,8
2622,88,13,70,10,-15.445871190573264,3
2623,66,11,28,7,-15.514046365780626,4
2624,54,11,39,8,-15.528226686771598,3
2625,59,10,16,6,-15.561569445873218,4
2626,73,12,29,9,-15.669782329836792,3
2627,38,15,17,11,-15.678044683298898,4
2628,79,15,46,10,-15.695062063539162,5
2629,85,10,26,7,-15.738951593013217,3
2630,76,11,93,8,-15.758858341227866,3
2631,62,31,111,23,-15.780695907166118,8
2632,66,14,6,11,-15.817538028688281,3
2633,76,21,2,15,-15.887194817597921,6
2634,91,12,90,8,-16.09870244517901,4
2635,65,25,30,19,-16.220777761486307,6
2636,37,14,17,9,-16.224073122382876,5
2637,85,14,87,11,-16.255207936397188,3
2638,75,14,55,11,-16.26512819390793,3
2639,28,18,63,14,-16.265603161169608,4
2640,103,11,59,8,-16.266656443008642,3
2641,9,12,5,9,-16.296173952922768,3
2642,103,13,62,9,-16.299156500586875,4
2643,96,10,49,7,-16.466804604951104,3
2644,69,13,26,10,-16.625965123271836,3
2645,41,10,69,7,-16.634275461416582,3
2646,109,16,73,12,-16.722107664046142,4
2647,86,18,70,13,-16.806348175717314,5
2648,109,31,41,26,-16.84086997358483,5
2649,23,15,73,11,-16.845082586610527,4
2650,15,12,38,9,-16.880495720481193,3
2651,54,13,26,8,-16.93978716229654,5
2652,70,10,46,7,-17.153485710664995,3
2653,89,10,37,8,-17.418835616565143,2
2654,55,10,39,7,-17.520622017928282,3
2655,49,19,88,15,-17.53203455274144,4
2656,28,19,57,15,-17.55982008462565,4
2657,109,32,28,24,-17.594954333899164,8
2658,110,10,41,9,-17.607251464829996,1
2659,70,16,63,12,-17.68149233309164,4
2660,52,10,28,8,-17.702606664402413,2
2661,9,11,64,8,-17.70787325437998,3
2662,73,12,107,9,-18.009767759901283,3
2663,10,15,38,12,-18.015221595889397,3
2664,87,13,58,11,-18.244104920146572,2
2665,1,19,10,15,-18.36953895818594,4
2666,7,13,79,10,-18.40480150019194,3
2667,91,15,34,11,-18.43501821510385,4
2668,75,15,88,12,-18.46157402080457,3
2669,6,15,109,11,-18.568483421277442,4
2670,38,24,26,18,-18.614524044017738,6
2671,2,13,18,10,-18.666944559681195,3
2672,109,16,111,12,-18.82454889767414,4
2673,16,17,49,13,-19.10499490357724,4
2674,29,12,110,10,-19.248543702222975,2
2675,38,14,43,10,-19.328461951187712,4
2676,10,19,20,15,-19.474906343573682,4
2677,71,13,62,12,-19.577656350343144,1
2678,50,15,62,12,-19.69258957665125,3
2679,10,13,41,11,-19.737157878272868,2
2680,103,10,34,9,-19.87880862427678,1
2681,109,31,87,24,-20.05456072585451,7
2682,98,12,51,9,-20.0679948728163,3
2683,109,12,110,10,-20.16933250309851,2
2684,10,10,17,8,-20.222695302818984,2
2685,37,11,18,9,-20.496733536799674,2
2686,71,10,28,9,-20.618030954774138,1
2687,104,10,37,8,-20.681486856575923,2
2688,110,14,74,11,-20.875047711546735,3
2689,46,22,87,17,-21.04519202673363,5
2690,85,12,20,10,-21.291819179154874,2
2691,70,25,111,19,-21.761941281988644,6
2692,44,11,17,9,-22.072912946241182,2
2693,76,13,90,9,-22.485125782733952,4
2694,85,13,55,10,-22.50219401266605,3
2695,94,10,84,9,-22.762013140609877,1
2696,10,10,26,8,-22.77202326046866,2
2697,41,13,57,11,-23.156162131875274,2
2698,12,10,6,7,-23.420786535379097,3
2699,50,10,106,9,-23.514739146454776,1
2700,97,10,65,7,-23.53209680517744,3
2701,86,15,103,13,-23.967936503754764,2
2702,10,11,63,9,-24.09658997724639,2
2703,89,11,55,9,-24.169792122479972,2
2704,112,11,74,9,-24.423385588541223,2
2705,30,11,46,9,-24.436531907478123,2
2706,49,11,26,8,-26.831812890773925,3
2707,43,10,91,10,-27.34458455824453,0
2708,65,11,64,9,-27.72714931249874,2
2709,107,10,19,9,-28.256315341969913,1
