,againstHero,games,hero,losses,shift,wins
0,88,11,37,1,27.057249327206794,10
1,30,11,54,1,25.713620235434703,10
2,48,10,35,1,25.155197930838906,9
3,76,13,35,3,24.45415726080802,10
4,100,12,54,2,23.111299810651484,10
5,34,10,51,1,22.213174768846972,9
6,93,13,96,2,21.644278578741655,11
7,50,18,55,4,21.384042844031153,14
8,30,12,107,2,21.034566601211726,10
9,104,10,2,2,20.46007896352223,8
10,107,10,66,2,20.152222817707916,8
11,20,11,25,2,19.98791829237953,9
12,2,13,54,2,19.759970484752476,11
13,28,14,112,3,19.249826897720943,11
14,50,10,70,3,18.66920839814296,7
15,11,11,25,2,18.268065492344636,9
16,63,17,91,4,18.120595699414864,13
17,16,11,98,3,18.093280468518255,8
18,88,10,57,3,18.03608858455504,7
19,90,23,28,5,17.842079516061677,18
20,11,12,98,3,17.79113396344492,9
21,107,13,35,2,17.620728555906965,11
22,16,22,74,5,17.470138560724315,17
23,34,11,87,3,17.338115350277818,8
24,73,10,54,2,17.106743436572106,8
25,41,12,86,2,16.916591977189356,10
26,16,11,46,3,16.858130505059204,8
27,90,12,63,3,16.840668609829066,9
28,91,11,20,3,16.614550431285505,8
29,11,13,70,3,16.32604658673946,10
30,106,10,23,3,16.05394351537058,7
31,37,24,54,7,16.03430293245744,17
32,8,11,98,2,15.96259366832557,9
33,88,12,109,2,15.756053179646178,10
34,48,11,9,3,15.643745764186933,8
35,93,10,11,2,15.321419061771829,8
36,73,11,37,4,15.237735204111457,7
37,2,16,70,5,15.20234077608459,11
38,73,14,90,4,15.181297397438652,10
39,87,14,70,4,15.12081768591584,10
40,91,12,96,3,15.083901067533665,9
41,80,12,50,2,14.926124931290452,10
42,63,13,109,3,14.866102829084163,10
43,46,16,96,6,14.744941109171663,10
44,8,11,65,3,14.67711948639893,8
45,74,23,28,6,14.602487166516608,17
46,80,11,35,3,14.578551377058158,8
47,63,33,84,10,14.557123158417967,23
48,14,11,63,4,14.53302527333945,7
49,95,11,107,3,14.460264509685397,8
50,34,12,28,3,14.433851353414235,9
51,90,10,48,3,14.062301149493257,7
52,8,13,114,3,14.054987210160682,10
53,71,13,8,4,13.992705985768803,9
54,46,12,84,3,13.974033982222737,9
55,88,24,46,6,13.65005256735965,18
56,5,18,84,5,13.492491984016144,13
57,55,25,11,6,13.485189958967284,19
58,69,11,28,4,13.38734226962898,7
59,84,10,76,3,13.371791794476119,7
60,16,10,91,3,13.247386679926667,7
61,114,10,109,2,13.1871519949772,8
62,48,19,54,6,13.122325082638987,13
63,80,10,14,4,13.097202558791373,6
64,17,10,107,3,13.095515887019284,7
65,97,13,8,4,13.031573471749283,9
66,16,23,107,6,12.980459438572407,17
67,114,11,20,3,12.975045668551978,8
68,63,38,54,11,12.927281881197459,27
69,86,16,73,6,12.90546934044994,10
70,54,11,104,3,12.891406783844756,8
71,16,34,87,11,12.76704720332023,23
72,98,10,87,3,12.766560909926934,7
73,98,23,96,8,12.672735601907378,15
74,50,12,102,5,12.613397644799399,7
75,86,10,39,4,12.521968554365156,6
76,73,17,107,6,12.476279417058619,11
77,11,38,96,12,12.43376452627604,26
78,51,11,74,3,12.350755204498364,8
79,85,11,96,3,12.207174001404555,8
80,30,10,87,3,11.954020606538128,7
81,88,12,104,4,11.911529882206118,8
82,76,10,55,2,11.845869320079572,8
83,86,17,109,4,11.844463141455284,13
84,95,10,88,3,11.838381077895013,7
85,109,11,5,4,11.832394491701882,7
86,37,17,25,6,11.733244595076602,11
87,80,15,107,3,11.678062977381895,12
88,2,13,97,4,11.663957871857763,9
89,91,10,98,3,11.6111736728835,7
90,28,18,114,7,11.571094203781072,11
91,16,28,106,8,11.388421643555448,20
92,11,18,37,5,11.382728976908798,13
93,11,19,84,6,11.373729994467022,13
94,69,12,86,4,11.221927430915741,8
95,50,11,109,3,11.21767101593788,8
96,50,12,114,4,11.20297857698265,8
97,17,13,37,5,11.05079407640676,8
98,106,16,104,5,10.9858576113729,11
99,30,13,16,4,10.882729052195028,9
100,74,15,70,6,10.825825286716226,9
101,90,18,106,6,10.722647291777667,12
102,97,11,25,4,10.706492708864033,7
103,50,11,98,3,10.6914012264267,8
104,50,23,20,9,10.679903465549346,14
105,90,20,5,6,10.678407751484231,14
106,75,14,8,4,10.634775722140729,10
107,48,22,96,7,10.412031756955415,15
108,90,16,50,5,10.406651686467335,11
109,114,17,5,6,10.369502294340972,11
110,46,11,75,3,10.358241612595512,8
111,16,37,96,11,10.284315397893865,26
112,87,14,93,5,10.257204602761986,9
113,102,19,86,5,10.227725431566299,14
114,90,15,37,5,10.174182725049684,10
115,55,12,70,4,10.141434019068976,8
116,109,11,102,4,10.030166218885235,7
117,106,14,75,7,10.013304733371458,7
118,90,11,74,3,10.005531313326735,8
119,28,19,25,6,10.004409761163549,13
120,98,16,63,6,9.997373775280366,10
121,86,20,76,7,9.940010233613187,13
122,2,13,106,5,9.919015199493716,8
123,51,17,96,6,9.90017056684033,11
124,86,23,79,8,9.865377107457421,15
125,20,22,84,6,9.790302500691975,16
126,106,17,70,7,9.772908373637206,10
127,16,18,55,6,9.733018432439057,12
128,50,27,107,10,9.722993971104628,17
129,98,14,106,5,9.701360201061402,9
130,73,13,5,5,9.6154675420233,8
131,28,10,18,4,9.538088324550174,6
132,79,12,87,3,9.532024747647966,9
133,95,13,8,5,9.502751434643129,8
134,20,14,51,6,9.477293220680314,8
135,87,13,2,5,9.430732046556473,8
136,63,18,2,7,9.424323722958958,11
137,2,25,107,8,9.34845410579801,17
138,63,25,20,10,9.320091766955512,15
139,90,13,80,4,9.306752684001106,9
140,108,14,63,5,9.298531248541144,9
141,97,13,5,4,9.29611525828206,9
142,2,11,65,3,9.274625860779652,8
143,76,14,50,4,9.228465475536328,10
144,2,10,16,3,9.214178381730257,7
145,30,15,8,5,9.185211827951935,10
146,97,15,107,6,9.103059896742112,9
147,88,12,70,4,9.07996284568391,8
148,63,38,28,13,9.045203898145056,25
149,50,21,5,9,8.97348826108785,12
150,102,10,5,4,8.925191423638346,6
151,5,10,95,3,8.888673428502385,7
152,11,18,20,5,8.872799316531829,13
153,71,12,107,4,8.85340822050049,8
154,91,18,107,6,8.785801812136054,12
155,93,18,8,7,8.720732820789841,11
156,102,10,87,3,8.61362310955975,7
157,8,40,87,14,8.572049681412182,26
158,90,10,114,4,8.560822077428913,6
159,16,17,5,6,8.545043507377798,11
160,86,17,114,7,8.541327271410411,10
161,50,25,96,9,8.534707794331519,16
162,50,17,88,7,8.503859481033004,10
163,74,33,96,12,8.474831991428163,21
164,57,10,107,4,8.46673756025304,6
165,86,26,70,11,8.431070575550432,15
166,109,14,8,6,8.406730376295354,8
167,97,15,37,6,8.227995174488177,9
168,86,12,108,5,8.204205290543774,7
169,80,14,65,5,8.117894882236026,9
170,63,20,88,8,8.087843670572429,12
171,76,16,107,6,8.078268794170354,10
172,88,26,107,9,8.073286316322777,17
173,86,26,51,11,8.062447213774556,15
174,51,15,84,5,8.0537264978673,10
175,16,14,48,6,8.053586068768567,8
176,63,17,76,5,8.029454753014045,12
177,28,19,102,8,8.029114224243866,11
178,73,20,74,7,8.01522036427702,13
179,28,18,91,7,8.01457036803685,11
180,20,21,74,7,7.999229580686775,14
181,102,19,96,7,7.9956311609664965,12
182,93,13,28,4,7.977780890104037,9
183,86,18,104,8,7.975989606379795,10
184,8,20,25,7,7.955817207245067,13
185,96,12,34,4,7.949755484984076,8
186,80,24,106,9,7.948937081453317,15
187,114,14,96,5,7.889762565328155,9
188,5,15,70,6,7.800041984653827,9
189,48,20,79,8,7.777732866617034,12
190,46,23,28,7,7.7505833090146155,16
191,79,10,106,4,7.723339908977314,6
192,76,14,70,5,7.7067801731883225,9
193,48,18,87,7,7.681552221415861,11
194,55,10,108,4,7.660382487173957,6
195,96,22,80,8,7.6325568595370585,14
196,88,22,28,8,7.627108902511438,14
197,63,12,46,4,7.600674717701955,8
198,85,10,107,4,7.595499375056901,6
199,28,26,109,9,7.544328734380936,17
200,28,19,70,8,7.544208909658004,11
201,16,17,84,7,7.47114031170461,10
202,7,10,96,3,7.4569702058661615,7
203,16,14,104,6,7.42012344468112,8
204,63,11,25,4,7.385187766970543,7
205,102,16,8,6,7.376211425683788,10
206,102,15,25,5,7.370724163994214,10
207,48,22,107,9,7.330278865374194,13
208,37,19,63,7,7.323556718476416,12
209,28,19,75,8,7.2257676072063814,11
210,63,28,48,10,7.208356975606329,18
211,93,12,84,4,7.171686286545099,8
212,63,12,79,4,7.1114844508040305,8
213,11,13,109,5,7.078888073047802,8
214,86,21,80,9,7.071945289109106,12
215,50,11,48,4,7.05821121395096,7
216,87,30,37,12,6.998523319274806,18
217,93,12,86,4,6.922029970425321,8
218,30,10,28,4,6.887888917999973,6
219,65,12,37,5,6.8663176912939194,7
220,80,22,63,8,6.843518885460648,14
221,20,22,106,8,6.829724934902,14
222,11,11,80,4,6.802148460786961,7
223,48,10,108,3,6.749808304712147,7
224,54,37,70,16,6.740686016828507,21
225,96,22,70,11,6.734945499709392,11
226,54,12,51,5,6.707099858050083,7
227,104,24,28,8,6.698590834800697,16
228,46,10,2,4,6.670222065576344,6
229,102,11,114,3,6.658731824235186,8
230,5,16,11,7,6.631509753576113,9
231,54,11,76,4,6.60321190549357,7
232,8,12,91,5,6.5621470286835715,7
233,37,35,86,14,6.511717567803917,21
234,74,21,46,8,6.505986127853414,13
235,14,17,28,6,6.462988674713604,11
236,50,10,18,5,6.440154509710169,5
237,34,11,106,4,6.348877012003049,7
238,86,76,96,30,6.329796370249291,46
239,86,12,14,5,6.306786470454386,7
240,37,23,106,10,6.288276905479724,13
241,93,14,5,5,6.28136680821021,9
242,86,23,48,9,6.215181955253339,14
243,20,34,37,15,6.136211544699578,19
244,37,17,84,7,6.135362755463087,10
245,96,13,104,5,6.12530872201756,8
246,86,17,82,6,6.124344607685837,11
247,55,10,79,4,6.105260957218084,6
248,63,15,39,6,6.098512313477008,9
249,76,13,5,5,6.061052091280194,8
250,20,11,90,4,6.045047873910812,7
251,86,24,75,11,6.040483815268099,13
252,25,23,114,11,6.0384808708065965,12
253,109,15,84,6,6.015767126917386,9
254,87,12,46,5,5.996729580761838,7
255,16,28,54,13,5.982292107634971,15
256,88,10,75,4,5.899399725245313,6
257,33,10,11,5,5.887923901561769,5
258,108,11,50,4,5.8529749166500435,7
259,54,23,88,10,5.848729251985922,13
260,30,12,96,5,5.827709187189812,7
261,39,14,11,4,5.821131817679595,10
262,96,21,25,9,5.815913112162357,12
263,16,12,108,5,5.770631208900039,7
264,84,14,39,6,5.735188058057851,8
265,84,12,9,5,5.723245457590759,7
266,63,20,55,8,5.717328262845937,12
267,5,10,2,4,5.655750547481818,6
268,95,17,86,6,5.641395768359863,11
269,38,11,84,5,5.627456024192355,6
270,65,16,106,6,5.613829651583314,10
271,9,12,50,4,5.578106204160814,8
272,84,20,54,8,5.5585130111250916,12
273,93,10,65,4,5.555381975183237,6
274,73,21,8,9,5.53991081191783,12
275,114,31,107,13,5.515324374035244,18
276,107,16,108,6,5.5146494473296634,10
277,2,11,88,4,5.477658376983315,7
278,46,20,107,7,5.461199830974728,13
279,63,34,96,13,5.39321635342965,21
280,98,13,37,6,5.380850510791065,7
281,88,14,11,6,5.366648482123659,8
282,28,11,89,4,5.364420032064422,7
283,8,16,51,8,5.31555566891209,8
284,33,11,20,5,5.296216349156301,6
285,16,16,51,8,5.285051160663565,8
286,8,11,100,4,5.278831269681898,7
287,34,12,74,4,5.2395412452934975,8
288,54,19,90,8,5.235966169796198,11
289,5,18,20,8,5.197261457855931,10
290,87,11,95,4,5.184870110841576,7
291,74,26,84,12,5.163735608111026,14
292,50,30,86,14,5.118847118423948,16
293,96,12,73,6,5.035390942293943,6
294,50,43,54,19,5.024203035146804,24
295,38,15,86,7,5.020597384796872,8
296,63,15,75,7,5.0013663141315385,8
297,96,21,88,10,4.971318653185928,11
298,8,41,63,18,4.964657756884515,23
299,86,13,35,6,4.963361102394037,7
300,74,13,108,6,4.9091054802012675,7
301,50,52,28,23,4.842006177720463,29
302,28,22,2,9,4.837290355461167,13
303,85,13,86,6,4.833314993475176,7
304,51,14,107,5,4.812684625944082,9
305,107,19,25,8,4.802339370319195,11
306,93,15,54,6,4.753030210073771,9
307,20,12,70,5,4.7525723743767765,7
308,14,15,84,6,4.752366615638507,9
309,16,13,79,6,4.716412220610577,7
310,55,11,9,5,4.690967100580704,6
311,28,11,17,5,4.633008899903921,6
312,28,24,65,11,4.610707424918393,13
313,14,20,8,8,4.574516362462752,12
314,98,24,86,11,4.56301016412544,13
315,55,10,104,5,4.559676497393724,5
316,86,22,46,9,4.523509548369423,13
317,79,12,8,4,4.5233682313953745,8
318,28,42,84,18,4.506490158254307,24
319,87,10,91,4,4.489603676814871,6
320,76,10,98,5,4.379545503881031,5
321,106,25,107,10,4.361615918052929,15
322,87,24,74,10,4.3427999466192215,14
323,8,50,74,20,4.326948276761618,30
324,25,10,46,4,4.282271929171335,6
325,87,27,20,13,4.272216484330465,14
326,63,17,70,8,4.20425277286591,9
327,84,22,70,9,4.182188769343139,13
328,84,31,106,15,4.157296923791599,16
329,28,13,98,5,4.146799456584137,8
330,51,11,63,5,4.136590143565562,6
331,74,13,50,5,4.131400013417275,8
332,37,12,46,5,4.115895508831177,7
333,84,16,90,7,4.100528600599519,9
334,54,16,95,7,4.0788113560066686,9
335,5,22,54,8,4.058205887373023,14
336,20,30,96,13,4.049587501562743,17
337,11,13,79,7,4.047561716338114,6
338,28,14,95,6,4.040550234811001,8
339,98,16,54,7,4.023186528647164,9
340,93,15,107,6,3.980650403089777,9
341,37,19,104,8,3.9600514470922974,11
342,86,39,55,17,3.9547678901800314,22
343,76,18,28,7,3.937083310529341,11
344,88,10,90,4,3.934351625812753,6
345,37,21,96,10,3.919945326141697,11
346,5,24,87,11,3.882697383473866,13
347,74,14,75,7,3.882185213083385,7
348,80,13,55,7,3.844743684805329,6
349,11,21,54,10,3.7939536762394646,11
350,65,24,107,10,3.792460626924312,14
351,86,57,107,27,3.7647946280812086,30
352,114,10,73,5,3.7201211944929797,5
353,28,25,97,10,3.677513402546221,15
354,55,15,5,7,3.6694993091099155,8
355,8,25,84,10,3.6608734975068677,15
356,87,16,65,7,3.6538862860446715,9
357,97,26,96,12,3.5743811494977495,14
358,86,60,84,29,3.5529905844827048,31
359,104,17,74,7,3.538241866243782,10
360,84,19,48,8,3.5357038968611265,11
361,114,10,65,5,3.507220051485649,5
362,91,15,84,7,3.506943767095505,8
363,28,45,54,19,3.5006765572633607,26
364,74,15,93,7,3.490032682611992,8
365,23,10,107,4,3.4694839628849055,6
366,74,35,5,17,3.4631826103528005,18
367,74,16,25,6,3.449101233224534,10
368,86,57,54,27,3.4390228326623684,30
369,63,36,106,16,3.4206348963764044,20
370,9,14,8,5,3.40854125083978,9
371,55,20,28,7,3.3574009350442156,13
372,20,10,9,4,3.353443346624384,6
373,54,30,106,14,3.348177634825245,16
374,63,61,86,25,3.3220512619028564,36
375,51,22,28,9,3.3101205733455643,13
376,62,11,86,5,3.301029259605096,6
377,65,20,96,9,3.2670140800116543,11
378,17,12,54,6,3.244378643466575,6
379,37,12,55,6,3.238139723142457,6
380,63,15,104,7,3.1901857927857544,8
381,86,33,90,14,3.1823998863350984,19
382,88,10,97,4,3.158817314054268,6
383,8,24,104,12,3.1496911934409026,12
384,8,20,48,8,3.119996469210726,12
385,97,16,106,8,3.111030579986816,8
386,55,22,84,10,3.089338762612198,12
387,2,17,37,8,3.08113164671896,9
388,50,32,11,14,3.057719385204221,18
389,86,21,97,10,3.045973490025126,11
390,11,41,86,19,3.042531543148512,22
391,38,13,96,6,3.0422152322461717,7
392,90,10,65,5,3.027765344735429,5
393,5,17,25,7,3.0012144892866135,10
394,76,23,106,8,2.967465453859236,15
395,109,11,96,5,2.9659646975089258,6
396,95,11,96,5,2.965418433613227,6
397,33,13,28,7,2.9473995278098504,6
398,76,19,8,9,2.941917329794885,10
399,20,12,73,5,2.9374134598402435,7
400,86,11,9,6,2.904091823827273,5
401,84,51,107,24,2.8817889814714346,27
402,96,49,54,24,2.833383930072962,25
403,65,13,88,6,2.8256435057944165,7
404,87,10,80,4,2.824759591911268,6
405,96,31,55,14,2.8188234933181313,17
406,55,20,54,9,2.8062710008984633,11
407,79,15,50,6,2.7998338113931376,9
408,107,38,37,17,2.7932402800230696,21
409,5,26,107,12,2.7744843987311216,14
410,86,20,30,9,2.7676142003206357,11
411,74,32,106,15,2.7612048035475674,17
412,8,29,5,14,2.7350765480594648,15
413,107,40,20,19,2.7059472937253624,21
414,87,12,104,6,2.7052943494990296,6
415,23,12,86,5,2.6913953048637516,7
416,97,11,76,6,2.6606949198631935,5
417,2,25,50,12,2.654728105131012,13
418,104,20,107,10,2.64096932797948,10
419,86,28,25,14,2.604050978134496,14
420,76,11,20,5,2.5901415978136977,6
421,76,17,37,7,2.571764436347988,10
422,8,36,16,16,2.568974389330901,20
423,28,48,106,21,2.5642902894537087,27
424,20,18,35,8,2.5627214829564173,10
425,65,24,20,10,2.556824132597502,14
426,96,12,108,6,2.55336363887327,6
427,39,11,50,4,2.5147259903046506,7
428,74,16,80,8,2.4851777101640504,8
429,106,33,96,15,2.4846554394342033,18
430,39,10,54,5,2.4307020889287747,5
431,65,29,86,13,2.3928055133807304,16
432,54,23,87,12,2.3775325060342167,11
433,8,48,54,24,2.3460039178669154,24
434,8,49,96,22,2.333601925976549,27
435,50,18,16,9,2.3033473059646408,9
436,11,13,35,6,2.2776751536044095,7
437,74,14,97,7,2.2722785511479233,7
438,90,14,16,6,2.2077170317920083,8
439,90,17,87,9,2.20415551274212,8
440,65,18,63,8,2.1987806037470947,10
441,97,15,55,7,2.195224664138417,8
442,96,11,14,5,2.19268862994012,6
443,107,13,38,6,2.179372128477191,7
444,84,13,65,6,2.1773880887408454,7
445,74,14,95,7,2.16071699970709,7
446,63,23,50,9,2.1533733983615027,14
447,50,11,65,6,2.121724673878297,5
448,60,15,90,7,2.117910855592109,8
449,96,19,90,8,2.0975196885604808,11
450,35,12,37,6,2.089032815390569,6
451,75,17,37,6,2.069303836340336,11
452,28,64,96,30,2.0558086605309875,34
453,63,11,38,5,2.0377552699599373,6
454,54,39,107,18,2.0358108882998858,21
455,84,10,35,5,1.9965083140622215,5
456,63,36,107,16,1.9964318492105986,20
457,55,12,90,7,1.9940592194265985,5
458,11,27,63,14,1.9872168297368233,13
459,87,26,84,12,1.980727810420746,14
460,11,20,74,9,1.9548228575807027,11
461,86,55,20,26,1.9408756867597663,29
462,87,16,55,7,1.9404799216015798,9
463,63,22,74,10,1.937202025291982,12
464,87,41,107,19,1.9301722661331329,22
465,46,32,54,14,1.923818091292869,18
466,86,13,91,6,1.9050846765976825,7
467,62,10,28,5,1.893815032183228,5
468,90,21,107,9,1.8886419684731568,12
469,8,34,70,16,1.8843474596478074,18
470,51,17,87,8,1.8833490464670963,9
471,107,12,34,6,1.8698580351185214,6
472,17,10,65,6,1.8006374195790151,4
473,75,12,71,5,1.7934644695786615,7
474,86,73,28,34,1.7655146936915704,39
475,5,27,37,11,1.756275091810556,16
476,75,16,96,6,1.7523391118454663,10
477,16,13,75,6,1.7465772324516469,7
478,88,24,86,9,1.7246485121594402,15
479,8,12,80,5,1.7222815544039995,7
480,85,13,54,6,1.7196059703411017,7
481,37,16,16,7,1.6944166098900912,9
482,8,42,106,21,1.6938761092836299,21
483,74,50,86,24,1.692913603383576,26
484,48,12,55,5,1.6914768408443575,7
485,106,22,55,11,1.6908427299306483,11
486,28,29,37,14,1.687523313662891,15
487,11,34,8,17,1.683632820533261,17
488,11,18,48,8,1.6285219730934672,10
489,86,55,5,26,1.5983884944683284,29
490,84,18,80,8,1.570942028221592,10
491,9,12,63,5,1.5537368197949128,7
492,8,31,90,14,1.5056548864922348,17
493,20,20,16,9,1.4827356605490611,11
494,16,44,28,22,1.477883439041638,22
495,74,10,55,5,1.4286826201538882,5
496,102,16,54,7,1.4089469030692696,9
497,106,26,88,11,1.4005785849803014,15
498,20,38,28,17,1.377543749179071,21
499,109,11,73,6,1.3735030211742993,5
500,80,23,28,11,1.3633599598332944,12
501,79,17,28,8,1.3443965025775713,9
502,91,10,5,5,1.3307864414729824,5
503,8,13,10,7,1.3056064594877734,6
504,106,16,48,8,1.2966873109190276,8
505,63,21,97,10,1.2893166339590412,11
506,87,32,63,16,1.2889484863013154,16
507,37,10,91,5,1.2777978287272773,5
508,75,11,84,5,1.2484479349865476,6
509,109,11,87,6,1.2284964497151856,5
510,2,19,86,8,1.2277524355686495,11
511,84,24,50,12,1.2273354450449643,12
512,54,18,80,8,1.2235928560664608,10
513,75,14,50,6,1.2201434901598596,8
514,50,10,34,5,1.2099513767481038,5
515,82,11,28,6,1.1949949841809344,5
516,88,20,16,9,1.1914510987995774,11
517,86,35,16,18,1.1895001610717795,17
518,2,11,84,5,1.1889938819078087,6
519,50,21,87,10,1.1882539867508364,11
520,109,18,54,10,1.1848897439191548,8
521,87,24,28,11,1.16907639186366,13
522,37,19,70,9,1.1674993437115007,10
523,109,13,20,8,1.166118955660283,5
524,96,50,107,23,1.163938588430391,27
525,54,18,65,9,1.1604082904646678,9
526,63,29,5,12,1.1475259512702378,17
527,55,36,8,17,1.1379965404184393,19
528,86,60,87,31,1.1327161641325862,29
529,8,53,28,24,1.1273193466024871,29
530,38,12,37,6,1.1178231471077413,6
531,54,44,20,20,1.1059894419034548,24
532,104,21,5,10,1.0911404193462417,11
533,97,12,70,5,1.0662872633837654,7
534,5,20,88,10,1.027044615892851,10
535,70,20,107,10,1.0170699004269221,10
536,28,39,5,20,1.0101403413858994,19
537,74,18,37,9,0.997525784942305,9
538,28,11,39,6,0.9894043657226432,5
539,100,14,28,7,0.9692991305888411,7
540,88,18,87,8,0.9656158404233091,10
541,54,23,74,12,0.9317443594507194,11
542,20,14,2,6,0.9201059198292383,8
543,107,14,102,7,0.9168684547097737,7
544,70,17,65,8,0.9099362463379622,9
545,46,13,5,6,0.9003431843350302,7
546,74,17,2,9,0.8667525886050844,8
547,8,14,39,8,0.8627591056111381,6
548,106,11,14,6,0.8292000189715029,5
549,88,22,84,11,0.8257033908889526,11
550,54,14,97,7,0.8042932950440935,7
551,11,42,28,21,0.80002515389246,21
552,86,11,17,6,0.7998063152817568,5
553,71,11,28,6,0.7906121882474628,5
554,11,20,46,10,0.7800389206995956,10
555,106,18,5,8,0.7754718845542204,10
556,65,16,55,7,0.7579567813833229,9
557,28,27,48,13,0.7484805696104432,14
558,88,19,55,9,0.7153400360098916,10
559,107,22,55,11,0.6732864832670306,11
560,5,41,96,20,0.6566491427391816,21
561,106,11,73,5,0.6544320839177008,6
562,8,49,86,23,0.6411662263135911,26
563,8,33,20,16,0.6347510371412081,17
564,8,11,57,5,0.6227776264397911,6
565,28,14,73,7,0.6101482668377957,7
566,46,15,8,7,0.6093189790374431,8
567,74,10,91,5,0.5863595626570582,5
568,74,10,76,6,0.5805497326470934,4
569,2,17,96,8,0.5793042045284421,9
570,50,28,37,14,0.5688425617216251,14
571,51,13,55,7,0.5521554244421191,6
572,84,36,96,19,0.5431287052497142,17
573,11,29,107,15,0.5422665167043693,14
574,114,14,54,6,0.5309174861089083,8
575,16,27,11,14,0.5076788856733216,13
576,8,29,88,15,0.44521651597636724,14
577,98,16,107,8,0.44402585560089136,8
578,65,20,16,9,0.4261404500025613,11
579,63,27,16,13,0.42109162793691096,14
580,84,14,79,8,0.41419542722796737,6
581,37,16,51,9,0.4038062444177477,7
582,76,16,87,8,0.39595996235299813,8
583,87,32,106,16,0.38845028179034213,16
584,74,19,65,9,0.38764465464574593,10
585,28,52,107,27,0.3368468078409395,25
586,106,26,50,12,0.3301801033655424,14
587,55,13,75,8,0.2901701128736263,5
588,9,17,28,7,0.28857106564612295,10
589,100,12,86,7,0.28409428109562196,5
590,106,55,86,27,0.2812629571540818,28
591,8,59,107,30,0.24987353680448204,29
592,8,28,2,14,0.24768095122823727,14
593,76,26,96,12,0.24225869633728628,14
594,80,22,20,11,0.23432520359835018,11
595,11,30,87,16,0.21064944652429082,14
596,107,19,75,11,0.2058755385802943,8
597,96,41,87,21,0.18114836506824772,20
598,48,13,20,7,0.17288062748629193,6
599,8,37,37,18,0.15511402803326843,19
600,37,15,114,7,0.15480721077702267,8
601,11,33,106,17,0.15174923934260073,16
602,88,10,76,4,0.14500962782709123,6
603,76,15,11,7,0.1376774645288651,8
604,104,10,76,4,0.12448591478698141,6
605,8,20,50,8,0.10942463925612352,12
606,80,14,37,7,0.08688615194951728,7
607,11,11,51,6,0.07978822497443648,5
608,109,13,48,7,0.0675018600088535,6
609,35,12,28,6,0.0265085475018972,6
610,102,10,74,5,0.020505233857202043,5
611,28,12,35,6,-0.02650854750189661,6
612,48,13,109,6,-0.0675018600088535,7
613,51,11,11,5,-0.07978822497443616,6
614,37,14,80,7,-0.08688615194951765,7
615,50,20,8,12,-0.10942463925612404,8
616,76,10,104,6,-0.12448591478698105,4
617,76,10,88,6,-0.14500962782709123,4
618,106,33,11,16,-0.15174923934259965,17
619,114,15,37,8,-0.1548072107770236,7
620,37,37,8,19,-0.1551140280332713,18
621,20,13,48,6,-0.17288062748629165,7
622,87,41,96,20,-0.1811483650682465,21
623,75,19,107,8,-0.20587553858029328,11
624,87,30,11,14,-0.21064944652429057,16
625,20,22,80,11,-0.23432520359835107,11
626,96,26,76,14,-0.24225869633728683,12
627,2,28,8,14,-0.24768095122823564,14
628,107,59,8,29,-0.24987353680448193,30
629,86,12,100,5,-0.28409428109562046,7
630,28,17,9,10,-0.2885710656461217,7
631,75,13,55,5,-0.2901701128736252,8
632,50,26,106,14,-0.3301801033655417,12
633,107,52,28,25,-0.33684680784094073,27
634,65,19,74,10,-0.3876446546457469,9
635,106,32,87,16,-0.3884502817903429,16
636,51,16,37,7,-0.40380624441774726,9
637,79,14,84,6,-0.414195427227968,8
638,16,27,63,14,-0.4210916279369104,13
639,16,20,65,11,-0.4261404500025613,9
640,107,16,98,8,-0.4440258556008927,8
641,88,29,8,14,-0.4452165159763658,15
642,74,37,107,19,-0.4735597731804815,18
643,54,14,114,8,-0.5309174861089081,6
644,96,36,84,17,-0.5431287052497149,19
645,55,13,51,6,-0.5521554244421188,7
646,37,28,50,14,-0.5688425617216252,14
647,96,17,2,9,-0.5793042045284422,8
648,76,10,74,4,-0.5805497326470934,6
649,91,10,74,5,-0.5863595626570579,5
650,8,15,46,8,-0.6093189790374438,7
651,73,14,28,7,-0.6101482668377952,7
652,57,11,8,6,-0.6227776264397917,5
653,20,33,8,17,-0.6347510371412074,16
654,86,49,8,26,-0.6411662263135914,23
655,73,11,106,6,-0.6544320839177015,5
656,96,41,5,21,-0.6566491427391822,20
657,55,22,107,11,-0.6732864832670304,11
658,55,19,88,10,-0.7153400360098918,9
659,48,27,28,14,-0.7484805696104441,13
660,55,16,65,9,-0.7579567813833243,7
661,5,18,106,10,-0.7754718845542194,8
662,46,20,11,10,-0.7800389206995959,10
663,28,11,71,5,-0.7906121882474615,6
664,17,11,86,5,-0.7998063152817575,6
665,28,42,11,21,-0.80002515389246,21
666,97,14,54,7,-0.8042932950440923,7
667,84,22,88,11,-0.825703390888953,11
668,14,11,106,5,-0.8292000189715015,6
669,39,14,8,6,-0.8627591056111378,8
670,2,17,74,8,-0.8667525886050853,9
671,88,21,20,12,-0.8894129451501082,9
672,5,13,46,7,-0.9003431843350307,6
673,65,17,70,9,-0.9099362463379616,8
674,2,14,20,8,-0.9201059198292378,6
675,74,23,54,11,-0.931744359450719,12
676,87,18,88,10,-0.9656158404233091,8
677,28,14,100,7,-0.9692991305888405,7
678,39,11,28,5,-0.9894043657226448,6
679,37,18,74,9,-0.9975257849423053,9
680,5,39,28,19,-1.0101403413859,20
681,107,20,70,10,-1.017069900426923,10
682,88,20,5,10,-1.027044615892851,10
683,70,12,97,7,-1.0662872633837661,5
684,5,21,104,11,-1.0911404193462404,10
685,20,44,54,24,-1.1059894419034564,20
686,37,12,38,6,-1.11782314710774,6
687,28,53,8,29,-1.127319346602486,24
688,8,36,55,19,-1.1379965404184398,17
689,5,29,63,17,-1.1475259512702407,12
690,65,18,54,9,-1.1604082904646675,9
691,107,50,96,27,-1.1639385884303914,23
692,20,13,109,5,-1.1661189556602822,8
693,70,19,37,10,-1.1674993437115004,9
694,28,24,87,13,-1.16907639186366,11
695,54,18,109,8,-1.1848897439191548,10
696,87,21,50,11,-1.1882539867508366,10
697,84,11,2,6,-1.1889938819078048,5
698,16,35,86,17,-1.1895001610717801,18
699,16,20,88,11,-1.1914510987995772,9
700,28,11,82,5,-1.1949949841809342,6
701,34,10,50,5,-1.2099513767481056,5
702,50,14,75,8,-1.2201434901598602,6
703,80,18,54,10,-1.2235928560664604,8
704,50,24,84,12,-1.227335445044964,12
705,86,19,2,11,-1.2277524355686478,8
706,87,11,109,5,-1.2284964497151856,6
707,84,11,75,6,-1.2484479349865476,5
708,91,10,37,5,-1.2777978287272767,5
709,63,32,87,16,-1.2889484863013152,16
710,97,21,63,11,-1.2893166339590398,10
711,10,13,8,6,-1.3056064594877719,7
712,5,10,91,5,-1.3307864414729813,5
713,28,17,79,9,-1.3443965025775715,8
714,28,23,80,12,-1.3633599598332946,11
715,73,11,109,5,-1.3735030211742982,6
716,28,38,20,21,-1.3775437491790712,17
717,88,26,106,15,-1.4005785849803014,11
718,54,16,102,9,-1.40894690306927,7
719,55,10,74,5,-1.4286826201538898,5
720,86,55,106,29,-1.4547624828248815,26
721,28,44,16,22,-1.477883439041638,22
722,16,20,20,11,-1.482735660549062,9
723,90,31,8,17,-1.5056548864922334,14
724,63,12,9,7,-1.5537368197949135,5
725,80,18,84,10,-1.5709420282215925,8
726,5,55,86,29,-1.5983884944683278,26
727,8,34,11,17,-1.6836328205332602,17
728,37,29,28,15,-1.6875233136628907,14
729,55,22,106,11,-1.690842729930649,11
730,55,12,48,7,-1.6914768408443577,5
731,86,50,74,26,-1.692913603383574,24
732,106,42,8,21,-1.6938761092836312,21
733,16,16,37,9,-1.6944166098900917,7
734,54,13,85,7,-1.719605970341104,6
735,80,12,8,7,-1.7222815544039987,5
736,86,24,88,15,-1.7246485121594421,9
737,75,13,16,7,-1.7465772324516466,6
738,96,16,75,10,-1.7523391118454665,6
739,107,37,74,19,-1.7526324982389394,18
740,37,27,5,16,-1.7562750918105565,11
741,28,73,86,39,-1.7655146936915704,34
742,71,12,75,7,-1.7934644695786608,5
743,65,10,17,4,-1.8006374195790151,6
744,34,12,107,6,-1.869858035118521,6
745,87,17,51,9,-1.8833490464670963,8
746,70,34,8,18,-1.8843474596478085,16
747,28,10,62,5,-1.893815032183228,5
748,91,13,86,7,-1.905084676597684,6
749,54,32,46,18,-1.92381809129287,14
750,74,22,63,12,-1.9372020252919817,10
751,55,16,87,9,-1.9404799216015791,7
752,20,55,86,29,-1.9408756867597659,26
753,74,20,11,11,-1.954822857580702,9
754,84,26,87,14,-1.9807278104207477,12
755,63,27,11,13,-1.987216829736823,14
756,90,12,55,5,-1.9940592194265978,7
757,107,36,63,20,-1.9964318492105986,16
758,35,10,84,5,-1.996508314062219,5
759,107,39,54,21,-2.035810888299886,18
760,38,11,63,6,-2.0377552699599373,5
761,96,64,28,34,-2.055808660530986,30
762,37,17,75,11,-2.069303836340335,6
763,37,12,35,6,-2.0890328153905666,6
764,90,19,96,11,-2.0975196885604803,8
765,90,15,60,8,-2.117910855592109,7
766,65,11,50,5,-2.1217246738782976,6
767,50,23,63,14,-2.1533733983615027,9
768,95,14,74,7,-2.160716999707089,7
769,65,13,84,7,-2.1773880887408454,6
770,38,13,107,7,-2.1793721284771914,6
771,14,11,96,6,-2.19268862994012,5
772,55,15,97,8,-2.1952246641384163,7
773,63,18,65,10,-2.198780603747095,8
774,87,17,90,8,-2.20415551274212,9
775,16,14,90,8,-2.2077170317920074,6
776,87,60,86,30,-2.208424062664152,30
777,97,14,74,7,-2.2722785511479224,7
778,35,13,11,7,-2.277675153604409,6
779,16,18,50,9,-2.303347305964641,9
780,96,49,8,27,-2.3336019259765495,22
781,54,48,8,24,-2.346003917866915,24
782,87,23,54,11,-2.3775325060342167,12
783,86,29,65,16,-2.39280551338073,13
784,54,10,39,5,-2.4307020889287743,5
785,96,33,106,18,-2.4846554394342006,15
786,80,16,74,8,-2.4851777101640518,8
787,50,11,39,7,-2.5147259903046506,4
788,108,12,96,6,-2.5533636388732703,6
789,20,24,65,14,-2.556824132597502,10
790,35,18,20,10,-2.562721482956418,8
791,106,48,28,27,-2.5642902894537083,21
792,16,36,8,20,-2.5689743893309025,16
793,37,17,76,10,-2.5717644363479883,7
794,20,11,76,6,-2.590141597813698,5
795,25,28,86,14,-2.604050978134496,14
796,107,20,104,10,-2.640969327979481,10
797,50,25,2,13,-2.654728105131013,12
798,76,11,97,5,-2.6606949198631926,6
799,86,12,23,7,-2.6913953048637516,5
800,104,12,87,6,-2.7052943494990296,6
801,20,40,107,21,-2.7059472937253615,19
802,5,29,8,15,-2.735076548059466,14
803,14,12,107,6,-2.752826564735613,6
804,106,32,74,17,-2.7612048035475665,15
805,30,20,86,11,-2.7676142003206357,9
806,107,29,11,15,-2.767869065390371,14
807,107,26,5,14,-2.7744843987311234,12
808,37,38,107,21,-2.7932402800230713,17
809,50,15,79,9,-2.7998338113931363,6
810,54,20,55,11,-2.8062710008984615,9
811,55,31,96,17,-2.8188234933181313,14
812,80,10,87,6,-2.824759591911268,4
813,88,13,65,7,-2.825643505794417,6
814,54,49,96,25,-2.8333839300729595,24
815,107,51,84,27,-2.8817889814714355,24
816,11,27,16,14,-2.8981408824101362,13
817,9,11,86,5,-2.9040918238272733,6
818,73,12,20,7,-2.9374134598402435,5
819,8,19,76,10,-2.941917329794886,9
820,28,13,33,6,-2.947399527809851,7
821,96,11,95,6,-2.9654184336132263,5
822,96,11,109,6,-2.965964697508925,5
823,25,17,5,10,-3.0012144892866126,7
824,65,10,90,5,-3.027765344735429,5
825,20,21,88,10,-3.032925818779347,11
826,96,13,38,7,-3.0422152322461713,6
827,97,21,86,11,-3.045973490025126,10
828,11,32,50,18,-3.0577193852042224,14
829,37,17,2,9,-3.08113164671896,8
830,84,22,55,12,-3.089338762612198,10
831,106,16,97,8,-3.1110305799868163,8
832,107,12,14,7,-3.1146710636183896,5
833,48,20,8,12,-3.119996469210726,8
834,104,24,8,12,-3.149691193440905,12
835,97,10,88,6,-3.1588173140542675,4
836,90,33,86,19,-3.1823998863350966,14
837,104,15,63,8,-3.190185792785754,7
838,55,12,37,6,-3.2381397231424565,6
839,54,12,17,6,-3.2443786434665753,6
840,96,20,65,11,-3.2670140800116547,9
841,86,11,62,6,-3.3010292596050945,5
842,28,22,51,13,-3.310120573345564,9
843,86,61,63,36,-3.3220512619028586,25
844,106,30,54,16,-3.348177634825244,14
845,9,10,20,6,-3.353443346624384,4
846,28,20,55,13,-3.3574009350442124,7
847,8,14,9,9,-3.4085412508397837,5
848,106,36,63,20,-3.420634896376405,16
849,54,57,86,30,-3.439022832662367,27
850,25,16,74,10,-3.449101233224533,6
851,5,35,74,18,-3.4631826103528005,17
852,107,10,23,6,-3.4694839628849055,4
853,93,15,74,8,-3.4900326826119916,7
854,54,45,28,26,-3.5006765572633602,19
855,107,41,87,23,-3.504378946911036,18
856,84,15,91,8,-3.5069437670955055,7
857,65,10,114,5,-3.5072200514856506,5
858,48,19,84,11,-3.535703896861128,8
859,74,17,104,10,-3.5382418662437827,7
860,84,60,86,31,-3.5529905844827057,29
861,96,26,97,14,-3.5743811494977504,12
862,65,16,87,9,-3.6538862860446715,7
863,84,25,8,15,-3.6608734975068673,10
864,5,15,55,8,-3.669499309109916,7
865,97,25,28,15,-3.6775134025462215,10
866,73,10,114,5,-3.7201211944929797,5
867,107,57,86,30,-3.764794628081207,27
868,107,24,65,14,-3.792460626924312,10
869,54,21,11,11,-3.7939536762394646,10
870,55,13,80,6,-3.8447436848053296,7
871,75,14,74,7,-3.882185213083385,7
872,87,24,5,13,-3.8826973834738676,11
873,96,21,37,11,-3.919945326141697,10
874,90,10,88,6,-3.9343516258127544,4
875,28,18,76,11,-3.937083310529341,7
876,55,39,86,22,-3.9547678901800305,17
877,104,19,37,11,-3.960051447092295,8
878,54,16,98,9,-4.023186528647163,7
879,95,14,28,8,-4.040550234811,6
880,79,13,11,6,-4.047561716338114,7
881,96,30,20,17,-4.049587501562743,13
882,54,22,5,14,-4.058205887373023,8
883,95,16,54,9,-4.078811356006668,7
884,90,16,84,9,-4.100528600599519,7
885,46,12,37,7,-4.1158955088311755,5
886,50,13,74,8,-4.1314000134172755,5
887,63,11,51,6,-4.13659014356556,5
888,98,13,28,8,-4.1467994565841355,5
889,106,31,84,16,-4.1572969237916,15
890,70,22,84,13,-4.182188769343141,9
891,70,17,63,9,-4.20425277286591,8
892,20,27,87,14,-4.27221648433046,13
893,46,10,25,6,-4.282271929171334,4
894,74,50,8,30,-4.326948276761616,20
895,74,24,87,14,-4.342799946619222,10
896,98,10,76,5,-4.379545503881031,5
897,87,16,76,9,-4.429864581846375,7
898,11,15,76,9,-4.440509058655133,6
899,91,10,87,6,-4.4896036768148715,4
900,84,42,28,24,-4.50649015825431,18
901,8,12,79,8,-4.523368231395376,4
902,46,22,86,13,-4.523509548369423,9
903,104,10,55,5,-4.559676497393727,5
904,86,24,98,13,-4.5630101641254415,11
905,8,20,14,12,-4.5745163624627505,8
906,65,24,28,13,-4.610707424918392,11
907,86,41,11,23,-4.616738223926415,18
908,17,11,28,6,-4.63300889990392,5
909,9,11,55,6,-4.690967100580704,5
910,79,13,16,7,-4.716412220610577,6
911,84,15,14,9,-4.752366615638507,6
912,70,12,20,7,-4.75257237437678,5
913,54,15,93,9,-4.753030210073771,6
914,25,19,107,11,-4.802339370319193,8
915,107,14,51,9,-4.812684625944084,5
916,86,13,85,7,-4.833314993475175,6
917,2,22,28,13,-4.837290355461167,9
918,28,52,50,29,-4.842006177720464,23
919,108,13,74,7,-4.90910548020127,6
920,35,13,86,7,-4.963361102394038,6
921,63,41,8,23,-4.964657756884514,18
922,88,21,96,11,-4.971318653185927,10
923,75,15,63,8,-5.001366314131536,7
924,86,15,38,8,-5.020597384796871,7
925,54,43,50,24,-5.024203035146804,19
926,73,12,96,6,-5.035390942293941,6
927,86,30,50,16,-5.118847118423947,14
928,84,26,74,14,-5.163735608111025,12
929,95,11,87,7,-5.184870110841573,4
930,20,18,5,10,-5.197261457855931,8
931,48,18,11,11,-5.21421496819869,7
932,90,19,54,11,-5.235966169796197,8
933,74,12,34,8,-5.239541245293498,4
934,100,11,8,7,-5.278831269681899,4
935,51,16,16,8,-5.285051160663567,8
936,20,11,33,6,-5.2962163491563015,5
937,51,16,8,8,-5.315555668912091,8
938,48,16,106,9,-5.330591930412405,7
939,89,11,28,7,-5.3644200320644195,4
940,11,14,88,8,-5.366648482123658,6
941,37,13,98,7,-5.380850510791067,6
942,96,34,63,21,-5.39321635342965,13
943,107,20,46,13,-5.461199830974728,7
944,88,11,2,7,-5.477658376983314,4
945,108,16,107,10,-5.514649447329664,6
946,107,31,114,18,-5.515324374035244,13
947,102,14,107,8,-5.527045162702203,6
948,8,21,73,12,-5.539910811917831,9
949,65,10,93,6,-5.555381975183239,4
950,54,20,84,12,-5.558513011125089,8
951,50,12,9,8,-5.578106204160814,4
952,106,16,65,10,-5.613829651583315,6
953,84,11,38,6,-5.627456024192355,5
954,86,17,95,11,-5.641395768359862,6
955,2,10,5,6,-5.6557505474818175,4
956,55,20,63,12,-5.717328262845937,8
957,9,12,84,7,-5.723245457590759,5
958,39,14,84,8,-5.735188058057851,6
959,108,12,16,7,-5.770631208900042,5
960,106,23,76,16,-5.773659971767672,7
961,107,21,90,13,-5.81098073240261,8
962,25,21,96,12,-5.815913112162358,9
963,11,14,39,10,-5.821131817679595,4
964,96,12,30,7,-5.827709187189811,5
965,88,23,54,13,-5.848729251985923,10
966,50,11,108,7,-5.852974916650042,4
967,11,10,33,5,-5.887923901561768,5
968,75,10,88,6,-5.899399725245313,4
969,54,28,16,15,-5.982292107634971,13
970,46,12,87,7,-5.996729580761838,5
971,84,15,109,9,-6.015767126917385,6
972,114,23,25,12,-6.038480870806596,11
973,75,24,86,13,-6.0404838152681,11
974,5,13,76,8,-6.061052091280193,5
975,39,15,63,9,-6.098512313477011,6
976,79,10,55,6,-6.105260957218082,4
977,82,17,86,11,-6.124344607685839,6
978,104,13,96,8,-6.125308722017562,5
979,84,17,37,10,-6.135362755463087,7
980,37,34,20,19,-6.136211544699574,15
981,48,23,86,14,-6.215181955253337,9
982,5,14,93,9,-6.281366808210213,5
983,106,23,37,13,-6.288276905479725,10
984,96,76,86,46,-6.3297963702492925,30
985,106,11,34,7,-6.348877012003049,4
986,18,10,50,5,-6.440154509710172,5
987,28,17,14,11,-6.462988674713606,6
988,46,21,74,13,-6.505986127853413,8
989,86,35,37,21,-6.511717567803918,14
990,91,12,8,7,-6.562147028683572,5
991,76,11,54,7,-6.60321190549357,4
992,11,16,5,9,-6.631509753576111,7
993,114,11,102,8,-6.658731824235187,3
994,2,10,46,6,-6.670222065576342,4
995,28,24,104,16,-6.698590834800698,8
996,51,12,54,7,-6.707099858050083,5
997,70,22,96,11,-6.734945499709392,11
998,70,37,54,21,-6.740686016828504,16
999,108,10,48,7,-6.749808304712144,3
1000,80,11,11,7,-6.802148460786961,4
1001,106,22,20,14,-6.829724934902,8
1002,63,22,80,14,-6.84351888546065,8
1003,37,12,65,7,-6.8663176912939194,5
1004,28,10,30,6,-6.887888917999973,4
1005,86,12,93,8,-6.922029970425322,4
1006,37,30,87,18,-6.998523319274807,12
1007,107,25,106,16,-7.050885664381847,9
1008,48,11,50,7,-7.058211213950958,4
1009,80,21,86,12,-7.071945289109108,9
1010,109,13,11,8,-7.078888073047802,5
1011,79,12,63,8,-7.1114844508040305,4
1012,84,12,93,8,-7.171686286545099,4
1013,48,28,63,18,-7.208356975606329,10
1014,75,19,28,11,-7.22576760720638,8
1015,63,19,37,12,-7.323556718476418,7
1016,107,22,48,13,-7.3302788653741935,9
1017,25,15,102,10,-7.370724163994214,5
1018,8,16,102,10,-7.376211425683789,6
1019,25,11,63,7,-7.385187766970543,4
1020,104,14,16,8,-7.420123444681122,6
1021,96,10,7,7,-7.456970205866161,3
1022,84,17,16,10,-7.471140311704607,7
1023,70,19,28,11,-7.544208909658003,8
1024,109,26,28,17,-7.544328734380938,9
1025,107,10,85,6,-7.595499375056905,4
1026,46,12,63,8,-7.600674717701954,4
1027,28,22,88,14,-7.627108902511435,8
1028,80,22,96,14,-7.6325568595370585,8
1029,108,10,55,6,-7.6603824871739565,4
1030,70,14,76,9,-7.7067801731883225,5
1031,106,10,79,6,-7.723339908977311,4
1032,28,23,46,16,-7.750583309014615,7
1033,79,20,48,12,-7.7777328666170344,8
1034,70,15,5,9,-7.800041984653825,6
1035,96,14,114,9,-7.889762565328155,5
1036,106,24,80,15,-7.94893708145332,9
1037,34,12,96,8,-7.949755484984076,4
1038,25,20,8,13,-7.955817207245071,7
1039,104,18,86,10,-7.975989606379796,8
1040,28,13,93,9,-7.977780890104037,4
1041,96,19,102,12,-7.995631160966494,7
1042,91,18,28,11,-8.014570368036852,7
1043,74,20,73,13,-8.015220364277019,7
1044,102,19,28,11,-8.029114224243866,8
1045,76,17,63,12,-8.029454753014045,5
1046,48,14,16,8,-8.053586068768565,6
1047,84,15,51,10,-8.053726497867302,5
1048,51,26,86,15,-8.062447213774558,11
1049,107,16,76,10,-8.078268794170352,6
1050,88,20,63,12,-8.08784367057243,8
1051,65,14,80,9,-8.117894882236024,5
1052,108,12,86,7,-8.204205290543772,5
1053,37,15,97,9,-8.227995174488175,6
1054,74,10,102,6,-8.25741663810906,4
1055,8,14,109,8,-8.406730376295354,6
1056,70,26,86,15,-8.43107057555043,11
1057,107,10,57,6,-8.46673756025304,4
1058,96,33,74,21,-8.474831991428166,12
1059,88,17,50,10,-8.503859481033006,7
1060,96,25,50,16,-8.534707794331519,9
1061,114,17,86,10,-8.541327271410411,7
1062,5,17,16,11,-8.545043507377798,6
1063,114,10,90,6,-8.560822077428913,4
1064,87,40,8,26,-8.572049681412183,14
1065,87,10,102,7,-8.61362310955975,3
1066,8,18,93,11,-8.72073282078984,7
1067,107,18,91,12,-8.785801812136052,6
1068,107,12,71,8,-8.85340822050049,4
1069,20,18,11,13,-8.87279931653183,5
1070,95,10,5,7,-8.888673428502386,3
1071,5,10,102,6,-8.925191423638344,4
1072,5,21,50,12,-8.973488261087855,9
1073,28,38,63,25,-9.045203898145056,13
1074,70,12,88,8,-9.079962845683914,4
1075,107,15,97,9,-9.103059896742112,6
1076,8,15,30,10,-9.185211827951933,5
1077,16,10,2,7,-9.214178381730255,3
1078,50,14,76,10,-9.228465475536328,4
1079,65,11,2,8,-9.274625860779656,3
1080,5,13,97,9,-9.29611525828206,4
1081,63,14,108,9,-9.298531248541147,5
1082,80,13,90,9,-9.30675268400111,4
1083,20,25,63,15,-9.320091766955514,10
1084,107,25,2,17,-9.348454105798005,8
1085,2,18,63,11,-9.42432372295896,7
1086,2,13,87,8,-9.430732046556471,5
1087,107,15,93,10,-9.471924672591017,5
1088,51,14,20,8,-9.477293220680318,6
1089,8,13,95,8,-9.502751434643129,5
1090,87,12,79,9,-9.532024747647966,3
1091,18,10,28,6,-9.538088324550174,4
1092,5,13,73,8,-9.6154675420233,5
1093,106,14,98,9,-9.701360201061403,5
1094,107,27,50,17,-9.72299397110463,10
1095,55,18,16,12,-9.733018432439058,6
1096,70,17,106,10,-9.772908373637206,7
1097,84,22,20,16,-9.790302500691977,6
1098,79,23,86,15,-9.865377107457421,8
1099,96,17,51,11,-9.900170566840332,6
1100,106,13,2,8,-9.919015199493714,5
1101,76,20,86,13,-9.940010233613185,7
1102,63,16,98,10,-9.99737377528037,6
1103,25,19,28,13,-10.004409761163549,6
1104,74,11,90,8,-10.005531313326735,3
1105,75,14,106,7,-10.013304733371458,7
1106,102,11,109,7,-10.030166218885235,4
1107,70,12,55,8,-10.141434019068976,4
1108,37,15,90,10,-10.174182725049683,5
1109,93,14,87,9,-10.257204602761988,5
1110,96,37,16,26,-10.284315397893868,11
1111,75,11,46,8,-10.358241612595513,3
1112,5,17,114,11,-10.36950229434097,6
1113,50,16,90,11,-10.406651686467333,5
1114,96,22,48,15,-10.412031756955415,7
1115,8,14,75,10,-10.634775722140729,4
1116,5,20,90,14,-10.678407751484231,6
1117,20,23,50,14,-10.679903465549344,9
1118,98,11,50,8,-10.691401226426704,3
1119,25,11,97,7,-10.706492708864031,4
1120,106,18,90,12,-10.722647291777667,6
1121,70,15,74,9,-10.825825286716226,6
1122,16,13,30,9,-10.88272905219503,4
1123,104,16,106,11,-10.9858576113729,5
1124,37,13,17,8,-11.050794076406762,5
1125,114,12,50,8,-11.20297857698265,4
1126,109,11,50,8,-11.21767101593788,3
1127,86,12,69,8,-11.221927430915741,4
1128,107,26,88,18,-11.241329164111953,8
1129,87,18,48,12,-11.267245216521085,6
1130,84,19,11,13,-11.37372999446702,6
1131,37,18,11,13,-11.3827289769088,5
1132,114,18,28,11,-11.571094203781072,7
1133,98,10,91,7,-11.6111736728835,3
1134,97,13,2,9,-11.663957871857763,4
1135,107,15,80,12,-11.678062977381893,3
1136,14,12,86,8,-11.685325963112222,4
1137,25,17,37,11,-11.733244595076599,6
1138,5,11,109,7,-11.832394491701884,4
1139,88,10,95,7,-11.838381077895013,3
1140,109,17,86,13,-11.844463141455284,4
1141,55,10,76,8,-11.845869320079572,2
1142,104,12,88,8,-11.911529882206116,4
1143,74,21,20,15,-11.921568344616231,6
1144,87,10,30,7,-11.954020606538128,3
1145,96,11,85,8,-12.207174001404555,3
1146,74,11,51,8,-12.350755204498363,3
1147,96,38,11,26,-12.433764526276038,12
1148,107,17,73,11,-12.476279417058619,6
1149,39,10,86,6,-12.521968554365154,4
1150,102,12,50,7,-12.613397644799397,5
1151,96,23,98,15,-12.672735601907378,8
1152,87,10,98,7,-12.766560909926936,3
1153,104,11,54,8,-12.891406783844756,3
1154,73,16,86,10,-12.90546934044994,6
1155,54,38,63,27,-12.927281881197459,11
1156,20,11,114,8,-12.975045668551978,3
1157,107,23,16,17,-12.980459438572407,6
1158,8,13,97,9,-13.031573471749281,4
1159,107,10,17,7,-13.095515887019285,3
1160,14,10,80,6,-13.097202558791372,4
1161,54,19,48,13,-13.122325082638987,6
1162,109,10,114,8,-13.187151994977205,2
1163,91,10,16,7,-13.247386679926667,3
1164,76,10,84,7,-13.371791794476115,3
1165,28,11,69,7,-13.387342269628983,4
1166,11,25,55,19,-13.485189958967283,6
1167,84,18,5,13,-13.492491984016144,5
1168,90,11,20,8,-13.533149150503409,3
1169,86,19,102,15,-13.624697742718615,4
1170,46,24,88,18,-13.650052567359646,6
1171,106,28,16,21,-13.69350999755166,7
1172,84,12,46,9,-13.97403398222274,3
1173,8,13,71,9,-13.992705985768803,4
1174,114,13,8,10,-14.054987210160682,3
1175,48,10,90,7,-14.062301149493257,3
1176,28,12,34,9,-14.433851353414235,3
1177,107,11,95,8,-14.460264509685395,3
1178,63,11,14,7,-14.53302527333945,4
1179,84,33,63,23,-14.557123158417973,10
1180,35,11,80,8,-14.578551377058158,3
1181,28,23,74,17,-14.602487166516607,6
1182,87,34,16,24,-14.665355259552404,10
1183,65,11,8,8,-14.67711948639893,3
1184,96,16,46,10,-14.744941109171661,6
1185,109,13,63,10,-14.866102829084163,3
1186,50,12,80,10,-14.926124931290454,2
1187,96,12,91,9,-15.083901067533665,3
1188,70,14,87,10,-15.120817685915842,4
1189,90,14,73,10,-15.18129739743865,4
1190,70,16,2,11,-15.20234077608459,5
1191,37,11,73,7,-15.237735204111459,4
1192,11,10,93,8,-15.321419061771829,2
1193,9,11,48,8,-15.643745764186933,3
1194,98,11,8,9,-15.962593668325574,2
1195,54,24,37,17,-16.03430293245744,7
1196,23,10,106,7,-16.05394351537058,3
1197,70,13,11,10,-16.32604658673946,3
1198,20,11,91,8,-16.614550431285505,3
1199,63,12,90,9,-16.840668609829063,3
1200,46,11,16,8,-16.8581305050592,3
1201,86,12,41,10,-16.916591977189356,2
1202,54,10,73,8,-17.106743436572103,2
1203,87,11,34,8,-17.33811535027782,3
1204,74,22,16,17,-17.47013856072432,5
1205,35,13,107,11,-17.620728555906968,2
1206,98,12,11,9,-17.79113396344492,3
1207,28,23,90,18,-17.842079516061677,5
1208,57,10,88,7,-18.036088584555035,3
1209,98,11,16,8,-18.093280468518255,3
1210,91,17,63,13,-18.120595699414864,4
1211,25,11,11,9,-18.268065492344633,2
1212,70,10,50,7,-18.669208398142956,3
1213,112,14,28,11,-19.249826897720947,3
1214,54,13,2,11,-19.75997048475248,2
1215,25,11,20,9,-19.987918292379536,2
1216,66,10,107,8,-20.152222817707916,2
1217,2,10,104,8,-20.46007896352223,2
1218,55,18,50,14,-21.38404284403115,4
1219,96,13,93,11,-21.644278578741655,2
1220,51,10,34,9,-22.213174768846976,1
1221,109,12,88,11,-22.620146016522725,1
1222,54,12,100,10,-23.111299810651477,2
1223,35,13,76,10,-24.45415726080802,3
1224,35,10,48,9,-25.15519793083891,1
1225,54,11,30,10,-25.713620235434703,1
1226,37,11,88,10,-27.057249327206794,1
1227,107,12,30,11,-27.89865943808827,1
