,againstHero,games,hero,losses,shift,wins
0,19,12,107,1,27.902421454254707,11
1,64,11,65,2,27.727149312498728,9
2,91,10,43,0,27.34458455824453,10
3,90,14,76,4,23.99660276951993,10
4,103,15,86,2,23.967936503754764,13
5,55,12,89,2,23.859507970316177,10
6,65,10,97,3,23.53209680517744,7
7,11,10,96,2,23.398905297150787,8
8,57,13,41,2,23.15616213187528,11
9,26,10,10,2,22.77202326046866,8
10,84,10,94,1,22.762013140609877,9
11,111,26,70,6,22.275676967970096,20
12,17,11,44,2,22.072912946241175,9
13,28,14,52,2,21.054527541956727,12
14,37,10,104,2,20.681486856575926,8
15,110,12,109,2,20.16933250309851,10
16,18,12,37,2,20.1495733097828,10
17,51,12,98,3,20.0679948728163,9
18,41,13,10,2,19.737157878272868,11
19,46,12,30,3,19.658771905767804,9
20,88,17,75,3,19.640469345320547,14
21,62,14,71,1,19.345738811932723,13
22,6,11,12,4,19.32835940292554,7
23,106,12,107,2,19.31961041681027,10
24,110,12,29,2,19.248543702222978,10
25,106,15,50,3,19.19241412512063,12
26,57,20,28,4,18.917976797154502,16
27,57,10,107,3,18.898942791962412,7
28,79,13,7,3,18.404801500191937,10
29,50,11,46,2,18.380392496841136,9
30,58,13,87,2,18.24410492014657,11
31,93,12,76,3,18.082770445937008,9
32,49,10,112,2,18.03224593969945,8
33,62,10,63,2,18.031802170985944,8
34,107,12,73,3,18.009767759901283,9
35,64,11,9,3,17.707873254379976,8
36,87,33,109,8,17.707668471693246,25
37,11,10,63,3,17.63634503388182,7
38,41,10,110,1,17.607251464829996,9
39,88,19,49,4,17.532034552741443,15
40,37,10,89,2,17.418835616565147,8
41,26,11,49,4,17.344464565076983,7
42,62,16,50,4,17.235813943056094,12
43,106,11,48,2,17.192330163510128,9
44,48,12,73,3,17.093964024864245,9
45,73,17,109,4,17.085641782719854,13
46,26,13,54,5,16.93978716229654,8
47,43,14,38,5,16.91598228541753,9
48,57,15,76,4,16.89647205199251,11
49,38,12,15,3,16.880495720481193,9
50,74,15,110,4,16.836715903263343,11
51,63,20,20,5,16.83486412950002,15
52,5,13,9,3,16.7060467975664,10
53,28,12,71,2,16.63851586652194,10
54,39,13,55,4,16.616243530697464,9
55,111,10,106,2,16.614986015463362,8
56,49,10,96,3,16.4668046049511,7
57,63,11,10,3,16.316509167938314,8
58,62,13,103,4,16.29915650058687,9
59,59,11,103,3,16.266656443008642,8
60,87,14,85,3,16.25520793639719,11
61,17,14,37,5,16.224073122382876,9
62,87,23,46,7,16.166397812758035,16
63,28,12,66,4,16.011877124422664,8
64,37,17,63,5,15.955493748739721,12
65,104,12,50,3,15.773911417272641,9
66,46,15,79,5,15.695062063539163,10
67,17,15,38,4,15.678044683298898,11
68,29,12,73,3,15.669782329836798,9
69,46,10,96,2,15.625366213424996,8
70,16,10,59,4,15.561569445873218,6
71,16,18,106,5,15.530666511008816,13
72,74,11,112,3,15.445414304360199,8
73,63,17,70,5,15.423330820666749,12
74,62,20,20,5,15.291234725709055,15
75,90,11,18,3,15.206260273523743,8
76,57,16,37,4,15.14671627913867,12
77,84,14,40,5,15.139436492633184,9
78,93,26,38,8,14.945048831229194,18
79,26,24,38,7,14.873702675608982,17
80,90,19,88,6,14.848820731417785,13
81,111,17,109,5,14.83552280759147,12
82,93,11,17,3,14.792328082005683,8
83,69,12,41,4,14.708599737863674,8
84,49,11,62,4,14.691411076024671,7
85,88,14,13,6,14.6368480815469,8
86,86,17,109,5,14.602063081104587,12
87,30,26,65,7,14.563622151554524,19
88,111,31,62,9,14.463263378850396,22
89,26,12,88,4,14.385453144142543,8
90,55,10,80,3,14.33309852037076,7
91,55,18,75,5,14.305259411887567,13
92,60,10,8,3,14.262033464961128,7
93,28,10,3,3,14.224615619881277,7
94,57,21,9,5,14.205802139668359,16
95,28,15,112,5,14.162036513146953,10
96,106,24,87,6,14.142460326987873,18
97,11,13,46,5,13.971925124028672,8
98,63,20,76,4,13.935325978058145,16
99,30,27,54,8,13.923397923845725,19
100,70,12,109,3,13.902253335630233,9
101,38,16,73,6,13.771113964229547,10
102,88,12,109,3,13.730907256228043,9
103,37,10,13,3,13.710588735524032,7
104,26,13,69,4,13.66583811938565,9
105,10,26,23,9,13.610440136401223,17
106,30,25,9,7,13.586761149710142,18
107,13,15,73,5,13.471561712276639,10
108,74,27,48,10,13.450895577876453,17
109,73,12,90,3,13.337519609995004,9
110,89,12,73,4,13.292782754035754,8
111,58,10,89,3,13.242354787086834,7
112,86,12,52,3,13.150274929933458,9
113,6,14,66,4,12.900366001703459,10
114,86,14,17,4,12.845058614378047,10
115,54,28,109,9,12.824426413749993,19
116,2,21,76,7,12.801773404860658,14
117,17,10,75,3,12.759002952989487,7
118,26,35,107,9,12.719830578595298,26
119,39,12,54,4,12.719289008108062,8
120,87,11,97,5,12.69108979690934,6
121,107,18,70,6,12.682033904752588,12
122,107,13,66,4,12.675436620401037,9
123,3,12,8,3,12.625631089351694,9
124,98,14,71,4,12.599763195527048,10
125,73,15,23,5,12.578415919943863,10
126,8,15,66,4,12.577302494556069,11
127,63,13,109,3,12.562363591220352,10
128,37,14,5,4,12.535664321031334,10
129,104,12,48,3,12.498145078794371,9
130,15,11,28,3,12.48540617456215,8
131,93,22,62,7,12.439036445917942,15
132,93,20,50,7,12.385609627032688,13
133,93,12,26,4,12.342400061412198,8
134,51,10,74,3,12.299925807232606,7
135,80,11,50,2,12.225287150472026,9
136,11,16,54,5,12.197817241087678,11
137,93,20,41,5,12.152619394683915,15
138,58,11,103,3,12.093407699535737,8
139,79,11,112,3,12.089617166544242,8
140,103,12,19,4,12.064157815204576,8
141,29,11,70,3,12.030336124564109,8
142,38,15,10,4,12.029907406435383,11
143,107,28,62,10,12.009467725805582,18
144,63,19,9,7,11.997572673730792,12
145,54,16,104,5,11.95764257880154,11
146,18,13,17,5,11.905263091036245,8
147,43,14,109,5,11.866460109925438,9
148,55,14,85,5,11.860707980162308,9
149,55,10,108,3,11.846202494892411,7
150,85,17,37,4,11.836833776252563,13
151,23,15,62,4,11.828374088275869,11
152,50,14,109,5,11.809368464557789,9
153,55,25,2,9,11.807932628931718,16
154,110,13,50,4,11.789801735998644,9
155,26,14,46,5,11.785571142877396,9
156,28,38,109,12,11.779726827830626,26
157,84,18,106,7,11.759279094165112,11
158,104,18,98,7,11.758094591275455,11
159,15,10,79,3,11.756403792330063,7
160,11,11,76,4,11.750022140716602,7
161,41,32,109,7,11.739478362196792,25
162,80,11,38,3,11.727896658420695,8
163,30,21,16,6,11.724979412879154,15
164,70,13,62,5,11.719880801732709,8
165,46,23,9,9,11.712540493367959,14
166,93,15,1,4,11.687642643688715,11
167,10,18,55,7,11.634204977110192,11
168,32,15,88,4,11.62259561238565,11
169,70,22,86,8,11.622158138069935,14
170,10,20,1,6,11.620008343989017,14
171,30,26,103,8,11.5945127814643,18
172,65,16,18,5,11.593628436717697,11
173,16,18,13,6,11.568229122492738,12
174,65,16,102,6,11.565057266886955,10
175,74,11,3,4,11.5583424419655,7
176,109,15,6,5,11.553622356231047,10
177,16,28,70,8,11.544275868635912,20
178,43,17,28,5,11.503038032270851,12
179,17,20,41,5,11.462467383182338,15
180,34,15,91,5,11.445515293888622,10
181,30,15,85,5,11.375876505138454,10
182,20,17,48,5,11.362684990472749,12
183,2,22,103,6,11.358008021341288,16
184,28,16,80,6,11.308008582322735,10
185,39,10,2,4,11.302944205280658,6
186,13,13,41,5,11.285884419294261,8
187,38,24,109,8,11.246292341387845,16
188,55,24,62,9,11.2411377363916,15
189,93,17,48,5,11.235463842161245,12
190,97,11,2,4,11.22646619845986,7
191,65,18,44,7,11.219859746185271,11
192,17,17,23,5,11.173746527216176,12
193,8,15,89,5,11.136544141609958,10
194,93,19,37,6,11.135373057728058,13
195,63,12,2,4,11.123429561783267,8
196,32,23,109,8,11.083621382461542,15
197,87,30,6,10,11.079517220381964,20
198,48,18,35,6,11.064814060189882,12
199,10,15,50,5,11.061080668679153,10
200,10,12,85,5,11.037949468704035,7
201,98,12,110,4,11.026999619900328,8
202,63,33,54,12,11.01861659015757,21
203,49,17,16,6,11.010920636133424,11
204,20,19,10,6,11.010427213733353,13
205,38,14,6,4,11.005398790381081,10
206,18,10,63,4,11.002328341283704,6
207,30,10,43,3,10.958461383133036,7
208,49,18,86,8,10.91347154436731,10
209,98,48,41,18,10.835326353590219,30
210,93,11,63,4,10.802700985962154,7
211,90,21,23,7,10.77182655842543,14
212,93,38,9,12,10.751734078642695,26
213,50,13,68,4,10.706461420578247,9
214,91,10,85,5,10.702453755941072,5
215,63,22,91,8,10.68299305555198,14
216,17,10,107,3,10.67390300106017,7
217,39,13,11,3,10.646218716239577,10
218,38,13,58,4,10.642287291889902,9
219,65,10,101,4,10.616476001261294,6
220,87,17,5,6,10.594673728658035,11
221,49,10,104,3,10.571918118353276,7
222,90,14,50,5,10.544137931863863,9
223,110,17,8,5,10.493443474648158,12
224,70,16,88,5,10.480965968606863,11
225,88,13,85,4,10.474485947559344,9
226,96,10,76,3,10.473454930849595,7
227,79,12,66,3,10.448674909094285,9
228,90,12,93,5,10.444030736195835,7
229,18,14,51,5,10.42518053681612,9
230,98,10,75,3,10.422827528026358,7
231,29,10,17,3,10.395985227153457,7
232,63,27,79,9,10.37770241869829,18
233,32,18,107,5,10.358465103585823,13
234,50,10,96,4,10.31611174216095,6
235,104,10,5,3,10.305151002741349,7
236,80,16,20,6,10.30482199217851,10
237,6,12,106,5,10.2894367115075,7
238,88,10,71,3,10.263450457417434,7
239,17,29,9,10,10.257069894218061,19
240,52,12,20,4,10.212471754033883,8
241,98,39,88,12,10.209445633018722,27
242,60,10,38,4,10.186949801542621,6
243,48,12,75,3,10.185338411509976,9
244,30,13,62,5,10.146431281762991,8
245,55,19,109,6,10.125299163294448,13
246,30,18,50,7,10.060071366256977,11
247,9,12,97,5,10.043091409865225,7
248,37,14,34,5,10.040882054419713,9
249,65,14,59,6,10.036164804159641,8
250,29,33,38,11,10.021162687074476,22
251,8,21,71,8,10.00543019554652,13
252,76,17,34,6,9.994247540573088,11
253,111,24,38,9,9.966212518632439,15
254,93,11,70,4,9.928875321549775,7
255,90,14,91,6,9.92521884050834,8
256,87,13,17,5,9.922998390575081,8
257,88,14,30,6,9.922637542624903,8
258,107,30,41,12,9.880991735942342,18
259,84,19,13,8,9.878530031478089,11
260,65,15,96,6,9.851177535683917,9
261,111,20,37,8,9.840471570719451,12
262,54,25,76,10,9.821966207421672,15
263,84,11,80,4,9.807434273803766,7
264,50,25,48,9,9.79758412391437,16
265,93,17,91,6,9.794639196057782,11
266,73,21,111,8,9.713634051639158,13
267,98,16,68,4,9.657676259709891,12
268,10,21,86,7,9.655898857397647,14
269,98,26,62,10,9.641858129313677,16
270,41,20,62,7,9.588548331059114,13
271,23,22,89,8,9.576875474490599,14
272,60,21,65,8,9.571951123571171,13
273,98,18,15,7,9.562063446027423,11
274,34,11,86,4,9.500792281967191,7
275,13,11,86,4,9.494734946605222,7
276,6,11,58,4,9.489496457414935,7
277,64,19,86,7,9.463737237263311,12
278,30,27,87,9,9.441306317195094,18
279,6,38,44,15,9.42684133272971,23
280,37,42,86,16,9.39744513090877,26
281,55,22,30,9,9.385734127086305,13
282,86,20,73,7,9.377152492619757,13
283,107,12,7,4,9.343569897698089,8
284,34,13,51,4,9.327179248321166,9
285,86,11,108,4,9.320443832368008,7
286,34,11,38,4,9.304419549994037,7
287,43,14,50,5,9.27474781724881,9
288,84,21,62,8,9.235845718439357,13
289,111,46,54,17,9.235401744617302,29
290,46,15,107,4,9.229701935273749,11
291,63,12,51,5,9.225277491215897,7
292,90,16,41,6,9.176957924654713,10
293,28,14,94,5,9.114148559760046,9
294,93,29,103,11,9.099325117611023,18
295,26,12,32,5,9.09769401619869,7
296,15,12,16,4,9.059606623425509,8
297,37,15,41,6,9.04554650327796,9
298,20,17,85,6,9.004630773775084,11
299,11,23,86,10,9.00110623960404,13
300,74,19,18,7,8.9712615057984,12
301,48,18,111,6,8.93792122942067,12
302,107,20,110,8,8.933567921834609,12
303,55,21,11,7,8.922205824357368,14
304,63,28,28,10,8.916039326351276,18
305,86,11,39,5,8.910603166031022,6
306,49,16,13,7,8.888211504289158,9
307,1,11,111,5,8.869705750936069,6
308,29,10,76,3,8.806443209825622,7
309,23,24,93,10,8.804783518097919,14
310,11,11,65,5,8.802914251345628,6
311,54,16,80,6,8.796906484485886,10
312,74,38,76,14,8.745244698836947,24
313,30,24,37,8,8.742074606758964,16
314,13,28,28,9,8.729974682788011,19
315,41,10,63,3,8.728275875066831,7
316,65,25,50,9,8.726631256466746,16
317,10,32,28,10,8.71590249521479,22
318,74,20,109,8,8.667034425633812,12
319,104,16,76,6,8.627302198470357,10
320,109,12,48,4,8.619529044150651,8
321,84,14,66,5,8.616861190106436,9
322,29,22,107,7,8.613463392470166,15
323,1,15,107,6,8.550852993527569,9
324,32,25,9,9,8.53109215537152,16
325,55,27,38,11,8.500284312610692,16
326,98,60,65,22,8.49413981702294,38
327,65,36,48,13,8.491868880953179,23
328,98,21,1,7,8.436557583367685,14
329,2,19,48,8,8.431429514676985,11
330,73,21,10,7,8.419335562342072,14
331,104,13,84,5,8.407689964583597,8
332,106,18,88,6,8.397970188956428,12
333,90,11,89,4,8.396796914570167,7
334,77,12,8,4,8.373441110755328,8
335,35,11,20,4,8.313016014822018,7
336,76,18,41,7,8.284971187696902,11
337,65,12,58,6,8.279172093518044,6
338,17,30,8,11,8.267140148743708,19
339,111,14,17,6,8.239799794462428,8
340,26,10,16,4,8.231874067384071,6
341,2,37,86,13,8.226316013719446,24
342,85,10,46,3,8.219708905443785,7
343,87,24,51,10,8.200429685364442,14
344,32,24,41,10,8.170536046764159,14
345,26,44,87,17,8.146474895568335,27
346,107,18,109,7,8.141176766481435,11
347,98,37,76,14,8.140203678364204,23
348,106,15,109,6,8.139667003965808,9
349,19,14,9,6,8.117304295019109,8
350,54,39,41,14,8.096759700478561,25
351,2,46,65,16,8.09131482146227,30
352,87,11,56,4,8.0871242477829,7
353,30,15,10,5,8.08039942607508,10
354,6,12,13,5,8.074590184679876,7
355,93,14,75,6,8.060889694277078,8
356,13,22,8,8,8.054761378395103,14
357,20,38,9,13,8.050913794135107,25
358,110,11,28,5,7.99182567988978,6
359,109,12,37,5,7.972273664149992,7
360,111,27,86,11,7.962255850113393,16
361,20,20,23,7,7.928231485838512,13
362,74,27,88,9,7.895683127849934,18
363,1,16,55,6,7.8911836307920025,10
364,109,30,9,12,7.889736540676636,18
365,74,11,12,5,7.8813359238936185,6
366,20,18,49,7,7.854535242795636,11
367,75,17,28,7,7.8516397601466075,10
368,38,21,86,7,7.843933921356488,14
369,23,25,37,9,7.79615499183922,16
370,85,10,6,4,7.790183570433162,6
371,88,19,57,8,7.788961359506542,11
372,16,18,96,6,7.77066275991908,12
373,74,24,38,10,7.767139399795091,14
374,29,13,109,5,7.7648215544268036,8
375,41,23,86,9,7.748601702775839,14
376,103,15,109,5,7.74806703390503,10
377,30,19,70,7,7.739756109183135,12
378,111,14,85,5,7.729378570457984,9
379,23,11,59,4,7.703199044299857,7
380,71,10,30,4,7.697965933449675,6
381,55,52,87,19,7.690249724322315,33
382,3,11,84,5,7.689057478118829,6
383,50,19,20,8,7.663029216139786,11
384,87,16,34,6,7.640142491832506,10
385,55,21,76,9,7.629988062190021,12
386,84,30,10,12,7.620608168656018,18
387,2,12,51,5,7.607189009680265,7
388,18,18,84,7,7.585204254692915,11
389,93,33,84,12,7.552169826266673,21
390,18,15,2,6,7.546857580328141,9
391,8,57,76,22,7.539034585297876,35
392,37,17,2,7,7.507204713409891,10
393,43,19,87,7,7.5001879241242175,12
394,39,10,28,3,7.4964272810639105,7
395,93,37,54,12,7.494158499009498,25
396,111,30,32,13,7.463790988299924,17
397,19,11,28,4,7.459905289768759,7
398,70,10,85,4,7.450454709233595,6
399,84,54,48,22,7.443290260907536,32
400,93,47,28,18,7.44121106270095,29
401,5,14,63,6,7.43334778268016,8
402,79,26,106,11,7.427173131628631,15
403,103,29,74,10,7.419118005067162,19
404,41,13,49,4,7.406139067429071,9
405,98,11,112,5,7.3696956099544275,6
406,34,18,74,7,7.3607062055480235,11
407,54,21,10,8,7.316914939103651,13
408,91,36,41,13,7.300459692535227,23
409,2,20,34,8,7.293049000876174,12
410,46,11,2,4,7.277934272960428,7
411,30,10,73,4,7.27524129591905,6
412,55,45,98,17,7.256631484213652,28
413,91,18,50,6,7.2418942506008674,12
414,10,19,76,8,7.223608714939963,11
415,111,13,34,6,7.201437198359541,7
416,57,12,10,5,7.192682016161463,7
417,84,42,76,19,7.185450456544011,23
418,104,31,28,11,7.179478028958356,20
419,5,11,6,4,7.175117705775805,7
420,90,12,70,4,7.158523730695325,8
421,16,16,89,6,7.102664218068734,10
422,8,13,35,6,7.091208332013396,7
423,10,10,13,5,7.081545477709261,5
424,98,24,34,8,7.0691518153654185,16
425,13,24,79,8,7.0451809154256715,16
426,98,20,11,8,7.041751318141553,12
427,59,19,79,8,7.0352036880537865,11
428,111,20,6,8,7.01838566892247,12
429,8,48,93,18,7.017566439579715,30
430,90,19,6,8,7.0034906221582,11
431,39,10,107,4,6.993461980446467,6
432,46,18,8,7,6.992942507225589,11
433,79,11,101,5,6.9908614259308735,6
434,80,13,107,4,6.983241252080647,9
435,1,18,8,8,6.976807780569815,10
436,65,27,32,11,6.9742130878923945,16
437,91,40,28,15,6.963487260821276,25
438,73,10,68,4,6.95394987102174,6
439,30,15,76,5,6.939385084561165,10
440,18,25,79,11,6.9323311923462425,14
441,57,12,74,4,6.9176042424257504,8
442,106,12,34,5,6.911634944562736,7
443,8,36,38,14,6.910326910265974,22
444,65,18,68,8,6.89592459737167,10
445,89,11,87,4,6.890327484533061,7
446,2,19,73,8,6.88922048991821,11
447,63,34,48,13,6.871723075976833,21
448,14,13,65,5,6.864176953366238,8
449,16,80,86,31,6.828972768016326,49
450,28,11,64,5,6.82253762472366,6
451,32,26,79,10,6.821690929992381,16
452,88,21,6,8,6.808639243885847,13
453,76,39,28,16,6.804995058327358,23
454,16,25,85,10,6.790728536327192,15
455,93,14,43,5,6.79067137162001,9
456,55,35,20,15,6.786443158254519,20
457,26,24,109,9,6.785414157125367,15
458,73,13,93,5,6.746815708884676,8
459,111,42,41,18,6.742879314894578,24
460,106,18,11,6,6.736736663767907,12
461,2,36,41,13,6.732225074181361,23
462,84,36,2,15,6.728378551782848,21
463,16,74,9,27,6.72699969228074,47
464,16,35,74,13,6.725326314137958,22
465,89,11,74,5,6.7140175484003635,6
466,73,16,88,6,6.709173893318198,10
467,79,18,62,8,6.70668334197217,10
468,55,18,37,7,6.702819421850529,11
469,74,16,49,7,6.669033870592301,9
470,13,16,20,5,6.65970517197411,11
471,51,21,48,7,6.631548697206318,14
472,23,14,18,5,6.63118753114106,9
473,70,21,65,8,6.590792438337791,13
474,8,55,48,22,6.564485691807404,33
475,28,54,41,24,6.549671741224454,30
476,14,11,54,4,6.542365287655037,7
477,79,18,70,9,6.541994947083337,9
478,87,25,18,9,6.500921078177537,16
479,73,36,9,15,6.4959532992484235,21
480,17,10,10,4,6.479497194252798,6
481,106,20,20,10,6.474134463348747,10
482,32,16,86,7,6.471177759830174,9
483,55,34,54,12,6.445304702920418,22
484,30,16,49,7,6.431109058286171,9
485,12,14,28,5,6.429365216940004,9
486,50,19,73,9,6.385008192916682,10
487,15,14,84,5,6.375647385580588,9
488,103,22,88,8,6.368772240906124,14
489,31,10,28,4,6.368565836830035,6
490,90,13,104,6,6.344098112647823,7
491,87,29,76,11,6.333598604110546,18
492,106,13,9,5,6.321323922487702,8
493,62,19,54,7,6.312055934230411,12
494,2,15,75,6,6.304051551682389,9
495,6,40,28,16,6.2836176921265,24
496,111,15,44,6,6.282001615200402,9
497,107,33,2,14,6.279480132521573,19
498,86,31,20,13,6.261799608752032,18
499,37,18,20,7,6.246922639849088,11
500,50,19,23,9,6.246016408138442,10
501,88,16,38,7,6.235153732947733,9
502,8,24,57,10,6.231916416163357,14
503,16,14,108,6,6.212630572758722,8
504,107,21,34,9,6.211702849908707,12
505,87,54,28,22,6.169973287171115,32
506,107,30,6,12,6.1621070209550295,18
507,49,23,65,10,6.14761804416803,13
508,111,11,56,4,6.133528731729061,7
509,87,45,41,20,6.130516050826405,25
510,68,10,55,5,6.1081482212338845,5
511,28,80,9,35,6.091005422770885,45
512,93,15,30,6,6.056393100709427,9
513,54,49,9,20,6.050802275785849,29
514,74,55,65,22,6.019896580662451,33
515,98,48,91,22,6.010481139866045,26
516,49,10,77,5,6.002993751357126,5
517,30,17,107,6,5.992050362775075,11
518,87,37,50,15,5.978280802307982,22
519,20,33,103,11,5.96431634987825,22
520,8,23,49,10,5.962799116224744,13
521,89,25,10,10,5.961935346068015,15
522,26,10,85,4,5.960882730964135,6
523,86,11,82,4,5.945474489082359,7
524,49,30,98,13,5.930886416801632,17
525,76,33,37,12,5.909024236467577,21
526,111,71,65,33,5.901383737891229,38
527,86,12,18,5,5.898212622367466,7
528,55,17,91,6,5.873903790869504,11
529,54,12,106,5,5.869834053085394,7
530,17,17,16,7,5.868342075872022,10
531,87,52,9,22,5.867901198385369,30
532,41,46,103,16,5.866158066134691,30
533,112,12,50,5,5.843955029488771,7
534,49,28,87,13,5.837138934523044,15
535,46,14,37,6,5.834073346635607,8
536,16,23,20,11,5.8338567557187,12
537,23,16,70,7,5.8314302073461,9
538,65,12,5,5,5.815393542930937,7
539,54,19,112,8,5.8108761897136185,11
540,89,17,84,6,5.806364989397548,11
541,91,22,76,9,5.805724385018095,13
542,28,28,89,12,5.80142983404725,16
543,5,14,86,6,5.789814867253924,8
544,15,23,76,9,5.782831260117769,14
545,32,18,54,7,5.782610489553489,11
546,17,21,84,9,5.769353282302285,12
547,49,24,9,9,5.76893486693949,15
548,46,13,91,5,5.760150742291201,8
549,5,11,91,6,5.724427643442397,5
550,14,11,48,3,5.715763459513543,8
551,54,28,37,10,5.684646340178299,18
552,43,13,9,6,5.682535108763634,7
553,50,13,37,6,5.675193762840744,7
554,8,13,56,5,5.662090518526135,8
555,90,31,9,13,5.652779456533463,18
556,41,45,9,17,5.6439057397283525,28
557,55,40,9,15,5.642120678966712,25
558,6,10,61,4,5.633845329548251,6
559,54,20,51,9,5.633516022729307,11
560,26,22,29,8,5.630548836449718,14
561,20,11,44,4,5.615461510594532,7
562,9,14,51,6,5.613148737525185,8
563,63,52,65,22,5.601422971133672,30
564,16,24,18,9,5.594394619068029,15
565,87,15,14,6,5.593452507313126,9
566,18,20,48,8,5.575542543556776,12
567,98,12,52,6,5.535281825370716,6
568,86,38,55,17,5.532299525559407,21
569,23,41,8,17,5.530959099012352,24
570,111,36,103,15,5.530917867453256,21
571,54,35,38,14,5.47856504565386,21
572,86,45,76,20,5.453288694440867,25
573,84,33,88,13,5.450617130747437,20
574,48,35,54,13,5.427497390159443,22
575,48,13,38,5,5.42579677220132,8
576,94,18,20,7,5.424401699040207,11
577,20,26,38,11,5.422962328602487,15
578,55,27,41,13,5.421661683278699,14
579,18,25,9,11,5.420684705901656,14
580,104,17,87,6,5.418907024921248,11
581,90,37,28,15,5.407980269819981,22
582,43,11,103,5,5.4056340195812504,6
583,6,27,20,13,5.3915163015983865,14
584,110,23,65,9,5.3850619906564345,14
585,8,66,41,30,5.38335326188138,36
586,74,23,73,10,5.381257055101065,13
587,6,39,48,17,5.377342390796052,22
588,65,11,66,5,5.361243620827198,6
589,54,11,71,4,5.354693946074447,7
590,90,15,17,7,5.305025174909248,8
591,107,10,59,4,5.297733762485309,6
592,104,11,23,5,5.297019179014435,6
593,17,23,79,10,5.280486878224028,13
594,90,23,48,10,5.2776156591373855,13
595,88,37,54,16,5.275598112427002,21
596,63,15,85,7,5.266282773446653,8
597,76,35,48,14,5.264639135669365,21
598,74,12,104,5,5.250027134181312,7
599,14,13,79,5,5.225020209971016,8
600,16,16,93,7,5.217988854591054,9
601,55,14,18,6,5.21003106995447,8
602,16,17,57,8,5.190965262638069,9
603,111,10,57,4,5.186942618450884,6
604,104,15,62,6,5.186101581217904,9
605,30,29,8,11,5.181741196459269,18
606,11,17,87,7,5.176735910144514,10
607,73,24,84,8,5.172867570272621,16
608,28,48,54,20,5.158061629177753,28
609,26,38,20,16,5.156160372920298,22
610,75,14,9,5,5.136583522371566,9
611,41,29,89,12,5.128070897369617,17
612,87,31,91,13,5.12269354596261,18
613,103,21,18,9,5.1172633080953505,12
614,70,10,48,4,5.103393723771425,6
615,51,13,107,5,5.09825313484429,8
616,9,11,1,5,5.096238795529086,6
617,29,25,84,11,5.094046057364016,14
618,39,17,63,7,5.052516246166987,10
619,48,18,96,8,5.049834910844428,10
620,79,16,73,7,5.012547822539445,9
621,108,13,63,5,4.996425532523546,8
622,91,37,9,16,4.981773951662844,21
623,89,10,20,4,4.976403038151212,6
624,10,10,59,5,4.967497448599417,5
625,73,10,85,4,4.960807319232127,6
626,106,16,41,7,4.960372389296862,9
627,63,37,86,14,4.951705107059465,23
628,98,50,103,20,4.945713818521071,30
629,46,11,103,5,4.9349144398730305,6
630,51,16,79,7,4.928842881668873,9
631,84,31,85,15,4.922650840746779,16
632,93,30,74,11,4.917683135551752,19
633,11,16,48,7,4.898330615406472,9
634,17,14,62,6,4.879527781166455,8
635,62,27,9,11,4.876428914210389,16
636,86,27,88,11,4.870031949208748,16
637,16,22,73,10,4.863726239262455,12
638,96,11,63,5,4.85629700625709,6
639,38,24,87,10,4.849210013950484,14
640,89,11,109,5,4.829014520032646,6
641,74,12,80,6,4.827940877053677,6
642,88,44,76,20,4.825020915480377,24
643,11,11,51,6,4.818642070993009,5
644,84,16,71,7,4.814735695586892,9
645,55,29,6,10,4.803715742468646,19
646,8,12,39,6,4.797245812540771,6
647,34,10,103,3,4.7904730345691835,7
648,74,24,29,11,4.789077465546291,13
649,70,15,74,6,4.788300486281876,9
650,9,21,89,7,4.786570717016554,14
651,111,10,104,4,4.785383853867563,6
652,84,29,34,11,4.780446789091473,18
653,23,16,26,7,4.7747757947662715,9
654,98,17,94,7,4.761676089313327,10
655,87,38,29,16,4.756132257695766,22
656,28,14,97,7,4.749791544814042,7
657,6,12,32,5,4.741771241477238,7
658,37,13,107,6,4.741223447216745,7
659,16,26,91,11,4.7343759428840775,15
660,11,16,9,7,4.72996023302619,9
661,23,42,98,17,4.71986953427498,25
662,89,24,65,11,4.719339811655218,13
663,109,19,93,8,4.710552248323453,11
664,37,41,8,18,4.7000187472787,23
665,46,28,54,11,4.696492010204566,17
666,55,15,90,6,4.68770976754673,9
667,87,15,75,7,4.68733022544958,8
668,26,16,6,6,4.685058896386023,10
669,46,11,18,4,4.678291795136257,7
670,9,17,94,8,4.674479868043111,9
671,41,53,20,21,4.672832095577478,32
672,34,21,109,9,4.6501092447521994,12
673,9,29,88,12,4.640775240739044,17
674,16,23,104,10,4.63379333705212,13
675,68,11,87,5,4.6261419910984936,6
676,84,12,39,6,4.6231931515811615,6
677,86,42,107,18,4.60515208171478,24
678,86,10,15,5,4.60305467364883,5
679,8,101,9,46,4.590254866611679,55
680,20,28,109,10,4.59010415885617,18
681,6,22,86,10,4.5754436396942,12
682,2,31,6,13,4.57536971568475,18
683,17,15,48,7,4.57243158960934,8
684,2,37,9,17,4.570200756721712,20
685,84,12,44,5,4.567287740540188,7
686,75,23,16,10,4.563833694281337,13
687,79,35,107,14,4.563667127320086,21
688,55,22,32,9,4.561305856484579,13
689,16,28,6,13,4.5581652422222145,15
690,55,17,63,8,4.555889732262362,9
691,74,21,106,10,4.549705086583889,11
692,8,16,96,7,4.548961209547798,9
693,50,13,39,6,4.548306045444576,7
694,90,26,8,11,4.539275050684182,15
695,28,26,17,11,4.527104650820006,15
696,86,13,14,7,4.5235348439430325,6
697,20,86,65,36,4.523427668367042,50
698,111,29,93,14,4.510765206652466,15
699,9,17,59,7,4.5029610514141964,10
700,29,11,62,5,4.502398822563124,6
701,111,29,91,14,4.500138929465921,15
702,29,21,93,9,4.4989593922467,12
703,8,34,109,15,4.496969100534061,19
704,111,21,29,11,4.484029622528672,10
705,63,27,16,12,4.483061798201042,15
706,79,21,75,8,4.481307871244594,13
707,111,25,15,10,4.472513123100842,15
708,9,42,86,18,4.471433189978505,24
709,37,40,98,17,4.46185157252123,23
710,74,35,107,15,4.435896642118504,20
711,37,23,74,10,4.434678719983253,13
712,16,29,107,12,4.421752842699685,17
713,48,12,39,6,4.409523912199052,6
714,29,29,8,13,4.3862864415616,16
715,1,14,65,6,4.384642024421804,8
716,6,27,91,12,4.3779734566970445,15
717,54,13,89,5,4.375934710162813,8
718,87,11,94,5,4.375015437142173,6
719,90,11,62,5,4.371292877846259,6
720,79,13,44,6,4.35641543376227,7
721,14,20,28,7,4.343832047386857,13
722,38,32,9,15,4.337520489331945,17
723,16,66,65,30,4.336633855356834,36
724,35,12,28,5,4.32928906687427,7
725,30,20,48,8,4.312431377271299,12
726,41,20,1,7,4.310885836842606,13
727,85,15,48,6,4.3053632687921874,9
728,8,85,79,41,4.303137084355776,44
729,32,25,98,11,4.297859841525708,14
730,87,25,88,10,4.293791057606334,15
731,46,21,76,8,4.290697960762892,13
732,98,48,84,21,4.290567988042359,27
733,103,34,28,15,4.283445470085917,19
734,28,22,85,10,4.272972553475371,12
735,37,24,88,10,4.265987830661223,14
736,16,43,88,17,4.261578871224798,26
737,58,11,9,4,4.244957448818405,7
738,18,13,49,6,4.243576516469453,7
739,97,11,8,4,4.238412616249588,7
740,29,26,20,11,4.235090000321542,15
741,16,19,62,8,4.231831363925152,11
742,50,34,103,15,4.223445001067976,19
743,16,12,52,5,4.223312581999777,7
744,50,26,38,11,4.210629481734024,15
745,26,24,103,11,4.2106057067079385,13
746,70,22,76,9,4.19015960066655,13
747,26,31,65,14,4.172411189315191,17
748,84,23,38,9,4.170162932302742,14
749,2,16,32,7,4.169077635966495,9
750,44,10,75,4,4.15986118876275,6
751,74,37,91,17,4.145308331268211,20
752,35,14,86,5,4.145135736198837,9
753,20,39,79,17,4.137108731927964,22
754,103,28,54,13,4.131111544590628,15
755,87,57,20,25,4.108344151100899,32
756,75,11,23,5,4.104457342593521,6
757,32,15,38,6,4.090422340111541,9
758,16,69,84,31,4.082924009781385,38
759,98,38,50,18,4.075108597079137,20
760,65,10,75,4,4.061741964132056,6
761,111,24,50,10,4.056346583547234,14
762,87,56,79,27,4.04134035206165,29
763,54,10,13,5,4.026874717547941,5
764,71,11,9,5,4.021322013713808,6
765,10,24,48,11,4.007661201519657,13
766,10,11,109,5,4.004247407956422,6
767,98,45,107,19,3.9960773542760277,26
768,104,13,10,6,3.98234198179897,7
769,91,37,107,15,3.981915756627803,22
770,65,111,9,50,3.979446145588556,61
771,26,26,28,11,3.9790441547640487,15
772,14,11,9,4,3.9753531338355614,7
773,70,31,84,14,3.961928554018208,17
774,93,18,10,7,3.9549788743691674,11
775,23,39,84,18,3.9529498437083554,21
776,6,22,73,11,3.947699618921396,11
777,17,11,34,5,3.9434388890065653,6
778,65,69,54,32,3.928858591790434,37
779,16,44,87,20,3.9093727916352248,24
780,111,39,74,18,3.908635436008302,21
781,94,16,54,8,3.8978006398785645,8
782,96,14,55,6,3.8943089599625167,8
783,48,18,89,8,3.8908343305777393,10
784,38,39,28,18,3.8876478489747184,21
785,86,40,48,17,3.875547087950655,23
786,28,60,18,27,3.856508416717437,33
787,38,14,49,7,3.855128614080598,7
788,23,12,34,6,3.853881899354071,6
789,17,16,49,7,3.8354352643495573,9
790,86,63,79,28,3.8328768923138,35
791,50,13,44,6,3.8266269873582996,7
792,23,40,9,18,3.825851357048053,22
793,32,14,91,7,3.8253106560348464,7
794,8,39,62,18,3.8203580499873473,21
795,30,33,86,12,3.8189797321177363,21
796,91,10,75,5,3.815297916319733,5
797,20,26,88,11,3.802908223795737,15
798,93,15,18,7,3.8000555745474087,8
799,86,25,96,11,3.7918746862284625,14
800,26,11,110,6,3.7814954576991564,5
801,57,15,55,8,3.7814243990139818,7
802,51,12,50,4,3.7800990421800567,8
803,107,55,20,26,3.7762308393376878,29
804,11,12,84,6,3.7715362491408313,6
805,28,22,49,9,3.761707702389012,13
806,34,16,48,7,3.757100171151603,9
807,12,10,87,5,3.7542048507224997,5
808,57,12,18,4,3.7525453734501917,8
809,74,25,23,12,3.7522629426872345,13
810,8,71,16,30,3.7514366100882657,41
811,10,20,74,8,3.741560720435788,12
812,93,74,65,33,3.7387096294626696,41
813,48,16,41,7,3.7233952099256955,9
814,60,10,87,5,3.716219490276845,5
815,32,14,10,5,3.709056496740225,9
816,84,37,41,15,3.707826473812251,22
817,32,35,8,16,3.704344714378896,19
818,109,17,23,7,3.6771372112100464,10
819,76,18,62,10,3.665603119096149,8
820,86,14,62,8,3.6646334062582624,6
821,57,17,65,6,3.66200460796526,11
822,107,39,9,20,3.6568639580174995,19
823,16,38,37,15,3.653813418657004,23
824,11,13,93,7,3.638432969957416,6
825,54,37,70,17,3.6330290974610886,20
826,10,12,18,4,3.6042571144804363,8
827,106,29,28,12,3.6036961084402037,17
828,93,37,87,16,3.6027270439790913,21
829,54,41,6,16,3.576182334552821,25
830,29,12,46,5,3.5756011188612877,7
831,90,19,54,9,3.5596428529204274,10
832,74,26,6,11,3.551324451472569,15
833,20,32,84,13,3.5442833935533202,19
834,91,15,48,7,3.510341747119144,8
835,65,13,94,6,3.5056909876146594,7
836,84,35,63,15,3.478124168645811,20
837,5,14,8,5,3.4764198977431877,9
838,76,22,35,9,3.461651095947973,13
839,16,15,34,7,3.460781105392662,8
840,34,27,79,13,3.454080054186641,14
841,86,12,57,6,3.4531517504498637,6
842,34,18,65,9,3.423205526978699,9
843,8,30,63,14,3.418619477878193,16
844,23,17,55,8,3.404295001427899,9
845,32,20,84,8,3.403700726822617,12
846,57,12,6,4,3.4000169565132325,8
847,91,12,18,5,3.399195770216398,7
848,65,16,15,8,3.3963132917863037,8
849,76,14,13,7,3.383197454645703,7
850,104,15,55,7,3.3746149312999796,8
851,90,19,2,9,3.3730708336092663,10
852,90,22,37,10,3.364992042534833,12
853,49,18,6,8,3.361990920437635,10
854,65,27,109,14,3.3617758820453996,13
855,48,24,107,11,3.324639262352747,13
856,111,51,9,25,3.320225202022207,26
857,86,19,85,10,3.3148592503123893,9
858,75,11,76,4,3.3071188013348984,7
859,23,22,86,10,3.3045595000103454,12
860,33,11,28,5,3.303759015094735,6
861,74,19,50,9,3.2938750312138994,10
862,35,10,9,5,3.2814605351740482,5
863,90,31,111,13,3.2679216950842256,18
864,59,11,98,5,3.2664563544762513,6
865,46,14,86,6,3.264811717981154,8
866,73,30,65,13,3.2644989461981972,17
867,55,83,8,35,3.2636828555126196,48
868,51,26,8,11,3.2614570414763673,15
869,50,31,86,14,3.258775013581551,17
870,62,28,28,11,3.2557773269494237,17
871,8,80,87,35,3.25520601051518,45
872,76,15,18,6,3.2371919896499475,9
873,49,11,85,5,3.2340490592317157,6
874,55,19,106,8,3.2161809115675513,11
875,48,45,9,19,3.209131837830751,26
876,64,12,84,6,3.2041885529809053,6
877,87,60,86,26,3.2030036029458007,34
878,91,13,37,6,3.1893915884876662,7
879,34,11,90,5,3.1893577063202954,6
880,107,36,50,15,3.1858618455118837,21
881,111,15,75,8,3.1768571401147816,7
882,18,13,88,6,3.1759771370815293,7
883,74,12,108,6,3.1689586707194892,6
884,44,14,8,5,3.1679643082660265,9
885,14,18,8,8,3.164886384508364,10
886,73,16,54,7,3.15458999081358,9
887,13,25,98,9,3.153596256229528,16
888,16,54,98,24,3.1532282189912895,30
889,34,24,28,10,3.144888496647179,14
890,13,14,111,6,3.137242431792204,8
891,104,15,51,7,3.112954444351724,8
892,43,16,65,8,3.0818646979565365,8
893,84,10,52,5,3.070377905456948,5
894,26,17,43,7,3.0481873322386313,10
895,1,15,86,7,3.0234071702801644,8
896,38,18,16,9,3.0174584469144032,9
897,84,38,55,17,3.01546805583361,21
898,63,18,98,9,3.0073208177516255,9
899,51,15,65,7,3.002433018856541,8
900,26,16,89,8,3.0015441091670585,8
901,57,11,109,4,2.9843830658057695,7
902,48,11,108,4,2.963900529529869,7
903,51,21,16,8,2.9622705722069407,13
904,54,11,75,5,2.9498939570669074,6
905,32,33,28,15,2.9362166355349024,18
906,85,20,98,8,2.9230483905619185,12
907,91,19,44,8,2.9196808859177223,11
908,13,29,9,12,2.9131917778567793,17
909,15,21,54,9,2.909263028328593,12
910,49,27,55,15,2.9040234972896877,12
911,2,41,10,18,2.8955248222440733,23
912,30,19,6,7,2.8896247906630976,12
913,111,22,76,12,2.8888180973130932,10
914,76,13,109,4,2.8773626055464465,9
915,90,25,107,12,2.8707019854150553,13
916,13,15,107,6,2.868680431586483,9
917,8,76,54,36,2.865360866158664,40
918,54,21,29,8,2.8437383782919365,13
919,8,88,107,42,2.8401744909904605,46
920,73,20,98,9,2.8332039167724927,11
921,26,47,8,23,2.8321807044990077,24
922,54,21,23,9,2.818710864845722,12
923,103,26,91,14,2.81795550429567,12
924,38,55,65,25,2.8065899103574585,30
925,17,30,103,13,2.786263791329437,17
926,50,15,89,7,2.7678854176457244,8
927,41,40,23,18,2.767380745524291,22
928,2,18,23,9,2.7670043698876174,9
929,90,24,87,10,2.755939182722379,14
930,41,41,38,19,2.750634921689274,22
931,48,19,103,9,2.74551902113029,10
932,23,34,87,15,2.7440714521900342,19
933,74,41,86,19,2.7326033248166657,22
934,23,14,29,6,2.7325720738957853,8
935,79,25,89,10,2.7323432784581803,15
936,2,12,66,5,2.7316672474880774,7
937,26,14,30,9,2.729526864464305,5
938,50,37,55,19,2.7164593279225335,18
939,6,49,79,23,2.7115589937863547,26
940,103,24,55,11,2.703742749314949,13
941,46,27,28,12,2.698112414293377,15
942,74,48,9,21,2.6824004560683736,27
943,23,12,48,6,2.6721896490462043,6
944,80,16,106,7,2.662467106801564,9
945,30,25,38,13,2.6609022960305304,12
946,15,14,8,7,2.659395326985167,7
947,70,27,87,12,2.659290912641029,15
948,109,17,84,8,2.647899017987723,9
949,30,33,79,14,2.6364689247006474,19
950,84,79,9,34,2.636062111742769,45
951,98,57,54,28,2.6147362809185486,29
952,18,10,38,5,2.612917260417028,5
953,55,12,97,6,2.611398350343413,6
954,51,18,55,8,2.6007805293226247,10
955,98,33,29,16,2.599178855969541,17
956,38,20,112,9,2.5875581099779743,11
957,48,35,37,17,2.564870406200917,18
958,90,21,16,10,2.556904125602615,11
959,30,10,11,4,2.556482524063204,6
960,91,41,8,20,2.5454365457229,21
961,49,15,48,8,2.5444991556032637,7
962,98,32,10,15,2.5398512725547144,17
963,10,26,87,13,2.53847837357819,13
964,74,20,55,11,2.533869260717271,9
965,63,10,49,5,2.5291147398136253,5
966,44,14,16,8,2.522508039167435,6
967,65,50,103,21,2.4835688434443703,29
968,37,15,62,7,2.478947668963917,8
969,52,12,79,5,2.4761549683770885,7
970,26,27,98,15,2.4699465773486544,12
971,10,19,90,8,2.446032075882012,11
972,65,86,88,39,2.4450870622571257,47
973,79,15,35,7,2.4414517126522157,8
974,63,19,88,9,2.4297157289241893,10
975,28,80,16,37,2.4224181508189493,43
976,30,22,29,11,2.421380017436647,11
977,107,24,76,11,2.4112620333596455,13
978,43,22,74,10,2.3993639128069244,12
979,18,18,6,8,2.3903639022739704,10
980,65,24,91,13,2.37035213457978,11
981,79,50,48,24,2.369303171222038,26
982,8,25,68,12,2.35813484080187,13
983,58,12,2,5,2.3563851300758447,7
984,84,71,86,32,2.338435969725922,39
985,41,11,94,5,2.327533953224649,6
986,9,24,70,12,2.3226132239902557,12
987,28,39,37,18,2.3108067440306623,21
988,87,32,54,15,2.279380424010783,17
989,108,12,107,6,2.2778401474444223,6
990,20,13,32,6,2.2751108005385445,7
991,110,13,103,6,2.273244319256744,7
992,13,10,30,4,2.273061958601036,6
993,2,36,54,17,2.266311791525705,19
994,62,18,32,9,2.263686769900323,9
995,37,40,9,18,2.2628015576501816,22
996,52,11,8,6,2.257162770789511,5
997,62,10,106,5,2.25172428368668,5
998,103,26,87,12,2.244435120608379,14
999,74,57,28,28,2.2349949672748606,29
1000,30,19,18,8,2.2260639921626733,11
1001,8,11,58,6,2.225895511877211,5
1002,54,12,57,5,2.224387822283533,7
1003,87,16,110,7,2.217613390941449,9
1004,8,28,106,14,2.2101298280894754,14
1005,8,64,86,28,2.206968534697074,36
1006,86,11,89,5,2.1974022229705885,6
1007,73,35,41,16,2.1896111209660925,19
1008,89,18,98,8,2.1800794132028996,10
1009,111,19,46,9,2.165349951686943,10
1010,9,11,15,5,2.1575516880448644,6
1011,18,10,32,5,2.157224109221358,5
1012,29,21,79,10,2.154722811821747,11
1013,16,49,41,24,2.1541831229994863,25
1014,84,44,111,19,2.142252654485593,25
1015,16,37,76,18,2.1381270128695977,19
1016,111,33,26,15,2.137133581510591,18
1017,32,19,50,10,2.1367023944769645,9
1018,86,17,104,9,2.101840185723775,8
1019,11,17,79,10,2.1000015129710556,7
1020,2,15,85,8,2.096764877404634,7
1021,9,17,104,7,2.074620642084027,10
1022,79,37,88,15,2.0647530534302163,22
1023,91,18,10,8,2.053920396033922,10
1024,20,46,98,21,2.0517374400705877,25
1025,38,52,98,24,2.0498657703552294,28
1026,50,47,79,24,2.043868777757167,23
1027,84,72,65,35,2.037917633089768,37
1028,50,12,3,6,2.0377948804903228,6
1029,88,20,93,12,2.03337259421067,8
1030,87,68,65,31,2.031976896806863,37
1031,32,26,16,12,2.021073617693015,14
1032,59,14,8,7,2.010238389237962,7
1033,85,12,66,6,2.002988916691535,6
1034,37,10,71,4,1.989603705819686,6
1035,79,59,37,26,1.9886494787106563,33
1036,57,25,84,11,1.9838455756579165,14
1037,103,13,37,6,1.9837820518429876,7
1038,49,11,29,4,1.9792119029563418,7
1039,54,40,50,17,1.9685166822318956,23
1040,55,40,88,17,1.9632957995288727,23
1041,65,46,86,22,1.9570230556604997,24
1042,98,13,106,7,1.9401901762662823,6
1043,76,24,6,12,1.937944044447951,12
1044,34,18,20,7,1.9316894236613227,11
1045,62,10,48,4,1.9270832455013291,6
1046,10,13,29,6,1.9268740097605626,7
1047,6,22,37,11,1.9187411338779805,11
1048,74,66,8,32,1.9079079826419596,34
1049,76,10,17,4,1.904894860536603,6
1050,19,15,41,8,1.9044917395497039,7
1051,62,29,87,13,1.8959853967718379,16
1052,18,22,50,11,1.8931976139879358,11
1053,16,12,35,6,1.881008846062058,6
1054,98,27,18,13,1.877022513938192,14
1055,80,17,65,7,1.8710214331299517,10
1056,91,10,39,4,1.864576968002248,6
1057,86,60,54,29,1.8509587831499028,31
1058,86,18,75,8,1.8475379770414249,10
1059,2,30,111,14,1.8367449192872438,16
1060,54,35,79,17,1.8339047649993603,18
1061,23,28,107,13,1.8276795818601932,15
1062,13,23,48,9,1.826962716847497,14
1063,52,13,65,6,1.8219258225521469,7
1064,20,22,73,11,1.8197178736344486,11
1065,93,10,85,4,1.8184953609101577,6
1066,9,15,44,9,1.817277039700739,6
1067,87,25,32,13,1.8019631830327207,12
1068,85,13,76,5,1.8000085206097032,8
1069,96,15,28,7,1.798109167181381,8
1070,8,21,75,10,1.7971565748640823,11
1071,30,41,28,19,1.7778543521460957,22
1072,91,21,23,10,1.763456948877457,11
1073,107,21,104,9,1.7432274674115629,12
1074,17,12,30,6,1.7366091011141076,6
1075,70,58,8,29,1.7358583823266793,29
1076,16,29,103,14,1.7358551004647216,15
1077,76,10,45,5,1.7263356630732685,5
1078,54,29,91,16,1.7259493348898993,13
1079,84,49,107,22,1.721198686708916,27
1080,87,27,37,14,1.717530877322721,13
1081,41,57,79,28,1.7119654486461777,29
1082,98,64,2,31,1.7021460905964025,33
1083,37,16,38,8,1.7020262096785106,8
1084,38,11,76,5,1.699907222636557,6
1085,93,26,107,12,1.6992218170224516,14
1086,73,31,8,13,1.6827099795090423,18
1087,91,16,62,8,1.6816681613432138,8
1088,87,12,13,5,1.680290942229875,7
1089,6,43,84,20,1.6603963416889103,23
1090,99,11,41,5,1.6483642965326255,6
1091,8,43,103,18,1.6388984297731046,25
1092,6,49,65,26,1.6288389900978633,23
1093,61,12,41,6,1.628336008941049,6
1094,103,26,6,11,1.6275337563735748,15
1095,5,16,79,9,1.6063038188326542,7
1096,104,27,8,11,1.5847929007576513,16
1097,76,10,14,5,1.56343838736732,5
1098,9,35,6,16,1.557967815496838,19
1099,84,11,46,5,1.5536654797415743,6
1100,74,18,63,9,1.537587239036068,9
1101,6,21,46,9,1.5348461201360555,12
1102,85,12,38,6,1.5317416798467223,6
1103,28,29,70,15,1.528822200513599,14
1104,63,13,14,6,1.5219308064414174,7
1105,74,52,84,25,1.5032704959262344,27
1106,1,13,84,6,1.5030861165131688,7
1107,65,77,28,36,1.5022420459271182,41
1108,55,18,43,9,1.4993353058682126,9
1109,8,49,18,23,1.486178193427121,26
1110,2,27,109,11,1.484515892189103,16
1111,65,20,71,9,1.4831854809863998,11
1112,5,11,2,6,1.4830828720803892,5
1113,62,23,2,12,1.45053493375147,11
1114,41,18,18,8,1.4488156792449156,10
1115,50,36,41,18,1.4450486751473977,18
1116,88,40,28,20,1.4428071062298002,20
1117,98,70,8,33,1.4400631337443104,37
1118,103,10,57,6,1.4334929374709406,4
1119,65,10,3,5,1.425825292351592,5
1120,84,22,96,10,1.42272644115059,12
1121,8,47,20,22,1.420582435666663,25
1122,6,40,98,19,1.4155859140392824,21
1123,51,11,6,4,1.4047930882718538,7
1124,85,15,107,5,1.4027465268810781,10
1125,8,42,50,21,1.3971182132620348,21
1126,51,26,84,11,1.3946044446619845,15
1127,65,34,10,16,1.3889990791790807,18
1128,16,32,10,15,1.3769942516048166,17
1129,23,24,88,11,1.3769043869202309,13
1130,5,11,20,5,1.3762491741307408,6
1131,28,52,48,26,1.3709489943903235,26
1132,63,19,87,9,1.3686247132739577,10
1133,88,11,51,5,1.3668352390432403,6
1134,23,14,32,8,1.36299015760623,6
1135,16,18,1,9,1.3602664332342813,9
1136,74,12,75,6,1.3554590976430498,6
1137,50,20,29,9,1.3540456886595515,11
1138,111,55,28,26,1.352453576285694,29
1139,5,20,28,10,1.3493326587417727,10
1140,29,18,34,10,1.3490741689669339,8
1141,20,43,28,19,1.3478722546865523,24
1142,76,30,9,14,1.3464329670764867,16
1143,88,29,107,13,1.3380554101808453,16
1144,84,75,28,37,1.3281572739401961,38
1145,62,23,88,11,1.3277639684106675,12
1146,55,16,73,8,1.3250772092992573,8
1147,23,25,6,12,1.3241402538193012,13
1148,37,35,65,16,1.3173393657012906,19
1149,38,17,106,8,1.3101869215810398,9
1150,54,47,20,21,1.3082635912660832,26
1151,2,26,38,14,1.3015228654551918,12
1152,88,11,104,5,1.284044959434777,6
1153,112,12,109,6,1.2807700475171355,6
1154,55,12,5,5,1.2717408201175149,7
1155,70,50,98,24,1.2645113460830104,26
1156,55,12,17,6,1.2644044388351476,6
1157,87,51,107,23,1.2574409003521934,28
1158,8,24,43,12,1.2491635720553627,12
1159,23,42,65,21,1.2395198214726815,21
1160,14,10,16,4,1.2378356380358335,6
1161,16,51,54,25,1.2330888264862843,26
1162,48,31,55,14,1.215644939535552,17
1163,17,14,54,7,1.2121687634663056,7
1164,13,22,65,9,1.205003904356244,13
1165,8,19,85,10,1.1861465554197632,9
1166,50,23,16,12,1.1818243816176008,11
1167,103,10,1,6,1.178228962480731,4
1168,50,41,2,19,1.1723149758294293,22
1169,109,23,98,11,1.1685291459099245,12
1170,79,76,9,37,1.156057079763386,39
1171,73,25,87,11,1.1555083165045317,14
1172,2,11,44,5,1.1530964006985889,6
1173,96,16,79,7,1.1513538575456803,9
1174,79,27,104,11,1.1505168859403772,16
1175,2,24,88,11,1.1431667929787546,13
1176,79,36,38,17,1.1399672014475488,19
1177,10,13,88,6,1.116078708489712,7
1178,97,10,63,5,1.113626272118395,5
1179,8,24,11,11,1.1119848585601473,13
1180,29,33,28,16,1.111104248250653,17
1181,16,10,56,4,1.1063673005412145,6
1182,20,23,112,10,1.105711363718498,13
1183,30,25,84,12,1.1014873070906024,13
1184,2,10,14,5,1.0959529328783628,5
1185,65,41,29,18,1.0863542275741345,23
1186,107,64,28,32,1.0685934078697672,32
1187,76,15,103,6,1.064891024931597,9
1188,34,23,9,12,1.0530539128922707,11
1189,74,16,62,9,1.038357756374001,7
1190,8,92,65,41,1.0360299729293234,51
1191,86,26,91,13,1.0337576457460722,13
1192,54,28,18,13,1.0250295523893804,15
1193,107,36,103,17,1.0215275466090674,19
1194,90,22,84,11,1.0189289914353545,11
1195,50,13,76,8,1.0154044917487344,5
1196,79,11,94,5,0.999869198006996,6
1197,32,15,74,7,0.9878312338208298,8
1198,41,16,30,8,0.9850557086879019,8
1199,111,16,68,7,0.9831903657030904,9
1200,103,44,9,24,0.9734466854109779,20
1201,68,10,16,5,0.9723777343104946,5
1202,70,15,50,8,0.9670623069266762,7
1203,10,11,15,6,0.9620268464624092,5
1204,84,28,49,14,0.9573548536710029,14
1205,20,19,68,10,0.9561217863728688,9
1206,20,10,66,4,0.9364744036490531,6
1207,85,19,9,8,0.9266510351352133,11
1208,13,11,74,5,0.9258529887550367,6
1209,103,12,89,5,0.9245541578032253,7
1210,79,63,111,29,0.9222403087278062,34
1211,60,11,9,6,0.9156618531106675,5
1212,93,15,49,8,0.9146738839447187,7
1213,30,26,98,11,0.8945913052519345,15
1214,50,17,75,9,0.8886330598797062,8
1215,79,30,93,16,0.8801121352343778,14
1216,29,12,18,7,0.8741742779448103,5
1217,88,23,48,12,0.8691420269150582,11
1218,110,16,38,7,0.8664214429000395,9
1219,20,33,30,15,0.8624210657658014,18
1220,37,11,75,5,0.8613050770633002,6
1221,65,21,106,10,0.8544195862331218,11
1222,48,36,87,17,0.8422049682665195,19
1223,103,16,32,7,0.8405021181328091,9
1224,111,44,87,22,0.837629282060696,22
1225,50,12,5,6,0.8355366372849052,6
1226,87,46,84,22,0.8185557762768446,24
1227,109,16,79,8,0.8037643927102174,8
1228,86,44,98,23,0.7963803644953341,21
1229,49,25,54,13,0.7952964242907768,12
1230,98,57,74,29,0.7836006339144945,28
1231,29,25,9,13,0.7771037627191238,12
1232,79,74,84,35,0.7662941726861723,39
1233,112,17,87,9,0.7591685884445001,8
1234,55,12,13,6,0.7567536850396058,6
1235,28,17,73,7,0.7445408150621146,10
1236,37,11,73,5,0.7437455399697707,6
1237,46,12,10,6,0.7362386600396065,6
1238,85,14,41,7,0.7329420279882578,7
1239,2,38,87,17,0.7210314064467757,21
1240,55,16,34,7,0.7072850076733446,9
1241,50,60,28,30,0.7023493434521637,30
1242,98,69,79,36,0.6924215661390296,33
1243,41,23,43,11,0.6921842337130496,12
1244,11,29,28,15,0.6847851673650321,14
1245,86,77,28,35,0.6806931777985841,42
1246,39,10,16,4,0.676252099870446,6
1247,8,66,2,34,0.6662102238933972,32
1248,50,23,34,13,0.6618712012138183,10
1249,76,13,20,7,0.6610311160325412,6
1250,65,33,104,18,0.6526567218920184,15
1251,32,10,30,5,0.6490824873820774,5
1252,91,21,88,10,0.6418498921600013,11
1253,107,38,38,19,0.6364100973350881,19
1254,37,14,51,7,0.628648161205865,7
1255,111,37,20,19,0.6068837109506102,18
1256,79,18,49,8,0.6053065369071557,10
1257,91,43,79,20,0.6044413713691875,23
1258,62,18,38,9,0.6043816495722358,9
1259,87,20,57,10,0.6008668781269118,10
1260,91,24,20,11,0.5981833324333832,13
1261,54,19,3,10,0.596372630298602,9
1262,98,20,101,11,0.594870864776421,9
1263,54,37,107,18,0.5889535415404149,19
1264,15,14,2,7,0.5683026145731128,7
1265,8,69,84,35,0.5615927375138012,34
1266,89,17,111,9,0.5563633904658294,8
1267,74,44,87,23,0.551215304799837,21
1268,65,22,62,12,0.5500070971701462,10
1269,10,18,37,8,0.5468156041706492,10
1270,91,16,109,7,0.5400354078433115,9
1271,11,19,16,10,0.5396980687671015,9
1272,66,13,41,7,0.534743534153649,6
1273,16,51,2,25,0.525770434070558,26
1274,91,13,73,5,0.5133686150476426,8
1275,2,25,30,13,0.5037954043160977,12
1276,65,24,85,13,0.4890240020108274,11
1277,23,16,30,9,0.4884824633855258,7
1278,70,13,20,7,0.48625772561519326,6
1279,28,71,79,38,0.48537537838782796,33
1280,32,10,94,5,0.48339556643762405,5
1281,26,39,41,23,0.4754162497584248,16
1282,98,16,58,9,0.4540736471862188,7
1283,63,28,107,12,0.4513983463804988,16
1284,43,19,107,9,0.4507488550115603,10
1285,88,18,41,9,0.44177382423880074,9
1286,55,60,65,27,0.4385759350524103,33
1287,26,11,50,6,0.4324180875363617,5
1288,18,26,107,12,0.429900344442799,14
1289,98,33,93,16,0.4249481440030074,17
1290,85,20,54,9,0.42227408911351655,11
1291,96,11,54,6,0.4203802696764918,5
1292,93,16,55,8,0.39897461255756417,8
1293,48,33,98,17,0.3967785099913375,16
1294,8,50,88,25,0.39155858119761916,25
1295,79,42,74,18,0.3831053597484213,24
1296,8,84,28,41,0.3752560383144503,43
1297,79,16,80,8,0.3747455905620363,8
1298,46,15,98,7,0.3640759967683955,8
1299,63,21,106,10,0.36322298397703345,11
1300,30,10,104,4,0.34924327499157465,6
1301,17,14,50,7,0.340792809618303,7
1302,49,17,91,9,0.3285488305810779,8
1303,85,26,79,14,0.32471454085637974,12
1304,11,10,85,6,0.3172500994391079,4
1305,88,32,111,15,0.31153401809271974,17
1306,86,11,66,6,0.2691198516965333,5
1307,37,22,70,11,0.26541516331841886,11
1308,54,44,84,21,0.2633931538816796,23
1309,6,15,50,8,0.25221455967010464,7
1310,103,28,38,14,0.2481523476415201,14
1311,98,18,5,9,0.23991249503077494,9
1312,86,10,80,6,0.23136426710937422,4
1313,88,18,50,8,0.21637443249567034,10
1314,9,24,66,12,0.214435251865133,12
1315,87,11,71,6,0.21156446783375316,5
1316,103,13,85,6,0.21041645110054574,7
1317,79,69,16,33,0.20708192255499022,36
1318,91,16,57,9,0.20331294128054944,7
1319,30,22,74,10,0.20088773846185115,12
1320,75,22,84,11,0.1977893844371876,11
1321,29,36,41,18,0.19641039337775912,18
1322,55,43,16,21,0.18988505981579376,22
1323,34,11,1,4,0.18667100823416566,7
1324,55,17,70,8,0.1620901321299596,9
1325,93,20,86,10,0.1616165281959887,10
1326,50,18,11,9,0.16160464462576604,9
1327,111,28,23,15,0.1581620727797386,13
1328,26,19,2,10,0.15549736717273138,9
1329,57,14,98,6,0.14718708116915735,8
1330,6,23,112,11,0.14608972875934934,12
1331,70,22,2,10,0.13842008541162054,12
1332,74,40,41,22,0.1069451118325894,18
1333,6,44,8,21,0.09437629853605566,23
1334,6,29,41,15,0.0941275477253323,14
1335,50,18,63,9,0.08548736725775896,9
1336,65,33,17,16,0.08426322185815655,17
1337,93,33,20,18,0.08368758505146223,15
1338,111,49,55,26,0.08160768943954089,23
1339,86,28,51,14,0.0726375210871397,14
1340,90,12,13,7,0.07139738029094156,5
1341,106,29,86,14,0.0631569008883137,15
1342,84,26,14,15,0.05843126963561673,11
1343,9,42,98,19,0.04938102254810637,23
1344,29,23,55,10,0.039422511567713675,13
1345,40,14,65,6,0.022138801901295854,8
1346,69,12,28,6,0.011874228565720438,6
1347,48,48,16,24,0.0060620685239879775,24
1348,28,24,44,14,0.005777033075436607,10
1349,26,10,86,5,0.004038355127033889,5
1350,86,10,26,5,-0.004038355127033889,5
1351,44,24,28,10,-0.005777033075437051,14
1352,16,48,48,24,-0.006062068523988162,24
1353,28,12,69,6,-0.011874228565721623,6
1354,65,14,40,8,-0.022138801901296672,6
1355,55,23,29,13,-0.03942251156771319,10
1356,50,50,84,26,-0.041920488873883596,24
1357,98,42,9,23,-0.04938102254810671,19
1358,76,38,65,18,-0.05184006466891194,20
1359,14,26,84,11,-0.05843126963561673,15
1360,86,29,106,15,-0.06315690088831322,14
1361,13,12,90,5,-0.071397380290942,7
1362,51,28,86,14,-0.07263752108713886,14
1363,63,18,50,9,-0.08548736725775896,9
1364,84,47,103,22,-0.09369403051445593,25
1365,41,29,6,14,-0.09412754772533327,15
1366,43,19,20,10,-0.09655439021695145,9
1367,98,63,28,33,-0.09777663764031136,30
1368,41,40,74,18,-0.10694511183258992,22
1369,74,47,54,25,-0.11602595236064492,22
1370,17,17,20,9,-0.12665014758012894,8
1371,111,25,30,13,-0.14558741487159338,12
1372,98,14,57,8,-0.14718708116915735,6
1373,11,18,50,9,-0.16160464462576643,9
1374,86,20,93,10,-0.16161652819598818,10
1375,70,17,55,9,-0.16209013212995918,8
1376,87,34,98,16,-0.1724338468755451,18
1377,17,19,74,10,-0.18384205614173943,9
1378,16,37,111,20,-0.1929815390724199,17
1379,84,22,75,11,-0.19778938443718774,11
1380,74,22,30,12,-0.20088773846185182,10
1381,57,16,91,7,-0.2033129412805491,9
1382,85,13,103,7,-0.21041645110054602,6
1383,71,11,87,5,-0.21156446783375446,6
1384,79,47,76,23,-0.21353395465678998,24
1385,66,24,9,12,-0.2144352518651352,12
1386,50,18,88,10,-0.21637443249567034,8
1387,79,82,65,40,-0.2166730869462607,42
1388,80,10,86,4,-0.23136426710937422,6
1389,79,18,57,10,-0.23975285216616626,8
1390,5,18,98,9,-0.23991249503077505,9
1391,38,28,103,14,-0.24815234764151944,14
1392,84,60,37,31,-0.25971568571486026,29
1393,84,44,54,23,-0.26339315388167894,21
1394,70,22,37,11,-0.2654151633184179,11
1395,28,71,2,37,-0.2664464774782691,34
1396,66,11,86,5,-0.2691198516965327,6
1397,10,27,111,13,-0.3114645815059003,14
1398,111,32,88,17,-0.31153401809271863,15
1399,85,10,11,4,-0.31725009943910754,6
1400,91,17,49,8,-0.32854883058107764,9
1401,43,16,98,8,-0.334919329248079,8
1402,104,10,30,6,-0.3492432749915757,4
1403,106,21,63,11,-0.36322298397703345,10
1404,98,15,46,8,-0.364075996768397,7
1405,80,16,79,8,-0.3747455905620361,8
1406,84,23,91,12,-0.37632994706828293,11
1407,65,82,79,43,-0.37898026610188457,39
1408,88,50,8,25,-0.3915585811976193,25
1409,98,33,48,16,-0.3967785099913387,17
1410,55,16,93,8,-0.3989746125575646,8
1411,54,11,96,5,-0.4203802696764918,6
1412,13,12,2,5,-0.4219932083916736,7
1413,54,20,85,11,-0.4222740891135178,9
1414,93,33,98,17,-0.42494814400300696,16
1415,55,43,79,20,-0.4294540083328978,23
1416,28,31,51,16,-0.4325509530784743,15
1417,41,18,88,9,-0.4417738242388016,9
1418,107,28,63,16,-0.4513983463804984,12
1419,50,42,9,22,-0.4687802185897801,20
1420,55,58,28,26,-0.4723623832387307,32
1421,79,40,90,18,-0.4783152360099624,22
1422,94,10,32,5,-0.4833955664376234,5
1423,20,13,70,6,-0.48625772561519354,7
1424,85,24,65,11,-0.4890240020108263,13
1425,30,25,2,12,-0.5037954043160969,13
1426,74,37,2,19,-0.5118816716673071,18
1427,73,13,91,8,-0.5133686150476421,5
1428,23,38,16,19,-0.5164735690806078,19
1429,20,23,110,11,-0.5195268671329448,12
1430,41,13,66,6,-0.5347435341536495,7
1431,41,34,70,17,-0.5370981435199814,17
1432,16,19,11,9,-0.5396980687671018,10
1433,37,18,10,10,-0.5468156041706485,8
1434,62,22,65,10,-0.5500070971701475,12
1435,111,17,89,8,-0.556363390465831,9
1436,49,24,107,13,-0.5883775965859891,11
1437,107,37,54,19,-0.5889535415404155,18
1438,101,20,98,9,-0.5948708647764195,11
1439,3,19,54,9,-0.596372630298603,10
1440,39,10,87,5,-0.5972214062189816,5
1441,23,33,79,18,-0.5991196107820859,15
1442,57,20,87,10,-0.600866878126911,10
1443,38,18,62,9,-0.6043816495722345,9
1444,65,50,107,27,-0.6221414452368816,23
1445,51,14,37,7,-0.6286481612058655,7
1446,38,38,107,19,-0.6364100973350874,19
1447,88,21,91,11,-0.6418498921600014,10
1448,6,19,62,11,-0.6431821395568814,8
1449,30,10,32,5,-0.6490824873820789,5
1450,104,33,65,15,-0.6526567218920186,18
1451,29,20,103,10,-0.6578144863835312,10
1452,107,50,65,24,-0.6578585547631178,26
1453,10,20,107,9,-0.6598239703170072,11
1454,20,13,76,6,-0.6610311160325401,7
1455,34,23,50,10,-0.6618712012138183,13
1456,8,63,10,33,-0.6621130971618493,30
1457,88,25,46,13,-0.6714981854824822,12
1458,101,15,23,7,-0.6750621504160544,8
1459,16,10,39,6,-0.6762520998704448,4
1460,28,77,86,42,-0.6806931777985865,35
1461,28,29,11,14,-0.6847851673650338,15
1462,107,39,55,22,-0.7077120063917266,17
1463,74,27,46,15,-0.7141772437171631,12
1464,8,71,111,34,-0.7317959121668131,37
1465,41,14,85,7,-0.7329420279882578,7
1466,10,12,46,6,-0.7362386600396065,6
1467,73,11,37,6,-0.7437455399697719,5
1468,73,17,28,10,-0.7445408150621152,7
1469,13,12,55,6,-0.7567536850396056,6
1470,87,17,112,8,-0.7591685884445006,9
1471,2,13,94,6,-0.7637408937458072,7
1472,74,57,98,28,-0.7836006339144942,29
1473,103,39,23,19,-0.7910274741071583,20
1474,98,44,86,21,-0.7963803644953328,23
1475,79,16,109,8,-0.8037643927102165,8
1476,84,46,87,24,-0.818555776276845,22
1477,91,25,30,14,-0.8290044271419152,11
1478,5,12,50,6,-0.8355366372849061,6
1479,91,21,29,10,-0.8357535316372816,11
1480,87,36,48,19,-0.8422049682665212,17
1481,106,21,65,11,-0.8544195862331221,10
1482,10,51,79,29,-0.8544891772527285,22
1483,38,18,91,10,-0.8605561818804589,8
1484,75,11,37,6,-0.8613050770632995,5
1485,30,33,20,18,-0.8624210657658024,15
1486,38,16,110,9,-0.8664214429000391,7
1487,48,23,88,11,-0.8691420269150538,12
1488,79,43,55,24,-0.8731011693439991,19
1489,18,12,29,5,-0.8741742779448094,7
1490,39,12,65,6,-0.8833442404940938,6
1491,85,18,74,9,-0.8842572167875924,9
1492,75,17,50,8,-0.8886330598797059,9
1493,49,15,93,7,-0.9146738839447184,8
1494,111,29,18,15,-0.9151185639276579,14
1495,9,11,60,5,-0.9156618531106686,6
1496,89,12,103,7,-0.9245541578032253,5
1497,9,19,85,11,-0.9266510351352133,8
1498,66,10,20,6,-0.9364744036490535,4
1499,49,28,84,14,-0.9573548536710035,14
1500,15,11,10,5,-0.9620268464624092,6
1501,50,15,70,7,-0.9670623069266775,8
1502,16,10,68,5,-0.9723777343104946,5
1503,68,16,111,9,-0.9831903657030906,7
1504,30,16,41,8,-0.9850557086879017,8
1505,74,34,20,17,-0.9993227738016515,17
1506,94,11,79,6,-0.9998691980069959,5
1507,23,39,103,21,-1.0026838414995893,18
1508,37,60,84,30,-1.0062425640391262,30
1509,76,13,50,5,-1.0154044917487335,8
1510,41,13,75,7,-1.0160682715228835,6
1511,84,22,90,11,-1.0189289914353536,11
1512,18,28,54,15,-1.02502955238938,13
1513,98,32,90,17,-1.0267736789331345,15
1514,91,26,86,13,-1.0337576457460727,13
1515,103,10,75,5,-1.035188460357086,5
1516,112,10,8,5,-1.0357746876565699,5
1517,62,16,74,7,-1.0383577563740003,9
1518,89,13,6,6,-1.0487640819634654,7
1519,103,15,76,9,-1.0648910249315973,6
1520,73,20,103,10,-1.0728746625988024,10
1521,29,41,65,23,-1.0863542275741362,18
1522,14,10,2,5,-1.0959529328783617,5
1523,84,25,30,13,-1.1014873070906033,12
1524,56,10,16,6,-1.1063673005412131,4
1525,28,33,29,17,-1.111104248250654,16
1526,11,24,8,13,-1.111984858560148,11
1527,63,10,97,5,-1.113626272118395,5
1528,23,41,28,21,-1.118601283133015,20
1529,90,31,65,15,-1.128136180930446,16
1530,88,24,2,13,-1.1431667929787543,11
1531,16,69,79,37,-1.1461232220837207,32
1532,104,27,79,16,-1.1505168859403776,11
1533,79,16,96,9,-1.1513538575456796,7
1534,65,81,41,44,-1.1521295696669458,37
1535,44,11,2,6,-1.1530964006985882,5
1536,87,25,73,14,-1.155508316504531,11
1537,1,10,103,4,-1.178228962480731,6
1538,16,23,50,11,-1.1818243816176015,12
1539,111,49,98,25,-1.1971941446177512,24
1540,107,36,111,18,-1.1978257080625474,18
1541,65,22,13,13,-1.2050039043562446,9
1542,54,14,17,7,-1.212168763466305,7
1543,55,31,48,17,-1.2156449395355515,14
1544,54,51,16,26,-1.2330888264862838,25
1545,16,38,23,20,-1.2347115570675697,18
1546,16,10,14,6,-1.2378356380358353,4
1547,46,12,70,6,-1.2383877522538576,6
1548,84,50,50,25,-1.2510912652103068,25
1549,55,39,107,19,-1.2636195736637004,20
1550,17,12,55,6,-1.2644044388351479,6
1551,98,50,70,26,-1.2645113460830095,24
1552,90,40,79,23,-1.2705532967066155,17
1553,5,12,55,7,-1.2717408201175153,5
1554,109,12,112,6,-1.2807700475171353,6
1555,104,11,88,6,-1.2840449594347776,5
1556,106,17,38,9,-1.3101869215810407,8
1557,103,47,84,26,-1.3117535282727075,21
1558,79,69,98,34,-1.3171638313764082,35
1559,65,35,37,19,-1.3173393657012917,16
1560,87,44,74,22,-1.3188224711812568,22
1561,90,32,98,16,-1.3246080262099156,16
1562,73,16,55,8,-1.3250772092992573,8
1563,88,23,62,12,-1.3277639684106675,11
1564,28,75,84,38,-1.3281572739401972,37
1565,9,30,76,16,-1.3464329670764872,14
1566,34,18,29,8,-1.3490741689669334,10
1567,28,20,5,10,-1.3493326587417735,10
1568,29,20,50,11,-1.3540456886595518,9
1569,75,12,74,6,-1.355459097643048,6
1570,32,14,23,6,-1.3629901576062295,8
1571,51,11,88,6,-1.3668352390432417,5
1572,87,19,63,10,-1.3686247132739588,9
1573,59,16,41,9,-1.3704315284875221,7
1574,20,11,5,6,-1.3762491741307412,5
1575,88,24,23,13,-1.3769043869202289,11
1576,23,15,76,7,-1.3791825091008199,8
1577,65,31,90,17,-1.3800043045554724,14
1578,74,18,90,9,-1.39415986244323,9
1579,84,26,51,15,-1.3946044446619839,11
1580,41,81,65,39,-1.4041433009139985,42
1581,6,11,51,7,-1.4047930882718551,4
1582,84,74,79,40,-1.4102437435490327,34
1583,96,22,84,12,-1.422726441150587,10
1584,3,10,65,5,-1.425825292351591,5
1585,57,10,103,4,-1.43349293747094,6
1586,28,40,88,20,-1.4428071062298002,20
1587,2,23,62,11,-1.4505349337514701,12
1588,17,43,98,22,-1.4651649500523514,21
1589,2,11,5,5,-1.48308287208039,6
1590,71,20,65,11,-1.4831854809864005,9
1591,109,27,2,16,-1.4845158921891026,11
1592,84,13,1,7,-1.503086116513169,6
1593,84,52,74,27,-1.5032704959262353,25
1594,62,19,6,9,-1.506313038221411,10
1595,98,43,17,23,-1.5166447539243209,20
1596,14,13,63,7,-1.5219308064414179,6
1597,20,15,90,7,-1.5242497298839517,8
1598,70,29,28,14,-1.5288222005135974,15
1599,38,12,85,6,-1.5317416798467212,6
1600,63,18,74,9,-1.5375872390360672,9
1601,46,11,84,6,-1.553665479741575,5
1602,6,35,9,19,-1.5579678154968377,16
1603,14,10,76,5,-1.56343838736732,5
1604,29,16,16,9,-1.5836522711307057,7
1605,8,27,104,16,-1.5847929007576513,11
1606,79,16,5,7,-1.6063038188326537,9
1607,79,52,103,26,-1.6096899152923092,26
1608,41,12,61,6,-1.6283360089410486,6
1609,87,44,111,23,-1.641789170650758,21
1610,79,52,2,27,-1.6438129495322433,25
1611,41,11,99,6,-1.6483642965326255,5
1612,54,47,74,23,-1.6573868321864862,24
1613,84,43,6,23,-1.6603963416889107,20
1614,8,26,34,12,-1.667662307737974,14
1615,84,69,8,35,-1.6772378526789344,34
1616,13,12,87,7,-1.680290942229875,5
1617,62,16,91,8,-1.6816681613432154,8
1618,8,31,73,18,-1.6827099795090414,13
1619,23,18,57,10,-1.6948872060166507,8
1620,18,13,20,7,-1.69876804268239,6
1621,107,26,93,14,-1.6992218170224525,12
1622,76,11,38,6,-1.6999072226365548,5
1623,86,24,90,11,-1.700371377025861,13
1624,38,16,37,8,-1.7020262096785124,8
1625,37,27,87,13,-1.7175308773227205,14
1626,65,38,76,21,-1.7259377131088651,17
1627,91,29,54,13,-1.7259493348898998,16
1628,45,10,76,5,-1.7263356630732685,5
1629,16,16,29,8,-1.7271978980205005,8
1630,103,29,16,15,-1.735855100464721,14
1631,8,58,70,29,-1.7358583823266789,29
1632,30,12,17,6,-1.736609101114107,6
1633,104,21,107,12,-1.743227467411562,9
1634,28,41,30,22,-1.777854352146095,19
1635,75,21,8,11,-1.7971565748640816,10
1636,28,15,96,8,-1.7981091671813807,7
1637,76,13,85,8,-1.8000085206097036,5
1638,32,25,87,12,-1.8019631830327214,13
1639,93,25,6,13,-1.8024437751588966,12
1640,18,11,85,7,-1.8067340182792189,4
1641,44,15,9,6,-1.8172770397007398,9
1642,65,13,52,7,-1.8219258225521469,6
1643,48,23,13,14,-1.8269627168474962,9
1644,107,28,23,15,-1.8276795818601932,13
1645,75,18,86,10,-1.8475379770414249,8
1646,54,60,86,31,-1.8509587831499024,29
1647,39,10,91,6,-1.8645769680022486,4
1648,90,24,86,14,-1.8654989939070072,10
1649,65,17,80,10,-1.8710214331299524,7
1650,35,12,16,6,-1.8810088460620558,6
1651,46,25,88,13,-1.888501814517517,12
1652,50,22,18,11,-1.8931976139879354,11
1653,87,29,62,16,-1.8959853967718374,13
1654,103,14,70,8,-1.9027941936339994,6
1655,41,15,19,7,-1.9044917395497039,8
1656,17,10,76,6,-1.9048948605366014,4
1657,37,22,6,11,-1.9187411338779805,11
1658,48,10,62,6,-1.9270832455013296,4
1659,16,43,55,23,-1.9282158206544904,20
1660,111,71,8,40,-1.9370367529151276,31
1661,6,24,76,12,-1.937944044447951,12
1662,6,25,93,13,-1.9383775932498641,12
1663,106,13,98,6,-1.940190176266284,7
1664,86,46,65,24,-1.9570230556604997,22
1665,46,27,74,13,-1.960314232243549,14
1666,88,40,55,23,-1.963295799528872,17
1667,10,63,8,32,-1.9653037165737905,31
1668,50,40,54,23,-1.9685166822318947,17
1669,28,60,50,31,-1.9778757696635272,29
1670,29,11,49,7,-1.9792119029563418,4
1671,37,13,103,7,-1.9837820518429876,6
1672,84,25,57,14,-1.9838455756579163,11
1673,41,16,34,9,-1.9846654519938336,7
1674,37,59,79,33,-1.9886494787106561,26
1675,8,44,6,24,-1.9887035911204924,20
1676,71,10,37,6,-1.9896037058196856,4
1677,66,12,85,6,-2.002988916691536,6
1678,9,30,10,15,-2.0135222581265264,15
1679,93,20,88,8,-2.033372594210669,12
1680,26,14,73,8,-2.0368384601286986,6
1681,3,12,50,6,-2.0377948804903236,6
1682,65,72,84,37,-2.0379176330897706,35
1683,79,47,50,23,-2.043868777757168,24
1684,98,52,38,28,-2.0498657703552294,24
1685,26,30,9,17,-2.052887996849143,13
1686,10,18,91,10,-2.0539203960339205,8
1687,104,17,9,10,-2.0746206420840276,7
1688,28,41,23,22,-2.076585768514958,19
1689,65,60,55,35,-2.0801061217963777,25
1690,2,52,79,28,-2.0919149974540514,24
1691,85,15,2,7,-2.0967648774046337,8
1692,79,17,11,7,-2.100001512971056,10
1693,104,17,86,8,-2.1018401857237743,9
1694,87,38,2,22,-2.1150735829314953,16
1695,1,15,87,7,-2.138632690920939,8
1696,111,44,84,25,-2.1422526544855915,19
1697,46,13,20,8,-2.151765308535924,5
1698,32,10,18,5,-2.1572241092213575,5
1699,15,11,9,6,-2.1575516880448644,5
1700,28,84,8,45,-2.1789553043905987,39
1701,98,18,89,10,-2.180079413202899,8
1702,89,11,86,6,-2.1974022229705885,5
1703,86,64,8,36,-2.206968534697074,28
1704,106,28,8,14,-2.210129828089476,14
1705,110,16,87,9,-2.2176133909414486,7
1706,57,12,54,7,-2.224387822283533,5
1707,58,11,8,5,-2.2258955118772117,6
1708,18,19,30,11,-2.2260639921626746,8
1709,74,29,26,16,-2.2324393914305243,13
1710,106,10,62,5,-2.251724283686679,5
1711,51,31,28,16,-2.25617165575105,15
1712,8,11,52,5,-2.257162770789511,6
1713,9,40,37,22,-2.262801557650182,18
1714,32,18,62,9,-2.2636867699003225,9
1715,54,36,2,19,-2.2663117915257036,17
1716,103,13,110,7,-2.2732443192567455,6
1717,32,13,20,7,-2.2751108005385445,6
1718,107,12,108,6,-2.277840147444422,6
1719,37,39,28,21,-2.310806744030662,18
1720,103,52,79,29,-2.319457331030927,23
1721,70,24,9,12,-2.3226132239902566,12
1722,94,11,41,6,-2.3275339532246493,5
1723,43,23,41,13,-2.3652994967791563,10
1724,48,50,79,26,-2.369303171222037,24
1725,91,24,65,11,-2.370352134579779,13
1726,2,28,20,15,-2.37683316350594,13
1727,8,70,98,38,-2.395287014341326,32
1728,9,42,50,22,-2.4040878848463185,20
1729,28,58,55,34,-2.407239841868213,24
1730,76,24,107,13,-2.411262033359645,11
1731,88,19,63,10,-2.4297157289241897,9
1732,35,15,79,8,-2.4414517126522153,7
1733,90,19,10,11,-2.4460320758820115,8
1734,29,27,6,14,-2.45903121181426,13
1735,79,57,41,30,-2.4682324013019508,27
1736,79,12,52,7,-2.4761549683770894,5
1737,9,44,103,21,-2.4769487250437585,23
1738,62,15,37,8,-2.4789476689639174,7
1739,28,77,65,42,-2.4794396376748793,35
1740,65,49,6,24,-2.47968083130177,25
1741,20,47,54,27,-2.485454762519845,20
1742,90,18,74,10,-2.492214654704721,8
1743,2,27,91,15,-2.4984888581051337,12
1744,65,12,39,7,-2.5200231243215345,5
1745,74,42,79,25,-2.520717570267713,17
1746,16,14,44,6,-2.5225080391674344,8
1747,76,47,79,26,-2.526760719119433,21
1748,49,10,63,5,-2.5291147398136253,5
1749,87,26,10,13,-2.5384783735781897,13
1750,48,15,49,7,-2.544499155603262,8
1751,8,41,91,21,-2.5454365457229002,20
1752,79,26,85,13,-2.552939527900718,13
1753,11,10,30,6,-2.5564825240632034,4
1754,23,28,111,14,-2.5579342826864977,14
1755,111,27,10,15,-2.561286831397376,12
1756,37,35,48,18,-2.564870406200917,17
1757,28,55,111,30,-2.5812802098154153,25
1758,112,20,38,11,-2.5875581099779774,9
1759,29,33,98,17,-2.59917885596954,16
1760,107,24,49,12,-2.600438468942416,12
1761,55,18,51,10,-2.6007805293226243,8
1762,97,12,55,6,-2.6113983503434137,6
1763,38,10,18,5,-2.612917260417027,5
1764,54,57,98,29,-2.6147362809185486,28
1765,84,17,109,9,-2.647899017987722,8
1766,30,25,111,13,-2.6528736151948067,12
1767,63,11,111,6,-2.656681768070538,5
1768,87,27,70,15,-2.659290912641029,12
1769,8,14,15,7,-2.6593953269851673,7
1770,98,49,111,27,-2.661784450073085,22
1771,106,16,80,9,-2.662467106801565,7
1772,111,13,43,8,-2.669621436422116,5
1773,48,12,23,6,-2.6721896490462047,6
1774,49,18,32,9,-2.688514142434056,9
1775,28,27,46,15,-2.6981124142933774,12
1776,10,30,9,17,-2.725511572413539,13
1777,30,14,26,5,-2.7295268644643054,9
1778,66,12,2,7,-2.7316672474880774,5
1779,29,14,23,8,-2.732572073895786,6
1780,86,41,74,22,-2.732603324816666,19
1781,87,34,23,19,-2.7440714521900347,15
1782,103,19,48,10,-2.7455190211302885,9
1783,38,41,41,22,-2.750634921689275,19
1784,87,24,90,14,-2.7559391827223796,10
1785,30,25,91,12,-2.7621840865304956,13
1786,89,15,50,8,-2.767885417645722,7
1787,12,11,8,6,-2.8009343879230215,5
1788,65,55,38,30,-2.806589910357459,25
1789,23,21,54,12,-2.81871086484572,9
1790,98,20,73,11,-2.833203916772493,9
1791,18,29,111,16,-2.859497108899379,13
1792,107,25,90,13,-2.870701985415053,12
1793,91,23,84,12,-2.8735927797171086,11
1794,109,13,76,9,-2.877362605546446,4
1795,70,34,41,18,-2.8887876811520856,16
1796,76,22,111,10,-2.8888180973130924,12
1797,2,37,74,20,-2.891184469482633,17
1798,32,18,49,10,-2.892278990328854,8
1799,34,16,6,8,-2.8927905205883553,8
1800,55,27,49,12,-2.9040234972896863,15
1801,54,21,15,12,-2.909263028328594,9
1802,44,19,91,11,-2.9196808859177237,8
1803,98,20,85,12,-2.9230483905619185,8
1804,41,36,29,19,-2.9244119186735795,17
1805,76,15,23,9,-2.940407468731348,6
1806,75,11,54,6,-2.9498939570669056,5
1807,16,21,51,13,-2.9622705722069402,8
1808,108,11,48,7,-2.963900529529869,4
1809,74,18,85,10,-2.978897137377882,8
1810,109,11,57,7,-2.9843830658057695,4
1811,89,16,26,8,-3.0015441091670585,8
1812,65,15,51,8,-3.0024330188565416,7
1813,48,52,28,27,-3.005270580149446,25
1814,98,18,63,9,-3.0073208177516255,9
1815,93,30,79,15,-3.0134454685677112,15
1816,55,38,84,21,-3.0154680558336096,17
1817,8,11,12,6,-3.0172474302587955,5
1818,16,18,38,9,-3.0174584469144037,9
1819,65,92,8,53,-3.0190450516035905,39
1820,86,15,1,8,-3.0234071702801657,7
1821,52,10,84,5,-3.070377905456948,5
1822,65,16,43,8,-3.0818646979565365,8
1823,51,15,104,8,-3.1129544443517223,7
1824,65,68,87,38,-3.1385094639330045,30
1825,38,36,79,20,-3.1386740959807797,16
1826,28,24,34,14,-3.14488849664718,10
1827,90,10,1,5,-3.14882035881255,5
1828,98,54,16,30,-3.1532282189912895,24
1829,54,16,73,9,-3.1545899908135793,7
1830,8,18,14,10,-3.164886384508363,8
1831,8,14,44,9,-3.1679643082660283,5
1832,108,12,74,6,-3.1689586707194892,6
1833,91,14,17,8,-3.16960980301192,6
1834,88,13,18,7,-3.1759771370815284,6
1835,75,15,111,7,-3.17685714011478,8
1836,50,36,107,21,-3.1858618455118832,15
1837,90,11,34,6,-3.1893577063202954,5
1838,37,13,91,7,-3.1893915884876662,6
1839,2,71,28,38,-3.189412400909431,33
1840,88,86,65,48,-3.198028238727717,38
1841,86,60,87,34,-3.2030036029457984,26
1842,9,45,48,26,-3.2091318378307516,19
1843,106,19,55,11,-3.2161809115675517,8
1844,28,43,20,25,-3.2289776188009904,18
1845,85,11,49,6,-3.234049059231714,5
1846,87,15,1,9,-3.235954063691745,6
1847,18,15,76,9,-3.237191989649946,6
1848,107,49,84,28,-3.245515762943307,21
1849,28,28,62,17,-3.2557773269494237,11
1850,107,20,10,12,-3.2577281726849217,8
1851,86,31,50,17,-3.25877501358155,14
1852,8,26,51,15,-3.261457041476366,11
1853,65,30,73,17,-3.264498946198197,13
1854,86,14,46,8,-3.2648117179811544,6
1855,98,11,59,6,-3.2664563544762517,5
1856,111,31,90,18,-3.267921695084226,13
1857,55,49,111,26,-3.2738567627834874,23
1858,9,10,35,5,-3.2814605351740482,5
1859,50,19,74,10,-3.2938750312138994,9
1860,28,11,33,6,-3.3037590150947365,5
1861,86,22,23,12,-3.3045595000103467,10
1862,76,11,75,7,-3.3071188013348984,4
1863,85,19,86,9,-3.3148592503123897,10
1864,29,21,2,12,-3.316924897230131,9
1865,107,24,48,13,-3.324639262352747,11
1866,20,34,74,19,-3.3503190272282626,15
1867,57,18,79,9,-3.359905462693975,9
1868,109,27,65,13,-3.3617758820453996,14
1869,6,18,49,10,-3.361990920437636,8
1870,28,63,98,33,-3.3646430186749945,30
1871,37,22,90,12,-3.3649920425348316,10
1872,55,15,104,8,-3.3746149312999796,7
1873,16,80,28,44,-3.379062970477473,36
1874,13,14,76,7,-3.383197454645703,7
1875,8,66,74,36,-3.389343063259877,30
1876,15,16,65,8,-3.396313291786303,8
1877,6,12,57,8,-3.4000169565132334,4
1878,84,20,32,12,-3.403700726822616,8
1879,55,17,23,9,-3.4042950014279,8
1880,63,30,8,16,-3.41861947787819,14
1881,57,12,86,6,-3.4531517504498637,6
1882,34,15,16,8,-3.4607811053926616,7
1883,79,51,10,25,-3.461171301661281,26
1884,35,22,76,13,-3.461651095947974,9
1885,8,14,5,9,-3.4764198977431877,5
1886,63,35,84,20,-3.4781241686458113,15
1887,2,21,29,11,-3.480852033637943,10
1888,90,15,20,9,-3.492031241087887,6
1889,41,49,16,26,-3.501070366837183,23
1890,94,13,65,7,-3.505690987614661,6
1891,48,15,91,8,-3.5103417471191447,7
1892,16,11,46,6,-3.5247066219075394,5
1893,26,33,111,19,-3.5276889460712058,14
1894,86,71,84,40,-3.5438006021539343,31
1895,84,32,20,19,-3.5442833935533202,13
1896,49,18,79,11,-3.5482844650415624,7
1897,54,19,90,10,-3.5596428529204274,9
1898,98,26,30,16,-3.585419218777317,10
1899,23,15,101,9,-3.591604516250614,6
1900,79,71,28,36,-3.5949863919001803,35
1901,28,29,106,17,-3.6036961084402055,12
1902,18,12,10,8,-3.6042571144804363,4
1903,2,64,98,35,-3.6230074727538932,29
1904,70,37,54,20,-3.6330290974610886,17
1905,93,13,11,6,-3.6384329699574156,7
1906,111,63,79,37,-3.6508286574398943,26
1907,73,22,20,12,-3.6521774474687554,10
1908,37,38,16,23,-3.6538134186570033,15
1909,6,16,34,9,-3.6598684680509215,7
1910,65,17,57,11,-3.66200460796526,6
1911,62,14,86,6,-3.6646334062582624,8
1912,62,18,76,8,-3.665603119096148,10
1913,23,17,109,10,-3.677137211210047,7
1914,20,28,2,15,-3.693018625903588,13
1915,41,37,84,22,-3.7078264738122493,15
1916,10,14,32,9,-3.709056496740224,5
1917,87,10,60,5,-3.716219490276847,5
1918,28,57,74,30,-3.7233949828769197,27
1919,41,16,48,9,-3.723395209925695,7
1920,10,34,65,19,-3.7403807843221304,15
1921,23,25,74,13,-3.752262942687233,12
1922,18,12,57,8,-3.7525453734501912,4
1923,87,10,12,5,-3.754204850722502,5
1924,98,40,6,23,-3.760936191144453,17
1925,49,22,28,13,-3.761707702389012,9
1926,84,12,11,6,-3.7715362491408313,6
1927,50,12,51,8,-3.780099042180057,4
1928,55,15,57,7,-3.7814243990139826,8
1929,110,11,26,5,-3.781495457699158,6
1930,50,15,6,8,-3.7837880734313925,7
1931,96,25,86,14,-3.791874686228462,11
1932,88,37,79,23,-3.794482783159947,14
1933,26,38,79,22,-3.7975031059515727,16
1934,18,15,93,8,-3.8000555745474087,7
1935,88,26,20,15,-3.8029082237957357,11
1936,17,33,65,19,-3.8083990645378307,14
1937,98,16,43,9,-3.8123705589147328,7
1938,75,10,91,5,-3.8152979163197345,5
1939,86,33,30,21,-3.8189797321177346,12
1940,62,39,8,21,-3.8203580499873464,18
1941,91,14,32,7,-3.8253106560348464,7
1942,44,13,50,7,-3.8266269873582996,6
1943,79,63,86,35,-3.8328768923137995,28
1944,49,16,17,9,-3.8354352643495577,7
1945,107,51,87,30,-3.836958624690888,21
1946,29,21,91,12,-3.840820511726981,9
1947,18,18,41,11,-3.84366102932153,7
1948,50,42,8,23,-3.8526477074222707,19
1949,34,12,23,6,-3.85388189935407,6
1950,49,14,38,7,-3.8551286140805963,7
1951,48,40,86,23,-3.8755470879506504,17
1952,79,43,91,25,-3.876631397218278,18
1953,89,18,48,10,-3.8908343305777375,8
1954,55,14,96,8,-3.8943089599625167,6
1955,54,16,94,8,-3.897800639878564,8
1956,107,29,88,17,-3.913625642438956,12
1957,9,30,26,15,-3.917115924375875,15
1958,54,69,65,37,-3.928858591790434,32
1959,74,22,43,13,-3.9345782455697673,9
1960,54,32,87,18,-3.9348055085863867,14
1961,34,11,17,6,-3.9434388890065644,5
1962,73,22,6,11,-3.9476996189213933,11
1963,65,42,23,23,-3.9627458762007683,19
1964,9,11,14,7,-3.9753531338355614,4
1965,26,14,55,8,-3.9805474058369166,6
1966,10,13,104,7,-3.982341981798969,6
1967,98,34,87,20,-3.9852020639548185,14
1968,107,45,98,26,-3.9960773542760295,19
1969,79,33,23,17,-4.005580416521516,16
1970,48,24,10,13,-4.007661201519658,11
1971,9,11,71,6,-4.0213220137138075,5
1972,13,10,54,5,-4.0268747175479405,5
1973,23,21,91,12,-4.032612579537057,9
1974,2,19,26,10,-4.041871884320681,9
1975,98,23,109,13,-4.0431120330253485,10
1976,10,32,16,18,-4.051397029804468,14
1977,46,21,6,13,-4.0573986299655465,8
1978,10,41,2,24,-4.057775267216063,17
1979,75,10,65,6,-4.061741964132054,4
1980,50,38,98,20,-4.0751085970791365,18
1981,87,80,8,46,-4.0816485905608655,34
1982,23,11,75,6,-4.1044573425935225,5
1983,50,14,17,8,-4.12462157436254,6
1984,86,14,35,9,-4.145135736198837,5
1985,10,16,103,9,-4.145748166667432,7
1986,54,76,8,41,-4.14743496422582,35
1987,75,10,44,6,-4.15986118876275,4
1988,32,16,2,9,-4.169077635966493,7
1989,38,23,84,14,-4.170162932302742,9
1990,2,41,50,24,-4.170732743099653,17
1991,9,79,84,47,-4.204572431990677,32
1992,34,16,55,10,-4.2079020476799975,6
1993,38,26,50,15,-4.210629481734023,11
1994,2,22,70,13,-4.213700509334899,9
1995,55,20,74,10,-4.2226050267563995,10
1996,52,12,16,7,-4.223312581999777,5
1997,62,19,16,11,-4.231831363925151,8
1998,85,19,8,10,-4.235296537690964,9
1999,8,11,97,7,-4.238412616249588,4
2000,49,13,18,7,-4.243576516469454,6
2001,2,66,8,35,-4.265068045066808,31
2002,79,35,54,19,-4.285387143638045,16
2003,84,48,98,27,-4.2905679880423575,21
2004,88,25,87,15,-4.293791057606331,10
2005,48,15,85,9,-4.305363268792187,6
2006,41,39,26,18,-4.308213459712551,21
2007,1,20,41,13,-4.310885836842604,7
2008,48,20,30,12,-4.312431377271299,8
2009,28,12,35,7,-4.32928906687427,5
2010,9,32,38,17,-4.337520489331947,15
2011,20,24,91,14,-4.339004700842141,10
2012,28,20,14,13,-4.343832047386856,7
2013,44,13,79,7,-4.356415433762269,6
2014,2,11,57,7,-4.360321050424336,4
2015,62,11,90,6,-4.371292877846256,5
2016,94,11,87,6,-4.375015437142172,5
2017,1,10,90,6,-4.375601097645208,4
2018,89,13,54,8,-4.375934710162814,5
2019,8,29,29,16,-4.386286441561601,13
2020,41,36,50,20,-4.39168406813968,16
2021,20,19,43,10,-4.407702920435093,9
2022,103,20,73,11,-4.408542656876506,9
2023,39,12,48,6,-4.409523912199052,6
2024,107,29,16,17,-4.421752842699686,12
2025,74,23,37,13,-4.4346787199832525,10
2026,107,35,74,20,-4.435896642118507,15
2027,76,37,16,20,-4.451124010231458,17
2028,58,16,98,8,-4.454073647186219,8
2029,98,40,37,23,-4.4618515725212315,17
2030,110,23,20,13,-4.46357978693552,10
2031,86,42,9,24,-4.471433189978506,18
2032,15,25,111,15,-4.472513123100842,10
2033,75,21,79,13,-4.481307871244594,8
2034,16,27,63,15,-4.483061798201042,12
2035,29,21,111,10,-4.484029622528673,11
2036,93,21,29,12,-4.498959392246701,9
2037,62,11,29,6,-4.502398822563125,5
2038,6,27,29,15,-4.503478704943507,12
2039,23,40,41,23,-4.507259861409941,17
2040,93,29,111,15,-4.510765206652467,14
2041,85,11,18,5,-4.514791288537011,6
2042,74,15,32,9,-4.519404747582117,6
2043,14,13,86,6,-4.523534843943031,7
2044,8,26,90,15,-4.539275050684183,11
2045,28,33,32,19,-4.541477323608219,14
2046,39,13,50,7,-4.548306045444578,6
2047,96,16,8,9,-4.548961209547797,7
2048,106,21,74,11,-4.549705086583889,10
2049,63,17,55,9,-4.555889732262361,8
2050,32,22,55,13,-4.5613058564845765,9
2051,16,23,75,13,-4.563833694281335,10
2052,44,12,84,7,-4.567287740540188,5
2053,9,37,2,20,-4.570200756721712,17
2054,48,15,17,8,-4.57243158960934,7
2055,86,22,6,12,-4.575443639694201,10
2056,20,17,17,9,-4.57611326270597,8
2057,15,10,86,5,-4.603054673648832,5
2058,107,42,86,24,-4.60515208171478,18
2059,65,74,93,42,-4.615421958229791,32
2060,39,12,84,6,-4.623193151581163,6
2061,87,11,68,6,-4.626141991098492,5
2062,104,23,16,13,-4.63379333705212,10
2063,107,26,18,16,-4.6400485949037265,10
2064,109,21,34,12,-4.650109244752197,9
2065,6,25,23,14,-4.658156288767909,11
2066,79,21,29,12,-4.677275321651237,9
2067,75,15,87,8,-4.687330225449579,7
2068,54,28,46,17,-4.696492010204566,11
2069,9,76,79,43,-4.699969329384482,33
2070,93,19,109,11,-4.710552248323455,8
2071,65,24,89,13,-4.719339811655218,11
2072,9,16,11,9,-4.7299602330261905,7
2073,91,26,16,15,-4.734375942884079,11
2074,107,13,37,7,-4.741223447216742,6
2075,97,14,28,7,-4.749791544814041,7
2076,29,38,87,22,-4.756132257695764,16
2077,104,10,111,6,-4.78538385386756,4
2078,89,21,9,14,-4.786570717016552,7
2079,74,15,70,9,-4.788300486281874,6
2080,39,12,8,6,-4.79724581254077,6
2081,107,88,8,49,-4.800018264357139,39
2082,9,51,111,27,-4.814055936731913,24
2083,71,16,84,9,-4.814735695586892,7
2084,51,11,11,5,-4.8186420709930085,6
2085,18,60,28,34,-4.822072577769984,26
2086,79,33,30,20,-4.822554590596368,13
2087,76,44,88,24,-4.825020915480377,20
2088,80,12,74,6,-4.827940877053677,6
2089,109,11,89,6,-4.829014520032646,5
2090,28,64,107,35,-4.829045164178792,29
2091,63,11,96,6,-4.8562970062570905,5
2092,30,16,23,8,-4.860653795176971,8
2093,73,22,16,12,-4.863726239262454,10
2094,88,27,86,16,-4.870031949208747,11
2095,79,49,6,28,-4.8737468593544895,21
2096,9,27,62,16,-4.876428914210389,11
2097,62,14,17,8,-4.879527781166455,6
2098,26,29,74,16,-4.880620777148706,13
2099,10,32,98,18,-4.891232977697764,14
2100,48,16,11,9,-4.898330615406472,7
2101,6,41,54,26,-4.900522402213304,15
2102,9,111,65,63,-4.9218292445336305,48
2103,85,31,84,16,-4.922650840746781,15
2104,79,16,51,9,-4.9288428816688725,7
2105,103,11,46,6,-4.934914439873031,5
2106,20,37,111,20,-4.9479559141790075,17
2107,98,25,13,17,-4.949730268786989,8
2108,111,36,107,21,-4.95140635788508,15
2109,86,37,63,23,-4.951705107059466,14
2110,41,16,106,9,-4.960372389296861,7
2111,85,10,73,6,-4.960807319232127,4
2112,16,26,32,15,-4.9645961397192355,11
2113,59,10,10,5,-4.967497448599415,5
2114,20,10,89,6,-4.97640303815121,4
2115,79,56,87,30,-4.987297543247709,26
2116,63,13,108,8,-4.996425532523546,5
2117,73,16,79,9,-5.012547822539443,7
2118,43,13,111,7,-5.0327903736846205,6
2119,103,36,107,21,-5.041185354126945,15
2120,96,18,48,10,-5.0498349108444245,8
2121,63,17,39,10,-5.052516246166989,7
2122,41,16,59,9,-5.075333393683101,7
2123,84,25,29,14,-5.0940460573640145,11
2124,107,13,51,8,-5.098253134844291,5
2125,48,10,70,6,-5.103393723771427,4
2126,87,44,16,25,-5.11331830769021,19
2127,18,21,103,12,-5.117263308095348,9
2128,91,31,87,18,-5.12269354596261,13
2129,111,11,63,6,-5.123399041237538,5
2130,89,29,41,17,-5.128070897369619,12
2131,98,46,20,27,-5.132482663658025,19
2132,9,14,75,9,-5.136583522371566,5
2133,20,47,8,28,-5.13696712403145,19
2134,87,26,103,15,-5.13844337309213,11
2135,54,48,28,28,-5.158061629177753,20
2136,84,24,73,16,-5.172867570272622,8
2137,84,39,23,22,-5.174802875601986,17
2138,87,17,11,10,-5.176735910144515,7
2139,8,29,30,18,-5.181741196459271,11
2140,62,15,104,9,-5.186101581217904,6
2141,57,10,111,6,-5.186942618450885,4
2142,57,17,16,9,-5.19096526263807,8
2143,93,16,16,9,-5.217988854591054,7
2144,79,13,14,8,-5.225020209971016,5
2145,104,12,74,7,-5.250027134181312,5
2146,48,35,76,21,-5.2646391356693645,14
2147,85,15,63,8,-5.266282773446651,7
2148,54,37,88,21,-5.275598112427002,16
2149,1,11,34,8,-5.278477611880212,3
2150,79,85,8,45,-5.283730035811252,40
2151,103,30,17,18,-5.294404276815358,12
2152,23,11,104,6,-5.297019179014435,5
2153,59,10,107,6,-5.29773376248531,4
2154,17,15,90,8,-5.30502517490925,7
2155,9,29,13,18,-5.325424236776197,11
2156,20,33,93,17,-5.337773700734238,16
2157,71,11,54,7,-5.354693946074446,4
2158,66,11,65,6,-5.361243620827197,5
2159,6,13,89,8,-5.362805216014631,5
2160,48,39,6,22,-5.377342390796051,17
2161,73,23,74,13,-5.3812570551010666,10
2162,41,66,8,36,-5.383353261881381,30
2163,20,27,6,14,-5.391516301598387,13
2164,28,37,90,22,-5.407980269819981,15
2165,41,35,73,20,-5.413974250069213,15
2166,87,17,104,11,-5.418907024921249,6
2167,9,25,18,14,-5.420684705901656,11
2168,38,26,20,15,-5.422962328602488,11
2169,20,18,94,11,-5.424401699040208,7
2170,88,33,84,20,-5.450617130747439,13
2171,38,25,30,13,-5.45936332609693,12
2172,20,57,87,33,-5.476420779547767,24
2173,38,35,54,21,-5.478565045653858,14
2174,1,18,16,10,-5.509796251872346,8
2175,65,86,20,51,-5.530261655453969,35
2176,55,38,86,21,-5.532299525559407,17
2177,52,12,98,6,-5.535281825370717,6
2178,74,39,111,22,-5.5496610770339405,17
2179,48,20,18,12,-5.575542543556777,8
2180,55,24,103,14,-5.588813975862993,10
2181,14,15,87,9,-5.593452507313127,6
2182,18,24,16,15,-5.594394619068029,9
2183,51,14,9,8,-5.613148737525185,6
2184,44,11,20,7,-5.615461510594531,4
2185,29,22,26,14,-5.630548836449718,8
2186,29,21,54,14,-5.631822731261375,7
2187,61,10,6,6,-5.633845329548252,4
2188,9,40,55,25,-5.642120678966714,15
2189,9,45,41,28,-5.6439057397283525,17
2190,94,13,2,8,-5.647828404232287,5
2191,9,31,90,18,-5.6527794565334615,13
2192,6,26,103,16,-5.659939287843899,10
2193,91,29,111,16,-5.664784285354977,13
2194,37,13,50,7,-5.675193762840744,6
2195,9,13,43,7,-5.682535108763632,6
2196,37,28,54,18,-5.684646340178298,10
2197,8,83,55,51,-5.694219914275894,32
2198,48,11,14,8,-5.715763459513543,3
2199,9,39,107,20,-5.718733506965886,19
2200,91,11,5,5,-5.724427643442397,6
2201,55,14,26,8,-5.738748859328644,6
2202,91,13,46,8,-5.760150742291202,5
2203,9,24,49,15,-5.768934866939488,9
2204,54,18,32,11,-5.782610489553489,7
2205,86,14,5,8,-5.789814867253924,6
2206,73,14,26,7,-5.793757710550314,7
2207,94,12,8,7,-5.79404543544707,5
2208,76,22,91,13,-5.805724385018095,9
2209,84,17,89,11,-5.806364989397548,6
2210,112,19,54,11,-5.8108761897136185,8
2211,5,12,65,7,-5.815393542930937,5
2212,70,16,23,9,-5.8314302073461,7
2213,107,35,79,22,-5.831526430301823,13
2214,37,14,46,8,-5.834073346635607,6
2215,87,28,49,15,-5.837138934523044,13
2216,50,12,112,7,-5.843955029488771,5
2217,9,52,87,30,-5.867901198385371,22
2218,16,17,17,10,-5.868342075872026,7
2219,106,12,54,7,-5.869834053085394,5
2220,103,34,50,20,-5.870794196365225,14
2221,18,12,86,7,-5.898212622367464,5
2222,37,33,76,21,-5.909024236467577,12
2223,18,27,98,16,-5.93123934771538,11
2224,82,11,86,7,-5.945474489082358,4
2225,10,25,89,15,-5.961935346068012,10
2226,49,23,8,13,-5.962799116224744,10
2227,50,37,87,22,-5.978280802307981,15
2228,23,18,2,10,-5.985551573396107,8
2229,107,17,30,11,-5.992050362775076,6
2230,88,43,16,27,-5.998591353445385,16
2231,77,10,49,5,-6.002993751357126,5
2232,91,18,38,10,-6.003578716041363,8
2233,91,48,98,26,-6.010481139866049,22
2234,98,27,26,14,-6.028495429489334,13
2235,89,25,79,16,-6.066359313406789,9
2236,55,10,68,5,-6.108148221233886,5
2237,55,37,50,20,-6.121091716889197,17
2238,56,11,111,7,-6.133528731729063,4
2239,112,11,91,6,-6.133971209251461,5
2240,18,49,8,29,-6.162362513671736,20
2241,28,54,87,32,-6.169973287171114,22
2242,9,48,74,29,-6.185124533190222,19
2243,28,39,38,22,-6.189691767995496,17
2244,34,21,107,12,-6.211702849908707,9
2245,108,14,16,8,-6.212630572758722,6
2246,38,16,88,9,-6.235153732947734,7
2247,87,37,93,22,-6.245448358046409,15
2248,23,19,50,10,-6.246016408138442,9
2249,20,18,37,11,-6.246922639849087,7
2250,87,24,38,15,-6.25648981898309,9
2251,20,31,86,18,-6.26179960875203,13
2252,103,50,98,31,-6.27284658273317,19
2253,2,33,107,19,-6.279480132521572,14
2254,44,15,111,9,-6.2820016152004,6
2255,98,42,23,26,-6.2940458772191406,16
2256,2,51,16,30,-6.303412388206122,21
2257,75,15,2,9,-6.304051551682386,6
2258,54,19,62,12,-6.312055934230411,7
2259,9,13,106,8,-6.321323922487702,5
2260,111,30,2,18,-6.328590766591992,12
2261,76,29,87,18,-6.333598604110546,11
2262,104,13,90,7,-6.344098112647823,6
2263,28,10,31,6,-6.368565836830035,4
2264,88,22,103,14,-6.368772240906126,8
2265,111,37,16,20,-6.384907661220798,17
2266,28,14,12,9,-6.429365216940005,5
2267,49,16,30,9,-6.431109058286171,7
2268,8,10,112,6,-6.439047583949824,4
2269,109,34,8,20,-6.441539877112137,14
2270,54,34,55,22,-6.44530470292042,12
2271,9,101,8,58,-6.457930698678457,43
2272,86,16,32,9,-6.471177759830176,7
2273,20,20,106,10,-6.474134463348745,10
2274,8,35,32,20,-6.494741280760348,15
2275,9,36,73,21,-6.495953299248424,15
2276,28,34,103,20,-6.496510604338202,14
2277,18,25,87,16,-6.500921078177539,9
2278,70,14,103,7,-6.530155528635705,7
2279,57,18,23,10,-6.535348935161005,8
2280,70,18,79,9,-6.541994947083339,9
2281,54,11,14,7,-6.542365287655037,4
2282,41,54,28,30,-6.549671741224456,24
2283,68,25,8,14,-6.551836593531009,11
2284,48,55,8,33,-6.564485691807407,22
2285,8,41,37,24,-6.567307165665831,17
2286,6,19,30,13,-6.571810356539939,6
2287,65,21,70,13,-6.590792438337795,8
2288,48,21,51,14,-6.631548697206318,7
2289,16,21,90,12,-6.632184549525892,9
2290,17,14,91,8,-6.646960274535358,6
2291,20,16,13,11,-6.6597051719741085,5
2292,79,27,34,15,-6.659864703175689,12
2293,16,71,8,44,-6.6676648116193675,27
2294,49,16,74,9,-6.6690338705923,7
2295,2,14,15,8,-6.68122325045803,6
2296,65,66,16,38,-6.684000677334938,28
2297,37,18,55,11,-6.702819421850531,7
2298,62,18,79,10,-6.706683341972167,8
2299,54,25,49,14,-6.709179862826327,11
2300,9,25,29,14,-6.70933512946719,11
2301,74,11,89,6,-6.714017548400364,5
2302,74,35,16,22,-6.725326314137961,13
2303,111,14,13,9,-6.729510456907126,5
2304,41,36,2,23,-6.7322250741813585,13
2305,11,18,106,12,-6.736736663767907,6
2306,41,42,111,24,-6.742879314894576,18
2307,103,14,13,8,-6.760515343548861,6
2308,28,39,76,23,-6.80499505832736,16
2309,6,21,88,13,-6.808639243885848,8
2310,84,31,70,18,-6.8146248507645035,13
2311,64,11,28,6,-6.82253762472366,5
2312,86,80,16,49,-6.828972768016331,31
2313,88,13,10,8,-6.861581534296264,5
2314,65,13,14,8,-6.864176953366238,5
2315,48,34,63,21,-6.871723075976834,13
2316,73,19,2,11,-6.88922048991821,8
2317,87,11,89,7,-6.89032748453306,4
2318,68,18,65,10,-6.895924597371667,8
2319,38,26,2,14,-6.8981735478681125,12
2320,85,22,28,13,-6.906329356345953,9
2321,34,12,106,7,-6.911634944562736,5
2322,74,12,57,8,-6.91760424242575,4
2323,76,15,30,10,-6.939385084561165,5
2324,68,10,73,6,-6.95394987102174,4
2325,28,40,91,25,-6.963487260821276,15
2326,32,27,65,16,-6.974213087892394,11
2327,107,13,80,9,-6.983241252080647,4
2328,101,11,79,6,-6.990861425930873,5
2329,8,18,46,11,-6.992942507225588,7
2330,6,19,90,11,-7.0034906221582,8
2331,34,29,84,19,-7.009777399581457,10
2332,91,26,103,13,-7.011657257024809,13
2333,65,18,34,10,-7.014904843879228,8
2334,93,48,8,30,-7.0175664395797135,18
2335,6,20,111,12,-7.01838566892247,8
2336,9,40,23,24,-7.023066131343451,16
2337,79,19,59,11,-7.0352036880537865,8
2338,11,20,98,12,-7.041751318141549,8
2339,2,19,90,11,-7.054899323538905,8
2340,34,24,98,16,-7.069151815365415,8
2341,13,10,10,5,-7.08154547770926,5
2342,35,13,8,7,-7.091208332013396,6
2343,89,16,16,10,-7.102664218068734,6
2344,103,20,29,12,-7.147753101442872,8
2345,32,16,103,10,-7.165401001930772,6
2346,6,11,5,7,-7.175117705775805,4
2347,28,31,104,20,-7.179478028958359,11
2348,65,55,74,34,-7.183532944298815,21
2349,76,42,84,23,-7.185450456544011,19
2350,10,12,57,7,-7.192682016161462,5
2351,34,13,111,7,-7.201437198359538,6
2352,6,29,55,20,-7.216182147698299,9
2353,88,29,9,18,-7.216345472997156,11
2354,76,19,10,11,-7.223608714939963,8
2355,8,41,23,25,-7.226225929875295,16
2356,50,18,91,12,-7.2418942506008674,6
2357,65,52,63,31,-7.2472092961796095,21
2358,103,46,41,31,-7.271605624921858,15
2359,73,10,30,6,-7.2752412959190496,4
2360,2,11,46,7,-7.277934272960428,4
2361,34,20,2,12,-7.293049000876174,8
2362,41,36,91,23,-7.3004596925352265,13
2363,10,21,54,13,-7.316914939103655,8
2364,103,16,10,9,-7.341759223830171,7
2365,76,45,86,26,-7.355086225605065,19
2366,112,11,98,6,-7.369695609954425,5
2367,88,24,37,15,-7.378135194639771,9
2368,8,12,94,7,-7.380839863701195,5
2369,49,13,41,9,-7.40613906742907,4
2370,75,13,41,7,-7.41688145074682,6
2371,63,14,5,8,-7.43334778268016,6
2372,65,71,111,40,-7.44315444932928,31
2373,48,54,84,32,-7.443290260907535,22
2374,85,10,70,6,-7.450454709233595,4
2375,28,11,19,7,-7.459905289768759,4
2376,91,37,74,22,-7.484617200527478,15
2377,54,37,93,25,-7.494158499009497,12
2378,87,19,43,12,-7.500187924124219,7
2379,79,39,20,24,-7.504407336196116,15
2380,2,17,37,10,-7.507204713409891,7
2381,54,28,103,16,-7.519450232339535,12
2382,50,24,111,15,-7.535055018669132,9
2383,107,37,91,24,-7.549017654774616,13
2384,84,33,93,21,-7.552169826266673,12
2385,8,47,26,27,-7.578026285413298,20
2386,79,23,17,14,-7.583686995894435,9
2387,84,18,18,11,-7.585204254692911,7
2388,41,45,87,26,-7.5997473042409585,19
2389,9,74,16,48,-7.600656282878167,26
2390,51,12,2,7,-7.607189009680265,5
2391,28,40,6,25,-7.6079577597869825,15
2392,76,21,55,12,-7.629988062190021,9
2393,34,16,87,10,-7.640142491832505,6
2394,74,20,10,13,-7.659112863437717,7
2395,20,19,50,11,-7.663029216139786,8
2396,84,11,3,6,-7.689057478118832,5
2397,30,10,71,6,-7.697965933449675,4
2398,91,27,6,16,-7.70314800639372,11
2399,59,11,23,7,-7.703199044299859,4
2400,85,14,111,9,-7.729378570457982,5
2401,70,19,30,12,-7.7397561091831335,7
2402,74,19,17,11,-7.746897696537681,8
2403,109,15,103,10,-7.74806703390503,5
2404,86,23,41,14,-7.748601702775839,9
2405,20,18,34,12,-7.756275191340679,6
2406,109,13,29,8,-7.7648215544268036,5
2407,96,18,16,12,-7.77066275991908,6
2408,57,19,88,11,-7.788961359506542,8
2409,6,10,85,6,-7.79018357043316,4
2410,37,25,23,16,-7.796154991839219,9
2411,13,14,103,8,-7.8059250836921015,6
2412,54,35,48,23,-7.808937415122732,12
2413,86,21,38,14,-7.843933921356487,7
2414,38,36,8,23,-7.848513446954377,13
2415,28,17,75,10,-7.8516397601466075,7
2416,49,18,20,11,-7.854535242795636,7
2417,9,49,54,30,-7.862767512170962,19
2418,12,11,74,6,-7.881335923893619,5
2419,9,30,109,18,-7.889736540676633,12
2420,55,16,1,10,-7.891183630792001,6
2421,88,27,74,18,-7.895683127849934,9
2422,107,15,85,11,-7.921459101580465,4
2423,23,20,20,13,-7.928231485838512,7
2424,29,13,10,8,-7.953877306686606,5
2425,86,27,111,16,-7.962255850113394,11
2426,37,12,109,7,-7.972273664149992,5
2427,34,16,41,9,-7.985588983079854,7
2428,46,12,29,8,-7.990068011062898,4
2429,28,11,110,6,-7.99182567988978,5
2430,74,30,93,20,-8.013535302510729,10
2431,84,21,17,13,-8.038508912961888,8
2432,74,11,13,7,-8.04867506694036,4
2433,9,38,20,25,-8.05091379413511,13
2434,2,36,84,22,-8.052052669667614,14
2435,8,22,13,14,-8.054761378395103,8
2436,75,14,93,8,-8.060889694277074,6
2437,13,12,6,7,-8.074590184679874,5
2438,10,15,30,10,-8.08039942607508,5
2439,109,28,20,19,-8.09753469137937,9
2440,9,14,19,8,-8.117304295019109,6
2441,109,15,106,9,-8.139667003965808,6
2442,76,37,98,23,-8.140203678364204,14
2443,109,18,107,11,-8.141176766481436,7
2444,51,24,87,14,-8.200429685364442,10
2445,46,10,85,7,-8.219708905443785,3
2446,16,10,26,6,-8.231874067384071,4
2447,17,14,111,8,-8.239799794462428,6
2448,76,22,70,14,-8.265440024589829,8
2449,8,30,17,19,-8.267140148743708,11
2450,20,55,107,32,-8.274670394546817,23
2451,58,12,65,6,-8.279172093518044,6
2452,41,18,76,11,-8.284971187696902,7
2453,59,17,9,11,-8.305936798720639,6
2454,20,11,35,7,-8.313016014822015,4
2455,2,12,13,8,-8.314885443127363,4
2456,48,23,90,14,-8.31912615081839,9
2457,65,14,1,9,-8.38534721300084,5
2458,89,11,90,7,-8.396796914570167,4
2459,88,18,106,12,-8.397970188956425,6
2460,84,13,104,8,-8.407689964583597,5
2461,10,21,73,14,-8.419335562342074,7
2462,84,69,16,42,-8.425985401928449,27
2463,48,19,2,11,-8.431429514676985,8
2464,1,21,98,14,-8.436557583367687,7
2465,6,26,74,17,-8.451739694728484,9
2466,56,13,8,9,-8.47665012859135,4
2467,98,30,49,18,-8.481939269224359,12
2468,48,36,65,23,-8.49186888095318,13
2469,68,19,20,11,-8.49950046367544,8
2470,34,26,8,17,-8.500284414546929,9
2471,73,19,50,11,-8.522877695723372,8
2472,103,24,26,14,-8.523036763842914,10
2473,29,24,74,14,-8.52989883395505,10
2474,9,25,32,16,-8.53109215537152,9
2475,10,18,93,12,-8.563863748489084,6
2476,2,12,58,8,-8.58540368974784,4
2477,103,43,8,29,-8.587937533895715,14
2478,107,22,29,15,-8.613463392470168,7
2479,66,14,84,9,-8.616861190106436,5
2480,48,12,109,8,-8.619529044150653,4
2481,76,16,104,10,-8.627302198470357,6
2482,76,57,8,36,-8.67576878999055,21
2483,46,11,16,7,-8.68716865467983,4
2484,9,37,91,23,-8.696151818842894,14
2485,28,32,10,22,-8.715902495214786,10
2486,70,12,46,7,-8.727825555883067,5
2487,63,10,41,7,-8.728275875066831,3
2488,28,28,13,19,-8.729974682788013,9
2489,20,35,55,21,-8.738108987978196,14
2490,37,24,30,16,-8.742074606758964,8
2491,76,38,74,24,-8.745244698836945,14
2492,38,15,32,10,-8.75452405688887,5
2493,89,28,28,17,-8.778229865251367,11
2494,20,53,41,35,-8.79255140026366,18
2495,80,16,54,10,-8.79690648448589,6
2496,65,11,11,6,-8.80291425134563,5
2497,93,24,23,14,-8.804783518097919,10
2498,76,10,29,7,-8.806443209825622,3
2499,79,26,32,17,-8.859137187931584,9
2500,111,11,1,6,-8.869705750936069,5
2501,94,17,98,11,-8.877059957058028,6
2502,13,16,49,9,-8.888211504289162,7
2503,39,11,86,6,-8.910603166031022,5
2504,28,28,63,18,-8.916039326351278,10
2505,11,21,55,14,-8.922205824357368,7
2506,6,28,16,17,-8.933535995129278,11
2507,110,20,107,12,-8.933567921834605,8
2508,111,18,48,12,-8.93792122942067,6
2509,46,19,111,12,-8.943973618396548,7
2510,48,16,34,10,-8.966500225758807,6
2511,18,19,74,12,-8.971261505798399,7
2512,86,23,11,13,-9.00110623960404,10
2513,85,17,20,11,-9.004630773775084,6
2514,41,15,37,9,-9.045546503277958,6
2515,94,17,9,10,-9.046651199834555,7
2516,16,12,15,8,-9.05960662342551,4
2517,32,12,26,7,-9.09769401619869,5
2518,112,23,6,14,-9.097888193162195,9
2519,57,11,2,6,-9.107338089684553,5
2520,94,14,28,9,-9.114148559760048,5
2521,65,46,2,31,-9.127233696328608,15
2522,41,16,90,10,-9.176957924654713,6
2523,43,24,8,15,-9.183295995535126,9
2524,51,12,63,7,-9.225277491215897,5
2525,107,15,46,11,-9.229701935273749,4
2526,54,46,111,29,-9.235401744617302,17
2527,62,21,84,13,-9.235845718439357,8
2528,79,25,18,15,-9.249685178872355,10
2529,50,14,43,9,-9.27474781724881,5
2530,38,11,34,7,-9.304419549994037,4
2531,108,11,86,7,-9.320443832368007,4
2532,7,12,107,8,-9.343569897698087,4
2533,90,15,55,10,-9.35135918812427,5
2534,8,14,59,9,-9.376826871718674,5
2535,73,20,86,13,-9.377152492619757,7
2536,30,22,55,13,-9.385734127086305,9
2537,86,42,37,26,-9.397445130908768,16
2538,44,38,6,23,-9.426841332729712,15
2539,6,30,107,19,-9.435708851310011,11
2540,87,27,30,18,-9.441306317195094,9
2541,86,19,64,12,-9.463737237263311,7
2542,58,11,6,7,-9.489496457414932,4
2543,86,11,13,7,-9.494734946605222,4
2544,86,11,34,7,-9.50079228196719,4
2545,76,23,15,15,-9.503739473265108,8
2546,28,47,93,30,-9.52165124611565,17
2547,79,38,26,23,-9.536350432091197,15
2548,15,18,98,11,-9.562063446027425,7
2549,87,52,55,34,-9.570647582408675,18
2550,65,21,60,13,-9.571951123571171,8
2551,85,25,16,16,-9.572199671326333,9
2552,9,80,28,49,-9.574958318052508,31
2553,89,22,23,14,-9.576875474490599,8
2554,65,60,98,39,-9.578885579734806,21
2555,62,20,41,13,-9.588548331059112,7
2556,91,11,112,7,-9.589326756813396,4
2557,41,27,55,16,-9.622531787318458,11
2558,62,26,98,16,-9.641858129313675,10
2559,112,23,20,15,-9.650609897921214,8
2560,86,21,10,14,-9.65589885739765,7
2561,68,16,98,12,-9.657676259709891,4
2562,91,27,2,16,-9.694693742662338,11
2563,103,36,111,23,-9.751404731703087,13
2564,91,17,93,11,-9.794639196057782,6
2565,48,25,50,16,-9.79758412391437,9
2566,51,20,54,12,-9.801036066415065,8
2567,80,11,84,7,-9.807434273803766,4
2568,76,25,54,15,-9.82196620742167,10
2569,96,15,65,9,-9.851177535683915,6
2570,13,19,84,11,-9.87853003147809,8
2571,65,31,26,19,-9.884073914474246,12
2572,30,14,88,8,-9.922637542624901,6
2573,17,13,87,8,-9.92299839057508,5
2574,91,14,90,8,-9.92521884050834,6
2575,75,10,103,6,-9.92764617859353,4
2576,70,11,93,7,-9.928875321549777,4
2577,18,14,55,9,-9.949790942140542,5
2578,32,30,111,18,-9.962416908002066,12
2579,38,24,111,15,-9.966212518632437,9
2580,34,17,76,11,-9.994247540573088,6
2581,38,33,29,22,-10.021162687074472,11
2582,29,22,30,13,-10.027782596030615,9
2583,34,14,37,9,-10.040882054419711,5
2584,97,12,9,7,-10.043091409865225,5
2585,30,10,13,7,-10.045810992896937,3
2586,8,18,1,11,-10.088467371686841,7
2587,10,30,84,19,-10.110326059838856,11
2588,106,26,79,16,-10.117740105038752,10
2589,74,29,103,20,-10.120878103689181,9
2590,109,19,55,13,-10.125299163294448,6
2591,62,13,30,8,-10.146431281762988,5
2592,65,23,110,15,-10.151511833678441,8
2593,75,12,48,9,-10.185338411509974,3
2594,38,10,60,6,-10.186949801542625,4
2595,88,39,98,27,-10.20944563301872,12
2596,20,12,52,8,-10.212471754033883,4
2597,6,16,26,11,-10.241752287967037,5
2598,9,29,17,19,-10.257069894218064,10
2599,71,10,88,7,-10.263450457417434,3
2600,87,10,39,6,-10.267299551613329,4
2601,91,17,55,12,-10.270858068285028,5
2602,65,23,49,14,-10.272552098818878,9
2603,106,12,6,7,-10.289436711507506,5
2604,20,16,80,10,-10.304821992178509,6
2605,5,10,104,7,-10.305151002741349,3
2606,79,24,13,17,-10.309807701260615,7
2607,96,10,50,6,-10.316111742160953,4
2608,9,23,34,14,-10.326274877348238,9
2609,84,12,64,7,-10.335929294846645,5
2610,79,27,63,18,-10.37770241869829,9
2611,17,10,29,7,-10.39598522715346,3
2612,75,10,98,7,-10.422827528026357,3
2613,76,21,46,15,-10.423738421119205,6
2614,51,14,18,9,-10.42518053681612,5
2615,93,12,90,7,-10.444030736195835,5
2616,66,12,79,9,-10.448674909094285,3
2617,76,10,96,7,-10.473454930849595,3
2618,85,13,88,9,-10.474485947559346,4
2619,88,16,70,11,-10.48096596860686,5
2620,8,17,110,12,-10.493443474648162,5
2621,86,37,2,25,-10.539313011081308,12
2622,50,14,90,9,-10.544137931863862,5
2623,32,12,6,8,-10.5718983874489,4
2624,104,10,49,7,-10.571918118353274,3
2625,41,39,54,26,-10.593430312504074,13
2626,5,17,87,11,-10.594673728658039,6
2627,101,10,65,6,-10.616476001261296,4
2628,58,13,38,9,-10.642287291889899,4
2629,11,13,39,10,-10.646218716239577,3
2630,107,10,17,7,-10.673903001060172,3
2631,91,22,63,14,-10.682993055551979,8
2632,103,50,65,34,-10.69843242130798,16
2633,85,10,91,5,-10.702453755941068,5
2634,88,16,73,11,-10.709173893318198,5
2635,18,14,23,10,-10.769319649937687,4
2636,23,21,90,14,-10.771826558425428,7
2637,63,11,93,7,-10.80270098596215,4
2638,38,13,48,9,-10.806930719021558,4
2639,41,48,98,30,-10.835326353590224,18
2640,107,19,43,13,-10.867172126163055,6
2641,86,18,49,10,-10.913471544367308,8
2642,20,38,26,25,-10.94603615247926,13
2643,43,10,30,7,-10.958461383133036,3
2644,107,15,13,11,-10.965897709014325,4
2645,18,11,46,8,-10.999817101952488,3
2646,63,10,18,6,-11.002328341283704,4
2647,6,14,38,10,-11.005398790381081,4
2648,54,33,63,21,-11.018616590157572,12
2649,110,12,98,8,-11.026999619900332,4
2650,85,12,10,7,-11.037949468704035,5
2651,50,15,10,10,-11.061080668679153,5
2652,35,18,48,12,-11.064814060189882,6
2653,6,30,87,20,-11.079517220381964,10
2654,2,12,63,8,-11.123429561783263,4
2655,37,19,93,13,-11.13537305772806,6
2656,89,15,8,10,-11.136544141609958,5
2657,20,23,16,14,-11.160395063605563,9
2658,23,17,17,12,-11.173746527216174,5
2659,44,18,65,11,-11.219859746185271,7
2660,2,11,97,7,-11.226466198459859,4
2661,48,17,93,12,-11.235463842161247,5
2662,109,24,38,16,-11.246292341387843,8
2663,2,10,39,6,-11.302944205280658,4
2664,80,16,28,10,-11.308008582322735,6
2665,50,25,65,17,-11.312654764635129,8
2666,103,22,2,16,-11.358008021341288,6
2667,48,17,20,12,-11.362684990472752,5
2668,85,15,30,10,-11.375876505138455,5
2669,20,13,46,7,-11.398397116124533,6
2670,41,20,17,15,-11.462467383182341,5
2671,56,11,87,8,-11.464595779861154,3
2672,28,17,43,12,-11.503038032270851,5
2673,70,28,16,20,-11.54427586863591,8
2674,3,11,74,7,-11.558342441965504,4
2675,102,16,65,10,-11.565057266886953,6
2676,13,18,16,12,-11.568229122492735,6
2677,18,16,65,11,-11.593628436717696,5
2678,103,26,30,18,-11.594512781464298,8
2679,85,10,93,7,-11.596564222959241,3
2680,86,22,70,14,-11.622158138069938,8
2681,88,15,32,11,-11.622595612385652,4
2682,55,18,10,11,-11.634204977110194,7
2683,93,13,73,9,-11.6698926319616,4
2684,1,15,93,11,-11.687642643688712,4
2685,9,23,46,14,-11.712540493367957,9
2686,20,13,18,8,-11.715025972179685,5
2687,62,13,70,8,-11.719880801732709,5
2688,16,21,30,15,-11.724979412879154,6
2689,38,11,80,8,-11.727896658420697,3
2690,76,11,11,7,-11.750022140716602,4
2691,79,10,15,7,-11.756403792330063,3
2692,98,18,104,11,-11.758094591275455,7
2693,106,18,84,11,-11.759279094165112,7
2694,46,14,26,9,-11.785571142877396,5
2695,50,13,110,9,-11.789801735998642,4
2696,103,29,93,19,-11.801085216233043,10
2697,2,25,55,16,-11.807932628931717,9
2698,109,14,50,9,-11.809368464557789,5
2699,9,11,58,8,-11.82226661915616,3
2700,62,15,23,11,-11.828374088275872,4
2701,37,17,85,13,-11.836833776252561,4
2702,108,10,55,7,-11.84620249489241,3
2703,17,26,28,18,-11.85039633513082,8
2704,109,14,43,9,-11.866460109925436,5
2705,87,44,26,29,-11.871386146117102,15
2706,1,11,9,7,-11.88637849875501,4
2707,17,13,18,8,-11.905263091036245,5
2708,104,16,54,11,-11.957642578801543,5
2709,74,18,34,12,-11.991284031865538,6
2710,9,19,63,12,-11.997572673730792,7
2711,62,28,107,18,-12.009467725805584,10
2712,70,11,29,8,-12.030336124564109,3
2713,30,15,93,10,-12.041707290163442,5
2714,19,12,103,8,-12.064157815204576,4
2715,6,18,18,12,-12.078104024118801,6
2716,112,11,79,8,-12.089617166544242,3
2717,103,11,58,8,-12.093407699535737,3
2718,18,12,91,8,-12.136074421735435,4
2719,98,45,55,32,-12.146066080535462,13
2720,41,20,93,15,-12.152619394683914,5
2721,109,11,10,7,-12.166039484484626,4
2722,2,15,18,10,-12.18264280532671,5
2723,54,16,11,11,-12.197817241087677,5
2724,50,11,80,9,-12.22528715047203,2
2725,41,24,32,15,-12.295470101415006,9
2726,74,10,51,7,-12.299925807232606,3
2727,26,12,93,8,-12.342400061412198,4
2728,50,20,93,13,-12.385609627032686,7
2729,57,24,8,16,-12.404593522046598,8
2730,62,22,93,15,-12.439036445917942,7
2731,28,11,15,8,-12.485406174562149,3
2732,84,14,15,10,-12.488568021465507,4
2733,48,12,104,9,-12.498145078794368,3
2734,26,16,23,11,-12.527854298941746,5
2735,5,14,37,10,-12.535664321031334,4
2736,109,13,63,10,-12.56236359122035,3
2737,66,15,8,11,-12.57730249455607,4
2738,71,14,98,10,-12.599763195527046,4
2739,98,25,32,17,-12.60897292614075,8
2740,8,12,3,9,-12.625631089351694,3
2741,50,19,32,12,-12.634950501359127,7
2742,103,33,20,24,-12.666531668869954,9
2743,66,13,107,9,-12.675436620401038,4
2744,70,18,107,12,-12.682033904752588,6
2745,97,11,87,6,-12.69108979690934,5
2746,54,12,39,8,-12.719289008108058,4
2747,75,10,17,7,-12.759002952989487,3
2748,111,21,73,14,-12.761253099258202,7
2749,9,38,93,27,-12.813603627591082,11
2750,109,28,54,19,-12.824426413749991,9
2751,17,14,86,10,-12.845058614378045,4
2752,62,24,55,16,-12.942821418799412,8
2753,43,18,55,12,-13.012921035450152,6
2754,109,16,91,11,-13.072553258007293,5
2755,52,12,86,9,-13.150274929933458,3
2756,41,30,107,19,-13.154593566297324,11
2757,109,20,74,13,-13.156020067724324,7
2758,103,11,43,7,-13.18571482888933,4
2759,89,10,58,7,-13.242354787086834,3
2760,109,24,26,17,-13.281044125686407,7
2761,73,12,89,8,-13.292782754035754,4
2762,90,12,73,9,-13.337519609995004,3
2763,48,27,74,17,-13.450895577876453,10
2764,73,15,13,10,-13.471561712276635,5
2765,37,20,111,13,-13.57504840749371,7
2766,9,25,30,18,-13.586761149710135,7
2767,43,17,26,13,-13.59933768355571,4
2768,68,13,50,10,-13.666588424464432,3
2769,13,10,37,7,-13.71058873552403,3
2770,109,12,88,9,-13.730907256228043,3
2771,73,16,38,10,-13.771113964229546,6
2772,8,12,77,9,-13.772928583045534,3
2773,43,14,93,10,-13.775006273083642,4
2774,50,11,26,8,-13.83833866908602,3
2775,107,15,1,10,-13.885962760347939,5
2776,109,12,70,9,-13.902253335630233,3
2777,54,27,30,19,-13.923397923845725,8
2778,76,20,63,16,-13.935325978058145,4
2779,50,18,30,12,-13.946822796904751,6
2780,107,35,26,27,-13.95146533006327,8
2781,46,13,11,8,-13.97192512402867,5
2782,71,21,8,14,-14.080710619469802,7
2783,87,24,106,18,-14.142460326987873,6
2784,112,15,28,10,-14.162036513146953,5
2785,9,21,57,16,-14.205802139668362,5
2786,3,10,28,7,-14.224615619881277,3
2787,8,10,60,7,-14.262033464961128,3
2788,70,12,90,9,-14.290264472561063,3
2789,75,18,55,13,-14.305259411887565,5
2790,80,10,55,7,-14.33309852037076,3
2791,88,12,26,8,-14.385453144142543,4
2792,109,23,32,16,-14.41108162475205,7
2793,38,24,74,16,-14.422741656064813,8
2794,20,26,29,18,-14.478890408494554,8
2795,65,26,30,19,-14.563622151554522,7
2796,109,17,86,12,-14.602063081104589,5
2797,107,18,32,14,-14.610219857623699,4
2798,13,14,88,8,-14.636848081546901,6
2799,59,14,65,9,-14.654063925888893,5
2800,62,11,49,7,-14.691411076024673,4
2801,17,11,93,8,-14.792328082005685,3
2802,88,19,90,13,-14.848820731417785,6
2803,41,13,13,9,-14.878152444409187,4
2804,38,27,55,19,-14.933283660059052,8
2805,38,26,93,18,-14.945048831229197,8
2806,40,14,84,9,-15.139436492633186,5
2807,37,16,57,12,-15.146716279138674,4
2808,18,11,90,8,-15.206260273523743,3
2809,28,26,26,19,-15.211295764909368,7
2810,20,20,62,15,-15.291234725709051,5
2811,6,31,2,22,-15.303923962237263,9
2812,70,17,63,12,-15.423330820666749,5
2813,23,26,10,18,-15.516530866155287,8
2814,106,18,16,13,-15.530666511008812,5
2815,59,10,16,6,-15.561569445873218,4
2816,96,10,46,8,-15.625366213424993,2
2817,73,12,29,9,-15.669782329836792,3
2818,38,15,17,11,-15.678044683298898,4
2819,79,15,46,10,-15.695062063539162,5
2820,51,13,34,10,-15.73874854629926,3
2821,85,10,26,7,-15.738951593013217,3
2822,50,12,104,9,-15.773911417272641,3
2823,62,31,111,23,-15.780695907166118,8
2824,66,14,6,11,-15.817538028688281,3
2825,76,21,2,15,-15.887194817597921,6
2826,63,17,37,12,-15.955493748739714,5
2827,66,12,28,8,-16.011877124422657,4
2828,37,14,17,9,-16.224073122382876,5
2829,85,14,87,11,-16.255207936397188,3
2830,103,11,59,8,-16.266656443008642,3
2831,109,38,28,28,-16.274626784979056,10
2832,103,13,62,9,-16.299156500586875,4
2833,96,10,49,7,-16.466804604951104,3
2834,106,10,111,8,-16.614986015463362,2
2835,55,13,39,9,-16.616243530697464,4
2836,69,13,26,10,-16.625965123271836,3
2837,71,12,28,10,-16.63851586652194,2
2838,9,13,5,10,-16.7060467975664,3
2839,107,10,39,7,-16.814267471511418,3
2840,20,20,63,15,-16.834864129500016,5
2841,110,15,74,11,-16.836715903263343,4
2842,23,15,73,11,-16.845082586610527,4
2843,109,32,41,27,-16.8745865282688,5
2844,15,12,38,9,-16.880495720481193,3
2845,76,15,57,11,-16.896472051992507,4
2846,54,13,26,8,-16.93978716229654,5
2847,109,17,73,13,-17.085641782719854,4
2848,73,12,48,9,-17.09396402486424,3
2849,48,11,106,9,-17.19233016351013,2
2850,50,16,62,12,-17.235813943056094,4
2851,28,10,39,8,-17.27449614311299,2
2852,89,10,37,8,-17.418835616565143,2
2853,49,19,88,15,-17.53203455274144,4
2854,110,10,41,9,-17.607251464829996,1
2855,63,10,11,7,-17.63634503388182,3
2856,109,33,87,25,-17.707668471693257,8
2857,9,11,64,8,-17.70787325437998,3
2858,41,12,69,9,-17.91540399207371,3
2859,73,12,107,9,-18.009767759901283,3
2860,10,15,38,12,-18.015221595889397,3
2861,63,10,62,8,-18.031802170985944,2
2862,112,10,49,8,-18.032245939699454,2
2863,76,12,93,9,-18.082770445937008,3
2864,87,13,58,11,-18.244104920146572,2
2865,46,11,50,9,-18.38039249684114,2
2866,7,13,79,10,-18.40480150019194,3
2867,91,15,34,11,-18.43501821510385,4
2868,6,15,109,11,-18.568483421277442,4
2869,46,23,87,17,-18.574288844868004,6
2870,38,24,26,18,-18.614524044017738,6
2871,85,14,55,10,-18.845042881625936,4
2872,107,10,57,7,-18.898942791962412,3
2873,28,20,57,16,-18.9179767971545,4
2874,16,17,49,13,-19.10499490357724,4
2875,1,20,10,16,-19.11679590899215,4
2876,50,15,106,12,-19.19241412512064,3
2877,29,12,110,10,-19.248543702222975,2
2878,107,12,106,10,-19.319610416810274,2
2879,12,11,6,7,-19.32835940292554,4
2880,38,14,43,10,-19.328461951187712,4
2881,71,14,62,13,-19.345738811932716,1
2882,10,19,20,15,-19.474906343573682,4
2883,109,17,111,13,-19.61874690588408,4
2884,75,17,88,14,-19.64046934532055,3
2885,30,12,46,9,-19.658771905767804,3
2886,10,13,41,11,-19.737157878272868,2
2887,103,10,34,9,-19.87880862427678,1
2888,98,12,51,9,-20.0679948728163,3
2889,37,12,18,10,-20.1495733097828,2
2890,109,12,110,10,-20.16933250309851,2
2891,10,10,17,8,-20.222695302818984,2
2892,104,10,37,8,-20.681486856575923,2
2893,52,14,28,12,-21.054527541956734,2
2894,44,11,17,9,-22.072912946241182,2
2895,70,26,111,20,-22.2756769679701,6
2896,94,10,84,9,-22.762013140609877,1
2897,10,10,26,8,-22.77202326046866,2
2898,41,13,57,11,-23.156162131875274,2
2899,96,10,11,8,-23.398905297150783,2
2900,97,10,65,7,-23.53209680517744,3
2901,89,12,55,10,-23.859507970316177,2
2902,86,15,103,13,-23.967936503754764,2
2903,76,14,90,10,-23.99660276951992,4
2904,10,11,63,9,-24.09658997724639,2
2905,112,11,74,9,-24.423385588541223,2
2906,49,11,26,8,-26.831812890773925,3
2907,43,10,91,10,-27.34458455824453,0
2908,65,11,64,9,-27.72714931249874,2
2909,107,12,19,11,-27.902421454254707,1
