,againstHero,games,hero,losses,shift,wins
0,88,11,37,1,27.057249327206794,10
1,5,10,98,1,26.905499948478564,9
2,30,11,54,1,25.713620235434703,10
3,48,10,35,1,25.155197930838906,9
4,76,13,35,3,24.45415726080802,10
5,100,12,54,2,23.111299810651484,10
6,34,10,51,1,22.213174768846972,9
7,93,13,96,2,21.644278578741655,11
8,50,18,55,4,21.384042844031153,14
9,30,12,107,2,21.034566601211726,10
10,104,11,2,2,20.99821813160113,9
11,107,10,66,2,20.152222817707916,8
12,20,11,25,2,19.98791829237953,9
13,2,13,54,2,19.759970484752476,11
14,28,14,112,3,19.249826897720943,11
15,50,10,70,3,18.66920839814296,7
16,11,11,25,2,18.268065492344636,9
17,63,17,91,4,18.120595699414864,13
18,16,11,98,3,18.093280468518255,8
19,88,10,57,3,18.03608858455504,7
20,90,23,28,5,17.842079516061677,18
21,11,12,98,3,17.79113396344492,9
22,16,22,74,5,17.470138560724315,17
23,34,11,87,3,17.338115350277818,8
24,35,10,106,3,17.319051156851785,7
25,73,10,54,2,17.106743436572106,8
26,41,12,86,2,16.916591977189356,10
27,16,11,46,3,16.858130505059204,8
28,90,12,63,3,16.840668609829066,9
29,91,11,20,3,16.614550431285505,8
30,37,25,54,7,16.448115207654748,18
31,11,13,70,3,16.32604658673946,10
32,106,10,23,3,16.05394351537058,7
33,8,11,98,2,15.96259366832557,9
34,88,12,109,2,15.756053179646178,10
35,48,11,9,3,15.643745764186933,8
36,93,10,11,2,15.321419061771829,8
37,73,11,37,4,15.237735204111457,7
38,2,16,70,5,15.20234077608459,11
39,73,14,90,4,15.181297397438652,10
40,87,14,70,4,15.12081768591584,10
41,91,12,96,3,15.083901067533665,9
42,80,12,50,2,14.926124931290452,10
43,63,13,109,3,14.866102829084163,10
44,46,16,96,6,14.744941109171663,10
45,8,11,65,3,14.67711948639893,8
46,74,23,28,6,14.602487166516608,17
47,80,11,35,3,14.578551377058158,8
48,63,33,84,10,14.557123158417967,23
49,14,11,63,4,14.53302527333945,7
50,107,14,35,3,14.477847243885739,11
51,95,11,107,3,14.460264509685397,8
52,34,12,28,3,14.433851353414235,9
53,90,10,48,3,14.062301149493257,7
54,8,13,114,3,14.054987210160682,10
55,71,13,8,4,13.992705985768803,9
56,46,12,84,3,13.974033982222737,9
57,88,24,46,6,13.65005256735965,18
58,51,12,74,3,13.519826421822684,9
59,55,25,11,6,13.485189958967284,19
60,69,11,28,4,13.38734226962898,7
61,84,10,76,3,13.371791794476119,7
62,16,10,91,3,13.247386679926667,7
63,114,10,109,2,13.1871519949772,8
64,48,19,54,6,13.122325082638987,13
65,80,10,14,4,13.097202558791373,6
66,17,10,107,3,13.095515887019284,7
67,97,13,8,4,13.031573471749283,9
68,16,23,107,6,12.980459438572407,17
69,114,11,20,3,12.975045668551978,8
70,63,38,54,11,12.927281881197459,27
71,86,16,73,6,12.90546934044994,10
72,54,11,104,3,12.891406783844756,8
73,16,34,87,11,12.76704720332023,23
74,98,10,87,3,12.766560909926934,7
75,98,23,96,8,12.672735601907378,15
76,50,12,102,5,12.613397644799399,7
77,86,10,39,4,12.521968554365156,6
78,73,17,107,6,12.476279417058619,11
79,11,38,96,12,12.43376452627604,26
80,85,11,96,3,12.207174001404555,8
81,30,10,87,3,11.954020606538128,7
82,88,12,104,4,11.911529882206118,8
83,76,10,55,2,11.845869320079572,8
84,86,17,109,4,11.844463141455284,13
85,95,10,88,3,11.838381077895013,7
86,109,11,5,4,11.832394491701882,7
87,37,17,25,6,11.733244595076602,11
88,80,15,107,3,11.678062977381895,12
89,2,13,97,4,11.663957871857763,9
90,91,10,98,3,11.6111736728835,7
91,28,18,114,7,11.571094203781072,11
92,90,21,5,6,11.4260840400988,15
93,16,28,106,8,11.388421643555448,20
94,11,18,37,5,11.382728976908798,13
95,11,19,84,6,11.373729994467022,13
96,50,11,109,3,11.21767101593788,8
97,50,12,114,4,11.20297857698265,8
98,17,13,37,5,11.05079407640676,8
99,30,13,16,4,10.882729052195028,9
100,74,15,70,6,10.825825286716226,9
101,90,18,106,6,10.722647291777667,12
102,97,11,25,4,10.706492708864033,7
103,50,11,98,3,10.6914012264267,8
104,50,23,20,9,10.679903465549346,14
105,75,14,8,4,10.634775722140729,10
106,48,22,96,7,10.412031756955415,15
107,90,16,50,5,10.406651686467335,11
108,114,17,5,6,10.369502294340972,11
109,46,11,75,3,10.358241612595512,8
110,16,37,96,11,10.284315397893865,26
111,87,14,93,5,10.257204602761986,9
112,102,19,86,5,10.227725431566299,14
113,90,15,37,5,10.174182725049684,10
114,55,12,70,4,10.141434019068976,8
115,109,11,102,4,10.030166218885235,7
116,106,14,75,7,10.013304733371458,7
117,90,11,74,3,10.005531313326735,8
118,28,19,25,6,10.004409761163549,13
119,98,16,63,6,9.997373775280366,10
120,86,20,76,7,9.940010233613187,13
121,2,13,106,5,9.919015199493716,8
122,51,17,96,6,9.90017056684033,11
123,86,23,79,8,9.865377107457421,15
124,20,22,84,6,9.790302500691975,16
125,16,18,55,6,9.733018432439057,12
126,50,27,107,10,9.722993971104628,17
127,98,14,106,5,9.701360201061402,9
128,73,13,5,5,9.6154675420233,8
129,28,10,18,4,9.538088324550174,6
130,79,12,87,3,9.532024747647966,9
131,5,20,84,7,9.50528180437551,13
132,95,13,8,5,9.502751434643129,8
133,20,14,51,6,9.477293220680314,8
134,87,13,2,5,9.430732046556473,8
135,63,18,2,7,9.424323722958958,11
136,2,25,107,8,9.34845410579801,17
137,63,25,20,10,9.320091766955512,15
138,90,13,80,4,9.306752684001106,9
139,108,14,63,5,9.298531248541144,9
140,97,13,5,4,9.29611525828206,9
141,2,11,65,3,9.274625860779652,8
142,76,14,50,4,9.228465475536328,10
143,2,10,16,3,9.214178381730257,7
144,30,15,8,5,9.185211827951935,10
145,97,15,107,6,9.103059896742112,9
146,88,12,70,4,9.07996284568391,8
147,63,38,28,13,9.045203898145056,25
148,50,21,5,9,8.97348826108785,12
149,102,10,5,4,8.925191423638346,6
150,5,10,95,3,8.888673428502385,7
151,11,18,20,5,8.872799316531829,13
152,86,27,51,11,8.740860643352912,16
153,93,18,8,7,8.720732820789841,11
154,106,17,104,6,8.650515897387708,11
155,102,10,87,3,8.61362310955975,7
156,8,40,87,14,8.572049681412182,26
157,90,10,114,4,8.560822077428913,6
158,16,17,5,6,8.545043507377798,11
159,86,17,114,7,8.541327271410411,10
160,50,25,96,9,8.534707794331519,16
161,50,17,88,7,8.503859481033004,10
162,74,33,96,12,8.474831991428163,21
163,57,10,107,4,8.46673756025304,6
164,86,26,70,11,8.431070575550432,15
165,109,14,8,6,8.406730376295354,8
166,69,13,86,5,8.329501489122975,8
167,97,15,37,6,8.227995174488177,9
168,86,12,108,5,8.204205290543774,7
169,80,14,65,5,8.117894882236026,9
170,63,20,88,8,8.087843670572429,12
171,76,16,107,6,8.078268794170354,10
172,88,26,107,9,8.073286316322777,17
173,16,14,48,6,8.053586068768567,8
174,63,17,76,5,8.029454753014045,12
175,28,19,102,8,8.029114224243866,11
176,73,20,74,7,8.01522036427702,13
177,28,18,91,7,8.01457036803685,11
178,20,21,74,7,7.999229580686775,14
179,102,19,96,7,7.9956311609664965,12
180,93,13,28,4,7.977780890104037,9
181,86,18,104,8,7.975989606379795,10
182,8,20,25,7,7.955817207245067,13
183,96,12,34,4,7.949755484984076,8
184,80,24,106,9,7.948937081453317,15
185,114,14,96,5,7.889762565328155,9
186,48,20,79,8,7.777732866617034,12
187,106,18,70,8,7.764435141080124,10
188,46,23,28,7,7.7505833090146155,16
189,79,10,106,4,7.723339908977314,6
190,76,14,70,5,7.7067801731883225,9
191,48,18,87,7,7.681552221415861,11
192,55,10,108,4,7.660382487173957,6
193,96,22,80,8,7.6325568595370585,14
194,88,22,28,8,7.627108902511438,14
195,63,12,46,4,7.600674717701955,8
196,85,10,107,4,7.595499375056901,6
197,28,26,109,9,7.544328734380936,17
198,28,19,70,8,7.544208909658004,11
199,16,17,84,7,7.47114031170461,10
200,7,10,96,3,7.4569702058661615,7
201,16,14,104,6,7.42012344468112,8
202,63,11,25,4,7.385187766970543,7
203,102,16,8,6,7.376211425683788,10
204,102,15,25,5,7.370724163994214,10
205,48,22,107,9,7.330278865374194,13
206,37,19,63,7,7.323556718476416,12
207,28,19,75,8,7.2257676072063814,11
208,63,28,48,10,7.208356975606329,18
209,93,12,84,4,7.171686286545099,8
210,63,12,79,4,7.1114844508040305,8
211,11,13,109,5,7.078888073047802,8
212,86,21,80,9,7.071945289109106,12
213,50,11,48,4,7.05821121395096,7
214,87,30,37,12,6.998523319274806,18
215,91,19,107,7,6.934990674003094,12
216,93,12,86,4,6.922029970425321,8
217,30,10,28,4,6.887888917999973,6
218,65,12,37,5,6.8663176912939194,7
219,80,22,63,8,6.843518885460648,14
220,20,22,106,8,6.829724934902,14
221,11,11,80,4,6.802148460786961,7
222,48,10,108,3,6.749808304712147,7
223,54,37,70,16,6.740686016828507,21
224,96,22,70,11,6.734945499709392,11
225,104,24,28,8,6.698590834800697,16
226,46,10,2,4,6.670222065576344,6
227,102,11,114,3,6.658731824235186,8
228,5,16,11,7,6.631509753576113,9
229,54,11,76,4,6.60321190549357,7
230,8,12,91,5,6.5621470286835715,7
231,37,35,86,14,6.511717567803917,21
232,74,21,46,8,6.505986127853414,13
233,14,17,28,6,6.462988674713604,11
234,50,10,18,5,6.440154509710169,5
235,34,11,106,4,6.348877012003049,7
236,86,76,96,30,6.329796370249291,46
237,86,12,14,5,6.306786470454386,7
238,37,23,106,10,6.288276905479724,13
239,93,14,5,5,6.28136680821021,9
240,86,23,48,9,6.215181955253339,14
241,71,13,107,5,6.143176064124285,8
242,20,34,37,15,6.136211544699578,19
243,37,17,84,7,6.135362755463087,10
244,96,13,104,5,6.12530872201756,8
245,86,17,82,6,6.124344607685837,11
246,55,10,79,4,6.105260957218084,6
247,63,15,39,6,6.098512313477008,9
248,76,13,5,5,6.061052091280194,8
249,20,11,90,4,6.045047873910812,7
250,86,24,75,11,6.040483815268099,13
251,25,23,114,11,6.0384808708065965,12
252,109,15,84,6,6.015767126917386,9
253,87,12,46,5,5.996729580761838,7
254,16,28,54,13,5.982292107634971,15
255,51,16,84,6,5.901642978476206,10
256,88,10,75,4,5.899399725245313,6
257,33,10,11,5,5.887923901561769,5
258,108,11,50,4,5.8529749166500435,7
259,54,23,88,10,5.848729251985922,13
260,30,12,96,5,5.827709187189812,7
261,39,14,11,4,5.821131817679595,10
262,96,21,25,9,5.815913112162357,12
263,16,12,108,5,5.770631208900039,7
264,84,14,39,6,5.735188058057851,8
265,84,12,9,5,5.723245457590759,7
266,63,20,55,8,5.717328262845937,12
267,5,16,70,7,5.663813747338574,9
268,5,10,2,4,5.655750547481818,6
269,95,17,86,6,5.641395768359863,11
270,38,11,84,5,5.627456024192355,6
271,65,16,106,6,5.613829651583314,10
272,9,12,50,4,5.578106204160814,8
273,84,20,54,8,5.5585130111250916,12
274,93,10,65,4,5.555381975183237,6
275,73,21,8,9,5.53991081191783,12
276,114,31,107,13,5.515324374035244,18
277,107,16,108,6,5.5146494473296634,10
278,2,11,88,4,5.477658376983315,7
279,46,20,107,7,5.461199830974728,13
280,63,34,96,13,5.39321635342965,21
281,98,13,37,6,5.380850510791065,7
282,88,14,11,6,5.366648482123659,8
283,28,11,89,4,5.364420032064422,7
284,8,16,51,8,5.31555566891209,8
285,33,11,20,5,5.296216349156301,6
286,16,16,51,8,5.285051160663565,8
287,8,11,100,4,5.278831269681898,7
288,34,12,74,4,5.2395412452934975,8
289,54,19,90,8,5.235966169796198,11
290,5,18,20,8,5.197261457855931,10
291,87,11,95,4,5.184870110841576,7
292,74,26,84,12,5.163735608111026,14
293,50,30,86,14,5.118847118423948,16
294,37,20,104,8,5.081029365357192,12
295,96,12,73,6,5.035390942293943,6
296,50,43,54,19,5.024203035146804,24
297,38,15,86,7,5.020597384796872,8
298,63,15,75,7,5.0013663141315385,8
299,96,21,88,10,4.971318653185928,11
300,8,41,63,18,4.964657756884515,23
301,86,13,35,6,4.963361102394037,7
302,74,13,108,6,4.9091054802012675,7
303,84,32,106,15,4.851744201560306,17
304,50,52,28,23,4.842006177720463,29
305,28,22,2,9,4.837290355461167,13
306,85,13,86,6,4.833314993475176,7
307,51,14,107,5,4.812684625944082,9
308,107,19,25,8,4.802339370319195,11
309,93,15,54,6,4.753030210073771,9
310,20,12,70,5,4.7525723743767765,7
311,14,15,84,6,4.752366615638507,9
312,16,13,79,6,4.716412220610577,7
313,55,11,9,5,4.690967100580704,6
314,28,11,17,5,4.633008899903921,6
315,28,24,65,11,4.610707424918393,13
316,14,20,8,8,4.574516362462752,12
317,98,24,86,11,4.56301016412544,13
318,55,10,104,5,4.559676497393724,5
319,86,22,46,9,4.523509548369423,13
320,79,12,8,4,4.5233682313953745,8
321,28,42,84,18,4.506490158254307,24
322,87,10,91,4,4.489603676814871,6
323,76,10,98,5,4.379545503881031,5
324,106,25,107,10,4.361615918052929,15
325,87,24,74,10,4.3427999466192215,14
326,8,50,74,20,4.326948276761618,30
327,25,10,46,4,4.282271929171335,6
328,87,27,20,13,4.272216484330465,14
329,63,17,70,8,4.20425277286591,9
330,84,22,70,9,4.182188769343139,13
331,54,13,51,6,4.161968344939294,7
332,28,13,98,5,4.146799456584137,8
333,51,11,63,5,4.136590143565562,6
334,74,13,50,5,4.131400013417275,8
335,37,12,46,5,4.115895508831177,7
336,84,16,90,7,4.100528600599519,9
337,54,16,95,7,4.0788113560066686,9
338,5,22,54,8,4.058205887373023,14
339,20,30,96,13,4.049587501562743,17
340,11,13,79,7,4.047561716338114,6
341,28,14,95,6,4.040550234811001,8
342,98,16,54,7,4.023186528647164,9
343,93,15,107,6,3.980650403089777,9
344,86,39,55,17,3.9547678901800314,22
345,76,18,28,7,3.937083310529341,11
346,88,10,90,4,3.934351625812753,6
347,37,21,96,10,3.919945326141697,11
348,5,24,87,11,3.882697383473866,13
349,80,13,55,7,3.844743684805329,6
350,11,21,54,10,3.7939536762394646,11
351,65,24,107,10,3.792460626924312,14
352,86,57,107,27,3.7647946280812086,30
353,114,10,73,5,3.7201211944929797,5
354,75,13,71,5,3.6847064190257015,8
355,28,25,97,10,3.677513402546221,15
356,55,15,5,7,3.6694993091099155,8
357,8,25,84,10,3.6608734975068677,15
358,87,16,65,7,3.6538862860446715,9
359,97,26,96,12,3.5743811494977495,14
360,37,11,91,5,3.5597807363329967,6
361,86,60,84,29,3.5529905844827048,31
362,104,17,74,7,3.538241866243782,10
363,84,19,48,8,3.5357038968611265,11
364,114,10,65,5,3.507220051485649,5
365,91,15,84,7,3.506943767095505,8
366,28,45,54,19,3.5006765572633607,26
367,74,15,93,7,3.490032682611992,8
368,23,10,107,4,3.4694839628849055,6
369,74,35,5,17,3.4631826103528005,18
370,74,16,25,6,3.449101233224534,10
371,86,57,54,27,3.4390228326623684,30
372,63,36,106,16,3.4206348963764044,20
373,9,14,8,5,3.40854125083978,9
374,55,20,28,7,3.3574009350442156,13
375,20,10,9,4,3.353443346624384,6
376,54,30,106,14,3.348177634825245,16
377,84,52,107,24,3.3336701512967966,28
378,63,61,86,25,3.3220512619028564,36
379,51,22,28,9,3.3101205733455643,13
380,62,11,86,5,3.301029259605096,6
381,104,23,5,10,3.2901377578718005,13
382,65,20,96,9,3.2670140800116543,11
383,17,12,54,6,3.244378643466575,6
384,37,12,55,6,3.238139723142457,6
385,63,15,104,7,3.1901857927857544,8
386,86,33,90,14,3.1823998863350984,19
387,88,10,97,4,3.158817314054268,6
388,8,24,104,12,3.1496911934409026,12
389,8,20,48,8,3.119996469210726,12
390,97,16,106,8,3.111030579986816,8
391,55,22,84,10,3.089338762612198,12
392,2,17,37,8,3.08113164671896,9
393,50,32,11,14,3.057719385204221,18
394,86,21,97,10,3.045973490025126,11
395,11,41,86,19,3.042531543148512,22
396,38,13,96,6,3.0422152322461717,7
397,90,10,65,5,3.027765344735429,5
398,90,22,107,9,3.001867779560293,13
399,5,17,25,7,3.0012144892866135,10
400,76,23,106,8,2.967465453859236,15
401,109,11,96,5,2.9659646975089258,6
402,95,11,96,5,2.965418433613227,6
403,33,13,28,7,2.9473995278098504,6
404,76,19,8,9,2.941917329794885,10
405,20,12,73,5,2.9374134598402435,7
406,86,11,9,6,2.904091823827273,5
407,96,49,54,24,2.833383930072962,25
408,65,13,88,6,2.8256435057944165,7
409,87,10,80,4,2.824759591911268,6
410,96,31,55,14,2.8188234933181313,17
411,55,20,54,9,2.8062710008984633,11
412,79,15,50,6,2.7998338113931376,9
413,107,38,37,17,2.7932402800230696,21
414,5,26,107,12,2.7744843987311216,14
415,86,20,30,9,2.7676142003206357,11
416,74,32,106,15,2.7612048035475674,17
417,8,29,5,14,2.7350765480594648,15
418,107,40,20,19,2.7059472937253624,21
419,87,12,104,6,2.7052943494990296,6
420,23,12,86,5,2.6913953048637516,7
421,97,11,76,6,2.6606949198631935,5
422,2,25,50,12,2.654728105131012,13
423,86,28,25,14,2.604050978134496,14
424,76,11,20,5,2.5901415978136977,6
425,76,17,37,7,2.571764436347988,10
426,8,36,16,16,2.568974389330901,20
427,28,48,106,21,2.5642902894537087,27
428,20,18,35,8,2.5627214829564173,10
429,65,24,20,10,2.556824132597502,14
430,96,12,108,6,2.55336363887327,6
431,39,11,50,4,2.5147259903046506,7
432,74,16,80,8,2.4851777101640504,8
433,106,33,96,15,2.4846554394342033,18
434,39,10,54,5,2.4307020889287747,5
435,104,22,107,11,2.400881207254073,11
436,65,29,86,13,2.3928055133807304,16
437,54,23,87,12,2.3775325060342167,11
438,8,48,54,24,2.3460039178669154,24
439,8,49,96,22,2.333601925976549,27
440,50,18,16,9,2.3033473059646408,9
441,11,13,35,6,2.2776751536044095,7
442,74,14,97,7,2.2722785511479233,7
443,90,14,16,6,2.2077170317920083,8
444,90,17,87,9,2.20415551274212,8
445,65,18,63,8,2.1987806037470947,10
446,97,15,55,7,2.195224664138417,8
447,96,11,14,5,2.19268862994012,6
448,107,13,38,6,2.179372128477191,7
449,84,13,65,6,2.1773880887408454,7
450,74,14,95,7,2.16071699970709,7
451,63,23,50,9,2.1533733983615027,14
452,50,11,65,6,2.121724673878297,5
453,60,15,90,7,2.117910855592109,8
454,96,19,90,8,2.0975196885604808,11
455,35,12,37,6,2.089032815390569,6
456,75,17,37,6,2.069303836340336,11
457,28,64,96,30,2.0558086605309875,34
458,86,56,5,26,2.040910303716934,30
459,63,11,38,5,2.0377552699599373,6
460,84,10,35,5,1.9965083140622215,5
461,63,36,107,16,1.9964318492105986,20
462,55,12,90,7,1.9940592194265985,5
463,11,27,63,14,1.9872168297368233,13
464,87,26,84,12,1.980727810420746,14
465,98,17,107,8,1.9696484412943798,9
466,11,20,74,9,1.9548228575807027,11
467,86,55,20,26,1.9408756867597663,29
468,87,16,55,7,1.9404799216015798,9
469,63,22,74,10,1.937202025291982,12
470,87,41,107,19,1.9301722661331329,22
471,46,32,54,14,1.923818091292869,18
472,86,13,91,6,1.9050846765976825,7
473,62,10,28,5,1.893815032183228,5
474,8,34,70,16,1.8843474596478074,18
475,51,17,87,8,1.8833490464670963,9
476,107,12,34,6,1.8698580351185214,6
477,74,15,75,8,1.8647322113851466,7
478,17,10,65,6,1.8006374195790151,4
479,86,73,28,34,1.7655146936915704,39
480,5,27,37,11,1.756275091810556,16
481,75,16,96,6,1.7523391118454663,10
482,16,13,75,6,1.7465772324516469,7
483,88,24,86,9,1.7246485121594402,15
484,8,12,80,5,1.7222815544039995,7
485,85,13,54,6,1.7196059703411017,7
486,37,16,16,7,1.6944166098900912,9
487,8,42,106,21,1.6938761092836299,21
488,74,50,86,24,1.692913603383576,26
489,48,12,55,5,1.6914768408443575,7
490,106,22,55,11,1.6908427299306483,11
491,28,29,37,14,1.687523313662891,15
492,11,34,8,17,1.683632820533261,17
493,11,18,48,8,1.6285219730934672,10
494,84,18,80,8,1.570942028221592,10
495,9,12,63,5,1.5537368197949128,7
496,8,31,90,14,1.5056548864922348,17
497,20,20,16,9,1.4827356605490611,11
498,16,44,28,22,1.477883439041638,22
499,74,10,55,5,1.4286826201538882,5
500,102,16,54,7,1.4089469030692696,9
501,106,26,88,11,1.4005785849803014,15
502,20,38,28,17,1.377543749179071,21
503,109,11,73,6,1.3735030211742993,5
504,80,23,28,11,1.3633599598332944,12
505,75,10,54,5,1.3596486355164763,5
506,79,17,28,8,1.3443965025775713,9
507,91,10,5,5,1.3307864414729824,5
508,54,40,107,19,1.3254253707826353,21
509,8,13,10,7,1.3056064594877734,6
510,106,16,48,8,1.2966873109190276,8
511,63,21,97,10,1.2893166339590412,11
512,87,32,63,16,1.2889484863013154,16
513,51,10,104,5,1.2775103337304565,5
514,75,11,84,5,1.2484479349865476,6
515,109,11,87,6,1.2284964497151856,5
516,2,19,86,8,1.2277524355686495,11
517,84,24,50,12,1.2273354450449643,12
518,54,18,80,8,1.2235928560664608,10
519,75,14,50,6,1.2201434901598596,8
520,50,10,34,5,1.2099513767481038,5
521,82,11,28,6,1.1949949841809344,5
522,88,20,16,9,1.1914510987995774,11
523,86,35,16,18,1.1895001610717795,17
524,50,21,87,10,1.1882539867508364,11
525,109,18,54,10,1.1848897439191548,8
526,87,24,28,11,1.16907639186366,13
527,37,19,70,9,1.1674993437115007,10
528,109,13,20,8,1.166118955660283,5
529,96,50,107,23,1.163938588430391,27
530,54,18,65,9,1.1604082904646678,9
531,63,29,5,12,1.1475259512702378,17
532,55,36,8,17,1.1379965404184393,19
533,86,60,87,31,1.1327161641325862,29
534,8,53,28,24,1.1273193466024871,29
535,38,12,37,6,1.1178231471077413,6
536,84,12,2,6,1.108389759283692,6
537,54,44,20,20,1.1059894419034548,24
538,97,12,70,5,1.0662872633837654,7
539,5,20,88,10,1.027044615892851,10
540,70,20,107,10,1.0170699004269221,10
541,28,39,5,20,1.0101403413858994,19
542,28,11,39,6,0.9894043657226432,5
543,100,14,28,7,0.9692991305888411,7
544,88,18,87,8,0.9656158404233091,10
545,54,23,74,12,0.9317443594507194,11
546,20,14,2,6,0.9201059198292383,8
547,107,14,102,7,0.9168684547097737,7
548,70,17,65,8,0.9099362463379622,9
549,46,13,5,6,0.9003431843350302,7
550,74,17,2,9,0.8667525886050844,8
551,8,14,39,8,0.8627591056111381,6
552,106,11,14,6,0.8292000189715029,5
553,88,22,84,11,0.8257033908889526,11
554,54,14,97,7,0.8042932950440935,7
555,11,42,28,21,0.80002515389246,21
556,86,11,17,6,0.7998063152817568,5
557,71,11,28,6,0.7906121882474628,5
558,11,20,46,10,0.7800389206995956,10
559,106,18,5,8,0.7754718845542204,10
560,65,16,55,7,0.7579567813833229,9
561,28,27,48,13,0.7484805696104432,14
562,88,19,55,9,0.7153400360098916,10
563,107,22,55,11,0.6732864832670306,11
564,5,41,96,20,0.6566491427391816,21
565,106,11,73,5,0.6544320839177008,6
566,8,49,86,23,0.6411662263135911,26
567,8,33,20,16,0.6347510371412081,17
568,8,11,57,5,0.6227776264397911,6
569,28,14,73,7,0.6101482668377957,7
570,46,15,8,7,0.6093189790374431,8
571,74,10,91,5,0.5863595626570582,5
572,74,10,76,6,0.5805497326470934,4
573,2,17,96,8,0.5793042045284421,9
574,50,28,37,14,0.5688425617216251,14
575,51,13,55,7,0.5521554244421191,6
576,84,36,96,19,0.5431287052497142,17
577,11,29,107,15,0.5422665167043693,14
578,114,14,54,6,0.5309174861089083,8
579,16,27,11,14,0.5076788856733216,13
580,8,29,88,15,0.44521651597636724,14
581,37,19,74,9,0.44337608860151007,10
582,65,20,16,9,0.4261404500025613,11
583,63,27,16,13,0.42109162793691096,14
584,84,14,79,8,0.41419542722796737,6
585,37,16,51,9,0.4038062444177477,7
586,76,16,87,8,0.39595996235299813,8
587,87,32,106,16,0.38845028179034213,16
588,74,19,65,9,0.38764465464574593,10
589,28,52,107,27,0.3368468078409395,25
590,106,26,50,12,0.3301801033655424,14
591,55,13,75,8,0.2901701128736263,5
592,9,17,28,7,0.28857106564612295,10
593,100,12,86,7,0.28409428109562196,5
594,8,59,107,30,0.24987353680448204,29
595,8,28,2,14,0.24768095122823727,14
596,76,26,96,12,0.24225869633728628,14
597,80,22,20,11,0.23432520359835018,11
598,11,30,87,16,0.21064944652429082,14
599,107,19,75,11,0.2058755385802943,8
600,96,41,87,21,0.18114836506824772,20
601,48,13,20,7,0.17288062748629193,6
602,8,37,37,18,0.15511402803326843,19
603,37,15,114,7,0.15480721077702267,8
604,11,33,106,17,0.15174923934260073,16
605,88,10,76,4,0.14500962782709123,6
606,76,15,11,7,0.1376774645288651,8
607,104,10,76,4,0.12448591478698141,6
608,8,20,50,8,0.10942463925612352,12
609,80,14,37,7,0.08688615194951728,7
610,11,11,51,6,0.07978822497443648,5
611,109,13,48,7,0.0675018600088535,6
612,35,12,28,6,0.0265085475018972,6
613,102,10,74,5,0.020505233857202043,5
614,28,12,35,6,-0.02650854750189661,6
615,48,13,109,6,-0.0675018600088535,7
616,51,11,11,5,-0.07978822497443616,6
617,37,14,80,7,-0.08688615194951765,7
618,50,20,8,12,-0.10942463925612404,8
619,76,10,104,6,-0.12448591478698105,4
620,76,10,88,6,-0.14500962782709123,4
621,106,33,11,16,-0.15174923934259965,17
622,114,15,37,8,-0.1548072107770236,7
623,37,37,8,19,-0.1551140280332713,18
624,20,13,48,6,-0.17288062748629165,7
625,87,41,96,20,-0.1811483650682465,21
626,106,56,86,28,-0.19482405658778093,28
627,75,19,107,8,-0.20587553858029328,11
628,87,30,11,14,-0.21064944652429057,16
629,20,22,80,11,-0.23432520359835107,11
630,96,26,76,14,-0.24225869633728683,12
631,2,28,8,14,-0.24768095122823564,14
632,107,59,8,29,-0.24987353680448193,30
633,86,12,100,5,-0.28409428109562046,7
634,28,17,9,10,-0.2885710656461217,7
635,75,13,55,5,-0.2901701128736252,8
636,50,26,106,14,-0.3301801033655417,12
637,107,52,28,25,-0.33684680784094073,27
638,65,19,74,10,-0.3876446546457469,9
639,106,32,87,16,-0.3884502817903429,16
640,51,16,37,7,-0.40380624441774726,9
641,79,14,84,6,-0.414195427227968,8
642,16,27,63,14,-0.4210916279369104,13
643,16,20,65,11,-0.4261404500025613,9
644,74,19,37,10,-0.44337608860151023,9
645,88,29,8,14,-0.4452165159763658,15
646,54,14,114,8,-0.5309174861089081,6
647,96,36,84,17,-0.5431287052497149,19
648,55,13,51,6,-0.5521554244421188,7
649,37,28,50,14,-0.5688425617216252,14
650,96,17,2,9,-0.5793042045284422,8
651,76,10,74,4,-0.5805497326470934,6
652,91,10,74,5,-0.5863595626570579,5
653,8,15,46,8,-0.6093189790374438,7
654,73,14,28,7,-0.6101482668377952,7
655,57,11,8,6,-0.6227776264397917,5
656,20,33,8,17,-0.6347510371412074,16
657,86,49,8,26,-0.6411662263135914,23
658,73,11,106,6,-0.6544320839177015,5
659,96,41,5,21,-0.6566491427391822,20
660,55,22,107,11,-0.6732864832670304,11
661,55,19,88,10,-0.7153400360098918,9
662,48,27,28,14,-0.7484805696104441,13
663,55,16,65,9,-0.7579567813833243,7
664,5,18,106,10,-0.7754718845542194,8
665,46,20,11,10,-0.7800389206995959,10
666,28,11,71,5,-0.7906121882474615,6
667,17,11,86,5,-0.7998063152817575,6
668,28,42,11,21,-0.80002515389246,21
669,97,14,54,7,-0.8042932950440923,7
670,84,22,88,11,-0.825703390888953,11
671,14,11,106,5,-0.8292000189715015,6
672,39,14,8,6,-0.8627591056111378,8
673,2,17,74,8,-0.8667525886050853,9
674,88,21,20,12,-0.8894129451501082,9
675,5,13,46,7,-0.9003431843350307,6
676,65,17,70,9,-0.9099362463379616,8
677,2,14,20,8,-0.9201059198292378,6
678,74,23,54,11,-0.931744359450719,12
679,86,56,106,29,-0.9577201204103265,27
680,87,18,88,10,-0.9656158404233091,8
681,28,14,100,7,-0.9692991305888405,7
682,39,11,28,5,-0.9894043657226448,6
683,5,39,28,19,-1.0101403413859,20
684,107,38,74,19,-1.012310332169751,19
685,107,20,70,10,-1.017069900426923,10
686,88,20,5,10,-1.027044615892851,10
687,70,12,97,7,-1.0662872633837661,5
688,20,44,54,24,-1.1059894419034564,20
689,2,12,84,6,-1.1083897592836933,6
690,37,12,38,6,-1.11782314710774,6
691,28,53,8,29,-1.127319346602486,24
692,8,36,55,19,-1.1379965404184398,17
693,5,29,63,17,-1.1475259512702407,12
694,74,38,107,20,-1.1552979321070533,18
695,65,18,54,9,-1.1604082904646675,9
696,107,50,96,27,-1.1639385884303914,23
697,20,13,109,5,-1.1661189556602822,8
698,70,19,37,10,-1.1674993437115004,9
699,28,24,87,13,-1.16907639186366,11
700,54,18,109,8,-1.1848897439191548,10
701,87,21,50,11,-1.1882539867508366,10
702,16,35,86,17,-1.1895001610717801,18
703,16,20,88,11,-1.1914510987995772,9
704,28,11,82,5,-1.1949949841809342,6
705,34,10,50,5,-1.2099513767481056,5
706,50,14,75,8,-1.2201434901598602,6
707,80,18,54,10,-1.2235928560664604,8
708,50,24,84,12,-1.227335445044964,12
709,86,19,2,11,-1.2277524355686478,8
710,87,11,109,5,-1.2284964497151856,6
711,84,11,75,6,-1.2484479349865476,5
712,104,10,51,5,-1.2775103337304554,5
713,63,32,87,16,-1.2889484863013152,16
714,97,21,63,11,-1.2893166339590398,10
715,10,13,8,6,-1.3056064594877719,7
716,107,40,54,21,-1.3254253707826344,19
717,5,10,91,5,-1.3307864414729813,5
718,28,17,79,9,-1.3443965025775715,8
719,54,10,75,5,-1.3596486355164779,5
720,28,23,80,12,-1.3633599598332946,11
721,73,11,109,5,-1.3735030211742982,6
722,28,38,20,21,-1.3775437491790712,17
723,88,26,106,15,-1.4005785849803014,11
724,54,16,102,9,-1.40894690306927,7
725,55,10,74,5,-1.4286826201538898,5
726,28,44,16,22,-1.477883439041638,22
727,16,20,20,11,-1.482735660549062,9
728,90,31,8,17,-1.5056548864922334,14
729,63,12,9,7,-1.5537368197949135,5
730,80,18,84,10,-1.5709420282215925,8
731,8,34,11,17,-1.6836328205332602,17
732,37,29,28,15,-1.6875233136628907,14
733,55,22,106,11,-1.690842729930649,11
734,55,12,48,7,-1.6914768408443577,5
735,86,50,74,26,-1.692913603383574,24
736,106,42,8,21,-1.6938761092836312,21
737,16,16,37,9,-1.6944166098900917,7
738,54,13,85,7,-1.719605970341104,6
739,80,12,8,7,-1.7222815544039987,5
740,86,24,88,15,-1.7246485121594421,9
741,75,13,16,7,-1.7465772324516466,6
742,96,16,75,10,-1.7523391118454665,6
743,37,27,5,16,-1.7562750918105565,11
744,28,73,86,39,-1.7655146936915704,34
745,65,10,17,4,-1.8006374195790151,6
746,75,15,74,7,-1.8647322113851466,8
747,34,12,107,6,-1.869858035118521,6
748,87,17,51,9,-1.8833490464670963,8
749,70,34,8,18,-1.8843474596478085,16
750,28,10,62,5,-1.893815032183228,5
751,91,13,86,7,-1.905084676597684,6
752,54,32,46,18,-1.92381809129287,14
753,74,22,63,12,-1.9372020252919817,10
754,55,16,87,9,-1.9404799216015791,7
755,20,55,86,29,-1.9408756867597659,26
756,74,20,11,11,-1.954822857580702,9
757,107,17,98,9,-1.96964844129438,8
758,84,26,87,14,-1.9807278104207477,12
759,63,27,11,13,-1.987216829736823,14
760,90,12,55,5,-1.9940592194265978,7
761,107,36,63,20,-1.9964318492105986,16
762,35,10,84,5,-1.996508314062219,5
763,38,11,63,6,-2.0377552699599373,5
764,5,56,86,30,-2.0409103037169323,26
765,96,64,28,34,-2.055808660530986,30
766,37,17,75,11,-2.069303836340335,6
767,37,12,35,6,-2.0890328153905666,6
768,90,19,96,11,-2.0975196885604803,8
769,90,15,60,8,-2.117910855592109,7
770,65,11,50,5,-2.1217246738782976,6
771,50,23,63,14,-2.1533733983615027,9
772,95,14,74,7,-2.160716999707089,7
773,65,13,84,7,-2.1773880887408454,6
774,38,13,107,7,-2.1793721284771914,6
775,14,11,96,6,-2.19268862994012,5
776,55,15,97,8,-2.1952246641384163,7
777,63,18,65,10,-2.198780603747095,8
778,87,17,90,8,-2.20415551274212,9
779,16,14,90,8,-2.2077170317920074,6
780,87,60,86,30,-2.208424062664152,30
781,97,14,74,7,-2.2722785511479224,7
782,35,13,11,7,-2.277675153604409,6
783,16,18,50,9,-2.303347305964641,9
784,96,49,8,27,-2.3336019259765495,22
785,54,48,8,24,-2.346003917866915,24
786,87,23,54,11,-2.3775325060342167,12
787,86,29,65,16,-2.39280551338073,13
788,107,22,104,11,-2.4008812072540735,11
789,54,10,39,5,-2.4307020889287743,5
790,96,33,106,18,-2.4846554394342006,15
791,80,16,74,8,-2.4851777101640518,8
792,50,11,39,7,-2.5147259903046506,4
793,108,12,96,6,-2.5533636388732703,6
794,20,24,65,14,-2.556824132597502,10
795,35,18,20,10,-2.562721482956418,8
796,106,48,28,27,-2.5642902894537083,21
797,16,36,8,20,-2.5689743893309025,16
798,37,17,76,10,-2.5717644363479883,7
799,20,11,76,6,-2.590141597813698,5
800,25,28,86,14,-2.604050978134496,14
801,50,25,2,13,-2.654728105131013,12
802,76,11,97,5,-2.6606949198631926,6
803,86,12,23,7,-2.6913953048637516,5
804,104,12,87,6,-2.7052943494990296,6
805,20,40,107,21,-2.7059472937253615,19
806,5,29,8,15,-2.735076548059466,14
807,14,12,107,6,-2.752826564735613,6
808,106,32,74,17,-2.7612048035475665,15
809,30,20,86,11,-2.7676142003206357,9
810,107,29,11,15,-2.767869065390371,14
811,107,26,5,14,-2.7744843987311234,12
812,37,38,107,21,-2.7932402800230713,17
813,50,15,79,9,-2.7998338113931363,6
814,54,20,55,11,-2.8062710008984615,9
815,55,31,96,17,-2.8188234933181313,14
816,80,10,87,6,-2.824759591911268,4
817,88,13,65,7,-2.825643505794417,6
818,54,49,96,25,-2.8333839300729595,24
819,11,27,16,14,-2.8981408824101362,13
820,9,11,86,5,-2.9040918238272733,6
821,73,12,20,7,-2.9374134598402435,5
822,8,19,76,10,-2.941917329794886,9
823,28,13,33,6,-2.947399527809851,7
824,96,11,95,6,-2.9654184336132263,5
825,96,11,109,6,-2.965964697508925,5
826,25,17,5,10,-3.0012144892866126,7
827,65,10,90,5,-3.027765344735429,5
828,20,21,88,10,-3.032925818779347,11
829,96,13,38,7,-3.0422152322461713,6
830,97,21,86,11,-3.045973490025126,10
831,11,32,50,18,-3.0577193852042224,14
832,37,17,2,9,-3.08113164671896,8
833,84,22,55,12,-3.089338762612198,10
834,106,16,97,8,-3.1110305799868163,8
835,107,12,14,7,-3.1146710636183896,5
836,48,20,8,12,-3.119996469210726,8
837,104,24,8,12,-3.149691193440905,12
838,97,10,88,6,-3.1588173140542675,4
839,90,33,86,19,-3.1823998863350966,14
840,104,15,63,8,-3.190185792785754,7
841,55,12,37,6,-3.2381397231424565,6
842,54,12,17,6,-3.2443786434665753,6
843,96,20,65,11,-3.2670140800116547,9
844,5,23,104,13,-3.2901377578718014,10
845,86,11,62,6,-3.3010292596050945,5
846,28,22,51,13,-3.310120573345564,9
847,86,61,63,36,-3.3220512619028586,25
848,107,52,84,28,-3.3336701512967966,24
849,106,30,54,16,-3.348177634825244,14
850,9,10,20,6,-3.353443346624384,4
851,28,20,55,13,-3.3574009350442124,7
852,8,14,9,9,-3.4085412508397837,5
853,106,36,63,20,-3.420634896376405,16
854,54,57,86,30,-3.439022832662367,27
855,25,16,74,10,-3.449101233224533,6
856,5,35,74,18,-3.4631826103528005,17
857,107,10,23,6,-3.4694839628849055,4
858,93,15,74,8,-3.4900326826119916,7
859,54,45,28,26,-3.5006765572633602,19
860,107,41,87,23,-3.504378946911036,18
861,84,15,91,8,-3.5069437670955055,7
862,65,10,114,5,-3.5072200514856506,5
863,48,19,84,11,-3.535703896861128,8
864,74,17,104,10,-3.5382418662437827,7
865,84,60,86,31,-3.5529905844827057,29
866,91,11,37,6,-3.5597807363329976,5
867,96,26,97,14,-3.5743811494977504,12
868,65,16,87,9,-3.6538862860446715,7
869,84,25,8,15,-3.6608734975068673,10
870,5,15,55,8,-3.669499309109916,7
871,97,25,28,15,-3.6775134025462215,10
872,71,13,75,8,-3.6847064190257015,5
873,73,10,114,5,-3.7201211944929797,5
874,107,57,86,30,-3.764794628081207,27
875,107,24,65,14,-3.792460626924312,10
876,54,21,11,11,-3.7939536762394646,10
877,55,13,80,6,-3.8447436848053296,7
878,87,24,5,13,-3.8826973834738676,11
879,96,21,37,11,-3.919945326141697,10
880,90,10,88,6,-3.9343516258127544,4
881,28,18,76,11,-3.937083310529341,7
882,55,39,86,22,-3.9547678901800305,17
883,54,16,98,9,-4.023186528647163,7
884,95,14,28,8,-4.040550234811,6
885,79,13,11,6,-4.047561716338114,7
886,96,30,20,17,-4.049587501562743,13
887,54,22,5,14,-4.058205887373023,8
888,95,16,54,9,-4.078811356006668,7
889,90,16,84,9,-4.100528600599519,7
890,46,12,37,7,-4.1158955088311755,5
891,50,13,74,8,-4.1314000134172755,5
892,63,11,51,6,-4.13659014356556,5
893,98,13,28,8,-4.1467994565841355,5
894,51,13,54,7,-4.161968344939293,6
895,70,22,84,13,-4.182188769343141,9
896,70,17,63,9,-4.20425277286591,8
897,20,27,87,14,-4.27221648433046,13
898,46,10,25,6,-4.282271929171334,4
899,74,50,8,30,-4.326948276761616,20
900,74,24,87,14,-4.342799946619222,10
901,98,10,76,5,-4.379545503881031,5
902,87,16,76,9,-4.429864581846375,7
903,11,15,76,9,-4.440509058655133,6
904,91,10,87,6,-4.4896036768148715,4
905,84,42,28,24,-4.50649015825431,18
906,8,12,79,8,-4.523368231395376,4
907,46,22,86,13,-4.523509548369423,9
908,104,10,55,5,-4.559676497393727,5
909,86,24,98,13,-4.5630101641254415,11
910,8,20,14,12,-4.5745163624627505,8
911,65,24,28,13,-4.610707424918392,11
912,86,41,11,23,-4.616738223926415,18
913,17,11,28,6,-4.63300889990392,5
914,9,11,55,6,-4.690967100580704,5
915,79,13,16,7,-4.716412220610577,6
916,84,15,14,9,-4.752366615638507,6
917,70,12,20,7,-4.75257237437678,5
918,54,15,93,9,-4.753030210073771,6
919,25,19,107,11,-4.802339370319193,8
920,107,14,51,9,-4.812684625944084,5
921,86,13,85,7,-4.833314993475175,6
922,2,22,28,13,-4.837290355461167,9
923,28,52,50,29,-4.842006177720464,23
924,106,32,84,17,-4.851744201560307,15
925,108,13,74,7,-4.90910548020127,6
926,35,13,86,7,-4.963361102394038,6
927,63,41,8,23,-4.964657756884514,18
928,88,21,96,11,-4.971318653185927,10
929,75,15,63,8,-5.001366314131536,7
930,86,15,38,8,-5.020597384796871,7
931,54,43,50,24,-5.024203035146804,19
932,73,12,96,6,-5.035390942293941,6
933,104,20,37,12,-5.08102936535719,8
934,86,30,50,16,-5.118847118423947,14
935,84,26,74,14,-5.163735608111025,12
936,95,11,87,7,-5.184870110841573,4
937,20,18,5,10,-5.197261457855931,8
938,48,18,11,11,-5.21421496819869,7
939,90,19,54,11,-5.235966169796197,8
940,74,12,34,8,-5.239541245293498,4
941,100,11,8,7,-5.278831269681899,4
942,51,16,16,8,-5.285051160663567,8
943,20,11,33,6,-5.2962163491563015,5
944,51,16,8,8,-5.315555668912091,8
945,48,16,106,9,-5.330591930412405,7
946,89,11,28,7,-5.3644200320644195,4
947,11,14,88,8,-5.366648482123658,6
948,37,13,98,7,-5.380850510791067,6
949,96,34,63,21,-5.39321635342965,13
950,107,20,46,13,-5.461199830974728,7
951,88,11,2,7,-5.477658376983314,4
952,108,16,107,10,-5.514649447329664,6
953,107,31,114,18,-5.515324374035244,13
954,102,14,107,8,-5.527045162702203,6
955,8,21,73,12,-5.539910811917831,9
956,65,10,93,6,-5.555381975183239,4
957,54,20,84,12,-5.558513011125089,8
958,50,12,9,8,-5.578106204160814,4
959,106,16,65,10,-5.613829651583315,6
960,84,11,38,6,-5.627456024192355,5
961,86,17,95,11,-5.641395768359862,6
962,2,10,5,6,-5.6557505474818175,4
963,70,16,5,9,-5.663813747338574,7
964,55,20,63,12,-5.717328262845937,8
965,9,12,84,7,-5.723245457590759,5
966,39,14,84,8,-5.735188058057851,6
967,108,12,16,7,-5.770631208900042,5
968,106,23,76,16,-5.773659971767672,7
969,25,21,96,12,-5.815913112162358,9
970,11,14,39,10,-5.821131817679595,4
971,96,12,30,7,-5.827709187189811,5
972,88,23,54,13,-5.848729251985923,10
973,50,11,108,7,-5.852974916650042,4
974,11,10,33,5,-5.887923901561768,5
975,75,10,88,6,-5.899399725245313,4
976,84,16,51,10,-5.901642978476209,6
977,54,28,16,15,-5.982292107634971,13
978,46,12,87,7,-5.996729580761838,5
979,84,15,109,9,-6.015767126917385,6
980,114,23,25,12,-6.038480870806596,11
981,75,24,86,13,-6.0404838152681,11
982,5,13,76,8,-6.061052091280193,5
983,39,15,63,9,-6.098512313477011,6
984,79,10,55,6,-6.105260957218082,4
985,82,17,86,11,-6.124344607685839,6
986,104,13,96,8,-6.125308722017562,5
987,84,17,37,10,-6.135362755463087,7
988,37,34,20,19,-6.136211544699574,15
989,107,13,71,8,-6.143176064124285,5
990,48,23,86,14,-6.215181955253337,9
991,5,14,93,9,-6.281366808210213,5
992,106,23,37,13,-6.288276905479725,10
993,96,76,86,46,-6.3297963702492925,30
994,106,11,34,7,-6.348877012003049,4
995,18,10,50,5,-6.440154509710172,5
996,28,17,14,11,-6.462988674713606,6
997,46,21,74,13,-6.505986127853413,8
998,86,35,37,21,-6.511717567803918,14
999,91,12,8,7,-6.562147028683572,5
1000,76,11,54,7,-6.60321190549357,4
1001,11,16,5,9,-6.631509753576111,7
1002,114,11,102,8,-6.658731824235187,3
1003,2,10,46,6,-6.670222065576342,4
1004,28,24,104,16,-6.698590834800698,8
1005,70,22,96,11,-6.734945499709392,11
1006,70,37,54,21,-6.740686016828504,16
1007,107,22,90,14,-6.745918417856592,8
1008,108,10,48,7,-6.749808304712144,3
1009,80,11,11,7,-6.802148460786961,4
1010,106,22,20,14,-6.829724934902,8
1011,63,22,80,14,-6.84351888546065,8
1012,37,12,65,7,-6.8663176912939194,5
1013,28,10,30,6,-6.887888917999973,4
1014,86,12,93,8,-6.922029970425322,4
1015,107,19,91,12,-6.934990674003092,7
1016,37,30,87,18,-6.998523319274807,12
1017,107,25,106,16,-7.050885664381847,9
1018,48,11,50,7,-7.058211213950958,4
1019,80,21,86,12,-7.071945289109108,9
1020,109,13,11,8,-7.078888073047802,5
1021,79,12,63,8,-7.1114844508040305,4
1022,84,12,93,8,-7.171686286545099,4
1023,48,28,63,18,-7.208356975606329,10
1024,75,19,28,11,-7.22576760720638,8
1025,63,19,37,12,-7.323556718476418,7
1026,107,22,48,13,-7.3302788653741935,9
1027,25,15,102,10,-7.370724163994214,5
1028,8,16,102,10,-7.376211425683789,6
1029,25,11,63,7,-7.385187766970543,4
1030,104,14,16,8,-7.420123444681122,6
1031,96,10,7,7,-7.456970205866161,3
1032,84,17,16,10,-7.471140311704607,7
1033,70,19,28,11,-7.544208909658003,8
1034,109,26,28,17,-7.544328734380938,9
1035,107,10,85,6,-7.595499375056905,4
1036,46,12,63,8,-7.600674717701954,4
1037,28,22,88,14,-7.627108902511435,8
1038,80,22,96,14,-7.6325568595370585,8
1039,108,10,55,6,-7.6603824871739565,4
1040,70,14,76,9,-7.7067801731883225,5
1041,106,10,79,6,-7.723339908977311,4
1042,28,23,46,16,-7.750583309014615,7
1043,70,18,106,10,-7.764435141080128,8
1044,79,20,48,12,-7.7777328666170344,8
1045,96,14,114,9,-7.889762565328155,5
1046,106,24,80,15,-7.94893708145332,9
1047,34,12,96,8,-7.949755484984076,4
1048,25,20,8,13,-7.955817207245071,7
1049,104,18,86,10,-7.975989606379796,8
1050,28,13,93,9,-7.977780890104037,4
1051,96,19,102,12,-7.995631160966494,7
1052,91,18,28,11,-8.014570368036852,7
1053,74,20,73,13,-8.015220364277019,7
1054,102,19,28,11,-8.029114224243866,8
1055,76,17,63,12,-8.029454753014045,5
1056,48,14,16,8,-8.053586068768565,6
1057,107,16,76,10,-8.078268794170352,6
1058,88,20,63,12,-8.08784367057243,8
1059,65,14,80,9,-8.117894882236024,5
1060,108,12,86,7,-8.204205290543772,5
1061,37,15,97,9,-8.227995174488175,6
1062,74,10,102,6,-8.25741663810906,4
1063,86,13,69,8,-8.329501489122974,5
1064,8,14,109,8,-8.406730376295354,6
1065,70,26,86,15,-8.43107057555043,11
1066,107,10,57,6,-8.46673756025304,4
1067,96,33,74,21,-8.474831991428166,12
1068,88,17,50,10,-8.503859481033006,7
1069,96,25,50,16,-8.534707794331519,9
1070,114,17,86,10,-8.541327271410411,7
1071,5,17,16,11,-8.545043507377798,6
1072,114,10,90,6,-8.560822077428913,4
1073,87,40,8,26,-8.572049681412183,14
1074,87,10,102,7,-8.61362310955975,3
1075,104,17,106,11,-8.650515897387708,6
1076,8,18,93,11,-8.72073282078984,7
1077,51,27,86,16,-8.740860643352914,11
1078,20,18,11,13,-8.87279931653183,5
1079,95,10,5,7,-8.888673428502386,3
1080,5,10,102,6,-8.925191423638344,4
1081,5,21,50,12,-8.973488261087855,9
1082,28,38,63,25,-9.045203898145056,13
1083,70,12,88,8,-9.079962845683914,4
1084,107,15,97,9,-9.103059896742112,6
1085,8,15,30,10,-9.185211827951933,5
1086,16,10,2,7,-9.214178381730255,3
1087,50,14,76,10,-9.228465475536328,4
1088,65,11,2,8,-9.274625860779656,3
1089,5,13,97,9,-9.29611525828206,4
1090,63,14,108,9,-9.298531248541147,5
1091,80,13,90,9,-9.30675268400111,4
1092,20,25,63,15,-9.320091766955514,10
1093,107,25,2,17,-9.348454105798005,8
1094,2,18,63,11,-9.42432372295896,7
1095,2,13,87,8,-9.430732046556471,5
1096,107,15,93,10,-9.471924672591017,5
1097,51,14,20,8,-9.477293220680318,6
1098,8,13,95,8,-9.502751434643129,5
1099,84,20,5,13,-9.50528180437551,7
1100,87,12,79,9,-9.532024747647966,3
1101,18,10,28,6,-9.538088324550174,4
1102,5,13,73,8,-9.6154675420233,5
1103,106,14,98,9,-9.701360201061403,5
1104,107,27,50,17,-9.72299397110463,10
1105,55,18,16,12,-9.733018432439058,6
1106,84,22,20,16,-9.790302500691977,6
1107,79,23,86,15,-9.865377107457421,8
1108,96,17,51,11,-9.900170566840332,6
1109,106,13,2,8,-9.919015199493714,5
1110,76,20,86,13,-9.940010233613185,7
1111,63,16,98,10,-9.99737377528037,6
1112,25,19,28,13,-10.004409761163549,6
1113,74,11,90,8,-10.005531313326735,3
1114,75,14,106,7,-10.013304733371458,7
1115,102,11,109,7,-10.030166218885235,4
1116,70,12,55,8,-10.141434019068976,4
1117,37,15,90,10,-10.174182725049683,5
1118,93,14,87,9,-10.257204602761988,5
1119,96,37,16,26,-10.284315397893868,11
1120,75,11,46,8,-10.358241612595513,3
1121,5,17,114,11,-10.36950229434097,6
1122,50,16,90,11,-10.406651686467333,5
1123,96,22,48,15,-10.412031756955415,7
1124,8,14,75,10,-10.634775722140729,4
1125,20,23,50,14,-10.679903465549344,9
1126,98,11,50,8,-10.691401226426704,3
1127,25,11,97,7,-10.706492708864031,4
1128,106,18,90,12,-10.722647291777667,6
1129,70,15,74,9,-10.825825286716226,6
1130,16,13,30,9,-10.88272905219503,4
1131,37,13,17,8,-11.050794076406762,5
1132,114,12,50,8,-11.20297857698265,4
1133,109,11,50,8,-11.21767101593788,3
1134,107,26,88,18,-11.241329164111953,8
1135,87,18,48,12,-11.267245216521085,6
1136,84,19,11,13,-11.37372999446702,6
1137,37,18,11,13,-11.3827289769088,5
1138,5,21,90,15,-11.4260840400988,6
1139,114,18,28,11,-11.571094203781072,7
1140,98,10,91,7,-11.6111736728835,3
1141,97,13,2,9,-11.663957871857763,4
1142,107,15,80,12,-11.678062977381893,3
1143,14,12,86,8,-11.685325963112222,4
1144,25,17,37,11,-11.733244595076599,6
1145,5,11,109,7,-11.832394491701884,4
1146,88,10,95,7,-11.838381077895013,3
1147,109,17,86,13,-11.844463141455284,4
1148,55,10,76,8,-11.845869320079572,2
1149,104,12,88,8,-11.911529882206116,4
1150,74,21,20,15,-11.921568344616231,6
1151,87,10,30,7,-11.954020606538128,3
1152,96,11,85,8,-12.207174001404555,3
1153,96,38,11,26,-12.433764526276038,12
1154,107,17,73,11,-12.476279417058619,6
1155,39,10,86,6,-12.521968554365154,4
1156,102,12,50,7,-12.613397644799397,5
1157,96,23,98,15,-12.672735601907378,8
1158,87,10,98,7,-12.766560909926936,3
1159,104,11,54,8,-12.891406783844756,3
1160,73,16,86,10,-12.90546934044994,6
1161,54,38,63,27,-12.927281881197459,11
1162,20,11,114,8,-12.975045668551978,3
1163,107,23,16,17,-12.980459438572407,6
1164,8,13,97,9,-13.031573471749281,4
1165,107,10,17,7,-13.095515887019285,3
1166,14,10,80,6,-13.097202558791372,4
1167,54,19,48,13,-13.122325082638987,6
1168,109,10,114,8,-13.187151994977205,2
1169,91,10,16,7,-13.247386679926667,3
1170,76,10,84,7,-13.371791794476115,3
1171,28,11,69,7,-13.387342269628983,4
1172,11,25,55,19,-13.485189958967283,6
1173,74,12,51,9,-13.51982642182268,3
1174,90,11,20,8,-13.533149150503409,3
1175,86,19,102,15,-13.624697742718615,4
1176,46,24,88,18,-13.650052567359646,6
1177,106,28,16,21,-13.69350999755166,7
1178,84,12,46,9,-13.97403398222274,3
1179,8,13,71,9,-13.992705985768803,4
1180,114,13,8,10,-14.054987210160682,3
1181,48,10,90,7,-14.062301149493257,3
1182,28,12,34,9,-14.433851353414235,3
1183,107,11,95,8,-14.460264509685395,3
1184,35,14,107,11,-14.477847243885742,3
1185,63,11,14,7,-14.53302527333945,4
1186,84,33,63,23,-14.557123158417973,10
1187,35,11,80,8,-14.578551377058158,3
1188,28,23,74,17,-14.602487166516607,6
1189,87,34,16,24,-14.665355259552404,10
1190,65,11,8,8,-14.67711948639893,3
1191,96,16,46,10,-14.744941109171661,6
1192,109,13,63,10,-14.866102829084163,3
1193,50,12,80,10,-14.926124931290454,2
1194,96,12,91,9,-15.083901067533665,3
1195,70,14,87,10,-15.120817685915842,4
1196,90,14,73,10,-15.18129739743865,4
1197,70,16,2,11,-15.20234077608459,5
1198,37,11,73,7,-15.237735204111459,4
1199,11,10,93,8,-15.321419061771829,2
1200,9,11,48,8,-15.643745764186933,3
1201,98,11,8,9,-15.962593668325574,2
1202,23,10,106,7,-16.05394351537058,3
1203,70,13,11,10,-16.32604658673946,3
1204,54,25,37,18,-16.448115207654748,7
1205,20,11,91,8,-16.614550431285505,3
1206,63,12,90,9,-16.840668609829063,3
1207,46,11,16,8,-16.8581305050592,3
1208,86,12,41,10,-16.916591977189356,2
1209,54,10,73,8,-17.106743436572103,2
1210,106,10,35,7,-17.319051156851785,3
1211,87,11,34,8,-17.33811535027782,3
1212,74,22,16,17,-17.47013856072432,5
1213,98,12,11,9,-17.79113396344492,3
1214,28,23,90,18,-17.842079516061677,5
1215,57,10,88,7,-18.036088584555035,3
1216,98,11,16,8,-18.093280468518255,3
1217,91,17,63,13,-18.120595699414864,4
1218,25,11,11,9,-18.268065492344633,2
1219,70,10,50,7,-18.669208398142956,3
1220,112,14,28,11,-19.249826897720947,3
1221,54,13,2,11,-19.75997048475248,2
1222,25,11,20,9,-19.987918292379536,2
1223,66,10,107,8,-20.152222817707916,2
1224,2,11,104,9,-20.99821813160113,2
1225,55,18,50,14,-21.38404284403115,4
1226,96,13,93,11,-21.644278578741655,2
1227,51,10,34,9,-22.213174768846976,1
1228,109,12,88,11,-22.620146016522725,1
1229,54,12,100,10,-23.111299810651477,2
1230,35,13,76,10,-24.45415726080802,3
1231,35,10,48,9,-25.15519793083891,1
1232,54,11,30,10,-25.713620235434703,1
1233,98,10,5,9,-26.90549994847857,1
1234,37,11,88,10,-27.057249327206794,1
1235,107,12,30,11,-27.89865943808827,1
