,againstHero,games,hero,losses,shift,wins
0,3,10,39,0,28.725074023896866,10
1,27,13,9,2,27.988696165988863,11
2,48,10,35,1,25.155197930838906,9
3,44,10,55,2,23.361076236430034,8
4,10,10,28,1,23.03135332069283,9
5,14,12,55,1,22.798222840334336,11
6,69,13,106,2,22.73676173529586,11
7,2,13,51,3,22.46077922587735,10
8,34,10,51,1,22.213174768846972,9
9,38,11,97,1,22.176359713839886,10
10,100,15,65,2,22.04143481454899,13
11,86,12,52,2,21.816288972743816,10
12,75,12,77,2,21.65697550735631,10
13,63,11,36,2,21.612575022439515,9
14,3,10,60,2,21.47258720408984,8
15,23,10,17,2,21.215760860674095,8
16,57,11,13,3,20.619945240208803,8
17,68,13,18,3,20.553782980329267,10
18,8,11,36,2,20.34025716086894,9
19,55,16,33,3,20.174007528343807,13
20,107,10,66,2,20.152222817707916,8
21,95,12,32,2,19.760326388824463,10
22,27,11,109,2,19.589550007720504,9
23,15,16,39,3,19.411328140872982,13
24,99,14,18,3,19.290873438644514,11
25,28,14,112,3,19.249826897720943,11
26,104,13,91,1,19.168888324804982,12
27,48,12,5,2,19.15405252867682,10
28,77,14,50,2,18.9601043763584,12
29,2,10,11,2,18.923084797888755,8
30,27,13,60,2,18.903299216443365,11
31,90,26,28,5,18.776580206085537,21
32,44,10,5,2,18.758661413857347,8
33,98,10,46,3,18.66966202924449,7
34,5,10,18,2,18.464269170029823,8
35,114,21,109,4,18.30576563543077,17
36,71,10,54,2,18.201053620067494,8
37,26,11,86,2,18.01144379039894,9
38,8,12,77,3,17.994666569137156,9
39,100,12,39,3,17.749728851184297,9
40,16,14,77,3,17.677083033460956,11
41,16,10,67,2,17.493350405648194,8
42,95,23,51,5,17.35650130333503,18
43,23,11,18,3,17.338206641303227,8
44,34,11,87,3,17.338115350277818,8
45,35,10,106,3,17.319051156851785,7
46,63,12,35,3,17.190706154289504,9
47,90,14,51,2,17.088820957180307,12
48,40,11,17,2,17.086573002444847,9
49,30,11,18,2,17.068354015610023,9
50,27,21,5,6,17.02393852387809,15
51,34,12,8,3,16.979471141980934,9
52,10,11,86,3,16.95145578080744,8
53,30,17,5,3,16.83586234693501,14
54,41,14,5,5,16.723825478761608,9
55,16,15,76,4,16.696805142201285,11
56,86,10,103,3,16.57051549779981,7
57,11,25,25,5,16.429746187224733,20
58,114,11,39,3,16.401360052658593,8
59,32,13,88,4,16.30207764263433,9
60,60,15,50,4,16.23078469019145,11
61,69,13,88,3,16.183753216746744,10
62,73,10,16,3,16.163676933136152,7
63,17,10,71,3,16.133957382191333,7
64,76,20,51,4,16.059816015696757,16
65,114,13,13,4,16.046310047093424,9
66,95,21,11,5,16.006249051562754,16
67,13,16,83,4,15.934926256250733,12
68,67,14,106,4,15.86890640221611,10
69,88,13,29,4,15.850906570917441,9
70,99,18,39,4,15.84878961626863,14
71,48,10,70,3,15.796496446665468,7
72,14,12,63,4,15.759973477645744,8
73,34,10,17,2,15.75126461275924,8
74,93,16,96,4,15.733194627661211,12
75,80,12,35,3,15.72406211872363,9
76,80,16,50,3,15.718368557038913,13
77,23,16,5,4,15.598001372374195,12
78,99,15,28,4,15.590204088651856,11
79,73,11,87,2,15.55795672641622,9
80,104,18,2,6,15.503443707499333,12
81,90,12,97,4,15.449883037579115,8
82,49,14,25,4,15.43786379260084,10
83,37,11,60,3,15.345188265922372,8
84,7,11,99,3,15.3158743249674,8
85,67,11,97,2,15.281658756670776,9
86,114,16,83,4,15.254612667104073,12
87,71,21,86,5,15.209148887501426,16
88,8,14,41,3,15.189181179702913,11
89,89,12,107,3,15.163906699283089,9
90,7,21,77,6,15.158635706227761,15
91,80,11,70,2,15.1572772977841,9
92,48,12,9,3,15.097519161061681,9
93,91,12,96,3,15.083901067533665,9
94,41,11,97,2,15.02369323138218,9
95,25,18,99,5,15.014737107768298,13
96,87,18,91,4,15.006202180134604,14
97,50,15,46,5,14.990794174346137,10
98,77,12,88,3,14.977617068976796,9
99,95,12,30,4,14.870372509542287,8
100,64,14,60,4,14.864014157585933,10
101,32,13,106,3,14.741977351969275,10
102,109,12,39,2,14.675982860996214,10
103,30,12,46,3,14.658819133979227,9
104,7,18,5,5,14.615769591051182,13
105,100,10,60,3,14.612225079139728,7
106,50,12,99,4,14.581629542155014,8
107,37,11,77,3,14.55993313549925,8
108,48,24,54,7,14.535603927866184,17
109,73,12,37,4,14.533349572792922,8
110,16,13,32,4,14.531367270350456,9
111,73,10,2,3,14.457830254043136,7
112,100,20,54,6,14.454126910452931,14
113,89,10,74,3,14.4466828072844,7
114,114,23,106,7,14.366848050849034,16
115,34,15,28,4,14.366739527209466,11
116,40,10,83,2,14.347262135245902,8
117,46,11,102,3,14.30749471315205,8
118,60,12,9,3,14.304107510260854,9
119,34,12,37,3,14.30057126443514,9
120,30,11,11,3,14.29951613613078,8
121,14,10,97,2,14.259112129654318,8
122,15,15,18,4,14.248476385059174,11
123,8,14,40,4,14.231860527274467,10
124,7,33,25,8,14.17922434709996,25
125,107,13,53,3,14.172860484543653,10
126,74,19,60,6,14.155436372823559,13
127,75,28,7,7,14.128278581773086,21
128,100,15,88,4,14.04956823717941,11
129,76,20,35,7,13.96733759196386,13
130,23,11,83,3,13.9232349355535,8
131,41,12,109,2,13.914029202125853,10
132,11,13,83,3,13.863860744018647,10
133,100,21,51,8,13.816816739386772,13
134,33,13,50,4,13.8066594696148,9
135,106,23,23,8,13.757025468922565,15
136,93,12,46,3,13.65474091099076,9
137,68,18,53,5,13.627830006911765,13
138,107,17,99,5,13.582126995646107,12
139,27,13,63,5,13.551940945126718,8
140,74,11,103,3,13.53565105452587,8
141,23,10,77,3,13.476022973760971,7
142,7,30,87,8,13.466678223777581,22
143,93,10,90,3,13.452391800759148,7
144,51,11,10,3,13.446955688168293,8
145,50,15,70,5,13.44110105599258,10
146,25,12,32,5,13.427877456338663,7
147,30,21,39,6,13.42696028846743,15
148,100,11,55,4,13.383239409595307,7
149,18,11,37,3,13.371391730474068,8
150,55,10,32,3,13.36363963009391,7
151,34,11,20,3,13.36206244645375,8
152,16,18,83,5,13.351235477213141,13
153,95,18,17,5,13.342671111008823,13
154,65,10,33,3,13.314880602814076,7
155,87,11,33,3,13.22203468303232,8
156,62,12,63,4,13.174816238245654,8
157,69,14,28,5,13.159247509741927,9
158,106,19,91,4,13.115643186389448,15
159,57,22,107,7,13.099281826721857,15
160,80,10,14,4,13.097202558791373,6
161,11,13,18,4,13.094881521032239,9
162,34,11,25,3,12.978396480778377,8
163,16,15,94,4,12.969401282348118,11
164,16,55,39,17,12.952005337101408,38
165,77,16,51,5,12.941193832575705,11
166,95,27,37,7,12.921122211679824,20
167,49,11,77,3,12.92036615088008,8
168,57,22,16,7,12.918311642986259,15
169,40,22,77,6,12.904839091751661,16
170,78,10,96,3,12.899686199305037,7
171,53,11,36,3,12.842806030756844,8
172,104,15,71,5,12.790892712888178,10
173,102,16,55,5,12.774824407782457,11
174,28,10,52,3,12.725624774771763,7
175,30,11,77,3,12.627749719644049,8
176,13,10,98,3,12.623579592155687,7
177,57,27,5,8,12.572003913811171,19
178,16,18,31,6,12.563965360709489,12
179,71,16,97,5,12.555483253298778,11
180,102,30,5,10,12.54926139668405,20
181,2,10,40,3,12.538938846391357,7
182,15,10,50,3,12.479053092203714,7
183,38,12,106,5,12.468362041882083,7
184,50,11,64,4,12.458410065026014,7
185,11,38,96,12,12.43376452627604,26
186,100,16,87,6,12.425189483620699,10
187,55,13,23,5,12.384564492570101,8
188,54,15,40,5,12.361220400588588,10
189,8,11,1,3,12.329208893104186,8
190,2,15,54,4,12.306524573726035,11
191,109,14,34,5,12.291212343288572,9
192,106,16,18,6,12.222089952192754,10
193,7,29,40,9,12.196365424116948,20
194,16,13,1,3,12.163423446439076,10
195,90,15,104,5,12.15736870976491,10
196,2,22,70,8,12.153236389251056,14
197,5,24,98,8,11.989855689002855,16
198,53,15,30,5,11.980494941115529,10
199,49,18,104,6,11.962718506463766,12
200,11,22,84,7,11.957437378814483,15
201,97,38,37,12,11.95034053539652,26
202,4,10,68,3,11.920602455978521,7
203,73,16,90,5,11.917606166791595,11
204,75,26,5,10,11.916835118435042,16
205,93,13,11,3,11.901577910299338,10
206,64,11,40,3,11.881688706602604,8
207,104,33,46,11,11.841714895705282,22
208,80,23,107,6,11.841425138580046,17
209,11,20,70,6,11.792116726498547,14
210,23,10,50,2,11.788365261374189,8
211,8,17,15,6,11.780660660956793,11
212,73,19,107,7,11.762643271727162,12
213,27,13,36,4,11.741567000670516,9
214,48,10,51,4,11.705725037939857,6
215,76,20,107,6,11.696253994184996,14
216,57,13,63,5,11.67022671873631,8
217,90,16,63,5,11.66300690274577,11
218,114,11,2,3,11.567668937733664,8
219,74,15,76,6,11.544600382799558,9
220,74,31,28,10,11.526159046117094,21
221,17,11,60,4,11.523239199910632,7
222,13,32,88,9,11.495121437316511,23
223,7,34,51,12,11.467851611823694,22
224,27,13,51,4,11.39954557151333,9
225,104,21,75,7,11.395733009824234,14
226,37,14,27,4,11.378309035824227,10
227,80,30,63,9,11.377551941304597,21
228,6,15,7,7,11.337998826945812,8
229,100,13,63,5,11.33209634222994,8
230,48,23,96,7,11.32304165734682,16
231,98,26,96,9,11.315795357847566,17
232,80,10,79,4,11.30670069299901,6
233,80,10,5,3,11.295210617596885,7
234,63,14,77,4,11.259828408243738,10
235,90,12,48,4,11.252381363492233,8
236,79,13,87,3,11.211504341364096,10
237,86,10,112,3,11.167307681837226,7
238,40,20,55,5,11.157682006395493,15
239,27,12,77,4,11.13773931409657,8
240,51,10,91,3,11.134030582434093,7
241,108,10,87,3,11.133663289740909,7
242,74,13,32,4,11.101664191982366,9
243,6,10,107,3,11.069549745970512,7
244,110,18,25,5,11.063714709672922,13
245,76,21,55,6,11.060383237071557,15
246,13,46,51,16,11.059972446868096,30
247,34,13,5,3,11.055394545543235,10
248,99,11,11,4,11.04788337752713,7
249,46,19,96,8,11.04431019266856,11
250,98,10,40,4,11.010186531894902,6
251,73,17,5,6,10.907383059794872,11
252,100,11,46,4,10.904685887838546,7
253,36,10,25,4,10.872848892533504,6
254,65,19,111,5,10.872429391692464,14
255,43,14,5,5,10.84111992153788,9
256,30,19,54,6,10.830949355612654,13
257,48,25,107,9,10.827629447931269,16
258,41,26,86,7,10.826191446306183,19
259,80,11,88,4,10.820834504420485,7
260,75,33,50,10,10.804883235233362,23
261,43,10,7,3,10.791067355543758,7
262,8,10,53,3,10.761161561739844,7
263,98,22,63,8,10.75970205191674,14
264,30,14,13,4,10.738595010557942,10
265,37,43,54,14,10.702102057687048,29
266,75,12,93,4,10.68974449521869,8
267,54,13,76,4,10.686858558117363,9
268,70,11,36,4,10.685404725540554,7
269,74,18,39,7,10.669346357467866,11
270,2,16,65,4,10.668339624865121,12
271,37,22,7,8,10.662936414000136,14
272,20,28,25,9,10.608185499490585,19
273,87,18,41,6,10.566422140881262,12
274,16,45,96,13,10.56639260365633,32
275,88,18,57,7,10.555628423294737,11
276,9,10,40,3,10.541358983254002,7
277,104,10,38,4,10.511918642412144,6
278,104,17,27,5,10.473446544405565,12
279,16,54,106,18,10.472281296528454,36
280,78,11,80,4,10.465715646953605,7
281,65,10,73,3,10.465374169823736,7
282,16,18,69,7,10.453723059325718,11
283,110,13,97,4,10.452372833112596,9
284,91,16,60,6,10.446238276389526,10
285,73,12,54,4,10.427247423602203,8
286,1,11,51,4,10.419908825636535,7
287,98,22,87,7,10.38881617820971,15
288,106,16,93,6,10.37915501513517,10
289,86,31,76,11,10.377958971749353,20
290,83,13,84,5,10.357457702755646,8
291,8,18,91,6,10.34860151027639,12
292,50,17,102,7,10.348240016843025,10
293,29,12,107,3,10.33521701845799,9
294,50,31,20,11,10.317789300027846,20
295,20,18,55,7,10.312518824176754,11
296,63,41,28,13,10.300883603096642,28
297,63,40,84,15,10.295594423044465,25
298,15,11,51,4,10.274901265855426,7
299,64,11,41,4,10.261662296711632,7
300,77,12,99,3,10.252199704478638,9
301,16,32,18,10,10.23181135834145,22
302,114,20,90,7,10.224251416414765,13
303,104,12,44,4,10.208907808787586,8
304,98,14,2,5,10.198603389321667,9
305,63,25,91,8,10.192888670916975,17
306,102,10,65,4,10.189199303308586,6
307,92,10,39,4,10.187295715481907,6
308,3,10,87,3,10.164373686804392,7
309,86,44,97,16,10.163469283868963,28
310,13,15,64,6,10.14593755739836,9
311,107,15,83,5,10.114574167697794,10
312,91,13,50,4,10.102561852065726,9
313,54,12,57,3,10.066024134547122,9
314,60,17,4,6,10.06428172641554,11
315,46,16,39,7,10.060214928117245,9
316,95,28,88,10,10.05476218784627,18
317,63,10,33,3,10.043388813579654,7
318,63,31,88,10,10.03619319350583,21
319,65,23,17,6,9.991394921788482,17
320,16,34,46,12,9.989350548671633,22
321,7,10,57,4,9.983551061766935,6
322,75,31,8,10,9.942334170394213,21
323,63,46,54,16,9.93150896527679,30
324,70,15,109,5,9.924354258384088,10
325,46,10,77,4,9.900782595186337,6
326,30,16,55,6,9.88523341372206,10
327,30,14,106,5,9.870728252110508,9
328,87,24,70,9,9.867797329951717,15
329,86,23,79,8,9.865377107457421,15
330,13,34,87,11,9.861346134072312,23
331,63,20,109,8,9.854767957937824,12
332,55,10,94,4,9.846979651390305,6
333,89,11,104,4,9.813989134763222,7
334,39,19,106,7,9.812135076375876,12
335,77,10,68,3,9.791067179218,7
336,37,24,83,9,9.783726366978417,15
337,7,10,56,4,9.769965949419092,6
338,15,13,65,4,9.727285822137503,9
339,9,13,68,4,9.703816999307708,9
340,13,35,39,14,9.691624444985925,21
341,76,11,39,3,9.681961570558546,8
342,87,14,53,6,9.64333255467204,8
343,65,23,40,9,9.639904775867748,14
344,88,32,104,10,9.627770386776227,22
345,100,21,86,9,9.627336315348591,12
346,99,14,8,6,9.61106559286031,8
347,86,15,35,6,9.604686839909265,9
348,62,11,8,3,9.593511144115352,8
349,13,17,36,6,9.592424711878909,11
350,2,21,106,8,9.573373481710446,13
351,90,13,39,5,9.529975909191753,8
352,13,20,31,7,9.526547029148857,13
353,8,25,114,8,9.518319716318803,17
354,107,10,10,4,9.504556938677329,6
355,37,22,99,7,9.502759058160713,15
356,95,21,18,8,9.461457865276858,13
357,100,10,95,4,9.449134938035408,6
358,32,11,63,4,9.44232166344675,7
359,83,14,74,6,9.43011849323839,8
360,114,10,110,3,9.422657787947912,7
361,68,24,51,8,9.41997434806425,16
362,37,41,63,14,9.417998111066987,27
363,13,28,106,9,9.411883629905006,19
364,76,20,50,6,9.400140024953476,14
365,86,16,1,6,9.39952495770026,10
366,71,12,37,5,9.38020830857434,7
367,63,23,76,7,9.35386164955796,16
368,51,22,74,7,9.344397651003662,15
369,51,13,33,3,9.326921984705281,10
370,108,15,51,6,9.306988990301447,9
371,90,13,80,4,9.306752684001106,9
372,2,13,55,5,9.306518823595622,8
373,114,15,96,5,9.304547518897671,10
374,108,14,63,5,9.298531248541144,9
375,2,29,107,10,9.295436230624016,19
376,65,35,88,12,9.28575231911853,23
377,30,22,107,7,9.281592879328237,15
378,74,14,62,5,9.256148160859697,9
379,74,24,70,10,9.249270082293563,14
380,17,12,63,4,9.24390740307754,8
381,86,11,56,4,9.213458879693576,7
382,46,21,106,9,9.198394638018083,12
383,77,16,18,5,9.198014169479123,11
384,18,10,97,4,9.196379494686322,6
385,27,18,65,7,9.187549195945458,11
386,98,13,84,4,9.18267526002018,9
387,16,35,91,11,9.182394894220272,24
388,5,27,84,10,9.167674877244863,17
389,50,43,5,17,9.156049369840707,26
390,29,13,87,4,9.14751084628353,9
391,7,18,96,5,9.132819640450865,13
392,77,11,87,4,9.123832889782783,7
393,23,17,76,6,9.122791190215523,11
394,16,21,36,7,9.10674575469535,14
395,86,19,18,6,9.102053817096145,13
396,110,10,39,3,9.085258579238133,7
397,95,34,8,13,9.079209474058969,21
398,86,31,39,13,9.07325733767357,18
399,30,13,91,4,9.047349511242516,9
400,70,11,64,4,9.0351175636301,7
401,5,13,36,5,9.023272142505265,8
402,109,25,55,11,9.015163892645331,14
403,102,17,87,6,8.972219911227105,11
404,37,10,108,4,8.970431804543574,6
405,28,11,32,4,8.963821007682872,7
406,55,11,98,3,8.95677359937087,8
407,76,11,2,3,8.951755335280877,8
408,11,12,80,4,8.941133144462878,8
409,54,10,68,4,8.93316534324945,6
410,104,14,84,6,8.932998314387538,8
411,11,10,91,3,8.923724837318142,7
412,70,17,57,8,8.906737604649802,9
413,107,20,35,6,8.885826294176168,14
414,47,10,39,4,8.876547255057023,6
415,28,16,17,6,8.863383779145725,10
416,73,12,98,4,8.853796300056942,8
417,40,20,37,8,8.849367605337227,12
418,69,12,50,4,8.84479304998475,8
419,90,14,13,5,8.836238677449446,9
420,37,25,38,9,8.83307113340101,16
421,44,11,13,4,8.828555491536155,7
422,62,13,87,4,8.793846456811252,9
423,107,16,36,6,8.786611518343333,10
424,11,14,57,6,8.783548700894539,8
425,69,17,86,6,8.7805890555138,11
426,79,11,106,4,8.777841617086459,7
427,71,12,63,5,8.768149712473138,7
428,20,13,98,4,8.754865726410022,9
429,7,14,91,4,8.747371182576538,10
430,16,16,108,6,8.735246502538358,10
431,30,11,90,4,8.695806027026102,7
432,68,13,30,5,8.686434216789552,8
433,11,34,37,12,8.643977561339529,22
434,30,12,70,6,8.628315532902242,6
435,95,13,40,5,8.623923471834955,8
436,32,11,114,4,8.619976183865209,7
437,7,27,53,9,8.602893783832332,18
438,8,55,87,20,8.598595479025969,35
439,90,22,50,8,8.598522697494,14
440,15,13,75,4,8.597300929966654,9
441,71,13,5,5,8.58837744258604,8
442,27,18,86,7,8.578635265192984,11
443,50,31,55,12,8.547249952830775,19
444,15,10,107,3,8.540362330799288,7
445,104,24,77,9,8.536042495877567,15
446,86,27,83,8,8.51226403433352,19
447,81,15,13,6,8.504667096092456,9
448,43,11,51,4,8.45253808884155,7
449,95,14,96,5,8.45037398259218,9
450,13,41,25,17,8.44596846540986,24
451,91,19,98,6,8.436895068807962,13
452,112,10,107,4,8.436220472698569,6
453,55,22,91,7,8.428118254814667,15
454,16,18,9,7,8.41202558922891,11
455,51,14,110,5,8.405376385205704,9
456,6,10,46,4,8.386722378353735,6
457,11,21,109,7,8.381649122235256,14
458,44,21,86,8,8.37774251716795,13
459,90,19,65,8,8.363720823360874,11
460,15,14,104,5,8.330235989560043,9
461,99,10,63,4,8.327283039780834,6
462,108,14,70,5,8.323316395893162,9
463,65,12,76,4,8.31287645900771,8
464,75,11,76,4,8.269580351796622,7
465,37,12,14,5,8.266467835075433,7
466,16,13,38,4,8.260657119668942,9
467,89,12,16,5,8.242329112388783,7
468,81,10,16,3,8.240523173362813,7
469,69,11,87,5,8.233960994375396,6
470,25,14,68,5,8.23264024803997,9
471,64,11,37,4,8.227838269840156,7
472,20,11,44,4,8.212958514210372,7
473,71,18,107,7,8.200499335406866,11
474,93,14,50,5,8.18736526783909,9
475,13,10,97,4,8.180332249171473,6
476,107,16,32,6,8.171074060984463,10
477,107,11,62,4,8.165070586638626,7
478,20,14,102,6,8.160756483849335,8
479,114,23,65,9,8.155133723424004,14
480,104,35,55,13,8.14798328327785,22
481,104,30,25,12,8.132792790875845,18
482,55,25,1,10,8.124364419745028,15
483,23,22,60,8,8.109764498932195,14
484,23,11,111,5,8.09319416995882,6
485,8,61,5,24,8.080732178020162,37
486,20,23,84,7,8.075470698309143,16
487,51,14,23,5,8.072235222238366,9
488,93,24,28,8,8.070916880531737,16
489,30,29,65,10,8.041267028087226,19
490,100,13,50,5,8.011252834481748,8
491,15,14,86,5,8.007884617525495,9
492,89,13,37,6,7.999447796068283,7
493,102,19,96,7,7.9956311609664965,12
494,104,17,17,7,7.988529600474542,10
495,102,10,91,4,7.970489437012806,6
496,97,14,84,4,7.932419590040102,10
497,28,13,36,6,7.8800289290868415,7
498,63,31,48,11,7.879517250797574,20
499,20,23,51,10,7.873291814736603,13
500,85,13,96,4,7.87177905722743,9
501,30,26,87,10,7.8530318896622715,16
502,13,18,77,7,7.849487187133511,11
503,95,21,55,8,7.84870978802165,13
504,104,18,11,7,7.839042780454144,11
505,54,14,18,6,7.813657349493515,8
506,75,21,54,8,7.800173472507173,13
507,48,20,79,8,7.777732866617034,12
508,37,49,25,20,7.755599308877524,29
509,40,13,30,5,7.733551605515391,8
510,34,13,55,6,7.723796086616038,7
511,7,16,71,6,7.720282156055403,10
512,88,46,28,17,7.71200049058573,29
513,46,13,70,5,7.705270409518369,8
514,48,22,87,8,7.698735978257642,14
515,5,32,11,12,7.687442157533876,20
516,90,28,106,10,7.670984333772028,18
517,86,24,48,9,7.668739325888133,15
518,70,12,91,5,7.6670664101078145,7
519,37,24,96,10,7.665844925696509,14
520,31,12,36,5,7.641632049210962,7
521,44,16,16,7,7.63510947214958,9
522,96,22,80,8,7.6325568595370585,14
523,15,10,87,4,7.629777802129095,6
524,16,27,71,9,7.616677174551033,18
525,51,18,96,7,7.611388504075612,11
526,104,25,60,8,7.608625351956834,17
527,20,15,90,6,7.5926874674698235,9
528,69,10,74,4,7.579248302946877,6
529,28,25,114,11,7.565049679539049,14
530,96,23,70,11,7.543405368906036,12
531,114,18,70,6,7.542200625865836,12
532,104,18,102,8,7.533956675469565,10
533,98,16,106,6,7.529459965554982,10
534,100,13,7,5,7.516054087603023,8
535,70,10,71,5,7.515715016674821,5
536,102,16,88,5,7.5023041010359375,11
537,86,10,94,4,7.492158076331634,6
538,40,22,107,8,7.490141445664077,14
539,74,13,48,6,7.488504403150373,7
540,86,68,51,29,7.465579029883816,39
541,17,16,55,7,7.461932340099582,9
542,63,11,18,4,7.446741563872577,7
543,25,45,46,19,7.439996628911812,26
544,91,13,18,5,7.416545148915923,8
545,7,29,18,12,7.408063107188986,17
546,37,41,46,14,7.398384968299374,27
547,91,18,20,8,7.395662966437773,10
548,16,21,84,9,7.387304706787613,12
549,13,17,54,6,7.370107120111191,11
550,34,15,74,5,7.367415754617591,10
551,109,13,46,5,7.363639283748701,8
552,25,38,106,14,7.361514789314747,24
553,72,12,16,5,7.333554822764275,7
554,97,18,104,8,7.327124557030449,10
555,102,31,86,11,7.3220305228245754,20
556,65,34,20,12,7.3208049230077705,22
557,88,11,89,4,7.3072534677857455,7
558,110,14,70,5,7.302453099036633,9
559,88,23,109,8,7.279919899635305,15
560,51,32,63,13,7.263042167084605,19
561,98,12,93,5,7.2513528092711335,7
562,41,12,50,4,7.250027884407811,8
563,8,17,110,6,7.2499619180163615,11
564,13,20,15,8,7.226944117697118,12
565,97,28,5,10,7.203089227401705,18
566,13,13,1,5,7.196521489296269,8
567,57,15,55,7,7.186289928876396,8
568,28,13,111,5,7.170294628254536,8
569,73,18,109,7,7.142307709742035,11
570,8,17,23,7,7.139182279975597,10
571,109,29,8,13,7.13726971466264,16
572,108,11,98,4,7.129820893009727,7
573,95,12,114,5,7.1214298671986604,7
574,32,13,87,5,7.113585901413377,8
575,16,19,64,7,7.112054053014951,12
576,63,12,79,4,7.1114844508040305,8
577,41,21,107,9,7.110693899279792,12
578,13,12,62,5,7.106261423982883,7
579,86,14,72,5,7.097565864195884,9
580,1,10,17,4,7.089282944121619,6
581,90,23,87,9,7.067717517445951,14
582,68,11,49,5,7.065794883611326,6
583,104,20,100,7,7.055063125494979,13
584,95,21,65,8,7.043830966280528,13
585,80,27,106,10,7.029777914575281,17
586,74,31,84,14,7.0251363399754485,17
587,62,14,71,5,7.021409408715884,9
588,16,12,93,5,7.007856526653325,7
589,9,16,50,6,6.998855361767971,10
590,62,15,5,6,6.992708759597391,9
591,6,10,106,4,6.989547350675936,6
592,11,13,17,5,6.984735524340635,8
593,16,26,68,9,6.977532359075275,17
594,50,15,18,7,6.975457853882176,8
595,8,19,9,9,6.958250440080998,10
596,86,58,88,25,6.933344505363015,33
597,44,10,87,4,6.930092376966648,6
598,41,15,91,5,6.893895997089626,10
599,98,32,86,13,6.8926235781685445,19
600,106,15,99,5,6.882359612487447,10
601,104,47,28,19,6.867595835363374,28
602,75,17,11,7,6.860129083231025,10
603,98,14,49,6,6.852175548516358,8
604,107,17,102,7,6.840789603969229,10
605,100,18,25,8,6.839947973125937,10
606,44,11,88,5,6.8383818341711695,6
607,28,28,18,11,6.828401096604493,17
608,65,24,5,10,6.826704214447485,14
609,39,23,88,8,6.795308081348258,15
610,8,39,46,17,6.790452136276324,22
611,70,15,98,5,6.782158452834323,10
612,88,27,70,10,6.779439228833638,17
613,53,15,86,7,6.770826247743165,8
614,97,30,96,13,6.762245122268197,17
615,48,10,108,3,6.749808304712147,7
616,102,15,51,6,6.74947281728566,9
617,54,18,7,8,6.739912207637534,10
618,74,38,96,14,6.731828732252355,24
619,14,13,95,5,6.731405281187272,8
620,104,33,51,12,6.728840756540841,21
621,97,11,32,4,6.722008536715331,7
622,17,21,39,8,6.693454438922507,13
623,41,18,63,7,6.6886065005121305,11
624,107,19,108,7,6.6816630284897025,12
625,29,10,37,4,6.680734619445758,6
626,7,24,27,10,6.66861907446479,14
627,7,24,95,10,6.665683852633804,14
628,95,21,50,9,6.657433489482592,12
629,83,11,71,5,6.656205380333864,6
630,63,14,102,6,6.6522226016193855,8
631,40,11,43,4,6.649724792712508,7
632,98,11,99,5,6.6450573588341655,6
633,16,14,35,5,6.642200850876746,9
634,25,48,5,19,6.626414170343125,29
635,95,13,109,5,6.624370660207742,8
636,8,27,84,10,6.62258104422981,17
637,33,19,107,8,6.618873691013778,11
638,7,14,50,6,6.597321772163716,8
639,83,17,64,7,6.597115059465707,10
640,65,27,96,11,6.593487230396348,16
641,28,33,70,13,6.5875803788420075,20
642,86,77,96,30,6.579835199705017,47
643,28,47,84,19,6.578685517540444,28
644,107,38,25,16,6.571735103090738,22
645,50,10,73,3,6.568577646848983,7
646,68,18,111,7,6.553586496448937,11
647,27,11,50,4,6.540575751678349,7
648,75,20,96,6,6.53962686497079,14
649,41,17,104,6,6.535227649895295,11
650,50,30,96,12,6.50669589608909,18
651,86,40,104,16,6.498243850038454,24
652,14,17,28,6,6.462988674713604,11
653,100,10,30,4,6.461771751506818,6
654,50,27,88,11,6.454854939095326,16
655,60,20,53,8,6.451987631407908,12
656,16,56,55,20,6.447187289417926,36
657,16,85,88,33,6.433508044909613,52
658,44,12,6,4,6.417958090399313,8
659,63,19,23,7,6.414686550201393,12
660,60,36,16,15,6.407450762342858,21
661,60,16,25,7,6.40548534704152,9
662,88,11,36,4,6.403683040980391,7
663,7,21,4,10,6.403037552956368,11
664,86,12,111,5,6.385538684815059,7
665,103,11,16,4,6.384231863654396,7
666,74,13,23,5,6.3699879675856135,8
667,73,22,74,8,6.357115716806277,14
668,37,16,100,6,6.343110325621272,10
669,11,20,98,9,6.338677652860182,11
670,8,15,98,6,6.332478639002671,9
671,28,24,2,9,6.327861304376497,15
672,95,15,75,6,6.30501186711362,9
673,7,17,17,6,6.280459848617262,11
674,8,22,57,8,6.276405634666305,14
675,57,18,102,8,6.264739678585861,10
676,60,19,75,7,6.262695797840887,12
677,74,20,50,8,6.247739889991348,12
678,13,28,37,12,6.230409881481568,16
679,23,33,7,14,6.228794920959796,19
680,97,10,33,4,6.197569301394057,6
681,55,16,77,7,6.195572885542833,9
682,13,12,91,4,6.185960793246167,8
683,99,11,88,5,6.17703713379853,6
684,37,59,104,23,6.175700710267806,36
685,54,34,109,13,6.139125062485929,21
686,75,12,1,4,6.1372401761978495,8
687,96,22,90,8,6.131526760597793,14
688,55,24,97,9,6.128965912516967,15
689,102,23,54,9,6.120079150891424,14
690,93,16,86,6,6.1080887829358055,10
691,55,10,79,4,6.105260957218084,6
692,68,12,5,5,6.084537265067714,7
693,20,44,5,17,6.084413199436967,27
694,100,12,13,5,6.068988765220787,7
695,30,19,60,6,6.068101421901045,13
696,51,12,97,5,6.067344814895203,7
697,29,11,55,4,6.0636297407404705,7
698,91,10,90,4,6.057465510076112,6
699,33,15,20,6,6.052404113154946,9
700,8,16,32,7,6.041444852098721,9
701,37,10,1,5,6.037547835973022,5
702,41,16,37,6,6.029295619076081,10
703,20,13,41,5,6.02906816064692,8
704,109,15,60,7,6.026577074635168,8
705,99,10,17,4,6.0116233289389776,6
706,39,24,50,10,6.010792416092778,14
707,40,11,75,4,6.006938010180454,7
708,25,24,54,10,5.984288858689808,14
709,106,14,53,6,5.964662256693667,8
710,41,10,1,3,5.936713931085728,7
711,107,18,109,6,5.926400579794741,12
712,40,18,104,7,5.9242009395670685,11
713,93,16,25,7,5.904464695396421,9
714,60,14,96,4,5.900809515031541,10
715,109,13,13,5,5.898569797188225,8
716,49,11,60,4,5.889051777859123,7
717,97,15,40,6,5.878372345170693,9
718,74,10,77,4,5.876462992127559,6
719,71,15,87,7,5.838621100274335,8
720,46,12,90,5,5.830565699084015,7
721,91,19,25,8,5.828763319756676,11
722,107,15,77,6,5.828375450935681,9
723,40,16,5,7,5.820527251695649,9
724,70,39,5,17,5.812017017327767,22
725,74,28,55,12,5.797157459674129,16
726,23,11,39,5,5.780994499014116,6
727,37,20,110,9,5.74878628902198,11
728,46,42,54,17,5.7427950319383285,25
729,100,16,74,7,5.736028437636332,9
730,54,53,70,22,5.727675523088418,31
731,87,35,20,15,5.726562552686569,20
732,84,12,9,5,5.723245457590759,7
733,13,23,18,10,5.710219551499986,13
734,50,13,48,5,5.7070179051031635,8
735,80,22,55,10,5.702005440074988,12
736,100,14,18,6,5.697684011266831,8
737,39,21,107,10,5.695101778176521,11
738,46,25,75,10,5.691502289376633,15
739,20,20,35,8,5.6905199842725205,12
740,106,12,57,6,5.685749140437754,6
741,102,10,95,4,5.685319962340818,6
742,87,15,64,6,5.672577041378895,9
743,94,10,25,5,5.671887186214519,5
744,16,31,99,13,5.665818337043021,18
745,54,11,82,4,5.664278302313932,7
746,55,11,35,5,5.650743870496083,6
747,2,38,50,16,5.650047560448173,22
748,73,24,8,10,5.645022963800572,14
749,40,17,1,7,5.627836435204353,10
750,5,20,17,7,5.625033929201379,13
751,114,43,5,18,5.610879096822169,25
752,108,14,88,6,5.608453698027056,8
753,4,13,17,5,5.601009834999203,8
754,80,11,48,4,5.594209169092441,7
755,97,25,107,12,5.575264944397934,13
756,55,27,63,12,5.56831553028517,15
757,87,22,93,9,5.565802071262539,13
758,63,11,10,4,5.56040496031845,7
759,76,14,102,6,5.556814882908007,8
760,8,41,25,16,5.550067480025434,25
761,86,14,77,5,5.538347201505088,9
762,7,10,109,4,5.536665178481001,6
763,33,14,102,6,5.525239013163607,8
764,40,17,36,6,5.514151365554602,11
765,95,19,83,7,5.510188596504647,12
766,23,21,87,9,5.477767310408314,12
767,74,34,46,13,5.475304789089528,21
768,41,19,18,8,5.469715304569553,11
769,109,21,16,9,5.461892685468702,12
770,50,10,112,4,5.456291047139746,6
771,50,12,49,5,5.454154014714142,7
772,64,16,39,7,5.452480934197579,9
773,60,10,28,5,5.435614604566067,5
774,32,16,104,6,5.4353295484317545,10
775,51,31,65,12,5.4258684031681605,19
776,30,10,7,3,5.416410719823541,7
777,83,10,50,5,5.416126776091855,5
778,51,15,83,5,5.415397349279681,10
779,96,10,67,5,5.408732724512927,5
780,63,25,2,11,5.395919280999036,14
781,84,19,39,8,5.386084146529571,11
782,65,26,93,12,5.367004650543753,14
783,104,26,63,11,5.355601218480844,15
784,87,16,9,7,5.353624653601196,9
785,16,78,51,34,5.347352516379422,44
786,100,22,107,11,5.3426551667188305,11
787,102,30,25,13,5.32886134482215,17
788,80,20,65,8,5.32370729957773,12
789,88,13,35,5,5.305527424977248,8
790,17,17,20,7,5.256441987432858,10
791,88,21,9,9,5.253930539262242,12
792,37,49,50,22,5.228576286593012,27
793,16,59,107,23,5.208591635424401,36
794,107,19,27,7,5.200896691974087,12
795,55,13,108,6,5.197810339207508,7
796,20,13,7,6,5.178540466901106,7
797,54,52,88,23,5.172477532960761,29
798,67,12,5,5,5.159840528973067,7
799,38,13,8,5,5.158625539766783,8
800,16,46,37,19,5.156319944125245,27
801,37,20,23,9,5.153587203140157,11
802,86,22,73,10,5.151945844046346,12
803,86,13,36,5,5.145781771673441,8
804,14,13,54,4,5.139758720068028,9
805,58,11,107,4,5.121507570465872,7
806,77,15,4,6,5.119767617788873,9
807,55,22,70,9,5.1032220329288345,13
808,41,21,39,9,5.102555963921199,12
809,11,30,54,13,5.089658806379616,17
810,99,16,36,6,5.086907679142809,10
811,106,45,5,18,5.052056869360905,27
812,86,26,80,12,5.05164493959972,14
813,106,19,41,9,5.042635492748387,10
814,15,19,5,7,5.0418557472432015,12
815,16,20,27,7,5.038848117395627,13
816,60,15,54,6,5.032291728657816,9
817,76,13,95,5,5.029825996184284,8
818,50,41,107,18,5.024688355903744,23
819,93,26,5,10,5.004460526821323,16
820,17,14,109,6,5.001708621140783,8
821,7,30,36,13,4.987264948156264,17
822,37,71,86,31,4.984756436647984,40
823,27,13,25,6,4.983545927288363,7
824,55,47,5,20,4.968791694509535,27
825,18,16,75,7,4.9604667534045275,9
826,91,19,88,8,4.953605826347504,11
827,68,13,1,5,4.947949111228012,8
828,55,13,53,5,4.932477625900763,8
829,37,52,106,24,4.929607997592941,28
830,78,10,87,5,4.928933903600315,5
831,96,29,25,13,4.925630164170213,16
832,38,12,5,5,4.92351943090761,7
833,41,13,68,6,4.915678587029404,7
834,34,10,7,4,4.8999742789281955,6
835,28,13,62,5,4.8955044879359315,8
836,65,36,41,14,4.893988454274595,22
837,83,39,5,18,4.890865835189014,21
838,39,55,51,24,4.888723760085988,31
839,8,12,3,7,4.88781937501622,5
840,100,13,114,5,4.886489949545645,8
841,110,11,104,4,4.886003470603164,7
842,28,33,97,13,4.884868668188755,20
843,25,30,88,11,4.873935976327288,19
844,46,10,9,5,4.86610901507194,5
845,8,52,63,23,4.864260653101078,29
846,63,30,20,14,4.86232561538827,16
847,8,20,100,8,4.860106370787934,12
848,38,13,84,6,4.854976710780188,7
849,71,20,39,9,4.853422342910106,11
850,63,32,50,13,4.851166505601919,19
851,51,20,41,8,4.841581156440148,12
852,5,30,51,11,4.841333405150811,19
853,13,22,95,9,4.839189119607627,13
854,97,17,17,8,4.833173263702722,9
855,39,15,83,6,4.8326399553033035,9
856,8,15,67,6,4.831909846155583,9
857,37,37,70,15,4.817822919278334,22
858,75,18,87,7,4.814941727585257,11
859,65,12,6,5,4.808783095927869,7
860,96,13,108,6,4.805162668071275,7
861,87,38,39,16,4.796337577701307,22
862,102,19,16,9,4.795025141717224,10
863,23,15,28,7,4.791243131318297,8
864,100,21,5,9,4.790180113588851,12
865,32,24,5,10,4.788591776396215,14
866,99,22,60,10,4.788512200740043,12
867,76,33,5,14,4.788314400539968,19
868,9,12,5,5,4.777710715122403,7
869,28,51,54,21,4.774713175137818,30
870,41,12,75,5,4.773721870700078,7
871,46,16,65,6,4.770389277379545,10
872,20,56,54,26,4.770199196047598,30
873,75,36,37,13,4.761783492346941,23
874,104,37,50,15,4.760473941886916,22
875,84,13,95,5,4.755677362807473,8
876,90,30,5,12,4.752640516818983,18
877,16,62,87,28,4.747118995402613,34
878,25,16,77,7,4.745845616411638,9
879,110,12,16,5,4.744361952221326,7
880,73,11,88,4,4.740966849993722,7
881,57,11,84,4,4.735926438073418,7
882,50,65,28,28,4.73524581768419,37
883,100,10,23,5,4.7250378008475105,5
884,106,11,43,5,4.722121789568363,6
885,51,17,99,8,4.721255445811637,9
886,74,51,106,22,4.718099800964195,29
887,92,21,88,8,4.717675433437501,13
888,86,40,75,19,4.704179194238295,21
889,7,40,88,17,4.700618278245129,23
890,75,12,49,5,4.624753097044053,7
891,96,13,34,5,4.620609194568736,8
892,28,43,109,17,4.618123280961818,26
893,54,43,106,20,4.613394421834746,23
894,7,53,86,21,4.6128631646651,32
895,77,13,95,6,4.60149322445291,7
896,25,15,33,5,4.583917339891116,10
897,13,24,53,10,4.5814907599330095,14
898,54,29,90,13,4.579893896725855,16
899,107,11,111,5,4.57369050327888,6
900,99,14,95,6,4.572737764013027,8
901,17,23,107,10,4.556628194816711,13
902,70,14,23,6,4.554568026577778,8
903,109,13,67,7,4.5540965230597985,6
904,111,19,16,9,4.547702363564985,10
905,25,10,3,5,4.546247932856725,5
906,20,43,28,18,4.544189476783367,25
907,87,57,37,24,4.5398331565645655,33
908,8,24,102,11,4.537070383836359,13
909,54,22,97,10,4.535944223800904,12
910,28,23,7,10,4.528076594083074,13
911,87,17,40,7,4.52617400544544,10
912,86,13,108,6,4.5258078770363745,7
913,83,21,87,10,4.5238867039340604,11
914,79,12,8,4,4.5233682313953745,8
915,16,13,14,6,4.510342602500319,7
916,60,30,71,14,4.505888233555722,16
917,93,15,37,6,4.493445665639034,9
918,31,10,40,4,4.47792606687157,6
919,7,17,97,7,4.468356928223329,10
920,91,10,57,5,4.468260927215541,5
921,37,18,32,8,4.466542082918521,10
922,85,11,107,5,4.45820125427633,6
923,40,25,51,11,4.416616133168666,14
924,36,10,18,4,4.401137892231646,6
925,36,20,55,9,4.398592544427244,11
926,30,18,71,8,4.383365556036494,10
927,63,38,96,15,4.376849709142971,23
928,86,113,5,48,4.357059130864303,65
929,34,12,84,6,4.355418008053165,6
930,46,17,17,8,4.350816122366196,9
931,87,40,65,17,4.346935541417734,23
932,41,20,25,7,4.342470395791372,13
933,86,20,82,8,4.3319380690325975,12
934,102,22,114,9,4.331076584650545,13
935,16,21,100,9,4.330573675976946,12
936,84,33,106,16,4.328019467626489,17
937,1,13,7,6,4.3270914712325,7
938,55,37,28,14,4.3253848681242495,23
939,30,20,88,9,4.322600096754096,11
940,6,11,27,5,4.320589105702404,6
941,51,10,36,5,4.3198623209408025,5
942,9,15,63,6,4.307570480889334,9
943,93,23,54,9,4.307251305123911,14
944,74,26,13,11,4.306038187470952,15
945,76,24,87,10,4.304022266566311,14
946,37,38,55,18,4.301606273781788,20
947,74,34,63,15,4.284478405701852,19
948,75,24,25,10,4.277372987760686,14
949,114,10,84,4,4.276636908378796,6
950,40,16,50,6,4.260254553301022,10
951,20,35,96,15,4.25759458795479,20
952,25,14,64,6,4.2567930582596185,8
953,107,46,20,21,4.2524996136942805,25
954,39,30,60,13,4.249205590460688,17
955,30,11,84,4,4.231660063143016,7
956,16,38,50,16,4.228613851151322,22
957,71,15,25,7,4.22821184042616,8
958,88,31,37,13,4.224270631924043,18
959,88,58,5,26,4.221472474474537,32
960,70,13,41,6,4.21760048461706,7
961,65,19,9,9,4.206785428644226,10
962,104,43,65,19,4.2008122656930995,24
963,25,21,40,9,4.184511628636794,12
964,28,29,75,12,4.173159235209232,17
965,13,25,8,11,4.169454652002989,14
966,87,40,28,18,4.161796757953555,22
967,27,10,8,5,4.15725246142287,5
968,71,14,106,6,4.156896719734133,8
969,60,20,95,8,4.156384552080203,12
970,5,14,60,6,4.1550252161435335,8
971,74,11,33,5,4.152065435529706,6
972,30,22,8,9,4.150524980229852,13
973,20,13,73,5,4.146065391689569,8
974,74,19,109,7,4.145290761336613,12
975,7,15,98,6,4.1415486338363054,9
976,71,16,13,7,4.141509484690016,9
977,75,40,16,17,4.136606569502713,23
978,86,13,67,6,4.131604740801435,7
979,15,13,7,6,4.117095636679336,7
980,7,12,29,6,4.1053574790426435,6
981,87,26,25,12,4.102463690405524,14
982,44,15,63,7,4.10127313865578,8
983,83,20,93,9,4.100880722204593,11
984,30,34,16,14,4.084532797345256,20
985,55,31,54,14,4.07249295432044,17
986,96,53,54,25,4.068141273301063,28
987,83,14,46,7,4.055902658620626,7
988,50,30,8,15,4.0537983612302835,15
989,60,14,41,6,4.0497535460972305,8
990,11,13,79,7,4.047561716338114,6
991,35,13,28,6,4.036665461709038,7
992,13,33,28,14,4.033447367470069,19
993,37,44,74,20,4.033137310869005,24
994,75,34,107,13,4.020326517107878,21
995,90,11,33,4,4.003292593732325,7
996,27,18,39,10,3.9885890078162407,8
997,16,22,40,10,3.9840533271977847,12
998,14,11,13,4,3.98325425585621,7
999,37,12,69,5,3.9709549460906977,7
1000,74,24,93,11,3.9601017688790825,13
1001,49,31,88,14,3.9580147221204194,17
1002,15,19,88,8,3.957478381988093,11
1003,80,10,97,4,3.9365866928471034,6
1004,102,10,83,4,3.9358085201394095,6
1005,16,64,7,30,3.933868958332119,34
1006,5,28,2,12,3.923277825320168,16
1007,97,11,10,6,3.9207678088340034,5
1008,31,16,68,7,3.9058370313027626,9
1009,102,26,37,11,3.9015784283610255,15
1010,86,11,81,4,3.9006647647945574,7
1011,54,37,51,17,3.900510354202893,20
1012,95,16,23,8,3.8860544765791154,8
1013,96,24,104,10,3.8706241075776626,14
1014,83,24,65,11,3.8650312387760812,13
1015,106,21,75,11,3.8605003548235586,10
1016,83,27,8,13,3.8382150032056903,14
1017,25,23,51,10,3.8366454931777065,13
1018,11,60,86,27,3.8353485548947646,33
1019,108,13,50,5,3.8299657646620937,8
1020,30,19,28,8,3.8298077885882966,11
1021,65,18,71,8,3.8280549628414366,10
1022,98,18,76,7,3.8277911803923965,11
1023,60,29,86,13,3.814348469452436,16
1024,110,16,5,7,3.8138584796050923,9
1025,64,14,88,6,3.8105053234380315,8
1026,71,11,68,5,3.8071954572931124,6
1027,74,74,86,34,3.8065457844621924,40
1028,31,11,18,4,3.7918067318061977,7
1029,77,11,39,5,3.791378785799657,6
1030,80,10,71,5,3.791264767099546,5
1031,53,22,65,11,3.7689418561942123,11
1032,107,45,104,19,3.756641135498072,26
1033,95,18,46,7,3.756541538400943,11
1034,54,32,95,15,3.7552584847129173,17
1035,9,12,107,4,3.7501912059519076,8
1036,97,16,76,8,3.7370860130894332,8
1037,16,19,80,9,3.7348635267747627,10
1038,6,10,87,4,3.7330820078347076,6
1039,97,21,8,10,3.7245036436776515,11
1040,95,25,107,12,3.721321768434082,13
1041,74,59,5,27,3.7150397399954445,32
1042,28,28,102,13,3.6997830630198973,15
1043,89,14,50,7,3.697778125616005,7
1044,16,48,54,21,3.695210707305646,27
1045,7,28,55,13,3.694619767331749,15
1046,75,15,30,7,3.6896953532209826,8
1047,46,20,84,8,3.686829488531013,12
1048,40,24,88,11,3.6852498785479106,13
1049,55,41,11,16,3.6751670322630696,25
1050,8,53,96,23,3.6687416252473026,30
1051,20,31,106,13,3.6670765571458195,18
1052,79,10,88,4,3.6658466896877484,6
1053,62,10,50,4,3.6657345895143245,6
1054,53,20,88,8,3.64857150609908,12
1055,30,20,37,8,3.640395609700316,12
1056,4,12,16,5,3.6304445783049495,7
1057,2,18,88,8,3.6220576195763163,10
1058,50,14,30,6,3.615631638334466,8
1059,91,26,86,11,3.613221536376561,15
1060,13,24,50,10,3.6058666646899353,14
1061,48,11,39,5,3.594601769104413,6
1062,28,19,98,7,3.593034409386323,12
1063,108,11,13,4,3.592382740212943,7
1064,97,10,95,4,3.58943247133478,6
1065,53,23,18,11,3.588729836514642,12
1066,63,28,39,11,3.5868034831779694,17
1067,70,10,69,4,3.577006655469959,6
1068,13,34,46,15,3.5724338202223356,19
1069,97,25,63,11,3.5596414004116443,14
1070,13,17,11,7,3.5480218115850195,10
1071,104,16,68,7,3.544595354099001,9
1072,87,10,110,4,3.5295519129657293,6
1073,65,41,107,18,3.5236677042176723,23
1074,25,33,65,14,3.5115873311153147,19
1075,20,21,46,8,3.51090539647306,13
1076,91,15,84,7,3.506943767095505,8
1077,104,30,54,14,3.494678026548527,16
1078,109,14,65,5,3.4929763691198916,9
1079,39,29,49,12,3.482221210670831,17
1080,70,28,65,11,3.478419403846195,17
1081,53,21,51,10,3.474733130583958,11
1082,13,27,75,12,3.4740651410533627,15
1083,13,30,23,16,3.463492176421541,14
1084,33,10,7,5,3.461965742090353,5
1085,16,63,8,28,3.460200287173046,35
1086,33,23,5,11,3.454327509177194,12
1087,53,17,64,8,3.448090735888575,9
1088,13,36,40,16,3.4466576833639673,20
1089,97,15,57,7,3.4435443466893796,8
1090,75,10,102,4,3.4391155267314995,6
1091,33,12,13,5,3.438502427413771,7
1092,87,25,109,10,3.438248375396607,15
1093,13,19,17,8,3.4218843529498777,11
1094,16,44,13,19,3.4201404408600102,25
1095,86,17,32,8,3.4193017987895304,9
1096,54,22,114,11,3.4158047714822755,11
1097,53,14,95,7,3.4121798412237276,7
1098,51,16,30,8,3.4104953848850323,8
1099,75,25,71,10,3.3995010157384034,15
1100,40,17,68,8,3.3908693707776685,9
1101,80,16,37,7,3.388891253141482,9
1102,4,25,13,10,3.36994043772605,15
1103,16,21,62,9,3.365085356146172,12
1104,14,22,8,9,3.3634201583462158,13
1105,20,10,9,4,3.353443346624384,6
1106,75,13,33,5,3.342736023465548,8
1107,16,10,45,4,3.339755666160267,6
1108,70,17,97,8,3.3275523495851074,9
1109,75,17,23,8,3.3075495966730815,9
1110,70,16,95,8,3.3075112398485507,8
1111,4,10,18,4,3.3032826745965735,6
1112,71,10,50,4,3.300812706273156,6
1113,114,13,67,6,3.2746706512348434,7
1114,86,72,107,34,3.262292909130074,38
1115,86,72,84,36,3.2610166651310086,36
1116,13,34,60,15,3.2577958806801717,19
1117,30,10,63,4,3.254074696673354,6
1118,11,25,20,10,3.2452743370759327,15
1119,85,14,54,6,3.2397539807116327,8
1120,14,11,88,5,3.2206098277423347,6
1121,25,16,18,6,3.21981452522341,10
1122,99,15,30,7,3.2133273586495648,8
1123,7,38,60,20,3.206409889282106,18
1124,86,70,8,33,3.1963852247420705,37
1125,86,59,25,28,3.1954658339631274,31
1126,86,69,54,32,3.1888799872804534,37
1127,99,24,13,11,3.1869164042235205,13
1128,9,19,86,8,3.184061740151892,11
1129,57,11,41,4,3.1749646912296132,7
1130,90,14,74,5,3.1680613510289204,9
1131,7,43,65,22,3.1548617597835817,21
1132,13,52,7,24,3.1521353683738784,28
1133,95,22,106,9,3.1374807998128023,13
1134,80,23,54,11,3.1299020659812844,12
1135,88,17,1,8,3.129185086185112,9
1136,15,11,54,5,3.125295121676584,6
1137,52,11,16,5,3.1090472473690998,6
1138,64,16,86,7,3.106297132113329,9
1139,93,11,109,5,3.105851166548928,6
1140,65,12,44,6,3.103105872794513,6
1141,99,14,68,6,3.1001036150844663,8
1142,17,22,54,11,3.092931167491581,11
1143,28,27,91,12,3.0909280045200784,15
1144,49,15,7,6,3.077115574283794,9
1145,48,14,55,6,3.06362691776684,8
1146,49,31,13,15,3.059361552865887,16
1147,96,28,88,14,3.0532343196114033,14
1148,23,11,104,4,3.0484914587139618,7
1149,114,15,75,7,3.0477574182711247,8
1150,38,13,96,6,3.0422152322461717,7
1151,70,11,68,5,3.0356846303086447,6
1152,84,21,48,9,3.0347277834877127,12
1153,75,26,63,12,3.0306179578107497,14
1154,75,15,84,7,3.030584614121957,8
1155,8,33,39,16,3.028875288162882,17
1156,87,30,104,15,3.0187790494931863,15
1157,114,31,86,13,3.006634238795545,18
1158,104,59,5,28,2.9970663239960817,31
1159,97,12,102,5,2.9943230050472285,7
1160,106,49,63,23,2.9941725427271724,26
1161,12,12,51,5,2.990924571538882,7
1162,13,15,63,6,2.9904556427756623,9
1163,10,12,84,5,2.980259678929738,7
1164,15,11,95,5,2.9708859793353697,6
1165,13,14,43,6,2.968373544421054,8
1166,62,16,88,7,2.959487921171799,9
1167,104,22,83,9,2.957808958542738,13
1168,102,18,74,8,2.9546185397660167,10
1169,86,28,17,14,2.94742778634219,14
1170,20,18,95,8,2.944277541841498,10
1171,23,27,107,12,2.9345761039000213,15
1172,18,11,40,5,2.929054007959597,6
1173,99,15,65,7,2.9253489592007305,8
1174,97,12,98,5,2.9183345258744944,7
1175,11,30,88,14,2.9177725470173828,16
1176,7,16,64,8,2.9123205739156903,8
1177,14,15,51,6,2.907372171253044,9
1178,91,19,37,9,2.9050960547005245,10
1179,16,22,17,9,2.869944125440124,13
1180,95,41,16,20,2.850256655932001,21
1181,87,21,57,9,2.842460195115372,12
1182,12,19,65,8,2.8347625330947053,11
1183,23,22,25,10,2.8322220847423267,12
1184,86,41,46,18,2.830781053281954,23
1185,63,12,34,5,2.8100003290876803,7
1186,75,22,74,9,2.809934258633539,13
1187,99,15,41,7,2.8081672918617278,8
1188,104,16,18,7,2.8046551455186632,9
1189,79,15,50,6,2.7998338113931376,9
1190,88,10,6,4,2.7938858775082784,6
1191,20,45,37,21,2.7863088238660265,24
1192,107,38,7,16,2.783775823935713,22
1193,8,36,104,17,2.7794749735414084,19
1194,25,17,53,8,2.774786838502582,9
1195,5,11,10,6,2.7716738654503197,5
1196,9,10,31,4,2.765938219627382,6
1197,106,28,51,13,2.7648760215311223,15
1198,65,14,48,6,2.7586384168294447,8
1199,14,15,11,6,2.753683750814255,9
1200,25,18,55,8,2.7487856444546024,10
1201,20,15,30,7,2.7449376883217553,8
1202,14,16,84,7,2.744202009506242,9
1203,13,42,86,18,2.7241966019924346,24
1204,39,20,68,10,2.716508058724645,10
1205,43,10,39,4,2.692573091515764,6
1206,27,24,88,13,2.6839869452466147,11
1207,18,17,88,7,2.6808391222455255,10
1208,71,27,8,13,2.6791944013625146,14
1209,65,25,60,10,2.66995121147518,15
1210,51,11,31,4,2.661986132637874,7
1211,74,13,91,6,2.658254293210725,7
1212,28,36,25,15,2.6530805265031128,21
1213,109,47,5,23,2.651945214364779,24
1214,16,60,5,25,2.6435184456824317,35
1215,114,25,16,13,2.6410084813198007,12
1216,76,26,104,12,2.640434575214534,14
1217,64,11,68,5,2.630202383228564,6
1218,36,11,75,5,2.6199658175530485,6
1219,34,10,76,5,2.615955033214912,5
1220,30,36,86,16,2.604988398458736,20
1221,39,26,65,13,2.600848464761547,13
1222,39,23,5,11,2.5977698137373055,12
1223,104,12,80,6,2.5977540631792615,6
1224,23,12,68,6,2.5867463686621477,6
1225,7,17,63,9,2.576212965868339,8
1226,80,24,28,11,2.5705556034476817,13
1227,7,12,11,6,2.569451739277442,6
1228,11,10,69,4,2.569037957161563,6
1229,88,14,43,7,2.560908485800628,7
1230,83,10,63,6,2.557624644664858,4
1231,63,15,95,7,2.557509411427886,8
1232,86,14,14,7,2.5565201304900333,7
1233,7,12,46,5,2.529405347030781,7
1234,76,15,109,6,2.5285469015591207,9
1235,36,14,87,7,2.5281752879458814,7
1236,107,18,38,8,2.5216665848696533,10
1237,55,21,90,11,2.5152743292271547,10
1238,107,55,37,25,2.511119120051266,30
1239,37,18,109,8,2.501013404341532,10
1240,11,20,48,9,2.499763597895506,11
1241,60,12,18,5,2.489438198061326,7
1242,51,28,17,12,2.4842837769178345,16
1243,8,39,20,18,2.4774464429650913,21
1244,8,38,51,18,2.4628496026875637,20
1245,97,24,65,11,2.4625872976599763,13
1246,8,65,88,30,2.461291700037279,35
1247,46,14,68,6,2.460292524095884,8
1248,54,14,49,7,2.454208065190866,7
1249,46,48,5,21,2.452279517290662,27
1250,18,21,39,10,2.449709990874039,11
1251,32,10,50,6,2.444054190716271,4
1252,104,48,16,23,2.442145888045198,25
1253,8,29,65,14,2.4386655960736667,15
1254,20,17,97,8,2.4355837212433697,9
1255,87,21,99,9,2.4324110326808843,12
1256,91,22,107,10,2.42409916831482,12
1257,109,11,99,5,2.4195174025010595,6
1258,86,11,4,5,2.4130242941982507,6
1259,81,10,88,5,2.411097045225808,5
1260,87,39,50,19,2.4090424159296533,20
1261,110,13,86,6,2.4084031140746345,7
1262,97,30,74,14,2.407418393961558,16
1263,25,17,70,8,2.405943954843893,9
1264,17,22,50,11,2.403392331478126,11
1265,99,19,86,8,2.400382898068694,11
1266,25,27,97,12,2.4001130715079033,15
1267,93,14,84,6,2.3958694367553783,8
1268,70,22,51,11,2.394448723174668,11
1269,88,22,68,10,2.391968036621003,12
1270,20,20,109,8,2.3908375286297607,12
1271,51,16,109,6,2.385243901128958,10
1272,55,37,106,16,2.381056579834337,21
1273,15,20,25,8,2.380758889536655,12
1274,104,33,95,15,2.37695990686575,18
1275,41,28,7,13,2.376775752449967,15
1276,99,23,5,11,2.3616219022642833,12
1277,48,14,109,6,2.3615030071790217,8
1278,114,14,46,6,2.345233267827878,8
1279,33,12,11,7,2.336303729576231,5
1280,41,26,16,12,2.3352287925306534,14
1281,37,11,43,4,2.332605420766109,7
1282,50,25,51,12,2.3323232012179402,13
1283,107,30,70,14,2.3257523274084737,16
1284,86,20,38,9,2.317394772106249,11
1285,106,36,96,16,2.2984565902488905,20
1286,31,13,65,7,2.292944230109758,6
1287,90,29,16,12,2.2849821824969307,17
1288,20,14,13,7,2.282975221459528,7
1289,51,23,18,10,2.279914851691796,13
1290,36,16,60,8,2.276452922140439,8
1291,28,66,96,31,2.267406944603933,35
1292,75,10,108,5,2.265770458776132,5
1293,46,34,28,14,2.2549666124967906,20
1294,86,40,90,18,2.2520097652852837,22
1295,16,21,15,9,2.2411165435882596,12
1296,75,15,9,9,2.237775649249408,6
1297,65,11,4,5,2.2354794058633587,6
1298,76,23,8,11,2.22939302069529,12
1299,54,54,107,25,2.2276425220621676,29
1300,106,37,50,16,2.225933629118433,21
1301,28,16,100,7,2.2255414738387724,9
1302,28,10,3,4,2.2170154466950467,6
1303,65,56,86,26,2.20920691189926,30
1304,86,28,2,14,2.2092021993038244,14
1305,37,24,84,11,2.201223464549896,13
1306,77,14,65,7,2.2011849181716925,7
1307,8,23,48,10,2.2004165749645987,13
1308,107,43,55,20,2.194044985473453,23
1309,96,11,14,5,2.19268862994012,6
1310,8,64,74,28,2.186622040651489,36
1311,91,14,68,6,2.174225836806776,8
1312,51,14,98,6,2.1722912157052283,8
1313,16,47,63,22,2.1668391821082813,25
1314,111,20,55,9,2.1630144850271353,11
1315,64,10,75,5,2.161929685109979,5
1316,23,10,29,5,2.1610971150686167,5
1317,28,10,40,5,2.155370208616526,5
1318,46,17,63,9,2.154361145113281,8
1319,65,26,68,12,2.152226280377469,14
1320,2,19,87,9,2.150541163273267,10
1321,109,16,50,8,2.1420450648202105,8
1322,73,14,106,7,2.139958358931589,7
1323,70,13,93,6,2.134945244153538,7
1324,8,15,33,6,2.129402754491363,9
1325,41,10,89,5,2.124994842096453,5
1326,87,63,107,30,2.122679957664317,33
1327,25,15,84,7,2.1183956865956017,8
1328,48,13,30,7,2.114145406665778,6
1329,60,29,55,13,2.1137308896417215,16
1330,87,36,63,18,2.11057231546335,18
1331,13,28,107,14,2.105753512399432,14
1332,28,62,5,30,2.1003743399505708,32
1333,77,39,60,18,2.09573583998731,21
1334,91,15,75,10,2.0918744194384895,5
1335,40,10,106,5,2.0918702037357386,5
1336,8,14,18,7,2.089050009065866,7
1337,75,12,109,5,2.086370884794744,7
1338,23,28,65,14,2.0787670145394954,14
1339,82,10,63,5,2.077975861296688,5
1340,8,16,7,8,2.0759524100352413,8
1341,57,15,46,7,2.0747037466091505,8
1342,50,26,25,13,2.0720055901853556,13
1343,16,21,98,10,2.0672287007178305,11
1344,97,30,106,15,2.0644256996528543,15
1345,88,26,75,13,2.048743448775826,13
1346,90,24,60,10,2.0397275719261816,14
1347,99,16,15,7,2.0375168850995924,9
1348,13,14,70,6,2.032328222536006,8
1349,55,12,73,6,2.0248295643907164,6
1350,76,23,70,11,2.0205668013908826,12
1351,8,36,90,16,2.0194647820717804,20
1352,86,88,87,44,2.006727372619405,44
1353,33,10,99,5,1.9995697947435775,5
1354,46,38,11,17,1.9985912350445674,21
1355,84,10,35,5,1.9965083140622215,5
1356,107,53,63,27,1.992318042895758,26
1357,75,23,68,12,1.9869107593751973,11
1358,35,10,40,5,1.9769540153658152,5
1359,16,82,86,37,1.974675720559085,45
1360,65,45,13,22,1.9744244046045203,23
1361,2,12,75,5,1.9694128550530172,7
1362,106,19,17,8,1.9601546930788782,11
1363,13,50,55,23,1.9539400479817817,27
1364,25,10,43,3,1.9520645077419574,7
1365,18,13,107,6,1.9518147572420157,7
1366,98,22,107,10,1.9482886679818217,12
1367,106,34,70,15,1.9471218681408475,19
1368,64,10,104,4,1.9410731528407534,6
1369,25,15,57,7,1.9367936004868358,8
1370,87,30,84,14,1.9310332903828065,16
1371,112,10,75,5,1.9289326018714483,5
1372,23,32,86,14,1.9182051181478577,18
1373,99,11,76,6,1.9173589523208343,5
1374,30,14,96,7,1.9170201840499577,7
1375,70,17,39,9,1.9157212262198098,8
1376,60,31,40,14,1.9033289648931253,17
1377,74,34,65,16,1.90209120333685,18
1378,74,14,108,7,1.8987503296630384,7
1379,49,20,86,10,1.8976322802746382,10
1380,5,26,91,11,1.892251700304698,15
1381,5,49,96,22,1.8890948283914337,27
1382,16,48,74,22,1.8818651609735453,26
1383,98,18,37,9,1.8817953145609947,9
1384,20,15,76,8,1.8717042450890158,7
1385,74,13,17,6,1.8676704113074118,7
1386,37,44,28,20,1.8670737685584553,24
1387,37,95,5,46,1.8654288703425719,49
1388,2,17,84,8,1.8594432529031952,9
1389,86,55,55,26,1.8505820225718854,29
1390,34,12,106,5,1.8480424044178243,7
1391,50,18,114,8,1.8469975740050815,10
1392,65,16,36,7,1.8436709188360858,9
1393,37,46,51,24,1.8410186071468577,22
1394,55,12,64,5,1.8371304139760676,7
1395,94,10,87,5,1.8330912777415755,5
1396,102,13,99,6,1.8212893413036875,7
1397,106,38,88,16,1.8099801281733559,22
1398,2,20,37,10,1.7943143656917857,10
1399,11,45,16,19,1.7926390358211874,26
1400,95,26,25,13,1.7915870343345557,13
1401,55,11,18,6,1.788615977764045,5
1402,30,13,104,6,1.7857310633357768,7
1403,97,21,46,10,1.7824502760939187,11
1404,37,25,90,12,1.7816453937181782,13
1405,48,23,16,10,1.7794429962560594,13
1406,96,55,107,25,1.7781061515399443,30
1407,51,31,46,13,1.76280348873694,18
1408,84,26,70,12,1.7530345342228948,14
1409,79,10,107,4,1.7505887367760633,6
1410,75,10,29,5,1.7461509403171567,5
1411,88,35,51,16,1.7397036536182067,19
1412,60,13,11,7,1.72978393860355,6
1413,9,12,13,5,1.7226701034980332,7
1414,95,25,28,11,1.7143083531485523,14
1415,74,10,85,5,1.7134982697618455,5
1416,84,13,76,6,1.710890300241341,7
1417,86,14,33,6,1.6956445150868669,8
1418,70,10,7,5,1.6865389444370247,5
1419,87,25,46,13,1.6819991140712225,12
1420,65,52,63,25,1.6790787668239018,27
1421,76,29,96,13,1.6762730706442965,16
1422,96,14,73,7,1.6753693979758282,7
1423,77,15,5,7,1.6718563886987095,8
1424,16,63,65,29,1.670722234982645,34
1425,32,11,109,6,1.6660133397695764,5
1426,63,76,86,34,1.665062155456317,42
1427,8,20,60,9,1.6641205129510446,11
1428,68,12,27,6,1.6328759902689274,6
1429,55,49,88,22,1.6154630922330864,27
1430,63,25,70,12,1.612262611699524,13
1431,55,31,75,17,1.607882458532873,14
1432,109,16,97,7,1.6022431108951518,9
1433,87,15,97,6,1.595552572689484,9
1434,95,23,39,11,1.5861677629693824,12
1435,2,15,25,8,1.5845186001024008,7
1436,68,17,87,8,1.5747539846864018,9
1437,84,18,80,8,1.570942028221592,10
1438,70,11,90,5,1.5691735166520109,6
1439,63,16,68,8,1.5579991979329613,8
1440,40,10,11,5,1.55541521138649,5
1441,8,19,17,10,1.5403077254917843,9
1442,50,39,11,18,1.5332241488733838,21
1443,106,19,83,8,1.5311768047912764,11
1444,86,21,62,10,1.5281295682123723,11
1445,106,11,9,5,1.5258731144316224,6
1446,35,14,37,7,1.523131742310598,7
1447,39,11,4,5,1.5205153281631296,6
1448,63,16,38,7,1.5200571229695976,9
1449,16,17,2,8,1.5157503924432267,9
1450,46,12,55,5,1.5148590180899557,7
1451,88,24,114,11,1.5135173346862072,13
1452,70,13,9,6,1.504563121307626,7
1453,102,16,106,8,1.4908896648943566,8
1454,106,83,86,41,1.4851616230049764,42
1455,20,28,16,12,1.47224219682996,16
1456,86,43,109,21,1.4710886828305458,22
1457,88,28,41,14,1.4680925884738476,14
1458,28,14,89,6,1.4639788382157592,8
1459,70,13,40,6,1.43617994756994,7
1460,91,12,54,6,1.4331424659599215,6
1461,63,18,40,8,1.4270950624577143,10
1462,106,14,110,7,1.4258595725562953,7
1463,106,20,109,9,1.4211012661720264,11
1464,74,10,98,5,1.4177496992788108,5
1465,87,40,54,18,1.4131847618133258,22
1466,102,15,11,6,1.4114820984859568,9
1467,39,24,53,10,1.4109733429819427,14
1468,104,32,7,15,1.4088972734475984,17
1469,40,36,86,15,1.4062834053488322,21
1470,55,27,84,13,1.3965203244162756,14
1471,25,59,16,28,1.3929676943202622,31
1472,83,19,97,10,1.3860983501952917,9
1473,39,12,12,6,1.3850490174415733,6
1474,11,48,28,24,1.3816823064618553,24
1475,97,13,50,7,1.3748102351512164,6
1476,86,17,85,8,1.3738528392472165,9
1477,90,11,76,6,1.3711097869836062,5
1478,97,12,75,7,1.365095248526459,5
1479,25,26,30,14,1.363384718034577,12
1480,107,14,68,6,1.360390111153325,8
1481,8,63,28,29,1.3532960511779597,34
1482,104,24,109,12,1.3448623515902252,12
1483,79,17,28,8,1.3443965025775713,9
1484,84,17,90,8,1.3434141546201468,9
1485,8,66,37,32,1.3357403383797626,34
1486,23,13,54,6,1.3347092168121752,7
1487,87,40,88,20,1.330798184332504,20
1488,10,16,8,7,1.3145513780375315,9
1489,70,10,102,6,1.3043211125718095,4
1490,106,16,48,8,1.2966873109190276,8
1491,7,14,114,7,1.2957242481712299,7
1492,104,30,114,13,1.2941265458183848,17
1493,50,56,54,27,1.2865367341863367,29
1494,106,12,60,6,1.2795484772851269,6
1495,17,34,37,18,1.2727375464984247,16
1496,87,41,55,19,1.2726321489984762,22
1497,62,10,76,5,1.2686993930037311,5
1498,84,37,96,19,1.2684027154450666,18
1499,28,18,73,8,1.2674667464036864,10
1500,114,18,17,8,1.2631717601516683,10
1501,65,12,14,6,1.2593828148312758,6
1502,11,44,107,21,1.2577214098422742,23
1503,7,37,39,17,1.251649698365779,20
1504,109,19,84,9,1.24524860607484,10
1505,47,10,75,5,1.2417859347593179,5
1506,54,19,98,9,1.237916298592764,10
1507,97,21,88,11,1.2286481129273583,10
1508,75,26,65,13,1.2239442670517482,13
1509,75,30,51,15,1.2134649542248057,15
1510,53,18,40,9,1.1980857598588648,9
1511,25,25,109,12,1.1927554377225935,13
1512,9,28,7,12,1.1919371776779033,16
1513,86,83,28,39,1.1902605397684778,44
1514,57,14,28,7,1.1812096036740403,7
1515,88,19,93,10,1.1761331934222983,9
1516,51,11,9,5,1.160803083531973,6
1517,2,40,8,20,1.1594572352269998,20
1518,7,25,106,13,1.1583556659237946,12
1519,20,14,48,6,1.1319086574299344,8
1520,13,39,5,19,1.1249218143526358,20
1521,53,16,5,7,1.1100089939054687,9
1522,69,11,51,6,1.104249720135501,5
1523,6,15,16,8,1.100006398241832,7
1524,5,47,54,22,1.0944368571176064,25
1525,83,16,109,9,1.0939664342434448,7
1526,86,67,20,32,1.090808542947844,35
1527,111,11,8,6,1.0802670243020827,5
1528,83,33,55,17,1.0771475436917035,16
1529,49,10,28,4,1.071731750298935,6
1530,67,20,37,9,1.0707700527635258,11
1531,84,59,107,29,1.0684618045247287,30
1532,39,14,20,8,1.0673965411691178,6
1533,57,10,104,3,1.055650316374437,7
1534,80,10,95,5,1.0516970090952047,5
1535,16,23,49,10,1.0511839451073195,13
1536,33,16,28,9,1.0436942408383045,7
1537,88,11,74,4,1.043558433601539,7
1538,51,26,60,12,1.0317231530020434,14
1539,87,17,80,8,1.02311056991515,9
1540,70,10,33,5,1.0222975969230632,5
1541,20,23,80,11,1.0138169865719238,12
1542,87,29,95,14,1.0109411688585392,15
1543,20,22,70,11,1.0037779537681712,11
1544,87,23,60,11,1.0013420763138412,12
1545,109,10,71,5,0.9970275319814977,5
1546,107,13,14,7,0.9920091994330184,6
1547,106,67,28,32,0.9916026418837893,35
1548,96,44,87,22,0.9639736076499449,22
1549,14,14,5,6,0.9561035605846475,8
1550,63,27,25,12,0.9527168084783876,15
1551,87,38,74,18,0.9489215682392524,20
1552,37,20,76,11,0.942629410207245,9
1553,49,12,8,5,0.934404378662043,7
1554,8,32,93,16,0.929819616045558,16
1555,25,22,83,10,0.9290503981463761,12
1556,104,26,39,13,0.9266699265535022,13
1557,25,14,44,7,0.9260507045996414,7
1558,18,18,74,8,0.9157992079065538,10
1559,108,10,25,5,0.9146750049457186,5
1560,68,11,106,5,0.9123663165558766,6
1561,18,15,65,8,0.9097582893498202,7
1562,107,31,46,16,0.8942764168819464,15
1563,31,17,60,9,0.8684337154590883,8
1564,10,10,114,4,0.8617397018011257,6
1565,96,13,109,6,0.860547999068384,7
1566,39,14,96,6,0.8584786467987305,8
1567,49,11,51,5,0.850234920668641,6
1568,25,21,17,10,0.8501204774315503,11
1569,8,64,54,33,0.8453996480922652,31
1570,34,19,107,9,0.8438793263657306,10
1571,28,42,65,20,0.8424488738435458,22
1572,39,38,55,18,0.8421613872882462,20
1573,55,16,9,8,0.83539092148884,8
1574,86,10,89,4,0.8309374732906825,6
1575,2,16,46,8,0.8285194662826778,8
1576,70,18,75,10,0.8251218966341022,8
1577,83,15,60,8,0.8249582076687048,7
1578,50,12,4,6,0.8210544229672087,6
1579,74,37,25,18,0.8204962979912085,19
1580,25,14,90,7,0.8193923685462247,7
1581,49,14,17,6,0.8168710470278943,8
1582,51,41,107,18,0.8159943879599907,23
1583,8,14,80,6,0.8089658215861046,8
1584,25,40,39,20,0.8087773618763647,20
1585,48,12,13,6,0.8080555546550418,6
1586,88,26,23,14,0.807630462715745,12
1587,96,36,55,18,0.7893581602386032,18
1588,106,55,87,26,0.7882945133949287,29
1589,65,16,84,8,0.7808353432634707,8
1590,46,20,60,10,0.7782430213526009,10
1591,33,15,104,8,0.7704375614853092,7
1592,83,13,7,8,0.7695159448560518,5
1593,51,10,57,5,0.7683757112822238,5
1594,106,33,104,15,0.7665725528171266,18
1595,11,15,51,8,0.765784841674621,7
1596,114,15,51,7,0.7514919339071914,8
1597,114,22,74,12,0.7506194135084285,10
1598,28,27,48,13,0.7484805696104432,14
1599,104,30,74,14,0.7473029478332428,16
1600,65,30,37,16,0.7390927440074131,14
1601,31,13,75,6,0.7282097535423555,7
1602,8,46,11,21,0.7230407809506088,25
1603,88,12,48,5,0.721628645159468,7
1604,82,13,28,7,0.7153587234866209,6
1605,75,29,39,15,0.7103866309575745,14
1606,88,30,84,16,0.7084791071128511,14
1607,76,15,30,8,0.708134364255956,7
1608,71,18,53,9,0.698473787160414,9
1609,114,45,107,22,0.6982803813662544,23
1610,27,11,99,6,0.6941577039356042,5
1611,70,22,104,11,0.689507796618511,11
1612,91,15,39,7,0.6883006418308203,8
1613,87,14,49,8,0.6840823406866632,6
1614,29,12,16,5,0.6823544697986406,7
1615,97,22,114,11,0.6801181391182243,11
1616,23,15,15,7,0.6735916899677631,8
1617,97,23,16,13,0.6584607423108081,10
1618,106,46,11,20,0.6535108004818931,26
1619,88,27,60,15,0.6484011976576008,12
1620,16,24,53,12,0.6443720650706538,12
1621,98,16,50,8,0.6426219058041094,8
1622,16,19,43,8,0.6408960966953514,11
1623,107,63,28,30,0.6317236545166676,33
1624,11,11,97,6,0.6269874474505769,5
1625,107,62,5,31,0.6252815058217583,31
1626,102,11,98,6,0.6175099367937772,5
1627,27,10,23,5,0.6166909350425549,5
1628,107,14,1,7,0.6036375512016736,7
1629,20,10,40,5,0.6005897193257779,5
1630,97,17,93,8,0.5934767161556218,9
1631,104,16,53,8,0.5885398244034938,8
1632,25,38,114,20,0.5872708891298798,18
1633,13,42,104,20,0.5845584541544605,22
1634,2,17,96,8,0.5793042045284421,9
1635,11,14,35,7,0.5717880493559687,7
1636,97,30,2,14,0.5614740846174435,16
1637,84,29,50,15,0.5600416600783537,14
1638,83,10,2,5,0.5594397265150824,5
1639,102,10,84,5,0.555323987307036,5
1640,77,11,41,6,0.5488776457096901,5
1641,50,25,65,12,0.5410298532564218,13
1642,41,12,95,5,0.5396942316178904,7
1643,39,19,36,9,0.5338101008241762,10
1644,76,18,46,9,0.528169825790584,9
1645,87,10,4,5,0.5224275012201673,5
1646,107,10,94,6,0.5213574094812394,4
1647,86,14,34,7,0.5201415239407956,7
1648,75,13,27,5,0.4974930029627913,8
1649,31,20,7,10,0.48249351199386864,10
1650,95,28,74,13,0.47842550860281996,15
1651,20,19,2,9,0.46802771578138846,10
1652,73,14,114,6,0.46595036800587825,8
1653,74,16,7,10,0.44922344279131066,6
1654,68,22,86,10,0.4454824181803146,12
1655,90,15,11,7,0.4409004522210816,8
1656,33,13,54,7,0.43670790689912964,6
1657,8,74,107,39,0.43526473064358406,35
1658,74,17,80,9,0.4324611679866122,8
1659,114,18,60,8,0.4298545629790136,10
1660,16,40,23,20,0.42836427546595185,20
1661,11,16,32,9,0.41605311029258796,7
1662,84,14,79,8,0.41419542722796737,6
1663,88,50,46,24,0.40974216717370715,26
1664,63,38,5,16,0.40800993583737216,22
1665,70,51,8,26,0.40767994697233234,25
1666,28,71,16,36,0.4038581985222006,35
1667,99,14,104,8,0.39792129449437547,6
1668,90,15,17,8,0.39476347822724994,7
1669,8,13,44,6,0.3904420875790005,7
1670,104,22,98,13,0.390344641080382,9
1671,55,12,71,5,0.382681476916952,7
1672,28,22,83,9,0.36492740395353174,13
1673,55,46,51,22,0.35362432780089037,24
1674,107,23,60,11,0.3335994245640707,12
1675,54,25,84,13,0.33308077981097683,12
1676,83,18,88,10,0.32681938667449933,8
1677,76,20,11,9,0.3179380930289623,11
1678,8,75,55,39,0.31178306035257475,36
1679,16,39,70,18,0.3070972120099422,21
1680,50,47,86,25,0.30104953753715946,22
1681,70,49,86,23,0.28498345260667884,26
1682,37,13,39,7,0.28210005082695544,6
1683,67,12,25,6,0.2816428039469064,6
1684,7,38,68,18,0.27805847024707936,20
1685,74,38,54,18,0.2707426697250304,20
1686,65,43,55,20,0.2672931134757015,23
1687,84,11,17,5,0.26657119917942235,6
1688,107,53,74,25,0.2637249813767899,28
1689,28,23,76,12,0.2624094415845059,11
1690,33,11,96,7,0.2613811530785739,4
1691,54,45,65,22,0.25575430722289233,23
1692,28,18,71,8,0.2547312662987768,10
1693,95,40,5,21,0.25348100991507183,19
1694,68,33,13,16,0.24786147463411431,17
1695,30,10,108,5,0.24117256366227835,5
1696,28,32,51,17,0.22942654135968313,15
1697,11,40,87,22,0.22473431916089695,18
1698,114,25,20,12,0.21848473013005174,13
1699,86,13,78,6,0.21601840566709724,7
1700,40,29,39,14,0.20491426025038964,15
1701,88,17,4,8,0.2029179351590433,9
1702,106,69,8,32,0.1950573284676129,37
1703,14,14,106,6,0.19021668109411646,8
1704,29,14,65,6,0.18825726176713978,8
1705,28,24,9,13,0.18787441603100183,11
1706,28,26,39,13,0.18775719177901556,13
1707,20,11,104,5,0.18707180650761046,6
1708,88,46,107,22,0.17737831400305515,24
1709,41,18,23,9,0.17519172699992483,9
1710,37,13,62,8,0.17494933246516955,5
1711,33,13,95,6,0.16746373964834158,7
1712,57,20,37,10,0.16220303080862575,10
1713,16,19,33,8,0.15766880077552775,11
1714,57,16,86,8,0.15508905237468196,8
1715,60,14,68,7,0.15230444115459996,7
1716,11,25,74,12,0.15006666233224167,13
1717,76,12,88,7,0.14822849742764474,5
1718,65,12,43,5,0.14707048531237632,7
1719,87,17,18,9,0.14416855367002537,8
1720,50,16,34,8,0.13128791109247806,8
1721,93,17,107,8,0.12757170749762345,9
1722,100,20,106,11,0.12223853702694036,9
1723,11,32,63,18,0.1149495311465305,14
1724,74,21,2,11,0.11327187771293404,10
1725,114,16,63,8,0.11061574815828745,8
1726,87,57,5,28,0.10062627053374182,29
1727,41,28,13,14,0.09936069318454813,14
1728,79,15,16,7,0.0846210771917389,8
1729,11,27,39,14,0.08435132768700179,13
1730,65,22,11,12,0.08328669901936944,10
1731,13,31,27,16,0.07992272331161315,15
1732,90,17,88,9,0.07413833306968426,8
1733,51,39,87,19,0.06646293648636259,20
1734,95,46,86,21,0.0533388813813724,25
1735,39,24,54,12,0.046828923438471705,12
1736,87,13,14,7,0.034291897518969265,6
1737,51,25,84,12,0.01096799308021332,13
1738,106,33,65,17,0.007850195936515592,16
1739,114,35,37,19,0.00622221621453757,16
1740,109,20,102,10,0.0026602667859183526,10
1741,99,25,55,13,0.0009906570474895915,12
1742,55,25,99,12,-0.0009906570474892363,13
1743,102,20,109,10,-0.0026602667859165763,10
1744,37,35,114,16,-0.006222216214538382,19
1745,65,33,106,16,-0.007850195936516702,17
1746,84,25,51,13,-0.01096799308021332,12
1747,88,29,20,16,-0.011978973913990448,13
1748,14,13,87,6,-0.034291897518968995,7
1749,54,24,39,12,-0.04682892343847141,12
1750,86,46,95,25,-0.053338881381371626,21
1751,87,39,51,20,-0.06646293648636131,19
1752,88,17,90,8,-0.07413833306968468,9
1753,27,31,13,15,-0.07992272331161293,16
1754,11,22,65,10,-0.08328669901936994,12
1755,39,27,11,13,-0.08435132768700153,14
1756,16,15,79,8,-0.08462107719174033,7
1757,13,28,41,14,-0.09936069318454877,14
1758,5,57,87,29,-0.10062627053374157,28
1759,63,16,114,8,-0.11061574815828723,8
1760,2,21,74,10,-0.11327187771293505,11
1761,63,32,11,14,-0.11494953114653139,18
1762,106,20,100,9,-0.12223853702694125,11
1763,34,16,50,8,-0.13128791109247828,8
1764,18,17,87,8,-0.14416855367002476,9
1765,43,12,65,7,-0.1470704853123769,5
1766,88,12,76,5,-0.1482284974276471,7
1767,74,25,11,13,-0.1500666623322408,12
1768,68,14,60,7,-0.1523044411546007,7
1769,86,16,57,8,-0.15508905237468193,8
1770,33,19,16,11,-0.15766880077552733,8
1771,37,20,57,10,-0.162203030808627,10
1772,95,13,33,7,-0.16746373964834213,6
1773,62,13,37,5,-0.17494933246516897,8
1774,23,18,41,9,-0.1751917269999256,9
1775,104,11,20,6,-0.1870718065076108,5
1776,39,26,28,13,-0.18775719177901487,13
1777,9,24,28,11,-0.18787441603100374,13
1778,65,14,29,8,-0.18825726176714005,6
1779,106,14,14,8,-0.19021668109411646,6
1780,8,69,106,37,-0.19505732846761326,32
1781,4,17,88,9,-0.20291793515904394,8
1782,39,29,40,15,-0.20491426025039,14
1783,78,13,86,7,-0.21601840566709504,6
1784,20,25,114,13,-0.21848473013005537,12
1785,87,40,11,18,-0.22473431916089676,22
1786,51,32,28,15,-0.22942654135968277,17
1787,108,10,30,5,-0.24117256366227763,5
1788,13,33,68,17,-0.24786147463411498,16
1789,5,40,95,19,-0.253481009915071,21
1790,71,18,28,10,-0.2547312662987772,8
1791,65,45,54,23,-0.25575430722289233,22
1792,96,11,33,4,-0.26138115307857424,7
1793,76,23,28,11,-0.2624094415845068,12
1794,17,11,84,6,-0.26657119917942235,5
1795,55,43,65,23,-0.26729311347570217,20
1796,54,38,74,20,-0.27074266972503125,18
1797,68,38,7,20,-0.278058470247079,18
1798,25,12,67,6,-0.2816428039469064,6
1799,39,13,37,6,-0.28210005082695544,7
1800,86,49,70,26,-0.28498345260667907,23
1801,86,47,50,22,-0.3010495375371577,25
1802,70,39,16,21,-0.3070972120099418,18
1803,55,75,8,36,-0.3117830603525748,39
1804,88,18,83,8,-0.32681938667449884,10
1805,84,25,54,12,-0.33308077981097556,13
1806,60,23,107,12,-0.3335994245640702,11
1807,51,46,55,24,-0.35362432780088976,22
1808,83,22,28,13,-0.36492740395353107,9
1809,71,12,55,7,-0.38268147691695403,5
1810,98,22,104,9,-0.39034464108038125,13
1811,44,13,8,7,-0.3904420875789997,6
1812,17,15,90,7,-0.39476347822725016,8
1813,104,14,99,6,-0.39792129449437524,8
1814,16,71,28,35,-0.4038581985222006,36
1815,8,51,70,25,-0.4076799469723319,26
1816,5,38,63,22,-0.4080099358373725,16
1817,46,50,88,26,-0.4097421671737061,24
1818,79,14,84,6,-0.414195427227968,8
1819,32,16,11,7,-0.4160531102925862,9
1820,23,40,16,20,-0.42836427546595174,20
1821,60,18,114,10,-0.42985456297901276,8
1822,80,17,74,8,-0.4324611679866118,9
1823,107,74,8,35,-0.43526473064358473,39
1824,54,13,33,6,-0.43670790689912903,7
1825,11,15,90,8,-0.4409004522210813,7
1826,86,22,68,12,-0.4454824181803151,10
1827,7,16,74,6,-0.4492234427913093,10
1828,114,14,73,8,-0.4659503680058797,6
1829,2,19,20,10,-0.4680277157813875,9
1830,106,38,76,21,-0.4712121694924553,17
1831,74,28,95,15,-0.4784255086028221,13
1832,7,20,31,10,-0.4824935119938688,10
1833,27,13,75,8,-0.49749300296279125,5
1834,34,14,86,7,-0.5201415239407952,7
1835,94,10,107,4,-0.5213574094812394,6
1836,4,10,87,5,-0.5224275012201673,5
1837,46,18,76,9,-0.5281698257905821,9
1838,36,19,39,10,-0.5338101008241761,9
1839,95,12,41,7,-0.5396942316178889,5
1840,65,25,50,13,-0.5410298532564222,12
1841,41,11,77,5,-0.5488776457096898,6
1842,84,10,102,5,-0.5553239873070354,5
1843,2,10,83,5,-0.559439726515081,5
1844,50,29,84,14,-0.5600416600783534,15
1845,2,30,97,16,-0.5614740846174444,14
1846,35,14,11,7,-0.5717880493559682,7
1847,93,11,20,5,-0.5766686262962127,6
1848,96,17,2,9,-0.5793042045284422,8
1849,104,42,13,22,-0.5845584541544612,20
1850,114,38,25,18,-0.5872708891298799,20
1851,53,16,104,8,-0.588539824403493,8
1852,93,17,97,9,-0.5934767161556219,8
1853,40,10,20,5,-0.600589719325777,5
1854,1,14,107,7,-0.6036375512016734,7
1855,23,10,27,5,-0.6166909350425549,5
1856,98,11,102,5,-0.6175099367937773,6
1857,5,62,107,31,-0.6252815058217575,31
1858,97,11,11,5,-0.626987447450576,6
1859,28,63,107,33,-0.6317236545166688,30
1860,43,19,16,11,-0.6408960966953504,8
1861,50,16,98,8,-0.6426219058041119,8
1862,53,24,16,12,-0.6443720650706531,12
1863,60,27,88,12,-0.6484011976576001,15
1864,11,46,106,26,-0.6535108004818926,20
1865,16,23,97,10,-0.6584607423108081,13
1866,15,15,23,8,-0.6735916899677633,7
1867,114,22,97,11,-0.6801181391182246,11
1868,16,12,29,7,-0.6823544697986406,5
1869,49,14,87,6,-0.6840823406866632,8
1870,39,15,91,8,-0.6883006418308211,7
1871,104,22,70,11,-0.6895077966185112,11
1872,99,11,27,5,-0.6941577039356038,6
1873,106,38,107,19,-0.6959961834151963,19
1874,107,45,114,23,-0.6982803813662546,22
1875,53,18,71,9,-0.6984737871604136,9
1876,30,15,76,7,-0.708134364255956,8
1877,84,30,88,14,-0.7084791071128513,16
1878,39,29,75,14,-0.710386630957576,15
1879,28,13,82,6,-0.7153587234866207,7
1880,107,29,90,15,-0.7206295892273683,14
1881,48,12,88,7,-0.7216286451594675,5
1882,11,46,8,25,-0.7230407809506088,21
1883,75,13,31,7,-0.7282097535423545,6
1884,37,30,65,14,-0.7390927440074138,16
1885,74,30,104,16,-0.7473029478332418,14
1886,48,27,28,14,-0.7484805696104441,13
1887,74,22,114,10,-0.7506194135084283,12
1888,51,15,114,8,-0.7514919339071905,7
1889,51,15,11,7,-0.7657848416746224,8
1890,104,33,106,18,-0.7665725528171268,15
1891,57,10,51,5,-0.768375711282222,5
1892,7,13,83,5,-0.7695159448560503,8
1893,104,15,33,7,-0.7704375614853106,8
1894,60,20,46,10,-0.7782430213526004,10
1895,84,16,65,8,-0.7808353432634698,8
1896,87,55,106,29,-0.7882945133949288,26
1897,55,36,96,18,-0.7893581602386027,18
1898,23,26,88,12,-0.8076304627157445,14
1899,13,12,48,6,-0.808055554655042,6
1900,39,40,25,20,-0.8087773618763645,20
1901,80,14,8,8,-0.8089658215861041,6
1902,107,41,51,23,-0.8159943879599915,18
1903,17,14,49,8,-0.8168710470278943,6
1904,90,14,25,7,-0.8193923685462242,7
1905,20,27,74,13,-0.8203305748765273,14
1906,25,37,74,19,-0.8204962979912087,18
1907,4,12,50,6,-0.821054422967209,6
1908,60,15,83,7,-0.8249582076687048,8
1909,75,18,70,8,-0.8251218966341024,10
1910,46,16,2,8,-0.8285194662826783,8
1911,89,10,86,6,-0.8309374732906832,4
1912,9,16,55,8,-0.8353909214888394,8
1913,55,38,39,20,-0.8421613872882481,18
1914,65,42,28,22,-0.8424488738435456,20
1915,107,19,34,10,-0.8438793263657312,9
1916,54,64,8,31,-0.8453996480922648,33
1917,17,21,25,11,-0.8501204774315487,10
1918,51,11,49,6,-0.8502349206686404,5
1919,96,14,39,8,-0.8584786467987305,6
1920,109,13,96,7,-0.8605479990683851,6
1921,114,10,10,6,-0.8617397018011254,4
1922,60,17,31,8,-0.8684337154590867,9
1923,46,31,107,15,-0.8942764168819444,16
1924,65,15,18,7,-0.9097582893498202,8
1925,106,11,68,6,-0.9123663165558775,5
1926,25,10,108,5,-0.9146750049457175,5
1927,74,18,18,10,-0.915799207906551,8
1928,44,14,25,7,-0.9260507045996424,7
1929,39,26,104,13,-0.9266699265535011,13
1930,83,22,25,12,-0.9290503981463769,10
1931,93,32,8,16,-0.9298196160455592,16
1932,8,12,49,7,-0.934404378662043,5
1933,76,20,37,9,-0.9426294102072454,11
1934,74,38,87,20,-0.9489215682392524,18
1935,25,27,63,15,-0.9527168084783868,12
1936,5,14,14,8,-0.9561035605846475,6
1937,87,44,96,22,-0.9639736076499452,22
1938,28,67,106,35,-0.9916026418837889,32
1939,71,10,109,5,-0.9970275319814981,5
1940,60,23,87,12,-1.001342076313842,11
1941,70,22,20,11,-1.00377795376817,11
1942,95,29,87,15,-1.0109411688585377,14
1943,80,23,20,12,-1.0138169865719233,11
1944,33,10,70,5,-1.0222975969230645,5
1945,80,17,87,9,-1.023110569915149,8
1946,60,26,51,14,-1.0317231530020419,12
1947,74,11,88,7,-1.0435584336015389,4
1948,28,16,33,7,-1.0436942408383059,9
1949,107,38,106,20,-1.048395003392752,18
1950,49,23,16,13,-1.0511839451073195,10
1951,95,10,80,5,-1.0516970090952036,5
1952,104,10,57,7,-1.0556503163744377,3
1953,20,14,39,6,-1.0673965411691182,8
1954,107,59,84,30,-1.06846180452473,29
1955,37,20,67,11,-1.0707700527635244,9
1956,28,10,49,6,-1.0717317502989343,4
1957,55,33,83,16,-1.0771475436917033,17
1958,8,11,111,5,-1.0802670243020815,6
1959,20,67,86,35,-1.090808542947844,32
1960,109,16,83,7,-1.0939664342434439,9
1961,54,47,5,25,-1.094436857117606,22
1962,16,15,6,7,-1.1000063982418324,8
1963,51,11,69,5,-1.1042497201355013,6
1964,5,16,53,9,-1.1100089939054691,7
1965,5,39,13,20,-1.1249218143526365,19
1966,48,14,20,8,-1.1319086574299342,6
1967,106,25,7,12,-1.1583556659237946,13
1968,8,40,2,20,-1.1594572352270007,20
1969,9,11,51,6,-1.1608030835319718,5
1970,93,19,88,9,-1.1761331934222976,10
1971,28,14,57,7,-1.181209603674041,7
1972,28,83,86,44,-1.190260539768478,39
1973,7,28,9,16,-1.1919371776779024,12
1974,109,25,25,13,-1.1927554377225942,12
1975,40,18,53,9,-1.1980857598588637,9
1976,51,30,75,15,-1.2134649542248066,15
1977,65,26,75,13,-1.2239442670517477,13
1978,76,38,106,18,-1.2272739860837023,20
1979,88,21,97,10,-1.2286481129273579,11
1980,98,19,54,10,-1.2379162985927636,9
1981,75,10,47,5,-1.2417859347593179,5
1982,84,19,109,10,-1.2452486060748378,9
1983,39,37,7,20,-1.2516496983657772,17
1984,14,12,65,6,-1.259382814831276,6
1985,17,18,114,10,-1.2631717601516688,8
1986,73,18,28,10,-1.2674667464036864,8
1987,96,37,84,18,-1.2684027154450674,19
1988,76,10,62,5,-1.2686993930037296,5
1989,55,41,87,22,-1.2726321489984769,19
1990,37,34,17,16,-1.272737546498424,18
1991,60,12,106,6,-1.2795484772851262,6
1992,54,56,50,29,-1.286536734186336,27
1993,114,30,104,17,-1.2941265458183857,13
1994,114,14,7,7,-1.2957242481712299,7
1995,102,10,70,4,-1.3043211125718082,6
1996,8,16,10,9,-1.3145513780375313,7
1997,88,40,87,20,-1.3307981843325045,20
1998,54,13,23,7,-1.3347092168121735,6
1999,37,66,8,34,-1.3357403383797612,32
2000,90,17,84,9,-1.3434141546201466,8
2001,28,17,79,9,-1.3443965025775715,8
2002,109,24,104,12,-1.3448623515902252,12
2003,28,63,8,34,-1.3532960511779586,29
2004,68,14,107,8,-1.360390111153325,6
2005,30,26,25,12,-1.3633847180345777,14
2006,75,12,97,5,-1.365095248526459,7
2007,76,11,90,5,-1.371109786983603,6
2008,85,17,86,9,-1.3738528392472158,8
2009,50,13,97,6,-1.3748102351512186,7
2010,28,48,11,24,-1.3816823064618546,24
2011,12,12,39,6,-1.3850490174415748,6
2012,97,19,83,9,-1.386098350195291,10
2013,16,59,25,31,-1.3929676943202618,28
2014,84,27,55,14,-1.3965203244162752,13
2015,86,36,40,21,-1.4062834053488318,15
2016,7,32,104,17,-1.4088972734475997,15
2017,53,24,39,14,-1.4109733429819429,10
2018,11,15,102,9,-1.4114820984859553,6
2019,54,40,87,22,-1.413184761813326,18
2020,98,10,74,5,-1.417749699278812,5
2021,109,20,106,11,-1.4211012661720264,9
2022,110,14,106,7,-1.425859572556296,7
2023,40,18,63,10,-1.4270950624577134,8
2024,54,12,91,6,-1.4331424659599221,6
2025,40,13,70,7,-1.4361799475699388,6
2026,89,14,28,8,-1.4639788382157586,6
2027,41,28,88,14,-1.468092588473848,14
2028,109,43,86,22,-1.4710886828305458,21
2029,16,28,20,16,-1.4722421968299606,12
2030,106,16,102,8,-1.4908896648943564,8
2031,9,13,70,7,-1.5045631213076247,6
2032,114,24,88,13,-1.5135173346862076,11
2033,55,12,46,7,-1.514859018089955,5
2034,2,17,16,9,-1.5157503924432272,8
2035,38,16,63,9,-1.5200571229695952,7
2036,4,11,39,6,-1.520515328163129,5
2037,37,14,35,7,-1.523131742310598,7
2038,9,11,106,6,-1.5258731144316215,5
2039,62,21,86,11,-1.528129568212373,10
2040,83,19,106,11,-1.531176804791276,8
2041,11,39,50,21,-1.5332241488733842,18
2042,17,19,8,9,-1.5403077254917807,10
2043,11,10,40,5,-1.555415211386489,5
2044,68,16,63,8,-1.557999197932964,8
2045,90,11,70,6,-1.5691735166520102,5
2046,80,18,84,10,-1.5709420282215925,8
2047,87,17,68,9,-1.5747539846864025,8
2048,25,15,2,7,-1.5845186001024019,8
2049,39,23,95,12,-1.5861677629693829,11
2050,97,15,87,9,-1.5955525726894844,6
2051,97,16,109,9,-1.6022431108951523,7
2052,75,31,55,14,-1.6078824585328735,17
2053,70,25,63,13,-1.612262611699524,12
2054,88,49,55,27,-1.6154630922330873,22
2055,27,12,68,6,-1.6328759902689285,6
2056,60,20,8,11,-1.6641205129510446,9
2057,86,76,63,42,-1.665062155456317,34
2058,109,11,32,5,-1.666013339769578,6
2059,65,63,16,34,-1.670722234982645,29
2060,5,15,77,8,-1.671856388698709,7
2061,73,14,96,7,-1.6753693979758282,7
2062,96,29,76,16,-1.676273070644297,13
2063,63,52,65,27,-1.6790787668239013,25
2064,46,25,87,12,-1.6819991140712227,13
2065,7,10,70,5,-1.6865389444370251,5
2066,33,14,86,8,-1.695644515086867,6
2067,76,13,84,7,-1.710890300241341,6
2068,85,10,74,5,-1.7134982697618457,5
2069,28,25,95,14,-1.7143083531485501,11
2070,13,12,9,7,-1.7226701034980332,5
2071,11,13,60,6,-1.729783938603551,7
2072,51,35,88,19,-1.7397036536182058,16
2073,29,10,75,5,-1.7461509403171567,5
2074,107,10,79,6,-1.7505887367760633,4
2075,70,26,84,14,-1.7530345342228948,12
2076,46,31,51,18,-1.7628034887369395,13
2077,107,55,96,30,-1.778106151539944,25
2078,16,23,48,13,-1.7794429962560583,10
2079,90,25,37,13,-1.7816453937181784,12
2080,46,21,97,11,-1.7824502760939194,10
2081,104,13,30,7,-1.7857310633357777,6
2082,18,11,55,5,-1.7886159777640436,6
2083,25,26,95,13,-1.7915870343345555,13
2084,37,20,2,10,-1.7943143656917857,10
2085,88,38,106,22,-1.8099801281733543,16
2086,74,53,107,29,-1.8178592085941223,24
2087,99,13,102,7,-1.8212893413036864,6
2088,87,10,94,5,-1.8330912777415755,5
2089,64,12,55,7,-1.837130413976068,5
2090,51,46,37,22,-1.8410186071468577,24
2091,36,16,65,9,-1.843670918836087,7
2092,114,18,50,10,-1.8469975740050815,8
2093,106,12,34,7,-1.848042404417825,5
2094,55,55,86,29,-1.850582022571885,26
2095,84,17,2,9,-1.859443252903194,8
2096,5,95,37,49,-1.865428870342572,46
2097,28,44,37,24,-1.8670737685584557,20
2098,17,13,74,7,-1.8676704113074127,6
2099,76,15,20,7,-1.871704245089016,8
2100,37,18,98,9,-1.8817953145609947,9
2101,74,48,16,26,-1.8818651609735453,22
2102,96,49,5,27,-1.889094828391433,22
2103,91,26,5,15,-1.8922517003046981,11
2104,86,20,49,10,-1.8976322802746393,10
2105,108,14,74,7,-1.8987503296630384,7
2106,65,34,74,18,-1.90209120333685,16
2107,40,31,60,17,-1.9033289648931253,14
2108,39,17,70,8,-1.9157212262198098,9
2109,96,14,30,7,-1.9170201840499566,7
2110,76,11,99,5,-1.9173589523208336,6
2111,86,32,23,18,-1.9182051181478563,14
2112,75,10,112,5,-1.9289326018714505,5
2113,84,30,87,16,-1.9310332903828082,14
2114,57,15,25,8,-1.9367936004868347,7
2115,104,10,64,6,-1.9410731528407539,4
2116,70,34,106,19,-1.9471218681408484,15
2117,107,22,98,12,-1.948288667981822,10
2118,107,13,18,7,-1.951814757242019,6
2119,43,10,25,7,-1.9520645077419574,3
2120,55,50,13,27,-1.9539400479817826,23
2121,17,19,106,11,-1.9601546930788794,8
2122,75,12,2,7,-1.9694128550530146,5
2123,13,45,65,23,-1.9744244046045216,22
2124,86,82,16,45,-1.974675720559086,37
2125,40,10,35,5,-1.9769540153658158,5
2126,68,23,75,11,-1.9869107593751976,12
2127,63,53,107,26,-1.9923180428957599,27
2128,35,10,84,5,-1.996508314062219,5
2129,11,38,46,21,-1.9985912350445674,17
2130,99,10,33,5,-1.9995697947435764,5
2131,107,46,88,25,-2.0078030705034657,21
2132,90,36,8,20,-2.01946478207178,16
2133,70,23,76,12,-2.0205668013908817,11
2134,73,12,55,6,-2.024829564390717,6
2135,70,14,13,8,-2.0323282225360066,6
2136,15,16,99,9,-2.037516885099592,7
2137,60,24,90,14,-2.039727571926182,10
2138,75,26,88,13,-2.0487434487758263,13
2139,106,30,97,15,-2.0644256996528543,15
2140,98,21,16,11,-2.0672287007178314,10
2141,25,26,50,13,-2.0720055901853556,13
2142,46,15,57,8,-2.074703746609149,7
2143,7,16,8,8,-2.075952410035242,8
2144,63,10,82,5,-2.0779758612966877,5
2145,65,28,23,14,-2.0787670145394945,14
2146,109,12,75,7,-2.0863708847947433,5
2147,18,14,8,7,-2.0890500090658657,7
2148,106,10,40,5,-2.0918702037357386,5
2149,75,15,91,5,-2.0918744194384904,10
2150,60,39,77,21,-2.09573583998731,18
2151,5,62,28,32,-2.10037433995057,30
2152,107,28,13,14,-2.1057535123994318,14
2153,63,36,87,18,-2.1105723154633473,18
2154,55,29,60,16,-2.113730889641721,13
2155,30,13,48,6,-2.114145406665778,7
2156,84,15,25,8,-2.118395686595601,7
2157,90,29,107,15,-2.1196846881008575,14
2158,89,10,41,5,-2.1249948420964526,5
2159,33,15,8,9,-2.1294027544913625,6
2160,93,13,70,7,-2.1349452441535393,6
2161,106,14,73,7,-2.1399583589315894,7
2162,50,16,109,8,-2.1420450648202096,8
2163,87,19,2,10,-2.1505411632732674,9
2164,68,26,65,14,-2.1522262803774685,12
2165,63,17,46,8,-2.154361145113282,9
2166,40,10,28,5,-2.1553702086165254,5
2167,29,10,23,5,-2.1610971150686176,5
2168,75,10,64,5,-2.161929685109979,5
2169,55,20,111,11,-2.1630144850271353,9
2170,63,47,16,25,-2.166839182108281,22
2171,98,14,51,8,-2.172291215705228,6
2172,68,14,91,8,-2.1742258368067766,6
2173,74,64,8,36,-2.1866220406514896,28
2174,14,11,96,6,-2.19268862994012,5
2175,55,43,107,23,-2.194044985473454,20
2176,48,23,8,13,-2.2004165749645987,10
2177,65,14,77,7,-2.2011849181716925,7
2178,84,24,37,13,-2.2012234645498956,11
2179,2,28,86,14,-2.2092021993038244,14
2180,86,56,65,30,-2.209206911899258,26
2181,3,10,28,6,-2.2170154466950462,4
2182,100,16,28,9,-2.2255414738387724,7
2183,50,37,106,21,-2.225933629118432,16
2184,107,54,54,29,-2.2276425220621663,25
2185,8,23,76,12,-2.2293930206952894,11
2186,74,27,20,15,-2.230377352624161,12
2187,4,11,65,6,-2.23547940586336,5
2188,9,15,75,6,-2.2377756492494085,9
2189,15,21,16,12,-2.24111654358826,9
2190,90,40,86,22,-2.252009765285282,18
2191,28,34,46,20,-2.254966612496791,14
2192,86,83,106,43,-2.2627817906181558,40
2193,108,10,75,5,-2.2657704587761325,5
2194,96,66,28,35,-2.2674069446039327,31
2195,60,16,36,8,-2.276452922140439,8
2196,18,23,51,13,-2.279914851691796,10
2197,13,14,20,7,-2.2829752214595276,7
2198,16,29,90,17,-2.2849821824969294,12
2199,65,13,31,6,-2.2929442301097582,7
2200,96,36,106,20,-2.2984565902488896,16
2201,38,20,86,11,-2.3173947721062502,9
2202,70,30,107,16,-2.3257523274084737,14
2203,51,25,50,13,-2.3323232012179407,12
2204,43,11,37,7,-2.33260542076611,4
2205,16,26,41,14,-2.335228792530654,12
2206,11,12,33,5,-2.336303729576231,7
2207,46,14,114,8,-2.345233267827877,6
2208,109,14,48,8,-2.3615030071790217,6
2209,5,23,99,12,-2.3616219022642833,11
2210,7,28,41,15,-2.376775752449968,13
2211,95,33,104,18,-2.376959906865749,15
2212,25,20,15,12,-2.380758889536655,8
2213,106,37,55,21,-2.3810565798343375,16
2214,109,16,51,10,-2.3852439011289586,6
2215,109,20,20,12,-2.3908375286297607,8
2216,68,22,88,12,-2.3919680366210043,10
2217,51,22,70,11,-2.394448723174666,11
2218,84,14,93,8,-2.3958694367553792,6
2219,97,27,25,15,-2.4001130715079033,12
2220,86,19,99,11,-2.400382898068693,8
2221,50,22,17,11,-2.403392331478124,11
2222,70,17,25,9,-2.4059439548438926,8
2223,74,30,97,16,-2.4074183939615588,14
2224,86,13,110,7,-2.4084031140746323,6
2225,50,39,87,20,-2.409042415929656,19
2226,88,10,81,5,-2.411097045225806,5
2227,4,11,86,6,-2.41302429419825,5
2228,99,11,109,6,-2.419517402501058,5
2229,107,22,91,12,-2.4240991683148194,10
2230,99,21,87,12,-2.432411032680885,9
2231,97,17,20,9,-2.4355837212433706,8
2232,65,29,8,15,-2.438665596073666,14
2233,16,48,104,25,-2.4421458880451965,23
2234,50,10,32,4,-2.4440541907162716,6
2235,39,21,18,11,-2.4497099908740387,10
2236,5,48,46,27,-2.452279517290662,21
2237,49,14,54,7,-2.454208065190869,7
2238,68,14,46,8,-2.460292524095883,6
2239,88,65,8,35,-2.4612917000372785,30
2240,65,24,97,13,-2.462587297659976,11
2241,51,38,8,20,-2.462849602687563,18
2242,20,39,8,21,-2.4774464429650904,18
2243,17,28,51,16,-2.4842837769178354,12
2244,18,12,60,7,-2.489438198061326,5
2245,109,18,37,10,-2.5010134043415313,8
2246,37,55,107,30,-2.511119120051266,25
2247,90,21,55,10,-2.5152743292271547,11
2248,38,18,107,10,-2.521666584869653,8
2249,87,14,36,7,-2.5281752879458814,7
2250,109,15,76,9,-2.5285469015591193,6
2251,46,12,7,7,-2.5294053470307802,5
2252,95,15,63,8,-2.5575094114278856,7
2253,63,10,83,4,-2.557624644664858,6
2254,43,14,88,7,-2.5609084858006272,7
2255,69,10,11,6,-2.5690379571615622,4
2256,11,12,7,6,-2.5694517392774414,6
2257,28,24,80,13,-2.570555603447683,11
2258,63,17,7,8,-2.576212965868338,9
2259,68,12,23,6,-2.586746368662149,6
2260,80,12,104,6,-2.5977540631792615,6
2261,5,23,39,12,-2.597769813737307,11
2262,65,26,39,13,-2.6008484647615475,13
2263,86,36,30,20,-2.6049883984587345,16
2264,76,10,34,5,-2.6159550332149113,5
2265,75,11,36,6,-2.61996581755305,5
2266,68,11,64,6,-2.630202383228566,5
2267,104,26,76,14,-2.640434575214534,12
2268,16,25,114,12,-2.6410084813197994,13
2269,5,60,16,35,-2.643518445682432,25
2270,5,47,109,24,-2.6519452143647766,23
2271,25,36,28,21,-2.653080526503112,15
2272,91,13,74,7,-2.658254293210725,6
2273,31,11,51,7,-2.6619861326378738,4
2274,60,25,65,15,-2.6699512114751798,10
2275,8,27,71,14,-2.679194401362514,13
2276,88,17,18,10,-2.680839122245526,7
2277,88,24,27,11,-2.6839869452466156,13
2278,39,10,43,6,-2.6925730915157633,4
2279,68,20,39,10,-2.716508058724645,10
2280,86,42,13,24,-2.724196601992434,18
2281,87,88,86,45,-2.7401645761636555,43
2282,84,16,14,9,-2.744202009506241,7
2283,55,18,25,10,-2.748785644454604,8
2284,11,15,14,9,-2.753683750814255,6
2285,48,14,65,8,-2.7586384168294438,6
2286,107,44,11,24,-2.75870917523516,20
2287,51,28,106,15,-2.764876021531123,13
2288,31,10,9,6,-2.765938219627382,4
2289,10,11,5,5,-2.7716738654503192,6
2290,53,17,25,9,-2.774786838502579,8
2291,104,36,8,19,-2.7794749735414097,17
2292,7,38,107,22,-2.783775823935713,16
2293,37,45,20,24,-2.7863088238660243,21
2294,6,10,88,6,-2.7938858775082798,4
2295,50,15,79,9,-2.7998338113931363,6
2296,18,16,104,9,-2.8046551455186632,7
2297,41,15,99,8,-2.808167291861728,7
2298,74,22,75,13,-2.809934258633541,9
2299,34,12,63,7,-2.81000032908768,5
2300,20,29,88,14,-2.828335303414235,15
2301,46,41,86,23,-2.830781053281953,18
2302,25,22,23,12,-2.8322220847423263,10
2303,65,19,12,11,-2.8347625330947044,8
2304,57,21,87,12,-2.842460195115371,9
2305,16,41,95,21,-2.8502566559320006,20
2306,17,22,16,13,-2.869944125440124,9
2307,37,19,91,10,-2.9050960547005253,9
2308,51,15,14,9,-2.9073721712530443,6
2309,64,16,7,8,-2.9123205739156903,8
2310,88,30,11,16,-2.917772547017382,14
2311,98,12,97,7,-2.9183345258744953,5
2312,65,15,99,8,-2.925348959200731,7
2313,40,11,18,6,-2.9290540079595964,5
2314,107,27,23,15,-2.9345761039000204,12
2315,95,18,20,10,-2.9442775418414966,8
2316,17,28,86,14,-2.94742778634219,14
2317,83,22,104,13,-2.957808958542738,9
2318,88,16,62,9,-2.959487921171801,7
2319,88,10,12,6,-2.961164195337333,4
2320,43,14,13,8,-2.9683735444210546,6
2321,95,11,15,6,-2.9708859793353706,5
2322,84,12,10,7,-2.980259678929739,5
2323,63,15,13,9,-2.9904556427756623,6
2324,51,12,12,7,-2.9909245715388835,5
2325,63,49,106,26,-2.99417254272717,23
2326,102,12,97,7,-2.99432300504723,5
2327,5,59,104,31,-2.9970663239960813,28
2328,86,31,114,18,-3.0066342387955447,13
2329,104,30,87,15,-3.0187790494931854,15
2330,39,33,8,17,-3.028875288162882,16
2331,84,15,75,8,-3.0305846141219575,7
2332,63,26,75,14,-3.0306179578107506,12
2333,48,21,84,12,-3.0347277834877144,9
2334,68,11,70,6,-3.0356846303086455,5
2335,96,13,38,7,-3.0422152322461713,6
2336,75,15,114,8,-3.047757418271125,7
2337,104,11,23,7,-3.0484914587139618,4
2338,88,28,96,14,-3.0532343196114025,14
2339,13,31,49,16,-3.0593615528658855,15
2340,55,14,48,8,-3.0636269177668387,6
2341,7,15,49,9,-3.0771155742837935,6
2342,91,27,28,15,-3.0909280045200798,12
2343,54,22,17,11,-3.09293116749158,11
2344,68,14,99,8,-3.100103615084465,6
2345,44,12,65,6,-3.103105872794513,6
2346,86,16,64,9,-3.106297132113329,7
2347,16,11,52,6,-3.1090472473690998,5
2348,54,11,15,6,-3.1252951216765847,5
2349,1,17,88,9,-3.129185086185113,8
2350,54,23,80,12,-3.1299020659812853,11
2351,106,22,95,13,-3.1374807998128023,9
2352,107,63,87,34,-3.147163670551523,29
2353,7,52,13,28,-3.1521353683738793,24
2354,65,43,7,21,-3.1548617597835804,22
2355,74,14,90,9,-3.168061351028922,5
2356,41,11,57,7,-3.1749646912296132,4
2357,86,19,9,11,-3.184061740151893,8
2358,13,24,99,13,-3.1869164042235187,11
2359,54,69,86,37,-3.1888799872804525,32
2360,25,59,86,31,-3.195465833963126,28
2361,8,70,86,37,-3.196385224742072,33
2362,60,38,7,18,-3.2064098892821047,20
2363,30,15,99,8,-3.213327358649565,7
2364,18,16,25,10,-3.2198145252234087,6
2365,88,11,14,6,-3.2206098277423347,5
2366,74,11,12,6,-3.2267097800337137,5
2367,54,14,85,8,-3.239753980711634,6
2368,20,25,11,15,-3.245274337075932,10
2369,63,10,30,6,-3.254074696673354,4
2370,60,34,13,19,-3.2577958806801717,15
2371,16,45,11,27,-3.259513442909689,18
2372,84,72,86,36,-3.2610166651310077,36
2373,107,72,86,38,-3.2622929091300734,34
2374,67,13,114,7,-3.274670651234843,6
2375,50,10,71,6,-3.300812706273156,4
2376,18,10,4,6,-3.3032826745965727,4
2377,95,16,70,8,-3.3075112398485507,8
2378,23,17,75,9,-3.307549596673082,8
2379,97,17,70,9,-3.327552349585108,8
2380,45,10,16,6,-3.3397556661602676,4
2381,33,13,75,8,-3.342736023465549,5
2382,9,10,20,6,-3.353443346624384,4
2383,8,22,14,13,-3.3634201583462153,9
2384,62,21,16,12,-3.365085356146172,9
2385,13,25,4,15,-3.369940437726052,10
2386,37,16,80,9,-3.3888912531414834,7
2387,68,17,40,9,-3.3908693707776685,8
2388,71,25,75,15,-3.3995010157384034,10
2389,30,16,51,8,-3.410495384885033,8
2390,95,14,53,7,-3.4121798412237294,7
2391,114,22,54,11,-3.415804771482276,11
2392,32,17,86,9,-3.4193017987895304,8
2393,13,44,16,25,-3.420140440860008,19
2394,17,19,13,11,-3.4218843529498795,8
2395,109,25,87,15,-3.438248375396607,10
2396,13,12,33,7,-3.4385024274137703,5
2397,102,10,75,6,-3.4391155267314995,4
2398,57,15,97,8,-3.44354434668938,7
2399,40,36,13,20,-3.4466576833639673,16
2400,64,17,53,9,-3.448090735888574,8
2401,5,23,33,12,-3.454327509177194,11
2402,8,63,16,35,-3.460200287173046,28
2403,7,10,33,5,-3.461965742090354,5
2404,23,30,13,14,-3.4634921764215414,16
2405,75,27,13,15,-3.4740651410533645,12
2406,51,21,53,11,-3.4747331305839593,10
2407,65,28,70,17,-3.478419403846197,11
2408,49,29,39,17,-3.482221210670832,12
2409,65,14,109,9,-3.4929763691198903,5
2410,54,30,104,16,-3.494678026548527,14
2411,84,15,91,8,-3.5069437670955055,7
2412,46,21,20,13,-3.51090539647306,8
2413,65,33,25,19,-3.5115873311153125,14
2414,107,41,65,23,-3.5236677042176723,18
2415,110,10,87,6,-3.5295519129657293,4
2416,68,16,104,9,-3.5445953540990027,7
2417,11,20,76,12,-3.545061788623662,8
2418,11,17,13,10,-3.548021811585019,7
2419,63,25,97,14,-3.559641400411643,11
2420,46,34,13,19,-3.572433820222334,15
2421,69,10,70,6,-3.577006655469959,4
2422,39,28,63,17,-3.5868034831779676,11
2423,18,23,53,12,-3.5887298365146405,11
2424,95,10,97,6,-3.58943247133478,4
2425,13,11,108,7,-3.592382740212943,4
2426,98,19,28,12,-3.593034409386323,7
2427,39,11,48,6,-3.594601769104413,5
2428,50,24,13,14,-3.6058666646899353,10
2429,86,26,91,15,-3.613221536376561,11
2430,30,14,50,8,-3.615631638334464,6
2431,88,18,2,10,-3.622057619576315,8
2432,16,12,4,7,-3.63044457830495,5
2433,37,20,30,12,-3.640395609700316,8
2434,88,20,53,12,-3.64857150609908,8
2435,50,10,62,6,-3.6657345895143245,4
2436,88,10,79,6,-3.6658466896877493,4
2437,106,31,20,18,-3.6670765571458195,13
2438,96,53,8,30,-3.668741625247303,23
2439,11,41,55,25,-3.6751670322630714,16
2440,88,24,40,13,-3.6852498785479106,11
2441,84,20,46,12,-3.686829488531012,8
2442,30,15,75,8,-3.6896953532209826,7
2443,55,28,7,15,-3.6946197673317487,13
2444,54,48,16,27,-3.695210707305645,21
2445,50,14,89,7,-3.697778125616005,7
2446,102,28,28,15,-3.699783063019897,13
2447,5,59,74,32,-3.715039739995446,27
2448,107,25,95,13,-3.721321768434082,12
2449,8,21,97,11,-3.7245036436776515,10
2450,87,10,6,6,-3.7330820078347076,4
2451,80,19,16,10,-3.734863526774762,9
2452,76,16,97,8,-3.7370860130894323,8
2453,107,12,9,8,-3.750191205951907,4
2454,95,32,54,17,-3.755258484712917,15
2455,46,18,95,11,-3.7565415384009433,7
2456,104,45,107,26,-3.756641135498071,19
2457,65,22,53,11,-3.768941856194211,11
2458,71,10,80,5,-3.791264767099547,5
2459,39,11,77,6,-3.791378785799657,5
2460,18,11,31,7,-3.7918067318061977,4
2461,86,74,74,40,-3.806545784462189,34
2462,68,11,71,6,-3.8071954572931124,5
2463,88,14,64,8,-3.8105053234380315,6
2464,5,16,110,9,-3.8138584796050923,7
2465,86,29,60,16,-3.8143484694524363,13
2466,76,18,98,11,-3.8277911803923956,7
2467,71,18,65,10,-3.828054962841435,8
2468,28,19,30,11,-3.8298077885882953,8
2469,50,13,108,8,-3.8299657646620924,5
2470,51,23,25,13,-3.8366454931777065,10
2471,8,27,83,14,-3.8382150032056903,13
2472,75,21,106,10,-3.8605003548235586,11
2473,65,24,83,13,-3.865031238776082,11
2474,104,24,96,14,-3.8706241075776626,10
2475,23,16,95,8,-3.8860544765791154,8
2476,51,37,54,20,-3.900510354202894,17
2477,81,11,86,7,-3.900664764794557,4
2478,37,26,102,15,-3.901578428361024,11
2479,68,16,31,9,-3.905837031302763,7
2480,10,11,97,5,-3.9207678088340043,6
2481,2,28,5,16,-3.923277825320168,12
2482,7,64,16,34,-3.933868958332119,30
2483,83,10,102,6,-3.9358085201394077,4
2484,97,10,80,6,-3.9365866928471034,4
2485,88,19,15,11,-3.957478381988093,8
2486,88,31,49,17,-3.9580147221204207,14
2487,93,24,74,13,-3.960101768879081,11
2488,69,12,37,7,-3.9709549460906977,5
2489,13,11,14,7,-3.983254255856211,4
2490,40,22,16,12,-3.9840533271977843,10
2491,39,18,27,8,-3.9885890078162425,10
2492,33,11,90,7,-4.003292593732326,4
2493,107,34,75,21,-4.020326517107878,13
2494,74,44,37,24,-4.033137310869005,20
2495,28,33,13,19,-4.033447367470073,14
2496,28,13,35,7,-4.0366654617090365,6
2497,79,13,11,6,-4.047561716338114,7
2498,41,14,60,8,-4.0497535460972305,6
2499,8,30,50,15,-4.053798361230284,15
2500,46,14,83,7,-4.055902658620627,7
2501,54,53,96,28,-4.06814127330106,25
2502,54,31,55,17,-4.07249295432044,14
2503,16,34,30,20,-4.084532797345256,14
2504,93,20,83,11,-4.100880722204593,9
2505,63,15,44,8,-4.101273138655781,7
2506,25,26,87,14,-4.102463690405522,12
2507,29,12,7,6,-4.1053574790426435,6
2508,7,13,15,7,-4.117095636679336,6
2509,67,13,86,7,-4.131604740801435,6
2510,16,40,75,23,-4.136606569502713,17
2511,13,16,71,9,-4.141509484690017,7
2512,98,15,7,9,-4.141548633836306,6
2513,73,13,20,8,-4.146065391689571,5
2514,8,22,30,13,-4.150524980229852,9
2515,33,11,74,6,-4.152065435529707,5
2516,60,14,5,8,-4.1550252161435335,6
2517,95,20,60,12,-4.156384552080203,8
2518,106,14,71,8,-4.156896719734132,6
2519,8,10,27,5,-4.157252461422869,5
2520,28,40,87,22,-4.161796757953555,18
2521,8,25,13,14,-4.16945465200299,11
2522,75,29,28,17,-4.173159235209231,12
2523,40,21,25,12,-4.184511628636794,9
2524,65,43,104,24,-4.200812265693097,19
2525,9,19,65,10,-4.206785428644226,9
2526,41,13,70,7,-4.217600484617061,6
2527,5,58,88,32,-4.221472474474537,26
2528,37,31,88,18,-4.224270631924043,13
2529,25,15,71,8,-4.22821184042616,7
2530,50,38,16,22,-4.228613851151325,16
2531,84,11,30,7,-4.231660063143013,4
2532,60,30,39,17,-4.249205590460688,13
2533,20,46,107,25,-4.252499613694278,21
2534,64,14,25,8,-4.256793058259619,6
2535,96,35,20,20,-4.257594587954791,15
2536,50,16,40,10,-4.260254553301021,6
2537,12,11,74,6,-4.2613914965588835,5
2538,84,10,114,6,-4.276636908378795,4
2539,25,24,75,14,-4.277372987760686,10
2540,63,34,74,19,-4.284478405701849,15
2541,55,38,37,20,-4.301606273781788,18
2542,13,26,74,15,-4.30603818747095,11
2543,54,23,93,14,-4.30725130512391,9
2544,63,15,9,9,-4.307570480889335,6
2545,36,10,51,5,-4.319862320940802,5
2546,27,11,6,6,-4.320589105702402,5
2547,88,20,30,11,-4.322600096754097,9
2548,28,37,55,23,-4.325384868124247,14
2549,7,13,1,7,-4.327091471232501,6
2550,106,33,84,17,-4.32801946762649,16
2551,100,21,16,12,-4.330573675976946,9
2552,114,22,102,13,-4.331076584650545,9
2553,82,20,86,12,-4.3319380690325975,8
2554,25,20,41,13,-4.342470395791372,7
2555,65,40,87,23,-4.346935541417732,17
2556,17,17,46,9,-4.350816122366196,8
2557,84,12,34,6,-4.355418008053163,6
2558,5,113,86,65,-4.357059130864303,48
2559,96,38,63,23,-4.376849709142973,15
2560,71,18,30,10,-4.383365556036494,8
2561,55,20,36,11,-4.398592544427244,9
2562,18,10,36,6,-4.401137892231647,4
2563,51,25,40,14,-4.416616133168668,11
2564,107,11,85,6,-4.458201254276332,5
2565,32,18,37,10,-4.466542082918519,8
2566,57,10,91,5,-4.468260927215542,5
2567,97,17,7,10,-4.468356928223329,7
2568,40,10,31,6,-4.477926066871571,4
2569,37,15,93,9,-4.4934456656390305,6
2570,71,30,60,16,-4.505888233555722,14
2571,8,12,79,8,-4.523368231395376,4
2572,87,21,83,11,-4.5238867039340604,10
2573,108,13,86,7,-4.525807877036373,6
2574,40,17,87,10,-4.52617400544544,7
2575,7,23,28,13,-4.528076594083072,10
2576,97,22,54,12,-4.535944223800905,10
2577,102,24,8,13,-4.537070383836358,11
2578,37,57,87,33,-4.539833156564566,24
2579,28,43,20,25,-4.544189476783364,18
2580,3,10,25,5,-4.546247932856727,5
2581,16,19,111,10,-4.547702363564986,9
2582,67,13,109,6,-4.5540965230597985,7
2583,23,14,70,8,-4.554568026577778,6
2584,107,23,17,13,-4.556628194816713,10
2585,95,14,99,8,-4.572737764013027,6
2586,111,11,107,6,-4.573690503278878,5
2587,90,29,54,16,-4.579893896725853,13
2588,53,24,13,14,-4.581490759933005,10
2589,33,15,25,10,-4.583917339891116,5
2590,95,13,77,7,-4.601493224452909,6
2591,86,53,7,32,-4.612863164665101,21
2592,106,43,54,23,-4.613394421834746,20
2593,109,43,28,26,-4.618123280961818,17
2594,34,13,96,8,-4.620609194568736,5
2595,49,12,75,7,-4.624753097044052,5
2596,88,40,7,23,-4.700618278245129,17
2597,75,40,86,21,-4.704179194238294,19
2598,88,21,92,13,-4.717675433437501,8
2599,106,51,74,29,-4.718099800964193,22
2600,99,17,51,9,-4.721255445811637,8
2601,43,11,106,6,-4.722121789568361,5
2602,23,10,100,5,-4.725037800847511,5
2603,28,65,50,37,-4.7352458176841905,28
2604,84,11,57,7,-4.735926438073419,4
2605,88,11,73,7,-4.740966849993722,4
2606,16,12,110,7,-4.744361952221326,5
2607,77,16,25,9,-4.745845616411638,7
2608,5,30,90,18,-4.752640516818982,12
2609,95,13,84,8,-4.755677362807473,5
2610,50,37,104,22,-4.760473941886917,15
2611,37,36,75,23,-4.761783492346939,13
2612,54,56,20,30,-4.770199196047593,26
2613,65,16,46,10,-4.770389277379545,6
2614,75,12,41,7,-4.7737218707000775,5
2615,54,51,28,30,-4.77471317513782,21
2616,5,12,9,7,-4.777710715122403,5
2617,5,33,76,19,-4.788314400539968,14
2618,60,22,99,12,-4.788512200740043,10
2619,5,24,32,14,-4.788591776396216,10
2620,5,21,100,12,-4.790180113588847,9
2621,28,15,23,8,-4.791243131318297,7
2622,39,38,87,22,-4.7963375777013075,16
2623,108,13,96,7,-4.805162668071275,6
2624,6,12,65,7,-4.808783095927869,5
2625,87,18,75,11,-4.814941727585258,7
2626,70,37,37,22,-4.817822919278335,15
2627,67,15,8,9,-4.8319098461555825,6
2628,83,15,39,9,-4.832639955303303,6
2629,17,17,97,9,-4.8331732637027205,8
2630,95,22,13,13,-4.839189119607627,9
2631,51,30,5,19,-4.841333405150811,11
2632,41,20,51,12,-4.841581156440149,8
2633,50,32,63,19,-4.851166505601919,13
2634,39,20,71,11,-4.853422342910105,9
2635,84,13,38,7,-4.854976710780188,6
2636,100,20,8,12,-4.860106370787934,8
2637,20,30,63,16,-4.86232561538827,14
2638,63,52,8,29,-4.864260653101076,23
2639,9,10,46,5,-4.8661090150719435,5
2640,88,30,25,19,-4.873935976327287,11
2641,97,33,28,20,-4.884868668188754,13
2642,104,11,110,7,-4.886003470603163,4
2643,114,13,100,8,-4.886489949545647,5
2644,3,12,8,5,-4.887819375016217,7
2645,51,55,39,31,-4.888723760085988,24
2646,5,39,83,21,-4.890865835189012,18
2647,41,36,65,22,-4.893988454274595,14
2648,62,13,28,8,-4.895504487935932,5
2649,7,10,34,6,-4.8999742789281955,4
2650,86,60,11,34,-4.911056453426332,26
2651,68,13,41,7,-4.915678587029406,6
2652,5,12,38,7,-4.923519430907612,5
2653,25,29,96,16,-4.925630164170213,13
2654,87,10,78,5,-4.928933903600315,5
2655,106,52,37,28,-4.929607997592943,24
2656,53,13,55,8,-4.932477625900763,5
2657,1,13,68,8,-4.947949111228013,5
2658,88,19,91,11,-4.953605826347504,8
2659,75,16,18,9,-4.960466753404526,7
2660,5,47,55,27,-4.968791694509531,20
2661,107,17,93,10,-4.972813709998716,7
2662,25,13,27,7,-4.983545927288363,6
2663,86,71,37,40,-4.984756436647988,31
2664,36,30,7,17,-4.987264948156265,13
2665,109,14,17,8,-5.001708621140783,6
2666,5,26,93,16,-5.004460526821323,10
2667,107,41,50,23,-5.024688355903747,18
2668,95,13,76,8,-5.029825996184284,5
2669,54,15,60,9,-5.032291728657814,6
2670,27,20,16,13,-5.038848117395627,7
2671,5,19,15,12,-5.041855747243198,7
2672,41,19,106,10,-5.042635492748387,9
2673,80,26,86,14,-5.051644939599721,12
2674,5,45,106,27,-5.052056869360905,18
2675,36,16,99,10,-5.08690767914281,6
2676,54,30,11,17,-5.0896588063796155,13
2677,39,21,41,12,-5.102555963921198,9
2678,70,22,55,13,-5.1032220329288345,9
2679,4,15,77,9,-5.119767617788872,6
2680,107,11,58,7,-5.121507570465872,4
2681,54,13,14,9,-5.139758720068027,4
2682,36,13,86,8,-5.14578177167344,5
2683,73,22,86,12,-5.151945844046347,10
2684,23,20,37,11,-5.153587203140156,9
2685,37,46,16,27,-5.156319944125245,19
2686,8,13,38,8,-5.158625539766782,5
2687,5,12,67,7,-5.159840528973067,5
2688,88,52,54,29,-5.172477532960759,23
2689,7,13,20,7,-5.178540466901105,6
2690,108,13,55,7,-5.197810339207505,6
2691,27,19,107,12,-5.200896691974088,7
2692,107,59,16,36,-5.208591635424401,23
2693,50,49,37,27,-5.22857628659301,22
2694,9,21,88,12,-5.253930539262243,9
2695,20,17,17,10,-5.256441987432859,7
2696,12,10,88,5,-5.275747208914524,5
2697,35,13,88,8,-5.305527424977249,5
2698,65,20,80,12,-5.32370729957773,8
2699,25,30,102,17,-5.328861344822154,13
2700,48,16,106,9,-5.330591930412405,7
2701,107,22,100,11,-5.342655166718831,11
2702,51,78,16,44,-5.347352516379421,34
2703,9,16,87,9,-5.353624653601196,7
2704,63,26,104,15,-5.355601218480842,11
2705,93,26,65,14,-5.36700465054375,12
2706,39,19,84,11,-5.3860841465295675,8
2707,2,25,63,14,-5.3959192809990375,11
2708,67,10,96,5,-5.408732724512928,5
2709,83,15,51,10,-5.415397349279682,5
2710,50,10,83,5,-5.416126776091854,5
2711,7,10,30,7,-5.416410719823541,3
2712,65,31,51,19,-5.425868403168161,12
2713,104,16,32,10,-5.4353295484317545,6
2714,28,10,60,5,-5.435614604566068,5
2715,39,16,64,9,-5.45248093419758,7
2716,49,12,50,7,-5.454154014714142,5
2717,112,10,50,6,-5.456291047139745,4
2718,16,21,109,12,-5.461892685468699,9
2719,18,19,41,11,-5.469715304569553,8
2720,46,34,74,21,-5.475304789089529,13
2721,87,21,23,12,-5.477767310408315,9
2722,83,19,95,12,-5.510188596504647,7
2723,36,17,40,11,-5.514151365554603,6
2724,102,14,33,8,-5.525239013163607,6
2725,109,10,7,6,-5.536665178481001,4
2726,77,14,86,9,-5.53834720150509,5
2727,25,41,8,25,-5.550067480025435,16
2728,10,11,63,7,-5.56040496031845,4
2729,93,22,87,13,-5.565802071262539,9
2730,63,27,55,15,-5.568315530285167,12
2731,107,25,97,13,-5.575264944397934,12
2732,48,11,80,7,-5.594209169092441,4
2733,17,13,4,8,-5.601009834999203,5
2734,88,14,108,8,-5.608453698027055,6
2735,5,43,114,25,-5.6108790968221705,18
2736,17,20,5,13,-5.625033929201381,7
2737,1,17,40,10,-5.627836435204355,7
2738,8,24,73,14,-5.645022963800572,10
2739,50,38,2,22,-5.650047560448175,16
2740,35,11,55,6,-5.650743870496082,5
2741,82,11,54,7,-5.66427830231393,4
2742,99,31,16,18,-5.66581833704302,13
2743,25,10,94,5,-5.671887186214519,5
2744,64,15,87,9,-5.672577041378897,6
2745,95,10,102,6,-5.68531996234082,4
2746,57,12,106,6,-5.685749140437754,6
2747,35,20,20,12,-5.690519984272521,8
2748,75,25,46,15,-5.691502289376634,10
2749,107,21,39,11,-5.69510177817652,10
2750,18,14,100,8,-5.69768401126683,6
2751,55,22,80,12,-5.702005440074988,10
2752,48,13,50,8,-5.707017905103165,5
2753,18,23,13,13,-5.710219551499983,10
2754,9,12,84,7,-5.723245457590759,5
2755,20,35,87,20,-5.726562552686569,15
2756,48,20,11,12,-5.726887293490206,8
2757,70,53,54,31,-5.72767552308842,22
2758,74,16,100,9,-5.736028437636332,7
2759,54,42,46,25,-5.742795031938329,17
2760,110,20,37,11,-5.748786289021979,9
2761,39,11,23,6,-5.780994499014115,5
2762,87,62,16,35,-5.788126639142839,27
2763,55,28,74,16,-5.797157459674131,12
2764,5,39,70,22,-5.812017017327767,17
2765,5,16,40,9,-5.82052725169565,7
2766,77,15,107,9,-5.828375450935679,6
2767,25,19,91,11,-5.828763319756675,8
2768,90,12,46,7,-5.830565699084016,5
2769,87,15,71,8,-5.838621100274336,7
2770,77,10,74,6,-5.876462992127559,4
2771,40,15,97,9,-5.878372345170692,6
2772,60,11,49,7,-5.889051777859122,4
2773,13,13,109,8,-5.898569797188224,5
2774,96,14,60,10,-5.90080951503154,4
2775,25,16,93,9,-5.904464695396422,7
2776,104,18,40,11,-5.9242009395670685,7
2777,109,18,107,12,-5.926400579794739,6
2778,1,10,41,7,-5.936713931085726,3
2779,53,14,106,8,-5.964662256693667,6
2780,54,24,25,14,-5.984288858689811,10
2781,75,11,40,7,-6.006938010180454,4
2782,50,24,39,14,-6.010792416092778,10
2783,17,10,99,6,-6.011623328938978,4
2784,60,15,109,8,-6.026577074635168,7
2785,41,13,20,8,-6.029068160646921,5
2786,37,16,41,10,-6.0292956190760805,6
2787,1,10,37,5,-6.037547835973022,5
2788,32,16,8,9,-6.041444852098721,7
2789,20,15,33,9,-6.052404113154947,6
2790,90,10,91,6,-6.057465510076111,4
2791,55,11,29,7,-6.0636297407404705,4
2792,97,12,51,7,-6.0673448148952005,5
2793,60,19,30,13,-6.068101421901045,6
2794,13,12,100,7,-6.068988765220787,5
2795,5,44,20,27,-6.084413199436969,17
2796,5,12,68,7,-6.084537265067713,5
2797,79,10,55,6,-6.105260957218082,4
2798,86,16,93,10,-6.108088782935806,6
2799,54,23,102,14,-6.1200791508914225,9
2800,97,24,55,15,-6.128965912516969,9
2801,90,22,96,14,-6.131526760597793,8
2802,1,12,75,8,-6.1372401761978495,4
2803,109,34,54,21,-6.139125062485929,13
2804,104,59,37,36,-6.175700710267806,23
2805,88,11,99,6,-6.177037133798533,5
2806,91,12,13,8,-6.185960793246167,4
2807,77,16,55,9,-6.195572885542832,7
2808,33,10,97,6,-6.197569301394056,4
2809,7,33,23,19,-6.228794920959794,14
2810,37,28,13,16,-6.2304098814815685,12
2811,50,20,74,12,-6.2477398899913466,8
2812,75,19,60,12,-6.26269579784089,7
2813,102,18,57,10,-6.264739678585858,8
2814,57,22,8,14,-6.276405634666304,8
2815,17,17,7,11,-6.280459848617263,6
2816,75,15,95,9,-6.3050118671136195,6
2817,2,24,28,15,-6.327861304376494,9
2818,98,15,8,9,-6.332478639002671,6
2819,98,20,11,11,-6.3386776528601825,9
2820,100,16,37,10,-6.343110325621272,6
2821,74,22,73,14,-6.357115716806277,8
2822,23,13,74,8,-6.3699879675856135,5
2823,14,13,107,7,-6.370548692090853,6
2824,16,11,103,7,-6.384231863654396,4
2825,111,12,86,7,-6.385538684815059,5
2826,4,21,7,11,-6.403037552956367,10
2827,36,11,88,7,-6.403683040980391,4
2828,25,16,60,9,-6.405485347041519,7
2829,16,36,60,21,-6.407450762342858,15
2830,23,19,63,12,-6.4146865502013934,7
2831,6,12,44,8,-6.417958090399313,4
2832,88,85,16,52,-6.43350804490961,33
2833,55,56,16,36,-6.4471872894179265,20
2834,53,20,60,12,-6.45198763140791,8
2835,88,27,50,16,-6.454854939095323,11
2836,30,10,100,6,-6.461771751506818,4
2837,28,17,14,11,-6.462988674713606,6
2838,104,40,86,24,-6.498243850038454,16
2839,96,30,50,18,-6.506695896089088,12
2840,104,17,41,11,-6.535227649895295,6
2841,96,20,75,14,-6.539626864970789,6
2842,50,11,27,7,-6.540575751678348,4
2843,111,18,68,11,-6.553586496448938,7
2844,73,10,50,7,-6.568577646848983,3
2845,25,38,107,22,-6.57173510309074,16
2846,84,47,28,28,-6.5786855175404435,19
2847,96,77,86,47,-6.579835199705017,30
2848,70,33,28,20,-6.587580378842006,13
2849,96,27,65,16,-6.593487230396348,11
2850,64,17,83,10,-6.597115059465707,7
2851,50,14,7,8,-6.597321772163718,6
2852,107,19,33,11,-6.618873691013778,8
2853,84,27,8,17,-6.622581044229809,10
2854,109,13,95,8,-6.624370660207741,5
2855,5,48,25,29,-6.626414170343123,19
2856,35,14,16,9,-6.642200850876748,5
2857,99,11,98,6,-6.645057358834166,5
2858,43,11,40,7,-6.649724792712508,4
2859,102,14,63,8,-6.652222601619386,6
2860,71,11,83,6,-6.6562053803338666,5
2861,50,21,95,12,-6.657433489482592,9
2862,95,24,7,14,-6.665683852633804,10
2863,27,24,7,14,-6.6686190744647895,10
2864,37,10,29,6,-6.680734619445758,4
2865,108,19,107,12,-6.681663028489704,7
2866,63,18,41,11,-6.688606500512131,7
2867,39,21,17,13,-6.693454438922507,8
2868,32,11,97,7,-6.7220085367153315,4
2869,51,33,104,21,-6.728840756540836,12
2870,95,13,14,8,-6.731405281187272,5
2871,96,38,74,24,-6.731828732252354,14
2872,7,18,54,10,-6.739912207637535,8
2873,51,15,102,9,-6.749472817285659,6
2874,108,10,48,7,-6.749808304712144,3
2875,96,30,97,17,-6.762245122268197,13
2876,86,15,53,8,-6.770826247743165,7
2877,70,27,88,17,-6.779439228833637,10
2878,98,15,70,10,-6.782158452834324,5
2879,46,39,8,22,-6.790452136276324,17
2880,88,23,39,15,-6.795308081348258,8
2881,5,24,65,14,-6.826704214447485,10
2882,18,28,28,17,-6.828401096604493,11
2883,88,11,44,6,-6.838381834171168,5
2884,25,18,100,10,-6.839947973125936,8
2885,49,14,98,8,-6.852175548516357,6
2886,11,17,75,10,-6.860129083231022,7
2887,28,47,104,28,-6.867595835363374,19
2888,99,15,106,10,-6.882359612487446,5
2889,86,32,98,19,-6.892623578168545,13
2890,91,15,41,10,-6.893895997089624,5
2891,20,11,93,7,-6.911432650296384,4
2892,87,10,44,6,-6.930092376966648,4
2893,88,58,86,33,-6.933344505363015,25
2894,9,19,8,10,-6.958250440081,9
2895,18,15,50,8,-6.975457853882176,7
2896,68,26,16,17,-6.977532359075277,9
2897,17,13,11,8,-6.9847355243406355,5
2898,106,10,6,6,-6.989547350675937,4
2899,5,15,62,9,-6.9927087595973925,6
2900,87,24,76,15,-6.993292012895228,9
2901,50,16,9,10,-6.998855361767971,6
2902,93,12,16,7,-7.007856526653327,5
2903,71,14,62,9,-7.021409408715885,5
2904,84,31,74,17,-7.0251363399754485,14
2905,106,27,80,17,-7.029777914575281,10
2906,65,21,95,13,-7.0438309662805265,8
2907,100,20,104,13,-7.055063125494979,7
2908,49,11,68,6,-7.065794883611326,5
2909,87,23,90,14,-7.067717517445952,9
2910,17,10,1,6,-7.089282944121619,4
2911,72,14,86,9,-7.097565864195886,5
2912,62,12,13,7,-7.106261423982883,5
2913,107,21,41,12,-7.110693899279791,9
2914,79,12,63,8,-7.1114844508040305,4
2915,64,19,16,12,-7.112054053014952,7
2916,87,13,32,8,-7.113585901413378,5
2917,114,12,95,7,-7.1214298671986604,5
2918,98,11,108,7,-7.12982089300973,4
2919,8,29,109,16,-7.137269714662637,13
2920,23,17,8,10,-7.139182279975597,7
2921,109,18,73,11,-7.142307709742033,7
2922,14,14,86,8,-7.166696838482464,6
2923,111,13,28,8,-7.170294628254536,5
2924,55,15,57,8,-7.186289928876395,7
2925,1,13,13,8,-7.196521489296269,5
2926,5,28,97,18,-7.2030892274017075,10
2927,15,20,13,12,-7.226944117697118,8
2928,110,17,8,11,-7.249961918016362,6
2929,50,12,41,8,-7.250027884407809,4
2930,93,12,98,7,-7.251352809271133,5
2931,63,32,51,19,-7.263042167084605,13
2932,70,14,110,9,-7.302453099036632,5
2933,89,11,88,7,-7.3072534677857455,4
2934,20,34,65,22,-7.320804923007769,12
2935,104,18,97,10,-7.327124557030451,8
2936,16,12,72,7,-7.333554822764275,5
2937,106,38,25,24,-7.3615147893147475,14
2938,46,13,109,8,-7.363639283748701,5
2939,74,15,34,10,-7.367415754617588,5
2940,54,17,13,11,-7.370107120111193,6
2941,84,21,16,12,-7.387304706787613,9
2942,20,18,91,10,-7.395662966437773,8
2943,46,41,37,27,-7.398384968299376,14
2944,18,29,7,17,-7.408063107188985,12
2945,18,13,91,8,-7.4165451489159215,5
2946,46,45,25,26,-7.439996628911813,19
2947,18,11,63,7,-7.446741563872579,4
2948,55,16,17,9,-7.461932340099582,7
2949,51,68,86,39,-7.465579029883814,29
2950,48,13,74,7,-7.488504403150373,6
2951,107,22,40,14,-7.490141445664076,8
2952,94,10,86,6,-7.492158076331636,4
2953,71,10,70,5,-7.515715016674823,5
2954,7,13,100,8,-7.516054087603025,5
2955,106,16,98,10,-7.529459965554982,6
2956,74,18,102,11,-7.530680431017048,7
2957,102,18,104,10,-7.533956675469564,8
2958,70,18,114,12,-7.542200625865838,6
2959,70,23,96,12,-7.543405368906036,11
2960,114,25,28,14,-7.565049679539049,11
2961,74,10,69,6,-7.579248302946878,4
2962,60,25,104,17,-7.608625351956835,8
2963,96,18,51,11,-7.611388504075614,7
2964,71,27,16,18,-7.616677174551032,9
2965,87,10,15,6,-7.629777802129095,4
2966,80,22,96,14,-7.6325568595370585,8
2967,16,16,44,9,-7.6351094721495825,7
2968,36,12,31,7,-7.641632049210959,5
2969,96,24,37,14,-7.66584492569651,10
2970,91,12,70,7,-7.6670664101078145,5
2971,48,24,86,15,-7.668739325888133,9
2972,106,28,90,18,-7.670984333772028,10
2973,11,32,5,20,-7.6874421575338765,12
2974,70,13,46,8,-7.705270409518368,5
2975,28,46,88,29,-7.712000490585732,17
2976,71,16,7,10,-7.720282156055403,6
2977,55,13,34,7,-7.723796086616038,6
2978,30,13,40,8,-7.733551605515393,5
2979,25,49,37,29,-7.755599308877523,20
2980,79,20,48,12,-7.7777328666170344,8
2981,54,21,75,13,-7.800173472507174,8
2982,18,14,54,8,-7.813657349493516,6
2983,11,18,104,11,-7.839042780454146,7
2984,55,21,95,13,-7.848709788021649,8
2985,77,18,13,11,-7.849487187133511,7
2986,87,26,30,16,-7.853031889662271,10
2987,96,13,85,9,-7.87177905722743,4
2988,51,23,20,13,-7.873291814736603,10
2989,48,31,63,20,-7.879517250797573,11
2990,36,13,28,7,-7.880028929086843,6
2991,84,14,97,10,-7.932419590040103,4
2992,91,10,102,6,-7.970489437012806,4
2993,17,17,104,10,-7.98852960047454,7
2994,96,19,102,12,-7.995631160966494,7
2995,37,13,89,7,-7.9994477960682815,6
2996,86,14,15,9,-8.007884617525496,5
2997,50,13,100,8,-8.011252834481748,5
2998,65,29,30,19,-8.041267028087223,10
2999,28,24,93,16,-8.07091688053174,8
3000,23,14,51,9,-8.072235222238367,5
3001,84,23,20,16,-8.075470698309143,7
3002,5,61,8,37,-8.080732178020163,24
3003,111,11,23,6,-8.093194169958823,5
3004,60,22,23,14,-8.109764498932195,8
3005,1,25,55,15,-8.124364419745026,10
3006,25,30,104,18,-8.132792790875847,12
3007,55,35,104,22,-8.147983283277846,13
3008,65,23,114,14,-8.155133723424003,9
3009,102,14,20,8,-8.160756483849335,6
3010,62,11,107,7,-8.165070586638626,4
3011,32,16,107,10,-8.171074060984463,6
3012,97,10,13,6,-8.180332249171473,4
3013,50,14,93,9,-8.187365267839093,5
3014,16,19,102,11,-8.19199745286954,8
3015,107,18,71,11,-8.200499335406867,7
3016,44,11,20,7,-8.212958514210372,4
3017,37,11,64,7,-8.227838269840156,4
3018,68,14,25,9,-8.232640248039973,5
3019,87,11,69,6,-8.233960994375394,5
3020,30,15,20,9,-8.236211957822993,6
3021,16,10,81,7,-8.240523173362813,3
3022,16,12,89,7,-8.24232911238878,5
3023,38,13,16,9,-8.260657119668942,4
3024,14,12,37,7,-8.266467835075433,5
3025,76,11,75,7,-8.269580351796622,4
3026,76,12,65,8,-8.31287645900771,4
3027,70,14,108,9,-8.323316395893164,5
3028,63,10,99,6,-8.327283039780834,4
3029,104,14,15,9,-8.330235989560041,5
3030,65,19,90,11,-8.363720823360875,8
3031,86,21,44,13,-8.37774251716795,8
3032,109,21,11,14,-8.38164912223526,7
3033,46,10,6,6,-8.386722378353735,4
3034,110,14,51,9,-8.405376385205704,5
3035,9,18,16,11,-8.412025589228909,7
3036,91,22,55,15,-8.428118254814668,7
3037,107,10,112,6,-8.436220472698569,4
3038,98,19,91,13,-8.436895068807962,6
3039,25,41,13,24,-8.44596846540986,17
3040,96,14,95,9,-8.450373982592183,5
3041,51,11,43,7,-8.452538088841548,4
3042,13,15,81,9,-8.504667096092454,6
3043,83,27,86,19,-8.512264034333521,8
3044,77,24,104,15,-8.536042495877567,9
3045,107,10,15,7,-8.540362330799292,3
3046,55,31,50,19,-8.547249952830777,12
3047,86,18,27,11,-8.578635265192988,7
3048,5,13,71,8,-8.58837744258604,5
3049,75,13,15,9,-8.597300929966652,4
3050,50,22,90,14,-8.598522697493998,8
3051,87,55,8,35,-8.598595479025969,20
3052,53,27,7,18,-8.60289378383233,9
3053,114,11,32,7,-8.619976183865209,4
3054,40,13,95,8,-8.623923471834955,5
3055,70,12,30,6,-8.628315532902242,6
3056,37,34,11,22,-8.643977561339529,12
3057,30,13,68,8,-8.686434216789552,5
3058,90,11,30,7,-8.695806027026098,4
3059,109,19,74,13,-8.721352652587642,6
3060,108,16,16,10,-8.735246502538358,6
3061,91,14,7,10,-8.747371182576538,4
3062,98,13,20,9,-8.75486572641002,4
3063,63,12,71,7,-8.768149712473138,5
3064,106,11,79,7,-8.77784161708646,4
3065,86,17,69,11,-8.7805890555138,6
3066,57,14,11,8,-8.783548700894539,6
3067,36,16,107,10,-8.78661151834333,6
3068,87,13,62,9,-8.793846456811252,4
3069,13,11,44,7,-8.828555491536155,4
3070,38,25,37,16,-8.833071133401008,9
3071,13,14,90,9,-8.836238677449444,5
3072,50,12,69,8,-8.84479304998475,4
3073,37,20,40,12,-8.849367605337227,8
3074,98,12,73,8,-8.85379630005694,4
3075,17,16,28,10,-8.863383779145725,6
3076,39,10,47,6,-8.876547255057021,4
3077,35,20,107,14,-8.88582629417617,6
3078,57,17,70,9,-8.906737604649802,8
3079,91,10,11,7,-8.923724837318142,3
3080,84,14,104,8,-8.932998314387538,6
3081,68,10,54,6,-8.933165343249453,4
3082,80,12,11,8,-8.941133144462878,4
3083,2,11,76,8,-8.95175533528088,3
3084,98,11,55,8,-8.95677359937087,3
3085,32,11,28,7,-8.963821007682874,4
3086,108,10,37,6,-8.970431804543574,4
3087,87,17,102,11,-8.972219911227103,6
3088,55,25,109,14,-9.015163892645331,11
3089,36,13,5,8,-9.023272142505265,5
3090,64,11,70,7,-9.035117563630099,4
3091,91,13,30,9,-9.047349511242516,4
3092,39,31,86,18,-9.07325733767357,13
3093,8,34,95,21,-9.07920947405897,13
3094,39,10,110,7,-9.085258579238133,3
3095,18,19,86,13,-9.102053817096145,6
3096,36,21,16,14,-9.106745754695348,7
3097,76,17,23,11,-9.122791190215523,6
3098,87,11,77,7,-9.123832889782786,4
3099,96,18,7,13,-9.132819640450865,5
3100,87,13,29,9,-9.147510846283529,4
3101,5,43,50,26,-9.156049369840705,17
3102,84,27,5,17,-9.167674877244863,10
3103,91,35,16,24,-9.18239489422027,11
3104,84,13,98,9,-9.18267526002018,4
3105,65,18,27,11,-9.18754919594546,7
3106,97,10,18,6,-9.196379494686322,4
3107,18,16,77,11,-9.19801416947912,5
3108,106,21,46,12,-9.198394638018083,9
3109,56,11,86,7,-9.213458879693576,4
3110,63,12,17,8,-9.243907403077538,4
3111,70,24,74,14,-9.249270082293561,10
3112,62,14,74,9,-9.256148160859695,5
3113,88,35,65,23,-9.285752319118528,12
3114,107,29,2,19,-9.295436230624016,10
3115,63,14,108,9,-9.298531248541147,5
3116,96,15,114,10,-9.304547518897671,5
3117,55,13,2,8,-9.30651882359562,5
3118,80,13,90,9,-9.30675268400111,4
3119,51,15,108,9,-9.306988990301447,6
3120,33,13,51,10,-9.32692198470528,3
3121,74,22,51,15,-9.344397651003662,7
3122,76,23,63,16,-9.35386164955796,7
3123,37,12,71,7,-9.38020830857434,5
3124,1,16,86,10,-9.39952495770026,6
3125,50,20,76,14,-9.400140024953474,6
3126,86,31,102,21,-9.40404581030503,10
3127,106,28,13,19,-9.411883629905006,9
3128,63,41,37,27,-9.417998111066987,14
3129,51,24,68,16,-9.41997434806425,8
3130,110,10,114,7,-9.422657787947912,3
3131,74,14,83,8,-9.43011849323839,6
3132,63,11,32,7,-9.44232166344675,4
3133,95,10,100,6,-9.44913493803541,4
3134,18,21,95,13,-9.461457865276858,8
3135,99,22,37,15,-9.502759058160713,7
3136,10,10,107,6,-9.504556938677329,4
3137,114,25,8,17,-9.518319716318803,8
3138,31,20,13,13,-9.526547029148858,7
3139,39,13,90,8,-9.529975909191752,5
3140,106,21,2,13,-9.573373481710446,8
3141,36,17,13,11,-9.59242471187891,6
3142,8,11,62,8,-9.593511144115352,3
3143,35,15,86,9,-9.604686839909265,6
3144,8,14,99,8,-9.611065592860308,6
3145,86,21,100,12,-9.627336315348591,9
3146,104,32,88,22,-9.62777038677623,10
3147,40,23,65,14,-9.639904775867747,9
3148,53,14,87,8,-9.643332554672039,6
3149,39,11,76,8,-9.681961570558546,3
3150,39,35,13,21,-9.691624444985925,14
3151,68,13,9,9,-9.703816999307707,4
3152,65,13,15,9,-9.727285822137501,4
3153,56,10,7,6,-9.769965949419088,4
3154,83,24,37,15,-9.783726366978415,9
3155,68,10,77,7,-9.791067179218,3
3156,106,19,39,12,-9.812135076375876,7
3157,104,11,89,7,-9.813989134763226,4
3158,94,10,55,6,-9.846979651390308,4
3159,109,20,63,12,-9.854767957937824,8
3160,87,34,13,23,-9.861346134072312,11
3161,79,23,86,15,-9.865377107457421,8
3162,70,24,87,15,-9.867797329951719,9
3163,106,14,30,9,-9.870728252110508,5
3164,55,16,30,10,-9.885233413722059,6
3165,14,13,16,8,-9.888882095158154,5
3166,77,10,46,6,-9.900782595186337,4
3167,109,15,70,10,-9.924354258384088,5
3168,54,46,63,30,-9.931508965276786,16
3169,8,31,75,21,-9.942334170394213,10
3170,57,10,7,6,-9.983551061766935,4
3171,46,34,16,22,-9.98935054867163,12
3172,17,23,65,17,-9.991394921788478,6
3173,88,31,63,21,-10.03619319350583,10
3174,33,10,63,7,-10.043388813579655,3
3175,88,28,95,18,-10.05476218784627,10
3176,39,16,46,9,-10.060214928117244,7
3177,4,17,60,11,-10.064281726415542,6
3178,57,12,54,9,-10.066024134547122,3
3179,50,13,91,9,-10.102561852065726,4
3180,83,15,107,10,-10.114574167697793,5
3181,64,15,13,9,-10.145937557398357,6
3182,97,44,86,28,-10.163469283868963,16
3183,87,10,3,7,-10.164373686804392,3
3184,102,14,76,9,-10.166991590900437,5
3185,39,10,92,6,-10.187295715481909,4
3186,65,10,102,6,-10.189199303308586,4
3187,91,25,63,17,-10.192888670916973,8
3188,2,14,98,9,-10.198603389321665,5
3189,44,12,104,8,-10.208907808787586,4
3190,90,20,114,13,-10.224251416414765,7
3191,18,32,16,22,-10.23181135834145,10
3192,99,12,77,9,-10.252199704478636,3
3193,41,11,64,7,-10.261662296711632,4
3194,51,11,15,7,-10.274901265855426,4
3195,84,40,63,25,-10.29559442304446,15
3196,28,41,63,28,-10.300883603096644,13
3197,55,18,20,11,-10.312518824176758,7
3198,20,31,50,20,-10.317789300027849,11
3199,107,12,29,9,-10.33521701845799,3
3200,102,17,50,10,-10.348240016843025,7
3201,91,18,8,12,-10.34860151027639,6
3202,84,13,83,8,-10.35745770275565,5
3203,76,31,86,20,-10.377958971749353,11
3204,93,16,106,10,-10.37915501513517,6
3205,87,22,98,15,-10.388816178209707,7
3206,51,11,1,7,-10.419908825636533,4
3207,54,12,73,8,-10.427247423602202,4
3208,60,16,91,10,-10.446238276389526,6
3209,97,13,110,9,-10.452372833112598,4
3210,69,18,16,11,-10.453723059325718,7
3211,73,10,65,7,-10.465374169823736,3
3212,80,11,78,7,-10.465715646953603,4
3213,27,17,104,12,-10.473446544405565,5
3214,38,10,104,6,-10.511918642412144,4
3215,40,10,9,7,-10.541358983254,3
3216,57,18,88,11,-10.555628423294738,7
3217,96,45,16,32,-10.566392603656332,13
3218,41,18,87,12,-10.566422140881258,6
3219,109,11,93,7,-10.593952443141525,4
3220,25,28,20,19,-10.608185499490585,9
3221,87,22,48,15,-10.632484792434644,7
3222,102,17,107,11,-10.637405716433584,6
3223,7,22,37,14,-10.662936414000132,8
3224,65,16,2,12,-10.668339624865121,4
3225,39,18,74,11,-10.669346357467866,7
3226,36,11,70,7,-10.685404725540558,4
3227,76,13,54,9,-10.686858558117365,4
3228,93,12,75,8,-10.68974449521869,4
3229,54,43,37,29,-10.702102057687048,14
3230,13,14,30,10,-10.738595010557942,4
3231,63,22,98,14,-10.75970205191674,8
3232,53,10,8,7,-10.761161561739845,3
3233,7,10,43,7,-10.79106735554376,3
3234,50,33,75,23,-10.80488323523336,10
3235,88,11,80,7,-10.820834504420484,4
3236,86,26,41,19,-10.826191446306183,7
3237,107,25,48,16,-10.827629447931269,9
3238,54,19,30,13,-10.830949355612654,6
3239,5,14,43,9,-10.841119921537882,5
3240,109,23,88,16,-10.861185727570895,7
3241,111,19,65,14,-10.87242939169246,5
3242,25,10,36,6,-10.872848892533508,4
3243,46,11,100,7,-10.904685887838546,4
3244,5,17,73,11,-10.90738305979487,6
3245,40,10,98,6,-11.010186531894902,4
3246,96,19,46,11,-11.044310192668554,8
3247,11,11,99,7,-11.04788337752713,4
3248,5,13,34,10,-11.055394545543237,3
3249,51,46,13,30,-11.059972446868098,16
3250,55,21,76,15,-11.060383237071555,6
3251,25,18,110,13,-11.063714709672924,5
3252,107,10,6,7,-11.069549745970512,3
3253,32,13,74,9,-11.101664191982367,4
3254,87,10,108,7,-11.133663289740907,3
3255,91,10,51,7,-11.134030582434093,3
3256,77,12,27,8,-11.13773931409657,4
3257,55,20,40,15,-11.157682006395492,5
3258,112,10,86,7,-11.167307681837228,3
3259,87,13,79,10,-11.211504341364096,3
3260,48,12,90,8,-11.252381363492235,4
3261,77,14,63,10,-11.25982840824374,4
3262,5,10,80,7,-11.295210617596885,3
3263,79,10,80,6,-11.30670069299901,4
3264,96,26,98,17,-11.315795357847566,9
3265,96,23,48,16,-11.323041657346815,7
3266,63,13,100,8,-11.33209634222994,5
3267,7,15,6,8,-11.337998826945816,7
3268,63,30,80,21,-11.377551941304596,9
3269,27,14,37,10,-11.378309035824225,4
3270,75,21,104,14,-11.395733009824232,7
3271,51,13,27,9,-11.399545571513332,4
3272,51,34,7,22,-11.467851611823702,12
3273,88,32,13,23,-11.495121437316513,9
3274,60,11,17,7,-11.523239199910632,4
3275,28,31,74,21,-11.526159046117094,10
3276,76,15,74,9,-11.544600382799558,6
3277,2,11,114,8,-11.567668937733664,3
3278,63,16,90,11,-11.66300690274577,5
3279,63,13,57,8,-11.67022671873631,5
3280,106,54,16,37,-11.69006382316796,17
3281,107,20,76,14,-11.696253994185,6
3282,51,10,48,6,-11.705725037939857,4
3283,36,13,27,9,-11.741567000670512,4
3284,107,19,73,12,-11.762643271727164,7
3285,15,17,8,11,-11.78066066095679,6
3286,50,10,23,8,-11.788365261374185,2
3287,70,20,11,14,-11.792116726498545,6
3288,107,23,80,17,-11.84142513858004,6
3289,46,33,104,22,-11.841714895705284,11
3290,40,11,64,8,-11.881688706602604,3
3291,11,13,93,10,-11.901577910299338,3
3292,5,26,75,16,-11.916835118435044,10
3293,90,16,73,11,-11.917606166791593,5
3294,68,10,4,7,-11.920602455978525,3
3295,37,38,97,26,-11.950340535396526,12
3296,84,22,11,15,-11.957437378814483,7
3297,104,18,49,12,-11.962718506463764,6
3298,30,15,53,10,-11.980494941115529,5
3299,98,24,5,16,-11.989855689002859,8
3300,70,22,2,14,-12.153236389251056,8
3301,104,15,90,10,-12.157368709764908,5
3302,1,13,16,10,-12.163423446439074,3
3303,40,29,7,20,-12.19636542411695,9
3304,18,16,106,10,-12.222089952192754,6
3305,34,14,109,9,-12.291212343288574,5
3306,54,15,2,11,-12.306524573726033,4
3307,1,11,8,8,-12.329208893104187,3
3308,40,15,54,10,-12.36122040058859,5
3309,23,13,55,8,-12.384564492570101,5
3310,87,16,100,10,-12.425189483620697,6
3311,96,38,11,26,-12.433764526276038,12
3312,64,11,50,7,-12.458410065026014,4
3313,106,12,38,7,-12.468362041882086,5
3314,50,10,15,7,-12.479053092203715,3
3315,40,10,2,7,-12.538938846391357,3
3316,5,30,102,20,-12.549261396684052,10
3317,97,16,71,11,-12.555483253298778,5
3318,31,18,16,12,-12.563965360709485,6
3319,5,27,57,19,-12.572003913811173,8
3320,98,10,13,7,-12.623579592155687,3
3321,77,11,30,8,-12.627749719644045,3
3322,88,16,102,12,-12.65037372869335,4
3323,52,10,28,7,-12.725624774771763,3
3324,55,16,102,11,-12.774824407782454,5
3325,71,15,104,10,-12.790892712888182,5
3326,36,11,53,8,-12.842806030756844,3
3327,96,10,78,7,-12.899686199305037,3
3328,77,22,40,16,-12.904839091751665,6
3329,16,22,57,15,-12.91831164298626,7
3330,77,11,49,8,-12.920366150880083,3
3331,37,27,95,20,-12.921122211679824,7
3332,51,16,77,11,-12.941193832575703,5
3333,39,55,16,38,-12.952005337101406,17
3334,94,15,16,11,-12.969401282348114,4
3335,25,11,34,8,-12.978396480778377,3
3336,107,22,30,16,-13.025643517624536,6
3337,90,15,20,10,-13.08396173697106,5
3338,18,13,11,9,-13.094881521032239,4
3339,14,10,80,6,-13.097202558791372,4
3340,107,22,57,15,-13.099281826721855,7
3341,91,19,106,15,-13.115643186389446,4
3342,28,14,69,9,-13.15924750974193,5
3343,63,12,62,8,-13.174816238245654,4
3344,33,11,87,8,-13.22203468303232,3
3345,33,10,65,7,-13.314880602814075,3
3346,17,18,95,13,-13.342671111008821,5
3347,83,18,16,13,-13.35123547721314,5
3348,20,11,34,8,-13.36206244645375,3
3349,32,10,55,7,-13.36363963009391,3
3350,37,11,18,8,-13.371391730474068,3
3351,55,11,100,7,-13.383239409595303,4
3352,39,21,30,15,-13.426960288467429,6
3353,32,12,25,7,-13.427877456338663,5
3354,70,15,50,10,-13.441101055992577,5
3355,10,11,51,8,-13.446955688168295,3
3356,90,10,93,7,-13.452391800759145,3
3357,87,30,7,22,-13.46667822377758,8
3358,77,10,23,7,-13.476022973760971,3
3359,103,11,74,8,-13.53565105452587,3
3360,63,13,27,8,-13.55194094512672,5
3361,99,17,107,12,-13.582126995646108,5
3362,53,18,68,13,-13.627830006911767,5
3363,46,12,93,9,-13.65474091099076,3
3364,23,23,106,15,-13.757025468922569,8
3365,50,13,33,9,-13.806659469614802,4
3366,51,21,100,13,-13.816816739386772,8
3367,83,13,11,10,-13.863860744018641,3
3368,109,12,41,10,-13.914029202125853,2
3369,83,11,23,8,-13.9232349355535,3
3370,35,20,76,13,-13.967337591963863,7
3371,88,15,100,11,-14.049568237179408,4
3372,7,28,75,21,-14.12827858177309,7
3373,60,19,74,13,-14.155436372823557,6
3374,53,13,107,10,-14.172860484543653,3
3375,25,33,7,25,-14.179224347099954,8
3376,40,14,8,10,-14.231860527274469,4
3377,18,15,15,11,-14.248476385059174,4
3378,97,10,14,8,-14.259112129654316,2
3379,11,11,30,8,-14.299516136130784,3
3380,37,12,34,9,-14.300571264435137,3
3381,9,12,60,9,-14.304107510260854,3
3382,102,11,46,8,-14.307494713152051,3
3383,83,10,40,8,-14.347262135245904,2
3384,28,15,34,11,-14.366739527209468,4
3385,106,23,114,16,-14.366848050849034,7
3386,74,10,89,7,-14.446682807284398,3
3387,54,20,100,14,-14.454126910452933,6
3388,2,10,73,7,-14.457830254043136,3
3389,32,13,16,9,-14.531367270350458,4
3390,37,12,73,8,-14.533349572792924,4
3391,54,24,48,17,-14.535603927866182,7
3392,77,11,37,8,-14.55993313549925,3
3393,99,12,50,8,-14.581629542155014,4
3394,60,10,100,7,-14.61222507913973,3
3395,5,18,7,13,-14.615769591051182,5
3396,46,12,30,9,-14.658819133979227,3
3397,39,12,109,10,-14.675982860996212,2
3398,106,13,32,10,-14.741977351969277,3
3399,60,14,64,10,-14.864014157585936,4
3400,30,12,95,8,-14.870372509542285,4
3401,88,12,77,9,-14.977617068976798,3
3402,46,15,50,10,-14.99079417434614,5
3403,91,18,87,14,-15.006202180134604,4
3404,99,18,25,13,-15.014737107768294,5
3405,97,11,41,9,-15.02369323138218,2
3406,96,12,91,9,-15.083901067533665,3
3407,9,12,48,9,-15.097519161061683,3
3408,70,11,80,9,-15.157277297784104,2
3409,77,21,7,15,-15.158635706227756,6
3410,107,12,89,9,-15.163906699283089,3
3411,41,14,8,11,-15.189181179702913,3
3412,86,21,71,16,-15.209148887501426,5
3413,83,16,114,12,-15.254612667104073,4
3414,97,11,67,9,-15.281658756670776,2
3415,99,11,7,8,-15.315874324967403,3
3416,60,11,37,8,-15.345188265922376,3
3417,25,14,49,10,-15.43786379260084,4
3418,97,12,90,8,-15.449883037579118,4
3419,2,18,104,12,-15.50344370749933,6
3420,87,11,73,9,-15.55795672641622,2
3421,28,15,99,11,-15.590204088651852,4
3422,5,16,23,12,-15.598001372374195,4
3423,50,16,80,13,-15.718368557038914,3
3424,35,12,80,9,-15.72406211872363,3
3425,96,16,93,12,-15.73319462766121,4
3426,17,10,34,8,-15.751264612759243,2
3427,63,12,14,8,-15.759973477645744,4
3428,70,10,48,7,-15.796496446665468,3
3429,39,18,99,14,-15.84878961626863,4
3430,29,13,88,9,-15.850906570917441,4
3431,106,14,67,10,-15.86890640221611,4
3432,83,16,13,12,-15.934926256250732,4
3433,11,21,95,16,-16.006249051562754,5
3434,13,13,114,9,-16.04631004709342,4
3435,51,20,76,16,-16.059816015696757,4
3436,71,10,17,7,-16.13395738219133,3
3437,16,10,73,7,-16.163676933136152,3
3438,88,13,69,10,-16.183753216746744,3
3439,50,15,60,11,-16.230784690191452,4
3440,88,13,32,9,-16.30207764263433,4
3441,39,11,114,8,-16.401360052658593,3
3442,25,25,11,20,-16.429746187224737,5
3443,103,10,86,7,-16.57051549779981,3
3444,76,15,16,11,-16.69680514220129,4
3445,5,14,41,9,-16.723825478761608,5
3446,5,17,30,14,-16.835862346935006,3
3447,86,11,10,8,-16.95145578080744,3
3448,8,12,34,9,-16.979471141980934,3
3449,5,21,27,15,-17.023938523878094,6
3450,18,11,30,9,-17.068354015610023,2
3451,17,11,40,9,-17.086573002444847,2
3452,51,14,90,12,-17.088820957180307,2
3453,35,12,63,9,-17.190706154289504,3
3454,106,10,35,7,-17.319051156851785,3
3455,87,11,34,8,-17.33811535027782,3
3456,18,11,23,8,-17.338206641303227,3
3457,51,23,95,18,-17.356501303335026,5
3458,67,10,16,8,-17.493350405648194,2
3459,77,14,16,11,-17.677083033460956,3
3460,39,12,100,9,-17.749728851184297,3
3461,77,12,8,9,-17.994666569137152,3
3462,86,11,26,9,-18.01144379039894,2
3463,54,10,71,8,-18.201053620067494,2
3464,109,21,114,17,-18.305765635430763,4
3465,18,10,5,8,-18.464269170029826,2
3466,46,10,98,7,-18.66966202924449,3
3467,5,10,44,8,-18.75866141385734,2
3468,28,26,90,21,-18.776580206085534,5
3469,60,13,27,11,-18.903299216443365,2
3470,11,10,2,8,-18.92308479788875,2
3471,50,14,77,12,-18.960104376358405,2
3472,5,12,48,10,-19.15405252867682,2
3473,91,13,104,12,-19.168888324804986,1
3474,112,14,28,11,-19.249826897720947,3
3475,18,14,99,11,-19.290873438644514,3
3476,39,16,15,13,-19.411328140872982,3
3477,109,11,27,9,-19.5895500077205,2
3478,32,12,95,10,-19.760326388824467,2
3479,66,10,107,8,-20.152222817707916,2
3480,33,16,55,13,-20.174007528343807,3
3481,36,11,8,9,-20.34025716086894,2
3482,18,13,68,10,-20.55378298032927,3
3483,13,11,57,8,-20.619945240208803,3
3484,17,10,23,8,-21.215760860674102,2
3485,60,10,3,8,-21.472587204089837,2
3486,36,11,63,9,-21.61257502243951,2
3487,77,12,75,10,-21.656975507356307,2
3488,52,12,86,10,-21.816288972743816,2
3489,65,15,100,13,-22.041434814548992,2
3490,97,11,38,10,-22.176359713839883,1
3491,51,10,34,9,-22.213174768846976,1
3492,51,13,2,10,-22.46077922587735,3
3493,106,13,69,11,-22.736761735295865,2
3494,55,12,14,11,-22.798222840334333,1
3495,28,10,10,9,-23.03135332069283,1
3496,55,10,44,8,-23.361076236430034,2
3497,35,10,48,9,-25.15519793083891,1
3498,9,13,27,11,-27.988696165988866,2
3499,39,10,3,10,-28.725074023896866,0
