,againstHero,games,hero,losses,shift,wins
0,112,17,102,1,31.59305348177514,16
1,44,11,37,0,29.88349889925713,11
2,90,13,23,1,28.362481429909806,12
3,98,10,61,0,28.323329566102494,10
4,69,10,38,1,27.695920761479556,9
5,11,14,89,1,26.02844447551725,13
6,49,10,106,1,25.681632401928862,9
7,100,11,33,1,25.460296177649866,10
8,104,11,42,1,24.55480599508646,10
9,75,19,77,3,23.52836570307736,16
10,4,11,8,1,23.177905083651485,10
11,26,14,57,3,23.006782602638854,11
12,104,17,91,1,22.905675334222092,16
13,3,10,1,2,22.670516239418717,8
14,91,12,97,2,22.175648770183784,10
15,55,12,38,2,22.071024000200868,10
16,62,12,31,3,21.790941067775986,9
17,34,12,62,2,21.778436974548594,10
18,41,15,4,5,21.48059017391386,10
19,25,13,4,2,21.420042602463127,11
20,101,11,51,2,21.226620175614492,9
21,76,11,31,1,21.157211826935978,10
22,80,16,112,4,21.108795407964617,12
23,51,16,10,3,21.051824036569297,13
24,109,10,90,1,21.034570289962243,9
25,112,14,10,3,21.021770709139737,11
26,75,17,3,3,20.89719169832094,14
27,90,11,68,2,20.787956198015937,9
28,48,18,3,4,20.77461856356065,14
29,114,13,108,3,20.76617442739275,10
30,48,12,94,2,20.576242864974443,10
31,81,23,94,6,20.517798479805748,17
32,30,11,10,2,20.38962047667116,9
33,26,10,12,2,20.379731856409943,8
34,75,10,103,1,20.24199150509897,9
35,64,10,34,2,20.224712091526342,8
36,112,38,68,8,20.161440612174868,30
37,7,12,84,2,20.160900959942538,10
38,87,16,35,4,20.08799741691354,12
39,4,17,54,2,19.994435391851386,15
40,73,13,97,4,19.966763707753138,9
41,95,12,32,2,19.760326388824467,10
42,15,11,31,3,19.738787942525676,8
43,64,11,5,2,19.698196874853622,9
44,30,11,6,2,19.605882514870544,9
45,114,11,29,3,19.42881288570476,8
46,30,19,36,2,19.305297671687292,17
47,99,14,18,3,19.290873438644518,11
48,92,10,106,2,19.04169077246869,8
49,89,11,106,4,18.95338953455918,7
50,98,13,4,2,18.93649850914462,11
51,34,12,97,3,18.831202908180163,9
52,55,20,33,4,18.82593244000092,16
53,72,14,29,3,18.821794346434427,11
54,27,12,102,2,18.772173343475483,10
55,99,17,28,4,18.75458480836917,13
56,112,16,57,4,18.741640604630682,12
57,45,10,12,2,18.653807119995122,8
58,19,14,109,3,18.610693282372278,11
59,106,15,31,4,18.52908676481623,11
60,34,12,54,2,18.362976743969607,10
61,80,20,13,6,18.335804849316265,14
62,19,11,6,3,18.335706204340323,8
63,81,12,43,3,18.327617727929393,9
64,12,16,109,3,18.23652951665883,13
65,55,14,12,3,18.17466355866916,11
66,67,10,54,2,18.121548101252504,8
67,78,17,62,4,18.093769732536956,13
68,54,21,76,5,18.08934803214948,16
69,95,15,30,4,17.919901608832795,11
70,35,10,41,3,17.84884882348167,7
71,111,11,114,3,17.846918134233793,8
72,32,17,88,4,17.824594134673823,13
73,48,13,35,3,17.821530991658573,10
74,30,18,5,3,17.81053305502534,15
75,44,12,55,3,17.77184716319358,9
76,90,23,51,5,17.7178788097309,18
77,5,11,3,4,17.694163901939536,7
78,108,12,9,4,17.689021813252324,8
79,20,10,67,2,17.672455088050597,8
80,48,12,70,3,17.608815428580364,9
81,110,11,83,2,17.575104905290953,9
82,80,10,29,2,17.457200220457587,8
83,60,10,35,3,17.41812694726481,7
84,35,10,106,3,17.31905115685177,7
85,27,22,5,6,17.18696709990766,16
86,72,13,23,3,17.14817782244226,10
87,60,11,2,3,17.116843000088547,8
88,27,29,9,8,17.072056537621442,21
89,18,14,1,3,17.058153705270215,11
90,73,13,37,4,17.032463348069772,9
91,38,10,31,4,16.97274158238423,6
92,20,19,112,4,16.964936240764278,15
93,43,12,46,3,16.90387334173946,9
94,29,18,57,4,16.901122362734938,14
95,22,10,41,2,16.895138763704843,8
96,13,12,10,3,16.89276746041981,9
97,37,12,10,4,16.877061428062927,8
98,88,27,29,7,16.85204786067182,20
99,18,14,46,3,16.84517490405338,11
100,72,14,69,3,16.84337875889453,11
101,1,10,76,3,16.815372977495873,7
102,30,20,41,5,16.767826748629854,15
103,16,38,77,9,16.750541678773775,29
104,23,13,83,3,16.74470008954982,10
105,95,15,71,5,16.726754189945982,10
106,78,28,112,7,16.67914983172849,21
107,53,23,69,6,16.676579450904736,17
108,101,10,36,2,16.627946704419482,8
109,95,22,68,4,16.55020486315604,18
110,17,12,79,3,16.528587589888392,9
111,66,10,64,2,16.52634240612363,8
112,109,17,29,6,16.515354927424763,11
113,16,46,31,12,16.494251500601973,34
114,61,10,87,3,16.482333693393578,7
115,14,15,55,3,16.46488514148042,12
116,19,11,37,2,16.4401797639671,9
117,99,19,39,4,16.42872930905631,15
118,74,13,103,3,16.409823032190317,10
119,45,13,43,4,16.39462685745925,9
120,14,14,63,4,16.386711509096077,10
121,29,10,40,2,16.378294184390825,8
122,110,11,43,3,16.376498956572302,8
123,27,13,83,2,16.3680925226411,11
124,100,22,57,6,16.352929528191847,16
125,104,19,2,6,16.35238800305577,13
126,25,12,14,2,16.337614979675553,10
127,109,17,98,4,16.30686299478245,13
128,30,18,85,5,16.304609608829036,13
129,65,16,33,4,16.286121361101067,12
130,34,12,80,2,16.26922931751229,10
131,86,25,58,6,16.268533196463114,19
132,102,16,60,5,16.19908566021857,11
133,43,10,102,3,16.154622115934167,7
134,98,13,46,4,16.128351252027375,9
135,71,15,112,4,16.11687592102847,11
136,41,18,5,6,16.050377082501452,12
137,15,14,37,3,16.033544043199246,11
138,80,13,70,2,15.901333417895945,11
139,53,30,9,8,15.894615033798408,22
140,94,18,57,5,15.89183903704991,13
141,90,29,28,7,15.88008958677165,22
142,15,12,41,3,15.833444649300676,9
143,15,14,76,4,15.823118080936442,10
144,95,22,17,5,15.802621580377183,17
145,30,11,93,3,15.777207362300771,8
146,110,13,28,4,15.75542536900984,9
147,17,13,94,4,15.746212612138288,9
148,93,16,96,4,15.733194627661216,12
149,80,12,35,3,15.724062118723628,9
150,75,13,80,3,15.718052052365538,10
151,45,20,51,5,15.703190735785379,15
152,15,14,112,4,15.700949053545523,10
153,72,23,51,7,15.686011493569213,16
154,15,17,77,4,15.676504035867321,13
155,14,12,97,2,15.664913845649805,10
156,90,13,97,4,15.621888085765939,9
157,106,11,85,3,15.605731963514026,8
158,23,10,69,2,15.603167423944381,8
159,4,14,45,4,15.60089147044811,10
160,100,10,90,2,15.59689537510572,8
161,23,21,5,5,15.554175057753397,16
162,13,12,66,3,15.520614540867863,9
163,64,20,104,5,15.515264160119216,15
164,69,15,31,5,15.502962092044207,10
165,112,23,84,6,15.486639525748984,17
166,2,12,39,3,15.473797666414951,9
167,73,25,107,8,15.46067272069853,17
168,62,15,94,4,15.456678982493093,11
169,5,11,18,3,15.389394006883377,8
170,100,15,2,5,15.36385849078198,10
171,104,12,94,3,15.27233865597326,9
172,93,14,46,3,15.251126640356858,11
173,76,13,91,3,15.216447591134663,10
174,54,11,77,1,15.154916790692539,10
175,48,31,54,9,15.15203502038891,22
176,71,10,29,2,15.143188317628589,8
177,77,19,50,4,15.082093464135092,15
178,34,17,20,4,15.068240557725035,13
179,38,10,93,4,15.046407356806787,6
180,49,18,81,6,15.043369514696264,12
181,25,18,99,5,15.014737107768298,13
182,45,10,75,2,15.00364994694684,8
183,13,12,22,3,14.994671319317483,9
184,49,10,44,3,14.992301775479177,7
185,111,18,88,4,14.891378091601458,14
186,16,42,94,11,14.871920571902166,31
187,87,13,38,4,14.859584047072818,9
188,102,11,35,4,14.787485364380144,7
189,7,11,89,3,14.785043291363074,8
190,11,26,25,6,14.778705544740387,20
191,32,14,106,3,14.741977351969275,11
192,78,15,48,4,14.736137197437774,11
193,100,10,31,3,14.730848989291468,7
194,7,28,77,8,14.729495105034692,20
195,114,19,83,5,14.712530964906861,14
196,17,19,78,6,14.709203332504174,13
197,55,16,19,5,14.687783547200517,11
198,27,34,109,11,14.672056456650022,23
199,39,10,66,3,14.612542929328729,7
200,50,12,99,4,14.581629542155012,8
201,80,19,50,4,14.554439051919097,15
202,47,15,49,3,14.53278782523131,12
203,38,15,97,4,14.531013843539451,11
204,34,21,57,6,14.476694715496805,15
205,34,12,25,3,14.468789684868279,9
206,80,10,76,3,14.461464881129876,7
207,73,10,2,3,14.457830254043134,7
208,63,13,35,4,14.450412261730225,9
209,44,12,5,3,14.447481002517359,9
210,97,13,35,3,14.444551731599496,10
211,80,11,14,4,14.435345395194517,7
212,108,26,70,7,14.427393649276278,19
213,100,15,81,5,14.3826940951582,10
214,40,10,83,2,14.347262135245902,8
215,54,10,10,3,14.334784055636703,7
216,26,25,86,6,14.322036756570213,19
217,31,12,57,4,14.310689026630854,8
218,46,11,102,3,14.307494713152066,8
219,48,10,112,2,14.307464286387091,8
220,23,15,18,5,14.275894417804937,10
221,83,11,17,4,14.269615650014424,7
222,12,14,62,4,14.247970004836008,10
223,72,13,48,5,14.226647914181537,8
224,61,17,7,6,14.217702740281522,11
225,50,18,46,6,14.208875687593249,12
226,72,10,75,3,14.207053385683185,7
227,58,12,66,3,14.19605707074922,9
228,100,32,3,9,14.177671200718626,23
229,90,10,9,3,14.073147353965513,7
230,104,22,38,7,14.071473191155546,15
231,100,31,68,10,14.067965798054423,21
232,40,29,77,8,14.0487710710226,21
233,45,11,39,4,14.033377854173937,7
234,6,11,41,4,13.99218654178206,7
235,41,31,9,9,13.990507643067811,22
236,111,12,75,4,13.972281809419972,8
237,114,29,109,7,13.96133653890183,22
238,40,24,71,7,13.948125771645659,17
239,75,19,69,5,13.942304484906572,14
240,60,14,20,4,13.939926452860888,10
241,37,11,112,3,13.937736127059289,8
242,25,10,112,3,13.919292260310073,7
243,63,31,3,7,13.905152866710317,24
244,16,21,83,6,13.895144807658395,15
245,53,19,50,6,13.883151416746278,13
246,27,18,89,5,13.875961301826154,13
247,39,18,72,5,13.872487814202465,13
248,100,30,103,9,13.84787526631238,21
249,47,12,57,4,13.842676334165546,8
250,55,17,103,4,13.826956770005326,13
251,47,18,112,6,13.820833793363406,12
252,38,14,112,3,13.819485047030156,11
253,97,11,112,2,13.794615799527316,9
254,7,19,76,7,13.7913560010183,12
255,43,24,77,7,13.787519066665283,17
256,87,11,85,3,13.78530468452242,8
257,62,17,57,4,13.757275808574349,13
258,95,37,88,11,13.752013257016605,26
259,97,10,27,4,13.735152835550473,6
260,63,25,31,7,13.714594813504087,18
261,57,28,5,8,13.702708831126637,20
262,92,10,25,3,13.698642336458672,7
263,8,12,108,3,13.645968521702336,9
264,34,18,60,5,13.644836415292458,13
265,15,10,74,3,13.569326307429131,7
266,41,19,84,6,13.556150264603875,13
267,80,10,6,3,13.522871173076231,7
268,13,27,29,9,13.513958263485302,18
269,55,13,112,3,13.49840576791747,10
270,30,32,63,10,13.49817196218878,22
271,84,12,108,3,13.488009207908556,9
272,27,24,69,8,13.483104419153626,16
273,94,24,51,7,13.451133934243908,17
274,36,15,35,4,13.440272285829971,11
275,43,19,53,5,13.43803314299166,14
276,23,15,45,4,13.436468047997263,11
277,25,12,32,5,13.427877456338669,7
278,34,13,70,4,13.426554854854936,9
279,61,16,68,5,13.424919545398383,11
280,75,15,53,5,13.423496737137011,10
281,91,11,112,3,13.423237527272498,8
282,27,10,45,3,13.421070416218555,7
283,71,15,84,4,13.41321574412034,11
284,62,11,48,4,13.383804058498162,7
285,18,15,19,4,13.380338986795524,11
286,109,14,103,5,13.379278679742843,9
287,104,12,35,4,13.369677424437175,8
288,17,14,48,5,13.364907872446567,9
289,55,11,32,4,13.363639630093912,7
290,29,13,102,3,13.321878000516293,10
291,11,16,18,5,13.321280125838719,11
292,9,17,19,5,13.31812011403307,12
293,80,20,88,7,13.305539707805673,13
294,8,14,1,4,13.305141225086524,10
295,64,19,106,6,13.295192075566392,13
296,104,43,46,14,13.294982678813746,29
297,7,12,99,4,13.27451726078842,8
298,95,23,11,6,13.263288005084235,17
299,36,18,54,6,13.217744798273168,12
300,11,43,37,13,13.2020186509975,30
301,95,28,37,7,13.149042342745599,21
302,57,10,90,3,13.13268957201689,7
303,75,15,57,4,13.125107209592635,11
304,57,13,72,2,13.071458888669092,11
305,15,25,109,6,13.057625002721615,19
306,55,14,47,5,13.036465008068177,9
307,9,14,12,4,13.029002866437166,10
308,8,23,77,7,12.998028971879126,16
309,85,17,94,5,12.991600312687378,12
310,98,19,77,5,12.976710403080931,14
311,92,10,84,4,12.962976398847768,6
312,98,19,106,6,12.954874150336938,13
313,91,29,60,10,12.952631394075718,19
314,41,11,85,4,12.952472883327006,7
315,114,15,12,6,12.949509468076526,9
316,74,16,76,6,12.943701075259918,10
317,9,13,94,5,12.93687079343603,8
318,78,14,47,5,12.914558187890036,9
319,17,19,109,6,12.911257852793483,13
320,2,21,65,5,12.890027578518191,16
321,50,13,103,4,12.862167277055054,9
322,63,13,89,3,12.82812283251212,10
323,108,14,11,4,12.798974196396992,10
324,49,15,25,5,12.785517383168523,10
325,80,21,51,7,12.779249811641694,14
326,109,14,64,6,12.756972146613661,8
327,100,15,1,5,12.750379039232417,10
328,95,10,36,3,12.746346244298936,7
329,33,14,106,4,12.736963404825657,10
330,80,13,49,5,12.731038457974948,8
331,46,24,106,9,12.725492516069494,15
332,13,76,31,25,12.705633823012963,51
333,80,40,63,12,12.682443988429267,28
334,104,13,31,5,12.68196482072701,8
335,48,15,5,4,12.675358072710559,11
336,7,23,57,9,12.666461617234948,14
337,100,13,38,3,12.638482369277124,10
338,76,20,78,5,12.633094549652565,15
339,39,20,85,7,12.618845399489865,13
340,74,20,48,8,12.617131151527765,12
341,53,24,108,9,12.606603502458741,15
342,15,12,102,3,12.597866884640942,9
343,2,21,51,8,12.59592396910538,13
344,3,12,35,4,12.563400964105028,8
345,41,18,71,5,12.557773267008855,13
346,84,30,3,11,12.554534045985251,19
347,104,33,11,10,12.522578417808795,23
348,64,15,92,7,12.492372460791035,8
349,13,88,88,26,12.460305993563065,62
350,79,29,87,8,12.454916178596408,21
351,18,14,37,4,12.438833593443572,10
352,98,31,87,9,12.434583448192768,22
353,65,27,58,9,12.431650709075077,18
354,36,17,50,7,12.423703215189775,10
355,35,10,109,3,12.407562430544194,7
356,75,14,12,5,12.356839423121738,9
357,67,12,97,3,12.353467827440639,9
358,13,34,94,11,12.315280597409904,23
359,98,29,96,9,12.301665445316491,20
360,98,18,88,5,12.300728896947142,13
361,100,30,77,9,12.29767742568246,21
362,51,29,19,8,12.290136577107418,21
363,69,15,18,5,12.281407888329316,10
364,40,15,81,4,12.276802562895192,11
365,109,21,39,6,12.264003725130951,15
366,37,18,60,7,12.263894360602317,11
367,34,13,41,5,12.26273157096623,8
368,73,19,88,6,12.262693289910839,13
369,32,10,39,3,12.259008757767624,7
370,58,11,29,3,12.250932195859463,8
371,43,13,28,5,12.23547597643428,8
372,74,22,60,8,12.23030247671151,14
373,75,19,43,5,12.224767647713705,14
374,64,19,37,6,12.216856507558594,13
375,78,11,106,3,12.210243252742742,8
376,42,11,13,3,12.203174115394766,8
377,72,15,109,4,12.199392565133763,11
378,2,15,11,5,12.196157085843712,10
379,11,35,84,11,12.189911906563855,24
380,49,10,92,4,12.189632873694913,6
381,75,11,35,3,12.188091693345983,8
382,107,21,99,7,12.174640608684578,14
383,111,23,41,8,12.165817300484488,15
384,2,22,70,8,12.153236389251047,14
385,11,40,96,13,12.141028508791658,27
386,34,14,37,4,12.135815020075322,10
387,57,19,109,6,12.12921132196382,13
388,15,10,4,4,12.124220843420797,6
389,30,23,43,6,12.093512773684786,17
390,8,11,35,3,12.093356369533678,8
391,49,22,23,7,12.076835461637527,15
392,53,20,3,6,12.068087567340712,14
393,74,22,62,7,12.061308273026555,15
394,1,18,63,7,12.054495717242016,11
395,10,10,89,3,12.05123505380701,7
396,72,15,103,5,12.048234400131758,10
397,30,20,46,6,12.044164698044929,14
398,1,12,104,4,12.02010829271743,8
399,87,29,81,11,12.015356959966109,18
400,102,32,5,11,12.011851390558954,21
401,64,16,29,4,12.010507228979474,12
402,108,22,39,8,11.99851415989162,14
403,17,17,19,5,11.997198209588895,12
404,102,18,55,6,11.983866194974429,12
405,37,15,77,5,11.967604181160285,10
406,95,27,18,9,11.951490678023532,18
407,28,13,81,4,11.947384191502273,9
408,114,46,65,16,11.938229846486395,30
409,48,19,49,5,11.919274877330185,14
410,71,17,77,5,11.915487518479784,12
411,98,18,31,7,11.908816140421921,11
412,70,26,57,10,11.90658563047212,16
413,39,26,94,9,11.89290456729769,17
414,43,12,62,4,11.874169648552916,8
415,79,11,12,4,11.866943529008417,7
416,15,31,9,13,11.85639649993671,18
417,57,48,107,16,11.855072387955328,32
418,92,17,86,6,11.833574375075663,11
419,74,10,64,4,11.828764368523547,6
420,92,11,109,3,11.825872450184745,8
421,104,31,77,10,11.812621663747164,21
422,53,10,91,3,11.811611902058752,7
423,8,21,40,6,11.791921402372768,15
424,44,10,54,3,11.791894285038762,7
425,112,10,62,3,11.780471922009976,7
426,58,10,103,3,11.772908526311582,7
427,63,17,102,6,11.747209471298389,11
428,34,12,69,2,11.742698738008174,10
429,49,17,37,6,11.725281827231868,11
430,91,13,96,4,11.692854193124049,9
431,34,23,28,7,11.682170467841413,16
432,8,10,81,3,11.678569579324542,7
433,107,17,83,5,11.64452174042024,12
434,100,12,40,4,11.638460148115916,8
435,11,10,110,2,11.637838089699006,8
436,75,17,38,4,11.628826987325251,13
437,11,23,70,7,11.609570033059047,16
438,90,15,39,5,11.577976501423594,10
439,93,12,104,4,11.577012913737342,8
440,36,16,104,6,11.564722196156035,10
441,111,10,71,3,11.563837134119524,7
442,21,13,87,4,11.56318091799384,9
443,108,13,3,4,11.562059375800656,9
444,53,14,46,5,11.556347535591735,9
445,100,30,41,10,11.550572113391238,20
446,11,21,9,7,11.544909437581735,14
447,18,12,84,4,11.526678691260484,8
448,110,12,7,5,11.526061320417648,7
449,7,15,81,6,11.525413070422038,9
450,35,11,65,3,11.518581403700487,8
451,108,10,18,3,11.50838861651189,7
452,19,12,89,4,11.497390115995614,8
453,98,14,75,5,11.497093707313164,9
454,68,12,37,4,11.496583691347068,8
455,48,14,15,5,11.48279141653066,9
456,49,14,58,5,11.46784966027551,9
457,104,34,27,11,11.465054134307781,23
458,114,41,106,14,11.462749893343949,27
459,100,35,49,12,11.456244824909797,23
460,62,16,104,4,11.44853999785694,12
461,50,18,68,7,11.447393428752166,11
462,41,26,12,8,11.414617123719317,18
463,47,17,18,5,11.411676107822023,12
464,75,39,54,14,11.408133317564468,25
465,73,10,75,5,11.395199340418811,5
466,4,11,38,3,11.395009854616482,8
467,65,22,57,7,11.382534230045803,15
468,43,17,91,5,11.378756439291882,12
469,39,28,78,9,11.374922957505095,19
470,75,15,102,4,11.357902372458392,11
471,108,11,112,4,11.335603356831966,7
472,104,15,44,5,11.332078649569057,10
473,64,12,20,3,11.331308462604776,9
474,7,25,96,7,11.300422106484016,18
475,80,10,5,3,11.295210617596885,7
476,75,10,61,4,11.28385436329936,6
477,111,11,27,3,11.279710088837586,8
478,30,20,91,6,11.27948893827509,14
479,2,14,55,5,11.276816159574052,9
480,100,50,65,16,11.275226832418385,34
481,75,52,7,17,11.2746633859962,35
482,83,11,70,5,11.265042422069474,6
483,25,25,68,8,11.235607083018879,17
484,46,20,96,8,11.223825219116968,12
485,25,15,3,5,11.214634960222725,10
486,100,12,46,4,11.210309669403342,8
487,89,11,1,4,11.209011069389932,7
488,11,18,38,6,11.204555428907181,12
489,78,13,1,4,11.156578268103182,9
490,46,15,70,5,11.123543654837006,10
491,48,11,102,3,11.116814719382416,8
492,74,13,32,4,11.10166419198237,9
493,41,21,89,6,11.096465892840714,15
494,99,11,11,4,11.04788337752713,7
495,55,39,1,12,11.047135752371082,27
496,32,12,114,4,11.045874107216173,8
497,16,17,32,6,11.045561391190379,11
498,47,10,84,3,11.043789003229906,7
499,49,25,104,8,11.041712547533377,17
500,7,13,66,5,11.034566799554367,8
501,79,22,57,8,11.023600850861113,14
502,41,14,92,5,11.016394202336146,9
503,15,13,71,4,11.00914391321025,9
504,40,26,3,8,11.007177692487943,18
505,72,22,19,7,11.000548967504937,15
506,51,20,110,6,11.00014817045874,14
507,13,25,97,9,10.985857531237667,16
508,50,40,20,13,10.968930608298047,27
509,103,15,60,5,10.955343329408247,10
510,63,48,28,15,10.937243385325443,33
511,78,10,66,4,10.927212098742274,6
512,72,21,3,8,10.897361410959396,13
513,48,22,9,7,10.894666127588817,15
514,79,13,106,4,10.885501834452416,9
515,51,33,81,12,10.882761671799567,21
516,86,17,67,6,10.856458271232293,11
517,87,31,114,12,10.855794018644568,19
518,44,22,13,7,10.85202026233818,15
519,38,26,65,10,10.83463870682701,16
520,106,17,81,7,10.816681182916202,10
521,85,12,75,3,10.8046837733115,9
522,55,25,91,7,10.79161282762655,18
523,43,25,15,8,10.778927590194273,17
524,7,25,19,7,10.77597719817787,18
525,59,11,7,3,10.7712398180592,8
526,55,24,43,6,10.765561111805049,18
527,106,14,108,4,10.746780907865295,10
528,60,33,12,14,10.739930341878681,19
529,5,19,60,6,10.737943337535818,13
530,11,12,91,3,10.737589094202368,9
531,23,10,11,3,10.736120462067522,7
532,53,22,17,7,10.723383781136485,15
533,43,46,87,15,10.722076381983795,31
534,11,20,47,6,10.715683486679698,14
535,54,11,111,3,10.714143810197234,8
536,43,13,36,5,10.713552025008552,8
537,63,17,33,6,10.663903494014164,11
538,26,11,16,4,10.641463660095841,7
539,69,12,91,5,10.612845012106751,7
540,80,10,3,4,10.612199935723586,6
541,15,10,70,4,10.611513903253613,6
542,48,11,103,3,10.609852030111929,8
543,28,13,103,4,10.609246701939709,9
544,7,31,91,9,10.609100286101583,22
545,104,26,75,9,10.574353916694225,17
546,95,15,9,6,10.569002592922947,9
547,20,11,12,4,10.562633058497603,7
548,28,17,40,7,10.551622113062646,10
549,19,13,79,5,10.549815768045507,8
550,28,26,3,9,10.544965513227707,17
551,72,19,77,7,10.526850068136518,12
552,71,19,97,6,10.523533962196902,13
553,27,27,36,10,10.52334959933135,17
554,64,27,9,8,10.495957554452962,19
555,94,14,49,4,10.474432971630804,10
556,49,18,43,6,10.472136702675101,12
557,55,20,23,8,10.46287896462197,12
558,64,28,112,8,10.456743108722605,20
559,77,10,94,3,10.443428313097044,7
560,43,17,9,7,10.435718767902006,10
561,78,15,46,6,10.435320162132959,9
562,44,16,39,6,10.434810009571388,10
563,60,35,29,13,10.42089747006503,22
564,49,18,11,6,10.404879276914002,12
565,16,66,106,21,10.396735673348633,45
566,76,26,35,9,10.390096019432455,17
567,106,16,93,6,10.37915501513517,10
568,108,14,68,5,10.37834742902957,9
569,15,16,55,4,10.370537288257989,12
570,63,36,91,11,10.368824470659426,25
571,63,24,69,8,10.366973166191585,16
572,13,49,18,17,10.366295029596339,32
573,50,39,88,14,10.364860984100918,25
574,104,24,12,8,10.358875950961007,16
575,94,10,7,3,10.355621654064775,7
576,17,15,27,6,10.354549099588292,9
577,40,16,102,6,10.346146758066931,10
578,37,48,54,16,10.345446907641227,32
579,37,13,1,5,10.342164269053162,8
580,74,37,28,13,10.332746781815512,24
581,27,44,19,14,10.32193455524004,30
582,53,43,88,14,10.308417089519118,29
583,108,34,13,11,10.304582662282119,23
584,101,11,13,3,10.296727071239353,8
585,94,31,12,12,10.295600144451134,19
586,63,39,76,12,10.294441268951951,27
587,45,23,107,8,10.289536165233185,15
588,60,24,112,8,10.282975838759189,16
589,72,22,68,7,10.275897741373278,15
590,30,33,3,10,10.27195349482281,23
591,47,16,3,5,10.263621577333433,11
592,23,33,76,12,10.25965129445218,21
593,67,16,106,6,10.252161434234207,10
594,75,12,79,4,10.235318929578343,8
595,78,28,12,8,10.221320945148182,20
596,30,17,31,7,10.214096274935345,10
597,107,42,109,14,10.207364620313752,28
598,91,24,39,8,10.206322081312436,16
599,90,19,104,7,10.205908373136616,12
600,97,42,37,14,10.199316810918761,28
601,98,15,2,6,10.198603389321663,9
602,41,23,49,8,10.197367127109924,15
603,71,13,33,4,10.195530501937558,9
604,90,14,48,5,10.193948361787585,9
605,6,12,9,5,10.175309866966638,7
606,98,27,49,9,10.169586744689955,18
607,49,15,103,6,10.148783757975782,9
608,92,16,68,5,10.147306838487294,11
609,96,11,23,4,10.143008283174428,7
610,53,37,31,14,10.136338371296794,23
611,78,12,114,5,10.123963867745244,7
612,74,11,29,4,10.117149758840515,7
613,53,36,36,11,10.114732824687982,25
614,71,21,54,8,10.113144202991709,13
615,40,16,49,6,10.077718304922936,10
616,49,37,69,15,10.076509248182436,22
617,13,23,83,8,10.067954696106945,15
618,73,18,40,6,10.060776256522114,12
619,107,16,10,6,10.056408787562026,10
620,44,10,38,3,10.048373138060263,7
621,34,21,19,7,10.046525413696887,14
622,87,14,66,5,10.045799735479148,9
623,70,10,3,3,10.036631807498475,7
624,110,13,107,4,10.034721322746927,9
625,28,21,72,7,10.026127135244147,14
626,30,27,84,8,10.023299208241372,19
627,89,16,37,7,10.02210147471719,9
628,28,39,75,13,10.021801272184058,26
629,76,19,57,6,10.02019313359368,13
630,111,19,63,7,10.01291034850113,12
631,104,23,71,9,10.004145398382484,14
632,95,25,65,9,9.98743882075493,16
633,53,21,12,8,9.979940044053075,13
634,6,15,61,5,9.976861344972216,10
635,91,12,109,4,9.971568873148838,8
636,46,14,90,5,9.960134782518509,9
637,75,15,29,6,9.923300198268768,9
638,95,10,2,3,9.920312629990494,7
639,1,11,57,4,9.916035104284747,7
640,30,18,70,7,9.91397370546994,11
641,54,34,60,11,9.913747967452041,23
642,103,21,68,8,9.904114100948451,13
643,15,13,79,5,9.900324352891094,8
644,11,14,83,4,9.896151919094924,10
645,110,20,16,7,9.893450419413218,13
646,17,15,71,6,9.87407872077162,9
647,22,12,27,4,9.866452926590917,8
648,38,14,57,6,9.86255538369697,8
649,9,32,31,11,9.853659783790295,21
650,51,26,33,7,9.853114112635913,19
651,74,10,3,3,9.841517466916368,7
652,53,10,98,4,9.839111782848335,6
653,9,17,47,6,9.833363334347133,11
654,75,19,109,6,9.83076635543319,13
655,47,17,69,6,9.824856595944091,11
656,54,13,57,3,9.824315369895022,10
657,12,16,15,6,9.822957668607778,10
658,81,12,109,4,9.819741316945185,8
659,11,40,109,13,9.818197495918092,27
660,40,24,17,8,9.815776001763272,16
661,63,40,48,14,9.811551158222233,26
662,104,18,79,7,9.811537818194267,11
663,106,24,18,8,9.811498602513073,16
664,27,20,55,6,9.808864964478703,14
665,111,10,70,4,9.807746966138032,6
666,53,21,109,7,9.80472277411344,14
667,114,16,62,6,9.799890996069497,10
668,62,10,93,4,9.798162399200413,6
669,37,24,83,9,9.783726366978422,15
670,95,30,51,9,9.77001175442697,21
671,65,46,93,18,9.761587206731543,28
672,15,14,53,5,9.75938988218119,9
673,63,52,84,20,9.74716223383734,32
674,13,57,3,19,9.73256576715438,38
675,43,19,31,10,9.72085277355369,9
676,48,13,89,3,9.72016162500569,10
677,78,12,37,4,9.719307443467278,8
678,52,15,8,5,9.715026692600484,10
679,28,18,111,6,9.712251206209237,12
680,2,10,48,3,9.702269151070572,7
681,8,34,114,11,9.699231858321156,23
682,88,22,112,8,9.681832903230312,14
683,79,18,65,7,9.67569283729834,11
684,64,47,60,15,9.661747726131631,32
685,100,12,71,4,9.660687520316314,8
686,21,11,88,4,9.657212734415223,7
687,74,41,46,14,9.651769490532574,27
688,22,10,114,5,9.649313306364824,5
689,75,40,8,13,9.637059553855455,27
690,41,23,53,8,9.631953807885305,15
691,18,44,39,15,9.631462427764966,29
692,70,17,109,6,9.623350653501722,11
693,99,14,8,6,9.611065592860317,8
694,83,18,84,7,9.609473734372155,11
695,72,11,104,4,9.607945163400757,7
696,16,15,10,5,9.607669865815327,10
697,8,13,53,4,9.596286006275319,9
698,48,19,108,6,9.58641061639515,13
699,92,10,31,4,9.586105290347549,6
700,54,21,43,8,9.585604342831404,13
701,73,20,7,8,9.582485903794176,12
702,27,28,31,12,9.569633624787398,16
703,26,23,13,7,9.562123129591575,16
704,17,17,3,7,9.550337372259282,10
705,18,13,34,4,9.550016463821066,9
706,33,25,107,10,9.539564483245075,15
707,20,11,75,4,9.527707505687728,7
708,92,11,97,5,9.525917165548373,6
709,1,22,31,9,9.525804060927042,13
710,20,32,25,11,9.520523686179047,21
711,62,14,64,6,9.51528432405094,8
712,8,17,36,6,9.512360266950532,11
713,33,13,69,5,9.51115802646404,8
714,90,14,80,4,9.509239360264802,10
715,114,13,2,5,9.509158562417845,8
716,15,35,51,13,9.50362708455373,22
717,37,22,99,7,9.502759058160704,15
718,75,29,5,12,9.487135559909316,17
719,3,11,85,5,9.478406721140285,6
720,13,22,98,7,9.474726692398676,15
721,23,16,57,6,9.474501256774843,10
722,16,47,96,14,9.462953828826514,33
723,32,11,63,4,9.44232166344675,7
724,13,15,2,6,9.422510080465475,9
725,16,13,56,4,9.403965360554954,9
726,27,16,38,5,9.401601002215303,11
727,109,11,36,3,9.390936468630548,8
728,107,26,103,9,9.38527765474234,17
729,81,25,16,9,9.384174025613891,16
730,73,14,54,5,9.38293263538315,9
731,27,16,4,6,9.378715415982096,10
732,100,23,76,9,9.372708881255944,14
733,28,19,12,6,9.364727152511893,13
734,26,12,28,4,9.352858082446945,8
735,1,20,87,8,9.344990956449255,12
736,54,13,81,5,9.33569894630605,8
737,77,10,84,3,9.326879307665175,7
738,18,30,9,10,9.325317307118523,20
739,29,26,86,9,9.312176261822101,17
740,45,10,38,3,9.31109379184883,7
741,49,10,74,4,9.302425288754323,6
742,12,11,17,4,9.294611804735958,7
743,62,24,40,11,9.275726600058688,13
744,47,26,60,9,9.272798561110866,17
745,54,30,27,11,9.269071237772646,19
746,114,17,94,7,9.267018335328505,10
747,104,23,84,9,9.26674641219393,14
748,87,27,93,10,9.26552442404966,17
749,20,16,90,6,9.256704804618028,10
750,78,15,53,6,9.245467105519946,9
751,18,12,62,4,9.234800982158571,8
752,91,23,20,9,9.233435902067155,14
753,54,17,3,7,9.232444908063068,10
754,30,47,13,17,9.230035525939986,30
755,70,16,69,5,9.227346228401577,11
756,68,22,109,7,9.205767765094537,15
757,93,11,90,4,9.204947446014167,7
758,79,10,41,4,9.204704069079494,6
759,95,21,114,8,9.195016624238175,13
760,81,16,63,6,9.193429569946275,10
761,68,31,18,11,9.190826393650621,20
762,23,14,91,6,9.188824217195526,8
763,54,19,58,8,9.183988111852093,11
764,53,14,38,5,9.17946873124013,9
765,102,37,86,13,9.175322859485366,24
766,112,22,29,8,9.174610307731976,14
767,63,14,72,4,9.168022793278993,10
768,62,21,63,8,9.161474645821357,13
769,76,14,10,5,9.157178184443993,9
770,50,43,5,17,9.15604936984071,26
771,39,25,106,10,9.15596937875274,15
772,1,11,5,4,9.143641454097294,7
773,28,23,112,8,9.12022356401639,15
774,57,13,2,5,9.119959996501729,8
775,92,11,17,4,9.114563540800479,7
776,109,15,31,5,9.11388757240418,10
777,94,12,75,4,9.080901166069646,8
778,95,34,8,13,9.07920947405897,21
779,57,16,40,6,9.075047590769481,10
780,80,39,107,13,9.074881524481428,26
781,49,14,55,5,9.07453979611351,9
782,44,29,86,10,9.073857704921485,19
783,100,31,60,11,9.061505094229702,20
784,35,16,45,7,9.040031591861496,9
785,5,15,36,6,9.008614310253613,9
786,30,30,88,12,9.008031571554385,18
787,85,19,50,7,9.007921978503543,12
788,8,64,5,24,9.002251377410767,40
789,1,25,65,10,9.00217902882169,15
790,38,10,72,4,8.999506480702252,6
791,78,15,80,5,8.990142670025016,10
792,48,10,81,3,8.9896961045111,7
793,108,12,38,4,8.987877726501685,8
794,97,18,36,7,8.970668153566256,11
795,47,20,114,8,8.969382880850313,12
796,11,14,81,5,8.967824856070829,9
797,11,34,41,11,8.953991407123153,23
798,73,11,70,5,8.94135129372028,6
799,51,26,74,8,8.938947542412071,18
800,73,12,31,4,8.93891957013575,8
801,84,29,29,11,8.921575167609982,18
802,26,10,88,4,8.919527282390272,6
803,110,19,25,6,8.91770167255822,13
804,63,15,10,5,8.910939208335906,10
805,69,12,97,4,8.888377862411463,8
806,90,23,13,8,8.883764352926049,15
807,49,11,53,4,8.87692828941625,7
808,16,35,64,12,8.874392886938713,23
809,112,12,98,4,8.873991556640124,8
810,6,15,12,7,8.87368712650089,8
811,35,16,51,6,8.849945437990394,10
812,32,15,87,5,8.844155029434871,10
813,87,34,70,14,8.840892511659126,20
814,108,19,98,7,8.831626423504039,12
815,12,40,107,13,8.83024040628561,27
816,63,19,36,7,8.822881427312195,12
817,63,22,77,7,8.819997532642512,15
818,84,19,19,7,8.813396640852732,12
819,36,18,47,6,8.810892372607718,12
820,106,10,42,3,8.802546839644403,7
821,63,18,19,6,8.792724982250471,12
822,6,12,46,5,8.791371018033741,7
823,26,11,107,4,8.789963547813729,7
824,77,14,99,4,8.784719144285264,10
825,27,33,94,12,8.781173446924036,21
826,16,27,1,8,8.777340054296332,19
827,15,42,88,13,8.764269632154086,29
828,74,37,84,16,8.764103490564013,21
829,8,34,84,12,8.76285424467774,22
830,28,16,52,6,8.75730555636181,10
831,38,14,106,7,8.745019433529976,7
832,65,11,32,4,8.739314169667136,7
833,57,26,46,10,8.738900979302741,16
834,34,18,103,6,8.732399245718991,12
835,4,22,17,7,8.727735068009611,15
836,58,10,45,4,8.721721801464437,6
837,45,15,86,6,8.710518828201984,9
838,28,23,62,9,8.703867920620008,14
839,38,16,3,6,8.700552917920668,10
840,46,13,77,5,8.692557302357292,8
841,39,41,20,17,8.683414479878406,24
842,39,67,68,26,8.67961042805456,41
843,19,12,31,4,8.67684008479621,8
844,53,11,54,4,8.67028832638361,7
845,70,12,58,4,8.66252309250944,8
846,73,28,8,11,8.656865963639591,17
847,87,32,91,11,8.611558511652305,21
848,13,22,6,8,8.600067561462977,14
849,44,23,6,7,8.597523681350719,16
850,2,34,107,12,8.596357154255273,22
851,53,18,77,7,8.576780251337041,11
852,95,23,55,8,8.57500650986488,15
853,9,22,104,8,8.574493523715214,14
854,103,19,57,7,8.574069971356533,12
855,49,10,93,4,8.57216379677568,6
856,111,25,107,11,8.570266784296765,14
857,16,50,18,17,8.567253156067279,33
858,91,13,71,5,8.567246551132914,8
859,41,12,80,4,8.558761558111065,8
860,78,11,36,4,8.552435160203324,7
861,94,11,2,4,8.550586885180525,7
862,16,15,67,5,8.550473387804702,10
863,94,12,35,5,8.545638882275084,7
864,91,13,65,5,8.541931736396267,8
865,110,11,63,4,8.534985747455591,7
866,53,20,61,6,8.524850655507475,14
867,81,22,69,9,8.517997866855394,13
868,20,22,9,8,8.515923532058864,14
869,50,11,52,5,8.515472572504802,6
870,55,25,64,8,8.51293322653446,17
871,91,10,45,4,8.504304930616431,6
872,64,28,40,10,8.496071624321134,18
873,30,31,77,11,8.492722562396102,20
874,104,19,69,6,8.491359963005367,13
875,55,14,85,5,8.476039600481302,9
876,34,24,51,9,8.4699102284808,15
877,103,28,19,11,8.469047877005721,17
878,50,20,48,7,8.466418162124782,13
879,39,26,112,10,8.464674026518864,16
880,63,37,20,15,8.464473402081477,22
881,27,28,103,10,8.462369908938332,18
882,12,16,106,5,8.461406597257815,11
883,76,22,94,7,8.458632259785002,15
884,95,14,96,5,8.450373982592184,9
885,8,24,41,8,8.446748885751393,16
886,29,11,95,4,8.438441558722088,7
887,96,24,70,11,8.437417991026258,13
888,55,20,114,7,8.432483182241096,13
889,88,15,103,6,8.430464226549896,9
890,73,19,90,7,8.424101991862461,12
891,41,12,102,4,8.421036787338002,8
892,13,23,103,7,8.418538595487911,16
893,109,14,67,7,8.410228891959635,7
894,62,25,68,10,8.382615098007266,15
895,58,29,13,9,8.381428024864276,20
896,27,48,60,16,8.376015772921443,32
897,7,45,25,16,8.3728066183483,29
898,7,22,5,8,8.357081514884822,14
899,41,33,31,12,8.353957395244583,21
900,65,32,102,11,8.353467426988884,21
901,48,25,96,9,8.343995751105185,16
902,54,54,109,19,8.336552490351869,35
903,76,14,108,5,8.33452707348594,9
904,39,15,14,6,8.331118383446642,9
905,100,37,43,15,8.326402551835553,22
906,25,15,9,5,8.323455878342038,10
907,79,20,51,9,8.309517555811908,11
908,37,43,46,14,8.306667442353499,29
909,92,13,63,6,8.301235837359338,7
910,86,17,56,6,8.300855291965847,11
911,90,31,106,10,8.283845461248369,21
912,41,18,91,6,8.2766719527744,12
913,37,12,14,5,8.26646783507543,7
914,8,29,15,12,8.254756555500954,17
915,93,10,76,4,8.25053412937542,6
916,75,18,1,6,8.241769187322511,12
917,30,27,109,9,8.235429301251182,18
918,69,21,106,8,8.230262561693127,13
919,99,10,71,4,8.224966300288866,6
920,112,14,40,6,8.221202026655064,8
921,34,12,15,4,8.21712681074699,8
922,16,76,27,28,8.208343393350665,48
923,64,42,51,16,8.201880887276834,26
924,74,25,39,10,8.195535087876934,15
925,92,16,40,6,8.191919233506125,10
926,7,53,87,19,8.186933222272419,34
927,27,46,78,15,8.177796012112763,31
928,72,19,49,7,8.165643444811542,12
929,33,17,20,6,8.157924685534638,11
930,68,31,8,12,8.152272734975396,19
931,12,18,38,7,8.148426278473252,11
932,4,10,112,4,8.145974306589784,6
933,56,14,107,6,8.142413744294041,8
934,50,36,55,15,8.131693382626922,21
935,20,11,110,4,8.125291114928707,7
936,9,12,98,5,8.123745049728663,7
937,81,11,111,3,8.120062859865856,8
938,100,30,29,12,8.110545199162955,18
939,30,31,55,11,8.098468910297386,20
940,73,14,51,5,8.09774388932274,9
941,95,11,49,3,8.095998639719062,8
942,86,57,76,22,8.0850118495849,35
943,43,17,4,7,8.083539648296874,10
944,8,17,32,7,8.079749532998788,10
945,110,16,97,6,8.077466293642962,10
946,28,23,19,8,8.074139814737283,15
947,50,18,70,8,8.072010588554928,10
948,76,38,68,11,8.067259765332082,27
949,78,37,87,14,8.058116178413243,23
950,30,52,39,21,8.05745380093896,31
951,19,15,46,6,8.056646218005667,9
952,30,15,12,5,8.054443061149305,10
953,16,45,69,16,8.054291070790875,29
954,20,36,84,11,8.048616703285955,25
955,98,15,48,5,8.040930745507078,10
956,30,10,66,3,8.038057442870677,7
957,100,18,18,8,8.035989461751754,10
958,62,15,15,6,8.02601563399492,9
959,63,12,52,5,8.01519600341839,7
960,35,11,9,5,8.012816785902414,6
961,65,28,5,11,8.012091300535628,17
962,91,31,98,12,8.010154956050263,19
963,41,18,81,6,8.009042710590085,12
964,39,42,88,16,8.00437800921,26
965,102,19,96,7,7.995631160966492,12
966,98,16,40,7,7.993416961646092,9
967,20,19,3,7,7.987586080022351,12
968,5,28,84,11,7.986435375626316,17
969,34,20,68,8,7.978044783319159,12
970,58,10,61,4,7.964357976226594,6
971,75,44,50,15,7.963443352466475,29
972,23,21,39,8,7.963088024258928,13
973,102,15,34,5,7.962391346680716,10
974,98,19,71,7,7.940784287039028,12
975,30,12,2,5,7.930773013016304,7
976,78,16,103,4,7.929047988565182,12
977,78,27,3,11,7.92862726612861,16
978,30,13,33,4,7.91339518812487,9
979,88,10,82,4,7.912578083642501,6
980,71,13,38,4,7.906029048659731,9
981,78,11,31,5,7.904414780494012,6
982,53,14,90,5,7.9010322992925905,9
983,17,16,29,7,7.899676305324428,9
984,54,34,40,13,7.877426017050995,21
985,27,35,77,13,7.8745216976485,22
986,114,25,90,10,7.870165683504547,15
987,27,26,53,9,7.864216242382971,17
988,28,30,2,11,7.862984699152351,19
989,44,12,35,5,7.859665557157527,7
990,106,26,91,9,7.859341034872011,17
991,11,13,66,6,7.856337586346077,7
992,114,20,1,7,7.837742070296789,13
993,70,16,93,6,7.834949393241649,10
994,13,58,43,25,7.834617919431734,33
995,5,22,17,7,7.829641724195981,15
996,54,14,108,4,7.821734358546891,10
997,25,46,46,19,7.820401195025543,27
998,87,42,9,17,7.80316774506683,25
999,3,17,94,7,7.803158745647018,10
1000,114,12,110,4,7.800316810979699,8
1001,108,11,78,4,7.797957113003343,7
1002,19,31,3,12,7.789818156079737,19
1003,107,31,31,15,7.788469010128701,16
1004,47,10,111,4,7.786638633209638,6
1005,27,62,87,24,7.782709431356689,38
1006,114,18,81,8,7.77743951670038,10
1007,92,14,114,4,7.774797164908201,10
1008,29,19,34,8,7.767616545334048,11
1009,53,11,73,4,7.756297558195458,7
1010,98,12,30,5,7.75360326573728,7
1011,100,38,11,14,7.7524005573637345,24
1012,111,19,51,7,7.750696049131197,12
1013,28,29,68,10,7.748993038967358,19
1014,30,10,111,3,7.74442175449077,7
1015,44,11,84,5,7.741464370739859,6
1016,49,20,29,8,7.741005146754657,12
1017,46,18,29,9,7.738693511487552,9
1018,76,12,72,4,7.731997605583369,8
1019,16,14,101,5,7.729447625525021,9
1020,78,17,104,6,7.72449974280056,11
1021,16,98,39,38,7.7202369961493345,60
1022,72,29,27,12,7.712316498929215,17
1023,114,21,96,8,7.708209589747937,13
1024,86,29,103,10,7.705704717720861,19
1025,98,42,86,17,7.705613124334454,25
1026,75,61,68,22,7.69823200491078,39
1027,86,28,1,11,7.696680317913666,17
1028,111,25,7,10,7.690323425771979,15
1029,5,32,11,12,7.687442157533873,20
1030,65,42,29,16,7.677996095860502,26
1031,8,38,9,17,7.672754136226992,21
1032,37,29,38,11,7.668156637885104,18
1033,37,24,96,10,7.665844925696507,14
1034,41,26,77,9,7.665671674519289,17
1035,34,16,104,6,7.662001460915022,10
1036,27,29,112,11,7.661494705671576,18
1037,104,11,66,3,7.658809119364057,8
1038,104,39,60,12,7.65596663244094,27
1039,33,13,31,6,7.647223417443057,7
1040,70,11,60,4,7.646435749026204,7
1041,97,29,5,10,7.639418302115126,19
1042,100,68,86,28,7.636169972116545,40
1043,69,11,61,3,7.633216471104308,8
1044,71,14,27,5,7.6209744722933594,9
1045,60,32,69,14,7.6138451240077565,18
1046,16,49,9,17,7.600694595422227,32
1047,37,30,7,12,7.59861653018427,18
1048,18,20,36,8,7.594902878501233,12
1049,103,18,84,8,7.589982363677433,10
1050,11,36,57,16,7.587225628637275,20
1051,11,24,103,8,7.5858303179629685,16
1052,72,10,36,4,7.585561627806544,6
1053,28,31,114,13,7.584853881328921,18
1054,12,25,77,10,7.576465102864336,15
1055,53,31,112,14,7.574348903828081,17
1056,100,37,12,15,7.573615059890711,22
1057,34,18,74,6,7.56827768939719,12
1058,75,23,49,9,7.565086245339052,14
1059,60,19,45,8,7.5629346728580105,11
1060,34,18,76,8,7.561119825945015,10
1061,39,20,103,8,7.555167426699789,12
1062,16,74,55,27,7.540678563620176,47
1063,78,28,69,11,7.539471489927142,17
1064,85,10,46,3,7.538229298143683,7
1065,34,22,55,9,7.534603126846269,13
1066,17,15,77,6,7.5333320945765045,9
1067,33,16,7,7,7.5321884826380465,9
1068,6,11,55,3,7.526848268362221,8
1069,41,17,17,6,7.526219064648913,11
1070,6,11,31,5,7.520489323813347,6
1071,65,17,66,6,7.515278237298981,11
1072,86,39,17,17,7.514722263451873,22
1073,85,11,47,3,7.51471835956732,8
1074,108,14,15,5,7.510530648484562,9
1075,107,16,61,7,7.509321940652872,9
1076,64,10,93,5,7.507177747442428,5
1077,7,21,109,8,7.493740572538848,13
1078,71,15,76,7,7.4875920550169335,8
1079,70,14,36,6,7.476080415111225,8
1080,18,25,65,10,7.467319094675642,15
1081,110,18,39,6,7.464111416570432,12
1082,45,12,53,5,7.463487107897499,7
1083,27,11,80,4,7.4617467678086795,7
1084,100,12,70,5,7.458777129644962,7
1085,11,12,71,5,7.444969376445687,7
1086,34,22,49,9,7.4445926572295,13
1087,41,23,19,8,7.443816997766071,15
1088,6,24,16,11,7.439865172191104,13
1089,73,18,5,7,7.416873021801379,11
1090,36,34,41,16,7.412500474371831,18
1091,70,30,20,11,7.408681007686706,19
1092,20,11,94,4,7.40491165274963,7
1093,100,60,87,25,7.404280823590364,35
1094,43,45,86,17,7.4016094223364775,28
1095,75,14,76,6,7.401272000460674,8
1096,39,71,49,26,7.39496585590305,45
1097,10,15,28,5,7.394064388880875,10
1098,7,22,56,9,7.387479337914444,13
1099,16,15,92,4,7.376894869640722,11
1100,71,19,81,7,7.374213709282574,12
1101,13,48,23,21,7.373546879981892,27
1102,73,10,71,4,7.373234065194549,6
1103,56,12,88,5,7.371104573008601,7
1104,31,14,80,4,7.367135464628979,10
1105,25,16,33,5,7.365926272964513,11
1106,3,14,98,7,7.365068031094146,7
1107,16,25,58,9,7.354299843098999,16
1108,109,45,8,19,7.345721442245663,26
1109,23,18,114,6,7.3449426375970175,12
1110,40,41,104,15,7.3422918945341555,26
1111,75,19,11,8,7.336654356306241,11
1112,78,24,34,10,7.336336560215486,14
1113,75,16,2,7,7.332326563651876,9
1114,62,30,88,12,7.323841783087015,18
1115,70,42,5,17,7.323141246130925,25
1116,107,23,66,9,7.314401309911109,14
1117,5,27,98,11,7.298838761636912,16
1118,43,31,40,13,7.287691070183644,18
1119,2,18,54,6,7.287492324178089,12
1120,23,18,17,7,7.286484354574564,11
1121,97,16,29,6,7.284915525257291,10
1122,107,45,49,17,7.2846764816960015,28
1123,55,20,68,7,7.273979151335484,13
1124,62,10,96,3,7.268496266352457,7
1125,110,16,70,6,7.267896542251018,10
1126,20,17,98,6,7.267496359610289,11
1127,100,14,48,6,7.263809625362946,8
1128,75,19,81,7,7.259552889264536,12
1129,69,12,96,4,7.2527556906488675,8
1130,13,42,8,16,7.249552270590032,26
1131,31,14,5,5,7.246607645789558,9
1132,34,29,87,11,7.243810943600305,18
1133,48,40,107,16,7.241941399148153,24
1134,114,27,40,9,7.240772461331045,18
1135,114,16,30,7,7.22328003108775,9
1136,16,127,88,48,7.222671198691883,79
1137,16,49,46,18,7.215241172016058,31
1138,103,19,12,9,7.213680669512279,10
1139,30,15,90,6,7.21256730381331,9
1140,98,14,93,6,7.212314028509714,8
1141,86,22,52,8,7.203855363753255,14
1142,63,48,88,17,7.199538990307218,31
1143,112,15,43,6,7.1893251112725824,9
1144,107,41,43,16,7.18538894919688,25
1145,98,24,29,9,7.180316216962127,15
1146,36,16,112,6,7.175574629533444,10
1147,30,13,61,5,7.169715355965248,8
1148,114,19,57,7,7.168179779176467,12
1149,40,15,19,5,7.165223067658166,10
1150,16,39,76,18,7.164960603305953,21
1151,17,23,60,9,7.159951280063795,14
1152,69,13,48,6,7.158814996268277,7
1153,19,18,108,7,7.157387609947201,11
1154,80,13,30,5,7.153305949978551,8
1155,114,25,3,9,7.152889180930058,16
1156,29,14,37,6,7.147246302868525,8
1157,97,26,51,9,7.145200913148905,17
1158,111,12,69,5,7.144443379259749,7
1159,33,13,78,5,7.142209395263028,8
1160,97,28,68,11,7.141635420047944,17
1161,27,39,15,17,7.136849333340005,22
1162,30,14,58,5,7.134101849433167,9
1163,62,11,38,4,7.131662703916968,7
1164,16,77,63,30,7.1283657008650145,47
1165,13,12,93,5,7.127658172301537,7
1166,67,12,107,4,7.124134838046416,8
1167,57,10,35,3,7.121001943594234,7
1168,86,30,83,10,7.114862976089353,20
1169,45,33,7,13,7.114147641228474,20
1170,13,64,106,25,7.112707704477979,39
1171,40,51,55,19,7.109300201154281,32
1172,100,32,54,12,7.106265052685026,20
1173,1,10,45,4,7.100044646871245,6
1174,104,27,3,10,7.0862804085077595,17
1175,85,10,53,3,7.078145746437185,7
1176,37,50,25,21,7.070541112352608,29
1177,99,18,36,6,7.061516094995866,12
1178,30,29,94,12,7.046346615387434,17
1179,72,11,114,5,7.039741382461145,6
1180,94,18,60,7,7.0351599724686675,11
1181,37,19,27,7,7.034792767414978,12
1182,80,10,43,4,7.031005677454651,6
1183,86,114,51,48,7.029974414103494,66
1184,95,15,40,6,7.026458120737086,9
1185,87,27,53,12,7.022639512769474,15
1186,51,16,92,7,7.0168491500307955,9
1187,63,25,38,8,7.013791456544737,17
1188,100,26,102,9,7.010528546414991,17
1189,40,13,69,4,7.006717860168273,9
1190,76,25,9,9,7.003638818234505,16
1191,30,26,37,9,6.995271622141733,17
1192,4,21,87,7,6.993636995986404,14
1193,62,15,5,6,6.992708759597396,9
1194,111,24,13,11,6.988942249892514,13
1195,17,20,55,9,6.987444025974706,11
1196,53,30,30,12,6.984989750265449,18
1197,15,12,6,4,6.9844847610743175,8
1198,57,22,43,7,6.979538883847618,15
1199,29,22,68,8,6.975698761703104,14
1200,18,23,97,9,6.9651635757198616,14
1201,16,34,36,13,6.962309553248682,21
1202,102,22,87,8,6.961827622477074,14
1203,111,15,39,6,6.960860011711803,9
1204,32,18,104,6,6.9592250863895515,12
1205,91,19,50,7,6.959059467736711,12
1206,90,20,63,8,6.95733483322537,12
1207,109,30,55,14,6.952801077513015,16
1208,4,25,51,9,6.952578906103851,16
1209,58,20,88,8,6.951724289335951,12
1210,60,33,50,15,6.944865376684978,18
1211,99,12,88,5,6.93913123202866,7
1212,87,39,40,17,6.915208460636839,22
1213,28,17,29,7,6.9055265224567925,10
1214,58,21,68,8,6.904652684866492,13
1215,107,33,62,15,6.902263747551282,18
1216,88,13,67,4,6.891493842154361,9
1217,18,17,112,6,6.887267609994756,11
1218,29,28,15,11,6.882712695666235,17
1219,106,15,99,5,6.882359612487443,10
1220,16,43,91,15,6.876030290903075,28
1221,34,12,38,4,6.871444823359393,8
1222,29,19,69,8,6.870269758663409,11
1223,60,43,4,19,6.864343045215706,24
1224,41,47,86,17,6.858675087687558,30
1225,11,36,68,15,6.855439241001142,21
1226,7,99,51,37,6.849475435937798,62
1227,75,28,47,9,6.839491111976113,19
1228,20,15,29,6,6.832826874702712,9
1229,95,25,106,9,6.830338155584791,16
1230,68,69,31,28,6.821634358561019,41
1231,56,13,4,6,6.816273515879686,7
1232,50,22,102,10,6.809919414830619,12
1233,14,21,28,7,6.807027415542909,14
1234,28,14,108,6,6.806119384401875,8
1235,28,16,49,7,6.801284823553006,9
1236,2,14,38,6,6.792448237787319,8
1237,80,29,87,11,6.787984537789177,18
1238,79,15,108,5,6.783855393965387,10
1239,8,10,42,5,6.780541784776636,5
1240,86,82,96,32,6.75704159555934,50
1241,51,64,63,28,6.753726451822532,36
1242,33,17,50,7,6.750798742645289,10
1243,63,27,109,12,6.749986635160673,15
1244,94,10,71,4,6.748460655059323,6
1245,45,13,68,5,6.747691137383074,8
1246,100,23,74,9,6.742923050259366,14
1247,104,16,19,6,6.742171792497148,10
1248,15,20,69,7,6.736896270525394,13
1249,74,38,96,14,6.7318287322523656,24
1250,14,13,95,5,6.73140528118727,8
1251,103,13,94,6,6.717236128190117,7
1252,28,35,97,13,6.716635909782017,22
1253,83,15,74,7,6.703298030488861,8
1254,63,25,23,9,6.701335055503619,16
1255,108,27,87,11,6.694313772581369,16
1256,11,24,98,10,6.689063597940289,14
1257,64,38,31,15,6.680717740842574,23
1258,23,31,68,14,6.6769594800553715,17
1259,34,34,86,14,6.6743605007457365,20
1260,14,15,88,6,6.669368246830069,9
1261,85,20,54,7,6.664179187550934,13
1262,19,13,80,5,6.657036501175089,8
1263,83,11,71,5,6.6562053803338666,6
1264,71,19,37,8,6.653996053488666,11
1265,32,26,5,10,6.647447060451906,16
1266,68,60,87,24,6.645245148796487,36
1267,76,51,51,19,6.64314149833777,32
1268,102,19,88,6,6.636908554010762,13
1269,74,16,71,7,6.635644376222863,9
1270,4,30,65,12,6.635600395573753,18
1271,49,29,77,10,6.634323972200786,19
1272,39,22,37,9,6.6321566948630455,13
1273,47,43,13,17,6.6302542913878515,26
1274,98,29,63,12,6.629039814212708,17
1275,39,102,51,41,6.628453471772387,61
1276,25,48,5,19,6.626414170343125,29
1277,20,21,68,9,6.61913663037499,12
1278,23,14,30,6,6.618468991829204,8
1279,102,12,77,5,6.618078815941925,7
1280,70,18,64,6,6.6150540525041945,12
1281,70,15,29,7,6.61208942766715,8
1282,11,25,35,10,6.609898653259957,15
1283,71,52,13,22,6.6022668326221785,30
1284,87,52,19,20,6.602147724517378,32
1285,73,16,13,6,6.598047492921335,10
1286,41,14,90,6,6.596764805214359,8
1287,64,31,63,13,6.5953519944401595,18
1288,49,33,3,14,6.592008597219497,19
1289,86,29,73,13,6.584732384148775,16
1290,27,11,101,4,6.582303845846215,7
1291,84,28,57,13,6.577348977317855,15
1292,49,33,60,13,6.571608518361557,20
1293,53,26,114,11,6.571088082289225,15
1294,75,31,63,13,6.570041946714362,18
1295,74,15,91,6,6.5630560139016625,9
1296,112,15,30,5,6.562692428407154,10
1297,64,22,19,7,6.560999233342087,15
1298,55,26,97,10,6.55988722490137,16
1299,85,15,65,6,6.556919781757104,9
1300,106,32,23,15,6.549055396089183,17
1301,58,16,112,7,6.5464579572728105,9
1302,39,30,77,13,6.543255167179636,17
1303,81,48,13,18,6.534046463710123,30
1304,87,63,37,25,6.532950417511036,38
1305,94,14,34,6,6.531647534575397,8
1306,91,13,80,5,6.531108694088667,8
1307,102,12,38,3,6.529266346603467,9
1308,44,16,64,6,6.52641817446092,10
1309,98,16,12,6,6.5172917110234705,10
1310,15,14,91,7,6.516506116971912,7
1311,60,20,66,7,6.5151715619171755,13
1312,55,66,65,27,6.5120252706716855,39
1313,74,29,55,12,6.5036195464677915,17
1314,90,11,102,6,6.502237322589013,5
1315,112,28,76,12,6.4984423567384235,16
1316,13,83,87,32,6.485117198799967,51
1317,98,11,68,4,6.469927695975062,7
1318,89,14,74,6,6.468908820916452,8
1319,35,12,15,6,6.467296765301501,6
1320,97,19,57,8,6.46500951562063,11
1321,11,15,10,6,6.454288934219358,9
1322,8,20,91,8,6.453847873736635,12
1323,93,28,54,10,6.453790444084362,18
1324,68,16,33,6,6.451134609706935,10
1325,69,18,94,7,6.432434124144731,11
1326,75,21,100,10,6.42687784088126,11
1327,96,23,80,9,6.423400971659434,14
1328,84,28,48,11,6.421668889523295,17
1329,61,10,23,4,6.419517618014351,6
1330,7,20,62,8,6.416308867276496,12
1331,64,38,65,16,6.415105269042925,22
1332,91,18,54,8,6.414686940093471,10
1333,48,21,55,8,6.406579400537662,13
1334,80,20,37,8,6.401050818487377,12
1335,79,12,49,4,6.395374558799645,8
1336,54,62,70,25,6.393751574298834,37
1337,86,38,48,15,6.392497095701149,23
1338,33,13,96,7,6.392035038140804,6
1339,28,16,27,5,6.382931621067466,11
1340,70,20,98,7,6.375551069484688,13
1341,72,18,17,7,6.374145428769875,11
1342,33,15,102,6,6.371524301983967,9
1343,56,10,37,4,6.3674406628794715,6
1344,78,22,77,9,6.367424532128866,13
1345,7,24,46,8,6.3620461131037525,16
1346,64,19,43,8,6.359617177052285,11
1347,30,16,62,7,6.3590034015997015,9
1348,92,13,27,6,6.356396578041118,7
1349,85,17,96,5,6.345069391274805,12
1350,15,15,75,5,6.343731652265016,10
1351,28,43,9,19,6.342362216975373,24
1352,28,34,7,13,6.33926057444583,21
1353,89,12,55,5,6.335775873531133,7
1354,77,37,51,16,6.3237027482982455,21
1355,107,48,53,19,6.300738049492767,29
1356,43,16,8,7,6.297331254782461,9
1357,86,55,97,23,6.295568946747489,32
1358,28,36,102,15,6.294379170221607,21
1359,100,18,84,6,6.292769168431847,12
1360,40,68,68,26,6.288399173895761,42
1361,12,15,4,5,6.2855790295334035,10
1362,29,14,93,6,6.281843189307094,8
1363,86,21,4,8,6.279484499549702,13
1364,55,24,70,10,6.272647161931926,14
1365,20,45,5,17,6.2703736334427855,28
1366,15,12,95,5,6.265255655621168,7
1367,107,65,55,27,6.2629651896189,38
1368,48,10,46,4,6.2577441282220505,6
1369,37,49,63,19,6.239339617220506,30
1370,114,48,5,20,6.2376335334787205,28
1371,95,10,94,5,6.229015093991729,5
1372,28,37,70,15,6.2149266559981875,22
1373,114,24,70,9,6.214622620602992,15
1374,35,15,84,6,6.209299301194259,9
1375,108,26,88,10,6.206778138596414,16
1376,63,14,12,7,6.204748395941865,7
1377,50,30,71,13,6.204695227712774,17
1378,74,28,70,13,6.203999405338759,15
1379,63,28,2,12,6.2000184918514885,16
1380,87,26,97,9,6.190868250218132,17
1381,47,17,28,7,6.182374184386464,10
1382,80,10,93,5,6.175234905241023,5
1383,89,18,107,7,6.170428149811337,11
1384,13,47,36,18,6.167141158071527,29
1385,104,58,28,24,6.161167829833448,34
1386,23,25,100,10,6.160200190912252,15
1387,50,11,81,5,6.158903696641053,6
1388,18,12,103,4,6.156389570504274,8
1389,100,32,7,13,6.153012622391108,19
1390,114,48,68,20,6.151577271829131,28
1391,73,24,74,9,6.15033234594065,15
1392,16,114,87,46,6.136840554708106,68
1393,76,17,48,6,6.130488708954145,11
1394,3,18,50,8,6.122691253496959,10
1395,63,18,66,7,6.119936177330313,11
1396,81,13,31,4,6.1171597913254,9
1397,10,13,48,5,6.110914502877383,8
1398,90,12,7,5,6.108519045195328,7
1399,98,30,76,12,6.108080609901331,18
1400,84,12,15,5,6.098921486728436,7
1401,62,16,69,7,6.098141811871047,9
1402,3,25,57,10,6.096683992802313,15
1403,54,11,47,5,6.095812400128515,6
1404,96,14,108,6,6.092516088942797,8
1405,49,32,51,13,6.089422332353599,19
1406,9,26,84,11,6.089357364465301,15
1407,23,13,102,6,6.080684731147933,7
1408,3,11,90,5,6.078153120016463,6
1409,23,27,41,11,6.068042449918643,16
1410,98,22,84,8,6.0610062755899206,14
1411,63,24,18,9,6.046455003215185,15
1412,62,30,51,12,6.046321991251018,18
1413,8,62,63,27,6.040704829296191,35
1414,104,41,55,17,6.036207114699971,24
1415,7,24,98,9,6.033686003781979,15
1416,26,10,68,4,6.030745942778483,6
1417,103,17,17,6,6.0229130636562775,11
1418,16,130,107,49,6.021724458014048,81
1419,29,15,48,6,6.020141509256065,9
1420,27,18,35,7,6.016767935838183,11
1421,107,69,104,28,6.010771127855349,41
1422,29,34,19,13,6.00627953752052,21
1423,65,51,9,20,6.006217714596818,31
1424,106,47,5,18,6.005839560090041,29
1425,57,26,63,12,6.001123193099421,14
1426,94,21,54,9,6.000772945562414,12
1427,114,25,31,11,5.991876520395493,14
1428,3,25,77,11,5.9828883907564485,14
1429,94,17,37,7,5.9815536162143665,10
1430,23,45,88,17,5.980554234925403,28
1431,71,13,109,5,5.977466642753509,8
1432,64,20,18,8,5.974775055211903,12
1433,78,30,8,12,5.971195592839112,18
1434,47,16,81,6,5.96783503011096,10
1435,97,18,40,7,5.96691841614039,11
1436,39,34,29,16,5.9660900499545715,18
1437,104,46,50,18,5.958647190439788,28
1438,97,12,10,6,5.950831581917697,6
1439,28,15,53,6,5.945744364633269,9
1440,16,48,17,17,5.940232340982307,31
1441,16,28,38,9,5.939629377317459,19
1442,53,26,104,11,5.936620222245529,15
1443,73,20,114,8,5.924435121305104,12
1444,78,23,7,11,5.919551023484508,12
1445,54,84,88,34,5.915269494128592,50
1446,17,13,30,6,5.914473055416309,7
1447,37,22,110,10,5.913666685850416,12
1448,13,24,76,10,5.9080487723563095,14
1449,75,45,9,18,5.89399328159944,27
1450,101,15,68,5,5.891939886749792,10
1451,37,11,3,5,5.8897383384754045,6
1452,17,16,43,7,5.8888013330711,9
1453,10,15,57,5,5.8872808270615,10
1454,41,21,28,9,5.88701051181256,12
1455,75,17,108,7,5.88550634585497,10
1456,46,12,36,5,5.882094180819337,7
1457,30,71,16,28,5.881090287787545,43
1458,28,12,31,5,5.876337878232255,7
1459,51,19,91,7,5.873980399232273,12
1460,55,18,98,7,5.870446924304782,11
1461,60,32,15,14,5.866410164624052,18
1462,54,36,95,16,5.865979569344116,20
1463,18,31,8,11,5.865710785121709,20
1464,34,17,7,7,5.86350495140184,10
1465,7,21,112,8,5.863389950487476,13
1466,104,52,51,19,5.856995324327739,33
1467,75,16,93,7,5.854064268882733,9
1468,80,12,79,6,5.851472407179259,6
1469,65,17,14,8,5.850273562995321,9
1470,13,40,69,16,5.843363292908417,24
1471,16,23,93,11,5.842811946264205,12
1472,54,29,49,12,5.8414712309316155,17
1473,88,13,66,5,5.838752373213262,8
1474,49,13,18,5,5.8383979967364645,8
1475,8,34,57,13,5.837314748465126,21
1476,63,40,13,17,5.836981602703613,23
1477,16,51,3,20,5.834346763807346,31
1478,13,49,25,22,5.827601447712149,27
1479,8,37,93,16,5.8241714732303524,21
1480,86,56,75,25,5.819454003755878,31
1481,19,13,85,5,5.818975421540367,8
1482,79,13,20,5,5.810117746469002,8
1483,73,20,109,8,5.807578339260896,12
1484,8,19,98,7,5.806615359942182,12
1485,10,11,106,3,5.803672894932928,8
1486,91,19,31,7,5.801858258461762,12
1487,48,13,19,6,5.7924314405882,7
1488,62,19,11,8,5.789369247630062,11
1489,34,21,48,9,5.788285695597517,12
1490,17,21,9,9,5.788074839959892,12
1491,104,16,81,8,5.786821230718973,8
1492,47,20,15,9,5.776315263541678,11
1493,23,45,60,18,5.772794691627653,27
1494,15,17,50,7,5.769945271210999,10
1495,61,10,54,4,5.763750710129661,6
1496,80,15,68,6,5.759836210772856,9
1497,58,13,53,7,5.7565593826386765,6
1498,11,34,19,13,5.756316664639484,21
1499,23,13,47,5,5.755142063292812,8
1500,36,12,77,5,5.751140829309577,7
1501,100,25,114,10,5.743860264273013,15
1502,25,42,106,16,5.737688222420903,26
1503,13,50,64,23,5.733384315133941,27
1504,107,31,47,13,5.730039668040248,18
1505,55,40,54,18,5.729162102948165,22
1506,45,14,9,5,5.727853500458992,9
1507,25,26,51,11,5.726135112848954,15
1508,69,16,12,8,5.715951067980107,8
1509,54,23,72,9,5.711828677342122,14
1510,53,17,62,7,5.701449545318571,10
1511,70,10,32,5,5.692479372096221,5
1512,35,21,40,8,5.68914021357686,13
1513,76,17,114,6,5.686109810518634,11
1514,102,10,95,4,5.685319962340827,6
1515,94,10,25,5,5.671887186214522,5
1516,16,31,99,13,5.665818337043016,18
1517,54,11,82,4,5.664278302313932,7
1518,16,37,84,15,5.660913981238355,22
1519,25,36,88,13,5.660869431868405,23
1520,46,31,75,13,5.65470539949331,18
1521,20,44,16,16,5.653886889078915,28
1522,4,10,97,4,5.649870700339142,6
1523,39,13,97,5,5.649731064357224,8
1524,78,47,51,22,5.638766096914629,25
1525,109,16,46,7,5.636528034552761,9
1526,15,16,103,7,5.63230736555337,9
1527,78,16,20,7,5.629467930549495,9
1528,19,10,5,4,5.623378775596124,6
1529,95,26,50,11,5.619957219349118,15
1530,68,26,91,12,5.619466372772095,14
1531,65,29,76,10,5.61682780221381,19
1532,72,13,60,5,5.611432015329071,8
1533,23,11,10,5,5.611414438981723,6
1534,80,17,64,8,5.593698551425533,9
1535,20,38,96,15,5.591064360306498,23
1536,89,13,53,6,5.58172083578822,7
1537,69,38,86,16,5.577802432439769,22
1538,30,27,64,11,5.577521334720876,16
1539,20,22,44,9,5.576158683247873,13
1540,7,23,38,10,5.575438881033765,13
1541,72,11,9,5,5.567587328744071,6
1542,86,98,88,41,5.562390170991595,57
1543,107,63,20,27,5.562332766197248,36
1544,31,10,95,4,5.558189159340279,6
1545,13,72,40,31,5.557179750044813,41
1546,13,30,95,13,5.5569838085167085,17
1547,46,11,4,5,5.5562218746456535,6
1548,104,86,65,37,5.554661796165203,49
1549,8,44,46,20,5.5530537260963095,24
1550,69,16,54,7,5.552096999235809,9
1551,16,22,35,8,5.550995346710983,14
1552,8,41,25,16,5.550067480025429,25
1553,36,53,31,23,5.5485644604686595,30
1554,25,18,84,7,5.546687618128964,11
1555,18,42,75,18,5.546579166688547,24
1556,20,22,2,9,5.54486543602108,13
1557,44,11,70,5,5.543204446478317,6
1558,64,21,23,9,5.53887757595366,12
1559,8,11,85,4,5.538404103047142,7
1560,27,56,86,23,5.536809223154123,33
1561,16,22,14,9,5.533520092369791,13
1562,64,11,102,4,5.525256448935211,7
1563,74,15,77,6,5.523098396212754,9
1564,89,10,84,5,5.518590211576737,5
1565,27,55,65,22,5.511757537656283,33
1566,45,23,65,11,5.510611418282089,12
1567,95,19,83,7,5.510188596504651,12
1568,80,10,81,5,5.509744831821596,5
1569,32,13,109,6,5.508051897308613,7
1570,2,13,40,5,5.504797437287725,8
1571,5,10,111,4,5.501968622126493,6
1572,58,28,69,13,5.500786187625181,15
1573,67,10,102,4,5.497246561771851,6
1574,111,27,55,11,5.492663797248297,16
1575,51,14,89,6,5.490983680492761,8
1576,16,99,8,40,5.477498125379748,59
1577,100,22,25,10,5.476003695191374,12
1578,57,14,98,6,5.474149624282838,8
1579,28,31,17,13,5.468605078583842,18
1580,31,13,74,5,5.468299370651388,8
1581,57,13,50,5,5.46070428512311,8
1582,13,38,37,16,5.444485826742332,22
1583,107,24,102,11,5.4429592421544415,13
1584,65,50,20,19,5.436416455030899,31
1585,71,29,68,11,5.435653336862239,18
1586,42,13,69,6,5.432900919803655,7
1587,27,59,3,25,5.425882645309912,34
1588,104,38,25,17,5.42238345531962,21
1589,2,26,106,11,5.4140126266560475,15
1590,4,11,58,4,5.405037105567138,7
1591,8,20,33,8,5.397787705463006,12
1592,6,14,106,6,5.390411966564587,8
1593,54,38,68,15,5.382447112107091,23
1594,100,22,109,8,5.379853421224188,14
1595,65,16,103,6,5.377768524309904,10
1596,76,20,29,10,5.371211242445575,10
1597,15,25,18,10,5.370261713586336,15
1598,84,36,39,16,5.369674486814979,20
1599,27,18,98,8,5.364498155712122,10
1600,7,35,97,16,5.356987360153854,19
1601,15,12,96,5,5.353611172107388,7
1602,13,22,48,9,5.345621103460163,13
1603,78,18,50,7,5.342630350789609,11
1604,68,53,53,22,5.342360173932808,31
1605,43,26,109,10,5.342025656363843,16
1606,97,14,102,5,5.335160623731833,9
1607,8,73,87,31,5.3297168451567165,42
1608,5,33,51,12,5.328986421528186,21
1609,54,36,90,15,5.316089112252218,21
1610,7,40,3,16,5.315954351050264,24
1611,38,19,19,6,5.315551758815005,13
1612,86,15,61,6,5.314125600249345,9
1613,41,28,3,9,5.308183069174525,19
1614,58,13,47,5,5.305481766967035,8
1615,73,19,87,6,5.303982369774461,13
1616,77,14,81,6,5.303602497121728,8
1617,99,21,86,8,5.291638236148403,13
1618,100,50,27,22,5.287624363758572,28
1619,28,12,92,4,5.284547759707862,8
1620,62,13,109,7,5.284405260681897,6
1621,13,23,62,10,5.279557581763115,13
1622,88,20,6,8,5.272285617199486,12
1623,11,26,102,12,5.269694308768165,14
1624,34,11,1,3,5.259854618241466,8
1625,107,29,35,11,5.259758635892075,18
1626,38,13,78,5,5.257855955824035,8
1627,35,11,31,5,5.255104723881268,6
1628,72,21,65,9,5.2525708680547405,12
1629,25,26,40,11,5.242222631716464,15
1630,52,14,16,6,5.238731564661998,8
1631,91,21,25,9,5.236778929543698,12
1632,87,37,49,17,5.23450591664917,20
1633,75,60,107,21,5.231874163862643,39
1634,35,11,5,5,5.226534281744125,6
1635,92,23,39,11,5.223931097826436,12
1636,54,54,106,25,5.222938310920245,29
1637,7,101,88,43,5.220134457500585,58
1638,10,20,86,9,5.219152465496855,11
1639,19,17,81,7,5.218113087589113,10
1640,33,12,91,6,5.213867650447784,6
1641,16,79,100,32,5.211034078416436,47
1642,50,22,109,9,5.207842202449346,13
1643,63,21,43,9,5.207688448634705,12
1644,16,36,53,14,5.201094174764714,22
1645,78,27,49,12,5.198224201350136,15
1646,46,25,39,13,5.196853389468726,12
1647,104,18,80,8,5.194103195079235,10
1648,40,13,113,5,5.1937263926866155,8
1649,6,10,71,4,5.19369227829273,6
1650,23,14,43,6,5.189120753246306,8
1651,75,17,97,7,5.1834390154874335,10
1652,91,12,48,6,5.179665478095687,6
1653,11,19,32,9,5.1696009211826786,10
1654,31,11,54,5,5.168002033532433,6
1655,65,29,96,13,5.165027076154164,16
1656,67,12,5,5,5.159840528973079,7
1657,35,16,28,8,5.153123660542294,8
1658,39,57,60,25,5.152802282703843,32
1659,106,24,9,10,5.150083731218856,14
1660,11,13,97,6,5.149154391162877,7
1661,13,17,70,7,5.142156998200086,10
1662,27,48,49,20,5.142147981794254,28
1663,70,15,71,7,5.1409333575718525,8
1664,72,17,8,8,5.137819960649828,9
1665,36,21,3,8,5.136055944816984,13
1666,107,25,77,11,5.133888332698846,14
1667,40,30,58,14,5.133397385337806,16
1668,64,14,33,5,5.132334361355241,9
1669,64,10,76,5,5.126258276838511,5
1670,11,20,17,9,5.110728021534006,11
1671,30,10,1,4,5.107240382060615,6
1672,49,14,33,5,5.095253781724572,9
1673,34,15,5,5,5.091205514677904,10
1674,32,10,20,3,5.082163415292113,7
1675,3,23,64,10,5.0798483629114175,13
1676,104,38,100,16,5.07592182790552,22
1677,41,10,61,4,5.060781095904457,6
1678,7,16,10,7,5.0604070656519635,9
1679,100,27,55,13,5.057275002393836,14
1680,95,20,75,8,5.05026015248493,12
1681,72,14,12,5,5.047489716591506,9
1682,34,34,8,14,5.045872609442448,20
1683,57,51,15,22,5.043583959741943,29
1684,39,31,38,13,5.03976950517633,18
1685,40,16,91,7,5.034652795604085,9
1686,74,26,93,12,5.031462008142043,14
1687,112,12,34,5,5.029259987635679,7
1688,94,36,87,16,5.028702412089726,20
1689,108,30,51,13,5.016985241457158,17
1690,93,12,63,5,5.011120266810436,7
1691,112,17,94,6,5.010192110959227,11
1692,12,16,43,6,5.010092621024881,10
1693,39,35,43,16,5.006459842543767,19
1694,85,24,72,9,5.005644721261361,15
1695,102,13,83,5,5.00532757458449,8
1696,93,26,5,10,5.00446052682132,16
1697,100,25,34,12,5.004456878240623,13
1698,7,41,106,20,5.003800212982274,21
1699,51,23,96,10,5.001175453325252,13
1700,30,47,60,17,4.996202188281948,30
1701,50,23,31,10,4.99199978599778,13
1702,63,19,94,8,4.988953899876627,11
1703,80,34,55,16,4.987967529735274,18
1704,37,73,86,32,4.980857284592114,41
1705,80,10,44,5,4.973541413806906,5
1706,98,11,23,5,4.9699651611390046,6
1707,27,21,114,9,4.967571693509975,12
1708,96,23,90,9,4.963939687748074,14
1709,85,10,64,4,4.96270118497494,6
1710,65,51,40,22,4.956531220468123,29
1711,64,33,41,13,4.951397157092098,20
1712,20,12,100,5,4.948684351907279,7
1713,56,19,68,9,4.948132166753329,10
1714,80,29,106,12,4.946009667025369,17
1715,39,23,81,9,4.943832581007462,14
1716,40,15,78,5,4.942465399220725,10
1717,28,14,32,6,4.94214857785708,8
1718,49,11,71,5,4.940945789460408,6
1719,98,26,37,11,4.940519420053038,15
1720,100,72,51,34,4.9400020259394655,38
1721,63,17,85,8,4.93137224468223,9
1722,114,22,9,7,4.93131907141534,15
1723,104,10,103,5,4.929333969571576,5
1724,86,40,36,17,4.92743325124,23
1725,100,77,107,36,4.925676488158577,41
1726,108,17,63,7,4.925158043652065,10
1727,74,56,106,24,4.924754963776783,32
1728,64,42,86,18,4.92429374885952,24
1729,47,14,100,6,4.9093021147864135,8
1730,18,11,29,4,4.907291190161112,7
1731,38,12,28,6,4.907164394244709,6
1732,13,43,77,18,4.906794574928387,25
1733,95,39,87,17,4.900981782159267,22
1734,9,15,29,6,4.9001947679050515,9
1735,23,16,77,7,4.892331871891687,9
1736,39,10,101,4,4.88974127810336,6
1737,27,11,46,4,4.887638683251713,7
1738,12,10,57,4,4.8872175245265135,6
1739,20,12,72,5,4.886775559464283,7
1740,30,53,19,22,4.884651595572224,31
1741,94,12,18,5,4.884425557504234,7
1742,69,11,95,4,4.882909765417967,7
1743,63,20,79,8,4.882182316485546,12
1744,88,26,57,12,4.870812248870149,14
1745,11,88,86,38,4.868403647954056,50
1746,29,11,1,4,4.866934575588788,7
1747,5,10,89,3,4.862465640901744,7
1748,52,12,107,4,4.861262849981803,8
1749,81,24,3,10,4.860040341211914,14
1750,100,31,112,14,4.858414274039207,17
1751,58,38,107,15,4.857008495705358,23
1752,77,11,114,5,4.854209160918305,6
1753,97,12,32,5,4.8514593495768255,7
1754,39,17,83,7,4.8453860426526845,10
1755,83,20,64,9,4.840996077098241,11
1756,94,17,109,8,4.837565167214331,9
1757,8,15,67,6,4.831909846155588,9
1758,90,25,65,12,4.825235861891514,13
1759,31,19,25,9,4.8238393010997695,10
1760,14,15,54,5,4.820525855929134,10
1761,30,58,107,24,4.820148690247351,34
1762,16,112,65,48,4.817496389223386,64
1763,74,11,85,5,4.812388004493801,6
1764,13,23,79,9,4.81127521378253,14
1765,104,34,63,15,4.811269466320185,19
1766,89,14,68,6,4.806077051288233,8
1767,1,16,12,7,4.804302234326604,9
1768,75,22,96,7,4.801381492311929,15
1769,41,22,97,10,4.799957538599524,12
1770,34,14,88,6,4.799596567728279,8
1771,111,11,25,5,4.797175922879401,6
1772,52,13,20,5,4.795236183864799,8
1773,26,10,89,4,4.793448655016913,6
1774,97,24,76,11,4.789197045000656,13
1775,5,12,10,6,4.788462999241516,6
1776,15,25,81,11,4.783657780343265,14
1777,34,10,98,5,4.779193341125504,5
1778,9,12,5,5,4.777710715122406,7
1779,30,17,108,7,4.777036339137379,10
1780,33,14,23,6,4.772846471482117,8
1781,90,13,70,6,4.771084444295363,7
1782,12,15,31,7,4.7706324645211815,8
1783,18,15,98,8,4.768289045671959,7
1784,55,16,94,7,4.767452995148847,9
1785,87,38,57,16,4.765071720806056,22
1786,76,23,60,8,4.763967746356447,15
1787,13,28,84,11,4.762106527456084,17
1788,106,14,62,6,4.759729251582843,8
1789,18,40,87,17,4.756693590622039,23
1790,7,23,50,10,4.754905099968973,13
1791,25,16,77,7,4.745845616411634,9
1792,16,107,7,47,4.744562074788691,60
1793,87,42,41,18,4.740822182406321,24
1794,34,23,30,10,4.738526825697687,13
1795,76,46,107,17,4.736244325803578,29
1796,25,13,108,5,4.7274242554223145,8
1797,41,34,104,16,4.726865305600903,18
1798,75,32,31,15,4.721982750346428,17
1799,20,23,46,8,4.7087130702664775,15
1800,41,22,37,9,4.708031554461574,13
1801,111,13,106,4,4.703726078810505,9
1802,65,73,88,29,4.702916833614272,44
1803,43,16,103,6,4.701447170954387,10
1804,40,51,39,21,4.685059105758992,30
1805,75,10,92,4,4.670779177266828,6
1806,109,19,38,7,4.6680162036882455,12
1807,48,40,87,16,4.659491148242347,24
1808,25,15,47,7,4.65539023183265,8
1809,27,13,79,6,4.651583262533679,7
1810,15,16,1,6,4.649350840919032,10
1811,63,39,96,15,4.649023449526141,24
1812,80,11,69,5,4.638884395252672,6
1813,60,22,25,10,4.636282806493919,12
1814,106,15,110,7,4.633960085739291,8
1815,102,16,91,7,4.632859199025978,9
1816,65,13,89,6,4.632113459581725,7
1817,100,37,88,15,4.625717286575204,22
1818,51,44,109,16,4.624306959512695,28
1819,72,10,40,4,4.616108231770902,6
1820,85,20,68,7,4.615895850726344,13
1821,74,11,57,5,4.613445177041246,6
1822,23,35,8,15,4.612792872906181,20
1823,75,40,37,15,4.608119905928104,25
1824,13,21,96,9,4.6080585972764805,12
1825,38,15,18,7,4.607415756411174,8
1826,108,19,60,8,4.601423271346147,11
1827,27,11,58,5,4.599497662673681,6
1828,50,32,96,14,4.592653394244439,18
1829,78,26,54,11,4.592600537057525,15
1830,9,15,37,7,4.590013554185222,8
1831,99,16,65,7,4.579704538683154,9
1832,7,23,58,11,4.575034525669341,12
1833,99,14,95,6,4.572737764013049,8
1834,99,16,104,8,4.5627492392393005,8
1835,74,23,109,9,4.56252527772352,14
1836,43,18,5,8,4.559277543830878,10
1837,70,15,23,7,4.554568026577774,8
1838,83,15,46,7,4.551826612706294,8
1839,99,18,15,7,4.5514613106187225,11
1840,50,24,18,11,4.548213252045343,13
1841,93,29,28,11,4.540056078542574,18
1842,106,23,75,11,4.532198108241351,12
1843,52,10,55,4,4.531437489197339,6
1844,61,17,60,8,4.527394085824661,9
1845,74,23,50,10,4.520207268757788,13
1846,49,18,112,8,4.517911222226071,10
1847,63,64,54,27,4.513765725874224,37
1848,23,41,87,17,4.512300706037801,24
1849,64,28,8,11,4.503057942170461,17
1850,76,12,69,4,4.499300236532226,8
1851,13,68,46,28,4.497540419141798,40
1852,55,47,60,21,4.496007919155317,26
1853,58,21,39,9,4.494576390875354,12
1854,75,44,71,17,4.485645835804012,27
1855,30,61,65,26,4.482434103050162,35
1856,7,46,64,21,4.481240056988839,25
1857,95,33,107,15,4.47560910926534,18
1858,62,26,3,11,4.473036771828818,15
1859,96,31,25,14,4.472832877552797,17
1860,52,10,13,4,4.472034729764909,6
1861,37,18,32,8,4.466542082918524,10
1862,79,15,54,6,4.462814449138745,9
1863,77,11,97,4,4.454901155383994,7
1864,95,44,16,20,4.4533785755833835,24
1865,13,45,54,19,4.450645240675898,26
1866,50,14,19,6,4.445333605009822,8
1867,95,15,109,6,4.444131433700791,9
1868,37,39,70,16,4.433263990915909,23
1869,65,35,3,14,4.429509708162627,21
1870,23,14,20,6,4.427778675436007,8
1871,99,30,13,13,4.4209668288342625,17
1872,29,17,23,8,4.418393467914161,9
1873,84,30,70,13,4.416286467774103,17
1874,7,64,53,28,4.4162137369106675,36
1875,50,24,64,11,4.415510499418937,13
1876,86,118,5,51,4.415256493878053,67
1877,86,36,81,13,4.41370209716057,23
1878,71,14,108,6,4.402422140240555,8
1879,20,53,28,23,4.401187083369335,30
1880,76,35,5,15,4.400670357773005,20
1881,16,22,2,9,4.395353237879593,13
1882,12,12,64,5,4.393898146412689,7
1883,99,10,54,4,4.379722874612374,6
1884,87,33,25,15,4.379098196808539,18
1885,50,17,72,7,4.375655689739112,10
1886,55,13,58,6,4.369004483506257,7
1887,40,23,23,10,4.3684233268033035,13
1888,74,15,9,6,4.367415226980933,9
1889,49,17,70,8,4.364791676107706,9
1890,95,20,23,9,4.361896262769256,11
1891,64,31,71,12,4.3594731378011655,19
1892,19,11,83,5,4.359398192701059,6
1893,38,15,17,7,4.350602652945082,8
1894,65,16,6,7,4.346168811124805,9
1895,70,29,65,11,4.343984179663613,18
1896,12,10,76,5,4.3418913384635776,5
1897,12,40,13,14,4.341371143569527,26
1898,62,25,19,10,4.338973871662798,15
1899,11,29,3,12,4.3360878284927775,17
1900,60,12,22,5,4.334241842742773,7
1901,95,19,41,8,4.332143979792181,11
1902,112,15,77,5,4.331879954372317,10
1903,16,54,50,23,4.318809003012342,31
1904,4,22,40,10,4.316643149060887,12
1905,11,53,88,22,4.31528891426651,31
1906,97,23,17,10,4.313428551304965,13
1907,100,29,78,12,4.306504123439816,17
1908,106,27,53,13,4.3023196001359025,14
1909,37,45,55,21,4.3010010805888355,24
1910,76,16,79,6,4.298198539999958,10
1911,30,14,72,6,4.290833034937978,8
1912,114,20,15,9,4.283176268910454,11
1913,15,34,11,14,4.274425602895656,20
1914,87,118,107,51,4.272288410854258,67
1915,91,30,107,12,4.264126621091651,18
1916,50,20,49,9,4.263153819097887,11
1917,100,32,63,15,4.262978075872103,17
1918,37,55,106,26,4.262507559544696,29
1919,8,57,51,25,4.2524567035694645,32
1920,86,62,104,27,4.250245918123389,35
1921,6,10,72,5,4.2485701532137155,5
1922,13,44,78,19,4.248517224488691,25
1923,106,14,34,7,4.243674039664676,7
1924,16,44,71,18,4.24180487871631,26
1925,71,31,87,14,4.240167636343153,17
1926,49,32,65,14,4.23543755941813,18
1927,29,11,104,5,4.232469176091443,6
1928,41,59,107,23,4.232356930880344,36
1929,17,12,62,5,4.230180767198623,7
1930,9,21,38,9,4.22415659668818,12
1931,71,11,44,5,4.2235243488394545,6
1932,62,18,102,8,4.223468853406059,10
1933,97,37,16,17,4.222715093786662,20
1934,28,29,100,12,4.22112967447295,17
1935,4,19,18,8,4.220670692754495,11
1936,17,20,63,9,4.21709530073227,11
1937,43,19,84,9,4.214619850887415,10
1938,52,10,48,4,4.211289472665269,6
1939,90,28,87,12,4.209781806456321,16
1940,65,56,36,24,4.205692860728478,32
1941,103,18,3,9,4.204198112236471,9
1942,51,26,29,12,4.200611882951566,14
1943,112,12,103,5,4.192929666832575,7
1944,13,36,1,14,4.187998461115461,22
1945,23,27,25,12,4.182190113226041,15
1946,51,51,46,22,4.174462162624302,29
1947,107,53,23,24,4.172486813229879,29
1948,76,36,87,15,4.168839388807835,21
1949,60,24,96,8,4.164982345638217,16
1950,83,40,5,19,4.163709904424498,21
1951,60,81,16,36,4.16356092776461,45
1952,27,24,84,11,4.15605922191636,13
1953,62,23,8,9,4.155008709022655,14
1954,99,12,17,5,4.148375833376951,7
1955,100,12,95,6,4.142851413596654,6
1956,55,21,77,9,4.142542522610538,12
1957,23,49,65,23,4.142109485382538,26
1958,58,18,3,7,4.142010326983761,11
1959,53,47,71,20,4.141303557057989,27
1960,71,11,20,4,4.1364305573939655,7
1961,86,35,77,15,4.13606239417643,20
1962,74,13,30,6,4.132114674773076,7
1963,83,15,50,8,4.131296712002355,7
1964,60,35,41,17,4.124791635334078,18
1965,58,23,87,10,4.119284370275495,13
1966,7,12,2,5,4.115660194227726,7
1967,100,46,19,20,4.112454947141806,26
1968,97,30,63,13,4.107378727934814,17
1969,75,48,51,22,4.10605342104463,26
1970,93,14,109,6,4.10355895326709,8
1971,83,20,93,9,4.100880722204595,11
1972,9,18,57,8,4.0992922028641345,10
1973,78,33,60,15,4.099027308208705,18
1974,20,24,35,10,4.098728722002916,14
1975,80,17,39,8,4.09159933984453,9
1976,111,15,8,7,4.091375789332372,8
1977,86,27,93,12,4.090249999306011,15
1978,17,51,51,24,4.088673144397254,27
1979,36,11,19,5,4.088590218421681,6
1980,39,40,19,15,4.086515444510748,25
1981,78,17,98,8,4.084899624702052,9
1982,91,21,75,13,4.084376386784757,8
1983,16,48,109,20,4.074520158198362,28
1984,95,21,46,9,4.071848693893571,12
1985,7,68,31,30,4.069172309295859,38
1986,65,19,73,8,4.067312461469672,11
1987,20,12,38,4,4.067291998076448,8
1988,72,23,87,11,4.0635242876306465,12
1989,43,10,95,4,4.063398320607962,6
1990,56,11,39,6,4.061429150921742,5
1991,29,27,30,11,4.0525720660116935,16
1992,14,10,20,4,4.051966837258039,6
1993,32,10,40,5,4.050021677419865,5
1994,17,30,49,15,4.049707497011172,15
1995,84,12,69,5,4.046782427990891,7
1996,1,10,43,5,4.0389767157587135,5
1997,63,41,114,15,4.037972989054357,26
1998,60,42,114,22,4.029174933224299,20
1999,7,31,47,13,4.025431088719286,18
2000,34,19,3,8,4.018197174307542,11
2001,39,21,96,8,4.016816457185767,13
2002,34,17,67,9,4.015594495513433,8
2003,49,12,57,6,4.01420870806298,6
2004,8,20,110,8,4.013172679497399,12
2005,5,18,77,8,4.010067732208506,10
2006,107,42,64,19,4.007940956634881,23
2007,31,16,112,6,4.001730552260444,10
2008,47,24,86,10,4.0008775785944835,14
2009,9,18,100,7,3.9953268600169216,11
2010,104,16,112,7,3.9943402412730644,9
2011,112,12,14,6,3.993235963114864,6
2012,45,16,87,7,3.9869877249578156,9
2013,106,12,3,5,3.9869286680549902,7
2014,41,29,69,11,3.9797729258891983,18
2015,60,18,97,9,3.9792005525226397,9
2016,83,10,76,4,3.9791717561004964,6
2017,96,58,54,28,3.976827697325717,30
2018,96,12,14,5,3.975747798085741,7
2019,84,11,94,5,3.968156665744439,6
2020,78,15,96,6,3.961613354196052,9
2021,10,21,84,9,3.9602546020658425,12
2022,40,23,37,11,3.9558411724945226,12
2023,9,15,91,7,3.9508212932565088,8
2024,67,11,104,5,3.95056976239549,6
2025,35,19,43,9,3.946831407739411,10
2026,6,11,40,5,3.9442678680230885,6
2027,9,31,54,14,3.942845641758712,17
2028,102,15,98,7,3.939114797619039,8
2029,60,22,58,10,3.934983120996655,12
2030,18,15,20,6,3.930360704025332,9
2031,5,28,2,12,3.9232778253201652,16
2032,83,24,87,11,3.916710407315815,13
2033,75,29,64,13,3.9160007140392388,16
2034,72,22,15,11,3.914279183520131,11
2035,30,14,52,6,3.9107286147778226,8
2036,19,40,107,16,3.9042843104078555,24
2037,55,30,63,14,3.9003771949656936,16
2038,107,44,3,21,3.8998073957748334,23
2039,77,13,58,6,3.8981506835692445,7
2040,1,25,54,11,3.8929886538978153,14
2041,40,17,5,8,3.8914877974226934,9
2042,3,22,112,11,3.881829625852149,11
2043,15,18,78,9,3.8743903606720713,9
2044,65,86,41,35,3.8730812369047185,51
2045,41,21,29,9,3.868637237264429,12
2046,57,16,48,7,3.8589473829739176,9
2047,86,33,62,15,3.8579815466758753,18
2048,40,50,107,20,3.8570605527160113,30
2049,51,45,11,19,3.8523136610118183,26
2050,85,17,17,7,3.8507511089593,10
2051,28,39,76,18,3.848512689408892,21
2052,30,21,38,8,3.844758917902767,13
2053,18,23,31,11,3.8430258307678673,12
2054,47,11,12,5,3.8390154161535532,6
2055,65,22,34,9,3.8388096634466446,13
2056,38,13,46,5,3.8338597693432206,8
2057,91,26,13,12,3.83174826073311,14
2058,11,45,54,20,3.830761670343523,25
2059,74,84,86,39,3.830438067887497,45
2060,98,33,107,15,3.8262612451674287,18
2061,4,11,3,5,3.8250463920918434,6
2062,48,12,75,5,3.823943527087417,7
2063,5,28,91,11,3.8146250930665184,17
2064,110,16,5,7,3.8138584796050914,9
2065,28,27,71,11,3.8126316435493948,16
2066,72,22,78,11,3.8085176531004006,11
2067,17,13,80,5,3.803939831522535,8
2068,6,11,39,5,3.7966207547038127,6
2069,55,43,28,18,3.796451258226777,25
2070,90,25,50,11,3.7900343777578605,14
2071,25,29,54,13,3.788520356553666,16
2072,108,20,27,8,3.788484389259807,12
2073,57,24,37,11,3.7883373383566465,13
2074,78,39,19,16,3.7879382183310883,23
2075,106,52,51,23,3.7850976424308236,29
2076,104,28,98,15,3.783243181516933,13
2077,7,10,93,5,3.780231549016956,5
2078,114,47,13,24,3.775914918731173,23
2079,87,21,17,9,3.7733166042192914,12
2080,55,27,9,11,3.772633679119087,16
2081,88,87,51,42,3.772351956328509,45
2082,102,14,17,6,3.765627490194506,8
2083,53,42,40,19,3.7429391558119973,23
2084,28,58,54,25,3.7427833536169195,33
2085,51,55,84,24,3.742451182902999,31
2086,15,31,7,16,3.741081293807919,15
2087,1,13,4,5,3.736039087851971,8
2088,13,84,55,37,3.7352248820559995,47
2089,60,59,40,26,3.735016412978284,33
2090,90,31,5,13,3.729228130116929,18
2091,50,76,28,33,3.7284008612058526,43
2092,15,13,40,6,3.725578311667862,7
2093,87,52,20,24,3.725119508640054,28
2094,27,57,88,27,3.7236261153468546,30
2095,20,25,41,12,3.722699653504378,13
2096,15,21,5,8,3.7147342263498166,13
2097,1,21,64,10,3.714096825641645,11
2098,34,39,16,17,3.712308066881551,22
2099,112,10,35,5,3.7046440124812365,5
2100,16,62,5,25,3.7016615680953477,37
2101,23,19,28,9,3.6970356039584327,10
2102,65,23,109,12,3.6820630235649334,11
2103,51,84,65,37,3.674285069862319,47
2104,38,21,84,10,3.669980206703245,11
2105,107,38,38,16,3.6695942987189007,22
2106,28,20,85,9,3.6675135147560156,11
2107,39,24,31,10,3.6610558433956144,14
2108,90,10,71,5,3.6561036030201173,5
2109,107,21,32,10,3.6546977761524615,11
2110,62,11,20,5,3.6532443670061325,6
2111,17,11,18,6,3.651905683853184,5
2112,74,50,65,23,3.6492230502429246,27
2113,9,13,23,6,3.6475995665029006,7
2114,14,10,70,5,3.647042134114854,5
2115,34,18,43,8,3.6439583345872713,10
2116,50,27,30,12,3.6386445969633874,15
2117,6,15,86,6,3.637615954610379,9
2118,72,22,100,9,3.629040135098469,13
2119,55,51,5,22,3.6280461911141377,29
2120,39,55,27,23,3.6279610211789914,32
2121,43,19,18,10,3.6267699505365094,9
2122,80,26,28,12,3.6230809501897743,14
2123,112,15,79,7,3.621796379179409,8
2124,13,21,61,8,3.6146533376867587,13
2125,1,36,88,17,3.612486249864132,19
2126,69,17,39,8,3.602481693913607,9
2127,86,24,32,11,3.600337352350485,13
2128,34,23,79,9,3.5987779482770503,14
2129,75,57,16,26,3.5952902080350215,31
2130,106,14,57,7,3.593618983726931,7
2131,104,61,5,28,3.5931408944870395,33
2132,7,22,11,9,3.5909071733141316,13
2133,97,10,95,4,3.589432471334791,6
2134,14,18,11,7,3.5868100547047623,11
2135,16,151,86,64,3.5859139966574265,87
2136,88,62,5,29,3.583030843412137,33
2137,102,22,51,10,3.5799509862134142,12
2138,54,24,18,11,3.5759312261139162,13
2139,41,21,50,9,3.5746660286103262,12
2140,14,22,87,9,3.574657228905804,13
2141,25,19,43,7,3.573077352948072,12
2142,62,13,84,6,3.5672380956620375,7
2143,6,28,7,15,3.5631855242339134,13
2144,60,12,79,5,3.555370933230572,7
2145,28,19,36,9,3.554999615354129,10
2146,53,49,65,23,3.5523410589289774,26
2147,63,94,86,39,3.5494783654033975,55
2148,41,28,109,11,3.5487793479544,17
2149,114,17,49,9,3.548728211191125,8
2150,33,11,70,5,3.5452850377562246,6
2151,13,31,19,13,3.5440871663273827,18
2152,47,29,27,13,3.543966431934925,16
2153,40,65,36,28,3.54008292473436,37
2154,28,32,30,15,3.539926425473853,17
2155,44,15,7,7,3.5352660207554565,8
2156,85,26,84,10,3.5349178606931724,16
2157,6,10,62,4,3.534555615892036,6
2158,93,17,25,8,3.5300397889756283,9
2159,8,59,65,27,3.528922681783945,32
2160,37,55,50,26,3.5287986061002155,29
2161,17,11,57,4,3.5231240907929307,7
2162,28,17,15,8,3.521005718300717,9
2163,53,14,100,6,3.5195197890566727,8
2164,74,16,23,7,3.505315761927062,9
2165,25,27,109,12,3.5041369262347244,15
2166,73,17,98,8,3.503959852428817,9
2167,37,19,109,8,3.503844054679794,11
2168,39,14,102,6,3.5024293607442263,8
2169,38,15,54,7,3.502268170966973,8
2170,37,13,108,6,3.5019197237718505,7
2171,23,22,15,10,3.5001626021093504,12
2172,114,39,51,19,3.4973322349486455,20
2173,97,36,114,16,3.494809729950692,20
2174,20,26,109,10,3.4929177397438647,16
2175,6,10,54,5,3.4921987314309866,5
2176,14,16,5,6,3.490369625649153,10
2177,62,13,36,6,3.4895283270523723,7
2178,36,30,51,14,3.487460022502504,16
2179,41,16,45,6,3.485066668867455,10
2180,25,20,70,9,3.4845181159437417,11
2181,74,60,5,28,3.4699961467083478,32
2182,16,64,49,27,3.465305078316801,37
2183,43,40,60,18,3.455693016886847,22
2184,33,23,5,11,3.4543275091771948,12
2185,37,21,23,10,3.4530437057487378,11
2186,112,14,114,7,3.4529529803290564,7
2187,7,94,86,40,3.4487912180291196,54
2188,86,63,46,26,3.447367416883425,37
2189,81,17,65,7,3.4470499311553464,10
2190,78,11,81,6,3.4320246992935286,5
2191,7,52,27,24,3.4308990471010516,28
2192,54,69,51,31,3.4308531323018583,38
2193,87,57,50,27,3.427638697835965,30
2194,108,10,69,6,3.4269138907252197,4
2195,4,12,37,5,3.4218717037755013,7
2196,28,18,78,9,3.417711658801108,9
2197,17,11,36,6,3.417273645156761,5
2198,79,22,11,9,3.411899322441769,13
2199,43,35,7,14,3.4056925239293445,21
2200,49,44,19,20,3.3946963082952384,24
2201,4,13,28,6,3.394082491248691,7
2202,73,10,104,4,3.3914910994647243,6
2203,88,82,107,35,3.388308151629917,47
2204,36,28,55,13,3.3833365772573503,15
2205,39,48,3,23,3.380759841466555,25
2206,70,20,75,10,3.379349863200628,10
2207,64,40,39,18,3.377216491809084,22
2208,13,78,60,33,3.3770875938219187,45
2209,72,23,11,11,3.3761818275237743,12
2210,55,18,18,9,3.3752696067165697,9
2211,73,18,96,8,3.3726024221333364,10
2212,37,22,100,9,3.3718369789109697,13
2213,69,27,57,11,3.367166221655226,16
2214,40,17,20,7,3.3649339637959685,10
2215,54,25,97,12,3.3648153427656786,13
2216,28,70,65,30,3.3637711452266763,40
2217,14,23,8,10,3.3634201583462153,13
2218,9,14,61,6,3.362078776884604,8
2219,60,54,86,24,3.3612428132287895,30
2220,14,17,106,7,3.360059412826618,10
2221,83,10,20,5,3.3478898251644154,5
2222,94,20,65,10,3.3472699488499056,10
2223,54,20,98,9,3.341408257498299,11
2224,68,13,5,6,3.3380294056441113,7
2225,80,17,48,7,3.3356230533911297,10
2226,98,14,97,7,3.3185319117606134,7
2227,97,16,84,6,3.3164282058099306,10
2228,91,37,86,17,3.3145468684513206,20
2229,60,31,75,14,3.313915862803686,17
2230,86,130,87,62,3.3139054819603415,68
2231,86,66,25,31,3.3097455853588773,35
2232,41,14,96,5,3.3088942892360294,9
2233,114,21,64,9,3.3046667254482807,12
2234,47,13,61,6,3.3043540506366393,7
2235,34,45,107,19,3.2909922405162497,26
2236,55,15,35,7,3.2899027901624844,8
2237,68,31,78,14,3.285372327961684,17
2238,8,18,38,8,3.2796886341896205,10
2239,8,25,3,13,3.2773896333319046,12
2240,39,50,53,22,3.2771617260881887,28
2241,114,13,67,6,3.2746706512348394,7
2242,60,70,77,32,3.2721792305889883,38
2243,49,48,86,24,3.266093888343731,24
2244,18,56,53,26,3.2615252410170714,30
2245,7,24,74,9,3.2574931437928867,15
2246,29,11,108,5,3.254331422994316,6
2247,114,47,25,20,3.2540864225169726,27
2248,100,38,15,17,3.252832450403916,21
2249,64,10,96,4,3.2470341038418864,6
2250,23,12,81,5,3.2407035870769985,7
2251,19,34,94,16,3.2385544589849418,18
2252,99,25,60,11,3.238194459102711,14
2253,107,49,36,23,3.2348387046482587,26
2254,23,55,7,25,3.2229283053761706,30
2255,19,21,12,11,3.2219445095429298,10
2256,100,10,80,4,3.221630002984554,6
2257,17,16,74,7,3.211770551027834,9
2258,50,19,97,8,3.210625734622635,11
2259,60,47,31,24,3.209470727487928,23
2260,56,12,97,6,3.2085312435870676,6
2261,15,18,20,8,3.204744033575551,10
2262,106,28,17,11,3.2039846830051175,17
2263,36,41,39,18,3.1998605067578247,23
2264,16,57,37,26,3.194936337032898,31
2265,13,41,11,18,3.191655583423842,23
2266,69,15,8,7,3.191300471105285,8
2267,11,10,58,4,3.1884299720547125,6
2268,54,31,114,15,3.18479213160143,16
2269,100,21,50,9,3.182484639829969,12
2270,103,16,69,8,3.178595710406121,8
2271,87,11,26,5,3.178365822043256,6
2272,16,34,47,15,3.1778605747552726,19
2273,106,25,60,10,3.1712615038081853,15
2274,74,17,12,7,3.170371170202151,10
2275,86,15,113,6,3.169695932976229,9
2276,75,19,4,8,3.1591429263358246,11
2277,86,21,82,9,3.158656091984634,12
2278,104,51,7,23,3.158219418007501,28
2279,84,21,76,10,3.1559774858489567,11
2280,75,23,23,12,3.1487336010920157,11
2281,100,65,13,30,3.1478251869099063,35
2282,112,12,45,6,3.146093665017745,6
2283,76,15,2,6,3.135016863493124,9
2284,6,11,28,5,3.131247568187587,6
2285,51,15,61,5,3.123205657151163,10
2286,34,26,11,11,3.1224893996672733,15
2287,76,26,27,11,3.1223771632911816,15
2288,43,42,94,19,3.121120942526354,23
2289,28,36,48,16,3.118969087107223,20
2290,52,13,12,6,3.1160997749487547,7
2291,36,11,80,5,3.1158574211756562,6
2292,25,25,17,11,3.1106502600539123,14
2293,50,24,4,12,3.1105592371369686,12
2294,104,37,109,17,3.106483867605531,20
2295,111,21,86,9,3.1037611827633476,12
2296,29,38,87,16,3.1016615879853484,22
2297,92,15,60,6,3.101629065738577,9
2298,99,14,68,6,3.1001036150844774,8
2299,88,16,74,6,3.1000151762465453,10
2300,64,10,91,4,3.099347902087069,6
2301,104,34,54,16,3.0987784259955395,18
2302,88,26,38,10,3.0986430892389,16
2303,6,20,87,9,3.097245674861366,11
2304,85,10,109,3,3.0954068823106935,7
2305,6,17,27,8,3.0947871865212933,9
2306,93,17,50,7,3.089216846430406,10
2307,107,59,37,27,3.087858660035621,32
2308,16,55,23,25,3.083500884703225,30
2309,66,12,28,6,3.0826665795427424,6
2310,55,16,62,7,3.0797392954165557,9
2311,97,23,104,11,3.078979141926911,12
2312,19,29,60,14,3.0741844930514635,15
2313,75,30,25,13,3.0695517335408993,17
2314,71,18,25,8,3.0644100067848137,10
2315,57,41,51,19,3.0641529465856614,22
2316,6,11,57,5,3.0567504666964656,6
2317,7,45,55,19,3.054761469393279,26
2318,15,24,30,11,3.0504007259335744,13
2319,12,40,3,17,3.043232035591344,23
2320,38,13,96,6,3.0422152322461717,7
2321,68,30,12,14,3.041358769608477,16
2322,30,22,79,9,3.0387025691085756,13
2323,25,39,65,16,3.0368934823131166,23
2324,86,43,78,20,3.034722772832767,23
2325,76,23,19,10,3.03373893891917,13
2326,39,13,98,5,3.0332323169773585,8
2327,76,26,39,10,3.022675040857641,16
2328,40,17,33,6,3.0217035797006977,11
2329,47,29,88,14,3.0208806441241447,15
2330,9,43,39,21,3.0121485145406113,22
2331,74,42,63,20,3.0096162132471513,22
2332,50,20,108,10,3.0061866874624097,10
2333,96,14,34,6,3.001763014782561,8
2334,4,11,69,5,2.99948417666171,6
2335,86,47,90,20,2.997206734082276,27
2336,114,11,34,6,2.988482941118176,5
2337,85,23,13,9,2.985985548040522,14
2338,109,27,34,12,2.985891726458777,15
2339,88,44,109,18,2.9784630474617315,26
2340,46,13,1,7,2.9771068452784517,6
2341,84,36,106,18,2.975473960825013,18
2342,36,32,4,13,2.9739066740354216,19
2343,114,64,88,30,2.9736929918128037,34
2344,2,21,37,10,2.96975801126945,11
2345,73,16,63,8,2.966556049159884,8
2346,25,18,57,8,2.9649349505538733,10
2347,16,143,51,67,2.9638324922735335,76
2348,114,23,46,10,2.963143531607224,13
2349,11,34,60,15,2.95772647976769,19
2350,13,106,51,51,2.9562967878148285,55
2351,15,33,3,15,2.9522579457276636,18
2352,54,19,29,8,2.949914447875304,11
2353,71,18,46,9,2.9448527741935377,9
2354,60,39,8,19,2.9438347563437417,20
2355,9,18,1,10,2.9438107743951836,8
2356,83,27,65,13,2.938404758323202,14
2357,68,27,49,12,2.9363199373933013,15
2358,36,20,87,8,2.93557325089767,12
2359,66,16,86,7,2.9349279516020905,9
2360,78,20,94,9,2.934032764236852,11
2361,33,21,28,11,2.934003356051797,10
2362,12,18,40,9,2.93028970370934,9
2363,3,10,33,4,2.927658221464771,6
2364,1,14,62,7,2.921521583990398,7
2365,102,19,106,10,2.9207255392565106,9
2366,55,11,31,5,2.9183781753906346,6
2367,37,10,33,4,2.9157377490462264,6
2368,47,22,41,11,2.9126189727076195,11
2369,80,36,54,18,2.9116630961094714,18
2370,104,12,10,6,2.9113530030237116,6
2371,62,19,9,9,2.9069158954391607,10
2372,16,33,79,14,2.9049583801159358,19
2373,30,34,71,16,2.8915964337712703,18
2374,17,25,46,11,2.875672610475698,14
2375,106,14,77,7,2.875589368126161,7
2376,69,26,43,12,2.874624697498018,14
2377,75,21,30,10,2.874328227945732,11
2378,57,12,53,6,2.8739584447786455,6
2379,108,10,2,4,2.873465048153021,6
2380,112,14,1,5,2.872325056767921,9
2381,88,69,68,31,2.8695211003313754,38
2382,88,10,17,6,2.869337502995369,4
2383,30,45,49,20,2.8681163714495685,25
2384,46,23,63,12,2.8672418698963504,11
2385,28,70,84,31,2.8670003890442093,39
2386,72,14,88,6,2.8660882603566407,8
2387,55,50,11,21,2.8656348858368936,29
2388,69,25,28,12,2.861912956405139,13
2389,88,15,94,8,2.8588031686479485,7
2390,74,13,112,6,2.8550316834984484,7
2391,97,13,33,6,2.848649622206162,7
2392,95,33,39,15,2.8414955259541013,18
2393,4,25,16,13,2.8411046840521457,12
2394,107,51,106,24,2.8408623146416336,27
2395,104,73,16,33,2.8388907836839916,40
2396,86,104,28,46,2.8374089851944673,58
2397,39,11,35,5,2.8361547619317555,6
2398,30,18,102,9,2.835829624332191,9
2399,53,23,81,10,2.8322690458402344,13
2400,114,61,86,29,2.8307983943039834,32
2401,15,39,107,15,2.8291612991129442,24
2402,75,21,112,9,2.8242194050340816,12
2403,54,18,62,8,2.824080555827825,10
2404,18,13,71,6,2.821320109059585,7
2405,68,14,48,7,2.8206443314688054,7
2406,9,48,40,21,2.81743847104381,27
2407,16,50,62,20,2.811910788185759,30
2408,1,32,36,16,2.809530345293069,16
2409,99,15,41,7,2.8081672918617295,8
2410,65,42,71,18,2.8056942435602363,24
2411,106,14,112,7,2.805082024542774,7
2412,87,90,65,41,2.799200858225144,49
2413,20,66,54,33,2.798936654496461,33
2414,83,32,8,16,2.795775595052069,16
2415,68,14,44,7,2.7953277213928227,7
2416,7,26,1,12,2.793205495238505,14
2417,100,13,36,6,2.7923934619121074,7
2418,18,10,57,4,2.7910504415885566,6
2419,70,12,102,7,2.7906887378625385,5
2420,16,73,68,31,2.7896933341941876,42
2421,85,14,112,6,2.788857070839814,8
2422,51,58,41,27,2.7880359032469952,31
2423,17,36,107,17,2.78728948647837,19
2424,16,95,28,43,2.782333908794738,52
2425,10,17,87,8,2.7770692343126595,9
2426,16,36,80,15,2.7654656327688585,21
2427,3,31,29,14,2.7653963352103452,17
2428,1,17,94,9,2.7623810098011936,8
2429,88,23,35,11,2.7598010038488723,12
2430,97,34,96,17,2.7556888339056833,17
2431,70,14,43,6,2.753352748891413,8
2432,43,36,65,18,2.7525986025329385,18
2433,30,31,104,15,2.7504108450647493,16
2434,71,26,51,12,2.748484052918404,14
2435,69,31,68,14,2.743936079051882,17
2436,99,12,63,6,2.737725340993938,6
2437,39,30,62,13,2.7367319129051215,17
2438,15,25,54,13,2.735147263925594,12
2439,60,26,46,12,2.733085524905183,14
2440,43,42,19,19,2.730869768026573,23
2441,12,17,85,8,2.728910649477701,9
2442,49,11,5,5,2.7256599500520577,6
2443,44,16,88,8,2.7255415222047095,8
2444,37,30,84,14,2.7240272709777176,16
2445,58,17,51,8,2.7220403540386506,9
2446,95,11,80,5,2.719743847109079,6
2447,63,20,4,9,2.7170319642618375,11
2448,88,61,49,27,2.7144625519502794,34
2449,86,89,84,44,2.7122592129849856,45
2450,90,14,33,6,2.708622984963186,8
2451,39,11,79,4,2.703936570933463,7
2452,20,27,7,13,2.7023319306021247,14
2453,47,27,68,12,2.7008094429751055,15
2454,39,22,48,9,2.697481925191404,13
2455,87,49,60,24,2.69480881706585,25
2456,10,11,65,5,2.691616036034299,6
2457,87,23,31,11,2.6915087275033063,12
2458,11,29,43,14,2.690595886408949,15
2459,13,20,102,8,2.68911865765018,12
2460,50,13,29,6,2.685645621491717,7
2461,74,13,43,7,2.6848796666350316,6
2462,43,14,58,6,2.6806335210315986,8
2463,39,25,5,12,2.6791322172692817,13
2464,39,74,107,35,2.677072560868394,39
2465,108,35,107,16,2.677021657131698,19
2466,54,79,16,37,2.6768906219105006,42
2467,48,10,12,4,2.675775448389384,6
2468,12,20,34,9,2.6757342119787553,11
2469,25,17,44,8,2.67353547628176,9
2470,13,118,7,55,2.6708973171944725,63
2471,37,67,104,30,2.6697156594454787,37
2472,71,17,5,8,2.668348512437488,9
2473,51,62,60,25,2.6680912544453945,37
2474,11,33,20,14,2.658025854837765,19
2475,40,24,27,13,2.6563176029466624,11
2476,19,32,68,14,2.6559298105207456,18
2477,20,14,73,6,2.6543798385197754,8
2478,57,13,36,5,2.6531160901053727,8
2479,19,20,20,10,2.646933293157403,10
2480,100,24,69,11,2.641711217702835,13
2481,110,13,54,6,2.635884902993451,7
2482,2,45,50,21,2.6355827971248673,24
2483,51,12,22,5,2.6349206585516356,7
2484,27,70,107,31,2.6286062134104733,39
2485,39,51,54,24,2.6240157360627983,27
2486,39,42,28,20,2.6233394077803616,22
2487,39,10,89,4,2.6189716831037595,6
2488,9,20,34,9,2.6185115894413817,11
2489,94,33,107,13,2.6133702151384584,20
2490,40,29,1,13,2.6081027273161883,16
2491,36,23,91,10,2.600483205457642,13
2492,65,32,80,15,2.5986356922004026,17
2493,13,94,107,44,2.5978950195498487,50
2494,20,48,37,23,2.5936827651590773,25
2495,102,27,37,12,2.5931875377695404,15
2496,1,10,109,5,2.5929606771402334,5
2497,33,15,88,6,2.581178022844097,9
2498,63,16,45,7,2.5799907481308075,9
2499,50,22,112,9,2.578275791966451,13
2500,81,14,108,7,2.5758573743146345,7
2501,1,29,51,14,2.574119304918465,15
2502,27,14,61,7,2.5728408005348657,7
2503,48,14,25,7,2.5710538086168517,7
2504,86,14,14,7,2.5565201304900285,7
2505,73,19,1,8,2.5534291003907317,11
2506,47,12,30,7,2.551854085041669,5
2507,71,14,47,7,2.5504632262813383,7
2508,44,14,76,6,2.5504141931433417,8
2509,7,74,36,34,2.54935875079736,40
2510,60,22,38,11,2.5449702313683367,11
2511,77,14,95,7,2.541033558735234,7
2512,97,35,65,16,2.539739428020559,19
2513,70,22,9,9,2.5390649499197586,13
2514,54,34,102,16,2.5372297090094844,18
2515,43,14,72,7,2.536394554509492,7
2516,40,60,88,27,2.532837544735202,33
2517,7,29,17,13,2.532089441361393,16
2518,44,15,107,7,2.530544567099409,8
2519,99,19,30,8,2.530388293684778,11
2520,36,33,9,15,2.527924078037464,18
2521,39,18,4,8,2.5267698999647306,10
2522,68,27,46,12,2.520930145642669,15
2523,12,15,36,7,2.516319942513756,8
2524,29,35,27,15,2.5139766493292597,20
2525,50,54,107,26,2.5099686972292012,28
2526,87,15,92,7,2.5078466479835897,8
2527,13,55,28,26,2.5057102478369675,29
2528,84,13,67,7,2.500709874534178,6
2529,65,38,111,16,2.4964278491140734,22
2530,64,21,11,8,2.4904938630540925,13
2531,27,34,43,16,2.4874868991786303,18
2532,71,27,9,12,2.485839871550415,15
2533,28,25,79,12,2.485405030035431,13
2534,87,58,28,28,2.477822962643624,30
2535,17,20,20,9,2.4759550702480673,11
2536,30,17,103,7,2.4703689712282224,10
2537,4,17,81,7,2.4678124777063224,10
2538,74,17,69,9,2.466497282082459,8
2539,103,10,37,6,2.4659405881754024,4
2540,13,31,34,15,2.4629355156987685,16
2541,17,17,1,8,2.462761073509875,9
2542,102,32,25,15,2.460889696925051,17
2543,110,17,86,8,2.459712460283758,9
2544,76,21,88,10,2.4591849427374903,11
2545,40,10,84,5,2.4542210673969374,5
2546,63,15,61,6,2.445410080263457,9
2547,32,10,50,6,2.4440541907162885,4
2548,64,15,47,6,2.441201731533324,9
2549,109,24,102,11,2.4374588964673856,13
2550,14,19,51,7,2.433844123091522,12
2551,3,17,96,8,2.432078371197565,9
2552,54,40,19,17,2.4245207104094257,23
2553,93,17,37,7,2.4227477033995664,10
2554,103,25,51,12,2.422501148647578,13
2555,109,11,99,5,2.4195174025010506,6
2556,28,19,94,8,2.4149604753175544,11
2557,107,24,81,11,2.4141594134658915,13
2558,107,43,70,21,2.4122130119095395,22
2559,88,57,104,25,2.406185933878753,32
2560,20,26,80,12,2.4033351571638515,14
2561,100,27,94,10,2.400243221659601,17
2562,114,15,98,7,2.3992721750256822,8
2563,46,38,28,16,2.3990178798165616,22
2564,97,21,109,10,2.398141101921517,11
2565,16,43,48,21,2.3975104970965586,22
2566,16,22,45,9,2.3925466679441394,13
2567,23,13,48,6,2.3894452247322233,7
2568,104,40,95,18,2.3890342183876068,22
2569,4,21,71,8,2.387175011736595,13
2570,96,25,104,11,2.386641983915838,14
2571,75,13,56,5,2.3840139649043484,8
2572,8,14,112,6,2.3798297239108375,8
2573,71,40,107,17,2.376060967609246,23
2574,49,29,12,17,2.3757535970577646,12
2575,39,44,104,20,2.3751154073426797,24
2576,90,19,84,9,2.374748457023267,10
2577,53,31,55,14,2.3720895326624136,17
2578,25,32,63,16,2.3688265373602633,16
2579,40,24,50,10,2.367144047455048,14
2580,49,13,97,5,2.366826181424206,8
2581,22,10,87,6,2.365823638651169,4
2582,99,23,5,11,2.36162190226428,12
2583,76,35,49,16,2.3583999407791754,19
2584,100,14,97,6,2.358325970901081,8
2585,96,14,109,6,2.3566759619593634,8
2586,8,27,17,13,2.354578898260205,14
2587,99,12,33,5,2.354570382478152,7
2588,4,36,31,15,2.353535596679466,21
2589,79,10,96,5,2.351992111457352,5
2590,16,50,43,22,2.3507433165143277,28
2591,11,18,33,7,2.349854916623711,11
2592,76,29,109,12,2.3483387187433786,17
2593,114,12,38,6,2.341526377437993,6
2594,25,28,53,14,2.3301510854690863,14
2595,109,51,5,25,2.3285813949081624,26
2596,72,10,42,4,2.3285230567907247,6
2597,84,35,50,17,2.3257021134383256,18
2598,8,10,103,4,2.3245085117289825,6
2599,104,21,102,11,2.3206272974702777,10
2600,111,18,87,8,2.316389144833365,10
2601,88,32,91,15,2.315767764685106,17
2602,8,58,96,27,2.313991189820113,31
2603,71,31,63,14,2.311262987331468,17
2604,63,28,70,13,2.309911464577443,15
2605,35,13,70,7,2.3047047876076423,6
2606,41,22,76,12,2.301997966607266,10
2607,60,26,95,12,2.300035058084818,14
2608,50,34,76,18,2.298946803227753,16
2609,29,39,107,15,2.2986987387673747,24
2610,80,20,7,9,2.2986689861273377,11
2611,63,42,50,19,2.2950983829965117,23
2612,100,24,5,11,2.293242743404467,13
2613,106,13,4,7,2.287883468044358,6
2614,8,76,28,35,2.28759259007733,41
2615,73,16,16,8,2.286947763730408,8
2616,81,26,88,12,2.2857834835265316,14
2617,107,36,112,18,2.28568932916869,18
2618,38,10,81,5,2.2819621266449914,5
2619,77,12,69,6,2.2797993708458937,6
2620,11,60,46,28,2.27863758150919,32
2621,65,14,92,7,2.2769844774151653,7
2622,50,47,11,22,2.276023953743783,25
2623,40,14,74,6,2.2751378053719047,8
2624,7,108,68,50,2.2702884441480418,58
2625,61,10,31,5,2.2696136748473625,5
2626,28,66,96,31,2.2674069446039304,35
2627,85,12,7,5,2.267272935114745,7
2628,87,11,42,5,2.267067713255764,6
2629,109,23,3,11,2.262800410189064,12
2630,87,62,106,30,2.262204101784011,32
2631,98,16,17,8,2.2572460925395315,8
2632,74,13,41,7,2.2545650248033358,6
2633,95,30,25,14,2.253973143655666,16
2634,63,11,83,4,2.2518527555221,7
2635,8,62,11,29,2.2496372823083632,33
2636,16,52,70,23,2.2486906290153845,29
2637,34,22,50,11,2.248627400858476,11
2638,98,21,100,9,2.2486116104064506,12
2639,87,36,69,15,2.246850810864761,21
2640,70,10,27,5,2.2432632584575636,5
2641,104,65,13,30,2.242803874148522,35
2642,64,21,49,9,2.241601060238613,12
2643,68,61,107,30,2.239285821874588,31
2644,34,13,22,6,2.237675057859751,7
2645,77,13,103,6,2.2366700053173294,7
2646,108,11,65,6,2.2352573569912666,5
2647,27,17,48,7,2.23496412717063,10
2648,4,26,114,13,2.2345648368573663,13
2649,46,18,65,7,2.232998478058108,11
2650,62,29,71,14,2.2274966883750613,15
2651,77,24,87,11,2.2270031406106576,13
2652,90,16,25,7,2.2261576936837093,9
2653,112,11,12,6,2.2247336886150633,5
2654,98,13,99,7,2.2212581677933705,6
2655,17,32,50,16,2.2211240849487943,16
2656,75,23,84,11,2.2186834285684545,12
2657,86,35,18,15,2.2166911017020756,20
2658,5,50,96,22,2.21142719225076,28
2659,89,17,60,9,2.2059312682885306,8
2660,75,27,27,12,2.2036511265370837,15
2661,96,10,49,5,2.2013596017058807,5
2662,17,14,91,6,2.2013317711286335,8
2663,91,12,56,6,2.199268647174773,6
2664,7,75,40,33,2.195752128306479,42
2665,68,35,106,16,2.193685806982791,19
2666,19,13,47,6,2.1915786077930832,7
2667,8,31,27,15,2.1891152168381787,16
2668,34,36,27,17,2.186049556860647,19
2669,52,10,100,4,2.1822522154052884,6
2670,41,46,68,22,2.171804807510055,24
2671,60,67,88,30,2.1715375199885685,37
2672,23,13,53,6,2.1639220781507693,7
2673,12,11,29,5,2.1635205735103544,6
2674,89,11,49,5,2.155221325127321,6
2675,10,21,8,9,2.147315002146761,12
2676,55,11,69,5,2.141856565606561,6
2677,71,39,39,18,2.1402119009407667,21
2678,102,22,74,10,2.1384304011801003,12
2679,81,17,68,8,2.1370452313390325,9
2680,3,64,51,32,2.1369691563906206,32
2681,66,13,31,6,2.1367157981218847,7
2682,8,26,102,13,2.1358165667375633,13
2683,7,20,30,11,2.1356884749054332,9
2684,11,30,74,14,2.1347610080309,16
2685,2,12,61,5,2.133108515807604,7
2686,54,77,8,33,2.1325516335637458,44
2687,98,10,43,4,2.1302778964437667,6
2688,102,32,114,14,2.1240842876015136,18
2689,7,62,9,31,2.12190310948229,31
2690,49,24,63,12,2.1212323385530256,12
2691,53,11,70,5,2.1174802085363624,6
2692,7,17,72,8,2.1143024060967663,9
2693,69,11,25,5,2.112059751085251,6
2694,57,38,13,19,2.1070868819342965,19
2695,86,29,72,13,2.10702341161272,16
2696,68,28,94,13,2.106511062546953,15
2697,112,19,23,8,2.101852765262114,11
2698,76,30,55,13,2.1010477361103184,17
2699,65,91,107,43,2.09901727929986,48
2700,83,34,55,17,2.0962093979720247,17
2701,97,22,8,11,2.094799206270942,11
2702,108,30,86,13,2.0910937309013526,17
2703,40,18,11,9,2.0894421004610075,9
2704,64,43,68,18,2.0864244028015833,25
2705,66,14,72,6,2.0852128177023035,8
2706,44,14,51,5,2.0848742289559725,9
2707,27,20,23,10,2.0722628371370155,10
2708,94,12,50,5,2.067325915186851,7
2709,84,30,34,14,2.067010635537676,16
2710,62,20,60,10,2.0597588787986405,10
2711,48,25,65,13,2.057937129130549,12
2712,12,14,7,7,2.0405365521973633,7
2713,11,18,93,10,2.0391902780828315,8
2714,33,25,13,12,2.031483396821486,13
2715,91,14,114,7,2.031242634143403,7
2716,32,11,13,5,2.0261815070275424,6
2717,28,52,51,26,2.025017303726126,26
2718,90,26,60,11,2.0244178494313427,15
2719,114,27,17,11,2.021159075364864,16
2720,8,37,90,16,2.0194647820717773,21
2721,111,10,10,4,2.0194606727691027,6
2722,93,11,60,4,2.018629631632228,7
2723,69,14,37,7,2.0155128499001473,7
2724,41,46,27,20,2.0152493875384563,26
2725,68,29,70,14,2.015118158104632,15
2726,39,35,12,16,2.011891168245126,19
2727,23,47,86,22,2.011686001208666,25
2728,62,20,37,8,2.01074071282815,12
2729,70,33,76,16,2.0107160762771428,17
2730,83,22,97,12,2.0076368732075736,10
2731,8,39,50,17,1.9997739229036222,22
2732,29,16,55,7,1.9993891334816563,9
2733,66,11,27,5,1.999266452067432,6
2734,114,26,74,13,1.9975972531686852,13
2735,8,92,55,46,1.9945813817420799,46
2736,53,19,4,9,1.9876947928926743,10
2737,100,12,79,5,1.9822381822120898,7
2738,95,28,53,11,1.9769373995573165,17
2739,88,32,70,15,1.9762934359596307,17
2740,55,31,84,15,1.9725581442910776,16
2741,54,10,35,4,1.970607603878345,6
2742,23,22,3,10,1.9704853033748797,12
2743,19,31,65,15,1.9655134440486957,16
2744,28,33,91,15,1.9649527402335243,18
2745,41,24,112,11,1.9642201479007209,13
2746,80,11,97,5,1.9631828964682283,6
2747,39,14,33,7,1.960095595226131,7
2748,50,11,35,5,1.9581460146246819,6
2749,19,30,86,15,1.9572349198961296,15
2750,27,34,57,17,1.9534766566361856,17
2751,36,34,64,17,1.9485056781764578,17
2752,33,15,94,7,1.9451389474962042,8
2753,25,20,55,9,1.9429576796619987,11
2754,23,14,31,6,1.9392936999416412,8
2755,110,13,104,5,1.938847445081051,8
2756,71,49,7,25,1.9387153694352726,24
2757,32,10,98,5,1.938005226383161,5
2758,23,14,97,7,1.9330528734436583,7
2759,65,30,84,14,1.928864673268391,16
2760,70,19,40,8,1.9276789997691242,11
2761,86,70,3,33,1.9270985258428794,37
2762,17,28,54,14,1.925973647351252,14
2763,107,19,72,9,1.924084169340613,10
2764,114,21,18,10,1.9235772497574426,11
2765,53,43,64,20,1.9214578200473,23
2766,99,11,76,6,1.9173589523208294,5
2767,86,18,89,7,1.9173267620704135,11
2768,97,32,106,16,1.9159665785715103,16
2769,110,11,17,5,1.9155371371930712,6
2770,8,65,74,29,1.9128656065638743,36
2771,68,38,1,18,1.9099752765436635,20
2772,65,51,106,24,1.9069424806899138,27
2773,55,27,99,12,1.895072402151854,15
2774,85,12,98,5,1.892963761582925,7
2775,51,54,37,23,1.892799917988142,31
2776,20,35,106,16,1.8905905914286998,19
2777,71,44,86,22,1.8883807510456327,22
2778,27,14,18,7,1.8878641320648082,7
2779,25,23,64,11,1.8857238852847764,12
2780,96,16,30,7,1.8850748786904798,9
2781,68,108,13,51,1.8849483625328212,57
2782,2,41,8,20,1.8848654476169666,21
2783,87,66,54,30,1.8710926114506883,36
2784,60,19,48,9,1.868377497336707,10
2785,53,13,47,6,1.867452050486345,7
2786,60,13,33,5,1.8644268792007332,8
2787,53,22,97,10,1.8492466822191047,12
2788,19,25,88,13,1.8450287055712755,12
2789,50,13,73,5,1.8439270323254195,8
2790,30,27,76,12,1.8425803619698402,15
2791,114,30,20,14,1.8395405662544684,16
2792,8,41,100,19,1.838178294028023,22
2793,92,30,88,14,1.8365360092779848,16
2794,84,38,96,19,1.8356486827006806,19
2795,88,23,90,10,1.8344778390431964,13
2796,9,36,63,17,1.8320885465004575,19
2797,74,29,13,14,1.8278354237299024,15
2798,11,15,114,8,1.8276036019184327,7
2799,44,13,114,6,1.8263733365516688,7
2800,13,44,75,20,1.82625422828726,24
2801,86,37,79,17,1.8233812794868036,20
2802,109,16,9,9,1.8213914184343696,7
2803,102,13,99,6,1.821289341303691,7
2804,40,18,111,9,1.8104998545748747,9
2805,36,22,25,11,1.807144013826855,11
2806,70,57,86,26,1.80463722039498,31
2807,51,34,31,14,1.8036645224364263,20
2808,112,50,16,24,1.7995643538534876,26
2809,63,10,103,4,1.7993918081481381,6
2810,8,40,30,20,1.7986527143277458,20
2811,114,35,39,18,1.7909993968165154,17
2812,65,25,47,12,1.7906040954239406,13
2813,20,19,48,8,1.7888857426975104,11
2814,97,27,46,13,1.7888516310767923,14
2815,65,27,77,12,1.7824305156446967,15
2816,29,20,8,8,1.781826812153748,12
2817,37,25,90,12,1.7816453937181727,13
2818,15,39,68,17,1.7799026131571731,22
2819,50,21,69,11,1.7758250016074677,10
2820,9,19,30,8,1.7725720850396782,11
2821,86,37,12,17,1.7695032786914953,20
2822,39,53,55,24,1.7668337903860143,29
2823,103,39,16,20,1.765131463561878,19
2824,88,11,110,6,1.764222812142971,5
2825,64,47,88,21,1.7611807290570651,26
2826,86,86,8,44,1.7581822677509298,42
2827,37,98,5,47,1.7580752219846099,51
2828,88,37,18,18,1.7539193639392456,19
2829,104,21,43,9,1.750605109142025,12
2830,60,33,36,16,1.7416473627060738,17
2831,18,11,6,5,1.7414584600944842,6
2832,65,41,17,17,1.7406554308740467,24
2833,36,37,88,16,1.7392851936744356,21
2834,16,26,12,12,1.7388261312317623,14
2835,51,14,66,7,1.7380363030144774,7
2836,9,23,112,10,1.7370284161007252,13
2837,111,16,9,7,1.7347101097492736,9
2838,16,27,44,12,1.7334648777380284,15
2839,30,80,86,36,1.7333051250740095,44
2840,106,38,96,17,1.7318320126651967,21
2841,32,13,68,5,1.7311662598089266,8
2842,109,20,77,10,1.727976391358886,10
2843,77,10,28,5,1.7274479044716262,5
2844,49,29,15,15,1.7216503112217902,14
2845,77,19,11,9,1.7198753848877157,10
2846,104,24,83,10,1.7171480590838881,14
2847,5,51,54,23,1.7127518345022985,28
2848,88,62,28,29,1.7102908597256317,33
2849,50,34,51,17,1.7082975555891384,17
2850,86,67,55,31,1.7078571022769586,36
2851,107,123,86,58,1.7068811504984986,65
2852,85,15,57,7,1.703449553409084,8
2853,20,16,102,8,1.6989391239814888,8
2854,36,15,23,9,1.697287527418564,6
2855,73,20,28,10,1.687006788072292,10
2856,55,40,106,18,1.6835382667235024,22
2857,39,75,13,35,1.6833252409730617,40
2858,55,25,20,12,1.682789944223458,13
2859,8,83,88,40,1.6811669912632214,43
2860,65,31,50,15,1.6801621867417356,16
2861,18,26,30,12,1.675165584415977,14
2862,17,18,64,8,1.6742261514283467,10
2863,23,14,50,5,1.673947609647618,9
2864,63,45,7,18,1.673573876629926,27
2865,48,14,104,6,1.673511883025235,8
2866,87,45,84,20,1.6712785926609632,25
2867,68,46,3,23,1.6711554440218455,23
2868,45,28,31,13,1.6710870406691025,15
2869,17,17,112,8,1.670998049379022,9
2870,54,19,33,8,1.6683853925492595,11
2871,28,60,109,27,1.666325653986783,33
2872,8,95,107,48,1.6636951263902326,47
2873,37,47,74,23,1.66281633297112,24
2874,63,24,47,10,1.6623324282821739,14
2875,41,30,1,13,1.6558361653082903,17
2876,36,23,68,11,1.651168634820273,12
2877,107,53,9,27,1.6442254492149504,26
2878,86,34,38,16,1.6422594839902267,18
2879,30,41,68,20,1.6397998764136308,21
2880,41,60,88,27,1.6397874376242172,33
2881,102,10,49,4,1.6394569107680652,6
2882,6,18,68,10,1.6346986227731617,8
2883,35,28,86,12,1.630292710908606,16
2884,18,37,51,19,1.6280086279913597,18
2885,64,12,84,7,1.6272082249846804,5
2886,106,46,88,20,1.6248459493396556,26
2887,13,31,72,16,1.6241775993144312,15
2888,44,17,87,8,1.6239279411647956,9
2889,38,32,13,17,1.614314899085529,15
2890,30,29,69,14,1.6139022710932394,15
2891,76,17,18,8,1.601109520179619,9
2892,18,33,60,16,1.596771934301809,17
2893,14,11,75,5,1.594721022285634,6
2894,57,38,39,19,1.5884848488756722,19
2895,49,23,62,10,1.5851399264471664,13
2896,2,15,25,8,1.5845186001024,7
2897,88,20,61,8,1.5819478875432638,12
2898,58,12,100,6,1.5819008855655083,6
2899,55,22,90,12,1.578656952498875,10
2900,96,34,88,17,1.5755489762598094,17
2901,63,43,41,20,1.5704593108021467,23
2902,30,27,78,13,1.5696074585617392,14
2903,4,61,13,28,1.56876063127331,33
2904,15,49,86,23,1.5627809554713028,26
2905,80,20,11,10,1.5532652275466894,10
2906,87,62,3,29,1.5506851688179917,33
2907,109,13,47,6,1.549168689951247,7
2908,57,25,102,12,1.5483760769806807,13
2909,63,30,27,13,1.5482939869847638,17
2910,43,19,50,8,1.5434241128816233,11
2911,60,32,9,14,1.541763907829675,18
2912,22,10,86,5,1.5381482899799122,5
2913,94,21,11,11,1.5369194320927209,10
2914,98,13,79,6,1.5335435073226167,7
2915,29,13,53,5,1.53176700286447,8
2916,64,15,81,7,1.5315551836921608,8
2917,114,20,84,9,1.5282826629009736,11
2918,13,66,27,32,1.5277775268373557,34
2919,3,17,76,8,1.5249357900982576,9
2920,76,14,90,6,1.5239560719394636,8
2921,35,14,37,7,1.523131742310598,7
2922,3,22,61,8,1.5200379980927694,14
2923,46,12,55,5,1.514859018089967,7
2924,64,29,27,14,1.506656484827703,15
2925,27,25,50,10,1.5040884605682736,15
2926,54,10,89,4,1.503765809030216,6
2927,63,22,15,10,1.4989595234613098,12
2928,19,15,102,6,1.4975662366291813,9
2929,46,52,5,24,1.4974094901037533,28
2930,107,47,25,23,1.4967278623744338,24
2931,112,16,11,8,1.4950492246382474,8
2932,49,33,7,15,1.4907855360930005,18
2933,77,22,88,11,1.4907823177695696,11
2934,60,74,71,35,1.4843115108657066,39
2935,37,38,17,16,1.479924510472103,22
2936,68,10,84,4,1.4788993773509214,6
2937,109,20,69,10,1.476902335560545,10
2938,103,17,79,8,1.4762996181953671,9
2939,106,50,11,21,1.4751786277994416,29
2940,35,24,7,12,1.4676220715119486,12
2941,6,13,69,7,1.4672562795661197,6
2942,71,24,3,11,1.4668209780059522,13
2943,40,64,51,31,1.4624658901194083,33
2944,31,21,47,10,1.4606130980712677,11
2945,25,23,83,10,1.459720188055504,13
2946,29,24,78,11,1.4596579734080948,13
2947,12,41,27,18,1.455550689709286,23
2948,62,28,65,14,1.4496341901836953,14
2949,106,55,63,27,1.448556681809942,28
2950,75,44,39,23,1.4473715172929777,21
2951,65,33,69,16,1.4425642416495112,17
2952,20,21,97,11,1.4395279608818752,10
2953,50,28,25,14,1.4391705454909005,14
2954,36,35,45,19,1.423273124508118,16
2955,1,11,53,5,1.4196819324858239,6
2956,15,41,65,19,1.4119875326523994,22
2957,78,28,84,14,1.411580555626705,14
2958,100,29,62,15,1.4095954922785325,14
2959,12,20,71,10,1.4059148964814137,10
2960,8,52,39,26,1.4053790168528837,26
2961,46,25,9,13,1.4052752923291445,12
2962,70,17,95,9,1.4011695857654891,8
2963,74,12,98,6,1.394136813126094,6
2964,36,11,29,6,1.3837445576600509,5
2965,102,18,3,8,1.3811952404449805,10
2966,95,31,7,14,1.3809406634768626,17
2967,106,30,41,15,1.3806292559177726,15
2968,39,52,41,27,1.3725005678823738,25
2969,25,26,30,14,1.363384718034573,12
2970,41,35,40,18,1.358626645359705,17
2971,104,33,70,16,1.3582302540990812,17
2972,30,14,81,7,1.3508923221630391,7
2973,97,37,88,18,1.3490743629309014,19
2974,54,110,65,53,1.348421452711581,57
2975,108,17,40,9,1.3479697301696891,8
2976,52,19,87,8,1.3439420173712888,11
2977,8,44,104,21,1.3410693202324964,23
2978,6,10,23,5,1.3385415186806267,5
2979,50,20,98,9,1.335287430553141,11
2980,30,21,48,9,1.3239953886043165,12
2981,84,36,54,17,1.3202943615638323,19
2982,74,18,80,9,1.319966132866856,9
2983,65,111,63,53,1.3193232513653719,58
2984,55,57,88,25,1.3163784693707288,32
2985,54,21,23,10,1.3133138976413523,11
2986,94,11,40,5,1.3131730085845268,6
2987,112,32,65,16,1.3122977163439495,16
2988,68,52,9,25,1.3104638696206712,27
2989,9,28,58,13,1.310268135821897,15
2990,32,14,51,7,1.3093866254236395,7
2991,41,28,114,14,1.307338108043566,14
2992,87,61,11,27,1.3032772427787196,34
2993,5,44,13,21,1.3023509853743034,23
2994,16,55,41,25,1.2973288176849318,30
2995,7,22,8,10,1.2952715014492373,12
2996,88,39,4,19,1.294921220761057,20
2997,2,22,74,10,1.2925512141562394,12
2998,51,19,99,10,1.2892082407104484,9
2999,89,17,88,9,1.288899774963521,8
3000,93,10,43,5,1.2815568757500557,5
3001,96,59,107,27,1.2779661064945878,32
3002,46,57,54,28,1.2778066019254952,29
3003,34,10,91,5,1.2767116469837227,5
3004,71,11,1,6,1.2732152302328021,5
3005,60,29,28,16,1.272111001147211,13
3006,62,11,47,5,1.265526998129847,6
3007,52,15,65,8,1.262826215370322,7
3008,92,12,107,5,1.2625916923530776,7
3009,57,24,55,13,1.2620925157379805,11
3010,81,20,18,10,1.2612198373935404,10
3011,93,10,79,5,1.2606355667564615,5
3012,86,39,112,18,1.2594712193458382,21
3013,17,42,13,21,1.2570532505054286,21
3014,41,74,13,36,1.251763682954913,38
3015,13,61,9,28,1.2504419702657084,33
3016,3,21,18,9,1.249671178570583,12
3017,16,38,29,19,1.244834998200107,19
3018,108,16,55,7,1.2425126869095378,9
3019,91,20,37,10,1.2413018923540677,10
3020,70,32,51,16,1.2403340780472845,16
3021,71,25,31,12,1.2380158081615484,13
3022,63,16,95,8,1.2339697301933765,8
3023,28,39,25,17,1.2338977751460145,22
3024,51,88,107,38,1.233524626679821,50
3025,64,18,108,9,1.231630129497269,9
3026,17,21,90,9,1.2284550376144918,12
3027,103,16,76,9,1.2268990228901182,7
3028,79,22,107,10,1.2215901530487834,12
3029,55,17,41,8,1.220974525083998,9
3030,71,37,88,16,1.218508421155273,21
3031,17,35,34,18,1.212836226783514,17
3032,58,16,63,9,1.2116740819179406,7
3033,57,59,86,29,1.2114369577488064,30
3034,25,33,97,16,1.2112097532933517,17
3035,47,12,76,8,1.2091645579998245,4
3036,3,15,46,8,1.2064770707138577,7
3037,16,37,90,19,1.2044594497123229,18
3038,28,65,5,32,1.2040234196998174,33
3039,20,20,76,11,1.195513412586339,9
3040,25,67,16,32,1.1932865297100734,35
3041,87,16,110,7,1.1878037867151132,9
3042,76,31,96,14,1.1853039288193863,17
3043,48,27,11,13,1.1812388789745782,14
3044,89,16,104,8,1.1768798083300285,8
3045,33,12,77,6,1.1756675735500741,6
3046,63,51,11,22,1.1727104947557743,29
3047,44,13,75,7,1.169380882277211,6
3048,108,19,74,8,1.1664859423669782,11
3049,16,33,108,15,1.163747925816394,18
3050,29,23,11,11,1.162980325883417,12
3051,77,30,18,13,1.157226861340675,17
3052,111,32,16,16,1.1556733242940576,16
3053,79,17,7,8,1.150116600366683,9
3054,17,10,33,5,1.1464162819529016,5
3055,64,20,45,9,1.1431500338693177,11
3056,8,14,56,7,1.138262181129431,7
3057,36,26,106,13,1.1307287364062795,13
3058,3,26,31,14,1.1304098830558913,12
3059,79,17,88,8,1.1249704502892566,9
3060,69,28,19,13,1.12274464710603,15
3061,28,25,57,12,1.1208866402447313,13
3062,50,69,54,34,1.1176760529666152,35
3063,29,19,7,7,1.117067463392933,12
3064,100,14,61,7,1.1138239851805005,7
3065,40,16,109,7,1.112646763896167,9
3066,78,46,57,22,1.1112398390600908,24
3067,73,13,55,6,1.1082443575059628,7
3068,91,12,47,6,1.1047106963660323,6
3069,40,19,45,9,1.104353122593122,10
3070,96,18,2,9,1.1039761816908875,9
3071,70,39,106,20,1.1024614638047314,19
3072,18,35,41,18,1.098384167284529,17
3073,87,70,39,33,1.0982945815388099,37
3074,30,19,57,9,1.0872072063709575,10
3075,87,35,75,17,1.0859483979409972,18
3076,15,15,17,8,1.0855800690980384,7
3077,60,31,81,15,1.0765050885349574,16
3078,19,30,57,15,1.0764867469339017,15
3079,75,27,74,12,1.0761366724331511,15
3080,64,19,97,9,1.0748997556853976,10
3081,9,16,97,9,1.0715415510849877,7
3082,67,20,37,9,1.070770052763525,11
3083,16,124,13,57,1.0688774267420174,67
3084,58,14,71,7,1.0679524363994424,7
3085,104,14,92,8,1.0650896272942483,6
3086,88,32,3,15,1.0621797128272272,17
3087,100,14,44,7,1.0590413147864144,7
3088,13,16,89,7,1.0581999047075505,9
3089,71,18,45,10,1.0500246166344471,8
3090,107,73,63,39,1.0499479505653528,34
3091,16,62,19,28,1.0389612156991572,34
3092,104,16,33,7,1.0375486456158094,9
3093,45,14,3,7,1.0349134798027042,7
3094,104,38,74,17,1.0321539192468763,21
3095,78,45,107,21,1.0299764540806504,24
3096,2,33,97,16,1.0254110764857587,17
3097,48,18,51,10,1.0238446488089576,8
3098,63,20,44,9,1.0233184771026445,11
3099,64,12,90,6,1.0226762518657313,6
3100,79,13,9,7,1.0203716742776936,6
3101,20,17,85,8,1.0120202947249686,9
3102,60,16,57,8,1.0104370368222444,8
3103,91,20,18,9,1.0069076377111847,11
3104,45,12,88,5,1.005819520359159,7
3105,114,11,93,6,1.0049906589581667,5
3106,57,34,41,17,1.00006887405222,17
3107,68,29,38,13,0.9956485324900232,16
3108,43,33,88,15,0.9947945347929822,18
3109,20,13,27,6,0.9871413726704082,7
3110,12,30,87,14,0.9869568408548174,16
3111,69,32,107,15,0.9867318989974718,17
3112,54,19,112,9,0.9843355592348286,10
3113,93,19,84,8,0.9776365381665071,11
3114,68,15,102,7,0.9774478191416416,8
3115,107,65,5,32,0.9748363761521168,33
3116,70,10,62,5,0.9747108971050832,5
3117,78,12,9,6,0.9745877106891233,6
3118,63,52,87,24,0.9694664805604988,28
3119,64,15,57,7,0.9686108755747885,8
3120,71,34,8,17,0.9628252268322728,17
3121,104,38,106,19,0.9604760273979267,19
3122,106,11,103,6,0.9583580547252463,5
3123,60,78,7,38,0.9515995280010714,40
3124,63,23,53,11,0.9461903574639025,12
3125,18,29,40,12,0.9358054757186808,17
3126,87,64,30,31,0.9272587982544809,33
3127,55,24,4,12,0.9256101911535765,12
3128,78,49,16,24,0.9209196782081108,25
3129,29,16,43,8,0.9196986818795099,8
3130,9,29,3,14,0.919449036774346,15
3131,75,27,114,13,0.9181862737012535,14
3132,39,14,1,5,0.9120351629887123,9
3133,64,17,46,8,0.9119833053856681,9
3134,36,35,75,19,0.9076169876586814,16
3135,76,28,102,13,0.9068567870201522,15
3136,6,14,50,7,0.9048960894988062,7
3137,60,12,111,7,0.901998030050083,5
3138,62,14,50,6,0.9017457082495477,8
3139,78,17,55,9,0.9002458878614119,8
3140,68,17,74,7,0.9001065237726409,10
3141,39,24,70,11,0.8958543413772162,13
3142,106,71,28,34,0.8945808420172994,37
3143,27,63,51,30,0.888138361606474,33
3144,9,19,69,9,0.8879210172039291,10
3145,93,13,3,5,0.8808947328421434,8
3146,83,21,88,11,0.8798897555023121,10
3147,13,47,15,24,0.8757286594591273,23
3148,41,15,48,7,0.8735829617761527,8
3149,27,15,1,6,0.8721383199452204,9
3150,57,22,68,10,0.871674240734193,12
3151,60,17,84,10,0.8716143564890761,7
3152,46,34,87,15,0.8711353256142379,19
3153,8,67,37,33,0.870008429807156,34
3154,11,83,16,36,0.8689296192195455,47
3155,41,25,43,12,0.864027427303756,13
3156,68,85,51,39,0.8636071760652753,46
3157,68,19,43,10,0.8623513819268345,9
3158,10,10,114,4,0.8617397018011357,6
3159,77,14,64,8,0.855042195937581,6
3160,41,12,38,5,0.8514389884122157,7
3161,93,10,9,4,0.8497835844959786,6
3162,33,15,95,7,0.8491128905949068,8
3163,60,14,98,7,0.8439389777307136,7
3164,79,23,84,11,0.8428978656974995,12
3165,19,24,77,12,0.8379851134542081,12
3166,2,16,46,8,0.8285194662826778,8
3167,29,12,106,6,0.8264692442725412,6
3168,28,45,18,23,0.822900118995586,22
3169,84,15,95,7,0.8218033746912392,8
3170,114,19,45,9,0.820568913201756,10
3171,18,25,104,14,0.8196468212979259,11
3172,87,74,88,38,0.8190831084314738,36
3173,57,18,20,9,0.8178941572060074,9
3174,7,80,41,40,0.8113607765595678,40
3175,56,14,40,7,0.8062835825274118,7
3176,34,20,39,10,0.805587282463709,10
3177,30,26,40,13,0.8045580871786273,13
3178,41,18,78,8,0.803959362747131,10
3179,86,85,20,41,0.8016884889387337,44
3180,98,11,62,5,0.7995773049352709,6
3181,2,22,88,11,0.7956469041111253,11
3182,30,31,11,15,0.7930761044729554,16
3183,1,36,107,18,0.792741418555241,18
3184,86,20,33,9,0.790942801732745,11
3185,28,16,89,7,0.7901986413516666,9
3186,75,14,33,6,0.7900898585820573,8
3187,80,15,38,8,0.788256586414659,7
3188,41,21,46,11,0.7882087764921283,10
3189,4,18,104,10,0.7872554057904755,8
3190,48,20,109,9,0.7860713609857853,11
3191,87,22,99,10,0.7762165713325079,12
3192,88,32,69,15,0.7753807063240763,17
3193,97,20,93,10,0.7717644600090608,10
3194,58,15,50,8,0.7660630045931233,7
3195,57,14,91,6,0.7523919124216624,8
3196,14,15,13,6,0.751185424264851,9
3197,46,24,84,11,0.7446057703540031,13
3198,11,32,78,17,0.7439751541430433,15
3199,36,13,74,5,0.7437175733038418,8
3200,15,51,39,23,0.7431576274831314,28
3201,109,27,106,14,0.7430675694349274,13
3202,38,22,64,11,0.7416758999099181,11
3203,94,24,86,12,0.7404864736135068,12
3204,7,12,108,5,0.7404080910313966,7
3205,25,24,15,13,0.7394428200536313,11
3206,15,52,16,27,0.7375727968907604,25
3207,50,18,89,8,0.737236210087167,10
3208,40,77,86,36,0.735275767181436,41
3209,28,57,11,27,0.733863128330741,30
3210,95,41,5,21,0.7316066534315495,20
3211,91,18,84,9,0.731418526812023,9
3212,33,13,27,6,0.7289108112107268,7
3213,27,13,99,7,0.7284055341482011,6
3214,71,10,96,5,0.7278695572627853,5
3215,57,10,4,4,0.7276499847388465,6
3216,49,20,109,10,0.7270267076148561,10
3217,81,19,27,9,0.7248890061971007,10
3218,51,38,43,20,0.7192859319153487,18
3219,37,51,28,24,0.7168710662114339,27
3220,61,18,40,9,0.715489570683085,9
3221,8,72,106,37,0.7133251026811394,35
3222,43,18,71,10,0.7122285277146779,8
3223,51,37,12,18,0.7101916786560039,19
3224,97,13,3,6,0.7099885191404446,7
3225,106,18,27,7,0.7074485049679642,11
3226,68,71,86,36,0.7070864651977483,35
3227,94,23,29,11,0.7057962050625158,12
3228,41,20,54,10,0.7052079558025968,10
3229,38,11,91,5,0.700382291127082,6
3230,61,11,39,6,0.6964131355147368,5
3231,90,15,74,6,0.6948431634826372,9
3232,7,90,65,47,0.6945220468207863,43
3233,3,30,43,14,0.6945065447681071,16
3234,50,29,9,14,0.6932669196756267,15
3235,100,19,85,9,0.692145009111035,10
3236,69,27,11,14,0.6919460086860773,13
3237,88,17,48,7,0.6890250559346728,10
3238,51,23,98,11,0.6875823408827684,12
3239,68,75,27,36,0.6873238062883651,39
3240,18,19,25,10,0.6816652439852796,9
3241,109,14,23,7,0.6795387556597839,7
3242,79,16,3,9,0.6788187325928862,7
3243,66,15,9,7,0.6778609704226946,8
3244,88,26,78,12,0.6778357578813761,14
3245,29,13,79,5,0.6757838864896741,8
3246,50,10,38,4,0.6752935140977933,6
3247,23,23,12,11,0.6683929234960068,12
3248,71,24,55,13,0.6670673084821276,11
3249,87,44,74,21,0.6669497609047663,23
3250,39,65,65,34,0.6541315550544965,31
3251,63,32,78,15,0.6511427448806575,17
3252,75,50,88,24,0.6490595256191717,26
3253,107,66,60,33,0.6466200063575438,33
3254,2,10,109,5,0.6444253237530845,5
3255,27,50,30,24,0.6421610103820862,26
3256,72,12,62,6,0.6413947117031077,6
3257,85,15,69,7,0.6408165415497196,8
3258,25,25,41,14,0.6394054706376694,11
3259,49,28,8,13,0.6383864691812153,15
3260,6,18,51,10,0.6381605805799537,8
3261,111,17,36,8,0.6365354853619519,9
3262,43,11,48,6,0.6335452834733725,5
3263,33,29,16,16,0.6325119131101442,13
3264,13,34,20,16,0.6324978295967632,18
3265,4,28,64,13,0.6316212138641669,15
3266,18,27,12,14,0.6303488190416855,13
3267,60,23,1,11,0.6297573562891117,12
3268,38,20,29,10,0.6286324723530292,10
3269,109,30,84,14,0.6283430275726476,16
3270,36,33,71,17,0.6241330409639588,16
3271,9,17,81,8,0.6212818094890723,9
3272,86,54,9,28,0.6210369166565827,26
3273,40,12,38,5,0.617907919478443,7
3274,31,22,58,11,0.616855370373501,11
3275,87,37,64,19,0.6137520522219628,18
3276,51,42,69,20,0.6101979768399988,22
3277,91,16,70,7,0.6063303701253766,9
3278,30,51,100,26,0.6041121088815675,25
3279,63,15,34,7,0.6010869874219991,8
3280,71,32,106,15,0.6009609652453838,17
3281,111,10,12,6,0.6003907747378712,4
3282,71,10,23,4,0.6000287508458293,6
3283,65,25,78,11,0.5972758077920031,14
3284,79,22,8,10,0.596047638444006,12
3285,55,24,3,12,0.5910345457593124,12
3286,87,25,112,13,0.5908646302689579,12
3287,76,13,36,4,0.5885035889042637,9
3288,63,28,112,14,0.5834223269951258,14
3289,12,24,11,13,0.5832043944441031,11
3290,47,30,51,16,0.5820326521668331,14
3291,28,26,98,11,0.5775231479620817,15
3292,80,35,86,17,0.5771607275339589,18
3293,88,60,9,29,0.5756732724314684,31
3294,41,32,75,17,0.57538170131953,15
3295,114,40,7,19,0.5741553045041325,21
3296,69,15,71,8,0.5724150990318982,7
3297,71,13,78,6,0.56619632387446,7
3298,37,16,43,7,0.5623554718266413,9
3299,60,27,109,13,0.5608097746742312,14
3300,83,10,2,5,0.5594397265150789,5
3301,95,53,86,24,0.5540869121526227,29
3302,68,74,65,37,0.550600184176375,37
3303,92,17,7,7,0.5480230211986085,10
3304,23,32,51,16,0.547309759048545,16
3305,64,29,54,15,0.5456745481805175,14
3306,35,14,13,7,0.5410242166059803,7
3307,106,10,1,5,0.5396528610114324,5
3308,41,20,94,9,0.5383397062160048,11
3309,8,16,19,8,0.5381116060153437,8
3310,78,15,109,8,0.535708243065164,7
3311,6,22,107,11,0.5355439544398269,11
3312,41,18,103,8,0.5269053363965305,10
3313,4,24,77,12,0.5234491201479384,12
3314,74,14,27,8,0.5219215520059601,6
3315,60,51,65,28,0.5216529175374925,23
3316,60,18,83,9,0.5212906629660267,9
3317,30,22,106,11,0.5189588569615469,11
3318,107,90,28,43,0.5154847887243886,47
3319,112,10,66,4,0.5146742754382652,6
3320,112,20,51,10,0.5141422831615046,10
3321,4,18,9,9,0.5118055197130298,9
3322,54,41,7,20,0.5072416292031929,21
3323,111,51,68,26,0.5032623987049997,25
3324,62,36,87,18,0.5027928056378266,18
3325,90,13,91,6,0.5003235284827334,7
3326,88,35,31,18,0.4999807976090581,17
3327,60,40,3,20,0.4982532656538769,20
3328,74,22,18,12,0.4929022250899433,10
3329,39,46,47,22,0.492304337936158,24
3330,62,12,97,6,0.490051403125013,6
3331,19,16,58,8,0.4895753929310045,8
3332,84,80,107,39,0.48662393295564865,41
3333,88,40,20,21,0.4827222531499379,19
3334,109,46,13,22,0.482033722868293,24
3335,7,19,48,10,0.48075396413828586,9
3336,95,28,74,13,0.4784255086028103,15
3337,76,18,62,9,0.4784217833711707,9
3338,25,51,39,26,0.47594650511842773,25
3339,7,60,18,31,0.4748651156903118,29
3340,63,42,5,18,0.4718441296207792,24
3341,65,54,31,26,0.4691388746969232,28
3342,51,67,87,33,0.46802749657090215,34
3343,5,10,78,6,0.46671252280804226,4
3344,12,18,50,7,0.46586470667488683,11
3345,106,101,86,50,0.4658315283344795,51
3346,86,81,54,41,0.46582318117547167,40
3347,104,38,76,20,0.4636043507636282,18
3348,65,58,12,30,0.46281952828017164,28
3349,65,11,21,6,0.46273082007848293,5
3350,107,36,46,19,0.458246310756249,17
3351,97,39,107,20,0.4513498337115791,19
3352,106,45,50,21,0.450853387486715,24
3353,87,36,15,17,0.44867974155253937,19
3354,13,33,112,17,0.44654566712440297,16
3355,30,37,54,18,0.4460275388884087,19
3356,47,32,87,15,0.44469110430222375,17
3357,80,11,9,7,0.4439834453330443,4
3358,90,15,11,7,0.4409004522210786,8
3359,109,76,86,38,0.4382040730178596,38
3360,40,49,63,25,0.43519783962840436,24
3361,40,43,31,22,0.4296271974626762,21
3362,68,34,77,16,0.4290365236127845,18
3363,107,32,85,16,0.42684494255397554,16
3364,16,28,98,14,0.4253740447358041,14
3365,106,21,43,11,0.42530171348423335,10
3366,95,13,57,8,0.42117305158203777,5
3367,112,18,69,10,0.4198013383725023,8
3368,5,14,38,7,0.41683785462955975,7
3369,20,16,69,8,0.4110151707783516,8
3370,31,33,86,17,0.41076921803924654,16
3371,96,39,55,20,0.40999901205957556,19
3372,50,18,79,9,0.40910464935228613,9
3373,74,55,16,28,0.4074421879861471,27
3374,16,45,114,21,0.4068130302568868,24
3375,17,11,26,5,0.4065653808604262,6
3376,78,23,43,11,0.4019135190087656,12
3377,35,16,30,8,0.40164153194297303,8
3378,37,41,65,19,0.3990326963086119,22
3379,104,15,20,8,0.39743988488785525,7
3380,20,21,95,10,0.3956021347010563,11
3381,61,16,65,9,0.3950505274193439,7
3382,13,88,49,39,0.39370050097638604,49
3383,102,14,84,7,0.3912018744364834,7
3384,8,13,44,6,0.3904420875790021,7
3385,95,17,76,8,0.3896119374242363,9
3386,64,20,15,11,0.38691464929245284,9
3387,69,30,36,15,0.38598798110098687,15
3388,79,12,78,6,0.38583207842589995,6
3389,114,28,71,14,0.3795577437704564,14
3390,37,13,48,6,0.3793970201456422,7
3391,70,22,97,12,0.3783758219642569,10
3392,14,18,84,8,0.3778390349649412,10
3393,63,27,60,13,0.37326617266532824,14
3394,103,14,54,8,0.3711572343700788,6
3395,51,40,30,20,0.3690727556562843,20
3396,40,21,75,10,0.3686371386700514,11
3397,95,26,28,12,0.36814720179538235,14
3398,8,32,76,15,0.36631050299304696,17
3399,54,83,107,42,0.3655524627632432,41
3400,92,18,13,7,0.36521745881562023,11
3401,43,11,90,5,0.3643101985935386,6
3402,28,14,44,8,0.3571298728778931,6
3403,34,13,75,6,0.35287672494659683,7
3404,19,45,15,22,0.34636498036347957,23
3405,63,11,82,5,0.34593533956848593,6
3406,53,41,51,21,0.34398118429468505,20
3407,111,12,18,6,0.34349474631160665,6
3408,106,14,66,6,0.34287379392296863,8
3409,11,63,107,30,0.34038070638348855,33
3410,17,12,69,6,0.3399205773020941,6
3411,109,13,4,6,0.33809070228925237,7
3412,5,61,87,30,0.3370261398348081,31
3413,39,40,50,20,0.3358837847035394,20
3414,55,65,51,32,0.3317862409811213,33
3415,83,20,106,11,0.3316445649094074,9
3416,8,57,70,28,0.32660941887077904,29
3417,87,26,2,13,0.32619162405938884,13
3418,80,17,71,9,0.3237123360021252,8
3419,27,27,62,14,0.32158321443949933,13
3420,83,25,28,14,0.31931308670237557,11
3421,50,46,13,23,0.3183740832997801,23
3422,114,22,69,10,0.3170624988990175,12
3423,107,39,90,20,0.3131139201836661,19
3424,16,41,40,20,0.3129456302783174,21
3425,60,48,53,25,0.3118269913878406,23
3426,86,77,39,40,0.31125034671206625,37
3427,64,12,28,6,0.3078927557568371,6
3428,23,19,111,11,0.30722018824926817,8
3429,51,17,38,8,0.30308488501942854,9
3430,88,16,85,8,0.29964355304249035,8
3431,87,45,104,24,0.2989430528005182,21
3432,46,28,76,14,0.2977453961949545,14
3433,98,16,19,7,0.29311592538168885,9
3434,89,21,16,11,0.2929580740302105,10
3435,27,17,25,9,0.2912949474117434,8
3436,87,18,33,9,0.28990718970381224,9
3437,68,63,60,33,0.2853879784305839,30
3438,107,42,18,23,0.2822897384068739,19
3439,90,10,98,5,0.2818861887378333,5
3440,87,43,109,20,0.2816619596342483,23
3441,67,12,25,6,0.2816428039469052,6
3442,96,12,67,7,0.2799650125910983,5
3443,7,20,70,8,0.27895885562123496,12
3444,53,18,5,8,0.2778213329671466,10
3445,12,21,8,10,0.2751918616544977,11
3446,7,77,39,40,0.2749189859757219,37
3447,103,26,87,12,0.27226128140654277,14
3448,51,54,9,26,0.2700079238709996,28
3449,36,11,38,4,0.2667921507986764,7
3450,22,16,109,8,0.26617483465115477,8
3451,43,22,114,12,0.26405625020379975,10
3452,37,22,76,12,0.2606095394442805,10
3453,104,22,17,11,0.2597220823510658,11
3454,16,20,85,11,0.25737423659678205,9
3455,4,32,68,16,0.2573095525279982,16
3456,4,16,30,8,0.2549680926160687,8
3457,17,11,108,5,0.25064673927891207,6
3458,39,51,63,29,0.2485762976887582,22
3459,27,47,11,23,0.24656832989839045,24
3460,40,25,47,14,0.24655985846699083,11
3461,39,11,93,6,0.24650819188031292,5
3462,13,56,53,26,0.2359648178400485,30
3463,88,25,93,14,0.2346836303137904,11
3464,93,13,51,7,0.23291171077771639,6
3465,65,10,101,5,0.22906131925900258,5
3466,11,67,39,34,0.22695665476450774,33
3467,87,50,96,24,0.2238030562399532,26
3468,79,31,48,16,0.22311337916674606,15
3469,50,61,86,32,0.2216523965537408,29
3470,82,15,28,8,0.2205286984952181,7
3471,37,38,88,19,0.21837047991817124,19
3472,17,21,84,10,0.21599839278237065,11
3473,7,99,107,54,0.2137364856426741,45
3474,53,21,44,9,0.21221133134211373,12
3475,2,37,86,17,0.21062883056177345,20
3476,6,11,100,6,0.20965402679156367,5
3477,33,13,74,6,0.2046546758624042,7
3478,106,20,48,10,0.20449983406695527,10
3479,77,23,29,11,0.19591281566909063,12
3480,107,61,74,29,0.19420996588142067,32
3481,112,18,72,9,0.19365171750841212,9
3482,19,21,112,11,0.19051106403814208,10
3483,104,17,23,10,0.18692044107224143,7
3484,44,15,65,6,0.18351226600641293,9
3485,51,40,20,18,0.18130039081952756,22
3486,50,25,114,12,0.18060110833647136,13
3487,70,23,41,13,0.17939581625615586,10
3488,20,48,8,24,0.17245365752257427,24
3489,106,28,100,13,0.1677556244233467,15
3490,107,31,4,16,0.16653385204254045,15
3491,13,80,86,38,0.16497427756503827,42
3492,75,57,65,29,0.16394853878537058,28
3493,16,39,72,20,0.1627832831395569,19
3494,17,29,68,15,0.16206629975870687,14
3495,7,51,4,26,0.16136746029798288,25
3496,16,63,57,30,0.16074786193682464,33
3497,7,16,83,7,0.15765677447455673,9
3498,79,14,55,7,0.15414527044248416,7
3499,68,41,104,21,0.14920589858094652,20
3500,51,17,85,8,0.1485089203425515,9
3501,37,41,114,19,0.14487606275647452,22
3502,100,51,39,26,0.1436082500357994,25
3503,49,27,9,15,0.1403485015412945,12
3504,86,95,65,50,0.1328835867340733,45
3505,73,10,25,5,0.13287312364388484,5
3506,33,16,114,9,0.1306594611288726,7
3507,69,25,7,13,0.12779683769017072,12
3508,88,65,46,31,0.12160552196414671,34
3509,80,23,84,12,0.11286096846693006,11
3510,68,10,79,4,0.11002938828097016,6
3511,17,34,39,16,0.10903300833788604,18
3512,103,22,29,12,0.10854405086209162,10
3513,54,15,12,8,0.10677371542804602,7
3514,11,10,73,5,0.1054273387277771,5
3515,64,24,100,11,0.1053276394727547,13
3516,2,18,84,9,0.10504403066305122,9
3517,86,33,85,17,0.10428836174700429,16
3518,87,59,55,30,0.10393392000771386,29
3519,15,26,104,13,0.10344391765702249,13
3520,100,19,17,8,0.1033034771886362,11
3521,13,24,45,12,0.09910833731151314,12
3522,86,30,53,13,0.09593092236921533,17
3523,74,39,25,20,0.09563368284675952,19
3524,12,13,58,6,0.09514631006964763,7
3525,114,29,36,13,0.0921312858778607,16
3526,114,48,104,25,0.08363522002227851,23
3527,84,37,88,17,0.08333477514829642,20
3528,62,10,95,5,0.0814782186148065,5
3529,97,36,74,17,0.07931920932357457,19
3530,74,43,54,21,0.07806324953233126,22
3531,106,21,40,10,0.0680825308022658,11
3532,107,71,114,36,0.06336114924955752,35
3533,57,15,104,6,0.0631456146283403,9
3534,75,46,55,21,0.06023477871620806,25
3535,73,16,106,8,0.047003862193632395,8
3536,8,29,48,14,0.046300725486206125,15
3537,83,17,51,10,0.04607341431682118,7
3538,31,11,97,5,0.04256244744109594,6
3539,9,10,73,5,0.04170228259349536,5
3540,72,17,47,10,0.03554514182185788,7
3541,68,50,63,25,0.032429450097510554,25
3542,31,11,8,5,0.02937900525924807,6
3543,65,39,11,20,0.02225019372157458,19
3544,3,31,69,17,0.015075164376617801,14
3545,60,15,80,7,0.01467502566875391,8
3546,13,111,65,54,0.01458893693313318,57
3547,80,18,8,10,0.01264063172158774,8
3548,109,17,83,7,0.009729329647016893,10
3549,85,15,11,7,0.009683215318296827,8
3550,106,47,76,26,-0.009505075346388465,21
3551,11,15,85,8,-0.009683215318296353,7
3552,83,17,109,10,-0.009729329647015561,7
3553,8,18,80,8,-0.012640631721588136,10
3554,65,111,13,57,-0.014588936933132663,54
3555,80,15,60,8,-0.014675025668754036,7
3556,69,31,3,14,-0.015075164376618488,17
3557,11,39,65,19,-0.022250193721574954,20
3558,8,11,31,6,-0.02937900525924678,5
3559,63,50,68,25,-0.03242945009751157,25
3560,47,17,72,7,-0.035545141821858924,10
3561,73,10,9,5,-0.04170228259349358,5
3562,97,11,31,6,-0.04256244744109594,5
3563,51,17,83,7,-0.04607341431682181,10
3564,48,29,8,15,-0.04630072548620637,14
3565,106,16,73,8,-0.04700386219363217,8
3566,55,46,75,25,-0.060234778716207416,21
3567,104,15,57,9,-0.06314561462833927,6
3568,114,71,107,35,-0.06336114924955756,36
3569,40,21,106,11,-0.06808253080226648,10
3570,54,43,74,22,-0.0780632495323316,21
3571,74,36,97,19,-0.07931920932357497,17
3572,95,10,62,5,-0.08147821861480545,5
3573,88,37,84,20,-0.08333477514829642,17
3574,104,48,114,23,-0.08363522002227874,25
3575,36,29,114,16,-0.09213128587785951,13
3576,58,13,12,7,-0.095146310069646,6
3577,25,39,74,19,-0.09563368284675924,20
3578,53,30,86,17,-0.09593092236921522,13
3579,45,24,13,12,-0.09910833731151285,12
3580,17,19,100,11,-0.10330347718863582,8
3581,104,26,15,13,-0.1034439176570201,13
3582,55,59,87,29,-0.10393392000771247,30
3583,85,33,86,16,-0.10428836174700395,17
3584,84,18,2,9,-0.10504403066305122,9
3585,100,24,64,13,-0.10532763947275307,11
3586,73,10,11,5,-0.10542733872777674,5
3587,12,15,54,7,-0.10677371542804602,8
3588,29,22,103,10,-0.10854405086209194,12
3589,39,34,17,18,-0.10903300833788687,16
3590,79,10,68,6,-0.11002938828097086,4
3591,84,23,80,11,-0.11286096846693021,12
3592,46,65,88,34,-0.12160552196414537,31
3593,7,25,69,12,-0.12779683769017072,13
3594,114,16,33,7,-0.13065946112887206,9
3595,25,10,73,5,-0.13287312364388448,5
3596,65,95,86,45,-0.1328835867340757,50
3597,9,27,49,12,-0.1403485015412958,15
3598,39,51,100,25,-0.1436082500357988,26
3599,114,41,37,22,-0.14487606275647522,19
3600,85,17,51,9,-0.14850892034255025,8
3601,104,41,68,20,-0.14920589858094577,21
3602,55,14,79,7,-0.1541452704424852,7
3603,83,16,7,9,-0.15765677447455717,7
3604,57,63,16,33,-0.16074786193682514,30
3605,4,51,7,25,-0.16136746029798252,26
3606,68,29,17,14,-0.16206629975870612,15
3607,72,39,16,19,-0.16278328313955578,20
3608,65,57,75,28,-0.16394853878537097,29
3609,86,80,13,42,-0.16497427756503852,38
3610,4,31,107,15,-0.1665338520425416,16
3611,100,28,106,15,-0.1677556244233485,13
3612,8,48,20,24,-0.17245365752257383,24
3613,41,23,70,10,-0.17939581625615697,13
3614,114,25,50,13,-0.18060110833647136,12
3615,20,40,51,22,-0.18130039081952506,18
3616,65,15,44,9,-0.18351226600641318,6
3617,23,17,104,7,-0.186920441072241,10
3618,112,21,19,10,-0.19051106403814258,11
3619,72,18,112,9,-0.1936517175084127,9
3620,29,23,77,12,-0.19591281566909025,11
3621,74,13,33,7,-0.2046546758624053,6
3622,100,11,6,5,-0.20965402679156336,6
3623,86,37,2,20,-0.21062883056177364,17
3624,44,21,53,12,-0.2122113313421144,9
3625,107,99,7,45,-0.21373648564267406,54
3626,84,21,17,11,-0.21599839278237148,10
3627,88,38,37,19,-0.21837047991817116,19
3628,28,15,82,7,-0.2205286984952181,8
3629,86,61,50,29,-0.22165239655374097,32
3630,48,31,79,15,-0.22311337916674676,16
3631,96,50,87,26,-0.22380305623995242,24
3632,39,67,11,33,-0.22695665476450658,34
3633,101,10,65,5,-0.22906131925900355,5
3634,51,13,93,6,-0.2329117107777153,7
3635,93,25,88,11,-0.23468363031378975,14
3636,53,56,13,30,-0.23596481784004902,26
3637,11,40,76,21,-0.24555334539852466,19
3638,93,11,39,5,-0.24650819188031328,6
3639,47,25,40,11,-0.2465598584669911,14
3640,11,47,27,24,-0.2465683298983903,23
3641,63,51,39,22,-0.2485762976887572,29
3642,108,11,17,6,-0.2506467392789125,5
3643,30,16,4,8,-0.25496809261606845,8
3644,68,32,4,16,-0.25730955252800053,16
3645,85,20,16,9,-0.25737423659678205,11
3646,17,22,104,11,-0.2597220823510663,11
3647,76,22,37,10,-0.2606095394442805,12
3648,114,22,43,10,-0.2640562502037996,12
3649,109,16,22,8,-0.2661748346511539,8
3650,38,11,36,7,-0.26679215079867674,4
3651,9,54,51,28,-0.2700079238710004,26
3652,87,26,103,14,-0.27226128140654227,12
3653,39,77,7,37,-0.2749189859757204,40
3654,8,21,12,11,-0.27519186165449905,10
3655,5,18,53,10,-0.27782133296714684,8
3656,70,20,7,12,-0.2789588556212364,8
3657,67,12,96,5,-0.2799650125910977,7
3658,25,12,67,6,-0.2816428039469052,6
3659,109,43,87,23,-0.28166195963424945,20
3660,98,10,90,5,-0.2818861887378329,5
3661,18,42,107,19,-0.28228973840687405,23
3662,60,63,68,30,-0.2853879784305837,33
3663,33,18,87,9,-0.28990718970381263,9
3664,25,17,27,8,-0.29129494741174317,9
3665,16,21,89,10,-0.2929580740302105,11
3666,19,16,98,9,-0.29311592538168973,7
3667,76,28,46,14,-0.297745396194955,14
3668,104,45,87,21,-0.2989430528005174,24
3669,85,16,88,8,-0.2996435530424907,8
3670,38,17,51,9,-0.303084885019429,8
3671,111,19,23,8,-0.3072201882492683,11
3672,28,12,64,6,-0.3078927557568362,6
3673,39,77,86,37,-0.31125034671206625,40
3674,53,48,60,23,-0.3118269913878415,25
3675,40,41,16,21,-0.3129456302783173,20
3676,69,22,114,12,-0.3170624988990179,10
3677,13,46,50,23,-0.31837408329978034,23
3678,28,25,83,11,-0.31931308670237585,14
3679,62,27,27,13,-0.32158321443949917,14
3680,71,17,80,8,-0.32371233600212634,9
3681,2,26,87,13,-0.326191624059389,13
3682,70,57,8,29,-0.32660941887077916,28
3683,106,20,83,9,-0.33164456490940797,11
3684,51,65,55,33,-0.3317862409811193,32
3685,50,40,39,20,-0.3358837847035414,20
3686,87,61,5,31,-0.3370261398348085,30
3687,4,13,109,7,-0.33809070228925137,6
3688,69,12,17,6,-0.3399205773020955,6
3689,66,14,106,8,-0.34287379392296813,6
3690,18,12,111,6,-0.3434947463116063,6
3691,51,41,53,20,-0.34398118429468527,21
3692,82,11,63,6,-0.3459353395684866,5
3693,15,45,19,23,-0.3463649803634799,22
3694,75,13,34,7,-0.35287672494659683,6
3695,44,14,28,6,-0.35712987287789527,8
3696,90,11,43,6,-0.3643101985935379,5
3697,13,18,92,11,-0.3652174588156216,7
3698,107,83,54,41,-0.36555246276324344,42
3699,76,32,8,17,-0.3663105029930477,15
3700,28,26,95,14,-0.3681472017953835,12
3701,75,21,40,11,-0.36863713867005155,10
3702,30,40,51,20,-0.369072755656284,20
3703,54,14,103,6,-0.37115723437007936,8
3704,60,27,63,14,-0.3732661726653274,13
3705,84,18,14,10,-0.37783903496494214,8
3706,16,29,102,15,-0.37795834144692964,14
3707,97,22,70,10,-0.37837582196425723,12
3708,48,13,37,7,-0.3793970201456411,6
3709,71,28,114,14,-0.3795577437704577,14
3710,78,12,79,6,-0.3858320784259002,6
3711,36,30,69,15,-0.38598798110098714,15
3712,15,20,64,9,-0.3869146492924528,11
3713,76,17,95,9,-0.3896119374242367,8
3714,44,13,8,7,-0.39044208757900134,6
3715,84,14,102,7,-0.39120187443648163,7
3716,49,88,13,49,-0.3937005009763855,39
3717,65,16,61,7,-0.3950505274193441,9
3718,95,21,20,11,-0.39560213470105715,10
3719,20,15,104,7,-0.3974398848878548,8
3720,65,41,37,22,-0.3990326963086111,19
3721,30,16,35,8,-0.401641531942974,8
3722,43,23,78,12,-0.40191351900876604,11
3723,26,11,17,6,-0.4065653808604267,5
3724,114,45,16,24,-0.4068130302568868,21
3725,16,55,74,27,-0.40744218798614557,28
3726,79,18,50,9,-0.40910464935228674,9
3727,55,39,96,19,-0.4099990120595754,20
3728,86,33,31,16,-0.4107692180392456,17
3729,69,16,20,8,-0.4110151707783507,8
3730,38,14,5,7,-0.41683785462955825,7
3731,69,18,112,8,-0.4198013383725037,10
3732,57,13,95,5,-0.4211730515820383,8
3733,43,21,106,10,-0.4253017134842326,11
3734,98,28,16,14,-0.42537404473580465,14
3735,85,32,107,16,-0.4268449425539753,16
3736,77,34,68,18,-0.42903652361278394,16
3737,31,43,40,21,-0.4296271974626759,22
3738,63,49,40,24,-0.4351978396284048,25
3739,86,76,109,38,-0.4382040730178593,38
3740,11,15,90,8,-0.4409004522210788,7
3741,9,11,80,4,-0.4439834453330441,7
3742,87,32,47,17,-0.44469110430222364,15
3743,54,37,30,19,-0.44602753888841007,18
3744,112,33,13,16,-0.44654566712440186,17
3745,15,36,87,19,-0.44867974155253976,17
3746,50,45,106,24,-0.45085338748671533,21
3747,107,39,97,19,-0.4513498337115796,20
3748,46,36,107,17,-0.4582463107562494,19
3749,21,11,65,5,-0.4627308200784832,6
3750,12,58,65,28,-0.46281952828017253,30
3751,76,38,104,18,-0.46360435076362777,20
3752,54,81,86,40,-0.46582318117547183,41
3753,50,18,12,11,-0.46586470667488794,7
3754,78,10,5,4,-0.466712522808043,6
3755,87,67,51,34,-0.4680274965709024,33
3756,31,54,65,28,-0.46913887469692556,26
3757,5,42,63,24,-0.4718441296207794,18
3758,18,60,7,29,-0.47486511569031375,31
3759,39,51,25,25,-0.47594650511842646,26
3760,20,23,30,12,-0.47661390204255377,11
3761,62,18,76,9,-0.47842178337117147,9
3762,74,28,95,15,-0.47842550860281247,13
3763,48,19,7,9,-0.48075396413828564,10
3764,13,46,109,24,-0.48203372286829366,22
3765,107,80,84,41,-0.4866239329556469,39
3766,58,16,19,8,-0.4895753929310065,8
3767,97,12,62,6,-0.490051403125013,6
3768,47,46,39,24,-0.49230433793615863,22
3769,18,22,74,10,-0.4929022250899433,12
3770,3,40,60,20,-0.4982532656538769,20
3771,31,35,88,17,-0.49998079760905945,18
3772,91,13,90,7,-0.500323528482734,6
3773,87,36,62,18,-0.5027928056378274,18
3774,68,51,111,25,-0.5032623987049999,26
3775,7,41,54,21,-0.507241629203192,20
3776,9,18,4,9,-0.5118055197130301,9
3777,51,20,112,10,-0.5141422831615037,10
3778,66,10,112,6,-0.514674275438265,4
3779,28,90,107,47,-0.5154847887243893,43
3780,106,22,30,11,-0.5189588569615463,11
3781,83,18,60,9,-0.521290662966027,9
3782,65,51,60,23,-0.5216529175374923,28
3783,27,14,74,6,-0.5219215520059618,8
3784,77,24,4,12,-0.5234491201479363,12
3785,103,18,41,10,-0.5269053363965305,8
3786,107,22,6,11,-0.5355439544398289,11
3787,109,15,78,7,-0.5357082430651637,8
3788,19,16,8,8,-0.5381116060153439,8
3789,94,20,41,11,-0.538339706216005,9
3790,1,10,106,5,-0.5396528610114331,5
3791,13,14,35,7,-0.5410242166059793,7
3792,54,29,64,14,-0.545674548180516,15
3793,51,32,23,16,-0.5473097590485455,16
3794,7,17,92,10,-0.5480230211986078,7
3795,65,74,68,37,-0.5506001841763752,37
3796,86,53,95,29,-0.5540869121526233,24
3797,2,10,83,5,-0.5594397265150782,5
3798,109,27,60,14,-0.5608097746742303,13
3799,43,16,37,9,-0.562355471826641,7
3800,78,13,71,7,-0.5661963238744604,6
3801,71,15,69,7,-0.5724150990318982,8
3802,7,40,114,21,-0.5741553045041332,19
3803,75,32,41,15,-0.57538170131953,17
3804,9,60,88,31,-0.575673272431468,29
3805,86,35,80,18,-0.5771607275339588,17
3806,98,26,28,15,-0.5775231479620817,11
3807,51,30,47,14,-0.5820326521668323,16
3808,11,24,12,11,-0.5832043944441025,13
3809,112,28,63,14,-0.5834223269951251,14
3810,20,29,74,14,-0.5870486229107592,15
3811,36,13,76,9,-0.5885035889042627,4
3812,112,25,87,12,-0.5908646302689567,13
3813,3,24,55,12,-0.5910345457593116,12
3814,8,22,79,12,-0.5960476384440053,10
3815,78,25,65,14,-0.5972758077920025,11
3816,23,10,71,6,-0.6000287508458285,4
3817,12,10,111,4,-0.6003907747378694,6
3818,106,32,71,17,-0.6009609652453864,15
3819,34,15,63,8,-0.6010869874220004,7
3820,100,51,30,25,-0.604112108881567,26
3821,70,16,91,9,-0.6063303701253768,7
3822,69,42,51,22,-0.6101979768399989,20
3823,64,37,87,18,-0.6137520522219629,19
3824,58,22,31,11,-0.6168553703734997,11
3825,38,12,40,7,-0.6179079194784425,5
3826,9,54,86,26,-0.6210369166565817,28
3827,81,17,9,9,-0.6212818094890713,8
3828,71,33,36,16,-0.6241330409639583,17
3829,84,30,109,16,-0.6283430275726473,14
3830,29,20,38,10,-0.6286324723530287,10
3831,1,23,60,12,-0.6297573562891136,11
3832,12,27,18,13,-0.6303488190416852,14
3833,64,28,4,15,-0.6316212138641667,13
3834,20,34,13,18,-0.6324978295967627,16
3835,16,29,33,13,-0.6325119131101443,16
3836,20,16,93,9,-0.6327174645108355,7
3837,48,11,43,5,-0.6335452834733725,6
3838,36,17,111,9,-0.6365354853619519,8
3839,51,18,6,8,-0.6381605805799541,10
3840,8,28,49,15,-0.6383864691812163,13
3841,41,25,25,11,-0.6394054706376703,14
3842,69,15,85,8,-0.6408165415497192,7
3843,62,12,72,6,-0.6413947117031077,6
3844,30,50,27,26,-0.6421610103820868,24
3845,109,10,2,5,-0.6444253237530845,5
3846,60,66,107,33,-0.6466200063575427,33
3847,88,50,75,26,-0.6490595256191716,24
3848,78,32,63,17,-0.6511427448806584,15
3849,65,65,39,31,-0.654131555054497,34
3850,74,44,87,23,-0.6669497609047667,21
3851,55,24,71,11,-0.6670673084821287,13
3852,12,23,23,12,-0.6683929234960083,11
3853,38,10,50,6,-0.6752935140977925,4
3854,79,13,29,8,-0.6757838864896738,5
3855,78,26,88,14,-0.677835757881376,12
3856,9,15,66,8,-0.6778609704226952,7
3857,3,16,79,7,-0.6788187325928865,9
3858,23,14,109,7,-0.6795387556597839,7
3859,25,19,18,9,-0.6816652439852798,10
3860,27,75,68,39,-0.6873238062883658,36
3861,98,23,51,12,-0.6875823408827685,11
3862,48,17,88,10,-0.6890250559346737,7
3863,11,27,69,13,-0.6919460086860769,14
3864,85,19,100,10,-0.6921450091110348,9
3865,9,29,50,15,-0.6932669196756251,14
3866,43,30,3,16,-0.6945065447681064,14
3867,65,90,7,43,-0.6945220468207879,47
3868,74,15,90,9,-0.6948431634826367,6
3869,39,11,61,5,-0.6964131355147355,6
3870,91,11,38,6,-0.7003822911270813,5
3871,54,20,41,10,-0.7052079558025973,10
3872,29,23,94,12,-0.7057962050625154,11
3873,86,71,68,35,-0.7070864651977475,36
3874,27,18,106,11,-0.7074485049679631,7
3875,3,13,97,7,-0.7099885191404448,6
3876,12,37,51,19,-0.7101916786560047,18
3877,71,18,43,8,-0.7122285277146747,10
3878,106,72,8,35,-0.7133251026811389,37
3879,40,18,61,9,-0.7154895706830842,9
3880,28,51,37,27,-0.7168710662114356,24
3881,43,38,51,18,-0.7192859319153498,20
3882,27,19,81,10,-0.724889006197101,9
3883,109,20,49,10,-0.7270267076148553,10
3884,4,10,57,6,-0.7276499847388429,4
3885,96,10,71,5,-0.7278695572627853,5
3886,99,13,27,6,-0.7284055341482,7
3887,27,13,33,7,-0.7289108112107292,6
3888,84,18,91,9,-0.7314185268120228,9
3889,5,41,95,20,-0.7316066534315485,21
3890,11,57,28,30,-0.7338631283307411,27
3891,86,77,40,41,-0.7352757671814358,36
3892,89,18,50,10,-0.7372362100871673,8
3893,16,52,15,25,-0.7375727968907595,27
3894,15,24,25,11,-0.7394428200536325,13
3895,108,12,7,7,-0.7404080910313966,5
3896,86,24,94,12,-0.7404864736135073,12
3897,64,22,38,11,-0.7416758999099166,11
3898,106,27,109,13,-0.7430675694349284,14
3899,39,51,15,28,-0.7431576274831306,23
3900,74,13,36,8,-0.743717573303843,5
3901,78,32,11,15,-0.7439751541430428,17
3902,84,24,46,13,-0.7446057703540044,11
3903,13,15,14,9,-0.7511854242648529,6
3904,91,14,57,8,-0.7523919124216641,6
3905,50,15,58,7,-0.7660630045931237,8
3906,93,20,97,10,-0.7717644600090596,10
3907,69,32,88,17,-0.7753807063240763,15
3908,99,22,87,12,-0.7762165713325068,10
3909,109,20,48,11,-0.7860713609857849,9
3910,104,18,4,8,-0.7872554057904768,10
3911,46,21,41,10,-0.7882087764921283,11
3912,38,15,80,7,-0.788256586414659,8
3913,33,14,75,8,-0.7900898585820583,6
3914,89,16,28,9,-0.790198641351668,7
3915,33,20,86,11,-0.7909428017327456,9
3916,107,36,1,18,-0.7927414185552435,18
3917,11,31,30,16,-0.7930761044729552,15
3918,88,22,2,11,-0.7956469041111253,11
3919,62,11,98,6,-0.7995773049352699,5
3920,20,85,86,44,-0.801688488938734,41
3921,78,18,41,10,-0.80395936274713,8
3922,40,26,30,13,-0.804558087178627,13
3923,39,20,34,10,-0.805587282463709,10
3924,40,14,56,7,-0.8062835825274137,7
3925,41,80,7,40,-0.811360776559567,40
3926,20,18,57,9,-0.8178941572060072,9
3927,88,74,87,36,-0.8190831084314742,38
3928,104,25,18,11,-0.8196468212979258,14
3929,45,19,114,10,-0.8205689132017555,9
3930,95,15,84,8,-0.8218033746912397,7
3931,18,45,28,22,-0.8229001189955863,23
3932,106,12,29,6,-0.8264692442725412,6
3933,46,16,2,8,-0.8285194662826783,8
3934,77,24,19,12,-0.837985113454208,12
3935,84,23,79,12,-0.8428978656974985,11
3936,98,14,60,7,-0.8439389777307138,7
3937,95,15,33,8,-0.8491128905949085,7
3938,9,10,93,6,-0.8497835844959788,4
3939,38,12,41,7,-0.851438988412215,5
3940,64,14,77,6,-0.855042195937583,8
3941,114,10,10,6,-0.8617397018011352,4
3942,43,19,68,9,-0.8623513819268356,10
3943,51,85,68,46,-0.8636071760652753,39
3944,43,25,41,13,-0.8640274273037558,12
3945,37,67,8,34,-0.870008429807157,33
3946,87,34,46,19,-0.8711353256142382,15
3947,84,17,60,7,-0.8716143564890748,10
3948,68,22,57,12,-0.8716742407341933,10
3949,1,15,27,9,-0.87213831994522,6
3950,48,15,41,8,-0.8735829617761531,7
3951,15,47,13,23,-0.8757286594591266,24
3952,88,21,83,10,-0.8798897555023121,11
3953,3,13,93,8,-0.8808947328421445,5
3954,69,19,9,10,-0.887921017203931,9
3955,51,63,27,33,-0.8881383616064742,30
3956,28,71,106,37,-0.8945808420172991,34
3957,70,24,39,13,-0.8958543413772138,11
3958,74,17,68,10,-0.9001065237726413,7
3959,55,17,78,8,-0.9002458878614126,9
3960,50,14,62,8,-0.9017457082495483,6
3961,111,12,60,5,-0.9019980300500823,7
3962,50,14,6,7,-0.9048960894988056,7
3963,75,35,36,16,-0.9076169876586808,19
3964,46,17,64,9,-0.9119833053856672,8
3965,1,14,39,9,-0.9120351629887133,5
3966,114,27,75,14,-0.9181862737012525,13
3967,3,29,9,15,-0.9194490367743464,14
3968,43,16,29,8,-0.9196986818795114,8
3969,16,49,78,25,-0.9209196782081103,24
3970,4,24,55,12,-0.9256101911535772,12
3971,30,64,87,33,-0.9272587982544807,31
3972,40,29,18,17,-0.9358054757186812,12
3973,53,23,63,12,-0.9461903574639031,11
3974,7,78,60,40,-0.9515995280010718,38
3975,103,11,106,5,-0.9583580547252478,6
3976,106,38,104,19,-0.960476027397927,19
3977,8,34,71,17,-0.9628252268322751,17
3978,57,15,64,8,-0.96861087557479,7
3979,87,52,63,28,-0.9694664805604988,24
3980,9,12,78,6,-0.9745877106891233,6
3981,62,10,70,5,-0.9747108971050835,5
3982,5,65,107,33,-0.9748363761521173,32
3983,102,15,68,8,-0.9774478191416431,7
3984,84,19,93,11,-0.9776365381665065,8
3985,112,19,54,10,-0.9843355592348288,9
3986,107,32,69,17,-0.9867318989974727,15
3987,87,30,12,16,-0.9869568408548185,14
3988,27,13,20,7,-0.9871413726704095,6
3989,88,33,43,18,-0.9947945347929819,15
3990,38,29,68,16,-0.9956485324900239,13
3991,41,34,57,17,-1.00006887405222,17
3992,93,11,114,5,-1.0049906589581687,6
3993,88,12,45,7,-1.0058195203591593,5
3994,18,20,91,11,-1.0069076377111847,9
3995,57,16,60,8,-1.0104370368222444,8
3996,85,17,20,9,-1.0120202947249695,8
3997,9,13,79,6,-1.0203716742776934,7
3998,90,12,64,6,-1.0226762518657317,6
3999,44,20,63,11,-1.023318477102645,9
4000,51,18,48,8,-1.0238446488089568,10
4001,97,33,2,17,-1.0254110764857596,16
4002,107,45,78,24,-1.029976454080651,21
4003,74,38,104,21,-1.0321539192468763,17
4004,3,14,45,7,-1.0349134798027042,7
4005,33,16,104,9,-1.0375486456158098,7
4006,19,62,16,34,-1.038961215699156,28
4007,63,73,107,34,-1.0499479505653528,39
4008,45,18,71,8,-1.050024616634447,10
4009,89,16,13,9,-1.05819990470755,7
4010,44,14,100,7,-1.0590413147864146,7
4011,3,32,88,17,-1.062179712827227,15
4012,92,14,104,6,-1.0650896272942478,8
4013,71,14,58,7,-1.0679524363994422,7
4014,13,124,16,67,-1.0688774267420174,57
4015,37,20,67,11,-1.0707700527635227,9
4016,97,16,9,7,-1.0715415510849884,9
4017,97,19,64,10,-1.0748997556853979,9
4018,74,27,75,15,-1.0761366724331527,12
4019,57,30,19,15,-1.0764867469339023,15
4020,81,31,60,16,-1.0765050885349574,15
4021,17,15,15,7,-1.085580069098038,8
4022,75,35,87,18,-1.0859483979409976,17
4023,57,19,30,10,-1.0872072063709564,9
4024,39,70,87,37,-1.0982945815388088,33
4025,41,35,18,17,-1.0983841672845305,18
4026,106,39,70,19,-1.1024614638047314,20
4027,2,18,96,9,-1.1039761816908868,9
4028,45,19,40,10,-1.1043531225931211,9
4029,47,12,91,6,-1.1047106963660316,6
4030,55,13,73,7,-1.1082443575059626,6
4031,57,46,78,24,-1.1112398390600924,22
4032,86,101,106,52,-1.11125626745342,49
4033,109,16,40,9,-1.1126467638961661,7
4034,61,14,100,7,-1.113823985180499,7
4035,7,19,29,12,-1.1170674633929336,7
4036,54,69,50,35,-1.117676052966614,34
4037,57,25,28,13,-1.1208866402447324,12
4038,19,28,69,15,-1.1227446471060296,13
4039,88,17,79,9,-1.1249704502892561,8
4040,31,26,3,12,-1.130409883055891,14
4041,106,26,36,13,-1.1307287364062797,13
4042,56,14,8,7,-1.138262181129433,7
4043,45,20,64,11,-1.143150033869317,9
4044,33,10,17,5,-1.1464162819529,5
4045,7,17,79,9,-1.1501166003666843,8
4046,16,32,111,16,-1.1556733242940573,16
4047,18,30,77,17,-1.157226861340676,13
4048,11,23,29,12,-1.1629803258834155,11
4049,108,33,16,18,-1.163747925816395,15
4050,74,19,108,11,-1.1664859423669791,8
4051,75,13,44,6,-1.169380882277211,7
4052,11,51,63,29,-1.1727104947557743,22
4053,77,12,33,6,-1.1756675735500741,6
4054,104,16,89,8,-1.1768798083300274,8
4055,96,31,76,17,-1.185303928819388,14
4056,110,16,87,9,-1.1878037867151126,7
4057,16,67,25,35,-1.1932865297100739,32
4058,76,20,20,9,-1.195513412586338,11
4059,5,65,28,33,-1.204023419699817,32
4060,90,37,16,18,-1.2044594497123249,19
4061,46,15,3,7,-1.2064770707138572,8
4062,76,12,47,4,-1.209164557999826,8
4063,97,33,25,17,-1.2112097532933537,16
4064,86,59,57,30,-1.2114369577488067,29
4065,63,16,58,7,-1.2116740819179412,9
4066,34,35,17,17,-1.2128362267835149,18
4067,88,37,71,21,-1.2185084211552721,16
4068,41,17,55,9,-1.2209745250839978,8
4069,107,22,79,12,-1.2215901530487852,10
4070,76,16,103,7,-1.2268990228901158,9
4071,90,21,17,12,-1.228455037614491,9
4072,108,18,64,9,-1.2316301294972696,9
4073,107,88,51,50,-1.2335246266798214,38
4074,25,39,28,22,-1.2338977751460154,17
4075,95,16,63,8,-1.2339697301933763,8
4076,93,21,107,10,-1.2375139728583175,11
4077,31,25,71,13,-1.2380158081615487,12
4078,51,32,70,16,-1.2403340780472845,16
4079,37,20,91,10,-1.2413018923540673,10
4080,55,16,108,9,-1.242512686909538,7
4081,29,38,16,19,-1.2448349982001063,19
4082,18,21,3,12,-1.2496711785705819,9
4083,9,61,13,33,-1.2504419702657081,28
4084,13,74,41,38,-1.251763682954914,36
4085,13,42,17,21,-1.2570532505054302,21
4086,112,39,86,21,-1.2594712193458395,18
4087,79,10,93,5,-1.2606355667564606,5
4088,18,20,81,10,-1.2612198373935393,10
4089,55,24,57,11,-1.2620925157379828,13
4090,14,15,107,7,-1.2621804963006722,8
4091,107,12,92,7,-1.2625916923530782,5
4092,65,15,52,7,-1.2628262153703227,8
4093,47,11,62,6,-1.2655269981298467,5
4094,28,29,60,13,-1.2721110011472117,16
4095,1,11,71,5,-1.2732152302328026,6
4096,91,10,34,5,-1.2767116469837234,5
4097,54,57,46,29,-1.2778066019254957,28
4098,107,59,96,32,-1.2779661064945875,27
4099,43,10,93,5,-1.2815568757500564,5
4100,88,17,89,8,-1.2888997749635214,9
4101,99,19,51,9,-1.289208240710447,10
4102,74,22,2,12,-1.292551214156239,10
4103,4,39,88,20,-1.2949212207610556,19
4104,8,22,7,12,-1.2952715014492375,10
4105,41,55,16,30,-1.2973288176849311,25
4106,13,44,5,23,-1.3023509853743045,21
4107,11,61,87,34,-1.3032772427787214,27
4108,114,28,41,14,-1.3073381080435666,14
4109,51,14,32,7,-1.3093866254236384,7
4110,58,28,9,15,-1.3102681358218982,13
4111,9,52,68,27,-1.3104638696206719,25
4112,65,32,112,16,-1.312297716343949,16
4113,40,11,94,6,-1.3131730085845275,5
4114,23,21,54,11,-1.3133138976413512,10
4115,88,57,55,32,-1.3163784693707288,25
4116,63,111,65,58,-1.3193232513653719,53
4117,80,18,74,9,-1.3199661328668553,9
4118,54,36,84,19,-1.3202943615638323,17
4119,48,21,30,12,-1.323995388604317,9
4120,98,20,50,11,-1.3352874305531426,9
4121,23,10,6,5,-1.3385415186806273,5
4122,104,44,8,23,-1.3410693202324977,21
4123,87,19,52,11,-1.3439420173712868,8
4124,40,17,108,8,-1.3479697301696891,9
4125,65,110,54,57,-1.3484214527115812,53
4126,88,37,97,19,-1.3490743629309023,18
4127,81,14,30,7,-1.3508923221630396,7
4128,70,33,104,17,-1.3582302540990816,16
4129,40,35,41,17,-1.3586266453597045,18
4130,30,26,25,12,-1.3633847180345748,14
4131,76,47,106,22,-1.3637390504385927,25
4132,76,40,11,20,-1.3680085023988267,20
4133,41,52,39,25,-1.3725005678823738,27
4134,41,30,106,15,-1.3806292559177735,15
4135,7,31,95,17,-1.3809406634768637,14
4136,3,18,102,10,-1.3811952404449805,8
4137,107,63,11,34,-1.3813883501237154,29
4138,29,11,36,5,-1.3837445576600507,6
4139,98,12,74,6,-1.3941368131260956,6
4140,95,17,70,8,-1.4011695857654893,9
4141,9,25,46,12,-1.4052752923291463,13
4142,39,52,8,26,-1.4053790168528835,26
4143,71,20,12,10,-1.4059148964814134,10
4144,62,29,100,14,-1.409595492278533,15
4145,84,28,78,14,-1.4115805556267063,14
4146,65,41,15,22,-1.4119875326523994,19
4147,53,11,1,6,-1.4196819324858234,5
4148,45,35,36,16,-1.423273124508117,19
4149,25,28,50,14,-1.4391705454909005,14
4150,97,21,20,10,-1.439527960881876,11
4151,69,33,65,17,-1.4425642416495132,16
4152,39,44,75,21,-1.4473715172929773,23
4153,63,55,106,28,-1.448556681809941,27
4154,65,28,62,14,-1.4496341901836953,14
4155,27,41,12,23,-1.4555506897092865,18
4156,78,24,29,13,-1.4596579734080957,11
4157,83,23,25,13,-1.459720188055503,10
4158,47,21,31,11,-1.460613098071267,10
4159,51,64,40,33,-1.462465890119408,31
4160,3,24,71,13,-1.466820978005952,11
4161,69,13,6,6,-1.467256279566122,7
4162,7,24,35,12,-1.4676220715119488,12
4163,11,50,106,29,-1.475178627799442,21
4164,79,17,103,9,-1.476299618195366,8
4165,69,20,109,10,-1.4769023355605444,10
4166,84,10,68,6,-1.4788993773509216,4
4167,17,38,37,22,-1.4799245104721017,16
4168,71,74,60,39,-1.4843115108657063,35
4169,88,22,77,11,-1.4907823177695698,11
4170,7,33,49,18,-1.490785536092999,15
4171,11,16,112,8,-1.4950492246382474,8
4172,25,47,107,24,-1.4967278623744342,23
4173,5,52,46,28,-1.4974094901037531,24
4174,102,15,19,9,-1.4975662366291813,6
4175,15,22,63,12,-1.4989595234613105,10
4176,89,10,54,6,-1.5037658090302162,4
4177,50,25,27,15,-1.504088460568275,10
4178,27,29,64,15,-1.506656484827703,14
4179,55,12,46,7,-1.5148590180899666,5
4180,61,22,3,14,-1.5200379980927687,8
4181,37,14,35,7,-1.5231317423105963,7
4182,90,14,76,8,-1.5239560719394625,6
4183,76,17,3,9,-1.524935790098258,8
4184,27,66,13,34,-1.5277775268373563,32
4185,84,20,114,11,-1.5282826629009745,9
4186,81,15,64,8,-1.5315551836921608,7
4187,53,13,29,8,-1.5317670028644699,5
4188,79,13,98,7,-1.5335435073226167,6
4189,11,21,94,10,-1.5369194320927215,11
4190,86,10,22,5,-1.5381482899799122,5
4191,9,32,60,18,-1.5417639078296765,14
4192,50,19,43,11,-1.5434241128816213,8
4193,74,61,107,33,-1.5445233108407403,28
4194,27,30,63,17,-1.548293986984764,13
4195,102,25,57,13,-1.5483760769806825,12
4196,47,13,109,7,-1.5491686899512471,6
4197,3,62,87,33,-1.5506851688179903,29
4198,11,20,80,10,-1.5532652275466878,10
4199,86,49,15,26,-1.5627809554713028,23
4200,13,61,4,33,-1.5687606312733104,28
4201,78,27,30,14,-1.56960745856174,13
4202,41,43,63,23,-1.5704593108021478,20
4203,88,34,96,17,-1.5755489762598094,17
4204,90,22,55,10,-1.5786569524988743,12
4205,100,12,58,6,-1.581900885565509,6
4206,61,20,88,12,-1.5819478875432638,8
4207,25,15,2,7,-1.5845186001024003,8
4208,62,23,49,13,-1.5851399264471664,10
4209,39,38,57,19,-1.5884848488756724,19
4210,75,11,14,6,-1.594721022285634,5
4211,60,33,18,17,-1.596771934301809,16
4212,18,17,76,9,-1.6011095201796195,8
4213,69,29,30,15,-1.6139022710932387,14
4214,13,32,38,15,-1.6143148990855287,17
4215,87,17,44,9,-1.623927941164795,8
4216,72,31,13,15,-1.6241775993144312,16
4217,88,46,106,26,-1.6248459493396543,20
4218,84,12,64,5,-1.627208224984681,7
4219,51,37,18,18,-1.6280086279913606,19
4220,86,28,35,16,-1.6302927109086052,12
4221,68,18,6,8,-1.6346986227731621,10
4222,49,10,102,6,-1.6394569107680652,4
4223,88,60,41,33,-1.6397874376242183,27
4224,68,41,30,21,-1.6397998764136303,20
4225,38,34,86,18,-1.6422594839902265,16
4226,9,53,107,26,-1.6442254492149495,27
4227,68,23,36,12,-1.6511686348202723,11
4228,1,30,41,17,-1.6558361653082898,13
4229,47,24,63,14,-1.6623324282821748,10
4230,74,47,37,24,-1.6628163329711194,23
4231,107,95,8,47,-1.6636951263902342,48
4232,16,83,11,48,-1.6657502847984842,35
4233,109,60,28,33,-1.6663256539867817,27
4234,33,19,54,11,-1.6683853925492602,8
4235,112,17,17,9,-1.6709980493790215,8
4236,31,28,45,15,-1.671087040669103,13
4237,3,46,68,23,-1.671155444021846,23
4238,84,45,87,25,-1.6712785926609635,20
4239,104,14,48,8,-1.6735118830252353,6
4240,7,45,63,27,-1.6735738766299257,18
4241,50,14,23,9,-1.6739476096476191,5
4242,64,18,17,10,-1.6742261514283465,8
4243,30,26,18,14,-1.6751655844159772,12
4244,50,31,65,16,-1.6801621867417365,15
4245,88,83,8,43,-1.6811669912632214,40
4246,20,25,55,13,-1.682789944223457,12
4247,13,75,39,40,-1.6833252409730635,35
4248,106,40,55,22,-1.6835382667235006,18
4249,28,20,73,10,-1.687006788072292,10
4250,23,15,36,6,-1.697287527418564,9
4251,102,16,20,8,-1.698939123981487,8
4252,57,15,85,8,-1.7034495534090837,7
4253,86,123,107,65,-1.706881150498499,58
4254,55,67,86,36,-1.7078571022769593,31
4255,51,34,50,17,-1.708297555589138,17
4256,28,62,88,33,-1.710290859725632,29
4257,54,51,5,28,-1.712751834502299,23
4258,83,24,104,14,-1.7171480590838877,10
4259,11,19,77,10,-1.7198753848877157,9
4260,15,29,49,14,-1.7216503112217891,15
4261,28,10,77,5,-1.7274479044716256,5
4262,77,20,109,10,-1.7279763913588855,10
4263,68,13,32,8,-1.7311662598089272,5
4264,96,38,106,21,-1.7318320126651956,17
4265,86,80,30,44,-1.7333051250740084,36
4266,44,27,16,15,-1.7334648777380282,12
4267,9,16,111,9,-1.7347101097492725,7
4268,112,23,9,13,-1.7370284161007248,10
4269,66,14,51,7,-1.7380363030144785,7
4270,12,26,16,14,-1.738826131231762,12
4271,88,37,36,21,-1.7392851936744365,16
4272,17,41,65,24,-1.7406554308740465,17
4273,6,11,18,6,-1.741458460094483,5
4274,36,33,60,17,-1.7416473627060736,16
4275,43,21,104,12,-1.7506051091420238,9
4276,18,37,88,19,-1.753919363939246,18
4277,5,98,37,51,-1.758075221984611,47
4278,8,86,86,42,-1.7581822677509302,44
4279,88,47,64,26,-1.7611807290570662,21
4280,110,11,88,5,-1.7642228121429715,6
4281,16,39,103,19,-1.7651314635618787,20
4282,55,53,39,29,-1.766833790386013,24
4283,12,37,86,20,-1.7695032786914937,17
4284,30,19,9,11,-1.7725720850396791,8
4285,69,21,50,10,-1.7758250016074677,11
4286,68,39,15,22,-1.779902613157172,17
4287,90,25,37,13,-1.7816453937181718,12
4288,8,20,29,12,-1.7818268121537475,8
4289,77,27,65,15,-1.7824305156446971,12
4290,46,27,97,14,-1.7888516310767928,13
4291,48,19,20,11,-1.788885742697511,8
4292,47,25,65,13,-1.7906040954239406,12
4293,39,35,114,17,-1.7909993968165168,18
4294,30,40,8,20,-1.7986527143277458,20
4295,103,10,63,6,-1.7993918081481381,4
4296,16,50,112,26,-1.7995643538534876,24
4297,31,34,51,20,-1.8036645224364254,14
4298,86,57,70,31,-1.8046372203949796,26
4299,25,22,36,11,-1.807144013826857,11
4300,111,18,40,9,-1.8104998545748772,9
4301,99,13,102,7,-1.8212893413036917,6
4302,9,16,109,7,-1.8213914184343691,9
4303,79,37,86,20,-1.8233812794868027,17
4304,75,44,13,24,-1.82625422828726,20
4305,114,13,44,7,-1.8263733365516681,6
4306,114,15,11,7,-1.8276036019184336,8
4307,13,29,74,15,-1.8278354237299026,14
4308,63,36,9,19,-1.832088546500457,17
4309,90,23,88,13,-1.8344778390431953,10
4310,96,38,84,19,-1.8356486827006808,19
4311,88,30,92,16,-1.8365360092779854,14
4312,100,41,8,22,-1.8381782940280218,19
4313,20,30,114,16,-1.839540566254469,14
4314,76,27,30,15,-1.8425803619698404,12
4315,73,13,50,8,-1.8439270323254189,5
4316,88,25,19,12,-1.8450287055712744,13
4317,97,22,53,12,-1.8492466822191038,10
4318,33,13,60,8,-1.8644268792007352,5
4319,47,13,53,7,-1.867452050486345,6
4320,48,19,60,10,-1.8683774973367067,9
4321,54,66,87,36,-1.8710926114506878,30
4322,8,41,2,21,-1.884865447616968,20
4323,13,108,68,57,-1.8849483625328207,51
4324,30,16,96,9,-1.885074878690478,7
4325,64,23,25,12,-1.885723885284777,11
4326,18,14,27,7,-1.887864132064807,7
4327,86,44,71,22,-1.8883807510456327,22
4328,106,35,20,19,-1.8905905914286998,16
4329,37,54,51,31,-1.8927999179881416,23
4330,98,12,85,7,-1.8929637615829242,5
4331,99,27,55,15,-1.895072402151854,12
4332,106,51,65,27,-1.9069424806899136,24
4333,88,21,12,11,-1.9079727374799846,10
4334,1,38,68,20,-1.9099752765436626,18
4335,74,65,8,36,-1.912865606563874,29
4336,17,11,110,6,-1.9155371371930692,5
4337,106,32,97,16,-1.9159665785715099,16
4338,89,18,86,11,-1.9173267620704135,7
4339,76,11,99,5,-1.9173589523208294,6
4340,64,43,53,23,-1.921457820047301,20
4341,18,21,114,11,-1.9235772497574435,10
4342,72,19,107,10,-1.9240841693406125,9
4343,54,28,17,14,-1.9259736473512512,14
4344,3,70,86,37,-1.927098525842879,33
4345,40,19,70,11,-1.9276789997691235,8
4346,84,30,65,16,-1.9288646732683914,14
4347,97,14,23,7,-1.933052873443659,7
4348,98,10,32,5,-1.938005226383161,5
4349,7,49,71,24,-1.9387153694352721,25
4350,104,13,110,8,-1.938847445081051,5
4351,31,14,23,8,-1.9392936999416412,6
4352,55,20,25,11,-1.9429576796619983,9
4353,94,15,33,8,-1.9451389474962046,7
4354,64,34,36,17,-1.9485056781764574,17
4355,57,34,27,17,-1.9534766566361852,17
4356,86,30,19,15,-1.9572349198961299,15
4357,35,11,50,6,-1.9581460146246799,5
4358,33,14,39,7,-1.9600955952261323,7
4359,97,11,80,6,-1.9631828964682283,5
4360,112,24,41,13,-1.9642201479007202,11
4361,91,33,28,18,-1.9649527402335243,15
4362,65,31,19,16,-1.9655134440486957,15
4363,3,22,23,12,-1.9704853033748797,10
4364,35,10,54,6,-1.970607603878344,4
4365,84,31,55,16,-1.972558144291078,15
4366,70,32,88,17,-1.97629343595963,15
4367,53,28,95,17,-1.9769373995573174,11
4368,79,12,100,7,-1.9822381822120907,5
4369,4,19,53,10,-1.9876947928926731,9
4370,55,92,8,46,-1.9945813817420808,46
4371,74,26,114,13,-1.9975972531686852,13
4372,27,11,66,6,-1.9992664520674324,5
4373,55,16,29,9,-1.9993891334816558,7
4374,50,39,8,22,-1.9997739229036215,17
4375,97,22,83,10,-2.0076368732075736,12
4376,76,33,70,17,-2.010716076277143,16
4377,37,20,62,12,-2.0107407128281514,8
4378,86,47,23,25,-2.0116860012086644,22
4379,12,35,39,19,-2.011891168245126,16
4380,102,29,16,15,-2.01250365528989,14
4381,12,21,88,11,-2.014366026449469,10
4382,70,29,68,15,-2.0151181581046322,14
4383,27,46,41,26,-2.0152493875384563,20
4384,37,14,69,7,-2.0155128499001447,7
4385,60,11,93,7,-2.0186296316322276,4
4386,10,10,111,6,-2.019460672769103,4
4387,90,37,8,21,-2.019464782071777,16
4388,17,27,114,16,-2.0211590753648663,11
4389,60,26,90,15,-2.0244178494313423,11
4390,51,52,28,26,-2.0250173037261257,26
4391,13,11,32,6,-2.0261815070275415,5
4392,114,14,91,7,-2.031242634143404,7
4393,13,25,33,13,-2.0314833968214865,12
4394,93,18,11,8,-2.03919027808283,10
4395,7,14,12,7,-2.0405365521973633,7
4396,65,25,48,12,-2.0579371291305484,13
4397,60,20,62,10,-2.0597588787986405,10
4398,34,30,84,16,-2.067010635537675,14
4399,50,12,94,7,-2.0673259151868515,5
4400,23,20,27,10,-2.072262837137015,10
4401,51,14,44,9,-2.084874228955974,5
4402,72,14,66,8,-2.0852128177023075,6
4403,68,43,64,25,-2.086424402801581,18
4404,11,18,40,9,-2.0894421004610075,9
4405,86,30,108,17,-2.0910937309013535,13
4406,8,22,97,11,-2.094799206270942,11
4407,55,34,83,17,-2.0962093979720233,17
4408,107,91,65,48,-2.099017279299859,43
4409,55,30,76,17,-2.101047736110318,13
4410,23,19,112,11,-2.1018527652621146,8
4411,94,28,68,15,-2.106511062546954,13
4412,72,29,86,16,-2.1070234116127216,13
4413,13,38,57,19,-2.1070868819342947,19
4414,25,11,69,6,-2.1120597510852503,5
4415,72,17,7,9,-2.1143024060967655,8
4416,70,11,53,6,-2.117480208536361,5
4417,63,24,49,12,-2.1212323385530256,12
4418,9,62,7,31,-2.12190310948229,31
4419,114,32,102,18,-2.1240842876015145,14
4420,43,10,98,6,-2.130277896443765,4
4421,8,77,54,44,-2.1325516335637458,33
4422,61,12,2,7,-2.1331085158076037,5
4423,74,30,11,16,-2.1347610080308996,14
4424,30,20,7,9,-2.1356884749054337,11
4425,102,26,8,13,-2.1358165667375646,13
4426,31,13,66,7,-2.1367157981218847,6
4427,51,64,3,32,-2.136969156390622,32
4428,68,17,81,9,-2.1370452313390325,8
4429,39,39,71,21,-2.1402119009407663,18
4430,69,11,55,6,-2.141856565606561,5
4431,8,21,10,12,-2.1473150021467613,9
4432,49,11,89,6,-2.1552213251273202,5
4433,29,11,12,6,-2.163520573510354,5
4434,53,13,23,7,-2.1639220781507684,6
4435,88,67,60,37,-2.1715375199885694,30
4436,68,46,41,24,-2.1718048075100542,22
4437,100,10,52,6,-2.1822522154052875,4
4438,27,36,34,19,-2.1860495568606466,17
4439,27,31,8,16,-2.1891152168381782,15
4440,47,13,19,7,-2.1915786077930832,6
4441,106,35,68,19,-2.1936858069827916,16
4442,40,75,7,42,-2.1957521283064794,33
4443,56,12,91,6,-2.1992686471747738,6
4444,91,14,17,8,-2.2013317711286327,6
4445,49,10,96,5,-2.2013596017058816,5
4446,27,27,75,15,-2.203651126537083,12
4447,60,17,89,8,-2.2059312682885284,9
4448,96,50,5,28,-2.21142719225076,22
4449,18,35,86,20,-2.2166911017020774,15
4450,84,23,75,12,-2.2186834285684554,11
4451,50,32,17,16,-2.221124084948795,16
4452,99,13,98,6,-2.221258167793369,7
4453,12,11,112,5,-2.2247336886150633,6
4454,25,16,90,9,-2.2261576936837106,7
4455,87,24,77,13,-2.227003140610657,11
4456,71,29,62,15,-2.2274966883750613,14
4457,65,18,46,11,-2.2329984780581085,7
4458,114,26,4,13,-2.2345648368573663,13
4459,48,17,27,10,-2.234964127170627,7
4460,65,11,108,5,-2.235257356991268,6
4461,103,13,77,7,-2.236670005317329,6
4462,22,13,34,7,-2.2376750578597506,6
4463,107,61,68,31,-2.2392858218745877,30
4464,49,21,64,12,-2.2416010602386134,9
4465,13,65,104,35,-2.2428038741485223,30
4466,27,10,70,5,-2.2432632584575636,5
4467,69,36,87,21,-2.24685081086476,15
4468,100,21,98,12,-2.2486116104064506,9
4469,50,22,34,11,-2.2486274008584775,11
4470,70,52,16,29,-2.248690629015385,23
4471,11,62,8,33,-2.249637282308362,29
4472,83,11,63,7,-2.2518527555220995,4
4473,74,29,20,16,-2.2532656544174667,13
4474,25,30,95,16,-2.253973143655665,14
4475,41,13,74,6,-2.2545650248033335,7
4476,17,16,98,8,-2.257246092539532,8
4477,106,62,87,32,-2.2622041017840124,30
4478,3,23,109,12,-2.262800410189064,11
4479,42,11,87,6,-2.2670677132557637,5
4480,7,12,85,7,-2.267272935114745,5
4481,96,66,28,35,-2.2674069446039304,31
4482,31,10,61,5,-2.2696136748473643,5
4483,68,108,7,58,-2.2702884441480418,50
4484,74,14,40,8,-2.2751378053719047,6
4485,11,47,50,25,-2.276023953743783,22
4486,92,14,65,7,-2.2769844774151675,7
4487,46,60,11,32,-2.27863758150919,28
4488,69,12,77,6,-2.279799370845894,6
4489,81,10,38,5,-2.281962126644993,5
4490,112,36,107,18,-2.2856893291686897,18
4491,88,26,81,14,-2.2857834835265307,12
4492,16,16,73,8,-2.2869477637304083,8
4493,28,76,8,41,-2.287592590077328,35
4494,4,13,106,6,-2.2878834680443574,7
4495,5,24,100,13,-2.293242743404464,11
4496,50,42,63,23,-2.295098382996511,19
4497,7,20,80,11,-2.2986689861273364,9
4498,107,39,29,24,-2.298698738767374,15
4499,76,34,50,16,-2.298946803227752,18
4500,95,26,60,14,-2.300035058084819,12
4501,76,22,41,10,-2.3019979666072663,12
4502,70,13,35,6,-2.304704787607643,7
4503,70,28,63,15,-2.309911464577443,13
4504,63,31,71,17,-2.3112629873314674,14
4505,96,58,8,31,-2.313991189820115,27
4506,91,32,88,17,-2.315767764685104,15
4507,87,18,111,10,-2.3163891448333644,8
4508,102,21,104,10,-2.3206272974702777,11
4509,103,10,8,6,-2.3245085117289825,4
4510,50,35,84,18,-2.3257021134383264,17
4511,42,10,72,6,-2.328523056790725,4
4512,5,51,109,26,-2.3285813949081633,25
4513,53,28,25,14,-2.330151085469087,14
4514,38,12,114,6,-2.341526377437992,6
4515,109,29,76,17,-2.348338718743378,12
4516,33,18,11,11,-2.3498549166237113,7
4517,43,50,16,28,-2.3507433165143286,22
4518,96,10,79,5,-2.3519921114573528,5
4519,31,36,4,21,-2.353535596679466,15
4520,33,12,99,7,-2.354570382478151,5
4521,17,27,8,14,-2.3545788982602027,13
4522,109,14,96,8,-2.3566759619593642,6
4523,97,14,100,8,-2.358325970901079,6
4524,49,35,76,19,-2.3583999407791745,16
4525,5,23,99,12,-2.361621902264283,11
4526,87,10,22,4,-2.3658236386511695,6
4527,97,13,49,8,-2.3668261814242055,5
4528,50,24,40,14,-2.3671440474550494,10
4529,63,32,25,16,-2.3688265373602633,16
4530,55,31,53,17,-2.372089532662414,14
4531,84,19,90,10,-2.374748457023267,9
4532,104,44,39,24,-2.3751154073426806,20
4533,12,29,49,12,-2.3757535970577637,17
4534,107,40,71,23,-2.3760609676092463,17
4535,112,14,8,8,-2.379829723910838,6
4536,56,13,75,8,-2.3840139649043497,5
4537,104,25,96,14,-2.3866419839158373,11
4538,71,21,4,13,-2.387175011736595,8
4539,95,40,104,22,-2.389034218387607,18
4540,48,13,23,7,-2.389445224732223,6
4541,45,22,16,13,-2.3925466679441394,9
4542,48,43,16,22,-2.3975104970965577,21
4543,109,21,97,11,-2.3981411019215164,10
4544,28,38,46,22,-2.399017879816561,16
4545,98,15,114,8,-2.3992721750256814,7
4546,94,27,100,17,-2.4002432216595997,10
4547,80,26,20,14,-2.403335157163852,12
4548,104,57,88,32,-2.406185933878752,25
4549,70,43,107,22,-2.412213011909538,21
4550,81,24,107,13,-2.414159413465892,11
4551,94,19,28,11,-2.4149604753175535,8
4552,99,11,109,6,-2.419517402501051,5
4553,51,25,103,13,-2.4225011486475783,12
4554,37,17,93,10,-2.422747703399567,7
4555,19,40,54,23,-2.4245207104094244,17
4556,90,39,107,20,-2.4251424853764503,19
4557,96,17,3,9,-2.4320783711975644,8
4558,51,19,14,12,-2.433844123091522,7
4559,102,24,109,13,-2.437458896467386,11
4560,47,15,64,9,-2.441201731533323,6
4561,50,10,32,4,-2.4440541907162885,6
4562,61,15,63,9,-2.445410080263457,6
4563,84,10,40,5,-2.454221067396937,5
4564,88,21,76,11,-2.459184942737491,10
4565,86,17,110,9,-2.4597124602837575,8
4566,25,32,102,17,-2.460889696925049,15
4567,1,17,17,9,-2.462761073509874,8
4568,34,31,13,16,-2.4629355156987685,15
4569,37,10,103,4,-2.465940588175403,6
4570,69,17,74,8,-2.466497282082459,9
4571,81,17,4,10,-2.467812477706321,7
4572,103,17,30,10,-2.4703689712282237,7
4573,20,20,17,11,-2.4759550702480677,9
4574,28,58,87,30,-2.4778229626436263,28
4575,79,25,28,13,-2.4854050300354316,12
4576,9,27,71,15,-2.485839871550414,12
4577,43,34,27,18,-2.487486899178629,16
4578,11,21,64,13,-2.490493863054092,8
4579,111,38,65,22,-2.4964278491140734,16
4580,67,13,84,6,-2.500709874534178,7
4581,28,55,13,29,-2.5057102478369675,26
4582,92,15,87,8,-2.5078466479835875,7
4583,107,54,50,28,-2.5099686972292012,26
4584,27,35,29,20,-2.5139766493292606,15
4585,36,15,12,8,-2.516319942513754,7
4586,46,27,68,15,-2.520930145642669,12
4587,4,18,39,10,-2.5267698999647306,8
4588,9,33,36,18,-2.527924078037464,15
4589,30,19,99,11,-2.530388293684777,8
4590,107,15,44,8,-2.5305445670994096,7
4591,17,29,7,16,-2.532089441361392,13
4592,88,60,40,33,-2.532837544735202,27
4593,72,14,43,7,-2.536394554509492,7
4594,102,34,54,18,-2.537229709009487,16
4595,9,22,70,13,-2.539064949919759,9
4596,65,35,97,19,-2.5397394280205594,16
4597,95,14,77,7,-2.5410335587352355,7
4598,20,40,88,20,-2.541950104212901,20
4599,38,22,60,11,-2.544970231368337,11
4600,36,74,7,40,-2.5493587507973596,34
4601,76,14,44,8,-2.5504141931433426,6
4602,47,14,71,7,-2.550463226281338,7
4603,30,12,47,5,-2.551854085041669,7
4604,1,19,73,11,-2.5534291003907312,8
4605,25,14,48,7,-2.5710538086168517,7
4606,61,14,27,7,-2.5728408005348666,7
4607,51,29,1,15,-2.5741193049184647,14
4608,108,14,81,7,-2.575857374314636,7
4609,112,22,50,13,-2.578275791966451,9
4610,45,16,63,9,-2.579990748130807,7
4611,88,15,33,9,-2.581178022844097,6
4612,109,10,1,5,-2.5929606771402347,5
4613,37,27,102,15,-2.5931875377695413,12
4614,37,48,20,25,-2.593682765159078,23
4615,107,94,13,50,-2.59789501954985,44
4616,80,32,65,17,-2.5986356922004035,15
4617,91,23,36,13,-2.6004832054576417,10
4618,1,29,40,16,-2.6081027273161874,13
4619,107,33,94,20,-2.6133702151384592,13
4620,34,20,9,11,-2.6185115894413826,9
4621,89,10,39,6,-2.6189716831037595,4
4622,28,42,39,22,-2.6233394077803625,20
4623,54,51,39,27,-2.6240157360627983,24
4624,107,70,27,39,-2.628606213410472,31
4625,22,12,51,7,-2.634920658551637,5
4626,50,45,2,24,-2.6355827971248678,21
4627,54,13,110,7,-2.6358849029934506,6
4628,69,24,100,13,-2.641711217702835,11
4629,20,20,19,10,-2.646933293157403,10
4630,36,13,57,8,-2.65311609010537,5
4631,73,14,20,8,-2.6543798385197737,6
4632,68,32,19,18,-2.6559298105207456,14
4633,27,24,40,11,-2.6563176029466633,13
4634,20,33,11,19,-2.6580258548377644,14
4635,60,62,51,37,-2.668091254445394,25
4636,5,17,71,9,-2.668348512437487,8
4637,104,67,37,37,-2.6697156594454787,30
4638,7,118,13,63,-2.670897317194471,55
4639,44,17,25,9,-2.67353547628176,8
4640,34,20,12,11,-2.675734211978754,9
4641,12,10,48,6,-2.6757754483893836,4
4642,16,79,54,42,-2.676890621910499,37
4643,107,35,108,19,-2.677021657131696,16
4644,107,74,39,39,-2.6770725608683947,35
4645,5,25,39,13,-2.679132217269281,12
4646,58,14,43,8,-2.6806335210315995,6
4647,107,21,93,12,-2.6848247910711347,9
4648,43,13,74,6,-2.6848796666350307,7
4649,29,13,50,7,-2.6856456214917177,6
4650,102,20,13,12,-2.6891186576501824,8
4651,43,29,11,15,-2.690595886408949,14
4652,31,23,87,12,-2.691508727503307,11
4653,65,11,10,6,-2.6916160360342993,5
4654,60,49,87,25,-2.6948088170658493,24
4655,48,22,39,13,-2.697481925191404,9
4656,68,27,47,15,-2.700809442975105,12
4657,7,27,20,14,-2.7023319306021247,13
4658,79,11,39,7,-2.7039365709334606,4
4659,33,14,90,8,-2.7086229849631858,6
4660,84,89,86,45,-2.7122592129849847,44
4661,49,61,88,34,-2.7144625519502794,27
4662,4,20,63,11,-2.717031964261838,9
4663,80,11,95,6,-2.7197438471090796,5
4664,51,17,58,9,-2.7220403540386506,8
4665,84,30,37,16,-2.724027270977717,14
4666,88,16,44,8,-2.725541522204711,8
4667,5,11,49,6,-2.7256599500520573,5
4668,85,17,12,9,-2.7289106494777005,8
4669,19,42,43,23,-2.7308697680265746,19
4670,46,26,60,14,-2.733085524905184,12
4671,54,25,15,12,-2.735147263925594,13
4672,62,30,39,17,-2.7367319129051215,13
4673,63,12,99,6,-2.7377253409939395,6
4674,68,31,69,17,-2.743936079051881,14
4675,51,26,71,14,-2.7484840529184043,12
4676,104,31,30,16,-2.7504108450647484,15
4677,65,36,43,18,-2.7525986025329394,18
4678,43,14,70,8,-2.753352748891412,6
4679,96,34,97,17,-2.7556888339056824,17
4680,35,23,88,12,-2.7598010038488736,11
4681,94,17,1,8,-2.7623810098011927,9
4682,29,31,3,17,-2.7653963352103443,14
4683,80,36,16,21,-2.76546563276886,15
4684,87,17,10,9,-2.7770692343126613,8
4685,28,95,16,52,-2.782333908794739,43
4686,107,36,17,19,-2.7872894864783673,17
4687,41,58,51,31,-2.788035903246999,27
4688,112,14,85,8,-2.7888570708398155,6
4689,68,73,16,42,-2.7896933341941876,31
4690,102,12,70,5,-2.7906887378625385,7
4691,57,10,18,6,-2.791050441588557,4
4692,36,13,100,7,-2.7923934619121082,6
4693,1,26,7,14,-2.7932054952385057,12
4694,44,14,68,7,-2.795327721392822,7
4695,8,32,83,16,-2.795775595052068,16
4696,54,66,20,33,-2.7989366544964605,33
4697,65,90,87,49,-2.7992008582251438,41
4698,112,14,106,7,-2.805082024542775,7
4699,71,42,65,24,-2.8056942435602354,18
4700,41,15,99,8,-2.808167291861728,7
4701,36,32,1,16,-2.8095303452930676,16
4702,62,50,16,30,-2.811910788185759,20
4703,40,48,9,27,-2.81743847104381,21
4704,48,14,68,7,-2.8206443314688054,7
4705,71,13,18,7,-2.821320109059585,6
4706,62,18,54,10,-2.824080555827825,8
4707,112,21,75,12,-2.824219405034082,9
4708,107,39,15,24,-2.8291612991129433,15
4709,86,61,114,32,-2.83079839430398,29
4710,81,23,53,13,-2.832269045840236,10
4711,35,11,39,6,-2.836154761931755,5
4712,28,104,86,58,-2.8374089851944664,46
4713,16,73,104,40,-2.838890783683991,33
4714,16,25,4,12,-2.8411046840521466,13
4715,39,33,95,18,-2.841495525954101,15
4716,33,13,97,7,-2.8486496222061612,6
4717,112,13,74,7,-2.8550316834984466,6
4718,94,15,88,7,-2.858803168647949,8
4719,28,25,69,13,-2.8619129564051375,12
4720,11,50,55,29,-2.865634885836894,21
4721,88,14,72,8,-2.866088260356641,6
4722,84,70,28,39,-2.8670003890442084,31
4723,63,23,46,11,-2.86724186989635,12
4724,49,45,30,25,-2.868116371449568,20
4725,17,10,88,4,-2.869337502995369,6
4726,68,69,88,38,-2.8695211003313763,31
4727,1,14,112,9,-2.8723250567679224,5
4728,2,10,108,6,-2.87346504815302,4
4729,53,12,57,6,-2.8739584447786477,6
4730,30,21,75,11,-2.8743282279457314,10
4731,43,26,69,14,-2.874624697498018,12
4732,77,14,106,7,-2.8755893681261617,7
4733,46,25,17,14,-2.875672610475698,11
4734,71,34,30,18,-2.8915964337712703,16
4735,79,33,16,19,-2.9049583801159375,14
4736,9,19,62,10,-2.9069158954391585,9
4737,10,12,104,6,-2.911353003023708,6
4738,54,36,80,18,-2.91166309610947,18
4739,41,22,47,11,-2.9126189727076204,11
4740,33,10,37,6,-2.9157377490462273,4
4741,31,11,55,6,-2.9183781753906346,5
4742,106,19,102,9,-2.920725539256512,10
4743,62,14,1,7,-2.9215215839903967,7
4744,33,10,3,6,-2.927658221464772,4
4745,40,18,12,9,-2.9302897037093416,9
4746,28,21,33,10,-2.934003356051797,11
4747,94,20,78,11,-2.934032764236852,9
4748,86,16,66,9,-2.9349279516020914,7
4749,87,20,36,12,-2.935573250897671,8
4750,49,27,68,15,-2.9363199373933018,12
4751,65,27,83,14,-2.938404758323202,13
4752,1,18,9,8,-2.9438107743951827,10
4753,8,39,60,20,-2.9438347563437417,19
4754,46,18,71,9,-2.9448527741935377,9
4755,29,19,54,11,-2.9499144478753045,8
4756,3,33,15,18,-2.9522579457276623,15
4757,51,106,13,55,-2.956296787814829,51
4758,60,34,11,19,-2.95772647976769,15
4759,46,23,114,13,-2.963143531607223,10
4760,51,143,16,76,-2.9638324922735344,67
4761,57,18,25,10,-2.9649349505538742,8
4762,63,16,73,8,-2.966556049159883,8
4763,37,21,2,11,-2.969758011269449,10
4764,88,64,114,34,-2.9736929918128054,30
4765,4,32,36,19,-2.973906674035423,13
4766,106,36,84,18,-2.975473960825012,18
4767,1,13,46,6,-2.9771068452784513,7
4768,34,27,109,15,-2.985891726458775,12
4769,13,23,85,14,-2.985985548040523,9
4770,34,11,114,5,-2.9884829411181757,6
4771,90,47,86,27,-2.997206734082277,20
4772,69,11,4,6,-2.9994841766617113,5
4773,34,14,96,8,-3.001763014782561,6
4774,108,20,50,10,-3.006186687462408,10
4775,63,42,74,22,-3.0096162132471513,20
4776,39,43,9,22,-3.01214851454061,21
4777,88,29,47,15,-3.0208806441241465,14
4778,33,17,40,11,-3.0217035797006964,6
4779,39,26,76,16,-3.022675040857639,10
4780,98,13,39,8,-3.033232316977357,5
4781,19,23,76,13,-3.0337389389191696,10
4782,78,43,86,23,-3.034722772832767,20
4783,65,39,25,23,-3.0368934823131153,16
4784,79,22,30,13,-3.038702569108576,9
4785,12,30,68,16,-3.041358769608476,14
4786,96,13,38,7,-3.042215232246171,6
4787,3,40,12,23,-3.0432320355913456,17
4788,30,24,15,13,-3.0504007259335726,11
4789,55,45,7,26,-3.0547614693932803,19
4790,57,11,6,6,-3.056750466696465,5
4791,51,41,57,22,-3.0641529465856623,19
4792,25,18,71,10,-3.0644100067848146,8
4793,25,30,75,17,-3.0695517335408993,13
4794,60,29,19,15,-3.0741844930514644,14
4795,104,23,97,12,-3.0789791419269115,11
4796,62,16,55,9,-3.0797392954165557,7
4797,28,12,66,6,-3.0826665795427424,6
4798,23,55,16,30,-3.0835008847032244,25
4799,37,59,107,32,-3.087858660035623,27
4800,50,17,93,10,-3.0892168464304066,7
4801,27,17,6,9,-3.094787186521295,8
4802,109,10,85,7,-3.095406882310694,3
4803,87,20,6,11,-3.0972456748613655,9
4804,38,26,88,16,-3.0986430892388994,10
4805,54,34,104,18,-3.0987784259955413,16
4806,91,10,64,6,-3.099347902087069,4
4807,74,16,88,10,-3.1000151762465453,6
4808,68,14,99,8,-3.100103615084475,6
4809,60,15,92,9,-3.1016290657385786,6
4810,87,38,29,22,-3.1016615879853484,16
4811,86,21,111,12,-3.1037611827633467,9
4812,30,23,20,12,-3.1046519258930347,11
4813,109,37,104,20,-3.106483867605531,17
4814,4,24,50,12,-3.110559237136967,12
4815,17,25,25,14,-3.1106502600539123,11
4816,80,11,36,6,-3.115857421175655,5
4817,12,13,52,7,-3.116099774948754,6
4818,48,36,28,20,-3.1189690871072235,16
4819,94,42,43,23,-3.1211209425263537,19
4820,27,26,76,15,-3.122377163291182,11
4821,11,26,34,15,-3.122489399667274,11
4822,61,15,51,10,-3.1232056571511624,5
4823,28,11,6,6,-3.131247568187587,5
4824,2,15,76,9,-3.1350168634931235,6
4825,45,12,112,6,-3.1460936650177436,6
4826,13,65,100,35,-3.1478251869099063,30
4827,23,23,75,11,-3.148733601092015,12
4828,76,21,84,11,-3.155977485848956,10
4829,7,51,104,28,-3.1582194180075027,23
4830,82,21,86,12,-3.1586560919846343,9
4831,4,19,75,11,-3.1591429263358264,8
4832,113,15,86,9,-3.16969593297623,6
4833,60,25,106,15,-3.171261503808185,10
4834,47,34,16,19,-3.1778605747552735,15
4835,26,11,87,6,-3.178365822043256,5
4836,69,16,103,8,-3.1785957104061207,8
4837,50,21,100,12,-3.1824846398299695,9
4838,114,31,54,16,-3.1847921316014287,15
4839,58,10,11,6,-3.1884299720547142,4
4840,8,15,69,8,-3.1913004711052855,7
4841,11,41,13,23,-3.1916555834238425,18
4842,37,57,16,31,-3.1949363370328974,26
4843,39,41,36,23,-3.1998605067578247,18
4844,17,28,106,17,-3.2039846830051175,11
4845,20,18,15,10,-3.204744033575551,8
4846,97,12,56,6,-3.20853124358707,6
4847,31,47,60,23,-3.209470727487928,24
4848,97,19,50,11,-3.210625734622635,8
4849,74,16,17,9,-3.211770551027836,7
4850,102,28,76,16,-3.211945141016371,12
4851,80,10,100,6,-3.221630002984554,4
4852,12,21,19,10,-3.2219445095429284,11
4853,7,55,23,30,-3.22292830537617,25
4854,36,49,107,26,-3.2348387046482574,23
4855,60,25,99,14,-3.23819445910271,11
4856,94,34,19,18,-3.238554458984942,16
4857,81,12,23,7,-3.240703587077,5
4858,96,10,64,6,-3.2470341038418864,4
4859,15,38,100,21,-3.2528324504039166,17
4860,25,47,114,27,-3.2540864225169717,20
4861,108,11,29,6,-3.254331422994316,5
4862,74,24,7,15,-3.2574931437928867,9
4863,53,56,18,30,-3.261525241017071,26
4864,86,48,49,24,-3.266093888343732,24
4865,77,70,60,38,-3.2721792305889905,32
4866,67,13,114,7,-3.2746706512348394,6
4867,53,50,39,28,-3.2771617260881896,22
4868,3,25,8,12,-3.277389633331906,13
4869,38,18,8,10,-3.2796886341896214,8
4870,78,31,68,17,-3.285372327961684,14
4871,35,15,55,8,-3.2899027901624853,7
4872,107,45,34,26,-3.2909922405162497,19
4873,61,13,47,7,-3.3043540506366402,6
4874,64,21,114,12,-3.3046667254482798,9
4875,96,14,41,9,-3.3088942892360294,5
4876,25,66,86,35,-3.3097455853588764,31
4877,75,31,60,17,-3.313915862803686,14
4878,86,37,91,20,-3.31454686845132,17
4879,84,16,97,10,-3.3164282058099315,6
4880,97,14,98,7,-3.3185319117606134,7
4881,48,17,80,10,-3.335623053391129,7
4882,5,13,68,7,-3.3380294056441095,6
4883,98,20,54,11,-3.341408257498297,9
4884,65,20,94,10,-3.3472699488499047,10
4885,20,10,83,5,-3.3478898251644154,5
4886,107,15,14,9,-3.3479962116917648,6
4887,106,17,14,10,-3.3600594128266157,7
4888,86,54,60,30,-3.3612428132287877,24
4889,61,14,9,8,-3.362078776884604,6
4890,8,23,14,13,-3.3634201583462144,10
4891,65,70,28,40,-3.3637711452266768,30
4892,97,25,54,13,-3.3648153427656795,12
4893,20,17,40,10,-3.3649339637959677,7
4894,57,27,69,16,-3.367166221655227,11
4895,100,22,37,13,-3.3718369789109683,9
4896,96,18,73,10,-3.3726024221333355,8
4897,18,18,55,9,-3.3752696067165697,9
4898,11,23,72,12,-3.3761818275237743,11
4899,60,78,13,45,-3.3770875938219196,33
4900,39,40,64,22,-3.3772164918090852,18
4901,75,20,70,10,-3.3793498632006282,10
4902,3,48,39,25,-3.3807598414665545,23
4903,55,28,36,15,-3.38333657725735,13
4904,104,10,73,6,-3.3914910994647247,4
4905,28,13,4,7,-3.394082491248691,6
4906,19,44,49,24,-3.394696308295238,20
4907,7,35,43,21,-3.405692523929345,14
4908,11,22,79,13,-3.411899322441765,9
4909,36,11,17,5,-3.4172736451567602,6
4910,78,18,28,9,-3.4177116588011063,9
4911,37,12,4,7,-3.4218717037755013,5
4912,69,10,108,4,-3.4269138907252206,6
4913,50,57,87,30,-3.4276386978359663,27
4914,51,69,54,38,-3.4308531323018583,31
4915,27,52,7,28,-3.4308990471010476,24
4916,48,20,106,11,-3.4316235296616595,9
4917,81,11,78,5,-3.4320246992935277,6
4918,65,17,81,10,-3.4470499311553464,7
4919,46,63,86,37,-3.4473674168834245,26
4920,86,94,7,54,-3.44879121802912,40
4921,114,14,112,7,-3.452952980329055,7
4922,23,21,37,11,-3.4530437057487378,10
4923,5,23,33,12,-3.4543275091771934,11
4924,60,40,43,22,-3.4556930168868454,18
4925,49,64,16,37,-3.4653050783168022,27
4926,5,60,74,32,-3.4699961467083478,28
4927,70,20,25,11,-3.484518115943742,9
4928,45,16,41,10,-3.485066668867454,6
4929,51,30,36,16,-3.4874600225025043,14
4930,36,13,62,7,-3.4895283270523745,6
4931,5,16,14,10,-3.4903696256491523,6
4932,54,10,6,5,-3.4921987314309866,5
4933,109,26,20,16,-3.4929177397438647,10
4934,114,36,97,20,-3.4948097299506924,16
4935,51,39,114,20,-3.4973322349486473,19
4936,15,22,23,12,-3.5001626021093504,10
4937,108,13,37,7,-3.5019197237718496,6
4938,54,15,38,8,-3.502268170966973,7
4939,102,14,39,8,-3.5024293607442267,6
4940,109,19,37,11,-3.5038440546797935,8
4941,98,17,73,9,-3.5039598524288147,8
4942,109,27,25,15,-3.504136926234722,12
4943,23,16,74,9,-3.505315761927062,7
4944,100,14,53,8,-3.519519789056672,6
4945,15,17,28,9,-3.5210057183007173,8
4946,57,11,17,7,-3.5231240907929307,4
4947,50,55,37,29,-3.5287986061002137,26
4948,65,59,8,32,-3.5289226817839454,27
4949,25,17,93,9,-3.53003978897563,8
4950,62,10,6,6,-3.5345556158920366,4
4951,84,26,85,16,-3.5349178606931724,10
4952,7,15,44,8,-3.535266020755458,7
4953,30,32,28,17,-3.5399264254738525,15
4954,36,65,40,37,-3.5400829247343593,28
4955,27,29,47,16,-3.543966431934924,13
4956,19,31,13,18,-3.544087166327382,13
4957,70,11,33,6,-3.545285037756224,5
4958,49,17,114,8,-3.548728211191125,9
4959,109,28,41,17,-3.548779347954399,11
4960,86,94,63,55,-3.549478365403399,39
4961,65,49,53,26,-3.5523410589289797,23
4962,36,19,28,10,-3.554999615354129,9
4963,79,12,60,7,-3.555370933230573,5
4964,7,28,6,13,-3.563185524233912,15
4965,84,13,62,7,-3.5672380956620353,6
4966,11,27,48,15,-3.571700875711397,12
4967,43,19,25,12,-3.5730773529480713,7
4968,87,22,14,13,-3.5746572289058025,9
4969,50,21,41,12,-3.5746660286103276,9
4970,18,24,54,13,-3.5759312261139162,11
4971,51,22,102,12,-3.5799509862134142,10
4972,5,62,88,33,-3.583030843412139,29
4973,86,151,16,87,-3.5859139966574274,64
4974,11,18,14,11,-3.5868100547047623,7
4975,95,10,97,6,-3.5894324713347885,4
4976,11,22,7,13,-3.590907173314133,9
4977,5,61,104,33,-3.5931408944870395,28
4978,57,14,106,7,-3.59361898372693,7
4979,16,57,75,31,-3.59529020803502,26
4980,79,23,34,14,-3.5987779482770503,9
4981,32,24,86,13,-3.600337352350486,11
4982,39,17,69,9,-3.6024816939136075,8
4983,88,36,1,19,-3.6124862498641357,17
4984,61,21,13,13,-3.6146533376867587,8
4985,79,15,112,8,-3.621796379179409,7
4986,28,26,80,14,-3.6230809501897747,12
4987,18,19,43,9,-3.6267699505365094,10
4988,27,55,39,32,-3.6279610211789914,23
4989,5,51,55,29,-3.628046191114139,22
4990,100,22,72,13,-3.6290401350984696,9
4991,86,15,6,9,-3.637615954610378,6
4992,30,27,50,15,-3.638644596963386,12
4993,43,18,34,10,-3.6439583345872704,8
4994,70,10,14,5,-3.647042134114855,5
4995,23,13,9,7,-3.6475995665029,6
4996,65,50,74,27,-3.6492230502429246,23
4997,18,11,17,5,-3.651905683853183,6
4998,20,11,62,6,-3.653244367006134,5
4999,32,21,107,11,-3.65469777615246,10
5000,71,10,90,5,-3.6561036030201173,5
5001,31,24,39,14,-3.6610558433956157,10
5002,85,20,28,11,-3.6675135147560156,9
5003,38,38,107,22,-3.669594298718901,16
5004,84,21,38,11,-3.6699802067032445,10
5005,65,84,51,47,-3.674285069862319,37
5006,109,23,65,11,-3.6820630235649325,12
5007,28,19,23,10,-3.6970356039584327,9
5008,5,62,16,37,-3.7016615680953464,25
5009,35,10,112,5,-3.704644012481239,5
5010,16,39,34,22,-3.712308066881551,17
5011,64,21,1,11,-3.7140968256416436,10
5012,5,21,15,13,-3.7147342263498166,8
5013,41,25,20,13,-3.722699653504377,12
5014,88,57,27,30,-3.7236261153468564,27
5015,20,52,87,28,-3.7251195086400495,24
5016,40,13,15,7,-3.72557831166786,6
5017,28,76,50,43,-3.728400861205853,33
5018,5,31,90,18,-3.72922813011693,13
5019,40,59,60,33,-3.7350164129782835,26
5020,55,84,13,47,-3.735224882055998,37
5021,4,13,1,8,-3.7360390878519705,5
5022,7,31,15,15,-3.741081293807919,16
5023,84,55,51,31,-3.742451182903001,24
5024,54,58,28,33,-3.742783353616919,25
5025,40,42,53,23,-3.7429391558119973,19
5026,17,14,102,8,-3.765627490194505,6
5027,51,87,88,45,-3.772351956328506,42
5028,9,27,55,16,-3.772633679119087,11
5029,17,21,87,12,-3.7733166042192905,9
5030,13,47,114,23,-3.7759149187311722,24
5031,93,10,7,5,-3.7802315490169547,5
5032,98,28,104,13,-3.783243181516934,15
5033,51,52,106,29,-3.7850976424308227,23
5034,19,39,78,23,-3.787938218331087,16
5035,37,24,57,13,-3.7883373383566443,11
5036,27,20,108,12,-3.7884843892598083,8
5037,54,29,25,16,-3.7885203565536667,13
5038,50,25,90,14,-3.7900343777578587,11
5039,28,43,55,25,-3.7964512582267784,18
5040,39,11,6,6,-3.796620754703812,5
5041,80,13,17,8,-3.803939831522535,5
5042,78,22,72,11,-3.808517653100402,11
5043,71,27,28,16,-3.8126316435493957,11
5044,5,16,110,9,-3.8138584796050905,7
5045,91,28,5,17,-3.814625093066518,11
5046,87,130,86,69,-3.8181435593970128,61
5047,75,12,48,7,-3.8239435270874167,5
5048,3,11,4,6,-3.8250463920918425,5
5049,107,33,98,18,-3.826261245167428,15
5050,86,84,74,45,-3.8304380678874983,39
5051,54,45,11,25,-3.830761670343524,20
5052,13,26,91,14,-3.8317482607331117,12
5053,46,13,38,8,-3.8338597693432206,5
5054,34,22,65,13,-3.838809663446646,9
5055,12,11,47,6,-3.839015416153552,5
5056,31,23,18,12,-3.8430258307678686,11
5057,38,21,30,13,-3.844758917902766,8
5058,76,39,28,21,-3.8485126894088935,18
5059,17,17,85,10,-3.8507511089593,7
5060,11,45,51,26,-3.8523136610118183,19
5061,107,50,40,30,-3.8570605527160122,20
5062,62,33,86,18,-3.857981546675875,15
5063,48,16,57,9,-3.858947382973919,7
5064,29,21,41,12,-3.868637237264429,9
5065,41,86,65,51,-3.8730812369047185,35
5066,78,18,15,9,-3.8743903606720695,9
5067,112,22,3,11,-3.881829625852149,11
5068,5,17,40,9,-3.8914877974226956,8
5069,54,25,1,14,-3.8929886538978145,11
5070,58,13,77,7,-3.8981506835692445,6
5071,3,44,107,23,-3.899807395774833,21
5072,63,30,55,16,-3.900377194965691,14
5073,107,40,19,24,-3.9042843104078555,16
5074,52,14,30,8,-3.9107286147778204,6
5075,15,22,72,11,-3.91427918352013,11
5076,64,29,75,16,-3.916000714039239,13
5077,87,24,83,13,-3.916710407315815,11
5078,2,28,5,16,-3.923277825320164,12
5079,20,15,18,9,-3.9303607040253326,6
5080,58,22,60,12,-3.934983120996654,10
5081,98,15,102,8,-3.939114797619037,7
5082,54,31,9,17,-3.942845641758714,14
5083,40,11,6,6,-3.944267868023087,5
5084,43,19,35,10,-3.946831407739412,9
5085,104,11,67,6,-3.9505697623954874,5
5086,91,15,9,8,-3.9508212932565088,7
5087,37,23,40,12,-3.9558411724945217,11
5088,84,21,10,12,-3.960254602065843,9
5089,96,15,78,9,-3.9616133541960523,6
5090,94,11,84,6,-3.9681566657444405,5
5091,14,12,96,7,-3.975747798085742,5
5092,54,58,96,30,-3.9768276973257124,28
5093,76,10,83,6,-3.979171756100496,4
5094,97,18,60,9,-3.9792005525226384,9
5095,69,29,41,18,-3.9797729258891974,11
5096,3,12,106,7,-3.9869286680549885,5
5097,87,16,45,9,-3.9869877249578156,7
5098,14,12,112,6,-3.9932359631148633,6
5099,112,16,104,9,-3.994340241273064,7
5100,100,18,9,11,-3.9953268600169216,7
5101,86,24,47,14,-4.0008775785944835,10
5102,112,16,31,10,-4.001730552260444,6
5103,64,42,107,23,-4.007940956634882,19
5104,77,18,5,10,-4.010067732208504,8
5105,110,20,8,12,-4.013172679497397,8
5106,57,12,49,6,-4.014208708062981,6
5107,67,17,34,8,-4.015594495513434,9
5108,96,21,39,13,-4.016816457185767,8
5109,3,19,34,11,-4.018197174307542,8
5110,47,31,7,18,-4.025431088719286,13
5111,114,42,60,20,-4.029174933224297,22
5112,114,41,63,26,-4.0379729890543565,15
5113,43,10,1,5,-4.038976715758714,5
5114,69,12,84,7,-4.046782427990892,5
5115,49,30,17,15,-4.0497074970111715,15
5116,40,10,32,5,-4.050021677419865,5
5117,20,10,14,6,-4.05196683725804,4
5118,30,27,29,16,-4.052572066011691,11
5119,39,11,56,5,-4.061429150921741,6
5120,95,10,43,6,-4.063398320607962,4
5121,87,23,72,12,-4.063524287630649,11
5122,38,12,20,8,-4.067291998076448,4
5123,73,19,65,11,-4.067312461469671,8
5124,31,68,7,38,-4.069172309295861,30
5125,46,21,95,12,-4.071848693893571,9
5126,109,48,16,28,-4.0745201581983626,20
5127,75,21,91,8,-4.084376386784757,13
5128,98,17,78,9,-4.084899624702052,8
5129,19,40,39,25,-4.0865154445107486,15
5130,19,11,36,6,-4.08859021842168,5
5131,51,51,17,27,-4.088673144397256,24
5132,93,27,86,15,-4.0902499993060095,12
5133,8,15,111,8,-4.091375789332371,7
5134,39,17,80,9,-4.091599339844531,8
5135,35,24,20,14,-4.0987287220029165,10
5136,60,33,78,18,-4.099027308208708,15
5137,57,18,9,10,-4.0992922028641345,8
5138,93,20,83,11,-4.100880722204596,9
5139,51,48,75,26,-4.10605342104463,22
5140,63,30,97,17,-4.107378727934816,13
5141,19,46,100,26,-4.112454947141808,20
5142,2,12,7,7,-4.115660194227728,5
5143,87,23,58,13,-4.119284370275495,10
5144,41,35,60,18,-4.124791635334076,17
5145,50,15,83,7,-4.131296712002355,8
5146,106,51,107,28,-4.131711792879515,23
5147,30,13,74,7,-4.132114674773073,6
5148,77,35,86,20,-4.13606239417643,15
5149,20,11,71,7,-4.1364305573939655,4
5150,71,47,53,27,-4.141303557057989,20
5151,3,18,58,11,-4.142010326983759,7
5152,65,49,23,26,-4.142109485382539,23
5153,77,21,55,12,-4.142542522610538,9
5154,95,12,100,6,-4.142851413596654,6
5155,17,12,99,7,-4.148375833376952,5
5156,8,23,62,14,-4.155008709022655,9
5157,84,24,27,13,-4.156059221916358,11
5158,16,81,60,45,-4.163560927764609,36
5159,5,40,83,21,-4.163709904424498,19
5160,96,24,60,16,-4.164982345638217,8
5161,23,53,107,29,-4.172486813229878,24
5162,46,51,51,29,-4.174462162624302,22
5163,25,27,23,15,-4.182190113226042,12
5164,1,36,13,22,-4.187998461115461,14
5165,103,12,112,7,-4.192929666832575,5
5166,29,26,51,14,-4.200611882951566,12
5167,3,18,103,9,-4.204198112236472,9
5168,36,56,65,32,-4.205692860728478,24
5169,87,28,90,16,-4.209781806456321,12
5170,48,10,52,6,-4.211289472665269,4
5171,84,19,43,10,-4.2146198508874155,9
5172,63,20,17,11,-4.217095300732271,9
5173,18,19,4,11,-4.220670692754496,8
5174,100,29,28,17,-4.221129674472951,12
5175,16,37,97,20,-4.222715093786662,17
5176,102,18,62,10,-4.2234688534060565,8
5177,44,11,71,6,-4.223524348839454,5
5178,38,21,9,12,-4.2241565966881796,9
5179,62,12,17,7,-4.2301807671986245,5
5180,107,59,41,36,-4.232356930880344,23
5181,104,11,29,6,-4.232469176091443,5
5182,65,32,49,18,-4.235437559418131,14
5183,87,31,71,17,-4.240167636343153,14
5184,71,44,16,26,-4.24180487871631,18
5185,34,14,106,7,-4.243674039664677,7
5186,78,44,13,25,-4.248517224488691,19
5187,72,10,6,5,-4.248570153213717,5
5188,104,62,86,35,-4.25024591812339,27
5189,51,57,8,32,-4.252456703569465,25
5190,106,55,37,29,-4.262507559544696,26
5191,63,32,100,17,-4.262978075872104,15
5192,49,20,50,11,-4.263153819097887,9
5193,107,30,91,18,-4.264126621091653,12
5194,11,34,15,20,-4.274425602895655,14
5195,15,20,114,11,-4.283176268910454,9
5196,72,14,30,8,-4.290833034937978,6
5197,79,16,76,10,-4.298198539999958,6
5198,55,45,37,24,-4.301001080588835,21
5199,53,27,106,14,-4.302319600135904,13
5200,78,29,100,17,-4.306504123439815,12
5201,17,23,97,13,-4.313428551304964,10
5202,88,53,11,31,-4.315288914266511,22
5203,40,22,4,12,-4.316643149060886,10
5204,50,54,16,31,-4.318809003012341,23
5205,77,15,112,10,-4.331879954372317,5
5206,41,19,95,11,-4.33214397979218,8
5207,22,12,60,7,-4.334241842742773,5
5208,3,29,11,17,-4.336087828492777,12
5209,19,25,62,15,-4.338973871662797,10
5210,13,40,12,26,-4.341371143569527,14
5211,76,10,12,5,-4.341891338463575,5
5212,65,29,70,18,-4.343984179663611,11
5213,6,16,65,9,-4.346168811124804,7
5214,17,15,38,8,-4.350602652945082,7
5215,83,11,19,6,-4.35939819270106,5
5216,71,31,64,19,-4.3594731378011655,12
5217,23,20,95,11,-4.361896262769259,9
5218,70,17,49,9,-4.364791676107705,8
5219,9,15,74,9,-4.367415226980933,6
5220,23,23,40,13,-4.368423326803304,10
5221,58,13,55,7,-4.3690044835062585,6
5222,72,17,50,10,-4.375655689739112,7
5223,25,33,87,18,-4.379098196808539,15
5224,54,10,99,6,-4.379722874612374,4
5225,64,12,12,7,-4.393898146412688,5
5226,2,22,16,13,-4.395353237879594,9
5227,5,35,76,20,-4.4006703577730075,15
5228,28,53,20,30,-4.401187083369335,23
5229,108,14,71,8,-4.402422140240555,6
5230,81,36,86,23,-4.413702097160574,13
5231,5,118,86,67,-4.4152564938780525,51
5232,64,24,50,13,-4.415510499418937,11
5233,53,64,7,36,-4.416213736910667,28
5234,70,30,84,17,-4.416286467774103,13
5235,107,82,88,48,-4.417922077161399,34
5236,23,17,29,9,-4.418393467914162,8
5237,13,30,99,17,-4.4209668288342625,13
5238,20,14,23,8,-4.427778675436007,6
5239,3,35,65,21,-4.429509708162627,14
5240,70,39,37,23,-4.433263990915908,16
5241,109,15,95,9,-4.44413143370079,6
5242,19,14,50,8,-4.445333605009821,6
5243,54,45,13,26,-4.450645240675898,19
5244,16,44,95,24,-4.453378575583382,20
5245,97,11,77,7,-4.454901155383995,4
5246,54,15,79,9,-4.4628144491387465,6
5247,32,18,37,10,-4.466542082918523,8
5248,13,10,52,6,-4.472034729764909,4
5249,25,31,96,17,-4.472832877552796,14
5250,3,26,62,15,-4.473036771828817,11
5251,107,33,95,18,-4.475609109265339,15
5252,64,46,7,25,-4.481240056988838,21
5253,65,61,30,35,-4.482434103050162,26
5254,71,44,75,27,-4.485645835804011,17
5255,39,21,58,12,-4.494576390875354,9
5256,60,47,55,26,-4.496007919155315,21
5257,46,68,13,40,-4.497540419141799,28
5258,69,12,76,8,-4.4993002365322265,4
5259,8,28,64,17,-4.503057942170459,11
5260,87,41,23,24,-4.512300706037801,17
5261,54,64,63,37,-4.513765725874225,27
5262,93,16,20,8,-4.515352163146574,8
5263,112,18,49,10,-4.51791122222607,8
5264,50,23,74,13,-4.520207268757789,10
5265,60,17,61,9,-4.52739408582466,8
5266,55,10,52,6,-4.531437489197341,4
5267,75,23,106,12,-4.532198108241352,11
5268,28,29,93,18,-4.540056078542574,11
5269,18,24,50,13,-4.548213252045344,11
5270,15,18,99,11,-4.551461310618722,7
5271,46,15,83,8,-4.551826612706295,7
5272,23,15,70,8,-4.554568026577774,7
5273,5,18,43,10,-4.559277543830877,8
5274,104,16,99,8,-4.5627492392393005,8
5275,95,14,99,8,-4.572737764013049,6
5276,58,23,7,12,-4.5750345256693405,11
5277,65,16,99,9,-4.579704538683155,7
5278,37,15,9,8,-4.590013554185221,7
5279,54,26,78,15,-4.592600537057526,11
5280,96,32,50,18,-4.592653394244438,14
5281,58,11,27,6,-4.599497662673681,5
5282,60,19,108,11,-4.601423271346146,8
5283,18,15,38,8,-4.607415756411177,7
5284,96,21,13,12,-4.608058597276484,9
5285,37,40,75,25,-4.608119905928107,15
5286,8,35,23,20,-4.612792872906181,15
5287,57,11,74,6,-4.613445177041247,5
5288,68,20,85,13,-4.615895850726343,7
5289,40,10,72,6,-4.616108231770903,4
5290,109,44,51,28,-4.624306959512696,16
5291,88,37,100,22,-4.625717286575204,15
5292,89,13,65,7,-4.632113459581723,6
5293,91,16,102,9,-4.632859199025976,7
5294,110,15,106,8,-4.633960085739292,7
5295,25,22,60,12,-4.63628280649392,10
5296,69,11,80,6,-4.638884395252672,5
5297,96,39,63,24,-4.649023449526143,15
5298,1,16,15,10,-4.649350840919031,6
5299,79,13,27,7,-4.651583262533679,6
5300,47,15,25,8,-4.655390231832651,7
5301,38,19,109,12,-4.668016203688246,7
5302,92,10,75,6,-4.670779177266829,4
5303,39,51,40,30,-4.685059105758994,21
5304,103,16,43,10,-4.701447170954387,6
5305,88,73,65,44,-4.702916833614272,29
5306,106,13,111,9,-4.703726078810505,4
5307,37,22,41,13,-4.708031554461573,9
5308,46,23,20,15,-4.708713070266477,8
5309,31,32,75,17,-4.72198275034643,15
5310,104,34,41,18,-4.7268653056009,16
5311,108,13,25,8,-4.727424255422313,5
5312,107,46,76,29,-4.736244325803577,17
5313,30,23,34,13,-4.7385268256976865,10
5314,41,42,87,24,-4.740822182406319,18
5315,7,107,16,60,-4.744562074788692,47
5316,77,16,25,9,-4.745845616411634,7
5317,50,23,7,13,-4.754905099968972,10
5318,87,40,18,23,-4.75669359062204,17
5319,62,14,106,8,-4.759729251582842,6
5320,84,28,13,17,-4.762106527456084,11
5321,60,23,76,15,-4.763967746356449,8
5322,57,38,87,22,-4.765071720806056,16
5323,94,16,55,9,-4.767452995148849,7
5324,98,15,18,7,-4.76828904567196,8
5325,31,15,12,8,-4.7706324645211815,7
5326,70,13,90,7,-4.771084444295364,6
5327,23,14,33,8,-4.772846471482117,6
5328,108,17,30,10,-4.777036339137379,7
5329,5,12,9,7,-4.777710715122406,5
5330,98,10,34,5,-4.779193341125504,5
5331,81,25,15,14,-4.7836577803432645,11
5332,10,12,5,6,-4.788462999241516,6
5333,76,24,97,13,-4.789197045000656,11
5334,89,10,26,6,-4.7934486550169115,4
5335,20,13,52,8,-4.795236183864798,5
5336,25,11,111,6,-4.797175922879401,5
5337,88,14,34,8,-4.799596567728281,6
5338,97,22,41,12,-4.799957538599525,10
5339,96,22,75,15,-4.801381492311929,7
5340,12,16,1,9,-4.804302234326604,7
5341,68,14,89,8,-4.8060770512882325,6
5342,63,34,104,19,-4.811269466320188,15
5343,79,23,13,14,-4.81127521378253,9
5344,85,11,74,6,-4.8123880044938,5
5345,65,112,16,64,-4.817496389223385,48
5346,54,15,14,10,-4.820525855929134,5
5347,25,19,31,10,-4.823839301099769,9
5348,107,118,87,68,-4.823933487024295,50
5349,65,25,90,13,-4.825235861891515,12
5350,67,15,8,9,-4.831909846155587,6
5351,109,17,94,9,-4.837565167214328,8
5352,64,20,83,11,-4.840996077098241,9
5353,83,17,39,10,-4.845386042652685,7
5354,109,44,88,27,-4.8504883666098815,17
5355,32,12,97,7,-4.851459349576825,5
5356,114,11,77,6,-4.854209160918305,5
5357,107,38,58,23,-4.857008495705356,15
5358,112,31,100,17,-4.858414274039207,14
5359,3,24,81,14,-4.860040341211916,10
5360,107,12,52,8,-4.861262849981804,4
5361,89,10,5,7,-4.8624656409017435,3
5362,1,11,29,7,-4.866934575588786,4
5363,57,26,88,14,-4.87081224887015,12
5364,79,20,63,12,-4.882182316485546,8
5365,95,11,69,7,-4.882909765417964,4
5366,18,12,94,7,-4.884425557504233,5
5367,19,53,30,31,-4.884651595572224,22
5368,72,12,20,7,-4.886775559464282,5
5369,57,10,12,6,-4.8872175245265135,4
5370,46,11,27,7,-4.887638683251712,4
5371,101,10,39,6,-4.889741278103361,4
5372,77,16,23,9,-4.892331871891688,7
5373,29,15,9,9,-4.900194767905051,6
5374,87,39,95,22,-4.900981782159267,17
5375,77,43,13,25,-4.906794574928388,18
5376,28,12,38,6,-4.907164394244709,6
5377,29,11,18,7,-4.9072911901611125,4
5378,100,14,47,8,-4.909302114786415,6
5379,86,42,64,24,-4.92429374885952,18
5380,106,56,74,32,-4.924754963776781,24
5381,63,17,108,10,-4.925158043652064,7
5382,107,77,100,41,-4.925676488158578,36
5383,36,40,86,23,-4.92743325124,17
5384,103,10,104,5,-4.929333969571576,5
5385,9,22,114,15,-4.931319071415338,7
5386,85,17,63,9,-4.93137224468223,8
5387,51,72,100,38,-4.940002025939465,34
5388,37,26,98,15,-4.940519420053042,11
5389,71,11,49,6,-4.9409457894604065,5
5390,32,14,28,8,-4.942148577857081,6
5391,78,15,40,10,-4.942465399220725,5
5392,81,23,39,14,-4.943832581007462,9
5393,106,29,80,17,-4.946009667025367,12
5394,68,19,56,10,-4.94813216675333,9
5395,100,12,20,7,-4.94868435190728,5
5396,41,33,64,20,-4.951397157092097,13
5397,40,51,65,29,-4.9565312204681256,22
5398,64,10,85,6,-4.962701184974941,4
5399,90,23,96,14,-4.963939687748074,9
5400,114,21,27,12,-4.967571693509976,9
5401,23,11,98,6,-4.969965161139004,5
5402,44,10,80,5,-4.973541413806903,5
5403,86,73,37,41,-4.980857284592115,32
5404,55,34,80,18,-4.9879675297352755,16
5405,94,19,63,11,-4.988953899876627,8
5406,31,23,50,13,-4.991999785997779,10
5407,60,47,30,30,-4.996202188281948,17
5408,96,23,51,13,-5.001175453325252,10
5409,106,41,7,21,-5.003800212982271,20
5410,34,25,100,13,-5.004456878240623,12
5411,5,26,93,16,-5.004460526821323,10
5412,83,13,102,8,-5.005327574584489,5
5413,72,24,85,15,-5.005644721261359,9
5414,43,35,39,19,-5.006459842543771,16
5415,43,16,12,10,-5.010092621024883,6
5416,94,17,112,11,-5.010192110959226,6
5417,63,12,93,7,-5.011120266810433,5
5418,51,30,108,17,-5.016985241457157,13
5419,87,36,94,20,-5.028702412089726,16
5420,34,12,112,7,-5.029259987635679,5
5421,93,26,74,14,-5.031462008142044,12
5422,91,16,40,9,-5.034652795604084,7
5423,38,31,39,18,-5.039769505176329,13
5424,15,51,57,29,-5.043583959741941,22
5425,8,34,34,20,-5.045872609442448,14
5426,12,14,72,9,-5.047489716591506,5
5427,75,20,95,12,-5.050260152484929,8
5428,55,27,100,14,-5.057275002393836,13
5429,10,16,7,9,-5.060407065651965,7
5430,61,10,41,6,-5.060781095904458,4
5431,100,38,104,22,-5.075921827905519,16
5432,64,23,3,13,-5.079848362911417,10
5433,20,10,32,7,-5.082163415292113,3
5434,5,15,34,10,-5.091205514677906,5
5435,33,14,49,9,-5.095253781724573,5
5436,1,10,30,6,-5.107240382060614,4
5437,17,20,11,11,-5.1107280215340065,9
5438,76,10,64,5,-5.126258276838511,5
5439,33,14,64,9,-5.132334361355243,5
5440,58,30,40,16,-5.133397385337805,14
5441,77,25,107,14,-5.133888332698847,11
5442,3,21,36,13,-5.136055944816982,8
5443,8,17,72,9,-5.1378199606498285,8
5444,71,15,70,8,-5.140933357571855,7
5445,49,48,27,28,-5.1421479817942535,20
5446,70,17,13,10,-5.142156998200086,7
5447,97,13,11,7,-5.1491543911628765,6
5448,9,24,106,14,-5.150083731218857,10
5449,60,57,39,32,-5.152802282703841,25
5450,28,16,35,8,-5.153123660542294,8
5451,5,12,67,7,-5.159840528973079,5
5452,96,29,65,16,-5.165027076154164,13
5453,54,11,31,6,-5.168002033532433,5
5454,32,19,11,10,-5.169600921182679,9
5455,48,12,91,6,-5.179665478095682,6
5456,97,17,75,10,-5.1834390154874335,7
5457,43,14,23,8,-5.189120753246306,6
5458,71,10,6,6,-5.193692278292731,4
5459,113,13,40,8,-5.1937263926866155,5
5460,80,18,104,10,-5.194103195079235,8
5461,39,25,46,12,-5.196853389468726,13
5462,49,27,78,15,-5.198224201350137,12
5463,53,36,16,22,-5.201094174764714,14
5464,43,21,63,12,-5.207688448634705,9
5465,109,22,50,13,-5.207842202449347,9
5466,100,79,16,47,-5.211034078416436,32
5467,91,12,33,6,-5.213867650447786,6
5468,81,17,19,10,-5.2181130875891135,7
5469,86,20,10,11,-5.2191524654968555,9
5470,88,101,7,58,-5.220134457500585,43
5471,106,54,54,29,-5.222938310920246,25
5472,39,23,92,12,-5.223931097826435,11
5473,5,11,35,6,-5.226534281744123,5
5474,107,60,75,39,-5.231874163862644,21
5475,49,37,87,20,-5.234505916649168,17
5476,25,21,91,12,-5.236778929543696,9
5477,16,14,52,8,-5.2387315646619985,6
5478,40,26,25,15,-5.242222631716464,11
5479,65,21,72,12,-5.2525708680547405,9
5480,31,11,35,6,-5.255104723881266,5
5481,78,13,38,8,-5.257855955824036,5
5482,35,29,107,18,-5.259758635892076,11
5483,1,11,34,8,-5.259854618241466,3
5484,102,26,11,14,-5.269694308768166,12
5485,6,20,88,12,-5.272285617199486,8
5486,62,23,13,13,-5.279557581763116,10
5487,109,13,62,6,-5.284405260681897,7
5488,92,12,28,8,-5.284547759707863,4
5489,27,50,100,28,-5.287624363758572,22
5490,86,21,99,13,-5.291638236148404,8
5491,81,14,77,8,-5.30360249712173,6
5492,87,19,73,13,-5.303982369774458,6
5493,47,13,58,8,-5.305481766967035,5
5494,3,28,41,19,-5.308183069174525,9
5495,61,15,86,9,-5.314125600249347,6
5496,19,19,38,13,-5.315551758815004,6
5497,3,40,7,24,-5.315954351050264,16
5498,90,36,54,21,-5.31608911225222,15
5499,51,33,5,21,-5.328986421528186,12
5500,87,73,8,42,-5.329716845156717,31
5501,102,14,97,9,-5.335160623731833,5
5502,109,26,43,16,-5.342025656363843,10
5503,53,53,68,31,-5.342360173932807,22
5504,50,18,78,11,-5.342630350789609,7
5505,48,22,13,13,-5.345621103460161,9
5506,96,12,15,7,-5.353611172107386,5
5507,97,35,7,19,-5.356987360153852,16
5508,98,18,27,10,-5.364498155712119,8
5509,39,36,84,20,-5.36967448681498,16
5510,18,25,15,15,-5.370261713586335,10
5511,29,20,76,10,-5.371211242445575,10
5512,103,16,65,10,-5.377768524309902,6
5513,109,22,100,14,-5.379853421224187,8
5514,68,38,54,23,-5.382447112107092,15
5515,106,14,6,8,-5.390411966564588,6
5516,33,20,8,12,-5.397787705463005,8
5517,58,11,4,7,-5.405037105567137,4
5518,106,26,2,15,-5.41401262665605,11
5519,25,38,104,21,-5.422383455319622,17
5520,3,59,27,34,-5.425882645309909,25
5521,69,13,42,7,-5.432900919803655,6
5522,68,29,71,18,-5.43565333686224,11
5523,20,50,65,31,-5.436416455030898,19
5524,37,38,13,22,-5.4444858267423255,16
5525,50,13,57,8,-5.460704285123109,5
5526,74,13,31,8,-5.4682993706513905,5
5527,17,31,28,18,-5.468605078583842,13
5528,98,14,57,8,-5.474149624282838,6
5529,25,22,100,12,-5.476003695191376,10
5530,8,99,16,59,-5.477498125379747,40
5531,89,14,51,8,-5.490983680492759,6
5532,55,27,111,16,-5.492663797248299,11
5533,102,10,67,6,-5.497246561771854,4
5534,69,28,58,15,-5.500786187625181,13
5535,111,10,5,6,-5.501968622126494,4
5536,40,13,2,8,-5.504797437287728,5
5537,109,13,32,7,-5.508051897308614,6
5538,81,10,80,5,-5.509744831821594,5
5539,83,19,95,12,-5.510188596504651,7
5540,65,23,45,12,-5.510611418282088,11
5541,65,55,27,33,-5.5117575376562815,22
5542,84,10,89,5,-5.518590211576736,5
5543,77,15,74,9,-5.523098396212754,6
5544,102,11,64,7,-5.525256448935211,4
5545,86,56,27,33,-5.536809223154126,23
5546,85,11,8,7,-5.538404103047143,4
5547,23,21,64,12,-5.53887757595366,9
5548,70,11,44,6,-5.543204446478318,5
5549,2,22,20,13,-5.544865436021081,9
5550,75,42,18,24,-5.546579166688548,18
5551,84,18,25,11,-5.546687618128967,7
5552,31,53,36,30,-5.548564460468655,23
5553,25,41,8,25,-5.550067480025429,16
5554,35,22,16,14,-5.550995346710985,8
5555,54,16,69,9,-5.552096999235808,7
5556,46,44,8,24,-5.55305372609631,20
5557,65,86,104,49,-5.554661796165203,37
5558,4,11,46,6,-5.556221874645653,5
5559,95,30,13,17,-5.5569838085167085,13
5560,40,72,13,41,-5.557179750044812,31
5561,95,10,31,6,-5.5581891593402775,4
5562,20,63,107,36,-5.562332766197244,27
5563,88,98,86,57,-5.562390170991595,41
5564,9,11,72,6,-5.567587328744072,5
5565,38,23,7,13,-5.5754388810337625,10
5566,44,22,20,13,-5.576158683247873,9
5567,64,27,30,16,-5.577521334720875,11
5568,86,38,69,22,-5.5778024324397695,16
5569,53,13,89,7,-5.581720835788219,6
5570,96,38,20,23,-5.591064360306497,15
5571,64,17,80,9,-5.593698551425533,8
5572,86,88,11,51,-5.601840851498305,37
5573,10,11,23,6,-5.611414438981724,5
5574,60,13,72,8,-5.611432015329071,5
5575,76,29,65,19,-5.616827802213812,10
5576,91,26,68,14,-5.619466372772095,12
5577,50,26,95,15,-5.619957219349119,11
5578,5,10,19,6,-5.623378775596125,4
5579,20,16,78,9,-5.629467930549494,7
5580,103,16,15,9,-5.63230736555337,7
5581,46,16,109,9,-5.636528034552761,7
5582,51,47,78,25,-5.638766096914631,22
5583,97,13,39,8,-5.649731064357224,5
5584,97,10,4,6,-5.649870700339141,4
5585,16,44,20,28,-5.6538868890789145,16
5586,75,31,46,18,-5.654705399493309,13
5587,88,36,25,23,-5.660869431868404,13
5588,84,37,16,22,-5.660913981238356,15
5589,82,11,54,7,-5.664278302313933,4
5590,99,31,16,18,-5.665818337043018,13
5591,25,10,94,5,-5.671887186214522,5
5592,95,10,102,6,-5.685319962340827,4
5593,114,17,76,11,-5.686109810518632,6
5594,40,21,35,13,-5.68914021357686,8
5595,32,10,70,5,-5.69247937209622,5
5596,62,17,53,10,-5.701449545318571,7
5597,72,23,54,14,-5.711828677342122,9
5598,12,16,69,8,-5.715951067980106,8
5599,51,26,25,15,-5.726135112848953,11
5600,9,14,45,9,-5.7278535004589894,5
5601,54,40,55,22,-5.729162102948166,18
5602,47,31,107,18,-5.730039668040248,13
5603,64,50,13,27,-5.733384315133941,23
5604,106,42,25,26,-5.737688222420903,16
5605,114,25,100,15,-5.743860264273012,10
5606,77,12,36,7,-5.751140829309575,5
5607,47,13,23,8,-5.75514206329281,5
5608,19,34,11,21,-5.756316664639485,13
5609,53,13,58,6,-5.756559382638675,7
5610,68,15,80,9,-5.759836210772854,6
5611,54,10,61,6,-5.763750710129662,4
5612,50,17,15,10,-5.769945271211,7
5613,60,45,23,27,-5.772794691627651,18
5614,15,20,47,11,-5.776315263541679,9
5615,81,16,104,8,-5.786821230718971,8
5616,9,21,17,12,-5.788074839959892,9
5617,48,21,34,12,-5.788285695597516,9
5618,11,19,62,11,-5.78936924763006,8
5619,19,13,48,7,-5.792431440588203,6
5620,31,19,91,12,-5.801858258461764,7
5621,106,11,10,8,-5.803672894932926,3
5622,98,19,8,12,-5.806615359942181,7
5623,109,20,73,12,-5.807578339260897,8
5624,20,13,79,8,-5.810117746469003,5
5625,85,13,19,8,-5.818975421540364,5
5626,75,56,86,31,-5.819454003755878,25
5627,93,37,8,21,-5.824171473230354,16
5628,25,49,13,27,-5.82760144771215,22
5629,3,51,16,31,-5.834346763807346,20
5630,13,40,63,23,-5.83698160270361,17
5631,57,34,8,21,-5.8373147484651255,13
5632,18,13,49,8,-5.838397996736463,5
5633,66,13,88,8,-5.8387523732132625,5
5634,49,29,54,17,-5.8414712309316155,12
5635,93,23,16,12,-5.842811946264205,11
5636,69,40,13,24,-5.843363292908417,16
5637,14,17,65,9,-5.850273562995321,8
5638,79,12,80,6,-5.851472407179259,6
5639,93,16,75,9,-5.854064268882732,7
5640,51,52,104,33,-5.856995324327739,19
5641,112,21,7,13,-5.863389950487477,8
5642,7,17,34,10,-5.863504951401842,7
5643,8,31,18,20,-5.865710785121708,11
5644,95,36,54,20,-5.865979569344116,16
5645,15,32,60,18,-5.866410164624054,14
5646,98,18,55,11,-5.870446924304781,7
5647,91,19,51,12,-5.873980399232273,7
5648,31,12,28,7,-5.876337878232255,5
5649,16,71,30,43,-5.8810902877875435,28
5650,36,12,46,7,-5.882094180819337,5
5651,74,22,102,13,-5.882481039476397,9
5652,108,17,75,10,-5.885506345854971,7
5653,28,21,41,12,-5.88701051181256,9
5654,57,15,10,10,-5.887280827061498,5
5655,43,16,17,9,-5.888801333071097,7
5656,3,11,37,6,-5.889738338475403,5
5657,68,15,101,10,-5.891939886749792,5
5658,9,45,75,27,-5.89399328159944,18
5659,76,24,13,14,-5.908048772356307,10
5660,110,22,37,12,-5.913666685850415,10
5661,30,13,17,7,-5.914473055416305,6
5662,88,84,54,50,-5.915269494128592,34
5663,7,23,78,12,-5.919551023484507,11
5664,114,20,73,12,-5.924435121305102,8
5665,104,26,53,15,-5.936620222245529,11
5666,38,28,16,19,-5.939629377317457,9
5667,17,48,16,31,-5.94023234098231,17
5668,53,15,28,9,-5.94574436463327,6
5669,10,12,97,6,-5.9508315819177,6
5670,50,46,104,28,-5.958647190439791,18
5671,87,36,76,22,-5.9616858863604465,14
5672,29,34,39,18,-5.9660900499545715,16
5673,40,18,97,11,-5.9669184161403885,7
5674,81,16,47,10,-5.967835030110961,6
5675,8,30,78,18,-5.971195592839113,12
5676,18,20,64,12,-5.974775055211903,8
5677,109,13,71,8,-5.977466642753509,5
5678,88,45,23,28,-5.9805542349254015,17
5679,37,17,94,10,-5.9815536162143665,7
5680,77,25,3,14,-5.9828883907564485,11
5681,31,25,114,14,-5.991876520395491,11
5682,54,21,94,12,-6.000772945562414,9
5683,63,26,57,14,-6.001123193099421,12
5684,5,47,106,29,-6.005839560090041,18
5685,9,51,65,31,-6.006217714596816,20
5686,19,34,29,21,-6.00627953752052,13
5687,104,69,107,41,-6.010771127855346,28
5688,35,18,27,11,-6.016767935838181,7
5689,48,15,29,9,-6.020141509256064,6
5690,107,130,16,81,-6.021724458014049,49
5691,17,17,103,11,-6.02291306365628,6
5692,68,10,26,6,-6.030745942778485,4
5693,98,24,7,15,-6.033686003781979,9
5694,55,41,104,24,-6.036207114699969,17
5695,63,62,8,35,-6.040704829296192,27
5696,51,30,62,18,-6.046321991251016,12
5697,18,24,63,15,-6.046455003215185,9
5698,84,22,98,14,-6.061006275589921,8
5699,41,27,23,16,-6.068042449918644,11
5700,90,11,3,6,-6.078153120016463,5
5701,102,13,23,7,-6.080684731147932,6
5702,84,26,9,15,-6.089357364465301,11
5703,51,32,49,19,-6.089422332353599,13
5704,108,14,96,8,-6.092516088942799,6
5705,47,11,54,6,-6.095812400128515,5
5706,57,25,3,15,-6.096683992802311,10
5707,69,16,62,9,-6.098141811871047,7
5708,15,12,84,7,-6.098921486728437,5
5709,76,30,98,18,-6.108080609901334,12
5710,7,12,90,7,-6.108519045195328,5
5711,48,13,10,8,-6.11091450287738,5
5712,31,13,81,9,-6.117159791325402,4
5713,66,18,63,11,-6.119936177330313,7
5714,50,18,3,10,-6.122691253496958,8
5715,48,17,76,11,-6.130488708954145,6
5716,74,24,73,15,-6.15033234594065,9
5717,68,48,114,28,-6.151577271829131,20
5718,7,32,100,19,-6.153012622391108,13
5719,103,12,18,8,-6.156389570504274,4
5720,81,11,50,6,-6.158903696641054,5
5721,100,25,23,15,-6.1602001909122555,10
5722,28,58,104,34,-6.1611678298334525,24
5723,36,47,13,29,-6.167141158071527,18
5724,107,18,89,11,-6.170428149811338,7
5725,93,10,80,5,-6.175234905241022,5
5726,28,17,47,10,-6.182374184386464,7
5727,97,26,87,17,-6.190868250218132,9
5728,2,28,63,16,-6.200018491851488,12
5729,70,28,74,15,-6.203999405338757,13
5730,71,30,50,17,-6.204695227712774,13
5731,12,14,63,7,-6.204748395941865,7
5732,88,26,108,16,-6.206778138596414,10
5733,84,15,35,9,-6.209299301194261,6
5734,70,24,114,15,-6.214622620602995,9
5735,70,37,28,22,-6.2149266559981875,15
5736,94,10,95,5,-6.229015093991729,5
5737,5,48,114,28,-6.237633533478719,20
5738,63,49,37,30,-6.239339617220504,19
5739,46,10,48,6,-6.2577441282220505,4
5740,55,65,107,38,-6.262965189618901,27
5741,107,58,30,35,-6.265220866431884,23
5742,95,12,15,7,-6.265255655621165,5
5743,5,45,20,28,-6.270373633442779,17
5744,70,24,55,14,-6.2726471619319275,10
5745,87,40,48,25,-6.2730529960397,15
5746,4,21,86,13,-6.279484499549702,8
5747,93,14,29,8,-6.281843189307092,6
5748,4,15,12,10,-6.285579029533404,5
5749,68,68,40,42,-6.288399173895761,26
5750,84,18,100,12,-6.292769168431846,6
5751,102,36,28,21,-6.294379170221608,15
5752,97,55,86,32,-6.29556894674749,23
5753,8,16,43,9,-6.29733125478246,7
5754,53,48,107,29,-6.300738049492765,19
5755,51,37,77,21,-6.3237027482982455,16
5756,55,12,89,7,-6.33577587353113,5
5757,7,34,28,21,-6.339260574445828,13
5758,9,43,28,24,-6.342362216975378,19
5759,75,15,15,10,-6.343731652265016,5
5760,96,17,85,12,-6.345069391274803,5
5761,27,13,92,7,-6.356396578041118,6
5762,62,16,30,9,-6.359003401599702,7
5763,43,19,64,11,-6.359617177052284,8
5764,46,24,7,16,-6.3620461131037525,8
5765,77,22,78,13,-6.367424532128864,9
5766,37,10,56,6,-6.367440662879469,4
5767,102,15,33,9,-6.371524301983967,6
5768,17,18,72,11,-6.374145428769874,7
5769,98,20,70,13,-6.375551069484688,7
5770,27,16,28,11,-6.382931621067466,5
5771,96,13,33,6,-6.392035038140804,7
5772,48,38,86,23,-6.392497095701154,15
5773,70,62,54,37,-6.3937515742988325,25
5774,49,12,79,8,-6.395374558799645,4
5775,37,20,80,12,-6.401050818487375,8
5776,55,21,48,13,-6.406579400537664,8
5777,54,18,91,10,-6.414686940093469,8
5778,65,38,64,22,-6.415105269042927,16
5779,62,20,7,12,-6.416308867276496,8
5780,23,10,61,6,-6.419517618014349,4
5781,48,28,84,17,-6.421668889523295,11
5782,80,23,96,14,-6.423400971659432,9
5783,100,21,75,11,-6.42687784088126,10
5784,94,18,69,11,-6.4324341241447325,7
5785,33,16,68,10,-6.451134609706935,6
5786,54,28,93,18,-6.453790444084363,10
5787,91,20,8,12,-6.453847873736635,8
5788,10,15,11,9,-6.454288934219355,6
5789,57,19,97,11,-6.465009515620633,8
5790,15,12,35,6,-6.4672967653015005,6
5791,74,14,89,8,-6.468908820916451,6
5792,68,11,98,7,-6.46992769597506,4
5793,87,83,13,51,-6.485117198799965,32
5794,76,28,112,16,-6.4984423567384235,12
5795,55,29,74,17,-6.503619546467792,12
5796,65,66,55,39,-6.5120252706716855,27
5797,66,20,60,13,-6.515171561917174,7
5798,91,14,15,7,-6.516506116971912,7
5799,12,16,98,10,-6.517291711023471,6
5800,64,16,44,10,-6.52641817446092,6
5801,38,12,102,9,-6.529266346603467,3
5802,80,13,91,8,-6.531108694088667,5
5803,34,14,94,8,-6.531647534575399,6
5804,37,63,87,38,-6.5329504175110396,25
5805,13,48,81,30,-6.534046463710119,18
5806,77,30,39,17,-6.543255167179637,13
5807,112,16,58,9,-6.5464579572728105,7
5808,23,32,106,17,-6.549055396089183,15
5809,65,15,85,9,-6.556919781757102,6
5810,97,26,55,16,-6.559887224901373,10
5811,19,22,64,15,-6.560999233342088,7
5812,30,15,112,10,-6.562692428407155,5
5813,91,15,74,9,-6.5630560139016625,6
5814,63,31,75,18,-6.570041946714361,13
5815,114,26,53,15,-6.571088082289223,11
5816,60,33,49,20,-6.571608518361558,13
5817,57,28,84,15,-6.577348977317856,13
5818,101,11,27,7,-6.582303845846215,4
5819,73,29,86,16,-6.584732384148774,13
5820,3,33,49,19,-6.592008597219499,14
5821,63,31,64,18,-6.59535199444016,13
5822,90,14,41,8,-6.596764805214359,6
5823,13,16,73,10,-6.598047492921338,6
5824,19,52,87,32,-6.602147724517375,20
5825,13,52,71,30,-6.60226683262218,22
5826,35,25,11,15,-6.6098986532599575,10
5827,29,15,70,8,-6.61208942766715,7
5828,64,18,70,12,-6.615054052504195,6
5829,77,12,102,7,-6.618078815941925,5
5830,30,14,23,8,-6.618468991829204,6
5831,68,21,20,12,-6.6191366303749914,9
5832,5,48,25,29,-6.626414170343123,19
5833,51,102,39,61,-6.628453471772385,41
5834,63,29,98,17,-6.629039814212707,12
5835,13,43,47,26,-6.6302542913878515,17
5836,37,22,39,13,-6.6321566948630455,9
5837,77,29,49,19,-6.634323972200783,10
5838,65,30,4,18,-6.635600395573754,12
5839,71,16,74,9,-6.635644376222863,7
5840,51,51,76,32,-6.6431414983377675,19
5841,87,60,68,36,-6.645245148796491,24
5842,5,26,32,16,-6.647447060451904,10
5843,37,19,71,11,-6.653996053488668,8
5844,71,11,83,6,-6.6562053803338666,5
5845,80,13,19,8,-6.657036501175087,5
5846,54,20,85,13,-6.664179187550934,7
5847,88,15,14,9,-6.66936824683007,6
5848,86,34,34,20,-6.674360500745735,14
5849,68,31,23,17,-6.676959480055372,14
5850,31,38,64,23,-6.680717740842573,15
5851,98,24,11,14,-6.689063597940289,10
5852,87,27,108,16,-6.694313772581368,11
5853,23,25,63,16,-6.701335055503617,9
5854,87,114,16,69,-6.703002606566826,45
5855,74,15,83,8,-6.7032980304888605,7
5856,97,35,28,22,-6.716635909782018,13
5857,94,13,103,7,-6.717236128190118,6
5858,95,13,14,8,-6.73140528118727,5
5859,96,38,74,24,-6.731828732252366,14
5860,69,20,15,13,-6.736896270525394,7
5861,19,16,104,10,-6.74217179249715,6
5862,74,23,100,14,-6.742923050259366,9
5863,68,13,45,8,-6.747691137383074,5
5864,71,10,94,6,-6.748460655059326,4
5865,109,27,63,15,-6.749986635160675,12
5866,50,17,33,10,-6.750798742645289,7
5867,63,64,51,36,-6.75372645182253,28
5868,96,82,86,50,-6.757041595559339,32
5869,42,10,8,5,-6.780541784776636,5
5870,108,15,79,10,-6.783855393965386,5
5871,87,29,80,18,-6.78798453778918,11
5872,38,14,2,8,-6.79244823778732,6
5873,49,16,28,9,-6.801284823553006,7
5874,108,14,28,8,-6.806119384401873,6
5875,28,21,14,14,-6.807027415542907,7
5876,102,22,50,12,-6.809919414830618,10
5877,4,13,56,7,-6.8162735158796925,6
5878,31,69,68,41,-6.821634358561019,28
5879,106,25,95,16,-6.830338155584791,9
5880,29,15,20,9,-6.832826874702709,6
5881,47,28,75,19,-6.839491111976111,9
5882,51,99,7,62,-6.849475435937795,37
5883,68,36,11,21,-6.855439241001142,15
5884,86,47,41,30,-6.858675087687558,17
5885,4,43,60,24,-6.864343045215707,19
5886,69,19,29,11,-6.870269758663408,8
5887,38,12,34,8,-6.871444823359393,4
5888,91,43,16,28,-6.876030290903078,15
5889,99,15,106,10,-6.882359612487443,5
5890,15,28,29,17,-6.882712695666235,11
5891,112,17,18,11,-6.8872676099947565,6
5892,67,13,88,9,-6.891493842154362,4
5893,62,33,107,18,-6.902263747551282,15
5894,68,21,58,13,-6.9046526848664955,8
5895,29,17,28,10,-6.905526522456791,7
5896,40,39,87,22,-6.915208460636838,17
5897,88,12,99,7,-6.939131232028662,5
5898,50,33,60,18,-6.944865376684981,15
5899,88,20,58,12,-6.951724289335951,8
5900,51,25,4,16,-6.952578906103848,9
5901,55,30,109,16,-6.952801077513015,14
5902,63,20,90,12,-6.95733483322537,8
5903,50,19,91,12,-6.959059467736709,7
5904,104,18,32,12,-6.959225086389552,6
5905,39,15,111,9,-6.9608600117118025,6
5906,87,22,102,14,-6.961827622477074,8
5907,36,34,16,21,-6.9623095532486765,13
5908,97,23,18,14,-6.9651635757198616,9
5909,68,22,29,14,-6.975698761703104,8
5910,43,22,57,15,-6.979538883847616,7
5911,6,12,15,8,-6.9844847610743175,4
5912,30,30,53,18,-6.98498975026545,12
5913,55,20,17,11,-6.987444025974708,9
5914,13,24,111,13,-6.9889422498925144,11
5915,5,15,62,9,-6.992708759597398,6
5916,87,21,4,14,-6.993636995986404,7
5917,37,26,30,17,-6.9952716221417335,9
5918,9,25,76,16,-7.003638818234504,9
5919,69,13,40,9,-7.006717860168273,4
5920,102,26,100,17,-7.010528546414988,9
5921,38,25,63,17,-7.013791456544735,8
5922,92,16,51,9,-7.0168491500307955,7
5923,53,27,87,15,-7.022639512769472,12
5924,40,15,95,9,-7.026458120737084,6
5925,51,114,86,66,-7.029974414103492,48
5926,43,10,80,6,-7.031005677454653,4
5927,27,19,37,12,-7.034792767414977,7
5928,60,18,94,11,-7.0351599724686675,7
5929,114,11,72,6,-7.039741382461145,5
5930,94,29,30,17,-7.046346615387436,12
5931,36,18,99,12,-7.061516094995867,6
5932,25,50,37,29,-7.070541112352608,21
5933,53,10,85,7,-7.078145746437185,3
5934,3,27,104,17,-7.08628040850776,10
5935,45,10,1,6,-7.100044646871245,4
5936,54,32,100,20,-7.1062650526850275,12
5937,55,51,40,32,-7.109300201154281,19
5938,106,64,13,39,-7.112707704477981,25
5939,7,33,45,20,-7.1141476412284765,13
5940,83,30,86,20,-7.11486297608935,10
5941,35,10,57,7,-7.121001943594234,3
5942,107,12,67,8,-7.124134838046413,4
5943,93,12,13,7,-7.127658172301537,5
5944,63,77,16,47,-7.128365700865015,30
5945,38,11,62,7,-7.131662703916967,4
5946,58,14,30,9,-7.134101849433167,5
5947,15,39,27,22,-7.136849333340006,17
5948,68,28,97,17,-7.141635420047944,11
5949,78,13,33,8,-7.142209395263028,5
5950,69,12,111,7,-7.144443379259749,5
5951,51,26,97,17,-7.145200913148903,9
5952,37,14,29,8,-7.147246302868524,6
5953,3,25,114,16,-7.152889180930057,9
5954,30,13,80,8,-7.153305949978551,5
5955,108,18,19,11,-7.157387609947199,7
5956,48,13,69,7,-7.158814996268279,6
5957,60,23,17,14,-7.159951280063793,9
5958,76,39,16,21,-7.164960603305953,18
5959,19,15,40,10,-7.165223067658172,5
5960,14,14,86,8,-7.166696838482465,6
5961,57,19,114,12,-7.1681797791764685,7
5962,61,13,30,8,-7.169715355965246,5
5963,112,16,36,10,-7.175574629533444,6
5964,29,24,98,15,-7.180316216962129,9
5965,43,41,107,25,-7.18538894919688,16
5966,43,15,112,9,-7.1893251112725824,6
5967,88,48,63,31,-7.199538990307215,17
5968,52,22,86,14,-7.203855363753252,8
5969,93,14,98,8,-7.212314028509714,6
5970,90,15,30,9,-7.212567303813307,6
5971,12,19,103,10,-7.213680669512279,9
5972,46,49,16,31,-7.21524117201606,18
5973,88,127,16,79,-7.222671198691881,48
5974,30,16,114,9,-7.223280031087748,7
5975,40,27,114,18,-7.240772461331045,9
5976,107,40,48,24,-7.241941399148153,16
5977,87,29,34,18,-7.243810943600302,11
5978,5,14,31,9,-7.246607645789557,5
5979,8,42,13,26,-7.249552270590034,16
5980,96,12,69,8,-7.252755690648866,4
5981,81,19,75,12,-7.259552889264537,7
5982,48,14,100,8,-7.263809625362945,6
5983,98,17,20,11,-7.267496359610289,6
5984,70,16,110,10,-7.267896542251019,6
5985,96,10,62,7,-7.268496266352457,3
5986,68,20,55,13,-7.2739791513354835,7
5987,49,45,107,28,-7.284676481696001,17
5988,29,16,97,10,-7.284915525257293,6
5989,17,18,23,11,-7.286484354574565,7
5990,54,18,2,12,-7.287492324178091,6
5991,40,31,43,18,-7.287691070183644,13
5992,98,27,5,16,-7.2988387616369135,11
5993,66,23,107,14,-7.314401309911108,9
5994,5,42,70,25,-7.323141246130925,17
5995,88,30,62,18,-7.323841783087015,12
5996,2,16,75,9,-7.332326563651876,7
5997,34,24,78,14,-7.336336560215487,10
5998,11,19,75,11,-7.336654356306241,8
5999,104,41,40,26,-7.342291894534158,15
6000,114,18,23,12,-7.3449426375970175,6
6001,8,45,109,26,-7.345721442245666,19
6002,58,25,16,16,-7.354299843099,9
6003,98,14,3,7,-7.365068031094144,7
6004,33,16,25,11,-7.365926272964513,5
6005,80,14,31,10,-7.367135464628979,4
6006,88,12,56,7,-7.371104573008601,5
6007,71,10,73,6,-7.37323406519455,4
6008,23,48,13,27,-7.373546879981892,21
6009,81,19,71,12,-7.374213709282576,7
6010,92,15,16,11,-7.376894869640721,4
6011,56,22,7,13,-7.387479337914442,9
6012,28,15,10,10,-7.394064388880875,5
6013,49,71,39,45,-7.394965855903047,26
6014,76,14,75,8,-7.401272000460671,6
6015,86,45,43,28,-7.401609422336478,17
6016,87,60,100,35,-7.404280823590366,25
6017,94,11,20,7,-7.404911652749632,4
6018,20,30,70,19,-7.408681007686707,11
6019,41,34,36,18,-7.412500474371832,16
6020,5,18,73,11,-7.416873021801379,7
6021,16,24,6,13,-7.439865172191105,11
6022,19,23,41,15,-7.4438169977660715,8
6023,49,22,34,13,-7.444592657229503,9
6024,71,12,11,7,-7.444969376445685,5
6025,70,12,100,7,-7.458777129644962,5
6026,80,11,27,7,-7.461746767808682,4
6027,53,12,45,7,-7.463487107897498,5
6028,39,18,110,12,-7.4641114165704305,6
6029,65,25,18,15,-7.4673190946756405,10
6030,36,14,70,8,-7.476080415111225,6
6031,76,15,71,8,-7.4875920550169335,7
6032,109,21,7,13,-7.49374057253885,8
6033,93,10,64,5,-7.507177747442427,5
6034,61,16,107,9,-7.509321940652875,7
6035,15,14,108,9,-7.510530648484563,5
6036,47,11,85,8,-7.514718359567318,3
6037,17,39,86,22,-7.514722263451874,17
6038,66,17,65,11,-7.515278237298981,6
6039,31,11,6,6,-7.520489323813347,5
6040,17,17,41,11,-7.526219064648916,6
6041,55,11,6,8,-7.526848268362221,3
6042,7,16,33,9,-7.5321884826380465,7
6043,77,15,17,9,-7.533332094576504,6
6044,55,22,34,13,-7.534603126846269,9
6045,46,10,85,7,-7.538229298143683,3
6046,69,28,78,17,-7.53947148992714,11
6047,55,74,16,47,-7.540678563620174,27
6048,103,20,39,12,-7.555167426699789,8
6049,76,18,34,10,-7.561119825945017,8
6050,45,19,60,11,-7.562934672858008,8
6051,49,23,75,14,-7.565086245339056,9
6052,74,18,34,12,-7.568277689397188,6
6053,12,37,100,22,-7.573615059890711,15
6054,112,31,53,17,-7.574348903828082,14
6055,77,25,12,15,-7.576465102864338,10
6056,114,31,28,18,-7.584853881328922,13
6057,36,10,72,6,-7.585561627806541,4
6058,103,24,11,16,-7.585830317962967,8
6059,57,36,11,20,-7.587225628637277,16
6060,84,18,103,10,-7.589982363677433,8
6061,36,20,18,12,-7.594902878501233,8
6062,7,30,37,18,-7.598616530184269,12
6063,9,49,16,32,-7.600694595422229,17
6064,69,32,60,18,-7.6138451240077565,14
6065,27,14,71,9,-7.620974472293361,5
6066,61,11,69,8,-7.63321647110431,3
6067,86,68,100,40,-7.636169972116549,28
6068,5,29,97,19,-7.6394183021151285,10
6069,60,11,70,7,-7.646435749026205,4
6070,31,13,33,7,-7.647223417443057,6
6071,60,39,104,27,-7.655966632440938,12
6072,66,11,104,8,-7.658809119364056,3
6073,112,29,27,18,-7.661494705671576,11
6074,104,16,34,10,-7.662001460915021,6
6075,77,26,41,17,-7.665671674519288,9
6076,96,24,37,14,-7.665844925696508,10
6077,38,29,37,18,-7.668156637885104,11
6078,9,38,8,21,-7.6727541362269935,17
6079,29,42,65,26,-7.6779960958605,16
6080,102,18,30,10,-7.681071626833282,8
6081,11,32,5,20,-7.687442157533872,12
6082,7,25,111,15,-7.690323425771979,10
6083,1,28,86,17,-7.696680317913665,11
6084,68,61,75,39,-7.698232004910779,22
6085,86,42,98,25,-7.705613124334453,17
6086,103,29,86,19,-7.7057047177208595,10
6087,96,21,114,13,-7.708209589747937,8
6088,27,29,72,17,-7.712316498929214,12
6089,39,98,16,60,-7.72023699614933,38
6090,104,17,78,11,-7.72449974280056,6
6091,101,14,16,9,-7.729447625525019,5
6092,72,12,76,8,-7.731997605583367,4
6093,29,18,46,9,-7.738693511487552,9
6094,29,20,49,12,-7.741005146754657,8
6095,84,11,44,6,-7.74146437073986,5
6096,111,10,30,7,-7.744421754490768,3
6097,68,29,28,19,-7.748993038967355,10
6098,51,19,111,12,-7.750696049131197,7
6099,11,38,100,24,-7.7524005573637345,14
6100,30,12,98,7,-7.753603265737282,5
6101,73,11,53,7,-7.756297558195459,4
6102,34,19,29,11,-7.7676165453340476,8
6103,114,14,92,10,-7.774797164908201,4
6104,81,18,114,10,-7.77743951670038,8
6105,87,62,27,38,-7.78270943135669,24
6106,111,10,47,6,-7.786638633209638,4
6107,31,31,107,16,-7.788469010128701,15
6108,3,31,19,19,-7.789818156079738,12
6109,78,11,108,7,-7.797957113003344,4
6110,110,12,114,8,-7.800316810979699,4
6111,94,17,3,10,-7.803158745647019,7
6112,9,42,87,25,-7.8031677450668315,17
6113,46,46,25,27,-7.8204011950255445,19
6114,108,14,54,10,-7.821734358546889,4
6115,17,22,5,15,-7.829641724195978,7
6116,43,58,13,33,-7.834617919431733,25
6117,93,16,70,10,-7.834949393241651,6
6118,1,20,114,13,-7.837742070296789,7
6119,66,13,11,7,-7.856337586346076,6
6120,91,26,106,17,-7.859341034872009,9
6121,35,12,44,7,-7.859665557157527,5
6122,2,30,28,19,-7.862984699152352,11
6123,53,26,27,17,-7.864216242382974,9
6124,90,25,114,15,-7.8701656835045455,10
6125,77,35,27,22,-7.8745216976485,13
6126,40,34,54,21,-7.877426017050995,13
6127,29,16,17,9,-7.89967630532443,7
6128,90,14,53,9,-7.9010322992925905,5
6129,31,11,78,6,-7.904414780494012,5
6130,38,13,71,9,-7.906029048659732,4
6131,82,10,88,6,-7.912578083642501,4
6132,33,13,30,9,-7.913395188124868,4
6133,3,27,78,16,-7.928627266128613,11
6134,103,16,78,12,-7.929047988565182,4
6135,2,12,30,7,-7.930773013016304,5
6136,71,19,98,12,-7.940784287039028,7
6137,34,15,102,10,-7.962391346680716,5
6138,39,21,23,13,-7.963088024258928,8
6139,50,44,75,29,-7.963443352466475,15
6140,61,10,58,6,-7.964357976226594,4
6141,68,20,34,12,-7.97804478331916,8
6142,84,28,5,17,-7.986435375626319,11
6143,3,19,20,12,-7.987586080022353,7
6144,40,16,98,9,-7.993416961646093,7
6145,96,19,102,12,-7.995631160966492,7
6146,88,42,39,26,-8.00437800921,16
6147,81,18,41,12,-8.009042710590085,6
6148,98,31,91,19,-8.010154956050261,12
6149,5,28,65,17,-8.01209130053563,11
6150,9,11,35,6,-8.012816785902416,5
6151,52,12,63,7,-8.01519600341839,5
6152,12,17,74,11,-8.01561317270324,6
6153,15,15,62,9,-8.02601563399492,6
6154,18,18,100,10,-8.035989461751754,8
6155,66,10,30,7,-8.038057442870677,3
6156,48,15,98,10,-8.040930745507076,5
6157,84,36,20,25,-8.048616703285953,11
6158,69,45,16,29,-8.054291070790876,16
6159,46,15,19,9,-8.056646218005667,6
6160,39,52,30,31,-8.057453800938962,21
6161,87,37,78,23,-8.058116178413245,14
6162,68,38,76,27,-8.067259765332084,11
6163,70,18,50,10,-8.072010588554928,8
6164,19,23,28,15,-8.074139814737283,8
6165,97,16,110,10,-8.077466293642962,6
6166,32,17,8,10,-8.079749532998788,7
6167,4,17,43,10,-8.083539648296876,7
6168,76,57,86,35,-8.085011849584903,22
6169,49,11,95,8,-8.09599863971906,3
6170,51,14,73,9,-8.097743889322738,5
6171,55,31,30,20,-8.098468910297383,11
6172,29,30,100,18,-8.110545199162953,12
6173,111,11,81,8,-8.120062859865858,3
6174,98,12,9,7,-8.123745049728663,5
6175,110,11,20,7,-8.125291114928709,4
6176,55,36,50,21,-8.131693382626928,15
6177,102,24,107,14,-8.132228988483364,10
6178,107,14,56,8,-8.14241374429404,6
6179,112,10,4,6,-8.145974306589785,4
6180,38,18,12,11,-8.148426278473254,7
6181,8,31,68,19,-8.152272734975396,12
6182,20,17,33,11,-8.15792468553464,6
6183,49,19,72,12,-8.165643444811542,7
6184,78,46,27,31,-8.177796012112763,15
6185,87,53,7,34,-8.18693322227242,19
6186,40,16,92,10,-8.191919233506125,6
6187,39,25,74,15,-8.195535087876934,10
6188,51,42,64,26,-8.201880887276834,16
6189,27,76,16,48,-8.208343393350663,28
6190,15,12,34,8,-8.21712681074699,4
6191,40,14,112,8,-8.221202026655064,6
6192,71,10,99,6,-8.224966300288866,4
6193,106,21,69,13,-8.230262561693126,8
6194,1,18,75,12,-8.241769187322507,6
6195,76,10,93,6,-8.25053412937542,4
6196,15,29,8,17,-8.254756555500954,12
6197,14,12,37,7,-8.266467835075428,5
6198,91,18,41,12,-8.276671952774398,6
6199,106,31,90,21,-8.283845461248367,10
6200,56,17,86,11,-8.300855291965847,6
6201,63,13,92,7,-8.301235837359338,6
6202,109,23,74,15,-8.306575916019817,8
6203,46,43,37,29,-8.306667442353499,14
6204,51,20,79,11,-8.309517555811905,9
6205,9,15,25,10,-8.323455878342044,5
6206,43,37,100,22,-8.326402551835553,15
6207,14,15,39,9,-8.331118383446638,6
6208,108,14,76,9,-8.33452707348594,5
6209,109,54,54,35,-8.336552490351867,19
6210,96,25,48,16,-8.343995751105185,9
6211,102,32,65,21,-8.353467426988889,11
6212,31,33,41,21,-8.353957395244581,12
6213,5,22,7,14,-8.357081514884822,8
6214,25,45,7,29,-8.372806618348298,16
6215,60,48,27,32,-8.376015772921443,16
6216,13,29,58,20,-8.381428024864281,9
6217,68,25,62,15,-8.382615098007266,10
6218,67,14,109,7,-8.410228891959633,7
6219,103,23,13,16,-8.418538595487915,7
6220,102,12,41,8,-8.421036787338002,4
6221,90,19,73,12,-8.42410199186246,7
6222,103,15,88,9,-8.430464226549896,6
6223,114,20,55,13,-8.432483182241098,7
6224,70,24,96,13,-8.43741799102626,11
6225,95,11,29,7,-8.438441558722086,4
6226,41,24,8,16,-8.446748885751395,8
6227,96,14,95,9,-8.450373982592186,5
6228,94,22,76,15,-8.458632259785002,7
6229,106,16,12,11,-8.461406597257817,5
6230,103,28,27,18,-8.462369908938333,10
6231,20,37,63,22,-8.464473402081476,15
6232,112,26,39,16,-8.464674026518868,10
6233,48,20,50,13,-8.466418162124782,7
6234,19,28,103,17,-8.46904787700572,11
6235,51,24,34,15,-8.469910228480797,9
6236,85,14,55,9,-8.476039600481299,5
6237,69,19,104,13,-8.491359963005362,6
6238,77,31,30,20,-8.492722562396102,11
6239,40,28,64,18,-8.496071624321132,10
6240,45,10,91,6,-8.504304930616431,4
6241,64,25,55,17,-8.512933226534457,8
6242,52,11,50,6,-8.515472572504802,5
6243,9,22,20,14,-8.515923532058862,8
6244,69,22,81,13,-8.51799786685539,9
6245,61,20,53,14,-8.524850655507475,6
6246,63,11,110,7,-8.534985747455591,4
6247,65,13,91,8,-8.541931736396268,5
6248,35,12,94,7,-8.545638882275085,5
6249,67,15,16,10,-8.550473387804702,5
6250,2,11,94,7,-8.550586885180524,4
6251,36,11,78,7,-8.552435160203325,4
6252,80,12,41,8,-8.558761558111065,4
6253,71,13,91,8,-8.567246551132914,5
6254,18,50,16,33,-8.56725315606728,17
6255,107,25,111,14,-8.570266784296766,11
6256,93,10,49,6,-8.572163796775678,4
6257,57,19,103,12,-8.574069971356533,7
6258,104,22,9,14,-8.574493523715214,8
6259,55,23,95,15,-8.575006509864881,8
6260,77,18,53,11,-8.57678025133704,7
6261,107,34,2,22,-8.596357154255273,12
6262,6,23,44,16,-8.597523681350717,7
6263,6,22,13,14,-8.600067561462975,8
6264,14,22,16,14,-8.606971231031414,8
6265,91,32,87,21,-8.611558511652303,11
6266,8,28,73,17,-8.656865963639591,11
6267,58,12,70,8,-8.66252309250944,4
6268,54,11,53,7,-8.670288326383611,4
6269,31,12,19,8,-8.676840084796208,4
6270,68,67,39,41,-8.679610428054557,26
6271,20,41,39,24,-8.683414479878408,17
6272,77,13,46,8,-8.692557302357292,5
6273,3,16,38,10,-8.700552917920668,6
6274,62,23,28,14,-8.703867920620004,9
6275,86,15,45,9,-8.710518828201984,6
6276,45,10,58,6,-8.721721801464438,4
6277,17,22,4,15,-8.727735068009611,7
6278,103,18,34,12,-8.732399245718993,6
6279,46,26,57,16,-8.73890097930274,10
6280,32,11,65,7,-8.739314169667134,4
6281,106,14,38,7,-8.745019433529976,7
6282,52,16,28,10,-8.757305556361812,6
6283,84,34,8,22,-8.76285424467774,12
6284,84,37,74,21,-8.764103490564016,16
6285,88,42,15,29,-8.764269632154088,13
6286,1,27,16,19,-8.777340054296332,8
6287,94,33,27,21,-8.781173446924036,12
6288,99,14,77,10,-8.784719144285264,4
6289,107,11,26,7,-8.789963547813732,4
6290,46,12,6,7,-8.79137101803374,5
6291,19,18,63,12,-8.792724982250471,6
6292,42,10,106,7,-8.802546839644405,3
6293,47,18,36,12,-8.810892372607714,6
6294,19,19,84,12,-8.81339664085273,7
6295,77,22,63,15,-8.819997532642512,7
6296,36,19,63,12,-8.822881427312195,7
6297,107,40,12,27,-8.830240406285608,13
6298,98,19,108,12,-8.831626423504039,7
6299,70,34,87,20,-8.840892511659126,14
6300,87,15,32,10,-8.844155029434871,5
6301,51,16,35,10,-8.849945437990394,6
6302,12,15,6,8,-8.87368712650089,7
6303,98,12,112,8,-8.873991556640123,4
6304,64,35,16,23,-8.874392886938713,12
6305,53,11,49,7,-8.876928289416249,4
6306,13,23,90,15,-8.883764352926047,8
6307,97,12,69,8,-8.888377862411462,4
6308,10,15,63,10,-8.910939208335906,5
6309,25,19,110,13,-8.91770167255822,6
6310,88,10,26,6,-8.919527282390273,4
6311,29,29,84,18,-8.921575167609983,11
6312,31,12,73,8,-8.93891957013575,4
6313,74,26,51,18,-8.938947542412071,8
6314,70,11,73,6,-8.941351293720283,5
6315,41,34,11,23,-8.953991407123155,11
6316,81,14,11,9,-8.967824856070829,5
6317,114,20,47,12,-8.969382880850311,8
6318,36,18,97,11,-8.970668153566258,7
6319,38,12,108,8,-8.987877726501685,4
6320,81,10,48,7,-8.989696104511102,3
6321,80,15,78,10,-8.990142670025016,5
6322,72,10,38,6,-8.999506480702252,4
6323,65,25,1,15,-9.00217902882169,10
6324,5,64,8,40,-9.002251377410767,24
6325,50,19,85,12,-9.007921978503544,7
6326,88,30,30,18,-9.008031571554385,12
6327,36,15,5,9,-9.008614310253616,6
6328,45,16,35,9,-9.040031591861498,7
6329,60,31,100,20,-9.061505094229702,11
6330,86,29,44,19,-9.073857704921483,10
6331,55,14,49,9,-9.07453979611351,5
6332,107,39,80,26,-9.074881524481428,13
6333,40,16,57,10,-9.07504759076948,6
6334,8,34,95,21,-9.079209474058969,13
6335,75,12,94,8,-9.08090116606965,4
6336,31,15,109,10,-9.113887572404181,5
6337,17,11,92,7,-9.114563540800479,4
6338,2,13,57,8,-9.119959996501732,5
6339,112,23,28,15,-9.120223564016392,8
6340,5,11,1,7,-9.143641454097294,4
6341,106,25,39,15,-9.155969378752738,10
6342,5,43,50,26,-9.15604936984071,17
6343,10,14,76,9,-9.15717818444399,5
6344,63,21,62,13,-9.161474645821354,8
6345,72,14,63,10,-9.168022793278993,4
6346,29,22,112,14,-9.17461030773198,8
6347,38,14,53,9,-9.179468731240128,5
6348,58,19,54,11,-9.183988111852093,8
6349,91,14,23,8,-9.188824217195526,6
6350,18,31,68,20,-9.190826393650623,11
6351,63,16,81,10,-9.193429569946275,6
6352,114,21,95,13,-9.195016624238175,8
6353,41,10,79,6,-9.204704069079497,4
6354,90,11,93,7,-9.204947446014167,4
6355,109,22,68,15,-9.205767765094535,7
6356,69,16,70,11,-9.22734622840158,5
6357,13,47,30,30,-9.230035525939986,17
6358,3,17,54,10,-9.232444908063064,7
6359,20,23,91,14,-9.233435902067155,9
6360,62,12,18,8,-9.234800982158575,4
6361,53,15,78,9,-9.245467105519944,6
6362,93,27,87,17,-9.265524424049662,10
6363,84,23,104,14,-9.266746412193928,9
6364,94,17,114,10,-9.267018335328505,7
6365,27,30,54,19,-9.269071237772646,11
6366,60,26,47,17,-9.272798561110864,9
6367,40,24,62,13,-9.275726600058688,11
6368,17,11,12,7,-9.294611804735958,4
6369,74,10,49,6,-9.302425288754321,4
6370,38,10,45,7,-9.31109379184883,3
6371,86,26,29,17,-9.312176261822101,9
6372,9,30,18,20,-9.325317307118524,10
6373,84,10,77,7,-9.326879307665173,3
6374,81,13,54,8,-9.33569894630605,5
6375,87,20,1,12,-9.344990956449259,8
6376,28,12,26,8,-9.352858082446945,4
6377,12,19,28,13,-9.36472715251189,6
6378,76,23,100,14,-9.372708881255944,9
6379,4,16,27,10,-9.378715415982098,6
6380,54,14,73,9,-9.382932635383147,5
6381,16,25,81,16,-9.384174025613891,9
6382,103,26,107,17,-9.385277654742342,9
6383,36,11,109,8,-9.390936468630551,3
6384,38,16,27,11,-9.401601002215303,5
6385,56,13,16,9,-9.403965360554952,4
6386,2,15,13,9,-9.422510080465477,6
6387,63,11,32,7,-9.44232166344675,4
6388,96,47,16,33,-9.462953828826512,14
6389,57,16,23,10,-9.474501256774843,6
6390,98,22,13,15,-9.474726692398676,7
6391,85,11,3,6,-9.478406721140287,5
6392,5,29,75,17,-9.487135559909316,12
6393,99,22,37,15,-9.502759058160704,7
6394,51,35,15,22,-9.503627084553731,13
6395,2,13,114,8,-9.509158562417845,5
6396,80,14,90,10,-9.509239360264798,4
6397,69,13,33,8,-9.51115802646404,5
6398,36,17,8,11,-9.51236026695053,6
6399,64,14,62,8,-9.515284324050942,6
6400,25,32,20,21,-9.520523686179047,11
6401,31,22,1,13,-9.525804060927038,9
6402,97,11,92,6,-9.525917165548371,5
6403,75,11,20,7,-9.527707505687728,4
6404,107,25,33,15,-9.539564483245073,10
6405,34,13,18,9,-9.550016463821066,4
6406,3,17,17,10,-9.55033737225928,7
6407,13,23,26,16,-9.562123129591571,7
6408,31,28,27,16,-9.569633624787402,12
6409,7,20,73,12,-9.582485903794176,8
6410,43,21,54,13,-9.585604342831406,8
6411,31,10,92,6,-9.586105290347549,4
6412,108,19,48,13,-9.586410616395145,6
6413,53,13,8,9,-9.596286006275319,4
6414,10,15,16,10,-9.607669865815328,5
6415,104,11,72,7,-9.607945163400757,4
6416,84,18,83,11,-9.609473734372155,7
6417,8,14,99,8,-9.611065592860319,6
6418,109,17,70,11,-9.623350653501724,6
6419,39,44,18,29,-9.631462427764962,15
6420,53,23,41,15,-9.631953807885303,8
6421,8,40,75,27,-9.637059553855455,13
6422,114,10,22,5,-9.649313306364826,5
6423,46,41,74,27,-9.651769490532573,14
6424,88,11,21,7,-9.65721273441522,4
6425,71,12,100,8,-9.660687520316314,4
6426,60,47,64,32,-9.661747726131635,15
6427,65,18,79,11,-9.675692837298339,7
6428,112,22,88,14,-9.681832903230308,8
6429,114,34,8,23,-9.699231858321156,11
6430,48,10,2,7,-9.702269151070572,3
6431,111,18,28,12,-9.712251206209237,6
6432,8,15,52,10,-9.715026692600484,5
6433,37,12,78,8,-9.719307443467276,4
6434,89,13,48,10,-9.72016162500569,3
6435,31,19,43,9,-9.72085277355369,10
6436,3,57,13,38,-9.732565767154375,19
6437,84,52,63,32,-9.747162233837335,20
6438,53,14,15,9,-9.75938988218119,5
6439,93,46,65,28,-9.761587206731543,18
6440,51,30,95,21,-9.770011754426973,9
6441,83,24,37,15,-9.78372636697842,9
6442,93,10,62,6,-9.798162399200411,4
6443,62,16,114,10,-9.799890996069497,6
6444,109,21,53,14,-9.80472277411344,7
6445,70,10,111,6,-9.807746966138032,4
6446,55,20,27,14,-9.808864964478703,6
6447,18,24,106,16,-9.811498602513076,8
6448,79,18,104,11,-9.811537818194267,7
6449,48,40,63,26,-9.811551158222231,14
6450,17,24,40,16,-9.815776001763272,8
6451,109,40,11,27,-9.818197495918092,13
6452,109,12,81,8,-9.819741316945185,4
6453,15,16,12,10,-9.822957668607778,6
6454,57,13,54,10,-9.824315369895022,3
6455,69,17,47,11,-9.824856595944091,6
6456,109,19,75,13,-9.83076635543319,6
6457,47,17,9,11,-9.833363334347133,6
6458,98,10,53,6,-9.839111782848333,4
6459,3,10,74,7,-9.841517466916367,3
6460,33,26,51,19,-9.853114112635913,7
6461,31,32,9,21,-9.853659783790295,11
6462,57,14,38,8,-9.86255538369697,6
6463,27,12,22,8,-9.866452926590917,4
6464,71,15,17,9,-9.87407872077162,6
6465,16,20,110,13,-9.893450419413215,7
6466,83,14,11,10,-9.896151919094919,4
6467,79,13,15,8,-9.900324352891097,5
6468,68,21,103,13,-9.904114100948451,8
6469,60,34,54,23,-9.913747967452045,11
6470,70,18,30,11,-9.913973705469942,7
6471,57,11,1,7,-9.916035104284749,4
6472,2,10,95,7,-9.920312629990494,3
6473,29,15,75,9,-9.923300198268766,6
6474,90,14,46,9,-9.960134782518509,5
6475,109,12,91,8,-9.971568873148838,4
6476,61,15,6,10,-9.976861344972216,5
6477,12,21,53,13,-9.979940044053077,8
6478,109,14,93,9,-9.98706709916127,5
6479,65,25,95,16,-9.987438820754926,9
6480,71,23,104,14,-10.004145398382484,9
6481,63,19,111,12,-10.01291034850113,7
6482,57,19,76,13,-10.02019313359368,6
6483,75,39,28,26,-10.021801272184058,13
6484,37,16,89,9,-10.02210147471719,7
6485,84,27,30,19,-10.023299208241367,8
6486,72,21,28,14,-10.026127135244147,7
6487,107,13,110,9,-10.034721322746929,4
6488,3,10,70,7,-10.036631807498473,3
6489,66,14,87,9,-10.045799735479147,5
6490,19,21,34,14,-10.046525413696886,7
6491,38,10,44,7,-10.048373138060265,3
6492,10,16,107,10,-10.056408787562024,6
6493,40,18,73,12,-10.060776256522114,6
6494,83,23,13,15,-10.067954696106945,8
6495,69,37,49,22,-10.076509248182438,15
6496,49,16,40,10,-10.077718304922938,6
6497,54,21,71,13,-10.113144202991709,8
6498,36,36,53,25,-10.114732824687984,11
6499,29,11,74,7,-10.117149758840515,4
6500,114,12,78,7,-10.123963867745248,5
6501,31,37,53,23,-10.136338371296794,14
6502,23,11,96,7,-10.143008283174428,4
6503,68,16,92,11,-10.147306838487292,5
6504,103,15,49,9,-10.148783757975783,6
6505,49,27,98,18,-10.169586744689953,9
6506,9,12,6,7,-10.175309866966636,5
6507,48,14,90,9,-10.193948361787585,5
6508,33,13,71,9,-10.195530501937558,4
6509,49,23,41,15,-10.197367127109926,8
6510,2,15,98,9,-10.19860338932166,6
6511,37,42,97,28,-10.199316810918765,14
6512,104,19,90,12,-10.205908373136614,7
6513,39,24,91,16,-10.206322081312438,8
6514,109,42,107,28,-10.207364620313752,14
6515,31,17,30,10,-10.214096274935347,7
6516,12,28,78,20,-10.221320945148182,8
6517,79,12,75,8,-10.235318929578343,4
6518,106,16,67,10,-10.25216143423421,6
6519,76,33,23,21,-10.259651294452182,12
6520,3,16,47,11,-10.263621577333433,5
6521,3,33,30,23,-10.271953494822812,10
6522,68,22,72,15,-10.275897741373278,7
6523,112,24,60,16,-10.282975838759189,8
6524,107,23,45,15,-10.289536165233185,8
6525,76,39,63,27,-10.294441268951953,12
6526,12,31,94,19,-10.29560014445113,12
6527,13,11,101,8,-10.296727071239353,3
6528,13,34,108,23,-10.30458266228212,11
6529,88,43,53,29,-10.308417089519116,14
6530,19,44,27,30,-10.321934555240038,14
6531,28,37,74,24,-10.332746781815512,13
6532,1,13,37,8,-10.342164269053162,5
6533,54,48,37,32,-10.345446907641223,16
6534,102,16,40,10,-10.346146758066931,6
6535,27,15,17,9,-10.354549099588292,6
6536,7,10,94,7,-10.355621654064777,3
6537,12,24,104,16,-10.358875950961007,8
6538,88,39,50,25,-10.36486098410092,14
6539,18,49,13,32,-10.36629502959634,17
6540,69,24,63,16,-10.366973166191586,8
6541,91,36,63,25,-10.368824470659426,11
6542,55,16,15,12,-10.370537288257989,4
6543,68,14,108,9,-10.37834742902957,5
6544,93,16,106,10,-10.37915501513517,6
6545,35,26,76,17,-10.390096019432459,9
6546,11,18,49,12,-10.404879276914002,6
6547,29,35,60,22,-10.420897470065029,13
6548,39,16,44,10,-10.434810009571386,6
6549,46,15,78,9,-10.43532016213296,6
6550,9,17,43,10,-10.43571876790201,7
6551,94,10,77,7,-10.443428313097042,3
6552,112,28,64,20,-10.456743108722609,8
6553,23,20,55,12,-10.46287896462197,8
6554,43,18,49,12,-10.472136702675103,6
6555,49,14,94,10,-10.474432971630808,4
6556,9,27,64,19,-10.495957554452962,8
6557,36,27,27,17,-10.52334959933135,10
6558,97,19,71,13,-10.523533962196904,6
6559,77,19,72,12,-10.52685006813652,7
6560,3,26,28,17,-10.544965513227709,9
6561,79,13,19,8,-10.549815768045507,5
6562,40,17,28,10,-10.551622113062642,7
6563,12,11,20,7,-10.562633058497607,4
6564,9,15,95,9,-10.569002592922947,6
6565,75,26,104,17,-10.574353916694225,9
6566,91,31,7,22,-10.609100286101581,9
6567,103,13,28,9,-10.609246701939707,4
6568,103,11,48,8,-10.609852030111927,3
6569,70,10,15,6,-10.61151390325361,4
6570,3,10,80,6,-10.612199935723584,4
6571,91,12,69,7,-10.612845012106748,5
6572,16,11,26,7,-10.64146366009584,4
6573,33,17,63,11,-10.66390349401416,6
6574,36,13,43,8,-10.71355202500855,5
6575,111,11,54,8,-10.714143810197234,3
6576,47,20,11,14,-10.715683486679698,6
6577,87,46,43,31,-10.722076381983797,15
6578,17,22,53,15,-10.723383781136485,7
6579,11,10,23,7,-10.736120462067522,3
6580,91,12,11,9,-10.737589094202365,3
6581,60,19,5,13,-10.737943337535816,6
6582,12,33,60,19,-10.739930341878681,14
6583,108,14,106,10,-10.746780907865295,4
6584,43,24,55,18,-10.76556111180505,6
6585,7,11,59,8,-10.771239818059202,3
6586,19,25,7,18,-10.77597719817787,7
6587,15,25,43,17,-10.778927590194268,8
6588,91,25,55,18,-10.791612827626555,7
6589,75,12,85,9,-10.804683773311504,3
6590,81,17,106,10,-10.816681182916206,7
6591,65,26,38,16,-10.834638706827015,10
6592,13,22,44,15,-10.852020262338174,7
6593,114,31,87,19,-10.85579401864457,12
6594,67,17,86,11,-10.856458271232293,6
6595,81,33,51,21,-10.882761671799566,12
6596,106,13,79,9,-10.885501834452416,4
6597,9,22,48,15,-10.894666127588817,7
6598,3,21,72,13,-10.897361410959398,8
6599,86,37,102,25,-10.919714046293317,12
6600,66,10,78,6,-10.927212098742274,4
6601,28,48,63,33,-10.937243385325445,15
6602,60,15,103,10,-10.95534332940825,5
6603,20,40,50,27,-10.968930608298043,13
6604,88,19,102,14,-10.972125082564366,5
6605,97,25,13,16,-10.985857531237668,9
6606,110,20,51,14,-11.00014817045874,6
6607,19,22,72,15,-11.000548967504937,7
6608,3,26,40,18,-11.007177692487936,8
6609,71,13,15,9,-11.00914391321025,4
6610,92,14,41,9,-11.016394202336146,5
6611,57,22,79,14,-11.023600850861113,8
6612,66,13,7,8,-11.03456679955437,5
6613,104,25,49,17,-11.041712547533374,8
6614,84,10,47,7,-11.043789003229907,3
6615,32,17,16,11,-11.045561391190382,6
6616,114,12,32,8,-11.045874107216173,4
6617,1,39,55,27,-11.047135752371084,12
6618,11,11,99,7,-11.04788337752713,4
6619,89,21,41,15,-11.09646589284071,6
6620,32,13,74,9,-11.101664191982367,4
6621,70,15,46,10,-11.123543654837011,5
6622,1,13,78,9,-11.156578268103178,4
6623,38,18,11,12,-11.204555428907177,6
6624,1,11,89,7,-11.209011069389929,4
6625,46,12,100,8,-11.210309669403339,4
6626,3,15,25,10,-11.214634960222725,5
6627,96,20,46,12,-11.223825219116964,8
6628,68,25,25,17,-11.235607083018877,8
6629,70,11,83,6,-11.265042422069474,5
6630,7,52,75,35,-11.274663385996204,17
6631,65,50,100,34,-11.275226832418381,16
6632,55,14,2,9,-11.27681615957405,5
6633,91,20,30,14,-11.27948893827509,6
6634,27,11,111,8,-11.279710088837584,3
6635,61,10,75,6,-11.283854363299358,4
6636,5,10,80,7,-11.295210617596888,3
6637,96,25,7,18,-11.300422106484017,7
6638,20,12,64,9,-11.331308462604776,3
6639,44,15,104,10,-11.332078649569059,5
6640,112,11,108,7,-11.335603356831967,4
6641,102,15,75,11,-11.35790237245839,4
6642,78,28,39,19,-11.374922957505097,9
6643,91,17,43,12,-11.378756439291882,5
6644,57,22,65,15,-11.3825342300458,7
6645,106,66,16,46,-11.389696810454694,20
6646,38,11,4,8,-11.395009854616482,3
6647,75,10,73,5,-11.395199340418813,5
6648,109,27,30,19,-11.403472149040356,8
6649,54,39,75,25,-11.408133317564461,14
6650,18,17,47,12,-11.411676107822023,5
6651,12,26,41,18,-11.414617123719315,8
6652,68,18,50,11,-11.447393428752166,7
6653,104,16,62,12,-11.44853999785694,4
6654,49,35,100,23,-11.456244824909795,12
6655,106,41,114,27,-11.462749893343949,14
6656,27,34,104,23,-11.465054134307781,11
6657,58,14,49,9,-11.46784966027551,5
6658,15,14,48,9,-11.482791416530661,5
6659,37,12,68,8,-11.49658369134707,4
6660,75,14,98,9,-11.49709370731316,5
6661,89,12,19,8,-11.497390115995609,4
6662,18,10,108,7,-11.508388616511892,3
6663,65,11,35,8,-11.518581403700487,3
6664,81,15,7,9,-11.525413070422038,6
6665,7,12,110,7,-11.526061320417648,5
6666,84,12,18,8,-11.52667869126048,4
6667,9,21,11,14,-11.544909437581733,7
6668,41,30,100,20,-11.550572113391238,10
6669,46,14,53,9,-11.556347535591735,5
6670,3,13,108,9,-11.562059375800658,4
6671,87,13,21,9,-11.56318091799384,4
6672,71,10,111,7,-11.563837134119526,3
6673,104,16,36,10,-11.564722196156032,6
6674,104,12,93,8,-11.57701291373734,4
6675,39,15,90,10,-11.577976501423597,5
6676,70,23,11,16,-11.609570033059047,7
6677,38,17,75,13,-11.628826987325251,4
6678,110,10,11,8,-11.637838089699006,2
6679,40,12,100,8,-11.638460148115913,4
6680,83,17,107,12,-11.64452174042024,5
6681,81,10,8,7,-11.678569579324545,3
6682,28,23,34,16,-11.682170467841415,7
6683,96,13,91,9,-11.69285419312405,4
6684,37,17,49,11,-11.725281827231871,6
6685,69,12,34,10,-11.742698738008174,2
6686,102,17,63,11,-11.747209471298389,6
6687,103,10,58,7,-11.772908526311582,3
6688,62,10,112,7,-11.78047192200998,3
6689,54,10,44,7,-11.791894285038762,3
6690,40,21,8,15,-11.79192140237277,6
6691,91,10,53,7,-11.811611902058752,3
6692,77,31,104,21,-11.812621663747162,10
6693,109,11,92,8,-11.825872450184745,3
6694,64,10,74,6,-11.828764368523546,4
6695,86,17,92,11,-11.833574375075663,6
6696,107,48,57,32,-11.85507238795532,16
6697,9,31,15,18,-11.85639649993671,13
6698,12,11,79,7,-11.866943529008417,4
6699,62,12,43,8,-11.874169648552916,4
6700,94,26,39,17,-11.89290456729769,9
6701,57,26,70,16,-11.906585630472119,10
6702,31,18,98,11,-11.908816140421925,7
6703,77,17,71,12,-11.915487518479782,5
6704,49,19,48,14,-11.919274877330183,5
6705,65,46,114,30,-11.938229846486394,16
6706,81,13,28,9,-11.947384191502275,4
6707,18,27,95,18,-11.951490678023534,9
6708,77,15,37,10,-11.967604181160285,5
6709,55,18,102,12,-11.98386619497443,6
6710,19,17,17,12,-11.9971982095889,5
6711,39,22,108,14,-11.99851415989162,8
6712,29,16,64,12,-12.010507228979474,4
6713,5,32,102,21,-12.011851390558958,11
6714,81,29,87,18,-12.015356959966109,11
6715,104,12,1,8,-12.02010829271743,4
6716,46,20,30,14,-12.044164698044927,6
6717,103,15,72,10,-12.048234400131758,5
6718,89,10,10,7,-12.05123505380701,3
6719,63,18,1,11,-12.054495717242014,7
6720,62,22,74,15,-12.061308273026555,7
6721,3,20,53,14,-12.068087567340713,6
6722,23,22,49,15,-12.076835461637529,7
6723,35,11,8,8,-12.093356369533678,3
6724,43,23,30,17,-12.09351277368479,6
6725,4,10,15,6,-12.124220843420797,4
6726,109,19,57,13,-12.12921132196382,6
6727,37,14,34,10,-12.135815020075322,4
6728,96,40,11,27,-12.14102850879166,13
6729,70,22,2,14,-12.153236389251049,8
6730,41,23,111,15,-12.165817300484488,8
6731,99,21,107,14,-12.174640608684577,7
6732,35,11,75,8,-12.188091693345983,3
6733,92,10,49,6,-12.189632873694912,4
6734,84,35,11,24,-12.18991190656385,11
6735,11,15,2,10,-12.196157085843714,5
6736,109,15,72,11,-12.199392565133762,4
6737,13,11,42,8,-12.203174115394763,3
6738,106,11,78,8,-12.210243252742742,3
6739,37,19,64,13,-12.216856507558592,6
6740,43,19,75,14,-12.224767647713703,5
6741,60,22,74,14,-12.23030247671151,8
6742,28,13,43,8,-12.235475976434278,5
6743,29,11,58,8,-12.250932195859463,3
6744,39,10,32,7,-12.259008757767623,3
6745,88,19,73,13,-12.262693289910837,6
6746,41,13,34,8,-12.262731570966226,5
6747,60,18,37,11,-12.263894360602315,7
6748,39,21,109,15,-12.264003725130953,6
6749,81,15,40,11,-12.276802562895192,4
6750,18,15,69,10,-12.281407888329312,5
6751,19,29,51,21,-12.290136577107416,8
6752,77,30,100,21,-12.29767742568246,9
6753,88,18,98,13,-12.300728896947142,5
6754,96,29,98,20,-12.30166544531649,9
6755,94,34,13,23,-12.315280597409899,11
6756,97,12,67,9,-12.353467827440639,3
6757,12,14,75,9,-12.356839423121738,5
6758,109,10,35,7,-12.407562430544193,3
6759,50,17,36,10,-12.423703215189777,7
6760,58,27,65,18,-12.431650709075077,9
6761,87,31,98,22,-12.434583448192765,9
6762,37,14,18,10,-12.438833593443574,4
6763,87,29,79,21,-12.4549161785964,8
6764,88,88,13,62,-12.460305993563065,26
6765,92,15,64,8,-12.492372460791035,7
6766,11,33,104,23,-12.522578417808797,10
6767,3,30,84,19,-12.554534045985253,11
6768,71,18,41,13,-12.557773267008857,5
6769,35,12,3,8,-12.563400964105028,4
6770,51,21,2,13,-12.595923969105383,8
6771,102,12,15,9,-12.597866884640938,3
6772,108,24,53,15,-12.606603502458741,9
6773,48,20,74,12,-12.617131151527767,8
6774,85,20,39,13,-12.618845399489867,7
6775,78,20,76,15,-12.633094549652565,5
6776,38,13,100,10,-12.63848236927712,3
6777,57,23,7,14,-12.666461617234948,9
6778,5,15,48,11,-12.675358072710559,4
6779,31,13,104,8,-12.681964820727016,5
6780,63,40,80,28,-12.682443988429268,12
6781,31,76,13,51,-12.705633823012965,25
6782,106,24,46,15,-12.725492516069494,9
6783,49,13,80,8,-12.731038457974945,5
6784,106,14,33,10,-12.736963404825655,4
6785,36,10,95,7,-12.746346244298937,3
6786,1,15,100,10,-12.750379039232417,5
6787,64,14,109,8,-12.756972146613661,6
6788,51,21,80,14,-12.779249811641696,7
6789,25,15,49,10,-12.785517383168525,5
6790,11,14,108,10,-12.798974196396985,4
6791,89,13,63,10,-12.82812283251212,3
6792,103,13,50,9,-12.862167277055057,4
6793,65,21,2,16,-12.890027578518191,5
6794,109,19,17,13,-12.911257852793483,6
6795,47,14,78,9,-12.914558187890036,5
6796,94,13,9,8,-12.93687079343603,5
6797,76,16,74,10,-12.94370107525992,6
6798,12,15,114,9,-12.949509468076524,6
6799,85,11,41,7,-12.952472883327006,4
6800,60,29,91,19,-12.952631394075715,10
6801,106,19,98,13,-12.95487415033694,6
6802,84,10,92,6,-12.962976398847763,4
6803,77,19,98,14,-12.976710403080931,5
6804,94,17,85,12,-12.99160031268738,5
6805,77,23,8,16,-12.998028971879126,7
6806,12,14,9,10,-13.029002866437166,4
6807,47,14,55,9,-13.036465008068175,5
6808,109,25,15,19,-13.057625002721615,6
6809,72,13,57,11,-13.071458888669092,2
6810,57,15,75,11,-13.125107209592635,4
6811,90,10,57,7,-13.132689572016886,3
6812,37,28,95,21,-13.149042342745602,7
6813,37,43,11,30,-13.202018650997502,13
6814,54,18,36,12,-13.21774479827317,6
6815,11,23,95,17,-13.263288005084231,6
6816,99,12,7,8,-13.27451726078842,4
6817,46,43,104,29,-13.294982678813746,14
6818,106,19,64,13,-13.295192075566398,6
6819,1,14,8,10,-13.305141225086524,4
6820,88,20,80,13,-13.305539707805673,7
6821,19,17,9,12,-13.318120114033066,5
6822,18,16,11,11,-13.321280125838722,5
6823,102,13,29,10,-13.321878000516291,3
6824,32,11,55,7,-13.363639630093914,4
6825,48,14,17,9,-13.364907872446567,5
6826,35,12,104,8,-13.369677424437173,4
6827,103,14,109,9,-13.379278679742844,5
6828,19,15,18,11,-13.380338986795522,4
6829,48,11,62,7,-13.383804058498162,4
6830,84,15,71,11,-13.41321574412034,4
6831,45,10,27,7,-13.421070416218559,3
6832,112,11,91,8,-13.423237527272493,3
6833,53,15,75,10,-13.423496737137015,5
6834,68,16,61,11,-13.424919545398382,5
6835,70,13,34,9,-13.426554854854936,4
6836,32,12,25,7,-13.427877456338669,5
6837,45,15,23,11,-13.436468047997261,4
6838,53,19,43,14,-13.438033142991662,5
6839,35,15,36,11,-13.440272285829968,4
6840,51,24,94,17,-13.451133934243908,7
6841,69,24,27,16,-13.483104419153626,8
6842,108,12,84,9,-13.488009207908556,3
6843,63,32,30,22,-13.498171962188781,10
6844,112,13,55,10,-13.49840576791747,3
6845,29,27,13,18,-13.513958263485303,9
6846,6,10,80,7,-13.522871173076236,3
6847,12,15,30,11,-13.545717330650541,4
6848,84,19,41,13,-13.556150264603872,6
6849,74,10,15,7,-13.569326307429128,3
6850,60,18,34,13,-13.644836415292458,5
6851,108,12,8,9,-13.645968521702336,3
6852,25,10,92,7,-13.698642336458672,3
6853,5,28,57,20,-13.702708831126639,8
6854,31,25,63,18,-13.714594813504084,7
6855,27,10,97,6,-13.735152835550474,4
6856,88,37,95,26,-13.752013257016607,11
6857,57,17,62,13,-13.757275808574354,4
6858,85,11,87,8,-13.78530468452242,3
6859,77,24,43,17,-13.787519066665281,7
6860,76,19,7,12,-13.791356001018304,7
6861,112,11,97,9,-13.794615799527316,2
6862,112,14,38,11,-13.819485047030156,3
6863,112,18,47,12,-13.820833793363406,6
6864,103,17,55,13,-13.826956770005324,4
6865,57,12,47,8,-13.842676334165546,4
6866,103,30,100,21,-13.847875266312384,9
6867,72,18,39,13,-13.872487814202467,5
6868,89,18,27,13,-13.875961301826155,5
6869,50,19,53,13,-13.883151416746285,6
6870,83,21,16,15,-13.895144807658395,6
6871,3,31,63,24,-13.905152866710317,7
6872,112,10,25,7,-13.919292260310073,3
6873,112,11,37,8,-13.937736127059292,3
6874,20,14,60,10,-13.939926452860888,4
6875,69,19,75,14,-13.942304484906572,5
6876,71,24,40,17,-13.948125771645662,7
6877,109,29,114,22,-13.96133653890183,7
6878,75,12,111,8,-13.97228180941997,4
6879,9,31,41,22,-13.990507643067815,9
6880,41,11,6,7,-13.99218654178206,4
6881,39,11,45,7,-14.033377854173933,4
6882,77,29,40,21,-14.048771071022594,8
6883,68,31,100,21,-14.067965798054429,10
6884,38,22,104,15,-14.07147319115554,7
6885,9,10,90,7,-14.073147353965513,3
6886,3,32,100,23,-14.177671200718624,9
6887,66,12,58,9,-14.196057070749218,3
6888,75,10,72,7,-14.207053385683185,3
6889,46,18,50,12,-14.208875687593247,6
6890,7,17,61,11,-14.217702740281519,6
6891,48,13,72,8,-14.22664791418154,5
6892,62,14,12,10,-14.247970004836008,4
6893,17,11,83,7,-14.269615650014424,4
6894,18,15,23,10,-14.275894417804937,5
6895,112,10,48,8,-14.307464286387088,2
6896,102,11,46,8,-14.307494713152066,3
6897,57,12,31,8,-14.310689026630854,4
6898,86,25,26,19,-14.322036756570215,6
6899,10,10,54,7,-14.334784055636703,3
6900,83,10,40,8,-14.347262135245899,2
6901,81,15,100,10,-14.382694095158197,5
6902,90,16,20,11,-14.40477443227544,5
6903,70,26,108,19,-14.427393649276276,7
6904,14,11,80,7,-14.43534539519452,4
6905,35,13,97,10,-14.444551731599498,3
6906,5,12,44,9,-14.447481002517359,3
6907,35,13,63,9,-14.450412261730225,4
6908,2,10,73,7,-14.457830254043131,3
6909,76,10,80,7,-14.461464881129876,3
6910,25,12,34,9,-14.468789684868277,3
6911,57,21,34,15,-14.476694715496802,6
6912,97,15,38,11,-14.531013843539451,4
6913,49,15,47,12,-14.532787825231312,3
6914,50,19,80,15,-14.554439051919097,4
6915,99,12,50,8,-14.581629542155008,4
6916,66,10,39,7,-14.612542929328725,3
6917,109,34,27,23,-14.672056456650031,11
6918,19,16,55,11,-14.68778354720052,5
6919,78,19,17,13,-14.709203332504178,6
6920,83,19,114,14,-14.712530964906863,5
6921,77,28,7,20,-14.72949510503469,8
6922,31,10,100,7,-14.730848989291468,3
6923,48,15,78,11,-14.736137197437776,4
6924,102,11,90,6,-14.739148726840867,5
6925,106,14,32,11,-14.741977351969272,3
6926,25,26,11,20,-14.778705544740388,6
6927,89,11,7,8,-14.785043291363074,3
6928,35,11,102,7,-14.787485364380142,4
6929,38,13,87,9,-14.859584047072815,4
6930,94,42,16,31,-14.871920571902166,11
6931,88,18,111,14,-14.89137809160146,4
6932,44,10,49,7,-14.992301775479174,3
6933,22,12,13,9,-14.994671319317483,3
6934,75,10,45,8,-15.003649946946844,2
6935,99,18,25,13,-15.014737107768294,5
6936,81,18,49,12,-15.043369514696261,6
6937,93,10,38,6,-15.046407356806787,4
6938,20,17,34,13,-15.068240557725032,4
6939,50,19,77,15,-15.082093464135088,4
6940,29,10,71,8,-15.143188317628589,2
6941,54,31,48,22,-15.152035020388912,9
6942,77,11,54,10,-15.154916790692537,1
6943,91,13,76,10,-15.216447591134663,3
6944,46,14,93,11,-15.25112664035686,3
6945,94,12,104,9,-15.272338655973261,3
6946,2,15,100,10,-15.363858490781979,5
6947,18,11,5,8,-15.389394006883379,3
6948,94,15,62,11,-15.456678982493093,4
6949,107,25,73,17,-15.46067272069853,8
6950,39,12,2,9,-15.473797666414953,3
6951,84,23,112,17,-15.486639525748986,6
6952,31,15,69,10,-15.502962092044207,5
6953,104,20,64,15,-15.51526416011922,5
6954,66,12,13,9,-15.520614540867863,3
6955,5,21,23,16,-15.554175057753401,5
6956,90,10,100,8,-15.596895375105717,2
6957,45,14,4,10,-15.600891470448106,4
6958,69,10,23,8,-15.603167423944381,2
6959,85,11,106,8,-15.605731963514023,3
6960,97,13,90,9,-15.621888085765935,4
6961,97,12,14,10,-15.664913845649805,2
6962,77,17,15,13,-15.676504035867318,4
6963,51,23,72,16,-15.686011493569213,7
6964,112,14,15,10,-15.700949053545523,4
6965,51,20,45,15,-15.703190735785377,5
6966,80,13,75,10,-15.718052052365538,3
6967,35,12,80,9,-15.72406211872363,3
6968,96,16,93,12,-15.733194627661215,4
6969,94,13,17,9,-15.746212612138288,4
6970,28,13,110,9,-15.755425369009838,4
6971,93,11,30,8,-15.777207362300771,3
6972,17,22,95,17,-15.802621580377183,5
6973,76,14,15,10,-15.823118080936444,4
6974,41,12,15,9,-15.833444649300676,3
6975,28,29,90,22,-15.880089586771646,7
6976,57,18,94,13,-15.89183903704991,5
6977,9,30,53,22,-15.894615033798406,8
6978,70,13,80,11,-15.901333417895945,2
6979,37,14,15,11,-16.033544043199246,3
6980,5,18,41,12,-16.050377082501452,6
6981,112,15,71,11,-16.116875921028463,4
6982,46,13,98,9,-16.12835125202737,4
6983,102,10,43,7,-16.154622115934167,3
6984,60,16,102,11,-16.19908566021857,5
6985,58,25,86,19,-16.26853319646311,6
6986,80,12,34,10,-16.269229317512288,2
6987,33,16,65,12,-16.286121361101067,4
6988,85,18,30,13,-16.304609608829036,5
6989,98,17,109,13,-16.306862994782453,4
6990,14,12,25,10,-16.337614979675553,2
6991,2,19,104,13,-16.352388003055772,6
6992,57,22,100,16,-16.352929528191847,6
6993,83,13,27,11,-16.368092522641103,2
6994,43,11,110,8,-16.376498956572302,3
6995,40,10,29,8,-16.378294184390825,2
6996,63,14,14,10,-16.386711509096077,4
6997,43,13,45,9,-16.39462685745925,4
6998,103,13,74,10,-16.40982303219032,3
6999,39,19,99,15,-16.42872930905631,4
7000,37,11,19,9,-16.4401797639671,2
7001,55,15,14,12,-16.464885141480416,3
7002,87,10,61,7,-16.482333693393578,3
7003,31,46,16,34,-16.494251500601976,12
7004,29,17,109,11,-16.515354927424752,6
7005,64,10,66,8,-16.526342406123636,2
7006,79,12,17,9,-16.52858758988839,3
7007,68,22,95,18,-16.55020486315604,4
7008,36,10,101,8,-16.627946704419486,2
7009,69,23,53,17,-16.676579450904736,6
7010,112,28,78,21,-16.67914983172849,7
7011,71,15,95,10,-16.726754189945986,5
7012,83,13,23,10,-16.74470008954982,3
7013,77,38,16,29,-16.750541678773775,9
7014,41,20,30,15,-16.767826748629858,5
7015,76,10,1,7,-16.815372977495876,3
7016,69,14,72,11,-16.84337875889453,3
7017,46,14,18,11,-16.84517490405338,3
7018,29,27,88,20,-16.85204786067182,7
7019,10,12,37,8,-16.87706142806293,4
7020,10,12,13,9,-16.892767460419815,3
7021,41,10,22,8,-16.895138763704843,2
7022,57,18,29,14,-16.901122362734938,4
7023,46,12,43,9,-16.90387334173946,3
7024,112,19,20,15,-16.964936240764278,4
7025,31,10,38,6,-16.97274158238423,4
7026,102,11,48,9,-16.984312347736424,2
7027,37,13,73,9,-17.03246334806977,4
7028,1,14,18,11,-17.058153705270215,3
7029,9,29,27,21,-17.072056537621446,8
7030,2,11,60,8,-17.116843000088547,3
7031,23,13,72,10,-17.14817782244226,3
7032,5,22,27,16,-17.186967099907655,6
7033,106,10,35,7,-17.31905115685177,3
7034,35,10,60,7,-17.418126947264813,3
7035,29,10,80,8,-17.45720022045759,2
7036,83,11,110,9,-17.575104905290953,2
7037,70,12,48,9,-17.60881542858036,3
7038,67,10,20,8,-17.672455088050597,2
7039,9,12,108,8,-17.689021813252324,4
7040,3,11,5,7,-17.694163901939536,4
7041,51,23,90,18,-17.7178788097309,5
7042,55,12,44,9,-17.771847163193577,3
7043,5,18,30,15,-17.810533055025342,3
7044,35,13,48,10,-17.821530991658577,3
7045,88,17,32,13,-17.824594134673823,4
7046,114,11,111,8,-17.846918134233796,3
7047,41,10,35,7,-17.84884882348167,3
7048,30,15,95,11,-17.919901608832802,4
7049,76,21,54,16,-18.08934803214948,5
7050,62,17,78,13,-18.093769732536963,4
7051,54,10,67,8,-18.121548101252504,2
7052,12,14,55,11,-18.17466355866916,3
7053,109,16,12,13,-18.23652951665883,3
7054,43,12,81,9,-18.327617727929393,3
7055,6,11,19,8,-18.33570620434032,3
7056,13,20,80,14,-18.33580484931627,6
7057,54,12,34,10,-18.362976743969604,2
7058,31,15,106,11,-18.52908676481623,4
7059,109,14,19,11,-18.610693282372278,3
7060,12,10,45,8,-18.65380711999512,2
7061,57,16,112,12,-18.74164060463068,4
7062,28,17,99,13,-18.75458480836917,4
7063,102,12,27,10,-18.772173343475483,2
7064,29,14,72,11,-18.821794346434423,3
7065,33,20,55,16,-18.82593244000092,4
7066,97,12,34,9,-18.83120290818016,3
7067,4,13,98,11,-18.93649850914462,2
7068,106,11,89,7,-18.95338953455918,4
7069,106,10,92,8,-19.04169077246869,2
7070,18,14,99,11,-19.290873438644518,3
7071,36,19,30,17,-19.305297671687285,2
7072,29,11,114,8,-19.42881288570476,3
7073,6,11,30,9,-19.605882514870544,2
7074,5,11,64,9,-19.69819687485363,2
7075,31,11,15,8,-19.73878794252568,3
7076,32,12,95,10,-19.760326388824463,2
7077,97,13,73,9,-19.966763707753138,4
7078,54,17,4,15,-19.99443539185139,2
7079,35,16,87,12,-20.08799741691354,4
7080,84,12,7,10,-20.16090095994254,2
7081,68,38,112,30,-20.16144061217486,8
7082,34,10,64,8,-20.224712091526346,2
7083,103,10,75,9,-20.24199150509897,1
7084,12,10,26,8,-20.37973185640995,2
7085,10,11,30,9,-20.38962047667116,2
7086,94,23,81,17,-20.517798479805748,6
7087,94,12,48,10,-20.576242864974443,2
7088,108,13,114,10,-20.766174427392745,3
7089,3,18,48,14,-20.77461856356065,4
7090,68,11,90,9,-20.78795619801594,2
7091,3,17,75,14,-20.897191698320935,3
7092,10,14,112,11,-21.021770709139744,3
7093,10,16,51,13,-21.051824036569297,3
7094,112,16,80,12,-21.108795407964617,4
7095,31,11,76,10,-21.157211826935978,1
7096,51,11,101,9,-21.226620175614496,2
7097,4,13,25,11,-21.420042602463127,2
7098,4,15,41,10,-21.48059017391386,5
7099,62,12,34,10,-21.778436974548594,2
7100,31,12,62,9,-21.79094106777599,3
7101,38,12,55,10,-22.071024000200868,2
7102,97,12,91,10,-22.175648770183784,2
7103,1,10,3,8,-22.670516239418713,2
7104,91,17,104,16,-22.905675334222092,1
7105,57,14,26,11,-23.006782602638854,3
7106,8,11,4,10,-23.17790508365148,1
7107,77,19,75,16,-23.52836570307736,3
7108,42,11,104,10,-24.55480599508646,1
7109,33,11,100,10,-25.460296177649866,1
7110,106,10,49,9,-25.68163240192886,1
7111,89,14,11,13,-26.02844447551725,1
7112,38,10,69,9,-27.69592076147955,1
7113,61,10,98,10,-28.32332956610249,0
7114,23,13,90,12,-28.362481429909806,1
7115,90,10,109,10,-29.2714816942141,0
7116,37,11,44,11,-29.88349889925713,0
7117,102,17,112,16,-31.59305348177514,1
