,againstHero,games,hero,losses,shift,wins
0,44,11,37,0,29.883498899257123,11
1,112,11,102,1,29.817132660557686,10
2,90,13,23,1,28.3624814299098,12
3,75,17,77,2,26.826580833678786,15
4,26,12,57,2,24.80508950345583,10
5,75,16,3,2,24.194103806582213,14
6,73,12,97,3,24.10757303293757,9
7,34,11,97,2,24.058676404388496,9
8,112,11,57,2,24.035129593266095,9
9,12,11,109,1,23.647352995961203,10
10,15,10,31,2,23.609989871480266,8
11,4,11,8,1,23.177905083651492,10
12,80,14,112,3,22.742433885358178,11
13,29,12,57,2,22.398372618819636,10
14,91,12,97,2,22.175648770183788,10
15,62,12,31,3,21.79094106777599,9
16,41,15,4,5,21.480590173913868,10
17,25,13,4,2,21.42004260246313,11
18,90,20,51,3,21.39328709298296,17
19,2,16,51,4,21.322170492802822,12
20,104,16,91,1,21.319718278752113,15
21,112,13,10,3,21.23417972341476,10
22,110,10,43,2,21.055981543018305,8
23,76,10,19,2,21.00872666504985,8
24,19,17,107,2,20.876892056619624,15
25,55,11,38,2,20.87506721402826,9
26,90,11,68,2,20.787956198015944,9
27,30,10,93,2,20.554928098530844,8
28,48,11,35,2,20.438098241934792,9
29,64,10,5,2,20.375787318305825,8
30,51,15,10,3,20.332726180509006,12
31,100,11,77,2,20.22035050076885,9
32,7,11,84,2,20.072751797902637,9
33,85,11,94,2,19.99391792955888,9
34,27,13,69,3,19.988033088732543,10
35,95,12,32,2,19.760326388824463,10
36,100,19,68,5,19.724922124038784,14
37,94,12,57,3,19.62329924153807,9
38,101,10,51,2,19.538804927619935,8
39,27,25,9,6,19.431548104449664,19
40,86,19,58,4,19.384187711945845,15
41,30,19,36,2,19.30529767168729,17
42,114,10,108,3,19.30451384791422,7
43,100,11,81,3,19.298912104645595,8
44,99,14,18,3,19.290873438644514,11
45,4,16,54,2,19.2440876038421,14
46,17,10,79,2,19.14895530451652,8
47,100,10,2,3,19.14350422886928,7
48,92,10,106,2,19.041690772468705,8
49,98,13,4,2,18.936498509144613,11
50,2,10,11,2,18.923084797888755,8
51,55,11,47,3,18.857554518412744,8
52,99,17,28,4,18.754584808369174,13
53,16,19,77,4,18.736127046783515,15
54,50,15,68,4,18.68712791744929,11
55,34,13,57,3,18.630835458538126,10
56,47,10,49,2,18.58287080699567,8
57,45,11,43,3,18.574891926068155,8
58,106,15,31,4,18.52908676481624,11
59,65,14,33,3,18.51276218041885,11
60,48,15,9,3,18.472872872736897,12
61,49,14,81,4,18.46786281015852,10
62,5,10,18,2,18.464269170029823,8
63,109,10,103,3,18.37872283171988,7
64,79,11,57,3,18.14640267745942,8
65,90,28,28,6,18.060877876686437,22
66,78,22,112,5,18.00765085252849,17
67,55,18,33,4,17.969879843551904,14
68,95,21,68,3,17.962668451083438,18
69,55,16,43,2,17.887669395914717,14
70,13,11,22,2,17.88490511828995,9
71,111,11,114,3,17.846918134233796,8
72,32,17,88,4,17.82459413467382,13
73,69,10,8,2,17.824588271872045,8
74,30,18,5,3,17.81053305502534,15
75,44,12,55,3,17.77184716319356,9
76,112,32,68,7,17.735336321116534,25
77,5,11,3,4,17.694163901939547,7
78,110,11,83,2,17.575104905290946,9
79,23,14,18,4,17.468338798211544,10
80,55,11,19,3,17.435802328445057,8
81,30,13,3,2,17.37539590299365,11
82,45,10,39,3,17.32115834390289,7
83,35,10,106,3,17.319051156851785,7
84,48,10,3,3,17.214556941173633,7
85,63,12,35,3,17.190706154289504,9
86,27,22,5,6,17.18696709990766,16
87,41,28,9,7,17.159883472781484,21
88,60,12,20,3,17.12579419517071,9
89,60,11,2,3,17.11684300008854,8
90,80,17,13,5,17.063751983939074,12
91,18,14,1,3,17.058153705270225,11
92,48,11,70,3,17.04295857723929,8
93,43,11,46,3,16.991693442801246,8
94,77,16,50,3,16.97319460562341,13
95,38,10,31,4,16.97274158238424,6
96,20,19,112,4,16.964936240764274,15
97,13,12,10,3,16.892767460419815,9
98,38,14,97,3,16.838290194315167,11
99,95,14,30,4,16.836817117204568,10
100,1,10,76,3,16.815372977495876,7
101,95,15,71,5,16.72675418994599,10
102,30,12,41,4,16.67014747818193,8
103,101,10,36,2,16.6279467044195,8
104,100,14,57,4,16.51846150699967,10
105,80,17,88,5,16.47753804603461,12
106,14,15,55,3,16.464885141480416,12
107,15,14,109,3,16.44720740462248,11
108,11,25,25,5,16.429746187224733,20
109,61,16,7,5,16.42696802044795,11
110,30,12,79,3,16.40518046559389,9
111,103,16,68,4,16.281667488957137,12
112,53,21,69,6,16.247322250303586,15
113,76,10,79,2,16.246721403642802,8
114,43,10,102,3,16.154622115934178,7
115,23,12,83,3,16.123810814063006,9
116,71,15,112,4,16.116875921028473,11
117,8,20,77,5,16.11157045463716,15
118,15,24,9,8,16.097463611966127,16
119,41,18,5,6,16.05037708250146,12
120,51,10,19,2,15.984440942521672,8
121,14,13,63,4,15.961958621197992,9
122,80,13,70,2,15.901333417895936,11
123,53,30,9,8,15.894615033798411,22
124,43,12,28,4,15.894105628705272,8
125,30,26,13,8,15.883892019395324,18
126,76,11,91,2,15.872477419459232,9
127,41,15,12,4,15.852631956602023,11
128,99,18,39,4,15.84878961626863,14
129,16,45,31,12,15.837412153743443,33
130,76,11,78,2,15.811000042078588,9
131,95,22,17,5,15.80262158037718,17
132,75,12,12,4,15.785867542761377,8
133,15,10,37,2,15.78269510258246,8
134,75,10,35,2,15.755761764469415,8
135,7,20,57,7,15.746440629237663,13
136,30,14,43,3,15.738372858595184,11
137,93,16,96,4,15.733194627661211,12
138,37,14,77,4,15.73169378416834,10
139,80,12,35,3,15.72406211872363,9
140,75,13,80,3,15.718052052365534,10
141,8,13,1,3,15.702434313684373,10
142,15,23,51,7,15.696340054221967,16
143,15,11,63,3,15.683342037196233,8
144,87,13,35,4,15.683184050777024,9
145,65,23,58,7,15.653154983328356,16
146,90,13,97,4,15.621888085765939,9
147,106,11,85,3,15.60573196351404,8
148,4,14,45,4,15.600891470448106,10
149,23,20,5,5,15.563915929412016,15
150,104,12,31,4,15.561592201078605,8
151,25,11,14,2,15.536643242754739,9
152,37,11,10,4,15.516949569025604,7
153,89,10,106,4,15.508251121091039,6
154,104,18,2,6,15.503443707499333,12
155,69,15,31,5,15.502962092044205,10
156,112,22,84,6,15.486639525748984,16
157,74,12,103,3,15.463990000688314,9
158,73,25,107,8,15.460672720698525,17
159,49,14,25,4,15.43786379260084,10
160,98,12,46,4,15.381140721878971,8
161,84,27,3,9,15.37291614514667,18
162,18,13,37,3,15.368965567811566,10
163,103,14,17,3,15.36205523896765,11
164,61,15,68,4,15.24709195978541,11
165,100,32,65,7,15.220205062235209,25
166,100,13,11,4,15.179784599525844,9
167,41,17,71,4,15.16238863659133,13
168,30,13,94,4,15.134946215773814,9
169,34,11,70,3,15.101320383881482,8
170,111,10,69,3,15.0816233253005,7
171,81,17,94,6,15.053941840602283,11
172,25,18,99,5,15.014737107768298,13
173,45,10,75,2,15.003649946946844,8
174,98,11,77,3,14.971497492381289,8
175,55,10,112,2,14.907032679929213,8
176,8,10,108,2,14.883275708091887,8
177,110,12,28,4,14.860268273313302,8
178,29,15,68,4,14.842517688016263,11
179,34,11,80,2,14.83036003753827,9
180,15,13,76,4,14.81353391108204,9
181,51,24,81,8,14.806900687075016,16
182,75,36,54,11,14.806584486593527,25
183,29,20,19,5,14.803271488743173,15
184,57,10,2,3,14.75670329182861,7
185,32,14,106,3,14.741977351969275,11
186,27,21,109,7,14.741810222555548,14
187,100,10,31,3,14.730848989291463,7
188,114,19,83,5,14.712530964906872,14
189,9,10,94,4,14.704426445452436,6
190,69,13,18,4,14.69589661715718,9
191,104,14,79,5,14.675854986425783,9
192,3,10,35,3,14.67345115895829,7
193,94,14,51,4,14.642632531518043,10
194,14,11,97,2,14.634263785488013,9
195,88,22,29,6,14.584788845308772,16
196,50,12,99,4,14.581629542155014,8
197,74,19,62,5,14.57027413820892,14
198,108,11,9,4,14.533752266696009,7
199,73,12,37,4,14.533349572792922,8
200,13,12,2,4,14.516038794033767,8
201,111,10,27,2,14.504025956772896,8
202,45,18,51,5,14.493324057948724,13
203,34,12,25,3,14.468789684868277,9
204,73,10,2,3,14.457830254043136,7
205,44,12,5,3,14.447481002517355,9
206,97,13,35,3,14.444551731599502,10
207,80,11,14,4,14.435345395194508,7
208,108,26,70,7,14.42739364927628,19
209,40,10,83,2,14.347262135245902,8
210,7,27,77,8,14.33556677589385,19
211,80,37,63,10,14.322048676220186,27
212,108,10,112,3,14.316449946299116,7
213,31,12,57,4,14.310689026630849,8
214,47,15,112,5,14.309777431810545,10
215,80,18,50,4,14.309192739594003,14
216,46,11,102,3,14.30749471315205,8
217,34,12,37,3,14.30057126443514,9
218,20,15,3,4,14.188922367828338,11
219,41,11,80,3,14.18671629223256,8
220,49,13,112,4,14.107588631583395,9
221,27,16,78,3,14.073489954228481,13
222,62,12,57,3,14.067895538486148,9
223,40,29,77,8,14.048771071022596,21
224,69,11,91,4,13.993001551531528,7
225,111,12,75,4,13.972281809419963,8
226,40,24,71,7,13.948125771645659,17
227,91,11,109,3,13.946188604720339,8
228,75,19,69,5,13.942304484906579,14
229,37,11,112,3,13.937736127059294,8
230,34,14,68,4,13.903096130211466,10
231,54,17,76,5,13.892444764564262,12
232,53,19,50,6,13.883151416746285,13
233,34,21,8,6,13.81699567409245,15
234,98,17,31,6,13.805084918983171,11
235,13,74,31,23,13.800549608099516,51
236,97,11,112,2,13.794615799527321,9
237,97,10,27,4,13.735152835550483,6
238,63,14,33,4,13.733555706081617,10
239,63,25,31,7,13.714594813504092,18
240,63,22,3,5,13.713969327820672,17
241,104,14,44,4,13.703910249073422,10
242,92,16,86,5,13.67676060817369,11
243,49,11,18,3,13.655065375637422,8
244,93,12,46,3,13.65474091099076,9
245,87,12,38,4,13.643954945474073,8
246,38,10,3,3,13.612373842695769,7
247,15,10,74,3,13.569326307429137,7
248,49,21,104,6,13.546207868188585,15
249,64,18,104,5,13.54129056151704,13
250,7,11,66,4,13.514093541012448,7
251,16,34,94,9,13.508766109877152,25
252,26,24,86,6,13.454427406615018,18
253,102,17,55,5,13.448934349992445,12
254,36,15,35,4,13.440272285829963,11
255,23,15,45,4,13.436468047997268,11
256,25,12,32,5,13.427877456338663,7
257,75,15,53,5,13.423496737137006,10
258,91,11,112,3,13.423237527272482,8
259,104,12,35,4,13.369677424437178,8
260,55,11,32,4,13.36363963009391,7
261,16,18,83,5,13.351235477213141,13
262,87,28,114,10,13.329695440899371,18
263,18,12,46,3,13.322032493347338,9
264,47,16,18,4,13.317575135316673,12
265,78,11,47,4,13.31383796511697,7
266,50,17,46,6,13.310329365776974,11
267,72,11,23,3,13.303468387767726,8
268,64,19,106,6,13.295192075566398,13
269,7,12,99,4,13.274517260788409,8
270,102,31,5,10,13.269431869962297,21
271,95,23,11,6,13.26328800508424,17
272,11,39,96,12,13.25258237771624,27
273,95,36,88,11,13.24512473637818,25
274,8,16,41,4,13.244566662838952,12
275,36,18,54,6,13.217744798273172,12
276,11,22,70,6,13.174919150937761,16
277,95,28,37,7,13.149042342745604,21
278,83,10,70,4,13.118339150755117,6
279,98,12,88,3,13.09482237083463,9
280,114,13,12,5,13.087005723325442,8
281,84,11,108,3,13.07106461175519,8
282,28,21,112,6,13.067763256870427,15
283,43,15,91,4,13.046946068237395,11
284,80,11,30,3,13.03236389442298,8
285,30,18,77,5,12.982342846447986,13
286,91,29,60,10,12.952631394075715,19
287,34,14,51,4,12.934608487352977,10
288,41,13,84,4,12.931428566792913,9
289,20,20,9,6,12.923964780165193,14
290,18,10,19,3,12.906348402552078,7
291,98,12,75,4,12.900340980932176,8
292,34,10,49,3,12.890039581771168,7
293,2,21,65,5,12.890027578518202,16
294,63,11,19,3,12.824791428015688,8
295,54,12,81,4,12.757047966098476,8
296,95,10,36,3,12.746346244298937,7
297,114,27,109,7,12.737377288037612,20
298,33,14,106,4,12.736963404825662,10
299,46,24,106,9,12.725492516069492,15
300,111,16,88,4,12.710530076381987,12
301,48,14,5,4,12.657719903594751,10
302,30,18,63,6,12.599148649844985,12
303,58,15,39,4,12.586107695941518,11
304,57,27,5,8,12.572003913811171,19
305,98,27,87,8,12.540784384215351,19
306,54,14,58,5,12.535089602873327,9
307,75,27,5,10,12.535083552437033,17
308,55,12,103,3,12.517980336309982,9
309,80,10,49,4,12.50914199523895,6
310,58,22,69,8,12.496375023223692,14
311,60,13,48,4,12.430799804411976,9
312,36,17,50,7,12.423703215189779,10
313,104,39,46,13,12.353574327141933,26
314,67,12,97,3,12.35346782744064,9
315,34,13,104,4,12.352990002767113,9
316,78,10,20,3,12.337947782230119,7
317,78,11,114,4,12.319932318545474,7
318,47,24,60,7,12.306617941323184,17
319,98,29,96,9,12.301665445316493,20
320,58,12,112,4,12.274503829909492,8
321,39,16,85,6,12.259649528892556,10
322,32,10,39,3,12.25900875776762,7
323,71,11,84,3,12.255989147154674,8
324,48,27,54,9,12.230401373927076,18
325,74,22,60,8,12.230302476711508,14
326,75,19,43,5,12.224767647713705,14
327,43,14,9,5,12.224469441855378,9
328,78,11,106,3,12.210243252742755,8
329,7,18,76,7,12.19661731578168,11
330,109,18,39,5,12.189314131019263,13
331,107,21,99,7,12.174640608684571,14
332,2,22,70,8,12.153236389251056,14
333,19,11,31,3,12.140248760143196,8
334,92,12,63,5,12.136993324985582,7
335,1,12,12,4,12.121434397869615,8
336,104,22,27,6,12.118014964478201,16
337,60,23,112,7,12.10922209330929,16
338,8,11,35,3,12.093356369533685,8
339,34,14,20,4,12.080633416209027,10
340,30,18,91,5,12.061464887561753,13
341,1,18,63,7,12.054495717242014,11
342,1,12,104,4,12.020108292717422,8
343,15,21,87,7,12.012506408703718,14
344,109,11,98,3,11.980585816049416,8
345,37,16,60,6,11.9668638856867,10
346,50,11,72,3,11.966306538639385,8
347,104,14,81,6,11.956844186421009,8
348,78,30,51,12,11.956348023402207,18
349,53,10,54,3,11.951994898142782,7
350,95,27,18,9,11.951490678023532,18
351,114,46,65,16,11.938229846486395,30
352,109,11,29,5,11.905733206262543,6
353,62,18,63,6,11.898616241132697,12
354,90,18,104,6,11.89837391797068,12
355,104,28,77,9,11.87424672617717,19
356,20,12,29,4,11.85416559868577,8
357,34,16,87,5,11.849458777313126,11
358,74,34,28,11,11.834419909257846,23
359,78,10,37,3,11.831707242150298,7
360,63,47,28,14,11.8288664237163,33
361,74,10,64,4,11.828764368523546,6
362,43,12,77,4,11.82768859752857,8
363,28,16,111,5,11.82030122340792,11
364,78,10,46,4,11.816501815994842,6
365,83,10,17,4,11.812775268760372,6
366,53,10,91,3,11.811611902058761,7
367,8,21,40,6,11.791921402372775,15
368,44,10,54,3,11.791894285038754,7
369,91,12,65,4,11.784658313781675,8
370,17,18,109,6,11.781743441013703,12
371,55,37,1,11,11.76903355576794,26
372,43,18,53,5,11.762416104262291,13
373,16,11,67,3,11.761532223804268,8
374,49,19,69,7,11.74551816116658,12
375,11,34,84,11,11.737395009694307,23
376,100,15,102,4,11.724376607273166,11
377,91,13,96,4,11.692854193124042,9
378,34,23,28,7,11.682170467841415,16
379,98,11,48,3,11.678045251552971,8
380,100,12,40,4,11.638460148115906,8
381,15,21,18,6,11.590119158022436,15
382,72,16,68,5,11.581640635616752,11
383,90,15,39,5,11.57797650142359,10
384,33,15,50,5,11.568332857311571,10
385,108,10,11,3,11.565275419390533,7
386,36,16,104,6,11.564722196156039,10
387,111,10,71,3,11.563837134119533,7
388,74,15,76,6,11.544600382799558,9
389,17,19,60,6,11.54301249333872,13
390,7,15,81,6,11.525413070422038,9
391,53,19,3,6,11.503790428420068,13
392,57,19,63,7,11.49963226954776,12
393,47,14,81,4,11.445134927289029,10
394,114,39,106,13,11.417874917507987,26
395,29,10,95,3,11.401888238693152,7
396,76,23,35,8,11.396918545348738,15
397,4,11,38,3,11.395009854616484,8
398,107,14,10,5,11.38119632500004,9
399,104,21,71,8,11.370166649530528,13
400,76,16,49,5,11.350929735364778,11
401,64,12,20,3,11.33130846260478,9
402,13,75,88,24,11.322656510714445,51
403,50,38,20,12,11.31681648660145,26
404,28,19,72,6,11.306329036701383,13
405,7,25,96,7,11.300422106484014,18
406,80,10,5,3,11.295210617596885,7
407,2,14,55,5,11.276816159574059,9
408,75,52,7,17,11.274663385996204,35
409,28,10,103,3,11.258889995972657,7
410,90,12,48,4,11.252381363492233,8
411,87,29,70,11,11.250414739740135,18
412,107,16,83,5,11.249585120390279,11
413,40,13,81,4,11.249205674756393,9
414,95,28,51,8,11.244919045567018,20
415,75,17,109,5,11.242273446455997,12
416,38,12,112,3,11.230403622900138,9
417,46,20,96,8,11.223825219116966,12
418,73,13,51,4,11.219804453521853,9
419,98,18,106,6,11.217270403208776,12
420,25,15,3,5,11.214634960222732,10
421,100,12,46,4,11.210309669403356,8
422,89,11,1,4,11.209011069389932,7
423,11,12,38,4,11.200745679574924,8
424,30,19,69,7,11.191618960389253,12
425,43,16,4,6,11.162760468553993,10
426,55,13,85,4,11.149931721802192,9
427,75,16,38,4,11.14383618558865,12
428,46,15,70,5,11.123543654837002,10
429,27,20,84,7,11.118973426521963,13
430,27,16,19,4,11.110163799851561,12
431,74,13,32,4,11.101664191982366,9
432,78,13,80,4,11.097915766170063,9
433,75,13,29,5,11.096282078020437,8
434,99,11,11,4,11.04788337752713,7
435,32,12,114,4,11.045874107216177,8
436,53,41,88,13,11.023031682203495,28
437,41,14,92,5,11.016394202336144,9
438,98,10,68,3,11.014423279510455,7
439,15,13,71,4,11.00914391321026,9
440,56,13,107,5,11.000292497508868,8
441,51,20,110,6,11.000148170458745,14
442,104,17,38,6,10.999496940925102,11
443,70,24,57,10,10.99751468090858,14
444,103,11,19,4,10.993985389929145,7
445,50,37,88,13,10.986958086725295,24
446,41,10,100,3,10.96219617530149,7
447,11,14,9,5,10.959299620365583,9
448,89,10,13,4,10.939542022741618,6
449,73,17,5,6,10.907383059794872,11
450,102,10,35,4,10.903207987031468,6
451,63,20,69,6,10.901230458210245,14
452,111,21,41,8,10.875724405637953,13
453,71,16,77,5,10.872072685026803,11
454,37,46,54,15,10.870093974692763,31
455,30,11,2,4,10.820419515250846,7
456,15,33,88,9,10.816839587023418,24
457,106,17,81,7,10.816681182916202,10
458,55,25,91,7,10.791612827626562,18
459,59,11,7,3,10.771239818059199,8
460,63,11,72,3,10.764095493593645,8
461,27,27,31,11,10.758919665279384,16
462,11,24,68,9,10.754003487507697,15
463,53,23,108,9,10.749834986479383,14
464,13,45,18,16,10.738363532449275,29
465,54,11,111,3,10.714143810197228,8
466,43,13,36,5,10.713552025008548,8
467,30,23,84,7,10.710699208047561,16
468,76,30,68,7,10.70734350595971,23
469,51,25,74,7,10.704030149650722,18
470,48,32,107,11,10.694845948293114,21
471,38,12,57,5,10.682623087511102,7
472,65,29,29,11,10.675445820566951,18
473,5,25,98,9,10.66291868554062,16
474,30,15,11,5,10.649445970202313,10
475,30,20,64,7,10.642272986004784,13
476,98,18,71,6,10.627953776602759,12
477,16,12,101,4,10.622717697482882,8
478,48,14,108,4,10.620930026885901,10
479,7,31,91,9,10.609100286101588,22
480,26,10,28,3,10.592168464369761,7
481,60,24,12,11,10.587193690412056,13
482,41,14,3,3,10.577558575003673,11
483,95,15,9,6,10.569002592922953,9
484,71,19,54,7,10.563773271372229,12
485,28,17,40,7,10.551622113062637,10
486,65,18,57,6,10.545339365129468,12
487,86,16,56,5,10.543126647721753,11
488,58,18,13,5,10.538623477632353,13
489,63,12,66,4,10.5370312257094,8
490,71,19,97,6,10.5235339621969,13
491,27,27,36,10,10.523349599331352,17
492,89,14,37,6,10.519274673853001,8
493,77,25,51,10,10.516258457456905,15
494,63,49,84,18,10.498571963087883,31
495,64,27,9,8,10.495957554452968,19
496,75,14,102,4,10.47886729381523,10
497,81,11,27,4,10.477393451911677,7
498,75,35,8,11,10.477015226263449,24
499,23,12,77,4,10.472073733658851,8
500,41,16,49,6,10.465212157406025,10
501,6,10,31,4,10.459894630543896,6
502,64,25,112,7,10.447348803692252,18
503,44,16,39,6,10.434810009571377,10
504,95,19,114,7,10.422604339796184,12
505,110,11,7,5,10.422576579231729,6
506,13,20,29,8,10.404528641481372,12
507,75,13,57,4,10.387723743034115,9
508,106,16,93,6,10.37915501513517,10
509,9,12,12,4,10.366855545040103,8
510,94,10,7,3,10.355621654064773,7
511,53,16,77,6,10.347606271977277,10
512,40,16,102,6,10.346146758066935,10
513,16,26,1,7,10.345699287153877,19
514,37,13,1,5,10.342164269053148,8
515,13,27,94,9,10.330435007204882,18
516,7,24,19,7,10.325778739734247,17
517,54,19,43,7,10.322637569623126,12
518,107,29,31,13,10.30345756995746,16
519,30,11,102,4,10.296833808784982,7
520,45,23,107,8,10.289536165233189,15
521,85,15,50,5,10.26203922127155,10
522,77,12,99,3,10.252199704478638,9
523,67,16,106,6,10.252161434234207,10
524,78,17,8,6,10.247577324371015,11
525,16,44,18,14,10.239548895772598,30
526,28,27,68,8,10.229548768409218,19
527,39,16,78,6,10.227548099900046,10
528,63,35,91,11,10.225389928816243,24
529,30,17,31,7,10.214096274935343,10
530,25,24,68,8,10.211790433098953,16
531,10,14,28,4,10.207926130943799,10
532,11,36,37,12,10.20717474941383,24
533,91,24,39,8,10.206322081312438,16
534,76,14,94,4,10.204693879696782,10
535,114,16,57,5,10.202940786046575,11
536,27,18,77,6,10.202151664682363,12
537,48,24,96,8,10.200121519345739,16
538,98,15,2,6,10.198603389321667,9
539,71,13,33,4,10.195530501937561,9
540,79,18,87,5,10.192777584161155,13
541,97,41,37,14,10.190687502541845,27
542,17,16,78,6,10.186635949546748,10
543,76,13,57,4,10.181023937949497,9
544,89,13,104,5,10.17868688184359,8
545,6,12,9,5,10.175309866966636,7
546,43,29,86,9,10.173097117221216,20
547,92,16,68,5,10.14730683848729,11
548,96,11,23,4,10.143008283174426,7
549,53,37,31,14,10.136338371296793,23
550,92,10,109,3,10.132066653367776,7
551,50,20,102,8,10.118106239071224,12
552,53,21,17,7,10.11768769756885,14
553,53,36,36,11,10.114732824687987,25
554,18,24,8,7,10.103008591242306,17
555,89,11,74,4,10.093150392265771,7
556,23,17,17,6,10.090670558592322,11
557,107,16,103,5,10.088439090846336,11
558,27,22,57,9,10.084592148916819,13
559,79,12,106,4,10.079963228120917,8
560,40,16,49,6,10.077718304922938,10
561,13,12,79,4,10.072956753420838,8
562,13,23,83,8,10.067954696106945,15
563,63,31,76,10,10.049351171103778,21
564,80,19,51,7,10.049293803677342,12
565,44,10,38,3,10.048373138060269,7
566,110,13,107,4,10.03472132274693,9
567,11,14,18,5,10.031989827572826,9
568,95,25,65,9,9.987438820754939,16
569,73,18,88,6,9.974203425238965,12
570,69,22,68,8,9.966225512690015,14
571,63,45,88,14,9.955054334971098,31
572,19,11,78,4,9.954960930379912,7
573,72,15,51,6,9.937514477649751,9
574,87,20,81,9,9.92521789350872,11
575,95,10,2,3,9.920312629990502,7
576,8,23,15,9,9.913275414610844,14
577,107,21,102,8,9.900916609628295,13
578,11,14,83,4,9.89615191909491,10
579,100,11,38,3,9.89382268344099,8
580,18,39,39,13,9.885046818102031,26
581,2,17,54,5,9.883928701627934,12
582,100,26,54,9,9.876264305600081,17
583,17,15,71,6,9.874078720771614,9
584,76,12,18,4,9.847622493503502,8
585,53,10,98,4,9.839111782848335,6
586,16,12,10,4,9.837247209773244,8
587,30,36,39,13,9.824679959113928,23
588,54,13,57,3,9.824315369895016,10
589,104,25,75,9,9.822163907084754,16
590,40,24,17,8,9.815776001763279,16
591,29,13,93,5,9.815241351279962,8
592,64,17,37,6,9.810222324765896,11
593,62,10,93,4,9.798162399200404,6
594,63,11,61,3,9.795863144147216,8
595,65,40,93,16,9.79585778056327,24
596,11,11,71,4,9.793856230234496,7
597,40,25,3,8,9.786955757231253,17
598,37,24,83,9,9.783726366978417,15
599,30,12,52,4,9.763146241314214,8
600,63,35,48,12,9.759297495682487,23
601,100,11,70,4,9.741790049682665,7
602,86,21,52,7,9.734029946764755,14
603,89,13,16,5,9.733195931265595,8
604,16,16,32,6,9.72172092201369,10
605,43,19,31,10,9.720852773553682,9
606,85,13,13,4,9.717007051558657,9
607,75,18,11,7,9.71088785220573,11
608,102,33,86,11,9.70383463978044,22
609,30,45,107,16,9.678224594443884,29
610,100,12,71,4,9.66068752031631,8
611,111,16,63,6,9.656549842780759,10
612,41,15,17,5,9.654478177971624,10
613,22,10,114,5,9.649313306364819,5
614,48,23,79,8,9.646370149116427,15
615,109,36,8,14,9.641625939928552,22
616,93,10,104,4,9.637966581885273,6
617,41,23,53,8,9.631953807885303,15
618,70,17,109,6,9.623350653501726,11
619,76,16,9,5,9.621504571842449,11
620,99,14,8,6,9.61106559286031,8
621,83,18,84,7,9.609473734372159,11
622,103,14,79,5,9.602771532446159,9
623,8,13,53,4,9.596286006275326,9
624,80,14,39,5,9.589468521855673,9
625,11,25,109,8,9.585833860536326,17
626,73,20,7,8,9.582485903794176,12
627,64,44,60,14,9.569439655645416,30
628,13,24,97,9,9.567486234498416,15
629,60,29,69,12,9.553479216421117,17
630,17,12,27,5,9.53838970449605,7
631,78,19,69,7,9.536253263435638,12
632,106,13,108,4,9.535201707134298,9
633,78,12,1,4,9.531466280674074,8
634,1,22,31,9,9.525804060927038,13
635,20,32,25,11,9.520523686179052,21
636,18,27,9,9,9.520249042639604,18
637,57,37,107,14,9.515541127652218,23
638,8,17,36,6,9.51236026695053,11
639,90,14,80,4,9.509239360264802,10
640,114,13,2,5,9.509158562417847,8
641,90,21,13,7,9.506733485788097,14
642,37,22,99,7,9.502759058160713,15
643,11,10,94,3,9.501428180815385,7
644,37,29,7,11,9.500511382222342,18
645,102,13,60,5,9.490462801517765,8
646,70,10,58,3,9.487562225897108,7
647,75,58,68,19,9.486513066984084,39
648,16,47,96,14,9.46295382882651,33
649,102,12,17,4,9.460667678985603,8
650,17,10,94,4,9.449116979238093,6
651,27,32,60,10,9.444817966504301,22
652,32,11,63,4,9.44232166344675,7
653,64,14,92,7,9.432471863302014,7
654,100,11,76,5,9.416323869375232,6
655,100,14,84,4,9.414033228858957,10
656,108,15,39,6,9.406857006968854,9
657,63,25,109,10,9.392892060380623,15
658,48,13,51,6,9.391737592298234,7
659,109,11,36,3,9.390936468630548,8
660,78,24,16,9,9.377390397605096,15
661,80,33,107,11,9.376730084103613,22
662,41,16,77,5,9.374945974938667,11
663,104,21,84,8,9.37162724208143,13
664,87,14,33,5,9.358610632806945,9
665,23,12,50,3,9.354699302165745,9
666,28,29,2,10,9.34282167881126,19
667,53,20,12,8,9.33945038591408,12
668,111,15,51,5,9.328246716797016,10
669,103,12,84,5,9.324986639820777,7
670,76,11,48,3,9.32275185522147,8
671,50,17,70,7,9.316243790355681,10
672,37,17,27,6,9.314988662643295,11
673,15,13,11,5,9.314265162028605,8
674,86,15,67,6,9.30654184494345,9
675,100,17,18,7,9.297622647277194,10
676,63,19,77,6,9.291814452323939,13
677,60,25,29,10,9.283204942004181,15
678,29,15,27,4,9.2811135121499,11
679,75,13,93,5,9.279825087560205,8
680,27,20,53,6,9.279092932873041,14
681,20,16,90,6,9.25670480461804,10
682,78,15,53,6,9.245467105519944,9
683,41,29,104,12,9.232545203988776,17
684,70,16,69,5,9.227346228401574,11
685,64,11,81,4,9.217681779438383,7
686,16,19,14,7,9.215741001366093,12
687,13,19,6,7,9.21551599242718,12
688,27,15,4,6,9.214915067697104,9
689,93,11,90,4,9.204947446014161,7
690,2,12,40,4,9.204153353273352,8
691,73,17,40,6,9.199997222971483,11
692,15,13,91,6,9.175439096539632,7
693,92,15,40,5,9.168940871834318,10
694,86,30,48,11,9.16469180554466,19
695,16,63,106,21,9.160803291418002,42
696,50,43,5,17,9.156049369840707,26
697,9,16,47,6,9.146152811782594,10
698,16,40,9,13,9.142096271109022,27
699,60,25,81,9,9.119854252529585,16
700,91,22,20,9,9.11515023214943,13
701,92,11,17,4,9.114563540800457,7
702,109,15,31,5,9.11388757240418,10
703,58,20,68,7,9.097701878706363,13
704,95,34,8,13,9.079209474058969,21
705,44,29,86,10,9.073857704921485,19
706,28,34,75,12,9.068390514566694,22
707,30,11,61,4,9.067314274609851,7
708,78,13,43,5,9.06197930193436,8
709,10,12,87,4,9.060984306619423,8
710,35,16,45,7,9.040031591861501,9
711,68,49,87,18,9.026916198896792,31
712,75,18,100,8,9.024866169547831,10
713,30,16,70,7,9.016092338129877,9
714,5,15,36,6,9.008614310253613,9
715,47,14,69,5,8.984987738462353,9
716,28,15,52,6,8.975367013246691,9
717,97,18,36,7,8.970668153566264,11
718,47,20,114,8,8.969382880850322,12
719,43,16,84,6,8.968948746982855,10
720,28,11,32,4,8.963821007682872,7
721,73,12,31,4,8.938919570135752,8
722,13,22,84,7,8.92622496976615,15
723,11,10,91,3,8.923724837318142,7
724,26,10,88,4,8.919527282390282,6
725,110,19,25,6,8.917701672558222,13
726,89,15,107,5,8.908975430626485,10
727,7,20,109,7,8.9080321410632,13
728,15,14,55,4,8.90352085117802,10
729,13,35,3,11,8.889146842450907,24
730,69,12,97,4,8.888377862411462,8
731,44,20,13,7,8.886721786197054,13
732,49,11,53,4,8.876928289416245,7
733,23,16,12,6,8.872217683410865,10
734,3,11,98,5,8.853639708389592,6
735,107,13,61,5,8.850698470757944,8
736,32,15,87,5,8.84415502943487,10
737,87,36,9,15,8.83528388860613,21
738,63,19,36,7,8.822881427312195,12
739,36,18,47,6,8.810892372607714,12
740,27,36,65,13,8.805431545223382,23
741,106,10,42,3,8.802546839644418,7
742,39,36,20,15,8.800920294125156,21
743,109,12,77,5,8.789144881364965,7
744,106,23,18,8,8.778191080978742,15
745,39,36,88,13,8.756638990991734,23
746,108,27,13,9,8.751351034715968,18
747,100,22,88,8,8.748881194655748,14
748,38,14,106,7,8.74501943352997,7
749,104,23,11,8,8.742484307216115,15
750,4,22,17,7,8.727735068009611,15
751,8,26,57,9,8.727187925997562,17
752,58,10,45,4,8.721721801464442,6
753,81,13,69,5,8.721044769504893,8
754,45,15,86,6,8.710518828201982,9
755,63,15,102,6,8.710165699989911,9
756,63,35,20,14,8.705248065274409,21
757,110,14,39,4,8.694421097429624,10
758,16,26,76,12,8.692110714550006,14
759,9,31,31,11,8.678153869820548,20
760,85,10,98,3,8.673802483900154,7
761,41,19,97,7,8.638943706099205,12
762,1,24,65,10,8.63311694974403,14
763,68,29,18,11,8.623169944927229,18
764,51,51,63,21,8.61580742538916,30
765,9,14,19,5,8.611355514485423,9
766,51,21,33,6,8.606152418737853,15
767,27,39,88,16,8.602187681442969,23
768,90,22,50,8,8.598522697494,14
769,110,19,16,7,8.596145036216202,12
770,81,20,16,7,8.585952206420341,13
771,95,23,55,8,8.575006509864881,15
772,94,16,12,7,8.566376195429015,9
773,98,18,29,6,8.564516900800022,12
774,78,11,36,4,8.552435160203329,7
775,114,13,62,5,8.54955618000272,8
776,23,39,60,14,8.54484295529887,25
777,12,13,106,4,8.530975907772834,9
778,16,43,46,15,8.523887339164597,28
779,77,10,29,3,8.514723249015375,7
780,62,23,88,9,8.512625127129992,14
781,72,14,17,5,8.505149187303852,9
782,91,10,45,4,8.504304930616431,6
783,64,28,40,10,8.496071624321134,18
784,16,33,69,12,8.492849118552362,21
785,75,16,1,5,8.487454866261048,11
786,74,14,77,5,8.485489523270209,9
787,100,14,78,5,8.475567663732638,9
788,13,44,43,19,8.471795877894069,25
789,38,15,19,4,8.471465390918667,11
790,114,24,3,8,8.461132150785255,16
791,15,13,53,5,8.45144556317874,8
792,95,14,96,5,8.45037398259218,9
793,8,32,114,11,8.446067232393613,21
794,41,40,86,14,8.438958336325594,26
795,96,24,70,11,8.437417991026262,13
796,55,20,114,7,8.432483182241098,13
797,73,19,90,7,8.424101991862472,12
798,38,13,54,5,8.421224564929705,8
799,16,30,3,10,8.418353785991327,20
800,86,44,76,17,8.415057744848589,27
801,100,27,87,12,8.412638541128418,15
802,109,14,67,7,8.410228891959628,7
803,11,25,57,11,8.400613395593451,14
804,80,11,79,5,8.39440233865723,6
805,67,10,104,4,8.393331116483226,6
806,30,44,65,16,8.376779126545133,28
807,7,45,25,16,8.37280661834829,29
808,64,11,29,3,8.360354117139725,8
809,7,22,5,8,8.357081514884824,14
810,38,23,65,10,8.354229779220864,13
811,41,32,31,12,8.353957395244583,20
812,108,13,27,5,8.350227424117723,8
813,8,29,84,10,8.33757645831541,19
814,25,15,9,5,8.323455878342044,10
815,102,17,88,5,8.307899790454732,12
816,15,34,39,11,8.283902276227147,23
817,90,31,106,10,8.283845461248372,21
818,16,66,63,25,8.283483649795642,41
819,41,18,91,6,8.276671952774393,12
820,75,12,76,5,8.269580351796622,7
821,50,34,55,14,8.268886532039616,20
822,37,12,14,5,8.266467835075433,7
823,2,12,38,5,8.244738843628978,7
824,94,10,2,4,8.235738884159371,6
825,112,10,79,4,8.23380656767564,6
826,69,21,106,8,8.230262561693124,13
827,85,16,72,5,8.221502081191193,11
828,112,14,40,6,8.221202026655053,8
829,87,24,93,9,8.20135369004028,15
830,74,25,39,10,8.195535087876927,15
831,63,11,89,3,8.19292788894577,8
832,104,35,60,10,8.183651908443375,25
833,50,18,30,7,8.173377893689405,11
834,50,28,71,11,8.165371088482388,17
835,76,19,39,6,8.162098747442764,13
836,54,31,60,11,8.16146550040988,20
837,18,16,112,5,8.155957753880719,11
838,1,19,87,8,8.152622059420272,11
839,4,10,112,4,8.145974306589784,6
840,26,10,107,4,8.136960920766814,6
841,100,19,63,8,8.133393706542947,11
842,74,15,48,7,8.108554922899495,8
843,12,14,87,5,8.10780502674867,9
844,30,16,46,6,8.09849810603762,10
845,37,42,46,14,8.09589581959515,28
846,60,30,50,13,8.087484578525554,17
847,76,12,108,4,8.086994753980798,8
848,7,15,10,6,8.086365440359023,9
849,109,15,46,6,8.081904977493476,9
850,8,61,5,24,8.080732178020162,37
851,110,16,97,6,8.077466293642946,10
852,53,13,46,5,8.064750592390656,8
853,51,15,91,5,8.060157448942936,10
854,108,19,87,7,8.0530569756161,12
855,20,36,84,11,8.04861670328596,25
856,58,26,107,9,8.037629940895535,17
857,75,41,50,14,8.02466935745211,27
858,63,12,52,5,8.015196003418383,7
859,35,11,9,5,8.012816785902409,6
860,48,12,25,5,8.01244102921806,7
861,91,31,98,12,8.010154956050265,19
862,3,14,18,4,8.000317413483804,10
863,102,19,96,7,7.9956311609664965,12
864,44,22,6,7,7.994067314889742,15
865,13,16,70,6,7.990308468406848,10
866,5,28,84,11,7.986435375626319,17
867,12,12,4,4,7.976222296376225,8
868,12,22,107,7,7.967915897333259,15
869,65,25,5,10,7.967561696591304,15
870,23,21,39,8,7.9630880242589255,13
871,89,12,53,5,7.9499730264780055,7
872,39,60,68,24,7.949045174912651,36
873,53,19,61,6,7.9431150632920575,13
874,73,17,87,5,7.942207150258419,12
875,18,10,34,3,7.934073113605032,7
876,33,16,20,6,7.928062438364485,10
877,60,14,66,4,7.920621770687662,10
878,34,20,84,8,7.917696778697559,12
879,54,22,18,9,7.917650548154775,13
880,88,10,82,4,7.912578083642496,6
881,71,13,38,4,7.906029048659733,9
882,78,11,31,5,7.904414780494012,6
883,62,23,68,9,7.893829370684333,14
884,55,17,23,8,7.871570609888838,9
885,114,25,90,10,7.8701656835045455,15
886,44,12,35,5,7.859665557157517,7
887,106,26,91,9,7.859341034872018,17
888,29,14,55,5,7.851130455007913,9
889,53,19,109,7,7.841205358929896,12
890,7,11,2,4,7.836909370766421,7
891,8,17,98,6,7.8322640771965775,11
892,107,20,77,8,7.820720701788074,12
893,25,46,46,19,7.8204011950255445,27
894,27,19,12,8,7.8166947751358276,11
895,75,21,49,8,7.802050873504809,13
896,114,12,110,4,7.80031681097971,8
897,50,15,48,5,7.798532000224024,10
898,55,22,64,7,7.789831302640343,15
899,47,10,111,4,7.786638633209644,6
900,92,14,114,4,7.774797164908212,10
901,41,15,81,5,7.770221546669875,10
902,63,11,94,4,7.76321840640363,7
903,50,22,18,9,7.758401768064157,13
904,53,11,73,4,7.756297558195456,7
905,37,49,25,20,7.755599308877524,29
906,16,32,64,11,7.754231430905149,21
907,73,13,54,5,7.746921178252216,8
908,28,14,12,5,7.741725097225164,9
909,44,11,84,5,7.741464370739849,6
910,15,15,1,5,7.73306575970013,10
911,46,13,64,5,7.701785189637151,8
912,64,11,11,3,7.699861982788657,8
913,111,25,7,10,7.69032342577198,15
914,5,32,11,12,7.687442157533876,20
915,13,15,76,6,7.686884560878501,9
916,37,29,38,11,7.668156637885108,18
917,37,24,96,10,7.665844925696509,14
918,107,27,35,9,7.659745377736294,18
919,86,22,72,8,7.651597318688157,14
920,33,13,31,6,7.647223417443057,7
921,70,11,60,4,7.6464357490262,7
922,97,29,5,10,7.639418302115124,19
923,96,22,80,8,7.6325568595370585,14
924,23,13,91,6,7.630492751883036,7
925,30,13,108,5,7.627122086325669,8
926,39,31,43,13,7.6174681270571165,18
927,18,20,36,8,7.5949028785012285,12
928,58,18,88,7,7.5880987725104365,11
929,72,10,36,4,7.585561627806539,6
930,28,31,114,13,7.584853881328923,18
931,46,12,77,5,7.574271980014295,7
932,34,14,5,4,7.5706698448560905,10
933,40,66,68,24,7.5703219943157025,42
934,107,30,109,11,7.567930415965966,19
935,97,24,51,8,7.56785294854944,16
936,87,38,40,16,7.562449238427529,22
937,19,10,79,4,7.551536262697121,6
938,30,10,85,4,7.5440843213091044,6
939,85,10,46,3,7.538229298143679,7
940,6,11,55,3,7.526848268362216,8
941,55,18,77,7,7.520653437888106,11
942,88,24,3,9,7.5117017749719,15
943,15,13,50,5,7.509982415529958,8
944,6,13,61,5,7.506143312140655,8
945,27,14,98,6,7.497316272159128,8
946,3,17,43,6,7.496311575799016,11
947,20,42,16,14,7.490661859277886,28
948,89,12,68,5,7.483167732526591,7
949,41,11,96,3,7.480521636982391,8
950,48,10,89,3,7.476757612743907,7
951,70,14,36,6,7.476080415111229,8
952,108,15,63,6,7.475559971035058,9
953,64,37,31,14,7.4738922265185375,23
954,28,10,81,4,7.472696801730322,6
955,60,10,57,4,7.467563385882379,6
956,13,34,69,13,7.463742443314802,21
957,45,12,53,5,7.463487107897495,7
958,37,21,110,9,7.457046552670356,12
959,46,30,75,12,7.449361290092638,18
960,69,17,57,6,7.442072602335623,11
961,30,25,88,11,7.4406011551513975,14
962,103,19,16,7,7.440330787910015,12
963,64,17,43,7,7.43896725456377,10
964,34,11,43,4,7.424240308041092,7
965,19,20,54,9,7.418437201102569,11
966,8,19,91,7,7.416456742894205,12
967,36,34,41,16,7.412500474371832,18
968,27,10,79,4,7.410947014194593,6
969,108,22,88,8,7.409334471097551,14
970,100,19,60,7,7.407232332782622,12
971,100,11,29,5,7.392867482515364,6
972,1,10,5,4,7.391988711274886,6
973,75,50,16,20,7.38842567902132,30
974,86,92,51,39,7.387958190410619,53
975,86,36,17,16,7.373387885533473,20
976,73,10,71,4,7.37323406519455,6
977,13,35,54,13,7.373225396669799,22
978,34,15,74,5,7.367415754617591,10
979,31,14,80,4,7.367135464628976,10
980,25,16,33,5,7.36592627296452,11
981,77,10,114,4,7.3654772203978025,6
982,49,13,23,5,7.360298065336568,8
983,73,25,8,10,7.35879002547718,15
984,17,19,9,8,7.3581791578689,11
985,87,17,112,7,7.3462185343517366,10
986,40,41,104,15,7.342291894534163,26
987,11,10,103,3,7.33896872976819,7
988,75,16,2,7,7.332326563651873,9
989,2,32,107,12,7.32884412298255,20
990,78,28,57,12,7.328495727801248,16
991,43,13,68,5,7.327777492653936,8
992,70,42,5,17,7.323141246130927,25
993,39,24,106,10,7.31226919998241,14
994,63,14,85,6,7.301748789802251,8
995,100,12,3,5,7.3003800187027315,7
996,54,33,40,13,7.298767912387551,20
997,62,11,104,3,7.298660521894603,8
998,47,11,61,4,7.295405799949466,7
999,7,51,87,19,7.288175031485435,32
1000,43,31,40,13,7.2876910701836355,18
1001,97,16,29,6,7.284915525257299,10
1002,13,20,98,7,7.284404613166717,13
1003,114,42,13,19,7.284350704257176,23
1004,16,110,88,41,7.282392910348155,69
1005,55,20,68,7,7.273979151335479,13
1006,106,13,57,6,7.272492874678534,7
1007,62,10,96,3,7.268496266352443,7
1008,110,16,70,6,7.267896542251015,10
1009,20,17,98,6,7.267496359610282,11
1010,75,19,81,7,7.259552889264539,12
1011,86,30,79,11,7.258463117259926,19
1012,84,33,39,14,7.257920848438738,19
1013,98,19,84,6,7.255378652482318,13
1014,11,12,10,5,7.252899748629005,7
1015,98,12,93,5,7.2513528092711335,7
1016,46,13,90,5,7.250761878801304,8
1017,20,21,41,9,7.246750485082596,12
1018,31,14,5,5,7.246607645789562,9
1019,20,10,75,4,7.241047227766171,6
1020,114,27,40,9,7.240772461331043,18
1021,114,14,81,6,7.238705590547007,8
1022,54,16,62,6,7.236680580960737,10
1023,13,60,106,23,7.22482230869508,37
1024,35,20,40,7,7.2238461178978355,13
1025,112,22,76,10,7.216620353424457,12
1026,27,13,35,5,7.215256796262466,8
1027,29,15,23,6,7.198689194300129,9
1028,53,13,38,5,7.198101634639961,8
1029,30,49,16,19,7.190557635981447,30
1030,109,13,22,5,7.1904728762162415,8
1031,49,14,62,5,7.1853921647786025,9
1032,36,16,112,6,7.175574629533441,10
1033,98,41,86,17,7.171894084868247,24
1034,20,19,68,8,7.16589556666434,11
1035,100,20,43,9,7.154162949229226,11
1036,38,18,84,8,7.154125748328736,10
1037,34,12,60,4,7.148158666349012,8
1038,29,14,37,6,7.147246302868531,8
1039,88,10,103,4,7.146583091840611,6
1040,5,17,60,6,7.144002600647477,11
1041,40,50,55,19,7.142420946012768,31
1042,87,27,91,10,7.142016410462965,17
1043,90,26,87,10,7.134749793973535,16
1044,63,58,54,22,7.133964662886907,36
1045,75,57,107,18,7.131800392099847,39
1046,88,11,67,3,7.127393540580368,8
1047,67,12,107,4,7.124134838046416,8
1048,86,30,83,10,7.114862976089345,20
1049,1,10,45,4,7.100044646871245,6
1050,38,14,17,6,7.099034060595348,8
1051,27,15,64,5,7.097541085798832,10
1052,16,80,39,32,7.094244376544454,48
1053,28,20,62,8,7.086204539456473,12
1054,28,35,70,14,7.078735797739843,21
1055,102,14,98,6,7.075813129571894,8
1056,50,14,49,6,7.064134383315743,8
1057,100,21,25,9,7.062312436550092,12
1058,99,18,36,6,7.061516094995872,12
1059,65,16,73,6,7.056062739811479,10
1060,55,25,97,9,7.041738062020972,16
1061,20,10,110,4,7.040932959044509,6
1062,85,24,84,8,7.039561068893882,16
1063,95,15,40,6,7.026458120737083,9
1064,87,27,53,12,7.022639512769477,15
1065,93,26,54,9,7.002072182522706,17
1066,80,13,48,4,6.99747900943173,9
1067,62,15,5,6,6.992708759597391,9
1068,114,19,1,7,6.990089974683044,12
1069,111,23,13,10,6.988942249892523,13
1070,17,20,55,9,6.987444025974705,11
1071,53,30,30,12,6.984989750265453,18
1072,8,17,33,6,6.975602243001775,11
1073,18,23,97,9,6.965163575719862,14
1074,16,34,36,13,6.9623095532486845,21
1075,32,18,104,6,6.95922508638955,12
1076,90,20,63,8,6.95733483322538,12
1077,4,25,51,9,6.952578906103857,16
1078,99,12,88,5,6.93913123202866,7
1079,7,21,46,7,6.935769096747123,14
1080,75,19,30,8,6.923427737676235,11
1081,49,10,43,4,6.893725681604248,6
1082,76,16,88,7,6.891817282335726,9
1083,90,22,65,10,6.887045978873851,12
1084,114,47,5,19,6.885144276646171,28
1085,16,42,100,16,6.88294226943085,26
1086,106,15,99,5,6.882359612487447,10
1087,104,15,69,5,6.881466290146877,10
1088,60,43,4,19,6.864343045215706,24
1089,9,13,57,5,6.861208808927346,8
1090,114,19,96,7,6.8573207383282995,12
1091,13,29,95,12,6.852052215706936,17
1092,7,99,51,37,6.849475435937799,62
1093,86,80,96,31,6.839782165020975,49
1094,78,14,96,5,6.830515928543477,9
1095,95,25,106,9,6.830338155584792,16
1096,68,69,31,28,6.821634358561019,41
1097,65,14,66,5,6.821265394674894,9
1098,30,22,104,10,6.820606807560422,12
1099,60,17,58,7,6.820272973850589,10
1100,41,18,43,7,6.81884584310875,11
1101,56,13,4,6,6.816273515879696,7
1102,51,20,96,8,6.809158319794973,12
1103,39,21,112,9,6.808588240484281,12
1104,71,50,13,21,6.804323620324037,29
1105,60,18,45,8,6.8022482279138705,10
1106,3,12,109,5,6.800442852243994,7
1107,49,10,71,4,6.800377692667283,6
1108,55,10,31,4,6.798197972656263,6
1109,33,23,107,10,6.763493299081546,13
1110,57,12,109,5,6.758716421545093,7
1111,53,13,90,5,6.752088210585151,8
1112,86,54,97,22,6.749652418711037,32
1113,94,10,71,4,6.748460655059317,6
1114,45,13,68,5,6.747691137383071,8
1115,45,32,7,13,6.743551275422484,19
1116,84,26,48,10,6.7407911051084906,16
1117,40,14,78,4,6.732885786530082,10
1118,74,38,96,14,6.731828732252355,24
1119,14,13,95,5,6.731405281187272,8
1120,8,13,3,7,6.725771044964114,6
1121,16,19,58,7,6.723872489637056,12
1122,100,11,95,5,6.722166987268522,6
1123,65,10,32,4,6.718474357729474,6
1124,28,35,97,13,6.716635909782017,22
1125,40,11,19,4,6.712468239790962,7
1126,83,15,74,7,6.703298030488857,8
1127,111,11,106,3,6.697425895741327,8
1128,7,18,62,7,6.690218008322475,11
1129,54,75,88,30,6.6874207756050055,45
1130,39,84,51,34,6.677303029953274,50
1131,16,68,55,25,6.673907741530192,43
1132,51,59,65,22,6.666482427201215,37
1133,85,20,54,7,6.664179187550933,13
1134,10,12,57,4,6.658857003244836,8
1135,1,15,94,7,6.658852117194986,8
1136,83,11,71,5,6.656205380333864,6
1137,71,19,37,8,6.653996053488669,11
1138,76,15,114,5,6.6539119931134865,10
1139,32,26,5,10,6.647447060451906,16
1140,4,30,65,12,6.6356003955737535,18
1141,39,22,37,9,6.632156694863052,13
1142,108,12,68,5,6.6299354413411775,7
1143,25,48,5,19,6.626414170343125,29
1144,85,10,75,3,6.61929344121288,7
1145,71,18,81,7,6.61709770119633,11
1146,39,14,94,5,6.607055031378494,9
1147,34,16,30,6,6.601140375094157,10
1148,65,28,96,12,6.593487230396348,16
1149,76,41,51,15,6.590745595942762,26
1150,86,27,1,11,6.584989828827026,16
1151,65,46,20,17,6.582851496170298,29
1152,69,10,48,5,6.577798378248737,5
1153,53,26,114,11,6.571088082289226,15
1154,43,28,94,12,6.570637665793813,16
1155,104,37,25,16,6.567754121461538,21
1156,23,29,68,13,6.562476411578635,16
1157,100,15,49,7,6.555099925434393,8
1158,68,25,91,11,6.550419627313768,14
1159,54,58,70,23,6.543056803225659,35
1160,86,29,81,9,6.532482502137965,20
1161,91,13,80,5,6.531108694088673,8
1162,100,18,114,7,6.509461416428781,11
1163,86,20,103,8,6.502854567619721,12
1164,90,11,102,6,6.502237322589002,5
1165,87,30,41,12,6.500655116407746,18
1166,48,10,104,4,6.493358473776671,6
1167,107,46,53,18,6.492903474758714,28
1168,70,20,9,7,6.477071321597407,13
1169,100,17,30,6,6.466944084563581,11
1170,100,17,55,8,6.465563036443129,9
1171,70,13,29,6,6.465173609286504,7
1172,30,10,81,4,6.458484974391473,6
1173,78,14,98,6,6.457784687804565,8
1174,6,10,28,4,6.452419128804086,6
1175,4,20,87,7,6.445923142452618,13
1176,41,16,89,6,6.437733391093904,10
1177,41,20,109,7,6.432688342356182,13
1178,40,16,33,5,6.427211772717694,11
1179,91,18,54,8,6.414686940093468,10
1180,106,13,77,6,6.407119934187455,7
1181,80,20,37,8,6.401050818487373,12
1182,54,45,109,17,6.380200377092308,28
1183,7,21,56,9,6.361794853449644,12
1184,41,15,28,6,6.359689551305939,9
1185,92,13,27,6,6.356396578041118,7
1186,62,22,40,11,6.34058891485694,11
1187,81,10,111,3,6.333917467029674,7
1188,33,13,23,5,6.330114552953447,8
1189,54,14,112,5,6.3267118256224935,9
1190,64,22,8,8,6.316286000866925,14
1191,88,25,57,11,6.308509689840414,14
1192,39,16,83,6,6.297771796270439,10
1193,16,87,87,36,6.294646679879138,51
1194,23,17,114,6,6.291790840234864,11
1195,77,15,87,6,6.290331402214442,9
1196,70,16,64,5,6.286009204558742,11
1197,16,12,92,3,6.284475222709882,9
1198,41,11,102,4,6.282861273718874,7
1199,86,21,4,8,6.2794844995496994,13
1200,78,20,7,9,6.276730085848355,11
1201,20,45,5,17,6.270373633442785,28
1202,69,11,96,4,6.268969865653719,7
1203,104,24,100,9,6.26669912958639,15
1204,15,12,95,5,6.265255655621163,7
1205,77,17,88,7,6.264530601131227,10
1206,92,22,39,10,6.263991845659126,12
1207,43,17,5,7,6.250727481432205,10
1208,13,45,23,20,6.238267851069181,25
1209,64,33,65,14,6.233889248800645,19
1210,104,41,50,16,6.230364171354915,25
1211,16,42,91,15,6.227187272730326,27
1212,109,10,62,3,6.224068902567428,7
1213,47,14,28,6,6.211297191624255,8
1214,8,56,63,24,6.209822348869131,32
1215,35,15,84,6,6.209299301194261,9
1216,39,27,38,11,6.2054678464741535,16
1217,74,28,70,13,6.203999405338755,15
1218,63,28,2,12,6.200018491851485,16
1219,76,39,107,13,6.198627172224359,26
1220,91,12,71,5,6.187474142289449,7
1221,55,14,35,6,6.181710197353361,8
1222,97,23,76,10,6.171425808149794,13
1223,57,21,102,9,6.169321397774083,12
1224,15,20,3,9,6.168197310846255,11
1225,13,47,36,18,6.167141158071529,29
1226,20,11,38,3,6.161885029448885,8
1227,16,24,108,9,6.148582612448618,15
1228,68,13,33,5,6.145832331304968,8
1229,81,34,13,13,6.133078295186986,21
1230,54,31,68,12,6.129451922490282,19
1231,100,44,51,21,6.1282339103147585,23
1232,25,35,88,12,6.123879676950231,23
1233,81,13,31,4,6.117159791325403,9
1234,39,19,29,8,6.11667916860653,11
1235,90,12,7,5,6.108519045195328,7
1236,75,17,84,7,6.100134417881318,10
1237,111,23,107,11,6.08814286411973,12
1238,27,37,51,14,6.085616170220784,23
1239,70,29,20,11,6.080511379179193,18
1240,55,10,69,4,6.075582313218194,6
1241,69,34,86,14,6.07493667313256,20
1242,23,27,41,11,6.068042449918637,16
1243,102,19,51,8,6.04652873125996,11
1244,63,24,18,9,6.046455003215173,15
1245,70,15,93,6,6.04469500542117,9
1246,94,11,88,4,6.041461864182689,7
1247,8,16,32,7,6.041444852098721,9
1248,27,14,114,6,6.034743873961818,8
1249,7,24,98,9,6.0336860037819795,15
1250,75,31,31,14,6.033482134287373,17
1251,64,38,86,16,6.030765339147399,22
1252,91,17,50,6,6.027790824025911,11
1253,95,20,46,8,6.027785407812038,12
1254,80,33,55,15,6.024950901743931,18
1255,63,33,13,14,6.024739641852312,19
1256,65,61,88,23,6.004362907857696,38
1257,37,19,100,7,6.000890669706824,12
1258,107,32,3,15,5.999011076330673,17
1259,114,25,31,11,5.991876520395493,14
1260,64,20,18,8,5.974775055211904,12
1261,69,12,54,5,5.973066602774385,7
1262,97,18,40,7,5.966918416140386,11
1263,104,19,17,8,5.965485227876699,11
1264,68,52,53,21,5.964244334939563,31
1265,62,13,8,4,5.96110102258686,9
1266,12,21,68,8,5.954750290252033,13
1267,97,12,10,6,5.950831581917705,6
1268,39,12,14,5,5.947548147792332,7
1269,33,15,7,7,5.9471342175078945,8
1270,28,15,53,6,5.9457443646332715,9
1271,74,10,43,5,5.941779824004124,5
1272,63,13,10,5,5.94033318775015,8
1273,57,15,40,6,5.936628176580016,9
1274,37,45,63,18,5.933785173114154,27
1275,8,30,9,15,5.931176874194081,15
1276,73,20,114,8,5.924435121305103,12
1277,109,27,55,13,5.923431655873009,14
1278,112,16,29,7,5.922867160258866,9
1279,107,29,62,14,5.921546438225422,15
1280,93,10,63,4,5.9175632502755855,6
1281,47,23,68,9,5.915128475524724,14
1282,41,15,45,5,5.9144627061547626,10
1283,84,27,57,13,5.910397185802947,14
1284,13,60,87,23,5.909920875181,37
1285,69,10,25,4,5.903986394303471,6
1286,34,16,48,7,5.896732963209992,9
1287,46,12,1,6,5.891865749051654,6
1288,74,34,84,16,5.891399521581718,18
1289,109,19,34,8,5.8910600256239505,11
1290,64,34,51,14,5.888421423830696,20
1291,46,12,36,5,5.882094180819339,7
1292,97,27,68,11,5.880460614845399,16
1293,28,12,31,5,5.87633787823225,7
1294,62,17,9,7,5.86600144742425,10
1295,54,36,95,16,5.865979569344106,20
1296,34,17,7,7,5.863504951401833,10
1297,7,20,112,8,5.8633899504874805,12
1298,72,10,114,5,5.860000941124309,5
1299,104,37,55,15,5.856904127783749,22
1300,80,13,68,5,5.856063242362021,8
1301,74,37,46,14,5.850135921281393,23
1302,108,10,65,5,5.847992745343311,5
1303,28,17,94,6,5.821481138029022,11
1304,40,16,5,7,5.820527251695649,9
1305,43,19,19,7,5.812505793153206,12
1306,80,28,106,11,5.812470547213421,17
1307,79,13,20,5,5.810117746469002,8
1308,91,19,31,7,5.801858258461766,12
1309,7,45,64,20,5.801061458968774,25
1310,74,28,55,12,5.797157459674129,16
1311,98,26,63,11,5.795644107915217,15
1312,16,19,93,9,5.776545074834794,10
1313,69,20,28,9,5.772064288839902,11
1314,9,19,104,8,5.769857547388705,11
1315,11,19,35,8,5.768399159544,11
1316,39,54,49,21,5.75707486866771,33
1317,58,13,53,7,5.756559382638666,6
1318,23,13,47,5,5.755142063292807,8
1319,36,12,77,5,5.751140829309578,7
1320,19,11,80,4,5.749943576584892,7
1321,78,10,81,5,5.742474614478736,5
1322,25,42,106,16,5.73768822242091,26
1323,107,64,104,26,5.737421230069909,38
1324,34,11,38,4,5.733514369563806,7
1325,13,48,25,22,5.729332953997915,26
1326,45,14,9,5,5.727853500458987,9
1327,25,26,51,11,5.72613511284895,15
1328,98,13,17,6,5.723425305113809,7
1329,41,18,37,7,5.716493275276269,11
1330,23,11,102,5,5.7160538226538815,6
1331,62,13,69,6,5.706165822809074,7
1332,74,22,109,8,5.703058853572775,14
1333,53,17,62,7,5.701449545318567,10
1334,47,18,86,7,5.697686731101679,11
1335,70,10,32,5,5.692479372096213,5
1336,106,46,5,18,5.689619439430471,28
1337,30,25,55,10,5.686463879094618,15
1338,63,23,38,8,5.685369937239836,15
1339,102,10,95,4,5.685319962340818,6
1340,54,11,12,5,5.67450373056912,6
1341,94,10,25,5,5.671887186214519,5
1342,75,39,37,14,5.670197882049105,25
1343,16,31,99,13,5.665818337043021,18
1344,54,11,82,4,5.664278302313932,7
1345,9,13,61,5,5.652969843590383,8
1346,86,87,88,36,5.651261944060885,51
1347,4,10,97,4,5.649870700339136,6
1348,39,13,97,5,5.649731064357227,8
1349,73,23,74,9,5.649045009007229,14
1350,57,27,39,12,5.644327608159103,15
1351,28,22,3,9,5.641703705085423,13
1352,108,14,98,6,5.640790264148573,8
1353,75,46,51,20,5.632745764536371,26
1354,75,43,9,17,5.6326941278183265,26
1355,19,10,17,5,5.62540540853674,5
1356,86,28,73,13,5.62531345595925,15
1357,5,21,17,7,5.625033929201379,14
1358,19,10,5,4,5.623378775596127,6
1359,47,37,13,15,5.620628318875079,22
1360,95,26,50,11,5.619957219349123,15
1361,27,51,68,21,5.619391866713198,30
1362,16,48,50,20,5.617696720442929,28
1363,28,29,76,13,5.615688910158878,16
1364,30,14,90,6,5.614315415339312,8
1365,100,15,50,6,5.612526049660052,9
1366,38,13,18,6,5.608114426083465,7
1367,70,17,98,6,5.604121247592221,11
1368,13,12,103,5,5.59714648408255,7
1369,11,18,51,9,5.57971841586598,9
1370,39,18,81,7,5.577412628644603,11
1371,7,23,38,10,5.57543888103377,13
1372,42,11,69,5,5.570250078296481,6
1373,37,60,104,24,5.563475261062019,36
1374,31,10,95,4,5.5581891593402775,6
1375,46,11,4,5,5.55622187464566,6
1376,78,21,87,10,5.551175744528343,11
1377,8,41,25,16,5.550067480025434,25
1378,36,53,31,23,5.548564460468652,30
1379,25,18,84,7,5.5466876181289715,11
1380,20,22,2,9,5.544865436021075,13
1381,86,51,75,23,5.544222274149607,28
1382,65,26,69,11,5.540534749641236,15
1383,15,12,30,5,5.538463534767753,7
1384,106,31,23,15,5.535479536227778,16
1385,60,11,62,4,5.531153387901844,7
1386,114,45,68,19,5.528966703625285,26
1387,33,14,102,6,5.525239013163607,8
1388,28,33,7,13,5.522079859732702,20
1389,26,20,13,7,5.520285333416165,13
1390,62,10,20,4,5.517288163699186,6
1391,87,59,37,24,5.516733087496062,35
1392,28,35,9,16,5.5146514821295405,19
1393,95,19,83,7,5.510188596504647,12
1394,32,13,109,6,5.5080518973086185,7
1395,76,16,60,5,5.507711057627658,11
1396,107,36,43,14,5.503098905534004,22
1397,67,10,102,4,5.49724656177184,6
1398,18,10,62,4,5.493140482819633,6
1399,65,49,40,21,5.488110460552834,28
1400,34,13,39,6,5.4864218945223335,7
1401,114,23,70,9,5.484820175107314,14
1402,14,10,75,4,5.479308338136782,6
1403,62,17,51,7,5.468238395489335,10
1404,75,43,71,16,5.454468163058883,27
1405,97,18,57,8,5.45235309786646,10
1406,91,18,18,7,5.437015235679076,11
1407,71,29,68,11,5.435653336862236,18
1408,49,11,37,5,5.40579366661915,6
1409,4,11,58,4,5.405037105567146,7
1410,9,11,66,5,5.404825557202403,6
1411,84,10,64,3,5.401793074305331,7
1412,54,31,90,13,5.397442007333916,18
1413,7,18,30,9,5.390495309133068,9
1414,100,40,86,19,5.388083386718925,21
1415,16,39,49,16,5.386135459503266,23
1416,41,19,112,8,5.382218168204769,11
1417,20,31,51,15,5.374467949047245,16
1418,75,30,63,13,5.362343223381901,17
1419,83,12,50,6,5.359728667430523,6
1420,7,35,97,16,5.356987360153851,19
1421,76,17,102,7,5.353241057382722,10
1422,107,29,49,13,5.342652299836131,16
1423,97,14,102,5,5.335160623731844,9
1424,76,14,62,6,5.322243155198474,8
1425,85,16,96,5,5.314304637448895,11
1426,28,13,49,6,5.31428031912519,7
1427,51,49,84,20,5.314265702072516,29
1428,48,27,87,11,5.3093887066916015,16
1429,107,19,66,8,5.307859110353934,11
1430,111,25,55,10,5.307717141421055,15
1431,49,28,60,12,5.30016670289431,16
1432,40,49,39,20,5.294535177326297,29
1433,99,21,86,8,5.291638236148403,13
1434,14,19,28,7,5.288795345484194,12
1435,78,24,60,11,5.286066640363099,13
1436,56,11,88,5,5.280224334897691,6
1437,8,26,100,10,5.278781496523967,16
1438,28,11,92,4,5.26619903758234,7
1439,104,51,28,22,5.259412551866781,29
1440,35,11,31,5,5.255104723881263,6
1441,28,24,100,9,5.2470243708497994,15
1442,53,12,100,5,5.245979720718175,7
1443,25,26,40,11,5.242222631716463,15
1444,98,15,40,7,5.239271076053035,8
1445,65,15,14,7,5.239230657167624,8
1446,52,14,16,6,5.238731564661996,8
1447,91,21,25,9,5.236778929543691,12
1448,15,19,104,8,5.235404007755863,11
1449,15,20,27,8,5.234866794800826,12
1450,88,17,112,7,5.231027938888666,10
1451,20,37,96,15,5.229501973456113,22
1452,35,11,5,5,5.226534281744142,6
1453,54,54,106,25,5.222938310920249,29
1454,100,14,94,5,5.221755386168953,9
1455,53,29,112,14,5.221677411254142,15
1456,40,22,37,10,5.2189812618502875,12
1457,49,12,55,5,5.21558348601229,7
1458,33,12,91,6,5.213867650447791,6
1459,16,36,53,14,5.201094174764711,22
1460,46,25,39,13,5.196853389468722,12
1461,40,13,113,5,5.193726392686624,8
1462,6,10,71,4,5.193692278292729,6
1463,63,23,23,9,5.190793013982739,14
1464,13,15,102,5,5.1877642091018785,10
1465,75,17,97,7,5.183439015487436,10
1466,19,15,57,6,5.179432440967374,9
1467,75,26,47,9,5.17693162231529,17
1468,7,43,55,17,5.169021709270008,26
1469,107,60,20,26,5.163543558398883,34
1470,91,11,56,5,5.1601828143932735,6
1471,67,12,5,5,5.159840528973067,7
1472,111,14,39,6,5.158992286191915,8
1473,35,16,28,8,5.153123660542302,8
1474,76,28,50,10,5.151966096130058,18
1475,106,24,9,10,5.150083731218861,14
1476,44,15,88,7,5.148664566159752,8
1477,35,12,51,5,5.14727626674268,7
1478,100,22,112,10,5.147009218037666,12
1479,3,18,29,7,5.138991933006876,11
1480,40,12,69,4,5.137627663794988,8
1481,36,21,3,8,5.136055944816986,13
1482,40,30,58,14,5.133397385337812,16
1483,65,45,9,18,5.129160653393479,27
1484,12,13,49,4,5.12898611385632,9
1485,11,22,98,10,5.122669345045474,12
1486,75,18,4,7,5.112428644465592,11
1487,55,23,70,10,5.1032220329288345,13
1488,28,13,108,6,5.102919930198642,7
1489,23,19,100,7,5.096795040845655,12
1490,53,25,104,11,5.0942603831986055,14
1491,27,21,63,10,5.090121866391691,11
1492,1,25,51,11,5.088840176447445,14
1493,34,13,79,5,5.088457145720249,8
1494,32,10,20,3,5.082163415292109,7
1495,85,12,65,5,5.080554075846518,7
1496,10,17,86,8,5.075771557978404,9
1497,90,13,33,5,5.072843762888294,8
1498,46,17,65,6,5.066104910854949,11
1499,84,23,29,10,5.063232995693045,13
1500,15,28,68,11,5.056650352698314,17
1501,55,29,63,13,5.056066807562624,16
1502,87,26,19,11,5.0527683693453564,15
1503,65,78,107,33,5.05228805857697,45
1504,15,20,81,9,5.052153784691686,11
1505,28,13,27,4,5.05119454239968,9
1506,11,14,79,7,5.038711911658494,7
1507,65,12,52,4,5.0369958566437525,8
1508,86,30,62,13,5.023872829173723,17
1509,81,14,63,6,5.016441825370756,8
1510,103,14,87,5,5.013759520616853,9
1511,69,14,3,5,5.009117340423518,9
1512,93,26,5,10,5.004460526821323,16
1513,7,41,106,20,5.003800212982272,21
1514,32,12,68,4,4.994599728673895,8
1515,104,30,63,13,4.993963037729944,17
1516,74,15,71,7,4.993812181109021,8
1517,50,23,31,10,4.99199978599778,13
1518,7,30,47,12,4.980252625346256,18
1519,41,42,68,18,4.9651675063741685,24
1520,40,49,107,19,4.964616090179718,30
1521,109,16,38,6,4.964461961570972,10
1522,96,23,90,9,4.963939687748078,14
1523,13,32,8,13,4.955794878282507,19
1524,56,19,68,9,4.94813216675333,10
1525,51,15,6,6,4.9453303449739225,9
1526,93,27,28,10,4.941127481170006,17
1527,114,22,9,7,4.931319071415342,15
1528,86,40,36,17,4.927433251240005,23
1529,74,56,106,24,4.924754963776778,32
1530,54,12,108,4,4.909695920764135,8
1531,38,12,28,6,4.907164394244691,6
1532,7,96,88,42,4.898871034458085,54
1533,23,14,104,5,4.897799558060741,9
1534,41,10,94,4,4.894347528636123,6
1535,16,34,43,13,4.892938270825966,21
1536,83,39,5,18,4.890865835189014,21
1537,69,11,95,4,4.882909765417961,7
1538,16,49,37,21,4.875150740770066,28
1539,85,12,88,5,4.8737543176102305,7
1540,100,27,39,12,4.872241184070208,15
1541,37,54,106,25,4.865641247327302,29
1542,5,10,89,3,4.86246564090175,7
1543,52,12,107,4,4.861262849981809,8
1544,86,55,104,24,4.860072856889098,31
1545,27,28,39,14,4.8583260387821845,14
1546,97,12,32,5,4.851459349576839,7
1547,49,14,15,6,4.850153982450124,8
1548,15,23,19,10,4.849772903955845,13
1549,11,35,54,15,4.848696271718109,20
1550,5,30,51,11,4.841333405150811,19
1551,83,20,64,9,4.840996077098241,11
1552,1,21,54,9,4.840521848687888,12
1553,18,41,75,18,4.835583954062303,23
1554,75,39,39,18,4.835166255544909,21
1555,87,15,52,7,4.832747531124254,8
1556,8,15,67,6,4.831909846155583,9
1557,31,19,25,9,4.823839301099763,10
1558,14,15,54,5,4.820525855929132,10
1559,107,26,69,11,4.8204696774136995,15
1560,74,11,85,5,4.812388004493803,6
1561,83,30,8,14,4.811627367676455,16
1562,6,12,106,5,4.810944704219048,7
1563,2,25,106,11,4.808494527305082,14
1564,96,13,108,6,4.805162668071275,7
1565,75,44,88,18,4.804702938088107,26
1566,16,11,56,4,4.8021414027227,7
1567,75,22,96,7,4.801381492311931,15
1568,68,16,6,6,4.799676836342988,10
1569,111,11,25,5,4.797175922879397,6
1570,52,13,20,5,4.795236183864801,8
1571,9,17,1,9,4.794059502939978,8
1572,76,33,5,14,4.788314400539968,19
1573,87,48,50,22,4.77809392160859,26
1574,9,12,5,5,4.777710715122403,7
1575,46,12,29,7,4.775703546529657,5
1576,114,14,94,7,4.775696268753724,7
1577,78,13,34,6,4.775374082125242,7
1578,30,30,68,14,4.772546445353642,16
1579,90,13,70,6,4.771084444295362,7
1580,12,15,31,7,4.770632464521183,8
1581,43,27,88,11,4.769070275262687,16
1582,6,16,27,7,4.762765446713923,9
1583,64,31,41,12,4.758473174288668,19
1584,93,16,50,6,4.755526241513054,10
1585,90,30,5,12,4.752640516818983,18
1586,87,67,65,28,4.751181720183053,39
1587,41,26,69,9,4.748815562050703,17
1588,25,16,77,7,4.745845616411638,9
1589,97,11,3,4,4.740273088979023,7
1590,8,41,46,19,4.737192297274268,22
1591,19,17,86,7,4.7362233460056355,10
1592,68,19,8,8,4.73543967269736,11
1593,6,11,46,5,4.730994669309113,6
1594,15,14,75,5,4.729161606780822,9
1595,78,22,107,9,4.7251046015466605,13
1596,15,10,72,4,4.7131251167737505,6
1597,28,37,18,17,4.710953949587104,20
1598,43,16,71,8,4.70977023229907,8
1599,20,23,46,8,4.708713070266485,15
1600,11,14,80,6,4.704407754517106,8
1601,13,34,1,13,4.702199298952772,21
1602,55,45,60,20,4.699539635247214,25
1603,51,13,58,6,4.6987757235739265,7
1604,16,60,68,23,4.69433729993708,37
1605,97,10,62,4,4.689387738532959,6
1606,43,25,87,11,4.687673727620403,14
1607,71,16,5,7,4.686451238703377,9
1608,30,20,18,9,4.684188634169031,11
1609,77,22,18,8,4.676567510317278,14
1610,98,20,49,9,4.675267204581688,11
1611,13,48,64,23,4.67021662986664,25
1612,52,12,8,5,4.669562642233978,7
1613,80,13,64,6,4.665596394208,7
1614,55,14,98,5,4.662824671110214,9
1615,100,47,107,23,4.662317987754554,24
1616,25,15,47,7,4.655390231832646,8
1617,51,16,112,7,4.651691136811714,9
1618,27,15,25,7,4.649655011418165,8
1619,63,39,96,15,4.649023449526137,24
1620,6,21,16,10,4.642825718029857,11
1621,73,14,13,6,4.642713338622983,8
1622,73,19,109,8,4.637139105733967,11
1623,60,22,25,10,4.636282806493916,12
1624,106,15,110,7,4.633960085739299,8
1625,58,13,63,7,4.62886931152221,6
1626,39,20,77,9,4.6274080055412945,11
1627,60,22,96,7,4.611190930914724,15
1628,107,46,9,21,4.60932354627833,25
1629,81,17,18,7,4.608026491256892,10
1630,37,72,86,32,4.607837359690983,40
1631,88,10,66,4,4.60434245546846,6
1632,7,35,3,14,4.603775118928216,21
1633,88,62,68,26,4.601971796539838,36
1634,23,11,30,5,4.601908928188203,6
1635,77,13,95,6,4.60149322445291,7
1636,50,32,96,14,4.592653394244439,18
1637,27,12,103,6,4.589542402203839,6
1638,60,30,8,14,4.584471076654316,16
1639,28,25,71,10,4.584215619303489,15
1640,99,16,65,7,4.579704538683142,9
1641,7,23,58,11,4.575034525669344,12
1642,99,14,95,6,4.572737764013027,8
1643,99,16,104,8,4.5627492392393,8
1644,70,15,23,7,4.554568026577778,8
1645,8,20,27,8,4.551888772342851,12
1646,83,15,46,7,4.551826612706301,8
1647,99,18,15,7,4.551461310618723,11
1648,28,16,85,7,4.545964613502572,9
1649,12,19,3,7,4.543846245794999,12
1650,8,24,102,11,4.537070383836359,13
1651,106,23,75,11,4.532198108241345,12
1652,50,71,28,30,4.530365152854881,41
1653,100,11,1,5,4.524502828746237,6
1654,37,43,55,20,4.516821858156878,23
1655,11,12,29,6,4.5142833194159175,6
1656,28,16,29,7,4.513248021932702,9
1657,80,10,69,5,4.508733977407145,5
1658,87,13,110,5,4.501644038521952,8
1659,75,20,112,8,4.4989690721071325,12
1660,93,15,37,6,4.493445665639034,9
1661,16,102,107,39,4.491862341070498,63
1662,34,15,27,7,4.4853072344681015,8
1663,65,22,3,9,4.4841958462742335,13
1664,95,33,107,15,4.475609109265348,18
1665,27,38,86,15,4.475599277388676,23
1666,55,45,11,18,4.474786147328663,27
1667,16,102,7,45,4.473957168273418,57
1668,96,31,25,14,4.4728328775528,17
1669,91,10,57,5,4.468260927215541,5
1670,37,18,32,8,4.466542082918521,10
1671,3,15,50,7,4.464463620895282,8
1672,107,23,47,10,4.459572238589974,13
1673,77,11,97,4,4.4549011553839994,7
1674,50,12,73,4,4.454782630059153,8
1675,95,44,16,20,4.453378575583387,24
1676,7,67,31,29,4.4532123702344615,38
1677,6,12,12,6,4.448996636056325,6
1678,2,42,50,18,4.448957186147168,24
1679,13,33,37,14,4.448467961015427,19
1680,95,15,109,6,4.444131433700797,9
1681,45,11,88,4,4.4416566980945715,7
1682,30,33,60,12,4.440049072831526,21
1683,3,13,112,6,4.431324508959898,7
1684,76,33,104,13,4.431201348115444,20
1685,23,14,20,6,4.42777867543601,8
1686,102,20,87,8,4.423994697827657,12
1687,16,39,62,15,4.421453546972002,24
1688,99,30,13,13,4.420966828834258,17
1689,7,64,53,28,4.416213736910661,36
1690,16,109,51,49,4.412519515032203,60
1691,64,12,57,5,4.409680008541512,7
1692,114,20,64,8,4.407773657880817,12
1693,64,29,63,13,4.394960955961679,16
1694,111,20,86,8,4.3910837466552355,12
1695,51,26,43,12,4.390788502279346,14
1696,65,23,76,9,4.385586505985178,14
1697,90,18,17,9,4.380128430106854,9
1698,87,33,25,15,4.379098196808542,18
1699,86,59,39,28,4.3786884201575225,31
1700,9,23,84,10,4.377008558892652,13
1701,60,13,98,6,4.372454949323835,7
1702,55,24,9,10,4.371040618945099,14
1703,55,13,58,6,4.369004483506264,7
1704,40,23,23,10,4.368423326803309,13
1705,74,15,9,6,4.367415226980942,9
1706,33,13,11,7,4.365968233102095,6
1707,95,20,23,9,4.3618962627692595,11
1708,64,31,71,12,4.35947313780117,19
1709,64,16,100,6,4.355062992024106,10
1710,47,24,88,11,4.347102674354304,13
1711,65,16,6,7,4.346168811124812,9
1712,70,29,65,11,4.343984179663613,18
1713,60,12,22,5,4.334241842742782,7
1714,95,19,41,8,4.332143979792177,11
1715,8,64,87,28,4.329007020305179,36
1716,98,23,37,10,4.327931130640237,13
1717,4,22,40,10,4.316643149060896,12
1718,70,14,71,7,4.315612188206775,7
1719,97,23,17,10,4.3134285513049555,13
1720,17,19,20,8,4.3112321942034,11
1721,50,10,52,5,4.308197298973349,5
1722,16,42,71,17,4.305176391927468,25
1723,13,80,107,36,4.302477990099946,44
1724,20,22,109,8,4.302333411252667,14
1725,106,27,53,13,4.302319600135898,14
1726,25,28,54,12,4.300413553073274,16
1727,20,21,44,9,4.299103845073809,12
1728,30,30,54,13,4.29530490019164,17
1729,20,63,54,30,4.290782184792432,33
1730,78,19,54,8,4.289939322497262,11
1731,104,75,65,34,4.2790290823471295,41
1732,9,27,54,12,4.272544772651765,15
1733,33,12,96,7,4.271042933020869,5
1734,108,16,60,7,4.267590404557525,9
1735,91,30,107,12,4.264126621091653,18
1736,51,15,38,6,4.261652425824847,9
1737,104,17,80,8,4.256665633473226,9
1738,9,12,29,5,4.247154248113977,7
1739,87,29,57,12,4.245143188420474,17
1740,106,14,34,7,4.243674039664675,7
1741,31,12,74,5,4.240578281890586,7
1742,109,10,47,4,4.236742850593238,6
1743,17,15,43,7,4.236669826180697,8
1744,23,12,48,5,4.227938531173128,7
1745,71,11,44,5,4.223524348839462,6
1746,4,19,18,8,4.220670692754494,11
1747,87,21,31,10,4.220659397575877,11
1748,86,59,46,23,4.218640718519183,36
1749,65,56,36,24,4.205692860728479,32
1750,15,11,40,5,4.201647176656486,6
1751,85,10,12,4,4.198135644237858,6
1752,13,70,40,31,4.18989591600041,39
1753,30,13,109,5,4.185496549607356,8
1754,23,27,25,12,4.182190113226028,15
1755,80,18,7,7,4.182061930373814,11
1756,16,34,84,15,4.177116652788804,19
1757,46,51,54,22,4.174748314759056,29
1758,16,23,79,10,4.172627485125205,13
1759,28,60,84,26,4.150279635735803,34
1760,99,12,17,5,4.14837583337694,7
1761,55,58,65,26,4.147778374969592,32
1762,84,18,76,8,4.146116027740745,10
1763,20,13,73,5,4.146065391689569,8
1764,13,28,77,12,4.1425538330063505,16
1765,53,47,71,20,4.141303557057986,27
1766,88,53,9,23,4.139791770697589,30
1767,71,11,20,4,4.13643055739397,7
1768,49,19,9,9,4.13427318738577,10
1769,112,16,94,6,4.1306598471384035,10
1770,45,22,65,11,4.1259231703887,11
1771,28,31,102,14,4.125433119952879,17
1772,13,62,46,26,4.124756823653082,36
1773,3,12,46,6,4.120061864952646,6
1774,97,30,63,13,4.107378727934806,17
1775,93,14,109,6,4.103558953267082,8
1776,83,20,93,9,4.100880722204593,11
1777,20,24,35,10,4.098728722002914,14
1778,15,25,107,9,4.092385856197937,16
1779,36,11,19,5,4.088590218421688,6
1780,74,22,50,10,4.086243740312162,12
1781,86,117,5,51,4.074944655375778,66
1782,16,10,12,4,4.074172433894508,6
1783,11,12,34,6,4.072817944161177,6
1784,87,38,60,18,4.07068260924909,20
1785,64,12,19,4,4.068998906277915,8
1786,43,10,95,4,4.063398320607949,6
1787,32,10,40,5,4.050021677419869,5
1788,23,43,88,17,4.047882049914368,26
1789,7,21,50,10,4.045740478776832,11
1790,98,26,76,11,4.039201436166646,15
1791,1,10,43,5,4.038976715758721,5
1792,43,16,104,8,4.037704614766143,8
1793,9,18,38,8,4.035727579019442,10
1794,77,13,64,7,4.031037841312949,6
1795,71,13,47,6,4.030916530509353,7
1796,39,49,53,21,4.016611432547999,28
1797,104,44,51,17,4.0154244082227635,27
1798,8,20,110,8,4.013172679497404,12
1799,55,36,54,17,4.011039158800403,19
1800,66,12,31,5,4.008754872558654,7
1801,100,26,7,11,4.007756687202791,15
1802,30,33,71,15,4.006253796204616,18
1803,87,95,107,42,4.0031430324388175,53
1804,31,16,112,6,4.001730552260451,10
1805,60,18,97,9,3.9792005525226366,9
1806,84,16,19,7,3.97722373483422,9
1807,96,12,14,5,3.975747798085754,7
1808,17,18,63,8,3.9668490280440634,10
1809,13,89,51,41,3.963822887097114,48
1810,74,24,93,11,3.9601017688790825,13
1811,30,13,35,6,3.9583115712431316,7
1812,65,34,17,13,3.9540701507148905,21
1813,88,50,104,21,3.9536343834384886,29
1814,9,45,86,19,3.945093339569097,26
1815,6,11,40,5,3.9442678680230823,6
1816,3,11,93,6,3.9394735942906975,5
1817,80,10,97,4,3.9365866928471034,6
1818,97,35,16,16,3.9340820840887147,19
1819,57,11,50,4,3.9290278222481443,7
1820,16,115,86,49,3.928159371089199,66
1821,13,26,78,11,3.926307249939249,15
1822,5,28,2,12,3.923277825320168,16
1823,37,38,70,16,3.9227382855891664,22
1824,89,13,86,7,3.91749283769541,6
1825,79,13,54,5,3.90846253808764,8
1826,39,49,55,21,3.9021775272744907,28
1827,102,26,37,11,3.9015784283610255,15
1828,28,23,57,10,3.897117570901977,13
1829,87,28,49,14,3.8881049860589325,14
1830,28,27,17,12,3.885054779321747,15
1831,11,73,86,33,3.8770029700163966,40
1832,27,30,87,13,3.8730507088823853,17
1833,95,36,87,16,3.86940077356921,20
1834,68,17,109,6,3.8661451047117263,11
1835,62,12,3,5,3.8585322308569787,7
1836,41,25,114,12,3.854494902198664,13
1837,65,34,111,14,3.8475275648066685,20
1838,18,23,31,11,3.843025830767866,12
1839,15,28,65,12,3.8402623673408756,16
1840,20,26,7,12,3.839940256500117,14
1841,38,13,46,5,3.833859769343221,8
1842,43,13,8,6,3.832590073745516,7
1843,91,26,13,12,3.831748260733109,14
1844,70,30,51,14,3.8297117807076555,16
1845,7,91,86,38,3.829211308511208,53
1846,44,16,87,7,3.8267549460576484,9
1847,4,11,3,5,3.825046392091852,6
1848,7,19,11,8,3.8244118156669114,11
1849,44,14,64,6,3.8242226428845654,8
1850,55,21,4,10,3.821660634263142,11
1851,5,28,91,11,3.8146250930665166,17
1852,110,16,5,7,3.8138584796050923,9
1853,15,17,100,8,3.8067436252412934,9
1854,107,57,55,26,3.801759981148568,31
1855,64,17,3,7,3.801459101897862,10
1856,20,13,104,5,3.7974160411444706,8
1857,80,13,60,6,3.7883602235098173,7
1858,94,12,37,5,3.788108137633396,7
1859,7,10,93,5,3.7802315490169653,5
1860,22,10,27,4,3.779408602150734,6
1861,107,48,23,22,3.7778307981128205,26
1862,104,13,92,7,3.7768187223532306,6
1863,63,19,4,8,3.775833657808686,11
1864,15,22,54,11,3.7704013204125926,11
1865,47,13,15,6,3.7602698343279473,7
1866,51,33,109,12,3.752003613096799,21
1867,53,42,40,19,3.7429391558119995,23
1868,1,13,4,5,3.736039087851971,8
1869,27,17,3,9,3.735454066656184,8
1870,86,65,25,30,3.735239092039536,35
1871,89,14,60,7,3.7237634526579124,7
1872,19,18,69,8,3.7236514442592688,10
1873,15,21,5,8,3.714734226349825,13
1874,106,17,43,8,3.7068539679712273,9
1875,107,35,38,15,3.6995303509541118,20
1876,16,94,65,41,3.6992360084989437,53
1877,23,19,28,9,3.6970356039584393,10
1878,114,37,51,18,3.6824882422691596,19
1879,34,19,55,9,3.680955248563573,10
1880,101,14,68,5,3.6742625668258913,9
1881,71,12,27,5,3.672482180614424,7
1882,80,25,87,11,3.671802865102301,14
1883,88,32,18,15,3.671365875253385,17
1884,108,26,51,12,3.669690549423147,14
1885,39,24,31,10,3.6610558433956157,14
1886,49,33,86,16,3.658017569424131,17
1887,97,33,96,16,3.657438935158263,17
1888,90,10,71,5,3.6561036030201253,5
1889,107,21,32,10,3.6546977761524686,11
1890,109,15,9,8,3.6538651478462696,7
1891,86,35,112,15,3.6519339014109726,20
1892,17,11,18,6,3.651905683853181,5
1893,100,17,62,8,3.6518275989907703,9
1894,27,13,50,5,3.6503401008022798,8
1895,14,10,70,5,3.647042134114848,5
1896,54,51,51,23,3.6412061491233527,28
1897,112,13,69,6,3.640201196896185,7
1898,75,14,108,6,3.6340908116173014,8
1899,27,17,112,8,3.6269524973615406,9
1900,43,19,18,10,3.6267699505365183,9
1901,80,26,28,12,3.6230809501897743,14
1902,55,13,94,6,3.6120696685756317,7
1903,102,13,91,6,3.5942640564526322,7
1904,58,13,71,6,3.5901555481142546,7
1905,97,10,95,4,3.58943247133478,6
1906,61,16,60,8,3.58082656290379,8
1907,20,50,28,22,3.578415489537416,28
1908,3,18,57,8,3.574243211556378,10
1909,16,22,38,8,3.5724883088865464,14
1910,79,13,108,5,3.562523700236059,8
1911,64,11,33,4,3.5581108018586245,7
1912,28,19,36,9,3.5549996153541237,10
1913,23,13,57,6,3.554408044637193,7
1914,30,13,4,6,3.554167963462701,7
1915,62,26,71,12,3.5527257568780746,14
1916,53,49,65,23,3.552341058928982,26
1917,40,65,36,28,3.5400829247343655,37
1918,44,15,7,7,3.5352660207554516,8
1919,93,17,25,8,3.5300397889756283,9
1920,87,23,97,9,3.5298267728440083,14
1921,20,17,76,9,3.5278207011714735,8
1922,16,39,17,15,3.5193037187836715,24
1923,84,10,69,4,3.511765515832677,6
1924,8,38,104,17,3.50734140656749,21
1925,49,10,33,4,3.5057518320537766,6
1926,74,16,23,7,3.505315761927058,9
1927,1,12,39,7,3.502316135418237,5
1928,37,13,108,6,3.501919723771849,7
1929,49,18,63,8,3.500149915800845,10
1930,50,26,9,11,3.4989626487903873,15
1931,97,36,114,16,3.4948097299506915,20
1932,27,10,72,4,3.4933461278277846,6
1933,60,25,95,11,3.491189705369488,14
1934,62,13,36,6,3.489528327052378,7
1935,54,11,103,4,3.4875703394156505,7
1936,36,30,51,14,3.4874600225025074,16
1937,12,18,71,8,3.487442945948432,10
1938,25,20,70,9,3.484518115943736,11
1939,55,16,18,8,3.4810467173744706,8
1940,96,57,54,28,3.4766133859583515,29
1941,73,14,16,7,3.4738693799097953,7
1942,74,60,5,28,3.469996146708342,32
1943,106,49,51,22,3.457607975311814,27
1944,11,27,20,11,3.4556419496334594,16
1945,33,23,5,11,3.454327509177194,12
1946,37,21,23,10,3.453043705748743,11
1947,68,25,46,11,3.449465987108053,14
1948,94,22,87,10,3.4492202559248533,12
1949,76,28,55,11,3.4438952481653065,17
1950,60,58,40,26,3.4423663485116363,32
1951,114,29,39,14,3.441117211126096,15
1952,102,31,25,14,3.4382241991917164,17
1953,41,14,19,6,3.434202710885185,8
1954,4,12,37,5,3.421871703775507,7
1955,11,12,97,6,3.419346386793516,6
1956,17,11,36,6,3.4172736451567545,5
1957,104,26,98,14,3.4091853213510754,12
1958,97,34,65,15,3.4017573029180164,19
1959,55,29,84,13,3.40123055779696,16
1960,4,13,28,6,3.3940824912486867,7
1961,13,26,112,13,3.392352489097591,13
1962,73,10,104,4,3.391491099464731,6
1963,62,19,65,9,3.3909839239840913,10
1964,19,13,88,6,3.388300396354987,7
1965,36,28,55,13,3.383336577257353,15
1966,73,15,98,7,3.380055365181917,8
1967,100,13,44,6,3.3720452657314226,7
1968,109,23,102,10,3.367967756914995,13
1969,11,41,88,18,3.366600706445604,23
1970,112,17,19,7,3.366573611867621,10
1971,40,17,20,7,3.3649339637959645,10
1972,54,25,97,12,3.3648153427656755,13
1973,14,23,8,10,3.3634201583462158,13
1974,17,10,48,5,3.361151763324526,5
1975,54,12,3,6,3.355227899021248,6
1976,88,30,70,13,3.3524090493184278,17
1977,83,10,20,5,3.3478898251644025,5
1978,40,15,91,7,3.345577169162442,8
1979,75,13,33,5,3.342736023465548,8
1980,54,20,98,9,3.3414082574982986,11
1981,68,13,5,6,3.3380294056441144,7
1982,71,13,76,7,3.3359186512389036,6
1983,108,17,74,7,3.332088965409244,10
1984,41,19,50,8,3.331657114556134,11
1985,104,32,54,15,3.328617374285995,17
1986,97,16,84,6,3.316428205809935,10
1987,60,31,75,14,3.3139158628036856,17
1988,28,12,15,6,3.3076634264923883,6
1989,28,29,48,13,3.3030143286202387,16
1990,104,60,5,28,3.3007473735225052,32
1991,23,36,87,15,3.299045225591567,21
1992,7,50,27,23,3.2964519228876403,27
1993,100,20,74,9,3.2929107546249483,11
1994,27,18,49,8,3.289974993158309,10
1995,90,25,60,10,3.288918313106561,15
1996,60,49,86,22,3.275471722293173,27
1997,114,13,67,6,3.2746706512348434,7
1998,11,11,78,6,3.2703286160036837,5
1999,13,114,7,52,3.2643026156976367,62
2000,28,56,54,25,3.2622780281799852,31
2001,18,56,53,26,3.2615252410170665,30
2002,30,16,19,8,3.2607810254983622,8
2003,76,14,95,6,3.2576515088397957,8
2004,7,24,74,9,3.257493143792888,15
2005,60,29,41,14,3.2551745470437363,15
2006,114,47,25,20,3.2540864225169766,27
2007,107,38,64,18,3.2526423716483417,20
2008,72,12,112,6,3.2419070033792714,6
2009,86,108,87,53,3.2407973564526853,55
2010,23,12,81,5,3.240703587077002,7
2011,99,25,60,11,3.2381944591027096,14
2012,27,18,94,8,3.2365053150430136,10
2013,107,49,36,23,3.234838704648264,26
2014,60,68,16,31,3.2309192664317186,37
2015,2,21,87,9,3.2308938185741103,12
2016,16,18,35,7,3.2305329948687067,11
2017,8,46,51,21,3.2258849231912943,25
2018,4,21,16,11,3.2239938149007976,10
2019,23,55,7,25,3.2229283053761675,30
2020,55,39,28,16,3.2184704312839787,23
2021,64,19,23,9,3.212372911598019,10
2022,51,45,46,20,3.212290911376682,25
2023,17,16,74,7,3.211770551027832,9
2024,50,19,97,8,3.210625734622642,11
2025,60,47,31,24,3.2094707274879264,23
2026,106,28,17,11,3.2039846830051117,17
2027,44,12,76,5,3.2019945343572473,7
2028,36,41,39,18,3.1998605067578225,23
2029,55,49,5,22,3.1989531771818034,27
2030,88,61,5,29,3.1946532218196624,32
2031,37,54,50,26,3.188335276013606,28
2032,83,25,65,12,3.1850517665827933,13
2033,16,26,47,12,3.1797433324518383,14
2034,74,12,30,6,3.175828716417199,6
2035,43,32,7,13,3.1749602918386857,19
2036,106,25,60,10,3.171261503808182,15
2037,110,16,86,7,3.1694821197260503,9
2038,90,14,74,5,3.1680613510289204,9
2039,68,11,48,5,3.1648474660602846,6
2040,86,21,82,9,3.1586560919846263,12
2041,104,51,7,23,3.158219418007504,28
2042,75,23,23,12,3.1487336010920157,11
2043,23,48,65,23,3.1380450881841524,25
2044,112,11,43,5,3.1359235341148524,6
2045,36,11,80,5,3.115857421175661,6
2046,25,25,17,11,3.1106502600539105,14
2047,50,24,4,12,3.110559237136959,12
2048,63,91,86,38,3.106277287763664,53
2049,109,25,106,12,3.1028448270841773,13
2050,41,15,54,7,3.102250260710982,8
2051,92,15,60,6,3.101629065738582,9
2052,74,13,27,7,3.1002755903304404,6
2053,99,14,68,6,3.1001036150844663,8
2054,64,10,91,4,3.0993479020870796,6
2055,45,14,87,6,3.0862202973256596,8
2056,74,40,63,19,3.0803940829456544,21
2057,109,28,84,12,3.073799704825316,16
2058,74,11,41,6,3.0735662157516845,5
2059,75,30,25,13,3.069551733540898,17
2060,20,22,55,10,3.0673393388469985,12
2061,60,40,114,22,3.0670908685799034,18
2062,71,18,25,8,3.0644100067848146,10
2063,48,14,55,6,3.06362691776684,8
2064,29,27,107,10,3.0624303248850926,17
2065,71,42,86,20,3.060669361739169,22
2066,38,13,96,6,3.0422152322461717,7
2067,25,39,65,16,3.0368934823131175,23
2068,27,12,99,6,3.0280763102634354,6
2069,86,86,84,42,3.02781032605717,44
2070,109,22,76,11,3.021988566444069,11
2071,49,13,29,6,3.0167276558140452,7
2072,6,27,7,15,3.013941061604383,12
2073,7,16,29,9,3.005492860131707,7
2074,20,47,37,22,3.004985214474966,25
2075,96,14,34,6,3.0017630147825622,8
2076,4,11,69,5,2.999484176661719,6
2077,23,25,76,12,2.9981472006027956,13
2078,34,21,16,9,2.976314710839408,12
2079,84,36,106,18,2.9754739608250116,18
2080,49,16,64,8,2.974435618509845,8
2081,36,32,4,13,2.9739066740354185,19
2082,85,16,68,6,2.973610386914133,10
2083,2,21,37,10,2.9697580112694486,11
2084,34,10,67,6,2.9692152425887484,4
2085,28,14,78,7,2.9690904453024123,7
2086,47,11,53,5,2.9672181618537916,6
2087,34,18,13,8,2.9667381266142607,10
2088,25,18,57,8,2.964934950553875,10
2089,114,23,46,10,2.9631435316072405,13
2090,80,16,8,8,2.9519293865537115,8
2091,18,20,65,10,2.9468351166959534,10
2092,41,32,40,15,2.9467288085082743,17
2093,28,57,65,25,2.9366188041670434,32
2094,36,20,87,8,2.935573250897663,12
2095,74,82,86,39,2.921287780715151,43
2096,102,19,106,10,2.9207255392565097,9
2097,13,17,48,8,2.9139461654751586,9
2098,25,12,108,5,2.9132670669268244,7
2099,51,27,23,12,2.9105396123674607,15
2100,3,35,68,15,2.909677159948378,20
2101,91,19,37,9,2.9050960547005245,10
2102,114,15,49,8,2.9041454192281644,7
2103,71,13,108,6,2.8992906212622866,7
2104,44,10,70,5,2.8975248911261433,5
2105,13,71,55,33,2.8959426272282824,38
2106,75,24,74,10,2.8903655619324433,14
2107,85,13,16,5,2.881350637135497,8
2108,27,21,75,10,2.874214711599615,11
2109,57,12,53,6,2.8739584447786424,6
2110,87,42,20,20,2.8691206159340576,22
2111,46,23,63,12,2.867241869896345,11
2112,39,35,104,16,2.8536678809946237,19
2113,51,18,99,9,2.853477797374065,9
2114,73,16,96,7,2.8534303980093814,9
2115,34,10,65,5,2.851457666336363,5
2116,97,13,33,6,2.8486496222061595,7
2117,28,13,44,7,2.8461398630992765,6
2118,46,24,76,11,2.8453201116747953,13
2119,104,33,74,14,2.8329598216365466,19
2120,53,23,81,10,2.832269045840245,13
2121,40,14,109,6,2.8243745319718676,8
2122,18,13,71,6,2.821320109059578,7
2123,30,41,87,19,2.821310502909845,22
2124,64,13,47,5,2.8212403790572256,8
2125,39,12,98,5,2.8139572577793732,7
2126,1,32,36,16,2.8095303452930684,16
2127,99,15,41,7,2.8081672918617278,8
2128,106,14,112,7,2.805082024542767,7
2129,50,20,109,9,2.7980846162026616,11
2130,4,25,114,12,2.797376255941943,13
2131,60,25,15,12,2.796605854193514,13
2132,7,26,1,12,2.7932054952385035,14
2133,100,13,36,6,2.7923934619121087,7
2134,9,15,97,8,2.7891659901703596,7
2135,28,31,91,14,2.785819668061851,17
2136,11,14,27,7,2.775005756753638,7
2137,5,11,10,6,2.7716738654503197,5
2138,38,11,40,6,2.7715520430648577,5
2139,5,17,77,8,2.765837567194589,9
2140,86,99,28,44,2.7627265154997587,55
2141,16,28,111,12,2.7556703657470822,16
2142,63,23,112,11,2.746965390570722,12
2143,68,28,70,13,2.7436175339888784,15
2144,112,12,8,6,2.740736306324458,6
2145,97,22,104,11,2.7396377781056174,11
2146,99,12,63,6,2.7377253409939364,6
2147,65,50,106,23,2.735321183024918,27
2148,75,12,34,6,2.7327928404854553,6
2149,16,76,8,34,2.7297636152330345,42
2150,55,53,88,22,2.721264805593774,31
2151,104,31,70,14,2.720810924975006,17
2152,11,50,28,24,2.7199624016130106,26
2153,95,11,80,5,2.7197438471090796,6
2154,49,16,70,8,2.713121422106841,8
2155,41,50,107,21,2.7130435159152007,29
2156,87,15,6,7,2.694438630924357,8
2157,86,81,8,40,2.692628979543156,41
2158,65,40,71,17,2.686780335165667,23
2159,13,11,35,5,2.684594978225239,6
2160,39,25,5,12,2.679132217269287,13
2161,25,17,44,8,2.673535476281759,9
2162,95,18,75,8,2.672802736686619,10
2163,114,25,74,12,2.666972342657447,13
2164,19,13,98,7,2.664848401043938,6
2165,74,13,91,6,2.658254293210725,7
2166,92,29,88,13,2.6541256559252315,16
2167,57,13,36,5,2.6531160901053807,8
2168,30,24,8,11,2.6514132136935467,13
2169,87,15,17,7,2.6490303870133403,8
2170,30,21,37,9,2.6448172779185537,12
2171,16,60,5,25,2.6435184456824317,35
2172,88,17,6,8,2.6434018871915526,9
2173,33,14,95,6,2.641545389608455,8
2174,29,27,87,11,2.6404497939899083,16
2175,10,10,106,3,2.639964127087712,7
2176,11,17,17,8,2.63850353139516,9
2177,3,17,49,8,2.6382409196969405,9
2178,110,13,54,6,2.63588490299345,7
2179,17,30,39,13,2.6347382750427313,17
2180,15,12,78,6,2.6282304993251357,6
2181,91,36,86,17,2.627461430980282,19
2182,11,16,41,6,2.621488887090537,10
2183,27,16,23,8,2.6213518456169727,8
2184,108,30,107,14,2.620006429041506,16
2185,7,107,68,49,2.615642976840099,58
2186,75,28,64,13,2.6143964254367047,15
2187,76,13,2,5,2.6134640032331116,8
2188,11,16,40,7,2.6127959858163616,9
2189,40,29,1,13,2.608102727316189,16
2190,29,15,8,6,2.6026147927178713,9
2191,85,25,107,12,2.601380149286502,13
2192,36,23,91,10,2.600483205457648,13
2193,1,10,109,5,2.5929606771402254,5
2194,86,33,18,14,2.5923706641316473,19
2195,71,25,87,12,2.5901035214218346,13
2196,19,10,49,4,2.589172591819973,6
2197,34,33,107,14,2.587571909726937,19
2198,69,14,71,7,2.5823526075537777,7
2199,1,15,17,7,2.5752502333351277,8
2200,29,18,38,8,2.5695121914050656,10
2201,50,50,107,24,2.5656690703128167,26
2202,92,13,87,6,2.565186954563254,7
2203,9,11,23,5,2.5650998994582817,6
2204,28,43,51,21,2.5635290356109595,22
2205,29,13,34,6,2.5611931504373397,7
2206,83,10,63,6,2.557624644664858,4
2207,86,14,14,7,2.5565201304900333,7
2208,73,19,1,8,2.55342910039073,11
2209,72,11,49,5,2.549936614828146,6
2210,7,74,36,34,2.5493587507973596,40
2211,41,46,16,23,2.5491961367085363,23
2212,63,25,60,11,2.5472563824704055,14
2213,19,15,20,7,2.543598619448083,8
2214,63,16,79,7,2.5383647167046712,9
2215,111,11,60,4,2.535604443502029,7
2216,39,50,60,24,2.5355246842136103,26
2217,69,15,94,7,2.5350277997352677,8
2218,20,20,95,9,2.532527406942274,11
2219,7,29,17,13,2.532089441361392,16
2220,44,15,107,7,2.530544567099409,8
2221,36,33,9,15,2.5279240780374668,18
2222,39,18,4,8,2.5267698999647226,10
2223,39,32,50,15,2.5245695496572065,17
2224,80,34,54,17,2.5244394841569355,17
2225,28,19,19,8,2.518286906397448,11
2226,65,41,12,20,2.5178517807572853,21
2227,12,15,36,7,2.516319942513749,8
2228,75,43,55,18,2.5125301308500267,25
2229,106,37,96,16,2.50842381050559,21
2230,60,26,28,14,2.50378394638272,12
2231,37,18,109,8,2.501013404341532,10
2232,86,34,78,16,2.500935014620726,18
2233,76,28,11,12,2.4965409468099162,16
2234,18,11,111,5,2.4899108726358863,6
2235,87,37,104,19,2.4814321174048914,18
2236,95,30,39,14,2.481130681096554,16
2237,96,14,3,7,2.4759083478520023,7
2238,7,61,9,30,2.475604646115282,31
2239,75,31,87,14,2.4728263386250795,17
2240,3,11,94,5,2.470336823433669,6
2241,4,17,81,7,2.4678124777063273,10
2242,87,40,74,18,2.4671563114027473,22
2243,74,17,69,9,2.4664972820824542,8
2244,88,72,107,32,2.4608917089958973,40
2245,19,23,68,10,2.459954749025013,13
2246,65,29,112,13,2.4552380652908354,16
2247,32,10,50,6,2.444054190716271,4
2248,96,31,88,15,2.4406464912019903,16
2249,12,18,86,8,2.4382543520920796,10
2250,55,39,106,17,2.438139246666604,22
2251,14,19,51,7,2.4338441230915158,12
2252,100,16,17,6,2.4323723068282863,10
2253,91,20,75,13,2.432369433261267,7
2254,112,15,17,7,2.4234359656310724,8
2255,76,13,29,7,2.419934578837021,6
2256,109,11,99,5,2.4195174025010595,6
2257,107,46,25,22,2.4187485647838765,24
2258,94,17,54,8,2.418369665890047,9
2259,71,35,39,16,2.4158892555534424,19
2260,65,11,92,5,2.4112859752548714,6
2261,8,33,93,16,2.4111455321691304,17
2262,47,24,51,12,2.409457368099758,12
2263,9,18,69,8,2.405000245398061,10
2264,20,26,80,12,2.4033351571638564,14
2265,56,10,8,4,2.40008605471798,6
2266,114,15,98,7,2.3992721750256902,8
2267,46,38,28,16,2.3990178798165633,22
2268,29,15,30,6,2.3949739668636143,9
2269,83,22,87,11,2.390357141943488,11
2270,111,12,8,6,2.390343846489095,6
2271,104,40,95,18,2.3890342183876085,22
2272,4,21,71,8,2.3871750117365993,13
2273,96,25,104,11,2.3866419839158346,14
2274,75,13,56,5,2.3840139649043497,8
2275,8,23,17,11,2.3808090982416816,12
2276,71,40,107,17,2.3760609676092463,23
2277,76,30,87,13,2.375027478315274,17
2278,8,55,96,25,2.371439357092425,30
2279,30,15,48,6,2.3702999073115167,9
2280,50,19,112,8,2.3689643473531756,11
2281,40,24,50,10,2.3671440474550507,14
2282,7,19,70,7,2.364945757295021,12
2283,63,46,39,18,2.3626947638130473,28
2284,99,23,5,11,2.3616219022642833,12
2285,8,51,11,23,2.3603163454829668,28
2286,19,17,100,9,2.358656599318164,8
2287,96,14,109,6,2.3566759619593642,8
2288,4,36,31,15,2.3535355966794667,21
2289,107,58,37,27,2.3520883092822165,31
2290,104,19,3,9,2.3520715951524083,10
2291,16,20,2,9,2.3446106684988552,11
2292,114,12,38,6,2.341526377437994,6
2293,6,13,50,6,2.3414923323310646,7
2294,29,16,86,7,2.3399676619619445,9
2295,15,31,57,14,2.3311898509183164,17
2296,25,28,53,14,2.3301510854690854,14
2297,109,51,5,25,2.3285813949081655,26
2298,50,23,64,11,2.3285304422785047,12
2299,104,21,102,11,2.320627297470276,10
2300,88,32,91,15,2.315767764685104,17
2301,54,18,72,8,2.308906899741836,10
2302,109,18,48,9,2.306624480190798,9
2303,86,20,94,9,2.303835666976208,11
2304,58,12,50,6,2.3033767529431137,6
2305,88,27,69,12,2.3003595758399977,15
2306,86,21,32,10,2.2989864902239003,11
2307,9,15,81,7,2.2974062849528156,8
2308,100,24,5,11,2.2932427434044684,13
2309,114,18,45,8,2.292094813707232,10
2310,51,28,69,12,2.2914051236276647,16
2311,106,13,4,7,2.287883468044352,6
2312,29,11,17,5,2.2877927401917684,6
2313,37,46,74,22,2.283869095408045,24
2314,63,38,114,15,2.2836807270192585,23
2315,9,47,40,21,2.2806450266015683,26
2316,87,25,69,11,2.2788206236890387,14
2317,88,20,35,10,2.2787018333731495,10
2318,80,16,71,8,2.275392383804814,8
2319,16,48,70,21,2.2731186306672027,27
2320,61,10,31,5,2.2696136748473603,5
2321,28,66,96,31,2.267406944603933,35
2322,85,12,7,5,2.2672729351147445,7
2323,106,45,88,19,2.2639858690375614,26
2324,95,30,25,14,2.25397314365567,16
2325,69,13,20,6,2.253225234520165,7
2326,88,38,4,18,2.2459217004175493,20
2327,70,10,27,5,2.243263258457552,5
2328,18,14,20,6,2.2334528603958916,8
2329,62,12,1,5,2.2295391066336445,7
2330,90,16,25,7,2.2261576936837058,9
2331,88,11,33,6,2.22422094342155,5
2332,15,35,16,18,2.2237416484226826,17
2333,98,13,99,7,2.2212581677933785,6
2334,18,14,98,8,2.221147797140808,6
2335,93,12,51,6,2.2166321429168523,6
2336,107,12,72,6,2.2128381598013536,6
2337,8,84,55,42,2.2123521211081862,42
2338,5,50,96,22,2.2114271922507607,28
2339,60,63,88,28,2.2053487740970454,35
2340,107,50,106,24,2.1993074270722803,26
2341,7,75,40,33,2.1957521283064803,42
2342,31,10,54,5,2.186668926147148,5
2343,8,64,74,28,2.186622040651489,36
2344,51,53,60,22,2.1855409593348947,31
2345,107,49,68,22,2.1853889900704098,27
2346,63,36,11,15,2.1843034251555355,21
2347,63,26,70,12,2.1813121472430437,14
2348,84,16,93,8,2.173203038685072,8
2349,33,11,39,5,2.170155887452032,6
2350,86,75,54,36,2.1689438842347455,39
2351,88,14,74,5,2.165363961250821,9
2352,23,13,53,6,2.1639220781507627,7
2353,102,22,74,10,2.1384304011801047,12
2354,34,13,76,7,2.1338119769299593,6
2355,35,16,43,8,2.1256405181906697,8
2356,37,26,84,12,2.124049904647881,14
2357,53,11,70,5,2.117480208536356,6
2358,65,38,37,19,2.116557677432621,19
2359,1,20,64,10,2.1164326209593654,10
2360,60,21,19,9,2.115884583957073,12
2361,7,17,72,8,2.1143024060967655,9
2362,74,12,33,6,2.113811361820999,6
2363,12,11,38,5,2.110101843923071,6
2364,84,18,79,9,2.0988599029371873,9
2365,83,34,55,17,2.0962093979720215,17
2366,97,22,8,11,2.094799206270941,11
2367,17,12,91,5,2.0932516032559634,7
2368,13,18,62,9,2.0919053307034106,9
2369,51,73,107,31,2.089934426977997,42
2370,88,55,28,25,2.0851563159512976,30
2371,74,47,65,23,2.0847963525870914,24
2372,82,10,63,5,2.077975861296688,5
2373,88,71,51,37,2.0740353286735176,34
2374,30,16,38,6,2.068057686709754,10
2375,79,12,88,5,2.064245316960763,7
2376,72,10,88,4,2.061958798790806,6
2377,86,12,113,5,2.0586102760293077,7
2378,86,45,90,20,2.0574221764428238,25
2379,17,48,51,24,2.054126154034215,24
2380,65,31,80,15,2.0509198465423397,16
2381,55,12,78,5,2.0477037119923778,7
2382,93,21,88,9,2.047097578055209,12
2383,15,30,86,14,2.0441092378448196,16
2384,18,34,51,17,2.042743355152735,17
2385,49,25,17,10,2.0365468890654417,15
2386,89,14,88,7,2.0354634990614118,7
2387,27,17,47,9,2.0335900799830844,8
2388,109,18,65,7,2.0321022824018544,11
2389,55,11,79,5,2.0315889229013426,6
2390,91,14,114,7,2.0312426341433967,7
2391,60,29,9,12,2.026686622824744,17
2392,32,11,13,5,2.026181507027534,6
2393,18,32,60,15,2.0244266182620256,17
2394,78,24,68,11,2.023366317382964,13
2395,114,27,17,11,2.0211590753648707,16
2396,8,37,90,16,2.0194647820717804,21
2397,83,22,97,12,2.007636873207567,10
2398,16,87,28,40,2.003836691762287,47
2399,109,58,86,27,1.9995853464624296,31
2400,104,15,112,7,1.99393597279257,8
2401,13,38,50,18,1.9937674166002914,20
2402,65,14,19,7,1.9908537179891221,7
2403,60,20,38,10,1.990189103737265,10
2404,53,19,4,9,1.987694792892671,10
2405,1,33,107,16,1.9841002438837665,17
2406,28,38,25,16,1.9833898911599184,22
2407,85,11,11,5,1.9817217638118103,6
2408,95,28,53,11,1.9769373995573185,17
2409,64,15,15,8,1.9745380862871305,7
2410,50,11,35,5,1.9581460146246747,6
2411,78,12,71,6,1.95458083263832,6
2412,36,34,64,17,1.9485056781764598,17
2413,7,15,48,8,1.9478692265013036,7
2414,19,14,3,6,1.9452038431063525,8
2415,25,20,55,9,1.9429576796619945,11
2416,8,49,65,23,1.9424040079534102,26
2417,23,14,31,6,1.9392936999416424,8
2418,110,13,104,5,1.9388474450810558,8
2419,71,49,7,25,1.9387153694352777,24
2420,32,10,98,5,1.9380052263831626,5
2421,78,22,63,11,1.9372183486989625,11
2422,20,19,30,9,1.9352963119709488,10
2423,3,14,78,6,1.933304155413158,8
2424,23,14,97,7,1.9330528734436567,7
2425,87,38,84,18,1.9318820493391857,20
2426,70,19,40,8,1.9276789997691202,11
2427,114,56,86,27,1.9239569797033826,29
2428,114,21,18,10,1.923577249757446,11
2429,53,43,64,20,1.921457820047301,23
2430,99,11,76,6,1.9173589523208343,5
2431,97,32,106,16,1.9159665785715099,16
2432,110,11,17,5,1.9155371371930665,6
2433,71,29,63,13,1.9151839795200705,16
2434,87,23,47,11,1.9101133657381941,12
2435,68,38,1,18,1.9099752765436664,20
2436,16,31,80,14,1.9062257079773537,17
2437,14,13,88,6,1.902096229341471,7
2438,107,27,112,13,1.8978016202230066,14
2439,20,35,106,16,1.890590591428699,19
2440,47,34,39,16,1.8887252121213745,18
2441,25,23,64,11,1.8857238852847684,12
2442,2,41,8,20,1.8848654476169697,21
2443,87,30,64,15,1.880574512996562,15
2444,8,14,79,8,1.8787453444383122,6
2445,51,49,41,23,1.8775057050925423,26
2446,13,91,65,42,1.8704880163256519,49
2447,17,26,54,13,1.867393134138254,13
2448,37,95,5,46,1.8654288703425719,49
2449,49,58,13,29,1.8651213064868015,29
2450,85,11,112,5,1.861901124722568,6
2451,87,61,106,30,1.856632619724249,31
2452,8,17,49,9,1.8503482563099287,8
2453,53,22,97,10,1.849246682219108,12
2454,65,23,84,11,1.8452384016260996,12
2455,68,15,81,7,1.8403513087559698,8
2456,114,30,20,14,1.8395405662544742,16
2457,84,38,96,19,1.8356486827006797,19
2458,39,30,3,15,1.830220006872888,15
2459,28,54,109,24,1.8301464583611136,30
2460,54,20,49,10,1.829154265922774,10
2461,74,29,13,14,1.8278354237299064,15
2462,106,11,3,5,1.8270221877820192,6
2463,44,13,114,6,1.8263733365516701,7
2464,64,16,108,8,1.8224151605655865,8
2465,102,13,99,6,1.8212893413036875,7
2466,71,11,109,5,1.8196417828202216,6
2467,79,18,28,8,1.8130893193426152,10
2468,57,24,41,11,1.8129246044249019,13
2469,40,18,111,9,1.8104998545748818,9
2470,36,22,25,11,1.8071440138268557,11
2471,51,34,31,14,1.8036645224364214,20
2472,12,13,100,5,1.803430921135591,8
2473,37,25,90,12,1.7816453937181782,13
2474,11,17,60,8,1.7794297174970226,9
2475,102,13,84,6,1.779322402529277,7
2476,16,93,13,42,1.7680272073351382,51
2477,27,14,76,7,1.7665294690868623,7
2478,88,11,110,6,1.7642228121429866,5
2479,84,26,70,12,1.7530345342228948,14
2480,86,33,57,15,1.7522583613315104,18
2481,4,31,68,15,1.751066192618154,16
2482,97,38,107,19,1.7507246476170455,19
2483,86,13,61,6,1.7442789867829447,7
2484,60,33,36,16,1.7416473627060747,17
2485,18,11,6,5,1.7414584600944751,6
2486,78,10,109,5,1.7406613893547558,5
2487,36,37,88,16,1.7392851936744347,21
2488,88,22,81,10,1.7392542924502719,12
2489,43,31,65,16,1.7334771180435686,15
2490,70,19,75,10,1.7314858975507377,9
2491,50,13,12,8,1.7279667161947851,5
2492,63,15,45,7,1.7260545689947924,8
2493,16,19,45,8,1.7223541453977003,11
2494,104,64,16,30,1.7215823847620741,34
2495,54,14,27,7,1.7208673623652107,7
2496,86,32,38,15,1.7164597494651737,17
2497,16,24,29,12,1.713741055778729,12
2498,109,14,43,7,1.7129267358733018,7
2499,54,40,7,19,1.7088310244062668,21
2500,9,32,63,15,1.7078031316881512,17
2501,48,10,37,5,1.7035937503192145,5
2502,23,44,86,21,1.7030841833116428,23
2503,20,16,102,8,1.6989391239814933,8
2504,36,15,23,9,1.6972875274185721,6
2505,9,23,46,10,1.6945658865661515,13
2506,34,24,86,12,1.693239196868056,12
2507,68,34,106,16,1.687950689096679,18
2508,17,12,77,6,1.6873994667000638,6
2509,54,29,114,15,1.6786165794472776,14
2510,45,28,31,13,1.6710870406691087,15
2511,85,13,51,7,1.664226628935165,6
2512,107,32,17,15,1.6568754180103666,17
2513,30,25,40,12,1.652774817060953,13
2514,36,23,68,11,1.6511686348202657,12
2515,57,41,16,20,1.6424919072587296,21
2516,38,12,80,5,1.6400661445963558,7
2517,13,47,27,23,1.6357555178222805,24
2518,7,78,41,38,1.6316845641232849,40
2519,39,19,96,8,1.6315253594413592,11
2520,112,20,9,10,1.6257132685716438,10
2521,68,18,57,9,1.6190755944848347,9
2522,70,13,43,6,1.6071210379776917,7
2523,47,18,63,10,1.604466681510507,8
2524,94,10,18,5,1.6001116131573032,5
2525,99,18,30,8,1.5949338139614577,10
2526,64,10,90,5,1.5921132093044654,5
2527,2,15,25,8,1.5845186001024008,7
2528,55,22,90,12,1.578656952498874,10
2529,60,25,46,12,1.5735893742532674,13
2530,40,58,88,27,1.5715316879527905,31
2531,9,15,100,6,1.5684675366801661,9
2532,9,14,111,7,1.5621342613374551,7
2533,8,66,28,31,1.5619285888266077,35
2534,109,11,49,5,1.5612220128244458,6
2535,104,23,83,10,1.5563880557352996,13
2536,106,15,14,8,1.5523885439078582,7
2537,11,26,74,12,1.5483769164487977,14
2538,57,12,43,4,1.547683226037978,8
2539,74,11,112,5,1.546586662588193,6
2540,97,25,46,12,1.5379422598602892,13
2541,13,23,45,11,1.536281477648622,12
2542,29,13,53,5,1.5317670028644748,8
2543,114,20,84,9,1.5282826629009798,11
2544,1,34,88,17,1.5234508852206479,17
2545,35,14,37,7,1.523131742310598,7
2546,71,23,51,11,1.5213301920130464,12
2547,48,10,41,5,1.515490885657423,5
2548,46,12,55,5,1.5148590180899557,7
2549,28,63,5,31,1.5122016375527902,32
2550,50,17,108,9,1.5013768012598343,8
2551,29,11,43,5,1.4978241959441965,6
2552,46,52,5,24,1.4974094901037487,28
2553,4,59,13,27,1.4911690163054754,32
2554,73,15,63,8,1.4760785674332926,7
2555,11,17,32,9,1.4729852723414754,8
2556,86,32,2,16,1.4682447143488935,16
2557,112,16,23,7,1.4656028868993851,9
2558,40,64,51,31,1.4624658901194145,33
2559,33,20,28,11,1.4609880096092185,9
2560,31,21,47,10,1.4606130980712668,11
2561,25,23,83,10,1.4597201880554966,13
2562,84,32,54,15,1.4591305177250882,17
2563,20,15,93,8,1.4584347045217758,7
2564,8,16,38,8,1.4562520429495758,8
2565,50,16,89,7,1.4560158637801317,9
2566,53,30,55,14,1.4538038424746393,16
2567,46,62,88,31,1.4519317579443412,31
2568,3,35,51,20,1.4506027114913664,15
2569,106,55,63,27,1.4485566818099482,28
2570,68,24,38,11,1.4453831916260262,13
2571,39,20,70,9,1.4424153371414083,11
2572,20,21,97,11,1.439527960881874,10
2573,50,28,25,14,1.4391705454909012,14
2574,85,30,86,14,1.4358048779112953,16
2575,70,56,86,26,1.42921805361145,30
2576,65,70,41,31,1.4285809086277084,39
2577,36,35,45,19,1.423273124508123,16
2578,29,18,51,8,1.4222631016002016,10
2579,74,21,18,11,1.4198609666190058,10
2580,1,11,53,5,1.4196819324858228,6
2581,94,11,109,6,1.4139835062750086,5
2582,13,70,60,31,1.4135782374303616,39
2583,12,16,40,8,1.4120822666164417,8
2584,7,58,18,29,1.407111198769738,29
2585,12,22,13,8,1.4046792155049035,14
2586,70,17,95,9,1.4011695857654913,8
2587,75,12,44,5,1.399837377533035,7
2588,65,63,68,30,1.3991367681458042,33
2589,91,13,9,6,1.3946381880594532,7
2590,7,15,83,6,1.3943529604549396,9
2591,44,25,16,13,1.3924747988210242,12
2592,43,13,37,7,1.3915535608538905,6
2593,77,20,65,10,1.3855589926207088,10
2594,36,11,29,6,1.3837445576600587,5
2595,50,41,11,19,1.3816262941644981,22
2596,95,31,7,14,1.3809406634768675,17
2597,106,30,41,15,1.3806292559177733,15
2598,43,36,60,17,1.374143488053796,19
2599,6,11,69,6,1.3727715082405263,5
2600,86,66,55,31,1.371489773467497,35
2601,75,10,48,5,1.3711471542080278,5
2602,90,11,76,6,1.3711097869836062,5
2603,25,26,30,14,1.363384718034577,12
2604,64,42,68,18,1.3624818601326818,24
2605,107,39,70,20,1.3599998705907188,19
2606,69,12,85,6,1.3560361154784741,6
2607,12,16,18,7,1.3538062436901652,9
2608,65,11,78,4,1.350087073572891,7
2609,97,37,88,18,1.349074362930903,19
2610,84,26,78,12,1.3485306553399412,14
2611,108,17,40,9,1.3479697301696818,8
2612,70,29,76,15,1.3451436146232179,14
2613,11,42,87,22,1.3332948484864775,20
2614,61,13,65,7,1.327965247882516,6
2615,60,25,109,12,1.3235251021634884,13
2616,74,18,80,9,1.3199661328668575,9
2617,3,17,55,8,1.3172267439478242,9
2618,10,16,8,7,1.3145513780375315,9
2619,32,12,51,6,1.314434714983352,6
2620,49,17,77,7,1.3133671484396685,10
2621,9,28,58,13,1.310268135821902,15
2622,6,13,86,6,1.3062976396978554,7
2623,70,11,102,7,1.3043211125718095,4
2624,5,44,13,21,1.302350985374302,23
2625,87,57,88,30,1.2972492664863855,27
2626,2,22,74,10,1.2925512141562505,12
2627,11,17,102,9,1.2862551218754514,8
2628,33,17,54,9,1.2844291677407338,8
2629,97,20,109,10,1.283406905257821,10
2630,50,30,51,15,1.277023353905357,15
2631,15,17,114,8,1.2734943259065565,9
2632,50,27,65,13,1.2644687002361983,14
2633,63,19,43,9,1.2637110667141382,10
2634,55,26,99,12,1.2605449554949548,14
2635,16,22,33,9,1.250719949272024,13
2636,65,10,89,5,1.246766687204138,5
2637,1,10,71,4,1.2456643982922146,6
2638,34,21,17,10,1.2442519510472088,11
2639,107,30,4,15,1.2387516471106226,15
2640,71,25,31,12,1.2380158081615504,13
2641,63,16,95,8,1.233969730193377,8
2642,11,49,107,23,1.2314893212442308,26
2643,71,26,9,12,1.2262156519313812,14
2644,51,22,49,11,1.2233396102543554,11
2645,98,11,74,5,1.2137114800422117,6
2646,60,59,68,27,1.2120069584657038,32
2647,64,42,88,19,1.2118692904336819,23
2648,25,33,97,16,1.211209753293348,17
2649,63,44,7,18,1.2086828652803667,26
2650,11,25,65,11,1.2017242876914807,14
2651,65,10,79,5,1.2013413032834044,5
2652,16,51,74,24,1.19895248847691,27
2653,93,16,11,6,1.1943672529988347,10
2654,25,25,109,12,1.1927554377225935,13
2655,13,61,39,30,1.184741798499231,31
2656,27,21,30,10,1.1758750370452133,11
2657,69,19,43,9,1.1707049338371238,10
2658,60,73,71,35,1.1360670304013205,38
2659,88,22,38,9,1.1321403237068857,13
2660,36,26,106,13,1.1307287364062801,13
2661,3,26,31,14,1.130409883055894,12
2662,27,24,43,12,1.1301283213562943,12
2663,61,18,88,10,1.1254133453483963,8
2664,63,47,40,22,1.1085655861732644,25
2665,73,13,55,6,1.1082443575059586,7
2666,91,12,47,6,1.1047106963660296,6
2667,40,19,45,9,1.1043531225931202,10
2668,96,18,2,9,1.1039761816908797,9
2669,107,35,46,18,1.1031099530770954,17
2670,70,39,106,20,1.1024614638047308,19
2671,46,45,11,21,1.1009029076063184,24
2672,111,18,23,7,1.0979651768767418,11
2673,72,25,16,12,1.0967181693009582,13
2674,51,71,68,37,1.0948955307720363,34
2675,14,16,11,7,1.0923565448715802,9
2676,40,13,74,6,1.0901529369074687,7
2677,15,29,7,16,1.0799432282724764,13
2678,46,20,57,10,1.0787393081529641,10
2679,64,19,97,9,1.0748997556854092,10
2680,87,50,28,25,1.072521726859484,25
2681,67,20,37,9,1.0707700527635258,11
2682,106,12,66,5,1.070759127853136,7
2683,68,11,102,5,1.0688066146446942,6
2684,70,55,8,27,1.0665028298167964,28
2685,104,30,109,15,1.0638658496000608,15
2686,18,35,87,16,1.0595333397572304,19
2687,20,18,48,8,1.0556464172960105,10
2688,16,37,40,17,1.0479395774839413,20
2689,20,32,13,16,1.0473604323868067,16
2690,54,28,102,14,1.0470828148001607,14
2691,114,19,69,8,1.0427404151557151,11
2692,90,21,88,11,1.0373159148886417,10
2693,45,14,3,7,1.0349134798027078,7
2694,35,22,7,11,1.0299988339542105,11
2695,81,16,3,7,1.029930564946049,9
2696,13,56,9,26,1.0296923282418164,30
2697,107,111,86,53,1.0263307921685707,58
2698,63,20,44,9,1.0233184771026502,11
2699,70,10,33,5,1.0222975969230632,5
2700,16,42,114,19,1.0212587757382692,23
2701,86,22,93,11,1.0208024258978539,11
2702,60,57,77,28,1.0187732052674565,29
2703,98,28,107,14,1.0170960211152535,14
2704,13,43,75,20,1.005364432264769,23
2705,114,11,93,6,1.004990658958168,5
2706,114,39,7,18,1.0047894280060632,21
2707,19,19,94,9,1.004616827778435,10
2708,87,54,54,25,1.0010998909513955,29
2709,37,37,17,16,0.9978108601802018,21
2710,65,17,49,8,0.9975002647964061,9
2711,86,70,13,35,0.9970973609227789,35
2712,9,13,30,6,0.9935090532750582,7
2713,64,21,38,10,0.9820263127460184,11
2714,60,10,93,6,0.9795074052045596,4
2715,8,67,54,35,0.9788096362147576,32
2716,107,65,5,32,0.9748363761521144,33
2717,78,12,9,6,0.9745877106891208,6
2718,53,40,51,20,0.9719493528973242,20
2719,37,50,51,27,0.9710667257210692,23
2720,102,30,114,14,0.9680544759122783,16
2721,80,10,17,6,0.9638999099498463,4
2722,104,38,106,19,0.9604760273979323,19
2723,106,11,103,6,0.9583580547252424,5
2724,64,32,39,15,0.9582943009292062,17
2725,54,70,16,35,0.957439055762494,35
2726,14,14,5,6,0.9561035605846475,8
2727,63,23,53,11,0.9461903574638922,12
2728,112,13,114,7,0.9421647262329379,6
2729,7,10,108,4,0.9385265901557563,6
2730,18,29,40,12,0.9358054757186772,17
2731,27,13,55,6,0.934874920243962,7
2732,102,11,83,5,0.9259324073609744,6
2733,33,17,86,9,0.9246066959077469,8
2734,57,28,51,14,0.9210242184575945,14
2735,51,12,79,5,0.9183017095558496,7
2736,75,27,114,13,0.9181862737012574,14
2737,13,20,33,10,0.918120505460343,10
2738,106,100,86,49,0.9173221659807225,51
2739,114,12,11,5,0.9147560322473872,7
2740,39,18,48,8,0.9127145579388772,10
2741,43,17,50,7,0.911659904777202,10
2742,77,22,68,11,0.9089813853065132,11
2743,36,35,75,19,0.9076169876586753,16
2744,112,11,14,6,0.9022319115654415,5
2745,68,17,74,7,0.9001065237726507,10
2746,8,24,48,11,0.8990865709573224,13
2747,16,51,23,25,0.8986830698055411,26
2748,8,76,88,37,0.8933115574955768,39
2749,94,22,107,9,0.8912889870157809,13
2750,13,28,100,14,0.8900217777744478,14
2751,3,49,86,25,0.8896666649940002,24
2752,60,17,83,8,0.8851626447494981,9
2753,77,21,4,10,0.8810684428976758,11
2754,37,21,57,10,0.8778160008276704,11
2755,84,17,91,8,0.8755346549877653,9
2756,111,47,68,24,0.8746288393374696,23
2757,7,27,49,15,0.8744069756975954,12
2758,15,36,13,17,0.8728458633356498,19
2759,80,33,86,16,0.8727199174341318,17
2760,51,28,12,14,0.8723369355034586,14
2761,60,17,84,10,0.871614356489069,7
2762,8,67,37,33,0.8700084298071539,34
2763,39,40,28,20,0.868602476168121,20
2764,10,10,114,4,0.8617397018011257,6
2765,30,28,51,13,0.8603740804537094,15
2766,39,13,102,6,0.8492100400200487,7
2767,62,11,50,5,0.8451062062670078,6
2768,69,11,29,5,0.8439423628658328,6
2769,28,23,30,12,0.8403239904216823,11
2770,86,80,20,38,0.8301074964710538,42
2771,2,16,46,8,0.8285194662826778,8
2772,33,15,114,8,0.8283609152315331,7
2773,29,12,106,6,0.8264692442725535,6
2774,28,48,37,24,0.8263140292594408,24
2775,84,15,95,7,0.8218033746912388,8
2776,107,83,28,39,0.8210512254142036,44
2777,13,27,11,13,0.8150505436514466,14
2778,7,16,79,8,0.808566327439515,8
2779,96,58,107,27,0.8081270899904945,31
2780,84,31,50,16,0.8064114901977948,15
2781,56,14,40,7,0.8062835825274064,7
2782,29,14,94,7,0.8058758561257962,7
2783,87,16,58,8,0.8037236177850025,8
2784,68,20,49,10,0.7960430752354475,10
2785,2,22,88,11,0.7956469041111237,11
2786,87,28,46,15,0.7941915016238118,13
2787,4,18,104,10,0.7872554057904764,8
2788,100,13,97,6,0.7866792604447757,7
2789,9,17,34,8,0.77910514985876,9
2790,13,51,28,25,0.7790491963091711,26
2791,87,17,14,9,0.7782645241152489,8
2792,87,22,99,10,0.7762165713325069,12
2793,10,19,84,9,0.7730240789929571,10
2794,97,20,93,10,0.7717644600090583,10
2795,33,15,104,8,0.7704375614853092,7
2796,94,13,65,7,0.7701527109172647,6
2797,16,40,112,19,0.7567380050399233,21
2798,14,15,13,6,0.7511854242648525,9
2799,3,20,71,10,0.744611540631482,10
2800,46,24,84,11,0.744605770354001,13
2801,36,13,74,5,0.7437175733038444,8
2802,25,24,15,13,0.7394428200536315,11
2803,5,40,63,22,0.7358500176759455,18
2804,40,77,86,36,0.7352757671814381,41
2805,29,16,54,8,0.7316507778434965,8
2806,95,41,5,21,0.731606653431554,20
2807,7,86,65,45,0.7314326563301058,41
2808,41,66,13,33,0.7296445090281025,33
2809,3,27,9,13,0.7284011303001918,14
2810,69,19,50,8,0.7231056665252452,11
2811,61,18,40,9,0.7154895706830828,9
2812,82,13,28,7,0.7153587234866209,6
2813,13,17,96,8,0.7114671477918352,9
2814,17,23,68,12,0.7086074455277899,11
2815,62,23,87,11,0.7039977918400054,12
2816,88,43,49,21,0.7014211589442615,22
2817,18,23,104,13,0.701208945227421,10
2818,38,11,91,5,0.7003822911270713,6
2819,57,11,95,4,0.6989616542578664,7
2820,8,41,39,21,0.6937986397009377,20
2821,7,73,39,37,0.6920867889114359,36
2822,63,97,65,48,0.691978062127847,49
2823,62,10,98,5,0.6900751788017032,5
2824,39,42,54,21,0.684039366023366,21
2825,18,19,25,10,0.6816652439852776,9
2826,50,24,114,11,0.6812811811945304,13
2827,62,21,39,11,0.6810021432822767,10
2828,109,14,23,7,0.6795387556597896,7
2829,43,13,58,6,0.6756377653052408,7
2830,16,34,48,17,0.6749071927540307,17
2831,109,31,13,14,0.6717168111881656,17
2832,87,56,39,27,0.671126615184668,29
2833,37,40,114,18,0.6680388190804037,22
2834,63,38,50,18,0.6599709375930062,20
2835,68,92,13,44,0.6581175641889087,48
2836,16,45,27,21,0.655224550219289,24
2837,30,12,114,6,0.6487861981579935,6
2838,87,32,109,15,0.6465419452888954,17
2839,41,27,1,12,0.6450987397179471,15
2840,98,16,50,8,0.6426219058041094,8
2841,68,49,9,24,0.6403549802856331,25
2842,25,25,41,14,0.6394054706376684,11
2843,111,17,36,8,0.6365354853619557,9
2844,70,22,41,12,0.6354721735396393,10
2845,30,56,86,26,0.6327113698521639,30
2846,4,28,64,13,0.6316212138641686,15
2847,60,23,1,11,0.6297573562891167,12
2848,41,28,27,13,0.6247744556978483,15
2849,36,33,71,17,0.6241330409639582,16
2850,88,34,109,16,0.6239068088208908,18
2851,76,30,96,14,0.6223340675935091,16
2852,31,22,58,11,0.6168553703735019,11
2853,54,90,65,44,0.6146787474699967,46
2854,43,20,114,11,0.6074470201565788,9
2855,11,56,16,24,0.6071047940721873,32
2856,91,16,70,7,0.6063303701253773,9
2857,68,33,104,17,0.6060431104974836,16
2858,63,15,34,7,0.6010869874219945,8
2859,71,32,106,15,0.6009609652453856,17
2860,13,24,72,13,0.5977342226167962,11
2861,97,11,56,5,0.5931267027213653,6
2862,76,13,36,4,0.5885035889042722,9
2863,64,15,17,8,0.5824319192017166,7
2864,90,18,84,9,0.5795253040496203,9
2865,106,46,76,25,0.577289694916291,21
2866,60,45,65,25,0.5704742089898724,20
2867,20,14,15,7,0.5689936775430091,7
2868,75,51,65,26,0.5689430318120555,25
2869,40,10,94,5,0.5678516928680516,5
2870,29,10,108,5,0.5615423900676226,5
2871,97,31,2,15,0.5614740846174435,16
2872,83,10,2,5,0.5594397265150824,5
2873,41,12,29,6,0.554014154016142,6
2874,5,49,54,23,0.5526115688513309,26
2875,92,17,7,7,0.5480230211986101,10
2876,41,42,39,19,0.5463742537779036,23
2877,98,27,16,13,0.5462850233229243,14
2878,64,29,54,15,0.5456745481805155,14
2879,86,12,66,6,0.5447941989519712,6
2880,12,22,39,11,0.5419618153900833,11
2881,106,10,1,5,0.539652861011431,5
2882,94,23,68,11,0.5364898351423456,12
2883,51,42,9,20,0.5346045933154973,22
2884,41,19,76,11,0.5337576494452235,8
2885,71,22,55,12,0.5319428762463091,10
2886,68,55,86,28,0.5310748741920145,27
2887,39,35,11,17,0.5290022824501404,18
2888,107,20,6,10,0.5288105428737948,10
2889,65,19,102,8,0.5234012572749034,11
2890,73,19,28,10,0.5214155246375574,9
2891,43,17,25,10,0.5197036131496171,7
2892,106,68,28,33,0.5161436710076662,35
2893,41,11,90,6,0.513841479320257,5
2894,9,39,39,21,0.5122974091677517,18
2895,4,18,9,9,0.5118055197130339,9
2896,49,12,97,5,0.510198270023406,7
2897,90,13,91,6,0.5003235284827323,7
2898,88,35,31,18,0.4999807976090588,17
2899,5,59,87,29,0.4991669720547012,30
2900,57,14,104,5,0.4845128262229356,9
2901,37,17,62,10,0.47941613349669066,7
2902,95,28,74,13,0.47842550860281996,15
2903,75,31,41,14,0.47837138213253816,17
2904,25,51,39,26,0.4759465051184244,25
2905,37,13,69,6,0.4741041536564538,7
2906,27,13,100,6,0.4702077854231135,7
2907,65,54,31,26,0.46913887469692744,28
2908,87,16,111,8,0.45897322341286445,8
2909,30,18,76,8,0.45824245256570567,10
2910,1,13,112,8,0.45359520737159276,5
2911,8,26,76,12,0.4492143891303664,14
2912,62,13,55,7,0.4490302976953222,6
2913,80,11,9,7,0.4439834453330457,4
2914,17,30,50,16,0.44354818573896915,14
2915,90,15,11,7,0.4409004522210816,8
2916,109,13,69,7,0.43237846797528773,6
2917,43,12,23,6,0.43149499898417787,6
2918,40,43,31,22,0.429627197462679,21
2919,68,46,63,23,0.4255709909849699,23
2920,33,11,99,6,0.42486651226142574,5
2921,46,11,19,6,0.4237898327913996,5
2922,87,46,96,22,0.4185307257645089,24
2923,5,14,38,7,0.4168378546295618,7
2924,31,33,86,17,0.4107692180392416,16
2925,50,18,79,9,0.4091046493522828,9
2926,8,28,23,14,0.4068494653629082,14
2927,27,17,106,10,0.4013630945998079,7
2928,107,95,7,42,0.39776976722684715,53
2929,107,83,8,38,0.3964193758754415,45
2930,27,10,62,5,0.3947917783098916,5
2931,20,13,85,6,0.39373981733351443,7
2932,88,13,78,6,0.3934639813104847,7
2933,55,16,41,8,0.3929137359889599,8
2934,23,18,54,9,0.39214168570707464,9
2935,8,13,44,6,0.3904420875790005,7
2936,57,20,55,11,0.38903746063509637,9
2937,3,14,23,7,0.3875824453041799,7
2938,69,30,36,15,0.38598798110099336,15
2939,8,35,50,16,0.38293825667797665,19
2940,114,28,71,14,0.3795577437704574,14
2941,27,47,107,23,0.3795019334466748,24
2942,70,22,97,12,0.3783758219642565,10
2943,14,18,84,8,0.37783903496494214,10
2944,107,37,90,19,0.3753937941046271,18
2945,88,35,71,19,0.3711092012403024,16
2946,40,21,75,10,0.36863713867004627,11
2947,95,26,28,12,0.36814720179538635,14
2948,25,30,63,16,0.3669879376751877,14
2949,92,18,13,7,0.36521745881563183,11
2950,46,18,41,8,0.36430211798636986,10
2951,13,27,38,12,0.35957757900250525,15
2952,47,21,65,10,0.3519317997506132,11
2953,15,14,29,7,0.35154179739306457,7
2954,7,21,8,10,0.35073482330961425,11
2955,107,16,79,9,0.3498222414341266,7
2956,3,35,87,17,0.34698538756112846,18
2957,8,44,20,22,0.3454844939659281,22
2958,109,13,4,6,0.3380907022892352,7
2959,19,28,16,14,0.33166660904009765,14
2960,83,20,106,11,0.33164456490941063,9
2961,61,17,3,10,0.326885819863067,7
2962,86,23,108,13,0.3219408787814728,10
2963,114,68,107,33,0.32070298196932506,35
2964,11,12,69,5,0.3194227999608887,7
2965,83,25,28,14,0.3193130867023741,11
2966,60,58,107,29,0.31876911348625786,29
2967,60,48,53,25,0.3118269913878374,23
2968,51,13,92,7,0.31029394338620886,6
2969,107,68,63,37,0.3098872954610473,31
2970,81,12,108,6,0.3007328534362905,6
2971,29,11,79,4,0.30038972457789276,7
2972,114,60,88,30,0.29749332449413723,30
2973,41,30,18,14,0.296930660105382,16
2974,88,15,48,6,0.2955612335778544,9
2975,104,56,13,28,0.2850474299823817,28
2976,67,12,25,6,0.2816428039469064,6
2977,96,12,67,7,0.27996501259109813,5
2978,53,18,5,8,0.2778213329671456,10
2979,39,49,65,26,0.2688987951279627,23
2980,36,11,38,4,0.26679215079866997,7
2981,37,22,76,12,0.2606095394442829,10
2982,19,21,39,12,0.25446160311261556,9
2983,27,11,18,6,0.2537580579499764,5
2984,85,15,17,7,0.2524962624842672,8
2985,17,11,108,5,0.2506467392789146,6
2986,47,17,41,9,0.24960180944275975,8
2987,109,31,16,16,0.2489072427641002,15
2988,88,38,20,20,0.24807571543102264,18
2989,40,25,47,14,0.24655985846699452,11
2990,39,10,93,5,0.24650819188032075,5
2991,39,11,69,5,0.24417663900251796,6
2992,83,20,88,11,0.24121558114701722,9
2993,61,16,13,9,0.23942923044644315,7
2994,30,20,106,10,0.23895557447172086,10
2995,107,72,84,36,0.23736523288219447,36
2996,64,19,45,9,0.2352744559029064,10
2997,57,14,20,7,0.22969067246688318,7
2998,65,10,101,5,0.22906131925901718,5
2999,67,12,84,5,0.22644335659627104,7
3000,41,36,63,18,0.22416751809119778,18
3001,100,13,103,7,0.22406230170058913,6
3002,77,12,3,5,0.22356024648773629,7
3003,107,40,18,22,0.21456452912257484,18
3004,53,21,44,9,0.2122113313421154,12
3005,45,11,112,5,0.21017951186860273,6
3006,53,54,13,29,0.2083631688927764,25
3007,65,18,48,8,0.2083165198828137,10
3008,28,11,66,5,0.2056598644516812,6
3009,46,23,17,12,0.20521498367655996,11
3010,86,86,65,45,0.20062046647145396,41
3011,81,21,107,11,0.19898617239587554,10
3012,46,16,71,7,0.19894184736909315,9
3013,76,11,47,3,0.1986777302440924,8
3014,107,61,74,29,0.19420996588142148,32
3015,98,11,100,5,0.18985443720382733,6
3016,88,35,37,17,0.1877253046596751,18
3017,35,12,70,7,0.18631436457958764,5
3018,13,33,17,16,0.184339885996115,17
3019,44,15,65,6,0.18351226600640885,9
3020,71,33,8,17,0.17759312635004623,16
3021,96,37,55,19,0.17732770674363885,18
3022,11,47,106,26,0.17225906773687616,21
3023,57,34,13,18,0.16675051669784913,16
3024,7,51,4,26,0.16136746029798088,25
3025,62,12,106,6,0.1584669634691407,6
3026,84,22,80,10,0.15202664995311643,12
3027,51,20,98,10,0.14461940831704007,10
3028,73,10,25,5,0.1328731236438802,5
3029,51,13,44,8,0.13191763257362837,5
3030,60,76,7,38,0.13134493579901685,38
3031,69,25,7,13,0.12779683769016903,12
3032,28,22,98,9,0.12169006680659694,13
3033,51,59,55,30,0.12168388038388171,29
3034,98,13,97,7,0.11020600858990875,6
3035,94,13,60,6,0.10902380212835151,7
3036,2,18,84,9,0.10504403066305398,9
3037,68,13,44,7,0.10451112471006771,6
3038,41,54,88,26,0.10348470718011778,28
3039,50,57,86,30,0.09835934402357824,27
3040,51,55,87,27,0.09714010961239666,28
3041,86,30,53,13,0.09593092236920715,17
3042,74,39,25,20,0.09563368284676016,19
3043,25,65,16,32,0.09364645449744402,33
3044,30,15,96,8,0.09214636377364425,7
3045,114,29,36,13,0.09213128587786307,16
3046,95,52,86,24,0.08956033992826938,28
3047,107,60,39,29,0.08426356114163677,31
3048,84,37,88,17,0.08333477514829757,20
3049,97,36,74,17,0.07931920932357782,19
3050,63,46,87,22,0.07921188185625391,24
3051,107,73,54,35,0.07798228457878793,38
3052,55,15,108,8,0.07480659095217349,7
3053,106,21,40,10,0.06808253080226546,11
3054,27,20,40,8,0.058743697650326256,12
3055,8,70,106,37,0.05212763279076112,33
3056,23,20,15,10,0.052043691980666475,10
3057,34,19,50,10,0.05002588679712766,9
3058,73,16,106,8,0.04700386219362951,8
3059,83,17,51,10,0.04607341431682285,7
3060,54,64,50,32,0.045818300371850446,32
3061,65,11,81,6,0.04550793535821782,5
3062,47,10,58,5,0.04544416959920028,5
3063,15,13,43,6,0.045041270424713856,7
3064,114,46,104,24,0.04494734082733511,22
3065,74,41,54,20,0.04296760366186976,21
3066,19,25,13,13,0.042831582541997835,12
3067,49,26,30,13,0.042637263788105596,13
3068,31,11,97,5,0.04256244744109723,6
3069,55,52,87,26,0.039341837208104025,26
3070,45,17,71,7,0.03389797077786283,10
3071,84,19,17,10,0.032612383959908106,9
3072,106,42,50,20,0.025298087208634697,22
3073,106,26,100,12,0.022225583959526604,14
3074,89,15,28,8,0.018607611913672883,7
3075,35,24,86,11,0.011498856499630127,13
3076,109,17,83,7,0.00972932964701334,10
3077,86,25,77,12,0.006545458823393915,13
3078,90,33,16,15,0.006116246156991541,18
3079,3,29,60,14,0.0014796010550653669,15
3080,60,29,3,15,-0.001479601055064632,14
3081,16,33,90,18,-0.0061162461569911645,15
3082,77,25,86,13,-0.00654545882339427,12
3083,83,17,109,10,-0.009729329647013785,7
3084,86,24,35,13,-0.011498856499629817,11
3085,28,15,89,7,-0.018607611913672648,8
3086,100,26,106,14,-0.02222558395952517,12
3087,50,42,106,22,-0.02529808720863334,20
3088,17,19,84,9,-0.03261238395990876,10
3089,71,17,45,10,-0.03389797077786216,7
3090,87,52,55,26,-0.039341837208104025,26
3091,97,11,31,6,-0.042562447441096586,5
3092,30,26,49,13,-0.042637263788105596,13
3093,13,25,19,12,-0.04283158254199627,13
3094,54,41,74,21,-0.04296760366187002,20
3095,104,46,114,22,-0.04494734082733487,24
3096,43,13,15,7,-0.04504127042471195,6
3097,58,10,47,5,-0.04544416959920099,5
3098,81,11,65,5,-0.04550793535821569,6
3099,50,64,54,32,-0.045818300371848635,32
3100,51,17,83,7,-0.04607341431682421,10
3101,106,16,73,8,-0.0470038621936304,8
3102,50,19,34,9,-0.05002588679712785,10
3103,15,20,23,10,-0.05204369198066665,10
3104,106,70,8,33,-0.05212763279076128,37
3105,40,20,27,12,-0.0587436976503246,8
3106,40,21,106,11,-0.0680825308022658,10
3107,108,15,55,7,-0.07480659095217229,8
3108,54,73,107,38,-0.07798228457878872,35
3109,87,46,63,24,-0.07921188185625398,22
3110,74,36,97,19,-0.07931920932357782,17
3111,88,37,84,20,-0.0833347751482989,17
3112,39,60,107,31,-0.08426356114163559,29
3113,86,52,95,28,-0.08956033992827091,24
3114,36,29,114,16,-0.09213128587786189,13
3115,96,15,30,7,-0.09214636377364507,8
3116,16,65,25,33,-0.09364645449744435,32
3117,25,39,74,19,-0.0956336828467596,20
3118,53,30,86,17,-0.09593092236920858,13
3119,87,55,51,28,-0.0971401096123966,27
3120,86,57,50,27,-0.09835934402357775,30
3121,88,54,41,28,-0.10348470718011826,26
3122,44,13,68,6,-0.10451112471006657,7
3123,84,18,2,9,-0.10504403066305477,9
3124,60,13,94,7,-0.10902380212834957,6
3125,97,13,98,6,-0.11020600858990862,7
3126,55,59,51,29,-0.12168388038388292,30
3127,98,22,28,13,-0.1216900668065983,9
3128,7,25,69,12,-0.1277968376901685,13
3129,7,76,60,38,-0.13134493579901632,38
3130,44,13,51,5,-0.1319176325736292,8
3131,25,10,73,5,-0.1328731236438802,5
3132,98,20,51,10,-0.14461940831704023,10
3133,80,22,84,12,-0.15202664995311627,10
3134,106,12,62,6,-0.15846696346914188,6
3135,4,51,7,25,-0.16136746029798163,26
3136,13,34,57,16,-0.16675051669784913,18
3137,106,47,11,21,-0.17225906773687602,26
3138,16,26,102,13,-0.17363404747602376,13
3139,55,37,96,18,-0.17732770674364082,19
3140,8,33,71,16,-0.17759312635004632,17
3141,65,15,44,9,-0.1835122660064091,6
3142,17,33,13,17,-0.18433988599611414,16
3143,70,12,35,5,-0.18631436457958692,7
3144,37,35,88,18,-0.18772530465967646,17
3145,100,11,98,6,-0.18985443720382733,5
3146,47,11,76,8,-0.19867773024409274,3
3147,71,16,46,9,-0.19894184736909182,7
3148,107,21,81,10,-0.19898617239587607,11
3149,65,86,86,41,-0.2006204664714556,45
3150,17,23,46,11,-0.2052149836765593,12
3151,66,11,28,6,-0.20565986445168055,5
3152,48,18,65,10,-0.20831651988281447,8
3153,13,54,53,25,-0.20836316889277592,29
3154,112,11,45,6,-0.21017951186860273,5
3155,44,21,53,12,-0.2122113313421161,9
3156,18,40,107,18,-0.21456452912257684,22
3157,3,12,77,7,-0.2235602464877348,5
3158,103,13,100,6,-0.22406230170059038,7
3159,63,36,41,18,-0.2241675180911969,18
3160,84,12,67,7,-0.22644335659627166,5
3161,101,10,65,5,-0.2290613192590168,5
3162,20,14,57,7,-0.2296906724668833,7
3163,45,19,64,10,-0.23527445590290527,9
3164,84,72,107,36,-0.23736523288219558,36
3165,106,20,30,10,-0.2389555744717199,10
3166,13,16,61,7,-0.2394292304464427,9
3167,88,20,83,9,-0.24121558114701463,11
3168,69,11,39,6,-0.24417663900251843,5
3169,93,10,39,5,-0.24650819188031967,5
3170,47,25,40,11,-0.24655985846699366,14
3171,16,31,109,15,-0.24890724276409806,16
3172,41,17,47,8,-0.24960180944275975,9
3173,108,11,17,6,-0.25064673927891384,5
3174,17,15,85,8,-0.2524962624842672,7
3175,18,11,27,5,-0.2537580579499774,6
3176,39,21,19,9,-0.25446160311261534,12
3177,76,22,37,10,-0.26060953944428406,12
3178,38,11,36,7,-0.26679215079866964,4
3179,65,49,39,23,-0.2688987951279629,26
3180,5,18,53,10,-0.277821332967146,8
3181,67,12,96,5,-0.279965012591097,7
3182,25,12,67,6,-0.2816428039469064,6
3183,13,56,104,28,-0.2850474299823818,28
3184,48,15,88,9,-0.29556123357785347,6
3185,18,30,41,16,-0.2969306601053822,14
3186,88,60,114,30,-0.2974933244941375,30
3187,79,11,29,7,-0.3003897245778921,4
3188,108,12,81,6,-0.3007328534362905,6
3189,88,18,12,9,-0.3042097842896815,9
3190,63,68,107,31,-0.3098872954610479,37
3191,92,13,51,6,-0.31029394338620975,7
3192,53,48,60,23,-0.3118269913878375,25
3193,107,58,60,29,-0.3187691134862571,29
3194,28,25,83,11,-0.3193130867023753,14
3195,69,12,11,7,-0.3194227999608887,5
3196,107,68,114,35,-0.3207029819693246,33
3197,108,23,86,10,-0.32194087878147215,13
3198,3,17,61,7,-0.32688581986306675,10
3199,106,20,83,9,-0.3316445649094112,11
3200,16,28,19,14,-0.33166660904009726,14
3201,4,13,109,7,-0.3380907022892352,6
3202,20,44,8,22,-0.3454844939659279,22
3203,87,35,3,18,-0.34698538756112907,17
3204,79,16,107,7,-0.34982224143412544,9
3205,8,21,7,11,-0.3507348233096159,10
3206,29,14,15,7,-0.35154179739306357,7
3207,65,21,47,11,-0.3519317997506139,10
3208,38,27,13,15,-0.3595775790025047,12
3209,41,18,46,10,-0.36430211798637085,8
3210,13,18,92,11,-0.3652174588156323,7
3211,63,30,25,14,-0.3669879376751877,16
3212,28,26,95,14,-0.36814720179538646,12
3213,75,21,40,11,-0.3686371386700461,10
3214,71,35,88,16,-0.37110920124030156,19
3215,84,18,14,10,-0.37783903496494253,8
3216,97,22,70,10,-0.3783758219642562,12
3217,107,47,27,24,-0.3795019334466765,23
3218,71,28,114,14,-0.3795577437704577,14
3219,50,35,8,19,-0.3829382566779763,16
3220,36,30,69,15,-0.3859879811009911,15
3221,23,14,3,7,-0.3875824453041786,7
3222,55,20,57,9,-0.3890374606350971,11
3223,44,13,8,7,-0.3904420875789997,6
3224,54,18,23,9,-0.39214168570707364,9
3225,41,16,55,8,-0.39291373598895946,8
3226,78,13,88,7,-0.3934639813104835,6
3227,85,13,20,7,-0.3937398173335161,6
3228,62,10,27,5,-0.394791778309893,5
3229,8,83,107,45,-0.39641937587544135,38
3230,7,95,107,53,-0.3977697672268478,42
3231,106,17,27,7,-0.40136309459980746,10
3232,23,28,8,14,-0.40684946536290795,14
3233,79,18,50,9,-0.4091046493522828,9
3234,86,33,31,16,-0.4107692180392426,17
3235,38,14,5,7,-0.4168378546295618,7
3236,96,46,87,24,-0.4185307257645087,22
3237,19,11,46,5,-0.4237898327914003,6
3238,99,11,33,5,-0.4248665122614248,6
3239,63,46,68,23,-0.4255709909849707,23
3240,31,43,40,21,-0.4296271974626791,22
3241,23,12,43,6,-0.4314949989841785,6
3242,69,13,109,6,-0.43237846797528773,7
3243,11,15,90,8,-0.4409004522210813,7
3244,50,30,17,14,-0.4435481857389689,16
3245,9,11,80,4,-0.4439834453330448,7
3246,55,13,62,6,-0.4490302976953225,7
3247,76,26,8,14,-0.4492143891303651,12
3248,112,13,1,5,-0.45359520737159276,8
3249,76,18,30,10,-0.45824245256570545,8
3250,111,16,87,8,-0.45897322341286373,8
3251,31,54,65,28,-0.4691388746969265,26
3252,100,13,27,7,-0.4702077854231146,6
3253,69,13,37,7,-0.47410415365645314,6
3254,39,51,25,25,-0.4759465051184236,26
3255,41,31,75,17,-0.47837138213253816,14
3256,74,28,95,15,-0.4784255086028221,13
3257,62,17,37,7,-0.47941613349669043,10
3258,104,14,57,9,-0.4845128262229359,5
3259,87,59,5,30,-0.49916697205470045,29
3260,31,35,88,17,-0.499980797609059,18
3261,91,13,90,7,-0.5003235284827329,6
3262,97,12,49,7,-0.510198270023406,5
3263,9,18,4,9,-0.5118055197130339,9
3264,39,39,9,18,-0.5122974091677527,21
3265,90,11,41,5,-0.513841479320257,6
3266,28,68,106,35,-0.5161436710076651,33
3267,25,17,43,7,-0.5197036131496168,10
3268,28,19,73,9,-0.5214155246375576,10
3269,102,19,65,11,-0.5234012572749034,8
3270,6,20,107,10,-0.528810542873795,10
3271,11,35,39,18,-0.5290022824501411,17
3272,86,55,68,27,-0.5310748741920146,28
3273,55,22,71,10,-0.5319428762463102,12
3274,76,19,41,8,-0.5337576494452245,11
3275,9,42,51,22,-0.5346045933154959,20
3276,68,23,94,12,-0.5364898351423458,11
3277,1,10,106,5,-0.5396528610114302,5
3278,39,22,12,11,-0.5419618153900839,11
3279,66,12,86,6,-0.5447941989519703,6
3280,54,29,64,14,-0.5456745481805153,15
3281,16,27,98,14,-0.5462850233229247,13
3282,39,42,41,23,-0.5463742537779043,19
3283,7,17,92,10,-0.5480230211986107,7
3284,54,49,5,26,-0.5526115688513301,23
3285,29,12,41,6,-0.5540141540161407,6
3286,2,10,83,5,-0.559439726515081,5
3287,2,31,97,16,-0.5614740846174444,15
3288,108,10,29,5,-0.5615423900676234,5
3289,94,10,40,5,-0.5678516928680514,5
3290,65,51,75,25,-0.5689430318120551,26
3291,15,14,20,7,-0.5689936775430089,7
3292,65,45,60,20,-0.5704742089898722,25
3293,84,18,90,9,-0.5795253040496205,9
3294,17,15,64,7,-0.5824319192017173,8
3295,36,13,76,9,-0.5885035889042698,4
3296,56,11,97,6,-0.5931267027213649,5
3297,72,24,13,11,-0.5977342226167965,13
3298,106,32,71,17,-0.6009609652453869,15
3299,34,15,63,8,-0.6010869874219955,7
3300,104,33,68,16,-0.6060431104974834,17
3301,70,16,91,9,-0.6063303701253777,7
3302,114,20,43,9,-0.6074470201565787,11
3303,65,90,54,46,-0.6146787474699974,44
3304,58,22,31,11,-0.6168553703735028,11
3305,96,30,76,16,-0.6223340675935105,14
3306,71,33,36,16,-0.6241330409639598,17
3307,27,28,41,15,-0.6247744556978482,13
3308,1,23,60,12,-0.6297573562891176,11
3309,64,28,4,15,-0.6316212138641698,13
3310,86,56,30,30,-0.6327113698521644,26
3311,41,22,70,10,-0.6354721735396389,12
3312,36,17,111,9,-0.6365354853619557,8
3313,41,25,25,11,-0.6394054706376676,14
3314,9,49,68,25,-0.6403549802856343,24
3315,50,16,98,8,-0.6426219058041119,8
3316,1,27,41,15,-0.6450987397179483,12
3317,109,32,87,17,-0.6465419452888961,15
3318,114,12,30,6,-0.6487861981579929,6
3319,27,45,16,24,-0.6552245502192886,21
3320,13,92,68,48,-0.6581175641889085,44
3321,50,38,63,20,-0.6599709375930077,18
3322,114,40,37,22,-0.6680388190804033,18
3323,39,56,87,29,-0.6711266151846677,27
3324,13,31,109,17,-0.6717168111881655,14
3325,48,34,16,17,-0.6749071927540304,17
3326,58,13,43,7,-0.6756377653052408,6
3327,23,14,109,7,-0.6795387556597896,7
3328,39,21,62,10,-0.6810021432822755,11
3329,114,24,50,13,-0.6812811811945291,11
3330,25,19,18,9,-0.6816652439852758,10
3331,54,42,39,21,-0.6840393660233661,21
3332,98,10,62,5,-0.6900751788017029,5
3333,65,97,63,49,-0.6919780621278473,48
3334,39,73,7,36,-0.6920867889114356,37
3335,39,41,8,20,-0.6937986397009376,21
3336,95,11,57,7,-0.6989616542578677,4
3337,91,11,38,6,-0.7003822911270713,5
3338,104,23,18,10,-0.7012089452274208,13
3339,49,43,88,22,-0.7014211589442607,21
3340,87,23,62,12,-0.7039977918400065,11
3341,68,23,17,11,-0.7086074455277905,12
3342,96,17,13,9,-0.7114671477918357,8
3343,28,13,82,6,-0.7153587234866207,7
3344,40,18,61,9,-0.7154895706830816,9
3345,50,19,69,11,-0.723105666525245,8
3346,9,27,3,14,-0.7284011303001917,13
3347,13,66,41,33,-0.7296445090281021,33
3348,65,86,7,41,-0.7314326563301068,45
3349,5,41,95,20,-0.7316066534315533,21
3350,54,16,29,8,-0.7316507778434965,8
3351,86,77,40,41,-0.7352757671814375,36
3352,63,40,5,18,-0.7358500176759462,22
3353,15,24,25,11,-0.7394428200536295,13
3354,74,13,36,8,-0.743717573303844,5
3355,84,24,46,13,-0.7446057703540011,11
3356,71,20,3,10,-0.7446115406314829,10
3357,13,15,14,9,-0.751185424264851,6
3358,112,40,16,21,-0.7567380050399233,19
3359,65,13,94,6,-0.7701527109172653,7
3360,104,15,33,7,-0.7704375614853106,8
3361,93,20,97,10,-0.7717644600090567,10
3362,84,19,10,10,-0.7730240789929577,9
3363,99,22,87,12,-0.7762165713325071,10
3364,14,17,87,8,-0.7782645241152502,9
3365,28,51,13,26,-0.7790491963091725,25
3366,34,17,9,9,-0.77910514985876,8
3367,97,13,100,7,-0.7866792604447764,6
3368,104,18,4,8,-0.7872554057904768,10
3369,46,28,87,13,-0.7941915016238148,15
3370,88,22,2,11,-0.7956469041111237,11
3371,49,20,68,10,-0.7960430752354469,10
3372,58,16,87,8,-0.8037236177850011,8
3373,94,14,29,7,-0.8058758561257962,7
3374,40,14,56,7,-0.8062835825274064,7
3375,50,31,84,15,-0.8064114901977935,16
3376,107,58,96,31,-0.8081270899904945,27
3377,79,16,7,8,-0.8085663274395147,8
3378,11,27,13,14,-0.8150505436514458,13
3379,20,27,74,13,-0.8203305748765273,14
3380,28,83,107,44,-0.8210512254142028,39
3381,95,15,84,8,-0.8218033746912378,7
3382,37,48,28,24,-0.8263140292594411,24
3383,106,12,29,6,-0.8264692442725535,6
3384,114,15,33,7,-0.8283609152315335,8
3385,46,16,2,8,-0.8285194662826783,8
3386,20,80,86,42,-0.8301074964710548,38
3387,30,23,28,11,-0.840323990421683,12
3388,29,11,69,6,-0.8439423628658328,5
3389,50,11,62,6,-0.8451062062670082,5
3390,102,13,39,7,-0.8492100400200481,6
3391,51,28,30,15,-0.8603740804537089,13
3392,114,10,10,6,-0.8617397018011254,4
3393,28,40,39,20,-0.8686024761681225,20
3394,37,67,8,34,-0.8700084298071528,33
3395,84,17,60,7,-0.8716143564890693,10
3396,12,28,51,14,-0.8723369355034599,14
3397,86,33,80,17,-0.872719917434131,16
3398,13,36,15,19,-0.8728458633356501,17
3399,49,27,7,12,-0.8744069756975955,15
3400,68,47,111,23,-0.87462883933747,24
3401,91,17,84,9,-0.8755346549877636,8
3402,57,21,37,11,-0.877816000827672,10
3403,4,21,77,11,-0.8810684428976734,10
3404,83,17,60,9,-0.8851626447494985,8
3405,86,49,3,24,-0.8896666649939996,25
3406,100,28,13,14,-0.8900217777744481,14
3407,107,22,94,13,-0.8912889870157802,9
3408,88,76,8,39,-0.8933115574955759,37
3409,23,51,16,26,-0.8986830698055417,25
3410,48,24,8,13,-0.8990865709573216,11
3411,74,17,68,10,-0.9001065237726515,7
3412,14,11,112,5,-0.9022319115654427,6
3413,75,35,36,16,-0.9076169876586756,19
3414,68,22,77,11,-0.9089813853065126,11
3415,50,17,43,10,-0.911659904777202,7
3416,48,18,39,10,-0.9127145579388771,8
3417,11,12,114,7,-0.9147560322473871,5
3418,33,20,13,10,-0.9181205054603415,10
3419,114,27,75,14,-0.9181862737012573,13
3420,79,12,51,7,-0.9183017095558501,5
3421,51,28,57,14,-0.9210242184575963,14
3422,86,17,33,8,-0.9246066959077452,9
3423,83,11,102,6,-0.9259324073609722,5
3424,55,13,27,7,-0.9348749202439617,6
3425,40,29,18,17,-0.9358054757186769,12
3426,108,10,7,6,-0.9385265901557558,4
3427,114,13,112,6,-0.9421647262329372,7
3428,53,23,63,12,-0.9461903574638926,11
3429,5,14,14,8,-0.9561035605846475,6
3430,16,70,54,35,-0.9574390557624933,35
3431,39,32,64,17,-0.9582943009292049,15
3432,103,11,106,5,-0.9583580547252434,6
3433,106,38,104,19,-0.9604760273979325,19
3434,17,10,80,4,-0.963899909949846,6
3435,114,30,102,16,-0.9680544759122797,14
3436,51,50,37,23,-0.9710667257210696,27
3437,51,40,53,20,-0.9719493528973238,20
3438,9,12,78,6,-0.9745877106891214,6
3439,5,65,107,33,-0.9748363761521153,32
3440,54,67,8,32,-0.9788096362147561,35
3441,93,10,60,4,-0.9795074052045607,6
3442,38,21,64,11,-0.9820263127460164,10
3443,30,13,9,7,-0.9935090532750581,6
3444,13,70,86,35,-0.9970973609227783,35
3445,49,17,65,9,-0.9975002647964059,8
3446,17,37,37,21,-0.9978108601802036,16
3447,54,54,87,29,-1.001099890951392,25
3448,94,19,19,10,-1.0046168277784346,9
3449,7,39,114,21,-1.0047894280060643,18
3450,93,11,114,5,-1.0049906589581687,6
3451,75,43,13,23,-1.0053644322647692,20
3452,107,28,98,14,-1.0170960211152535,14
3453,77,57,60,29,-1.0187732052674565,28
3454,93,22,86,11,-1.0208024258978545,11
3455,114,42,16,23,-1.0212587757382683,19
3456,33,10,70,5,-1.0222975969230645,5
3457,44,20,63,11,-1.0233184771026504,9
3458,86,111,107,58,-1.0263307921685703,53
3459,9,56,13,30,-1.029692328241817,26
3460,3,16,81,9,-1.0299305649460493,7
3461,7,22,35,11,-1.02999883395421,11
3462,3,14,45,7,-1.0349134798027073,7
3463,88,21,90,10,-1.0373159148886413,11
3464,69,19,114,11,-1.0427404151557151,8
3465,102,28,54,14,-1.047082814800161,14
3466,13,32,20,16,-1.0473604323868067,16
3467,40,37,16,20,-1.0479395774839417,17
3468,48,18,20,10,-1.0556464172960118,8
3469,87,35,18,19,-1.059533339757231,16
3470,109,30,104,15,-1.063865849600061,15
3471,8,55,70,28,-1.0665028298167962,27
3472,102,11,68,6,-1.0688066146446953,5
3473,66,12,106,7,-1.0707591278531368,5
3474,37,20,67,11,-1.0707700527635244,9
3475,28,50,87,25,-1.072521726859484,25
3476,97,19,64,10,-1.0748997556854094,9
3477,57,20,46,10,-1.0787393081529644,10
3478,7,29,15,13,-1.0799432282724766,16
3479,74,13,40,7,-1.0901529369074696,6
3480,11,16,14,9,-1.0923565448715815,7
3481,68,71,51,34,-1.0948955307720354,37
3482,16,25,72,13,-1.0967181693009587,12
3483,23,18,111,11,-1.0979651768767411,7
3484,11,45,46,24,-1.1009029076063193,21
3485,106,39,70,19,-1.1024614638047292,20
3486,46,35,107,17,-1.1031099530770958,18
3487,2,18,96,9,-1.1039761816908782,9
3488,45,19,40,10,-1.1043531225931214,9
3489,47,12,91,6,-1.104710696366028,6
3490,55,13,73,7,-1.1082443575059588,6
3491,40,47,63,25,-1.1085655861732648,22
3492,88,18,61,8,-1.1254133453483963,10
3493,43,24,27,12,-1.1301283213562945,12
3494,31,26,3,12,-1.1304098830558946,14
3495,106,26,36,13,-1.1307287364062808,13
3496,38,22,88,13,-1.1321403237068868,9
3497,71,73,60,38,-1.1360670304013198,35
3498,74,14,12,7,-1.1676100167547812,7
3499,43,19,69,10,-1.1707049338371238,9
3500,30,21,27,11,-1.1758750370452133,10
3501,39,61,13,31,-1.1847417984992314,30
3502,109,25,25,13,-1.1927554377225942,12
3503,11,16,93,10,-1.194367252998836,6
3504,74,51,16,27,-1.1989524884769094,24
3505,79,10,65,5,-1.2013413032834053,5
3506,65,25,11,14,-1.2017242876914815,11
3507,7,44,63,26,-1.2086828652803665,18
3508,97,33,25,17,-1.2112097532933461,16
3509,88,42,64,23,-1.2118692904336803,19
3510,68,59,60,32,-1.2120069584657027,27
3511,74,11,98,6,-1.2137114800422124,5
3512,49,22,51,11,-1.223339610254356,11
3513,9,26,71,14,-1.2262156519313807,12
3514,11,22,48,11,-1.233818302561812,11
3515,95,16,63,8,-1.233969730193377,8
3516,93,21,107,10,-1.2375139728583175,11
3517,31,25,71,13,-1.2380158081615502,12
3518,4,30,107,15,-1.2387516471106224,15
3519,17,21,34,11,-1.2442519510472096,10
3520,71,10,1,6,-1.2456643982922142,4
3521,89,10,65,5,-1.2467666872041385,5
3522,33,22,16,13,-1.2507199492720238,9
3523,99,26,55,14,-1.260544955494955,12
3524,14,15,107,7,-1.262180496300674,8
3525,43,19,63,10,-1.2637110667141367,9
3526,65,27,50,14,-1.2644687002361992,13
3527,114,17,15,9,-1.2734943259065574,8
3528,51,30,50,15,-1.277023353905357,15
3529,109,20,97,10,-1.2834069052578214,10
3530,54,17,33,8,-1.2844291677407338,9
3531,102,17,11,8,-1.2862551218754503,9
3532,74,22,2,12,-1.2925512141562505,10
3533,88,57,87,27,-1.297249266486386,30
3534,13,44,5,23,-1.3023509853743016,21
3535,102,11,70,4,-1.3043211125718082,7
3536,86,13,6,7,-1.306297639697856,6
3537,58,28,9,15,-1.3102681358219028,13
3538,77,17,49,10,-1.313367148439671,7
3539,51,12,32,6,-1.314434714983353,6
3540,8,16,10,9,-1.3145513780375313,7
3541,55,17,3,9,-1.3172267439478242,8
3542,80,18,74,9,-1.3199661328668575,9
3543,109,25,60,13,-1.3235251021634893,12
3544,65,13,61,6,-1.3279652478825155,7
3545,87,42,11,20,-1.3332948484864782,22
3546,76,29,70,14,-1.3451436146232192,15
3547,40,17,108,8,-1.3479697301696822,9
3548,78,26,84,14,-1.3485306553399403,12
3549,88,37,97,19,-1.3490743629309028,18
3550,78,11,65,7,-1.3500870735728905,4
3551,18,16,12,9,-1.353806243690165,7
3552,85,12,69,6,-1.3560361154784737,6
3553,70,39,107,19,-1.3599998705907195,20
3554,68,42,64,24,-1.3624818601326816,18
3555,30,26,25,12,-1.3633847180345777,14
3556,76,11,90,5,-1.371109786983603,6
3557,48,10,75,5,-1.3711471542080287,5
3558,55,66,86,35,-1.3714897734674971,31
3559,69,11,6,5,-1.3727715082405267,6
3560,60,36,43,19,-1.374143488053798,17
3561,41,30,106,15,-1.3806292559177735,15
3562,7,31,95,17,-1.3809406634768695,14
3563,11,41,50,22,-1.3816262941644981,19
3564,29,11,36,5,-1.3837445576600587,6
3565,65,20,77,10,-1.385558992620708,10
3566,37,13,43,6,-1.39155356085389,7
3567,16,25,44,12,-1.3924747988210244,13
3568,83,15,7,9,-1.3943529604549403,6
3569,9,13,91,7,-1.3946381880594534,6
3570,68,63,65,33,-1.3991367681458051,30
3571,44,12,75,7,-1.3998373775330364,5
3572,95,17,70,8,-1.4011695857654913,9
3573,13,22,12,14,-1.4046792155049046,8
3574,18,58,7,29,-1.407111198769738,29
3575,40,16,12,8,-1.412082266616442,8
3576,60,70,13,39,-1.4135782374303607,31
3577,109,11,94,5,-1.4139835062750101,6
3578,53,11,1,6,-1.4196819324858239,5
3579,18,21,74,10,-1.4198609666190056,11
3580,51,18,29,10,-1.4222631016002014,8
3581,45,35,36,16,-1.4232731245081227,19
3582,41,70,65,39,-1.4285809086277088,31
3583,86,56,70,30,-1.4292180536114512,26
3584,86,30,85,16,-1.4358048779112946,14
3585,25,28,50,14,-1.4391705454909016,14
3586,97,21,20,10,-1.4395279608818727,11
3587,70,20,39,11,-1.442415337141408,9
3588,38,24,68,13,-1.4453831916260256,11
3589,63,55,106,28,-1.4485566818099482,27
3590,51,35,3,15,-1.450602711491367,20
3591,88,62,46,31,-1.4519317579443416,31
3592,55,30,53,16,-1.4538038424746405,14
3593,89,16,50,9,-1.4560158637801313,7
3594,38,16,8,8,-1.4562520429495762,8
3595,54,32,84,17,-1.4591305177250877,15
3596,83,23,25,13,-1.459720188055496,10
3597,47,21,31,11,-1.4606130980712662,10
3598,28,20,33,9,-1.4609880096092156,11
3599,51,64,40,33,-1.4624658901194143,31
3600,23,16,112,9,-1.4656028868993891,7
3601,2,32,86,16,-1.4682447143488924,16
3602,32,17,11,8,-1.4729852723414758,9
3603,63,15,73,7,-1.4760785674332912,8
3604,13,59,4,32,-1.4911690163054772,27
3605,5,52,46,28,-1.4974094901037482,24
3606,43,11,29,6,-1.4978241959441987,5
3607,108,17,50,8,-1.5013768012598367,9
3608,5,63,28,32,-1.5122016375527894,31
3609,55,12,46,7,-1.514859018089955,5
3610,41,10,48,5,-1.5154908856574238,5
3611,51,23,71,12,-1.5213301920130475,11
3612,37,14,35,7,-1.523131742310598,7
3613,88,34,1,17,-1.5234508852206479,17
3614,84,20,114,11,-1.52828266290098,9
3615,53,13,29,8,-1.5317670028644754,5
3616,45,23,13,12,-1.5362814776486233,11
3617,46,25,97,13,-1.53794225986029,12
3618,74,61,107,33,-1.5445233108407423,28
3619,112,11,74,6,-1.5465866625881939,5
3620,43,12,57,8,-1.547683226037978,4
3621,74,26,11,14,-1.5483769164487973,12
3622,14,15,106,7,-1.552388543907857,8
3623,83,23,104,13,-1.5563880557352991,10
3624,49,11,109,6,-1.5612220128244476,5
3625,28,66,8,35,-1.5619285888266068,31
3626,111,14,9,7,-1.5621342613374538,7
3627,100,15,9,9,-1.5684675366801644,6
3628,86,100,106,52,-1.5692663469089445,48
3629,88,58,40,31,-1.5715316879527899,27
3630,46,25,60,13,-1.5735893742532685,12
3631,90,22,55,10,-1.578656952498874,12
3632,25,15,2,7,-1.5845186001024019,8
3633,90,10,64,5,-1.5921132093044663,5
3634,30,18,99,10,-1.5949338139614573,8
3635,18,10,94,5,-1.600111613157304,5
3636,63,18,47,8,-1.6044666815105075,10
3637,43,13,70,7,-1.6071210379776915,6
3638,57,18,68,9,-1.6190755944848343,9
3639,9,20,112,10,-1.6257132685716436,10
3640,96,19,39,11,-1.6315253594413601,8
3641,41,78,7,40,-1.6316845641232842,38
3642,27,47,13,24,-1.63575551782228,23
3643,80,12,38,7,-1.640066144596355,5
3644,16,41,57,21,-1.6424919072587287,20
3645,68,23,36,12,-1.6511686348202665,11
3646,40,25,30,13,-1.6527748170609526,12
3647,17,32,107,17,-1.6568754180103662,15
3648,48,19,106,10,-1.6634533717988316,9
3649,51,13,85,6,-1.664226628935167,7
3650,31,28,45,15,-1.6710870406691087,13
3651,114,29,54,14,-1.6786165794472785,15
3652,77,12,17,6,-1.6873994667000654,6
3653,106,34,68,18,-1.6879506890966793,16
3654,86,24,34,12,-1.6932391968680565,12
3655,46,23,9,13,-1.6945658865661515,10
3656,23,15,36,6,-1.6972875274185715,9
3657,102,16,20,8,-1.6989391239814924,8
3658,48,22,11,12,-1.6999305116151882,10
3659,86,44,23,23,-1.7030841833116435,21
3660,37,10,48,5,-1.703593750319215,5
3661,63,32,9,17,-1.707803131688152,15
3662,7,40,54,21,-1.7088310244062668,19
3663,43,14,109,7,-1.712926735873305,7
3664,29,24,16,12,-1.7137410557787283,12
3665,38,32,86,17,-1.7164597494651734,15
3666,27,14,54,7,-1.7208673623652104,7
3667,16,64,104,34,-1.7215823847620737,30
3668,45,19,16,11,-1.7223541453976996,8
3669,45,15,63,8,-1.7260545689947928,7
3670,12,13,50,5,-1.7279667161947843,8
3671,75,19,70,9,-1.7314858975507368,10
3672,65,31,43,15,-1.7334771180435702,16
3673,106,19,48,10,-1.7335189393534853,9
3674,81,22,88,12,-1.7392542924502719,10
3675,88,37,36,21,-1.7392851936744331,16
3676,109,10,78,5,-1.740661389354757,5
3677,6,11,18,6,-1.7414584600944745,5
3678,36,33,60,17,-1.7416473627060742,16
3679,61,13,86,7,-1.7442789867829431,6
3680,107,38,97,19,-1.7507246476170446,19
3681,68,31,4,16,-1.7510661926181545,15
3682,57,33,86,18,-1.7522583613315093,15
3683,70,26,84,14,-1.7530345342228948,12
3684,110,11,88,5,-1.7642228121429868,6
3685,76,14,27,7,-1.7665294690868616,7
3686,13,93,16,51,-1.7680272073351373,42
3687,84,13,102,7,-1.7793224025292758,6
3688,60,17,11,9,-1.779429717497023,8
3689,90,25,37,13,-1.7816453937181784,12
3690,16,56,11,33,-1.8023357924405963,23
3691,100,13,12,8,-1.803430921135591,5
3692,31,34,51,20,-1.8036645224364214,14
3693,25,22,36,11,-1.8071440138268584,11
3694,111,18,40,9,-1.8104998545748818,9
3695,41,24,57,13,-1.8129246044249008,11
3696,28,18,79,10,-1.8130893193426156,8
3697,109,11,71,6,-1.819641782820222,5
3698,99,13,102,7,-1.8212893413036864,6
3699,108,16,64,8,-1.8224151605655852,8
3700,114,13,44,7,-1.8263733365516708,6
3701,3,11,106,6,-1.8270221877820196,5
3702,13,29,74,15,-1.8278354237299068,14
3703,49,20,54,10,-1.8291542659227744,10
3704,109,54,28,30,-1.8301464583611147,24
3705,3,30,39,15,-1.830220006872886,15
3706,96,38,84,19,-1.835648682700679,19
3707,20,30,114,16,-1.839540566254475,14
3708,81,15,68,8,-1.8403513087559695,7
3709,84,23,65,12,-1.8452384016261003,11
3710,97,22,53,12,-1.8492466822191078,10
3711,49,17,8,8,-1.8503482563099287,9
3712,106,61,87,31,-1.8566326197242504,30
3713,112,11,85,6,-1.86190112472257,5
3714,13,58,49,29,-1.8651213064868009,29
3715,5,95,37,49,-1.865428870342572,46
3716,54,26,17,13,-1.867393134138254,13
3717,65,91,13,49,-1.8704880163256519,42
3718,41,49,51,26,-1.877505705092543,23
3719,79,14,8,6,-1.8787453444383126,8
3720,64,30,87,15,-1.8805745129965612,15
3721,8,41,2,21,-1.8848654476169693,20
3722,64,23,25,12,-1.8857238852847689,11
3723,39,34,47,18,-1.8887252121213738,16
3724,106,35,20,19,-1.890590591428699,16
3725,112,27,107,14,-1.8978016202230057,13
3726,88,13,14,7,-1.902096229341472,6
3727,80,31,16,17,-1.9062257079773546,14
3728,1,38,68,20,-1.9099752765436673,18
3729,47,23,87,12,-1.9101133657381943,11
3730,63,29,71,16,-1.915183979520071,13
3731,17,11,110,6,-1.9155371371930654,5
3732,106,32,97,16,-1.9159665785715099,16
3733,76,11,99,5,-1.9173589523208336,6
3734,64,43,53,23,-1.9214578200473016,20
3735,18,21,114,11,-1.923577249757447,10
3736,86,56,114,29,-1.9239569797033842,27
3737,40,19,70,11,-1.9276789997691202,8
3738,84,38,87,20,-1.9318820493391857,18
3739,97,14,23,7,-1.9330528734436563,7
3740,78,14,3,8,-1.9333041554131571,6
3741,63,22,78,11,-1.9372183486989618,11
3742,98,10,32,5,-1.9380052263831622,5
3743,7,49,71,24,-1.9387153694352766,25
3744,104,13,110,8,-1.9388474450810558,5
3745,31,14,23,8,-1.9392936999416424,6
3746,65,49,8,26,-1.942404007953409,23
3747,55,20,25,11,-1.9429576796619947,9
3748,3,14,19,8,-1.945203843106352,6
3749,48,15,7,7,-1.9478692265013033,8
3750,64,34,36,17,-1.9485056781764598,17
3751,71,12,78,6,-1.9545808326383198,6
3752,35,11,50,6,-1.9581460146246743,5
3753,15,15,64,7,-1.974538086287131,8
3754,53,28,95,17,-1.9769373995573178,11
3755,76,46,106,22,-1.9803869538705086,24
3756,11,11,85,6,-1.9817217638118096,5
3757,25,38,28,22,-1.983389891159918,16
3758,107,33,1,17,-1.9841002438837656,16
3759,4,19,53,10,-1.987694792892672,9
3760,38,20,60,10,-1.9901891037372657,10
3761,19,14,65,7,-1.9908537179891221,7
3762,50,38,13,20,-1.9937674166002943,18
3763,112,15,104,8,-1.9939359727925703,7
3764,86,58,109,31,-1.99958534646243,27
3765,28,87,16,47,-2.0038366917622867,40
3766,97,22,83,10,-2.007636873207568,12
3767,90,37,8,21,-2.01946478207178,16
3768,17,27,114,16,-2.021159075364869,11
3769,68,24,78,13,-2.0233663173829637,11
3770,60,32,18,17,-2.0244266182620265,15
3771,13,11,32,6,-2.026181507027533,5
3772,9,29,60,17,-2.026686622824744,12
3773,114,14,91,7,-2.031242634143396,7
3774,79,11,55,6,-2.0315889229013417,5
3775,65,18,109,11,-2.0321022824018544,7
3776,47,17,27,8,-2.0335900799830844,9
3777,88,14,89,7,-2.035463499061412,7
3778,17,25,49,15,-2.036546889065441,10
3779,51,34,18,17,-2.042743355152735,17
3780,86,30,15,16,-2.0441092378448187,14
3781,88,21,93,12,-2.047097578055207,9
3782,78,12,55,7,-2.047703711992377,5
3783,80,31,65,16,-2.05091984654234,15
3784,51,48,17,24,-2.054126154034215,24
3785,90,45,86,25,-2.0574221764428238,20
3786,113,12,86,7,-2.0586102760293072,5
3787,88,10,72,6,-2.0619587987908066,4
3788,88,12,79,7,-2.0642453169607626,5
3789,38,16,30,10,-2.0680576867097535,6
3790,51,71,88,34,-2.0740353286735154,37
3791,63,10,82,5,-2.0779758612966877,5
3792,65,47,74,24,-2.0847963525870905,23
3793,28,55,88,30,-2.0851563159512985,25
3794,107,73,51,42,-2.0899344269779965,31
3795,62,18,13,9,-2.091905330703411,9
3796,91,12,17,7,-2.0932516032559643,5
3797,8,22,97,11,-2.094799206270941,11
3798,55,34,83,17,-2.0962093979720193,17
3799,79,18,84,9,-2.0988599029371886,9
3800,38,11,12,6,-2.1101018439230717,5
3801,33,12,74,6,-2.113811361821,6
3802,72,17,7,9,-2.1143024060967655,8
3803,19,21,60,12,-2.115884583957074,9
3804,64,20,1,10,-2.116432620959366,10
3805,37,38,65,19,-2.116557677432621,19
3806,70,11,53,6,-2.117480208536356,5
3807,84,26,37,14,-2.1240499046478805,12
3808,43,16,35,8,-2.1256405181906706,8
3809,76,13,34,6,-2.1338119769299584,7
3810,53,13,23,7,-2.1639220781507644,6
3811,74,14,88,9,-2.16536396125082,5
3812,54,75,86,39,-2.1689438842347455,36
3813,39,11,33,6,-2.1701558874520313,5
3814,93,16,84,8,-2.173203038685071,8
3815,70,26,63,14,-2.1813121472430432,12
3816,11,36,63,21,-2.184303425155536,15
3817,68,49,107,27,-2.1853889900704107,22
3818,60,53,51,31,-2.185540959334895,22
3819,74,64,8,36,-2.1866220406514896,28
3820,54,10,31,5,-2.1866689261471493,5
3821,40,75,7,42,-2.1957521283064807,33
3822,88,63,60,35,-2.2053487740970468,28
3823,96,50,5,28,-2.21142719225076,22
3824,55,84,8,42,-2.212352121108186,42
3825,72,12,107,6,-2.212838159801352,6
3826,51,12,93,6,-2.216632142916852,6
3827,98,14,18,6,-2.2211477971408065,8
3828,99,13,98,6,-2.22125816779338,7
3829,16,35,15,17,-2.223741648422683,18
3830,33,11,88,5,-2.224220943421554,6
3831,25,16,90,9,-2.226157693683706,7
3832,1,12,62,7,-2.2295391066336445,5
3833,74,27,20,15,-2.230377352624161,12
3834,20,14,18,8,-2.233452860395892,6
3835,27,10,70,5,-2.243263258457554,5
3836,4,38,88,20,-2.24592170041755,18
3837,20,13,69,7,-2.2532252345201647,6
3838,25,30,95,16,-2.25397314365567,14
3839,88,45,106,26,-2.2639858690375605,19
3840,7,12,85,7,-2.267272935114745,5
3841,96,66,28,35,-2.2674069446039327,31
3842,31,10,61,5,-2.2696136748473594,5
3843,70,48,16,27,-2.2731186306672018,21
3844,71,16,80,8,-2.2753923838048147,8
3845,35,20,88,10,-2.2787018333731495,10
3846,69,25,87,14,-2.2788206236890374,11
3847,40,47,9,26,-2.2806450266015688,21
3848,114,38,63,23,-2.2836807270192585,15
3849,74,46,37,24,-2.2838690954080456,22
3850,17,11,29,6,-2.2877927401917684,5
3851,4,13,106,6,-2.287883468044352,7
3852,69,28,51,16,-2.2914051236276647,12
3853,45,18,114,10,-2.292094813707231,8
3854,5,24,100,13,-2.2932427434044693,11
3855,81,15,9,8,-2.297406284952818,7
3856,32,21,86,11,-2.2989864902239,10
3857,69,27,88,15,-2.300359575839998,12
3858,50,12,58,6,-2.303376752943112,6
3859,94,20,86,11,-2.3038356669762092,9
3860,48,18,109,9,-2.3066244801907967,9
3861,72,18,54,10,-2.3089068997418343,8
3862,91,32,88,17,-2.315767764685103,15
3863,102,21,104,10,-2.320627297470276,11
3864,64,23,50,12,-2.3285304422785043,11
3865,5,51,109,26,-2.3285813949081646,25
3866,53,28,25,14,-2.3301510854690832,14
3867,57,31,15,17,-2.3311898509183155,14
3868,86,16,29,9,-2.3399676619619454,7
3869,50,13,6,7,-2.341492332331065,6
3870,38,12,114,6,-2.3415263774379937,6
3871,2,20,16,11,-2.344610668498853,9
3872,3,19,104,10,-2.3520715951524074,9
3873,37,58,107,31,-2.3520883092822156,27
3874,31,36,4,21,-2.3535355966794675,15
3875,109,14,96,8,-2.3566759619593642,6
3876,100,17,19,8,-2.358656599318164,9
3877,11,51,8,28,-2.360316345482966,23
3878,5,23,99,12,-2.3616219022642833,11
3879,39,46,63,28,-2.3626947638130464,18
3880,70,19,7,12,-2.364945757295021,7
3881,50,24,40,14,-2.3671440474550494,10
3882,112,19,50,11,-2.3689643473531765,8
3883,48,15,30,9,-2.3702999073115163,6
3884,96,55,8,30,-2.3714393570924233,25
3885,107,40,71,23,-2.3760609676092477,17
3886,17,23,8,12,-2.380809098241683,11
3887,56,13,75,8,-2.3840139649043506,5
3888,104,25,96,14,-2.3866419839158355,11
3889,71,21,4,13,-2.3871750117365993,8
3890,95,40,104,22,-2.389034218387607,18
3891,8,12,111,6,-2.390343846489093,6
3892,87,22,83,11,-2.3903571419434884,11
3893,30,15,29,9,-2.3949739668636147,6
3894,28,38,46,22,-2.3990178798165633,16
3895,98,15,114,8,-2.3992721750256893,7
3896,8,10,56,6,-2.4000860547179794,4
3897,80,26,20,14,-2.4033351571638573,12
3898,69,18,9,10,-2.4050002453980612,8
3899,51,24,47,12,-2.4094573680997575,12
3900,93,33,8,17,-2.4111455321691304,16
3901,92,11,65,6,-2.411285975254871,5
3902,20,38,88,19,-2.4156839797078273,19
3903,39,35,71,19,-2.4158892555534424,16
3904,54,17,94,9,-2.418369665890047,8
3905,25,46,107,24,-2.4187485647838773,22
3906,99,11,109,6,-2.419517402501058,5
3907,29,13,76,6,-2.419934578837023,7
3908,17,15,112,8,-2.423435965631074,7
3909,75,20,91,7,-2.4323694332612673,13
3910,17,16,100,10,-2.432372306828288,6
3911,51,19,14,12,-2.4338441230915153,7
3912,106,39,55,22,-2.4381392466666045,17
3913,86,18,12,10,-2.4382543520920796,8
3914,88,31,96,16,-2.4406464912019885,15
3915,50,10,32,4,-2.4440541907162716,6
3916,112,29,65,16,-2.4552380652908345,13
3917,68,23,19,13,-2.459954749025012,10
3918,69,17,74,8,-2.466497282082454,9
3919,74,40,87,22,-2.4671563114027464,18
3920,81,17,4,10,-2.467812477706327,7
3921,94,11,3,6,-2.4703368234336676,5
3922,87,31,75,17,-2.4728263386250795,14
3923,9,61,7,31,-2.4756046461152823,30
3924,3,14,96,7,-2.4759083478520028,7
3925,39,30,95,16,-2.481130681096556,14
3926,104,37,87,18,-2.4814321174048906,19
3927,111,11,18,6,-2.489910872635885,5
3928,78,34,86,18,-2.5009350146207274,16
3929,109,18,37,10,-2.5010134043415313,8
3930,28,26,60,12,-2.503783946382719,14
3931,96,37,106,21,-2.5084238105055885,16
3932,55,43,75,25,-2.5125301308500276,18
3933,102,26,16,14,-2.5156356988528947,12
3934,36,15,12,8,-2.5163199425137495,7
3935,12,41,65,21,-2.5178517807572867,20
3936,19,19,28,11,-2.5182869063974485,8
3937,54,34,80,17,-2.5244394841569355,17
3938,50,32,39,17,-2.524569549657206,15
3939,4,18,39,10,-2.5267698999647226,8
3940,9,33,36,18,-2.527924078037467,15
3941,107,15,44,8,-2.5305445670994087,7
3942,17,29,7,16,-2.5320894413613915,13
3943,95,20,20,11,-2.5325274069422727,9
3944,94,15,69,8,-2.535027799735268,7
3945,60,50,39,26,-2.5355246842136108,24
3946,60,11,111,7,-2.535604443502029,4
3947,79,16,63,9,-2.5383647167046717,7
3948,20,15,19,8,-2.543598619448083,7
3949,60,25,63,14,-2.5472563824704046,11
3950,16,46,41,23,-2.549196136708536,23
3951,36,74,7,40,-2.54935875079736,34
3952,49,11,72,6,-2.549936614828146,5
3953,1,19,73,11,-2.5534291003907295,8
3954,63,10,83,4,-2.557624644664858,6
3955,34,13,29,7,-2.5611931504373406,6
3956,51,43,28,22,-2.5635290356109595,21
3957,23,11,9,6,-2.5650998994582825,5
3958,87,13,92,7,-2.5651869545632544,6
3959,107,50,50,26,-2.5656690703128167,24
3960,38,18,29,10,-2.569512191405065,8
3961,17,15,1,8,-2.5752502333351277,7
3962,107,49,11,27,-2.5761241944086906,22
3963,71,14,69,7,-2.582352607553779,7
3964,107,33,34,19,-2.5875719097269365,14
3965,49,10,19,6,-2.589172591819973,4
3966,87,25,71,13,-2.590103521421834,12
3967,18,33,86,19,-2.5923706641316473,14
3968,109,10,1,5,-2.592960677140225,5
3969,91,23,36,13,-2.600483205457647,10
3970,107,25,85,13,-2.601380149286501,12
3971,90,37,107,19,-2.6015860655240464,18
3972,8,15,29,9,-2.602614792717871,6
3973,1,29,40,16,-2.608102727316189,13
3974,40,16,11,9,-2.612795985816362,7
3975,2,13,76,8,-2.6134640032331116,5
3976,64,28,75,15,-2.614396425436705,13
3977,68,107,7,58,-2.6156429768400975,49
3978,107,30,108,16,-2.6200064290415055,14
3979,23,16,27,8,-2.621351845616974,8
3980,41,16,11,10,-2.6214888870905386,6
3981,86,36,91,19,-2.627461430980282,17
3982,78,12,15,6,-2.6282304993251357,6
3983,39,30,17,17,-2.63473827504273,13
3984,54,13,110,7,-2.6358849029934492,6
3985,49,17,3,9,-2.6382409196969414,8
3986,17,17,11,9,-2.63850353139516,8
3987,106,10,10,7,-2.639964127087713,3
3988,87,27,29,16,-2.6404497939899096,11
3989,95,14,33,8,-2.6415453896084555,6
3990,6,17,88,9,-2.643401887191552,8
3991,5,60,16,35,-2.643518445682432,25
3992,37,21,30,12,-2.6448172779185537,9
3993,17,15,87,8,-2.6490303870133416,7
3994,8,24,30,13,-2.6514132136935475,11
3995,36,13,57,8,-2.653116090105381,5
3996,88,29,92,16,-2.65412565592523,13
3997,91,13,74,7,-2.658254293210725,6
3998,98,13,19,6,-2.6648484010439395,7
3999,74,25,114,13,-2.666972342657448,12
4000,75,18,95,10,-2.672802736686619,8
4001,44,17,25,9,-2.673535476281759,8
4002,5,25,39,13,-2.6791322172692884,12
4003,35,11,13,6,-2.684594978225239,5
4004,107,21,93,12,-2.6848247910711387,9
4005,71,40,65,23,-2.6867803351656674,17
4006,8,81,86,41,-2.6926289795431546,40
4007,6,15,87,8,-2.6944386309243544,7
4008,107,50,41,29,-2.7130435159152007,21
4009,70,16,49,8,-2.7131214221068403,8
4010,80,11,95,6,-2.7197438471090796,5
4011,28,50,11,26,-2.7199624016130106,24
4012,70,31,104,17,-2.7208109249750048,14
4013,88,53,55,31,-2.721264805593774,22
4014,8,76,16,42,-2.7297636152330345,34
4015,34,12,75,6,-2.7327928404854562,6
4016,106,50,65,27,-2.735321183024918,23
4017,63,12,99,6,-2.7377253409939377,6
4018,104,22,97,11,-2.7396377781056187,11
4019,8,12,112,6,-2.740736306324458,6
4020,70,28,68,15,-2.743617533988878,13
4021,112,23,63,12,-2.74696539057072,11
4022,111,28,16,16,-2.755670365747083,12
4023,28,99,86,55,-2.762726515499761,44
4024,77,17,5,9,-2.7658375671945885,8
4025,40,11,38,5,-2.771552043064858,6
4026,10,11,5,5,-2.7716738654503192,6
4027,27,14,11,7,-2.7750057567536373,7
4028,91,31,28,17,-2.78581966806185,14
4029,97,15,9,7,-2.7891659901703596,8
4030,36,13,100,7,-2.7923934619121096,6
4031,1,26,7,14,-2.793205495238504,12
4032,15,25,60,13,-2.796605854193514,12
4033,114,25,4,13,-2.7973762559419417,12
4034,109,20,50,11,-2.798084616202662,9
4035,112,14,106,7,-2.805082024542768,7
4036,41,15,99,8,-2.808167291861728,7
4037,36,32,1,16,-2.8095303452930684,16
4038,98,12,39,7,-2.813957257779375,5
4039,47,13,64,8,-2.821240379057225,5
4040,87,41,30,22,-2.821310502909843,19
4041,71,13,18,7,-2.821320109059578,6
4042,109,14,40,8,-2.8243745319718685,6
4043,81,23,53,13,-2.832269045840244,10
4044,74,33,104,19,-2.832959821636547,14
4045,76,24,46,13,-2.8453201116747966,11
4046,44,13,28,6,-2.846139863099275,7
4047,33,13,97,7,-2.8486496222061595,6
4048,65,10,34,5,-2.851457666336363,5
4049,96,16,73,9,-2.853430398009382,7
4050,99,18,51,9,-2.8534777973740635,9
4051,104,35,39,19,-2.8536678809946237,16
4052,63,23,46,11,-2.867241869896345,12
4053,20,42,87,22,-2.869120615934056,20
4054,53,12,57,6,-2.8739584447786406,6
4055,75,21,27,11,-2.8742147115996155,10
4056,16,13,85,8,-2.8813506371354958,5
4057,74,24,75,14,-2.8903655619324415,10
4058,55,71,13,38,-2.895942627228282,33
4059,70,10,44,5,-2.8975248911261424,5
4060,108,13,71,7,-2.8992906212622866,6
4061,49,15,114,7,-2.904145419228163,8
4062,37,19,91,10,-2.9050960547005253,9
4063,68,35,3,20,-2.9096771599483793,15
4064,23,27,51,15,-2.9105396123674634,12
4065,108,12,25,7,-2.9132670669268257,5
4066,48,17,13,9,-2.9139461654751595,8
4067,106,19,102,9,-2.9207255392565092,10
4068,86,82,74,43,-2.9212877807151494,39
4069,87,20,36,12,-2.9355732508976633,8
4070,65,57,28,32,-2.936618804167043,25
4071,40,32,41,17,-2.946728808508273,15
4072,65,20,18,10,-2.9468351166959508,10
4073,8,16,80,8,-2.9519293865537106,8
4074,46,23,114,13,-2.9631435316072414,10
4075,57,18,25,10,-2.964934950553877,8
4076,13,18,34,10,-2.966738126614261,8
4077,53,11,47,6,-2.967218161853792,5
4078,78,14,28,7,-2.969090445302413,7
4079,67,10,34,4,-2.9692152425887484,6
4080,37,21,2,11,-2.96975801126945,10
4081,68,16,85,10,-2.9736103869141335,6
4082,4,32,36,19,-2.9739066740354194,13
4083,64,16,49,8,-2.974435618509844,8
4084,106,36,84,18,-2.9754739608250116,18
4085,16,21,34,12,-2.976314710839405,9
4086,76,25,23,13,-2.9981472006027947,12
4087,69,11,4,6,-2.9994841766617175,5
4088,34,14,96,8,-3.001763014782562,6
4089,37,47,20,25,-3.0049852144749636,22
4090,29,16,7,7,-3.0054928601317066,9
4091,7,27,6,12,-3.013941061604383,15
4092,29,13,49,7,-3.0167276558140466,6
4093,76,22,109,11,-3.021988566444067,11
4094,84,86,86,44,-3.0278103260571707,42
4095,99,12,27,6,-3.0280763102634345,6
4096,65,39,25,23,-3.0368934823131157,16
4097,96,13,38,7,-3.0422152322461713,6
4098,109,34,88,19,-3.046527810071437,15
4099,86,42,71,22,-3.0606693617391714,20
4100,107,27,29,17,-3.062430324885094,10
4101,55,14,48,8,-3.0636269177668387,6
4102,25,18,71,10,-3.0644100067848146,8
4103,114,40,60,18,-3.0670908685799043,22
4104,55,22,20,12,-3.0673393388469985,10
4105,25,30,75,17,-3.069551733540898,13
4106,41,11,74,5,-3.0735662157516845,6
4107,84,28,109,16,-3.073799704825316,12
4108,63,40,74,21,-3.0803940829456544,19
4109,87,14,45,8,-3.086220297325659,6
4110,91,10,64,6,-3.0993479020870796,4
4111,68,14,99,8,-3.100103615084465,6
4112,27,13,74,6,-3.1002755903304386,7
4113,60,15,92,9,-3.101629065738581,6
4114,54,15,41,8,-3.102250260710982,7
4115,106,25,109,13,-3.1028448270841773,12
4116,86,91,63,53,-3.106277287763664,38
4117,4,24,50,12,-3.1105592371369597,12
4118,17,25,25,14,-3.1106502600539105,11
4119,80,11,36,6,-3.1158574211756616,5
4120,43,11,112,6,-3.1359235341148506,5
4121,65,48,23,25,-3.1380450881841506,23
4122,23,23,75,11,-3.148733601092015,12
4123,7,51,104,28,-3.158219418007504,23
4124,82,21,86,12,-3.1586560919846263,9
4125,48,11,68,6,-3.1648474660602854,5
4126,74,14,90,9,-3.168061351028922,5
4127,86,16,110,9,-3.1694821197260485,7
4128,60,25,106,15,-3.171261503808182,10
4129,7,32,43,19,-3.1749602918386843,13
4130,30,12,74,6,-3.175828716417198,6
4131,47,26,16,14,-3.179743332451839,12
4132,65,25,83,13,-3.1850517665827933,12
4133,50,54,37,28,-3.1883352760136074,26
4134,5,61,88,32,-3.1946532218196624,29
4135,5,49,55,27,-3.198953177181802,22
4136,39,41,36,23,-3.1998605067578225,18
4137,76,12,44,7,-3.2019945343572456,5
4138,17,28,106,17,-3.2039846830051117,11
4139,31,47,60,23,-3.2094707274879264,24
4140,97,19,50,11,-3.210625734622642,8
4141,74,16,17,9,-3.21177055102783,7
4142,46,45,51,25,-3.212290911376682,20
4143,23,19,64,10,-3.2123729115980186,9
4144,28,39,55,23,-3.2184704312839756,16
4145,7,55,23,30,-3.222928305376168,25
4146,16,21,4,10,-3.223993814900797,11
4147,51,46,8,25,-3.2258849231912943,21
4148,35,18,16,11,-3.2305329948687067,7
4149,87,21,2,12,-3.2308938185741103,9
4150,16,68,60,37,-3.2309192664317177,31
4151,36,49,107,26,-3.234838704648262,23
4152,94,18,27,10,-3.2365053150430136,8
4153,60,25,99,14,-3.238194459102709,11
4154,81,12,23,7,-3.2407035870770007,5
4155,112,12,72,6,-3.241907003379272,6
4156,64,38,107,20,-3.25264237164834,18
4157,25,47,114,27,-3.2540864225169766,20
4158,41,29,60,15,-3.2551745470437368,14
4159,74,24,7,15,-3.257493143792889,9
4160,95,14,76,8,-3.257651508839797,6
4161,19,16,30,8,-3.260781025498363,8
4162,53,56,18,30,-3.2615252410170648,26
4163,54,56,28,31,-3.262278028179984,25
4164,7,114,13,62,-3.264302615697635,52
4165,78,11,11,5,-3.270328616003681,6
4166,67,13,114,7,-3.274670651234843,6
4167,86,49,60,27,-3.2754717222931737,22
4168,60,25,90,15,-3.2889183131065622,10
4169,49,18,27,10,-3.2899749931583075,8
4170,74,20,100,11,-3.292910754624951,9
4171,27,50,7,27,-3.296451922887636,23
4172,87,36,23,21,-3.299045225591567,15
4173,5,60,104,32,-3.3007473735225057,28
4174,48,29,28,16,-3.3030143286202387,13
4175,15,12,28,6,-3.307663426492388,6
4176,75,31,60,17,-3.313915862803686,14
4177,84,16,97,10,-3.316428205809935,6
4178,54,32,104,17,-3.328617374285993,15
4179,50,19,41,11,-3.331657114556132,8
4180,74,17,108,10,-3.332088965409243,7
4181,76,13,71,6,-3.3359186512389036,7
4182,5,13,68,7,-3.3380294056441127,6
4183,98,20,54,11,-3.3414082574983,9
4184,33,13,75,8,-3.342736023465549,5
4185,91,15,40,8,-3.345577169162442,7
4186,20,10,83,5,-3.347889825164404,5
4187,107,15,14,9,-3.3479962116917545,6
4188,70,30,88,17,-3.3524090493184286,13
4189,3,12,54,6,-3.3552278990212483,6
4190,48,10,17,5,-3.361151763324527,5
4191,8,23,14,13,-3.3634201583462153,10
4192,97,25,54,13,-3.364815342765676,12
4193,20,17,40,10,-3.3649339637959637,7
4194,19,17,112,10,-3.3665736118676204,7
4195,88,41,11,23,-3.366600706445604,18
4196,102,23,109,13,-3.3679677569149944,10
4197,44,13,100,7,-3.3720452657314217,6
4198,98,15,73,8,-3.3800553651819163,7
4199,55,28,36,15,-3.383336577257353,13
4200,88,13,19,7,-3.3883003963549876,6
4201,65,19,62,10,-3.3909839239840913,9
4202,104,10,73,6,-3.391491099464731,4
4203,112,26,13,13,-3.392352489097591,13
4204,28,13,4,7,-3.3940824912486858,6
4205,84,29,55,16,-3.4012305577969593,13
4206,65,34,97,19,-3.401757302918018,15
4207,98,26,104,12,-3.4091853213510745,14
4208,36,11,17,5,-3.417273645156755,6
4209,97,12,11,6,-3.419346386793516,6
4210,37,12,4,7,-3.4218717037755084,5
4211,19,14,41,8,-3.4342027108851845,6
4212,25,31,102,17,-3.4382241991917164,14
4213,39,29,114,15,-3.4411172111260955,14
4214,40,58,60,32,-3.4423663485116376,26
4215,55,28,76,17,-3.4438952481653042,11
4216,87,22,94,12,-3.4492202559248546,10
4217,46,25,68,14,-3.4494659871080535,11
4218,23,21,37,11,-3.4530437057487418,10
4219,5,23,33,12,-3.454327509177194,11
4220,20,27,11,16,-3.455641949633459,11
4221,51,49,106,27,-3.457607975311812,22
4222,5,60,74,32,-3.4699961467083447,28
4223,16,14,73,7,-3.4738693799097957,7
4224,54,57,96,29,-3.47661338595835,28
4225,18,16,55,8,-3.481046717374471,8
4226,70,20,25,11,-3.484518115943737,9
4227,71,18,12,10,-3.4874429459484335,8
4228,51,30,36,16,-3.4874600225025065,14
4229,103,11,54,7,-3.4875703394156505,4
4230,36,13,62,7,-3.489528327052378,6
4231,95,25,60,14,-3.4911897053694894,11
4232,72,10,27,6,-3.4933461278277838,4
4233,114,36,97,20,-3.494809729950691,16
4234,9,26,50,15,-3.4989626487903873,11
4235,63,18,49,10,-3.500149915800845,8
4236,108,13,37,7,-3.5019197237718496,6
4237,39,12,1,5,-3.502316135418237,7
4238,23,16,74,9,-3.5053157619270587,7
4239,33,10,49,6,-3.5057518320537775,4
4240,104,38,8,21,-3.5073414065674897,17
4241,69,10,84,6,-3.5117655158326757,4
4242,106,50,107,27,-3.5165007722129795,23
4243,17,39,16,24,-3.519303718783672,15
4244,76,17,20,8,-3.5278207011714757,9
4245,97,23,87,14,-3.5298267728440083,9
4246,25,17,93,9,-3.530039788975629,8
4247,7,15,44,8,-3.535266020755452,7
4248,36,65,40,37,-3.5400829247343655,28
4249,65,49,53,26,-3.552341058928982,23
4250,71,26,62,14,-3.552725756878075,12
4251,4,13,30,7,-3.554167963462701,6
4252,57,13,23,7,-3.554408044637194,6
4253,36,19,28,10,-3.554999615354126,9
4254,33,11,64,7,-3.558110801858625,4
4255,108,13,79,8,-3.562523700236057,5
4256,38,22,16,14,-3.5724883088865464,8
4257,57,18,3,10,-3.5742432115563805,8
4258,28,50,20,28,-3.5784154895374147,22
4259,60,16,61,8,-3.58082656290379,8
4260,95,10,97,6,-3.58943247133478,4
4261,71,13,58,7,-3.5901555481142533,6
4262,91,13,102,7,-3.5942640564526322,6
4263,94,13,55,7,-3.6120696685756326,6
4264,28,26,80,14,-3.6230809501897747,12
4265,18,19,43,9,-3.6267699505365183,10
4266,112,17,27,9,-3.6269524973615406,8
4267,108,14,75,8,-3.634090811617301,6
4268,107,72,88,41,-3.6375933381747343,31
4269,69,13,112,7,-3.640201196896185,6
4270,51,51,54,28,-3.64120614912335,23
4271,70,10,14,5,-3.6470421341148493,5
4272,50,13,27,8,-3.6503401008022798,5
4273,62,17,100,9,-3.6518275989907725,8
4274,18,11,17,5,-3.6519056838531805,6
4275,112,35,86,20,-3.651933901410972,15
4276,9,15,109,7,-3.6538651478462696,8
4277,32,21,107,11,-3.6546977761524695,10
4278,71,10,90,5,-3.656103603020123,5
4279,96,33,97,17,-3.6574389351582637,16
4280,86,33,49,17,-3.6580175694241315,16
4281,31,24,39,14,-3.6610558433956144,10
4282,51,26,108,14,-3.669690549423146,12
4283,18,32,88,17,-3.6713658752533838,15
4284,87,25,80,14,-3.671802865102298,11
4285,27,12,71,7,-3.672482180614423,5
4286,68,14,101,9,-3.6742625668258904,5
4287,55,19,34,10,-3.680955248563573,9
4288,51,37,114,19,-3.6824882422691596,18
4289,28,19,23,10,-3.6970356039584393,9
4290,65,94,16,53,-3.699236008498941,41
4291,38,35,107,20,-3.69953035095411,15
4292,43,17,106,9,-3.706853967971227,8
4293,5,21,15,13,-3.7147342263498238,8
4294,69,18,19,10,-3.7236514442592688,8
4295,60,14,89,7,-3.723763452657912,7
4296,25,65,86,35,-3.735239092039536,30
4297,3,17,27,8,-3.735454066656184,9
4298,4,13,1,8,-3.7360390878519714,5
4299,40,42,53,23,-3.7429391558119995,19
4300,109,33,51,21,-3.752003613096799,12
4301,15,13,47,7,-3.7602698343279473,6
4302,54,22,15,11,-3.7704013204125912,11
4303,4,19,63,11,-3.7758336578086884,8
4304,92,13,104,6,-3.7768187223532292,7
4305,23,48,107,26,-3.7778307981128196,22
4306,27,10,22,6,-3.7794086021507356,4
4307,93,10,7,5,-3.7802315490169662,5
4308,37,12,94,7,-3.788108137633397,5
4309,60,13,80,7,-3.788360223509818,6
4310,104,13,20,8,-3.7974160411444697,5
4311,3,17,64,10,-3.801459101897863,7
4312,55,57,107,31,-3.8017599811485696,26
4313,100,17,15,9,-3.8067436252412943,8
4314,5,16,110,9,-3.8138584796050923,7
4315,91,28,5,17,-3.814625093066516,11
4316,4,21,55,11,-3.821660634263143,10
4317,64,14,44,8,-3.824222642884567,6
4318,11,19,7,11,-3.8244118156669136,8
4319,3,11,4,6,-3.825046392091852,5
4320,87,16,44,9,-3.826754946057649,7
4321,86,91,7,53,-3.8292113085112067,38
4322,51,30,70,16,-3.8297117807076546,14
4323,13,26,91,14,-3.8317482607331113,12
4324,8,13,43,7,-3.8325900737455147,6
4325,46,13,38,8,-3.8338597693432233,5
4326,7,26,20,14,-3.839940256500115,12
4327,65,28,15,16,-3.840262367340876,12
4328,31,23,18,12,-3.8430258307678655,11
4329,111,34,65,20,-3.8475275648066676,14
4330,87,108,86,56,-3.8496886197724405,52
4331,114,25,41,13,-3.8544949021986654,12
4332,3,12,62,7,-3.858532230856977,5
4333,109,17,68,11,-3.8661451047117255,6
4334,87,36,95,20,-3.8694007735692093,16
4335,87,30,27,17,-3.8730507088823845,13
4336,17,27,28,15,-3.885054779321748,12
4337,49,28,87,14,-3.8881049860589334,14
4338,57,23,28,13,-3.8971175709019774,10
4339,37,26,102,15,-3.901578428361024,11
4340,55,49,39,28,-3.9021775272744925,21
4341,54,13,79,8,-3.90846253808764,5
4342,86,13,89,6,-3.9174928376954097,7
4343,70,38,37,22,-3.9227382855891673,16
4344,2,28,5,16,-3.923277825320168,12
4345,78,26,13,15,-3.9263072499392484,11
4346,86,115,16,66,-3.9281593710891984,49
4347,50,11,57,7,-3.929027822248146,4
4348,16,35,97,19,-3.9340820840887147,16
4349,97,10,80,6,-3.9365866928471034,4
4350,93,11,3,5,-3.9394735942906975,6
4351,40,11,6,6,-3.9442678680230827,5
4352,86,45,9,26,-3.945093339569097,19
4353,104,50,88,29,-3.9536343834384904,21
4354,17,34,65,21,-3.9540701507148897,13
4355,35,13,30,7,-3.958311571243133,6
4356,93,24,74,13,-3.960101768879081,11
4357,51,89,13,48,-3.963822887097114,41
4358,63,18,17,10,-3.9668490280440616,8
4359,14,12,96,7,-3.975747798085754,5
4360,19,16,84,9,-3.977223734834221,7
4361,97,18,60,9,-3.9792005525226375,9
4362,112,16,31,10,-4.001730552260451,6
4363,71,33,30,18,-4.006253796204616,15
4364,7,26,100,15,-4.007756687202794,11
4365,31,12,66,7,-4.0087548725586535,5
4366,54,36,55,19,-4.011039158800405,17
4367,110,20,8,12,-4.013172679497405,8
4368,51,44,104,27,-4.015424408222765,17
4369,53,49,39,28,-4.0166114325479985,21
4370,47,13,71,7,-4.030916530509354,6
4371,64,13,77,6,-4.0310378413129495,7
4372,38,18,9,10,-4.035727579019443,8
4373,104,16,43,8,-4.037704614766144,8
4374,43,10,1,5,-4.03897671575872,5
4375,76,26,98,15,-4.039201436166646,11
4376,50,21,7,11,-4.045740478776831,10
4377,88,43,23,26,-4.047882049914368,17
4378,40,10,32,5,-4.050021677419869,5
4379,95,10,43,6,-4.0633983206079485,4
4380,19,12,64,8,-4.068998906277915,4
4381,60,38,87,20,-4.070682609249087,18
4382,34,12,11,6,-4.072817944161177,6
4383,12,10,16,6,-4.074172433894507,4
4384,5,117,86,66,-4.074944655375777,51
4385,50,22,74,12,-4.086243740312161,10
4386,19,11,36,6,-4.0885902184216905,5
4387,107,25,15,16,-4.092385856197936,9
4388,35,24,20,14,-4.098728722002913,10
4389,93,20,83,11,-4.100880722204593,9
4390,63,30,97,17,-4.107378727934806,13
4391,46,12,3,6,-4.120061864952647,6
4392,46,62,13,36,-4.124756823653081,26
4393,102,31,28,17,-4.12543311995288,14
4394,65,22,45,11,-4.125923170388699,11
4395,94,16,112,10,-4.1306598471384035,6
4396,9,19,49,10,-4.134273187385771,9
4397,20,11,71,7,-4.136430557393971,4
4398,9,53,88,30,-4.139791770697589,23
4399,71,47,53,27,-4.141303557057988,20
4400,77,28,13,16,-4.142553833006349,12
4401,73,13,20,8,-4.146065391689571,5
4402,76,18,84,10,-4.146116027740745,8
4403,65,58,55,32,-4.14777837496959,26
4404,17,12,99,7,-4.14837583337694,5
4405,84,60,28,34,-4.150279635735799,26
4406,79,23,16,13,-4.172627485125203,10
4407,54,51,46,29,-4.174748314759057,22
4408,84,34,16,19,-4.177116652788804,15
4409,7,18,80,11,-4.182061930373812,7
4410,25,27,23,15,-4.182190113226027,12
4411,40,70,13,39,-4.189895916000412,31
4412,12,10,85,6,-4.198135644237859,4
4413,40,11,15,6,-4.201647176656486,5
4414,36,56,65,32,-4.205692860728475,24
4415,46,59,86,36,-4.218640718519182,23
4416,31,21,87,11,-4.220659397575877,10
4417,18,19,4,11,-4.220670692754493,8
4418,44,11,71,6,-4.223524348839462,5
4419,48,12,23,7,-4.227938531173128,5
4420,43,15,17,8,-4.236669826180696,7
4421,47,10,109,6,-4.236742850593237,4
4422,74,12,31,7,-4.240578281890586,5
4423,34,14,106,7,-4.243674039664674,7
4424,57,29,87,17,-4.245143188420473,12
4425,29,12,9,7,-4.247154248113976,5
4426,80,17,104,9,-4.256665633473226,8
4427,38,15,51,9,-4.261652425824846,6
4428,107,30,91,18,-4.264126621091654,12
4429,60,16,108,9,-4.267590404557523,7
4430,96,12,33,5,-4.271042933020871,7
4431,12,18,88,10,-4.271852106961349,8
4432,54,27,9,15,-4.272544772651764,12
4433,65,75,104,41,-4.279029082347129,34
4434,54,19,78,11,-4.289939322497262,8
4435,54,63,20,33,-4.290782184792433,30
4436,54,30,30,17,-4.295304900191639,13
4437,44,21,20,12,-4.299103845073811,9
4438,54,28,25,16,-4.300413553073274,12
4439,53,27,106,14,-4.302319600135899,13
4440,109,22,20,14,-4.302333411252665,8
4441,107,80,13,44,-4.302477990099943,36
4442,71,42,16,25,-4.3051763919274695,17
4443,52,10,50,5,-4.308197298973348,5
4444,20,19,17,11,-4.3112321942034,8
4445,17,23,97,13,-4.313428551304956,10
4446,71,14,70,7,-4.315612188206777,7
4447,40,22,4,12,-4.316643149060896,10
4448,37,23,98,13,-4.327931130640238,10
4449,87,64,8,36,-4.329007020305176,28
4450,41,19,95,11,-4.332143979792176,8
4451,22,12,60,7,-4.334241842742782,5
4452,65,29,70,18,-4.3439841796636145,11
4453,6,16,65,9,-4.346168811124812,7
4454,88,24,47,13,-4.347102674354305,11
4455,100,16,64,10,-4.355062992024107,6
4456,71,31,64,19,-4.35947313780117,12
4457,23,20,95,11,-4.361896262769259,9
4458,11,13,33,6,-4.365968233102095,7
4459,9,15,74,9,-4.36741522698094,6
4460,23,23,40,13,-4.36842332680331,10
4461,58,13,55,7,-4.369004483506263,6
4462,9,24,55,14,-4.371040618945101,10
4463,98,13,60,7,-4.372454949323837,6
4464,84,23,9,13,-4.37700855889265,10
4465,39,59,86,31,-4.378688420157519,28
4466,25,33,87,18,-4.379098196808543,15
4467,17,18,90,9,-4.380128430106851,9
4468,76,23,65,14,-4.385586505985179,9
4469,43,26,51,14,-4.390788502279346,12
4470,86,20,111,12,-4.3910837466552355,8
4471,63,29,64,16,-4.39496095596168,13
4472,64,20,114,12,-4.407773657880816,8
4473,57,12,64,7,-4.4096800085415095,5
4474,51,109,16,60,-4.412519515032201,49
4475,53,64,7,36,-4.416213736910661,28
4476,13,30,99,17,-4.420966828834257,13
4477,62,39,16,24,-4.4214535469720015,15
4478,87,20,102,12,-4.423994697827658,8
4479,20,14,23,8,-4.42777867543601,6
4480,104,33,76,20,-4.431201348115445,13
4481,112,13,3,7,-4.431324508959898,6
4482,60,33,30,21,-4.440049072831525,12
4483,88,11,45,7,-4.4416566980945715,4
4484,109,15,95,9,-4.444131433700797,6
4485,37,33,13,19,-4.448467961015428,14
4486,50,42,2,24,-4.448957186147167,18
4487,12,12,6,6,-4.448996636056325,6
4488,31,67,7,38,-4.453212370234459,29
4489,16,44,95,24,-4.453378575583385,20
4490,73,12,50,8,-4.454782630059153,4
4491,97,11,77,7,-4.454901155383999,4
4492,47,23,107,13,-4.459572238589973,10
4493,50,15,3,8,-4.464463620895281,7
4494,32,18,37,10,-4.466542082918519,8
4495,57,10,91,5,-4.468260927215542,5
4496,25,31,96,17,-4.472832877552798,14
4497,7,102,16,57,-4.473957168273419,45
4498,11,45,55,27,-4.474786147328665,18
4499,86,38,27,23,-4.475599277388675,15
4500,107,33,95,18,-4.475609109265347,15
4501,3,22,65,13,-4.484195846274234,9
4502,27,15,34,8,-4.4853072344681015,7
4503,107,102,16,63,-4.491862341070497,39
4504,37,15,93,9,-4.4934456656390305,6
4505,112,20,75,12,-4.4989690721071325,8
4506,110,13,87,8,-4.501644038521952,5
4507,69,10,80,5,-4.508733977407145,5
4508,29,16,28,9,-4.513248021932703,7
4509,29,12,11,6,-4.514283319415918,6
4510,55,43,37,23,-4.516821858156877,20
4511,1,11,100,6,-4.524502828746236,5
4512,87,30,76,18,-4.5264432753784085,12
4513,28,71,50,41,-4.530365152854882,30
4514,75,23,106,12,-4.532198108241345,11
4515,102,24,8,13,-4.537070383836358,11
4516,3,19,12,12,-4.543846245794998,7
4517,85,16,28,9,-4.545964613502572,7
4518,15,18,99,11,-4.551461310618722,7
4519,46,15,83,8,-4.551826612706302,7
4520,27,20,8,12,-4.551888772342851,8
4521,23,15,70,8,-4.554568026577778,7
4522,104,16,99,8,-4.562749239239297,8
4523,95,14,99,8,-4.572737764013027,6
4524,58,23,7,12,-4.575034525669345,11
4525,65,16,99,9,-4.579704538683142,7
4526,71,25,28,15,-4.584215619303487,10
4527,8,30,60,16,-4.584471076654315,14
4528,103,12,27,6,-4.589542402203838,6
4529,96,32,50,18,-4.592653394244437,14
4530,95,13,77,7,-4.601493224452909,6
4531,30,11,23,6,-4.601908928188203,5
4532,68,62,88,36,-4.601971796539838,26
4533,3,35,7,21,-4.603775118928218,14
4534,66,10,88,6,-4.60434245546846,4
4535,86,72,37,40,-4.607837359690986,32
4536,18,17,81,10,-4.608026491256892,7
4537,9,46,107,25,-4.60932354627833,21
4538,96,22,60,15,-4.611190930914723,7
4539,77,20,39,11,-4.627408005541294,9
4540,63,13,58,6,-4.62886931152221,7
4541,110,15,106,8,-4.633960085739299,7
4542,25,22,60,12,-4.636282806493915,10
4543,109,19,73,11,-4.637139105733963,8
4544,13,14,73,8,-4.6427133386229835,6
4545,16,21,6,11,-4.642825718029856,10
4546,96,39,63,24,-4.649023449526139,15
4547,25,15,27,8,-4.649655011418167,7
4548,112,16,51,9,-4.651691136811714,7
4549,47,15,25,8,-4.655390231832644,7
4550,107,47,100,24,-4.6623179877545535,23
4551,98,14,55,9,-4.662824671110213,5
4552,64,13,80,7,-4.665596394208,6
4553,8,12,52,7,-4.669562642233976,5
4554,64,48,13,25,-4.670216629866639,23
4555,49,20,98,11,-4.675267204581687,9
4556,18,22,77,14,-4.676567510317278,8
4557,18,20,30,11,-4.68418863416903,9
4558,5,16,71,9,-4.686451238703376,7
4559,87,25,43,14,-4.687673727620404,11
4560,62,10,97,6,-4.689387738532959,4
4561,107,95,87,54,-4.689765095331305,41
4562,68,60,16,37,-4.69433729993708,23
4563,58,13,51,7,-4.6987757235739265,6
4564,60,45,55,25,-4.699539635247212,20
4565,1,34,13,21,-4.702199298952773,13
4566,80,14,11,8,-4.704407754517106,6
4567,46,23,20,15,-4.708713070266484,8
4568,71,16,43,8,-4.709770232299069,8
4569,18,37,28,20,-4.710953949587104,17
4570,72,10,15,6,-4.7131251167737505,4
4571,12,14,74,8,-4.7158981291394015,6
4572,107,22,78,13,-4.725104601546661,9
4573,75,14,15,9,-4.7291616067808215,5
4574,46,11,6,6,-4.730994669309113,5
4575,8,19,68,11,-4.735439672697361,8
4576,86,17,19,10,-4.7362233460056355,7
4577,46,41,8,22,-4.737192297274267,19
4578,3,11,97,7,-4.7402730889790226,4
4579,77,16,25,9,-4.745845616411638,7
4580,69,26,41,17,-4.748815562050703,9
4581,65,67,87,39,-4.751181720183052,28
4582,5,30,90,18,-4.752640516818982,12
4583,50,16,93,10,-4.755526241513055,6
4584,41,31,64,19,-4.758473174288668,12
4585,86,73,11,41,-4.761146448261521,32
4586,27,16,6,9,-4.762765446713921,7
4587,88,27,43,16,-4.769070275262686,11
4588,31,15,12,8,-4.770632464521183,7
4589,70,13,90,7,-4.771084444295363,6
4590,68,30,30,16,-4.772546445353643,14
4591,34,13,78,7,-4.775374082125243,6
4592,94,14,114,7,-4.775696268753724,7
4593,29,12,46,5,-4.775703546529658,7
4594,5,12,9,7,-4.777710715122403,5
4595,50,48,87,26,-4.778093921608591,22
4596,5,33,76,19,-4.788314400539968,14
4597,1,17,9,8,-4.79405950293998,9
4598,20,13,52,8,-4.795236183864801,5
4599,25,11,111,6,-4.797175922879397,5
4600,6,16,68,10,-4.799676836342989,6
4601,96,22,75,15,-4.80138149231193,7
4602,11,28,76,17,-4.8016293008061295,11
4603,56,11,16,7,-4.802141402722699,4
4604,88,44,75,26,-4.804702938088101,18
4605,108,13,96,7,-4.805162668071275,6
4606,106,25,2,14,-4.808494527305082,11
4607,106,12,6,7,-4.810944704219048,5
4608,8,30,83,16,-4.811627367676455,14
4609,85,11,74,6,-4.812388004493803,5
4610,69,26,107,15,-4.820469677413699,11
4611,54,15,14,10,-4.820525855929131,5
4612,25,19,31,10,-4.823839301099763,9
4613,67,15,8,9,-4.8319098461555825,6
4614,52,15,87,8,-4.832747531124254,7
4615,39,39,75,21,-4.835166255544909,18
4616,75,41,18,23,-4.835583954062301,18
4617,54,21,1,12,-4.840521848687889,9
4618,64,20,83,11,-4.840996077098241,9
4619,51,30,5,19,-4.841333405150811,11
4620,54,35,11,20,-4.848696271718108,15
4621,19,23,15,13,-4.849772903955844,10
4622,15,14,49,8,-4.850153982450119,6
4623,32,12,97,7,-4.851459349576838,5
4624,39,28,27,14,-4.858326038782186,14
4625,104,55,86,31,-4.8600728568891,24
4626,107,12,52,8,-4.8612628499818085,4
4627,89,10,5,7,-4.862465640901751,3
4628,106,54,37,29,-4.865641247327304,25
4629,39,27,100,15,-4.872241184070208,12
4630,88,12,85,7,-4.873754317610231,5
4631,37,49,16,28,-4.875150740770066,21
4632,95,11,69,7,-4.882909765417962,4
4633,5,39,83,21,-4.890865835189012,18
4634,43,34,16,21,-4.892938270825965,13
4635,94,10,41,6,-4.894347528636123,4
4636,104,14,23,9,-4.897799558060742,5
4637,88,96,7,54,-4.898871034458087,42
4638,28,12,38,6,-4.907164394244693,6
4639,108,12,54,8,-4.909695920764134,4
4640,106,56,74,32,-4.924754963776778,24
4641,36,40,86,23,-4.927433251240003,17
4642,9,22,114,15,-4.931319071415344,7
4643,28,27,93,17,-4.941127481170006,10
4644,6,15,51,9,-4.945330344973923,6
4645,68,19,56,10,-4.94813216675333,9
4646,8,32,13,19,-4.955794878282507,13
4647,90,23,96,14,-4.963939687748077,9
4648,38,16,109,10,-4.9644619615709695,6
4649,107,49,40,30,-4.964616090179718,19
4650,68,42,41,24,-4.9651675063741685,18
4651,47,30,7,18,-4.980252625346254,12
4652,31,23,50,13,-4.991999785997781,10
4653,71,15,74,8,-4.993812181109021,7
4654,63,30,104,17,-4.993963037729945,13
4655,68,12,32,8,-4.994599728673894,4
4656,106,41,7,21,-5.003800212982272,20
4657,5,26,93,16,-5.004460526821323,10
4658,3,14,69,9,-5.009117340423517,5
4659,87,14,103,9,-5.013759520616852,5
4660,63,14,81,8,-5.016441825370757,6
4661,62,30,86,17,-5.0238728291737225,13
4662,52,12,65,8,-5.036995856643753,4
4663,79,14,11,7,-5.038711911658494,7
4664,27,13,28,9,-5.051194542399679,4
4665,81,20,15,11,-5.0521537846916855,9
4666,107,78,65,45,-5.052288058576973,33
4667,19,26,87,15,-5.0527683693453564,11
4668,63,29,55,16,-5.056066807562622,13
4669,68,28,15,17,-5.056650352698317,11
4670,29,23,84,13,-5.063232995693044,10
4671,65,17,46,11,-5.06610491085495,6
4672,33,13,90,8,-5.072843762888294,5
4673,86,17,10,9,-5.075771557978405,8
4674,65,12,85,7,-5.080554075846517,5
4675,20,10,32,7,-5.08216341529211,3
4676,79,13,34,8,-5.088457145720249,5
4677,51,25,1,14,-5.088840176447444,11
4678,63,21,27,11,-5.090121866391691,10
4679,104,25,53,14,-5.094260383198605,11
4680,100,19,23,12,-5.096795040845655,7
4681,108,13,28,7,-5.102919930198643,6
4682,70,23,55,13,-5.1032220329288345,10
4683,4,18,75,11,-5.1124286444655915,7
4684,98,22,11,12,-5.122669345045473,10
4685,49,13,12,9,-5.128986113856319,4
4686,9,45,65,27,-5.129160653393477,18
4687,58,30,40,16,-5.133397385337809,14
4688,3,21,36,13,-5.136055944816986,8
4689,69,12,40,8,-5.137627663794989,4
4690,29,18,3,11,-5.138991933006874,7
4691,112,22,100,12,-5.147009218037666,10
4692,51,12,35,7,-5.14727626674268,5
4693,88,15,44,8,-5.148664566159752,7
4694,9,24,106,14,-5.150083731218861,10
4695,50,28,76,18,-5.1519660961300575,10
4696,28,16,35,8,-5.1531236605423,8
4697,39,14,111,8,-5.158992286191917,6
4698,5,12,67,7,-5.159840528973067,5
4699,56,11,91,6,-5.160182814393273,5
4700,20,60,107,34,-5.163543558398883,26
4701,55,43,7,26,-5.169021709270008,17
4702,47,26,75,17,-5.17693162231529,9
4703,57,15,19,9,-5.179432440967374,6
4704,97,17,75,10,-5.183439015487436,7
4705,102,15,13,10,-5.18776420910188,5
4706,23,23,63,14,-5.190793013982739,9
4707,71,10,6,6,-5.19369227829273,4
4708,113,13,40,8,-5.193726392686624,5
4709,39,25,46,12,-5.196853389468722,13
4710,53,36,16,22,-5.201094174764714,14
4711,91,12,33,6,-5.213867650447791,6
4712,55,12,49,7,-5.21558348601229,5
4713,37,22,40,12,-5.218981261850287,10
4714,112,29,53,15,-5.221677411254142,14
4715,94,14,100,9,-5.221755386168953,5
4716,106,54,54,29,-5.222938310920249,25
4717,5,11,35,6,-5.226534281744142,5
4718,96,37,20,22,-5.229501973456112,15
4719,112,17,88,10,-5.231027938888665,7
4720,27,20,15,12,-5.234866794800825,8
4721,104,19,15,11,-5.23540400775586,8
4722,25,21,91,12,-5.23677892954369,9
4723,16,14,52,8,-5.238731564661997,6
4724,14,15,65,8,-5.239230657167625,7
4725,40,15,98,8,-5.239271076053038,7
4726,40,26,25,15,-5.242222631716463,11
4727,100,12,53,7,-5.245979720718174,5
4728,100,24,28,15,-5.2470243708497994,9
4729,31,11,35,6,-5.255104723881262,5
4730,28,51,104,29,-5.259412551866783,22
4731,92,11,28,7,-5.266199037582341,4
4732,100,26,8,16,-5.278781496523967,10
4733,88,11,56,6,-5.280224334897691,5
4734,60,24,78,13,-5.2860666403630985,11
4735,28,19,14,12,-5.2887953454841945,7
4736,86,21,99,13,-5.291638236148403,8
4737,39,49,40,29,-5.294535177326296,20
4738,60,28,49,16,-5.300166702894311,12
4739,55,25,111,15,-5.307717141421055,10
4740,66,19,107,11,-5.307859110353936,8
4741,84,49,51,29,-5.314265702072517,20
4742,49,13,28,7,-5.31428031912519,6
4743,96,16,85,11,-5.314304637448896,5
4744,62,14,76,8,-5.322243155198476,6
4745,102,14,97,9,-5.335160623731844,5
4746,49,29,107,16,-5.34265229983613,13
4747,97,35,7,19,-5.356987360153851,16
4748,50,12,83,6,-5.359728667430522,6
4749,63,30,75,17,-5.362343223381898,13
4750,51,31,20,16,-5.3744679490472445,15
4751,112,19,41,11,-5.382218168204769,8
4752,49,39,16,23,-5.386135459503266,16
4753,86,40,100,21,-5.388083386718925,19
4754,30,18,7,9,-5.390495309133066,9
4755,90,31,54,18,-5.397442007333916,13
4756,64,10,84,7,-5.40179307430533,3
4757,66,11,9,6,-5.404825557202403,5
4758,58,11,4,7,-5.405037105567146,4
4759,37,11,49,6,-5.405793666619149,5
4760,68,29,71,18,-5.435653336862234,11
4761,18,18,91,11,-5.437015235679075,7
4762,57,18,97,10,-5.45235309786646,8
4763,71,43,75,27,-5.454468163058883,16
4764,51,17,62,10,-5.468238395489335,7
4765,75,10,14,6,-5.479308338136782,4
4766,70,23,114,14,-5.484820175107314,9
4767,39,13,34,7,-5.4864218945223335,6
4768,40,49,65,28,-5.488110460552834,21
4769,62,10,18,6,-5.493140482819633,4
4770,102,10,67,6,-5.497246561771841,4
4771,43,36,107,22,-5.503098905534003,14
4772,60,16,76,11,-5.507711057627661,5
4773,109,13,32,7,-5.508051897308618,6
4774,83,19,95,12,-5.510188596504647,7
4775,9,35,28,19,-5.51465148212954,16
4776,37,59,87,35,-5.516733087496061,24
4777,20,10,62,6,-5.517288163699186,4
4778,13,20,26,13,-5.520285333416164,7
4779,7,33,28,20,-5.522079859732704,13
4780,102,14,33,8,-5.525239013163607,6
4781,68,45,114,26,-5.528966703625285,19
4782,62,11,60,7,-5.531153387901844,4
4783,23,31,106,16,-5.535479536227777,15
4784,30,12,15,7,-5.538463534767753,5
4785,69,26,65,15,-5.540534749641235,11
4786,75,51,86,28,-5.544222274149607,23
4787,2,22,20,13,-5.544865436021075,9
4788,84,18,25,11,-5.5466876181289715,7
4789,31,53,36,30,-5.548564460468652,23
4790,25,41,8,25,-5.550067480025435,16
4791,87,21,78,11,-5.5511757445283445,10
4792,4,11,46,6,-5.55622187464566,5
4793,95,10,31,6,-5.5581891593402775,4
4794,104,60,37,36,-5.5634752610620195,24
4795,69,11,42,6,-5.570250078296482,5
4796,38,23,7,13,-5.575438881033769,10
4797,81,18,39,11,-5.577412628644601,7
4798,51,18,11,9,-5.579718415865981,9
4799,103,12,13,7,-5.59714648408255,5
4800,98,17,70,11,-5.604121247592223,6
4801,18,13,38,7,-5.6081144260834686,6
4802,50,15,100,9,-5.612526049660052,6
4803,90,14,30,8,-5.614315415339312,6
4804,76,29,28,16,-5.615688910158877,13
4805,50,48,16,28,-5.617696720442926,20
4806,68,51,27,30,-5.6193918667131975,21
4807,50,26,95,15,-5.619957219349124,11
4808,13,37,47,22,-5.62062831887508,15
4809,5,10,19,6,-5.6233787755961275,4
4810,17,21,5,14,-5.625033929201381,7
4811,73,28,86,15,-5.62531345595925,13
4812,17,10,19,5,-5.625405408536739,5
4813,9,43,75,26,-5.632694127818325,17
4814,51,46,75,26,-5.632745764536369,20
4815,98,14,108,8,-5.640790264148575,6
4816,3,22,28,13,-5.641703705085423,9
4817,39,27,57,15,-5.644327608159103,12
4818,74,23,73,14,-5.649045009007229,9
4819,97,13,39,8,-5.649731064357227,5
4820,97,10,4,6,-5.649870700339136,4
4821,88,87,86,51,-5.651261944060885,36
4822,61,13,9,8,-5.652969843590385,5
4823,82,11,54,7,-5.66427830231393,4
4824,99,31,16,18,-5.66581833704302,13
4825,37,39,75,25,-5.670197882049106,14
4826,25,10,94,5,-5.671887186214519,5
4827,12,11,54,6,-5.67450373056912,5
4828,95,10,102,6,-5.68531996234082,4
4829,38,23,63,15,-5.685369937239837,8
4830,55,25,30,15,-5.686463879094617,10
4831,5,46,106,28,-5.689619439430468,18
4832,32,10,70,5,-5.692479372096212,5
4833,86,18,47,11,-5.69768673110168,7
4834,62,17,53,10,-5.701449545318568,7
4835,69,13,62,7,-5.706165822809073,6
4836,102,11,23,6,-5.716053822653882,5
4837,37,18,41,11,-5.716493275276267,7
4838,17,13,98,7,-5.72342530511381,6
4839,51,26,25,15,-5.726135112848949,11
4840,9,14,45,9,-5.727853500458989,5
4841,25,48,13,26,-5.729332953997916,22
4842,38,11,34,7,-5.733514369563806,4
4843,104,64,107,38,-5.737421230069913,26
4844,106,42,25,26,-5.737688222420908,16
4845,81,10,78,5,-5.742474614478735,5
4846,80,11,19,7,-5.749943576584892,4
4847,77,12,36,7,-5.751140829309579,5
4848,47,13,23,8,-5.7551420632928085,5
4849,53,13,58,6,-5.756559382638664,7
4850,49,54,39,33,-5.7570748686677105,21
4851,35,19,11,11,-5.768399159544,8
4852,104,19,9,11,-5.769857547388704,8
4853,28,20,69,11,-5.7720642888399025,9
4854,93,19,16,10,-5.776545074834796,9
4855,63,26,98,15,-5.795644107915215,11
4856,55,28,74,16,-5.797157459674131,12
4857,64,45,7,25,-5.8010614589687695,20
4858,31,19,91,12,-5.801858258461768,7
4859,20,13,79,8,-5.810117746469,5
4860,106,28,80,17,-5.812470547213422,11
4861,19,19,43,12,-5.812505793153207,7
4862,5,16,40,9,-5.82052725169565,7
4863,94,17,28,11,-5.821481138029024,6
4864,65,10,108,5,-5.847992745343311,5
4865,46,37,74,23,-5.850135921281392,14
4866,68,13,80,8,-5.856063242362021,5
4867,55,37,104,22,-5.856904127783748,15
4868,114,10,72,5,-5.8600009411243095,5
4869,112,20,7,12,-5.863389950487481,8
4870,7,17,34,10,-5.863504951401834,7
4871,95,36,54,20,-5.865979569344108,16
4872,9,17,62,10,-5.866001447424248,7
4873,31,12,28,7,-5.87633787823225,5
4874,68,27,97,16,-5.880460614845397,11
4875,36,12,46,7,-5.88209418081934,5
4876,74,22,102,13,-5.882481039476403,9
4877,51,34,64,20,-5.888421423830697,14
4878,34,19,109,11,-5.8910600256239505,8
4879,84,34,74,18,-5.89139952158172,16
4880,1,12,46,6,-5.891865749051654,6
4881,48,16,34,9,-5.896732963209988,7
4882,25,10,69,6,-5.903986394303471,4
4883,87,60,13,37,-5.909920875181,23
4884,57,27,84,14,-5.910397185802948,13
4885,45,15,41,10,-5.914462706154762,5
4886,68,23,47,14,-5.9151284755247255,9
4887,63,10,93,6,-5.917563250275586,4
4888,62,29,107,15,-5.9215464382254215,14
4889,29,16,112,9,-5.922867160258867,7
4890,55,27,109,14,-5.923431655873009,13
4891,114,20,73,12,-5.924435121305104,8
4892,9,30,8,15,-5.931176874194082,15
4893,63,45,37,27,-5.933785173114153,18
4894,40,15,57,9,-5.936628176580016,6
4895,10,13,63,8,-5.94033318775015,5
4896,43,10,74,5,-5.941779824004124,5
4897,53,15,28,9,-5.945744364633271,6
4898,7,15,33,8,-5.9471342175078945,7
4899,14,12,39,7,-5.9475481477923315,5
4900,10,12,97,6,-5.950831581917707,6
4901,68,21,12,13,-5.954750290252029,8
4902,8,13,62,9,-5.96110102258686,4
4903,53,52,68,31,-5.964244334939566,21
4904,17,19,104,11,-5.965485227876697,8
4905,40,18,97,11,-5.966918416140385,7
4906,54,12,69,7,-5.973066602774381,5
4907,18,20,64,12,-5.974775055211904,8
4908,31,25,114,14,-5.9918765203954925,11
4909,3,32,107,17,-5.999011076330671,15
4910,100,19,37,12,-6.000890669706825,7
4911,88,61,65,38,-6.004362907857696,23
4912,13,33,63,19,-6.024739641852311,14
4913,55,33,80,18,-6.02495090174393,15
4914,46,20,95,12,-6.027785407812037,8
4915,50,17,91,11,-6.027790824025908,6
4916,86,38,64,22,-6.0307653391474,16
4917,31,31,75,17,-6.03348213428737,14
4918,98,24,7,15,-6.033686003781978,9
4919,114,14,27,8,-6.034743873961818,6
4920,32,16,8,9,-6.041444852098721,7
4921,88,11,94,7,-6.041461864182689,4
4922,93,15,70,9,-6.04469500542117,6
4923,18,24,63,15,-6.046455003215171,9
4924,51,19,102,11,-6.046528731259958,8
4925,41,27,23,16,-6.068042449918635,11
4926,86,34,69,20,-6.074936673132558,14
4927,69,10,55,6,-6.075582313218194,4
4928,20,29,70,18,-6.0805113791791925,11
4929,51,37,27,23,-6.085616170220784,14
4930,107,23,111,12,-6.08814286411973,11
4931,84,17,75,10,-6.100134417881319,7
4932,7,12,90,7,-6.108519045195329,5
4933,29,19,39,11,-6.11667916860653,8
4934,31,13,81,9,-6.1171597913254026,4
4935,88,35,25,23,-6.12387967695023,12
4936,51,44,100,23,-6.128233910314761,21
4937,68,31,54,19,-6.129451922490283,12
4938,13,34,81,21,-6.133078295186986,13
4939,33,13,68,8,-6.145832331304968,5
4940,108,24,16,15,-6.14858261244862,9
4941,38,11,20,8,-6.161885029448885,3
4942,36,47,13,29,-6.167141158071527,18
4943,3,20,15,11,-6.168197310846256,9
4944,102,21,57,12,-6.169321397774082,9
4945,76,23,97,13,-6.171425808149793,10
4946,35,14,55,8,-6.18171019735336,6
4947,71,12,91,7,-6.18747414228945,5
4948,107,39,76,26,-6.198627172224357,13
4949,2,28,63,16,-6.200018491851487,12
4950,70,28,74,15,-6.203999405338755,13
4951,38,27,39,16,-6.205467846474154,11
4952,84,15,35,9,-6.209299301194262,6
4953,63,56,8,32,-6.209822348869131,24
4954,28,14,47,8,-6.211297191624256,6
4955,62,10,109,7,-6.224068902567426,3
4956,91,42,16,27,-6.227187272730331,15
4957,50,41,104,25,-6.230364171354916,16
4958,65,33,64,19,-6.233889248800647,14
4959,23,45,13,25,-6.238267851069178,20
4960,5,17,43,10,-6.250727481432203,7
4961,39,22,92,12,-6.263991845659126,10
4962,88,17,77,10,-6.264530601131226,7
4963,95,12,15,7,-6.265255655621161,5
4964,100,24,104,15,-6.26669912958639,9
4965,96,11,69,7,-6.268969865653717,4
4966,5,45,20,28,-6.270373633442783,17
4967,30,19,20,11,-6.270512840524559,8
4968,7,20,78,11,-6.276730085848355,9
4969,4,21,86,13,-6.2794844995496994,8
4970,102,11,41,7,-6.282861273718874,4
4971,92,12,16,9,-6.284475222709882,3
4972,64,16,70,11,-6.2860092045587415,5
4973,87,15,77,9,-6.290331402214442,6
4974,114,17,23,11,-6.291790840234865,6
4975,83,16,39,10,-6.297771796270442,6
4976,57,25,88,14,-6.308509689840414,11
4977,8,22,64,14,-6.316286000866925,8
4978,112,14,54,9,-6.326711825622494,5
4979,23,13,33,8,-6.330114552953446,5
4980,111,10,81,7,-6.333917467029675,3
4981,40,22,62,11,-6.340588914856938,11
4982,27,13,92,7,-6.356396578041118,6
4983,28,15,41,9,-6.359689551305938,6
4984,56,21,7,12,-6.361794853449643,9
4985,109,45,54,28,-6.380200377092305,17
4986,37,20,80,12,-6.401050818487372,8
4987,77,13,106,7,-6.407119934187455,6
4988,54,18,91,10,-6.414686940093467,8
4989,33,16,40,11,-6.427211772717695,5
4990,109,20,41,13,-6.432688342356182,7
4991,89,16,41,10,-6.437733391093904,6
4992,87,20,4,13,-6.445923142452617,7
4993,28,10,6,6,-6.452419128804086,4
4994,98,14,78,8,-6.457784687804564,6
4995,81,10,30,6,-6.458484974391473,4
4996,29,13,70,7,-6.465173609286503,6
4997,55,17,100,9,-6.46556303644313,8
4998,30,17,100,11,-6.466944084563581,6
4999,9,20,70,13,-6.477071321597405,7
5000,53,46,107,28,-6.492903474758716,18
5001,104,10,48,6,-6.493358473776669,4
5002,41,30,87,18,-6.500655116407745,12
5003,103,20,86,12,-6.502854567619723,8
5004,114,18,100,11,-6.509461416428781,7
5005,80,13,91,8,-6.531108694088673,5
5006,81,29,86,20,-6.532482502137965,9
5007,70,58,54,35,-6.543056803225656,23
5008,91,25,68,14,-6.550419627313763,11
5009,49,15,100,8,-6.555099925434393,7
5010,68,29,23,16,-6.562476411578635,13
5011,25,37,104,21,-6.567754121461538,16
5012,94,28,43,16,-6.570637665793811,12
5013,114,26,53,15,-6.571088082289226,11
5014,48,10,69,5,-6.577798378248735,5
5015,20,46,65,29,-6.5828514961702975,17
5016,1,27,86,16,-6.584989828827027,11
5017,51,41,76,26,-6.590745595942762,15
5018,96,28,65,16,-6.593487230396348,12
5019,30,16,34,10,-6.601140375094156,6
5020,94,14,39,9,-6.607055031378495,5
5021,81,18,71,11,-6.61709770119633,7
5022,75,10,85,7,-6.619293441212882,3
5023,5,48,25,29,-6.626414170343123,19
5024,68,12,108,7,-6.629935441341175,5
5025,37,22,39,13,-6.632156694863052,9
5026,65,30,4,18,-6.635600395573753,12
5027,5,26,32,16,-6.6474470604519045,10
5028,114,15,76,10,-6.653911993113485,5
5029,37,19,71,11,-6.65399605348867,8
5030,71,11,83,6,-6.6562053803338666,5
5031,94,15,1,8,-6.6588521171949875,7
5032,57,12,10,8,-6.658857003244836,4
5033,54,20,85,13,-6.664179187550933,7
5034,65,59,51,37,-6.666482427201216,22
5035,55,68,16,43,-6.67390774153019,25
5036,51,84,39,50,-6.677303029953272,34
5037,88,75,54,45,-6.687420775605005,30
5038,62,18,7,11,-6.690218008322474,7
5039,106,11,111,8,-6.697425895741327,3
5040,74,15,83,8,-6.703298030488857,7
5041,19,11,40,7,-6.712468239790962,4
5042,97,35,28,22,-6.716635909782018,13
5043,32,10,65,6,-6.718474357729474,4
5044,95,11,100,6,-6.722166987268522,5
5045,58,19,16,12,-6.723872489637053,7
5046,3,13,8,6,-6.725771044964114,7
5047,95,13,14,8,-6.731405281187272,5
5048,96,38,74,24,-6.731828732252354,14
5049,78,14,40,10,-6.732885786530082,4
5050,48,26,84,16,-6.740791105108492,10
5051,7,32,45,19,-6.743551275422485,13
5052,68,13,45,8,-6.747691137383073,5
5053,71,10,94,6,-6.748460655059317,4
5054,97,54,86,32,-6.749652418711037,22
5055,90,13,53,8,-6.752088210585149,5
5056,109,12,57,7,-6.758716421545093,5
5057,107,23,33,13,-6.763493299081546,10
5058,31,10,55,6,-6.798197972656263,4
5059,71,10,49,6,-6.8003776926672845,4
5060,109,12,3,7,-6.800442852243994,5
5061,45,18,60,10,-6.802248227913869,8
5062,13,50,71,29,-6.804323620324037,21
5063,112,21,39,12,-6.808588240484279,9
5064,96,20,51,12,-6.8091583197949745,8
5065,4,13,56,7,-6.816273515879698,6
5066,43,18,41,11,-6.8188458431087495,7
5067,58,17,60,10,-6.820272973850588,7
5068,104,22,30,12,-6.820606807560422,10
5069,66,14,65,9,-6.821265394674894,5
5070,31,69,68,41,-6.8216343585610195,28
5071,106,25,95,16,-6.830338155584793,9
5072,96,14,78,9,-6.830515928543477,5
5073,96,80,86,49,-6.839782165020976,31
5074,51,99,7,62,-6.849475435937795,37
5075,95,29,13,17,-6.852052215706936,12
5076,96,19,114,12,-6.857320738328298,7
5077,57,13,9,8,-6.861208808927348,5
5078,4,43,60,24,-6.864343045215706,19
5079,69,15,104,10,-6.8814662901468795,5
5080,99,15,106,10,-6.882359612487446,5
5081,100,42,16,26,-6.882942269430854,16
5082,5,47,114,28,-6.885144276646174,19
5083,65,22,90,12,-6.887045978873849,10
5084,88,16,76,9,-6.891817282335724,7
5085,43,10,49,6,-6.893725681604248,4
5086,30,19,75,11,-6.923427737676235,8
5087,46,21,7,14,-6.93576909674712,7
5088,88,12,99,7,-6.939131232028662,5
5089,93,15,20,8,-6.949708974023015,7
5090,51,25,4,16,-6.952578906103856,9
5091,63,20,90,12,-6.95733483322538,8
5092,104,18,32,12,-6.959225086389547,6
5093,36,34,16,21,-6.96230955324868,13
5094,97,23,18,14,-6.965163575719862,9
5095,33,17,8,11,-6.9756022430017754,6
5096,30,30,53,18,-6.98498975026545,12
5097,55,20,17,11,-6.987444025974705,9
5098,13,23,111,13,-6.988942249892523,10
5099,1,19,114,12,-6.990089974683046,7
5100,5,15,62,9,-6.9927087595973925,6
5101,48,13,80,9,-6.99747900943173,4
5102,54,26,93,17,-7.002072182522708,9
5103,53,27,87,15,-7.0226395127694765,12
5104,40,15,95,9,-7.026458120737084,6
5105,87,87,16,52,-7.036514196107803,35
5106,84,24,85,16,-7.039561068893883,8
5107,110,10,20,6,-7.040932959044511,4
5108,97,25,55,16,-7.041738062020974,9
5109,73,16,65,10,-7.056062739811477,6
5110,36,18,99,12,-7.061516094995873,6
5111,25,21,100,12,-7.062312436550092,9
5112,49,14,50,8,-7.064134383315742,6
5113,98,14,102,8,-7.075813129571892,6
5114,70,35,28,21,-7.078735797739843,14
5115,62,20,28,12,-7.086204539456472,8
5116,39,80,16,48,-7.094244376544454,32
5117,64,15,27,10,-7.0975410857988335,5
5118,17,14,38,8,-7.099034060595349,6
5119,45,10,1,6,-7.100044646871247,4
5120,83,30,86,20,-7.114862976089347,10
5121,107,12,67,8,-7.124134838046419,4
5122,67,11,88,8,-7.127393540580368,3
5123,107,57,75,39,-7.131800392099847,18
5124,54,58,63,36,-7.1339646628869025,22
5125,87,26,90,16,-7.134749793973536,10
5126,91,27,87,17,-7.142016410462964,10
5127,55,50,40,31,-7.142420946012767,19
5128,60,17,5,11,-7.144002600647478,6
5129,103,10,88,6,-7.1465830918406095,4
5130,37,14,29,8,-7.14724630286853,6
5131,60,12,34,8,-7.148158666349012,4
5132,84,18,38,10,-7.154125748328735,8
5133,43,20,100,11,-7.154162949229226,9
5134,68,19,20,11,-7.165895566664342,8
5135,14,14,86,8,-7.166696838482464,6
5136,86,41,98,24,-7.171894084868248,17
5137,112,16,36,10,-7.175574629533439,6
5138,62,14,49,9,-7.185392164778604,5
5139,22,13,109,8,-7.19047287621624,5
5140,16,49,30,30,-7.1905576359814445,19
5141,38,13,53,8,-7.198101634639961,5
5142,23,15,29,9,-7.19868919430013,6
5143,35,13,27,8,-7.215256796262468,5
5144,76,22,112,12,-7.216620353424459,10
5145,40,20,35,13,-7.223846117897835,7
5146,106,60,13,37,-7.224822308695077,23
5147,62,16,54,10,-7.236680580960736,6
5148,81,14,114,8,-7.238705590547008,6
5149,40,27,114,18,-7.240772461331045,9
5150,75,10,20,6,-7.241047227766171,4
5151,5,14,31,9,-7.246607645789562,5
5152,41,21,20,12,-7.246750485082598,9
5153,90,13,46,8,-7.250761878801305,5
5154,93,12,98,7,-7.251352809271133,5
5155,10,12,11,7,-7.252899748629005,5
5156,84,19,98,13,-7.255378652482316,6
5157,39,33,84,19,-7.2579208484387365,14
5158,79,30,86,19,-7.258463117259924,11
5159,81,19,75,12,-7.259552889264539,7
5160,98,17,20,11,-7.267496359610283,6
5161,70,16,110,10,-7.267896542251016,6
5162,96,10,62,7,-7.268496266352443,3
5163,57,13,106,7,-7.272492874678534,6
5164,68,20,55,13,-7.273979151335479,7
5165,88,110,16,69,-7.282392910348152,41
5166,13,42,114,23,-7.284350704257173,19
5167,98,20,13,13,-7.284404613166717,7
5168,29,16,97,10,-7.284915525257297,6
5169,40,31,43,18,-7.287691070183636,13
5170,87,51,7,32,-7.2881750314854346,19
5171,61,11,47,7,-7.295405799949464,4
5172,104,11,62,8,-7.298660521894603,3
5173,40,33,54,20,-7.298767912387552,13
5174,3,12,100,7,-7.30038001870273,5
5175,85,14,63,8,-7.301748789802251,6
5176,106,24,39,14,-7.312269199982411,10
5177,5,42,70,25,-7.323141246130922,17
5178,68,13,43,8,-7.327777492653937,5
5179,57,28,78,16,-7.32849572780125,12
5180,107,32,2,20,-7.328844122982543,12
5181,2,16,75,9,-7.332326563651874,7
5182,103,10,11,7,-7.33896872976819,3
5183,104,41,40,26,-7.342291894534161,15
5184,112,17,87,10,-7.346218534351737,7
5185,9,19,17,11,-7.358179157868899,8
5186,8,25,73,15,-7.3587900254771785,10
5187,23,13,49,8,-7.360298065336568,5
5188,114,10,77,6,-7.365477220397804,4
5189,33,16,25,11,-7.36592627296452,5
5190,80,14,31,10,-7.367135464628977,4
5191,74,15,34,10,-7.367415754617588,5
5192,54,35,13,22,-7.373225396669802,13
5193,71,10,73,6,-7.373234065194552,4
5194,17,36,86,20,-7.373387885533475,16
5195,51,92,86,53,-7.387958190410618,39
5196,16,50,75,30,-7.388425679021318,20
5197,5,10,1,6,-7.391988711274882,4
5198,29,11,100,6,-7.392867482515364,5
5199,60,19,100,12,-7.407232332782621,7
5200,88,22,108,14,-7.409334471097551,8
5201,79,10,27,6,-7.410947014194593,4
5202,41,34,36,18,-7.412500474371831,16
5203,91,19,8,12,-7.416456742894205,7
5204,54,20,19,11,-7.418437201102565,9
5205,43,11,34,7,-7.424240308041095,4
5206,43,17,64,10,-7.438967254563773,7
5207,16,19,103,12,-7.440330787910015,7
5208,88,25,30,14,-7.440601155151398,11
5209,57,17,69,11,-7.4420726023356245,6
5210,75,30,46,18,-7.449361290092636,12
5211,110,21,37,12,-7.457046552670356,9
5212,53,12,45,7,-7.463487107897495,5
5213,69,34,13,21,-7.4637424433148025,13
5214,57,10,60,6,-7.4675633858823804,4
5215,81,10,28,6,-7.472696801730325,4
5216,31,37,64,23,-7.4738922265185375,14
5217,63,15,108,9,-7.475559971035059,6
5218,36,14,70,8,-7.476080415111231,6
5219,89,10,48,7,-7.47675761274391,3
5220,96,11,41,8,-7.480521636982391,3
5221,68,12,89,7,-7.483167732526589,5
5222,16,42,20,28,-7.490661859277882,14
5223,43,17,3,11,-7.496311575799015,6
5224,98,14,27,8,-7.497316272159128,6
5225,61,13,6,8,-7.506143312140652,5
5226,50,13,15,8,-7.509982415529958,5
5227,3,24,88,15,-7.5117017749719,9
5228,77,18,55,11,-7.520653437888105,7
5229,55,11,6,8,-7.526848268362213,3
5230,46,10,85,7,-7.538229298143678,3
5231,85,10,30,6,-7.544084321309105,4
5232,79,10,19,6,-7.551536262697121,4
5233,40,38,87,22,-7.562449238427529,16
5234,51,24,97,16,-7.567852948549441,8
5235,109,30,107,19,-7.567930415965965,11
5236,68,66,40,42,-7.570321994315703,24
5237,5,14,34,10,-7.5706698448560905,4
5238,77,12,46,7,-7.574271980014295,5
5239,114,31,28,18,-7.584853881328922,13
5240,36,10,72,6,-7.585561627806541,4
5241,88,18,58,11,-7.5880987725104365,7
5242,36,20,18,12,-7.59490287850123,8
5243,43,31,39,18,-7.6174681270571165,13
5244,108,13,30,8,-7.627122086325668,5
5245,91,13,23,7,-7.630492751883035,6
5246,80,22,96,14,-7.6325568595370585,8
5247,5,29,97,19,-7.639418302115126,10
5248,60,11,70,7,-7.646435749026202,4
5249,31,13,33,7,-7.647223417443056,6
5250,72,22,86,14,-7.651597318688159,8
5251,35,27,107,18,-7.659745377736293,9
5252,96,24,37,14,-7.66584492569651,10
5253,38,29,37,18,-7.668156637885105,11
5254,76,15,13,9,-7.686884560878501,6
5255,11,32,5,20,-7.6874421575338765,12
5256,7,25,111,15,-7.6903234257719815,10
5257,87,27,48,17,-7.6998507034284165,10
5258,11,11,64,8,-7.699861982788658,3
5259,64,13,46,8,-7.70178518963715,5
5260,1,15,15,10,-7.733065759700131,5
5261,84,11,44,6,-7.741464370739851,5
5262,12,14,28,9,-7.741725097225164,5
5263,54,13,73,8,-7.746921178252214,5
5264,64,32,16,21,-7.754231430905149,11
5265,25,49,37,29,-7.755599308877523,20
5266,73,11,53,7,-7.756297558195456,4
5267,18,22,50,13,-7.75840176806416,9
5268,94,11,63,7,-7.763218406403629,4
5269,81,15,41,10,-7.770221546669878,5
5270,114,14,92,10,-7.774797164908212,4
5271,111,10,47,6,-7.786638633209642,4
5272,64,22,55,15,-7.789831302640345,7
5273,48,15,50,10,-7.798532000224026,5
5274,110,12,114,8,-7.80031681097971,4
5275,49,21,75,13,-7.802050873504806,8
5276,12,19,27,11,-7.8166947751358276,8
5277,46,46,25,27,-7.8204011950255445,19
5278,77,20,107,12,-7.8207207017880735,8
5279,98,17,8,11,-7.832264077196576,6
5280,2,11,7,7,-7.836909370766421,4
5281,109,19,53,12,-7.841205358929898,7
5282,55,14,29,9,-7.851130455007914,5
5283,91,26,106,17,-7.859341034872017,9
5284,35,12,44,7,-7.859665557157517,5
5285,90,25,114,15,-7.8701656835045455,10
5286,23,17,55,9,-7.8715706098888365,8
5287,68,23,62,14,-7.893829370684332,9
5288,31,11,78,6,-7.904414780494012,5
5289,38,13,71,9,-7.906029048659733,4
5290,82,10,88,6,-7.9125780836424955,4
5291,18,22,54,13,-7.917650548154778,9
5292,84,20,34,12,-7.917696778697561,8
5293,66,14,60,10,-7.920621770687662,4
5294,20,16,33,10,-7.9280624383644875,6
5295,34,10,18,7,-7.93407311360503,3
5296,87,17,73,12,-7.94220715025842,5
5297,61,19,53,13,-7.9431150632920575,6
5298,68,60,39,36,-7.949045174912654,24
5299,53,12,89,7,-7.949973026478008,5
5300,39,21,23,13,-7.9630880242589255,8
5301,5,25,65,15,-7.967561696591303,10
5302,107,22,12,15,-7.967915897333259,7
5303,4,12,12,8,-7.976222296376226,4
5304,84,28,5,17,-7.986435375626319,11
5305,70,16,13,10,-7.990308468406848,6
5306,6,22,44,15,-7.994067314889739,7
5307,96,19,102,12,-7.995631160966494,7
5308,18,14,3,10,-8.000317413483808,4
5309,98,31,91,19,-8.010154956050265,12
5310,25,12,48,7,-8.01244102921806,5
5311,9,11,35,6,-8.012816785902407,5
5312,52,12,63,7,-8.015196003418383,5
5313,50,41,75,27,-8.02466935745211,14
5314,107,26,58,17,-8.037629940895535,9
5315,84,36,20,25,-8.04861670328596,11
5316,87,19,108,12,-8.053056975616101,7
5317,91,15,51,10,-8.060157448942936,5
5318,46,13,53,8,-8.064750592390654,5
5319,97,16,110,10,-8.077466293642948,6
5320,5,61,8,37,-8.080732178020163,24
5321,46,15,109,9,-8.081904977493476,6
5322,10,15,7,9,-8.086365440359023,6
5323,108,12,76,8,-8.086994753980798,4
5324,50,30,60,17,-8.087484578525556,13
5325,46,42,37,28,-8.095895819595153,14
5326,46,16,30,10,-8.098498106037622,6
5327,87,14,12,9,-8.10780502674867,5
5328,48,15,74,8,-8.108554922899495,7
5329,63,19,100,11,-8.133393706542945,8
5330,107,10,26,6,-8.136960920766814,4
5331,112,10,4,6,-8.145974306589782,4
5332,87,19,1,11,-8.15262205942027,8
5333,112,16,18,11,-8.155957753880717,5
5334,60,31,54,20,-8.161465500409882,11
5335,39,19,76,13,-8.16209874744276,6
5336,71,28,50,17,-8.165371088482388,11
5337,30,18,50,11,-8.173377893689405,7
5338,60,35,104,25,-8.183651908443377,10
5339,89,11,63,8,-8.192927888945773,3
5340,39,25,74,15,-8.19553508787693,10
5341,93,24,87,15,-8.201353690040278,9
5342,40,14,112,8,-8.221202026655053,6
5343,72,16,85,11,-8.221502081191195,5
5344,106,21,69,13,-8.230262561693124,8
5345,79,10,112,6,-8.23380656767564,4
5346,2,10,94,6,-8.235738884159375,4
5347,38,12,2,7,-8.244738843628978,5
5348,14,12,37,7,-8.266467835075433,5
5349,55,34,50,20,-8.268886532039618,14
5350,76,12,75,7,-8.269580351796622,5
5351,91,18,41,12,-8.276671952774393,6
5352,63,66,16,41,-8.283483649795642,25
5353,106,31,90,21,-8.28384546124837,10
5354,39,34,15,23,-8.283902276227145,11
5355,9,15,25,10,-8.323455878342047,5
5356,84,29,8,19,-8.33757645831541,10
5357,27,13,108,8,-8.350227424117723,5
5358,31,32,41,20,-8.353957395244585,12
5359,65,23,38,13,-8.354229779220868,10
5360,5,22,7,14,-8.357081514884824,8
5361,29,11,64,8,-8.360354117139725,3
5362,25,45,7,29,-8.372806618348289,16
5363,65,44,30,28,-8.376779126545134,16
5364,104,10,67,6,-8.393331116483225,4
5365,79,11,80,6,-8.394402338657228,5
5366,57,25,11,14,-8.40061339559345,11
5367,67,14,109,7,-8.41022889195963,7
5368,87,27,100,15,-8.412638541128418,12
5369,76,44,86,27,-8.415057744848589,17
5370,3,30,16,20,-8.418353785991325,10
5371,54,13,38,8,-8.421224564929705,5
5372,90,19,73,12,-8.424101991862472,7
5373,114,20,55,13,-8.432483182241098,7
5374,70,24,96,13,-8.437417991026262,11
5375,86,40,41,26,-8.438958336325594,14
5376,114,32,8,21,-8.446067232393617,11
5377,96,14,95,9,-8.450373982592183,5
5378,53,13,15,8,-8.451445563178742,5
5379,3,24,114,16,-8.461132150785257,8
5380,19,15,38,11,-8.471465390918667,4
5381,43,44,13,25,-8.471795877894069,19
5382,78,14,100,9,-8.475567663732637,5
5383,77,14,74,9,-8.485489523270209,5
5384,1,16,75,11,-8.487454866261048,5
5385,69,33,16,21,-8.492849118552359,12
5386,40,28,64,18,-8.49607162432113,10
5387,45,10,91,6,-8.504304930616431,4
5388,17,14,72,9,-8.505149187303855,5
5389,88,23,62,14,-8.51262512712999,9
5390,29,10,77,7,-8.514723249015375,3
5391,46,43,16,28,-8.523887339164595,15
5392,106,13,12,9,-8.530975907772833,4
5393,60,39,23,25,-8.544842955298874,14
5394,62,13,114,8,-8.549556180002718,5
5395,36,11,78,7,-8.552435160203329,4
5396,29,18,98,12,-8.564516900800022,6
5397,12,16,94,9,-8.566376195429019,7
5398,55,23,95,15,-8.57500650986488,8
5399,16,20,81,13,-8.585952206420341,7
5400,16,19,110,12,-8.596145036216205,7
5401,50,22,90,14,-8.598522697493998,8
5402,88,39,27,23,-8.602187681442969,16
5403,33,21,51,15,-8.606152418737853,6
5404,19,14,9,9,-8.611355514485425,5
5405,63,51,51,30,-8.615807425389162,21
5406,18,29,68,18,-8.623169944927229,11
5407,65,24,1,14,-8.633116949744032,10
5408,97,19,41,12,-8.638943706099203,7
5409,98,10,85,7,-8.673802483900154,3
5410,31,31,9,20,-8.678153869820548,11
5411,76,26,16,14,-8.69211071455001,12
5412,39,14,110,10,-8.694421097429624,4
5413,20,35,63,21,-8.70524806527441,14
5414,102,15,63,9,-8.71016569998991,6
5415,86,15,45,9,-8.710518828201982,6
5416,69,13,81,8,-8.721044769504893,5
5417,45,10,58,6,-8.721721801464438,4
5418,57,26,8,17,-8.727187925997562,9
5419,17,22,4,15,-8.72773506800961,7
5420,11,23,104,15,-8.742484307216113,8
5421,106,14,38,7,-8.74501943352997,7
5422,88,22,100,14,-8.748881194655747,8
5423,13,27,108,18,-8.751351034715967,9
5424,88,36,39,23,-8.756638990991735,13
5425,18,23,106,15,-8.778191080978738,8
5426,77,12,109,7,-8.789144881364967,5
5427,20,36,39,21,-8.800920294125156,15
5428,42,10,106,7,-8.802546839644418,3
5429,65,36,27,23,-8.80543154522338,13
5430,47,18,36,12,-8.810892372607713,6
5431,36,19,63,12,-8.822881427312195,7
5432,9,36,87,21,-8.835283888606128,15
5433,87,15,32,10,-8.84415502943487,5
5434,61,13,107,8,-8.850698470757944,5
5435,98,11,3,6,-8.853639708389592,5
5436,12,16,23,10,-8.872217683410863,6
5437,53,11,49,7,-8.876928289416243,4
5438,13,20,44,13,-8.886721786197054,7
5439,97,12,69,8,-8.888377862411463,4
5440,3,35,13,24,-8.889146842450911,11
5441,55,14,15,10,-8.903520851178024,4
5442,109,20,7,13,-8.908032141063202,7
5443,107,15,89,10,-8.908975430626485,5
5444,25,19,110,13,-8.917701672558223,6
5445,88,10,26,6,-8.91952728239028,4
5446,91,10,11,7,-8.923724837318142,3
5447,84,22,13,15,-8.926224969766146,7
5448,31,12,73,8,-8.93891957013575,4
5449,32,11,28,7,-8.963821007682874,4
5450,84,16,43,10,-8.968948746982852,6
5451,114,20,47,12,-8.969382880850324,8
5452,36,18,97,11,-8.970668153566264,7
5453,52,15,28,9,-8.975367013246691,6
5454,69,14,47,9,-8.984987738462351,5
5455,36,15,5,9,-9.008614310253614,6
5456,70,16,30,9,-9.016092338129875,7
5457,100,18,75,10,-9.024866169547831,8
5458,87,49,68,31,-9.026916198896794,18
5459,45,16,35,9,-9.0400315918615,7
5460,87,12,10,8,-9.060984306619424,4
5461,43,13,78,8,-9.06197930193436,5
5462,61,11,30,7,-9.067314274609851,4
5463,75,34,28,22,-9.068390514566694,12
5464,86,29,44,19,-9.073857704921481,10
5465,8,34,95,21,-9.07920947405897,13
5466,68,20,58,13,-9.097701878706363,7
5467,31,15,109,10,-9.113887572404183,5
5468,17,11,92,7,-9.114563540800457,4
5469,20,22,91,13,-9.11515023214943,9
5470,81,25,60,16,-9.119854252529585,9
5471,9,40,16,27,-9.142096271109022,13
5472,47,16,9,10,-9.146152811782592,6
5473,102,17,76,11,-9.149857169847076,6
5474,5,43,50,26,-9.156049369840705,17
5475,48,30,86,19,-9.164691805544658,11
5476,40,15,92,10,-9.168940871834318,5
5477,91,13,15,7,-9.175439096539634,6
5478,40,17,73,11,-9.199997222971483,6
5479,40,12,2,8,-9.204153353273353,4
5480,90,11,93,7,-9.204947446014161,4
5481,4,15,27,9,-9.21491506769711,6
5482,6,19,13,12,-9.21551599242718,7
5483,81,11,64,7,-9.217681779438383,4
5484,69,16,70,11,-9.227346228401576,5
5485,104,29,41,17,-9.232545203988778,12
5486,53,15,78,9,-9.245467105519943,6
5487,53,20,27,14,-9.279092932873041,6
5488,93,13,75,8,-9.279825087560207,5
5489,27,15,29,11,-9.2811135121499,4
5490,29,25,60,15,-9.283204942004181,10
5491,77,19,63,13,-9.291814452323939,6
5492,18,17,100,10,-9.29762264727719,7
5493,67,15,86,9,-9.306541844943451,6
5494,11,13,15,8,-9.314265162028605,5
5495,27,17,37,11,-9.314988662643295,6
5496,70,17,50,10,-9.316243790355681,7
5497,48,11,76,8,-9.322751855221474,3
5498,84,12,103,7,-9.324986639820777,5
5499,51,15,111,10,-9.328246716797015,5
5500,12,20,53,12,-9.33945038591408,8
5501,2,29,28,19,-9.34282167881126,10
5502,50,12,23,9,-9.354699302165743,3
5503,33,14,87,9,-9.358610632806945,5
5504,84,21,104,13,-9.37162724208143,8
5505,77,16,41,11,-9.374945974938667,5
5506,107,33,80,22,-9.376730084103613,11
5507,16,24,78,15,-9.377390397605092,9
5508,36,11,109,8,-9.390936468630553,3
5509,51,13,48,7,-9.391737592298234,6
5510,109,25,63,15,-9.392892060380623,10
5511,39,15,108,9,-9.406857006968854,6
5512,84,14,100,10,-9.41403322885896,4
5513,76,11,100,6,-9.416323869375233,5
5514,92,14,64,7,-9.432471863302016,7
5515,63,11,32,7,-9.44232166344675,4
5516,60,32,27,22,-9.444817966504303,10
5517,94,10,17,6,-9.449116979238092,4
5518,17,12,102,8,-9.460667678985605,4
5519,96,47,16,33,-9.462953828826512,14
5520,68,58,75,39,-9.486513066984086,19
5521,58,10,70,7,-9.487562225897111,3
5522,60,13,102,8,-9.490462801517765,5
5523,7,29,37,18,-9.500511382222342,11
5524,94,10,11,7,-9.501428180815385,3
5525,99,22,37,15,-9.502759058160713,7
5526,13,21,90,14,-9.506733485788098,7
5527,2,13,114,8,-9.50915856241785,5
5528,80,14,90,10,-9.509239360264804,4
5529,36,17,8,11,-9.51236026695053,6
5530,107,37,57,23,-9.515541127652217,14
5531,9,27,18,18,-9.520249042639605,9
5532,25,32,20,21,-9.520523686179052,11
5533,31,22,1,13,-9.525804060927038,9
5534,1,12,78,8,-9.531466280674072,4
5535,108,13,106,9,-9.535201707134298,4
5536,69,19,78,12,-9.53625326343564,7
5537,27,12,17,7,-9.53838970449605,5
5538,69,29,60,17,-9.553479216421115,12
5539,97,24,13,15,-9.567486234498414,9
5540,60,44,64,30,-9.569439655645416,14
5541,7,20,73,12,-9.582485903794177,8
5542,109,25,11,17,-9.585833860536326,8
5543,39,14,80,9,-9.589468521855673,5
5544,53,13,8,9,-9.596286006275326,4
5545,79,14,103,9,-9.602771532446159,5
5546,84,18,83,11,-9.60947373437216,7
5547,8,14,99,8,-9.611065592860308,6
5548,9,16,76,11,-9.62150457184245,5
5549,109,17,70,11,-9.623350653501726,6
5550,109,22,74,15,-9.62539761750223,7
5551,53,23,41,15,-9.631953807885303,8
5552,104,10,93,6,-9.63796658188527,4
5553,8,36,109,22,-9.641625939928554,14
5554,79,23,48,15,-9.646370149116429,8
5555,114,10,22,5,-9.649313306364819,5
5556,17,15,41,10,-9.654478177971626,5
5557,63,16,111,10,-9.656549842780757,6
5558,71,12,100,8,-9.66068752031631,4
5559,11,18,75,11,-9.710887852205726,7
5560,13,13,85,9,-9.717007051558657,4
5561,31,19,43,9,-9.720852773553686,10
5562,32,16,16,10,-9.721720922013692,6
5563,16,13,89,8,-9.733195931265595,5
5564,52,21,86,14,-9.734029946764757,7
5565,70,11,100,7,-9.741790049682667,4
5566,48,35,63,23,-9.759297495682489,12
5567,52,12,30,8,-9.763146241314214,4
5568,83,24,37,15,-9.783726366978415,9
5569,3,25,40,17,-9.78695575723125,8
5570,71,11,11,7,-9.793856230234496,4
5571,93,40,65,24,-9.79585778056327,16
5572,61,11,63,8,-9.795863144147216,3
5573,93,10,62,6,-9.798162399200404,4
5574,37,17,64,11,-9.810222324765896,6
5575,93,13,29,8,-9.815241351279962,5
5576,17,24,40,16,-9.815776001763277,8
5577,75,25,104,16,-9.822163907084752,9
5578,57,13,54,10,-9.824315369895016,3
5579,39,36,30,23,-9.82467995911393,13
5580,10,12,16,8,-9.837247209773246,4
5581,98,10,53,6,-9.839111782848335,4
5582,18,12,76,8,-9.8476224935035,4
5583,71,15,17,9,-9.874078720771612,6
5584,54,26,100,17,-9.876264305600085,9
5585,54,17,2,12,-9.883928701627932,5
5586,39,39,18,26,-9.885046818102037,13
5587,38,11,100,8,-9.893822683440993,3
5588,83,14,11,10,-9.896151919094907,4
5589,15,23,8,14,-9.91327541461084,9
5590,2,10,95,7,-9.9203126299905,3
5591,81,20,87,11,-9.925217893508718,9
5592,51,15,72,9,-9.937514477649751,6
5593,78,11,19,7,-9.95496093037991,4
5594,88,45,63,31,-9.955054334971098,14
5595,68,22,69,14,-9.966225512690011,8
5596,88,18,73,12,-9.974203425238962,6
5597,109,14,93,9,-9.987067099161266,5
5598,65,25,95,16,-9.987438820754939,9
5599,18,14,11,9,-10.031989827572827,5
5600,107,13,110,9,-10.034721322746934,4
5601,38,10,44,7,-10.048373138060267,3
5602,51,19,80,12,-10.049293803677344,7
5603,76,31,63,21,-10.049351171103782,10
5604,83,23,13,15,-10.067954696106943,8
5605,79,12,13,8,-10.072956753420838,4
5606,49,16,40,10,-10.077718304922938,6
5607,106,12,79,8,-10.079963228120917,4
5608,57,22,27,13,-10.084592148916817,9
5609,103,16,107,11,-10.088439090846338,5
5610,17,17,23,11,-10.090670558592322,6
5611,74,11,89,7,-10.093150392265773,4
5612,8,24,18,17,-10.10300859124231,7
5613,36,36,53,25,-10.11473282468799,11
5614,17,21,53,14,-10.117687697568844,7
5615,102,20,50,12,-10.118106239071224,8
5616,109,10,92,7,-10.132066653367776,3
5617,31,37,53,23,-10.136338371296794,14
5618,23,11,96,7,-10.143008283174424,4
5619,68,16,92,11,-10.14730683848729,5
5620,86,29,43,20,-10.173097117221216,9
5621,9,12,6,7,-10.175309866966634,5
5622,104,13,89,8,-10.178686881843591,5
5623,57,13,76,9,-10.181023937949496,4
5624,78,16,17,10,-10.186635949546748,6
5625,37,41,97,27,-10.190687502541847,14
5626,87,18,79,13,-10.192777584161155,5
5627,33,13,71,9,-10.195530501937561,4
5628,2,15,98,9,-10.198603389321665,6
5629,96,24,48,16,-10.200121519345737,8
5630,106,63,16,43,-10.201810935158226,20
5631,77,18,27,12,-10.202151664682363,6
5632,57,16,114,11,-10.202940786046577,5
5633,94,14,76,10,-10.204693879696785,4
5634,39,24,91,16,-10.206322081312436,8
5635,37,36,11,24,-10.207174749413833,12
5636,28,14,10,10,-10.2079261309438,4
5637,68,24,25,16,-10.21179043309895,8
5638,31,17,30,10,-10.214096274935343,7
5639,91,35,63,24,-10.225389928816243,11
5640,78,16,39,10,-10.227548099900044,6
5641,68,27,28,19,-10.22954876840922,8
5642,18,44,16,30,-10.2395488957726,14
5643,8,17,78,11,-10.247577324371015,6
5644,106,16,67,10,-10.252161434234205,6
5645,99,12,77,9,-10.252199704478636,3
5646,50,15,85,10,-10.26203922127155,5
5647,107,23,45,15,-10.289536165233189,8
5648,31,29,107,16,-10.30345756995746,13
5649,43,19,54,12,-10.322637569623126,7
5650,19,24,7,17,-10.325778739734245,7
5651,94,27,13,18,-10.330435007204885,9
5652,1,13,37,8,-10.34216426905315,5
5653,1,26,16,19,-10.34569928715388,7
5654,102,16,40,10,-10.346146758066936,6
5655,77,16,53,10,-10.347606271977275,6
5656,7,10,94,7,-10.355621654064775,3
5657,12,12,9,8,-10.366855545040101,4
5658,93,16,106,10,-10.37915501513517,6
5659,57,13,75,9,-10.387723743034117,4
5660,29,20,13,12,-10.404528641481374,8
5661,7,11,110,6,-10.42257657923173,5
5662,114,19,95,12,-10.422604339796184,7
5663,39,16,44,10,-10.434810009571377,6
5664,112,25,64,18,-10.44734880369225,7
5665,31,10,6,6,-10.459894630543896,4
5666,49,16,41,10,-10.465212157406025,6
5667,77,12,23,8,-10.47207373365885,4
5668,8,35,75,24,-10.477015226263449,11
5669,27,11,81,7,-10.477393451911677,4
5670,102,14,75,10,-10.47886729381523,4
5671,9,27,64,19,-10.495957554452968,8
5672,84,49,63,31,-10.49857196308788,18
5673,51,25,77,15,-10.516258457456901,10
5674,37,14,89,8,-10.519274673853,6
5675,36,27,27,17,-10.523349599331356,10
5676,97,19,71,13,-10.523533962196899,6
5677,66,12,63,8,-10.537031225709402,4
5678,13,18,58,13,-10.53862347763235,5
5679,56,16,86,11,-10.543126647721751,5
5680,57,18,65,12,-10.54533936512947,6
5681,40,17,28,10,-10.551622113062638,7
5682,54,19,71,12,-10.56377327137223,7
5683,9,15,95,9,-10.569002592922953,6
5684,3,14,41,11,-10.577558575003673,3
5685,12,24,60,13,-10.587193690412061,11
5686,28,10,26,7,-10.592168464369761,3
5687,91,31,7,22,-10.60910028610159,9
5688,108,14,48,10,-10.6209300268859,4
5689,101,12,16,8,-10.62271769748288,4
5690,71,18,98,12,-10.627953776602759,6
5691,64,20,30,13,-10.642272986004782,7
5692,11,15,30,10,-10.649445970202313,5
5693,98,25,5,16,-10.662918685540621,9
5694,29,29,65,18,-10.675445820566951,11
5695,57,12,38,7,-10.682623087511102,5
5696,107,32,48,21,-10.69484594829312,11
5697,74,25,51,18,-10.704030149650722,7
5698,68,30,76,23,-10.707343505959708,7
5699,84,23,30,16,-10.710699208047563,7
5700,36,13,43,8,-10.713552025008546,5
5701,111,11,54,8,-10.714143810197228,3
5702,18,45,13,29,-10.738363532449277,16
5703,108,23,53,14,-10.749834986479383,9
5704,68,24,11,15,-10.754003487507697,9
5705,31,27,27,16,-10.758919665279386,11
5706,72,11,63,8,-10.764095493593645,3
5707,7,11,59,8,-10.771239818059199,3
5708,91,25,55,18,-10.791612827626562,7
5709,81,17,106,10,-10.816681182916206,7
5710,88,33,15,24,-10.81683958702342,9
5711,2,11,30,7,-10.820419515250846,4
5712,54,46,37,31,-10.87009397469276,15
5713,77,16,71,11,-10.872072685026803,5
5714,41,21,111,13,-10.875724405637953,8
5715,69,20,63,14,-10.901230458210243,6
5716,35,10,102,6,-10.90320798703147,4
5717,5,17,73,11,-10.90738305979487,6
5718,13,10,89,6,-10.939542022741616,4
5719,9,14,11,9,-10.959299620365583,5
5720,100,10,41,7,-10.96219617530149,3
5721,88,37,50,24,-10.986958086725291,13
5722,19,11,103,7,-10.993985389929145,4
5723,57,24,70,14,-10.997514680908582,10
5724,38,17,104,11,-10.999496940925104,6
5725,110,20,51,14,-11.000148170458745,6
5726,107,13,56,8,-11.000292497508868,5
5727,71,13,15,9,-11.00914391321026,4
5728,68,10,98,7,-11.014423279510455,3
5729,92,14,41,9,-11.016394202336143,5
5730,88,41,53,28,-11.023031682203495,13
5731,114,12,32,8,-11.045874107216177,4
5732,11,11,99,7,-11.04788337752713,4
5733,109,13,30,9,-11.049589386483902,4
5734,29,13,75,8,-11.096282078020437,5
5735,80,13,78,9,-11.09791576617006,4
5736,32,13,74,9,-11.101664191982367,4
5737,19,16,27,12,-11.11016379985156,4
5738,84,20,27,13,-11.118973426521961,7
5739,70,15,46,10,-11.123543654837002,5
5740,38,16,75,12,-11.14383618558865,4
5741,85,13,55,9,-11.149931721802188,4
5742,4,16,43,10,-11.162760468553993,6
5743,69,19,30,12,-11.191618960389253,7
5744,38,12,11,8,-11.200745679574922,4
5745,1,11,89,7,-11.20901106938993,4
5746,46,12,100,8,-11.210309669403358,4
5747,3,15,25,10,-11.21463496022273,5
5748,106,18,98,12,-11.217270403208776,6
5749,51,13,73,9,-11.219804453521853,4
5750,96,20,46,12,-11.223825219116964,8
5751,112,12,38,9,-11.23040362290014,3
5752,109,17,75,12,-11.242273446455997,5
5753,51,28,95,20,-11.244919045567018,8
5754,81,13,40,9,-11.249205674756395,4
5755,83,16,107,11,-11.24958512039028,5
5756,70,29,87,18,-11.250414739740132,11
5757,48,12,90,8,-11.252381363492235,4
5758,103,10,28,7,-11.258889995972657,3
5759,7,52,75,35,-11.2746633859962,17
5760,55,14,2,9,-11.276816159574057,5
5761,5,10,80,7,-11.295210617596885,3
5762,96,25,7,18,-11.300422106484014,7
5763,72,19,28,13,-11.306329036701383,6
5764,20,38,50,26,-11.316816486601454,12
5765,88,75,13,51,-11.322656510714445,24
5766,20,12,64,9,-11.331308462604776,3
5767,49,16,76,11,-11.350929735364776,5
5768,71,21,104,13,-11.370166649530528,8
5769,10,14,107,9,-11.38119632500004,5
5770,38,11,4,8,-11.395009854616482,3
5771,35,23,76,15,-11.39691854534874,8
5772,95,10,29,7,-11.401888238693147,3
5773,106,39,114,26,-11.417874917507989,13
5774,81,14,47,10,-11.445134927289029,4
5775,63,19,57,12,-11.499632269547762,7
5776,3,19,53,13,-11.503790428420066,6
5777,81,15,7,9,-11.525413070422037,6
5778,60,19,17,13,-11.543012493338722,6
5779,76,15,74,9,-11.544600382799558,6
5780,107,45,30,30,-11.550249913592037,15
5781,71,10,111,7,-11.563837134119527,3
5782,104,16,36,10,-11.564722196156035,6
5783,11,10,108,7,-11.565275419390531,3
5784,50,15,33,10,-11.568332857311571,5
5785,39,15,90,10,-11.577976501423594,5
5786,68,16,72,11,-11.581640635616754,5
5787,18,21,15,15,-11.590119158022436,6
5788,40,12,100,8,-11.638460148115906,4
5789,86,33,102,23,-11.659667182565103,10
5790,48,11,98,8,-11.678045251552971,3
5791,28,23,34,16,-11.682170467841411,7
5792,96,13,91,9,-11.692854193124042,4
5793,102,15,100,11,-11.724376607273163,4
5794,84,34,11,23,-11.737395009694307,11
5795,69,19,49,12,-11.74551816116658,7
5796,67,11,16,8,-11.761532223804268,3
5797,53,18,43,13,-11.76241610426229,5
5798,1,37,55,26,-11.769033555767942,11
5799,109,18,17,12,-11.781743441013703,6
5800,65,12,91,8,-11.784658313781671,4
5801,54,10,44,7,-11.791894285038754,3
5802,40,21,8,15,-11.791921402372775,6
5803,91,10,53,7,-11.811611902058761,3
5804,17,10,83,6,-11.812775268760374,4
5805,46,10,78,6,-11.81650181599484,4
5806,111,16,28,11,-11.820301223407922,5
5807,77,12,43,8,-11.827688597528573,4
5808,64,10,74,6,-11.828764368523549,4
5809,28,47,63,33,-11.828866423716303,14
5810,37,10,78,7,-11.831707242150298,3
5811,28,34,74,23,-11.834419909257845,11
5812,87,16,34,11,-11.84945877731313,5
5813,29,12,20,8,-11.85416559868577,4
5814,77,28,104,19,-11.87424672617717,9
5815,104,18,90,12,-11.89837391797068,6
5816,63,18,62,12,-11.898616241132698,6
5817,29,11,109,6,-11.905733206262543,5
5818,65,46,114,30,-11.938229846486397,16
5819,18,27,95,18,-11.951490678023534,9
5820,54,10,53,7,-11.951994898142779,3
5821,51,30,78,18,-11.95634802340221,12
5822,81,14,104,8,-11.956844186421009,6
5823,72,11,50,8,-11.966306538639385,3
5824,60,16,37,10,-11.9668638856867,6
5825,98,11,109,8,-11.980585816049416,3
5826,87,21,15,14,-12.012506408703718,7
5827,104,12,1,8,-12.020108292717424,4
5828,63,18,1,11,-12.054495717242014,7
5829,91,18,30,13,-12.061464887561756,5
5830,20,14,34,10,-12.080633416209027,4
5831,35,11,8,8,-12.093356369533684,3
5832,112,23,60,16,-12.109222093309295,7
5833,27,22,104,16,-12.1180149644782,6
5834,12,12,1,8,-12.121434397869619,4
5835,63,12,92,7,-12.136993324985582,5
5836,31,11,19,8,-12.140248760143196,3
5837,70,22,2,14,-12.153236389251056,8
5838,99,21,107,14,-12.174640608684573,7
5839,39,18,109,13,-12.189314131019263,5
5840,76,18,7,11,-12.196617315781682,7
5841,106,11,78,8,-12.21024325274275,3
5842,9,14,43,9,-12.224469441855376,5
5843,43,19,75,14,-12.224767647713705,5
5844,60,22,74,14,-12.230302476711504,8
5845,54,27,48,18,-12.230401373927076,9
5846,84,11,71,8,-12.255989147154674,3
5847,39,10,32,7,-12.25900875776762,3
5848,85,16,39,10,-12.259649528892558,6
5849,112,12,58,8,-12.27450382990949,4
5850,96,29,98,20,-12.301665445316491,9
5851,60,24,47,17,-12.306617941323186,7
5852,114,11,78,7,-12.319932318545474,4
5853,20,10,78,7,-12.337947782230119,3
5854,104,13,34,9,-12.352990002767115,4
5855,97,12,67,9,-12.35346782744064,3
5856,46,39,104,26,-12.353574327141937,13
5857,50,17,36,10,-12.423703215189779,7
5858,48,13,60,9,-12.430799804411974,4
5859,69,22,58,14,-12.496375023223694,8
5860,49,10,80,6,-12.509141995238949,4
5861,103,12,55,9,-12.517980336309982,3
5862,5,27,75,17,-12.535083552437035,10
5863,58,14,54,9,-12.535089602873326,5
5864,87,27,98,19,-12.540784384215351,8
5865,5,27,57,19,-12.572003913811173,8
5866,39,15,58,11,-12.586107695941518,4
5867,63,18,30,12,-12.599148649844983,6
5868,5,14,48,10,-12.657719903594751,4
5869,88,16,111,12,-12.710530076381987,4
5870,106,24,46,15,-12.725492516069489,9
5871,106,14,33,10,-12.736963404825662,4
5872,109,27,114,20,-12.737377288037608,7
5873,36,10,95,7,-12.746346244298937,3
5874,81,12,54,8,-12.757047966098474,4
5875,14,19,16,13,-12.801433996471316,6
5876,19,11,63,8,-12.824791428015692,3
5877,65,21,2,16,-12.8900275785182,5
5878,49,10,34,7,-12.890039581771166,3
5879,75,12,98,8,-12.900340980932176,4
5880,19,10,18,7,-12.906348402552078,3
5881,9,20,20,14,-12.92396478016519,6
5882,84,13,41,9,-12.931428566792913,4
5883,51,14,34,10,-12.934608487352978,4
5884,60,29,91,19,-12.952631394075716,10
5885,102,21,107,14,-12.974367748289918,7
5886,77,18,30,13,-12.982342846447986,5
5887,30,11,80,8,-13.03236389442298,3
5888,91,15,43,11,-13.046946068237398,4
5889,112,21,28,15,-13.06776325687043,6
5890,108,11,84,8,-13.07106461175519,3
5891,12,13,114,8,-13.087005723325444,5
5892,88,12,98,9,-13.094822370834628,3
5893,70,10,83,6,-13.118339150755117,4
5894,37,28,95,21,-13.149042342745602,7
5895,88,17,102,13,-13.153141792955822,4
5896,70,22,11,16,-13.174919150937757,6
5897,54,18,36,12,-13.217744798273172,6
5898,41,16,8,12,-13.244566662838952,4
5899,88,36,95,25,-13.24512473637818,11
5900,96,39,11,27,-13.252582377716239,12
5901,11,23,95,17,-13.263288005084238,6
5902,5,31,102,21,-13.269431869962297,10
5903,99,12,7,8,-13.274517260788413,4
5904,106,19,64,13,-13.295192075566398,6
5905,23,11,72,8,-13.303468387767726,3
5906,46,17,50,11,-13.310329365776978,6
5907,47,11,78,7,-13.313837965116967,4
5908,18,16,47,12,-13.317575135316673,4
5909,46,12,18,9,-13.322032493347338,3
5910,114,28,87,18,-13.32969544089937,10
5911,83,18,16,13,-13.35123547721314,5
5912,32,11,55,7,-13.36363963009391,4
5913,35,12,104,8,-13.369677424437175,4
5914,112,11,91,8,-13.423237527272477,3
5915,53,15,75,10,-13.423496737137004,5
5916,32,12,25,7,-13.427877456338663,5
5917,45,15,23,11,-13.436468047997268,4
5918,35,15,36,11,-13.440272285829963,4
5919,55,17,102,12,-13.448934349992442,5
5920,86,24,26,18,-13.454427406615018,6
5921,94,34,16,25,-13.508766109877152,9
5922,66,11,7,7,-13.514093541012448,4
5923,104,18,64,13,-13.541290561517043,5
5924,104,21,49,15,-13.546207868188585,6
5925,74,10,15,7,-13.56932630742914,3
5926,3,10,38,7,-13.612373842695774,3
5927,38,12,87,8,-13.643954945474071,4
5928,46,12,93,9,-13.65474091099076,3
5929,18,11,49,8,-13.655065375637419,3
5930,86,16,92,11,-13.67676060817369,5
5931,44,14,104,10,-13.703910249073422,4
5932,3,22,63,17,-13.713969327820672,5
5933,31,25,63,18,-13.714594813504094,7
5934,33,14,63,10,-13.733555706081619,4
5935,27,10,97,6,-13.735152835550487,4
5936,112,11,97,9,-13.794615799527321,2
5937,31,74,13,51,-13.800549608099518,23
5938,31,17,98,11,-13.805084918983175,6
5939,8,21,34,15,-13.81699567409245,6
5940,50,19,53,13,-13.883151416746287,6
5941,76,17,54,12,-13.892444764564262,5
5942,68,14,34,10,-13.903096130211466,4
5943,112,11,37,8,-13.937736127059297,3
5944,69,19,75,14,-13.94230448490658,5
5945,109,11,91,8,-13.94618860472034,3
5946,71,24,40,17,-13.948125771645659,7
5947,75,12,111,8,-13.972281809419961,4
5948,91,11,69,7,-13.993001551531528,4
5949,77,29,40,21,-14.048771071022598,8
5950,57,12,62,9,-14.067895538486146,3
5951,78,16,27,13,-14.073489954228481,3
5952,112,13,49,9,-14.107588631583399,4
5953,80,11,41,8,-14.186716292232557,3
5954,3,15,20,11,-14.188922367828342,4
5955,37,12,34,9,-14.300571264435137,3
5956,102,11,46,8,-14.307494713152051,3
5957,50,18,80,14,-14.309192739594003,4
5958,112,15,47,10,-14.309777431810543,5
5959,57,12,31,8,-14.310689026630849,4
5960,112,10,108,7,-14.316449946299121,3
5961,63,37,80,27,-14.322048676220186,10
5962,77,27,7,19,-14.33556677589385,8
5963,83,10,40,8,-14.347262135245904,2
5964,90,16,20,11,-14.40477443227545,5
5965,70,26,108,19,-14.427393649276276,7
5966,14,11,80,7,-14.435345395194508,4
5967,35,13,97,10,-14.4445517315995,3
5968,5,12,44,9,-14.447481002517355,3
5969,2,10,73,7,-14.457830254043136,3
5970,25,12,34,9,-14.468789684868275,3
5971,51,18,45,13,-14.493324057948728,5
5972,27,10,111,8,-14.504025956772896,2
5973,2,12,13,8,-14.516038794033763,4
5974,37,12,73,8,-14.533349572792924,4
5975,9,11,108,7,-14.533752266696007,4
5976,62,19,74,14,-14.57027413820892,5
5977,99,12,50,8,-14.581629542155014,4
5978,29,22,88,16,-14.584788845308772,6
5979,97,11,14,9,-14.634263785488013,2
5980,51,14,94,10,-14.642632531518043,4
5981,35,10,3,7,-14.67345115895829,3
5982,79,14,104,9,-14.67585498642578,5
5983,18,13,69,9,-14.695896617157176,4
5984,94,10,9,6,-14.704426445452432,4
5985,83,19,114,14,-14.71253096490687,5
5986,31,10,100,7,-14.730848989291465,3
5987,102,11,90,6,-14.739148726840858,5
5988,109,21,27,14,-14.741810222555548,7
5989,106,14,32,11,-14.741977351969277,3
5990,2,10,57,7,-14.75670329182861,3
5991,19,20,29,15,-14.80327148874317,5
5992,54,36,75,25,-14.80658448659353,11
5993,81,24,51,16,-14.806900687075021,8
5994,76,13,15,9,-14.81353391108204,4
5995,80,11,34,9,-14.830360037538274,2
5996,68,15,29,11,-14.842517688016263,4
5997,28,12,110,8,-14.8602682733133,4
5998,108,10,8,8,-14.88327570809189,2
5999,112,10,55,8,-14.907032679929216,2
6000,77,11,98,8,-14.971497492381292,3
6001,75,10,45,8,-15.003649946946844,2
6002,99,18,25,13,-15.014737107768294,5
6003,94,17,81,11,-15.053941840602283,6
6004,69,10,111,7,-15.0816233253005,3
6005,70,11,34,8,-15.101320383881482,3
6006,94,13,30,9,-15.134946215773814,4
6007,71,17,41,13,-15.162388636591329,4
6008,11,13,100,9,-15.179784599525844,4
6009,65,32,100,25,-15.220205062235213,7
6010,68,15,61,11,-15.24709195978541,4
6011,17,14,103,11,-15.362055238967647,3
6012,37,13,18,10,-15.368965567811568,3
6013,3,27,84,18,-15.372916145146673,9
6014,46,12,98,8,-15.381140721878973,4
6015,25,14,49,10,-15.43786379260084,4
6016,107,25,73,17,-15.460672720698524,8
6017,103,12,74,9,-15.463990000688312,3
6018,84,22,112,16,-15.486639525748986,6
6019,31,15,69,10,-15.502962092044207,5
6020,2,18,104,12,-15.50344370749933,6
6021,106,10,89,6,-15.508251121091035,4
6022,10,11,37,7,-15.516949569025604,4
6023,14,11,25,9,-15.536643242754739,2
6024,31,12,104,8,-15.561592201078605,4
6025,5,20,23,15,-15.563915929412014,5
6026,45,14,4,10,-15.600891470448104,4
6027,85,11,106,8,-15.605731963514037,3
6028,97,13,90,9,-15.62188808576594,4
6029,58,23,65,16,-15.653154983328356,7
6030,35,13,87,9,-15.683184050777022,4
6031,63,11,15,8,-15.683342037196233,3
6032,51,23,15,16,-15.696340054221961,7
6033,1,13,8,10,-15.702434313684371,3
6034,80,13,75,10,-15.71805205236554,3
6035,35,12,80,9,-15.72406211872363,3
6036,77,14,37,10,-15.73169378416834,4
6037,96,16,93,12,-15.73319462766121,4
6038,43,14,30,11,-15.738372858595183,3
6039,57,20,7,13,-15.746440629237659,7
6040,35,10,75,8,-15.755761764469415,2
6041,37,10,15,8,-15.78269510258246,2
6042,12,12,75,8,-15.785867542761379,4
6043,17,22,95,17,-15.802621580377178,5
6044,78,11,76,9,-15.811000042078586,2
6045,31,45,16,33,-15.837412153743443,12
6046,39,18,99,14,-15.84878961626863,4
6047,12,15,41,11,-15.852631956602023,4
6048,91,11,76,9,-15.872477419459234,2
6049,13,26,30,18,-15.88389201939532,8
6050,28,12,43,8,-15.894105628705272,4
6051,9,30,53,22,-15.894615033798411,8
6052,70,13,80,11,-15.90133341789594,2
6053,63,13,14,9,-15.961958621197994,4
6054,19,10,51,8,-15.984440942521672,2
6055,5,18,41,12,-16.050377082501456,6
6056,9,24,15,16,-16.09746361196613,8
6057,77,20,8,15,-16.11157045463716,5
6058,112,15,71,11,-16.11687592102847,4
6059,83,12,23,9,-16.123810814063006,3
6060,102,10,43,7,-16.154622115934174,3
6061,79,10,76,8,-16.246721403642802,2
6062,69,21,53,15,-16.247322250303586,6
6063,68,16,103,12,-16.281667488957133,4
6064,79,12,30,9,-16.40518046559389,3
6065,7,16,61,11,-16.426968020447948,5
6066,25,25,11,20,-16.429746187224737,5
6067,109,14,15,11,-16.447207404622475,3
6068,55,15,14,12,-16.464885141480416,3
6069,88,17,80,12,-16.477538046034613,5
6070,57,14,100,10,-16.518461506999675,4
6071,36,10,101,8,-16.627946704419497,2
6072,41,12,30,8,-16.67014747818193,4
6073,71,15,95,10,-16.72675418994599,5
6074,76,10,1,7,-16.815372977495876,3
6075,30,14,95,10,-16.836817117204564,4
6076,97,14,38,11,-16.838290194315167,3
6077,10,12,13,9,-16.89276746041982,3
6078,112,19,20,15,-16.964936240764274,4
6079,31,10,38,6,-16.97274158238424,4
6080,50,16,77,13,-16.97319460562341,3
6081,46,11,43,8,-16.991693442801246,3
6082,70,11,48,8,-17.04295857723929,3
6083,1,14,18,11,-17.058153705270225,3
6084,13,17,80,12,-17.06375198393908,5
6085,2,11,60,8,-17.11684300008854,3
6086,20,12,60,9,-17.12579419517071,3
6087,9,28,41,21,-17.159883472781484,7
6088,5,22,27,16,-17.186967099907662,6
6089,35,12,63,9,-17.190706154289504,3
6090,3,10,48,7,-17.21455694117363,3
6091,106,10,35,7,-17.319051156851785,3
6092,39,10,45,7,-17.32115834390289,3
6093,3,13,30,11,-17.375395902993645,2
6094,19,11,55,8,-17.435802328445057,3
6095,18,14,23,10,-17.468338798211544,4
6096,83,11,110,9,-17.575104905290946,2
6097,3,11,5,7,-17.694163901939547,4
6098,68,32,112,25,-17.735336321116534,7
6099,55,12,44,9,-17.771847163193563,3
6100,5,18,30,15,-17.81053305502534,3
6101,8,10,69,8,-17.824588271872045,2
6102,88,17,32,13,-17.824594134673823,4
6103,114,11,111,8,-17.846918134233796,3
6104,22,11,13,9,-17.88490511828995,2
6105,43,16,55,14,-17.88766939591472,2
6106,68,21,95,18,-17.962668451083434,3
6107,33,18,55,14,-17.969879843551904,4
6108,112,22,78,17,-18.00765085252849,5
6109,28,28,90,22,-18.060877876686433,6
6110,57,11,79,8,-18.14640267745942,3
6111,103,10,109,7,-18.37872283171988,3
6112,18,10,5,8,-18.464269170029826,2
6113,81,14,49,10,-18.467862810158525,4
6114,9,15,48,12,-18.472872872736897,3
6115,33,14,65,11,-18.512762180418843,3
6116,31,15,106,11,-18.52908676481624,4
6117,102,11,30,8,-18.53374521303684,3
6118,43,11,45,8,-18.574891926068155,3
6119,49,10,47,8,-18.582870806995665,2
6120,57,13,34,10,-18.63083545853813,3
6121,68,15,50,11,-18.68712791744929,4
6122,77,19,16,15,-18.736127046783512,4
6123,28,17,99,13,-18.754584808369174,4
6124,47,11,55,8,-18.857554518412744,3
6125,11,10,2,8,-18.92308479788875,2
6126,4,13,98,11,-18.936498509144613,2
6127,106,10,92,8,-19.041690772468705,2
6128,2,10,100,7,-19.143504228869272,3
6129,79,10,17,8,-19.148955304516516,2
6130,54,16,4,14,-19.244087603842104,2
6131,18,14,99,11,-19.290873438644514,3
6132,81,11,100,8,-19.29891210464559,3
6133,108,10,114,7,-19.30451384791422,3
6134,36,19,30,17,-19.30529767168729,2
6135,58,19,86,15,-19.384187711945845,4
6136,9,25,27,19,-19.43154810444966,6
6137,51,10,101,8,-19.538804927619935,2
6138,57,12,94,9,-19.623299241538074,3
6139,68,19,100,14,-19.724922124038788,5
6140,32,12,95,10,-19.760326388824467,2
6141,69,13,27,10,-19.98803308873254,3
6142,94,11,85,9,-19.99391792955888,2
6143,84,11,7,9,-20.072751797902637,2
6144,77,11,100,9,-20.220350500768852,2
6145,10,15,51,12,-20.332726180509006,3
6146,5,10,64,8,-20.37578731830582,2
6147,35,11,48,9,-20.438098241934796,2
6148,93,10,30,8,-20.554928098530844,2
6149,68,11,90,9,-20.787956198015944,2
6150,38,11,55,9,-20.87506721402826,2
6151,107,17,19,15,-20.876892056619628,2
6152,19,10,76,8,-21.00872666504985,2
6153,43,10,110,8,-21.055981543018305,2
6154,10,13,112,10,-21.234179723414762,3
6155,91,16,104,15,-21.31971827875211,1
6156,51,16,2,12,-21.322170492802826,4
6157,51,20,90,17,-21.393287092982963,3
6158,4,13,25,11,-21.42004260246313,2
6159,4,15,41,10,-21.480590173913868,5
6160,31,12,62,9,-21.790941067775986,3
6161,97,12,91,10,-22.175648770183788,2
6162,57,12,29,10,-22.398372618819636,2
6163,112,14,80,11,-22.742433885358178,3
6164,8,11,4,10,-23.17790508365148,1
6165,31,10,15,8,-23.60998987148027,2
6166,109,11,12,10,-23.647352995961207,1
6167,57,11,112,9,-24.03512959326609,2
6168,97,11,34,9,-24.058676404388496,2
6169,97,12,73,9,-24.10757303293757,3
6170,3,16,75,14,-24.194103806582213,2
6171,57,12,26,10,-24.80508950345583,2
6172,77,17,75,15,-26.826580833678783,2
6173,23,13,90,12,-28.362481429909796,1
6174,102,11,112,10,-29.817132660557682,1
6175,37,11,44,11,-29.883498899257123,0
