,againstHero,games,hero,losses,shift,wins
0,112,15,102,1,30.52771594801942,14
1,44,11,37,0,29.883498899257123,11
2,90,13,23,1,28.3624814299098,12
3,19,10,109,1,27.66236213744933,9
4,26,12,57,2,24.80508950345583,10
5,104,11,42,1,24.55480599508645,10
6,100,10,33,1,24.40727081526952,9
7,75,16,3,2,24.194103806582213,14
8,34,11,97,2,24.058676404388496,9
9,112,12,57,2,24.05133711856007,10
10,29,13,57,2,23.606557237030422,11
11,75,19,77,3,23.528365703077363,16
12,4,11,8,1,23.177905083651492,10
13,72,12,29,2,22.845970500293163,10
14,91,12,97,2,22.175648770183788,10
15,78,13,48,2,22.13337912583355,11
16,55,13,19,3,22.02845225298763,10
17,62,12,31,3,21.79094106777599,9
18,49,10,58,2,21.7746386625006,8
19,41,15,4,5,21.480590173913868,10
20,25,13,4,2,21.42004260246313,11
21,104,16,91,1,21.319718278752113,15
22,112,13,10,3,21.23417972341476,10
23,101,11,51,2,21.22662017561448,9
24,110,10,43,2,21.055981543018305,8
25,109,10,64,3,20.986952145840224,7
26,55,11,38,2,20.87506721402826,9
27,15,13,77,2,20.807040975737614,11
28,90,11,68,2,20.787956198015944,9
29,17,11,79,2,20.721013165555437,9
30,57,10,72,0,20.68783938357469,10
31,81,23,94,6,20.51779847980575,17
32,48,11,35,2,20.438098241934792,9
33,51,15,10,3,20.332726180509006,12
34,75,10,103,1,20.241991505098973,9
35,38,13,3,3,20.24044671860815,10
36,72,11,69,2,20.210260183380633,9
37,7,12,84,2,20.160900959942534,10
38,12,12,109,2,20.061016928371878,10
39,73,13,97,4,19.966763707753135,9
40,65,15,33,3,19.770112976636934,12
41,95,12,32,2,19.760326388824463,10
42,15,11,31,3,19.73878794252568,8
43,64,11,5,2,19.698196874853632,9
44,80,15,112,4,19.693979047929243,11
45,114,12,108,3,19.622938702057745,9
46,90,22,51,4,19.526276440378883,18
47,30,19,36,2,19.30529767168729,17
48,99,14,18,3,19.290873438644514,11
49,4,16,54,2,19.2440876038421,14
50,45,12,43,3,19.04326521517843,9
51,92,10,106,2,19.041690772468705,8
52,30,10,6,2,19.02037640213381,8
53,89,11,106,4,18.95338953455919,7
54,98,13,4,2,18.936498509144613,11
55,13,10,66,2,18.901510637247334,8
56,99,17,28,4,18.754584808369174,13
57,62,14,94,3,18.66220286295835,11
58,45,10,12,2,18.653807119995122,8
59,106,15,31,4,18.52908676481624,11
60,49,16,81,4,18.49249744682941,12
61,48,15,3,4,18.490434950243607,11
62,5,10,18,2,18.464269170029823,8
63,80,20,13,6,18.33580484931627,14
64,81,12,43,3,18.327617727929386,9
65,12,10,7,3,18.198433480354243,7
66,75,10,79,2,18.18520074819613,8
67,67,10,54,2,18.121548101252507,8
68,55,18,33,4,17.969879843551904,14
69,95,15,30,4,17.919901608832813,11
70,35,10,41,3,17.84884882348167,7
71,111,11,114,3,17.846918134233796,8
72,32,17,88,4,17.82459413467382,13
73,30,18,5,3,17.81053305502534,15
74,44,12,55,3,17.77184716319356,9
75,5,11,3,4,17.694163901939547,7
76,112,35,68,8,17.678384263757497,27
77,20,10,67,2,17.6724550880506,8
78,110,11,83,2,17.575104905290946,9
79,23,14,18,4,17.468338798211544,10
80,80,10,29,2,17.457200220457587,8
81,60,10,35,3,17.41812694726481,7
82,86,21,58,5,17.41327003256676,16
83,35,10,106,3,17.319051156851785,7
84,27,22,5,6,17.18696709990766,16
85,12,10,62,2,17.185756819994776,8
86,60,11,2,3,17.11684300008854,8
87,27,29,9,8,17.072056537621453,21
88,51,20,19,4,17.0605088679488,16
89,18,14,1,3,17.058153705270225,11
90,29,12,102,2,17.056577765128154,10
91,48,11,70,3,17.04295857723929,8
92,43,11,46,3,16.991693442801246,8
93,38,10,31,4,16.97274158238424,6
94,49,13,11,3,16.969656133029396,10
95,20,19,112,4,16.964936240764274,15
96,13,12,10,3,16.892767460419815,9
97,38,14,97,3,16.838290194315167,11
98,1,10,76,3,16.815372977495876,7
99,23,13,83,3,16.744700089549806,10
100,15,11,103,3,16.72921075806078,8
101,95,15,71,5,16.72675418994599,10
102,53,23,69,6,16.67657945090473,17
103,50,16,68,5,16.665846594945688,11
104,30,29,63,8,16.65797927209911,21
105,101,10,36,2,16.6279467044195,8
106,95,22,68,4,16.550204863156036,18
107,16,20,83,5,16.531803021169058,15
108,66,10,64,2,16.526342406123636,8
109,61,10,87,3,16.482333693393567,7
110,14,15,55,3,16.464885141480416,12
111,100,14,81,4,16.449659297579654,10
112,11,25,25,5,16.429746187224733,20
113,29,10,40,2,16.378294184390825,8
114,34,12,80,2,16.269229317512288,10
115,27,12,83,2,16.23514126111956,10
116,63,14,19,3,16.214836651867664,11
117,34,10,54,2,16.192576513322777,8
118,43,10,102,3,16.154622115934178,7
119,55,11,112,2,16.141953070444934,9
120,98,13,46,4,16.128351252027375,9
121,78,27,112,7,16.117140490908817,20
122,71,15,112,4,16.116875921028473,11
123,50,11,103,3,16.107700105307455,8
124,41,18,5,6,16.05037708250146,12
125,55,19,43,3,16.023961744798672,16
126,14,13,63,4,15.961958621197992,9
127,100,12,2,4,15.930884215555713,8
128,54,18,76,5,15.916701819672271,13
129,2,18,51,6,15.905597113130021,12
130,80,13,70,2,15.901333417895936,11
131,53,30,9,8,15.894615033798411,22
132,43,12,28,4,15.894105628705272,8
133,94,18,57,5,15.891839037049907,13
134,98,13,77,3,15.886174748869735,10
135,90,29,28,7,15.880089586771653,22
136,99,18,39,4,15.84878961626863,14
137,16,45,31,12,15.837412153743443,33
138,65,24,58,7,15.812414335905176,17
139,95,22,17,5,15.80262158037718,17
140,30,11,93,3,15.777207362300766,8
141,75,10,35,2,15.755761764469415,8
142,16,27,77,7,15.75043800794318,20
143,7,20,57,7,15.746440629237663,13
144,93,16,96,4,15.733194627661211,12
145,37,14,77,4,15.73169378416834,10
146,80,12,35,3,15.72406211872363,9
147,75,13,80,3,15.718052052365534,10
148,8,13,1,3,15.702434313684373,10
149,47,12,3,3,15.700624626069072,9
150,87,13,35,4,15.683184050777024,9
151,14,12,97,2,15.664913845649806,10
152,78,14,62,4,15.634091232785192,10
153,90,13,97,4,15.621888085765939,9
154,94,19,51,5,15.610023989951676,14
155,106,11,85,3,15.60573196351404,8
156,4,14,45,4,15.600891470448106,10
157,19,11,108,3,15.597832763152724,8
158,23,20,5,5,15.563915929412016,15
159,104,12,31,4,15.561592201078605,8
160,108,12,11,3,15.551347739122177,9
161,48,16,9,4,15.537621007215709,12
162,25,11,14,2,15.536643242754739,9
163,37,11,10,4,15.516949569025604,7
164,64,20,104,5,15.515264160119225,15
165,100,12,48,4,15.5094955090966,8
166,104,18,2,6,15.503443707499333,12
167,69,15,31,5,15.502962092044205,10
168,112,22,84,6,15.486639525748984,16
169,2,12,39,3,15.473797666414955,9
170,74,12,103,3,15.463990000688314,9
171,73,25,107,8,15.460672720698525,17
172,49,14,25,4,15.43786379260084,10
173,84,27,3,9,15.37291614514667,18
174,34,15,57,4,15.357045361759072,11
175,109,13,29,5,15.345893123711157,8
176,41,29,9,8,15.33957702800506,21
177,41,15,84,4,15.33074063826509,11
178,30,15,41,5,15.299076943535711,10
179,63,27,3,5,15.281871445146512,22
180,93,14,46,3,15.251126640356864,11
181,41,23,12,6,15.218048354510739,17
182,55,12,47,4,15.214446673688142,8
183,64,15,29,3,15.189033105530582,12
184,71,10,29,2,15.143188317628589,8
185,54,10,77,1,15.067841236649627,9
186,45,19,51,5,15.06403272485712,14
187,104,16,79,5,15.054954882421578,11
188,38,10,93,4,15.046407356806796,6
189,25,18,99,5,15.014737107768298,13
190,45,10,75,2,15.003649946946844,8
191,13,12,22,3,14.994671319317485,9
192,15,13,112,4,14.887616171154491,9
193,110,12,28,4,14.860268273313302,8
194,87,13,38,4,14.859584047072822,9
195,27,10,102,2,14.8415066807879,8
196,15,13,76,4,14.81353391108204,9
197,75,36,54,11,14.806584486593527,25
198,72,14,109,3,14.772801167610016,11
199,78,12,47,4,14.759178311128261,8
200,32,14,106,3,14.741977351969275,11
201,100,10,31,3,14.730848989291463,7
202,74,10,29,3,14.72390247298373,7
203,114,19,83,5,14.712530964906872,14
204,88,22,29,6,14.584788845308772,16
205,50,12,99,4,14.581629542155014,8
206,80,19,50,4,14.554439051919097,15
207,19,10,6,3,14.554142944413204,7
208,108,11,9,4,14.533752266696009,7
209,73,12,37,4,14.533349572792922,8
210,30,17,43,4,14.528174418866193,13
211,34,12,25,3,14.468789684868277,9
212,73,10,2,3,14.457830254043136,7
213,80,18,88,6,14.45456738577453,12
214,63,13,35,4,14.450412261730216,9
215,44,12,5,3,14.447481002517355,9
216,97,13,35,3,14.444551731599502,10
217,80,11,14,4,14.435345395194508,7
218,108,26,70,7,14.42739364927628,19
219,2,11,11,3,14.4013932524418,8
220,40,10,83,2,14.347262135245902,8
221,7,27,77,8,14.33556677589385,19
222,26,25,86,6,14.322036756570222,19
223,108,10,112,3,14.316449946299116,7
224,31,12,57,4,14.310689026630849,8
225,46,11,102,3,14.30749471315205,8
226,34,12,37,3,14.30057126443514,9
227,102,15,60,5,14.297767291892317,10
228,72,12,23,3,14.264075883340935,9
229,104,11,94,3,14.253478157346805,8
230,55,13,103,3,14.23298089068328,10
231,61,17,7,6,14.21770274028152,11
232,72,10,75,3,14.207053385683187,7
233,30,12,12,3,14.186633403381224,9
234,72,21,51,7,14.164365317765569,14
235,109,12,103,4,14.151946322942882,8
236,40,29,77,8,14.048771071022596,21
237,45,11,39,4,14.033377854173942,7
238,76,18,78,4,14.02321766388941,14
239,8,21,77,6,13.998411080894309,15
240,69,11,91,4,13.993001551531528,7
241,111,12,75,4,13.972281809419963,8
242,40,24,71,7,13.948125771645659,17
243,91,11,109,3,13.946188604720339,8
244,75,19,69,5,13.942304484906579,14
245,60,14,20,4,13.93992645286088,10
246,37,11,112,3,13.937736127059294,8
247,28,12,103,3,13.89921394316668,9
248,53,19,50,6,13.883151416746285,13
249,34,14,104,4,13.86429846409272,10
250,77,18,50,4,13.854547351284703,14
251,98,17,31,6,13.805084918983171,11
252,13,74,31,23,13.800549608099516,51
253,97,11,112,2,13.794615799527321,9
254,34,16,20,4,13.763107006170879,12
255,95,37,88,11,13.752013257016605,26
256,27,21,69,7,13.737046605687652,14
257,97,10,27,4,13.735152835550483,6
258,63,25,31,7,13.714594813504092,18
259,104,14,44,4,13.703910249073422,10
260,47,13,49,3,13.686396277061283,10
261,49,11,18,3,13.655065375637422,8
262,27,12,48,3,13.624459512090594,9
263,15,10,74,3,13.569326307429137,7
264,76,12,91,3,13.563460914482881,9
265,94,10,34,3,13.545344242275922,7
266,17,18,78,6,13.54486013323846,12
267,7,11,66,4,13.514093541012448,7
268,84,12,108,3,13.488009207908556,9
269,16,39,94,11,13.48012154912034,28
270,48,28,54,9,13.475788580607775,19
271,36,15,35,4,13.440272285829963,11
272,43,19,53,5,13.438033142991653,14
273,23,15,45,4,13.436468047997268,11
274,25,12,32,5,13.427877456338663,7
275,61,16,68,5,13.424919545398375,11
276,75,15,53,5,13.423496737137006,10
277,91,11,112,3,13.423237527272482,8
278,15,10,79,3,13.41842808989324,7
279,104,12,35,4,13.369677424437178,8
280,55,11,32,4,13.36363963009391,7
281,18,12,46,3,13.322032493347338,9
282,47,16,18,4,13.317575135316673,12
283,50,17,46,6,13.310329365776974,11
284,109,19,39,5,13.298420717992121,14
285,64,19,106,6,13.295192075566398,13
286,7,12,99,4,13.274517260788409,8
287,102,31,5,10,13.269431869962297,21
288,95,23,11,6,13.26328800508424,17
289,11,39,96,12,13.25258237771624,27
290,100,40,65,11,13.231588936651557,29
291,36,18,54,6,13.217744798273172,12
292,15,12,37,3,13.204885577431204,9
293,11,22,70,6,13.174919150937761,16
294,95,28,37,7,13.149042342745604,21
295,98,13,88,3,13.13778782250953,10
296,83,10,70,4,13.118339150755117,6
297,78,14,104,4,13.114872305242644,10
298,21,11,87,3,13.114631052870209,8
299,109,14,98,4,13.064417846211372,10
300,76,16,57,4,13.00858229824332,12
301,65,20,57,6,12.953808740128652,14
302,91,29,60,10,12.952631394075715,19
303,114,28,109,7,12.931348427909455,21
304,34,13,3,4,12.892571415057605,9
305,2,21,65,5,12.890027578518202,16
306,78,12,103,2,12.857012772866142,10
307,38,13,112,3,12.849363497429499,10
308,34,10,88,3,12.786710581831155,7
309,15,17,109,4,12.777657608342025,13
310,100,18,57,6,12.770507404820762,12
311,54,12,81,4,12.757047966098476,8
312,95,10,36,3,12.746346244298937,7
313,33,14,106,4,12.736963404825662,10
314,46,24,106,9,12.725492516069492,15
315,98,12,48,3,12.72400980532305,9
316,62,15,57,4,12.721963035908635,11
317,111,16,88,4,12.710530076381987,12
318,57,12,2,4,12.707474284723991,8
319,100,26,68,9,12.693810233343841,17
320,80,40,63,12,12.682443988429272,28
321,48,15,5,4,12.675358072710548,11
322,11,17,38,5,12.666110828343465,12
323,49,15,112,5,12.652182456683386,10
324,30,13,85,4,12.642334185876239,9
325,15,12,102,3,12.597866884640938,9
326,15,30,51,10,12.589187635735609,20
327,57,27,5,8,12.572003913811171,19
328,41,18,71,5,12.55777326700885,13
329,75,27,5,10,12.535083552437033,17
330,64,15,92,7,12.492372460791035,8
331,41,10,85,4,12.470634664927642,6
332,55,38,1,11,12.470203554889151,27
333,17,11,94,4,12.465558824086667,7
334,18,14,37,4,12.43883359344357,10
335,9,12,94,5,12.43258108845859,7
336,36,17,50,7,12.423703215189779,10
337,15,18,69,5,12.393244932278236,13
338,76,18,19,5,12.372633196999944,13
339,75,14,12,5,12.356839423121745,9
340,104,39,46,13,12.353574327141933,26
341,67,12,97,3,12.35346782744064,9
342,27,28,109,10,12.330493141948569,18
343,49,23,104,7,12.322985298305156,16
344,47,24,60,7,12.306617941323184,17
345,75,14,57,4,12.306540056833526,10
346,98,29,96,9,12.301665445316493,20
347,69,15,18,5,12.281407888329312,10
348,32,10,39,3,12.25900875776762,7
349,71,11,84,3,12.255989147154674,8
350,15,27,11,8,12.250865550096691,19
351,38,11,78,3,12.248719399574963,8
352,74,22,60,8,12.230302476711508,14
353,75,19,43,5,12.224767647713705,14
354,78,11,106,3,12.210243252742755,8
355,7,18,76,7,12.19661731578168,11
356,11,35,84,11,12.189911906563859,24
357,16,14,67,4,12.181707474418104,10
358,107,21,99,7,12.174640608684571,14
359,100,25,103,8,12.153549956331114,17
360,2,22,70,8,12.153236389251056,14
361,19,11,31,3,12.140248760143196,8
362,92,12,63,5,12.136993324985582,7
363,47,16,112,6,12.12589666315303,10
364,15,10,4,4,12.1242208434208,6
365,34,12,70,4,12.123530804367727,8
366,60,31,29,11,12.123490521609014,20
367,28,20,72,6,12.11934808588004,14
368,8,11,35,3,12.093356369533685,8
369,53,20,3,6,12.068087567340713,14
370,30,18,91,5,12.061464887561753,13
371,104,22,71,8,12.060518806565575,14
372,39,19,85,7,12.059881057913875,12
373,1,18,63,7,12.054495717242014,11
374,27,24,103,8,12.038419286224949,16
375,1,12,104,4,12.020108292717422,8
376,49,29,69,10,12.014682569242257,19
377,34,13,43,4,11.988958581252156,9
378,102,18,55,6,11.983866194974436,12
379,37,16,60,6,11.9668638856867,10
380,53,10,54,3,11.951994898142782,7
381,95,27,18,9,11.951490678023532,18
382,114,46,65,16,11.938229846486395,30
383,71,17,77,5,11.915487518479784,12
384,90,18,104,6,11.89837391797068,12
385,111,22,41,8,11.859477089655313,14
386,57,16,109,5,11.845104860145758,11
387,74,34,28,11,11.834419909257846,23
388,92,17,86,6,11.833574375075667,11
389,78,10,37,3,11.831707242150298,7
390,63,47,28,14,11.8288664237163,33
391,74,10,64,4,11.828764368523546,6
392,28,16,111,5,11.82030122340792,11
393,83,10,17,4,11.812775268760372,6
394,53,10,91,3,11.811611902058761,7
395,8,11,108,3,11.805411430354427,8
396,15,11,41,3,11.80165523386963,8
397,8,21,40,6,11.791921402372775,15
398,44,10,54,3,11.791894285038754,7
399,91,12,65,4,11.784658313781675,8
400,17,18,109,6,11.781743441013703,12
401,112,10,62,3,11.78047192200998,7
402,54,20,43,7,11.759609270938485,13
403,79,22,87,6,11.757907554031659,16
404,13,79,88,24,11.697655935038965,55
405,91,13,96,4,11.692854193124042,9
406,34,23,28,7,11.682170467841415,16
407,98,30,87,9,11.678081569558655,21
408,21,10,88,3,11.677382922456276,7
409,93,11,104,4,11.670878710804793,7
410,100,12,40,4,11.638460148115906,8
411,75,17,38,4,11.628826987325246,13
412,30,37,13,13,11.62769628744878,24
413,90,15,39,5,11.57797650142359,10
414,11,38,37,12,11.566356283581703,26
415,36,16,104,6,11.564722196156039,10
416,111,10,71,3,11.563837134119533,7
417,74,15,76,6,11.544600382799558,9
418,100,25,3,8,11.537696324557508,17
419,110,12,7,5,11.526061320417648,7
420,7,15,81,6,11.525413070422038,9
421,98,14,75,5,11.49709370731317,9
422,11,15,18,5,11.49652383906797,10
423,39,16,72,5,11.45234413375737,11
424,78,14,50,4,11.439693068664749,10
425,50,38,88,13,11.435059490334734,25
426,42,10,13,3,11.411149524623212,7
427,29,10,95,3,11.401888238693152,7
428,4,11,38,3,11.395009854616484,8
429,30,26,3,8,11.384353006699484,18
430,107,14,10,5,11.38119632500004,9
431,28,22,112,7,11.372427658976592,15
432,75,15,102,4,11.357902372458398,11
433,74,21,62,7,11.355871307801836,14
434,104,30,77,10,11.335858846829385,20
435,64,12,20,3,11.33130846260478,9
436,100,20,77,7,11.329502291806701,13
437,39,25,78,8,11.326665031942143,17
438,53,42,88,13,11.31002440231641,29
439,104,30,27,9,11.301150443437956,21
440,7,25,96,7,11.300422106484014,18
441,80,10,5,3,11.295210617596885,7
442,87,26,81,10,11.291989233876366,16
443,80,20,51,7,11.284900357531916,13
444,111,11,27,3,11.279710088837586,8
445,2,14,55,5,11.276816159574059,9
446,75,52,7,17,11.274663385996204,35
447,87,29,70,11,11.250414739740135,18
448,107,16,83,5,11.249585120390279,11
449,40,13,81,4,11.249205674756393,9
450,75,17,109,5,11.242273446455997,12
451,25,25,68,8,11.235607083018873,17
452,46,20,96,8,11.223825219116966,12
453,75,36,8,11,11.220741251540183,25
454,73,13,51,4,11.219804453521853,9
455,98,18,106,6,11.217270403208776,12
456,25,15,3,5,11.214634960222732,10
457,100,12,46,4,11.210309669403356,8
458,89,11,1,4,11.209011069389932,7
459,34,16,60,5,11.208970608082216,11
460,100,27,11,9,11.207554704794777,18
461,64,18,37,6,11.185324034227655,12
462,15,27,9,11,11.164728453136332,16
463,104,29,11,9,11.161156416099368,20
464,95,29,51,8,11.161050582896516,21
465,78,13,1,4,11.156578268103178,9
466,100,22,114,7,11.139458565890179,15
467,29,20,68,6,11.128597350458492,14
468,43,16,91,5,11.128114127049443,11
469,46,15,70,5,11.123543654837002,10
470,74,13,32,4,11.101664191982366,9
471,62,15,104,4,11.098747349135207,11
472,62,20,63,7,11.090581145313461,13
473,99,11,11,4,11.04788337752713,7
474,32,12,114,4,11.045874107216177,8
475,16,17,32,6,11.04556139119038,11
476,41,14,92,5,11.016394202336144,9
477,15,13,71,4,11.00914391321026,9
478,40,26,3,8,11.00717769248795,18
479,51,20,110,6,11.000148170458745,14
480,112,12,30,3,10.999416558177831,9
481,70,24,57,10,10.99751468090858,14
482,13,25,97,9,10.985857531237675,16
483,78,10,66,4,10.92721209874227,6
484,13,46,18,16,10.917911397709464,30
485,73,17,5,6,10.907383059794872,11
486,69,12,8,4,10.904584563603303,8
487,102,10,35,4,10.903207987031468,6
488,28,11,81,4,10.900813686195042,7
489,53,17,77,6,10.890560427013932,11
490,16,16,12,5,10.887643611131084,11
491,72,14,100,4,10.881618974361274,10
492,12,15,106,4,10.875227033812171,11
493,15,37,88,10,10.865371439798105,27
494,27,13,89,4,10.86344062492042,9
495,87,31,114,12,10.855794018644565,19
496,63,15,33,5,10.836021139051022,10
497,114,14,12,6,10.834474307512755,8
498,30,11,2,4,10.820419515250846,7
499,106,17,81,7,10.816681182916202,10
500,55,25,91,7,10.791612827626562,18
501,7,25,19,7,10.775977198177877,18
502,59,11,7,3,10.771239818059199,8
503,53,23,108,9,10.749834986479383,14
504,60,15,48,5,10.726743623454485,10
505,43,16,77,6,10.72489779137353,10
506,53,22,17,7,10.72338378113649,15
507,54,11,111,3,10.714143810197228,8
508,43,13,36,5,10.713552025008548,8
509,13,24,29,9,10.69522140352502,15
510,75,13,76,5,10.684711333832391,8
511,20,21,9,7,10.676297323703045,14
512,108,19,39,7,10.672509893350012,12
513,5,25,98,9,10.66291868554062,16
514,3,11,35,4,10.637414854102067,7
515,114,40,106,14,10.63191941709851,26
516,98,18,71,6,10.627953776602759,12
517,7,31,91,9,10.609100286101588,22
518,78,15,94,5,10.597292279917616,10
519,26,10,28,3,10.592168464369761,7
520,104,26,75,9,10.57435391669422,17
521,104,20,38,7,10.570902958272574,13
522,95,15,9,6,10.569002592922953,9
523,71,19,54,7,10.563773271372229,12
524,102,10,38,2,10.558923510162893,8
525,28,17,40,7,10.551622113062637,10
526,50,39,20,13,10.540260354284218,26
527,76,13,108,4,10.539317855686345,9
528,41,16,17,5,10.533333329606137,11
529,71,19,97,6,10.5235339621969,13
530,27,27,36,10,10.523349599331352,17
531,76,10,103,3,10.522979980156947,7
532,89,14,37,6,10.519274673853001,8
533,63,16,102,6,10.517349087153976,10
534,86,32,48,11,10.510093191570517,21
535,29,12,48,4,10.5062410495631,8
536,64,27,9,8,10.495957554452968,19
537,62,10,48,4,10.487894133335649,6
538,100,25,60,8,10.483598125191733,17
539,63,36,48,12,10.480037623792745,24
540,94,14,49,4,10.474432971630803,10
541,6,10,31,4,10.459894630543896,6
542,44,16,39,6,10.434810009571377,10
543,95,19,114,7,10.422604339796184,12
544,72,10,12,3,10.399951670168408,7
545,63,21,77,6,10.39288170670529,15
546,72,14,103,5,10.391960458595063,9
547,100,14,1,5,10.391085995282511,9
548,76,26,35,9,10.390096019432455,17
549,16,14,92,3,10.381584875368542,11
550,106,16,93,6,10.37915501513517,10
551,57,42,107,15,10.37715232978323,27
552,15,16,55,4,10.37053728825799,12
553,9,12,12,4,10.366855545040103,8
554,80,12,49,5,10.360967542828899,7
555,94,10,7,3,10.355621654064773,7
556,17,15,27,6,10.35454909958829,9
557,40,16,102,6,10.346146758066935,10
558,37,13,1,5,10.342164269053148,8
559,9,15,19,5,10.341402019858231,10
560,30,18,46,6,10.329090932236763,12
561,11,14,10,5,10.326527517070998,9
562,107,29,31,13,10.30345756995746,16
563,45,23,107,8,10.289536165233189,15
564,60,24,112,8,10.282975838759185,16
565,100,12,38,3,10.28200386267856,9
566,54,25,27,9,10.27931928513935,16
567,18,43,39,14,10.257246202371954,29
568,67,16,106,6,10.252161434234207,10
569,49,21,23,7,10.242959754676484,14
570,63,35,91,11,10.225389928816243,24
571,30,17,31,7,10.214096274935343,10
572,10,14,28,4,10.207926130943799,10
573,91,24,39,8,10.206322081312438,16
574,107,19,103,6,10.201057614895703,13
575,98,15,2,6,10.198603389321667,9
576,71,13,33,4,10.195530501937561,9
577,97,41,37,14,10.190687502541845,27
578,34,10,41,4,10.187408899944767,6
579,80,12,30,4,10.185455091355948,8
580,6,12,9,5,10.175309866966636,7
581,51,32,81,12,10.158277615855118,20
582,92,16,68,5,10.14730683848729,11
583,96,11,23,4,10.143008283174426,7
584,53,37,31,14,10.136338371296793,23
585,92,10,109,3,10.132066653367776,7
586,78,12,114,5,10.123963867745248,7
587,53,36,36,11,10.114732824687987,25
588,50,22,30,8,10.102682063442666,14
589,23,17,17,6,10.090670558592322,11
590,79,12,106,4,10.079963228120917,8
591,40,16,49,6,10.077718304922938,10
592,100,26,43,10,10.06809010239039,16
593,13,23,83,8,10.067954696106945,15
594,44,10,38,3,10.048373138060269,7
595,78,14,46,6,10.036009292919493,8
596,110,13,107,4,10.03472132274693,9
597,27,33,19,10,10.027640210267554,23
598,30,27,84,8,10.023299208241367,19
599,39,23,94,8,10.010545315117422,15
600,95,25,65,9,9.987438820754939,16
601,53,21,12,8,9.979940044053077,13
602,73,18,88,6,9.974203425238965,12
603,48,36,107,13,9.962226694988823,23
604,46,14,90,5,9.960134782518512,9
605,63,45,88,14,9.955054334971098,31
606,38,25,65,10,9.938323564506913,15
607,75,15,29,6,9.923300198268764,9
608,95,10,2,3,9.920312629990502,7
609,63,50,84,19,9.919938234846502,31
610,1,11,57,4,9.916035104284743,7
611,30,18,70,7,9.913973705469937,11
612,54,34,60,11,9.913747967452048,23
613,28,35,75,12,9.910859132469223,23
614,103,21,68,8,9.904114100948439,13
615,76,14,79,4,9.902508098393069,10
616,37,47,54,16,9.896946296790851,31
617,11,14,83,4,9.89615191909491,10
618,110,20,16,7,9.893450419413208,13
619,20,14,29,5,9.888770035938014,9
620,2,17,54,5,9.883928701627934,12
621,49,13,37,5,9.87740902492493,8
622,86,16,67,6,9.87443210558644,10
623,17,15,71,6,9.874078720771614,9
624,75,17,1,5,9.87310906944801,12
625,22,12,27,4,9.866452926590915,8
626,19,26,107,8,9.862329310247874,18
627,51,26,33,7,9.853114112635922,19
628,44,21,13,7,9.844973608163798,14
629,53,10,98,4,9.839111782848335,6
630,9,17,47,6,9.833363334347146,11
631,11,17,9,6,9.83179351941753,11
632,18,12,19,4,9.830216565539352,8
633,54,13,57,3,9.824315369895016,10
634,40,24,17,8,9.815776001763279,16
635,72,17,65,6,9.807260852636885,11
636,114,16,62,6,9.799890996069497,10
637,62,10,93,4,9.798162399200404,6
638,37,24,83,9,9.783726366978417,15
639,107,34,109,11,9.780293176747621,23
640,41,20,49,7,9.757184372315313,13
641,86,21,52,7,9.734029946764755,14
642,8,28,15,11,9.731088036018265,17
643,34,13,103,4,9.722826146619454,9
644,43,19,31,10,9.720852773553682,9
645,75,18,11,7,9.71088785220573,11
646,8,34,114,11,9.69923185832115,23
647,27,41,60,13,9.673912172766146,28
648,78,26,69,9,9.666260825143702,17
649,64,47,60,15,9.66174772613163,32
650,100,12,71,4,9.66068752031631,8
651,101,10,13,3,9.652646543094525,7
652,22,10,114,5,9.649313306364819,5
653,72,17,3,7,9.639566216177295,10
654,41,23,53,8,9.631953807885303,15
655,70,17,109,6,9.623350653501726,11
656,40,12,19,4,9.612489725967157,8
657,99,14,8,6,9.61106559286031,8
658,83,18,84,7,9.609473734372159,11
659,20,18,3,6,9.609062881874223,12
660,8,13,53,4,9.596286006275326,9
661,64,27,112,8,9.595012833071515,19
662,73,20,7,8,9.582485903794176,12
663,27,28,31,12,9.569633624787398,16
664,106,13,108,4,9.535201707134298,9
665,20,11,75,4,9.527707505687719,7
666,48,15,51,7,9.527077025607761,8
667,1,22,31,9,9.525804060927038,13
668,20,32,25,11,9.520523686179052,21
669,18,27,9,9,9.520249042639604,18
670,8,17,36,6,9.51236026695053,11
671,90,14,80,4,9.509239360264802,10
672,114,13,2,5,9.509158562417847,8
673,35,14,51,5,9.503454049542817,9
674,37,22,99,7,9.502759058160713,15
675,37,29,7,11,9.500511382222342,18
676,72,21,68,7,9.500041589935536,14
677,18,11,34,3,9.499952299900604,8
678,18,11,84,4,9.493458888054228,7
679,100,23,29,9,9.47623185346925,14
680,16,47,96,14,9.46295382882651,33
681,55,23,64,7,9.447908212717042,16
682,32,11,63,4,9.44232166344675,7
683,13,15,2,6,9.422510080465486,9
684,68,29,8,11,9.421319919633554,18
685,109,11,36,3,9.390936468630548,8
686,100,28,49,11,9.388414110980033,17
687,28,25,3,9,9.379650958304438,16
688,27,16,4,6,9.3787154159821,10
689,104,21,84,8,9.37162724208143,13
690,98,21,29,7,9.361492261684603,14
691,55,19,23,8,9.354242967773875,11
692,34,10,1,2,9.352578171994336,8
693,1,20,87,8,9.344990956449259,12
694,28,29,2,10,9.34282167881126,19
695,111,15,51,5,9.328246716797016,10
696,77,10,84,3,9.326879307665175,7
697,43,15,9,6,9.316210412036984,9
698,45,10,38,3,9.31109379184883,7
699,100,17,18,7,9.297622647277194,10
700,70,14,29,6,9.28377551108064,8
701,87,37,9,15,9.26416450911469,22
702,20,16,90,6,9.25670480461804,10
703,78,15,53,6,9.245467105519944,9
704,91,23,20,9,9.233435902067152,14
705,30,19,79,6,9.232107450931762,13
706,70,16,69,5,9.227346228401574,11
707,107,21,77,8,9.225690577042375,13
708,58,25,69,10,9.22400899523332,15
709,13,19,6,7,9.21551599242718,12
710,48,16,108,5,9.209950001192905,11
711,93,11,90,4,9.204947446014161,7
712,73,17,40,6,9.199997222971483,11
713,76,13,48,4,9.194425422742503,9
714,81,16,63,6,9.19342956994627,10
715,23,14,91,6,9.188824217195519,8
716,53,14,38,5,9.17946873124013,9
717,15,13,91,6,9.175439096539632,7
718,92,15,40,5,9.168940871834318,10
719,63,14,72,4,9.168022793278983,10
720,16,63,106,21,9.160803291418002,42
721,50,43,5,17,9.156049369840707,26
722,39,25,106,10,9.155969378752744,15
723,16,47,18,16,9.151603438620151,31
724,12,31,13,8,9.11486381285746,23
725,92,11,17,4,9.114563540800457,7
726,109,15,31,5,9.11388757240418,10
727,50,14,72,5,9.105407152633513,9
728,85,20,72,6,9.102410285550633,14
729,50,11,29,4,9.099659473503111,7
730,95,34,8,13,9.079209474058969,21
731,44,29,86,10,9.073857704921485,19
732,39,39,20,16,9.072034476278683,23
733,35,16,45,7,9.040031591861501,9
734,108,29,13,10,9.020970097727641,19
735,109,40,8,16,9.00973208020076,24
736,5,15,36,6,9.008614310253613,9
737,62,13,15,5,9.005083883016919,8
738,86,24,103,8,9.003989208559398,16
739,78,15,80,5,8.990142670025005,10
740,48,13,49,4,8.982680999654853,9
741,28,15,52,6,8.975367013246691,9
742,97,18,36,7,8.970668153566264,11
743,47,20,114,8,8.969382880850322,12
744,11,18,103,5,8.964590297443229,13
745,28,11,32,4,8.963821007682872,7
746,68,30,18,11,8.962998195734913,19
747,11,12,47,4,8.95992036033658,8
748,57,10,98,4,8.957212394612133,6
749,51,26,74,8,8.938947542412073,18
750,73,12,31,4,8.938919570135752,8
751,58,25,13,7,8.93732146966397,18
752,13,47,3,16,8.927384173016812,31
753,13,22,84,7,8.92622496976615,15
754,11,10,91,3,8.923724837318142,7
755,26,10,88,4,8.919527282390282,6
756,110,19,25,6,8.917701672558222,13
757,17,22,60,8,8.913811593594374,14
758,89,15,107,5,8.908975430626485,10
759,7,20,109,7,8.9080321410632,13
760,28,15,27,4,8.90102389348544,11
761,58,13,112,5,8.890258303309274,8
762,100,47,87,20,8.889444548297357,27
763,69,12,97,4,8.888377862411462,8
764,90,23,13,8,8.88376435292604,15
765,49,11,53,4,8.876928289416245,7
766,32,15,87,5,8.84415502943487,10
767,20,10,12,4,8.842914423325947,6
768,103,12,60,4,8.837707887288412,8
769,85,17,50,6,8.828432540960762,11
770,18,26,8,8,8.824824520647518,18
771,63,19,36,7,8.822881427312195,12
772,17,15,29,6,8.822347297259922,9
773,36,18,47,6,8.810892372607714,12
774,26,22,13,7,8.80503643851318,15
775,106,10,42,3,8.802546839644418,7
776,41,17,28,6,8.792780130820773,11
777,34,19,51,7,8.790432491258223,12
778,26,11,107,4,8.789963547813727,7
779,77,14,99,4,8.784719144285264,10
780,106,23,18,8,8.778191080978742,15
781,16,27,1,8,8.777340054296328,19
782,63,35,76,12,8.770301604790541,23
783,70,17,64,5,8.763483643924099,12
784,13,47,43,20,8.748040866024683,27
785,38,14,106,7,8.74501943352997,7
786,4,22,17,7,8.727735068009611,15
787,58,10,45,4,8.721721801464442,6
788,45,15,86,6,8.710518828201982,9
789,28,28,68,9,8.707268087933773,19
790,63,35,20,14,8.705248065274409,21
791,29,10,104,4,8.703420471548787,6
792,63,17,94,6,8.684130864326548,11
793,9,31,31,11,8.678153869820548,20
794,85,10,98,3,8.673802483900154,7
795,30,46,39,18,8.659556648893075,28
796,27,17,35,6,8.6459310555496,11
797,41,19,97,7,8.638943706099205,12
798,1,24,65,10,8.63311694974403,14
799,52,14,8,5,8.604892023476825,9
800,65,44,93,18,8.591281807406075,26
801,3,12,79,4,8.584201510329166,8
802,108,13,68,5,8.580585833252007,8
803,15,28,87,11,8.577043995564738,17
804,95,23,55,8,8.575006509864881,15
805,48,11,104,4,8.568096491349037,7
806,78,31,87,12,8.566365684906144,19
807,41,12,80,4,8.558761558111074,8
808,65,15,66,5,8.555650294431567,10
809,85,14,94,5,8.552595966201732,9
810,78,11,36,4,8.552435160203329,7
811,43,21,15,8,8.551961630209385,13
812,94,11,2,4,8.55058688518052,7
813,94,12,35,5,8.545638882275087,7
814,53,20,61,6,8.524850655507478,14
815,91,10,45,4,8.504304930616431,6
816,64,28,40,10,8.496071624321134,18
817,72,18,19,6,8.493590060634437,12
818,16,39,69,14,8.493540371651171,25
819,74,14,77,5,8.485489523270209,9
820,55,14,85,5,8.476039600481302,9
821,114,24,3,8,8.461132150785255,16
822,17,14,3,6,8.451772944173685,8
823,15,13,53,5,8.45144556317874,8
824,95,14,96,5,8.45037398259218,9
825,102,36,86,13,8.44767989650495,23
826,96,24,70,11,8.437417991026262,13
827,55,20,114,7,8.432483182241098,13
828,78,23,49,9,8.426688643772591,14
829,73,19,90,7,8.424101991862472,12
830,38,13,54,5,8.421224564929705,8
831,41,12,102,4,8.421036787338009,8
832,50,21,102,9,8.41869338516401,12
833,30,19,109,6,8.412064836650702,13
834,109,14,67,7,8.410228891959628,7
835,50,15,49,6,8.40006051428583,9
836,67,10,104,4,8.393331116483226,6
837,81,22,16,8,8.387289153423298,14
838,63,21,69,7,8.37549216391354,14
839,7,45,25,16,8.37280661834829,29
840,16,89,39,34,8.367441546204288,55
841,7,22,5,8,8.357081514884824,14
842,30,24,11,9,8.35702742377485,15
843,112,11,103,4,8.356502631162586,7
844,41,32,31,12,8.353957395244583,20
845,48,25,96,9,8.343995751105187,16
846,41,18,89,6,8.343817044091754,12
847,75,20,100,9,8.340891834618304,11
848,8,29,84,10,8.33757645831541,19
849,11,17,43,7,8.337157960814991,10
850,27,15,98,6,8.326557443258316,9
851,39,64,68,25,8.325099994247493,39
852,25,15,9,5,8.323455878342044,10
853,77,34,51,14,8.314942339069212,20
854,90,13,48,5,8.30973168111364,8
855,13,30,94,11,8.309149852706643,19
856,104,15,81,7,8.308547186806486,8
857,86,17,56,6,8.300855291965847,11
858,80,37,107,13,8.299020714394803,24
859,8,21,41,7,8.297019486473621,14
860,62,25,51,9,8.29420596231645,16
861,41,46,86,16,8.290720857944356,30
862,90,31,106,10,8.283845461248372,21
863,41,18,91,6,8.276671952774393,12
864,12,13,4,4,8.273106784367055,9
865,60,27,12,13,8.272507940470259,14
866,112,20,29,8,8.267925911244141,12
867,37,12,14,5,8.266467835075433,7
868,78,12,77,4,8.263256746815394,8
869,27,10,33,4,8.23263367056154,6
870,69,21,106,8,8.230262561693124,13
871,99,10,71,4,8.22496630028886,6
872,19,11,102,3,8.222044886202713,8
873,112,14,40,6,8.221202026655053,8
874,107,22,102,9,8.213723175398458,13
875,19,12,81,4,8.209122729395707,8
876,87,24,93,9,8.20135369004028,15
877,74,25,39,10,8.195535087876927,15
878,63,11,89,3,8.19292788894577,8
879,85,11,57,4,8.190900220308931,7
880,1,15,12,6,8.176621160250441,9
881,47,15,81,5,8.165398445346261,10
882,76,20,9,7,8.161384986883023,13
883,33,17,20,6,8.157924685534635,11
884,18,16,112,5,8.155957753880719,11
885,16,44,9,15,8.147460704640702,29
886,4,10,112,4,8.145974306589784,6
887,56,14,107,6,8.142413744294045,8
888,94,26,12,11,8.140749889064372,15
889,20,11,110,4,8.125291114928716,7
890,81,11,111,3,8.120062859865854,8
891,34,16,74,5,8.118744758398414,11
892,63,26,109,11,8.110737293175296,15
893,74,15,48,7,8.108554922899495,8
894,88,19,112,7,8.10654244906666,12
895,3,10,85,5,8.102330604310952,5
896,38,17,19,5,8.100688864380347,12
897,47,16,69,6,8.099464940788463,10
898,62,22,3,8,8.097641840111365,14
899,95,11,49,3,8.095998639719067,8
900,37,42,46,14,8.09589581959515,28
901,60,30,50,13,8.087484578525554,17
902,43,17,4,7,8.083539648296872,10
903,8,61,5,24,8.080732178020162,37
904,89,12,74,5,8.079770785030162,7
905,110,16,97,6,8.077466293642946,10
906,50,18,70,8,8.072010588554935,10
907,53,13,46,5,8.064750592390656,8
908,51,15,91,5,8.060157448942936,10
909,35,10,15,5,8.056529361763387,5
910,20,36,84,11,8.04861670328596,25
911,84,34,39,14,8.036646698196414,20
912,16,45,46,16,8.034750190065967,29
913,86,48,76,19,8.03219864248803,29
914,27,30,77,11,8.032141685881747,19
915,75,41,50,14,8.02466935745211,27
916,63,12,52,5,8.015196003418383,7
917,35,11,9,5,8.012816785902409,6
918,76,16,114,5,8.01045549406789,11
919,91,31,98,12,8.010154956050265,19
920,94,14,109,6,8.009498456364241,8
921,41,18,81,6,8.009042710590082,12
922,39,42,88,16,8.004378009209994,26
923,30,61,16,22,7.999205444161156,39
924,46,15,29,8,7.998285412892301,7
925,102,19,96,7,7.9956311609664965,12
926,44,22,6,7,7.994067314889742,15
927,13,16,70,6,7.990308468406848,10
928,5,28,84,11,7.986435375626319,17
929,112,26,76,11,7.979151678151438,15
930,48,11,89,3,7.971806233433707,8
931,65,25,5,10,7.967561696591304,15
932,23,21,39,8,7.9630880242589255,13
933,111,17,63,7,7.959677987637777,10
934,39,96,51,37,7.95793020887776,59
935,43,37,94,15,7.950393521522252,22
936,15,14,50,5,7.9487960460355565,9
937,73,17,87,5,7.942207150258419,12
938,3,19,77,8,7.941774906534551,11
939,98,25,49,9,7.940831114729232,16
940,33,24,107,10,7.9345080318988535,14
941,54,22,18,9,7.917650548154775,13
942,60,18,58,7,7.916808592208974,11
943,6,14,61,5,7.915350050859163,9
944,88,10,82,4,7.912578083642496,6
945,71,13,38,4,7.906029048659733,9
946,78,11,31,5,7.904414780494012,6
947,53,14,90,5,7.90103229929259,9
948,34,16,49,6,7.874233887754072,10
949,114,25,90,10,7.8701656835045455,15
950,54,50,109,18,7.869056499943001,32
951,108,15,98,6,7.863072789163925,9
952,8,28,57,10,7.860442137970452,18
953,44,12,35,5,7.859665557157517,7
954,106,26,91,9,7.859341034872018,17
955,53,19,109,7,7.841205358929896,12
956,88,27,3,10,7.840747549885402,17
957,114,20,1,7,7.837742070296788,13
958,78,25,8,9,7.83519422577091,16
959,2,33,107,12,7.828664599470127,21
960,11,29,109,10,7.82409363266079,19
961,25,46,46,19,7.8204011950255445,27
962,78,40,51,18,7.812466675810397,22
963,114,12,110,4,7.80031681097971,8
964,50,15,48,5,7.798532000224024,10
965,47,10,111,4,7.786638633209644,6
966,92,14,114,4,7.774797164908212,10
967,70,11,58,4,7.770674052024907,7
968,50,22,18,9,7.758401768064157,13
969,53,11,73,4,7.756297558195456,7
970,37,49,25,20,7.755599308877524,29
971,16,32,64,11,7.754231430905149,21
972,73,13,54,5,7.746921178252216,8
973,100,30,54,11,7.744879226333448,19
974,30,13,52,5,7.7446162681829085,8
975,44,11,84,5,7.741464370739849,6
976,15,15,1,5,7.73306575970013,10
977,76,12,72,4,7.731997605583364,8
978,16,14,101,5,7.729447625525014,9
979,16,117,88,43,7.713333434358432,74
980,75,61,68,22,7.698232004910781,39
981,86,28,1,11,7.69668031791366,17
982,111,25,7,10,7.69032342577198,15
983,5,32,11,12,7.687442157533876,20
984,50,35,55,15,7.677574556383833,20
985,68,56,87,22,7.67699951746612,34
986,72,10,104,4,7.673968450836452,6
987,103,15,84,7,7.669643891974181,8
988,37,29,38,11,7.668156637885108,18
989,28,22,62,9,7.6671820736148195,13
990,37,24,96,10,7.665844925696509,14
991,107,27,35,9,7.659745377736294,18
992,33,13,31,6,7.647223417443057,7
993,70,11,60,4,7.6464357490262,7
994,97,29,5,10,7.639418302115124,19
995,28,22,19,8,7.627099764741291,14
996,58,33,107,12,7.625797489132001,21
997,79,16,57,7,7.6219691678766015,9
998,71,14,27,5,7.62097447229337,9
999,54,22,72,8,7.618738189484298,14
1000,60,32,69,14,7.613845124007755,18
1001,54,18,58,8,7.606404400860017,10
1002,54,79,88,30,7.59594185423803,49
1003,16,41,3,15,7.595830341109347,26
1004,18,20,36,8,7.5949028785012285,12
1005,58,18,88,7,7.5880987725104365,11
1006,72,10,36,4,7.585561627806539,6
1007,28,31,114,13,7.584853881328923,18
1008,46,12,77,5,7.574271980014295,7
1009,34,14,5,4,7.5706698448560905,10
1010,40,66,68,24,7.5703219943157025,42
1011,97,24,51,8,7.56785294854944,16
1012,75,23,49,9,7.565086245339055,14
1013,60,19,45,8,7.562934672858015,11
1014,87,38,40,16,7.562449238427529,22
1015,16,72,63,28,7.561421037601967,44
1016,87,42,19,16,7.560022974706667,26
1017,62,19,8,6,7.55716481128499,13
1018,49,13,55,5,7.545834219734257,8
1019,85,10,46,3,7.538229298143679,7
1020,17,15,77,6,7.533332094576503,9
1021,33,16,7,7,7.532188482638043,9
1022,6,11,55,3,7.526848268362216,8
1023,7,52,87,19,7.517208318589072,33
1024,85,11,47,3,7.514718359567323,8
1025,104,18,69,6,7.510735223332435,12
1026,70,14,36,6,7.476080415111229,8
1027,108,15,63,6,7.475559971035058,9
1028,64,37,31,14,7.4738922265185375,23
1029,38,13,57,6,7.472873149275028,7
1030,110,18,39,6,7.464111416570426,12
1031,45,12,53,5,7.463487107897495,7
1032,16,70,27,27,7.460876096242595,43
1033,100,12,70,5,7.458777129644957,7
1034,37,21,110,9,7.457046552670356,12
1035,46,30,75,12,7.449361290092638,18
1036,11,12,71,5,7.444969376445684,7
1037,23,29,76,12,7.436023306139676,17
1038,88,13,103,5,7.429730837512919,8
1039,47,15,28,6,7.412518705302231,9
1040,36,34,41,16,7.412500474371832,18
1041,108,22,88,8,7.409334471097551,14
1042,70,30,20,11,7.408681007686702,19
1043,43,17,84,7,7.4028714682915195,10
1044,1,10,5,4,7.391988711274886,6
1045,39,16,103,6,7.390898760801676,10
1046,50,29,71,12,7.386130219514862,17
1047,23,15,57,6,7.378386377329167,9
1048,34,21,30,8,7.377448858621609,13
1049,71,19,81,7,7.374213709282583,12
1050,73,10,71,4,7.37323406519455,6
1051,31,14,80,4,7.367135464628976,10
1052,25,16,33,5,7.36592627296452,11
1053,77,10,114,4,7.3654772203978025,6
1054,73,25,8,10,7.35879002547718,15
1055,17,19,9,8,7.3581791578689,11
1056,48,24,79,9,7.345817828277461,15
1057,23,18,114,6,7.344942637597016,12
1058,40,41,104,15,7.342291894534163,26
1059,75,16,2,7,7.332326563651873,9
1060,57,23,63,10,7.330641846184261,13
1061,30,55,65,21,7.324225650643185,34
1062,70,42,5,17,7.323141246130927,25
1063,16,20,93,9,7.319623013756245,11
1064,47,16,15,7,7.310604549956416,9
1065,64,40,51,16,7.308174860870214,24
1066,54,33,40,13,7.298767912387551,20
1067,43,31,40,13,7.2876910701836355,18
1068,9,20,104,8,7.285236260424962,12
1069,97,16,29,6,7.284915525257299,10
1070,13,20,98,7,7.284404613166717,13
1071,27,30,57,13,7.276905536388938,17
1072,30,15,102,6,7.275971643900754,9
1073,55,20,68,7,7.273979151335479,13
1074,106,13,57,6,7.272492874678534,7
1075,84,25,29,10,7.268682540682646,15
1076,62,10,96,3,7.268496266352443,7
1077,110,16,70,6,7.267896542251015,10
1078,20,17,98,6,7.267496359610282,11
1079,63,14,10,5,7.2617205803599045,9
1080,75,19,81,7,7.259552889264539,12
1081,86,30,79,11,7.258463117259926,19
1082,87,29,91,11,7.256753645120718,18
1083,69,12,96,4,7.252755690648875,8
1084,13,62,106,24,7.247428424926188,38
1085,31,14,5,5,7.246607645789562,9
1086,114,27,40,9,7.240772461331043,18
1087,57,17,43,5,7.238205116611836,12
1088,27,53,87,21,7.222950884628678,32
1089,11,30,68,12,7.21729133144909,18
1090,109,18,38,6,7.214677628322452,12
1091,39,24,112,10,7.2004424467224935,14
1092,17,11,48,5,7.198036653114912,6
1093,109,13,22,5,7.1904728762162415,8
1094,8,58,63,24,7.184592805665557,34
1095,39,33,43,14,7.179919496295487,19
1096,18,11,62,4,7.178564522913039,7
1097,36,16,112,6,7.175574629533441,10
1098,98,41,86,17,7.171894084868247,24
1099,30,13,61,5,7.1697153559652405,8
1100,114,19,57,7,7.16817977917647,12
1101,34,14,65,6,7.161205115873211,8
1102,60,19,66,6,7.156208645562963,13
1103,27,41,78,14,7.151168370493374,27
1104,29,14,37,6,7.147246302868531,8
1105,16,21,58,8,7.146478934871438,13
1106,84,18,19,7,7.145362039647056,11
1107,111,12,69,5,7.144443379259755,7
1108,5,17,60,6,7.144002600647477,11
1109,40,50,55,19,7.142420946012768,31
1110,62,11,38,4,7.131662703916968,7
1111,76,44,51,16,7.128483485487743,28
1112,67,12,107,4,7.124134838046416,8
1113,86,81,96,31,7.122290387606644,50
1114,76,37,68,11,7.121413203206496,26
1115,86,30,83,10,7.114862976089345,20
1116,45,33,7,13,7.114147641228475,20
1117,1,10,45,4,7.100044646871245,6
1118,38,14,17,6,7.099034060595348,8
1119,30,26,64,10,7.0955835601535755,16
1120,34,26,8,10,7.095056358065477,16
1121,16,37,76,17,7.08252034451718,20
1122,78,15,20,6,7.08000959239918,9
1123,28,35,70,14,7.078735797739843,21
1124,85,10,53,3,7.0781457464371815,7
1125,102,14,98,6,7.075813129571894,8
1126,99,18,36,6,7.061516094995872,12
1127,65,16,73,6,7.056062739811479,10
1128,12,31,107,11,7.045895930951493,20
1129,17,14,19,5,7.043328257314956,9
1130,55,25,97,9,7.041738062020972,16
1131,72,11,114,5,7.039741382461145,6
1132,37,19,27,7,7.034792767414984,12
1133,89,13,13,6,7.027546797235386,7
1134,95,15,40,6,7.026458120737083,9
1135,89,14,104,6,7.025402807656734,8
1136,87,27,53,12,7.022639512769477,15
1137,63,25,38,8,7.013791456544735,17
1138,100,26,88,10,7.011170785862745,16
1139,40,13,69,4,7.0067178601682825,9
1140,27,48,65,18,7.003878479382607,30
1141,93,26,54,9,7.002072182522706,17
1142,79,14,54,5,6.993661154009002,9
1143,62,15,5,6,6.992708759597391,9
1144,111,23,13,10,6.988942249892523,13
1145,76,25,49,10,6.98773723731793,15
1146,17,20,55,9,6.987444025974705,11
1147,53,30,30,12,6.984989750265453,18
1148,18,23,97,9,6.965163575719862,14
1149,108,10,78,4,6.96488712458409,6
1150,16,34,36,13,6.9623095532486845,21
1151,111,15,39,6,6.960860011711801,9
1152,85,13,88,5,6.960388600870984,8
1153,32,18,104,6,6.95922508638955,12
1154,90,20,63,8,6.95733483322538,12
1155,62,24,68,10,6.956994474454218,14
1156,4,25,51,9,6.952578906103857,16
1157,13,39,69,15,6.9462738533889254,24
1158,16,71,55,26,6.944141739769256,45
1159,107,37,49,15,6.94276488647585,22
1160,99,12,88,5,6.93913123202866,7
1161,75,19,30,8,6.923427737676235,11
1162,30,27,88,12,6.912331454040787,15
1163,85,17,13,6,6.90570853932126,11
1164,28,17,29,7,6.905526522456791,10
1165,58,21,68,8,6.90465268486649,13
1166,107,33,62,15,6.902263747551283,18
1167,72,10,60,4,6.902146483608275,6
1168,29,17,34,7,6.901880092833004,10
1169,48,32,87,12,6.894587068096888,20
1170,76,16,88,7,6.891817282335726,9
1171,39,24,77,10,6.887113743178641,14
1172,106,15,99,5,6.882359612487447,10
1173,34,12,38,4,6.8714448233593854,8
1174,3,12,98,6,6.866274172778351,6
1175,60,43,4,19,6.864343045215706,24
1176,108,18,60,7,6.856532886501664,11
1177,80,16,64,7,6.852980882061022,9
1178,7,99,51,37,6.849475435937799,62
1179,86,103,51,44,6.846361424776973,59
1180,34,23,87,9,6.8397794205744455,14
1181,95,25,106,9,6.830338155584792,16
1182,68,69,31,28,6.821634358561019,41
1183,56,13,4,6,6.816273515879696,7
1184,71,50,13,21,6.804323620324037,29
1185,3,17,50,7,6.801357099943921,10
1186,28,16,49,7,6.801284823553003,9
1187,108,23,87,9,6.799580586486788,14
1188,55,10,31,4,6.798197972656263,6
1189,2,14,38,6,6.792448237787324,8
1190,30,29,55,11,6.783077806970957,18
1191,62,27,88,11,6.777372044873373,16
1192,47,41,13,16,6.770499309500956,25
1193,33,17,50,7,6.750798742645294,10
1194,86,54,97,22,6.749652418711037,32
1195,94,10,71,4,6.748460655059317,6
1196,45,13,68,5,6.747691137383071,8
1197,13,17,103,6,6.744973319522147,11
1198,109,16,77,7,6.740921250069302,9
1199,84,26,48,10,6.7407911051084906,16
1200,18,10,29,3,6.739197778395282,7
1201,40,14,78,4,6.732885786530082,10
1202,74,38,96,14,6.731828732252355,24
1203,14,13,95,5,6.731405281187272,8
1204,43,35,87,14,6.730845940361079,21
1205,49,30,19,12,6.718810848761973,18
1206,65,10,32,4,6.718474357729474,6
1207,11,32,57,15,6.716732601176401,17
1208,28,35,97,13,6.716635909782017,22
1209,83,15,74,7,6.703298030488857,8
1210,63,25,23,9,6.701335055503612,16
1211,10,18,86,8,6.698064905065153,10
1212,111,11,106,3,6.697425895741327,8
1213,69,23,57,8,6.689265645795012,15
1214,27,41,3,18,6.68630734889642,23
1215,62,19,19,6,6.685567597090416,13
1216,100,35,27,15,6.682080661689303,20
1217,85,20,54,7,6.664179187550933,13
1218,10,12,57,4,6.658857003244836,8
1219,100,26,112,11,6.657009441791047,15
1220,83,11,71,5,6.656205380333864,6
1221,71,19,37,8,6.653996053488669,11
1222,32,26,5,10,6.647447060451906,16
1223,86,38,17,17,6.641619574926921,21
1224,4,30,65,12,6.6356003955737535,18
1225,51,59,63,26,6.63251126869638,33
1226,39,22,37,9,6.632156694863052,13
1227,25,48,5,19,6.626414170343125,29
1228,74,38,46,14,6.622188071735937,24
1229,85,10,75,3,6.61929344121288,7
1230,20,21,68,9,6.619136630374984,12
1231,23,14,30,6,6.618468991829208,8
1232,72,16,49,6,6.6178168456882505,10
1233,102,13,17,5,6.612407855965594,8
1234,64,31,63,13,6.5953519944401675,18
1235,86,23,72,9,6.590338252279378,14
1236,27,11,101,4,6.582303845846212,7
1237,69,10,48,5,6.577798378248737,5
1238,53,26,114,11,6.571088082289226,15
1239,87,38,41,15,6.565435830949095,23
1240,23,41,60,16,6.554903657283495,25
1241,16,56,100,22,6.550419487872445,34
1242,106,32,23,15,6.549055396089171,17
1243,28,16,12,6,6.545963713857721,10
1244,54,58,70,23,6.543056803225659,35
1245,91,13,80,5,6.531108694088673,8
1246,13,35,37,14,6.522302273576749,21
1247,100,25,63,11,6.506283863039737,14
1248,74,29,55,12,6.503619546467787,17
1249,90,11,102,6,6.502237322589002,5
1250,18,10,103,3,6.501498615339008,7
1251,107,46,53,18,6.492903474758714,28
1252,70,20,9,7,6.477071321597407,13
1253,89,10,55,4,6.472799854469153,6
1254,98,11,68,4,6.4699276959750645,7
1255,104,38,60,12,6.467802328258811,26
1256,98,13,12,5,6.466454254397779,8
1257,8,20,91,8,6.453847873736644,12
1258,6,10,28,4,6.452419128804086,6
1259,49,30,60,12,6.4470165231393155,18
1260,4,20,87,7,6.445923142452618,13
1261,13,47,23,21,6.43409734894195,26
1262,39,29,29,13,6.43337139021588,16
1263,69,18,94,7,6.432434124144747,11
1264,15,24,81,10,6.430856839870599,14
1265,40,16,33,5,6.427211772717694,11
1266,96,23,80,9,6.423400971659428,14
1267,91,18,54,8,6.414686940093468,10
1268,34,17,68,7,6.413670809676438,10
1269,106,13,77,6,6.407119934187455,7
1270,80,20,37,8,6.401050818487373,12
1271,104,38,55,15,6.394473965912867,23
1272,33,13,96,7,6.392035038140808,6
1273,64,12,33,4,6.376020245344582,8
1274,57,12,50,4,6.36698198689182,8
1275,7,21,56,9,6.361794853449644,12
1276,64,19,43,8,6.3596171770522805,11
1277,92,13,27,6,6.356396578041118,7
1278,100,14,85,6,6.350178495118572,8
1279,85,17,96,5,6.345069391274802,12
1280,62,22,40,11,6.34058891485694,11
1281,15,24,18,9,6.3402318230961585,15
1282,63,36,13,15,6.3369049290275825,21
1283,104,53,28,22,6.32950196987021,31
1284,72,23,27,10,6.314631353195722,13
1285,43,35,86,13,6.300719177282558,22
1286,76,20,94,7,6.29880756689131,13
1287,30,24,37,9,6.294754233158861,15
1288,54,13,3,6,6.2904200663200225,7
1289,29,14,93,6,6.281843189307092,8
1290,12,14,43,5,6.280233018622484,9
1291,86,21,4,8,6.2794844995496994,13
1292,94,11,75,4,6.272377467555882,7
1293,20,45,5,17,6.270373633442785,28
1294,15,12,95,5,6.265255655621163,7
1295,112,12,79,5,6.244469819410295,7
1296,114,48,5,20,6.237633533478721,28
1297,8,31,9,15,6.234041807874366,16
1298,104,41,50,16,6.230364171354915,25
1299,16,42,91,15,6.227187272730326,27
1300,11,14,12,5,6.2259457729017535,9
1301,107,65,104,26,6.21771215256008,39
1302,114,24,70,9,6.2146226206029915,15
1303,35,15,84,6,6.209299301194261,9
1304,74,28,70,13,6.203999405338755,15
1305,63,28,2,12,6.200018491851485,16
1306,91,12,71,5,6.187474142289449,7
1307,80,10,93,5,6.175234905241036,5
1308,13,47,36,18,6.167141158071529,29
1309,50,11,81,5,6.158903696641065,6
1310,75,27,47,9,6.156969718274411,18
1311,8,43,46,19,6.150181022589489,24
1312,81,20,69,9,6.146413520084445,11
1313,27,17,55,6,6.127925060038187,11
1314,25,35,88,12,6.123879676950231,23
1315,100,53,86,24,6.117409180007821,29
1316,78,19,34,8,6.117178419740957,11
1317,81,13,31,4,6.117159791325403,9
1318,72,13,77,6,6.113577824682306,7
1319,103,12,12,6,6.109815671857383,6
1320,90,12,7,5,6.108519045195328,7
1321,16,13,10,5,6.102410867550438,8
1322,10,13,87,5,6.098821416398097,8
1323,62,16,69,7,6.098141811871047,9
1324,54,11,47,5,6.095812400128514,6
1325,26,10,16,4,6.090476145744292,6
1326,111,23,107,11,6.08814286411973,12
1327,23,27,41,11,6.068042449918637,16
1328,28,34,102,14,6.058897913934129,20
1329,39,14,14,6,6.04933667985342,8
1330,63,24,18,9,6.046455003215173,15
1331,70,15,93,6,6.04469500542117,9
1332,8,16,32,7,6.041444852098721,9
1333,7,24,98,9,6.0336860037819795,15
1334,75,31,31,14,6.033482134287373,17
1335,91,17,50,6,6.027790824025911,11
1336,95,20,46,8,6.027785407812038,12
1337,13,70,87,27,6.0268501593191335,43
1338,108,28,51,12,6.026136385597758,16
1339,80,33,55,15,6.024950901743931,18
1340,98,24,37,10,6.023716027404386,14
1341,103,17,17,6,6.022913063656272,11
1342,104,10,66,3,6.003633019032884,7
1343,37,19,100,7,6.000890669706824,12
1344,27,24,53,9,5.998700640401428,15
1345,102,18,88,6,5.993430232263083,12
1346,114,25,31,11,5.991876520395493,14
1347,98,20,84,7,5.988889731578423,13
1348,3,18,112,8,5.982408727156935,10
1349,64,20,18,8,5.974775055211904,12
1350,102,21,87,8,5.971447061156249,13
1351,86,91,88,37,5.970133722091812,54
1352,94,16,60,6,5.96995097961143,10
1353,97,18,40,7,5.966918416140386,11
1354,68,52,53,21,5.964244334939563,31
1355,41,13,96,4,5.964160956043953,9
1356,81,39,13,15,5.950970026042707,24
1357,97,12,10,6,5.950831581917705,6
1358,65,37,29,16,5.950290217119017,21
1359,28,15,53,6,5.9457443646332715,9
1360,49,12,33,4,5.9430630012189605,8
1361,74,10,43,5,5.941779824004124,5
1362,57,15,40,6,5.936628176580016,9
1363,8,18,33,7,5.930528749487397,11
1364,73,20,114,8,5.924435121305103,12
1365,109,27,55,13,5.923431655873009,14
1366,75,14,93,6,5.923243043930715,8
1367,78,22,7,10,5.919551023484503,12
1368,93,10,63,4,5.9175632502755855,6
1369,84,27,57,13,5.910397185802947,14
1370,64,19,11,6,5.899295375988791,13
1371,75,59,107,20,5.896729059645907,39
1372,54,12,103,4,5.896465334872947,8
1373,101,15,68,5,5.8919398867497925,10
1374,74,34,84,16,5.891399521581718,18
1375,17,16,43,7,5.888801333071096,9
1376,65,48,20,18,5.88795471662986,30
1377,100,66,51,30,5.8864891279435705,36
1378,46,12,36,5,5.882094180819339,7
1379,97,27,68,11,5.880460614845399,16
1380,28,12,31,5,5.87633787823225,7
1381,62,17,9,7,5.86600144742425,10
1382,54,36,95,16,5.865979569344106,20
1383,34,17,7,7,5.863504951401833,10
1384,7,20,112,8,5.8633899504874805,12
1385,55,61,65,26,5.858765777581566,35
1386,80,12,79,6,5.851472407179256,6
1387,108,10,65,5,5.847992745343311,5
1388,76,18,29,9,5.840323373706845,9
1389,69,36,86,15,5.8376581842462185,21
1390,28,17,94,6,5.821481138029022,11
1391,40,16,5,7,5.820527251695649,9
1392,108,11,15,4,5.8159592902485935,7
1393,79,13,20,5,5.810117746469002,8
1394,16,52,37,22,5.806896201742738,30
1395,8,19,98,7,5.806615359942183,12
1396,10,11,106,3,5.8036728949329275,8
1397,91,19,31,7,5.801858258461766,12
1398,98,26,63,11,5.795644107915217,15
1399,87,33,57,13,5.791678088056652,20
1400,78,29,60,13,5.785028437429672,16
1401,85,13,112,5,5.770596297207225,8
1402,11,23,98,10,5.7667243230281455,13
1403,13,19,76,8,5.766341264416831,11
1404,61,10,54,4,5.763750710129652,6
1405,58,13,53,7,5.756559382638666,6
1406,23,13,47,5,5.755142063292807,8
1407,65,26,76,9,5.7526192086599215,17
1408,36,12,77,5,5.751140829309578,7
1409,19,11,80,4,5.749943576584892,7
1410,41,19,19,7,5.745349966804544,12
1411,40,50,39,20,5.739978674185262,30
1412,25,42,106,16,5.73768822242091,26
1413,104,30,100,12,5.731738576312734,18
1414,13,48,25,22,5.729332953997915,26
1415,45,14,9,5,5.727853500458987,9
1416,25,26,51,11,5.72613511284895,15
1417,98,13,17,6,5.723425305113809,7
1418,100,35,19,14,5.720095567132615,21
1419,41,18,37,7,5.716493275276269,11
1420,68,18,109,6,5.704488776223907,12
1421,60,23,96,7,5.703006464112349,16
1422,53,17,62,7,5.701449545318567,10
1423,23,13,50,4,5.694114757145069,9
1424,70,10,32,5,5.692479372096213,5
1425,106,46,5,18,5.689619439430471,28
1426,35,21,40,8,5.6891402135768585,13
1427,8,69,87,29,5.688296090006097,40
1428,28,37,9,17,5.685359581946875,20
1429,102,10,95,4,5.685319962340818,6
1430,94,10,25,5,5.671887186214519,5
1431,75,39,37,14,5.670197882049105,25
1432,16,31,99,13,5.665818337043021,18
1433,54,11,82,4,5.664278302313932,7
1434,29,31,19,12,5.662425479491279,19
1435,27,14,38,5,5.656535392965307,9
1436,20,44,16,16,5.653886889078911,28
1437,9,13,61,5,5.652969843590383,8
1438,78,16,98,7,5.650561601828994,9
1439,4,10,97,4,5.649870700339136,6
1440,39,13,97,5,5.649731064357227,8
1441,73,23,74,9,5.649045009007229,14
1442,30,28,104,13,5.647296722607987,15
1443,107,38,43,15,5.64566627030258,23
1444,109,16,46,7,5.636528034552769,9
1445,75,43,9,17,5.6326941278183265,26
1446,86,28,73,13,5.62531345595925,15
1447,5,21,17,7,5.625033929201379,14
1448,19,10,5,4,5.623378775596127,6
1449,27,29,94,12,5.623295613222735,17
1450,9,24,84,10,5.622843694169622,14
1451,95,26,50,11,5.619957219349123,15
1452,68,26,91,12,5.61946637277209,14
1453,38,20,84,9,5.614806649443392,11
1454,30,14,90,6,5.614315415339312,8
1455,62,12,64,6,5.60460737576113,6
1456,70,17,98,6,5.604121247592221,11
1457,49,24,65,10,5.599559831731962,14
1458,20,38,96,15,5.591064360306499,23
1459,76,20,27,8,5.589652461713723,12
1460,104,81,65,35,5.584887655129079,46
1461,89,13,53,6,5.5817208357882135,7
1462,14,14,88,6,5.580858903619985,8
1463,20,22,44,9,5.576158683247874,13
1464,7,23,38,10,5.57543888103377,13
1465,33,11,69,5,5.570249760193638,6
1466,31,10,95,4,5.5581891593402775,6
1467,13,30,95,13,5.556983808516705,17
1468,46,11,4,5,5.55622187464566,6
1469,107,61,20,26,5.555959949322172,35
1470,69,16,54,7,5.552096999235811,9
1471,8,41,25,16,5.550067480025434,25
1472,29,27,27,10,5.549980766187384,17
1473,36,53,31,23,5.548564460468652,30
1474,29,16,23,7,5.547160957253139,9
1475,25,18,84,7,5.5466876181289715,11
1476,20,22,2,9,5.544865436021075,13
1477,40,23,27,12,5.543091094529359,11
1478,68,15,33,6,5.539648915480052,9
1479,64,21,23,9,5.538877575953661,12
1480,100,20,76,9,5.5369678710761505,11
1481,69,10,61,3,5.533585070892797,7
1482,16,22,14,9,5.533520092369799,13
1483,11,13,81,5,5.532252988240377,8
1484,64,11,102,4,5.525256448935202,7
1485,33,14,102,6,5.525239013163607,8
1486,28,33,7,13,5.522079859732702,20
1487,41,23,77,9,5.516823467776125,14
1488,87,59,37,24,5.516733087496062,35
1489,95,19,83,7,5.510188596504647,12
1490,32,13,109,6,5.5080518973086185,7
1491,2,13,40,5,5.504797437287729,8
1492,65,63,88,24,5.504651676674426,39
1493,44,15,64,6,5.503275136525506,9
1494,16,27,38,9,5.5014358332432725,18
1495,67,10,102,4,5.49724656177184,6
1496,104,15,12,6,5.493566820804523,9
1497,16,88,8,36,5.4773442565485295,52
1498,100,22,25,10,5.476003695191372,12
1499,63,14,61,5,5.475415218119487,9
1500,31,13,74,5,5.468299370651384,8
1501,107,61,55,26,5.466942546789647,35
1502,13,34,77,14,5.465932973197147,20
1503,5,31,51,11,5.465657211287606,20
1504,89,15,88,7,5.460084177073363,8
1505,71,14,76,7,5.456476326439047,7
1506,75,43,71,16,5.454468163058883,27
1507,97,18,57,8,5.45235309786646,10
1508,85,25,84,9,5.439743670520439,16
1509,11,22,35,9,5.438647022198639,13
1510,71,29,68,11,5.435653336862236,18
1511,42,13,69,6,5.432900919803646,7
1512,72,20,87,9,5.432670870935055,11
1513,16,43,43,17,5.430594228539035,26
1514,104,33,63,14,5.422500590286895,19
1515,104,38,25,17,5.422383455319629,21
1516,81,16,27,7,5.409370401628339,9
1517,4,11,58,4,5.405037105567146,7
1518,94,19,54,8,5.400351319426252,11
1519,54,31,90,13,5.397442007333916,18
1520,13,35,1,13,5.395737230218575,22
1521,16,107,65,45,5.387920111046627,62
1522,103,23,19,10,5.3804273807942185,13
1523,16,99,87,42,5.370174335296233,57
1524,87,25,97,9,5.363797229057477,16
1525,75,30,63,13,5.362343223381901,17
1526,90,24,50,10,5.361711287754659,14
1527,7,35,97,16,5.356987360153851,19
1528,81,15,65,6,5.355649781765623,9
1529,55,46,60,20,5.354179807158424,26
1530,47,10,12,4,5.346203816219377,6
1531,7,19,62,8,5.339510147514967,11
1532,80,27,87,11,5.3384780527270195,16
1533,100,22,41,9,5.337856418817986,13
1534,97,14,102,5,5.335160623731844,9
1535,86,33,81,11,5.330127627628594,22
1536,107,19,66,8,5.307859110353934,11
1537,111,25,55,10,5.307717141421055,15
1538,9,17,100,6,5.299356832075297,11
1539,99,21,86,8,5.291638236148403,13
1540,64,14,47,5,5.28922493224529,9
1541,14,19,28,7,5.288795345484194,12
1542,56,11,88,5,5.280224334897691,6
1543,19,22,3,9,5.273621939137365,13
1544,28,11,92,4,5.26619903758234,7
1545,86,55,75,25,5.26427494208678,30
1546,11,28,41,10,5.258054616864363,18
1547,80,16,39,7,5.2570004697562105,9
1548,35,11,31,5,5.255104723881263,6
1549,34,15,67,8,5.254716330627796,7
1550,85,14,65,6,5.254482148208556,8
1551,114,15,94,7,5.246364560187277,8
1552,25,26,40,11,5.242222631716463,15
1553,98,15,40,7,5.239271076053035,8
1554,52,14,16,6,5.238731564661996,8
1555,91,21,25,9,5.236778929543691,12
1556,54,16,112,6,5.23274036486669,10
1557,9,12,23,5,5.231512665759894,7
1558,104,24,3,10,5.226681542928665,14
1559,35,11,5,5,5.226534281744142,6
1560,92,23,39,11,5.22393109782644,12
1561,54,54,106,25,5.222938310920249,29
1562,34,17,39,8,5.222074480009673,9
1563,53,29,112,14,5.221677411254142,15
1564,40,22,37,10,5.2189812618502875,12
1565,20,18,76,9,5.218902337593747,9
1566,87,16,33,7,5.217430381961776,9
1567,33,12,91,6,5.213867650447791,6
1568,6,10,39,4,5.213256916387499,6
1569,55,37,54,17,5.207989269972247,20
1570,50,22,109,9,5.207842202449344,13
1571,16,36,53,14,5.201094174764711,22
1572,64,26,8,10,5.1977394093405085,16
1573,46,25,39,13,5.196853389468722,12
1574,104,18,80,8,5.194103195079234,10
1575,40,13,113,5,5.193726392686624,8
1576,6,10,71,4,5.193692278292729,6
1577,35,18,43,8,5.1923699602715665,10
1578,13,37,8,15,5.188121734762537,22
1579,75,17,97,7,5.183439015487436,10
1580,41,16,78,6,5.177820611113412,10
1581,49,18,29,8,5.174835217534595,10
1582,49,24,15,11,5.170749593488943,13
1583,27,10,80,4,5.166088753800779,6
1584,65,29,96,13,5.165027076154164,16
1585,114,20,96,8,5.164351476040407,12
1586,91,11,56,5,5.1601828143932735,6
1587,98,13,93,6,5.160023067123591,7
1588,67,12,5,5,5.159840528973067,7
1589,79,16,51,8,5.156498500429079,8
1590,35,16,28,8,5.153123660542302,8
1591,106,24,9,10,5.150083731218861,14
1592,33,10,78,4,5.149830330996773,6
1593,11,13,97,6,5.149154391162879,7
1594,7,36,3,14,5.146402582002664,22
1595,49,20,9,9,5.1413088393621935,11
1596,36,21,3,8,5.136055944816986,13
1597,40,30,58,14,5.133397385337812,16
1598,30,23,94,10,5.132806240085078,13
1599,62,17,60,8,5.128886027579174,9
1600,16,26,108,10,5.12442298142606,16
1601,75,18,4,7,5.112428644465592,11
1602,23,30,68,14,5.1118494914616495,16
1603,64,39,86,17,5.108639671077766,22
1604,30,10,1,4,5.107240382060611,6
1605,9,30,54,13,5.106575143785501,17
1606,55,23,70,10,5.1032220329288345,13
1607,28,13,108,6,5.102919930198642,7
1608,34,27,27,12,5.094510463354279,15
1609,53,25,104,11,5.0942603831986055,14
1610,90,23,65,11,5.084911236528136,12
1611,32,10,20,3,5.082163415292109,7
1612,39,65,49,26,5.080343549155943,39
1613,16,105,7,46,5.076606386541644,59
1614,90,13,33,5,5.072843762888294,8
1615,46,17,65,6,5.066104910854949,11
1616,41,10,61,4,5.060781095904467,6
1617,7,16,10,7,5.060407065651958,9
1618,95,20,75,8,5.050260152484931,12
1619,104,48,51,18,5.045842035260691,30
1620,63,15,85,7,5.044437930195333,8
1621,37,61,104,25,5.041376355525095,36
1622,39,31,38,13,5.039769505176328,18
1623,65,12,52,4,5.0369958566437525,8
1624,56,10,39,5,5.034025368749221,5
1625,20,24,41,11,5.031440077185285,13
1626,13,49,64,23,5.026699897179315,26
1627,72,17,17,7,5.00861905737698,10
1628,74,12,41,6,5.00781552916323,6
1629,93,26,5,10,5.004460526821323,16
1630,7,41,106,20,5.003800212982272,21
1631,16,50,50,21,4.998659270607032,29
1632,74,15,71,7,4.993812181109021,8
1633,50,23,31,10,4.99199978599778,13
1634,64,36,65,16,4.9878415407735135,20
1635,80,10,44,5,4.9735414138069105,5
1636,3,24,43,9,4.970309190277102,15
1637,40,49,107,19,4.964616090179718,30
1638,96,23,90,9,4.963939687748078,14
1639,76,44,107,16,4.963511886446058,28
1640,64,33,41,13,4.951397157092105,20
1641,20,12,100,5,4.9486843519072865,7
1642,56,19,68,9,4.94813216675333,10
1643,76,14,18,6,4.948055179076069,8
1644,100,21,102,8,4.94800564396513,13
1645,80,29,106,12,4.946009667025365,17
1646,51,15,6,6,4.9453303449739225,9
1647,39,23,81,9,4.943832581007466,14
1648,93,27,28,10,4.941127481170006,17
1649,49,11,71,5,4.940945789460408,6
1650,34,20,55,9,4.939270816045712,11
1651,114,22,9,7,4.931319071415342,15
1652,86,40,36,17,4.927433251240005,23
1653,74,56,106,24,4.924754963776778,32
1654,41,22,109,8,4.921048446482954,14
1655,41,42,27,17,4.917123835584124,25
1656,54,12,108,4,4.909695920764135,8
1657,38,12,28,6,4.907164394244691,6
1658,64,17,19,6,4.906576910714337,11
1659,57,31,39,14,4.901139318454796,17
1660,23,16,77,7,4.892331871891681,9
1661,75,47,51,21,4.890410363576286,26
1662,39,10,101,4,4.889741278103363,6
1663,78,41,16,17,4.883719106590162,24
1664,87,106,107,45,4.883713052328609,61
1665,69,11,95,4,4.882909765417961,7
1666,78,20,12,7,4.8774216714304135,13
1667,100,17,84,6,4.87641516703203,11
1668,88,26,57,12,4.870812248870149,14
1669,114,45,13,22,4.867158471766067,23
1670,29,11,1,4,4.86693457558879,7
1671,37,54,106,25,4.865641247327302,29
1672,5,10,89,3,4.86246564090175,7
1673,52,12,107,4,4.861262849981809,8
1674,60,10,79,4,4.860077671823909,6
1675,97,12,32,5,4.851459349576839,7
1676,39,17,83,7,4.845386042652696,10
1677,83,20,64,9,4.840996077098241,11
1678,87,20,112,9,4.836953429898648,11
1679,12,28,3,11,4.836903040981009,17
1680,18,41,75,18,4.835583954062303,23
1681,8,15,67,6,4.831909846155583,9
1682,41,13,90,6,4.828201040811693,7
1683,65,47,9,19,4.826128695703039,28
1684,28,30,76,14,4.826019287633728,16
1685,31,19,25,9,4.823839301099763,10
1686,14,15,54,5,4.820525855929132,10
1687,8,19,3,10,4.813422384940693,9
1688,74,11,85,5,4.812388004493803,6
1689,6,12,106,5,4.810944704219048,7
1690,2,25,106,11,4.808494527305082,14
1691,54,34,68,14,4.806816214683671,20
1692,96,13,108,6,4.805162668071275,7
1693,75,44,88,18,4.804702938088107,26
1694,16,11,56,4,4.8021414027227,7
1695,75,22,96,7,4.801381492311931,15
1696,68,16,6,6,4.799676836342988,10
1697,7,23,46,8,4.79766101758117,15
1698,111,11,25,5,4.797175922879397,6
1699,110,10,63,4,4.7955032342523225,6
1700,52,13,20,5,4.795236183864801,8
1701,9,17,1,9,4.794059502939978,8
1702,97,24,76,11,4.789197045000655,13
1703,76,33,5,14,4.788314400539968,19
1704,86,57,104,25,4.778923035703435,32
1705,9,12,5,5,4.777710715122403,7
1706,33,14,23,6,4.772846471482118,8
1707,9,10,37,4,4.7723167368365935,6
1708,90,13,70,6,4.771084444295362,7
1709,12,15,31,7,4.770632464521183,8
1710,55,16,94,7,4.767452995148861,9
1711,16,43,17,16,4.7649266704628515,27
1712,15,30,3,13,4.764457679200362,17
1713,76,23,60,8,4.763967746356446,15
1714,55,12,79,5,4.763372141256469,7
1715,54,59,51,26,4.760242996752638,33
1716,93,16,50,6,4.755526241513054,10
1717,7,23,50,10,4.754905099968965,13
1718,90,30,5,12,4.752640516818983,18
1719,16,120,107,47,4.74798246458426,73
1720,25,16,77,7,4.745845616411638,9
1721,107,25,47,11,4.7386499699721325,14
1722,6,11,46,5,4.730994669309113,6
1723,15,14,75,5,4.729161606780822,9
1724,76,14,3,6,4.72601812571826,8
1725,47,20,86,8,4.725074652339407,12
1726,13,39,54,16,4.7242954885094095,23
1727,107,15,61,7,4.722903053660273,8
1728,28,37,18,17,4.710953949587104,20
1729,37,46,63,19,4.710297957233593,27
1730,20,23,46,8,4.708713070266485,15
1731,62,12,84,5,4.699556310812965,7
1732,86,60,46,23,4.689511214815467,37
1733,72,15,8,7,4.688202814156663,8
1734,41,28,69,10,4.687420102679289,18
1735,71,16,5,7,4.686451238703377,9
1736,51,50,84,21,4.6822268584961195,29
1737,79,13,65,6,4.665855738388057,7
1738,16,35,84,15,4.661500226777163,20
1739,34,29,86,13,4.660300920568796,16
1740,25,15,47,7,4.655390231832646,8
1741,7,99,88,43,4.655212936233494,56
1742,63,62,54,26,4.652017262215903,36
1743,57,22,102,10,4.651745927719438,12
1744,27,13,79,6,4.651583262533671,7
1745,63,39,96,15,4.649023449526137,24
1746,29,20,30,8,4.647785356556927,12
1747,87,53,50,24,4.644204651506126,29
1748,19,11,79,5,4.6432369038804095,6
1749,6,21,16,10,4.642825718029857,11
1750,73,14,13,6,4.642713338622983,8
1751,48,13,25,6,4.64169889765536,7
1752,73,19,109,8,4.637139105733967,11
1753,60,22,25,10,4.636282806493916,12
1754,106,15,110,7,4.633960085739299,8
1755,51,15,92,7,4.630319337525281,8
1756,27,49,88,22,4.629672744498908,27
1757,114,46,68,20,4.626031537231749,26
1758,15,33,107,12,4.622166313298647,21
1759,75,54,16,24,4.621070484571049,30
1760,107,52,23,23,4.6165132710939725,29
1761,72,10,40,4,4.6161082317709115,6
1762,37,72,86,32,4.607837359690983,40
1763,47,26,27,11,4.607698124215745,15
1764,38,15,18,7,4.6074157564111795,8
1765,88,10,66,4,4.60434245546846,6
1766,77,13,95,6,4.60149322445291,7
1767,94,19,65,9,4.593379853346693,10
1768,50,32,96,14,4.592653394244439,18
1769,28,25,71,10,4.584215619303489,15
1770,99,16,65,7,4.579704538683142,9
1771,7,23,58,11,4.575034525669344,12
1772,99,14,95,6,4.572737764013027,8
1773,99,16,104,8,4.5627492392393,8
1774,74,23,109,9,4.562525277723523,14
1775,102,20,51,9,4.560982621023824,11
1776,43,18,5,8,4.5592775438308895,10
1777,54,22,49,10,4.559262424288581,12
1778,102,13,34,5,4.555995977506304,8
1779,70,15,23,7,4.554568026577778,8
1780,83,15,46,7,4.551826612706301,8
1781,99,18,15,7,4.551461310618723,11
1782,28,16,85,7,4.545964613502572,9
1783,107,36,38,15,4.5354258806537695,21
1784,9,14,29,6,4.534452930887614,8
1785,106,23,75,11,4.532198108241345,12
1786,50,71,28,30,4.530365152854881,41
1787,88,12,67,4,4.530239274992248,8
1788,13,18,48,8,4.529838045170983,10
1789,29,14,43,6,4.527570070329541,8
1790,61,17,60,8,4.527394085824659,9
1791,74,23,50,10,4.520207268757788,13
1792,37,43,55,20,4.516821858156878,23
1793,80,10,69,5,4.508733977407145,5
1794,30,53,107,23,4.504736096738404,30
1795,41,23,43,10,4.5016279133119586,13
1796,76,12,69,4,4.499300236532236,8
1797,100,26,78,11,4.498435280181419,15
1798,100,50,13,21,4.497679530553905,29
1799,93,15,37,6,4.493445665639034,9
1800,65,50,40,22,4.488092661947342,28
1801,11,21,102,10,4.481690077928582,11
1802,7,46,64,21,4.481240056988839,25
1803,100,29,7,12,4.479542671667203,17
1804,56,12,8,5,4.475636615156396,7
1805,95,33,107,15,4.475609109265348,18
1806,40,15,109,6,4.473863564525377,9
1807,96,31,25,14,4.4728328775528,17
1808,13,97,51,44,4.4726859643636585,53
1809,91,10,57,5,4.468260927215541,5
1810,37,18,32,8,4.466542082918521,10
1811,49,12,43,5,4.460909191235434,7
1812,77,11,97,4,4.4549011553839994,7
1813,50,12,73,4,4.454782630059153,8
1814,95,44,16,20,4.453378575583387,24
1815,19,10,85,4,4.451794965059328,6
1816,6,12,12,6,4.448996636056325,6
1817,16,128,51,57,4.448890646914605,71
1818,13,15,79,6,4.444312301283072,9
1819,95,15,109,6,4.444131433700797,9
1820,103,15,57,6,4.435644933839417,9
1821,108,17,27,7,4.430289870166569,10
1822,78,32,19,13,4.429289586698801,19
1823,23,14,20,6,4.42777867543601,8
1824,28,60,65,25,4.424196907000291,35
1825,99,30,13,13,4.420966828834258,17
1826,71,29,87,13,4.418670539958073,16
1827,7,64,53,28,4.416213736910661,36
1828,50,24,64,11,4.4155104994189385,13
1829,55,48,11,19,4.407143063823051,29
1830,34,16,76,8,4.406030161353482,8
1831,71,14,108,6,4.402422140240549,8
1832,16,22,2,9,4.395353237879593,13
1833,62,26,65,12,4.393261785254975,14
1834,8,39,104,17,4.3875779798665295,22
1835,99,10,54,4,4.3797228746123675,6
1836,87,33,25,15,4.379098196808542,18
1837,64,39,39,17,4.378360015170521,22
1838,55,24,9,10,4.371040618945099,14
1839,27,20,114,9,4.369975860925664,11
1840,55,13,58,6,4.369004483506264,7
1841,40,23,23,10,4.368423326803309,13
1842,74,15,9,6,4.367415226980942,9
1843,95,20,23,9,4.3618962627692595,11
1844,64,31,71,12,4.35947313780117,19
1845,19,11,83,5,4.3593981927010494,6
1846,51,74,65,31,4.358651491065595,43
1847,68,24,49,10,4.355442333586806,14
1848,28,30,48,13,4.353346769104992,17
1849,65,16,6,7,4.346168811124812,9
1850,70,29,65,11,4.343984179663613,18
1851,34,20,48,9,4.343261719849951,11
1852,41,23,112,10,4.3361056088328285,13
1853,60,12,22,5,4.334241842742782,7
1854,95,19,41,8,4.332143979792177,11
1855,64,14,81,6,4.322376324615616,8
1856,4,22,40,10,4.316643149060896,12
1857,70,14,71,7,4.315612188206775,7
1858,20,24,109,9,4.314898517872035,15
1859,100,15,98,7,4.314873946898566,8
1860,104,27,98,14,4.313899934387766,13
1861,97,23,17,10,4.3134285513049555,13
1862,76,13,90,5,4.309550016746244,8
1863,31,10,8,4,4.309099443279478,6
1864,50,10,52,5,4.308197298973349,5
1865,100,16,69,7,4.302668928460353,9
1866,106,27,53,13,4.302319600135898,14
1867,75,18,84,8,4.30081159040195,10
1868,25,28,54,12,4.300413553073274,16
1869,13,12,35,5,4.29516454019383,7
1870,3,51,51,25,4.281644499025479,26
1871,11,78,86,35,4.276061111827815,43
1872,11,21,3,8,4.267837561069704,13
1873,29,15,55,6,4.26601507571376,9
1874,91,30,107,12,4.264126621091653,18
1875,16,51,49,21,4.262731184552509,30
1876,51,15,38,6,4.261652425824847,9
1877,30,19,38,7,4.250112487298967,12
1878,6,10,72,5,4.248570153213718,5
1879,49,23,77,9,4.245203344197588,14
1880,106,14,34,7,4.243674039664675,7
1881,16,44,71,18,4.241804878716306,26
1882,3,13,94,6,4.238506573323206,7
1883,71,12,109,5,4.235965151087515,7
1884,69,24,28,11,4.227853506184336,13
1885,47,28,88,13,4.227250764813229,15
1886,71,11,44,5,4.223524348839462,6
1887,51,36,109,13,4.22123810593763,23
1888,4,19,18,8,4.220670692754494,11
1889,87,21,31,10,4.220659397575877,11
1890,17,20,63,9,4.217095300732271,11
1891,90,28,87,12,4.209781806456323,16
1892,65,56,36,24,4.205692860728479,32
1893,55,22,4,10,4.20328253931047,12
1894,63,18,79,7,4.202891326670182,11
1895,15,11,40,5,4.201647176656486,6
1896,9,14,57,6,4.20121561808404,8
1897,108,18,74,7,4.201041319943183,11
1898,13,70,40,31,4.18989591600041,39
1899,23,27,25,12,4.182190113226028,15
1900,89,15,16,7,4.180346950354627,8
1901,43,33,7,13,4.178253566474209,20
1902,27,25,112,11,4.1660185710655755,14
1903,83,40,5,19,4.163709904424501,21
1904,27,24,84,11,4.156059221916357,13
1905,78,13,109,6,4.154506269647966,7
1906,34,20,11,8,4.152815089129094,12
1907,28,60,84,26,4.150279635735803,34
1908,99,12,17,5,4.14837583337694,7
1909,43,14,68,6,4.147550463856525,8
1910,84,18,76,8,4.146116027740745,10
1911,20,13,73,5,4.146065391689569,8
1912,100,12,95,6,4.142851413596655,6
1913,23,49,65,23,4.1421094853825435,26
1914,53,47,71,20,4.141303557057986,27
1915,27,14,1,5,4.13971610923312,9
1916,41,26,3,9,4.138003699682096,17
1917,71,11,20,4,4.13643055739397,7
1918,7,51,27,23,4.136091254496649,28
1919,28,27,100,11,4.132400320500453,16
1920,112,16,94,6,4.1306598471384035,10
1921,45,22,65,11,4.1259231703887,11
1922,16,44,62,17,4.1185619817851284,27
1923,3,21,57,9,4.117819968250673,12
1924,7,12,2,5,4.115660194227726,7
1925,69,27,68,12,4.109870966876623,15
1926,97,30,63,13,4.107378727934806,17
1927,93,14,109,6,4.103558953267082,8
1928,83,20,93,9,4.100880722204593,11
1929,20,24,35,10,4.098728722002914,14
1930,104,33,54,15,4.09448807738149,18
1931,17,51,51,24,4.088673144397257,27
1932,36,11,19,5,4.088590218421688,6
1933,29,21,86,9,4.083901612699403,12
1934,12,11,19,4,4.082498630289563,7
1935,87,46,20,21,4.081217207939402,25
1936,86,117,5,51,4.074944655375778,66
1937,7,68,31,30,4.069172309295859,38
1938,77,11,69,5,4.068890242116286,6
1939,20,12,38,4,4.067291998076464,8
1940,49,27,51,12,4.063686084063851,15
1941,43,10,95,4,4.063398320607949,6
1942,14,10,20,4,4.051966837258039,6
1943,32,10,40,5,4.050021677419869,5
1944,23,43,88,17,4.047882049914368,26
1945,84,12,69,5,4.04678242799089,7
1946,71,25,51,11,4.043275219347798,14
1947,98,26,76,11,4.039201436166646,15
1948,1,10,43,5,4.038976715758721,5
1949,16,66,68,26,4.032539817725325,40
1950,104,10,10,5,4.031221485043642,5
1951,71,13,47,6,4.030916530509353,7
1952,7,31,47,13,4.025431088719289,18
1953,43,35,65,17,4.024058672562781,18
1954,27,29,43,13,4.023141253266861,16
1955,39,21,96,8,4.016816457185763,13
1956,16,21,35,8,4.016361918873651,13
1957,8,20,110,8,4.013172679497404,12
1958,66,12,31,5,4.008754872558654,7
1959,30,33,71,15,4.006253796204616,18
1960,31,16,112,6,4.001730552260451,10
1961,23,18,12,8,3.9935881563943543,10
1962,89,13,68,6,3.99200348329726,7
1963,13,20,62,9,3.984118392028931,11
1964,60,18,97,9,3.9792005525226366,9
1965,96,12,14,5,3.975747798085754,7
1966,78,15,96,6,3.961613354196041,9
1967,74,24,93,11,3.9601017688790825,13
1968,6,11,40,5,3.9442678680230823,6
1969,30,42,60,16,3.9377409296212322,26
1970,80,10,97,4,3.9365866928471034,6
1971,60,30,15,14,3.9345392656992946,16
1972,97,35,16,16,3.9340820840887147,19
1973,12,10,58,4,3.9326217642135903,6
1974,30,23,77,10,3.931781102600119,13
1975,102,12,83,5,3.925479234058231,7
1976,85,15,20,7,3.9254254916442872,8
1977,5,28,2,12,3.923277825320168,16
1978,37,38,70,16,3.9227382855891664,22
1979,13,75,55,33,3.9178708728643765,42
1980,89,13,86,7,3.91749283769541,6
1981,12,11,15,5,3.9125883634426843,6
1982,11,39,54,17,3.906878035589283,22
1983,64,11,90,5,3.90210878186129,6
1984,102,26,37,11,3.9015784283610255,15
1985,102,15,91,7,3.9012134006248127,8
1986,55,30,63,14,3.9003771949657002,16
1987,28,23,57,10,3.897117570901977,13
1988,19,23,65,10,3.8878860630712,13
1989,3,18,18,7,3.886785760617755,11
1990,28,27,17,12,3.885054779321747,15
1991,41,33,104,16,3.881745214521683,17
1992,100,35,15,15,3.876768617162223,20
1993,12,14,38,6,3.8743748284639294,8
1994,39,46,27,19,3.8707206511348886,27
1995,39,54,60,25,3.8677468377085042,29
1996,23,22,100,9,3.8642086767407395,13
1997,74,41,63,19,3.86350929161903,22
1998,13,19,102,7,3.8507096022679073,12
1999,18,23,31,11,3.843025830767866,12
2000,20,26,7,12,3.839940256500117,14
2001,9,47,86,20,3.838091076290299,27
2002,100,64,107,31,3.8343458642492445,33
2003,38,13,46,5,3.833859769343221,8
2004,7,44,55,18,3.8332053851440007,26
2005,43,13,8,6,3.832590073745516,7
2006,91,26,13,12,3.831748260733109,14
2007,17,31,39,13,3.827602699322767,18
2008,4,11,3,5,3.825046392091852,6
2009,77,14,11,6,3.8158774552437302,8
2010,5,28,91,11,3.8146250930665166,17
2011,110,16,5,7,3.8138584796050923,9
2012,7,10,93,5,3.7802315490169653,5
2013,104,13,92,7,3.7768187223532306,6
2014,63,19,4,8,3.775833657808686,11
2015,28,25,30,12,3.7623133830209396,13
2016,41,21,76,11,3.7501063090537037,10
2017,103,16,79,7,3.7466875459262345,9
2018,107,38,3,19,3.7453276953251664,19
2019,53,42,40,19,3.7429391558119995,23
2020,15,31,7,16,3.741081293807926,15
2021,63,40,114,15,3.7382776415303285,25
2022,1,13,4,5,3.736039087851971,8
2023,86,65,25,30,3.735239092039536,35
2024,54,14,12,7,3.727845074231434,7
2025,19,22,57,10,3.7238854840272495,12
2026,89,14,60,7,3.7237634526579124,7
2027,20,64,54,31,3.7237387131550506,33
2028,114,16,81,8,3.722693092477205,8
2029,85,14,11,6,3.7190747038473155,8
2030,109,22,34,10,3.716622994018828,12
2031,15,21,5,8,3.714734226349825,13
2032,41,18,54,8,3.7117419374002654,10
2033,64,14,57,6,3.7114490151468567,8
2034,65,16,14,8,3.7073397651844364,8
2035,58,16,3,6,3.70283525311189,10
2036,20,12,27,5,3.7014596968026496,7
2037,23,19,28,9,3.6970356039584393,10
2038,86,14,61,6,3.691831205405497,8
2039,69,15,39,7,3.6806323347127163,8
2040,13,65,46,27,3.6628360066144348,38
2041,39,24,31,10,3.6610558433956157,14
2042,90,10,71,5,3.6561036030201253,5
2043,107,21,32,10,3.6546977761524686,11
2044,55,20,77,9,3.6546881978963213,11
2045,109,15,9,8,3.6538651478462696,7
2046,62,11,20,5,3.653244367006128,6
2047,16,130,86,56,3.652240636179025,74
2048,17,11,18,6,3.651905683853181,5
2049,63,16,66,7,3.650382654951077,9
2050,14,10,70,5,3.647042134114848,5
2051,20,52,28,23,3.6380228467997373,29
2052,19,19,20,9,3.63512225580757,10
2053,65,24,102,9,3.633092270958546,15
2054,33,15,11,8,3.6324699886469727,7
2055,43,19,18,10,3.6267699505365183,9
2056,80,26,28,12,3.6230809501897743,14
2057,16,31,47,14,3.614061473089587,17
2058,19,10,58,4,3.6124257412316716,6
2059,91,19,18,8,3.601007419787661,11
2060,62,12,102,5,3.595762799461338,7
2061,17,12,30,6,3.5949084621895344,6
2062,19,26,60,13,3.593717307962628,13
2063,34,17,79,7,3.5899071732656034,10
2064,97,10,95,4,3.58943247133478,6
2065,58,19,39,8,3.589328168519788,11
2066,75,16,108,7,3.5782877645528655,9
2067,14,22,87,9,3.574657228905801,13
2068,39,13,33,6,3.5715142758716403,7
2069,6,28,7,15,3.5631855242339143,13
2070,79,13,108,5,3.562523700236059,8
2071,107,41,64,19,3.561300386963443,22
2072,29,16,69,8,3.5594831116369825,8
2073,28,19,36,9,3.5549996153541237,10
2074,53,49,65,23,3.552341058928982,26
2075,51,31,43,15,3.551410928734387,16
2076,75,25,74,10,3.5502981320595755,15
2077,13,31,19,13,3.544087166327379,18
2078,40,65,36,28,3.5400829247343655,37
2079,47,26,68,11,3.538637049708468,15
2080,44,15,7,7,3.5352660207554516,8
2081,93,17,25,8,3.5300397889756283,9
2082,16,30,79,13,3.5285089667626703,17
2083,12,21,49,7,3.516727535425841,14
2084,49,23,8,10,3.5148512195101693,13
2085,74,16,23,7,3.505315761927058,9
2086,13,90,107,41,3.504344737880481,49
2087,25,27,109,12,3.504136926234727,15
2088,37,13,108,6,3.501919723771849,7
2089,50,26,9,11,3.4989626487903873,15
2090,114,39,51,19,3.4973322349486486,20
2091,97,36,114,16,3.4948097299506915,20
2092,62,13,36,6,3.489528327052378,7
2093,36,30,51,14,3.4874600225025074,16
2094,88,64,68,28,3.486456108196302,36
2095,41,16,45,6,3.485066668867455,10
2096,25,20,70,9,3.484518115943736,11
2097,60,41,114,22,3.4828028477548303,19
2098,55,16,18,8,3.4810467173744706,8
2099,96,57,54,28,3.4766133859583515,29
2100,78,19,3,9,3.4704949105077305,10
2101,74,60,5,28,3.469996146708342,32
2102,83,31,8,15,3.465429893631149,16
2103,46,53,54,24,3.462224315333584,29
2104,85,19,68,7,3.4578376400868116,12
2105,34,40,107,17,3.455257813548207,23
2106,33,23,5,11,3.454327509177194,12
2107,23,40,87,17,3.454142220178999,23
2108,37,21,23,10,3.453043705748743,11
2109,112,14,114,7,3.4529529803290635,7
2110,57,16,20,7,3.4486923125514912,9
2111,95,37,87,17,3.4486313771107997,20
2112,76,28,55,11,3.4438952481653065,17
2113,15,24,54,12,3.443630034544425,12
2114,15,10,96,4,3.443141355329044,6
2115,60,58,40,26,3.4423663485116363,32
2116,15,19,63,9,3.4372260766555214,10
2117,78,11,81,6,3.4320246992935264,5
2118,87,33,49,16,3.428632483324912,17
2119,4,12,37,5,3.421871703775507,7
2120,51,38,11,16,3.4200019053794954,22
2121,17,11,36,6,3.4172736451567545,5
2122,65,29,3,12,3.4059775539616277,17
2123,55,29,84,13,3.40123055779696,16
2124,43,28,88,12,3.39798547482041,16
2125,19,19,77,9,3.397648665631758,10
2126,4,13,28,6,3.3940824912486867,7
2127,55,50,5,22,3.393419962444802,28
2128,73,10,104,4,3.391491099464731,6
2129,15,22,104,10,3.3895949828269205,12
2130,86,32,62,15,3.385910817077394,17
2131,65,29,69,13,3.385901307322931,16
2132,36,28,55,13,3.383336577257353,15
2133,73,15,98,7,3.380055365181917,8
2134,109,23,102,10,3.367967756914995,13
2135,65,82,41,34,3.367911296303443,48
2136,40,17,20,7,3.3649339637959645,10
2137,54,25,97,12,3.3648153427656755,13
2138,14,23,8,10,3.3634201583462158,13
2139,11,44,88,19,3.3622989728699904,25
2140,14,17,106,7,3.360059412826609,10
2141,88,30,70,13,3.3524090493184278,17
2142,83,10,20,5,3.3478898251644025,5
2143,39,20,48,8,3.347307920822049,12
2144,40,15,91,7,3.345577169162442,8
2145,54,20,98,9,3.3414082574982986,11
2146,68,13,5,6,3.3380294056441144,7
2147,41,19,50,8,3.331657114556134,11
2148,28,46,51,22,3.330644392104213,24
2149,78,25,11,10,3.32366398868096,15
2150,16,33,80,14,3.3204240085981582,19
2151,104,34,74,14,3.3198927626210826,20
2152,98,14,97,7,3.3185319117606187,7
2153,97,16,84,6,3.316428205809935,10
2154,107,15,72,7,3.315505659563615,8
2155,60,31,75,14,3.3139158628036856,17
2156,12,21,87,9,3.3099040779501623,12
2157,114,21,64,9,3.3046667254482847,12
2158,47,13,61,6,3.3043540506366424,7
2159,104,60,5,28,3.3007473735225052,32
2160,100,20,74,9,3.2929107546249483,11
2161,34,10,19,5,3.2913733607423934,5
2162,55,15,35,7,3.289902790162483,8
2163,90,25,60,10,3.288918313106561,15
2164,28,16,78,8,3.28700424949784,8
2165,16,38,109,16,3.282865954702349,22
2166,108,10,38,4,3.2810871215401916,6
2167,19,31,68,13,3.2786498819088243,18
2168,39,50,53,22,3.277161726088194,28
2169,60,49,86,22,3.275471722293173,27
2170,114,13,67,6,3.2746706512348434,7
2171,88,53,104,23,3.2729157493477135,30
2172,28,56,54,25,3.2622780281799852,31
2173,18,56,53,26,3.2615252410170665,30
2174,76,24,102,10,3.260904351972853,14
2175,77,11,81,5,3.26078546301041,6
2176,15,44,39,18,3.2605997081107514,26
2177,7,24,74,9,3.257493143792888,15
2178,114,47,25,20,3.2540864225169766,27
2179,7,19,30,10,3.2523104824501634,9
2180,23,12,81,5,3.240703587077002,7
2181,99,25,60,11,3.2381944591027096,14
2182,9,18,34,8,3.2368917561941424,10
2183,107,49,36,23,3.234838704648264,26
2184,80,14,68,6,3.230403837276107,8
2185,13,61,27,28,3.2253956865233935,33
2186,23,55,7,25,3.2229283053761675,30
2187,55,39,28,16,3.2184704312839787,23
2188,17,16,74,7,3.211770551027832,9
2189,50,19,97,8,3.210625734622642,11
2190,60,47,31,24,3.2094707274879264,23
2191,56,12,97,6,3.2085312435870676,6
2192,55,54,88,22,3.2074891861599695,32
2193,106,28,17,11,3.2039846830051117,17
2194,7,93,86,40,3.2025353891099297,53
2195,36,41,39,18,3.1998605067578225,23
2196,41,56,107,23,3.1947452740775875,33
2197,88,61,5,29,3.1946532218196624,32
2198,37,54,50,26,3.188335276013606,28
2199,29,32,107,12,3.1853815564079175,20
2200,54,31,114,15,3.1847921316014234,16
2201,74,12,30,6,3.175828716417199,6
2202,52,10,12,5,3.1755936810484164,5
2203,106,25,60,10,3.171261503808182,15
2204,88,30,69,13,3.1706028089799125,17
2205,90,14,74,5,3.1680613510289204,9
2206,3,25,29,11,3.165368718941013,14
2207,86,21,82,9,3.1586560919846263,12
2208,104,51,7,23,3.158219418007504,28
2209,46,15,64,7,3.152048322397266,8
2210,78,40,57,19,3.1502690094847985,21
2211,75,23,23,12,3.1487336010920157,11
2212,112,12,45,6,3.1460936650177542,6
2213,27,35,15,17,3.138183118208504,18
2214,76,15,2,6,3.1350168634931235,9
2215,87,61,54,26,3.126515740328482,35
2216,36,11,80,5,3.115857421175661,6
2217,25,25,17,11,3.1106502600539105,14
2218,50,24,4,12,3.110559237136959,12
2219,107,19,79,9,3.1100913431447434,10
2220,100,22,55,11,3.109135707096455,11
2221,107,48,9,23,3.108544215551862,25
2222,11,27,19,11,3.106357650895277,16
2223,111,21,86,9,3.103761182763341,12
2224,29,38,87,16,3.1016615879853475,22
2225,92,15,60,6,3.101629065738582,9
2226,74,13,27,7,3.1002755903304404,6
2227,99,14,68,6,3.1001036150844663,8
2228,88,16,74,6,3.100015176246556,10
2229,64,10,91,4,3.0993479020870796,6
2230,6,17,27,8,3.094787186521294,9
2231,85,28,107,13,3.0934096190523594,15
2232,51,22,96,10,3.0911457625040346,12
2233,107,59,37,27,3.0878586600356255,32
2234,45,14,87,6,3.0862202973256596,8
2235,76,35,87,15,3.0781518481988153,20
2236,75,30,25,13,3.069551733540898,17
2237,87,78,65,35,3.0670515598637706,43
2238,87,65,88,32,3.0659618360137912,33
2239,71,18,25,8,3.0644100067848146,10
2240,71,42,86,20,3.060669361739169,22
2241,103,16,41,8,3.051077769785082,8
2242,38,13,96,6,3.0422152322461717,7
2243,25,39,65,16,3.0368934823131175,23
2244,27,12,99,6,3.0280763102634354,6
2245,23,12,102,6,3.026398853405979,6
2246,29,22,15,10,3.0200823684900446,12
2247,94,34,87,16,3.0141400010133004,18
2248,86,117,87,57,3.0132974583384224,60
2249,20,47,37,22,3.004985214474966,25
2250,96,14,34,6,3.0017630147825622,8
2251,4,11,69,5,2.999484176661719,6
2252,3,21,64,10,2.9976006229622043,11
2253,27,47,86,20,2.9952606831065873,27
2254,39,42,104,19,2.9915502081923835,23
2255,80,15,48,6,2.985401033694241,9
2256,46,13,1,7,2.97710684527845,6
2257,84,36,106,18,2.9754739608250116,18
2258,36,32,4,13,2.9739066740354185,19
2259,2,21,37,10,2.9697580112694486,11
2260,47,11,53,5,2.9672181618537916,6
2261,87,29,69,12,2.9671312776586296,17
2262,25,18,57,8,2.964934950553875,10
2263,114,23,46,10,2.9631435316072405,13
2264,88,75,107,33,2.9538386590240515,42
2265,80,16,8,8,2.9519293865537115,8
2266,18,37,87,16,2.947620136311876,21
2267,18,20,65,10,2.9468351166959534,10
2268,71,18,46,9,2.944852774193542,9
2269,103,16,51,7,2.943759235264632,9
2270,72,10,9,5,2.940516873871124,5
2271,36,20,87,8,2.935573250897663,12
2272,33,21,28,11,2.9340033560517895,10
2273,9,12,66,6,2.9315079085260156,6
2274,63,43,11,17,2.9228765487284587,26
2275,74,82,86,39,2.921287780715151,43
2276,102,19,106,10,2.9207255392565097,9
2277,37,10,33,4,2.9157377490462175,6
2278,25,12,108,5,2.9132670669268244,7
2279,13,75,60,32,2.912752278701916,43
2280,86,100,28,44,2.9116733038896876,56
2281,80,36,54,18,2.9116630961094696,18
2282,51,60,60,24,2.9078031363994015,36
2283,91,19,37,9,2.9050960547005245,10
2284,70,31,51,15,2.904546585958992,16
2285,112,19,19,8,2.9027585073707973,11
2286,88,33,18,16,2.9003137586881174,17
2287,44,10,70,5,2.8975248911261433,5
2288,50,17,89,7,2.8953311273035705,10
2289,77,23,18,9,2.8901494025088836,14
2290,100,14,34,7,2.888360425828719,7
2291,15,16,20,7,2.8857490776615986,9
2292,8,26,27,12,2.885239542543491,14
2293,49,20,63,9,2.8831531570492124,11
2294,83,23,87,11,2.8800534941463094,12
2295,57,12,53,6,2.8739584447786424,6
2296,112,14,1,5,2.872325056767924,9
2297,88,10,17,6,2.869337502995377,4
2298,46,23,63,12,2.867241869896345,11
2299,72,14,88,6,2.8660882603566415,8
2300,62,15,11,7,2.85616533210433,8
2301,86,68,39,33,2.854488810500984,35
2302,51,18,99,9,2.853477797374065,9
2303,73,16,96,7,2.8534303980093814,9
2304,47,11,19,5,2.8500725977528405,6
2305,97,13,33,6,2.8486496222061595,7
2306,28,13,44,7,2.8461398630992765,6
2307,8,25,102,12,2.8455510764088037,13
2308,95,33,39,15,2.841495525954098,18
2309,107,51,106,24,2.8408623146416327,27
2310,88,55,9,25,2.835130918920979,30
2311,53,23,81,10,2.832269045840245,13
2312,100,36,30,15,2.8280009692146177,21
2313,2,44,50,20,2.824465738990298,24
2314,75,21,112,9,2.824219405034075,12
2315,54,18,62,8,2.824080555827827,10
2316,18,13,71,6,2.821320109059578,7
2317,68,14,48,7,2.8206443314688054,7
2318,16,111,13,49,2.8183035555372813,62
2319,39,12,98,5,2.8139572577793732,7
2320,1,32,36,16,2.8095303452930684,16
2321,99,15,41,7,2.8081672918617278,8
2322,20,11,72,5,2.807407936668827,6
2323,65,85,107,39,2.8064984710190863,46
2324,106,14,112,7,2.805082024542767,7
2325,30,24,76,10,2.8011387863133463,14
2326,8,15,79,8,2.799902464296089,7
2327,68,14,44,7,2.7953277213928303,7
2328,7,26,1,12,2.7932054952385035,14
2329,100,13,36,6,2.7923934619121087,7
2330,70,12,102,7,2.7906887378625402,5
2331,9,15,97,8,2.7891659901703596,7
2332,43,19,104,10,2.7871607244902616,9
2333,63,20,43,9,2.786559914173097,11
2334,60,76,16,35,2.785894787921016,41
2335,28,31,91,14,2.785819668061851,17
2336,86,87,84,43,2.7811330297923607,44
2337,55,15,78,6,2.7795066806067297,9
2338,51,47,46,21,2.7719721793424297,26
2339,5,11,10,6,2.7716738654503197,5
2340,5,17,77,8,2.765837567194589,9
2341,63,92,86,39,2.762468874862493,53
2342,1,17,94,9,2.762381009801199,8
2343,97,34,96,17,2.7556888339056806,17
2344,70,14,43,6,2.753352748891417,8
2345,112,12,8,6,2.740736306324458,6
2346,97,22,104,11,2.7396377781056174,11
2347,99,12,63,6,2.7377253409939364,6
2348,47,21,63,11,2.7370968886641944,10
2349,65,50,106,23,2.735321183024918,27
2350,75,12,34,6,2.7327928404854553,6
2351,44,16,88,8,2.7255415222047024,8
2352,104,31,70,14,2.720810924975006,17
2353,95,11,80,5,2.7197438471090796,6
2354,49,16,70,8,2.713121422106841,8
2355,43,39,60,18,2.711882588615369,21
2356,77,19,87,9,2.7097429007992058,10
2357,39,11,79,4,2.7039365709334446,7
2358,69,22,43,10,2.7028033480639135,12
2359,8,56,65,26,2.6975773074786606,30
2360,65,40,71,17,2.686780335165667,23
2361,50,28,65,13,2.6863314341926143,15
2362,8,25,48,11,2.6857985301597798,14
2363,106,50,51,23,2.6853814462408185,27
2364,43,15,37,8,2.682935315305951,7
2365,43,14,58,6,2.6806335210316137,8
2366,39,25,5,12,2.679132217269287,13
2367,25,17,44,8,2.673535476281759,9
2368,30,36,68,17,2.6732274605497963,19
2369,13,118,7,55,2.670897317194474,63
2370,41,29,1,12,2.6671220598664953,17
2371,97,26,46,12,2.665342497244282,14
2372,41,45,68,21,2.6639013670606415,24
2373,74,13,91,6,2.658254293210725,7
2374,11,33,20,14,2.6580258548377698,19
2375,86,83,8,41,2.6562990548559324,42
2376,92,29,88,13,2.6541256559252315,16
2377,57,13,36,5,2.6531160901053807,8
2378,104,69,16,31,2.6531110726496303,38
2379,54,32,102,15,2.64556958210047,17
2380,16,60,5,25,2.6435184456824317,35
2381,88,17,6,8,2.6434018871915526,9
2382,33,14,95,6,2.641545389608455,8
2383,110,13,54,6,2.63588490299345,7
2384,91,36,86,17,2.627461430980282,19
2385,27,39,49,18,2.625210403197094,21
2386,8,10,85,4,2.6233679922969846,6
2387,39,42,28,20,2.6233394077803616,22
2388,34,29,16,13,2.621113610918131,16
2389,39,10,89,4,2.6189716831037586,6
2390,75,28,64,13,2.6143964254367047,15
2391,40,29,1,13,2.608102727316189,16
2392,72,10,66,5,2.6022001256645595,5
2393,36,23,91,10,2.600483205457648,13
2394,65,32,80,15,2.598635692200407,17
2395,1,10,109,5,2.5929606771402254,5
2396,86,33,18,14,2.5923706641316473,19
2397,8,57,11,26,2.5799315889146808,31
2398,62,10,47,4,2.5775304802735826,6
2399,103,13,43,7,2.5743770858011263,6
2400,1,29,51,14,2.5741193049184687,15
2401,21,10,65,4,2.5701476719258265,6
2402,1,24,54,11,2.569055642839927,13
2403,86,14,14,7,2.5565201304900333,7
2404,39,43,3,21,2.5551339109249103,22
2405,7,21,11,9,2.554018943860651,12
2406,73,19,1,8,2.55342910039073,11
2407,44,14,76,6,2.5504141931433355,8
2408,7,74,36,34,2.5493587507973596,40
2409,15,39,86,18,2.5477091663005837,21
2410,97,35,65,16,2.5397394280205696,19
2411,60,35,8,17,2.536424306703015,18
2412,20,20,95,9,2.532527406942274,11
2413,7,29,17,13,2.532089441361392,16
2414,44,15,107,7,2.530544567099409,8
2415,99,19,30,8,2.530388293684779,11
2416,12,25,86,12,2.5286248621992886,13
2417,36,33,9,15,2.5279240780374668,18
2418,39,18,4,8,2.5267698999647226,10
2419,14,17,11,7,2.5264878637219237,10
2420,54,101,65,47,2.5206531859708714,54
2421,12,15,36,7,2.516319942513749,8
2422,50,52,107,25,2.5022496828069003,27
2423,37,18,109,8,2.501013404341532,10
2424,3,15,109,7,2.497379486109723,8
2425,65,37,111,16,2.496427849114077,21
2426,87,45,60,22,2.4909987533451425,23
2427,18,11,111,5,2.4899108726358863,6
2428,78,19,29,9,2.4872567131602366,10
2429,76,15,62,7,2.4840168024368525,8
2430,47,20,41,10,2.4805324580695545,10
2431,108,10,3,4,2.4778360631352716,6
2432,17,20,20,9,2.47595507024807,11
2433,3,35,60,16,2.4725426699702764,19
2434,4,17,81,7,2.4678124777063273,10
2435,74,17,69,9,2.4664972820824542,8
2436,35,23,7,11,2.4646463019795064,12
2437,17,17,1,8,2.462761073509877,9
2438,102,32,25,15,2.4608896969250456,17
2439,110,17,86,8,2.45971246028376,9
2440,85,31,86,14,2.454611381980919,17
2441,97,12,3,5,2.446105897661354,7
2442,109,11,47,5,2.4459757411847627,6
2443,32,10,50,6,2.444054190716271,4
2444,55,39,106,17,2.438139246666604,22
2445,14,19,51,7,2.4338441230915158,12
2446,91,20,75,13,2.432369433261267,7
2447,78,22,30,10,2.4297637997020716,12
2448,13,34,78,16,2.426770823190777,18
2449,1,35,88,17,2.425177290772468,18
2450,109,11,99,5,2.4195174025010595,6
2451,107,46,25,22,2.4187485647838765,24
2452,60,28,28,15,2.4122250218340917,13
2453,65,11,92,5,2.4112859752548714,6
2454,8,33,93,16,2.4111455321691304,17
2455,106,13,66,5,2.4075033563299866,8
2456,9,18,69,8,2.405000245398061,10
2457,20,26,80,12,2.4033351571638564,14
2458,114,15,98,7,2.3992721750256902,8
2459,46,38,28,16,2.3990178798165633,22
2460,103,14,69,7,2.396946497159231,7
2461,78,22,54,10,2.3960681894605504,12
2462,16,22,45,9,2.3925466679441416,13
2463,111,12,8,6,2.390343846489095,6
2464,23,13,48,6,2.3894452247322273,7
2465,104,40,95,18,2.3890342183876085,22
2466,4,21,71,8,2.3871750117365993,13
2467,96,25,104,11,2.3866419839158346,14
2468,75,13,56,5,2.3840139649043497,8
2469,12,15,8,6,2.3807225404597574,9
2470,78,11,79,5,2.3765297335861715,6
2471,71,40,107,17,2.3760609676092463,23
2472,25,32,63,16,2.3688265373602615,16
2473,40,24,50,10,2.3671440474550507,14
2474,49,13,97,5,2.366826181424206,8
2475,99,23,5,11,2.3616219022642833,12
2476,64,44,88,19,2.3590830036125556,25
2477,100,14,97,6,2.3583259709010775,8
2478,96,14,109,6,2.3566759619593642,8
2479,99,12,33,5,2.354570382478157,7
2480,4,36,31,15,2.3535355966794667,21
2481,41,18,29,8,2.3505009118086813,10
2482,114,12,38,6,2.341526377437994,6
2483,6,13,50,6,2.3414923323310646,7
2484,8,49,51,23,2.334002199025512,26
2485,90,19,17,10,2.330539928781357,9
2486,25,28,53,14,2.3301510854690854,14
2487,51,24,29,12,2.3287523384505153,12
2488,109,51,5,25,2.3285813949081655,26
2489,72,10,42,4,2.3285230567907305,6
2490,64,19,100,8,2.3242856391883238,11
2491,104,21,102,11,2.320627297470276,10
2492,88,32,91,15,2.315767764685104,17
2493,71,31,63,14,2.311262987331465,17
2494,57,23,37,11,2.3105129908375908,12
2495,112,13,43,6,2.307619031426625,7
2496,58,12,50,6,2.3033767529431137,6
2497,60,26,95,12,2.300035058084817,14
2498,86,21,32,10,2.2989864902239003,11
2499,80,20,7,9,2.298668986127333,11
2500,38,14,80,6,2.2985101722041987,8
2501,9,15,81,7,2.2974062849528156,8
2502,100,24,5,11,2.2932427434044684,13
2503,9,20,38,9,2.2929951308054597,11
2504,86,38,112,17,2.2924646864380605,21
2505,106,13,4,7,2.287883468044352,6
2506,19,28,94,13,2.2857851415314507,15
2507,38,10,81,5,2.2819621266449914,5
2508,48,19,65,10,2.2816603054261093,9
2509,9,47,40,21,2.2806450266015683,26
2510,79,14,88,6,2.276041062004083,8
2511,7,108,68,50,2.2702884441480373,58
2512,61,10,31,5,2.2696136748473603,5
2513,19,26,86,13,2.268299185051726,13
2514,76,22,39,9,2.268229299099674,13
2515,28,66,96,31,2.267406944603933,35
2516,85,12,7,5,2.2672729351147445,7
2517,94,10,50,4,2.2653355679184144,6
2518,106,45,88,19,2.2639858690375614,26
2519,17,29,34,14,2.262712107171865,15
2520,87,62,106,30,2.2622041017840115,32
2521,95,30,25,14,2.25397314365567,16
2522,63,11,83,4,2.2518527555221,7
2523,27,60,107,27,2.2490351078627953,33
2524,88,38,4,18,2.2459217004175493,20
2525,70,10,27,5,2.243263258457552,5
2526,68,13,102,6,2.2364570689473298,7
2527,4,26,114,13,2.234564836857367,13
2528,18,14,20,6,2.2334528603958916,8
2529,12,16,77,8,2.231076931591641,8
2530,90,16,25,7,2.2261576936837058,9
2531,75,43,39,22,2.2252173665323527,21
2532,27,12,61,6,2.2240689843056103,6
2533,84,10,15,5,2.223805292340999,5
2534,98,13,99,7,2.2212581677933785,6
2535,18,14,98,8,2.221147797140808,6
2536,72,11,62,5,2.217469660829094,6
2537,93,12,51,6,2.2166321429168523,6
2538,30,19,48,8,2.2143909610782866,11
2539,5,50,96,22,2.2114271922507607,28
2540,60,63,88,28,2.2053487740970454,35
2541,49,19,62,8,2.197706184169238,11
2542,7,75,40,33,2.1957521283064803,42
2543,68,35,106,16,2.1936858069827965,19
2544,41,33,40,16,2.1935807772699496,17
2545,31,10,54,5,2.186668926147148,5
2546,8,64,74,28,2.186622040651489,36
2547,63,26,70,12,2.1813121472430437,14
2548,84,16,93,8,2.173203038685072,8
2549,60,30,81,14,2.1697382345262226,16
2550,30,14,62,7,2.166022057483574,7
2551,57,40,15,19,2.164598252649324,21
2552,23,13,53,6,2.1639220781507627,7
2553,55,16,98,7,2.1617935333932947,9
2554,6,14,86,6,2.158350497876564,8
2555,55,11,69,5,2.141856565606557,6
2556,71,39,39,18,2.140211900940766,21
2557,102,22,74,10,2.1384304011801047,12
2558,102,32,114,14,2.124084287601509,18
2559,37,26,84,12,2.124049904647881,14
2560,7,62,9,31,2.12190310948229,31
2561,53,11,70,5,2.117480208536356,6
2562,1,20,64,10,2.1164326209593654,10
2563,7,17,72,8,2.1143024060967655,9
2564,74,12,33,6,2.113811361820999,6
2565,11,16,94,7,2.1137184131911195,9
2566,49,10,103,5,2.112716842069853,5
2567,69,11,25,5,2.1120597510852464,6
2568,108,32,107,15,2.1055805043927105,17
2569,86,33,38,15,2.105415418702344,18
2570,84,18,79,9,2.0988599029371873,9
2571,49,18,64,9,2.0966931160090687,9
2572,83,34,55,17,2.0962093979720215,17
2573,97,22,8,11,2.094799206270941,11
2574,17,12,91,5,2.0932516032559634,7
2575,100,18,17,7,2.0905637214372956,11
2576,40,18,11,9,2.089442100461012,9
2577,64,43,68,18,2.086424402801588,25
2578,44,14,51,5,2.084874228955972,9
2579,74,47,65,23,2.0847963525870914,24
2580,82,10,63,5,2.077975861296688,5
2581,109,29,84,13,2.061335008909019,16
2582,86,45,90,20,2.0574221764428238,25
2583,78,15,43,7,2.054733354299414,8
2584,8,35,100,16,2.047478772871745,19
2585,49,42,86,22,2.0472325960607987,20
2586,93,21,88,9,2.047097578055209,12
2587,68,27,38,12,2.039399077627948,15
2588,60,64,77,31,2.035893887053104,33
2589,40,59,88,27,2.0357313010299647,32
2590,83,13,50,7,2.034563553464953,6
2591,104,21,17,10,2.0345116655508866,11
2592,114,19,15,9,2.0315983014363965,10
2593,91,14,114,7,2.0312426341433967,7
2594,60,29,9,12,2.026686622824744,17
2595,32,11,13,5,2.026181507027534,6
2596,18,32,60,15,2.0244266182620256,17
2597,23,15,104,6,2.0224196019831586,9
2598,15,35,65,16,2.022134887421027,19
2599,114,27,17,11,2.0211590753648707,16
2600,8,37,90,16,2.0194647820717804,21
2601,93,11,60,4,2.018629631632218,7
2602,69,14,37,7,2.015512849900141,7
2603,20,36,51,19,2.015324697925083,17
2604,68,29,70,14,2.0151181581046385,15
2605,16,53,23,25,2.013807360415177,28
2606,83,22,97,12,2.007636873207567,10
2607,109,15,49,7,2.005068879120546,8
2608,68,26,46,12,2.0015169846627185,14
2609,79,19,11,8,2.0010110542603083,11
2610,75,32,87,15,2.0004298974911783,17
2611,114,26,74,13,1.9975972531686872,13
2612,65,54,12,27,1.9957561650516,27
2613,104,15,112,7,1.99393597279257,8
2614,60,20,38,10,1.990189103737265,10
2615,53,19,4,9,1.987694792892671,10
2616,28,38,25,16,1.9833898911599184,22
2617,51,11,89,5,1.9808331837442865,6
2618,109,11,62,4,1.976950135615491,7
2619,95,28,53,11,1.9769373995573185,17
2620,54,10,35,4,1.9706076038783524,6
2621,16,49,70,22,1.9664047334731982,27
2622,57,22,46,10,1.9631857780739914,12
2623,50,11,35,5,1.9581460146246747,6
2624,12,11,64,5,1.9561095797895818,6
2625,3,12,93,7,1.9498563082125624,5
2626,36,34,64,17,1.9485056781764598,17
2627,7,15,48,8,1.9478692265013036,7
2628,25,20,55,9,1.9429576796619945,11
2629,112,14,69,7,1.9415067419167833,7
2630,88,57,28,26,1.9407035160478816,31
2631,23,14,31,6,1.9392936999416424,8
2632,110,13,104,5,1.9388474450810558,8
2633,71,49,7,25,1.9387153694352777,24
2634,32,10,98,5,1.9380052263831626,5
2635,35,26,86,11,1.9370820379140026,15
2636,17,11,80,4,1.9331063026674833,7
2637,23,14,97,7,1.9330528734436567,7
2638,8,88,55,44,1.930721436589091,44
2639,70,19,40,8,1.9276789997691202,11
2640,17,28,54,14,1.9259736473512523,14
2641,16,89,28,41,1.923978729516393,48
2642,15,37,68,16,1.923820018128204,21
2643,114,21,18,10,1.923577249757446,11
2644,63,40,50,18,1.9230864117365438,22
2645,9,10,79,4,1.9224211679655938,6
2646,53,43,64,20,1.921457820047301,23
2647,99,11,76,6,1.9173589523208343,5
2648,97,32,106,16,1.9159665785715099,16
2649,110,11,17,5,1.9155371371930665,6
2650,107,29,69,14,1.9118248714259234,15
2651,68,38,1,18,1.9099752765436664,20
2652,97,11,62,5,1.9079115401576703,6
2653,8,67,28,31,1.9053784571291423,36
2654,55,27,99,12,1.8950724021518552,15
2655,16,39,48,19,1.8916703627070945,20
2656,20,35,106,16,1.890590591428699,19
2657,25,23,64,11,1.8857238852847684,12
2658,17,28,49,15,1.8850836144226455,13
2659,96,16,30,7,1.885074878690488,9
2660,2,41,8,20,1.8848654476169697,21
2661,23,32,8,15,1.8844043470070257,17
2662,30,15,108,7,1.879952363520107,8
2663,3,29,69,15,1.8798651806530013,14
2664,3,20,61,7,1.8795333987269642,13
2665,104,64,13,30,1.8742619730677343,34
2666,37,95,5,46,1.8654288703425719,49
2667,87,41,84,19,1.8645250562614124,22
2668,43,21,114,11,1.8643335671695769,10
2669,49,30,7,13,1.8540125722797836,17
2670,65,34,11,17,1.8539964064959285,17
2671,53,22,97,10,1.849246682219108,12
2672,77,19,88,9,1.843213635680612,10
2673,114,30,20,14,1.8395405662544742,16
2674,100,10,79,4,1.8395053000006611,6
2675,84,38,96,19,1.8356486827006797,19
2676,62,30,87,14,1.829195534406874,16
2677,74,29,13,14,1.8278354237299064,15
2678,11,15,114,8,1.8276036019184323,7
2679,106,11,3,5,1.8270221877820192,6
2680,44,13,114,6,1.8263733365516701,7
2681,64,16,108,8,1.8224151605655865,8
2682,102,13,99,6,1.8212893413036875,7
2683,40,18,111,9,1.8104998545748818,9
2684,29,18,94,9,1.8096140401456071,9
2685,36,22,25,11,1.8071440138268557,11
2686,30,24,69,12,1.8065594670571052,12
2687,51,34,31,14,1.8036645224364214,20
2688,18,32,41,16,1.8004819942826358,16
2689,96,32,88,16,1.7995512956770663,16
2690,68,104,13,49,1.7929240784445672,55
2691,114,35,39,18,1.7909993968165117,17
2692,20,19,48,8,1.7888857426975076,11
2693,86,25,108,13,1.7878614121722645,12
2694,87,16,6,8,1.786303676475521,8
2695,13,29,112,15,1.7831450433643103,14
2696,39,51,55,23,1.7821568169324575,28
2697,37,25,90,12,1.7816453937181782,13
2698,89,11,65,5,1.7733881874637512,6
2699,88,11,110,6,1.7642228121429866,5
2700,8,56,96,26,1.7581112090346542,30
2701,51,14,61,5,1.755600841676815,9
2702,84,26,70,12,1.7530345342228948,14
2703,51,19,112,9,1.744621447758818,10
2704,60,33,36,16,1.7416473627060747,17
2705,18,11,6,5,1.7414584600944751,6
2706,36,37,88,16,1.7392851936744347,21
2707,12,14,85,7,1.7342499907605369,7
2708,106,38,96,17,1.7318320126651918,21
2709,70,19,75,10,1.7314858975507377,9
2710,32,13,68,5,1.731166259808923,8
2711,63,15,45,7,1.7260545689947924,8
2712,106,21,30,10,1.7186910974442093,11
2713,50,20,34,9,1.7118812894704334,11
2714,62,28,71,14,1.710784794078352,14
2715,54,40,7,19,1.7088310244062668,21
2716,48,10,37,5,1.7035937503192145,5
2717,23,44,86,21,1.7030841833116428,23
2718,20,16,102,8,1.6989391239814933,8
2719,36,15,23,9,1.6972875274185721,6
2720,51,14,58,7,1.6936471630550665,7
2721,28,64,5,31,1.6933141899778523,33
2722,30,65,86,29,1.6862602890480818,36
2723,47,29,51,15,1.6857225925039412,14
2724,45,28,31,13,1.6710870406691087,15
2725,9,41,39,21,1.6651416477270053,20
2726,85,16,17,7,1.6640468368595829,9
2727,46,25,76,12,1.6630163205732915,13
2728,37,47,74,23,1.6628163329711263,24
2729,36,23,68,11,1.6511686348202657,12
2730,15,16,78,8,1.6428031530867078,8
2731,72,13,47,7,1.6387746545153188,6
2732,44,17,87,8,1.6239279411647842,9
2733,51,85,107,36,1.6218958605184095,49
2734,68,18,57,9,1.6190755944848347,9
2735,39,34,19,14,1.6188387339866877,20
2736,81,19,18,9,1.6163568658399623,10
2737,94,10,18,5,1.6001116131573032,5
2738,14,11,75,5,1.5947210222856318,6
2739,2,15,25,8,1.5845186001024008,7
2740,107,22,81,10,1.581698926790109,12
2741,55,22,90,12,1.578656952498874,10
2742,60,25,46,12,1.5735893742532674,13
2743,57,45,86,22,1.5720753118306072,23
2744,63,43,41,20,1.5704593108021436,23
2745,50,16,12,10,1.5648641628940967,6
2746,9,14,111,7,1.5621342613374551,7
2747,109,26,106,13,1.562107287891286,13
2748,107,40,70,20,1.56095506599338,20
2749,104,23,83,10,1.5563880557352996,13
2750,54,35,30,17,1.556335080451803,18
2751,75,44,55,19,1.5547955200380577,25
2752,87,41,74,19,1.54873499555014,22
2753,103,10,30,5,1.5394915574668553,5
2754,9,16,30,7,1.5322802404962022,9
2755,29,13,53,5,1.5317670028644748,8
2756,39,57,11,27,1.5311078024217135,30
2757,114,20,84,9,1.5282826629009798,11
2758,27,18,23,9,1.5258397874765746,9
2759,83,26,65,13,1.5253499649391113,13
2760,13,37,17,17,1.5236339910143735,20
2761,35,14,37,7,1.523131742310598,7
2762,68,27,12,13,1.517081818494546,14
2763,46,12,55,5,1.5148590180899557,7
2764,30,22,18,11,1.5109053995571697,11
2765,13,40,109,20,1.5108083760384103,20
2766,39,47,54,23,1.5070950101827654,24
2767,103,31,16,15,1.5006349831349444,16
2768,17,31,50,16,1.4997072054884293,15
2769,98,29,107,14,1.499083976212842,15
2770,25,18,43,7,1.4984580698640848,11
2771,9,34,63,16,1.4983458266579124,18
2772,46,52,5,24,1.4974094901037487,28
2773,112,16,11,8,1.4950492246382476,8
2774,34,26,13,12,1.4935761224907236,14
2775,53,13,100,6,1.4886628314229116,7
2776,60,74,71,35,1.4843115108657077,39
2777,68,10,84,4,1.478899377350919,6
2778,73,15,63,8,1.4760785674332926,7
2779,72,17,15,9,1.4754546744739183,8
2780,109,63,86,30,1.4751285071061642,33
2781,11,17,32,9,1.4729852723414754,8
2782,6,13,69,7,1.4672562795661186,6
2783,71,24,3,11,1.4668209780059585,13
2784,100,18,50,8,1.4641740921081967,10
2785,23,13,43,6,1.4628793390447163,7
2786,40,64,51,31,1.4624658901194145,33
2787,31,21,47,10,1.4606130980712668,11
2788,25,23,83,10,1.4597201880554966,13
2789,69,14,85,7,1.4562642568633453,7
2790,8,16,38,8,1.4562520429495758,8
2791,53,30,55,14,1.4538038424746393,16
2792,46,62,88,31,1.4519317579443412,31
2793,106,55,63,27,1.4485566818099482,28
2794,50,44,11,21,1.4477856494836985,23
2795,107,114,86,54,1.4448021131182338,60
2796,65,22,47,11,1.444494672794184,11
2797,54,72,8,32,1.441356489080882,40
2798,29,19,11,9,1.4398234321541226,10
2799,20,21,97,11,1.439527960881874,10
2800,50,28,25,14,1.4391705454909012,14
2801,34,10,114,4,1.4351304706118748,6
2802,70,56,86,26,1.42921805361145,30
2803,36,35,45,19,1.423273124508123,16
2804,71,23,55,12,1.4219584840110406,11
2805,1,11,53,5,1.4196819324858228,6
2806,16,35,90,18,1.4190191744987382,17
2807,109,19,48,10,1.418982662208447,9
2808,12,16,40,8,1.4120822666164417,8
2809,12,20,71,10,1.4059148964814159,10
2810,46,25,9,13,1.4052752923291358,12
2811,57,33,51,16,1.4052388943856575,17
2812,77,17,29,7,1.4023668107801965,10
2813,70,17,95,9,1.4011695857654913,8
2814,75,12,44,5,1.399837377533035,7
2815,88,19,12,9,1.3954007588930366,10
2816,91,13,9,6,1.3946381880594532,7
2817,109,12,100,7,1.3896409060028987,5
2818,23,17,3,8,1.386787433063704,9
2819,85,15,51,8,1.3865271523421439,7
2820,30,37,19,18,1.385216334493378,19
2821,36,11,29,6,1.3837445576600587,5
2822,95,31,7,14,1.3809406634768675,17
2823,106,30,41,15,1.3806292559177733,15
2824,4,24,16,13,1.3802504001914424,11
2825,55,15,62,7,1.3800432063216206,8
2826,86,66,55,31,1.371489773467497,35
2827,75,10,48,5,1.3711471542080278,5
2828,25,26,30,14,1.363384718034577,12
2829,112,12,74,6,1.3616749140437374,6
2830,111,17,87,8,1.3561671479223418,9
2831,97,37,88,18,1.349074362930903,19
2832,18,12,27,5,1.348491059130868,7
2833,108,17,40,9,1.3479697301696818,8
2834,70,29,76,15,1.3451436146232179,14
2835,57,11,48,5,1.3440079866073944,6
2836,6,10,23,5,1.3385415186806262,5
2837,108,13,81,6,1.3379621241230502,7
2838,50,32,51,16,1.3326103812189878,16
2839,94,13,37,6,1.3280387948229053,7
2840,74,18,80,9,1.3199661328668575,9
2841,10,16,8,7,1.3145513780375315,9
2842,32,12,51,6,1.314434714983352,6
2843,9,28,58,13,1.310268135821902,15
2844,87,38,109,17,1.307761261448275,21
2845,41,28,114,14,1.30733810804357,14
2846,84,11,64,4,1.3059634387921,7
2847,78,34,107,16,1.3041151845432153,18
2848,20,14,104,6,1.303497989239853,8
2849,5,44,13,21,1.302350985374302,23
2850,107,30,112,15,1.3015224651570316,15
2851,87,55,30,26,1.3013824151305413,29
2852,86,22,94,10,1.301305007900728,12
2853,70,23,39,12,1.3007482514942401,11
2854,7,22,8,10,1.29527150144924,12
2855,2,22,74,10,1.2925512141562505,12
2856,16,53,74,25,1.2870673809929651,28
2857,33,17,54,9,1.2844291677407338,8
2858,28,57,109,26,1.284394464401595,31
2859,103,13,65,7,1.2841419220170616,6
2860,88,22,35,11,1.2841130433589263,11
2861,97,20,109,10,1.283406905257821,10
2862,63,50,87,23,1.2783017322984431,27
2863,96,59,107,27,1.2779661064945949,32
2864,63,26,112,13,1.275100116999867,13
2865,107,38,90,19,1.2750427230775991,19
2866,71,11,1,6,1.2732152302328,5
2867,50,19,108,10,1.2701675761997318,9
2868,73,15,16,8,1.2607482082851333,7
2869,27,10,46,4,1.255099102534174,6
2870,51,54,41,26,1.2550985410073052,28
2871,17,11,62,5,1.2486647888480191,6
2872,13,102,65,48,1.2448366263063695,54
2873,108,16,55,7,1.2425126869095338,9
2874,77,22,65,11,1.2403405493552604,11
2875,107,30,4,15,1.2387516471106226,15
2876,71,25,31,12,1.2380158081615504,13
2877,68,29,78,14,1.2359823399765786,15
2878,63,16,95,8,1.233969730193377,8
2879,60,33,41,17,1.2319535203548815,16
2880,71,26,9,12,1.2262156519313812,14
2881,58,10,100,5,1.217244071723862,5
2882,86,81,20,38,1.214920984168942,43
2883,98,11,74,5,1.2137114800422117,6
2884,41,11,48,5,1.2123861926388988,6
2885,25,33,97,16,1.211209753293348,17
2886,63,44,7,18,1.2086828652803667,26
2887,86,41,78,20,1.1995063387988498,21
2888,75,52,65,26,1.1957967627587305,26
2889,25,67,16,32,1.1932865297100665,35
2890,87,16,110,7,1.187803786715121,9
2891,76,31,96,14,1.1853039288193825,17
2892,8,77,88,37,1.1776806698246343,40
2893,87,42,104,22,1.170448333008426,20
2894,34,24,84,12,1.1548366743313077,12
2895,57,37,13,19,1.1523832009478125,18
2896,11,29,74,14,1.1468410073590314,15
2897,64,20,45,9,1.1431500338693237,11
2898,88,24,38,10,1.1397328805109292,14
2899,86,77,54,38,1.1362741922890973,39
2900,36,26,106,13,1.1307287364062801,13
2901,3,26,31,14,1.130409883055894,12
2902,114,21,69,9,1.1298921487065041,12
2903,43,16,109,7,1.1286091088310066,9
2904,15,17,64,7,1.1222199728342503,10
2905,72,14,11,7,1.1221840079667866,7
2906,55,61,51,29,1.121525429408849,32
2907,100,31,12,15,1.111504913979322,16
2908,16,44,114,20,1.1112389462801522,24
2909,41,58,88,27,1.1098846450807438,31
2910,88,37,109,17,1.108634739902465,20
2911,73,13,55,6,1.1082443575059586,7
2912,30,34,51,16,1.107725222608493,18
2913,91,12,47,6,1.1047106963660296,6
2914,40,19,45,9,1.1043531225931202,10
2915,96,18,2,9,1.1039761816908797,9
2916,107,35,46,18,1.1031099530770954,17
2917,109,18,69,9,1.1029346435463476,9
2918,87,54,3,26,1.102649249522961,28
2919,70,39,106,20,1.1024614638047308,19
2920,54,75,16,37,1.101607893583663,38
2921,27,27,63,14,1.0995729583369798,13
2922,39,62,65,32,1.0905059047405543,30
2923,40,13,74,6,1.0901529369074687,7
2924,11,25,60,12,1.0889866971650626,13
2925,19,15,98,8,1.0850558135481494,7
2926,17,14,15,6,1.0815196129384674,8
2927,68,70,27,34,1.0752814973851779,36
2928,64,19,97,9,1.0748997556854092,10
2929,67,20,37,9,1.0707700527635258,11
2930,58,14,71,7,1.0679524363994282,7
2931,70,55,8,27,1.0665028298167964,28
2932,104,30,109,15,1.0638658496000608,15
2933,80,19,11,10,1.0634610256252162,9
2934,103,11,3,6,1.062442911366952,5
2935,100,14,44,7,1.0590413147864144,7
2936,63,26,60,12,1.056861033657389,14
2937,71,18,45,10,1.0500246166344394,8
2938,27,21,62,10,1.0475308018194036,11
2939,4,60,13,28,1.0440840904331967,32
2940,18,35,51,18,1.0414861976482428,17
2941,104,16,33,7,1.0375486456158112,9
2942,90,21,88,11,1.0373159148886417,10
2943,7,59,18,30,1.0365595161190129,29
2944,45,14,3,7,1.0349134798027078,7
2945,13,56,9,26,1.0296923282418164,30
2946,16,32,29,16,1.02545444058414,16
2947,107,71,63,38,1.0248363854044262,33
2948,63,20,44,9,1.0233184771026502,11
2949,70,10,33,5,1.0222975969230632,5
2950,57,13,60,6,1.0152034376280954,7
2951,88,78,51,42,1.0127086502414953,36
2952,87,52,28,26,1.0126365910584707,26
2953,100,19,94,8,1.011314761300663,11
2954,45,12,88,5,1.0058195203591582,7
2955,13,43,75,20,1.005364432264769,23
2956,41,73,13,36,1.0052100802031876,37
2957,114,11,93,6,1.004990658958168,5
2958,37,37,17,16,0.9978108601802018,21
2959,13,36,11,17,0.9941505896281725,19
2960,68,26,94,13,0.978428606131044,13
2961,72,19,78,10,0.9767090267599329,9
2962,107,65,5,32,0.9748363761521144,33
2963,78,12,9,6,0.9745877106891208,6
2964,107,60,60,29,0.9741291318407875,31
2965,72,34,16,16,0.9726207989483693,18
2966,53,40,51,20,0.9719493528973242,20
2967,39,72,13,34,0.9683548554369994,38
2968,76,31,50,13,0.9653541591978417,18
2969,104,38,106,19,0.9604760273979323,19
2970,106,11,103,6,0.9583580547252424,5
2971,54,17,29,8,0.9568622693148616,9
2972,14,14,5,6,0.9561035605846475,8
2973,63,23,53,11,0.9461903574638922,12
2974,18,29,40,12,0.9358054757186772,17
2975,87,20,58,10,0.9353952049936141,10
2976,29,17,103,7,0.9351660888170469,10
2977,29,19,8,8,0.9301593990618597,11
2978,28,15,15,8,0.9292417398610766,7
2979,33,17,86,9,0.9246066959077469,8
2980,86,14,113,6,0.9183338417210537,8
2981,75,27,114,13,0.9181862737012574,14
2982,106,100,86,49,0.9173221659807225,51
2983,50,20,112,9,0.9149514035999706,11
2984,39,14,1,5,0.9120351629887077,9
2985,43,17,50,7,0.911659904777202,10
2986,114,58,86,29,0.910815171729828,29
2987,76,16,95,8,0.9107888940485349,8
2988,36,35,75,19,0.9076169876586753,16
2989,112,11,14,6,0.9022319115654415,5
2990,60,12,111,7,0.9019980300500788,5
2991,62,14,50,6,0.9017457082495502,8
2992,68,17,74,7,0.9001065237726507,10
2993,94,29,107,12,0.8910851843021007,17
2994,60,17,83,8,0.8851626447494981,9
2995,83,21,88,11,0.8798897555023182,10
2996,84,17,91,8,0.8755346549877653,9
2997,112,18,23,8,0.8735906898502468,10
2998,108,11,7,6,0.8716332223147827,5
2999,60,17,84,10,0.871614356489069,7
3000,8,67,37,33,0.8700084298071539,34
3001,10,10,114,4,0.8617397018011257,6
3002,77,14,64,8,0.8550421959375887,6
3003,41,12,38,5,0.8514389884122232,7
3004,39,13,102,6,0.8492100400200487,7
3005,60,14,98,7,0.8439389777307171,7
3006,15,45,16,23,0.8420020533369178,22
3007,16,46,112,22,0.8388232147392494,24
3008,103,10,94,5,0.8351093164432406,5
3009,2,16,46,8,0.8285194662826778,8
3010,29,12,106,6,0.8264692442725535,6
3011,28,48,37,24,0.8263140292594408,24
3012,84,15,95,7,0.8218033746912388,8
3013,50,67,54,33,0.8208738895797709,34
3014,114,19,45,9,0.8205689132017492,10
3015,7,75,39,38,0.8189236707176722,37
3016,7,80,41,40,0.8113607765595663,40
3017,7,16,79,8,0.808566327439515,8
3018,84,31,50,16,0.8064114901977948,15
3019,56,14,40,7,0.8062835825274064,7
3020,30,26,40,13,0.8045580871786187,13
3021,98,11,62,5,0.7995773049352667,6
3022,78,20,88,10,0.7981738756110616,10
3023,2,22,88,11,0.7956469041111237,11
3024,38,31,13,17,0.7920173562182002,14
3025,27,34,11,16,0.791982578769832,18
3026,28,16,89,7,0.7901986413516635,9
3027,75,14,33,6,0.7900898585820654,8
3028,96,15,3,8,0.788360761162582,7
3029,4,18,104,10,0.7872554057904764,8
3030,39,48,41,25,0.7814214856066571,23
3031,13,51,28,25,0.7790491963091711,26
3032,87,22,99,10,0.7762165713325069,12
3033,55,21,57,9,0.7741765920845296,12
3034,16,24,33,10,0.7738486392069243,14
3035,10,19,84,9,0.7730240789929571,10
3036,17,34,107,17,0.7719574333138971,17
3037,97,20,93,10,0.7717644600090583,10
3038,50,20,69,11,0.7658320012010581,9
3039,68,63,86,32,0.7623353000701578,31
3040,68,82,51,38,0.7559205850767848,44
3041,87,18,103,10,0.7529802168659739,8
3042,14,15,13,6,0.7511854242648525,9
3043,46,24,84,11,0.744605770354001,13
3044,36,13,74,5,0.7437175733038444,8
3045,38,22,64,11,0.741675899909912,11
3046,25,24,15,13,0.7394428200536315,11
3047,50,43,106,22,0.7389423076340088,21
3048,78,28,63,14,0.7387444601081155,14
3049,76,37,11,17,0.7368187666821265,20
3050,5,40,63,22,0.7358500176759455,18
3051,40,77,86,36,0.7352757671814381,41
3052,17,18,87,9,0.7339013030227953,9
3053,9,22,112,10,0.732655126226577,12
3054,95,41,5,21,0.731606653431554,20
3055,68,24,17,11,0.7306498470996444,13
3056,3,27,9,13,0.7284011303001918,14
3057,71,10,96,5,0.7278695572627789,5
3058,8,24,17,12,0.7243993806611897,12
3059,86,89,65,46,0.7181707847876222,43
3060,51,30,23,14,0.7180021111107817,16
3061,61,18,40,9,0.7154895706830828,9
3062,82,13,28,7,0.7153587234866209,6
3063,43,18,71,10,0.7122285277146704,8
3064,106,18,27,7,0.7074485049679566,11
3065,18,23,104,13,0.701208945227421,10
3066,38,11,91,5,0.7003822911270713,6
3067,57,11,95,4,0.6989616542578664,7
3068,61,11,39,6,0.6964131355147419,5
3069,87,49,96,23,0.6942502729034727,26
3070,11,17,93,10,0.6934063282822602,7
3071,3,40,68,19,0.6924118113820608,21
3072,69,19,11,10,0.6915995107461651,9
3073,8,30,76,14,0.6822031764790529,16
3074,18,19,25,10,0.6816652439852776,9
3075,109,14,23,7,0.6795387556597896,7
3076,29,13,79,5,0.67578388648967,8
3077,109,26,60,13,0.673756859043161,13
3078,37,40,114,18,0.6680388190804037,22
3079,49,33,30,17,0.6675198011537093,16
3080,62,27,39,14,0.6482065801081061,13
3081,65,28,84,14,0.6478183306385065,14
3082,64,25,27,13,0.6463666592398386,12
3083,2,10,109,5,0.6444253237530958,5
3084,61,19,13,11,0.643994979824989,8
3085,98,16,50,8,0.6426219058041094,8
3086,13,43,15,22,0.6425087912153995,21
3087,25,25,41,14,0.6394054706376684,11
3088,111,17,36,8,0.6365354853619557,9
3089,13,34,20,16,0.632497829596757,18
3090,4,28,64,13,0.6316212138641686,15
3091,19,24,69,12,0.6315511369711589,12
3092,60,23,1,11,0.6297573562891167,12
3093,65,40,37,21,0.6273579146862459,19
3094,36,33,71,17,0.6241330409639582,16
3095,12,19,18,9,0.6189201728029503,10
3096,40,12,38,5,0.6179079194784384,7
3097,31,22,58,11,0.6168553703735019,11
3098,28,55,11,26,0.6161995497274562,29
3099,91,16,70,7,0.6063303701253773,9
3100,20,22,30,11,0.6022022898044114,11
3101,63,15,34,7,0.6010869874219945,8
3102,71,32,106,15,0.6009609652453856,17
3103,111,10,12,6,0.6003907747378726,4
3104,71,10,23,4,0.6000287508458257,6
3105,8,32,30,16,0.5997865755423968,16
3106,27,20,50,8,0.5985346742439409,12
3107,94,14,88,6,0.594908220356331,8
3108,100,25,62,13,0.5911979536362993,12
3109,50,42,13,21,0.5885113336676775,21
3110,76,13,36,4,0.5885035889042722,9
3111,55,24,20,12,0.5874553964616283,12
3112,81,16,68,8,0.5833845458965541,8
3113,90,18,84,9,0.5795253040496203,9
3114,30,14,4,7,0.5785293478182254,7
3115,12,11,34,5,0.5779080420659152,6
3116,46,32,87,14,0.5771141288489539,18
3117,114,40,7,19,0.5741553045041318,21
3118,69,15,71,8,0.5724150990318919,7
3119,69,14,12,8,0.5699279230894607,6
3120,43,29,19,14,0.5686486371993853,15
3121,40,10,94,5,0.5678516928680516,5
3122,71,13,78,6,0.5661963238744551,7
3123,29,10,108,5,0.5615423900676226,5
3124,83,10,2,5,0.5594397265150824,5
3125,57,46,16,23,0.5579479306524194,23
3126,46,20,41,9,0.5567343104251282,11
3127,114,14,30,7,0.5541405297268072,7
3128,5,49,54,23,0.5526115688513309,26
3129,92,17,7,7,0.5480230211986101,10
3130,98,27,16,13,0.5462850233229243,14
3131,64,29,54,15,0.5456745481805155,14
3132,109,24,76,13,0.5448488954730378,11
3133,86,12,66,6,0.5447941989519712,6
3134,60,77,7,38,0.5423394255026432,39
3135,50,36,8,19,0.5398388863137726,17
3136,106,10,1,5,0.539652861011431,5
3137,112,17,72,8,0.5382508201473253,9
3138,65,37,17,16,0.5366069246519296,21
3139,11,18,17,9,0.5333410210662327,9
3140,107,20,6,10,0.5288105428737948,10
3141,73,19,28,10,0.5214155246375574,9
3142,84,27,78,13,0.5159724183872996,14
3143,4,18,9,9,0.5118055197130339,9
3144,27,36,30,17,0.510619071393242,19
3145,68,72,65,36,0.5098172253721428,36
3146,111,51,68,26,0.5032623987050037,25
3147,64,32,87,15,0.5008683686632482,17
3148,90,13,91,6,0.5003235284827323,7
3149,23,20,54,10,0.5000451529620598,10
3150,88,35,31,18,0.4999807976090588,17
3151,107,97,7,43,0.499325728982042,54
3152,5,59,87,29,0.4991669720547012,30
3153,46,54,11,27,0.49798885025994755,27
3154,39,64,107,32,0.4979695259912996,32
3155,74,22,18,12,0.49290222508995235,10
3156,86,24,93,12,0.49230543753796824,12
3157,57,14,104,5,0.4845128262229356,9
3158,15,16,30,8,0.483729231357247,8
3159,84,10,94,5,0.4811703860633969,5
3160,95,28,74,13,0.47842550860281996,15
3161,75,31,41,14,0.47837138213253816,17
3162,27,25,75,13,0.4772781481362799,12
3163,25,51,39,26,0.4759465051184244,25
3164,13,30,72,16,0.47398031208432273,14
3165,40,39,16,20,0.4700829739213681,19
3166,12,33,51,16,0.4698044918639078,17
3167,65,54,31,26,0.46913887469692744,28
3168,104,38,76,20,0.4636043507636342,18
3169,107,84,28,40,0.460482572110683,44
3170,97,39,107,20,0.4513498337115768,19
3171,64,17,17,9,0.45034602156283254,8
3172,27,32,12,17,0.4502209584753873,15
3173,80,11,9,7,0.4439834453330457,4
3174,30,12,81,6,0.4415699886360258,6
3175,90,15,11,7,0.4409004522210816,8
3176,33,12,88,5,0.4385860351450243,7
3177,107,73,84,36,0.4361795606795497,37
3178,40,43,31,22,0.429627197462679,21
3179,68,46,63,23,0.4255709909849699,23
3180,46,11,19,6,0.4237898327913996,5
3181,2,11,61,5,0.4210554709420025,6
3182,11,61,107,29,0.41709104497289784,32
3183,5,14,38,7,0.4168378546295618,7
3184,49,78,13,42,0.41556523924290684,36
3185,54,34,84,17,0.4144322968093763,17
3186,20,16,69,8,0.4110151707783569,8
3187,31,33,86,17,0.4107692180392416,16
3188,96,39,55,20,0.409999012059578,19
3189,50,18,79,9,0.4091046493522828,9
3190,65,19,109,11,0.40467480974394743,8
3191,1,13,62,7,0.40260932742909444,6
3192,100,47,39,24,0.4023070894967499,23
3193,35,16,30,8,0.4016415319429745,8
3194,61,16,65,9,0.395050527419345,7
3195,55,16,41,8,0.3929137359889599,8
3196,102,14,84,7,0.3912018744364814,7
3197,8,13,44,6,0.3904420875790005,7
3198,69,30,36,15,0.38598798110099336,15
3199,39,42,47,20,0.38310561612813676,22
3200,16,30,111,14,0.38292925496486846,16
3201,114,16,49,9,0.38282715464735084,7
3202,114,28,71,14,0.3795577437704574,14
3203,70,22,97,12,0.3783758219642565,10
3204,14,18,84,8,0.37783903496494214,10
3205,87,28,47,14,0.37376203212616155,14
3206,40,21,75,10,0.36863713867004627,11
3207,94,19,41,10,0.36863478647370623,9
3208,95,26,28,12,0.36814720179538635,14
3209,92,18,13,7,0.36521745881563183,11
3210,65,48,60,21,0.36041109535232235,27
3211,8,90,107,47,0.353381442068116,43
3212,49,10,5,5,0.3484948933204418,5
3213,107,57,68,27,0.3442330203809919,30
3214,63,50,39,21,0.342693580968131,29
3215,17,12,69,6,0.33992057730208697,6
3216,109,13,4,6,0.3380907022892352,7
3217,83,20,106,11,0.33164456490941063,9
3218,3,13,46,7,0.32759691142996444,6
3219,87,26,2,13,0.3261916240593897,13
3220,80,17,71,9,0.3237123360021306,8
3221,86,34,2,18,0.32232529406269955,16
3222,83,25,28,14,0.3193130867023741,11
3223,33,22,13,11,0.31857589309244677,11
3224,60,48,53,25,0.3118269913878374,23
3225,64,12,28,6,0.30789275575683855,6
3226,23,19,111,11,0.30722018824927017,8
3227,65,21,78,9,0.3063916305094034,12
3228,1,35,107,18,0.30511491832295773,17
3229,39,65,87,33,0.3038644163880155,32
3230,9,47,51,24,0.30084887268484173,23
3231,114,60,88,30,0.29749332449413723,30
3232,88,15,48,6,0.2955612335778544,9
3233,19,53,16,27,0.2914881148216773,26
3234,27,17,25,9,0.2912949474117505,8
3235,80,34,86,17,0.2891436647516337,17
3236,12,31,39,16,0.2859735583852553,15
3237,68,63,60,33,0.28538797843058167,30
3238,67,12,25,6,0.2816428039469064,6
3239,96,12,67,7,0.27996501259109813,5
3240,7,20,70,8,0.27895885562124206,12
3241,53,18,5,8,0.2778213329671456,10
3242,112,16,17,8,0.27197121777913047,8
3243,81,24,88,12,0.2692388574128349,12
3244,87,18,52,10,0.2686604923430049,8
3245,36,11,38,4,0.26679215079866997,7
3246,19,17,88,9,0.26510089629965644,8
3247,37,22,76,12,0.2606095394442829,10
3248,54,80,107,41,0.25756345940778985,39
3249,71,36,88,16,0.25752053570309325,20
3250,4,32,68,16,0.25730955252799864,16
3251,27,58,51,28,0.25716450058937024,30
3252,37,51,51,28,0.2542884534727083,23
3253,86,74,13,38,0.25356131973541846,36
3254,81,21,3,10,0.25253107561483373,11
3255,17,11,108,5,0.2506467392789146,6
3256,88,38,20,20,0.24807571543102264,18
3257,40,25,47,14,0.24655985846699452,11
3258,3,21,55,10,0.24651937295617823,11
3259,39,10,93,5,0.24650819188032075,5
3260,13,56,53,26,0.23596481784004864,30
3261,65,10,101,5,0.22906131925901718,5
3262,67,12,84,5,0.22644335659627104,7
3263,104,38,68,18,0.22065757437372407,20
3264,106,69,28,34,0.21905675330440585,35
3265,107,40,18,22,0.21456452912257484,18
3266,53,21,44,9,0.2122113313421154,12
3267,77,23,4,11,0.21032266650338882,12
3268,3,26,49,13,0.2085026927517736,13
3269,28,11,66,5,0.2056598644516812,6
3270,46,23,17,12,0.20521498367655996,11
3271,8,46,20,23,0.2023315764151644,23
3272,63,48,40,23,0.20172959340563693,25
3273,65,101,63,50,0.2015263747176784,51
3274,76,11,47,3,0.1986777302440924,8
3275,107,61,74,29,0.19420996588142148,32
3276,2,32,97,16,0.19179066671966688,16
3277,88,19,61,8,0.1901426643579958,11
3278,88,35,37,17,0.1877253046596751,18
3279,35,12,70,7,0.18631436457958764,5
3280,44,15,65,6,0.18351226600640885,9
3281,29,18,7,7,0.1811541190870061,11
3282,50,25,114,12,0.18060110833646845,13
3283,70,23,41,13,0.17939581625615084,10
3284,7,87,65,46,0.17939405354363122,41
3285,71,33,8,17,0.17759312635004623,16
3286,11,50,87,27,0.17423195480136414,23
3287,11,47,106,26,0.17225906773687616,21
3288,106,28,100,13,0.1677556244233457,15
3289,7,51,4,26,0.16136746029798088,25
3290,62,12,106,6,0.1584669634691407,6
3291,7,16,83,7,0.15765677447455273,9
3292,112,31,65,16,0.15691587782419453,15
3293,13,19,96,9,0.15564789635830772,10
3294,114,70,107,34,0.15494812173876207,36
3295,84,22,80,10,0.15202664995311643,12
3296,51,20,98,10,0.14461940831704007,10
3297,68,27,77,13,0.13580989335569094,14
3298,73,10,25,5,0.1328731236438802,5
3299,33,16,114,9,0.13065946112886406,7
3300,69,25,7,13,0.12779683769016903,12
3301,28,22,98,9,0.12169006680659694,13
3302,28,19,79,10,0.11459893657872618,9
3303,68,10,79,4,0.11002938828097442,6
3304,2,18,84,9,0.10504403066305398,9
3305,8,48,39,25,0.0999031295707189,23
3306,13,24,45,12,0.09910833731150663,12
3307,50,57,86,30,0.09835934402357824,27
3308,86,30,53,13,0.09593092236920715,17
3309,74,39,25,20,0.09563368284676016,19
3310,87,14,92,7,0.09367358040314991,7
3311,44,26,16,14,0.09298306483163052,12
3312,114,29,36,13,0.09213128587786307,16
3313,106,19,43,10,0.09144216539691846,9
3314,95,52,86,24,0.08956033992826938,28
3315,114,48,104,25,0.08363522002228145,23
3316,84,37,88,17,0.08333477514829757,20
3317,41,51,16,27,0.08012437881427624,24
3318,97,36,74,17,0.07931920932357782,19
3319,87,58,51,29,0.07721892392268634,29
3320,19,36,15,18,0.06977917031933925,18
3321,62,19,37,8,0.06880627143278654,11
3322,106,21,40,10,0.06808253080226546,11
3323,39,38,50,19,0.0584950016703539,19
3324,29,19,38,9,0.056275627076261485,10
3325,57,30,41,15,0.054056619434678765,15
3326,8,70,106,37,0.05212763279076112,33
3327,23,20,15,10,0.052043691980666475,10
3328,3,57,86,30,0.04948040404343152,27
3329,73,16,106,8,0.04700386219362951,8
3330,51,38,69,18,0.04696510333316864,20
3331,83,17,51,10,0.04607341431682285,7
3332,47,10,58,5,0.04544416959920028,5
3333,72,10,30,5,0.04324886744884253,5
3334,74,41,54,20,0.04296760366186976,21
3335,31,11,97,5,0.04256244744109723,6
3336,16,28,102,14,0.03953820636299188,14
3337,9,50,68,25,0.039410551307440755,25
3338,55,52,87,26,0.039341837208104025,26
3339,48,17,55,8,0.03464318734152272,9
3340,84,19,17,10,0.032612383959908106,9
3341,88,46,49,23,0.025210795706532754,23
3342,43,11,72,6,0.02325384409149772,5
3343,60,15,80,7,0.014675025668747566,8
3344,15,10,48,5,0.011064943202326916,5
3345,109,17,83,7,0.00972932964701334,10
3346,85,18,16,8,0.00556795502767413,10
3347,19,32,54,17,0.0044845805773448206,15
3348,77,28,86,14,0.004332703483165533,14
3349,63,15,58,6,0.0031719369071327363,9
3350,58,15,63,9,-0.0031719369071322285,6
3351,86,28,77,14,-0.004332703483166357,14
3352,54,32,19,15,-0.004484580577345795,17
3353,16,18,85,10,-0.005567955027674327,8
3354,106,47,76,26,-0.009505075346386196,21
3355,83,17,109,10,-0.009729329647013785,7
3356,48,10,15,5,-0.01106494320232656,5
3357,80,15,60,8,-0.014675025668747439,7
3358,72,11,43,5,-0.023253844091497392,6
3359,49,46,88,23,-0.025210795706531827,23
3360,17,19,84,9,-0.03261238395990876,10
3361,55,17,48,9,-0.034643187341523766,8
3362,11,75,16,33,-0.039210776117236064,42
3363,87,52,55,26,-0.039341837208104025,26
3364,68,50,9,25,-0.03941055130744142,25
3365,97,11,31,6,-0.042562447441096586,5
3366,54,41,74,21,-0.04296760366187002,20
3367,30,10,72,5,-0.04324886744884253,5
3368,58,10,47,5,-0.04544416959920099,5
3369,51,17,83,7,-0.04607341431682421,10
3370,69,38,51,20,-0.04696510333316972,18
3371,106,16,73,8,-0.0470038621936304,8
3372,86,57,3,27,-0.049480404043431646,30
3373,15,20,23,10,-0.05204369198066665,10
3374,106,70,8,33,-0.05212763279076128,37
3375,41,30,57,15,-0.05405661943467806,15
3376,38,19,29,10,-0.05627562707626055,9
3377,50,38,39,19,-0.05849500167035467,19
3378,40,21,106,11,-0.0680825308022658,10
3379,37,19,62,11,-0.06880627143278734,8
3380,15,36,19,18,-0.06977917031934011,18
3381,51,58,87,29,-0.07721892392268666,29
3382,74,36,97,19,-0.07931920932357782,17
3383,16,51,41,24,-0.0801243788142766,27
3384,88,37,84,20,-0.0833347751482989,17
3385,104,48,114,23,-0.08363522002228167,25
3386,86,52,95,28,-0.08956033992827091,24
3387,43,19,106,9,-0.09144216539691921,10
3388,36,29,114,16,-0.09213128587786189,13
3389,16,26,44,12,-0.09298306483163078,14
3390,92,14,87,7,-0.09367358040315074,7
3391,25,39,74,19,-0.0956336828467596,20
3392,53,30,86,17,-0.09593092236920858,13
3393,86,57,50,27,-0.09835934402357775,30
3394,45,24,13,12,-0.09910833731150781,12
3395,39,48,8,23,-0.09990312957071905,25
3396,84,18,2,9,-0.10504403066305477,9
3397,79,10,68,6,-0.11002938828097442,4
3398,79,19,28,9,-0.11459893657872618,10
3399,98,22,28,13,-0.1216900668065983,9
3400,7,25,69,12,-0.1277968376901685,13
3401,114,16,33,7,-0.13065946112886495,9
3402,25,10,73,5,-0.1328731236438802,5
3403,77,27,68,14,-0.13580989335569157,13
3404,98,20,51,10,-0.14461940831704023,10
3405,80,22,84,12,-0.15202664995311627,10
3406,107,70,114,36,-0.15494812173876166,34
3407,96,19,13,10,-0.1556478963583079,9
3408,65,31,112,15,-0.15691587782419436,16
3409,83,16,7,9,-0.1576567744745514,7
3410,106,12,62,6,-0.15846696346914188,6
3411,4,51,7,25,-0.16136746029798163,26
3412,100,28,106,15,-0.16775562442334394,13
3413,106,47,11,21,-0.17225906773687602,26
3414,87,50,11,23,-0.17423195480136505,27
3415,8,33,71,16,-0.17759312635004632,17
3416,65,87,7,41,-0.17939405354363064,46
3417,41,23,70,10,-0.17939581625614923,13
3418,114,25,50,13,-0.18060110833646717,12
3419,7,18,29,11,-0.1811541190870053,7
3420,65,15,44,9,-0.1835122660064091,6
3421,70,12,35,5,-0.18631436457958692,7
3422,37,35,88,18,-0.18772530465967646,17
3423,61,19,88,11,-0.19014266435799543,8
3424,97,32,2,16,-0.1917906667196678,16
3425,47,11,76,8,-0.19867773024409274,3
3426,63,101,65,51,-0.20152637471767987,50
3427,40,48,63,25,-0.20172959340563568,23
3428,20,46,8,23,-0.20233157641516486,23
3429,17,23,46,11,-0.2052149836765593,12
3430,66,11,28,6,-0.20565986445168055,5
3431,49,26,3,13,-0.20850269275177608,13
3432,4,23,77,12,-0.21032266650338602,11
3433,44,21,53,12,-0.2122113313421161,9
3434,18,40,107,18,-0.21456452912257684,22
3435,28,69,106,35,-0.21905675330440377,34
3436,68,38,104,20,-0.22065757437372266,18
3437,84,12,67,7,-0.22644335659627166,5
3438,101,10,65,5,-0.2290613192590168,5
3439,53,56,13,30,-0.23596481784004786,26
3440,93,10,39,5,-0.24650819188031967,5
3441,55,21,3,11,-0.24651937295617593,10
3442,47,25,40,11,-0.24655985846699366,14
3443,108,11,17,6,-0.25064673927891384,5
3444,3,21,81,11,-0.25253107561483423,10
3445,13,74,86,36,-0.2535613197354184,38
3446,51,51,37,23,-0.2542884534727087,28
3447,51,58,27,30,-0.25716450058937046,28
3448,68,32,4,16,-0.2573095525279973,16
3449,88,36,71,20,-0.2575205357030929,16
3450,107,80,54,39,-0.25756345940778924,41
3451,76,22,37,10,-0.26060953944428406,12
3452,88,17,19,8,-0.26510089629965694,9
3453,38,11,36,7,-0.26679215079866964,4
3454,52,18,87,8,-0.26866049234300404,10
3455,88,24,81,12,-0.2692388574128355,12
3456,17,16,112,8,-0.27197121777913247,8
3457,5,18,53,10,-0.277821332967146,8
3458,70,20,7,12,-0.27895885562124184,8
3459,67,12,96,5,-0.279965012591097,7
3460,25,12,67,6,-0.2816428039469064,6
3461,60,63,68,30,-0.28538797843058206,33
3462,39,31,12,15,-0.28597355838525484,16
3463,86,34,80,17,-0.2891436647516337,17
3464,25,17,27,8,-0.29129494741175216,9
3465,16,53,19,26,-0.29148811482167625,27
3466,48,15,88,9,-0.29556123357785347,6
3467,88,60,114,30,-0.2974933244941375,30
3468,51,47,9,23,-0.3008488726848414,24
3469,87,65,39,32,-0.3038644163880145,33
3470,107,35,1,17,-0.30511491832295834,18
3471,78,21,65,12,-0.3063916305094042,9
3472,111,19,23,8,-0.30722018824927033,11
3473,28,12,64,6,-0.30789275575683855,6
3474,53,48,60,23,-0.3118269913878375,25
3475,13,22,33,11,-0.31857589309244533,11
3476,28,25,83,11,-0.3193130867023753,14
3477,2,34,86,16,-0.32232529406269944,18
3478,71,17,80,8,-0.3237123360021318,9
3479,2,26,87,13,-0.32619162405938956,13
3480,46,13,3,6,-0.3275969114299653,7
3481,106,20,83,9,-0.3316445649094112,11
3482,4,13,109,7,-0.3380907022892352,6
3483,69,12,17,6,-0.33992057730208786,6
3484,39,50,63,29,-0.3426935809681307,21
3485,68,57,107,30,-0.34423302038099246,27
3486,5,10,49,5,-0.3484948933204407,5
3487,107,90,8,43,-0.3533814420681159,47
3488,60,48,65,27,-0.3604110953523218,21
3489,13,18,92,11,-0.3652174588156323,7
3490,28,26,95,14,-0.36814720179538646,12
3491,41,19,94,9,-0.368634786473706,10
3492,75,21,40,11,-0.3686371386700461,10
3493,47,28,87,14,-0.3737620321261605,14
3494,84,18,14,10,-0.37783903496494253,8
3495,97,22,70,10,-0.3783758219642562,12
3496,71,28,114,14,-0.3795577437704577,14
3497,49,16,114,7,-0.38282715464734857,9
3498,111,30,16,16,-0.3829292549648681,14
3499,47,42,39,22,-0.38310561612813643,20
3500,36,30,69,15,-0.3859879811009911,15
3501,44,13,8,7,-0.3904420875789997,6
3502,84,14,102,7,-0.39120187443648013,7
3503,41,16,55,8,-0.39291373598895946,8
3504,65,16,61,7,-0.3950505274193441,9
3505,30,16,35,8,-0.4016415319429745,8
3506,39,47,100,23,-0.4023070894967499,24
3507,62,13,1,6,-0.40260932742909444,7
3508,109,19,65,8,-0.40467480974394743,11
3509,79,18,50,9,-0.4091046493522828,9
3510,55,39,96,19,-0.40999901205957984,20
3511,86,33,31,16,-0.4107692180392426,17
3512,69,16,20,8,-0.41101517077835736,8
3513,84,34,54,17,-0.41443229680937554,17
3514,13,78,49,36,-0.41556523924290606,42
3515,38,14,5,7,-0.4168378546295618,7
3516,61,11,2,6,-0.4210554709420016,5
3517,19,11,46,5,-0.4237898327914003,6
3518,63,46,68,23,-0.4255709909849707,23
3519,31,43,40,21,-0.4296271974626791,22
3520,84,73,107,37,-0.43617956067955155,36
3521,88,12,33,7,-0.4385860351450243,5
3522,11,15,90,8,-0.4409004522210813,7
3523,81,12,30,6,-0.4415699886360252,6
3524,9,11,80,4,-0.4439834453330448,7
3525,12,32,27,15,-0.45022095847538735,17
3526,17,17,64,8,-0.4503460215628323,9
3527,107,39,97,19,-0.4513498337115769,20
3528,28,84,107,44,-0.4604825721106823,40
3529,76,38,104,18,-0.4636043507636345,20
3530,31,54,65,28,-0.4691388746969265,26
3531,51,33,12,17,-0.4698044918639075,16
3532,16,39,40,19,-0.4700829739213682,20
3533,72,30,13,14,-0.473980312084323,16
3534,39,51,25,25,-0.4759465051184236,26
3535,75,25,27,12,-0.47727814813627956,13
3536,41,31,75,17,-0.47837138213253816,14
3537,74,28,95,15,-0.4784255086028221,13
3538,94,10,84,5,-0.4811703860633948,5
3539,30,16,15,8,-0.4837292313572461,8
3540,104,14,57,9,-0.4845128262229359,5
3541,93,24,86,12,-0.4923054375379694,12
3542,18,22,74,10,-0.4929022250899522,12
3543,107,64,39,32,-0.4979695259912993,32
3544,11,54,46,27,-0.4979888502599472,27
3545,87,59,5,30,-0.49916697205470045,29
3546,7,97,107,54,-0.49932572898204264,43
3547,31,35,88,17,-0.499980797609059,18
3548,54,20,23,10,-0.5000451529620575,10
3549,91,13,90,7,-0.5003235284827329,6
3550,87,32,64,17,-0.5008683686632488,15
3551,68,51,111,25,-0.5032623987050046,26
3552,65,72,68,36,-0.5098172253721422,36
3553,30,36,27,19,-0.5106190713932417,17
3554,9,18,4,9,-0.5118055197130339,9
3555,78,27,84,14,-0.515972418387299,13
3556,28,19,73,9,-0.5214155246375576,10
3557,6,20,107,10,-0.528810542873795,10
3558,17,18,11,9,-0.5333410210662319,9
3559,17,37,65,21,-0.5366069246519297,16
3560,72,17,112,9,-0.5382508201473257,8
3561,1,10,106,5,-0.5396528610114302,5
3562,8,36,50,17,-0.5398388863137724,19
3563,7,77,60,39,-0.5423394255026428,38
3564,66,12,86,6,-0.5447941989519703,6
3565,76,24,109,11,-0.5448488954730379,13
3566,54,29,64,14,-0.5456745481805153,15
3567,16,27,98,14,-0.5462850233229247,13
3568,7,17,92,10,-0.5480230211986107,7
3569,54,49,5,26,-0.5526115688513301,23
3570,30,14,114,7,-0.5541405297268066,7
3571,41,20,46,11,-0.5567343104251291,9
3572,16,46,57,23,-0.5579479306524189,23
3573,2,10,83,5,-0.559439726515081,5
3574,108,10,29,5,-0.5615423900676234,5
3575,78,13,71,7,-0.5661963238744554,6
3576,94,10,40,5,-0.5678516928680514,5
3577,19,29,43,15,-0.5686486371993847,14
3578,12,14,69,6,-0.5699279230894615,8
3579,71,15,69,7,-0.5724150990318926,8
3580,7,40,114,21,-0.5741553045041317,19
3581,87,32,46,18,-0.5771141288489547,14
3582,34,11,12,6,-0.5779080420659148,5
3583,4,14,30,7,-0.5785293478182262,7
3584,84,18,90,9,-0.5795253040496205,9
3585,68,16,81,8,-0.5833845458965539,8
3586,20,24,55,12,-0.5874553964616281,12
3587,36,13,76,9,-0.5885035889042698,4
3588,13,42,50,21,-0.5885113336676766,21
3589,62,25,100,12,-0.5911979536363,13
3590,88,14,94,8,-0.594908220356331,6
3591,50,20,27,12,-0.5985346742439427,8
3592,30,32,8,16,-0.5997865755423955,16
3593,23,10,71,6,-0.6000287508458257,4
3594,12,10,111,4,-0.6003907747378741,6
3595,106,32,71,17,-0.6009609652453869,15
3596,34,15,63,8,-0.6010869874219955,7
3597,70,16,91,9,-0.6063303701253777,7
3598,11,55,28,29,-0.616199549727456,26
3599,58,22,31,11,-0.6168553703735028,11
3600,38,12,40,7,-0.6179079194784384,5
3601,18,19,12,10,-0.6189201728029502,9
3602,71,33,36,16,-0.6241330409639598,17
3603,37,40,65,19,-0.6273579146862459,21
3604,1,23,60,12,-0.6297573562891176,11
3605,69,24,19,12,-0.6315511369711594,12
3606,64,28,4,15,-0.6316212138641698,13
3607,20,34,13,18,-0.6324978295967559,16
3608,20,16,93,9,-0.6327174645108351,7
3609,36,17,111,9,-0.6365354853619557,8
3610,41,25,25,11,-0.6394054706376676,14
3611,15,43,13,21,-0.6425087912153985,22
3612,50,16,98,8,-0.6426219058041119,8
3613,13,19,61,8,-0.6439949798249884,11
3614,109,10,2,5,-0.6444253237530958,5
3615,27,25,64,12,-0.6463666592398386,13
3616,84,28,65,14,-0.6478183306385067,14
3617,39,27,62,13,-0.6482065801081051,14
3618,30,33,49,16,-0.6675198011537091,17
3619,114,40,37,22,-0.6680388190804033,18
3620,60,26,109,13,-0.6737568590431613,13
3621,79,13,29,8,-0.6757838864896706,5
3622,23,14,109,7,-0.6795387556597896,7
3623,25,19,18,9,-0.6816652439852758,10
3624,76,30,8,16,-0.6822031764790518,14
3625,11,19,69,9,-0.6915995107461654,10
3626,68,40,3,21,-0.692411811382061,19
3627,93,17,11,7,-0.6934063282822591,10
3628,96,49,87,26,-0.6942502729034729,23
3629,39,11,61,5,-0.6964131355147433,6
3630,95,11,57,7,-0.6989616542578677,4
3631,91,11,38,6,-0.7003822911270713,5
3632,104,23,18,10,-0.7012089452274208,13
3633,27,18,106,11,-0.7074485049679552,7
3634,71,18,43,8,-0.71222852771467,10
3635,28,13,82,6,-0.7153587234866207,7
3636,40,18,61,9,-0.7154895706830816,9
3637,23,30,51,16,-0.7180021111107812,14
3638,65,89,86,43,-0.7181707847876246,46
3639,17,24,8,12,-0.7243993806611906,12
3640,96,10,71,5,-0.7278695572627789,5
3641,9,27,3,14,-0.7284011303001917,13
3642,17,24,68,13,-0.7306498470996451,11
3643,5,41,95,20,-0.7316066534315533,21
3644,112,22,9,12,-0.7326551262265775,10
3645,87,18,17,9,-0.7339013030227953,9
3646,86,77,40,41,-0.7352757671814375,36
3647,63,40,5,18,-0.7358500176759462,22
3648,63,28,78,14,-0.7387444601081149,14
3649,106,43,50,21,-0.738942307634008,22
3650,15,24,25,11,-0.7394428200536295,13
3651,64,22,38,11,-0.741675899909911,11
3652,74,13,36,8,-0.743717573303844,5
3653,84,24,46,13,-0.7446057703540011,11
3654,13,15,14,9,-0.751185424264851,6
3655,103,18,87,8,-0.752980216865975,10
3656,51,82,68,44,-0.7559205850767851,38
3657,86,63,68,31,-0.7623353000701584,32
3658,69,20,50,9,-0.7658320012010571,11
3659,93,20,97,10,-0.7717644600090567,10
3660,107,34,17,17,-0.7719574333138975,17
3661,84,19,10,10,-0.7730240789929577,9
3662,33,24,16,14,-0.7738486392069244,10
3663,57,21,55,12,-0.7741765920845289,9
3664,99,22,87,12,-0.7762165713325071,10
3665,28,51,13,26,-0.7790491963091725,25
3666,41,48,39,23,-0.7814214856066567,25
3667,104,18,4,8,-0.7872554057904768,10
3668,3,15,96,7,-0.7883607611625825,8
3669,33,14,75,8,-0.7900898585820659,6
3670,89,16,28,9,-0.7901986413516622,7
3671,11,34,27,18,-0.7919825787698322,16
3672,13,31,38,14,-0.7920173562182,17
3673,88,22,2,11,-0.7956469041111237,11
3674,88,20,78,10,-0.7981738756110598,10
3675,62,11,98,6,-0.7995773049352679,5
3676,40,26,30,13,-0.8045580871786177,13
3677,40,14,56,7,-0.8062835825274064,7
3678,50,31,84,15,-0.8064114901977935,16
3679,79,16,7,8,-0.8085663274395147,8
3680,41,80,7,40,-0.8113607765595651,40
3681,39,75,7,37,-0.8189236707176717,38
3682,20,27,74,13,-0.8203305748765273,14
3683,45,19,114,10,-0.8205689132017484,9
3684,54,67,50,34,-0.8208738895797711,33
3685,95,15,84,8,-0.8218033746912378,7
3686,37,48,28,24,-0.8263140292594411,24
3687,106,12,29,6,-0.8264692442725535,6
3688,46,16,2,8,-0.8285194662826783,8
3689,94,10,103,5,-0.8351093164432413,5
3690,112,46,16,24,-0.8388232147392491,22
3691,16,45,15,22,-0.8420020533369177,23
3692,98,14,60,7,-0.8439389777307166,7
3693,16,75,11,43,-0.844932702127887,32
3694,102,13,39,7,-0.8492100400200481,6
3695,38,12,41,7,-0.851438988412223,5
3696,64,14,77,6,-0.8550421959375909,8
3697,114,10,10,6,-0.8617397018011254,4
3698,37,67,8,34,-0.8700084298071528,33
3699,84,17,60,7,-0.8716143564890693,10
3700,7,11,108,5,-0.8716332223147826,6
3701,23,18,112,10,-0.8735906898502463,8
3702,91,17,84,9,-0.8755346549877636,8
3703,88,21,83,10,-0.8798897555023183,11
3704,83,17,60,9,-0.8851626447494985,8
3705,107,29,94,17,-0.8910851843021007,12
3706,74,17,68,10,-0.9001065237726515,7
3707,50,14,62,8,-0.9017457082495504,6
3708,111,12,60,5,-0.9019980300500793,7
3709,14,11,112,5,-0.9022319115654427,6
3710,75,35,36,16,-0.9076169876586756,19
3711,95,16,76,8,-0.9107888940485349,8
3712,86,58,114,29,-0.9108151717298286,29
3713,50,17,43,10,-0.911659904777202,7
3714,1,14,39,9,-0.9120351629887077,5
3715,112,20,50,11,-0.9149514035999712,9
3716,114,27,75,14,-0.9181862737012573,13
3717,113,14,86,8,-0.9183338417210523,6
3718,86,17,33,8,-0.9246066959077452,9
3719,15,15,28,7,-0.9292417398610756,8
3720,8,19,29,11,-0.9301593990618598,8
3721,103,17,29,10,-0.9351660888170467,7
3722,58,20,87,10,-0.9353952049936144,10
3723,40,29,18,17,-0.9358054757186769,12
3724,53,23,63,12,-0.9461903574638926,11
3725,48,25,11,13,-0.9510774283865611,12
3726,5,14,14,8,-0.9561035605846475,6
3727,29,17,54,9,-0.9568622693148616,8
3728,103,11,106,5,-0.9583580547252434,6
3729,106,38,104,19,-0.9604760273979325,19
3730,50,31,76,18,-0.9653541591978413,13
3731,13,72,39,38,-0.9683548554370002,34
3732,51,40,53,20,-0.9719493528973238,20
3733,16,34,72,18,-0.9726207989483693,16
3734,60,60,107,31,-0.9741291318407891,29
3735,9,12,78,6,-0.9745877106891214,6
3736,5,65,107,33,-0.9748363761521153,32
3737,78,19,72,9,-0.976709026759933,10
3738,94,26,68,13,-0.9784286061310443,13
3739,11,36,13,19,-0.9941505896281727,17
3740,17,37,37,21,-0.9978108601802036,16
3741,93,11,114,5,-1.0049906589581687,6
3742,13,73,41,37,-1.0052100802031871,36
3743,75,43,13,23,-1.0053644322647692,20
3744,88,12,45,7,-1.005819520359159,5
3745,94,19,100,11,-1.0113147613006637,8
3746,28,52,87,26,-1.0126365910584707,26
3747,51,78,88,36,-1.0127086502414946,42
3748,60,13,57,7,-1.0152034376280947,6
3749,33,10,70,5,-1.0222975969230645,5
3750,44,20,63,11,-1.0233184771026504,9
3751,63,71,107,33,-1.024836385404427,38
3752,29,32,16,16,-1.0254544405841401,16
3753,9,56,13,30,-1.029692328241817,26
3754,3,14,45,7,-1.0349134798027073,7
3755,18,59,7,29,-1.0365595161190124,30
3756,88,21,90,10,-1.0373159148886413,11
3757,33,16,104,9,-1.037548645615811,7
3758,51,35,18,17,-1.0414861976482428,18
3759,13,60,4,32,-1.0440840904331994,28
3760,62,21,27,11,-1.047530801819403,10
3761,45,18,71,8,-1.050024616634439,10
3762,60,26,63,14,-1.0568610336573874,12
3763,44,14,100,7,-1.059041314786415,7
3764,3,11,103,5,-1.062442911366954,6
3765,11,19,80,9,-1.0634610256252146,10
3766,109,30,104,15,-1.063865849600061,15
3767,8,55,70,28,-1.0665028298167962,27
3768,71,14,58,7,-1.067952436399428,7
3769,37,20,67,11,-1.0707700527635244,9
3770,97,19,64,10,-1.0748997556854094,9
3771,27,70,68,36,-1.0752814973851808,34
3772,15,14,17,8,-1.0815196129384665,6
3773,98,15,19,7,-1.0850558135481498,8
3774,60,25,11,13,-1.088986697165063,12
3775,74,13,40,7,-1.0901529369074696,6
3776,65,62,39,30,-1.0905059047405543,32
3777,63,27,27,13,-1.0995729583369782,14
3778,16,75,54,38,-1.1016078935836624,37
3779,106,39,70,19,-1.1024614638047292,20
3780,3,54,87,28,-1.1026492495229605,26
3781,69,18,109,9,-1.1029346435463478,9
3782,46,35,107,17,-1.1031099530770958,18
3783,2,18,96,9,-1.1039761816908782,9
3784,45,19,40,10,-1.1043531225931214,9
3785,47,12,91,6,-1.104710696366028,6
3786,51,34,30,18,-1.1077252226084924,16
3787,55,13,73,7,-1.1082443575059588,6
3788,88,58,41,31,-1.1098846450807431,27
3789,114,44,16,24,-1.1112389462801515,20
3790,12,31,100,16,-1.1115049139793218,15
3791,51,61,55,32,-1.12152542940885,29
3792,11,14,72,7,-1.1221840079667873,7
3793,64,17,15,10,-1.1222199728342503,7
3794,109,16,43,9,-1.1286091088310064,7
3795,69,21,114,12,-1.1298921487065041,9
3796,31,26,3,12,-1.1304098830558946,14
3797,106,26,36,13,-1.1307287364062808,13
3798,54,77,86,39,-1.1362741922890973,38
3799,38,24,88,14,-1.139732880510929,10
3800,45,20,64,11,-1.143150033869323,9
3801,74,29,11,15,-1.1468410073590314,14
3802,13,37,57,18,-1.152383200947812,19
3803,84,24,34,12,-1.1548366743313074,12
3804,74,14,12,7,-1.1676100167547812,7
3805,104,42,87,20,-1.170448333008427,22
3806,88,77,8,40,-1.177680669824634,37
3807,96,31,76,17,-1.1853039288193825,14
3808,110,16,87,9,-1.1878037867151192,7
3809,16,67,25,35,-1.193286529710067,32
3810,65,52,75,26,-1.1957967627587298,26
3811,78,41,86,21,-1.1995063387988516,20
3812,7,44,63,26,-1.2086828652803665,18
3813,97,33,25,17,-1.2112097532933461,16
3814,48,11,41,6,-1.212386192638899,5
3815,74,11,98,6,-1.2137114800422124,5
3816,20,81,86,43,-1.214920984168943,38
3817,100,10,58,5,-1.2172440717238615,5
3818,9,26,71,14,-1.2262156519313807,12
3819,41,33,60,16,-1.2319535203548821,17
3820,95,16,63,8,-1.233969730193377,8
3821,78,29,68,15,-1.235982339976579,14
3822,93,21,107,10,-1.2375139728583175,11
3823,31,25,71,13,-1.2380158081615502,12
3824,4,30,107,15,-1.2387516471106224,15
3825,65,22,77,11,-1.2403405493552595,11
3826,55,16,108,9,-1.242512686909534,7
3827,65,102,13,54,-1.2448366263063688,48
3828,62,11,17,6,-1.2486647888480198,5
3829,41,54,51,28,-1.255098541007307,26
3830,46,10,27,6,-1.2550991025341744,4
3831,16,15,73,7,-1.2607482082851342,8
3832,14,15,107,7,-1.262180496300674,8
3833,108,19,50,9,-1.270167576199734,10
3834,1,11,71,5,-1.2732152302328004,6
3835,112,26,63,13,-1.2751001169998664,13
3836,107,59,96,32,-1.2779661064945946,27
3837,87,50,63,27,-1.2783017322984436,23
3838,109,20,97,10,-1.2834069052578214,10
3839,35,22,88,11,-1.284113043358928,11
3840,65,13,103,6,-1.2841419220170633,7
3841,109,57,28,31,-1.2843944644015952,26
3842,54,17,33,8,-1.2844291677407338,9
3843,74,53,16,28,-1.2870673809929654,25
3844,74,22,2,12,-1.2925512141562505,10
3845,8,22,7,12,-1.2952715014492404,10
3846,39,23,70,11,-1.3007482514942401,12
3847,94,22,86,12,-1.3013050079007265,10
3848,30,55,87,29,-1.3013824151305393,26
3849,112,30,107,15,-1.3015224651570323,15
3850,13,44,5,23,-1.3023509853743016,21
3851,104,14,20,8,-1.3034979892398526,6
3852,107,34,78,18,-1.3041151845432157,16
3853,64,11,84,7,-1.3059634387921004,4
3854,114,28,41,14,-1.307338108043571,14
3855,109,38,87,21,-1.3077612614482752,17
3856,58,28,9,15,-1.3102681358219028,13
3857,51,12,32,6,-1.314434714983353,6
3858,8,16,10,9,-1.3145513780375313,7
3859,80,18,74,9,-1.3199661328668575,9
3860,37,13,94,7,-1.3280387948229058,6
3861,51,32,50,16,-1.3326103812189873,16
3862,81,13,108,7,-1.3379621241230497,6
3863,23,10,6,5,-1.3385415186806267,5
3864,48,11,57,6,-1.344007986607393,5
3865,76,29,70,14,-1.3451436146232192,15
3866,40,17,108,8,-1.3479697301696822,9
3867,27,12,18,7,-1.348491059130869,5
3868,88,37,97,19,-1.3490743629309028,18
3869,87,17,111,9,-1.3561671479223416,8
3870,74,12,112,6,-1.3616749140437368,6
3871,30,26,25,12,-1.3633847180345777,14
3872,76,47,106,22,-1.3637390504385927,25
3873,48,10,75,5,-1.3711471542080287,5
3874,55,66,86,35,-1.3714897734674971,31
3875,62,15,55,8,-1.3800432063216195,7
3876,16,24,4,11,-1.3802504001914415,13
3877,41,30,106,15,-1.3806292559177735,15
3878,7,31,95,17,-1.3809406634768695,14
3879,29,11,36,5,-1.3837445576600587,6
3880,19,37,30,19,-1.3852163344933794,18
3881,51,15,85,7,-1.3865271523421465,8
3882,3,17,23,9,-1.3867874330637044,8
3883,100,12,109,5,-1.3896409060028985,7
3884,9,13,91,7,-1.3946381880594534,6
3885,44,12,75,7,-1.3998373775330364,5
3886,95,17,70,8,-1.4011695857654913,9
3887,29,17,77,10,-1.4023668107801956,7
3888,51,33,57,17,-1.405238894385657,16
3889,9,25,46,12,-1.4052752923291365,13
3890,71,20,12,10,-1.4059148964814152,10
3891,40,16,12,8,-1.412082266616442,8
3892,48,19,109,9,-1.4189826622084476,10
3893,90,35,16,17,-1.4190191744987375,18
3894,53,11,1,6,-1.4196819324858239,5
3895,55,23,71,11,-1.421958484011042,12
3896,45,35,36,16,-1.4232731245081227,19
3897,86,56,70,30,-1.4292180536114512,26
3898,114,10,34,6,-1.4351304706118744,4
3899,25,28,50,14,-1.4391705454909016,14
3900,97,21,20,10,-1.4395279608818727,11
3901,11,19,29,10,-1.4398234321541232,9
3902,8,72,54,40,-1.4413564890808814,32
3903,47,22,65,11,-1.444494672794184,11
3904,86,114,107,60,-1.4448021131182327,54
3905,11,44,50,23,-1.4477856494836994,21
3906,63,55,106,28,-1.4485566818099482,27
3907,88,62,46,31,-1.4519317579443416,31
3908,55,30,53,16,-1.4538038424746405,14
3909,38,16,8,8,-1.4562520429495762,8
3910,85,14,69,7,-1.456264256863346,7
3911,83,23,25,13,-1.459720188055496,10
3912,47,21,31,11,-1.4606130980712662,10
3913,51,64,40,33,-1.4624658901194143,31
3914,43,13,23,7,-1.4628793390447175,6
3915,50,18,100,10,-1.4641740921081965,8
3916,3,24,71,13,-1.4668209780059573,11
3917,69,13,6,6,-1.4672562795661197,7
3918,32,17,11,8,-1.4729852723414758,9
3919,86,63,109,33,-1.4751285071061642,30
3920,15,17,72,8,-1.4754546744739179,9
3921,63,15,73,7,-1.4760785674332912,8
3922,84,10,68,6,-1.4788993773509191,4
3923,71,74,60,39,-1.4843115108657061,35
3924,100,13,53,7,-1.488662831422911,6
3925,107,61,11,33,-1.492798943504465,28
3926,13,26,34,14,-1.4935761224907234,12
3927,11,16,112,8,-1.4950492246382485,8
3928,5,52,46,28,-1.4974094901037482,24
3929,63,34,9,18,-1.4983458266579128,16
3930,43,18,25,11,-1.498458069864085,7
3931,107,29,98,15,-1.4990839762128414,14
3932,50,31,17,15,-1.49970720548843,16
3933,16,31,103,16,-1.500634983134944,15
3934,54,47,39,24,-1.5070950101827647,23
3935,109,40,13,20,-1.5108083760384103,20
3936,18,22,30,11,-1.5109053995571684,11
3937,55,12,46,7,-1.514859018089955,5
3938,12,27,68,14,-1.517081818494546,13
3939,37,14,35,7,-1.523131742310598,7
3940,17,37,13,20,-1.5236339910143735,17
3941,65,26,83,13,-1.5253499649391125,13
3942,23,18,27,9,-1.5258397874765752,9
3943,84,20,114,11,-1.52828266290098,9
3944,11,57,39,30,-1.5311078024217126,27
3945,53,13,29,8,-1.5317670028644754,5
3946,30,16,9,9,-1.5322802404962022,7
3947,30,10,103,5,-1.5394915574668548,5
3948,74,61,107,33,-1.5445233108407423,28
3949,74,41,87,22,-1.5487349955501406,19
3950,55,44,75,25,-1.5547955200380577,19
3951,30,35,54,18,-1.5563350804518044,17
3952,83,23,104,13,-1.5563880557352991,10
3953,70,40,107,20,-1.5609550659933795,20
3954,106,26,109,13,-1.5621072878912867,13
3955,111,14,9,7,-1.5621342613374538,7
3956,12,16,50,6,-1.5648641628940974,10
3957,86,100,106,52,-1.5692663469089445,48
3958,41,43,63,23,-1.570459310802143,20
3959,86,45,57,23,-1.5720753118306066,22
3960,46,25,60,13,-1.5735893742532685,12
3961,90,22,55,10,-1.578656952498874,12
3962,81,22,107,12,-1.5816989267901087,10
3963,25,15,2,7,-1.5845186001024019,8
3964,75,11,14,6,-1.594721022285632,5
3965,18,10,94,5,-1.600111613157304,5
3966,18,19,81,10,-1.6163568658399634,9
3967,19,34,39,20,-1.6188387339866872,14
3968,57,18,68,9,-1.6190755944848343,9
3969,107,85,51,49,-1.6218958605184097,36
3970,87,17,44,9,-1.6239279411647838,8
3971,11,25,48,13,-1.6306215280891991,12
3972,47,13,72,6,-1.638774654515319,7
3973,78,16,15,8,-1.6428031530867082,8
3974,68,23,36,12,-1.6511686348202665,11
3975,74,47,37,24,-1.6628163329711265,23
3976,76,25,46,13,-1.663016320573292,12
3977,48,19,106,10,-1.6634533717988316,9
3978,17,16,85,9,-1.6640468368595824,7
3979,39,41,9,20,-1.665141647727009,21
3980,31,28,45,15,-1.6710870406691087,13
3981,51,29,47,14,-1.68572259250394,15
3982,86,65,30,36,-1.6862602890480818,29
3983,5,64,28,33,-1.6933141899778517,31
3984,58,14,51,7,-1.6936471630550654,7
3985,23,15,36,6,-1.6972875274185715,9
3986,102,16,20,8,-1.6989391239814924,8
3987,86,44,23,23,-1.7030841833116435,21
3988,37,10,48,5,-1.703593750319215,5
3989,7,40,54,21,-1.7088310244062668,19
3990,71,28,62,14,-1.7107847940783525,14
3991,34,20,50,11,-1.7118812894704334,9
3992,30,21,106,11,-1.718691097444211,10
3993,45,15,63,8,-1.7260545689947928,7
3994,68,13,32,8,-1.7311662598089228,5
3995,75,19,70,9,-1.7314858975507368,10
3996,96,38,106,21,-1.7318320126651903,17
3997,106,19,48,10,-1.7335189393534853,9
3998,85,14,12,7,-1.7342499907605375,7
3999,88,37,36,21,-1.7392851936744331,16
4000,6,11,18,6,-1.7414584600944745,5
4001,36,33,60,17,-1.7416473627060742,16
4002,112,19,51,10,-1.744621447758819,9
4003,70,26,84,14,-1.7530345342228948,12
4004,61,14,51,9,-1.7556008416768158,5
4005,96,56,8,30,-1.7581112090346545,26
4006,110,11,88,5,-1.7642228121429868,6
4007,65,11,89,6,-1.7733881874637512,5
4008,90,25,37,13,-1.7816453937181784,12
4009,55,51,39,28,-1.7821568169324582,23
4010,112,29,13,14,-1.783145043364311,15
4011,6,16,87,8,-1.7863036764755194,8
4012,108,25,86,12,-1.7878614121722647,13
4013,48,19,20,11,-1.7888857426975089,8
4014,39,35,114,17,-1.7909993968165123,18
4015,13,104,68,55,-1.7929240784445672,49
4016,88,32,96,16,-1.7995512956770643,16
4017,41,32,18,16,-1.8004819942826362,16
4018,31,34,51,20,-1.8036645224364214,14
4019,69,24,30,12,-1.8065594670571032,12
4020,25,22,36,11,-1.8071440138268584,11
4021,94,18,29,9,-1.8096140401456056,9
4022,111,18,40,9,-1.8104998545748818,9
4023,99,13,102,7,-1.8212893413036864,6
4024,108,16,64,8,-1.8224151605655852,8
4025,114,13,44,7,-1.8263733365516708,6
4026,3,11,106,6,-1.8270221877820196,5
4027,114,15,11,7,-1.8276036019184323,8
4028,13,29,74,15,-1.8278354237299068,14
4029,87,30,62,16,-1.829195534406874,14
4030,96,38,84,19,-1.835648682700679,19
4031,79,10,100,6,-1.8395053000006605,4
4032,20,30,114,16,-1.839540566254475,14
4033,88,19,77,10,-1.8432136356806108,9
4034,97,22,53,12,-1.8492466822191078,10
4035,11,34,65,17,-1.853996406495929,17
4036,7,30,49,17,-1.8540125722797829,13
4037,114,21,43,10,-1.8643335671695762,11
4038,84,41,87,22,-1.8645250562614144,19
4039,5,95,37,49,-1.865428870342572,46
4040,13,64,104,34,-1.8742619730677357,30
4041,61,20,3,13,-1.8795333987269633,7
4042,69,29,3,14,-1.8798651806530005,15
4043,108,15,30,8,-1.8799523635201065,7
4044,8,32,23,17,-1.884404347007026,15
4045,8,41,2,21,-1.8848654476169693,20
4046,30,16,96,9,-1.8850748786904887,7
4047,49,28,17,13,-1.8850836144226466,15
4048,64,23,25,12,-1.8857238852847689,11
4049,106,35,20,19,-1.890590591428699,16
4050,48,39,16,20,-1.8916703627070934,19
4051,99,27,55,15,-1.895072402151854,12
4052,28,67,8,36,-1.9053784571291421,31
4053,62,11,97,6,-1.9079115401576703,5
4054,1,38,68,20,-1.9099752765436673,18
4055,69,29,107,15,-1.9118248714259243,14
4056,17,11,110,6,-1.9155371371930654,5
4057,106,32,97,16,-1.9159665785715099,16
4058,76,11,99,5,-1.9173589523208336,6
4059,64,43,53,23,-1.9214578200473016,20
4060,79,10,9,6,-1.9224211679655938,4
4061,50,40,63,22,-1.9230864117365445,18
4062,18,21,114,11,-1.923577249757447,10
4063,68,37,15,21,-1.9238200181282055,16
4064,28,89,16,48,-1.9239787295163941,41
4065,54,28,17,14,-1.9259736473512514,14
4066,40,19,70,11,-1.9276789997691202,8
4067,55,88,8,44,-1.9307214365890917,44
4068,97,14,23,7,-1.9330528734436563,7
4069,80,11,17,7,-1.9331063026674833,4
4070,86,26,35,15,-1.937082037914002,11
4071,98,10,32,5,-1.9380052263831622,5
4072,7,49,71,24,-1.9387153694352766,25
4073,104,13,110,8,-1.9388474450810558,5
4074,31,14,23,8,-1.9392936999416424,6
4075,28,57,88,31,-1.9407035160478823,26
4076,69,14,112,7,-1.9415067419167844,7
4077,55,20,25,11,-1.9429576796619947,9
4078,48,15,7,7,-1.9478692265013033,8
4079,64,34,36,17,-1.9485056781764598,17
4080,93,12,3,5,-1.9498563082125628,7
4081,64,11,12,6,-1.9561095797895816,5
4082,35,11,50,6,-1.9581460146246743,5
4083,46,22,57,12,-1.9631857780739894,10
4084,70,49,16,27,-1.9664047334731969,22
4085,35,10,54,6,-1.9706076038783524,4
4086,53,28,95,17,-1.9769373995573178,11
4087,62,11,109,7,-1.97695013561549,4
4088,89,11,51,6,-1.9808331837442865,5
4089,25,38,28,22,-1.983389891159918,16
4090,4,19,53,10,-1.987694792892672,9
4091,38,20,60,10,-1.9901891037372657,10
4092,112,15,104,8,-1.9939359727925703,7
4093,12,54,65,27,-1.9957561650516014,27
4094,74,26,114,13,-1.997597253168688,13
4095,87,32,75,17,-2.0004298974911783,15
4096,11,19,79,11,-2.001011054260308,8
4097,46,26,68,14,-2.0015169846627177,12
4098,49,15,109,8,-2.005068879120546,7
4099,97,22,83,10,-2.007636873207568,12
4100,23,53,16,28,-2.0138073604151776,25
4101,70,29,68,15,-2.015118158104638,14
4102,51,36,20,17,-2.015324697925084,19
4103,37,14,69,7,-2.015512849900142,7
4104,60,11,93,7,-2.018629631632218,4
4105,90,37,8,21,-2.01946478207178,16
4106,17,27,114,16,-2.021159075364869,11
4107,65,35,15,19,-2.022134887421027,16
4108,104,15,23,9,-2.022419601983159,6
4109,60,32,18,17,-2.0244266182620265,15
4110,13,11,32,6,-2.026181507027533,5
4111,9,29,60,17,-2.026686622824744,12
4112,114,14,91,7,-2.031242634143396,7
4113,15,19,114,10,-2.031598301436395,9
4114,17,21,104,11,-2.0345116655508884,10
4115,50,13,83,6,-2.034563553464953,7
4116,88,59,40,32,-2.0357313010299647,27
4117,77,64,60,33,-2.035893887053104,31
4118,38,27,68,15,-2.039399077627948,12
4119,88,21,93,12,-2.047097578055207,9
4120,86,42,49,20,-2.0472325960607995,22
4121,100,35,8,19,-2.047478772871744,16
4122,43,15,78,8,-2.054733354299414,7
4123,90,45,86,25,-2.0574221764428238,20
4124,84,29,109,16,-2.0613350089090186,13
4125,63,10,82,5,-2.0779758612966877,5
4126,65,47,74,24,-2.0847963525870905,23
4127,51,14,44,9,-2.0848742289559725,5
4128,68,43,64,25,-2.0864244028015873,18
4129,11,18,40,9,-2.089442100461012,9
4130,17,18,100,11,-2.090563721437295,7
4131,91,12,17,7,-2.0932516032559643,5
4132,8,22,97,11,-2.094799206270941,11
4133,55,34,83,17,-2.0962093979720193,17
4134,64,18,49,9,-2.0966931160090687,9
4135,79,18,84,9,-2.0988599029371886,9
4136,38,33,86,18,-2.1054154187023446,15
4137,107,32,108,17,-2.10558050439271,15
4138,25,11,69,6,-2.112059751085246,5
4139,103,10,49,5,-2.1127168420698537,5
4140,94,16,11,9,-2.113718413191121,7
4141,33,12,74,6,-2.113811361821,6
4142,72,17,7,9,-2.1143024060967655,8
4143,64,20,1,10,-2.116432620959366,10
4144,70,11,53,6,-2.117480208536356,5
4145,9,62,7,31,-2.1219031094822904,31
4146,84,26,37,14,-2.1240499046478805,12
4147,114,32,102,18,-2.1240842876015074,14
4148,39,39,71,21,-2.140211900940766,18
4149,69,11,55,6,-2.141856565606558,5
4150,86,14,6,8,-2.158350497876565,6
4151,98,16,55,9,-2.1617935333932956,7
4152,53,13,23,7,-2.1639220781507644,6
4153,15,40,57,21,-2.164598252649327,19
4154,62,14,30,7,-2.166022057483573,7
4155,81,30,60,16,-2.1697382345262226,14
4156,93,16,84,8,-2.173203038685071,8
4157,70,26,63,14,-2.1813121472430432,12
4158,74,64,8,36,-2.1866220406514896,28
4159,54,10,31,5,-2.1866689261471493,5
4160,40,33,41,17,-2.193580777269949,16
4161,106,35,68,19,-2.1936858069827965,16
4162,40,75,7,42,-2.1957521283064807,33
4163,62,19,49,11,-2.197706184169237,8
4164,88,63,60,35,-2.2053487740970468,28
4165,96,50,5,28,-2.21142719225076,22
4166,48,19,30,11,-2.214390961078286,8
4167,51,12,93,6,-2.216632142916852,6
4168,62,11,72,6,-2.217469660829094,5
4169,98,14,18,6,-2.2211477971408065,8
4170,99,13,98,6,-2.22125816779338,7
4171,15,10,84,5,-2.223805292340998,5
4172,61,12,27,6,-2.2240689843056103,6
4173,39,43,75,21,-2.225217366532354,22
4174,25,16,90,9,-2.226157693683706,7
4175,74,27,20,15,-2.230377352624161,12
4176,77,16,12,8,-2.231076931591641,8
4177,20,14,18,8,-2.233452860395892,6
4178,114,26,4,13,-2.2345648368573685,13
4179,102,13,68,7,-2.236457068947329,6
4180,27,10,70,5,-2.243263258457554,5
4181,4,38,88,20,-2.24592170041755,18
4182,107,60,27,33,-2.2490351078627957,27
4183,83,11,63,7,-2.251852755522098,4
4184,25,30,95,16,-2.25397314365567,14
4185,106,62,87,32,-2.262204101784014,30
4186,34,29,17,15,-2.262712107171866,14
4187,88,45,106,26,-2.2639858690375605,19
4188,50,10,94,6,-2.2653355679184144,4
4189,7,12,85,7,-2.267272935114745,5
4190,96,66,28,35,-2.2674069446039327,31
4191,39,22,76,13,-2.2682292990996733,9
4192,86,26,19,13,-2.268299185051726,13
4193,31,10,61,5,-2.2696136748473594,5
4194,68,108,7,58,-2.2702884441480373,50
4195,88,14,79,8,-2.276041062004084,6
4196,40,47,9,26,-2.2806450266015688,21
4197,65,19,48,9,-2.2816603054261098,10
4198,81,10,38,5,-2.2819621266449897,5
4199,94,28,19,15,-2.2857851415314516,13
4200,4,13,106,6,-2.287883468044352,7
4201,112,38,86,21,-2.2924646864380605,17
4202,38,20,9,11,-2.29299513080546,9
4203,5,24,100,13,-2.2932427434044693,11
4204,81,15,9,8,-2.297406284952818,7
4205,80,14,38,8,-2.298510172204199,6
4206,7,20,80,11,-2.2986689861273333,9
4207,32,21,86,11,-2.2989864902239,10
4208,95,26,60,14,-2.3000350580848172,12
4209,50,12,58,6,-2.303376752943112,6
4210,43,13,112,7,-2.307619031426625,6
4211,37,23,57,12,-2.3105129908375908,11
4212,63,31,71,17,-2.3112629873314643,14
4213,91,32,88,17,-2.315767764685103,15
4214,102,21,104,10,-2.320627297470276,11
4215,100,19,64,11,-2.3242856391883246,8
4216,42,10,72,6,-2.3285230567907305,4
4217,5,51,109,26,-2.3285813949081646,25
4218,29,24,51,12,-2.3287523384505153,12
4219,53,28,25,14,-2.3301510854690832,14
4220,17,19,90,9,-2.330539928781356,10
4221,51,49,8,26,-2.3340021990255124,23
4222,50,13,6,7,-2.341492332331065,6
4223,38,12,114,6,-2.3415263774379937,6
4224,29,18,41,10,-2.350500911808682,8
4225,31,36,4,21,-2.3535355966794675,15
4226,33,12,99,7,-2.354570382478156,5
4227,109,14,96,8,-2.3566759619593642,6
4228,97,14,100,8,-2.3583259709010784,6
4229,88,44,64,25,-2.359083003612554,19
4230,5,23,99,12,-2.3616219022642833,11
4231,97,13,49,8,-2.3668261814242064,5
4232,50,24,40,14,-2.3671440474550494,10
4233,63,32,25,16,-2.368826537360261,16
4234,107,40,71,23,-2.3760609676092477,17
4235,79,11,78,6,-2.376529733586171,5
4236,8,15,12,9,-2.3807225404597574,6
4237,56,13,75,8,-2.3840139649043506,5
4238,104,25,96,14,-2.3866419839158355,11
4239,71,21,4,13,-2.3871750117365993,8
4240,95,40,104,22,-2.389034218387607,18
4241,48,13,23,7,-2.3894452247322278,6
4242,8,12,111,6,-2.390343846489093,6
4243,45,22,16,13,-2.3925466679441407,9
4244,54,22,78,12,-2.3960681894605513,10
4245,69,14,103,7,-2.396946497159231,7
4246,28,38,46,22,-2.3990178798165633,16
4247,98,15,114,8,-2.3992721750256893,7
4248,80,26,20,14,-2.4033351571638573,12
4249,69,18,9,10,-2.4050002453980612,8
4250,66,13,106,8,-2.407503356329986,5
4251,93,33,8,17,-2.4111455321691304,16
4252,92,11,65,6,-2.411285975254871,5
4253,28,28,60,13,-2.412225021834092,15
4254,20,38,88,19,-2.4156839797078273,19
4255,25,46,107,24,-2.4187485647838773,22
4256,99,11,109,6,-2.419517402501058,5
4257,88,35,1,18,-2.42517729077247,17
4258,78,34,13,18,-2.4267708231907754,16
4259,30,22,78,12,-2.4297637997020725,10
4260,75,20,91,7,-2.4323694332612673,13
4261,51,19,14,12,-2.4338441230915153,7
4262,106,39,55,22,-2.4381392466666045,17
4263,50,10,32,4,-2.4440541907162716,6
4264,47,11,109,6,-2.4459757411847614,5
4265,3,12,97,7,-2.446105897661353,5
4266,86,31,85,17,-2.4546113819809183,14
4267,86,17,110,9,-2.4597124602837575,8
4268,25,32,102,17,-2.4608896969250464,15
4269,1,17,17,9,-2.4627610735098764,8
4270,7,23,35,12,-2.4646463019795055,11
4271,69,17,74,8,-2.466497282082454,9
4272,81,17,4,10,-2.467812477706327,7
4273,60,35,3,19,-2.4725426699702764,16
4274,20,20,17,11,-2.47595507024807,9
4275,3,10,108,6,-2.477836063135272,4
4276,41,20,47,10,-2.4805324580695536,10
4277,11,37,76,21,-2.481209953490073,16
4278,62,15,76,8,-2.4840168024368525,7
4279,29,19,78,10,-2.4872567131602366,9
4280,111,11,18,6,-2.489910872635885,5
4281,60,45,87,23,-2.4909987533451403,22
4282,111,37,65,21,-2.4964278491140752,16
4283,109,15,3,8,-2.497379486109722,7
4284,109,18,37,10,-2.5010134043415313,8
4285,107,52,50,27,-2.5022496828069007,25
4286,36,15,12,8,-2.5163199425137495,7
4287,65,101,54,54,-2.520653185970872,47
4288,102,28,16,15,-2.521941049128146,13
4289,11,17,14,10,-2.5264878637219237,7
4290,4,18,39,10,-2.5267698999647226,8
4291,9,33,36,18,-2.527924078037467,15
4292,86,25,12,13,-2.52862486219929,12
4293,30,19,99,11,-2.5303882936847786,8
4294,107,15,44,8,-2.5305445670994087,7
4295,17,29,7,16,-2.5320894413613915,13
4296,95,20,20,11,-2.5325274069422727,9
4297,8,35,60,18,-2.536424306703014,17
4298,65,35,97,19,-2.5397394280205696,16
4299,86,39,15,21,-2.5477091663005833,18
4300,36,74,7,40,-2.54935875079736,34
4301,76,14,44,8,-2.550414193143335,6
4302,1,19,73,11,-2.5534291003907295,8
4303,11,21,7,12,-2.554018943860652,9
4304,3,43,39,22,-2.55513391092491,21
4305,54,24,1,13,-2.569055642839928,11
4306,65,10,21,6,-2.570147671925826,4
4307,51,29,1,15,-2.5741193049184683,14
4308,43,13,103,6,-2.574377085801127,7
4309,47,10,62,6,-2.5775304802735826,4
4310,11,57,8,31,-2.579931588914681,26
4311,18,33,86,19,-2.5923706641316473,14
4312,109,10,1,5,-2.592960677140225,5
4313,80,32,65,17,-2.5986356922004106,15
4314,91,23,36,13,-2.600483205457647,10
4315,66,10,72,5,-2.6022001256645586,5
4316,1,29,40,16,-2.608102727316189,13
4317,64,28,75,15,-2.614396425436705,13
4318,89,10,39,6,-2.6189716831037586,4
4319,16,29,34,16,-2.621113610918132,13
4320,28,42,39,22,-2.623339407780362,20
4321,85,10,8,6,-2.6233679922969846,4
4322,49,39,27,21,-2.6252104031970935,18
4323,86,36,91,19,-2.627461430980282,17
4324,54,13,110,7,-2.6358849029934492,6
4325,95,14,33,8,-2.6415453896084555,6
4326,6,17,88,9,-2.643401887191552,8
4327,5,60,16,35,-2.643518445682432,25
4328,102,32,54,17,-2.645569582100471,15
4329,16,69,104,38,-2.6531110726496308,31
4330,36,13,57,8,-2.653116090105381,5
4331,88,29,92,16,-2.65412565592523,13
4332,8,83,86,42,-2.6562990548559324,41
4333,20,33,11,19,-2.658025854837769,14
4334,91,13,74,7,-2.658254293210725,6
4335,68,45,41,24,-2.663901367060642,21
4336,46,26,97,14,-2.665342497244284,12
4337,1,29,41,17,-2.6671220598664935,12
4338,7,118,13,63,-2.6708973171944717,55
4339,68,36,30,19,-2.6732274605497968,17
4340,44,17,25,9,-2.673535476281759,8
4341,5,25,39,13,-2.6791322172692884,12
4342,58,14,43,8,-2.6806335210316137,6
4343,37,15,43,7,-2.6829353153059516,8
4344,107,21,93,12,-2.6848247910711387,9
4345,51,50,106,27,-2.685381446240817,23
4346,48,25,8,14,-2.6857985301597798,11
4347,65,28,50,15,-2.6863314341926143,13
4348,71,40,65,23,-2.6867803351656674,17
4349,65,56,8,30,-2.6975773074786598,26
4350,43,22,69,12,-2.702803348063912,10
4351,79,11,39,7,-2.7039365709334438,4
4352,87,19,77,10,-2.7097429007992067,9
4353,60,39,43,21,-2.71188258861537,18
4354,70,16,49,8,-2.7131214221068403,8
4355,80,11,95,6,-2.7197438471090796,5
4356,70,31,104,17,-2.7208109249750048,14
4357,88,16,44,8,-2.7255415222047015,8
4358,34,12,75,6,-2.7327928404854562,6
4359,106,50,65,27,-2.735321183024918,23
4360,63,21,47,10,-2.7370968886641953,11
4361,63,12,99,6,-2.7377253409939377,6
4362,104,22,97,11,-2.7396377781056187,11
4363,8,12,112,6,-2.740736306324458,6
4364,43,14,70,8,-2.753352748891417,6
4365,96,34,97,17,-2.7556888339056815,17
4366,94,17,1,8,-2.7623810098011994,9
4367,86,92,63,53,-2.762468874862493,39
4368,77,17,5,9,-2.7658375671945885,8
4369,10,11,5,5,-2.7716738654503192,6
4370,46,47,51,26,-2.7719721793424297,21
4371,78,15,55,9,-2.779506680606731,6
4372,84,87,86,44,-2.7811330297923607,43
4373,91,31,28,17,-2.78581966806185,14
4374,16,76,60,41,-2.7858947879210136,35
4375,43,20,63,11,-2.786559914173096,9
4376,104,19,43,9,-2.787160724490262,10
4377,97,15,9,7,-2.7891659901703596,8
4378,102,12,70,5,-2.7906887378625402,7
4379,36,13,100,7,-2.7923934619121096,6
4380,1,26,7,14,-2.793205495238504,12
4381,44,14,68,7,-2.795327721392829,7
4382,79,15,8,7,-2.79990246429609,8
4383,76,24,30,14,-2.801138786313347,10
4384,112,14,106,7,-2.805082024542768,7
4385,107,85,65,46,-2.8064984710190863,39
4386,72,11,20,6,-2.8074079366688274,5
4387,41,15,99,8,-2.808167291861728,7
4388,36,32,1,16,-2.8095303452930684,16
4389,98,12,39,7,-2.813957257779375,5
4390,13,111,16,62,-2.8183035555372813,49
4391,48,14,68,7,-2.820644331468806,7
4392,71,13,18,7,-2.821320109059578,6
4393,62,18,54,10,-2.824080555827827,8
4394,112,21,75,12,-2.824219405034075,9
4395,50,44,2,24,-2.824465738990298,20
4396,30,36,100,21,-2.828000969214619,15
4397,81,23,53,13,-2.832269045840244,10
4398,9,55,88,30,-2.8351309189209775,25
4399,39,33,95,18,-2.8414955259540986,15
4400,102,25,8,13,-2.845551076408804,12
4401,44,13,28,6,-2.846139863099275,7
4402,33,13,97,7,-2.8486496222061595,6
4403,19,11,47,6,-2.850072597752839,5
4404,96,16,73,9,-2.853430398009382,7
4405,99,18,51,9,-2.8534777973740635,9
4406,39,68,86,35,-2.8544888105009827,33
4407,11,15,62,8,-2.85616533210433,7
4408,88,14,72,8,-2.866088260356642,6
4409,63,23,46,11,-2.867241869896345,12
4410,17,10,88,4,-2.869337502995377,6
4411,1,14,112,9,-2.8723250567679255,5
4412,53,12,57,6,-2.8739584447786406,6
4413,87,23,83,12,-2.880053494146307,11
4414,63,20,49,11,-2.8831531570492124,9
4415,27,26,8,14,-2.885239542543491,12
4416,20,16,15,9,-2.8857490776615986,7
4417,34,14,100,7,-2.888360425828717,7
4418,18,23,77,14,-2.8901494025088836,9
4419,89,17,50,10,-2.89533112730357,7
4420,70,10,44,5,-2.8975248911261424,5
4421,18,33,88,17,-2.9003137586881174,16
4422,19,19,112,11,-2.902758507370797,8
4423,51,31,70,16,-2.904546585958991,15
4424,37,19,91,10,-2.9050960547005253,9
4425,60,60,51,36,-2.9078031363994015,24
4426,54,36,80,18,-2.9116630961094714,18
4427,28,100,86,56,-2.9116733038896894,44
4428,60,75,13,43,-2.9127522787019178,32
4429,108,12,25,7,-2.9132670669268257,5
4430,33,10,37,6,-2.9157377490462184,4
4431,106,19,102,9,-2.9207255392565092,10
4432,86,82,74,43,-2.9212877807151494,39
4433,11,43,63,26,-2.922876548728458,17
4434,66,12,9,6,-2.9315079085260156,6
4435,28,21,33,10,-2.934003356051787,11
4436,87,20,36,12,-2.9355732508976633,8
4437,9,10,72,5,-2.9405168738711245,5
4438,51,16,103,9,-2.9437592352646322,7
4439,46,18,71,9,-2.9448527741935417,9
4440,65,20,18,10,-2.9468351166959508,10
4441,87,37,18,21,-2.947620136311878,16
4442,8,16,80,8,-2.9519293865537106,8
4443,46,23,114,13,-2.9631435316072414,10
4444,57,18,25,10,-2.964934950553877,8
4445,69,29,87,17,-2.9671312776586287,12
4446,53,11,47,6,-2.967218161853792,5
4447,37,21,2,11,-2.96975801126945,10
4448,4,32,36,19,-2.9739066740354194,13
4449,106,36,84,18,-2.9754739608250116,18
4450,1,13,46,6,-2.9771068452784495,7
4451,48,15,80,9,-2.9854010336942434,6
4452,104,42,39,23,-2.991550208192383,19
4453,86,47,27,27,-2.9952606831065873,20
4454,64,21,3,11,-2.9976006229622034,10
4455,69,11,4,6,-2.9994841766617175,5
4456,34,14,96,8,-3.001763014782562,6
4457,37,47,20,25,-3.0049852144749636,22
4458,87,34,94,18,-3.0141400010132986,16
4459,15,22,29,12,-3.0200823684900424,10
4460,102,12,23,6,-3.026398853405979,6
4461,99,12,27,6,-3.0280763102634345,6
4462,65,39,25,23,-3.0368934823131157,16
4463,96,13,38,7,-3.0422152322461713,6
4464,41,16,103,8,-3.051077769785081,8
4465,86,42,71,22,-3.0606693617391714,20
4466,25,18,71,10,-3.0644100067848146,8
4467,88,65,87,33,-3.0659618360137917,32
4468,65,78,87,43,-3.0670515598637706,35
4469,25,30,75,17,-3.069551733540898,13
4470,87,14,45,8,-3.086220297325659,6
4471,37,59,107,32,-3.087858660035624,27
4472,96,22,51,12,-3.0911457625040346,10
4473,107,28,85,15,-3.093409619052362,13
4474,27,17,6,9,-3.0947871865212924,8
4475,91,10,64,6,-3.0993479020870796,4
4476,74,16,88,10,-3.1000151762465555,6
4477,68,14,99,8,-3.100103615084465,6
4478,27,13,74,6,-3.1002755903304386,7
4479,60,15,92,9,-3.101629065738581,6
4480,87,38,29,22,-3.101661587985348,16
4481,86,21,111,12,-3.1037611827633413,9
4482,19,27,11,16,-3.1063576508952773,11
4483,9,48,107,25,-3.1085442155518606,23
4484,55,22,100,11,-3.1091357070964563,11
4485,79,19,107,10,-3.1100913431447434,9
4486,4,24,50,12,-3.1105592371369597,12
4487,17,25,25,14,-3.1106502600539105,11
4488,80,11,36,6,-3.1158574211756616,5
4489,54,61,87,35,-3.126515740328482,26
4490,2,15,76,9,-3.135016863493125,6
4491,15,35,27,18,-3.1381831182085045,17
4492,45,12,112,6,-3.1460936650177533,6
4493,23,23,75,11,-3.148733601092015,12
4494,57,40,78,21,-3.1502690094847994,19
4495,64,15,46,8,-3.1520483223972673,7
4496,7,51,104,28,-3.158219418007504,23
4497,82,21,86,12,-3.1586560919846263,9
4498,29,25,3,14,-3.165368718941013,11
4499,74,14,90,9,-3.168061351028922,5
4500,69,30,88,17,-3.1706028089799116,13
4501,60,25,106,15,-3.171261503808182,10
4502,12,10,52,5,-3.1755936810484173,5
4503,30,12,74,6,-3.175828716417198,6
4504,114,31,54,16,-3.1847921316014234,15
4505,107,32,29,20,-3.1853815564079184,12
4506,50,54,37,28,-3.1883352760136074,26
4507,5,61,88,32,-3.1946532218196624,29
4508,107,56,41,33,-3.1947452740775875,23
4509,39,41,36,23,-3.1998605067578225,18
4510,86,93,7,53,-3.2025353891099275,40
4511,17,28,106,17,-3.2039846830051117,11
4512,88,54,55,32,-3.207489186159969,22
4513,97,12,56,6,-3.2085312435870676,6
4514,31,47,60,23,-3.2094707274879264,24
4515,97,19,50,11,-3.210625734622642,8
4516,74,16,17,9,-3.21177055102783,7
4517,28,39,55,23,-3.2184704312839756,16
4518,7,55,23,30,-3.222928305376168,25
4519,27,61,13,33,-3.2253956865233926,28
4520,68,14,80,8,-3.230403837276107,6
4521,36,49,107,26,-3.234838704648262,23
4522,34,18,9,10,-3.2368917561941424,8
4523,60,25,99,14,-3.238194459102709,11
4524,81,12,23,7,-3.2407035870770007,5
4525,30,19,7,9,-3.2523104824501616,10
4526,25,47,114,27,-3.2540864225169766,20
4527,74,24,7,15,-3.257493143792889,9
4528,39,44,15,26,-3.260599708110752,18
4529,81,11,77,6,-3.2607854630104076,5
4530,53,56,18,30,-3.2615252410170648,26
4531,54,56,28,31,-3.262278028179984,25
4532,104,53,88,30,-3.272915749347715,23
4533,67,13,114,7,-3.274670651234843,6
4534,86,49,60,27,-3.2754717222931737,22
4535,53,50,39,28,-3.277161726088196,22
4536,68,31,19,18,-3.2786498819088243,13
4537,38,10,108,6,-3.2810871215401947,4
4538,109,38,16,22,-3.2828659547023493,16
4539,78,16,28,8,-3.2870042494978406,8
4540,60,25,90,15,-3.2889183131065622,10
4541,35,15,55,8,-3.2899027901624813,7
4542,19,10,34,5,-3.2913733607423943,5
4543,74,20,100,11,-3.292910754624951,9
4544,5,60,104,32,-3.3007473735225057,28
4545,61,13,47,7,-3.3043540506366424,6
4546,64,21,114,12,-3.304666725448282,9
4547,87,21,12,12,-3.3099040779501623,9
4548,75,31,60,17,-3.313915862803686,14
4549,72,15,107,8,-3.315505659563615,7
4550,84,16,97,10,-3.316428205809935,6
4551,97,14,98,7,-3.3185319117606182,7
4552,74,34,104,20,-3.3198927626210826,14
4553,80,33,16,19,-3.3204240085981582,14
4554,11,25,78,15,-3.32366398868096,10
4555,51,46,28,24,-3.330644392104213,22
4556,50,19,41,11,-3.331657114556132,8
4557,109,37,88,21,-3.3348270113218876,16
4558,5,13,68,7,-3.3380294056441127,6
4559,98,20,54,11,-3.3414082574983,9
4560,91,15,40,8,-3.345577169162442,7
4561,48,20,39,12,-3.3473079208220478,8
4562,20,10,83,5,-3.347889825164404,5
4563,107,15,14,9,-3.3479962116917545,6
4564,70,30,88,17,-3.3524090493184286,13
4565,106,17,14,10,-3.3600594128266095,7
4566,88,44,11,25,-3.3622989728699904,19
4567,8,23,14,13,-3.3634201583462153,10
4568,97,25,54,13,-3.364815342765676,12
4569,20,17,40,10,-3.3649339637959637,7
4570,41,82,65,48,-3.367911296303445,34
4571,102,23,109,13,-3.3679677569149944,10
4572,98,15,73,8,-3.3800553651819163,7
4573,55,28,36,15,-3.383336577257353,13
4574,69,29,65,16,-3.3859013073229325,13
4575,62,32,86,17,-3.3859108170773924,15
4576,104,22,15,12,-3.389594982826921,10
4577,104,10,73,6,-3.391491099464731,4
4578,5,50,55,28,-3.393419962444799,22
4579,28,13,4,7,-3.3940824912486858,6
4580,77,19,19,10,-3.3976486656317597,9
4581,88,28,43,16,-3.3979854748204095,12
4582,84,29,55,16,-3.4012305577969593,13
4583,3,29,65,17,-3.4059775539616277,12
4584,36,11,17,5,-3.417273645156755,6
4585,11,38,51,22,-3.4200019053794954,16
4586,37,12,4,7,-3.4218717037755084,5
4587,49,33,87,17,-3.4286324833249107,16
4588,81,11,78,5,-3.4320246992935264,6
4589,63,19,15,10,-3.4372260766555223,9
4590,40,58,60,32,-3.4423663485116376,26
4591,90,38,107,20,-3.442650987354403,18
4592,96,10,15,6,-3.443141355329044,4
4593,54,24,15,12,-3.443630034544425,12
4594,55,28,76,17,-3.4438952481653042,11
4595,87,37,95,20,-3.4486313771107993,17
4596,20,16,57,9,-3.448692312551491,7
4597,114,14,112,7,-3.4529529803290626,7
4598,23,21,37,11,-3.4530437057487418,10
4599,87,40,23,23,-3.454142220179,17
4600,5,23,33,12,-3.454327509177194,11
4601,107,40,34,23,-3.455257813548208,17
4602,68,19,85,12,-3.4578376400868116,7
4603,54,53,46,29,-3.462224315333584,24
4604,8,31,83,16,-3.465429893631149,15
4605,5,60,74,32,-3.4699961467083447,28
4606,3,19,78,10,-3.47049491050773,9
4607,54,57,96,29,-3.47661338595835,28
4608,18,16,55,8,-3.481046717374471,8
4609,114,41,60,19,-3.4828028477548303,22
4610,70,20,25,11,-3.484518115943737,9
4611,45,16,41,10,-3.4850666688674528,6
4612,68,64,88,36,-3.486456108196303,28
4613,51,30,36,16,-3.4874600225025065,14
4614,36,13,62,7,-3.489528327052378,6
4615,114,36,97,20,-3.494809729950691,16
4616,51,39,114,20,-3.4973322349486486,19
4617,9,26,50,15,-3.4989626487903873,11
4618,108,13,37,7,-3.5019197237718496,6
4619,109,27,25,15,-3.504136926234725,12
4620,107,90,13,49,-3.504344737880479,41
4621,23,16,74,9,-3.5053157619270587,7
4622,8,23,49,13,-3.5148512195101698,10
4623,49,21,12,14,-3.5167275354258414,7
4624,79,30,16,17,-3.5285089667626703,13
4625,25,17,93,9,-3.530039788975629,8
4626,7,15,44,8,-3.535266020755452,7
4627,68,26,47,15,-3.538637049708469,11
4628,36,65,40,37,-3.5400829247343655,28
4629,19,31,13,18,-3.544087166327379,13
4630,74,25,75,15,-3.5502981320595746,10
4631,43,31,51,16,-3.551410928734386,15
4632,65,49,53,26,-3.552341058928982,23
4633,36,19,28,10,-3.554999615354126,9
4634,69,16,29,8,-3.5594831116369807,8
4635,64,41,107,22,-3.561300386963444,19
4636,108,13,79,8,-3.562523700236057,5
4637,7,28,6,13,-3.5631855242339143,15
4638,33,13,39,7,-3.571514275871642,6
4639,87,117,86,61,-3.574536361920111,56
4640,87,22,14,13,-3.5746572289058,9
4641,108,16,75,9,-3.5782877645528646,7
4642,39,19,58,11,-3.589328168519788,8
4643,95,10,97,6,-3.58943247133478,4
4644,79,17,34,10,-3.589907173265604,7
4645,60,26,19,13,-3.5937173079626255,13
4646,30,12,17,6,-3.5949084621895326,6
4647,102,12,62,7,-3.5957627994613386,5
4648,18,19,91,11,-3.6010074197876603,8
4649,58,10,19,6,-3.612425741231674,4
4650,47,31,16,17,-3.6140614730895875,14
4651,28,26,80,14,-3.6230809501897747,12
4652,18,19,43,9,-3.6267699505365183,10
4653,11,15,33,7,-3.6324699886469727,8
4654,102,24,65,15,-3.633092270958545,9
4655,20,19,19,10,-3.63512225580757,9
4656,28,52,20,29,-3.638022846799735,23
4657,70,10,14,5,-3.6470421341148493,5
4658,66,16,63,9,-3.650382654951078,7
4659,18,11,17,5,-3.6519056838531805,6
4660,86,130,16,74,-3.652240636179023,56
4661,20,11,62,6,-3.653244367006128,5
4662,9,15,109,7,-3.6538651478462696,8
4663,77,20,55,11,-3.6546881978963213,9
4664,32,21,107,11,-3.6546977761524695,10
4665,71,10,90,5,-3.656103603020123,5
4666,31,24,39,14,-3.6610558433956144,10
4667,46,65,13,38,-3.6628360066144348,27
4668,39,15,69,8,-3.680632334712715,7
4669,61,14,86,8,-3.691831205405496,6
4670,28,19,23,10,-3.6970356039584393,9
4671,27,12,20,7,-3.701459696802648,5
4672,3,16,58,10,-3.702835253111891,6
4673,14,16,65,8,-3.707339765184437,8
4674,57,14,64,8,-3.711449015146855,6
4675,54,18,41,10,-3.7117419374002645,8
4676,5,21,15,13,-3.7147342263498238,8
4677,34,22,109,12,-3.7166229940188273,10
4678,11,14,85,8,-3.719074703847315,6
4679,81,16,114,8,-3.722693092477206,8
4680,54,64,20,33,-3.7237387131550492,31
4681,60,14,89,7,-3.723763452657912,7
4682,57,22,19,12,-3.7238854840272495,10
4683,12,14,54,7,-3.727845074231436,7
4684,25,65,86,35,-3.735239092039536,30
4685,4,13,1,8,-3.7360390878519714,5
4686,114,40,63,25,-3.7382776415303276,15
4687,7,31,15,15,-3.741081293807926,16
4688,40,42,53,23,-3.7429391558119995,19
4689,3,38,107,19,-3.7453276953251646,19
4690,79,16,103,9,-3.7466875459262354,7
4691,76,21,41,10,-3.750106309053706,11
4692,30,25,28,13,-3.7623133830209388,12
4693,4,19,63,11,-3.7758336578086884,8
4694,92,13,104,6,-3.7768187223532292,7
4695,93,10,7,5,-3.7802315490169662,5
4696,5,16,110,9,-3.8138584796050923,7
4697,91,28,5,17,-3.814625093066516,11
4698,11,14,77,8,-3.8158774552437302,6
4699,3,11,4,6,-3.825046392091852,5
4700,39,31,17,18,-3.8276026993227674,13
4701,13,26,91,14,-3.8317482607331113,12
4702,8,13,43,7,-3.8325900737455147,6
4703,55,44,7,26,-3.8332053851439998,18
4704,46,13,38,8,-3.8338597693432233,5
4705,107,64,100,33,-3.8343458642492454,31
4706,86,47,9,27,-3.8380910762902993,20
4707,7,26,20,14,-3.839940256500115,12
4708,31,23,18,12,-3.8430258307678655,11
4709,102,19,13,12,-3.8507096022679073,7
4710,63,41,74,22,-3.8635092916190312,19
4711,100,22,23,13,-3.864208676740741,9
4712,60,54,39,29,-3.8677468377085042,25
4713,27,46,39,27,-3.87072065113489,19
4714,38,14,12,8,-3.8743748284639303,6
4715,15,35,100,20,-3.8767686171622247,15
4716,104,33,41,17,-3.881745214521683,16
4717,17,27,28,15,-3.885054779321748,12
4718,18,18,3,11,-3.886785760617755,7
4719,65,23,19,13,-3.8878860630712,10
4720,57,23,28,13,-3.8971175709019774,10
4721,63,30,55,16,-3.900377194965694,14
4722,91,15,102,8,-3.901213400624812,7
4723,37,26,102,15,-3.901578428361024,11
4724,90,11,64,6,-3.902108781861291,5
4725,54,39,11,22,-3.906878035589283,17
4726,15,11,12,6,-3.9125883634426826,5
4727,86,13,89,6,-3.9174928376954097,7
4728,55,75,13,42,-3.9178708728643765,33
4729,70,38,37,22,-3.9227382855891673,16
4730,2,28,5,16,-3.923277825320168,12
4731,20,15,85,8,-3.925425491644285,7
4732,83,12,102,7,-3.9254792340582285,5
4733,77,23,30,13,-3.931781102600119,10
4734,58,10,12,6,-3.932621764213588,4
4735,16,35,97,19,-3.9340820840887147,16
4736,15,30,60,16,-3.934539265699295,14
4737,97,10,80,6,-3.9365866928471034,4
4738,60,42,30,26,-3.9377409296212322,16
4739,40,11,6,6,-3.9442678680230827,5
4740,93,24,74,13,-3.960101768879081,11
4741,96,15,78,9,-3.9616133541960434,6
4742,14,12,96,7,-3.975747798085754,5
4743,97,18,60,9,-3.9792005525226375,9
4744,62,20,13,11,-3.9841183920289294,9
4745,68,13,89,7,-3.9920034832972595,6
4746,12,18,23,10,-3.9935881563943534,8
4747,112,16,31,10,-4.001730552260451,6
4748,71,33,30,18,-4.006253796204616,15
4749,31,12,66,7,-4.0087548725586535,5
4750,110,20,8,12,-4.013172679497405,8
4751,35,21,16,13,-4.016361918873652,8
4752,96,21,39,13,-4.016816457185763,8
4753,43,29,27,16,-4.02314125326686,13
4754,65,35,43,18,-4.024058672562781,17
4755,47,31,7,18,-4.025431088719288,13
4756,47,13,71,7,-4.030916530509354,6
4757,10,10,104,5,-4.031221485043642,5
4758,68,66,16,40,-4.032539817725323,26
4759,43,10,1,5,-4.03897671575872,5
4760,76,26,98,15,-4.039201436166646,11
4761,51,25,71,14,-4.0432752193478,11
4762,69,12,84,7,-4.046782427990888,5
4763,88,43,23,26,-4.047882049914368,17
4764,40,10,32,5,-4.050021677419869,5
4765,20,10,14,6,-4.051966837258037,4
4766,95,10,43,6,-4.0633983206079485,4
4767,51,27,49,15,-4.06368608406385,12
4768,38,12,20,8,-4.067291998076463,4
4769,69,11,77,6,-4.068890242116286,5
4770,31,68,7,38,-4.069172309295859,30
4771,5,117,86,66,-4.074944655375777,51
4772,20,46,87,25,-4.0812172079394005,21
4773,107,75,88,43,-4.082182687003758,32
4774,19,11,12,7,-4.082498630289565,4
4775,86,21,29,12,-4.083901612699404,9
4776,19,11,36,6,-4.0885902184216905,5
4777,51,51,17,27,-4.088673144397257,24
4778,54,33,104,18,-4.094488077381487,15
4779,35,24,20,14,-4.098728722002913,10
4780,93,20,83,11,-4.100880722204593,9
4781,63,30,97,17,-4.107378727934806,13
4782,68,27,69,15,-4.109870966876622,12
4783,2,12,7,7,-4.115660194227726,5
4784,57,21,3,12,-4.117819968250674,9
4785,62,44,16,27,-4.118561981785128,17
4786,65,22,45,11,-4.125923170388699,11
4787,94,16,112,10,-4.1306598471384035,6
4788,106,51,107,28,-4.131711792879518,23
4789,100,27,28,16,-4.1324003205004525,11
4790,27,51,7,28,-4.136091254496651,23
4791,20,11,71,7,-4.136430557393971,4
4792,3,26,41,17,-4.138003699682097,9
4793,1,14,27,9,-4.139716109233121,5
4794,71,47,53,27,-4.141303557057988,20
4795,65,49,23,26,-4.142109485382541,23
4796,95,12,100,6,-4.142851413596655,6
4797,73,13,20,8,-4.146065391689571,5
4798,76,18,84,10,-4.146116027740745,8
4799,68,14,43,8,-4.147550463856526,6
4800,17,12,99,7,-4.14837583337694,5
4801,84,60,28,34,-4.150279635735799,26
4802,11,20,34,12,-4.152815089129092,8
4803,109,13,78,7,-4.154506269647967,6
4804,84,24,27,13,-4.1560592219163555,11
4805,5,40,83,21,-4.1637099044245005,19
4806,112,25,27,14,-4.166018571065577,11
4807,7,33,43,20,-4.178253566474207,13
4808,16,15,89,8,-4.180346950354626,7
4809,25,27,23,15,-4.182190113226027,12
4810,40,70,13,39,-4.189895916000412,31
4811,74,18,108,11,-4.201041319943182,7
4812,57,14,9,8,-4.201215618084039,6
4813,40,11,15,6,-4.201647176656486,5
4814,79,18,63,11,-4.2028913266701835,7
4815,4,22,55,12,-4.203282539310471,10
4816,36,56,65,32,-4.205692860728475,24
4817,87,28,90,16,-4.209781806456323,12
4818,63,20,17,11,-4.21709530073227,9
4819,31,21,87,11,-4.220659397575877,10
4820,18,19,4,11,-4.220670692754493,8
4821,109,36,51,23,-4.2212381059376325,13
4822,44,11,71,6,-4.223524348839462,5
4823,88,28,47,15,-4.22725076481323,13
4824,28,24,69,13,-4.2278535061843385,11
4825,109,12,71,7,-4.235965151087514,5
4826,94,13,3,7,-4.238506573323205,6
4827,71,44,16,26,-4.241804878716307,18
4828,34,14,106,7,-4.243674039664674,7
4829,77,23,49,14,-4.245203344197589,9
4830,72,10,6,5,-4.248570153213719,5
4831,38,19,30,12,-4.250112487298968,7
4832,38,15,51,9,-4.261652425824846,6
4833,49,51,16,30,-4.26273118455251,21
4834,107,30,91,18,-4.264126621091654,12
4835,55,15,29,9,-4.266015075713762,6
4836,3,21,11,13,-4.267837561069704,8
4837,51,51,3,26,-4.281644499025478,25
4838,35,12,13,7,-4.295164540193832,5
4839,54,28,25,16,-4.300413553073274,12
4840,84,18,75,10,-4.30081159040195,8
4841,53,27,106,14,-4.302319600135899,13
4842,69,16,100,9,-4.302668928460351,7
4843,52,10,50,5,-4.308197298973348,5
4844,8,10,31,6,-4.309099443279481,4
4845,90,13,76,8,-4.309550016746243,5
4846,17,23,97,13,-4.313428551304956,10
4847,98,27,104,13,-4.313899934387767,14
4848,98,15,100,8,-4.314873946898567,7
4849,109,24,20,15,-4.314898517872034,9
4850,71,14,70,7,-4.315612188206777,7
4851,40,22,4,12,-4.316643149060896,10
4852,81,14,64,8,-4.322376324615616,6
4853,41,19,95,11,-4.332143979792176,8
4854,22,12,60,7,-4.334241842742782,5
4855,112,23,41,13,-4.3361056088328285,10
4856,48,20,34,11,-4.343261719849951,9
4857,65,29,70,18,-4.3439841796636145,11
4858,6,16,65,9,-4.346168811124812,7
4859,30,22,20,12,-4.34625292810071,10
4860,48,30,28,17,-4.353346769104993,13
4861,49,24,68,14,-4.355442333586808,10
4862,65,74,51,43,-4.358651491065596,31
4863,83,11,19,6,-4.359398192701051,5
4864,71,31,64,19,-4.35947313780117,12
4865,23,20,95,11,-4.361896262769259,9
4866,9,15,74,9,-4.36741522698094,6
4867,23,23,40,13,-4.36842332680331,10
4868,58,13,55,7,-4.369004483506263,6
4869,114,20,27,11,-4.369975860925664,9
4870,9,24,55,14,-4.371040618945101,10
4871,39,39,64,22,-4.3783600151705215,17
4872,25,33,87,18,-4.379098196808543,15
4873,54,10,99,6,-4.3797228746123675,4
4874,104,39,8,22,-4.387577979866528,17
4875,65,26,62,14,-4.393261785254973,12
4876,2,22,16,13,-4.395353237879596,9
4877,108,14,71,8,-4.402422140240547,6
4878,76,16,34,8,-4.406030161353481,8
4879,11,48,55,29,-4.407143063823052,19
4880,64,24,50,13,-4.415510499418938,11
4881,53,64,7,36,-4.416213736910661,28
4882,87,29,71,16,-4.418670539958073,13
4883,13,30,99,17,-4.420966828834257,13
4884,65,60,28,35,-4.424196907000289,25
4885,20,14,23,8,-4.42777867543601,6
4886,19,32,78,19,-4.4292895866988005,13
4887,27,17,108,10,-4.43028987016657,7
4888,57,15,103,9,-4.4356449338394155,6
4889,109,15,95,9,-4.444131433700797,6
4890,79,15,13,9,-4.444312301283071,6
4891,51,128,16,71,-4.448890646914605,57
4892,12,12,6,6,-4.448996636056325,6
4893,85,10,19,6,-4.451794965059326,4
4894,16,44,95,24,-4.453378575583385,20
4895,73,12,50,8,-4.454782630059153,4
4896,97,11,77,7,-4.454901155383999,4
4897,43,12,49,7,-4.460909191235433,5
4898,32,18,37,10,-4.466542082918519,8
4899,57,10,91,5,-4.468260927215542,5
4900,51,97,13,53,-4.472685964363658,44
4901,25,31,96,17,-4.472832877552798,14
4902,109,15,40,9,-4.473863564525377,6
4903,107,33,95,18,-4.475609109265347,15
4904,8,12,56,7,-4.475636615156397,5
4905,7,29,100,17,-4.479542671667202,12
4906,64,46,7,25,-4.4812400569888355,21
4907,102,21,11,11,-4.481690077928583,10
4908,40,50,65,28,-4.488092661947341,22
4909,37,15,93,9,-4.4934456656390305,6
4910,13,50,100,29,-4.497679530553903,21
4911,78,26,100,15,-4.498435280181419,11
4912,69,12,76,8,-4.499300236532236,4
4913,43,23,41,13,-4.501627913311958,10
4914,69,10,80,5,-4.508733977407145,5
4915,93,16,20,8,-4.515352163146577,8
4916,55,43,37,23,-4.516821858156877,20
4917,50,23,74,13,-4.520207268757788,10
4918,60,17,61,9,-4.5273940858246595,8
4919,43,14,29,8,-4.527570070329543,6
4920,48,18,13,10,-4.529838045170984,8
4921,67,12,88,8,-4.530239274992248,4
4922,28,71,50,41,-4.530365152854882,30
4923,75,23,106,12,-4.532198108241345,11
4924,29,14,9,8,-4.534452930887615,6
4925,38,36,107,21,-4.535425880653768,15
4926,85,16,28,9,-4.545964613502572,7
4927,15,18,99,11,-4.551461310618722,7
4928,46,15,83,8,-4.551826612706302,7
4929,23,15,70,8,-4.554568026577778,7
4930,34,13,102,8,-4.555995977506304,5
4931,49,22,54,12,-4.559262424288583,10
4932,5,18,43,10,-4.5592775438308895,8
4933,51,20,102,11,-4.560982621023822,9
4934,104,16,99,8,-4.562749239239297,8
4935,95,14,99,8,-4.572737764013027,6
4936,58,23,7,12,-4.575034525669345,11
4937,65,16,99,9,-4.579704538683142,7
4938,71,25,28,15,-4.584215619303487,10
4939,96,32,50,18,-4.592653394244437,14
4940,65,19,94,10,-4.593379853346694,9
4941,95,13,77,7,-4.601493224452909,6
4942,66,10,88,6,-4.60434245546846,4
4943,18,15,38,8,-4.607415756411176,7
4944,27,26,47,15,-4.607698124215747,11
4945,86,72,37,40,-4.607837359690986,32
4946,40,10,72,6,-4.6161082317709115,4
4947,23,52,107,29,-4.616513271093973,23
4948,16,54,75,30,-4.621070484571048,24
4949,107,33,15,21,-4.6221663132986475,12
4950,68,46,114,26,-4.626031537231749,20
4951,88,49,27,27,-4.62967274449891,22
4952,92,15,51,8,-4.63031933752528,7
4953,110,15,106,8,-4.633960085739299,7
4954,25,22,60,12,-4.636282806493915,10
4955,109,19,73,11,-4.637139105733963,8
4956,25,13,48,7,-4.641698897655362,6
4957,13,14,73,8,-4.6427133386229835,6
4958,16,21,6,11,-4.642825718029856,10
4959,79,11,19,6,-4.64323690388041,5
4960,50,53,87,29,-4.6442046515061275,24
4961,30,20,29,12,-4.647785356556926,8
4962,96,39,63,24,-4.649023449526139,15
4963,79,13,27,7,-4.65158326253367,6
4964,102,22,57,12,-4.651745927719437,10
4965,54,62,63,36,-4.6520172622159,26
4966,88,99,7,56,-4.655212936233496,43
4967,47,15,25,8,-4.655390231832644,7
4968,86,29,34,16,-4.660300920568795,13
4969,84,35,16,20,-4.661500226777163,15
4970,65,13,79,7,-4.665855738388057,6
4971,84,50,51,29,-4.68222685849612,21
4972,5,16,71,9,-4.686451238703376,7
4973,69,28,41,18,-4.68742010267929,10
4974,8,15,72,8,-4.6882028141566625,7
4975,46,60,86,37,-4.689511214815467,23
4976,84,12,62,7,-4.699556310812963,5
4977,46,23,20,15,-4.708713070266484,8
4978,63,46,37,27,-4.710297957233592,19
4979,18,37,28,20,-4.710953949587104,17
4980,12,14,74,8,-4.7158981291394015,6
4981,61,15,107,8,-4.722903053660275,7
4982,54,39,13,23,-4.724295488509412,16
4983,86,20,47,12,-4.7250746523394085,8
4984,3,14,76,8,-4.7260181257182605,6
4985,75,14,15,9,-4.7291616067808215,5
4986,46,11,6,6,-4.730994669309113,5
4987,47,25,107,14,-4.7386499699721325,11
4988,77,16,25,9,-4.745845616411638,7
4989,107,120,16,73,-4.74798246458426,47
4990,5,30,90,18,-4.752640516818982,12
4991,50,23,7,13,-4.754905099968965,10
4992,50,16,93,10,-4.755526241513055,6
4993,51,59,54,33,-4.76024299675264,26
4994,79,12,55,7,-4.763372141256467,5
4995,60,23,76,15,-4.763967746356448,8
4996,3,30,15,17,-4.764457679200361,13
4997,17,43,16,27,-4.7649266704628515,16
4998,94,16,55,9,-4.767452995148862,7
4999,31,15,12,8,-4.770632464521183,7
5000,70,13,90,7,-4.771084444295363,6
5001,37,10,9,6,-4.7723167368365935,4
5002,23,14,33,8,-4.772846471482118,6
5003,5,12,9,7,-4.777710715122403,5
5004,104,57,86,32,-4.778923035703436,25
5005,5,33,76,19,-4.788314400539968,14
5006,76,24,97,13,-4.7891970450006545,11
5007,1,17,9,8,-4.79405950293998,9
5008,20,13,52,8,-4.795236183864801,5
5009,63,10,110,6,-4.795503234252321,4
5010,25,11,111,6,-4.797175922879397,5
5011,46,23,7,15,-4.797661017581172,8
5012,6,16,68,10,-4.799676836342989,6
5013,96,22,75,15,-4.80138149231193,7
5014,56,11,16,7,-4.802141402722699,4
5015,88,44,75,26,-4.804702938088101,18
5016,108,13,96,7,-4.805162668071275,6
5017,68,34,54,20,-4.806816214683671,14
5018,106,25,2,14,-4.808494527305082,11
5019,106,12,6,7,-4.810944704219048,5
5020,85,11,74,6,-4.812388004493803,5
5021,3,19,8,9,-4.813422384940692,10
5022,54,15,14,10,-4.820525855929131,5
5023,25,19,31,10,-4.823839301099763,9
5024,76,30,28,16,-4.826019287633728,14
5025,9,47,65,28,-4.82612869570304,19
5026,90,13,41,7,-4.828201040811693,6
5027,67,15,8,9,-4.8319098461555825,6
5028,75,41,18,23,-4.835583954062301,18
5029,3,28,12,17,-4.836903040981008,11
5030,112,20,87,11,-4.836953429898647,9
5031,64,20,83,11,-4.840996077098241,9
5032,83,17,39,10,-4.845386042652696,7
5033,32,12,97,7,-4.851459349576838,5
5034,79,10,60,6,-4.86007767182391,4
5035,107,12,52,8,-4.8612628499818085,4
5036,89,10,5,7,-4.862465640901751,3
5037,106,54,37,29,-4.865641247327304,25
5038,1,11,29,7,-4.8669345755887905,4
5039,13,45,114,23,-4.867158471766067,22
5040,57,26,88,14,-4.87081224887015,12
5041,84,17,100,11,-4.876415167032029,6
5042,12,20,78,13,-4.877421671430414,7
5043,95,11,69,7,-4.882909765417962,4
5044,16,41,78,24,-4.88371910659016,17
5045,101,10,39,6,-4.8897412781033625,4
5046,51,47,75,26,-4.890410363576285,21
5047,77,16,23,9,-4.892331871891682,7
5048,39,31,57,17,-4.901139318454795,14
5049,19,17,64,11,-4.906576910714337,6
5050,28,12,38,6,-4.907164394244693,6
5051,108,12,54,8,-4.909695920764134,4
5052,27,42,41,25,-4.917123835584125,17
5053,109,22,41,14,-4.921048446482954,8
5054,87,35,76,21,-4.9222225313957875,14
5055,106,56,74,32,-4.924754963776778,24
5056,36,40,86,23,-4.927433251240003,17
5057,9,22,114,15,-4.931319071415344,7
5058,55,20,34,11,-4.939270816045712,9
5059,71,11,49,6,-4.9409457894604065,5
5060,28,27,93,17,-4.941127481170006,10
5061,81,23,39,14,-4.943832581007466,9
5062,6,15,51,9,-4.945330344973923,6
5063,106,29,80,17,-4.946009667025365,12
5064,102,21,100,13,-4.948005643965129,8
5065,18,14,76,8,-4.948055179076069,6
5066,68,19,56,10,-4.94813216675333,9
5067,100,12,20,7,-4.948684351907288,5
5068,41,33,64,20,-4.951397157092104,13
5069,107,44,76,28,-4.963511886446056,16
5070,90,23,96,14,-4.963939687748077,9
5071,107,49,40,30,-4.964616090179718,19
5072,43,24,3,15,-4.970309190277102,9
5073,44,10,80,5,-4.973541413806909,5
5074,65,36,64,20,-4.987841540773512,16
5075,31,23,50,13,-4.991999785997781,10
5076,71,15,74,8,-4.993812181109021,7
5077,50,50,16,29,-4.998659270607032,21
5078,106,41,7,21,-5.003800212982272,20
5079,5,26,93,16,-5.004460526821323,10
5080,41,12,74,6,-5.00781552916323,6
5081,17,17,72,10,-5.008619057376982,7
5082,64,49,13,26,-5.0266998971793155,23
5083,41,24,20,13,-5.0314400771852865,11
5084,39,10,56,5,-5.034025368749221,5
5085,52,12,65,8,-5.036995856643753,4
5086,38,31,39,18,-5.039769505176328,13
5087,104,61,37,36,-5.041376355525097,25
5088,85,15,63,8,-5.044437930195333,7
5089,51,48,104,30,-5.045842035260691,18
5090,75,20,95,12,-5.050260152484932,8
5091,10,16,7,9,-5.060407065651959,7
5092,61,10,41,6,-5.060781095904467,4
5093,65,17,46,11,-5.06610491085495,6
5094,33,13,90,8,-5.072843762888294,5
5095,7,105,16,59,-5.076606386541645,46
5096,49,65,39,39,-5.080343549155945,26
5097,20,10,32,7,-5.08216341529211,3
5098,65,23,90,12,-5.084911236528136,11
5099,104,25,53,14,-5.094260383198605,11
5100,27,27,34,15,-5.094510463354279,12
5101,108,13,28,7,-5.102919930198643,6
5102,70,23,55,13,-5.1032220329288345,10
5103,86,78,11,44,-5.103528726082868,34
5104,54,30,9,17,-5.1065751437855,13
5105,1,10,30,6,-5.107240382060612,4
5106,86,39,64,22,-5.108639671077766,17
5107,68,30,23,16,-5.1118494914616495,14
5108,4,18,75,11,-5.1124286444655915,7
5109,108,26,16,16,-5.1244229814260605,10
5110,60,17,62,9,-5.128886027579172,8
5111,94,23,30,13,-5.132806240085078,10
5112,58,30,40,16,-5.133397385337809,14
5113,3,21,36,13,-5.136055944816986,8
5114,9,20,49,11,-5.141308839362197,9
5115,3,36,7,22,-5.146402582002665,14
5116,97,13,11,7,-5.149154391162877,6
5117,78,10,33,6,-5.149830330996773,4
5118,9,24,106,14,-5.150083731218861,10
5119,28,16,35,8,-5.1531236605423,8
5120,51,16,79,8,-5.156498500429077,8
5121,5,12,67,7,-5.159840528973067,5
5122,93,13,98,7,-5.16002306712359,6
5123,56,11,91,6,-5.160182814393273,5
5124,96,20,114,12,-5.164351476040406,8
5125,96,29,65,16,-5.165027076154162,13
5126,80,10,27,6,-5.166088753800779,4
5127,15,24,49,13,-5.1707495934889405,11
5128,29,18,49,10,-5.174835217534595,8
5129,78,16,41,10,-5.177820611113413,6
5130,97,17,75,10,-5.183439015487436,7
5131,8,37,13,22,-5.188121734762536,15
5132,43,18,35,10,-5.192369960271566,8
5133,71,10,6,6,-5.19369227829273,4
5134,113,13,40,8,-5.193726392686624,5
5135,80,18,104,10,-5.194103195079233,8
5136,39,25,46,12,-5.196853389468722,13
5137,8,26,64,16,-5.197739409340508,10
5138,53,36,16,22,-5.201094174764714,14
5139,109,22,50,13,-5.207842202449344,9
5140,54,37,55,20,-5.2079892699722485,17
5141,39,10,6,6,-5.213256916387498,4
5142,91,12,33,6,-5.213867650447791,6
5143,33,16,87,9,-5.217430381961776,7
5144,76,18,20,9,-5.218902337593748,9
5145,37,22,40,12,-5.218981261850287,10
5146,112,29,53,15,-5.221677411254142,14
5147,39,17,34,9,-5.222074480009672,8
5148,106,54,54,29,-5.222938310920249,25
5149,39,23,92,12,-5.223931097826438,11
5150,5,11,35,6,-5.226534281744142,5
5151,3,24,104,14,-5.226681542928666,10
5152,23,12,9,7,-5.231512665759891,5
5153,112,16,54,10,-5.232740364866691,6
5154,25,21,91,12,-5.23677892954369,9
5155,16,14,52,8,-5.238731564661997,6
5156,40,15,98,8,-5.239271076053038,7
5157,40,26,25,15,-5.242222631716463,11
5158,94,15,114,8,-5.246364560187277,7
5159,65,14,85,8,-5.254482148208554,6
5160,67,15,34,7,-5.254716330627796,8
5161,31,11,35,6,-5.255104723881262,5
5162,39,16,80,9,-5.2570004697562105,7
5163,41,28,11,18,-5.258054616864361,10
5164,75,55,86,30,-5.26427494208678,25
5165,92,11,28,7,-5.266199037582341,4
5166,3,22,19,13,-5.273621939137366,9
5167,88,11,56,6,-5.280224334897691,5
5168,28,19,14,12,-5.2887953454841945,7
5169,47,14,64,9,-5.289224932245289,5
5170,86,21,99,13,-5.291638236148403,8
5171,100,17,9,11,-5.299356832075297,6
5172,55,25,111,15,-5.307717141421055,10
5173,66,19,107,11,-5.307859110353936,8
5174,81,33,86,22,-5.330127627628594,11
5175,102,14,97,9,-5.335160623731844,5
5176,41,22,100,13,-5.337856418817987,9
5177,87,27,80,16,-5.338478052727015,11
5178,62,19,7,11,-5.339510147514966,8
5179,12,10,47,6,-5.346203816219379,4
5180,60,46,55,26,-5.354179807158422,20
5181,65,15,81,9,-5.355649781765625,6
5182,97,35,7,19,-5.356987360153851,16
5183,50,24,90,14,-5.361711287754656,10
5184,63,30,75,17,-5.362343223381898,13
5185,97,25,87,16,-5.363797229057477,9
5186,19,23,103,13,-5.380427380794218,10
5187,65,107,16,62,-5.387920111046627,45
5188,1,35,13,22,-5.395737230218574,13
5189,90,31,54,18,-5.397442007333916,13
5190,54,19,94,11,-5.4003513194262505,8
5191,58,11,4,7,-5.405037105567146,4
5192,27,16,81,9,-5.409370401628339,7
5193,25,38,104,21,-5.42238345531963,17
5194,63,33,104,19,-5.4225005902868935,14
5195,43,43,16,26,-5.430594228539035,17
5196,87,20,72,11,-5.432670870935056,9
5197,69,13,42,7,-5.432900919803644,6
5198,68,29,71,18,-5.435653336862234,11
5199,35,22,11,13,-5.43864702219864,9
5200,84,25,85,16,-5.43974367052044,9
5201,57,18,97,10,-5.45235309786646,8
5202,71,43,75,27,-5.454468163058883,16
5203,76,14,71,7,-5.456476326439049,7
5204,88,15,89,8,-5.460084177073363,7
5205,51,31,5,20,-5.465657211287607,11
5206,77,34,13,20,-5.465932973197147,14
5207,55,61,107,35,-5.466942546789646,26
5208,74,13,31,8,-5.468299370651384,5
5209,61,14,63,9,-5.475415218119486,5
5210,25,22,100,12,-5.476003695191371,10
5211,8,88,16,52,-5.4773442565485295,36
5212,12,15,104,9,-5.493566820804527,6
5213,102,10,67,6,-5.497246561771841,4
5214,107,106,87,62,-5.498403280060933,44
5215,38,27,16,18,-5.501435833243271,9
5216,64,15,44,9,-5.503275136525506,6
5217,88,63,65,39,-5.5046516766744285,24
5218,40,13,2,8,-5.504797437287729,5
5219,109,13,32,7,-5.508051897308618,6
5220,83,19,95,12,-5.510188596504647,7
5221,37,59,87,35,-5.516733087496061,24
5222,77,23,41,14,-5.516823467776128,9
5223,7,33,28,20,-5.522079859732704,13
5224,102,14,33,8,-5.525239013163607,6
5225,102,11,64,7,-5.525256448935202,4
5226,81,13,11,8,-5.532252988240379,5
5227,61,10,69,7,-5.533585070892796,3
5228,76,20,100,11,-5.5369678710761505,9
5229,23,21,64,12,-5.5388775759536575,9
5230,33,15,68,9,-5.539648915480053,6
5231,27,23,40,11,-5.543091094529357,12
5232,2,22,20,13,-5.544865436021075,9
5233,84,18,25,11,-5.5466876181289715,7
5234,23,16,29,9,-5.547160957253139,7
5235,31,53,36,30,-5.548564460468652,23
5236,27,27,29,17,-5.549980766187383,10
5237,25,41,8,25,-5.550067480025435,16
5238,54,16,69,9,-5.552096999235808,7
5239,20,61,107,35,-5.555959949322172,26
5240,4,11,46,6,-5.55622187464566,5
5241,95,30,13,17,-5.556983808516705,13
5242,95,10,31,6,-5.5581891593402775,4
5243,69,11,33,6,-5.570249760193638,5
5244,38,23,7,13,-5.575438881033769,10
5245,44,22,20,13,-5.576158683247875,9
5246,88,14,14,8,-5.580858903619988,6
5247,53,13,89,7,-5.581720835788214,6
5248,65,81,104,46,-5.584887655129079,35
5249,27,20,76,12,-5.589652461713723,8
5250,96,38,20,23,-5.5910643603065,15
5251,65,24,49,14,-5.599559831731962,10
5252,98,17,70,11,-5.604121247592223,6
5253,64,12,62,6,-5.604607375761128,6
5254,90,14,30,8,-5.614315415339312,6
5255,84,20,38,11,-5.614806649443392,9
5256,91,26,68,14,-5.6194663727720915,12
5257,50,26,95,15,-5.619957219349124,11
5258,84,24,9,14,-5.622843694169617,10
5259,94,29,27,17,-5.623295613222735,12
5260,5,10,19,6,-5.6233787755961275,4
5261,17,21,5,14,-5.625033929201381,7
5262,73,28,86,15,-5.62531345595925,13
5263,9,43,75,26,-5.632694127818325,17
5264,46,16,109,9,-5.636528034552768,7
5265,43,38,107,23,-5.645666270302581,15
5266,104,28,30,15,-5.647296722607988,13
5267,74,23,73,14,-5.649045009007229,9
5268,97,13,39,8,-5.649731064357227,5
5269,97,10,4,6,-5.649870700339136,4
5270,98,16,78,9,-5.6505616018289935,7
5271,61,13,9,8,-5.652969843590385,5
5272,16,44,20,28,-5.653886889078911,16
5273,38,14,27,9,-5.656535392965309,5
5274,19,31,29,19,-5.66242547949128,12
5275,82,11,54,7,-5.66427830231393,4
5276,99,31,16,18,-5.66581833704302,13
5277,37,39,75,25,-5.670197882049106,14
5278,25,10,94,5,-5.671887186214519,5
5279,95,10,102,6,-5.68531996234082,4
5280,9,37,28,20,-5.685359581946876,17
5281,87,69,8,40,-5.688296090006095,29
5282,40,21,35,13,-5.689140213576859,8
5283,5,46,106,28,-5.689619439430468,18
5284,32,10,70,5,-5.692479372096212,5
5285,50,13,23,9,-5.694114757145069,4
5286,62,17,53,10,-5.701449545318568,7
5287,96,23,60,16,-5.70300646411235,7
5288,109,18,68,12,-5.704488776223907,6
5289,37,18,41,11,-5.716493275276267,7
5290,19,35,100,21,-5.720095567132616,14
5291,17,13,98,7,-5.72342530511381,6
5292,51,26,25,15,-5.726135112848949,11
5293,9,14,45,9,-5.727853500458989,5
5294,25,48,13,26,-5.729332953997916,22
5295,12,19,88,11,-5.730617287446644,8
5296,100,30,104,18,-5.731738576312735,12
5297,106,42,25,26,-5.737688222420908,16
5298,39,50,40,30,-5.739978674185259,20
5299,19,19,41,12,-5.745349966804545,7
5300,80,11,19,7,-5.749943576584892,4
5301,77,12,36,7,-5.751140829309579,5
5302,76,26,65,17,-5.75261920865992,9
5303,47,13,23,8,-5.7551420632928085,5
5304,53,13,58,6,-5.756559382638664,7
5305,54,10,61,6,-5.763750710129652,4
5306,76,19,13,11,-5.766341264416831,8
5307,98,23,11,13,-5.7667243230281455,10
5308,112,13,85,8,-5.770596297207226,5
5309,60,29,78,16,-5.785028437429672,13
5310,57,33,87,20,-5.791678088056649,13
5311,63,26,98,15,-5.795644107915215,11
5312,31,19,91,12,-5.801858258461768,7
5313,106,11,10,8,-5.803672894932928,3
5314,98,19,8,12,-5.806615359942182,7
5315,37,52,16,30,-5.806896201742739,22
5316,20,13,79,8,-5.810117746469,5
5317,15,11,108,7,-5.8159592902485935,4
5318,5,16,40,9,-5.82052725169565,7
5319,94,17,28,11,-5.821481138029024,6
5320,86,36,69,21,-5.8376581842462185,15
5321,29,18,76,9,-5.840323373706845,9
5322,65,10,108,5,-5.847992745343311,5
5323,79,12,80,6,-5.851472407179256,6
5324,65,61,55,35,-5.858765777581568,26
5325,112,20,7,12,-5.863389950487481,8
5326,7,17,34,10,-5.863504951401834,7
5327,95,36,54,20,-5.865979569344108,16
5328,9,17,62,10,-5.866001447424248,7
5329,31,12,28,7,-5.87633787823225,5
5330,68,27,97,16,-5.880460614845397,11
5331,36,12,46,7,-5.88209418081934,5
5332,74,22,102,13,-5.882481039476403,9
5333,51,66,100,36,-5.886489127943572,30
5334,20,48,65,30,-5.887954716629861,18
5335,43,16,17,9,-5.888801333071093,7
5336,84,34,74,18,-5.89139952158172,16
5337,68,15,101,10,-5.891939886749793,5
5338,103,12,54,8,-5.896465334872947,4
5339,107,59,75,39,-5.896729059645905,20
5340,11,19,64,13,-5.8992953759887925,6
5341,57,27,84,14,-5.910397185802948,13
5342,63,10,93,6,-5.917563250275586,4
5343,7,22,78,12,-5.919551023484503,10
5344,93,14,75,8,-5.9232430439307135,6
5345,55,27,109,14,-5.923431655873009,13
5346,114,20,73,12,-5.924435121305104,8
5347,33,18,8,11,-5.930528749487397,7
5348,40,15,57,9,-5.936628176580016,6
5349,43,10,74,5,-5.941779824004124,5
5350,33,12,49,8,-5.9430630012189605,4
5351,53,15,28,9,-5.945744364633271,6
5352,102,24,76,15,-5.950174098301772,9
5353,29,37,65,21,-5.950290217119017,16
5354,10,12,97,6,-5.950831581917707,6
5355,13,39,81,24,-5.950970026042708,15
5356,96,13,41,9,-5.964160956043953,4
5357,53,52,68,31,-5.964244334939566,21
5358,40,18,97,11,-5.966918416140385,7
5359,60,16,94,10,-5.969950979611428,6
5360,88,91,86,54,-5.970133722091809,37
5361,87,21,102,13,-5.971447061156248,8
5362,18,20,64,12,-5.974775055211904,8
5363,112,18,3,10,-5.982408727156933,8
5364,84,20,98,13,-5.9888897315784195,7
5365,31,25,114,14,-5.9918765203954925,11
5366,53,24,27,15,-5.99870064040143,9
5367,100,19,37,12,-6.000890669706825,7
5368,66,10,104,7,-6.003633019032884,3
5369,87,99,16,58,-6.022118516224454,41
5370,17,17,103,11,-6.022913063656272,6
5371,37,24,98,14,-6.023716027404387,10
5372,55,33,80,18,-6.02495090174393,15
5373,51,28,108,16,-6.026136385597759,12
5374,87,70,13,43,-6.026850159319133,27
5375,46,20,95,12,-6.027785407812037,8
5376,50,17,91,11,-6.027790824025908,6
5377,31,31,75,17,-6.03348213428737,14
5378,98,24,7,15,-6.033686003781978,9
5379,32,16,8,9,-6.041444852098721,7
5380,93,15,70,9,-6.04469500542117,6
5381,18,24,63,15,-6.046455003215171,9
5382,14,14,39,8,-6.049336679853417,6
5383,102,34,28,20,-6.058897913934129,14
5384,41,27,23,16,-6.068042449918635,11
5385,107,23,111,12,-6.08814286411973,11
5386,107,53,30,31,-6.088757520632995,22
5387,16,10,26,6,-6.090476145744291,4
5388,47,11,54,6,-6.095812400128514,5
5389,69,16,62,9,-6.0981418118710495,7
5390,87,13,10,8,-6.098821416398099,5
5391,10,13,16,8,-6.102410867550437,5
5392,7,12,90,7,-6.108519045195329,5
5393,12,12,103,6,-6.109815671857382,6
5394,77,13,72,7,-6.113577824682308,6
5395,31,13,81,9,-6.1171597913254026,4
5396,34,19,78,11,-6.117178419740956,8
5397,86,53,100,29,-6.1174091800078205,24
5398,88,35,25,23,-6.12387967695023,12
5399,55,17,27,11,-6.127925060038187,6
5400,69,20,81,11,-6.146413520084444,9
5401,46,43,8,24,-6.1501810225894875,19
5402,47,27,75,18,-6.156969718274411,9
5403,81,11,50,6,-6.158903696641065,5
5404,36,47,13,29,-6.167141158071527,18
5405,93,10,80,5,-6.175234905241036,5
5406,71,12,91,7,-6.18747414228945,5
5407,2,28,63,16,-6.200018491851487,12
5408,70,28,74,15,-6.203999405338755,13
5409,84,15,35,9,-6.209299301194262,6
5410,70,24,114,15,-6.214622620602992,9
5411,104,65,107,39,-6.217712152560083,26
5412,12,14,11,9,-6.2259457729017535,5
5413,91,42,16,27,-6.227187272730331,15
5414,50,41,104,25,-6.230364171354916,16
5415,9,31,8,16,-6.234041807874366,15
5416,5,48,114,28,-6.237633533478722,20
5417,79,12,112,7,-6.244469819410296,5
5418,95,12,15,7,-6.265255655621161,5
5419,5,45,20,28,-6.270373633442783,17
5420,75,11,94,7,-6.272377467555882,4
5421,4,21,86,13,-6.2794844995496994,8
5422,43,14,12,9,-6.280233018622482,5
5423,93,14,29,8,-6.281843189307091,6
5424,3,13,54,7,-6.2904200663200225,6
5425,37,24,30,15,-6.294754233158862,9
5426,94,20,76,13,-6.29880756689131,7
5427,86,35,43,22,-6.300719177282555,13
5428,27,23,72,13,-6.314631353195722,10
5429,28,53,104,31,-6.329501969870212,22
5430,13,36,63,21,-6.336904929027583,15
5431,18,24,15,15,-6.3402318230961585,9
5432,40,22,62,11,-6.340588914856938,11
5433,96,17,85,12,-6.345069391274802,5
5434,85,14,100,8,-6.350178495118571,6
5435,27,13,92,7,-6.356396578041118,6
5436,43,19,64,11,-6.3596171770522805,8
5437,56,21,7,12,-6.361794853449643,9
5438,50,12,57,8,-6.36698198689182,4
5439,33,12,64,8,-6.376020245344582,4
5440,96,13,33,6,-6.392035038140809,7
5441,55,38,104,23,-6.394473965912865,15
5442,37,20,80,12,-6.401050818487372,8
5443,77,13,106,7,-6.407119934187455,6
5444,68,17,34,10,-6.413670809676438,7
5445,54,18,91,10,-6.414686940093467,8
5446,80,23,96,14,-6.423400971659429,9
5447,33,16,40,11,-6.427211772717695,5
5448,81,24,15,14,-6.430856839870597,10
5449,94,18,69,11,-6.432434124144747,7
5450,29,29,39,16,-6.43337139021588,13
5451,23,47,13,26,-6.4340973489419495,21
5452,87,20,4,13,-6.445923142452617,7
5453,60,30,49,18,-6.4470165231393155,12
5454,28,10,6,6,-6.452419128804086,4
5455,91,20,8,12,-6.453847873736644,8
5456,12,13,98,8,-6.466454254397779,5
5457,60,38,104,26,-6.467802328258812,12
5458,68,11,98,7,-6.4699276959750645,4
5459,55,10,89,6,-6.472799854469152,4
5460,9,20,70,13,-6.477071321597405,7
5461,53,46,107,28,-6.492903474758716,18
5462,103,10,18,7,-6.501498615339008,3
5463,55,29,74,17,-6.503619546467788,12
5464,63,25,100,14,-6.506283863039738,11
5465,37,35,13,21,-6.522302273576748,14
5466,80,13,91,8,-6.531108694088673,5
5467,70,58,54,35,-6.543056803225656,23
5468,12,16,28,10,-6.545963713857721,6
5469,23,32,106,17,-6.5490553960891695,15
5470,100,56,16,34,-6.550419487872445,22
5471,60,41,23,25,-6.554903657283495,16
5472,41,38,87,23,-6.5654358309490926,15
5473,114,26,53,15,-6.571088082289226,11
5474,48,10,69,5,-6.577798378248735,5
5475,101,11,27,7,-6.582303845846212,4
5476,72,23,86,14,-6.59033825227938,9
5477,63,31,64,18,-6.595351994440166,13
5478,17,13,102,8,-6.612407855965595,5
5479,49,16,72,10,-6.617816845688252,6
5480,30,14,23,8,-6.618468991829209,6
5481,68,21,20,12,-6.619136630374986,9
5482,75,10,85,7,-6.619293441212882,3
5483,46,38,74,24,-6.622188071735937,14
5484,5,48,25,29,-6.626414170343123,19
5485,37,22,39,13,-6.632156694863052,9
5486,63,59,51,33,-6.632511268696381,26
5487,65,30,4,18,-6.635600395573753,12
5488,17,38,86,21,-6.641619574926921,17
5489,5,26,32,16,-6.6474470604519045,10
5490,37,19,71,11,-6.65399605348867,8
5491,71,11,83,6,-6.6562053803338666,5
5492,112,26,100,15,-6.657009441791049,11
5493,57,12,10,8,-6.658857003244836,4
5494,54,20,85,13,-6.664179187550933,7
5495,27,35,100,20,-6.682080661689304,15
5496,19,19,62,13,-6.685567597090416,6
5497,3,41,27,23,-6.686307348896422,18
5498,57,23,69,15,-6.689265645795013,8
5499,106,11,111,8,-6.697425895741327,3
5500,86,18,10,10,-6.698064905065152,8
5501,23,25,63,16,-6.701335055503609,9
5502,74,15,83,8,-6.703298030488857,7
5503,97,35,28,22,-6.716635909782018,13
5504,57,32,11,17,-6.7167326011764,15
5505,32,10,65,6,-6.718474357729474,4
5506,19,30,49,18,-6.718810848761971,12
5507,87,35,43,21,-6.730845940361078,14
5508,95,13,14,8,-6.731405281187272,5
5509,96,38,74,24,-6.731828732252354,14
5510,78,14,40,10,-6.732885786530082,4
5511,29,10,18,7,-6.739197778395282,3
5512,48,26,84,16,-6.740791105108492,10
5513,77,16,109,9,-6.7409212500693,7
5514,103,17,13,11,-6.744973319522146,6
5515,68,13,45,8,-6.747691137383073,5
5516,71,10,94,6,-6.748460655059317,4
5517,97,54,86,32,-6.749652418711037,22
5518,50,17,33,10,-6.750798742645295,7
5519,13,41,47,25,-6.770499309500958,16
5520,88,27,62,16,-6.777372044873372,11
5521,55,29,30,18,-6.783077806970958,11
5522,38,14,2,8,-6.792448237787324,6
5523,31,10,55,6,-6.798197972656263,4
5524,87,23,108,14,-6.799580586486786,9
5525,49,16,28,9,-6.8012848235530035,7
5526,50,17,3,10,-6.80135709994392,7
5527,13,50,71,29,-6.804323620324037,21
5528,4,13,56,7,-6.816273515879698,6
5529,31,69,68,41,-6.8216343585610195,28
5530,106,25,95,16,-6.830338155584793,9
5531,87,23,34,14,-6.839779420574447,9
5532,51,103,86,59,-6.846361424776972,44
5533,51,99,7,62,-6.849475435937795,37
5534,64,16,80,9,-6.852980882061022,7
5535,60,18,108,11,-6.856532886501664,7
5536,4,43,60,24,-6.864343045215706,19
5537,98,12,3,6,-6.866274172778351,6
5538,38,12,34,8,-6.8714448233593854,4
5539,99,15,106,10,-6.882359612487446,5
5540,77,24,39,14,-6.887113743178638,10
5541,88,16,76,9,-6.891817282335724,7
5542,34,17,29,10,-6.901880092833004,7
5543,60,10,72,6,-6.902146483608277,4
5544,62,33,107,18,-6.9022637475512845,15
5545,68,21,58,13,-6.90465268486649,8
5546,29,17,28,10,-6.905526522456792,7
5547,13,17,85,11,-6.90570853932126,6
5548,88,27,30,15,-6.912331454040788,12
5549,30,19,75,11,-6.923427737676235,8
5550,88,12,99,7,-6.939131232028662,5
5551,49,37,107,22,-6.942764886475849,15
5552,55,71,16,45,-6.9441417397692575,26
5553,69,39,13,24,-6.946273853388926,15
5554,51,25,4,16,-6.952578906103856,9
5555,68,24,62,14,-6.956994474454217,10
5556,63,20,90,12,-6.95733483322538,8
5557,104,18,32,12,-6.959225086389547,6
5558,88,13,85,8,-6.960388600870984,5
5559,39,15,111,9,-6.9608600117118025,6
5560,36,34,16,21,-6.96230955324868,13
5561,78,10,108,6,-6.96488712458409,4
5562,97,23,18,14,-6.965163575719862,9
5563,30,30,53,18,-6.98498975026545,12
5564,55,20,17,11,-6.987444025974705,9
5565,49,25,76,15,-6.987737237317929,10
5566,13,23,111,13,-6.988942249892523,10
5567,5,15,62,9,-6.9927087595973925,6
5568,54,14,79,9,-6.993661154009002,5
5569,54,26,93,17,-7.002072182522708,9
5570,65,48,27,30,-7.003878479382606,18
5571,69,13,40,9,-7.006717860168283,4
5572,88,26,100,16,-7.011170785862742,10
5573,38,25,63,17,-7.013791456544737,8
5574,53,27,87,15,-7.0226395127694765,12
5575,104,14,89,8,-7.025402807656737,6
5576,40,15,95,9,-7.026458120737084,6
5577,13,13,89,7,-7.027546797235387,6
5578,27,19,37,12,-7.034792767414986,7
5579,114,11,72,6,-7.039741382461142,5
5580,97,25,55,16,-7.041738062020974,9
5581,19,14,17,9,-7.043328257314955,5
5582,107,31,12,20,-7.045895930951491,11
5583,73,16,65,10,-7.056062739811477,6
5584,36,18,99,12,-7.061516094995873,6
5585,98,14,102,8,-7.075813129571892,6
5586,53,10,85,7,-7.0781457464371815,3
5587,70,35,28,21,-7.078735797739843,14
5588,20,15,78,9,-7.080009592399181,6
5589,76,37,16,20,-7.082520344517178,17
5590,8,26,34,16,-7.095056358065476,10
5591,64,26,30,16,-7.0955835601535755,10
5592,17,14,38,8,-7.099034060595349,6
5593,45,10,1,6,-7.100044646871247,4
5594,7,33,45,20,-7.114147641228475,13
5595,83,30,86,20,-7.114862976089347,10
5596,68,37,76,26,-7.121413203206494,11
5597,96,81,86,50,-7.122290387606646,31
5598,107,12,67,8,-7.124134838046419,4
5599,51,44,76,28,-7.1284834854877435,16
5600,38,11,62,7,-7.1316627039169695,4
5601,55,50,40,31,-7.142420946012767,19
5602,60,17,5,11,-7.144002600647478,6
5603,69,12,111,7,-7.144443379259754,5
5604,19,18,84,11,-7.145362039647058,7
5605,58,21,16,13,-7.146478934871438,8
5606,37,14,29,8,-7.14724630286853,6
5607,78,41,27,27,-7.15116837049337,14
5608,66,19,60,13,-7.156208645562963,6
5609,65,14,34,8,-7.161205115873211,6
5610,14,14,86,8,-7.166696838482464,6
5611,57,19,114,12,-7.16817977917647,7
5612,61,13,30,8,-7.1697153559652405,5
5613,86,41,98,24,-7.171894084868248,17
5614,112,16,36,10,-7.175574629533439,6
5615,62,11,18,7,-7.178564522913038,4
5616,43,33,39,19,-7.179919496295487,14
5617,63,58,8,34,-7.184592805665555,24
5618,22,13,109,8,-7.19047287621624,5
5619,48,11,17,6,-7.198036653114912,5
5620,112,24,39,14,-7.200442446722491,10
5621,38,18,109,12,-7.214677628322452,6
5622,68,30,11,18,-7.217291331449089,12
5623,87,53,27,32,-7.22295088462868,21
5624,43,17,57,12,-7.238205116611835,5
5625,40,27,114,18,-7.240772461331045,9
5626,5,14,31,9,-7.246607645789562,5
5627,106,62,13,38,-7.247428424926185,24
5628,96,12,69,8,-7.2527556906488755,4
5629,91,29,87,18,-7.256753645120718,11
5630,79,30,86,19,-7.258463117259924,11
5631,81,19,75,12,-7.259552889264539,7
5632,10,14,63,9,-7.261720580359904,5
5633,98,17,20,11,-7.267496359610283,6
5634,70,16,110,10,-7.267896542251016,6
5635,96,10,62,7,-7.268496266352443,3
5636,29,25,84,15,-7.268682540682646,10
5637,57,13,106,7,-7.272492874678534,6
5638,68,20,55,13,-7.273979151335479,7
5639,57,30,27,17,-7.276905536388936,13
5640,98,20,13,13,-7.284404613166717,7
5641,29,16,97,10,-7.284915525257297,6
5642,104,20,9,12,-7.285236260424964,8
5643,40,31,43,18,-7.287691070183636,13
5644,40,33,54,20,-7.298767912387552,13
5645,51,40,64,24,-7.308174860870214,16
5646,15,16,47,9,-7.310604549956418,7
5647,93,20,16,11,-7.319623013756244,9
5648,5,42,70,25,-7.323141246130922,17
5649,65,55,30,34,-7.324225650643189,21
5650,63,23,57,13,-7.330641846184262,10
5651,2,16,75,9,-7.332326563651874,7
5652,104,41,40,26,-7.342291894534161,15
5653,114,18,23,12,-7.344942637597017,6
5654,79,24,48,15,-7.345817828277464,9
5655,9,19,17,11,-7.358179157868899,8
5656,8,25,73,15,-7.3587900254771785,10
5657,114,10,77,6,-7.365477220397804,4
5658,33,16,25,11,-7.36592627296452,5
5659,80,14,31,10,-7.367135464628977,4
5660,71,10,73,6,-7.373234065194552,4
5661,81,19,71,12,-7.374213709282582,7
5662,30,21,34,13,-7.377448858621609,8
5663,57,15,23,9,-7.378386377329164,6
5664,71,29,50,17,-7.386130219514863,12
5665,103,16,39,10,-7.390898760801676,6
5666,5,10,1,6,-7.391988711274882,4
5667,84,17,43,10,-7.402871468291519,7
5668,20,30,70,19,-7.408681007686701,11
5669,88,22,108,14,-7.409334471097551,8
5670,41,34,36,18,-7.412500474371831,16
5671,28,15,47,9,-7.412518705302231,6
5672,103,13,88,8,-7.429730837512917,5
5673,76,29,23,17,-7.436023306139677,12
5674,71,12,11,7,-7.444969376445684,5
5675,75,30,46,18,-7.449361290092636,12
5676,110,21,37,12,-7.457046552670356,9
5677,70,12,100,7,-7.4587771296449565,5
5678,27,70,16,43,-7.460876096242598,27
5679,53,12,45,7,-7.463487107897495,5
5680,39,18,110,12,-7.464111416570426,6
5681,57,13,38,7,-7.4728731492750295,6
5682,31,37,64,23,-7.4738922265185375,14
5683,63,15,108,9,-7.475559971035059,6
5684,36,14,70,8,-7.476080415111231,6
5685,69,18,104,12,-7.510735223332436,6
5686,47,11,85,8,-7.514718359567324,3
5687,87,52,7,33,-7.517208318589071,19
5688,55,11,6,8,-7.526848268362213,3
5689,7,16,33,9,-7.532188482638043,7
5690,77,15,17,9,-7.533332094576503,6
5691,46,10,85,7,-7.538229298143678,3
5692,55,13,49,8,-7.5458342197342585,5
5693,8,19,62,13,-7.55716481128499,6
5694,19,42,87,26,-7.5600229747066665,16
5695,63,72,16,44,-7.561421037601965,28
5696,40,38,87,22,-7.562449238427529,16
5697,45,19,60,11,-7.562934672858015,8
5698,49,23,75,14,-7.565086245339051,9
5699,51,24,97,16,-7.567852948549441,8
5700,68,66,40,42,-7.570321994315703,24
5701,5,14,34,10,-7.5706698448560905,4
5702,77,12,46,7,-7.574271980014295,5
5703,114,31,28,18,-7.584853881328922,13
5704,36,10,72,6,-7.585561627806541,4
5705,88,18,58,11,-7.5880987725104365,7
5706,36,20,18,12,-7.59490287850123,8
5707,3,41,16,26,-7.595830341109346,15
5708,88,79,54,49,-7.595941854238027,30
5709,58,18,54,10,-7.606404400860017,8
5710,69,32,60,18,-7.613845124007753,14
5711,72,22,54,14,-7.618738189484295,8
5712,27,14,71,9,-7.62097447229337,5
5713,57,16,79,9,-7.6219691678766,7
5714,107,33,58,21,-7.625797489131999,12
5715,19,22,28,14,-7.627099764741289,8
5716,5,29,97,19,-7.639418302115126,10
5717,60,11,70,7,-7.646435749026202,4
5718,31,13,33,7,-7.647223417443056,6
5719,35,27,107,18,-7.659745377736293,9
5720,96,24,37,14,-7.66584492569651,10
5721,62,22,28,13,-7.667182073614821,9
5722,38,29,37,18,-7.668156637885105,11
5723,84,15,103,8,-7.669643891974183,7
5724,104,10,72,6,-7.673968450836452,4
5725,87,56,68,34,-7.676999517466117,22
5726,55,35,50,20,-7.677574556383835,15
5727,11,32,5,20,-7.6874421575338765,12
5728,7,25,111,15,-7.6903234257719815,10
5729,1,28,86,17,-7.696680317913658,11
5730,68,61,75,39,-7.698232004910782,22
5731,88,117,16,74,-7.71333343435843,43
5732,101,14,16,9,-7.729447625525013,5
5733,72,12,76,8,-7.731997605583364,4
5734,1,15,15,10,-7.733065759700131,5
5735,84,11,44,6,-7.741464370739851,5
5736,52,13,30,8,-7.74461626818291,5
5737,54,30,100,19,-7.74487922633345,11
5738,54,13,73,8,-7.746921178252214,5
5739,64,32,16,21,-7.754231430905149,11
5740,25,49,37,29,-7.755599308877523,20
5741,73,11,53,7,-7.756297558195456,4
5742,18,22,50,13,-7.75840176806416,9
5743,58,11,70,7,-7.770674052024907,4
5744,114,14,92,10,-7.774797164908212,4
5745,111,10,47,6,-7.786638633209642,4
5746,48,15,50,10,-7.798532000224026,5
5747,110,12,114,8,-7.80031681097971,4
5748,51,40,78,22,-7.812466675810397,18
5749,46,46,25,27,-7.8204011950255445,19
5750,109,29,11,19,-7.8240936326607935,10
5751,107,33,2,21,-7.828664599470125,12
5752,8,25,78,16,-7.835194225770909,9
5753,1,20,114,13,-7.837742070296789,7
5754,3,27,88,17,-7.840747549885402,10
5755,109,19,53,12,-7.841205358929898,7
5756,91,26,106,17,-7.859341034872017,9
5757,35,12,44,7,-7.859665557157517,5
5758,57,28,8,18,-7.860442137970452,10
5759,98,15,108,9,-7.863072789163925,6
5760,109,50,54,32,-7.869056499942999,18
5761,90,25,114,15,-7.8701656835045455,10
5762,49,16,34,10,-7.874233887754071,6
5763,90,14,53,9,-7.901032299292589,5
5764,31,11,78,6,-7.904414780494012,5
5765,38,13,71,9,-7.906029048659733,4
5766,82,10,88,6,-7.9125780836424955,4
5767,61,14,6,9,-7.915350050859162,5
5768,58,18,60,11,-7.916808592208974,7
5769,18,22,54,13,-7.917650548154778,9
5770,107,24,33,14,-7.934508031898854,10
5771,49,25,98,16,-7.940831114729231,9
5772,77,19,3,11,-7.941774906534555,8
5773,87,17,73,12,-7.94220715025842,5
5774,50,14,15,9,-7.948796046035556,5
5775,94,37,43,22,-7.950393521522254,15
5776,51,96,39,59,-7.957930208877759,37
5777,63,17,111,10,-7.959677987637775,7
5778,39,21,23,13,-7.9630880242589255,8
5779,5,25,65,15,-7.967561696591303,10
5780,89,11,48,8,-7.971806233433708,3
5781,76,26,112,15,-7.97915167815144,11
5782,84,28,5,17,-7.986435375626319,11
5783,70,16,13,10,-7.990308468406848,6
5784,6,22,44,15,-7.994067314889739,7
5785,96,19,102,12,-7.995631160966494,7
5786,29,15,46,7,-7.9982854128923,8
5787,16,61,30,39,-7.999205444161157,22
5788,88,42,39,26,-8.004378009209995,16
5789,81,18,41,12,-8.009042710590084,6
5790,109,14,94,8,-8.009498456364241,6
5791,98,31,91,19,-8.010154956050265,12
5792,114,16,76,11,-8.01045549406789,5
5793,9,11,35,6,-8.012816785902407,5
5794,52,12,63,7,-8.015196003418383,5
5795,50,41,75,27,-8.02466935745211,14
5796,77,30,27,19,-8.032141685881745,11
5797,76,48,86,29,-8.032198642488032,19
5798,46,45,16,29,-8.034750190065965,16
5799,39,34,84,20,-8.036646698196417,14
5800,84,36,20,25,-8.04861670328596,11
5801,15,10,35,5,-8.056529361763387,5
5802,91,15,51,10,-8.060157448942936,5
5803,46,13,53,8,-8.064750592390654,5
5804,70,18,50,10,-8.072010588554933,8
5805,97,16,110,10,-8.077466293642948,6
5806,74,12,89,7,-8.079770785030162,5
5807,5,61,8,37,-8.080732178020163,24
5808,4,17,43,10,-8.083539648296872,7
5809,50,30,60,17,-8.087484578525556,13
5810,46,42,37,28,-8.095895819595153,14
5811,49,11,95,8,-8.095998639719069,3
5812,3,22,62,14,-8.097641840111363,8
5813,69,16,47,10,-8.099464940788463,6
5814,19,17,38,12,-8.100688864380347,5
5815,85,10,3,5,-8.102330604310954,5
5816,112,19,88,12,-8.10654244906666,7
5817,48,15,74,8,-8.108554922899495,7
5818,109,26,63,15,-8.110737293175294,11
5819,74,16,34,11,-8.118744758398412,5
5820,111,11,81,8,-8.120062859865854,3
5821,110,11,20,7,-8.125291114928718,4
5822,12,26,94,15,-8.140749889064374,11
5823,107,14,56,8,-8.142413744294045,6
5824,112,10,4,6,-8.145974306589782,4
5825,9,44,16,29,-8.147460704640704,15
5826,112,16,18,11,-8.155957753880717,5
5827,20,17,33,11,-8.157924685534638,6
5828,9,20,76,13,-8.161384986883025,7
5829,81,15,47,10,-8.165398445346261,5
5830,12,15,1,9,-8.17662116025044,6
5831,57,11,85,7,-8.190900220308931,4
5832,89,11,63,8,-8.192927888945773,3
5833,39,25,74,15,-8.19553508787693,10
5834,93,24,87,15,-8.201353690040278,9
5835,81,12,19,8,-8.209122729395707,4
5836,40,14,112,8,-8.221202026655053,6
5837,102,11,19,8,-8.222044886202713,3
5838,71,10,99,6,-8.22496630028886,4
5839,106,21,69,13,-8.230262561693124,8
5840,33,10,27,6,-8.23263367056154,4
5841,77,12,78,8,-8.263256746815395,4
5842,14,12,37,7,-8.266467835075433,5
5843,29,20,112,12,-8.267925911244143,8
5844,12,27,60,14,-8.272507940470264,13
5845,4,13,12,9,-8.273106784367057,4
5846,91,18,41,12,-8.276671952774393,6
5847,106,31,90,21,-8.28384546124837,10
5848,86,46,41,30,-8.290720857944356,16
5849,51,25,62,16,-8.29420596231645,9
5850,41,21,8,14,-8.297019486473621,7
5851,107,37,80,24,-8.299020714394802,13
5852,56,17,86,11,-8.300855291965847,6
5853,109,23,74,15,-8.306575916019822,8
5854,81,15,104,8,-8.308547186806486,7
5855,94,30,13,19,-8.309149852706645,11
5856,48,13,90,8,-8.30973168111364,5
5857,51,34,77,20,-8.314942339069214,14
5858,9,15,25,10,-8.323455878342047,5
5859,68,64,39,39,-8.325099994247491,25
5860,98,15,27,9,-8.326557443258316,6
5861,43,17,11,10,-8.337157960814991,7
5862,84,29,8,19,-8.33757645831541,10
5863,100,20,75,11,-8.340891834618308,9
5864,89,18,41,12,-8.343817044091754,6
5865,96,25,48,16,-8.343995751105185,9
5866,31,32,41,20,-8.353957395244585,12
5867,103,11,112,7,-8.356502631162586,4
5868,11,24,30,15,-8.35702742377485,9
5869,5,22,7,14,-8.357081514884824,8
5870,39,89,16,55,-8.367441546204288,34
5871,25,45,7,29,-8.372806618348289,16
5872,69,21,63,14,-8.375492163913538,7
5873,16,22,81,14,-8.387289153423302,8
5874,104,10,67,6,-8.393331116483225,4
5875,49,15,50,9,-8.400060514285832,6
5876,67,14,109,7,-8.41022889195963,7
5877,102,21,50,12,-8.41869338516401,9
5878,102,12,41,8,-8.421036787338009,4
5879,54,13,38,8,-8.421224564929705,5
5880,90,19,73,12,-8.424101991862472,7
5881,49,23,78,14,-8.426688643772591,9
5882,114,20,55,13,-8.432483182241098,7
5883,70,24,96,13,-8.437417991026262,11
5884,96,14,95,9,-8.450373982592183,5
5885,53,13,15,8,-8.451445563178742,5
5886,3,14,17,8,-8.451772944173683,6
5887,3,24,114,16,-8.461132150785257,8
5888,85,14,55,9,-8.476039600481302,5
5889,77,14,74,9,-8.485489523270209,5
5890,69,39,16,25,-8.493540371651168,14
5891,19,18,72,12,-8.493590060634439,6
5892,40,28,64,18,-8.49607162432113,10
5893,45,10,91,6,-8.504304930616431,4
5894,61,20,53,14,-8.524850655507478,6
5895,35,12,94,7,-8.545638882275087,5
5896,2,11,94,7,-8.550586885180518,4
5897,15,21,43,13,-8.551961630209385,8
5898,36,11,78,7,-8.552435160203329,4
5899,94,14,85,9,-8.552595966201732,5
5900,66,15,65,10,-8.555650294431567,5
5901,80,12,41,8,-8.558761558111074,4
5902,87,31,78,19,-8.566365684906145,12
5903,104,11,48,7,-8.568096491349037,4
5904,55,23,95,15,-8.57500650986488,8
5905,87,28,15,17,-8.577043995564738,11
5906,68,13,108,8,-8.580585833252005,5
5907,79,12,3,8,-8.584201510329168,4
5908,93,44,65,26,-8.591281807406075,18
5909,8,14,52,9,-8.604892023476827,5
5910,14,22,16,14,-8.60697123103142,8
5911,65,24,1,14,-8.633116949744032,10
5912,97,19,41,12,-8.638943706099203,7
5913,35,17,27,11,-8.645931055549601,6
5914,39,46,30,28,-8.659556648893075,18
5915,98,10,85,7,-8.673802483900154,3
5916,31,31,9,20,-8.678153869820548,11
5917,94,17,63,11,-8.684130864326548,6
5918,104,10,29,6,-8.703420471548785,4
5919,20,35,63,21,-8.70524806527441,14
5920,68,28,28,19,-8.707268087933775,9
5921,86,15,45,9,-8.710518828201982,6
5922,45,10,58,6,-8.721721801464438,4
5923,17,22,4,15,-8.72773506800961,7
5924,106,14,38,7,-8.74501943352997,7
5925,43,47,13,27,-8.74804086602468,20
5926,64,17,70,12,-8.763483643924097,5
5927,76,35,63,23,-8.77030160479054,12
5928,1,27,16,19,-8.77734005429633,8
5929,18,23,106,15,-8.778191080978738,8
5930,99,14,77,10,-8.784719144285262,4
5931,107,11,26,7,-8.789963547813729,4
5932,51,19,34,12,-8.790432491258223,7
5933,28,17,41,11,-8.792780130820775,6
5934,42,10,106,7,-8.802546839644418,3
5935,13,22,26,15,-8.80503643851318,7
5936,47,18,36,12,-8.810892372607713,6
5937,29,15,17,9,-8.822347297259919,6
5938,36,19,63,12,-8.822881427312195,7
5939,8,26,18,18,-8.824824520647523,8
5940,50,17,85,11,-8.828432540960764,6
5941,60,12,103,8,-8.837707887288415,4
5942,12,10,20,6,-8.842914423325945,4
5943,87,15,32,10,-8.84415502943487,5
5944,53,11,49,7,-8.876928289416243,4
5945,13,23,90,15,-8.883764352926041,8
5946,97,12,69,8,-8.888377862411463,4
5947,87,47,100,27,-8.889444548297355,20
5948,112,13,58,8,-8.890258303309274,5
5949,27,15,28,11,-8.901023893485439,4
5950,109,20,7,13,-8.908032141063202,7
5951,107,15,89,10,-8.908975430626485,5
5952,87,32,48,21,-8.911539377843575,11
5953,60,22,17,14,-8.913811593594376,8
5954,25,19,110,13,-8.917701672558223,6
5955,88,10,26,6,-8.91952728239028,4
5956,91,10,11,7,-8.923724837318142,3
5957,84,22,13,15,-8.926224969766146,7
5958,3,47,13,31,-8.927384173016815,16
5959,13,25,58,18,-8.937321469663969,7
5960,31,12,73,8,-8.93891957013575,4
5961,74,26,51,18,-8.938947542412075,8
5962,98,10,57,6,-8.957212394612133,4
5963,47,12,11,8,-8.959920360336577,4
5964,18,30,68,19,-8.962998195734913,11
5965,32,11,28,7,-8.963821007682874,4
5966,103,18,11,13,-8.964590297443229,5
5967,114,20,47,12,-8.969382880850324,8
5968,36,18,97,11,-8.970668153566264,7
5969,52,15,28,9,-8.975367013246691,6
5970,49,13,48,9,-8.982680999654853,4
5971,80,15,78,10,-8.990142670025005,5
5972,103,24,86,16,-9.003989208559398,8
5973,15,13,62,8,-9.005083883016919,5
5974,36,15,5,9,-9.008614310253614,6
5975,8,40,109,24,-9.00973208020076,16
5976,13,29,108,19,-9.020970097727641,10
5977,45,16,35,9,-9.0400315918615,7
5978,20,39,39,23,-9.072034476278684,16
5979,86,29,44,19,-9.073857704921481,10
5980,8,34,95,21,-9.07920947405897,13
5981,29,11,50,7,-9.099659473503113,4
5982,72,20,85,14,-9.102410285550633,6
5983,72,14,50,9,-9.105407152633514,5
5984,31,15,109,10,-9.113887572404183,5
5985,17,11,92,7,-9.114563540800457,4
5986,13,31,12,23,-9.114863812857458,8
5987,18,47,16,31,-9.151603438620151,16
5988,106,25,39,15,-9.155969378752744,10
5989,5,43,50,26,-9.156049369840705,17
5990,72,14,63,10,-9.168022793278983,4
5991,40,15,92,10,-9.168940871834318,5
5992,91,13,15,7,-9.175439096539634,6
5993,38,14,53,9,-9.17946873124013,5
5994,91,14,23,8,-9.188824217195519,6
5995,63,16,81,10,-9.193429569946268,6
5996,48,13,76,9,-9.194425422742503,4
5997,40,17,73,11,-9.199997222971483,6
5998,90,11,93,7,-9.204947446014161,4
5999,108,16,48,11,-9.209950001192905,5
6000,6,19,13,12,-9.21551599242718,7
6001,69,25,58,15,-9.22400899523332,10
6002,77,21,107,13,-9.225690577042377,8
6003,69,16,70,11,-9.227346228401576,5
6004,79,19,30,13,-9.232107450931762,6
6005,20,23,91,14,-9.233435902067152,9
6006,53,15,78,9,-9.245467105519943,6
6007,9,37,87,22,-9.264164509114686,15
6008,29,14,70,8,-9.28377551108064,6
6009,18,17,100,10,-9.29762264727719,7
6010,38,10,45,7,-9.31109379184883,3
6011,9,15,43,9,-9.316210412036984,6
6012,84,10,77,7,-9.326879307665175,3
6013,51,15,111,10,-9.328246716797015,5
6014,2,29,28,19,-9.34282167881126,10
6015,87,20,1,12,-9.344990956449259,8
6016,1,10,34,8,-9.352578171994338,2
6017,23,19,55,11,-9.354242967773875,8
6018,29,21,98,14,-9.361492261684601,7
6019,84,21,104,13,-9.37162724208143,8
6020,4,16,27,10,-9.378715415982104,6
6021,3,25,28,16,-9.379650958304438,9
6022,49,28,100,17,-9.388414110980035,11
6023,36,11,109,8,-9.390936468630553,3
6024,8,29,68,18,-9.421319919633554,11
6025,2,15,13,9,-9.422510080465482,6
6026,63,11,32,7,-9.44232166344675,4
6027,64,23,55,16,-9.447908212717046,7
6028,96,47,16,33,-9.462953828826512,14
6029,29,23,100,14,-9.476231853469251,9
6030,84,11,18,7,-9.493458888054228,4
6031,34,11,18,8,-9.499952299900604,3
6032,68,21,72,14,-9.500041589935536,7
6033,7,29,37,18,-9.500511382222342,11
6034,99,22,37,15,-9.502759058160713,7
6035,51,14,35,9,-9.503454049542821,5
6036,2,13,114,8,-9.50915856241785,5
6037,80,14,90,10,-9.509239360264804,4
6038,36,17,8,11,-9.51236026695053,6
6039,9,27,18,18,-9.520249042639605,9
6040,25,32,20,21,-9.520523686179052,11
6041,31,22,1,13,-9.525804060927038,9
6042,51,15,48,8,-9.527077025607763,7
6043,75,11,20,7,-9.527707505687719,4
6044,108,13,106,9,-9.535201707134298,4
6045,31,28,27,16,-9.569633624787404,12
6046,7,20,73,12,-9.582485903794177,8
6047,112,27,64,19,-9.59501283307151,8
6048,53,13,8,9,-9.596286006275326,4
6049,3,18,20,12,-9.609062881874221,6
6050,84,18,83,11,-9.60947373437216,7
6051,8,14,99,8,-9.611065592860308,6
6052,19,12,40,8,-9.612489725967157,4
6053,109,17,70,11,-9.623350653501726,6
6054,53,23,41,15,-9.631953807885303,8
6055,3,17,72,10,-9.639566216177297,7
6056,114,10,22,5,-9.649313306364819,5
6057,13,10,101,7,-9.652646543094523,3
6058,71,12,100,8,-9.66068752031631,4
6059,60,47,64,32,-9.661747726131638,15
6060,69,26,78,17,-9.666260825143704,9
6061,60,41,27,28,-9.673912172766144,13
6062,114,34,8,23,-9.699231858321152,11
6063,11,18,75,11,-9.710887852205726,7
6064,31,19,43,9,-9.720852773553686,10
6065,103,13,34,9,-9.722826146619452,4
6066,15,28,8,17,-9.73108803601826,11
6067,52,21,86,14,-9.734029946764757,7
6068,49,20,41,13,-9.757184372315313,7
6069,109,34,107,23,-9.78029317674762,11
6070,83,24,37,15,-9.783726366978415,9
6071,93,10,62,6,-9.798162399200404,4
6072,62,16,114,10,-9.799890996069498,6
6073,65,17,72,11,-9.807260852636883,6
6074,17,24,40,16,-9.815776001763277,8
6075,57,13,54,10,-9.824315369895016,3
6076,19,12,18,8,-9.830216565539352,4
6077,9,17,11,11,-9.83179351941753,6
6078,47,17,9,11,-9.833363334347146,6
6079,98,10,53,6,-9.839111782848335,4
6080,13,21,44,14,-9.844973608163802,7
6081,33,26,51,19,-9.853114112635922,7
6082,107,26,19,18,-9.862329310247874,8
6083,27,12,22,8,-9.866452926590911,4
6084,1,17,75,12,-9.87310906944801,5
6085,71,15,17,9,-9.874078720771612,6
6086,67,16,86,10,-9.874432105586441,6
6087,37,13,49,8,-9.877409024924928,5
6088,54,17,2,12,-9.883928701627932,5
6089,29,14,20,9,-9.888770035938014,5
6090,16,20,110,13,-9.89345041941321,7
6091,83,14,11,10,-9.896151919094907,4
6092,54,47,37,31,-9.89694629679085,16
6093,79,14,76,10,-9.902508098393069,4
6094,68,21,103,13,-9.904114100948439,8
6095,75,35,28,23,-9.910859132469225,12
6096,60,34,54,23,-9.913747967452048,11
6097,70,18,30,11,-9.913973705469935,7
6098,57,11,1,7,-9.916035104284742,4
6099,84,50,63,31,-9.919938234846498,19
6100,2,10,95,7,-9.9203126299905,3
6101,29,15,75,9,-9.923300198268764,6
6102,65,25,38,15,-9.938323564506913,10
6103,88,45,63,31,-9.955054334971098,14
6104,90,14,46,9,-9.960134782518512,5
6105,107,36,48,23,-9.962226694988829,13
6106,88,18,73,12,-9.974203425238962,6
6107,12,21,53,13,-9.979940044053077,8
6108,109,14,93,9,-9.987067099161266,5
6109,65,25,95,16,-9.987438820754939,9
6110,94,23,39,15,-10.01054531511742,8
6111,84,27,30,19,-10.023299208241367,8
6112,19,33,27,23,-10.027640210267556,10
6113,107,13,110,9,-10.034721322746934,4
6114,46,14,78,8,-10.036009292919493,6
6115,38,10,44,7,-10.048373138060267,3
6116,83,23,13,15,-10.067954696106943,8
6117,43,26,100,16,-10.068090102390393,10
6118,49,16,40,10,-10.077718304922938,6
6119,106,12,79,8,-10.079963228120917,4
6120,17,17,23,11,-10.090670558592322,6
6121,30,22,50,14,-10.102682063442666,8
6122,36,36,53,25,-10.11473282468799,11
6123,114,12,78,7,-10.123963867745248,5
6124,109,10,92,7,-10.132066653367776,3
6125,31,37,53,23,-10.136338371296794,14
6126,23,11,96,7,-10.143008283174424,4
6127,68,16,92,11,-10.14730683848729,5
6128,81,32,51,20,-10.158277615855122,12
6129,9,12,6,7,-10.175309866966634,5
6130,30,12,80,8,-10.185455091355948,4
6131,41,10,34,6,-10.187408899944767,4
6132,37,41,97,27,-10.190687502541847,14
6133,33,13,71,9,-10.195530501937561,4
6134,2,15,98,9,-10.198603389321665,6
6135,103,19,107,13,-10.201057614895703,6
6136,106,63,16,43,-10.201810935158226,20
6137,39,24,91,16,-10.206322081312436,8
6138,28,14,10,10,-10.2079261309438,4
6139,31,17,30,10,-10.214096274935343,7
6140,91,35,63,24,-10.225389928816243,11
6141,86,36,102,24,-10.240526394057564,12
6142,23,21,49,14,-10.242959754676487,7
6143,106,16,67,10,-10.252161434234205,6
6144,39,43,18,29,-10.257246202371956,14
6145,27,25,54,16,-10.279319285139353,9
6146,38,12,100,9,-10.282003862678563,3
6147,112,24,60,16,-10.282975838759182,8
6148,107,23,45,15,-10.289536165233189,8
6149,31,29,107,16,-10.30345756995746,13
6150,10,14,11,9,-10.326527517070998,5
6151,46,18,30,12,-10.329090932236761,6
6152,19,15,9,10,-10.341402019858233,5
6153,1,13,37,8,-10.34216426905315,5
6154,102,16,40,10,-10.346146758066936,6
6155,27,15,17,9,-10.354549099588288,6
6156,7,10,94,7,-10.355621654064775,3
6157,49,12,80,7,-10.360967542828897,5
6158,12,12,9,8,-10.366855545040101,4
6159,55,16,15,12,-10.37053728825799,4
6160,107,42,57,27,-10.37715232978323,15
6161,93,16,106,10,-10.37915501513517,6
6162,92,14,16,11,-10.38158487536854,3
6163,35,26,76,17,-10.390096019432454,9
6164,1,14,100,9,-10.391085995282511,5
6165,103,14,72,9,-10.391960458595065,5
6166,77,21,63,15,-10.392881706705289,6
6167,12,10,72,7,-10.399951670168408,3
6168,114,19,95,12,-10.422604339796184,7
6169,39,16,44,10,-10.434810009571377,6
6170,31,10,6,6,-10.459894630543896,4
6171,49,14,94,10,-10.474432971630804,4
6172,48,36,63,24,-10.480037623792747,12
6173,60,25,100,17,-10.483598125191737,8
6174,48,10,62,6,-10.487894133335649,4
6175,9,27,64,19,-10.495957554452968,8
6176,48,12,29,8,-10.5062410495631,4
6177,48,32,86,21,-10.510093191570515,11
6178,102,16,63,10,-10.517349087153978,6
6179,37,14,89,8,-10.519274673853,6
6180,103,10,76,7,-10.522979980156947,3
6181,36,27,27,17,-10.523349599331356,10
6182,97,19,71,13,-10.523533962196899,6
6183,17,16,41,11,-10.533333329606139,5
6184,108,13,76,9,-10.539317855686345,4
6185,20,39,50,26,-10.540260354284218,13
6186,40,17,28,10,-10.551622113062638,7
6187,38,10,102,8,-10.558923510162895,2
6188,54,19,71,12,-10.56377327137223,7
6189,9,15,95,9,-10.569002592922953,6
6190,88,18,102,13,-10.569492123514113,5
6191,38,20,104,13,-10.570902958272574,7
6192,75,26,104,17,-10.574353916694225,9
6193,28,10,26,7,-10.592168464369761,3
6194,94,15,78,10,-10.597292279917614,5
6195,91,31,7,22,-10.60910028610159,9
6196,71,18,98,12,-10.627953776602759,6
6197,106,40,114,26,-10.63191941709851,14
6198,35,11,3,7,-10.637414854102069,4
6199,98,25,5,16,-10.662918685540621,9
6200,39,19,108,12,-10.672509893350014,7
6201,9,21,20,14,-10.676297323703047,7
6202,76,13,75,8,-10.684711333832395,5
6203,29,24,13,15,-10.69522140352502,9
6204,36,13,43,8,-10.713552025008546,5
6205,111,11,54,8,-10.714143810197228,3
6206,17,22,53,15,-10.723383781136489,7
6207,77,16,43,10,-10.724897791373532,6
6208,48,15,60,10,-10.726743623454485,5
6209,108,23,53,14,-10.749834986479383,9
6210,7,11,59,8,-10.771239818059199,3
6211,19,25,7,18,-10.775977198177875,7
6212,91,25,55,18,-10.791612827626562,7
6213,81,17,106,10,-10.816681182916206,7
6214,2,11,30,7,-10.820419515250846,4
6215,12,14,114,8,-10.834474307512755,6
6216,33,15,63,10,-10.83602113905102,5
6217,114,31,87,19,-10.855794018644563,12
6218,89,13,27,9,-10.86344062492042,4
6219,88,37,15,27,-10.865371439798107,10
6220,106,15,12,11,-10.875227033812171,4
6221,100,14,72,10,-10.881618974361272,4
6222,12,16,16,11,-10.887643611131084,5
6223,77,17,53,11,-10.890560427013934,6
6224,81,11,28,7,-10.900813686195038,4
6225,35,10,102,6,-10.90320798703147,4
6226,8,12,69,8,-10.904584563603306,4
6227,5,17,73,11,-10.90738305979487,6
6228,18,46,13,30,-10.917911397709467,16
6229,66,10,78,6,-10.927212098742269,4
6230,97,25,13,16,-10.985857531237674,9
6231,57,24,70,14,-10.997514680908582,10
6232,30,12,112,9,-10.999416558177835,3
6233,110,20,51,14,-11.000148170458745,6
6234,3,26,40,18,-11.007177692487943,8
6235,71,13,15,9,-11.00914391321026,4
6236,92,14,41,9,-11.016394202336143,5
6237,32,17,16,11,-11.045561391190384,6
6238,114,12,32,8,-11.045874107216177,4
6239,11,11,99,7,-11.04788337752713,4
6240,63,20,62,13,-11.090581145313465,7
6241,104,15,62,11,-11.098747349135209,4
6242,32,13,74,9,-11.101664191982367,4
6243,70,15,46,10,-11.123543654837002,5
6244,91,16,43,11,-11.128114127049445,5
6245,68,20,29,14,-11.128597350458492,6
6246,114,22,100,15,-11.139458565890175,7
6247,102,22,107,14,-11.147471989575463,8
6248,1,13,78,9,-11.156578268103178,4
6249,51,29,95,21,-11.161050582896516,8
6250,11,29,104,20,-11.161156416099368,9
6251,9,27,15,16,-11.164728453136332,11
6252,37,18,64,12,-11.185324034227655,6
6253,11,27,100,18,-11.207554704794777,9
6254,60,16,34,11,-11.20897060808222,5
6255,1,11,89,7,-11.20901106938993,4
6256,46,12,100,8,-11.210309669403358,4
6257,3,15,25,10,-11.21463496022273,5
6258,106,18,98,12,-11.217270403208776,6
6259,51,13,73,9,-11.219804453521853,4
6260,8,36,75,25,-11.220741251540183,11
6261,96,20,46,12,-11.223825219116964,8
6262,68,25,25,17,-11.235607083018872,8
6263,109,17,75,12,-11.242273446455997,5
6264,81,13,40,9,-11.249205674756395,4
6265,83,16,107,11,-11.24958512039028,5
6266,70,29,87,18,-11.250414739740132,11
6267,7,52,75,35,-11.2746633859962,17
6268,55,14,2,9,-11.276816159574057,5
6269,27,11,111,8,-11.279710088837586,3
6270,51,20,80,13,-11.284900357531916,7
6271,81,26,87,16,-11.291989233876372,10
6272,5,10,80,7,-11.295210617596885,3
6273,96,25,7,18,-11.300422106484014,7
6274,27,30,104,21,-11.301150443437963,9
6275,88,42,53,29,-11.310024402316408,13
6276,78,25,39,17,-11.326665031942142,8
6277,77,20,100,13,-11.3295022918067,7
6278,20,12,64,9,-11.331308462604776,3
6279,77,30,104,20,-11.335858846829382,10
6280,62,21,74,14,-11.355871307801838,7
6281,102,15,75,11,-11.3579023724584,4
6282,112,22,28,15,-11.372427658976596,7
6283,10,14,107,9,-11.38119632500004,5
6284,3,26,30,18,-11.384353006699481,8
6285,38,11,4,8,-11.395009854616482,3
6286,95,10,29,7,-11.401888238693147,3
6287,13,10,42,7,-11.411149524623212,3
6288,88,38,50,25,-11.435059490334734,13
6289,50,14,78,10,-11.439693068664749,4
6290,72,16,39,11,-11.45234413375737,5
6291,18,15,11,10,-11.496523839067972,5
6292,75,14,98,9,-11.497093707313171,5
6293,81,15,7,9,-11.525413070422037,6
6294,7,12,110,7,-11.526061320417652,5
6295,3,25,100,17,-11.53769632455751,8
6296,76,15,74,9,-11.544600382799558,6
6297,71,10,111,7,-11.563837134119527,3
6298,104,16,36,10,-11.564722196156035,6
6299,37,38,11,26,-11.566356283581701,12
6300,39,15,90,10,-11.577976501423594,5
6301,13,37,30,24,-11.627696287448774,13
6302,38,17,75,13,-11.628826987325242,4
6303,40,12,100,8,-11.638460148115906,4
6304,104,11,93,7,-11.670878710804795,4
6305,88,10,21,7,-11.67738292245627,3
6306,87,30,98,21,-11.678081569558655,9
6307,28,23,34,16,-11.682170467841411,7
6308,96,13,91,9,-11.692854193124042,4
6309,88,79,13,55,-11.697655935038961,24
6310,87,22,79,16,-11.757907554031659,6
6311,43,20,54,13,-11.759609270938485,7
6312,62,10,112,7,-11.78047192200998,3
6313,109,18,17,12,-11.781743441013703,6
6314,65,12,91,8,-11.784658313781671,4
6315,54,10,44,7,-11.791894285038754,3
6316,40,21,8,15,-11.791921402372775,6
6317,41,11,15,8,-11.80165523386963,3
6318,108,11,8,8,-11.805411430354427,3
6319,91,10,53,7,-11.811611902058761,3
6320,17,10,83,6,-11.812775268760374,4
6321,111,16,28,11,-11.820301223407922,5
6322,64,10,74,6,-11.828764368523549,4
6323,28,47,63,33,-11.828866423716303,14
6324,37,10,78,7,-11.831707242150298,3
6325,86,17,92,11,-11.83357437507567,6
6326,28,34,74,23,-11.834419909257845,11
6327,109,16,57,11,-11.845104860145758,5
6328,41,22,111,14,-11.859477089655313,8
6329,104,18,90,12,-11.89837391797068,6
6330,77,17,71,12,-11.915487518479782,5
6331,65,46,114,30,-11.938229846486397,16
6332,18,27,95,18,-11.951490678023534,9
6333,54,10,53,7,-11.951994898142779,3
6334,60,16,37,10,-11.9668638856867,6
6335,55,18,102,12,-11.983866194974432,6
6336,43,13,34,9,-11.988958581252158,4
6337,69,29,49,19,-12.014682569242261,10
6338,104,12,1,8,-12.020108292717424,4
6339,103,24,27,16,-12.03841928622495,8
6340,63,18,1,11,-12.054495717242014,7
6341,85,19,39,12,-12.059881057913875,7
6342,71,22,104,14,-12.060518806565574,8
6343,91,18,30,13,-12.061464887561756,5
6344,3,20,53,14,-12.068087567340713,6
6345,35,11,8,8,-12.093356369533684,3
6346,72,20,28,14,-12.11934808588004,6
6347,29,31,60,20,-12.123490521609012,11
6348,70,12,34,8,-12.123530804367727,4
6349,4,10,15,6,-12.1242208434208,4
6350,112,16,47,10,-12.125896663153027,6
6351,63,12,92,7,-12.136993324985582,5
6352,31,11,19,8,-12.140248760143196,3
6353,70,22,2,14,-12.153236389251056,8
6354,103,25,100,17,-12.153549956331114,8
6355,99,21,107,14,-12.174640608684573,7
6356,67,14,16,10,-12.181707474418104,4
6357,84,35,11,24,-12.189911906563859,11
6358,76,18,7,11,-12.196617315781682,7
6359,106,11,78,8,-12.21024325274275,3
6360,43,19,75,14,-12.224767647713705,5
6361,60,22,74,14,-12.230302476711504,8
6362,78,11,38,8,-12.248719399574965,3
6363,11,27,15,19,-12.25086555009669,8
6364,84,11,71,8,-12.255989147154674,3
6365,39,10,32,7,-12.25900875776762,3
6366,18,15,69,10,-12.281407888329312,5
6367,96,29,98,20,-12.301665445316491,9
6368,57,14,75,10,-12.306540056833528,4
6369,60,24,47,17,-12.306617941323186,7
6370,104,23,49,16,-12.322985298305156,7
6371,109,28,27,18,-12.330493141948569,10
6372,97,12,67,9,-12.35346782744064,3
6373,46,39,104,26,-12.353574327141937,13
6374,12,14,75,9,-12.356839423121746,5
6375,19,18,76,13,-12.37263319699994,5
6376,69,18,15,13,-12.393244932278234,5
6377,50,17,36,10,-12.423703215189779,7
6378,94,12,9,7,-12.432581088458589,5
6379,37,14,18,10,-12.438833593443572,4
6380,94,11,17,7,-12.465558824086667,4
6381,1,38,55,27,-12.470203554889151,11
6382,85,10,41,6,-12.470634664927642,4
6383,92,15,64,8,-12.492372460791037,7
6384,5,27,75,17,-12.535083552437035,10
6385,71,18,41,13,-12.557773267008848,5
6386,5,27,57,19,-12.572003913811173,8
6387,51,30,15,20,-12.589187635735605,10
6388,102,12,15,9,-12.597866884640942,3
6389,85,13,30,9,-12.642334185876235,4
6390,112,15,49,10,-12.652182456683388,5
6391,38,17,11,12,-12.666110828343466,5
6392,5,15,48,11,-12.675358072710548,4
6393,63,40,80,28,-12.682443988429267,12
6394,68,26,100,17,-12.693810233343843,9
6395,2,12,57,8,-12.707474284723991,4
6396,88,16,111,12,-12.710530076381987,4
6397,57,15,62,11,-12.721963035908633,4
6398,48,12,98,9,-12.72400980532305,3
6399,106,24,46,15,-12.725492516069489,9
6400,106,14,33,10,-12.736963404825662,4
6401,36,10,95,7,-12.746346244298937,3
6402,81,12,54,8,-12.757047966098474,4
6403,57,18,100,12,-12.77050740482076,6
6404,109,17,15,13,-12.777657608342023,4
6405,88,10,34,7,-12.786710581831153,3
6406,112,13,38,10,-12.849363497429499,3
6407,103,12,78,10,-12.857012772866142,2
6408,65,21,2,16,-12.8900275785182,5
6409,3,13,34,9,-12.892571415057605,4
6410,109,28,114,21,-12.931348427909455,7
6411,60,29,91,19,-12.952631394075716,10
6412,57,20,65,14,-12.95380874012865,6
6413,109,19,30,14,-12.988126727901737,5
6414,57,16,76,12,-13.008582298243319,4
6415,98,14,109,10,-13.064417846211374,4
6416,87,11,21,8,-13.114631052870209,3
6417,104,14,78,10,-13.11487230524264,4
6418,70,10,83,6,-13.118339150755117,4
6419,88,13,98,10,-13.137787822509532,3
6420,37,28,95,21,-13.149042342745602,7
6421,102,15,30,10,-13.159479789794938,5
6422,70,22,11,16,-13.174919150937757,6
6423,37,12,15,9,-13.204885577431204,3
6424,54,18,36,12,-13.217744798273172,6
6425,65,40,100,29,-13.231588936651562,11
6426,96,39,11,27,-13.252582377716239,12
6427,11,23,95,17,-13.263288005084238,6
6428,5,31,102,21,-13.269431869962297,10
6429,99,12,7,8,-13.274517260788413,4
6430,106,19,64,13,-13.295192075566398,6
6431,39,19,109,14,-13.298420717992123,5
6432,46,17,50,11,-13.310329365776978,6
6433,18,16,47,12,-13.317575135316673,4
6434,46,12,18,9,-13.322032493347338,3
6435,32,11,55,7,-13.36363963009391,4
6436,35,12,104,8,-13.369677424437175,4
6437,79,10,15,7,-13.418428089893245,3
6438,112,11,91,8,-13.423237527272477,3
6439,53,15,75,10,-13.423496737137004,5
6440,68,16,61,11,-13.424919545398375,5
6441,32,12,25,7,-13.427877456338663,5
6442,45,15,23,11,-13.436468047997268,4
6443,53,19,43,14,-13.438033142991657,5
6444,35,15,36,11,-13.440272285829963,4
6445,54,28,48,19,-13.475788580607775,9
6446,94,39,16,28,-13.480121549120343,11
6447,108,12,84,9,-13.488009207908556,3
6448,66,11,7,7,-13.514093541012448,4
6449,78,18,17,12,-13.544860133238458,6
6450,34,10,94,7,-13.545344242275922,3
6451,91,12,76,9,-13.56346091448288,3
6452,74,10,15,7,-13.56932630742914,3
6453,48,12,27,9,-13.624459512090601,3
6454,18,11,49,8,-13.655065375637419,3
6455,49,13,47,10,-13.686396277061279,3
6456,44,14,104,10,-13.703910249073422,4
6457,31,25,63,18,-13.714594813504094,7
6458,27,10,97,6,-13.735152835550487,4
6459,69,21,27,14,-13.737046605687652,7
6460,88,37,95,26,-13.752013257016609,11
6461,20,16,34,12,-13.76310700617088,4
6462,112,11,97,9,-13.794615799527321,2
6463,31,74,13,51,-13.800549608099518,23
6464,31,17,98,11,-13.805084918983175,6
6465,50,18,77,14,-13.854547351284703,4
6466,104,14,34,10,-13.864298464092721,4
6467,50,19,53,13,-13.883151416746287,6
6468,103,12,28,9,-13.899213943166684,3
6469,112,11,37,8,-13.937736127059297,3
6470,20,14,60,10,-13.93992645286088,4
6471,69,19,75,14,-13.94230448490658,5
6472,109,11,91,8,-13.94618860472034,3
6473,71,24,40,17,-13.948125771645659,7
6474,75,12,111,8,-13.972281809419961,4
6475,91,11,69,7,-13.993001551531528,4
6476,77,21,8,15,-13.998411080894305,6
6477,78,18,76,14,-14.02321766388941,4
6478,39,11,45,7,-14.033377854173942,4
6479,77,29,40,21,-14.048771071022598,8
6480,103,12,109,8,-14.151946322942884,4
6481,51,21,72,14,-14.164365317765572,7
6482,75,10,72,7,-14.207053385683185,3
6483,7,17,61,11,-14.217702740281519,6
6484,103,13,55,10,-14.23298089068328,3
6485,94,11,104,8,-14.253478157346805,3
6486,23,12,72,9,-14.264075883340938,3
6487,60,15,102,10,-14.297767291892317,5
6488,37,12,34,9,-14.300571264435137,3
6489,102,11,46,8,-14.307494713152051,3
6490,57,12,31,8,-14.310689026630849,4
6491,112,10,108,7,-14.316449946299121,3
6492,86,25,26,19,-14.32203675657022,6
6493,77,27,7,19,-14.33556677589385,8
6494,83,10,40,8,-14.347262135245904,2
6495,11,11,2,8,-14.401393252441801,3
6496,90,16,20,11,-14.40477443227545,5
6497,70,26,108,19,-14.427393649276276,7
6498,14,11,80,7,-14.435345395194508,4
6499,35,13,97,10,-14.4445517315995,3
6500,5,12,44,9,-14.447481002517355,3
6501,35,13,63,9,-14.450412261730216,4
6502,88,18,80,12,-14.454567385774531,6
6503,2,10,73,7,-14.457830254043136,3
6504,25,12,34,9,-14.468789684868275,3
6505,43,17,30,13,-14.528174418866191,4
6506,37,12,73,8,-14.533349572792924,4
6507,9,11,108,7,-14.533752266696007,4
6508,6,10,19,7,-14.554142944413206,3
6509,50,19,80,15,-14.554439051919099,4
6510,99,12,50,8,-14.581629542155014,4
6511,29,22,88,16,-14.584788845308772,6
6512,83,19,114,14,-14.71253096490687,5
6513,29,10,74,7,-14.72390247298373,3
6514,31,10,100,7,-14.730848989291465,3
6515,102,11,90,6,-14.739148726840858,5
6516,106,14,32,11,-14.741977351969277,3
6517,47,12,78,8,-14.759178311128258,4
6518,109,14,72,11,-14.772801167610014,3
6519,54,36,75,25,-14.80658448659353,11
6520,76,13,15,9,-14.81353391108204,4
6521,102,10,27,8,-14.8415066807879,2
6522,38,13,87,9,-14.859584047072818,4
6523,28,12,110,8,-14.8602682733133,4
6524,112,13,15,9,-14.887616171154491,4
6525,22,12,13,9,-14.994671319317485,3
6526,75,10,45,8,-15.003649946946844,2
6527,99,18,25,13,-15.014737107768294,5
6528,93,10,38,6,-15.046407356806796,4
6529,79,16,104,11,-15.05495488242158,5
6530,51,19,45,14,-15.064032724857126,5
6531,77,10,54,9,-15.067841236649627,1
6532,29,10,71,8,-15.14318831762859,2
6533,29,15,64,12,-15.189033105530587,3
6534,47,12,55,8,-15.214446673688142,4
6535,12,23,41,17,-15.218048354510737,6
6536,46,14,93,11,-15.251126640356869,3
6537,3,27,63,22,-15.281871445146514,5
6538,41,15,30,10,-15.299076943535713,5
6539,84,15,41,11,-15.33074063826509,4
6540,9,29,41,21,-15.339577028005058,8
6541,29,13,109,8,-15.345893123711155,5
6542,57,15,34,11,-15.357045361759068,4
6543,3,27,84,18,-15.372916145146673,9
6544,25,14,49,10,-15.43786379260084,4
6545,107,25,73,17,-15.460672720698524,8
6546,103,12,74,9,-15.463990000688312,3
6547,39,12,2,9,-15.473797666414958,3
6548,84,22,112,16,-15.486639525748986,6
6549,31,15,69,10,-15.502962092044207,5
6550,2,18,104,12,-15.50344370749933,6
6551,48,12,100,8,-15.509495509096604,4
6552,104,20,64,15,-15.515264160119221,5
6553,10,11,37,7,-15.516949569025604,4
6554,14,11,25,9,-15.536643242754739,2
6555,9,16,48,12,-15.537621007215709,4
6556,11,12,108,9,-15.551347739122178,3
6557,31,12,104,8,-15.561592201078605,4
6558,5,20,23,15,-15.563915929412014,5
6559,108,11,19,8,-15.597832763152724,3
6560,45,14,4,10,-15.600891470448104,4
6561,85,11,106,8,-15.605731963514037,3
6562,51,19,94,14,-15.610023989951676,5
6563,97,13,90,9,-15.62188808576594,4
6564,62,14,78,10,-15.63409123278519,4
6565,97,12,14,10,-15.664913845649806,2
6566,35,13,87,9,-15.683184050777022,4
6567,3,12,47,9,-15.700624626069072,3
6568,1,13,8,10,-15.702434313684371,3
6569,80,13,75,10,-15.71805205236554,3
6570,35,12,80,9,-15.72406211872363,3
6571,77,14,37,10,-15.73169378416834,4
6572,96,16,93,12,-15.73319462766121,4
6573,57,20,7,13,-15.746440629237659,7
6574,77,27,16,20,-15.750438007943181,7
6575,35,10,75,8,-15.755761764469415,2
6576,93,11,30,8,-15.77720736230077,3
6577,17,22,95,17,-15.802621580377178,5
6578,58,24,65,17,-15.81241433590518,7
6579,31,45,16,33,-15.837412153743443,12
6580,39,18,99,14,-15.84878961626863,4
6581,28,29,90,22,-15.880089586771652,7
6582,77,13,98,10,-15.886174748869733,3
6583,57,18,94,13,-15.891839037049907,5
6584,28,12,43,8,-15.894105628705272,4
6585,9,30,53,22,-15.894615033798411,8
6586,70,13,80,11,-15.90133341789594,2
6587,51,18,2,12,-15.90559711313002,6
6588,76,18,54,13,-15.916701819672275,5
6589,2,12,100,8,-15.930884215555713,4
6590,63,13,14,9,-15.961958621197994,4
6591,43,19,55,16,-16.023961744798676,3
6592,5,18,41,12,-16.050377082501456,6
6593,103,11,50,8,-16.107700105307455,3
6594,112,15,71,11,-16.11687592102847,4
6595,112,27,78,20,-16.117140490908817,7
6596,46,13,98,9,-16.12835125202737,4
6597,112,11,55,9,-16.141953070444934,2
6598,102,10,43,7,-16.154622115934174,3
6599,54,10,34,8,-16.192576513322773,2
6600,19,14,63,11,-16.214836651867664,3
6601,83,12,27,10,-16.235141261119562,2
6602,80,12,34,10,-16.269229317512288,2
6603,40,10,29,8,-16.37829418439082,2
6604,25,25,11,20,-16.429746187224737,5
6605,81,14,100,10,-16.449659297579657,4
6606,55,15,14,12,-16.464885141480416,3
6607,87,10,61,7,-16.482333693393567,3
6608,64,10,66,8,-16.526342406123632,2
6609,83,20,16,15,-16.531803021169054,5
6610,68,22,95,18,-16.550204863156033,4
6611,36,10,101,8,-16.627946704419497,2
6612,63,29,30,21,-16.657979272099105,8
6613,68,16,50,11,-16.665846594945688,5
6614,69,23,53,17,-16.67657945090473,6
6615,71,15,95,10,-16.72675418994599,5
6616,103,11,15,8,-16.729210758060784,3
6617,83,13,23,10,-16.744700089549813,3
6618,76,10,1,7,-16.815372977495876,3
6619,97,14,38,11,-16.838290194315167,3
6620,10,12,13,9,-16.89276746041982,3
6621,112,19,20,15,-16.964936240764274,4
6622,11,13,49,10,-16.969656133029396,3
6623,31,10,38,6,-16.97274158238424,4
6624,46,11,43,8,-16.991693442801246,3
6625,70,11,48,8,-17.04295857723929,3
6626,102,12,29,10,-17.056577765128154,2
6627,1,14,18,11,-17.058153705270225,3
6628,19,20,51,16,-17.060508867948798,4
6629,9,29,27,21,-17.072056537621457,8
6630,2,11,60,8,-17.11684300008854,3
6631,62,10,12,8,-17.185756819994776,2
6632,5,22,27,16,-17.186967099907662,6
6633,106,10,35,7,-17.319051156851785,3
6634,58,21,86,16,-17.41327003256676,5
6635,35,10,60,7,-17.41812694726481,3
6636,29,10,80,8,-17.457200220457587,2
6637,18,14,23,10,-17.468338798211544,4
6638,83,11,110,9,-17.575104905290946,2
6639,67,10,20,8,-17.6724550880506,2
6640,68,35,112,27,-17.678384263757497,8
6641,3,11,5,7,-17.694163901939547,4
6642,55,12,44,9,-17.771847163193563,3
6643,5,18,30,15,-17.81053305502534,3
6644,88,17,32,13,-17.824594134673823,4
6645,114,11,111,8,-17.846918134233796,3
6646,41,10,35,7,-17.84884882348167,3
6647,30,15,95,11,-17.91990160883281,4
6648,33,18,55,14,-17.969879843551904,4
6649,54,10,67,8,-18.121548101252507,2
6650,79,10,75,8,-18.185200748196127,2
6651,7,10,12,7,-18.198433480354236,3
6652,43,12,81,9,-18.327617727929386,3
6653,13,20,80,14,-18.335804849316276,6
6654,18,10,5,8,-18.464269170029826,2
6655,3,15,48,11,-18.490434950243607,4
6656,81,16,49,12,-18.49249744682941,4
6657,31,15,106,11,-18.52908676481624,4
6658,12,10,45,8,-18.65380711999512,2
6659,94,14,62,11,-18.662202862958356,3
6660,28,17,99,13,-18.754584808369174,4
6661,66,10,13,8,-18.90151063724733,2
6662,4,13,98,11,-18.936498509144613,2
6663,106,11,89,7,-18.95338953455919,4
6664,6,10,30,8,-19.02037640213381,2
6665,106,10,92,8,-19.041690772468705,2
6666,43,12,45,9,-19.04326521517843,3
6667,54,16,4,14,-19.244087603842104,2
6668,18,14,99,11,-19.290873438644514,3
6669,36,19,30,17,-19.30529767168729,2
6670,51,22,90,18,-19.526276440378883,4
6671,108,12,114,9,-19.622938702057745,3
6672,112,15,80,11,-19.69397904792924,4
6673,5,11,64,9,-19.698196874853632,2
6674,31,11,15,8,-19.738787942525683,3
6675,32,12,95,10,-19.760326388824467,2
6676,33,15,65,12,-19.770112976636934,3
6677,97,13,73,9,-19.966763707753135,4
6678,109,12,12,10,-20.061016928371878,2
6679,84,12,7,10,-20.160900959942534,2
6680,69,11,72,9,-20.210260183380633,2
6681,3,13,38,10,-20.24044671860815,3
6682,103,10,75,9,-20.241991505098973,1
6683,10,15,51,12,-20.332726180509006,3
6684,35,11,48,9,-20.438098241934796,2
6685,94,23,81,17,-20.51779847980575,6
6686,72,10,57,10,-20.68783938357469,0
6687,79,11,17,9,-20.72101316555543,2
6688,68,11,90,9,-20.787956198015944,2
6689,77,13,15,11,-20.807040975737614,2
6690,38,11,55,9,-20.87506721402826,2
6691,64,10,109,7,-20.986952145840224,3
6692,12,12,30,10,-21.05072624025777,2
6693,43,10,110,8,-21.055981543018305,2
6694,51,11,101,9,-21.22662017561448,2
6695,10,13,112,10,-21.234179723414762,3
6696,91,16,104,15,-21.31971827875211,1
6697,4,13,25,11,-21.42004260246313,2
6698,4,15,41,10,-21.480590173913868,5
6699,58,10,49,8,-21.7746386625006,2
6700,31,12,62,9,-21.790941067775986,3
6701,19,13,55,10,-22.028452252987634,3
6702,48,13,78,11,-22.133379125833553,2
6703,97,12,91,10,-22.175648770183788,2
6704,29,12,72,10,-22.84597050029316,2
6705,8,11,4,10,-23.17790508365148,1
6706,77,19,75,16,-23.528365703077355,3
6707,57,13,29,11,-23.606557237030422,2
6708,57,12,112,10,-24.05133711856007,2
6709,97,11,34,9,-24.058676404388496,2
6710,3,16,75,14,-24.194103806582213,2
6711,33,10,100,9,-24.40727081526952,1
6712,42,11,104,10,-24.554805995086454,1
6713,57,12,26,10,-24.80508950345583,2
6714,109,10,19,9,-27.66236213744933,1
6715,23,13,90,12,-28.362481429909796,1
6716,37,11,44,11,-29.883498899257123,0
6717,102,15,112,14,-30.52771594801942,1
