,againstHero,games,hero,losses,shift,wins
0,112,12,102,1,30.11175096026079,11
1,44,11,37,0,29.883498899257123,11
2,72,10,29,1,28.989134542189106,9
3,90,13,23,1,28.3624814299098,12
4,62,10,94,1,26.27052480823864,9
5,26,12,57,2,24.80508950345583,10
6,104,10,42,1,24.354495184164943,9
7,75,16,3,2,24.194103806582213,14
8,34,11,97,2,24.058676404388496,9
9,112,11,57,2,24.035129593266095,9
10,12,11,109,1,23.647352995961203,10
11,75,18,77,3,23.52036406952528,15
12,4,11,8,1,23.177905083651492,10
13,80,14,112,3,22.742433885358178,11
14,29,12,57,2,22.398372618819636,10
15,91,12,97,2,22.175648770183788,10
16,78,13,48,2,22.13337912583355,11
17,76,12,19,2,21.84651673545452,10
18,62,12,31,3,21.79094106777599,9
19,41,15,4,5,21.480590173913868,10
20,25,13,4,2,21.42004260246313,11
21,2,16,51,4,21.322170492802822,12
22,104,16,91,1,21.319718278752113,15
23,112,13,10,3,21.23417972341476,10
24,110,10,43,2,21.055981543018305,8
25,94,13,57,3,20.917014051877036,10
26,55,11,38,2,20.87506721402826,9
27,90,11,68,2,20.787956198015944,9
28,17,11,79,2,20.721013165555437,9
29,55,12,19,3,20.602645773872627,9
30,48,11,35,2,20.438098241934792,9
31,48,12,3,3,20.42168215991077,9
32,27,14,69,3,20.342887062572174,11
33,51,15,10,3,20.332726180509006,12
34,7,11,84,2,20.072751797902637,9
35,73,13,97,4,19.966763707753135,9
36,27,26,9,6,19.852592249004633,20
37,114,11,108,3,19.76837565181859,8
38,95,12,32,2,19.760326388824463,10
39,15,11,31,3,19.73878794252568,8
40,64,11,5,2,19.698196874853632,9
41,101,10,51,2,19.538804927619935,8
42,30,19,36,2,19.30529767168729,17
43,99,14,18,3,19.290873438644514,11
44,4,16,54,2,19.2440876038421,14
45,100,10,2,3,19.14350422886928,7
46,90,21,51,4,19.126466143985912,17
47,78,24,112,5,19.08212961163151,19
48,45,12,43,3,19.04326521517843,9
49,92,10,106,2,19.041690772468705,8
50,30,10,6,2,19.02037640213381,8
51,89,11,106,4,18.95338953455919,7
52,98,13,4,2,18.936498509144613,11
53,2,10,11,2,18.923084797888755,8
54,55,11,47,3,18.857554518412744,8
55,99,17,28,4,18.754584808369174,13
56,16,19,77,4,18.736127046783515,15
57,50,15,68,4,18.68712791744929,11
58,34,13,57,3,18.630835458538126,10
59,106,15,31,4,18.52908676481624,11
60,65,14,33,3,18.51276218041885,11
61,48,15,9,3,18.472872872736897,12
62,49,14,81,4,18.46786281015852,10
63,5,10,18,2,18.464269170029823,8
64,30,17,3,3,18.440810784687137,14
65,75,10,79,2,18.18520074819613,8
66,90,28,28,6,18.060877876686437,22
67,55,18,33,4,17.969879843551904,14
68,95,15,30,4,17.919901608832813,11
69,13,11,22,2,17.88490511828995,9
70,35,10,41,3,17.84884882348167,7
71,111,11,114,3,17.846918134233796,8
72,32,17,88,4,17.82459413467382,13
73,30,18,5,3,17.81053305502534,15
74,44,12,55,3,17.77184716319356,9
75,112,32,68,7,17.735336321116534,25
76,100,21,68,6,17.721553548269895,15
77,5,11,3,4,17.694163901939547,7
78,20,10,67,2,17.6724550880506,8
79,15,11,112,3,17.649319137486977,8
80,110,11,83,2,17.575104905290946,9
81,76,11,79,2,17.53144635448245,9
82,23,14,18,4,17.468338798211544,10
83,81,11,43,3,17.430783583295423,8
84,60,10,35,3,17.41812694726481,7
85,86,21,58,5,17.41327003256676,16
86,41,16,12,4,17.359792151573956,12
87,47,10,3,2,17.3485191414896,8
88,45,10,39,3,17.32115834390289,7
89,35,10,106,3,17.319051156851785,7
90,19,18,107,3,17.294486817084362,15
91,60,13,20,3,17.267904745312975,10
92,27,22,5,6,17.18696709990766,16
93,78,11,104,2,17.176382878160833,9
94,41,28,9,7,17.159883472781484,21
95,60,11,2,3,17.11684300008854,8
96,80,17,13,5,17.063751983939074,12
97,18,14,1,3,17.058153705270225,11
98,62,10,15,2,17.05506964781122,8
99,48,11,70,3,17.04295857723929,8
100,43,11,46,3,16.991693442801246,8
101,38,10,31,4,16.97274158238424,6
102,20,19,112,4,16.964936240764274,15
103,13,12,10,3,16.892767460419815,9
104,38,14,97,3,16.838290194315167,11
105,1,10,76,3,16.815372977495876,7
106,30,22,63,6,16.797661541242768,16
107,23,13,83,3,16.744700089549806,10
108,15,11,37,2,16.737409909319528,9
109,95,15,71,5,16.72675418994599,10
110,15,10,41,2,16.66572103031544,8
111,101,10,36,2,16.6279467044195,8
112,95,22,68,4,16.550204863156036,18
113,66,10,64,2,16.526342406123636,8
114,80,17,88,5,16.47753804603461,12
115,14,15,55,3,16.464885141480416,12
116,15,14,109,3,16.44720740462248,11
117,81,18,94,6,16.44588848069767,12
118,11,25,25,5,16.429746187224733,20
119,61,16,7,5,16.42696802044795,11
120,30,12,79,3,16.40518046559389,9
121,29,10,40,2,16.378294184390825,8
122,30,15,43,3,16.37803823872752,12
123,43,14,77,4,16.318985637418912,10
124,103,16,68,4,16.281667488957137,12
125,34,12,80,2,16.269229317512288,10
126,53,21,69,6,16.247322250303586,15
127,43,10,102,3,16.154622115934178,7
128,100,15,77,4,16.144431143161373,11
129,51,14,19,3,16.139876446269277,11
130,71,15,112,4,16.116875921028473,11
131,8,20,77,5,16.11157045463716,15
132,41,18,5,6,16.05037708250146,12
133,69,14,18,4,16.026981492760473,10
134,14,13,63,4,15.961958621197992,9
135,80,13,70,2,15.901333417895936,11
136,53,30,9,8,15.894615033798411,22
137,43,12,28,4,15.894105628705272,8
138,85,12,94,3,15.872945827108664,9
139,99,18,39,4,15.84878961626863,14
140,16,45,31,12,15.837412153743443,33
141,95,22,17,5,15.80262158037718,17
142,75,12,12,4,15.785867542761377,8
143,30,11,93,3,15.777207362300766,8
144,75,10,35,2,15.755761764469415,8
145,7,20,57,7,15.746440629237663,13
146,93,16,96,4,15.733194627661211,12
147,37,14,77,4,15.73169378416834,10
148,80,12,35,3,15.72406211872363,9
149,75,13,80,3,15.718052052365534,10
150,8,13,1,3,15.702434313684373,10
151,78,12,20,3,15.688503428065085,9
152,87,13,35,4,15.683184050777024,9
153,14,12,97,2,15.664913845649806,10
154,65,23,58,7,15.653154983328356,16
155,94,15,51,4,15.625063973212232,11
156,90,13,97,4,15.621888085765939,9
157,106,11,85,3,15.60573196351404,8
158,4,14,45,4,15.600891470448106,10
159,27,22,109,7,15.5648042036252,15
160,23,20,5,5,15.563915929412016,15
161,104,12,31,4,15.561592201078605,8
162,25,11,14,2,15.536643242754739,9
163,37,11,10,4,15.516949569025604,7
164,104,18,2,6,15.503443707499333,12
165,69,15,31,5,15.502962092044205,10
166,112,22,84,6,15.486639525748984,16
167,74,12,103,3,15.463990000688314,9
168,73,25,107,8,15.460672720698525,17
169,49,14,25,4,15.43786379260084,10
170,98,12,46,4,15.381140721878971,8
171,84,27,3,9,15.37291614514667,18
172,18,13,37,3,15.368965567811566,10
173,41,15,84,4,15.33074063826509,11
174,61,15,68,4,15.24709195978541,11
175,41,17,71,4,15.16238863659133,13
176,111,10,69,3,15.0816233253005,7
177,72,13,3,4,15.071268742232347,9
178,45,19,51,5,15.06403272485712,14
179,100,34,65,8,15.048643379831539,26
180,78,10,94,3,15.017246599003702,7
181,25,18,99,5,15.014737107768298,13
182,45,10,75,2,15.003649946946844,8
183,98,11,77,3,14.971497492381289,8
184,55,10,112,2,14.907032679929213,8
185,93,13,46,3,14.890756855873015,10
186,29,16,68,4,14.872359696157924,12
187,2,11,39,3,14.867970478981071,8
188,110,12,28,4,14.860268273313302,8
189,87,13,38,4,14.859584047072822,9
190,55,17,43,3,14.81915638406445,14
191,15,13,76,4,14.81353391108204,9
192,75,36,54,11,14.806584486593527,25
193,78,12,47,4,14.759178311128261,8
194,57,10,2,3,14.75670329182861,7
195,16,19,83,5,14.75207545610471,14
196,32,14,106,3,14.741977351969275,11
197,100,10,31,3,14.730848989291463,7
198,114,19,83,5,14.712530964906872,14
199,9,10,94,4,14.704426445452436,6
200,15,13,69,3,14.675971701381801,10
201,104,14,79,5,14.675854986425783,9
202,15,25,9,9,14.58750591260023,16
203,88,22,29,6,14.584788845308772,16
204,50,12,99,4,14.581629542155014,8
205,100,12,81,4,14.580245422414421,8
206,80,19,50,4,14.554439051919097,15
207,108,11,9,4,14.533752266696009,7
208,73,12,37,4,14.533349572792922,8
209,13,12,2,4,14.516038794033767,8
210,64,19,104,5,14.512801584595094,14
211,34,12,25,3,14.468789684868277,9
212,73,10,2,3,14.457830254043136,7
213,72,10,65,3,14.450652701600799,7
214,63,13,35,4,14.450412261730216,9
215,44,12,5,3,14.447481002517355,9
216,97,13,35,3,14.444551731599502,10
217,80,11,14,4,14.435345395194508,7
218,108,26,70,7,14.42739364927628,19
219,76,18,49,5,14.388922058985905,13
220,40,10,83,2,14.347262135245902,8
221,7,27,77,8,14.33556677589385,19
222,76,14,78,3,14.333560594759897,11
223,80,37,63,10,14.322048676220186,27
224,26,25,86,6,14.322036756570222,19
225,108,10,112,3,14.316449946299116,7
226,31,12,57,4,14.310689026630849,8
227,47,15,112,5,14.309777431810545,10
228,46,11,102,3,14.30749471315205,8
229,34,12,37,3,14.30057126443514,9
230,20,15,3,4,14.188922367828338,11
231,41,11,80,3,14.18671629223256,8
232,29,10,48,3,14.14263349496715,7
233,29,22,19,6,14.139848607717557,16
234,51,26,81,9,14.111514320288212,17
235,49,13,112,4,14.107588631583395,9
236,62,12,57,3,14.067895538486148,9
237,40,29,77,8,14.048771071022596,21
238,69,11,91,4,13.993001551531528,7
239,111,12,75,4,13.972281809419963,8
240,69,11,8,3,13.967704360915697,8
241,40,24,71,7,13.948125771645659,17
242,91,11,109,3,13.946188604720339,8
243,75,19,69,5,13.942304484906579,14
244,37,11,112,3,13.937736127059294,8
245,30,29,13,10,13.892452276987242,19
246,54,17,76,5,13.892444764564262,12
247,53,19,50,6,13.883151416746285,13
248,34,14,104,4,13.86429846409272,10
249,98,17,31,6,13.805084918983171,11
250,13,74,31,23,13.800549608099516,51
251,97,11,112,2,13.794615799527321,9
252,77,17,50,4,13.753479149012175,13
253,95,37,88,11,13.752013257016605,26
254,97,10,27,4,13.735152835550483,6
255,63,14,33,4,13.733555706081617,10
256,63,25,31,7,13.714594813504092,18
257,63,22,3,5,13.713969327820672,17
258,104,14,44,4,13.703910249073422,10
259,47,12,49,3,13.687802461931255,9
260,92,16,86,5,13.67676060817369,11
261,109,11,103,4,13.675879641836712,7
262,49,11,18,3,13.655065375637422,8
263,38,10,3,3,13.612373842695769,7
264,15,10,74,3,13.569326307429137,7
265,76,12,91,3,13.563460914482881,9
266,27,21,19,5,13.54408399598256,16
267,7,11,66,4,13.514093541012448,7
268,1,10,57,3,13.498323659072742,7
269,36,15,35,4,13.440272285829963,11
270,43,19,53,5,13.438033142991653,14
271,23,15,45,4,13.436468047997268,11
272,25,12,32,5,13.427877456338663,7
273,75,15,53,5,13.423496737137006,10
274,91,11,112,3,13.423237527272482,8
275,30,14,41,5,13.415502729875797,9
276,104,12,35,4,13.369677424437178,8
277,55,11,32,4,13.36363963009391,7
278,34,15,20,4,13.349753634163106,11
279,18,12,46,3,13.322032493347338,9
280,47,16,18,4,13.317575135316673,12
281,50,17,46,6,13.310329365776974,11
282,72,11,23,3,13.303468387767726,8
283,64,19,106,6,13.295192075566398,13
284,100,15,57,5,13.283897406533026,10
285,7,12,99,4,13.274517260788409,8
286,102,31,5,10,13.269431869962297,21
287,95,23,11,6,13.26328800508424,17
288,11,39,96,12,13.25258237771624,27
289,8,16,41,4,13.244566662838952,12
290,62,19,63,6,13.232960235611285,13
291,36,18,54,6,13.217744798273172,12
292,11,22,70,6,13.174919150937761,16
293,95,28,37,7,13.149042342745604,21
294,27,11,83,2,13.13409712509482,9
295,83,10,70,4,13.118339150755117,6
296,98,12,88,3,13.09482237083463,9
297,114,13,12,5,13.087005723325442,8
298,84,11,108,3,13.07106461175519,8
299,28,21,112,6,13.067763256870427,15
300,75,14,29,5,13.04592128555306,9
301,80,11,30,3,13.03236389442298,8
302,58,10,3,2,13.004309559743188,8
303,91,29,60,10,12.952631394075715,19
304,79,20,87,5,12.924731468288163,15
305,18,10,19,3,12.906348402552078,7
306,98,12,75,4,12.900340980932176,8
307,60,14,48,4,12.898116343169704,10
308,74,20,62,6,12.893098863947467,14
309,2,21,65,5,12.890027578518202,16
310,78,10,50,3,12.880515423493952,7
311,38,13,112,3,12.849363497429499,10
312,63,11,19,3,12.824791428015688,8
313,15,26,51,9,12.774757740490884,17
314,54,12,81,4,12.757047966098476,8
315,30,12,102,4,12.747226384006886,8
316,95,10,36,3,12.746346244298937,7
317,114,27,109,7,12.737377288037612,20
318,33,14,106,4,12.736963404825662,10
319,46,24,106,9,12.725492516069492,15
320,111,16,88,4,12.710530076381987,12
321,48,15,5,4,12.675358072710548,11
322,57,27,5,8,12.572003913811171,19
323,98,27,87,8,12.540784384215351,19
324,41,15,3,3,12.536867675080288,12
325,75,27,5,10,12.535083552437033,17
326,57,20,63,7,12.524650656070369,13
327,55,12,103,3,12.517980336309982,9
328,80,10,49,4,12.50914199523895,6
329,64,15,92,7,12.492372460791035,8
330,87,30,114,11,12.486821931566258,19
331,11,16,9,5,12.445555022892497,11
332,36,17,50,7,12.423703215189779,10
333,49,24,69,8,12.366820006437125,16
334,104,39,46,13,12.353574327141933,26
335,67,12,97,3,12.35346782744064,9
336,47,24,60,7,12.306617941323184,17
337,75,14,57,4,12.306540056833526,10
338,98,29,96,9,12.301665445316493,20
339,58,12,112,4,12.274503829909492,8
340,17,17,78,6,12.267827102574515,11
341,39,16,85,6,12.259649528892556,10
342,32,10,39,3,12.25900875776762,7
343,71,11,84,3,12.255989147154674,8
344,48,27,54,9,12.230401373927076,18
345,74,22,60,8,12.230302476711508,14
346,75,19,43,5,12.224767647713705,14
347,43,14,9,5,12.224469441855378,9
348,78,11,106,3,12.210243252742755,8
349,7,18,76,7,12.19661731578168,11
350,11,35,84,11,12.189911906563859,24
351,109,18,39,5,12.189314131019263,13
352,65,19,57,6,12.17988690463077,13
353,107,21,99,7,12.174640608684571,14
354,78,10,103,2,12.172315771013803,8
355,2,22,70,8,12.153236389251056,14
356,30,16,94,5,12.145626497260828,11
357,19,11,31,3,12.140248760143196,8
358,92,12,63,5,12.136993324985582,7
359,104,27,27,8,12.126412179297137,19
360,34,12,70,4,12.123530804367727,8
361,60,23,112,7,12.10922209330929,16
362,62,10,84,3,12.102258594247479,7
363,8,11,35,3,12.093356369533685,8
364,63,12,72,3,12.08999686228347,9
365,108,17,39,6,12.085170572248146,11
366,30,18,91,5,12.061464887561753,13
367,16,35,94,10,12.057575200604028,25
368,76,14,57,4,12.056778783520572,10
369,1,18,63,7,12.054495717242014,11
370,1,12,104,4,12.020108292717422,8
371,102,18,55,6,11.983866194974436,12
372,109,11,98,3,11.980585816049416,8
373,37,16,60,6,11.9668638856867,10
374,50,11,72,3,11.966306538639385,8
375,94,11,49,3,11.960623646252792,8
376,104,14,81,6,11.956844186421009,8
377,64,13,29,3,11.95311333814138,10
378,53,10,54,3,11.951994898142782,7
379,95,27,18,9,11.951490678023532,18
380,72,17,68,5,11.93885971533164,12
381,114,46,65,16,11.938229846486395,30
382,109,11,29,5,11.905733206262543,6
383,90,18,104,6,11.89837391797068,12
384,111,22,41,8,11.859477089655313,14
385,20,12,29,4,11.85416559868577,8
386,107,17,103,5,11.846012972334957,12
387,74,34,28,11,11.834419909257846,23
388,78,10,37,3,11.831707242150298,7
389,63,47,28,14,11.8288664237163,33
390,74,10,64,4,11.828764368523546,6
391,28,16,111,5,11.82030122340792,11
392,83,10,17,4,11.812775268760372,6
393,53,10,91,3,11.811611902058761,7
394,8,11,108,3,11.805411430354427,8
395,8,21,40,6,11.791921402372775,15
396,44,10,54,3,11.791894285038754,7
397,19,10,102,2,11.787844411233353,8
398,91,12,65,4,11.784658313781675,8
399,17,18,109,6,11.781743441013703,12
400,112,10,62,3,11.78047192200998,7
401,102,14,60,5,11.776298762035289,9
402,55,37,1,11,11.76903355576794,26
403,100,15,102,4,11.724376607273166,11
404,91,13,96,4,11.692854193124042,9
405,34,23,28,7,11.682170467841415,16
406,98,11,48,3,11.678045251552971,8
407,21,10,88,3,11.677382922456276,7
408,93,11,104,4,11.670878710804793,7
409,100,12,40,4,11.638460148115906,8
410,78,30,16,10,11.617981267014931,20
411,90,15,39,5,11.57797650142359,10
412,33,15,50,5,11.568332857311571,10
413,108,10,11,3,11.565275419390533,7
414,36,16,104,6,11.564722196156039,10
415,111,10,71,3,11.563837134119533,7
416,74,15,76,6,11.544600382799558,9
417,7,15,81,6,11.525413070422038,9
418,30,18,11,6,11.50767296909725,12
419,53,19,3,6,11.503790428420068,13
420,11,15,18,5,11.49652383906797,10
421,47,14,81,4,11.445134927289029,10
422,85,16,50,5,11.432524505459874,11
423,114,39,106,13,11.417874917507987,26
424,30,24,84,7,11.413398674384274,17
425,13,76,88,24,11.408220138823303,52
426,29,10,95,3,11.401888238693152,7
427,41,18,77,5,11.396404504618232,13
428,4,11,38,3,11.395009854616484,8
429,107,14,10,5,11.38119632500004,9
430,104,21,71,8,11.370166649530528,13
431,15,34,88,9,11.367535471304064,25
432,64,12,20,3,11.33130846260478,9
433,11,12,103,3,11.314031930046736,9
434,28,19,72,6,11.306329036701383,13
435,7,25,96,7,11.300422106484014,18
436,80,10,5,3,11.295210617596885,7
437,64,26,112,7,11.289456025090594,19
438,111,11,27,3,11.279710088837586,8
439,2,14,55,5,11.276816159574059,9
440,75,52,7,17,11.274663385996204,35
441,49,22,104,7,11.26398206988742,15
442,13,22,29,8,11.259872526725406,14
443,48,33,107,11,11.259107485225828,22
444,28,10,103,3,11.258889995972657,7
445,87,29,70,11,11.250414739740135,18
446,107,16,83,5,11.249585120390279,11
447,40,13,81,4,11.249205674756393,9
448,95,28,51,8,11.244919045567018,20
449,75,17,109,5,11.242273446455997,12
450,46,20,96,8,11.223825219116966,12
451,75,36,8,11,11.220741251540183,25
452,73,13,51,4,11.219804453521853,9
453,98,18,106,6,11.217270403208776,12
454,25,15,3,5,11.214634960222732,10
455,100,12,46,4,11.210309669403356,8
456,89,11,1,4,11.209011069389932,7
457,17,13,27,5,11.181834221753338,8
458,87,22,81,9,11.169051293231712,13
459,43,16,4,6,11.162760468553993,10
460,78,13,1,4,11.156578268103178,9
461,75,16,38,4,11.14383618558865,12
462,43,16,91,5,11.128114127049443,11
463,15,17,11,6,11.124682750885995,11
464,46,15,70,5,11.123543654837002,10
465,27,20,84,7,11.118973426521963,13
466,74,13,32,4,11.101664191982366,9
467,78,13,80,4,11.097915766170063,9
468,34,11,3,4,11.0863686502855,7
469,99,11,11,4,11.04788337752713,7
470,32,12,114,4,11.045874107216177,8
471,16,17,32,6,11.04556139119038,11
472,53,41,88,13,11.023031682203495,28
473,41,14,92,5,11.016394202336144,9
474,98,10,68,3,11.014423279510455,7
475,15,13,71,4,11.00914391321026,9
476,40,26,3,8,11.00717769248795,18
477,56,13,107,5,11.000292497508868,8
478,51,20,110,6,11.000148170458745,14
479,70,24,57,10,10.99751468090858,14
480,50,37,88,13,10.986958086725295,24
481,13,25,97,9,10.985857531237675,16
482,78,12,46,5,10.933012123848135,7
483,69,23,68,8,10.924215707790449,15
484,73,17,5,6,10.907383059794872,11
485,102,10,35,4,10.903207987031468,6
486,63,20,69,6,10.901230458210245,14
487,104,10,94,3,10.89001789096002,7
488,71,16,77,5,10.872072685026803,11
489,37,46,54,15,10.870093974692763,31
490,34,15,68,5,10.8428897215307,10
491,30,11,2,4,10.820419515250846,7
492,106,17,81,7,10.816681182916202,10
493,30,19,77,6,10.794678869374387,13
494,55,25,91,7,10.791612827626562,18
495,59,11,7,3,10.771239818059199,8
496,34,18,87,6,10.764160959682634,12
497,53,23,108,9,10.749834986479383,14
498,13,45,18,16,10.738363532449275,29
499,79,13,57,5,10.731445030362657,8
500,18,41,39,13,10.727251536194172,28
501,53,22,17,7,10.72338378113649,15
502,54,11,111,3,10.714143810197228,8
503,43,13,36,5,10.713552025008548,8
504,51,25,74,7,10.704030149650722,18
505,75,13,76,5,10.684711333832391,8
506,38,12,57,5,10.682623087511102,7
507,54,15,58,6,10.67808430812958,9
508,20,21,9,7,10.676297323703045,14
509,5,25,98,9,10.66291868554062,16
510,3,11,35,4,10.637414854102067,7
511,98,18,71,6,10.627953776602759,12
512,16,12,101,4,10.622717697482882,8
513,48,14,108,4,10.620930026885901,10
514,7,31,91,9,10.609100286101588,22
515,26,10,28,3,10.592168464369761,7
516,104,26,75,9,10.57435391669422,17
517,103,10,43,4,10.571290258718227,6
518,95,15,9,6,10.569002592922953,9
519,71,19,54,7,10.563773271372229,12
520,72,11,77,4,10.553147233311368,7
521,28,17,40,7,10.551622113062637,10
522,78,31,51,13,10.545179893859501,18
523,50,39,20,13,10.540260354284218,26
524,76,13,108,4,10.539317855686345,9
525,41,16,17,5,10.533333329606137,11
526,71,19,97,6,10.5235339621969,13
527,27,27,36,10,10.523349599331352,17
528,89,14,37,6,10.519274673853001,8
529,64,27,9,8,10.495957554452968,19
530,62,10,48,4,10.487894133335649,6
531,75,14,102,4,10.47886729381523,10
532,81,11,27,4,10.477393451911677,7
533,13,37,3,11,10.475725476767076,26
534,41,16,49,6,10.465212157406025,10
535,6,10,31,4,10.459894630543896,6
536,58,23,69,9,10.458248548468928,14
537,44,16,39,6,10.434810009571377,10
538,95,19,114,7,10.422604339796184,12
539,110,11,7,5,10.422576579231729,6
540,11,26,109,8,10.41754834063003,18
541,106,16,93,6,10.37915501513517,10
542,104,29,77,10,10.37582008009837,19
543,9,12,12,4,10.366855545040103,8
544,72,15,17,5,10.36644014814169,10
545,30,48,65,16,10.36006982580984,32
546,27,39,65,13,10.357126287520348,26
547,94,10,7,3,10.355621654064773,7
548,53,16,77,6,10.347606271977277,10
549,40,16,102,6,10.346146758066935,10
550,37,13,1,5,10.342164269053148,8
551,7,24,19,7,10.325778739734247,17
552,54,19,43,7,10.322637569623126,12
553,107,29,31,13,10.30345756995746,16
554,11,27,68,10,10.296454056233667,17
555,78,15,29,5,10.294109375300296,10
556,45,23,107,8,10.289536165233189,15
557,100,18,103,7,10.284330386952137,11
558,3,16,112,6,10.266087173795974,10
559,67,16,106,6,10.252161434234207,10
560,16,44,18,14,10.239548895772598,30
561,28,27,68,8,10.229548768409218,19
562,63,35,91,11,10.225389928816243,24
563,16,13,67,4,10.22452344209527,9
564,30,17,31,7,10.214096274935343,10
565,25,24,68,8,10.211790433098953,16
566,10,14,28,4,10.207926130943799,10
567,11,36,37,12,10.20717474941383,24
568,91,24,39,8,10.206322081312438,16
569,114,16,57,5,10.202940786046575,11
570,15,22,18,7,10.200875953247772,15
571,48,24,96,8,10.200121519345739,16
572,98,15,2,6,10.198603389321667,9
573,71,13,33,4,10.195530501937561,9
574,72,10,103,4,10.192286664999738,6
575,97,41,37,14,10.190687502541845,27
576,76,25,35,9,10.177855774517552,16
577,6,12,9,5,10.175309866966636,7
578,15,22,87,8,10.170248393152516,14
579,75,19,100,8,10.163448061532286,11
580,92,16,68,5,10.14730683848729,11
581,27,21,12,8,10.146930026303878,13
582,96,11,23,4,10.143008283174426,7
583,53,37,31,14,10.136338371296793,23
584,92,10,109,3,10.132066653367776,7
585,78,12,114,5,10.123963867745248,7
586,50,20,102,8,10.118106239071224,12
587,53,36,36,11,10.114732824687987,25
588,89,11,74,4,10.093150392265771,7
589,64,45,60,14,10.09108059388622,31
590,23,17,17,6,10.090670558592322,11
591,100,27,54,9,10.085638363780191,18
592,79,12,106,4,10.079963228120917,8
593,40,16,49,6,10.077718304922938,10
594,13,12,79,4,10.072956753420838,8
595,13,23,83,8,10.067954696106945,15
596,15,15,55,4,10.062256659545504,11
597,94,19,12,8,10.055104969446456,11
598,80,19,51,7,10.049293803677342,12
599,44,10,38,3,10.048373138060269,7
600,110,13,107,4,10.03472132274693,9
601,98,19,29,6,10.031731367912892,13
602,27,20,77,7,9.99823071605981,13
603,95,25,65,9,9.987438820754939,16
604,73,18,88,6,9.974203425238965,12
605,58,16,39,5,9.963281955136992,11
606,63,45,88,14,9.955054334971098,31
607,23,14,77,5,9.948007056333925,9
608,60,26,29,10,9.937103135645952,16
609,95,10,2,3,9.920312629990502,7
610,63,50,84,19,9.919938234846502,31
611,78,10,62,4,9.900957172496794,6
612,107,21,102,8,9.900916609628295,13
613,11,14,83,4,9.89615191909491,10
614,100,11,38,3,9.89382268344099,8
615,110,20,16,7,9.893450419413208,13
616,2,17,54,5,9.883928701627934,12
617,86,16,67,6,9.87443210558644,10
618,17,15,71,6,9.874078720771614,9
619,75,17,1,5,9.87310906944801,12
620,53,10,98,4,9.839111782848335,6
621,16,12,10,4,9.837247209773244,8
622,9,17,47,6,9.833363334347146,11
623,54,13,57,3,9.824315369895016,10
624,16,13,92,3,9.821906376974377,10
625,40,24,17,8,9.815776001763279,16
626,29,13,93,5,9.815241351279962,8
627,64,17,37,6,9.810222324765896,11
628,62,10,93,4,9.798162399200404,6
629,27,24,57,10,9.79805460143547,14
630,63,11,61,3,9.795863144147216,8
631,39,12,72,4,9.790035400948009,8
632,37,24,83,9,9.783726366978417,15
633,13,46,43,19,9.779544155099423,27
634,30,12,52,4,9.763146241314214,8
635,8,14,3,7,9.760247946851925,7
636,63,35,48,12,9.759297495682487,23
637,30,41,39,15,9.757589925719179,26
638,86,21,52,7,9.734029946764755,14
639,89,13,16,5,9.733195931265595,8
640,43,19,31,10,9.720852773553682,9
641,75,18,11,7,9.71088785220573,11
642,102,33,86,11,9.70383463978044,22
643,41,16,81,5,9.680507683549978,11
644,30,22,64,8,9.674793623640712,14
645,51,22,33,6,9.669509126977042,16
646,34,15,51,5,9.661953358650635,10
647,100,12,71,4,9.66068752031631,8
648,34,12,43,4,9.658400280037357,8
649,111,16,63,6,9.656549842780759,10
650,22,10,114,5,9.649313306364819,5
651,58,21,13,6,9.649270405691873,15
652,109,36,8,14,9.641625939928552,22
653,41,23,53,8,9.631953807885303,15
654,70,17,109,6,9.623350653501726,11
655,40,12,19,4,9.612489725967157,8
656,99,14,8,6,9.61106559286031,8
657,83,18,84,7,9.609473734372159,11
658,77,27,51,11,9.606511812919102,16
659,8,13,53,4,9.596286006275326,9
660,80,14,39,5,9.589468521855673,9
661,13,29,94,10,9.588851003454677,19
662,73,20,7,8,9.582485903794176,12
663,27,28,31,12,9.569633624787398,16
664,103,10,65,4,9.536908507290406,6
665,106,13,108,4,9.535201707134298,9
666,1,22,31,9,9.525804060927038,13
667,20,32,25,11,9.520523686179052,21
668,18,27,9,9,9.520249042639604,18
669,85,17,72,5,9.519520936634539,12
670,8,17,36,6,9.51236026695053,11
671,90,14,80,4,9.509239360264802,10
672,114,13,2,5,9.509158562417847,8
673,30,17,46,6,9.50446880568247,11
674,37,22,99,7,9.502759058160713,15
675,37,29,7,11,9.500511382222342,18
676,27,11,79,4,9.498924182256808,7
677,70,10,58,3,9.487562225897108,7
678,110,17,39,5,9.484612192785775,12
679,16,47,96,14,9.46295382882651,33
680,102,12,17,4,9.460667678985603,8
681,68,50,87,18,9.450913662664803,32
682,17,10,94,4,9.449116979238093,6
683,32,11,63,4,9.44232166344675,7
684,39,37,20,15,9.42792244833799,22
685,34,13,60,4,9.407416969408194,9
686,27,22,53,7,9.395074434024874,15
687,48,13,51,6,9.391737592298234,7
688,109,11,36,3,9.390936468630548,8
689,27,16,4,6,9.3787154159821,10
690,80,33,107,11,9.376730084103613,22
691,104,21,84,8,9.37162724208143,13
692,62,24,88,9,9.365840903844772,15
693,23,12,50,3,9.354699302165745,9
694,1,20,87,8,9.344990956449259,12
695,28,29,2,10,9.34282167881126,19
696,53,20,12,8,9.33945038591408,12
697,111,15,51,5,9.328246716797016,10
698,11,14,38,5,9.326168382883848,9
699,37,17,27,6,9.314988662643295,11
700,45,10,38,3,9.31109379184883,7
701,11,26,57,11,9.30828211114755,15
702,41,43,86,14,9.304404145319243,29
703,100,17,18,7,9.297622647277194,10
704,63,19,77,6,9.291814452323939,13
705,38,24,65,10,9.283550293305519,14
706,75,13,93,5,9.279825087560205,8
707,20,16,90,6,9.25670480461804,10
708,78,15,53,6,9.245467105519944,9
709,11,13,10,5,9.240894504208253,8
710,104,18,38,7,9.236395276928322,11
711,91,23,20,9,9.233435902067152,14
712,70,16,69,5,9.227346228401574,11
713,107,21,77,8,9.225690577042375,13
714,13,19,6,7,9.21551599242718,12
715,93,11,90,4,9.204947446014161,7
716,2,12,40,4,9.204153353273352,8
717,73,17,40,6,9.199997222971483,11
718,23,14,91,6,9.188824217195519,8
719,15,13,91,6,9.175439096539632,7
720,27,34,60,11,9.174691293905799,23
721,92,15,40,5,9.168940871834318,10
722,86,30,48,11,9.16469180554466,19
723,104,26,11,9,9.16100342181422,17
724,16,63,106,21,9.160803291418002,42
725,50,43,5,17,9.156049369840707,26
726,39,25,106,10,9.155969378752744,15
727,16,40,9,13,9.142096271109022,27
728,78,14,49,6,9.138768967908645,8
729,92,11,17,4,9.114563540800457,7
730,109,15,31,5,9.11388757240418,10
731,75,22,49,8,9.10384818725207,14
732,58,20,68,7,9.097701878706363,13
733,95,34,8,13,9.079209474058969,21
734,44,29,86,10,9.073857704921485,19
735,28,34,75,12,9.068390514566694,22
736,30,11,61,4,9.067314274609851,7
737,78,13,43,5,9.06197930193436,8
738,69,18,57,6,9.053157000869454,12
739,35,16,45,7,9.040031591861501,9
740,34,23,8,8,9.029109968573678,15
741,30,16,70,7,9.016092338129877,9
742,5,15,36,6,9.008614310253613,9
743,27,18,103,7,8.982725285516032,11
744,51,54,63,22,8.976305842275835,32
745,28,15,52,6,8.975367013246691,9
746,64,18,43,7,8.974031801153536,11
747,97,18,36,7,8.970668153566264,11
748,47,20,114,8,8.969382880850322,12
749,28,11,32,4,8.963821007682872,7
750,27,22,78,6,8.957994747216343,16
751,57,39,107,15,8.940505077806748,24
752,73,12,31,4,8.938919570135752,8
753,13,22,84,7,8.92622496976615,15
754,11,10,91,3,8.923724837318142,7
755,26,10,88,4,8.919527282390282,6
756,60,25,12,12,8.918654482484731,13
757,110,19,25,6,8.917701672558222,13
758,89,15,107,5,8.908975430626485,10
759,7,20,109,7,8.9080321410632,13
760,69,12,97,4,8.888377862411462,8
761,44,20,13,7,8.886721786197054,13
762,49,11,53,4,8.876928289416245,7
763,23,16,12,6,8.872217683410865,10
764,3,11,98,5,8.853639708389592,6
765,107,13,61,5,8.850698470757944,8
766,32,15,87,5,8.84415502943487,10
767,87,36,9,15,8.83528388860613,21
768,17,11,3,5,8.832308222560108,6
769,39,38,88,14,8.832170453588976,24
770,1,13,12,5,8.830714665937148,8
771,18,26,8,8,8.824824520647518,18
772,63,19,36,7,8.822881427312195,12
773,36,18,47,6,8.810892372607714,12
774,106,10,42,3,8.802546839644418,7
775,39,18,78,7,8.800777420295397,11
776,26,11,107,4,8.789963547813727,7
777,109,12,77,5,8.789144881364965,7
778,77,14,99,4,8.784719144285264,10
779,106,23,18,8,8.778191080978742,15
780,16,27,1,8,8.777340054296328,19
781,65,41,93,17,8.77644661518368,24
782,41,12,96,3,8.760253621607967,9
783,62,14,19,4,8.75442059684427,10
784,108,27,13,9,8.751351034715968,18
785,38,14,106,7,8.74501943352997,7
786,34,11,49,4,8.728893863930168,7
787,4,22,17,7,8.727735068009611,15
788,8,26,57,9,8.727187925997562,17
789,58,10,45,4,8.721721801464442,6
790,45,15,86,6,8.710518828201982,9
791,63,15,102,6,8.710165699989911,9
792,63,35,20,14,8.705248065274409,21
793,9,31,31,11,8.678153869820548,20
794,85,10,98,3,8.673802483900154,7
795,63,32,76,11,8.66091726275254,21
796,41,19,97,7,8.638943706099205,12
797,1,24,65,10,8.63311694974403,14
798,68,29,18,11,8.623169944927229,18
799,9,14,19,5,8.611355514485423,9
800,62,16,3,6,8.607436588896293,10
801,90,22,50,8,8.598522697494,14
802,87,18,112,7,8.593805944861604,11
803,85,15,13,5,8.590889624694588,10
804,81,20,16,7,8.585952206420341,13
805,57,13,109,5,8.575637917032312,8
806,95,23,55,8,8.575006509864881,15
807,30,52,16,19,8.574711141353786,33
808,48,11,104,4,8.568096491349037,7
809,88,25,3,9,8.556085869457865,16
810,78,11,36,4,8.552435160203329,7
811,94,11,2,4,8.55058688518052,7
812,114,13,62,5,8.54955618000272,8
813,23,39,60,14,8.54484295529887,25
814,12,13,106,4,8.530975907772834,9
815,91,10,45,4,8.504304930616431,6
816,64,28,40,10,8.496071624321134,18
817,55,18,23,8,8.49046563373251,10
818,74,14,77,5,8.485489523270209,9
819,55,14,85,5,8.476039600481302,9
820,114,24,3,8,8.461132150785255,16
821,15,13,53,5,8.45144556317874,8
822,95,14,96,5,8.45037398259218,9
823,8,32,114,11,8.446067232393613,21
824,96,24,70,11,8.437417991026262,13
825,55,20,114,7,8.432483182241098,13
826,78,24,69,9,8.424932975106671,15
827,73,19,90,7,8.424101991862472,12
828,38,13,54,5,8.421224564929705,8
829,41,12,102,4,8.421036787338009,8
830,75,60,68,21,8.41417026008603,39
831,27,14,35,5,8.413948011136766,9
832,109,14,67,7,8.410228891959628,7
833,80,11,79,5,8.39440233865723,6
834,67,10,104,4,8.393331116483226,6
835,7,45,25,16,8.37280661834829,29
836,7,22,5,8,8.357081514884824,14
837,41,32,31,12,8.353957395244583,20
838,16,69,63,26,8.348450841261812,43
839,8,29,84,10,8.33757645831541,19
840,43,32,86,11,8.328287387304055,21
841,25,15,9,5,8.323455878342044,10
842,58,27,107,9,8.317720705410434,18
843,103,16,17,5,8.316268501161485,11
844,90,13,48,5,8.30973168111364,8
845,100,20,60,7,8.303538394172502,13
846,86,17,56,6,8.300855291965847,11
847,11,12,94,4,8.300205650666276,8
848,90,31,106,10,8.283845461248372,21
849,41,18,91,6,8.276671952774393,12
850,15,22,3,9,8.276213553621362,13
851,12,13,4,4,8.273106784367055,9
852,37,12,14,5,8.266467835075433,7
853,41,16,28,6,8.23874105434128,10
854,69,21,106,8,8.230262561693124,13
855,99,10,71,4,8.22496630028886,6
856,112,14,40,6,8.221202026655053,8
857,87,24,93,9,8.20135369004028,15
858,74,25,39,10,8.195535087876927,15
859,63,11,89,3,8.19292788894577,8
860,100,18,3,7,8.17468006817809,11
861,12,16,49,4,8.167519949794404,12
862,8,24,15,10,8.166888939002055,14
863,50,28,71,11,8.165371088482388,17
864,54,31,60,11,8.16146550040988,20
865,33,17,20,6,8.157924685534635,11
866,18,16,112,5,8.155957753880719,11
867,4,10,112,4,8.145974306589784,6
868,20,11,110,4,8.125291114928716,7
869,81,11,111,3,8.120062859865854,8
870,51,62,65,22,8.115860033850396,40
871,63,26,109,11,8.110737293175296,15
872,74,15,48,7,8.108554922899495,8
873,88,19,112,7,8.10654244906666,12
874,47,16,69,6,8.099464940788463,10
875,37,42,46,14,8.09589581959515,28
876,60,30,50,13,8.087484578525554,17
877,109,15,46,6,8.081904977493476,9
878,8,61,5,24,8.080732178020162,37
879,100,21,63,9,8.080440558190483,12
880,64,15,11,4,8.079873069271713,11
881,110,16,97,6,8.077466293642946,10
882,39,15,94,5,8.07213621048329,10
883,50,18,70,8,8.072010588554935,10
884,53,13,46,5,8.064750592390656,8
885,51,15,91,5,8.060157448942936,10
886,112,10,30,3,8.054330668472009,7
887,20,36,84,11,8.04861670328596,25
888,90,22,13,8,8.036549897684578,14
889,16,45,46,16,8.034750190065967,29
890,12,11,43,3,8.033640162406574,8
891,52,13,8,5,8.032663143129467,8
892,75,41,50,14,8.02466935745211,27
893,63,12,52,5,8.015196003418383,7
894,35,11,9,5,8.012816785902409,6
895,48,12,25,5,8.01244102921806,7
896,76,16,114,5,8.01045549406789,11
897,91,31,98,12,8.010154956050265,19
898,102,19,96,7,7.9956311609664965,12
899,44,22,6,7,7.994067314889742,15
900,13,16,70,6,7.990308468406848,10
901,5,28,84,11,7.986435375626319,17
902,13,36,54,13,7.982732376403214,23
903,86,37,17,16,7.977430056045004,21
904,16,32,3,11,7.974772517930134,21
905,48,11,89,3,7.971806233433707,8
906,65,25,5,10,7.967561696591304,15
907,23,21,39,8,7.9630880242589255,13
908,87,15,33,6,7.945655214602681,9
909,53,19,61,6,7.9431150632920575,13
910,73,17,87,5,7.942207150258419,12
911,18,10,34,3,7.934073113605032,7
912,76,32,68,9,7.926167101750361,23
913,76,18,60,5,7.92542978089117,13
914,54,22,18,9,7.917650548154775,13
915,88,10,82,4,7.912578083642496,6
916,71,13,38,4,7.906029048659733,9
917,78,11,31,5,7.904414780494012,6
918,53,14,90,5,7.90103229929259,9
919,62,23,68,9,7.893829370684333,14
920,86,45,76,18,7.887634788633699,27
921,114,25,90,10,7.8701656835045455,15
922,89,11,13,5,7.868919524993351,6
923,44,12,35,5,7.859665557157517,7
924,106,26,91,9,7.859341034872018,17
925,39,22,112,9,7.853779316986331,13
926,29,14,55,5,7.851130455007913,9
927,53,19,109,7,7.841205358929896,12
928,114,20,1,7,7.837742070296788,13
929,30,47,107,18,7.827930732880733,29
930,25,46,46,19,7.8204011950255445,27
931,49,12,37,5,7.82035535241221,7
932,114,12,110,4,7.80031681097971,8
933,50,15,48,5,7.798532000224024,10
934,50,20,30,8,7.797701228015578,12
935,13,35,69,13,7.792472202910128,22
936,100,38,87,17,7.790241500531647,21
937,55,22,64,7,7.789831302640343,15
938,47,10,111,4,7.786638633209644,6
939,78,21,8,8,7.782275188757168,13
940,72,13,19,5,7.778046405037884,8
941,64,13,19,4,7.776851315652561,9
942,92,14,114,4,7.774797164908212,10
943,100,23,43,10,7.763911047984518,13
944,50,22,18,9,7.758401768064157,13
945,17,21,60,8,7.758065583862096,13
946,100,23,49,10,7.757307636292274,13
947,53,11,73,4,7.756297558195456,7
948,37,49,25,20,7.755599308877524,29
949,16,32,64,11,7.754231430905149,21
950,73,13,54,5,7.746921178252216,8
951,28,14,12,5,7.741725097225164,9
952,44,11,84,5,7.741464370739849,6
953,15,15,1,5,7.73306575970013,10
954,12,11,78,4,7.698372819210095,7
955,111,25,7,10,7.69032342577198,15
956,5,32,11,12,7.687442157533876,20
957,39,62,68,25,7.68579068916388,37
958,50,35,55,15,7.677574556383833,20
959,13,61,106,23,7.675692800309161,38
960,37,29,38,11,7.668156637885108,18
961,37,24,96,10,7.665844925696509,14
962,107,27,35,9,7.659745377736294,18
963,86,22,72,8,7.651597318688157,14
964,33,13,31,6,7.647223417443057,7
965,70,11,60,4,7.6464357490262,7
966,97,29,5,10,7.639418302115124,19
967,64,13,81,5,7.638492419047566,8
968,100,15,84,5,7.609473347550371,10
969,15,14,63,6,7.605326194287133,8
970,18,20,36,8,7.5949028785012285,12
971,49,16,15,6,7.594278265555581,10
972,58,18,88,7,7.5880987725104365,11
973,72,10,36,4,7.585561627806539,6
974,28,31,114,13,7.584853881328923,18
975,65,31,29,13,7.579407823636636,18
976,46,12,77,5,7.574271980014295,7
977,34,14,5,4,7.5706698448560905,10
978,40,66,68,24,7.5703219943157025,42
979,107,30,109,11,7.567930415965966,19
980,97,24,51,8,7.56785294854944,16
981,60,19,45,8,7.562934672858015,11
982,87,38,40,16,7.562449238427529,22
983,16,13,12,5,7.55786945629014,8
984,19,10,79,4,7.551536262697121,6
985,30,10,85,4,7.5440843213091044,6
986,85,10,46,3,7.538229298143679,7
987,33,16,7,7,7.532188482638043,9
988,16,30,76,14,7.530311918043387,16
989,6,11,55,3,7.526848268362216,8
990,55,18,77,7,7.520653437888106,11
991,8,30,100,11,7.5204290952711395,19
992,7,52,87,19,7.517208318589072,33
993,12,25,107,8,7.511754076831641,17
994,15,13,50,5,7.509982415529958,8
995,6,13,61,5,7.506143312140655,8
996,27,14,98,6,7.497316272159128,8
997,89,12,68,5,7.483167732526591,7
998,70,14,36,6,7.476080415111229,8
999,108,15,63,6,7.475559971035058,9
1000,64,37,31,14,7.4738922265185375,23
1001,43,30,87,12,7.4729053960434975,18
1002,28,10,81,4,7.472696801730322,6
1003,60,10,57,4,7.467563385882379,6
1004,45,12,53,5,7.463487107897495,7
1005,100,12,70,5,7.458777129644957,7
1006,37,21,110,9,7.457046552670356,12
1007,46,30,75,12,7.449361290092638,18
1008,11,12,71,5,7.444969376445684,7
1009,36,34,41,16,7.412500474371832,18
1010,108,22,88,8,7.409334471097551,14
1011,43,17,84,7,7.4028714682915195,10
1012,41,17,89,6,7.402414100587752,11
1013,1,10,5,4,7.391988711274886,6
1014,73,10,71,4,7.37323406519455,6
1015,34,15,74,5,7.367415754617591,10
1016,31,14,80,4,7.367135464628976,10
1017,25,16,33,5,7.36592627296452,11
1018,77,10,114,4,7.3654772203978025,6
1019,104,36,60,11,7.3607160522172075,25
1020,16,113,88,42,7.360663709722783,71
1021,73,25,8,10,7.35879002547718,15
1022,17,19,9,8,7.3581791578689,11
1023,48,24,79,9,7.345817828277461,15
1024,23,18,114,6,7.344942637597016,12
1025,40,41,104,15,7.342291894534163,26
1026,75,16,2,7,7.332326563651873,9
1027,2,32,107,12,7.32884412298255,20
1028,43,13,68,5,7.327777492653936,8
1029,85,13,65,5,7.3238412361926395,8
1030,70,42,5,17,7.323141246130927,25
1031,47,14,15,6,7.306305822535999,8
1032,63,14,85,6,7.301748789802251,8
1033,54,33,40,13,7.298767912387551,20
1034,11,14,29,6,7.296267599499956,8
1035,47,11,61,4,7.295405799949466,7
1036,43,31,40,13,7.2876910701836355,18
1037,97,16,29,6,7.284915525257299,10
1038,13,20,98,7,7.284404613166717,13
1039,55,20,68,7,7.273979151335479,13
1040,62,13,104,4,7.27277946294311,9
1041,106,13,57,6,7.272492874678534,7
1042,47,40,13,15,7.270637733593475,25
1043,62,10,96,3,7.268496266352443,7
1044,110,16,70,6,7.267896542251015,10
1045,20,17,98,6,7.267496359610282,11
1046,63,13,66,5,7.2649519006548315,8
1047,75,19,81,7,7.259552889264539,12
1048,86,30,79,11,7.258463117259926,19
1049,84,33,39,14,7.257920848438738,19
1050,87,29,91,11,7.256753645120718,18
1051,98,19,84,6,7.255378652482318,13
1052,98,12,93,5,7.2513528092711335,7
1053,46,13,90,5,7.250761878801304,8
1054,31,14,5,5,7.246607645789562,9
1055,20,10,75,4,7.241047227766171,6
1056,114,27,40,9,7.240772461331043,18
1057,54,16,62,6,7.236680580960737,10
1058,46,13,29,7,7.227495590691409,6
1059,29,15,34,6,7.211858211585126,9
1060,16,82,39,33,7.2003844657899245,49
1061,53,13,38,5,7.198101634639961,8
1062,17,11,48,5,7.198036653114912,6
1063,34,19,30,7,7.196614878264563,12
1064,109,13,22,5,7.1904728762162415,8
1065,103,13,84,6,7.189748094528316,7
1066,39,33,43,14,7.179919496295487,19
1067,18,11,62,4,7.178564522913039,7
1068,36,16,112,6,7.175574629533441,10
1069,27,42,88,18,7.172623904876214,24
1070,98,41,86,17,7.171894084868247,24
1071,81,15,63,6,7.165422512761099,9
1072,54,77,88,30,7.16478292612553,47
1073,3,16,18,5,7.159831907657217,11
1074,38,18,84,8,7.154125748328736,10
1075,76,18,94,6,7.150294606719446,12
1076,29,14,37,6,7.147246302868531,8
1077,5,17,60,6,7.144002600647477,11
1078,40,50,55,19,7.142420946012768,31
1079,72,16,51,7,7.141680179139767,9
1080,75,57,107,18,7.131800392099847,39
1081,88,11,67,3,7.127393540580368,8
1082,67,12,107,4,7.124134838046416,8
1083,11,10,43,4,7.12360202683373,6
1084,86,81,96,31,7.122290387606644,50
1085,112,17,29,7,7.120613678872476,10
1086,86,30,83,10,7.114862976089345,20
1087,45,33,7,13,7.114147641228475,20
1088,78,17,34,7,7.112741685006796,10
1089,1,10,45,4,7.100044646871245,6
1090,38,14,17,6,7.099034060595348,8
1091,86,21,103,8,7.096474477436438,13
1092,28,20,62,8,7.086204539456473,12
1093,28,35,70,14,7.078735797739843,21
1094,102,14,98,6,7.075813129571894,8
1095,50,14,49,6,7.064134383315743,8
1096,100,21,25,9,7.062312436550092,12
1097,99,18,36,6,7.061516094995872,12
1098,65,16,73,6,7.056062739811479,10
1099,16,20,14,8,7.046491474978404,12
1100,55,25,97,9,7.041738062020972,16
1101,85,24,84,8,7.039561068893882,16
1102,95,15,40,6,7.026458120737083,9
1103,89,14,104,6,7.025402807656734,8
1104,87,27,53,12,7.022639512769477,15
1105,93,26,54,9,7.002072182522706,17
1106,62,15,5,6,6.992708759597391,9
1107,111,23,13,10,6.988942249892523,13
1108,17,20,55,9,6.987444025974705,11
1109,53,30,30,12,6.984989750265453,18
1110,64,34,65,14,6.97401145693555,20
1111,86,95,51,41,6.971741618294086,54
1112,18,23,97,9,6.965163575719862,14
1113,26,21,13,7,6.963297761552151,14
1114,16,34,36,13,6.9623095532486845,21
1115,111,15,39,6,6.960860011711801,9
1116,85,13,88,5,6.960388600870984,8
1117,32,18,104,6,6.95922508638955,12
1118,90,20,63,8,6.95733483322538,12
1119,4,25,51,9,6.952578906103857,16
1120,76,12,48,4,6.943708984082041,8
1121,99,12,88,5,6.93913123202866,7
1122,54,32,68,12,6.937906549912462,20
1123,54,46,109,17,6.937152542807694,29
1124,7,21,46,7,6.935769096747123,14
1125,75,19,30,8,6.923427737676235,11
1126,76,40,107,13,6.920276566037432,27
1127,72,10,60,4,6.902146483608275,6
1128,76,16,88,7,6.891817282335726,9
1129,62,14,8,4,6.890538902903525,10
1130,90,22,65,10,6.887045978873851,12
1131,106,15,99,5,6.882359612487447,10
1132,60,43,4,19,6.864343045215706,24
1133,108,18,60,7,6.856532886501664,11
1134,7,99,51,37,6.849475435937799,62
1135,41,12,94,4,6.847345171995751,8
1136,100,16,50,6,6.845077769092562,10
1137,62,16,60,7,6.8330599498146025,9
1138,78,14,96,5,6.830515928543477,9
1139,95,25,106,9,6.830338155584792,16
1140,68,69,31,28,6.821634358561019,41
1141,65,14,66,5,6.821265394674894,9
1142,30,22,104,10,6.820606807560422,12
1143,60,17,58,7,6.820272973850589,10
1144,56,13,4,6,6.816273515879696,7
1145,41,17,19,6,6.810542955394582,11
1146,51,20,96,8,6.809158319794973,12
1147,71,50,13,21,6.804323620324037,29
1148,3,12,109,5,6.800442852243994,7
1149,49,10,71,4,6.800377692667283,6
1150,55,10,31,4,6.798197972656263,6
1151,100,16,11,7,6.7960040653242615,9
1152,2,14,38,6,6.792448237787324,8
1153,43,23,19,9,6.791814279727125,14
1154,34,16,39,7,6.78145072564027,9
1155,103,15,19,6,6.770702466468062,9
1156,33,23,107,10,6.763493299081546,13
1157,104,32,63,13,6.756232032126071,19
1158,86,54,97,22,6.749652418711037,32
1159,94,10,71,4,6.748460655059317,6
1160,45,13,68,5,6.747691137383071,8
1161,84,26,48,10,6.7407911051084906,16
1162,40,14,78,4,6.732885786530082,10
1163,74,38,96,14,6.731828732252355,24
1164,14,13,95,5,6.731405281187272,8
1165,108,21,87,8,6.728483256491903,13
1166,16,19,58,7,6.723872489637056,12
1167,100,11,95,5,6.722166987268522,6
1168,65,10,32,4,6.718474357729474,6
1169,28,35,97,13,6.716635909782017,22
1170,11,20,60,8,6.7118326073530294,12
1171,83,15,74,7,6.703298030488857,8
1172,34,21,84,9,6.699979551580063,12
1173,10,18,86,8,6.698064905065153,10
1174,111,11,106,3,6.697425895741327,8
1175,65,47,20,17,6.69461466944874,30
1176,114,43,13,20,6.67608934584188,23
1177,85,20,54,7,6.664179187550933,13
1178,8,57,63,24,6.662281605906514,33
1179,10,12,57,4,6.658857003244836,8
1180,83,11,71,5,6.656205380333864,6
1181,71,19,37,8,6.653996053488669,11
1182,32,26,5,10,6.647447060451906,16
1183,13,13,103,5,6.6455015698032565,8
1184,75,51,16,21,6.638067927267192,30
1185,4,30,65,12,6.6356003955737535,18
1186,39,22,37,9,6.632156694863052,13
1187,108,12,68,5,6.6299354413411775,7
1188,25,48,5,19,6.626414170343125,29
1189,85,10,75,3,6.61929344121288,7
1190,20,21,68,9,6.619136630374984,12
1191,71,18,81,7,6.61709770119633,11
1192,107,37,43,14,6.600978620740834,23
1193,65,28,96,12,6.593487230396348,16
1194,60,31,69,14,6.585373558105323,17
1195,86,27,1,11,6.584989828827026,16
1196,103,21,16,8,6.584630735778128,13
1197,69,10,48,5,6.577798378248737,5
1198,76,13,18,5,6.573059513523393,8
1199,53,26,114,11,6.571088082289226,15
1200,16,36,69,14,6.56872407350153,22
1201,104,37,25,16,6.567754121461538,21
1202,23,29,68,13,6.562476411578635,16
1203,20,43,16,15,6.550408005485555,28
1204,15,21,81,9,6.546075680652625,12
1205,54,58,70,23,6.543056803225659,35
1206,85,13,11,5,6.5402245957157366,8
1207,11,20,35,8,6.53852868587746,12
1208,86,29,81,9,6.532482502137965,20
1209,91,13,80,5,6.531108694088673,8
1210,13,35,37,14,6.522302273576749,21
1211,30,26,55,10,6.510387642998443,16
1212,100,18,114,7,6.509461416428781,11
1213,74,29,55,12,6.503619546467787,17
1214,90,11,102,6,6.502237322589002,5
1215,107,30,49,13,6.496803725713358,17
1216,107,46,53,18,6.492903474758714,28
1217,70,20,9,7,6.477071321597407,13
1218,89,10,55,4,6.472799854469153,6
1219,70,13,29,6,6.465173609286504,7
1220,30,10,81,4,6.458484974391473,6
1221,78,14,98,6,6.457784687804565,8
1222,8,20,91,8,6.453847873736644,12
1223,6,10,28,4,6.452419128804086,6
1224,4,20,87,7,6.445923142452618,13
1225,12,21,3,7,6.4416367916909,14
1226,41,20,109,7,6.432688342356182,13
1227,40,16,33,5,6.427211772717694,11
1228,22,11,27,4,6.425149939635198,7
1229,96,23,80,9,6.423400971659428,14
1230,41,31,104,14,6.421225970365916,17
1231,91,18,54,8,6.414686940093468,10
1232,8,21,27,8,6.411281680332252,13
1233,27,38,87,16,6.410924450913493,22
1234,106,13,77,6,6.407119934187455,7
1235,80,20,37,8,6.401050818487373,12
1236,16,69,55,26,6.397644631354264,43
1237,104,38,55,15,6.394473965912867,23
1238,33,13,96,7,6.392035038140808,6
1239,78,25,60,11,6.389926507327768,14
1240,7,21,56,9,6.361794853449644,12
1241,51,17,112,7,6.360960440760982,10
1242,92,13,27,6,6.356396578041118,7
1243,100,13,29,6,6.345895374545928,7
1244,85,17,96,5,6.345069391274802,12
1245,62,22,40,11,6.34058891485694,11
1246,43,33,94,14,6.34033410843988,19
1247,33,13,23,5,6.330114552953447,8
1248,54,14,112,5,6.3267118256224935,9
1249,63,59,54,23,6.309444480907377,36
1250,88,25,57,11,6.308509689840414,14
1251,69,14,54,6,6.307106146290189,8
1252,94,11,35,5,6.295790159546813,6
1253,54,13,3,6,6.2904200663200225,7
1254,63,24,38,8,6.287709572055487,16
1255,70,16,64,5,6.286009204558742,11
1256,62,18,51,7,6.283420772007452,11
1257,39,25,29,11,6.281510228932388,14
1258,86,21,4,8,6.2794844995496994,13
1259,20,45,5,17,6.270373633442785,28
1260,69,11,96,4,6.268969865653719,7
1261,15,12,95,5,6.265255655621163,7
1262,92,22,39,10,6.263991845659126,12
1263,100,12,1,5,6.258573723065733,7
1264,13,45,23,20,6.238267851069181,25
1265,114,48,5,20,6.237633533478721,28
1266,8,31,9,15,6.234041807874366,16
1267,104,41,50,16,6.230364171354915,25
1268,78,24,87,11,6.2289849665887695,13
1269,16,42,91,15,6.227187272730326,27
1270,109,10,62,3,6.224068902567428,7
1271,76,19,9,7,6.212932484569381,12
1272,47,14,28,6,6.211297191624255,8
1273,35,15,84,6,6.209299301194261,9
1274,74,28,70,13,6.203999405338755,15
1275,81,14,69,6,6.2015178700162785,8
1276,63,28,2,12,6.200018491851485,16
1277,98,21,49,9,6.187949327027538,12
1278,91,12,71,5,6.187474142289449,7
1279,62,10,64,5,6.187065492162538,5
1280,55,14,35,6,6.181710197353361,8
1281,72,13,27,6,6.171475350108802,7
1282,57,21,102,9,6.169321397774083,12
1283,13,47,36,18,6.167141158071529,29
1284,75,27,47,9,6.156969718274411,18
1285,30,38,60,13,6.155988461693872,25
1286,16,24,108,9,6.148582612448618,15
1287,68,13,33,5,6.145832331304968,8
1288,27,41,86,15,6.140665530509298,26
1289,81,34,13,13,6.133078295186986,21
1290,19,22,54,10,6.131097972100771,12
1291,62,10,11,4,6.126587814431934,6
1292,25,35,88,12,6.123879676950231,23
1293,81,13,31,4,6.117159791325403,9
1294,11,20,102,9,6.113641669431642,11
1295,90,12,7,5,6.108519045195328,7
1296,75,17,84,7,6.100134417881318,10
1297,10,13,87,5,6.098821416398097,8
1298,62,16,69,7,6.098141811871047,9
1299,54,11,47,5,6.095812400128514,6
1300,26,10,16,4,6.090476145744292,6
1301,111,23,107,11,6.08814286411973,12
1302,70,29,20,11,6.080511379179193,18
1303,55,10,69,4,6.075582313218194,6
1304,69,34,86,14,6.07493667313256,20
1305,39,87,51,36,6.0722808312339716,51
1306,23,27,41,11,6.068042449918637,16
1307,39,14,14,6,6.04933667985342,8
1308,102,19,51,8,6.04652873125996,11
1309,63,24,18,9,6.046455003215173,15
1310,70,15,93,6,6.04469500542117,9
1311,8,16,32,7,6.041444852098721,9
1312,100,41,86,19,6.037154523628219,22
1313,27,14,114,6,6.034743873961818,8
1314,7,24,98,9,6.0336860037819795,15
1315,75,31,31,14,6.033482134287373,17
1316,64,38,86,16,6.030765339147399,22
1317,91,17,50,6,6.027790824025911,11
1318,95,20,46,8,6.027785407812038,12
1319,80,33,55,15,6.024950901743931,18
1320,63,33,13,14,6.024739641852312,19
1321,98,24,37,10,6.023716027404386,14
1322,65,61,88,23,6.004362907857696,38
1323,1,22,54,9,6.001347940242027,13
1324,37,19,100,7,6.000890669706824,12
1325,30,26,88,12,5.999646200227325,14
1326,107,32,3,15,5.999011076330673,17
1327,102,18,88,6,5.993430232263083,12
1328,114,25,31,11,5.991876520395493,14
1329,49,29,60,12,5.990966249711065,17
1330,64,20,18,8,5.974775055211904,12
1331,102,21,87,8,5.971447061156249,13
1332,97,18,40,7,5.966918416140386,11
1333,68,52,53,21,5.964244334939563,31
1334,23,14,57,6,5.9613183368935285,8
1335,39,21,81,8,5.958518641523455,13
1336,97,12,10,6,5.950831581917705,6
1337,28,15,53,6,5.9457443646332715,9
1338,13,64,87,25,5.943209983450161,39
1339,74,10,43,5,5.941779824004124,5
1340,63,13,10,5,5.94033318775015,8
1341,57,15,40,6,5.936628176580016,9
1342,37,45,63,18,5.933785173114154,27
1343,39,21,77,9,5.930864767182186,12
1344,8,18,33,7,5.930528749487397,11
1345,103,15,79,6,5.924794393548496,9
1346,73,20,114,8,5.924435121305103,12
1347,109,27,55,13,5.923431655873009,14
1348,107,29,62,14,5.921546438225422,15
1349,13,28,78,11,5.920714252201037,17
1350,93,10,63,4,5.9175632502755855,6
1351,47,23,68,9,5.915128475524724,14
1352,41,15,45,5,5.9144627061547626,10
1353,84,27,57,13,5.910397185802947,14
1354,69,10,25,4,5.903986394303471,6
1355,48,30,87,12,5.897723460875986,18
1356,101,15,68,5,5.8919398867497925,10
1357,76,20,39,7,5.891436203259332,13
1358,74,34,84,16,5.891399521581718,18
1359,46,14,64,6,5.890631605322367,8
1360,64,34,51,14,5.888421423830696,20
1361,46,12,36,5,5.882094180819339,7
1362,104,28,100,11,5.881587224397175,17
1363,97,27,68,11,5.880460614845399,16
1364,28,12,31,5,5.87633787823225,7
1365,11,30,20,11,5.875852132904118,19
1366,62,17,9,7,5.86600144742425,10
1367,54,36,95,16,5.865979569344106,20
1368,34,17,7,7,5.863504951401833,10
1369,7,20,112,8,5.8633899504874805,12
1370,27,24,49,10,5.863176035176768,14
1371,72,10,114,5,5.860000941124309,5
1372,74,37,46,14,5.850135921281393,23
1373,108,10,65,5,5.847992745343311,5
1374,23,28,76,12,5.8473918820519435,16
1375,8,67,87,28,5.843937748929525,39
1376,28,17,94,6,5.821481138029022,11
1377,40,16,5,7,5.820527251695649,9
1378,80,28,106,11,5.812470547213421,17
1379,79,13,20,5,5.810117746469002,8
1380,10,11,106,3,5.8036728949329275,8
1381,62,20,65,9,5.802429384374058,11
1382,91,19,31,7,5.801858258461766,12
1383,98,26,63,11,5.795644107915217,15
1384,103,10,57,4,5.793046654806236,6
1385,38,16,19,5,5.78310801022648,11
1386,47,27,88,12,5.781997545060109,15
1387,13,17,76,7,5.778850784663428,10
1388,16,19,93,9,5.776545074834794,10
1389,69,20,28,9,5.772064288839902,11
1390,9,19,104,8,5.769857547388705,11
1391,71,13,27,5,5.7671503535549125,8
1392,15,38,39,14,5.766838941939466,24
1393,58,13,53,7,5.756559382638666,6
1394,23,13,47,5,5.755142063292807,8
1395,36,12,77,5,5.751140829309578,7
1396,19,11,80,4,5.749943576584892,7
1397,78,10,81,5,5.742474614478736,5
1398,25,42,106,16,5.73768822242091,26
1399,107,64,104,26,5.737421230069909,38
1400,34,11,38,4,5.733514369563806,7
1401,13,48,25,22,5.729332953997915,26
1402,45,14,9,5,5.727853500458987,9
1403,25,26,51,11,5.72613511284895,15
1404,98,13,17,6,5.723425305113809,7
1405,41,18,37,7,5.716493275276269,11
1406,23,11,102,5,5.7160538226538815,6
1407,74,22,109,8,5.703058853572775,14
1408,60,23,96,7,5.703006464112349,16
1409,53,17,62,7,5.701449545318567,10
1410,76,42,51,16,5.692931732098406,26
1411,70,10,32,5,5.692479372096213,5
1412,106,46,5,18,5.689619439430471,28
1413,35,21,40,8,5.6891402135768585,13
1414,102,10,95,4,5.685319962340818,6
1415,60,27,81,11,5.682226522032789,16
1416,30,31,68,14,5.680128230508521,17
1417,94,10,25,5,5.671887186214519,5
1418,75,39,37,14,5.670197882049105,25
1419,16,31,99,13,5.665818337043021,18
1420,76,10,3,4,5.665440442988802,6
1421,54,11,82,4,5.664278302313932,7
1422,9,13,61,5,5.652969843590383,8
1423,86,87,88,36,5.651261944060885,51
1424,4,10,97,4,5.649870700339136,6
1425,39,13,97,5,5.649731064357227,8
1426,73,23,74,9,5.649045009007229,14
1427,29,17,27,6,5.644310400735446,11
1428,28,22,3,9,5.641703705085423,13
1429,108,14,98,6,5.640790264148573,8
1430,75,46,51,20,5.632745764536371,26
1431,75,43,9,17,5.6326941278183265,26
1432,86,28,73,13,5.62531345595925,15
1433,5,21,17,7,5.625033929201379,14
1434,19,10,5,4,5.623378775596127,6
1435,9,24,84,10,5.622843694169622,14
1436,95,26,50,11,5.619957219349123,15
1437,68,26,91,12,5.61946637277209,14
1438,16,48,50,20,5.617696720442929,28
1439,28,29,76,13,5.615688910158878,16
1440,30,14,90,6,5.614315415339312,8
1441,70,17,98,6,5.604121247592221,11
1442,78,20,54,8,5.5943771495163475,12
1443,20,38,96,15,5.591064360306499,23
1444,89,13,53,6,5.5817208357882135,7
1445,14,14,88,6,5.580858903619985,8
1446,7,23,38,10,5.57543888103377,13
1447,42,11,69,5,5.570250078296481,6
1448,68,12,48,5,5.567776843888595,7
1449,31,10,95,4,5.5581891593402775,6
1450,13,30,95,13,5.556983808516705,17
1451,46,11,4,5,5.55622187464566,6
1452,8,41,25,16,5.550067480025434,25
1453,36,53,31,23,5.548564460468652,30
1454,29,16,23,7,5.547160957253139,9
1455,25,18,84,7,5.5466876181289715,11
1456,20,22,2,9,5.544865436021075,13
1457,41,27,69,9,5.540528561994146,18
1458,106,31,23,15,5.535479536227778,16
1459,34,18,48,8,5.531916858024636,10
1460,114,45,68,19,5.528966703625285,26
1461,33,14,102,6,5.525239013163607,8
1462,28,33,7,13,5.522079859732702,20
1463,62,10,20,4,5.517288163699186,6
1464,87,59,37,24,5.516733087496062,35
1465,28,35,9,16,5.5146514821295405,19
1466,95,19,83,7,5.510188596504647,12
1467,32,13,109,6,5.5080518973086185,7
1468,67,10,102,4,5.49724656177184,6
1469,114,23,70,9,5.484820175107314,14
1470,27,22,3,11,5.484757361342357,11
1471,16,89,87,38,5.4787280558945906,51
1472,77,12,29,4,5.478464728524137,8
1473,31,13,74,5,5.468299370651384,8
1474,5,31,51,11,5.465657211287606,20
1475,30,22,69,10,5.462107433982007,12
1476,89,15,88,7,5.460084177073363,8
1477,100,24,88,10,5.45873126041651,14
1478,71,14,76,7,5.456476326439047,7
1479,75,43,71,16,5.454468163058883,27
1480,97,18,57,8,5.45235309786646,10
1481,87,72,65,30,5.444138626077134,42
1482,71,29,68,11,5.435653336862236,18
1483,19,26,68,10,5.413987268108867,16
1484,4,11,58,4,5.405037105567146,7
1485,9,11,66,5,5.404825557202403,6
1486,84,10,64,3,5.401793074305331,7
1487,54,31,90,13,5.397442007333916,18
1488,8,42,46,19,5.386306766386785,23
1489,41,19,112,8,5.382218168204769,11
1490,34,11,65,5,5.379318070965098,6
1491,3,12,94,5,5.374899428324899,7
1492,75,30,63,13,5.362343223381901,17
1493,7,35,97,16,5.356987360153851,19
1494,9,28,54,12,5.344134309540626,16
1495,7,19,62,8,5.339510147514967,11
1496,97,14,102,5,5.335160623731844,9
1497,87,31,41,13,5.329576179635581,18
1498,12,20,86,8,5.327325022745494,12
1499,87,30,57,12,5.318358141337941,18
1500,28,13,49,6,5.31428031912519,7
1501,51,49,84,20,5.314265702072516,29
1502,85,10,47,3,5.309476383215226,7
1503,107,19,66,8,5.307859110353934,11
1504,111,25,55,10,5.307717141421055,15
1505,40,49,39,20,5.294535177326297,29
1506,27,12,1,4,5.292340811408028,8
1507,99,21,86,8,5.291638236148403,13
1508,14,19,28,7,5.288795345484194,12
1509,56,11,88,5,5.280224334897691,6
1510,112,23,76,11,5.280024334487374,12
1511,28,11,92,4,5.26619903758234,7
1512,104,51,28,22,5.259412551866781,29
1513,35,11,31,5,5.255104723881263,6
1514,28,24,100,9,5.2470243708497994,15
1515,114,15,94,7,5.246364560187277,8
1516,25,26,40,11,5.242222631716463,15
1517,16,40,62,15,5.24204483037968,25
1518,98,15,40,7,5.239271076053035,8
1519,52,14,16,6,5.238731564661996,8
1520,91,21,25,9,5.236778929543691,12
1521,87,39,60,18,5.228061200586124,21
1522,35,11,5,5,5.226534281744142,6
1523,54,54,106,25,5.222938310920249,29
1524,53,29,112,14,5.221677411254142,15
1525,40,22,37,10,5.2189812618502875,12
1526,20,18,76,9,5.218902337593747,9
1527,49,12,55,5,5.21558348601229,7
1528,33,12,91,6,5.213867650447791,6
1529,6,10,39,4,5.213256916387499,6
1530,16,36,53,14,5.201094174764711,22
1531,46,25,39,13,5.196853389468722,12
1532,40,13,113,5,5.193726392686624,8
1533,6,10,71,4,5.193692278292729,6
1534,63,23,23,9,5.190793013982739,14
1535,13,15,102,5,5.1877642091018785,10
1536,104,78,65,34,5.186990036216577,44
1537,75,17,97,7,5.183439015487436,10
1538,114,20,96,8,5.164351476040407,12
1539,107,60,20,26,5.163543558398883,34
1540,16,41,49,17,5.162771022600757,24
1541,91,11,56,5,5.1601828143932735,6
1542,67,12,5,5,5.159840528973067,7
1543,35,16,28,8,5.153123660542302,8
1544,76,28,50,10,5.151966096130058,18
1545,87,34,19,14,5.150648926164329,20
1546,106,24,9,10,5.150083731218861,14
1547,35,12,51,5,5.14727626674268,7
1548,100,22,112,10,5.147009218037666,12
1549,80,14,48,5,5.142739603488693,9
1550,43,34,65,16,5.140817317652902,18
1551,39,56,49,22,5.139212358813992,34
1552,40,12,69,4,5.137627663794988,8
1553,36,21,3,8,5.136055944816986,13
1554,40,30,58,14,5.133397385337812,16
1555,11,22,98,10,5.122669345045474,12
1556,75,18,4,7,5.112428644465592,11
1557,30,10,1,4,5.107240382060611,6
1558,55,23,70,10,5.1032220329288345,13
1559,28,13,108,6,5.102919930198642,7
1560,23,19,100,7,5.096795040845655,12
1561,85,17,68,6,5.0964736355872775,11
1562,19,15,3,6,5.096086764992161,9
1563,53,25,104,11,5.0942603831986055,14
1564,32,10,20,3,5.082163415292109,7
1565,68,21,8,9,5.078731617284143,12
1566,78,21,7,10,5.074558525866491,11
1567,90,13,33,5,5.072843762888294,8
1568,46,17,65,6,5.066104910854949,11
1569,84,23,29,10,5.063232995693045,13
1570,7,16,10,7,5.060407065651958,9
1571,15,28,68,11,5.056650352698314,17
1572,55,29,63,13,5.056066807562624,16
1573,41,12,100,5,5.053152406265393,7
1574,30,23,37,9,5.052445856918077,14
1575,28,13,27,4,5.05119454239968,9
1576,41,16,54,7,5.050675357262788,9
1577,94,15,65,7,5.044352620567006,8
1578,37,61,104,25,5.041376355525095,36
1579,65,12,52,4,5.0369958566437525,8
1580,20,24,41,11,5.031440077185285,13
1581,34,13,67,7,5.0180079008676195,6
1582,62,10,102,4,5.009911866705755,6
1583,74,12,41,6,5.00781552916323,6
1584,93,26,5,10,5.004460526821323,16
1585,7,41,106,20,5.003800212982272,21
1586,74,15,71,7,4.993812181109021,8
1587,114,15,81,7,4.993414377265688,8
1588,50,23,31,10,4.99199978599778,13
1589,7,30,47,12,4.980252625346256,18
1590,55,47,11,18,4.9717973953487915,29
1591,87,51,50,23,4.967922603770783,28
1592,41,42,68,18,4.9651675063741685,24
1593,40,49,107,19,4.964616090179718,30
1594,109,16,38,6,4.964461961570972,10
1595,96,23,90,9,4.963939687748078,14
1596,16,103,7,45,4.951928398872167,58
1597,56,19,68,9,4.94813216675333,10
1598,51,15,6,6,4.9453303449739225,9
1599,93,27,28,10,4.941127481170006,17
1600,114,22,9,7,4.931319071415342,15
1601,9,19,38,8,4.930493889785887,11
1602,86,40,36,17,4.927433251240005,23
1603,74,56,106,24,4.924754963776778,32
1604,54,12,108,4,4.909695920764135,8
1605,38,12,28,6,4.907164394244691,6
1606,60,15,66,5,4.904241113833256,10
1607,23,14,104,5,4.897799558060741,9
1608,69,11,95,4,4.882909765417961,7
1609,16,49,37,21,4.875150740770066,28
1610,37,54,106,25,4.865641247327302,29
1611,5,10,89,3,4.86246564090175,7
1612,87,45,20,20,4.861780392772673,25
1613,15,21,104,9,4.861598666210975,12
1614,52,12,107,4,4.861262849981809,8
1615,60,10,79,4,4.860077671823909,6
1616,97,12,32,5,4.851459349576839,7
1617,39,17,83,7,4.845386042652696,10
1618,83,20,64,9,4.840996077098241,11
1619,16,48,100,20,4.840380470926851,28
1620,39,28,38,12,4.840157107076872,16
1621,18,41,75,18,4.835583954062303,23
1622,87,15,52,7,4.832747531124254,8
1623,8,15,67,6,4.831909846155583,9
1624,41,13,90,6,4.828201040811693,7
1625,16,26,79,11,4.825490262441231,15
1626,31,19,25,9,4.823839301099763,10
1627,14,15,54,5,4.820525855929132,10
1628,107,26,69,11,4.8204696774136995,15
1629,74,11,85,5,4.812388004493803,6
1630,6,12,106,5,4.810944704219048,7
1631,2,25,106,11,4.808494527305082,14
1632,86,52,75,24,4.805403000855688,28
1633,96,13,108,6,4.805162668071275,7
1634,75,44,88,18,4.804702938088107,26
1635,16,11,56,4,4.8021414027227,7
1636,75,22,96,7,4.801381492311931,15
1637,68,16,6,6,4.799676836342988,10
1638,111,11,25,5,4.797175922879397,6
1639,52,13,20,5,4.795236183864801,8
1640,9,17,1,9,4.794059502939978,8
1641,76,10,69,3,4.789214229857037,7
1642,97,24,76,11,4.789197045000655,13
1643,76,33,5,14,4.788314400539968,19
1644,9,12,5,5,4.777710715122403,7
1645,90,13,70,6,4.771084444295362,7
1646,12,15,31,7,4.770632464521183,8
1647,6,16,27,7,4.762765446713923,9
1648,64,31,41,12,4.758473174288668,19
1649,93,16,50,6,4.755526241513054,10
1650,90,30,5,12,4.752640516818983,18
1651,25,16,77,7,4.745845616411638,9
1652,97,11,3,4,4.740273088979023,7
1653,107,25,47,11,4.7386499699721325,14
1654,41,19,43,8,4.736368280693505,11
1655,6,11,46,5,4.730994669309113,6
1656,15,14,75,5,4.729161606780822,9
1657,47,20,86,8,4.725074652339407,12
1658,65,24,76,9,4.724228966633898,15
1659,8,18,98,7,4.722909210715612,11
1660,28,37,18,17,4.710953949587104,20
1661,43,16,71,8,4.70977023229907,8
1662,20,23,46,8,4.708713070266485,15
1663,13,34,8,14,4.706266615232346,20
1664,11,14,80,6,4.704407754517106,8
1665,13,34,1,13,4.702199298952772,21
1666,55,45,60,20,4.699539635247214,25
1667,51,13,58,6,4.6987757235739265,7
1668,16,60,68,23,4.69433729993708,37
1669,86,60,46,23,4.689511214815467,37
1670,97,10,62,4,4.689387738532959,6
1671,71,16,5,7,4.686451238703377,9
1672,77,22,18,8,4.676567510317278,14
1673,13,48,64,23,4.67021662986664,25
1674,55,14,98,5,4.662824671110214,9
1675,1,16,94,8,4.659339262334037,8
1676,13,81,107,36,4.657574426124306,45
1677,29,33,87,13,4.657425005761624,20
1678,25,15,47,7,4.655390231832646,8
1679,29,19,15,8,4.6528204301865035,11
1680,27,15,25,7,4.649655011418165,8
1681,63,39,96,15,4.649023449526137,24
1682,6,21,16,10,4.642825718029857,11
1683,73,14,13,6,4.642713338622983,8
1684,51,34,109,12,4.63956002142287,22
1685,73,19,109,8,4.637139105733967,11
1686,60,22,25,10,4.636282806493916,12
1687,106,15,110,7,4.633960085739299,8
1688,100,46,51,23,4.631329506634819,23
1689,58,13,63,7,4.62886931152221,6
1690,55,59,65,26,4.619849927936208,33
1691,104,45,51,17,4.619321545096768,28
1692,30,14,108,6,4.615023887291243,8
1693,107,46,9,21,4.60932354627833,25
1694,37,72,86,32,4.607837359690983,40
1695,88,10,66,4,4.60434245546846,6
1696,7,35,3,14,4.603775118928216,21
1697,23,11,30,5,4.601908928188203,6
1698,77,13,95,6,4.60149322445291,7
1699,50,32,96,14,4.592653394244439,18
1700,28,25,71,10,4.584215619303489,15
1701,9,46,86,19,4.58270485457889,27
1702,11,14,78,7,4.582507325889201,7
1703,99,16,65,7,4.579704538683142,9
1704,65,79,107,34,4.5761519228992436,45
1705,7,23,58,11,4.575034525669344,12
1706,64,23,8,9,4.574636637191156,14
1707,16,97,65,41,4.574570009897176,56
1708,99,14,95,6,4.572737764013027,8
1709,99,16,104,8,4.5627492392393,8
1710,43,18,5,8,4.5592775438308895,10
1711,70,15,23,7,4.554568026577778,8
1712,85,14,16,5,4.553008304246549,9
1713,83,15,46,7,4.551826612706301,8
1714,99,18,15,7,4.551461310618723,11
1715,28,16,85,7,4.545964613502572,9
1716,69,14,20,6,4.540641418164428,8
1717,8,24,102,11,4.537070383836359,13
1718,106,23,75,11,4.532198108241345,12
1719,50,71,28,30,4.530365152854881,41
1720,13,18,48,8,4.529838045170983,10
1721,37,43,55,20,4.516821858156878,23
1722,28,16,29,7,4.513248021932702,9
1723,80,10,69,5,4.508733977407145,5
1724,87,24,97,9,4.5078366784517385,15
1725,75,20,112,8,4.4989690721071325,12
1726,7,97,88,43,4.494661432270667,54
1727,93,15,37,6,4.493445665639034,9
1728,65,50,40,22,4.488092661947342,28
1729,7,46,64,21,4.481240056988839,25
1730,56,12,8,5,4.475636615156396,7
1731,95,33,107,15,4.475609109265348,18
1732,96,31,25,14,4.4728328775528,17
1733,11,75,86,33,4.469304506132978,42
1734,91,10,57,5,4.468260927215541,5
1735,37,18,32,8,4.466542082918521,10
1736,3,15,50,7,4.464463620895282,8
1737,77,11,97,4,4.4549011553839994,7
1738,50,12,73,4,4.454782630059153,8
1739,95,44,16,20,4.453378575583387,24
1740,6,12,12,6,4.448996636056325,6
1741,2,42,50,18,4.448957186147168,24
1742,95,15,109,6,4.444131433700797,9
1743,78,24,107,10,4.443201023623075,14
1744,65,24,3,10,4.442479320591085,14
1745,86,36,112,15,4.4393801819273335,21
1746,29,29,107,10,4.437809104727427,19
1747,100,17,17,6,4.4319100299484715,11
1748,108,17,27,7,4.430289870166569,10
1749,23,14,20,6,4.42777867543601,8
1750,75,40,39,19,4.421810426771486,21
1751,99,30,13,13,4.420966828834258,17
1752,7,64,53,28,4.416213736910661,36
1753,27,42,51,17,4.4150141977352595,25
1754,71,14,108,6,4.402422140240549,8
1755,28,32,102,14,4.400334973714718,18
1756,64,29,63,13,4.394960955961679,16
1757,111,20,86,8,4.3910837466552355,12
1758,19,16,20,7,4.384623705732578,9
1759,90,18,17,9,4.380128430106854,9
1760,87,33,25,15,4.379098196808542,18
1761,55,24,9,10,4.371040618945099,14
1762,55,13,58,6,4.369004483506264,7
1763,40,23,23,10,4.368423326803309,13
1764,74,15,9,6,4.367415226980942,9
1765,34,14,76,7,4.363321569898438,7
1766,16,40,17,15,4.363027049067973,25
1767,87,31,49,15,4.362528458898391,16
1768,95,20,23,9,4.3618962627692595,11
1769,64,31,71,12,4.35947313780117,19
1770,87,43,3,19,4.355987637851176,24
1771,64,16,100,6,4.355062992024106,10
1772,12,22,68,9,4.34866599719826,13
1773,65,16,6,7,4.346168811124812,9
1774,70,29,65,11,4.343984179663613,18
1775,13,63,46,26,4.339512508845412,37
1776,60,12,22,5,4.334241842742782,7
1777,95,19,41,8,4.332143979792177,11
1778,100,18,55,9,4.328587312196289,9
1779,107,58,55,26,4.32719604708635,32
1780,4,22,40,10,4.316643149060896,12
1781,70,14,71,7,4.315612188206775,7
1782,97,23,17,10,4.3134285513049555,13
1783,17,19,20,8,4.3112321942034,11
1784,31,10,8,4,4.309099443279478,6
1785,50,10,52,5,4.308197298973349,5
1786,94,15,60,6,4.306950975679676,9
1787,16,42,71,17,4.305176391927468,25
1788,20,22,109,8,4.302333411252667,14
1789,106,27,53,13,4.302319600135898,14
1790,25,28,54,12,4.300413553073274,16
1791,20,21,44,9,4.299103845073809,12
1792,13,12,35,5,4.29516454019383,7
1793,104,16,69,6,4.289368537470419,10
1794,27,23,63,11,4.289163553275444,12
1795,94,10,75,4,4.270847566636737,6
1796,65,46,9,19,4.265691800988978,27
1797,91,30,107,12,4.264126621091653,18
1798,51,15,38,6,4.261652425824847,9
1799,104,17,80,8,4.256665633473226,9
1800,76,14,29,7,4.255674840210347,7
1801,16,27,47,12,4.247160246064734,15
1802,49,15,62,6,4.244999731944826,9
1803,88,15,74,5,4.244509847633764,10
1804,106,14,34,7,4.243674039664675,7
1805,19,19,86,8,4.237673520110305,11
1806,78,34,57,16,4.2373087828977924,18
1807,109,10,47,4,4.236742850593238,6
1808,17,15,43,7,4.236669826180697,8
1809,27,14,50,5,4.2350101393347614,9
1810,23,12,48,5,4.227938531173128,7
1811,71,11,44,5,4.223524348839462,6
1812,4,19,18,8,4.220670692754494,11
1813,87,21,31,10,4.220659397575877,11
1814,100,19,62,9,4.2143404386175405,10
1815,90,28,87,12,4.209781806456323,16
1816,54,52,51,23,4.2083820261408835,29
1817,65,56,36,24,4.205692860728479,32
1818,55,22,4,10,4.20328253931047,12
1819,15,11,40,5,4.201647176656486,6
1820,9,14,57,6,4.20121561808404,8
1821,108,18,74,7,4.201041319943183,11
1822,55,14,94,6,4.199473309410017,8
1823,13,70,40,31,4.18989591600041,39
1824,94,18,54,8,4.188296451426149,10
1825,30,13,109,5,4.185496549607356,8
1826,23,27,25,12,4.182190113226028,15
1827,43,33,7,13,4.178253566474209,20
1828,86,56,104,25,4.1774789150948575,31
1829,16,34,84,15,4.177116652788804,19
1830,83,40,5,19,4.163709904424501,21
1831,28,60,84,26,4.150279635735803,34
1832,99,12,17,5,4.14837583337694,7
1833,114,30,39,14,4.148083234430642,16
1834,84,18,76,8,4.146116027740745,10
1835,20,13,73,5,4.146065391689569,8
1836,13,28,77,12,4.1425538330063505,16
1837,53,47,71,20,4.141303557057986,27
1838,88,53,9,23,4.139791770697589,30
1839,77,18,88,8,4.138723345512823,10
1840,71,11,20,4,4.13643055739397,7
1841,7,51,27,23,4.136091254496649,28
1842,49,19,9,9,4.13427318738577,10
1843,112,16,94,6,4.1306598471384035,10
1844,45,22,65,11,4.1259231703887,11
1845,3,12,46,6,4.120061864952646,6
1846,7,12,2,5,4.115660194227726,7
1847,57,28,39,13,4.112346188716783,15
1848,104,20,17,9,4.108592496563571,11
1849,97,30,63,13,4.107378727934806,17
1850,69,13,39,6,4.1036047611399535,7
1851,93,14,109,6,4.103558953267082,8
1852,83,20,93,9,4.100880722204593,11
1853,20,24,35,10,4.098728722002914,14
1854,15,25,107,9,4.092385856197937,16
1855,112,11,79,5,4.092088872238905,6
1856,36,11,19,5,4.088590218421688,6
1857,74,22,50,10,4.086243740312162,12
1858,16,103,107,40,4.081892238882274,63
1859,86,117,5,51,4.074944655375778,66
1860,11,12,34,6,4.072817944161177,6
1861,7,68,31,30,4.069172309295859,38
1862,20,12,38,4,4.067291998076464,8
1863,43,10,95,4,4.063398320607949,6
1864,38,13,80,5,4.058220808984366,8
1865,14,10,20,4,4.051966837258039,6
1866,32,10,40,5,4.050021677419869,5
1867,23,43,88,17,4.047882049914368,26
1868,7,21,50,10,4.045740478776832,11
1869,98,26,76,11,4.039201436166646,15
1870,1,10,43,5,4.038976715758721,5
1871,47,21,27,9,4.038801947351482,12
1872,88,63,68,27,4.034997058729361,36
1873,77,13,64,7,4.031037841312949,6
1874,71,13,47,6,4.030916530509353,7
1875,17,13,77,6,4.019137969261598,7
1876,39,21,96,8,4.016816457185763,13
1877,39,49,53,21,4.016611432547999,28
1878,57,13,43,4,4.014884834582829,9
1879,8,20,110,8,4.013172679497404,12
1880,64,20,23,9,4.011342022315559,11
1881,55,36,54,17,4.011039158800403,19
1882,66,12,31,5,4.008754872558654,7
1883,30,33,71,15,4.006253796204616,18
1884,31,16,112,6,4.001730552260451,10
1885,60,18,97,9,3.9792005525226366,9
1886,84,16,19,7,3.97722373483422,9
1887,96,12,14,5,3.975747798085754,7
1888,11,16,79,8,3.9747234089980883,8
1889,87,98,107,43,3.97185096833505,55
1890,74,24,93,11,3.9601017688790825,13
1891,30,13,35,6,3.9583115712431316,7
1892,65,34,17,13,3.9540701507148905,21
1893,72,15,87,7,3.9476714831248376,8
1894,6,11,40,5,3.9442678680230823,6
1895,3,11,93,6,3.9394735942906975,5
1896,80,10,97,4,3.9365866928471034,6
1897,97,35,16,16,3.9340820840887147,19
1898,57,11,50,4,3.9290278222481443,7
1899,109,20,34,9,3.9288794114930057,11
1900,49,16,23,7,3.928181141634684,9
1901,102,12,83,5,3.925479234058231,7
1902,85,15,20,7,3.9254254916442872,8
1903,54,12,12,6,3.924962601498122,6
1904,60,70,16,31,3.9249137643675147,39
1905,5,28,2,12,3.923277825320168,16
1906,37,38,70,16,3.9227382855891664,22
1907,89,13,86,7,3.91749283769541,6
1908,79,13,54,5,3.90846253808764,8
1909,64,11,90,5,3.90210878186129,6
1910,102,26,37,11,3.9015784283610255,15
1911,102,15,91,7,3.9012134006248127,8
1912,28,23,57,10,3.897117570901977,13
1913,30,17,38,6,3.8932796799126637,11
1914,28,27,17,12,3.885054779321747,15
1915,87,25,47,11,3.87464028000046,14
1916,68,17,109,6,3.8661451047117263,11
1917,41,25,114,12,3.854494902198664,13
1918,65,34,111,14,3.8475275648066685,20
1919,18,23,31,11,3.843025830767866,12
1920,15,28,65,12,3.8402623673408756,16
1921,20,26,7,12,3.839940256500117,14
1922,38,13,46,5,3.833859769343221,8
1923,7,44,55,18,3.8332053851440007,26
1924,43,13,8,6,3.832590073745516,7
1925,91,26,13,12,3.831748260733109,14
1926,85,14,51,7,3.8310675840112247,7
1927,87,39,104,19,3.830411918723488,20
1928,70,30,51,14,3.8297117807076555,16
1929,4,11,3,5,3.825046392091852,6
1930,44,14,64,6,3.8242226428845654,8
1931,15,37,16,18,3.8227190203679067,19
1932,5,28,91,11,3.8146250930665166,17
1933,110,16,5,7,3.8138584796050923,9
1934,64,17,3,7,3.801459101897862,10
1935,8,18,49,9,3.798689704722046,9
1936,80,13,60,6,3.7883602235098173,7
1937,94,12,37,5,3.788108137633396,7
1938,7,10,93,5,3.7802315490169653,5
1939,107,48,23,22,3.7778307981128205,26
1940,104,13,92,7,3.7768187223532306,6
1941,63,19,4,8,3.775833657808686,11
1942,100,53,107,26,3.7613098367839606,27
1943,41,21,76,11,3.7501063090537037,10
1944,35,17,43,8,3.749011557971225,9
1945,88,52,104,22,3.7489004082532587,30
1946,53,42,40,19,3.7429391558119995,23
1947,15,31,7,16,3.741081293807926,15
1948,46,52,54,23,3.7381660486484787,29
1949,1,13,4,5,3.736039087851971,8
1950,86,65,25,30,3.735239092039536,35
1951,89,14,60,7,3.7237634526579124,7
1952,20,64,54,31,3.7237387131550506,33
1953,11,42,88,18,3.7150827621608284,24
1954,15,21,5,8,3.714734226349825,13
1955,88,11,103,5,3.709809891013967,6
1956,65,16,14,8,3.7073397651844364,8
1957,107,35,38,15,3.6995303509541118,20
1958,16,115,51,53,3.699310614911363,62
1959,41,33,27,14,3.697703684367586,19
1960,23,19,28,9,3.6970356039584393,10
1961,16,121,86,52,3.688449218225496,69
1962,68,12,102,5,3.6809870972705725,7
1963,34,19,55,9,3.680955248563573,10
1964,80,25,87,11,3.671802865102301,14
1965,88,32,18,15,3.671365875253385,17
1966,108,26,51,12,3.669690549423147,14
1967,34,26,16,11,3.668692609157282,15
1968,39,24,31,10,3.6610558433956157,14
1969,90,10,71,5,3.6561036030201253,5
1970,107,21,32,10,3.6546977761524686,11
1971,109,15,9,8,3.6538651478462696,7
1972,17,11,18,6,3.651905683853181,5
1973,16,35,43,14,3.6512316133861304,21
1974,14,10,70,5,3.647042134114848,5
1975,43,19,18,10,3.6267699505365183,9
1976,80,26,28,12,3.6230809501897743,14
1977,1,26,51,12,3.605286569389547,14
1978,91,19,18,8,3.601007419787661,11
1979,58,13,71,6,3.5901555481142546,7
1980,97,10,95,4,3.58943247133478,6
1981,72,14,15,7,3.5826344350548713,7
1982,61,16,60,8,3.58082656290379,8
1983,20,50,28,22,3.578415489537416,28
1984,16,22,38,8,3.5724883088865464,14
1985,54,19,72,8,3.570783272212804,11
1986,16,27,29,13,3.5681040419069068,14
1987,6,28,7,15,3.5631855242339143,13
1988,79,13,108,5,3.562523700236059,8
1989,11,36,54,16,3.5608789843396806,20
1990,64,11,33,4,3.5581108018586245,7
1991,28,19,36,9,3.5549996153541237,10
1992,30,13,4,6,3.554167963462701,7
1993,62,26,71,12,3.5527257568780746,14
1994,53,49,65,23,3.552341058928982,26
1995,51,46,46,20,3.5405198677265273,26
1996,40,65,36,28,3.5400829247343655,37
1997,44,15,7,7,3.5352660207554516,8
1998,93,17,25,8,3.5300397889756283,9
1999,8,38,104,17,3.50734140656749,21
2000,49,10,33,4,3.5057518320537766,6
2001,74,16,23,7,3.505315761927058,9
2002,37,13,108,6,3.501919723771849,7
2003,49,18,63,8,3.500149915800845,10
2004,50,26,9,11,3.4989626487903873,15
2005,97,36,114,16,3.4948097299506915,20
2006,60,25,95,11,3.491189705369488,14
2007,62,13,36,6,3.489528327052378,7
2008,54,11,103,4,3.4875703394156505,7
2009,36,30,51,14,3.4874600225025074,16
2010,12,18,71,8,3.487442945948432,10
2011,25,20,70,9,3.484518115943736,11
2012,55,16,18,8,3.4810467173744706,8
2013,96,57,54,28,3.4766133859583515,29
2014,63,24,112,11,3.4717385481642515,13
2015,9,16,100,6,3.4704383156376557,10
2016,74,60,5,28,3.469996146708342,32
2017,83,31,8,15,3.465429893631149,16
2018,103,11,51,5,3.4619034104805064,6
2019,85,12,12,5,3.4594510759016344,7
2020,106,49,51,22,3.457607975311814,27
2021,33,23,5,11,3.454327509177194,12
2022,37,21,23,10,3.453043705748743,11
2023,95,37,87,17,3.4486313771107997,20
2024,76,28,55,11,3.4438952481653065,17
2025,11,10,112,4,3.4429010642700106,6
2026,60,58,40,26,3.4423663485116363,32
2027,102,31,25,14,3.4382241991917164,17
2028,72,27,16,12,3.4359446847969974,15
2029,11,13,19,5,3.430268804075577,8
2030,4,12,37,5,3.421871703775507,7
2031,15,28,19,13,3.421465764817038,15
2032,76,18,102,8,3.4198869282915814,10
2033,11,12,97,6,3.419346386793516,6
2034,17,11,36,6,3.4172736451567545,5
2035,71,26,87,12,3.411373843173223,14
2036,104,26,98,14,3.4091853213510754,12
2037,97,34,65,15,3.4017573029180164,19
2038,55,29,84,13,3.40123055779696,16
2039,43,28,88,12,3.39798547482041,16
2040,4,13,28,6,3.3940824912486867,7
2041,55,50,5,22,3.393419962444802,28
2042,88,28,69,12,3.392581137934279,16
2043,13,26,112,13,3.392352489097591,13
2044,73,10,104,4,3.391491099464731,6
2045,16,20,45,8,3.387101414429135,12
2046,86,32,62,15,3.385910817077394,17
2047,65,29,69,13,3.385901307322931,16
2048,36,28,55,13,3.383336577257353,15
2049,73,15,98,7,3.380055365181917,8
2050,100,13,44,6,3.3720452657314226,7
2051,51,55,60,22,3.3720405945468563,33
2052,109,23,102,10,3.367967756914995,13
2053,40,17,20,7,3.3649339637959645,10
2054,54,25,97,12,3.3648153427656755,13
2055,78,25,68,11,3.3639430573449496,14
2056,14,23,8,10,3.3634201583462158,13
2057,14,17,106,7,3.360059412826609,10
2058,86,13,113,5,3.3593996912401924,8
2059,100,22,78,10,3.355497910497059,12
2060,88,30,70,13,3.3524090493184278,17
2061,83,10,20,5,3.3478898251644025,5
2062,40,15,91,7,3.345577169162442,8
2063,13,72,55,33,3.344244186918448,39
2064,75,13,33,5,3.342736023465548,8
2065,54,20,98,9,3.3414082574982986,11
2066,64,34,39,15,3.3410123522098636,19
2067,68,13,5,6,3.3380294056441144,7
2068,41,19,50,8,3.331657114556134,11
2069,104,32,54,15,3.328617374285995,17
2070,86,111,87,54,3.3256274537408754,57
2071,98,14,97,7,3.3185319117606187,7
2072,30,21,18,10,3.316712750453976,11
2073,97,16,84,6,3.316428205809935,10
2074,100,32,39,15,3.31623018392896,17
2075,60,31,75,14,3.3139158628036856,17
2076,30,31,54,14,3.3088577106148045,17
2077,114,21,64,9,3.3046667254482847,12
2078,28,29,48,13,3.3030143286202387,16
2079,104,60,5,28,3.3007473735225052,32
2080,23,36,87,15,3.299045225591567,21
2081,8,52,11,23,3.297278972001176,29
2082,100,20,74,9,3.2929107546249483,11
2083,11,14,69,5,3.2920409527820227,9
2084,100,10,69,5,3.289341908459268,5
2085,90,25,60,10,3.288918313106561,15
2086,108,10,38,4,3.2810871215401916,6
2087,60,49,86,22,3.275471722293173,27
2088,114,13,67,6,3.2746706512348434,7
2089,2,23,87,10,3.2660250421058743,13
2090,54,21,49,10,3.265861205640736,11
2091,28,56,54,25,3.2622780281799852,31
2092,18,56,53,26,3.2615252410170665,30
2093,76,14,95,6,3.2576515088397957,8
2094,7,24,74,9,3.257493143792888,15
2095,114,47,25,20,3.2540864225169766,27
2096,107,38,64,18,3.2526423716483417,20
2097,7,19,30,10,3.2523104824501634,9
2098,23,12,81,5,3.240703587077002,7
2099,99,25,60,11,3.2381944591027096,14
2100,107,49,36,23,3.234838704648264,26
2101,16,18,35,7,3.2305329948687067,11
2102,80,14,68,6,3.230403837276107,8
2103,8,46,51,21,3.2258849231912943,25
2104,4,21,16,11,3.2239938149007976,10
2105,23,55,7,25,3.2229283053761675,30
2106,55,39,28,16,3.2184704312839787,23
2107,17,16,74,7,3.211770551027832,9
2108,50,19,97,8,3.210625734622642,11
2109,60,47,31,24,3.2094707274879264,23
2110,56,12,97,6,3.2085312435870676,6
2111,106,28,17,11,3.2039846830051117,17
2112,7,93,86,40,3.2025353891099297,53
2113,36,41,39,18,3.1998605067578225,23
2114,88,61,5,29,3.1946532218196624,32
2115,8,52,65,24,3.1883944982921593,28
2116,37,54,50,26,3.188335276013606,28
2117,94,24,87,11,3.187308693752835,13
2118,72,14,112,7,3.1870232902757882,7
2119,13,93,51,44,3.184527720933745,49
2120,74,12,30,6,3.175828716417199,6
2121,106,25,60,10,3.171261503808182,15
2122,110,16,86,7,3.1694821197260503,9
2123,90,14,74,5,3.1680613510289204,9
2124,107,28,112,13,3.163061851005342,15
2125,86,21,82,9,3.1586560919846263,12
2126,104,51,7,23,3.158219418007504,28
2127,75,23,23,12,3.1487336010920157,11
2128,112,12,45,6,3.1460936650177542,6
2129,23,48,65,23,3.1380450881841524,25
2130,19,20,69,9,3.129206711036114,11
2131,57,10,48,4,3.126183126207407,6
2132,13,116,7,53,3.122778568679997,63
2133,36,11,80,5,3.115857421175661,6
2134,25,25,17,11,3.1106502600539105,14
2135,50,24,4,12,3.110559237136959,12
2136,43,10,72,5,3.1071314487034227,5
2137,63,91,86,38,3.106277287763664,53
2138,27,55,68,25,3.1057205044268112,30
2139,38,14,18,7,3.1041681623448034,7
2140,109,25,106,12,3.1028448270841773,13
2141,92,15,60,6,3.101629065738582,9
2142,74,13,27,7,3.1002755903304404,6
2143,99,14,68,6,3.1001036150844663,8
2144,64,10,91,4,3.0993479020870796,6
2145,114,38,51,19,3.089797874684742,19
2146,107,59,37,27,3.0878586600356255,32
2147,45,14,87,6,3.0862202973256596,8
2148,74,40,63,19,3.0803940829456544,21
2149,109,28,84,12,3.073799704825316,16
2150,75,30,25,13,3.069551733540898,17
2151,60,40,114,22,3.0670908685799034,18
2152,71,18,25,8,3.0644100067848146,10
2153,48,14,55,6,3.06362691776684,8
2154,71,42,86,20,3.060669361739169,22
2155,38,13,96,6,3.0422152322461717,7
2156,25,39,65,16,3.0368934823131175,23
2157,27,12,99,6,3.0280763102634354,6
2158,81,18,18,8,3.0168691904177813,10
2159,49,13,29,6,3.0167276558140452,7
2160,71,36,39,16,3.0138682175368987,20
2161,20,47,37,22,3.004985214474966,25
2162,96,14,34,6,3.0017630147825622,8
2163,4,11,69,5,2.999484176661719,6
2164,34,21,27,10,2.9986530836565777,11
2165,19,16,57,7,2.9980336512531554,9
2166,46,13,1,7,2.97710684527845,6
2167,84,36,106,18,2.9754739608250116,18
2168,49,16,64,8,2.974435618509845,8
2169,36,32,4,13,2.9739066740354185,19
2170,64,16,17,8,2.9719040312463623,8
2171,2,21,37,10,2.9697580112694486,11
2172,28,14,78,7,2.9690904453024123,7
2173,47,11,53,5,2.9672181618537916,6
2174,25,18,57,8,2.964934950553875,10
2175,80,19,7,8,2.963591688050413,11
2176,114,23,46,10,2.9631435316072405,13
2177,80,16,8,8,2.9519293865537115,8
2178,18,20,65,10,2.9468351166959534,10
2179,27,10,38,4,2.9451355941814845,6
2180,28,57,65,25,2.9366188041670434,32
2181,36,20,87,8,2.935573250897663,12
2182,74,82,86,39,2.921287780715151,43
2183,102,19,106,10,2.9207255392565097,9
2184,25,12,108,5,2.9132670669268244,7
2185,3,35,68,15,2.909677159948378,20
2186,91,19,37,9,2.9050960547005245,10
2187,78,18,3,9,2.9047794476132527,9
2188,114,15,49,8,2.9041454192281644,7
2189,88,73,107,32,2.899770757279351,41
2190,44,10,70,5,2.8975248911261433,5
2191,94,12,88,5,2.8937587203524053,7
2192,75,24,74,10,2.8903655619324433,14
2193,69,20,43,9,2.88344354862395,11
2194,16,78,8,35,2.8754841730414893,43
2195,57,12,53,6,2.8739584447786424,6
2196,46,23,63,12,2.867241869896345,11
2197,13,73,60,31,2.8660619635572937,42
2198,51,18,99,9,2.853477797374065,9
2199,73,16,96,7,2.8534303980093814,9
2200,97,13,33,6,2.8486496222061595,7
2201,28,13,44,7,2.8461398630992765,6
2202,51,27,43,13,2.845756036190168,14
2203,46,24,76,11,2.8453201116747953,13
2204,86,63,39,31,2.8413131778189764,32
2205,107,51,106,24,2.8408623146416327,27
2206,104,33,74,14,2.8329598216365466,19
2207,53,23,81,10,2.832269045840245,13
2208,40,14,109,6,2.8243745319718676,8
2209,18,13,71,6,2.821320109059578,7
2210,64,13,47,5,2.8212403790572256,8
2211,39,12,98,5,2.8139572577793732,7
2212,16,32,80,14,2.812380168004336,18
2213,1,32,36,16,2.8095303452930684,16
2214,99,15,41,7,2.8081672918617278,8
2215,106,14,112,7,2.805082024542767,7
2216,41,15,29,7,2.804326475349553,8
2217,55,13,78,5,2.800628091089658,8
2218,50,20,109,9,2.7980846162026616,11
2219,7,26,1,12,2.7932054952385035,14
2220,100,13,36,6,2.7923934619121087,7
2221,70,12,102,7,2.7906887378625402,5
2222,9,15,97,8,2.7891659901703596,7
2223,12,16,100,6,2.7868623761318645,10
2224,28,31,91,14,2.785819668061851,17
2225,86,87,84,43,2.7811330297923607,44
2226,5,11,10,6,2.7716738654503197,5
2227,38,11,40,6,2.7715520430648577,5
2228,5,17,77,8,2.765837567194589,9
2229,86,99,28,44,2.7627265154997587,55
2230,87,39,84,18,2.761245376421255,21
2231,39,50,55,22,2.7557845118576987,28
2232,97,34,96,17,2.7556888339056806,17
2233,87,60,88,30,2.7551951303481275,30
2234,70,14,43,6,2.753352748891417,8
2235,51,14,92,7,2.747963640048807,7
2236,81,12,65,5,2.7457129785154795,7
2237,71,24,51,11,2.7455734518808694,13
2238,9,13,29,6,2.741989319929604,7
2239,112,12,8,6,2.740736306324458,6
2240,97,22,104,11,2.7396377781056174,11
2241,99,12,63,6,2.7377253409939364,6
2242,65,50,106,23,2.735321183024918,27
2243,75,12,34,6,2.7327928404854553,6
2244,63,14,94,6,2.7314736551968393,8
2245,44,16,88,8,2.7255415222047024,8
2246,55,53,88,22,2.721264805593774,31
2247,104,31,70,14,2.720810924975006,17
2248,95,11,80,5,2.7197438471090796,6
2249,49,16,70,8,2.713121422106841,8
2250,41,50,107,21,2.7130435159152007,29
2251,27,25,30,11,2.694679438802093,14
2252,65,40,71,17,2.686780335165667,23
2253,8,25,48,11,2.6857985301597798,14
2254,39,25,5,12,2.679132217269287,13
2255,16,51,27,23,2.674182040583834,28
2256,25,17,44,8,2.673535476281759,9
2257,95,18,75,8,2.672802736686619,10
2258,114,25,74,12,2.666972342657447,13
2259,97,26,46,12,2.665342497244282,14
2260,74,13,91,6,2.658254293210725,7
2261,17,49,51,24,2.655147868092684,25
2262,78,23,63,11,2.6544312226242797,12
2263,92,29,88,13,2.6541256559252315,16
2264,65,45,12,22,2.6534043999114836,23
2265,57,13,36,5,2.6531160901053807,8
2266,30,24,8,11,2.6514132136935467,13
2267,16,60,5,25,2.6435184456824317,35
2268,88,17,6,8,2.6434018871915526,9
2269,33,14,95,6,2.641545389608455,8
2270,11,17,17,8,2.63850353139516,9
2271,110,13,54,6,2.63588490299345,7
2272,17,30,39,13,2.6347382750427313,17
2273,91,36,86,17,2.627461430980282,19
2274,9,33,63,15,2.625748491333965,18
2275,39,10,89,4,2.6189716831037586,6
2276,7,107,68,49,2.615642976840099,58
2277,75,28,64,13,2.6143964254367047,15
2278,76,13,2,5,2.6134640032331116,8
2279,75,15,108,7,2.6118802978166835,8
2280,40,29,1,13,2.608102727316189,16
2281,29,15,8,6,2.6026147927178713,9
2282,72,10,66,5,2.6022001256645595,5
2283,85,25,107,12,2.601380149286502,13
2284,36,23,91,10,2.600483205457648,13
2285,1,10,109,5,2.5929606771402254,5
2286,86,33,18,14,2.5923706641316473,19
2287,87,28,69,12,2.5854797789104245,16
2288,77,17,87,8,2.5836386226020815,9
2289,69,14,71,7,2.5823526075537777,7
2290,49,34,86,17,2.5774715824718837,17
2291,1,15,17,7,2.5752502333351277,8
2292,29,18,38,8,2.5695121914050656,10
2293,50,50,107,24,2.5656690703128167,26
2294,9,11,23,5,2.5650998994582817,6
2295,83,10,63,6,2.557624644664858,4
2296,86,14,14,7,2.5565201304900333,7
2297,73,19,1,8,2.55342910039073,11
2298,44,14,76,6,2.5504141931433355,8
2299,7,74,36,34,2.5493587507973596,40
2300,41,46,16,23,2.5491961367085363,23
2301,63,25,60,11,2.5472563824704055,14
2302,63,16,79,7,2.5383647167046712,9
2303,14,19,87,8,2.5382763363097096,11
2304,111,11,60,4,2.535604443502029,7
2305,39,50,60,24,2.5355246842136103,26
2306,69,15,94,7,2.5350277997352677,8
2307,20,20,95,9,2.532527406942274,11
2308,7,29,17,13,2.532089441361392,16
2309,87,34,109,15,2.5306439560658722,19
2310,44,15,107,7,2.530544567099409,8
2311,99,19,30,8,2.530388293684779,11
2312,36,33,9,15,2.5279240780374668,18
2313,39,18,4,8,2.5267698999647226,10
2314,80,34,54,17,2.5244394841569355,17
2315,3,19,49,9,2.5189627298191213,10
2316,28,19,19,8,2.518286906397448,11
2317,12,15,36,7,2.516319942513749,8
2318,75,43,55,18,2.5125301308500267,25
2319,60,26,28,14,2.50378394638272,12
2320,37,18,109,8,2.501013404341532,10
2321,18,11,111,5,2.4899108726358863,6
2322,104,68,16,31,2.4851326308920556,37
2323,76,15,62,7,2.4840168024368525,8
2324,100,14,76,7,2.479406113533566,7
2325,4,17,81,7,2.4678124777063273,10
2326,87,40,74,18,2.4671563114027473,22
2327,74,17,69,9,2.4664972820824542,8
2328,35,23,7,11,2.4646463019795064,12
2329,65,29,112,13,2.4552380652908354,16
2330,85,31,86,14,2.454611381980919,17
2331,103,11,29,6,2.4524419700491786,5
2332,34,22,13,10,2.4454259455433367,12
2333,32,10,50,6,2.444054190716271,4
2334,9,14,30,6,2.443448800104742,8
2335,96,31,88,15,2.4406464912019903,16
2336,55,39,106,17,2.438139246666604,22
2337,14,19,51,7,2.4338441230915158,12
2338,91,20,75,13,2.432369433261267,7
2339,1,35,88,17,2.425177290772468,18
2340,27,19,112,9,2.4231327280143264,10
2341,109,11,99,5,2.4195174025010595,6
2342,107,46,25,22,2.4187485647838765,24
2343,11,51,28,25,2.413251522359192,26
2344,65,11,92,5,2.4112859752548714,6
2345,8,33,93,16,2.4111455321691304,17
2346,9,18,69,8,2.405000245398061,10
2347,20,26,80,12,2.4033351571638564,14
2348,114,15,98,7,2.3992721750256902,8
2349,46,38,28,16,2.3990178798165633,22
2350,83,22,87,11,2.390357141943488,11
2351,111,12,8,6,2.390343846489095,6
2352,104,40,95,18,2.3890342183876085,22
2353,4,21,71,8,2.3871750117365993,13
2354,96,25,104,11,2.3866419839158346,14
2355,75,13,56,5,2.3840139649043497,8
2356,43,16,15,8,2.382857847491488,8
2357,8,23,17,11,2.3808090982416816,12
2358,100,18,27,9,2.3764297149881264,9
2359,71,40,107,17,2.3760609676092463,23
2360,51,33,69,14,2.37527882799611,19
2361,109,59,86,27,2.371509864097947,32
2362,8,55,96,25,2.371439357092425,30
2363,30,15,48,6,2.3702999073115167,9
2364,50,19,112,8,2.3689643473531756,11
2365,40,24,50,10,2.3671440474550507,14
2366,99,23,5,11,2.3616219022642833,12
2367,64,44,88,19,2.3590830036125556,25
2368,96,14,109,6,2.3566759619593642,8
2369,17,19,63,9,2.354124767732713,10
2370,4,36,31,15,2.3535355966794667,21
2371,104,19,3,9,2.3520715951524083,10
2372,87,57,54,25,2.351493536808367,32
2373,86,82,8,41,2.3514569329407684,41
2374,57,15,20,7,2.3477112943024236,8
2375,16,20,2,9,2.3446106684988552,11
2376,114,12,38,6,2.341526377437994,6
2377,6,13,50,6,2.3414923323310646,7
2378,29,16,86,7,2.3399676619619445,9
2379,25,28,53,14,2.3301510854690854,14
2380,109,51,5,25,2.3285813949081655,26
2381,50,23,64,11,2.3285304422785047,12
2382,104,21,102,11,2.320627297470276,10
2383,88,32,91,15,2.315767764685104,17
2384,109,18,48,9,2.306624480190798,9
2385,49,11,43,5,2.3034651796292938,6
2386,58,12,50,6,2.3033767529431137,6
2387,86,21,32,10,2.2989864902239003,11
2388,9,15,81,7,2.2974062849528156,8
2389,100,24,5,11,2.2932427434044684,13
2390,106,13,4,7,2.287883468044352,6
2391,63,38,114,15,2.2836807270192585,23
2392,68,21,49,10,2.281945785938521,11
2393,9,47,40,21,2.2806450266015683,26
2394,88,20,35,10,2.2787018333731495,10
2395,39,37,104,17,2.2780233564346495,20
2396,69,17,3,7,2.270448924026141,10
2397,61,10,31,5,2.2696136748473603,5
2398,28,66,96,31,2.267406944603933,35
2399,85,12,7,5,2.2672729351147445,7
2400,106,45,88,19,2.2639858690375614,26
2401,87,62,106,30,2.2622041017840115,32
2402,95,30,25,14,2.25397314365567,16
2403,51,20,29,10,2.2510492923769214,10
2404,88,38,4,18,2.2459217004175493,20
2405,100,27,7,12,2.2445382973019385,15
2406,70,10,27,5,2.243263258457552,5
2407,4,26,114,13,2.234564836857367,13
2408,18,14,20,6,2.2334528603958916,8
2409,62,12,1,5,2.2295391066336445,7
2410,90,16,25,7,2.2261576936837058,9
2411,88,11,33,6,2.22422094342155,5
2412,98,13,99,7,2.2212581677933785,6
2413,18,14,98,8,2.221147797140808,6
2414,93,12,51,6,2.2166321429168523,6
2415,107,12,72,6,2.2128381598013536,6
2416,8,84,55,42,2.2123521211081862,42
2417,5,50,96,22,2.2114271922507607,28
2418,54,30,114,15,2.211141526491363,15
2419,60,63,88,28,2.2053487740970454,35
2420,13,92,65,42,2.2015815546077877,50
2421,7,75,40,33,2.1957521283064803,42
2422,41,33,40,16,2.1935807772699496,17
2423,11,46,87,23,2.186798432360173,23
2424,31,10,54,5,2.186668926147148,5
2425,8,64,74,28,2.186622040651489,36
2426,63,26,70,12,2.1813121472430437,14
2427,84,16,93,8,2.173203038685072,8
2428,60,27,15,13,2.1718601667841333,14
2429,33,11,39,5,2.170155887452032,6
2430,86,75,54,36,2.1689438842347455,39
2431,23,13,53,6,2.1639220781507627,7
2432,15,23,54,12,2.1444739876665646,11
2433,80,14,64,7,2.1424879291036816,7
2434,102,22,74,10,2.1384304011801047,12
2435,30,22,19,11,2.138140280668559,11
2436,37,26,84,12,2.124049904647881,14
2437,7,62,9,31,2.12190310948229,31
2438,53,11,70,5,2.117480208536356,6
2439,65,38,37,19,2.116557677432621,19
2440,1,20,64,10,2.1164326209593654,10
2441,7,17,72,8,2.1143024060967655,9
2442,74,12,33,6,2.113811361820999,6
2443,12,11,38,5,2.110101843923071,6
2444,84,18,79,9,2.0988599029371873,9
2445,83,34,55,17,2.0962093979720215,17
2446,97,22,8,11,2.094799206270941,11
2447,17,12,91,5,2.0932516032559634,7
2448,13,18,62,9,2.0919053307034106,9
2449,88,55,28,25,2.0851563159512976,30
2450,44,14,51,5,2.084874228955972,9
2451,74,47,65,23,2.0847963525870914,24
2452,82,10,63,5,2.077975861296688,5
2453,20,34,51,18,2.0767207770724876,16
2454,41,11,103,5,2.07636260102812,6
2455,65,20,102,8,2.0644218186567165,12
2456,79,12,88,5,2.064245316960763,7
2457,86,45,90,20,2.0574221764428238,25
2458,65,31,80,15,2.0509198465423397,16
2459,8,10,72,4,2.048145306317589,6
2460,93,21,88,9,2.047097578055209,12
2461,83,13,50,7,2.034563553464953,6
2462,29,15,94,7,2.03386830561419,8
2463,109,18,65,7,2.0321022824018544,11
2464,55,11,79,5,2.0315889229013426,6
2465,91,14,114,7,2.0312426341433967,7
2466,57,29,51,14,2.030987639226967,15
2467,60,29,9,12,2.026686622824744,17
2468,32,11,13,5,2.026181507027534,6
2469,18,32,60,15,2.0244266182620256,17
2470,95,31,39,15,2.0237049528227313,16
2471,114,27,17,11,2.0211590753648707,16
2472,8,37,90,16,2.0194647820717804,21
2473,93,11,60,4,2.018629631632218,7
2474,69,14,37,7,2.015512849900141,7
2475,68,29,70,14,2.0151181581046385,15
2476,57,44,16,21,2.0097822485332375,23
2477,12,23,13,8,2.0096927199735104,15
2478,83,22,97,12,2.007636873207567,10
2479,16,87,28,40,2.003836691762287,47
2480,68,26,46,12,2.0015169846627185,14
2481,12,18,87,8,2.0012720031216946,10
2482,75,32,87,15,2.0004298974911783,17
2483,62,24,39,12,1.9971734801043943,12
2484,104,15,112,7,1.99393597279257,8
2485,13,38,50,18,1.9937674166002914,20
2486,60,20,38,10,1.990189103737265,10
2487,53,19,4,9,1.987694792892671,10
2488,28,38,25,16,1.9833898911599184,22
2489,7,20,11,9,1.9783496463256043,11
2490,95,28,53,11,1.9769373995573185,17
2491,64,15,15,8,1.9745380862871305,7
2492,16,49,70,22,1.9664047334731982,27
2493,57,22,46,10,1.9631857780739914,12
2494,11,28,65,12,1.9583032529052826,16
2495,50,11,35,5,1.9581460146246747,6
2496,78,12,71,6,1.95458083263832,6
2497,36,34,64,17,1.9485056781764598,17
2498,7,15,48,8,1.9478692265013036,7
2499,25,20,55,9,1.9429576796619945,11
2500,112,14,69,7,1.9415067419167833,7
2501,13,18,96,8,1.9406803869416944,10
2502,23,14,31,6,1.9392936999416424,8
2503,110,13,104,5,1.9388474450810558,8
2504,71,49,7,25,1.9387153694352777,24
2505,32,10,98,5,1.9380052263831626,5
2506,17,11,80,4,1.9331063026674833,7
2507,23,14,97,7,1.9330528734436567,7
2508,27,22,94,10,1.9293786349311224,12
2509,70,19,40,8,1.9276789997691202,11
2510,114,56,86,27,1.9239569797033826,29
2511,114,21,18,10,1.923577249757446,11
2512,53,43,64,20,1.921457820047301,23
2513,18,36,87,16,1.9196501953257676,20
2514,99,11,76,6,1.9173589523208343,5
2515,97,32,106,16,1.9159665785715099,16
2516,110,11,17,5,1.9155371371930665,6
2517,71,29,63,13,1.9151839795200705,16
2518,68,38,1,18,1.9099752765436664,20
2519,51,28,23,13,1.9066169824504657,15
2520,55,27,99,12,1.8950724021518552,15
2521,20,35,106,16,1.890590591428699,19
2522,25,23,64,11,1.8857238852847684,12
2523,2,41,8,20,1.8848654476169697,21
2524,15,34,86,16,1.8807109699533433,18
2525,87,30,64,15,1.880574512996562,15
2526,8,14,79,8,1.8787453444383122,6
2527,51,49,41,23,1.8775057050925423,26
2528,17,26,54,13,1.867393134138254,13
2529,37,95,5,46,1.8654288703425719,49
2530,43,21,114,11,1.8643335671695769,10
2531,85,11,112,5,1.861901124722568,6
2532,53,22,97,10,1.849246682219108,12
2533,114,30,20,14,1.8395405662544742,16
2534,84,38,96,19,1.8356486827006797,19
2535,28,54,109,24,1.8301464583611136,30
2536,74,29,13,14,1.8278354237299064,15
2537,106,11,3,5,1.8270221877820192,6
2538,43,38,60,18,1.8265005826707088,20
2539,44,13,114,6,1.8263733365516701,7
2540,41,44,39,19,1.8255908405074983,25
2541,3,19,43,8,1.8226162777405026,11
2542,64,16,108,8,1.8224151605655865,8
2543,102,13,99,6,1.8212893413036875,7
2544,71,11,109,5,1.8196417828202216,6
2545,49,20,77,8,1.814545880475325,12
2546,79,18,28,8,1.8130893193426152,10
2547,19,23,60,12,1.8128419885227378,11
2548,40,18,111,9,1.8104998545748818,9
2549,36,22,25,11,1.8071440138268557,11
2550,41,28,1,12,1.8063913789876538,16
2551,51,34,31,14,1.8036645224364214,20
2552,49,19,65,9,1.803592531416464,10
2553,19,11,17,6,1.8011329372202582,5
2554,27,25,43,12,1.7944884974052508,13
2555,87,16,6,8,1.786303676475521,8
2556,37,25,90,12,1.7816453937181782,13
2557,33,14,11,8,1.768399073594802,6
2558,88,11,110,6,1.7642228121429866,5
2559,39,41,28,20,1.757500254260703,21
2560,54,93,65,44,1.7538951192446712,49
2561,84,26,70,12,1.7530345342228948,14
2562,4,31,68,15,1.751066192618154,16
2563,72,13,78,7,1.7506462362909616,6
2564,7,17,29,10,1.7467705733456507,7
2565,86,13,61,6,1.7442789867829447,7
2566,60,33,36,16,1.7416473627060747,17
2567,18,11,6,5,1.7414584600944751,6
2568,78,10,109,5,1.7406613893547558,5
2569,36,37,88,16,1.7392851936744347,21
2570,106,38,96,17,1.7318320126651918,21
2571,70,19,75,10,1.7314858975507377,9
2572,51,75,107,32,1.7312362472820857,43
2573,32,13,68,5,1.731166259808923,8
2574,63,15,45,7,1.7260545689947924,8
2575,86,32,38,15,1.7164597494651737,17
2576,109,14,43,7,1.7129267358733018,7
2577,54,40,7,19,1.7088310244062668,21
2578,48,10,37,5,1.7035937503192145,5
2579,23,44,86,21,1.7030841833116428,23
2580,20,16,102,8,1.6989391239814933,8
2581,36,15,23,9,1.6972875274185721,6
2582,9,23,46,10,1.6945658865661515,13
2583,28,64,5,31,1.6933141899778523,33
2584,34,24,86,12,1.693239196868056,12
2585,51,29,12,14,1.6905713428532636,15
2586,11,28,74,13,1.690206932427624,15
2587,68,34,106,16,1.687950689096679,18
2588,3,15,77,8,1.6753092700246877,7
2589,45,28,31,13,1.6710870406691087,15
2590,85,16,17,7,1.6640468368595829,9
2591,37,47,74,23,1.6628163329711263,24
2592,19,14,77,7,1.6614418067558503,7
2593,36,23,68,11,1.6511686348202657,12
2594,81,18,3,8,1.6498464584175307,10
2595,86,35,57,16,1.6491843400767148,19
2596,13,52,27,25,1.642013374905236,27
2597,47,20,63,11,1.6356602263063749,9
2598,7,78,41,38,1.6316845641232849,40
2599,44,17,87,8,1.6239279411647842,9
2600,68,18,57,9,1.6190755944848347,9
2601,3,19,57,9,1.6165828247838823,10
2602,28,44,51,22,1.6126011664528537,22
2603,64,13,57,6,1.6089353924998575,7
2604,23,15,3,7,1.6013986021332862,8
2605,78,14,65,8,1.6003112940482058,6
2606,94,10,18,5,1.6001116131573032,5
2607,14,11,75,5,1.5947210222856318,6
2608,58,17,87,8,1.594565717152522,9
2609,107,113,86,53,1.5928381105330334,60
2610,2,15,25,8,1.5845186001024008,7
2611,111,48,68,24,1.5836198869360476,24
2612,55,22,90,12,1.578656952498874,10
2613,60,25,46,12,1.5735893742532674,13
2614,47,37,39,18,1.5726757367898296,19
2615,104,60,13,29,1.5724528656069008,31
2616,40,58,88,27,1.5715316879527905,31
2617,9,14,111,7,1.5621342613374551,7
2618,8,66,28,31,1.5619285888266077,35
2619,3,20,29,9,1.559318906352552,11
2620,34,34,107,15,1.5584413104753352,19
2621,104,23,83,10,1.5563880557352996,13
2622,13,23,45,11,1.536281477648622,12
2623,29,13,53,5,1.5317670028644748,8
2624,114,20,84,9,1.5282826629009798,11
2625,83,26,65,13,1.5253499649391113,13
2626,30,60,86,27,1.5234348237537507,33
2627,35,14,37,7,1.523131742310598,7
2628,29,17,30,7,1.5216834469495777,10
2629,8,44,39,22,1.518039362082564,22
2630,48,10,41,5,1.515490885657423,5
2631,46,12,55,5,1.5148590180899557,7
2632,16,35,48,17,1.5048512213742047,18
2633,107,50,68,23,1.5016812102690023,27
2634,46,52,5,24,1.4974094901037487,28
2635,4,59,13,27,1.4911690163054754,32
2636,49,12,109,6,1.489798170159593,6
2637,53,13,100,6,1.4886628314229116,7
2638,68,10,84,4,1.478899377350919,6
2639,73,15,63,8,1.4760785674332926,7
2640,109,32,13,14,1.474179400007813,18
2641,20,23,55,11,1.4733693688994074,12
2642,11,17,32,9,1.4729852723414754,8
2643,86,32,2,16,1.4682447143488935,16
2644,87,48,96,22,1.4629434595612125,26
2645,23,13,43,6,1.4628793390447163,7
2646,40,64,51,31,1.4624658901194145,33
2647,33,20,28,11,1.4609880096092185,9
2648,31,21,47,10,1.4606130980712668,11
2649,25,23,83,10,1.4597201880554966,13
2650,84,32,54,15,1.4591305177250882,17
2651,8,16,38,8,1.4562520429495758,8
2652,50,16,89,7,1.4560158637801317,9
2653,53,30,55,14,1.4538038424746393,16
2654,46,62,88,31,1.4519317579443412,31
2655,106,55,63,27,1.4485566818099482,28
2656,20,21,97,11,1.439527960881874,10
2657,76,33,87,15,1.4392071016307106,18
2658,50,28,25,14,1.4391705454909012,14
2659,16,29,111,13,1.4359247070964494,16
2660,109,23,76,12,1.431479784095354,11
2661,70,56,86,26,1.42921805361145,30
2662,36,35,45,19,1.423273124508123,16
2663,1,11,53,5,1.4196819324858228,6
2664,94,11,109,6,1.4139835062750086,5
2665,12,16,40,8,1.4120822666164417,8
2666,112,18,19,8,1.4017639667638642,10
2667,78,16,88,8,1.4017085145544537,8
2668,70,17,95,9,1.4011695857654913,8
2669,75,12,44,5,1.399837377533035,7
2670,91,13,9,6,1.3946381880594532,7
2671,44,25,16,13,1.3924747988210242,12
2672,43,13,37,7,1.3915535608538905,6
2673,63,47,39,19,1.3876854118637514,28
2674,36,11,29,6,1.3837445576600587,5
2675,50,41,11,19,1.3816262941644981,22
2676,11,42,39,20,1.38149500798299,22
2677,95,31,7,14,1.3809406634768675,17
2678,106,30,41,15,1.3806292559177733,15
2679,41,69,13,34,1.3729404296401049,35
2680,6,11,69,6,1.3727715082405263,5
2681,86,66,55,31,1.371489773467497,35
2682,75,10,48,5,1.3711471542080278,5
2683,90,11,76,6,1.3711097869836062,5
2684,76,36,104,16,1.3651366012643633,20
2685,25,26,30,14,1.363384718034577,12
2686,64,42,68,18,1.3624818601326818,24
2687,112,12,74,6,1.3616749140437374,6
2688,107,39,70,20,1.3599998705907188,19
2689,111,17,87,8,1.3561671479223418,9
2690,69,12,85,6,1.3560361154784741,6
2691,12,16,18,7,1.3538062436901652,9
2692,30,29,49,14,1.3512252684605828,15
2693,39,43,54,21,1.3498867451175376,22
2694,97,37,88,18,1.349074362930903,19
2695,84,26,78,12,1.3485306553399412,14
2696,18,12,27,5,1.348491059130868,7
2697,108,17,40,9,1.3479697301696818,8
2698,70,29,76,15,1.3451436146232179,14
2699,61,13,65,7,1.327965247882516,6
2700,60,25,109,12,1.3235251021634884,13
2701,74,18,80,9,1.3199661328668575,9
2702,3,17,55,8,1.3172267439478242,9
2703,10,16,8,7,1.3145513780375315,9
2704,32,12,51,6,1.314434714983352,6
2705,9,28,58,13,1.310268135821902,15
2706,6,13,86,6,1.3062976396978554,7
2707,20,14,104,6,1.303497989239853,8
2708,5,44,13,21,1.302350985374302,23
2709,2,22,74,10,1.2925512141562505,12
2710,41,56,88,26,1.2904746556925693,30
2711,7,74,39,37,1.288018081289338,37
2712,16,53,74,25,1.2870673809929651,28
2713,33,17,54,9,1.2844291677407338,8
2714,97,20,109,10,1.283406905257821,10
2715,50,30,51,15,1.277023353905357,15
2716,30,15,15,7,1.2763156051583036,8
2717,15,17,114,8,1.2734943259065565,9
2718,71,11,1,6,1.2732152302328,5
2719,50,19,108,10,1.2701675761997318,9
2720,50,27,65,13,1.2644687002361983,14
2721,63,19,43,9,1.2637110667141382,10
2722,73,15,16,8,1.2607482082851333,7
2723,16,22,33,9,1.250719949272024,13
2724,76,31,11,14,1.2468354610913635,17
2725,65,10,89,5,1.246766687204138,5
2726,108,31,107,15,1.2462257353255575,16
2727,77,22,65,11,1.2403405493552604,11
2728,3,32,60,15,1.2389077599457874,17
2729,107,30,4,15,1.2387516471106226,15
2730,71,25,31,12,1.2380158081615504,13
2731,63,16,95,8,1.233969730193377,8
2732,71,26,9,12,1.2262156519313812,14
2733,39,33,3,17,1.223833980492266,16
2734,51,22,49,11,1.2233396102543554,11
2735,86,81,20,38,1.214920984168942,43
2736,98,11,74,5,1.2137114800422117,6
2737,25,33,97,16,1.211209753293348,17
2738,63,44,7,18,1.2086828652803667,26
2739,65,10,79,5,1.2013413032834044,5
2740,75,52,65,26,1.1957967627587305,26
2741,93,16,11,6,1.1943672529988347,10
2742,25,25,109,12,1.1927554377225935,13
2743,34,14,79,6,1.1918923228941705,8
2744,15,22,100,11,1.1880318734469715,11
2745,87,16,110,7,1.187803786715121,9
2746,49,28,7,12,1.1696502244503244,16
2747,16,27,102,13,1.1674134047028182,14
2748,64,20,45,9,1.1431500338693237,11
2749,30,45,87,22,1.1431447616639816,23
2750,88,24,38,10,1.1397328805109292,14
2751,39,35,50,17,1.139563062530292,18
2752,87,17,17,8,1.1371532365649726,9
2753,65,71,41,32,1.1364971533687547,39
2754,60,73,71,35,1.1360670304013205,38
2755,36,26,106,13,1.1307287364062801,13
2756,3,26,31,14,1.130409883055894,12
2757,61,18,88,10,1.1254133453483963,8
2758,73,13,55,6,1.1082443575059586,7
2759,91,12,47,6,1.1047106963660296,6
2760,40,19,45,9,1.1043531225931202,10
2761,96,18,2,9,1.1039761816908797,9
2762,107,35,46,18,1.1031099530770954,17
2763,70,39,106,20,1.1024614638047308,19
2764,14,16,11,7,1.0923565448715802,9
2765,51,45,9,21,1.0916592614178193,24
2766,40,13,74,6,1.0901529369074687,7
2767,39,52,65,27,1.0838234987013835,25
2768,57,35,13,18,1.076271930506482,17
2769,19,26,39,14,1.0756409755590943,12
2770,29,10,1,4,1.0752912105034547,6
2771,64,19,97,9,1.0748997556854092,10
2772,87,50,28,25,1.072521726859484,25
2773,67,20,37,9,1.0707700527635258,11
2774,106,12,66,5,1.070759127853136,7
2775,70,55,8,27,1.0665028298167964,28
2776,104,30,109,15,1.0638658496000608,15
2777,20,18,48,8,1.0556464172960105,10
2778,11,62,16,26,1.0526368270829487,36
2779,27,48,107,23,1.0524315784147216,25
2780,27,22,75,11,1.0503344003348205,11
2781,71,18,45,10,1.0500246166344394,8
2782,54,28,102,14,1.0470828148001607,14
2783,114,19,69,8,1.0427404151557151,11
2784,23,29,8,14,1.0415352116212746,15
2785,18,35,51,18,1.0414861976482428,17
2786,90,21,88,11,1.0373159148886417,10
2787,7,59,18,30,1.0365595161190129,29
2788,45,14,3,7,1.0349134798027078,7
2789,47,25,51,13,1.0330790733757669,12
2790,13,56,9,26,1.0296923282418164,30
2791,1,34,107,17,1.0240407626738774,17
2792,63,20,44,9,1.0233184771026502,11
2793,16,97,13,45,1.0228384250943154,52
2794,70,10,33,5,1.0222975969230632,5
2795,86,22,93,11,1.0208024258978539,11
2796,98,28,107,14,1.0170960211152535,14
2797,45,12,88,5,1.0058195203591582,7
2798,13,43,75,20,1.005364432264769,23
2799,114,11,93,6,1.004990658958168,5
2800,114,39,7,18,1.0047894280060632,21
2801,37,37,17,16,0.9978108601802018,21
2802,11,20,41,8,0.9960131917038225,12
2803,8,67,54,35,0.9788096362147576,32
2804,107,65,5,32,0.9748363761521144,33
2805,78,12,9,6,0.9745877106891208,6
2806,53,40,51,20,0.9719493528973242,20
2807,43,18,104,10,0.9713909420415116,8
2808,37,50,51,27,0.9710667257210692,23
2809,9,40,39,21,0.970771475989892,19
2810,102,30,114,14,0.9680544759122783,16
2811,72,13,88,6,0.9660404326706519,7
2812,104,38,106,19,0.9604760273979323,19
2813,106,11,103,6,0.9583580547252424,5
2814,62,12,30,5,0.9579903874565542,7
2815,54,17,29,8,0.9568622693148616,9
2816,14,14,5,6,0.9561035605846475,8
2817,63,23,53,11,0.9461903574638922,12
2818,112,13,114,7,0.9421647262329379,6
2819,17,12,29,6,0.9396559694862591,6
2820,18,29,40,12,0.9358054757186772,17
2821,27,13,55,6,0.934874920243962,7
2822,62,25,87,12,0.9323860646607539,13
2823,33,17,86,9,0.9246066959077469,8
2824,65,24,84,12,0.923495090234857,12
2825,75,27,114,13,0.9181862737012574,14
2826,13,20,33,10,0.918120505460343,10
2827,106,100,86,49,0.9173221659807225,51
2828,39,18,48,8,0.9127145579388772,10
2829,43,17,50,7,0.911659904777202,10
2830,36,35,75,19,0.9076169876586753,16
2831,65,64,68,31,0.9027135274187603,33
2832,112,11,14,6,0.9022319115654415,5
2833,68,17,74,7,0.9001065237726507,10
2834,16,51,23,25,0.8986830698055411,26
2835,8,76,88,37,0.8933115574955768,39
2836,51,75,68,39,0.8902380062570854,36
2837,63,98,65,48,0.8891459827270372,50
2838,60,17,83,8,0.8851626447494981,9
2839,77,21,4,10,0.8810684428976758,11
2840,43,12,29,6,0.8771665293369457,6
2841,84,17,91,8,0.8755346549877653,9
2842,1,13,39,8,0.8746055005974142,5
2843,54,72,16,36,0.8728050276256812,36
2844,108,11,7,6,0.8716332223147827,5
2845,60,17,84,10,0.871614356489069,7
2846,8,67,37,33,0.8700084298071539,34
2847,94,20,19,10,0.8676936024077152,10
2848,88,74,51,40,0.8657866111414255,34
2849,10,10,114,4,0.8617397018011257,6
2850,19,14,88,7,0.8605646537582025,7
2851,100,32,13,15,0.8582636646769207,17
2852,13,34,17,16,0.8506035791282663,18
2853,39,13,102,6,0.8492100400200487,7
2854,62,11,50,5,0.8451062062670078,6
2855,69,11,29,5,0.8439423628658328,6
2856,60,14,98,7,0.8439389777307171,7
2857,28,23,30,12,0.8403239904216823,11
2858,2,16,46,8,0.8285194662826778,8
2859,33,15,114,8,0.8283609152315331,7
2860,29,12,106,6,0.8264692442725535,6
2861,28,48,37,24,0.8263140292594408,24
2862,84,15,95,7,0.8218033746912388,8
2863,107,83,28,39,0.8210512254142036,44
2864,114,19,45,9,0.8205689132017492,10
2865,13,27,11,13,0.8150505436514466,14
2866,7,16,79,8,0.808566327439515,8
2867,96,58,107,27,0.8081270899904945,31
2868,84,31,50,16,0.8064114901977948,15
2869,56,14,40,7,0.8062835825274064,7
2870,30,26,40,13,0.8045580871786187,13
2871,30,30,51,14,0.8010379369741427,16
2872,2,22,88,11,0.7956469041111237,11
2873,100,23,19,11,0.794065476994911,12
2874,16,32,109,15,0.7913800876476477,17
2875,28,16,89,7,0.7901986413516635,9
2876,96,15,3,8,0.788360761162582,7
2877,4,18,104,10,0.7872554057904764,8
2878,100,13,97,6,0.7866792604447757,7
2879,9,17,34,8,0.77910514985876,9
2880,35,25,86,11,0.7790661728530307,14
2881,13,51,28,25,0.7790491963091711,26
2882,87,22,99,10,0.7762165713325069,12
2883,10,19,84,9,0.7730240789929571,10
2884,97,20,93,10,0.7717644600090583,10
2885,33,15,104,8,0.7704375614853092,7
2886,107,96,7,42,0.7700695698456721,54
2887,13,63,49,29,0.7635811740028763,34
2888,50,14,12,9,0.7591319050196559,5
2889,14,15,13,6,0.7511854242648525,9
2890,17,10,15,4,0.7511461577580942,6
2891,3,20,71,10,0.744611540631482,10
2892,46,24,84,11,0.744605770354001,13
2893,41,37,63,18,0.7444231446880563,19
2894,36,13,74,5,0.7437175733038444,8
2895,38,22,64,11,0.741675899909912,11
2896,60,58,77,29,0.7413990730942286,29
2897,107,85,8,39,0.7406329482914666,46
2898,25,24,15,13,0.7394428200536315,11
2899,5,40,63,22,0.7358500176759455,18
2900,40,77,86,36,0.7352757671814381,41
2901,95,41,5,21,0.731606653431554,20
2902,7,86,65,45,0.7314326563301058,41
2903,3,27,9,13,0.7284011303001918,14
2904,71,10,96,5,0.7278695572627789,5
2905,57,22,37,11,0.7248362672161263,11
2906,69,19,50,8,0.7231056665252452,11
2907,61,18,40,9,0.7154895706830828,9
2908,82,13,28,7,0.7153587234866209,6
2909,54,16,27,8,0.7140109356296581,8
2910,17,23,68,12,0.7086074455277899,11
2911,16,43,114,20,0.7076739119335058,23
2912,18,23,104,13,0.701208945227421,10
2913,38,11,91,5,0.7003822911270713,6
2914,51,56,87,27,0.6990808622612193,29
2915,57,11,95,4,0.6989616542578664,7
2916,16,34,90,18,0.6982734048169781,16
2917,62,10,98,5,0.6900751788017032,5
2918,107,33,17,16,0.6889894153515201,17
2919,49,45,88,22,0.6850820874151446,23
2920,18,19,25,10,0.6816652439852776,9
2921,109,14,23,7,0.6795387556597896,7
2922,43,13,58,6,0.6756377653052408,7
2923,30,22,76,10,0.671516660444263,12
2924,87,56,39,27,0.671126615184668,29
2925,86,21,94,10,0.6703196828344837,11
2926,37,40,114,18,0.6680388190804037,22
2927,60,60,68,28,0.667887679834211,32
2928,18,31,41,16,0.6657427858298113,15
2929,63,38,50,18,0.6599709375930062,20
2930,17,27,49,15,0.6491822055299452,12
2931,30,12,114,6,0.6487861981579935,6
2932,86,27,77,13,0.6434105237769749,14
2933,98,16,50,8,0.6426219058041094,8
2934,68,49,9,24,0.6403549802856331,25
2935,25,25,41,14,0.6394054706376684,11
2936,107,23,94,13,0.6377693083127257,10
2937,111,17,36,8,0.6365354853619557,9
2938,70,22,41,12,0.6354721735396393,10
2939,68,94,13,45,0.6336864703793796,49
2940,4,28,64,13,0.6316212138641686,15
2941,60,23,1,11,0.6297573562891167,12
2942,36,33,71,17,0.6241330409639582,16
2943,88,34,109,16,0.6239068088208908,18
2944,76,30,96,14,0.6223340675935091,16
2945,31,22,58,11,0.6168553703735019,11
2946,57,34,15,17,0.6114282481041073,17
2947,91,16,70,7,0.6063303701253773,9
2948,13,55,53,25,0.6028868868296878,30
2949,86,38,78,19,0.602884910648468,19
2950,63,15,34,7,0.6010869874219945,8
2951,71,32,106,15,0.6009609652453856,17
2952,111,10,12,6,0.6003907747378726,4
2953,71,10,23,4,0.6000287508458257,6
2954,13,24,72,13,0.5977342226167962,11
2955,112,21,9,11,0.5891782951722581,10
2956,76,13,36,4,0.5885035889042722,9
2957,81,16,68,8,0.5833845458965541,8
2958,90,18,84,9,0.5795253040496203,9
2959,19,17,49,8,0.5736507832991887,9
2960,20,14,15,7,0.5689936775430091,7
2961,40,10,94,5,0.5678516928680516,5
2962,29,10,108,5,0.5615423900676226,5
2963,97,31,2,15,0.5614740846174435,16
2964,83,10,2,5,0.5594397265150824,5
2965,51,21,11,9,0.5571198221266522,12
2966,68,37,104,19,0.5539676176829772,18
2967,5,49,54,23,0.5526115688513309,26
2968,92,17,7,7,0.5480230211986101,10
2969,98,27,16,13,0.5462850233229243,14
2970,34,25,17,12,0.5459209300248186,13
2971,64,29,54,15,0.5456745481805155,14
2972,86,12,66,6,0.5447941989519712,6
2973,60,77,7,38,0.5423394255026432,39
2974,12,22,39,11,0.5419618153900833,11
2975,106,10,1,5,0.539652861011431,5
2976,94,23,68,11,0.5364898351423456,12
2977,71,22,55,12,0.5319428762463091,10
2978,107,20,6,10,0.5288105428737948,10
2979,73,19,28,10,0.5214155246375574,9
2980,27,16,76,8,0.5206741200296688,8
2981,43,17,25,10,0.5197036131496171,7
2982,106,68,28,33,0.5161436710076662,35
2983,11,13,114,7,0.5136378926000926,6
2984,4,18,9,9,0.5118055197130339,9
2985,49,12,97,5,0.510198270023406,7
2986,23,17,112,9,0.502961988800575,8
2987,90,13,91,6,0.5003235284827323,7
2988,88,35,31,18,0.4999807976090588,17
2989,5,59,87,29,0.4991669720547012,30
2990,74,22,18,12,0.49290222508995235,10
2991,63,47,87,22,0.4865853013582848,25
2992,86,71,13,36,0.4858778077856393,35
2993,57,14,104,5,0.4845128262229356,9
2994,37,17,62,10,0.47941613349669066,7
2995,107,74,54,35,0.47849590625678706,39
2996,95,28,74,13,0.47842550860281996,15
2997,75,31,41,14,0.47837138213253816,17
2998,107,59,60,29,0.47676663680262105,30
2999,25,51,39,26,0.4759465051184244,25
3000,51,39,3,16,0.4692078565143301,23
3001,65,54,31,26,0.46913887469692744,28
3002,16,38,40,18,0.46824228728492223,20
3003,1,13,112,8,0.45359520737159276,5
3004,97,39,107,20,0.4513498337115768,19
3005,8,26,76,12,0.4492143891303664,14
3006,62,13,55,7,0.4490302976953222,6
3007,80,11,9,7,0.4439834453330457,4
3008,17,30,50,16,0.44354818573896915,14
3009,90,15,11,7,0.4409004522210816,8
3010,40,43,31,22,0.429627197462679,21
3011,68,23,77,11,0.4263131063820025,12
3012,19,18,78,9,0.42626799080298067,9
3013,68,46,63,23,0.4255709909849699,23
3014,33,11,99,6,0.42486651226142574,5
3015,46,11,19,6,0.4237898327913996,5
3016,15,25,27,12,0.4182561593842526,13
3017,5,14,38,7,0.4168378546295618,7
3018,31,33,86,17,0.4107692180392416,16
3019,50,18,79,9,0.4091046493522828,9
3020,60,32,41,17,0.40898806654919007,15
3021,49,12,72,6,0.4027717126141847,6
3022,27,17,106,10,0.4013630945998079,7
3023,55,16,41,8,0.3929137359889599,8
3024,23,18,54,9,0.39214168570707464,9
3025,102,14,84,7,0.3912018744364814,7
3026,8,13,44,6,0.3904420875790005,7
3027,13,27,19,13,0.3899388991322326,14
3028,57,20,55,11,0.38903746063509637,9
3029,69,30,36,15,0.38598798110099336,15
3030,8,35,50,16,0.38293825667797665,19
3031,114,28,71,14,0.3795577437704574,14
3032,70,22,97,12,0.3783758219642565,10
3033,14,18,84,8,0.37783903496494214,10
3034,107,37,90,19,0.3753937941046271,18
3035,88,35,71,19,0.3711092012403024,16
3036,27,33,39,18,0.370325890147252,15
3037,40,21,75,10,0.36863713867004627,11
3038,95,26,28,12,0.36814720179538635,14
3039,25,30,63,16,0.3669879376751877,14
3040,92,18,13,7,0.36521745881563183,11
3041,46,18,41,8,0.36430211798636986,10
3042,13,27,38,12,0.35957757900250525,15
3043,47,21,65,10,0.3519317997506132,11
3044,7,21,8,10,0.35073482330961425,11
3045,107,16,79,9,0.3498222414341266,7
3046,49,10,5,5,0.3484948933204418,5
3047,8,44,20,22,0.3454844939659281,22
3048,16,34,19,17,0.34430475214886425,17
3049,109,13,4,6,0.3380907022892352,7
3050,83,20,106,11,0.33164456490941063,9
3051,88,23,81,11,0.33068140507189175,12
3052,60,33,8,17,0.3302015531354617,16
3053,61,17,3,10,0.326885819863067,7
3054,55,38,96,18,0.3245672587151402,20
3055,80,17,71,9,0.3237123360021306,8
3056,86,23,108,13,0.3219408787814728,10
3057,114,68,107,33,0.32070298196932506,35
3058,83,25,28,14,0.3193130867023741,11
3059,60,48,53,25,0.3118269913878374,23
3060,107,68,63,37,0.3098872954610473,31
3061,23,19,111,11,0.30722018824927017,8
3062,81,12,108,6,0.3007328534362905,6
3063,29,11,79,4,0.30038972457789276,7
3064,114,60,88,30,0.29749332449413723,30
3065,88,15,48,6,0.2955612335778544,9
3066,100,16,94,7,0.2914364769012989,9
3067,51,14,79,6,0.29094487824433607,8
3068,80,34,86,17,0.2891436647516337,17
3069,70,21,39,11,0.2845470082736238,10
3070,86,88,65,46,0.2829454584527399,42
3071,67,12,25,6,0.2816428039469064,6
3072,96,12,67,7,0.27996501259109813,5
3073,7,20,70,8,0.27895885562124206,12
3074,53,18,5,8,0.2778213329671456,10
3075,3,50,86,26,0.27741436780491696,24
3076,11,18,27,9,0.2732872610314181,9
3077,112,16,17,8,0.27197121777913047,8
3078,36,11,38,4,0.26679215079866997,7
3079,37,22,76,12,0.2606095394442829,10
3080,69,15,109,7,0.25256668575722185,8
3081,28,13,15,7,0.25134211677209733,6
3082,17,11,108,5,0.2506467392789146,6
3083,47,17,41,9,0.24960180944275975,8
3084,88,38,20,20,0.24807571543102264,18
3085,69,10,103,5,0.2471847046423356,5
3086,63,38,11,17,0.246941346562458,21
3087,40,25,47,14,0.24655985846699452,11
3088,39,10,93,5,0.24650819188032075,5
3089,83,20,88,11,0.24121558114701722,9
3090,61,16,13,9,0.23942923044644315,7
3091,30,20,106,10,0.23895557447172086,10
3092,107,72,84,36,0.23736523288219447,36
3093,43,12,112,6,0.23582743390542227,6
3094,65,10,101,5,0.22906131925901718,5
3095,67,12,84,5,0.22644335659627104,7
3096,27,12,62,6,0.2261515965549125,6
3097,107,40,18,22,0.21456452912257484,18
3098,53,21,44,9,0.2122113313421154,12
3099,65,18,48,8,0.2083165198828137,10
3100,87,16,103,9,0.20750579907933475,7
3101,28,11,66,5,0.2056598644516812,6
3102,46,23,17,12,0.20521498367655996,11
3103,78,13,15,6,0.20449554496684777,7
3104,63,48,40,23,0.20172959340563693,25
3105,81,21,107,11,0.19898617239587554,10
3106,46,16,71,7,0.19894184736909315,9
3107,76,11,47,3,0.1986777302440924,8
3108,20,20,30,10,0.1944033306484096,10
3109,107,61,74,29,0.19420996588142148,32
3110,98,11,100,5,0.18985443720382733,6
3111,88,35,37,17,0.1877253046596751,18
3112,35,12,70,7,0.18631436457958764,5
3113,44,15,65,6,0.18351226600640885,9
3114,50,25,114,12,0.18060110833646845,13
3115,71,33,8,17,0.17759312635004623,16
3116,11,47,106,26,0.17225906773687616,21
3117,7,51,4,26,0.16136746029798088,25
3118,62,12,106,6,0.1584669634691407,6
3119,7,16,83,7,0.15765677447455273,9
3120,38,25,68,13,0.15398370659524505,12
3121,84,22,80,10,0.15202664995311643,12
3122,51,20,98,10,0.14461940831704007,10
3123,57,25,41,12,0.14171981720178947,13
3124,30,22,100,12,0.14061604407975925,10
3125,65,46,60,20,0.13588081734778348,26
3126,73,10,25,5,0.1328731236438802,5
3127,27,17,23,9,0.1293203467517947,8
3128,98,14,19,6,0.12846875445523867,8
3129,69,25,7,13,0.12779683769016903,12
3130,28,22,98,9,0.12169006680659694,13
3131,51,59,55,30,0.12168388038388171,29
3132,13,63,39,32,0.11426625661215897,31
3133,87,29,46,16,0.11270653005848175,13
3134,27,18,64,8,0.11029012030451124,10
3135,2,18,84,9,0.10504403066305398,9
3136,68,13,44,7,0.10451112471006771,6
3137,78,13,30,6,0.09977929855906244,7
3138,50,57,86,30,0.09835934402357824,27
3139,16,41,112,20,0.09719420060748055,21
3140,86,30,53,13,0.09593092236920715,17
3141,74,39,25,20,0.09563368284676016,19
3142,87,14,92,7,0.09367358040314991,7
3143,25,65,16,32,0.09364645449744402,33
3144,30,15,96,8,0.09214636377364425,7
3145,114,29,36,13,0.09213128587786307,16
3146,106,19,43,10,0.09144216539691846,9
3147,95,52,86,24,0.08956033992826938,28
3148,65,16,19,8,0.08491902740752645,8
3149,107,60,39,29,0.08426356114163677,31
3150,84,37,88,17,0.08333477514829757,20
3151,97,36,74,17,0.07931920932357782,19
3152,84,11,69,5,0.0764184866169909,6
3153,13,39,15,20,0.07584827733467901,19
3154,55,15,108,8,0.07480659095217349,7
3155,106,21,40,10,0.06808253080226546,11
3156,27,20,40,8,0.058743697650326256,12
3157,8,70,106,37,0.05212763279076112,33
3158,23,20,15,10,0.052043691980666475,10
3159,34,19,50,10,0.05002588679712766,9
3160,73,16,106,8,0.04700386219362951,8
3161,83,17,51,10,0.04607341431682285,7
3162,54,64,50,32,0.045818300371850446,32
3163,47,10,58,5,0.04544416959920028,5
3164,114,46,104,24,0.04494734082733511,22
3165,74,41,54,20,0.04296760366186976,21
3166,31,11,97,5,0.04256244744109723,6
3167,55,52,87,26,0.039341837208104025,26
3168,84,19,17,10,0.032612383959908106,9
3169,106,42,50,20,0.025298087208634697,22
3170,106,26,100,12,0.022225583959526604,14
3171,46,49,11,24,0.020470229591225353,25
3172,20,33,13,17,0.019180924905999427,16
3173,11,17,40,8,0.017177041126851686,9
3174,86,58,68,28,0.012299314922141267,30
3175,15,10,48,5,0.011064943202326916,5
3176,109,17,83,7,0.00972932964701334,10
3177,106,47,76,26,-0.009505075346386196,21
3178,83,17,109,10,-0.009729329647013785,7
3179,48,10,15,5,-0.01106494320232656,5
3180,68,58,86,30,-0.012299314922142514,28
3181,40,17,11,9,-0.01717704112685221,8
3182,13,33,20,16,-0.019180924905998997,17
3183,11,49,46,25,-0.020470229591225946,24
3184,100,26,106,14,-0.02222558395952517,12
3185,50,42,106,22,-0.02529808720863334,20
3186,17,19,84,9,-0.03261238395990876,10
3187,87,52,55,26,-0.039341837208104025,26
3188,97,11,31,6,-0.042562447441096586,5
3189,54,41,74,21,-0.04296760366187002,20
3190,104,46,114,22,-0.04494734082733487,24
3191,58,10,47,5,-0.04544416959920099,5
3192,50,64,54,32,-0.045818300371848635,32
3193,51,17,83,7,-0.04607341431682421,10
3194,106,16,73,8,-0.0470038621936304,8
3195,50,19,34,9,-0.05002588679712785,10
3196,15,20,23,10,-0.05204369198066665,10
3197,106,70,8,33,-0.05212763279076128,37
3198,11,52,107,25,-0.056094233730890126,27
3199,40,20,27,12,-0.0587436976503246,8
3200,40,21,106,11,-0.0680825308022658,10
3201,108,15,55,7,-0.07480659095217229,8
3202,15,39,13,19,-0.07584827733467947,20
3203,69,11,84,6,-0.0764184866169909,5
3204,74,36,97,19,-0.07931920932357782,17
3205,88,37,84,20,-0.0833347751482989,17
3206,39,60,107,31,-0.08426356114163559,29
3207,19,16,65,8,-0.08491902740752562,8
3208,86,52,95,28,-0.08956033992827091,24
3209,43,19,106,9,-0.09144216539691921,10
3210,36,29,114,16,-0.09213128587786189,13
3211,96,15,30,7,-0.09214636377364507,8
3212,16,65,25,33,-0.09364645449744435,32
3213,92,14,87,7,-0.09367358040315074,7
3214,25,39,74,19,-0.0956336828467596,20
3215,53,30,86,17,-0.09593092236920858,13
3216,112,41,16,21,-0.09719420060748007,20
3217,86,57,50,27,-0.09835934402357775,30
3218,30,13,78,7,-0.09977929855906244,6
3219,44,13,68,6,-0.10451112471006657,7
3220,84,18,2,9,-0.10504403066305477,9
3221,64,18,27,10,-0.11029012030451124,8
3222,46,29,87,13,-0.11270653005848358,16
3223,39,63,13,31,-0.11426625661216093,32
3224,55,59,51,29,-0.12168388038388292,30
3225,98,22,28,13,-0.1216900668065983,9
3226,7,25,69,12,-0.1277968376901685,13
3227,19,14,98,8,-0.12846875445523917,6
3228,23,17,27,8,-0.1293203467517956,9
3229,25,10,73,5,-0.1328731236438802,5
3230,60,46,65,26,-0.1358808173477839,20
3231,100,22,30,10,-0.14061604407975806,12
3232,41,25,57,13,-0.14171981720178792,12
3233,98,20,51,10,-0.14461940831704023,10
3234,80,22,84,12,-0.15202664995311627,10
3235,68,25,38,12,-0.15398370659524221,13
3236,83,16,7,9,-0.1576567744745514,7
3237,106,12,62,6,-0.15846696346914188,6
3238,4,51,7,25,-0.16136746029798163,26
3239,106,47,11,21,-0.17225906773687602,26
3240,8,33,71,16,-0.17759312635004632,17
3241,114,25,50,13,-0.18060110833646717,12
3242,65,15,44,9,-0.1835122660064091,6
3243,70,12,35,5,-0.18631436457958692,7
3244,37,35,88,18,-0.18772530465967646,17
3245,100,11,98,6,-0.18985443720382733,5
3246,47,11,76,8,-0.19867773024409274,3
3247,71,16,46,9,-0.19894184736909182,7
3248,107,21,81,10,-0.19898617239587607,11
3249,40,48,63,25,-0.20172959340563568,23
3250,15,13,78,7,-0.20449554496684777,6
3251,17,23,46,11,-0.2052149836765593,12
3252,66,11,28,6,-0.20565986445168055,5
3253,103,16,87,7,-0.20750579907933508,9
3254,48,18,65,10,-0.20831651988281447,8
3255,44,21,53,12,-0.2122113313421161,9
3256,18,40,107,18,-0.21456452912257684,22
3257,62,12,27,6,-0.2261515965549125,6
3258,84,12,67,7,-0.22644335659627166,5
3259,101,10,65,5,-0.2290613192590168,5
3260,112,12,43,6,-0.23582743390542227,6
3261,84,72,107,36,-0.23736523288219558,36
3262,106,20,30,10,-0.2389555744717199,10
3263,13,16,61,7,-0.2394292304464427,9
3264,88,20,83,9,-0.24121558114701463,11
3265,93,10,39,5,-0.24650819188031967,5
3266,47,25,40,11,-0.24655985846699366,14
3267,11,38,63,21,-0.246941346562458,17
3268,103,10,69,5,-0.2471847046423381,5
3269,41,17,47,8,-0.24960180944275975,9
3270,108,11,17,6,-0.25064673927891384,5
3271,15,13,28,6,-0.2513421167720962,7
3272,109,15,69,8,-0.25256668575722047,7
3273,76,22,37,10,-0.26060953944428406,12
3274,38,11,36,7,-0.26679215079866964,4
3275,17,16,112,8,-0.27197121777913247,8
3276,27,18,11,9,-0.2732872610314183,9
3277,86,50,3,24,-0.2774143678049175,26
3278,5,18,53,10,-0.277821332967146,8
3279,70,20,7,12,-0.27895885562124184,8
3280,67,12,96,5,-0.279965012591097,7
3281,25,12,67,6,-0.2816428039469064,6
3282,65,88,86,42,-0.28294545845274166,46
3283,39,21,70,10,-0.2845470082736231,11
3284,86,34,80,17,-0.2891436647516337,17
3285,79,14,51,8,-0.29094487824433657,6
3286,94,16,100,9,-0.29143647690129804,7
3287,48,15,88,9,-0.29556123357785347,6
3288,88,60,114,30,-0.2974933244941375,30
3289,79,11,29,7,-0.3003897245778921,4
3290,108,12,81,6,-0.3007328534362905,6
3291,88,18,12,9,-0.3042097842896815,9
3292,111,19,23,8,-0.30722018824927033,11
3293,63,68,107,31,-0.3098872954610479,37
3294,53,48,60,23,-0.3118269913878375,25
3295,28,25,83,11,-0.3193130867023753,14
3296,107,68,114,35,-0.3207029819693246,33
3297,108,23,86,10,-0.32194087878147215,13
3298,71,17,80,8,-0.3237123360021318,9
3299,96,38,55,20,-0.32456725871514125,18
3300,3,17,61,7,-0.32688581986306675,10
3301,8,33,60,16,-0.3302015531354621,17
3302,81,23,88,12,-0.33068140507189175,11
3303,106,20,83,9,-0.3316445649094112,11
3304,4,13,109,7,-0.3380907022892352,6
3305,19,34,16,17,-0.34430475214886436,17
3306,20,44,8,22,-0.3454844939659279,22
3307,5,10,49,5,-0.3484948933204407,5
3308,79,16,107,7,-0.34982224143412544,9
3309,8,21,7,11,-0.3507348233096159,10
3310,65,21,47,11,-0.3519317997506139,10
3311,38,27,13,15,-0.3595775790025047,12
3312,41,18,46,10,-0.36430211798637085,8
3313,13,18,92,11,-0.3652174588156323,7
3314,63,30,25,14,-0.3669879376751877,16
3315,28,26,95,14,-0.36814720179538646,12
3316,75,21,40,11,-0.3686371386700461,10
3317,39,33,27,15,-0.3703258901472529,18
3318,71,35,88,16,-0.37110920124030156,19
3319,84,18,14,10,-0.37783903496494253,8
3320,97,22,70,10,-0.3783758219642562,12
3321,71,28,114,14,-0.3795577437704577,14
3322,50,35,8,19,-0.3829382566779763,16
3323,36,30,69,15,-0.3859879811009911,15
3324,55,20,57,9,-0.3890374606350971,11
3325,19,27,13,14,-0.3899388991322346,13
3326,44,13,8,7,-0.3904420875789997,6
3327,84,14,102,7,-0.39120187443648013,7
3328,54,18,23,9,-0.39214168570707364,9
3329,41,16,55,8,-0.39291373598895946,8
3330,106,17,27,7,-0.40136309459980746,10
3331,72,12,49,6,-0.402771712614185,6
3332,41,32,60,15,-0.40898806654919106,17
3333,79,18,50,9,-0.4091046493522828,9
3334,86,33,31,16,-0.4107692180392426,17
3335,38,14,5,7,-0.4168378546295618,7
3336,27,25,15,13,-0.41825615938425287,12
3337,19,11,46,5,-0.4237898327914003,6
3338,99,11,33,5,-0.4248665122614248,6
3339,63,46,68,23,-0.4255709909849707,23
3340,78,18,19,9,-0.4262679908029805,9
3341,77,23,68,12,-0.4263131063820031,11
3342,31,43,40,21,-0.4296271974626791,22
3343,11,15,90,8,-0.4409004522210813,7
3344,50,30,17,14,-0.4435481857389689,16
3345,9,11,80,4,-0.4439834453330448,7
3346,55,13,62,6,-0.4490302976953225,7
3347,76,26,8,14,-0.4492143891303651,12
3348,107,39,97,19,-0.4513498337115769,20
3349,112,13,1,5,-0.45359520737159276,8
3350,40,38,16,20,-0.46824228728492284,18
3351,31,54,65,28,-0.4691388746969265,26
3352,3,39,51,23,-0.46920785651433033,16
3353,39,51,25,25,-0.4759465051184236,26
3354,60,59,107,30,-0.4767666368026221,29
3355,41,31,75,17,-0.47837138213253816,14
3356,74,28,95,15,-0.4784255086028221,13
3357,54,74,107,39,-0.47849590625678695,35
3358,62,17,37,7,-0.47941613349669043,10
3359,104,14,57,9,-0.4845128262229359,5
3360,13,71,86,35,-0.4858778077856391,36
3361,87,47,63,25,-0.48658530135828526,22
3362,18,22,74,10,-0.4929022250899522,12
3363,87,59,5,30,-0.49916697205470045,29
3364,31,35,88,17,-0.499980797609059,18
3365,91,13,90,7,-0.5003235284827329,6
3366,112,17,23,8,-0.5029619888005792,9
3367,97,12,49,7,-0.510198270023406,5
3368,9,18,4,9,-0.5118055197130339,9
3369,114,13,11,6,-0.5136378926000925,7
3370,28,68,106,35,-0.5161436710076651,33
3371,25,17,43,7,-0.5197036131496168,10
3372,76,16,27,8,-0.5206741200296688,8
3373,28,19,73,9,-0.5214155246375576,10
3374,6,20,107,10,-0.528810542873795,10
3375,55,22,71,10,-0.5319428762463102,12
3376,68,23,94,12,-0.5364898351423458,11
3377,1,10,106,5,-0.5396528610114302,5
3378,39,22,12,11,-0.5419618153900839,11
3379,7,77,60,39,-0.5423394255026428,38
3380,66,12,86,6,-0.5447941989519703,6
3381,54,29,64,14,-0.5456745481805153,15
3382,17,25,34,13,-0.5459209300248191,12
3383,16,27,98,14,-0.5462850233229247,13
3384,7,17,92,10,-0.5480230211986107,7
3385,54,49,5,26,-0.5526115688513301,23
3386,104,37,68,18,-0.5539676176829778,19
3387,11,21,51,12,-0.5571198221266513,9
3388,2,10,83,5,-0.559439726515081,5
3389,2,31,97,16,-0.5614740846174444,15
3390,108,10,29,5,-0.5615423900676234,5
3391,94,10,40,5,-0.5678516928680514,5
3392,15,14,20,7,-0.5689936775430089,7
3393,49,17,19,9,-0.5736507832991887,8
3394,84,18,90,9,-0.5795253040496205,9
3395,68,16,81,8,-0.5833845458965539,8
3396,36,13,76,9,-0.5885035889042698,4
3397,9,21,112,10,-0.5891782951722585,11
3398,72,24,13,11,-0.5977342226167965,13
3399,23,10,71,6,-0.6000287508458257,4
3400,12,10,111,4,-0.6003907747378741,6
3401,106,32,71,17,-0.6009609652453869,15
3402,34,15,63,8,-0.6010869874219955,7
3403,78,38,86,19,-0.6028849106484686,19
3404,53,55,13,30,-0.602886886829687,25
3405,70,16,91,9,-0.6063303701253777,7
3406,15,34,57,17,-0.611428248104109,17
3407,58,22,31,11,-0.6168553703735028,11
3408,96,30,76,16,-0.6223340675935105,14
3409,71,33,36,16,-0.6241330409639598,17
3410,1,23,60,12,-0.6297573562891176,11
3411,64,28,4,15,-0.6316212138641698,13
3412,20,16,93,9,-0.6327174645108351,7
3413,13,94,68,49,-0.6336864703793795,45
3414,41,22,70,10,-0.6354721735396389,12
3415,36,17,111,9,-0.6365354853619557,8
3416,94,23,107,10,-0.637769308312726,13
3417,41,25,25,11,-0.6394054706376676,14
3418,9,49,68,25,-0.6403549802856343,24
3419,50,16,98,8,-0.6426219058041119,8
3420,77,27,86,14,-0.643410523776974,13
3421,114,12,30,6,-0.6487861981579929,6
3422,49,27,17,12,-0.6491822055299451,15
3423,50,38,63,20,-0.6599709375930077,18
3424,41,31,18,15,-0.665742785829812,16
3425,68,60,60,32,-0.6678876798342103,28
3426,114,40,37,22,-0.6680388190804033,18
3427,94,21,86,11,-0.6703196828344838,10
3428,39,56,87,29,-0.6711266151846677,27
3429,76,22,30,12,-0.6715166604442634,10
3430,58,13,43,7,-0.6756377653052408,6
3431,23,14,109,7,-0.6795387556597896,7
3432,25,19,18,9,-0.6816652439852758,10
3433,88,45,49,23,-0.6850820874151446,22
3434,17,33,107,17,-0.6889894153515204,16
3435,98,10,62,5,-0.6900751788017029,5
3436,90,34,16,16,-0.6982734048169768,18
3437,95,11,57,7,-0.6989616542578677,4
3438,87,56,51,29,-0.6990808622612193,27
3439,91,11,38,6,-0.7003822911270713,5
3440,104,23,18,10,-0.7012089452274208,13
3441,114,43,16,23,-0.707673911933505,20
3442,68,23,17,11,-0.7086074455277905,12
3443,27,16,54,8,-0.7140109356296589,8
3444,28,13,82,6,-0.7153587234866207,7
3445,40,18,61,9,-0.7154895706830816,9
3446,50,19,69,11,-0.723105666525245,8
3447,37,22,57,11,-0.7248362672161277,11
3448,96,10,71,5,-0.7278695572627789,5
3449,9,27,3,14,-0.7284011303001917,13
3450,65,86,7,41,-0.7314326563301068,45
3451,5,41,95,20,-0.7316066534315533,21
3452,86,77,40,41,-0.7352757671814375,36
3453,63,40,5,18,-0.7358500176759462,22
3454,15,24,25,11,-0.7394428200536295,13
3455,8,85,107,46,-0.7406329482914662,39
3456,77,58,60,29,-0.7413990730942289,29
3457,64,22,38,11,-0.741675899909911,11
3458,74,13,36,8,-0.743717573303844,5
3459,63,37,41,19,-0.7444231446880566,18
3460,84,24,46,13,-0.7446057703540011,11
3461,71,20,3,10,-0.7446115406314829,10
3462,15,10,17,6,-0.7511461577580946,4
3463,13,15,14,9,-0.751185424264851,6
3464,12,14,50,5,-0.7591319050196554,9
3465,49,63,13,34,-0.7635811740028766,29
3466,7,96,107,54,-0.7700695698456725,42
3467,104,15,33,7,-0.7704375614853106,8
3468,93,20,97,10,-0.7717644600090567,10
3469,84,19,10,10,-0.7730240789929577,9
3470,99,22,87,12,-0.7762165713325071,10
3471,28,51,13,26,-0.7790491963091725,25
3472,86,25,35,14,-0.7790661728530298,11
3473,34,17,9,9,-0.77910514985876,8
3474,97,13,100,7,-0.7866792604447764,6
3475,104,18,4,8,-0.7872554057904768,10
3476,3,15,96,7,-0.7883607611625825,8
3477,89,16,28,9,-0.7901986413516622,7
3478,109,32,16,17,-0.791380087647645,15
3479,19,23,100,12,-0.794065476994911,11
3480,88,22,2,11,-0.7956469041111237,11
3481,51,30,30,16,-0.8010379369741425,14
3482,40,26,30,13,-0.8045580871786177,13
3483,40,14,56,7,-0.8062835825274064,7
3484,50,31,84,15,-0.8064114901977935,16
3485,107,58,96,31,-0.8081270899904945,27
3486,79,16,7,8,-0.8085663274395147,8
3487,11,27,13,14,-0.8150505436514458,13
3488,20,27,74,13,-0.8203305748765273,14
3489,45,19,114,10,-0.8205689132017484,9
3490,28,83,107,44,-0.8210512254142028,39
3491,95,15,84,8,-0.8218033746912378,7
3492,37,48,28,24,-0.8263140292594411,24
3493,106,12,29,6,-0.8264692442725535,6
3494,114,15,33,7,-0.8283609152315335,8
3495,46,16,2,8,-0.8285194662826783,8
3496,30,23,28,11,-0.840323990421683,12
3497,98,14,60,7,-0.8439389777307166,7
3498,29,11,69,6,-0.8439423628658328,5
3499,50,11,62,6,-0.8451062062670082,5
3500,102,13,39,7,-0.8492100400200481,6
3501,17,34,13,18,-0.850603579128267,16
3502,13,32,100,17,-0.858263664676922,15
3503,88,14,19,7,-0.8605646537582021,7
3504,114,10,10,6,-0.8617397018011254,4
3505,51,74,88,34,-0.8657866111414259,40
3506,19,20,94,10,-0.8676936024077146,10
3507,37,67,8,34,-0.8700084298071528,33
3508,84,17,60,7,-0.8716143564890693,10
3509,7,11,108,5,-0.8716332223147826,6
3510,16,72,54,36,-0.8728050276256809,36
3511,39,13,1,5,-0.8746055005974142,8
3512,91,17,84,9,-0.8755346549877636,8
3513,29,12,43,6,-0.8771665293369457,6
3514,11,24,48,12,-0.8788776562363085,12
3515,4,21,77,11,-0.8810684428976734,10
3516,83,17,60,9,-0.8851626447494985,8
3517,65,98,63,50,-0.8891459827270378,48
3518,68,75,51,36,-0.8902380062570854,39
3519,88,76,8,39,-0.8933115574955759,37
3520,23,51,16,26,-0.8986830698055417,25
3521,74,17,68,10,-0.9001065237726515,7
3522,14,11,112,5,-0.9022319115654427,6
3523,68,64,65,33,-0.9027135274187612,31
3524,75,35,36,16,-0.9076169876586756,19
3525,50,17,43,10,-0.911659904777202,7
3526,48,18,39,10,-0.9127145579388771,8
3527,33,20,13,10,-0.9181205054603415,10
3528,114,27,75,14,-0.9181862737012573,13
3529,84,24,65,12,-0.9234950902348572,12
3530,86,17,33,8,-0.9246066959077452,9
3531,87,25,62,13,-0.9323860646607529,12
3532,55,13,27,7,-0.9348749202439617,6
3533,40,29,18,17,-0.9358054757186769,12
3534,29,12,17,6,-0.9396559694862591,6
3535,114,13,112,6,-0.9421647262329372,7
3536,53,23,63,12,-0.9461903574638926,11
3537,5,14,14,8,-0.9561035605846475,6
3538,29,17,54,9,-0.9568622693148616,8
3539,30,12,62,7,-0.9579903874565545,5
3540,103,11,106,5,-0.9583580547252434,6
3541,106,38,104,19,-0.9604760273979325,19
3542,88,13,72,7,-0.9660404326706524,6
3543,114,30,102,16,-0.9680544759122797,14
3544,39,40,9,19,-0.9707714759898943,21
3545,51,50,37,23,-0.9710667257210696,27
3546,104,18,43,8,-0.9713909420415108,10
3547,51,40,53,20,-0.9719493528973238,20
3548,9,12,78,6,-0.9745877106891214,6
3549,5,65,107,33,-0.9748363761521153,32
3550,54,67,8,32,-0.9788096362147561,35
3551,41,20,11,12,-0.9960131917038222,8
3552,17,37,37,21,-0.9978108601802036,16
3553,7,39,114,21,-1.0047894280060643,18
3554,93,11,114,5,-1.0049906589581687,6
3555,75,43,13,23,-1.0053644322647692,20
3556,88,12,45,7,-1.005819520359159,5
3557,107,28,98,14,-1.0170960211152535,14
3558,93,22,86,11,-1.0208024258978545,11
3559,33,10,70,5,-1.0222975969230645,5
3560,13,97,16,52,-1.0228384250943154,45
3561,44,20,63,11,-1.0233184771026504,9
3562,107,34,1,17,-1.0240407626738774,17
3563,9,56,13,30,-1.029692328241817,26
3564,51,25,47,12,-1.0330790733757684,13
3565,3,14,45,7,-1.0349134798027073,7
3566,18,59,7,29,-1.0365595161190124,30
3567,88,21,90,10,-1.0373159148886413,11
3568,51,35,18,17,-1.0414861976482428,18
3569,8,29,23,15,-1.0415352116212755,14
3570,69,19,114,11,-1.0427404151557151,8
3571,102,28,54,14,-1.047082814800161,14
3572,45,18,71,8,-1.050024616634439,10
3573,75,22,27,11,-1.0503344003348196,11
3574,107,48,27,25,-1.0524315784147233,23
3575,48,18,20,10,-1.0556464172960118,8
3576,109,30,104,15,-1.063865849600061,15
3577,8,55,70,28,-1.0665028298167962,27
3578,66,12,106,7,-1.0707591278531368,5
3579,37,20,67,11,-1.0707700527635244,9
3580,28,50,87,25,-1.072521726859484,25
3581,97,19,64,10,-1.0748997556854094,9
3582,1,10,29,6,-1.0752912105034547,4
3583,39,26,19,12,-1.0756409755590952,14
3584,13,35,57,17,-1.0762719305064814,18
3585,65,52,39,25,-1.0838234987013844,27
3586,74,13,40,7,-1.0901529369074696,6
3587,9,45,51,24,-1.0916592614178193,21
3588,11,16,14,9,-1.0923565448715815,7
3589,106,39,70,19,-1.1024614638047292,20
3590,46,35,107,17,-1.1031099530770958,18
3591,2,18,96,9,-1.1039761816908782,9
3592,45,19,40,10,-1.1043531225931214,9
3593,47,12,91,6,-1.104710696366028,6
3594,55,13,73,7,-1.1082443575059588,6
3595,88,18,61,8,-1.1254133453483963,10
3596,31,26,3,12,-1.1304098830558946,14
3597,106,26,36,13,-1.1307287364062808,13
3598,71,73,60,38,-1.1360670304013198,35
3599,41,71,65,39,-1.1364971533687538,32
3600,17,17,87,9,-1.1371532365649735,8
3601,50,35,39,18,-1.139563062530292,17
3602,38,24,88,14,-1.139732880510929,10
3603,87,45,30,23,-1.1431447616639798,22
3604,45,20,64,11,-1.143150033869323,9
3605,74,14,12,7,-1.1676100167547812,7
3606,7,28,49,16,-1.169650224450325,12
3607,110,16,87,9,-1.1878037867151192,7
3608,100,22,15,11,-1.1880318734469706,11
3609,79,14,34,8,-1.1918923228941705,6
3610,109,25,25,13,-1.1927554377225942,12
3611,11,16,93,10,-1.194367252998836,6
3612,65,52,75,26,-1.1957967627587298,26
3613,79,10,65,5,-1.2013413032834053,5
3614,7,44,63,26,-1.2086828652803665,18
3615,107,52,11,28,-1.2094444704238954,24
3616,97,33,25,17,-1.2112097532933461,16
3617,74,11,98,6,-1.2137114800422124,5
3618,20,81,86,43,-1.214920984168943,38
3619,49,22,51,11,-1.223339610254356,11
3620,3,33,39,16,-1.2238339804922667,17
3621,9,26,71,14,-1.2262156519313807,12
3622,95,16,63,8,-1.233969730193377,8
3623,93,21,107,10,-1.2375139728583175,11
3624,31,25,71,13,-1.2380158081615502,12
3625,4,30,107,15,-1.2387516471106224,15
3626,60,32,3,17,-1.238907759945788,15
3627,65,22,77,11,-1.2403405493552595,11
3628,107,31,108,16,-1.2462257353255575,15
3629,89,10,65,5,-1.2467666872041385,5
3630,33,22,16,13,-1.2507199492720238,9
3631,16,15,73,7,-1.2607482082851342,8
3632,14,15,107,7,-1.262180496300674,8
3633,43,19,63,10,-1.2637110667141367,9
3634,65,27,50,14,-1.2644687002361992,13
3635,108,19,50,9,-1.270167576199734,10
3636,1,11,71,5,-1.2732152302328004,6
3637,114,17,15,9,-1.2734943259065574,8
3638,15,15,30,8,-1.2763156051583031,7
3639,51,30,50,15,-1.277023353905357,15
3640,109,20,97,10,-1.2834069052578214,10
3641,54,17,33,8,-1.2844291677407338,9
3642,74,53,16,28,-1.2870673809929654,25
3643,39,74,7,37,-1.288018081289336,37
3644,88,56,41,30,-1.2904746556925686,26
3645,74,22,2,12,-1.2925512141562505,10
3646,13,44,5,23,-1.3023509853743016,21
3647,104,14,20,8,-1.3034979892398526,6
3648,86,13,6,7,-1.306297639697856,6
3649,58,28,9,15,-1.3102681358219028,13
3650,51,12,32,6,-1.314434714983353,6
3651,8,16,10,9,-1.3145513780375313,7
3652,55,17,3,9,-1.3172267439478242,8
3653,80,18,74,9,-1.3199661328668575,9
3654,109,25,60,13,-1.3235251021634893,12
3655,65,13,61,6,-1.3279652478825155,7
3656,76,29,70,14,-1.3451436146232192,15
3657,40,17,108,8,-1.3479697301696822,9
3658,27,12,18,7,-1.348491059130869,5
3659,78,26,84,14,-1.3485306553399403,12
3660,88,37,97,19,-1.3490743629309028,18
3661,54,43,39,22,-1.3498867451175363,21
3662,49,29,30,15,-1.3512252684605837,14
3663,18,16,12,9,-1.353806243690165,7
3664,85,12,69,6,-1.3560361154784737,6
3665,87,17,111,9,-1.3561671479223416,8
3666,70,39,107,19,-1.3599998705907195,20
3667,74,12,112,6,-1.3616749140437368,6
3668,68,42,64,24,-1.3624818601326816,18
3669,30,26,25,12,-1.3633847180345777,14
3670,76,47,106,22,-1.3637390504385927,25
3671,104,36,76,20,-1.365136601264365,16
3672,76,11,90,5,-1.371109786983603,6
3673,48,10,75,5,-1.3711471542080287,5
3674,55,66,86,35,-1.3714897734674971,31
3675,69,11,6,5,-1.3727715082405267,6
3676,13,69,41,35,-1.372940429640105,34
3677,41,30,106,15,-1.3806292559177735,15
3678,7,31,95,17,-1.3809406634768695,14
3679,39,42,11,22,-1.38149500798299,20
3680,11,41,50,22,-1.3816262941644981,19
3681,29,11,36,5,-1.3837445576600587,6
3682,39,47,63,28,-1.3876854118637523,19
3683,37,13,43,6,-1.39155356085389,7
3684,16,25,44,12,-1.3924747988210244,13
3685,9,13,91,7,-1.3946381880594534,6
3686,44,12,75,7,-1.3998373775330364,5
3687,95,17,70,8,-1.4011695857654913,9
3688,88,16,78,8,-1.4017085145544534,8
3689,19,18,112,10,-1.4017639667638637,8
3690,40,16,12,8,-1.412082266616442,8
3691,109,11,94,5,-1.4139835062750101,6
3692,53,11,1,6,-1.4196819324858239,5
3693,45,35,36,16,-1.4232731245081227,19
3694,86,56,70,30,-1.4292180536114512,26
3695,76,23,109,11,-1.4314797840953537,12
3696,111,29,16,16,-1.4359247070964496,13
3697,25,28,50,14,-1.4391705454909016,14
3698,97,21,20,10,-1.4395279608818727,11
3699,63,55,106,28,-1.4485566818099482,27
3700,88,62,46,31,-1.4519317579443416,31
3701,55,30,53,16,-1.4538038424746405,14
3702,89,16,50,9,-1.4560158637801313,7
3703,38,16,8,8,-1.4562520429495762,8
3704,54,32,84,17,-1.4591305177250877,15
3705,83,23,25,13,-1.459720188055496,10
3706,47,21,31,11,-1.4606130980712662,10
3707,28,20,33,9,-1.4609880096092156,11
3708,51,64,40,33,-1.4624658901194143,31
3709,43,13,23,7,-1.4628793390447175,6
3710,96,48,87,26,-1.4629434595612116,22
3711,2,32,86,16,-1.4682447143488924,16
3712,32,17,11,8,-1.4729852723414758,9
3713,55,23,20,12,-1.4733693688994078,11
3714,13,32,109,18,-1.4741794000078121,14
3715,63,15,73,7,-1.4760785674332912,8
3716,84,10,68,6,-1.4788993773509191,4
3717,100,13,53,7,-1.488662831422911,6
3718,109,12,49,6,-1.489798170159594,6
3719,13,59,4,32,-1.4911690163054772,27
3720,5,52,46,28,-1.4974094901037482,24
3721,68,50,107,27,-1.5016812102690025,23
3722,48,35,16,18,-1.5048512213742042,17
3723,55,12,46,7,-1.514859018089955,5
3724,41,10,48,5,-1.5154908856574238,5
3725,39,44,8,22,-1.5180393620825645,22
3726,30,17,29,10,-1.521683446949579,7
3727,37,14,35,7,-1.523131742310598,7
3728,86,60,30,33,-1.5234348237537512,27
3729,65,26,83,13,-1.5253499649391125,13
3730,84,20,114,11,-1.52828266290098,9
3731,53,13,29,8,-1.5317670028644754,5
3732,45,23,13,12,-1.5362814776486233,11
3733,74,61,107,33,-1.5445233108407423,28
3734,83,23,104,13,-1.5563880557352991,10
3735,107,34,34,19,-1.558441310475335,15
3736,29,20,3,11,-1.5593189063525532,9
3737,28,66,8,35,-1.5619285888266068,31
3738,111,14,9,7,-1.5621342613374538,7
3739,86,100,106,52,-1.5692663469089445,48
3740,88,58,40,31,-1.5715316879527899,27
3741,13,60,104,31,-1.5724528656069037,29
3742,39,37,47,19,-1.5726757367898296,18
3743,46,25,60,13,-1.5735893742532685,12
3744,90,22,55,10,-1.578656952498874,12
3745,68,48,111,24,-1.583619886936048,24
3746,25,15,2,7,-1.5845186001024019,8
3747,86,113,107,60,-1.592838110533033,53
3748,87,17,58,9,-1.5945657171525212,8
3749,75,11,14,6,-1.594721022285632,5
3750,18,10,94,5,-1.600111613157304,5
3751,65,14,78,6,-1.600311294048206,8
3752,3,15,23,8,-1.6013986021332858,7
3753,57,13,64,7,-1.6089353924998575,6
3754,51,44,28,22,-1.6126011664528532,22
3755,57,19,3,10,-1.616582824783883,9
3756,57,18,68,9,-1.6190755944848343,9
3757,87,17,44,9,-1.6239279411647838,8
3758,41,78,7,40,-1.6316845641232842,38
3759,63,20,47,9,-1.6356602263063749,11
3760,27,52,13,27,-1.6420133749052346,25
3761,57,35,86,19,-1.649184340076715,16
3762,3,18,81,10,-1.6498464584175307,8
3763,68,23,36,12,-1.6511686348202665,11
3764,77,14,19,7,-1.6614418067558503,7
3765,74,47,37,24,-1.6628163329711265,23
3766,48,19,106,10,-1.6634533717988316,9
3767,17,16,85,9,-1.6640468368595824,7
3768,31,28,45,15,-1.6710870406691087,13
3769,77,15,3,7,-1.6753092700246874,8
3770,106,34,68,18,-1.6879506890966793,16
3771,74,28,11,15,-1.6902069324276234,13
3772,12,29,51,15,-1.6905713428532645,14
3773,86,24,34,12,-1.6932391968680565,12
3774,5,64,28,33,-1.6933141899778517,31
3775,46,23,9,13,-1.6945658865661515,10
3776,23,15,36,6,-1.6972875274185715,9
3777,102,16,20,8,-1.6989391239814924,8
3778,86,44,23,23,-1.7030841833116435,21
3779,37,10,48,5,-1.703593750319215,5
3780,7,40,54,21,-1.7088310244062668,19
3781,43,14,109,7,-1.712926735873305,7
3782,38,32,86,17,-1.7164597494651734,15
3783,45,15,63,8,-1.7260545689947928,7
3784,68,13,32,8,-1.7311662598089228,5
3785,107,75,51,43,-1.7312362472820846,32
3786,75,19,70,9,-1.7314858975507368,10
3787,96,38,106,21,-1.7318320126651903,17
3788,106,19,48,10,-1.7335189393534853,9
3789,88,37,36,21,-1.7392851936744331,16
3790,109,10,78,5,-1.740661389354757,5
3791,6,11,18,6,-1.7414584600944745,5
3792,36,33,60,17,-1.7416473627060742,16
3793,61,13,86,7,-1.7442789867829431,6
3794,29,17,7,7,-1.7467705733456498,10
3795,78,13,72,6,-1.7506462362909612,7
3796,68,31,4,16,-1.7510661926181545,15
3797,70,26,84,14,-1.7530345342228948,12
3798,65,93,54,49,-1.7538951192446708,44
3799,28,41,39,21,-1.7575002542607046,20
3800,110,11,88,5,-1.7642228121429868,6
3801,11,14,33,6,-1.768399073594802,8
3802,90,25,37,13,-1.7816453937181784,12
3803,6,16,87,8,-1.7863036764755194,8
3804,43,25,27,13,-1.79448849740525,12
3805,17,11,19,5,-1.8011329372202576,6
3806,65,19,49,10,-1.8035925314164634,9
3807,31,34,51,20,-1.8036645224364214,14
3808,1,28,41,16,-1.8063913789876536,12
3809,25,22,36,11,-1.8071440138268584,11
3810,48,24,11,13,-1.8103920900926083,11
3811,111,18,40,9,-1.8104998545748818,9
3812,60,23,19,11,-1.8128419885227383,12
3813,28,18,79,10,-1.8130893193426156,8
3814,77,20,49,12,-1.8145458804753243,8
3815,109,11,71,6,-1.819641782820222,5
3816,99,13,102,7,-1.8212893413036864,6
3817,108,16,64,8,-1.8224151605655852,8
3818,43,19,3,11,-1.8226162777405013,8
3819,39,44,41,25,-1.8255908405074985,19
3820,114,13,44,7,-1.8263733365516708,6
3821,60,38,43,20,-1.8265005826707092,18
3822,3,11,106,6,-1.8270221877820196,5
3823,13,29,74,15,-1.8278354237299068,14
3824,109,54,28,30,-1.8301464583611147,24
3825,96,38,84,19,-1.835648682700679,19
3826,20,30,114,16,-1.839540566254475,14
3827,97,22,53,12,-1.8492466822191078,10
3828,112,11,85,6,-1.86190112472257,5
3829,114,21,43,10,-1.8643335671695762,11
3830,5,95,37,49,-1.865428870342572,46
3831,54,26,17,13,-1.867393134138254,13
3832,41,49,51,26,-1.877505705092543,23
3833,79,14,8,6,-1.8787453444383126,8
3834,64,30,87,15,-1.8805745129965612,15
3835,86,34,15,18,-1.880710969953343,16
3836,8,41,2,21,-1.8848654476169693,20
3837,64,23,25,12,-1.8857238852847689,11
3838,106,35,20,19,-1.890590591428699,16
3839,99,27,55,15,-1.895072402151854,12
3840,23,28,51,15,-1.9066169824504664,13
3841,1,38,68,20,-1.9099752765436673,18
3842,63,29,71,16,-1.915183979520071,13
3843,17,11,110,6,-1.9155371371930654,5
3844,106,32,97,16,-1.9159665785715099,16
3845,76,11,99,5,-1.9173589523208336,6
3846,87,36,18,20,-1.9196501953257687,16
3847,64,43,53,23,-1.9214578200473016,20
3848,18,21,114,11,-1.923577249757447,10
3849,86,56,114,29,-1.9239569797033842,27
3850,40,19,70,11,-1.9276789997691202,8
3851,94,22,27,12,-1.929378634931121,10
3852,97,14,23,7,-1.9330528734436563,7
3853,80,11,17,7,-1.9331063026674833,4
3854,98,10,32,5,-1.9380052263831622,5
3855,7,49,71,24,-1.9387153694352766,25
3856,104,13,110,8,-1.9388474450810558,5
3857,31,14,23,8,-1.9392936999416424,6
3858,96,18,13,10,-1.9406803869416942,8
3859,69,14,112,7,-1.9415067419167844,7
3860,55,20,25,11,-1.9429576796619947,9
3861,48,15,7,7,-1.9478692265013033,8
3862,64,34,36,17,-1.9485056781764598,17
3863,71,12,78,6,-1.9545808326383198,6
3864,35,11,50,6,-1.9581460146246743,5
3865,65,28,11,16,-1.9583032529052828,12
3866,46,22,57,12,-1.9631857780739894,10
3867,70,49,16,27,-1.9664047334731969,22
3868,15,15,64,7,-1.974538086287131,8
3869,53,28,95,17,-1.9769373995573178,11
3870,11,20,7,11,-1.9783496463256065,9
3871,25,38,28,22,-1.983389891159918,16
3872,4,19,53,10,-1.987694792892672,9
3873,38,20,60,10,-1.9901891037372657,10
3874,50,38,13,20,-1.9937674166002943,18
3875,112,15,104,8,-1.9939359727925703,7
3876,39,24,62,12,-1.9971734801043943,12
3877,87,32,75,17,-2.0004298974911783,15
3878,87,18,12,10,-2.0012720031216933,8
3879,46,26,68,14,-2.0015169846627177,12
3880,28,87,16,47,-2.0038366917622867,40
3881,97,22,83,10,-2.007636873207568,12
3882,13,23,12,15,-2.0096927199735104,8
3883,16,44,57,23,-2.009782248533238,21
3884,70,29,68,15,-2.015118158104638,14
3885,37,14,69,7,-2.015512849900142,7
3886,60,11,93,7,-2.018629631632218,4
3887,90,37,8,21,-2.01946478207178,16
3888,17,27,114,16,-2.021159075364869,11
3889,39,31,95,16,-2.0237049528227313,15
3890,60,32,18,17,-2.0244266182620265,15
3891,13,11,32,6,-2.026181507027533,5
3892,9,29,60,17,-2.026686622824744,12
3893,51,29,57,15,-2.0309876392269666,14
3894,114,14,91,7,-2.031242634143396,7
3895,79,11,55,6,-2.0315889229013417,5
3896,65,18,109,11,-2.0321022824018544,7
3897,94,15,29,8,-2.03386830561419,7
3898,50,13,83,6,-2.034563553464953,7
3899,88,21,93,12,-2.047097578055207,9
3900,72,10,8,6,-2.04814530631759,4
3901,80,31,65,16,-2.05091984654234,15
3902,90,45,86,25,-2.0574221764428238,20
3903,88,12,79,7,-2.0642453169607626,5
3904,102,20,65,12,-2.0644218186567165,8
3905,103,11,41,6,-2.076362601028119,5
3906,51,34,20,16,-2.0767207770724885,18
3907,63,10,82,5,-2.0779758612966877,5
3908,65,47,74,24,-2.0847963525870905,23
3909,51,14,44,9,-2.0848742289559725,5
3910,28,55,88,30,-2.0851563159512985,25
3911,62,18,13,9,-2.091905330703411,9
3912,91,12,17,7,-2.0932516032559643,5
3913,8,22,97,11,-2.094799206270941,11
3914,55,34,83,17,-2.0962093979720193,17
3915,79,18,84,9,-2.0988599029371886,9
3916,38,11,12,6,-2.1101018439230717,5
3917,33,12,74,6,-2.113811361821,6
3918,72,17,7,9,-2.1143024060967655,8
3919,64,20,1,10,-2.116432620959366,10
3920,37,38,65,19,-2.116557677432621,19
3921,70,11,53,6,-2.117480208536356,5
3922,9,62,7,31,-2.1219031094822904,31
3923,84,26,37,14,-2.1240499046478805,12
3924,16,62,11,37,-2.1283447256145176,25
3925,19,22,30,11,-2.1381402806685594,11
3926,64,14,80,7,-2.1424879291036816,7
3927,54,23,15,11,-2.144473987666565,12
3928,53,13,23,7,-2.1639220781507644,6
3929,54,75,86,39,-2.1689438842347455,36
3930,39,11,33,6,-2.1701558874520313,5
3931,15,27,60,14,-2.171860166784133,13
3932,93,16,84,8,-2.173203038685071,8
3933,70,26,63,14,-2.1813121472430432,12
3934,74,64,8,36,-2.1866220406514896,28
3935,54,10,31,5,-2.1866689261471493,5
3936,87,46,11,23,-2.186798432360173,23
3937,40,33,41,17,-2.193580777269949,16
3938,40,75,7,42,-2.1957521283064807,33
3939,65,92,13,50,-2.2015815546077877,42
3940,88,63,60,35,-2.2053487740970468,28
3941,114,30,54,15,-2.2111415264913634,15
3942,96,50,5,28,-2.21142719225076,22
3943,55,84,8,42,-2.212352121108186,42
3944,72,12,107,6,-2.212838159801352,6
3945,51,12,93,6,-2.216632142916852,6
3946,98,14,18,6,-2.2211477971408065,8
3947,99,13,98,6,-2.22125816779338,7
3948,33,11,88,5,-2.224220943421554,6
3949,25,16,90,9,-2.226157693683706,7
3950,1,12,62,7,-2.2295391066336445,5
3951,74,27,20,15,-2.230377352624161,12
3952,20,14,18,8,-2.233452860395892,6
3953,114,26,4,13,-2.2345648368573685,13
3954,27,10,70,5,-2.243263258457554,5
3955,7,27,100,15,-2.2445382973019394,12
3956,4,38,88,20,-2.24592170041755,18
3957,29,20,51,10,-2.2510492923769214,10
3958,25,30,95,16,-2.25397314365567,14
3959,106,62,87,32,-2.262204101784014,30
3960,88,45,106,26,-2.2639858690375605,19
3961,7,12,85,7,-2.267272935114745,5
3962,96,66,28,35,-2.2674069446039327,31
3963,31,10,61,5,-2.2696136748473594,5
3964,3,17,69,10,-2.270448924026139,7
3965,104,37,39,20,-2.2780233564346495,17
3966,35,20,88,10,-2.2787018333731495,10
3967,40,47,9,26,-2.2806450266015688,21
3968,49,21,68,11,-2.2819457859385204,10
3969,114,38,63,23,-2.2836807270192585,15
3970,4,13,106,6,-2.287883468044352,7
3971,5,24,100,13,-2.2932427434044693,11
3972,81,15,9,8,-2.297406284952818,7
3973,32,21,86,11,-2.2989864902239,10
3974,50,12,58,6,-2.303376752943112,6
3975,43,11,49,6,-2.3034651796292938,5
3976,48,18,109,9,-2.3066244801907967,9
3977,91,32,88,17,-2.315767764685103,15
3978,102,21,104,10,-2.320627297470276,11
3979,64,23,50,12,-2.3285304422785043,11
3980,5,51,109,26,-2.3285813949081646,25
3981,53,28,25,14,-2.3301510854690832,14
3982,86,16,29,9,-2.3399676619619454,7
3983,50,13,6,7,-2.341492332331065,6
3984,38,12,114,6,-2.3415263774379937,6
3985,2,20,16,11,-2.344610668498853,9
3986,20,15,57,8,-2.347711294302424,7
3987,8,82,86,41,-2.351456932940769,41
3988,54,57,87,32,-2.3514935368083676,25
3989,3,19,104,10,-2.3520715951524074,9
3990,31,36,4,21,-2.3535355966794675,15
3991,63,19,17,10,-2.3541247677327144,9
3992,109,14,96,8,-2.3566759619593642,6
3993,88,44,64,25,-2.359083003612554,19
3994,5,23,99,12,-2.3616219022642833,11
3995,50,24,40,14,-2.3671440474550494,10
3996,112,19,50,11,-2.3689643473531765,8
3997,48,15,30,9,-2.3702999073115163,6
3998,96,55,8,30,-2.3714393570924233,25
3999,86,59,109,32,-2.371509864097947,27
4000,69,33,51,19,-2.3752788279961097,14
4001,107,40,71,23,-2.3760609676092477,17
4002,27,18,100,9,-2.376429714988127,9
4003,17,23,8,12,-2.380809098241683,11
4004,15,16,43,8,-2.382857847491487,8
4005,56,13,75,8,-2.3840139649043506,5
4006,104,25,96,14,-2.3866419839158355,11
4007,71,21,4,13,-2.3871750117365993,8
4008,95,40,104,22,-2.389034218387607,18
4009,8,12,111,6,-2.390343846489093,6
4010,87,22,83,11,-2.3903571419434884,11
4011,28,38,46,22,-2.3990178798165633,16
4012,98,15,114,8,-2.3992721750256893,7
4013,80,26,20,14,-2.4033351571638573,12
4014,69,18,9,10,-2.4050002453980612,8
4015,93,33,8,17,-2.4111455321691304,16
4016,92,11,65,6,-2.411285975254871,5
4017,28,51,11,26,-2.4132515223591926,25
4018,20,38,88,19,-2.4156839797078273,19
4019,25,46,107,24,-2.4187485647838773,22
4020,99,11,109,6,-2.419517402501058,5
4021,112,19,27,10,-2.423132728014328,9
4022,88,35,1,18,-2.42517729077247,17
4023,75,20,91,7,-2.4323694332612673,13
4024,51,19,14,12,-2.4338441230915153,7
4025,106,39,55,22,-2.4381392466666045,17
4026,88,31,96,16,-2.4406464912019885,15
4027,30,14,9,8,-2.443448800104742,6
4028,50,10,32,4,-2.4440541907162716,6
4029,13,22,34,12,-2.4454259455433367,10
4030,29,11,103,5,-2.452441970049178,6
4031,86,31,85,17,-2.4546113819809183,14
4032,112,29,65,16,-2.4552380652908345,13
4033,7,23,35,12,-2.4646463019795055,11
4034,69,17,74,8,-2.466497282082454,9
4035,74,40,87,22,-2.4671563114027464,18
4036,81,17,4,10,-2.467812477706327,7
4037,76,14,100,7,-2.4794061135335657,7
4038,62,15,76,8,-2.4840168024368525,7
4039,16,68,104,37,-2.485132630892055,31
4040,111,11,18,6,-2.489910872635885,5
4041,109,18,37,10,-2.5010134043415313,8
4042,28,26,60,12,-2.503783946382719,14
4043,55,43,75,25,-2.5125301308500276,18
4044,36,15,12,8,-2.5163199425137495,7
4045,19,19,28,11,-2.5182869063974485,8
4046,49,19,3,10,-2.5189627298191213,9
4047,54,34,80,17,-2.5244394841569355,17
4048,4,18,39,10,-2.5267698999647226,8
4049,9,33,36,18,-2.527924078037467,15
4050,30,19,99,11,-2.5303882936847786,8
4051,107,15,44,8,-2.5305445670994087,7
4052,109,34,87,19,-2.530643956065872,15
4053,17,29,7,16,-2.5320894413613915,13
4054,95,20,20,11,-2.5325274069422727,9
4055,94,15,69,8,-2.535027799735268,7
4056,60,50,39,26,-2.5355246842136108,24
4057,60,11,111,7,-2.535604443502029,4
4058,87,19,14,11,-2.538276336309709,8
4059,79,16,63,9,-2.5383647167046717,7
4060,60,25,63,14,-2.5472563824704046,11
4061,16,46,41,23,-2.549196136708536,23
4062,36,74,7,40,-2.54935875079736,34
4063,76,14,44,8,-2.550414193143335,6
4064,1,19,73,11,-2.5534291003907295,8
4065,63,10,83,4,-2.557624644664858,6
4066,23,11,9,6,-2.5650998994582825,5
4067,107,50,50,26,-2.5656690703128167,24
4068,38,18,29,10,-2.569512191405065,8
4069,17,15,1,8,-2.5752502333351277,7
4070,86,34,49,17,-2.577471582471884,17
4071,71,14,69,7,-2.582352607553779,7
4072,87,17,77,9,-2.5836386226020807,8
4073,69,28,87,16,-2.585479778910423,12
4074,18,33,86,19,-2.5923706641316473,14
4075,109,10,1,5,-2.592960677140225,5
4076,91,23,36,13,-2.600483205457647,10
4077,107,25,85,13,-2.601380149286501,12
4078,90,37,107,19,-2.6015860655240464,18
4079,66,10,72,5,-2.6022001256645586,5
4080,8,15,29,9,-2.602614792717871,6
4081,1,29,40,16,-2.608102727316189,13
4082,108,15,75,8,-2.611880297816683,7
4083,2,13,76,8,-2.6134640032331116,5
4084,64,28,75,15,-2.614396425436705,13
4085,68,107,7,58,-2.6156429768400975,49
4086,89,10,39,6,-2.6189716831037586,4
4087,63,33,9,18,-2.6257484913339657,15
4088,86,36,91,19,-2.627461430980282,17
4089,39,30,17,17,-2.63473827504273,13
4090,54,13,110,7,-2.6358849029934492,6
4091,17,17,11,9,-2.63850353139516,8
4092,95,14,33,8,-2.6415453896084555,6
4093,6,17,88,9,-2.643401887191552,8
4094,5,60,16,35,-2.643518445682432,25
4095,8,24,30,13,-2.6514132136935475,11
4096,36,13,57,8,-2.653116090105381,5
4097,12,45,65,23,-2.653404399911484,22
4098,88,29,92,16,-2.65412565592523,13
4099,63,23,78,12,-2.654431222624278,11
4100,51,49,17,25,-2.6551478680926848,24
4101,91,13,74,7,-2.658254293210725,6
4102,46,26,97,14,-2.665342497244284,12
4103,74,25,114,13,-2.666972342657448,12
4104,75,18,95,10,-2.672802736686619,8
4105,44,17,25,9,-2.673535476281759,8
4106,27,51,16,28,-2.674182040583832,23
4107,5,25,39,13,-2.6791322172692884,12
4108,107,21,93,12,-2.6848247910711387,9
4109,48,25,8,14,-2.6857985301597798,11
4110,71,40,65,23,-2.6867803351656674,17
4111,30,25,27,14,-2.6946794388020945,11
4112,107,50,41,29,-2.7130435159152007,21
4113,70,16,49,8,-2.7131214221068403,8
4114,80,11,95,6,-2.7197438471090796,5
4115,70,31,104,17,-2.7208109249750048,14
4116,88,53,55,31,-2.721264805593774,22
4117,88,16,44,8,-2.7255415222047015,8
4118,94,14,63,8,-2.7314736551968397,6
4119,34,12,75,6,-2.7327928404854562,6
4120,106,50,65,27,-2.735321183024918,23
4121,63,12,99,6,-2.7377253409939377,6
4122,104,22,97,11,-2.7396377781056187,11
4123,8,12,112,6,-2.740736306324458,6
4124,29,13,9,7,-2.7419893199296044,6
4125,51,24,71,13,-2.7455734518808694,11
4126,65,12,81,7,-2.7457129785154812,5
4127,92,14,51,7,-2.747963640048809,7
4128,43,14,70,8,-2.753352748891417,6
4129,88,60,87,30,-2.7551951303481266,30
4130,96,34,97,17,-2.7556888339056815,17
4131,55,50,39,28,-2.7557845118577005,22
4132,84,39,87,21,-2.761245376421255,18
4133,28,99,86,55,-2.762726515499761,44
4134,77,17,5,9,-2.7658375671945885,8
4135,40,11,38,5,-2.771552043064858,6
4136,10,11,5,5,-2.7716738654503192,6
4137,84,87,86,44,-2.7811330297923607,43
4138,91,31,28,17,-2.78581966806185,14
4139,100,16,12,10,-2.7868623761318676,6
4140,97,15,9,7,-2.7891659901703596,8
4141,102,12,70,5,-2.7906887378625402,7
4142,36,13,100,7,-2.7923934619121096,6
4143,1,26,7,14,-2.793205495238504,12
4144,109,20,50,11,-2.798084616202662,9
4145,78,13,55,8,-2.8006280910896573,5
4146,29,15,41,8,-2.804326475349554,7
4147,112,14,106,7,-2.805082024542768,7
4148,41,15,99,8,-2.808167291861728,7
4149,36,32,1,16,-2.8095303452930684,16
4150,80,32,16,18,-2.812380168004337,14
4151,98,12,39,7,-2.813957257779375,5
4152,47,13,64,8,-2.821240379057225,5
4153,71,13,18,7,-2.821320109059578,6
4154,109,14,40,8,-2.8243745319718685,6
4155,81,23,53,13,-2.832269045840244,10
4156,74,33,104,19,-2.832959821636547,14
4157,39,63,86,32,-2.8413131778189746,31
4158,76,24,46,13,-2.8453201116747966,11
4159,43,27,51,14,-2.845756036190169,13
4160,44,13,28,6,-2.846139863099275,7
4161,33,13,97,7,-2.8486496222061595,6
4162,96,16,73,9,-2.853430398009382,7
4163,99,18,51,9,-2.8534777973740635,9
4164,60,73,13,42,-2.8660619635572946,31
4165,63,23,46,11,-2.867241869896345,12
4166,53,12,57,6,-2.8739584447786406,6
4167,8,78,16,43,-2.875484173041489,35
4168,43,20,69,11,-2.8834435486239496,9
4169,74,24,75,14,-2.8903655619324415,10
4170,88,12,94,7,-2.893758720352405,5
4171,70,10,44,5,-2.8975248911261424,5
4172,49,15,114,7,-2.904145419228163,8
4173,3,18,78,9,-2.9047794476132514,9
4174,37,19,91,10,-2.9050960547005253,9
4175,68,35,3,20,-2.9096771599483793,15
4176,108,12,25,7,-2.9132670669268257,5
4177,106,19,102,9,-2.9207255392565092,10
4178,86,82,74,43,-2.9212877807151494,39
4179,87,20,36,12,-2.9355732508976633,8
4180,65,57,28,32,-2.936618804167043,25
4181,38,10,27,6,-2.9451355941814854,4
4182,65,20,18,10,-2.9468351166959508,10
4183,8,16,80,8,-2.9519293865537106,8
4184,46,23,114,13,-2.9631435316072414,10
4185,7,19,80,11,-2.9635916880504127,8
4186,57,18,25,10,-2.964934950553877,8
4187,53,11,47,6,-2.967218161853792,5
4188,78,14,28,7,-2.969090445302413,7
4189,37,21,2,11,-2.96975801126945,10
4190,17,16,64,8,-2.9719040312463627,8
4191,4,32,36,19,-2.9739066740354194,13
4192,64,16,49,8,-2.974435618509844,8
4193,106,36,84,18,-2.9754739608250116,18
4194,1,13,46,6,-2.9771068452784495,7
4195,57,16,19,9,-2.998033651253156,7
4196,27,21,34,11,-2.9986530836565763,10
4197,69,11,4,6,-2.9994841766617175,5
4198,34,14,96,8,-3.001763014782562,6
4199,37,47,20,25,-3.0049852144749636,22
4200,39,36,71,20,-3.0138682175368996,16
4201,29,13,49,7,-3.0167276558140466,6
4202,18,18,81,10,-3.0168691904177813,8
4203,99,12,27,6,-3.0280763102634345,6
4204,65,39,25,23,-3.0368934823131157,16
4205,96,13,38,7,-3.0422152322461713,6
4206,109,34,88,19,-3.046527810071437,15
4207,86,42,71,22,-3.0606693617391714,20
4208,55,14,48,8,-3.0636269177668387,6
4209,25,18,71,10,-3.0644100067848146,8
4210,114,40,60,18,-3.0670908685799043,22
4211,25,30,75,17,-3.069551733540898,13
4212,84,28,109,16,-3.073799704825316,12
4213,63,40,74,21,-3.0803940829456544,19
4214,87,14,45,8,-3.086220297325659,6
4215,37,59,107,32,-3.087858660035624,27
4216,51,38,114,19,-3.0897978746847414,19
4217,91,10,64,6,-3.0993479020870796,4
4218,68,14,99,8,-3.100103615084465,6
4219,27,13,74,6,-3.1002755903304386,7
4220,60,15,92,9,-3.101629065738581,6
4221,106,25,109,13,-3.1028448270841773,12
4222,18,14,38,7,-3.1041681623448047,7
4223,68,55,27,30,-3.1057205044268104,25
4224,86,91,63,53,-3.106277287763664,38
4225,72,10,43,5,-3.1071314487034236,5
4226,4,24,50,12,-3.1105592371369597,12
4227,17,25,25,14,-3.1106502600539105,11
4228,80,11,36,6,-3.1158574211756616,5
4229,7,116,13,63,-3.1227785686799967,53
4230,48,10,57,6,-3.1261831262074082,4
4231,69,20,19,11,-3.1292067110361135,9
4232,65,48,23,25,-3.1380450881841506,23
4233,45,12,112,6,-3.1460936650177533,6
4234,23,23,75,11,-3.148733601092015,12
4235,7,51,104,28,-3.158219418007504,23
4236,82,21,86,12,-3.1586560919846263,9
4237,112,28,107,15,-3.163061851005343,13
4238,74,14,90,9,-3.168061351028922,5
4239,86,16,110,9,-3.1694821197260485,7
4240,60,25,106,15,-3.171261503808182,10
4241,30,12,74,6,-3.175828716417198,6
4242,51,93,13,49,-3.184527720933746,44
4243,112,14,72,7,-3.187023290275788,7
4244,87,24,94,13,-3.187308693752835,11
4245,50,54,37,28,-3.1883352760136074,26
4246,65,52,8,28,-3.188394498292159,24
4247,5,61,88,32,-3.1946532218196624,29
4248,39,41,36,23,-3.1998605067578225,18
4249,86,93,7,53,-3.2025353891099275,40
4250,17,28,106,17,-3.2039846830051117,11
4251,97,12,56,6,-3.2085312435870676,6
4252,31,47,60,23,-3.2094707274879264,24
4253,97,19,50,11,-3.210625734622642,8
4254,74,16,17,9,-3.21177055102783,7
4255,28,39,55,23,-3.2184704312839756,16
4256,7,55,23,30,-3.222928305376168,25
4257,16,21,4,10,-3.223993814900797,11
4258,51,46,8,25,-3.2258849231912943,21
4259,68,14,80,8,-3.230403837276107,6
4260,35,18,16,11,-3.2305329948687067,7
4261,36,49,107,26,-3.234838704648262,23
4262,60,25,99,14,-3.238194459102709,11
4263,81,12,23,7,-3.2407035870770007,5
4264,30,19,7,9,-3.2523104824501616,10
4265,64,38,107,20,-3.25264237164834,18
4266,25,47,114,27,-3.2540864225169766,20
4267,74,24,7,15,-3.257493143792889,9
4268,95,14,76,8,-3.257651508839797,6
4269,53,56,18,30,-3.2615252410170648,26
4270,54,56,28,31,-3.262278028179984,25
4271,49,21,54,11,-3.2658612056407383,10
4272,87,23,2,13,-3.266025042105876,10
4273,67,13,114,7,-3.274670651234843,6
4274,86,49,60,27,-3.2754717222931737,22
4275,38,10,108,6,-3.2810871215401947,4
4276,60,25,90,15,-3.2889183131065622,10
4277,69,10,100,5,-3.289341908459268,5
4278,69,14,11,9,-3.292040952782022,5
4279,74,20,100,11,-3.292910754624951,9
4280,11,52,8,29,-3.297278972001176,23
4281,87,36,23,21,-3.299045225591567,15
4282,5,60,104,32,-3.3007473735225057,28
4283,48,29,28,16,-3.3030143286202387,13
4284,64,21,114,12,-3.304666725448282,9
4285,54,31,30,17,-3.308857710614803,14
4286,75,31,60,17,-3.313915862803686,14
4287,39,32,100,17,-3.31623018392896,15
4288,84,16,97,10,-3.316428205809935,6
4289,18,21,30,11,-3.316712750453976,10
4290,97,14,98,7,-3.3185319117606182,7
4291,54,32,104,17,-3.328617374285993,15
4292,11,31,76,18,-3.3288507485718157,13
4293,50,19,41,11,-3.331657114556132,8
4294,5,13,68,7,-3.3380294056441127,6
4295,39,34,64,19,-3.3410123522098645,15
4296,98,20,54,11,-3.3414082574983,9
4297,33,13,75,8,-3.342736023465549,5
4298,55,72,13,39,-3.344244186918447,33
4299,91,15,40,8,-3.345577169162442,7
4300,20,10,83,5,-3.347889825164404,5
4301,107,15,14,9,-3.3479962116917545,6
4302,70,30,88,17,-3.3524090493184286,13
4303,78,22,100,12,-3.3554979104970575,10
4304,113,13,86,8,-3.3593996912401902,5
4305,106,17,14,10,-3.3600594128266095,7
4306,8,23,14,13,-3.3634201583462153,10
4307,68,25,78,14,-3.363943057344951,11
4308,97,25,54,13,-3.364815342765676,12
4309,20,17,40,10,-3.3649339637959637,7
4310,102,23,109,13,-3.3679677569149944,10
4311,60,55,51,33,-3.3720405945468572,22
4312,44,13,100,7,-3.3720452657314217,6
4313,98,15,73,8,-3.3800553651819163,7
4314,55,28,36,15,-3.383336577257353,13
4315,69,29,65,16,-3.3859013073229325,13
4316,62,32,86,17,-3.3859108170773924,15
4317,45,20,16,12,-3.387101414429136,8
4318,104,10,73,6,-3.391491099464731,4
4319,112,26,13,13,-3.392352489097591,13
4320,69,28,88,16,-3.392581137934278,12
4321,5,50,55,28,-3.393419962444799,22
4322,28,13,4,7,-3.3940824912486858,6
4323,87,33,76,19,-3.3950396444153768,14
4324,88,28,43,16,-3.3979854748204095,12
4325,84,29,55,16,-3.4012305577969593,13
4326,65,34,97,19,-3.401757302918018,15
4327,98,26,104,12,-3.4091853213510745,14
4328,87,26,71,14,-3.411373843173222,12
4329,36,11,17,5,-3.417273645156755,6
4330,97,12,11,6,-3.419346386793516,6
4331,19,28,15,15,-3.4214657648170395,13
4332,37,12,4,7,-3.4218717037755084,5
4333,19,13,11,8,-3.4302688040755767,5
4334,16,27,72,15,-3.4359446847969974,12
4335,25,31,102,17,-3.4382241991917164,14
4336,40,58,60,32,-3.4423663485116376,26
4337,112,10,11,6,-3.4429010642700106,4
4338,55,28,76,17,-3.4438952481653042,11
4339,87,37,95,20,-3.4486313771107993,17
4340,23,21,37,11,-3.4530437057487418,10
4341,5,23,33,12,-3.454327509177194,11
4342,51,49,106,27,-3.457607975311812,22
4343,12,12,85,7,-3.459451075901635,5
4344,51,11,103,6,-3.461903410480507,5
4345,8,31,83,16,-3.465429893631149,15
4346,5,60,74,32,-3.4699961467083447,28
4347,100,16,9,10,-3.4704383156376544,6
4348,112,24,63,13,-3.4717385481642506,11
4349,54,57,96,29,-3.47661338595835,28
4350,18,16,55,8,-3.481046717374471,8
4351,70,20,25,11,-3.484518115943737,9
4352,71,18,12,10,-3.4874429459484335,8
4353,51,30,36,16,-3.4874600225025065,14
4354,103,11,54,7,-3.4875703394156505,4
4355,36,13,62,7,-3.489528327052378,6
4356,95,25,60,14,-3.4911897053694894,11
4357,114,36,97,20,-3.494809729950691,16
4358,9,26,50,15,-3.4989626487903873,11
4359,63,18,49,10,-3.500149915800845,8
4360,108,13,37,7,-3.5019197237718496,6
4361,23,16,74,9,-3.5053157619270587,7
4362,33,10,49,6,-3.5057518320537775,4
4363,104,38,8,21,-3.5073414065674897,17
4364,25,17,93,9,-3.530039788975629,8
4365,7,15,44,8,-3.535266020755452,7
4366,36,65,40,37,-3.5400829247343655,28
4367,46,46,51,26,-3.5405198677265264,20
4368,65,49,53,26,-3.552341058928982,23
4369,71,26,62,14,-3.552725756878075,12
4370,4,13,30,7,-3.554167963462701,6
4371,36,19,28,10,-3.554999615354126,9
4372,33,11,64,7,-3.558110801858625,4
4373,54,36,11,20,-3.5608789843396815,16
4374,108,13,79,8,-3.562523700236057,5
4375,7,28,6,13,-3.5631855242339143,15
4376,29,27,16,14,-3.5681040419069068,13
4377,72,19,54,11,-3.570783272212803,8
4378,38,22,16,14,-3.5724883088865464,8
4379,28,50,20,28,-3.5784154895374147,22
4380,60,16,61,8,-3.58082656290379,8
4381,15,14,72,7,-3.582634435054872,7
4382,95,10,97,6,-3.58943247133478,4
4383,71,13,58,7,-3.5901555481142533,6
4384,18,19,91,11,-3.6010074197876603,8
4385,51,26,1,14,-3.6052865693895457,12
4386,28,26,80,14,-3.6230809501897747,12
4387,18,19,43,9,-3.6267699505365183,10
4388,70,10,14,5,-3.6470421341148493,5
4389,43,35,16,21,-3.65123161338613,14
4390,18,11,17,5,-3.6519056838531805,6
4391,9,15,109,7,-3.6538651478462696,8
4392,32,21,107,11,-3.6546977761524695,10
4393,71,10,90,5,-3.656103603020123,5
4394,31,24,39,14,-3.6610558433956144,10
4395,16,26,34,15,-3.6686926091572833,11
4396,51,26,108,14,-3.669690549423146,12
4397,18,32,88,17,-3.6713658752533838,15
4398,87,25,80,14,-3.671802865102298,11
4399,55,19,34,10,-3.680955248563573,9
4400,102,12,68,7,-3.68098709727057,5
4401,86,121,16,69,-3.6884492182254935,52
4402,28,19,23,10,-3.6970356039584393,9
4403,27,33,41,19,-3.6977036843675846,14
4404,51,115,16,62,-3.699310614911363,53
4405,38,35,107,20,-3.69953035095411,15
4406,14,16,65,8,-3.707339765184437,8
4407,103,11,88,6,-3.709809891013967,5
4408,5,21,15,13,-3.7147342263498238,8
4409,88,42,11,24,-3.7150827621608298,18
4410,54,64,20,33,-3.7237387131550492,31
4411,60,14,89,7,-3.723763452657912,7
4412,25,65,86,35,-3.735239092039536,30
4413,4,13,1,8,-3.7360390878519714,5
4414,54,52,46,29,-3.7381660486484787,23
4415,7,31,15,15,-3.741081293807926,16
4416,40,42,53,23,-3.7429391558119995,19
4417,104,52,88,30,-3.748900408253261,22
4418,43,17,35,9,-3.749011557971226,8
4419,102,27,16,15,-3.7491123611785757,12
4420,76,21,41,10,-3.750106309053706,11
4421,107,53,100,27,-3.76130983678396,26
4422,4,19,63,11,-3.7758336578086884,8
4423,92,13,104,6,-3.7768187223532292,7
4424,23,48,107,26,-3.7778307981128196,22
4425,93,10,7,5,-3.7802315490169662,5
4426,37,12,94,7,-3.788108137633397,5
4427,60,13,80,7,-3.788360223509818,6
4428,49,18,8,9,-3.798689704722047,9
4429,3,17,64,10,-3.801459101897863,7
4430,5,16,110,9,-3.8138584796050923,7
4431,91,28,5,17,-3.814625093066516,11
4432,16,37,15,19,-3.8227190203679067,18
4433,64,14,44,8,-3.824222642884567,6
4434,3,11,4,6,-3.825046392091852,5
4435,51,30,70,16,-3.8297117807076546,14
4436,104,39,87,20,-3.8304119187234904,19
4437,51,14,85,7,-3.8310675840112265,7
4438,13,26,91,14,-3.8317482607331113,12
4439,8,13,43,7,-3.8325900737455147,6
4440,55,44,7,26,-3.8332053851439998,18
4441,46,13,38,8,-3.8338597693432233,5
4442,7,26,20,14,-3.839940256500115,12
4443,65,28,15,16,-3.840262367340876,12
4444,31,23,18,12,-3.8430258307678655,11
4445,111,34,65,20,-3.8475275648066676,14
4446,114,25,41,13,-3.8544949021986654,12
4447,109,17,68,11,-3.8661451047117255,6
4448,47,25,87,14,-3.8746402800004573,11
4449,17,27,28,15,-3.885054779321748,12
4450,38,17,30,11,-3.8932796799126628,6
4451,57,23,28,13,-3.8971175709019774,10
4452,91,15,102,8,-3.901213400624812,7
4453,37,26,102,15,-3.901578428361024,11
4454,90,11,64,6,-3.902108781861291,5
4455,54,13,79,8,-3.90846253808764,5
4456,86,13,89,6,-3.9174928376954097,7
4457,87,111,86,58,-3.9177602419233906,53
4458,70,38,37,22,-3.9227382855891673,16
4459,2,28,5,16,-3.923277825320168,12
4460,16,70,60,39,-3.9249137643675156,31
4461,12,12,54,6,-3.924962601498122,6
4462,20,15,85,8,-3.925425491644285,7
4463,83,12,102,7,-3.9254792340582285,5
4464,23,16,49,9,-3.928181141634682,7
4465,34,20,109,11,-3.9288794114930043,9
4466,50,11,57,7,-3.929027822248146,4
4467,16,35,97,19,-3.9340820840887147,16
4468,97,10,80,6,-3.9365866928471034,4
4469,93,11,3,5,-3.9394735942906975,6
4470,40,11,6,6,-3.9442678680230827,5
4471,87,15,72,8,-3.9476714831248376,7
4472,17,34,65,21,-3.9540701507148897,13
4473,35,13,30,7,-3.958311571243133,6
4474,93,24,74,13,-3.960101768879081,11
4475,79,16,11,8,-3.974723408998089,8
4476,14,12,96,7,-3.975747798085754,5
4477,19,16,84,9,-3.977223734834221,7
4478,97,18,60,9,-3.9792005525226375,9
4479,112,16,31,10,-4.001730552260451,6
4480,71,33,30,18,-4.006253796204616,15
4481,31,12,66,7,-4.0087548725586535,5
4482,54,36,55,19,-4.011039158800405,17
4483,23,20,64,11,-4.0113420223155565,9
4484,110,20,8,12,-4.013172679497405,8
4485,43,13,57,9,-4.01488483458283,4
4486,53,49,39,28,-4.0166114325479985,21
4487,96,21,39,13,-4.016816457185763,8
4488,77,13,17,7,-4.019137969261599,6
4489,47,13,71,7,-4.030916530509354,6
4490,64,13,77,6,-4.0310378413129495,7
4491,68,63,88,36,-4.034997058729363,27
4492,27,21,47,12,-4.038801947351483,9
4493,43,10,1,5,-4.03897671575872,5
4494,76,26,98,15,-4.039201436166646,11
4495,50,21,7,11,-4.045740478776831,10
4496,88,43,23,26,-4.047882049914368,17
4497,40,10,32,5,-4.050021677419869,5
4498,20,10,14,6,-4.051966837258037,4
4499,80,13,38,8,-4.058220808984364,5
4500,107,73,88,42,-4.059899124075387,31
4501,95,10,43,6,-4.0633983206079485,4
4502,38,12,20,8,-4.067291998076463,4
4503,31,68,7,38,-4.069172309295859,30
4504,34,12,11,6,-4.072817944161177,6
4505,5,117,86,66,-4.074944655375777,51
4506,107,103,16,63,-4.081892238882273,40
4507,50,22,74,12,-4.086243740312161,10
4508,19,11,36,6,-4.0885902184216905,5
4509,79,11,112,6,-4.092088872238905,5
4510,107,25,15,16,-4.092385856197936,9
4511,35,24,20,14,-4.098728722002913,10
4512,93,20,83,11,-4.100880722204593,9
4513,39,13,69,7,-4.103604761139954,6
4514,63,30,97,17,-4.107378727934806,13
4515,17,20,104,11,-4.108592496563571,9
4516,39,28,57,15,-4.112346188716782,13
4517,2,12,7,7,-4.115660194227726,5
4518,46,12,3,6,-4.120061864952647,6
4519,65,22,45,11,-4.125923170388699,11
4520,94,16,112,10,-4.1306598471384035,6
4521,106,51,107,28,-4.131711792879518,23
4522,9,19,49,10,-4.134273187385771,9
4523,27,51,7,28,-4.136091254496651,23
4524,20,11,71,7,-4.136430557393971,4
4525,88,18,77,10,-4.138723345512824,8
4526,9,53,88,30,-4.139791770697589,23
4527,71,47,53,27,-4.141303557057988,20
4528,77,28,13,16,-4.142553833006349,12
4529,73,13,20,8,-4.146065391689571,5
4530,76,18,84,10,-4.146116027740745,8
4531,39,30,114,16,-4.148083234430642,14
4532,17,12,99,7,-4.14837583337694,5
4533,84,60,28,34,-4.150279635735799,26
4534,5,40,83,21,-4.1637099044245005,19
4535,84,34,16,19,-4.177116652788804,15
4536,104,56,86,31,-4.177478915094858,25
4537,7,33,43,20,-4.178253566474207,13
4538,25,27,23,15,-4.182190113226027,12
4539,54,18,94,10,-4.188296451426149,8
4540,40,70,13,39,-4.189895916000412,31
4541,94,14,55,8,-4.199473309410017,6
4542,74,18,108,11,-4.201041319943182,7
4543,57,14,9,8,-4.201215618084039,6
4544,40,11,15,6,-4.201647176656486,5
4545,4,22,55,12,-4.203282539310471,10
4546,36,56,65,32,-4.205692860728475,24
4547,51,52,54,29,-4.208382026140883,23
4548,87,28,90,16,-4.209781806456323,12
4549,62,19,100,10,-4.2143404386175405,9
4550,31,21,87,11,-4.220659397575877,10
4551,18,19,4,11,-4.220670692754493,8
4552,44,11,71,6,-4.223524348839462,5
4553,48,12,23,7,-4.227938531173128,5
4554,50,14,27,9,-4.235010139334762,5
4555,43,15,17,8,-4.236669826180696,7
4556,47,10,109,6,-4.236742850593237,4
4557,57,34,78,18,-4.2373087828977924,16
4558,86,19,19,11,-4.237673520110305,8
4559,34,14,106,7,-4.243674039664674,7
4560,74,15,88,10,-4.244509847633764,5
4561,62,15,49,9,-4.244999731944826,6
4562,47,27,16,15,-4.247160246064734,12
4563,29,14,76,7,-4.255674840210346,7
4564,80,17,104,9,-4.256665633473226,8
4565,38,15,51,9,-4.261652425824846,6
4566,107,30,91,18,-4.264126621091654,12
4567,9,46,65,27,-4.265691800988977,19
4568,75,10,94,6,-4.27084756663674,4
4569,12,18,88,10,-4.271852106961349,8
4570,63,23,27,12,-4.2891635532754435,11
4571,69,16,104,10,-4.289368537470421,6
4572,35,12,13,7,-4.295164540193832,5
4573,44,21,20,12,-4.299103845073811,9
4574,54,28,25,16,-4.300413553073274,12
4575,53,27,106,14,-4.302319600135899,13
4576,109,22,20,14,-4.302333411252665,8
4577,71,42,16,25,-4.3051763919274695,17
4578,60,15,94,9,-4.3069509756796736,6
4579,52,10,50,5,-4.308197298973348,5
4580,8,10,31,6,-4.309099443279481,4
4581,20,19,17,11,-4.3112321942034,8
4582,30,20,20,11,-4.312859032774339,9
4583,17,23,97,13,-4.313428551304956,10
4584,71,14,70,7,-4.315612188206777,7
4585,40,22,4,12,-4.316643149060896,10
4586,55,58,107,32,-4.327196047086352,26
4587,55,18,100,9,-4.328587312196289,9
4588,41,19,95,11,-4.332143979792176,8
4589,22,12,60,7,-4.334241842742782,5
4590,46,63,13,37,-4.339512508845411,26
4591,65,29,70,18,-4.3439841796636145,11
4592,6,16,65,9,-4.346168811124812,7
4593,68,22,12,13,-4.348665997198261,9
4594,100,16,64,10,-4.355062992024107,6
4595,3,43,87,24,-4.355987637851178,19
4596,71,31,64,19,-4.35947313780117,12
4597,23,20,95,11,-4.361896262769259,9
4598,49,31,87,16,-4.362528458898391,15
4599,17,40,16,25,-4.363027049067973,15
4600,76,14,34,7,-4.363321569898437,7
4601,9,15,74,9,-4.36741522698094,6
4602,23,23,40,13,-4.36842332680331,10
4603,58,13,55,7,-4.369004483506263,6
4604,9,24,55,14,-4.371040618945101,10
4605,25,33,87,18,-4.379098196808543,15
4606,17,18,90,9,-4.380128430106851,9
4607,20,16,19,9,-4.384623705732577,7
4608,86,20,111,12,-4.3910837466552355,8
4609,63,29,64,16,-4.39496095596168,13
4610,102,32,28,18,-4.400334973714718,14
4611,108,14,71,8,-4.402422140240547,6
4612,51,42,27,25,-4.415014197735259,17
4613,53,64,7,36,-4.416213736910661,28
4614,13,30,99,17,-4.420966828834257,13
4615,39,40,75,21,-4.421810426771488,19
4616,20,14,23,8,-4.42777867543601,6
4617,27,17,108,10,-4.43028987016657,7
4618,17,17,100,11,-4.4319100299484715,6
4619,107,29,29,19,-4.437809104727428,10
4620,112,36,86,21,-4.4393801819273335,15
4621,3,24,65,14,-4.442479320591086,10
4622,107,24,78,14,-4.443201023623075,10
4623,109,15,95,9,-4.444131433700797,6
4624,50,42,2,24,-4.448957186147167,18
4625,12,12,6,6,-4.448996636056325,6
4626,16,44,95,24,-4.453378575583385,20
4627,73,12,50,8,-4.454782630059153,4
4628,97,11,77,7,-4.454901155383999,4
4629,50,15,3,8,-4.464463620895281,7
4630,32,18,37,10,-4.466542082918519,8
4631,57,10,91,5,-4.468260927215542,5
4632,25,31,96,17,-4.472832877552798,14
4633,107,33,95,18,-4.475609109265347,15
4634,8,12,56,7,-4.475636615156397,5
4635,64,46,7,25,-4.4812400569888355,21
4636,40,50,65,28,-4.488092661947341,22
4637,37,15,93,9,-4.4934456656390305,6
4638,88,97,7,54,-4.494661432270669,43
4639,112,20,75,12,-4.4989690721071325,8
4640,97,24,87,15,-4.5078366784517385,9
4641,69,10,80,5,-4.508733977407145,5
4642,29,16,28,9,-4.513248021932703,7
4643,93,16,20,8,-4.515352163146577,8
4644,55,43,37,23,-4.516821858156877,20
4645,48,18,13,10,-4.529838045170984,8
4646,28,71,50,41,-4.530365152854882,30
4647,75,23,106,12,-4.532198108241345,11
4648,102,24,8,13,-4.537070383836358,11
4649,20,14,69,8,-4.54064141816443,6
4650,85,16,28,9,-4.545964613502572,7
4651,15,18,99,11,-4.551461310618722,7
4652,46,15,83,8,-4.551826612706302,7
4653,16,14,85,9,-4.553008304246548,5
4654,23,15,70,8,-4.554568026577778,7
4655,5,18,43,10,-4.5592775438308895,8
4656,104,16,99,8,-4.562749239239297,8
4657,95,14,99,8,-4.572737764013027,6
4658,65,97,16,56,-4.574570009897175,41
4659,8,23,64,14,-4.574636637191156,9
4660,58,23,7,12,-4.575034525669345,11
4661,107,79,65,45,-4.576151922899248,34
4662,65,16,99,9,-4.579704538683142,7
4663,78,14,11,7,-4.582507325889199,7
4664,86,46,9,27,-4.582704854578892,19
4665,71,25,28,15,-4.584215619303487,10
4666,96,32,50,18,-4.592653394244437,14
4667,95,13,77,7,-4.601493224452909,6
4668,30,11,23,6,-4.601908928188203,5
4669,3,35,7,21,-4.603775118928218,14
4670,66,10,88,6,-4.60434245546846,4
4671,86,72,37,40,-4.607837359690986,32
4672,9,46,107,25,-4.60932354627833,21
4673,108,14,30,8,-4.615023887291242,6
4674,51,45,104,28,-4.619321545096768,17
4675,65,59,55,33,-4.619849927936207,26
4676,63,13,58,6,-4.62886931152221,7
4677,51,46,100,23,-4.631329506634819,23
4678,110,15,106,8,-4.633960085739299,7
4679,25,22,60,12,-4.636282806493915,10
4680,109,19,73,11,-4.637139105733963,8
4681,107,98,87,56,-4.6372372973236455,42
4682,109,34,51,22,-4.639560021422871,12
4683,13,14,73,8,-4.6427133386229835,6
4684,16,21,6,11,-4.642825718029856,10
4685,96,39,63,24,-4.649023449526139,15
4686,25,15,27,8,-4.649655011418167,7
4687,15,19,29,11,-4.652820430186505,8
4688,47,15,25,8,-4.655390231832644,7
4689,87,33,29,20,-4.657425005761625,13
4690,107,81,13,45,-4.657574426124303,36
4691,94,16,1,8,-4.659339262334038,8
4692,98,14,55,9,-4.662824671110213,5
4693,64,48,13,25,-4.670216629866639,23
4694,18,22,77,14,-4.676567510317278,8
4695,5,16,71,9,-4.686451238703376,7
4696,62,10,97,6,-4.689387738532959,4
4697,46,60,86,37,-4.689511214815467,23
4698,68,60,16,37,-4.69433729993708,23
4699,58,13,51,7,-4.6987757235739265,6
4700,60,45,55,25,-4.699539635247212,20
4701,1,34,13,21,-4.702199298952773,13
4702,80,14,11,8,-4.704407754517106,6
4703,8,34,13,20,-4.706266615232348,14
4704,46,23,20,15,-4.708713070266484,8
4705,71,16,43,8,-4.709770232299069,8
4706,18,37,28,20,-4.710953949587104,17
4707,12,14,74,8,-4.7158981291394015,6
4708,98,18,8,11,-4.722909210715611,7
4709,76,24,65,15,-4.724228966633899,9
4710,86,20,47,12,-4.7250746523394085,8
4711,75,14,15,9,-4.7291616067808215,5
4712,46,11,6,6,-4.730994669309113,5
4713,43,19,41,11,-4.736368280693504,8
4714,47,25,107,14,-4.7386499699721325,11
4715,3,11,97,7,-4.7402730889790226,4
4716,77,16,25,9,-4.745845616411638,7
4717,5,30,90,18,-4.752640516818982,12
4718,50,16,93,10,-4.755526241513055,6
4719,41,31,64,19,-4.758473174288668,12
4720,27,16,6,9,-4.762765446713921,7
4721,31,15,12,8,-4.770632464521183,7
4722,70,13,90,7,-4.771084444295363,6
4723,5,12,9,7,-4.777710715122403,5
4724,5,33,76,19,-4.788314400539968,14
4725,76,24,97,13,-4.7891970450006545,11
4726,69,10,76,7,-4.789214229857039,3
4727,1,17,9,8,-4.79405950293998,9
4728,20,13,52,8,-4.795236183864801,5
4729,25,11,111,6,-4.797175922879397,5
4730,6,16,68,10,-4.799676836342989,6
4731,96,22,75,15,-4.80138149231193,7
4732,56,11,16,7,-4.802141402722699,4
4733,88,44,75,26,-4.804702938088101,18
4734,108,13,96,7,-4.805162668071275,6
4735,75,52,86,28,-4.805403000855687,24
4736,106,25,2,14,-4.808494527305082,11
4737,106,12,6,7,-4.810944704219048,5
4738,85,11,74,6,-4.812388004493803,5
4739,69,26,107,15,-4.820469677413699,11
4740,54,15,14,10,-4.820525855929131,5
4741,25,19,31,10,-4.823839301099763,9
4742,79,26,16,15,-4.825490262441229,11
4743,90,13,41,7,-4.828201040811693,6
4744,67,15,8,9,-4.8319098461555825,6
4745,52,15,87,8,-4.832747531124254,7
4746,75,41,18,23,-4.835583954062301,18
4747,38,28,39,16,-4.840157107076872,12
4748,100,48,16,28,-4.8403804709268545,20
4749,64,20,83,11,-4.840996077098241,9
4750,83,17,39,10,-4.845386042652696,7
4751,32,12,97,7,-4.851459349576838,5
4752,79,10,60,6,-4.86007767182391,4
4753,107,12,52,8,-4.8612628499818085,4
4754,104,21,15,12,-4.861598666210976,9
4755,20,45,87,25,-4.861780392772671,20
4756,89,10,5,7,-4.862465640901751,3
4757,106,54,37,29,-4.865641247327304,25
4758,37,49,16,28,-4.875150740770066,21
4759,95,11,69,7,-4.882909765417962,4
4760,104,14,23,9,-4.897799558060742,5
4761,66,15,60,10,-4.904241113833256,5
4762,28,12,38,6,-4.907164394244693,6
4763,108,12,54,8,-4.909695920764134,4
4764,106,56,74,32,-4.924754963776778,24
4765,36,40,86,23,-4.927433251240003,17
4766,38,19,9,11,-4.930493889785887,8
4767,9,22,114,15,-4.931319071415344,7
4768,28,27,93,17,-4.941127481170006,10
4769,6,15,51,9,-4.945330344973923,6
4770,68,19,56,10,-4.94813216675333,9
4771,7,103,16,58,-4.951928398872169,45
4772,90,23,96,14,-4.963939687748077,9
4773,38,16,109,10,-4.9644619615709695,6
4774,107,49,40,30,-4.964616090179718,19
4775,68,42,41,24,-4.9651675063741685,18
4776,50,51,87,28,-4.967922603770784,23
4777,11,47,55,29,-4.971797395348791,18
4778,47,30,7,18,-4.980252625346254,12
4779,31,23,50,13,-4.991999785997781,10
4780,81,15,114,8,-4.993414377265689,7
4781,71,15,74,8,-4.993812181109021,7
4782,106,41,7,21,-5.003800212982272,20
4783,5,26,93,16,-5.004460526821323,10
4784,41,12,74,6,-5.00781552916323,6
4785,102,10,62,6,-5.009911866705755,4
4786,67,13,34,6,-5.018007900867618,7
4787,41,24,20,13,-5.0314400771852865,11
4788,52,12,65,8,-5.036995856643753,4
4789,104,61,37,36,-5.041376355525097,25
4790,65,15,94,8,-5.044352620567005,7
4791,54,16,41,9,-5.050675357262788,7
4792,27,13,28,9,-5.051194542399679,4
4793,37,23,30,14,-5.052445856918077,9
4794,100,12,41,7,-5.053152406265392,5
4795,63,29,55,16,-5.056066807562622,13
4796,68,28,15,17,-5.056650352698317,11
4797,10,16,7,9,-5.060407065651959,7
4798,29,23,84,13,-5.063232995693044,10
4799,65,17,46,11,-5.06610491085495,6
4800,33,13,90,8,-5.072843762888294,5
4801,7,21,78,11,-5.07455852586649,10
4802,8,21,68,12,-5.078731617284143,9
4803,20,10,32,7,-5.08216341529211,3
4804,104,25,53,14,-5.094260383198605,11
4805,3,15,19,9,-5.096086764992161,6
4806,68,17,85,11,-5.096473635587277,6
4807,100,19,23,12,-5.096795040845655,7
4808,108,13,28,7,-5.102919930198643,6
4809,70,23,55,13,-5.1032220329288345,10
4810,1,10,30,6,-5.107240382060612,4
4811,4,18,75,11,-5.1124286444655915,7
4812,98,22,11,12,-5.122669345045473,10
4813,58,30,40,16,-5.133397385337809,14
4814,3,21,36,13,-5.136055944816986,8
4815,69,12,40,8,-5.137627663794989,4
4816,49,56,39,34,-5.139212358813992,22
4817,65,34,43,18,-5.1408173176529015,16
4818,48,14,80,9,-5.142739603488693,5
4819,112,22,100,12,-5.147009218037666,10
4820,51,12,35,7,-5.14727626674268,5
4821,9,24,106,14,-5.150083731218861,10
4822,19,34,87,20,-5.150648926164327,14
4823,50,28,76,18,-5.1519660961300575,10
4824,28,16,35,8,-5.1531236605423,8
4825,5,12,67,7,-5.159840528973067,5
4826,56,11,91,6,-5.160182814393273,5
4827,49,41,16,24,-5.162771022600757,17
4828,20,60,107,34,-5.163543558398883,26
4829,96,20,114,12,-5.164351476040406,8
4830,97,17,75,10,-5.183439015487436,7
4831,65,78,104,44,-5.186990036216576,34
4832,102,15,13,10,-5.18776420910188,5
4833,23,23,63,14,-5.190793013982739,9
4834,71,10,6,6,-5.19369227829273,4
4835,113,13,40,8,-5.193726392686624,5
4836,39,25,46,12,-5.196853389468722,13
4837,53,36,16,22,-5.201094174764714,14
4838,39,10,6,6,-5.213256916387498,4
4839,91,12,33,6,-5.213867650447791,6
4840,55,12,49,7,-5.21558348601229,5
4841,76,18,20,9,-5.218902337593748,9
4842,37,22,40,12,-5.218981261850287,10
4843,112,29,53,15,-5.221677411254142,14
4844,106,54,54,29,-5.222938310920249,25
4845,5,11,35,6,-5.226534281744142,5
4846,60,39,87,21,-5.228061200586122,18
4847,25,21,91,12,-5.23677892954369,9
4848,16,14,52,8,-5.238731564661997,6
4849,40,15,98,8,-5.239271076053038,7
4850,62,40,16,25,-5.24204483037968,15
4851,40,26,25,15,-5.242222631716463,11
4852,94,15,114,8,-5.246364560187277,7
4853,100,24,28,15,-5.2470243708497994,9
4854,31,11,35,6,-5.255104723881262,5
4855,28,51,104,29,-5.259412551866783,22
4856,92,11,28,7,-5.266199037582341,4
4857,76,23,112,12,-5.280024334487376,11
4858,88,11,56,6,-5.280224334897691,5
4859,28,19,14,12,-5.2887953454841945,7
4860,86,21,99,13,-5.291638236148403,8
4861,1,12,27,8,-5.292340811408028,4
4862,39,49,40,29,-5.294535177326296,20
4863,55,25,111,15,-5.307717141421055,10
4864,66,19,107,11,-5.307859110353936,8
4865,47,10,85,7,-5.309476383215227,3
4866,84,49,51,29,-5.314265702072517,20
4867,49,13,28,7,-5.31428031912519,6
4868,57,30,87,18,-5.318358141337942,12
4869,86,20,12,12,-5.327325022745496,8
4870,41,31,87,18,-5.3295761796355805,13
4871,86,75,11,43,-5.329870824958233,32
4872,102,14,97,9,-5.335160623731844,5
4873,62,19,7,11,-5.339510147514966,8
4874,54,28,9,16,-5.3441343095406255,12
4875,97,35,7,19,-5.356987360153851,16
4876,63,30,75,17,-5.362343223381898,13
4877,94,12,3,7,-5.374899428324898,5
4878,65,11,34,6,-5.379318070965098,5
4879,112,19,41,11,-5.382218168204769,8
4880,46,42,8,23,-5.3863067663867845,19
4881,90,31,54,18,-5.397442007333916,13
4882,64,10,84,7,-5.40179307430533,3
4883,66,11,9,6,-5.404825557202403,5
4884,58,11,4,7,-5.405037105567146,4
4885,68,26,19,16,-5.413987268108867,10
4886,68,29,71,18,-5.435653336862234,11
4887,65,72,87,42,-5.4441386260771365,30
4888,57,18,97,10,-5.45235309786646,8
4889,71,43,75,27,-5.454468163058883,16
4890,76,14,71,7,-5.456476326439049,7
4891,88,24,100,14,-5.458731260416509,10
4892,88,15,89,8,-5.460084177073363,7
4893,69,22,30,12,-5.462107433982007,10
4894,51,31,5,20,-5.465657211287607,11
4895,74,13,31,8,-5.468299370651384,5
4896,29,12,77,8,-5.478464728524137,4
4897,3,22,27,11,-5.484757361342357,11
4898,70,23,114,14,-5.484820175107314,9
4899,102,10,67,6,-5.497246561771841,4
4900,109,13,32,7,-5.508051897308618,6
4901,83,19,95,12,-5.510188596504647,7
4902,9,35,28,19,-5.51465148212954,16
4903,37,59,87,35,-5.516733087496061,24
4904,20,10,62,6,-5.517288163699186,4
4905,7,33,28,20,-5.522079859732704,13
4906,102,14,33,8,-5.525239013163607,6
4907,68,45,114,26,-5.528966703625285,19
4908,48,18,34,10,-5.531916858024634,8
4909,23,31,106,16,-5.535479536227777,15
4910,69,27,41,18,-5.540528561994146,9
4911,2,22,20,13,-5.544865436021075,9
4912,84,18,25,11,-5.5466876181289715,7
4913,23,16,29,9,-5.547160957253139,7
4914,31,53,36,30,-5.548564460468652,23
4915,25,41,8,25,-5.550067480025435,16
4916,4,11,46,6,-5.55622187464566,5
4917,95,30,13,17,-5.556983808516705,13
4918,95,10,31,6,-5.5581891593402775,4
4919,48,12,68,7,-5.567776843888594,5
4920,69,11,42,6,-5.570250078296482,5
4921,38,23,7,13,-5.575438881033769,10
4922,88,14,14,8,-5.580858903619988,6
4923,53,13,89,7,-5.581720835788214,6
4924,96,38,20,23,-5.5910643603065,15
4925,54,20,78,12,-5.594377149516346,8
4926,98,17,70,11,-5.604121247592223,6
4927,90,14,30,8,-5.614315415339312,6
4928,76,29,28,16,-5.615688910158877,13
4929,50,48,16,28,-5.617696720442926,20
4930,91,26,68,14,-5.6194663727720915,12
4931,50,26,95,15,-5.619957219349124,11
4932,84,24,9,14,-5.622843694169617,10
4933,5,10,19,6,-5.6233787755961275,4
4934,17,21,5,14,-5.625033929201381,7
4935,73,28,86,15,-5.62531345595925,13
4936,9,43,75,26,-5.632694127818325,17
4937,51,46,75,26,-5.632745764536369,20
4938,98,14,108,8,-5.640790264148575,6
4939,3,22,28,13,-5.641703705085423,9
4940,27,17,29,11,-5.6443104007354465,6
4941,74,23,73,14,-5.649045009007229,9
4942,97,13,39,8,-5.649731064357227,5
4943,97,10,4,6,-5.649870700339136,4
4944,88,87,86,51,-5.651261944060885,36
4945,61,13,9,8,-5.652969843590385,5
4946,82,11,54,7,-5.66427830231393,4
4947,3,10,76,6,-5.665440442988805,4
4948,99,31,16,18,-5.66581833704302,13
4949,37,39,75,25,-5.670197882049106,14
4950,25,10,94,5,-5.671887186214519,5
4951,68,31,30,17,-5.6801282305085214,14
4952,81,27,60,16,-5.682226522032789,11
4953,95,10,102,6,-5.68531996234082,4
4954,40,21,35,13,-5.689140213576859,8
4955,5,46,106,28,-5.689619439430468,18
4956,32,10,70,5,-5.692479372096212,5
4957,51,42,76,26,-5.692931732098406,16
4958,62,17,53,10,-5.701449545318568,7
4959,96,23,60,16,-5.70300646411235,7
4960,102,11,23,6,-5.716053822653882,5
4961,37,18,41,11,-5.716493275276267,7
4962,17,13,98,7,-5.72342530511381,6
4963,51,26,25,15,-5.726135112848949,11
4964,9,14,45,9,-5.727853500458989,5
4965,25,48,13,26,-5.729332953997916,22
4966,38,11,34,7,-5.733514369563806,4
4967,104,64,107,38,-5.737421230069913,26
4968,106,42,25,26,-5.737688222420908,16
4969,81,10,78,5,-5.742474614478735,5
4970,80,11,19,7,-5.749943576584892,4
4971,77,12,36,7,-5.751140829309579,5
4972,47,13,23,8,-5.7551420632928085,5
4973,53,13,58,6,-5.756559382638664,7
4974,39,38,15,24,-5.766838941939466,14
4975,27,13,71,8,-5.767150353554914,5
4976,104,19,9,11,-5.769857547388704,8
4977,28,20,69,11,-5.7720642888399025,9
4978,93,19,16,10,-5.776545074834796,9
4979,76,17,13,10,-5.778850784663428,7
4980,88,27,47,15,-5.7819975450601095,12
4981,19,16,38,11,-5.78310801022648,5
4982,57,10,103,6,-5.793046654806236,4
4983,63,26,98,15,-5.795644107915215,11
4984,31,19,91,12,-5.801858258461768,7
4985,65,20,62,11,-5.802429384374058,9
4986,106,11,10,8,-5.803672894932928,3
4987,20,13,79,8,-5.810117746469,5
4988,106,28,80,17,-5.812470547213422,11
4989,5,16,40,9,-5.82052725169565,7
4990,94,17,28,11,-5.821481138029024,6
4991,87,67,8,39,-5.843937748929524,28
4992,76,28,23,16,-5.847391882051943,12
4993,65,10,108,5,-5.847992745343311,5
4994,46,37,74,23,-5.850135921281392,14
4995,114,10,72,5,-5.8600009411243095,5
4996,49,24,27,14,-5.863176035176768,10
4997,112,20,7,12,-5.863389950487481,8
4998,7,17,34,10,-5.863504951401834,7
4999,95,36,54,20,-5.865979569344108,16
5000,9,17,62,10,-5.866001447424248,7
5001,20,30,11,19,-5.875852132904119,11
5002,31,12,28,7,-5.87633787823225,5
5003,68,27,97,16,-5.880460614845397,11
5004,100,28,104,17,-5.881587224397175,11
5005,36,12,46,7,-5.88209418081934,5
5006,74,22,102,13,-5.882481039476403,9
5007,51,34,64,20,-5.888421423830697,14
5008,64,14,46,8,-5.890631605322365,6
5009,84,34,74,18,-5.89139952158172,16
5010,39,20,76,13,-5.891436203259329,7
5011,68,15,101,10,-5.891939886749793,5
5012,25,10,69,6,-5.903986394303471,4
5013,57,27,84,14,-5.910397185802948,13
5014,45,15,41,10,-5.914462706154762,5
5015,68,23,47,14,-5.9151284755247255,9
5016,63,10,93,6,-5.917563250275586,4
5017,78,28,13,17,-5.920714252201037,11
5018,62,29,107,15,-5.9215464382254215,14
5019,55,27,109,14,-5.923431655873009,13
5020,114,20,73,12,-5.924435121305104,8
5021,79,15,103,9,-5.924794393548497,6
5022,33,18,8,11,-5.930528749487397,7
5023,77,21,39,12,-5.930864767182184,9
5024,63,45,37,27,-5.933785173114153,18
5025,40,15,57,9,-5.936628176580016,6
5026,10,13,63,8,-5.94033318775015,5
5027,43,10,74,5,-5.941779824004124,5
5028,87,64,13,39,-5.943209983450161,25
5029,53,15,28,9,-5.945744364633271,6
5030,10,12,97,6,-5.950831581917707,6
5031,81,21,39,13,-5.958518641523456,8
5032,57,14,23,8,-5.961318336893528,6
5033,53,52,68,31,-5.964244334939566,21
5034,40,18,97,11,-5.966918416140385,7
5035,87,21,102,13,-5.971447061156248,8
5036,18,20,64,12,-5.974775055211904,8
5037,60,29,49,17,-5.990966249711066,12
5038,31,25,114,14,-5.9918765203954925,11
5039,3,32,107,17,-5.999011076330671,15
5040,88,26,30,14,-5.999646200227326,12
5041,100,19,37,12,-6.000890669706825,7
5042,54,22,1,13,-6.001347940242028,9
5043,88,61,65,38,-6.004362907857696,23
5044,37,24,98,14,-6.023716027404387,10
5045,13,33,63,19,-6.024739641852311,14
5046,55,33,80,18,-6.02495090174393,15
5047,46,20,95,12,-6.027785407812037,8
5048,50,17,91,11,-6.027790824025908,6
5049,86,38,64,22,-6.0307653391474,16
5050,31,31,75,17,-6.03348213428737,14
5051,98,24,7,15,-6.033686003781978,9
5052,114,14,27,8,-6.034743873961818,6
5053,86,41,100,22,-6.037154523628219,19
5054,32,16,8,9,-6.041444852098721,7
5055,93,15,70,9,-6.04469500542117,6
5056,18,24,63,15,-6.046455003215171,9
5057,51,19,102,11,-6.046528731259958,8
5058,14,14,39,8,-6.049336679853417,6
5059,41,27,23,16,-6.068042449918635,11
5060,51,87,39,51,-6.072280831233973,36
5061,86,34,69,20,-6.074936673132558,14
5062,69,10,55,6,-6.075582313218194,4
5063,20,29,70,18,-6.0805113791791925,11
5064,107,23,111,12,-6.08814286411973,11
5065,16,10,26,6,-6.090476145744291,4
5066,47,11,54,6,-6.095812400128514,5
5067,69,16,62,9,-6.0981418118710495,7
5068,87,13,10,8,-6.098821416398099,5
5069,84,17,75,10,-6.100134417881319,7
5070,7,12,90,7,-6.108519045195329,5
5071,102,20,11,11,-6.1136416694316456,9
5072,31,13,81,9,-6.1171597913254026,4
5073,88,35,25,23,-6.12387967695023,12
5074,11,10,62,6,-6.126587814431934,4
5075,54,22,19,12,-6.131097972100768,10
5076,13,34,81,21,-6.133078295186986,13
5077,86,41,27,26,-6.140665530509294,15
5078,33,13,68,8,-6.145832331304968,5
5079,108,24,16,15,-6.14858261244862,9
5080,60,38,30,25,-6.155988461693874,13
5081,47,27,75,18,-6.156969718274411,9
5082,36,47,13,29,-6.167141158071527,18
5083,102,21,57,12,-6.169321397774082,9
5084,27,13,72,7,-6.171475350108803,6
5085,35,14,55,8,-6.18171019735336,6
5086,64,10,62,5,-6.187065492162539,5
5087,71,12,91,7,-6.18747414228945,5
5088,49,21,98,12,-6.187949327027538,9
5089,2,28,63,16,-6.200018491851487,12
5090,69,14,81,8,-6.2015178700162785,6
5091,87,89,16,52,-6.203924391983287,37
5092,70,28,74,15,-6.203999405338755,13
5093,84,15,35,9,-6.209299301194262,6
5094,28,14,47,8,-6.211297191624256,6
5095,9,19,76,12,-6.212932484569382,7
5096,62,10,109,7,-6.224068902567426,3
5097,91,42,16,27,-6.227187272730331,15
5098,87,24,78,13,-6.228984966588771,11
5099,50,41,104,25,-6.230364171354916,16
5100,9,31,8,16,-6.234041807874366,15
5101,5,48,114,28,-6.237633533478722,20
5102,23,45,13,25,-6.238267851069178,20
5103,1,12,100,7,-6.258573723065734,5
5104,39,22,92,12,-6.263991845659126,10
5105,95,12,15,7,-6.265255655621161,5
5106,96,11,69,7,-6.268969865653717,4
5107,5,45,20,28,-6.270373633442783,17
5108,4,21,86,13,-6.2794844995496994,8
5109,29,25,39,14,-6.281510228932387,11
5110,51,18,62,11,-6.283420772007453,7
5111,64,16,70,11,-6.2860092045587415,5
5112,38,24,63,16,-6.28770957205549,8
5113,3,13,54,7,-6.2904200663200225,6
5114,35,11,94,6,-6.295790159546813,5
5115,54,14,69,8,-6.307106146290185,6
5116,57,25,88,14,-6.308509689840414,11
5117,54,59,63,36,-6.309444480907375,23
5118,112,14,54,9,-6.326711825622494,5
5119,23,13,33,8,-6.330114552953446,5
5120,94,33,43,19,-6.340334108439881,14
5121,40,22,62,11,-6.340588914856938,11
5122,96,17,85,12,-6.345069391274802,5
5123,29,13,100,7,-6.345895374545928,6
5124,27,13,92,7,-6.356396578041118,6
5125,112,17,51,10,-6.360960440760982,7
5126,56,21,7,12,-6.361794853449643,9
5127,60,25,78,14,-6.389926507327768,11
5128,96,13,33,6,-6.392035038140809,7
5129,55,38,104,23,-6.394473965912865,15
5130,55,69,16,43,-6.397644631354262,26
5131,37,20,80,12,-6.401050818487372,8
5132,77,13,106,7,-6.407119934187455,6
5133,87,38,27,22,-6.410924450913495,16
5134,27,21,8,13,-6.41128168033225,8
5135,54,18,91,10,-6.414686940093467,8
5136,104,31,41,17,-6.4212259703659145,14
5137,80,23,96,14,-6.423400971659429,9
5138,27,11,22,7,-6.425149939635198,4
5139,33,16,40,11,-6.427211772717695,5
5140,109,20,41,13,-6.432688342356182,7
5141,3,21,12,14,-6.441636791690896,7
5142,87,20,4,13,-6.445923142452617,7
5143,28,10,6,6,-6.452419128804086,4
5144,91,20,8,12,-6.453847873736644,8
5145,98,14,78,8,-6.457784687804564,6
5146,81,10,30,6,-6.458484974391473,4
5147,29,13,70,7,-6.465173609286503,6
5148,55,10,89,6,-6.472799854469152,4
5149,9,20,70,13,-6.477071321597405,7
5150,53,46,107,28,-6.492903474758716,18
5151,49,30,107,17,-6.496803725713357,13
5152,55,29,74,17,-6.503619546467788,12
5153,114,18,100,11,-6.509461416428781,7
5154,55,26,30,16,-6.510387642998442,10
5155,37,35,13,21,-6.522302273576748,14
5156,80,13,91,8,-6.531108694088673,5
5157,81,29,86,20,-6.532482502137965,9
5158,35,20,11,12,-6.53852868587746,8
5159,11,13,85,8,-6.5402245957157366,5
5160,70,58,54,35,-6.543056803225656,23
5161,81,21,15,12,-6.546075680652623,9
5162,16,43,20,28,-6.5504080054855525,15
5163,68,29,23,16,-6.562476411578635,13
5164,25,37,104,21,-6.567754121461538,16
5165,69,36,16,22,-6.568724073501526,14
5166,114,26,53,15,-6.571088082289226,11
5167,18,13,76,8,-6.573059513523391,5
5168,48,10,69,5,-6.577798378248735,5
5169,16,21,103,13,-6.584630735778127,8
5170,1,27,86,16,-6.584989828827027,11
5171,69,31,60,17,-6.585373558105323,14
5172,96,28,65,16,-6.593487230396348,12
5173,43,37,107,23,-6.600978620740831,14
5174,81,18,71,11,-6.61709770119633,7
5175,68,21,20,12,-6.619136630374986,9
5176,75,10,85,7,-6.619293441212882,3
5177,5,48,25,29,-6.626414170343123,19
5178,68,12,108,7,-6.629935441341175,5
5179,37,22,39,13,-6.632156694863052,9
5180,65,30,4,18,-6.635600395573753,12
5181,16,51,75,30,-6.638067927267191,21
5182,103,13,13,8,-6.6455015698032565,5
5183,5,26,32,16,-6.6474470604519045,10
5184,37,19,71,11,-6.65399605348867,8
5185,71,11,83,6,-6.6562053803338666,5
5186,57,12,10,8,-6.658857003244836,4
5187,63,57,8,33,-6.662281605906513,24
5188,54,20,85,13,-6.664179187550933,7
5189,13,43,114,23,-6.676089345841881,20
5190,20,47,65,30,-6.694614669448737,17
5191,106,11,111,8,-6.697425895741327,3
5192,86,18,10,10,-6.698064905065152,8
5193,84,21,34,12,-6.699979551580064,9
5194,74,15,83,8,-6.703298030488857,7
5195,60,20,11,12,-6.7118326073530294,8
5196,97,35,28,22,-6.716635909782018,13
5197,32,10,65,6,-6.718474357729474,4
5198,95,11,100,6,-6.722166987268522,5
5199,58,19,16,12,-6.723872489637053,7
5200,87,21,108,13,-6.728483256491903,8
5201,95,13,14,8,-6.731405281187272,5
5202,96,38,74,24,-6.731828732252354,14
5203,78,14,40,10,-6.732885786530082,4
5204,48,26,84,16,-6.740791105108492,10
5205,68,13,45,8,-6.747691137383073,5
5206,71,10,94,6,-6.748460655059317,4
5207,97,54,86,32,-6.749652418711037,22
5208,63,32,104,19,-6.756232032126071,13
5209,107,23,33,13,-6.763493299081546,10
5210,19,15,103,9,-6.770702466468063,6
5211,39,16,34,9,-6.781450725640269,7
5212,19,23,43,14,-6.7918142797271255,9
5213,38,14,2,8,-6.792448237787324,6
5214,11,16,100,9,-6.7960040653242615,7
5215,31,10,55,6,-6.798197972656263,4
5216,71,10,49,6,-6.8003776926672845,4
5217,109,12,3,7,-6.800442852243994,5
5218,13,50,71,29,-6.804323620324037,21
5219,96,20,51,12,-6.8091583197949745,8
5220,19,17,41,11,-6.810542955394584,6
5221,4,13,56,7,-6.816273515879698,6
5222,58,17,60,10,-6.820272973850588,7
5223,104,22,30,12,-6.820606807560422,10
5224,66,14,65,9,-6.821265394674894,5
5225,31,69,68,41,-6.8216343585610195,28
5226,106,25,95,16,-6.830338155584793,9
5227,96,14,78,9,-6.830515928543477,5
5228,60,16,62,9,-6.8330599498146025,7
5229,50,16,100,10,-6.845077769092562,6
5230,94,12,41,8,-6.847345171995749,4
5231,51,99,7,62,-6.849475435937795,37
5232,60,18,108,11,-6.856532886501664,7
5233,4,43,60,24,-6.864343045215706,19
5234,99,15,106,10,-6.882359612487446,5
5235,65,22,90,12,-6.887045978873849,10
5236,8,14,62,10,-6.890538902903526,4
5237,88,16,76,9,-6.891817282335724,7
5238,60,10,72,6,-6.902146483608277,4
5239,107,40,76,27,-6.920276566037426,13
5240,30,19,75,11,-6.923427737676235,8
5241,46,21,7,14,-6.93576909674712,7
5242,109,46,54,29,-6.93715254280769,17
5243,68,32,54,20,-6.937906549912461,12
5244,88,12,99,7,-6.939131232028662,5
5245,48,12,76,8,-6.943708984082041,4
5246,51,25,4,16,-6.952578906103856,9
5247,63,20,90,12,-6.95733483322538,8
5248,104,18,32,12,-6.959225086389547,6
5249,88,13,85,8,-6.960388600870984,5
5250,39,15,111,9,-6.9608600117118025,6
5251,36,34,16,21,-6.96230955324868,13
5252,13,21,26,14,-6.96329776155215,7
5253,97,23,18,14,-6.965163575719862,9
5254,51,95,86,54,-6.971741618294085,41
5255,65,34,64,20,-6.974011456935551,14
5256,30,30,53,18,-6.98498975026545,12
5257,55,20,17,11,-6.987444025974705,9
5258,13,23,111,13,-6.988942249892523,10
5259,5,15,62,9,-6.9927087595973925,6
5260,54,26,93,17,-7.002072182522708,9
5261,102,18,76,11,-7.005579923396805,7
5262,53,27,87,15,-7.0226395127694765,12
5263,104,14,89,8,-7.025402807656737,6
5264,40,15,95,9,-7.026458120737084,6
5265,84,24,85,16,-7.039561068893883,8
5266,97,25,55,16,-7.041738062020974,9
5267,73,16,65,10,-7.056062739811477,6
5268,36,18,99,12,-7.061516094995873,6
5269,25,21,100,12,-7.062312436550092,9
5270,49,14,50,8,-7.064134383315742,6
5271,98,14,102,8,-7.075813129571892,6
5272,70,35,28,21,-7.078735797739843,14
5273,62,20,28,12,-7.086204539456472,8
5274,103,21,86,13,-7.096474477436441,8
5275,17,14,38,8,-7.099034060595349,6
5276,45,10,1,6,-7.100044646871247,4
5277,34,17,78,10,-7.112741685006793,7
5278,7,33,45,20,-7.114147641228475,13
5279,83,30,86,20,-7.114862976089347,10
5280,29,17,112,10,-7.120613678872477,7
5281,96,81,86,50,-7.122290387606646,31
5282,43,10,11,6,-7.12360202683373,4
5283,107,12,67,8,-7.124134838046419,4
5284,67,11,88,8,-7.127393540580368,3
5285,107,57,75,39,-7.131800392099847,18
5286,51,16,72,9,-7.141680179139767,7
5287,55,50,40,31,-7.142420946012767,19
5288,60,17,5,11,-7.144002600647478,6
5289,37,14,29,8,-7.14724630286853,6
5290,94,18,76,12,-7.1502946067194495,6
5291,84,18,38,10,-7.154125748328735,8
5292,18,16,3,11,-7.159831907657219,5
5293,88,77,54,47,-7.16478292612553,30
5294,63,15,81,9,-7.165422512761097,6
5295,14,14,86,8,-7.166696838482464,6
5296,86,41,98,24,-7.171894084868248,17
5297,88,42,27,24,-7.172623904876213,18
5298,112,16,36,10,-7.175574629533439,6
5299,62,11,18,7,-7.178564522913038,4
5300,43,33,39,19,-7.179919496295487,14
5301,84,13,103,7,-7.1897480945283165,6
5302,22,13,109,8,-7.19047287621624,5
5303,30,19,34,12,-7.196614878264562,7
5304,48,11,17,6,-7.198036653114912,5
5305,38,13,53,8,-7.198101634639961,5
5306,39,82,16,49,-7.2003844657899245,33
5307,34,15,29,9,-7.2118582115851275,6
5308,29,13,46,6,-7.227495590691407,7
5309,62,16,54,10,-7.236680580960736,6
5310,40,27,114,18,-7.240772461331045,9
5311,75,10,20,6,-7.241047227766171,4
5312,5,14,31,9,-7.246607645789562,5
5313,90,13,46,8,-7.250761878801305,5
5314,93,12,98,7,-7.251352809271133,5
5315,84,19,98,13,-7.255378652482316,6
5316,91,29,87,18,-7.256753645120718,11
5317,39,33,84,19,-7.2579208484387365,14
5318,79,30,86,19,-7.258463117259924,11
5319,81,19,75,12,-7.259552889264539,7
5320,66,13,63,8,-7.264951900654832,5
5321,98,17,20,11,-7.267496359610283,6
5322,70,16,110,10,-7.267896542251016,6
5323,96,10,62,7,-7.268496266352443,3
5324,13,40,47,25,-7.270637733593475,15
5325,57,13,106,7,-7.272492874678534,6
5326,104,13,62,9,-7.27277946294311,4
5327,68,20,55,13,-7.273979151335479,7
5328,98,20,13,13,-7.284404613166717,7
5329,29,16,97,10,-7.284915525257297,6
5330,40,31,43,18,-7.287691070183636,13
5331,61,11,47,7,-7.295405799949464,4
5332,29,14,11,8,-7.296267599499956,6
5333,40,33,54,20,-7.298767912387552,13
5334,85,14,63,8,-7.301748789802251,6
5335,15,14,47,8,-7.306305822535999,6
5336,5,42,70,25,-7.323141246130922,17
5337,65,13,85,8,-7.3238412361926395,5
5338,68,13,43,8,-7.327777492653937,5
5339,107,32,2,20,-7.328844122982543,12
5340,2,16,75,9,-7.332326563651874,7
5341,104,41,40,26,-7.342291894534161,15
5342,114,18,23,12,-7.344942637597017,6
5343,79,24,48,15,-7.345817828277464,9
5344,9,19,17,11,-7.358179157868899,8
5345,8,25,73,15,-7.3587900254771785,10
5346,88,113,16,71,-7.360663709722778,42
5347,60,36,104,25,-7.360716052217208,11
5348,114,10,77,6,-7.365477220397804,4
5349,33,16,25,11,-7.36592627296452,5
5350,80,14,31,10,-7.367135464628977,4
5351,74,15,34,10,-7.367415754617588,5
5352,71,10,73,6,-7.373234065194552,4
5353,5,10,1,6,-7.391988711274882,4
5354,89,17,41,11,-7.402414100587752,6
5355,84,17,43,10,-7.402871468291519,7
5356,88,22,108,14,-7.409334471097551,8
5357,41,34,36,18,-7.412500474371831,16
5358,71,12,11,7,-7.444969376445684,5
5359,75,30,46,18,-7.449361290092636,12
5360,110,21,37,12,-7.457046552670356,9
5361,70,12,100,7,-7.4587771296449565,5
5362,53,12,45,7,-7.463487107897495,5
5363,57,10,60,6,-7.4675633858823804,4
5364,81,10,28,6,-7.472696801730325,4
5365,87,30,43,18,-7.472905396043497,12
5366,31,37,64,23,-7.4738922265185375,14
5367,63,15,108,9,-7.475559971035059,6
5368,36,14,70,8,-7.476080415111231,6
5369,68,12,89,7,-7.483167732526589,5
5370,98,14,27,8,-7.497316272159128,6
5371,61,13,6,8,-7.506143312140652,5
5372,50,13,15,8,-7.509982415529958,5
5373,107,25,12,17,-7.511754076831641,8
5374,87,52,7,33,-7.517208318589071,19
5375,100,30,8,19,-7.520429095271139,11
5376,77,18,55,11,-7.520653437888105,7
5377,55,11,6,8,-7.526848268362213,3
5378,76,30,16,16,-7.530311918043389,14
5379,7,16,33,9,-7.532188482638043,7
5380,46,10,85,7,-7.538229298143678,3
5381,85,10,30,6,-7.544084321309105,4
5382,79,10,19,6,-7.551536262697121,4
5383,12,13,16,8,-7.55786945629014,5
5384,40,38,87,22,-7.562449238427529,16
5385,45,19,60,11,-7.562934672858015,8
5386,51,24,97,16,-7.567852948549441,8
5387,109,30,107,19,-7.567930415965965,11
5388,68,66,40,42,-7.570321994315703,24
5389,5,14,34,10,-7.5706698448560905,4
5390,77,12,46,7,-7.574271980014295,5
5391,29,31,65,18,-7.579407823636637,13
5392,114,31,28,18,-7.584853881328922,13
5393,36,10,72,6,-7.585561627806541,4
5394,88,18,58,11,-7.5880987725104365,7
5395,15,16,49,10,-7.594278265555581,6
5396,36,20,18,12,-7.59490287850123,8
5397,63,14,15,8,-7.605326194287133,6
5398,84,15,100,10,-7.609473347550371,5
5399,81,13,64,8,-7.638492419047566,5
5400,5,29,97,19,-7.639418302115126,10
5401,60,11,70,7,-7.646435749026202,4
5402,31,13,33,7,-7.647223417443056,6
5403,72,22,86,14,-7.651597318688159,8
5404,35,27,107,18,-7.659745377736293,9
5405,96,24,37,14,-7.66584492569651,10
5406,38,29,37,18,-7.668156637885105,11
5407,106,61,13,38,-7.675692800309158,23
5408,55,35,50,20,-7.677574556383835,15
5409,68,62,39,37,-7.685790689163883,25
5410,11,32,5,20,-7.6874421575338765,12
5411,7,25,111,15,-7.6903234257719815,10
5412,78,11,12,7,-7.6983728192100935,4
5413,1,15,15,10,-7.733065759700131,5
5414,84,11,44,6,-7.741464370739851,5
5415,12,14,28,9,-7.741725097225164,5
5416,54,13,73,8,-7.746921178252214,5
5417,64,32,16,21,-7.754231430905149,11
5418,25,49,37,29,-7.755599308877523,20
5419,73,11,53,7,-7.756297558195456,4
5420,49,23,100,13,-7.757307636292274,10
5421,60,21,17,13,-7.758065583862096,8
5422,18,22,50,13,-7.75840176806416,9
5423,43,23,100,13,-7.763911047984519,10
5424,114,14,92,10,-7.774797164908212,4
5425,19,13,64,9,-7.776851315652561,4
5426,19,13,72,8,-7.778046405037885,5
5427,8,21,78,13,-7.782275188757168,8
5428,111,10,47,6,-7.786638633209642,4
5429,64,22,55,15,-7.789831302640345,7
5430,87,38,100,21,-7.790241500531646,17
5431,69,35,13,22,-7.792472202910127,13
5432,30,20,50,12,-7.797701228015578,8
5433,48,15,50,10,-7.798532000224026,5
5434,110,12,114,8,-7.80031681097971,4
5435,37,12,49,7,-7.82035535241221,5
5436,46,46,25,27,-7.8204011950255445,19
5437,1,20,114,13,-7.837742070296789,7
5438,109,19,53,12,-7.841205358929898,7
5439,55,14,29,9,-7.851130455007914,5
5440,112,22,39,13,-7.853779316986328,9
5441,91,26,106,17,-7.859341034872017,9
5442,35,12,44,7,-7.859665557157517,5
5443,13,11,89,6,-7.868919524993353,5
5444,90,25,114,15,-7.8701656835045455,10
5445,76,45,86,27,-7.887634788633701,18
5446,68,23,62,14,-7.893829370684332,9
5447,90,14,53,9,-7.901032299292589,5
5448,31,11,78,6,-7.904414780494012,5
5449,38,13,71,9,-7.906029048659733,4
5450,82,10,88,6,-7.9125780836424955,4
5451,18,22,54,13,-7.917650548154778,9
5452,60,18,76,13,-7.925429780891168,5
5453,68,32,76,23,-7.92616710175036,9
5454,34,10,18,7,-7.93407311360503,3
5455,87,17,73,12,-7.94220715025842,5
5456,61,19,53,13,-7.9431150632920575,6
5457,33,15,87,9,-7.945655214602681,6
5458,39,21,23,13,-7.9630880242589255,8
5459,5,25,65,15,-7.967561696591303,10
5460,89,11,48,8,-7.971806233433708,3
5461,3,32,16,21,-7.974772517930132,11
5462,17,37,86,21,-7.977430056045006,16
5463,54,36,13,23,-7.982732376403214,13
5464,84,28,5,17,-7.986435375626319,11
5465,70,16,13,10,-7.990308468406848,6
5466,6,22,44,15,-7.994067314889739,7
5467,96,19,102,12,-7.995631160966494,7
5468,98,31,91,19,-8.010154956050265,12
5469,114,16,76,11,-8.01045549406789,5
5470,25,12,48,7,-8.01244102921806,5
5471,9,11,35,6,-8.012816785902407,5
5472,52,12,63,7,-8.015196003418383,5
5473,50,41,75,27,-8.02466935745211,14
5474,8,13,52,8,-8.032663143129467,5
5475,43,11,12,8,-8.033640162406574,3
5476,46,45,16,29,-8.034750190065965,16
5477,13,22,90,14,-8.036549897684578,8
5478,84,36,20,25,-8.04861670328596,11
5479,87,30,48,19,-8.04913925793912,11
5480,30,10,112,7,-8.054330668472007,3
5481,91,15,51,10,-8.060157448942936,5
5482,46,13,53,8,-8.064750592390654,5
5483,70,18,50,10,-8.072010588554933,8
5484,94,15,39,10,-8.07213621048329,5
5485,97,16,110,10,-8.077466293642948,6
5486,11,15,64,11,-8.079873069271715,4
5487,63,21,100,12,-8.080440558190483,9
5488,5,61,8,37,-8.080732178020163,24
5489,46,15,109,9,-8.081904977493476,6
5490,50,30,60,17,-8.087484578525556,13
5491,46,42,37,28,-8.095895819595153,14
5492,69,16,47,10,-8.099464940788463,6
5493,112,19,88,12,-8.10654244906666,7
5494,48,15,74,8,-8.108554922899495,7
5495,109,26,63,15,-8.110737293175294,11
5496,65,62,51,40,-8.115860033850396,22
5497,111,11,81,8,-8.120062859865854,3
5498,110,11,20,7,-8.125291114928718,4
5499,112,10,4,6,-8.145974306589782,4
5500,112,16,18,11,-8.155957753880717,5
5501,20,17,33,11,-8.157924685534638,6
5502,60,31,54,20,-8.161465500409882,11
5503,71,28,50,17,-8.165371088482388,11
5504,15,24,8,14,-8.166888939002055,10
5505,49,16,12,12,-8.167519949794402,4
5506,3,18,100,11,-8.17468006817809,7
5507,89,11,63,8,-8.192927888945773,3
5508,39,25,74,15,-8.19553508787693,10
5509,93,24,87,15,-8.201353690040278,9
5510,40,14,112,8,-8.221202026655053,6
5511,71,10,99,6,-8.22496630028886,4
5512,106,21,69,13,-8.230262561693124,8
5513,28,16,41,10,-8.238741054341283,6
5514,14,12,37,7,-8.266467835075433,5
5515,4,13,12,9,-8.273106784367057,4
5516,3,22,15,13,-8.276213553621362,9
5517,91,18,41,12,-8.276671952774393,6
5518,106,31,90,21,-8.28384546124837,10
5519,94,12,11,8,-8.300205650666278,4
5520,56,17,86,11,-8.300855291965847,6
5521,60,20,100,13,-8.303538394172502,7
5522,48,13,90,8,-8.30973168111364,5
5523,17,16,103,11,-8.316268501161485,5
5524,107,27,58,18,-8.317720705410434,9
5525,9,15,25,10,-8.323455878342047,5
5526,86,32,43,21,-8.328287387304055,11
5527,84,29,8,19,-8.33757645831541,10
5528,63,69,16,43,-8.34845084126181,26
5529,31,32,41,20,-8.353957395244585,12
5530,5,22,7,14,-8.357081514884824,8
5531,25,45,7,29,-8.372806618348289,16
5532,104,10,67,6,-8.393331116483225,4
5533,79,11,80,6,-8.394402338657228,5
5534,67,14,109,7,-8.41022889195963,7
5535,35,14,27,9,-8.413948011136766,5
5536,68,60,75,39,-8.414170260086031,21
5537,102,12,41,8,-8.421036787338009,4
5538,54,13,38,8,-8.421224564929705,5
5539,90,19,73,12,-8.424101991862472,7
5540,69,24,78,15,-8.424932975106671,9
5541,114,20,55,13,-8.432483182241098,7
5542,70,24,96,13,-8.437417991026262,11
5543,114,32,8,21,-8.446067232393617,11
5544,96,14,95,9,-8.450373982592183,5
5545,53,13,15,8,-8.451445563178742,5
5546,3,24,114,16,-8.461132150785257,8
5547,85,14,55,9,-8.476039600481302,5
5548,77,14,74,9,-8.485489523270209,5
5549,23,18,55,10,-8.49046563373251,8
5550,40,28,64,18,-8.49607162432113,10
5551,45,10,91,6,-8.504304930616431,4
5552,106,13,12,9,-8.530975907772833,4
5553,60,39,23,25,-8.544842955298874,14
5554,62,13,114,8,-8.549556180002718,5
5555,2,11,94,7,-8.550586885180518,4
5556,36,11,78,7,-8.552435160203329,4
5557,3,25,88,16,-8.556085869457865,9
5558,104,11,48,7,-8.568096491349037,4
5559,16,52,30,33,-8.574711141353784,19
5560,55,23,95,15,-8.57500650986488,8
5561,109,13,57,8,-8.575637917032312,5
5562,16,20,81,13,-8.585952206420341,7
5563,13,15,85,10,-8.590889624694588,5
5564,112,18,87,11,-8.593805944861606,7
5565,50,22,90,14,-8.598522697493998,8
5566,3,16,62,10,-8.607436588896292,6
5567,19,14,9,9,-8.611355514485425,5
5568,18,29,68,18,-8.623169944927229,11
5569,65,24,1,14,-8.633116949744032,10
5570,97,19,41,12,-8.638943706099203,7
5571,76,32,63,21,-8.660917262752537,11
5572,98,10,85,7,-8.673802483900154,3
5573,31,31,9,20,-8.678153869820548,11
5574,20,35,63,21,-8.70524806527441,14
5575,102,15,63,9,-8.71016569998991,6
5576,86,15,45,9,-8.710518828201982,6
5577,45,10,58,6,-8.721721801464438,4
5578,57,26,8,17,-8.727187925997562,9
5579,17,22,4,15,-8.72773506800961,7
5580,49,11,34,7,-8.728893863930166,4
5581,106,14,38,7,-8.74501943352997,7
5582,13,27,108,18,-8.751351034715967,9
5583,19,14,62,10,-8.75442059684427,4
5584,96,12,41,9,-8.760253621607967,3
5585,93,41,65,24,-8.776446615183676,17
5586,1,27,16,19,-8.77734005429633,8
5587,18,23,106,15,-8.778191080978738,8
5588,99,14,77,10,-8.784719144285262,4
5589,77,12,109,7,-8.789144881364967,5
5590,107,11,26,7,-8.789963547813729,4
5591,78,18,39,11,-8.800777420295397,7
5592,42,10,106,7,-8.802546839644418,3
5593,47,18,36,12,-8.810892372607713,6
5594,36,19,63,12,-8.822881427312195,7
5595,8,26,18,18,-8.824824520647523,8
5596,12,13,1,8,-8.83071466593715,5
5597,88,38,39,24,-8.832170453588978,14
5598,3,11,17,6,-8.832308222560108,5
5599,9,36,87,21,-8.835283888606128,15
5600,87,15,32,10,-8.84415502943487,5
5601,61,13,107,8,-8.850698470757944,5
5602,98,11,3,6,-8.853639708389592,5
5603,12,16,23,10,-8.872217683410863,6
5604,53,11,49,7,-8.876928289416243,4
5605,13,20,44,13,-8.886721786197054,7
5606,97,12,69,8,-8.888377862411463,4
5607,109,20,7,13,-8.908032141063202,7
5608,107,15,89,10,-8.908975430626485,5
5609,25,19,110,13,-8.917701672558223,6
5610,12,25,60,13,-8.918654482484735,12
5611,88,10,26,6,-8.91952728239028,4
5612,91,10,11,7,-8.923724837318142,3
5613,84,22,13,15,-8.926224969766146,7
5614,31,12,73,8,-8.93891957013575,4
5615,107,39,57,24,-8.940505077806744,15
5616,78,22,27,16,-8.957994747216343,6
5617,32,11,28,7,-8.963821007682874,4
5618,114,20,47,12,-8.969382880850324,8
5619,36,18,97,11,-8.970668153566264,7
5620,43,18,64,11,-8.974031801153536,7
5621,52,15,28,9,-8.975367013246691,6
5622,63,54,51,32,-8.976305842275835,22
5623,103,18,27,11,-8.982725285516032,7
5624,36,15,5,9,-9.008614310253614,6
5625,70,16,30,9,-9.016092338129875,7
5626,8,23,34,15,-9.029109968573682,8
5627,45,16,35,9,-9.0400315918615,7
5628,57,18,69,12,-9.053157000869454,6
5629,43,13,78,8,-9.06197930193436,5
5630,61,11,30,7,-9.067314274609851,4
5631,75,34,28,22,-9.068390514566694,12
5632,86,29,44,19,-9.073857704921481,10
5633,8,34,95,21,-9.07920947405897,13
5634,68,20,58,13,-9.097701878706363,7
5635,49,22,75,14,-9.103848187252067,8
5636,31,15,109,10,-9.113887572404183,5
5637,17,11,92,7,-9.114563540800457,4
5638,49,14,78,8,-9.138768967908643,6
5639,9,40,16,27,-9.142096271109022,13
5640,106,25,39,15,-9.155969378752744,10
5641,5,43,50,26,-9.156049369840705,17
5642,11,26,104,17,-9.161003421814218,9
5643,48,30,86,19,-9.164691805544658,11
5644,40,15,92,10,-9.168940871834318,5
5645,60,34,27,23,-9.174691293905802,11
5646,91,13,15,7,-9.175439096539634,6
5647,91,14,23,8,-9.188824217195519,6
5648,40,17,73,11,-9.199997222971483,6
5649,40,12,2,8,-9.204153353273353,4
5650,90,11,93,7,-9.204947446014161,4
5651,6,19,13,12,-9.21551599242718,7
5652,77,21,107,13,-9.225690577042377,8
5653,69,16,70,11,-9.227346228401576,5
5654,20,23,91,14,-9.233435902067152,9
5655,38,18,104,11,-9.236395276928322,7
5656,10,13,11,8,-9.240894504208253,5
5657,53,15,78,9,-9.245467105519943,6
5658,93,13,75,8,-9.279825087560207,5
5659,65,24,38,14,-9.283550293305515,10
5660,77,19,63,13,-9.291814452323939,6
5661,18,17,100,10,-9.29762264727719,7
5662,86,43,41,29,-9.304404145319241,14
5663,57,26,11,15,-9.308282111147548,11
5664,38,10,45,7,-9.31109379184883,3
5665,27,17,37,11,-9.314988662643295,6
5666,38,14,11,9,-9.32616838288385,5
5667,51,15,111,10,-9.328246716797015,5
5668,12,20,53,12,-9.33945038591408,8
5669,2,29,28,19,-9.34282167881126,10
5670,87,20,1,12,-9.344990956449259,8
5671,50,12,23,9,-9.354699302165743,3
5672,88,24,62,15,-9.365840903844774,9
5673,84,21,104,13,-9.37162724208143,8
5674,107,33,80,22,-9.376730084103613,11
5675,4,16,27,10,-9.378715415982104,6
5676,36,11,109,8,-9.390936468630553,3
5677,51,13,48,7,-9.391737592298234,6
5678,53,22,27,15,-9.395074434024878,7
5679,60,13,34,9,-9.407416969408194,4
5680,20,37,39,22,-9.42792244833799,15
5681,63,11,32,7,-9.44232166344675,4
5682,94,10,17,6,-9.449116979238092,4
5683,87,50,68,32,-9.450913662664803,18
5684,17,12,102,8,-9.460667678985605,4
5685,96,47,16,33,-9.462953828826512,14
5686,39,17,110,12,-9.484612192785775,5
5687,58,10,70,7,-9.487562225897111,3
5688,79,11,27,7,-9.498924182256808,4
5689,7,29,37,18,-9.500511382222342,11
5690,99,22,37,15,-9.502759058160713,7
5691,46,17,30,11,-9.504468805682468,6
5692,2,13,114,8,-9.50915856241785,5
5693,80,14,90,10,-9.509239360264804,4
5694,36,17,8,11,-9.51236026695053,6
5695,72,17,85,12,-9.51952093663454,5
5696,9,27,18,18,-9.520249042639605,9
5697,25,32,20,21,-9.520523686179052,11
5698,31,22,1,13,-9.525804060927038,9
5699,108,13,106,9,-9.535201707134298,4
5700,65,10,103,6,-9.536908507290406,4
5701,31,28,27,16,-9.569633624787404,12
5702,7,20,73,12,-9.582485903794177,8
5703,94,29,13,19,-9.588851003454678,10
5704,39,14,80,9,-9.589468521855673,5
5705,53,13,8,9,-9.596286006275326,4
5706,51,27,77,16,-9.606511812919093,11
5707,84,18,83,11,-9.60947373437216,7
5708,8,14,99,8,-9.611065592860308,6
5709,19,12,40,8,-9.612489725967157,4
5710,107,47,30,30,-9.618563646848527,17
5711,109,17,70,11,-9.623350653501726,6
5712,109,22,74,15,-9.62539761750223,7
5713,53,23,41,15,-9.631953807885303,8
5714,8,36,109,22,-9.641625939928554,14
5715,13,21,58,15,-9.64927040569187,6
5716,114,10,22,5,-9.649313306364819,5
5717,63,16,111,10,-9.656549842780757,6
5718,43,12,34,8,-9.65840028003736,4
5719,71,12,100,8,-9.66068752031631,4
5720,51,15,34,10,-9.661953358650635,5
5721,33,22,51,16,-9.669509126977042,6
5722,64,22,30,14,-9.674793623640712,8
5723,81,16,41,11,-9.680507683549978,5
5724,11,18,75,11,-9.710887852205726,7
5725,31,19,43,9,-9.720852773553686,10
5726,16,13,89,8,-9.733195931265595,5
5727,52,21,86,14,-9.734029946764757,7
5728,39,41,30,26,-9.757589925719179,15
5729,48,35,63,23,-9.759297495682489,12
5730,3,14,8,7,-9.760247946851925,7
5731,52,12,30,8,-9.763146241314214,4
5732,43,46,13,27,-9.779544155099417,19
5733,83,24,37,15,-9.783726366978415,9
5734,72,12,39,8,-9.790035400948009,4
5735,61,11,63,8,-9.795863144147216,3
5736,57,24,27,14,-9.798054601435473,10
5737,93,10,62,6,-9.798162399200404,4
5738,37,17,64,11,-9.810222324765896,6
5739,93,13,29,8,-9.815241351279962,5
5740,17,24,40,16,-9.815776001763277,8
5741,92,13,16,10,-9.821906376974377,3
5742,57,13,54,10,-9.824315369895016,3
5743,47,17,9,11,-9.833363334347146,6
5744,10,12,16,8,-9.837247209773246,4
5745,98,10,53,6,-9.839111782848335,4
5746,1,17,75,12,-9.87310906944801,5
5747,71,15,17,9,-9.874078720771612,6
5748,67,16,86,10,-9.874432105586441,6
5749,54,17,2,12,-9.883928701627932,5
5750,16,20,110,13,-9.89345041941321,7
5751,38,11,100,8,-9.893822683440993,3
5752,83,14,11,10,-9.896151919094907,4
5753,62,10,78,6,-9.900957172496794,4
5754,84,50,63,31,-9.919938234846498,19
5755,2,10,95,7,-9.9203126299905,3
5756,29,26,60,16,-9.937103135645952,10
5757,77,14,23,9,-9.948007056333925,5
5758,88,45,63,31,-9.955054334971098,14
5759,39,16,58,11,-9.963281955136992,5
5760,88,18,73,12,-9.974203425238962,6
5761,109,14,93,9,-9.987067099161266,5
5762,65,25,95,16,-9.987438820754939,9
5763,77,20,27,13,-9.998230716059807,7
5764,29,19,98,13,-10.031731367912892,6
5765,107,13,110,9,-10.034721322746934,4
5766,38,10,44,7,-10.048373138060267,3
5767,51,19,80,12,-10.049293803677344,7
5768,12,19,94,11,-10.05510496944646,8
5769,55,15,15,11,-10.062256659545504,4
5770,83,23,13,15,-10.067954696106943,8
5771,79,12,13,8,-10.072956753420838,4
5772,49,16,40,10,-10.077718304922938,6
5773,106,12,79,8,-10.079963228120917,4
5774,54,27,100,18,-10.085638363780193,9
5775,17,17,23,11,-10.090670558592322,6
5776,60,45,64,31,-10.091080593886227,14
5777,74,11,89,7,-10.093150392265773,4
5778,36,36,53,25,-10.11473282468799,11
5779,102,20,50,12,-10.118106239071224,8
5780,114,12,78,7,-10.123963867745248,5
5781,109,10,92,7,-10.132066653367776,3
5782,31,37,53,23,-10.136338371296794,14
5783,23,11,96,7,-10.143008283174424,4
5784,12,21,27,13,-10.146930026303878,8
5785,68,16,92,11,-10.14730683848729,5
5786,100,19,75,11,-10.163448061532288,8
5787,87,22,15,14,-10.170248393152516,8
5788,9,12,6,7,-10.175309866966634,5
5789,35,25,76,16,-10.177855774517555,9
5790,37,41,97,27,-10.190687502541847,14
5791,103,10,72,6,-10.192286664999738,4
5792,33,13,71,9,-10.195530501937561,4
5793,2,15,98,9,-10.198603389321665,6
5794,96,24,48,16,-10.200121519345737,8
5795,18,22,15,15,-10.200875953247772,7
5796,106,63,16,43,-10.201810935158226,20
5797,57,16,114,11,-10.202940786046577,5
5798,39,24,91,16,-10.206322081312436,8
5799,37,36,11,24,-10.207174749413833,12
5800,28,14,10,10,-10.2079261309438,4
5801,68,24,25,16,-10.21179043309895,8
5802,31,17,30,10,-10.214096274935343,7
5803,67,13,16,9,-10.224523442095272,4
5804,91,35,63,24,-10.225389928816243,11
5805,68,27,28,19,-10.22954876840922,8
5806,18,44,16,30,-10.2395488957726,14
5807,106,16,67,10,-10.252161434234205,6
5808,112,16,3,10,-10.266087173795972,6
5809,103,18,100,11,-10.28433038695214,7
5810,107,23,45,15,-10.289536165233189,8
5811,29,15,78,10,-10.294109375300296,5
5812,68,27,11,17,-10.296454056233667,10
5813,31,29,107,16,-10.30345756995746,13
5814,43,19,54,12,-10.322637569623126,7
5815,19,24,7,17,-10.325778739734245,7
5816,1,13,37,8,-10.34216426905315,5
5817,102,16,40,10,-10.346146758066936,6
5818,77,16,53,10,-10.347606271977275,6
5819,7,10,94,7,-10.355621654064775,3
5820,65,39,27,26,-10.35712628752035,13
5821,65,48,30,32,-10.360069825809841,16
5822,17,15,72,10,-10.366440148141692,5
5823,12,12,9,8,-10.366855545040101,4
5824,77,29,104,19,-10.37582008009837,10
5825,93,16,106,10,-10.37915501513517,6
5826,109,26,11,18,-10.41754834063003,8
5827,7,11,110,6,-10.42257657923173,5
5828,114,19,95,12,-10.422604339796184,7
5829,39,16,44,10,-10.434810009571377,6
5830,14,20,16,13,-10.443463786130721,7
5831,69,23,58,14,-10.458248548468932,9
5832,31,10,6,6,-10.459894630543896,4
5833,49,16,41,10,-10.465212157406025,6
5834,3,37,13,26,-10.475725476767078,11
5835,27,11,81,7,-10.477393451911677,4
5836,102,14,75,10,-10.47886729381523,4
5837,48,10,62,6,-10.487894133335649,4
5838,9,27,64,19,-10.495957554452968,8
5839,37,14,89,8,-10.519274673853,6
5840,36,27,27,17,-10.523349599331356,10
5841,97,19,71,13,-10.523533962196899,6
5842,17,16,41,11,-10.533333329606139,5
5843,108,13,76,9,-10.539317855686345,4
5844,20,39,50,26,-10.540260354284218,13
5845,51,31,78,18,-10.545179893859503,13
5846,40,17,28,10,-10.551622113062638,7
5847,77,11,72,7,-10.553147233311368,4
5848,54,19,71,12,-10.56377327137223,7
5849,9,15,95,9,-10.569002592922953,6
5850,88,18,102,13,-10.569492123514113,5
5851,43,10,103,6,-10.571290258718225,4
5852,75,26,104,17,-10.574353916694225,9
5853,28,10,26,7,-10.592168464369761,3
5854,91,31,7,22,-10.60910028610159,9
5855,108,14,48,10,-10.6209300268859,4
5856,101,12,16,8,-10.62271769748288,4
5857,71,18,98,12,-10.627953776602759,6
5858,35,11,3,7,-10.637414854102069,4
5859,98,25,5,16,-10.662918685540621,9
5860,9,21,20,14,-10.676297323703047,7
5861,58,15,54,9,-10.678084308129579,6
5862,57,12,38,7,-10.682623087511102,5
5863,76,13,75,8,-10.684711333832395,5
5864,74,25,51,18,-10.704030149650722,7
5865,36,13,43,8,-10.713552025008546,5
5866,111,11,54,8,-10.714143810197228,3
5867,17,22,53,15,-10.723383781136489,7
5868,39,41,18,28,-10.727251536194178,13
5869,57,13,79,8,-10.731445030362655,5
5870,18,45,13,29,-10.738363532449277,16
5871,108,23,53,14,-10.749834986479383,9
5872,87,18,34,12,-10.764160959682634,6
5873,7,11,59,8,-10.771239818059199,3
5874,91,25,55,18,-10.791612827626562,7
5875,77,19,30,13,-10.794678869374387,6
5876,81,17,106,10,-10.816681182916206,7
5877,2,11,30,7,-10.820419515250846,4
5878,68,15,34,10,-10.8428897215307,5
5879,54,46,37,31,-10.87009397469276,15
5880,77,16,71,11,-10.872072685026803,5
5881,94,10,104,7,-10.890017890960022,3
5882,69,20,63,14,-10.901230458210243,6
5883,35,10,102,6,-10.90320798703147,4
5884,5,17,73,11,-10.90738305979487,6
5885,68,23,69,15,-10.924215707790445,8
5886,46,12,78,7,-10.933012123848131,5
5887,97,25,13,16,-10.985857531237674,9
5888,88,37,50,24,-10.986958086725291,13
5889,57,24,70,14,-10.997514680908582,10
5890,110,20,51,14,-11.000148170458745,6
5891,107,13,56,8,-11.000292497508868,5
5892,3,26,40,18,-11.007177692487943,8
5893,71,13,15,9,-11.00914391321026,4
5894,68,10,98,7,-11.014423279510455,3
5895,92,14,41,9,-11.016394202336143,5
5896,88,41,53,28,-11.023031682203495,13
5897,32,17,16,11,-11.045561391190384,6
5898,114,12,32,8,-11.045874107216177,4
5899,11,11,99,7,-11.04788337752713,4
5900,109,13,30,9,-11.049589386483902,4
5901,3,11,34,7,-11.0863686502855,4
5902,80,13,78,9,-11.09791576617006,4
5903,32,13,74,9,-11.101664191982367,4
5904,84,20,27,13,-11.118973426521961,7
5905,70,15,46,10,-11.123543654837002,5
5906,11,17,15,11,-11.124682750885995,6
5907,91,16,43,11,-11.128114127049445,5
5908,38,16,75,12,-11.14383618558865,4
5909,1,13,78,9,-11.156578268103178,4
5910,4,16,43,10,-11.162760468553993,6
5911,81,22,87,13,-11.169051293231712,9
5912,27,13,17,8,-11.181834221753332,5
5913,1,11,89,7,-11.20901106938993,4
5914,46,12,100,8,-11.210309669403358,4
5915,3,15,25,10,-11.21463496022273,5
5916,106,18,98,12,-11.217270403208776,6
5917,51,13,73,9,-11.219804453521853,4
5918,8,36,75,25,-11.220741251540183,11
5919,96,20,46,12,-11.223825219116964,8
5920,109,17,75,12,-11.242273446455997,5
5921,51,28,95,20,-11.244919045567018,8
5922,81,13,40,9,-11.249205674756395,4
5923,83,16,107,11,-11.24958512039028,5
5924,70,29,87,18,-11.250414739740132,11
5925,103,10,28,7,-11.258889995972657,3
5926,107,33,48,22,-11.25910748522583,11
5927,29,22,13,14,-11.259872526725406,8
5928,104,22,49,15,-11.263982069887422,7
5929,7,52,75,35,-11.2746633859962,17
5930,55,14,2,9,-11.276816159574057,5
5931,27,11,111,8,-11.279710088837586,3
5932,112,26,64,19,-11.289456025090592,7
5933,5,10,80,7,-11.295210617596885,3
5934,96,25,7,18,-11.300422106484014,7
5935,72,19,28,13,-11.306329036701383,6
5936,103,12,11,9,-11.314031930046738,3
5937,20,12,64,9,-11.331308462604776,3
5938,88,34,15,25,-11.367535471304064,9
5939,71,21,104,13,-11.370166649530528,8
5940,10,14,107,9,-11.38119632500004,5
5941,38,11,4,8,-11.395009854616482,3
5942,77,18,41,13,-11.396404504618236,5
5943,95,10,29,7,-11.401888238693147,3
5944,88,76,13,52,-11.408220138823303,24
5945,84,24,30,17,-11.41339867438427,7
5946,106,39,114,26,-11.417874917507989,13
5947,50,16,85,11,-11.432524505459872,5
5948,81,14,47,10,-11.445134927289029,4
5949,18,15,11,10,-11.496523839067972,5
5950,3,19,53,13,-11.503790428420066,6
5951,11,18,30,12,-11.507672969097248,6
5952,81,15,7,9,-11.525413070422037,6
5953,76,15,74,9,-11.544600382799558,6
5954,71,10,111,7,-11.563837134119527,3
5955,104,16,36,10,-11.564722196156035,6
5956,11,10,108,7,-11.565275419390531,3
5957,50,15,33,10,-11.568332857311571,5
5958,39,15,90,10,-11.577976501423594,5
5959,16,30,78,20,-11.617981267014933,10
5960,40,12,100,8,-11.638460148115906,4
5961,86,33,102,23,-11.659667182565103,10
5962,104,11,93,7,-11.670878710804795,4
5963,88,10,21,7,-11.67738292245627,3
5964,48,11,98,8,-11.678045251552971,3
5965,28,23,34,16,-11.682170467841411,7
5966,96,13,91,9,-11.692854193124042,4
5967,102,15,100,11,-11.724376607273163,4
5968,1,37,55,26,-11.769033555767942,11
5969,60,14,102,9,-11.776298762035289,5
5970,62,10,112,7,-11.78047192200998,3
5971,109,18,17,12,-11.781743441013703,6
5972,65,12,91,8,-11.784658313781671,4
5973,102,10,19,8,-11.787844411233355,2
5974,54,10,44,7,-11.791894285038754,3
5975,40,21,8,15,-11.791921402372775,6
5976,108,11,8,8,-11.805411430354427,3
5977,91,10,53,7,-11.811611902058761,3
5978,17,10,83,6,-11.812775268760374,4
5979,111,16,28,11,-11.820301223407922,5
5980,64,10,74,6,-11.828764368523549,4
5981,28,47,63,33,-11.828866423716303,14
5982,37,10,78,7,-11.831707242150298,3
5983,28,34,74,23,-11.834419909257845,11
5984,103,17,107,12,-11.84601297233496,5
5985,29,12,20,8,-11.85416559868577,4
5986,41,22,111,14,-11.859477089655313,8
5987,104,18,90,12,-11.89837391797068,6
5988,29,11,109,6,-11.905733206262543,5
5989,65,46,114,30,-11.938229846486397,16
5990,68,17,72,12,-11.93885971533164,5
5991,18,27,95,18,-11.951490678023534,9
5992,54,10,53,7,-11.951994898142779,3
5993,29,13,64,10,-11.953113338141378,3
5994,81,14,104,8,-11.956844186421009,6
5995,49,11,94,8,-11.960623646252792,3
5996,72,11,50,8,-11.966306538639385,3
5997,60,16,37,10,-11.9668638856867,6
5998,98,11,109,8,-11.980585816049416,3
5999,55,18,102,12,-11.983866194974432,6
6000,104,12,1,8,-12.020108292717424,4
6001,63,18,1,11,-12.054495717242014,7
6002,57,14,76,10,-12.05677878352057,4
6003,94,35,16,25,-12.057575200604031,10
6004,91,18,30,13,-12.061464887561756,5
6005,39,17,108,11,-12.085170572248146,6
6006,72,12,63,9,-12.08999686228347,3
6007,35,11,8,8,-12.093356369533684,3
6008,84,10,62,7,-12.102258594247479,3
6009,112,23,60,16,-12.109222093309295,7
6010,70,12,34,8,-12.123530804367727,4
6011,27,27,104,19,-12.12641217929714,8
6012,63,12,92,7,-12.136993324985582,5
6013,31,11,19,8,-12.140248760143196,3
6014,94,16,30,11,-12.145626497260825,5
6015,70,22,2,14,-12.153236389251056,8
6016,103,10,78,8,-12.172315771013801,2
6017,99,21,107,14,-12.174640608684573,7
6018,57,19,65,13,-12.179886904630772,6
6019,39,18,109,13,-12.189314131019263,5
6020,84,35,11,24,-12.189911906563859,11
6021,76,18,7,11,-12.196617315781682,7
6022,106,11,78,8,-12.21024325274275,3
6023,9,14,43,9,-12.224469441855376,5
6024,43,19,75,14,-12.224767647713705,5
6025,60,22,74,14,-12.230302476711504,8
6026,54,27,48,18,-12.230401373927076,9
6027,84,11,71,8,-12.255989147154674,3
6028,39,10,32,7,-12.25900875776762,3
6029,85,16,39,10,-12.259649528892558,6
6030,78,17,17,11,-12.267827102574513,6
6031,112,12,58,8,-12.27450382990949,4
6032,96,29,98,20,-12.301665445316491,9
6033,57,14,75,10,-12.306540056833528,4
6034,60,24,47,17,-12.306617941323186,7
6035,97,12,67,9,-12.35346782744064,3
6036,46,39,104,26,-12.353574327141937,13
6037,69,24,49,16,-12.366820006437123,8
6038,50,17,36,10,-12.423703215189779,7
6039,9,16,11,11,-12.445555022892497,5
6040,114,30,87,19,-12.486821931566256,11
6041,92,15,64,8,-12.492372460791037,7
6042,49,10,80,6,-12.509141995238949,4
6043,103,12,55,9,-12.517980336309982,3
6044,63,20,57,13,-12.524650656070374,7
6045,5,27,75,17,-12.535083552437035,10
6046,3,15,41,12,-12.536867675080288,3
6047,87,27,98,19,-12.540784384215351,8
6048,5,27,57,19,-12.572003913811173,8
6049,5,15,48,11,-12.675358072710548,4
6050,88,16,111,12,-12.710530076381987,4
6051,106,24,46,15,-12.725492516069489,9
6052,106,14,33,10,-12.736963404825662,4
6053,109,27,114,20,-12.737377288037608,7
6054,36,10,95,7,-12.746346244298937,3
6055,81,12,54,8,-12.757047966098474,4
6056,51,26,15,17,-12.774757740490882,9
6057,19,11,63,8,-12.824791428015692,3
6058,112,13,38,10,-12.849363497429499,3
6059,50,10,78,7,-12.880515423493952,3
6060,65,21,2,16,-12.8900275785182,5
6061,62,20,74,14,-12.893098863947467,6
6062,48,14,60,10,-12.898116343169702,4
6063,75,12,98,8,-12.900340980932176,4
6064,19,10,18,7,-12.906348402552078,3
6065,87,20,79,15,-12.924731468288163,5
6066,60,29,91,19,-12.952631394075716,10
6067,102,21,107,14,-12.974367748289918,7
6068,3,10,58,8,-13.004309559743186,2
6069,30,11,80,8,-13.03236389442298,3
6070,29,14,75,9,-13.04592128555306,5
6071,112,21,28,15,-13.06776325687043,6
6072,108,11,84,8,-13.07106461175519,3
6073,12,13,114,8,-13.087005723325444,5
6074,88,12,98,9,-13.094822370834628,3
6075,70,10,83,6,-13.118339150755117,4
6076,83,11,27,9,-13.134097125094824,2
6077,37,28,95,21,-13.149042342745602,7
6078,70,22,11,16,-13.174919150937757,6
6079,54,18,36,12,-13.217744798273172,6
6080,63,19,62,13,-13.232960235611287,6
6081,41,16,8,12,-13.244566662838952,4
6082,96,39,11,27,-13.252582377716239,12
6083,11,23,95,17,-13.263288005084238,6
6084,5,31,102,21,-13.269431869962297,10
6085,99,12,7,8,-13.274517260788413,4
6086,57,15,100,10,-13.283897406533027,5
6087,106,19,64,13,-13.295192075566398,6
6088,23,11,72,8,-13.303468387767726,3
6089,46,17,50,11,-13.310329365776978,6
6090,18,16,47,12,-13.317575135316673,4
6091,46,12,18,9,-13.322032493347338,3
6092,20,15,34,11,-13.349753634163106,4
6093,32,11,55,7,-13.36363963009391,4
6094,35,12,104,8,-13.369677424437175,4
6095,41,14,30,9,-13.415502729875797,5
6096,112,11,91,8,-13.423237527272477,3
6097,53,15,75,10,-13.423496737137004,5
6098,32,12,25,7,-13.427877456338663,5
6099,45,15,23,11,-13.436468047997268,4
6100,53,19,43,14,-13.438033142991657,5
6101,35,15,36,11,-13.440272285829963,4
6102,57,10,1,7,-13.498323659072739,3
6103,66,11,7,7,-13.514093541012448,4
6104,19,21,27,16,-13.54408399598256,5
6105,91,12,76,9,-13.56346091448288,3
6106,74,10,15,7,-13.56932630742914,3
6107,3,10,38,7,-13.612373842695774,3
6108,18,11,49,8,-13.655065375637419,3
6109,103,11,109,7,-13.675879641836712,4
6110,86,16,92,11,-13.67676060817369,5
6111,49,12,47,9,-13.687802461931257,3
6112,44,14,104,10,-13.703910249073422,4
6113,3,22,63,17,-13.713969327820672,5
6114,31,25,63,18,-13.714594813504094,7
6115,33,14,63,10,-13.733555706081619,4
6116,27,10,97,6,-13.735152835550487,4
6117,88,37,95,26,-13.752013257016609,11
6118,50,17,77,13,-13.753479149012174,4
6119,112,11,97,9,-13.794615799527321,2
6120,31,74,13,51,-13.800549608099518,23
6121,31,17,98,11,-13.805084918983175,6
6122,104,14,34,10,-13.864298464092721,4
6123,50,19,53,13,-13.883151416746287,6
6124,76,17,54,12,-13.892444764564262,5
6125,13,29,30,19,-13.892452276987239,10
6126,112,11,37,8,-13.937736127059297,3
6127,69,19,75,14,-13.94230448490658,5
6128,109,11,91,8,-13.94618860472034,3
6129,71,24,40,17,-13.948125771645659,7
6130,8,11,69,8,-13.967704360915697,3
6131,75,12,111,8,-13.972281809419961,4
6132,91,11,69,7,-13.993001551531528,4
6133,77,29,40,21,-14.048771071022598,8
6134,57,12,62,9,-14.067895538486146,3
6135,112,13,49,9,-14.107588631583399,4
6136,81,26,51,17,-14.111514320288215,9
6137,19,22,29,16,-14.139848607717555,6
6138,48,10,29,7,-14.14263349496715,3
6139,80,11,41,8,-14.186716292232557,3
6140,3,15,20,11,-14.188922367828342,4
6141,37,12,34,9,-14.300571264435137,3
6142,102,11,46,8,-14.307494713152051,3
6143,112,15,47,10,-14.309777431810543,5
6144,57,12,31,8,-14.310689026630849,4
6145,112,10,108,7,-14.316449946299121,3
6146,86,25,26,19,-14.32203675657022,6
6147,63,37,80,27,-14.322048676220186,10
6148,78,14,76,11,-14.333560594759899,3
6149,77,27,7,19,-14.33556677589385,8
6150,83,10,40,8,-14.347262135245904,2
6151,49,18,76,13,-14.388922058985907,5
6152,90,16,20,11,-14.40477443227545,5
6153,70,26,108,19,-14.427393649276276,7
6154,14,11,80,7,-14.435345395194508,4
6155,35,13,97,10,-14.4445517315995,3
6156,5,12,44,9,-14.447481002517355,3
6157,35,13,63,9,-14.450412261730216,4
6158,65,10,72,7,-14.450652701600797,3
6159,2,10,73,7,-14.457830254043136,3
6160,25,12,34,9,-14.468789684868275,3
6161,104,19,64,14,-14.512801584595096,5
6162,2,12,13,8,-14.516038794033763,4
6163,37,12,73,8,-14.533349572792924,4
6164,9,11,108,7,-14.533752266696007,4
6165,50,19,80,15,-14.554439051919099,4
6166,81,12,100,8,-14.580245422414423,4
6167,99,12,50,8,-14.581629542155014,4
6168,29,22,88,16,-14.584788845308772,6
6169,9,25,15,16,-14.58750591260023,9
6170,79,14,104,9,-14.67585498642578,5
6171,69,13,15,10,-14.675971701381805,3
6172,94,10,9,6,-14.704426445452432,4
6173,83,19,114,14,-14.71253096490687,5
6174,31,10,100,7,-14.730848989291465,3
6175,102,11,90,6,-14.739148726840858,5
6176,106,14,32,11,-14.741977351969277,3
6177,83,19,16,14,-14.752075456104706,5
6178,2,10,57,7,-14.75670329182861,3
6179,47,12,78,8,-14.759178311128258,4
6180,54,36,75,25,-14.80658448659353,11
6181,76,13,15,9,-14.81353391108204,4
6182,43,17,55,14,-14.81915638406445,3
6183,38,13,87,9,-14.859584047072818,4
6184,28,12,110,8,-14.8602682733133,4
6185,39,11,2,8,-14.867970478981071,3
6186,68,16,29,12,-14.872359696157925,4
6187,46,13,93,10,-14.890756855873018,3
6188,112,10,55,8,-14.907032679929216,2
6189,77,11,98,8,-14.971497492381292,3
6190,75,10,45,8,-15.003649946946844,2
6191,99,18,25,13,-15.014737107768294,5
6192,94,10,78,7,-15.017246599003702,3
6193,65,34,100,26,-15.04864337983154,8
6194,51,19,45,14,-15.064032724857126,5
6195,3,13,72,9,-15.071268742232348,4
6196,69,10,111,7,-15.0816233253005,3
6197,71,17,41,13,-15.162388636591329,4
6198,68,15,61,11,-15.24709195978541,4
6199,84,15,41,11,-15.33074063826509,4
6200,37,13,18,10,-15.368965567811568,3
6201,3,27,84,18,-15.372916145146673,9
6202,46,12,98,8,-15.381140721878973,4
6203,25,14,49,10,-15.43786379260084,4
6204,107,25,73,17,-15.460672720698524,8
6205,103,12,74,9,-15.463990000688312,3
6206,84,22,112,16,-15.486639525748986,6
6207,31,15,69,10,-15.502962092044207,5
6208,2,18,104,12,-15.50344370749933,6
6209,10,11,37,7,-15.516949569025604,4
6210,14,11,25,9,-15.536643242754739,2
6211,31,12,104,8,-15.561592201078605,4
6212,5,20,23,15,-15.563915929412014,5
6213,109,22,27,15,-15.564804203625197,7
6214,45,14,4,10,-15.600891470448104,4
6215,85,11,106,8,-15.605731963514037,3
6216,97,13,90,9,-15.62188808576594,4
6217,51,15,94,11,-15.625063973212233,4
6218,58,23,65,16,-15.653154983328356,7
6219,97,12,14,10,-15.664913845649806,2
6220,35,13,87,9,-15.683184050777022,4
6221,20,12,78,9,-15.688503428065088,3
6222,1,13,8,10,-15.702434313684371,3
6223,80,13,75,10,-15.71805205236554,3
6224,35,12,80,9,-15.72406211872363,3
6225,77,14,37,10,-15.73169378416834,4
6226,96,16,93,12,-15.73319462766121,4
6227,57,20,7,13,-15.746440629237659,7
6228,35,10,75,8,-15.755761764469415,2
6229,93,11,30,8,-15.77720736230077,3
6230,12,12,75,8,-15.785867542761379,4
6231,17,22,95,17,-15.802621580377178,5
6232,31,45,16,33,-15.837412153743443,12
6233,39,18,99,14,-15.84878961626863,4
6234,94,12,85,9,-15.872945827108664,3
6235,28,12,43,8,-15.894105628705272,4
6236,9,30,53,22,-15.894615033798411,8
6237,70,13,80,11,-15.90133341789594,2
6238,63,13,14,9,-15.961958621197994,4
6239,18,14,69,10,-16.02698149276047,4
6240,5,18,41,12,-16.050377082501456,6
6241,77,20,8,15,-16.11157045463716,5
6242,112,15,71,11,-16.11687592102847,4
6243,19,14,51,11,-16.139876446269273,3
6244,77,15,100,11,-16.144431143161373,4
6245,102,10,43,7,-16.154622115934174,3
6246,69,21,53,15,-16.247322250303586,6
6247,80,12,34,10,-16.269229317512288,2
6248,68,16,103,12,-16.281667488957133,4
6249,77,14,43,10,-16.318985637418912,4
6250,43,15,30,12,-16.37803823872752,3
6251,40,10,29,8,-16.37829418439082,2
6252,79,12,30,9,-16.40518046559389,3
6253,7,16,61,11,-16.426968020447948,5
6254,25,25,11,20,-16.429746187224737,5
6255,94,18,81,12,-16.44588848069767,6
6256,109,14,15,11,-16.447207404622475,3
6257,55,15,14,12,-16.464885141480416,3
6258,88,17,80,12,-16.477538046034613,5
6259,64,10,66,8,-16.526342406123632,2
6260,68,22,95,18,-16.550204863156033,4
6261,36,10,101,8,-16.627946704419497,2
6262,41,10,15,8,-16.66572103031544,2
6263,71,15,95,10,-16.72675418994599,5
6264,37,11,15,9,-16.737409909319528,2
6265,83,13,23,10,-16.744700089549813,3
6266,63,22,30,16,-16.797661541242764,6
6267,76,10,1,7,-16.815372977495876,3
6268,97,14,38,11,-16.838290194315167,3
6269,10,12,13,9,-16.89276746041982,3
6270,112,19,20,15,-16.964936240764274,4
6271,31,10,38,6,-16.97274158238424,4
6272,46,11,43,8,-16.991693442801246,3
6273,70,11,48,8,-17.04295857723929,3
6274,15,10,62,8,-17.05506964781122,2
6275,1,14,18,11,-17.058153705270225,3
6276,13,17,80,12,-17.06375198393908,5
6277,2,11,60,8,-17.11684300008854,3
6278,9,28,41,21,-17.159883472781484,7
6279,104,11,78,9,-17.17638287816083,2
6280,5,22,27,16,-17.186967099907662,6
6281,20,13,60,10,-17.267904745312975,3
6282,107,18,19,15,-17.294486817084366,3
6283,106,10,35,7,-17.319051156851785,3
6284,39,10,45,7,-17.32115834390289,3
6285,3,10,47,8,-17.3485191414896,2
6286,12,16,41,12,-17.359792151573956,4
6287,58,21,86,16,-17.41327003256676,5
6288,35,10,60,7,-17.41812694726481,3
6289,43,11,81,8,-17.430783583295423,3
6290,18,14,23,10,-17.468338798211544,4
6291,79,11,76,9,-17.53144635448245,2
6292,83,11,110,9,-17.575104905290946,2
6293,112,11,15,8,-17.64931913748698,3
6294,67,10,20,8,-17.6724550880506,2
6295,3,11,5,7,-17.694163901939547,4
6296,68,21,100,15,-17.7215535482699,6
6297,68,32,112,25,-17.735336321116534,7
6298,55,12,44,9,-17.771847163193563,3
6299,5,18,30,15,-17.81053305502534,3
6300,88,17,32,13,-17.824594134673823,4
6301,114,11,111,8,-17.846918134233796,3
6302,41,10,35,7,-17.84884882348167,3
6303,22,11,13,9,-17.88490511828995,2
6304,30,15,95,11,-17.91990160883281,4
6305,33,18,55,14,-17.969879843551904,4
6306,28,28,90,22,-18.060877876686433,6
6307,79,10,75,8,-18.185200748196127,2
6308,3,17,30,14,-18.440810784687134,3
6309,18,10,5,8,-18.464269170029826,2
6310,81,14,49,10,-18.467862810158525,4
6311,9,15,48,12,-18.472872872736897,3
6312,33,14,65,11,-18.512762180418843,3
6313,31,15,106,11,-18.52908676481624,4
6314,57,13,34,10,-18.63083545853813,3
6315,68,15,50,11,-18.68712791744929,4
6316,77,19,16,15,-18.736127046783512,4
6317,28,17,99,13,-18.754584808369174,4
6318,47,11,55,8,-18.857554518412744,3
6319,11,10,2,8,-18.92308479788875,2
6320,4,13,98,11,-18.936498509144613,2
6321,106,11,89,7,-18.95338953455919,4
6322,6,10,30,8,-19.02037640213381,2
6323,106,10,92,8,-19.041690772468705,2
6324,43,12,45,9,-19.04326521517843,3
6325,112,24,78,19,-19.082129611631505,5
6326,51,21,90,17,-19.126466143985915,4
6327,2,10,100,7,-19.143504228869272,3
6328,54,16,4,14,-19.244087603842104,2
6329,18,14,99,11,-19.290873438644514,3
6330,36,19,30,17,-19.30529767168729,2
6331,51,10,101,8,-19.538804927619935,2
6332,5,11,64,9,-19.698196874853632,2
6333,31,11,15,8,-19.738787942525683,3
6334,32,12,95,10,-19.760326388824467,2
6335,108,11,114,8,-19.76837565181859,3
6336,9,26,27,20,-19.852592249004637,6
6337,97,13,73,9,-19.966763707753135,4
6338,84,11,7,9,-20.072751797902637,2
6339,102,12,30,9,-20.23532766059948,3
6340,10,15,51,12,-20.332726180509006,3
6341,69,14,27,11,-20.342887062572174,3
6342,3,12,48,9,-20.42168215991077,3
6343,35,11,48,9,-20.438098241934796,2
6344,19,12,55,9,-20.602645773872627,3
6345,79,11,17,9,-20.72101316555543,2
6346,68,11,90,9,-20.787956198015944,2
6347,38,11,55,9,-20.87506721402826,2
6348,57,13,94,10,-20.917014051877036,3
6349,43,10,110,8,-21.055981543018305,2
6350,10,13,112,10,-21.234179723414762,3
6351,91,16,104,15,-21.31971827875211,1
6352,51,16,2,12,-21.322170492802826,4
6353,4,13,25,11,-21.42004260246313,2
6354,4,15,41,10,-21.480590173913868,5
6355,31,12,62,9,-21.790941067775986,3
6356,19,12,76,10,-21.846516735454518,2
6357,48,13,78,11,-22.133379125833553,2
6358,97,12,91,10,-22.175648770183788,2
6359,57,12,29,10,-22.398372618819636,2
6360,112,14,80,11,-22.742433885358178,3
6361,8,11,4,10,-23.17790508365148,1
6362,77,18,75,15,-23.520364069525275,3
6363,109,11,12,10,-23.647352995961207,1
6364,57,11,112,9,-24.03512959326609,2
6365,97,11,34,9,-24.058676404388496,2
6366,3,16,75,14,-24.194103806582213,2
6367,42,10,104,9,-24.354495184164946,1
6368,57,12,26,10,-24.80508950345583,2
6369,94,10,62,9,-26.27052480823864,1
6370,23,13,90,12,-28.362481429909796,1
6371,29,10,72,9,-28.9891345421891,1
6372,37,11,44,11,-29.883498899257123,0
6373,102,12,112,11,-30.11175096026079,1
