,againstHero,games,hero,losses,shift,wins
0,17,10,81,0,31.104140358623045,10
1,44,11,37,0,29.88349889925713,11
2,98,10,61,0,28.323329566102494,10
3,69,10,38,1,27.695920761479556,9
4,98,10,81,1,27.56322031639677,9
5,112,19,102,3,26.263936066036287,16
6,49,10,106,1,25.681632401928862,9
7,55,15,38,2,25.19286181976179,13
8,90,14,23,2,25.1914979759845,12
9,104,12,42,1,24.904925932331494,11
10,26,16,57,3,24.881124922939264,13
11,74,10,53,2,24.36471273024663,8
12,75,19,77,3,23.52836570307736,16
13,4,11,8,1,23.177905083651485,10
14,104,18,91,1,22.937436859705542,17
15,3,10,1,2,22.670516239418717,8
16,67,10,75,2,22.344866661605135,8
17,91,12,97,2,22.175648770183784,10
18,62,12,31,3,21.790941067775986,9
19,100,13,33,2,21.62284692524605,11
20,41,15,4,5,21.48059017391386,10
21,25,13,4,2,21.420042602463127,11
22,75,18,3,3,21.417290354619,15
23,27,14,102,2,21.319702847345447,12
24,101,11,51,2,21.226620175614492,9
25,76,11,31,1,21.157211826935978,10
26,80,16,112,4,21.108795407964617,12
27,51,16,10,3,21.051824036569297,13
28,112,14,10,3,21.021770709139737,11
29,48,23,3,5,20.88681691836247,18
30,53,10,19,2,20.842785083839225,8
31,34,11,77,1,20.530353874618392,10
32,30,11,10,2,20.38962047667116,9
33,112,38,68,8,20.161440612174868,30
34,7,12,84,2,20.160900959942538,10
35,108,10,103,2,19.999523906909126,8
36,4,17,54,2,19.994435391851386,15
37,73,13,97,4,19.966763707753138,9
38,34,14,62,3,19.924354537282113,11
39,30,12,6,2,19.865749004424455,10
40,89,12,106,4,19.849086778440608,8
41,47,10,103,2,19.812446429430658,8
42,95,12,32,2,19.760326388824467,10
43,15,11,31,3,19.738787942525676,8
44,64,11,5,2,19.698196874853622,9
45,102,10,72,2,19.49495525831096,8
46,64,14,34,3,19.390401823844165,11
47,30,19,36,2,19.305297671687292,17
48,99,14,18,3,19.290873438644518,11
49,92,10,106,2,19.04169077246869,8
50,76,18,43,3,19.026963739752578,15
51,95,10,91,2,19.016995093352214,8
52,91,11,3,2,18.936601357455206,9
53,98,13,4,2,18.93649850914462,11
54,80,10,57,2,18.848304656664286,8
55,34,12,97,3,18.831202908180163,9
56,55,20,33,4,18.82593244000092,16
57,99,17,28,4,18.75458480836917,13
58,112,16,57,4,18.741640604630682,12
59,48,14,94,3,18.679447719754858,11
60,95,16,30,4,18.59476138296642,12
61,34,13,80,2,18.593959686463528,11
62,106,15,31,4,18.52908676481623,11
63,72,13,81,4,18.287707067400415,9
64,81,25,94,7,18.232288763777706,18
65,67,10,54,2,18.121548101252504,8
66,39,10,42,2,18.051951181856023,8
67,35,10,41,3,17.84884882348167,7
68,111,11,114,3,17.846918134233793,8
69,32,17,88,4,17.824594134673823,13
70,48,13,35,3,17.821530991658573,10
71,30,18,5,3,17.81053305502534,15
72,85,10,15,2,17.788004047228643,8
73,44,12,55,3,17.77184716319358,9
74,90,12,68,3,17.719685937760904,9
75,81,16,43,4,17.708072706454832,12
76,5,11,3,4,17.694163901939536,7
77,20,10,67,2,17.672455088050597,8
78,102,18,60,5,17.60770484195146,13
79,104,13,94,3,17.60567868727478,10
80,110,11,83,2,17.575104905290953,9
81,77,16,76,3,17.55061759883544,13
82,108,11,109,3,17.40163308376229,8
83,35,10,106,3,17.31905115685177,7
84,27,22,5,6,17.18696709990766,16
85,88,28,29,7,17.154392005842116,21
86,60,11,2,3,17.116843000088547,8
87,18,15,46,3,17.114833090306377,12
88,27,29,9,8,17.072056537621442,21
89,18,14,1,3,17.058153705270215,11
90,73,13,37,4,17.032463348069772,9
91,90,25,51,6,16.98113610300884,19
92,38,10,31,4,16.97274158238423,6
93,20,19,112,4,16.964936240764278,15
94,43,12,46,3,16.90387334173946,9
95,22,10,41,2,16.895138763704843,8
96,13,12,10,3,16.89276746041981,9
97,26,11,12,3,16.87748269880037,8
98,37,12,10,4,16.877061428062927,8
99,17,23,109,6,16.8005002981342,17
100,109,11,90,2,16.788029604333666,9
101,3,11,95,3,16.769038777456778,8
102,60,10,26,3,16.74543091529222,7
103,23,13,83,3,16.74470008954982,10
104,95,15,71,5,16.726754189945982,10
105,78,28,112,7,16.67914983172849,21
106,53,23,69,6,16.676579450904736,17
107,101,10,36,2,16.627946704419482,8
108,95,22,68,4,16.55020486315604,18
109,45,16,43,5,16.53916083840223,11
110,17,12,79,3,16.528587589888392,9
111,34,10,61,1,16.513382683902012,9
112,16,46,31,12,16.494251500601973,34
113,14,15,55,3,16.46488514148042,12
114,74,12,64,4,16.440953543226588,8
115,19,11,37,2,16.4401797639671,9
116,99,19,39,4,16.42872930905631,15
117,14,14,63,4,16.386711509096077,10
118,110,11,43,3,16.376498956572302,8
119,27,13,83,2,16.3680925226411,11
120,114,13,29,4,16.363621075704426,9
121,104,19,2,6,16.35238800305577,13
122,25,12,14,2,16.337614979675553,10
123,38,14,43,5,16.30094485820463,9
124,65,16,33,4,16.286121361101067,12
125,89,10,12,3,16.206264936988227,7
126,71,15,112,4,16.11687592102847,11
127,87,19,35,6,16.11679485458087,13
128,41,18,5,6,16.050377082501452,12
129,8,13,108,3,16.00695825478633,10
130,57,11,90,3,15.975273202140915,8
131,62,12,48,4,15.963389974606171,8
132,80,13,70,2,15.901333417895945,11
133,90,29,28,7,15.88008958677165,22
134,80,14,76,4,15.87988367140994,10
135,93,15,46,3,15.866750824235567,12
136,95,22,17,5,15.802621580377183,17
137,12,18,62,5,15.77140020730931,13
138,110,13,28,4,15.75542536900984,9
139,17,13,94,4,15.746212612138288,9
140,93,16,96,4,15.733194627661216,12
141,80,12,35,3,15.724062118723628,9
142,75,13,80,3,15.718052052365538,10
143,74,17,103,4,15.685274521129362,13
144,14,12,97,2,15.664913845649805,10
145,54,11,10,3,15.645825981672173,8
146,106,11,85,3,15.605731963514026,8
147,4,14,45,4,15.60089147044811,10
148,15,15,112,4,15.573362498581016,11
149,23,21,5,5,15.554175057753397,16
150,69,15,31,5,15.502962092044207,10
151,9,15,12,4,15.494125308722385,11
152,112,23,84,6,15.486639525748984,17
153,2,12,39,3,15.473797666414951,9
154,34,19,20,4,15.469034717668377,15
155,73,25,107,8,15.46067272069853,17
156,94,13,72,4,15.447807821252342,9
157,5,11,18,3,15.389394006883377,8
158,54,24,76,7,15.383624637164608,17
159,100,15,2,5,15.36385849078198,10
160,29,21,57,5,15.35999035135382,16
161,114,15,108,4,15.270376800556944,11
162,17,23,78,7,15.213171433192189,16
163,48,31,54,9,15.15203502038891,22
164,71,10,29,2,15.143188317628589,8
165,43,13,102,4,15.12742817504257,9
166,86,29,58,7,15.095351107022626,22
167,60,16,20,4,15.074406318316193,12
168,25,18,99,5,15.014737107768298,13
169,45,10,75,2,15.00364994694684,8
170,13,12,22,3,14.994671319317483,9
171,49,10,44,3,14.992301775479177,7
172,104,24,38,7,14.977006233689528,17
173,30,27,41,7,14.916058625622123,20
174,111,18,88,4,14.891378091601458,14
175,38,12,93,5,14.887591780281296,7
176,102,11,35,4,14.787485364380144,7
177,7,11,89,3,14.785043291363074,8
178,11,26,25,6,14.778705544740387,20
179,9,18,19,5,14.772730517620861,13
180,100,39,3,10,14.760066792236577,29
181,32,14,106,3,14.741977351969275,11
182,100,10,31,3,14.730848989291468,7
183,7,28,77,8,14.729495105034692,20
184,114,19,83,5,14.712530964906861,14
185,55,15,12,4,14.659208117082445,11
186,23,17,45,5,14.633454544359154,12
187,75,11,103,2,14.618807679917433,9
188,18,16,34,4,14.60047624736332,12
189,50,12,99,4,14.581629542155012,8
190,90,10,18,3,14.572865755876737,7
191,80,19,50,4,14.554439051919097,15
192,27,25,69,8,14.53516647824794,17
193,34,10,108,2,14.47806718750258,8
194,19,12,6,4,14.46906875309814,8
195,34,12,25,3,14.468789684868279,9
196,19,24,109,7,14.459542688581017,17
197,73,10,2,3,14.457830254043134,7
198,44,12,5,3,14.447481002517359,9
199,97,13,35,3,14.444551731599496,10
200,80,11,14,4,14.435345395194517,7
201,108,26,70,7,14.427393649276278,19
202,104,38,27,11,14.367134728519877,27
203,47,19,112,6,14.35203478831677,13
204,40,10,83,2,14.347262135245902,8
205,100,21,81,7,14.332150578710534,14
206,31,12,57,4,14.310689026630854,8
207,48,10,112,2,14.307464286387091,8
208,23,15,18,5,14.275894417804937,10
209,16,22,83,6,14.273795003910386,16
210,83,11,17,4,14.269615650014424,7
211,114,30,109,7,14.263150833488547,23
212,34,25,57,7,14.246419359699368,18
213,61,17,7,6,14.217702740281522,11
214,50,18,46,6,14.208875687593249,12
215,72,10,75,3,14.207053385683185,7
216,53,32,9,9,14.164130450753671,23
217,80,22,13,8,14.136399928885787,14
218,100,13,90,3,14.135656538378813,10
219,26,26,86,6,14.092560899301935,20
220,74,24,48,9,14.067708006346335,15
221,40,29,77,8,14.0487710710226,21
222,15,14,52,4,14.026248257676636,10
223,41,31,9,9,13.990507643067811,22
224,111,12,75,4,13.972281809419972,8
225,58,12,29,3,13.952580214272475,9
226,40,24,71,7,13.948125771645659,17
227,37,11,112,3,13.937736127059289,8
228,25,10,112,3,13.919292260310073,7
229,45,11,12,3,13.905186638720528,8
230,34,15,41,5,13.902632667621374,10
231,35,15,109,4,13.805330239767782,11
232,53,25,109,7,13.798748649611145,18
233,97,11,112,2,13.794615799527316,9
234,47,13,57,4,13.774921234941399,9
235,18,15,29,4,13.759102795902567,11
236,97,10,27,4,13.735152835550473,6
237,95,25,11,7,13.725658005456241,18
238,63,25,31,7,13.714594813504087,18
239,112,10,109,3,13.713802849046607,7
240,74,10,72,3,13.712662034006469,7
241,45,21,51,6,13.706946532575506,15
242,34,10,95,3,13.704508911135058,7
243,57,28,5,8,13.702708831126637,20
244,92,10,25,3,13.698642336458672,7
245,80,12,29,3,13.652385914226349,9
246,60,11,35,4,13.648279310586378,7
247,75,15,12,5,13.63556285801919,10
248,41,29,12,8,13.623588976279665,21
249,48,13,70,4,13.615964738776976,9
250,74,13,3,3,13.61471774127341,10
251,104,12,47,2,13.613279534811948,10
252,99,12,11,4,13.594978977058028,8
253,109,21,29,8,13.57958696345589,13
254,84,32,3,11,13.566312963849295,21
255,41,19,84,6,13.556150264603875,13
256,80,10,6,3,13.522871173076231,7
257,13,33,29,11,13.51680271792765,22
258,55,13,112,3,13.49840576791747,10
259,84,12,108,3,13.488009207908556,9
260,30,35,63,11,13.474095643481393,24
261,36,15,35,4,13.440272285829971,11
262,25,12,32,5,13.427877456338669,7
263,61,16,68,5,13.424919545398383,11
264,75,15,53,5,13.423496737137011,10
265,58,14,103,4,13.42165289938014,10
266,18,13,89,4,13.42076092247936,9
267,71,15,84,4,13.41321574412034,11
268,80,22,51,7,13.405837899191413,15
269,104,12,35,4,13.369677424437175,8
270,108,10,12,4,13.367955655554766,6
271,17,14,48,5,13.364907872446567,9
272,55,11,32,4,13.363639630093912,7
273,108,13,9,5,13.341841222661904,8
274,15,17,37,4,13.319007709477827,13
275,80,20,88,7,13.305539707805673,13
276,8,14,1,4,13.305141225086524,10
277,64,19,106,6,13.295192075566392,13
278,104,43,46,14,13.294982678813746,29
279,7,12,99,4,13.27451726078842,8
280,48,20,49,5,13.272537147968347,15
281,95,39,88,12,13.236869470595256,27
282,100,43,103,13,13.227532013523499,30
283,36,18,54,6,13.217744798273168,12
284,19,14,79,5,13.189433599982168,9
285,78,18,53,6,13.179909517389321,12
286,95,28,37,7,13.149042342745599,21
287,48,13,103,3,13.133825600656486,10
288,94,10,91,2,13.125494056890847,8
289,7,16,81,6,13.106635849592113,10
290,64,16,92,7,13.08148644517277,9
291,45,12,38,3,13.079918436245945,9
292,74,23,62,7,13.07201740553172,16
293,76,10,17,3,13.046434260051374,7
294,55,14,47,5,13.036465008068177,9
295,15,18,55,4,13.03115867267244,14
296,63,14,35,5,12.998216518752985,9
297,92,10,84,4,12.962976398847768,6
298,98,19,106,6,12.954874150336938,13
299,35,12,65,3,12.947773360172924,9
300,64,20,37,6,12.946494518825181,14
301,64,10,94,4,12.918584959999516,6
302,7,27,19,7,12.90231365069275,20
303,2,21,65,5,12.890027578518191,16
304,33,12,43,4,12.882845460192625,8
305,78,24,62,8,12.882740007875498,16
306,15,41,109,11,12.879937221302642,30
307,98,34,87,9,12.860109010388788,25
308,42,10,41,3,12.856406375174817,7
309,1,11,76,4,12.827717897490277,7
310,108,21,3,6,12.820649904212205,15
311,8,26,77,8,12.808875708194627,18
312,49,15,25,5,12.785517383168523,10
313,7,21,76,8,12.770945993300979,13
314,11,45,37,14,12.769631700064165,31
315,76,10,81,3,12.752232526187758,7
316,100,15,1,5,12.750379039232417,10
317,95,10,36,3,12.746346244298936,7
318,49,33,11,9,12.746260887103361,24
319,27,11,90,3,12.746161225633635,8
320,33,14,106,4,12.736963404825657,10
321,100,19,38,4,12.735540056935305,15
322,55,19,19,6,12.725354478103817,13
323,27,13,45,4,12.720614115305077,9
324,64,21,104,6,12.715850674799656,15
325,13,76,31,25,12.705633823012963,51
326,80,40,63,12,12.682443988429267,28
327,38,16,97,5,12.68239796661763,11
328,104,13,31,5,12.68196482072701,8
329,48,15,5,4,12.675358072710559,11
330,7,23,57,9,12.666461617234948,14
331,85,20,94,6,12.645956344332358,14
332,39,20,85,7,12.618845399489865,13
333,87,36,81,13,12.612539931268493,23
334,2,21,51,8,12.59592396910538,13
335,50,15,103,5,12.578273900171917,10
336,27,45,109,15,12.568775629142305,30
337,41,18,71,5,12.557773267008855,13
338,29,11,40,3,12.55488590787739,8
339,63,32,3,8,12.548769683390436,24
340,55,19,103,5,12.529038687766906,14
341,42,12,13,3,12.522183516198908,9
342,111,24,41,8,12.478825250714587,16
343,23,11,69,3,12.468155133637696,8
344,53,25,108,9,12.439042536725594,16
345,18,14,37,4,12.438833593443572,10
346,36,17,50,7,12.423703215189775,10
347,50,20,68,8,12.42357785737887,12
348,49,12,92,4,12.374864484595678,8
349,67,12,97,3,12.353467827440639,9
350,13,91,88,27,12.345868204497036,64
351,16,50,94,14,12.339437916019307,36
352,39,12,66,4,12.326990757641061,8
353,98,18,88,5,12.300728896947142,13
354,69,15,18,5,12.281407888329316,10
355,40,15,81,4,12.276802562895192,11
356,98,30,96,9,12.27549839186978,21
357,73,19,88,6,12.262693289910839,13
358,32,10,39,3,12.259008757767624,7
359,100,25,57,8,12.24904881178982,17
360,100,38,68,13,12.24221602839639,25
361,64,14,20,3,12.230112840596973,11
362,75,19,43,5,12.224767647713705,14
363,33,19,20,6,12.22272846414757,13
364,15,10,97,3,12.205780494305644,7
365,78,13,89,4,12.201646848352171,9
366,34,15,54,4,12.199946008042932,11
367,2,15,11,5,12.196157085843712,10
368,75,11,35,3,12.188091693345983,8
369,107,21,99,7,12.174640608684578,14
370,53,13,91,4,12.171401150381179,9
371,98,36,49,11,12.163034415600364,25
372,2,22,70,8,12.153236389251047,14
373,53,20,50,7,12.152614797488543,13
374,11,40,96,13,12.141028508791658,27
375,93,13,104,4,12.138932518021328,9
376,15,10,4,4,12.124220843420797,6
377,90,14,97,5,12.113619530203449,9
378,107,18,83,5,12.107720877525319,13
379,87,13,85,4,12.077215618367395,9
380,1,18,63,7,12.054495717242016,11
381,87,39,114,14,12.050110811135458,25
382,43,14,28,5,12.028046594555397,9
383,1,12,104,4,12.02010829271743,8
384,102,32,5,11,12.011851390558954,21
385,76,21,89,6,11.992072642388482,15
386,102,18,55,6,11.983866194974429,12
387,76,22,57,6,11.963037229635306,16
388,95,27,18,9,11.951490678023532,18
389,28,13,81,4,11.947384191502273,9
390,70,27,57,10,11.940546365796532,17
391,114,46,65,16,11.938229846486395,30
392,108,16,68,5,11.92861631232352,11
393,71,17,77,5,11.915487518479784,12
394,98,18,31,7,11.908816140421921,11
395,8,14,53,4,11.896656881070545,10
396,72,20,29,7,11.891839335235158,13
397,79,11,12,4,11.866943529008417,7
398,92,11,109,3,11.825872450184745,8
399,65,26,57,8,11.808644870061553,18
400,94,22,57,7,11.796472246977714,15
401,8,21,40,6,11.791921402372768,15
402,44,10,54,3,11.791894285038762,7
403,51,34,81,12,11.790201731891965,22
404,112,10,62,3,11.780471922009976,7
405,49,21,81,8,11.780141471258919,13
406,62,19,94,6,11.771555517167428,13
407,15,35,9,14,11.764798522569036,21
408,74,24,60,9,11.762098333048542,15
409,29,10,33,3,11.748714107960842,7
410,63,17,102,6,11.747209471298389,11
411,34,12,69,2,11.742698738008174,10
412,55,25,43,6,11.714024478286158,19
413,11,17,18,6,11.705753557271205,11
414,81,14,109,4,11.703106695945644,10
415,38,28,65,10,11.702732769934292,18
416,91,13,96,4,11.692854193124049,9
417,72,12,53,4,11.691048729366395,8
418,98,14,46,5,11.686706496340813,9
419,34,23,28,7,11.682170467841413,16
420,8,10,81,3,11.678569579324542,7
421,38,16,112,4,11.658656299185447,12
422,108,18,11,5,11.657518419024406,13
423,55,23,23,9,11.64391055385205,14
424,100,12,40,4,11.638460148115916,8
425,11,10,110,2,11.637838089699006,8
426,75,17,38,4,11.628826987325251,13
427,75,16,29,6,11.609985031917775,10
428,11,23,70,7,11.609570033059047,16
429,102,17,34,5,11.589345586040313,12
430,23,11,11,3,11.568338446113309,8
431,36,16,104,6,11.564722196156035,10
432,111,10,71,3,11.563837134119524,7
433,21,13,87,4,11.56318091799384,9
434,53,14,46,5,11.556347535591735,9
435,18,12,84,4,11.526678691260484,8
436,110,12,7,5,11.526061320417648,7
437,98,21,77,6,11.52597944233578,15
438,98,14,75,5,11.497093707313164,9
439,68,12,37,4,11.496583691347068,8
440,33,11,19,5,11.48004107795778,6
441,94,10,89,2,11.466175489745245,8
442,114,41,106,14,11.462749893343949,27
443,34,20,60,6,11.434147211488856,14
444,75,39,54,14,11.408133317564468,25
445,20,12,75,4,11.39629266092659,8
446,73,10,75,5,11.395199340418811,5
447,4,11,38,3,11.395009854616482,8
448,75,20,69,6,11.392691493047648,14
449,109,24,39,7,11.353932436124312,17
450,72,19,23,6,11.351678504808524,13
451,52,11,108,3,11.346744817608853,8
452,58,15,66,4,11.346720879682533,11
453,108,11,112,4,11.335603356831966,7
454,104,15,44,5,11.332078649569057,10
455,49,15,55,5,11.3111037781176,10
456,54,14,57,3,11.309051107925017,11
457,69,13,91,5,11.30407928014614,8
458,80,10,5,3,11.295210617596885,7
459,111,11,27,3,11.279710088837586,8
460,2,14,55,5,11.276816159574052,9
461,75,52,7,17,11.2746633859962,35
462,83,11,70,5,11.265042422069474,6
463,34,21,76,8,11.25579697597524,13
464,46,25,106,10,11.236273437212292,15
465,25,25,68,8,11.235607083018879,17
466,13,35,94,12,11.23251079685706,23
467,45,12,39,5,11.230688824941206,7
468,46,20,96,8,11.223825219116968,12
469,25,15,3,5,11.214634960222725,10
470,89,11,1,4,11.209011069389932,7
471,78,13,1,4,11.156578268103182,9
472,37,49,54,16,11.156463556790536,33
473,77,11,84,3,11.146803196268667,8
474,74,18,76,7,11.146528741211789,11
475,104,34,11,11,11.141180204048961,23
476,58,12,45,4,11.132316744798048,8
477,78,12,66,4,11.131528298187064,8
478,46,15,70,5,11.123543654837006,10
479,48,11,102,3,11.116814719382416,8
480,46,12,102,4,11.102504599435605,8
481,74,13,32,4,11.10166419198237,9
482,51,10,26,3,11.10022148291559,7
483,11,36,84,12,11.100193468531899,24
484,64,29,112,8,11.096215333139424,21
485,35,11,38,3,11.090663991800898,8
486,109,19,98,6,11.05904506283555,13
487,80,15,49,6,11.049241047475222,9
488,55,39,1,12,11.047135752371082,27
489,32,12,114,4,11.045874107216173,8
490,16,17,32,6,11.045561391190379,11
491,47,10,84,3,11.043789003229906,7
492,91,31,60,12,11.03333094942879,19
493,41,14,92,5,11.016394202336146,9
494,15,13,71,4,11.00914391321025,9
495,100,13,46,4,11.008373565977177,9
496,64,25,29,7,11.001421580824537,18
497,51,20,110,6,11.00014817045874,14
498,13,25,97,9,10.985857531237667,16
499,108,10,33,2,10.973473020601881,8
500,78,19,48,6,10.970643433777502,13
501,63,37,91,11,10.96934953874397,26
502,100,42,49,14,10.968529162438754,28
503,65,29,58,10,10.961146082647751,19
504,63,48,28,15,10.937243385325443,33
505,6,12,41,5,10.932480964173765,7
506,44,17,39,6,10.931701642504198,11
507,55,28,64,8,10.917217929011832,20
508,27,23,89,7,10.916667031315177,16
509,48,22,9,7,10.894666127588817,15
510,30,33,43,9,10.894111490990689,24
511,79,13,106,4,10.885501834452416,9
512,86,17,67,6,10.856458271232293,11
513,11,15,81,5,10.851443298256322,10
514,104,32,77,11,10.833725252578544,21
515,106,17,81,7,10.816681182916202,10
516,85,12,75,3,10.8046837733115,9
517,16,16,10,5,10.804455826828548,11
518,55,25,91,7,10.79161282762655,18
519,101,12,13,3,10.774607059056445,9
520,59,11,7,3,10.7712398180592,8
521,23,15,91,6,10.74878606870166,9
522,106,14,108,4,10.746780907865295,10
523,34,23,68,8,10.742387751154977,15
524,26,12,89,4,10.740745132559544,8
525,5,19,60,6,10.737943337535818,13
526,11,12,91,3,10.737589094202368,9
527,30,37,109,11,10.72491865817983,26
528,54,11,111,3,10.714143810197234,8
529,37,19,60,8,10.713928216657274,11
530,43,13,36,5,10.713552025008552,8
531,12,26,109,8,10.708834127944776,18
532,44,11,38,3,10.672615718399701,8
533,63,17,33,6,10.663903494014164,11
534,109,13,18,5,10.661050401191993,8
535,79,31,87,9,10.639230328492756,22
536,28,13,103,4,10.609246701939709,9
537,7,31,91,9,10.609100286101583,22
538,104,26,75,9,10.574353916694225,17
539,78,15,47,6,10.571891033683885,9
540,95,15,9,6,10.569002592922947,9
541,28,17,40,7,10.551622113062646,10
542,23,17,47,5,10.535721291866688,12
543,93,12,90,4,10.530779388732013,8
544,71,19,97,6,10.523533962196902,13
545,27,27,36,10,10.52334959933135,17
546,100,58,65,19,10.517696643801253,39
547,8,10,26,4,10.512024852650757,6
548,30,20,85,7,10.510030437811338,13
549,87,38,91,12,10.504380662118773,26
550,78,15,46,6,10.435320162132959,9
551,9,15,94,6,10.428736566666437,9
552,28,40,75,13,10.392665070295688,27
553,47,20,49,6,10.392378098470413,14
554,63,16,10,5,10.390771257176633,11
555,92,20,86,8,10.390718106028087,12
556,62,10,81,3,10.381128876663768,7
557,11,36,41,11,10.379563011526507,25
558,106,16,93,6,10.37915501513517,10
559,50,39,88,14,10.364860984100918,25
560,94,10,7,3,10.355621654064775,7
561,26,27,13,8,10.352827933219839,19
562,40,16,102,6,10.346146758066931,10
563,74,37,28,13,10.332746781815512,24
564,27,50,19,16,10.322720990335485,34
565,43,21,53,6,10.284664483279865,15
566,91,12,112,4,10.264176950121668,8
567,67,16,106,6,10.252161434234207,10
568,12,18,106,5,10.245560433617426,13
569,53,17,38,6,10.239060653580191,11
570,75,12,79,4,10.235318929578343,8
571,16,49,96,14,10.230768867165024,35
572,37,16,77,6,10.226919133095665,10
573,64,49,60,15,10.225579774670619,34
574,97,10,48,4,10.2212335454347,6
575,30,17,31,7,10.214096274935345,10
576,90,19,104,7,10.205908373136616,12
577,97,42,37,14,10.199316810918761,28
578,98,15,2,6,10.198603389321663,9
579,71,13,33,4,10.195530501937558,9
580,90,14,48,5,10.193948361787585,9
581,22,14,27,5,10.193537492582191,9
582,75,22,109,7,10.17568118957589,15
583,6,12,9,5,10.175309866966638,7
584,12,44,107,13,10.16896739229528,31
585,92,16,68,5,10.147306838487294,11
586,50,41,20,14,10.147144974204984,27
587,96,11,23,4,10.143008283174428,7
588,53,37,31,14,10.136338371296794,23
589,53,36,36,11,10.114732824687982,25
590,40,16,49,6,10.077718304922936,10
591,65,19,66,6,10.074291419797639,13
592,64,16,76,6,10.071620985041546,10
593,73,18,40,6,10.060776256522114,12
594,107,16,10,6,10.056408787562026,10
595,30,16,61,5,10.045667078233517,11
596,104,13,103,5,10.042344107934964,8
597,80,11,43,4,10.040501076551807,7
598,70,10,3,3,10.036631807498475,7
599,110,13,107,4,10.034721322746927,9
600,28,21,72,7,10.026127135244147,14
601,54,26,43,10,10.015748558570218,16
602,111,19,63,7,10.01291034850113,12
603,104,23,71,9,10.004145398382484,14
604,104,28,12,9,9.997064443952299,19
605,58,11,61,4,9.991140661268366,7
606,95,25,65,9,9.98743882075493,16
607,114,16,12,7,9.985343546707197,9
608,99,10,19,3,9.983244859068366,7
609,6,15,61,5,9.976861344972216,10
610,43,26,77,9,9.972633937246163,17
611,89,12,102,5,9.960584439425153,7
612,46,14,90,5,9.960134782518509,9
613,74,14,29,5,9.940535742695934,9
614,6,10,63,4,9.937889152099226,6
615,39,44,20,17,9.93573323054779,27
616,104,13,66,3,9.923020394172244,10
617,95,10,2,3,9.920312629990494,7
618,74,42,46,14,9.91934754308771,28
619,1,11,57,4,9.916035104284747,7
620,30,18,70,7,9.91397370546994,11
621,53,23,3,8,9.91366152860237,15
622,85,12,64,4,9.89511233166771,8
623,110,20,16,7,9.893450419413218,13
624,91,17,109,6,9.888993712232761,11
625,17,15,71,6,9.87407872077162,9
626,100,36,29,13,9.854950363543345,23
627,9,32,31,11,9.853659783790295,21
628,53,10,98,4,9.839111782848335,6
629,18,13,62,4,9.836449313736404,9
630,7,26,96,8,9.825450759982106,18
631,72,12,58,4,9.82204609075914,8
632,44,23,13,8,9.816634162051665,15
633,40,24,17,8,9.815776001763272,16
634,80,12,3,5,9.815065017111898,7
635,8,13,35,4,9.813125198469633,9
636,104,18,79,7,9.811537818194267,11
637,106,24,18,8,9.811498602513073,16
638,111,10,70,4,9.807746966138032,6
639,114,16,62,6,9.799890996069497,10
640,60,38,29,14,9.79180298065323,24
641,64,28,9,9,9.786359712966286,19
642,49,26,23,9,9.783761857204421,17
643,37,24,83,9,9.783726366978422,15
644,53,46,88,15,9.78193060158057,31
645,107,50,109,17,9.773866073654954,33
646,108,37,13,13,9.76086171077813,24
647,38,20,3,7,9.756465034901842,13
648,34,14,70,5,9.755416516876581,9
649,39,27,112,10,9.753849767447484,17
650,63,52,84,20,9.74716223383734,32
651,102,38,86,13,9.743964141517802,25
652,44,32,86,11,9.72690777078727,21
653,43,19,31,10,9.72085277355369,9
654,52,15,8,5,9.715026692600484,10
655,28,18,111,6,9.712251206209237,12
656,54,36,60,12,9.70707038462816,24
657,8,34,114,11,9.699231858321156,23
658,66,12,64,4,9.686533226244311,8
659,88,22,112,8,9.681832903230312,14
660,54,58,109,19,9.67695339511369,39
661,79,18,65,7,9.67569283729834,11
662,18,18,19,6,9.671027434005147,12
663,77,21,50,6,9.66669596040321,15
664,100,12,71,4,9.660687520316314,8
665,102,29,87,10,9.659456627337189,19
666,21,11,88,4,9.657212734415223,7
667,22,10,114,5,9.649313306364824,5
668,75,40,8,13,9.637059553855455,27
669,35,19,45,8,9.630735336063838,11
670,70,17,109,6,9.623350653501722,11
671,46,19,29,9,9.620601125954796,10
672,99,14,8,6,9.611065592860317,8
673,83,18,84,7,9.609473734372155,11
674,76,28,9,9,9.591794162872961,19
675,34,17,38,5,9.590041426321752,12
676,92,10,31,4,9.586105290347549,6
677,17,24,64,9,9.583878183496658,15
678,73,20,7,8,9.582485903794176,12
679,47,18,3,6,9.572563324649543,12
680,27,28,31,12,9.569633624787398,16
681,76,27,78,8,9.553493956581516,19
682,17,17,3,7,9.550337372259282,10
683,94,34,12,13,9.548988489200946,21
684,39,26,106,10,9.547502317564264,16
685,42,10,51,3,9.543588102916445,7
686,92,11,97,5,9.525917165548373,6
687,1,22,31,9,9.525804060927042,13
688,35,16,15,7,9.525087413520756,9
689,65,51,93,20,9.524371535619606,31
690,20,32,25,11,9.520523686179047,21
691,72,10,84,4,9.520317380840904,6
692,8,17,36,6,9.512360266950532,11
693,33,13,69,5,9.51115802646404,8
694,114,13,2,5,9.509158562417845,8
695,37,22,99,7,9.502759058160704,15
696,72,36,3,14,9.50138331188238,22
697,75,29,5,12,9.487135559909316,17
698,11,25,89,8,9.473905386940322,17
699,17,17,27,7,9.460737631704882,10
700,89,12,114,5,9.444885030105086,7
701,32,11,63,4,9.44232166344675,7
702,49,28,43,9,9.426048088184672,19
703,16,87,27,31,9.424723753734757,56
704,13,15,66,5,9.423769127657133,10
705,13,15,2,6,9.422510080465475,9
706,63,26,69,9,9.418073544330804,17
707,16,13,56,4,9.403965360554954,9
708,70,17,69,5,9.402150324196048,12
709,109,11,36,3,9.390936468630548,8
710,68,35,8,13,9.383705775915503,22
711,73,14,54,5,9.38293263538315,9
712,29,13,95,5,9.382021477576467,8
713,27,16,4,6,9.378715415982096,10
714,76,17,91,5,9.375726397774946,12
715,23,10,89,3,9.369382103123732,7
716,28,19,12,6,9.364727152511893,13
717,28,24,62,9,9.3614354821999,15
718,26,12,28,4,9.352858082446945,8
719,1,20,87,8,9.344990956449255,12
720,57,27,46,10,9.344538995427152,17
721,54,13,81,5,9.33569894630605,8
722,100,40,60,14,9.326869774261876,26
723,18,30,9,10,9.325317307118523,20
724,61,13,87,5,9.304651257464618,8
725,27,47,15,18,9.300327943900923,29
726,33,14,91,6,9.295795343540846,8
727,62,24,40,11,9.275726600058688,13
728,78,12,106,4,9.274742533638902,8
729,20,16,90,6,9.256704804618028,10
730,29,20,69,8,9.248313015601626,12
731,30,34,88,14,9.246002926232096,20
732,74,26,39,10,9.238307519906488,16
733,91,23,20,9,9.233435902067155,14
734,74,16,30,6,9.219135491479447,10
735,6,10,3,4,9.218279048257845,6
736,16,68,106,23,9.214524352720519,45
737,62,14,93,6,9.214086704299504,8
738,49,40,69,17,9.212563576492524,23
739,79,10,41,4,9.204704069079494,6
740,20,21,3,7,9.20396622296063,14
741,90,11,9,4,9.20276056009471,7
742,40,28,3,9,9.202268323423784,19
743,95,21,114,8,9.195016624238175,13
744,81,16,63,6,9.193429569946275,10
745,54,19,58,8,9.183988111852093,11
746,112,22,29,8,9.174610307731976,14
747,34,15,37,5,9.170559355322496,10
748,75,12,61,5,9.169495709034498,7
749,62,21,63,8,9.161474645821357,13
750,76,14,10,5,9.157178184443993,9
751,50,43,5,17,9.15604936984071,26
752,1,11,5,4,9.143641454097294,7
753,28,23,112,8,9.12022356401639,15
754,57,13,2,5,9.119959996501729,8
755,72,34,51,14,9.116032162946548,20
756,92,11,17,4,9.114563540800479,7
757,109,15,31,5,9.11388757240418,10
758,100,49,11,18,9.113008537529495,31
759,54,20,103,6,9.109004313335781,14
760,63,42,76,14,9.095548156513598,28
761,16,54,77,20,9.081878660869842,34
762,94,12,75,4,9.080901166069646,8
763,8,13,103,4,9.075472836435573,9
764,57,16,40,6,9.075047590769481,10
765,80,39,107,13,9.074881524481428,26
766,95,31,51,10,9.060456234548898,21
767,85,17,65,6,9.053734140937447,11
768,111,16,39,6,9.048818598860482,10
769,16,10,42,4,9.042303853739883,6
770,20,23,9,8,9.038770174451411,15
771,90,24,13,8,9.032620362184462,16
772,7,55,87,19,9.031940434035894,36
773,72,13,104,5,9.028766073834529,8
774,13,24,83,9,9.019898615590662,15
775,5,15,36,6,9.008614310253613,9
776,85,19,50,7,9.007921978503543,12
777,8,64,5,24,9.002251377410767,40
778,1,25,65,10,9.00217902882169,15
779,49,12,45,4,8.998850108680497,8
780,30,14,93,5,8.997367289185707,9
781,78,15,80,5,8.990142670025016,10
782,111,26,107,11,8.980921347663001,15
783,63,16,89,5,8.974860507493934,11
784,29,32,86,11,8.97439947406053,21
785,97,18,36,7,8.970668153566256,11
786,47,20,114,8,8.969382880850313,12
787,18,29,65,11,8.945594040325455,18
788,73,11,70,5,8.94135129372028,6
789,51,26,74,8,8.938947542412071,18
790,73,12,31,4,8.93891957013575,8
791,30,31,103,11,8.93846056419606,20
792,26,10,88,4,8.919527282390272,6
793,110,19,25,6,8.91770167255822,13
794,27,37,77,13,8.902317857478243,24
795,76,10,52,4,8.902002264737622,6
796,60,25,112,9,8.892237229267325,16
797,27,30,53,10,8.892087302529344,20
798,90,13,7,5,8.891234739646825,8
799,69,12,97,4,8.888377862411463,8
800,11,37,103,11,8.88352440731211,26
801,45,24,107,9,8.882581208643296,15
802,112,12,98,4,8.873991556640124,8
803,6,15,12,7,8.87368712650089,8
804,86,26,52,9,8.860510586631698,17
805,47,28,60,10,8.854852442447159,18
806,37,15,1,6,8.845768047127498,9
807,32,15,87,5,8.844155029434871,10
808,51,28,33,8,8.842467587731502,20
809,53,24,17,8,8.835575374063149,16
810,63,19,36,7,8.822881427312195,12
811,63,22,77,7,8.819997532642512,15
812,84,19,19,7,8.813396640852732,12
813,6,25,16,11,8.8111160873656,14
814,36,18,47,6,8.810892372607718,12
815,106,10,42,3,8.802546839644403,7
816,100,50,12,18,8.80128118137043,32
817,79,24,57,9,8.797616238455175,15
818,63,18,19,6,8.792724982250471,12
819,6,12,46,5,8.791371018033741,7
820,77,14,99,4,8.784719144285264,10
821,53,19,62,7,8.774535122161454,12
822,94,20,60,7,8.766057397182998,13
823,74,37,84,16,8.764103490564013,21
824,8,25,41,8,8.763320909728602,17
825,8,34,84,12,8.76285424467774,22
826,28,16,52,6,8.75730555636181,10
827,13,54,18,20,8.755392535968028,34
828,41,12,85,5,8.754152386383817,7
829,72,19,69,7,8.754133023585343,12
830,38,14,106,7,8.745019433529976,7
831,100,11,45,4,8.741854306775865,7
832,65,11,32,4,8.739314169667136,7
833,4,22,17,7,8.727735068009611,15
834,7,14,66,6,8.72512173427205,8
835,23,36,76,14,8.716281101806539,22
836,54,34,27,13,8.710685091224436,21
837,49,13,53,5,8.697012890359371,8
838,41,24,89,8,8.693828664439254,16
839,27,30,112,11,8.685425209929864,19
840,19,12,31,4,8.67684008479621,8
841,53,11,54,4,8.67028832638361,7
842,47,11,108,4,8.66329512869434,7
843,70,12,58,4,8.66252309250944,8
844,100,38,41,14,8.657030952166528,24
845,73,28,8,11,8.656865963639591,17
846,57,55,107,22,8.652895862298212,33
847,60,33,69,14,8.651136747788067,19
848,57,28,109,11,8.649257296097343,17
849,87,24,38,8,8.637863030167695,16
850,72,27,68,10,8.615790234380583,17
851,75,18,57,6,8.61270847439427,12
852,13,22,6,8,8.600067561462977,14
853,2,34,107,12,8.596357154255273,22
854,63,41,48,15,8.591649372014341,26
855,4,22,87,7,8.590843038311563,15
856,94,14,38,5,8.588521468701918,9
857,27,55,60,18,8.575481563490085,37
858,95,23,55,8,8.57500650986488,15
859,9,22,104,8,8.574493523715214,14
860,49,10,93,4,8.57216379677568,6
861,104,25,84,10,8.56947534453975,15
862,91,13,71,5,8.567246551132914,8
863,26,14,16,6,8.561151203860886,8
864,78,11,36,4,8.552435160203324,7
865,94,11,2,4,8.550586885180525,7
866,94,12,35,5,8.545638882275084,7
867,110,11,63,4,8.534985747455591,7
868,53,20,61,6,8.524850655507475,14
869,81,22,69,9,8.517997866855394,13
870,95,35,8,14,8.511725721270738,21
871,91,10,78,4,8.509891184332398,6
872,33,10,109,4,8.506616474826911,6
873,64,28,40,10,8.496071624321134,18
874,29,15,37,6,8.491699980771868,9
875,77,21,81,8,8.489387100758686,13
876,104,42,60,13,8.478948441293786,29
877,16,81,63,30,8.471550605048446,51
878,50,20,48,7,8.466418162124782,13
879,63,37,20,15,8.464473402081477,22
880,18,49,39,18,8.452166369571016,31
881,95,14,96,5,8.450373982592184,9
882,58,28,39,11,8.44913825818417,17
883,96,24,70,11,8.437417991026258,13
884,73,19,90,7,8.424101991862461,12
885,39,31,94,12,8.422178177214382,19
886,75,30,47,9,8.419007564079186,21
887,109,14,67,7,8.410228891959635,7
888,76,19,114,6,8.409978744602121,13
889,69,12,61,3,8.397253145469621,9
890,15,46,88,14,8.3891474445959,32
891,17,23,19,8,8.388951890856246,15
892,7,45,25,16,8.3728066183483,29
893,39,35,78,13,8.35996526091767,22
894,7,22,5,8,8.357081514884822,14
895,41,33,31,12,8.353957395244583,21
896,48,25,96,9,8.343995751105185,16
897,10,11,89,4,8.341464117822111,7
898,16,55,76,23,8.329101044974603,32
899,23,17,57,7,8.325705463814282,10
900,25,15,9,5,8.323455878342038,10
901,30,28,84,9,8.312213416268424,19
902,79,20,51,9,8.309517555811908,11
903,37,43,46,14,8.306667442353499,29
904,98,25,29,9,8.302046476403795,16
905,92,13,63,6,8.301235837359338,7
906,86,17,56,6,8.300855291965847,11
907,49,24,29,9,8.30024160945298,15
908,48,17,15,7,8.294674307198186,10
909,90,31,106,10,8.283845461248369,21
910,62,22,57,7,8.282890505105964,15
911,75,20,81,7,8.282765353858293,13
912,15,14,79,6,8.279617988476957,8
913,37,12,14,5,8.26646783507543,7
914,85,12,47,3,8.252970893280144,9
915,93,10,76,4,8.25053412937542,6
916,75,18,1,6,8.241769187322511,12
917,19,19,89,6,8.234342382460158,13
918,11,15,83,5,8.230715708736339,10
919,69,21,106,8,8.230262561693127,13
920,37,31,7,12,8.226042864777218,19
921,99,10,71,4,8.224966300288866,6
922,112,14,40,6,8.221202026655064,8
923,80,11,81,5,8.214427134711954,6
924,43,10,61,4,8.197501979978238,6
925,15,13,6,4,8.195238270954562,9
926,39,71,68,28,8.190418917898802,43
927,94,30,51,11,8.188387798869615,19
928,51,18,92,7,8.176167071622316,11
929,49,27,104,10,8.170229238591212,17
930,15,12,45,4,8.153486583178362,8
931,70,19,64,6,8.153009023968611,13
932,4,10,112,4,8.145974306589784,6
933,43,21,91,7,8.145795555683057,14
934,56,14,107,6,8.142413744294041,8
935,107,17,61,7,8.134950583984788,10
936,50,36,55,15,8.131693382626922,21
937,20,11,110,4,8.125291114928707,7
938,68,32,18,12,8.124281581571264,20
939,9,12,98,5,8.123745049728663,7
940,12,33,11,13,8.123343967518279,20
941,81,11,111,3,8.120062859865856,8
942,103,36,19,14,8.100617120715635,22
943,73,14,51,5,8.09774388932274,9
944,43,17,4,7,8.083539648296874,10
945,8,17,32,7,8.079749532998788,10
946,110,16,97,6,8.077466293642962,10
947,50,18,70,8,8.072010588554928,10
948,110,19,39,6,8.071999499945951,13
949,98,44,86,17,8.071238892551682,27
950,27,23,55,7,8.063317604605784,16
951,97,29,68,11,8.062315589675796,18
952,20,36,84,11,8.048616703285955,25
953,89,19,37,9,8.048334757683454,10
954,75,16,102,5,8.04721906343612,11
955,9,18,47,7,8.046612767203923,11
956,16,78,55,28,8.046061626286074,50
957,98,15,48,5,8.040930745507078,10
958,15,11,80,4,8.032030183290951,7
959,49,22,37,9,8.028262573829634,13
960,34,25,48,10,8.01707040755104,15
961,63,12,52,5,8.01519600341839,7
962,35,11,9,5,8.012816785902414,6
963,65,28,5,11,8.012091300535628,17
964,91,31,98,12,8.010154956050263,19
965,112,16,30,5,8.002240454922294,11
966,102,19,96,7,7.995631160966492,12
967,75,15,76,6,7.994123745428515,9
968,98,16,40,7,7.993416961646092,9
969,5,28,84,11,7.986435375626316,17
970,75,44,50,15,7.963443352466475,29
971,12,26,15,10,7.947105545908148,16
972,98,10,83,3,7.946776918388257,7
973,98,19,71,7,7.940784287039028,12
974,102,20,88,6,7.922214123871077,14
975,88,10,82,4,7.912578083642501,6
976,22,10,3,4,7.911189348123109,6
977,78,11,31,5,7.904414780494012,6
978,53,14,90,5,7.9010322992925905,9
979,17,16,29,7,7.899676305324428,9
980,100,36,77,13,7.8937700982811645,23
981,61,11,54,4,7.891370825375349,7
982,54,34,40,13,7.877426017050995,21
983,13,67,3,25,7.871968783596134,42
984,114,25,90,10,7.870165683504547,15
985,28,30,2,11,7.862984699152351,19
986,44,12,35,5,7.859665557157527,7
987,23,12,10,5,7.85948423488221,7
988,106,26,91,9,7.859341034872011,17
989,16,16,92,4,7.858675892555915,12
990,103,15,38,4,7.856323051216228,11
991,53,25,12,10,7.8397245943038065,15
992,114,20,1,7,7.837742070296789,13
993,70,16,93,6,7.834949393241649,10
994,5,22,17,7,7.829641724195981,15
995,54,14,108,4,7.821734358546891,10
996,25,46,46,19,7.820401195025543,27
997,104,31,3,11,7.813587765921719,20
998,114,12,110,4,7.800316810979699,8
999,48,12,77,4,7.795658361006623,8
1000,107,31,31,15,7.788469010128701,16
1001,111,25,13,11,7.788425056310504,14
1002,47,10,111,4,7.786638633209638,6
1003,17,18,43,7,7.779410969380074,11
1004,92,14,114,4,7.774797164908201,10
1005,72,16,34,6,7.77292036434715,10
1006,53,11,73,4,7.756297558195458,7
1007,87,82,19,31,7.751209793410461,51
1008,111,19,51,7,7.750696049131197,12
1009,28,29,68,10,7.748993038967358,19
1010,37,13,3,6,7.748439453798304,7
1011,15,11,46,4,7.742583584977325,7
1012,44,11,84,5,7.741464370739859,6
1013,68,20,33,7,7.739588423792857,13
1014,108,17,57,7,7.738005960337114,10
1015,11,50,109,18,7.736255728578297,32
1016,27,13,46,4,7.731849992239067,9
1017,16,14,101,5,7.729447625525021,9
1018,78,17,104,6,7.72449974280056,11
1019,98,32,76,12,7.719559980977144,20
1020,114,21,96,8,7.708209589747937,13
1021,100,11,80,4,7.70604575629017,7
1022,44,24,6,8,7.699216026117287,16
1023,75,61,68,22,7.69823200491078,39
1024,86,28,1,11,7.696680317913666,17
1025,76,27,72,9,7.6939486749179995,18
1026,62,11,96,3,7.693312023908734,8
1027,111,25,7,10,7.690323425771979,15
1028,5,32,11,12,7.687442157533873,20
1029,90,22,63,9,7.68656156905561,13
1030,71,22,54,9,7.686527692328838,13
1031,87,39,70,17,7.68015007462121,22
1032,87,28,93,11,7.67278729752538,17
1033,8,38,9,17,7.672754136226992,21
1034,41,31,77,10,7.669158331056241,21
1035,37,24,96,10,7.665844925696507,14
1036,58,19,15,7,7.66142468089706,12
1037,41,24,53,9,7.658578683597692,15
1038,33,13,31,6,7.647223417443057,7
1039,70,11,60,4,7.646435749026204,7
1040,15,13,96,5,7.641753691009957,8
1041,97,29,5,10,7.639418302115126,19
1042,28,28,3,11,7.638630473496032,17
1043,30,63,39,26,7.636348270662189,37
1044,39,64,60,26,7.633025081223764,38
1045,71,14,27,5,7.6209744722933594,9
1046,20,12,103,4,7.601409243979035,8
1047,51,20,91,7,7.599736540322733,13
1048,18,20,36,8,7.594902878501233,12
1049,103,18,84,8,7.589982363677433,10
1050,72,10,36,4,7.585561627806544,6
1051,28,31,114,13,7.584853881328921,18
1052,47,14,43,5,7.584709684437342,9
1053,3,12,85,6,7.584252500547151,6
1054,58,17,112,7,7.574468513714297,10
1055,53,31,112,14,7.574348903828081,17
1056,62,18,38,6,7.548829857854368,12
1057,43,40,15,15,7.542443432650495,25
1058,85,10,46,3,7.538229298143683,7
1059,33,16,7,7,7.5321884826380465,9
1060,6,11,55,3,7.526848268362221,8
1061,30,22,46,8,7.523625110986547,14
1062,6,11,31,5,7.520489323813347,6
1063,64,10,93,5,7.507177747442428,5
1064,49,26,103,11,7.5032042289893335,15
1065,7,21,109,8,7.493740572538848,13
1066,16,28,1,9,7.488361785520795,19
1067,71,15,76,7,7.4875920550169335,8
1068,20,23,68,10,7.482872234261611,13
1069,41,32,3,10,7.481578508894326,22
1070,70,14,36,6,7.476080415111225,8
1071,100,45,43,18,7.47587498376518,27
1072,30,27,91,9,7.470028056405526,18
1073,15,48,51,19,7.46439962088299,29
1074,45,12,53,5,7.463487107897499,7
1075,27,11,80,4,7.4617467678086795,7
1076,34,42,87,16,7.460049875140017,26
1077,47,18,69,7,7.454070061027652,11
1078,74,16,77,6,7.445248923450912,10
1079,11,12,71,5,7.444969376445687,7
1080,13,66,43,28,7.440342784840276,38
1081,60,40,12,18,7.42013857204384,22
1082,73,18,5,7,7.416873021801379,11
1083,36,34,41,16,7.412500474371831,18
1084,68,25,109,9,7.412111880903939,16
1085,70,30,20,11,7.408681007686706,19
1086,77,10,91,4,7.405339289847274,6
1087,69,31,57,11,7.402198392597197,20
1088,78,15,81,7,7.39481400250261,8
1089,10,15,28,5,7.394064388880875,10
1090,7,22,56,9,7.387479337914444,13
1091,34,39,8,15,7.376713752738501,24
1092,71,19,81,7,7.374213709282574,12
1093,57,19,72,6,7.374083014531969,13
1094,73,10,71,4,7.373234065194549,6
1095,56,12,88,5,7.371104573008601,7
1096,31,14,80,4,7.367135464628979,10
1097,106,10,61,3,7.3668858265854,7
1098,25,16,33,5,7.365926272964513,11
1099,37,21,27,8,7.364913856955695,13
1100,78,13,114,6,7.362319764057864,7
1101,78,32,34,13,7.352501749013893,19
1102,41,11,61,4,7.351525315520968,7
1103,23,18,114,6,7.3449426375970175,12
1104,93,13,63,5,7.343427563104269,8
1105,40,41,104,15,7.3422918945341555,26
1106,19,23,81,9,7.334369447637354,14
1107,75,16,2,7,7.332326563651876,9
1108,62,30,88,12,7.323841783087015,18
1109,70,42,5,17,7.323141246130925,25
1110,35,10,29,4,7.319240090397289,6
1111,30,11,89,4,7.308013110163145,7
1112,39,41,29,18,7.304518646366591,23
1113,13,65,106,25,7.3036939245307035,40
1114,5,27,98,11,7.298838761636912,16
1115,11,23,9,9,7.298808121542034,14
1116,91,28,39,11,7.290499527253926,17
1117,23,32,68,14,7.289923232946887,18
1118,43,31,40,13,7.287691070183644,18
1119,2,18,54,6,7.287492324178089,12
1120,94,15,34,6,7.27613843510101,9
1121,55,20,68,7,7.273979151335484,13
1122,86,84,96,32,7.269360183001262,52
1123,110,16,70,6,7.267896542251018,10
1124,40,18,19,6,7.261543909338688,12
1125,20,14,12,6,7.259734284814526,8
1126,61,10,18,4,7.259552128825379,6
1127,69,32,43,13,7.254414713916757,19
1128,51,69,63,29,7.2533225603078,40
1129,69,12,96,4,7.2527556906488675,8
1130,107,30,103,12,7.252393863010156,18
1131,31,14,5,5,7.246607645789558,9
1132,76,34,35,14,7.244431766559336,20
1133,107,51,43,20,7.242880587203017,31
1134,114,27,40,9,7.240772461331045,18
1135,41,15,90,6,7.225732946536368,9
1136,98,14,93,6,7.212314028509714,8
1137,40,70,68,26,7.204835025827924,44
1138,14,14,95,5,7.1971223272437035,9
1139,112,15,43,6,7.1893251112725824,9
1140,90,18,39,8,7.18884605844648,10
1141,36,16,112,6,7.175574629533444,10
1142,60,37,15,15,7.16452361135591,22
1143,18,47,87,19,7.16180037523004,28
1144,30,33,55,12,7.158253433889013,21
1145,30,105,16,39,7.155012232770848,66
1146,97,26,51,9,7.145200913148905,17
1147,111,12,69,5,7.144443379259749,7
1148,16,138,88,52,7.137108430707619,86
1149,30,54,11,20,7.128252893183007,34
1150,13,12,93,5,7.127658172301537,7
1151,7,100,51,37,7.124169403819477,63
1152,67,12,107,4,7.124134838046416,8
1153,30,12,45,4,7.122960634637173,8
1154,39,82,49,30,7.117730692672005,52
1155,86,30,83,10,7.114862976089353,20
1156,15,33,76,13,7.114373355691713,20
1157,45,33,7,13,7.114147641228474,20
1158,40,51,55,19,7.109300201154281,32
1159,1,10,45,4,7.100044646871245,6
1160,72,16,114,7,7.097251149134599,9
1161,100,29,102,10,7.094058761081434,19
1162,48,17,89,5,7.093940889199019,12
1163,69,19,94,7,7.087672737054438,12
1164,85,10,53,3,7.078145746437185,7
1165,34,30,51,12,7.076884840746255,18
1166,64,12,91,4,7.075901103097942,8
1167,98,30,63,12,7.074142027349341,18
1168,37,50,25,21,7.070541112352608,29
1169,108,22,98,9,7.066670190063798,13
1170,17,14,62,6,7.064031186672311,8
1171,99,18,36,6,7.061516094995866,12
1172,63,25,18,9,7.057051865944985,16
1173,30,34,64,14,7.053661874232343,20
1174,104,20,69,7,7.050658503403548,13
1175,35,17,51,7,7.047942210096517,10
1176,75,25,49,10,7.046279748381454,15
1177,13,33,76,12,7.038479005207701,21
1178,16,59,18,22,7.032123452105876,37
1179,95,15,40,6,7.026458120737086,9
1180,80,16,68,6,7.020946425736165,10
1181,48,24,108,9,7.014059937549278,15
1182,47,19,18,7,7.011665929641128,12
1183,23,27,100,11,7.009589643156791,16
1184,54,38,95,16,7.007760282922699,22
1185,40,13,69,4,7.006717860168273,9
1186,62,15,5,6,6.992708759597396,9
1187,17,20,55,9,6.987444025974706,11
1188,55,21,114,8,6.981499630661064,13
1189,30,57,13,22,6.9740715942774045,35
1190,55,13,72,5,6.968538858329055,8
1191,45,21,86,8,6.965581378488734,13
1192,18,23,97,9,6.9651635757198616,14
1193,16,34,36,13,6.962309553248682,21
1194,32,18,104,6,6.9592250863895515,12
1195,33,27,107,12,6.956285896249478,15
1196,4,25,51,9,6.952578906103851,16
1197,41,19,91,7,6.950792296218162,12
1198,103,25,68,10,6.948814792581702,15
1199,99,22,86,8,6.942610615046107,14
1200,99,12,88,5,6.93913123202866,7
1201,58,33,87,13,6.937181446114812,20
1202,78,23,103,7,6.922673196141359,16
1203,87,39,40,17,6.915208460636839,22
1204,106,15,34,7,6.912913791967051,8
1205,108,41,87,16,6.91269863894956,25
1206,18,15,103,5,6.910947376480976,10
1207,58,21,68,8,6.904652684866492,13
1208,34,31,30,12,6.895805747521689,19
1209,39,16,14,7,6.8922808961517115,9
1210,95,28,50,11,6.891870477756295,17
1211,88,13,67,4,6.891493842154361,9
1212,27,19,35,7,6.889601577867774,12
1213,106,15,99,5,6.882359612487443,10
1214,84,30,29,12,6.872515885711439,18
1215,60,43,4,19,6.864343045215706,24
1216,41,30,19,11,6.861695358181937,19
1217,72,21,48,10,6.856912966147746,11
1218,85,28,72,10,6.836972195015779,18
1219,20,15,29,6,6.832826874702712,9
1220,95,25,106,9,6.830338155584791,16
1221,27,22,38,7,6.822548072188939,15
1222,68,69,31,28,6.821634358561019,41
1223,94,22,109,10,6.819260229170754,12
1224,108,25,39,11,6.818183477112846,14
1225,56,13,4,6,6.816273515879686,7
1226,72,12,9,5,6.815404743606017,7
1227,89,11,109,4,6.815319908032908,7
1228,50,22,102,10,6.809919414830619,12
1229,86,58,75,25,6.8096287667181254,33
1230,112,13,34,5,6.8082332829048,8
1231,14,21,28,7,6.807027415542909,14
1232,28,14,108,6,6.806119384401875,8
1233,28,16,49,7,6.801284823553006,9
1234,43,20,103,7,6.784192972026934,13
1235,79,15,108,5,6.783855393965387,10
1236,15,11,33,4,6.783555216670286,7
1237,97,20,57,8,6.78123727728494,12
1238,8,10,42,5,6.780541784776636,5
1239,39,41,77,17,6.775424361152956,24
1240,39,34,38,13,6.771830878870733,21
1241,38,16,76,8,6.757345932251293,8
1242,26,17,87,7,6.754867384663379,10
1243,39,43,88,17,6.751316626963761,26
1244,33,17,50,7,6.750798742645289,10
1245,63,27,109,12,6.749986635160673,15
1246,45,24,65,11,6.749492390769215,13
1247,94,10,71,4,6.748460655059323,6
1248,12,30,77,12,6.742992963364651,18
1249,41,13,80,5,6.741244434437033,8
1250,54,63,70,25,6.740490617059239,38
1251,74,38,96,14,6.7318287322523656,24
1252,13,49,23,22,6.72653700751392,27
1253,47,46,13,18,6.725387338937339,28
1254,28,35,97,13,6.716635909782017,22
1255,83,15,74,7,6.703298030488861,8
1256,38,17,57,8,6.702941624334819,9
1257,3,21,94,9,6.694525909511697,12
1258,100,17,48,7,6.683873052775684,10
1259,99,11,54,4,6.681725927932732,7
1260,64,38,31,15,6.680717740842574,23
1261,51,36,89,13,6.673825889522733,23
1262,65,46,29,18,6.670792875820868,28
1263,14,15,88,6,6.669368246830069,9
1264,54,40,68,15,6.664511597084578,25
1265,85,20,54,7,6.664179187550934,13
1266,83,11,71,5,6.6562053803338666,6
1267,71,19,37,8,6.653996053488666,11
1268,34,21,74,7,6.6515392868885375,14
1269,32,26,5,10,6.647447060451906,16
1270,23,49,60,19,6.637846899098563,30
1271,74,16,71,7,6.635644376222863,9
1272,4,30,65,12,6.635600395573753,18
1273,62,26,68,11,6.63500576126116,15
1274,89,12,3,5,6.631921145874357,7
1275,25,48,5,19,6.626414170343125,29
1276,12,47,3,17,6.6222346599897195,30
1277,27,80,87,31,6.608126529685376,49
1278,71,52,13,22,6.6022668326221785,30
1279,60,13,22,5,6.601421861223266,8
1280,73,16,13,6,6.598047492921335,10
1281,86,29,73,13,6.584732384148775,16
1282,27,11,101,4,6.582303845846215,7
1283,84,28,57,13,6.577348977317855,15
1284,86,41,17,18,6.574590310379946,23
1285,53,26,114,11,6.571088082289225,15
1286,75,31,63,13,6.570041946714362,18
1287,8,85,87,34,6.56528588678453,51
1288,100,23,18,10,6.552701039448621,13
1289,100,35,7,14,6.552548798684015,21
1290,106,32,23,15,6.549055396089183,17
1291,88,14,66,5,6.547507660204173,9
1292,26,12,107,5,6.545382512387971,7
1293,60,22,45,9,6.543659735588496,13
1294,72,29,65,12,6.536977853075842,17
1295,54,35,49,14,6.533864706169177,21
1296,23,30,41,12,6.532212299346581,18
1297,91,13,80,5,6.531108694088667,8
1298,49,39,3,17,6.526759462505665,22
1299,44,16,64,6,6.52641817446092,10
1300,43,19,9,9,6.516487550593223,10
1301,55,66,65,27,6.5120252706716855,39
1302,89,25,103,11,6.510854289534288,14
1303,74,29,55,12,6.5036195464677915,17
1304,20,13,100,5,6.503255223034949,8
1305,60,35,50,16,6.502388433089166,19
1306,90,11,102,6,6.502237322589013,5
1307,78,33,8,13,6.499222895598337,20
1308,114,18,30,8,6.495433999625758,10
1309,63,28,38,9,6.4867423471483265,19
1310,86,56,97,23,6.486588721597318,33
1311,41,17,45,6,6.481894211723943,11
1312,98,11,68,4,6.469927695975062,7
1313,108,18,15,7,6.457248165244113,11
1314,11,15,10,6,6.454288934219358,9
1315,8,20,91,8,6.453847873736635,12
1316,104,17,112,7,6.449220165667967,10
1317,30,23,58,9,6.449149585227235,14
1318,58,11,8,5,6.443712074888385,6
1319,9,10,103,4,6.443196583257506,6
1320,39,12,79,4,6.437313974618905,8
1321,76,42,68,14,6.432494917060022,28
1322,75,21,100,10,6.42687784088126,11
1323,96,23,80,9,6.423400971659434,14
1324,84,28,48,11,6.421668889523295,17
1325,61,10,23,4,6.419517618014351,6
1326,64,33,63,14,6.4168724867260085,19
1327,78,33,3,15,6.4163908285477245,18
1328,7,20,62,8,6.416308867276496,12
1329,64,38,65,16,6.415105269042925,22
1330,6,11,72,5,6.413604067518454,6
1331,48,21,55,8,6.406579400537662,13
1332,80,20,37,8,6.401050818487377,12
1333,13,43,8,17,6.398491936801805,26
1334,79,12,49,4,6.395374558799645,8
1335,72,21,109,8,6.393405128064287,13
1336,39,63,3,28,6.392826115608337,35
1337,33,13,96,7,6.392035038140804,6
1338,76,10,33,3,6.390728699150484,7
1339,107,32,47,13,6.388799131361193,19
1340,28,16,27,5,6.382931621067466,11
1341,8,21,19,8,6.375645357313697,13
1342,72,16,108,6,6.3738963232166554,10
1343,33,15,102,6,6.371524301983967,9
1344,56,10,37,4,6.3674406628794715,6
1345,7,24,46,8,6.3620461131037525,16
1346,19,43,3,19,6.3571667615266305,24
1347,19,26,108,11,6.350393793009972,15
1348,46,14,77,6,6.346489877085669,8
1349,64,14,102,5,6.346340283017087,9
1350,85,17,96,5,6.345069391274805,12
1351,28,43,9,19,6.342362216975373,24
1352,15,16,91,8,6.341064031534598,8
1353,28,34,7,13,6.33926057444583,21
1354,103,26,60,11,6.3137571240902455,15
1355,13,31,95,13,6.313298200089781,18
1356,64,49,51,20,6.3128870756693445,29
1357,63,51,88,19,6.3108086639374505,32
1358,23,51,87,20,6.310188060559548,31
1359,16,55,9,19,6.3089959191170175,36
1360,28,36,102,15,6.294379170221607,21
1361,58,14,53,7,6.293430755494421,7
1362,100,26,114,10,6.29133051594369,16
1363,92,17,40,7,6.2908337110868535,10
1364,12,15,4,5,6.2855790295334035,10
1365,18,34,8,12,6.282344592473867,22
1366,18,32,30,13,6.280894973246172,19
1367,86,21,4,8,6.279484499549702,13
1368,51,29,29,12,6.275032428566755,17
1369,55,24,70,10,6.272647161931926,14
1370,20,45,5,17,6.2703736334427855,28
1371,15,12,95,5,6.265255655621168,7
1372,13,36,19,13,6.263152831598927,23
1373,107,65,55,27,6.2629651896189,38
1374,29,40,30,15,6.260770607059245,25
1375,34,30,49,13,6.2566699753865525,17
1376,39,24,81,9,6.2522820107309345,15
1377,39,18,83,7,6.251089662915293,11
1378,104,53,51,19,6.249711889194556,34
1379,49,13,38,4,6.2437607700996915,9
1380,64,23,43,9,6.243099040961702,14
1381,37,49,63,19,6.239339617220506,30
1382,45,19,87,8,6.238991177319275,11
1383,88,19,103,9,6.238827349504131,10
1384,114,48,5,20,6.2376335334787205,28
1385,95,10,94,5,6.229015093991729,5
1386,53,15,100,6,6.219411389232119,9
1387,55,14,58,6,6.218287556947672,8
1388,28,37,70,15,6.2149266559981875,22
1389,114,24,70,9,6.214622620602992,15
1390,64,15,33,5,6.212117552366028,10
1391,8,32,15,14,6.209366673464636,18
1392,35,15,84,6,6.209299301194259,9
1393,108,26,88,10,6.206778138596414,16
1394,100,88,86,37,6.205094474719649,51
1395,74,19,12,7,6.205068941759818,12
1396,50,30,71,13,6.204695227712774,17
1397,74,28,70,13,6.203999405338759,15
1398,63,28,2,12,6.2000184918514885,16
1399,87,46,9,19,6.192350375466498,27
1400,89,14,34,6,6.18641499176121,8
1401,47,17,28,7,6.182374184386464,10
1402,13,47,36,18,6.167141158071527,29
1403,69,18,12,9,6.1638687711726545,9
1404,104,58,28,24,6.161167829833448,34
1405,114,48,68,20,6.151577271829131,28
1406,73,24,74,9,6.15033234594065,15
1407,107,65,20,27,6.149217318160508,38
1408,23,15,43,6,6.148918923918834,9
1409,54,15,77,4,6.1477371379002355,11
1410,37,10,12,5,6.14536499227858,5
1411,106,24,75,11,6.144408215356855,13
1412,29,17,48,7,6.127198243730573,10
1413,107,50,53,20,6.123597161626504,30
1414,81,13,31,4,6.1171597913254,9
1415,10,13,48,5,6.110914502877383,8
1416,76,58,51,22,6.108768946067046,36
1417,65,79,88,29,6.0963002360375524,50
1418,96,14,108,6,6.092516088942797,8
1419,9,26,84,11,6.089357364465301,15
1420,87,52,41,22,6.088526103982967,30
1421,27,66,86,26,6.086414247374608,40
1422,23,13,102,6,6.080684731147933,7
1423,64,27,49,10,6.066537040502778,17
1424,98,22,84,8,6.0610062755899206,14
1425,77,15,57,6,6.055395238374115,9
1426,55,50,60,21,6.053838967638276,29
1427,41,22,28,9,6.053005216366935,13
1428,16,24,2,10,6.0520240829511485,14
1429,69,39,86,16,6.048519108301491,23
1430,8,62,63,27,6.040704829296191,35
1431,104,41,55,17,6.036207114699971,24
1432,7,24,98,9,6.033686003781979,15
1433,26,10,68,4,6.030745942778483,6
1434,27,58,65,23,6.029901089038052,35
1435,100,12,66,4,6.027007201302921,8
1436,109,51,8,22,6.024347890240435,29
1437,27,38,94,15,6.017224957482415,23
1438,13,39,37,16,6.006726113746227,23
1439,65,51,9,20,6.006217714596818,31
1440,100,21,84,8,6.005996460056936,13
1441,106,47,5,18,6.005839560090041,29
1442,17,19,77,8,6.004127308550876,11
1443,94,21,54,9,6.000772945562414,12
1444,28,18,29,8,5.991947603875371,10
1445,114,25,31,11,5.991876520395493,14
1446,108,11,18,4,5.985584696812657,7
1447,53,34,30,14,5.9837301102658875,20
1448,94,17,37,7,5.9815536162143665,10
1449,71,13,109,5,5.977466642753509,8
1450,64,20,18,8,5.974775055211903,12
1451,114,18,94,8,5.974081788881617,10
1452,30,48,3,17,5.974020803768361,31
1453,13,102,87,39,5.969449569152453,63
1454,78,52,87,21,5.967161462393358,31
1455,97,18,40,7,5.96691841614039,11
1456,81,26,3,10,5.952983988314589,16
1457,89,23,49,10,5.952783632753264,13
1458,97,12,10,6,5.950831581917697,6
1459,80,31,87,12,5.949574302389134,19
1460,114,19,81,9,5.947687005963305,10
1461,28,15,53,6,5.945744364633269,9
1462,30,11,97,4,5.939213511376966,7
1463,53,26,104,11,5.936620222245529,15
1464,34,23,103,9,5.9280448040298985,14
1465,73,20,114,8,5.924435121305104,12
1466,78,23,7,11,5.919551023484508,12
1467,37,22,110,10,5.913666685850416,12
1468,87,62,20,26,5.910179434004633,36
1469,34,18,22,7,5.906850849031522,11
1470,86,78,76,33,5.897439507715602,45
1471,17,54,51,24,5.895859337547656,30
1472,75,45,9,18,5.89399328159944,27
1473,63,22,43,9,5.8928094018567405,13
1474,101,15,68,5,5.891939886749792,10
1475,65,52,40,22,5.89106233992842,30
1476,10,15,57,5,5.8872808270615,10
1477,75,17,108,7,5.88550634585497,10
1478,16,117,39,50,5.885110861846341,67
1479,46,12,36,5,5.882094180819337,7
1480,28,12,31,5,5.876337878232255,7
1481,55,18,98,7,5.870446924304782,11
1482,34,17,7,7,5.86350495140184,10
1483,7,21,112,8,5.863389950487476,13
1484,49,40,60,16,5.86049009413148,24
1485,49,71,86,30,5.860105263557585,41
1486,37,31,38,13,5.852395297611891,18
1487,80,12,79,6,5.851472407179259,6
1488,65,17,14,8,5.850273562995321,9
1489,100,30,109,11,5.850089422305436,19
1490,100,28,55,13,5.848018543019883,15
1491,108,33,51,14,5.846282986785914,19
1492,49,11,74,5,5.844136641014432,6
1493,16,23,93,11,5.842811946264205,12
1494,63,40,13,17,5.836981602703613,23
1495,23,48,88,18,5.836406273695647,30
1496,107,55,49,22,5.834156409757042,33
1497,13,49,25,22,5.827601447712149,27
1498,8,37,93,16,5.8241714732303524,21
1499,112,13,45,6,5.8226535127240915,7
1500,11,26,38,10,5.815513347024516,16
1501,79,13,20,5,5.810117746469002,8
1502,73,20,109,8,5.807578339260896,12
1503,8,19,98,7,5.806615359942182,12
1504,16,148,107,56,5.806588141158287,92
1505,10,11,106,3,5.803672894932928,8
1506,91,19,31,7,5.801858258461762,12
1507,109,20,64,10,5.801370132700334,10
1508,17,21,9,9,5.788074839959892,12
1509,104,16,81,8,5.786821230718973,8
1510,86,43,103,17,5.773657277194459,26
1511,11,39,19,15,5.773505801410168,24
1512,74,25,109,9,5.76976683747666,16
1513,16,69,3,27,5.761746249331477,42
1514,41,53,86,20,5.761468508013489,33
1515,76,16,2,6,5.758955323935481,10
1516,58,40,107,15,5.758436887559526,25
1517,47,12,12,5,5.753232192548286,7
1518,36,12,77,5,5.751140829309577,7
1519,69,25,109,10,5.751117087579357,15
1520,64,50,86,21,5.748012616840684,29
1521,50,25,18,11,5.745370532916838,14
1522,17,24,60,10,5.742654989357159,14
1523,25,42,106,16,5.737688222420903,26
1524,80,10,109,5,5.736195162181013,5
1525,55,40,54,18,5.729162102948165,22
1526,45,14,9,5,5.727853500458992,9
1527,25,26,51,11,5.726135112848954,15
1528,65,41,3,16,5.725074233902735,25
1529,78,28,77,12,5.723940232797268,16
1530,65,29,109,13,5.72377331359221,16
1531,39,10,52,4,5.718885643095018,6
1532,49,21,18,7,5.711916119327798,14
1533,86,134,51,60,5.711775364941441,74
1534,15,13,74,5,5.7106976006271415,8
1535,69,16,48,7,5.704799954018799,9
1536,27,34,103,13,5.699010329914366,21
1537,34,41,86,17,5.692750831559227,24
1538,70,10,32,5,5.692479372096221,5
1539,64,10,35,4,5.689179123223602,6
1540,35,21,40,8,5.68914021357686,13
1541,27,21,48,8,5.686731307091657,13
1542,1,11,109,5,5.683051778637099,6
1543,94,10,25,5,5.671887186214522,5
1544,39,16,33,7,5.66774224440835,9
1545,23,10,38,4,5.6654185371586925,6
1546,54,11,82,4,5.664278302313932,7
1547,25,36,88,13,5.660869431868405,23
1548,64,34,41,13,5.656501014375914,21
1549,46,31,75,13,5.65470539949331,18
1550,4,10,97,4,5.649870700339142,6
1551,62,18,104,6,5.643310295152116,12
1552,17,22,30,10,5.642958427266382,12
1553,65,42,102,16,5.642177044311126,26
1554,109,16,46,7,5.636528034552761,9
1555,87,51,57,21,5.632524533772959,30
1556,83,11,62,4,5.62718588507507,7
1557,104,50,50,20,5.624778252839242,30
1558,98,27,37,11,5.623553949033442,16
1559,19,10,5,4,5.623378775596124,6
1560,8,21,33,8,5.619561015848323,13
1561,68,26,91,12,5.619466372772095,14
1562,102,16,98,7,5.616900846312717,9
1563,86,17,61,7,5.615128594276011,10
1564,68,71,87,29,5.612540853484813,42
1565,55,15,85,6,5.607159089440444,9
1566,3,23,112,11,5.594463947840817,12
1567,29,34,15,15,5.593704403612139,19
1568,20,38,96,15,5.591064360306498,23
1569,41,37,109,14,5.585837215674504,23
1570,20,22,44,9,5.576158683247873,13
1571,91,11,45,5,5.575492823384057,6
1572,7,23,38,10,5.575438881033765,13
1573,37,22,23,10,5.572690024394593,12
1574,75,20,11,9,5.568757481037147,11
1575,76,18,79,7,5.563755868667755,11
1576,37,14,108,6,5.561998311446509,8
1577,87,33,53,15,5.560515944176119,18
1578,31,10,95,4,5.558189159340279,6
1579,18,11,57,4,5.557171046422163,7
1580,46,11,4,5,5.5562218746456535,6
1581,48,42,107,18,5.555372120517399,24
1582,8,44,46,20,5.5530537260963095,24
1583,69,16,54,7,5.552096999235809,9
1584,8,41,25,16,5.550067480025429,25
1585,36,53,31,23,5.5485644604686595,30
1586,9,22,34,9,5.547533958665455,13
1587,25,18,84,7,5.546687618128964,11
1588,18,42,75,18,5.546579166688547,24
1589,44,11,70,5,5.543204446478317,6
1590,15,14,102,5,5.539976966220617,9
1591,84,37,39,16,5.538566770810499,21
1592,8,11,85,4,5.538404103047142,7
1593,30,30,37,11,5.538253249100192,19
1594,76,25,94,9,5.537062294511394,16
1595,58,35,13,13,5.535900844279714,22
1596,16,22,14,9,5.533520092369791,13
1597,114,27,3,10,5.533465847107243,17
1598,16,52,46,20,5.533250612393741,32
1599,86,44,72,18,5.5216772542197,26
1600,13,24,48,10,5.520624456307565,14
1601,89,10,84,5,5.518590211576737,5
1602,100,35,54,14,5.517072921963965,21
1603,17,10,89,4,5.51177775189421,6
1604,95,19,83,7,5.510188596504651,12
1605,32,13,109,6,5.508051897308613,7
1606,62,30,19,11,5.5079113606244,19
1607,89,23,15,10,5.507711220339526,13
1608,107,70,104,29,5.5056737962816475,41
1609,2,13,40,5,5.504797437287725,8
1610,5,10,111,4,5.501968622126493,6
1611,94,19,49,7,5.5010553905636534,12
1612,87,69,37,29,5.500923627593111,40
1613,67,10,102,4,5.497246561771851,6
1614,50,12,52,6,5.495642094131338,6
1615,111,27,55,11,5.492663797248297,16
1616,27,70,3,30,5.488005884917707,40
1617,65,52,20,20,5.483875571682686,32
1618,3,34,57,15,5.483833770200881,19
1619,100,22,25,10,5.476003695191374,12
1620,98,17,60,7,5.471299685170586,10
1621,28,31,17,13,5.468605078583842,18
1622,31,13,74,5,5.468299370651388,8
1623,39,34,72,15,5.466789040982099,19
1624,57,13,50,5,5.46070428512311,8
1625,52,14,13,6,5.444984627732144,8
1626,13,74,40,32,5.438486503523492,42
1627,39,114,51,48,5.43821372734168,66
1628,71,29,68,11,5.435653336862239,18
1629,72,42,11,18,5.433246767268815,24
1630,91,20,50,8,5.42547508190289,12
1631,57,30,63,14,5.4237588746313765,16
1632,104,38,25,17,5.42238345531962,21
1633,23,10,58,4,5.417812881789321,6
1634,16,151,87,64,5.415507257469592,87
1635,16,16,67,6,5.4152543903232875,10
1636,2,26,106,11,5.4140126266560475,15
1637,47,28,86,11,5.41387371009472,17
1638,30,32,94,14,5.413124377396745,18
1639,30,46,68,20,5.412577282187467,26
1640,4,11,58,4,5.405037105567138,7
1641,11,34,3,14,5.40439711272143,20
1642,112,29,76,13,5.403769892160428,16
1643,98,17,30,8,5.402469986764184,9
1644,81,51,13,20,5.3949878880254065,31
1645,6,14,106,6,5.390411966564587,8
1646,100,37,76,15,5.388195602616649,22
1647,76,49,107,18,5.370550985781143,31
1648,7,47,64,21,5.3631234722763566,26
1649,100,83,51,39,5.361677396645443,44
1650,16,51,64,21,5.358225572736835,30
1651,7,35,97,16,5.356987360153854,19
1652,55,27,97,11,5.353622513986459,16
1653,86,43,48,17,5.353328536638724,26
1654,20,18,98,7,5.3527413318584305,11
1655,78,18,50,7,5.342630350789609,11
1656,68,33,78,14,5.339960157482918,19
1657,30,38,38,13,5.336231911516128,25
1658,97,14,102,5,5.335160623731833,9
1659,34,25,55,11,5.330528309819539,14
1660,5,33,51,12,5.328986421528186,21
1661,83,21,64,9,5.3288244180118385,12
1662,50,21,72,8,5.318024007082146,13
1663,7,40,3,16,5.315954351050264,24
1664,46,25,63,12,5.304512093520618,13
1665,73,19,87,6,5.303982369774461,13
1666,78,10,23,4,5.303068144131315,6
1667,90,27,65,13,5.298709823317268,14
1668,57,26,37,11,5.296608425452367,15
1669,62,13,98,6,5.290496346910965,7
1670,102,14,77,6,5.2901983016445735,8
1671,16,64,109,26,5.2874480307501734,38
1672,109,22,103,10,5.286212204316925,12
1673,28,12,92,4,5.284547759707862,8
1674,41,19,17,7,5.273986417758152,12
1675,88,20,6,8,5.272285617199486,12
1676,34,23,43,10,5.271948745922037,13
1677,103,17,69,8,5.270007364936181,9
1678,29,11,47,4,5.268734453817819,7
1679,34,11,1,3,5.259854618241466,8
1680,35,11,31,5,5.255104723881268,6
1681,27,25,84,11,5.251275868020155,14
1682,41,28,49,12,5.249338337674644,16
1683,16,38,53,15,5.248684423830758,23
1684,98,20,12,8,5.2458423308532485,12
1685,25,26,40,11,5.242222631716464,15
1686,91,21,25,9,5.236778929543698,12
1687,75,60,107,21,5.231874163862643,39
1688,17,12,57,4,5.228708389418874,8
1689,11,40,68,17,5.2282243934751484,23
1690,100,13,79,5,5.227142456267092,8
1691,35,11,5,5,5.226534281744125,6
1692,92,23,39,11,5.223931097826436,12
1693,58,13,57,6,5.2233180825580225,7
1694,54,54,106,25,5.222938310920245,29
1695,7,101,88,43,5.220134457500585,58
1696,10,20,86,9,5.219152465496855,11
1697,58,22,88,9,5.213747548085826,13
1698,8,35,57,14,5.20816002573612,21
1699,30,72,65,30,5.202280891329504,42
1700,93,12,43,5,5.199584775943037,7
1701,46,25,39,13,5.196853389468726,12
1702,54,89,88,37,5.194780150389518,52
1703,40,13,113,5,5.1937263926866155,8
1704,6,10,71,4,5.19369227829273,6
1705,75,17,97,7,5.1834390154874335,10
1706,91,12,48,6,5.179665478095687,6
1707,74,14,112,6,5.173073586151801,8
1708,72,41,27,18,5.172410260828721,23
1709,54,12,66,5,5.170904941899953,7
1710,11,19,32,9,5.1696009211826786,10
1711,77,15,94,6,5.169474708107541,9
1712,89,52,87,22,5.169053080063937,30
1713,72,17,64,8,5.168192600199793,9
1714,31,11,54,5,5.168002033532433,6
1715,65,29,96,13,5.165027076154164,16
1716,6,16,86,6,5.1642614081075955,10
1717,67,12,5,5,5.159840528973079,7
1718,47,16,30,8,5.159042864029295,8
1719,35,16,28,8,5.153123660542294,8
1720,16,39,84,16,5.15160913900312,23
1721,106,24,9,10,5.150083731218856,14
1722,51,61,11,23,5.149502079503395,38
1723,11,13,97,6,5.149154391162877,7
1724,18,18,112,7,5.144336665076299,11
1725,80,17,38,8,5.143241338130117,9
1726,13,17,70,7,5.142156998200086,10
1727,70,15,71,7,5.1409333575718525,8
1728,39,43,43,19,5.140066579341928,24
1729,36,21,3,8,5.136055944816984,13
1730,40,30,58,14,5.133397385337806,16
1731,3,16,98,8,5.130853741808972,8
1732,50,24,109,10,5.1140387015615465,14
1733,68,55,53,23,5.110040094265127,32
1734,11,55,88,22,5.106519046181128,33
1735,15,31,78,15,5.103076679971739,16
1736,34,15,5,5,5.091205514677904,10
1737,107,26,102,12,5.09079703163852,14
1738,32,10,20,3,5.082163415292113,7
1739,15,34,81,15,5.068708888111238,19
1740,7,16,10,7,5.0604070656519635,9
1741,12,12,17,5,5.051854355123882,7
1742,95,20,75,8,5.05026015248493,12
1743,20,23,2,10,5.048117889239678,13
1744,72,39,19,17,5.04548758800632,22
1745,89,10,98,5,5.039977911837782,5
1746,40,16,91,7,5.034652795604085,9
1747,100,24,74,10,5.032874442379239,14
1748,74,26,93,12,5.031462008142043,14
1749,108,18,55,7,5.026290574479314,11
1750,13,55,64,26,5.0249584162323035,29
1751,13,49,54,21,5.0178976143888105,28
1752,55,19,18,9,5.012210431301632,10
1753,112,17,94,6,5.010192110959227,11
1754,102,13,83,5,5.00532757458449,8
1755,93,26,5,10,5.00446052682132,16
1756,7,41,106,20,5.003800212982274,21
1757,49,21,58,10,5.003014201039977,11
1758,51,23,96,10,5.001175453325252,13
1759,16,51,91,19,4.997191599128686,32
1760,50,23,31,10,4.99199978599778,13
1761,70,16,29,8,4.990481050245631,8
1762,63,19,94,8,4.988953899876627,11
1763,77,14,114,7,4.986921402992951,7
1764,70,30,65,11,4.973765781446556,19
1765,80,10,44,5,4.973541413806906,5
1766,106,13,3,5,4.972676967703688,8
1767,43,11,108,5,4.972636022882597,6
1768,12,44,13,15,4.971947648890687,29
1769,53,20,77,9,4.9705544664704515,11
1770,98,11,23,5,4.9699651611390046,6
1771,27,21,114,9,4.967571693509975,12
1772,96,23,90,9,4.963939687748074,14
1773,77,10,89,5,4.949600502404531,5
1774,7,32,47,13,4.949472292851426,19
1775,56,19,68,9,4.948132166753329,10
1776,80,29,106,12,4.946009667025369,17
1777,38,17,41,8,4.943011461235353,9
1778,40,15,78,5,4.942465399220725,10
1779,28,14,32,6,4.94214857785708,8
1780,49,11,71,5,4.940945789460408,6
1781,64,21,108,9,4.932781566374072,12
1782,63,17,85,8,4.93137224468223,9
1783,86,40,36,17,4.92743325124,23
1784,74,56,106,24,4.924754963776783,32
1785,38,12,28,6,4.907164394244709,6
1786,47,30,68,13,4.897107609370838,17
1787,104,22,19,9,4.896606558010836,13
1788,78,38,12,14,4.890675470632135,24
1789,39,10,101,4,4.88974127810336,6
1790,89,28,86,13,4.887464873852957,15
1791,94,12,18,5,4.884425557504234,7
1792,77,19,103,8,4.884367400536798,11
1793,23,19,17,8,4.884057347144711,11
1794,69,11,95,4,4.882909765417967,7
1795,63,20,79,8,4.882182316485546,12
1796,87,29,97,11,4.880674129028667,18
1797,13,26,98,10,4.873807977215297,16
1798,88,26,57,12,4.870812248870149,14
1799,20,12,94,5,4.869855233645218,7
1800,29,11,1,4,4.866934575588788,7
1801,27,57,78,22,4.864201077512802,35
1802,5,10,89,3,4.862465640901744,7
1803,16,57,50,23,4.861557430443652,34
1804,97,12,32,5,4.8514593495768255,7
1805,39,22,96,8,4.8469385601006945,14
1806,95,15,49,6,4.84227599614437,9
1807,8,15,67,6,4.831909846155588,9
1808,54,38,90,16,4.828188228956901,22
1809,57,13,33,5,4.825010747891766,8
1810,31,19,25,9,4.8238393010997695,10
1811,14,15,54,5,4.820525855929134,10
1812,72,37,49,16,4.818820506215671,21
1813,74,11,85,5,4.812388004493801,6
1814,13,23,79,9,4.81127521378253,14
1815,104,34,63,15,4.811269466320185,19
1816,8,62,65,27,4.809581888018106,35
1817,77,11,20,5,4.809570789797778,6
1818,89,14,68,6,4.806077051288233,8
1819,18,10,66,4,4.804965627939263,6
1820,1,16,12,7,4.804302234326604,9
1821,13,29,103,11,4.804099620141527,18
1822,60,22,66,8,4.803647550001292,14
1823,108,16,38,6,4.801598011346549,10
1824,75,22,96,7,4.801381492311929,15
1825,41,22,97,10,4.799957538599524,12
1826,111,11,25,5,4.797175922879401,6
1827,104,89,65,39,4.7968264881701845,50
1828,52,13,20,5,4.795236183864799,8
1829,76,59,87,24,4.790366627128164,35
1830,5,12,10,6,4.788462999241516,6
1831,41,20,81,8,4.785164896950242,12
1832,47,10,45,4,4.780410761983768,6
1833,9,12,5,5,4.777710715122406,7
1834,57,17,89,8,4.777309328300498,9
1835,70,21,98,8,4.776806059512886,13
1836,33,14,23,6,4.772846471482117,8
1837,90,13,70,6,4.771084444295363,7
1838,12,15,31,7,4.7706324645211815,8
1839,18,15,98,8,4.768289045671959,7
1840,30,20,108,8,4.765041003995002,12
1841,108,12,94,5,4.762797132758723,7
1842,13,28,84,11,4.762106527456084,17
1843,106,14,62,6,4.759729251582843,8
1844,11,29,47,12,4.7580477331810975,17
1845,35,20,43,9,4.748394177737971,11
1846,25,16,77,7,4.745845616411634,9
1847,93,29,54,11,4.739093565612782,18
1848,25,13,108,5,4.7274242554223145,8
1849,94,11,46,5,4.72291399357611,6
1850,75,32,31,15,4.721982750346428,17
1851,16,120,65,52,4.714686634656085,68
1852,20,23,46,8,4.7087130702664775,15
1853,4,18,81,7,4.707056678124466,11
1854,66,17,15,8,4.706296692162902,9
1855,98,34,107,15,4.703806209041121,19
1856,111,13,106,4,4.703726078810505,9
1857,88,32,38,12,4.688975834537393,20
1858,28,18,15,8,4.685699256091646,10
1859,40,51,39,21,4.685059105758992,30
1860,75,10,92,4,4.670779177266828,6
1861,11,26,98,12,4.667493378770945,14
1862,104,40,100,17,4.658341409544782,23
1863,61,19,60,9,4.656026056433547,10
1864,25,15,47,7,4.65539023183265,8
1865,27,13,79,6,4.651583262533679,7
1866,107,29,77,13,4.649765909038047,16
1867,15,16,1,6,4.649350840919032,10
1868,63,39,96,15,4.649023449526141,24
1869,12,17,58,7,4.645880660678281,10
1870,114,17,98,7,4.644576052007991,10
1871,103,12,53,4,4.6398520473112805,8
1872,87,16,92,7,4.639743027140742,9
1873,80,11,69,5,4.638884395252672,6
1874,60,22,25,10,4.636282806493919,12
1875,17,32,49,16,4.635564491950155,16
1876,106,15,110,7,4.633960085739291,8
1877,19,16,46,7,4.62534899342926,9
1878,85,20,68,7,4.615895850726344,13
1879,74,11,57,5,4.613445177041246,6
1880,75,40,37,15,4.608119905928104,25
1881,13,21,96,9,4.6080585972764805,12
1882,80,18,39,8,4.600479594629686,10
1883,50,30,30,13,4.599628351348953,17
1884,50,20,19,9,4.598381257626992,11
1885,50,32,96,14,4.592653394244439,18
1886,109,32,55,16,4.592565606093851,16
1887,9,15,37,7,4.590013554185222,8
1888,72,32,43,14,4.589123200790265,18
1889,75,49,51,22,4.585416172842575,27
1890,99,16,65,7,4.579704538683154,9
1891,7,23,58,11,4.575034525669341,12
1892,99,14,95,6,4.572737764013049,8
1893,60,43,114,22,4.570942388181804,21
1894,49,42,77,17,4.566213242855725,25
1895,99,16,104,8,4.5627492392393005,8
1896,43,18,5,8,4.559277543830878,10
1897,57,10,45,4,4.557275746882501,6
1898,70,15,23,7,4.554568026577774,8
1899,12,17,57,7,4.551932468444552,10
1900,83,15,46,7,4.551826612706294,8
1901,99,18,15,7,4.5514613106187225,11
1902,72,11,90,5,4.5500587710438865,6
1903,89,23,60,11,4.544420628812147,12
1904,93,29,28,11,4.540056078542574,18
1905,76,18,18,8,4.538908455749758,10
1906,107,25,66,11,4.531519112697893,14
1907,15,11,38,4,4.5291162968689695,7
1908,55,44,28,18,4.526943972884062,26
1909,74,23,50,10,4.520207268757788,13
1910,74,52,65,23,4.5192273974064765,29
1911,49,18,112,8,4.517911222226071,10
1912,92,10,8,3,4.512073615754891,7
1913,57,10,96,5,4.511509669176178,5
1914,64,11,96,4,4.502415484644476,7
1915,15,13,70,7,4.501454445796363,6
1916,89,15,62,7,4.498412890474862,8
1917,108,10,46,3,4.49601960881211,7
1918,100,82,87,37,4.493870933802051,45
1919,75,44,71,17,4.485645835804012,27
1920,69,20,39,9,4.479618885601426,11
1921,96,31,25,14,4.472832877552797,17
1922,30,15,33,5,4.4716115697648915,10
1923,87,63,49,30,4.469205289672346,33
1924,39,23,37,10,4.467775271301239,13
1925,37,18,32,8,4.466542082918524,10
1926,85,16,57,7,4.462920901490054,9
1927,79,15,54,6,4.462814449138745,9
1928,41,24,29,10,4.462227527739393,14
1929,19,14,85,6,4.456802611003388,8
1930,77,11,97,4,4.454901155383994,7
1931,16,115,8,49,4.440092234488405,66
1932,78,16,96,6,4.433803384678502,10
1933,37,39,70,16,4.433263990915909,23
1934,17,10,58,6,4.43139506148379,4
1935,23,14,20,6,4.427778675436007,8
1936,99,30,13,13,4.4209668288342625,17
1937,84,30,70,13,4.416286467774103,17
1938,7,64,53,28,4.4162137369106675,36
1939,86,118,5,51,4.415256493878053,67
1940,71,14,108,6,4.402422140240555,8
1941,9,22,38,9,4.401748488474488,13
1942,76,35,5,15,4.400670357773005,20
1943,97,39,16,18,4.395866715554318,21
1944,109,26,38,10,4.389871476870703,16
1945,8,29,3,14,4.388955168754835,15
1946,54,20,29,8,4.381395329954479,12
1947,87,33,25,15,4.379098196808539,18
1948,107,31,35,12,4.37761531748931,19
1949,54,20,3,9,4.3763773258175735,11
1950,86,103,88,45,4.37292356531332,58
1951,40,23,23,10,4.3684233268033035,13
1952,74,15,9,6,4.367415226980933,9
1953,49,17,70,8,4.364791676107706,9
1954,47,32,88,14,4.36195323618654,18
1955,95,20,23,9,4.361896262769256,11
1956,64,31,71,12,4.3594731378011655,19
1957,19,11,83,5,4.359398192701059,6
1958,100,57,27,25,4.359339469891481,32
1959,51,43,19,17,4.3517497090260004,26
1960,65,16,6,7,4.346168811124805,9
1961,60,29,46,12,4.333686025013952,17
1962,95,19,41,8,4.332143979792181,11
1963,27,56,49,24,4.330284342316514,32
1964,19,14,80,6,4.328848204649311,8
1965,37,75,86,34,4.327795117897226,41
1966,77,24,11,11,4.327763893344426,13
1967,69,38,3,15,4.319618121669495,23
1968,30,42,77,18,4.317093149342029,24
1969,4,22,40,10,4.316643149060887,12
1970,12,29,23,13,4.316041786534521,16
1971,62,34,51,15,4.314477152798725,19
1972,97,23,17,10,4.313428551304965,13
1973,86,64,104,28,4.3129795987995365,36
1974,63,65,54,28,4.312244094324418,37
1975,106,27,53,13,4.3023196001359025,14
1976,37,45,55,21,4.3010010805888355,24
1977,29,28,34,13,4.299398009291169,15
1978,89,47,16,21,4.294519899396669,26
1979,8,21,38,9,4.287454798399294,12
1980,48,48,87,19,4.286667160277857,29
1981,50,22,69,11,4.283220710932241,11
1982,38,15,46,6,4.2830991769343365,9
1983,72,19,62,8,4.281473875909815,11
1984,23,28,15,12,4.277369019757655,16
1985,9,20,100,8,4.263839107868786,12
1986,37,55,106,26,4.262507559544696,29
1987,43,68,87,30,4.255922664361703,38
1988,34,31,19,13,4.2531738718390475,18
1989,69,32,68,14,4.253129950198649,18
1990,71,14,38,5,4.250425614356073,9
1991,100,13,70,6,4.2466986166827585,7
1992,13,42,69,18,4.244765914439893,24
1993,43,41,65,19,4.243102825115748,22
1994,16,44,71,18,4.24180487871631,26
1995,71,31,87,14,4.240167636343153,17
1996,7,96,86,40,4.236966936146966,56
1997,51,63,41,28,4.234503271062266,35
1998,50,21,108,10,4.232379951965481,11
1999,13,70,46,29,4.232027372997744,41
2000,30,20,62,9,4.230291626453226,11
2001,34,17,15,7,4.22791233616001,10
2002,48,12,46,5,4.225391974153922,7
2003,71,11,44,5,4.2235243488394545,6
2004,28,29,100,12,4.22112967447295,17
2005,4,19,18,8,4.220670692754495,11
2006,52,10,48,4,4.211289472665269,6
2007,43,41,109,16,4.210361219691966,25
2008,100,15,44,7,4.208358798466622,8
2009,49,32,62,12,4.208056227013278,20
2010,17,21,20,9,4.207666463256874,12
2011,65,56,36,24,4.205692860728478,32
2012,107,57,23,26,4.195631697148178,31
2013,43,29,41,13,4.189201859304195,16
2014,29,15,93,7,4.1887249261114,8
2015,16,32,99,14,4.188354308638614,18
2016,23,27,25,12,4.182190113226041,15
2017,35,19,30,8,4.174375049562901,11
2018,89,21,72,9,4.167889142631982,12
2019,60,24,96,8,4.164982345638217,16
2020,83,40,5,19,4.163709904424498,21
2021,64,20,46,8,4.163045047710225,12
2022,30,17,52,7,4.158499353957516,10
2023,92,14,27,7,4.157793062407016,7
2024,114,14,67,6,4.15758676403295,8
2025,19,10,2,5,4.15617878328422,5
2026,84,12,49,4,4.15268228904649,8
2027,99,12,17,5,4.148375833376951,7
2028,50,77,28,33,4.143924434349459,44
2029,53,47,71,20,4.141303557057989,27
2030,87,18,66,8,4.140314373651453,10
2031,71,11,20,4,4.1364305573939655,7
2032,100,33,112,15,4.132414150094655,18
2033,83,15,50,8,4.131296712002355,7
2034,80,11,93,6,4.126481778838966,5
2035,42,14,87,6,4.125698672116465,8
2036,72,23,17,10,4.117745356045157,13
2037,7,12,2,5,4.115660194227726,7
2038,85,20,51,9,4.111259035742407,11
2039,34,44,27,20,4.110971647045813,24
2040,97,30,63,13,4.107378727934814,17
2041,83,20,93,9,4.100880722204595,11
2042,77,48,51,23,4.1002965798183215,25
2043,65,34,50,15,4.100112961999628,19
2044,20,24,35,10,4.098728722002916,14
2045,111,15,8,7,4.091375789332372,8
2046,36,11,19,5,4.088590218421681,6
2047,91,21,75,13,4.084376386784757,8
2048,85,17,11,7,4.074093197649269,10
2049,95,21,46,9,4.071848693893571,12
2050,69,15,37,7,4.071098728743587,8
2051,75,17,93,8,4.069384641387428,9
2052,7,68,31,30,4.069172309295859,38
2053,65,19,73,8,4.067312461469672,11
2054,15,26,77,11,4.066647435390431,15
2055,63,27,23,11,4.0662941273627515,16
2056,43,12,95,5,4.065288768086309,7
2057,78,52,51,25,4.064014440963367,27
2058,100,37,78,16,4.0618493510224765,21
2059,56,11,39,6,4.061429150921742,5
2060,74,18,69,9,4.057509657528147,9
2061,65,48,11,22,4.056158377619187,26
2062,15,16,75,6,4.056062954518072,10
2063,14,10,20,4,4.051966837258039,6
2064,16,54,17,21,4.050805229071336,33
2065,32,10,40,5,4.050021677419865,5
2066,84,12,69,5,4.046782427990891,7
2067,38,14,96,6,4.043216236562186,8
2068,12,21,64,9,4.039578668593841,12
2069,1,10,43,5,4.0389767157587135,5
2070,63,41,114,15,4.037972989054357,26
2071,60,23,57,10,4.037432638780123,13
2072,13,50,78,22,4.024600532603723,28
2073,29,14,79,5,4.020689709966037,9
2074,43,55,86,25,4.020181905559187,30
2075,28,25,19,10,4.019180575644085,15
2076,27,11,95,4,4.017587661312877,7
2077,8,20,110,8,4.013172679497399,12
2078,5,18,77,8,4.010067732208506,10
2079,31,16,112,6,4.001730552260444,10
2080,29,50,19,21,3.997442353719862,29
2081,112,12,14,6,3.993235963114864,6
2082,80,35,55,17,3.984081280103419,18
2083,100,15,61,7,3.983968635830275,8
2084,107,41,38,17,3.9835241995724298,24
2085,60,18,97,9,3.9792005525226397,9
2086,83,10,76,4,3.9791717561004964,6
2087,96,12,14,5,3.975747798085741,7
2088,13,25,62,11,3.969870239284988,14
2089,41,13,102,5,3.968301975819481,8
2090,84,11,94,5,3.968156665744439,6
2091,10,21,84,9,3.9602546020658425,12
2092,80,19,30,8,3.9565548677282325,11
2093,40,23,37,11,3.9558411724945226,12
2094,74,19,43,9,3.953605497650349,10
2095,9,15,91,7,3.9508212932565088,8
2096,67,11,104,5,3.95056976239549,6
2097,6,11,40,5,3.9442678680230885,6
2098,62,26,8,11,3.9420545038632544,15
2099,84,22,76,10,3.938973343504664,12
2100,41,11,33,4,3.93718343109045,7
2101,18,15,20,6,3.930360704025332,9
2102,44,16,76,7,3.924366014720928,9
2103,5,28,2,12,3.9232778253201652,16
2104,75,29,64,13,3.9160007140392388,16
2105,16,112,7,50,3.915939151697223,62
2106,41,61,107,24,3.913438956605843,37
2107,23,14,48,6,3.910408208571404,8
2108,104,35,54,16,3.9079501105931684,19
2109,55,30,63,14,3.9003771949656936,16
2110,64,24,19,9,3.897841875409208,15
2111,62,12,47,5,3.8975081676650087,7
2112,99,12,76,6,3.897360477290105,6
2113,1,25,54,11,3.8929886538978153,14
2114,40,17,5,8,3.8914877974226934,9
2115,3,27,18,11,3.8877919842446707,16
2116,15,25,62,11,3.882806434204942,14
2117,6,12,57,5,3.882176264826061,7
2118,104,43,95,18,3.881851437824225,25
2119,102,11,49,4,3.8805789709331324,7
2120,8,15,112,6,3.8800170080974894,9
2121,87,86,3,37,3.874927360168753,49
2122,78,33,49,16,3.8747841036965736,17
2123,19,42,57,19,3.8744146355208953,23
2124,2,11,48,4,3.8719596921161834,7
2125,78,32,69,14,3.871427913005367,18
2126,9,20,30,8,3.8686018235715443,12
2127,90,16,80,6,3.867067615214411,10
2128,66,22,86,10,3.8664569146978405,12
2129,20,54,28,24,3.866248630000691,30
2130,74,87,86,40,3.864197075150019,47
2131,29,23,43,9,3.863329919691691,14
2132,62,17,69,8,3.8599729189048624,9
2133,40,50,107,20,3.8570605527160113,30
2134,85,17,17,7,3.8507511089593,10
2135,28,39,76,18,3.848512689408892,21
2136,18,23,31,11,3.8430258307678673,12
2137,111,11,12,6,3.8360170890156353,5
2138,4,11,3,5,3.8250463920918434,6
2139,48,12,75,5,3.823943527087417,7
2140,114,40,51,19,3.8167576032502186,21
2141,5,28,91,11,3.8146250930665184,17
2142,110,16,5,7,3.8138584796050914,9
2143,28,27,71,11,3.8126316435493948,16
2144,97,22,109,10,3.811583401475488,12
2145,8,34,27,16,3.810945432555074,18
2146,15,26,18,11,3.808184156987895,15
2147,75,29,27,12,3.8077017086039864,17
2148,76,47,49,20,3.8012082107911094,27
2149,114,24,46,10,3.798669441811228,14
2150,6,11,39,5,3.7966207547038127,6
2151,76,36,109,14,3.7953367703849,22
2152,51,54,109,20,3.790324996634512,34
2153,11,27,35,12,3.789794628629367,15
2154,25,29,54,13,3.788520356553666,16
2155,106,52,51,23,3.7850976424308236,29
2156,104,28,98,15,3.783243181516933,13
2157,100,26,50,11,3.7827814371898123,15
2158,7,10,93,5,3.780231549016956,5
2159,49,41,51,19,3.7775771636674316,22
2160,114,47,13,24,3.775914918731173,23
2161,87,21,17,9,3.7733166042192914,12
2162,55,27,9,11,3.772633679119087,16
2163,92,10,95,4,3.7703330695634003,6
2164,100,52,15,23,3.7669605803034774,29
2165,102,14,17,6,3.765627490194506,8
2166,91,13,49,6,3.7583627753373614,7
2167,52,13,107,5,3.753558475982526,8
2168,57,17,104,6,3.7521517026783133,11
2169,35,30,86,12,3.747112561977868,18
2170,41,24,37,10,3.7456130176699944,14
2171,53,42,40,19,3.7429391558119973,23
2172,28,58,54,25,3.7427833536169195,33
2173,51,55,84,24,3.742451182902999,31
2174,114,22,15,10,3.7389576449196937,12
2175,1,13,4,5,3.736039087851971,8
2176,60,59,40,26,3.735016412978284,33
2177,90,31,5,13,3.729228130116929,18
2178,80,12,77,5,3.726262563030107,7
2179,15,13,40,6,3.725578311667862,7
2180,91,40,86,18,3.721705750823955,22
2181,81,31,16,14,3.7185584556590716,17
2182,86,40,62,18,3.717386716987273,22
2183,15,21,5,8,3.7147342263498166,13
2184,1,21,64,10,3.714096825641645,11
2185,29,15,108,7,3.6991799646967536,8
2186,17,12,108,5,3.6979659768897495,7
2187,23,19,28,9,3.6970356039584327,10
2188,94,30,86,13,3.6953404582805347,17
2189,75,24,23,12,3.694492854523253,12
2190,78,32,43,13,3.677599053558941,19
2191,13,55,11,25,3.6716289509157676,30
2192,38,21,84,10,3.669980206703245,11
2193,28,20,85,9,3.6675135147560156,11
2194,62,17,64,9,3.6639207206437514,8
2195,29,16,102,6,3.661932828184928,10
2196,39,24,31,10,3.6610558433956144,14
2197,90,10,71,5,3.6561036030201173,5
2198,107,21,32,10,3.6546977761524615,11
2199,17,11,18,6,3.651905683853184,5
2200,3,16,35,7,3.6481767243830796,9
2201,9,13,23,6,3.6475995665029006,7
2202,14,10,70,5,3.647042134114854,5
2203,63,17,12,9,3.6338048171297044,8
2204,16,40,80,16,3.6321164367593304,24
2205,47,17,81,7,3.6281046116933036,10
2206,55,51,5,22,3.6280461911141377,29
2207,80,26,28,12,3.6230809501897743,14
2208,112,15,79,7,3.621796379179409,8
2209,54,89,16,41,3.6156738664473,48
2210,1,36,88,17,3.612486249864132,19
2211,57,18,53,8,3.6099087824903457,10
2212,12,46,27,19,3.60812267367479,27
2213,11,36,43,16,3.6077101140523475,20
2214,57,20,48,9,3.6029530896154425,11
2215,86,24,32,11,3.600337352350485,13
2216,65,88,41,36,3.5987797514188595,52
2217,34,23,79,9,3.5987779482770503,14
2218,62,30,71,14,3.5956607664822755,16
2219,75,57,16,26,3.5952902080350215,31
2220,106,14,57,7,3.593618983726931,7
2221,104,61,5,28,3.5931408944870395,33
2222,7,22,11,9,3.5909071733141316,13
2223,97,10,95,4,3.589432471334791,6
2224,14,18,11,7,3.5868100547047623,11
2225,89,16,53,8,3.584156191645175,8
2226,88,62,5,29,3.583030843412137,33
2227,13,104,107,46,3.5823571365998443,58
2228,33,14,78,6,3.5759620126343448,8
2229,14,22,87,9,3.574657228905804,13
2230,72,23,60,10,3.5740579967580413,13
2231,25,19,43,7,3.573077352948072,12
2232,6,21,87,9,3.566989216260901,12
2233,6,28,7,15,3.5631855242339134,13
2234,60,12,79,5,3.555370933230572,7
2235,28,19,36,9,3.554999615354129,10
2236,62,21,37,8,3.552668728814333,13
2237,33,11,70,5,3.5452850377562246,6
2238,40,65,36,28,3.54008292473436,37
2239,28,32,30,15,3.539926425473853,17
2240,58,15,47,6,3.535505795510924,9
2241,44,15,7,7,3.5352660207554565,8
2242,85,26,84,10,3.5349178606931724,16
2243,6,10,62,4,3.534555615892036,6
2244,72,36,78,18,3.533284834552146,18
2245,93,17,25,8,3.5300397889756283,9
2246,37,55,50,26,3.5287986061002155,29
2247,13,118,51,56,3.527065668097474,62
2248,89,16,74,7,3.5219803445540374,9
2249,9,32,54,15,3.5206046809983693,17
2250,60,61,86,27,3.518717749571533,34
2251,39,26,48,10,3.5170001195544094,16
2252,11,24,17,11,3.5151101549695944,13
2253,102,19,3,8,3.5088603359734862,11
2254,3,39,29,17,3.506465568726695,22
2255,74,16,23,7,3.505315761927062,9
2256,25,27,109,12,3.5041369262347244,15
2257,73,17,98,8,3.503959852428817,9
2258,3,30,77,14,3.5028026588503227,16
2259,47,22,15,11,3.5019607775766484,11
2260,16,104,100,47,3.5015423131248373,57
2261,16,30,45,12,3.5002296374975557,18
2262,86,42,81,16,3.500051205675347,26
2263,97,36,114,16,3.494809729950692,20
2264,20,26,109,10,3.4929177397438647,16
2265,6,10,54,5,3.4921987314309866,5
2266,27,21,98,10,3.4907914371999365,11
2267,14,16,5,6,3.490369625649153,10
2268,23,14,53,6,3.489897713169177,8
2269,62,13,36,6,3.4895283270523723,7
2270,36,30,51,14,3.487460022502504,16
2271,25,20,70,9,3.4845181159437417,11
2272,50,21,49,10,3.4685004795882266,11
2273,86,57,78,27,3.4646088097959513,30
2274,33,23,5,11,3.4543275091771948,12
2275,112,14,114,7,3.4529529803290564,7
2276,63,97,86,40,3.452765603775126,57
2277,103,25,12,13,3.4495496342358525,12
2278,103,31,57,14,3.4419417004767787,17
2279,49,25,63,12,3.435463908483024,13
2280,7,52,27,24,3.4308990471010516,28
2281,19,12,23,6,3.4243060387577913,6
2282,4,12,37,5,3.4218717037755013,7
2283,28,18,78,9,3.417711658801108,9
2284,17,11,36,6,3.417273645156761,5
2285,79,22,11,9,3.411899322441769,13
2286,76,30,60,12,3.4020626460630283,18
2287,107,56,9,27,3.398652320426972,29
2288,4,13,28,6,3.394082491248691,7
2289,67,21,34,8,3.393084795200822,13
2290,16,54,69,23,3.392072308206819,31
2291,73,10,104,4,3.3914910994647243,6
2292,9,45,39,22,3.3911292824052466,23
2293,36,28,55,13,3.3833365772573503,15
2294,70,15,43,6,3.3830636227591584,9
2295,70,20,75,10,3.379349863200628,10
2296,74,16,91,7,3.3793273468188416,9
2297,17,11,33,5,3.3766690615259987,6
2298,73,18,96,8,3.3726024221333364,10
2299,3,27,64,13,3.371328430062593,14
2300,13,56,28,26,3.3671896375902834,30
2301,40,17,20,7,3.3649339637959685,10
2302,54,25,97,12,3.3648153427656786,13
2303,14,23,8,10,3.3634201583462153,13
2304,9,14,61,6,3.362078776884604,8
2305,14,17,106,7,3.360059412826618,10
2306,102,10,93,4,3.355020220754733,6
2307,83,10,20,5,3.3478898251644154,5
2308,15,19,20,8,3.345564249700581,11
2309,68,32,12,15,3.341405752135098,17
2310,68,13,5,6,3.3380294056441113,7
2311,87,130,107,59,3.3379730034568182,71
2312,57,10,66,4,3.336342239939951,6
2313,50,12,81,6,3.335453957922903,6
2314,2,15,38,7,3.331749539896775,8
2315,100,87,107,42,3.3299569946909413,45
2316,13,85,55,38,3.325656298998864,47
2317,98,14,97,7,3.3185319117606134,7
2318,97,16,84,6,3.3164282058099306,10
2319,91,15,65,7,3.316349530518062,8
2320,96,59,54,29,3.314517669950013,30
2321,86,66,25,31,3.3097455853588773,35
2322,41,14,96,5,3.3088942892360294,9
2323,107,43,64,20,3.307651233136555,23
2324,100,77,13,35,3.3069801769341383,42
2325,114,21,64,9,3.3046667254482807,12
2326,47,13,61,6,3.3043540506366393,7
2327,12,11,90,4,3.304244091296132,7
2328,41,35,104,17,3.298393432816602,18
2329,34,11,98,6,3.2977526881218022,5
2330,104,40,109,18,3.2966478203927565,22
2331,55,15,35,7,3.2899027901624844,8
2332,19,48,107,20,3.2879965034773133,28
2333,13,37,1,15,3.287939891614485,22
2334,19,32,77,15,3.280484509499524,17
2335,72,13,42,6,3.276222089892359,7
2336,2,11,109,5,3.2689055365627238,6
2337,7,24,74,9,3.2574931437928867,15
2338,64,31,8,13,3.2562336911280285,18
2339,62,17,109,9,3.2556227979654313,8
2340,114,47,25,20,3.2540864225169726,27
2341,29,25,68,11,3.253332721067045,14
2342,76,22,48,9,3.2467318391638416,13
2343,103,23,41,11,3.2449133165221427,12
2344,94,47,87,23,3.2387554797070868,24
2345,100,42,88,18,3.2386401365610333,24
2346,99,25,60,11,3.238194459102711,14
2347,107,49,36,23,3.2348387046482587,26
2348,87,64,50,30,3.2344681223579133,34
2349,3,14,97,7,3.230803945654674,7
2350,88,48,109,20,3.230101069602965,28
2351,23,50,65,24,3.229242004811313,26
2352,51,54,46,24,3.2281613659699113,30
2353,86,68,46,28,3.2242999963471046,40
2354,88,86,107,37,3.2213737852986615,49
2355,55,18,94,8,3.2183549150249444,10
2356,17,16,74,7,3.211770551027834,9
2357,50,19,97,8,3.210625734622635,11
2358,60,47,31,24,3.209470727487928,23
2359,63,18,72,7,3.209203933965973,11
2360,56,12,97,6,3.2085312435870676,6
2361,60,38,41,19,3.2070562991666334,19
2362,106,28,17,11,3.2039846830051175,17
2363,64,24,45,10,3.20075696622173,14
2364,36,41,39,18,3.1998605067578247,23
2365,16,62,23,28,3.1954099880686773,34
2366,69,15,8,7,3.191300471105285,8
2367,17,22,90,9,3.1908484224220683,13
2368,54,31,114,15,3.18479213160143,16
2369,64,42,39,19,3.179461397436318,23
2370,78,29,54,13,3.1794235894954275,16
2371,57,64,15,29,3.1785944787944027,35
2372,106,25,60,10,3.1712615038081853,15
2373,103,17,94,8,3.1695819654129775,9
2374,55,26,20,12,3.1691541193918384,14
2375,41,30,69,12,3.1671568486745967,18
2376,63,20,66,9,3.166079264336923,11
2377,103,11,62,6,3.1637632072735626,5
2378,77,42,87,19,3.1611967420913962,23
2379,93,16,109,7,3.1609286434035413,9
2380,75,19,4,8,3.1591429263358246,11
2381,86,21,82,9,3.158656091984634,12
2382,104,51,7,23,3.158219418007501,28
2383,51,12,52,6,3.1494678599678365,6
2384,100,64,39,29,3.1441936552298295,35
2385,30,33,104,16,3.143593503017403,17
2386,114,23,9,8,3.1400252375404265,15
2387,47,24,41,12,3.137759511909013,12
2388,91,20,54,10,3.132812155177027,10
2389,6,11,28,5,3.131247568187587,6
2390,39,81,107,37,3.126495468132955,44
2391,107,41,62,20,3.1238835580649185,21
2392,28,36,48,16,3.118969087107223,20
2393,72,21,88,9,3.118023866621951,12
2394,36,11,80,5,3.1158574211756562,6
2395,76,32,55,13,3.1154560441471983,19
2396,25,25,17,11,3.1106502600539123,14
2397,50,24,4,12,3.1105592371369686,12
2398,12,25,8,11,3.110323041747001,14
2399,19,18,102,7,3.105177723354441,11
2400,111,21,86,9,3.1037611827633476,12
2401,98,24,100,10,3.102517713271864,14
2402,9,20,57,9,3.1019493918441285,11
2403,99,14,68,6,3.1001036150844774,8
2404,88,16,74,6,3.1000151762465453,10
2405,17,29,54,14,3.099464272586133,15
2406,100,31,34,15,3.098635072973938,16
2407,38,18,18,9,3.0958157830896855,9
2408,85,10,109,3,3.0954068823106935,7
2409,6,17,27,8,3.0947871865212933,9
2410,93,17,50,7,3.089216846430406,10
2411,107,59,37,27,3.087858660035621,32
2412,66,12,28,6,3.0826665795427424,6
2413,55,16,62,7,3.0797392954165557,9
2414,97,23,104,11,3.078979141926911,12
2415,30,26,48,11,3.074063273350933,15
2416,43,37,7,15,3.0706324410883696,22
2417,50,40,76,21,3.0704621869344204,19
2418,75,30,25,13,3.0695517335408993,17
2419,104,19,80,9,3.0657948817606893,10
2420,63,30,15,13,3.064425667977125,17
2421,71,18,25,8,3.0644100067848137,10
2422,13,83,60,36,3.0599526828166437,47
2423,17,21,63,10,3.0560482096450983,11
2424,7,45,55,19,3.054761469393279,26
2425,108,18,63,8,3.053968972225456,10
2426,38,24,51,12,3.048791658808934,12
2427,86,28,93,13,3.0472078293797855,15
2428,102,13,38,4,3.0409012245006557,9
2429,30,22,79,9,3.0387025691085756,13
2430,25,39,65,16,3.0368934823131166,23
2431,104,84,16,37,3.027262595493081,47
2432,63,46,41,21,3.0272340731708356,25
2433,86,38,79,17,3.025515072530802,21
2434,40,17,33,6,3.0217035797006977,11
2435,27,41,43,19,3.0186200832068586,22
2436,19,23,20,11,3.015422308428593,12
2437,20,48,16,20,3.014886072612058,28
2438,16,193,86,83,3.012241863350432,110
2439,104,70,13,31,3.010696317838556,39
2440,12,17,76,9,3.0102244658193076,8
2441,74,42,63,20,3.0096162132471513,22
2442,30,23,12,10,3.0079996870504875,13
2443,102,18,39,8,3.0031947941705375,10
2444,96,14,34,6,3.001763014782561,8
2445,4,11,69,5,2.99948417666171,6
2446,58,18,43,9,2.9928335889758833,9
2447,85,23,13,9,2.985985548040522,14
2448,46,13,1,7,2.9771068452784517,6
2449,33,30,13,14,2.9759732366400113,16
2450,84,36,106,18,2.975473960825013,18
2451,36,32,4,13,2.9739066740354216,19
2452,13,21,92,11,2.9728005330431997,10
2453,23,38,8,17,2.972144051379089,21
2454,66,13,27,6,2.971629996689292,7
2455,49,31,109,14,2.9713692518302697,17
2456,47,18,100,8,2.9713075033918446,10
2457,16,61,37,28,2.9698646447620956,33
2458,2,21,37,10,2.96975801126945,11
2459,90,26,50,12,2.969099568178274,14
2460,73,16,63,8,2.966556049159884,8
2461,80,18,64,9,2.965096517926697,9
2462,25,18,57,8,2.9649349505538733,10
2463,7,110,68,50,2.9588229705618208,60
2464,54,11,92,4,2.9582154924554307,7
2465,29,16,53,6,2.9575888480728265,10
2466,55,11,66,5,2.9570964571041585,6
2467,60,41,8,20,2.9526156128958108,21
2468,111,34,16,16,2.9513696994671306,18
2469,58,26,3,10,2.95126363345315,16
2470,30,14,2,7,2.949922732588635,7
2471,12,22,43,9,2.947690181834287,13
2472,95,43,87,21,2.945738462066397,22
2473,71,18,46,9,2.9448527741935377,9
2474,9,18,1,10,2.9438107743951836,8
2475,16,63,5,26,2.9385145168648896,37
2476,83,27,65,13,2.938404758323202,14
2477,36,20,87,8,2.93557325089767,12
2478,33,21,28,11,2.934003356051797,10
2479,12,18,40,9,2.93028970370934,9
2480,3,10,33,4,2.927658221464771,6
2481,64,25,11,10,2.925585866086349,15
2482,37,14,103,5,2.9215508243945583,9
2483,1,14,62,7,2.921521583990398,7
2484,77,21,112,11,2.921116306986576,10
2485,88,21,61,8,2.9209863910476948,13
2486,102,19,106,10,2.9207255392565106,9
2487,20,27,80,12,2.920287539683028,15
2488,109,17,9,9,2.91854195196147,8
2489,55,11,31,5,2.9183781753906346,6
2490,37,10,33,4,2.9157377490462264,6
2491,104,12,10,6,2.9113530030237116,6
2492,78,49,19,21,2.9111871661990008,28
2493,95,29,53,11,2.9078610003173133,18
2494,62,19,9,9,2.9069158954391607,10
2495,16,33,79,14,2.9049583801159358,19
2496,44,14,114,6,2.9041353497832696,8
2497,12,43,51,20,2.8972433326147145,23
2498,11,29,102,14,2.897153131580899,15
2499,30,34,71,16,2.8915964337712703,18
2500,54,14,47,7,2.8837276401761587,7
2501,88,18,48,7,2.8781551150447946,11
2502,11,36,20,15,2.8760492087904987,21
2503,17,25,46,11,2.875672610475698,14
2504,106,14,77,7,2.875589368126161,7
2505,75,21,30,10,2.874328227945732,11
2506,108,10,2,4,2.873465048153021,6
2507,112,14,1,5,2.872325056767921,9
2508,83,25,87,12,2.871024026015094,13
2509,54,20,33,8,2.868925965784645,12
2510,53,32,55,14,2.8682065355723365,18
2511,28,70,84,31,2.8670003890442093,39
2512,108,14,78,6,2.8642940930834624,8
2513,69,25,28,12,2.861912956405139,13
2514,16,96,28,43,2.854985092700266,53
2515,97,13,33,6,2.848649622206162,7
2516,13,55,15,26,2.846725326875938,29
2517,4,25,16,13,2.8411046840521457,12
2518,107,51,106,24,2.8408623146416336,27
2519,86,104,28,46,2.8374089851944673,58
2520,75,21,112,9,2.8242194050340816,12
2521,18,13,71,6,2.821320109059585,7
2522,68,14,48,7,2.8206443314688054,7
2523,97,26,76,12,2.8180456861896697,14
2524,9,48,40,21,2.81743847104381,27
2525,89,12,75,6,2.8102991984970793,6
2526,1,32,36,16,2.809530345293069,16
2527,99,15,41,7,2.8081672918617295,8
2528,65,42,71,18,2.8056942435602363,24
2529,106,14,112,7,2.805082024542774,7
2530,95,17,109,7,2.802813943476527,10
2531,48,26,65,13,2.800978027003418,13
2532,33,15,27,7,2.7980319906219515,8
2533,30,37,57,15,2.797085649522928,22
2534,83,32,8,16,2.795775595052069,16
2535,23,15,50,5,2.795623997234249,10
2536,68,14,44,7,2.7953277213928227,7
2537,7,26,1,12,2.793205495238505,14
2538,100,13,36,6,2.7923934619121074,7
2539,16,35,58,16,2.7922972640327193,19
2540,70,12,102,7,2.7906887378625385,5
2541,34,60,16,26,2.7897765848051375,34
2542,85,14,112,6,2.788857070839814,8
2543,27,21,23,10,2.7867021695392453,11
2544,51,100,65,45,2.7811802634694893,55
2545,27,19,18,9,2.7809093544414454,10
2546,18,30,40,12,2.780722164544755,18
2547,10,17,87,8,2.7770692343126595,9
2548,93,12,100,5,2.7764313127252507,7
2549,91,13,38,6,2.7743073858685916,7
2550,30,53,15,23,2.77076447907431,30
2551,50,11,38,4,2.769596671810694,7
2552,27,60,88,29,2.7660588381556592,31
2553,15,23,69,10,2.7652098531538094,13
2554,64,24,23,11,2.763646390912283,13
2555,1,17,94,9,2.7623810098011936,8
2556,97,34,96,17,2.7556888339056833,17
2557,3,16,46,8,2.752172231930853,8
2558,18,59,53,28,2.751370776151322,31
2559,71,26,51,12,2.748484052918404,14
2560,53,45,64,20,2.7453777698168924,25
2561,15,48,11,22,2.7422603000422705,26
2562,93,14,51,7,2.7399262399100413,7
2563,54,35,102,16,2.738133577396994,19
2564,99,12,63,6,2.737725340993938,6
2565,11,98,86,45,2.732991616977066,53
2566,68,24,57,12,2.731461721250245,12
2567,49,11,5,5,2.7256599500520577,6
2568,44,16,88,8,2.7255415222047095,8
2569,37,30,84,14,2.7240272709777176,16
2570,87,28,112,13,2.7175515057167297,15
2571,34,16,88,7,2.7175195012540176,9
2572,63,20,4,9,2.7170319642618375,11
2573,114,66,88,31,2.711653784187521,35
2574,94,26,29,12,2.7112074149721908,14
2575,23,23,77,11,2.7061500660226216,12
2576,87,63,106,30,2.6977525519324614,33
2577,80,39,86,18,2.6955967301747057,21
2578,20,27,41,14,2.6942971523502353,13
2579,10,11,65,5,2.691616036034299,6
2580,87,23,31,11,2.6915087275033063,12
2581,39,55,54,26,2.6884013793363515,29
2582,74,61,5,29,2.685625674476677,32
2583,63,13,103,5,2.6855582456044873,8
2584,23,13,103,6,2.683804189586458,7
2585,54,74,51,34,2.682513246288229,40
2586,39,25,5,12,2.6791322172692817,13
2587,46,36,87,15,2.6745789000356535,21
2588,8,59,39,29,2.6741758585455164,30
2589,25,17,44,8,2.67353547628176,9
2590,13,118,7,55,2.6708973171944725,63
2591,37,67,104,30,2.6697156594454787,37
2592,71,17,5,8,2.668348512437488,9
2593,104,17,33,7,2.6680602101105784,10
2594,96,12,49,6,2.667183302246175,6
2595,58,31,69,15,2.6642219625913843,16
2596,13,69,27,32,2.660377620233211,37
2597,40,24,27,13,2.6563176029466624,11
2598,20,14,73,6,2.6543798385197754,8
2599,55,52,11,22,2.6542455471400306,30
2600,57,13,36,5,2.6531160901053727,8
2601,78,38,63,18,2.64131494519658,20
2602,110,13,54,6,2.635884902993451,7
2603,95,49,16,24,2.6356538095774673,25
2604,51,12,22,5,2.6349206585516356,7
2605,95,34,39,16,2.633907594970311,18
2606,54,21,98,10,2.6338814908595602,11
2607,95,34,107,16,2.633836762476072,18
2608,76,25,88,12,2.6331924139366394,13
2609,65,37,76,15,2.6270092005408774,22
2610,39,42,28,20,2.6233394077803616,22
2611,16,66,62,28,2.613399783601711,38
2612,63,18,45,8,2.611830236832499,10
2613,40,29,1,13,2.6081027273161883,16
2614,50,37,51,18,2.606142976623963,19
2615,36,23,91,10,2.600483205457642,13
2616,89,18,65,8,2.600035591192778,10
2617,57,47,51,22,2.599162353840762,25
2618,62,12,77,5,2.5961939184273137,7
2619,102,27,37,12,2.5931875377695404,15
2620,28,71,65,31,2.5907378992374,40
2621,9,13,78,6,2.58338943616443,7
2622,33,15,88,6,2.581178022844097,9
2623,50,22,112,9,2.578275791966451,13
2624,81,14,108,7,2.5758573743146345,7
2625,1,29,51,14,2.574119304918465,15
2626,48,14,25,7,2.5710538086168517,7
2627,72,38,100,18,2.5664647192876506,20
2628,86,48,90,21,2.566035530404322,27
2629,3,16,90,8,2.5576823830304165,8
2630,78,18,38,8,2.556877487396379,10
2631,86,14,14,7,2.5565201304900285,7
2632,73,19,1,8,2.5534291003907317,11
2633,100,72,19,33,2.553184411046822,39
2634,27,77,107,34,2.551181419495729,43
2635,71,14,47,7,2.5504632262813383,7
2636,7,74,36,34,2.54935875079736,40
2637,30,19,90,9,2.5450399984722964,10
2638,7,24,50,11,2.5443339053873677,13
2639,54,22,41,10,2.5401886138093195,12
2640,97,35,65,16,2.539739428020559,19
2641,70,22,9,9,2.5390649499197586,13
2642,78,18,109,9,2.536529862707459,9
2643,8,14,89,6,2.5350410826092795,8
2644,39,50,19,21,2.5340484534854624,29
2645,3,43,43,20,2.5339116439874574,23
2646,40,60,88,27,2.532837544735202,33
2647,7,29,17,13,2.532089441361393,16
2648,12,26,34,12,2.5314437334068676,14
2649,61,10,62,5,2.53075507416622,5
2650,44,15,107,7,2.530544567099409,8
2651,99,19,30,8,2.530388293684778,11
2652,36,33,9,15,2.527924078037464,18
2653,68,27,46,12,2.520930145642669,15
2654,41,43,57,19,2.517948165849858,24
2655,97,18,29,8,2.5164381029243006,10
2656,12,15,36,7,2.516319942513756,8
2657,8,41,90,18,2.5105672039750777,23
2658,114,63,86,30,2.5031933128077988,33
2659,84,13,67,7,2.500709874534178,6
2660,8,99,107,48,2.4931340588437516,51
2661,71,27,9,12,2.485839871550415,15
2662,28,25,79,12,2.485405030035431,13
2663,87,58,28,28,2.477822962643624,30
2664,17,17,1,8,2.462761073509875,9
2665,102,32,25,15,2.460889696925051,17
2666,110,17,86,8,2.459712460283758,9
2667,40,10,84,5,2.4542210673969374,5
2668,58,16,50,8,2.4508398898046,8
2669,41,23,50,10,2.450545854937192,13
2670,16,166,51,80,2.450287889297634,86
2671,61,17,65,9,2.4487309858444046,8
2672,63,15,61,6,2.445410080263457,9
2673,32,10,50,6,2.4440541907162885,4
2674,23,56,7,26,2.4411917402729504,30
2675,68,53,3,26,2.437668230604428,27
2676,30,59,49,27,2.434364651937751,32
2677,14,19,51,7,2.433844123091522,12
2678,3,17,96,8,2.432078371197565,9
2679,15,29,103,15,2.430495029612442,14
2680,19,33,60,16,2.4285154178557,17
2681,108,12,77,5,2.416606044248865,7
2682,28,19,94,8,2.4149604753175544,11
2683,15,32,7,17,2.4130666365885896,15
2684,8,40,50,17,2.4122569104172085,23
2685,54,22,23,10,2.4071199385443034,12
2686,88,57,104,25,2.406185933878753,32
2687,74,14,33,7,2.401214003272284,7
2688,8,36,76,16,2.3997351089247143,20
2689,68,29,49,13,2.3981067861480576,16
2690,103,22,17,9,2.392207042438771,13
2691,13,89,86,39,2.3894389801807,50
2692,4,21,71,8,2.387175011736595,13
2693,96,25,104,11,2.386641983915838,14
2694,75,13,56,5,2.3840139649043484,8
2695,86,90,84,45,2.3816790899230798,45
2696,54,35,72,15,2.377824271514048,20
2697,71,40,107,17,2.376060967609246,23
2698,90,19,84,9,2.374748457023267,10
2699,15,19,53,9,2.3727260117842697,10
2700,47,30,27,14,2.3693232707121195,16
2701,25,32,63,16,2.3688265373602633,16
2702,40,24,50,10,2.367144047455048,14
2703,100,36,63,18,2.3654131253541655,18
2704,99,23,5,11,2.36162190226428,12
2705,70,34,76,16,2.358420872168424,18
2706,100,14,97,6,2.358325970901081,8
2707,77,19,95,9,2.3572647176547914,10
2708,96,14,109,6,2.3566759619593634,8
2709,8,27,17,13,2.354578898260205,14
2710,40,17,109,7,2.3545763145612293,10
2711,99,12,33,5,2.354570382478152,7
2712,3,13,66,6,2.354012830782651,7
2713,4,36,31,15,2.353535596679466,21
2714,79,10,96,5,2.351992111457352,5
2715,88,70,68,32,2.348799110697707,38
2716,78,10,45,5,2.343791897433706,5
2717,54,53,19,23,2.341961357489794,30
2718,51,47,43,23,2.330860573206868,24
2719,25,28,53,14,2.3301510854690863,14
2720,22,17,109,8,2.3288183807675726,9
2721,109,51,5,25,2.3285813949081624,26
2722,34,53,107,23,2.32807475083319,30
2723,84,35,50,17,2.3257021134383256,18
2724,9,38,63,18,2.3236980465974213,20
2725,104,21,102,11,2.3206272974702777,10
2726,41,48,68,23,2.3193714080338803,25
2727,3,23,61,8,2.318754532374438,15
2728,111,18,87,8,2.316389144833365,10
2729,88,32,91,15,2.315767764685106,17
2730,8,58,96,27,2.313991189820113,31
2731,71,31,63,14,2.311262987331468,17
2732,30,20,66,8,2.3100630962835167,12
2733,63,28,70,13,2.309911464577443,15
2734,76,13,69,5,2.308555624427584,8
2735,37,48,74,23,2.3055487942785935,25
2736,35,13,70,7,2.3047047876076423,6
2737,60,26,95,12,2.300035058084818,14
2738,100,24,5,11,2.293242743404467,13
2739,78,54,107,24,2.2922108526261185,30
2740,106,13,4,7,2.287883468044358,6
2741,8,76,28,35,2.28759259007733,41
2742,73,16,16,8,2.286947763730408,8
2743,104,30,15,14,2.284045030795471,16
2744,102,17,91,8,2.2820371803403163,9
2745,77,12,69,6,2.2797993708458937,6
2746,60,71,88,32,2.2792253464532273,39
2747,19,35,86,17,2.279118204453873,18
2748,65,14,92,7,2.2769844774151653,7
2749,40,14,74,6,2.2751378053719047,8
2750,13,48,77,22,2.274669714695046,26
2751,61,10,31,5,2.2696136748473625,5
2752,28,66,96,31,2.2674069446039304,35
2753,85,12,7,5,2.267272935114745,7
2754,98,16,17,8,2.2572460925395315,8
2755,74,13,41,7,2.2545650248033358,6
2756,95,30,25,14,2.253973143655666,16
2757,63,11,83,4,2.2518527555221,7
2758,86,16,113,7,2.2517990720455145,9
2759,70,10,27,5,2.2432632584575636,5
2760,108,13,65,7,2.2401098494637828,6
2761,4,26,114,13,2.2345648368573663,13
2762,46,18,65,7,2.232998478058108,11
2763,16,65,43,29,2.23205014084941,36
2764,90,16,25,7,2.2261576936837093,9
2765,78,18,20,9,2.2240641682142104,9
2766,75,23,84,11,2.2186834285684545,12
2767,12,44,87,20,2.2174304825929725,24
2768,5,50,96,22,2.21142719225076,28
2769,103,23,3,12,2.2075812155974703,11
2770,91,12,56,6,2.199268647174773,6
2771,88,93,51,48,2.1977114007256686,45
2772,60,32,75,15,2.194819750320694,17
2773,68,35,106,16,2.193685806982791,19
2774,17,38,39,17,2.193005161454297,21
2775,64,10,69,4,2.1864749506825825,6
2776,69,29,19,13,2.185778603018033,16
2777,55,24,77,11,2.1857007329001785,13
2778,43,46,60,22,2.1827960431073006,24
2779,30,21,23,9,2.1772258827264106,12
2780,58,17,77,7,2.1701174531712333,10
2781,5,10,29,4,2.165232041865749,6
2782,40,20,45,9,2.160407922723577,11
2783,3,17,79,7,2.155492099627798,10
2784,107,51,3,26,2.1479182304295343,25
2785,10,21,8,9,2.147315002146761,12
2786,91,32,107,14,2.146585680909241,18
2787,55,11,69,5,2.141856565606561,6
2788,71,39,39,18,2.1402119009407667,21
2789,102,22,74,10,2.1384304011801003,12
2790,66,13,31,6,2.1367157981218847,7
2791,8,26,102,13,2.1358165667375633,13
2792,107,22,89,11,2.1353078245406363,11
2793,2,12,61,5,2.133108515807604,7
2794,98,10,43,4,2.1302778964437667,6
2795,107,27,81,13,2.1289588783710056,14
2796,41,61,88,27,2.1276735354556675,34
2797,87,47,84,21,2.1270029438512728,26
2798,76,29,29,14,2.1257126582700185,15
2799,8,85,88,40,2.1249214472921283,45
2800,108,10,95,4,2.124107159080121,6
2801,102,32,114,14,2.1240842876015136,18
2802,7,62,9,31,2.12190310948229,31
2803,104,34,70,16,2.118226250740968,18
2804,53,11,70,5,2.1174802085363624,6
2805,86,50,12,23,2.1168910859065675,27
2806,20,21,76,11,2.1167459313721073,10
2807,50,56,107,27,2.1132862646405495,29
2808,69,11,25,5,2.112059751085251,6
2809,74,19,80,9,2.111602098778157,10
2810,43,20,84,10,2.109533709992988,10
2811,51,38,103,17,2.1077637688155493,21
2812,15,20,50,9,2.1074794936122783,11
2813,68,28,94,13,2.106511062546953,15
2814,112,11,35,6,2.1028820764336293,5
2815,33,22,11,12,2.098758142334807,10
2816,64,17,57,7,2.0964467583954445,10
2817,97,22,8,11,2.094799206270942,11
2818,39,52,53,24,2.09020456503957,28
2819,40,18,11,9,2.0894421004610075,9
2820,78,18,98,9,2.087336200306249,9
2821,64,43,68,18,2.0864244028015833,25
2822,60,19,83,9,2.080593849514111,10
2823,15,24,64,11,2.0793728687897084,13
2824,20,68,54,35,2.0740616245882637,33
2825,89,16,55,8,2.073523664632458,8
2826,60,33,109,15,2.073217635469296,18
2827,104,16,20,8,2.0724807758275627,8
2828,84,30,34,14,2.067010635537676,16
2829,103,61,16,31,2.0667754906904916,30
2830,57,19,20,9,2.0635570646445043,10
2831,68,78,27,36,2.0623498587984437,42
2832,109,28,102,13,2.052816303469014,15
2833,16,79,68,35,2.0462981602365193,44
2834,38,12,81,6,2.045838886192928,6
2835,57,33,43,14,2.0429921715194093,19
2836,45,14,68,6,2.0416275962437833,8
2837,12,14,7,7,2.0405365521973633,7
2838,11,18,93,10,2.0391902780828315,8
2839,91,14,114,7,2.031242634143403,7
2840,19,36,94,18,2.0287789057822354,18
2841,32,11,13,5,2.0261815070275424,6
2842,28,52,51,26,2.025017303726126,26
2843,109,30,3,15,2.0234963041221383,15
2844,17,34,50,17,2.0227689416055807,17
2845,68,65,107,32,2.0225872798417837,33
2846,16,54,70,24,2.0212880671139883,30
2847,114,27,17,11,2.021159075364864,16
2848,65,44,17,18,2.020871434980538,26
2849,49,40,65,19,2.019905367784044,21
2850,111,10,10,4,2.0194606727691027,6
2851,93,11,60,4,2.018629631632228,7
2852,68,29,70,14,2.015118158104632,15
2853,108,17,49,8,2.0140688009813696,9
2854,112,13,103,6,2.012520719272728,7
2855,83,22,97,12,2.0076368732075736,10
2856,17,38,107,18,2.007599164086747,20
2857,43,14,90,6,2.005339357933236,8
2858,48,29,11,13,2.003568336649414,16
2859,114,26,74,13,1.9975972531686852,13
2860,48,12,81,5,1.9888329395840285,7
2861,53,19,4,9,1.9876947928926743,10
2862,68,30,38,13,1.98112771845421,17
2863,76,19,108,9,1.9804363984704085,10
2864,72,12,18,4,1.9799025110918047,8
2865,20,12,108,6,1.9767306426900582,6
2866,88,32,70,15,1.9762934359596307,17
2867,91,10,100,5,1.9761570005978686,5
2868,43,13,20,7,1.9757611727063098,6
2869,38,24,19,10,1.973635448528057,14
2870,55,31,84,15,1.9725581442910776,16
2871,54,10,35,4,1.970607603878345,6
2872,43,53,94,25,1.9677758823914582,28
2873,102,11,95,5,1.9663297200367644,6
2874,28,33,91,15,1.9649527402335243,18
2875,41,24,112,11,1.9642201479007209,13
2876,80,11,97,5,1.9631828964682283,6
2877,41,21,78,9,1.9597162558523102,12
2878,50,18,29,9,1.959231338964665,9
2879,50,11,35,5,1.9581460146246819,6
2880,20,13,38,5,1.9557732518764164,8
2881,36,34,64,17,1.9485056781764578,17
2882,13,22,61,9,1.9474617025071013,13
2883,60,83,77,39,1.9458508982604699,44
2884,25,20,55,9,1.9429576796619987,11
2885,68,110,13,52,1.940217463837753,58
2886,107,38,112,19,1.9399789809753514,19
2887,23,14,31,6,1.9392936999416412,8
2888,110,13,104,5,1.938847445081051,8
2889,71,49,7,25,1.9387153694352726,24
2890,32,10,98,5,1.938005226383161,5
2891,66,21,51,10,1.937976697569533,11
2892,39,45,12,21,1.9360777741434771,24
2893,39,86,13,40,1.9354509403757694,46
2894,23,14,97,7,1.9330528734436583,7
2895,65,30,84,14,1.928864673268391,16
2896,70,19,40,8,1.9276789997691242,11
2897,62,14,20,6,1.9258934793847264,8
2898,7,22,80,11,1.9253912621503408,11
2899,102,23,51,11,1.9242622041835236,12
2900,114,21,18,10,1.9235772497574426,11
2901,62,23,11,11,1.921949906489989,12
2902,97,32,106,16,1.9159665785715103,16
2903,110,11,17,5,1.9155371371930712,6
2904,8,65,74,29,1.9128656065638743,36
2905,17,39,34,20,1.911801999559805,19
2906,68,38,1,18,1.9099752765436635,20
2907,37,20,109,9,1.908398750070837,11
2908,93,12,9,5,1.9054646427528432,7
2909,30,12,111,5,1.9021634173356627,7
2910,55,27,99,12,1.895072402151854,15
2911,85,12,98,5,1.892963761582925,7
2912,20,49,37,24,1.8903169533308848,25
2913,71,44,86,22,1.8883807510456327,22
2914,25,23,64,11,1.8857238852847764,12
2915,96,16,30,7,1.8850748786904798,9
2916,2,41,8,20,1.8848654476169666,21
2917,98,17,19,7,1.875761702707658,10
2918,39,62,27,28,1.8742568395293475,34
2919,104,11,45,5,1.871427106049844,6
2920,30,16,81,8,1.8705842587540351,8
2921,104,15,92,8,1.8690561053420138,7
2922,8,62,51,30,1.8690209653489374,32
2923,53,13,47,6,1.867452050486345,7
2924,72,11,40,5,1.8619895873138226,6
2925,40,65,51,31,1.859461479744615,34
2926,93,21,97,10,1.8583722279909525,11
2927,91,21,37,10,1.8556528279471618,11
2928,106,15,66,6,1.8543998994283266,9
2929,53,22,97,10,1.8492466822191047,12
2930,50,13,73,5,1.8439270323254195,8
2931,12,18,85,9,1.8411131730635333,9
2932,84,38,96,19,1.8356486827006806,19
2933,17,18,38,8,1.835044678880425,10
2934,95,22,20,11,1.8350043196326213,11
2935,87,59,60,30,1.8306535239042798,29
2936,74,29,13,14,1.8278354237299024,15
2937,54,21,62,10,1.827204044946486,11
2938,13,44,75,20,1.82625422828726,24
2939,65,27,103,11,1.8249477039118196,16
2940,86,166,87,82,1.8235874765182574,84
2941,102,13,99,6,1.821289341303691,7
2942,76,25,37,10,1.8207875520541696,15
2943,39,51,47,23,1.8181044973460996,28
2944,62,33,3,15,1.816538674196634,18
2945,55,18,29,9,1.8130539080836594,9
2946,40,18,111,9,1.8104998545748747,9
2947,36,22,25,11,1.807144013826855,11
2948,70,57,86,26,1.80463722039498,31
2949,51,34,31,14,1.8036645224364263,20
2950,29,18,9,9,1.8021042570677095,9
2951,66,21,72,9,1.7965213010940455,12
2952,88,13,45,7,1.7936864388197336,6
2953,107,33,85,16,1.7927255981297012,17
2954,114,35,39,18,1.7909993968165154,17
2955,20,19,48,8,1.7888857426975104,11
2956,97,27,46,13,1.7888516310767923,14
2957,37,25,90,12,1.7816453937181727,13
2958,13,52,109,25,1.7813150961921804,27
2959,65,95,107,45,1.7733589716431564,50
2960,29,18,23,9,1.768903884608291,9
2961,77,37,65,19,1.7628418764366445,18
2962,53,51,65,25,1.7628403003306898,26
2963,49,35,12,20,1.7607112611745601,15
2964,47,17,64,9,1.7592861616871205,8
2965,37,98,5,47,1.7580752219846099,51
2966,54,78,8,34,1.7565177133908374,44
2967,50,48,11,23,1.7551842799258404,25
2968,85,17,88,8,1.7507571303795118,9
2969,79,23,107,10,1.7474071801332398,13
2970,76,38,39,16,1.7471597636311915,22
2971,50,26,64,13,1.7443555357645693,13
2972,76,30,27,13,1.7427067110546455,17
2973,87,106,65,50,1.7422362472746826,56
2974,60,33,36,16,1.7416473627060738,17
2975,18,11,6,5,1.7414584600944842,6
2976,36,37,88,16,1.7392851936744356,21
2977,15,61,19,28,1.7375642511304916,33
2978,9,23,112,10,1.7370284161007252,13
2979,72,26,8,14,1.7357525504172742,12
2980,111,16,9,7,1.7347101097492736,9
2981,16,27,44,12,1.7334648777380284,15
2982,106,38,96,17,1.7318320126651967,21
2983,32,13,68,5,1.7311662598089266,8
2984,60,24,1,11,1.730552170717301,13
2985,81,20,65,9,1.7279340652419977,11
2986,77,10,28,5,1.7274479044716262,5
2987,8,98,55,49,1.7228795986298449,49
2988,47,21,72,8,1.72259491799794,13
2989,88,25,77,11,1.7210000447837095,14
2990,104,24,83,10,1.7171480590838881,14
2991,11,45,57,24,1.7156170309875869,21
2992,5,51,54,23,1.7127518345022985,28
2993,88,62,28,29,1.7102908597256317,33
2994,77,10,2,5,1.7047420693819304,5
2995,36,15,23,9,1.697287527418564,6
2996,63,17,95,8,1.6923751834394967,9
2997,100,16,108,7,1.6907369085377821,9
2998,15,73,86,33,1.6901086739271776,40
2999,49,29,9,15,1.6896562395419936,14
3000,73,20,28,10,1.687006788072292,10
3001,55,58,88,25,1.6855630045879748,33
3002,55,40,106,18,1.6835382667235024,22
3003,60,55,65,29,1.6783178278450503,26
3004,63,45,7,18,1.673573876629926,27
3005,48,14,104,6,1.673511883025235,8
3006,39,16,97,7,1.6730198449243052,9
3007,46,39,28,17,1.6724095749961827,22
3008,11,23,94,10,1.671556142402879,13
3009,45,28,31,13,1.6710870406691025,15
3010,17,17,112,8,1.670998049379022,9
3011,85,21,16,9,1.6660938255041766,12
3012,114,13,34,7,1.6642874528280043,6
3013,63,24,47,10,1.6623324282821739,14
3014,23,13,81,6,1.6622119189863749,7
3015,16,141,13,65,1.6599751006476249,76
3016,65,32,78,14,1.6591985354938161,18
3017,114,32,20,15,1.6576211464865755,17
3018,41,52,27,23,1.6572579480483398,29
3019,41,30,1,13,1.6558361653082903,17
3020,13,27,89,12,1.6525250905943454,15
3021,36,23,68,11,1.651168634820273,12
3022,30,51,51,24,1.647193986120048,27
3023,90,29,60,13,1.6457427964007343,16
3024,51,44,53,20,1.6429897779275473,24
3025,6,18,68,10,1.6346986227731617,8
3026,100,67,30,30,1.629997045143956,37
3027,15,45,68,19,1.6294858409584934,26
3028,64,12,84,7,1.6272082249846804,5
3029,106,46,88,20,1.6248459493396556,26
3030,48,20,7,9,1.6235545275854792,11
3031,69,18,20,8,1.617076755581312,10
3032,87,59,109,26,1.6142555807569898,33
3033,17,14,80,6,1.6140041509212482,8
3034,11,50,54,24,1.607549787842085,26
3035,23,25,39,12,1.6026707438333576,13
3036,87,90,39,43,1.600114902932825,47
3037,51,56,37,24,1.5992269438266569,32
3038,14,11,75,5,1.594721022285634,6
3039,65,53,106,25,1.5924392992470846,28
3040,65,114,63,54,1.5897439715876234,60
3041,114,42,7,19,1.5876978285125964,23
3042,84,13,15,6,1.5874503501072996,7
3043,104,18,23,10,1.586371905318577,8
3044,2,15,25,8,1.5845186001024,7
3045,2,34,97,16,1.581483466739766,18
3046,86,87,20,41,1.5804412903724692,46
3047,55,22,90,12,1.578656952498875,10
3048,76,20,95,10,1.5773440780858254,10
3049,72,33,77,16,1.576392413455525,17
3050,74,59,16,29,1.5763144198537753,30
3051,96,34,88,17,1.5755489762598094,17
3052,16,78,19,34,1.570731409745053,44
3053,4,61,13,28,1.56876063127331,33
3054,63,43,50,20,1.5679692322282546,23
3055,41,30,76,16,1.5545113360773017,14
3056,80,20,11,10,1.5532652275466894,10
3057,60,32,9,14,1.541763907829675,18
3058,60,80,7,38,1.5400508999434617,42
3059,68,19,81,9,1.5385400494517059,10
3060,22,10,86,5,1.5381482899799122,5
3061,87,84,88,41,1.5378403182051705,43
3062,94,35,107,14,1.5336456044178703,21
3063,98,13,79,6,1.5335435073226167,7
3064,100,35,62,17,1.533358461130816,18
3065,114,20,84,9,1.5282826629009736,11
3066,35,14,37,7,1.523131742310598,7
3067,46,12,55,5,1.514859018089967,7
3068,48,22,51,12,1.5097133525836235,10
3069,8,66,11,32,1.5090926243536666,34
3070,27,53,11,25,1.506768298365152,28
3071,68,53,63,25,1.50575560658607,28
3072,23,24,3,11,1.50147747590911,13
3073,87,19,44,9,1.4991328763816036,10
3074,46,52,5,24,1.4974094901037533,28
3075,107,47,25,23,1.4967278623744338,24
3076,112,16,11,8,1.4950492246382474,8
3077,7,76,40,34,1.4944388547190346,42
3078,2,23,74,10,1.4920197761473226,13
3079,88,16,94,9,1.488282221240778,7
3080,3,23,50,11,1.4863990456698133,12
3081,60,74,71,35,1.4843115108657066,39
3082,64,18,77,7,1.4804278853158328,11
3083,37,38,17,16,1.479924510472103,22
3084,103,17,79,8,1.4762996181953671,9
3085,11,69,46,32,1.475955194869014,37
3086,106,50,11,21,1.4751786277994416,29
3087,35,24,7,12,1.4676220715119486,12
3088,6,13,69,7,1.4672562795661197,6
3089,2,47,50,22,1.4655399199134267,25
3090,6,10,49,4,1.4632163711361081,6
3091,107,133,86,64,1.461692051768488,69
3092,31,21,47,10,1.4606130980712677,11
3093,12,18,52,8,1.4597821535609574,10
3094,25,23,83,10,1.459720188055504,13
3095,91,14,90,7,1.453639559044283,7
3096,65,33,80,16,1.4513664238423436,17
3097,106,55,63,27,1.448556681809942,28
3098,75,44,39,23,1.4473715172929777,21
3099,12,21,38,10,1.44606768522066,11
3100,99,14,27,6,1.4451774655149798,8
3101,60,31,38,14,1.4428263879251877,17
3102,65,33,69,16,1.4425642416495112,17
3103,19,22,112,11,1.4419647960353517,11
3104,20,21,97,11,1.4395279608818752,10
3105,50,28,25,14,1.4391705454909005,14
3106,78,16,37,7,1.4372893343885693,9
3107,89,18,104,9,1.4266934178162882,9
3108,36,35,45,19,1.423273124508118,16
3109,65,39,111,17,1.4217415135333136,22
3110,88,24,35,12,1.4205575592973045,12
3111,1,11,53,5,1.4196819324858239,6
3112,43,22,89,11,1.4194206863060292,11
3113,30,23,106,11,1.4150001393849174,12
3114,91,31,13,16,1.4116323180698622,15
3115,30,102,87,48,1.4086000940868575,54
3116,58,18,63,10,1.4081792647741072,8
3117,12,20,71,10,1.4059148964814137,10
3118,46,25,9,13,1.4052752923291445,12
3119,70,17,95,9,1.4011695857654891,8
3120,94,14,50,6,1.3968135010800529,8
3121,74,12,98,6,1.394136813126094,6
3122,19,29,12,16,1.3921833318008658,13
3123,95,12,80,6,1.3888115326852126,6
3124,78,39,60,19,1.3880149342170625,20
3125,12,20,54,9,1.384621823803449,11
3126,36,11,29,6,1.3837445576600509,5
3127,1,15,39,9,1.3816919606844615,6
3128,62,14,84,7,1.3810102415014267,7
3129,106,30,41,15,1.3806292559177726,15
3130,34,16,63,8,1.3800770563582485,8
3131,52,11,55,5,1.3787566985994324,6
3132,13,50,72,24,1.3783005394477663,26
3133,94,22,65,12,1.3778845805510187,10
3134,102,35,16,17,1.3778170799309744,18
3135,39,37,62,17,1.3681155062123813,20
3136,87,61,55,30,1.3657748995370722,31
3137,25,26,30,14,1.363384718034573,12
3138,41,35,40,18,1.358626645359705,17
3139,107,29,72,14,1.3573663474928257,15
3140,65,62,12,31,1.3569449640146096,31
3141,50,70,54,34,1.3558875691745103,36
3142,97,37,88,18,1.3490743629309014,19
3143,108,17,40,9,1.3479697301696891,8
3144,30,75,19,35,1.346092582216679,40
3145,8,44,104,21,1.3410693202324964,23
3146,6,10,23,5,1.3385415186806267,5
3147,103,12,90,6,1.3321471247660872,6
3148,29,49,87,23,1.3294428797908011,26
3149,91,15,57,8,1.3279179810680901,7
3150,88,38,18,19,1.3242817719460485,19
3151,30,26,20,12,1.3242322044980908,14
3152,16,48,48,25,1.3151995623254895,23
3153,8,37,49,18,1.3149639444189236,19
3154,62,32,65,16,1.314337298660698,16
3155,39,12,35,6,1.3133463941159178,6
3156,94,11,40,5,1.3131730085845268,6
3157,112,32,65,16,1.3122977163439495,16
3158,68,52,9,25,1.3104638696206712,27
3159,32,14,51,7,1.3093866254236395,7
3160,41,28,114,14,1.307338108043566,14
3161,89,14,54,8,1.307143033608218,6
3162,107,74,63,39,1.3057879270213837,35
3163,5,44,13,21,1.3023509853743034,23
3164,15,43,3,21,1.2986671498534934,22
3165,90,16,11,7,1.2972611451953264,9
3166,7,22,8,10,1.2952715014492373,12
3167,88,39,4,19,1.294921220761057,20
3168,23,50,86,24,1.2941840707557497,26
3169,76,28,103,11,1.289556226191749,17
3170,51,19,99,10,1.2892082407104484,9
3171,84,39,54,18,1.2888377317643187,21
3172,39,53,57,25,1.2848347183559061,28
3173,34,10,91,5,1.2767116469837227,5
3174,57,13,35,5,1.2766228565175344,8
3175,16,86,49,40,1.2741345970289795,46
3176,71,11,1,6,1.2732152302328021,5
3177,78,23,94,11,1.2724005748443534,12
3178,60,29,28,16,1.272111001147211,13
3179,92,12,107,5,1.2625916923530776,7
3180,29,29,103,13,1.2624231090137503,16
3181,47,17,19,8,1.2608828610261413,9
3182,93,10,79,5,1.2606355667564615,5
3183,114,18,49,10,1.2604600332250735,8
3184,17,42,13,21,1.2570532505054286,21
3185,3,48,60,23,1.2557519839574753,25
3186,13,61,9,28,1.2504419702657084,33
3187,103,10,64,6,1.2486110723247315,4
3188,30,11,1,5,1.2471291746436628,6
3189,11,31,74,15,1.2464065422784565,16
3190,71,25,31,12,1.2380158081615484,13
3191,39,42,50,20,1.237297066410004,22
3192,28,39,25,17,1.2338977751460145,22
3193,66,16,9,7,1.2335487286820452,9
3194,57,18,98,9,1.2285137928950534,9
3195,64,31,100,14,1.227212603738323,17
3196,55,17,41,8,1.220974525083998,9
3197,112,51,16,25,1.2207004808764241,26
3198,107,46,70,24,1.2201940929331918,22
3199,71,37,88,16,1.218508421155273,21
3200,68,76,86,38,1.2119867018677173,38
3201,100,15,95,8,1.211712685466525,7
3202,25,33,97,16,1.2112097532933517,17
3203,8,33,48,16,1.2090868114966704,17
3204,28,65,5,32,1.2040234196998174,33
3205,39,49,104,23,1.199507058187589,26
3206,72,14,91,6,1.1989473238903479,8
3207,52,12,19,5,1.193969189324495,7
3208,25,67,16,32,1.1932865297100734,35
3209,68,18,74,7,1.1930607364890244,11
3210,15,82,39,37,1.1910711086328984,45
3211,78,33,30,16,1.1878104510057075,17
3212,87,16,110,7,1.1878037867151132,9
3213,76,31,96,14,1.1853039288193863,17
3214,30,74,107,34,1.1808269521468886,40
3215,33,12,77,6,1.1756675735500741,6
3216,83,35,55,18,1.174944809247691,17
3217,44,13,75,7,1.169380882277211,6
3218,108,43,107,20,1.1650594254489712,23
3219,70,24,41,13,1.154537329956712,11
3220,47,12,94,6,1.1540186483091397,6
3221,89,18,100,9,1.1534045864447124,9
3222,99,14,98,6,1.1506101967982687,8
3223,79,17,7,8,1.150116600366683,9
3224,51,19,58,9,1.150079328736186,10
3225,39,14,98,6,1.1463977441558346,8
3226,8,14,56,7,1.138262181129431,7
3227,87,26,52,13,1.137456454355296,13
3228,95,11,64,6,1.1310441974354588,5
3229,36,26,106,13,1.1307287364062795,13
3230,3,26,31,14,1.1304098830558913,12
3231,79,17,88,8,1.1249704502892566,9
3232,28,25,57,12,1.1208866402447313,13
3233,87,39,75,19,1.1179899946467948,20
3234,29,19,7,7,1.117067463392933,12
3235,76,24,62,12,1.1133864180024142,12
3236,73,13,55,6,1.1082443575059628,7
3237,57,83,86,41,1.1065510041049509,42
3238,76,19,90,8,1.1063912818109187,11
3239,4,32,107,15,1.1053879522342496,17
3240,96,18,2,9,1.1039761816908875,9
3241,27,37,57,19,1.1033906612223556,18
3242,27,34,62,18,1.1030350968388563,16
3243,70,39,106,20,1.1024614638047314,19
3244,34,24,50,12,1.1020664531949347,12
3245,18,35,41,18,1.098384167284529,17
3246,42,14,69,7,1.0889746986073447,7
3247,93,11,94,4,1.0822019157683678,7
3248,16,50,114,23,1.0800239999714518,27
3249,75,27,74,12,1.0761366724331511,15
3250,64,19,97,9,1.0748997556853976,10
3251,28,61,109,28,1.0738097371372834,33
3252,46,13,103,6,1.0718715021600824,7
3253,88,21,89,10,1.0718351353910898,11
3254,9,16,97,9,1.0715415510849877,7
3255,67,20,37,9,1.070770052763525,11
3256,58,14,71,7,1.0679524363994424,7
3257,38,25,29,13,1.061634520227821,12
3258,43,23,18,13,1.0606855017502181,10
3259,53,10,11,5,1.0584164636006825,5
3260,100,28,94,11,1.0558147223870034,17
3261,86,39,38,18,1.0547313169805967,21
3262,71,18,45,10,1.0500246166344471,8
3263,3,17,45,8,1.0474607494428387,9
3264,54,87,107,43,1.0459631443463522,44
3265,104,23,17,11,1.0458379273038076,12
3266,80,17,60,9,1.0365050448794264,8
3267,51,26,98,12,1.0350716186396878,14
3268,104,38,74,17,1.0321539192468763,21
3269,19,29,88,15,1.0300321093866873,14
3270,20,28,7,14,1.028463156476079,14
3271,63,20,44,9,1.0233184771026445,11
3272,64,12,90,6,1.0226762518657313,6
3273,79,13,9,7,1.0203716742776936,6
3274,62,20,102,10,1.0150435010889975,10
3275,20,17,85,8,1.0120202947249686,9
3276,53,25,81,12,1.007220979224658,13
3277,91,20,18,9,1.0069076377111847,11
3278,114,11,93,6,1.0049906589581667,5
3279,16,71,72,33,1.0014846684760619,38
3280,102,17,20,8,0.998998103601371,9
3281,86,90,8,47,0.997728516355561,43
3282,15,54,107,23,0.9897610113265456,31
3283,43,13,48,7,0.9891423928749106,6
3284,37,42,65,19,0.988736357368918,23
3285,69,32,107,15,0.9867318989974718,17
3286,54,19,112,9,0.9843355592348286,10
3287,43,10,92,4,0.9836040223889839,6
3288,86,38,2,20,0.9822306710469796,18
3289,86,33,53,14,0.9815337209274286,19
3290,93,19,84,8,0.9776365381665071,11
3291,61,13,39,7,0.9776304076631862,6
3292,68,15,102,7,0.9774478191416416,8
3293,107,65,5,32,0.9748363761521168,33
3294,70,10,62,5,0.9747108971050832,5
3295,39,31,103,16,0.9710241429122526,15
3296,7,91,65,47,0.9659125099226098,44
3297,64,31,54,16,0.9657949359583461,15
3298,46,30,76,15,0.9643502071522799,15
3299,77,35,18,15,0.9630191535077136,20
3300,71,34,8,17,0.9628252268322728,17
3301,96,60,107,28,0.9618592892676057,32
3302,8,45,30,23,0.9612400698553699,22
3303,104,38,106,19,0.9604760273979267,19
3304,16,42,90,21,0.9573403546161362,21
3305,11,35,78,18,0.953806154754928,17
3306,63,23,53,11,0.9461903574639025,12
3307,51,37,23,18,0.934992507833205,19
3308,55,24,4,12,0.9256101911535765,12
3309,95,32,7,15,0.9236786450564196,17
3310,75,27,114,13,0.9181862737012535,14
3311,88,68,49,33,0.9156599093700057,35
3312,114,17,11,7,0.9149797782337717,10
3313,3,17,93,10,0.909396354086001,7
3314,76,41,19,20,0.9084954347676495,21
3315,36,35,75,19,0.9076169876586814,16
3316,65,26,34,12,0.9055829774971613,14
3317,6,14,50,7,0.9048960894988062,7
3318,60,12,111,7,0.901998030050083,5
3319,62,14,50,6,0.9017457082495477,8
3320,77,47,86,23,0.9006818198683884,24
3321,78,17,55,9,0.9002458878614119,8
3322,76,29,3,14,0.8973048699158003,15
3323,107,91,28,43,0.8970764795683025,48
3324,39,24,70,11,0.8958543413772162,13
3325,106,71,28,34,0.8945808420172994,37
3326,65,16,52,7,0.8934919273094462,9
3327,39,18,89,8,0.8933119553911174,10
3328,30,61,60,27,0.8915176832148597,34
3329,55,27,3,13,0.889351927209094,14
3330,9,19,69,9,0.8879210172039291,10
3331,11,57,63,30,0.8821148489049314,27
3332,13,21,102,9,0.8799691401622274,12
3333,83,21,88,11,0.8798897555023121,10
3334,39,57,41,30,0.8789438186559105,27
3335,19,36,65,18,0.8764123836668221,18
3336,12,13,29,6,0.8751444942400031,7
3337,41,15,48,7,0.8735829617761527,8
3338,104,22,43,10,0.8731107554850521,12
3339,72,62,87,31,0.8724807058025102,31
3340,27,15,1,6,0.8721383199452204,9
3341,60,17,84,10,0.8716143564890761,7
3342,47,39,87,18,0.865634256080447,21
3343,10,10,114,4,0.8617397018011357,6
3344,27,14,20,7,0.8592360695737239,7
3345,60,98,16,48,0.8590090980159062,50
3346,58,12,11,6,0.85682156486179,6
3347,16,10,22,5,0.856518199490958,5
3348,77,35,29,16,0.8478982804535968,19
3349,79,23,84,11,0.8428978656974995,12
3350,109,24,48,12,0.8411341409765832,12
3351,100,13,52,7,0.8342784296066278,6
3352,13,34,34,17,0.8338743360773314,17
3353,80,18,48,8,0.8324696586719836,10
3354,2,16,46,8,0.8285194662826778,8
3355,29,12,106,6,0.8264692442725412,6
3356,16,84,15,41,0.8261464483814009,43
3357,81,27,88,13,0.8225284845495021,14
3358,84,15,95,7,0.8218033746912392,8
3359,114,19,45,9,0.820568913201756,10
3360,13,15,35,7,0.81376153494348,8
3361,64,48,88,22,0.8099410279440211,26
3362,56,14,40,7,0.8062835825274118,7
3363,30,26,40,13,0.8045580871786273,13
3364,64,31,27,15,0.8011389808774306,16
3365,27,13,58,7,0.8008533054928186,6
3366,2,22,88,11,0.7956469041111253,11
3367,1,36,107,18,0.792741418555241,18
3368,28,16,89,7,0.7901986413516666,9
3369,16,50,29,25,0.7901683160673684,25
3370,75,14,33,6,0.7900898585820573,8
3371,65,54,15,27,0.7874769892970612,27
3372,4,18,104,10,0.7872554057904755,8
3373,109,16,47,8,0.7871811619003324,8
3374,75,58,65,29,0.7869787896039603,29
3375,41,11,62,6,0.7841014738090383,5
3376,86,71,55,34,0.7822374537962807,37
3377,87,22,99,10,0.7762165713325079,12
3378,88,32,69,15,0.7753807063240763,17
3379,51,94,107,41,0.7666335108845104,53
3380,68,64,60,33,0.7655380923161711,31
3381,72,11,41,5,0.7629856468591792,6
3382,86,85,3,43,0.7579969564822142,42
3383,8,68,37,34,0.7513899671656665,34
3384,14,15,13,6,0.751185424264851,9
3385,3,24,34,12,0.7473309116778468,12
3386,51,15,44,9,0.7467242677105251,6
3387,46,24,84,11,0.7446057703540031,13
3388,107,43,97,21,0.7437976748281456,22
3389,36,13,74,5,0.7437175733038418,8
3390,33,34,16,19,0.7432550568871182,15
3391,51,70,60,31,0.7425255110016812,39
3392,7,12,108,5,0.7404080910313966,7
3393,25,24,15,13,0.7394428200536313,11
3394,43,24,68,11,0.7378419907186212,13
3395,40,77,86,36,0.735275767181436,41
3396,28,57,11,27,0.733863128330741,30
3397,103,12,106,5,0.7328239321562169,7
3398,95,41,5,21,0.7316066534315495,20
3399,45,10,55,5,0.7308764126459003,5
3400,68,89,51,41,0.7293513016782857,48
3401,71,10,96,5,0.7278695572627853,5
3402,57,10,4,4,0.7276499847388465,6
3403,92,31,88,15,0.7260589770500642,16
3404,39,26,34,13,0.725258876632991,13
3405,30,107,86,50,0.7231836500116976,57
3406,37,51,28,24,0.7168710662114339,27
3407,61,18,40,9,0.715489570683085,9
3408,8,72,106,37,0.7133251026811394,35
3409,20,37,106,18,0.712249966486841,19
3410,43,18,71,10,0.7122285277146779,8
3411,8,21,43,9,0.7074712609529007,12
3412,64,23,38,11,0.707451399642146,12
3413,106,18,27,7,0.7074485049679642,11
3414,33,16,90,8,0.7072399112118868,8
3415,50,48,13,24,0.7071100303020296,24
3416,16,69,78,33,0.7066533883926572,36
3417,15,53,72,24,0.7032027477348934,29
3418,38,12,98,6,0.7017621857638808,6
3419,9,29,58,14,0.7005683312894725,15
3420,50,29,9,14,0.6932669196756267,15
3421,100,19,85,9,0.692145009111035,10
3422,57,44,13,23,0.6915873161571551,21
3423,50,64,86,33,0.6879607464485774,31
3424,78,29,84,15,0.6870815538251351,14
3425,108,26,27,12,0.6834807480145316,14
3426,18,19,25,10,0.6816652439852796,9
3427,51,21,112,10,0.6806874161227705,11
3428,29,24,8,10,0.6801150064661755,14
3429,100,45,8,22,0.6740286037032667,23
3430,93,18,37,8,0.6735242225279052,10
3431,81,33,60,16,0.6720214795360957,17
3432,71,24,55,13,0.6670673084821276,11
3433,114,14,38,7,0.6611905347022533,7
3434,68,76,65,38,0.6569278898882531,38
3435,29,37,27,17,0.6550507246049277,20
3436,74,16,90,9,0.65421251535055,7
3437,30,45,54,22,0.6533350069222001,23
3438,89,14,20,7,0.6517474521119659,7
3439,49,34,7,16,0.6498930091293172,18
3440,50,19,12,11,0.6495798025400275,8
3441,75,50,88,24,0.6490595256191717,26
3442,108,33,86,15,0.6486162394260825,18
3443,12,24,72,13,0.6447239607495513,11
3444,12,11,48,6,0.6408934180995783,5
3445,85,15,69,7,0.6408165415497196,8
3446,25,25,41,14,0.6394054706376694,11
3447,6,18,51,10,0.6381605805799537,8
3448,50,22,43,12,0.638144064643618,10
3449,111,17,36,8,0.6365354853619519,9
3450,114,25,57,12,0.6360628493802909,13
3451,13,34,20,16,0.6324978295967632,18
3452,4,28,64,13,0.6316212138641669,15
3453,87,11,22,4,0.6297643541071193,7
3454,29,28,11,14,0.6269540141749622,14
3455,49,57,19,28,0.6247464980972953,29
3456,36,33,71,17,0.6241330409639588,16
3457,9,17,81,8,0.6212818094890723,9
3458,13,37,38,16,0.6182539895934904,21
3459,40,12,38,5,0.617907919478443,7
3460,31,22,58,11,0.616855370373501,11
3461,84,31,109,16,0.6140907141877971,15
3462,18,41,51,22,0.6112173709018481,19
3463,11,17,66,9,0.6066389252465793,8
3464,91,16,70,7,0.6063303701253766,9
3465,63,33,27,15,0.6027831371099337,18
3466,71,32,106,15,0.6009609652453838,17
3467,71,10,23,4,0.6000287508458293,6
3468,41,81,13,41,0.5989752680993187,40
3469,79,22,8,10,0.596047638444006,12
3470,92,16,60,7,0.5957676389999472,9
3471,78,27,88,14,0.5921971540070259,13
3472,27,21,81,11,0.5892882671628247,10
3473,78,15,64,8,0.588996507671626,7
3474,76,15,47,5,0.588563411772887,10
3475,76,13,36,4,0.5885035889042637,9
3476,88,28,90,13,0.5882010889982927,15
3477,49,104,13,55,0.5846000730729474,49
3478,13,27,45,13,0.582600698562669,14
3479,80,38,54,20,0.5821478148214465,18
3480,15,17,17,9,0.5792844725575113,8
3481,15,38,49,17,0.5785889814539278,21
3482,28,26,98,11,0.5775231479620817,15
3483,38,49,16,28,0.5767515413583254,21
3484,70,33,51,17,0.5766573461400448,16
3485,88,60,9,29,0.5756732724314684,31
3486,41,32,75,17,0.57538170131953,15
3487,100,13,6,6,0.5735558500429735,7
3488,69,15,71,8,0.5724150990318982,7
3489,51,86,87,41,0.5720220813764503,45
3490,38,17,54,9,0.57154398061848,8
3491,38,21,72,12,0.5682658508485299,9
3492,64,17,81,8,0.5669312262343831,9
3493,71,13,78,6,0.56619632387446,7
3494,46,59,54,30,0.5648265575704047,29
3495,29,46,107,19,0.5632439741481244,27
3496,83,10,2,5,0.5594397265150789,5
3497,12,36,18,17,0.5552787845895437,19
3498,34,19,104,9,0.5522514451212648,10
3499,51,80,3,36,0.5511280186493395,44
3500,74,44,54,21,0.5510628960849681,23
3501,92,17,7,7,0.5480230211986085,10
3502,39,53,63,30,0.5419385401942971,23
3503,53,60,13,31,0.5402800765193213,29
3504,106,10,1,5,0.5396528610114324,5
3505,11,36,34,18,0.5383465572800401,18
3506,95,16,33,8,0.5370243042245884,8
3507,6,22,107,11,0.5355439544398269,11
3508,17,11,88,4,0.5330720941070787,7
3509,100,26,69,13,0.5321674487070288,13
3510,86,85,109,42,0.5274806409595308,43
3511,34,15,90,7,0.5269213195319896,8
3512,4,24,77,12,0.5234491201479384,12
3513,97,10,43,5,0.5231950290778637,5
3514,74,14,27,8,0.5219215520059601,6
3515,19,19,58,9,0.5170046436181134,10
3516,112,10,66,4,0.5146742754382652,6
3517,77,41,68,22,0.5121657638503938,19
3518,4,18,9,9,0.5118055197130298,9
3519,102,10,80,5,0.5115806857227753,5
3520,54,41,7,20,0.5072416292031929,21
3521,111,51,68,26,0.5032623987049997,25
3522,60,70,107,34,0.5012676015682206,36
3523,88,35,31,18,0.4999807976090581,17
3524,27,70,51,34,0.4948308352487511,36
3525,62,12,97,6,0.490051403125013,6
3526,84,80,107,39,0.48662393295564865,41
3527,88,40,20,21,0.4827222531499379,19
3528,107,72,114,36,0.4790116249707105,36
3529,95,28,74,13,0.4784255086028103,15
3530,103,34,72,15,0.4783561928171,19
3531,25,51,39,26,0.47594650511842773,25
3532,35,27,16,14,0.47530728474768946,13
3533,7,60,18,31,0.4748651156903118,29
3534,63,42,5,18,0.4718441296207792,24
3535,86,58,9,30,0.4708339780440975,28
3536,57,19,49,9,0.46922620201310355,10
3537,65,54,31,26,0.4691388746969232,28
3538,7,10,22,5,0.46832977832412503,5
3539,5,10,78,6,0.46671252280804226,4
3540,106,101,86,50,0.4658315283344795,51
3541,72,20,7,10,0.4656889241153326,10
3542,65,11,21,6,0.46273082007848293,5
3543,107,36,46,19,0.458246310756249,17
3544,109,25,77,13,0.45582661004315234,12
3545,106,45,50,21,0.450853387486715,24
3546,13,33,112,17,0.44654566712440297,16
3547,80,11,9,7,0.4439834453330443,4
3548,12,39,16,19,0.4428683237403392,20
3549,51,57,9,27,0.4352315862268978,30
3550,40,49,63,25,0.43519783962840436,24
3551,40,43,31,22,0.4296271974626762,21
3552,114,23,43,10,0.4272286402576001,13
3553,30,33,72,16,0.42545502501312127,17
3554,27,15,61,8,0.4250644477983035,7
3555,19,38,68,18,0.42324455085255824,20
3556,112,18,69,10,0.4198013383725023,8
3557,16,31,98,16,0.41976347120600754,15
3558,5,14,38,7,0.41683785462955975,7
3559,109,30,34,15,0.41518711983885753,15
3560,31,33,86,17,0.41076921803924654,16
3561,96,39,55,20,0.40999901205957556,19
3562,50,18,79,9,0.40910464935228613,9
3563,54,73,87,37,0.40813666924427155,36
3564,17,11,26,5,0.4065653808604262,6
3565,60,35,18,17,0.40000420272155157,18
3566,30,36,76,16,0.3981600676012833,20
3567,102,14,84,7,0.3912018744364834,7
3568,8,13,44,6,0.3904420875790021,7
3569,50,19,89,9,0.3889433495588358,10
3570,69,30,36,15,0.38598798110098687,15
3571,79,12,78,6,0.38583207842589995,6
3572,86,42,112,20,0.385667209943051,22
3573,114,28,71,14,0.3795577437704564,14
3574,37,13,48,6,0.3793970201456422,7
3575,70,22,97,12,0.3783758219642569,10
3576,14,18,84,8,0.3778390349649412,10
3577,62,10,91,4,0.3697573900858181,6
3578,40,21,75,10,0.3686371386700514,11
3579,95,26,28,12,0.36814720179538235,14
3580,69,41,87,22,0.3602673666626091,19
3581,87,61,64,31,0.3581295387571977,30
3582,28,14,44,8,0.3571298728778931,6
3583,34,13,75,6,0.35287672494659683,7
3584,64,10,89,5,0.3526283440214305,5
3585,108,11,69,7,0.3504283321129652,4
3586,87,91,11,44,0.3482633138179062,47
3587,17,23,100,13,0.3460490369196694,10
3588,63,11,82,5,0.34593533956848593,6
3589,94,16,33,8,0.34380946136701285,8
3590,111,12,18,6,0.34349474631160665,6
3591,48,15,19,8,0.3426076067275109,7
3592,57,15,95,6,0.3413524322360248,9
3593,27,26,50,11,0.3402294720069224,15
3594,17,12,69,6,0.3399205773020941,6
3595,84,19,91,9,0.338597737579075,10
3596,27,64,30,31,0.3381010286136653,33
3597,109,13,4,6,0.33809070228925237,7
3598,30,30,69,15,0.3378270120933055,15
3599,5,61,87,30,0.3370261398348081,31
3600,83,20,106,11,0.3316445649094074,9
3601,29,32,78,15,0.330661445705034,17
3602,39,55,55,26,0.327344669064615,29
3603,8,57,70,28,0.32660941887077904,29
3604,87,26,2,13,0.32619162405938884,13
3605,80,17,71,9,0.3237123360021252,8
3606,57,26,102,13,0.3234085467610229,13
3607,18,46,28,22,0.32313224084926334,24
3608,3,25,71,13,0.3227486223779461,12
3609,7,82,41,41,0.3224263605978165,41
3610,20,17,72,8,0.32182219472939766,9
3611,83,25,28,14,0.31931308670237557,11
3612,8,49,20,24,0.31827353747839543,25
3613,114,22,69,10,0.3170624988990175,12
3614,16,41,40,20,0.3129456302783174,21
3615,107,44,18,24,0.3125789428020784,20
3616,112,29,63,14,0.3118959489167526,15
3617,60,48,53,25,0.3118269913878406,23
3618,76,41,104,19,0.3116384894393064,22
3619,96,51,87,26,0.31095451157976556,25
3620,15,19,41,10,0.3105460012311623,9
3621,64,12,28,6,0.3078927557568371,6
3622,23,19,111,11,0.30722018824926817,8
3623,68,11,84,5,0.30356336935050393,6
3624,85,34,86,16,0.30043079848706666,18
3625,3,41,88,20,0.2988284995837295,21
3626,62,19,43,9,0.2967359012370386,10
3627,47,13,91,6,0.2919938008476733,7
3628,39,68,65,36,0.29169985727569947,32
3629,27,17,25,9,0.2912949474117434,8
3630,86,94,39,48,0.28612639425835107,46
3631,18,40,86,21,0.2859697654701786,19
3632,60,26,58,13,0.2844553269429993,13
3633,18,27,54,13,0.2844315334869577,14
3634,90,10,98,5,0.2818861887378333,5
3635,67,12,25,6,0.2816428039469052,6
3636,96,12,67,7,0.2799650125910983,5
3637,7,20,70,8,0.27895885562123496,12
3638,53,18,5,8,0.2778213329671466,10
3639,97,14,49,8,0.276775832531503,6
3640,29,12,104,6,0.273728492117864,6
3641,36,11,38,4,0.2667921507986764,7
3642,78,10,95,5,0.26558909434766315,5
3643,17,15,91,7,0.26423233992702466,8
3644,63,55,87,26,0.261355664358935,29
3645,11,104,16,48,0.2607362657017743,56
3646,39,19,4,9,0.2603628586605467,10
3647,51,67,55,33,0.25774501210995104,34
3648,4,32,68,16,0.2573095525279982,16
3649,4,16,30,8,0.2549680926160687,8
3650,40,25,47,14,0.24655985846699083,11
3651,39,11,93,6,0.24650819188031292,5
3652,30,23,7,10,0.24239760807447458,13
3653,114,42,37,22,0.24001106634510702,20
3654,65,10,110,6,0.23968670854518379,4
3655,60,41,11,21,0.23711698906528794,20
3656,51,16,61,6,0.23498173360609398,10
3657,88,25,93,14,0.2346836303137904,11
3658,87,49,104,26,0.2341779721110632,23
3659,69,28,11,15,0.2315545134863033,13
3660,65,10,101,5,0.22906131925900258,5
3661,87,51,103,26,0.22898579127891142,25
3662,79,31,48,16,0.22311337916674606,15
3663,82,15,28,8,0.2205286984952181,7
3664,37,38,88,19,0.21837047991817124,19
3665,54,115,65,57,0.21811089781774678,58
3666,17,21,84,10,0.21599839278237065,11
3667,65,28,47,14,0.21443229566588343,14
3668,51,35,47,16,0.21336022935702487,19
3669,53,21,44,9,0.21221133134211373,12
3670,49,12,66,6,0.2055602848819499,6
3671,106,20,48,10,0.20449983406695527,10
3672,20,42,51,23,0.1988107846378192,19
3673,86,105,65,55,0.19407601395730897,50
3674,112,18,72,9,0.19365171750841212,9
3675,81,10,89,4,0.18700691582910417,6
3676,95,56,86,26,0.1866935223469842,30
3677,60,24,108,12,0.18600364710584247,12
3678,44,15,65,6,0.18351226600641293,9
3679,43,21,37,11,0.18122725182987512,10
3680,50,25,114,12,0.18060110833647136,13
3681,15,27,54,15,0.17349282638377653,12
3682,43,23,106,11,0.17255495280345076,12
3683,106,28,100,13,0.1677556244233467,15
3684,62,50,87,25,0.1675123188374178,25
3685,23,20,112,11,0.1668608245805679,9
3686,17,29,68,15,0.16206629975870687,14
3687,74,20,108,11,0.16204972626611253,9
3688,7,51,4,26,0.16136746029798288,25
3689,104,27,18,12,0.16096160848893704,15
3690,7,16,83,7,0.15765677447455673,9
3691,79,14,55,7,0.15414527044248416,7
3692,41,22,94,10,0.14625612851966724,12
3693,15,60,87,31,0.14550742570052294,29
3694,43,38,88,18,0.1452277237837295,20
3695,29,22,89,11,0.14330420337783004,11
3696,16,61,41,29,0.14092248072416882,32
3697,86,90,54,46,0.13717891356485212,44
3698,7,81,39,42,0.13449109119494224,39
3699,73,10,25,5,0.13287312364388484,5
3700,100,25,37,13,0.13255630995179785,12
3701,33,16,114,9,0.1306594611288726,7
3702,69,25,7,13,0.12779683769017072,12
3703,109,14,58,8,0.12467030279512466,6
3704,107,63,74,30,0.1181038587486621,33
3705,52,17,16,9,0.1158049551506922,8
3706,80,23,84,12,0.11286096846693006,11
3707,68,10,79,4,0.11002938828097016,6
3708,78,59,57,29,0.10845689396241476,30
3709,16,47,108,23,0.10620320969764573,24
3710,97,10,94,6,0.10576953599255426,4
3711,106,28,109,13,0.10546217863429572,15
3712,11,10,73,5,0.1054273387277771,5
3713,2,18,84,9,0.10504403066305122,9
3714,41,23,46,12,0.10439214573758943,11
3715,90,41,87,22,0.09969713437497947,19
3716,39,76,11,37,0.09858304714665726,39
3717,74,39,25,20,0.09563368284675952,19
3718,114,29,36,13,0.0921312858778607,16
3719,60,21,62,10,0.09015235921891117,11
3720,114,48,104,25,0.08363522002227851,23
3721,84,37,88,17,0.08333477514829642,20
3722,62,10,95,5,0.0814782186148065,5
3723,97,36,74,17,0.07931920932357457,19
3724,109,12,99,6,0.07810951462995123,6
3725,33,23,87,11,0.07461453934451859,12
3726,74,24,18,13,0.07395269221669398,11
3727,106,21,40,10,0.0680825308022658,11
3728,57,81,16,42,0.06566269631857356,39
3729,49,16,33,7,0.06122932500329348,9
3730,75,46,55,21,0.06023477871620806,25
3731,51,44,69,21,0.057947033693482704,23
3732,3,32,9,16,0.05741475815836439,16
3733,87,47,74,23,0.05355029116061811,24
3734,63,28,60,14,0.05332308346788065,14
3735,98,21,50,11,0.04841640747209045,10
3736,73,16,106,8,0.047003862193632395,8
3737,83,17,51,10,0.04607341431682118,7
3738,15,13,94,6,0.04393062027328544,7
3739,31,11,97,5,0.04256244744109594,6
3740,9,10,73,5,0.04170228259349536,5
3741,29,10,62,5,0.04080832287056424,5
3742,33,25,86,13,0.03807569336892712,12
3743,112,12,12,7,0.037452763165636206,5
3744,23,18,109,9,0.03305007667392977,9
3745,88,12,110,7,0.03270549440561658,5
3746,31,11,8,5,0.02937900525924807,6
3747,58,10,108,5,0.027897184192314482,5
3748,16,43,47,21,0.027513783875203344,22
3749,104,44,68,21,0.02481449802043266,23
3750,58,18,100,10,0.023617119288312536,8
3751,13,113,65,55,0.02222718726600467,58
3752,18,21,81,10,0.021570500194350643,11
3753,60,25,48,13,0.020956606258513377,12
3754,11,48,76,24,0.020340477309469307,24
3755,33,14,60,8,0.018667370841228097,6
3756,46,67,88,35,0.014583283352867883,32
3757,43,58,19,29,0.013036154055690046,29
3758,80,18,8,10,0.01264063172158774,8
3759,109,17,83,7,0.009729329647016893,10
3760,57,25,55,14,0.005686766813275881,11
3761,7,100,107,55,0.0045269968653226115,45
3762,107,100,7,45,-0.004526996865322238,55
3763,55,25,57,11,-0.005686766813278013,14
3764,106,47,76,26,-0.009505075346388465,21
3765,83,17,109,10,-0.009729329647015561,7
3766,8,18,80,8,-0.012640631721588136,10
3767,19,58,43,29,-0.013036154055688882,29
3768,88,67,46,32,-0.014583283352867446,35
3769,60,14,33,6,-0.018667370841227333,8
3770,48,25,60,12,-0.020956606258513377,13
3771,81,21,18,11,-0.021570500194350473,10
3772,65,113,13,58,-0.022227187266005175,55
3773,100,18,58,8,-0.023617119288314115,10
3774,68,44,104,23,-0.02481449802043266,21
3775,47,43,16,22,-0.027513783875201196,21
3776,108,10,58,5,-0.027897184192314482,5
3777,8,11,31,6,-0.02937900525924678,5
3778,110,12,88,5,-0.032705494405616285,7
3779,109,18,23,9,-0.033050076673930166,9
3780,12,12,112,5,-0.037452763165636206,7
3781,86,25,33,12,-0.03807569336892868,13
3782,62,10,29,5,-0.04080832287056495,5
3783,73,10,9,5,-0.04170228259349358,5
3784,97,11,31,6,-0.04256244744109594,5
3785,94,13,15,7,-0.04393062027328599,6
3786,51,17,83,7,-0.04607341431682181,10
3787,106,16,73,8,-0.04700386219363217,8
3788,50,21,98,10,-0.048416407472091784,11
3789,60,28,63,14,-0.053323083467880394,14
3790,74,47,87,24,-0.053550291160618865,23
3791,9,32,3,16,-0.05741475815836572,16
3792,69,44,51,23,-0.05794703369348347,21
3793,55,46,75,25,-0.060234778716207416,21
3794,33,16,49,9,-0.06122932500329337,7
3795,16,81,57,39,-0.06566269631857316,42
3796,40,21,106,11,-0.06808253080226648,10
3797,18,24,74,11,-0.07395269221669472,13
3798,87,23,33,12,-0.07461453934451952,11
3799,99,12,109,6,-0.07810951462995093,6
3800,74,36,97,19,-0.07931920932357497,17
3801,95,10,62,5,-0.08147821861480545,5
3802,88,37,84,20,-0.08333477514829642,17
3803,104,48,114,23,-0.08363522002227874,25
3804,62,21,60,11,-0.09015235921891082,10
3805,36,29,114,16,-0.09213128587785951,13
3806,25,39,74,19,-0.09563368284675924,20
3807,11,76,39,39,-0.09858304714665707,37
3808,87,41,90,19,-0.09969713437497929,22
3809,46,23,41,11,-0.10439214573758882,12
3810,84,18,2,9,-0.10504403066305122,9
3811,73,10,11,5,-0.10542733872777674,5
3812,109,28,106,15,-0.10546217863429604,13
3813,94,10,97,4,-0.10576953599255319,6
3814,108,47,16,24,-0.10620320969764602,23
3815,57,59,78,30,-0.10845689396241548,29
3816,79,10,68,6,-0.11002938828097086,4
3817,84,23,80,11,-0.11286096846693021,12
3818,16,17,52,8,-0.11580495515069199,9
3819,58,14,109,6,-0.12467030279512466,8
3820,7,25,69,12,-0.12779683769017072,13
3821,114,16,33,7,-0.13065946112887206,9
3822,37,25,100,12,-0.13255630995179643,13
3823,25,10,73,5,-0.13287312364388448,5
3824,39,81,7,39,-0.1344910911949431,42
3825,54,90,86,44,-0.13717891356485257,46
3826,41,61,16,32,-0.1409224807241675,29
3827,89,22,29,11,-0.14330420337783067,11
3828,88,38,43,20,-0.14522772378372875,18
3829,87,60,15,29,-0.14550742570052314,31
3830,94,22,41,12,-0.1462561285196677,10
3831,55,14,79,7,-0.1541452704424852,7
3832,83,16,7,9,-0.15765677447455717,7
3833,18,27,104,15,-0.16096160848893704,12
3834,4,51,7,25,-0.16136746029798252,26
3835,108,20,74,9,-0.16204972626611233,11
3836,68,29,17,14,-0.16206629975870612,15
3837,112,20,23,9,-0.16686082458056523,11
3838,87,50,62,25,-0.16751231883741738,25
3839,100,28,106,15,-0.1677556244233485,13
3840,106,23,43,12,-0.17255495280344985,11
3841,54,27,15,12,-0.17349282638377722,15
3842,114,25,50,13,-0.18060110833647136,12
3843,37,21,43,10,-0.18122725182987545,11
3844,30,22,102,12,-0.18220102296884125,10
3845,65,15,44,9,-0.18351226600641318,6
3846,11,69,107,33,-0.1840540489602289,36
3847,108,24,60,12,-0.1860036471058429,12
3848,86,56,95,30,-0.18669352234698508,26
3849,89,10,81,6,-0.1870069158291045,4
3850,72,18,112,9,-0.1936517175084127,9
3851,65,105,86,50,-0.19407601395730897,55
3852,51,42,20,19,-0.19881078463781776,23
3853,66,12,49,6,-0.2055602848819499,6
3854,44,21,53,12,-0.2122113313421144,9
3855,47,35,51,19,-0.2133602293570254,16
3856,47,28,65,14,-0.2144322956658842,14
3857,84,21,17,11,-0.21599839278237148,10
3858,65,115,54,58,-0.21811089781774656,57
3859,88,38,37,19,-0.21837047991817116,19
3860,28,15,82,7,-0.2205286984952181,8
3861,48,31,79,15,-0.22311337916674676,16
3862,103,51,87,25,-0.22898579127891247,26
3863,101,10,65,5,-0.22906131925900355,5
3864,11,28,69,13,-0.23155451348630315,15
3865,104,49,87,23,-0.23417797211106275,26
3866,93,25,88,11,-0.23468363031378975,14
3867,61,16,51,10,-0.23498173360609353,6
3868,11,41,60,20,-0.23711698906528794,21
3869,110,10,65,4,-0.2396867085451845,6
3870,37,42,114,20,-0.24001106634510735,22
3871,7,23,30,13,-0.24239760807447427,10
3872,93,11,39,5,-0.24650819188031328,6
3873,47,25,40,11,-0.2465598584669911,14
3874,30,16,4,8,-0.25496809261606845,8
3875,68,32,4,16,-0.25730955252800053,16
3876,55,67,51,34,-0.25774501210994955,33
3877,4,19,39,10,-0.26036285866054654,9
3878,87,55,63,29,-0.26135566435893404,26
3879,91,15,17,8,-0.2642323399270249,7
3880,95,10,78,5,-0.2655890943476635,5
3881,38,11,36,7,-0.26679215079867674,4
3882,104,12,29,6,-0.27372849211786426,6
3883,49,14,97,6,-0.27677583253150245,8
3884,5,18,53,10,-0.27782133296714684,8
3885,70,20,7,12,-0.2789588556212364,8
3886,67,12,96,5,-0.2799650125910977,7
3887,25,12,67,6,-0.2816428039469052,6
3888,98,10,90,5,-0.2818861887378329,5
3889,54,27,18,14,-0.28443153348695716,13
3890,58,26,60,13,-0.28445532694299874,13
3891,86,40,18,19,-0.2859697654701762,21
3892,39,94,86,46,-0.28612639425835185,48
3893,25,17,27,8,-0.29129494741174317,9
3894,65,68,39,32,-0.2916998572756994,36
3895,91,13,47,7,-0.2919938008476733,6
3896,43,19,62,10,-0.2967359012370386,9
3897,88,41,3,21,-0.29882849958373037,20
3898,86,34,85,18,-0.30043079848706633,16
3899,84,11,68,6,-0.30356336935050393,5
3900,111,19,23,8,-0.3072201882492683,11
3901,28,12,64,6,-0.3078927557568362,6
3902,41,19,15,9,-0.3105460012311613,10
3903,87,51,96,25,-0.3109545115797648,26
3904,104,41,76,22,-0.31163848943930533,19
3905,53,48,60,23,-0.3118269913878415,25
3906,63,29,112,15,-0.3118959489167515,14
3907,18,44,107,20,-0.3125789428020779,24
3908,40,41,16,21,-0.3129456302783173,20
3909,69,22,114,12,-0.3170624988990179,10
3910,20,49,8,25,-0.31827353747839576,24
3911,28,25,83,11,-0.31931308670237585,14
3912,72,17,20,9,-0.32182219472939727,8
3913,12,27,88,13,-0.32231282630184194,14
3914,41,82,7,41,-0.32242636059781665,41
3915,71,25,3,12,-0.32274862237794577,13
3916,28,46,18,24,-0.3231322408492643,22
3917,102,26,57,13,-0.3234085467610242,13
3918,71,17,80,8,-0.32371233600212634,9
3919,2,26,87,13,-0.326191624059389,13
3920,70,57,8,29,-0.32660941887077916,28
3921,55,55,39,29,-0.32734466906461546,26
3922,78,32,29,17,-0.33066144570503364,15
3923,106,20,83,9,-0.33164456490940797,11
3924,87,61,5,31,-0.3370261398348085,30
3925,69,30,30,15,-0.3378270120933055,15
3926,4,13,109,7,-0.33809070228925137,6
3927,30,64,27,33,-0.33810102861366514,31
3928,91,19,84,10,-0.33859773757907446,9
3929,69,12,17,6,-0.3399205773020955,6
3930,50,26,27,15,-0.340229472006922,11
3931,95,15,57,9,-0.341352432236026,6
3932,19,15,48,7,-0.3426076067275114,8
3933,18,12,111,6,-0.3434947463116063,6
3934,33,16,94,8,-0.3438094613670113,8
3935,82,11,63,6,-0.3459353395684866,5
3936,100,23,17,10,-0.34604903691966843,13
3937,11,91,87,47,-0.34826331381790626,44
3938,69,11,108,4,-0.3504283321129657,7
3939,89,10,64,5,-0.35262834402143106,5
3940,75,13,34,7,-0.35287672494659683,6
3941,44,14,28,6,-0.35712987287789527,8
3942,64,61,87,30,-0.35812953875719866,31
3943,87,41,69,19,-0.36026736666260767,22
3944,28,26,95,14,-0.3681472017953835,12
3945,75,21,40,11,-0.36863713867005155,10
3946,91,10,62,6,-0.3697573900858188,4
3947,84,18,14,10,-0.37783903496494214,8
3948,97,22,70,10,-0.37837582196425723,12
3949,48,13,37,7,-0.3793970201456411,6
3950,71,28,114,14,-0.3795577437704577,14
3951,112,42,86,22,-0.385667209943052,20
3952,78,12,79,6,-0.3858320784259002,6
3953,36,30,69,15,-0.38598798110098714,15
3954,89,19,50,10,-0.3889433495588358,9
3955,44,13,8,7,-0.39044208757900134,6
3956,84,14,102,7,-0.39120187443648163,7
3957,76,36,30,20,-0.398160067601282,16
3958,18,35,60,18,-0.40000420272155135,17
3959,26,11,17,6,-0.4065653808604267,5
3960,87,73,54,36,-0.40813666924426995,37
3961,79,18,50,9,-0.40910464935228674,9
3962,55,39,96,19,-0.4099990120595754,20
3963,86,33,31,16,-0.4107692180392456,17
3964,34,30,109,15,-0.41518711983885837,15
3965,38,14,5,7,-0.41683785462955825,7
3966,98,31,16,15,-0.41976347120600693,16
3967,69,18,112,8,-0.4198013383725037,10
3968,68,38,19,20,-0.42324455085255913,18
3969,61,15,27,7,-0.42506444779830493,8
3970,72,33,30,17,-0.42545502501312077,16
3971,43,23,114,13,-0.4272286402576001,10
3972,31,43,40,21,-0.4296271974626759,22
3973,63,49,40,24,-0.4351978396284048,25
3974,9,57,51,30,-0.43523158622689834,27
3975,16,39,12,20,-0.4428683237403408,19
3976,9,11,80,4,-0.4439834453330441,7
3977,112,33,13,16,-0.44654566712440186,17
3978,50,45,106,24,-0.45085338748671533,21
3979,77,25,109,12,-0.4558266100431524,13
3980,46,36,107,17,-0.4582463107562494,19
3981,21,11,65,5,-0.4627308200784832,6
3982,7,20,72,10,-0.4656889241153326,10
3983,78,10,5,4,-0.466712522808043,6
3984,22,10,7,5,-0.4683297783241262,5
3985,107,41,90,22,-0.46909962773367747,19
3986,31,54,65,28,-0.46913887469692556,26
3987,49,19,57,10,-0.46922620201310505,9
3988,9,58,86,28,-0.47083397804409705,30
3989,5,42,63,24,-0.4718441296207794,18
3990,18,60,7,29,-0.47486511569031375,31
3991,16,27,35,13,-0.47530728474769,14
3992,39,51,25,25,-0.47594650511842646,26
3993,72,34,103,19,-0.4783561928170992,15
3994,74,28,95,15,-0.47842550860281247,13
3995,114,72,107,36,-0.4790116249707105,36
3996,107,80,84,41,-0.4866239329556469,39
3997,97,12,62,6,-0.490051403125013,6
3998,51,70,27,36,-0.49483083524875193,34
3999,31,35,88,17,-0.49998079760905945,18
4000,107,70,60,36,-0.5012676015682217,34
4001,68,51,111,25,-0.5032623987049999,26
4002,7,41,54,21,-0.507241629203192,20
4003,80,10,102,5,-0.511580685722777,5
4004,9,18,4,9,-0.5118055197130301,9
4005,68,41,77,19,-0.5121657638503941,22
4006,66,10,112,6,-0.514674275438265,4
4007,58,19,19,10,-0.5170046436181144,9
4008,27,14,74,6,-0.5219215520059618,8
4009,43,10,97,5,-0.5231950290778634,5
4010,77,24,4,12,-0.5234491201479363,12
4011,90,15,34,8,-0.5269213195319893,7
4012,109,85,86,43,-0.5274806409595312,42
4013,69,26,100,13,-0.5321674487070279,13
4014,88,11,17,7,-0.5330720941070791,4
4015,107,22,6,11,-0.5355439544398289,11
4016,33,16,95,8,-0.5370243042245886,8
4017,34,36,11,18,-0.5383465572800413,18
4018,1,10,106,5,-0.5396528610114331,5
4019,13,60,53,29,-0.5402800765193233,31
4020,63,53,39,23,-0.5419385401942962,30
4021,7,17,92,10,-0.5480230211986078,7
4022,54,44,74,23,-0.551062896084969,21
4023,3,80,51,44,-0.5511280186493379,36
4024,104,19,34,10,-0.5522514451212651,9
4025,18,36,12,19,-0.5552787845895443,17
4026,2,10,83,5,-0.5594397265150782,5
4027,107,46,29,27,-0.5632439741481251,19
4028,54,59,46,29,-0.5648265575704047,30
4029,78,13,71,7,-0.5661963238744604,6
4030,81,17,64,9,-0.5669312262343831,8
4031,72,21,38,9,-0.568265850848529,12
4032,54,17,38,8,-0.5715439806184821,9
4033,87,86,51,45,-0.5720220813764503,41
4034,71,15,69,7,-0.5724150990318982,8
4035,6,13,100,7,-0.5735558500429735,6
4036,75,32,41,15,-0.57538170131953,17
4037,9,60,88,31,-0.575673272431468,29
4038,51,33,70,16,-0.5766573461400448,17
4039,16,49,38,21,-0.5767515413583263,28
4040,98,26,28,15,-0.5775231479620817,11
4041,49,38,15,21,-0.5785889814539275,17
4042,17,17,15,8,-0.5792844725575107,9
4043,54,38,80,18,-0.5821478148214465,20
4044,45,27,13,14,-0.5826006985626689,13
4045,13,104,49,49,-0.5846000730729466,55
4046,20,29,74,14,-0.5870486229107592,15
4047,90,28,88,15,-0.5882010889982926,13
4048,36,13,76,9,-0.5885035889042627,4
4049,47,15,76,10,-0.5885634117728867,5
4050,64,15,78,7,-0.588996507671627,8
4051,81,21,27,10,-0.5892882671628243,11
4052,88,27,78,13,-0.5921971540070258,14
4053,60,16,92,9,-0.5957676389999472,7
4054,8,22,79,12,-0.5960476384440053,10
4055,13,81,41,40,-0.5989752680993189,41
4056,23,10,71,6,-0.6000287508458285,4
4057,106,32,71,17,-0.6009609652453864,15
4058,27,33,63,18,-0.6027831371099349,15
4059,70,16,91,9,-0.6063303701253768,7
4060,66,17,11,8,-0.606638925246578,9
4061,51,41,18,19,-0.6112173709018496,22
4062,109,31,84,15,-0.6140907141877966,16
4063,58,22,31,11,-0.6168553703734997,11
4064,38,12,40,7,-0.6179079194784425,5
4065,38,37,13,21,-0.6182539895934905,16
4066,81,17,9,9,-0.6212818094890713,8
4067,71,33,36,16,-0.6241330409639583,17
4068,19,57,49,29,-0.6247464980972949,28
4069,11,28,29,14,-0.6269540141749612,14
4070,22,11,87,7,-0.62976435410712,4
4071,64,28,4,15,-0.6316212138641667,13
4072,20,34,13,18,-0.6324978295967627,16
4073,57,25,114,13,-0.6360628493802915,12
4074,36,17,111,9,-0.6365354853619519,8
4075,43,22,50,10,-0.6381440646436153,12
4076,51,18,6,8,-0.6381605805799541,10
4077,41,25,25,11,-0.6394054706376703,14
4078,69,15,85,8,-0.6408165415497192,7
4079,48,11,12,5,-0.6408934180995783,6
4080,72,24,12,11,-0.6447239607495506,13
4081,86,33,108,18,-0.6486162394260832,15
4082,88,50,75,26,-0.6490595256191716,24
4083,12,19,50,8,-0.6495798025400292,11
4084,7,34,49,18,-0.6498930091293155,16
4085,20,14,89,7,-0.6517474521119657,7
4086,54,45,30,23,-0.653335006922201,22
4087,90,16,74,7,-0.6542125153505499,9
4088,27,37,29,20,-0.6550507246049282,17
4089,65,76,68,38,-0.6569278898882535,38
4090,38,14,114,7,-0.6611905347022546,7
4091,55,24,71,11,-0.6670673084821287,13
4092,76,31,102,15,-0.6697004580771777,16
4093,60,33,81,17,-0.6720214795360956,16
4094,37,18,93,10,-0.6735242225279054,8
4095,8,45,100,23,-0.6740286037032652,22
4096,8,24,29,14,-0.6801150064661755,10
4097,112,21,51,11,-0.6806874161227696,10
4098,25,19,18,9,-0.6816652439852798,10
4099,27,26,108,14,-0.6834807480145323,12
4100,84,29,78,14,-0.6870815538251354,15
4101,86,64,50,31,-0.687960746448578,33
4102,13,44,57,21,-0.6915873161571551,23
4103,85,19,100,10,-0.6921450091110348,9
4104,9,29,50,15,-0.6932669196756251,14
4105,58,29,9,15,-0.7005683312894725,14
4106,98,12,38,6,-0.7017621857638803,6
4107,72,53,15,29,-0.7032027477348937,24
4108,78,69,16,36,-0.7066533883926589,33
4109,13,48,50,24,-0.7071100303020296,24
4110,90,16,33,8,-0.7072399112118872,8
4111,27,18,106,11,-0.7074485049679631,7
4112,38,23,64,12,-0.707451399642147,11
4113,43,21,8,12,-0.7074712609529017,9
4114,71,18,43,8,-0.7122285277146747,10
4115,106,37,20,19,-0.7122499664868411,18
4116,106,72,8,35,-0.7133251026811389,37
4117,40,18,61,9,-0.7154895706830842,9
4118,28,51,37,27,-0.7168710662114356,24
4119,86,107,30,57,-0.723183650011698,50
4120,34,26,39,13,-0.7252588766329907,13
4121,88,31,92,16,-0.7260589770500645,15
4122,4,10,57,6,-0.7276499847388429,4
4123,96,10,71,5,-0.7278695572627853,5
4124,51,89,68,48,-0.7293513016782857,41
4125,55,10,45,5,-0.7308764126459018,5
4126,5,41,95,20,-0.7316066534315485,21
4127,106,12,103,7,-0.7328239321562183,5
4128,11,57,28,30,-0.7338631283307411,27
4129,86,77,40,41,-0.7352757671814358,36
4130,68,24,43,13,-0.7378419907186214,11
4131,15,24,25,11,-0.7394428200536325,13
4132,108,12,7,7,-0.7404080910313966,5
4133,60,70,51,39,-0.7425255110016817,31
4134,16,34,33,15,-0.74325505688712,19
4135,74,13,36,8,-0.743717573303843,5
4136,97,43,107,22,-0.7437976748281456,21
4137,84,24,46,13,-0.7446057703540044,11
4138,44,15,51,6,-0.7467242677105268,9
4139,34,24,3,12,-0.7473309116778468,12
4140,13,15,14,9,-0.7511854242648529,6
4141,37,68,8,34,-0.7513899671656677,34
4142,3,85,86,42,-0.7579969564822142,43
4143,41,11,72,6,-0.7629856468591792,5
4144,107,69,11,37,-0.7650999791558601,32
4145,60,64,68,31,-0.7655380923161712,33
4146,107,94,51,53,-0.7666335108845107,41
4147,69,32,88,17,-0.7753807063240763,15
4148,99,22,87,12,-0.7762165713325068,10
4149,55,71,86,37,-0.7822374537962802,34
4150,62,11,41,5,-0.7841014738090386,6
4151,65,58,75,29,-0.7869787896039598,29
4152,47,16,109,8,-0.7871811619003327,8
4153,104,18,4,8,-0.7872554057904768,10
4154,15,54,65,27,-0.7874769892970613,27
4155,33,14,75,8,-0.7900898585820583,6
4156,29,50,16,25,-0.7901683160673688,25
4157,89,16,28,9,-0.790198641351668,7
4158,107,36,1,18,-0.7927414185552435,18
4159,88,22,2,11,-0.7956469041111253,11
4160,58,13,27,6,-0.800853305492819,7
4161,27,31,64,16,-0.801138980877431,15
4162,40,26,30,13,-0.804558087178627,13
4163,40,14,56,7,-0.8062835825274137,7
4164,88,48,64,26,-0.8099410279440218,22
4165,35,15,13,8,-0.8137615349434785,7
4166,45,19,114,10,-0.8205689132017555,9
4167,95,15,84,8,-0.8218033746912397,7
4168,88,27,81,14,-0.8225284845495021,13
4169,15,84,16,43,-0.8261464483814003,41
4170,106,12,29,6,-0.8264692442725412,6
4171,46,16,2,8,-0.8285194662826783,8
4172,48,18,80,10,-0.8324696586719834,8
4173,34,34,13,17,-0.8338743360773311,17
4174,52,13,100,6,-0.8342784296066272,7
4175,48,24,109,12,-0.8411341409765845,12
4176,84,23,79,12,-0.8428978656974985,11
4177,29,35,77,19,-0.8478982804535965,16
4178,22,10,16,5,-0.8565181994909576,5
4179,11,12,58,6,-0.85682156486179,6
4180,16,98,60,50,-0.8590090980159064,48
4181,20,14,27,7,-0.8592360695737256,7
4182,114,10,10,6,-0.8617397018011352,4
4183,87,39,47,21,-0.8656342560804456,18
4184,84,17,60,7,-0.8716143564890748,10
4185,1,15,27,9,-0.87213831994522,6
4186,87,62,72,31,-0.8724807058025104,31
4187,43,22,104,12,-0.8731107554850513,10
4188,48,15,41,8,-0.8735829617761531,7
4189,29,13,12,7,-0.8751444942400025,6
4190,65,36,19,18,-0.8764123836668225,18
4191,41,57,39,27,-0.8789438186559109,30
4192,88,21,83,10,-0.8798897555023121,11
4193,102,21,13,12,-0.8799691401622279,9
4194,63,57,11,27,-0.8821148489049314,30
4195,69,19,9,10,-0.887921017203931,9
4196,3,27,55,14,-0.8893519272090935,13
4197,60,61,30,34,-0.8915176832148582,27
4198,89,18,39,10,-0.8933119553911177,8
4199,52,16,65,9,-0.8934919273094457,7
4200,16,104,11,57,-0.8935056177791671,47
4201,28,71,106,37,-0.8945808420172991,34
4202,70,24,39,13,-0.8958543413772138,11
4203,28,91,107,48,-0.897076479568304,43
4204,3,29,76,15,-0.8973048699158007,14
4205,55,17,78,8,-0.9002458878614126,9
4206,86,47,77,24,-0.9006818198683892,23
4207,50,14,62,8,-0.9017457082495483,6
4208,111,12,60,5,-0.9019980300500823,7
4209,50,14,6,7,-0.9048960894988056,7
4210,34,26,65,14,-0.9055829774971623,12
4211,75,35,36,16,-0.9076169876586808,19
4212,19,41,76,21,-0.9084954347676494,20
4213,93,17,3,7,-0.9093963540860022,10
4214,11,17,114,10,-0.9149797782337711,7
4215,49,68,88,35,-0.9156599093700057,33
4216,114,27,75,14,-0.9181862737012525,13
4217,7,32,95,17,-0.9236786450564201,15
4218,4,24,55,12,-0.9256101911535772,12
4219,23,37,51,19,-0.9349925078332038,18
4220,53,23,63,12,-0.9461903574639031,11
4221,78,35,11,17,-0.9538061547549292,18
4222,90,42,16,21,-0.9573403546161365,21
4223,106,38,104,19,-0.960476027397927,19
4224,30,45,8,22,-0.9612400698553707,23
4225,107,60,96,32,-0.9618592892676054,28
4226,8,34,71,17,-0.9628252268322751,17
4227,18,35,77,20,-0.9630191535077128,15
4228,76,30,46,15,-0.9643502071522797,15
4229,54,31,64,15,-0.965794935958345,16
4230,65,91,7,44,-0.9659125099226101,47
4231,103,31,39,15,-0.9710241429122528,16
4232,62,10,70,5,-0.9747108971050835,5
4233,5,65,107,33,-0.9748363761521173,32
4234,102,15,68,8,-0.9774478191416431,7
4235,39,13,61,6,-0.9776304076631851,7
4236,84,19,93,11,-0.9776365381665065,8
4237,53,33,86,19,-0.9815337209274265,14
4238,2,38,86,18,-0.9822306710469797,20
4239,92,10,43,6,-0.9836040223889839,4
4240,112,19,54,10,-0.9843355592348288,9
4241,107,32,69,17,-0.9867318989974727,15
4242,65,42,37,23,-0.9887363573689177,19
4243,48,13,43,6,-0.9891423928749106,7
4244,107,54,15,31,-0.9897610113265457,23
4245,8,90,86,43,-0.9977285163555613,47
4246,20,17,102,9,-0.9989981036013705,8
4247,72,71,16,38,-1.0014846684760623,33
4248,93,11,114,5,-1.0049906589581687,6
4249,18,20,91,11,-1.0069076377111847,9
4250,81,25,53,13,-1.0072209792246578,12
4251,85,17,20,9,-1.0120202947249695,8
4252,102,20,62,10,-1.015043501088997,10
4253,9,13,79,6,-1.0203716742776934,7
4254,90,12,64,6,-1.0226762518657317,6
4255,44,20,63,11,-1.023318477102645,9
4256,7,28,20,14,-1.02846315647608,14
4257,88,29,19,14,-1.0300321093866864,15
4258,74,38,104,21,-1.0321539192468763,17
4259,98,26,51,14,-1.035071618639688,12
4260,60,17,80,8,-1.0365050448794266,9
4261,17,23,104,12,-1.0458379273038074,11
4262,107,87,54,44,-1.0459631443463513,43
4263,45,17,3,9,-1.047460749442839,8
4264,45,18,71,8,-1.050024616634447,10
4265,38,39,86,21,-1.0547313169805972,18
4266,94,28,100,17,-1.0558147223870022,11
4267,11,10,53,5,-1.0584164636006825,5
4268,18,23,43,10,-1.0606855017502173,13
4269,29,25,38,12,-1.0616345202278206,13
4270,71,14,58,7,-1.0679524363994422,7
4271,37,20,67,11,-1.0707700527635227,9
4272,97,16,9,7,-1.0715415510849884,9
4273,89,21,88,11,-1.071835135391089,10
4274,103,13,46,7,-1.0718715021600842,6
4275,109,61,28,33,-1.0738097371372815,28
4276,97,19,64,10,-1.0748997556853979,9
4277,74,27,75,15,-1.0761366724331527,12
4278,114,50,16,27,-1.0800239999714527,23
4279,94,11,93,7,-1.0822019157683698,4
4280,69,14,42,7,-1.0889746986073443,7
4281,41,35,18,17,-1.0983841672845305,18
4282,50,24,34,12,-1.102066453194935,12
4283,106,39,70,19,-1.1024614638047314,20
4284,62,34,27,16,-1.1030350968388556,18
4285,57,37,27,18,-1.1033906612223547,19
4286,2,18,96,9,-1.1039761816908868,9
4287,107,32,4,17,-1.1053879522342505,15
4288,90,19,76,11,-1.1063912818109216,8
4289,86,83,57,42,-1.1065510041049522,41
4290,55,13,73,7,-1.1082443575059626,6
4291,86,101,106,52,-1.11125626745342,49
4292,62,24,76,12,-1.113386418002415,12
4293,7,19,29,12,-1.1170674633929336,7
4294,75,39,87,20,-1.1179899946467944,19
4295,57,25,28,13,-1.1208866402447324,12
4296,88,17,79,9,-1.1249704502892561,8
4297,31,26,3,12,-1.130409883055891,14
4298,106,26,36,13,-1.1307287364062797,13
4299,64,11,95,5,-1.1310441974354575,6
4300,52,26,87,13,-1.137456454355295,13
4301,56,14,8,7,-1.138262181129433,7
4302,98,14,39,8,-1.1463977441558344,6
4303,58,19,51,10,-1.1500793287361857,9
4304,7,17,79,9,-1.1501166003666843,8
4305,98,14,99,8,-1.1506101967982691,6
4306,100,18,89,9,-1.1534045864447127,9
4307,94,12,47,6,-1.1540186483091384,6
4308,41,24,70,11,-1.1545373299567132,13
4309,107,43,108,23,-1.1650594254489706,20
4310,75,13,44,6,-1.169380882277211,7
4311,55,35,83,17,-1.1749448092476902,18
4312,77,12,33,6,-1.1756675735500741,6
4313,96,31,76,17,-1.185303928819388,14
4314,110,16,87,9,-1.1878037867151126,7
4315,30,33,78,17,-1.187810451005708,16
4316,39,82,15,45,-1.1910711086328978,37
4317,74,18,68,11,-1.1930607364890227,7
4318,16,67,25,35,-1.1932865297100739,32
4319,19,12,52,7,-1.193969189324496,5
4320,91,14,72,8,-1.1989473238903459,6
4321,104,49,39,26,-1.1995070581875906,23
4322,5,65,28,33,-1.204023419699817,32
4323,48,33,8,17,-1.2090868114966702,16
4324,97,33,25,17,-1.2112097532933537,16
4325,95,15,100,7,-1.2117126854665254,8
4326,86,76,68,38,-1.2119867018677175,38
4327,88,37,71,21,-1.2185084211552721,16
4328,70,46,107,22,-1.2201940929331903,24
4329,16,51,112,26,-1.2207004808764241,25
4330,41,17,55,9,-1.2209745250839978,8
4331,100,31,64,17,-1.2272126037383229,14
4332,98,18,57,9,-1.2285137928950545,9
4333,9,16,66,9,-1.2335487286820448,7
4334,25,39,28,22,-1.2338977751460154,17
4335,50,42,39,22,-1.237297066410006,20
4336,93,21,107,10,-1.2375139728583175,11
4337,31,25,71,13,-1.2380158081615487,12
4338,74,31,11,16,-1.2464065422784565,15
4339,1,11,30,6,-1.247129174643663,5
4340,64,10,103,4,-1.2486110723247315,6
4341,9,61,13,33,-1.2504419702657081,28
4342,60,48,3,25,-1.255751983957475,23
4343,13,42,17,21,-1.2570532505054302,21
4344,49,18,114,8,-1.2604600332250737,10
4345,79,10,93,5,-1.2606355667564606,5
4346,19,17,47,9,-1.260882861026141,8
4347,14,15,107,7,-1.2621804963006722,8
4348,103,29,29,16,-1.2624231090137499,13
4349,107,12,92,7,-1.2625916923530782,5
4350,28,29,60,13,-1.2721110011472117,16
4351,94,23,78,12,-1.2724005748443532,11
4352,1,11,71,5,-1.2732152302328026,6
4353,49,86,16,46,-1.2741345970289788,40
4354,35,13,57,8,-1.2766228565175344,5
4355,91,10,34,5,-1.2767116469837234,5
4356,57,53,39,28,-1.2848347183559072,25
4357,54,39,84,21,-1.2888377317643183,18
4358,99,19,51,9,-1.289208240710447,10
4359,103,28,76,17,-1.2895562261917477,11
4360,86,50,23,26,-1.2941840707557482,24
4361,4,39,88,20,-1.2949212207610556,19
4362,8,22,7,12,-1.2952715014492375,10
4363,11,16,90,9,-1.2972611451953258,7
4364,3,43,15,22,-1.298667149853491,21
4365,13,44,5,23,-1.3023509853743045,21
4366,63,74,107,35,-1.3057879270213841,39
4367,54,14,89,6,-1.3071430336082182,8
4368,114,28,41,14,-1.3073381080435666,14
4369,51,14,32,7,-1.3093866254236384,7
4370,9,52,68,27,-1.3104638696206719,25
4371,65,32,112,16,-1.312297716343949,16
4372,40,11,94,6,-1.3131730085845275,5
4373,35,12,39,6,-1.3133463941159187,6
4374,65,32,62,16,-1.314337298660698,16
4375,49,37,8,19,-1.3149639444189227,18
4376,48,48,16,23,-1.3151995623254868,25
4377,18,38,88,19,-1.3242817719460482,19
4378,57,15,91,7,-1.3279179810680901,8
4379,87,49,29,26,-1.3294428797908004,23
4380,90,12,103,6,-1.3321471247660857,6
4381,23,10,6,5,-1.3385415186806273,5
4382,104,44,8,23,-1.3410693202324977,21
4383,19,75,30,40,-1.346092582216678,35
4384,40,17,108,8,-1.3479697301696891,9
4385,88,37,97,19,-1.3490743629309023,18
4386,54,70,50,36,-1.35588756917451,34
4387,12,62,65,31,-1.3569449640146078,31
4388,72,29,107,15,-1.3573663474928255,14
4389,40,35,41,17,-1.3586266453597045,18
4390,30,26,25,12,-1.3633847180345748,14
4391,76,47,106,22,-1.3637390504385927,25
4392,76,48,11,25,-1.3649753504739304,23
4393,55,61,87,31,-1.3657748995370729,30
4394,62,37,39,20,-1.3681155062123829,17
4395,20,19,93,11,-1.3777307962484893,8
4396,65,22,94,10,-1.3778845805510185,12
4397,72,50,13,26,-1.3783005394477659,24
4398,55,11,52,6,-1.3787566985994324,5
4399,63,16,34,8,-1.3800770563582487,8
4400,41,30,106,15,-1.3806292559177735,15
4401,84,14,62,7,-1.3810102415014252,7
4402,39,15,1,6,-1.3816919606844622,9
4403,29,11,36,5,-1.3837445576600507,6
4404,54,20,12,11,-1.384621823803449,9
4405,60,39,78,20,-1.3880149342170605,19
4406,80,12,95,6,-1.3888115326852122,6
4407,12,29,19,13,-1.392183331800866,16
4408,98,12,74,6,-1.3941368131260956,6
4409,50,14,94,8,-1.3968135010800535,6
4410,95,17,70,8,-1.4011695857654893,9
4411,9,25,46,12,-1.4052752923291463,13
4412,71,20,12,10,-1.4059148964814134,10
4413,63,18,58,8,-1.4081792647741074,10
4414,87,102,30,54,-1.4086000940868577,48
4415,13,31,91,15,-1.4116323180698618,16
4416,102,31,76,17,-1.412314829403278,14
4417,106,23,30,12,-1.4150001393849163,11
4418,89,22,43,11,-1.4194206863060292,11
4419,53,11,1,6,-1.4196819324858234,5
4420,35,24,88,12,-1.4205575592973034,12
4421,111,39,65,22,-1.4217415135333136,17
4422,45,35,36,16,-1.423273124508117,19
4423,74,63,107,34,-1.4255501133918143,29
4424,104,18,89,9,-1.42669341781629,9
4425,37,16,78,9,-1.4372893343885684,7
4426,25,28,50,14,-1.4391705454909005,14
4427,97,21,20,10,-1.439527960881876,11
4428,112,22,19,11,-1.441964796035352,11
4429,69,33,65,17,-1.4425642416495132,16
4430,38,31,60,17,-1.4428263879251866,14
4431,27,14,99,8,-1.4451774655149787,6
4432,38,21,12,11,-1.4460676852206606,10
4433,39,44,75,21,-1.4473715172929773,23
4434,63,55,106,28,-1.448556681809941,27
4435,80,33,65,17,-1.4513664238423445,16
4436,90,14,91,7,-1.4536395590442823,7
4437,83,23,25,13,-1.459720188055503,10
4438,52,18,12,10,-1.4597821535609574,8
4439,47,21,31,11,-1.460613098071267,10
4440,86,133,107,69,-1.4616920517684884,64
4441,49,10,6,6,-1.4632163711361088,4
4442,50,47,2,25,-1.465539919913427,22
4443,69,13,6,6,-1.467256279566122,7
4444,7,24,35,12,-1.4676220715119488,12
4445,11,50,106,29,-1.475178627799442,21
4446,46,69,11,37,-1.4759551948690137,32
4447,79,17,103,9,-1.476299618195366,8
4448,17,38,37,22,-1.4799245104721017,16
4449,77,18,64,11,-1.4804278853158346,7
4450,71,74,60,39,-1.4843115108657063,35
4451,50,23,3,12,-1.4863990456698133,11
4452,94,16,88,7,-1.488282221240779,9
4453,74,23,2,13,-1.4920197761473217,10
4454,40,76,7,42,-1.4944388547190337,34
4455,11,16,112,8,-1.4950492246382474,8
4456,25,47,107,24,-1.4967278623744342,23
4457,5,52,46,28,-1.4974094901037531,24
4458,44,19,87,10,-1.4991328763816043,9
4459,3,24,23,13,-1.50147747590911,11
4460,63,53,68,28,-1.50575560658607,25
4461,11,53,27,28,-1.5067682983651527,25
4462,11,66,8,34,-1.5090926243536655,32
4463,51,22,48,10,-1.5097133525836228,12
4464,55,12,46,7,-1.5148590180899666,5
4465,37,14,35,7,-1.5231317423105963,7
4466,84,20,114,11,-1.5282826629009745,9
4467,62,35,100,18,-1.533358461130817,17
4468,79,13,98,7,-1.5335435073226167,6
4469,107,35,94,21,-1.5336456044178708,14
4470,88,84,87,43,-1.53784031820517,41
4471,86,10,22,5,-1.5381482899799122,5
4472,81,19,68,10,-1.5385400494517059,9
4473,90,41,107,20,-1.5399031537911647,21
4474,7,80,60,42,-1.540050899943462,38
4475,9,32,60,18,-1.5417639078296765,14
4476,11,20,80,10,-1.5532652275466878,10
4477,76,30,41,14,-1.5545113360773006,16
4478,50,43,63,23,-1.567969232228255,20
4479,13,61,4,33,-1.5687606312733104,28
4480,19,78,16,44,-1.5707314097450535,34
4481,88,34,96,17,-1.5755489762598094,17
4482,16,59,74,30,-1.5763144198537735,29
4483,77,33,72,17,-1.5763924134555245,16
4484,95,20,76,10,-1.5773440780858252,10
4485,90,22,55,10,-1.5786569524988743,12
4486,20,87,86,46,-1.5804412903724692,41
4487,97,34,2,18,-1.581483466739766,16
4488,25,15,2,7,-1.5845186001024003,8
4489,23,18,104,8,-1.586371905318577,10
4490,15,13,84,7,-1.5874503501072992,6
4491,7,42,114,23,-1.5876978285125973,19
4492,63,114,65,60,-1.5897439715876238,54
4493,106,53,65,28,-1.5924392992470848,25
4494,75,11,14,6,-1.594721022285634,5
4495,37,56,51,32,-1.5992269438266566,24
4496,39,90,87,47,-1.6001149029328239,43
4497,39,25,23,13,-1.6026707438333576,12
4498,54,50,11,26,-1.607549787842085,24
4499,80,14,17,8,-1.614004150921247,6
4500,109,59,87,33,-1.6142555807569896,26
4501,20,18,69,10,-1.6170767555813117,8
4502,7,20,48,11,-1.6235545275854806,9
4503,88,46,106,26,-1.6248459493396543,20
4504,84,12,64,5,-1.627208224984681,7
4505,68,45,15,26,-1.6294858409584918,19
4506,30,67,100,37,-1.629997045143956,30
4507,68,18,6,8,-1.6346986227731621,10
4508,53,44,51,24,-1.6429897779275446,20
4509,60,29,90,16,-1.645742796400736,13
4510,51,51,30,27,-1.6471939861200484,24
4511,68,23,36,12,-1.6511686348202723,11
4512,89,27,13,15,-1.652525090594345,12
4513,1,30,41,17,-1.6558361653082898,13
4514,27,52,41,29,-1.6572579480483396,23
4515,20,32,114,17,-1.657621146486575,15
4516,78,32,65,18,-1.6591985354938175,14
4517,13,141,16,76,-1.6599751006476255,65
4518,81,13,23,7,-1.662211918986376,6
4519,47,24,63,14,-1.6623324282821748,10
4520,34,13,114,6,-1.6642874528280043,7
4521,16,21,85,12,-1.666093825504177,9
4522,112,17,17,9,-1.6709980493790215,8
4523,31,28,45,15,-1.671087040669103,13
4524,94,23,11,13,-1.6715561424028802,10
4525,28,39,46,22,-1.6724095749961831,17
4526,97,16,39,9,-1.6730198449243063,7
4527,104,14,48,8,-1.6735118830252353,6
4528,7,45,63,27,-1.6735738766299257,18
4529,65,55,60,26,-1.6783178278450503,29
4530,106,40,55,22,-1.6835382667235006,18
4531,88,58,55,33,-1.6855630045879748,25
4532,28,20,73,10,-1.687006788072292,10
4533,9,29,49,14,-1.689656239541994,15
4534,86,73,15,40,-1.6901086739271767,33
4535,108,16,100,9,-1.690736908537783,7
4536,95,17,63,9,-1.6923751834394962,8
4537,23,15,36,6,-1.697287527418564,9
4538,2,10,77,5,-1.7047420693819315,5
4539,28,62,88,33,-1.710290859725632,29
4540,54,51,5,28,-1.712751834502299,23
4541,57,45,11,21,-1.7156170309875856,24
4542,83,24,104,14,-1.7171480590838877,10
4543,77,25,88,14,-1.7210000447837082,11
4544,72,21,47,13,-1.7225949179979394,8
4545,55,98,8,49,-1.722879598629846,49
4546,28,10,77,5,-1.7274479044716256,5
4547,65,20,81,11,-1.7279340652419979,9
4548,1,24,60,13,-1.730552170717303,11
4549,68,13,32,8,-1.7311662598089272,5
4550,96,38,106,21,-1.7318320126651956,17
4551,44,27,16,15,-1.7334648777380282,12
4552,9,16,111,9,-1.7347101097492725,7
4553,8,26,72,12,-1.735752550417275,14
4554,112,23,9,13,-1.7370284161007248,10
4555,19,61,15,33,-1.7375642511304923,28
4556,88,37,36,21,-1.7392851936744365,16
4557,6,11,18,6,-1.741458460094483,5
4558,36,33,60,17,-1.7416473627060736,16
4559,65,106,87,56,-1.7422362472746808,50
4560,27,30,76,17,-1.7427067110546453,13
4561,64,26,50,13,-1.7443555357645713,13
4562,39,38,76,22,-1.7471597636311933,16
4563,107,23,79,13,-1.7474071801332414,10
4564,88,17,85,9,-1.7507571303795124,8
4565,11,48,50,25,-1.75518427992584,23
4566,8,78,54,44,-1.7565177133908372,34
4567,5,98,37,51,-1.758075221984611,47
4568,64,17,47,8,-1.7592861616871218,9
4569,12,35,49,15,-1.7607112611745601,20
4570,65,51,53,26,-1.762840300330691,25
4571,65,37,77,18,-1.7628418764366445,19
4572,23,18,29,9,-1.7689038846082912,9
4573,107,95,65,50,-1.773358971643156,45
4574,109,52,13,27,-1.78131509619218,25
4575,90,25,37,13,-1.7816453937181718,12
4576,46,27,97,14,-1.7888516310767928,13
4577,48,19,20,11,-1.788885742697511,8
4578,39,35,114,17,-1.7909993968165168,18
4579,85,33,107,17,-1.792725598129701,16
4580,45,13,88,6,-1.7936864388197342,7
4581,72,21,66,12,-1.7965213010940484,9
4582,9,18,29,9,-1.8021042570677102,9
4583,31,34,51,20,-1.8036645224364254,14
4584,86,57,70,31,-1.8046372203949796,26
4585,25,22,36,11,-1.807144013826857,11
4586,111,18,40,9,-1.8104998545748772,9
4587,29,18,55,9,-1.8130539080836594,9
4588,3,33,62,18,-1.8165386741966327,15
4589,47,51,39,28,-1.8181044973460991,23
4590,37,25,76,15,-1.8207875520541705,10
4591,99,13,102,7,-1.8212893413036917,6
4592,103,27,65,16,-1.8249477039118187,11
4593,75,44,13,24,-1.82625422828726,20
4594,62,21,54,11,-1.8272040449464857,10
4595,13,29,74,15,-1.8278354237299026,14
4596,60,59,87,29,-1.8306535239042798,30
4597,20,22,95,11,-1.8350043196326247,11
4598,38,18,17,10,-1.8350446788804244,8
4599,96,38,84,19,-1.8356486827006808,19
4600,85,18,12,9,-1.8411131730635322,9
4601,73,13,50,8,-1.8439270323254189,5
4602,97,22,53,12,-1.8492466822191038,10
4603,66,15,106,9,-1.8543998994283264,6
4604,37,21,91,11,-1.8556528279471611,10
4605,97,21,93,11,-1.8583722279909514,10
4606,51,65,40,34,-1.8594614797446145,31
4607,40,11,72,6,-1.8619895873138226,5
4608,47,13,53,7,-1.867452050486345,6
4609,51,62,8,32,-1.8690209653489385,30
4610,92,15,104,7,-1.8690561053420156,8
4611,81,16,30,8,-1.8705842587540342,8
4612,45,11,104,6,-1.8714271060498433,5
4613,27,62,39,34,-1.874256839529348,28
4614,19,17,98,10,-1.8757617027076587,7
4615,8,41,2,21,-1.884865447616968,20
4616,30,16,96,9,-1.885074878690478,7
4617,64,23,25,12,-1.885723885284777,11
4618,86,44,71,22,-1.8883807510456327,22
4619,37,49,20,25,-1.8903169533308843,24
4620,98,12,85,7,-1.8929637615829242,5
4621,99,27,55,15,-1.895072402151854,12
4622,111,12,30,7,-1.9021634173356625,5
4623,9,12,93,7,-1.9054646427528426,5
4624,109,20,37,11,-1.9083987500708364,9
4625,1,38,68,20,-1.9099752765436626,18
4626,34,39,17,19,-1.9118019995598055,20
4627,74,65,8,36,-1.912865606563874,29
4628,17,11,110,6,-1.9155371371930692,5
4629,106,32,97,16,-1.9159665785715099,16
4630,11,23,62,12,-1.921949906489988,11
4631,18,21,114,11,-1.9235772497574435,10
4632,51,23,102,12,-1.9242622041835242,11
4633,80,22,7,11,-1.9253912621503408,11
4634,20,14,62,8,-1.9258934793847264,6
4635,40,19,70,11,-1.9276789997691235,8
4636,84,30,65,16,-1.9288646732683914,14
4637,97,14,23,7,-1.933052873443659,7
4638,13,86,39,46,-1.9354509403757667,40
4639,12,45,39,24,-1.9360777741434783,21
4640,51,21,66,11,-1.937976697569533,10
4641,98,10,32,5,-1.938005226383161,5
4642,7,49,71,24,-1.9387153694352721,25
4643,104,13,110,8,-1.938847445081051,5
4644,31,14,23,8,-1.9392936999416412,6
4645,112,38,107,19,-1.9399789809753514,19
4646,13,110,68,58,-1.9402174638377523,52
4647,55,20,25,11,-1.9429576796619983,9
4648,77,83,60,44,-1.9458508982604696,39
4649,61,22,13,13,-1.9474617025071013,9
4650,64,34,36,17,-1.9485056781764574,17
4651,38,13,20,8,-1.955773251876416,5
4652,35,11,50,6,-1.9581460146246799,5
4653,29,18,50,9,-1.9592313389646654,9
4654,78,21,41,12,-1.9597162558523098,9
4655,97,11,80,6,-1.9631828964682283,5
4656,112,24,41,13,-1.9642201479007202,11
4657,91,33,28,18,-1.9649527402335243,15
4658,95,11,102,6,-1.9663297200367658,5
4659,94,53,43,28,-1.967775882391458,25
4660,35,10,54,6,-1.970607603878344,4
4661,84,31,55,16,-1.972558144291078,15
4662,19,24,38,14,-1.9736354485280565,10
4663,20,13,43,6,-1.975761172706309,7
4664,100,10,91,5,-1.976157000597868,5
4665,70,32,88,17,-1.97629343595963,15
4666,108,12,20,6,-1.9767306426900584,6
4667,18,12,72,8,-1.9799025110918047,4
4668,108,19,76,10,-1.980436398470409,9
4669,38,30,68,17,-1.98112771845421,13
4670,4,19,53,10,-1.9876947928926731,9
4671,81,12,48,7,-1.988832939584028,5
4672,74,26,114,13,-1.9975972531686852,13
4673,90,14,43,8,-2.0053393579332366,6
4674,107,38,17,20,-2.0075991640867454,18
4675,97,22,83,10,-2.0076368732075736,12
4676,103,13,112,7,-2.012520719272728,6
4677,49,17,108,9,-2.01406880098137,8
4678,70,29,68,15,-2.0151181581046322,14
4679,60,11,93,7,-2.0186296316322276,4
4680,10,10,111,6,-2.019460672769103,4
4681,65,40,49,21,-2.0199053677840455,19
4682,17,44,65,26,-2.0208714349805383,18
4683,17,27,114,16,-2.0211590753648663,11
4684,70,54,16,30,-2.021288067113987,24
4685,107,65,68,33,-2.022587279841783,32
4686,50,34,17,17,-2.022768941605581,17
4687,3,30,109,15,-2.0234963041221388,15
4688,51,52,28,26,-2.0250173037261257,26
4689,13,11,32,6,-2.0261815070275415,5
4690,94,36,19,18,-2.0287789057822345,18
4691,114,14,91,7,-2.031242634143404,7
4692,93,18,11,8,-2.03919027808283,10
4693,7,14,12,7,-2.0405365521973633,7
4694,68,14,45,8,-2.0416275962437833,6
4695,43,33,57,19,-2.042992171519409,14
4696,81,12,38,6,-2.045838886192928,6
4697,68,79,16,44,-2.0462981602365193,35
4698,102,28,109,15,-2.052816303469013,13
4699,27,78,68,42,-2.0623498587984432,36
4700,20,19,57,10,-2.0635570646445043,9
4701,16,61,103,30,-2.0667754906904916,31
4702,34,30,84,16,-2.067010635537675,14
4703,20,16,104,8,-2.072480775827561,8
4704,109,33,60,18,-2.0732176354692977,15
4705,55,16,89,8,-2.0735236646324586,8
4706,54,68,20,33,-2.0740616245882655,35
4707,64,24,15,13,-2.07937286878971,11
4708,83,19,60,10,-2.080593849514112,9
4709,68,43,64,25,-2.086424402801581,18
4710,98,18,78,9,-2.0873362003062494,9
4711,11,18,40,9,-2.0894421004610075,9
4712,53,52,39,28,-2.09020456503957,24
4713,8,22,97,11,-2.094799206270942,11
4714,57,17,64,10,-2.0964467583954454,7
4715,11,22,33,10,-2.0987581423348063,12
4716,35,11,112,5,-2.1028820764336293,6
4717,94,28,68,15,-2.106511062546954,13
4718,50,20,15,11,-2.107479493612277,9
4719,103,38,51,21,-2.107763768815548,17
4720,84,20,43,10,-2.109533709992988,10
4721,80,19,74,10,-2.111602098778158,9
4722,25,11,69,6,-2.1120597510852503,5
4723,107,56,50,29,-2.1132862646405504,27
4724,76,21,20,10,-2.1167459313721046,11
4725,12,50,86,27,-2.116891085906567,23
4726,70,11,53,6,-2.117480208536361,5
4727,70,34,104,18,-2.118226250740967,16
4728,9,62,7,31,-2.12190310948229,31
4729,114,32,102,18,-2.1240842876015145,14
4730,95,10,108,6,-2.124107159080121,4
4731,88,85,8,45,-2.124921447292129,40
4732,29,29,76,15,-2.1257126582700185,14
4733,84,47,87,26,-2.1270029438512705,21
4734,88,61,41,34,-2.127673535455668,27
4735,81,27,107,14,-2.128958878371003,13
4736,43,10,98,6,-2.130277896443765,4
4737,61,12,2,7,-2.1331085158076037,5
4738,89,22,107,11,-2.1353078245406376,11
4739,102,26,8,13,-2.1358165667375646,13
4740,31,13,66,7,-2.1367157981218847,6
4741,39,39,71,21,-2.1402119009407663,18
4742,69,11,55,6,-2.141856565606561,5
4743,107,32,91,18,-2.1465856809092414,14
4744,8,21,10,12,-2.1473150021467613,9
4745,3,51,107,25,-2.147918230429534,26
4746,79,17,3,10,-2.1554920996277978,7
4747,45,20,40,11,-2.1604079227235773,9
4748,29,10,5,6,-2.165232041865749,4
4749,77,17,58,10,-2.1701174531712333,7
4750,23,21,30,12,-2.177225882726412,9
4751,60,46,43,24,-2.1827960431073006,22
4752,77,24,55,13,-2.185700732900179,11
4753,19,29,69,16,-2.1857786030180315,13
4754,69,10,64,6,-2.1864749506825816,4
4755,39,38,17,21,-2.193005161454297,17
4756,106,35,68,19,-2.1936858069827916,16
4757,75,32,60,17,-2.194819750320694,15
4758,51,93,88,45,-2.197711400725667,48
4759,56,12,91,6,-2.1992686471747738,6
4760,3,23,103,11,-2.2075812155974703,12
4761,96,50,5,28,-2.21142719225076,22
4762,87,44,12,24,-2.217430482592974,20
4763,84,23,75,12,-2.2186834285684554,11
4764,87,166,86,85,-2.2195535741372407,81
4765,20,18,78,9,-2.2240641682142086,9
4766,25,16,90,9,-2.2261576936837106,7
4767,43,65,16,36,-2.2320501408494113,29
4768,65,18,46,11,-2.2329984780581085,7
4769,114,26,4,13,-2.2345648368573663,13
4770,65,13,108,6,-2.240109849463783,7
4771,27,10,70,5,-2.2432632584575636,5
4772,113,16,86,9,-2.251799072045514,7
4773,83,11,63,7,-2.2518527555220995,4
4774,74,29,20,16,-2.2532656544174667,13
4775,25,30,95,16,-2.253973143655665,14
4776,41,13,74,6,-2.2545650248033335,7
4777,17,16,98,8,-2.257246092539532,8
4778,7,12,85,7,-2.267272935114745,5
4779,96,66,28,35,-2.2674069446039304,31
4780,31,10,61,5,-2.2696136748473643,5
4781,77,48,13,26,-2.274669714695045,22
4782,74,14,40,8,-2.2751378053719047,6
4783,92,14,65,7,-2.2769844774151675,7
4784,86,35,19,18,-2.2791182044538734,17
4785,88,71,60,39,-2.279225346453227,32
4786,69,12,77,6,-2.279799370845894,6
4787,91,17,102,9,-2.2820371803403154,8
4788,15,30,104,16,-2.28404503079547,14
4789,16,16,73,8,-2.2869477637304083,8
4790,28,76,8,41,-2.287592590077328,35
4791,4,13,106,6,-2.2878834680443574,7
4792,107,54,78,30,-2.292210852626118,24
4793,5,24,100,13,-2.293242743404464,11
4794,95,26,60,14,-2.300035058084819,12
4795,70,13,35,6,-2.304704787607643,7
4796,74,48,37,25,-2.3055487942785926,23
4797,69,13,76,8,-2.308555624427584,5
4798,107,74,30,41,-2.3091709801265945,33
4799,70,28,63,15,-2.309911464577443,13
4800,66,20,30,12,-2.310063096283516,8
4801,63,31,71,17,-2.3112629873314674,14
4802,96,58,8,31,-2.313991189820115,27
4803,91,32,88,17,-2.315767764685104,15
4804,87,18,111,10,-2.3163891448333644,8
4805,61,23,3,15,-2.318754532374438,8
4806,68,48,41,25,-2.3193714080338794,23
4807,102,21,104,10,-2.3206272974702777,11
4808,63,38,9,20,-2.323698046597421,18
4809,50,35,84,18,-2.3257021134383264,17
4810,107,53,34,30,-2.3280747508331903,23
4811,5,51,109,26,-2.3285813949081633,25
4812,109,17,22,9,-2.3288183807675726,8
4813,53,28,25,14,-2.330151085469087,14
4814,43,47,51,24,-2.3308605732068663,23
4815,19,53,54,30,-2.3419613574897964,23
4816,45,10,78,5,-2.343791897433706,5
4817,68,70,88,38,-2.348799110697708,32
4818,96,10,79,5,-2.3519921114573528,5
4819,31,36,4,21,-2.353535596679466,15
4820,66,13,3,7,-2.354012830782652,6
4821,33,12,99,7,-2.354570382478151,5
4822,109,17,40,10,-2.3545763145612293,7
4823,17,27,8,14,-2.3545788982602027,13
4824,109,14,96,8,-2.3566759619593642,6
4825,95,19,77,10,-2.357264717654792,9
4826,97,14,100,8,-2.358325970901079,6
4827,76,34,70,18,-2.358420872168422,16
4828,5,23,99,12,-2.361621902264283,11
4829,63,36,100,18,-2.3654131253541664,18
4830,50,24,40,14,-2.3671440474550494,10
4831,63,32,25,16,-2.3688265373602633,16
4832,27,30,47,16,-2.3693232707121186,14
4833,53,19,15,10,-2.37272601178427,9
4834,84,19,90,10,-2.374748457023267,9
4835,107,40,71,23,-2.3760609676092463,17
4836,72,35,54,20,-2.3778242715140485,15
4837,84,90,86,45,-2.3816790899230793,45
4838,56,13,75,8,-2.3840139649043497,5
4839,104,25,96,14,-2.3866419839158373,11
4840,71,21,4,13,-2.387175011736595,8
4841,86,89,13,50,-2.3894389801806986,39
4842,17,22,103,13,-2.3922070424387716,9
4843,49,29,68,16,-2.398106786148059,13
4844,76,36,8,20,-2.3997351089247143,16
4845,33,14,74,7,-2.401214003272286,7
4846,104,57,88,32,-2.406185933878752,25
4847,23,22,54,12,-2.4071199385443034,10
4848,50,40,8,23,-2.412256910417208,17
4849,7,32,15,15,-2.41306663658859,17
4850,94,19,28,11,-2.4149604753175535,8
4851,77,12,108,7,-2.4166060442488657,5
4852,60,33,19,17,-2.4285154178556994,16
4853,103,29,15,14,-2.430495029612442,15
4854,96,17,3,9,-2.4320783711975644,8
4855,51,19,14,12,-2.433844123091522,7
4856,49,59,30,32,-2.4343646519377504,27
4857,3,53,68,27,-2.4376682306044293,26
4858,7,56,23,30,-2.44119174027295,26
4859,50,10,32,4,-2.4440541907162885,6
4860,61,15,63,9,-2.445410080263457,6
4861,65,17,61,8,-2.4487309858444055,9
4862,51,166,16,86,-2.450287889297634,80
4863,50,23,41,13,-2.450545854937191,10
4864,50,16,58,8,-2.4508398898046004,8
4865,84,10,40,5,-2.454221067396937,5
4866,86,17,110,9,-2.4597124602837575,8
4867,25,32,102,17,-2.460889696925049,15
4868,1,17,17,9,-2.462761073509874,8
4869,28,58,87,30,-2.4778229626436263,28
4870,79,25,28,13,-2.4854050300354316,12
4871,9,27,71,15,-2.485839871550414,12
4872,107,99,8,51,-2.493134058843752,48
4873,67,13,84,6,-2.500709874534178,7
4874,86,63,114,33,-2.5031933128077966,30
4875,90,41,8,23,-2.5105672039750786,18
4876,36,15,12,8,-2.516319942513754,7
4877,29,18,97,10,-2.5164381029242997,8
4878,57,43,41,24,-2.517948165849856,19
4879,46,27,68,15,-2.520930145642669,12
4880,9,33,36,18,-2.527924078037464,15
4881,30,19,99,11,-2.530388293684777,8
4882,107,15,44,8,-2.5305445670994096,7
4883,62,10,61,5,-2.530755074166221,5
4884,34,26,12,14,-2.5314437334068667,12
4885,17,29,7,16,-2.532089441361392,13
4886,88,60,40,33,-2.532837544735202,27
4887,43,43,3,23,-2.5339116439874583,20
4888,19,50,39,29,-2.5340484534854637,21
4889,89,14,8,8,-2.5350410826092786,6
4890,109,18,78,9,-2.536529862707459,9
4891,9,22,70,13,-2.539064949919759,9
4892,65,35,97,19,-2.5397394280205594,16
4893,41,22,54,12,-2.5401886138093204,10
4894,20,40,88,20,-2.541950104212901,20
4895,50,24,7,13,-2.5443339053873677,11
4896,90,19,30,10,-2.5450399984722964,9
4897,36,74,7,40,-2.5493587507973596,34
4898,47,14,71,7,-2.550463226281338,7
4899,107,77,27,43,-2.5511814194957285,34
4900,19,72,100,39,-2.5531844110468227,33
4901,1,19,73,11,-2.5534291003907312,8
4902,38,18,78,10,-2.5568774873963793,8
4903,90,16,3,8,-2.5576823830304165,8
4904,90,48,86,27,-2.5660355304043208,21
4905,100,38,72,20,-2.56646471928765,18
4906,25,14,48,7,-2.5710538086168517,7
4907,51,29,1,15,-2.5741193049184647,14
4908,108,14,81,7,-2.575857374314636,7
4909,112,22,50,13,-2.578275791966451,9
4910,88,15,33,9,-2.581178022844097,6
4911,78,13,9,7,-2.5833894361644294,6
4912,65,71,28,40,-2.5907378992374013,31
4913,37,27,102,15,-2.5931875377695413,12
4914,77,12,62,7,-2.5961939184273137,5
4915,51,47,57,25,-2.599162353840763,22
4916,65,18,89,10,-2.6000355911927784,8
4917,91,23,36,13,-2.6004832054576417,10
4918,51,37,50,19,-2.6061429766239623,18
4919,1,29,40,16,-2.6081027273161874,13
4920,45,18,63,10,-2.6118302368324993,8
4921,62,66,16,38,-2.61339978360171,28
4922,28,42,39,22,-2.6233394077803625,20
4923,76,37,65,22,-2.6270092005408774,15
4924,88,25,76,13,-2.6331924139366385,12
4925,107,34,95,18,-2.633836762476073,16
4926,98,21,54,11,-2.633881490859558,10
4927,39,34,95,18,-2.633907594970312,16
4928,22,12,51,7,-2.634920658551637,5
4929,16,49,95,25,-2.6356538095774686,24
4930,54,13,110,7,-2.6358849029934506,6
4931,63,38,78,20,-2.641314945196581,18
4932,36,13,57,8,-2.65311609010537,5
4933,11,52,55,30,-2.65424554714003,22
4934,73,14,20,8,-2.6543798385197737,6
4935,27,24,40,11,-2.6563176029466633,13
4936,27,69,13,37,-2.660377620233211,32
4937,69,31,58,16,-2.6642219625913843,15
4938,49,12,96,6,-2.667183302246176,6
4939,33,17,104,10,-2.6680602101105784,7
4940,5,17,71,9,-2.668348512437487,8
4941,104,67,37,37,-2.6697156594454787,30
4942,7,118,13,63,-2.670897317194471,55
4943,44,17,25,9,-2.67353547628176,8
4944,39,59,8,30,-2.6741758585455173,29
4945,87,36,46,21,-2.674578900035653,15
4946,5,25,39,13,-2.679132217269281,12
4947,51,74,54,40,-2.682513246288229,34
4948,103,13,23,7,-2.6838041895864584,6
4949,107,21,93,12,-2.6848247910711347,9
4950,103,13,63,8,-2.685558245604488,5
4951,5,61,74,32,-2.685625674476679,29
4952,54,55,39,29,-2.6884013793363506,26
4953,31,23,87,12,-2.691508727503307,11
4954,65,11,10,6,-2.6916160360342993,5
4955,41,27,20,13,-2.6942971523502353,14
4956,86,39,80,21,-2.6955967301747044,18
4957,106,63,87,33,-2.697752551932461,30
4958,77,23,23,12,-2.706150066022622,11
4959,29,26,94,14,-2.7112074149721894,12
4960,88,66,114,35,-2.711653784187523,31
4961,4,20,63,11,-2.717031964261838,9
4962,88,16,34,9,-2.717519501254015,7
4963,112,28,87,15,-2.7175515057167283,13
4964,84,30,37,16,-2.724027270977717,14
4965,88,16,44,8,-2.725541522204711,8
4966,5,11,49,6,-2.7256599500520573,5
4967,88,27,12,15,-2.7283951011988448,12
4968,57,24,68,12,-2.731461721250245,12
4969,63,12,99,6,-2.7377253409939395,6
4970,102,35,54,19,-2.738133577396995,16
4971,51,14,93,7,-2.739926239910042,7
4972,11,48,15,26,-2.742260300042272,22
4973,64,45,53,25,-2.745377769816893,20
4974,51,26,71,14,-2.7484840529184043,12
4975,53,59,18,31,-2.7513707761513224,28
4976,46,16,3,8,-2.7521722319308535,8
4977,96,34,97,17,-2.7556888339056824,17
4978,94,17,1,8,-2.7623810098011927,9
4979,23,24,64,13,-2.7636463909122835,11
4980,69,23,15,13,-2.7652098531538085,10
4981,88,60,27,31,-2.7660588381556592,29
4982,38,11,50,7,-2.769596671810692,4
4983,15,53,30,30,-2.77076447907431,23
4984,38,13,91,7,-2.7743073858685916,6
4985,100,12,93,7,-2.776431312725252,5
4986,87,17,10,9,-2.7770692343126613,8
4987,40,30,18,18,-2.780722164544755,12
4988,18,19,27,10,-2.7809093544414445,9
4989,65,100,51,55,-2.781180263469489,45
4990,23,21,27,11,-2.786702169539244,10
4991,112,14,85,8,-2.7888570708398155,6
4992,16,60,34,34,-2.7897765848051375,26
4993,102,12,70,5,-2.7906887378625385,7
4994,58,35,16,19,-2.792297264032719,16
4995,36,13,100,7,-2.7923934619121082,6
4996,1,26,7,14,-2.7932054952385057,12
4997,44,14,68,7,-2.795327721392822,7
4998,50,15,23,10,-2.79562399723425,5
4999,8,32,83,16,-2.795775595052068,16
5000,57,37,30,22,-2.7970856495229275,15
5001,27,15,33,8,-2.798031990621951,7
5002,65,26,48,13,-2.800978027003419,13
5003,109,17,95,10,-2.8028139434765262,7
5004,112,14,106,7,-2.805082024542775,7
5005,71,42,65,24,-2.8056942435602354,18
5006,41,15,99,8,-2.808167291861728,7
5007,36,32,1,16,-2.8095303452930676,16
5008,75,12,89,6,-2.8102991984970793,6
5009,40,48,9,27,-2.81743847104381,21
5010,76,26,97,14,-2.8180456861896683,12
5011,48,14,68,7,-2.8206443314688054,7
5012,71,13,18,7,-2.821320109059585,6
5013,112,21,75,12,-2.824219405034082,9
5014,28,104,86,58,-2.8374089851944664,46
5015,16,25,4,12,-2.8411046840521466,13
5016,15,55,13,29,-2.846725326875937,26
5017,33,13,97,7,-2.8486496222061612,6
5018,28,96,16,53,-2.854985092700266,43
5019,28,25,69,13,-2.8619129564051375,12
5020,78,14,108,8,-2.8642940930834624,6
5021,84,70,28,39,-2.8670003890442084,31
5022,55,32,53,18,-2.868206535572335,14
5023,33,20,54,12,-2.8689259657846455,8
5024,87,25,83,13,-2.871024026015094,12
5025,1,14,112,9,-2.8723250567679224,5
5026,2,10,108,6,-2.87346504815302,4
5027,30,21,75,11,-2.8743282279457314,10
5028,77,14,106,7,-2.8755893681261617,7
5029,46,25,17,14,-2.875672610475698,11
5030,20,36,11,21,-2.8760492087904987,15
5031,48,18,88,11,-2.878155115044796,7
5032,47,14,54,7,-2.88372764017616,7
5033,71,34,30,18,-2.8915964337712703,16
5034,102,29,11,15,-2.8971531315809,14
5035,51,43,12,23,-2.897243332614714,20
5036,114,14,44,8,-2.90413534978327,6
5037,79,33,16,19,-2.9049583801159375,14
5038,9,19,62,10,-2.9069158954391585,9
5039,53,29,95,18,-2.9078610003173133,11
5040,19,49,78,28,-2.9111871661990016,21
5041,10,12,104,6,-2.911353003023708,6
5042,33,10,37,6,-2.9157377490462273,4
5043,31,11,55,6,-2.9183781753906346,5
5044,9,17,109,8,-2.91854195196147,9
5045,80,27,20,15,-2.920287539683028,12
5046,106,19,102,9,-2.920725539256512,10
5047,61,21,88,13,-2.9209863910476948,8
5048,112,21,77,10,-2.921116306986577,11
5049,62,14,1,7,-2.9215215839903967,7
5050,103,14,37,9,-2.9215508243945587,5
5051,11,25,64,15,-2.9255858660863483,10
5052,33,10,3,6,-2.927658221464772,4
5053,40,18,12,9,-2.9302897037093416,9
5054,28,21,33,10,-2.934003356051797,11
5055,87,20,36,12,-2.935573250897671,8
5056,65,27,83,14,-2.938404758323202,13
5057,5,63,16,37,-2.93851451686489,26
5058,1,18,9,8,-2.9438107743951827,10
5059,46,18,71,9,-2.9448527741935377,9
5060,87,43,95,22,-2.9457384620663962,21
5061,43,22,12,13,-2.947690181834288,9
5062,2,14,30,7,-2.949922732588634,7
5063,3,26,58,16,-2.951263633453149,10
5064,16,34,111,18,-2.951369699467131,16
5065,8,41,60,21,-2.9526156128958108,20
5066,66,11,55,6,-2.95709645710416,5
5067,93,19,20,9,-2.9574857323051185,10
5068,53,16,29,10,-2.9575888480728256,6
5069,92,11,54,7,-2.9582154924554316,4
5070,68,110,7,60,-2.9588229705618185,50
5071,57,18,25,10,-2.9649349505538742,8
5072,64,18,80,9,-2.9650965179266966,9
5073,63,16,73,8,-2.966556049159883,8
5074,50,26,90,14,-2.969099568178274,12
5075,37,21,2,11,-2.969758011269449,10
5076,37,61,16,33,-2.9698646447620947,28
5077,100,18,47,10,-2.9713075033918463,8
5078,109,31,49,17,-2.97136925183027,14
5079,27,13,66,7,-2.971629996689292,6
5080,8,38,23,21,-2.9721440513790873,17
5081,92,21,13,10,-2.9728005330432006,11
5082,4,32,36,19,-2.973906674035423,13
5083,106,36,84,18,-2.975473960825012,18
5084,13,30,33,16,-2.975973236640013,14
5085,1,13,46,6,-2.9771068452784513,7
5086,13,23,85,14,-2.985985548040523,9
5087,43,18,58,9,-2.992833588975884,9
5088,69,11,4,6,-2.9994841766617113,5
5089,34,14,96,8,-3.001763014782561,6
5090,39,18,102,10,-3.0031947941705375,8
5091,63,42,74,22,-3.0096162132471513,20
5092,76,17,12,8,-3.010224465819308,9
5093,13,70,104,39,-3.0106963178385566,31
5094,86,193,16,110,-3.0122418633504315,83
5095,16,48,20,28,-3.0148860726120588,20
5096,20,23,19,12,-3.0154223084285916,11
5097,43,41,27,22,-3.0186200832068577,19
5098,33,17,40,11,-3.0217035797006964,6
5099,79,38,86,21,-3.025515072530801,17
5100,41,46,63,25,-3.0272340731708356,21
5101,16,84,104,47,-3.0272625954930823,37
5102,65,39,25,23,-3.0368934823131153,16
5103,79,22,30,13,-3.038702569108576,9
5104,38,13,102,9,-3.0409012245006566,4
5105,93,28,86,15,-3.047207829379784,13
5106,51,24,38,12,-3.0487916588089328,12
5107,63,18,108,10,-3.053968972225457,8
5108,55,45,7,26,-3.0547614693932803,19
5109,63,21,17,11,-3.0560482096450983,10
5110,60,83,13,47,-3.0599526828166437,36
5111,25,18,71,10,-3.0644100067848146,8
5112,15,30,63,17,-3.064425667977127,13
5113,80,19,104,10,-3.0657948817606893,9
5114,25,30,75,17,-3.0695517335408993,13
5115,76,40,50,19,-3.07046218693442,21
5116,7,37,43,22,-3.070632441088369,15
5117,48,26,30,15,-3.074063273350933,11
5118,104,23,97,12,-3.0789791419269115,11
5119,62,16,55,9,-3.0797392954165557,7
5120,28,12,66,6,-3.0826665795427424,6
5121,37,59,107,32,-3.087858660035623,27
5122,50,17,93,10,-3.0892168464304066,7
5123,27,17,6,9,-3.094787186521295,8
5124,109,10,85,7,-3.095406882310694,3
5125,18,18,38,9,-3.0958157830896846,9
5126,34,31,100,16,-3.0986350729739387,15
5127,54,29,17,15,-3.099464272586132,14
5128,74,16,88,10,-3.1000151762465453,6
5129,68,14,99,8,-3.100103615084475,6
5130,57,20,9,11,-3.1019493918441303,9
5131,100,24,98,14,-3.102517713271865,10
5132,86,21,111,12,-3.1037611827633467,9
5133,102,18,19,11,-3.1051777233544415,7
5134,8,25,12,14,-3.110323041747002,11
5135,4,24,50,12,-3.110559237136967,12
5136,17,25,25,14,-3.1106502600539123,11
5137,55,32,76,19,-3.115456044147197,13
5138,80,11,36,6,-3.115857421175655,5
5139,88,21,72,12,-3.1180238666219515,9
5140,48,36,28,20,-3.1189690871072235,16
5141,62,41,107,21,-3.1238835580649185,20
5142,107,81,39,44,-3.1264954681329526,37
5143,28,11,6,6,-3.131247568187587,5
5144,54,20,91,10,-3.132812155177027,10
5145,41,24,47,12,-3.137759511909013,12
5146,9,23,114,15,-3.140025237540426,8
5147,104,33,30,17,-3.143593503017401,16
5148,39,64,100,35,-3.1441936552298295,29
5149,52,12,51,6,-3.149467859967835,6
5150,7,51,104,28,-3.1582194180075027,23
5151,82,21,86,12,-3.1586560919846343,9
5152,4,19,75,11,-3.1591429263358264,8
5153,87,42,77,23,-3.1611967420913967,19
5154,62,11,103,5,-3.1637632072735613,6
5155,66,20,63,11,-3.166079264336923,9
5156,69,30,41,18,-3.1671568486745967,12
5157,20,26,55,14,-3.1691541193918393,12
5158,94,17,103,9,-3.169581965412978,8
5159,60,25,106,15,-3.171261503808185,10
5160,15,64,57,35,-3.178594478794404,29
5161,54,29,78,16,-3.1794235894954275,13
5162,39,42,64,23,-3.1794613974363184,19
5163,114,31,54,16,-3.1847921316014287,15
5164,90,22,17,13,-3.190848422422067,9
5165,8,15,69,8,-3.1913004711052855,7
5166,23,62,16,34,-3.1954099880686777,28
5167,39,41,36,23,-3.1998605067578247,18
5168,45,24,64,14,-3.2007569662217303,10
5169,17,28,106,17,-3.2039846830051175,11
5170,41,38,60,19,-3.207056299166633,19
5171,97,12,56,6,-3.20853124358707,6
5172,72,18,63,11,-3.2092039339659753,7
5173,31,47,60,23,-3.209470727487928,24
5174,97,19,50,11,-3.210625734622635,8
5175,74,16,17,9,-3.211770551027836,7
5176,94,18,55,10,-3.2183549150249458,8
5177,46,68,86,40,-3.224299996347104,28
5178,46,54,51,30,-3.2281613659699127,24
5179,65,50,23,26,-3.2292420048113133,24
5180,97,14,3,7,-3.230803945654675,7
5181,50,64,87,34,-3.234468122357914,30
5182,36,49,107,26,-3.2348387046482574,23
5183,60,25,99,14,-3.23819445910271,11
5184,88,42,100,24,-3.2386401365610324,18
5185,87,47,94,24,-3.2387554797070868,23
5186,41,23,103,12,-3.2449133165221427,11
5187,48,22,76,13,-3.246731839163843,9
5188,68,25,29,14,-3.253332721067046,11
5189,25,47,114,27,-3.2540864225169717,20
5190,109,17,62,8,-3.255622797965432,9
5191,8,31,64,18,-3.256233691128028,13
5192,74,24,7,15,-3.2574931437928867,9
5193,109,11,2,6,-3.268905536562723,5
5194,42,13,72,7,-3.2762220898923595,6
5195,77,32,19,17,-3.280484509499524,15
5196,1,37,13,22,-3.2879398916144846,15
5197,107,48,19,28,-3.2879965034773133,20
5198,35,15,55,8,-3.2899027901624853,7
5199,109,40,104,22,-3.296647820392758,18
5200,98,11,34,5,-3.2977526881218022,6
5201,104,35,41,18,-3.298393432816603,17
5202,61,13,47,7,-3.3043540506366402,6
5203,64,21,114,12,-3.3046667254482798,9
5204,13,77,100,42,-3.3069801769341396,35
5205,64,43,107,23,-3.3076512331365557,20
5206,96,14,41,9,-3.3088942892360294,5
5207,25,66,86,35,-3.3097455853588764,31
5208,54,59,96,30,-3.3145176699500087,29
5209,65,15,91,8,-3.3163495305180635,7
5210,84,16,97,10,-3.3164282058099315,6
5211,97,14,98,7,-3.3185319117606134,7
5212,55,85,13,47,-3.325656298998864,38
5213,107,87,100,45,-3.329956994690944,42
5214,38,15,2,8,-3.3317495398967756,7
5215,16,35,102,19,-3.3336496227156442,16
5216,81,12,50,6,-3.335453957922903,6
5217,66,10,57,6,-3.3363422399399503,4
5218,5,13,68,7,-3.3380294056441095,6
5219,12,32,68,17,-3.3414057521350977,15
5220,20,19,15,11,-3.3455642497005824,8
5221,20,10,83,5,-3.3478898251644154,5
5222,107,15,14,9,-3.3479962116917648,6
5223,106,17,14,10,-3.3600594128266157,7
5224,61,14,9,8,-3.362078776884604,6
5225,8,23,14,13,-3.3634201583462144,10
5226,97,25,54,13,-3.3648153427656795,12
5227,20,17,40,10,-3.3649339637959677,7
5228,28,56,13,30,-3.367189637590283,26
5229,64,27,3,14,-3.371328430062595,13
5230,96,18,73,10,-3.3726024221333355,8
5231,33,11,17,6,-3.3766690615259973,5
5232,91,16,74,9,-3.379327346818842,7
5233,75,20,70,10,-3.3793498632006282,10
5234,43,15,70,9,-3.383063622759158,6
5235,55,28,36,15,-3.38333657725735,13
5236,39,45,9,23,-3.3911292824052466,22
5237,104,10,73,6,-3.3914910994647247,4
5238,86,98,11,54,-3.3915882895474136,44
5239,69,54,16,31,-3.3920723082068207,23
5240,34,21,67,13,-3.3930847952008207,8
5241,28,13,4,7,-3.394082491248691,6
5242,9,56,107,29,-3.398652320426972,27
5243,60,30,76,18,-3.4020626460630288,12
5244,11,22,79,13,-3.411899322441765,9
5245,36,11,17,5,-3.4172736451567602,6
5246,78,18,28,9,-3.4177116588011063,9
5247,37,12,4,7,-3.4218717037755013,5
5248,23,12,19,6,-3.424306038757788,6
5249,27,52,7,28,-3.4308990471010476,24
5250,48,20,106,11,-3.4316235296616595,9
5251,63,25,49,13,-3.435463908483024,12
5252,57,31,103,17,-3.4419417004767805,14
5253,12,25,103,12,-3.4495496342358525,13
5254,86,97,63,57,-3.452765603775126,40
5255,114,14,112,7,-3.452952980329055,7
5256,5,23,33,12,-3.4543275091771934,11
5257,78,57,86,30,-3.4646088097959504,27
5258,49,21,50,11,-3.468500479588225,10
5259,70,20,25,11,-3.484518115943742,9
5260,51,30,36,16,-3.4874600225025043,14
5261,36,13,62,7,-3.4895283270523745,6
5262,53,14,23,8,-3.489897713169178,6
5263,5,16,14,10,-3.4903696256491523,6
5264,98,21,27,11,-3.4907914371999365,10
5265,54,10,6,5,-3.4921987314309866,5
5266,109,26,20,16,-3.4929177397438647,10
5267,114,36,97,20,-3.4948097299506924,16
5268,81,42,86,26,-3.5000512056753488,16
5269,45,30,16,18,-3.500229637497555,12
5270,100,104,16,57,-3.501542313124834,47
5271,15,22,47,11,-3.501960777576647,11
5272,77,30,3,16,-3.5028026588503223,14
5273,98,17,73,9,-3.5039598524288147,8
5274,109,27,25,15,-3.504136926234722,12
5275,23,16,74,9,-3.505315761927062,7
5276,29,39,3,22,-3.506465568726695,17
5277,3,19,102,11,-3.508860335973488,8
5278,17,24,11,13,-3.5151101549695967,11
5279,48,26,39,16,-3.5170001195544103,10
5280,86,61,60,34,-3.5187177495715325,27
5281,54,32,9,17,-3.52060468099837,15
5282,74,16,89,9,-3.5219803445540383,7
5283,51,118,13,62,-3.5270656680974746,56
5284,50,55,37,29,-3.5287986061002137,26
5285,25,17,93,9,-3.53003978897563,8
5286,78,36,72,18,-3.5332848345521466,18
5287,62,10,6,6,-3.5345556158920366,4
5288,84,26,85,16,-3.5349178606931724,10
5289,7,15,44,8,-3.535266020755458,7
5290,47,15,58,9,-3.535505795510925,6
5291,30,32,28,17,-3.5399264254738525,15
5292,36,65,40,37,-3.5400829247343593,28
5293,70,11,33,6,-3.545285037756224,5
5294,37,21,62,13,-3.5526687288143344,8
5295,36,19,28,10,-3.554999615354129,9
5296,79,12,60,7,-3.555370933230573,5
5297,7,28,6,13,-3.563185524233912,15
5298,87,21,6,12,-3.566989216260902,9
5299,43,19,25,12,-3.5730773529480713,7
5300,60,23,72,13,-3.5740579967580426,10
5301,87,22,14,13,-3.5746572289058025,9
5302,78,14,33,8,-3.5759620126343434,6
5303,107,104,13,58,-3.5823571365998435,46
5304,5,62,88,33,-3.583030843412139,29
5305,53,16,89,8,-3.5841561916451754,8
5306,11,18,14,11,-3.5868100547047623,7
5307,95,10,97,6,-3.5894324713347885,4
5308,11,22,7,13,-3.590907173314133,9
5309,5,61,104,33,-3.5931408944870395,28
5310,57,14,106,7,-3.59361898372693,7
5311,16,57,75,31,-3.59529020803502,26
5312,71,30,62,16,-3.595660766482277,14
5313,79,23,34,14,-3.5987779482770503,9
5314,41,88,65,52,-3.5987797514188595,36
5315,32,24,86,13,-3.600337352350486,11
5316,48,20,57,11,-3.6029530896154434,9
5317,43,36,11,20,-3.6077101140523493,16
5318,27,46,12,27,-3.608122673674791,19
5319,53,18,57,10,-3.6099087824903453,8
5320,88,36,1,19,-3.6124862498641357,17
5321,16,89,54,48,-3.615673866447301,41
5322,79,15,112,8,-3.621796379179409,7
5323,28,26,80,14,-3.6230809501897747,12
5324,5,51,55,29,-3.628046191114139,22
5325,81,17,47,10,-3.6281046116933027,7
5326,80,40,16,24,-3.6321164367593313,16
5327,12,17,63,8,-3.633804817129702,9
5328,70,10,14,5,-3.647042134114855,5
5329,23,13,9,7,-3.6475995665029,6
5330,35,16,3,9,-3.648176724383079,7
5331,18,11,17,5,-3.651905683853183,6
5332,32,21,107,11,-3.65469777615246,10
5333,71,10,90,5,-3.6561036030201173,5
5334,31,24,39,14,-3.6610558433956157,10
5335,102,16,29,10,-3.6619328281849266,6
5336,64,17,62,8,-3.663920720643753,9
5337,85,20,28,11,-3.6675135147560156,9
5338,84,21,38,11,-3.6699802067032445,10
5339,11,55,13,30,-3.67162895091577,25
5340,43,32,78,19,-3.677599053558941,13
5341,23,24,75,12,-3.6944928545232503,12
5342,86,30,94,17,-3.6953404582805356,13
5343,28,19,23,10,-3.6970356039584327,9
5344,108,12,17,7,-3.6979659768897495,5
5345,108,15,29,8,-3.6991799646967554,7
5346,64,21,1,11,-3.7140968256416436,10
5347,5,21,15,13,-3.7147342263498166,8
5348,62,40,86,22,-3.717386716987272,18
5349,16,31,81,17,-3.7185584556590716,14
5350,86,40,91,22,-3.721705750823955,18
5351,40,13,15,7,-3.72557831166786,6
5352,77,12,80,7,-3.7262625630301063,5
5353,5,31,90,18,-3.72922813011693,13
5354,40,59,60,33,-3.7350164129782835,26
5355,4,13,1,8,-3.7360390878519705,5
5356,15,22,114,12,-3.738957644919693,10
5357,102,22,30,11,-3.7401377409606145,11
5358,84,55,51,31,-3.742451182903001,24
5359,54,58,28,33,-3.742783353616919,25
5360,40,42,53,23,-3.7429391558119973,19
5361,37,24,41,14,-3.745613017669992,10
5362,86,30,35,18,-3.7471125619778705,12
5363,104,17,57,11,-3.7521517026783133,6
5364,107,13,52,8,-3.7535584759825276,5
5365,49,13,91,7,-3.7583627753373605,6
5366,17,14,102,8,-3.765627490194505,6
5367,15,52,100,29,-3.7669605803034765,23
5368,95,10,92,6,-3.7703330695633994,4
5369,9,27,55,16,-3.772633679119087,11
5370,17,21,87,12,-3.7733166042192905,9
5371,13,47,114,23,-3.7759149187311722,24
5372,51,41,49,22,-3.7775771636674347,19
5373,93,10,7,5,-3.7802315490169547,5
5374,50,26,100,15,-3.782781437189812,11
5375,98,28,104,13,-3.783243181516934,15
5376,51,52,106,29,-3.7850976424308227,23
5377,54,29,25,16,-3.7885203565536667,13
5378,35,27,11,15,-3.789794628629366,12
5379,109,54,51,34,-3.7903249966345136,20
5380,109,36,76,22,-3.795336770384902,14
5381,39,11,6,6,-3.796620754703812,5
5382,46,24,114,14,-3.7986694418112292,10
5383,49,47,76,27,-3.80120821079111,20
5384,27,29,75,17,-3.8077017086039846,12
5385,18,26,15,15,-3.8081841569878963,11
5386,27,34,8,18,-3.810945432555074,16
5387,109,22,97,12,-3.811583401475488,10
5388,71,27,28,16,-3.8126316435493957,11
5389,5,16,110,9,-3.8138584796050905,7
5390,91,28,5,17,-3.814625093066518,11
5391,51,40,114,21,-3.8167576032502195,19
5392,75,12,48,7,-3.8239435270874167,5
5393,3,11,4,6,-3.8250463920918425,5
5394,12,11,111,5,-3.8360170890156358,6
5395,107,130,87,72,-3.8383022585877806,58
5396,31,23,18,12,-3.8430258307678686,11
5397,76,39,28,21,-3.8485126894088935,18
5398,17,17,85,10,-3.8507511089593,7
5399,107,50,40,30,-3.8570605527160122,20
5400,69,17,62,9,-3.8599729189048637,8
5401,43,23,29,14,-3.8633299196916893,9
5402,86,87,74,47,-3.8641970751500203,40
5403,28,54,20,30,-3.866248630000691,24
5404,86,22,66,12,-3.866456914697841,10
5405,80,16,90,10,-3.8670676152144083,6
5406,30,20,9,12,-3.868601823571545,8
5407,69,32,78,18,-3.871427913005369,14
5408,48,11,2,7,-3.8719596921161834,4
5409,57,42,19,23,-3.874414635520895,19
5410,49,33,78,17,-3.8747841036965753,16
5411,3,86,87,49,-3.874927360168751,37
5412,112,15,8,9,-3.8800170080974894,6
5413,49,11,102,7,-3.880578970933132,4
5414,95,43,104,25,-3.881851437824227,18
5415,57,12,6,7,-3.882176264826061,5
5416,62,25,15,14,-3.8828064342049426,11
5417,18,27,3,16,-3.8877919842446715,11
5418,5,17,40,9,-3.8914877974226956,8
5419,54,25,1,14,-3.8929886538978145,11
5420,76,12,99,6,-3.8973604772901056,6
5421,47,12,62,7,-3.897508167665008,5
5422,19,24,64,15,-3.8978418754092083,9
5423,63,30,55,16,-3.900377194965691,14
5424,54,35,104,19,-3.907950110593172,16
5425,48,14,23,8,-3.910408208571404,6
5426,107,61,41,37,-3.913438956605842,24
5427,7,112,16,62,-3.915939151697226,50
5428,64,29,75,16,-3.916000714039239,13
5429,2,28,5,16,-3.923277825320164,12
5430,76,16,44,9,-3.924366014720929,7
5431,20,15,18,9,-3.9303607040253326,6
5432,33,11,41,7,-3.93718343109045,4
5433,76,22,84,12,-3.9389733435046645,10
5434,8,26,62,15,-3.942054503863254,11
5435,40,11,6,6,-3.944267868023087,5
5436,104,11,67,6,-3.9505697623954874,5
5437,91,15,9,8,-3.9508212932565088,7
5438,43,19,74,10,-3.953605497650348,9
5439,37,23,40,12,-3.9558411724945217,11
5440,30,19,80,11,-3.9565548677282316,8
5441,84,21,10,12,-3.960254602065843,9
5442,94,11,84,6,-3.9681566657444405,5
5443,102,13,41,8,-3.968301975819481,5
5444,62,25,13,14,-3.96987023928499,11
5445,14,12,96,7,-3.975747798085742,5
5446,76,10,83,6,-3.979171756100496,4
5447,97,18,60,9,-3.9792005525226384,9
5448,38,41,107,24,-3.98352419957243,17
5449,61,15,100,8,-3.983968635830274,7
5450,55,35,80,18,-3.9840812801034198,17
5451,14,12,112,6,-3.9932359631148633,6
5452,19,50,29,29,-3.997442353719862,21
5453,112,16,31,10,-4.001730552260444,6
5454,77,18,5,10,-4.010067732208504,8
5455,110,20,8,12,-4.013172679497397,8
5456,95,11,27,7,-4.01758766131288,4
5457,19,25,28,15,-4.019180575644085,10
5458,86,55,43,30,-4.020181905559185,25
5459,79,14,29,9,-4.020689709966037,5
5460,78,50,13,28,-4.0246005326037215,22
5461,57,23,60,13,-4.037432638780123,10
5462,114,41,63,26,-4.0379729890543565,15
5463,43,10,1,5,-4.038976715758714,5
5464,64,21,12,12,-4.03957866859384,9
5465,96,14,38,8,-4.043216236562185,6
5466,69,12,84,7,-4.046782427990892,5
5467,40,10,32,5,-4.050021677419865,5
5468,17,54,16,33,-4.0508052290713366,21
5469,20,10,14,6,-4.05196683725804,4
5470,75,16,15,10,-4.056062954518072,6
5471,11,48,65,26,-4.056158377619189,22
5472,69,18,74,9,-4.057509657528144,9
5473,39,11,56,5,-4.061429150921741,6
5474,78,37,100,21,-4.0618493510224765,16
5475,51,52,78,27,-4.0640144409633665,25
5476,95,12,43,7,-4.065288768086308,5
5477,23,27,63,16,-4.0662941273627515,11
5478,77,26,15,15,-4.066647435390433,11
5479,73,19,65,11,-4.067312461469671,8
5480,31,68,7,38,-4.069172309295861,30
5481,93,17,75,9,-4.069384641387427,8
5482,37,15,69,8,-4.071098728743587,7
5483,46,21,95,12,-4.071848693893571,9
5484,11,17,85,10,-4.074093197649269,7
5485,75,21,91,8,-4.084376386784757,13
5486,19,11,36,6,-4.08859021842168,5
5487,8,15,111,8,-4.091375789332371,7
5488,35,24,20,14,-4.0987287220029165,10
5489,50,34,65,19,-4.1001129619996295,15
5490,51,48,77,25,-4.100296579818322,23
5491,93,20,83,11,-4.100880722204596,9
5492,63,30,97,17,-4.107378727934816,13
5493,27,44,34,24,-4.110971647045813,20
5494,51,20,85,11,-4.111259035742405,9
5495,2,12,7,7,-4.115660194227728,5
5496,17,23,72,13,-4.117745356045157,10
5497,87,14,42,8,-4.125698672116462,6
5498,93,11,80,5,-4.126481778838965,6
5499,50,15,83,7,-4.131296712002355,8
5500,106,51,107,28,-4.131711792879515,23
5501,112,33,100,18,-4.132414150094655,15
5502,20,11,71,7,-4.1364305573939655,4
5503,66,18,87,10,-4.140314373651453,8
5504,71,47,53,27,-4.141303557057989,20
5505,28,77,50,44,-4.143924434349461,33
5506,17,12,99,7,-4.148375833376952,5
5507,49,12,84,8,-4.15268228904649,4
5508,2,10,19,5,-4.15617878328422,5
5509,67,14,114,8,-4.157586764032949,6
5510,27,14,92,7,-4.157793062407015,7
5511,52,17,30,10,-4.158499353957514,7
5512,46,20,64,12,-4.163045047710226,8
5513,5,40,83,21,-4.163709904424498,19
5514,96,24,60,16,-4.164982345638217,8
5515,72,21,89,12,-4.167889142631982,9
5516,30,19,35,11,-4.174375049562899,8
5517,25,27,23,15,-4.182190113226042,12
5518,99,32,16,18,-4.188354308638615,14
5519,93,15,29,8,-4.188724926111399,7
5520,41,29,43,16,-4.189201859304195,13
5521,23,57,107,31,-4.195631697148174,26
5522,107,86,88,50,-4.201958476281025,36
5523,36,56,65,32,-4.205692860728478,24
5524,20,21,17,12,-4.207666463256875,9
5525,62,32,49,20,-4.20805622701328,12
5526,44,15,100,8,-4.208358798466622,7
5527,109,41,43,25,-4.210361219691965,16
5528,48,10,52,6,-4.211289472665269,4
5529,18,19,4,11,-4.220670692754496,8
5530,100,29,28,17,-4.221129674472951,12
5531,44,11,71,6,-4.223524348839454,5
5532,46,12,48,7,-4.225391974153922,5
5533,15,17,34,10,-4.22791233616001,7
5534,11,29,48,17,-4.229170885335417,12
5535,62,20,30,11,-4.230291626453229,9
5536,46,70,13,41,-4.232027372997744,29
5537,108,21,50,11,-4.23237995196548,10
5538,41,63,51,35,-4.234503271062268,28
5539,86,96,7,56,-4.236966936146966,40
5540,87,31,71,17,-4.240167636343153,14
5541,71,44,16,26,-4.24180487871631,18
5542,65,41,43,22,-4.243102825115749,19
5543,69,42,13,24,-4.244765914439893,18
5544,70,13,100,7,-4.246698616682759,6
5545,38,14,71,9,-4.250425614356072,5
5546,68,32,69,18,-4.253129950198648,14
5547,19,31,34,18,-4.253173871839046,13
5548,87,68,43,38,-4.255922664361704,30
5549,106,55,37,29,-4.262507559544696,26
5550,100,20,9,12,-4.263839107868786,8
5551,15,28,23,16,-4.277369019757658,12
5552,62,19,72,11,-4.281473875909814,8
5553,46,15,38,9,-4.283099176934334,6
5554,69,22,50,11,-4.283220710932239,11
5555,38,21,8,12,-4.287454798399294,9
5556,16,47,89,26,-4.294519899396669,21
5557,34,28,29,15,-4.299398009291173,13
5558,55,45,37,24,-4.301001080588835,21
5559,53,27,106,14,-4.302319600135904,13
5560,54,65,63,37,-4.312244094324418,28
5561,104,64,86,36,-4.312979598799538,28
5562,17,23,97,13,-4.313428551304964,10
5563,51,34,62,19,-4.314477152798724,15
5564,23,29,12,16,-4.316041786534522,13
5565,40,22,4,12,-4.316643149060886,10
5566,77,42,30,24,-4.317093149342029,18
5567,3,38,69,23,-4.319618121669495,15
5568,11,24,77,13,-4.327763893344426,11
5569,86,75,37,41,-4.327795117897229,34
5570,80,14,19,8,-4.32884820464931,6
5571,49,56,27,32,-4.3302843423165145,24
5572,41,19,95,11,-4.33214397979218,8
5573,46,29,60,17,-4.333686025013953,12
5574,6,16,65,9,-4.346168811124804,7
5575,19,43,51,26,-4.351749709025999,17
5576,27,57,100,32,-4.35933946989148,25
5577,83,11,19,6,-4.35939819270106,5
5578,71,31,64,19,-4.3594731378011655,12
5579,23,20,95,11,-4.361896262769259,9
5580,88,32,47,18,-4.361953236186541,14
5581,70,17,49,9,-4.364791676107705,8
5582,9,15,74,9,-4.367415226980933,6
5583,23,23,40,13,-4.368423326803304,10
5584,88,103,86,58,-4.3729235653133225,45
5585,3,20,54,11,-4.376377325817572,9
5586,35,31,107,19,-4.377615317489308,12
5587,25,33,87,18,-4.379098196808539,15
5588,29,20,54,12,-4.381395329954479,8
5589,3,29,8,15,-4.388955168754834,14
5590,38,26,109,16,-4.389871476870703,10
5591,16,39,97,21,-4.395866715554319,18
5592,5,35,76,20,-4.4006703577730075,15
5593,38,22,9,13,-4.401748488474486,9
5594,108,14,71,8,-4.402422140240555,6
5595,5,118,86,67,-4.4152564938780525,51
5596,53,64,7,36,-4.416213736910667,28
5597,70,30,84,17,-4.416286467774103,13
5598,13,30,99,17,-4.4209668288342625,13
5599,20,14,23,8,-4.427778675436007,6
5600,58,10,17,4,-4.43139506148379,6
5601,70,39,37,23,-4.433263990915908,16
5602,96,16,78,10,-4.433803384678501,6
5603,8,115,16,66,-4.440092234488403,49
5604,97,11,77,7,-4.454901155383995,4
5605,85,14,19,8,-4.456802611003387,6
5606,29,24,41,14,-4.462227527739392,10
5607,54,15,79,9,-4.4628144491387465,6
5608,57,16,85,9,-4.462920901490054,7
5609,32,18,37,10,-4.466542082918523,8
5610,37,23,39,13,-4.467775271301241,10
5611,49,63,87,33,-4.469205289672345,30
5612,33,15,30,10,-4.4716115697648915,5
5613,25,31,96,17,-4.472832877552796,14
5614,39,20,69,11,-4.479618885601425,9
5615,71,44,75,27,-4.485645835804011,17
5616,20,26,30,15,-4.4922750522872645,11
5617,87,82,100,45,-4.493870933802051,37
5618,46,10,108,7,-4.49601960881211,3
5619,62,15,89,8,-4.498412890474859,7
5620,70,13,15,6,-4.5014544457963614,7
5621,96,11,64,7,-4.502415484644475,4
5622,96,10,57,5,-4.51150966917618,5
5623,8,10,92,7,-4.512073615754891,3
5624,112,18,49,10,-4.51791122222607,8
5625,65,52,74,29,-4.5192273974064765,23
5626,50,23,74,13,-4.520207268757789,10
5627,28,44,55,26,-4.526943972884062,18
5628,38,11,15,7,-4.5291162968689695,4
5629,66,25,107,14,-4.531519112697894,11
5630,18,18,76,10,-4.53890845574976,8
5631,28,29,93,18,-4.540056078542574,11
5632,60,23,89,12,-4.544420628812149,11
5633,90,11,72,6,-4.550058771043885,5
5634,15,18,99,11,-4.551461310618722,7
5635,46,15,83,8,-4.551826612706295,7
5636,57,17,12,10,-4.5519324684445515,7
5637,23,15,70,8,-4.554568026577774,7
5638,45,10,57,6,-4.557275746882501,4
5639,5,18,43,10,-4.559277543830877,8
5640,104,16,99,8,-4.5627492392393005,8
5641,77,42,49,25,-4.566213242855724,17
5642,114,43,60,21,-4.570942388181802,22
5643,95,14,99,8,-4.572737764013049,6
5644,58,23,7,12,-4.5750345256693405,11
5645,65,16,99,9,-4.579704538683155,7
5646,51,49,75,27,-4.585416172842574,22
5647,43,32,72,18,-4.589123200790264,14
5648,37,15,9,8,-4.590013554185221,7
5649,55,32,109,16,-4.592565606093851,16
5650,96,32,50,18,-4.592653394244438,14
5651,19,20,50,11,-4.598381257626992,9
5652,30,30,50,17,-4.5996283513489535,13
5653,39,18,80,10,-4.600479594629686,8
5654,96,21,13,12,-4.608058597276484,9
5655,37,40,75,25,-4.608119905928107,15
5656,57,11,74,6,-4.613445177041247,5
5657,68,20,85,13,-4.615895850726343,7
5658,46,16,19,9,-4.62534899342926,7
5659,110,15,106,8,-4.633960085739292,7
5660,49,32,17,16,-4.635564491950155,16
5661,25,22,60,12,-4.63628280649392,10
5662,69,11,80,6,-4.638884395252672,5
5663,92,16,87,9,-4.639743027140741,7
5664,53,12,103,8,-4.6398520473112805,4
5665,98,17,114,10,-4.64457605200799,7
5666,58,17,12,10,-4.645880660678283,7
5667,96,39,63,24,-4.649023449526143,15
5668,1,16,15,10,-4.649350840919031,6
5669,77,29,107,16,-4.649765909038049,13
5670,79,13,27,7,-4.651583262533679,6
5671,47,15,25,8,-4.655390231832651,7
5672,60,19,61,10,-4.6560260564335465,9
5673,100,40,104,23,-4.65834140954478,17
5674,98,26,11,14,-4.667493378770945,12
5675,92,10,75,6,-4.670779177266829,4
5676,39,51,40,30,-4.685059105758994,21
5677,15,18,28,10,-4.685699256091646,8
5678,38,32,88,20,-4.688975834537393,12
5679,106,13,111,9,-4.703726078810505,4
5680,107,34,98,19,-4.703806209041121,15
5681,15,17,66,9,-4.706296692162903,8
5682,81,18,4,11,-4.707056678124466,7
5683,46,23,20,15,-4.708713070266477,8
5684,65,120,16,68,-4.714686634656085,52
5685,31,32,75,17,-4.72198275034643,15
5686,46,11,94,6,-4.72291399357611,5
5687,108,13,25,8,-4.727424255422313,5
5688,54,29,93,18,-4.739093565612781,11
5689,77,16,25,9,-4.745845616411634,7
5690,43,20,35,11,-4.748394177737972,9
5691,47,29,11,17,-4.758047733181098,12
5692,62,14,106,8,-4.759729251582842,6
5693,84,28,13,17,-4.762106527456084,11
5694,94,12,108,7,-4.762797132758723,5
5695,108,20,30,12,-4.765041003995,8
5696,98,15,18,7,-4.76828904567196,8
5697,31,15,12,8,-4.7706324645211815,7
5698,70,13,90,7,-4.771084444295364,6
5699,23,14,33,8,-4.772846471482117,6
5700,98,21,70,13,-4.776806059512888,8
5701,89,17,57,9,-4.7773093283004995,8
5702,5,12,9,7,-4.777710715122406,5
5703,45,10,47,6,-4.780410761983769,4
5704,81,20,41,12,-4.785164896950242,8
5705,10,12,5,6,-4.788462999241516,6
5706,20,13,52,8,-4.795236183864798,5
5707,65,89,104,50,-4.796826488170186,39
5708,25,11,111,6,-4.797175922879401,5
5709,97,22,41,12,-4.799957538599525,10
5710,96,22,75,15,-4.801381492311929,7
5711,38,16,108,10,-4.801598011346549,6
5712,66,22,60,14,-4.803647550001292,8
5713,103,29,13,18,-4.80409962014153,11
5714,12,16,1,9,-4.804302234326604,7
5715,66,10,18,6,-4.804965627939263,4
5716,68,14,89,8,-4.8060770512882325,6
5717,20,11,77,6,-4.80957078979778,5
5718,65,62,8,35,-4.809581888018104,27
5719,63,34,104,19,-4.811269466320188,15
5720,79,23,13,14,-4.81127521378253,9
5721,85,11,74,6,-4.8123880044938,5
5722,49,37,72,21,-4.8188205062156735,16
5723,54,15,14,10,-4.820525855929134,5
5724,25,19,31,10,-4.823839301099769,9
5725,33,13,57,8,-4.825010747891767,5
5726,90,38,54,22,-4.828188228956901,16
5727,67,15,8,9,-4.831909846155587,6
5728,49,15,95,9,-4.84227599614437,6
5729,96,22,39,14,-4.8469385601006945,8
5730,32,12,97,7,-4.851459349576825,5
5731,50,57,16,34,-4.86155743044365,23
5732,89,10,5,7,-4.8624656409017435,3
5733,78,57,27,35,-4.8642010775128,22
5734,1,11,29,7,-4.866934575588786,4
5735,94,12,20,7,-4.86985523364522,5
5736,57,26,88,14,-4.87081224887015,12
5737,98,26,13,16,-4.873807977215298,10
5738,97,29,87,18,-4.880674129028665,11
5739,79,20,63,12,-4.882182316485546,8
5740,95,11,69,7,-4.882909765417964,4
5741,17,19,23,11,-4.884057347144711,8
5742,103,19,77,11,-4.884367400536797,8
5743,18,12,94,7,-4.884425557504233,5
5744,86,28,89,15,-4.887464873852957,13
5745,101,10,39,6,-4.889741278103361,4
5746,12,38,78,24,-4.890675470632136,14
5747,19,22,104,13,-4.896606558010837,9
5748,68,30,47,17,-4.897107609370838,13
5749,28,12,38,6,-4.907164394244709,6
5750,106,56,74,32,-4.924754963776781,24
5751,36,40,86,23,-4.92743325124,17
5752,85,17,63,9,-4.93137224468223,8
5753,108,21,64,12,-4.9327815663740715,9
5754,71,11,49,6,-4.9409457894604065,5
5755,32,14,28,8,-4.942148577857081,6
5756,78,15,40,10,-4.942465399220725,5
5757,41,17,38,9,-4.943011461235353,8
5758,106,29,80,17,-4.946009667025367,12
5759,109,48,88,29,-4.946124278822101,19
5760,68,19,56,10,-4.94813216675333,9
5761,47,32,7,19,-4.949472292851426,13
5762,89,10,77,5,-4.9496005024045315,5
5763,90,23,96,14,-4.963939687748074,9
5764,114,21,27,12,-4.967571693509976,9
5765,23,11,98,6,-4.969965161139004,5
5766,77,20,53,11,-4.9705544664704515,9
5767,13,44,12,29,-4.971947648890687,15
5768,108,11,43,6,-4.972636022882596,5
5769,3,13,106,8,-4.972676967703687,5
5770,44,10,80,5,-4.973541413806903,5
5771,65,30,70,19,-4.973765781446556,11
5772,114,14,77,7,-4.98692140299295,7
5773,94,19,63,11,-4.988953899876627,8
5774,29,16,70,8,-4.990481050245632,8
5775,31,23,50,13,-4.991999785997779,10
5776,91,51,16,32,-4.997191599128686,19
5777,96,23,51,13,-5.001175453325252,10
5778,58,21,49,11,-5.003014201039977,10
5779,106,41,7,21,-5.003800212982271,20
5780,5,26,93,16,-5.004460526821323,10
5781,83,13,102,8,-5.005327574584489,5
5782,94,17,112,11,-5.010192110959226,6
5783,18,19,55,10,-5.012210431301632,9
5784,54,49,13,28,-5.01789761438881,21
5785,64,55,13,29,-5.024958416232304,26
5786,55,18,108,11,-5.026290574479314,7
5787,93,26,74,14,-5.031462008142044,12
5788,74,24,100,14,-5.032874442379239,10
5789,91,16,40,9,-5.034652795604084,7
5790,98,10,89,5,-5.039977911837782,5
5791,19,39,72,22,-5.0454875880063215,17
5792,2,23,20,13,-5.04811788923968,10
5793,75,20,95,12,-5.050260152484929,8
5794,17,12,12,7,-5.051854355123881,5
5795,10,16,7,9,-5.060407065651965,7
5796,81,34,15,19,-5.068708888111237,15
5797,20,10,32,7,-5.082163415292113,3
5798,5,15,34,10,-5.091205514677906,5
5799,78,31,15,16,-5.103076679971741,15
5800,88,55,11,33,-5.1065190461811305,22
5801,53,55,68,32,-5.110040094265128,23
5802,109,24,50,14,-5.1140387015615465,10
5803,98,16,3,8,-5.13085374180897,8
5804,58,30,40,16,-5.133397385337805,14
5805,3,21,36,13,-5.136055944816982,8
5806,43,43,39,24,-5.14006657934193,19
5807,71,15,70,8,-5.140933357571855,7
5808,70,17,13,10,-5.142156998200086,7
5809,38,17,80,9,-5.143241338130117,8
5810,112,18,18,11,-5.1443366650763,7
5811,97,13,11,7,-5.1491543911628765,6
5812,11,61,51,38,-5.149502079503396,23
5813,9,24,106,14,-5.150083731218857,10
5814,84,39,16,23,-5.151609139003121,16
5815,28,16,35,8,-5.153123660542294,8
5816,30,16,47,8,-5.159042864029296,8
5817,5,12,67,7,-5.159840528973079,5
5818,86,16,6,10,-5.164261408107595,6
5819,96,29,65,16,-5.165027076154164,13
5820,54,11,31,6,-5.168002033532433,5
5821,64,17,72,9,-5.168192600199792,8
5822,87,52,89,30,-5.169053080063936,22
5823,94,15,77,9,-5.169474708107542,6
5824,32,19,11,10,-5.169600921182679,9
5825,66,12,54,7,-5.170904941899953,5
5826,27,41,72,23,-5.1724102608287215,18
5827,112,14,74,8,-5.173073586151801,6
5828,48,12,91,6,-5.179665478095682,6
5829,97,17,75,10,-5.1834390154874335,7
5830,71,10,6,6,-5.193692278292731,4
5831,113,13,40,8,-5.1937263926866155,5
5832,88,89,54,52,-5.194780150389518,37
5833,39,25,46,12,-5.196853389468726,13
5834,43,12,93,7,-5.199584775943037,5
5835,65,72,30,42,-5.202280891329503,30
5836,57,35,8,21,-5.208160025736119,14
5837,88,22,58,13,-5.2137475480858235,9
5838,86,20,10,11,-5.2191524654968555,9
5839,88,101,7,58,-5.220134457500585,43
5840,106,54,54,29,-5.222938310920246,25
5841,57,13,58,7,-5.223318082558023,6
5842,39,23,92,12,-5.223931097826435,11
5843,5,11,35,6,-5.226534281744123,5
5844,79,13,100,8,-5.227142456267092,5
5845,68,40,11,23,-5.228224393475149,17
5846,57,12,17,8,-5.228708389418875,4
5847,107,60,75,39,-5.231874163862644,21
5848,25,21,91,12,-5.236778929543696,9
5849,40,26,25,15,-5.242222631716464,11
5850,12,20,98,12,-5.2458423308532485,8
5851,53,38,16,23,-5.24868442383076,15
5852,49,28,41,16,-5.249338337674644,12
5853,84,25,27,14,-5.251275868020153,11
5854,31,11,35,6,-5.255104723881266,5
5855,1,11,34,8,-5.259854618241466,3
5856,47,11,29,7,-5.268734453817821,4
5857,69,17,103,9,-5.270007364936181,8
5858,43,23,34,13,-5.271948745922039,10
5859,6,20,88,12,-5.272285617199486,8
5860,17,19,41,12,-5.273986417758153,7
5861,92,12,28,8,-5.284547759707863,4
5862,103,22,109,12,-5.286212204316925,10
5863,109,64,16,38,-5.287448030750174,26
5864,77,14,102,8,-5.2901983016445735,6
5865,98,13,62,7,-5.290496346910966,6
5866,37,26,57,15,-5.296608425452367,11
5867,65,27,90,14,-5.298709823317269,13
5868,23,10,78,6,-5.303068144131312,4
5869,87,19,73,13,-5.303982369774458,6
5870,63,25,46,13,-5.304512093520618,12
5871,3,40,7,24,-5.315954351050264,16
5872,72,21,50,13,-5.318024007082145,8
5873,64,21,83,12,-5.328824418011839,9
5874,51,33,5,21,-5.328986421528186,12
5875,55,25,34,14,-5.330528309819539,11
5876,102,14,97,9,-5.335160623731833,5
5877,38,38,30,25,-5.33623191151613,13
5878,78,33,68,19,-5.339960157482917,14
5879,50,18,78,11,-5.342630350789609,7
5880,98,18,20,11,-5.352741331858431,7
5881,48,43,86,26,-5.353328536638727,17
5882,97,27,55,16,-5.353622513986461,11
5883,97,35,7,19,-5.356987360153852,16
5884,64,51,16,30,-5.358225572736835,21
5885,51,83,100,44,-5.361677396645443,39
5886,64,47,7,26,-5.363123472276356,21
5887,107,49,76,31,-5.370550985781143,18
5888,76,37,100,22,-5.388195602616648,15
5889,106,14,6,8,-5.390411966564588,6
5890,13,51,81,31,-5.394987888025405,20
5891,30,17,98,9,-5.402469986764187,8
5892,76,29,112,16,-5.403769892160428,13
5893,3,34,11,20,-5.40439711272143,14
5894,58,11,4,7,-5.405037105567137,4
5895,68,46,30,26,-5.41257728218747,20
5896,94,32,30,18,-5.413124377396745,14
5897,86,28,47,17,-5.4138737100947205,11
5898,106,26,2,15,-5.41401262665605,11
5899,67,16,16,10,-5.4152543903232875,6
5900,58,10,23,6,-5.417812881789321,4
5901,25,38,104,21,-5.422383455319622,17
5902,63,30,57,16,-5.4237588746313765,14
5903,50,20,91,12,-5.425475081902891,8
5904,11,42,72,24,-5.433246767268817,18
5905,68,29,71,18,-5.43565333686224,11
5906,51,114,39,66,-5.43821372734168,48
5907,40,74,13,42,-5.438486503523491,32
5908,13,14,52,8,-5.444984627732146,6
5909,50,13,57,8,-5.460704285123109,5
5910,72,34,39,19,-5.466789040982101,15
5911,74,13,31,8,-5.4682993706513905,5
5912,17,31,28,18,-5.468605078583842,13
5913,60,17,98,10,-5.471299685170585,7
5914,25,22,100,12,-5.476003695191376,10
5915,57,34,3,19,-5.483833770200882,15
5916,20,52,65,32,-5.483875571682686,20
5917,3,70,27,40,-5.488005884917707,30
5918,55,27,111,16,-5.492663797248299,11
5919,52,12,50,6,-5.49564209413134,6
5920,102,10,67,6,-5.497246561771854,4
5921,37,69,87,40,-5.500923627593116,29
5922,49,19,94,12,-5.5010553905636534,7
5923,111,10,5,6,-5.501968622126494,4
5924,40,13,2,8,-5.504797437287728,5
5925,104,70,107,41,-5.505673796281645,29
5926,15,23,89,13,-5.5077112203395275,10
5927,19,30,62,19,-5.507911360624397,11
5928,109,13,32,7,-5.508051897308614,6
5929,83,19,95,12,-5.510188596504651,7
5930,89,10,17,6,-5.511777751894211,4
5931,54,35,100,21,-5.517072921963966,14
5932,84,10,89,5,-5.518590211576736,5
5933,48,24,13,14,-5.520624456307564,10
5934,72,44,86,26,-5.5216772542197,18
5935,46,52,16,32,-5.533250612393741,20
5936,3,27,114,17,-5.533465847107242,10
5937,13,35,58,22,-5.535900844279715,13
5938,94,25,76,16,-5.537062294511395,9
5939,37,30,30,19,-5.538253249100192,11
5940,85,11,8,7,-5.538404103047143,4
5941,39,37,84,21,-5.538566770810498,16
5942,102,14,15,9,-5.539976966220618,5
5943,70,11,44,6,-5.543204446478318,5
5944,75,42,18,24,-5.546579166688548,18
5945,84,18,25,11,-5.546687618128967,7
5946,34,22,9,13,-5.547533958665456,9
5947,31,53,36,30,-5.548564460468655,23
5948,25,41,8,25,-5.550067480025429,16
5949,54,16,69,9,-5.552096999235808,7
5950,46,44,8,24,-5.55305372609631,20
5951,107,42,48,24,-5.555372120517398,18
5952,4,11,46,6,-5.556221874645653,5
5953,57,11,18,7,-5.557171046422164,4
5954,95,10,31,6,-5.5581891593402775,4
5955,53,33,87,18,-5.560515944176115,15
5956,108,14,37,8,-5.561998311446509,6
5957,79,18,76,11,-5.563755868667756,7
5958,11,20,75,11,-5.5687574810371485,9
5959,23,22,37,12,-5.572690024394592,10
5960,38,23,7,13,-5.5754388810337625,10
5961,45,11,91,6,-5.575492823384057,5
5962,44,22,20,13,-5.576158683247873,9
5963,109,37,41,23,-5.5858372156745055,14
5964,96,38,20,23,-5.591064360306497,15
5965,15,34,29,19,-5.593704403612137,15
5966,112,23,3,12,-5.594463947840817,11
5967,85,15,55,9,-5.607159089440444,6
5968,87,71,68,42,-5.612540853484815,29
5969,61,17,86,10,-5.615128594276013,7
5970,98,16,102,9,-5.616900846312716,7
5971,91,26,68,14,-5.619466372772095,12
5972,33,21,8,13,-5.619561015848321,8
5973,5,10,19,6,-5.623378775596125,4
5974,37,27,98,16,-5.623553949033444,11
5975,50,50,104,30,-5.62477825283924,20
5976,62,11,83,7,-5.627185885075068,4
5977,87,48,48,30,-5.631302033442318,18
5978,57,51,87,30,-5.6325245337729575,21
5979,46,16,109,9,-5.636528034552761,7
5980,102,42,65,26,-5.642177044311125,16
5981,30,22,17,12,-5.642958427266382,10
5982,104,18,62,12,-5.643310295152116,6
5983,97,10,4,6,-5.649870700339141,4
5984,75,31,46,18,-5.654705399493309,13
5985,41,34,64,21,-5.6565010143759125,13
5986,88,36,25,23,-5.660869431868404,13
5987,82,11,54,7,-5.664278302313933,4
5988,38,10,23,6,-5.6654185371586925,4
5989,33,16,39,9,-5.667742244408352,7
5990,25,10,94,5,-5.671887186214522,5
5991,109,11,1,6,-5.683051778637102,5
5992,48,21,27,13,-5.686731307091653,8
5993,40,21,35,13,-5.68914021357686,8
5994,35,10,64,6,-5.689179123223601,4
5995,32,10,70,5,-5.69247937209622,5
5996,86,41,34,24,-5.6927508315592235,17
5997,103,34,27,21,-5.6990103299143655,13
5998,48,16,69,9,-5.7047999540187995,7
5999,74,13,15,8,-5.7106976006271415,5
6000,51,134,86,74,-5.711775364941439,60
6001,18,21,49,14,-5.711916119327798,7
6002,52,10,39,6,-5.718885643095016,4
6003,109,29,65,16,-5.723773313592212,13
6004,77,28,78,16,-5.723940232797269,12
6005,3,41,65,25,-5.725074233902733,16
6006,51,26,25,15,-5.726135112848953,11
6007,9,14,45,9,-5.7278535004589894,5
6008,54,40,55,22,-5.729162102948166,18
6009,109,10,80,5,-5.736195162181013,5
6010,106,42,25,26,-5.737688222420903,16
6011,60,24,17,14,-5.742654989357156,10
6012,18,25,50,14,-5.74537053291684,11
6013,86,50,64,29,-5.748012616840684,21
6014,109,25,69,15,-5.751117087579355,10
6015,77,12,36,7,-5.751140829309575,5
6016,12,12,47,7,-5.753232192548286,5
6017,107,40,58,25,-5.758436887559522,15
6018,2,16,76,10,-5.758955323935481,6
6019,86,53,41,33,-5.761468508013489,20
6020,3,69,16,42,-5.761746249331476,27
6021,19,39,11,24,-5.773505801410168,15
6022,103,43,86,26,-5.773657277194458,17
6023,81,16,104,8,-5.786821230718971,8
6024,9,21,17,12,-5.788074839959892,9
6025,64,20,109,10,-5.801370132700335,10
6026,31,19,91,12,-5.801858258461764,7
6027,106,11,10,8,-5.803672894932926,3
6028,107,148,16,92,-5.806588141158292,56
6029,98,19,8,12,-5.806615359942181,7
6030,109,20,73,12,-5.807578339260897,8
6031,20,13,79,8,-5.810117746469003,5
6032,38,26,11,16,-5.815513347024514,10
6033,45,13,112,7,-5.822653512724091,6
6034,93,37,8,21,-5.824171473230354,16
6035,25,49,13,27,-5.82760144771215,22
6036,49,55,107,33,-5.834156409757041,22
6037,88,48,23,30,-5.836406273695646,18
6038,13,40,63,23,-5.83698160270361,17
6039,93,23,16,12,-5.842811946264205,11
6040,87,151,16,88,-5.842940859535116,63
6041,74,11,49,6,-5.844136641014432,5
6042,51,33,108,19,-5.846282986785913,14
6043,55,28,100,15,-5.848018543019886,13
6044,109,30,100,19,-5.850089422305436,11
6045,14,17,65,9,-5.850273562995321,8
6046,79,12,80,6,-5.851472407179259,6
6047,38,31,37,18,-5.852395297611888,13
6048,86,71,49,41,-5.860105263557586,30
6049,60,40,49,24,-5.86049009413148,16
6050,112,21,7,13,-5.863389950487477,8
6051,7,17,34,10,-5.863504951401842,7
6052,98,18,55,11,-5.870446924304781,7
6053,31,12,28,7,-5.876337878232255,5
6054,36,12,46,7,-5.882094180819337,5
6055,74,22,102,13,-5.882481039476397,9
6056,39,117,16,67,-5.88511086184634,50
6057,108,17,75,10,-5.885506345854971,7
6058,57,15,10,10,-5.887280827061498,5
6059,40,52,65,30,-5.891062339928423,22
6060,68,15,101,10,-5.891939886749792,5
6061,43,22,63,13,-5.892809401856746,9
6062,9,45,75,27,-5.89399328159944,18
6063,51,54,17,30,-5.895859337547653,24
6064,76,78,86,45,-5.897439507715603,33
6065,87,59,76,36,-5.903167901471164,23
6066,22,18,34,11,-5.906850849031522,7
6067,20,62,87,36,-5.910179434004634,26
6068,110,22,37,12,-5.913666685850415,10
6069,7,23,78,12,-5.919551023484507,11
6070,114,20,73,12,-5.924435121305102,8
6071,103,23,34,14,-5.928044804029898,9
6072,104,26,53,15,-5.936620222245529,11
6073,97,11,30,7,-5.939213511376965,4
6074,53,15,28,9,-5.94574436463327,6
6075,81,19,114,10,-5.947687005963305,9
6076,87,31,80,19,-5.949574302389139,12
6077,10,12,97,6,-5.9508315819177,6
6078,49,23,89,13,-5.952783632753267,10
6079,3,26,81,16,-5.95298398831459,10
6080,40,18,97,11,-5.9669184161403885,7
6081,87,52,78,31,-5.967161462393357,21
6082,87,102,13,63,-5.969449569152456,39
6083,3,48,30,31,-5.974020803768361,17
6084,94,18,114,10,-5.974081788881618,8
6085,18,20,64,12,-5.974775055211903,8
6086,109,13,71,8,-5.977466642753509,5
6087,37,17,94,10,-5.9815536162143665,7
6088,30,34,53,20,-5.983730110265887,14
6089,18,11,108,7,-5.985584696812657,4
6090,31,25,114,14,-5.991876520395491,11
6091,29,18,28,10,-5.99194760387537,8
6092,54,21,94,12,-6.000772945562414,9
6093,77,19,17,11,-6.004127308550877,8
6094,5,47,106,29,-6.005839560090041,18
6095,84,21,100,13,-6.005996460056936,8
6096,9,51,65,31,-6.006217714596816,20
6097,37,39,13,23,-6.006726113746223,16
6098,94,38,27,23,-6.017224957482415,15
6099,8,51,109,29,-6.024347890240435,22
6100,66,12,100,8,-6.027007201302922,4
6101,65,58,27,35,-6.029901089038054,23
6102,68,10,26,6,-6.030745942778485,4
6103,98,24,7,15,-6.033686003781979,9
6104,55,41,104,24,-6.036207114699969,17
6105,63,62,8,35,-6.040704829296192,27
6106,86,39,69,23,-6.048519108301492,16
6107,2,24,16,14,-6.05202408295115,10
6108,28,22,41,13,-6.053005216366935,9
6109,60,50,55,29,-6.053838967638277,21
6110,57,15,77,9,-6.055395238374117,6
6111,84,22,98,14,-6.061006275589921,8
6112,49,27,64,17,-6.066537040502782,10
6113,102,13,23,7,-6.080684731147932,6
6114,86,66,27,40,-6.08641424737461,26
6115,41,52,87,30,-6.088526103982965,22
6116,84,26,9,15,-6.089357364465301,11
6117,108,14,96,8,-6.092516088942799,6
6118,88,79,65,50,-6.09630023603755,29
6119,51,58,76,36,-6.108768946067044,22
6120,48,13,10,8,-6.11091450287738,5
6121,31,13,81,9,-6.117159791325402,4
6122,53,50,107,30,-6.123597161626503,20
6123,48,17,29,10,-6.127198243730572,7
6124,75,24,106,13,-6.144408215356854,11
6125,12,10,37,5,-6.145364992278579,5
6126,77,15,54,11,-6.147737137900236,4
6127,43,15,23,9,-6.148918923918837,6
6128,20,65,107,38,-6.149217318160505,27
6129,74,24,73,15,-6.15033234594065,9
6130,68,48,114,28,-6.151577271829131,20
6131,28,58,104,34,-6.1611678298334525,24
6132,12,18,69,9,-6.1638687711726545,9
6133,36,47,13,29,-6.167141158071527,18
6134,28,17,47,10,-6.182374184386464,7
6135,34,14,89,8,-6.186414991761213,6
6136,9,46,87,27,-6.192350375466503,19
6137,2,28,63,16,-6.200018491851488,12
6138,70,28,74,15,-6.203999405338757,13
6139,71,30,50,17,-6.204695227712774,13
6140,86,88,100,51,-6.205094474719652,37
6141,88,26,108,16,-6.206778138596414,10
6142,84,15,35,9,-6.209299301194261,6
6143,15,32,8,18,-6.209366673464638,14
6144,33,15,64,10,-6.212117552366027,5
6145,70,24,114,15,-6.214622620602995,9
6146,70,37,28,22,-6.2149266559981875,15
6147,58,14,55,8,-6.218287556947674,6
6148,100,15,53,9,-6.219411389232117,6
6149,94,10,95,5,-6.229015093991729,5
6150,5,48,114,28,-6.237633533478719,20
6151,103,19,88,10,-6.238827349504132,9
6152,87,19,45,11,-6.238991177319275,8
6153,63,49,37,30,-6.239339617220504,19
6154,43,23,64,14,-6.243099040961702,9
6155,38,13,49,9,-6.2437607700996915,4
6156,51,53,104,34,-6.249711889194555,19
6157,83,18,39,11,-6.2510896629152946,7
6158,81,24,39,15,-6.2522820107309345,9
6159,49,30,34,17,-6.256669975386554,13
6160,30,40,29,25,-6.260770607059246,15
6161,55,65,107,38,-6.262965189618901,27
6162,19,36,13,23,-6.263152831598926,13
6163,95,12,15,7,-6.265255655621165,5
6164,5,45,20,28,-6.270373633442779,17
6165,70,24,55,14,-6.2726471619319275,10
6166,29,29,51,17,-6.275032428566757,12
6167,4,21,86,13,-6.279484499549702,8
6168,30,32,18,19,-6.28089497324617,13
6169,8,34,18,22,-6.282344592473863,12
6170,4,15,12,10,-6.285579029533404,5
6171,40,17,92,10,-6.290833711086854,7
6172,114,26,100,16,-6.291330515943689,10
6173,53,14,58,7,-6.29343075549442,7
6174,102,36,28,21,-6.294379170221608,15
6175,9,55,16,36,-6.308995919117018,19
6176,87,51,23,31,-6.31018806055955,20
6177,88,51,63,32,-6.3108086639374505,19
6178,51,49,64,29,-6.312887075669347,20
6179,95,31,13,18,-6.313298200089782,13
6180,60,26,103,15,-6.313757124090246,11
6181,7,34,28,21,-6.339260574445828,13
6182,91,16,15,8,-6.341064031534599,8
6183,9,43,28,24,-6.342362216975378,19
6184,96,17,85,12,-6.345069391274803,5
6185,102,14,64,9,-6.346340283017087,5
6186,77,14,46,8,-6.346489877085672,6
6187,108,26,19,15,-6.350393793009971,11
6188,3,43,19,24,-6.357166761526629,19
6189,46,24,7,16,-6.3620461131037525,8
6190,37,10,56,6,-6.367440662879469,4
6191,102,15,33,9,-6.371524301983967,6
6192,108,16,72,10,-6.3738963232166554,6
6193,19,21,8,13,-6.375645357313696,8
6194,27,16,28,11,-6.382931621067466,5
6195,47,32,107,19,-6.388799131361192,13
6196,33,10,76,7,-6.390728699150484,3
6197,96,13,33,6,-6.392035038140804,7
6198,3,63,39,35,-6.3928261156083375,28
6199,109,21,72,13,-6.393405128064286,8
6200,49,12,79,8,-6.395374558799645,4
6201,8,43,13,26,-6.398491936801808,17
6202,37,20,80,12,-6.401050818487375,8
6203,55,21,48,13,-6.406579400537664,8
6204,72,11,6,6,-6.413604067518455,5
6205,65,38,64,22,-6.415105269042927,16
6206,62,20,7,12,-6.416308867276496,8
6207,3,33,78,18,-6.416390828547728,15
6208,63,33,64,19,-6.416872486726011,14
6209,23,10,61,6,-6.419517618014349,4
6210,48,28,84,17,-6.421668889523295,11
6211,80,23,96,14,-6.423400971659432,9
6212,100,21,75,11,-6.42687784088126,10
6213,68,42,76,28,-6.432494917060024,14
6214,79,12,39,8,-6.437313974618903,4
6215,103,10,9,6,-6.443196583257508,4
6216,8,11,58,6,-6.443712074888385,5
6217,58,23,30,14,-6.449149585227237,9
6218,112,17,104,10,-6.449220165667966,7
6219,91,20,8,12,-6.453847873736635,8
6220,10,15,11,9,-6.454288934219355,6
6221,15,18,108,11,-6.457248165244113,7
6222,68,11,98,7,-6.46992769597506,4
6223,45,17,41,11,-6.481894211723941,6
6224,97,56,86,33,-6.486588721597318,23
6225,38,28,63,19,-6.486742347148325,9
6226,30,18,114,10,-6.4954339996257575,8
6227,8,33,78,20,-6.499222895598337,13
6228,50,35,60,19,-6.502388433089166,16
6229,100,13,20,8,-6.50325522303495,5
6230,55,29,74,17,-6.503619546467792,12
6231,103,25,89,14,-6.5108542895342865,11
6232,65,66,55,39,-6.5120252706716855,27
6233,9,19,43,10,-6.516487550593223,9
6234,64,16,44,10,-6.52641817446092,6
6235,3,39,49,22,-6.526759462505665,17
6236,80,13,91,8,-6.531108694088667,5
6237,41,30,23,18,-6.53221229934658,12
6238,49,35,54,21,-6.533864706169178,14
6239,65,29,72,17,-6.536977853075842,12
6240,45,22,60,13,-6.543659735588495,9
6241,107,12,26,7,-6.545382512387971,5
6242,66,14,88,9,-6.5475076602041735,5
6243,23,32,106,17,-6.549055396089183,15
6244,7,35,100,21,-6.552548798684014,14
6245,18,23,100,13,-6.552701039448621,10
6246,87,85,8,51,-6.565285886784533,34
6247,63,31,75,18,-6.570041946714361,13
6248,114,26,53,15,-6.571088082289223,11
6249,17,41,86,23,-6.574590310379946,18
6250,57,28,84,15,-6.577348977317856,13
6251,101,11,27,7,-6.582303845846215,4
6252,73,29,86,16,-6.584732384148774,13
6253,12,23,30,14,-6.589265514986076,9
6254,13,16,73,10,-6.598047492921338,6
6255,22,13,60,8,-6.601421861223266,5
6256,13,52,71,30,-6.60226683262218,22
6257,87,80,27,49,-6.608126529685374,31
6258,3,47,12,30,-6.622234659989719,17
6259,5,48,25,29,-6.626414170343123,19
6260,3,12,89,7,-6.631921145874355,5
6261,68,26,62,15,-6.635005761261159,11
6262,65,30,4,18,-6.635600395573754,12
6263,71,16,74,9,-6.635644376222863,7
6264,60,49,23,30,-6.637846899098563,19
6265,5,26,32,16,-6.647447060451904,10
6266,74,21,34,14,-6.651539286888535,7
6267,37,19,71,11,-6.653996053488668,8
6268,71,11,83,6,-6.6562053803338666,5
6269,54,20,85,13,-6.664179187550934,7
6270,68,40,54,25,-6.664511597084574,15
6271,88,15,14,9,-6.66936824683007,6
6272,29,46,65,28,-6.670792875820866,18
6273,89,36,51,23,-6.673825889522731,13
6274,31,38,64,23,-6.680717740842573,15
6275,54,11,99,7,-6.681725927932733,4
6276,48,17,100,10,-6.683873052775684,7
6277,94,21,3,12,-6.6945259095116985,9
6278,57,17,38,9,-6.702941624334819,8
6279,74,15,83,8,-6.7032980304888605,7
6280,97,35,28,22,-6.716635909782018,13
6281,13,46,47,28,-6.725387338937339,18
6282,23,49,13,27,-6.726537007513918,22
6283,96,38,74,24,-6.731828732252366,14
6284,70,63,54,38,-6.740490617059239,25
6285,80,13,41,8,-6.741244434437033,5
6286,77,30,12,18,-6.742992963364651,12
6287,71,10,94,6,-6.748460655059326,4
6288,65,24,45,13,-6.7494923907692135,11
6289,109,27,63,15,-6.749986635160675,12
6290,50,17,33,10,-6.750798742645289,7
6291,88,43,39,26,-6.751316626963761,17
6292,87,17,26,10,-6.754867384663377,7
6293,76,16,38,8,-6.757345932251291,8
6294,38,34,39,21,-6.771830878870733,13
6295,77,41,39,24,-6.775424361152954,17
6296,42,10,8,5,-6.780541784776636,5
6297,57,20,97,12,-6.781237277284942,8
6298,33,11,15,7,-6.783555216670288,4
6299,108,15,79,10,-6.783855393965386,5
6300,103,20,43,13,-6.784192972026934,7
6301,49,16,28,9,-6.801284823553006,7
6302,108,14,28,8,-6.806119384401873,6
6303,28,21,14,14,-6.807027415542907,7
6304,34,13,112,8,-6.808233282904802,5
6305,75,58,86,33,-6.8096287667181254,25
6306,102,22,50,12,-6.809919414830618,10
6307,109,11,89,7,-6.81531990803291,4
6308,9,12,72,7,-6.815404743606018,5
6309,4,13,56,7,-6.8162735158796925,6
6310,39,25,108,14,-6.818183477112843,11
6311,109,22,94,12,-6.819260229170755,10
6312,31,69,68,41,-6.821634358561019,28
6313,38,22,27,15,-6.8225480721889395,7
6314,106,25,95,16,-6.830338155584791,9
6315,29,15,20,9,-6.832826874702709,6
6316,72,28,85,18,-6.83697219501578,10
6317,48,21,72,11,-6.856912966147748,10
6318,19,30,41,19,-6.861695358181938,11
6319,4,43,60,24,-6.864343045215707,19
6320,29,30,84,18,-6.872515885711438,12
6321,99,15,106,10,-6.882359612487443,5
6322,35,19,27,12,-6.889601577867775,7
6323,67,13,88,9,-6.891493842154362,4
6324,50,28,95,17,-6.891870477756297,11
6325,14,16,39,9,-6.892280896151707,7
6326,30,31,34,19,-6.895805747521689,12
6327,68,21,58,13,-6.9046526848664955,8
6328,103,15,18,10,-6.910947376480976,5
6329,87,41,108,25,-6.9126986389495615,16
6330,34,15,106,8,-6.912913791967052,7
6331,40,39,87,22,-6.915208460636838,17
6332,103,23,78,16,-6.9226731961413615,7
6333,87,33,58,20,-6.937181446114816,13
6334,88,12,99,7,-6.939131232028662,5
6335,86,22,99,14,-6.9426106150461075,8
6336,68,25,103,15,-6.948814792581702,10
6337,91,19,41,12,-6.950792296218161,7
6338,51,25,4,16,-6.952578906103848,9
6339,107,27,33,15,-6.956285896249478,12
6340,104,18,32,12,-6.959225086389552,6
6341,36,34,16,21,-6.9623095532486765,13
6342,97,23,18,14,-6.9651635757198616,9
6343,86,21,45,13,-6.965581378488734,8
6344,72,13,55,8,-6.968538858329055,5
6345,13,57,30,35,-6.974071594277404,22
6346,114,21,55,13,-6.981499630661065,8
6347,55,20,17,11,-6.987444025974708,9
6348,5,15,62,9,-6.992708759597398,6
6349,69,13,40,9,-7.006717860168273,4
6350,95,38,54,22,-7.007760282922699,16
6351,100,27,23,16,-7.009589643156792,11
6352,18,19,47,12,-7.011665929641128,7
6353,108,24,48,15,-7.01405993754928,9
6354,68,16,80,10,-7.020946425736165,6
6355,40,15,95,9,-7.026458120737084,6
6356,18,59,16,37,-7.032123452105878,22
6357,76,33,13,21,-7.0384790052077,12
6358,49,25,75,15,-7.046279748381457,10
6359,51,17,35,10,-7.047942210096516,7
6360,69,20,104,13,-7.050658503403545,7
6361,64,34,30,20,-7.053661874232345,14
6362,18,25,63,16,-7.057051865944987,9
6363,36,18,99,12,-7.061516094995867,6
6364,62,14,17,8,-7.064031186672311,6
6365,98,22,108,13,-7.066670190063798,9
6366,25,50,37,29,-7.070541112352608,21
6367,63,30,98,18,-7.074142027349339,12
6368,91,12,64,8,-7.07590110309794,4
6369,51,30,34,18,-7.076884840746251,12
6370,53,10,85,7,-7.078145746437185,3
6371,94,19,69,12,-7.087672737054438,7
6372,89,17,48,12,-7.093940889199018,5
6373,102,29,100,19,-7.094058761081432,10
6374,114,16,72,9,-7.097251149134601,7
6375,45,10,1,6,-7.100044646871245,4
6376,55,51,40,32,-7.109300201154281,19
6377,7,33,45,20,-7.1141476412284765,13
6378,76,33,15,20,-7.114373355691712,13
6379,83,30,86,20,-7.11486297608935,10
6380,49,82,39,52,-7.117730692672004,30
6381,45,12,30,8,-7.122960634637173,4
6382,107,12,67,8,-7.124134838046413,4
6383,51,100,7,63,-7.124169403819474,37
6384,93,12,13,7,-7.127658172301537,5
6385,11,54,30,34,-7.1282528931830065,20
6386,88,138,16,86,-7.137108430707616,52
6387,69,12,111,7,-7.144443379259749,5
6388,51,26,97,17,-7.145200913148903,9
6389,16,105,30,66,-7.155012232770854,39
6390,55,33,30,21,-7.15825343388901,12
6391,87,47,18,28,-7.161800375230042,19
6392,15,37,60,22,-7.164523611355908,15
6393,14,14,86,8,-7.166696838482465,6
6394,112,16,36,10,-7.175574629533444,6
6395,39,18,90,10,-7.188846058446482,8
6396,43,15,112,9,-7.1893251112725824,6
6397,95,14,14,9,-7.1971223272437035,5
6398,68,70,40,44,-7.204835025827926,26
6399,93,14,98,8,-7.212314028509714,6
6400,90,15,41,9,-7.225732946536368,6
6401,40,27,114,18,-7.240772461331045,9
6402,43,51,107,31,-7.242880587203017,20
6403,35,34,76,20,-7.244431766559335,14
6404,5,14,31,9,-7.246607645789557,5
6405,103,30,107,18,-7.25239386301016,12
6406,96,12,69,8,-7.252755690648866,4
6407,63,69,51,40,-7.253322560307802,29
6408,43,32,69,19,-7.254414713916755,13
6409,18,10,61,6,-7.259552128825379,4
6410,12,14,20,8,-7.259734284814527,6
6411,19,18,40,12,-7.261543909338688,6
6412,70,16,110,10,-7.267896542251019,6
6413,96,84,86,52,-7.269360183001261,32
6414,68,20,55,13,-7.2739791513354835,7
6415,34,15,94,9,-7.2761384351010125,6
6416,54,18,2,12,-7.287492324178091,6
6417,40,31,43,18,-7.287691070183644,13
6418,68,32,23,18,-7.289923232946887,14
6419,39,28,91,17,-7.290499527253927,11
6420,9,23,11,14,-7.298808121542033,9
6421,98,27,5,16,-7.2988387616369135,11
6422,106,65,13,40,-7.303693924530705,25
6423,29,41,39,23,-7.304518646366591,18
6424,89,11,30,7,-7.308013110163145,4
6425,29,10,35,6,-7.319240090397289,4
6426,5,42,70,25,-7.323141246130925,17
6427,88,30,62,18,-7.323841783087015,12
6428,2,16,75,9,-7.332326563651876,7
6429,81,23,19,14,-7.334369447637354,9
6430,104,41,40,26,-7.342291894534158,15
6431,63,13,93,8,-7.3434275631042665,5
6432,114,18,23,12,-7.3449426375970175,6
6433,61,11,41,7,-7.351525315520968,4
6434,34,32,78,19,-7.352501749013895,13
6435,114,13,78,7,-7.362319764057865,6
6436,27,21,37,13,-7.364913856955693,8
6437,33,16,25,11,-7.365926272964513,5
6438,61,10,106,7,-7.366885826585401,3
6439,80,14,31,10,-7.367135464628979,4
6440,88,12,56,7,-7.371104573008601,5
6441,71,10,73,6,-7.37323406519455,4
6442,72,19,57,13,-7.374083014531972,6
6443,81,19,71,12,-7.374213709282576,7
6444,8,39,34,24,-7.376713752738503,15
6445,56,22,7,13,-7.387479337914442,9
6446,28,15,10,10,-7.394064388880875,5
6447,81,15,78,8,-7.394814002502611,7
6448,57,31,69,20,-7.402198392597197,11
6449,91,10,77,6,-7.405339289847274,4
6450,20,30,70,19,-7.408681007686707,11
6451,109,25,68,16,-7.412111880903938,9
6452,41,34,36,18,-7.412500474371832,16
6453,5,18,73,11,-7.416873021801379,7
6454,12,40,60,22,-7.42013857204384,18
6455,43,66,13,38,-7.440342784840274,28
6456,71,12,11,7,-7.444969376445685,5
6457,77,16,74,10,-7.445248923450912,6
6458,69,18,47,11,-7.454070061027654,7
6459,87,42,34,26,-7.4600498751400135,16
6460,80,11,27,7,-7.461746767808682,4
6461,53,12,45,7,-7.463487107897498,5
6462,51,48,15,29,-7.464399620882991,19
6463,91,27,30,18,-7.470028056405524,9
6464,43,45,100,27,-7.475874983765182,18
6465,36,14,70,8,-7.476080415111225,6
6466,3,32,41,22,-7.481578508894328,10
6467,68,23,20,13,-7.482872234261611,10
6468,76,15,71,8,-7.4875920550169335,7
6469,1,28,16,19,-7.488361785520795,9
6470,109,21,7,13,-7.49374057253885,8
6471,103,26,49,15,-7.5032042289893335,11
6472,93,10,64,5,-7.507177747442427,5
6473,31,11,6,6,-7.520489323813347,5
6474,46,22,30,14,-7.523625110986547,8
6475,55,11,6,8,-7.526848268362221,3
6476,7,16,33,9,-7.5321884826380465,7
6477,46,10,85,7,-7.538229298143683,3
6478,15,40,43,25,-7.542443432650492,15
6479,38,18,62,12,-7.5488298578543676,6
6480,102,26,107,15,-7.573199874403679,11
6481,112,31,53,17,-7.574348903828082,14
6482,112,17,58,10,-7.574468513714297,7
6483,85,12,3,6,-7.5842525005471515,6
6484,43,14,47,9,-7.5847096844373425,5
6485,114,31,28,18,-7.584853881328922,13
6486,36,10,72,6,-7.585561627806541,4
6487,84,18,103,10,-7.589982363677433,8
6488,36,20,18,12,-7.594902878501233,8
6489,91,20,51,13,-7.599736540322733,7
6490,103,12,20,8,-7.601409243979035,4
6491,27,14,71,9,-7.620974472293361,5
6492,60,64,39,38,-7.633025081223766,26
6493,39,63,30,37,-7.636348270662192,26
6494,3,28,28,17,-7.638630473496032,11
6495,5,29,97,19,-7.6394183021151285,10
6496,96,13,15,8,-7.641753691009956,5
6497,60,11,70,7,-7.646435749026205,4
6498,31,13,33,7,-7.647223417443057,6
6499,53,24,41,15,-7.658578683597692,9
6500,15,19,58,12,-7.661424680897058,7
6501,96,24,37,14,-7.665844925696508,10
6502,77,31,41,21,-7.66915833105624,10
6503,9,38,8,21,-7.6727541362269935,17
6504,93,28,87,17,-7.672787297525379,11
6505,70,39,87,22,-7.68015007462121,17
6506,54,22,71,13,-7.686527692328838,9
6507,63,22,90,13,-7.686561569055609,9
6508,11,32,5,20,-7.687442157533872,12
6509,7,25,111,15,-7.690323425771979,10
6510,96,11,62,8,-7.693312023908734,3
6511,72,27,76,18,-7.693948674917999,9
6512,1,28,86,17,-7.696680317913665,11
6513,68,61,75,39,-7.698232004910779,22
6514,6,24,44,16,-7.699216026117287,8
6515,80,11,100,7,-7.70604575629017,4
6516,96,21,114,13,-7.708209589747937,8
6517,76,32,98,20,-7.719559980977146,12
6518,104,17,78,11,-7.72449974280056,6
6519,101,14,16,9,-7.729447625525019,5
6520,46,13,27,9,-7.7318499922390655,4
6521,109,50,11,32,-7.736255728578295,18
6522,57,17,108,10,-7.738005960337112,7
6523,33,20,68,13,-7.7395884237928545,7
6524,84,11,44,6,-7.74146437073986,5
6525,46,11,15,7,-7.742583584977325,4
6526,3,13,37,7,-7.748439453798303,6
6527,68,29,28,19,-7.748993038967355,10
6528,51,19,111,12,-7.750696049131197,7
6529,19,82,87,51,-7.751209793410461,31
6530,73,11,53,7,-7.756297558195459,4
6531,34,16,72,10,-7.772920364347149,6
6532,114,14,92,10,-7.774797164908201,4
6533,43,18,17,11,-7.779410969380073,7
6534,111,10,47,6,-7.786638633209638,4
6535,13,25,111,14,-7.788425056310505,11
6536,31,31,107,16,-7.788469010128701,15
6537,77,12,48,8,-7.795658361006623,4
6538,110,12,114,8,-7.800316810979699,4
6539,3,31,104,20,-7.813587765921719,11
6540,46,46,25,27,-7.8204011950255445,19
6541,108,14,54,10,-7.821734358546889,4
6542,17,22,5,15,-7.829641724195978,7
6543,93,16,70,10,-7.834949393241651,6
6544,1,20,114,13,-7.837742070296789,7
6545,12,25,53,15,-7.8397245943038065,10
6546,38,15,103,11,-7.85632305121623,4
6547,92,16,16,12,-7.8586758925559135,4
6548,91,26,106,17,-7.859341034872009,9
6549,10,12,23,7,-7.85948423488221,5
6550,35,12,44,7,-7.859665557157527,5
6551,2,30,28,19,-7.862984699152352,11
6552,90,25,114,15,-7.8701656835045455,10
6553,3,67,13,42,-7.871968783596132,25
6554,40,34,54,21,-7.877426017050995,13
6555,54,11,61,7,-7.891370825375349,4
6556,77,36,100,23,-7.8937700982811645,13
6557,29,16,17,9,-7.89967630532443,7
6558,90,14,53,9,-7.9010322992925905,5
6559,31,11,78,6,-7.904414780494012,5
6560,3,10,22,6,-7.911189348123109,4
6561,82,10,88,6,-7.912578083642501,4
6562,71,19,98,12,-7.940784287039028,7
6563,83,10,98,7,-7.946776918388257,3
6564,15,26,12,16,-7.947105545908148,10
6565,50,44,75,29,-7.963443352466475,15
6566,84,28,5,17,-7.986435375626319,11
6567,40,16,98,9,-7.993416961646093,7
6568,76,15,75,9,-7.994123745428516,6
6569,96,19,102,12,-7.995631160966492,7
6570,30,16,112,11,-8.002240454922296,5
6571,98,31,91,19,-8.010154956050261,12
6572,5,28,65,17,-8.01209130053563,11
6573,9,11,35,6,-8.012816785902416,5
6574,52,12,63,7,-8.01519600341839,5
6575,48,25,34,15,-8.01707040755104,10
6576,37,22,49,13,-8.028262573829636,9
6577,80,11,15,7,-8.032030183290951,4
6578,48,15,98,10,-8.040930745507076,5
6579,55,78,16,50,-8.046061626286075,28
6580,47,18,9,11,-8.046612767203923,7
6581,102,16,75,11,-8.04721906343612,5
6582,37,19,89,10,-8.048334757683454,9
6583,84,36,20,25,-8.048616703285953,11
6584,68,29,97,18,-8.0623155896758,11
6585,55,23,27,16,-8.063317604605786,7
6586,86,44,98,27,-8.07123889255168,17
6587,39,19,110,13,-8.071999499945951,6
6588,70,18,50,10,-8.072010588554928,8
6589,97,16,110,10,-8.077466293642962,6
6590,32,17,8,10,-8.079749532998788,7
6591,4,17,43,10,-8.083539648296876,7
6592,51,14,73,9,-8.097743889322738,5
6593,19,36,103,22,-8.100617120715636,14
6594,111,11,81,8,-8.120062859865858,3
6595,11,33,12,20,-8.123343967518279,13
6596,98,12,9,7,-8.123745049728663,5
6597,18,32,68,20,-8.124281581571267,12
6598,110,11,20,7,-8.125291114928709,4
6599,55,36,50,21,-8.131693382626928,15
6600,61,17,107,10,-8.134950583984786,7
6601,107,14,56,8,-8.14241374429404,6
6602,91,21,43,14,-8.145795555683057,7
6603,112,10,4,6,-8.145974306589785,4
6604,64,19,70,13,-8.153009023968611,6
6605,45,12,15,8,-8.153486583178362,4
6606,104,27,49,17,-8.170229238591212,10
6607,92,18,51,11,-8.176167071622316,7
6608,51,30,94,19,-8.188387798869616,11
6609,68,71,39,43,-8.190418917898802,28
6610,6,13,15,9,-8.19523827095456,4
6611,61,10,43,6,-8.197501979978238,4
6612,81,11,80,6,-8.214427134711952,5
6613,40,14,112,8,-8.221202026655064,6
6614,71,10,99,6,-8.224966300288866,4
6615,7,31,37,19,-8.226042864777217,12
6616,106,21,69,13,-8.230262561693126,8
6617,83,15,11,10,-8.230715708736337,5
6618,89,19,19,13,-8.234342382460156,6
6619,1,18,75,12,-8.241769187322507,6
6620,76,10,93,6,-8.25053412937542,4
6621,47,12,85,9,-8.252970893280143,3
6622,14,12,37,7,-8.266467835075428,5
6623,79,14,15,8,-8.279617988476957,6
6624,81,20,75,13,-8.282765353858293,7
6625,57,22,62,15,-8.282890505105964,7
6626,106,31,90,21,-8.283845461248367,10
6627,15,17,48,10,-8.294674307198187,7
6628,29,24,49,15,-8.30024160945298,9
6629,56,17,86,11,-8.300855291965847,6
6630,63,13,92,7,-8.301235837359338,6
6631,29,25,98,16,-8.302046476403797,9
6632,46,43,37,29,-8.306667442353499,14
6633,109,16,93,10,-8.308998271060947,6
6634,51,20,79,11,-8.309517555811905,9
6635,84,28,30,19,-8.312213416268422,9
6636,9,15,25,10,-8.323455878342044,5
6637,57,17,23,10,-8.325705463814286,7
6638,76,55,16,32,-8.329101044974601,23
6639,89,11,10,7,-8.341464117822113,4
6640,96,25,48,16,-8.343995751105185,9
6641,31,33,41,21,-8.353957395244581,12
6642,5,22,7,14,-8.357081514884822,8
6643,78,35,39,22,-8.359965260917669,13
6644,25,45,7,29,-8.372806618348298,16
6645,19,23,17,15,-8.388951890856246,8
6646,88,46,15,32,-8.389147444595901,14
6647,61,12,69,9,-8.397253145469623,3
6648,114,19,76,13,-8.409978744602123,6
6649,67,14,109,7,-8.410228891959633,7
6650,47,30,75,21,-8.419007564079186,9
6651,94,31,39,19,-8.42217817721438,12
6652,90,19,73,12,-8.42410199186246,7
6653,70,24,96,13,-8.43741799102626,11
6654,39,28,58,17,-8.44913825818417,11
6655,96,14,95,9,-8.450373982592186,5
6656,39,49,18,31,-8.45216636957102,18
6657,20,37,63,22,-8.464473402081476,15
6658,48,20,50,13,-8.466418162124782,7
6659,63,81,16,51,-8.471550605048453,30
6660,60,42,104,29,-8.478948441293786,13
6661,81,21,77,13,-8.48938710075869,8
6662,37,15,29,9,-8.491699980771868,6
6663,40,28,64,18,-8.496071624321132,10
6664,109,10,33,6,-8.506616474826913,4
6665,78,10,91,6,-8.509891184332398,4
6666,8,35,95,21,-8.511725721270736,14
6667,69,22,81,13,-8.51799786685539,9
6668,61,20,53,14,-8.524850655507475,6
6669,63,11,110,7,-8.534985747455591,4
6670,35,12,94,7,-8.545638882275085,5
6671,2,11,94,7,-8.550586885180524,4
6672,36,11,78,7,-8.552435160203325,4
6673,16,14,26,8,-8.561151203860886,6
6674,71,13,91,8,-8.567246551132914,5
6675,84,25,104,15,-8.56947534453975,10
6676,93,10,49,6,-8.572163796775678,4
6677,104,22,9,14,-8.574493523715214,8
6678,55,23,95,15,-8.575006509864881,8
6679,60,55,27,37,-8.575481563490085,18
6680,38,14,94,9,-8.588521468701916,5
6681,87,22,4,15,-8.590843038311565,7
6682,48,41,63,26,-8.591649372014341,15
6683,107,34,2,22,-8.596357154255273,12
6684,6,22,13,14,-8.600067561462975,8
6685,14,22,16,14,-8.606971231031414,8
6686,57,18,75,12,-8.61270847439427,6
6687,68,27,72,17,-8.615790234380583,10
6688,38,24,87,16,-8.637863030167695,8
6689,109,28,57,17,-8.64925729609734,11
6690,69,33,60,19,-8.651136747788069,14
6691,107,55,57,33,-8.65289586229821,22
6692,8,28,73,17,-8.656865963639591,11
6693,41,38,100,24,-8.657030952166524,14
6694,58,12,70,8,-8.66252309250944,4
6695,108,11,47,7,-8.66329512869434,4
6696,54,11,53,7,-8.670288326383611,4
6697,31,12,19,8,-8.676840084796208,4
6698,112,30,27,19,-8.685425209929864,11
6699,89,24,41,16,-8.693828664439254,8
6700,53,13,49,8,-8.69701289035937,5
6701,27,34,54,21,-8.710685091224436,13
6702,76,36,23,22,-8.716281101806539,14
6703,66,14,7,8,-8.725121734272053,6
6704,17,22,4,15,-8.727735068009611,7
6705,32,11,65,7,-8.739314169667134,4
6706,45,11,100,7,-8.741854306775865,4
6707,106,14,38,7,-8.745019433529976,7
6708,69,19,72,12,-8.754133023585345,7
6709,85,12,41,7,-8.754152386383815,5
6710,18,54,13,34,-8.755392535968031,20
6711,52,16,28,10,-8.757305556361812,6
6712,84,34,8,22,-8.76285424467774,12
6713,41,25,8,17,-8.763320909728604,8
6714,84,37,74,21,-8.764103490564016,16
6715,60,20,94,13,-8.766057397182998,7
6716,62,19,53,12,-8.774535122161456,7
6717,99,14,77,10,-8.784719144285264,4
6718,46,12,6,7,-8.79137101803374,5
6719,19,18,63,12,-8.792724982250471,6
6720,57,24,79,15,-8.797616238455175,9
6721,12,50,100,32,-8.80128118137043,18
6722,42,10,106,7,-8.802546839644405,3
6723,47,18,36,12,-8.810892372607714,6
6724,16,25,6,14,-8.811116087365601,11
6725,19,19,84,12,-8.81339664085273,7
6726,77,22,63,15,-8.819997532642512,7
6727,36,19,63,12,-8.822881427312195,7
6728,17,24,53,16,-8.835575374063149,8
6729,33,28,51,20,-8.842467587731502,8
6730,87,15,32,10,-8.844155029434871,5
6731,1,15,37,9,-8.845768047127494,6
6732,60,28,47,18,-8.854852442447157,10
6733,52,26,86,17,-8.860510586631694,9
6734,12,15,6,8,-8.87368712650089,7
6735,98,12,112,8,-8.873991556640123,4
6736,107,24,45,15,-8.882581208643296,9
6737,103,37,11,26,-8.883524407312112,11
6738,97,12,69,8,-8.888377862411462,4
6739,7,13,90,8,-8.891234739646821,5
6740,53,30,27,20,-8.892087302529346,10
6741,112,25,60,16,-8.892237229267325,9
6742,52,10,76,6,-8.902002264737622,4
6743,77,37,27,24,-8.90231785747824,13
6744,25,19,110,13,-8.91770167255822,6
6745,88,10,26,6,-8.919527282390273,4
6746,103,31,30,20,-8.938460564196061,11
6747,31,12,73,8,-8.93891957013575,4
6748,74,26,51,18,-8.938947542412071,8
6749,70,11,73,6,-8.941351293720283,5
6750,65,29,18,18,-8.945594040325457,11
6751,114,20,47,12,-8.969382880850311,8
6752,36,18,97,11,-8.970668153566258,7
6753,86,32,29,21,-8.974399474060522,11
6754,89,16,63,11,-8.974860507493936,5
6755,107,26,111,15,-8.980921347663005,11
6756,80,15,78,10,-8.990142670025016,5
6757,93,14,30,9,-8.997367289185709,5
6758,45,12,49,8,-8.998850108680497,4
6759,65,25,1,15,-9.00217902882169,10
6760,5,64,8,40,-9.002251377410767,24
6761,50,19,85,12,-9.007921978503544,7
6762,36,15,5,9,-9.008614310253616,6
6763,83,24,13,15,-9.019898615590664,9
6764,104,13,72,8,-9.02876607383453,5
6765,87,55,7,36,-9.031940434035896,19
6766,13,24,90,16,-9.032620362184462,8
6767,9,23,20,15,-9.03877017445141,8
6768,42,10,16,6,-9.042303853739885,4
6769,39,16,111,10,-9.04881859886048,6
6770,65,17,85,11,-9.053734140937445,6
6771,51,31,95,21,-9.0604562345489,10
6772,107,39,80,26,-9.074881524481428,13
6773,40,16,57,10,-9.07504759076948,6
6774,103,13,8,9,-9.07547283643557,4
6775,75,12,94,8,-9.08090116606965,4
6776,77,54,16,34,-9.081878660869839,20
6777,76,42,63,28,-9.095548156513598,14
6778,103,20,54,14,-9.109004313335783,6
6779,11,49,100,31,-9.113008537529492,18
6780,31,15,109,10,-9.113887572404181,5
6781,17,11,92,7,-9.114563540800479,4
6782,51,34,72,20,-9.116032162946548,14
6783,2,13,57,8,-9.119959996501732,5
6784,112,23,28,15,-9.120223564016392,8
6785,5,11,1,7,-9.143641454097294,4
6786,5,43,50,26,-9.15604936984071,17
6787,10,14,76,9,-9.15717818444399,5
6788,63,21,62,13,-9.161474645821354,8
6789,61,12,75,7,-9.169495709034498,5
6790,37,15,34,10,-9.170559355322496,5
6791,29,22,112,14,-9.17461030773198,8
6792,58,19,54,11,-9.183988111852093,8
6793,63,16,81,10,-9.193429569946275,6
6794,114,21,95,13,-9.195016624238175,8
6795,109,25,74,17,-9.20181325591493,8
6796,3,28,40,19,-9.202268323423779,9
6797,9,11,90,7,-9.202760560094713,4
6798,3,21,20,14,-9.203966222960632,7
6799,41,10,79,6,-9.204704069079497,4
6800,69,40,49,23,-9.212563576492524,17
6801,93,14,62,8,-9.214086704299504,6
6802,3,10,6,6,-9.218279048257845,4
6803,30,16,74,10,-9.219135491479447,6
6804,20,23,91,14,-9.233435902067155,9
6805,39,26,74,16,-9.23830751990649,10
6806,88,34,30,20,-9.246002926232094,14
6807,69,20,29,12,-9.248313015601624,8
6808,106,12,78,8,-9.274742533638902,4
6809,40,24,62,13,-9.275726600058688,11
6810,91,14,33,8,-9.295795343540846,6
6811,15,47,27,29,-9.300327943900923,18
6812,87,13,61,8,-9.304651257464617,5
6813,9,30,18,20,-9.325317307118524,10
6814,60,40,100,26,-9.326869774261874,14
6815,81,13,54,8,-9.33569894630605,5
6816,46,27,57,17,-9.344538995427152,10
6817,87,20,1,12,-9.344990956449259,8
6818,28,12,26,8,-9.352858082446945,4
6819,62,24,28,15,-9.3614354821999,9
6820,12,19,28,13,-9.36472715251189,6
6821,89,10,23,7,-9.36938210312373,3
6822,91,17,76,12,-9.375726397774944,5
6823,4,16,27,10,-9.378715415982098,6
6824,95,13,29,8,-9.382021477576465,5
6825,54,14,73,9,-9.382932635383147,5
6826,8,35,68,22,-9.383705775915503,13
6827,36,11,109,8,-9.390936468630551,3
6828,69,17,70,12,-9.40215032419605,5
6829,56,13,16,9,-9.403965360554952,4
6830,69,26,63,17,-9.418073544330804,9
6831,2,15,13,9,-9.422510080465477,6
6832,66,15,13,10,-9.423769127657131,5
6833,27,87,16,56,-9.424723753734751,31
6834,43,28,49,19,-9.426048088184674,9
6835,63,11,32,7,-9.44232166344675,4
6836,114,12,89,7,-9.444885030105084,5
6837,27,17,17,10,-9.460737631704882,7
6838,89,25,11,17,-9.473905386940325,8
6839,5,29,75,17,-9.487135559909316,12
6840,3,36,72,22,-9.50138331188238,14
6841,99,22,37,15,-9.502759058160704,7
6842,2,13,114,8,-9.509158562417845,5
6843,69,13,33,8,-9.51115802646404,5
6844,36,17,8,11,-9.51236026695053,6
6845,84,10,72,6,-9.520317380840904,4
6846,25,32,20,21,-9.520523686179047,11
6847,93,51,65,31,-9.524371535619608,20
6848,15,16,35,9,-9.525087413520756,7
6849,31,22,1,13,-9.525804060927038,9
6850,97,11,92,6,-9.525917165548371,5
6851,51,10,42,7,-9.543588102916445,3
6852,106,26,39,16,-9.547502317564263,10
6853,12,34,94,21,-9.548988489200944,13
6854,3,17,17,10,-9.55033737225928,7
6855,78,27,76,19,-9.553493956581512,8
6856,31,28,27,16,-9.569633624787402,12
6857,3,18,47,12,-9.572563324649543,6
6858,7,20,73,12,-9.582485903794176,8
6859,64,24,17,15,-9.583878183496658,9
6860,31,10,92,6,-9.586105290347549,4
6861,38,17,34,12,-9.590041426321752,5
6862,9,28,76,19,-9.591794162872961,9
6863,84,18,83,11,-9.609473734372155,7
6864,8,14,99,8,-9.611065592860319,6
6865,29,19,46,10,-9.620601125954796,9
6866,109,17,70,11,-9.623350653501724,6
6867,45,19,35,11,-9.63073533606384,8
6868,8,40,75,27,-9.637059553855455,13
6869,114,10,22,5,-9.649313306364826,5
6870,88,11,21,7,-9.65721273441522,4
6871,87,29,102,19,-9.659456627337187,10
6872,71,12,100,8,-9.660687520316314,4
6873,50,21,77,15,-9.66669596040321,6
6874,19,18,18,12,-9.671027434005147,6
6875,65,18,79,11,-9.675692837298339,7
6876,109,58,54,39,-9.676953395113689,19
6877,112,22,88,14,-9.681832903230308,8
6878,64,12,66,8,-9.686533226244313,4
6879,114,34,8,23,-9.699231858321156,11
6880,60,36,54,24,-9.707070384628162,12
6881,111,18,28,12,-9.712251206209237,6
6882,8,15,52,10,-9.715026692600484,5
6883,31,19,43,9,-9.72085277355369,10
6884,86,32,44,21,-9.72690777078727,11
6885,84,52,63,32,-9.747162233837335,20
6886,112,27,39,17,-9.753849767447482,10
6887,70,14,34,9,-9.755416516876583,5
6888,3,20,38,13,-9.756465034901842,7
6889,13,37,108,24,-9.76086171077813,13
6890,109,50,107,33,-9.773866073654954,17
6891,88,46,53,31,-9.781930601580566,15
6892,83,24,37,15,-9.78372636697842,9
6893,23,26,49,17,-9.783761857204425,9
6894,9,28,64,19,-9.786359712966286,9
6895,29,38,60,24,-9.791802980653232,14
6896,62,16,114,10,-9.799890996069497,6
6897,70,10,111,6,-9.807746966138032,4
6898,18,24,106,16,-9.811498602513076,8
6899,79,18,104,11,-9.811537818194267,7
6900,35,13,8,9,-9.813125198469633,4
6901,3,12,80,7,-9.8150650171119,5
6902,17,24,40,16,-9.815776001763272,8
6903,13,23,44,15,-9.816634162051663,8
6904,58,12,72,8,-9.822046090759143,4
6905,96,26,7,18,-9.825450759982106,8
6906,62,13,18,9,-9.836449313736406,4
6907,98,10,53,6,-9.839111782848333,4
6908,31,32,9,21,-9.853659783790295,11
6909,29,36,100,23,-9.854950363543345,13
6910,71,15,17,9,-9.87407872077162,6
6911,109,17,91,11,-9.888993712232761,6
6912,16,20,110,13,-9.893450419413215,7
6913,64,12,85,8,-9.89511233166771,4
6914,3,23,53,15,-9.91366152860237,8
6915,70,18,30,11,-9.913973705469942,7
6916,57,11,1,7,-9.916035104284749,4
6917,46,42,74,28,-9.91934754308771,14
6918,2,10,95,7,-9.920312629990494,3
6919,66,13,104,10,-9.923020394172243,3
6920,20,44,39,27,-9.935733230547791,17
6921,63,10,6,6,-9.937889152099226,4
6922,29,14,74,9,-9.940535742695932,5
6923,90,14,46,9,-9.960134782518509,5
6924,102,12,89,7,-9.960584439425153,5
6925,77,26,43,17,-9.97263393724616,9
6926,61,15,6,10,-9.976861344972216,5
6927,19,10,99,7,-9.983244859068366,3
6928,12,16,114,9,-9.985343546707199,7
6929,65,25,95,16,-9.987438820754926,9
6930,61,11,58,7,-9.991140661268366,4
6931,12,28,104,19,-9.997064443952299,9
6932,71,23,104,14,-10.004145398382484,9
6933,63,19,111,12,-10.01291034850113,7
6934,43,26,54,16,-10.015748558570216,10
6935,72,21,28,14,-10.026127135244147,7
6936,107,13,110,9,-10.034721322746929,4
6937,3,10,70,7,-10.036631807498473,3
6938,43,11,80,7,-10.040501076551806,4
6939,103,13,104,8,-10.042344107934962,5
6940,61,16,30,11,-10.045667078233517,5
6941,10,16,107,10,-10.056408787562024,6
6942,40,18,73,12,-10.060776256522114,6
6943,76,16,64,10,-10.071620985041546,6
6944,66,19,65,13,-10.074291419797634,6
6945,49,16,40,10,-10.077718304922938,6
6946,36,36,53,25,-10.114732824687984,11
6947,31,37,53,23,-10.136338371296794,14
6948,23,11,96,7,-10.143008283174428,4
6949,20,41,50,27,-10.147144974204984,14
6950,68,16,92,11,-10.147306838487292,5
6951,107,44,12,31,-10.16896739229528,13
6952,9,12,6,7,-10.175309866966636,5
6953,109,22,75,15,-10.17568118957589,7
6954,106,68,16,46,-10.177844858868195,22
6955,27,14,22,9,-10.193537492582191,5
6956,48,14,90,9,-10.193948361787585,5
6957,33,13,71,9,-10.195530501937558,4
6958,2,15,98,9,-10.19860338932166,6
6959,37,42,97,28,-10.199316810918765,14
6960,104,19,90,12,-10.205908373136614,7
6961,31,17,30,10,-10.214096274935347,7
6962,48,10,97,6,-10.221233545434696,4
6963,60,49,64,34,-10.225579774670623,15
6964,77,16,37,10,-10.226919133095665,6
6965,96,49,16,35,-10.230768867165024,14
6966,79,12,75,8,-10.235318929578343,4
6967,38,17,53,11,-10.23906065358019,6
6968,106,18,12,13,-10.245560433617426,5
6969,106,16,67,10,-10.25216143423421,6
6970,112,12,91,8,-10.264176950121664,4
6971,53,21,43,15,-10.284664483279865,6
6972,19,50,27,34,-10.322720990335483,16
6973,28,37,74,24,-10.332746781815512,13
6974,102,16,40,10,-10.346146758066931,6
6975,13,27,26,19,-10.352827933219844,8
6976,7,10,94,7,-10.355621654064777,3
6977,88,39,50,25,-10.36486098410092,14
6978,93,16,106,10,-10.37915501513517,6
6979,41,36,11,25,-10.379563011526507,11
6980,81,10,62,7,-10.381128876663766,3
6981,86,20,92,12,-10.390718106028089,8
6982,10,16,63,11,-10.390771257176635,5
6983,49,20,47,14,-10.39237809847041,6
6984,75,40,28,27,-10.392665070295683,13
6985,94,15,9,9,-10.428736566666437,6
6986,46,15,78,9,-10.43532016213296,6
6987,91,38,87,26,-10.504380662118775,12
6988,85,20,30,13,-10.510030437811338,7
6989,26,10,8,6,-10.512024852650756,4
6990,65,58,100,39,-10.517696643801253,19
6991,36,27,27,17,-10.52334959933135,10
6992,97,19,71,13,-10.523533962196904,6
6993,90,12,93,8,-10.530779388732013,4
6994,47,17,23,12,-10.535721291866684,5
6995,12,19,74,13,-10.540285470313428,6
6996,40,17,28,10,-10.551622113062642,7
6997,9,15,95,9,-10.569002592922947,6
6998,47,15,78,9,-10.571891033683887,6
6999,75,26,104,17,-10.574353916694225,9
7000,91,31,7,22,-10.609100286101581,9
7001,103,13,28,9,-10.609246701939707,4
7002,87,31,79,22,-10.639230328492753,9
7003,18,13,109,8,-10.661050401191993,5
7004,33,17,63,11,-10.66390349401416,6
7005,38,11,44,8,-10.672615718399705,3
7006,109,26,12,18,-10.70883412794478,8
7007,36,13,43,8,-10.71355202500855,5
7008,60,19,37,11,-10.713928216657274,8
7009,111,11,54,8,-10.714143810197234,3
7010,91,12,11,9,-10.737589094202365,3
7011,60,19,5,13,-10.737943337535816,6
7012,89,12,26,8,-10.74074513255954,4
7013,68,23,34,15,-10.742387751154977,8
7014,108,14,106,10,-10.746780907865295,4
7015,91,15,23,9,-10.74878606870166,6
7016,7,11,59,8,-10.771239818059202,3
7017,13,12,101,9,-10.774607059056445,3
7018,91,25,55,18,-10.791612827626555,7
7019,90,11,12,8,-10.792345367888727,3
7020,10,16,16,11,-10.80445582682855,5
7021,75,12,85,9,-10.804683773311504,3
7022,81,17,106,10,-10.816681182916206,7
7023,77,32,104,21,-10.833725252578546,11
7024,81,15,11,10,-10.851443298256324,5
7025,67,17,86,11,-10.856458271232293,6
7026,106,13,79,9,-10.885501834452416,4
7027,43,33,30,24,-10.894111490990689,9
7028,9,22,48,15,-10.894666127588817,7
7029,89,23,27,16,-10.916667031315177,7
7030,64,28,55,20,-10.91721792901183,8
7031,39,17,44,11,-10.931701642504198,6
7032,41,12,6,7,-10.932480964173765,5
7033,28,48,63,33,-10.937243385325445,15
7034,58,29,65,19,-10.961146082647755,10
7035,49,42,100,28,-10.968529162438754,14
7036,91,37,63,26,-10.969349538743971,11
7037,48,19,78,13,-10.970643433777504,6
7038,33,10,108,8,-10.973473020601881,2
7039,97,25,13,16,-10.985857531237668,9
7040,110,20,51,14,-11.00014817045874,6
7041,29,25,64,18,-11.00142158082454,7
7042,46,13,100,9,-11.008373565977177,4
7043,71,13,15,9,-11.00914391321025,4
7044,92,14,41,9,-11.016394202336146,5
7045,60,31,91,19,-11.033330949428786,12
7046,84,10,47,7,-11.043789003229907,3
7047,32,17,16,11,-11.045561391190382,6
7048,114,12,32,8,-11.045874107216173,4
7049,1,39,55,27,-11.047135752371084,12
7050,49,15,80,9,-11.049241047475224,6
7051,98,19,109,13,-11.059045062835551,6
7052,38,11,35,8,-11.090663991800898,3
7053,112,29,64,21,-11.096215333139426,8
7054,84,36,11,24,-11.100193468531897,12
7055,26,10,51,7,-11.10022148291559,3
7056,32,13,74,9,-11.101664191982367,4
7057,102,12,46,8,-11.102504599435605,4
7058,70,15,46,10,-11.123543654837011,5
7059,66,12,78,8,-11.131528298187064,4
7060,45,12,58,8,-11.132316744798052,4
7061,11,34,104,23,-11.141180204048963,11
7062,76,18,74,11,-11.14652874121179,7
7063,84,11,77,8,-11.14680319626867,3
7064,54,49,37,33,-11.156463556790536,16
7065,1,13,78,9,-11.156578268103178,4
7066,1,11,89,7,-11.209011069389929,4
7067,3,15,25,10,-11.214634960222725,5
7068,96,20,46,12,-11.223825219116964,8
7069,39,12,45,7,-11.230688824941204,5
7070,94,35,13,23,-11.232510796857056,12
7071,68,25,25,17,-11.235607083018877,8
7072,106,25,46,15,-11.236273437212292,10
7073,76,21,34,13,-11.25579697597524,8
7074,70,11,83,6,-11.265042422069474,5
7075,7,52,75,35,-11.274663385996204,17
7076,55,14,2,9,-11.27681615957405,5
7077,27,11,111,8,-11.279710088837584,3
7078,5,10,80,7,-11.295210617596888,3
7079,91,13,69,8,-11.30407928014614,5
7080,57,14,54,11,-11.309051107925018,3
7081,55,15,49,10,-11.3111037781176,5
7082,44,15,104,10,-11.332078649569059,5
7083,112,11,108,7,-11.335603356831967,4
7084,66,15,58,11,-11.346720879682533,4
7085,108,11,52,8,-11.346744817608853,3
7086,23,19,72,13,-11.351678504808524,6
7087,39,24,109,17,-11.353932436124312,7
7088,69,20,75,14,-11.392691493047648,6
7089,38,11,4,8,-11.395009854616482,3
7090,75,10,73,5,-11.395199340418813,5
7091,75,12,20,8,-11.39629266092659,4
7092,54,39,75,25,-11.408133317564461,14
7093,60,20,34,14,-11.434147211488856,6
7094,86,38,102,26,-11.442450297093961,12
7095,106,41,114,27,-11.462749893343949,14
7096,89,10,94,8,-11.466175489745245,2
7097,19,11,33,6,-11.480041077957779,5
7098,37,12,68,8,-11.49658369134707,4
7099,75,14,98,9,-11.49709370731316,5
7100,77,21,98,15,-11.52597944233578,6
7101,7,12,110,7,-11.526061320417648,5
7102,84,12,18,8,-11.52667869126048,4
7103,46,14,53,9,-11.556347535591735,5
7104,87,13,21,9,-11.56318091799384,4
7105,71,10,111,7,-11.563837134119526,3
7106,104,16,36,10,-11.564722196156032,6
7107,11,11,23,8,-11.568338446113305,3
7108,34,17,102,12,-11.589345586040313,5
7109,93,10,102,7,-11.591931625006586,3
7110,70,23,11,16,-11.609570033059047,7
7111,29,16,75,10,-11.609985031917772,6
7112,38,17,75,13,-11.628826987325251,4
7113,110,10,11,8,-11.637838089699006,2
7114,40,12,100,8,-11.638460148115913,4
7115,23,23,55,14,-11.64391055385205,9
7116,11,18,108,13,-11.657518419024406,5
7117,112,16,38,12,-11.658656299185449,4
7118,81,10,8,7,-11.678569579324545,3
7119,28,23,34,16,-11.682170467841415,7
7120,46,14,98,9,-11.686706496340811,5
7121,53,12,72,8,-11.6910487293664,4
7122,96,13,91,9,-11.69285419312405,4
7123,65,28,38,18,-11.702732769934295,10
7124,109,14,81,10,-11.703106695945644,4
7125,18,17,11,11,-11.705753557271205,6
7126,43,25,55,19,-11.714024478286158,6
7127,69,12,34,10,-11.742698738008174,2
7128,102,17,63,11,-11.747209471298389,6
7129,33,10,29,7,-11.74871410796084,3
7130,60,24,74,15,-11.762098333048542,9
7131,9,35,15,21,-11.764798522569034,14
7132,94,19,62,13,-11.771555517167426,6
7133,81,21,49,13,-11.780141471258917,8
7134,62,10,112,7,-11.78047192200998,3
7135,81,34,51,22,-11.790201731891964,12
7136,54,10,44,7,-11.791894285038762,3
7137,40,21,8,15,-11.79192140237277,6
7138,57,22,94,15,-11.796472246977714,7
7139,57,26,65,18,-11.80864487006155,8
7140,109,11,92,8,-11.825872450184745,3
7141,12,11,79,7,-11.866943529008417,4
7142,29,20,72,13,-11.891839335235156,7
7143,53,14,8,10,-11.896656881070545,4
7144,31,18,98,11,-11.908816140421925,7
7145,77,17,71,12,-11.915487518479782,5
7146,68,16,108,11,-11.92861631232352,5
7147,65,46,114,30,-11.938229846486394,16
7148,57,27,70,17,-11.940546365796532,10
7149,81,13,28,9,-11.947384191502275,4
7150,18,27,95,18,-11.951490678023534,9
7151,57,22,76,16,-11.963037229635306,6
7152,55,18,102,12,-11.98386619497443,6
7153,89,21,76,15,-11.992072642388482,6
7154,5,32,102,21,-12.011851390558958,11
7155,104,12,1,8,-12.02010829271743,4
7156,28,14,43,9,-12.028046594555397,5
7157,88,20,102,15,-12.040669825997002,5
7158,114,39,87,25,-12.050110811135458,14
7159,63,18,1,11,-12.054495717242014,7
7160,85,13,87,9,-12.077215618367395,4
7161,83,18,107,13,-12.107720877525319,5
7162,97,14,90,9,-12.113619530203449,5
7163,4,10,15,6,-12.124220843420797,4
7164,104,13,93,9,-12.138932518021326,4
7165,96,40,11,27,-12.14102850879166,13
7166,50,20,53,13,-12.152614797488546,7
7167,70,22,2,14,-12.153236389251049,8
7168,49,36,98,25,-12.163034415600366,11
7169,91,13,53,9,-12.171401150381179,4
7170,99,21,107,14,-12.174640608684577,7
7171,35,11,75,8,-12.188091693345983,3
7172,11,15,2,10,-12.196157085843714,5
7173,54,15,34,11,-12.19994600804293,4
7174,89,13,78,9,-12.201646848352171,4
7175,97,10,15,7,-12.205780494305644,3
7176,20,19,33,13,-12.222728464147568,6
7177,43,19,75,14,-12.224767647713703,5
7178,20,14,64,11,-12.230112840596973,3
7179,68,38,100,25,-12.242216028396394,13
7180,57,25,100,17,-12.24904881178982,8
7181,39,10,32,7,-12.259008757767623,3
7182,88,19,73,13,-12.262693289910837,6
7183,96,30,98,21,-12.27549839186978,9
7184,81,15,40,11,-12.276802562895192,4
7185,18,15,69,10,-12.281407888329312,5
7186,88,18,98,13,-12.300728896947142,5
7187,66,12,39,8,-12.326990757641061,4
7188,94,50,16,36,-12.339437916019314,14
7189,88,91,13,64,-12.345868204497037,27
7190,97,12,67,9,-12.353467827440639,3
7191,92,12,49,8,-12.374864484595681,4
7192,68,20,50,12,-12.423577857378868,8
7193,50,17,36,10,-12.423703215189777,7
7194,37,14,18,10,-12.438833593443574,4
7195,108,25,53,16,-12.439042536725594,9
7196,69,11,23,8,-12.468155133637696,3
7197,41,24,111,16,-12.478825250714587,8
7198,13,12,42,9,-12.522183516198908,3
7199,103,19,55,14,-12.529038687766908,5
7200,3,32,63,24,-12.548769683390436,8
7201,40,11,29,8,-12.554885907877388,3
7202,71,18,41,13,-12.557773267008857,5
7203,109,45,27,30,-12.568775629142309,15
7204,103,15,50,10,-12.578273900171919,5
7205,51,21,2,13,-12.595923969105383,8
7206,81,36,87,23,-12.612539931268493,13
7207,85,20,39,13,-12.618845399489867,7
7208,94,20,85,14,-12.645956344332362,6
7209,57,23,7,14,-12.666461617234948,9
7210,5,15,48,11,-12.675358072710559,4
7211,31,13,104,8,-12.681964820727016,5
7212,97,16,38,11,-12.68239796661763,5
7213,63,40,80,28,-12.682443988429268,12
7214,31,76,13,51,-12.705633823012965,25
7215,104,21,64,15,-12.71585067479966,6
7216,45,13,27,9,-12.720614115305079,4
7217,19,19,55,13,-12.725354478103817,6
7218,38,19,100,15,-12.735540056935307,4
7219,106,14,33,10,-12.736963404825655,4
7220,90,11,27,8,-12.746161225633635,3
7221,11,33,49,24,-12.746260887103363,9
7222,36,10,95,7,-12.746346244298937,3
7223,1,15,100,10,-12.750379039232417,5
7224,81,10,76,7,-12.752232526187758,3
7225,37,45,11,31,-12.769631700064169,14
7226,76,21,7,13,-12.770945993300979,8
7227,25,15,49,10,-12.785517383168525,5
7228,77,26,8,18,-12.808875708194625,8
7229,3,21,108,15,-12.82064990421221,6
7230,76,11,1,7,-12.827717897490281,4
7231,41,10,42,7,-12.856406375174817,3
7232,87,34,98,25,-12.860109010388783,9
7233,109,41,15,30,-12.879937221302646,11
7234,62,24,78,16,-12.882740007875498,8
7235,43,12,33,8,-12.882845460192621,4
7236,65,21,2,16,-12.890027578518191,5
7237,19,27,7,20,-12.902313650692758,7
7238,94,10,64,6,-12.918584959999516,4
7239,37,20,64,14,-12.946494518825181,6
7240,65,12,35,9,-12.947773360172924,3
7241,106,19,98,13,-12.95487415033694,6
7242,84,10,92,6,-12.962976398847763,4
7243,35,14,63,9,-12.998216518752985,5
7244,109,37,30,27,-13.01294960380535,10
7245,55,18,15,14,-13.03115867267244,4
7246,47,14,55,9,-13.036465008068175,5
7247,17,10,76,7,-13.04643426005137,3
7248,62,23,74,16,-13.07201740553172,7
7249,38,12,45,9,-13.079918436245945,3
7250,92,16,64,9,-13.08148644517277,7
7251,81,16,7,10,-13.106635849592113,6
7252,91,10,94,8,-13.125494056890847,2
7253,103,13,48,10,-13.133825600656486,3
7254,37,28,95,21,-13.149042342745602,7
7255,53,18,78,12,-13.179909517389325,6
7256,79,14,19,9,-13.189433599982168,5
7257,54,18,36,12,-13.21774479827317,6
7258,103,43,100,30,-13.2275320135235,13
7259,88,39,95,27,-13.236869470595257,12
7260,49,20,48,15,-13.272537147968347,5
7261,99,12,7,8,-13.27451726078842,4
7262,46,43,104,29,-13.294982678813746,14
7263,106,19,64,13,-13.295192075566398,6
7264,1,14,8,10,-13.305141225086524,4
7265,88,20,80,13,-13.305539707805673,7
7266,37,17,15,13,-13.319007709477827,4
7267,9,13,108,8,-13.341841222661904,5
7268,32,11,55,7,-13.363639630093914,4
7269,48,14,17,9,-13.364907872446567,5
7270,12,10,108,6,-13.367955655554766,4
7271,35,12,104,8,-13.369677424437173,4
7272,51,22,80,15,-13.405837899191416,7
7273,84,15,71,11,-13.41321574412034,4
7274,89,13,18,9,-13.420760922479356,4
7275,103,14,58,10,-13.421652899380138,4
7276,53,15,75,10,-13.423496737137015,5
7277,68,16,61,11,-13.424919545398382,5
7278,32,12,25,7,-13.427877456338669,5
7279,35,15,36,11,-13.440272285829968,4
7280,63,35,30,24,-13.474095643481395,11
7281,108,12,84,9,-13.488009207908556,3
7282,112,13,55,10,-13.49840576791747,3
7283,29,33,13,22,-13.516802717927652,11
7284,6,10,80,7,-13.522871173076236,3
7285,84,19,41,13,-13.556150264603872,6
7286,3,32,84,21,-13.566312963849297,11
7287,29,21,109,13,-13.579586963455881,8
7288,11,12,99,8,-13.594978977058028,4
7289,47,12,104,10,-13.613279534811952,2
7290,3,13,74,10,-13.614717741273408,3
7291,70,13,48,9,-13.61596473877697,4
7292,12,29,41,21,-13.623588976279663,8
7293,12,15,75,10,-13.63556285801919,5
7294,35,11,60,7,-13.64827931058638,4
7295,29,12,80,9,-13.65238591422635,3
7296,25,10,92,7,-13.698642336458672,3
7297,5,28,57,20,-13.702708831126639,8
7298,95,10,34,7,-13.704508911135058,3
7299,51,21,45,15,-13.706946532575504,6
7300,72,10,74,7,-13.712662034006474,3
7301,109,10,112,7,-13.71380284904661,3
7302,31,25,63,18,-13.714594813504084,7
7303,11,25,95,18,-13.725658005456244,7
7304,27,10,97,6,-13.735152835550474,4
7305,29,15,18,11,-13.759102795902571,4
7306,57,13,47,9,-13.774921234941399,4
7307,112,11,97,9,-13.794615799527316,2
7308,109,25,53,18,-13.798748649611145,7
7309,109,15,35,11,-13.805330239767782,4
7310,41,15,34,10,-13.902632667621377,5
7311,12,11,45,8,-13.905186638720524,3
7312,112,10,25,7,-13.919292260310073,3
7313,112,11,37,8,-13.937736127059292,3
7314,71,24,40,17,-13.948125771645662,7
7315,29,12,58,9,-13.952580214272475,3
7316,75,12,111,8,-13.97228180941997,4
7317,9,31,41,22,-13.990507643067815,9
7318,52,14,15,10,-14.026248257676636,4
7319,77,29,40,21,-14.048771071022594,8
7320,48,24,74,15,-14.067708006346336,9
7321,86,26,26,20,-14.092560899301931,6
7322,90,13,100,10,-14.13565653837881,3
7323,13,22,80,14,-14.136399928885792,8
7324,9,32,53,23,-14.16413045075367,9
7325,75,10,72,7,-14.207053385683185,3
7326,46,18,50,12,-14.208875687593247,6
7327,7,17,61,11,-14.217702740281519,6
7328,57,25,34,18,-14.246419359699368,7
7329,109,30,114,23,-14.263150833488547,7
7330,17,11,83,7,-14.269615650014424,4
7331,83,22,16,16,-14.27379500391039,6
7332,18,15,23,10,-14.275894417804937,5
7333,112,10,48,8,-14.307464286387088,2
7334,57,12,31,8,-14.310689026630854,4
7335,81,21,100,14,-14.332150578710534,7
7336,83,10,40,8,-14.347262135245899,2
7337,112,19,47,13,-14.352034788316766,6
7338,27,38,104,27,-14.367134728519874,11
7339,90,16,20,11,-14.40477443227544,5
7340,70,26,108,19,-14.427393649276276,7
7341,14,11,80,7,-14.43534539519452,4
7342,35,13,97,10,-14.444551731599498,3
7343,5,12,44,9,-14.447481002517359,3
7344,2,10,73,7,-14.457830254043131,3
7345,109,24,19,17,-14.459542688581019,7
7346,25,12,34,9,-14.468789684868277,3
7347,6,12,19,8,-14.46906875309814,4
7348,108,10,34,8,-14.47806718750258,2
7349,69,25,27,17,-14.53516647824794,8
7350,50,19,80,15,-14.554439051919097,4
7351,18,10,90,7,-14.572865755876734,3
7352,99,12,50,8,-14.581629542155008,4
7353,34,16,18,12,-14.600476247363321,4
7354,103,11,75,9,-14.618807679917431,2
7355,45,17,23,12,-14.633454544359155,5
7356,12,15,55,11,-14.659208117082446,4
7357,83,19,114,14,-14.712530964906863,5
7358,77,28,7,20,-14.72949510503469,8
7359,31,10,100,7,-14.730848989291468,3
7360,102,11,90,6,-14.739148726840867,5
7361,106,14,32,11,-14.741977351969272,3
7362,3,39,100,29,-14.760066792236575,10
7363,19,18,9,13,-14.772730517620854,5
7364,25,26,11,20,-14.778705544740388,6
7365,89,11,7,8,-14.785043291363074,3
7366,35,11,102,7,-14.787485364380142,4
7367,93,12,38,7,-14.887591780281296,5
7368,88,18,111,14,-14.89137809160146,4
7369,41,27,30,20,-14.916058625622117,7
7370,38,24,104,17,-14.977006233689528,7
7371,44,10,49,7,-14.992301775479174,3
7372,22,12,13,9,-14.994671319317483,3
7373,75,10,45,8,-15.003649946946844,2
7374,99,18,25,13,-15.014737107768294,5
7375,20,16,60,12,-15.074406318316193,4
7376,58,29,86,22,-15.095351107022623,7
7377,102,13,43,9,-15.127428175042569,4
7378,29,10,71,8,-15.143188317628589,2
7379,54,31,48,22,-15.152035020388912,9
7380,78,23,17,16,-15.213171433192189,7
7381,108,15,114,11,-15.270376800556948,4
7382,57,21,29,16,-15.359990351353819,5
7383,2,15,100,10,-15.363858490781979,5
7384,76,24,54,17,-15.383624637164603,7
7385,18,11,5,8,-15.389394006883379,3
7386,72,13,94,9,-15.447807821252345,4
7387,107,25,73,17,-15.46067272069853,8
7388,20,19,34,15,-15.469034717668377,4
7389,39,12,2,9,-15.473797666414953,3
7390,84,23,112,17,-15.486639525748986,6
7391,12,15,9,11,-15.494125308722385,4
7392,31,15,69,10,-15.502962092044207,5
7393,5,21,23,16,-15.554175057753401,5
7394,112,15,15,11,-15.57336249858102,4
7395,45,14,4,10,-15.600891470448106,4
7396,85,11,106,8,-15.605731963514023,3
7397,10,11,54,8,-15.645825981672173,3
7398,97,12,14,10,-15.664913845649805,2
7399,103,17,74,13,-15.685274521129358,4
7400,80,13,75,10,-15.718052052365538,3
7401,35,12,80,9,-15.72406211872363,3
7402,96,16,93,12,-15.733194627661215,4
7403,94,13,17,9,-15.746212612138288,4
7404,28,13,110,9,-15.755425369009838,4
7405,62,18,12,13,-15.771400207309306,5
7406,17,22,95,17,-15.802621580377183,5
7407,46,15,93,12,-15.866750824235567,3
7408,76,14,80,10,-15.87988367140994,4
7409,28,29,90,22,-15.880089586771646,7
7410,70,13,80,11,-15.901333417895945,2
7411,48,12,62,8,-15.963389974606171,4
7412,90,11,57,8,-15.975273202140913,3
7413,108,13,8,10,-16.00695825478633,3
7414,5,18,41,12,-16.050377082501452,6
7415,35,19,87,13,-16.11679485458087,6
7416,112,15,71,11,-16.116875921028463,4
7417,12,10,89,7,-16.206264936988223,3
7418,33,16,65,12,-16.286121361101067,4
7419,43,14,38,9,-16.300944858204634,5
7420,14,12,25,10,-16.337614979675553,2
7421,2,19,104,13,-16.352388003055772,6
7422,29,13,114,9,-16.363621075704426,4
7423,83,13,27,11,-16.368092522641103,2
7424,43,11,110,8,-16.376498956572302,3
7425,63,14,14,10,-16.386711509096077,4
7426,39,19,99,15,-16.42872930905631,4
7427,37,11,19,9,-16.4401797639671,2
7428,64,12,74,8,-16.440953543226588,4
7429,55,15,14,12,-16.464885141480416,3
7430,31,46,16,34,-16.494251500601976,12
7431,61,10,34,9,-16.513382683902012,1
7432,79,12,17,9,-16.52858758988839,3
7433,43,16,45,11,-16.539160838402225,5
7434,68,22,95,18,-16.55020486315604,4
7435,36,10,101,8,-16.627946704419486,2
7436,69,23,53,17,-16.676579450904736,6
7437,112,28,78,21,-16.67914983172849,7
7438,71,15,95,10,-16.726754189945986,5
7439,83,13,23,10,-16.74470008954982,3
7440,26,10,60,7,-16.74543091529222,3
7441,95,11,3,8,-16.769038777456778,3
7442,109,23,17,17,-16.800500298134196,6
7443,10,12,37,8,-16.87706142806293,4
7444,12,11,26,8,-16.877482698800375,3
7445,10,12,13,9,-16.892767460419815,3
7446,41,10,22,8,-16.895138763704843,2
7447,46,12,43,9,-16.90387334173946,3
7448,112,19,20,15,-16.964936240764278,4
7449,31,10,38,6,-16.97274158238423,4
7450,51,25,90,19,-16.98113610300884,6
7451,102,11,48,9,-16.984312347736424,2
7452,37,13,73,9,-17.03246334806977,4
7453,1,14,18,11,-17.058153705270215,3
7454,9,29,27,21,-17.072056537621446,8
7455,46,15,18,12,-17.114833090306377,3
7456,2,11,60,8,-17.116843000088547,3
7457,29,28,88,21,-17.15439200584212,7
7458,5,22,27,16,-17.186967099907655,6
7459,106,10,35,7,-17.31905115685177,3
7460,109,11,108,8,-17.40163308376229,3
7461,76,16,77,13,-17.550617598835437,3
7462,83,11,110,9,-17.575104905290953,2
7463,94,13,104,10,-17.605678687274782,3
7464,60,18,102,13,-17.60770484195146,5
7465,67,10,20,8,-17.672455088050597,2
7466,3,11,5,7,-17.694163901939536,4
7467,43,16,81,12,-17.708072706454832,4
7468,68,12,90,9,-17.719685937760907,3
7469,55,12,44,9,-17.771847163193577,3
7470,15,10,85,8,-17.788004047228643,2
7471,5,18,30,15,-17.810533055025342,3
7472,35,13,48,10,-17.821530991658577,3
7473,88,17,32,13,-17.824594134673823,4
7474,114,11,111,8,-17.846918134233796,3
7475,41,10,35,7,-17.84884882348167,3
7476,42,10,39,8,-18.051951181856023,2
7477,54,10,67,8,-18.121548101252504,2
7478,94,25,81,18,-18.232288763777706,7
7479,81,13,72,9,-18.287707067400422,4
7480,31,15,106,11,-18.52908676481623,4
7481,80,13,34,11,-18.593959686463524,2
7482,30,16,95,12,-18.59476138296642,4
7483,94,14,48,11,-18.679447719754858,3
7484,57,16,112,12,-18.74164060463068,4
7485,28,17,99,13,-18.75458480836917,4
7486,33,20,55,16,-18.82593244000092,4
7487,97,12,34,9,-18.83120290818016,3
7488,57,10,80,8,-18.84830465666429,2
7489,4,13,98,11,-18.93649850914462,2
7490,3,11,91,9,-18.936601357455206,2
7491,91,10,95,8,-19.016995093352214,2
7492,43,18,76,15,-19.02696373975258,3
7493,106,10,92,8,-19.04169077246869,2
7494,18,14,99,11,-19.290873438644518,3
7495,36,19,30,17,-19.305297671687285,2
7496,34,14,64,11,-19.39040182384417,3
7497,72,10,102,8,-19.49495525831096,2
7498,5,11,64,9,-19.69819687485363,2
7499,31,11,15,8,-19.73878794252568,3
7500,32,12,95,10,-19.760326388824463,2
7501,103,10,47,8,-19.812446429430658,2
7502,106,12,89,8,-19.849086778440608,4
7503,6,12,30,10,-19.865749004424455,2
7504,62,14,34,11,-19.924354537282117,3
7505,97,13,73,9,-19.966763707753138,4
7506,54,17,4,15,-19.99443539185139,2
7507,103,10,108,8,-19.999523906909126,2
7508,84,12,7,10,-20.16090095994254,2
7509,68,38,112,30,-20.16144061217486,8
7510,10,11,30,9,-20.38962047667116,2
7511,77,11,34,10,-20.530353874618392,1
7512,19,10,53,8,-20.842785083839228,2
7513,3,23,48,18,-20.88681691836247,5
7514,10,14,112,11,-21.021770709139744,3
7515,10,16,51,13,-21.051824036569297,3
7516,112,16,80,12,-21.108795407964617,4
7517,31,11,76,10,-21.157211826935978,1
7518,51,11,101,9,-21.226620175614496,2
7519,102,14,27,12,-21.31970284734545,2
7520,3,18,75,15,-21.417290354619,3
7521,4,13,25,11,-21.420042602463127,2
7522,4,15,41,10,-21.48059017391386,5
7523,33,13,100,11,-21.622846925246048,2
7524,31,12,62,9,-21.79094106777599,3
7525,97,12,91,10,-22.175648770183784,2
7526,75,10,67,8,-22.34486666160514,2
7527,1,10,3,8,-22.670516239418713,2
7528,91,18,104,17,-22.937436859705542,1
7529,8,11,4,10,-23.17790508365148,1
7530,77,19,75,16,-23.52836570307736,3
7531,90,11,109,10,-24.27613088092626,1
7532,53,10,74,8,-24.36471273024663,2
7533,57,16,26,13,-24.88112492293926,3
7534,42,12,104,11,-24.90492593233149,1
7535,23,14,90,12,-25.1914979759845,2
7536,38,15,55,13,-25.19286181976179,2
7537,106,10,49,9,-25.68163240192886,1
7538,102,19,112,16,-26.263936066036287,3
7539,81,10,98,9,-27.56322031639677,1
7540,38,10,69,9,-27.69592076147955,1
7541,61,10,98,10,-28.32332956610249,0
7542,37,11,44,11,-29.88349889925713,0
7543,81,10,17,10,-31.104140358623045,0
