,againstHero,games,hero,losses,shift,wins
0,112,16,102,1,31.192976791251173,15
1,44,11,37,0,29.883498899257123,11
2,90,13,23,1,28.3624814299098,12
3,98,10,61,0,28.323329566102483,10
4,69,10,38,1,27.695920761479563,9
5,100,11,33,1,25.460296177649862,10
6,11,12,89,1,24.972736882423558,11
7,104,11,42,1,24.55480599508645,10
8,75,19,77,3,23.528365703077363,16
9,4,11,8,1,23.177905083651492,10
10,3,10,1,2,22.67051623941871,8
11,19,13,109,2,22.638381086719185,11
12,91,12,97,2,22.175648770183788,10
13,55,12,38,2,22.071024000200875,10
14,62,12,31,3,21.79094106777599,9
15,34,12,62,2,21.778436974548587,10
16,112,15,57,3,21.579966031161536,12
17,26,13,57,3,21.519388702063118,10
18,41,15,4,5,21.480590173913868,10
19,25,13,4,2,21.42004260246313,11
20,104,16,91,1,21.319718278752113,15
21,101,11,51,2,21.22662017561448,9
22,19,10,37,1,21.121276459586674,9
23,80,16,112,4,21.10879540796462,12
24,109,10,90,1,21.034570289962257,9
25,112,14,10,3,21.02177070913973,11
26,75,17,3,3,20.897191698320935,14
27,90,11,68,2,20.787956198015944,9
28,48,18,3,4,20.77461856356065,14
29,114,13,108,3,20.766174427392738,10
30,48,12,94,2,20.576242864974443,10
31,81,23,94,6,20.51779847980575,17
32,13,11,66,2,20.385605001870267,9
33,51,15,10,3,20.332726180509006,12
34,75,10,103,1,20.241991505098973,9
35,64,10,34,2,20.22471209152634,8
36,112,38,68,8,20.161440612174857,30
37,7,12,84,2,20.160900959942534,10
38,73,13,97,4,19.966763707753135,9
39,95,12,32,2,19.760326388824463,10
40,15,11,31,3,19.73878794252568,8
41,64,11,5,2,19.698196874853632,9
42,30,11,6,2,19.605882514870544,9
43,114,11,29,3,19.428812885704772,8
44,30,19,36,2,19.30529767168729,17
45,109,16,29,5,19.293843958416073,11
46,99,14,18,3,19.290873438644514,11
47,4,16,54,2,19.2440876038421,14
48,45,12,43,3,19.04326521517843,9
49,92,10,106,2,19.041690772468705,8
50,89,11,106,4,18.95338953455919,7
51,98,13,4,2,18.936498509144613,11
52,34,12,97,3,18.831202908180156,9
53,55,20,33,4,18.82593244000092,16
54,87,15,35,4,18.8244045658863,11
55,72,14,29,3,18.821794346434423,11
56,27,12,102,2,18.772173343475483,10
57,99,17,28,4,18.754584808369174,13
58,45,10,12,2,18.653807119995122,8
59,106,15,31,4,18.52908676481624,11
60,5,10,18,2,18.464269170029823,8
61,47,11,57,3,18.461606969811907,8
62,34,12,54,2,18.362976743969615,10
63,80,20,13,6,18.33580484931627,14
64,19,11,6,3,18.335706204340305,8
65,81,12,43,3,18.327617727929386,9
66,75,10,79,2,18.18520074819613,8
67,67,10,54,2,18.121548101252507,8
68,78,17,62,4,18.093769732536938,13
69,95,15,30,4,17.919901608832813,11
70,35,10,41,3,17.84884882348167,7
71,111,11,114,3,17.846918134233796,8
72,32,17,88,4,17.82459413467382,13
73,30,18,5,3,17.81053305502534,15
74,44,12,55,3,17.77184716319356,9
75,90,23,51,5,17.7178788097309,18
76,5,11,3,4,17.694163901939547,7
77,108,12,9,4,17.68902181325234,8
78,20,10,67,2,17.6724550880506,8
79,110,11,83,2,17.575104905290946,9
80,55,13,12,3,17.50536963681713,10
81,80,10,29,2,17.457200220457587,8
82,60,10,35,3,17.41812694726481,7
83,35,10,106,3,17.319051156851785,7
84,27,22,5,6,17.18696709990766,16
85,72,13,23,3,17.14817782244225,10
86,30,19,41,5,17.133905431137766,14
87,60,11,2,3,17.11684300008854,8
88,27,29,9,8,17.072056537621453,21
89,18,14,1,3,17.058153705270225,11
90,29,12,102,2,17.056577765128154,10
91,48,11,70,3,17.04295857723929,8
92,12,15,109,3,17.036286111783692,12
93,38,10,31,4,16.97274158238424,6
94,20,19,112,4,16.964936240764274,15
95,43,12,46,3,16.90387334173946,9
96,29,18,57,4,16.90112236273495,14
97,13,12,10,3,16.892767460419815,9
98,78,14,48,3,16.88793509976696,11
99,88,27,29,7,16.852047860671817,20
100,72,14,69,3,16.843378758894527,11
101,1,10,76,3,16.815372977495876,7
102,23,13,83,3,16.744700089549806,10
103,95,15,71,5,16.72675418994599,10
104,78,28,112,7,16.679149831728484,21
105,53,23,69,6,16.67657945090473,17
106,101,10,36,2,16.6279467044195,8
107,95,22,68,4,16.550204863156036,18
108,49,17,81,5,16.548537671207544,12
109,16,20,83,5,16.531803021169058,15
110,17,12,79,3,16.528587589888385,9
111,66,10,64,2,16.526342406123636,8
112,61,10,87,3,16.482333693393567,7
113,14,15,55,3,16.464885141480416,12
114,11,25,25,5,16.429746187224733,20
115,99,19,39,4,16.42872930905631,15
116,29,10,40,2,16.378294184390825,8
117,110,11,43,3,16.376498956572302,8
118,27,13,83,2,16.368092522641092,11
119,100,22,57,6,16.35292952819185,16
120,104,19,2,6,16.352388003055783,13
121,30,18,85,5,16.30460960882904,13
122,65,16,33,4,16.28612136110108,12
123,34,12,80,2,16.269229317512288,10
124,86,25,58,6,16.26853319646312,19
125,102,16,60,5,16.199085660218575,11
126,48,17,9,4,16.17773183563187,13
127,48,12,35,3,16.1584671300222,9
128,43,10,102,3,16.154622115934178,7
129,98,13,46,4,16.128351252027375,9
130,71,15,112,4,16.116875921028473,11
131,41,18,5,6,16.05037708250146,12
132,15,14,37,3,16.033544043199246,11
133,14,13,63,4,15.961958621197992,9
134,54,18,76,5,15.916701819672271,13
135,2,18,51,6,15.905597113130021,12
136,80,13,70,2,15.901333417895936,11
137,53,30,9,8,15.894615033798411,22
138,94,18,57,5,15.891839037049907,13
139,90,29,28,7,15.880089586771653,22
140,94,23,51,6,15.876961640520744,17
141,16,45,31,12,15.837412153743443,33
142,15,12,41,3,15.833444649300692,9
143,95,22,17,5,15.80262158037718,17
144,80,19,88,6,15.782107491065846,13
145,30,11,93,3,15.777207362300766,8
146,75,10,35,2,15.755761764469415,8
147,93,16,96,4,15.733194627661211,12
148,37,14,77,4,15.73169378416834,10
149,80,12,35,3,15.72406211872363,9
150,98,14,88,3,15.721203352726127,11
151,75,13,80,3,15.718052052365534,10
152,45,20,51,5,15.703190735785382,15
153,8,13,1,3,15.702434313684373,10
154,15,14,112,4,15.700949053545523,10
155,15,17,77,4,15.676504035867326,13
156,14,12,97,2,15.664913845649806,10
157,90,13,97,4,15.621888085765939,9
158,106,11,85,3,15.60573196351404,8
159,23,10,69,2,15.603167423944376,8
160,4,14,45,4,15.600891470448106,10
161,100,10,90,2,15.596895375105728,8
162,23,20,5,5,15.563915929412016,15
163,104,12,31,4,15.561592201078605,8
164,25,11,14,2,15.536643242754739,9
165,37,11,10,4,15.516949569025604,7
166,64,20,104,5,15.515264160119225,15
167,69,15,31,5,15.502962092044205,10
168,112,22,84,6,15.486639525748984,16
169,2,12,39,3,15.473797666414955,9
170,74,12,103,3,15.463990000688314,9
171,73,25,107,8,15.460672720698525,17
172,62,15,94,4,15.456678982493088,11
173,49,14,25,4,15.43786379260084,10
174,16,35,77,9,15.4067681620469,26
175,100,15,2,5,15.363858490781988,10
176,41,15,84,4,15.33074063826509,11
177,104,12,94,3,15.27233865597327,9
178,93,14,46,3,15.251126640356864,11
179,109,16,98,4,15.216713921072742,12
180,54,11,77,1,15.154916790692532,10
181,71,10,29,2,15.143188317628589,8
182,78,13,47,4,15.091757543510106,9
183,77,19,50,4,15.082093464135088,15
184,34,17,20,4,15.068240557725042,13
185,104,16,79,5,15.054954882421578,11
186,38,10,93,4,15.046407356806796,6
187,25,18,99,5,15.014737107768298,13
188,45,10,75,2,15.003649946946844,8
189,13,12,22,3,14.994671319317485,9
190,16,42,94,11,14.87192057190217,31
191,110,12,28,4,14.860268273313302,8
192,87,13,38,4,14.859584047072822,9
193,15,13,76,4,14.81353391108204,9
194,102,11,35,4,14.787485364380148,7
195,72,22,51,7,14.75505634651796,15
196,32,14,106,3,14.741977351969275,11
197,100,10,31,3,14.730848989291463,7
198,7,28,77,8,14.729495105034687,20
199,7,22,57,8,14.718984574621357,14
200,114,19,83,5,14.712530964906872,14
201,17,19,78,6,14.709203332504181,13
202,55,16,19,5,14.687783547200532,11
203,27,34,109,11,14.672056456650022,23
204,50,12,99,4,14.581629542155014,8
205,80,19,50,4,14.554439051919097,15
206,73,12,37,4,14.533349572792922,8
207,38,15,97,4,14.531013843539446,11
208,12,11,62,3,14.509530975721361,8
209,34,21,57,6,14.476694715496802,15
210,34,12,25,3,14.468789684868277,9
211,80,10,76,3,14.461464881129865,7
212,73,10,2,3,14.457830254043136,7
213,63,13,35,4,14.450412261730216,9
214,44,12,5,3,14.447481002517355,9
215,97,13,35,3,14.444551731599502,10
216,80,11,14,4,14.435345395194508,7
217,108,26,70,7,14.42739364927628,19
218,100,15,81,5,14.382694095158195,10
219,40,10,83,2,14.347262135245902,8
220,26,25,86,6,14.322036756570222,19
221,31,12,57,4,14.310689026630849,8
222,46,11,102,3,14.30749471315205,8
223,23,15,18,5,14.275894417804928,10
224,61,17,7,6,14.21770274028152,11
225,72,10,75,3,14.207053385683187,7
226,58,12,66,3,14.196057070749218,9
227,100,32,3,9,14.177671200718622,23
228,41,30,9,9,14.113579732248976,21
229,104,22,38,7,14.071473191155556,15
230,100,31,68,10,14.06796579805442,21
231,40,29,77,8,14.048771071022596,21
232,45,11,39,4,14.033377854173942,7
233,55,16,103,4,14.032110996505947,12
234,48,29,54,9,14.01975726236914,20
235,6,11,41,4,13.992186541782052,7
236,111,12,75,4,13.972281809419963,8
237,114,29,109,7,13.96133653890184,22
238,108,21,39,7,13.948334466983779,14
239,40,24,71,7,13.948125771645659,17
240,91,11,109,3,13.946188604720339,8
241,75,19,69,5,13.942304484906579,14
242,19,11,89,3,13.94161043882894,8
243,30,21,43,5,13.941346913628552,16
244,60,14,20,4,13.93992645286088,10
245,37,11,112,3,13.937736127059294,8
246,25,10,112,3,13.919292260310076,7
247,53,19,50,6,13.883151416746285,13
248,27,18,89,5,13.875961301826154,13
249,100,30,103,9,13.847875266312382,21
250,38,14,112,3,13.819485047030144,11
251,98,17,31,6,13.805084918983171,11
252,13,74,31,23,13.800549608099516,51
253,97,11,112,2,13.794615799527321,9
254,7,19,76,7,13.79135600101831,12
255,62,17,57,4,13.757275808574349,13
256,95,37,88,11,13.752013257016605,26
257,97,10,27,4,13.735152835550483,6
258,63,25,31,7,13.714594813504092,18
259,104,14,44,4,13.703910249073422,10
260,47,13,49,3,13.686396277061283,10
261,49,11,18,3,13.655065375637422,8
262,17,12,94,4,13.646957443918598,8
263,34,18,60,5,13.644836415292456,13
264,15,10,74,3,13.569326307429137,7
265,76,12,91,3,13.563460914482881,9
266,80,10,6,3,13.522871173076249,7
267,13,27,29,9,13.513958263485302,18
268,55,13,112,3,13.498405767917479,10
269,30,32,63,10,13.498171962188783,22
270,84,12,108,3,13.488009207908556,9
271,27,24,69,8,13.48310441915363,16
272,2,14,11,4,13.45919571362459,10
273,36,15,35,4,13.440272285829963,11
274,43,19,53,5,13.438033142991653,14
275,23,15,45,4,13.436468047997268,11
276,25,12,32,5,13.427877456338663,7
277,61,16,68,5,13.424919545398375,11
278,75,15,53,5,13.423496737137006,10
279,91,11,112,3,13.423237527272482,8
280,18,15,19,4,13.380338986795525,11
281,109,14,103,5,13.379278679742844,9
282,104,12,35,4,13.369677424437178,8
283,79,27,87,7,13.366750000927574,20
284,55,11,32,4,13.36363963009391,7
285,18,12,46,3,13.322032493347338,9
286,50,17,46,6,13.310329365776974,11
287,64,19,106,6,13.295192075566398,13
288,7,12,99,4,13.274517260788409,8
289,102,31,5,10,13.269431869962297,21
290,95,23,11,6,13.26328800508424,17
291,75,37,54,12,13.241406019841682,25
292,36,18,54,6,13.217744798273172,12
293,47,17,112,6,13.195058355865363,11
294,95,28,37,7,13.149042342745604,21
295,63,30,3,7,13.13647260700251,23
296,57,10,90,3,13.132689572016895,7
297,11,41,37,12,13.080901694615491,29
298,57,13,72,2,13.071458888669095,11
299,15,25,109,6,13.057625002721615,19
300,55,14,47,5,13.036465008068175,9
301,9,14,12,4,13.029002866437168,10
302,85,17,94,5,12.991600312687373,12
303,98,19,77,5,12.976710403080931,14
304,91,29,60,10,12.952631394075715,19
305,41,11,85,4,12.952472883327003,7
306,114,15,12,6,12.94950946807653,9
307,74,16,76,6,12.94370107525992,10
308,9,13,94,5,12.936870793436032,8
309,13,85,88,25,12.913347950380574,60
310,17,19,109,6,12.911257852793495,13
311,2,21,65,5,12.890027578518202,16
312,39,25,94,8,12.842801062921897,17
313,48,16,49,4,12.810788363261889,12
314,108,14,11,4,12.798974196396989,10
315,80,21,51,7,12.779249811641693,14
316,109,14,64,6,12.75697214661366,8
317,100,15,1,5,12.750379039232412,10
318,95,10,36,3,12.746346244298937,7
319,33,14,106,4,12.736963404825662,10
320,80,13,49,5,12.731038457974943,8
321,46,24,106,9,12.725492516069492,15
322,98,12,48,3,12.72400980532305,9
323,111,16,88,4,12.710530076381987,12
324,11,19,9,6,12.708684805193935,13
325,80,40,63,12,12.682443988429272,28
326,48,15,5,4,12.675358072710548,11
327,72,18,77,6,12.65388726137823,12
328,50,12,103,4,12.651595097212066,8
329,100,13,38,3,12.63848236927713,10
330,76,20,78,5,12.633094549652569,15
331,39,20,85,7,12.618845399489867,13
332,15,12,102,3,12.597866884640938,9
333,57,27,5,8,12.572003913811171,19
334,41,18,71,5,12.55777326700885,13
335,75,27,5,10,12.535083552437033,17
336,64,15,92,7,12.492372460791035,8
337,28,12,81,4,12.485800898870087,8
338,18,14,37,4,12.43883359344357,10
339,98,31,87,9,12.43458344819276,22
340,65,27,58,9,12.431650709075084,18
341,36,17,50,7,12.423703215189779,10
342,39,17,72,5,12.403927129005272,12
343,8,22,77,7,12.389831393600819,15
344,75,14,12,5,12.356839423121745,9
345,67,12,97,3,12.35346782744064,9
346,49,23,104,7,12.322985298305156,16
347,75,14,57,4,12.306540056833526,10
348,98,29,96,9,12.301665445316493,20
349,72,12,12,3,12.291429668749544,9
350,51,29,19,8,12.290136577107425,21
351,69,15,18,5,12.281407888329312,10
352,109,21,39,6,12.264003725130953,15
353,37,18,60,7,12.263894360602315,11
354,104,32,11,10,12.263565943853273,22
355,34,13,41,5,12.262731570966233,8
356,32,10,39,3,12.25900875776762,7
357,71,11,84,3,12.255989147154674,8
358,9,16,19,5,12.252328421645835,11
359,58,11,29,3,12.250932195859464,8
360,43,13,28,5,12.235475976434273,8
361,74,22,60,8,12.230302476711508,14
362,75,19,43,5,12.224767647713705,14
363,64,19,37,6,12.216856507558587,13
364,78,11,106,3,12.210243252742755,8
365,57,46,107,15,12.204374249445376,31
366,42,11,13,3,12.203174115394757,8
367,72,15,109,4,12.199392565133767,11
368,11,35,84,11,12.189911906563859,24
369,107,21,99,7,12.174640608684571,14
370,43,22,77,7,12.170190751471038,15
371,2,22,70,8,12.153236389251056,14
372,11,40,96,13,12.141028508791658,27
373,92,12,63,5,12.136993324985582,7
374,15,10,4,4,12.1242208434208,6
375,34,12,70,4,12.123530804367727,8
376,28,20,72,6,12.11934808588004,14
377,8,11,35,3,12.093356369533685,8
378,72,21,19,6,12.088885005162663,15
379,49,22,23,7,12.076835461637522,15
380,53,20,3,6,12.068087567340713,14
381,104,22,71,8,12.060518806565575,14
382,1,18,63,7,12.054495717242014,11
383,10,10,89,3,12.051235053807009,7
384,30,20,46,6,12.04416469804492,14
385,7,10,89,3,12.029257289487047,7
386,1,12,104,4,12.020108292717422,8
387,87,29,81,11,12.01535695996611,18
388,64,16,29,4,12.010507228979476,12
389,102,18,55,6,11.983866194974436,12
390,104,41,46,14,11.952707107210887,27
391,95,27,18,9,11.951490678023532,18
392,114,46,65,16,11.938229846486395,30
393,94,30,12,11,11.933387464684667,19
394,71,17,77,5,11.915487518479784,12
395,70,26,57,10,11.90658563047212,16
396,79,11,12,4,11.86694352900842,7
397,111,22,41,8,11.859477089655313,14
398,15,31,9,13,11.8563964999367,18
399,74,34,28,11,11.834419909257846,23
400,92,17,86,6,11.833574375075667,11
401,63,47,28,14,11.8288664237163,33
402,74,10,64,4,11.828764368523546,6
403,28,16,111,5,11.82030122340792,11
404,83,10,17,4,11.812775268760372,6
405,53,10,91,3,11.811611902058761,7
406,8,11,108,3,11.805411430354427,8
407,8,21,40,6,11.791921402372775,15
408,44,10,54,3,11.791894285038754,7
409,91,12,65,4,11.784658313781675,8
410,112,10,62,3,11.78047192200998,7
411,58,10,103,3,11.772908526311582,7
412,63,17,102,6,11.747209471298396,11
413,34,12,69,2,11.742698738008178,10
414,49,17,37,6,11.72528182723186,11
415,91,13,96,4,11.692854193124042,9
416,34,23,28,7,11.682170467841415,16
417,8,10,81,3,11.678569579324554,7
418,21,10,88,3,11.677382922456276,7
419,93,11,104,4,11.670878710804793,7
420,84,29,3,11,11.648206962655259,18
421,107,17,83,5,11.644521740420231,12
422,100,12,40,4,11.638460148115906,8
423,75,17,38,4,11.628826987325246,13
424,11,23,70,7,11.609570033059049,16
425,90,15,39,5,11.57797650142359,10
426,36,16,104,6,11.564722196156039,10
427,111,10,71,3,11.563837134119533,7
428,108,13,3,4,11.562059375800661,9
429,38,15,3,5,11.55575224939262,10
430,110,12,7,5,11.526061320417648,7
431,7,15,81,6,11.525413070422038,9
432,108,10,18,3,11.50838861651189,7
433,98,14,75,5,11.49709370731317,9
434,68,12,37,4,11.496583691347082,8
435,11,15,18,5,11.49652383906797,10
436,13,33,94,11,11.486445007874117,22
437,57,18,109,6,11.478987462443365,12
438,49,14,58,5,11.46784966027551,9
439,104,34,27,11,11.465054134307783,23
440,114,41,106,14,11.462749893343952,27
441,100,35,49,12,11.456244824909795,23
442,50,18,68,7,11.447393428752163,11
443,13,47,18,16,11.43817217657445,31
444,41,26,12,8,11.414617123719323,18
445,47,17,18,5,11.411676107822029,12
446,100,29,77,9,11.411587663459146,20
447,4,11,38,3,11.395009854616484,8
448,65,22,57,7,11.382534230045799,15
449,107,14,10,5,11.38119632500004,9
450,39,28,78,9,11.374922957505097,19
451,28,22,112,7,11.372427658976592,15
452,75,15,102,4,11.357902372458398,11
453,74,21,62,7,11.355871307801836,14
454,104,30,77,10,11.335858846829385,20
455,108,11,112,4,11.33560335683198,7
456,64,12,20,3,11.33130846260478,9
457,7,25,96,7,11.300422106484014,18
458,80,10,5,3,11.295210617596885,7
459,75,10,61,4,11.283854363299362,6
460,47,25,60,8,11.283162005417626,17
461,111,11,27,3,11.279710088837586,8
462,2,14,55,5,11.276816159574059,9
463,100,50,65,16,11.275226832418378,34
464,75,52,7,17,11.274663385996204,35
465,83,11,70,5,11.265042422069474,6
466,68,21,109,6,11.251244714581786,15
467,40,13,81,4,11.249205674756393,9
468,25,25,68,8,11.235607083018873,17
469,46,20,96,8,11.223825219116966,12
470,75,36,8,11,11.220741251540183,25
471,73,13,51,4,11.219804453521853,9
472,98,18,106,6,11.217270403208776,12
473,25,15,3,5,11.214634960222732,10
474,100,12,46,4,11.210309669403356,8
475,89,11,1,4,11.209011069389932,7
476,11,18,38,6,11.204555428907188,12
477,78,13,1,4,11.156578268103178,9
478,43,16,91,5,11.128114127049443,11
479,46,15,70,5,11.123543654837002,10
480,48,11,102,3,11.116814719382416,8
481,74,13,32,4,11.101664191982366,9
482,62,15,104,4,11.098747349135207,11
483,41,21,89,6,11.096465892840717,15
484,99,11,11,4,11.04788337752713,7
485,55,39,1,12,11.047135752371082,27
486,32,12,114,4,11.045874107216177,8
487,16,17,32,6,11.04556139119038,11
488,7,13,66,5,11.034566799554375,8
489,79,22,57,8,11.023600850861113,14
490,41,14,92,5,11.016394202336144,9
491,15,13,71,4,11.00914391321026,9
492,40,26,3,8,11.00717769248795,18
493,51,20,110,6,11.000148170458745,14
494,13,25,97,9,10.985857531237675,16
495,103,15,60,5,10.955343329408253,10
496,78,10,66,4,10.92721209874227,6
497,73,17,5,6,10.907383059794872,11
498,100,29,41,10,10.901599179638211,19
499,72,21,3,8,10.8973614109594,13
500,51,33,81,12,10.882761671799573,21
501,86,17,67,6,10.856458271232285,11
502,87,31,114,12,10.855794018644565,19
503,38,26,65,10,10.83463870682702,16
504,106,17,81,7,10.816681182916202,10
505,63,12,89,3,10.81666968039275,9
506,55,25,91,7,10.791612827626562,18
507,87,31,70,12,10.781465568784292,19
508,7,25,19,7,10.775977198177877,18
509,59,11,7,3,10.771239818059199,8
510,55,24,43,6,10.765561111805056,18
511,53,23,108,9,10.749834986479383,14
512,60,33,12,14,10.739930341878678,19
513,23,10,11,3,10.736120462067522,7
514,34,15,104,5,10.726149392526478,10
515,53,22,17,7,10.72338378113649,15
516,54,11,111,3,10.714143810197228,8
517,43,13,36,5,10.713552025008548,8
518,75,13,76,5,10.684711333832391,8
519,20,21,9,7,10.676297323703045,14
520,107,40,109,13,10.666949154287577,27
521,5,25,98,9,10.66291868554062,16
522,26,11,16,4,10.64146366009584,7
523,3,11,35,4,10.637414854102067,7
524,98,18,71,6,10.627953776602759,12
525,69,12,91,5,10.61284501210675,7
526,15,10,70,4,10.61151390325362,6
527,28,13,103,4,10.6092467019397,9
528,7,31,91,9,10.609100286101588,22
529,104,26,75,9,10.57435391669422,17
530,95,15,9,6,10.569002592922953,9
531,71,19,54,7,10.563773271372229,12
532,28,17,40,7,10.551622113062637,10
533,19,13,79,5,10.549815768045493,8
534,28,26,3,9,10.544965513227709,17
535,50,39,20,13,10.540260354284218,26
536,76,13,108,4,10.539317855686345,9
537,71,19,97,6,10.5235339621969,13
538,27,27,36,10,10.523349599331352,17
539,89,14,37,6,10.519274673853001,8
540,11,18,47,5,10.51125649438649,13
541,64,27,9,8,10.495957554452968,19
542,62,10,48,4,10.487894133335649,6
543,63,37,48,12,10.480037623792745,25
544,94,14,49,4,10.474432971630803,10
545,49,18,43,6,10.472136702675096,12
546,55,20,23,8,10.462878964621973,12
547,6,10,31,4,10.459894630543896,6
548,48,17,108,5,10.443613045373397,12
549,77,10,94,3,10.443428313097055,7
550,43,17,9,7,10.435718767902006,10
551,78,15,46,6,10.435320162132966,9
552,44,16,39,6,10.434810009571377,10
553,60,35,29,13,10.420897470065027,22
554,49,18,11,6,10.404879276914007,12
555,72,14,103,5,10.391960458595063,9
556,76,26,35,9,10.390096019432455,17
557,16,14,92,3,10.381584875368542,11
558,106,16,93,6,10.37915501513517,10
559,15,16,55,4,10.37053728825799,12
560,63,24,69,8,10.366973166191581,16
561,50,39,88,14,10.364860984100916,25
562,94,10,7,3,10.355621654064773,7
563,17,15,27,6,10.35454909958829,9
564,40,16,102,6,10.346146758066935,10
565,37,48,54,16,10.34544690764123,32
566,37,13,1,5,10.342164269053148,8
567,35,10,65,3,10.321578642281732,7
568,108,13,15,4,10.31501087444828,9
569,53,43,88,14,10.308417089519107,29
570,107,29,31,13,10.30345756995746,16
571,45,23,107,8,10.289536165233189,15
572,60,24,112,8,10.282975838759185,16
573,72,22,68,7,10.275897741373274,15
574,30,33,3,10,10.271953494822816,23
575,103,16,84,7,10.26661061026012,9
576,67,16,106,6,10.252161434234207,10
577,34,13,37,4,10.225834586393084,9
578,63,35,91,11,10.225389928816243,24
579,89,13,74,5,10.2236636002272,8
580,78,28,12,8,10.221320945148182,20
581,30,17,31,7,10.214096274935343,10
582,10,14,28,4,10.207926130943799,10
583,91,24,39,8,10.206322081312438,16
584,90,19,104,7,10.205908373136607,12
585,98,15,2,6,10.198603389321667,9
586,41,23,49,8,10.197367127109919,15
587,71,13,33,4,10.195530501937561,9
588,97,41,37,14,10.190687502541845,27
589,6,12,9,5,10.175309866966636,7
590,98,27,49,9,10.169586744689958,18
591,47,15,3,5,10.1575624942685,10
592,49,15,103,6,10.148783757975783,9
593,92,16,68,5,10.14730683848729,11
594,96,11,23,4,10.143008283174426,7
595,53,37,31,14,10.136338371296793,23
596,92,10,109,3,10.132066653367776,7
597,78,12,114,5,10.123963867745248,7
598,35,11,15,5,10.123346305250498,6
599,74,11,29,4,10.117149758840513,7
600,53,36,36,11,10.114732824687987,25
601,23,32,76,12,10.095144638641568,20
602,79,12,106,4,10.079963228120917,8
603,40,16,49,6,10.077718304922938,10
604,49,37,69,15,10.07650924818243,22
605,13,23,83,8,10.067954696106945,15
606,44,10,38,3,10.048373138060269,7
607,70,10,3,3,10.036631807498473,7
608,110,13,107,4,10.03472132274693,9
609,30,19,91,6,10.028289002870832,13
610,30,27,84,8,10.023299208241367,19
611,108,33,13,11,10.000850224923417,22
612,95,25,65,9,9.987438820754939,16
613,65,16,66,5,9.98498312713016,11
614,53,21,12,8,9.979940044053077,13
615,73,18,88,6,9.974203425238965,12
616,87,10,85,3,9.971655390565866,7
617,46,14,90,5,9.960134782518512,9
618,75,15,29,6,9.923300198268764,9
619,95,10,2,3,9.920312629990502,7
620,63,50,84,19,9.919938234846502,31
621,1,11,57,4,9.916035104284743,7
622,30,26,109,8,9.914816400266734,18
623,30,18,70,7,9.913973705469937,11
624,54,34,60,11,9.913747967452048,23
625,28,35,75,12,9.910859132469223,23
626,103,21,68,8,9.904114100948439,13
627,15,13,79,5,9.90032435289108,8
628,11,14,83,4,9.89615191909491,10
629,79,18,51,8,9.895968302837433,10
630,110,20,16,7,9.893450419413208,13
631,15,41,88,12,9.88938088770258,29
632,2,17,54,5,9.883928701627934,12
633,17,15,71,6,9.874078720771614,9
634,75,17,1,5,9.87310906944801,12
635,22,12,27,4,9.866452926590915,8
636,38,14,57,6,9.862555383696968,8
637,51,26,33,7,9.853114112635922,19
638,44,21,13,7,9.844973608163798,14
639,74,10,3,3,9.841517466916372,7
640,53,10,98,4,9.839111782848335,6
641,9,17,47,6,9.833363334347146,11
642,47,17,69,6,9.824856595944096,11
643,54,13,57,3,9.824315369895016,10
644,81,12,109,4,9.819741316945187,8
645,11,40,109,13,9.818197495918094,27
646,40,24,17,8,9.815776001763279,16
647,43,44,87,15,9.81393982827326,29
648,27,20,55,6,9.8088649644787,14
649,53,21,109,7,9.80472277411344,14
650,114,16,62,6,9.799890996069497,10
651,62,10,93,4,9.798162399200404,6
652,37,24,83,9,9.783726366978417,15
653,78,16,104,5,9.779904760315919,11
654,95,30,51,9,9.77001175442697,21
655,15,14,53,5,9.759389882181187,9
656,34,17,74,5,9.755899618645072,12
657,16,49,18,16,9.751591518104966,33
658,13,57,3,19,9.732565767154385,38
659,43,19,31,10,9.720852773553682,9
660,48,13,89,3,9.720161625005693,10
661,78,12,37,4,9.719307443467272,8
662,52,15,8,5,9.715026692600487,10
663,75,18,11,7,9.71088785220573,11
664,8,30,84,10,9.700360955856537,20
665,8,34,114,11,9.69923185832115,23
666,16,64,106,21,9.698477969183921,43
667,64,47,60,15,9.66174772613163,32
668,100,12,71,4,9.66068752031631,8
669,101,10,13,3,9.652646543094525,7
670,85,11,75,3,9.651599660168166,8
671,22,10,114,5,9.649313306364819,5
672,103,18,57,6,9.636212144542752,12
673,41,23,53,8,9.631953807885303,15
674,18,44,39,15,9.631462427764964,29
675,103,18,12,8,9.627784072806602,10
676,70,17,109,6,9.623350653501726,11
677,99,14,8,6,9.61106559286031,8
678,83,18,84,7,9.609473734372159,11
679,8,13,53,4,9.596286006275326,9
680,64,27,112,8,9.595012833071515,19
681,54,21,43,8,9.585604342831411,13
682,73,20,7,8,9.582485903794176,12
683,17,12,48,5,9.570482008629265,7
684,27,28,31,12,9.569633624787398,16
685,26,23,13,7,9.562123129591575,16
686,18,13,34,4,9.550016463821068,9
687,33,25,107,10,9.539564483245071,15
688,106,13,108,4,9.535201707134298,9
689,20,11,75,4,9.527707505687719,7
690,48,15,51,7,9.527077025607761,8
691,1,22,31,9,9.525804060927038,13
692,20,32,25,11,9.520523686179052,21
693,18,27,9,9,9.520249042639604,18
694,62,14,64,6,9.515284324050944,8
695,8,17,36,6,9.51236026695053,11
696,33,13,69,5,9.511158026464036,8
697,90,14,80,4,9.509239360264802,10
698,114,13,2,5,9.509158562417847,8
699,15,35,51,13,9.503627084553731,22
700,37,22,99,7,9.502759058160713,15
701,11,12,66,5,9.498908037150548,7
702,18,11,84,4,9.493458888054228,7
703,3,11,85,5,9.478406721140292,6
704,13,22,98,7,9.474726692398685,15
705,23,16,57,6,9.474501256774838,10
706,43,23,15,8,9.471477205647831,15
707,16,47,96,14,9.46295382882651,33
708,48,13,15,5,9.46006019231802,8
709,21,12,87,4,9.455785486787557,8
710,32,11,63,4,9.44232166344675,7
711,13,15,2,6,9.422510080465486,9
712,27,16,38,5,9.401601002215301,11
713,109,11,36,3,9.390936468630548,8
714,81,25,16,9,9.384174025613888,16
715,27,16,4,6,9.3787154159821,10
716,104,21,84,8,9.37162724208143,13
717,26,12,28,4,9.352858082446945,8
718,1,20,87,8,9.344990956449259,12
719,28,29,2,10,9.34282167881126,19
720,54,13,81,5,9.335698946306055,8
721,77,10,84,3,9.326879307665175,7
722,29,26,86,9,9.312176261822101,17
723,45,10,38,3,9.31109379184883,7
724,54,30,27,11,9.269071237772641,19
725,114,17,94,7,9.267018335328503,10
726,20,16,90,6,9.25670480461804,10
727,100,36,43,14,9.25663541542668,22
728,34,22,51,8,9.254702967852264,14
729,78,15,53,6,9.245467105519944,9
730,18,12,62,4,9.234800982158584,8
731,91,23,20,9,9.233435902067152,14
732,54,17,3,7,9.232444908063068,10
733,70,16,69,5,9.227346228401574,11
734,98,15,12,5,9.22694029536893,10
735,93,11,90,4,9.204947446014161,7
736,73,17,40,6,9.199997222971483,11
737,63,36,76,12,9.19742593219103,24
738,95,21,114,8,9.195016624238182,13
739,81,16,63,6,9.19342956994627,10
740,68,31,18,11,9.190826393650614,20
741,23,14,91,6,9.188824217195519,8
742,54,19,58,8,9.183988111852097,11
743,53,14,38,5,9.17946873124013,9
744,102,37,86,13,9.175322859485366,24
745,112,22,29,8,9.174610307731975,14
746,92,15,40,5,9.168940871834318,10
747,63,14,72,4,9.168022793278983,10
748,62,21,63,8,9.161474645821363,13
749,50,43,5,17,9.156049369840707,26
750,39,25,106,10,9.155969378752744,15
751,57,13,2,5,9.119959996501736,8
752,92,11,17,4,9.114563540800457,7
753,109,15,31,5,9.11388757240418,10
754,94,12,75,4,9.080901166069644,8
755,95,34,8,13,9.079209474058969,21
756,57,16,40,6,9.075047590769472,10
757,80,39,107,13,9.074881524481428,26
758,44,29,86,10,9.073857704921485,19
759,100,31,60,11,9.061505094229705,20
760,30,45,13,16,9.051437813033681,29
761,35,16,45,7,9.040031591861501,9
762,57,21,43,6,9.037620763544444,15
763,27,42,19,14,9.023349592084717,28
764,63,16,33,6,9.020049921268521,10
765,28,18,12,6,9.017903873482359,12
766,5,15,36,6,9.008614310253613,9
767,30,30,88,12,9.008031571554382,18
768,38,10,72,4,8.999506480702253,6
769,78,15,80,5,8.990142670025005,10
770,48,10,81,3,8.989696104511108,7
771,28,15,52,6,8.975367013246691,9
772,88,20,112,7,8.974262508725223,13
773,97,18,36,7,8.970668153566264,11
774,47,20,114,8,8.969382880850322,12
775,11,14,81,5,8.967824856070845,9
776,28,11,32,4,8.963821007682872,7
777,11,34,41,11,8.953991407123155,23
778,51,26,74,8,8.938947542412073,18
779,73,12,31,4,8.938919570135752,8
780,13,22,84,7,8.92622496976615,15
781,11,10,91,3,8.923724837318142,7
782,26,10,88,4,8.919527282390282,6
783,110,19,25,6,8.917701672558222,13
784,48,12,104,4,8.912185347145057,8
785,69,12,97,4,8.888377862411462,8
786,75,18,109,6,8.883837567249163,12
787,90,23,13,8,8.88376435292604,15
788,49,11,53,4,8.876928289416245,7
789,6,15,12,7,8.873687126500897,8
790,107,22,66,8,8.85129730206017,14
791,35,16,51,6,8.849945437990401,10
792,32,15,87,5,8.84415502943487,10
793,20,10,12,4,8.842914423325947,6
794,63,19,36,7,8.822881427312195,12
795,63,22,77,7,8.81999753264251,15
796,36,18,47,6,8.810892372607714,12
797,106,10,42,3,8.802546839644418,7
798,41,17,28,6,8.792780130820773,11
799,26,11,107,4,8.789963547813727,7
800,77,14,99,4,8.784719144285264,10
801,30,51,39,20,8.783045292899407,31
802,94,16,37,6,8.782776933637448,10
803,106,23,18,8,8.778191080978742,15
804,16,27,1,8,8.777340054296328,19
805,70,17,64,5,8.763483643924099,12
806,17,15,19,5,8.75767346175458,10
807,38,14,106,7,8.74501943352997,7
808,34,18,103,6,8.732399245718998,12
809,4,22,17,7,8.727735068009611,15
810,62,20,8,6,8.725180325771555,14
811,58,10,45,4,8.721721801464442,6
812,45,15,86,6,8.710518828201982,9
813,34,20,19,7,8.700573651484502,13
814,46,13,77,5,8.692557302357297,8
815,86,49,76,19,8.683760649202954,30
816,39,41,20,17,8.683414479878408,24
817,39,67,68,26,8.679610428054557,41
818,9,31,31,11,8.678153869820548,20
819,19,12,31,4,8.676840084796211,8
820,53,11,54,4,8.670288326383611,7
821,13,57,43,24,8.667870618515197,33
822,70,12,58,4,8.662523092509444,8
823,77,13,81,5,8.634208883835615,8
824,1,24,65,10,8.63311694974403,14
825,100,28,29,11,8.597089896504261,17
826,2,34,107,12,8.59635715425528,22
827,65,44,93,18,8.591281807406075,26
828,108,13,68,5,8.580585833252007,8
829,53,18,77,7,8.57678025133703,11
830,95,23,55,8,8.575006509864881,15
831,49,10,93,4,8.572163796775682,6
832,41,12,80,4,8.558761558111074,8
833,78,11,36,4,8.552435160203329,7
834,94,11,2,4,8.55058688518052,7
835,16,15,67,5,8.550473387804695,10
836,93,11,63,4,8.547776338932225,7
837,94,12,35,5,8.545638882275087,7
838,110,11,63,4,8.534985747455593,7
839,53,20,61,6,8.524850655507478,14
840,81,22,69,9,8.51799786685539,13
841,50,11,52,5,8.515472572504802,6
842,13,21,6,8,8.50747605743762,13
843,62,23,40,11,8.506273692628868,12
844,91,10,45,4,8.504304930616431,6
845,100,22,76,9,8.497132189400789,13
846,64,28,40,10,8.496071624321134,18
847,104,22,12,8,8.476612801257941,14
848,55,14,85,5,8.476039600481302,9
849,112,13,79,5,8.473860498540246,8
850,103,28,19,11,8.469047877005718,17
851,39,26,112,10,8.464674026518862,16
852,63,37,20,15,8.46447340208147,22
853,48,39,107,15,8.46425442284703,24
854,12,16,106,5,8.461406597257813,11
855,95,14,96,5,8.45037398259218,9
856,8,24,41,8,8.446748885751395,16
857,29,11,95,4,8.438441558722083,7
858,96,24,70,11,8.437417991026262,13
859,55,20,114,7,8.432483182241098,13
860,88,14,103,5,8.430464226549898,9
861,73,19,90,7,8.424101991862472,12
862,41,12,102,4,8.421036787338009,8
863,109,14,67,7,8.410228891959628,7
864,63,17,19,6,8.404706837961042,11
865,43,10,62,4,8.394379014204608,6
866,62,25,68,10,8.38261509800727,15
867,27,48,60,16,8.376015772921441,32
868,7,45,25,16,8.37280661834829,29
869,7,22,5,8,8.357081514884824,14
870,41,32,31,12,8.353957395244583,20
871,48,25,96,9,8.343995751105187,16
872,27,27,103,10,8.336735171369101,17
873,25,15,9,5,8.323455878342044,10
874,90,13,48,5,8.30973168111364,8
875,10,13,57,4,8.304300512026645,9
876,86,17,56,6,8.300855291965847,11
877,90,31,106,10,8.283845461248372,21
878,41,18,91,6,8.276671952774393,12
879,37,12,14,5,8.266467835075433,7
880,103,12,94,5,8.264881457481591,7
881,8,29,15,12,8.254756555500956,17
882,69,21,106,8,8.230262561693124,13
883,99,10,71,4,8.22496630028886,6
884,76,18,57,6,8.224487012675363,12
885,112,14,40,6,8.221202026655053,8
886,34,12,15,4,8.217126810746985,8
887,16,76,27,28,8.208343393350667,48
888,64,42,51,16,8.201880887276834,26
889,87,24,93,9,8.20135369004028,15
890,74,25,39,10,8.195535087876927,15
891,16,48,46,17,8.195097781262247,31
892,30,29,77,10,8.177056094049236,19
893,89,17,107,6,8.166325065106976,11
894,76,20,9,7,8.161384986883023,13
895,33,17,20,6,8.157924685534635,11
896,68,31,8,12,8.152272734975385,19
897,76,49,51,17,8.147426040460967,32
898,4,10,112,4,8.145974306589784,6
899,56,14,107,6,8.142413744294045,8
900,34,27,87,10,8.127230126349964,17
901,20,11,110,4,8.125291114928716,7
902,81,11,111,3,8.120062859865854,8
903,30,31,55,11,8.098468910297374,20
904,84,28,29,11,8.097345709310336,17
905,95,11,49,3,8.095998639719067,8
906,37,42,46,14,8.09589581959515,28
907,27,45,78,15,8.094234380040165,30
908,109,44,8,18,8.084532850874995,26
909,43,17,4,7,8.083539648296872,10
910,8,61,5,24,8.080732178020162,37
911,110,16,97,6,8.077466293642946,10
912,86,35,48,13,8.077263763613383,22
913,28,23,19,8,8.074139814737295,15
914,50,18,70,8,8.072010588554935,10
915,76,38,68,11,8.067259765332079,27
916,53,13,46,5,8.064750592390656,8
917,12,15,15,6,8.061809473862589,9
918,12,39,107,13,8.060810174073575,26
919,78,37,87,14,8.058116178413242,23
920,19,15,46,6,8.056646218005671,9
921,30,15,12,5,8.05444306114931,10
922,20,36,84,11,8.04861670328596,25
923,100,18,18,8,8.035989461751758,10
924,87,13,66,5,8.030847362070954,8
925,62,15,15,6,8.026015633994907,9
926,75,41,50,14,8.02466935745211,27
927,107,24,103,9,8.016166874931004,15
928,63,12,52,5,8.015196003418383,7
929,35,11,9,5,8.012816785902409,6
930,63,47,88,16,8.011636403272151,31
931,91,31,98,12,8.010154956050265,19
932,41,18,81,6,8.009042710590082,12
933,39,42,88,16,8.004378009209994,26
934,102,19,96,7,7.9956311609664965,12
935,44,22,6,7,7.994067314889742,15
936,98,16,40,7,7.9934169616460915,9
937,13,16,70,6,7.990308468406848,10
938,86,26,103,9,7.990247116755644,17
939,20,19,3,7,7.987586080022351,12
940,5,28,84,11,7.986435375626319,17
941,112,26,76,11,7.979151678151438,15
942,34,20,68,8,7.978044783319167,12
943,30,16,57,6,7.9742408104907305,10
944,65,25,5,10,7.967561696591304,15
945,58,10,61,4,7.964357976226589,6
946,23,21,39,8,7.9630880242589255,13
947,111,17,63,7,7.959677987637777,10
948,54,53,109,19,7.951130265295214,34
949,16,34,64,12,7.9483185367042495,22
950,73,17,87,5,7.942207150258419,12
951,30,12,2,5,7.930773013016298,7
952,78,16,103,4,7.929047988565184,12
953,78,27,3,11,7.92862726612861,16
954,54,22,18,9,7.917650548154775,13
955,6,14,61,5,7.915350050859163,9
956,30,13,33,4,7.913395188124881,9
957,88,10,82,4,7.912578083642496,6
958,71,13,38,4,7.906029048659733,9
959,78,11,31,5,7.904414780494012,6
960,53,14,90,5,7.90103229929259,9
961,17,16,29,7,7.899676305324427,9
962,111,16,51,6,7.8926133994028564,10
963,3,24,57,9,7.8909441865834316,15
964,27,35,77,13,7.8745216976484995,22
965,114,25,90,10,7.8701656835045455,15
966,27,26,53,9,7.864216242382974,17
967,108,15,98,6,7.863072789163925,9
968,44,12,35,5,7.859665557157517,7
969,106,26,91,9,7.859341034872018,17
970,54,80,88,30,7.854553313400374,50
971,27,32,94,12,7.84189700893557,20
972,114,20,1,7,7.837742070296788,13
973,13,63,106,24,7.824636159857552,39
974,10,19,86,8,7.821831100451638,11
975,25,46,46,19,7.8204011950255445,27
976,3,17,94,7,7.803158745647012,10
977,114,12,110,4,7.80031681097971,8
978,108,11,78,4,7.797957113003336,7
979,47,10,111,4,7.786638633209644,6
980,27,62,87,24,7.782709431356685,38
981,114,18,81,8,7.777439516700387,10
982,92,14,114,4,7.774797164908212,10
983,29,19,34,8,7.767616545334046,11
984,53,11,73,4,7.756297558195456,7
985,37,49,25,20,7.755599308877524,29
986,100,38,11,14,7.752400557363735,24
987,28,29,68,10,7.74899303896736,19
988,16,95,39,37,7.748756078879849,58
989,73,13,54,5,7.746921178252216,8
990,30,10,111,3,7.744421754490768,7
991,44,11,84,5,7.741464370739849,6
992,49,20,29,8,7.741005146754658,12
993,46,18,29,9,7.738693511487549,9
994,76,12,72,4,7.731997605583364,8
995,87,10,26,4,7.730492735259905,6
996,16,14,101,5,7.729447625525014,9
997,30,28,94,11,7.7213771310551085,17
998,17,16,3,7,7.7198572416158076,9
999,13,22,76,9,7.713193951992331,13
1000,72,29,27,12,7.712316498929217,17
1001,114,21,96,8,7.708209589747942,13
1002,98,42,86,17,7.705613124334458,25
1003,75,61,68,22,7.698232004910781,39
1004,86,28,1,11,7.69668031791366,17
1005,111,25,7,10,7.69032342577198,15
1006,5,32,11,12,7.687442157533876,20
1007,16,76,63,29,7.685927446350538,47
1008,65,42,29,16,7.6779960958605,26
1009,50,35,55,15,7.677574556383833,20
1010,72,10,104,4,7.673968450836452,6
1011,100,66,86,27,7.673140274412297,39
1012,37,29,38,11,7.668156637885108,18
1013,28,22,62,9,7.6671820736148195,13
1014,37,24,96,10,7.665844925696509,14
1015,41,26,77,9,7.665671674519283,17
1016,16,44,69,16,7.665479946548734,28
1017,27,29,112,11,7.66149470567157,18
1018,104,11,66,3,7.6588091193640615,8
1019,104,39,60,12,7.6559666324409426,27
1020,19,30,3,12,7.654328500505479,18
1021,33,13,31,6,7.647223417443057,7
1022,70,11,60,4,7.6464357490262,7
1023,97,29,5,10,7.639418302115124,19
1024,69,11,61,3,7.633216471104325,8
1025,71,14,27,5,7.62097447229337,9
1026,54,22,72,8,7.618738189484298,14
1027,16,124,88,46,7.617156212073707,78
1028,60,32,69,14,7.613845124007755,18
1029,108,25,88,9,7.612957755702022,16
1030,37,30,7,12,7.598616530184265,18
1031,18,20,36,8,7.5949028785012285,12
1032,87,38,9,16,7.592453429043002,22
1033,55,24,64,8,7.5905103785531685,16
1034,11,36,57,16,7.587225628637277,20
1035,11,24,103,8,7.585830317962976,16
1036,72,10,36,4,7.585561627806539,6
1037,28,31,114,13,7.584853881328923,18
1038,100,37,12,15,7.573615059890707,22
1039,34,14,5,4,7.5706698448560905,10
1040,75,23,49,9,7.565086245339055,14
1041,60,19,45,8,7.562934672858015,11
1042,87,38,40,16,7.562449238427529,22
1043,9,21,104,8,7.555832585448778,13
1044,39,19,103,7,7.555167426699795,12
1045,107,42,49,16,7.548694167024411,26
1046,49,13,55,5,7.545834219734257,8
1047,78,28,69,11,7.539471489927139,17
1048,85,10,46,3,7.538229298143679,7
1049,34,22,55,9,7.534603126846274,13
1050,17,15,77,6,7.533332094576503,9
1051,33,16,7,7,7.532188482638043,9
1052,6,11,55,3,7.526848268362216,8
1053,41,17,17,6,7.526219064648906,11
1054,7,52,87,19,7.517208318589072,33
1055,85,11,47,3,7.514718359567323,8
1056,104,18,69,6,7.510735223332435,12
1057,107,16,61,7,7.509321940652876,9
1058,7,21,109,8,7.493740572538848,13
1059,65,29,102,10,7.485629014664141,19
1060,70,14,36,6,7.476080415111229,8
1061,108,15,63,6,7.475559971035058,9
1062,64,37,31,14,7.4738922265185375,23
1063,58,28,13,9,7.47033272123339,19
1064,18,25,65,10,7.467319094675638,15
1065,110,18,39,6,7.464111416570426,12
1066,45,12,53,5,7.463487107897495,7
1067,27,11,80,4,7.461746767808682,7
1068,100,12,70,5,7.458777129644957,7
1069,72,20,65,8,7.457100384585223,12
1070,37,21,110,9,7.457046552670356,12
1071,11,12,71,5,7.444969376445684,7
1072,34,22,49,9,7.444592657229507,13
1073,41,23,19,8,7.443816997766066,15
1074,16,46,9,16,7.440540686759275,30
1075,98,14,17,6,7.4280444792091895,8
1076,36,34,41,16,7.412500474371832,18
1077,70,30,20,11,7.408681007686702,19
1078,20,11,94,4,7.404911652749632,7
1079,19,19,12,9,7.401383748269214,10
1080,1,10,5,4,7.391988711274886,6
1081,50,29,71,12,7.386130219514862,17
1082,71,19,81,7,7.374213709282583,12
1083,13,48,23,21,7.3735468799818955,27
1084,73,10,71,4,7.37323406519455,6
1085,107,23,102,10,7.368219185837454,13
1086,31,14,80,4,7.367135464628976,10
1087,16,72,55,26,7.36707211993361,46
1088,25,16,33,5,7.36592627296452,11
1089,73,25,8,10,7.35879002547718,15
1090,17,19,9,8,7.3581791578689,11
1091,16,25,58,9,7.354299843099004,16
1092,85,18,50,7,7.350694340500689,11
1093,48,24,79,9,7.345817828277461,15
1094,23,18,114,6,7.344942637597016,12
1095,40,41,104,15,7.342291894534163,26
1096,57,25,46,10,7.338734215518556,15
1097,78,24,34,10,7.336336560215481,14
1098,75,16,2,7,7.332326563651873,9
1099,62,30,88,12,7.323841783087014,18
1100,70,42,5,17,7.323141246130927,25
1101,16,20,93,9,7.319623013756245,11
1102,9,16,57,6,7.301299515175974,10
1103,54,33,40,13,7.298767912387551,20
1104,43,31,40,13,7.2876910701836355,18
1105,23,18,17,7,7.286484354574563,11
1106,97,16,29,6,7.284915525257299,10
1107,55,20,68,7,7.273979151335479,13
1108,106,13,57,6,7.272492874678534,7
1109,62,10,96,3,7.268496266352443,7
1110,110,16,70,6,7.267896542251015,10
1111,20,17,98,6,7.267496359610282,11
1112,100,14,48,6,7.263809625362937,8
1113,63,14,10,5,7.2617205803599045,9
1114,75,19,81,7,7.259552889264539,12
1115,87,29,91,11,7.256753645120718,18
1116,69,12,96,4,7.252755690648875,8
1117,31,14,5,5,7.246607645789562,9
1118,114,27,40,9,7.240772461331043,18
1119,78,21,77,8,7.235135596673452,13
1120,57,25,63,11,7.2245700147522,14
1121,114,16,30,7,7.223280031087767,9
1122,30,15,90,6,7.212567303813301,9
1123,18,27,8,9,7.2072418633828494,18
1124,86,22,52,8,7.203855363753254,14
1125,112,15,43,6,7.1893251112725896,9
1126,107,41,43,16,7.1853889491968825,25
1127,98,24,29,9,7.180316216962122,15
1128,36,16,112,6,7.175574629533441,10
1129,30,13,61,5,7.1697153559652405,8
1130,114,19,57,7,7.16817977917647,12
1131,104,39,55,15,7.167673821947762,24
1132,17,23,60,9,7.159951280063791,14
1133,69,13,48,6,7.158814996268266,7
1134,80,13,30,5,7.153305949978541,8
1135,114,25,3,9,7.15288918093006,16
1136,29,14,37,6,7.147246302868531,8
1137,84,18,19,7,7.145362039647056,11
1138,97,26,51,9,7.145200913148902,17
1139,111,12,69,5,7.144443379259755,7
1140,5,17,60,6,7.144002600647477,11
1141,40,50,55,19,7.142420946012768,31
1142,33,13,78,5,7.142209395263033,8
1143,97,28,68,11,7.141635420047943,17
1144,27,39,15,17,7.136849333339997,22
1145,30,14,58,5,7.134101849433173,9
1146,62,11,38,4,7.131662703916968,7
1147,67,12,107,4,7.124134838046416,8
1148,65,27,76,9,7.121500914302366,18
1149,86,30,83,10,7.114862976089345,20
1150,45,33,7,13,7.114147641228475,20
1151,100,32,54,12,7.106265052685038,20
1152,1,10,45,4,7.100044646871245,6
1153,38,14,17,6,7.099034060595348,8
1154,30,26,64,10,7.0955835601535755,16
1155,104,27,3,10,7.086280408507762,17
1156,16,37,76,17,7.08252034451718,20
1157,28,35,70,14,7.078735797739843,21
1158,85,10,53,3,7.0781457464371815,7
1159,98,27,63,11,7.061533653908023,16
1160,99,18,36,6,7.061516094995872,12
1161,65,16,73,6,7.056062739811479,10
1162,86,112,51,47,7.0451244059856455,65
1163,55,25,97,9,7.041738062020972,16
1164,72,11,114,5,7.039741382461145,6
1165,94,18,60,7,7.035159972468677,11
1166,37,19,27,7,7.034792767414984,12
1167,76,15,48,5,7.031929988428476,10
1168,80,10,43,4,7.031005677454656,6
1169,95,15,40,6,7.026458120737083,9
1170,68,59,87,23,7.025146503692478,36
1171,87,27,53,12,7.022639512769477,15
1172,12,15,43,5,7.021564164922878,10
1173,63,25,38,8,7.013791456544735,17
1174,12,22,77,9,7.011612302056173,13
1175,54,33,90,13,7.009009901151706,20
1176,40,13,69,4,7.0067178601682825,9
1177,93,26,54,9,7.002072182522706,17
1178,8,33,57,12,6.998719542214547,21
1179,79,14,54,5,6.993661154009002,9
1180,4,21,87,7,6.993636995986407,14
1181,62,15,5,6,6.992708759597391,9
1182,111,23,13,10,6.988942249892523,13
1183,17,20,55,9,6.987444025974705,11
1184,53,30,30,12,6.984989750265453,18
1185,13,21,103,7,6.977895728155675,14
1186,39,70,49,26,6.976919265556922,44
1187,29,22,68,8,6.975698761703106,14
1188,18,23,97,9,6.965163575719862,14
1189,16,34,36,13,6.9623095532486845,21
1190,111,15,39,6,6.960860011711801,9
1191,32,18,104,6,6.95922508638955,12
1192,90,20,63,8,6.95733483322538,12
1193,109,30,55,14,6.952801077513017,16
1194,4,25,51,9,6.952578906103857,16
1195,58,20,88,8,6.951724289335949,12
1196,60,33,50,15,6.944865376684973,18
1197,99,12,88,5,6.93913123202866,7
1198,39,33,29,15,6.938842255810812,18
1199,13,36,37,14,6.91476424958532,22
1200,28,17,29,7,6.905526522456791,10
1201,58,21,68,8,6.90465268486649,13
1202,107,33,62,15,6.902263747551283,18
1203,88,13,67,4,6.891493842154356,9
1204,18,17,112,6,6.887267609994755,11
1205,29,28,15,11,6.8827126956662426,17
1206,106,15,99,5,6.882359612487447,10
1207,19,17,108,7,6.881086420926003,10
1208,34,12,38,4,6.8714448233593854,8
1209,29,19,69,8,6.87026975866342,11
1210,60,43,4,19,6.864343045215706,24
1211,41,47,86,17,6.858675087687563,30
1212,11,36,68,15,6.855439241001143,21
1213,30,25,37,9,6.853302921187576,16
1214,7,99,51,37,6.849475435937799,62
1215,76,21,94,7,6.845095543102228,14
1216,62,28,51,11,6.837263314130049,17
1217,20,15,29,6,6.832826874702705,9
1218,95,25,106,9,6.830338155584792,16
1219,79,14,65,6,6.821859416038811,8
1220,68,69,31,28,6.821634358561019,41
1221,56,13,4,6,6.816273515879696,7
1222,39,101,51,40,6.813283084723181,61
1223,8,32,9,15,6.810878783728151,17
1224,50,22,102,10,6.809919414830619,12
1225,71,50,13,21,6.804323620324037,29
1226,28,16,49,7,6.801284823553003,9
1227,108,23,87,9,6.799580586486788,14
1228,55,10,31,4,6.798197972656263,6
1229,2,14,38,6,6.792448237787324,8
1230,8,10,42,5,6.78054178477664,5
1231,51,63,63,28,6.773843003389743,35
1232,86,82,96,32,6.757041595559335,50
1233,13,39,8,15,6.751757053519925,24
1234,33,17,50,7,6.750798742645294,10
1235,63,27,109,12,6.749986635160668,15
1236,94,10,71,4,6.748460655059317,6
1237,45,13,68,5,6.747691137383071,8
1238,100,23,74,9,6.742923050259365,14
1239,84,26,48,10,6.7407911051084906,16
1240,15,20,69,7,6.736896270525392,13
1241,74,38,96,14,6.731828732252355,24
1242,14,13,95,5,6.731405281187272,8
1243,65,10,32,4,6.718474357729474,6
1244,28,35,97,13,6.716635909782017,22
1245,83,15,74,7,6.703298030488857,8
1246,108,11,38,4,6.702463242169258,7
1247,63,25,23,9,6.701335055503612,16
1248,111,11,106,3,6.697425895741327,8
1249,104,54,28,22,6.6974143097234355,32
1250,11,24,98,10,6.689063597940294,14
1251,23,31,68,14,6.676959480055366,17
1252,34,34,86,14,6.674360500745737,20
1253,85,20,54,7,6.664179187550933,13
1254,19,13,80,5,6.6570365011750905,8
1255,83,11,71,5,6.656205380333864,6
1256,71,19,37,8,6.653996053488669,11
1257,8,59,63,25,6.653552632837189,34
1258,32,26,5,10,6.647447060451906,16
1259,86,38,17,17,6.641619574926921,21
1260,102,19,88,6,6.636908554010758,13
1261,4,30,65,12,6.6356003955737535,18
1262,49,29,77,10,6.634323972200784,19
1263,39,22,37,9,6.632156694863052,13
1264,47,43,13,17,6.630254291387857,26
1265,25,48,5,19,6.626414170343125,29
1266,16,50,3,19,6.626018662566254,31
1267,74,38,46,14,6.622188071735937,24
1268,12,17,38,7,6.620249174021179,10
1269,20,21,68,9,6.619136630374984,12
1270,23,14,30,6,6.618468991829208,8
1271,102,12,77,5,6.618078815941928,7
1272,70,15,29,7,6.612089427667157,8
1273,91,11,57,5,6.612021080869434,6
1274,11,25,35,10,6.6098986532599575,15
1275,72,18,49,7,6.605946936757428,11
1276,41,14,90,6,6.596764805214368,8
1277,64,31,63,13,6.5953519944401675,18
1278,30,20,79,7,6.592079457136293,13
1279,49,33,3,14,6.5920085972195,19
1280,34,16,67,8,6.58685136756142,8
1281,27,11,101,4,6.582303845846212,7
1282,49,33,60,13,6.571608518361559,20
1283,53,26,114,11,6.571088082289226,15
1284,75,31,63,13,6.570041946714378,18
1285,112,15,30,5,6.562692428407148,10
1286,78,17,50,6,6.562139985257883,11
1287,64,22,19,7,6.56099923334209,15
1288,106,32,23,15,6.549055396089171,17
1289,58,16,112,7,6.546457957272807,9
1290,49,11,57,5,6.545795026371636,6
1291,54,58,70,23,6.543056803225659,35
1292,78,27,8,10,6.539735477431524,17
1293,81,48,13,18,6.534046463710123,30
1294,94,14,34,6,6.5316475345753995,8
1295,91,13,80,5,6.531108694088673,8
1296,102,12,38,3,6.529266346603461,9
1297,15,14,91,7,6.516506116971918,7
1298,60,20,66,7,6.515171561917162,13
1299,76,15,79,5,6.514592595269538,10
1300,74,29,55,12,6.503619546467787,17
1301,90,11,102,6,6.502237322589002,5
1302,13,79,87,30,6.490212423057323,49
1303,70,20,9,7,6.477071321597407,13
1304,98,11,68,4,6.4699276959750645,7
1305,97,19,57,8,6.465009515620626,11
1306,11,15,10,6,6.454288934219365,9
1307,8,20,91,8,6.453847873736644,12
1308,50,23,18,10,6.452668500546503,13
1309,6,10,28,4,6.452419128804086,6
1310,68,16,33,6,6.451134609706936,10
1311,69,18,94,7,6.432434124144747,11
1312,75,21,100,10,6.426877840881264,11
1313,96,23,80,9,6.423400971659428,14
1314,61,10,23,4,6.419517618014351,6
1315,91,18,54,8,6.414686940093468,10
1316,80,20,37,8,6.401050818487373,12
1317,33,13,96,7,6.392035038140808,6
1318,28,16,27,5,6.382931621067471,11
1319,72,18,17,7,6.37414542876988,11
1320,33,15,102,6,6.371524301983966,9
1321,55,63,65,26,6.368489111627682,37
1322,7,21,56,9,6.361794853449644,12
1323,64,19,43,8,6.3596171770522805,11
1324,92,13,27,6,6.356396578041118,7
1325,85,17,96,5,6.345069391274802,12
1326,12,10,17,4,6.340271038954066,6
1327,89,12,55,5,6.335775873531148,7
1328,43,43,86,17,6.334706329753164,26
1329,30,70,16,27,6.324562728148005,43
1330,77,37,51,16,6.323702748298248,21
1331,70,18,98,6,6.319051319272616,12
1332,107,48,53,19,6.300738049492761,29
1333,43,16,8,7,6.297331254782462,9
1334,86,55,97,23,6.295568946747487,32
1335,28,36,102,15,6.294379170221602,21
1336,40,68,68,26,6.288399173895765,42
1337,54,13,108,4,6.288035508418625,9
1338,107,28,35,10,6.2864860520985095,18
1339,12,15,4,5,6.285579029533408,10
1340,50,15,72,6,6.282212191469298,9
1341,29,14,93,6,6.281843189307092,8
1342,86,21,4,8,6.2794844995496994,13
1343,20,45,5,17,6.270373633442785,28
1344,15,12,95,5,6.265255655621163,7
1345,107,65,55,27,6.2629651896189,38
1346,114,48,5,20,6.237633533478721,28
1347,16,42,91,15,6.227187272730326,27
1348,114,24,70,9,6.2146226206029915,15
1349,35,15,84,6,6.209299301194261,9
1350,63,14,12,7,6.204748395941864,7
1351,74,28,70,13,6.203999405338755,15
1352,41,21,37,8,6.201755384784586,13
1353,65,49,20,18,6.200424954113156,31
1354,63,28,2,12,6.200018491851485,16
1355,50,18,48,7,6.197823593871153,11
1356,87,26,97,9,6.1908682502181325,17
1357,91,12,71,5,6.187474142289449,7
1358,80,10,93,5,6.175234905241036,5
1359,13,47,36,18,6.167141158071529,29
1360,23,25,100,10,6.160200190912259,15
1361,50,11,81,5,6.158903696641065,6
1362,75,27,47,9,6.156969718274411,18
1363,18,12,103,4,6.156389570504274,8
1364,100,32,7,13,6.153012622391107,19
1365,114,48,68,20,6.151577271829135,28
1366,41,20,97,8,6.148946376824954,12
1367,49,29,65,12,6.132432657786818,17
1368,25,35,88,12,6.123879676950231,23
1369,3,18,50,8,6.122691253496962,10
1370,81,13,31,4,6.117159791325403,9
1371,90,12,7,5,6.108519045195328,7
1372,16,13,10,5,6.102410867550438,8
1373,84,12,15,5,6.09892148672844,7
1374,62,16,69,7,6.098141811871047,9
1375,54,11,47,5,6.095812400128514,6
1376,100,57,87,25,6.09277584825305,32
1377,96,14,108,6,6.092516088942792,8
1378,111,23,107,11,6.08814286411973,12
1379,23,13,102,6,6.080684731147943,7
1380,39,28,77,12,6.077067225304934,16
1381,6,23,16,11,6.074728029131809,12
1382,65,64,88,24,6.068722517026158,40
1383,23,27,41,11,6.068042449918637,16
1384,39,14,14,6,6.04933667985342,8
1385,63,24,18,9,6.046455003215173,15
1386,53,30,112,14,6.044976838822192,16
1387,70,15,93,6,6.04469500542117,9
1388,76,18,88,8,6.043471817882154,10
1389,8,16,32,7,6.041444852098721,9
1390,87,37,57,15,6.038260235155493,22
1391,7,24,98,9,6.0336860037819795,15
1392,75,31,31,14,6.033482134287373,17
1393,26,10,68,4,6.030745942778486,6
1394,91,17,50,6,6.027790824025911,11
1395,78,46,51,21,6.027505517364007,25
1396,98,24,37,10,6.023716027404386,14
1397,103,17,17,6,6.022913063656272,11
1398,29,15,48,6,6.020141509256061,9
1399,27,18,35,7,6.016767935838186,11
1400,87,60,37,24,6.011896680172788,36
1401,34,33,8,13,6.006661745556504,20
1402,29,34,19,13,6.006279537520525,21
1403,112,11,98,4,6.005421104961224,7
1404,94,21,54,9,6.000772945562409,12
1405,114,25,31,11,5.991876520395493,14
1406,98,20,84,7,5.988889731578423,13
1407,3,25,77,11,5.98288839075645,14
1408,16,96,8,38,5.979899774107107,58
1409,64,20,18,8,5.974775055211904,12
1410,102,21,87,8,5.971447061156249,13
1411,47,16,81,6,5.967835030110958,10
1412,97,18,40,7,5.966918416140386,11
1413,11,25,102,11,5.954662394051191,14
1414,97,12,10,6,5.950831581917705,6
1415,28,31,76,14,5.950271226300689,17
1416,28,15,53,6,5.9457443646332715,9
1417,16,48,17,17,5.940232340982312,31
1418,16,28,38,9,5.939629377317462,19
1419,53,26,104,11,5.936620222245527,15
1420,73,20,114,8,5.924435121305103,12
1421,75,14,93,6,5.923243043930715,8
1422,78,23,7,11,5.919551023484503,12
1423,104,82,65,35,5.912154582043187,47
1424,84,27,57,13,5.910397185802947,14
1425,75,59,107,20,5.896729059645907,39
1426,51,16,91,6,5.895842800786141,10
1427,39,34,43,15,5.893766912543444,19
1428,101,15,68,5,5.8919398867497925,10
1429,74,34,84,16,5.891399521581718,18
1430,37,11,3,5,5.889738338475408,6
1431,17,16,43,7,5.888801333071096,9
1432,75,17,108,7,5.885506345854971,10
1433,46,12,36,5,5.882094180819339,7
1434,28,12,31,5,5.87633787823225,7
1435,87,50,19,20,5.875904223711485,30
1436,54,36,95,16,5.865979569344106,20
1437,34,17,7,7,5.863504951401833,10
1438,7,21,112,8,5.8633899504874805,13
1439,80,12,79,6,5.851472407179256,6
1440,108,10,65,5,5.847992745343311,5
1441,13,40,69,16,5.843363292908418,24
1442,40,16,5,7,5.820527251695649,9
1443,19,13,85,5,5.818975421540376,8
1444,79,13,20,5,5.810117746469002,8
1445,8,19,98,7,5.806615359942183,12
1446,10,11,106,3,5.8036728949329275,8
1447,91,19,31,7,5.801858258461766,12
1448,48,13,19,6,5.792431440588199,7
1449,62,19,11,8,5.789369247630057,11
1450,104,16,81,8,5.786821230718981,8
1451,47,23,86,9,5.7820270671396585,14
1452,47,20,15,9,5.776315263541679,11
1453,23,45,60,18,5.772794691627649,27
1454,15,17,50,7,5.769945271210999,10
1455,61,10,54,4,5.763750710129652,6
1456,30,59,65,24,5.762519510174724,35
1457,80,15,68,6,5.759836210772863,9
1458,58,13,53,7,5.756559382638666,6
1459,23,13,47,5,5.755142063292807,8
1460,36,12,77,5,5.751140829309578,7
1461,100,25,114,10,5.743860264273012,15
1462,25,42,106,16,5.73768822242091,26
1463,107,31,47,13,5.730039668040246,18
1464,13,48,25,22,5.729332953997915,26
1465,45,14,9,5,5.727853500458987,9
1466,25,26,51,11,5.72613511284895,15
1467,100,25,102,9,5.719538880425677,16
1468,69,16,12,8,5.715951067980107,8
1469,64,37,65,16,5.704413748738564,21
1470,53,17,62,7,5.701449545318567,10
1471,74,16,48,8,5.700624808475295,8
1472,70,10,32,5,5.692479372096213,5
1473,106,46,5,18,5.689619439430471,28
1474,35,21,40,8,5.6891402135768585,13
1475,76,17,114,6,5.686109810518628,11
1476,28,37,9,17,5.685359581946875,20
1477,102,10,95,4,5.685319962340818,6
1478,63,37,13,16,5.677540897301027,21
1479,94,10,25,5,5.671887186214519,5
1480,75,39,37,14,5.670197882049105,25
1481,16,31,99,13,5.665818337043021,18
1482,54,11,82,4,5.664278302313932,7
1483,86,35,81,12,5.66099570384644,23
1484,46,31,75,13,5.654705399493307,18
1485,48,36,87,14,5.653971261077135,22
1486,20,44,16,16,5.653886889078911,28
1487,4,10,97,4,5.649870700339136,6
1488,39,13,97,5,5.649731064357227,8
1489,73,23,74,9,5.649045009007229,14
1490,109,16,46,7,5.636528034552769,9
1491,75,43,9,17,5.6326941278183265,26
1492,15,16,103,7,5.63230736555337,9
1493,15,11,6,4,5.630932126309074,7
1494,78,16,20,7,5.6294679305494935,9
1495,86,28,73,13,5.62531345595925,15
1496,5,21,17,7,5.625033929201379,14
1497,19,10,5,4,5.623378775596127,6
1498,9,24,84,10,5.622843694169622,14
1499,13,42,54,17,5.620345999055128,25
1500,95,26,50,11,5.619957219349123,15
1501,68,26,91,12,5.61946637277209,14
1502,72,13,60,5,5.611432015329071,8
1503,23,11,10,5,5.611414438981715,6
1504,80,17,64,8,5.593698551425534,9
1505,20,38,96,15,5.591064360306499,23
1506,104,49,51,18,5.589840872273169,31
1507,102,14,34,5,5.587343030075011,9
1508,89,13,53,6,5.5817208357882135,7
1509,14,14,88,6,5.580858903619985,8
1510,69,38,86,16,5.577802432439769,22
1511,20,22,44,9,5.576158683247874,13
1512,7,23,38,10,5.57543888103377,13
1513,86,98,88,41,5.562390170991596,57
1514,107,63,20,27,5.562332766197254,36
1515,31,10,95,4,5.5581891593402775,6
1516,13,72,40,31,5.55717975004481,41
1517,13,30,95,13,5.556983808516705,17
1518,46,11,4,5,5.55622187464566,6
1519,8,44,46,20,5.553053726096314,24
1520,69,16,54,7,5.552096999235811,9
1521,8,41,25,16,5.550067480025434,25
1522,36,53,31,23,5.548564460468652,30
1523,25,18,84,7,5.5466876181289715,11
1524,18,42,75,18,5.546579166688546,24
1525,20,22,2,9,5.544865436021075,13
1526,64,21,23,9,5.538877575953661,12
1527,27,56,86,23,5.536809223154126,33
1528,16,22,14,9,5.533520092369799,13
1529,16,77,100,31,5.528114434757788,46
1530,64,11,102,4,5.525256448935202,7
1531,15,33,11,13,5.52412215625445,20
1532,74,15,77,6,5.523098396212753,9
1533,28,33,7,13,5.522079859732702,20
1534,80,28,87,11,5.518166010205808,17
1535,27,55,65,22,5.511757537656284,33
1536,45,23,65,11,5.510611418282091,12
1537,95,19,83,7,5.510188596504647,12
1538,80,10,81,5,5.509744831821596,5
1539,32,13,109,6,5.5080518973086185,7
1540,40,14,19,5,5.507682773045995,9
1541,2,13,40,5,5.504797437287729,8
1542,44,15,64,6,5.503275136525506,9
1543,58,28,69,13,5.500786187625172,15
1544,67,10,102,4,5.49724656177184,6
1545,111,27,55,11,5.4926637972483,16
1546,16,109,87,45,5.4839243267422075,64
1547,100,22,25,10,5.476003695191372,12
1548,31,13,74,5,5.468299370651384,8
1549,5,31,51,11,5.465657211287606,20
1550,57,13,50,5,5.460704285123116,8
1551,71,14,76,7,5.456476326439047,7
1552,75,43,71,16,5.454468163058883,27
1553,85,25,84,9,5.439743670520439,16
1554,71,29,68,11,5.435653336862236,18
1555,42,13,69,6,5.432900919803646,7
1556,16,128,107,49,5.431518804017522,79
1557,104,33,63,14,5.422500590286895,19
1558,104,38,25,17,5.422383455319629,21
1559,98,27,76,11,5.421334528995661,16
1560,11,32,19,12,5.420057417715361,20
1561,4,11,58,4,5.405037105567146,7
1562,8,20,33,8,5.397787705463012,12
1563,64,40,86,17,5.391204217901304,23
1564,49,31,51,13,5.385702050111724,18
1565,54,38,68,15,5.382447112107091,23
1566,100,22,109,8,5.379853421224185,14
1567,65,16,103,6,5.377768524309904,10
1568,15,25,18,10,5.370261713586338,15
1569,84,36,39,16,5.369674486814977,20
1570,7,35,97,16,5.356987360153851,19
1571,81,15,65,6,5.355649781765623,9
1572,50,26,30,11,5.354360679381176,15
1573,15,12,96,5,5.353611172107393,7
1574,37,47,63,19,5.351566239537104,28
1575,68,53,53,22,5.342360173932805,31
1576,7,19,62,8,5.339510147514967,11
1577,97,14,102,5,5.335160623731844,9
1578,7,40,3,16,5.31595435105027,24
1579,38,19,19,6,5.3155517588149985,13
1580,86,15,61,6,5.314125600249351,9
1581,41,28,3,9,5.308183069174531,19
1582,3,13,98,7,5.306424260089196,6
1583,58,13,47,5,5.30548176696703,8
1584,10,15,87,6,5.299026363997259,9
1585,99,21,86,8,5.291638236148403,13
1586,14,19,28,7,5.288795345484194,12
1587,100,50,27,22,5.2876243637585665,28
1588,62,13,109,7,5.284405260681885,6
1589,63,17,66,7,5.28418224098978,10
1590,56,11,88,5,5.280224334897691,6
1591,13,23,62,10,5.279557581763118,13
1592,45,15,87,6,5.278722468966396,9
1593,104,42,50,17,5.274159989604431,25
1594,28,11,92,4,5.26619903758234,7
1595,86,55,75,25,5.26427494208678,30
1596,107,67,104,28,5.260319067961473,39
1597,34,11,1,3,5.259854618241473,8
1598,38,13,78,5,5.2578559558240405,8
1599,35,11,31,5,5.255104723881263,6
1600,85,14,65,6,5.254482148208556,8
1601,25,26,40,11,5.242222631716463,15
1602,52,14,16,6,5.238731564661996,8
1603,91,21,25,9,5.236778929543691,12
1604,9,12,23,5,5.231512665759894,7
1605,35,11,5,5,5.226534281744142,6
1606,92,23,39,11,5.22393109782644,12
1607,54,54,106,25,5.222938310920249,29
1608,54,27,49,12,5.222166949049478,15
1609,16,111,65,47,5.221714128591706,64
1610,7,101,88,43,5.220134457500583,58
1611,40,22,37,10,5.2189812618502875,12
1612,20,18,76,9,5.218902337593747,9
1613,19,17,81,7,5.218113087589112,10
1614,69,14,8,6,5.216534828858885,8
1615,33,12,91,6,5.213867650447791,6
1616,50,22,109,9,5.207842202449344,13
1617,63,21,43,9,5.207688448634706,12
1618,16,106,7,46,5.201721932894633,60
1619,16,36,53,14,5.201094174764711,22
1620,78,27,49,12,5.19822420135013,15
1621,64,26,8,10,5.1977394093405085,16
1622,46,25,39,13,5.196853389468722,12
1623,104,18,80,8,5.194103195079234,10
1624,40,13,113,5,5.193726392686624,8
1625,6,10,71,4,5.193692278292729,6
1626,23,14,43,6,5.1891207532463,8
1627,75,17,97,7,5.183439015487436,10
1628,86,58,104,25,5.1756496993233485,33
1629,65,29,96,13,5.165027076154164,16
1630,91,11,56,5,5.1601828143932735,6
1631,98,13,93,6,5.160023067123591,7
1632,67,12,5,5,5.159840528973067,7
1633,35,16,28,8,5.153123660542302,8
1634,39,57,60,25,5.152802282703847,32
1635,106,24,9,10,5.150083731218861,14
1636,11,13,97,6,5.149154391162879,7
1637,27,48,49,20,5.142147981794253,28
1638,72,17,8,8,5.13781996064983,9
1639,36,21,3,8,5.136055944816986,13
1640,107,25,77,11,5.133888332698847,14
1641,40,30,58,14,5.133397385337812,16
1642,64,14,33,5,5.132334361355246,9
1643,72,21,100,8,5.123747732494325,13
1644,75,18,4,7,5.112428644465592,11
1645,30,10,1,4,5.107240382060611,6
1646,9,30,54,13,5.106575143785501,17
1647,55,23,70,10,5.1032220329288345,13
1648,28,13,108,6,5.102919930198642,7
1649,49,14,33,5,5.095253781724579,9
1650,90,23,65,11,5.084911236528136,12
1651,8,70,87,30,5.084902312273525,40
1652,32,10,20,3,5.082163415292109,7
1653,3,23,64,10,5.079848362911411,13
1654,47,16,28,7,5.079195021327368,9
1655,63,63,54,26,5.07698485515865,37
1656,104,38,100,16,5.075921827905521,22
1657,41,10,61,4,5.060781095904467,6
1658,7,16,10,7,5.060407065651958,9
1659,95,20,75,8,5.050260152484931,12
1660,63,15,85,7,5.044437930195333,8
1661,39,31,38,13,5.039769505176328,18
1662,43,18,84,8,5.034570350714234,10
1663,20,24,41,11,5.031440077185285,13
1664,94,36,87,16,5.028702412089722,20
1665,13,49,64,23,5.026699897179315,26
1666,108,30,51,13,5.016985241457159,17
1667,112,17,94,6,5.010192110959217,11
1668,102,13,83,5,5.0053275745844825,8
1669,86,32,79,13,5.00488592427506,19
1670,93,26,5,10,5.004460526821323,16
1671,7,41,106,20,5.003800212982272,21
1672,30,47,60,17,4.996202188281949,30
1673,74,15,71,7,4.993812181109021,8
1674,50,23,31,10,4.99199978599778,13
1675,63,19,94,8,4.988953899876626,11
1676,80,34,55,16,4.987967529735275,18
1677,80,10,44,5,4.9735414138069105,5
1678,98,11,23,5,4.969965161139006,6
1679,27,21,114,9,4.967571693509977,12
1680,96,23,90,9,4.963939687748078,14
1681,76,44,107,16,4.963511886446058,28
1682,85,10,64,4,4.962701184974938,6
1683,64,33,41,13,4.951397157092105,20
1684,20,12,100,5,4.9486843519072865,7
1685,56,19,68,9,4.94813216675333,10
1686,76,14,18,6,4.948055179076069,8
1687,80,29,106,12,4.946009667025365,17
1688,39,23,81,9,4.943832581007466,14
1689,40,15,78,5,4.942465399220729,10
1690,93,27,28,10,4.941127481170006,17
1691,49,11,71,5,4.940945789460408,6
1692,100,72,51,34,4.940002025939464,38
1693,62,18,9,8,4.931496627802286,10
1694,114,22,9,7,4.931319071415342,15
1695,86,40,36,17,4.927433251240005,23
1696,100,77,107,36,4.925676488158576,41
1697,74,56,106,24,4.924754963776778,32
1698,47,14,100,6,4.90930211478642,8
1699,18,11,29,4,4.9072911901611045,7
1700,38,12,28,6,4.907164394244691,6
1701,13,43,77,18,4.906794574928386,25
1702,9,15,29,6,4.900194767905049,9
1703,23,16,77,7,4.892331871891681,9
1704,75,47,51,21,4.890410363576286,26
1705,39,10,101,4,4.889741278103363,6
1706,27,11,46,4,4.887638683251711,7
1707,30,53,19,22,4.884651595572227,31
1708,69,11,95,4,4.882909765417961,7
1709,23,44,88,17,4.876485476342163,27
1710,100,17,84,6,4.87641516703203,11
1711,88,26,57,12,4.870812248870149,14
1712,13,20,79,8,4.869950872786802,12
1713,29,11,1,4,4.86693457558879,7
1714,37,54,106,25,4.865641247327302,29
1715,5,10,89,3,4.86246564090175,7
1716,52,12,107,4,4.861262849981809,8
1717,81,24,3,10,4.860040341211912,14
1718,100,31,112,14,4.858414274039212,17
1719,58,38,107,15,4.857008495705362,23
1720,77,11,114,5,4.854209160918298,6
1721,97,12,32,5,4.851459349576839,7
1722,27,58,3,25,4.849811320874653,33
1723,39,17,83,7,4.845386042652696,10
1724,83,20,64,9,4.840996077098241,11
1725,94,17,109,8,4.837565167214331,9
1726,8,15,67,6,4.831909846155583,9
1727,60,31,15,14,4.829771814846705,17
1728,65,47,9,19,4.826128695703039,28
1729,31,19,25,9,4.823839301099763,10
1730,14,15,54,5,4.820525855929132,10
1731,30,58,107,24,4.820148690247347,34
1732,74,11,85,5,4.812388004493803,6
1733,6,12,106,5,4.810944704219048,7
1734,2,25,106,11,4.808494527305082,14
1735,75,44,88,18,4.804702938088107,26
1736,1,16,12,7,4.804302234326601,9
1737,16,11,56,4,4.8021414027227,7
1738,75,22,96,7,4.801381492311931,15
1739,34,14,88,6,4.799596567728287,8
1740,7,23,46,8,4.79766101758117,15
1741,111,11,25,5,4.797175922879397,6
1742,52,13,20,5,4.795236183864801,8
1743,9,17,1,9,4.794059502939978,8
1744,72,22,11,10,4.791454611057335,12
1745,97,24,76,11,4.789197045000655,13
1746,76,33,5,14,4.788314400539968,19
1747,72,22,87,10,4.7870712017642,12
1748,15,25,81,11,4.783657780343267,14
1749,9,12,5,5,4.777710715122403,7
1750,30,17,108,7,4.7770363391373785,10
1751,107,43,3,20,4.775366827633262,23
1752,33,14,23,6,4.772846471482118,8
1753,9,10,37,4,4.7723167368365935,6
1754,90,13,70,6,4.771084444295362,7
1755,12,15,31,7,4.770632464521183,8
1756,55,16,94,7,4.767452995148861,9
1757,76,23,60,8,4.763967746356446,15
1758,55,12,79,5,4.763372141256469,7
1759,93,16,50,6,4.755526241513054,10
1760,7,23,50,10,4.754905099968965,13
1761,90,30,5,12,4.752640516818983,18
1762,25,16,77,7,4.745845616411638,9
1763,87,42,41,18,4.740822182406322,24
1764,34,23,30,10,4.7385268256976865,13
1765,13,82,55,35,4.7339588356712445,47
1766,6,11,46,5,4.730994669309113,6
1767,15,14,75,5,4.729161606780822,9
1768,104,15,19,6,4.727279201467324,9
1769,89,14,13,7,4.7137534551587725,7
1770,20,23,46,8,4.708713070266485,15
1771,16,36,84,15,4.697024903080797,21
1772,71,16,5,7,4.686451238703377,9
1773,40,51,39,21,4.685059105758996,30
1774,109,19,38,7,4.6680162036882455,12
1775,25,15,47,7,4.655390231832646,8
1776,27,13,79,6,4.651583262533671,7
1777,15,16,1,6,4.649350840919029,10
1778,63,39,96,15,4.649023449526137,24
1779,73,14,13,6,4.642713338622983,8
1780,48,13,25,6,4.64169889765536,7
1781,80,11,69,5,4.638884395252678,6
1782,73,19,109,8,4.637139105733967,11
1783,60,22,25,10,4.636282806493916,12
1784,106,15,110,7,4.633960085739299,8
1785,65,13,89,6,4.632113459581728,7
1786,51,15,92,7,4.630319337525281,8
1787,100,37,88,15,4.625717286575204,22
1788,72,10,40,4,4.6161082317709115,6
1789,85,20,68,7,4.615895850726342,13
1790,13,21,96,9,4.608058597276482,12
1791,37,72,86,32,4.607837359690983,40
1792,38,15,18,7,4.6074157564111795,8
1793,108,19,60,8,4.60142327134614,11
1794,19,14,102,5,4.6003035981048885,9
1795,27,11,58,5,4.5994976626736825,6
1796,50,32,96,14,4.592653394244439,18
1797,78,26,54,11,4.592600537057518,15
1798,28,25,71,10,4.584215619303489,15
1799,99,16,65,7,4.579704538683142,9
1800,7,23,58,11,4.575034525669344,12
1801,99,14,95,6,4.572737764013027,8
1802,99,16,104,8,4.5627492392393,8
1803,74,23,109,9,4.562525277723523,14
1804,43,18,5,8,4.5592775438308895,10
1805,70,15,23,7,4.554568026577778,8
1806,83,15,46,7,4.551826612706301,8
1807,99,18,15,7,4.551461310618723,11
1808,106,23,75,11,4.532198108241345,12
1809,11,87,86,38,4.532092919147107,49
1810,50,71,28,30,4.530365152854881,41
1811,13,19,48,8,4.529838045170983,11
1812,61,17,60,8,4.527394085824659,9
1813,74,23,50,10,4.520207268757788,13
1814,49,18,112,8,4.517911222226066,10
1815,23,41,87,17,4.512300706037799,24
1816,76,12,69,4,4.499300236532236,8
1817,13,68,46,28,4.4975404191418,40
1818,55,47,60,21,4.496007919155317,26
1819,58,21,39,9,4.494576390875354,12
1820,93,15,37,6,4.493445665639034,9
1821,65,50,40,22,4.488092661947342,28
1822,7,46,64,21,4.481240056988839,25
1823,56,12,8,5,4.475636615156396,7
1824,95,33,107,15,4.475609109265348,18
1825,62,26,3,11,4.4730367718288155,15
1826,96,31,25,14,4.4728328775528,17
1827,37,18,32,8,4.466542082918521,10
1828,77,11,97,4,4.4549011553839994,7
1829,50,12,73,4,4.454782630059153,8
1830,95,44,16,20,4.453378575583387,24
1831,16,46,109,19,4.446438112711458,27
1832,50,14,19,6,4.445333605009823,8
1833,95,15,109,6,4.444131433700797,9
1834,87,112,107,48,4.430909165609083,64
1835,65,35,3,14,4.429509708162628,21
1836,23,14,20,6,4.42777867543601,8
1837,99,30,13,13,4.420966828834258,17
1838,71,29,87,13,4.418670539958073,16
1839,29,17,23,8,4.418393467914156,9
1840,7,64,53,28,4.416213736910661,36
1841,50,24,64,11,4.4155104994189385,13
1842,34,16,76,8,4.406030161353482,8
1843,71,14,108,6,4.402422140240549,8
1844,87,48,20,22,4.395608462227142,26
1845,16,22,2,9,4.395353237879593,13
1846,12,12,64,5,4.3938981464127,7
1847,99,10,54,4,4.3797228746123675,6
1848,87,33,25,15,4.379098196808542,18
1849,55,24,9,10,4.371040618945099,14
1850,55,13,58,6,4.369004483506264,7
1851,40,23,23,10,4.368423326803309,13
1852,74,15,9,6,4.367415226980942,9
1853,49,17,70,8,4.3647916761077115,9
1854,95,20,23,9,4.3618962627692595,11
1855,64,31,71,12,4.35947313780117,19
1856,19,11,83,5,4.3593981927010494,6
1857,76,24,39,9,4.354774512936871,15
1858,28,30,48,13,4.353346769104992,17
1859,65,16,6,7,4.346168811124812,9
1860,70,29,65,11,4.343984179663613,18
1861,34,20,48,9,4.343261719849951,11
1862,12,10,76,5,4.3418913384635776,5
1863,60,12,22,5,4.334241842742782,7
1864,95,19,41,8,4.332143979792177,11
1865,4,22,40,10,4.316643149060896,12
1866,70,14,71,7,4.315612188206775,7
1867,11,53,88,22,4.315288914266512,31
1868,104,27,98,14,4.313899934387766,13
1869,97,23,17,10,4.3134285513049555,13
1870,76,13,90,5,4.309550016746244,8
1871,31,10,8,4,4.309099443279478,6
1872,100,29,78,12,4.306504123439813,17
1873,106,27,53,13,4.302319600135898,14
1874,37,45,55,21,4.301001080588836,24
1875,75,18,84,8,4.30081159040195,10
1876,25,28,54,12,4.300413553073274,16
1877,114,20,15,9,4.283176268910449,11
1878,19,27,57,12,4.280011891536446,15
1879,29,15,55,6,4.26601507571376,9
1880,12,13,7,6,4.264845867192969,7
1881,91,30,107,12,4.264126621091653,18
1882,100,32,63,15,4.262978075872108,17
1883,87,55,50,25,4.260657685212961,30
1884,30,12,72,5,4.252091187334747,7
1885,94,11,18,5,4.250781715158486,6
1886,6,10,72,5,4.248570153213718,5
1887,106,14,34,7,4.243674039664675,7
1888,16,44,71,18,4.241804878716306,26
1889,71,12,109,5,4.235965151087515,7
1890,29,11,104,5,4.232469176091455,6
1891,9,21,38,9,4.224156596688182,12
1892,71,11,44,5,4.223524348839462,6
1893,97,37,16,17,4.222715093786658,20
1894,28,29,100,12,4.221129674472951,17
1895,4,19,18,8,4.220670692754494,11
1896,17,20,63,9,4.217095300732271,11
1897,51,43,109,16,4.215905468463527,27
1898,90,28,87,12,4.209781806456323,16
1899,65,56,36,24,4.205692860728479,32
1900,103,18,3,9,4.204198112236475,9
1901,108,18,74,7,4.201041319943183,11
1902,51,26,29,12,4.200611882951569,14
1903,112,12,103,5,4.192929666832579,7
1904,13,36,1,14,4.1879984611154635,22
1905,23,27,25,12,4.182190113226028,15
1906,107,53,23,24,4.172486813229872,29
1907,60,24,96,8,4.164982345638211,16
1908,83,40,5,19,4.163709904424501,21
1909,60,81,16,36,4.163560927764607,45
1910,27,24,84,11,4.156059221916357,13
1911,28,60,84,26,4.150279635735803,34
1912,99,12,17,5,4.14837583337694,7
1913,84,18,76,8,4.146116027740745,10
1914,20,13,73,5,4.146065391689569,8
1915,100,12,95,6,4.142851413596655,6
1916,55,21,77,9,4.142542522610539,12
1917,23,49,65,23,4.1421094853825435,26
1918,58,18,3,7,4.14201032698376,11
1919,53,47,71,20,4.141303557057986,27
1920,54,66,51,29,4.140693046036911,37
1921,71,11,20,4,4.13643055739397,7
1922,86,35,77,15,4.136062394176435,20
1923,60,35,41,17,4.124791635334071,18
1924,58,23,87,10,4.119284370275493,13
1925,55,38,54,18,4.11778307869689,20
1926,7,12,2,5,4.115660194227726,7
1927,100,46,19,20,4.1124549471418,26
1928,97,30,63,13,4.107378727934806,17
1929,89,19,16,9,4.105140334201974,10
1930,93,14,109,6,4.103558953267082,8
1931,16,54,37,24,4.101602264091046,30
1932,83,20,93,9,4.100880722204593,11
1933,30,15,62,7,4.099340749559774,8
1934,78,33,60,15,4.099027308208704,18
1935,20,24,35,10,4.098728722002914,14
1936,104,33,54,15,4.09448807738149,18
1937,69,25,43,11,4.093607533799894,14
1938,80,17,39,8,4.091599339844535,9
1939,17,51,51,24,4.088673144397257,27
1940,36,11,19,5,4.088590218421688,6
1941,39,40,19,15,4.086515444510747,25
1942,78,17,98,8,4.084899624702042,9
1943,100,26,55,13,4.083678379707881,13
1944,16,52,50,22,4.077728865066029,30
1945,86,117,5,51,4.074944655375778,66
1946,95,21,46,9,4.071848693893575,12
1947,7,68,31,30,4.069172309295859,38
1948,28,38,18,18,4.067881996028203,20
1949,13,43,78,19,4.067422210231104,24
1950,20,12,38,4,4.067291998076464,8
1951,43,10,95,4,4.063398320607949,6
1952,56,11,39,6,4.061429150921739,5
1953,16,35,80,14,4.054276173994346,21
1954,79,20,11,8,4.052675901080834,12
1955,14,10,20,4,4.051966837258039,6
1956,32,10,40,5,4.050021677419869,5
1957,17,30,49,15,4.049707497011168,15
1958,84,12,69,5,4.04678242799089,7
1959,71,25,51,11,4.043275219347798,14
1960,1,10,43,5,4.038976715758721,5
1961,63,41,114,15,4.037972989054352,26
1962,104,10,10,5,4.031221485043642,5
1963,71,13,47,6,4.030916530509353,7
1964,60,42,114,22,4.0291749332243,20
1965,7,31,47,13,4.025431088719289,18
1966,34,19,3,8,4.018197174307543,11
1967,39,21,96,8,4.016816457185763,13
1968,16,21,35,8,4.016361918873651,13
1969,8,20,110,8,4.013172679497404,12
1970,66,12,31,5,4.008754872558654,7
1971,30,33,71,15,4.006253796204616,18
1972,31,16,112,6,4.001730552260451,10
1973,9,18,100,7,3.99532686001692,11
1974,89,13,68,6,3.99200348329726,7
1975,30,17,102,8,3.9885406117931677,9
1976,106,12,3,5,3.9869286680549822,7
1977,88,18,6,8,3.98561022572369,10
1978,41,29,69,11,3.9797729258891983,18
1979,60,18,97,9,3.9792005525226366,9
1980,96,12,14,5,3.975747798085754,7
1981,78,15,96,6,3.961613354196041,9
1982,74,24,93,11,3.9601017688790825,13
1983,67,11,104,5,3.9505697623954914,6
1984,28,61,65,26,3.946950789839023,35
1985,35,19,43,9,3.946831407739413,10
1986,6,11,40,5,3.9442678680230823,6
1987,102,15,98,7,3.939114797619031,8
1988,60,22,58,10,3.934983120996657,12
1989,39,54,27,22,3.9257008066498846,32
1990,85,15,20,7,3.9254254916442872,8
1991,5,28,2,12,3.923277825320168,16
1992,37,38,70,16,3.9227382855891664,22
1993,95,38,87,17,3.915668057739163,21
1994,51,50,46,22,3.9127315336646564,28
1995,30,14,52,6,3.910728614777823,8
1996,51,13,66,6,3.909986058428535,7
1997,19,40,107,16,3.9042843104078524,24
1998,64,11,90,5,3.90210878186129,6
1999,102,15,91,7,3.9012134006248127,8
2000,55,30,63,14,3.9003771949657002,16
2001,51,51,84,22,3.8997018485628683,29
2002,77,13,58,6,3.8981506835692437,7
2003,28,23,57,10,3.897117570901977,13
2004,1,25,54,11,3.892988653897817,14
2005,76,19,29,10,3.891834089248111,9
2006,3,22,112,11,3.88182962585215,11
2007,41,33,104,16,3.881745214521683,17
2008,98,20,100,8,3.8795815505382065,12
2009,15,18,78,9,3.8743903606720744,9
2010,65,86,41,35,3.873081236904718,51
2011,16,145,86,61,3.869190665730631,84
2012,41,21,29,9,3.8686372372644238,12
2013,74,41,63,19,3.86350929161903,22
2014,30,29,104,14,3.8618412248829026,15
2015,86,33,62,15,3.8579815466758847,18
2016,40,50,107,20,3.857060552716014,30
2017,109,12,47,5,3.856660461158829,7
2018,30,21,38,8,3.844758917902768,13
2019,18,23,31,11,3.843025830767866,12
2020,20,26,7,12,3.839940256500117,14
2021,47,11,12,5,3.8390154161535577,6
2022,38,13,46,5,3.833859769343221,8
2023,91,26,13,12,3.831748260733109,14
2024,4,11,3,5,3.825046392091852,6
2025,16,31,79,13,3.819316250104341,18
2026,5,28,91,11,3.8146250930665166,17
2027,110,16,5,7,3.8138584796050923,9
2028,41,58,107,23,3.813522759738251,35
2029,72,22,78,11,3.8085176531004064,11
2030,62,16,102,7,3.80648773210449,9
2031,6,11,39,5,3.796620754703807,6
2032,90,25,50,11,3.7900343777578582,14
2033,108,20,27,8,3.788484389259808,12
2034,78,39,19,16,3.787938218331084,23
2035,7,10,93,5,3.7802315490169653,5
2036,104,13,92,7,3.7768187223532306,6
2037,114,47,13,24,3.7759149187311776,23
2038,102,14,17,6,3.7656274901945017,8
2039,78,19,94,8,3.755618352433771,11
2040,41,21,76,11,3.7501063090537037,10
2041,53,42,40,19,3.7429391558119995,23
2042,15,31,7,16,3.741081293807926,15
2043,1,13,4,5,3.736039087851971,8
2044,86,65,25,30,3.735239092039536,35
2045,60,59,40,26,3.7350164129782777,33
2046,15,13,40,6,3.725578311667862,7
2047,20,64,54,31,3.7237387131550506,33
2048,27,57,88,27,3.7236261153468573,30
2049,89,15,104,7,3.7197091727483307,8
2050,85,14,11,6,3.7190747038473155,8
2051,15,21,5,8,3.714734226349825,13
2052,1,21,64,10,3.714096825641643,11
2053,77,18,11,8,3.711392742612506,10
2054,65,16,14,8,3.7073397651844364,8
2055,112,10,35,5,3.7046440124812348,5
2056,23,19,28,9,3.6970356039584393,10
2057,34,37,16,16,3.695530839257544,21
2058,27,17,98,8,3.6948069781576702,9
2059,65,23,109,12,3.6820630235649316,11
2060,38,21,84,10,3.6699802067032476,11
2061,107,38,38,16,3.669594298718899,22
2062,51,80,65,35,3.664771412812795,45
2063,39,24,31,10,3.6610558433956157,14
2064,90,10,71,5,3.6561036030201253,5
2065,107,21,32,10,3.6546977761524686,11
2066,109,15,9,8,3.6538651478462696,7
2067,62,11,20,5,3.653244367006128,6
2068,17,11,18,6,3.651905683853181,5
2069,14,10,70,5,3.647042134114848,5
2070,50,19,49,9,3.6450493959827224,10
2071,34,18,43,8,3.6439583345872713,10
2072,49,22,9,11,3.6412924336451584,11
2073,20,52,28,23,3.6380228467997373,29
2074,100,24,34,12,3.6298808927440422,12
2075,43,19,18,10,3.6267699505365183,9
2076,62,23,19,9,3.6244910416057854,14
2077,80,26,28,12,3.6230809501897743,14
2078,28,18,85,8,3.621306171580702,10
2079,65,13,52,5,3.6178596605803355,8
2080,1,36,88,17,3.612486249864136,19
2081,69,17,39,8,3.6024816939136075,9
2082,91,19,18,8,3.601007419787661,11
2083,75,57,16,26,3.59529020803502,31
2084,17,12,30,6,3.5949084621895344,6
2085,7,22,11,9,3.5909071733141307,13
2086,97,10,95,4,3.58943247133478,6
2087,102,22,51,10,3.5799509862134076,12
2088,41,21,50,9,3.574666028610321,12
2089,14,22,87,9,3.574657228905801,13
2090,25,19,43,7,3.573077352948075,12
2091,62,13,84,6,3.5672380956620353,7
2092,6,28,7,15,3.5631855242339143,13
2093,79,13,108,5,3.562523700236059,8
2094,107,41,64,19,3.561300386963443,22
2095,60,12,79,5,3.555370933230565,7
2096,28,19,36,9,3.5549996153541237,10
2097,53,49,65,23,3.552341058928982,26
2098,75,25,74,10,3.5502981320595755,15
2099,41,28,109,11,3.548779347954403,17
2100,114,17,49,9,3.5487282111911393,8
2101,33,11,70,5,3.5452850377562317,6
2102,13,31,19,13,3.544087166327379,18
2103,47,29,27,13,3.5439664319349258,16
2104,40,65,36,28,3.5400829247343655,37
2105,44,15,7,7,3.5352660207554516,8
2106,6,10,62,4,3.534555615892033,6
2107,93,17,25,8,3.5300397889756283,9
2108,28,17,15,8,3.52100571830072,9
2109,53,14,100,6,3.5195197890566727,8
2110,74,16,23,7,3.505315761927058,9
2111,25,27,109,12,3.504136926234727,15
2112,38,15,54,7,3.5022681709669796,8
2113,37,13,108,6,3.501919723771849,7
2114,88,86,51,42,3.501816735363749,44
2115,23,22,15,10,3.500162602109348,12
2116,114,39,51,19,3.4973322349486486,20
2117,97,36,114,16,3.4948097299506915,20
2118,48,19,55,8,3.494162257250903,11
2119,20,26,109,10,3.492917739743869,16
2120,62,13,36,6,3.489528327052378,7
2121,36,30,51,14,3.4874600225025074,16
2122,41,16,45,6,3.485066668867455,10
2123,25,20,70,9,3.484518115943736,11
2124,55,16,18,8,3.4810467173744706,8
2125,57,48,15,22,3.481039385883929,26
2126,12,39,13,14,3.4784760310928857,25
2127,96,57,54,28,3.4766133859583515,29
2128,51,44,11,19,3.4727761280704854,25
2129,74,60,5,28,3.469996146708342,32
2130,85,23,72,9,3.467809505748013,14
2131,43,40,60,18,3.4556930168868454,22
2132,33,23,5,11,3.454327509177194,12
2133,37,21,23,10,3.453043705748743,11
2134,112,14,114,7,3.4529529803290635,7
2135,7,94,86,40,3.448791218029121,54
2136,86,63,46,26,3.4473674168834294,37
2137,87,35,49,17,3.445580726430241,18
2138,76,28,55,11,3.4438952481653065,17
2139,78,11,81,6,3.4320246992935264,5
2140,7,52,27,24,3.43089904710105,28
2141,34,35,27,16,3.4292031635096016,19
2142,55,49,11,20,3.4281320850013377,29
2143,108,10,69,6,3.4269138907252144,4
2144,4,12,37,5,3.421871703775507,7
2145,54,17,112,7,3.420370975960876,10
2146,28,18,78,9,3.4177116588011085,9
2147,17,11,36,6,3.4172736451567545,5
2148,43,35,7,14,3.40569252392934,21
2149,55,29,84,13,3.40123055779696,16
2150,49,44,19,20,3.394696308295232,24
2151,4,13,28,6,3.3940824912486867,7
2152,55,50,5,22,3.393419962444802,28
2153,73,10,104,4,3.391491099464731,6
2154,60,31,9,13,3.3853349951371747,18
2155,36,28,55,13,3.383336577257353,15
2156,39,48,3,23,3.3807598414665576,25
2157,73,15,98,7,3.380055365181917,8
2158,64,40,39,18,3.377216491809078,22
2159,13,78,60,33,3.377087593821922,45
2160,107,17,72,8,3.376985080710963,9
2161,37,22,100,9,3.371836978910976,13
2162,69,27,57,11,3.36716622165523,16
2163,40,17,20,7,3.3649339637959645,10
2164,54,25,97,12,3.3648153427656755,13
2165,14,23,8,10,3.3634201583462158,13
2166,9,14,61,6,3.36207877688461,8
2167,60,54,86,24,3.361242813228787,30
2168,14,17,106,7,3.360059412826609,10
2169,83,10,20,5,3.3478898251644025,5
2170,94,20,65,10,3.3472699488499082,10
2171,40,15,91,7,3.345577169162442,8
2172,54,20,98,9,3.3414082574982986,11
2173,68,13,5,6,3.3380294056441144,7
2174,28,46,51,22,3.330644392104213,24
2175,98,14,97,7,3.3185319117606187,7
2176,97,16,84,6,3.316428205809935,10
2177,91,37,86,17,3.314546868451311,20
2178,60,31,75,14,3.3139158628036856,17
2179,63,19,79,8,3.3134147957453677,11
2180,41,14,96,5,3.3088942892360285,9
2181,88,12,66,5,3.305300021832229,7
2182,114,21,64,9,3.3046667254482847,12
2183,47,13,61,6,3.3043540506366424,7
2184,104,60,5,28,3.3007473735225052,32
2185,74,83,86,39,3.2948892708531057,44
2186,34,45,107,19,3.290992240516249,26
2187,55,15,35,7,3.289902790162483,8
2188,68,31,78,14,3.285372327961691,17
2189,8,18,38,8,3.2796886341896285,10
2190,8,25,3,13,3.2773896333319046,12
2191,39,50,53,22,3.277161726088194,28
2192,114,13,67,6,3.2746706512348434,7
2193,3,10,90,5,3.2732247266022596,5
2194,60,70,77,32,3.2721792305889874,38
2195,85,20,13,8,3.2720772589350196,12
2196,28,56,54,25,3.2622780281799852,31
2197,18,56,53,26,3.2615252410170665,30
2198,7,24,74,9,3.257493143792888,15
2199,29,11,108,5,3.254331422994322,6
2200,114,47,25,20,3.2540864225169766,27
2201,100,38,15,17,3.252832450403913,21
2202,64,10,96,4,3.247034103841879,6
2203,23,12,81,5,3.240703587077002,7
2204,19,34,94,16,3.2385544589849347,18
2205,99,25,60,11,3.2381944591027096,14
2206,9,18,34,8,3.2368917561941424,10
2207,63,93,86,39,3.2368352705177204,54
2208,107,49,36,23,3.234838704648264,26
2209,86,34,12,15,3.2303976319320085,19
2210,43,24,109,10,3.228771080759546,14
2211,13,103,51,49,3.2275562894340544,54
2212,29,38,107,14,3.2256905965719005,24
2213,23,55,7,25,3.2229283053761675,30
2214,100,10,80,4,3.2216300029845613,6
2215,55,39,28,16,3.2184704312839787,23
2216,17,16,74,7,3.211770551027832,9
2217,50,19,97,8,3.210625734622642,11
2218,60,47,31,24,3.2094707274879264,23
2219,56,12,97,6,3.2085312435870676,6
2220,29,26,30,11,3.208195727154357,15
2221,106,51,51,23,3.207475581757835,28
2222,15,18,20,8,3.2047440335755613,10
2223,106,28,17,11,3.2039846830051117,17
2224,36,41,39,18,3.1998605067578225,23
2225,88,61,5,29,3.1946532218196624,32
2226,13,41,11,18,3.191655583423845,23
2227,11,10,58,4,3.188429972054717,6
2228,37,54,50,26,3.188335276013606,28
2229,15,47,86,21,3.1868512354430654,26
2230,54,31,114,15,3.1847921316014234,16
2231,100,21,50,9,3.182484639829971,12
2232,72,14,47,7,3.1816598855809173,7
2233,103,16,69,8,3.1785957104061198,8
2234,16,34,47,15,3.1778605747552753,19
2235,74,12,30,6,3.175828716417199,6
2236,57,39,51,18,3.1757178835501545,21
2237,106,25,60,10,3.171261503808182,15
2238,11,28,3,12,3.170749513155223,16
2239,86,21,82,9,3.1586560919846263,12
2240,104,51,7,23,3.158219418007504,28
2241,75,23,23,12,3.1487336010920157,11
2242,100,65,13,30,3.147825186909907,35
2243,112,12,45,6,3.1460936650177542,6
2244,76,15,2,6,3.1350168634931235,9
2245,51,15,61,5,3.1232056571511686,10
2246,34,26,11,11,3.1224893996672787,15
2247,76,26,27,11,3.122377163291179,15
2248,43,42,94,19,3.1211209425263533,23
2249,8,58,65,27,3.1193338772056767,31
2250,52,13,12,6,3.116099774948756,7
2251,36,11,80,5,3.115857421175661,6
2252,25,25,17,11,3.1106502600539105,14
2253,50,24,4,12,3.110559237136959,12
2254,111,21,86,9,3.103761182763341,12
2255,29,38,87,16,3.1016615879853475,22
2256,92,15,60,6,3.101629065738582,9
2257,99,14,68,6,3.1001036150844663,8
2258,88,16,74,6,3.100015176246556,10
2259,64,10,91,4,3.0993479020870796,6
2260,88,26,38,10,3.0986430892389034,16
2261,85,10,109,3,3.095406882310695,7
2262,6,17,27,8,3.094787186521294,9
2263,51,22,96,10,3.0911457625040346,12
2264,107,59,37,27,3.0878586600356255,32
2265,16,55,23,25,3.083500884703232,30
2266,19,30,65,14,3.080558293575502,16
2267,76,35,87,15,3.0781518481988153,20
2268,39,34,12,15,3.07481258655112,19
2269,19,29,60,14,3.0741844930514626,15
2270,57,12,95,4,3.0723044699630684,8
2271,75,30,25,13,3.069551733540898,17
2272,71,18,25,8,3.0644100067848146,10
2273,71,42,86,20,3.060669361739169,22
2274,6,11,57,5,3.0567504666964656,6
2275,10,17,8,7,3.0558998323304003,10
2276,7,45,55,19,3.05476146939328,26
2277,15,24,30,11,3.0504007259335744,13
2278,15,37,107,14,3.0494114346230567,23
2279,104,36,74,15,3.0480717637351904,21
2280,12,19,8,8,3.0429733776281642,11
2281,38,13,96,6,3.0422152322461717,7
2282,68,30,12,14,3.041358769608483,16
2283,25,39,65,16,3.0368934823131175,23
2284,76,23,19,10,3.033738938919166,13
2285,39,13,98,5,3.03323231697735,8
2286,40,17,33,6,3.0217035797006933,11
2287,47,29,88,14,3.0208806441241434,15
2288,98,10,30,5,3.0203430373274287,5
2289,103,24,51,11,3.01737652247903,13
2290,30,20,48,8,3.014647330297821,12
2291,9,43,39,21,3.012148514540607,22
2292,50,20,108,10,3.0061866874624084,10
2293,20,47,37,22,3.004985214474966,25
2294,96,14,34,6,3.0017630147825622,8
2295,4,11,69,5,2.999484176661719,6
2296,62,27,65,13,2.999159330673646,14
2297,86,47,90,20,2.997206734082279,27
2298,114,11,34,6,2.9884829411181797,5
2299,109,27,34,12,2.9858917264587834,15
2300,13,93,107,43,2.982316075322624,50
2301,46,13,1,7,2.97710684527845,6
2302,84,36,106,18,2.9754739608250116,18
2303,36,32,4,13,2.9739066740354185,19
2304,114,64,88,30,2.9736929918128094,34
2305,2,21,37,10,2.9697580112694486,11
2306,26,10,17,5,2.965521786469379,5
2307,25,18,57,8,2.964934950553875,10
2308,114,23,46,10,2.9631435316072405,13
2309,34,19,39,9,2.961135494276052,10
2310,6,18,87,8,2.9548534484805398,10
2311,15,33,3,15,2.952257945727668,18
2312,54,19,29,8,2.9499144478753014,11
2313,18,37,87,16,2.947620136311876,21
2314,71,18,46,9,2.944852774193542,9
2315,60,39,8,19,2.9438347563437337,20
2316,72,10,9,5,2.940516873871124,5
2317,83,27,65,13,2.938404758323202,14
2318,68,27,49,12,2.936319937393299,15
2319,36,20,87,8,2.935573250897663,12
2320,33,21,28,11,2.9340033560517895,10
2321,88,25,78,11,2.9333918667099628,14
2322,12,18,40,9,2.9302897037093327,9
2323,3,10,33,4,2.9276582214647853,6
2324,1,14,62,7,2.9215215839903848,7
2325,102,19,106,10,2.9207255392565097,9
2326,37,10,33,4,2.9157377490462175,6
2327,25,12,108,5,2.9132670669268244,7
2328,47,22,41,11,2.912618972707624,11
2329,80,36,54,18,2.9116630961094696,18
2330,91,19,37,9,2.9050960547005245,10
2331,70,31,51,15,2.904546585958992,16
2332,50,27,9,12,2.8991061521351407,15
2333,44,10,70,5,2.8975248911261433,5
2334,16,139,51,65,2.886532733555119,74
2335,83,23,87,11,2.8800534941463094,12
2336,17,25,46,11,2.8756726104757036,14
2337,106,14,77,7,2.8755893681261506,7
2338,75,21,30,10,2.8743282279457354,11
2339,57,12,53,6,2.8739584447786424,6
2340,112,14,1,5,2.872325056767924,9
2341,88,10,17,6,2.869337502995377,4
2342,12,18,34,8,2.8690125241646984,10
2343,46,23,63,12,2.867241869896345,11
2344,72,14,88,6,2.8660882603566415,8
2345,69,25,28,12,2.86191295640514,13
2346,88,15,94,8,2.8588031686479414,7
2347,79,10,49,4,2.8563921563379937,6
2348,73,16,96,7,2.8534303980093814,9
2349,97,13,33,6,2.8486496222061595,7
2350,28,13,44,7,2.8461398630992765,6
2351,8,25,102,12,2.8455510764088037,13
2352,95,33,39,15,2.841495525954098,18
2353,4,25,16,13,2.8411046840521443,12
2354,107,51,106,24,2.8408623146416327,27
2355,28,28,17,13,2.836983407123188,15
2356,78,21,43,9,2.8365700958138986,12
2357,39,11,35,5,2.836154761931759,6
2358,30,41,49,18,2.8331832725913193,23
2359,53,23,81,10,2.832269045840245,13
2360,114,61,86,29,2.8307983943039856,32
2361,107,49,9,24,2.8292011367922663,25
2362,8,17,79,9,2.8288746666590137,8
2363,2,44,50,20,2.824465738990298,24
2364,75,21,112,9,2.824219405034075,12
2365,54,18,62,8,2.824080555827827,10
2366,18,13,71,6,2.821320109059578,7
2367,68,14,48,7,2.8206443314688054,7
2368,1,32,36,16,2.8095303452930684,16
2369,46,26,76,12,2.809518783996083,14
2370,99,15,41,7,2.8081672918617278,8
2371,20,11,72,5,2.807407936668827,6
2372,106,14,112,7,2.805082024542767,7
2373,83,32,8,16,2.795775595052067,16
2374,68,14,44,7,2.7953277213928303,7
2375,7,26,1,12,2.7932054952385035,14
2376,100,13,36,6,2.7923934619121087,7
2377,70,12,102,7,2.7906887378625402,5
2378,16,73,68,31,2.7896933341941885,42
2379,85,14,112,6,2.7888570708398026,8
2380,51,58,41,27,2.7880359032469983,31
2381,28,31,91,14,2.785819668061851,17
2382,88,36,18,17,2.772376960809781,19
2383,5,11,10,6,2.7716738654503197,5
2384,5,17,77,8,2.765837567194589,9
2385,3,31,29,14,2.7653963352103443,17
2386,1,17,94,9,2.762381009801199,8
2387,97,34,96,17,2.7556888339056806,17
2388,70,14,43,6,2.753352748891417,8
2389,43,36,65,18,2.7525986025329345,18
2390,69,31,68,14,2.743936079051885,17
2391,97,22,104,11,2.7396377781056174,11
2392,99,12,63,6,2.7377253409939364,6
2393,65,50,106,23,2.735321183024918,27
2394,15,25,54,13,2.735147263925595,12
2395,60,26,46,12,2.733085524905179,14
2396,51,22,98,10,2.7293697926794462,12
2397,12,17,85,8,2.728910649477696,9
2398,44,16,88,8,2.7255415222047024,8
2399,58,17,51,8,2.722040354038644,9
2400,95,11,80,5,2.7197438471090796,6
2401,77,22,87,10,2.7188951372091026,12
2402,63,20,4,9,2.717031964261833,11
2403,90,14,33,6,2.70862298496318,8
2404,39,11,79,4,2.7039365709334446,7
2405,70,30,76,15,2.700930448558258,15
2406,47,27,68,12,2.7008094429751086,15
2407,37,65,104,29,2.698588358702823,36
2408,49,25,8,11,2.6963144212092978,14
2409,9,17,30,7,2.6960180413408095,10
2410,87,22,31,11,2.6915087275033076,11
2411,11,29,43,14,2.690595886408955,15
2412,13,20,102,8,2.6891186576501753,12
2413,65,40,71,17,2.686780335165667,23
2414,28,26,30,13,2.6864332481864475,13
2415,50,13,29,6,2.6856456214917115,7
2416,74,13,43,7,2.684879666635043,6
2417,43,14,58,6,2.6806335210316137,8
2418,39,25,5,12,2.679132217269287,13
2419,60,66,88,29,2.676500890728166,37
2420,48,10,12,4,2.6757754483893885,6
2421,25,17,44,8,2.673535476281759,9
2422,13,118,7,55,2.670897317194474,63
2423,51,62,60,25,2.6680912544453945,37
2424,41,29,1,12,2.6671220598664953,17
2425,74,13,91,6,2.658254293210725,7
2426,11,33,20,14,2.6580258548377698,19
2427,40,24,27,13,2.656317602946661,11
2428,51,13,89,6,2.656220632059645,7
2429,19,32,68,14,2.655929810520747,18
2430,92,29,88,13,2.6541256559252315,16
2431,57,13,36,5,2.6531160901053807,8
2432,19,20,20,10,2.6469332931574003,10
2433,16,60,5,25,2.6435184456824317,35
2434,16,47,62,19,2.6430497019703627,28
2435,100,24,69,11,2.641711217702834,13
2436,49,47,86,24,2.6414437554816397,23
2437,110,13,54,6,2.63588490299345,7
2438,23,33,8,15,2.626483448480395,18
2439,8,10,85,4,2.6233679922969846,6
2440,39,42,28,20,2.6233394077803616,22
2441,39,10,89,4,2.6189716831037586,6
2442,75,28,64,13,2.6143964254367047,15
2443,94,33,107,13,2.613370215138467,20
2444,16,62,49,27,2.611534267425462,35
2445,40,29,1,13,2.608102727316189,16
2446,86,101,28,45,2.6055235662418026,56
2447,36,23,91,10,2.600483205457648,13
2448,86,124,87,61,2.5999036840085092,63
2449,43,15,103,6,2.598864943032298,9
2450,65,32,80,15,2.598635692200407,17
2451,65,90,107,42,2.593520579351114,48
2452,102,27,37,12,2.59318753776954,15
2453,1,10,109,5,2.5929606771402254,5
2454,86,33,18,14,2.5923706641316473,19
2455,16,42,48,20,2.585222263767632,22
2456,33,15,88,6,2.5811780228440964,9
2457,50,22,112,9,2.578275791966445,13
2458,62,10,47,4,2.5775304802735826,6
2459,1,29,51,14,2.5741193049184687,15
2460,27,14,61,7,2.57284080053487,7
2461,49,28,15,14,2.564336527461576,14
2462,86,14,14,7,2.5565201304900333,7
2463,73,19,1,8,2.55342910039073,11
2464,47,12,30,7,2.551854085041667,5
2465,44,14,76,6,2.5504141931433355,8
2466,7,74,36,34,2.5493587507973596,40
2467,60,22,38,11,2.544970231368338,11
2468,77,14,95,7,2.54103355873523,7
2469,11,43,54,20,2.540561631211797,23
2470,97,35,65,16,2.5397394280205696,19
2471,20,20,95,9,2.532527406942274,11
2472,7,29,17,13,2.532089441361392,16
2473,44,15,107,7,2.530544567099409,8
2474,99,19,30,8,2.530388293684779,11
2475,36,33,9,15,2.5279240780374668,18
2476,39,18,4,8,2.5267698999647226,10
2477,14,17,11,7,2.5264878637219237,10
2478,68,27,46,12,2.5209301456426765,15
2479,12,15,36,7,2.516319942513749,8
2480,29,35,27,15,2.5139766493292584,20
2481,86,42,78,20,2.5078833022467655,22
2482,37,18,109,8,2.501013404341532,10
2483,84,13,67,7,2.500709874534183,6
2484,57,17,20,8,2.498936131760151,9
2485,65,37,111,16,2.496427849114077,21
2486,88,43,109,18,2.493468216162424,25
2487,64,21,11,8,2.490493863054093,13
2488,18,11,111,5,2.4899108726358863,6
2489,27,34,43,16,2.4874868991786236,18
2490,19,23,77,11,2.4816175382976247,12
2491,29,22,11,10,2.477653041160582,12
2492,17,20,20,9,2.47595507024807,11
2493,30,17,103,7,2.4703689712282215,10
2494,4,17,81,7,2.4678124777063273,10
2495,74,17,69,9,2.4664972820824542,8
2496,103,10,37,6,2.4659405881754055,4
2497,17,17,1,8,2.462761073509877,9
2498,102,32,25,15,2.4608896969250456,17
2499,110,17,86,8,2.45971246028376,9
2500,68,45,3,22,2.458275524425393,23
2501,8,53,51,25,2.4557729112904,28
2502,16,24,12,11,2.4535632640473164,13
2503,63,15,61,6,2.4454100802634517,9
2504,32,10,50,6,2.444054190716271,4
2505,64,15,47,6,2.4412017315333236,9
2506,109,24,102,11,2.437458896467388,13
2507,14,19,51,7,2.4338441230915158,12
2508,91,20,75,13,2.432369433261267,7
2509,3,17,96,8,2.4320783711975626,9
2510,54,40,19,17,2.4245207104094186,23
2511,88,56,9,26,2.4233671798250107,30
2512,55,23,4,11,2.4222288362060125,12
2513,43,41,19,19,2.422134068827929,22
2514,109,11,99,5,2.4195174025010595,6
2515,108,28,86,12,2.416374005048123,16
2516,88,68,68,31,2.415407466893051,37
2517,28,19,94,8,2.414960475317553,11
2518,107,24,81,11,2.4141594134658972,13
2519,60,28,28,15,2.4122250218340917,13
2520,65,11,92,5,2.4112859752548714,6
2521,8,33,93,16,2.4111455321691304,17
2522,87,63,54,28,2.4105345598197343,35
2523,78,46,16,21,2.4095230161360504,25
2524,106,13,66,5,2.4075033563299866,8
2525,20,26,80,12,2.4033351571638564,14
2526,114,15,98,7,2.3992721750256902,8
2527,46,38,28,16,2.3990178798165633,22
2528,97,21,109,10,2.398141101921526,11
2529,20,37,51,19,2.3967661114188874,18
2530,16,22,45,9,2.3925466679441416,13
2531,23,13,48,6,2.3894452247322273,7
2532,104,40,95,18,2.3890342183876085,22
2533,4,21,71,8,2.3871750117365993,13
2534,96,25,104,11,2.3866419839158346,14
2535,75,13,56,5,2.3840139649043497,8
2536,50,33,51,16,2.382850969710936,17
2537,8,14,112,6,2.3798297239108352,8
2538,71,40,107,17,2.3760609676092463,23
2539,49,29,12,17,2.3757535970577623,12
2540,51,11,22,5,2.3756967454119184,6
2541,39,44,104,20,2.3751154073426832,24
2542,72,21,15,11,2.37495054512653,10
2543,53,31,55,14,2.3720895326624127,17
2544,25,32,63,16,2.3688265373602615,16
2545,87,42,74,19,2.367821719051129,23
2546,40,24,50,10,2.3671440474550507,14
2547,49,13,97,5,2.366826181424206,8
2548,99,23,5,11,2.3616219022642833,12
2549,64,44,88,19,2.3590830036125556,25
2550,100,14,97,6,2.3583259709010775,8
2551,96,14,109,6,2.3566759619593642,8
2552,99,12,33,5,2.354570382478157,7
2553,4,36,31,15,2.3535355966794667,21
2554,16,50,43,22,2.3507433165143348,28
2555,76,29,109,12,2.3483387187433746,17
2556,114,12,38,6,2.341526377437994,6
2557,25,28,53,14,2.3301510854690854,14
2558,109,51,5,25,2.3285813949081655,26
2559,72,10,42,4,2.3285230567907305,6
2560,8,10,103,4,2.3245085117289834,6
2561,104,21,102,11,2.320627297470276,10
2562,88,32,91,15,2.315767764685104,17
2563,8,58,96,27,2.3139911898201153,31
2564,71,31,63,14,2.311262987331465,17
2565,57,23,37,11,2.3105129908375908,12
2566,63,28,70,13,2.309911464577437,15
2567,15,33,87,16,2.3032412625597716,17
2568,60,26,95,12,2.300035058084817,14
2569,87,24,112,12,2.2999950950763304,12
2570,86,21,32,10,2.2989864902239003,11
2571,74,10,57,5,2.298807753723943,5
2572,80,20,7,9,2.298668986127333,11
2573,100,24,5,11,2.2932427434044684,13
2574,86,38,112,17,2.2924646864380605,21
2575,106,13,4,7,2.287883468044352,6
2576,81,26,88,12,2.2857834835265285,14
2577,107,36,112,18,2.2856893291686884,18
2578,86,88,84,44,2.2844335131903772,44
2579,38,10,81,5,2.2819621266449914,5
2580,48,19,65,10,2.2816603054261093,9
2581,9,47,40,21,2.2806450266015683,26
2582,77,12,69,6,2.2797993708458963,6
2583,11,60,46,28,2.278637581509191,32
2584,50,47,11,22,2.2760239537437785,25
2585,7,108,68,50,2.2702884441480373,58
2586,61,10,31,5,2.2696136748473603,5
2587,28,66,96,31,2.267406944603933,35
2588,85,12,7,5,2.2672729351147445,7
2589,87,11,42,5,2.2670677132557686,6
2590,106,45,88,19,2.2639858690375614,26
2591,109,23,3,11,2.262800410189072,12
2592,87,62,106,30,2.2622041017840115,32
2593,74,13,41,7,2.254565024803335,6
2594,95,30,25,14,2.25397314365567,16
2595,63,11,83,4,2.2518527555221,7
2596,34,22,50,11,2.2486274008584743,11
2597,87,36,69,15,2.246850810864759,21
2598,88,38,4,18,2.2459217004175493,20
2599,70,10,27,5,2.243263258457552,5
2600,104,65,13,30,2.2428038741485183,35
2601,64,21,49,9,2.2416010602386143,12
2602,68,61,107,30,2.2392858218745855,31
2603,27,17,48,7,2.2349641271706275,10
2604,4,26,114,13,2.234564836857367,13
2605,18,14,20,6,2.2334528603958916,8
2606,54,78,16,37,2.2330589924227287,41
2607,46,18,65,7,2.232998478058102,11
2608,90,16,25,7,2.2261576936837058,9
2609,75,43,39,22,2.2252173665323527,21
2610,112,11,12,6,2.2247336886150633,5
2611,98,13,99,7,2.2212581677933785,6
2612,18,14,98,8,2.221147797140808,6
2613,72,11,62,5,2.217469660829094,6
2614,93,12,51,6,2.2166321429168523,6
2615,5,50,96,22,2.2114271922507607,28
2616,75,27,27,12,2.203651126537084,15
2617,16,36,90,18,2.2014934680529166,18
2618,96,10,49,5,2.2013596017058843,5
2619,104,72,16,33,2.198861242302897,39
2620,7,75,40,33,2.1957521283064803,42
2621,68,35,106,16,2.1936858069827965,19
2622,41,33,40,16,2.1935807772699496,17
2623,19,13,47,6,2.1915786077930712,7
2624,8,31,27,15,2.18911521683818,16
2625,31,10,54,5,2.186668926147148,5
2626,8,64,74,28,2.186622040651489,36
2627,52,10,100,4,2.182252215405286,6
2628,30,30,11,14,2.1759327888687214,16
2629,84,16,93,8,2.173203038685072,8
2630,41,46,68,22,2.171804807510051,24
2631,23,13,53,6,2.1639220781507627,7
2632,12,11,29,5,2.163520573510352,6
2633,55,16,98,7,2.1617935333932947,9
2634,6,14,86,6,2.158350497876564,8
2635,89,11,49,5,2.155221325127322,6
2636,55,11,69,5,2.141856565606557,6
2637,71,39,39,18,2.140211900940766,21
2638,30,75,86,33,2.138935453582593,42
2639,102,22,74,10,2.1384304011801047,12
2640,81,17,68,8,2.1370452313390262,9
2641,3,64,51,32,2.1369691563906166,32
2642,10,20,84,9,2.1368540059137273,11
2643,7,20,30,11,2.1356884749054443,9
2644,11,30,74,14,2.1347610080309107,16
2645,2,12,61,5,2.1331085158076015,7
2646,109,15,22,7,2.132092215691161,8
2647,12,39,3,17,2.1254169733615127,22
2648,102,32,114,14,2.124084287601509,18
2649,7,62,9,31,2.12190310948229,31
2650,49,24,63,12,2.1212323385530327,12
2651,53,11,70,5,2.117480208536356,6
2652,7,17,72,8,2.1143024060967655,9
2653,87,87,65,41,2.1137956539275033,46
2654,69,11,25,5,2.1120597510852464,6
2655,57,38,13,19,2.1070868819342965,19
2656,68,28,94,13,2.1065110625469545,15
2657,108,32,107,15,2.1055805043927105,17
2658,112,19,23,8,2.1018527652621173,11
2659,107,120,86,56,2.1006252645807866,64
2660,84,18,79,9,2.0988599029371873,9
2661,83,34,55,17,2.0962093979720215,17
2662,97,22,8,11,2.094799206270941,11
2663,54,74,8,32,2.0896219581372892,42
2664,40,18,11,9,2.089442100461012,9
2665,64,43,68,18,2.086424402801588,25
2666,44,14,51,5,2.084874228955972,9
2667,74,47,65,23,2.0847963525870914,24
2668,82,10,63,5,2.077975861296688,5
2669,27,20,23,10,2.0722628371370124,10
2670,94,12,50,5,2.067325915186851,7
2671,27,69,107,31,2.0628341313925924,38
2672,62,20,60,10,2.0597588787986436,10
2673,88,56,104,25,2.0522336100675984,31
2674,87,58,11,25,2.051326842608631,33
2675,93,21,88,9,2.047097578055209,12
2676,40,59,88,27,2.0357313010299647,32
2677,104,21,17,10,2.0345116655508866,11
2678,8,41,104,19,2.032634893277435,22
2679,112,11,34,5,2.0324399383154272,6
2680,33,25,13,12,2.031483396821484,13
2681,91,14,114,7,2.0312426341433967,7
2682,86,85,8,43,2.026979224114561,42
2683,32,11,13,5,2.026181507027534,6
2684,50,53,107,26,2.025793662275193,27
2685,90,26,60,11,2.0244178494313405,15
2686,114,27,17,11,2.0211590753648707,16
2687,8,37,90,16,2.0194647820717804,21
2688,93,11,60,4,2.018629631632218,7
2689,69,14,37,7,2.015512849900141,7
2690,41,46,27,20,2.015249387538454,26
2691,68,29,70,14,2.0151181581046385,15
2692,23,47,86,22,2.0116860012086675,25
2693,103,15,76,8,2.0116582341491553,7
2694,83,22,97,12,2.007636873207567,10
2695,75,32,87,15,2.0004298974911783,17
2696,66,11,27,5,1.9992664520674261,6
2697,114,26,74,13,1.9975972531686872,13
2698,104,15,112,7,1.99393597279257,8
2699,85,15,88,7,1.992964557457929,8
2700,53,19,4,9,1.987694792892671,10
2701,30,15,4,7,1.9875071363114756,8
2702,28,38,25,16,1.9833898911599184,22
2703,100,12,79,5,1.982238182212087,7
2704,95,28,53,11,1.9769373995573185,17
2705,88,31,70,14,1.9762934359596283,17
2706,54,10,35,4,1.9706076038783524,6
2707,23,22,3,10,1.9704853033748777,12
2708,76,27,102,12,1.968585535065883,15
2709,16,49,70,22,1.9664047334731982,27
2710,41,24,112,11,1.9642201479007217,13
2711,80,11,97,5,1.9631828964682223,6
2712,87,42,84,19,1.9615694257244276,23
2713,39,14,33,7,1.9600955952261434,7
2714,50,11,35,5,1.9581460146246747,6
2715,19,30,86,15,1.9572349198961243,15
2716,27,34,57,17,1.9534766566361748,17
2717,36,34,64,17,1.9485056781764598,17
2718,8,90,55,45,1.9471295493058276,45
2719,33,15,94,7,1.9451389474962026,8
2720,25,20,55,9,1.9429576796619945,11
2721,23,14,31,6,1.9392936999416424,8
2722,110,13,104,5,1.9388474450810558,8
2723,71,49,7,25,1.9387153694352777,24
2724,32,10,98,5,1.9380052263831626,5
2725,23,14,97,7,1.9330528734436567,7
2726,104,35,109,17,1.92892724137796,18
2727,70,19,40,8,1.9276789997691202,11
2728,112,14,77,5,1.927422770387582,9
2729,17,28,54,14,1.9259736473512523,14
2730,16,89,28,41,1.923978729516393,48
2731,114,21,18,10,1.923577249757446,11
2732,63,40,50,18,1.9230864117365438,22
2733,9,10,79,4,1.9224211679655938,6
2734,104,32,70,15,1.9224071285610203,17
2735,55,56,88,24,1.9221308051774735,32
2736,53,43,64,20,1.921457820047301,23
2737,99,11,76,6,1.9173589523208343,5
2738,97,32,106,16,1.9159665785715099,16
2739,110,11,17,5,1.9155371371930665,6
2740,68,38,1,18,1.9099752765436664,20
2741,8,67,28,31,1.9053784571291423,36
2742,55,27,99,12,1.8950724021518552,15
2743,85,12,98,5,1.8929637615829213,7
2744,20,35,106,16,1.890590591428699,19
2745,25,23,64,11,1.8857238852847684,12
2746,96,16,30,7,1.885074878690488,9
2747,68,108,13,51,1.8849483625328234,57
2748,2,41,8,20,1.8848654476169697,21
2749,60,19,48,9,1.868377497336698,10
2750,53,13,47,6,1.8674520504863439,7
2751,37,95,5,46,1.8654288703425719,49
2752,86,26,72,12,1.855187930549301,14
2753,13,20,61,8,1.8534850314433566,12
2754,53,22,97,10,1.849246682219108,12
2755,19,25,88,13,1.8450287055712715,12
2756,30,27,76,12,1.8425803619698342,15
2757,114,30,20,14,1.8395405662544742,16
2758,84,38,96,19,1.8356486827006797,19
2759,88,23,90,10,1.8344778390431933,13
2760,74,29,13,14,1.8278354237299064,15
2761,11,15,114,8,1.8276036019184323,7
2762,44,13,114,6,1.8263733365516701,7
2763,102,13,99,6,1.8212893413036875,7
2764,57,56,86,27,1.8206528453685853,29
2765,40,18,111,9,1.8104998545748818,9
2766,13,32,112,16,1.80903940686547,16
2767,36,22,25,11,1.8071440138268557,11
2768,70,57,86,26,1.8046372203949772,31
2769,51,34,31,14,1.8036645224364214,20
2770,112,50,16,24,1.7995643538534818,26
2771,63,10,103,4,1.799391808148132,6
2772,54,33,102,16,1.7967474737993285,17
2773,50,17,12,10,1.7913208672004064,7
2774,114,35,39,18,1.7909993968165117,17
2775,65,25,47,12,1.7906040954239375,13
2776,20,19,48,8,1.7888857426975076,11
2777,97,27,46,13,1.7888516310768017,14
2778,61,13,100,6,1.7880372053867657,7
2779,29,20,8,8,1.7818268121537417,12
2780,37,25,90,12,1.7816453937181782,13
2781,50,21,69,11,1.7758250016074648,10
2782,68,18,43,9,1.7652060939878154,9
2783,88,11,110,6,1.7642228121429866,5
2784,8,61,11,29,1.7536827183689407,32
2785,84,26,70,12,1.7530345342228948,14
2786,104,21,43,9,1.750605109142023,12
2787,60,33,36,16,1.7416473627060747,17
2788,18,11,6,5,1.7414584600944751,6
2789,36,37,88,16,1.7392851936744347,21
2790,16,27,44,12,1.7334648777380295,15
2791,106,38,96,17,1.7318320126651918,21
2792,70,19,75,10,1.7314858975507377,9
2793,32,13,68,5,1.731166259808923,8
2794,16,60,57,27,1.728452203092309,33
2795,109,20,77,10,1.7279763913588901,10
2796,77,10,28,5,1.727447904471638,5
2797,17,35,107,17,1.7269738989467152,18
2798,63,15,45,7,1.7260545689947924,8
2799,104,24,83,10,1.7171480590838841,14
2800,98,31,107,15,1.7124892646076504,16
2801,62,28,71,14,1.710784794078352,14
2802,48,10,37,5,1.7035937503192145,5
2803,85,15,57,7,1.7034495534090748,8
2804,20,16,102,8,1.6989391239814933,8
2805,36,15,23,9,1.6972875274185721,6
2806,28,64,5,31,1.6933141899778523,33
2807,88,59,28,27,1.6917395122237935,32
2808,109,73,86,35,1.6913643985608582,38
2809,55,40,106,18,1.6835382667235006,22
2810,17,18,64,8,1.6742261514283443,10
2811,23,14,50,5,1.6739476096476138,9
2812,63,45,7,18,1.6735738766299244,27
2813,45,28,31,13,1.6710870406691087,15
2814,17,17,112,8,1.6709980493790115,9
2815,87,48,60,24,1.6692465502528926,24
2816,54,19,33,8,1.668385392549265,11
2817,81,16,9,8,1.667141681490912,8
2818,85,16,17,7,1.6640468368595829,9
2819,88,77,107,35,1.6629099189655516,42
2820,37,47,74,23,1.6628163329711263,24
2821,16,30,108,13,1.6626498006317656,17
2822,50,33,76,18,1.6543169040864119,15
2823,36,23,68,11,1.6511686348202657,12
2824,86,14,66,7,1.6453880931803613,7
2825,86,34,38,16,1.64225948399023,18
2826,30,41,68,20,1.6397998764136266,21
2827,41,59,88,27,1.6397874376242199,32
2828,102,10,49,4,1.6394569107680623,6
2829,6,18,68,10,1.6346986227731553,8
2830,35,28,86,12,1.6302927109086067,16
2831,13,31,72,16,1.6241775993144327,15
2832,44,17,87,8,1.6239279411647842,9
2833,81,19,18,9,1.6163568658399623,10
2834,3,16,102,8,1.614438309865802,8
2835,38,32,13,17,1.614314899085523,15
2836,30,29,69,14,1.613902271093239,15
2837,46,56,54,27,1.6114239899738882,29
2838,28,20,79,10,1.604902001664568,10
2839,18,33,60,16,1.596771934301811,17
2840,14,11,75,5,1.5947210222856318,6
2841,57,12,98,6,1.5879671477075028,6
2842,49,23,62,10,1.5851399264471633,13
2843,2,15,25,8,1.5845186001024008,7
2844,88,20,61,8,1.581947887543261,12
2845,58,12,100,6,1.5819008855655043,6
2846,55,22,90,12,1.578656952498874,10
2847,96,34,88,17,1.5755489762598085,17
2848,63,43,41,20,1.5704593108021436,23
2849,30,27,78,13,1.569607458561735,14
2850,8,79,88,38,1.5656866353653567,41
2851,50,68,54,33,1.5636701794042434,35
2852,9,14,111,7,1.5621342613374551,7
2853,109,26,106,13,1.562107287891286,13
2854,64,19,15,10,1.5585187752284797,9
2855,75,44,55,19,1.5547955200380577,25
2856,80,20,11,10,1.553265227546683,10
2857,57,25,102,12,1.5483760769806836,13
2858,63,30,27,13,1.5482939869847552,17
2859,43,19,50,8,1.5434241128816095,11
2860,22,10,86,5,1.538148289979916,5
2861,94,21,11,11,1.5369194320927215,10
2862,29,13,53,5,1.5317670028644748,8
2863,64,15,81,7,1.5315551836921653,8
2864,114,20,84,9,1.5282826629009798,11
2865,13,66,27,32,1.5277775268373528,34
2866,3,17,76,8,1.5249357900982525,9
2867,35,14,37,7,1.523131742310598,7
2868,3,22,61,8,1.5200379980927712,14
2869,46,12,55,5,1.5148590180899557,7
2870,64,29,27,14,1.5066564848276938,15
2871,27,25,50,10,1.5040884605682703,15
2872,89,15,60,8,1.5029729729841095,7
2873,17,31,50,16,1.4997072054884293,15
2874,9,34,63,16,1.4983458266579124,18
2875,46,52,5,24,1.4974094901037487,28
2876,107,47,25,23,1.4967278623744356,24
2877,112,16,11,8,1.4950492246382476,8
2878,77,22,88,11,1.4907823177695647,11
2879,76,17,62,8,1.4886483429037691,9
2880,60,74,71,35,1.4843115108657077,39
2881,15,50,39,22,1.4828243918285051,28
2882,68,10,84,4,1.478899377350919,6
2883,109,20,69,10,1.4769023355605444,10
2884,103,17,79,8,1.4762996181953612,9
2885,73,15,63,8,1.4760785674332926,7
2886,106,20,43,10,1.4741650546799518,10
2887,11,17,32,9,1.4729852723414754,8
2888,35,24,7,12,1.4676220715119421,12
2889,6,13,69,7,1.4672562795661186,6
2890,71,24,3,11,1.4668209780059585,13
2891,40,64,51,31,1.4624658901194145,33
2892,83,14,50,8,1.4615488081136994,6
2893,31,21,47,10,1.4606130980712668,11
2894,25,23,83,10,1.4597201880554966,13
2895,12,41,27,18,1.4555506897092878,23
2896,39,73,13,34,1.450285772990473,39
2897,106,55,63,27,1.4485566818099482,28
2898,39,21,48,9,1.4474709554841443,12
2899,39,29,62,13,1.4474002147033354,16
2900,65,33,69,16,1.4425642416495132,17
2901,20,21,97,11,1.439527960881874,10
2902,50,28,25,14,1.4391705454909012,14
2903,77,12,103,6,1.4351835204848122,6
2904,36,35,45,19,1.423273124508123,16
2905,71,23,55,12,1.4219584840110406,11
2906,39,71,107,35,1.4213447412032625,36
2907,1,11,53,5,1.4196819324858228,6
2908,86,69,3,33,1.4192947268269174,36
2909,66,11,72,5,1.416761062195627,6
2910,100,29,62,15,1.4095954922785312,14
2911,12,20,71,10,1.4059148964814159,10
2912,46,25,9,13,1.4052752923291358,12
2913,78,44,107,20,1.4031357697454574,24
2914,87,36,64,18,1.4019068150674154,18
2915,70,17,95,9,1.4011695857654913,8
2916,75,12,44,5,1.399837377533035,7
2917,91,13,9,6,1.3946381880594532,7
2918,36,11,29,6,1.3837445576600587,5
2919,87,61,3,29,1.3817700433345628,32
2920,95,31,7,14,1.3809406634768675,17
2921,106,30,41,15,1.3806292559177733,15
2922,55,15,62,7,1.3800432063216206,8
2923,39,51,41,26,1.3725005678823716,25
2924,86,66,55,31,1.371489773467497,35
2925,13,13,35,6,1.3712745168342095,7
2926,75,10,48,5,1.3711471542080278,5
2927,76,34,49,16,1.3676760689556275,18
2928,25,26,30,14,1.363384718034577,12
2929,112,12,74,6,1.3616749140437374,6
2930,111,17,87,8,1.3561671479223418,9
2931,30,14,81,7,1.3508923221630351,7
2932,97,37,88,18,1.349074362930903,19
2933,108,17,40,9,1.3479697301696818,8
2934,107,72,63,38,1.346860465088752,34
2935,34,25,84,12,1.346258750306376,13
2936,6,10,23,5,1.3385415186806262,5
2937,39,49,54,24,1.3384616724370861,25
2938,108,13,81,6,1.3379621241230502,7
2939,12,27,87,12,1.3278353834684422,15
2940,18,33,41,17,1.3250989728306575,16
2941,74,18,80,9,1.3199661328668575,9
2942,32,12,51,6,1.314434714983352,6
2943,54,21,23,10,1.3133138976413494,11
2944,94,11,40,5,1.313173008584519,6
2945,112,32,65,16,1.312297716343953,16
2946,65,38,17,16,1.3107276954105338,22
2947,68,52,9,25,1.3104638696206772,27
2948,9,28,58,13,1.310268135821902,15
2949,41,28,114,14,1.30733810804357,14
2950,84,11,64,4,1.3059634387921,7
2951,63,50,11,21,1.3058923787126548,29
2952,5,44,13,21,1.302350985374302,23
2953,7,22,8,10,1.29527150144924,12
2954,51,37,43,19,1.2941846087355042,18
2955,50,18,98,8,1.2936360808559426,10
2956,57,15,48,7,1.2933503211639665,8
2957,2,22,74,10,1.2925512141562505,12
2958,17,33,39,15,1.2892467195770632,18
2959,51,19,99,10,1.289208240710456,9
2960,89,17,88,9,1.2888997749635156,8
2961,16,53,74,25,1.2870673809929651,28
2962,88,22,35,11,1.2841130433589263,11
2963,54,105,65,51,1.2780833574082704,54
2964,96,59,107,27,1.2779661064945949,32
2965,17,12,80,5,1.2769817296361932,7
2966,107,38,90,19,1.2750427230775991,19
2967,71,11,1,6,1.2732152302328,5
2968,72,37,16,17,1.271209889807753,20
2969,73,15,16,8,1.2607482082851333,7
2970,8,40,100,19,1.2550832379425967,21
2971,41,74,13,36,1.2517636829549152,38
2972,3,21,18,9,1.249671178570587,12
2973,17,11,62,5,1.2486647888480191,6
2974,16,38,29,19,1.2448349982001043,19
2975,108,16,55,7,1.2425126869095338,9
2976,107,30,4,15,1.2387516471106226,15
2977,71,25,31,12,1.2380158081615504,13
2978,63,16,95,8,1.233969730193377,8
2979,51,88,107,38,1.2335246266798188,50
2980,71,26,9,12,1.2262156519313812,14
2981,79,22,107,10,1.2215901530487994,12
2982,55,17,41,8,1.2209745250839965,9
2983,98,11,74,5,1.2137114800422117,6
2984,58,16,63,9,1.211674081917942,7
2985,25,33,97,16,1.211209753293348,17
2986,3,15,46,8,1.2064770707138586,7
2987,107,31,85,15,1.1983111993424351,16
2988,25,67,16,32,1.1932865297100665,35
2989,48,12,41,6,1.1910839111619824,6
2990,88,36,37,17,1.188834543043674,19
2991,87,16,110,7,1.187803786715121,9
2992,76,31,96,14,1.1853039288193825,17
2993,48,27,11,13,1.181238878974582,14
2994,8,26,48,12,1.176757496258483,14
2995,33,12,77,6,1.17566757355006,6
2996,39,52,55,24,1.1740266098053433,28
2997,65,108,63,52,1.162387515885531,56
2998,104,16,23,9,1.1585628201755833,7
2999,111,13,8,7,1.1570953689507386,6
3000,17,10,33,5,1.1464162819529036,5
3001,64,20,45,9,1.1431500338693237,11
3002,36,26,106,13,1.1307287364062801,13
3003,3,26,31,14,1.130409883055894,12
3004,69,28,19,13,1.1227446471060287,15
3005,27,13,18,7,1.1211992327384535,6
3006,29,19,7,7,1.1170674633929263,12
3007,33,19,86,10,1.112984453857345,9
3008,40,16,109,7,1.1126467638961715,9
3009,78,46,57,22,1.1112398390600873,24
3010,47,22,63,12,1.1103315312226105,10
3011,51,16,6,7,1.1096986250731455,9
3012,50,45,13,22,1.1084728314096706,23
3013,73,13,55,6,1.1082443575059586,7
3014,91,12,47,6,1.1047106963660296,6
3015,40,19,45,9,1.1043531225931202,10
3016,96,18,2,9,1.1039761816908797,9
3017,70,39,106,20,1.1024614638047308,19
3018,16,122,13,56,1.0937232082910213,66
3019,40,13,74,6,1.0901529369074687,7
3020,50,29,65,14,1.0876879077972634,15
3021,15,15,17,8,1.085580069098035,7
3022,75,54,65,27,1.0834874610355825,27
3023,60,31,81,15,1.076505088534958,16
3024,64,19,97,9,1.0748997556854092,10
3025,107,41,70,21,1.0723253683389224,20
3026,9,16,97,9,1.0715415510849842,7
3027,67,20,37,9,1.0707700527635258,11
3028,58,14,71,7,1.0679524363994282,7
3029,88,32,3,15,1.0621797128272314,17
3030,33,12,60,7,1.060667602361241,5
3031,100,14,44,7,1.0590413147864144,7
3032,30,24,18,12,1.0579199601112552,12
3033,29,22,77,11,1.056992029537509,11
3034,71,18,45,10,1.0500246166344394,8
3035,4,60,13,28,1.0440840904331967,32
3036,18,35,51,18,1.0414861976482428,17
3037,104,16,33,7,1.0375486456158112,9
3038,45,14,3,7,1.0349134798027078,7
3039,16,53,41,24,1.032210737274025,29
3040,46,16,64,8,1.031017738027725,8
3041,2,33,97,16,1.0254110764857562,17
3042,51,53,37,23,1.0249339808072997,30
3043,63,20,44,9,1.0233184771026502,11
3044,107,41,18,22,1.0183255345448823,19
3045,17,33,34,17,1.0149650089394402,16
3046,87,52,28,26,1.0126365910584707,26
3047,85,32,86,15,1.0113399236982092,17
3048,60,16,57,8,1.0104370368222444,8
3049,45,12,88,5,1.0058195203591582,7
3050,13,43,75,20,1.005364432264769,23
3051,114,11,93,6,1.004990658958168,5
3052,57,34,41,17,1.0000688740522203,17
3053,100,26,94,10,0.9987902893174725,16
3054,37,37,17,16,0.9978108601802018,21
3055,68,29,38,13,0.9956485324900273,16
3056,43,33,88,15,0.9947945347929831,18
3057,20,13,27,6,0.9871413726704231,7
3058,69,32,107,15,0.9867318989974736,17
3059,88,56,49,27,0.9862691512442191,29
3060,68,15,102,7,0.9774478191416366,8
3061,107,65,5,32,0.9748363761521144,33
3062,70,10,62,5,0.9747108971050853,5
3063,78,12,9,6,0.9745877106891208,6
3064,103,37,16,19,0.9715722241173592,18
3065,63,52,87,24,0.9694664805604959,28
3066,15,20,63,10,0.9688742288483304,10
3067,64,15,57,7,0.9686108755747862,8
3068,104,38,106,19,0.9604760273979323,19
3069,106,11,103,6,0.9583580547252424,5
3070,14,14,5,6,0.9561035605846475,8
3071,60,78,7,38,0.9515995280010695,40
3072,8,93,107,48,0.9469804998735967,45
3073,63,23,53,11,0.9461903574638922,12
3074,8,51,39,26,0.9395633007628413,25
3075,18,29,40,12,0.9358054757186772,17
3076,29,16,43,8,0.9196986818795139,8
3077,9,29,3,14,0.9194490367743477,15
3078,22,12,34,6,0.9194054512388619,6
3079,86,14,113,6,0.9183338417210537,8
3080,75,27,114,13,0.9181862737012574,14
3081,106,100,86,49,0.9173221659807225,51
3082,15,38,68,17,0.9158662466441888,21
3083,39,14,1,5,0.9120351629887077,9
3084,36,35,75,19,0.9076169876586753,16
3085,6,14,50,7,0.9048960894988036,7
3086,112,11,14,6,0.9022319115654415,5
3087,60,12,111,7,0.9019980300500788,5
3088,62,14,50,6,0.9017457082495502,8
3089,78,17,55,9,0.9002458878614071,8
3090,68,17,74,7,0.9001065237726507,10
3091,80,16,48,7,0.8976680373453692,9
3092,39,24,70,11,0.8958543413772138,13
3093,27,63,51,30,0.8881383616064773,33
3094,9,19,69,9,0.8879210172039288,10
3095,93,13,3,5,0.8808947328421439,8
3096,83,21,88,11,0.8798897555023182,10
3097,17,40,13,20,0.877187739086127,20
3098,13,47,15,24,0.8757286594591248,23
3099,27,15,1,6,0.8721383199452174,9
3100,60,17,84,10,0.871614356489069,7
3101,8,67,37,33,0.8700084298071539,34
3102,41,25,43,12,0.8640274273037515,13
3103,68,85,51,39,0.8636071760652749,46
3104,10,10,114,4,0.8617397018011257,6
3105,77,14,64,8,0.8550421959375887,6
3106,41,12,38,5,0.8514389884122232,7
3107,65,38,11,19,0.8512591605271688,19
3108,39,13,102,6,0.8492100400200487,7
3109,33,15,95,7,0.8491128905949191,8
3110,15,50,16,26,0.8476566919095363,24
3111,60,14,98,7,0.8439389777307171,7
3112,2,16,46,8,0.8285194662826778,8
3113,29,12,106,6,0.8264692442725535,6
3114,28,48,37,24,0.8263140292594408,24
3115,84,15,95,7,0.8218033746912388,8
3116,114,19,45,9,0.8205689132017492,10
3117,87,73,88,38,0.8190831084314798,35
3118,7,80,41,40,0.8113607765595663,40
3119,7,16,79,8,0.808566327439515,8
3120,84,31,50,16,0.8064114901977948,15
3121,56,14,40,7,0.8062835825274064,7
3122,30,26,40,13,0.8045580871786187,13
3123,41,18,78,8,0.8039593627471284,10
3124,98,11,62,5,0.7995773049352667,6
3125,2,22,88,11,0.7956469041111237,11
3126,28,16,89,7,0.7901986413516635,9
3127,75,14,33,6,0.7900898585820654,8
3128,77,29,18,13,0.7883551040314848,16
3129,80,15,38,8,0.7882565864146641,7
3130,4,18,104,10,0.7872554057904764,8
3131,48,20,109,9,0.7860713609857797,11
3132,13,51,28,25,0.7790491963091711,26
3133,87,22,99,10,0.7762165713325069,12
3134,88,32,69,15,0.7753807063240761,17
3135,16,40,40,19,0.7743017001677523,21
3136,97,20,93,10,0.7717644600090583,10
3137,104,25,15,12,0.7673608753763789,13
3138,58,15,50,8,0.7660630045931245,7
3139,28,58,109,27,0.76448490134667,31
3140,86,83,20,40,0.7625493429797969,43
3141,14,15,13,6,0.7511854242648525,9
3142,46,24,84,11,0.744605770354001,13
3143,11,32,78,17,0.7439751541430462,15
3144,36,13,74,5,0.7437175733038444,8
3145,38,22,64,11,0.741675899909912,11
3146,37,27,84,13,0.7406944026942688,14
3147,94,24,86,12,0.7404864736135099,12
3148,7,12,108,5,0.7404080910313953,7
3149,25,24,15,13,0.7394428200536315,11
3150,50,43,106,22,0.7389423076340088,21
3151,50,18,89,8,0.7372362100871699,10
3152,76,37,11,17,0.7368187666821265,20
3153,5,40,63,22,0.7358500176759455,18
3154,40,77,86,36,0.7352757671814381,41
3155,9,22,112,10,0.732655126226577,12
3156,95,41,5,21,0.731606653431554,20
3157,91,18,84,9,0.731418526812021,9
3158,33,13,27,6,0.7289108112107202,7
3159,27,13,99,7,0.7284055341482095,6
3160,71,10,96,5,0.7278695572627789,5
3161,57,10,4,4,0.7276499847388471,6
3162,49,20,109,10,0.7270267076148578,10
3163,81,19,27,9,0.7248890061970984,10
3164,8,24,17,12,0.7243993806611897,12
3165,15,40,65,19,0.7235944137426227,21
3166,34,21,79,9,0.7201940806784457,12
3167,61,18,40,9,0.7154895706830828,9
3168,82,13,28,7,0.7153587234866209,6
3169,43,18,71,10,0.7122285277146704,8
3170,51,37,12,18,0.710191678656004,19
3171,97,13,3,6,0.7099885191404639,7
3172,57,37,39,19,0.7090537081923493,18
3173,106,18,27,7,0.7074485049679566,11
3174,68,71,86,36,0.7070864651977494,35
3175,94,23,29,11,0.7057962050625214,12
3176,55,64,51,31,0.7052787365416379,33
3177,41,20,54,10,0.7052079558025965,10
3178,103,25,87,11,0.7049312985026179,14
3179,50,60,86,31,0.7047454434688813,29
3180,38,11,91,5,0.7003822911270713,6
3181,61,11,39,6,0.6964131355147419,5
3182,90,15,74,6,0.6948431634826362,9
3183,3,30,43,14,0.6945065447681112,16
3184,11,17,93,10,0.6934063282822602,7
3185,100,19,85,9,0.6921450091110365,10
3186,69,27,11,14,0.691946008686075,13
3187,88,17,48,7,0.6890250559346737,10
3188,68,75,27,36,0.6873238062883644,39
3189,8,30,76,14,0.6822031764790529,16
3190,18,19,25,10,0.6816652439852776,9
3191,109,14,23,7,0.6795387556597896,7
3192,79,16,3,9,0.6788187325928889,7
3193,50,39,39,19,0.6773303120820146,20
3194,29,13,79,5,0.67578388648967,8
3195,50,10,38,4,0.6752935140978018,6
3196,9,13,66,7,0.6737376778478267,6
3197,23,23,12,11,0.6683929234960134,12
3198,39,65,65,34,0.6541315550544984,31
3199,63,32,78,15,0.651142744880651,17
3200,65,28,84,14,0.6478183306385065,14
3201,107,66,60,33,0.6466200063575372,33
3202,2,10,109,5,0.6444253237530958,5
3203,85,15,69,7,0.6408165415497267,8
3204,25,25,41,14,0.6394054706376684,11
3205,111,17,36,8,0.6365354853619557,9
3206,43,11,48,6,0.6335452834733647,5
3207,33,29,16,16,0.6325119131101442,13
3208,13,34,20,16,0.632497829596757,18
3209,54,36,30,18,0.6319788479058387,18
3210,4,28,64,13,0.6316212138641686,15
3211,87,30,47,15,0.6310013424305165,15
3212,18,27,12,14,0.6303488190416884,13
3213,60,23,1,11,0.6297573562891167,12
3214,38,20,29,10,0.6286324723530301,10
3215,109,30,84,14,0.6283430275726475,16
3216,65,40,37,21,0.6273579146862459,19
3217,54,42,74,21,0.6253470328077769,21
3218,36,33,71,17,0.6241330409639582,16
3219,40,12,38,5,0.6179079194784384,7
3220,31,22,58,11,0.6168553703735019,11
3221,28,55,11,26,0.6161995497274562,29
3222,87,68,39,33,0.6125718981179333,35
3223,51,42,69,20,0.6101979768400004,22
3224,91,16,70,7,0.6063303701253773,9
3225,111,31,16,16,0.604864398590204,15
3226,30,51,100,26,0.6041121088815699,25
3227,63,15,34,7,0.6010869874219945,8
3228,71,32,106,15,0.6009609652453856,17
3229,111,10,12,6,0.6003907747378726,4
3230,71,10,23,4,0.6000287508458257,6
3231,65,25,78,11,0.5972758077920006,14
3232,55,24,3,12,0.5910345457593067,12
3233,76,13,36,4,0.5885035889042722,9
3234,55,24,20,12,0.5874553964616283,12
3235,63,28,112,14,0.5834223269951169,14
3236,12,24,11,13,0.5832043944441018,11
3237,47,30,51,16,0.5820326521668411,14
3238,90,18,84,9,0.5795253040496203,9
3239,80,35,86,17,0.5771607275339617,18
3240,46,32,87,14,0.5771141288489539,18
3241,114,40,7,19,0.5741553045041318,21
3242,69,15,71,8,0.5724150990318919,7
3243,71,13,78,6,0.5661963238744551,7
3244,37,16,43,7,0.562355471826647,9
3245,60,27,109,13,0.5608097746742309,14
3246,83,10,2,5,0.5594397265150824,5
3247,46,20,41,9,0.5567343104251282,11
3248,95,53,86,24,0.5540869121526225,29
3249,5,49,54,23,0.5526115688513309,26
3250,86,94,65,49,0.5518634121944321,45
3251,68,74,65,37,0.5506001841763745,37
3252,92,17,7,7,0.5480230211986101,10
3253,23,32,51,16,0.5473097590485475,16
3254,98,27,16,13,0.5462850233229243,14
3255,64,29,54,15,0.5456745481805155,14
3256,50,36,8,19,0.5398388863137726,17
3257,106,10,1,5,0.539652861011431,5
3258,41,20,94,9,0.5383397062160087,11
3259,8,16,19,8,0.5381116060153397,8
3260,78,15,109,8,0.5357082430651559,7
3261,11,18,17,9,0.5333410210662327,9
3262,107,20,6,10,0.5288105428737948,10
3263,4,24,77,12,0.5234491201479377,12
3264,74,14,27,8,0.5219215520059665,6
3265,60,51,65,28,0.5216529175374914,23
3266,73,19,28,10,0.5214155246375574,9
3267,60,18,83,9,0.5212906629660227,9
3268,30,22,106,11,0.5189588569615401,11
3269,84,27,78,13,0.5159724183872996,14
3270,112,10,66,4,0.5146742754382652,6
3271,112,20,51,10,0.5141422831615118,10
3272,4,18,9,9,0.5118055197130339,9
3273,54,41,7,20,0.5072416292031896,21
3274,111,51,68,26,0.5032623987050037,25
3275,90,13,91,6,0.5003235284827323,7
3276,88,35,31,18,0.4999807976090588,17
3277,5,59,87,29,0.4991669720547012,30
3278,86,75,39,39,0.49556268487833316,36
3279,74,22,18,12,0.49290222508995235,10
3280,86,24,93,12,0.49230543753796824,12
3281,39,46,47,22,0.4923043379361577,24
3282,62,12,97,6,0.4900514031250112,6
3283,19,16,58,8,0.48957539293101116,8
3284,16,61,19,28,0.48748661839149904,33
3285,11,32,60,15,0.48490627839226574,17
3286,88,40,20,21,0.48272225314993983,19
3287,109,46,13,22,0.4820337228682999,24
3288,84,10,94,5,0.4811703860633969,5
3289,95,28,74,13,0.47842550860281996,15
3290,75,31,41,14,0.47837138213253816,17
3291,25,51,39,26,0.4759465051184244,25
3292,7,60,18,31,0.4748651156903209,29
3293,65,54,31,26,0.46913887469692744,28
3294,65,20,34,9,0.46675083042066473,11
3295,104,38,76,20,0.4636043507636342,18
3296,65,58,12,30,0.462819528280172,28
3297,65,11,21,6,0.46273082007848904,5
3298,107,36,46,19,0.4582463107562518,17
3299,87,56,55,28,0.45495536076698057,28
3300,97,39,107,20,0.4513498337115768,19
3301,80,11,9,7,0.4439834453330457,4
3302,90,15,11,7,0.4409004522210816,8
3303,3,39,60,19,0.43680589825100813,20
3304,40,43,31,22,0.429627197462679,21
3305,29,23,78,11,0.4291222097543114,12
3306,68,34,77,16,0.42903652361278105,18
3307,49,32,7,15,0.42188009094911627,17
3308,112,18,69,10,0.41980133837250894,8
3309,5,14,38,7,0.4168378546295618,7
3310,90,20,17,11,0.4164940632127063,9
3311,54,34,84,17,0.4144322968093763,17
3312,20,16,69,8,0.4110151707783569,8
3313,31,33,86,17,0.4107692180392416,16
3314,96,39,55,20,0.409999012059578,19
3315,50,18,79,9,0.4091046493522828,9
3316,16,45,114,21,0.4068130302568852,24
3317,107,86,28,41,0.40429393853815604,45
3318,35,16,30,8,0.4016415319429745,8
3319,104,15,20,8,0.39743988488785953,7
3320,61,16,65,9,0.395050527419345,7
3321,102,14,84,7,0.3912018744364814,7
3322,8,13,44,6,0.3904420875790005,7
3323,7,89,65,47,0.39009225035654854,42
3324,65,26,77,12,0.3896670535480057,14
3325,95,17,76,8,0.3896119374242384,9
3326,69,30,36,15,0.38598798110099336,15
3327,79,12,78,6,0.38583207842591283,6
3328,114,28,71,14,0.3795577437704574,14
3329,70,22,97,12,0.3783758219642565,10
3330,14,18,84,8,0.37783903496494214,10
3331,63,27,60,13,0.3732661726653222,14
3332,103,14,54,8,0.3711572343700829,6
3333,40,21,75,10,0.36863713867004627,11
3334,95,26,28,12,0.36814720179538635,14
3335,92,18,13,7,0.36521745881563183,11
3336,43,11,90,5,0.3643101985935486,6
3337,17,19,87,10,0.3631074209821953,9
3338,68,49,63,24,0.3537099268739354,25
3339,34,13,75,6,0.35287672494658584,7
3340,49,10,5,5,0.3484948933204418,5
3341,19,45,15,22,0.3463649803634729,23
3342,53,41,51,21,0.3439811842946898,20
3343,30,48,27,24,0.3427153002108171,24
3344,11,63,107,30,0.3403807063834875,33
3345,17,12,69,6,0.33992057730208697,6
3346,109,13,4,6,0.3380907022892352,7
3347,83,20,106,11,0.33164456490941063,9
3348,9,51,86,24,0.3307900454112343,27
3349,108,17,64,8,0.3288515928978434,9
3350,87,26,2,13,0.3261916240593897,13
3351,55,23,57,10,0.32556856319928607,13
3352,80,17,71,9,0.3237123360021306,8
3353,86,34,2,18,0.32232529406269955,16
3354,27,27,62,14,0.32158321443948734,13
3355,83,25,28,14,0.3193130867023741,11
3356,114,22,69,10,0.31706249889901594,12
3357,11,17,33,7,0.313636931840141,10
3358,60,48,53,25,0.3118269913878374,23
3359,64,12,28,6,0.30789275575683855,6
3360,23,19,111,11,0.30722018824927017,8
3361,11,81,16,36,0.30638343071259316,45
3362,1,35,107,18,0.30511491832295773,17
3363,51,17,38,8,0.3030848850194281,9
3364,98,16,19,7,0.29311592538168374,9
3365,27,17,25,9,0.2912949474117505,8
3366,87,18,33,9,0.2899071897038154,9
3367,39,66,11,32,0.28668698765055417,34
3368,68,63,60,33,0.28538797843058167,30
3369,87,43,109,20,0.28166195963425333,23
3370,67,12,25,6,0.2816428039469064,6
3371,96,12,67,7,0.27996501259109813,5
3372,7,20,70,8,0.27895885562124206,12
3373,53,18,5,8,0.2778213329671456,10
3374,13,87,49,39,0.27566807487151146,48
3375,7,77,39,40,0.2749189859757216,37
3376,87,18,52,10,0.2686604923430049,8
3377,36,11,38,4,0.26679215079866997,7
3378,84,75,107,37,0.26410914254599377,38
3379,43,22,114,12,0.26405625020379114,10
3380,37,22,76,12,0.2606095394442829,10
3381,71,36,88,16,0.25752053570309325,20
3382,4,32,68,16,0.25730955252799864,16
3383,17,11,108,5,0.2506467392789146,6
3384,39,51,63,29,0.2485762976887629,22
3385,27,47,11,23,0.2465683298983892,24
3386,40,25,47,14,0.24655985846699452,11
3387,39,10,93,5,0.24650819188032075,5
3388,13,56,53,26,0.23596481784004864,30
3389,13,109,65,53,0.23104065225164844,56
3390,65,10,101,5,0.22906131925901718,5
3391,91,13,17,7,0.22543102910283075,6
3392,88,15,79,8,0.22413158533616365,7
3393,87,50,96,24,0.22380305623995284,26
3394,106,69,28,34,0.21905675330440585,35
3395,7,99,107,54,0.21373648564267417,45
3396,53,21,44,9,0.2122113313421154,12
3397,6,11,100,6,0.2096540267915679,5
3398,28,11,66,5,0.2056598644516812,6
3399,33,13,74,6,0.20465467586240857,7
3400,8,46,20,23,0.2023315764151644,23
3401,63,48,40,23,0.20172959340563693,25
3402,76,11,47,3,0.1986777302440924,8
3403,107,61,74,29,0.19420996588142148,32
3404,112,18,72,9,0.1936517175084139,9
3405,72,13,43,6,0.19113513592504788,7
3406,19,21,112,11,0.1905110640381326,10
3407,35,12,70,7,0.18631436457958764,5
3408,44,15,65,6,0.18351226600640885,9
3409,50,25,114,12,0.18060110833646845,13
3410,57,21,68,10,0.18037142195148886,11
3411,70,23,41,13,0.17939581625615084,10
3412,71,33,8,17,0.17759312635004623,16
3413,11,47,106,26,0.17225906773687616,21
3414,51,50,9,24,0.1707745155048165,26
3415,106,28,100,13,0.1677556244233457,15
3416,13,80,86,38,0.16497427756503866,42
3417,17,29,68,15,0.1620662997587074,14
3418,7,51,4,26,0.16136746029798088,25
3419,18,24,104,14,0.15875087569414603,10
3420,62,12,106,6,0.1584669634691407,6
3421,7,16,83,7,0.15765677447455273,9
3422,70,56,8,28,0.15218257137377833,28
3423,68,41,104,21,0.14920589858094482,20
3424,51,17,85,8,0.1485089203425444,9
3425,37,41,114,19,0.14487606275647485,22
3426,89,17,86,10,0.14433405533394533,7
3427,100,51,39,26,0.14360825003579727,25
3428,107,81,54,39,0.1421621999748452,42
3429,87,62,30,31,0.14007627745624535,31
3430,73,10,25,5,0.1328731236438802,5
3431,33,16,114,9,0.13065946112886406,7
3432,87,62,51,31,0.1301702940341213,31
3433,69,25,7,13,0.12779683769016903,12
3434,28,22,98,9,0.12169006680659694,13
3435,88,65,46,31,0.12160552196415005,34
3436,8,38,30,20,0.11602299713344301,18
3437,80,23,84,12,0.11286096846693221,11
3438,68,10,79,4,0.11002938828097442,6
3439,103,22,29,12,0.10854405086209114,10
3440,54,15,12,8,0.1067737154280503,7
3441,64,24,100,11,0.10532763947275085,13
3442,2,18,84,9,0.10504403066305398,9
3443,100,19,17,8,0.10330347718863789,11
3444,13,24,45,12,0.09910833731150663,12
3445,86,30,53,13,0.09593092236920715,17
3446,74,39,25,20,0.09563368284676016,19
3447,12,13,58,6,0.09514631006964162,7
3448,87,14,92,7,0.09367358040314991,7
3449,114,29,36,13,0.09213128587786307,16
3450,114,48,104,25,0.08363522002228145,23
3451,84,37,88,17,0.08333477514829757,20
3452,62,10,95,5,0.08147821861479798,5
3453,97,36,74,17,0.07931920932357782,19
3454,87,43,104,23,0.07856624027495081,20
3455,48,17,7,8,0.07501803189801026,9
3456,87,32,62,16,0.06899373968097366,16
3457,62,19,37,8,0.06880627143278654,11
3458,106,21,40,10,0.06808253080226546,11
3459,51,39,30,20,0.06682446440230774,19
3460,86,80,54,41,0.0655329278743415,39
3461,107,71,114,36,0.06336114924955376,35
3462,57,15,104,6,0.06314561462834385,9
3463,103,17,41,9,0.062364299462224854,8
3464,13,29,34,15,0.05455287257368432,14
3465,8,70,106,37,0.05212763279076112,33
3466,73,16,106,8,0.04700386219362951,8
3467,83,17,51,10,0.04607341431682285,7
3468,31,11,97,5,0.04256244744109723,6
3469,84,19,17,10,0.032612383959908106,9
3470,13,57,9,27,0.01801614367993792,30
3471,3,31,69,17,0.015075164376610007,14
3472,60,15,80,7,0.014675025668747566,8
3473,80,18,8,10,0.012640631721579254,8
3474,109,17,83,7,0.00972932964701334,10
3475,85,18,16,8,0.00556795502767413,10
3476,16,18,85,10,-0.005567955027674327,8
3477,106,47,76,26,-0.009505075346386196,21
3478,83,17,109,10,-0.009729329647013785,7
3479,8,18,80,8,-0.01264063172157965,10
3480,80,15,60,8,-0.014675025668747439,7
3481,69,31,3,14,-0.015075164376610236,17
3482,9,57,13,30,-0.01801614367993859,27
3483,17,19,84,9,-0.03261238395990876,10
3484,97,11,31,6,-0.042562447441096586,5
3485,51,17,83,7,-0.04607341431682421,10
3486,106,16,73,8,-0.0470038621936304,8
3487,106,70,8,33,-0.05212763279076128,37
3488,34,29,13,14,-0.054552872573684956,15
3489,41,17,103,8,-0.06236429946222318,9
3490,104,15,57,9,-0.0631456146283441,6
3491,114,71,107,35,-0.06336114924955315,36
3492,54,80,86,39,-0.0655329278743427,41
3493,30,39,51,19,-0.06682446440230849,20
3494,40,21,106,11,-0.0680825308022658,10
3495,37,19,62,11,-0.06880627143278734,8
3496,62,32,87,16,-0.068993739680973,16
3497,7,17,48,9,-0.07501803189801048,8
3498,104,43,87,20,-0.07856624027495072,23
3499,74,36,97,19,-0.07931920932357782,17
3500,95,10,62,5,-0.08147821861479762,5
3501,88,37,84,20,-0.0833347751482989,17
3502,104,48,114,23,-0.08363522002228167,25
3503,36,29,114,16,-0.09213128587786189,13
3504,92,14,87,7,-0.09367358040315074,7
3505,58,13,12,7,-0.09514631006964108,6
3506,25,39,74,19,-0.0956336828467596,20
3507,53,30,86,17,-0.09593092236920858,13
3508,45,24,13,12,-0.09910833731150781,12
3509,17,19,100,11,-0.10330347718863957,8
3510,84,18,2,9,-0.10504403066305477,9
3511,100,24,64,13,-0.10532763947275099,11
3512,12,15,54,7,-0.10677371542805124,8
3513,29,22,103,10,-0.10854405086209082,12
3514,79,10,68,6,-0.11002938828097442,4
3515,84,23,80,11,-0.11286096846693237,12
3516,30,38,8,18,-0.1160229971334432,20
3517,46,65,88,34,-0.12160552196414909,31
3518,98,22,28,13,-0.1216900668065983,9
3519,7,25,69,12,-0.1277968376901685,13
3520,51,62,87,31,-0.13017029403412197,31
3521,114,16,33,7,-0.13065946112886495,9
3522,25,10,73,5,-0.1328731236438802,5
3523,30,62,87,31,-0.14007627745624524,31
3524,54,81,107,42,-0.1421621999748453,39
3525,39,51,100,25,-0.14360825003579586,26
3526,86,17,89,7,-0.144334055333945,10
3527,114,41,37,22,-0.14487606275647485,19
3528,85,17,51,9,-0.14850892034254606,8
3529,104,41,68,20,-0.14920589858094466,21
3530,8,56,70,28,-0.15218257137377827,28
3531,83,16,7,9,-0.1576567744745514,7
3532,106,12,62,6,-0.15846696346914188,6
3533,104,24,18,10,-0.15875087569414587,14
3534,4,51,7,25,-0.16136746029798163,26
3535,68,29,17,14,-0.1620662997587079,15
3536,86,80,13,42,-0.16497427756503852,38
3537,100,28,106,15,-0.16775562442334394,13
3538,9,50,51,26,-0.1707745155048177,24
3539,106,47,11,21,-0.17225906773687602,26
3540,8,33,71,16,-0.17759312635004632,17
3541,41,23,70,10,-0.17939581625614923,13
3542,68,21,57,11,-0.18037142195148922,10
3543,114,25,50,13,-0.18060110833646717,12
3544,65,15,44,9,-0.1835122660064091,6
3545,70,12,35,5,-0.18631436457958692,7
3546,112,21,19,10,-0.19051106403813386,11
3547,43,13,72,7,-0.1911351359250476,6
3548,72,18,112,9,-0.1936517175084139,9
3549,47,11,76,8,-0.19867773024409274,3
3550,40,48,63,25,-0.20172959340563568,23
3551,20,46,8,23,-0.20233157641516486,23
3552,74,13,33,7,-0.20465467586240804,6
3553,66,11,28,6,-0.20565986445168055,5
3554,100,11,6,5,-0.20965402679156797,6
3555,44,21,53,12,-0.2122113313421161,9
3556,107,99,7,45,-0.2137364856426742,54
3557,28,69,106,35,-0.21905675330440377,34
3558,96,50,87,26,-0.22380305623995211,24
3559,79,15,88,7,-0.2241315853361646,8
3560,17,13,91,6,-0.22543102910283103,7
3561,101,10,65,5,-0.2290613192590168,5
3562,65,109,13,56,-0.23104065225164797,53
3563,53,56,13,30,-0.23596481784004786,26
3564,93,10,39,5,-0.24650819188031967,5
3565,47,25,40,11,-0.24655985846699366,14
3566,11,47,27,24,-0.2465683298983892,23
3567,63,51,39,22,-0.24857629768876138,29
3568,108,11,17,6,-0.25064673927891384,5
3569,68,32,4,16,-0.2573095525279973,16
3570,88,36,71,20,-0.2575205357030929,16
3571,76,22,37,10,-0.26060953944428406,12
3572,114,22,43,10,-0.26405625020379236,12
3573,107,75,84,38,-0.2641091425459951,37
3574,38,11,36,7,-0.26679215079866964,4
3575,52,18,87,8,-0.26866049234300404,10
3576,39,77,7,37,-0.27491898597572295,40
3577,49,87,13,48,-0.27566807487151174,39
3578,5,18,53,10,-0.277821332967146,8
3579,70,20,7,12,-0.27895885562124184,8
3580,67,12,96,5,-0.279965012591097,7
3581,25,12,67,6,-0.2816428039469064,6
3582,109,43,87,23,-0.2816619596342532,20
3583,60,63,68,30,-0.28538797843058206,33
3584,11,66,39,34,-0.28668698765055506,32
3585,33,18,87,9,-0.2899071897038148,9
3586,25,17,27,8,-0.29129494741175216,9
3587,19,16,98,9,-0.2931159253816844,7
3588,38,17,51,9,-0.3030848850194272,8
3589,107,35,1,17,-0.30511491832295834,18
3590,111,19,23,8,-0.30722018824927033,11
3591,28,12,64,6,-0.30789275575683855,6
3592,53,48,60,23,-0.3118269913878375,25
3593,33,17,11,10,-0.3136369318401408,7
3594,69,22,114,12,-0.31706249889901467,10
3595,28,25,83,11,-0.3193130867023753,14
3596,62,27,27,13,-0.321583214439488,14
3597,2,34,86,16,-0.32232529406269944,18
3598,71,17,80,8,-0.3237123360021318,9
3599,57,23,55,13,-0.3255685631992851,10
3600,2,26,87,13,-0.32619162405938956,13
3601,64,17,108,9,-0.3288515928978421,8
3602,86,51,9,27,-0.33079004541123397,24
3603,106,20,83,9,-0.3316445649094112,11
3604,4,13,109,7,-0.3380907022892352,6
3605,69,12,17,6,-0.33992057730208786,6
3606,27,48,30,24,-0.34271530021081786,24
3607,51,41,53,20,-0.3439811842946886,21
3608,15,45,19,23,-0.34636498036347363,22
3609,5,10,49,5,-0.3484948933204407,5
3610,75,13,34,7,-0.35287672494658556,6
3611,63,49,68,25,-0.3537099268739361,24
3612,87,19,17,9,-0.3631074209821953,10
3613,90,11,43,6,-0.3643101985935495,5
3614,13,18,92,11,-0.3652174588156323,7
3615,28,26,95,14,-0.36814720179538646,12
3616,75,21,40,11,-0.3686371386700461,10
3617,54,14,103,6,-0.37115723437008213,8
3618,60,27,63,14,-0.37326617266532136,13
3619,84,18,14,10,-0.37783903496494253,8
3620,16,29,102,15,-0.3779583414469201,14
3621,97,22,70,10,-0.3783758219642562,12
3622,71,28,114,14,-0.3795577437704577,14
3623,78,12,79,6,-0.3858320784259109,6
3624,36,30,69,15,-0.3859879811009911,15
3625,76,17,95,9,-0.3896119374242386,8
3626,77,26,65,14,-0.38966705354800596,12
3627,65,89,7,42,-0.3900922503565505,47
3628,44,13,8,7,-0.3904420875789997,6
3629,84,14,102,7,-0.39120187443648013,7
3630,65,16,61,7,-0.3950505274193441,9
3631,20,15,104,7,-0.39743988488786003,8
3632,30,16,35,8,-0.4016415319429745,8
3633,28,86,107,45,-0.4042939385381554,41
3634,114,45,16,24,-0.4068130302568858,21
3635,79,18,50,9,-0.4091046493522828,9
3636,55,39,96,19,-0.40999901205957984,20
3637,86,33,31,16,-0.4107692180392426,17
3638,69,16,20,8,-0.41101517077835736,8
3639,84,34,54,17,-0.41443229680937554,17
3640,17,20,90,9,-0.41649406321270704,11
3641,38,14,5,7,-0.4168378546295618,7
3642,69,18,112,8,-0.41980133837250894,10
3643,7,32,49,17,-0.4218800909491176,15
3644,77,34,68,18,-0.4290365236127812,16
3645,78,23,29,12,-0.4291222097543134,11
3646,31,43,40,21,-0.4296271974626791,22
3647,60,39,3,20,-0.4368058982510076,19
3648,11,15,90,8,-0.4409004522210813,7
3649,9,11,80,4,-0.4439834453330448,7
3650,107,39,97,19,-0.4513498337115769,20
3651,55,56,87,28,-0.4549553607669829,28
3652,46,36,107,17,-0.45824631075625116,19
3653,21,11,65,5,-0.46273082007848837,6
3654,12,58,65,28,-0.462819528280173,30
3655,76,38,104,18,-0.4636043507636345,20
3656,34,20,65,11,-0.4667508304206642,9
3657,31,54,65,28,-0.4691388746969265,26
3658,18,60,7,29,-0.47486511569032075,31
3659,39,51,25,25,-0.4759465051184236,26
3660,20,23,30,12,-0.4766139020425556,11
3661,41,31,75,17,-0.47837138213253816,14
3662,74,28,95,15,-0.4784255086028221,13
3663,94,10,84,5,-0.4811703860633948,5
3664,13,46,109,24,-0.48203372286829943,22
3665,60,32,11,17,-0.4849062783922676,15
3666,19,61,16,33,-0.48748661839149815,28
3667,58,16,19,8,-0.4895753929310118,8
3668,97,12,62,6,-0.4900514031250112,6
3669,47,46,39,24,-0.4923043379361568,22
3670,93,24,86,12,-0.4923054375379694,12
3671,18,22,74,10,-0.4929022250899522,12
3672,39,75,86,36,-0.4955626848783326,39
3673,87,59,5,30,-0.49916697205470045,29
3674,31,35,88,17,-0.499980797609059,18
3675,91,13,90,7,-0.5003235284827329,6
3676,68,51,111,25,-0.5032623987050046,26
3677,7,41,54,21,-0.507241629203189,20
3678,9,18,4,9,-0.5118055197130339,9
3679,51,20,112,10,-0.5141422831615127,10
3680,66,10,112,6,-0.5146742754382657,4
3681,78,27,84,14,-0.515972418387299,13
3682,106,22,30,11,-0.5189588569615399,11
3683,83,18,60,9,-0.5212906629660219,9
3684,28,19,73,9,-0.5214155246375576,10
3685,65,51,60,23,-0.5216529175374918,28
3686,27,14,74,6,-0.5219215520059651,8
3687,77,24,4,12,-0.5234491201479351,12
3688,6,20,107,10,-0.528810542873795,10
3689,17,18,11,9,-0.5333410210662319,9
3690,109,15,78,7,-0.5357082430651562,8
3691,19,16,8,8,-0.5381116060153395,8
3692,94,20,41,11,-0.5383397062160086,9
3693,1,10,106,5,-0.5396528610114302,5
3694,8,36,50,17,-0.5398388863137724,19
3695,54,29,64,14,-0.5456745481805153,15
3696,16,27,98,14,-0.5462850233229247,13
3697,51,32,23,16,-0.5473097590485466,16
3698,7,17,92,10,-0.5480230211986107,7
3699,65,74,68,37,-0.5506001841763739,37
3700,65,94,86,45,-0.551863412194435,49
3701,54,49,5,26,-0.5526115688513301,23
3702,86,53,95,29,-0.5540869121526232,24
3703,41,20,46,11,-0.5567343104251291,9
3704,2,10,83,5,-0.559439726515081,5
3705,109,27,60,14,-0.560809774674232,13
3706,43,16,37,9,-0.5623554718266468,7
3707,78,13,71,7,-0.5661963238744554,6
3708,71,15,69,7,-0.5724150990318926,8
3709,7,40,114,21,-0.5741553045041317,19
3710,87,32,46,18,-0.5771141288489547,14
3711,86,35,80,18,-0.5771607275339606,17
3712,84,18,90,9,-0.5795253040496205,9
3713,51,30,47,14,-0.5820326521668411,16
3714,11,24,12,11,-0.583204394444102,13
3715,112,28,63,14,-0.5834223269951164,14
3716,20,24,55,12,-0.5874553964616281,12
3717,36,13,76,9,-0.5885035889042698,4
3718,3,24,55,12,-0.5910345457593053,12
3719,78,25,65,14,-0.5972758077920014,11
3720,23,10,71,6,-0.6000287508458257,4
3721,12,10,111,4,-0.6003907747378741,6
3722,106,32,71,17,-0.6009609652453869,15
3723,34,15,63,8,-0.6010869874219955,7
3724,100,51,30,25,-0.6041121088815694,26
3725,16,31,111,15,-0.6048643985902039,16
3726,70,16,91,9,-0.6063303701253777,7
3727,69,42,51,22,-0.6101979768400001,20
3728,39,68,87,35,-0.6125718981179344,33
3729,11,55,28,29,-0.616199549727456,26
3730,58,22,31,11,-0.6168553703735028,11
3731,38,12,40,7,-0.6179079194784384,5
3732,71,33,36,16,-0.6241330409639598,17
3733,74,42,54,21,-0.6253470328077771,21
3734,37,40,65,19,-0.6273579146862459,21
3735,84,30,109,16,-0.6283430275726458,14
3736,29,20,38,10,-0.6286324723530289,10
3737,1,23,60,12,-0.6297573562891176,11
3738,12,27,18,13,-0.6303488190416867,14
3739,47,30,87,15,-0.6310013424305154,15
3740,64,28,4,15,-0.6316212138641698,13
3741,30,36,54,18,-0.6319788479058399,18
3742,20,34,13,18,-0.6324978295967559,16
3743,16,29,33,13,-0.6325119131101445,16
3744,20,16,93,9,-0.6327174645108351,7
3745,48,11,43,5,-0.6335452834733647,6
3746,36,17,111,9,-0.6365354853619557,8
3747,41,25,25,11,-0.6394054706376676,14
3748,69,15,85,8,-0.6408165415497269,7
3749,109,10,2,5,-0.6444253237530958,5
3750,60,66,107,33,-0.6466200063575402,33
3751,84,28,65,14,-0.6478183306385067,14
3752,78,32,63,17,-0.6511427448806526,15
3753,65,65,39,31,-0.6541315550544982,34
3754,12,23,23,12,-0.6683929234960122,11
3755,66,13,9,6,-0.673737677847826,7
3756,38,10,50,6,-0.675293514097801,4
3757,79,13,29,8,-0.6757838864896706,5
3758,39,39,50,20,-0.6773303120820158,19
3759,3,16,79,7,-0.678818732592888,9
3760,23,14,109,7,-0.6795387556597896,7
3761,25,19,18,9,-0.6816652439852758,10
3762,76,30,8,16,-0.6822031764790518,14
3763,27,75,68,39,-0.6873238062883661,36
3764,48,17,88,10,-0.689025055934672,7
3765,11,27,69,13,-0.6919460086860751,14
3766,85,19,100,10,-0.6921450091110364,9
3767,93,17,11,7,-0.6934063282822591,10
3768,43,30,3,16,-0.6945065447681108,14
3769,74,15,90,9,-0.6948431634826367,6
3770,39,11,61,5,-0.6964131355147433,6
3771,91,11,38,6,-0.7003822911270713,5
3772,86,60,50,29,-0.7047454434688808,31
3773,87,25,103,14,-0.7049312985026178,11
3774,54,20,41,10,-0.7052079558025968,10
3775,51,64,55,33,-0.7052787365416385,31
3776,29,23,94,12,-0.7057962050625216,11
3777,86,71,68,35,-0.7070864651977493,36
3778,27,18,106,11,-0.7074485049679552,7
3779,39,37,57,18,-0.709053708192349,19
3780,3,13,97,7,-0.7099885191404633,6
3781,12,37,51,19,-0.710191678656004,18
3782,71,18,43,8,-0.71222852771467,10
3783,28,13,82,6,-0.7153587234866207,7
3784,40,18,61,9,-0.7154895706830816,9
3785,79,21,34,12,-0.7201940806784467,9
3786,65,40,15,21,-0.7235944137426212,19
3787,17,24,8,12,-0.7243993806611906,12
3788,27,19,81,10,-0.7248890061970974,9
3789,109,20,49,10,-0.7270267076148585,10
3790,4,10,57,6,-0.7276499847388465,4
3791,96,10,71,5,-0.7278695572627789,5
3792,99,13,27,6,-0.7284055341482082,7
3793,27,13,33,7,-0.7289108112107213,6
3794,84,18,91,9,-0.7314185268120208,9
3795,5,41,95,20,-0.7316066534315533,21
3796,112,22,9,12,-0.7326551262265775,10
3797,86,77,40,41,-0.7352757671814375,36
3798,63,40,5,18,-0.7358500176759462,22
3799,89,18,50,10,-0.7372362100871707,8
3800,106,43,50,21,-0.738942307634008,22
3801,15,24,25,11,-0.7394428200536295,13
3802,108,12,7,7,-0.7404080910313952,5
3803,86,24,94,12,-0.7404864736135107,12
3804,84,27,37,14,-0.7406944026942689,13
3805,64,22,38,11,-0.741675899909911,11
3806,74,13,36,8,-0.743717573303844,5
3807,78,32,11,15,-0.7439751541430462,17
3808,84,24,46,13,-0.7446057703540011,11
3809,13,15,14,9,-0.751185424264851,6
3810,20,83,86,43,-0.7625493429797979,40
3811,109,58,28,31,-0.7644849013466701,27
3812,50,15,58,7,-0.7660630045931228,8
3813,15,25,104,13,-0.7673608753763793,12
3814,93,20,97,10,-0.7717644600090567,10
3815,40,40,16,21,-0.774301700167752,19
3816,69,32,88,17,-0.7753807063240767,15
3817,99,22,87,12,-0.7762165713325071,10
3818,28,51,13,26,-0.7790491963091725,25
3819,109,20,48,11,-0.7860713609857799,9
3820,104,18,4,8,-0.7872554057904768,10
3821,38,15,80,7,-0.7882565864146641,8
3822,18,29,77,16,-0.788355104031484,13
3823,33,14,75,8,-0.7900898585820659,6
3824,89,16,28,9,-0.7901986413516622,7
3825,88,22,2,11,-0.7956469041111237,11
3826,62,11,98,6,-0.7995773049352679,5
3827,78,18,41,10,-0.8039593627471286,8
3828,40,26,30,13,-0.8045580871786177,13
3829,40,14,56,7,-0.8062835825274064,7
3830,50,31,84,15,-0.8064114901977935,16
3831,79,16,7,8,-0.8085663274395147,8
3832,41,80,7,40,-0.8113607765595651,40
3833,88,73,87,35,-0.819083108431481,38
3834,20,27,74,13,-0.8203305748765273,14
3835,45,19,114,10,-0.8205689132017484,9
3836,95,15,84,8,-0.8218033746912378,7
3837,37,48,28,24,-0.8263140292594411,24
3838,106,12,29,6,-0.8264692442725535,6
3839,46,16,2,8,-0.8285194662826783,8
3840,98,14,60,7,-0.8439389777307166,7
3841,16,50,15,24,-0.8476566919095367,26
3842,95,15,33,8,-0.8491128905949189,7
3843,102,13,39,7,-0.8492100400200481,6
3844,11,38,65,19,-0.8512591605271699,19
3845,38,12,41,7,-0.851438988412223,5
3846,64,14,77,6,-0.8550421959375909,8
3847,114,10,10,6,-0.8617397018011254,4
3848,51,85,68,46,-0.8636071760652752,39
3849,43,25,41,13,-0.8640274273037507,12
3850,37,67,8,34,-0.8700084298071528,33
3851,84,17,60,7,-0.8716143564890693,10
3852,1,15,27,9,-0.8721383199452194,6
3853,15,47,13,23,-0.8757286594591233,24
3854,13,40,17,20,-0.8771877390861273,20
3855,88,21,83,10,-0.8798897555023183,11
3856,3,13,93,8,-0.8808947328421428,5
3857,69,19,9,10,-0.8879210172039286,9
3858,51,63,27,33,-0.8881383616064759,30
3859,70,24,39,13,-0.8958543413772146,11
3860,48,16,80,9,-0.8976680373453696,7
3861,74,17,68,10,-0.9001065237726515,7
3862,55,17,78,8,-0.9002458878614066,9
3863,50,14,62,8,-0.9017457082495504,6
3864,111,12,60,5,-0.9019980300500793,7
3865,14,11,112,5,-0.9022319115654427,6
3866,50,14,6,7,-0.9048960894988044,7
3867,75,35,36,16,-0.9076169876586756,19
3868,1,14,39,9,-0.9120351629887077,5
3869,68,38,15,21,-0.9158662466441888,17
3870,114,27,75,14,-0.9181862737012573,13
3871,113,14,86,8,-0.9183338417210523,6
3872,34,12,22,6,-0.9194054512388617,6
3873,3,29,9,15,-0.9194490367743472,14
3874,43,16,29,8,-0.9196986818795136,8
3875,40,29,18,17,-0.9358054757186769,12
3876,39,51,8,25,-0.939563300762841,26
3877,53,23,63,12,-0.9461903574638926,11
3878,107,93,8,45,-0.9469804998735963,48
3879,7,78,60,40,-0.951599528001069,38
3880,5,14,14,8,-0.9561035605846475,6
3881,103,11,106,5,-0.9583580547252434,6
3882,106,38,104,19,-0.9604760273979325,19
3883,57,15,64,8,-0.9686108755747862,7
3884,63,20,15,10,-0.9688742288483313,10
3885,87,52,63,28,-0.969466480560497,24
3886,16,37,103,18,-0.9715722241173584,19
3887,9,12,78,6,-0.9745877106891214,6
3888,62,10,70,5,-0.9747108971050856,5
3889,5,65,107,33,-0.9748363761521153,32
3890,102,15,68,8,-0.9774478191416376,7
3891,49,56,88,29,-0.9862691512442195,27
3892,107,32,69,17,-0.9867318989974738,15
3893,27,13,20,7,-0.9871413726704222,6
3894,88,33,43,18,-0.9947945347929833,15
3895,38,29,68,16,-0.9956485324900267,13
3896,17,37,37,21,-0.9978108601802036,16
3897,94,26,100,16,-0.9987902893174722,10
3898,41,34,57,17,-1.00006887405222,17
3899,93,11,114,5,-1.0049906589581687,6
3900,75,43,13,23,-1.0053644322647692,20
3901,88,12,45,7,-1.005819520359159,5
3902,57,16,60,8,-1.0104370368222435,8
3903,86,32,85,17,-1.0113399236982104,15
3904,28,52,87,26,-1.0126365910584707,26
3905,34,33,17,16,-1.0149650089394398,17
3906,18,41,107,19,-1.0183255345448867,22
3907,44,20,63,11,-1.0233184771026504,9
3908,37,53,51,30,-1.024933980807299,23
3909,97,33,2,17,-1.0254110764857562,16
3910,64,16,46,8,-1.031017738027724,8
3911,41,53,16,29,-1.0322107372740263,24
3912,3,14,45,7,-1.0349134798027073,7
3913,33,16,104,9,-1.037548645615811,7
3914,51,35,18,17,-1.0414861976482428,18
3915,13,60,4,32,-1.0440840904331994,28
3916,45,18,71,8,-1.050024616634439,10
3917,77,22,29,11,-1.0569920295375095,11
3918,18,24,30,12,-1.0579199601112548,12
3919,44,14,100,7,-1.059041314786415,7
3920,60,12,33,5,-1.0606676023612402,7
3921,3,32,88,17,-1.0621797128272317,15
3922,71,14,58,7,-1.067952436399428,7
3923,37,20,67,11,-1.0707700527635244,9
3924,97,16,9,7,-1.0715415510849833,9
3925,70,41,107,20,-1.0723253683389227,21
3926,97,19,64,10,-1.0748997556854094,9
3927,81,31,60,16,-1.076505088534958,15
3928,65,54,75,27,-1.0834874610355845,27
3929,17,15,15,7,-1.0855800690980348,8
3930,65,29,50,15,-1.0876879077972634,14
3931,74,13,40,7,-1.0901529369074696,6
3932,13,122,16,66,-1.0937232082910207,56
3933,106,39,70,19,-1.1024614638047292,20
3934,2,18,96,9,-1.1039761816908782,9
3935,45,19,40,10,-1.1043531225931214,9
3936,47,12,91,6,-1.104710696366028,6
3937,55,13,73,7,-1.1082443575059588,6
3938,13,45,50,23,-1.108472831409671,22
3939,6,16,51,9,-1.1096986250731458,7
3940,63,22,47,10,-1.110331531222611,12
3941,57,46,78,24,-1.1112398390600873,22
3942,109,16,40,9,-1.112646763896172,7
3943,86,19,33,9,-1.1129844538573441,10
3944,7,19,29,12,-1.1170674633929274,7
3945,18,13,27,6,-1.1211992327384528,7
3946,19,28,69,15,-1.1227446471060287,13
3947,16,81,11,46,-1.12337677136948,35
3948,31,26,3,12,-1.1304098830558946,14
3949,106,26,36,13,-1.1307287364062808,13
3950,45,20,64,11,-1.143150033869323,9
3951,33,10,17,5,-1.1464162819529045,5
3952,8,13,111,6,-1.1570953689507364,7
3953,23,16,104,7,-1.1585628201755829,9
3954,63,108,65,56,-1.1623875158855317,52
3955,74,14,12,7,-1.1676100167547812,7
3956,55,52,39,28,-1.1740266098053438,24
3957,77,12,33,6,-1.1756675735500604,6
3958,48,26,8,14,-1.1767574962584832,12
3959,96,31,76,17,-1.1853039288193825,14
3960,110,16,87,9,-1.1878037867151192,7
3961,37,36,88,19,-1.188834543043674,17
3962,41,12,48,6,-1.1910839111619829,6
3963,16,67,25,35,-1.193286529710067,32
3964,85,31,107,16,-1.1983111993424356,15
3965,46,15,3,7,-1.206477070713858,8
3966,97,33,25,17,-1.2112097532933461,16
3967,63,16,58,7,-1.211674081917942,9
3968,74,11,98,6,-1.2137114800422124,5
3969,41,17,55,9,-1.2209745250839963,8
3970,107,22,79,12,-1.2215901530488,10
3971,9,26,71,14,-1.2262156519313807,12
3972,107,88,51,50,-1.2335246266798194,38
3973,95,16,63,8,-1.233969730193377,8
3974,93,21,107,10,-1.2375139728583175,11
3975,31,25,71,13,-1.2380158081615502,12
3976,4,30,107,15,-1.2387516471106224,15
3977,55,16,108,9,-1.242512686909534,7
3978,29,38,16,19,-1.2448349982001037,19
3979,62,11,17,6,-1.2486647888480198,5
3980,18,21,3,12,-1.2496711785705863,9
3981,13,74,41,38,-1.251763682954914,36
3982,100,40,8,21,-1.2550832379425962,19
3983,16,15,73,7,-1.2607482082851342,8
3984,14,15,107,7,-1.262180496300674,8
3985,16,37,72,20,-1.2712098898077524,17
3986,1,11,71,5,-1.2732152302328004,6
3987,80,12,17,7,-1.2769817296361932,5
3988,107,59,96,32,-1.2779661064945946,27
3989,65,105,54,54,-1.2780833574082702,51
3990,35,22,88,11,-1.284113043358928,11
3991,74,53,16,28,-1.2870673809929654,25
3992,88,17,89,8,-1.2888997749635154,9
3993,99,19,51,9,-1.2892082407104553,10
3994,39,33,17,18,-1.2892467195770634,15
3995,74,22,2,12,-1.2925512141562505,10
3996,48,15,57,8,-1.2933503211639656,7
3997,98,18,50,10,-1.2936360808559442,8
3998,43,37,51,18,-1.2941846087355031,19
3999,8,22,7,12,-1.2952715014492404,10
4000,13,44,5,23,-1.3023509853743016,21
4001,11,50,63,29,-1.3058923787126548,21
4002,64,11,84,7,-1.3059634387921004,4
4003,114,28,41,14,-1.307338108043571,14
4004,58,28,9,15,-1.3102681358219028,13
4005,9,52,68,27,-1.3104638696206783,25
4006,17,38,65,22,-1.3107276954105338,16
4007,65,32,112,16,-1.312297716343952,16
4008,40,11,94,6,-1.3131730085845184,5
4009,23,21,54,11,-1.3133138976413505,10
4010,51,12,32,6,-1.314434714983353,6
4011,80,18,74,9,-1.3199661328668575,9
4012,41,33,18,16,-1.325098972830657,17
4013,87,27,12,15,-1.3278353834684424,12
4014,81,13,108,7,-1.3379621241230497,6
4015,54,49,39,25,-1.3384616724370857,24
4016,23,10,6,5,-1.3385415186806267,5
4017,84,25,34,13,-1.3462587503063752,12
4018,63,72,107,34,-1.3468604650887521,38
4019,40,17,108,8,-1.3479697301696822,9
4020,88,37,97,19,-1.3490743629309028,18
4021,81,14,30,7,-1.3508923221630345,7
4022,87,17,111,9,-1.3561671479223416,8
4023,74,12,112,6,-1.3616749140437368,6
4024,30,26,25,12,-1.3633847180345777,14
4025,76,47,106,22,-1.3637390504385927,25
4026,49,34,76,18,-1.3676760689556282,16
4027,48,10,75,5,-1.3711471542080287,5
4028,35,13,13,7,-1.3712745168342089,6
4029,55,66,86,35,-1.3714897734674971,31
4030,41,51,39,25,-1.372500567882371,26
4031,62,15,55,8,-1.3800432063216195,7
4032,41,30,106,15,-1.3806292559177735,15
4033,7,31,95,17,-1.3809406634768695,14
4034,107,63,11,34,-1.381388350123713,29
4035,3,61,87,32,-1.3817700433345628,29
4036,29,11,36,5,-1.3837445576600587,6
4037,9,13,91,7,-1.3946381880594534,6
4038,44,12,75,7,-1.3998373775330364,5
4039,95,17,70,8,-1.4011695857654913,9
4040,64,36,87,18,-1.4019068150674143,18
4041,107,44,78,24,-1.4031357697454565,20
4042,9,25,46,12,-1.4052752923291365,13
4043,71,20,12,10,-1.4059148964814152,10
4044,62,29,100,14,-1.4095954922785314,15
4045,72,11,66,6,-1.416761062195627,5
4046,3,69,86,36,-1.419294726826918,33
4047,53,11,1,6,-1.4196819324858239,5
4048,107,71,39,36,-1.4213447412032612,35
4049,55,23,71,11,-1.421958484011042,12
4050,45,35,36,16,-1.4232731245081227,19
4051,103,12,77,6,-1.4351835204848122,6
4052,25,28,50,14,-1.4391705454909016,14
4053,97,21,20,10,-1.4395279608818727,11
4054,69,33,65,17,-1.4425642416495137,16
4055,62,29,39,16,-1.4474002147033358,13
4056,48,21,39,12,-1.4474709554841445,9
4057,63,55,106,28,-1.4485566818099482,27
4058,13,73,39,39,-1.450285772990475,34
4059,27,41,12,23,-1.4555506897092887,18
4060,83,23,25,13,-1.459720188055496,10
4061,47,21,31,11,-1.4606130980712662,10
4062,50,14,83,6,-1.4615488081136987,8
4063,51,64,40,33,-1.4624658901194143,31
4064,3,24,71,13,-1.4668209780059573,11
4065,69,13,6,6,-1.4672562795661197,7
4066,7,24,35,12,-1.4676220715119415,12
4067,32,17,11,8,-1.4729852723414758,9
4068,43,20,106,10,-1.474165054679951,10
4069,63,15,73,7,-1.4760785674332912,8
4070,79,17,103,9,-1.4762996181953623,8
4071,69,20,109,10,-1.4769023355605448,10
4072,84,10,68,6,-1.4788993773509191,4
4073,39,50,15,28,-1.4828243918285056,22
4074,71,74,60,39,-1.4843115108657061,35
4075,62,17,76,9,-1.4886483429037691,8
4076,88,22,77,11,-1.4907823177695663,11
4077,11,16,112,8,-1.4950492246382485,8
4078,25,47,107,24,-1.4967278623744356,23
4079,5,52,46,28,-1.4974094901037482,24
4080,63,34,9,18,-1.4983458266579128,16
4081,50,31,17,15,-1.49970720548843,16
4082,60,15,89,7,-1.5029729729841084,8
4083,50,25,27,15,-1.5040884605682712,10
4084,27,29,64,15,-1.5066564848276949,14
4085,55,12,46,7,-1.514859018089955,5
4086,61,22,3,14,-1.52003799809277,8
4087,37,14,35,7,-1.523131742310598,7
4088,76,17,3,9,-1.5249357900982534,8
4089,27,66,13,34,-1.5277775268373521,32
4090,84,20,114,11,-1.52828266290098,9
4091,81,15,64,8,-1.5315551836921653,7
4092,53,13,29,8,-1.5317670028644754,5
4093,11,21,94,10,-1.5369194320927224,11
4094,86,10,22,5,-1.5381482899799153,5
4095,50,19,43,11,-1.543424112881611,8
4096,74,61,107,33,-1.5445233108407423,28
4097,27,30,63,17,-1.5482939869847547,13
4098,102,25,57,13,-1.548376076980684,12
4099,11,20,80,10,-1.553265227546683,10
4100,55,44,75,25,-1.5547955200380577,19
4101,15,19,64,9,-1.5585187752284793,10
4102,106,26,109,13,-1.5621072878912867,13
4103,111,14,9,7,-1.5621342613374538,7
4104,54,68,50,35,-1.5636701794042414,33
4105,88,79,8,41,-1.565686635365358,38
4106,86,100,106,52,-1.5692663469089445,48
4107,78,27,30,14,-1.569607458561736,13
4108,41,43,63,23,-1.570459310802143,20
4109,88,34,96,17,-1.575548976259807,17
4110,90,22,55,10,-1.578656952498874,12
4111,100,12,58,6,-1.5819008855655043,6
4112,61,20,88,12,-1.5819478875432604,8
4113,25,15,2,7,-1.5845186001024019,8
4114,62,23,49,13,-1.5851399264471626,10
4115,98,12,57,6,-1.5879671477075024,6
4116,75,11,14,6,-1.594721022285632,5
4117,60,33,18,17,-1.5967719343018119,16
4118,79,20,28,10,-1.6049020016645688,10
4119,54,56,46,29,-1.6114239899738896,27
4120,69,29,30,15,-1.6139022710932374,14
4121,13,32,38,15,-1.6143148990855232,17
4122,102,16,3,8,-1.6144383098658022,8
4123,18,19,81,10,-1.6163568658399634,9
4124,87,17,44,9,-1.6239279411647838,8
4125,72,31,13,15,-1.6241775993144314,16
4126,86,28,35,16,-1.6302927109086072,12
4127,68,18,6,8,-1.6346986227731553,10
4128,49,10,102,6,-1.6394569107680623,4
4129,88,59,41,32,-1.639787437624219,27
4130,68,41,30,21,-1.639799876413629,20
4131,38,34,86,18,-1.6422594839902307,16
4132,66,14,86,7,-1.6453880931803606,7
4133,68,23,36,12,-1.6511686348202665,11
4134,76,33,50,15,-1.6543169040864105,18
4135,108,30,16,17,-1.6626498006317656,13
4136,74,47,37,24,-1.6628163329711265,23
4137,48,19,106,10,-1.6634533717988316,9
4138,17,16,85,9,-1.6640468368595824,7
4139,9,16,81,8,-1.6671416814909092,8
4140,33,19,54,11,-1.6683853925492647,8
4141,60,48,87,24,-1.6692465502528933,24
4142,112,17,17,9,-1.6709980493790124,8
4143,31,28,45,15,-1.6710870406691087,13
4144,7,45,63,27,-1.6735738766299244,18
4145,50,14,23,9,-1.6739476096476136,5
4146,64,18,17,10,-1.674226151428344,8
4147,106,40,55,22,-1.6835382667235002,18
4148,86,73,109,38,-1.6913643985608573,35
4149,28,59,88,32,-1.691739512223794,27
4150,5,64,28,33,-1.6933141899778517,31
4151,23,15,36,6,-1.6972875274185715,9
4152,102,16,20,8,-1.6989391239814924,8
4153,57,15,85,8,-1.7034495534090752,7
4154,37,10,48,5,-1.703593750319215,5
4155,71,28,62,14,-1.7107847940783525,14
4156,107,31,98,16,-1.7124892646076513,15
4157,83,24,104,14,-1.7171480590838843,10
4158,45,15,63,8,-1.7260545689947928,7
4159,107,35,17,18,-1.7269738989467145,17
4160,28,10,77,5,-1.7274479044716362,5
4161,77,20,109,10,-1.7279763913588915,10
4162,57,60,16,33,-1.7284522030923062,27
4163,68,13,32,8,-1.7311662598089228,5
4164,75,19,70,9,-1.7314858975507368,10
4165,96,38,106,21,-1.7318320126651903,17
4166,44,27,16,15,-1.7334648777380297,12
4167,106,19,48,10,-1.7335189393534853,9
4168,88,37,36,21,-1.7392851936744331,16
4169,6,11,18,6,-1.7414584600944745,5
4170,36,33,60,17,-1.7416473627060742,16
4171,43,21,104,12,-1.750605109142023,9
4172,70,26,84,14,-1.7530345342228948,12
4173,11,61,8,32,-1.7536827183689407,29
4174,110,11,88,5,-1.7642228121429868,6
4175,43,18,68,9,-1.7652060939878167,9
4176,69,21,50,10,-1.7758250016074644,11
4177,90,25,37,13,-1.7816453937181784,12
4178,8,20,29,12,-1.7818268121537415,8
4179,100,13,61,7,-1.7880372053867668,6
4180,46,27,97,14,-1.7888516310768021,13
4181,48,19,20,11,-1.7888857426975089,8
4182,47,25,65,13,-1.7906040954239375,12
4183,39,35,114,17,-1.7909993968165123,18
4184,12,17,50,7,-1.7913208672004057,10
4185,102,33,54,17,-1.796747473799329,16
4186,103,10,63,6,-1.799391808148131,4
4187,16,50,112,26,-1.7995643538534825,24
4188,31,34,51,20,-1.8036645224364214,14
4189,86,57,70,31,-1.8046372203949796,26
4190,25,22,36,11,-1.8071440138268584,11
4191,112,32,13,16,-1.8090394068654707,16
4192,111,18,40,9,-1.8104998545748818,9
4193,86,56,57,29,-1.820652845368583,27
4194,99,13,102,7,-1.8212893413036864,6
4195,114,13,44,7,-1.8263733365516708,6
4196,114,15,11,7,-1.8276036019184323,8
4197,13,29,74,15,-1.8278354237299068,14
4198,90,23,88,13,-1.8344778390431937,10
4199,96,38,84,19,-1.835648682700679,19
4200,20,30,114,16,-1.839540566254475,14
4201,76,27,30,15,-1.8425803619698329,12
4202,88,25,19,12,-1.8450287055712715,13
4203,97,22,53,12,-1.8492466822191078,10
4204,61,20,13,12,-1.8534850314433573,8
4205,72,26,86,14,-1.8551879305492986,12
4206,5,95,37,49,-1.865428870342572,46
4207,47,13,53,7,-1.8674520504863439,6
4208,48,19,60,10,-1.868377497336699,9
4209,8,41,2,21,-1.8848654476169693,20
4210,13,108,68,57,-1.8849483625328238,51
4211,30,16,96,9,-1.8850748786904887,7
4212,64,23,25,12,-1.8857238852847689,11
4213,106,35,20,19,-1.890590591428699,16
4214,98,12,85,7,-1.89296376158292,5
4215,99,27,55,15,-1.895072402151854,12
4216,28,67,8,36,-1.9053784571291421,31
4217,88,21,12,11,-1.9079727374799846,10
4218,1,38,68,20,-1.9099752765436673,18
4219,17,11,110,6,-1.9155371371930654,5
4220,106,32,97,16,-1.9159665785715099,16
4221,76,11,99,5,-1.9173589523208336,6
4222,64,43,53,23,-1.9214578200473016,20
4223,88,56,55,32,-1.9221308051774746,24
4224,70,32,104,17,-1.9224071285610191,15
4225,79,10,9,6,-1.9224211679655938,4
4226,50,40,63,22,-1.9230864117365445,18
4227,18,21,114,11,-1.923577249757447,10
4228,28,89,16,48,-1.9239787295163941,41
4229,54,28,17,14,-1.9259736473512514,14
4230,77,14,112,9,-1.9274227703875833,5
4231,40,19,70,11,-1.9276789997691202,8
4232,109,35,104,18,-1.92892724137796,17
4233,97,14,23,7,-1.9330528734436563,7
4234,98,10,32,5,-1.9380052263831622,5
4235,7,49,71,24,-1.9387153694352766,25
4236,104,13,110,8,-1.9388474450810558,5
4237,31,14,23,8,-1.9392936999416424,6
4238,55,20,25,11,-1.9429576796619947,9
4239,94,15,33,8,-1.9451389474962029,7
4240,55,90,8,45,-1.947129549305828,45
4241,64,34,36,17,-1.9485056781764598,17
4242,57,34,27,17,-1.953476656636175,17
4243,86,30,19,15,-1.9572349198961245,15
4244,35,11,50,6,-1.9581460146246743,5
4245,33,14,39,7,-1.9600955952261445,7
4246,84,42,87,23,-1.9615694257244276,19
4247,97,11,80,6,-1.9631828964682223,5
4248,112,24,41,13,-1.964220147900722,11
4249,70,49,16,27,-1.9664047334731969,22
4250,3,22,23,12,-1.9704853033748784,10
4251,35,10,54,6,-1.9706076038783524,4
4252,70,31,88,17,-1.9762934359596291,14
4253,53,28,95,17,-1.9769373995573178,11
4254,79,12,100,7,-1.9822381822120878,5
4255,25,38,28,22,-1.983389891159918,16
4256,4,15,30,8,-1.9875071363114745,7
4257,4,19,53,10,-1.987694792892672,9
4258,88,15,85,8,-1.9929645574579284,7
4259,112,15,104,8,-1.9939359727925703,7
4260,74,26,114,13,-1.997597253168688,13
4261,27,11,66,6,-1.9992664520674241,5
4262,87,32,75,17,-2.0004298974911783,15
4263,97,22,83,10,-2.007636873207568,12
4264,76,15,103,7,-2.0116582341491567,8
4265,86,47,23,25,-2.0116860012086675,22
4266,102,29,16,15,-2.0125036552898954,14
4267,12,21,88,11,-2.0143660264494705,10
4268,70,29,68,15,-2.015118158104638,14
4269,27,46,41,26,-2.0152493875384536,20
4270,37,14,69,7,-2.015512849900142,7
4271,60,11,93,7,-2.018629631632218,4
4272,90,37,8,21,-2.01946478207178,16
4273,17,27,114,16,-2.021159075364869,11
4274,60,26,90,15,-2.0244178494313436,11
4275,107,53,50,27,-2.025793662275194,26
4276,13,11,32,6,-2.026181507027533,5
4277,8,85,86,42,-2.026979224114562,43
4278,114,14,91,7,-2.031242634143396,7
4279,13,25,33,13,-2.031483396821485,12
4280,34,11,112,6,-2.0324399383154277,5
4281,104,41,8,22,-2.032634893277436,19
4282,17,21,104,11,-2.0345116655508884,10
4283,88,59,40,32,-2.0357313010299647,27
4284,88,21,93,12,-2.047097578055207,9
4285,11,58,87,33,-2.0513268426086326,25
4286,104,56,88,31,-2.0522336100675984,25
4287,60,20,62,10,-2.059758878798644,10
4288,107,69,27,38,-2.0628341313925933,31
4289,50,12,94,7,-2.06732591518685,5
4290,23,20,27,10,-2.072262837137012,10
4291,63,10,82,5,-2.0779758612966877,5
4292,65,47,74,24,-2.0847963525870905,23
4293,51,14,44,9,-2.0848742289559725,5
4294,68,43,64,25,-2.0864244028015873,18
4295,11,18,40,9,-2.089442100461012,9
4296,8,74,54,42,-2.089621958137288,32
4297,8,22,97,11,-2.094799206270941,11
4298,55,34,83,17,-2.0962093979720193,17
4299,79,18,84,9,-2.0988599029371886,9
4300,86,120,107,64,-2.1006252645807835,56
4301,23,19,112,11,-2.1018527652621195,8
4302,107,32,108,17,-2.10558050439271,15
4303,94,28,68,15,-2.1065110625469554,13
4304,13,38,57,19,-2.1070868819342956,19
4305,25,11,69,6,-2.112059751085246,5
4306,65,87,87,46,-2.1137956539275025,41
4307,72,17,7,9,-2.1143024060967655,8
4308,70,11,53,6,-2.117480208536356,5
4309,63,24,49,12,-2.1212323385530327,12
4310,9,62,7,31,-2.1219031094822904,31
4311,114,32,102,18,-2.1240842876015074,14
4312,3,39,12,22,-2.125416973361512,17
4313,22,15,109,8,-2.1320922156911606,7
4314,61,12,2,7,-2.133108515807601,5
4315,74,30,11,16,-2.13476100803091,14
4316,30,20,7,9,-2.135688474905444,11
4317,84,20,10,11,-2.1368540059137278,9
4318,51,64,3,32,-2.1369691563906166,32
4319,68,17,81,9,-2.1370452313390267,8
4320,86,75,30,42,-2.1389354535825915,33
4321,39,39,71,21,-2.140211900940766,18
4322,69,11,55,6,-2.141856565606558,5
4323,49,11,89,6,-2.1552213251273216,5
4324,86,14,6,8,-2.158350497876565,6
4325,98,16,55,9,-2.1617935333932956,7
4326,29,11,12,6,-2.1635205735103518,5
4327,53,13,23,7,-2.1639220781507644,6
4328,68,46,41,24,-2.171804807510052,22
4329,93,16,84,8,-2.173203038685071,8
4330,11,30,30,16,-2.1759327888687228,14
4331,100,10,52,6,-2.1822522154052866,4
4332,74,64,8,36,-2.1866220406514896,28
4333,54,10,31,5,-2.1866689261471493,5
4334,27,31,8,16,-2.189115216838179,15
4335,47,13,19,7,-2.1915786077930717,6
4336,40,33,41,17,-2.193580777269949,16
4337,106,35,68,19,-2.1936858069827965,16
4338,40,75,7,42,-2.1957521283064807,33
4339,16,72,104,39,-2.198861242302897,33
4340,49,10,96,5,-2.201359601705883,5
4341,90,36,16,18,-2.2014934680529152,18
4342,27,27,75,15,-2.203651126537084,12
4343,96,50,5,28,-2.21142719225076,22
4344,51,12,93,6,-2.216632142916852,6
4345,62,11,72,6,-2.217469660829094,5
4346,98,14,18,6,-2.2211477971408065,8
4347,99,13,98,6,-2.22125816779338,7
4348,12,11,112,5,-2.224733688615062,6
4349,39,43,75,21,-2.225217366532354,22
4350,25,16,90,9,-2.226157693683706,7
4351,74,27,20,15,-2.230377352624161,12
4352,65,18,46,11,-2.232998478058102,7
4353,16,78,54,41,-2.2330589924227278,37
4354,20,14,18,8,-2.233452860395892,6
4355,114,26,4,13,-2.2345648368573685,13
4356,48,17,27,10,-2.2349641271706258,7
4357,107,61,68,31,-2.2392858218745864,30
4358,49,21,64,12,-2.2416010602386143,9
4359,13,65,104,35,-2.2428038741485192,30
4360,27,10,70,5,-2.243263258457554,5
4361,4,38,88,20,-2.24592170041755,18
4362,69,36,87,21,-2.24685081086476,15
4363,50,22,34,11,-2.2486274008584752,11
4364,83,11,63,7,-2.251852755522098,4
4365,25,30,95,16,-2.25397314365567,14
4366,41,13,74,6,-2.254565024803335,7
4367,106,62,87,32,-2.262204101784014,30
4368,3,23,109,12,-2.262800410189072,11
4369,88,45,106,26,-2.2639858690375605,19
4370,42,11,87,6,-2.267067713255768,5
4371,7,12,85,7,-2.267272935114745,5
4372,96,66,28,35,-2.2674069446039327,31
4373,31,10,61,5,-2.2696136748473594,5
4374,68,108,7,58,-2.2702884441480373,50
4375,11,47,50,25,-2.2760239537437803,22
4376,46,60,11,32,-2.2786375815091913,28
4377,69,12,77,6,-2.2797993708458972,6
4378,40,47,9,26,-2.2806450266015688,21
4379,65,19,48,9,-2.2816603054261098,10
4380,81,10,38,5,-2.2819621266449897,5
4381,84,88,86,44,-2.284433513190378,44
4382,112,36,107,18,-2.2856893291686893,18
4383,88,26,81,14,-2.2857834835265276,12
4384,4,13,106,6,-2.287883468044352,7
4385,112,38,86,21,-2.2924646864380605,17
4386,5,24,100,13,-2.2932427434044693,11
4387,7,20,80,11,-2.2986689861273333,9
4388,57,10,74,5,-2.298807753723943,5
4389,32,21,86,11,-2.2989864902239,10
4390,112,24,87,12,-2.29999509507633,12
4391,95,26,60,14,-2.3000350580848172,12
4392,87,33,15,17,-2.3032412625597716,16
4393,70,28,63,15,-2.3099114645774366,13
4394,37,23,57,12,-2.3105129908375908,11
4395,63,31,71,17,-2.3112629873314643,14
4396,96,58,8,31,-2.3139911898201158,27
4397,91,32,88,17,-2.315767764685103,15
4398,102,21,104,10,-2.320627297470276,11
4399,103,10,8,6,-2.3245085117289825,4
4400,42,10,72,6,-2.3285230567907305,4
4401,5,51,109,26,-2.3285813949081646,25
4402,53,28,25,14,-2.3301510854690832,14
4403,38,12,114,6,-2.3415263774379937,6
4404,109,29,76,17,-2.3483387187433746,12
4405,43,50,16,28,-2.3507433165143348,22
4406,31,36,4,21,-2.3535355966794675,15
4407,33,12,99,7,-2.354570382478156,5
4408,109,14,96,8,-2.3566759619593642,6
4409,97,14,100,8,-2.3583259709010784,6
4410,88,44,64,25,-2.359083003612554,19
4411,5,23,99,12,-2.3616219022642833,11
4412,97,13,49,8,-2.3668261814242064,5
4413,50,24,40,14,-2.3671440474550494,10
4414,74,42,87,23,-2.367821719051128,19
4415,63,32,25,16,-2.368826537360261,16
4416,55,31,53,17,-2.372089532662412,14
4417,15,21,72,10,-2.3749505451265303,11
4418,104,44,39,24,-2.3751154073426832,20
4419,22,11,51,6,-2.3756967454119193,5
4420,12,29,49,12,-2.375753597057763,17
4421,107,40,71,23,-2.3760609676092477,17
4422,112,14,8,8,-2.379829723910836,6
4423,51,33,50,17,-2.382850969710936,16
4424,56,13,75,8,-2.3840139649043506,5
4425,104,25,96,14,-2.3866419839158355,11
4426,71,21,4,13,-2.3871750117365993,8
4427,95,40,104,22,-2.389034218387607,18
4428,48,13,23,7,-2.3894452247322278,6
4429,45,22,16,13,-2.3925466679441407,9
4430,51,37,20,18,-2.3967661114188865,19
4431,109,21,97,11,-2.398141101921527,10
4432,28,38,46,22,-2.3990178798165633,16
4433,98,15,114,8,-2.3992721750256893,7
4434,80,26,20,14,-2.4033351571638573,12
4435,66,13,106,8,-2.407503356329986,5
4436,16,46,78,25,-2.4095230161360495,21
4437,54,63,87,35,-2.4105345598197334,28
4438,93,33,8,17,-2.4111455321691304,16
4439,92,11,65,6,-2.411285975254871,5
4440,28,28,60,13,-2.412225021834092,15
4441,81,24,107,13,-2.4141594134658964,11
4442,94,19,28,11,-2.414960475317553,8
4443,68,68,88,37,-2.41540746689305,31
4444,86,28,108,16,-2.416374005048123,12
4445,99,11,109,6,-2.419517402501058,5
4446,19,41,43,22,-2.422134068827929,19
4447,4,23,55,12,-2.4222288362060125,11
4448,9,56,88,30,-2.4233671798250107,26
4449,19,40,54,23,-2.424520710409421,17
4450,96,17,3,9,-2.432078371197564,8
4451,75,20,91,7,-2.4323694332612673,13
4452,51,19,14,12,-2.4338441230915153,7
4453,102,24,109,13,-2.4374588964673864,11
4454,47,15,64,9,-2.441201731533323,6
4455,50,10,32,4,-2.4440541907162716,6
4456,61,15,63,9,-2.4454100802634517,6
4457,12,24,16,13,-2.453563264047318,11
4458,51,53,8,28,-2.455772911290401,25
4459,3,45,68,23,-2.458275524425395,22
4460,86,17,110,9,-2.4597124602837575,8
4461,25,32,102,17,-2.4608896969250464,15
4462,1,17,17,9,-2.4627610735098764,8
4463,37,10,103,4,-2.465940588175405,6
4464,69,17,74,8,-2.466497282082454,9
4465,81,17,4,10,-2.467812477706327,7
4466,103,17,30,10,-2.4703689712282206,7
4467,20,20,17,11,-2.47595507024807,9
4468,11,22,29,12,-2.4776530411605795,10
4469,11,37,76,21,-2.481209953490073,16
4470,77,23,19,12,-2.4816175382976233,11
4471,43,34,27,18,-2.487486899178624,16
4472,111,11,18,6,-2.489910872635885,5
4473,11,21,64,13,-2.490493863054093,8
4474,111,37,65,21,-2.4964278491140752,16
4475,20,17,57,9,-2.4989361317601504,8
4476,67,13,84,6,-2.5007098745341834,7
4477,109,18,37,10,-2.5010134043415313,8
4478,78,42,86,22,-2.507883302246767,20
4479,27,35,29,20,-2.513976649329259,15
4480,36,15,12,8,-2.5163199425137495,7
4481,46,27,68,15,-2.520930145642676,12
4482,11,17,14,10,-2.5264878637219237,7
4483,4,18,39,10,-2.5267698999647226,8
4484,9,33,36,18,-2.527924078037467,15
4485,30,19,99,11,-2.5303882936847786,8
4486,107,15,44,8,-2.5305445670994087,7
4487,17,29,7,16,-2.5320894413613915,13
4488,95,20,20,11,-2.5325274069422727,9
4489,65,35,97,19,-2.5397394280205696,16
4490,54,43,11,23,-2.540561631211796,20
4491,95,14,77,7,-2.5410335587352315,7
4492,20,40,88,20,-2.541950104212904,20
4493,38,22,60,11,-2.5449702313683376,11
4494,36,74,7,40,-2.54935875079736,34
4495,76,14,44,8,-2.550414193143335,6
4496,30,12,47,5,-2.551854085041667,7
4497,1,19,73,11,-2.5534291003907295,8
4498,15,28,49,14,-2.5643365274615744,14
4499,61,14,27,7,-2.57284080053487,7
4500,51,29,1,15,-2.5741193049184683,14
4501,47,10,62,6,-2.5775304802735826,4
4502,112,22,50,13,-2.578275791966446,9
4503,88,15,33,9,-2.581178022844095,6
4504,48,42,16,22,-2.5852222637676325,20
4505,18,33,86,19,-2.5923706641316473,14
4506,109,10,1,5,-2.592960677140225,5
4507,37,27,102,15,-2.5931875377695395,12
4508,107,90,65,48,-2.5935205793511154,42
4509,80,32,65,17,-2.5986356922004106,15
4510,103,15,43,9,-2.5988649430322988,6
4511,91,23,36,13,-2.600483205457647,10
4512,28,101,86,56,-2.605523566241804,45
4513,1,29,40,16,-2.608102727316189,13
4514,49,62,16,35,-2.6115342674254607,27
4515,107,33,94,20,-2.613370215138467,13
4516,64,28,75,15,-2.614396425436705,13
4517,89,10,39,6,-2.6189716831037586,4
4518,28,42,39,22,-2.623339407780362,20
4519,85,10,8,6,-2.6233679922969846,4
4520,8,33,23,18,-2.626483448480395,15
4521,54,13,110,7,-2.6358849029934492,6
4522,86,47,49,23,-2.64144375548164,24
4523,69,24,100,13,-2.641711217702834,11
4524,62,47,16,28,-2.6430497019703623,19
4525,5,60,16,35,-2.643518445682432,25
4526,20,20,19,10,-2.646933293157401,10
4527,36,13,57,8,-2.653116090105381,5
4528,88,29,92,16,-2.65412565592523,13
4529,68,32,19,18,-2.655929810520747,14
4530,89,13,51,7,-2.656220632059645,6
4531,27,24,40,11,-2.6563176029466598,13
4532,20,33,11,19,-2.658025854837769,14
4533,91,13,74,7,-2.658254293210725,6
4534,1,29,41,17,-2.6671220598664935,12
4535,60,62,51,37,-2.6680912544453945,25
4536,7,118,13,63,-2.6708973171944717,55
4537,44,17,25,9,-2.673535476281759,8
4538,12,10,48,6,-2.675775448389388,4
4539,88,66,60,37,-2.676500890728167,29
4540,5,25,39,13,-2.6791322172692884,12
4541,58,14,43,8,-2.6806335210316137,6
4542,107,21,93,12,-2.6848247910711387,9
4543,43,13,74,6,-2.684879666635042,7
4544,29,13,50,7,-2.685645621491712,6
4545,30,26,28,13,-2.6864332481864484,13
4546,71,40,65,23,-2.6867803351656674,17
4547,102,20,13,12,-2.6891186576501758,8
4548,43,29,11,15,-2.690595886408955,14
4549,31,22,87,11,-2.6915087275033085,11
4550,30,17,9,10,-2.6960180413408095,7
4551,8,25,49,14,-2.696314421209298,11
4552,104,65,37,36,-2.6985883587028243,29
4553,68,27,47,15,-2.700809442975109,12
4554,76,30,70,15,-2.70093044855826,15
4555,79,11,39,7,-2.7039365709334438,4
4556,33,14,90,8,-2.70862298496318,6
4557,4,20,63,11,-2.7170319642618344,9
4558,87,22,77,12,-2.718895137209104,10
4559,80,11,95,6,-2.7197438471090796,5
4560,51,17,58,9,-2.7220403540386453,8
4561,88,16,44,8,-2.7255415222047015,8
4562,85,17,12,9,-2.7289106494776965,8
4563,98,22,51,12,-2.729369792679445,10
4564,46,26,60,14,-2.73308552490518,12
4565,54,25,15,12,-2.7351472639255974,13
4566,106,50,65,27,-2.735321183024918,23
4567,63,12,99,6,-2.7377253409939377,6
4568,104,22,97,11,-2.7396377781056187,11
4569,68,31,69,17,-2.743936079051887,14
4570,65,36,43,18,-2.7525986025329345,18
4571,43,14,70,8,-2.753352748891417,6
4572,96,34,97,17,-2.7556888339056815,17
4573,107,77,88,43,-2.7611647728657993,34
4574,94,17,1,8,-2.7623810098011994,9
4575,29,31,3,17,-2.7653963352103443,14
4576,77,17,5,9,-2.7658375671945885,8
4577,10,11,5,5,-2.7716738654503192,6
4578,18,36,88,19,-2.772376960809781,17
4579,91,31,28,17,-2.78581966806185,14
4580,41,58,51,31,-2.788035903246996,27
4581,112,14,85,8,-2.788857070839803,6
4582,68,73,16,42,-2.78969333419419,31
4583,102,12,70,5,-2.7906887378625402,7
4584,36,13,100,7,-2.7923934619121096,6
4585,1,26,7,14,-2.793205495238504,12
4586,44,14,68,7,-2.795327721392829,7
4587,8,32,83,16,-2.795775595052066,16
4588,112,14,106,7,-2.805082024542768,7
4589,72,11,20,6,-2.8074079366688274,5
4590,41,15,99,8,-2.808167291861728,7
4591,76,26,46,14,-2.809518783996085,12
4592,36,32,1,16,-2.8095303452930684,16
4593,48,14,68,7,-2.820644331468806,7
4594,71,13,18,7,-2.821320109059578,6
4595,62,18,54,10,-2.824080555827827,8
4596,112,21,75,12,-2.824219405034075,9
4597,50,44,2,24,-2.824465738990298,20
4598,79,17,8,8,-2.8288746666590137,9
4599,9,49,107,25,-2.8292011367922663,24
4600,86,61,114,32,-2.830798394303986,29
4601,81,23,53,13,-2.832269045840244,10
4602,49,41,30,23,-2.833183272591318,18
4603,35,11,39,6,-2.8361547619317586,5
4604,43,21,78,12,-2.8365700958138973,9
4605,17,28,28,15,-2.8369834071231876,13
4606,16,25,4,12,-2.841104684052144,13
4607,39,33,95,18,-2.8414955259540986,15
4608,102,25,8,13,-2.845551076408804,12
4609,44,13,28,6,-2.846139863099275,7
4610,33,13,97,7,-2.8486496222061595,6
4611,96,16,73,9,-2.853430398009382,7
4612,49,10,79,6,-2.8563921563379915,4
4613,94,15,88,7,-2.8588031686479423,8
4614,28,25,69,13,-2.86191295640514,12
4615,88,14,72,8,-2.866088260356642,6
4616,63,23,46,11,-2.867241869896345,12
4617,34,18,12,10,-2.869012524164697,8
4618,17,10,88,4,-2.869337502995377,6
4619,1,14,112,9,-2.8723250567679255,5
4620,53,12,57,6,-2.8739584447786406,6
4621,30,21,75,11,-2.874328227945735,10
4622,77,14,106,7,-2.8755893681261506,7
4623,46,25,17,14,-2.8756726104757036,11
4624,87,23,83,12,-2.880053494146307,11
4625,51,139,16,74,-2.8865327335551183,65
4626,70,10,44,5,-2.8975248911261424,5
4627,9,27,50,15,-2.8991061521351393,12
4628,51,31,70,16,-2.904546585958991,15
4629,37,19,91,10,-2.9050960547005253,9
4630,54,36,80,18,-2.9116630961094714,18
4631,41,22,47,11,-2.9126189727076235,11
4632,108,12,25,7,-2.9132670669268257,5
4633,33,10,37,6,-2.9157377490462184,4
4634,106,19,102,9,-2.9207255392565092,10
4635,62,14,1,7,-2.9215215839903856,7
4636,33,10,3,6,-2.927658221464783,4
4637,40,18,12,9,-2.930289703709333,9
4638,78,25,88,14,-2.9333918667099623,11
4639,28,21,33,10,-2.934003356051787,11
4640,87,20,36,12,-2.9355732508976633,8
4641,49,27,68,15,-2.9363199373932996,12
4642,65,27,83,14,-2.938404758323201,13
4643,9,10,72,5,-2.9405168738711245,5
4644,8,39,60,20,-2.943834756343734,19
4645,46,18,71,9,-2.9448527741935417,9
4646,87,37,18,21,-2.947620136311878,16
4647,29,19,54,11,-2.949914447875301,8
4648,3,33,15,18,-2.9522579457276694,15
4649,87,18,6,10,-2.9548534484805393,8
4650,39,19,34,10,-2.9611354942760535,9
4651,46,23,114,13,-2.9631435316072414,10
4652,57,18,25,10,-2.964934950553877,8
4653,17,10,26,5,-2.965521786469379,5
4654,37,21,2,11,-2.96975801126945,10
4655,88,64,114,34,-2.973692991812809,30
4656,4,32,36,19,-2.9739066740354194,13
4657,106,36,84,18,-2.9754739608250116,18
4658,1,13,46,6,-2.9771068452784495,7
4659,107,93,13,50,-2.982316075322625,43
4660,34,27,109,15,-2.985891726458783,12
4661,34,11,114,5,-2.988482941118179,6
4662,90,47,86,27,-2.9972067340822783,20
4663,65,27,62,14,-2.999159330673646,13
4664,69,11,4,6,-2.9994841766617175,5
4665,34,14,96,8,-3.001763014782562,6
4666,37,47,20,25,-3.0049852144749636,22
4667,108,20,50,10,-3.006186687462411,10
4668,39,43,9,22,-3.012148514540606,21
4669,48,20,30,12,-3.014647330297821,8
4670,51,24,103,13,-3.0173765224790308,11
4671,30,10,98,5,-3.02034303732743,5
4672,88,29,47,15,-3.0208806441241425,14
4673,33,17,40,11,-3.0217035797006933,6
4674,98,13,39,8,-3.033232316977352,5
4675,19,23,76,13,-3.0337389389191673,10
4676,65,39,25,23,-3.0368934823131157,16
4677,12,30,68,16,-3.041358769608484,14
4678,96,13,38,7,-3.0422152322461713,6
4679,8,19,12,11,-3.0429733776281642,8
4680,74,36,104,21,-3.04807176373519,15
4681,107,37,15,23,-3.0494114346230554,14
4682,30,24,15,13,-3.0504007259335744,11
4683,55,45,7,26,-3.054761469393279,19
4684,8,17,10,10,-3.0558998323304016,7
4685,57,11,6,6,-3.056750466696465,5
4686,86,42,71,22,-3.0606693617391714,20
4687,25,18,71,10,-3.0644100067848146,8
4688,25,30,75,17,-3.069551733540898,13
4689,95,12,57,8,-3.0723044699630697,4
4690,60,29,19,15,-3.0741844930514612,14
4691,12,34,39,19,-3.074812586551119,15
4692,65,30,19,16,-3.080558293575502,14
4693,23,55,16,30,-3.0835008847032337,25
4694,37,59,107,32,-3.087858660035624,27
4695,96,22,51,12,-3.0911457625040346,10
4696,27,17,6,9,-3.0947871865212924,8
4697,109,10,85,7,-3.095406882310695,3
4698,38,26,88,16,-3.098643089238903,10
4699,91,10,64,6,-3.0993479020870796,4
4700,74,16,88,10,-3.1000151762465555,6
4701,68,14,99,8,-3.100103615084465,6
4702,60,15,92,9,-3.101629065738581,6
4703,87,38,29,22,-3.101661587985348,16
4704,86,21,111,12,-3.1037611827633413,9
4705,30,23,20,12,-3.104651925893034,11
4706,4,24,50,12,-3.1105592371369597,12
4707,17,25,25,14,-3.1106502600539105,11
4708,80,11,36,6,-3.1158574211756616,5
4709,12,13,52,7,-3.116099774948756,6
4710,65,58,8,31,-3.1193338772056767,27
4711,94,42,43,23,-3.121120942526353,19
4712,27,26,76,15,-3.12237716329118,11
4713,11,26,34,15,-3.1224893996672782,11
4714,61,15,51,10,-3.123205657151169,5
4715,87,124,86,64,-3.1289403554174773,60
4716,2,15,76,9,-3.135016863493125,6
4717,45,12,112,6,-3.1460936650177533,6
4718,13,65,100,35,-3.1478251869099085,30
4719,23,23,75,11,-3.148733601092015,12
4720,7,51,104,28,-3.158219418007504,23
4721,82,21,86,12,-3.1586560919846263,9
4722,3,28,11,16,-3.170749513155222,12
4723,60,25,106,15,-3.171261503808182,10
4724,51,39,57,21,-3.1757178835501545,18
4725,30,12,74,6,-3.175828716417198,6
4726,47,34,16,19,-3.1778605747552753,15
4727,69,16,103,8,-3.1785957104061207,8
4728,47,14,72,7,-3.1816598855809177,7
4729,50,21,100,12,-3.182484639829971,9
4730,114,31,54,16,-3.1847921316014234,15
4731,86,47,15,26,-3.186851235443066,21
4732,50,54,37,28,-3.1883352760136074,26
4733,58,10,11,6,-3.188429972054717,4
4734,11,41,13,23,-3.191655583423845,18
4735,5,61,88,32,-3.1946532218196624,29
4736,39,41,36,23,-3.1998605067578225,18
4737,17,28,106,17,-3.2039846830051117,11
4738,20,18,15,10,-3.2047440335755613,8
4739,51,51,106,28,-3.2074755817578335,23
4740,30,26,29,15,-3.208195727154357,11
4741,97,12,56,6,-3.2085312435870676,6
4742,31,47,60,23,-3.2094707274879264,24
4743,97,19,50,11,-3.210625734622642,8
4744,74,16,17,9,-3.21177055102783,7
4745,28,39,55,23,-3.2184704312839756,16
4746,80,10,100,6,-3.2216300029845613,4
4747,7,55,23,30,-3.222928305376168,25
4748,107,38,29,24,-3.2256905965719005,14
4749,51,103,13,54,-3.227556289434052,49
4750,109,24,43,14,-3.2287710807595467,10
4751,12,34,86,19,-3.2303976319320062,15
4752,36,49,107,26,-3.234838704648262,23
4753,86,93,63,54,-3.236835270517722,39
4754,34,18,9,10,-3.2368917561941424,8
4755,60,25,99,14,-3.238194459102709,11
4756,94,34,19,18,-3.238554458984935,16
4757,81,12,23,7,-3.2407035870770007,5
4758,96,10,64,6,-3.247034103841878,4
4759,15,38,100,21,-3.2528324504039126,17
4760,25,47,114,27,-3.2540864225169766,20
4761,108,11,29,6,-3.254331422994319,5
4762,74,24,7,15,-3.257493143792889,9
4763,53,56,18,30,-3.2615252410170648,26
4764,54,56,28,31,-3.262278028179984,25
4765,13,20,85,12,-3.272077258935019,8
4766,77,70,60,38,-3.272179230588988,32
4767,90,10,3,5,-3.2732247266022596,5
4768,67,13,114,7,-3.274670651234843,6
4769,53,50,39,28,-3.277161726088196,22
4770,3,25,8,12,-3.2773896333319046,13
4771,38,18,8,10,-3.2796886341896276,8
4772,78,31,68,17,-3.2853723279616904,14
4773,35,15,55,8,-3.2899027901624813,7
4774,107,45,34,26,-3.2909922405162497,19
4775,86,83,74,44,-3.294889270853105,39
4776,5,60,104,32,-3.3007473735225057,28
4777,61,13,47,7,-3.3043540506366424,6
4778,64,21,114,12,-3.304666725448282,9
4779,66,12,88,7,-3.305300021832229,5
4780,96,14,41,9,-3.308894289236027,5
4781,79,19,63,11,-3.3134147957453677,8
4782,75,31,60,17,-3.313915862803686,14
4783,86,37,91,20,-3.314546868451311,17
4784,84,16,97,10,-3.316428205809935,6
4785,97,14,98,7,-3.3185319117606182,7
4786,51,46,28,24,-3.330644392104213,22
4787,5,13,68,7,-3.3380294056441127,6
4788,98,20,54,11,-3.3414082574983,9
4789,91,15,40,8,-3.345577169162442,7
4790,65,20,94,10,-3.3472699488499087,10
4791,20,10,83,5,-3.347889825164404,5
4792,107,15,14,9,-3.3479962116917545,6
4793,106,17,14,10,-3.3600594128266095,7
4794,86,54,60,30,-3.3612428132287855,24
4795,61,14,9,8,-3.362078776884612,6
4796,8,23,14,13,-3.3634201583462153,10
4797,97,25,54,13,-3.364815342765676,12
4798,20,17,40,10,-3.3649339637959637,7
4799,57,27,69,16,-3.367166221655228,11
4800,100,22,37,13,-3.371836978910977,9
4801,72,17,107,9,-3.3769850807109636,8
4802,60,78,13,45,-3.3770875938219227,33
4803,39,40,64,22,-3.3772164918090795,18
4804,98,15,73,8,-3.3800553651819163,7
4805,3,48,39,25,-3.3807598414665594,23
4806,55,28,36,15,-3.383336577257353,13
4807,9,31,60,18,-3.3853349951371756,13
4808,104,10,73,6,-3.391491099464731,4
4809,5,50,55,28,-3.393419962444799,22
4810,28,13,4,7,-3.3940824912486858,6
4811,19,44,49,24,-3.3946963082952313,20
4812,84,29,55,16,-3.4012305577969593,13
4813,7,35,43,21,-3.4056925239293374,14
4814,36,11,17,5,-3.417273645156755,6
4815,78,18,28,9,-3.417711658801107,9
4816,112,17,54,10,-3.4203709759608767,7
4817,37,12,4,7,-3.4218717037755084,5
4818,69,10,108,4,-3.4269138907252144,6
4819,11,49,55,29,-3.4281320850013386,20
4820,27,35,34,19,-3.429203163509601,16
4821,27,52,7,28,-3.4308990471010508,24
4822,81,11,78,5,-3.4320246992935264,6
4823,90,38,107,20,-3.442650987354403,18
4824,55,28,76,17,-3.4438952481653042,11
4825,49,35,87,18,-3.44558072643024,17
4826,46,63,86,37,-3.447367416883429,26
4827,86,94,7,54,-3.4487912180291196,40
4828,114,14,112,7,-3.4529529803290626,7
4829,23,21,37,11,-3.4530437057487418,10
4830,5,23,33,12,-3.454327509177194,11
4831,60,40,43,22,-3.455693016886847,18
4832,72,23,85,14,-3.467809505748013,9
4833,5,60,74,32,-3.4699961467083447,28
4834,11,44,51,25,-3.472776128070486,19
4835,54,57,96,29,-3.47661338595835,28
4836,13,39,12,25,-3.4784760310928866,14
4837,15,48,57,26,-3.481039385883929,22
4838,18,16,55,8,-3.481046717374471,8
4839,70,20,25,11,-3.484518115943737,9
4840,45,16,41,10,-3.4850666688674528,6
4841,51,30,36,16,-3.4874600225025065,14
4842,36,13,62,7,-3.489528327052378,6
4843,109,26,20,16,-3.492917739743867,10
4844,55,19,48,11,-3.494162257250903,8
4845,114,36,97,20,-3.494809729950691,16
4846,51,39,114,20,-3.4973322349486486,19
4847,15,22,23,12,-3.5001626021093473,10
4848,51,86,88,44,-3.5018167353637493,42
4849,108,13,37,7,-3.5019197237718496,6
4850,54,15,38,8,-3.5022681709669805,7
4851,109,27,25,15,-3.504136926234725,12
4852,23,16,74,9,-3.5053157619270587,7
4853,100,14,53,8,-3.519519789056673,6
4854,15,17,28,9,-3.521005718300721,8
4855,25,17,93,9,-3.530039788975629,8
4856,62,10,6,6,-3.534555615892033,4
4857,7,15,44,8,-3.535266020755452,7
4858,36,65,40,37,-3.5400829247343655,28
4859,27,29,47,16,-3.5439664319349258,13
4860,19,31,13,18,-3.544087166327379,13
4861,70,11,33,6,-3.5452850377562317,5
4862,49,17,114,8,-3.5487282111911385,9
4863,109,28,41,17,-3.5487793479544014,11
4864,74,25,75,15,-3.5502981320595746,10
4865,65,49,53,26,-3.552341058928982,23
4866,36,19,28,10,-3.554999615354126,9
4867,79,12,60,7,-3.5553709332305647,5
4868,64,41,107,22,-3.561300386963444,19
4869,108,13,79,8,-3.562523700236057,5
4870,7,28,6,13,-3.5631855242339143,15
4871,84,13,62,7,-3.5672380956620335,6
4872,11,27,48,15,-3.571700875711398,12
4873,43,19,25,12,-3.5730773529480744,7
4874,87,22,14,13,-3.5746572289058,9
4875,50,21,41,12,-3.5746660286103196,9
4876,51,22,102,12,-3.5799509862134076,10
4877,95,10,97,6,-3.58943247133478,4
4878,11,22,7,13,-3.590907173314132,9
4879,30,12,17,6,-3.5949084621895326,6
4880,16,57,75,31,-3.5952902080350193,26
4881,18,19,91,11,-3.6010074197876603,8
4882,39,17,69,9,-3.6024816939136084,8
4883,88,36,1,19,-3.612486249864136,17
4884,52,13,65,8,-3.6178596605803364,5
4885,85,18,28,10,-3.6213061715807027,8
4886,28,26,80,14,-3.6230809501897747,12
4887,19,23,62,14,-3.6244910416057854,9
4888,18,19,43,9,-3.6267699505365183,10
4889,34,24,100,12,-3.629880892744042,12
4890,28,52,20,29,-3.638022846799735,23
4891,9,22,49,11,-3.641292433645158,11
4892,43,18,34,10,-3.6439583345872726,8
4893,49,19,50,10,-3.645049395982722,9
4894,70,10,14,5,-3.6470421341148493,5
4895,18,11,17,5,-3.6519056838531805,6
4896,20,11,62,6,-3.653244367006128,5
4897,9,15,109,7,-3.6538651478462696,8
4898,32,21,107,11,-3.6546977761524695,10
4899,71,10,90,5,-3.656103603020123,5
4900,31,24,39,14,-3.6610558433956144,10
4901,65,80,51,45,-3.664771412812795,35
4902,38,38,107,22,-3.669594298718899,16
4903,84,21,38,11,-3.6699802067032485,10
4904,109,23,65,11,-3.6820630235649316,12
4905,98,17,27,9,-3.6948069781576693,8
4906,16,37,34,21,-3.695530839257544,16
4907,28,19,23,10,-3.6970356039584393,9
4908,35,10,112,5,-3.704644012481237,5
4909,14,16,65,8,-3.707339765184437,8
4910,11,18,77,10,-3.711392742612507,8
4911,64,21,1,11,-3.714096825641642,10
4912,5,21,15,13,-3.7147342263498238,8
4913,11,14,85,8,-3.719074703847315,6
4914,104,15,89,8,-3.71970917274833,7
4915,88,57,27,30,-3.7236261153468573,27
4916,54,64,20,33,-3.7237387131550492,31
4917,40,13,15,7,-3.72557831166786,6
4918,40,59,60,33,-3.735016412978278,26
4919,25,65,86,35,-3.735239092039536,30
4920,4,13,1,8,-3.7360390878519714,5
4921,7,31,15,15,-3.741081293807926,16
4922,40,42,53,23,-3.7429391558119995,19
4923,76,21,41,10,-3.750106309053706,11
4924,94,19,78,11,-3.755618352433771,8
4925,17,14,102,8,-3.765627490194503,6
4926,13,47,114,23,-3.7759149187311776,24
4927,92,13,104,6,-3.7768187223532292,7
4928,93,10,7,5,-3.7802315490169662,5
4929,19,39,78,23,-3.7879382183310812,16
4930,27,20,108,12,-3.7884843892598083,8
4931,50,25,90,14,-3.7900343777578573,11
4932,39,11,6,6,-3.7966207547038056,5
4933,102,16,62,9,-3.80648773210449,7
4934,78,22,72,11,-3.8085176531004055,11
4935,107,58,41,35,-3.8135227597382513,23
4936,5,16,110,9,-3.8138584796050923,7
4937,91,28,5,17,-3.814625093066516,11
4938,79,31,16,18,-3.819316250104339,13
4939,3,11,4,6,-3.825046392091852,5
4940,13,26,91,14,-3.8317482607331113,12
4941,46,13,38,8,-3.8338597693432233,5
4942,12,11,47,6,-3.8390154161535603,5
4943,7,26,20,14,-3.839940256500115,12
4944,31,23,18,12,-3.8430258307678655,11
4945,38,21,30,13,-3.8447589179027672,8
4946,47,12,109,7,-3.8566604611588287,5
4947,107,50,40,30,-3.857060552716013,20
4948,62,33,86,18,-3.857981546675883,15
4949,104,29,30,15,-3.861841224882902,14
4950,63,41,74,22,-3.8635092916190312,19
4951,29,21,41,12,-3.868637237264424,9
4952,86,145,16,84,-3.8691906657306294,61
4953,41,86,65,51,-3.8730812369047194,35
4954,78,18,15,9,-3.8743903606720744,9
4955,100,20,98,12,-3.8795815505382065,8
4956,104,33,41,17,-3.881745214521683,16
4957,112,22,3,11,-3.88182962585215,11
4958,29,19,76,9,-3.891834089248112,10
4959,54,25,1,14,-3.8929886538978167,11
4960,57,23,28,13,-3.8971175709019774,10
4961,58,13,77,7,-3.8981506835692437,6
4962,84,51,51,29,-3.8997018485628714,22
4963,63,30,55,16,-3.900377194965694,14
4964,91,15,102,8,-3.901213400624812,7
4965,90,11,64,6,-3.902108781861291,5
4966,107,40,19,24,-3.904284310407854,16
4967,66,13,51,7,-3.909986058428536,6
4968,52,14,30,8,-3.910728614777823,6
4969,46,50,51,28,-3.912731533664656,22
4970,87,38,95,21,-3.915668057739164,17
4971,70,38,37,22,-3.9227382855891673,16
4972,2,28,5,16,-3.923277825320168,12
4973,20,15,85,8,-3.925425491644285,7
4974,27,54,39,32,-3.9257008066498833,22
4975,58,22,60,12,-3.934983120996658,10
4976,98,15,102,8,-3.939114797619031,7
4977,40,11,6,6,-3.9442678680230827,5
4978,43,19,35,10,-3.946831407739413,9
4979,65,61,28,35,-3.946950789839021,26
4980,104,11,67,6,-3.95056976239549,5
4981,93,24,74,13,-3.960101768879081,11
4982,96,15,78,9,-3.9616133541960434,6
4983,14,12,96,7,-3.975747798085754,5
4984,97,18,60,9,-3.9792005525226375,9
4985,69,29,41,18,-3.9797729258891983,11
4986,6,18,88,10,-3.9856102257236907,8
4987,3,12,106,7,-3.9869286680549827,5
4988,68,13,89,7,-3.9920034832972595,6
4989,100,18,9,11,-3.995326860016922,7
4990,112,16,31,10,-4.001730552260451,6
4991,71,33,30,18,-4.006253796204616,15
4992,31,12,66,7,-4.0087548725586535,5
4993,110,20,8,12,-4.013172679497405,8
4994,35,21,16,13,-4.016361918873652,8
4995,96,21,39,13,-4.016816457185763,8
4996,3,19,34,11,-4.018197174307542,8
4997,47,31,7,18,-4.025431088719288,13
4998,114,42,60,20,-4.029174933224298,22
4999,47,13,71,7,-4.030916530509354,6
5000,10,10,104,5,-4.031221485043642,5
5001,114,41,63,26,-4.037972989054352,15
5002,43,10,1,5,-4.03897671575872,5
5003,51,25,71,14,-4.0432752193478,11
5004,69,12,84,7,-4.046782427990888,5
5005,49,30,17,15,-4.049707497011166,15
5006,40,10,32,5,-4.050021677419869,5
5007,20,10,14,6,-4.051966837258037,4
5008,11,20,79,12,-4.052675901080834,8
5009,80,35,16,21,-4.054276173994346,14
5010,39,11,56,5,-4.06142915092174,6
5011,95,10,43,6,-4.0633983206079485,4
5012,38,12,20,8,-4.067291998076463,4
5013,78,43,13,24,-4.067422210231104,19
5014,18,38,28,20,-4.067881996028204,18
5015,31,68,7,38,-4.069172309295859,30
5016,46,21,95,12,-4.071848693893576,9
5017,5,117,86,66,-4.074944655375777,51
5018,50,52,16,30,-4.077728865066029,22
5019,55,26,100,13,-4.083678379707881,13
5020,98,17,78,9,-4.084899624702041,8
5021,19,40,39,25,-4.086515444510746,15
5022,19,11,36,6,-4.0885902184216905,5
5023,51,51,17,27,-4.088673144397257,24
5024,39,17,80,9,-4.091599339844536,8
5025,43,25,69,14,-4.093607533799894,11
5026,54,33,104,18,-4.094488077381487,15
5027,35,24,20,14,-4.098728722002913,10
5028,60,33,78,18,-4.099027308208704,15
5029,62,15,30,8,-4.099340749559773,7
5030,93,20,83,11,-4.100880722204593,9
5031,37,54,16,30,-4.101602264091046,24
5032,16,19,89,10,-4.105140334201974,9
5033,63,30,97,17,-4.107378727934806,13
5034,19,46,100,26,-4.112454947141802,20
5035,2,12,7,7,-4.115660194227726,5
5036,54,38,55,20,-4.117783078696892,18
5037,87,23,58,13,-4.119284370275493,10
5038,41,35,60,18,-4.124791635334071,17
5039,106,51,107,28,-4.131711792879518,23
5040,77,35,86,20,-4.136062394176435,15
5041,20,11,71,7,-4.136430557393971,4
5042,51,66,54,37,-4.14069304603691,29
5043,71,47,53,27,-4.141303557057988,20
5044,3,18,58,11,-4.142010326983761,7
5045,65,49,23,26,-4.142109485382541,23
5046,77,21,55,12,-4.142542522610539,9
5047,95,12,100,6,-4.142851413596655,6
5048,73,13,20,8,-4.146065391689571,5
5049,76,18,84,10,-4.146116027740745,8
5050,17,12,99,7,-4.14837583337694,5
5051,84,60,28,34,-4.150279635735799,26
5052,84,24,27,13,-4.1560592219163555,11
5053,16,81,60,45,-4.163560927764607,36
5054,5,40,83,21,-4.1637099044245005,19
5055,96,24,60,16,-4.164982345638211,8
5056,23,53,107,29,-4.172486813229873,24
5057,25,27,23,15,-4.182190113226027,12
5058,1,36,13,22,-4.187998461115464,14
5059,103,12,112,7,-4.192929666832579,5
5060,29,26,51,14,-4.200611882951567,12
5061,74,18,108,11,-4.201041319943182,7
5062,3,18,103,9,-4.204198112236477,9
5063,36,56,65,32,-4.205692860728475,24
5064,87,28,90,16,-4.209781806456323,12
5065,109,43,51,27,-4.215905468463524,16
5066,63,20,17,11,-4.21709530073227,9
5067,18,19,4,11,-4.220670692754493,8
5068,100,29,28,17,-4.221129674472951,12
5069,16,37,97,20,-4.222715093786658,17
5070,44,11,71,6,-4.223524348839462,5
5071,38,21,9,12,-4.224156596688182,9
5072,104,11,29,6,-4.232469176091455,5
5073,109,12,71,7,-4.235965151087514,5
5074,71,44,16,26,-4.241804878716307,18
5075,34,14,106,7,-4.243674039664674,7
5076,72,10,6,5,-4.248570153213719,5
5077,18,11,94,6,-4.250781715158487,5
5078,72,12,30,7,-4.252091187334746,5
5079,50,55,87,30,-4.260657685212961,25
5080,63,32,100,17,-4.262978075872107,15
5081,107,30,91,18,-4.264126621091654,12
5082,7,13,12,7,-4.26484586719297,6
5083,55,15,29,9,-4.266015075713762,6
5084,57,27,19,15,-4.280011891536447,12
5085,15,20,114,11,-4.2831762689104504,9
5086,54,28,25,16,-4.300413553073274,12
5087,84,18,75,10,-4.30081159040195,8
5088,55,45,37,24,-4.301001080588835,21
5089,53,27,106,14,-4.302319600135899,13
5090,78,29,100,17,-4.3065041234398125,12
5091,8,10,31,6,-4.309099443279481,4
5092,90,13,76,8,-4.309550016746243,5
5093,17,23,97,13,-4.313428551304956,10
5094,98,27,104,13,-4.313899934387767,14
5095,88,53,11,31,-4.315288914266512,22
5096,71,14,70,7,-4.315612188206777,7
5097,40,22,4,12,-4.316643149060896,10
5098,41,19,95,11,-4.332143979792176,8
5099,22,12,60,7,-4.334241842742782,5
5100,76,10,12,5,-4.341891338463575,5
5101,48,20,34,11,-4.343261719849951,9
5102,65,29,70,18,-4.3439841796636145,11
5103,6,16,65,9,-4.346168811124812,7
5104,48,30,28,17,-4.353346769104993,13
5105,39,24,76,15,-4.35477451293687,9
5106,102,27,76,16,-4.359047531802698,11
5107,83,11,19,6,-4.359398192701051,5
5108,71,31,64,19,-4.35947313780117,12
5109,23,20,95,11,-4.361896262769259,9
5110,70,17,49,9,-4.364791676107711,8
5111,9,15,74,9,-4.36741522698094,6
5112,23,23,40,13,-4.36842332680331,10
5113,58,13,55,7,-4.369004483506263,6
5114,9,24,55,14,-4.371040618945101,10
5115,25,33,87,18,-4.379098196808543,15
5116,54,10,99,6,-4.3797228746123675,4
5117,64,12,12,7,-4.3938981464127,5
5118,2,22,16,13,-4.395353237879596,9
5119,20,48,87,26,-4.39560846222714,22
5120,108,14,71,8,-4.402422140240547,6
5121,76,16,34,8,-4.406030161353481,8
5122,109,43,88,26,-4.409029007848903,17
5123,64,24,50,13,-4.415510499418938,11
5124,53,64,7,36,-4.416213736910661,28
5125,23,17,29,9,-4.418393467914156,8
5126,87,29,71,16,-4.418670539958073,13
5127,13,30,99,17,-4.420966828834257,13
5128,20,14,23,8,-4.42777867543601,6
5129,3,35,65,21,-4.4295097081626285,14
5130,109,15,95,9,-4.444131433700797,6
5131,19,14,50,8,-4.445333605009822,6
5132,109,46,16,27,-4.446438112711457,19
5133,16,44,95,24,-4.453378575583385,20
5134,73,12,50,8,-4.454782630059153,4
5135,97,11,77,7,-4.454901155383999,4
5136,32,18,37,10,-4.466542082918519,8
5137,25,31,96,17,-4.472832877552798,14
5138,3,26,62,15,-4.473036771828815,11
5139,107,33,95,18,-4.475609109265347,15
5140,8,12,56,7,-4.475636615156397,5
5141,64,46,7,25,-4.4812400569888355,21
5142,40,50,65,28,-4.488092661947341,22
5143,37,15,93,9,-4.4934456656390305,6
5144,39,21,58,12,-4.494576390875354,9
5145,60,47,55,26,-4.496007919155315,21
5146,46,68,13,40,-4.4975404191418,28
5147,69,12,76,8,-4.499300236532236,4
5148,87,41,23,24,-4.512300706037801,17
5149,93,16,20,8,-4.515352163146577,8
5150,112,18,49,10,-4.517911222226065,8
5151,50,23,74,13,-4.520207268757788,10
5152,60,17,61,9,-4.5273940858246595,8
5153,48,19,13,11,-4.529838045170984,8
5154,28,71,50,41,-4.530365152854882,30
5155,75,23,106,12,-4.532198108241345,11
5156,15,18,99,11,-4.551461310618722,7
5157,46,15,83,8,-4.551826612706302,7
5158,23,15,70,8,-4.554568026577778,7
5159,5,18,43,10,-4.5592775438308895,8
5160,104,16,99,8,-4.562749239239297,8
5161,95,14,99,8,-4.572737764013027,6
5162,58,23,7,12,-4.575034525669345,11
5163,65,16,99,9,-4.579704538683142,7
5164,71,25,28,15,-4.584215619303487,10
5165,54,26,78,15,-4.592600537057518,11
5166,96,32,50,18,-4.592653394244437,14
5167,58,11,27,6,-4.5994976626736825,5
5168,102,14,19,9,-4.600303598104888,5
5169,60,19,108,11,-4.601423271346142,8
5170,18,15,38,8,-4.607415756411176,7
5171,86,72,37,40,-4.607837359690986,32
5172,96,21,13,12,-4.608058597276483,9
5173,68,20,85,13,-4.615895850726343,7
5174,40,10,72,6,-4.6161082317709115,4
5175,88,37,100,22,-4.625717286575203,15
5176,92,15,51,8,-4.63031933752528,7
5177,89,13,65,7,-4.632113459581728,6
5178,110,15,106,8,-4.633960085739299,7
5179,25,22,60,12,-4.636282806493915,10
5180,109,19,73,11,-4.637139105733963,8
5181,69,11,80,6,-4.638884395252677,5
5182,25,13,48,7,-4.641698897655362,6
5183,13,14,73,8,-4.6427133386229835,6
5184,96,39,63,24,-4.649023449526139,15
5185,1,16,15,10,-4.6493508409190305,6
5186,79,13,27,7,-4.65158326253367,6
5187,47,15,25,8,-4.655390231832644,7
5188,38,19,109,12,-4.668016203688245,7
5189,39,51,40,30,-4.685059105758994,21
5190,5,16,71,9,-4.686451238703376,7
5191,84,36,16,21,-4.697024903080797,15
5192,46,23,20,15,-4.708713070266484,8
5193,13,14,89,7,-4.713753455158773,7
5194,12,14,74,8,-4.7158981291394015,6
5195,19,15,104,9,-4.727279201467323,6
5196,75,14,15,9,-4.7291616067808215,5
5197,46,11,6,6,-4.730994669309113,5
5198,55,82,13,47,-4.733958835671246,35
5199,30,23,34,13,-4.738526825697685,10
5200,41,42,87,24,-4.740822182406319,18
5201,77,16,25,9,-4.745845616411638,7
5202,5,30,90,18,-4.752640516818982,12
5203,50,23,7,13,-4.754905099968965,10
5204,50,16,93,10,-4.755526241513055,6
5205,79,12,55,7,-4.763372141256467,5
5206,60,23,76,15,-4.763967746356448,8
5207,94,16,55,9,-4.767452995148862,7
5208,31,15,12,8,-4.770632464521183,7
5209,70,13,90,7,-4.771084444295363,6
5210,37,10,9,6,-4.7723167368365935,4
5211,23,14,33,8,-4.772846471482118,6
5212,3,43,107,23,-4.775366827633262,20
5213,108,17,30,10,-4.777036339137378,7
5214,5,12,9,7,-4.777710715122403,5
5215,81,25,15,14,-4.783657780343267,11
5216,87,22,72,12,-4.7870712017642,10
5217,5,33,76,19,-4.788314400539968,14
5218,76,24,97,13,-4.7891970450006545,11
5219,11,22,72,12,-4.791454611057336,10
5220,1,17,9,8,-4.79405950293998,9
5221,20,13,52,8,-4.795236183864801,5
5222,25,11,111,6,-4.797175922879397,5
5223,46,23,7,15,-4.797661017581172,8
5224,88,14,34,8,-4.799596567728285,6
5225,96,22,75,15,-4.80138149231193,7
5226,56,11,16,7,-4.802141402722699,4
5227,12,16,1,9,-4.804302234326598,7
5228,88,44,75,26,-4.804702938088101,18
5229,106,25,2,14,-4.808494527305082,11
5230,106,12,6,7,-4.810944704219048,5
5231,85,11,74,6,-4.812388004493803,5
5232,54,15,14,10,-4.820525855929131,5
5233,25,19,31,10,-4.823839301099763,9
5234,9,47,65,28,-4.82612869570304,19
5235,15,31,60,17,-4.829771814846707,14
5236,67,15,8,9,-4.8319098461555825,6
5237,109,17,94,9,-4.83756516721433,8
5238,64,20,83,11,-4.840996077098241,9
5239,83,17,39,10,-4.845386042652696,7
5240,3,58,27,33,-4.849811320874649,25
5241,32,12,97,7,-4.851459349576838,5
5242,114,11,77,6,-4.854209160918299,5
5243,107,38,58,23,-4.857008495705362,15
5244,112,31,100,17,-4.858414274039212,14
5245,3,24,81,14,-4.860040341211914,10
5246,107,12,52,8,-4.8612628499818085,4
5247,89,10,5,7,-4.862465640901751,3
5248,106,54,37,29,-4.865641247327304,25
5249,1,11,29,7,-4.8669345755887905,4
5250,79,20,13,12,-4.869950872786804,8
5251,57,26,88,14,-4.87081224887015,12
5252,84,17,100,11,-4.876415167032029,6
5253,88,44,23,27,-4.876485476342165,17
5254,95,11,69,7,-4.882909765417962,4
5255,19,53,30,31,-4.884651595572228,22
5256,46,11,27,7,-4.887638683251711,4
5257,101,10,39,6,-4.8897412781033625,4
5258,51,47,75,26,-4.890410363576285,21
5259,77,16,23,9,-4.892331871891682,7
5260,29,15,9,9,-4.900194767905049,6
5261,77,43,13,25,-4.906794574928388,18
5262,28,12,38,6,-4.907164394244693,6
5263,29,11,18,7,-4.9072911901611045,4
5264,100,14,47,8,-4.909302114786421,6
5265,87,35,76,21,-4.9222225313957875,14
5266,106,56,74,32,-4.924754963776778,24
5267,107,77,100,41,-4.925676488158578,36
5268,36,40,86,23,-4.927433251240003,17
5269,9,22,114,15,-4.931319071415344,7
5270,9,18,62,10,-4.931496627802285,8
5271,51,72,100,38,-4.9400020259394655,34
5272,71,11,49,6,-4.9409457894604065,5
5273,28,27,93,17,-4.941127481170006,10
5274,78,15,40,10,-4.942465399220729,5
5275,81,23,39,14,-4.943832581007466,9
5276,106,29,80,17,-4.946009667025365,12
5277,18,14,76,8,-4.948055179076069,6
5278,68,19,56,10,-4.94813216675333,9
5279,100,12,20,7,-4.948684351907288,5
5280,41,33,64,20,-4.951397157092104,13
5281,64,10,85,6,-4.962701184974939,4
5282,107,44,76,28,-4.963511886446056,16
5283,90,23,96,14,-4.963939687748077,9
5284,114,21,27,12,-4.967571693509977,9
5285,23,11,98,6,-4.9699651611390046,5
5286,44,10,80,5,-4.973541413806909,5
5287,55,34,80,18,-4.987967529735274,16
5288,94,19,63,11,-4.988953899876624,8
5289,31,23,50,13,-4.991999785997781,10
5290,71,15,74,8,-4.993812181109021,7
5291,60,47,30,30,-4.996202188281949,17
5292,106,41,7,21,-5.003800212982272,20
5293,5,26,93,16,-5.004460526821323,10
5294,79,32,86,19,-5.00488592427506,13
5295,83,13,102,8,-5.00532757458448,5
5296,94,17,112,11,-5.010192110959217,6
5297,107,112,87,65,-5.012372894545065,47
5298,51,30,108,17,-5.01698524145716,13
5299,64,49,13,26,-5.0266998971793155,23
5300,87,36,94,20,-5.028702412089721,16
5301,41,24,20,13,-5.0314400771852865,11
5302,84,18,43,10,-5.034570350714231,8
5303,38,31,39,18,-5.039769505176328,13
5304,85,15,63,8,-5.044437930195333,7
5305,75,20,95,12,-5.050260152484932,8
5306,10,16,7,9,-5.060407065651959,7
5307,61,10,41,6,-5.060781095904467,4
5308,100,38,104,22,-5.075921827905522,16
5309,54,63,63,37,-5.076984855158649,26
5310,28,16,47,9,-5.079195021327367,7
5311,64,23,3,13,-5.079848362911409,10
5312,20,10,32,7,-5.08216341529211,3
5313,87,70,8,40,-5.084902312273524,30
5314,65,23,90,12,-5.084911236528136,11
5315,33,14,49,9,-5.095253781724579,5
5316,108,13,28,7,-5.102919930198643,6
5317,70,23,55,13,-5.1032220329288345,10
5318,54,30,9,17,-5.1065751437855,13
5319,1,10,30,6,-5.107240382060612,4
5320,4,18,75,11,-5.1124286444655915,7
5321,100,21,72,13,-5.123747732494324,8
5322,33,14,64,9,-5.132334361355248,5
5323,58,30,40,16,-5.133397385337809,14
5324,77,25,107,14,-5.133888332698846,11
5325,3,21,36,13,-5.136055944816986,8
5326,8,17,72,9,-5.13781996064983,8
5327,49,48,27,28,-5.1421479817942535,20
5328,97,13,11,7,-5.149154391162877,6
5329,9,24,106,14,-5.150083731218861,10
5330,60,57,39,32,-5.152802282703848,25
5331,28,16,35,8,-5.1531236605423,8
5332,5,12,67,7,-5.159840528973067,5
5333,93,13,98,7,-5.16002306712359,6
5334,56,11,91,6,-5.160182814393273,5
5335,96,29,65,16,-5.165027076154162,13
5336,104,58,86,33,-5.175649699323349,25
5337,97,17,75,10,-5.183439015487436,7
5338,43,14,23,8,-5.189120753246301,6
5339,71,10,6,6,-5.19369227829273,4
5340,113,13,40,8,-5.193726392686624,5
5341,80,18,104,10,-5.194103195079233,8
5342,39,25,46,12,-5.196853389468722,13
5343,8,26,64,16,-5.197739409340508,10
5344,49,27,78,15,-5.19822420135013,12
5345,53,36,16,22,-5.201094174764714,14
5346,7,106,16,60,-5.201721932894633,46
5347,43,21,63,12,-5.2076884486347055,9
5348,109,22,50,13,-5.207842202449344,9
5349,91,12,33,6,-5.213867650447791,6
5350,8,14,69,8,-5.216534828858884,6
5351,81,17,19,10,-5.218113087589113,7
5352,76,18,20,9,-5.218902337593748,9
5353,37,22,40,12,-5.218981261850287,10
5354,88,101,7,58,-5.220134457500581,43
5355,65,111,16,64,-5.221714128591706,47
5356,49,27,54,15,-5.2221669490494795,12
5357,106,54,54,29,-5.222938310920249,25
5358,39,23,92,12,-5.223931097826438,11
5359,5,11,35,6,-5.226534281744142,5
5360,23,12,9,7,-5.231512665759891,5
5361,25,21,91,12,-5.23677892954369,9
5362,16,14,52,8,-5.238731564661997,6
5363,40,26,25,15,-5.242222631716463,11
5364,65,14,85,8,-5.254482148208554,6
5365,31,11,35,6,-5.255104723881262,5
5366,78,13,38,8,-5.257855955824042,5
5367,1,11,34,8,-5.259854618241473,3
5368,104,67,107,39,-5.260319067961476,28
5369,75,55,86,30,-5.26427494208678,25
5370,92,11,28,7,-5.266199037582341,4
5371,86,87,11,50,-5.273960435375777,37
5372,50,42,104,25,-5.274159989604433,17
5373,87,15,45,9,-5.278722468966395,6
5374,62,23,13,13,-5.279557581763118,10
5375,88,11,56,6,-5.280224334897691,5
5376,66,17,63,10,-5.284182240989782,7
5377,109,13,62,6,-5.284405260681885,7
5378,27,50,100,28,-5.287624363758568,22
5379,28,19,14,12,-5.2887953454841945,7
5380,86,21,99,13,-5.291638236148403,8
5381,87,15,10,9,-5.299026363997258,6
5382,47,13,58,8,-5.30548176696703,5
5383,98,13,3,6,-5.306424260089196,7
5384,3,28,41,19,-5.308183069174531,9
5385,61,15,86,9,-5.3141256002493495,6
5386,19,19,38,13,-5.315551758814999,6
5387,3,40,7,24,-5.3159543510502685,16
5388,102,14,97,9,-5.335160623731844,5
5389,62,19,7,11,-5.339510147514966,8
5390,53,53,68,31,-5.342360173932808,22
5391,63,47,37,28,-5.351566239537104,19
5392,96,12,15,7,-5.353611172107395,5
5393,30,26,50,15,-5.354360679381177,11
5394,65,15,81,9,-5.355649781765625,6
5395,97,35,7,19,-5.356987360153851,16
5396,39,36,84,20,-5.3696744868149775,16
5397,18,25,15,15,-5.370261713586336,10
5398,103,16,65,10,-5.377768524309904,6
5399,109,22,100,14,-5.379853421224184,8
5400,68,38,54,23,-5.38244711210709,15
5401,51,31,49,18,-5.385702050111725,13
5402,86,40,64,23,-5.391204217901306,17
5403,33,20,8,12,-5.397787705463012,8
5404,58,11,4,7,-5.405037105567146,4
5405,19,32,11,20,-5.420057417715362,12
5406,76,27,98,16,-5.421334528995662,11
5407,25,38,104,21,-5.42238345531963,17
5408,63,33,104,19,-5.4225005902868935,14
5409,107,128,16,79,-5.431518804017521,49
5410,69,13,42,7,-5.432900919803644,6
5411,68,29,71,18,-5.435653336862234,11
5412,84,25,85,16,-5.43974367052044,9
5413,71,43,75,27,-5.454468163058883,16
5414,76,14,71,7,-5.456476326439049,7
5415,50,13,57,8,-5.460704285123115,5
5416,51,31,5,20,-5.465657211287607,11
5417,74,13,31,8,-5.468299370651384,5
5418,25,22,100,12,-5.476003695191371,10
5419,55,27,111,16,-5.4926637972483014,11
5420,102,10,67,6,-5.497246561771841,4
5421,69,28,58,15,-5.500786187625171,13
5422,64,15,44,9,-5.503275136525506,6
5423,40,13,2,8,-5.504797437287729,5
5424,19,14,40,9,-5.507682773045995,5
5425,109,13,32,7,-5.508051897308618,6
5426,81,10,80,5,-5.509744831821596,5
5427,83,19,95,12,-5.510188596504647,7
5428,65,23,45,12,-5.510611418282089,11
5429,65,55,27,33,-5.511757537656285,22
5430,87,28,80,17,-5.518166010205806,11
5431,7,33,28,20,-5.522079859732704,13
5432,77,15,74,9,-5.523098396212753,6
5433,11,33,15,20,-5.52412215625445,13
5434,102,11,64,7,-5.525256448935202,4
5435,100,77,16,46,-5.528114434757786,31
5436,86,56,27,33,-5.536809223154122,23
5437,23,21,64,12,-5.5388775759536575,9
5438,2,22,20,13,-5.544865436021075,9
5439,75,42,18,24,-5.546579166688544,18
5440,84,18,25,11,-5.5466876181289715,7
5441,31,53,36,30,-5.548564460468652,23
5442,25,41,8,25,-5.550067480025435,16
5443,54,16,69,9,-5.552096999235808,7
5444,46,44,8,24,-5.553053726096312,20
5445,4,11,46,6,-5.55622187464566,5
5446,95,30,13,17,-5.556983808516705,13
5447,40,72,13,41,-5.55717975004481,31
5448,95,10,31,6,-5.5581891593402775,4
5449,20,63,107,36,-5.562332766197254,27
5450,88,98,86,57,-5.562390170991595,41
5451,38,23,7,13,-5.575438881033769,10
5452,44,22,20,13,-5.576158683247875,9
5453,86,38,69,22,-5.57780243243977,16
5454,88,14,14,8,-5.580858903619988,6
5455,53,13,89,7,-5.581720835788214,6
5456,34,14,102,9,-5.587343030075011,5
5457,51,49,104,31,-5.5898408722731645,18
5458,96,38,20,23,-5.5910643603065,15
5459,64,17,80,9,-5.593698551425535,8
5460,10,11,23,6,-5.611414438981714,5
5461,60,13,72,8,-5.611432015329073,5
5462,91,26,68,14,-5.6194663727720915,12
5463,50,26,95,15,-5.619957219349124,11
5464,54,42,13,25,-5.620345999055131,17
5465,84,24,9,14,-5.622843694169617,10
5466,5,10,19,6,-5.6233787755961275,4
5467,17,21,5,14,-5.625033929201381,7
5468,73,28,86,15,-5.62531345595925,13
5469,20,16,78,9,-5.6294679305494935,7
5470,6,11,15,7,-5.630932126309074,4
5471,103,16,15,9,-5.63230736555337,7
5472,9,43,75,26,-5.632694127818325,17
5473,46,16,109,9,-5.636528034552768,7
5474,74,23,73,14,-5.649045009007229,9
5475,97,13,39,8,-5.649731064357227,5
5476,97,10,4,6,-5.649870700339136,4
5477,16,44,20,28,-5.653886889078911,16
5478,75,31,46,18,-5.654705399493304,13
5479,81,35,86,23,-5.660995703846438,12
5480,82,11,54,7,-5.66427830231393,4
5481,99,31,16,18,-5.66581833704302,13
5482,37,39,75,25,-5.670197882049106,14
5483,25,10,94,5,-5.671887186214519,5
5484,13,37,63,21,-5.677540897301028,16
5485,95,10,102,6,-5.68531996234082,4
5486,9,37,28,20,-5.685359581946876,17
5487,114,17,76,11,-5.686109810518627,6
5488,40,21,35,13,-5.689140213576859,8
5489,5,46,106,28,-5.689619439430468,18
5490,32,10,70,5,-5.692479372096212,5
5491,48,16,74,8,-5.700624808475295,8
5492,62,17,53,10,-5.701449545318568,7
5493,65,37,64,21,-5.704413748738565,16
5494,12,16,69,8,-5.715951067980107,8
5495,102,25,100,16,-5.719538880425677,9
5496,51,26,25,15,-5.726135112848949,11
5497,9,14,45,9,-5.727853500458989,5
5498,25,48,13,26,-5.729332953997916,22
5499,47,31,107,18,-5.730039668040247,13
5500,106,42,25,26,-5.737688222420908,16
5501,114,25,100,15,-5.743860264273012,10
5502,77,12,36,7,-5.751140829309579,5
5503,47,13,23,8,-5.7551420632928085,5
5504,53,13,58,6,-5.756559382638664,7
5505,68,15,80,9,-5.759836210772863,6
5506,65,59,30,35,-5.762519510174729,24
5507,54,10,61,6,-5.763750710129652,4
5508,50,17,15,10,-5.769945271210999,7
5509,60,45,23,27,-5.772794691627649,18
5510,15,20,47,11,-5.77631526354168,9
5511,86,23,47,14,-5.7820270671396585,9
5512,81,16,104,8,-5.786821230718981,8
5513,11,19,62,11,-5.7893692476300584,8
5514,19,13,48,7,-5.7924314405881985,6
5515,31,19,91,12,-5.801858258461768,7
5516,106,11,10,8,-5.803672894932928,3
5517,98,19,8,12,-5.806615359942182,7
5518,20,13,79,8,-5.810117746469,5
5519,85,13,19,8,-5.818975421540376,5
5520,5,16,40,9,-5.82052725169565,7
5521,69,40,13,24,-5.8433632929084185,16
5522,65,10,108,5,-5.847992745343311,5
5523,79,12,80,6,-5.851472407179256,6
5524,112,21,7,13,-5.863389950487481,8
5525,7,17,34,10,-5.863504951401834,7
5526,95,36,54,20,-5.865979569344108,16
5527,19,50,87,30,-5.875904223711482,20
5528,31,12,28,7,-5.87633787823225,5
5529,36,12,46,7,-5.88209418081934,5
5530,74,22,102,13,-5.882481039476403,9
5531,108,17,75,10,-5.88550634585497,7
5532,43,16,17,9,-5.888801333071093,7
5533,3,11,37,6,-5.889738338475411,5
5534,84,34,74,18,-5.89139952158172,16
5535,68,15,101,10,-5.891939886749793,5
5536,43,34,39,19,-5.8937669125434455,15
5537,91,16,51,10,-5.8958428007861405,6
5538,107,59,75,39,-5.896729059645905,20
5539,57,27,84,14,-5.910397185802948,13
5540,65,82,104,47,-5.912154582043186,35
5541,7,23,78,12,-5.919551023484503,11
5542,93,14,75,8,-5.9232430439307135,6
5543,114,20,73,12,-5.924435121305104,8
5544,104,26,53,15,-5.936620222245527,11
5545,38,28,16,19,-5.939629377317461,9
5546,17,48,16,31,-5.940232340982311,17
5547,53,15,28,9,-5.945744364633271,6
5548,76,31,28,17,-5.950271226300689,14
5549,10,12,97,6,-5.950831581917707,6
5550,102,25,11,14,-5.954662394051191,11
5551,40,18,97,11,-5.966918416140385,7
5552,81,16,47,10,-5.967835030110958,6
5553,87,21,102,13,-5.971447061156248,8
5554,18,20,64,12,-5.974775055211904,8
5555,8,96,16,58,-5.979899774107107,38
5556,77,25,3,14,-5.98288839075645,11
5557,84,20,98,13,-5.9888897315784195,7
5558,31,25,114,14,-5.9918765203954925,11
5559,54,21,94,12,-6.000772945562409,9
5560,98,11,112,7,-6.005421104961223,4
5561,19,34,29,21,-6.006279537520524,13
5562,8,33,34,20,-6.006661745556504,13
5563,37,60,87,36,-6.0118966801727876,24
5564,35,18,27,11,-6.016767935838185,7
5565,48,15,29,9,-6.020141509256062,6
5566,17,17,103,11,-6.022913063656272,6
5567,37,24,98,14,-6.023716027404387,10
5568,51,46,78,25,-6.027505517364009,21
5569,50,17,91,11,-6.027790824025908,6
5570,68,10,26,6,-6.030745942778486,4
5571,31,31,75,17,-6.03348213428737,14
5572,98,24,7,15,-6.033686003781978,9
5573,57,37,87,22,-6.038260235155494,15
5574,32,16,8,9,-6.041444852098721,7
5575,88,18,76,10,-6.043471817882156,8
5576,93,15,70,9,-6.04469500542117,6
5577,112,30,53,16,-6.0449768388221905,14
5578,18,24,63,15,-6.046455003215171,9
5579,14,14,39,8,-6.049336679853417,6
5580,41,27,23,16,-6.068042449918635,11
5581,88,64,65,40,-6.068722517026162,24
5582,16,23,6,12,-6.074728029131809,11
5583,87,109,16,65,-6.076057114924718,44
5584,77,28,39,16,-6.077067225304932,12
5585,102,13,23,7,-6.080684731147943,6
5586,107,23,111,12,-6.08814286411973,11
5587,108,14,96,8,-6.092516088942793,6
5588,87,57,100,32,-6.092775848253051,25
5589,47,11,54,6,-6.095812400128514,5
5590,69,16,62,9,-6.0981418118710495,7
5591,15,12,84,7,-6.09892148672844,5
5592,10,13,16,8,-6.102410867550437,5
5593,7,12,90,7,-6.108519045195329,5
5594,31,13,81,9,-6.1171597913254026,4
5595,50,18,3,10,-6.122691253496958,8
5596,88,35,25,23,-6.12387967695023,12
5597,65,29,49,17,-6.132432657786819,12
5598,97,20,41,12,-6.148946376824951,8
5599,68,48,114,28,-6.151577271829135,20
5600,7,32,100,19,-6.153012622391109,13
5601,103,12,18,8,-6.156389570504274,4
5602,47,27,75,18,-6.156969718274411,9
5603,81,11,50,6,-6.158903696641065,5
5604,100,25,23,15,-6.160200190912259,10
5605,36,47,13,29,-6.167141158071527,18
5606,93,10,80,5,-6.175234905241036,5
5607,71,12,91,7,-6.18747414228945,5
5608,97,26,87,17,-6.190868250218131,9
5609,48,18,50,11,-6.197823593871153,7
5610,2,28,63,16,-6.200018491851487,12
5611,20,49,65,31,-6.200424954113156,18
5612,37,21,41,13,-6.201755384784584,8
5613,70,28,74,15,-6.203999405338755,13
5614,12,14,63,7,-6.204748395941869,7
5615,84,15,35,9,-6.209299301194262,6
5616,70,24,114,15,-6.214622620602992,9
5617,91,42,16,27,-6.227187272730331,15
5618,5,48,114,28,-6.237633533478722,20
5619,55,65,107,38,-6.2629651896189,27
5620,107,58,30,35,-6.265220866431884,23
5621,95,12,15,7,-6.265255655621161,5
5622,5,45,20,28,-6.270373633442783,17
5623,4,21,86,13,-6.2794844995496994,8
5624,93,14,29,8,-6.281843189307091,6
5625,72,15,50,9,-6.282212191469299,6
5626,4,15,12,10,-6.285579029533407,5
5627,35,28,107,18,-6.28648605209851,10
5628,108,13,54,9,-6.288035508418626,4
5629,68,68,40,42,-6.288399173895767,26
5630,102,36,28,21,-6.294379170221602,15
5631,97,55,86,32,-6.295568946747488,23
5632,8,16,43,9,-6.2973312547824625,7
5633,53,48,107,29,-6.300738049492764,19
5634,98,18,70,12,-6.319051319272617,6
5635,51,37,77,21,-6.323702748298249,16
5636,16,70,30,43,-6.324562728148005,27
5637,86,43,43,26,-6.334706329753163,17
5638,55,12,89,7,-6.335775873531147,5
5639,17,10,12,6,-6.340271038954066,4
5640,96,17,85,12,-6.345069391274802,5
5641,27,13,92,7,-6.356396578041118,6
5642,43,19,64,11,-6.3596171770522805,8
5643,56,21,7,12,-6.361794853449643,9
5644,65,63,55,37,-6.3684891116276825,26
5645,102,15,33,9,-6.371524301983965,6
5646,17,18,72,11,-6.374145428769879,7
5647,27,16,28,11,-6.382931621067471,5
5648,96,13,33,6,-6.392035038140809,7
5649,37,20,80,12,-6.401050818487372,8
5650,54,18,91,10,-6.414686940093467,8
5651,23,10,61,6,-6.419517618014351,4
5652,80,23,96,14,-6.423400971659429,9
5653,100,21,75,11,-6.426877840881264,10
5654,94,18,69,11,-6.432434124144747,7
5655,33,16,68,10,-6.451134609706938,6
5656,28,10,6,6,-6.452419128804086,4
5657,18,23,50,13,-6.452668500546503,10
5658,91,20,8,12,-6.453847873736644,8
5659,10,15,11,9,-6.454288934219365,6
5660,57,19,97,11,-6.465009515620628,8
5661,68,11,98,7,-6.4699276959750645,4
5662,9,20,70,13,-6.477071321597405,7
5663,87,79,13,49,-6.49021242305732,30
5664,55,29,74,17,-6.503619546467788,12
5665,79,15,76,10,-6.514592595269537,5
5666,66,20,60,13,-6.515171561917162,7
5667,91,14,15,7,-6.516506116971919,7
5668,38,12,102,9,-6.529266346603463,3
5669,80,13,91,8,-6.531108694088673,5
5670,34,14,94,8,-6.5316475345754,6
5671,13,48,81,30,-6.534046463710123,18
5672,8,27,78,17,-6.539735477431525,10
5673,70,58,54,35,-6.543056803225656,23
5674,57,11,49,6,-6.545795026371636,5
5675,112,16,58,9,-6.546457957272807,7
5676,23,32,106,17,-6.5490553960891695,15
5677,19,22,64,15,-6.56099923334209,7
5678,50,17,78,11,-6.562139985257883,6
5679,30,15,112,10,-6.562692428407148,5
5680,63,31,75,18,-6.570041946714375,13
5681,114,26,53,15,-6.571088082289226,11
5682,60,33,49,20,-6.5716085183615585,13
5683,101,11,27,7,-6.582303845846212,4
5684,67,16,34,8,-6.586851367561421,8
5685,3,33,49,19,-6.592008597219499,14
5686,79,20,30,13,-6.592079457136293,7
5687,63,31,64,18,-6.595351994440166,13
5688,90,14,41,8,-6.5967648052143675,6
5689,49,18,72,11,-6.60594693675743,7
5690,35,25,11,15,-6.6098986532599575,10
5691,57,11,91,6,-6.612021080869433,5
5692,29,15,70,8,-6.612089427667156,7
5693,77,12,102,7,-6.618078815941928,5
5694,30,14,23,8,-6.618468991829209,6
5695,68,21,20,12,-6.619136630374986,9
5696,38,17,12,10,-6.62024917402118,7
5697,46,38,74,24,-6.622188071735937,14
5698,3,50,16,31,-6.626018662566253,19
5699,5,48,25,29,-6.626414170343123,19
5700,13,43,47,26,-6.630254291387857,17
5701,37,22,39,13,-6.632156694863052,9
5702,77,29,49,19,-6.634323972200785,10
5703,65,30,4,18,-6.635600395573753,12
5704,17,38,86,21,-6.641619574926921,17
5705,5,26,32,16,-6.6474470604519045,10
5706,63,59,8,34,-6.653552632837189,25
5707,37,19,71,11,-6.65399605348867,8
5708,71,11,83,6,-6.6562053803338666,5
5709,80,13,19,8,-6.6570365011750905,5
5710,54,20,85,13,-6.664179187550933,7
5711,86,34,34,20,-6.6743605007457365,14
5712,68,31,23,17,-6.676959480055365,14
5713,98,24,11,14,-6.689063597940291,10
5714,28,54,104,32,-6.697414309723438,22
5715,106,11,111,8,-6.697425895741327,3
5716,23,25,63,16,-6.701335055503609,9
5717,38,11,108,7,-6.702463242169256,4
5718,74,15,83,8,-6.703298030488857,7
5719,97,35,28,22,-6.716635909782018,13
5720,32,10,65,6,-6.718474357729474,4
5721,95,13,14,8,-6.731405281187272,5
5722,96,38,74,24,-6.731828732252354,14
5723,69,20,15,13,-6.736896270525392,7
5724,48,26,84,16,-6.740791105108492,10
5725,74,23,100,14,-6.742923050259367,9
5726,68,13,45,8,-6.747691137383073,5
5727,71,10,94,6,-6.748460655059317,4
5728,109,27,63,15,-6.749986635160669,12
5729,50,17,33,10,-6.750798742645295,7
5730,8,39,13,24,-6.751757053519926,15
5731,96,82,86,50,-6.757041595559337,32
5732,63,63,51,35,-6.773843003389744,28
5733,42,10,8,5,-6.78054178477664,5
5734,38,14,2,8,-6.792448237787324,6
5735,31,10,55,6,-6.798197972656263,4
5736,87,23,108,14,-6.799580586486786,9
5737,49,16,28,9,-6.8012848235530035,7
5738,13,50,71,29,-6.804323620324037,21
5739,102,22,50,12,-6.80991941483062,10
5740,9,32,8,17,-6.810878783728156,15
5741,51,101,39,61,-6.8132830847231824,40
5742,4,13,56,7,-6.816273515879698,6
5743,31,69,68,41,-6.8216343585610195,28
5744,65,14,79,8,-6.821859416038812,6
5745,106,25,95,16,-6.830338155584793,9
5746,29,15,20,9,-6.832826874702706,6
5747,51,28,62,17,-6.837263314130047,11
5748,94,21,76,14,-6.845095543102229,7
5749,51,99,7,62,-6.849475435937795,37
5750,37,25,30,16,-6.853302921187577,9
5751,68,36,11,21,-6.85543924100114,15
5752,86,47,41,30,-6.858675087687564,17
5753,4,43,60,24,-6.864343045215706,19
5754,69,19,29,11,-6.87026975866342,8
5755,38,12,34,8,-6.8714448233593854,4
5756,108,17,19,10,-6.881086420926002,7
5757,99,15,106,10,-6.882359612487446,5
5758,15,28,29,17,-6.882712695666244,11
5759,112,17,18,11,-6.887267609994753,6
5760,67,13,88,9,-6.891493842154355,4
5761,62,33,107,18,-6.9022637475512845,15
5762,68,21,58,13,-6.90465268486649,8
5763,29,17,28,10,-6.905526522456792,7
5764,37,36,13,22,-6.914764249585317,14
5765,29,33,39,18,-6.938842255810811,15
5766,88,12,99,7,-6.939131232028662,5
5767,50,33,60,18,-6.944865376684973,15
5768,88,20,58,12,-6.951724289335951,8
5769,51,25,4,16,-6.952578906103856,9
5770,55,30,109,16,-6.952801077513018,14
5771,63,20,90,12,-6.95733483322538,8
5772,104,18,32,12,-6.959225086389547,6
5773,39,15,111,9,-6.9608600117118025,6
5774,36,34,16,21,-6.96230955324868,13
5775,97,23,18,14,-6.965163575719862,9
5776,68,22,29,14,-6.975698761703106,8
5777,49,70,39,44,-6.976919265556923,26
5778,103,21,13,14,-6.977895728155675,7
5779,30,30,53,18,-6.98498975026545,12
5780,55,20,17,11,-6.987444025974705,9
5781,13,23,111,13,-6.988942249892523,10
5782,5,15,62,9,-6.9927087595973925,6
5783,87,21,4,14,-6.993636995986407,7
5784,54,14,79,9,-6.993661154009002,5
5785,57,33,8,21,-6.998719542214547,12
5786,54,26,93,17,-7.002072182522708,9
5787,69,13,40,9,-7.006717860168283,4
5788,90,33,54,20,-7.009009901151707,13
5789,77,22,12,13,-7.011612302056173,9
5790,38,25,63,17,-7.013791456544737,8
5791,43,15,12,10,-7.021564164922878,5
5792,53,27,87,15,-7.0226395127694765,12
5793,87,59,68,36,-7.025146503692478,23
5794,40,15,95,9,-7.026458120737084,6
5795,43,10,80,6,-7.031005677454656,4
5796,48,15,76,10,-7.031929988428476,5
5797,27,19,37,12,-7.034792767414986,7
5798,60,18,94,11,-7.03515997246868,7
5799,114,11,72,6,-7.039741382461142,5
5800,97,25,55,16,-7.041738062020974,9
5801,51,112,86,65,-7.045124405985645,47
5802,73,16,65,10,-7.056062739811477,6
5803,36,18,99,12,-7.061516094995873,6
5804,63,27,98,16,-7.061533653908025,11
5805,53,10,85,7,-7.0781457464371815,3
5806,70,35,28,21,-7.078735797739843,14
5807,76,37,16,20,-7.082520344517178,17
5808,3,27,104,17,-7.086280408507764,10
5809,64,26,30,16,-7.0955835601535755,10
5810,17,14,38,8,-7.099034060595349,6
5811,45,10,1,6,-7.100044646871247,4
5812,54,32,100,20,-7.10626505268504,12
5813,7,33,45,20,-7.114147641228475,13
5814,83,30,86,20,-7.114862976089347,10
5815,76,27,65,18,-7.121500914302365,9
5816,107,12,67,8,-7.124134838046419,4
5817,38,11,62,7,-7.1316627039169695,4
5818,58,14,30,9,-7.134101849433175,5
5819,15,39,27,22,-7.136849333340001,17
5820,68,28,97,17,-7.141635420047943,11
5821,78,13,33,8,-7.142209395263034,5
5822,55,50,40,31,-7.142420946012767,19
5823,60,17,5,11,-7.144002600647478,6
5824,69,12,111,7,-7.144443379259754,5
5825,51,26,97,17,-7.145200913148901,9
5826,19,18,84,11,-7.145362039647058,7
5827,37,14,29,8,-7.14724630286853,6
5828,3,25,114,16,-7.152889180930064,9
5829,30,13,80,8,-7.153305949978541,5
5830,48,13,69,7,-7.158814996268265,6
5831,60,23,17,14,-7.159951280063792,9
5832,14,14,86,8,-7.166696838482464,6
5833,55,39,104,24,-7.167673821947763,15
5834,57,19,114,12,-7.16817977917647,7
5835,61,13,30,8,-7.1697153559652405,5
5836,112,16,36,10,-7.175574629533439,6
5837,29,24,98,15,-7.1803162169621215,9
5838,43,41,107,25,-7.185388949196882,16
5839,43,15,112,9,-7.1893251112725896,6
5840,52,22,86,14,-7.203855363753252,8
5841,8,27,18,18,-7.207241863382852,9
5842,90,15,30,9,-7.212567303813302,6
5843,30,16,114,9,-7.223280031087767,7
5844,63,25,57,14,-7.224570014752202,11
5845,77,21,78,13,-7.235135596673452,8
5846,40,27,114,18,-7.240772461331045,9
5847,5,14,31,9,-7.246607645789562,5
5848,96,12,69,8,-7.2527556906488755,4
5849,91,29,87,18,-7.256753645120718,11
5850,81,19,75,12,-7.259552889264539,7
5851,10,14,63,9,-7.261720580359904,5
5852,48,14,100,8,-7.263809625362936,6
5853,98,17,20,11,-7.267496359610283,6
5854,70,16,110,10,-7.267896542251016,6
5855,96,10,62,7,-7.268496266352443,3
5856,57,13,106,7,-7.272492874678534,6
5857,68,20,55,13,-7.273979151335479,7
5858,29,16,97,10,-7.284915525257297,6
5859,17,18,23,11,-7.286484354574564,7
5860,40,31,43,18,-7.287691070183636,13
5861,40,33,54,20,-7.298767912387552,13
5862,57,16,9,10,-7.3012995151759785,6
5863,93,20,16,11,-7.319623013756244,9
5864,5,42,70,25,-7.323141246130922,17
5865,88,30,62,18,-7.323841783087013,12
5866,2,16,75,9,-7.332326563651874,7
5867,34,24,78,14,-7.336336560215481,10
5868,46,25,57,15,-7.338734215518554,10
5869,104,41,40,26,-7.342291894534161,15
5870,114,18,23,12,-7.344942637597017,6
5871,79,24,48,15,-7.345817828277464,9
5872,50,18,85,11,-7.350694340500689,7
5873,58,25,16,16,-7.354299843099007,9
5874,9,19,17,11,-7.358179157868899,8
5875,8,25,73,15,-7.3587900254771785,10
5876,33,16,25,11,-7.36592627296452,5
5877,55,72,16,46,-7.367072119933609,26
5878,80,14,31,10,-7.367135464628977,4
5879,71,10,73,6,-7.373234065194552,4
5880,23,48,13,27,-7.373546879981893,21
5881,81,19,71,12,-7.374213709282582,7
5882,71,29,50,17,-7.386130219514863,12
5883,5,10,1,6,-7.391988711274882,4
5884,12,19,19,10,-7.4013837482692155,9
5885,94,11,20,7,-7.40491165274963,4
5886,20,30,70,19,-7.408681007686701,11
5887,41,34,36,18,-7.412500474371831,16
5888,17,14,98,8,-7.4280444792091895,6
5889,9,46,16,30,-7.4405406867592765,16
5890,19,23,41,15,-7.443816997766071,8
5891,49,22,34,13,-7.4445926572295065,9
5892,71,12,11,7,-7.444969376445684,5
5893,87,36,48,23,-7.446817758629747,13
5894,110,21,37,12,-7.457046552670356,9
5895,65,20,72,12,-7.457100384585223,8
5896,70,12,100,7,-7.4587771296449565,5
5897,80,11,27,7,-7.461746767808683,4
5898,53,12,45,7,-7.463487107897495,5
5899,39,18,110,12,-7.464111416570426,6
5900,65,25,18,15,-7.467319094675634,10
5901,13,28,58,19,-7.470332721233391,9
5902,31,37,64,23,-7.4738922265185375,14
5903,63,15,108,9,-7.475559971035059,6
5904,36,14,70,8,-7.476080415111231,6
5905,102,29,65,19,-7.485629014664141,10
5906,109,21,7,13,-7.49374057253885,8
5907,61,16,107,9,-7.509321940652878,7
5908,69,18,104,12,-7.510735223332436,6
5909,47,11,85,8,-7.514718359567324,3
5910,87,52,7,33,-7.517208318589071,19
5911,17,17,41,11,-7.526219064648907,6
5912,55,11,6,8,-7.526848268362213,3
5913,7,16,33,9,-7.532188482638043,7
5914,77,15,17,9,-7.533332094576503,6
5915,55,22,34,13,-7.5346031268462745,9
5916,46,10,85,7,-7.538229298143678,3
5917,69,28,78,17,-7.539471489927139,11
5918,55,13,49,8,-7.5458342197342585,5
5919,49,42,107,26,-7.54869416702441,16
5920,103,19,39,12,-7.555167426699794,7
5921,104,21,9,13,-7.555832585448779,8
5922,40,38,87,22,-7.562449238427529,16
5923,45,19,60,11,-7.562934672858015,8
5924,49,23,75,14,-7.565086245339051,9
5925,5,14,34,10,-7.5706698448560905,4
5926,12,37,100,22,-7.573615059890708,15
5927,114,31,28,18,-7.584853881328922,13
5928,36,10,72,6,-7.585561627806541,4
5929,103,24,11,16,-7.585830317962974,8
5930,57,36,11,20,-7.587225628637274,16
5931,64,24,55,16,-7.5905103785531685,8
5932,9,38,87,22,-7.592453429043,16
5933,36,20,18,12,-7.59490287850123,8
5934,7,30,37,18,-7.598616530184265,12
5935,88,25,108,16,-7.612957755702023,9
5936,69,32,60,18,-7.613845124007753,14
5937,88,124,16,78,-7.617156212073705,46
5938,72,22,54,14,-7.618738189484295,8
5939,27,14,71,9,-7.62097447229337,5
5940,61,11,69,8,-7.633216471104327,3
5941,5,29,97,19,-7.639418302115126,10
5942,60,11,70,7,-7.646435749026202,4
5943,31,13,33,7,-7.647223417443056,6
5944,3,30,19,18,-7.65432850050548,12
5945,60,39,104,27,-7.655966632440946,12
5946,66,11,104,8,-7.6588091193640615,3
5947,112,29,27,18,-7.661494705671572,11
5948,69,44,16,28,-7.665479946548732,16
5949,77,26,41,17,-7.665671674519284,9
5950,96,24,37,14,-7.66584492569651,10
5951,62,22,28,13,-7.667182073614821,9
5952,38,29,37,18,-7.668156637885105,11
5953,86,66,100,39,-7.673140274412298,27
5954,104,10,72,6,-7.673968450836452,4
5955,55,35,50,20,-7.677574556383835,15
5956,29,42,65,26,-7.677996095860502,16
5957,63,76,16,47,-7.685927446350538,29
5958,11,32,5,20,-7.6874421575338765,12
5959,7,25,111,15,-7.6903234257719815,10
5960,1,28,86,17,-7.696680317913658,11
5961,68,61,75,39,-7.698232004910782,22
5962,86,42,98,25,-7.705613124334462,17
5963,96,21,114,13,-7.708209589747942,8
5964,27,29,72,17,-7.712316498929216,12
5965,76,22,13,13,-7.713193951992328,9
5966,3,16,17,9,-7.7198572416158076,7
5967,94,28,30,17,-7.7213771310551085,11
5968,101,14,16,9,-7.729447625525013,5
5969,26,10,87,6,-7.730492735259905,4
5970,72,12,76,8,-7.731997605583364,4
5971,29,18,46,9,-7.738693511487547,9
5972,29,20,49,12,-7.741005146754658,8
5973,84,11,44,6,-7.741464370739851,5
5974,111,10,30,7,-7.744421754490768,3
5975,54,13,73,8,-7.746921178252214,5
5976,39,95,16,58,-7.748756078879849,37
5977,68,29,28,19,-7.7489930389673605,10
5978,11,38,100,24,-7.7524005573637345,14
5979,25,49,37,29,-7.755599308877523,20
5980,73,11,53,7,-7.756297558195456,4
5981,34,19,29,11,-7.767616545334048,8
5982,114,14,92,10,-7.774797164908212,4
5983,81,18,114,10,-7.777439516700387,8
5984,87,62,27,38,-7.782709431356691,24
5985,111,10,47,6,-7.786638633209642,4
5986,78,11,108,7,-7.797957113003336,4
5987,110,12,114,8,-7.80031681097971,4
5988,94,17,3,10,-7.803158745647014,7
5989,46,46,25,27,-7.8204011950255445,19
5990,86,19,10,11,-7.821831100451638,8
5991,106,63,13,39,-7.824636159857551,24
5992,1,20,114,13,-7.837742070296789,7
5993,94,32,27,20,-7.841897008935572,12
5994,88,80,54,50,-7.854553313400373,30
5995,91,26,106,17,-7.859341034872017,9
5996,35,12,44,7,-7.859665557157517,5
5997,98,15,108,9,-7.863072789163925,6
5998,53,26,27,17,-7.864216242382975,9
5999,90,25,114,15,-7.8701656835045455,10
6000,77,35,27,22,-7.8745216976484995,13
6001,57,24,3,15,-7.8909441865834316,9
6002,51,16,111,10,-7.892613399402855,6
6003,29,16,17,9,-7.899676305324425,7
6004,90,14,53,9,-7.901032299292589,5
6005,31,11,78,6,-7.904414780494012,5
6006,38,13,71,9,-7.906029048659733,4
6007,82,10,88,6,-7.9125780836424955,4
6008,33,13,30,9,-7.913395188124881,4
6009,61,14,6,9,-7.915350050859162,5
6010,18,22,54,13,-7.917650548154778,9
6011,3,27,78,16,-7.9286272661286095,11
6012,103,16,78,12,-7.929047988565183,4
6013,2,12,30,7,-7.930773013016298,5
6014,87,17,73,12,-7.94220715025842,5
6015,64,34,16,22,-7.948318536704253,12
6016,109,53,54,34,-7.951130265295214,19
6017,63,17,111,10,-7.959677987637775,7
6018,39,21,23,13,-7.9630880242589255,8
6019,61,10,58,6,-7.964357976226589,4
6020,5,25,65,15,-7.967561696591303,10
6021,57,16,30,10,-7.9742408104907305,6
6022,68,20,34,12,-7.978044783319167,8
6023,76,26,112,15,-7.97915167815144,11
6024,84,28,5,17,-7.986435375626319,11
6025,3,19,20,12,-7.98758608002235,7
6026,103,26,86,17,-7.990247116755648,9
6027,70,16,13,10,-7.990308468406848,6
6028,40,16,98,9,-7.9934169616460915,7
6029,6,22,44,15,-7.994067314889739,7
6030,96,19,102,12,-7.995631160966494,7
6031,88,42,39,26,-8.004378009209995,16
6032,81,18,41,12,-8.009042710590084,6
6033,98,31,91,19,-8.010154956050265,12
6034,88,47,63,31,-8.011636403272155,16
6035,9,11,35,6,-8.012816785902407,5
6036,52,12,63,7,-8.015196003418383,5
6037,103,24,107,15,-8.016166874931006,9
6038,50,41,75,27,-8.02466935745211,14
6039,15,15,62,9,-8.026015633994907,6
6040,66,13,87,8,-8.030847362070954,5
6041,18,18,100,10,-8.035989461751754,8
6042,84,36,20,25,-8.04861670328596,11
6043,46,15,19,9,-8.056646218005671,6
6044,87,37,78,23,-8.058116178413243,14
6045,107,39,12,26,-8.060810174073573,13
6046,15,15,12,9,-8.061809473862587,6
6047,46,13,53,8,-8.064750592390654,5
6048,68,38,76,27,-8.067259765332077,11
6049,70,18,50,10,-8.072010588554933,8
6050,19,23,28,15,-8.074139814737293,8
6051,48,35,86,22,-8.077263763613384,13
6052,97,16,110,10,-8.077466293642948,6
6053,5,61,8,37,-8.080732178020163,24
6054,4,17,43,10,-8.083539648296872,7
6055,8,44,109,26,-8.084532850874995,18
6056,78,45,27,30,-8.094234380040165,15
6057,46,42,37,28,-8.095895819595153,14
6058,49,11,95,8,-8.095998639719069,3
6059,29,28,84,17,-8.097345709310337,11
6060,55,31,30,20,-8.098468910297374,11
6061,111,11,81,8,-8.120062859865854,3
6062,110,11,20,7,-8.125291114928718,4
6063,87,27,34,17,-8.12723012634996,10
6064,107,14,56,8,-8.142413744294045,6
6065,112,10,4,6,-8.145974306589782,4
6066,51,49,76,32,-8.147426040460973,17
6067,8,31,68,19,-8.152272734975385,12
6068,20,17,33,11,-8.157924685534638,6
6069,9,20,76,13,-8.161384986883025,7
6070,107,17,89,11,-8.166325065106975,6
6071,77,29,30,19,-8.177056094049236,10
6072,46,48,16,31,-8.195097781262247,17
6073,39,25,74,15,-8.19553508787693,10
6074,93,24,87,15,-8.201353690040278,9
6075,51,42,64,26,-8.201880887276833,16
6076,27,76,16,48,-8.208343393350667,28
6077,15,12,34,8,-8.217126810746985,4
6078,40,14,112,8,-8.221202026655053,6
6079,57,18,76,12,-8.224487012675361,6
6080,71,10,99,6,-8.22496630028886,4
6081,106,21,69,13,-8.230262561693124,8
6082,15,29,8,17,-8.25475655550095,12
6083,94,12,103,7,-8.264881457481591,5
6084,14,12,37,7,-8.266467835075433,5
6085,91,18,41,12,-8.276671952774393,6
6086,106,31,90,21,-8.28384546124837,10
6087,56,17,86,11,-8.300855291965847,6
6088,57,13,10,9,-8.304300512026645,4
6089,109,23,74,15,-8.306575916019822,8
6090,48,13,90,8,-8.30973168111364,5
6091,9,15,25,10,-8.323455878342047,5
6092,103,27,27,17,-8.336735171369103,10
6093,96,25,48,16,-8.343995751105185,9
6094,31,32,41,20,-8.353957395244585,12
6095,5,22,7,14,-8.357081514884824,8
6096,25,45,7,29,-8.372806618348289,16
6097,60,48,27,32,-8.376015772921441,16
6098,68,25,62,15,-8.382615098007268,10
6099,62,10,43,6,-8.394379014204606,4
6100,19,17,63,11,-8.404706837961044,6
6101,67,14,109,7,-8.41022889195963,7
6102,102,12,41,8,-8.421036787338009,4
6103,90,19,73,12,-8.424101991862472,7
6104,103,14,88,9,-8.430464226549898,5
6105,114,20,55,13,-8.432483182241098,7
6106,70,24,96,13,-8.437417991026262,11
6107,95,11,29,7,-8.438441558722076,4
6108,41,24,8,16,-8.446748885751395,8
6109,96,14,95,9,-8.450373982592183,5
6110,106,16,12,11,-8.461406597257815,5
6111,107,39,48,24,-8.464254422847032,15
6112,20,37,63,22,-8.464473402081472,15
6113,112,26,39,16,-8.46467402651886,10
6114,19,28,103,17,-8.469047877005718,11
6115,79,13,112,8,-8.473860498540244,5
6116,85,14,55,9,-8.476039600481302,5
6117,12,22,104,14,-8.476612801257941,8
6118,40,28,64,18,-8.49607162432113,10
6119,76,22,100,13,-8.49713218940079,9
6120,45,10,91,6,-8.504304930616431,4
6121,40,23,62,12,-8.506273692628868,11
6122,6,21,13,13,-8.50747605743762,8
6123,52,11,50,6,-8.515472572504802,5
6124,69,22,81,13,-8.51799786685539,9
6125,61,20,53,14,-8.524850655507478,6
6126,63,11,110,7,-8.534985747455591,4
6127,35,12,94,7,-8.545638882275087,5
6128,63,11,93,7,-8.547776338932225,4
6129,67,15,16,10,-8.550473387804695,5
6130,2,11,94,7,-8.550586885180518,4
6131,36,11,78,7,-8.552435160203329,4
6132,80,12,41,8,-8.558761558111074,4
6133,93,10,49,6,-8.572163796775683,4
6134,55,23,95,15,-8.57500650986488,8
6135,77,18,53,11,-8.576780251337032,7
6136,68,13,108,8,-8.580585833252005,5
6137,93,44,65,26,-8.591281807406075,18
6138,107,34,2,22,-8.596357154255283,12
6139,29,28,100,17,-8.59708989650426,11
6140,14,22,16,14,-8.60697123103142,8
6141,65,24,1,14,-8.633116949744032,10
6142,81,13,77,8,-8.634208883835614,5
6143,58,12,70,8,-8.662523092509444,4
6144,43,57,13,33,-8.667870618515193,24
6145,54,11,53,7,-8.670288326383613,4
6146,31,12,19,8,-8.67684008479621,4
6147,31,31,9,20,-8.678153869820548,11
6148,68,67,39,41,-8.679610428054554,26
6149,20,41,39,24,-8.683414479878408,17
6150,76,49,86,30,-8.683760649202954,19
6151,77,13,46,8,-8.692557302357297,5
6152,19,20,34,13,-8.7005736514845,7
6153,86,15,45,9,-8.710518828201982,6
6154,45,10,58,6,-8.721721801464438,4
6155,8,20,62,14,-8.725180325771555,6
6156,17,22,4,15,-8.72773506800961,7
6157,103,18,34,12,-8.732399245718996,6
6158,106,14,38,7,-8.74501943352997,7
6159,19,15,17,10,-8.757673461754576,5
6160,64,17,70,12,-8.763483643924097,5
6161,1,27,16,19,-8.77734005429633,8
6162,18,23,106,15,-8.778191080978738,8
6163,37,16,94,10,-8.782776933637447,6
6164,39,51,30,31,-8.783045292899404,20
6165,99,14,77,10,-8.784719144285262,4
6166,107,11,26,7,-8.789963547813729,4
6167,28,17,41,11,-8.792780130820775,6
6168,42,10,106,7,-8.802546839644418,3
6169,47,18,36,12,-8.810892372607713,6
6170,77,22,63,15,-8.81999753264251,7
6171,36,19,63,12,-8.822881427312195,7
6172,12,10,20,6,-8.842914423325945,4
6173,87,15,32,10,-8.84415502943487,5
6174,51,16,35,10,-8.849945437990398,6
6175,66,22,107,14,-8.85129730206017,8
6176,12,15,6,8,-8.873687126500895,7
6177,53,11,49,7,-8.876928289416243,4
6178,13,23,90,15,-8.883764352926041,8
6179,109,18,75,12,-8.883837567249163,6
6180,97,12,69,8,-8.888377862411463,4
6181,104,12,48,8,-8.912185347145057,4
6182,25,19,110,13,-8.917701672558223,6
6183,88,10,26,6,-8.91952728239028,4
6184,91,10,11,7,-8.923724837318142,3
6185,84,22,13,15,-8.926224969766146,7
6186,31,12,73,8,-8.93891957013575,4
6187,74,26,51,18,-8.938947542412075,8
6188,41,34,11,23,-8.953991407123155,11
6189,32,11,28,7,-8.963821007682874,4
6190,81,14,11,9,-8.967824856070845,5
6191,114,20,47,12,-8.969382880850324,8
6192,36,18,97,11,-8.970668153566264,7
6193,112,20,88,13,-8.974262508725221,7
6194,52,15,28,9,-8.975367013246691,6
6195,81,10,48,7,-8.989696104511108,3
6196,80,15,78,10,-8.990142670025005,5
6197,72,10,38,6,-8.999506480702255,4
6198,88,30,30,18,-9.008031571554382,12
6199,36,15,5,9,-9.008614310253614,6
6200,12,18,28,12,-9.017903873482359,6
6201,33,16,63,10,-9.020049921268521,6
6202,19,42,27,28,-9.023349592084717,14
6203,43,21,57,15,-9.037620763544444,6
6204,45,16,35,9,-9.0400315918615,7
6205,13,45,30,29,-9.051437813033681,16
6206,60,31,100,20,-9.061505094229707,11
6207,86,29,44,19,-9.073857704921481,10
6208,107,39,80,26,-9.074881524481423,13
6209,40,16,57,10,-9.075047590769474,6
6210,8,34,95,21,-9.07920947405897,13
6211,75,12,94,8,-9.080901166069642,4
6212,31,15,109,10,-9.113887572404183,5
6213,17,11,92,7,-9.114563540800457,4
6214,2,13,57,8,-9.119959996501734,5
6215,102,17,30,10,-9.136610239450578,7
6216,106,25,39,15,-9.155969378752744,10
6217,5,43,50,26,-9.156049369840705,17
6218,63,21,62,13,-9.161474645821366,8
6219,72,14,63,10,-9.168022793278983,4
6220,40,15,92,10,-9.168940871834318,5
6221,29,22,112,14,-9.174610307731975,8
6222,38,14,53,9,-9.17946873124013,5
6223,58,19,54,11,-9.183988111852097,8
6224,91,14,23,8,-9.188824217195519,6
6225,18,31,68,20,-9.190826393650616,11
6226,63,16,81,10,-9.193429569946268,6
6227,114,21,95,13,-9.195016624238182,8
6228,76,36,63,24,-9.197425932191027,12
6229,40,17,73,11,-9.199997222971483,6
6230,90,11,93,7,-9.204947446014161,4
6231,12,15,98,10,-9.22694029536893,5
6232,69,16,70,11,-9.227346228401576,5
6233,3,17,54,10,-9.232444908063064,7
6234,20,23,91,14,-9.233435902067152,9
6235,62,12,18,8,-9.23480098215858,4
6236,53,15,78,9,-9.245467105519943,6
6237,51,22,34,14,-9.254702967852264,8
6238,43,36,100,22,-9.256635415426679,14
6239,94,17,114,10,-9.267018335328506,7
6240,27,30,54,19,-9.269071237772641,11
6241,38,10,45,7,-9.31109379184883,3
6242,86,26,29,17,-9.312176261822106,9
6243,84,10,77,7,-9.326879307665175,3
6244,81,13,54,8,-9.335698946306055,5
6245,2,29,28,19,-9.34282167881126,10
6246,87,20,1,12,-9.344990956449259,8
6247,28,12,26,8,-9.352858082446943,4
6248,84,21,104,13,-9.37162724208143,8
6249,4,16,27,10,-9.378715415982104,6
6250,16,25,81,16,-9.384174025613888,9
6251,36,11,109,8,-9.390936468630553,3
6252,38,16,27,11,-9.401601002215298,5
6253,2,15,13,9,-9.422510080465482,6
6254,63,11,32,7,-9.44232166344675,4
6255,87,12,21,8,-9.455785486787555,4
6256,15,13,48,8,-9.460060192318016,5
6257,96,47,16,33,-9.462953828826512,14
6258,15,23,43,15,-9.471477205647833,8
6259,57,16,23,10,-9.474501256774834,6
6260,98,22,13,15,-9.474726692398683,7
6261,85,11,3,6,-9.478406721140294,5
6262,84,11,18,7,-9.493458888054228,4
6263,66,12,11,7,-9.498908037150544,5
6264,99,22,37,15,-9.502759058160713,7
6265,51,35,15,22,-9.503627084553733,13
6266,2,13,114,8,-9.50915856241785,5
6267,80,14,90,10,-9.509239360264804,4
6268,69,13,33,8,-9.51115802646404,5
6269,36,17,8,11,-9.51236026695053,6
6270,64,14,62,8,-9.515284324050947,6
6271,9,27,18,18,-9.520249042639605,9
6272,25,32,20,21,-9.520523686179052,11
6273,31,22,1,13,-9.525804060927038,9
6274,51,15,48,8,-9.527077025607763,7
6275,75,11,20,7,-9.527707505687719,4
6276,108,13,106,9,-9.535201707134298,4
6277,107,25,33,15,-9.539564483245073,10
6278,34,13,18,9,-9.550016463821068,4
6279,13,23,26,16,-9.562123129591576,7
6280,31,28,27,16,-9.569633624787404,12
6281,48,12,17,7,-9.570482008629265,5
6282,7,20,73,12,-9.582485903794177,8
6283,43,21,54,13,-9.585604342831413,8
6284,112,27,64,19,-9.59501283307151,8
6285,53,13,8,9,-9.596286006275326,4
6286,84,18,83,11,-9.60947373437216,7
6287,8,14,99,8,-9.611065592860308,6
6288,109,17,70,11,-9.623350653501726,6
6289,12,18,103,10,-9.627784072806602,8
6290,39,44,18,29,-9.63146242776497,15
6291,53,23,41,15,-9.631953807885303,8
6292,57,18,103,12,-9.636212144542752,6
6293,114,10,22,5,-9.649313306364819,5
6294,75,11,85,8,-9.651599660168168,3
6295,13,10,101,7,-9.652646543094523,3
6296,71,12,100,8,-9.66068752031631,4
6297,60,47,64,32,-9.661747726131638,15
6298,114,34,8,23,-9.699231858321152,11
6299,84,30,8,20,-9.700360955856535,10
6300,11,18,75,11,-9.710887852205726,7
6301,8,15,52,10,-9.715026692600487,5
6302,37,12,78,8,-9.71930744346727,4
6303,89,13,48,10,-9.72016162500569,3
6304,31,19,43,9,-9.720852773553686,10
6305,3,57,13,38,-9.732565767154382,19
6306,18,49,16,33,-9.751591518104966,16
6307,74,17,34,12,-9.755899618645072,5
6308,53,14,15,9,-9.759389882181187,5
6309,51,30,95,21,-9.77001175442697,9
6310,104,16,78,11,-9.779904760315915,5
6311,83,24,37,15,-9.783726366978415,9
6312,93,10,62,6,-9.798162399200404,4
6313,62,16,114,10,-9.799890996069498,6
6314,109,21,53,14,-9.80472277411344,7
6315,55,20,27,14,-9.808864964478701,6
6316,87,44,43,29,-9.813939828273263,15
6317,17,24,40,16,-9.815776001763277,8
6318,109,40,11,27,-9.818197495918096,13
6319,109,12,81,8,-9.819741316945185,4
6320,57,13,54,10,-9.824315369895016,3
6321,69,17,47,11,-9.824856595944096,6
6322,47,17,9,11,-9.833363334347146,6
6323,98,10,53,6,-9.839111782848335,4
6324,3,10,74,7,-9.841517466916374,3
6325,13,21,44,14,-9.844973608163802,7
6326,33,26,51,19,-9.853114112635922,7
6327,57,14,38,8,-9.862555383696968,6
6328,27,12,22,8,-9.866452926590911,4
6329,1,17,75,12,-9.87310906944801,5
6330,71,15,17,9,-9.874078720771612,6
6331,54,17,2,12,-9.883928701627932,5
6332,88,41,15,29,-9.88938088770258,12
6333,16,20,110,13,-9.89345041941321,7
6334,51,18,79,10,-9.895968302837433,8
6335,83,14,11,10,-9.896151919094907,4
6336,79,13,15,8,-9.90032435289108,5
6337,68,21,103,13,-9.904114100948439,8
6338,75,35,28,23,-9.910859132469225,12
6339,60,34,54,23,-9.913747967452048,11
6340,70,18,30,11,-9.913973705469935,7
6341,57,11,1,7,-9.916035104284742,4
6342,84,50,63,31,-9.919938234846498,19
6343,2,10,95,7,-9.9203126299905,3
6344,29,15,75,9,-9.923300198268764,6
6345,90,14,46,9,-9.960134782518512,5
6346,85,10,87,7,-9.971655390565868,3
6347,88,18,73,12,-9.974203425238962,6
6348,12,21,53,13,-9.979940044053077,8
6349,66,16,65,11,-9.984983127130162,5
6350,109,14,93,9,-9.987067099161266,5
6351,65,25,95,16,-9.987438820754939,9
6352,13,33,108,22,-10.000850224923417,11
6353,84,27,30,19,-10.023299208241367,8
6354,91,19,30,13,-10.028289002870833,6
6355,107,13,110,9,-10.034721322746934,4
6356,3,10,70,7,-10.036631807498473,3
6357,38,10,44,7,-10.048373138060267,3
6358,83,23,13,15,-10.067954696106943,8
6359,69,37,49,22,-10.07650924818243,15
6360,49,16,40,10,-10.077718304922938,6
6361,106,12,79,8,-10.079963228120917,4
6362,76,32,23,20,-10.095144638641566,12
6363,36,36,53,25,-10.11473282468799,11
6364,29,11,74,7,-10.117149758840513,4
6365,15,11,35,6,-10.123346305250498,5
6366,114,12,78,7,-10.123963867745248,5
6367,109,10,92,7,-10.132066653367776,3
6368,31,37,53,23,-10.136338371296794,14
6369,23,11,96,7,-10.143008283174424,4
6370,68,16,92,11,-10.14730683848729,5
6371,103,15,49,9,-10.14878375797578,6
6372,3,15,47,10,-10.157562494268502,5
6373,49,27,98,18,-10.169586744689964,9
6374,102,23,107,14,-10.174413703745893,9
6375,9,12,6,7,-10.175309866966634,5
6376,37,41,97,27,-10.190687502541847,14
6377,33,13,71,9,-10.195530501937561,4
6378,49,23,41,15,-10.197367127109924,8
6379,2,15,98,9,-10.198603389321665,6
6380,104,19,90,12,-10.205908373136605,7
6381,39,24,91,16,-10.206322081312436,8
6382,28,14,10,10,-10.2079261309438,4
6383,31,17,30,10,-10.214096274935343,7
6384,12,28,78,20,-10.22132094514818,8
6385,74,13,89,8,-10.223663600227196,5
6386,91,35,63,24,-10.225389928816243,11
6387,37,13,34,9,-10.225834586393082,4
6388,106,16,67,10,-10.252161434234205,6
6389,84,16,103,9,-10.266610610260122,7
6390,3,33,30,23,-10.271953494822817,10
6391,68,22,72,15,-10.275897741373276,7
6392,112,24,60,16,-10.282975838759182,8
6393,107,23,45,15,-10.289536165233189,8
6394,31,29,107,16,-10.30345756995746,13
6395,88,43,53,29,-10.308417089519109,14
6396,15,13,108,9,-10.31501087444828,4
6397,65,10,35,7,-10.321578642281732,3
6398,1,13,37,8,-10.34216426905315,5
6399,54,48,37,32,-10.34544690764123,16
6400,102,16,40,10,-10.346146758066936,6
6401,27,15,17,9,-10.354549099588288,6
6402,7,10,94,7,-10.355621654064775,3
6403,88,39,50,25,-10.364860984100913,14
6404,69,24,63,16,-10.366973166191583,8
6405,55,16,15,12,-10.37053728825799,4
6406,93,16,106,10,-10.37915501513517,6
6407,92,14,16,11,-10.38158487536854,3
6408,35,26,76,17,-10.390096019432454,9
6409,103,14,72,9,-10.391960458595065,5
6410,11,18,49,12,-10.404879276914007,6
6411,29,35,60,22,-10.42089747006503,13
6412,39,16,44,10,-10.434810009571377,6
6413,46,15,78,9,-10.435320162132966,6
6414,9,17,43,10,-10.43571876790201,7
6415,94,10,77,7,-10.443428313097055,3
6416,108,17,48,12,-10.443613045373397,5
6417,31,10,6,6,-10.459894630543896,4
6418,23,20,55,12,-10.462878964621972,8
6419,43,18,49,12,-10.472136702675098,6
6420,49,14,94,10,-10.474432971630804,4
6421,48,37,63,25,-10.480037623792747,12
6422,48,10,62,6,-10.487894133335649,4
6423,9,27,64,19,-10.495957554452968,8
6424,47,18,11,13,-10.51125649438649,5
6425,37,14,89,8,-10.519274673853,6
6426,36,27,27,17,-10.523349599331356,10
6427,97,19,71,13,-10.523533962196899,6
6428,108,13,76,9,-10.539317855686345,4
6429,20,39,50,26,-10.540260354284218,13
6430,3,26,28,17,-10.54496551322771,9
6431,79,13,19,8,-10.549815768045496,5
6432,40,17,28,10,-10.551622113062638,7
6433,54,19,71,12,-10.56377327137223,7
6434,9,15,95,9,-10.569002592922953,6
6435,75,26,104,17,-10.574353916694225,9
6436,91,31,7,22,-10.60910028610159,9
6437,103,13,28,9,-10.6092467019397,4
6438,70,10,15,6,-10.611513903253623,4
6439,91,12,69,7,-10.612845012106748,5
6440,71,18,98,12,-10.627953776602759,6
6441,35,11,3,7,-10.637414854102069,4
6442,16,11,26,7,-10.641463660095837,4
6443,98,25,5,16,-10.662918685540621,9
6444,109,40,107,27,-10.666949154287575,13
6445,9,21,20,14,-10.676297323703047,7
6446,76,13,75,8,-10.684711333832395,5
6447,36,13,43,8,-10.713552025008546,5
6448,111,11,54,8,-10.714143810197228,3
6449,106,64,16,44,-10.722961682071126,20
6450,17,22,53,15,-10.723383781136489,7
6451,104,15,34,10,-10.72614939252648,5
6452,11,10,23,7,-10.736120462067522,3
6453,12,33,60,19,-10.739930341878678,14
6454,108,23,53,14,-10.749834986479383,9
6455,43,24,55,18,-10.765561111805061,6
6456,7,11,59,8,-10.771239818059199,3
6457,19,25,7,18,-10.775977198177875,7
6458,70,31,87,19,-10.78146556878429,12
6459,91,25,55,18,-10.791612827626562,7
6460,89,12,63,9,-10.816669680392751,3
6461,81,17,106,10,-10.816681182916206,7
6462,65,26,38,16,-10.83463870682702,10
6463,114,31,87,19,-10.855794018644563,12
6464,67,17,86,11,-10.856458271232285,6
6465,81,33,51,21,-10.882761671799576,12
6466,3,21,72,13,-10.897361410959398,8
6467,41,29,100,19,-10.901599179638218,10
6468,5,17,73,11,-10.90738305979487,6
6469,86,37,102,25,-10.919714046293317,12
6470,66,10,78,6,-10.927212098742269,4
6471,60,15,103,10,-10.955343329408253,5
6472,88,19,102,14,-10.972125082564368,5
6473,97,25,13,16,-10.985857531237674,9
6474,110,20,51,14,-11.000148170458745,6
6475,3,26,40,18,-11.007177692487943,8
6476,71,13,15,9,-11.00914391321026,4
6477,92,14,41,9,-11.016394202336143,5
6478,57,22,79,14,-11.023600850861115,8
6479,66,13,7,8,-11.034566799554375,5
6480,32,17,16,11,-11.045561391190384,6
6481,114,12,32,8,-11.045874107216177,4
6482,1,39,55,27,-11.047135752371082,12
6483,11,11,99,7,-11.04788337752713,4
6484,89,21,41,15,-11.096465892840719,6
6485,104,15,62,11,-11.098747349135209,4
6486,32,13,74,9,-11.101664191982367,4
6487,70,15,46,10,-11.123543654837002,5
6488,91,16,43,11,-11.128114127049445,5
6489,1,13,78,9,-11.156578268103178,4
6490,38,18,11,12,-11.20455542890719,6
6491,1,11,89,7,-11.20901106938993,4
6492,46,12,100,8,-11.210309669403358,4
6493,3,15,25,10,-11.21463496022273,5
6494,106,18,98,12,-11.217270403208776,6
6495,51,13,73,9,-11.219804453521853,4
6496,8,36,75,25,-11.220741251540183,11
6497,96,20,46,12,-11.223825219116964,8
6498,68,25,25,17,-11.235607083018872,8
6499,81,13,40,9,-11.249205674756395,4
6500,109,21,68,15,-11.251244714581787,6
6501,70,11,83,6,-11.265042422069474,5
6502,7,52,75,35,-11.2746633859962,17
6503,65,50,100,34,-11.275226832418381,16
6504,55,14,2,9,-11.276816159574057,5
6505,27,11,111,8,-11.279710088837586,3
6506,60,25,47,17,-11.28316200541763,8
6507,61,10,75,6,-11.283854363299366,4
6508,5,10,80,7,-11.295210617596885,3
6509,96,25,7,18,-11.300422106484014,7
6510,20,12,64,9,-11.331308462604776,3
6511,112,11,108,7,-11.335603356831987,4
6512,77,30,104,20,-11.335858846829382,10
6513,62,21,74,14,-11.355871307801838,7
6514,102,15,75,11,-11.3579023724584,4
6515,112,22,28,15,-11.372427658976596,7
6516,78,28,39,19,-11.374922957505097,9
6517,10,14,107,9,-11.38119632500004,5
6518,57,22,65,15,-11.3825342300458,7
6519,38,11,4,8,-11.395009854616482,3
6520,77,29,100,20,-11.411587663459144,9
6521,18,17,47,12,-11.411676107822032,5
6522,12,26,41,18,-11.41461712371932,8
6523,18,47,13,31,-11.43817217657445,16
6524,68,18,50,11,-11.447393428752164,7
6525,49,35,100,23,-11.456244824909794,12
6526,106,41,114,27,-11.462749893343954,14
6527,27,34,104,23,-11.465054134307787,11
6528,58,14,49,9,-11.46784966027551,5
6529,109,18,57,12,-11.478987462443365,6
6530,94,33,13,22,-11.486445007874115,11
6531,18,15,11,10,-11.496523839067972,5
6532,37,12,68,8,-11.496583691347078,4
6533,75,14,98,9,-11.497093707313171,5
6534,18,10,108,7,-11.508388616511894,3
6535,81,15,7,9,-11.525413070422037,6
6536,7,12,110,7,-11.526061320417652,5
6537,3,15,38,10,-11.55575224939262,5
6538,3,13,108,9,-11.562059375800661,4
6539,71,10,111,7,-11.563837134119527,3
6540,104,16,36,10,-11.564722196156035,6
6541,39,15,90,10,-11.577976501423594,5
6542,70,23,11,16,-11.609570033059052,7
6543,38,17,75,13,-11.628826987325242,4
6544,40,12,100,8,-11.638460148115906,4
6545,83,17,107,12,-11.644521740420235,5
6546,3,29,84,18,-11.648206962655259,11
6547,104,11,93,7,-11.670878710804795,4
6548,88,10,21,7,-11.67738292245627,3
6549,81,10,8,7,-11.678569579324556,3
6550,28,23,34,16,-11.682170467841411,7
6551,96,13,91,9,-11.692854193124042,4
6552,37,17,49,11,-11.72528182723186,6
6553,69,12,34,10,-11.742698738008174,2
6554,102,17,63,11,-11.747209471298394,6
6555,103,10,58,7,-11.772908526311586,3
6556,62,10,112,7,-11.78047192200998,3
6557,65,12,91,8,-11.784658313781671,4
6558,54,10,44,7,-11.791894285038754,3
6559,40,21,8,15,-11.791921402372775,6
6560,108,11,8,8,-11.805411430354427,3
6561,91,10,53,7,-11.811611902058761,3
6562,17,10,83,6,-11.812775268760374,4
6563,111,16,28,11,-11.820301223407922,5
6564,64,10,74,6,-11.828764368523549,4
6565,28,47,63,33,-11.828866423716303,14
6566,86,17,92,11,-11.83357437507567,6
6567,28,34,74,23,-11.834419909257845,11
6568,9,31,15,18,-11.856396499936704,13
6569,41,22,111,14,-11.859477089655313,8
6570,12,11,79,7,-11.866943529008417,4
6571,57,26,70,16,-11.90658563047212,10
6572,77,17,71,12,-11.915487518479782,5
6573,12,30,94,19,-11.933387464684667,11
6574,65,46,114,30,-11.938229846486397,16
6575,18,27,95,18,-11.951490678023534,9
6576,46,41,104,27,-11.952707107210891,14
6577,55,18,102,12,-11.983866194974432,6
6578,29,16,64,12,-12.010507228979478,4
6579,81,29,87,18,-12.01535695996611,11
6580,104,12,1,8,-12.020108292717424,4
6581,89,10,7,7,-12.029257289487045,3
6582,46,20,30,14,-12.04416469804492,6
6583,89,10,10,7,-12.051235053807009,3
6584,63,18,1,11,-12.054495717242014,7
6585,71,22,104,14,-12.060518806565574,8
6586,3,20,53,14,-12.068087567340713,6
6587,23,22,49,15,-12.076835461637527,7
6588,19,21,72,15,-12.088885005162664,6
6589,35,11,8,8,-12.093356369533684,3
6590,72,20,28,14,-12.11934808588004,6
6591,70,12,34,8,-12.123530804367727,4
6592,4,10,15,6,-12.1242208434208,4
6593,63,12,92,7,-12.136993324985582,5
6594,96,40,11,27,-12.14102850879166,13
6595,70,22,2,14,-12.153236389251056,8
6596,77,22,43,15,-12.17019075147104,7
6597,99,21,107,14,-12.174640608684573,7
6598,84,35,11,24,-12.189911906563859,11
6599,109,15,72,11,-12.199392565133767,4
6600,13,11,42,8,-12.203174115394757,3
6601,107,46,57,31,-12.204374249445372,15
6602,106,11,78,8,-12.21024325274275,3
6603,37,19,64,13,-12.216856507558585,6
6604,43,19,75,14,-12.224767647713705,5
6605,60,22,74,14,-12.230302476711504,8
6606,28,13,43,8,-12.235475976434271,5
6607,29,11,58,8,-12.250932195859464,3
6608,19,16,9,11,-12.252328421645837,5
6609,84,11,71,8,-12.255989147154674,3
6610,39,10,32,7,-12.25900875776762,3
6611,41,13,34,8,-12.262731570966233,5
6612,11,32,104,22,-12.263565943853274,10
6613,60,18,37,11,-12.263894360602317,7
6614,39,21,109,15,-12.264003725130951,6
6615,18,15,69,10,-12.281407888329312,5
6616,19,29,51,21,-12.290136577107422,8
6617,12,12,72,9,-12.291429668749544,3
6618,96,29,98,20,-12.301665445316491,9
6619,57,14,75,10,-12.306540056833528,4
6620,104,23,49,16,-12.322985298305156,7
6621,97,12,67,9,-12.35346782744064,3
6622,12,14,75,9,-12.356839423121746,5
6623,77,22,8,15,-12.389831393600819,7
6624,72,17,39,12,-12.40392712900527,5
6625,50,17,36,10,-12.423703215189779,7
6626,58,27,65,18,-12.431650709075084,9
6627,87,31,98,22,-12.43458344819276,9
6628,37,14,18,10,-12.438833593443572,4
6629,81,12,28,8,-12.485800898870087,4
6630,92,15,64,8,-12.492372460791037,7
6631,5,27,75,17,-12.535083552437035,10
6632,71,18,41,13,-12.557773267008848,5
6633,5,27,57,19,-12.572003913811173,8
6634,102,12,15,9,-12.597866884640942,3
6635,85,20,39,13,-12.618845399489867,7
6636,78,20,76,15,-12.633094549652572,5
6637,38,13,100,10,-12.638482369277126,3
6638,103,12,50,8,-12.651595097212068,4
6639,77,18,72,12,-12.65388726137823,6
6640,5,15,48,11,-12.675358072710548,4
6641,63,40,80,28,-12.682443988429267,12
6642,9,19,11,13,-12.708684805193936,6
6643,88,16,111,12,-12.710530076381987,4
6644,48,12,98,9,-12.72400980532305,3
6645,106,24,46,15,-12.725492516069489,9
6646,49,13,80,8,-12.731038457974943,5
6647,106,14,33,10,-12.736963404825662,4
6648,36,10,95,7,-12.746346244298937,3
6649,1,15,100,10,-12.750379039232412,5
6650,64,14,109,8,-12.756972146613661,6
6651,51,21,80,14,-12.779249811641693,7
6652,11,14,108,10,-12.798974196396992,4
6653,49,16,48,12,-12.810788363261887,4
6654,94,25,39,17,-12.842801062921897,8
6655,65,21,2,16,-12.8900275785182,5
6656,109,19,17,13,-12.911257852793488,6
6657,88,85,13,60,-12.913347950380574,25
6658,94,13,9,8,-12.936870793436032,5
6659,76,16,74,10,-12.943701075259918,6
6660,12,15,114,9,-12.949509468076533,6
6661,85,11,41,7,-12.952472883327003,4
6662,60,29,91,19,-12.952631394075716,10
6663,77,19,98,14,-12.97671040308093,5
6664,94,17,85,12,-12.991600312687373,5
6665,12,14,9,10,-13.029002866437166,4
6666,47,14,55,9,-13.036465008068177,5
6667,109,25,15,19,-13.057625002721618,6
6668,72,13,57,11,-13.071458888669095,2
6669,37,41,11,29,-13.080901694615491,12
6670,90,10,57,7,-13.132689572016897,3
6671,3,30,63,23,-13.136472607002512,7
6672,37,28,95,21,-13.149042342745602,7
6673,112,17,47,11,-13.19505835586536,6
6674,109,26,30,19,-13.209580961967477,7
6675,54,18,36,12,-13.217744798273172,6
6676,54,37,75,25,-13.241406019841683,12
6677,11,23,95,17,-13.263288005084238,6
6678,5,31,102,21,-13.269431869962297,10
6679,99,12,7,8,-13.274517260788413,4
6680,106,19,64,13,-13.295192075566398,6
6681,46,17,50,11,-13.310329365776978,6
6682,46,12,18,9,-13.322032493347338,3
6683,32,11,55,7,-13.36363963009391,4
6684,87,27,79,20,-13.366750000927569,7
6685,35,12,104,8,-13.369677424437175,4
6686,103,14,109,9,-13.379278679742848,5
6687,19,15,18,11,-13.380338986795524,4
6688,112,11,91,8,-13.423237527272477,3
6689,53,15,75,10,-13.423496737137004,5
6690,68,16,61,11,-13.424919545398375,5
6691,32,12,25,7,-13.427877456338663,5
6692,45,15,23,11,-13.436468047997268,4
6693,53,19,43,14,-13.438033142991657,5
6694,35,15,36,11,-13.440272285829963,4
6695,11,14,2,10,-13.45919571362459,4
6696,69,24,27,16,-13.483104419153626,8
6697,108,12,84,9,-13.488009207908556,3
6698,63,32,30,22,-13.49817196218878,10
6699,112,13,55,10,-13.498405767917479,3
6700,29,27,13,18,-13.513958263485302,9
6701,6,10,80,7,-13.522871173076245,3
6702,12,15,30,11,-13.545717330650549,4
6703,91,12,76,9,-13.56346091448288,3
6704,74,10,15,7,-13.56932630742914,3
6705,60,18,34,13,-13.64483641529246,5
6706,94,12,17,8,-13.646957443918598,4
6707,18,11,49,8,-13.655065375637419,3
6708,49,13,47,10,-13.686396277061279,3
6709,44,14,104,10,-13.703910249073422,4
6710,31,25,63,18,-13.714594813504094,7
6711,27,10,97,6,-13.735152835550487,4
6712,88,37,95,26,-13.752013257016609,11
6713,57,17,62,13,-13.757275808574347,4
6714,76,19,7,12,-13.791356001018313,7
6715,112,11,97,9,-13.794615799527321,2
6716,31,74,13,51,-13.800549608099518,23
6717,31,17,98,11,-13.805084918983175,6
6718,112,14,38,11,-13.819485047030144,3
6719,103,30,100,21,-13.847875266312384,9
6720,89,18,27,13,-13.875961301826154,5
6721,50,19,53,13,-13.883151416746287,6
6722,112,10,25,7,-13.919292260310078,3
6723,112,11,37,8,-13.937736127059297,3
6724,20,14,60,10,-13.93992645286088,4
6725,43,21,30,16,-13.941346913628552,5
6726,89,11,19,8,-13.941610438828935,3
6727,69,19,75,14,-13.94230448490658,5
6728,109,11,91,8,-13.94618860472034,3
6729,71,24,40,17,-13.948125771645659,7
6730,39,21,108,14,-13.94833446698378,7
6731,109,29,114,22,-13.961336538901845,7
6732,75,12,111,8,-13.972281809419961,4
6733,41,11,6,7,-13.992186541782052,4
6734,54,29,48,20,-14.01975726236914,9
6735,103,16,55,12,-14.032110996505946,4
6736,39,11,45,7,-14.033377854173942,4
6737,77,29,40,21,-14.048771071022598,8
6738,68,31,100,21,-14.067965798054423,10
6739,38,22,104,15,-14.071473191155556,7
6740,9,30,41,21,-14.113579732248974,9
6741,3,32,100,23,-14.177671200718626,9
6742,66,12,58,9,-14.196057070749212,3
6743,75,10,72,7,-14.207053385683185,3
6744,7,17,61,11,-14.217702740281519,6
6745,18,15,23,10,-14.275894417804931,5
6746,102,11,46,8,-14.307494713152051,3
6747,57,12,31,8,-14.310689026630849,4
6748,86,25,26,19,-14.32203675657022,6
6749,83,10,40,8,-14.347262135245904,2
6750,81,15,100,10,-14.382694095158195,5
6751,90,16,20,11,-14.40477443227545,5
6752,70,26,108,19,-14.427393649276276,7
6753,14,11,80,7,-14.435345395194508,4
6754,35,13,97,10,-14.4445517315995,3
6755,5,12,44,9,-14.447481002517355,3
6756,35,13,63,9,-14.450412261730216,4
6757,2,10,73,7,-14.457830254043136,3
6758,76,10,80,7,-14.461464881129865,3
6759,25,12,34,9,-14.468789684868275,3
6760,57,21,34,15,-14.476694715496805,6
6761,62,11,12,8,-14.509530975721363,3
6762,97,15,38,11,-14.531013843539446,4
6763,37,12,73,8,-14.533349572792924,4
6764,50,19,80,15,-14.554439051919099,4
6765,99,12,50,8,-14.581629542155014,4
6766,109,34,27,23,-14.672056456650022,11
6767,19,16,55,11,-14.68778354720053,5
6768,78,19,17,13,-14.709203332504178,6
6769,83,19,114,14,-14.71253096490687,5
6770,57,22,7,14,-14.718984574621356,8
6771,77,28,7,20,-14.729495105034685,8
6772,31,10,100,7,-14.730848989291465,3
6773,102,11,90,6,-14.739148726840858,5
6774,106,14,32,11,-14.741977351969277,3
6775,51,22,72,15,-14.75505634651796,7
6776,35,11,102,7,-14.787485364380144,4
6777,76,13,15,9,-14.81353391108204,4
6778,38,13,87,9,-14.859584047072818,4
6779,28,12,110,8,-14.8602682733133,4
6780,94,42,16,31,-14.871920571902171,11
6781,22,12,13,9,-14.994671319317485,3
6782,75,10,45,8,-15.003649946946844,2
6783,99,18,25,13,-15.014737107768294,5
6784,93,10,38,6,-15.046407356806796,4
6785,79,16,104,11,-15.05495488242158,5
6786,20,17,34,13,-15.068240557725042,4
6787,50,19,77,15,-15.082093464135088,4
6788,47,13,78,9,-15.091757543510102,4
6789,29,10,71,8,-15.14318831762859,2
6790,77,11,54,10,-15.154916790692534,1
6791,98,16,109,12,-15.216713921072746,4
6792,46,14,93,11,-15.251126640356869,3
6793,94,12,104,9,-15.27233865597327,3
6794,84,15,41,11,-15.33074063826509,4
6795,2,15,100,10,-15.363858490781986,5
6796,77,35,16,26,-15.406768162046896,9
6797,25,14,49,10,-15.43786379260084,4
6798,94,15,62,11,-15.456678982493086,4
6799,107,25,73,17,-15.460672720698524,8
6800,103,12,74,9,-15.463990000688312,3
6801,39,12,2,9,-15.473797666414958,3
6802,84,22,112,16,-15.486639525748986,6
6803,31,15,69,10,-15.502962092044207,5
6804,104,20,64,15,-15.515264160119221,5
6805,10,11,37,7,-15.516949569025604,4
6806,14,11,25,9,-15.536643242754739,2
6807,31,12,104,8,-15.561592201078605,4
6808,5,20,23,15,-15.563915929412014,5
6809,90,10,100,8,-15.596895375105728,2
6810,45,14,4,10,-15.600891470448104,4
6811,69,10,23,8,-15.603167423944376,2
6812,85,11,106,8,-15.605731963514037,3
6813,97,13,90,9,-15.62188808576594,4
6814,97,12,14,10,-15.664913845649806,2
6815,77,17,15,13,-15.676504035867326,4
6816,112,14,15,10,-15.700949053545525,4
6817,1,13,8,10,-15.702434313684371,3
6818,51,20,45,15,-15.703190735785386,5
6819,80,13,75,10,-15.71805205236554,3
6820,88,14,98,11,-15.721203352726127,3
6821,35,12,80,9,-15.72406211872363,3
6822,77,14,37,10,-15.73169378416834,4
6823,96,16,93,12,-15.73319462766121,4
6824,35,10,75,8,-15.755761764469415,2
6825,93,11,30,8,-15.77720736230077,3
6826,88,19,80,13,-15.78210749106585,6
6827,17,22,95,17,-15.802621580377178,5
6828,41,12,15,9,-15.83344464930069,3
6829,31,45,16,33,-15.837412153743443,12
6830,51,23,94,17,-15.876961640520744,6
6831,28,29,90,22,-15.880089586771652,7
6832,57,18,94,13,-15.891839037049907,5
6833,9,30,53,22,-15.894615033798411,8
6834,70,13,80,11,-15.90133341789594,2
6835,51,18,2,12,-15.90559711313002,6
6836,76,18,54,13,-15.916701819672275,5
6837,63,13,14,9,-15.961958621197994,4
6838,37,14,15,11,-16.033544043199246,3
6839,5,18,41,12,-16.050377082501456,6
6840,112,15,71,11,-16.11687592102847,4
6841,46,13,98,9,-16.12835125202737,4
6842,102,10,43,7,-16.154622115934174,3
6843,35,12,48,9,-16.1584671300222,3
6844,9,17,48,13,-16.17773183563187,4
6845,60,16,102,11,-16.199085660218575,5
6846,58,25,86,19,-16.26853319646312,6
6847,80,12,34,10,-16.269229317512288,2
6848,33,16,65,12,-16.286121361101078,4
6849,85,18,30,13,-16.30460960882904,5
6850,2,19,104,13,-16.35238800305578,6
6851,57,22,100,16,-16.352929528191847,6
6852,83,13,27,11,-16.36809252264109,2
6853,43,11,110,8,-16.376498956572302,3
6854,40,10,29,8,-16.37829418439082,2
6855,39,19,99,15,-16.42872930905631,4
6856,25,25,11,20,-16.429746187224737,5
6857,55,15,14,12,-16.464885141480416,3
6858,87,10,61,7,-16.482333693393567,3
6859,64,10,66,8,-16.526342406123632,2
6860,79,12,17,9,-16.528587589888385,3
6861,83,20,16,15,-16.531803021169054,5
6862,81,17,49,12,-16.548537671207548,5
6863,68,22,95,18,-16.550204863156033,4
6864,36,10,101,8,-16.627946704419497,2
6865,69,23,53,17,-16.67657945090473,6
6866,112,28,78,21,-16.679149831728488,7
6867,71,15,95,10,-16.72675418994599,5
6868,83,13,23,10,-16.744700089549813,3
6869,76,10,1,7,-16.815372977495876,3
6870,69,14,72,11,-16.843378758894527,3
6871,29,27,88,20,-16.852047860671814,7
6872,48,14,78,11,-16.88793509976696,3
6873,10,12,13,9,-16.89276746041982,3
6874,57,18,29,14,-16.901122362734952,4
6875,46,12,43,9,-16.90387334173946,3
6876,112,19,20,15,-16.964936240764274,4
6877,31,10,38,6,-16.97274158238424,4
6878,102,11,48,9,-16.98431234773642,2
6879,109,15,12,12,-17.036286111783696,3
6880,70,11,48,8,-17.04295857723929,3
6881,102,12,29,10,-17.056577765128154,2
6882,1,14,18,11,-17.058153705270225,3
6883,9,29,27,21,-17.072056537621457,8
6884,2,11,60,8,-17.11684300008854,3
6885,41,19,30,14,-17.13390543113777,5
6886,23,13,72,10,-17.14817782244225,3
6887,5,22,27,16,-17.186967099907662,6
6888,106,10,35,7,-17.319051156851785,3
6889,35,10,60,7,-17.41812694726481,3
6890,29,10,80,8,-17.457200220457587,2
6891,12,13,55,10,-17.50536963681713,3
6892,83,11,110,9,-17.575104905290946,2
6893,67,10,20,8,-17.6724550880506,2
6894,9,12,108,8,-17.689021813252335,4
6895,3,11,5,7,-17.694163901939547,4
6896,51,23,90,18,-17.7178788097309,5
6897,55,12,44,9,-17.771847163193563,3
6898,5,18,30,15,-17.81053305502534,3
6899,88,17,32,13,-17.824594134673823,4
6900,114,11,111,8,-17.846918134233796,3
6901,41,10,35,7,-17.84884882348167,3
6902,30,15,95,11,-17.91990160883281,4
6903,62,17,78,13,-18.093769732536938,4
6904,54,10,67,8,-18.121548101252507,2
6905,79,10,75,8,-18.185200748196127,2
6906,43,12,81,9,-18.327617727929386,3
6907,6,11,19,8,-18.335706204340305,3
6908,13,20,80,14,-18.335804849316276,6
6909,54,12,34,10,-18.362976743969615,2
6910,57,11,47,8,-18.46160696981191,3
6911,18,10,5,8,-18.464269170029826,2
6912,31,15,106,11,-18.52908676481624,4
6913,12,10,45,8,-18.65380711999512,2
6914,28,17,99,13,-18.754584808369174,4
6915,102,12,27,10,-18.772173343475483,2
6916,29,14,72,11,-18.82179434643442,3
6917,35,15,87,11,-18.824404565886294,4
6918,33,20,55,16,-18.82593244000092,4
6919,97,12,34,9,-18.831202908180156,3
6920,4,13,98,11,-18.936498509144613,2
6921,106,11,89,7,-18.95338953455919,4
6922,106,10,92,8,-19.041690772468705,2
6923,43,12,45,9,-19.04326521517843,3
6924,54,16,4,14,-19.244087603842104,2
6925,18,14,99,11,-19.290873438644514,3
6926,29,16,109,11,-19.29384395841607,5
6927,36,19,30,17,-19.30529767168729,2
6928,29,11,114,8,-19.428812885704772,3
6929,6,11,30,9,-19.605882514870544,2
6930,5,11,64,9,-19.698196874853632,2
6931,31,11,15,8,-19.738787942525683,3
6932,32,12,95,10,-19.760326388824467,2
6933,97,13,73,9,-19.966763707753135,4
6934,84,12,7,10,-20.160900959942534,2
6935,68,38,112,30,-20.161440612174857,8
6936,34,10,64,8,-20.224712091526342,2
6937,103,10,75,9,-20.241991505098973,1
6938,10,15,51,12,-20.332726180509006,3
6939,66,11,13,9,-20.385605001870267,2
6940,94,23,81,17,-20.51779847980575,6
6941,94,12,48,10,-20.576242864974443,2
6942,108,13,114,10,-20.766174427392738,3
6943,3,18,48,14,-20.774618563560654,4
6944,68,11,90,9,-20.787956198015944,2
6945,3,17,75,14,-20.897191698320935,3
6946,10,14,112,11,-21.02177070913973,3
6947,112,16,80,12,-21.10879540796462,4
6948,37,10,19,9,-21.121276459586678,1
6949,51,11,101,9,-21.22662017561448,2
6950,91,16,104,15,-21.31971827875211,1
6951,4,13,25,11,-21.42004260246313,2
6952,4,15,41,10,-21.480590173913868,5
6953,57,13,26,10,-21.519388702063118,3
6954,57,15,112,12,-21.579966031161533,3
6955,62,12,34,10,-21.778436974548583,2
6956,31,12,62,9,-21.790941067775986,3
6957,38,12,55,10,-22.071024000200875,2
6958,97,12,91,10,-22.175648770183788,2
6959,109,13,19,11,-22.638381086719185,2
6960,1,10,3,8,-22.67051623941871,2
6961,8,11,4,10,-23.17790508365148,1
6962,77,19,75,16,-23.528365703077355,3
6963,42,11,104,10,-24.554805995086454,1
6964,89,12,11,11,-24.972736882423558,1
6965,33,11,100,10,-25.460296177649862,1
6966,38,10,69,9,-27.695920761479563,1
6967,61,10,98,10,-28.323329566102483,0
6968,23,13,90,12,-28.362481429909796,1
6969,90,10,109,10,-29.27148169421411,0
6970,37,11,44,11,-29.883498899257123,0
6971,102,16,112,15,-31.192976791251173,1
