,againstHero,games,hero,losses,shift,wins
0,112,16,102,1,31.192976791251173,15
1,44,11,37,0,29.883498899257123,11
2,90,13,23,1,28.3624814299098,12
3,69,10,38,1,27.695920761479563,9
4,26,12,57,2,24.80508950345583,10
5,104,11,42,1,24.55480599508645,10
6,100,10,33,1,24.40727081526952,9
7,34,11,97,2,24.058676404388496,9
8,112,12,57,2,24.05133711856007,10
9,29,13,57,2,23.606557237030422,11
10,75,19,77,3,23.528365703077363,16
11,58,10,66,1,23.43526848489906,9
12,4,11,8,1,23.177905083651492,10
13,19,12,109,2,22.94455910279349,10
14,72,12,29,2,22.845970500293163,10
15,3,10,1,2,22.67051623941871,8
16,91,12,97,2,22.175648770183788,10
17,78,13,48,2,22.13337912583355,11
18,62,12,31,3,21.79094106777599,9
19,41,15,4,5,21.480590173913868,10
20,25,13,4,2,21.42004260246313,11
21,49,11,58,2,21.376962439830404,9
22,104,16,91,1,21.319718278752113,15
23,101,11,51,2,21.22662017561448,9
24,80,16,112,4,21.10879540796462,12
25,110,10,43,2,21.055981543018305,8
26,112,14,10,3,21.02177070913973,11
27,109,10,64,3,20.986952145840224,7
28,34,11,62,2,20.901478916088546,9
29,75,17,3,3,20.897191698320935,14
30,55,11,38,2,20.87506721402826,9
31,90,11,68,2,20.787956198015944,9
32,17,11,79,2,20.721013165555437,9
33,57,10,72,0,20.68783938357469,10
34,81,23,94,6,20.51779847980575,17
35,48,11,35,2,20.438098241934792,9
36,51,15,10,3,20.332726180509006,12
37,75,10,103,1,20.241991505098973,9
38,64,10,34,2,20.22471209152634,8
39,7,12,84,2,20.160900959942534,10
40,12,12,109,2,20.061016928371878,10
41,73,13,97,4,19.966763707753135,9
42,48,16,3,4,19.892046793882127,12
43,65,15,33,3,19.770112976636934,12
44,95,12,32,2,19.760326388824463,10
45,72,12,69,2,19.738973396327438,10
46,15,11,31,3,19.73878794252568,8
47,64,11,5,2,19.698196874853632,9
48,114,12,108,3,19.622938702057745,9
49,30,11,6,2,19.605882514870544,9
50,90,22,51,4,19.526276440378883,18
51,30,19,36,2,19.30529767168729,17
52,99,14,18,3,19.290873438644514,11
53,4,16,54,2,19.2440876038421,14
54,45,12,43,3,19.04326521517843,9
55,92,10,106,2,19.041690772468705,8
56,89,11,106,4,18.95338953455919,7
57,98,13,4,2,18.936498509144613,11
58,13,10,66,2,18.901510637247334,8
59,27,12,102,2,18.772173343475483,10
60,99,17,28,4,18.754584808369174,13
61,45,10,12,2,18.653807119995122,8
62,55,19,33,4,18.562648470025508,15
63,106,15,31,4,18.52908676481624,11
64,5,10,18,2,18.464269170029823,8
65,80,20,13,6,18.33580484931627,14
66,112,36,68,8,18.330981629756664,28
67,81,12,43,3,18.327617727929386,9
68,75,10,79,2,18.18520074819613,8
69,67,10,54,2,18.121548101252507,8
70,55,14,19,4,18.032366676735077,10
71,95,15,30,4,17.919901608832813,11
72,35,10,41,3,17.84884882348167,7
73,111,11,114,3,17.846918134233796,8
74,32,17,88,4,17.82459413467382,13
75,30,18,5,3,17.81053305502534,15
76,44,12,55,3,17.77184716319356,9
77,86,23,58,5,17.708236566074184,18
78,5,11,3,4,17.694163901939547,7
79,20,10,67,2,17.6724550880506,8
80,110,11,83,2,17.575104905290946,9
81,23,14,18,4,17.468338798211544,10
82,80,10,29,2,17.457200220457587,8
83,60,10,35,3,17.41812694726481,7
84,15,14,77,3,17.32776184026209,11
85,35,10,106,3,17.319051156851785,7
86,55,12,112,2,17.232830626787052,10
87,27,22,5,6,17.18696709990766,16
88,72,13,23,3,17.14817782244225,10
89,60,11,2,3,17.11684300008854,8
90,108,13,11,3,17.07589556894204,10
91,27,29,9,8,17.072056537621453,21
92,18,14,1,3,17.058153705270225,11
93,29,12,102,2,17.056577765128154,10
94,48,11,70,3,17.04295857723929,8
95,43,11,46,3,16.991693442801246,8
96,38,10,31,4,16.97274158238424,6
97,20,19,112,4,16.964936240764274,15
98,13,12,10,3,16.892767460419815,9
99,38,14,97,3,16.838290194315167,11
100,1,10,76,3,16.815372977495876,7
101,23,13,83,3,16.744700089549806,10
102,95,15,71,5,16.72675418994599,10
103,78,15,62,4,16.71537861952348,11
104,78,28,112,7,16.679149831728484,21
105,53,23,69,6,16.67657945090473,17
106,50,16,68,5,16.665846594945688,11
107,101,10,36,2,16.6279467044195,8
108,95,22,68,4,16.550204863156036,18
109,49,17,81,5,16.548537671207544,12
110,16,20,83,5,16.531803021169058,15
111,66,10,64,2,16.526342406123636,8
112,61,10,87,3,16.482333693393567,7
113,14,15,55,3,16.464885141480416,12
114,11,25,25,5,16.429746187224733,20
115,99,19,39,4,16.42872930905631,15
116,29,10,40,2,16.378294184390825,8
117,27,13,83,2,16.368092522641092,11
118,109,14,29,5,16.367711381365652,9
119,34,12,80,2,16.269229317512288,10
120,102,16,60,5,16.199085660218575,11
121,34,16,57,4,16.19343346570311,12
122,34,10,54,2,16.192576513322777,8
123,43,10,102,3,16.154622115934178,7
124,87,14,35,4,16.147031137272403,10
125,98,13,46,4,16.128351252027375,9
126,71,15,112,4,16.116875921028473,11
127,50,11,103,3,16.107700105307455,8
128,16,28,77,7,16.052585583469344,21
129,41,18,5,6,16.05037708250146,12
130,51,22,19,5,16.019721340661285,17
131,14,13,63,4,15.961958621197992,9
132,54,18,76,5,15.916701819672271,13
133,2,18,51,6,15.905597113130021,12
134,80,13,70,2,15.901333417895936,11
135,53,30,9,8,15.894615033798411,22
136,43,12,28,4,15.894105628705272,8
137,94,18,57,5,15.891839037049907,13
138,90,29,28,7,15.880089586771653,22
139,16,45,31,12,15.837412153743443,33
140,95,22,17,5,15.80262158037718,17
141,80,19,88,6,15.782107491065846,13
142,30,11,93,3,15.777207362300766,8
143,75,10,35,2,15.755761764469415,8
144,7,20,57,7,15.746440629237663,13
145,93,16,96,4,15.733194627661211,12
146,37,14,77,4,15.73169378416834,10
147,80,12,35,3,15.72406211872363,9
148,75,13,80,3,15.718052052365534,10
149,8,13,1,3,15.702434313684373,10
150,15,14,112,4,15.700949053545523,10
151,14,12,97,2,15.664913845649806,10
152,90,13,97,4,15.621888085765939,9
153,106,11,85,3,15.60573196351404,8
154,4,14,45,4,15.600891470448106,10
155,23,20,5,5,15.563915929412016,15
156,104,12,31,4,15.561592201078605,8
157,48,16,9,4,15.537621007215709,12
158,25,11,14,2,15.536643242754739,9
159,37,11,10,4,15.516949569025604,7
160,64,20,104,5,15.515264160119225,15
161,104,18,2,6,15.503443707499333,12
162,69,15,31,5,15.502962092044205,10
163,112,22,84,6,15.486639525748984,16
164,2,12,39,3,15.473797666414955,9
165,74,12,103,3,15.463990000688314,9
166,73,25,107,8,15.460672720698525,17
167,62,15,94,4,15.456678982493088,11
168,2,12,11,3,15.440247463007857,9
169,49,14,25,4,15.43786379260084,10
170,84,27,3,9,15.37291614514667,18
171,41,15,84,4,15.33074063826509,11
172,30,16,41,5,15.286764365243396,11
173,104,12,94,3,15.27233865597327,9
174,93,14,46,3,15.251126640356864,11
175,64,15,29,3,15.189033105530582,12
176,71,10,29,2,15.143188317628589,8
177,54,10,77,1,15.067841236649627,9
178,45,19,51,5,15.06403272485712,14
179,104,16,79,5,15.054954882421578,11
180,38,10,93,4,15.046407356806796,6
181,25,18,99,5,15.014737107768298,13
182,45,10,75,2,15.003649946946844,8
183,13,12,22,3,14.994671319317485,9
184,110,12,28,4,14.860268273313302,8
185,87,13,38,4,14.859584047072822,9
186,15,13,76,4,14.81353391108204,9
187,72,14,109,3,14.772801167610016,11
188,78,12,47,4,14.759178311128261,8
189,32,14,106,3,14.741977351969275,11
190,100,10,31,3,14.730848989291463,7
191,74,10,29,3,14.72390247298373,7
192,114,19,83,5,14.712530964906872,14
193,50,12,99,4,14.581629542155014,8
194,80,19,50,4,14.554439051919097,15
195,19,10,6,3,14.554142944413204,7
196,108,11,9,4,14.533752266696009,7
197,73,12,37,4,14.533349572792922,8
198,12,11,62,3,14.509530975721361,8
199,34,12,25,3,14.468789684868277,9
200,80,10,76,3,14.461464881129865,7
201,73,10,2,3,14.457830254043136,7
202,63,13,35,4,14.450412261730216,9
203,44,12,5,3,14.447481002517355,9
204,97,13,35,3,14.444551731599502,10
205,80,11,14,4,14.435345395194508,7
206,108,26,70,7,14.42739364927628,19
207,100,15,81,5,14.382694095158195,10
208,40,10,83,2,14.347262135245902,8
209,94,21,51,6,14.336819471004446,15
210,7,27,77,8,14.33556677589385,19
211,26,25,86,6,14.322036756570222,19
212,31,12,57,4,14.310689026630849,8
213,46,11,102,3,14.30749471315205,8
214,34,12,37,3,14.30057126443514,9
215,100,14,2,5,14.262388309586745,9
216,61,17,7,6,14.21770274028152,11
217,72,10,75,3,14.207053385683187,7
218,30,12,12,3,14.186633403381224,9
219,72,21,51,7,14.164365317765569,14
220,109,12,103,4,14.151946322942882,8
221,41,30,9,9,14.113579732248976,21
222,27,15,89,4,14.110669349696353,11
223,104,22,38,7,14.071473191155556,15
224,100,31,11,9,14.055907469211105,22
225,40,29,77,8,14.048771071022596,21
226,45,11,39,4,14.033377854173942,7
227,76,18,78,4,14.02321766388941,14
228,8,21,77,6,13.998411080894309,15
229,69,11,91,4,13.993001551531528,7
230,16,41,94,11,13.991172089526604,30
231,111,12,75,4,13.972281809419963,8
232,7,12,66,4,13.964890722542167,8
233,40,24,71,7,13.948125771645659,17
234,91,11,109,3,13.946188604720339,8
235,75,19,69,5,13.942304484906579,14
236,60,14,20,4,13.93992645286088,10
237,37,11,112,3,13.937736127059294,8
238,25,10,112,3,13.919292260310076,7
239,28,12,103,3,13.89921394316668,9
240,53,19,50,6,13.883151416746285,13
241,34,14,104,4,13.86429846409272,10
242,77,18,50,4,13.854547351284703,14
243,38,14,112,3,13.819485047030144,11
244,98,17,31,6,13.805084918983171,11
245,13,74,31,23,13.800549608099516,51
246,97,11,112,2,13.794615799527321,9
247,88,24,29,7,13.771105742368638,17
248,65,26,58,8,13.76646278961035,18
249,34,16,20,4,13.763107006170879,12
250,95,37,88,11,13.752013257016605,26
251,97,10,27,4,13.735152835550483,6
252,27,33,109,11,13.734424883648735,22
253,63,25,31,7,13.714594813504092,18
254,104,14,44,4,13.703910249073422,10
255,47,13,49,3,13.686396277061283,10
256,49,11,18,3,13.655065375637422,8
257,17,12,94,4,13.646957443918598,8
258,47,10,100,3,13.638954219983797,7
259,55,10,12,3,13.618336949963439,7
260,104,31,11,9,13.572205348595668,22
261,15,10,74,3,13.569326307429137,7
262,76,12,91,3,13.563460914482881,9
263,30,14,85,4,13.557949147044926,10
264,17,18,78,6,13.54486013323846,12
265,30,32,63,10,13.498171962188783,22
266,84,12,108,3,13.488009207908556,9
267,48,28,54,9,13.475788580607775,19
268,36,15,35,4,13.440272285829963,11
269,43,19,53,5,13.438033142991653,14
270,23,15,45,4,13.436468047997268,11
271,25,12,32,5,13.427877456338663,7
272,61,16,68,5,13.424919545398375,11
273,75,15,53,5,13.423496737137006,10
274,91,11,112,3,13.423237527272482,8
275,15,10,79,3,13.41842808989324,7
276,104,12,35,4,13.369677424437178,8
277,55,11,32,4,13.36363963009391,7
278,104,32,27,9,13.327610656888114,23
279,18,12,46,3,13.322032493347338,9
280,47,16,18,4,13.317575135316673,12
281,50,17,46,6,13.310329365776974,11
282,109,19,39,5,13.298420717992121,14
283,64,19,106,6,13.295192075566398,13
284,41,24,12,7,13.28356415727,17
285,7,12,99,4,13.274517260788409,8
286,102,31,5,10,13.269431869962297,21
287,49,14,11,4,13.268258750277395,10
288,95,23,11,6,13.26328800508424,17
289,75,37,54,12,13.241406019841682,25
290,63,15,19,4,13.225212176861845,11
291,36,18,54,6,13.217744798273172,12
292,15,12,37,3,13.204885577431204,9
293,47,17,112,6,13.195058355865363,11
294,95,28,37,7,13.149042342745604,21
295,98,13,88,3,13.13778782250953,10
296,63,30,3,7,13.13647260700251,23
297,43,18,77,6,13.132749418487641,12
298,83,10,70,4,13.118339150755117,6
299,78,14,104,4,13.114872305242644,10
300,21,11,87,3,13.114631052870209,8
301,47,13,3,4,13.091382859027682,9
302,109,14,98,4,13.064417846211372,10
303,76,16,57,4,13.00858229824332,12
304,65,20,57,6,12.953808740128652,14
305,91,29,60,10,12.952631394075715,19
306,12,11,7,4,12.936955037930261,7
307,9,13,94,5,12.936870793436032,8
308,114,28,109,7,12.931348427909455,21
309,17,19,109,6,12.911257852793495,13
310,2,21,65,5,12.890027578518202,16
311,100,27,68,9,12.868120973335861,18
312,100,23,77,7,12.818782405925534,16
313,80,21,51,7,12.779249811641693,14
314,15,17,109,4,12.777657608342025,13
315,100,45,65,13,12.776183066759621,32
316,100,18,57,6,12.770507404820762,12
317,54,12,81,4,12.757047966098476,8
318,100,15,1,5,12.750379039232412,10
319,95,10,36,3,12.746346244298937,7
320,33,14,106,4,12.736963404825662,10
321,80,13,49,5,12.731038457974943,8
322,46,24,106,9,12.725492516069492,15
323,98,12,48,3,12.72400980532305,9
324,111,16,88,4,12.710530076381987,12
325,57,12,2,4,12.707474284723991,8
326,62,16,57,4,12.692635812852643,12
327,30,28,3,8,12.683175748861263,20
328,80,40,63,12,12.682443988429272,28
329,48,15,5,4,12.675358072710548,11
330,11,17,38,5,12.666110828343465,12
331,100,13,38,3,12.63848236927713,10
332,15,12,102,3,12.597866884640938,9
333,57,27,5,8,12.572003913811171,19
334,41,18,71,5,12.55777326700885,13
335,34,17,60,5,12.542344059494534,12
336,75,27,5,10,12.535083552437033,17
337,64,15,92,7,12.492372460791035,8
338,28,12,81,4,12.485800898870087,8
339,41,10,85,4,12.470634664927642,6
340,55,38,1,11,12.470203554889151,27
341,72,19,3,7,12.448460584672608,12
342,18,14,37,4,12.43883359344357,10
343,36,17,50,7,12.423703215189779,10
344,75,14,12,5,12.356839423121745,9
345,104,39,46,13,12.353574327141933,26
346,67,12,97,3,12.35346782744064,9
347,49,23,104,7,12.322985298305156,16
348,47,24,60,7,12.306617941323184,17
349,75,14,57,4,12.306540056833526,10
350,98,29,96,9,12.301665445316493,20
351,34,11,41,4,12.289625247876991,7
352,69,15,18,5,12.281407888329312,10
353,32,10,39,3,12.25900875776762,7
354,71,11,84,3,12.255989147154674,8
355,9,16,19,5,12.252328421645835,11
356,38,11,78,3,12.248719399574963,8
357,74,22,60,8,12.230302476711508,14
358,75,19,43,5,12.224767647713705,14
359,78,11,106,3,12.210243252742755,8
360,13,26,29,9,12.196916226476908,17
361,7,18,76,7,12.19661731578168,11
362,11,35,84,11,12.189911906563859,24
363,108,20,39,7,12.184695621105508,13
364,107,21,99,7,12.174640608684571,14
365,2,22,70,8,12.153236389251056,14
366,11,40,96,13,12.141028508791658,27
367,55,13,47,5,12.137143102946048,8
368,92,12,63,5,12.136993324985582,7
369,15,10,4,4,12.1242208434208,6
370,34,12,70,4,12.123530804367727,8
371,28,20,72,6,12.11934808588004,14
372,8,11,35,3,12.093356369533685,8
373,30,18,43,5,12.086572765372482,13
374,26,11,28,3,12.079045982156577,8
375,53,20,3,6,12.068087567340713,14
376,30,18,91,5,12.061464887561753,13
377,104,22,71,8,12.060518806565575,14
378,39,19,85,7,12.059881057913875,12
379,1,18,63,7,12.054495717242014,11
380,54,16,3,6,12.038684022272456,10
381,7,10,89,3,12.029257289487047,7
382,1,12,104,4,12.020108292717422,8
383,102,18,55,6,11.983866194974436,12
384,37,16,60,6,11.9668638856867,10
385,95,27,18,9,11.951490678023532,18
386,114,46,65,16,11.938229846486395,30
387,71,17,77,5,11.915487518479784,12
388,90,18,104,6,11.89837391797068,12
389,111,22,41,8,11.859477089655313,14
390,57,16,109,5,11.845104860145758,11
391,74,34,28,11,11.834419909257846,23
392,92,17,86,6,11.833574375075667,11
393,78,10,37,3,11.831707242150298,7
394,63,47,28,14,11.8288664237163,33
395,74,10,64,4,11.828764368523546,6
396,28,16,111,5,11.82030122340792,11
397,83,10,17,4,11.812775268760372,6
398,53,10,91,3,11.811611902058761,7
399,8,11,108,3,11.805411430354427,8
400,15,11,41,3,11.80165523386963,8
401,8,21,40,6,11.791921402372775,15
402,44,10,54,3,11.791894285038754,7
403,91,12,65,4,11.784658313781675,8
404,112,10,62,3,11.78047192200998,7
405,54,20,43,7,11.759609270938485,13
406,27,22,69,8,11.719590554311115,14
407,91,13,96,4,11.692854193124042,9
408,34,23,28,7,11.682170467841415,16
409,8,10,81,3,11.678569579324554,7
410,98,30,87,9,11.678081569558655,21
411,21,10,88,3,11.677382922456276,7
412,93,11,104,4,11.670878710804793,7
413,55,14,103,4,11.665396814547549,10
414,107,17,83,5,11.644521740420231,12
415,100,12,40,4,11.638460148115906,8
416,75,17,38,4,11.628826987325246,13
417,13,81,88,25,11.623960396790293,56
418,11,23,70,7,11.609570033059049,16
419,30,41,13,14,11.600993566247704,27
420,90,15,39,5,11.57797650142359,10
421,11,38,37,12,11.566356283581703,26
422,36,16,104,6,11.564722196156039,10
423,111,10,71,3,11.563837134119533,7
424,38,15,3,5,11.55575224939262,10
425,74,15,76,6,11.544600382799558,9
426,110,12,7,5,11.526061320417648,7
427,7,15,81,6,11.525413070422038,9
428,100,13,48,5,11.504975212145023,8
429,98,14,75,5,11.49709370731317,9
430,11,15,18,5,11.49652383906797,10
431,19,13,108,4,11.471753729543034,9
432,114,41,106,14,11.462749893343952,27
433,39,16,72,5,11.45234413375737,11
434,13,47,18,16,11.43817217657445,31
435,42,10,13,3,11.411149524623212,7
436,29,10,95,3,11.401888238693152,7
437,4,11,38,3,11.395009854616484,8
438,107,14,10,5,11.38119632500004,9
439,28,22,112,7,11.372427658976592,15
440,55,21,43,5,11.369329144066642,16
441,75,15,102,4,11.357902372458398,11
442,74,21,62,7,11.355871307801836,14
443,104,30,77,10,11.335858846829385,20
444,108,11,112,4,11.33560335683198,7
445,64,12,20,3,11.33130846260478,9
446,79,24,87,7,11.324483914211322,17
447,100,28,3,9,11.324311894850956,19
448,103,13,60,4,11.305286084301603,9
449,7,25,96,7,11.300422106484014,18
450,80,10,5,3,11.295210617596885,7
451,75,10,61,4,11.283854363299362,6
452,111,11,27,3,11.279710088837586,8
453,2,14,55,5,11.276816159574059,9
454,75,52,7,17,11.274663385996204,35
455,40,13,81,4,11.249205674756393,9
456,25,25,68,8,11.235607083018873,17
457,98,16,77,5,11.231262510023573,11
458,46,20,96,8,11.223825219116966,12
459,75,36,8,11,11.220741251540183,25
460,73,13,51,4,11.219804453521853,9
461,98,18,106,6,11.217270403208776,12
462,25,15,3,5,11.214634960222732,10
463,100,12,46,4,11.210309669403356,8
464,89,11,1,4,11.209011069389932,7
465,64,18,37,6,11.185324034227655,12
466,15,27,9,11,11.164728453136332,16
467,95,29,51,8,11.161050582896516,21
468,78,13,1,4,11.156578268103178,9
469,100,22,114,7,11.139458565890179,15
470,43,16,91,5,11.128114127049443,11
471,46,15,70,5,11.123543654837002,10
472,72,18,65,6,11.109219542203151,12
473,74,13,32,4,11.101664191982366,9
474,62,15,104,4,11.098747349135207,11
475,60,33,29,12,11.07047089279055,21
476,99,11,11,4,11.04788337752713,7
477,32,12,114,4,11.045874107216177,8
478,16,17,32,6,11.04556139119038,11
479,20,10,94,3,11.032438837303001,7
480,86,33,48,11,11.021266647435016,22
481,41,14,92,5,11.016394202336144,9
482,15,13,71,4,11.00914391321026,9
483,40,26,3,8,11.00717769248795,18
484,51,20,110,6,11.000148170458745,14
485,70,24,57,10,10.99751468090858,14
486,13,25,97,9,10.985857531237675,16
487,78,10,66,4,10.92721209874227,6
488,73,17,5,6,10.907383059794872,11
489,102,10,35,4,10.903207987031468,6
490,12,15,106,4,10.875227033812171,11
491,34,12,88,4,10.87059564369658,8
492,15,37,88,10,10.865371439798105,27
493,87,31,114,12,10.855794018644565,19
494,38,26,65,10,10.83463870682702,16
495,114,14,12,6,10.834474307512755,8
496,100,27,103,9,10.833096945621351,18
497,85,16,94,5,10.818759630623866,11
498,106,17,81,7,10.816681182916202,10
499,63,12,89,3,10.81666968039275,9
500,55,25,91,7,10.791612827626562,18
501,7,25,19,7,10.775977198177877,18
502,59,11,7,3,10.771239818059199,8
503,53,23,108,9,10.749834986479383,14
504,53,22,17,7,10.72338378113649,15
505,54,11,111,3,10.714143810197228,8
506,43,13,36,5,10.713552025008548,8
507,75,13,76,5,10.684711333832391,8
508,20,21,9,7,10.676297323703045,14
509,5,25,98,9,10.66291868554062,16
510,57,43,107,15,10.64705813562689,28
511,3,11,35,4,10.637414854102067,7
512,98,18,71,6,10.627953776602759,12
513,7,31,91,9,10.609100286101588,22
514,104,26,75,9,10.57435391669422,17
515,95,15,9,6,10.569002592922953,9
516,71,19,54,7,10.563773271372229,12
517,28,17,40,7,10.551622113062637,10
518,28,26,3,9,10.544965513227709,17
519,50,39,20,13,10.540260354284218,26
520,76,13,108,4,10.539317855686345,9
521,41,16,17,5,10.533333329606137,11
522,100,28,60,9,10.52723833199977,19
523,71,19,97,6,10.5235339621969,13
524,27,27,36,10,10.523349599331352,17
525,89,14,37,6,10.519274673853001,8
526,63,16,102,6,10.517349087153976,10
527,29,12,48,4,10.5062410495631,8
528,64,27,9,8,10.495957554452968,19
529,62,10,48,4,10.487894133335649,6
530,63,37,48,12,10.480037623792745,25
531,94,14,49,4,10.474432971630803,10
532,87,28,81,11,10.474064286710522,17
533,6,10,31,4,10.459894630543896,6
534,34,15,19,5,10.459453674711435,10
535,30,11,33,3,10.449500632702227,8
536,77,10,94,3,10.443428313097055,7
537,44,16,39,6,10.434810009571377,10
538,95,19,114,7,10.422604339796184,12
539,72,10,12,3,10.399951670168408,7
540,34,11,69,2,10.394864357684755,9
541,72,14,103,5,10.391960458595063,9
542,76,26,35,9,10.390096019432455,17
543,16,14,92,3,10.381584875368542,11
544,106,16,93,6,10.37915501513517,10
545,107,35,109,11,10.372656913851973,24
546,15,16,55,4,10.37053728825799,12
547,9,12,12,4,10.366855545040103,8
548,50,39,88,14,10.364860984100916,25
549,94,10,7,3,10.355621654064773,7
550,17,15,27,6,10.35454909958829,9
551,40,16,102,6,10.346146758066935,10
552,37,13,1,5,10.342164269053148,8
553,30,18,46,6,10.329090932236763,12
554,11,14,10,5,10.326527517070998,9
555,53,43,88,14,10.308417089519107,29
556,107,29,31,13,10.30345756995746,16
557,45,23,107,8,10.289536165233189,15
558,60,24,112,8,10.282975838759185,16
559,54,25,27,9,10.27931928513935,16
560,18,43,39,14,10.257246202371954,29
561,67,16,106,6,10.252161434234207,10
562,15,32,51,12,10.25186143674786,20
563,58,26,13,7,10.248744028164232,19
564,49,21,23,7,10.242959754676484,14
565,63,35,91,11,10.225389928816243,24
566,30,17,31,7,10.214096274935343,10
567,13,49,3,16,10.208519285955509,33
568,10,14,28,4,10.207926130943799,10
569,91,24,39,8,10.206322081312438,16
570,98,15,2,6,10.198603389321667,9
571,71,13,33,4,10.195530501937561,9
572,97,41,37,14,10.190687502541845,27
573,49,33,69,13,10.17610172489662,20
574,6,12,9,5,10.175309866966636,7
575,51,32,81,12,10.158277615855118,20
576,92,16,68,5,10.14730683848729,11
577,96,11,23,4,10.143008283174426,7
578,94,15,109,6,10.140509349254696,9
579,53,37,31,14,10.136338371296793,23
580,92,10,109,3,10.132066653367776,7
581,78,12,114,5,10.123963867745248,7
582,53,36,36,11,10.114732824687987,25
583,87,30,70,12,10.114463896406379,18
584,17,15,3,6,10.104489232217418,9
585,34,17,49,6,10.104013168152717,11
586,23,32,76,12,10.095144638641568,20
587,23,17,17,6,10.090670558592322,11
588,79,12,106,4,10.079963228120917,8
589,40,16,49,6,10.077718304922938,10
590,30,20,109,6,10.073254153128087,14
591,13,23,83,8,10.067954696106945,15
592,100,29,49,11,10.051900882091743,18
593,44,10,38,3,10.048373138060269,7
594,78,14,46,6,10.036009292919493,8
595,110,13,107,4,10.03472132274693,9
596,30,27,84,8,10.023299208241367,19
597,39,23,94,8,10.010545315117422,15
598,95,25,65,9,9.987438820754939,16
599,53,21,12,8,9.979940044053077,13
600,73,18,88,6,9.974203425238965,12
601,39,27,78,9,9.973212275021982,18
602,46,14,90,5,9.960134782518512,9
603,27,25,103,9,9.957896040787109,16
604,75,15,29,6,9.923300198268764,9
605,95,10,2,3,9.920312629990502,7
606,63,50,84,19,9.919938234846502,31
607,1,11,57,4,9.916035104284743,7
608,30,18,70,7,9.913973705469937,11
609,54,34,60,11,9.913747967452048,23
610,28,35,75,12,9.910859132469223,23
611,103,21,68,8,9.904114100948439,13
612,34,14,103,4,9.903533383790403,10
613,37,47,54,16,9.896946296790851,31
614,11,14,83,4,9.89615191909491,10
615,110,20,16,7,9.893450419413208,13
616,20,14,29,5,9.888770035938014,9
617,2,17,54,5,9.883928701627934,12
618,86,16,67,6,9.87443210558644,10
619,17,15,71,6,9.874078720771614,9
620,75,17,1,5,9.87310906944801,12
621,22,12,27,4,9.866452926590915,8
622,51,26,33,7,9.853114112635922,19
623,44,21,13,7,9.844973608163798,14
624,53,10,98,4,9.839111782848335,6
625,85,12,57,4,9.833564112026494,8
626,9,17,47,6,9.833363334347146,11
627,11,17,9,6,9.83179351941753,11
628,18,12,19,4,9.830216565539352,8
629,27,36,19,11,9.826300945059007,25
630,54,13,57,3,9.824315369895016,10
631,40,24,17,8,9.815776001763279,16
632,114,16,62,6,9.799890996069497,10
633,62,10,93,4,9.798162399200404,6
634,37,24,83,9,9.783726366978417,15
635,100,29,43,11,9.777155136981534,18
636,15,14,53,5,9.759389882181187,9
637,41,20,49,7,9.757184372315313,13
638,16,49,18,16,9.751591518104966,33
639,8,28,15,11,9.731088036018265,17
640,43,19,31,10,9.720852773553682,9
641,52,15,8,5,9.715026692600487,10
642,75,18,11,7,9.71088785220573,11
643,8,34,114,11,9.69923185832115,23
644,16,64,106,21,9.698477969183921,43
645,34,14,3,5,9.696430454420666,9
646,15,29,11,10,9.695079543326688,19
647,34,14,43,5,9.68492271647126,9
648,78,27,69,10,9.666260825143702,17
649,64,47,60,15,9.66174772613163,32
650,100,12,71,4,9.66068752031631,8
651,101,10,13,3,9.652646543094525,7
652,85,11,75,3,9.651599660168166,8
653,22,10,114,5,9.649313306364819,5
654,78,32,87,12,9.64348888196129,20
655,41,23,53,8,9.631953807885303,15
656,70,17,109,6,9.623350653501726,11
657,40,12,19,4,9.612489725967157,8
658,99,14,8,6,9.61106559286031,8
659,83,18,84,7,9.609473734372159,11
660,20,18,3,6,9.609062881874223,12
661,78,13,103,3,9.60488445618254,10
662,8,13,53,4,9.596286006275326,9
663,72,19,19,6,9.59501454923371,13
664,64,27,112,8,9.595012833071515,19
665,73,20,7,8,9.582485903794176,12
666,79,17,57,7,9.580454772616795,10
667,27,28,31,12,9.569633624787398,16
668,26,23,13,7,9.562123129591575,16
669,18,13,34,4,9.550016463821068,9
670,106,13,108,4,9.535201707134298,9
671,20,11,75,4,9.527707505687719,7
672,48,15,51,7,9.527077025607761,8
673,1,22,31,9,9.525804060927038,13
674,20,32,25,11,9.520523686179052,21
675,18,27,9,9,9.520249042639604,18
676,8,17,36,6,9.51236026695053,11
677,90,14,80,4,9.509239360264802,10
678,114,13,2,5,9.509158562417847,8
679,37,22,99,7,9.502759058160713,15
680,37,29,7,11,9.500511382222342,18
681,72,21,68,7,9.500041589935536,14
682,18,11,84,4,9.493458888054228,7
683,100,23,29,9,9.47623185346925,14
684,72,15,77,6,9.475978955314686,9
685,23,16,57,6,9.474501256774838,10
686,16,47,96,14,9.46295382882651,33
687,41,19,89,6,9.453124323035377,13
688,55,23,64,7,9.447908212717042,16
689,32,11,63,4,9.44232166344675,7
690,13,15,2,6,9.422510080465486,9
691,68,29,8,11,9.421319919633554,18
692,27,16,38,5,9.401601002215301,11
693,109,11,36,3,9.390936468630548,8
694,27,16,4,6,9.3787154159821,10
695,104,21,84,8,9.37162724208143,13
696,27,44,60,14,9.369171306762194,30
697,94,13,34,5,9.35579132587053,8
698,55,19,23,8,9.354242967773875,11
699,34,10,1,2,9.352578171994336,8
700,1,20,87,8,9.344990956449259,12
701,28,29,2,10,9.34282167881126,19
702,15,19,69,6,9.331469848761957,13
703,111,15,51,5,9.328246716797016,10
704,77,10,84,3,9.326879307665175,7
705,43,15,9,6,9.316210412036984,9
706,45,10,38,3,9.31109379184883,7
707,100,17,18,7,9.297622647277194,10
708,49,16,112,6,9.288177963157707,10
709,70,14,29,6,9.28377551108064,8
710,78,15,50,5,9.279334063465148,10
711,87,37,9,15,9.26416450911469,22
712,72,18,11,7,9.25848089121544,11
713,20,16,90,6,9.25670480461804,10
714,78,15,53,6,9.245467105519944,9
715,29,21,68,7,9.23535316837858,14
716,18,12,62,4,9.234800982158584,8
717,91,23,20,9,9.233435902067152,14
718,12,14,4,4,9.233113169427765,10
719,30,19,79,6,9.232107450931762,13
720,70,16,69,5,9.227346228401574,11
721,13,19,6,7,9.21551599242718,12
722,48,16,108,5,9.209950001192905,11
723,72,16,100,5,9.209806711652048,11
724,93,11,90,4,9.204947446014161,7
725,73,17,40,6,9.199997222971483,11
726,63,36,76,12,9.19742593219103,24
727,81,16,63,6,9.19342956994627,10
728,23,14,91,6,9.188824217195519,8
729,53,14,38,5,9.17946873124013,9
730,15,13,91,6,9.175439096539632,7
731,102,37,86,13,9.175322859485366,24
732,92,15,40,5,9.168940871834318,10
733,63,14,72,4,9.168022793278983,10
734,62,21,63,8,9.161474645821363,13
735,50,43,5,17,9.156049369840707,26
736,39,25,106,10,9.155969378752744,15
737,30,49,39,19,9.117859548344384,30
738,63,46,88,15,9.116259013053908,31
739,92,11,17,4,9.114563540800457,7
740,109,15,31,5,9.11388757240418,10
741,15,10,6,3,9.11193288321201,7
742,85,20,72,6,9.102410285550633,14
743,94,12,75,4,9.080901166069644,8
744,95,34,8,13,9.079209474058969,21
745,80,39,107,13,9.074881524481428,26
746,44,29,86,10,9.073857704921485,19
747,35,16,45,7,9.040031591861501,9
748,34,25,87,9,9.036940755520636,16
749,108,29,13,10,9.020970097727641,19
750,63,16,33,6,9.020049921268521,10
751,5,15,36,6,9.008614310253613,9
752,62,13,15,5,9.005083883016919,8
753,38,10,72,4,8.999506480702253,6
754,72,12,60,4,8.994042927355459,8
755,78,15,80,5,8.990142670025005,10
756,48,10,81,3,8.989696104511108,7
757,48,13,49,4,8.982680999654853,9
758,28,15,52,6,8.975367013246691,9
759,88,20,112,7,8.974262508725223,13
760,97,18,36,7,8.970668153566264,11
761,47,20,114,8,8.969382880850322,12
762,48,37,107,14,8.966824790280087,23
763,28,11,32,4,8.963821007682872,7
764,68,30,18,11,8.962998195734913,19
765,57,10,98,4,8.957212394612133,6
766,15,13,103,5,8.952177791074103,8
767,53,20,109,7,8.945178102898183,13
768,51,26,74,8,8.938947542412073,18
769,73,12,31,4,8.938919570135752,8
770,94,27,12,11,8.928894535544233,16
771,13,22,84,7,8.92622496976615,15
772,11,10,91,3,8.923724837318142,7
773,72,17,49,6,8.921503010914293,11
774,26,10,88,4,8.919527282390282,6
775,110,19,25,6,8.917701672558222,13
776,17,22,60,8,8.913811593594374,14
777,28,15,27,4,8.90102389348544,11
778,69,12,97,4,8.888377862411462,8
779,75,18,109,6,8.883837567249163,12
780,90,23,13,8,8.88376435292604,15
781,49,11,53,4,8.876928289416245,7
782,50,24,30,9,8.864762243264122,15
783,109,43,8,17,8.84679698776036,26
784,32,15,87,5,8.84415502943487,10
785,20,10,12,4,8.842914423325947,6
786,85,17,50,6,8.828432540960762,11
787,63,19,36,7,8.822881427312195,12
788,63,22,77,7,8.81999753264251,15
789,36,18,47,6,8.810892372607714,12
790,106,10,42,3,8.802546839644418,7
791,16,91,39,34,8.793845200182648,57
792,41,17,28,6,8.792780130820773,11
793,34,19,51,7,8.790432491258223,12
794,26,11,107,4,8.789963547813727,7
795,77,14,99,4,8.784719144285264,10
796,106,23,18,8,8.778191080978742,15
797,16,27,1,8,8.777340054296328,19
798,78,26,8,9,8.770169351910752,17
799,70,17,64,5,8.763483643924099,12
800,38,14,106,7,8.74501943352997,7
801,27,19,55,6,8.728752998522667,13
802,4,22,17,7,8.727735068009611,15
803,27,59,87,22,8.722585860088165,37
804,58,10,45,4,8.721721801464442,6
805,45,15,86,6,8.710518828201982,9
806,28,28,68,9,8.707268087933773,19
807,63,35,20,14,8.705248065274409,21
808,29,10,104,4,8.703420471548787,6
809,112,21,29,8,8.702796116095772,13
810,16,46,3,16,8.68148645178151,30
811,9,31,31,11,8.678153869820548,20
812,19,12,31,4,8.676840084796211,8
813,85,10,98,3,8.673802483900154,7
814,53,11,54,4,8.670288326383611,7
815,70,12,58,4,8.662523092509444,8
816,27,17,35,6,8.6459310555496,11
817,41,19,97,7,8.638943706099205,12
818,1,24,65,10,8.63311694974403,14
819,108,23,88,8,8.625035995257674,15
820,39,10,35,4,8.620295444874086,6
821,30,29,88,12,8.60623014790001,17
822,107,20,103,7,8.60534492539007,13
823,78,16,77,6,8.598968337289156,10
824,65,44,93,18,8.591281807406075,26
825,108,13,68,5,8.580585833252007,8
826,53,18,77,7,8.57678025133703,11
827,95,23,55,8,8.575006509864881,15
828,49,10,93,4,8.572163796775682,6
829,48,11,104,4,8.568096491349037,7
830,41,12,80,4,8.558761558111074,8
831,65,15,66,5,8.555650294431567,10
832,78,11,36,4,8.552435160203329,7
833,43,21,15,8,8.551961630209385,13
834,8,29,57,10,8.551560233934218,19
835,94,11,2,4,8.55058688518052,7
836,16,15,67,5,8.550473387804695,10
837,93,11,63,4,8.547776338932225,7
838,94,12,35,5,8.545638882275087,7
839,110,11,63,4,8.534985747455593,7
840,53,20,61,6,8.524850655507478,14
841,91,10,45,4,8.504304930616431,6
842,54,51,109,18,8.498578173468061,33
843,64,28,40,10,8.496071624321134,18
844,28,17,12,6,8.494896988707827,11
845,74,14,77,5,8.485489523270209,9
846,55,14,85,5,8.476039600481302,9
847,114,24,3,8,8.461132150785255,16
848,100,28,88,10,8.451759186156321,18
849,95,14,96,5,8.45037398259218,9
850,96,24,70,11,8.437417991026262,13
851,55,20,114,7,8.432483182241098,13
852,73,19,90,7,8.424101991862472,12
853,108,12,3,4,8.422087883882751,8
854,41,12,102,4,8.421036787338009,8
855,16,74,27,27,8.419832628912095,47
856,50,21,102,9,8.41869338516401,12
857,109,14,67,7,8.410228891959628,7
858,63,23,69,8,8.400460167479066,15
859,43,10,62,4,8.394379014204608,6
860,67,10,104,4,8.393331116483226,6
861,62,25,68,10,8.38261509800727,15
862,7,45,25,16,8.37280661834829,29
863,39,40,20,17,8.370524933042585,23
864,7,22,5,8,8.357081514884824,14
865,112,11,103,4,8.356502631162586,7
866,41,32,31,12,8.353957395244583,20
867,48,25,96,9,8.343995751105187,16
868,8,29,84,10,8.33757645831541,19
869,11,22,103,7,8.331865125951081,15
870,48,12,89,3,8.328549669565296,9
871,25,15,9,5,8.323455878342044,10
872,90,13,48,5,8.30973168111364,8
873,13,30,94,11,8.309149852706643,19
874,104,15,81,7,8.308547186806486,8
875,13,18,103,6,8.30635853652084,12
876,86,17,56,6,8.300855291965847,11
877,76,46,51,16,8.297669708270057,30
878,8,21,41,7,8.297019486473621,14
879,41,46,86,16,8.290720857944356,30
880,90,31,106,10,8.283845461248372,21
881,108,12,15,4,8.27883514329291,8
882,41,18,91,6,8.276671952774393,12
883,37,12,14,5,8.266467835075433,7
884,76,20,19,7,8.260815958486345,13
885,69,21,106,8,8.230262561693124,13
886,99,10,71,4,8.22496630028886,6
887,112,14,40,6,8.221202026655053,8
888,107,22,102,9,8.213723175398458,13
889,16,120,88,43,8.205593548894896,77
890,87,24,93,9,8.20135369004028,15
891,58,26,69,11,8.200000948757868,15
892,74,25,39,10,8.195535087876927,15
893,27,15,48,5,8.192251309057173,10
894,48,10,102,3,8.180791813472473,7
895,47,15,81,5,8.165398445346261,10
896,76,20,9,7,8.161384986883023,13
897,33,17,20,6,8.157924685534635,11
898,18,16,112,5,8.155957753880719,11
899,87,44,19,16,8.155268705412917,28
900,4,10,112,4,8.145974306589784,6
901,16,74,63,28,8.144368650075487,46
902,56,14,107,6,8.142413744294045,8
903,20,11,110,4,8.125291114928716,7
904,81,11,111,3,8.120062859865854,8
905,34,16,74,5,8.118744758398414,11
906,74,15,48,7,8.108554922899495,8
907,3,10,85,5,8.102330604310952,5
908,38,17,19,5,8.100688864380347,12
909,47,16,69,6,8.099464940788463,10
910,95,11,49,3,8.095998639719067,8
911,37,42,46,14,8.09589581959515,28
912,27,45,78,15,8.094234380040165,30
913,30,63,16,23,8.09332395697024,40
914,43,17,4,7,8.083539648296872,10
915,8,61,5,24,8.080732178020162,37
916,89,12,74,5,8.079770785030162,7
917,110,16,97,6,8.077466293642946,10
918,50,18,70,8,8.072010588554935,10
919,76,38,68,11,8.067259765332079,27
920,53,13,46,5,8.064750592390656,8
921,51,15,91,5,8.060157448942936,10
922,35,10,15,5,8.056529361763387,5
923,20,36,84,11,8.04861670328596,25
924,84,34,39,14,8.036646698196414,20
925,16,45,46,16,8.034750190065967,29
926,86,48,76,19,8.03219864248803,29
927,75,41,50,14,8.02466935745211,27
928,63,12,52,5,8.015196003418383,7
929,39,66,68,26,8.014314442819963,40
930,35,11,9,5,8.012816785902409,6
931,76,16,114,5,8.01045549406789,11
932,91,31,98,12,8.010154956050265,19
933,41,18,81,6,8.009042710590082,12
934,39,42,88,16,8.004378009209994,26
935,46,15,29,8,7.998285412892301,7
936,102,19,96,7,7.9956311609664965,12
937,44,22,6,7,7.994067314889742,15
938,13,16,70,6,7.990308468406848,10
939,5,28,84,11,7.986435375626319,17
940,12,35,13,10,7.981387733219609,25
941,112,26,76,11,7.979151678151438,15
942,65,25,5,10,7.967561696591304,15
943,23,21,39,8,7.9630880242589255,13
944,19,24,3,9,7.961165898921332,15
945,111,17,63,7,7.959677987637777,10
946,43,37,87,14,7.957322124342677,23
947,43,37,94,15,7.950393521522252,22
948,68,57,87,22,7.947555071801946,35
949,73,17,87,5,7.942207150258419,12
950,98,25,49,9,7.940831114729232,16
951,33,24,107,10,7.9345080318988535,14
952,30,12,2,5,7.930773013016298,7
953,54,22,18,9,7.917650548154775,13
954,6,14,61,5,7.915350050859163,9
955,88,10,82,4,7.912578083642496,6
956,71,13,38,4,7.906029048659733,9
957,78,11,31,5,7.904414780494012,6
958,53,14,90,5,7.90103229929259,9
959,17,16,29,7,7.899676305324427,9
960,114,25,90,10,7.8701656835045455,15
961,27,26,53,9,7.864216242382974,17
962,108,15,98,6,7.863072789163925,9
963,44,12,35,5,7.859665557157517,7
964,106,26,91,9,7.859341034872018,17
965,114,20,1,7,7.837742070296788,13
966,2,33,107,12,7.828664599470127,21
967,13,63,106,24,7.824636159857552,39
968,11,29,109,10,7.82409363266079,19
969,25,46,46,19,7.8204011950255445,27
970,114,12,110,4,7.80031681097971,8
971,50,15,48,5,7.798532000224024,10
972,47,10,111,4,7.786638633209644,6
973,92,14,114,4,7.774797164908212,10
974,50,22,18,9,7.758401768064157,13
975,53,11,73,4,7.756297558195456,7
976,37,49,25,20,7.755599308877524,29
977,16,32,64,11,7.754231430905149,21
978,73,13,54,5,7.746921178252216,8
979,44,11,84,5,7.741464370739849,6
980,15,15,1,5,7.73306575970013,10
981,76,12,72,4,7.731997605583364,8
982,16,14,101,5,7.729447625525014,9
983,12,13,15,5,7.701702899989759,8
984,75,61,68,22,7.698232004910781,39
985,27,32,77,12,7.696996903761324,20
986,86,28,1,11,7.69668031791366,17
987,111,25,7,10,7.69032342577198,15
988,5,32,11,12,7.687442157533876,20
989,50,35,55,15,7.677574556383833,20
990,72,10,104,4,7.673968450836452,6
991,103,15,84,7,7.669643891974181,8
992,37,29,38,11,7.668156637885108,18
993,28,22,62,9,7.6671820736148195,13
994,37,24,96,10,7.665844925696509,14
995,16,44,69,16,7.665479946548734,28
996,39,98,51,38,7.662136121339286,60
997,107,27,35,9,7.659745377736294,18
998,104,11,66,3,7.6588091193640615,8
999,33,13,31,6,7.647223417443057,7
1000,70,11,60,4,7.6464357490262,7
1001,97,29,5,10,7.639418302115124,19
1002,69,11,61,3,7.633216471104325,8
1003,28,22,19,8,7.627099764741291,14
1004,71,14,27,5,7.62097447229337,9
1005,54,22,72,8,7.618738189484298,14
1006,60,32,69,14,7.613845124007755,18
1007,54,18,58,8,7.606404400860017,10
1008,54,79,88,30,7.59594185423803,49
1009,18,20,36,8,7.5949028785012285,12
1010,58,18,88,7,7.5880987725104365,11
1011,103,15,12,7,7.5878898040199285,8
1012,72,10,36,4,7.585561627806539,6
1013,28,31,114,13,7.584853881328923,18
1014,46,12,77,5,7.574271980014295,7
1015,62,13,64,6,7.574220068338503,7
1016,34,14,5,4,7.5706698448560905,10
1017,40,66,68,24,7.5703219943157025,42
1018,97,24,51,8,7.56785294854944,16
1019,75,23,49,9,7.565086245339055,14
1020,60,19,45,8,7.562934672858015,11
1021,87,38,40,16,7.562449238427529,22
1022,103,12,30,5,7.562115149848123,7
1023,62,19,8,6,7.55716481128499,13
1024,49,13,55,5,7.545834219734257,8
1025,85,10,46,3,7.538229298143679,7
1026,17,15,77,6,7.533332094576503,9
1027,33,16,7,7,7.532188482638043,9
1028,6,11,55,3,7.526848268362216,8
1029,104,34,100,13,7.519540201693834,21
1030,19,31,107,11,7.517813856003017,20
1031,7,52,87,19,7.517208318589072,33
1032,85,11,47,3,7.514718359567323,8
1033,104,18,69,6,7.510735223332435,12
1034,12,32,107,11,7.504249063584787,21
1035,60,16,48,6,7.499058118959837,10
1036,7,21,109,8,7.493740572538848,13
1037,100,30,63,13,7.489915693362457,17
1038,70,14,36,6,7.476080415111229,8
1039,108,15,63,6,7.475559971035058,9
1040,64,37,31,14,7.4738922265185375,23
1041,38,13,57,6,7.472873149275028,7
1042,34,31,8,12,7.466974677979834,19
1043,110,18,39,6,7.464111416570426,12
1044,45,12,53,5,7.463487107897495,7
1045,100,12,70,5,7.458777129644957,7
1046,37,21,110,9,7.457046552670356,12
1047,46,30,75,12,7.449361290092638,18
1048,11,12,71,5,7.444969376445684,7
1049,88,13,103,5,7.429730837512919,8
1050,36,34,41,16,7.412500474371832,18
1051,70,30,20,11,7.408681007686702,19
1052,43,17,84,7,7.4028714682915195,10
1053,58,35,107,13,7.402010340100227,22
1054,27,52,65,19,7.3971504741145875,33
1055,1,10,5,4,7.391988711274886,6
1056,50,29,71,12,7.386130219514862,17
1057,79,17,51,8,7.384604941031533,9
1058,34,21,30,8,7.377448858621609,13
1059,71,19,81,7,7.374213709282583,12
1060,73,10,71,4,7.37323406519455,6
1061,31,14,80,4,7.367135464628976,10
1062,16,72,55,26,7.36707211993361,46
1063,25,16,33,5,7.36592627296452,11
1064,77,10,114,4,7.3654772203978025,6
1065,13,49,43,22,7.362163091098322,27
1066,78,42,51,19,7.360748718726536,23
1067,73,25,8,10,7.35879002547718,15
1068,17,19,9,8,7.3581791578689,11
1069,13,74,87,27,7.348586952505561,47
1070,48,24,79,9,7.345817828277461,15
1071,23,18,114,6,7.344942637597016,12
1072,40,41,104,15,7.342291894534163,26
1073,75,16,2,7,7.332326563651873,9
1074,57,23,63,10,7.330641846184261,13
1075,70,42,5,17,7.323141246130927,25
1076,16,20,93,9,7.319623013756245,11
1077,64,40,51,16,7.308174860870214,24
1078,54,33,40,13,7.298767912387551,20
1079,30,30,55,11,7.297909474841512,19
1080,43,31,40,13,7.2876910701836355,18
1081,9,20,104,8,7.285236260424962,12
1082,97,16,29,6,7.284915525257299,10
1083,13,20,98,7,7.284404613166717,13
1084,30,15,102,6,7.275971643900754,9
1085,55,20,68,7,7.273979151335479,13
1086,35,15,51,6,7.273693319202834,9
1087,106,13,57,6,7.272492874678534,7
1088,62,10,96,3,7.268496266352443,7
1089,110,16,70,6,7.267896542251015,10
1090,20,17,98,6,7.267496359610282,11
1091,63,14,10,5,7.2617205803599045,9
1092,75,19,81,7,7.259552889264539,12
1093,86,30,79,11,7.258463117259926,19
1094,87,29,91,11,7.256753645120718,18
1095,69,12,96,4,7.252755690648875,8
1096,31,14,5,5,7.246607645789562,9
1097,100,52,87,23,7.244520909720477,29
1098,114,27,40,9,7.240772461331043,18
1099,57,17,43,5,7.238205116611836,12
1100,107,21,66,8,7.234644618982624,13
1101,51,62,63,27,7.2250178317236315,35
1102,62,24,3,9,7.215098426159376,15
1103,18,27,8,9,7.2072418633828494,18
1104,86,22,52,8,7.203855363753254,14
1105,17,11,48,5,7.198036653114912,6
1106,109,13,22,5,7.1904728762162415,8
1107,13,22,62,9,7.185685068909586,13
1108,36,16,112,6,7.175574629533441,10
1109,98,41,86,17,7.171894084868247,24
1110,30,13,61,5,7.1697153559652405,8
1111,114,19,57,7,7.16817977917647,12
1112,104,39,55,15,7.167673821947762,24
1113,107,38,49,15,7.1581316222907825,23
1114,8,19,33,7,7.156947433543343,12
1115,80,13,30,5,7.153305949978541,8
1116,29,14,37,6,7.147246302868531,8
1117,84,18,19,7,7.145362039647056,11
1118,111,12,69,5,7.144443379259755,7
1119,5,17,60,6,7.144002600647477,11
1120,40,50,55,19,7.142420946012768,31
1121,39,25,112,10,7.139006069947715,15
1122,62,11,38,4,7.131662703916968,7
1123,67,12,107,4,7.124134838046416,8
1124,65,27,76,9,7.121500914302366,18
1125,86,30,83,10,7.114862976089345,20
1126,45,33,7,13,7.114147641228475,20
1127,1,10,45,4,7.100044646871245,6
1128,38,14,17,6,7.099034060595348,8
1129,30,26,64,10,7.0955835601535755,16
1130,16,37,76,17,7.08252034451718,20
1131,78,15,20,6,7.08000959239918,9
1132,28,35,70,14,7.078735797739843,21
1133,85,10,53,3,7.0781457464371815,7
1134,52,11,12,5,7.062340699088407,6
1135,98,27,63,11,7.061533653908023,16
1136,99,18,36,6,7.061516094995872,12
1137,16,45,9,16,7.057156590127354,29
1138,65,16,73,6,7.056062739811479,10
1139,17,14,19,5,7.043328257314956,9
1140,55,25,97,9,7.041738062020972,16
1141,72,11,114,5,7.039741382461145,6
1142,37,19,27,7,7.034792767414984,12
1143,76,15,48,5,7.031929988428476,10
1144,89,13,13,6,7.027546797235386,7
1145,95,15,40,6,7.026458120737083,9
1146,89,14,104,6,7.025402807656734,8
1147,87,27,53,12,7.022639512769477,15
1148,12,15,43,5,7.021564164922878,10
1149,28,35,102,14,7.0194388131448555,21
1150,63,25,38,8,7.013791456544735,17
1151,107,47,53,18,7.009171118597258,29
1152,40,13,69,4,7.0067178601682825,9
1153,93,26,54,9,7.002072182522706,17
1154,79,14,54,5,6.993661154009002,9
1155,4,21,87,7,6.993636995986407,14
1156,62,15,5,6,6.992708759597391,9
1157,111,23,13,10,6.988942249892523,13
1158,17,20,55,9,6.987444025974705,11
1159,53,30,30,12,6.984989750265453,18
1160,86,106,51,45,6.9809037129384555,61
1161,18,23,97,9,6.965163575719862,14
1162,108,10,78,4,6.96488712458409,6
1163,16,34,36,13,6.9623095532486845,21
1164,111,15,39,6,6.960860011711801,9
1165,32,18,104,6,6.95922508638955,12
1166,90,20,63,8,6.95733483322538,12
1167,4,25,51,9,6.952578906103857,16
1168,13,39,69,15,6.9462738533889254,24
1169,99,12,88,5,6.93913123202866,7
1170,41,20,19,7,6.929115235665347,13
1171,28,17,29,7,6.905526522456791,10
1172,58,21,68,8,6.90465268486649,13
1173,107,33,62,15,6.902263747551283,18
1174,29,17,34,7,6.901880092833004,10
1175,48,32,87,12,6.894587068096888,20
1176,100,58,86,25,6.889796508256855,33
1177,11,33,57,15,6.884490021353261,18
1178,88,28,3,11,6.882565592633591,17
1179,106,15,99,5,6.882359612487447,10
1180,12,15,38,6,6.874303116736782,9
1181,65,39,29,16,6.872699683392258,23
1182,34,12,38,4,6.8714448233593854,8
1183,29,19,69,8,6.87026975866342,11
1184,3,12,98,6,6.866274172778351,6
1185,60,43,4,19,6.864343045215706,24
1186,108,18,60,7,6.856532886501664,11
1187,7,99,51,37,6.849475435937799,62
1188,100,23,102,8,6.837370385890967,15
1189,62,28,51,11,6.837263314130049,17
1190,95,25,106,9,6.830338155584792,16
1191,49,26,77,9,6.827495313117423,17
1192,79,14,65,6,6.821859416038811,8
1193,68,69,31,28,6.821634358561019,41
1194,56,13,4,6,6.816273515879696,7
1195,60,28,12,14,6.81020866936888,14
1196,100,30,112,13,6.80803672110275,17
1197,86,25,103,9,6.80663720503749,16
1198,71,50,13,21,6.804323620324037,29
1199,34,22,11,8,6.8016519858467825,14
1200,3,17,50,7,6.801357099943921,10
1201,28,16,49,7,6.801284823553003,9
1202,72,26,27,11,6.800432191574657,15
1203,108,23,87,9,6.799580586486788,14
1204,55,10,31,4,6.798197972656263,6
1205,2,14,38,6,6.792448237787324,8
1206,84,26,29,11,6.760641343975314,15
1207,86,82,96,32,6.757041595559335,50
1208,33,17,50,7,6.750798742645294,10
1209,81,21,69,9,6.750068761353672,12
1210,63,27,109,12,6.749986635160668,15
1211,19,12,79,5,6.749688848415009,7
1212,86,54,97,22,6.749652418711037,32
1213,94,10,71,4,6.748460655059317,6
1214,45,13,68,5,6.747691137383071,8
1215,84,26,48,10,6.7407911051084906,16
1216,18,10,29,3,6.739197778395282,7
1217,40,14,78,4,6.732885786530082,10
1218,74,38,96,14,6.731828732252355,24
1219,14,13,95,5,6.731405281187272,8
1220,65,10,32,4,6.718474357729474,6
1221,28,35,97,13,6.716635909782017,22
1222,103,16,57,6,6.715681153503198,10
1223,49,25,65,10,6.705278129055871,15
1224,83,15,74,7,6.703298030488857,8
1225,108,11,38,4,6.702463242169258,7
1226,63,25,23,9,6.701335055503612,16
1227,10,18,86,8,6.698064905065153,10
1228,111,11,106,3,6.697425895741327,8
1229,104,54,28,22,6.6974143097234355,32
1230,69,23,57,8,6.689265645795012,15
1231,11,24,98,10,6.689063597940294,14
1232,49,14,37,6,6.68260072132325,8
1233,85,20,54,7,6.664179187550933,13
1234,10,12,57,4,6.658857003244836,8
1235,19,13,80,5,6.6570365011750905,8
1236,83,11,71,5,6.656205380333864,6
1237,71,19,37,8,6.653996053488669,11
1238,8,59,63,25,6.653552632837189,34
1239,32,26,5,10,6.647447060451906,16
1240,30,56,65,22,6.643764891482744,34
1241,86,38,17,17,6.641619574926921,21
1242,102,19,88,6,6.636908554010758,13
1243,4,30,65,12,6.6356003955737535,18
1244,39,22,37,9,6.632156694863052,13
1245,25,48,5,19,6.626414170343125,29
1246,74,38,46,14,6.622188071735937,24
1247,20,21,68,9,6.619136630374984,12
1248,23,14,30,6,6.618468991829208,8
1249,64,31,63,13,6.5953519944401675,18
1250,16,66,100,26,6.589381524860968,40
1251,27,11,101,4,6.582303845846212,7
1252,69,11,48,5,6.577798378248737,6
1253,77,12,81,5,6.5752456736487765,7
1254,72,21,87,9,6.574955845843893,12
1255,53,26,114,11,6.571088082289226,15
1256,106,32,23,15,6.549055396089171,17
1257,58,16,112,7,6.546457957272807,9
1258,54,58,70,23,6.543056803225659,35
1259,60,32,50,15,6.533035543984184,17
1260,98,23,29,9,6.531113392896418,14
1261,91,13,80,5,6.531108694088673,8
1262,102,12,38,3,6.529266346603461,9
1263,3,23,77,10,6.522612726457058,13
1264,13,35,37,14,6.522302273576749,21
1265,60,20,66,7,6.515171561917162,13
1266,76,15,79,5,6.514592595269538,10
1267,41,24,77,9,6.512816462619647,15
1268,3,20,112,9,6.50633594997227,11
1269,74,29,55,12,6.503619546467787,17
1270,90,11,102,6,6.502237322589002,5
1271,18,10,103,3,6.501498615339008,7
1272,30,27,11,11,6.4812524292465685,16
1273,70,20,9,7,6.477071321597407,13
1274,89,10,55,4,6.472799854469153,6
1275,69,37,86,15,6.470765747828811,22
1276,98,11,68,4,6.4699276959750645,7
1277,104,38,60,12,6.467802328258811,26
1278,98,13,12,5,6.466454254397779,8
1279,8,20,91,8,6.453847873736644,12
1280,6,10,28,4,6.452419128804086,6
1281,13,47,23,21,6.43409734894195,26
1282,69,18,94,7,6.432434124144747,11
1283,15,24,81,10,6.430856839870599,14
1284,89,16,107,6,6.429821795264183,10
1285,16,92,8,36,6.429444057927855,56
1286,40,16,33,5,6.427211772717694,11
1287,75,21,100,10,6.426877840881264,11
1288,96,23,80,9,6.423400971659428,14
1289,61,10,23,4,6.419517618014351,6
1290,91,18,54,8,6.414686940093468,10
1291,80,20,37,8,6.401050818487373,12
1292,33,13,96,7,6.392035038140808,6
1293,33,12,69,5,6.387028758243514,7
1294,62,29,88,12,6.378142546355093,17
1295,33,15,102,6,6.371524301983966,9
1296,57,12,50,4,6.36698198689182,8
1297,103,26,19,11,6.363737656827998,15
1298,7,21,56,9,6.361794853449644,12
1299,64,19,43,8,6.3596171770522805,11
1300,47,18,15,8,6.359572158435766,10
1301,92,13,27,6,6.356396578041118,7
1302,54,23,49,10,6.351489347342601,13
1303,85,17,96,5,6.345069391274802,12
1304,62,22,40,11,6.34058891485694,11
1305,15,24,18,9,6.3402318230961585,15
1306,70,18,98,6,6.319051319272616,12
1307,27,28,112,11,6.303699576266536,17
1308,76,20,94,7,6.29880756689131,13
1309,30,24,37,9,6.294754233158861,15
1310,54,13,108,4,6.288035508418625,9
1311,50,15,72,6,6.282212191469298,9
1312,87,40,41,16,6.2818869652827996,24
1313,29,14,93,6,6.281843189307092,8
1314,86,21,4,8,6.2794844995496994,13
1315,65,26,102,9,6.271132053863892,17
1316,20,45,5,17,6.270373633442785,28
1317,15,12,95,5,6.265255655621163,7
1318,13,38,8,15,6.256341732651182,23
1319,112,12,79,5,6.244469819410295,7
1320,27,30,94,12,6.240745005822246,18
1321,114,48,5,20,6.237633533478721,28
1322,34,31,86,13,6.237009896243484,18
1323,8,31,9,15,6.234041807874366,16
1324,100,67,51,30,6.233707092817567,37
1325,104,41,50,16,6.230364171354915,25
1326,16,42,91,15,6.227187272730326,27
1327,34,31,27,13,6.223671381235828,18
1328,107,65,104,26,6.21771215256008,39
1329,114,24,70,9,6.2146226206029915,15
1330,35,15,84,6,6.209299301194261,9
1331,74,28,70,13,6.203999405338755,15
1332,63,28,2,12,6.200018491851485,16
1333,87,26,97,9,6.1908682502181325,17
1334,91,12,71,5,6.187474142289449,7
1335,114,17,81,8,6.179669023614306,9
1336,11,23,35,9,6.1783992564267445,14
1337,27,31,57,14,6.175468461691406,17
1338,80,10,93,5,6.175234905241036,5
1339,107,23,77,10,6.174961839792214,13
1340,43,14,8,6,6.169495664997545,8
1341,13,47,36,18,6.167141158071529,29
1342,27,11,33,5,6.161047087897558,6
1343,50,11,81,5,6.158903696641065,6
1344,75,27,47,9,6.156969718274411,18
1345,100,31,54,12,6.154227857131632,19
1346,81,23,16,9,6.151567538462685,14
1347,8,43,46,19,6.150181022589489,24
1348,50,11,19,4,6.139898808996972,7
1349,25,35,88,12,6.123879676950231,23
1350,81,13,31,4,6.117159791325403,9
1351,90,12,7,5,6.108519045195328,7
1352,16,13,10,5,6.102410867550438,8
1353,10,13,87,5,6.098821416398097,8
1354,62,16,69,7,6.098141811871047,9
1355,49,11,103,5,6.096089027289713,6
1356,54,11,47,5,6.095812400128514,6
1357,96,14,108,6,6.092516088942792,8
1358,26,10,16,4,6.090476145744292,6
1359,111,23,107,11,6.08814286411973,12
1360,30,20,38,7,6.083418085357015,13
1361,23,13,102,6,6.080684731147943,7
1362,12,21,11,10,6.080012998878153,11
1363,7,37,3,14,6.07968438752447,23
1364,23,27,41,11,6.068042449918637,16
1365,23,43,60,17,6.05331122826769,26
1366,39,14,14,6,6.04933667985342,8
1367,63,24,18,9,6.046455003215173,15
1368,53,30,112,14,6.044976838822192,16
1369,70,15,93,6,6.04469500542117,9
1370,8,16,32,7,6.041444852098721,9
1371,7,24,98,9,6.0336860037819795,15
1372,75,31,31,14,6.033482134287373,17
1373,26,10,68,4,6.030745942778486,6
1374,91,17,50,6,6.027790824025911,11
1375,95,20,46,8,6.027785407812038,12
1376,108,28,51,12,6.026136385597758,16
1377,98,24,37,10,6.023716027404386,14
1378,103,17,17,6,6.022913063656272,11
1379,27,49,3,21,6.004461627295938,28
1380,37,19,100,7,6.000890669706824,12
1381,114,25,31,11,5.991876520395493,14
1382,98,20,84,7,5.988889731578423,13
1383,29,22,86,9,5.985988397553441,13
1384,81,17,27,7,5.98096092269796,10
1385,64,20,18,8,5.974775055211904,12
1386,102,21,87,8,5.971447061156249,13
1387,94,16,60,6,5.96995097961143,10
1388,97,18,40,7,5.966918416140386,11
1389,68,52,53,21,5.964244334939563,31
1390,97,12,10,6,5.950831581917705,6
1391,28,31,76,14,5.950271226300689,17
1392,28,15,53,6,5.9457443646332715,9
1393,49,12,33,4,5.9430630012189605,8
1394,74,10,43,5,5.941779824004124,5
1395,57,15,40,6,5.936628176580016,9
1396,73,20,114,8,5.924435121305103,12
1397,109,27,55,13,5.923431655873009,14
1398,75,14,93,6,5.923243043930715,8
1399,78,17,94,7,5.9206791532593845,10
1400,78,23,7,11,5.919551023484503,12
1401,84,27,57,13,5.910397185802947,14
1402,50,12,29,5,5.9053142051653245,7
1403,47,42,13,17,5.896900272648657,25
1404,75,59,107,20,5.896729059645907,39
1405,54,12,103,4,5.896465334872947,8
1406,39,34,43,15,5.893766912543444,19
1407,101,15,68,5,5.8919398867497925,10
1408,74,34,84,16,5.891399521581718,18
1409,17,16,43,7,5.888801333071096,9
1410,65,48,20,18,5.88795471662986,30
1411,39,18,103,7,5.887093677643695,11
1412,46,12,36,5,5.882094180819339,7
1413,97,27,68,11,5.880460614845399,16
1414,28,12,31,5,5.87633787823225,7
1415,16,44,43,17,5.867337853984075,27
1416,62,17,9,7,5.86600144742425,10
1417,54,36,95,16,5.865979569344106,20
1418,34,17,7,7,5.863504951401833,10
1419,7,21,112,8,5.8633899504874805,13
1420,55,61,65,26,5.858765777581566,35
1421,107,62,20,26,5.856840758569811,36
1422,80,12,79,6,5.851472407179256,6
1423,108,10,65,5,5.847992745343311,5
1424,40,16,5,7,5.820527251695649,9
1425,112,10,77,3,5.816541718607886,7
1426,79,13,20,5,5.810117746469002,8
1427,16,52,37,22,5.806896201742738,30
1428,8,19,98,7,5.806615359942183,12
1429,103,14,3,7,5.804756675353109,7
1430,10,11,106,3,5.8036728949329275,8
1431,91,19,31,7,5.801858258461766,12
1432,33,11,78,4,5.79554825245277,7
1433,30,44,19,18,5.775446473773882,26
1434,85,13,112,5,5.770596297207225,8
1435,13,19,76,8,5.766341264416831,11
1436,61,10,54,4,5.763750710129652,6
1437,80,15,68,6,5.759836210772863,9
1438,58,13,53,7,5.756559382638666,6
1439,23,13,47,5,5.755142063292807,8
1440,43,40,86,16,5.752126246020771,24
1441,36,12,77,5,5.751140829309578,7
1442,40,50,39,20,5.739978674185262,30
1443,25,42,106,16,5.73768822242091,26
1444,29,24,30,9,5.734998612686146,15
1445,13,48,25,22,5.729332953997915,26
1446,45,14,9,5,5.727853500458987,9
1447,25,26,51,11,5.72613511284895,15
1448,29,30,27,11,5.7247964521201045,19
1449,98,13,17,6,5.723425305113809,7
1450,41,18,37,7,5.716493275276269,11
1451,16,101,87,42,5.715876042721507,59
1452,11,14,47,5,5.7112915010697805,9
1453,68,18,109,6,5.704488776223907,12
1454,53,17,62,7,5.701449545318567,10
1455,23,13,50,4,5.694114757145069,9
1456,70,10,32,5,5.692479372096213,5
1457,106,46,5,18,5.689619439430471,28
1458,35,21,40,8,5.6891402135768585,13
1459,23,23,100,9,5.686655327949015,14
1460,28,37,9,17,5.685359581946875,20
1461,102,10,95,4,5.685319962340818,6
1462,63,37,13,16,5.677540897301027,21
1463,94,10,25,5,5.671887186214519,5
1464,29,32,19,12,5.671111826185552,20
1465,75,39,37,14,5.670197882049105,25
1466,16,108,65,45,5.668510464517601,63
1467,16,31,99,13,5.665818337043021,18
1468,54,11,82,4,5.664278302313932,7
1469,100,42,27,19,5.658775885008503,23
1470,20,44,16,16,5.653886889078911,28
1471,15,30,87,13,5.653006235363541,17
1472,9,13,61,5,5.652969843590383,8
1473,49,32,60,13,5.652266603264943,19
1474,4,10,97,4,5.649870700339136,6
1475,39,13,97,5,5.649731064357227,8
1476,73,23,74,9,5.649045009007229,14
1477,30,28,104,13,5.647296722607987,15
1478,109,16,46,7,5.636528034552769,9
1479,81,42,13,16,5.635564207487725,26
1480,75,43,9,17,5.6326941278183265,26
1481,19,15,81,6,5.630310593885412,9
1482,86,28,73,13,5.62531345595925,15
1483,5,21,17,7,5.625033929201379,14
1484,19,10,5,4,5.623378775596127,6
1485,9,24,84,10,5.622843694169622,14
1486,77,36,51,16,5.621023538220591,20
1487,95,26,50,11,5.619957219349123,15
1488,68,26,91,12,5.61946637277209,14
1489,38,20,84,9,5.614806649443392,11
1490,30,14,90,6,5.614315415339312,8
1491,23,11,10,5,5.611414438981715,6
1492,80,17,64,8,5.593698551425534,9
1493,20,38,96,15,5.591064360306499,23
1494,57,32,39,14,5.58759258285416,18
1495,102,14,34,5,5.587343030075011,9
1496,16,23,58,9,5.587223743497611,14
1497,104,81,65,35,5.584887655129079,46
1498,89,13,53,6,5.5817208357882135,7
1499,14,14,88,6,5.580858903619985,8
1500,39,67,49,26,5.580702066029428,41
1501,20,22,44,9,5.576158683247874,13
1502,7,23,38,10,5.57543888103377,13
1503,15,15,50,6,5.558685181571875,9
1504,31,10,95,4,5.5581891593402775,6
1505,13,30,95,13,5.556983808516705,17
1506,46,11,4,5,5.55622187464566,6
1507,69,16,54,7,5.552096999235811,9
1508,8,41,25,16,5.550067480025434,25
1509,36,53,31,23,5.548564460468652,30
1510,29,16,23,7,5.547160957253139,9
1511,25,18,84,7,5.5466876181289715,11
1512,18,42,75,18,5.546579166688546,24
1513,20,22,2,9,5.544865436021075,13
1514,40,23,27,12,5.543091094529359,11
1515,68,15,33,6,5.539648915480052,9
1516,64,21,23,9,5.538877575953661,12
1517,100,20,76,9,5.5369678710761505,11
1518,16,22,14,9,5.533520092369799,13
1519,11,13,81,5,5.532252988240377,8
1520,64,11,102,4,5.525256448935202,7
1521,28,33,7,13,5.522079859732702,20
1522,114,47,68,20,5.519247268707076,27
1523,87,59,37,24,5.516733087496062,35
1524,95,19,83,7,5.510188596504647,12
1525,80,10,81,5,5.509744831821596,5
1526,32,13,109,6,5.5080518973086185,7
1527,2,13,40,5,5.504797437287729,8
1528,65,63,88,24,5.504651676674426,39
1529,44,15,64,6,5.503275136525506,9
1530,16,27,38,9,5.5014358332432725,18
1531,67,10,102,4,5.49724656177184,6
1532,39,25,77,11,5.4955145166147075,14
1533,100,40,19,16,5.484447554990495,24
1534,100,22,25,10,5.476003695191372,12
1535,31,13,74,5,5.468299370651384,8
1536,5,31,51,11,5.465657211287606,20
1537,71,14,76,7,5.456476326439047,7
1538,49,13,43,5,5.456239269842584,8
1539,75,43,71,16,5.454468163058883,27
1540,97,18,57,8,5.45235309786646,10
1541,64,18,19,6,5.442590345604778,12
1542,85,25,84,9,5.439743670520439,16
1543,71,29,68,11,5.435653336862236,18
1544,42,13,69,6,5.432900919803646,7
1545,104,33,63,14,5.422500590286895,19
1546,104,38,25,17,5.422383455319629,21
1547,98,27,76,11,5.421334528995661,16
1548,16,55,49,22,5.408657272617291,33
1549,4,11,58,4,5.405037105567146,7
1550,54,31,90,13,5.397442007333916,18
1551,13,35,1,13,5.395737230218575,22
1552,15,31,3,13,5.389693798942545,18
1553,75,30,63,13,5.362343223381901,17
1554,90,24,50,10,5.361711287754659,14
1555,7,35,97,16,5.356987360153851,19
1556,81,15,65,6,5.355649781765623,9
1557,55,46,60,20,5.354179807158424,26
1558,37,47,63,19,5.351566239537104,28
1559,62,21,19,7,5.349910444614753,14
1560,47,10,12,4,5.346203816219377,6
1561,7,19,62,8,5.339510147514967,11
1562,80,27,87,11,5.3384780527270195,16
1563,100,22,41,9,5.337856418817986,13
1564,97,14,102,5,5.335160623731844,9
1565,27,50,88,22,5.33063587733512,28
1566,86,33,81,11,5.330127627628594,22
1567,12,31,3,12,5.314110885525397,19
1568,27,16,98,7,5.307731237447107,9
1569,111,25,55,10,5.307717141421055,15
1570,107,63,55,27,5.304312251522438,36
1571,29,26,15,11,5.301573411199915,15
1572,9,17,100,6,5.299356832075297,11
1573,87,10,42,4,5.296399197387675,6
1574,85,19,13,7,5.293220262416648,12
1575,3,14,94,6,5.2920666218833565,8
1576,99,21,86,8,5.291638236148403,13
1577,64,14,47,5,5.28922493224529,9
1578,14,19,28,7,5.288795345484194,12
1579,12,16,8,6,5.28650857871582,10
1580,30,55,107,23,5.281332536151194,32
1581,56,11,88,5,5.280224334897691,6
1582,28,11,92,4,5.26619903758234,7
1583,86,55,75,25,5.26427494208678,30
1584,35,11,31,5,5.255104723881263,6
1585,34,15,67,8,5.254716330627796,7
1586,85,14,65,6,5.254482148208556,8
1587,114,15,94,7,5.246364560187277,8
1588,25,26,40,11,5.242222631716463,15
1589,98,15,40,7,5.239271076053035,8
1590,52,14,16,6,5.238731564661996,8
1591,91,21,25,9,5.236778929543691,12
1592,102,11,77,5,5.233119980814118,6
1593,54,16,112,6,5.23274036486669,10
1594,9,12,23,5,5.231512665759894,7
1595,78,21,12,7,5.228626709315288,14
1596,104,24,3,10,5.226681542928665,14
1597,35,11,5,5,5.226534281744142,6
1598,92,23,39,11,5.22393109782644,12
1599,54,54,106,25,5.222938310920249,29
1600,34,17,39,8,5.222074480009673,9
1601,40,22,37,10,5.2189812618502875,12
1602,20,18,76,9,5.218902337593747,9
1603,69,14,8,6,5.216534828858885,8
1604,33,12,91,6,5.213867650447791,6
1605,6,10,39,4,5.213256916387499,6
1606,55,37,54,17,5.207989269972247,20
1607,50,22,109,9,5.207842202449344,13
1608,86,93,88,39,5.203981077125825,54
1609,16,106,7,46,5.201721932894633,60
1610,16,36,53,14,5.201094174764711,22
1611,64,26,8,10,5.1977394093405085,16
1612,46,25,39,13,5.196853389468722,12
1613,104,18,80,8,5.194103195079234,10
1614,40,13,113,5,5.193726392686624,8
1615,6,10,71,4,5.193692278292729,6
1616,75,17,97,7,5.183439015487436,10
1617,41,16,78,6,5.177820611113412,10
1618,49,18,29,8,5.174835217534595,10
1619,27,10,80,4,5.166088753800779,6
1620,65,29,96,13,5.165027076154164,16
1621,114,20,96,8,5.164351476040407,12
1622,91,11,56,5,5.1601828143932735,6
1623,98,13,93,6,5.160023067123591,7
1624,67,12,5,5,5.159840528973067,7
1625,12,11,58,4,5.1569470777512985,7
1626,35,16,28,8,5.153123660542302,8
1627,106,24,9,10,5.150083731218861,14
1628,11,13,97,6,5.149154391162879,7
1629,49,20,9,9,5.1413088393621935,11
1630,72,17,8,8,5.13781996064983,9
1631,36,21,3,8,5.136055944816986,13
1632,40,30,58,14,5.133397385337812,16
1633,75,18,4,7,5.112428644465592,11
1634,68,26,49,11,5.111957594134077,15
1635,23,30,68,14,5.1118494914616495,16
1636,64,39,86,17,5.108639671077766,22
1637,30,10,1,4,5.107240382060611,6
1638,9,30,54,13,5.106575143785501,17
1639,107,30,47,13,5.104713660133337,17
1640,27,37,15,17,5.10430832585563,20
1641,55,23,70,10,5.1032220329288345,13
1642,28,13,108,6,5.102919930198642,7
1643,54,35,68,14,5.101670061333945,21
1644,112,14,30,5,5.100011903935994,9
1645,53,25,104,11,5.0942603831986055,14
1646,90,23,65,11,5.084911236528136,12
1647,8,70,87,30,5.084902312273525,40
1648,32,10,20,3,5.082163415292109,7
1649,47,16,28,7,5.079195021327368,9
1650,90,13,33,5,5.072843762888294,8
1651,49,26,15,12,5.07229091793563,14
1652,41,10,61,4,5.060781095904467,6
1653,7,16,10,7,5.060407065651958,9
1654,28,28,100,11,5.053409603278851,17
1655,95,20,75,8,5.050260152484931,12
1656,104,48,51,18,5.045842035260691,30
1657,63,15,85,7,5.044437930195333,8
1658,37,61,104,25,5.041376355525095,36
1659,39,31,38,13,5.039769505176328,18
1660,65,12,52,4,5.0369958566437525,8
1661,20,24,41,11,5.031440077185285,13
1662,94,36,87,16,5.028702412089722,20
1663,13,49,64,23,5.026699897179315,26
1664,107,39,43,16,5.01096814377253,23
1665,72,17,17,7,5.00861905737698,10
1666,74,12,41,6,5.00781552916323,6
1667,102,13,83,5,5.0053275745844825,8
1668,93,26,5,10,5.004460526821323,16
1669,7,41,106,20,5.003800212982272,21
1670,104,17,12,7,5.0021373761196015,10
1671,16,50,50,21,4.998659270607032,29
1672,74,15,71,7,4.993812181109021,8
1673,50,23,31,10,4.99199978599778,13
1674,63,19,94,8,4.988953899876626,11
1675,80,34,55,16,4.987967529735275,18
1676,64,36,65,16,4.9878415407735135,20
1677,30,24,77,10,4.9859770460980455,14
1678,87,34,57,14,4.982711197960366,20
1679,80,10,44,5,4.9735414138069105,5
1680,98,11,23,5,4.969965161139006,6
1681,27,21,114,9,4.967571693509977,12
1682,40,49,107,19,4.964616090179718,30
1683,96,23,90,9,4.963939687748078,14
1684,76,44,107,16,4.963511886446058,28
1685,78,31,60,14,4.96254016338029,17
1686,64,33,41,13,4.951397157092105,20
1687,20,12,100,5,4.9486843519072865,7
1688,56,19,68,9,4.94813216675333,10
1689,76,14,18,6,4.948055179076069,8
1690,80,29,106,12,4.946009667025365,17
1691,51,15,6,6,4.9453303449739225,9
1692,39,23,81,9,4.943832581007466,14
1693,93,27,28,10,4.941127481170006,17
1694,49,11,71,5,4.940945789460408,6
1695,34,20,55,9,4.939270816045712,11
1696,54,60,51,26,4.938975028661098,34
1697,114,22,9,7,4.931319071415342,15
1698,86,40,36,17,4.927433251240005,23
1699,74,56,106,24,4.924754963776778,32
1700,41,22,109,8,4.921048446482954,14
1701,41,42,27,17,4.917123835584124,25
1702,13,38,77,16,4.916454321567022,22
1703,107,37,38,15,4.90842815232726,22
1704,38,12,28,6,4.907164394244691,6
1705,38,14,54,6,4.897121063973306,8
1706,23,16,77,7,4.892331871891681,9
1707,75,47,51,21,4.890410363576286,26
1708,39,10,101,4,4.889741278103363,6
1709,69,11,95,4,4.882909765417961,7
1710,23,44,88,17,4.876485476342163,27
1711,100,17,84,6,4.87641516703203,11
1712,88,26,57,12,4.870812248870149,14
1713,29,11,1,4,4.86693457558879,7
1714,37,54,106,25,4.865641247327302,29
1715,5,10,89,3,4.86246564090175,7
1716,52,12,107,4,4.861262849981809,8
1717,97,12,32,5,4.851459349576839,7
1718,86,33,77,14,4.850093446016942,19
1719,39,17,83,7,4.845386042652696,10
1720,83,20,64,9,4.840996077098241,11
1721,8,15,67,6,4.831909846155583,9
1722,41,13,90,6,4.828201040811693,7
1723,65,47,9,19,4.826128695703039,28
1724,31,19,25,9,4.823839301099763,10
1725,14,15,54,5,4.820525855929132,10
1726,74,11,85,5,4.812388004493803,6
1727,6,12,106,5,4.810944704219048,7
1728,2,25,106,11,4.808494527305082,14
1729,75,44,88,18,4.804702938088107,26
1730,1,16,12,7,4.804302234326601,9
1731,16,11,56,4,4.8021414027227,7
1732,75,22,96,7,4.801381492311931,15
1733,109,23,34,10,4.799792884418862,13
1734,68,16,6,6,4.799676836342988,10
1735,7,23,46,8,4.79766101758117,15
1736,111,11,25,5,4.797175922879397,6
1737,52,13,20,5,4.795236183864801,8
1738,9,17,1,9,4.794059502939978,8
1739,16,44,17,16,4.792262993794136,28
1740,97,24,76,11,4.789197045000655,13
1741,76,33,5,14,4.788314400539968,19
1742,86,57,104,25,4.778923035703435,32
1743,9,12,5,5,4.777710715122403,7
1744,33,14,23,6,4.772846471482118,8
1745,9,10,37,4,4.7723167368365935,6
1746,90,13,70,6,4.771084444295362,7
1747,12,15,31,7,4.770632464521183,8
1748,55,16,94,7,4.767452995148861,9
1749,76,17,88,8,4.766858398283601,9
1750,76,23,60,8,4.763967746356446,15
1751,55,12,79,5,4.763372141256469,7
1752,16,121,107,47,4.7579191821602915,74
1753,93,16,50,6,4.755526241513054,10
1754,7,23,50,10,4.754905099968965,13
1755,90,30,5,12,4.752640516818983,18
1756,25,16,77,7,4.745845616411638,9
1757,6,11,46,5,4.730994669309113,6
1758,15,14,75,5,4.729161606780822,9
1759,47,20,86,8,4.725074652339407,12
1760,107,15,61,7,4.722903053660273,8
1761,28,37,18,17,4.710953949587104,20
1762,20,23,46,8,4.708713070266485,15
1763,62,12,84,5,4.699556310812965,7
1764,16,36,84,15,4.697024903080797,21
1765,86,60,46,23,4.689511214815467,37
1766,71,16,5,7,4.686451238703377,9
1767,51,50,84,21,4.6822268584961195,29
1768,49,33,19,14,4.673413867050279,19
1769,109,19,38,7,4.6680162036882455,12
1770,30,25,94,11,4.661470203954234,14
1771,25,15,47,7,4.655390231832646,8
1772,7,99,88,43,4.655212936233494,56
1773,63,62,54,26,4.652017262215903,36
1774,27,13,79,6,4.651583262533671,7
1775,63,39,96,15,4.649023449526137,24
1776,85,14,88,6,4.644579154934634,8
1777,87,53,50,24,4.644204651506126,29
1778,6,21,16,10,4.642825718029857,11
1779,73,14,13,6,4.642713338622983,8
1780,48,13,25,6,4.64169889765536,7
1781,80,11,69,5,4.638884395252678,6
1782,73,19,109,8,4.637139105733967,11
1783,60,22,25,10,4.636282806493916,12
1784,106,15,110,7,4.633960085739299,8
1785,51,15,92,7,4.630319337525281,8
1786,15,33,107,12,4.622166313298647,21
1787,60,20,58,9,4.621481714021651,11
1788,72,10,40,4,4.6161082317709115,6
1789,85,20,68,7,4.615895850726342,13
1790,37,72,86,32,4.607837359690983,40
1791,38,15,18,7,4.6074157564111795,8
1792,88,10,66,4,4.60434245546846,6
1793,77,13,95,6,4.60149322445291,7
1794,94,19,65,9,4.593379853346693,10
1795,3,27,43,11,4.593356259583032,16
1796,50,32,96,14,4.592653394244439,18
1797,28,25,71,10,4.584215619303489,15
1798,99,16,65,7,4.579704538683142,9
1799,7,23,58,11,4.575034525669344,12
1800,99,14,95,6,4.572737764013027,8
1801,99,16,104,8,4.5627492392393,8
1802,74,23,109,9,4.562525277723523,14
1803,102,20,51,9,4.560982621023824,11
1804,11,30,41,11,4.559774039378228,19
1805,64,20,11,7,4.559361280352247,13
1806,43,18,5,8,4.5592775438308895,10
1807,70,15,23,7,4.554568026577778,8
1808,83,15,46,7,4.551826612706301,8
1809,99,18,15,7,4.551461310618723,11
1810,9,14,29,6,4.534452930887614,8
1811,106,23,75,11,4.532198108241345,12
1812,50,71,28,30,4.530365152854881,41
1813,88,12,67,4,4.530239274992248,8
1814,13,19,48,8,4.529838045170983,11
1815,29,14,43,6,4.527570070329541,8
1816,61,17,60,8,4.527394085824659,9
1817,74,23,50,10,4.520207268757788,13
1818,37,43,55,20,4.516821858156878,23
1819,23,41,87,17,4.512300706037799,24
1820,41,23,43,10,4.5016279133119586,13
1821,76,12,69,4,4.499300236532236,8
1822,8,16,79,8,4.494949825171058,8
1823,58,21,39,9,4.494576390875354,12
1824,93,15,37,6,4.493445665639034,9
1825,65,50,40,22,4.488092661947342,28
1826,64,13,33,5,4.484055738358923,8
1827,7,46,64,21,4.481240056988839,25
1828,100,30,7,13,4.479542671667203,17
1829,56,12,8,5,4.475636615156396,7
1830,95,33,107,15,4.475609109265348,18
1831,40,15,109,6,4.473863564525377,9
1832,96,31,25,14,4.4728328775528,17
1833,91,10,57,5,4.468260927215541,5
1834,34,18,68,8,4.46682629395999,10
1835,37,18,32,8,4.466542082918521,10
1836,77,11,97,4,4.4549011553839994,7
1837,50,12,73,4,4.454782630059153,8
1838,95,44,16,20,4.453378575583387,24
1839,76,22,27,9,4.447295769785034,13
1840,12,25,87,10,4.446151579345016,15
1841,95,15,109,6,4.444131433700797,9
1842,39,31,29,15,4.4414394917319875,16
1843,108,17,27,7,4.430289870166569,10
1844,23,14,20,6,4.42777867543601,8
1845,99,30,13,13,4.420966828834258,17
1846,71,29,87,13,4.418670539958073,16
1847,7,64,53,28,4.416213736910661,36
1848,50,24,64,11,4.4155104994189385,13
1849,114,46,13,23,4.412752578147673,23
1850,55,48,11,19,4.407143063823051,29
1851,34,16,76,8,4.406030161353482,8
1852,71,14,108,6,4.402422140240549,8
1853,62,18,11,8,4.400361109158305,10
1854,16,22,2,9,4.395353237879593,13
1855,12,12,64,5,4.3938981464127,7
1856,109,17,77,8,4.388954278604655,9
1857,99,10,54,4,4.3797228746123675,6
1858,87,33,25,15,4.379098196808542,18
1859,64,39,39,17,4.378360015170521,22
1860,87,109,107,47,4.378204402644428,62
1861,78,34,19,14,4.376472404777075,20
1862,49,24,8,10,4.374514809997584,14
1863,55,24,9,10,4.371040618945099,14
1864,55,13,58,6,4.369004483506264,7
1865,40,23,23,10,4.368423326803309,13
1866,74,15,9,6,4.367415226980942,9
1867,95,20,23,9,4.3618962627692595,11
1868,64,31,71,12,4.35947313780117,19
1869,19,11,83,5,4.3593981927010494,6
1870,28,30,48,13,4.353346769104992,17
1871,65,16,6,7,4.346168811124812,9
1872,70,29,65,11,4.343984179663613,18
1873,34,20,48,9,4.343261719849951,11
1874,16,68,68,27,4.3372324985682775,41
1875,16,19,12,8,4.336425549327281,11
1876,8,22,3,11,4.336142774896117,11
1877,41,23,112,10,4.3361056088328285,13
1878,60,12,22,5,4.334241842742782,7
1879,95,19,41,8,4.332143979792177,11
1880,3,19,18,7,4.327098482006966,12
1881,64,14,81,6,4.322376324615616,8
1882,4,22,40,10,4.316643149060896,12
1883,70,14,71,7,4.315612188206775,7
1884,20,24,109,9,4.314898517872035,15
1885,104,27,98,14,4.313899934387766,13
1886,97,23,17,10,4.3134285513049555,13
1887,86,24,72,10,4.313346082418057,14
1888,76,13,90,5,4.309550016746244,8
1889,31,10,8,4,4.309099443279478,6
1890,50,10,52,5,4.308197298973349,5
1891,106,27,53,13,4.302319600135898,14
1892,75,18,84,8,4.30081159040195,10
1893,25,28,54,12,4.300413553073274,16
1894,69,30,68,13,4.297953280916607,17
1895,13,12,35,5,4.29516454019383,7
1896,13,76,55,33,4.2692599183431765,43
1897,29,15,55,6,4.26601507571376,9
1898,91,30,107,12,4.264126621091653,18
1899,43,18,109,7,4.257138547767672,11
1900,94,11,18,5,4.250781715158486,6
1901,6,10,72,5,4.248570153213718,5
1902,16,39,109,16,4.248439530887055,23
1903,106,14,34,7,4.243674039664675,7
1904,16,44,71,18,4.241804878716306,26
1905,100,23,55,11,4.2413512317662345,12
1906,51,39,11,16,4.239244664902595,23
1907,71,12,109,5,4.235965151087515,7
1908,9,21,38,9,4.224156596688182,12
1909,71,11,44,5,4.223524348839462,6
1910,4,19,18,8,4.220670692754494,11
1911,17,20,63,9,4.217095300732271,11
1912,90,28,87,12,4.209781806456323,16
1913,65,56,36,24,4.205692860728479,32
1914,55,22,4,10,4.20328253931047,12
1915,63,18,79,7,4.202891326670182,11
1916,15,11,40,5,4.201647176656486,6
1917,9,14,57,6,4.20121561808404,8
1918,108,18,74,7,4.201041319943183,11
1919,87,34,49,16,4.192296058776267,18
1920,13,70,40,31,4.18989591600041,39
1921,23,27,25,12,4.182190113226028,15
1922,89,15,16,7,4.180346950354627,8
1923,43,33,7,13,4.178253566474209,20
1924,13,98,51,45,4.174566554409787,53
1925,107,53,23,24,4.172486813229872,29
1926,60,24,96,8,4.164982345638211,16
1927,83,40,5,19,4.163709904424501,21
1928,27,44,49,19,4.15863814469215,25
1929,27,24,84,11,4.156059221916357,13
1930,28,18,94,7,4.153033845767642,11
1931,28,60,84,26,4.150279635735803,34
1932,99,12,17,5,4.14837583337694,7
1933,43,14,68,6,4.147550463856525,8
1934,84,18,76,8,4.146116027740745,10
1935,20,13,73,5,4.146065391689569,8
1936,100,12,95,6,4.142851413596655,6
1937,23,49,65,23,4.1421094853825435,26
1938,53,47,71,20,4.141303557057986,27
1939,15,17,20,7,4.140150315603612,10
1940,27,14,1,5,4.13971610923312,9
1941,41,26,3,9,4.138003699682096,17
1942,76,29,49,13,4.136446164688921,16
1943,71,11,20,4,4.13643055739397,7
1944,7,51,27,23,4.136091254496649,28
1945,112,16,94,6,4.1306598471384035,10
1946,65,32,3,13,4.13016236108357,19
1947,45,22,65,11,4.1259231703887,11
1948,16,44,62,17,4.1185619817851284,27
1949,3,21,57,9,4.117819968250673,12
1950,7,12,2,5,4.115660194227726,7
1951,16,28,108,11,4.112388701031793,17
1952,97,30,63,13,4.107378727934806,17
1953,93,14,109,6,4.103558953267082,8
1954,83,20,93,9,4.100880722204593,11
1955,30,15,62,7,4.099340749559774,8
1956,20,24,35,10,4.098728722002914,14
1957,104,33,54,15,4.09448807738149,18
1958,69,25,43,11,4.093607533799894,14
1959,78,22,34,10,4.093026494881542,12
1960,100,56,13,25,4.092719778866878,31
1961,80,17,39,8,4.091599339844535,9
1962,17,51,51,24,4.088673144397257,27
1963,36,11,19,5,4.088590218421688,6
1964,78,17,98,8,4.084899624702042,9
1965,87,46,20,21,4.081217207939402,25
1966,16,129,51,58,4.080893052649269,71
1967,86,117,5,51,4.074944655375778,66
1968,60,38,8,18,4.06951058040077,20
1969,7,68,31,30,4.069172309295859,38
1970,20,12,38,4,4.067291998076464,8
1971,43,10,95,4,4.063398320607949,6
1972,56,11,39,6,4.061429150921739,5
1973,79,20,11,8,4.052675901080834,12
1974,14,10,20,4,4.051966837258039,6
1975,32,10,40,5,4.050021677419869,5
1976,84,12,69,5,4.04678242799089,7
1977,71,25,51,11,4.043275219347798,14
1978,1,10,43,5,4.038976715758721,5
1979,63,41,114,15,4.037972989054352,26
1980,104,10,10,5,4.031221485043642,5
1981,71,13,47,6,4.030916530509353,7
1982,100,70,107,34,4.030747826438372,36
1983,7,31,47,13,4.025431088719289,18
1984,43,35,65,17,4.024058672562781,18
1985,34,17,65,8,4.023733505197965,9
1986,39,21,96,8,4.016816457185763,13
1987,16,21,35,8,4.016361918873651,13
1988,8,20,110,8,4.013172679497404,12
1989,66,12,31,5,4.008754872558654,7
1990,30,33,71,15,4.006253796204616,18
1991,13,40,54,17,4.002518666516472,23
1992,31,16,112,6,4.001730552260451,10
1993,89,13,68,6,3.99200348329726,7
1994,88,18,6,8,3.98561022572369,10
1995,41,29,69,11,3.9797729258891983,18
1996,60,18,97,9,3.9792005525226366,9
1997,96,12,14,5,3.975747798085754,7
1998,100,37,15,16,3.9688324595887114,21
1999,78,15,96,6,3.961613354196041,9
2000,74,24,93,11,3.9601017688790825,13
2001,78,26,49,12,3.9527522510286133,14
2002,28,61,65,26,3.946950789839023,35
2003,35,19,43,9,3.946831407739413,10
2004,6,11,40,5,3.9442678680230823,6
2005,102,15,98,7,3.939114797619031,8
2006,30,42,60,16,3.9377409296212322,26
2007,80,10,97,4,3.9365866928471034,6
2008,60,30,15,14,3.9345392656992946,16
2009,97,35,16,16,3.9340820840887147,19
2010,85,15,20,7,3.9254254916442872,8
2011,5,28,2,12,3.923277825320168,16
2012,94,20,54,9,3.922994883894534,11
2013,37,38,70,16,3.9227382855891664,22
2014,30,14,52,6,3.910728614777823,8
2015,43,29,88,12,3.909072815187603,17
2016,64,11,90,5,3.90210878186129,6
2017,102,26,37,11,3.9015784283610255,15
2018,102,15,91,7,3.9012134006248127,8
2019,39,55,60,25,3.9004156775202237,30
2020,55,30,63,14,3.9003771949657002,16
2021,43,33,19,14,3.898972677409192,19
2022,28,23,57,10,3.897117570901977,13
2023,76,19,29,10,3.891834089248111,9
2024,41,33,104,16,3.881745214521683,17
2025,112,14,43,6,3.8721155379444245,8
2026,11,80,86,36,3.8685850748133026,44
2027,74,41,63,19,3.86350929161903,22
2028,30,25,76,10,3.858392584722826,15
2029,109,12,47,5,3.856660461158829,7
2030,18,23,31,11,3.843025830767866,12
2031,65,21,109,11,3.8409983091529716,10
2032,20,26,7,12,3.839940256500117,14
2033,9,47,86,20,3.838091076290299,27
2034,38,13,46,5,3.833859769343221,8
2035,7,44,55,18,3.8332053851440007,26
2036,91,26,13,12,3.831748260733109,14
2037,17,31,39,13,3.827602699322767,18
2038,4,11,3,5,3.825046392091852,6
2039,62,19,60,9,3.822113325977996,10
2040,16,31,79,13,3.819316250104341,18
2041,5,28,91,11,3.8146250930665166,17
2042,110,16,5,7,3.8138584796050923,9
2043,100,28,78,12,3.8112656040992516,16
2044,47,11,30,6,3.805010691364058,5
2045,7,10,93,5,3.7802315490169653,5
2046,87,21,112,10,3.7780413516592652,11
2047,104,13,92,7,3.7768187223532306,6
2048,102,14,17,6,3.7656274901945017,8
2049,16,135,86,58,3.7521554180773187,77
2050,41,21,76,11,3.7501063090537037,10
2051,88,34,18,16,3.744470394339094,18
2052,53,42,40,19,3.7429391558119995,23
2053,15,31,7,16,3.741081293807926,15
2054,1,13,4,5,3.736039087851971,8
2055,86,65,25,30,3.735239092039536,35
2056,29,34,107,12,3.7321236169755396,22
2057,54,14,12,7,3.727845074231434,7
2058,19,22,57,10,3.7238854840272495,12
2059,89,14,60,7,3.7237634526579124,7
2060,20,64,54,31,3.7237387131550506,33
2061,12,19,77,9,3.719515550896187,10
2062,85,14,11,6,3.7190747038473155,8
2063,15,21,5,8,3.714734226349825,13
2064,64,14,57,6,3.7114490151468567,8
2065,51,48,46,21,3.710186064128209,27
2066,65,16,14,8,3.7073397651844364,8
2067,58,16,3,6,3.70283525311189,10
2068,20,12,27,5,3.7014596968026496,7
2069,23,19,28,9,3.6970356039584393,10
2070,86,14,61,6,3.691831205405497,8
2071,3,22,64,10,3.6895059739852396,12
2072,87,35,69,14,3.67553372619528,21
2073,13,65,46,27,3.6628360066144348,38
2074,39,24,31,10,3.6610558433956157,14
2075,90,10,71,5,3.6561036030201253,5
2076,107,21,32,10,3.6546977761524686,11
2077,55,20,77,9,3.6546881978963213,11
2078,109,15,9,8,3.6538651478462696,7
2079,62,11,20,5,3.653244367006128,6
2080,17,11,18,6,3.651905683853181,5
2081,16,34,80,14,3.650847383014163,20
2082,63,16,66,7,3.650382654951077,9
2083,14,10,70,5,3.647042134114848,5
2084,104,10,19,4,3.642386124584971,6
2085,51,76,65,33,3.639835952671155,43
2086,20,52,28,23,3.6380228467997373,29
2087,39,49,27,20,3.6378007024620715,29
2088,19,19,20,9,3.63512225580757,10
2089,33,15,11,8,3.6324699886469727,7
2090,43,19,18,10,3.6267699505365183,9
2091,80,26,28,12,3.6230809501897743,14
2092,91,19,18,8,3.601007419787661,11
2093,75,57,16,26,3.59529020803502,31
2094,17,12,30,6,3.5949084621895344,6
2095,19,26,60,13,3.593717307962628,13
2096,97,10,95,4,3.58943247133478,6
2097,75,16,108,7,3.5782877645528655,9
2098,14,22,87,9,3.574657228905801,13
2099,25,19,43,7,3.573077352948075,12
2100,6,28,7,15,3.5631855242339143,13
2101,79,13,108,5,3.562523700236059,8
2102,107,41,64,19,3.561300386963443,22
2103,28,19,36,9,3.5549996153541237,10
2104,53,49,65,23,3.552341058928982,26
2105,75,25,74,10,3.5502981320595755,15
2106,13,31,19,13,3.544087166327379,18
2107,47,29,27,13,3.5439664319349258,16
2108,40,65,36,28,3.5400829247343655,37
2109,47,26,68,11,3.538637049708468,15
2110,44,15,7,7,3.5352660207554516,8
2111,93,17,25,8,3.5300397889756283,9
2112,53,14,100,6,3.5195197890566727,8
2113,65,83,41,34,3.5148961656926914,49
2114,23,21,3,9,3.512809694387383,12
2115,74,16,23,7,3.505315761927058,9
2116,13,90,107,41,3.504344737880481,49
2117,25,27,109,12,3.504136926234727,15
2118,37,13,108,6,3.501919723771849,7
2119,8,37,100,16,3.499602275938549,21
2120,50,26,9,11,3.4989626487903873,15
2121,58,12,47,5,3.4979705643460672,7
2122,114,39,51,19,3.4973322349486486,20
2123,62,14,102,6,3.4964695361773663,8
2124,97,36,114,16,3.4948097299506915,20
2125,30,39,68,18,3.493042702741885,21
2126,62,13,36,6,3.489528327052378,7
2127,36,30,51,14,3.4874600225025074,16
2128,41,16,45,6,3.485066668867455,10
2129,25,20,70,9,3.484518115943736,11
2130,60,41,114,22,3.4828028477548303,19
2131,55,16,18,8,3.4810467173744706,8
2132,96,57,54,28,3.4766133859583515,29
2133,112,10,98,4,3.474493961605602,6
2134,74,60,5,28,3.469996146708342,32
2135,46,53,54,24,3.462224315333584,29
2136,94,12,33,6,3.4605816741494517,6
2137,33,23,5,11,3.454327509177194,12
2138,37,21,23,10,3.453043705748743,11
2139,112,14,114,7,3.4529529803290635,7
2140,57,16,20,7,3.4486923125514912,9
2141,95,37,87,17,3.4486313771107997,20
2142,50,17,49,8,3.445365386788849,9
2143,76,28,55,11,3.4438952481653065,17
2144,15,24,54,12,3.443630034544425,12
2145,15,10,96,4,3.443141355329044,6
2146,60,58,40,26,3.4423663485116363,32
2147,30,26,69,12,3.441531249067659,14
2148,12,12,34,5,3.43390797401864,7
2149,78,11,81,6,3.4320246992935264,5
2150,108,10,69,6,3.4269138907252144,4
2151,4,12,37,5,3.421871703775507,7
2152,17,11,36,6,3.4172736451567545,5
2153,11,33,68,15,3.410293278845115,18
2154,34,20,79,8,3.408526065897861,12
2155,55,29,84,13,3.40123055779696,16
2156,4,13,28,6,3.3940824912486867,7
2157,55,50,5,22,3.393419962444802,28
2158,54,36,19,15,3.391619305942827,21
2159,73,10,104,4,3.391491099464731,6
2160,86,32,62,15,3.385910817077394,17
2161,36,28,55,13,3.383336577257353,15
2162,73,15,98,7,3.380055365181917,8
2163,78,41,57,19,3.372280191375726,22
2164,109,23,102,10,3.367967756914995,13
2165,49,29,51,13,3.3662600839742858,16
2166,40,17,20,7,3.3649339637959645,10
2167,54,25,97,12,3.3648153427656755,13
2168,14,23,8,10,3.3634201583462158,13
2169,14,17,106,7,3.360059412826609,10
2170,88,30,70,13,3.3524090493184278,17
2171,83,10,20,5,3.3478898251644025,5
2172,51,61,60,24,3.3463130273558974,37
2173,11,23,102,11,3.3462843676169043,12
2174,40,15,91,7,3.345577169162442,8
2175,54,20,98,9,3.3414082574982986,11
2176,68,13,5,6,3.3380294056441144,7
2177,76,23,39,9,3.3377690591055362,14
2178,11,47,88,20,3.3349012514182337,27
2179,41,19,50,8,3.331657114556134,11
2180,28,46,51,22,3.330644392104213,24
2181,65,23,78,9,3.329330662733114,14
2182,104,34,74,14,3.3198927626210826,20
2183,98,14,97,7,3.3185319117606187,7
2184,97,16,84,6,3.316428205809935,10
2185,107,15,72,7,3.315505659563615,8
2186,13,40,78,18,3.3140499044008016,22
2187,60,31,75,14,3.3139158628036856,17
2188,19,21,77,10,3.313201822422759,11
2189,41,14,96,5,3.3088942892360285,9
2190,114,21,64,9,3.3046667254482847,12
2191,47,13,61,6,3.3043540506366424,7
2192,104,60,5,28,3.3007473735225052,32
2193,100,20,74,9,3.2929107546249483,11
2194,55,15,35,7,3.289902790162483,8
2195,90,25,60,10,3.288918313106561,15
2196,28,16,78,8,3.28700424949784,8
2197,19,31,68,13,3.2786498819088243,18
2198,39,50,53,22,3.277161726088194,28
2199,114,13,67,6,3.2746706512348434,7
2200,88,53,104,23,3.2729157493477135,30
2201,8,57,65,26,3.2717260560147303,31
2202,28,56,54,25,3.2622780281799852,31
2203,18,56,53,26,3.2615252410170665,30
2204,69,15,12,8,3.259681024780823,7
2205,7,24,74,9,3.257493143792888,15
2206,114,47,25,20,3.2540864225169766,27
2207,64,10,96,4,3.247034103841879,6
2208,19,27,86,13,3.2446410846135,14
2209,23,12,81,5,3.240703587077002,7
2210,72,18,15,9,3.240291485049239,9
2211,99,25,60,11,3.2381944591027096,14
2212,9,18,34,8,3.2368917561941424,10
2213,63,93,86,39,3.2368352705177204,54
2214,107,49,36,23,3.234838704648264,26
2215,51,37,109,14,3.225760270205593,23
2216,23,55,7,25,3.2229283053761675,30
2217,55,39,28,16,3.2184704312839787,23
2218,17,16,74,7,3.211770551027832,9
2219,50,19,97,8,3.210625734622642,11
2220,60,47,31,24,3.2094707274879264,23
2221,56,12,97,6,3.2085312435870676,6
2222,106,28,17,11,3.2039846830051117,17
2223,7,93,86,40,3.2025353891099297,53
2224,51,25,29,12,3.2014733405608187,13
2225,36,41,39,18,3.1998605067578225,23
2226,41,56,107,23,3.1947452740775875,33
2227,88,61,5,29,3.1946532218196624,32
2228,30,16,108,7,3.1892122508171337,9
2229,37,54,50,26,3.188335276013606,28
2230,54,31,114,15,3.1847921316014234,16
2231,103,16,69,8,3.1785957104061198,8
2232,74,12,30,6,3.175828716417199,6
2233,106,25,60,10,3.171261503808182,15
2234,88,30,69,13,3.1706028089799125,17
2235,90,14,74,5,3.1680613510289204,9
2236,86,21,82,9,3.1586560919846263,12
2237,104,51,7,23,3.158219418007504,28
2238,46,15,64,7,3.152048322397266,8
2239,19,28,65,13,3.151219516035401,15
2240,75,23,23,12,3.1487336010920157,11
2241,112,12,45,6,3.1460936650177542,6
2242,76,15,2,6,3.1350168634931235,9
2243,23,20,12,9,3.1344558524425583,11
2244,36,11,80,5,3.115857421175661,6
2245,25,25,17,11,3.1106502600539105,14
2246,50,24,4,12,3.110559237136959,12
2247,107,19,79,9,3.1100913431447434,10
2248,107,48,9,23,3.108544215551862,25
2249,111,21,86,9,3.103761182763341,12
2250,29,38,87,16,3.1016615879853475,22
2251,92,15,60,6,3.101629065738582,9
2252,74,13,27,7,3.1002755903304404,6
2253,99,14,68,6,3.1001036150844663,8
2254,88,16,74,6,3.100015176246556,10
2255,64,10,91,4,3.0993479020870796,6
2256,6,17,27,8,3.094787186521294,9
2257,85,28,107,13,3.0934096190523594,15
2258,51,22,96,10,3.0911457625040346,12
2259,107,59,37,27,3.0878586600356255,32
2260,77,11,33,5,3.0866280393594168,6
2261,45,14,87,6,3.0862202973256596,8
2262,76,35,87,15,3.0781518481988153,20
2263,75,30,25,13,3.069551733540898,17
2264,71,18,25,8,3.0644100067848146,10
2265,71,42,86,20,3.060669361739169,22
2266,8,58,11,26,3.0543987529430154,32
2267,103,16,41,8,3.051077769785082,8
2268,38,13,96,6,3.0422152322461717,7
2269,25,39,65,16,3.0368934823131175,23
2270,39,13,98,5,3.03323231697735,8
2271,11,25,3,10,3.0300210432145183,15
2272,47,29,88,14,3.0208806441241434,15
2273,76,26,102,11,3.0198988245621554,15
2274,30,20,48,8,3.014647330297821,12
2275,9,43,39,21,3.012148514540607,22
2276,20,47,37,22,3.004985214474966,25
2277,96,14,34,6,3.0017630147825622,8
2278,4,11,69,5,2.999484176661719,6
2279,62,27,65,13,2.999159330673646,14
2280,77,26,18,10,2.9857786317703017,16
2281,80,15,48,6,2.985401033694241,9
2282,107,40,3,20,2.984243390869897,20
2283,87,67,88,33,2.9811881938058673,34
2284,46,13,1,7,2.97710684527845,6
2285,84,36,106,18,2.9754739608250116,18
2286,36,32,4,13,2.9739066740354185,19
2287,78,27,11,11,2.9702258084520916,16
2288,34,42,107,18,2.969780000361338,24
2289,2,21,37,10,2.9697580112694486,11
2290,25,18,57,8,2.964934950553875,10
2291,114,23,46,10,2.9631435316072405,13
2292,65,87,107,40,2.9571348502401498,47
2293,88,75,107,33,2.9538386590240515,42
2294,18,37,87,16,2.947620136311876,21
2295,18,20,65,10,2.9468351166959534,10
2296,71,18,46,9,2.944852774193542,9
2297,72,10,9,5,2.940516873871124,5
2298,83,27,65,13,2.938404758323202,14
2299,36,20,87,8,2.935573250897663,12
2300,33,21,28,11,2.9340033560517895,10
2301,9,12,66,6,2.9315079085260156,6
2302,74,82,86,39,2.921287780715151,43
2303,13,38,11,17,2.920804163820154,21
2304,102,19,106,10,2.9207255392565097,9
2305,37,10,33,4,2.9157377490462175,6
2306,25,12,108,5,2.9132670669268244,7
2307,13,75,60,32,2.912752278701916,43
2308,86,100,28,44,2.9116733038896876,56
2309,80,36,54,18,2.9116630961094696,18
2310,3,36,60,16,2.909958660956351,20
2311,91,19,37,9,2.9050960547005245,10
2312,70,31,51,15,2.904546585958992,16
2313,44,10,70,5,2.8975248911261433,5
2314,50,17,89,7,2.8953311273035705,10
2315,8,50,51,23,2.89267075268126,27
2316,83,23,87,11,2.8800534941463094,12
2317,106,14,77,7,2.8755893681261506,7
2318,75,21,30,10,2.8743282279457354,11
2319,57,12,53,6,2.8739584447786424,6
2320,112,14,1,5,2.872325056767924,9
2321,88,10,17,6,2.869337502995377,4
2322,46,23,63,12,2.867241869896345,11
2323,72,14,88,6,2.8660882603566415,8
2324,49,28,3,13,2.8638060805089895,15
2325,69,25,28,12,2.86191295640514,13
2326,11,21,43,10,2.8591997693126294,11
2327,73,16,96,7,2.8534303980093814,9
2328,97,13,33,6,2.8486496222061595,7
2329,28,13,44,7,2.8461398630992765,6
2330,8,25,102,12,2.8455510764088037,13
2331,95,33,39,15,2.841495525954098,18
2332,107,51,106,24,2.8408623146416327,27
2333,28,28,17,13,2.836983407123188,15
2334,53,23,81,10,2.832269045840245,13
2335,2,44,50,20,2.824465738990298,24
2336,75,21,112,9,2.824219405034075,12
2337,54,18,62,8,2.824080555827827,10
2338,78,44,16,20,2.8235401497216674,24
2339,18,13,71,6,2.821320109059578,7
2340,68,14,48,7,2.8206443314688054,7
2341,27,25,62,12,2.815669505240164,13
2342,1,32,36,16,2.8095303452930684,16
2343,99,15,41,7,2.8081672918617278,8
2344,20,11,72,5,2.807407936668827,6
2345,16,114,13,50,2.806583700477827,64
2346,106,14,112,7,2.805082024542767,7
2347,83,32,8,16,2.795775595052067,16
2348,68,14,44,7,2.7953277213928303,7
2349,7,26,1,12,2.7932054952385035,14
2350,100,13,36,6,2.7923934619121087,7
2351,27,63,107,28,2.7918139043432495,35
2352,70,12,102,7,2.7906887378625402,5
2353,9,15,97,8,2.7891659901703596,7
2354,43,19,104,10,2.7871607244902616,9
2355,63,20,43,9,2.786559914173097,11
2356,60,76,16,35,2.785894787921016,41
2357,28,31,91,14,2.785819668061851,17
2358,86,87,84,43,2.7811330297923607,44
2359,28,17,85,8,2.7808523631648967,9
2360,55,15,78,6,2.7795066806067297,9
2361,68,30,78,14,2.771999557719836,16
2362,5,11,10,6,2.7716738654503197,5
2363,5,17,77,8,2.765837567194589,9
2364,89,14,86,8,2.762477101644827,6
2365,1,17,94,9,2.762381009801199,8
2366,97,34,96,17,2.7556888339056806,17
2367,13,31,112,15,2.753404188017113,16
2368,70,14,43,6,2.753352748891417,8
2369,100,16,109,6,2.7455001332531213,10
2370,86,70,39,34,2.744623158809997,36
2371,97,22,104,11,2.7396377781056174,11
2372,99,12,63,6,2.7377253409939364,6
2373,47,21,63,11,2.7370968886641944,10
2374,65,50,106,23,2.735321183024918,27
2375,44,16,88,8,2.7255415222047024,8
2376,41,19,54,9,2.720244948724289,10
2377,95,11,80,5,2.7197438471090796,6
2378,63,20,4,9,2.717031964261833,11
2379,87,81,65,37,2.715865921869915,44
2380,49,16,70,8,2.713121422106841,8
2381,43,39,60,18,2.711882588615369,21
2382,87,62,54,27,2.7078927354800784,35
2383,15,45,39,19,2.705626466259025,26
2384,39,11,79,4,2.7039365709334446,7
2385,9,17,30,7,2.6960180413408095,10
2386,78,16,43,7,2.692107986343999,9
2387,87,22,31,11,2.6915087275033076,11
2388,96,33,88,16,2.690764055785852,17
2389,13,20,102,8,2.6891186576501753,12
2390,65,40,71,17,2.686780335165667,23
2391,28,26,30,13,2.6864332481864475,13
2392,50,28,65,13,2.6863314341926143,15
2393,106,50,51,23,2.6853814462408185,27
2394,78,20,3,10,2.684333791631706,10
2395,43,15,37,8,2.682935315305951,7
2396,86,122,87,60,2.6826709053740343,62
2397,43,14,58,6,2.6806335210316137,8
2398,39,25,5,12,2.679132217269287,13
2399,48,10,12,4,2.6757754483893885,6
2400,25,17,44,8,2.673535476281759,9
2401,13,118,7,55,2.670897317194474,63
2402,27,30,43,14,2.6707275997821673,16
2403,57,23,102,11,2.670529824407293,12
2404,41,29,1,12,2.6671220598664953,17
2405,97,26,46,12,2.665342497244282,14
2406,74,13,91,6,2.658254293210725,7
2407,11,33,20,14,2.6580258548377698,19
2408,92,29,88,13,2.6541256559252315,16
2409,57,13,36,5,2.6531160901053807,8
2410,54,32,102,15,2.64556958210047,17
2411,16,60,5,25,2.6435184456824317,35
2412,33,14,95,6,2.641545389608455,8
2413,57,41,15,19,2.641393323931462,22
2414,34,32,16,14,2.636310422328095,18
2415,110,13,54,6,2.63588490299345,7
2416,3,15,79,6,2.6331342611336166,9
2417,91,36,86,17,2.627461430980282,19
2418,23,33,8,15,2.626483448480395,18
2419,8,10,85,4,2.6233679922969846,6
2420,39,42,28,20,2.6233394077803616,22
2421,39,10,89,4,2.6189716831037586,6
2422,75,28,64,13,2.6143964254367047,15
2423,55,55,88,23,2.6082747054069815,32
2424,40,29,1,13,2.608102727316189,16
2425,12,13,19,5,2.6045527707765603,8
2426,72,10,66,5,2.6022001256645595,5
2427,36,23,91,10,2.600483205457648,13
2428,65,32,80,15,2.598635692200407,17
2429,1,10,109,5,2.5929606771402254,5
2430,12,23,49,8,2.5927996739074364,15
2431,86,33,18,14,2.5923706641316473,19
2432,27,50,86,22,2.583172410909509,28
2433,62,10,47,4,2.5775304802735826,6
2434,78,14,109,7,2.5746481317517187,7
2435,103,13,43,7,2.5743770858011263,6
2436,1,29,51,14,2.5741193049184687,15
2437,21,10,65,4,2.5701476719258265,6
2438,86,13,66,6,2.569628782050628,7
2439,1,24,54,11,2.569055642839927,13
2440,88,66,68,30,2.5571874870396623,36
2441,63,13,12,7,2.5566321850245544,6
2442,86,14,14,7,2.5565201304900333,7
2443,7,21,11,9,2.554018943860651,12
2444,73,19,1,8,2.55342910039073,11
2445,16,33,47,15,2.5520888385498686,18
2446,44,14,76,6,2.5504141931433355,8
2447,7,74,36,34,2.5493587507973596,40
2448,60,22,38,11,2.544970231368338,11
2449,97,35,65,16,2.5397394280205696,19
2450,20,20,95,9,2.532527406942274,11
2451,7,29,17,13,2.532089441361392,16
2452,44,15,107,7,2.530544567099409,8
2453,99,19,30,8,2.530388293684779,11
2454,51,32,43,16,2.529488938008269,16
2455,36,33,9,15,2.5279240780374668,18
2456,39,18,4,8,2.5267698999647226,10
2457,14,17,11,7,2.5264878637219237,10
2458,54,101,65,47,2.5206531859708714,54
2459,12,15,36,7,2.516319942513749,8
2460,60,50,86,23,2.5146802850614463,27
2461,50,52,107,25,2.5022496828069003,27
2462,37,18,109,8,2.501013404341532,10
2463,3,15,109,7,2.497379486109723,8
2464,65,37,111,16,2.496427849114077,21
2465,18,11,111,5,2.4899108726358863,6
2466,76,15,62,7,2.4840168024368525,8
2467,47,20,41,10,2.4805324580695545,10
2468,17,20,20,9,2.47595507024807,11
2469,4,17,81,7,2.4678124777063273,10
2470,74,17,69,9,2.4664972820824542,8
2471,17,17,1,8,2.462761073509877,9
2472,102,32,25,15,2.4608896969250456,17
2473,110,17,86,8,2.45971246028376,9
2474,97,12,3,5,2.446105897661354,7
2475,63,15,61,6,2.4454100802634517,9
2476,32,10,50,6,2.444054190716271,4
2477,55,39,106,17,2.438139246666604,22
2478,14,19,51,7,2.4338441230915158,12
2479,16,54,23,25,2.4326142049861326,29
2480,91,20,75,13,2.432369433261267,7
2481,8,17,38,8,2.427267079299572,9
2482,1,35,88,17,2.425177290772468,18
2483,3,13,102,6,2.423997417936798,7
2484,88,56,9,26,2.4233671798250107,30
2485,87,17,33,8,2.4230636639179637,9
2486,27,39,11,18,2.4199750785339247,21
2487,109,11,99,5,2.4195174025010595,6
2488,60,28,28,15,2.4122250218340917,13
2489,65,11,92,5,2.4112859752548714,6
2490,8,33,93,16,2.4111455321691304,17
2491,106,13,66,5,2.4075033563299866,8
2492,19,13,102,5,2.4072059728622706,8
2493,9,18,69,8,2.405000245398061,10
2494,20,26,80,12,2.4033351571638564,14
2495,114,15,98,7,2.3992721750256902,8
2496,46,38,28,16,2.3990178798165633,22
2497,16,22,45,9,2.3925466679441416,13
2498,111,12,8,6,2.390343846489095,6
2499,23,13,48,6,2.3894452247322273,7
2500,104,40,95,18,2.3890342183876085,22
2501,4,21,71,8,2.3871750117365993,13
2502,96,25,104,11,2.3866419839158346,14
2503,75,13,56,5,2.3840139649043497,8
2504,16,33,29,16,2.380578748651451,17
2505,8,14,112,6,2.3798297239108352,8
2506,69,22,11,11,2.37883531958793,11
2507,78,11,79,5,2.3765297335861715,6
2508,71,40,107,17,2.3760609676092463,23
2509,53,31,55,14,2.3720895326624127,17
2510,25,32,63,16,2.3688265373602615,16
2511,40,24,50,10,2.3671440474550507,14
2512,49,13,97,5,2.366826181424206,8
2513,99,23,5,11,2.3616219022642833,12
2514,64,44,88,19,2.3590830036125556,25
2515,100,14,97,6,2.3583259709010775,8
2516,96,14,109,6,2.3566759619593642,8
2517,100,32,12,15,2.35540239943184,17
2518,99,12,33,5,2.354570382478157,7
2519,4,36,31,15,2.3535355966794667,21
2520,114,12,38,6,2.341526377437994,6
2521,6,13,50,6,2.3414923323310646,7
2522,62,12,109,7,2.3379338219188046,5
2523,3,26,29,12,2.3331290552186923,14
2524,90,19,17,10,2.330539928781357,9
2525,12,20,18,9,2.330469525437735,11
2526,25,28,53,14,2.3301510854690854,14
2527,109,51,5,25,2.3285813949081655,26
2528,72,10,42,4,2.3285230567907305,6
2529,77,21,88,10,2.324899205812,11
2530,54,18,29,8,2.3209749235438757,10
2531,104,21,102,11,2.320627297470276,10
2532,88,32,91,15,2.315767764685104,17
2533,71,31,63,14,2.311262987331465,17
2534,57,23,37,11,2.3105129908375908,12
2535,60,26,95,12,2.300035058084817,14
2536,16,40,48,19,2.2998665622761414,21
2537,86,21,32,10,2.2989864902239003,11
2538,80,20,7,9,2.298668986127333,11
2539,9,15,81,7,2.2974062849528156,8
2540,77,15,11,7,2.2955958080164605,8
2541,100,24,5,11,2.2932427434044684,13
2542,86,38,112,17,2.2924646864380605,21
2543,106,13,4,7,2.287883468044352,6
2544,104,70,16,32,2.28381800550583,38
2545,38,10,81,5,2.2819621266449914,5
2546,48,19,65,10,2.2816603054261093,9
2547,9,47,40,21,2.2806450266015683,26
2548,77,12,69,6,2.2797993708458963,6
2549,79,14,88,6,2.276041062004083,8
2550,7,108,68,50,2.2702884441480373,58
2551,61,10,31,5,2.2696136748473603,5
2552,86,84,8,42,2.2684162276686486,42
2553,28,66,96,31,2.267406944603933,35
2554,85,12,7,5,2.2672729351147445,7
2555,94,10,50,4,2.2653355679184144,6
2556,106,45,88,19,2.2639858690375614,26
2557,87,62,106,30,2.2622041017840115,32
2558,95,30,25,14,2.25397314365567,16
2559,63,11,83,4,2.2518527555221,7
2560,88,38,4,18,2.2459217004175493,20
2561,65,35,11,17,2.244370066523791,18
2562,70,10,27,5,2.243263258457552,5
2563,104,65,13,30,2.2428038741485183,35
2564,8,89,55,44,2.240032474519914,45
2565,68,13,102,6,2.2364570689473298,7
2566,77,29,68,14,2.2354615349070697,15
2567,4,26,114,13,2.234564836857367,13
2568,18,14,20,6,2.2334528603958916,8
2569,46,18,65,7,2.232998478058102,11
2570,77,21,87,10,2.23200611064642,11
2571,11,41,54,19,2.2307575825855546,22
2572,23,21,15,10,2.2295883568640162,11
2573,90,16,25,7,2.2261576936837058,9
2574,75,43,39,22,2.2252173665323527,21
2575,84,10,15,5,2.223805292340999,5
2576,98,13,99,7,2.2212581677933785,6
2577,18,14,98,8,2.221147797140808,6
2578,72,11,62,5,2.217469660829094,6
2579,93,12,51,6,2.2166321429168523,6
2580,19,18,88,9,2.2153991535485864,9
2581,5,50,96,22,2.2114271922507607,28
2582,60,63,88,28,2.2053487740970454,35
2583,7,75,40,33,2.1957521283064803,42
2584,68,35,106,16,2.1936858069827965,19
2585,41,33,40,16,2.1935807772699496,17
2586,19,13,47,6,2.1915786077930712,7
2587,31,10,54,5,2.186668926147148,5
2588,8,64,74,28,2.186622040651489,36
2589,57,34,51,16,2.176826921199259,18
2590,84,16,93,8,2.173203038685072,8
2591,100,21,69,10,2.17280155507314,11
2592,41,46,68,22,2.171804807510051,24
2593,60,30,81,14,2.1697382345262226,16
2594,23,13,53,6,2.1639220781507627,7
2595,55,16,98,7,2.1617935333932947,9
2596,6,14,86,6,2.158350497876564,8
2597,6,13,12,7,2.14823199926446,6
2598,55,11,69,5,2.141856565606557,6
2599,71,39,39,18,2.140211900940766,21
2600,102,22,74,10,2.1384304011801047,12
2601,7,20,30,11,2.1356884749054443,9
2602,2,12,61,5,2.1331085158076015,7
2603,102,32,114,14,2.124084287601509,18
2604,37,26,84,12,2.124049904647881,14
2605,7,62,9,31,2.12190310948229,31
2606,49,24,63,12,2.1212323385530327,12
2607,53,11,70,5,2.117480208536356,6
2608,1,20,64,10,2.1164326209593654,10
2609,7,17,72,8,2.1143024060967655,9
2610,74,12,33,6,2.113811361820999,6
2611,69,11,25,5,2.1120597510852464,6
2612,68,28,94,13,2.1065110625469545,15
2613,108,32,107,15,2.1055805043927105,17
2614,86,33,38,15,2.105415418702344,18
2615,112,19,23,8,2.1018527652621173,11
2616,3,54,51,28,2.1006921102611917,26
2617,84,18,79,9,2.0988599029371873,9
2618,83,34,55,17,2.0962093979720215,17
2619,97,22,8,11,2.094799206270941,11
2620,69,16,39,8,2.0935180528421107,8
2621,17,12,91,5,2.0932516032559634,7
2622,100,18,17,7,2.0905637214372956,11
2623,40,18,11,9,2.089442100461012,9
2624,65,14,103,6,2.0882832780904637,8
2625,64,43,68,18,2.086424402801588,25
2626,44,14,51,5,2.084874228955972,9
2627,74,47,65,23,2.0847963525870914,24
2628,82,10,63,5,2.077975861296688,5
2629,39,44,3,22,2.065509339013768,22
2630,48,18,55,8,2.063233474226659,10
2631,109,29,84,13,2.061335008909019,16
2632,86,45,90,20,2.0574221764428238,25
2633,39,43,104,20,2.0501021472527095,23
2634,49,42,86,22,2.0472325960607987,20
2635,93,21,88,9,2.047097578055209,12
2636,8,28,27,13,2.0406647633042647,15
2637,40,59,88,27,2.0357313010299647,32
2638,30,10,58,4,2.0353902168198643,6
2639,83,13,50,7,2.034563553464953,6
2640,104,21,17,10,2.0345116655508866,11
2641,8,41,104,19,2.032634893277435,22
2642,114,19,15,9,2.0315983014363965,10
2643,91,14,114,7,2.0312426341433967,7
2644,76,12,103,5,2.028242791949044,7
2645,60,29,9,12,2.026686622824744,17
2646,32,11,13,5,2.026181507027534,6
2647,18,32,60,15,2.0244266182620256,17
2648,15,35,65,16,2.022134887421027,19
2649,114,27,17,11,2.0211590753648707,16
2650,8,37,90,16,2.0194647820717804,21
2651,93,11,60,4,2.018629631632218,7
2652,69,14,37,7,2.015512849900141,7
2653,20,36,51,19,2.015324697925083,17
2654,68,29,70,14,2.0151181581046385,15
2655,83,22,97,12,2.007636873207567,10
2656,30,66,86,29,2.006591353763605,37
2657,109,15,49,7,2.005068879120546,8
2658,68,26,46,12,2.0015169846627185,14
2659,75,32,87,15,2.0004298974911783,17
2660,114,26,74,13,1.9975972531686872,13
2661,104,15,112,7,1.99393597279257,8
2662,53,19,4,9,1.987694792892671,10
2663,30,15,4,7,1.9875071363114756,8
2664,28,38,25,16,1.9833898911599184,22
2665,77,19,29,8,1.981161054072831,11
2666,51,11,89,5,1.9808331837442865,6
2667,17,30,34,15,1.9798465664518694,15
2668,95,28,53,11,1.9769373995573185,17
2669,54,10,35,4,1.9706076038783524,6
2670,16,49,70,22,1.9664047334731982,27
2671,57,22,46,10,1.9631857780739914,12
2672,87,42,84,19,1.9615694257244276,23
2673,39,14,33,7,1.9600955952261434,7
2674,50,11,35,5,1.9581460146246747,6
2675,36,34,64,17,1.9485056781764598,17
2676,7,16,48,8,1.9478692265013036,8
2677,25,20,55,9,1.9429576796619945,11
2678,23,14,31,6,1.9392936999416424,8
2679,110,13,104,5,1.9388474450810558,8
2680,71,49,7,25,1.9387153694352777,24
2681,32,10,98,5,1.9380052263831626,5
2682,35,26,86,11,1.9370820379140026,15
2683,23,14,97,7,1.9330528734436567,7
2684,64,21,100,9,1.9284155970405452,12
2685,33,18,86,9,1.9281478379776118,9
2686,70,19,40,8,1.9276789997691202,11
2687,17,28,54,14,1.9259736473512523,14
2688,68,67,86,33,1.9257986527158262,34
2689,16,89,28,41,1.923978729516393,48
2690,114,21,18,10,1.923577249757446,11
2691,63,40,50,18,1.9230864117365438,22
2692,9,10,79,4,1.9224211679655938,6
2693,104,32,70,15,1.9224071285610203,17
2694,53,43,64,20,1.921457820047301,23
2695,99,11,76,6,1.9173589523208343,5
2696,97,32,106,16,1.9159665785715099,16
2697,110,11,17,5,1.9155371371930665,6
2698,68,38,1,18,1.9099752765436664,20
2699,8,67,28,31,1.9053784571291423,36
2700,109,64,86,30,1.899416037826687,34
2701,55,27,99,12,1.8950724021518552,15
2702,20,35,106,16,1.890590591428699,19
2703,25,23,64,11,1.8857238852847684,12
2704,17,28,49,15,1.8850836144226455,13
2705,96,16,30,7,1.885074878690488,9
2706,2,41,8,20,1.8848654476169697,21
2707,3,29,69,15,1.8798651806530013,14
2708,3,20,61,7,1.8795333987269642,13
2709,51,18,103,9,1.8710872411529311,9
2710,33,13,88,5,1.8654907442235076,8
2711,37,95,5,46,1.8654288703425719,49
2712,43,21,114,11,1.8643335671695769,10
2713,53,22,97,10,1.849246682219108,12
2714,88,38,109,17,1.8465678460761208,21
2715,114,30,20,14,1.8395405662544742,16
2716,100,10,79,4,1.8395053000006611,6
2717,84,38,96,19,1.8356486827006797,19
2718,74,29,13,14,1.8278354237299064,15
2719,11,15,114,8,1.8276036019184323,7
2720,106,11,3,5,1.8270221877820192,6
2721,44,13,114,6,1.8263733365516701,7
2722,64,16,108,8,1.8224151605655865,8
2723,102,13,99,6,1.8212893413036875,7
2724,60,66,77,32,1.8116715104085275,34
2725,40,18,111,9,1.8104998545748818,9
2726,36,22,25,11,1.8071440138268557,11
2727,70,57,86,26,1.8046372203949772,31
2728,51,34,31,14,1.8036645224364214,20
2729,18,32,41,16,1.8004819942826358,16
2730,63,10,103,4,1.799391808148132,6
2731,114,35,39,18,1.7909993968165117,17
2732,20,19,48,8,1.7888857426975076,11
2733,61,13,100,6,1.7880372053867657,7
2734,86,25,108,13,1.7878614121722645,12
2735,87,16,6,8,1.786303676475521,8
2736,29,20,8,8,1.7818268121537417,12
2737,37,25,90,12,1.7816453937181782,13
2738,50,21,69,11,1.7758250016074648,10
2739,88,11,110,6,1.7642228121429866,5
2740,51,14,61,5,1.755600841676815,9
2741,84,26,70,12,1.7530345342228948,14
2742,76,15,3,7,1.7459727940223067,8
2743,16,58,19,26,1.7429854408944496,32
2744,60,33,36,16,1.7416473627060747,17
2745,18,11,6,5,1.7414584600944751,6
2746,36,37,88,16,1.7392851936744347,21
2747,54,73,8,32,1.7343257229328217,41
2748,11,28,19,12,1.7321852516925744,16
2749,106,38,96,17,1.7318320126651918,21
2750,70,19,75,10,1.7314858975507377,9
2751,32,13,68,5,1.731166259808923,8
2752,88,80,51,42,1.7275061623855725,38
2753,77,10,28,5,1.727447904471638,5
2754,17,35,107,17,1.7269738989467152,18
2755,63,15,45,7,1.7260545689947924,8
2756,50,20,34,9,1.7118812894704334,11
2757,62,28,71,14,1.710784794078352,14
2758,54,40,7,19,1.7088310244062668,21
2759,48,10,37,5,1.7035937503192145,5
2760,20,16,102,8,1.6989391239814933,8
2761,36,15,23,9,1.6972875274185721,6
2762,28,64,5,31,1.6933141899778523,33
2763,58,13,50,7,1.6904606159972528,6
2764,47,29,51,15,1.6857225925039412,14
2765,45,28,31,13,1.6710870406691087,15
2766,87,48,60,24,1.6692465502528926,24
2767,13,64,27,31,1.6691676694326092,33
2768,85,16,17,7,1.6640468368595829,9
2769,46,25,76,12,1.6630163205732915,13
2770,37,47,74,23,1.6628163329711263,24
2771,15,40,86,19,1.6529535055223263,21
2772,36,23,68,11,1.6511686348202657,12
2773,15,16,78,8,1.6428031530867078,8
2774,72,13,47,7,1.6387746545153188,6
2775,54,76,16,37,1.6324694476486792,39
2776,44,17,87,8,1.6239279411647842,9
2777,68,18,57,9,1.6190755944848347,9
2778,81,19,18,9,1.6163568658399623,10
2779,38,32,13,17,1.614314899085523,15
2780,28,20,79,10,1.604902001664568,10
2781,87,59,30,28,1.6047073415490778,31
2782,87,53,11,23,1.5987941121738407,30
2783,14,11,75,5,1.5947210222856318,6
2784,2,15,25,8,1.5845186001024008,7
2785,58,12,100,6,1.5819008855655043,6
2786,107,22,81,10,1.581698926790109,12
2787,55,22,90,12,1.578656952498874,10
2788,60,25,46,12,1.5735893742532674,13
2789,87,55,3,26,1.5711036955177162,29
2790,30,35,8,16,1.5708178458419033,19
2791,63,43,41,20,1.5704593108021436,23
2792,50,16,12,10,1.5648641628940967,6
2793,9,14,111,7,1.5621342613374551,7
2794,109,26,106,13,1.562107287891286,13
2795,104,23,83,10,1.5563880557352996,13
2796,54,35,30,17,1.556335080451803,18
2797,75,44,55,19,1.5547955200380577,25
2798,87,41,74,19,1.54873499555014,22
2799,72,21,78,11,1.5468833871004866,10
2800,39,63,65,32,1.5346837203611847,31
2801,29,13,53,5,1.5317670028644748,8
2802,114,20,84,9,1.5282826629009798,11
2803,35,14,37,7,1.523131742310598,7
2804,12,16,85,8,1.5174687419154698,8
2805,46,12,55,5,1.5148590180899557,7
2806,30,22,18,11,1.5109053995571697,11
2807,68,48,63,23,1.5023050133577829,25
2808,17,31,50,16,1.4997072054884293,15
2809,98,29,107,14,1.499083976212842,15
2810,9,34,63,16,1.4983458266579124,18
2811,46,52,5,24,1.4974094901037487,28
2812,107,47,25,23,1.4967278623744356,24
2813,39,37,19,15,1.4964087239221076,22
2814,112,16,11,8,1.4950492246382476,8
2815,60,74,71,35,1.4843115108657077,39
2816,68,10,84,4,1.478899377350919,6
2817,13,16,79,7,1.4768985330359539,9
2818,103,17,79,8,1.4762996181953612,9
2819,73,15,63,8,1.4760785674332926,7
2820,11,17,32,9,1.4729852723414754,8
2821,35,24,7,12,1.4676220715119421,12
2822,6,13,69,7,1.4672562795661186,6
2823,71,24,3,11,1.4668209780059585,13
2824,51,21,98,10,1.466440718440977,11
2825,78,20,29,10,1.4647184944572504,10
2826,100,18,50,8,1.4641740921081967,10
2827,23,13,43,6,1.4628793390447163,7
2828,40,64,51,31,1.4624658901194145,33
2829,31,21,47,10,1.4606130980712668,11
2830,25,23,83,10,1.4597201880554966,13
2831,46,62,88,31,1.4519317579443412,31
2832,106,55,63,27,1.4485566818099482,28
2833,50,44,11,21,1.4477856494836985,23
2834,39,21,48,9,1.4474709554841443,12
2835,107,114,86,54,1.4448021131182338,60
2836,78,36,107,17,1.4439652273792518,19
2837,29,19,11,9,1.4398234321541226,10
2838,20,21,97,11,1.439527960881874,10
2839,50,28,25,14,1.4391705454909012,14
2840,34,10,114,4,1.4351304706118748,6
2841,94,23,100,13,1.4346520455492116,10
2842,36,35,45,19,1.423273124508123,16
2843,71,23,55,12,1.4219584840110406,11
2844,1,11,53,5,1.4196819324858228,6
2845,16,35,90,18,1.4190191744987382,17
2846,109,19,48,10,1.418982662208447,9
2847,12,16,40,8,1.4120822666164417,8
2848,12,20,71,10,1.4059148964814159,10
2849,46,25,9,13,1.4052752923291358,12
2850,70,17,95,9,1.4011695857654913,8
2851,13,42,109,21,1.400281994165379,21
2852,75,12,44,5,1.399837377533035,7
2853,91,13,9,6,1.3946381880594532,7
2854,36,11,29,6,1.3837445576600587,5
2855,95,31,7,14,1.3809406634768675,17
2856,106,30,41,15,1.3806292559177733,15
2857,4,24,16,13,1.3802504001914424,11
2858,55,15,62,7,1.3800432063216206,8
2859,86,66,55,31,1.371489773467497,35
2860,75,10,48,5,1.3711471542080278,5
2861,25,26,30,14,1.363384718034577,12
2862,112,12,74,6,1.3616749140437374,6
2863,72,35,16,16,1.3606835972281959,19
2864,111,17,87,8,1.3561671479223418,9
2865,33,23,13,11,1.3545846538800834,12
2866,30,14,81,7,1.3508923221630351,7
2867,68,105,13,50,1.349090097562237,55
2868,97,37,88,18,1.349074362930903,19
2869,108,17,40,9,1.3479697301696818,8
2870,107,72,63,38,1.346860465088752,34
2871,34,25,84,12,1.346258750306376,13
2872,70,29,76,15,1.3451436146232179,14
2873,51,16,85,7,1.3430560337281794,9
2874,6,10,23,5,1.3385415186806262,5
2875,108,13,81,6,1.3379621241230502,7
2876,50,32,51,16,1.3326103812189878,16
2877,94,13,37,6,1.3280387948229053,7
2878,8,57,96,27,1.3267739850117202,30
2879,74,18,80,9,1.3199661328668575,9
2880,10,16,8,7,1.3145513780375315,9
2881,32,12,51,6,1.314434714983352,6
2882,100,16,85,8,1.3140606350637047,8
2883,9,28,58,13,1.310268135821902,15
2884,87,38,109,17,1.307761261448275,21
2885,41,28,114,14,1.30733810804357,14
2886,84,11,64,4,1.3059634387921,7
2887,5,44,13,21,1.302350985374302,23
2888,70,23,39,12,1.3007482514942401,11
2889,7,22,8,10,1.29527150144924,12
2890,50,18,98,8,1.2936360808559426,10
2891,2,22,74,10,1.2925512141562505,12
2892,51,19,99,10,1.289208240710456,9
2893,89,17,88,9,1.2888997749635156,8
2894,58,15,51,7,1.2882165138599928,8
2895,16,53,74,25,1.2870673809929651,28
2896,28,57,109,26,1.284394464401595,31
2897,88,22,35,11,1.2841130433589263,11
2898,97,20,109,10,1.283406905257821,10
2899,51,86,107,37,1.2827346743308747,49
2900,96,59,107,27,1.2779661064945949,32
2901,17,12,80,5,1.2769817296361932,7
2902,68,71,27,34,1.2764686203905073,37
2903,107,38,90,19,1.2750427230775991,19
2904,71,11,1,6,1.2732152302328,5
2905,68,42,3,21,1.272725683953072,21
2906,50,19,108,10,1.2701675761997318,9
2907,76,25,109,11,1.2689223364922027,14
2908,57,46,86,23,1.2648574723007555,23
2909,73,15,16,8,1.2607482082851333,7
2910,27,10,46,4,1.255099102534174,6
2911,51,54,41,26,1.2550985410073052,28
2912,63,27,70,13,1.2550372321498742,14
2913,15,23,104,11,1.2517655638113565,12
2914,17,11,62,5,1.2486647888480191,6
2915,34,28,13,13,1.2481136376309807,15
2916,108,16,55,7,1.2425126869095338,9
2917,107,30,4,15,1.2387516471106226,15
2918,71,25,31,12,1.2380158081615504,13
2919,63,16,95,8,1.233969730193377,8
2920,51,16,38,7,1.2327496347880265,9
2921,60,33,41,17,1.2319535203548815,16
2922,41,19,29,9,1.2274036399679444,10
2923,71,26,9,12,1.2262156519313812,14
2924,64,26,27,13,1.2258854958857734,13
2925,88,58,28,27,1.2231426039382711,31
2926,49,19,64,10,1.220297755232682,9
2927,98,11,74,5,1.2137114800422117,6
2928,41,11,48,5,1.2123861926388988,6
2929,58,16,63,9,1.211674081917942,7
2930,25,33,97,16,1.211209753293348,17
2931,63,44,7,18,1.2086828652803667,26
2932,86,41,78,20,1.1995063387988498,21
2933,63,47,11,20,1.1937257550827323,27
2934,25,67,16,32,1.1932865297100665,35
2935,87,16,110,7,1.187803786715121,9
2936,76,31,96,14,1.1853039288193825,17
2937,8,77,88,37,1.1776806698246343,40
2938,8,26,48,12,1.176757496258483,14
2939,39,52,55,24,1.1740266098053433,28
2940,65,108,63,52,1.162387515885531,56
2941,104,16,23,9,1.1585628201755833,7
2942,58,21,87,10,1.15840018527612,11
2943,57,37,13,19,1.1523832009478125,18
2944,11,29,74,14,1.1468410073590314,15
2945,29,20,94,10,1.1465934751283302,10
2946,64,20,45,9,1.1431500338693237,11
2947,49,10,89,5,1.1422205230815399,5
2948,50,21,112,9,1.1411219571120224,12
2949,88,24,38,10,1.1397328805109292,14
2950,36,26,106,13,1.1307287364062801,13
2951,3,26,31,14,1.130409883055894,12
2952,23,45,86,22,1.127225198734144,23
2953,12,28,86,14,1.1251500294092478,14
2954,15,17,64,7,1.1222199728342503,10
2955,55,61,51,29,1.121525429408849,32
2956,27,13,18,7,1.1211992327384535,6
2957,29,19,7,7,1.1170674633929263,12
2958,16,44,114,20,1.1112389462801522,24
2959,41,58,88,27,1.1098846450807438,31
2960,73,13,55,6,1.1082443575059586,7
2961,91,12,47,6,1.1047106963660296,6
2962,40,19,45,9,1.1043531225931202,10
2963,96,18,2,9,1.1039761816908797,9
2964,100,50,39,25,1.1039072750925971,25
2965,107,35,46,18,1.1031099530770954,17
2966,109,18,69,9,1.1029346435463476,9
2967,70,39,106,20,1.1024614638047308,19
2968,63,31,78,14,1.096086261740049,17
2969,68,83,51,38,1.0958426568834045,45
2970,40,13,74,6,1.0901529369074687,7
2971,75,54,65,27,1.0834874610355825,27
2972,19,11,58,5,1.083062480876446,6
2973,17,14,15,6,1.0815196129384674,8
2974,13,106,65,50,1.0765898544860466,56
2975,64,19,97,9,1.0748997556854092,10
2976,39,49,41,25,1.074182288909445,24
2977,107,41,70,21,1.0723253683389224,20
2978,67,20,37,9,1.0707700527635258,11
2979,81,22,3,10,1.0692123151536583,12
2980,58,14,71,7,1.0679524363994282,7
2981,70,55,8,27,1.0665028298167964,28
2982,104,30,109,15,1.0638658496000608,15
2983,80,19,11,10,1.0634610256252162,9
2984,100,14,44,7,1.0590413147864144,7
2985,80,17,8,9,1.0587286140181775,8
2986,71,18,45,10,1.0500246166344394,8
2987,4,60,13,28,1.0440840904331967,32
2988,18,35,51,18,1.0414861976482428,17
2989,104,16,33,7,1.0375486456158112,9
2990,90,21,88,11,1.0373159148886417,10
2991,7,59,18,30,1.0365595161190129,29
2992,45,14,3,7,1.0349134798027078,7
2993,114,61,88,30,1.0343349566695972,31
2994,13,56,9,26,1.0296923282418164,30
2995,65,12,89,6,1.0288443309798572,6
2996,2,33,97,16,1.0254110764857562,17
2997,63,20,44,9,1.0233184771026502,11
2998,70,10,33,5,1.0222975969230632,5
2999,61,13,27,6,1.0219872336964406,7
3000,107,41,18,22,1.0183255345448823,19
3001,8,92,107,47,1.0168882870821125,45
3002,57,13,60,6,1.0152034376280954,7
3003,87,52,28,26,1.0126365910584707,26
3004,85,32,86,15,1.0113399236982092,17
3005,54,18,33,8,1.0077425554515869,10
3006,45,12,88,5,1.0058195203591582,7
3007,13,43,75,20,1.005364432264769,23
3008,41,73,13,36,1.0052100802031876,37
3009,114,11,93,6,1.004990658958168,5
3010,37,37,17,16,0.9978108601802018,21
3011,81,25,88,12,0.9872500369350808,13
3012,107,65,5,32,0.9748363761521144,33
3013,78,12,9,6,0.9745877106891208,6
3014,107,60,60,29,0.9741291318407875,31
3015,107,33,112,17,0.9703214884038734,16
3016,63,52,87,24,0.9694664805604959,28
3017,15,20,63,10,0.9688742288483304,10
3018,86,82,20,39,0.9685396642014508,43
3019,39,72,13,34,0.9683548554369994,38
3020,76,31,50,13,0.9653541591978417,18
3021,104,38,106,19,0.9604760273979323,19
3022,106,11,103,6,0.9583580547252424,5
3023,14,14,5,6,0.9561035605846475,8
3024,63,23,53,11,0.9461903574638922,12
3025,8,51,39,26,0.9395633007628413,25
3026,18,29,40,12,0.9358054757186772,17
3027,29,17,103,7,0.9351660888170469,10
3028,34,18,100,8,0.9301473079455932,10
3029,28,15,15,8,0.9292417398610766,7
3030,86,14,113,6,0.9183338417210537,8
3031,75,27,114,13,0.9181862737012574,14
3032,106,100,86,49,0.9173221659807225,51
3033,13,82,49,36,0.9169577221673888,46
3034,15,38,68,17,0.9158662466441888,21
3035,69,16,112,7,0.9156753374416627,9
3036,65,24,77,11,0.915254590048843,13
3037,39,14,1,5,0.9120351629887077,9
3038,43,17,50,7,0.911659904777202,10
3039,114,58,86,29,0.910815171729828,29
3040,76,16,95,8,0.9107888940485349,8
3041,36,35,75,19,0.9076169876586753,16
3042,58,10,77,5,0.9030195437216466,5
3043,112,11,14,6,0.9022319115654415,5
3044,60,12,111,7,0.9019980300500788,5
3045,62,14,50,6,0.9017457082495502,8
3046,68,17,74,7,0.9001065237726507,10
3047,94,29,107,12,0.8910851843021007,17
3048,93,13,3,5,0.8808947328421439,8
3049,83,21,88,11,0.8798897555023182,10
3050,84,17,91,8,0.8755346549877653,9
3051,60,17,84,10,0.871614356489069,7
3052,8,67,37,33,0.8700084298071539,34
3053,11,28,60,13,0.8661024757701268,15
3054,10,10,114,4,0.8617397018011257,6
3055,30,36,51,17,0.8562410576659019,19
3056,77,14,64,8,0.8550421959375887,6
3057,41,12,38,5,0.8514389884122232,7
3058,39,13,102,6,0.8492100400200487,7
3059,60,14,98,7,0.8439389777307171,7
3060,15,45,16,23,0.8420020533369178,22
3061,68,28,12,14,0.8414646030794412,14
3062,16,46,112,22,0.8388232147392494,24
3063,103,10,94,5,0.8351093164432406,5
3064,2,16,46,8,0.8285194662826778,8
3065,29,12,106,6,0.8264692442725535,6
3066,28,48,37,24,0.8263140292594408,24
3067,48,14,57,7,0.8226585916826298,7
3068,30,17,15,8,0.82197226314712,9
3069,84,15,95,7,0.8218033746912388,8
3070,50,67,54,33,0.8208738895797709,34
3071,114,19,45,9,0.8205689132017492,10
3072,7,80,41,40,0.8113607765595663,40
3073,7,16,79,8,0.808566327439515,8
3074,84,31,50,16,0.8064114901977948,15
3075,56,14,40,7,0.8062835825274064,7
3076,27,40,30,19,0.8060909584378129,21
3077,30,26,40,13,0.8045580871786187,13
3078,98,11,62,5,0.7995773049352667,6
3079,78,20,88,10,0.7981738756110616,10
3080,2,22,88,11,0.7956469041111237,11
3081,28,16,89,7,0.7901986413516635,9
3082,75,14,33,6,0.7900898585820654,8
3083,96,15,3,8,0.788360761162582,7
3084,80,15,38,8,0.7882565864146641,7
3085,4,18,104,10,0.7872554057904764,8
3086,27,22,50,9,0.7868338103994929,13
3087,13,51,28,25,0.7790491963091711,26
3088,87,22,99,10,0.7762165713325069,12
3089,10,19,84,9,0.7730240789929571,10
3090,97,20,93,10,0.7717644600090583,10
3091,9,28,3,14,0.7589069260840979,14
3092,86,91,65,47,0.7542690259471091,44
3093,14,15,13,6,0.7511854242648525,9
3094,107,85,28,40,0.7466282052500216,45
3095,46,24,84,11,0.744605770354001,13
3096,36,13,74,5,0.7437175733038444,8
3097,38,22,64,11,0.741675899909912,11
3098,7,12,108,5,0.7404080910313953,7
3099,25,24,15,13,0.7394428200536315,11
3100,50,43,106,22,0.7389423076340088,21
3101,76,37,11,17,0.7368187666821265,20
3102,5,40,63,22,0.7358500176759455,18
3103,40,77,86,36,0.7352757671814381,41
3104,9,22,112,10,0.732655126226577,12
3105,95,41,5,21,0.731606653431554,20
3106,27,13,99,7,0.7284055341482095,6
3107,71,10,96,5,0.7278695572627789,5
3108,57,10,4,4,0.7276499847388471,6
3109,8,24,17,12,0.7243993806611897,12
3110,61,18,40,9,0.7154895706830828,9
3111,82,13,28,7,0.7153587234866209,6
3112,43,18,71,10,0.7122285277146704,8
3113,106,18,27,7,0.7074485049679566,11
3114,47,23,65,11,0.7020951602660517,12
3115,18,23,104,13,0.701208945227421,10
3116,38,11,91,5,0.7003822911270713,6
3117,57,11,95,4,0.6989616542578664,7
3118,60,11,79,5,0.6985956608890181,6
3119,61,11,39,6,0.6964131355147419,5
3120,49,22,62,10,0.6937360485134608,12
3121,11,17,93,10,0.6934063282822602,7
3122,8,30,76,14,0.6822031764790529,16
3123,18,19,25,10,0.6816652439852776,9
3124,109,14,23,7,0.6795387556597896,7
3125,51,59,87,29,0.6792814823042007,30
3126,50,39,39,19,0.6773303120820146,20
3127,29,13,79,5,0.67578388648967,8
3128,50,10,38,4,0.6752935140978018,6
3129,109,26,60,13,0.673756859043161,13
3130,37,40,114,18,0.6680388190804037,22
3131,87,53,55,26,0.6510092984236335,27
3132,65,28,84,14,0.6478183306385065,14
3133,2,10,109,5,0.6444253237530958,5
3134,7,88,65,46,0.644081528046759,42
3135,61,19,13,11,0.643994979824989,8
3136,75,26,27,12,0.6422144911466388,14
3137,85,15,69,7,0.6408165415497267,8
3138,25,25,41,14,0.6394054706376684,11
3139,111,17,36,8,0.6365354853619557,9
3140,100,42,30,19,0.6358221952019002,23
3141,13,34,20,16,0.632497829596757,18
3142,4,28,64,13,0.6316212138641686,15
3143,87,30,47,15,0.6310013424305165,15
3144,60,23,1,11,0.6297573562891167,12
3145,65,40,37,21,0.6273579146862459,19
3146,36,33,71,17,0.6241330409639582,16
3147,39,48,54,24,0.6232758547943764,24
3148,40,12,38,5,0.6179079194784384,7
3149,31,22,58,11,0.6168553703735019,11
3150,28,55,11,26,0.6161995497274562,29
3151,91,16,70,7,0.6063303701253773,9
3152,63,15,34,7,0.6010869874219945,8
3153,71,32,106,15,0.6009609652453856,17
3154,111,10,12,6,0.6003907747378726,4
3155,71,10,23,4,0.6000287508458257,6
3156,39,61,11,30,0.5986931829218131,31
3157,94,14,88,6,0.594908220356331,8
3158,77,10,103,5,0.5941151902802773,5
3159,50,42,13,21,0.5885113336676775,21
3160,76,13,36,4,0.5885035889042722,9
3161,55,24,20,12,0.5874553964616283,12
3162,63,28,112,14,0.5834223269951169,14
3163,81,16,68,8,0.5833845458965541,8
3164,90,18,84,9,0.5795253040496203,9
3165,46,32,87,14,0.5771141288489539,18
3166,114,40,7,19,0.5741553045041318,21
3167,69,15,71,8,0.5724150990318919,7
3168,40,10,94,5,0.5678516928680516,5
3169,71,13,78,6,0.5661963238744551,7
3170,7,76,39,39,0.565107031101223,37
3171,29,10,108,5,0.5615423900676226,5
3172,83,10,2,5,0.5594397265150824,5
3173,46,20,41,9,0.5567343104251282,11
3174,114,14,30,7,0.5541405297268072,7
3175,5,49,54,23,0.5526115688513309,26
3176,92,17,7,7,0.5480230211986101,10
3177,98,27,16,13,0.5462850233229243,14
3178,64,29,54,15,0.5456745481805155,14
3179,60,77,7,38,0.5423394255026432,39
3180,50,36,8,19,0.5398388863137726,17
3181,106,10,1,5,0.539652861011431,5
3182,65,32,69,16,0.5395749033280591,16
3183,65,37,17,16,0.5366069246519296,21
3184,11,18,17,9,0.5333410210662327,9
3185,107,20,6,10,0.5288105428737948,10
3186,4,24,77,12,0.5234491201479377,12
3187,73,19,28,10,0.5214155246375574,9
3188,60,18,83,9,0.5212906629660227,9
3189,30,22,106,11,0.5189588569615401,11
3190,84,27,78,13,0.5159724183872996,14
3191,112,20,51,10,0.5141422831615118,10
3192,4,18,9,9,0.5118055197130339,9
3193,111,51,68,26,0.5032623987050037,25
3194,90,13,91,6,0.5003235284827323,7
3195,23,20,54,10,0.5000451529620598,10
3196,88,35,31,18,0.4999807976090588,17
3197,5,59,87,29,0.4991669720547012,30
3198,49,35,30,18,0.4960406471767641,17
3199,74,22,18,12,0.49290222508995235,10
3200,86,24,93,12,0.49230543753796824,12
3201,62,12,97,6,0.4900514031250112,6
3202,15,45,13,21,0.48844095580408553,24
3203,57,14,104,5,0.4845128262229356,9
3204,84,10,94,5,0.4811703860633969,5
3205,95,28,74,13,0.47842550860281996,15
3206,75,31,41,14,0.47837138213253816,17
3207,86,58,50,27,0.4764833561290648,31
3208,25,51,39,26,0.4759465051184244,25
3209,13,30,72,16,0.47398031208432273,14
3210,40,39,16,20,0.4700829739213681,19
3211,78,24,30,12,0.4700302420779276,12
3212,65,54,31,26,0.46913887469692744,28
3213,12,35,51,17,0.4643157827827626,18
3214,104,38,76,20,0.4636043507636342,18
3215,87,33,64,17,0.46005407824372796,16
3216,19,11,8,5,0.4526315395588909,6
3217,97,39,107,20,0.4513498337115768,19
3218,64,17,17,9,0.45034602156283254,8
3219,80,11,9,7,0.4439834453330457,4
3220,90,15,11,7,0.4409004522210816,8
3221,68,28,38,13,0.4389809843925625,15
3222,107,73,84,36,0.4361795606795497,37
3223,40,43,31,22,0.429627197462679,21
3224,103,21,87,9,0.42622272106811593,12
3225,46,11,19,6,0.4237898327913996,5
3226,49,32,7,15,0.42188009094911627,17
3227,11,61,107,29,0.41709104497289784,32
3228,5,14,38,7,0.4168378546295618,7
3229,54,34,84,17,0.4144322968093763,17
3230,19,11,85,5,0.41302616371565776,6
3231,20,16,69,8,0.4110151707783569,8
3232,31,33,86,17,0.4107692180392416,16
3233,96,39,55,20,0.409999012059578,19
3234,50,18,79,9,0.4091046493522828,9
3235,1,13,62,7,0.40260932742909444,6
3236,35,16,30,8,0.4016415319429745,8
3237,104,15,20,8,0.39743988488785953,7
3238,61,16,65,9,0.395050527419345,7
3239,55,16,41,8,0.3929137359889599,8
3240,102,14,84,7,0.3912018744364814,7
3241,8,13,44,6,0.3904420875790005,7
3242,69,30,36,15,0.38598798110099336,15
3243,16,30,111,14,0.38292925496486846,16
3244,114,16,49,9,0.38282715464735084,7
3245,114,28,71,14,0.3795577437704574,14
3246,70,22,97,12,0.3783758219642565,10
3247,14,18,84,8,0.37783903496494214,10
3248,3,58,86,30,0.376012591097257,28
3249,63,27,60,13,0.3732661726653222,14
3250,40,21,75,10,0.36863713867004627,11
3251,94,19,41,10,0.36863478647370623,9
3252,95,26,28,12,0.36814720179538635,14
3253,19,38,15,19,0.3676262260886879,19
3254,92,18,13,7,0.36521745881563183,11
3255,17,19,87,10,0.3631074209821953,9
3256,11,55,46,27,0.3617852188094646,28
3257,17,25,68,13,0.36066654828941963,12
3258,65,48,60,21,0.36041109535232235,27
3259,34,13,75,6,0.35287672494658584,7
3260,49,10,5,5,0.3484948933204418,5
3261,107,57,68,27,0.3442330203809919,30
3262,53,41,51,21,0.3439811842946898,20
3263,17,12,69,6,0.33992057730208697,6
3264,109,13,4,6,0.3380907022892352,7
3265,83,20,106,11,0.33164456490941063,9
3266,3,13,46,7,0.32759691142996444,6
3267,87,26,2,13,0.3261916240593897,13
3268,80,17,71,9,0.3237123360021306,8
3269,86,34,2,18,0.32232529406269955,16
3270,83,25,28,14,0.3193130867023741,11
3271,114,22,69,10,0.31706249889901594,12
3272,60,48,53,25,0.3118269913878374,23
3273,64,12,28,6,0.30789275575683855,6
3274,23,19,111,11,0.30722018824927017,8
3275,1,35,107,18,0.30511491832295773,17
3276,78,23,54,11,0.30143558754787414,12
3277,16,52,41,24,0.30124505382531497,28
3278,9,47,51,24,0.30084887268484173,23
3279,88,15,48,6,0.2955612335778544,9
3280,107,98,7,44,0.2953237046076182,54
3281,98,16,19,7,0.29311592538168374,9
3282,27,17,25,9,0.2912949474117505,8
3283,68,73,65,37,0.28958457645924957,36
3284,80,34,86,17,0.2891436647516337,17
3285,12,31,39,16,0.2859735583852553,15
3286,68,63,60,33,0.28538797843058167,30
3287,67,12,25,6,0.2816428039469064,6
3288,96,12,67,7,0.27996501259109813,5
3289,104,40,68,19,0.2798877887850182,21
3290,7,20,70,8,0.27895885562124206,12
3291,53,18,5,8,0.2778213329671456,10
3292,49,48,88,24,0.2720247737827329,24
3293,112,16,17,8,0.27197121777913047,8
3294,27,60,51,29,0.2702519443822804,31
3295,87,18,52,10,0.2686604923430049,8
3296,36,11,38,4,0.26679215079866997,7
3297,37,22,76,12,0.2606095394442829,10
3298,54,80,107,41,0.25756345940778985,39
3299,71,36,88,16,0.25752053570309325,20
3300,4,32,68,16,0.25730955252799864,16
3301,87,66,39,32,0.2545163831220157,34
3302,37,51,51,28,0.2542884534727083,23
3303,17,11,108,5,0.2506467392789146,6
3304,39,51,63,29,0.2485762976887629,22
3305,57,22,55,12,0.24797671552008474,10
3306,40,25,47,14,0.24655985846699452,11
3307,3,21,55,10,0.24651937295617823,11
3308,39,10,93,5,0.24650819188032075,5
3309,86,79,54,40,0.23904456444882094,39
3310,13,56,53,26,0.23596481784004864,30
3311,65,10,101,5,0.22906131925901718,5
3312,47,12,53,6,0.22656162850800943,6
3313,67,12,84,5,0.22644335659627104,7
3314,87,50,96,24,0.22380305623995284,26
3315,106,69,28,34,0.21905675330440585,35
3316,51,40,69,19,0.21782208020441515,21
3317,53,21,44,9,0.2122113313421154,12
3318,86,76,13,39,0.20959785617689106,37
3319,28,11,66,5,0.2056598644516812,6
3320,46,23,17,12,0.20521498367655996,11
3321,8,46,20,23,0.2023315764151644,23
3322,63,48,40,23,0.20172959340563693,25
3323,76,11,47,3,0.1986777302440924,8
3324,27,28,63,15,0.19791758871036855,13
3325,107,61,74,29,0.19420996588142148,32
3326,112,18,72,9,0.1936517175084139,9
3327,19,21,112,11,0.1905110640381326,10
3328,88,19,61,8,0.1901426643579958,11
3329,88,35,37,17,0.1877253046596751,18
3330,35,12,70,7,0.18631436457958764,5
3331,100,28,62,15,0.18610315559965024,13
3332,44,15,65,6,0.18351226600640885,9
3333,50,25,114,12,0.18060110833646845,13
3334,39,28,62,13,0.1799935219409716,15
3335,70,23,41,13,0.17939581625615084,10
3336,71,33,8,17,0.17759312635004623,16
3337,11,47,106,26,0.17225906773687616,21
3338,94,20,11,11,0.17024739405815303,9
3339,106,28,100,13,0.1677556244233457,15
3340,7,51,4,26,0.16136746029798088,25
3341,62,12,106,6,0.1584669634691407,6
3342,7,16,83,7,0.15765677447455273,9
3343,112,31,65,16,0.15691587782419453,15
3344,103,35,16,18,0.15666762878951854,17
3345,13,19,96,9,0.15564789635830772,10
3346,73,10,25,5,0.1328731236438802,5
3347,33,16,114,9,0.13065946112886406,7
3348,69,25,7,13,0.12779683769016903,12
3349,69,31,107,15,0.12729566822411237,16
3350,28,22,98,9,0.12169006680659694,13
3351,80,23,84,12,0.11286096846693221,11
3352,23,31,51,16,0.11082387229984789,15
3353,68,10,79,4,0.11002938828097442,6
3354,39,44,47,21,0.1095786316302477,23
3355,2,18,84,9,0.10504403066305398,9
3356,27,19,23,10,0.0995832775496503,9
3357,13,24,45,12,0.09910833731150663,12
3358,86,30,53,13,0.09593092236920715,17
3359,74,39,25,20,0.09563368284676016,19
3360,87,14,92,7,0.09367358040314991,7
3361,44,26,16,14,0.09298306483163052,12
3362,16,77,11,43,0.09238006612623816,34
3363,114,29,36,13,0.09213128587786307,16
3364,106,19,43,10,0.09144216539691846,9
3365,95,52,86,24,0.08956033992826938,28
3366,114,48,104,25,0.08363522002228145,23
3367,84,37,88,17,0.08333477514829757,20
3368,97,36,74,17,0.07931920932357782,19
3369,87,43,104,23,0.07856624027495081,20
3370,39,65,107,33,0.076960090526288,32
3371,87,32,62,16,0.06899373968097366,16
3372,62,19,37,8,0.06880627143278654,11
3373,106,21,40,10,0.06808253080226546,11
3374,107,71,114,36,0.06336114924955376,35
3375,16,27,33,12,0.06316320841340341,15
3376,17,39,13,20,0.05971803178296817,19
3377,29,19,38,9,0.056275627076261485,10
3378,57,30,41,15,0.054056619434678765,15
3379,8,70,106,37,0.05212763279076112,33
3380,19,27,69,14,0.04895022981261082,13
3381,16,47,57,23,0.04760132150868793,24
3382,73,16,106,8,0.04700386219362951,8
3383,83,17,51,10,0.04607341431682285,7
3384,72,10,30,5,0.04324886744884253,5
3385,74,41,54,20,0.04296760366186976,21
3386,31,11,97,5,0.04256244744109723,6
3387,16,28,102,14,0.03953820636299188,14
3388,9,50,68,25,0.039410551307440755,25
3389,84,19,17,10,0.032612383959908106,9
3390,100,17,98,9,0.031639837122449464,8
3391,12,57,65,27,0.026124323516890462,30
3392,43,11,72,6,0.02325384409149772,5
3393,60,15,80,7,0.014675025668747566,8
3394,15,10,48,5,0.011064943202326916,5
3395,109,17,83,7,0.00972932964701334,10
3396,94,30,19,15,0.006108266983873634,15
3397,85,18,16,8,0.00556795502767413,10
3398,12,38,27,18,0.0026296445382968906,20
3399,94,23,86,12,3.56651914630205e-05,11
3400,86,23,94,11,-3.566519146163031e-05,12
3401,27,38,12,20,-0.0026296445382967036,18
3402,16,18,85,10,-0.005567955027674327,8
3403,19,30,94,15,-0.006108266983873752,15
3404,106,47,76,26,-0.009505075346386196,21
3405,83,17,109,10,-0.009729329647013785,7
3406,48,10,15,5,-0.01106494320232656,5
3407,80,15,60,8,-0.014675025668747439,7
3408,72,11,43,5,-0.023253844091497392,6
3409,65,57,12,30,-0.026124323516892207,27
3410,98,17,100,8,-0.03163983712244967,9
3411,17,19,84,9,-0.03261238395990876,10
3412,68,50,9,25,-0.03941055130744142,25
3413,97,11,31,6,-0.042562447441096586,5
3414,54,41,74,21,-0.04296760366187002,20
3415,30,10,72,5,-0.04324886744884253,5
3416,51,17,83,7,-0.04607341431682421,10
3417,106,16,73,8,-0.0470038621936304,8
3418,57,47,16,24,-0.047601321508687774,23
3419,69,27,19,13,-0.04895022981261305,14
3420,106,70,8,33,-0.05212763279076128,37
3421,41,30,57,15,-0.05405661943467806,15
3422,38,19,29,10,-0.05627562707626055,9
3423,13,39,17,19,-0.059718031782969076,20
3424,33,27,16,15,-0.06316320841340473,12
3425,114,71,107,35,-0.06336114924955315,36
3426,40,21,106,11,-0.0680825308022658,10
3427,37,19,62,11,-0.06880627143278734,8
3428,62,32,87,16,-0.068993739680973,16
3429,107,65,39,32,-0.07696009052628745,33
3430,104,43,87,20,-0.07856624027495072,23
3431,74,36,97,19,-0.07931920932357782,17
3432,88,37,84,20,-0.0833347751482989,17
3433,104,48,114,23,-0.08363522002228167,25
3434,86,52,95,28,-0.08956033992827091,24
3435,43,19,106,9,-0.09144216539691921,10
3436,36,29,114,16,-0.09213128587786189,13
3437,16,26,44,12,-0.09298306483163078,14
3438,92,14,87,7,-0.09367358040315074,7
3439,25,39,74,19,-0.0956336828467596,20
3440,53,30,86,17,-0.09593092236920858,13
3441,45,24,13,12,-0.09910833731150781,12
3442,23,19,27,9,-0.09958327754964931,10
3443,84,18,2,9,-0.10504403066305477,9
3444,47,44,39,23,-0.1095786316302473,21
3445,79,10,68,6,-0.11002938828097442,4
3446,51,31,23,15,-0.11082387229984611,16
3447,84,23,80,11,-0.11286096846693237,12
3448,98,22,28,13,-0.1216900668065983,9
3449,107,31,69,16,-0.12729566822411237,15
3450,7,25,69,12,-0.1277968376901685,13
3451,114,16,33,7,-0.13065946112886495,9
3452,25,10,73,5,-0.1328731236438802,5
3453,96,19,13,10,-0.1556478963583079,9
3454,16,35,103,17,-0.15666762878951976,18
3455,65,31,112,15,-0.15691587782419436,16
3456,83,16,7,9,-0.1576567744745514,7
3457,106,12,62,6,-0.15846696346914188,6
3458,4,51,7,25,-0.16136746029798163,26
3459,100,28,106,15,-0.16775562442334394,13
3460,11,20,94,9,-0.1702473940581541,11
3461,106,47,11,21,-0.17225906773687602,26
3462,8,33,71,16,-0.17759312635004632,17
3463,41,23,70,10,-0.17939581625614923,13
3464,62,28,39,15,-0.1799935219409716,13
3465,114,25,50,13,-0.18060110833646717,12
3466,65,15,44,9,-0.1835122660064091,6
3467,62,28,100,13,-0.18610315559965102,15
3468,70,12,35,5,-0.18631436457958692,7
3469,37,35,88,18,-0.18772530465967646,17
3470,61,19,88,11,-0.19014266435799543,8
3471,112,21,19,10,-0.19051106403813386,11
3472,72,18,112,9,-0.1936517175084139,9
3473,63,28,27,13,-0.19791758871036816,15
3474,47,11,76,8,-0.19867773024409274,3
3475,40,48,63,25,-0.20172959340563568,23
3476,20,46,8,23,-0.20233157641516486,23
3477,17,23,46,11,-0.2052149836765593,12
3478,66,11,28,6,-0.20565986445168055,5
3479,13,76,86,37,-0.20959785617689083,39
3480,44,21,53,12,-0.2122113313421161,9
3481,69,40,51,21,-0.21782208020441543,19
3482,28,69,106,35,-0.21905675330440377,34
3483,96,50,87,26,-0.22380305623995211,24
3484,84,12,67,7,-0.22644335659627166,5
3485,53,12,47,6,-0.22656162850800912,6
3486,101,10,65,5,-0.2290613192590168,5
3487,53,56,13,30,-0.23596481784004786,26
3488,54,79,86,39,-0.2390445644488226,40
3489,88,39,20,21,-0.24516589914837106,18
3490,93,10,39,5,-0.24650819188031967,5
3491,55,21,3,11,-0.24651937295617593,10
3492,47,25,40,11,-0.24655985846699366,14
3493,55,22,57,10,-0.24797671552008407,12
3494,63,51,39,22,-0.24857629768876138,29
3495,108,11,17,6,-0.25064673927891384,5
3496,51,51,37,23,-0.2542884534727087,28
3497,39,66,87,34,-0.2545163831220154,32
3498,68,32,4,16,-0.2573095525279973,16
3499,88,36,71,20,-0.2575205357030929,16
3500,107,80,54,39,-0.25756345940778924,41
3501,76,22,37,10,-0.26060953944428406,12
3502,38,11,36,7,-0.26679215079866964,4
3503,52,18,87,8,-0.26866049234300404,10
3504,51,60,27,31,-0.2702519443822801,29
3505,17,16,112,8,-0.27197121777913247,8
3506,88,48,49,24,-0.2720247737827322,24
3507,5,18,53,10,-0.277821332967146,8
3508,70,20,7,12,-0.27895885562124184,8
3509,68,40,104,21,-0.2798877887850195,19
3510,67,12,96,5,-0.279965012591097,7
3511,25,12,67,6,-0.2816428039469064,6
3512,60,63,68,30,-0.28538797843058206,33
3513,39,31,12,15,-0.28597355838525484,16
3514,86,34,80,17,-0.2891436647516337,17
3515,65,73,68,36,-0.2895845764592491,37
3516,25,17,27,8,-0.29129494741175216,9
3517,19,16,98,9,-0.2931159253816844,7
3518,7,98,107,54,-0.2953237046076189,44
3519,48,15,88,9,-0.29556123357785347,6
3520,51,47,9,23,-0.3008488726848414,24
3521,41,52,16,28,-0.3012450538253157,24
3522,54,23,78,12,-0.3014355875478751,11
3523,107,35,1,17,-0.30511491832295834,18
3524,111,19,23,8,-0.30722018824927033,11
3525,28,12,64,6,-0.30789275575683855,6
3526,53,48,60,23,-0.3118269913878375,25
3527,69,22,114,12,-0.31706249889901467,10
3528,28,25,83,11,-0.3193130867023753,14
3529,2,34,86,16,-0.32232529406269944,18
3530,71,17,80,8,-0.3237123360021318,9
3531,2,26,87,13,-0.32619162405938956,13
3532,46,13,3,6,-0.3275969114299653,7
3533,106,20,83,9,-0.3316445649094112,11
3534,4,13,109,7,-0.3380907022892352,6
3535,69,12,17,6,-0.33992057730208786,6
3536,51,41,53,20,-0.3439811842946886,21
3537,68,57,107,30,-0.34423302038099246,27
3538,5,10,49,5,-0.3484948933204407,5
3539,75,13,34,7,-0.35287672494658556,6
3540,60,48,65,27,-0.3604110953523218,21
3541,68,25,17,12,-0.36066654828942024,13
3542,46,55,11,28,-0.36178521880946524,27
3543,87,19,17,9,-0.3631074209821953,10
3544,13,18,92,11,-0.3652174588156323,7
3545,15,38,19,19,-0.36762622608868795,19
3546,28,26,95,14,-0.36814720179538646,12
3547,41,19,94,9,-0.368634786473706,10
3548,75,21,40,11,-0.3686371386700461,10
3549,60,27,63,14,-0.37326617266532136,13
3550,86,58,3,28,-0.3760125910972572,30
3551,84,18,14,10,-0.37783903496494253,8
3552,97,22,70,10,-0.3783758219642562,12
3553,71,28,114,14,-0.3795577437704577,14
3554,49,16,114,7,-0.38282715464734857,9
3555,111,30,16,16,-0.3829292549648681,14
3556,36,30,69,15,-0.3859879811009911,15
3557,44,13,8,7,-0.3904420875789997,6
3558,84,14,102,7,-0.39120187443648013,7
3559,41,16,55,8,-0.39291373598895946,8
3560,65,16,61,7,-0.3950505274193441,9
3561,20,15,104,7,-0.39743988488786003,8
3562,30,16,35,8,-0.4016415319429745,8
3563,62,13,1,6,-0.40260932742909444,7
3564,79,18,50,9,-0.4091046493522828,9
3565,55,39,96,19,-0.40999901205957984,20
3566,86,33,31,16,-0.4107692180392426,17
3567,69,16,20,8,-0.41101517077835736,8
3568,85,11,19,6,-0.4130261637156565,5
3569,84,34,54,17,-0.41443229680937554,17
3570,38,14,5,7,-0.4168378546295618,7
3571,7,32,49,17,-0.4218800909491176,15
3572,19,11,46,5,-0.4237898327914003,6
3573,87,21,103,12,-0.4262227210681163,9
3574,31,43,40,21,-0.4296271974626791,22
3575,84,73,107,37,-0.43617956067955155,36
3576,38,28,68,15,-0.43898098439256167,13
3577,11,15,90,8,-0.4409004522210813,7
3578,9,11,80,4,-0.4439834453330448,7
3579,17,17,64,8,-0.4503460215628323,9
3580,107,39,97,19,-0.4513498337115769,20
3581,8,11,19,6,-0.4526315395588909,5
3582,64,33,87,16,-0.46005407824372685,17
3583,76,38,104,18,-0.4636043507636345,20
3584,51,35,12,18,-0.4643157827827631,17
3585,31,54,65,28,-0.4691388746969265,26
3586,30,24,78,12,-0.4700302420779277,12
3587,16,39,40,19,-0.4700829739213682,20
3588,72,30,13,14,-0.473980312084323,16
3589,39,51,25,25,-0.4759465051184236,26
3590,50,58,86,31,-0.4764833561290644,27
3591,20,23,30,12,-0.4766139020425556,11
3592,41,31,75,17,-0.47837138213253816,14
3593,74,28,95,15,-0.4784255086028221,13
3594,94,10,84,5,-0.4811703860633948,5
3595,104,14,57,9,-0.4845128262229359,5
3596,13,45,15,24,-0.4884409558040857,21
3597,97,12,62,6,-0.4900514031250112,6
3598,93,24,86,12,-0.4923054375379694,12
3599,18,22,74,10,-0.4929022250899522,12
3600,30,35,49,17,-0.49604064717676394,18
3601,87,59,5,30,-0.49916697205470045,29
3602,31,35,88,17,-0.499980797609059,18
3603,54,20,23,10,-0.5000451529620575,10
3604,91,13,90,7,-0.5003235284827329,6
3605,68,51,111,25,-0.5032623987050046,26
3606,9,18,4,9,-0.5118055197130339,9
3607,51,20,112,10,-0.5141422831615127,10
3608,78,27,84,14,-0.515972418387299,13
3609,106,22,30,11,-0.5189588569615399,11
3610,83,18,60,9,-0.5212906629660219,9
3611,28,19,73,9,-0.5214155246375576,10
3612,77,24,4,12,-0.5234491201479351,12
3613,6,20,107,10,-0.528810542873795,10
3614,17,18,11,9,-0.5333410210662319,9
3615,17,37,65,21,-0.5366069246519297,16
3616,69,32,65,16,-0.5395749033280594,16
3617,1,10,106,5,-0.5396528610114302,5
3618,8,36,50,17,-0.5398388863137724,19
3619,7,77,60,39,-0.5423394255026428,38
3620,54,29,64,14,-0.5456745481805153,15
3621,16,27,98,14,-0.5462850233229247,13
3622,7,17,92,10,-0.5480230211986107,7
3623,54,49,5,26,-0.5526115688513301,23
3624,30,14,114,7,-0.5541405297268066,7
3625,41,20,46,11,-0.5567343104251291,9
3626,2,10,83,5,-0.559439726515081,5
3627,108,10,29,5,-0.5615423900676234,5
3628,39,76,7,37,-0.5651070311012238,39
3629,78,13,71,7,-0.5661963238744554,6
3630,94,10,40,5,-0.5678516928680514,5
3631,71,15,69,7,-0.5724150990318926,8
3632,7,40,114,21,-0.5741553045041317,19
3633,87,32,46,18,-0.5771141288489547,14
3634,84,18,90,9,-0.5795253040496205,9
3635,68,16,81,8,-0.5833845458965539,8
3636,112,28,63,14,-0.5834223269951164,14
3637,20,24,55,12,-0.5874553964616281,12
3638,36,13,76,9,-0.5885035889042698,4
3639,13,42,50,21,-0.5885113336676766,21
3640,103,10,77,5,-0.5941151902802779,5
3641,88,14,94,8,-0.594908220356331,6
3642,11,61,39,31,-0.5986931829218128,30
3643,23,10,71,6,-0.6000287508458257,4
3644,12,10,111,4,-0.6003907747378741,6
3645,106,32,71,17,-0.6009609652453869,15
3646,34,15,63,8,-0.6010869874219955,7
3647,70,16,91,9,-0.6063303701253777,7
3648,11,55,28,29,-0.616199549727456,26
3649,58,22,31,11,-0.6168553703735028,11
3650,38,12,40,7,-0.6179079194784384,5
3651,54,48,39,24,-0.6232758547943754,24
3652,71,33,36,16,-0.6241330409639598,17
3653,37,40,65,19,-0.6273579146862459,21
3654,1,23,60,12,-0.6297573562891176,11
3655,47,30,87,15,-0.6310013424305154,15
3656,64,28,4,15,-0.6316212138641698,13
3657,20,34,13,18,-0.6324978295967559,16
3658,20,16,93,9,-0.6327174645108351,7
3659,30,42,100,23,-0.6358221952019013,19
3660,36,17,111,9,-0.6365354853619557,8
3661,41,25,25,11,-0.6394054706376676,14
3662,69,15,85,8,-0.6408165415497269,7
3663,27,26,75,14,-0.6422144911466392,12
3664,13,19,61,8,-0.6439949798249884,11
3665,65,88,7,42,-0.6440815280467607,46
3666,109,10,2,5,-0.6444253237530958,5
3667,84,28,65,14,-0.6478183306385067,14
3668,55,53,87,27,-0.6510092984236333,26
3669,114,40,37,22,-0.6680388190804033,18
3670,60,26,109,13,-0.6737568590431613,13
3671,38,10,50,6,-0.675293514097801,4
3672,79,13,29,8,-0.6757838864896706,5
3673,39,39,50,20,-0.6773303120820158,19
3674,87,59,51,30,-0.6792814823042013,29
3675,23,14,109,7,-0.6795387556597896,7
3676,25,19,18,9,-0.6816652439852758,10
3677,76,30,8,16,-0.6822031764790518,14
3678,93,17,11,7,-0.6934063282822591,10
3679,62,22,49,12,-0.693736048513461,10
3680,39,11,61,5,-0.6964131355147433,6
3681,79,11,60,6,-0.6985956608890178,5
3682,95,11,57,7,-0.6989616542578677,4
3683,91,11,38,6,-0.7003822911270713,5
3684,104,23,18,10,-0.7012089452274208,13
3685,65,23,47,12,-0.7020951602660523,11
3686,27,18,106,11,-0.7074485049679552,7
3687,71,18,43,8,-0.71222852771467,10
3688,28,13,82,6,-0.7153587234866207,7
3689,40,18,61,9,-0.7154895706830816,9
3690,17,24,8,12,-0.7243993806611906,12
3691,4,10,57,6,-0.7276499847388465,4
3692,96,10,71,5,-0.7278695572627789,5
3693,99,13,27,6,-0.7284055341482082,7
3694,5,41,95,20,-0.7316066534315533,21
3695,112,22,9,12,-0.7326551262265775,10
3696,86,77,40,41,-0.7352757671814375,36
3697,63,40,5,18,-0.7358500176759462,22
3698,106,43,50,21,-0.738942307634008,22
3699,15,24,25,11,-0.7394428200536295,13
3700,108,12,7,7,-0.7404080910313952,5
3701,64,22,38,11,-0.741675899909911,11
3702,74,13,36,8,-0.743717573303844,5
3703,84,24,46,13,-0.7446057703540011,11
3704,28,85,107,45,-0.7466282052500216,40
3705,13,15,14,9,-0.751185424264851,6
3706,65,91,86,44,-0.7542690259471109,47
3707,3,28,9,14,-0.7589069260840974,14
3708,93,20,97,10,-0.7717644600090567,10
3709,84,19,10,10,-0.7730240789929577,9
3710,99,22,87,12,-0.7762165713325071,10
3711,28,51,13,26,-0.7790491963091725,25
3712,50,22,27,13,-0.7868338103994941,9
3713,104,18,4,8,-0.7872554057904768,10
3714,38,15,80,7,-0.7882565864146641,8
3715,3,15,96,7,-0.7883607611625825,8
3716,33,14,75,8,-0.7900898585820659,6
3717,89,16,28,9,-0.7901986413516622,7
3718,88,22,2,11,-0.7956469041111237,11
3719,88,20,78,10,-0.7981738756110598,10
3720,62,11,98,6,-0.7995773049352679,5
3721,40,26,30,13,-0.8045580871786177,13
3722,30,40,27,21,-0.8060909584378129,19
3723,40,14,56,7,-0.8062835825274064,7
3724,50,31,84,15,-0.8064114901977935,16
3725,79,16,7,8,-0.8085663274395147,8
3726,41,80,7,40,-0.8113607765595651,40
3727,20,27,74,13,-0.8203305748765273,14
3728,45,19,114,10,-0.8205689132017484,9
3729,54,67,50,34,-0.8208738895797711,33
3730,95,15,84,8,-0.8218033746912378,7
3731,15,17,30,9,-0.8219722631471178,8
3732,57,14,48,7,-0.8226585916826293,7
3733,37,48,28,24,-0.8263140292594411,24
3734,106,12,29,6,-0.8264692442725535,6
3735,46,16,2,8,-0.8285194662826783,8
3736,94,10,103,5,-0.8351093164432413,5
3737,112,46,16,24,-0.8388232147392491,22
3738,12,28,68,14,-0.8414646030794424,14
3739,16,45,15,22,-0.8420020533369177,23
3740,98,14,60,7,-0.8439389777307166,7
3741,102,13,39,7,-0.8492100400200481,6
3742,38,12,41,7,-0.851438988412223,5
3743,64,14,77,6,-0.8550421959375909,8
3744,51,36,30,19,-0.8562410576659018,17
3745,114,10,10,6,-0.8617397018011254,4
3746,60,28,11,15,-0.8661024757701271,13
3747,37,67,8,34,-0.8700084298071528,33
3748,84,17,60,7,-0.8716143564890693,10
3749,91,17,84,9,-0.8755346549877636,8
3750,88,21,83,10,-0.8798897555023183,11
3751,3,13,93,8,-0.8808947328421428,5
3752,107,29,94,17,-0.8910851843021007,12
3753,74,17,68,10,-0.9001065237726515,7
3754,50,14,62,8,-0.9017457082495504,6
3755,111,12,60,5,-0.9019980300500793,7
3756,14,11,112,5,-0.9022319115654427,6
3757,77,10,58,5,-0.9030195437216471,5
3758,75,35,36,16,-0.9076169876586756,19
3759,95,16,76,8,-0.9107888940485349,8
3760,86,58,114,29,-0.9108151717298286,29
3761,50,17,43,10,-0.911659904777202,7
3762,1,14,39,9,-0.9120351629887077,5
3763,77,24,65,13,-0.9152545900488421,11
3764,112,16,69,9,-0.9156753374416634,7
3765,68,38,15,21,-0.9158662466441888,17
3766,49,82,13,46,-0.9169577221673888,36
3767,114,27,75,14,-0.9181862737012573,13
3768,113,14,86,8,-0.9183338417210523,6
3769,15,15,28,7,-0.9292417398610756,8
3770,100,18,34,10,-0.9301473079455937,8
3771,103,17,29,10,-0.9351660888170467,7
3772,40,29,18,17,-0.9358054757186769,12
3773,39,51,8,25,-0.939563300762841,26
3774,53,23,63,12,-0.9461903574638926,11
3775,48,25,11,13,-0.9510774283865611,12
3776,11,77,16,35,-0.9529463849514904,42
3777,5,14,14,8,-0.9561035605846475,6
3778,103,11,106,5,-0.9583580547252434,6
3779,106,38,104,19,-0.9604760273979325,19
3780,50,31,76,18,-0.9653541591978413,13
3781,13,72,39,38,-0.9683548554370002,34
3782,20,82,86,43,-0.9685396642014519,39
3783,63,20,15,10,-0.9688742288483313,10
3784,87,52,63,28,-0.969466480560497,24
3785,112,33,107,16,-0.9703214884038739,17
3786,60,60,107,31,-0.9741291318407891,29
3787,9,12,78,6,-0.9745877106891214,6
3788,5,65,107,33,-0.9748363761521153,32
3789,88,25,81,13,-0.9872500369350808,12
3790,17,37,37,21,-0.9978108601802036,16
3791,93,11,114,5,-1.0049906589581687,6
3792,13,73,41,37,-1.0052100802031871,36
3793,75,43,13,23,-1.0053644322647692,20
3794,88,12,45,7,-1.005819520359159,5
3795,33,18,54,10,-1.007742555451587,8
3796,86,32,85,17,-1.0113399236982104,15
3797,28,52,87,26,-1.0126365910584707,26
3798,60,13,57,7,-1.0152034376280947,6
3799,107,92,8,45,-1.0168882870821123,47
3800,18,41,107,19,-1.0183255345448867,22
3801,27,13,61,7,-1.0219872336964406,6
3802,33,10,70,5,-1.0222975969230645,5
3803,44,20,63,11,-1.0233184771026504,9
3804,97,33,2,17,-1.0254110764857562,16
3805,89,12,65,6,-1.0288443309798574,6
3806,9,56,13,30,-1.029692328241817,26
3807,88,61,114,31,-1.0343349566695974,30
3808,3,14,45,7,-1.0349134798027073,7
3809,18,59,7,29,-1.0365595161190124,30
3810,88,21,90,10,-1.0373159148886413,11
3811,33,16,104,9,-1.037548645615811,7
3812,51,35,18,17,-1.0414861976482428,18
3813,13,60,4,32,-1.0440840904331994,28
3814,45,18,71,8,-1.050024616634439,10
3815,8,17,80,8,-1.0587286140181777,9
3816,44,14,100,7,-1.059041314786415,7
3817,11,19,80,9,-1.0634610256252146,10
3818,109,30,104,15,-1.063865849600061,15
3819,8,55,70,28,-1.0665028298167962,27
3820,71,14,58,7,-1.067952436399428,7
3821,3,22,81,12,-1.0692123151536586,10
3822,37,20,67,11,-1.0707700527635244,9
3823,70,41,107,20,-1.0723253683389227,21
3824,41,49,39,24,-1.0741822889094446,25
3825,97,19,64,10,-1.0748997556854094,9
3826,65,106,13,56,-1.0765898544860464,50
3827,15,14,17,8,-1.0815196129384665,6
3828,58,11,19,6,-1.0830624808764455,5
3829,65,54,75,27,-1.0834874610355845,27
3830,74,13,40,7,-1.0901529369074696,6
3831,51,83,68,45,-1.0958426568834054,38
3832,78,31,63,17,-1.0960862617400506,14
3833,106,39,70,19,-1.1024614638047292,20
3834,69,18,109,9,-1.1029346435463478,9
3835,46,35,107,17,-1.1031099530770958,18
3836,39,50,100,25,-1.1039072750925962,25
3837,2,18,96,9,-1.1039761816908782,9
3838,45,19,40,10,-1.1043531225931214,9
3839,47,12,91,6,-1.104710696366028,6
3840,55,13,73,7,-1.1082443575059588,6
3841,88,58,41,31,-1.1098846450807431,27
3842,114,44,16,24,-1.1112389462801515,20
3843,7,19,29,12,-1.1170674633929274,7
3844,18,13,27,6,-1.1211992327384528,7
3845,51,61,55,32,-1.12152542940885,29
3846,64,17,15,10,-1.1222199728342503,7
3847,86,28,12,14,-1.1251500294092491,14
3848,86,45,23,23,-1.127225198734144,22
3849,31,26,3,12,-1.1304098830558946,14
3850,106,26,36,13,-1.1307287364062808,13
3851,38,24,88,14,-1.139732880510929,10
3852,112,21,50,12,-1.1411219571120237,9
3853,89,10,49,5,-1.1422205230815397,5
3854,45,20,64,11,-1.143150033869323,9
3855,94,20,29,10,-1.146593475128331,10
3856,74,29,11,15,-1.1468410073590314,14
3857,13,37,57,18,-1.152383200947812,19
3858,87,21,58,11,-1.1584001852761194,10
3859,23,16,104,7,-1.1585628201755829,9
3860,63,108,65,56,-1.1623875158855317,52
3861,74,14,12,7,-1.1676100167547812,7
3862,55,52,39,28,-1.1740266098053438,24
3863,48,26,8,14,-1.1767574962584832,12
3864,88,77,8,40,-1.177680669824634,37
3865,96,31,76,17,-1.1853039288193825,14
3866,110,16,87,9,-1.1878037867151192,7
3867,16,67,25,35,-1.193286529710067,32
3868,11,47,63,27,-1.193725755082732,20
3869,78,41,86,21,-1.1995063387988516,20
3870,7,44,63,26,-1.2086828652803665,18
3871,97,33,25,17,-1.2112097532933461,16
3872,63,16,58,7,-1.211674081917942,9
3873,48,11,41,6,-1.212386192638899,5
3874,74,11,98,6,-1.2137114800422124,5
3875,64,19,49,9,-1.220297755232683,10
3876,28,58,88,31,-1.2231426039382716,27
3877,27,26,64,13,-1.225885495885774,13
3878,9,26,71,14,-1.2262156519313807,12
3879,29,19,41,10,-1.2274036399679427,9
3880,41,33,60,16,-1.2319535203548821,17
3881,38,16,51,9,-1.2327496347880251,7
3882,95,16,63,8,-1.233969730193377,8
3883,93,21,107,10,-1.2375139728583175,11
3884,31,25,71,13,-1.2380158081615502,12
3885,4,30,107,15,-1.2387516471106224,15
3886,55,16,108,9,-1.242512686909534,7
3887,13,28,34,15,-1.24811363763098,13
3888,62,11,17,6,-1.2486647888480198,5
3889,104,23,15,12,-1.2517655638113567,11
3890,70,27,63,14,-1.2550372321498742,13
3891,41,54,51,28,-1.255098541007307,26
3892,46,10,27,6,-1.2550991025341744,4
3893,16,15,73,7,-1.2607482082851342,8
3894,14,15,107,7,-1.262180496300674,8
3895,86,46,57,23,-1.264857472300755,23
3896,109,25,76,14,-1.2689223364922015,11
3897,108,19,50,9,-1.270167576199734,10
3898,3,42,68,21,-1.272725683953071,21
3899,1,11,71,5,-1.2732152302328004,6
3900,27,71,68,37,-1.2764686203905096,34
3901,80,12,17,7,-1.2769817296361932,5
3902,107,59,96,32,-1.2779661064945946,27
3903,107,86,51,49,-1.2827346743308747,37
3904,109,20,97,10,-1.2834069052578214,10
3905,35,22,88,11,-1.284113043358928,11
3906,109,57,28,31,-1.2843944644015952,26
3907,74,53,16,28,-1.2870673809929654,25
3908,51,15,58,8,-1.2882165138599926,7
3909,88,17,89,8,-1.2888997749635154,9
3910,99,19,51,9,-1.2892082407104553,10
3911,74,22,2,12,-1.2925512141562505,10
3912,98,18,50,10,-1.2936360808559442,8
3913,8,22,7,12,-1.2952715014492404,10
3914,39,23,70,11,-1.3007482514942401,12
3915,13,44,5,23,-1.3023509853743016,21
3916,64,11,84,7,-1.3059634387921004,4
3917,114,28,41,14,-1.307338108043571,14
3918,109,38,87,21,-1.3077612614482752,17
3919,58,28,9,15,-1.3102681358219028,13
3920,85,16,100,8,-1.3140606350637054,8
3921,51,12,32,6,-1.314434714983353,6
3922,8,16,10,9,-1.3145513780375313,7
3923,80,18,74,9,-1.3199661328668575,9
3924,96,57,8,30,-1.3267739850117202,27
3925,37,13,94,7,-1.3280387948229058,6
3926,51,32,50,16,-1.3326103812189873,16
3927,81,13,108,7,-1.3379621241230497,6
3928,23,10,6,5,-1.3385415186806267,5
3929,85,16,51,9,-1.3430560337281792,7
3930,76,29,70,14,-1.3451436146232192,15
3931,84,25,34,13,-1.3462587503063752,12
3932,63,72,107,34,-1.3468604650887521,38
3933,40,17,108,8,-1.3479697301696822,9
3934,88,37,97,19,-1.3490743629309028,18
3935,13,105,68,55,-1.3490900975622373,50
3936,81,14,30,7,-1.3508923221630345,7
3937,13,23,33,12,-1.3545846538800839,11
3938,87,17,111,9,-1.3561671479223416,8
3939,16,35,72,19,-1.3606835972281952,16
3940,74,12,112,6,-1.3616749140437368,6
3941,30,26,25,12,-1.3633847180345777,14
3942,76,47,106,22,-1.3637390504385927,25
3943,48,10,75,5,-1.3711471542080287,5
3944,55,66,86,35,-1.3714897734674971,31
3945,62,15,55,8,-1.3800432063216195,7
3946,16,24,4,11,-1.3802504001914415,13
3947,41,30,106,15,-1.3806292559177735,15
3948,7,31,95,17,-1.3809406634768695,14
3949,29,11,36,5,-1.3837445576600587,6
3950,9,13,91,7,-1.3946381880594534,6
3951,44,12,75,7,-1.3998373775330364,5
3952,109,42,13,21,-1.400281994165379,21
3953,95,17,70,8,-1.4011695857654913,9
3954,9,25,46,12,-1.4052752923291365,13
3955,71,20,12,10,-1.4059148964814152,10
3956,40,16,12,8,-1.412082266616442,8
3957,48,19,109,9,-1.4189826622084476,10
3958,90,35,16,17,-1.4190191744987375,18
3959,53,11,1,6,-1.4196819324858239,5
3960,55,23,71,11,-1.421958484011042,12
3961,45,35,36,16,-1.4232731245081227,19
3962,100,23,94,10,-1.4346520455492109,13
3963,114,10,34,6,-1.4351304706118744,4
3964,25,28,50,14,-1.4391705454909016,14
3965,97,21,20,10,-1.4395279608818727,11
3966,11,19,29,10,-1.4398234321541232,9
3967,107,36,78,19,-1.4439652273792516,17
3968,86,114,107,60,-1.4448021131182327,54
3969,48,21,39,12,-1.4474709554841445,9
3970,11,44,50,23,-1.4477856494836994,21
3971,63,55,106,28,-1.4485566818099482,27
3972,88,62,46,31,-1.4519317579443416,31
3973,83,23,25,13,-1.459720188055496,10
3974,47,21,31,11,-1.4606130980712662,10
3975,51,64,40,33,-1.4624658901194143,31
3976,43,13,23,7,-1.4628793390447175,6
3977,50,18,100,10,-1.4641740921081965,8
3978,29,20,78,10,-1.4647184944572496,10
3979,98,21,51,11,-1.466440718440976,10
3980,3,24,71,13,-1.4668209780059573,11
3981,69,13,6,6,-1.4672562795661197,7
3982,7,24,35,12,-1.4676220715119415,12
3983,32,17,11,8,-1.4729852723414758,9
3984,63,15,73,7,-1.4760785674332912,8
3985,79,17,103,9,-1.4762996181953623,8
3986,79,16,13,9,-1.4768985330359543,7
3987,84,10,68,6,-1.4788993773509191,4
3988,71,74,60,39,-1.4843115108657061,35
3989,107,61,11,33,-1.492798943504465,28
3990,11,16,112,8,-1.4950492246382485,8
3991,19,37,39,22,-1.4964087239221073,15
3992,25,47,107,24,-1.4967278623744356,23
3993,5,52,46,28,-1.4974094901037482,24
3994,63,34,9,18,-1.4983458266579128,16
3995,107,29,98,15,-1.4990839762128414,14
3996,50,31,17,15,-1.49970720548843,16
3997,63,48,68,25,-1.502305013357783,23
3998,18,22,30,11,-1.5109053995571684,11
3999,55,12,46,7,-1.514859018089955,5
4000,85,16,12,8,-1.5174687419154704,8
4001,37,14,35,7,-1.523131742310598,7
4002,84,20,114,11,-1.52828266290098,9
4003,53,13,29,8,-1.5317670028644754,5
4004,65,63,39,31,-1.5346837203611845,32
4005,74,61,107,33,-1.5445233108407423,28
4006,78,21,72,10,-1.5468833871004857,11
4007,74,41,87,22,-1.5487349955501406,19
4008,55,44,75,25,-1.5547955200380577,19
4009,30,35,54,18,-1.5563350804518044,17
4010,83,23,104,13,-1.5563880557352991,10
4011,106,26,109,13,-1.5621072878912867,13
4012,111,14,9,7,-1.5621342613374538,7
4013,12,16,50,6,-1.5648641628940974,10
4014,86,100,106,52,-1.5692663469089445,48
4015,41,43,63,23,-1.570459310802143,20
4016,8,35,30,19,-1.570817845841904,16
4017,3,55,87,29,-1.5711036955177162,26
4018,46,25,60,13,-1.5735893742532685,12
4019,90,22,55,10,-1.578656952498874,12
4020,81,22,107,12,-1.5816989267901087,10
4021,100,12,58,6,-1.5819008855655043,6
4022,25,15,2,7,-1.5845186001024019,8
4023,75,11,14,6,-1.594721022285632,5
4024,11,53,87,30,-1.598794112173842,23
4025,30,59,87,31,-1.6047073415490758,28
4026,79,20,28,10,-1.6049020016645688,10
4027,13,32,38,15,-1.6143148990855232,17
4028,18,19,81,10,-1.6163568658399634,9
4029,57,18,68,9,-1.6190755944848343,9
4030,87,17,44,9,-1.6239279411647838,8
4031,11,25,48,13,-1.6306215280891991,12
4032,16,76,54,39,-1.63246944764868,37
4033,47,13,72,6,-1.638774654515319,7
4034,78,16,15,8,-1.6428031530867082,8
4035,68,23,36,12,-1.6511686348202665,11
4036,86,40,15,21,-1.6529535055223257,19
4037,74,47,37,24,-1.6628163329711265,23
4038,76,25,46,13,-1.663016320573292,12
4039,48,19,106,10,-1.6634533717988316,9
4040,17,16,85,9,-1.6640468368595824,7
4041,27,64,13,33,-1.669167669432609,31
4042,60,48,87,24,-1.6692465502528933,24
4043,31,28,45,15,-1.6710870406691087,13
4044,51,29,47,14,-1.68572259250394,15
4045,50,13,58,6,-1.6904606159972515,7
4046,5,64,28,33,-1.6933141899778517,31
4047,23,15,36,6,-1.6972875274185715,9
4048,102,16,20,8,-1.6989391239814924,8
4049,37,10,48,5,-1.703593750319215,5
4050,7,40,54,21,-1.7088310244062668,19
4051,71,28,62,14,-1.7107847940783525,14
4052,34,20,50,11,-1.7118812894704334,9
4053,45,15,63,8,-1.7260545689947928,7
4054,107,35,17,18,-1.7269738989467145,17
4055,28,10,77,5,-1.7274479044716362,5
4056,51,80,88,38,-1.727506162385573,42
4057,68,13,32,8,-1.7311662598089228,5
4058,75,19,70,9,-1.7314858975507368,10
4059,96,38,106,21,-1.7318320126651903,17
4060,19,28,11,16,-1.7321852516925749,12
4061,106,19,48,10,-1.7335189393534853,9
4062,8,73,54,41,-1.7343257229328222,32
4063,88,37,36,21,-1.7392851936744331,16
4064,6,11,18,6,-1.7414584600944745,5
4065,36,33,60,17,-1.7416473627060742,16
4066,19,58,16,32,-1.742985440894449,26
4067,3,15,76,8,-1.7459727940223067,7
4068,70,26,84,14,-1.7530345342228948,12
4069,61,14,51,9,-1.7556008416768158,5
4070,110,11,88,5,-1.7642228121429868,6
4071,69,21,50,10,-1.7758250016074644,11
4072,90,25,37,13,-1.7816453937181784,12
4073,8,20,29,12,-1.7818268121537415,8
4074,6,16,87,8,-1.7863036764755194,8
4075,108,25,86,12,-1.7878614121722647,13
4076,100,13,61,7,-1.7880372053867668,6
4077,48,19,20,11,-1.7888857426975089,8
4078,39,35,114,17,-1.7909993968165123,18
4079,103,10,63,6,-1.799391808148131,4
4080,41,32,18,16,-1.8004819942826362,16
4081,31,34,51,20,-1.8036645224364214,14
4082,86,57,70,31,-1.8046372203949796,26
4083,25,22,36,11,-1.8071440138268584,11
4084,111,18,40,9,-1.8104998545748818,9
4085,77,66,60,34,-1.8116715104085266,32
4086,99,13,102,7,-1.8212893413036864,6
4087,108,16,64,8,-1.8224151605655852,8
4088,114,13,44,7,-1.8263733365516708,6
4089,3,11,106,6,-1.8270221877820196,5
4090,114,15,11,7,-1.8276036019184323,8
4091,13,29,74,15,-1.8278354237299068,14
4092,96,38,84,19,-1.835648682700679,19
4093,79,10,100,6,-1.8395053000006605,4
4094,20,30,114,16,-1.839540566254475,14
4095,97,22,53,12,-1.8492466822191078,10
4096,114,21,43,10,-1.8643335671695762,11
4097,5,95,37,49,-1.865428870342572,46
4098,88,13,33,8,-1.8654907442235076,5
4099,20,39,88,19,-1.866862666044413,20
4100,103,18,51,9,-1.8710872411529351,9
4101,61,20,3,13,-1.8795333987269633,7
4102,69,29,3,14,-1.8798651806530005,15
4103,8,41,2,21,-1.8848654476169693,20
4104,30,16,96,9,-1.8850748786904887,7
4105,49,28,17,13,-1.8850836144226466,15
4106,64,23,25,12,-1.8857238852847689,11
4107,106,35,20,19,-1.890590591428699,16
4108,99,27,55,15,-1.895072402151854,12
4109,86,64,109,34,-1.8994160378266858,30
4110,28,67,8,36,-1.9053784571291421,31
4111,88,21,12,11,-1.9079727374799846,10
4112,1,38,68,20,-1.9099752765436673,18
4113,17,11,110,6,-1.9155371371930654,5
4114,106,32,97,16,-1.9159665785715099,16
4115,76,11,99,5,-1.9173589523208336,6
4116,64,43,53,23,-1.9214578200473016,20
4117,70,32,104,17,-1.9224071285610191,15
4118,79,10,9,6,-1.9224211679655938,4
4119,50,40,63,22,-1.9230864117365445,18
4120,18,21,114,11,-1.923577249757447,10
4121,28,89,16,48,-1.9239787295163941,41
4122,86,67,68,34,-1.9257986527158255,33
4123,54,28,17,14,-1.9259736473512514,14
4124,40,19,70,11,-1.9276789997691202,8
4125,86,18,33,9,-1.928147837977611,9
4126,100,21,64,12,-1.9284155970405459,9
4127,97,14,23,7,-1.9330528734436563,7
4128,86,26,35,15,-1.937082037914002,11
4129,98,10,32,5,-1.9380052263831622,5
4130,7,49,71,24,-1.9387153694352766,25
4131,104,13,110,8,-1.9388474450810558,5
4132,31,14,23,8,-1.9392936999416424,6
4133,55,20,25,11,-1.9429576796619947,9
4134,48,16,7,8,-1.9478692265013033,8
4135,64,34,36,17,-1.9485056781764598,17
4136,35,11,50,6,-1.9581460146246743,5
4137,33,14,39,7,-1.9600955952261445,7
4138,84,42,87,23,-1.9615694257244276,19
4139,46,22,57,12,-1.9631857780739894,10
4140,70,49,16,27,-1.9664047334731969,22
4141,35,10,54,6,-1.9706076038783524,4
4142,53,28,95,17,-1.9769373995573178,11
4143,34,30,17,15,-1.9798465664518705,15
4144,89,11,51,6,-1.9808331837442865,5
4145,29,19,77,11,-1.981161054072831,8
4146,25,38,28,22,-1.983389891159918,16
4147,4,15,30,8,-1.9875071363114745,7
4148,4,19,53,10,-1.987694792892672,9
4149,112,15,104,8,-1.9939359727925703,7
4150,74,26,114,13,-1.997597253168688,13
4151,87,32,75,17,-2.0004298974911783,15
4152,46,26,68,14,-2.0015169846627177,12
4153,49,15,109,8,-2.005068879120546,7
4154,86,66,30,37,-2.006591353763603,29
4155,97,22,83,10,-2.007636873207568,12
4156,12,21,88,11,-2.0143660264494705,10
4157,70,29,68,15,-2.015118158104638,14
4158,51,36,20,17,-2.015324697925084,19
4159,37,14,69,7,-2.015512849900142,7
4160,60,11,93,7,-2.018629631632218,4
4161,90,37,8,21,-2.01946478207178,16
4162,17,27,114,16,-2.021159075364869,11
4163,65,35,15,19,-2.022134887421027,16
4164,60,32,18,17,-2.0244266182620265,15
4165,13,11,32,6,-2.026181507027533,5
4166,9,29,60,17,-2.026686622824744,12
4167,103,12,76,7,-2.0282427919490438,5
4168,114,14,91,7,-2.031242634143396,7
4169,15,19,114,10,-2.031598301436395,9
4170,104,41,8,22,-2.032634893277436,19
4171,17,21,104,11,-2.0345116655508884,10
4172,50,13,83,6,-2.034563553464953,7
4173,58,10,30,6,-2.0353902168198643,4
4174,88,59,40,32,-2.0357313010299647,27
4175,27,28,8,15,-2.040664763304265,13
4176,88,21,93,12,-2.047097578055207,9
4177,86,42,49,20,-2.0472325960607995,22
4178,104,43,39,23,-2.050102147252709,20
4179,90,45,86,25,-2.0574221764428238,20
4180,84,29,109,16,-2.0613350089090186,13
4181,55,18,48,10,-2.0632334742266587,8
4182,3,44,39,22,-2.065509339013768,22
4183,63,10,82,5,-2.0779758612966877,5
4184,65,47,74,24,-2.0847963525870905,23
4185,51,14,44,9,-2.0848742289559725,5
4186,68,43,64,25,-2.0864244028015873,18
4187,103,14,65,8,-2.0882832780904645,6
4188,11,18,40,9,-2.089442100461012,9
4189,17,18,100,11,-2.090563721437295,7
4190,91,12,17,7,-2.0932516032559643,5
4191,39,16,69,8,-2.093518052842111,8
4192,8,22,97,11,-2.094799206270941,11
4193,55,34,83,17,-2.0962093979720193,17
4194,79,18,84,9,-2.0988599029371886,9
4195,51,54,3,26,-2.1006921102611917,28
4196,23,19,112,11,-2.1018527652621195,8
4197,38,33,86,18,-2.1054154187023446,15
4198,107,32,108,17,-2.10558050439271,15
4199,94,28,68,15,-2.1065110625469554,13
4200,25,11,69,6,-2.112059751085246,5
4201,33,12,74,6,-2.113811361821,6
4202,72,17,7,9,-2.1143024060967655,8
4203,64,20,1,10,-2.116432620959366,10
4204,70,11,53,6,-2.117480208536356,5
4205,63,24,49,12,-2.1212323385530327,12
4206,9,62,7,31,-2.1219031094822904,31
4207,84,26,37,14,-2.1240499046478805,12
4208,114,32,102,18,-2.1240842876015074,14
4209,61,12,2,7,-2.133108515807601,5
4210,30,20,7,9,-2.135688474905444,11
4211,39,39,71,21,-2.140211900940766,18
4212,69,11,55,6,-2.141856565606558,5
4213,12,13,6,6,-2.1482319992644596,7
4214,86,14,6,8,-2.158350497876565,6
4215,98,16,55,9,-2.1617935333932956,7
4216,53,13,23,7,-2.1639220781507644,6
4217,81,30,60,16,-2.1697382345262226,14
4218,68,46,41,24,-2.171804807510052,22
4219,69,21,100,11,-2.1728015550731397,10
4220,93,16,84,8,-2.173203038685071,8
4221,51,34,57,18,-2.176826921199258,16
4222,74,64,8,36,-2.1866220406514896,28
4223,54,10,31,5,-2.1866689261471493,5
4224,47,13,19,7,-2.1915786077930717,6
4225,40,33,41,17,-2.193580777269949,16
4226,106,35,68,19,-2.1936858069827965,16
4227,40,75,7,42,-2.1957521283064807,33
4228,88,63,60,35,-2.2053487740970468,28
4229,96,50,5,28,-2.21142719225076,22
4230,88,18,19,9,-2.215399153548587,9
4231,51,12,93,6,-2.216632142916852,6
4232,62,11,72,6,-2.217469660829094,5
4233,98,14,18,6,-2.2211477971408065,8
4234,99,13,98,6,-2.22125816779338,7
4235,15,10,84,5,-2.223805292340998,5
4236,39,43,75,21,-2.225217366532354,22
4237,25,16,90,9,-2.226157693683706,7
4238,15,21,23,11,-2.2295883568640167,10
4239,74,27,20,15,-2.230377352624161,12
4240,54,41,11,22,-2.230757582585554,19
4241,87,21,77,11,-2.2320061106464215,10
4242,65,18,46,11,-2.232998478058102,7
4243,20,14,18,8,-2.233452860395892,6
4244,114,26,4,13,-2.2345648368573685,13
4245,68,29,77,15,-2.23546153490707,14
4246,102,13,68,7,-2.236457068947329,6
4247,55,89,8,45,-2.2400324745199134,44
4248,13,65,104,35,-2.2428038741485192,30
4249,27,10,70,5,-2.243263258457554,5
4250,11,35,65,18,-2.2443700665237922,17
4251,4,38,88,20,-2.24592170041755,18
4252,83,11,63,7,-2.251852755522098,4
4253,25,30,95,16,-2.25397314365567,14
4254,106,62,87,32,-2.262204101784014,30
4255,88,45,106,26,-2.2639858690375605,19
4256,50,10,94,6,-2.2653355679184144,4
4257,7,12,85,7,-2.267272935114745,5
4258,96,66,28,35,-2.2674069446039327,31
4259,8,84,86,42,-2.2684162276686486,42
4260,31,10,61,5,-2.2696136748473594,5
4261,68,108,7,58,-2.2702884441480373,50
4262,88,14,79,8,-2.276041062004084,6
4263,69,12,77,6,-2.2797993708458972,6
4264,40,47,9,26,-2.2806450266015688,21
4265,65,19,48,9,-2.2816603054261098,10
4266,81,10,38,5,-2.2819621266449897,5
4267,16,70,104,38,-2.28381800550583,32
4268,4,13,106,6,-2.287883468044352,7
4269,112,38,86,21,-2.2924646864380605,17
4270,5,24,100,13,-2.2932427434044693,11
4271,11,15,77,8,-2.2955958080164596,7
4272,81,15,9,8,-2.297406284952818,7
4273,7,20,80,11,-2.2986689861273333,9
4274,32,21,86,11,-2.2989864902239,10
4275,48,40,16,21,-2.299866562276141,19
4276,95,26,60,14,-2.3000350580848172,12
4277,37,23,57,12,-2.3105129908375908,11
4278,63,31,71,17,-2.3112629873314643,14
4279,91,32,88,17,-2.315767764685103,15
4280,102,21,104,10,-2.320627297470276,11
4281,29,18,54,10,-2.3209749235438757,8
4282,88,21,77,11,-2.324899205812002,10
4283,42,10,72,6,-2.3285230567907305,4
4284,5,51,109,26,-2.3285813949081646,25
4285,53,28,25,14,-2.3301510854690832,14
4286,18,20,12,11,-2.3304695254377332,9
4287,17,19,90,9,-2.330539928781356,10
4288,29,26,3,14,-2.3331290552186914,12
4289,109,12,62,5,-2.3379338219188046,7
4290,50,13,6,7,-2.341492332331065,6
4291,38,12,114,6,-2.3415263774379937,6
4292,31,36,4,21,-2.3535355966794675,15
4293,33,12,99,7,-2.354570382478156,5
4294,12,32,100,17,-2.3554023994318403,15
4295,109,14,96,8,-2.3566759619593642,6
4296,97,14,100,8,-2.3583259709010784,6
4297,88,44,64,25,-2.359083003612554,19
4298,5,23,99,12,-2.3616219022642833,11
4299,97,13,49,8,-2.3668261814242064,5
4300,50,24,40,14,-2.3671440474550494,10
4301,63,32,25,16,-2.368826537360261,16
4302,55,31,53,17,-2.372089532662412,14
4303,107,40,71,23,-2.3760609676092477,17
4304,79,11,78,6,-2.376529733586171,5
4305,11,22,69,11,-2.37883531958793,11
4306,112,14,8,8,-2.379829723910836,6
4307,29,33,16,17,-2.380578748651451,16
4308,56,13,75,8,-2.3840139649043506,5
4309,104,25,96,14,-2.3866419839158355,11
4310,71,21,4,13,-2.3871750117365993,8
4311,95,40,104,22,-2.389034218387607,18
4312,48,13,23,7,-2.3894452247322278,6
4313,8,12,111,6,-2.390343846489093,6
4314,45,22,16,13,-2.3925466679441407,9
4315,28,38,46,22,-2.3990178798165633,16
4316,98,15,114,8,-2.3992721750256893,7
4317,80,26,20,14,-2.4033351571638573,12
4318,69,18,9,10,-2.4050002453980612,8
4319,102,13,19,8,-2.4072059728622706,5
4320,66,13,106,8,-2.407503356329986,5
4321,93,33,8,17,-2.4111455321691304,16
4322,92,11,65,6,-2.411285975254871,5
4323,28,28,60,13,-2.412225021834092,15
4324,99,11,109,6,-2.419517402501058,5
4325,11,39,27,21,-2.4199750785339242,18
4326,33,17,87,9,-2.4230636639179637,8
4327,9,56,88,30,-2.4233671798250107,26
4328,102,13,3,7,-2.4239974179367976,6
4329,88,35,1,18,-2.42517729077247,17
4330,38,17,8,9,-2.4272670792995714,8
4331,75,20,91,7,-2.4323694332612673,13
4332,23,54,16,29,-2.4326142049861335,25
4333,51,19,14,12,-2.4338441230915153,7
4334,106,39,55,22,-2.4381392466666045,17
4335,50,10,32,4,-2.4440541907162716,6
4336,61,15,63,9,-2.4454100802634517,6
4337,3,12,97,7,-2.446105897661353,5
4338,86,17,110,9,-2.4597124602837575,8
4339,25,32,102,17,-2.4608896969250464,15
4340,1,17,17,9,-2.4627610735098764,8
4341,69,17,74,8,-2.466497282082454,9
4342,81,17,4,10,-2.467812477706327,7
4343,20,20,17,11,-2.47595507024807,9
4344,41,20,47,10,-2.4805324580695536,10
4345,11,37,76,21,-2.481209953490073,16
4346,62,15,76,8,-2.4840168024368525,7
4347,111,11,18,6,-2.489910872635885,5
4348,111,37,65,21,-2.4964278491140752,16
4349,109,15,3,8,-2.497379486109722,7
4350,109,18,37,10,-2.5010134043415313,8
4351,107,52,50,27,-2.5022496828069007,25
4352,86,50,60,27,-2.514680285061447,23
4353,36,15,12,8,-2.5163199425137495,7
4354,65,101,54,54,-2.520653185970872,47
4355,102,28,16,15,-2.521941049128146,13
4356,11,17,14,10,-2.5264878637219237,7
4357,4,18,39,10,-2.5267698999647226,8
4358,9,33,36,18,-2.527924078037467,15
4359,43,32,51,16,-2.529488938008268,16
4360,30,19,99,11,-2.5303882936847786,8
4361,107,15,44,8,-2.5305445670994087,7
4362,17,29,7,16,-2.5320894413613915,13
4363,95,20,20,11,-2.5325274069422727,9
4364,65,35,97,19,-2.5397394280205696,16
4365,38,22,60,11,-2.5449702313683376,11
4366,36,74,7,40,-2.54935875079736,34
4367,76,14,44,8,-2.550414193143335,6
4368,47,33,16,18,-2.552088838549869,15
4369,1,19,73,11,-2.5534291003907295,8
4370,11,21,7,12,-2.554018943860652,9
4371,12,13,63,6,-2.5566321850245552,7
4372,68,66,88,36,-2.5571874870396614,30
4373,54,24,1,13,-2.569055642839928,11
4374,66,13,86,7,-2.5696287820506276,6
4375,65,10,21,6,-2.570147671925826,4
4376,51,29,1,15,-2.5741193049184683,14
4377,43,13,103,6,-2.574377085801127,7
4378,109,14,78,7,-2.574648131751719,7
4379,47,10,62,6,-2.5775304802735826,4
4380,86,50,27,28,-2.583172410909507,22
4381,18,33,86,19,-2.5923706641316473,14
4382,49,23,12,15,-2.5927996739074364,8
4383,109,10,1,5,-2.592960677140225,5
4384,80,32,65,17,-2.5986356922004106,15
4385,91,23,36,13,-2.600483205457647,10
4386,66,10,72,5,-2.6022001256645586,5
4387,19,13,12,8,-2.6045527707765594,5
4388,1,29,40,16,-2.608102727316189,13
4389,88,55,55,32,-2.608274705406982,23
4390,64,28,75,15,-2.614396425436705,13
4391,89,10,39,6,-2.6189716831037586,4
4392,28,42,39,22,-2.623339407780362,20
4393,85,10,8,6,-2.6233679922969846,4
4394,8,33,23,18,-2.626483448480395,15
4395,86,36,91,19,-2.627461430980282,17
4396,79,15,3,9,-2.6331342611336157,6
4397,54,13,110,7,-2.6358849029934492,6
4398,16,32,34,18,-2.6363104223280946,14
4399,15,41,57,22,-2.641393323931465,19
4400,95,14,33,8,-2.6415453896084555,6
4401,5,60,16,35,-2.643518445682432,25
4402,102,32,54,17,-2.645569582100471,15
4403,36,13,57,8,-2.653116090105381,5
4404,88,29,92,16,-2.65412565592523,13
4405,20,33,11,19,-2.658025854837769,14
4406,91,13,74,7,-2.658254293210725,6
4407,46,26,97,14,-2.665342497244284,12
4408,1,29,41,17,-2.6671220598664935,12
4409,102,23,57,12,-2.6705298244072906,11
4410,43,30,27,16,-2.6707275997821665,14
4411,7,118,13,63,-2.6708973171944717,55
4412,44,17,25,9,-2.673535476281759,8
4413,12,10,48,6,-2.675775448389388,4
4414,5,25,39,13,-2.6791322172692884,12
4415,58,14,43,8,-2.6806335210316137,6
4416,37,15,43,7,-2.6829353153059516,8
4417,3,20,78,10,-2.6843337916317056,10
4418,107,21,93,12,-2.6848247910711387,9
4419,51,50,106,27,-2.685381446240817,23
4420,65,28,50,15,-2.6863314341926143,13
4421,30,26,28,13,-2.6864332481864484,13
4422,71,40,65,23,-2.6867803351656674,17
4423,102,20,13,12,-2.6891186576501758,8
4424,88,33,96,17,-2.6907640557858503,16
4425,31,22,87,11,-2.6915087275033085,11
4426,43,16,78,9,-2.6921079863439976,7
4427,30,17,9,10,-2.6960180413408095,7
4428,79,11,39,7,-2.7039365709334438,4
4429,39,45,15,26,-2.7056264662590253,19
4430,54,62,87,35,-2.7078927354800775,27
4431,60,39,43,21,-2.71188258861537,18
4432,70,16,49,8,-2.7131214221068403,8
4433,65,81,87,44,-2.715865921869915,37
4434,4,20,63,11,-2.7170319642618344,9
4435,80,11,95,6,-2.7197438471090796,5
4436,54,19,41,10,-2.720244948724289,9
4437,88,16,44,8,-2.7255415222047015,8
4438,106,50,65,27,-2.735321183024918,23
4439,63,21,47,10,-2.7370968886641953,11
4440,63,12,99,6,-2.7377253409939377,6
4441,104,22,97,11,-2.7396377781056187,11
4442,39,70,86,36,-2.7446231588099956,34
4443,109,16,100,10,-2.7455001332531204,6
4444,43,14,70,8,-2.753352748891417,6
4445,112,31,13,16,-2.753404188017113,15
4446,96,34,97,17,-2.7556888339056815,17
4447,94,17,1,8,-2.7623810098011994,9
4448,86,14,89,6,-2.762477101644826,8
4449,77,17,5,9,-2.7658375671945885,8
4450,10,11,5,5,-2.7716738654503192,6
4451,78,30,68,16,-2.7719995577198357,14
4452,78,15,55,9,-2.779506680606731,6
4453,85,17,28,9,-2.7808523631648976,8
4454,84,87,86,44,-2.7811330297923607,43
4455,91,31,28,17,-2.78581966806185,14
4456,16,76,60,41,-2.7858947879210136,35
4457,43,20,63,11,-2.786559914173096,9
4458,104,19,43,9,-2.787160724490262,10
4459,97,15,9,7,-2.7891659901703596,8
4460,102,12,70,5,-2.7906887378625402,7
4461,107,63,27,35,-2.7918139043432495,28
4462,36,13,100,7,-2.7923934619121096,6
4463,1,26,7,14,-2.793205495238504,12
4464,44,14,68,7,-2.795327721392829,7
4465,8,32,83,16,-2.795775595052066,16
4466,112,14,106,7,-2.805082024542768,7
4467,13,114,16,64,-2.8065837004778262,50
4468,72,11,20,6,-2.8074079366688274,5
4469,41,15,99,8,-2.808167291861728,7
4470,36,32,1,16,-2.8095303452930684,16
4471,62,25,27,13,-2.8156695052401637,12
4472,48,14,68,7,-2.820644331468806,7
4473,71,13,18,7,-2.821320109059578,6
4474,16,44,78,24,-2.823540149721667,20
4475,62,18,54,10,-2.824080555827827,8
4476,112,21,75,12,-2.824219405034075,9
4477,50,44,2,24,-2.824465738990298,20
4478,81,23,53,13,-2.832269045840244,10
4479,17,28,28,15,-2.8369834071231876,13
4480,39,33,95,18,-2.8414955259540986,15
4481,102,25,8,13,-2.845551076408804,12
4482,44,13,28,6,-2.846139863099275,7
4483,33,13,97,7,-2.8486496222061595,6
4484,96,16,73,9,-2.853430398009382,7
4485,43,21,11,11,-2.8591997693126285,10
4486,28,25,69,13,-2.86191295640514,12
4487,3,28,49,15,-2.8638060805089895,13
4488,88,14,72,8,-2.866088260356642,6
4489,63,23,46,11,-2.867241869896345,12
4490,17,10,88,4,-2.869337502995377,6
4491,1,14,112,9,-2.8723250567679255,5
4492,53,12,57,6,-2.8739584447786406,6
4493,30,21,75,11,-2.874328227945735,10
4494,77,14,106,7,-2.8755893681261506,7
4495,87,23,83,12,-2.880053494146307,11
4496,51,50,8,27,-2.89267075268126,23
4497,89,17,50,10,-2.89533112730357,7
4498,70,10,44,5,-2.8975248911261424,5
4499,51,31,70,16,-2.904546585958991,15
4500,37,19,91,10,-2.9050960547005253,9
4501,60,36,3,20,-2.909958660956353,16
4502,54,36,80,18,-2.9116630961094714,18
4503,28,100,86,56,-2.9116733038896894,44
4504,60,75,13,43,-2.9127522787019178,32
4505,108,12,25,7,-2.9132670669268257,5
4506,33,10,37,6,-2.9157377490462184,4
4507,106,19,102,9,-2.9207255392565092,10
4508,11,38,13,21,-2.920804163820154,17
4509,86,82,74,43,-2.9212877807151494,39
4510,66,12,9,6,-2.9315079085260156,6
4511,28,21,33,10,-2.934003356051787,11
4512,87,20,36,12,-2.9355732508976633,8
4513,65,27,83,14,-2.938404758323201,13
4514,9,10,72,5,-2.9405168738711245,5
4515,46,18,71,9,-2.9448527741935417,9
4516,65,20,18,10,-2.9468351166959508,10
4517,87,37,18,21,-2.947620136311878,16
4518,107,87,65,47,-2.9571348502401484,40
4519,46,23,114,13,-2.9631435316072414,10
4520,57,18,25,10,-2.964934950553877,8
4521,37,21,2,11,-2.96975801126945,10
4522,107,42,34,24,-2.969780000361338,18
4523,11,27,78,16,-2.9702258084520934,11
4524,4,32,36,19,-2.9739066740354194,13
4525,106,36,84,18,-2.9754739608250116,18
4526,1,13,46,6,-2.9771068452784495,7
4527,88,67,87,34,-2.981188193805869,33
4528,3,40,107,20,-2.984243390869899,20
4529,48,15,80,9,-2.9854010336942434,6
4530,18,26,77,16,-2.9857786317703017,10
4531,65,27,62,14,-2.999159330673646,13
4532,69,11,4,6,-2.9994841766617175,5
4533,34,14,96,8,-3.001763014782562,6
4534,37,47,20,25,-3.0049852144749636,22
4535,39,43,9,22,-3.012148514540606,21
4536,48,20,30,12,-3.014647330297821,8
4537,88,29,47,15,-3.0208806441241425,14
4538,3,25,11,15,-3.0300210432145183,10
4539,98,13,39,8,-3.033232316977352,5
4540,65,39,25,23,-3.0368934823131157,16
4541,96,13,38,7,-3.0422152322461713,6
4542,41,16,103,8,-3.051077769785081,8
4543,11,58,8,32,-3.054398752943015,26
4544,86,42,71,22,-3.0606693617391714,20
4545,25,18,71,10,-3.0644100067848146,8
4546,25,30,75,17,-3.069551733540898,13
4547,87,14,45,8,-3.086220297325659,6
4548,33,11,77,6,-3.0866280393594177,5
4549,37,59,107,32,-3.087858660035624,27
4550,96,22,51,12,-3.0911457625040346,10
4551,107,28,85,15,-3.093409619052362,13
4552,27,17,6,9,-3.0947871865212924,8
4553,91,10,64,6,-3.0993479020870796,4
4554,74,16,88,10,-3.1000151762465555,6
4555,68,14,99,8,-3.100103615084465,6
4556,27,13,74,6,-3.1002755903304386,7
4557,60,15,92,9,-3.101629065738581,6
4558,87,38,29,22,-3.101661587985348,16
4559,86,21,111,12,-3.1037611827633413,9
4560,30,23,20,12,-3.104651925893034,11
4561,9,48,107,25,-3.1085442155518606,23
4562,79,19,107,10,-3.1100913431447434,9
4563,4,24,50,12,-3.1105592371369597,12
4564,17,25,25,14,-3.1106502600539105,11
4565,80,11,36,6,-3.1158574211756616,5
4566,12,20,23,11,-3.1344558524425574,9
4567,2,15,76,9,-3.135016863493125,6
4568,45,12,112,6,-3.1460936650177533,6
4569,23,23,75,11,-3.148733601092015,12
4570,65,28,19,15,-3.1512195160354017,13
4571,64,15,46,8,-3.1520483223972673,7
4572,7,51,104,28,-3.158219418007504,23
4573,82,21,86,12,-3.1586560919846263,9
4574,74,14,90,9,-3.168061351028922,5
4575,69,30,88,17,-3.1706028089799116,13
4576,60,25,106,15,-3.171261503808182,10
4577,30,12,74,6,-3.175828716417198,6
4578,69,16,103,8,-3.1785957104061207,8
4579,114,31,54,16,-3.1847921316014234,15
4580,50,54,37,28,-3.1883352760136074,26
4581,108,16,30,9,-3.189212250817133,7
4582,5,61,88,32,-3.1946532218196624,29
4583,107,56,41,33,-3.1947452740775875,23
4584,39,41,36,23,-3.1998605067578225,18
4585,29,25,51,13,-3.20147334056082,12
4586,86,93,7,53,-3.2025353891099275,40
4587,17,28,106,17,-3.2039846830051117,11
4588,97,12,56,6,-3.2085312435870676,6
4589,31,47,60,23,-3.2094707274879264,24
4590,97,19,50,11,-3.210625734622642,8
4591,74,16,17,9,-3.21177055102783,7
4592,28,39,55,23,-3.2184704312839756,16
4593,87,122,86,63,-3.2205248546398186,59
4594,7,55,23,30,-3.222928305376168,25
4595,109,37,51,23,-3.225760270205594,14
4596,36,49,107,26,-3.234838704648262,23
4597,86,93,63,54,-3.236835270517722,39
4598,34,18,9,10,-3.2368917561941424,8
4599,60,25,99,14,-3.238194459102709,11
4600,15,18,72,9,-3.24029148504924,9
4601,81,12,23,7,-3.2407035870770007,5
4602,86,27,19,14,-3.2446410846135,13
4603,96,10,64,6,-3.247034103841878,4
4604,25,47,114,27,-3.2540864225169766,20
4605,74,24,7,15,-3.257493143792889,9
4606,12,15,69,7,-3.259681024780823,8
4607,53,56,18,30,-3.2615252410170648,26
4608,54,56,28,31,-3.262278028179984,25
4609,65,57,8,31,-3.2717260560147303,26
4610,104,53,88,30,-3.272915749347715,23
4611,67,13,114,7,-3.274670651234843,6
4612,53,50,39,28,-3.277161726088196,22
4613,68,31,19,18,-3.2786498819088243,13
4614,78,16,28,8,-3.2870042494978406,8
4615,60,25,90,15,-3.2889183131065622,10
4616,35,15,55,8,-3.2899027901624813,7
4617,74,20,100,11,-3.292910754624951,9
4618,5,60,104,32,-3.3007473735225057,28
4619,61,13,47,7,-3.3043540506366424,6
4620,64,21,114,12,-3.304666725448282,9
4621,96,14,41,9,-3.308894289236027,5
4622,77,21,19,11,-3.31320182242276,10
4623,75,31,60,17,-3.313915862803686,14
4624,78,40,13,22,-3.3140499044008007,18
4625,72,15,107,8,-3.315505659563615,7
4626,84,16,97,10,-3.316428205809935,6
4627,97,14,98,7,-3.3185319117606182,7
4628,74,34,104,20,-3.3198927626210826,14
4629,78,23,65,14,-3.329330662733113,9
4630,51,46,28,24,-3.330644392104213,22
4631,50,19,41,11,-3.331657114556132,8
4632,88,47,11,27,-3.334901251418235,20
4633,39,23,76,14,-3.3377690591055362,9
4634,5,13,68,7,-3.3380294056441127,6
4635,98,20,54,11,-3.3414082574983,9
4636,91,15,40,8,-3.345577169162442,7
4637,102,23,11,12,-3.3462843676169043,11
4638,60,61,51,37,-3.3463130273558974,24
4639,20,10,83,5,-3.347889825164404,5
4640,107,15,14,9,-3.3479962116917545,6
4641,70,30,88,17,-3.3524090493184286,13
4642,106,17,14,10,-3.3600594128266095,7
4643,8,23,14,13,-3.3634201583462153,10
4644,97,25,54,13,-3.364815342765676,12
4645,20,17,40,10,-3.3649339637959637,7
4646,51,29,49,16,-3.3662600839742853,13
4647,102,23,109,13,-3.3679677569149944,10
4648,57,41,78,22,-3.3722801913757245,19
4649,98,15,73,8,-3.3800553651819163,7
4650,55,28,36,15,-3.383336577257353,13
4651,62,32,86,17,-3.3859108170773924,15
4652,104,10,73,6,-3.391491099464731,4
4653,19,36,54,21,-3.3916193059428297,15
4654,5,50,55,28,-3.393419962444799,22
4655,28,13,4,7,-3.3940824912486858,6
4656,84,29,55,16,-3.4012305577969593,13
4657,79,20,34,12,-3.408526065897862,8
4658,68,33,11,18,-3.410293278845114,15
4659,36,11,17,5,-3.417273645156755,6
4660,37,12,4,7,-3.4218717037755084,5
4661,69,10,108,4,-3.4269138907252144,6
4662,81,11,78,5,-3.4320246992935264,6
4663,34,12,12,7,-3.43390797401864,5
4664,69,26,30,14,-3.44153124906766,12
4665,40,58,60,32,-3.4423663485116376,26
4666,90,38,107,20,-3.442650987354403,18
4667,96,10,15,6,-3.443141355329044,4
4668,54,24,15,12,-3.443630034544425,12
4669,55,28,76,17,-3.4438952481653042,11
4670,49,17,50,9,-3.4453653867888487,8
4671,87,37,95,20,-3.4486313771107993,17
4672,20,16,57,9,-3.448692312551491,7
4673,114,14,112,7,-3.4529529803290626,7
4674,23,21,37,11,-3.4530437057487418,10
4675,5,23,33,12,-3.454327509177194,11
4676,33,12,94,6,-3.4605816741494535,6
4677,54,53,46,29,-3.462224315333584,24
4678,5,60,74,32,-3.4699961467083447,28
4679,98,10,112,6,-3.474493961605603,4
4680,54,57,96,29,-3.47661338595835,28
4681,18,16,55,8,-3.481046717374471,8
4682,114,41,60,19,-3.4828028477548303,22
4683,70,20,25,11,-3.484518115943737,9
4684,45,16,41,10,-3.4850666688674528,6
4685,51,30,36,16,-3.4874600225025065,14
4686,36,13,62,7,-3.489528327052378,6
4687,68,39,30,21,-3.4930427027418873,18
4688,114,36,97,20,-3.494809729950691,16
4689,102,14,62,8,-3.4964695361773646,6
4690,51,39,114,20,-3.4973322349486486,19
4691,47,12,58,7,-3.4979705643460655,5
4692,9,26,50,15,-3.4989626487903873,11
4693,100,37,8,21,-3.4996022759385497,16
4694,108,13,37,7,-3.5019197237718496,6
4695,109,27,25,15,-3.504136926234725,12
4696,107,90,13,49,-3.504344737880479,41
4697,23,16,74,9,-3.5053157619270587,7
4698,3,21,23,12,-3.5128096943873843,9
4699,41,83,65,49,-3.5148961656926927,34
4700,100,14,53,8,-3.519519789056673,6
4701,25,17,93,9,-3.530039788975629,8
4702,7,15,44,8,-3.535266020755452,7
4703,68,26,47,15,-3.538637049708469,11
4704,36,65,40,37,-3.5400829247343655,28
4705,27,29,47,16,-3.5439664319349258,13
4706,19,31,13,18,-3.544087166327379,13
4707,74,25,75,15,-3.5502981320595746,10
4708,65,49,53,26,-3.552341058928982,23
4709,36,19,28,10,-3.554999615354126,9
4710,64,41,107,22,-3.561300386963444,19
4711,108,13,79,8,-3.562523700236057,5
4712,7,28,6,13,-3.5631855242339143,15
4713,43,19,25,12,-3.5730773529480744,7
4714,87,22,14,13,-3.5746572289058,9
4715,108,16,75,9,-3.5782877645528646,7
4716,95,10,97,6,-3.58943247133478,4
4717,60,26,19,13,-3.5937173079626255,13
4718,30,12,17,6,-3.5949084621895326,6
4719,16,57,75,31,-3.5952902080350193,26
4720,18,19,91,11,-3.6010074197876603,8
4721,28,26,80,14,-3.6230809501897747,12
4722,18,19,43,9,-3.6267699505365183,10
4723,11,15,33,7,-3.6324699886469727,8
4724,20,19,19,10,-3.63512225580757,9
4725,27,49,39,29,-3.6378007024620707,20
4726,28,52,20,29,-3.638022846799735,23
4727,65,76,51,43,-3.639835952671155,33
4728,19,10,104,6,-3.642386124584971,4
4729,70,10,14,5,-3.6470421341148493,5
4730,66,16,63,9,-3.650382654951078,7
4731,80,34,16,20,-3.650847383014163,14
4732,18,11,17,5,-3.6519056838531805,6
4733,20,11,62,6,-3.653244367006128,5
4734,9,15,109,7,-3.6538651478462696,8
4735,77,20,55,11,-3.6546881978963213,9
4736,32,21,107,11,-3.6546977761524695,10
4737,71,10,90,5,-3.656103603020123,5
4738,31,24,39,14,-3.6610558433956144,10
4739,46,65,13,38,-3.6628360066144348,27
4740,69,35,87,21,-3.6755337261952814,14
4741,64,22,3,12,-3.6895059739852383,10
4742,61,14,86,8,-3.691831205405496,6
4743,28,19,23,10,-3.6970356039584393,9
4744,27,12,20,7,-3.701459696802648,5
4745,3,16,58,10,-3.702835253111891,6
4746,14,16,65,8,-3.707339765184437,8
4747,46,48,51,27,-3.7101860641282087,21
4748,57,14,64,8,-3.711449015146855,6
4749,5,21,15,13,-3.7147342263498238,8
4750,11,14,85,8,-3.719074703847315,6
4751,77,19,12,10,-3.719515550896186,9
4752,54,64,20,33,-3.7237387131550492,31
4753,60,14,89,7,-3.723763452657912,7
4754,57,22,19,12,-3.7238854840272495,10
4755,12,14,54,7,-3.727845074231436,7
4756,107,34,29,22,-3.7321236169755405,12
4757,25,65,86,35,-3.735239092039536,30
4758,4,13,1,8,-3.7360390878519714,5
4759,7,31,15,15,-3.741081293807926,16
4760,40,42,53,23,-3.7429391558119995,19
4761,18,34,88,18,-3.7444703943390945,16
4762,76,21,41,10,-3.750106309053706,11
4763,86,135,16,77,-3.752155418077315,58
4764,17,14,102,8,-3.765627490194503,6
4765,92,13,104,6,-3.7768187223532292,7
4766,112,21,87,11,-3.778041351659264,10
4767,93,10,7,5,-3.7802315490169662,5
4768,30,11,47,5,-3.805010691364058,6
4769,78,28,100,16,-3.8112656040992525,12
4770,5,16,110,9,-3.8138584796050923,7
4771,91,28,5,17,-3.814625093066516,11
4772,79,31,16,18,-3.819316250104339,13
4773,60,19,62,10,-3.822113325977996,9
4774,3,11,4,6,-3.825046392091852,5
4775,39,31,17,18,-3.8276026993227674,13
4776,13,26,91,14,-3.8317482607331113,12
4777,55,44,7,26,-3.8332053851439998,18
4778,46,13,38,8,-3.8338597693432233,5
4779,86,47,9,27,-3.8380910762902993,20
4780,7,26,20,14,-3.839940256500115,12
4781,109,21,65,10,-3.8409983091529707,11
4782,31,23,18,12,-3.8430258307678655,11
4783,47,12,109,7,-3.8566604611588287,5
4784,76,25,30,15,-3.858392584722827,10
4785,63,41,74,22,-3.8635092916190312,19
4786,43,14,112,8,-3.872115537944425,6
4787,104,33,41,17,-3.881745214521683,16
4788,29,19,76,9,-3.891834089248112,10
4789,57,23,28,13,-3.8971175709019774,10
4790,19,33,43,19,-3.89897267740919,14
4791,63,30,55,16,-3.900377194965694,14
4792,60,55,39,30,-3.9004156775202237,25
4793,91,15,102,8,-3.901213400624812,7
4794,37,26,102,15,-3.901578428361024,11
4795,90,11,64,6,-3.902108781861291,5
4796,88,29,43,17,-3.909072815187603,12
4797,52,14,30,8,-3.910728614777823,6
4798,70,38,37,22,-3.9227382855891673,16
4799,54,20,94,11,-3.922994883894534,9
4800,2,28,5,16,-3.923277825320168,12
4801,20,15,85,8,-3.925425491644285,7
4802,16,35,97,19,-3.9340820840887147,16
4803,15,30,60,16,-3.934539265699295,14
4804,97,10,80,6,-3.9365866928471034,4
4805,60,42,30,26,-3.9377409296212322,16
4806,98,15,102,8,-3.939114797619031,7
4807,40,11,6,6,-3.9442678680230827,5
4808,43,19,35,10,-3.946831407739413,9
4809,65,61,28,35,-3.946950789839021,26
4810,49,26,78,14,-3.9527522510286137,12
4811,93,24,74,13,-3.960101768879081,11
4812,96,15,78,9,-3.9616133541960434,6
4813,15,37,100,21,-3.968832459588713,16
4814,14,12,96,7,-3.975747798085754,5
4815,97,18,60,9,-3.9792005525226375,9
4816,69,29,41,18,-3.9797729258891983,11
4817,6,18,88,10,-3.9856102257236907,8
4818,68,13,89,7,-3.9920034832972595,6
4819,112,16,31,10,-4.001730552260451,6
4820,54,40,13,23,-4.002518666516474,17
4821,71,33,30,18,-4.006253796204616,15
4822,31,12,66,7,-4.0087548725586535,5
4823,110,20,8,12,-4.013172679497405,8
4824,109,38,88,22,-4.014176110352926,16
4825,35,21,16,13,-4.016361918873652,8
4826,96,21,39,13,-4.016816457185763,8
4827,65,17,34,9,-4.023733505197966,8
4828,65,35,43,18,-4.024058672562781,17
4829,47,31,7,18,-4.025431088719288,13
4830,107,70,100,36,-4.0307478264383745,34
4831,47,13,71,7,-4.030916530509354,6
4832,10,10,104,5,-4.031221485043642,5
4833,114,41,63,26,-4.037972989054352,15
4834,43,10,1,5,-4.03897671575872,5
4835,51,25,71,14,-4.0432752193478,11
4836,69,12,84,7,-4.046782427990888,5
4837,40,10,32,5,-4.050021677419869,5
4838,20,10,14,6,-4.051966837258037,4
4839,11,20,79,12,-4.052675901080834,8
4840,39,11,56,5,-4.06142915092174,6
4841,95,10,43,6,-4.0633983206079485,4
4842,38,12,20,8,-4.067291998076463,4
4843,31,68,7,38,-4.069172309295859,30
4844,8,38,60,20,-4.0695105804007685,18
4845,5,117,86,66,-4.074944655375777,51
4846,51,129,16,71,-4.0808930526492695,58
4847,20,46,87,25,-4.0812172079394005,21
4848,107,75,88,43,-4.082182687003758,32
4849,98,17,78,9,-4.084899624702041,8
4850,19,11,36,6,-4.0885902184216905,5
4851,51,51,17,27,-4.088673144397257,24
4852,39,17,80,9,-4.091599339844536,8
4853,13,56,100,31,-4.092719778866878,25
4854,34,22,78,12,-4.093026494881542,10
4855,43,25,69,14,-4.093607533799894,11
4856,54,33,104,18,-4.094488077381487,15
4857,35,24,20,14,-4.098728722002913,10
4858,62,15,30,8,-4.099340749559773,7
4859,93,20,83,11,-4.100880722204593,9
4860,63,30,97,17,-4.107378727934806,13
4861,108,28,16,17,-4.112388701031792,11
4862,2,12,7,7,-4.115660194227726,5
4863,57,21,3,12,-4.117819968250674,9
4864,62,44,16,27,-4.118561981785128,17
4865,65,22,45,11,-4.125923170388699,11
4866,3,32,65,19,-4.130162361083568,13
4867,94,16,112,10,-4.1306598471384035,6
4868,106,51,107,28,-4.131711792879518,23
4869,27,51,7,28,-4.136091254496651,23
4870,20,11,71,7,-4.136430557393971,4
4871,49,29,76,16,-4.136446164688921,13
4872,3,26,41,17,-4.138003699682097,9
4873,1,14,27,9,-4.139716109233121,5
4874,20,17,15,10,-4.140150315603612,7
4875,71,47,53,27,-4.141303557057988,20
4876,65,49,23,26,-4.142109485382541,23
4877,95,12,100,6,-4.142851413596655,6
4878,73,13,20,8,-4.146065391689571,5
4879,76,18,84,10,-4.146116027740745,8
4880,68,14,43,8,-4.147550463856526,6
4881,17,12,99,7,-4.14837583337694,5
4882,84,60,28,34,-4.150279635735799,26
4883,94,18,28,11,-4.153033845767643,7
4884,84,24,27,13,-4.1560592219163555,11
4885,49,44,27,25,-4.158638144692149,19
4886,5,40,83,21,-4.1637099044245005,19
4887,96,24,60,16,-4.164982345638211,8
4888,23,53,107,29,-4.172486813229873,24
4889,51,98,13,53,-4.174566554409784,45
4890,7,33,43,20,-4.178253566474207,13
4891,16,15,89,8,-4.180346950354626,7
4892,25,27,23,15,-4.182190113226027,12
4893,40,70,13,39,-4.189895916000412,31
4894,49,34,87,18,-4.192296058776266,16
4895,74,18,108,11,-4.201041319943182,7
4896,57,14,9,8,-4.201215618084039,6
4897,40,11,15,6,-4.201647176656486,5
4898,79,18,63,11,-4.2028913266701835,7
4899,4,22,55,12,-4.203282539310471,10
4900,36,56,65,32,-4.205692860728475,24
4901,87,28,90,16,-4.209781806456323,12
4902,63,20,17,11,-4.21709530073227,9
4903,18,19,4,11,-4.220670692754493,8
4904,44,11,71,6,-4.223524348839462,5
4905,38,21,9,12,-4.224156596688182,9
4906,109,12,71,7,-4.235965151087514,5
4907,11,39,51,23,-4.2392446649025946,16
4908,55,23,100,12,-4.241351231766236,11
4909,71,44,16,26,-4.241804878716307,18
4910,34,14,106,7,-4.243674039664674,7
4911,109,39,16,23,-4.248439530887052,16
4912,72,10,6,5,-4.248570153213719,5
4913,18,11,94,6,-4.250781715158487,5
4914,109,18,43,11,-4.257138547767673,7
4915,107,30,91,18,-4.264126621091654,12
4916,55,15,29,9,-4.266015075713762,6
4917,55,76,13,43,-4.2692599183431765,33
4918,35,12,13,7,-4.295164540193832,5
4919,68,30,69,17,-4.297953280916607,13
4920,54,28,25,16,-4.300413553073274,12
4921,84,18,75,10,-4.30081159040195,8
4922,53,27,106,14,-4.302319600135899,13
4923,52,10,50,5,-4.308197298973348,5
4924,8,10,31,6,-4.309099443279481,4
4925,90,13,76,8,-4.309550016746243,5
4926,72,24,86,14,-4.313346082418059,10
4927,17,23,97,13,-4.313428551304956,10
4928,98,27,104,13,-4.313899934387767,14
4929,109,24,20,15,-4.314898517872034,9
4930,71,14,70,7,-4.315612188206777,7
4931,40,22,4,12,-4.316643149060896,10
4932,81,14,64,8,-4.322376324615616,6
4933,18,19,3,12,-4.327098482006966,7
4934,41,19,95,11,-4.332143979792176,8
4935,22,12,60,7,-4.334241842742782,5
4936,112,23,41,13,-4.3361056088328285,10
4937,3,22,8,11,-4.336142774896116,11
4938,12,19,16,11,-4.336425549327283,8
4939,68,68,16,41,-4.337232498568277,27
4940,48,20,34,11,-4.343261719849951,9
4941,65,29,70,18,-4.3439841796636145,11
4942,6,16,65,9,-4.346168811124812,7
4943,48,30,28,17,-4.353346769104993,13
4944,83,11,19,6,-4.359398192701051,5
4945,71,31,64,19,-4.35947313780117,12
4946,23,20,95,11,-4.361896262769259,9
4947,9,15,74,9,-4.36741522698094,6
4948,23,23,40,13,-4.36842332680331,10
4949,58,13,55,7,-4.369004483506263,6
4950,9,24,55,14,-4.371040618945101,10
4951,8,24,49,14,-4.374514809997582,10
4952,19,34,78,20,-4.376472404777072,14
4953,39,39,64,22,-4.3783600151705215,17
4954,25,33,87,18,-4.379098196808543,15
4955,54,10,99,6,-4.3797228746123675,4
4956,77,17,109,9,-4.388954278604654,8
4957,64,12,12,7,-4.3938981464127,5
4958,2,22,16,13,-4.395353237879596,9
4959,11,18,62,10,-4.400361109158304,8
4960,108,14,71,8,-4.402422140240547,6
4961,76,16,34,8,-4.406030161353481,8
4962,11,48,55,29,-4.407143063823052,19
4963,13,46,114,23,-4.412752578147675,23
4964,64,24,50,13,-4.415510499418938,11
4965,53,64,7,36,-4.416213736910661,28
4966,87,29,71,16,-4.418670539958073,13
4967,13,30,99,17,-4.420966828834257,13
4968,20,14,23,8,-4.42777867543601,6
4969,27,17,108,10,-4.43028987016657,7
4970,29,31,39,16,-4.441439491731987,15
4971,109,15,95,9,-4.444131433700797,6
4972,87,25,12,15,-4.446151579345016,10
4973,27,22,76,13,-4.447295769785035,9
4974,16,44,95,24,-4.453378575583385,20
4975,73,12,50,8,-4.454782630059153,4
4976,97,11,77,7,-4.454901155383999,4
4977,32,18,37,10,-4.466542082918519,8
4978,68,18,34,10,-4.466826293959989,8
4979,57,10,91,5,-4.468260927215542,5
4980,25,31,96,17,-4.472832877552798,14
4981,109,15,40,9,-4.473863564525377,6
4982,107,33,95,18,-4.475609109265347,15
4983,8,12,56,7,-4.475636615156397,5
4984,7,30,100,17,-4.479542671667202,13
4985,64,46,7,25,-4.4812400569888355,21
4986,33,13,64,8,-4.484055738358922,5
4987,40,50,65,28,-4.488092661947341,22
4988,37,15,93,9,-4.4934456656390305,6
4989,39,21,58,12,-4.494576390875354,9
4990,79,16,8,8,-4.494949825171059,8
4991,69,12,76,8,-4.499300236532236,4
4992,43,23,41,13,-4.501627913311958,10
4993,87,41,23,24,-4.512300706037801,17
4994,93,16,20,8,-4.515352163146577,8
4995,55,43,37,23,-4.516821858156877,20
4996,50,23,74,13,-4.520207268757788,10
4997,60,17,61,9,-4.5273940858246595,8
4998,43,14,29,8,-4.527570070329543,6
4999,48,19,13,11,-4.529838045170984,8
5000,67,12,88,8,-4.530239274992248,4
5001,28,71,50,41,-4.530365152854882,30
5002,75,23,106,12,-4.532198108241345,11
5003,29,14,9,8,-4.534452930887615,6
5004,15,18,99,11,-4.551461310618722,7
5005,46,15,83,8,-4.551826612706302,7
5006,23,15,70,8,-4.554568026577778,7
5007,5,18,43,10,-4.5592775438308895,8
5008,11,20,64,13,-4.559361280352248,7
5009,41,30,11,19,-4.559774039378226,11
5010,51,20,102,11,-4.560982621023822,9
5011,104,16,99,8,-4.562749239239297,8
5012,95,14,99,8,-4.572737764013027,6
5013,58,23,7,12,-4.575034525669345,11
5014,65,16,99,9,-4.579704538683142,7
5015,71,25,28,15,-4.584215619303487,10
5016,96,32,50,18,-4.592653394244437,14
5017,43,27,3,16,-4.5933562595830315,11
5018,65,19,94,10,-4.593379853346694,9
5019,95,13,77,7,-4.601493224452909,6
5020,66,10,88,6,-4.60434245546846,4
5021,18,15,38,8,-4.607415756411176,7
5022,86,72,37,40,-4.607837359690986,32
5023,68,20,85,13,-4.615895850726343,7
5024,40,10,72,6,-4.6161082317709115,4
5025,58,20,60,11,-4.62148171402165,9
5026,107,33,15,21,-4.6221663132986475,12
5027,92,15,51,8,-4.63031933752528,7
5028,110,15,106,8,-4.633960085739299,7
5029,25,22,60,12,-4.636282806493915,10
5030,109,19,73,11,-4.637139105733963,8
5031,69,11,80,6,-4.638884395252677,5
5032,25,13,48,7,-4.641698897655362,6
5033,13,14,73,8,-4.6427133386229835,6
5034,16,21,6,11,-4.642825718029856,10
5035,50,53,87,29,-4.6442046515061275,24
5036,88,14,85,8,-4.644579154934633,6
5037,96,39,63,24,-4.649023449526139,15
5038,79,13,27,7,-4.65158326253367,6
5039,54,62,63,36,-4.6520172622159,26
5040,88,99,7,56,-4.655212936233496,43
5041,47,15,25,8,-4.655390231832644,7
5042,94,25,30,14,-4.661470203954234,11
5043,38,19,109,12,-4.668016203688245,7
5044,19,33,49,19,-4.6734138670502805,14
5045,86,80,11,45,-4.675365998711978,35
5046,84,50,51,29,-4.68222685849612,21
5047,5,16,71,9,-4.686451238703376,7
5048,46,60,86,37,-4.689511214815467,23
5049,84,36,16,21,-4.697024903080797,15
5050,84,12,62,7,-4.699556310812963,5
5051,46,23,20,15,-4.708713070266484,8
5052,18,37,28,20,-4.710953949587104,17
5053,12,14,74,8,-4.7158981291394015,6
5054,61,15,107,8,-4.722903053660275,7
5055,86,20,47,12,-4.7250746523394085,8
5056,75,14,15,9,-4.7291616067808215,5
5057,46,11,6,6,-4.730994669309113,5
5058,77,16,25,9,-4.745845616411638,7
5059,5,30,90,18,-4.752640516818982,12
5060,50,23,7,13,-4.754905099968965,10
5061,50,16,93,10,-4.755526241513055,6
5062,107,121,16,74,-4.7579191821602915,47
5063,79,12,55,7,-4.763372141256467,5
5064,60,23,76,15,-4.763967746356448,8
5065,88,17,76,9,-4.766858398283603,8
5066,94,16,55,9,-4.767452995148862,7
5067,31,15,12,8,-4.770632464521183,7
5068,70,13,90,7,-4.771084444295363,6
5069,37,10,9,6,-4.7723167368365935,4
5070,23,14,33,8,-4.772846471482118,6
5071,5,12,9,7,-4.777710715122403,5
5072,104,57,86,32,-4.778923035703436,25
5073,5,33,76,19,-4.788314400539968,14
5074,76,24,97,13,-4.7891970450006545,11
5075,17,44,16,28,-4.792262993794134,16
5076,1,17,9,8,-4.79405950293998,9
5077,20,13,52,8,-4.795236183864801,5
5078,25,11,111,6,-4.797175922879397,5
5079,46,23,7,15,-4.797661017581172,8
5080,6,16,68,10,-4.799676836342989,6
5081,34,23,109,13,-4.799792884418862,10
5082,96,22,75,15,-4.80138149231193,7
5083,56,11,16,7,-4.802141402722699,4
5084,12,16,1,9,-4.804302234326598,7
5085,88,44,75,26,-4.804702938088101,18
5086,106,25,2,14,-4.808494527305082,11
5087,106,12,6,7,-4.810944704219048,5
5088,85,11,74,6,-4.812388004493803,5
5089,54,15,14,10,-4.820525855929131,5
5090,25,19,31,10,-4.823839301099763,9
5091,9,47,65,28,-4.82612869570304,19
5092,90,13,41,7,-4.828201040811693,6
5093,67,15,8,9,-4.8319098461555825,6
5094,64,20,83,11,-4.840996077098241,9
5095,83,17,39,10,-4.845386042652696,7
5096,77,33,86,19,-4.850093446016942,14
5097,32,12,97,7,-4.851459349576838,5
5098,107,12,52,8,-4.8612628499818085,4
5099,89,10,5,7,-4.862465640901751,3
5100,106,54,37,29,-4.865641247327304,25
5101,1,11,29,7,-4.8669345755887905,4
5102,57,26,88,14,-4.87081224887015,12
5103,84,17,100,11,-4.876415167032029,6
5104,88,44,23,27,-4.876485476342165,17
5105,95,11,69,7,-4.882909765417962,4
5106,101,10,39,6,-4.8897412781033625,4
5107,51,47,75,26,-4.890410363576285,21
5108,77,16,23,9,-4.892331871891682,7
5109,54,14,38,8,-4.897121063973307,6
5110,28,12,38,6,-4.907164394244693,6
5111,38,37,107,22,-4.90842815232726,15
5112,77,38,13,22,-4.916454321567023,16
5113,27,42,41,25,-4.917123835584125,17
5114,109,22,41,14,-4.921048446482954,8
5115,87,35,76,21,-4.9222225313957875,14
5116,106,56,74,32,-4.924754963776778,24
5117,36,40,86,23,-4.927433251240003,17
5118,9,22,114,15,-4.931319071415344,7
5119,51,60,54,34,-4.9389750286610985,26
5120,55,20,34,11,-4.939270816045712,9
5121,71,11,49,6,-4.9409457894604065,5
5122,28,27,93,17,-4.941127481170006,10
5123,81,23,39,14,-4.943832581007466,9
5124,6,15,51,9,-4.945330344973923,6
5125,106,29,80,17,-4.946009667025365,12
5126,18,14,76,8,-4.948055179076069,6
5127,68,19,56,10,-4.94813216675333,9
5128,100,12,20,7,-4.948684351907288,5
5129,41,33,64,20,-4.951397157092104,13
5130,60,31,78,17,-4.962540163380289,14
5131,107,44,76,28,-4.963511886446056,16
5132,90,23,96,14,-4.963939687748077,9
5133,107,49,40,30,-4.964616090179718,19
5134,114,21,27,12,-4.967571693509977,9
5135,23,11,98,6,-4.9699651611390046,5
5136,44,10,80,5,-4.973541413806909,5
5137,107,109,87,63,-4.975819901828633,46
5138,57,34,87,20,-4.9827111979603655,14
5139,77,24,30,14,-4.985977046098046,10
5140,65,36,64,20,-4.987841540773512,16
5141,55,34,80,18,-4.987967529735274,16
5142,94,19,63,11,-4.988953899876624,8
5143,31,23,50,13,-4.991999785997781,10
5144,71,15,74,8,-4.993812181109021,7
5145,50,50,16,29,-4.998659270607032,21
5146,12,17,104,10,-5.002137376119604,7
5147,106,41,7,21,-5.003800212982272,20
5148,5,26,93,16,-5.004460526821323,10
5149,83,13,102,8,-5.00532757458448,5
5150,41,12,74,6,-5.00781552916323,6
5151,17,17,72,10,-5.008619057376982,7
5152,43,39,107,23,-5.010968143772531,16
5153,64,49,13,26,-5.0266998971793155,23
5154,87,36,94,20,-5.028702412089721,16
5155,41,24,20,13,-5.0314400771852865,11
5156,52,12,65,8,-5.036995856643753,4
5157,38,31,39,18,-5.039769505176328,13
5158,104,61,37,36,-5.041376355525097,25
5159,85,15,63,8,-5.044437930195333,7
5160,51,48,104,30,-5.045842035260691,18
5161,75,20,95,12,-5.050260152484932,8
5162,100,28,28,17,-5.05340960327885,11
5163,10,16,7,9,-5.060407065651959,7
5164,61,10,41,6,-5.060781095904467,4
5165,15,26,49,14,-5.07229091793563,12
5166,33,13,90,8,-5.072843762888294,5
5167,28,16,47,9,-5.079195021327367,7
5168,20,10,32,7,-5.08216341529211,3
5169,87,70,8,40,-5.084902312273524,30
5170,65,23,90,12,-5.084911236528136,11
5171,104,25,53,14,-5.094260383198605,11
5172,30,14,112,9,-5.100011903935994,5
5173,68,35,54,21,-5.101670061333945,14
5174,108,13,28,7,-5.102919930198643,6
5175,70,23,55,13,-5.1032220329288345,10
5176,15,37,27,20,-5.104308325855632,17
5177,47,30,107,17,-5.104713660133338,13
5178,54,30,9,17,-5.1065751437855,13
5179,1,10,30,6,-5.107240382060612,4
5180,86,39,64,22,-5.108639671077766,17
5181,68,30,23,16,-5.1118494914616495,14
5182,49,26,68,15,-5.111957594134077,11
5183,4,18,75,11,-5.1124286444655915,7
5184,58,30,40,16,-5.133397385337809,14
5185,3,21,36,13,-5.136055944816986,8
5186,8,17,72,9,-5.13781996064983,8
5187,9,20,49,11,-5.141308839362197,9
5188,97,13,11,7,-5.149154391162877,6
5189,9,24,106,14,-5.150083731218861,10
5190,28,16,35,8,-5.1531236605423,8
5191,58,11,12,7,-5.156947077751297,4
5192,5,12,67,7,-5.159840528973067,5
5193,93,13,98,7,-5.16002306712359,6
5194,56,11,91,6,-5.160182814393273,5
5195,96,20,114,12,-5.164351476040406,8
5196,96,29,65,16,-5.165027076154162,13
5197,80,10,27,6,-5.166088753800779,4
5198,29,18,49,10,-5.174835217534595,8
5199,78,16,41,10,-5.177820611113413,6
5200,97,17,75,10,-5.183439015487436,7
5201,71,10,6,6,-5.19369227829273,4
5202,113,13,40,8,-5.193726392686624,5
5203,80,18,104,10,-5.194103195079233,8
5204,39,25,46,12,-5.196853389468722,13
5205,8,26,64,16,-5.197739409340508,10
5206,53,36,16,22,-5.201094174764714,14
5207,7,106,16,60,-5.201721932894633,46
5208,88,93,86,54,-5.203981077125826,39
5209,109,22,50,13,-5.207842202449344,9
5210,54,37,55,20,-5.2079892699722485,17
5211,39,10,6,6,-5.213256916387498,4
5212,91,12,33,6,-5.213867650447791,6
5213,8,14,69,8,-5.216534828858884,6
5214,76,18,20,9,-5.218902337593748,9
5215,37,22,40,12,-5.218981261850287,10
5216,39,17,34,9,-5.222074480009672,8
5217,106,54,54,29,-5.222938310920249,25
5218,39,23,92,12,-5.223931097826438,11
5219,5,11,35,6,-5.226534281744142,5
5220,3,24,104,14,-5.226681542928666,10
5221,12,21,78,14,-5.228626709315287,7
5222,23,12,9,7,-5.231512665759891,5
5223,112,16,54,10,-5.232740364866691,6
5224,77,11,102,6,-5.2331199808141164,5
5225,25,21,91,12,-5.23677892954369,9
5226,16,14,52,8,-5.238731564661997,6
5227,40,15,98,8,-5.239271076053038,7
5228,40,26,25,15,-5.242222631716463,11
5229,94,15,114,8,-5.246364560187277,7
5230,65,14,85,8,-5.254482148208554,6
5231,67,15,34,7,-5.254716330627796,8
5232,31,11,35,6,-5.255104723881262,5
5233,75,55,86,30,-5.26427494208678,25
5234,92,11,28,7,-5.266199037582341,4
5235,88,11,56,6,-5.280224334897691,5
5236,8,16,12,10,-5.286508578715818,6
5237,28,19,14,12,-5.2887953454841945,7
5238,47,14,64,9,-5.289224932245289,5
5239,86,21,99,13,-5.291638236148403,8
5240,94,14,3,8,-5.292066621883356,6
5241,13,19,85,12,-5.293220262416648,7
5242,42,10,87,6,-5.296399197387675,4
5243,100,17,9,11,-5.299356832075297,6
5244,15,26,29,15,-5.301573411199917,11
5245,55,63,107,36,-5.304312251522438,27
5246,55,25,111,15,-5.307717141421055,10
5247,98,16,27,9,-5.307731237447107,7
5248,3,31,12,19,-5.314110885525398,12
5249,81,33,86,22,-5.330127627628594,11
5250,88,50,27,28,-5.330635877335121,22
5251,102,14,97,9,-5.335160623731844,5
5252,41,22,100,13,-5.337856418817987,9
5253,87,27,80,16,-5.338478052727015,11
5254,62,19,7,11,-5.339510147514966,8
5255,12,10,47,6,-5.346203816219379,4
5256,19,21,62,14,-5.349910444614752,7
5257,63,47,37,28,-5.351566239537104,19
5258,60,46,55,26,-5.354179807158422,20
5259,65,15,81,9,-5.355649781765625,6
5260,97,35,7,19,-5.356987360153851,16
5261,50,24,90,14,-5.361711287754656,10
5262,63,30,75,17,-5.362343223381898,13
5263,3,31,15,18,-5.389693798942546,13
5264,1,35,13,22,-5.395737230218574,13
5265,90,31,54,18,-5.397442007333916,13
5266,58,11,4,7,-5.405037105567146,4
5267,49,55,16,33,-5.408657272617291,22
5268,76,27,98,16,-5.421334528995662,11
5269,25,38,104,21,-5.42238345531963,17
5270,63,33,104,19,-5.4225005902868935,14
5271,69,13,42,7,-5.432900919803644,6
5272,68,29,71,18,-5.435653336862234,11
5273,84,25,85,16,-5.43974367052044,9
5274,19,18,64,12,-5.442590345604778,6
5275,57,18,97,10,-5.45235309786646,8
5276,71,43,75,27,-5.454468163058883,16
5277,43,13,49,8,-5.456239269842583,5
5278,76,14,71,7,-5.456476326439049,7
5279,51,31,5,20,-5.465657211287607,11
5280,74,13,31,8,-5.468299370651384,5
5281,25,22,100,12,-5.476003695191371,10
5282,19,40,100,24,-5.484447554990496,16
5283,77,25,39,14,-5.495514516614706,11
5284,102,10,67,6,-5.497246561771841,4
5285,38,27,16,18,-5.501435833243271,9
5286,102,26,76,16,-5.502301667327311,10
5287,64,15,44,9,-5.503275136525506,6
5288,88,63,65,39,-5.5046516766744285,24
5289,40,13,2,8,-5.504797437287729,5
5290,109,13,32,7,-5.508051897308618,6
5291,81,10,80,5,-5.509744831821596,5
5292,83,19,95,12,-5.510188596504647,7
5293,37,59,87,35,-5.516733087496061,24
5294,68,47,114,27,-5.519247268707076,20
5295,7,33,28,20,-5.522079859732704,13
5296,102,11,64,7,-5.525256448935202,4
5297,81,13,11,8,-5.532252988240379,5
5298,76,20,100,11,-5.5369678710761505,9
5299,23,21,64,12,-5.5388775759536575,9
5300,33,15,68,9,-5.539648915480053,6
5301,27,23,40,11,-5.543091094529357,12
5302,2,22,20,13,-5.544865436021075,9
5303,75,42,18,24,-5.546579166688544,18
5304,84,18,25,11,-5.5466876181289715,7
5305,23,16,29,9,-5.547160957253139,7
5306,31,53,36,30,-5.548564460468652,23
5307,25,41,8,25,-5.550067480025435,16
5308,54,16,69,9,-5.552096999235808,7
5309,4,11,46,6,-5.55622187464566,5
5310,95,30,13,17,-5.556983808516705,13
5311,95,10,31,6,-5.5581891593402775,4
5312,50,15,15,9,-5.558685181571873,6
5313,38,23,7,13,-5.575438881033769,10
5314,44,22,20,13,-5.576158683247875,9
5315,49,67,39,41,-5.58070206602943,26
5316,88,14,14,8,-5.580858903619988,6
5317,53,13,89,7,-5.581720835788214,6
5318,65,81,104,46,-5.584887655129079,35
5319,58,23,16,14,-5.587223743497611,9
5320,34,14,102,9,-5.587343030075011,5
5321,39,32,57,18,-5.587592582854161,14
5322,96,38,20,23,-5.5910643603065,15
5323,64,17,80,9,-5.593698551425535,8
5324,10,11,23,6,-5.611414438981714,5
5325,90,14,30,8,-5.614315415339312,6
5326,84,20,38,11,-5.614806649443392,9
5327,91,26,68,14,-5.6194663727720915,12
5328,50,26,95,15,-5.619957219349124,11
5329,51,36,77,20,-5.62102353822059,16
5330,84,24,9,14,-5.622843694169617,10
5331,5,10,19,6,-5.6233787755961275,4
5332,17,21,5,14,-5.625033929201381,7
5333,73,28,86,15,-5.62531345595925,13
5334,81,15,19,9,-5.630310593885413,6
5335,9,43,75,26,-5.632694127818325,17
5336,13,42,81,26,-5.6355642074877235,16
5337,46,16,109,9,-5.636528034552768,7
5338,104,28,30,15,-5.647296722607988,13
5339,74,23,73,14,-5.649045009007229,9
5340,97,13,39,8,-5.649731064357227,5
5341,97,10,4,6,-5.649870700339136,4
5342,60,32,49,19,-5.652266603264942,13
5343,61,13,9,8,-5.652969843590385,5
5344,87,30,15,17,-5.653006235363541,13
5345,16,44,20,28,-5.653886889078911,16
5346,27,42,100,23,-5.658775885008507,19
5347,82,11,54,7,-5.66427830231393,4
5348,99,31,16,18,-5.66581833704302,13
5349,65,108,16,63,-5.6685104645176,45
5350,37,39,75,25,-5.670197882049106,14
5351,19,32,29,20,-5.671111826185553,12
5352,25,10,94,5,-5.671887186214519,5
5353,13,37,63,21,-5.677540897301028,16
5354,95,10,102,6,-5.68531996234082,4
5355,9,37,28,20,-5.685359581946876,17
5356,100,23,23,14,-5.686655327949013,9
5357,40,21,35,13,-5.689140213576859,8
5358,5,46,106,28,-5.689619439430468,18
5359,32,10,70,5,-5.692479372096212,5
5360,50,13,23,9,-5.694114757145069,4
5361,62,17,53,10,-5.701449545318568,7
5362,109,18,68,12,-5.704488776223907,6
5363,47,14,11,9,-5.7112915010697805,5
5364,37,18,41,11,-5.716493275276267,7
5365,17,13,98,7,-5.72342530511381,6
5366,27,30,29,19,-5.724796452120104,11
5367,51,26,25,15,-5.726135112848949,11
5368,9,14,45,9,-5.727853500458989,5
5369,25,48,13,26,-5.729332953997916,22
5370,30,24,29,15,-5.734998612686146,9
5371,106,42,25,26,-5.737688222420908,16
5372,39,50,40,30,-5.739978674185259,20
5373,77,12,36,7,-5.751140829309579,5
5374,86,40,43,24,-5.752126246020768,16
5375,47,13,23,8,-5.7551420632928085,5
5376,53,13,58,6,-5.756559382638664,7
5377,68,15,80,9,-5.759836210772863,6
5378,54,10,61,6,-5.763750710129652,4
5379,76,19,13,11,-5.766341264416831,8
5380,112,13,85,8,-5.770596297207226,5
5381,19,44,30,26,-5.775446473773884,18
5382,78,11,33,7,-5.795548252452772,4
5383,31,19,91,12,-5.801858258461768,7
5384,106,11,10,8,-5.803672894932928,3
5385,3,14,103,7,-5.804756675353106,7
5386,98,19,8,12,-5.806615359942182,7
5387,37,52,16,30,-5.806896201742739,22
5388,20,13,79,8,-5.810117746469,5
5389,77,10,112,7,-5.816541718607886,3
5390,5,16,40,9,-5.82052725169565,7
5391,65,10,108,5,-5.847992745343311,5
5392,79,12,80,6,-5.851472407179256,6
5393,20,62,107,36,-5.856840758569811,26
5394,65,61,55,35,-5.858765777581568,26
5395,112,21,7,13,-5.863389950487481,8
5396,7,17,34,10,-5.863504951401834,7
5397,95,36,54,20,-5.865979569344108,16
5398,9,17,62,10,-5.866001447424248,7
5399,43,44,16,27,-5.867337853984076,17
5400,31,12,28,7,-5.87633787823225,5
5401,68,27,97,16,-5.880460614845397,11
5402,36,12,46,7,-5.88209418081934,5
5403,74,22,102,13,-5.882481039476403,9
5404,103,18,39,11,-5.887093677643695,7
5405,20,48,65,30,-5.887954716629861,18
5406,43,16,17,9,-5.888801333071093,7
5407,84,34,74,18,-5.89139952158172,16
5408,68,15,101,10,-5.891939886749793,5
5409,43,34,39,19,-5.8937669125434455,15
5410,103,12,54,8,-5.896465334872947,4
5411,107,59,75,39,-5.896729059645905,20
5412,13,42,47,25,-5.896900272648656,17
5413,29,12,50,7,-5.9053142051653245,5
5414,57,27,84,14,-5.910397185802948,13
5415,7,23,78,12,-5.919551023484503,11
5416,94,17,78,10,-5.920679153259384,7
5417,93,14,75,8,-5.9232430439307135,6
5418,55,27,109,14,-5.923431655873009,13
5419,114,20,73,12,-5.924435121305104,8
5420,40,15,57,9,-5.936628176580016,6
5421,43,10,74,5,-5.941779824004124,5
5422,33,12,49,8,-5.9430630012189605,4
5423,53,15,28,9,-5.945744364633271,6
5424,76,31,28,17,-5.950271226300689,14
5425,10,12,97,6,-5.950831581917707,6
5426,53,52,68,31,-5.964244334939566,21
5427,40,18,97,11,-5.966918416140385,7
5428,60,16,94,10,-5.969950979611428,6
5429,87,21,102,13,-5.971447061156248,8
5430,18,20,64,12,-5.974775055211904,8
5431,27,17,81,10,-5.980960922697962,7
5432,86,22,29,13,-5.9859883975534425,9
5433,84,20,98,13,-5.9888897315784195,7
5434,31,25,114,14,-5.9918765203954925,11
5435,100,19,37,12,-6.000890669706825,7
5436,3,49,27,28,-6.004461627295935,21
5437,17,17,103,11,-6.022913063656272,6
5438,37,24,98,14,-6.023716027404387,10
5439,51,28,108,16,-6.026136385597759,12
5440,46,20,95,12,-6.027785407812037,8
5441,50,17,91,11,-6.027790824025908,6
5442,68,10,26,6,-6.030745942778486,4
5443,31,31,75,17,-6.03348213428737,14
5444,98,24,7,15,-6.033686003781978,9
5445,32,16,8,9,-6.041444852098721,7
5446,93,15,70,9,-6.04469500542117,6
5447,112,30,53,16,-6.0449768388221905,14
5448,18,24,63,15,-6.046455003215171,9
5449,14,14,39,8,-6.049336679853417,6
5450,60,43,23,26,-6.05331122826769,17
5451,41,27,23,16,-6.068042449918635,11
5452,3,37,7,23,-6.079684387524472,14
5453,11,21,12,11,-6.0800129988781535,10
5454,102,13,23,7,-6.080684731147943,6
5455,38,20,30,13,-6.083418085357015,7
5456,107,23,111,12,-6.08814286411973,11
5457,16,10,26,6,-6.090476145744291,4
5458,108,14,96,8,-6.092516088942793,6
5459,47,11,54,6,-6.095812400128514,5
5460,103,11,49,6,-6.096089027289713,5
5461,69,16,62,9,-6.0981418118710495,7
5462,87,13,10,8,-6.098821416398099,5
5463,10,13,16,8,-6.102410867550437,5
5464,7,12,90,7,-6.108519045195329,5
5465,31,13,81,9,-6.1171597913254026,4
5466,88,35,25,23,-6.12387967695023,12
5467,19,11,50,7,-6.139898808996972,4
5468,46,43,8,24,-6.1501810225894875,19
5469,16,23,81,14,-6.151567538462688,9
5470,54,31,100,19,-6.154227857131634,12
5471,47,27,75,18,-6.156969718274411,9
5472,81,11,50,6,-6.158903696641065,5
5473,33,11,27,6,-6.161047087897558,5
5474,36,47,13,29,-6.167141158071527,18
5475,8,14,43,8,-6.169495664997545,6
5476,77,23,107,13,-6.174961839792211,10
5477,93,10,80,5,-6.175234905241036,5
5478,57,31,27,17,-6.175468461691405,14
5479,35,23,11,14,-6.1783992564267445,9
5480,81,17,114,9,-6.179669023614306,8
5481,71,12,91,7,-6.18747414228945,5
5482,97,26,87,17,-6.190868250218131,9
5483,2,28,63,16,-6.200018491851487,12
5484,70,28,74,15,-6.203999405338755,13
5485,84,15,35,9,-6.209299301194262,6
5486,70,24,114,15,-6.214622620602992,9
5487,104,65,107,39,-6.217712152560083,26
5488,27,31,34,18,-6.22367138123583,13
5489,91,42,16,27,-6.227187272730331,15
5490,50,41,104,25,-6.230364171354916,16
5491,51,67,100,37,-6.2337070928175695,30
5492,9,31,8,16,-6.234041807874366,15
5493,86,31,34,18,-6.237009896243482,13
5494,5,48,114,28,-6.237633533478722,20
5495,94,30,27,18,-6.240745005822248,12
5496,79,12,112,7,-6.244469819410296,5
5497,8,38,13,23,-6.25634173265118,15
5498,95,12,15,7,-6.265255655621161,5
5499,5,45,20,28,-6.270373633442783,17
5500,102,26,65,17,-6.271132053863889,9
5501,4,21,86,13,-6.2794844995496994,8
5502,93,14,29,8,-6.281843189307091,6
5503,41,40,87,24,-6.281886965282797,16
5504,72,15,50,9,-6.282212191469299,6
5505,108,13,54,9,-6.288035508418626,4
5506,37,24,30,15,-6.294754233158862,9
5507,94,20,76,13,-6.29880756689131,7
5508,112,28,27,17,-6.303699576266533,11
5509,98,18,70,12,-6.319051319272617,6
5510,18,24,15,15,-6.3402318230961585,9
5511,40,22,62,11,-6.340588914856938,11
5512,96,17,85,12,-6.345069391274802,5
5513,49,23,54,13,-6.351489347342601,10
5514,87,101,16,60,-6.354910437888773,41
5515,27,13,92,7,-6.356396578041118,6
5516,15,18,47,10,-6.359572158435768,8
5517,43,19,64,11,-6.3596171770522805,8
5518,56,21,7,12,-6.361794853449643,9
5519,19,26,103,15,-6.363737656827998,11
5520,50,12,57,8,-6.36698198689182,4
5521,102,15,33,9,-6.371524301983965,6
5522,88,29,62,17,-6.378142546355092,12
5523,69,12,33,7,-6.387028758243514,5
5524,96,13,33,6,-6.392035038140809,7
5525,37,20,80,12,-6.401050818487372,8
5526,54,18,91,10,-6.414686940093467,8
5527,23,10,61,6,-6.419517618014351,4
5528,80,23,96,14,-6.423400971659429,9
5529,100,21,75,11,-6.426877840881264,10
5530,33,16,40,11,-6.427211772717695,5
5531,8,92,16,56,-6.429444057927856,36
5532,107,16,89,10,-6.429821795264184,6
5533,81,24,15,14,-6.430856839870597,10
5534,94,18,69,11,-6.432434124144747,7
5535,23,47,13,26,-6.4340973489419495,21
5536,28,10,6,6,-6.452419128804086,4
5537,91,20,8,12,-6.453847873736644,8
5538,12,13,98,8,-6.466454254397779,5
5539,60,38,104,26,-6.467802328258812,12
5540,68,11,98,7,-6.4699276959750645,4
5541,86,37,69,22,-6.470765747828813,15
5542,55,10,89,6,-6.472799854469152,4
5543,9,20,70,13,-6.477071321597405,7
5544,11,27,30,16,-6.4812524292465685,11
5545,103,10,18,7,-6.501498615339008,3
5546,55,29,74,17,-6.503619546467788,12
5547,112,20,3,11,-6.506335949972266,9
5548,77,24,41,15,-6.512816462619649,9
5549,79,15,76,10,-6.514592595269537,5
5550,66,20,60,13,-6.515171561917162,7
5551,37,35,13,21,-6.522302273576748,14
5552,77,23,3,13,-6.522612726457055,10
5553,38,12,102,9,-6.529266346603463,3
5554,80,13,91,8,-6.531108694088673,5
5555,29,23,98,14,-6.531113392896417,9
5556,50,32,60,17,-6.533035543984182,15
5557,70,58,54,35,-6.543056803225656,23
5558,112,16,58,9,-6.546457957272807,7
5559,23,32,106,17,-6.5490553960891695,15
5560,114,26,53,15,-6.571088082289226,11
5561,87,21,72,12,-6.57495584584389,9
5562,81,12,77,7,-6.5752456736487765,5
5563,48,11,69,6,-6.577798378248735,5
5564,101,11,27,7,-6.582303845846212,4
5565,100,66,16,40,-6.5893815248609675,26
5566,63,31,64,18,-6.595351994440166,13
5567,30,14,23,8,-6.618468991829209,6
5568,68,21,20,12,-6.619136630374986,9
5569,46,38,74,24,-6.622188071735937,14
5570,5,48,25,29,-6.626414170343123,19
5571,37,22,39,13,-6.632156694863052,9
5572,65,30,4,18,-6.635600395573753,12
5573,17,38,86,21,-6.641619574926921,17
5574,65,56,30,34,-6.643764891482749,22
5575,5,26,32,16,-6.6474470604519045,10
5576,63,59,8,34,-6.653552632837189,25
5577,37,19,71,11,-6.65399605348867,8
5578,71,11,83,6,-6.6562053803338666,5
5579,80,13,19,8,-6.6570365011750905,5
5580,57,12,10,8,-6.658857003244836,4
5581,54,20,85,13,-6.664179187550933,7
5582,37,14,49,8,-6.682600721323248,6
5583,98,24,11,14,-6.689063597940291,10
5584,57,23,69,15,-6.689265645795013,8
5585,28,54,104,32,-6.697414309723438,22
5586,106,11,111,8,-6.697425895741327,3
5587,86,18,10,10,-6.698064905065152,8
5588,23,25,63,16,-6.701335055503609,9
5589,38,11,108,7,-6.702463242169256,4
5590,74,15,83,8,-6.703298030488857,7
5591,65,25,49,15,-6.705278129055871,10
5592,57,16,103,10,-6.715681153503198,6
5593,97,35,28,22,-6.716635909782018,13
5594,32,10,65,6,-6.718474357729474,4
5595,95,13,14,8,-6.731405281187272,5
5596,96,38,74,24,-6.731828732252354,14
5597,78,14,40,10,-6.732885786530082,4
5598,29,10,18,7,-6.739197778395282,3
5599,48,26,84,16,-6.740791105108492,10
5600,68,13,45,8,-6.747691137383073,5
5601,71,10,94,6,-6.748460655059317,4
5602,97,54,86,32,-6.749652418711037,22
5603,79,12,19,7,-6.749688848415009,5
5604,109,27,63,15,-6.749986635160669,12
5605,69,21,81,12,-6.750068761353671,9
5606,50,17,33,10,-6.750798742645295,7
5607,96,82,86,50,-6.757041595559337,32
5608,29,26,84,15,-6.760641343975314,11
5609,38,14,2,8,-6.792448237787324,6
5610,31,10,55,6,-6.798197972656263,4
5611,87,23,108,14,-6.799580586486786,9
5612,27,26,72,15,-6.800432191574657,11
5613,49,16,28,9,-6.8012848235530035,7
5614,50,17,3,10,-6.80135709994392,7
5615,11,22,34,14,-6.8016519858467825,8
5616,13,50,71,29,-6.804323620324037,21
5617,103,25,86,16,-6.806637205037491,9
5618,107,55,30,33,-6.806686499901537,22
5619,112,30,100,17,-6.80803672110275,13
5620,12,28,60,14,-6.810208669368881,14
5621,4,13,56,7,-6.816273515879698,6
5622,31,69,68,41,-6.8216343585610195,28
5623,65,14,79,8,-6.821859416038812,6
5624,77,26,49,17,-6.8274953131174225,9
5625,106,25,95,16,-6.830338155584793,9
5626,51,28,62,17,-6.837263314130047,11
5627,102,23,100,15,-6.837370385890966,8
5628,51,99,7,62,-6.849475435937795,37
5629,60,18,108,11,-6.856532886501664,7
5630,4,43,60,24,-6.864343045215706,19
5631,98,12,3,6,-6.866274172778351,6
5632,69,19,29,11,-6.87026975866342,8
5633,38,12,34,8,-6.8714448233593854,4
5634,29,39,65,23,-6.872699683392258,16
5635,38,15,12,9,-6.874303116736781,6
5636,99,15,106,10,-6.882359612487446,5
5637,3,28,88,17,-6.882565592633592,11
5638,57,33,11,18,-6.88449002135326,15
5639,86,58,100,33,-6.889796508256854,25
5640,34,17,29,10,-6.901880092833004,7
5641,62,33,107,18,-6.9022637475512845,15
5642,68,21,58,13,-6.90465268486649,8
5643,29,17,28,10,-6.905526522456792,7
5644,19,20,41,13,-6.929115235665348,7
5645,88,12,99,7,-6.939131232028662,5
5646,69,39,13,24,-6.946273853388926,15
5647,51,25,4,16,-6.952578906103856,9
5648,63,20,90,12,-6.95733483322538,8
5649,104,18,32,12,-6.959225086389547,6
5650,39,15,111,9,-6.9608600117118025,6
5651,36,34,16,21,-6.96230955324868,13
5652,78,10,108,6,-6.96488712458409,4
5653,97,23,18,14,-6.965163575719862,9
5654,51,106,86,61,-6.980903712938455,45
5655,30,30,53,18,-6.98498975026545,12
5656,55,20,17,11,-6.987444025974705,9
5657,13,23,111,13,-6.988942249892523,10
5658,5,15,62,9,-6.9927087595973925,6
5659,87,21,4,14,-6.993636995986407,7
5660,54,14,79,9,-6.993661154009002,5
5661,54,26,93,17,-7.002072182522708,9
5662,69,13,40,9,-7.006717860168283,4
5663,53,47,107,29,-7.009171118597259,18
5664,38,25,63,17,-7.013791456544737,8
5665,102,35,28,21,-7.019438813144855,14
5666,43,15,12,10,-7.021564164922878,5
5667,53,27,87,15,-7.0226395127694765,12
5668,104,14,89,8,-7.025402807656737,6
5669,40,15,95,9,-7.026458120737084,6
5670,13,13,89,7,-7.027546797235387,6
5671,48,15,76,10,-7.031929988428476,5
5672,27,19,37,12,-7.034792767414986,7
5673,114,11,72,6,-7.039741382461142,5
5674,97,25,55,16,-7.041738062020974,9
5675,19,14,17,9,-7.043328257314955,5
5676,73,16,65,10,-7.056062739811477,6
5677,9,45,16,29,-7.057156590127357,16
5678,36,18,99,12,-7.061516094995873,6
5679,63,27,98,16,-7.061533653908025,11
5680,12,11,52,6,-7.062340699088408,5
5681,53,10,85,7,-7.0781457464371815,3
5682,70,35,28,21,-7.078735797739843,14
5683,20,15,78,9,-7.080009592399181,6
5684,76,37,16,20,-7.082520344517178,17
5685,64,26,30,16,-7.0955835601535755,10
5686,17,14,38,8,-7.099034060595349,6
5687,45,10,1,6,-7.100044646871247,4
5688,7,33,45,20,-7.114147641228475,13
5689,83,30,86,20,-7.114862976089347,10
5690,76,27,65,18,-7.121500914302365,9
5691,107,12,67,8,-7.124134838046419,4
5692,38,11,62,7,-7.1316627039169695,4
5693,112,25,39,15,-7.139006069947715,10
5694,55,50,40,31,-7.142420946012767,19
5695,60,17,5,11,-7.144002600647478,6
5696,69,12,111,7,-7.144443379259754,5
5697,19,18,84,11,-7.145362039647058,7
5698,37,14,29,8,-7.14724630286853,6
5699,30,13,80,8,-7.153305949978541,5
5700,33,19,8,12,-7.156947433543343,7
5701,49,38,107,23,-7.158131622290781,15
5702,14,14,86,8,-7.166696838482464,6
5703,55,39,104,24,-7.167673821947763,15
5704,57,19,114,12,-7.16817977917647,7
5705,61,13,30,8,-7.1697153559652405,5
5706,86,41,98,24,-7.171894084868248,17
5707,112,16,36,10,-7.175574629533439,6
5708,62,22,13,13,-7.185685068909586,9
5709,22,13,109,8,-7.19047287621624,5
5710,48,11,17,6,-7.198036653114912,5
5711,52,22,86,14,-7.203855363753252,8
5712,8,27,18,18,-7.207241863382852,9
5713,3,24,62,15,-7.215098426159375,9
5714,63,62,51,35,-7.225017831723632,27
5715,66,21,107,13,-7.234644618982624,8
5716,43,17,57,12,-7.238205116611835,5
5717,40,27,114,18,-7.240772461331045,9
5718,87,52,100,29,-7.244520909720479,23
5719,5,14,31,9,-7.246607645789562,5
5720,96,12,69,8,-7.2527556906488755,4
5721,91,29,87,18,-7.256753645120718,11
5722,79,30,86,19,-7.258463117259924,11
5723,81,19,75,12,-7.259552889264539,7
5724,10,14,63,9,-7.261720580359904,5
5725,98,17,20,11,-7.267496359610283,6
5726,70,16,110,10,-7.267896542251016,6
5727,96,10,62,7,-7.268496266352443,3
5728,57,13,106,7,-7.272492874678534,6
5729,51,15,35,9,-7.273693319202835,6
5730,68,20,55,13,-7.273979151335479,7
5731,98,20,13,13,-7.284404613166717,7
5732,29,16,97,10,-7.284915525257297,6
5733,104,20,9,12,-7.285236260424964,8
5734,40,31,43,18,-7.287691070183636,13
5735,55,30,30,19,-7.297909474841512,11
5736,40,33,54,20,-7.298767912387552,13
5737,51,40,64,24,-7.308174860870214,16
5738,93,20,16,11,-7.319623013756244,9
5739,5,42,70,25,-7.323141246130922,17
5740,63,23,57,13,-7.330641846184262,10
5741,2,16,75,9,-7.332326563651874,7
5742,104,41,40,26,-7.342291894534161,15
5743,114,18,23,12,-7.344942637597017,6
5744,79,24,48,15,-7.345817828277464,9
5745,87,74,13,47,-7.34858695250556,27
5746,9,19,17,11,-7.358179157868899,8
5747,8,25,73,15,-7.3587900254771785,10
5748,51,42,78,23,-7.360748718726536,19
5749,43,49,13,27,-7.362163091098319,22
5750,114,10,77,6,-7.365477220397804,4
5751,33,16,25,11,-7.36592627296452,5
5752,55,72,16,46,-7.367072119933609,26
5753,80,14,31,10,-7.367135464628977,4
5754,71,10,73,6,-7.373234065194552,4
5755,81,19,71,12,-7.374213709282582,7
5756,30,21,34,13,-7.377448858621609,8
5757,51,17,79,9,-7.384604941031533,8
5758,71,29,50,17,-7.386130219514863,12
5759,5,10,1,6,-7.391988711274882,4
5760,65,52,27,33,-7.3971504741145875,19
5761,107,35,58,22,-7.402010340100229,13
5762,84,17,43,10,-7.402871468291519,7
5763,20,30,70,19,-7.408681007686701,11
5764,41,34,36,18,-7.412500474371831,16
5765,103,13,88,8,-7.429730837512917,5
5766,71,12,11,7,-7.444969376445684,5
5767,75,30,46,18,-7.449361290092636,12
5768,110,21,37,12,-7.457046552670356,9
5769,70,12,100,7,-7.4587771296449565,5
5770,53,12,45,7,-7.463487107897495,5
5771,39,18,110,12,-7.464111416570426,6
5772,8,31,34,19,-7.466974677979833,12
5773,57,13,38,7,-7.4728731492750295,6
5774,31,37,64,23,-7.4738922265185375,14
5775,63,15,108,9,-7.475559971035059,6
5776,36,14,70,8,-7.476080415111231,6
5777,63,30,100,17,-7.489915693362457,13
5778,109,21,7,13,-7.49374057253885,8
5779,48,16,60,10,-7.499058118959834,6
5780,107,32,12,21,-7.504249063584787,11
5781,69,18,104,12,-7.510735223332436,6
5782,47,11,85,8,-7.514718359567324,3
5783,87,52,7,33,-7.517208318589071,19
5784,107,31,19,20,-7.517813856003018,11
5785,100,34,104,21,-7.519540201693835,13
5786,55,11,6,8,-7.526848268362213,3
5787,7,16,33,9,-7.532188482638043,7
5788,77,15,17,9,-7.533332094576503,6
5789,46,10,85,7,-7.538229298143678,3
5790,55,13,49,8,-7.5458342197342585,5
5791,8,19,62,13,-7.55716481128499,6
5792,30,12,103,7,-7.5621151498481245,5
5793,40,38,87,22,-7.562449238427529,16
5794,45,19,60,11,-7.562934672858015,8
5795,49,23,75,14,-7.565086245339051,9
5796,51,24,97,16,-7.567852948549441,8
5797,68,66,40,42,-7.570321994315703,24
5798,5,14,34,10,-7.5706698448560905,4
5799,64,13,62,7,-7.574220068338503,6
5800,77,12,46,7,-7.574271980014295,5
5801,114,31,28,18,-7.584853881328922,13
5802,36,10,72,6,-7.585561627806541,4
5803,12,15,103,8,-7.587889804019927,7
5804,88,18,58,11,-7.5880987725104365,7
5805,36,20,18,12,-7.59490287850123,8
5806,88,79,54,49,-7.595941854238027,30
5807,58,18,54,10,-7.606404400860017,8
5808,69,32,60,18,-7.613845124007753,14
5809,72,22,54,14,-7.618738189484295,8
5810,27,14,71,9,-7.62097447229337,5
5811,19,22,28,14,-7.627099764741289,8
5812,61,11,69,8,-7.633216471104327,3
5813,5,29,97,19,-7.639418302115126,10
5814,60,11,70,7,-7.646435749026202,4
5815,31,13,33,7,-7.647223417443056,6
5816,66,11,104,8,-7.6588091193640615,3
5817,35,27,107,18,-7.659745377736293,9
5818,51,98,39,60,-7.662136121339284,38
5819,69,44,16,28,-7.665479946548732,16
5820,96,24,37,14,-7.66584492569651,10
5821,62,22,28,13,-7.667182073614821,9
5822,38,29,37,18,-7.668156637885105,11
5823,84,15,103,8,-7.669643891974183,7
5824,104,10,72,6,-7.673968450836452,4
5825,55,35,50,20,-7.677574556383835,15
5826,11,32,5,20,-7.6874421575338765,12
5827,7,25,111,15,-7.6903234257719815,10
5828,1,28,86,17,-7.696680317913658,11
5829,77,32,27,20,-7.696996903761325,12
5830,68,61,75,39,-7.698232004910782,22
5831,15,13,12,8,-7.70170289998976,5
5832,101,14,16,9,-7.729447625525013,5
5833,72,12,76,8,-7.731997605583364,4
5834,1,15,15,10,-7.733065759700131,5
5835,84,11,44,6,-7.741464370739851,5
5836,54,13,73,8,-7.746921178252214,5
5837,64,32,16,21,-7.754231430905149,11
5838,25,49,37,29,-7.755599308877523,20
5839,73,11,53,7,-7.756297558195456,4
5840,18,22,50,13,-7.75840176806416,9
5841,114,14,92,10,-7.774797164908212,4
5842,111,10,47,6,-7.786638633209642,4
5843,48,15,50,10,-7.798532000224026,5
5844,110,12,114,8,-7.80031681097971,4
5845,46,46,25,27,-7.8204011950255445,19
5846,109,29,11,19,-7.8240936326607935,10
5847,106,63,13,39,-7.824636159857551,24
5848,107,33,2,21,-7.828664599470125,12
5849,1,20,114,13,-7.837742070296789,7
5850,91,26,106,17,-7.859341034872017,9
5851,35,12,44,7,-7.859665557157517,5
5852,98,15,108,9,-7.863072789163925,6
5853,53,26,27,17,-7.864216242382975,9
5854,90,25,114,15,-7.8701656835045455,10
5855,29,16,17,9,-7.899676305324425,7
5856,90,14,53,9,-7.901032299292589,5
5857,31,11,78,6,-7.904414780494012,5
5858,38,13,71,9,-7.906029048659733,4
5859,82,10,88,6,-7.9125780836424955,4
5860,61,14,6,9,-7.915350050859162,5
5861,18,22,54,13,-7.917650548154778,9
5862,2,12,30,7,-7.930773013016298,5
5863,107,24,33,14,-7.934508031898854,10
5864,49,25,98,16,-7.940831114729231,9
5865,87,17,73,12,-7.94220715025842,5
5866,87,57,68,35,-7.947555071801946,22
5867,94,37,43,22,-7.950393521522254,15
5868,87,37,43,23,-7.957322124342677,14
5869,63,17,111,10,-7.959677987637775,7
5870,3,24,19,15,-7.961165898921332,9
5871,39,21,23,13,-7.9630880242589255,8
5872,5,25,65,15,-7.967561696591303,10
5873,76,26,112,15,-7.97915167815144,11
5874,13,35,12,25,-7.9813877332196075,10
5875,84,28,5,17,-7.986435375626319,11
5876,70,16,13,10,-7.990308468406848,6
5877,6,22,44,15,-7.994067314889739,7
5878,96,19,102,12,-7.995631160966494,7
5879,29,15,46,7,-7.9982854128923,8
5880,88,42,39,26,-8.004378009209995,16
5881,81,18,41,12,-8.009042710590084,6
5882,98,31,91,19,-8.010154956050265,12
5883,114,16,76,11,-8.01045549406789,5
5884,9,11,35,6,-8.012816785902407,5
5885,68,66,39,40,-8.014314442819959,26
5886,52,12,63,7,-8.015196003418383,5
5887,50,41,75,27,-8.02466935745211,14
5888,76,48,86,29,-8.032198642488032,19
5889,46,45,16,29,-8.034750190065965,16
5890,39,34,84,20,-8.036646698196417,14
5891,84,36,20,25,-8.04861670328596,11
5892,15,10,35,5,-8.056529361763387,5
5893,91,15,51,10,-8.060157448942936,5
5894,46,13,53,8,-8.064750592390654,5
5895,68,38,76,27,-8.067259765332077,11
5896,70,18,50,10,-8.072010588554933,8
5897,97,16,110,10,-8.077466293642948,6
5898,74,12,89,7,-8.079770785030162,5
5899,5,61,8,37,-8.080732178020163,24
5900,4,17,43,10,-8.083539648296872,7
5901,16,63,30,40,-8.09332395697024,23
5902,78,45,27,30,-8.094234380040165,15
5903,46,42,37,28,-8.095895819595153,14
5904,49,11,95,8,-8.095998639719069,3
5905,69,16,47,10,-8.099464940788463,6
5906,19,17,38,12,-8.100688864380347,5
5907,85,10,3,5,-8.102330604310954,5
5908,48,15,74,8,-8.108554922899495,7
5909,74,16,34,11,-8.118744758398412,5
5910,111,11,81,8,-8.120062859865854,3
5911,110,11,20,7,-8.125291114928718,4
5912,107,14,56,8,-8.142413744294045,6
5913,63,74,16,46,-8.144368650075489,28
5914,112,10,4,6,-8.145974306589782,4
5915,19,44,87,28,-8.155268705412917,16
5916,112,16,18,11,-8.155957753880717,5
5917,20,17,33,11,-8.157924685534638,6
5918,9,20,76,13,-8.161384986883025,7
5919,81,15,47,10,-8.165398445346261,5
5920,48,15,27,10,-8.192251309057175,5
5921,39,25,74,15,-8.19553508787693,10
5922,69,26,58,15,-8.200000948757868,11
5923,93,24,87,15,-8.201353690040278,9
5924,88,120,16,77,-8.205593548894893,43
5925,40,14,112,8,-8.221202026655053,6
5926,71,10,99,6,-8.22496630028886,4
5927,106,21,69,13,-8.230262561693124,8
5928,19,20,76,13,-8.260815958486342,7
5929,14,12,37,7,-8.266467835075433,5
5930,91,18,41,12,-8.276671952774393,6
5931,15,12,108,8,-8.27883514329291,4
5932,106,31,90,21,-8.28384546124837,10
5933,86,46,41,30,-8.290720857944356,16
5934,41,21,8,14,-8.297019486473621,7
5935,51,46,76,30,-8.297669708270059,16
5936,56,17,86,11,-8.300855291965847,6
5937,103,18,13,12,-8.30635853652084,6
5938,109,23,74,15,-8.306575916019822,8
5939,81,15,104,8,-8.308547186806486,7
5940,94,30,13,19,-8.309149852706645,11
5941,48,13,90,8,-8.30973168111364,5
5942,9,15,25,10,-8.323455878342047,5
5943,89,12,48,9,-8.328549669565296,3
5944,103,22,11,15,-8.331865125951081,7
5945,84,29,8,19,-8.33757645831541,10
5946,96,25,48,16,-8.343995751105185,9
5947,31,32,41,20,-8.353957395244585,12
5948,103,11,112,7,-8.356502631162586,4
5949,5,22,7,14,-8.357081514884824,8
5950,20,40,39,23,-8.370524933042585,17
5951,25,45,7,29,-8.372806618348289,16
5952,68,25,62,15,-8.382615098007268,10
5953,104,10,67,6,-8.393331116483225,4
5954,62,10,43,6,-8.394379014204606,4
5955,69,23,63,15,-8.400460167479068,8
5956,67,14,109,7,-8.41022889195963,7
5957,102,21,50,12,-8.41869338516401,9
5958,27,74,16,47,-8.419832628912095,27
5959,102,12,41,8,-8.421036787338009,4
5960,3,12,108,8,-8.422087883882751,4
5961,90,19,73,12,-8.424101991862472,7
5962,114,20,55,13,-8.432483182241098,7
5963,70,24,96,13,-8.437417991026262,11
5964,96,14,95,9,-8.450373982592183,5
5965,88,28,100,18,-8.45175918615632,10
5966,3,24,114,16,-8.461132150785257,8
5967,85,14,55,9,-8.476039600481302,5
5968,77,14,74,9,-8.485489523270209,5
5969,12,17,28,11,-8.494896988707827,6
5970,40,28,64,18,-8.49607162432113,10
5971,109,51,54,33,-8.49857817346806,18
5972,45,10,91,6,-8.504304930616431,4
5973,61,20,53,14,-8.524850655507478,6
5974,63,11,110,7,-8.534985747455591,4
5975,35,12,94,7,-8.545638882275087,5
5976,63,11,93,7,-8.547776338932225,4
5977,67,15,16,10,-8.550473387804695,5
5978,2,11,94,7,-8.550586885180518,4
5979,57,29,8,19,-8.551560233934218,10
5980,15,21,43,13,-8.551961630209385,8
5981,36,11,78,7,-8.552435160203329,4
5982,66,15,65,10,-8.555650294431567,5
5983,80,12,41,8,-8.558761558111074,4
5984,104,11,48,7,-8.568096491349037,4
5985,93,10,49,6,-8.572163796775683,4
5986,55,23,95,15,-8.57500650986488,8
5987,77,18,53,11,-8.576780251337032,7
5988,68,13,108,8,-8.580585833252005,5
5989,93,44,65,26,-8.591281807406075,18
5990,77,16,78,10,-8.598968337289156,6
5991,103,20,107,13,-8.60534492539007,7
5992,88,29,30,17,-8.60623014790001,12
5993,14,22,16,14,-8.60697123103142,8
5994,35,10,39,6,-8.620295444874086,4
5995,88,23,108,15,-8.625035995257676,8
5996,65,24,1,14,-8.633116949744032,10
5997,97,19,41,12,-8.638943706099203,7
5998,35,17,27,11,-8.645931055549601,6
5999,58,12,70,8,-8.662523092509444,4
6000,54,11,53,7,-8.670288326383613,4
6001,98,10,85,7,-8.673802483900154,3
6002,31,12,19,8,-8.67684008479621,4
6003,31,31,9,20,-8.678153869820548,11
6004,3,46,16,30,-8.68148645178151,16
6005,29,21,112,13,-8.702796116095774,8
6006,104,10,29,6,-8.703420471548785,4
6007,20,35,63,21,-8.70524806527441,14
6008,68,28,28,19,-8.707268087933775,9
6009,86,15,45,9,-8.710518828201982,6
6010,45,10,58,6,-8.721721801464438,4
6011,87,59,27,37,-8.722585860088166,22
6012,17,22,4,15,-8.72773506800961,7
6013,55,19,27,13,-8.728752998522666,6
6014,106,14,38,7,-8.74501943352997,7
6015,64,17,70,12,-8.763483643924097,5
6016,8,26,78,17,-8.770169351910752,9
6017,1,27,16,19,-8.77734005429633,8
6018,18,23,106,15,-8.778191080978738,8
6019,99,14,77,10,-8.784719144285262,4
6020,107,11,26,7,-8.789963547813729,4
6021,51,19,34,12,-8.790432491258223,7
6022,28,17,41,11,-8.792780130820775,6
6023,39,91,16,57,-8.793845200182648,34
6024,42,10,106,7,-8.802546839644418,3
6025,47,18,36,12,-8.810892372607713,6
6026,77,22,63,15,-8.81999753264251,7
6027,36,19,63,12,-8.822881427312195,7
6028,50,17,85,11,-8.828432540960764,6
6029,12,10,20,6,-8.842914423325945,4
6030,87,15,32,10,-8.84415502943487,5
6031,8,43,109,26,-8.84679698776036,17
6032,30,24,50,15,-8.864762243264124,9
6033,53,11,49,7,-8.876928289416243,4
6034,13,23,90,15,-8.883764352926041,8
6035,109,18,75,12,-8.883837567249163,6
6036,97,12,69,8,-8.888377862411463,4
6037,27,15,28,11,-8.901023893485439,4
6038,87,32,48,21,-8.911539377843575,11
6039,60,22,17,14,-8.913811593594376,8
6040,25,19,110,13,-8.917701672558223,6
6041,88,10,26,6,-8.91952728239028,4
6042,49,17,72,11,-8.921503010914295,6
6043,91,10,11,7,-8.923724837318142,3
6044,84,22,13,15,-8.926224969766146,7
6045,12,27,94,16,-8.928894535544233,11
6046,31,12,73,8,-8.93891957013575,4
6047,74,26,51,18,-8.938947542412075,8
6048,109,20,53,13,-8.945178102898181,7
6049,103,13,15,8,-8.952177791074101,5
6050,98,10,57,6,-8.957212394612133,4
6051,18,30,68,19,-8.962998195734913,11
6052,32,11,28,7,-8.963821007682874,4
6053,107,37,48,23,-8.96682479028009,14
6054,114,20,47,12,-8.969382880850324,8
6055,36,18,97,11,-8.970668153566264,7
6056,112,20,88,13,-8.974262508725221,7
6057,52,15,28,9,-8.975367013246691,6
6058,49,13,48,9,-8.982680999654853,4
6059,81,10,48,7,-8.989696104511108,3
6060,80,15,78,10,-8.990142670025005,5
6061,60,12,72,8,-8.99404292735546,4
6062,72,10,38,6,-8.999506480702255,4
6063,15,13,62,8,-9.005083883016919,5
6064,36,15,5,9,-9.008614310253614,6
6065,33,16,63,10,-9.020049921268521,6
6066,13,29,108,19,-9.020970097727641,10
6067,87,25,34,16,-9.036940755520632,9
6068,45,16,35,9,-9.0400315918615,7
6069,86,29,44,19,-9.073857704921481,10
6070,107,39,80,26,-9.074881524481423,13
6071,8,34,95,21,-9.07920947405897,13
6072,75,12,94,8,-9.080901166069642,4
6073,72,20,85,14,-9.102410285550633,6
6074,6,10,15,7,-9.111932883212011,3
6075,31,15,109,10,-9.113887572404183,5
6076,17,11,92,7,-9.114563540800457,4
6077,88,46,63,31,-9.116259013053911,15
6078,39,49,30,30,-9.117859548344383,19
6079,106,25,39,15,-9.155969378752744,10
6080,5,43,50,26,-9.156049369840705,17
6081,63,21,62,13,-9.161474645821366,8
6082,72,14,63,10,-9.168022793278983,4
6083,40,15,92,10,-9.168940871834318,5
6084,91,13,15,7,-9.175439096539634,6
6085,38,14,53,9,-9.17946873124013,5
6086,91,14,23,8,-9.188824217195519,6
6087,63,16,81,10,-9.193429569946268,6
6088,76,36,63,24,-9.197425932191027,12
6089,40,17,73,11,-9.199997222971483,6
6090,90,11,93,7,-9.204947446014161,4
6091,100,16,72,11,-9.209806711652048,5
6092,108,16,48,11,-9.209950001192905,5
6093,6,19,13,12,-9.21551599242718,7
6094,69,16,70,11,-9.227346228401576,5
6095,79,19,30,13,-9.232107450931762,6
6096,4,14,12,10,-9.233113169427765,4
6097,20,23,91,14,-9.233435902067152,9
6098,62,12,18,8,-9.23480098215858,4
6099,68,21,29,14,-9.235353168378582,7
6100,53,15,78,9,-9.245467105519943,6
6101,11,18,72,11,-9.258480891215436,7
6102,9,37,87,22,-9.264164509114686,15
6103,50,15,78,10,-9.279334063465152,5
6104,29,14,70,8,-9.28377551108064,6
6105,112,16,49,10,-9.28817796315771,6
6106,18,17,100,10,-9.29762264727719,7
6107,38,10,45,7,-9.31109379184883,3
6108,9,15,43,9,-9.316210412036984,6
6109,84,10,77,7,-9.326879307665175,3
6110,51,15,111,10,-9.328246716797015,5
6111,69,19,15,13,-9.331469848761959,6
6112,2,29,28,19,-9.34282167881126,10
6113,87,20,1,12,-9.344990956449259,8
6114,1,10,34,8,-9.352578171994338,2
6115,23,19,55,11,-9.354242967773875,8
6116,34,13,94,8,-9.35579132587053,5
6117,60,44,27,30,-9.369171306762192,14
6118,84,21,104,13,-9.37162724208143,8
6119,4,16,27,10,-9.378715415982104,6
6120,36,11,109,8,-9.390936468630553,3
6121,38,16,27,11,-9.401601002215298,5
6122,8,29,68,18,-9.421319919633554,11
6123,2,15,13,9,-9.422510080465482,6
6124,63,11,32,7,-9.44232166344675,4
6125,64,23,55,16,-9.447908212717046,7
6126,89,19,41,13,-9.453124323035377,6
6127,96,47,16,33,-9.462953828826512,14
6128,57,16,23,10,-9.474501256774834,6
6129,77,15,72,9,-9.475978955314686,6
6130,29,23,100,14,-9.476231853469251,9
6131,84,11,18,7,-9.493458888054228,4
6132,68,21,72,14,-9.500041589935536,7
6133,7,29,37,18,-9.500511382222342,11
6134,99,22,37,15,-9.502759058160713,7
6135,2,13,114,8,-9.50915856241785,5
6136,80,14,90,10,-9.509239360264804,4
6137,36,17,8,11,-9.51236026695053,6
6138,9,27,18,18,-9.520249042639605,9
6139,25,32,20,21,-9.520523686179052,11
6140,31,22,1,13,-9.525804060927038,9
6141,51,15,48,8,-9.527077025607763,7
6142,75,11,20,7,-9.527707505687719,4
6143,108,13,106,9,-9.535201707134298,4
6144,34,13,18,9,-9.550016463821068,4
6145,13,23,26,16,-9.562123129591576,7
6146,31,28,27,16,-9.569633624787404,12
6147,57,17,79,10,-9.580454772616793,7
6148,7,20,73,12,-9.582485903794177,8
6149,112,27,64,19,-9.59501283307151,8
6150,19,19,72,13,-9.595014549233712,6
6151,53,13,8,9,-9.596286006275326,4
6152,103,13,78,10,-9.604884456182543,3
6153,3,18,20,12,-9.609062881874221,6
6154,84,18,83,11,-9.60947373437216,7
6155,8,14,99,8,-9.611065592860308,6
6156,19,12,40,8,-9.612489725967157,4
6157,109,17,70,11,-9.623350653501726,6
6158,53,23,41,15,-9.631953807885303,8
6159,87,32,78,20,-9.643488881961288,12
6160,114,10,22,5,-9.649313306364819,5
6161,75,11,85,8,-9.651599660168168,3
6162,13,10,101,7,-9.652646543094523,3
6163,71,12,100,8,-9.66068752031631,4
6164,60,47,64,32,-9.661747726131638,15
6165,69,27,78,17,-9.666260825143704,10
6166,43,14,34,9,-9.684922716471261,5
6167,11,29,15,19,-9.695079543326688,10
6168,3,14,34,9,-9.696430454420666,5
6169,114,34,8,23,-9.699231858321152,11
6170,11,18,75,11,-9.710887852205726,7
6171,8,15,52,10,-9.715026692600487,5
6172,31,19,43,9,-9.720852773553686,10
6173,15,28,8,17,-9.73108803601826,11
6174,18,49,16,33,-9.751591518104966,16
6175,49,20,41,13,-9.757184372315313,7
6176,53,14,15,9,-9.759389882181187,5
6177,43,29,100,18,-9.777155136981534,11
6178,83,24,37,15,-9.783726366978415,9
6179,93,10,62,6,-9.798162399200404,4
6180,62,16,114,10,-9.799890996069498,6
6181,17,24,40,16,-9.815776001763277,8
6182,57,13,54,10,-9.824315369895016,3
6183,19,36,27,25,-9.826300945059005,11
6184,19,12,18,8,-9.830216565539352,4
6185,9,17,11,11,-9.83179351941753,6
6186,47,17,9,11,-9.833363334347146,6
6187,57,12,85,8,-9.833564112026494,4
6188,98,10,53,6,-9.839111782848335,4
6189,13,21,44,14,-9.844973608163802,7
6190,33,26,51,19,-9.853114112635922,7
6191,27,12,22,8,-9.866452926590911,4
6192,1,17,75,12,-9.87310906944801,5
6193,71,15,17,9,-9.874078720771612,6
6194,67,16,86,10,-9.874432105586441,6
6195,54,17,2,12,-9.883928701627932,5
6196,29,14,20,9,-9.888770035938014,5
6197,16,20,110,13,-9.89345041941321,7
6198,83,14,11,10,-9.896151919094907,4
6199,54,47,37,31,-9.89694629679085,16
6200,103,14,34,10,-9.903533383790402,4
6201,68,21,103,13,-9.904114100948439,8
6202,75,35,28,23,-9.910859132469225,12
6203,60,34,54,23,-9.913747967452048,11
6204,70,18,30,11,-9.913973705469935,7
6205,57,11,1,7,-9.916035104284742,4
6206,84,50,63,31,-9.919938234846498,19
6207,2,10,95,7,-9.9203126299905,3
6208,29,15,75,9,-9.923300198268764,6
6209,103,25,27,16,-9.957896040787112,9
6210,90,14,46,9,-9.960134782518512,5
6211,78,27,39,18,-9.97321227502198,9
6212,88,18,73,12,-9.974203425238962,6
6213,12,21,53,13,-9.979940044053077,8
6214,109,14,93,9,-9.987067099161266,5
6215,65,25,95,16,-9.987438820754939,9
6216,94,23,39,15,-10.01054531511742,8
6217,84,27,30,19,-10.023299208241367,8
6218,107,13,110,9,-10.034721322746934,4
6219,46,14,78,8,-10.036009292919493,6
6220,38,10,44,7,-10.048373138060267,3
6221,49,29,100,18,-10.051900882091745,11
6222,83,23,13,15,-10.067954696106943,8
6223,49,16,40,10,-10.077718304922938,6
6224,106,12,79,8,-10.079963228120917,4
6225,17,17,23,11,-10.090670558592322,6
6226,76,32,23,20,-10.095144638641566,12
6227,49,17,34,11,-10.104013168152713,6
6228,3,15,17,9,-10.104489232217418,6
6229,70,30,87,18,-10.114463896406376,12
6230,36,36,53,25,-10.11473282468799,11
6231,114,12,78,7,-10.123963867745248,5
6232,109,10,92,7,-10.132066653367776,3
6233,31,37,53,23,-10.136338371296794,14
6234,109,15,94,9,-10.140509349254694,6
6235,23,11,96,7,-10.143008283174424,4
6236,68,16,92,11,-10.14730683848729,5
6237,81,32,51,20,-10.158277615855122,12
6238,9,12,6,7,-10.175309866966634,5
6239,69,33,49,20,-10.176101724896622,13
6240,37,41,97,27,-10.190687502541847,14
6241,33,13,71,9,-10.195530501937561,4
6242,2,15,98,9,-10.198603389321665,6
6243,39,24,91,16,-10.206322081312436,8
6244,28,14,10,10,-10.2079261309438,4
6245,3,49,13,33,-10.208519285955507,16
6246,31,17,30,10,-10.214096274935343,7
6247,91,35,63,24,-10.225389928816243,11
6248,23,21,49,14,-10.242959754676487,7
6249,13,26,58,19,-10.248744028164234,7
6250,51,32,15,20,-10.251861436747863,12
6251,106,16,67,10,-10.252161434234205,6
6252,39,43,18,29,-10.257246202371956,14
6253,27,25,54,16,-10.279319285139353,9
6254,112,24,60,16,-10.282975838759182,8
6255,107,23,45,15,-10.289536165233189,8
6256,31,29,107,16,-10.30345756995746,13
6257,88,43,53,29,-10.308417089519109,14
6258,10,14,11,9,-10.326527517070998,5
6259,46,18,30,12,-10.329090932236761,6
6260,1,13,37,8,-10.34216426905315,5
6261,102,16,40,10,-10.346146758066936,6
6262,27,15,17,9,-10.354549099588288,6
6263,7,10,94,7,-10.355621654064775,3
6264,88,39,50,25,-10.364860984100913,14
6265,12,12,9,8,-10.366855545040101,4
6266,55,16,15,12,-10.37053728825799,4
6267,109,35,107,24,-10.372656913851973,11
6268,93,16,106,10,-10.37915501513517,6
6269,92,14,16,11,-10.38158487536854,3
6270,35,26,76,17,-10.390096019432454,9
6271,103,14,72,9,-10.391960458595065,5
6272,69,11,34,9,-10.394864357684755,2
6273,12,10,72,7,-10.399951670168408,3
6274,114,19,95,12,-10.422604339796184,7
6275,39,16,44,10,-10.434810009571377,6
6276,94,10,77,7,-10.443428313097055,3
6277,33,11,30,8,-10.449500632702227,3
6278,19,15,34,10,-10.459453674711433,5
6279,31,10,6,6,-10.459894630543896,4
6280,81,28,87,17,-10.47406428671053,11
6281,49,14,94,10,-10.474432971630804,4
6282,48,37,63,25,-10.480037623792747,12
6283,48,10,62,6,-10.487894133335649,4
6284,9,27,64,19,-10.495957554452968,8
6285,48,12,29,8,-10.5062410495631,4
6286,102,16,63,10,-10.517349087153978,6
6287,37,14,89,8,-10.519274673853,6
6288,36,27,27,17,-10.523349599331356,10
6289,97,19,71,13,-10.523533962196899,6
6290,60,28,100,19,-10.527238331999772,9
6291,17,16,41,11,-10.533333329606139,5
6292,108,13,76,9,-10.539317855686345,4
6293,20,39,50,26,-10.540260354284218,13
6294,3,26,28,17,-10.54496551322771,9
6295,40,17,28,10,-10.551622113062638,7
6296,54,19,71,12,-10.56377327137223,7
6297,9,15,95,9,-10.569002592922953,6
6298,75,26,104,17,-10.574353916694225,9
6299,91,31,7,22,-10.60910028610159,9
6300,71,18,98,12,-10.627953776602759,6
6301,35,11,3,7,-10.637414854102069,4
6302,107,43,57,28,-10.64705813562689,15
6303,98,25,5,16,-10.662918685540621,9
6304,9,21,20,14,-10.676297323703047,7
6305,76,13,75,8,-10.684711333832395,5
6306,36,13,43,8,-10.713552025008546,5
6307,111,11,54,8,-10.714143810197228,3
6308,106,64,16,44,-10.722961682071126,20
6309,17,22,53,15,-10.723383781136489,7
6310,108,23,53,14,-10.749834986479383,9
6311,7,11,59,8,-10.771239818059199,3
6312,19,25,7,18,-10.775977198177875,7
6313,91,25,55,18,-10.791612827626562,7
6314,89,12,63,9,-10.816669680392751,3
6315,81,17,106,10,-10.816681182916206,7
6316,94,16,85,11,-10.818759630623866,5
6317,103,27,100,18,-10.833096945621348,9
6318,12,14,114,8,-10.834474307512755,6
6319,65,26,38,16,-10.83463870682702,10
6320,114,31,87,19,-10.855794018644563,12
6321,88,37,15,27,-10.865371439798107,10
6322,88,12,34,8,-10.870595643696577,4
6323,106,15,12,11,-10.875227033812171,4
6324,35,10,102,6,-10.90320798703147,4
6325,5,17,73,11,-10.90738305979487,6
6326,86,37,102,25,-10.919714046293317,12
6327,66,10,78,6,-10.927212098742269,4
6328,88,19,102,14,-10.972125082564368,5
6329,97,25,13,16,-10.985857531237674,9
6330,57,24,70,14,-10.997514680908582,10
6331,110,20,51,14,-11.000148170458745,6
6332,3,26,40,18,-11.007177692487943,8
6333,71,13,15,9,-11.00914391321026,4
6334,92,14,41,9,-11.016394202336143,5
6335,48,33,86,22,-11.021266647435016,11
6336,94,10,20,7,-11.032438837303001,3
6337,32,17,16,11,-11.045561391190384,6
6338,114,12,32,8,-11.045874107216177,4
6339,11,11,99,7,-11.04788337752713,4
6340,29,33,60,21,-11.07047089279055,12
6341,104,15,62,11,-11.098747349135209,4
6342,32,13,74,9,-11.101664191982367,4
6343,65,18,72,12,-11.109219542203151,6
6344,70,15,46,10,-11.123543654837002,5
6345,91,16,43,11,-11.128114127049445,5
6346,114,22,100,15,-11.139458565890175,7
6347,102,22,107,14,-11.147471989575463,8
6348,1,13,78,9,-11.156578268103178,4
6349,51,29,95,21,-11.161050582896516,8
6350,9,27,15,16,-11.164728453136332,11
6351,37,18,64,12,-11.185324034227655,6
6352,1,11,89,7,-11.20901106938993,4
6353,46,12,100,8,-11.210309669403358,4
6354,3,15,25,10,-11.21463496022273,5
6355,106,18,98,12,-11.217270403208776,6
6356,51,13,73,9,-11.219804453521853,4
6357,8,36,75,25,-11.220741251540183,11
6358,96,20,46,12,-11.223825219116964,8
6359,77,16,98,11,-11.231262510023575,5
6360,68,25,25,17,-11.235607083018872,8
6361,81,13,40,9,-11.249205674756395,4
6362,7,52,75,35,-11.2746633859962,17
6363,55,14,2,9,-11.276816159574057,5
6364,27,11,111,8,-11.279710088837586,3
6365,61,10,75,6,-11.283854363299366,4
6366,5,10,80,7,-11.295210617596885,3
6367,96,25,7,18,-11.300422106484014,7
6368,60,13,103,9,-11.305286084301608,4
6369,3,28,100,19,-11.324311894850954,9
6370,87,24,79,17,-11.324483914211322,7
6371,20,12,64,9,-11.331308462604776,3
6372,112,11,108,7,-11.335603356831987,4
6373,77,30,104,20,-11.335858846829382,10
6374,62,21,74,14,-11.355871307801838,7
6375,102,15,75,11,-11.3579023724584,4
6376,43,21,55,16,-11.369329144066642,5
6377,112,22,28,15,-11.372427658976596,7
6378,10,14,107,9,-11.38119632500004,5
6379,38,11,4,8,-11.395009854616482,3
6380,95,10,29,7,-11.401888238693147,3
6381,13,10,42,7,-11.411149524623212,3
6382,18,47,13,31,-11.43817217657445,16
6383,72,16,39,11,-11.45234413375737,5
6384,106,41,114,27,-11.462749893343954,14
6385,108,13,19,9,-11.471753729543034,4
6386,18,15,11,10,-11.496523839067972,5
6387,75,14,98,9,-11.497093707313171,5
6388,48,13,100,8,-11.504975212145023,5
6389,81,15,7,9,-11.525413070422037,6
6390,7,12,110,7,-11.526061320417652,5
6391,76,15,74,9,-11.544600382799558,6
6392,3,15,38,10,-11.55575224939262,5
6393,71,10,111,7,-11.563837134119527,3
6394,104,16,36,10,-11.564722196156035,6
6395,37,38,11,26,-11.566356283581701,12
6396,39,15,90,10,-11.577976501423594,5
6397,13,41,30,27,-11.600993566247702,14
6398,70,23,11,16,-11.609570033059052,7
6399,88,81,13,56,-11.623960396790293,25
6400,38,17,75,13,-11.628826987325242,4
6401,40,12,100,8,-11.638460148115906,4
6402,83,17,107,12,-11.644521740420235,5
6403,103,14,55,10,-11.665396814547549,4
6404,104,11,93,7,-11.670878710804795,4
6405,88,10,21,7,-11.67738292245627,3
6406,87,30,98,21,-11.678081569558655,9
6407,81,10,8,7,-11.678569579324556,3
6408,28,23,34,16,-11.682170467841411,7
6409,96,13,91,9,-11.692854193124042,4
6410,69,22,27,14,-11.719590554311115,8
6411,43,20,54,13,-11.759609270938485,7
6412,62,10,112,7,-11.78047192200998,3
6413,65,12,91,8,-11.784658313781671,4
6414,54,10,44,7,-11.791894285038754,3
6415,40,21,8,15,-11.791921402372775,6
6416,41,11,15,8,-11.80165523386963,3
6417,108,11,8,8,-11.805411430354427,3
6418,91,10,53,7,-11.811611902058761,3
6419,17,10,83,6,-11.812775268760374,4
6420,111,16,28,11,-11.820301223407922,5
6421,64,10,74,6,-11.828764368523549,4
6422,28,47,63,33,-11.828866423716303,14
6423,37,10,78,7,-11.831707242150298,3
6424,86,17,92,11,-11.83357437507567,6
6425,28,34,74,23,-11.834419909257845,11
6426,109,16,57,11,-11.845104860145758,5
6427,41,22,111,14,-11.859477089655313,8
6428,104,18,90,12,-11.89837391797068,6
6429,77,17,71,12,-11.915487518479782,5
6430,65,46,114,30,-11.938229846486397,16
6431,18,27,95,18,-11.951490678023534,9
6432,60,16,37,10,-11.9668638856867,6
6433,55,18,102,12,-11.983866194974432,6
6434,104,12,1,8,-12.020108292717424,4
6435,89,10,7,7,-12.029257289487045,3
6436,3,16,54,10,-12.038684022272456,6
6437,63,18,1,11,-12.054495717242014,7
6438,85,19,39,12,-12.059881057913875,7
6439,71,22,104,14,-12.060518806565574,8
6440,91,18,30,13,-12.061464887561756,5
6441,3,20,53,14,-12.068087567340713,6
6442,28,11,26,8,-12.079045982156575,3
6443,43,18,30,13,-12.086572765372482,5
6444,35,11,8,8,-12.093356369533684,3
6445,72,20,28,14,-12.11934808588004,6
6446,70,12,34,8,-12.123530804367727,4
6447,4,10,15,6,-12.1242208434208,4
6448,63,12,92,7,-12.136993324985582,5
6449,47,13,55,8,-12.137143102946048,5
6450,96,40,11,27,-12.14102850879166,13
6451,70,22,2,14,-12.153236389251056,8
6452,99,21,107,14,-12.174640608684573,7
6453,39,20,108,13,-12.18469562110551,7
6454,84,35,11,24,-12.189911906563859,11
6455,76,18,7,11,-12.196617315781682,7
6456,29,26,13,17,-12.196916226476912,9
6457,106,11,78,8,-12.21024325274275,3
6458,43,19,75,14,-12.224767647713705,5
6459,60,22,74,14,-12.230302476711504,8
6460,78,11,38,8,-12.248719399574965,3
6461,19,16,9,11,-12.252328421645837,5
6462,84,11,71,8,-12.255989147154674,3
6463,39,10,32,7,-12.25900875776762,3
6464,18,15,69,10,-12.281407888329312,5
6465,41,11,34,7,-12.289625247876991,4
6466,96,29,98,20,-12.301665445316491,9
6467,57,14,75,10,-12.306540056833528,4
6468,60,24,47,17,-12.306617941323186,7
6469,104,23,49,16,-12.322985298305156,7
6470,97,12,67,9,-12.35346782744064,3
6471,46,39,104,26,-12.353574327141937,13
6472,12,14,75,9,-12.356839423121746,5
6473,50,17,36,10,-12.423703215189779,7
6474,37,14,18,10,-12.438833593443572,4
6475,3,19,72,12,-12.448460584672606,7
6476,1,38,55,27,-12.470203554889151,11
6477,85,10,41,6,-12.470634664927642,4
6478,81,12,28,8,-12.485800898870087,4
6479,92,15,64,8,-12.492372460791037,7
6480,5,27,75,17,-12.535083552437035,10
6481,60,17,34,12,-12.542344059494537,5
6482,71,18,41,13,-12.557773267008848,5
6483,5,27,57,19,-12.572003913811173,8
6484,102,12,15,9,-12.597866884640942,3
6485,38,13,100,10,-12.638482369277126,3
6486,38,17,11,12,-12.666110828343466,5
6487,5,15,48,11,-12.675358072710548,4
6488,63,40,80,28,-12.682443988429267,12
6489,3,28,30,20,-12.68317574886126,8
6490,57,16,62,12,-12.692635812852643,4
6491,2,12,57,8,-12.707474284723991,4
6492,88,16,111,12,-12.710530076381987,4
6493,48,12,98,9,-12.72400980532305,3
6494,106,24,46,15,-12.725492516069489,9
6495,49,13,80,8,-12.731038457974943,5
6496,106,14,33,10,-12.736963404825662,4
6497,36,10,95,7,-12.746346244298937,3
6498,1,15,100,10,-12.750379039232412,5
6499,81,12,54,8,-12.757047966098474,4
6500,57,18,100,12,-12.77050740482076,6
6501,65,45,100,32,-12.776183066759627,13
6502,109,17,15,13,-12.777657608342023,4
6503,51,21,80,14,-12.779249811641693,7
6504,77,23,100,16,-12.818782405925534,7
6505,68,27,100,18,-12.868120973335865,9
6506,65,21,2,16,-12.8900275785182,5
6507,109,19,17,13,-12.911257852793488,6
6508,109,28,114,21,-12.931348427909455,7
6509,94,13,9,8,-12.936870793436032,5
6510,7,11,12,7,-12.936955037930261,4
6511,60,29,91,19,-12.952631394075716,10
6512,57,20,65,14,-12.95380874012865,6
6513,57,16,76,12,-13.008582298243319,4
6514,98,14,109,10,-13.064417846211374,4
6515,3,13,47,9,-13.091382859027684,4
6516,87,11,21,8,-13.114631052870209,3
6517,104,14,78,10,-13.11487230524264,4
6518,70,10,83,6,-13.118339150755117,4
6519,77,18,43,12,-13.132749418487641,6
6520,3,30,63,23,-13.136472607002512,7
6521,88,13,98,10,-13.137787822509532,3
6522,37,28,95,21,-13.149042342745602,7
6523,102,15,30,10,-13.159479789794938,5
6524,112,17,47,11,-13.19505835586536,6
6525,37,12,15,9,-13.204885577431204,3
6526,54,18,36,12,-13.217744798273172,6
6527,19,15,63,11,-13.225212176861843,4
6528,54,37,75,25,-13.241406019841683,12
6529,11,23,95,17,-13.263288005084238,6
6530,11,14,49,10,-13.268258750277395,4
6531,5,31,102,21,-13.269431869962297,10
6532,99,12,7,8,-13.274517260788413,4
6533,12,24,41,17,-13.283564157269998,7
6534,106,19,64,13,-13.295192075566398,6
6535,39,19,109,14,-13.298420717992123,5
6536,46,17,50,11,-13.310329365776978,6
6537,18,16,47,12,-13.317575135316673,4
6538,46,12,18,9,-13.322032493347338,3
6539,27,32,104,23,-13.327610656888114,9
6540,32,11,55,7,-13.36363963009391,4
6541,35,12,104,8,-13.369677424437175,4
6542,79,10,15,7,-13.418428089893245,3
6543,112,11,91,8,-13.423237527272477,3
6544,53,15,75,10,-13.423496737137004,5
6545,68,16,61,11,-13.424919545398375,5
6546,32,12,25,7,-13.427877456338663,5
6547,45,15,23,11,-13.436468047997268,4
6548,53,19,43,14,-13.438033142991657,5
6549,35,15,36,11,-13.440272285829963,4
6550,54,28,48,19,-13.475788580607775,9
6551,108,12,84,9,-13.488009207908556,3
6552,63,32,30,22,-13.49817196218878,10
6553,78,18,17,12,-13.544860133238458,6
6554,85,14,30,10,-13.557949147044926,4
6555,91,12,76,9,-13.56346091448288,3
6556,74,10,15,7,-13.56932630742914,3
6557,11,31,104,22,-13.57220534859567,9
6558,12,10,55,7,-13.61833694996344,3
6559,100,10,47,7,-13.638954219983797,3
6560,94,12,17,8,-13.646957443918598,4
6561,18,11,49,8,-13.655065375637419,3
6562,49,13,47,10,-13.686396277061279,3
6563,44,14,104,10,-13.703910249073422,4
6564,31,25,63,18,-13.714594813504094,7
6565,109,33,27,22,-13.734424883648735,11
6566,27,10,97,6,-13.735152835550487,4
6567,88,37,95,26,-13.752013257016609,11
6568,20,16,34,12,-13.76310700617088,4
6569,58,26,65,18,-13.766462789610351,8
6570,29,24,88,17,-13.771105742368638,7
6571,112,11,97,9,-13.794615799527321,2
6572,31,74,13,51,-13.800549608099518,23
6573,31,17,98,11,-13.805084918983175,6
6574,112,14,38,11,-13.819485047030144,3
6575,50,18,77,14,-13.854547351284703,4
6576,104,14,34,10,-13.864298464092721,4
6577,50,19,53,13,-13.883151416746287,6
6578,103,12,28,9,-13.899213943166684,3
6579,112,10,25,7,-13.919292260310078,3
6580,112,11,37,8,-13.937736127059297,3
6581,20,14,60,10,-13.93992645286088,4
6582,69,19,75,14,-13.94230448490658,5
6583,109,11,91,8,-13.94618860472034,3
6584,71,24,40,17,-13.948125771645659,7
6585,66,12,7,8,-13.964890722542167,4
6586,75,12,111,8,-13.972281809419961,4
6587,94,41,16,30,-13.991172089526607,11
6588,91,11,69,7,-13.993001551531528,4
6589,77,21,8,15,-13.998411080894305,6
6590,78,18,76,14,-14.02321766388941,4
6591,39,11,45,7,-14.033377854173942,4
6592,77,29,40,21,-14.048771071022598,8
6593,11,31,100,22,-14.055907469211105,9
6594,38,22,104,15,-14.071473191155556,7
6595,89,15,27,11,-14.110669349696353,4
6596,9,30,41,21,-14.113579732248974,9
6597,103,12,109,8,-14.151946322942884,4
6598,51,21,72,14,-14.164365317765572,7
6599,75,10,72,7,-14.207053385683185,3
6600,7,17,61,11,-14.217702740281519,6
6601,2,14,100,9,-14.262388309586743,5
6602,37,12,34,9,-14.300571264435137,3
6603,102,11,46,8,-14.307494713152051,3
6604,57,12,31,8,-14.310689026630849,4
6605,86,25,26,19,-14.32203675657022,6
6606,77,27,7,19,-14.33556677589385,8
6607,51,21,94,15,-14.336819471004446,6
6608,83,10,40,8,-14.347262135245904,2
6609,81,15,100,10,-14.382694095158195,5
6610,90,16,20,11,-14.40477443227545,5
6611,109,20,30,15,-14.4084706816817,5
6612,70,26,108,19,-14.427393649276276,7
6613,14,11,80,7,-14.435345395194508,4
6614,35,13,97,10,-14.4445517315995,3
6615,5,12,44,9,-14.447481002517355,3
6616,35,13,63,9,-14.450412261730216,4
6617,2,10,73,7,-14.457830254043136,3
6618,76,10,80,7,-14.461464881129865,3
6619,25,12,34,9,-14.468789684868275,3
6620,62,11,12,8,-14.509530975721363,3
6621,37,12,73,8,-14.533349572792924,4
6622,9,11,108,7,-14.533752266696007,4
6623,6,10,19,7,-14.554142944413206,3
6624,50,19,80,15,-14.554439051919099,4
6625,99,12,50,8,-14.581629542155014,4
6626,102,10,48,8,-14.635039204661876,2
6627,83,19,114,14,-14.71253096490687,5
6628,29,10,74,7,-14.72390247298373,3
6629,31,10,100,7,-14.730848989291465,3
6630,102,11,90,6,-14.739148726840858,5
6631,106,14,32,11,-14.741977351969277,3
6632,47,12,78,8,-14.759178311128258,4
6633,109,14,72,11,-14.772801167610014,3
6634,76,13,15,9,-14.81353391108204,4
6635,38,13,87,9,-14.859584047072818,4
6636,28,12,110,8,-14.8602682733133,4
6637,22,12,13,9,-14.994671319317485,3
6638,75,10,45,8,-15.003649946946844,2
6639,99,18,25,13,-15.014737107768294,5
6640,93,10,38,6,-15.046407356806796,4
6641,79,16,104,11,-15.05495488242158,5
6642,51,19,45,14,-15.064032724857126,5
6643,77,10,54,9,-15.067841236649627,1
6644,29,10,71,8,-15.14318831762859,2
6645,29,15,64,12,-15.189033105530587,3
6646,46,14,93,11,-15.251126640356869,3
6647,94,12,104,9,-15.27233865597327,3
6648,41,16,30,11,-15.286764365243398,5
6649,84,15,41,11,-15.33074063826509,4
6650,3,27,84,18,-15.372916145146673,9
6651,25,14,49,10,-15.43786379260084,4
6652,11,12,2,9,-15.440247463007857,3
6653,94,15,62,11,-15.456678982493086,4
6654,107,25,73,17,-15.460672720698524,8
6655,103,12,74,9,-15.463990000688312,3
6656,39,12,2,9,-15.473797666414958,3
6657,84,22,112,16,-15.486639525748986,6
6658,31,15,69,10,-15.502962092044207,5
6659,2,18,104,12,-15.50344370749933,6
6660,104,20,64,15,-15.515264160119221,5
6661,10,11,37,7,-15.516949569025604,4
6662,14,11,25,9,-15.536643242754739,2
6663,9,16,48,12,-15.537621007215709,4
6664,31,12,104,8,-15.561592201078605,4
6665,5,20,23,15,-15.563915929412014,5
6666,45,14,4,10,-15.600891470448104,4
6667,85,11,106,8,-15.605731963514037,3
6668,97,13,90,9,-15.62188808576594,4
6669,97,12,14,10,-15.664913845649806,2
6670,112,14,15,10,-15.700949053545525,4
6671,1,13,8,10,-15.702434313684371,3
6672,80,13,75,10,-15.71805205236554,3
6673,35,12,80,9,-15.72406211872363,3
6674,77,14,37,10,-15.73169378416834,4
6675,96,16,93,12,-15.73319462766121,4
6676,57,20,7,13,-15.746440629237659,7
6677,35,10,75,8,-15.755761764469415,2
6678,93,11,30,8,-15.77720736230077,3
6679,88,19,80,13,-15.78210749106585,6
6680,17,22,95,17,-15.802621580377178,5
6681,31,45,16,33,-15.837412153743443,12
6682,28,29,90,22,-15.880089586771652,7
6683,57,18,94,13,-15.891839037049907,5
6684,28,12,43,8,-15.894105628705272,4
6685,9,30,53,22,-15.894615033798411,8
6686,70,13,80,11,-15.90133341789594,2
6687,51,18,2,12,-15.90559711313002,6
6688,76,18,54,13,-15.916701819672275,5
6689,63,13,14,9,-15.961958621197994,4
6690,19,22,51,17,-16.019721340661288,5
6691,5,18,41,12,-16.050377082501456,6
6692,77,28,16,21,-16.052585583469348,7
6693,103,11,50,8,-16.107700105307455,3
6694,112,15,71,11,-16.11687592102847,4
6695,46,13,98,9,-16.12835125202737,4
6696,35,14,87,10,-16.147031137272403,4
6697,102,10,43,7,-16.154622115934174,3
6698,54,10,34,8,-16.192576513322773,2
6699,57,16,34,12,-16.19343346570311,4
6700,60,16,102,11,-16.199085660218575,5
6701,80,12,34,10,-16.269229317512288,2
6702,29,14,109,9,-16.367711381365652,5
6703,83,13,27,11,-16.36809252264109,2
6704,40,10,29,8,-16.37829418439082,2
6705,39,19,99,15,-16.42872930905631,4
6706,25,25,11,20,-16.429746187224737,5
6707,55,15,14,12,-16.464885141480416,3
6708,87,10,61,7,-16.482333693393567,3
6709,64,10,66,8,-16.526342406123632,2
6710,83,20,16,15,-16.531803021169054,5
6711,81,17,49,12,-16.548537671207548,5
6712,68,22,95,18,-16.550204863156033,4
6713,36,10,101,8,-16.627946704419497,2
6714,68,16,50,11,-16.665846594945688,5
6715,69,23,53,17,-16.67657945090473,6
6716,112,28,78,21,-16.679149831728488,7
6717,62,15,78,11,-16.71537861952348,4
6718,71,15,95,10,-16.72675418994599,5
6719,83,13,23,10,-16.744700089549813,3
6720,76,10,1,7,-16.815372977495876,3
6721,97,14,38,11,-16.838290194315167,3
6722,10,12,13,9,-16.89276746041982,3
6723,112,19,20,15,-16.964936240764274,4
6724,31,10,38,6,-16.97274158238424,4
6725,46,11,43,8,-16.991693442801246,3
6726,70,11,48,8,-17.04295857723929,3
6727,102,12,29,10,-17.056577765128154,2
6728,1,14,18,11,-17.058153705270225,3
6729,9,29,27,21,-17.072056537621457,8
6730,11,13,108,10,-17.07589556894204,3
6731,2,11,60,8,-17.11684300008854,3
6732,23,13,72,10,-17.14817782244225,3
6733,5,22,27,16,-17.186967099907662,6
6734,112,12,55,10,-17.232830626787052,2
6735,106,10,35,7,-17.319051156851785,3
6736,77,14,15,11,-17.327761840262095,3
6737,35,10,60,7,-17.41812694726481,3
6738,29,10,80,8,-17.457200220457587,2
6739,18,14,23,10,-17.468338798211544,4
6740,83,11,110,9,-17.575104905290946,2
6741,67,10,20,8,-17.6724550880506,2
6742,3,11,5,7,-17.694163901939547,4
6743,58,23,86,18,-17.708236566074184,5
6744,55,12,44,9,-17.771847163193563,3
6745,5,18,30,15,-17.81053305502534,3
6746,88,17,32,13,-17.824594134673823,4
6747,114,11,111,8,-17.846918134233796,3
6748,41,10,35,7,-17.84884882348167,3
6749,30,15,95,11,-17.91990160883281,4
6750,19,14,55,10,-18.032366676735077,4
6751,54,10,67,8,-18.121548101252507,2
6752,79,10,75,8,-18.185200748196127,2
6753,43,12,81,9,-18.327617727929386,3
6754,68,36,112,28,-18.330981629756664,8
6755,13,20,80,14,-18.335804849316276,6
6756,18,10,5,8,-18.464269170029826,2
6757,31,15,106,11,-18.52908676481624,4
6758,33,19,55,15,-18.562648470025508,4
6759,12,10,45,8,-18.65380711999512,2
6760,28,17,99,13,-18.754584808369174,4
6761,102,12,27,10,-18.772173343475483,2
6762,66,10,13,8,-18.90151063724733,2
6763,4,13,98,11,-18.936498509144613,2
6764,106,11,89,7,-18.95338953455919,4
6765,106,10,92,8,-19.041690772468705,2
6766,43,12,45,9,-19.04326521517843,3
6767,54,16,4,14,-19.244087603842104,2
6768,18,14,99,11,-19.290873438644514,3
6769,36,19,30,17,-19.30529767168729,2
6770,51,22,90,18,-19.526276440378883,4
6771,6,11,30,9,-19.605882514870544,2
6772,108,12,114,9,-19.622938702057745,3
6773,5,11,64,9,-19.698196874853632,2
6774,31,11,15,8,-19.738787942525683,3
6775,69,12,72,10,-19.73897339632744,2
6776,32,12,95,10,-19.760326388824467,2
6777,33,15,65,12,-19.770112976636934,3
6778,3,16,48,12,-19.892046793882123,4
6779,97,13,73,9,-19.966763707753135,4
6780,109,12,12,10,-20.061016928371878,2
6781,84,12,7,10,-20.160900959942534,2
6782,34,10,64,8,-20.224712091526342,2
6783,103,10,75,9,-20.241991505098973,1
6784,10,15,51,12,-20.332726180509006,3
6785,35,11,48,9,-20.438098241934796,2
6786,94,23,81,17,-20.51779847980575,6
6787,72,10,57,10,-20.68783938357469,0
6788,79,11,17,9,-20.72101316555543,2
6789,68,11,90,9,-20.787956198015944,2
6790,38,11,55,9,-20.87506721402826,2
6791,3,17,75,14,-20.897191698320935,3
6792,62,11,34,9,-20.901478916088543,2
6793,64,10,109,7,-20.986952145840224,3
6794,10,14,112,11,-21.02177070913973,3
6795,12,12,30,10,-21.05072624025777,2
6796,43,10,110,8,-21.055981543018305,2
6797,112,16,80,12,-21.10879540796462,4
6798,51,11,101,9,-21.22662017561448,2
6799,91,16,104,15,-21.31971827875211,1
6800,58,11,49,9,-21.376962439830404,2
6801,4,13,25,11,-21.42004260246313,2
6802,4,15,41,10,-21.480590173913868,5
6803,31,12,62,9,-21.790941067775986,3
6804,48,13,78,11,-22.133379125833553,2
6805,97,12,91,10,-22.175648770183788,2
6806,1,10,3,8,-22.67051623941871,2
6807,29,12,72,10,-22.84597050029316,2
6808,109,12,19,10,-22.944559102793487,2
6809,8,11,4,10,-23.17790508365148,1
6810,66,10,58,9,-23.43526848489906,1
6811,77,19,75,16,-23.528365703077355,3
6812,57,13,29,11,-23.606557237030422,2
6813,57,12,112,10,-24.05133711856007,2
6814,97,11,34,9,-24.058676404388496,2
6815,33,10,100,9,-24.40727081526952,1
6816,42,11,104,10,-24.554805995086454,1
6817,57,12,26,10,-24.80508950345583,2
6818,38,10,69,9,-27.695920761479563,1
6819,23,13,90,12,-28.362481429909796,1
6820,37,11,44,11,-29.883498899257123,0
6821,102,16,112,15,-31.192976791251173,1
