,againstHero,games,hero,losses,shift,wins
0,17,10,81,0,31.104140358623045,10
1,44,11,37,0,29.88349889925713,11
2,112,18,102,2,28.496084585485107,16
3,98,10,61,0,28.323329566102494,10
4,69,10,38,1,27.695920761479556,9
5,49,10,106,1,25.681632401928862,9
6,55,15,38,2,25.19286181976179,13
7,90,14,23,2,25.1914979759845,12
8,104,11,42,1,24.55480599508646,10
9,74,10,53,2,24.36471273024663,8
10,75,19,77,3,23.52836570307736,16
11,26,15,57,3,23.48286717628824,12
12,76,11,43,1,23.388286786781247,10
13,109,10,18,2,23.367244254269075,8
14,64,12,34,2,23.334461135762382,10
15,4,11,8,1,23.177905083651485,10
16,104,18,91,1,22.937436859705542,17
17,3,10,1,2,22.670516239418717,8
18,91,12,97,2,22.175648770183784,10
19,62,12,31,3,21.790941067775986,9
20,41,15,4,5,21.48059017391386,10
21,25,13,4,2,21.420042602463127,11
22,75,18,3,3,21.417290354619,15
23,101,11,51,2,21.226620175614492,9
24,76,11,31,1,21.157211826935978,10
25,80,16,112,4,21.108795407964617,12
26,51,16,10,3,21.051824036569297,13
27,109,10,90,1,21.034570289962243,9
28,100,12,33,2,21.028397065514316,10
29,112,14,10,3,21.021770709139737,11
30,48,19,3,4,21.016851628505158,15
31,81,15,43,3,20.85146634920972,12
32,34,10,77,1,20.670327392487728,9
33,3,10,95,2,20.57885087785416,8
34,81,23,94,6,20.517798479805748,17
35,30,11,10,2,20.38962047667116,9
36,26,10,12,2,20.379731856409943,8
37,77,11,76,2,20.313868304443314,9
38,75,10,103,1,20.24199150509897,9
39,112,38,68,8,20.161440612174868,30
40,7,12,84,2,20.160900959942538,10
41,4,17,54,2,19.994435391851386,15
42,73,13,97,4,19.966763707753138,9
43,89,12,106,4,19.849086778440608,8
44,95,12,32,2,19.760326388824467,10
45,15,11,31,3,19.738787942525676,8
46,64,11,5,2,19.698196874853622,9
47,80,11,29,2,19.670803114551134,9
48,30,11,6,2,19.605882514870544,9
49,114,11,29,3,19.42881288570476,8
50,30,19,36,2,19.305297671687292,17
51,99,14,18,3,19.290873438644518,11
52,34,13,62,3,19.217276142512915,10
53,92,10,106,2,19.04169077246869,8
54,72,10,81,3,19.02372529890775,7
55,98,13,4,2,18.93649850914462,11
56,87,18,35,5,18.85615081602237,13
57,34,12,97,3,18.831202908180163,9
58,55,20,33,4,18.82593244000092,16
59,27,12,102,2,18.772173343475483,10
60,87,17,38,4,18.771014640647714,13
61,90,24,51,5,18.75703527846473,19
62,99,17,28,4,18.75458480836917,13
63,112,16,57,4,18.741640604630682,12
64,45,10,12,2,18.653807119995122,8
65,106,15,31,4,18.52908676481623,11
66,55,14,12,3,18.17466355866916,11
67,67,10,54,2,18.121548101252504,8
68,54,21,76,5,18.08934803214948,16
69,95,15,30,4,17.919901608832795,11
70,35,10,41,3,17.84884882348167,7
71,111,11,114,3,17.846918134233793,8
72,32,17,88,4,17.824594134673823,13
73,48,13,35,3,17.821530991658573,10
74,30,18,5,3,17.81053305502534,15
75,85,10,15,2,17.788004047228643,8
76,44,12,55,3,17.77184716319358,9
77,90,12,68,3,17.719685937760904,9
78,5,11,3,4,17.694163901939536,7
79,20,10,67,2,17.672455088050597,8
80,102,18,60,5,17.60770484195146,13
81,110,11,83,2,17.575104905290953,9
82,60,10,35,3,17.41812694726481,7
83,108,11,109,3,17.40163308376229,8
84,35,10,106,3,17.31905115685177,7
85,27,22,5,6,17.18696709990766,16
86,88,28,29,7,17.154392005842116,21
87,60,11,2,3,17.116843000088547,8
88,18,15,46,3,17.114833090306377,12
89,27,29,9,8,17.072056537621442,21
90,18,14,1,3,17.058153705270215,11
91,94,10,72,3,17.034849598961298,7
92,73,13,37,4,17.032463348069772,9
93,38,10,31,4,16.97274158238423,6
94,20,19,112,4,16.964936240764278,15
95,43,12,46,3,16.90387334173946,9
96,22,10,41,2,16.895138763704843,8
97,13,12,10,3,16.89276746041981,9
98,37,12,10,4,16.877061428062927,8
99,80,21,13,7,16.796282689859083,14
100,15,15,37,3,16.78479129694742,12
101,23,13,83,3,16.74470008954982,10
102,95,15,71,5,16.726754189945982,10
103,78,28,112,7,16.67914983172849,21
104,53,23,69,6,16.676579450904736,17
105,29,19,57,4,16.666755922903654,15
106,48,13,94,3,16.653883625052593,10
107,101,10,36,2,16.627946704419482,8
108,95,22,68,4,16.55020486315604,18
109,17,12,79,3,16.528587589888392,9
110,66,10,64,2,16.52634240612363,8
111,34,10,61,1,16.513382683902012,9
112,16,46,31,12,16.494251500601973,34
113,14,15,55,3,16.46488514148042,12
114,74,12,64,4,16.440953543226588,8
115,19,11,37,2,16.4401797639671,9
116,99,19,39,4,16.42872930905631,15
117,87,12,85,3,16.42827150885829,9
118,14,14,63,4,16.386711509096077,10
119,29,10,40,2,16.378294184390825,8
120,110,11,43,3,16.376498956572302,8
121,27,13,83,2,16.3680925226411,11
122,104,19,2,6,16.35238800305577,13
123,25,12,14,2,16.337614979675553,10
124,65,16,33,4,16.286121361101067,12
125,34,12,80,2,16.26922931751229,10
126,98,13,46,4,16.128351252027375,9
127,71,15,112,4,16.11687592102847,11
128,41,18,5,6,16.050377082501452,12
129,17,20,78,6,16.0151573486214,14
130,53,31,9,8,16.014655893145633,23
131,8,13,108,3,16.00695825478633,10
132,57,11,90,3,15.975273202140915,8
133,62,12,48,4,15.963389974606171,8
134,80,13,70,2,15.901333417895945,11
135,90,29,28,7,15.88008958677165,22
136,80,14,76,4,15.87988367140994,10
137,108,16,3,4,15.845119958150985,12
138,95,22,17,5,15.802621580377183,17
139,19,18,109,5,15.79783901124899,13
140,15,34,109,7,15.773949834985876,27
141,110,13,28,4,15.75542536900984,9
142,17,13,94,4,15.746212612138288,9
143,93,16,96,4,15.733194627661216,12
144,80,12,35,3,15.724062118723628,9
145,75,13,80,3,15.718052052365538,10
146,15,14,112,4,15.700949053545523,10
147,14,12,97,2,15.664913845649805,10
148,90,13,97,4,15.621888085765939,9
149,106,11,85,3,15.605731963514026,8
150,23,10,69,2,15.603167423944381,8
151,4,14,45,4,15.60089147044811,10
152,100,10,90,2,15.59689537510572,8
153,23,21,5,5,15.554175057753397,16
154,64,20,104,5,15.515264160119216,15
155,69,15,31,5,15.502962092044207,10
156,9,15,12,4,15.494125308722385,11
157,112,23,84,6,15.486639525748984,17
158,2,12,39,3,15.473797666414951,9
159,73,25,107,8,15.46067272069853,17
160,5,11,18,3,15.389394006883377,8
161,100,15,2,5,15.36385849078198,10
162,109,19,29,7,15.360965277079266,12
163,12,17,62,5,15.35031999717201,12
164,104,12,94,3,15.27233865597326,9
165,100,34,3,9,15.2721195369214,25
166,114,15,108,4,15.270376800556944,11
167,27,10,90,2,15.266408205709798,8
168,93,14,46,3,15.251126640356858,11
169,54,11,77,1,15.154916790692539,10
170,48,31,54,9,15.15203502038891,22
171,71,10,29,2,15.143188317628589,8
172,27,12,45,3,15.129257003834674,9
173,77,19,50,4,15.082093464135092,15
174,25,18,99,5,15.014737107768298,13
175,45,10,75,2,15.00364994694684,8
176,13,12,22,3,14.994671319317483,9
177,80,14,49,5,14.99318638978968,9
178,49,10,44,3,14.992301775479177,7
179,74,15,103,4,14.97396136778404,11
180,111,18,88,4,14.891378091601458,14
181,102,11,35,4,14.787485364380144,7
182,7,11,89,3,14.785043291363074,8
183,11,26,25,6,14.778705544740387,20
184,32,14,106,3,14.741977351969275,11
185,100,10,31,3,14.730848989291468,7
186,7,28,77,8,14.729495105034692,20
187,114,19,83,5,14.712530964906861,14
188,55,16,19,5,14.687783547200517,11
189,94,11,38,3,14.612858359579166,8
190,39,10,66,3,14.612542929328729,7
191,8,25,77,7,14.612256603393078,18
192,50,14,103,4,14.598236066613513,10
193,50,12,99,4,14.581629542155012,8
194,27,38,109,12,14.58124128898399,26
195,34,18,20,4,14.557800978959818,14
196,80,19,50,4,14.554439051919097,15
197,94,21,57,6,14.501627161161618,15
198,104,23,38,7,14.499014536690481,16
199,34,10,108,2,14.47806718750258,8
200,19,12,6,4,14.46906875309814,8
201,34,12,25,3,14.468789684868279,9
202,73,10,2,3,14.457830254043134,7
203,44,12,5,3,14.447481002517359,9
204,97,13,35,3,14.444551731599496,10
205,76,16,89,4,14.444118417343978,12
206,80,11,14,4,14.435345395194517,7
207,108,26,70,7,14.427393649276278,19
208,16,43,77,12,14.365664242767583,31
209,33,10,43,3,14.359162628620464,7
210,40,10,83,2,14.347262135245902,8
211,54,10,10,3,14.334784055636703,7
212,26,25,86,6,14.322036756570213,19
213,31,12,57,4,14.310689026630854,8
214,48,10,112,2,14.307464286387091,8
215,30,22,41,6,14.29163797685006,16
216,23,15,18,5,14.275894417804937,10
217,16,22,83,6,14.273795003910386,16
218,83,11,17,4,14.269615650014424,7
219,61,17,7,6,14.217702740281522,11
220,50,18,46,6,14.208875687593249,12
221,72,10,75,3,14.207053385683185,7
222,33,10,19,4,14.198164828754605,6
223,86,26,58,7,14.0893933342514,19
224,58,13,66,3,14.08786535368442,10
225,90,10,9,3,14.073147353965513,7
226,74,24,48,9,14.067708006346335,15
227,40,29,77,8,14.0487710710226,21
228,6,11,41,4,13.99218654178206,7
229,41,31,9,9,13.990507643067811,22
230,111,12,75,4,13.972281809419972,8
231,114,29,109,7,13.96133653890183,22
232,58,12,29,3,13.952580214272475,9
233,40,24,71,7,13.948125771645659,17
234,75,19,69,5,13.942304484906572,14
235,60,14,20,4,13.939926452860888,10
236,37,11,112,3,13.937736127059289,8
237,25,10,112,3,13.919292260310073,7
238,63,31,3,7,13.905152866710317,24
239,53,19,50,6,13.883151416746278,13
240,47,12,57,4,13.842676334165546,8
241,55,17,103,4,13.826956770005326,13
242,47,18,112,6,13.820833793363406,12
243,38,14,112,3,13.819485047030156,11
244,97,11,112,2,13.794615799527316,9
245,100,20,81,7,13.76479826478321,13
246,61,12,87,4,13.760538340997263,8
247,62,18,57,4,13.757275808574349,14
248,97,10,27,4,13.735152835550473,6
249,95,25,11,7,13.725658005456241,18
250,63,25,31,7,13.714594813504087,18
251,45,21,51,6,13.706946532575506,15
252,34,10,95,3,13.704508911135058,7
253,57,28,5,8,13.702708831126637,20
254,92,10,25,3,13.698642336458672,7
255,45,14,43,5,13.63605000155486,9
256,75,15,12,5,13.63556285801919,10
257,41,29,12,8,13.623588976279665,21
258,48,13,70,4,13.615964738776976,9
259,57,21,109,6,13.59261892008212,15
260,22,13,27,4,13.578238998395374,9
261,41,19,84,6,13.556150264603875,13
262,78,22,62,7,13.543765186745382,15
263,80,10,6,3,13.522871173076231,7
264,55,13,112,3,13.49840576791747,10
265,30,32,63,10,13.49817196218878,22
266,84,12,108,3,13.488009207908556,9
267,27,24,69,8,13.483104419153626,16
268,30,19,85,6,13.476610519943755,13
269,109,18,98,5,13.444061011572101,13
270,18,10,89,3,13.441890624210265,7
271,36,15,35,4,13.440272285829971,11
272,43,19,53,5,13.43803314299166,14
273,23,16,45,5,13.436468047997263,11
274,25,12,32,5,13.427877456338669,7
275,61,16,68,5,13.424919545398383,11
276,75,15,53,5,13.423496737137011,10
277,91,11,112,3,13.423237527272498,8
278,71,15,84,4,13.41321574412034,11
279,80,22,51,7,13.405837899191413,15
280,74,12,3,3,13.385856762614395,9
281,43,12,102,4,13.372023836980008,8
282,104,12,35,4,13.369677424437175,8
283,108,10,12,4,13.367955655554766,6
284,17,14,48,5,13.364907872446567,9
285,55,11,32,4,13.363639630093912,7
286,108,13,9,5,13.341841222661904,8
287,11,16,18,5,13.321280125838719,11
288,9,17,19,5,13.31812011403307,12
289,80,20,88,7,13.305539707805673,13
290,8,14,1,4,13.305141225086524,10
291,64,19,106,6,13.295192075566392,13
292,104,43,46,14,13.294982678813746,29
293,100,33,68,11,13.287177831750675,22
294,7,12,99,4,13.27451726078842,8
295,48,20,49,5,13.272537147968347,15
296,95,39,88,12,13.236869470595256,27
297,36,18,54,6,13.217744798273168,12
298,108,15,11,4,13.213308250017542,11
299,104,36,27,11,13.195528716848905,25
300,95,28,37,7,13.149042342745599,21
301,48,13,103,3,13.133825600656486,10
302,94,10,91,2,13.125494056890847,8
303,74,23,62,7,13.07201740553172,16
304,55,14,47,5,13.036465008068177,9
305,55,22,23,8,13.026997694301386,14
306,63,14,35,5,12.998216518752985,9
307,92,10,84,4,12.962976398847768,6
308,98,19,106,6,12.954874150336938,13
309,64,20,37,6,12.946494518825181,14
310,64,10,94,4,12.918584959999516,6
311,17,19,109,6,12.911257852793483,13
312,72,13,34,4,12.8972080689342,9
313,2,21,65,5,12.890027578518191,16
314,34,24,57,7,12.872133630873055,17
315,13,31,29,11,12.84255177817852,20
316,72,18,29,6,12.835964412753418,12
317,64,22,29,5,12.835455672871142,17
318,1,11,76,4,12.827717897490277,7
319,13,13,66,4,12.789636021700206,9
320,49,15,25,5,12.785517383168523,10
321,84,31,3,11,12.7817713508444,20
322,15,13,52,4,12.76270916288833,9
323,100,15,1,5,12.750379039232417,10
324,95,10,36,3,12.746346244298936,7
325,11,44,37,14,12.738426249160874,30
326,98,33,87,9,12.73723226761893,24
327,33,14,106,4,12.736963404825657,10
328,78,17,48,5,12.72681065943158,12
329,46,24,106,9,12.725492516069494,15
330,15,33,9,13,12.72411209862202,20
331,27,22,89,6,12.719981225557996,16
332,13,76,31,25,12.705633823012963,51
333,80,40,63,12,12.682443988429267,28
334,38,16,97,5,12.68239796661763,11
335,104,13,31,5,12.68196482072701,8
336,48,15,5,4,12.675358072710559,11
337,30,28,43,7,12.669034242608108,21
338,7,23,57,9,12.666461617234948,14
339,72,26,51,9,12.653159909877601,17
340,39,20,85,7,12.618845399489865,13
341,53,24,108,9,12.606603502458741,15
342,2,21,51,8,12.59592396910538,13
343,3,12,35,4,12.563400964105028,8
344,41,18,71,5,12.557773267008855,13
345,42,12,13,3,12.522183516198908,9
346,64,15,92,7,12.492372460791035,8
347,79,30,87,8,12.466071130940087,22
348,18,14,37,4,12.438833593443572,10
349,65,27,58,9,12.431650709075077,18
350,36,17,50,7,12.423703215189775,10
351,53,11,91,3,12.419564767639509,8
352,35,10,109,3,12.407562430544194,7
353,49,12,92,4,12.374864484595678,8
354,67,12,97,3,12.353467827440639,9
355,34,14,41,5,12.338786367505541,9
356,13,34,94,11,12.315280597409904,23
357,38,11,93,5,12.307152939253097,6
358,98,18,88,5,12.300728896947142,13
359,69,15,18,5,12.281407888329316,10
360,40,15,81,4,12.276802562895192,11
361,98,30,96,9,12.27549839186978,21
362,13,90,88,27,12.269519344214066,63
363,37,18,60,7,12.263894360602317,11
364,73,19,88,6,12.262693289910839,13
365,32,10,39,3,12.259008757767624,7
366,100,25,57,8,12.24904881178982,17
367,75,19,43,5,12.224767647713705,14
368,78,11,106,3,12.210243252742742,8
369,15,10,97,3,12.205780494305644,7
370,65,23,57,7,12.203750629317215,16
371,34,15,54,4,12.199946008042932,11
372,2,15,11,5,12.196157085843712,10
373,75,11,35,3,12.188091693345983,8
374,107,21,99,7,12.174640608684578,14
375,111,23,41,8,12.165817300484488,15
376,87,32,81,12,12.164562147525906,20
377,2,22,70,8,12.153236389251047,14
378,100,33,103,11,12.15112952521245,22
379,11,40,96,13,12.141028508791658,27
380,15,10,4,4,12.124220843420797,6
381,107,18,83,5,12.107720877525319,13
382,76,15,91,4,12.09807191241983,11
383,8,11,35,3,12.093356369533678,8
384,1,18,63,7,12.054495717242016,11
385,10,10,89,3,12.05123505380701,7
386,30,20,46,6,12.044164698044929,14
387,58,11,103,3,12.029646076628692,8
388,43,14,28,5,12.028046594555397,9
389,1,12,104,4,12.02010829271743,8
390,63,15,89,4,12.017404575838292,11
391,102,32,5,11,12.011851390558954,21
392,102,18,55,6,11.983866194974429,12
393,37,15,77,5,11.967604181160285,10
394,76,22,57,6,11.963037229635306,16
395,95,27,18,9,11.951490678023532,18
396,16,48,94,14,11.949965738055608,34
397,28,13,81,4,11.947384191502273,9
398,70,27,57,10,11.940546365796532,17
399,114,46,65,16,11.938229846486395,30
400,108,16,68,5,11.92861631232352,11
401,71,17,77,5,11.915487518479784,12
402,98,18,31,7,11.908816140421921,11
403,57,10,33,3,11.896321981403165,7
404,18,14,29,4,11.875077633643942,10
405,79,11,12,4,11.866943529008417,7
406,92,11,109,3,11.825872450184745,8
407,104,31,77,10,11.812621663747164,21
408,8,21,40,6,11.791921402372768,15
409,44,10,54,3,11.791894285038762,7
410,51,34,81,12,11.790201731891965,22
411,112,10,62,3,11.780471922009976,7
412,49,21,81,8,11.780141471258919,13
413,74,24,60,9,11.762098333048542,15
414,63,17,102,6,11.747209471298389,11
415,34,12,69,2,11.742698738008174,10
416,89,10,102,4,11.714231512429773,6
417,55,25,43,6,11.714024478286158,19
418,91,13,96,4,11.692854193124049,9
419,55,11,72,3,11.689010218474658,8
420,34,23,28,7,11.682170467841413,16
421,8,10,81,3,11.678569579324542,7
422,72,15,23,5,11.667454901588142,10
423,7,26,19,7,11.65176644692338,19
424,100,12,40,4,11.638460148115916,8
425,11,10,110,2,11.637838089699006,8
426,75,17,38,4,11.628826987325251,13
427,75,16,29,6,11.609985031917775,10
428,11,23,70,7,11.609570033059047,16
429,43,18,91,5,11.584680594680322,13
430,93,12,104,4,11.577012913737342,8
431,23,11,11,3,11.568338446113309,8
432,36,16,104,6,11.564722196156035,10
433,111,10,71,3,11.563837134119524,7
434,21,13,87,4,11.56318091799384,9
435,72,12,104,4,11.56257995280617,8
436,53,14,46,5,11.556347535591735,9
437,76,24,78,6,11.54437066923267,18
438,18,12,84,4,11.526678691260484,8
439,110,12,7,5,11.526061320417648,7
440,98,21,77,6,11.52597944233578,15
441,7,15,81,6,11.525413070422038,9
442,7,20,76,8,11.522456617485858,12
443,35,11,65,3,11.518581403700487,8
444,108,10,18,3,11.50838861651189,7
445,98,14,75,5,11.497093707313164,9
446,68,12,37,4,11.496583691347068,8
447,18,14,34,4,11.482941012320621,10
448,15,10,46,3,11.466752843427653,7
449,114,41,106,14,11.462749893343949,27
450,12,22,109,7,11.439899306130211,15
451,34,20,60,6,11.434147211488856,14
452,75,39,54,14,11.408133317564468,25
453,73,10,75,5,11.395199340418811,5
454,4,11,38,3,11.395009854616482,8
455,47,18,49,5,11.386056581513852,13
456,53,22,109,7,11.359866911275935,15
457,75,15,102,4,11.357902372458392,11
458,52,11,108,3,11.346744817608853,8
459,108,11,112,4,11.335603356831966,7
460,104,15,44,5,11.332078649569057,10
461,64,13,20,3,11.331308462604776,10
462,64,14,76,5,11.304788571126874,9
463,69,13,91,5,11.30407928014614,8
464,74,17,76,7,11.297198648055824,10
465,80,10,5,3,11.295210617596885,7
466,111,11,27,3,11.279710088837586,8
467,2,14,55,5,11.276816159574052,9
468,75,52,7,17,11.2746633859962,35
469,29,30,86,9,11.274007583640703,21
470,83,11,70,5,11.265042422069474,6
471,53,23,17,7,11.244737606744525,16
472,25,25,68,8,11.235607083018879,17
473,45,12,39,5,11.230688824941206,7
474,46,20,96,8,11.223825219116968,12
475,25,15,3,5,11.214634960222725,10
476,100,12,46,4,11.210309669403342,8
477,89,11,1,4,11.209011069389932,7
478,85,19,94,6,11.199140622059147,13
479,87,37,114,14,11.160921669895089,23
480,78,13,1,4,11.156578268103182,9
481,100,53,65,17,11.152854187376464,36
482,62,18,94,6,11.151655058140983,12
483,27,49,19,15,11.141415326856121,34
484,104,34,11,11,11.141180204048961,23
485,78,12,66,4,11.131528298187064,8
486,46,15,70,5,11.123543654837006,10
487,48,11,102,3,11.116814719382416,8
488,72,16,48,7,11.112379007988418,9
489,46,12,102,4,11.102504599435605,8
490,74,13,32,4,11.10166419198237,9
491,75,20,109,6,11.10040667281172,14
492,79,23,57,8,11.10038188990658,15
493,11,36,84,12,11.100193468531899,24
494,64,29,112,8,11.096215333139424,21
495,99,11,11,4,11.04788337752713,7
496,55,39,1,12,11.047135752371082,27
497,32,12,114,4,11.045874107216173,8
498,16,17,32,6,11.045561391190379,11
499,47,10,84,3,11.043789003229906,7
500,7,13,66,5,11.034566799554367,8
501,91,31,60,12,11.03333094942879,19
502,41,14,92,5,11.016394202336146,9
503,15,13,71,4,11.00914391321025,9
504,51,20,110,6,11.00014817045874,14
505,109,17,64,7,10.986928172384285,10
506,13,25,97,9,10.985857531237667,16
507,50,40,20,13,10.968930608298047,27
508,49,12,53,4,10.942416766704312,8
509,34,15,38,4,10.941945653131524,11
510,63,48,28,15,10.937243385325443,33
511,48,22,9,7,10.894666127588817,15
512,79,13,106,4,10.885501834452416,9
513,86,17,67,6,10.856458271232293,11
514,44,22,13,7,10.85202026233818,15
515,38,26,65,10,10.83463870682701,16
516,51,27,33,7,10.831795324465075,20
517,107,46,109,15,10.82301884120227,31
518,106,17,81,7,10.816681182916202,10
519,85,12,75,3,10.8046837733115,9
520,55,25,91,7,10.79161282762655,18
521,100,16,38,4,10.780867547654914,12
522,101,12,13,3,10.774607059056445,9
523,78,16,53,6,10.77154978747951,10
524,59,11,7,3,10.7712398180592,8
525,106,14,108,4,10.746780907865295,10
526,5,19,60,6,10.737943337535818,13
527,11,12,91,3,10.737589094202368,9
528,54,11,111,3,10.714143810197234,8
529,43,13,36,5,10.713552025008552,8
530,108,36,13,12,10.689855841590877,24
531,76,29,35,10,10.667558804559746,19
532,63,17,33,6,10.663903494014164,11
533,100,40,49,14,10.661403925033637,26
534,30,24,91,7,10.658543869059741,17
535,43,14,89,5,10.630435372992656,9
536,28,13,103,4,10.609246701939709,9
537,7,31,91,9,10.609100286101583,22
538,11,20,89,6,10.589642549823262,14
539,104,26,75,9,10.574353916694225,17
540,78,15,47,6,10.571891033683885,9
541,95,15,9,6,10.569002592922947,9
542,28,17,40,7,10.551622113062646,10
543,19,13,79,5,10.549815768045507,8
544,58,14,15,4,10.547783763961066,10
545,49,11,38,3,10.545141985188474,8
546,50,19,68,8,10.535408083030939,11
547,93,12,90,4,10.530779388732013,8
548,71,19,97,6,10.523533962196902,13
549,27,27,36,10,10.52334959933135,17
550,53,44,88,14,10.519286458480718,30
551,109,23,39,7,10.513513507021566,16
552,8,10,26,4,10.512024852650757,6
553,54,35,60,11,10.508874533332266,24
554,64,27,9,8,10.495957554452962,19
555,55,27,64,8,10.493415001317684,19
556,89,10,34,4,10.490414345815994,6
557,43,17,9,7,10.435718767902006,10
558,78,15,46,6,10.435320162132959,9
559,44,16,39,6,10.434810009571388,10
560,60,35,29,13,10.42089747006503,22
561,33,18,20,6,10.409025528596043,12
562,49,24,23,8,10.408633938410514,16
563,106,16,93,6,10.37915501513517,10
564,15,16,55,4,10.370537288257989,12
565,63,36,91,11,10.368824470659426,25
566,63,24,69,8,10.366973166191585,16
567,50,39,88,14,10.364860984100918,25
568,104,24,12,8,10.358875950961007,16
569,62,14,38,4,10.356155726783138,10
570,94,10,7,3,10.355621654064775,7
571,17,15,27,6,10.354549099588292,9
572,40,16,102,6,10.346146758066931,10
573,37,48,54,16,10.345446907641227,32
574,108,23,39,9,10.341615848120973,14
575,74,37,28,13,10.332746781815512,24
576,49,10,45,3,10.284801628936062,7
577,60,24,112,8,10.282975838759189,16
578,47,16,3,5,10.263621577333433,11
579,67,16,106,6,10.252161434234207,10
580,12,18,106,5,10.245560433617426,13
581,75,16,57,5,10.238315344226487,11
582,75,12,79,4,10.235318929578343,8
583,16,49,96,14,10.230768867165024,35
584,64,49,60,15,10.225579774670619,34
585,97,10,48,4,10.2212335454347,6
586,30,17,31,7,10.214096274935345,10
587,90,19,104,7,10.205908373136616,12
588,97,42,37,14,10.199316810918761,28
589,98,15,2,6,10.198603389321663,9
590,71,13,33,4,10.195530501937558,9
591,16,83,27,29,10.195149804280954,54
592,90,14,48,5,10.193948361787585,9
593,6,12,9,5,10.175309866966638,7
594,92,16,68,5,10.147306838487294,11
595,96,11,23,4,10.143008283174428,7
596,53,37,31,14,10.136338371296794,23
597,12,28,77,10,10.128575048689418,18
598,89,18,103,7,10.128092677300108,11
599,78,12,114,5,10.123963867745244,7
600,30,33,109,10,10.115174626052804,23
601,53,36,36,11,10.114732824687982,25
602,71,21,54,8,10.113144202991709,13
603,40,16,49,6,10.077718304922936,10
604,73,18,40,6,10.060776256522114,12
605,107,16,10,6,10.056408787562026,10
606,44,10,38,3,10.048373138060263,7
607,70,10,3,3,10.036631807498475,7
608,110,13,107,4,10.034721322746927,9
609,28,21,72,7,10.026127135244147,14
610,30,27,84,8,10.023299208241372,19
611,28,39,75,13,10.021801272184058,26
612,111,19,63,7,10.01291034850113,12
613,104,23,71,9,10.004145398382484,14
614,103,22,60,8,9.993230744941124,14
615,58,11,61,4,9.991140661268366,7
616,95,25,65,9,9.98743882075493,16
617,114,16,12,7,9.985343546707197,9
618,16,67,106,22,9.984638821275349,45
619,99,10,19,3,9.983244859068366,7
620,6,15,61,5,9.976861344972216,10
621,47,27,60,9,9.974271287982043,18
622,43,26,77,9,9.972633937246163,17
623,16,45,76,18,9.966747555091633,27
624,12,43,107,13,9.963868516555266,30
625,46,14,90,5,9.960134782518509,9
626,95,10,2,3,9.920312629990494,7
627,39,30,78,10,9.919462931362235,20
628,74,42,46,14,9.91934754308771,28
629,1,11,57,4,9.916035104284747,7
630,30,18,70,7,9.91397370546994,11
631,15,10,33,3,9.911800000475987,7
632,89,16,15,6,9.900072241190253,10
633,110,20,16,7,9.893450419413218,13
634,30,10,97,3,9.882522031725548,7
635,17,15,71,6,9.87407872077162,9
636,87,34,91,11,9.869349002662766,23
637,65,49,93,19,9.861674082292906,30
638,9,32,31,11,9.853659783790295,21
639,34,26,51,9,9.848586623450819,17
640,53,15,38,5,9.845156209254911,10
641,53,10,98,4,9.839111782848335,6
642,11,20,38,7,9.838969868597399,13
643,17,18,19,6,9.838733881450873,12
644,49,26,11,8,9.836124897639188,18
645,100,41,11,14,9.833590045112281,27
646,9,17,47,6,9.833363334347133,11
647,7,26,96,8,9.825450759982106,18
648,54,13,57,3,9.824315369895022,10
649,81,12,109,4,9.819741316945185,8
650,40,24,17,8,9.815776001763272,16
651,80,12,3,5,9.815065017111898,7
652,104,18,79,7,9.811537818194267,11
653,106,24,18,8,9.811498602513073,16
654,111,10,70,4,9.807746966138032,6
655,114,16,62,6,9.799890996069497,10
656,94,20,109,8,9.794162630052172,12
657,20,10,103,3,9.787162681907015,7
658,37,24,83,9,9.783726366978422,15
659,34,14,70,5,9.755416516876581,9
660,63,52,84,20,9.74716223383734,32
661,102,38,86,13,9.743964141517802,25
662,43,19,31,10,9.72085277355369,9
663,52,15,8,5,9.715026692600484,10
664,28,18,111,6,9.712251206209237,12
665,2,10,48,3,9.702269151070572,7
666,8,34,114,11,9.699231858321156,23
667,30,19,58,7,9.698186570996027,12
668,58,11,57,4,9.690188481177847,7
669,88,22,112,8,9.681832903230312,14
670,79,18,65,7,9.67569283729834,11
671,100,12,71,4,9.660687520316314,8
672,21,11,88,4,9.657212734415223,7
673,22,10,114,5,9.649313306364824,5
674,26,25,13,8,9.644667177898787,17
675,75,40,8,13,9.637059553855455,27
676,41,23,53,8,9.631953807885305,15
677,70,17,109,6,9.623350653501722,11
678,80,17,30,6,9.61803117509945,11
679,15,41,51,15,9.616941616298604,26
680,99,14,8,6,9.611065592860317,8
681,83,18,84,7,9.609473734372155,11
682,16,15,10,5,9.607669865815327,10
683,57,53,107,20,9.60223312933541,33
684,8,13,53,4,9.596286006275319,9
685,76,27,9,9,9.592643387328541,18
686,102,16,34,5,9.587766586983141,11
687,92,10,31,4,9.586105290347549,6
688,54,21,43,8,9.585604342831404,13
689,49,26,104,9,9.58496217373179,17
690,73,20,7,8,9.582485903794176,12
691,78,12,89,4,9.57514653734148,8
692,100,44,12,16,9.574991282376635,28
693,27,28,31,12,9.569633624787398,16
694,17,17,3,7,9.550337372259282,10
695,39,26,106,10,9.547502317564264,16
696,33,25,107,10,9.539564483245075,15
697,63,40,76,13,9.537527582020362,27
698,9,14,94,6,9.535806051453793,8
699,20,11,75,4,9.527707505687728,7
700,92,11,97,5,9.525917165548373,6
701,1,22,31,9,9.525804060927042,13
702,100,32,29,12,9.521427869790516,20
703,20,32,25,11,9.520523686179047,21
704,8,17,36,6,9.512360266950532,11
705,33,13,69,5,9.51115802646404,8
706,114,13,2,5,9.509158562417845,8
707,37,22,99,7,9.502759058160704,15
708,75,29,5,12,9.487135559909316,17
709,23,16,57,6,9.474501256774843,10
710,30,15,61,5,9.46714266401481,10
711,48,15,15,6,9.456844892945968,9
712,23,35,76,13,9.453849648482663,22
713,89,12,114,5,9.444885030105086,7
714,32,11,63,4,9.44232166344675,7
715,13,50,18,18,9.43842239801599,32
716,34,20,76,8,9.434786757726329,12
717,23,16,47,5,9.428933500778964,11
718,13,15,2,6,9.422510080465475,9
719,16,13,56,4,9.403965360554954,9
720,109,11,36,3,9.390936468630548,8
721,100,32,77,11,9.386860810864013,21
722,73,14,54,5,9.38293263538315,9
723,29,13,95,5,9.382021477576467,8
724,103,12,38,3,9.379557577066372,9
725,27,16,4,6,9.378715415982096,10
726,41,22,89,7,9.373462137125664,15
727,23,10,89,3,9.369382103123732,7
728,28,19,12,6,9.364727152511893,13
729,26,12,28,4,9.352858082446945,8
730,1,20,87,8,9.344990956449255,12
731,54,13,81,5,9.33569894630605,8
732,77,10,84,3,9.326879307665175,7
733,18,30,9,10,9.325317307118523,20
734,15,24,76,9,9.319531248646678,15
735,45,10,38,3,9.31109379184883,7
736,30,51,13,18,9.310159779483707,33
737,27,50,60,16,9.301787306937484,34
738,19,15,89,5,9.286097473243418,10
739,62,24,40,11,9.275726600058688,13
740,54,57,109,19,9.275000788189589,38
741,100,33,41,12,9.267995461447091,21
742,11,42,109,14,9.267889428091761,28
743,104,23,84,9,9.26674641219393,14
744,87,27,93,10,9.26552442404966,17
745,20,16,90,6,9.256704804618028,10
746,98,32,49,11,9.253129001065592,21
747,30,34,88,14,9.246002926232096,20
748,74,26,39,10,9.238307519906488,16
749,18,12,62,4,9.234800982158571,8
750,91,23,20,9,9.233435902067155,14
751,70,16,69,5,9.227346228401577,11
752,72,26,19,9,9.22463286353301,17
753,79,10,41,4,9.204704069079494,6
754,100,15,48,6,9.202663576630135,9
755,107,47,43,17,9.202559953490868,30
756,40,28,3,9,9.202268323423784,19
757,95,21,114,8,9.195016624238175,13
758,81,16,63,6,9.193429569946275,10
759,68,31,18,11,9.190826393650621,20
760,23,14,91,6,9.188824217195526,8
761,100,37,60,13,9.187580857300915,24
762,62,12,93,5,9.184190352261583,7
763,54,19,58,8,9.183988111852093,11
764,112,22,29,8,9.174610307731976,14
765,13,60,3,21,9.173172089609379,39
766,34,15,37,5,9.170559355322496,10
767,75,12,61,5,9.169495709034498,7
768,65,36,102,12,9.161778289738294,24
769,62,21,63,8,9.161474645821357,13
770,76,14,10,5,9.157178184443993,9
771,50,43,5,17,9.15604936984071,26
772,1,11,5,4,9.143641454097294,7
773,58,10,8,4,9.142222913085968,6
774,28,23,112,8,9.12022356401639,15
775,57,13,2,5,9.119959996501729,8
776,92,11,17,4,9.114563540800479,7
777,109,15,31,5,9.11388757240418,10
778,58,11,45,4,9.091525705777382,7
779,94,12,75,4,9.080901166069646,8
780,53,21,3,7,9.076818822513886,14
781,11,30,103,9,9.075766698083196,21
782,57,16,40,6,9.075047590769481,10
783,80,39,107,13,9.074881524481428,26
784,49,14,55,5,9.07453979611351,9
785,44,29,86,10,9.073857704921485,19
786,49,24,43,8,9.06302642093648,16
787,95,31,51,10,9.060456234548898,21
788,103,32,19,12,9.0572108217113,20
789,35,16,45,7,9.040031591861496,9
790,7,55,87,19,9.031940434035894,36
791,13,24,83,9,9.019898615590662,15
792,48,21,108,7,9.016454394528637,14
793,91,25,39,9,9.014113578195186,16
794,5,15,36,6,9.008614310253613,9
795,85,19,50,7,9.007921978503543,12
796,8,64,5,24,9.002251377410767,40
797,1,25,65,10,9.00217902882169,15
798,12,21,15,8,9.002146303925677,13
799,92,19,86,8,8.99999904756414,11
800,30,14,93,5,8.997367289185707,9
801,78,15,80,5,8.990142670025016,10
802,107,49,49,17,8.987451511548661,32
803,97,18,36,7,8.970668153566256,11
804,34,19,103,6,8.970243702574694,13
805,47,20,114,8,8.969382880850313,12
806,11,14,81,5,8.967824856070829,9
807,30,27,38,8,8.954819705983981,19
808,11,34,41,11,8.953991407123153,23
809,69,14,48,6,8.947708246863762,8
810,73,11,70,5,8.94135129372028,6
811,51,26,74,8,8.938947542412071,18
812,73,12,31,4,8.93891957013575,8
813,49,22,29,8,8.92665983569728,14
814,3,15,98,7,8.926309600802396,8
815,84,29,29,11,8.921575167609982,18
816,26,10,88,4,8.919527282390272,6
817,110,19,25,6,8.91770167255822,13
818,63,15,10,5,8.910939208335906,10
819,94,32,12,13,8.900231530265584,19
820,69,12,97,4,8.888377862411463,8
821,90,23,13,8,8.883764352926049,15
822,45,24,107,9,8.882581208643296,15
823,112,12,98,4,8.873991556640124,8
824,6,15,12,7,8.87368712650089,8
825,43,30,15,11,8.851792959599619,19
826,34,21,68,8,8.850128344712713,13
827,20,20,3,7,8.846112059849583,13
828,37,15,1,6,8.845768047127498,9
829,32,15,87,5,8.844155029434871,10
830,47,18,18,6,8.827723884174087,12
831,63,19,36,7,8.822881427312195,12
832,63,22,77,7,8.819997532642512,15
833,100,10,89,3,8.817738880915485,7
834,84,19,19,7,8.813396640852732,12
835,36,18,47,6,8.810892372607718,12
836,106,10,42,3,8.802546839644403,7
837,48,16,89,4,8.797618045530102,12
838,60,36,12,16,8.796940948337136,20
839,63,18,19,6,8.792724982250471,12
840,6,12,46,5,8.791371018033741,7
841,26,11,107,4,8.789963547813729,7
842,77,14,99,4,8.784719144285264,10
843,18,17,19,6,8.772934483482583,11
844,74,37,84,16,8.764103490564013,21
845,8,34,84,12,8.76285424467774,22
846,28,16,52,6,8.75730555636181,10
847,41,12,85,5,8.754152386383817,7
848,38,14,106,7,8.745019433529976,7
849,65,11,32,4,8.739314169667136,7
850,57,26,46,10,8.738900979302741,16
851,4,22,17,7,8.727735068009611,15
852,45,16,86,6,8.710518828201984,10
853,28,23,62,9,8.703867920620008,14
854,38,16,3,6,8.700552917920668,10
855,27,30,112,11,8.685425209929864,19
856,54,12,47,5,8.685088894357262,7
857,39,41,20,17,8.683414479878406,24
858,11,23,47,8,8.678762889076157,15
859,19,12,31,4,8.67684008479621,8
860,53,11,54,4,8.67028832638361,7
861,70,12,58,4,8.66252309250944,8
862,88,17,103,7,8.661440228649823,10
863,73,28,8,11,8.656865963639591,17
864,57,18,72,5,8.656042983673217,13
865,19,20,81,7,8.651149746915296,13
866,109,17,103,7,8.65017384187065,10
867,85,16,65,6,8.614950001639382,10
868,13,22,6,8,8.600067561462977,14
869,44,23,6,7,8.597523681350719,16
870,2,34,107,12,8.596357154255273,22
871,63,41,48,15,8.591649372014341,26
872,4,22,87,7,8.590843038311563,15
873,95,23,55,8,8.57500650986488,15
874,9,22,104,8,8.574493523715214,14
875,49,10,93,4,8.57216379677568,6
876,111,25,107,11,8.570266784296765,14
877,91,13,71,5,8.567246551132914,8
878,26,14,16,6,8.561151203860886,8
879,103,23,68,9,8.554646323444773,14
880,78,11,36,4,8.552435160203324,7
881,94,11,2,4,8.550586885180525,7
882,16,15,67,5,8.550473387804702,10
883,94,12,35,5,8.545638882275084,7
884,68,34,8,13,8.545370564412986,21
885,91,13,65,5,8.541931736396267,8
886,110,11,63,4,8.534985747455591,7
887,53,20,61,6,8.524850655507475,14
888,81,22,69,9,8.517997866855394,13
889,20,22,9,8,8.515923532058864,14
890,80,11,77,4,8.51548819382583,7
891,95,35,8,14,8.511725721270738,21
892,33,10,109,4,8.506616474826911,6
893,91,10,45,4,8.504304930616431,6
894,64,28,40,10,8.496071624321134,18
895,29,15,37,6,8.491699980771868,9
896,104,19,69,6,8.491359963005367,13
897,55,14,85,5,8.476039600481302,9
898,30,11,66,3,8.470012652510327,8
899,17,18,77,7,8.466623444733871,11
900,50,20,48,7,8.466418162124782,13
901,39,26,112,10,8.464674026518864,16
902,63,37,20,15,8.464473402081477,22
903,53,23,12,9,8.46079762480418,14
904,95,14,96,5,8.450373982592184,9
905,8,24,41,8,8.446748885751393,16
906,96,24,70,11,8.437417991026258,13
907,55,20,114,7,8.432483182241096,13
908,49,23,103,9,8.430062008794607,14
909,73,19,90,7,8.424101991862461,12
910,41,12,102,4,8.421036787338002,8
911,109,14,67,7,8.410228891959635,7
912,94,27,51,10,8.403248207266076,17
913,69,12,61,3,8.397253145469621,9
914,7,45,25,16,8.3728066183483,29
915,39,28,94,11,8.363460408949939,17
916,7,22,5,8,8.357081514884822,14
917,41,33,31,12,8.353957395244583,21
918,48,25,96,9,8.343995751105185,16
919,25,15,9,5,8.323455878342038,10
920,79,20,51,9,8.309517555811908,11
921,37,43,46,14,8.306667442353499,29
922,91,13,109,5,8.302894097359495,8
923,98,25,29,9,8.302046476403795,16
924,92,13,63,6,8.301235837359338,7
925,86,17,56,6,8.300855291965847,11
926,51,28,89,10,8.294249380728164,18
927,109,10,58,4,8.291034573977958,6
928,57,11,35,3,8.290193240386726,8
929,90,31,106,10,8.283845461248369,21
930,15,14,79,6,8.279617988476957,8
931,41,18,91,6,8.2766719527744,12
932,60,20,45,8,8.270932074255704,12
933,37,12,14,5,8.26646783507543,7
934,93,10,76,4,8.25053412937542,6
935,75,18,1,6,8.241769187322511,12
936,11,15,83,5,8.230715708736339,10
937,69,21,106,8,8.230262561693127,13
938,37,31,7,12,8.226042864777218,19
939,64,12,102,4,8.225103381123269,8
940,99,10,71,4,8.224966300288866,6
941,112,14,40,6,8.221202026655064,8
942,80,11,81,5,8.214427134711954,6
943,68,17,33,6,8.205627093372602,11
944,54,33,27,13,8.18041909853592,20
945,38,16,57,7,8.179065570967875,9
946,51,18,92,7,8.176167071622316,11
947,19,23,108,9,8.15860455583143,14
948,27,29,53,10,8.155521497979041,19
949,18,26,65,10,8.153871588166583,16
950,70,19,64,6,8.153009023968611,13
951,4,10,112,4,8.145974306589784,6
952,56,14,107,6,8.142413744294041,8
953,50,36,55,15,8.131693382626922,21
954,20,11,110,4,8.125291114928707,7
955,9,12,98,5,8.123745049728663,7
956,81,11,111,3,8.120062859865856,8
957,72,14,114,6,8.112992267571085,8
958,77,18,81,7,8.103239112093918,11
959,73,14,51,5,8.09774388932274,9
960,43,17,4,7,8.083539648296874,10
961,8,17,32,7,8.079749532998788,10
962,110,16,97,6,8.077466293642962,10
963,50,18,70,8,8.072010588554928,10
964,110,19,39,6,8.071999499945951,13
965,98,44,86,17,8.071238892551682,27
966,97,29,68,11,8.062315589675796,18
967,18,46,39,17,8.059585267290437,29
968,19,15,46,6,8.056646218005667,9
969,20,36,84,11,8.048616703285955,25
970,89,19,37,9,8.048334757683454,10
971,30,55,39,23,8.047157218235911,32
972,98,15,48,5,8.040930745507078,10
973,100,19,18,8,8.035989461751754,11
974,78,28,34,11,8.023408923275579,17
975,49,39,69,17,8.02260117331002,22
976,63,12,52,5,8.01519600341839,7
977,35,11,9,5,8.012816785902414,6
978,65,28,5,11,8.012091300535628,17
979,91,31,98,12,8.010154956050263,19
980,13,63,43,27,7.998283279294887,36
981,102,19,96,7,7.995631160966492,12
982,98,16,40,7,7.993416961646092,9
983,5,28,84,11,7.986435375626316,17
984,75,44,50,15,7.963443352466475,29
985,15,43,88,14,7.95659402956549,29
986,98,10,83,3,7.946776918388257,7
987,87,15,66,6,7.94612104522059,9
988,98,19,71,7,7.940784287039028,12
989,16,54,18,19,7.937149998649479,35
990,34,36,87,13,7.936042183144323,23
991,17,19,30,8,7.934712638962074,11
992,102,20,88,6,7.922214123871077,14
993,16,79,63,30,7.921890306239845,49
994,33,13,91,6,7.9196550020319165,7
995,30,13,33,4,7.91339518812487,9
996,108,20,98,8,7.913100401728397,12
997,88,10,82,4,7.912578083642501,6
998,71,13,38,4,7.906029048659731,9
999,78,11,31,5,7.904414780494012,6
1000,53,14,90,5,7.9010322992925905,9
1001,17,16,29,7,7.899676305324428,9
1002,108,14,57,6,7.895571252986589,8
1003,61,11,54,4,7.891370825375349,7
1004,102,25,87,9,7.882927052878476,16
1005,54,34,40,13,7.877426017050995,21
1006,27,35,77,13,7.8745216976485,22
1007,114,25,90,10,7.870165683504547,15
1008,28,30,2,11,7.862984699152351,19
1009,44,12,35,5,7.859665557157527,7
1010,106,26,91,9,7.859341034872011,17
1011,16,16,92,4,7.858675892555915,12
1012,11,13,66,6,7.856337586346077,7
1013,100,40,43,16,7.852959068336607,24
1014,57,13,89,5,7.848232404548364,8
1015,114,20,1,7,7.837742070296789,13
1016,86,37,103,13,7.835848260390052,24
1017,70,16,93,6,7.834949393241649,10
1018,30,34,77,13,7.831021537409562,21
1019,5,22,17,7,7.829641724195981,15
1020,54,14,108,4,7.821734358546891,10
1021,25,46,46,19,7.820401195025543,27
1022,114,12,110,4,7.800316810979699,8
1023,38,10,43,5,7.7891796162888625,5
1024,107,31,31,15,7.788469010128701,16
1025,111,25,13,11,7.788425056310504,14
1026,47,10,111,4,7.786638633209638,6
1027,92,14,114,4,7.774797164908201,10
1028,53,11,73,4,7.756297558195458,7
1029,111,19,51,7,7.750696049131197,12
1030,28,29,68,10,7.748993038967358,19
1031,30,10,111,3,7.74442175449077,7
1032,44,11,84,5,7.741464370739859,6
1033,46,18,29,9,7.738693511487552,9
1034,16,14,101,5,7.729447625525021,9
1035,78,17,104,6,7.72449974280056,11
1036,114,21,96,8,7.708209589747937,13
1037,8,12,103,4,7.7073602754994885,8
1038,75,61,68,22,7.69823200491078,39
1039,86,28,1,11,7.696680317913666,17
1040,62,11,96,3,7.693312023908734,8
1041,111,25,7,10,7.690323425771979,15
1042,87,37,70,16,7.689912827762477,21
1043,5,32,11,12,7.687442157533873,20
1044,90,22,63,9,7.68656156905561,13
1045,8,38,9,17,7.672754136226992,21
1046,108,10,49,4,7.66866894133045,6
1047,37,24,96,10,7.665844925696507,14
1048,104,11,66,3,7.658809119364057,8
1049,104,39,60,12,7.65596663244094,27
1050,33,13,31,6,7.647223417443057,7
1051,70,11,60,4,7.646435749026204,7
1052,15,13,96,5,7.641753691009957,8
1053,97,29,5,10,7.639418302115126,19
1054,28,28,3,11,7.638630473496032,17
1055,71,14,27,5,7.6209744722933594,9
1056,60,32,69,14,7.6138451240077565,18
1057,72,18,69,7,7.600823321303466,11
1058,51,20,91,7,7.599736540322733,13
1059,18,20,36,8,7.594902878501233,12
1060,103,18,84,8,7.589982363677433,10
1061,72,10,36,4,7.585561627806544,6
1062,28,31,114,13,7.584853881328921,18
1063,3,12,85,6,7.584252500547151,6
1064,15,22,77,8,7.575359057708289,14
1065,58,17,112,7,7.574468513714297,10
1066,53,31,112,14,7.574348903828081,17
1067,26,11,89,4,7.548540951637268,7
1068,16,74,55,27,7.540678563620176,47
1069,85,10,46,3,7.538229298143683,7
1070,58,33,13,11,7.536422738729348,22
1071,33,16,7,7,7.5321884826380465,9
1072,6,11,55,3,7.526848268362221,8
1073,41,18,17,6,7.526219064648913,12
1074,6,11,31,5,7.520489323813347,6
1075,65,17,66,6,7.515278237298981,11
1076,86,39,17,17,7.514722263451873,22
1077,85,11,47,3,7.51471835956732,8
1078,107,16,61,7,7.509321940652872,9
1079,64,10,93,5,7.507177747442428,5
1080,16,50,46,18,7.494318856216717,32
1081,7,21,109,8,7.493740572538848,13
1082,16,28,1,9,7.488361785520795,19
1083,71,15,76,7,7.4875920550169335,8
1084,20,23,68,10,7.482872234261611,13
1085,70,14,36,6,7.476080415111225,8
1086,39,75,49,27,7.468990972425396,48
1087,45,12,53,5,7.463487107897499,7
1088,27,11,80,4,7.4617467678086795,7
1089,47,18,69,7,7.454070061027652,11
1090,74,16,77,6,7.445248923450912,10
1091,11,12,71,5,7.444969376445687,7
1092,6,24,16,11,7.439865172191104,13
1093,58,14,47,5,7.433623349172303,9
1094,30,17,62,7,7.428902113557475,10
1095,73,18,5,7,7.416873021801379,11
1096,39,69,68,28,7.416112380780452,41
1097,36,34,41,16,7.412500474371831,18
1098,70,30,20,11,7.408681007686706,19
1099,77,10,91,4,7.405339289847274,6
1100,20,11,94,4,7.40491165274963,7
1101,75,14,76,6,7.401272000460674,8
1102,10,15,28,5,7.394064388880875,10
1103,7,22,56,9,7.387479337914444,13
1104,72,21,17,8,7.378309910067961,13
1105,71,19,81,7,7.374213709282574,12
1106,13,48,23,21,7.373546879981892,27
1107,73,10,71,4,7.373234065194549,6
1108,56,12,88,5,7.371104573008601,7
1109,31,14,80,4,7.367135464628979,10
1110,106,10,61,3,7.3668858265854,7
1111,25,16,33,5,7.365926272964513,11
1112,94,17,49,6,7.354878867659231,11
1113,43,55,87,21,7.354167654447849,34
1114,34,25,49,10,7.352338099314809,15
1115,41,11,61,4,7.351525315520968,7
1116,23,18,114,6,7.3449426375970175,12
1117,40,41,104,15,7.3422918945341555,26
1118,75,19,11,8,7.336654356306241,11
1119,75,16,2,7,7.332326563651876,9
1120,100,24,109,8,7.329916484501671,16
1121,62,30,88,12,7.323841783087015,18
1122,70,42,5,17,7.323141246130925,25
1123,13,65,106,25,7.3036939245307035,40
1124,15,15,53,6,7.3015008185892984,9
1125,5,27,98,11,7.298838761636912,16
1126,11,23,9,9,7.298808121542034,14
1127,49,21,37,9,7.297110710558478,12
1128,23,32,68,14,7.289923232946887,18
1129,43,31,40,13,7.287691070183644,18
1130,2,18,54,6,7.287492324178089,12
1131,78,33,12,11,7.286703069476236,22
1132,23,18,17,7,7.286484354574564,11
1133,95,14,49,5,7.284298716033514,9
1134,55,20,68,7,7.273979151335484,13
1135,86,84,96,32,7.269360183001262,52
1136,110,16,70,6,7.267896542251018,10
1137,20,17,98,6,7.267496359610289,11
1138,75,19,81,7,7.259552889264536,12
1139,61,10,18,4,7.259552128825379,6
1140,51,66,63,28,7.2587236185128665,38
1141,69,12,96,4,7.2527556906488675,8
1142,13,42,8,16,7.249552270590032,26
1143,31,14,5,5,7.246607645789558,9
1144,114,27,40,9,7.240772461331045,18
1145,76,24,94,8,7.236263005031582,16
1146,13,25,98,9,7.235257648894784,16
1147,34,37,8,14,7.229830930601624,23
1148,3,12,90,5,7.229183550562688,7
1149,41,15,90,6,7.225732946536368,9
1150,114,16,30,7,7.22328003108775,9
1151,107,28,103,11,7.216919378717128,17
1152,72,12,108,4,7.213712770239643,8
1153,98,14,93,6,7.212314028509714,8
1154,14,14,95,5,7.1971223272437035,9
1155,16,55,109,21,7.19009582440878,34
1156,112,15,43,6,7.1893251112725824,9
1157,90,18,39,8,7.18884605844648,10
1158,63,50,88,18,7.181466866993264,32
1159,27,75,87,29,7.180173022968941,46
1160,36,16,112,6,7.175574629533444,10
1161,41,30,77,10,7.15760476287467,20
1162,100,76,86,31,7.150918031546834,45
1163,97,26,51,9,7.145200913148905,17
1164,111,12,69,5,7.144443379259749,7
1165,13,12,93,5,7.127658172301537,7
1166,86,39,48,15,7.126858844205427,24
1167,7,100,51,37,7.124169403819477,63
1168,67,12,107,4,7.124134838046416,8
1169,86,30,83,10,7.114862976089353,20
1170,45,33,7,13,7.114147641228474,20
1171,78,31,8,12,7.113742389089569,19
1172,41,27,49,11,7.110861274287938,16
1173,40,51,55,19,7.109300201154281,32
1174,100,32,54,12,7.106265052685026,20
1175,1,10,45,4,7.100044646871245,6
1176,63,26,38,8,7.091217263422916,18
1177,27,21,55,7,7.087211713998168,14
1178,104,27,3,10,7.0862804085077595,17
1179,85,10,53,3,7.078145746437185,7
1180,98,30,63,12,7.074142027349341,18
1181,37,50,25,21,7.070541112352608,29
1182,99,18,36,6,7.061516094995866,12
1183,63,25,18,9,7.057051865944985,16
1184,35,17,51,7,7.047942210096517,10
1185,75,25,49,10,7.046279748381454,15
1186,11,22,17,9,7.039864252889305,13
1187,94,18,60,7,7.0351599724686675,11
1188,80,10,43,4,7.031005677454651,6
1189,95,15,40,6,7.026458120737086,9
1190,80,16,68,6,7.020946425736165,10
1191,16,108,39,44,7.014829887394666,64
1192,40,13,69,4,7.006717860168273,9
1193,100,28,102,10,7.002399266952142,18
1194,74,12,29,5,6.99788298965225,7
1195,39,27,72,11,6.997435434039894,16
1196,62,15,5,6,6.992708759597396,9
1197,17,20,55,9,6.987444025974706,11
1198,53,30,30,12,6.984989750265449,18
1199,15,12,6,4,6.9844847610743175,8
1200,109,48,8,20,6.974985396847095,28
1201,64,45,51,18,6.974550677142921,27
1202,18,23,97,9,6.9651635757198616,14
1203,16,34,36,13,6.962309553248682,21
1204,111,15,39,6,6.960860011711803,9
1205,32,18,104,6,6.9592250863895515,12
1206,91,19,50,7,6.959059467736711,12
1207,4,25,51,9,6.952578906103851,16
1208,39,37,29,17,6.952516568240128,20
1209,86,24,52,9,6.945114778958064,15
1210,60,33,50,15,6.944865376684978,18
1211,15,25,78,11,6.943037156058223,14
1212,99,12,88,5,6.93913123202866,7
1213,58,23,39,9,6.923348925217789,14
1214,47,44,13,17,6.918967707744426,27
1215,87,39,40,17,6.915208460636839,22
1216,98,31,76,12,6.9145039131956345,19
1217,16,42,64,16,6.913321918657585,26
1218,27,52,78,18,6.909170906178163,34
1219,58,21,68,8,6.904652684866492,13
1220,16,52,9,18,6.896262542179416,34
1221,39,16,14,7,6.8922808961517115,9
1222,95,28,50,11,6.891870477756295,17
1223,88,13,67,4,6.891493842154361,9
1224,27,19,35,7,6.889601577867774,12
1225,18,17,112,6,6.887267609994756,11
1226,106,15,99,5,6.882359612487443,10
1227,78,13,37,5,6.870587526937588,8
1228,29,19,69,8,6.870269758663409,11
1229,60,43,4,19,6.864343045215706,24
1230,30,19,103,7,6.840872277877622,12
1231,75,28,47,9,6.839491111976113,19
1232,20,15,29,6,6.832826874702712,9
1233,76,18,114,6,6.831521332050889,12
1234,77,13,114,6,6.831162976232081,7
1235,95,25,106,9,6.830338155584791,16
1236,29,33,30,12,6.824118744840723,21
1237,68,69,31,28,6.821634358561019,41
1238,56,13,4,6,6.816273515879686,7
1239,41,26,19,9,6.8150722527822545,17
1240,50,22,102,10,6.809919414830619,12
1241,14,21,28,7,6.807027415542909,14
1242,28,14,108,6,6.806119384401875,8
1243,28,16,49,7,6.801284823553006,9
1244,2,14,38,6,6.792448237787319,8
1245,80,29,87,11,6.787984537789177,18
1246,79,15,108,5,6.783855393965387,10
1247,97,20,57,8,6.78123727728494,12
1248,8,10,42,5,6.780541784776636,5
1249,18,32,8,11,6.779265570519181,21
1250,18,44,87,18,6.777662192884356,26
1251,39,43,88,17,6.751316626963761,26
1252,33,17,50,7,6.750798742645289,10
1253,63,27,109,12,6.749986635160673,15
1254,94,10,71,4,6.748460655059323,6
1255,45,13,68,5,6.747691137383074,8
1256,43,48,86,19,6.747240470510997,29
1257,43,33,109,12,6.743566165041471,21
1258,104,16,19,6,6.742171792497148,10
1259,41,13,80,5,6.741244434437033,8
1260,74,38,96,14,6.7318287322523656,24
1261,43,11,20,5,6.726970372628883,6
1262,30,32,55,12,6.725062001131899,20
1263,28,35,97,13,6.716635909782017,22
1264,108,16,15,6,6.713417993979579,10
1265,83,15,74,7,6.703298030488861,8
1266,63,25,23,9,6.701335055503619,16
1267,99,11,54,4,6.681725927932732,7
1268,64,38,31,15,6.680717740842574,23
1269,16,134,88,52,6.673952169928207,82
1270,14,15,88,6,6.669368246830069,9
1271,85,20,54,7,6.664179187550934,13
1272,83,11,71,5,6.6562053803338666,6
1273,71,19,37,8,6.653996053488666,11
1274,32,26,5,10,6.647447060451906,16
1275,16,31,58,13,6.6443499162942254,18
1276,78,45,87,18,6.64116756842897,27
1277,74,16,71,7,6.635644376222863,9
1278,4,30,65,12,6.635600395573753,18
1279,62,26,68,11,6.63500576126116,15
1280,107,25,102,11,6.634183780588418,14
1281,39,22,37,9,6.6321566948630455,13
1282,25,48,5,19,6.626414170343125,29
1283,72,24,68,9,6.623691235824784,15
1284,102,12,77,5,6.618078815941925,7
1285,11,25,35,10,6.609898653259957,15
1286,71,52,13,22,6.6022668326221785,30
1287,73,16,13,6,6.598047492921335,10
1288,50,23,109,9,6.597376468902569,14
1289,74,14,30,6,6.593804524411076,8
1290,86,29,73,13,6.584732384148775,16
1291,27,11,101,4,6.582303845846215,7
1292,84,28,57,13,6.577348977317855,15
1293,53,26,114,11,6.571088082289225,15
1294,75,31,63,13,6.570041946714362,18
1295,112,15,30,5,6.562692428407154,10
1296,55,26,97,10,6.55988722490137,16
1297,23,28,41,11,6.550829980754917,17
1298,106,32,23,15,6.549055396089183,17
1299,30,38,3,13,6.5390107208183155,25
1300,94,14,34,6,6.531647534575397,8
1301,91,13,80,5,6.531108694088667,8
1302,102,12,38,3,6.529266346603467,9
1303,44,16,64,6,6.52641817446092,10
1304,37,30,38,12,6.5188975255259205,18
1305,60,20,66,7,6.5151715619171755,13
1306,30,28,37,10,6.51369083060785,18
1307,55,66,65,27,6.5120252706716855,39
1308,39,14,97,5,6.507571487367287,9
1309,74,29,55,12,6.5036195464677915,17
1310,20,13,100,5,6.503255223034949,8
1311,90,11,102,6,6.502237322589013,5
1312,86,56,97,23,6.486588721597318,33
1313,72,19,109,7,6.482830333146175,12
1314,27,57,65,22,6.474755890082109,35
1315,88,30,38,10,6.4734110904241,20
1316,98,11,68,4,6.469927695975062,7
1317,35,12,15,6,6.467296765301501,6
1318,78,29,3,13,6.46365478843336,16
1319,11,15,10,6,6.454288934219358,9
1320,8,20,91,8,6.453847873736635,12
1321,93,28,54,10,6.453790444084362,18
1322,108,13,78,5,6.447674452588381,8
1323,69,18,94,7,6.432434124144731,11
1324,17,17,43,7,6.427509500961607,10
1325,75,21,100,10,6.42687784088126,11
1326,96,23,80,9,6.423400971659434,14
1327,84,28,48,11,6.421668889523295,17
1328,61,10,23,4,6.419517618014351,6
1329,64,33,63,14,6.4168724867260085,19
1330,7,20,62,8,6.416308867276496,12
1331,64,38,65,16,6.415105269042925,22
1332,6,11,72,5,6.413604067518454,6
1333,48,21,55,8,6.406579400537662,13
1334,80,20,37,8,6.401050818487377,12
1335,43,19,103,7,6.396904626354191,12
1336,79,12,49,4,6.395374558799645,8
1337,39,23,103,10,6.394077805872888,13
1338,54,62,70,25,6.393751574298834,37
1339,33,13,96,7,6.392035038140804,6
1340,28,16,27,5,6.382931621067466,11
1341,70,20,98,7,6.375551069484688,13
1342,33,15,102,6,6.371524301983967,9
1343,56,10,37,4,6.3674406628794715,6
1344,76,53,51,20,6.365833327733382,33
1345,7,24,46,8,6.3620461131037525,16
1346,46,14,77,6,6.346489877085669,8
1347,85,17,96,5,6.345069391274805,12
1348,27,12,46,4,6.342403139124134,8
1349,28,43,9,19,6.342362216975373,24
1350,15,16,91,8,6.341064031534598,8
1351,28,34,7,13,6.33926057444583,21
1352,72,25,49,10,6.334347669263841,15
1353,54,37,95,16,6.3333929852257755,21
1354,57,29,63,13,6.306126201759988,16
1355,28,36,102,15,6.294379170221607,21
1356,100,18,84,6,6.292769168431847,12
1357,107,26,77,11,6.291183885402885,15
1358,92,17,40,7,6.2908337110868535,10
1359,40,68,68,26,6.288399173895761,42
1360,12,15,4,5,6.2855790295334035,10
1361,86,21,4,8,6.279484499549702,13
1362,55,24,70,10,6.272647161931926,14
1363,20,45,5,17,6.2703736334427855,28
1364,89,15,53,7,6.26765697101517,8
1365,41,51,86,19,6.266690108129252,32
1366,15,12,95,5,6.265255655621168,7
1367,107,65,55,27,6.2629651896189,38
1368,48,10,46,4,6.2577441282220505,6
1369,39,24,81,9,6.2522820107309345,15
1370,39,18,83,7,6.251089662915293,11
1371,37,49,63,19,6.239339617220506,30
1372,114,48,5,20,6.2376335334787205,28
1373,23,22,39,9,6.230763513729904,13
1374,95,10,94,5,6.229015093991729,5
1375,53,15,100,6,6.219411389232119,9
1376,55,14,58,6,6.218287556947672,8
1377,28,37,70,15,6.2149266559981875,22
1378,114,24,70,9,6.214622620602992,15
1379,3,19,94,8,6.212642422976981,11
1380,68,70,87,28,6.212080199922705,42
1381,35,15,84,6,6.209299301194259,9
1382,108,26,88,10,6.206778138596414,16
1383,74,19,12,7,6.205068941759818,12
1384,50,30,71,13,6.204695227712774,17
1385,74,28,70,13,6.203999405338759,15
1386,63,28,2,12,6.2000184918514885,16
1387,11,38,68,16,6.199112684088247,22
1388,47,27,86,10,6.1934800041874265,17
1389,87,46,9,19,6.192350375466498,27
1390,13,73,40,31,6.184837754544506,42
1391,47,17,28,7,6.182374184386464,10
1392,80,10,93,5,6.175234905241023,5
1393,16,87,100,34,6.1749787187703085,53
1394,13,92,87,36,6.171233167252603,56
1395,13,47,36,18,6.167141158071527,29
1396,8,80,87,33,6.164483005102676,47
1397,104,58,28,24,6.161167829833448,34
1398,23,26,100,11,6.160200190912252,15
1399,100,32,7,13,6.153012622391108,19
1400,114,48,68,20,6.151577271829131,28
1401,73,24,74,9,6.15033234594065,15
1402,23,15,43,6,6.148918923918834,9
1403,37,10,12,5,6.14536499227858,5
1404,76,17,48,6,6.130488708954145,11
1405,29,17,48,7,6.127198243730573,10
1406,107,50,53,20,6.123597161626504,30
1407,65,45,29,18,6.117735582469618,27
1408,81,13,31,4,6.1171597913254,9
1409,107,24,66,10,6.115910396231512,14
1410,10,13,48,5,6.110914502877383,8
1411,90,12,7,5,6.108519045195328,7
1412,84,12,15,5,6.098921486728436,7
1413,62,16,69,7,6.098141811871047,9
1414,96,14,108,6,6.092516088942797,8
1415,9,26,84,11,6.089357364465301,15
1416,23,13,102,6,6.080684731147933,7
1417,41,19,81,7,6.074672741507837,12
1418,16,50,17,18,6.074642062910904,32
1419,16,36,38,11,6.073139665984629,25
1420,86,68,76,29,6.069972868791552,39
1421,27,64,86,25,6.065009426524368,39
1422,62,32,51,13,6.064263452819322,19
1423,54,32,49,13,6.063486256391265,19
1424,98,22,84,8,6.0610062755899206,14
1425,55,50,60,21,6.053838967638276,29
1426,41,22,28,9,6.053005216366935,13
1427,69,39,86,16,6.048519108301491,23
1428,30,18,12,7,6.0464472045738935,11
1429,100,79,51,36,6.046139963476388,43
1430,58,29,87,12,6.043606512163311,17
1431,8,62,63,27,6.040704829296191,35
1432,104,41,55,17,6.036207114699971,24
1433,7,24,98,9,6.033686003781979,15
1434,26,10,68,4,6.030745942778483,6
1435,72,11,64,5,6.027952830317364,6
1436,100,33,78,13,6.022823700055432,20
1437,27,38,94,15,6.017224957482415,23
1438,81,50,13,19,6.016435190824958,31
1439,107,69,104,28,6.010771127855349,41
1440,13,39,37,16,6.006726113746227,23
1441,65,51,9,20,6.006217714596818,31
1442,106,47,5,18,6.005839560090041,29
1443,94,21,54,9,6.000772945562414,12
1444,16,106,8,42,5.992600381834371,64
1445,28,18,29,8,5.991947603875371,10
1446,114,25,31,11,5.991876520395493,14
1447,16,48,69,19,5.987814454000904,29
1448,87,28,97,10,5.983886061129735,18
1449,16,134,87,56,5.983632510504494,78
1450,94,17,37,7,5.9815536162143665,10
1451,71,13,109,5,5.977466642753509,8
1452,53,19,77,8,5.976513729958846,11
1453,64,20,18,8,5.974775055211903,12
1454,114,18,94,8,5.974081788881617,10
1455,87,65,19,25,5.973528152192209,40
1456,27,21,38,7,5.970273477225022,14
1457,47,16,81,6,5.96783503011096,10
1458,97,18,40,7,5.96691841614039,11
1459,19,35,3,15,5.960474448167219,20
1460,27,40,15,18,5.952238112997686,22
1461,97,12,10,6,5.950831581917697,6
1462,114,19,81,9,5.947687005963305,10
1463,28,15,53,6,5.945744364633269,9
1464,53,26,104,11,5.936620222245529,15
1465,8,20,38,8,5.935271782387745,12
1466,12,43,13,14,5.929255274022873,29
1467,65,37,3,14,5.92543227536477,23
1468,73,20,114,8,5.924435121305104,12
1469,61,18,60,8,5.922750219418491,10
1470,78,23,7,11,5.919551023484508,12
1471,54,39,68,15,5.918584354683418,24
1472,37,22,110,10,5.913666685850416,12
1473,60,35,15,15,5.913095508650004,20
1474,65,51,20,19,5.912207435542769,32
1475,54,18,3,8,5.900167075724968,10
1476,100,46,15,19,5.896499790482473,27
1477,16,45,91,16,5.895263563304297,29
1478,75,45,9,18,5.89399328159944,27
1479,15,12,70,6,5.893160304355026,6
1480,101,15,68,5,5.891939886749792,10
1481,65,52,40,22,5.89106233992842,30
1482,37,11,3,5,5.8897383384754045,6
1483,10,15,57,5,5.8872808270615,10
1484,75,17,108,7,5.88550634585497,10
1485,46,12,36,5,5.882094180819337,7
1486,8,31,15,14,5.881893034376993,17
1487,28,12,31,5,5.876337878232255,7
1488,55,18,98,7,5.870446924304782,11
1489,68,54,53,22,5.8668125784316985,32
1490,34,17,7,7,5.86350495140184,10
1491,7,21,112,8,5.863389950487476,13
1492,104,52,51,19,5.856995324327739,33
1493,75,16,93,7,5.854064268882733,9
1494,80,12,79,6,5.851472407179259,6
1495,65,17,14,8,5.850273562995321,9
1496,49,11,74,5,5.844136641014432,6
1497,16,23,93,11,5.842811946264205,12
1498,88,13,66,5,5.838752373213262,8
1499,8,34,57,13,5.837314748465126,21
1500,63,40,13,17,5.836981602703613,23
1501,13,49,25,22,5.827601447712149,27
1502,8,37,93,16,5.8241714732303524,21
1503,86,56,75,25,5.819454003755878,31
1504,79,13,20,5,5.810117746469002,8
1505,73,20,109,8,5.807578339260896,12
1506,8,19,98,7,5.806615359942182,12
1507,10,11,106,3,5.803672894932928,8
1508,91,19,31,7,5.801858258461762,12
1509,50,29,30,12,5.790909551112376,17
1510,34,21,48,9,5.788285695597517,12
1511,17,21,9,9,5.788074839959892,12
1512,104,16,81,8,5.786821230718973,8
1513,62,16,109,8,5.770362238431112,8
1514,51,11,52,5,5.770255561533728,6
1515,86,51,78,22,5.767244310818812,29
1516,51,28,29,12,5.763884020681298,16
1517,58,13,53,7,5.7565593826386765,6
1518,47,12,12,5,5.753232192548286,7
1519,36,12,77,5,5.751140829309577,7
1520,50,25,18,11,5.745370532916838,14
1521,100,25,114,10,5.743860264273013,15
1522,87,30,53,14,5.743261646480791,16
1523,17,24,60,10,5.742654989357159,14
1524,50,18,72,7,5.738149044873563,11
1525,25,42,106,16,5.737688222420903,26
1526,86,123,51,55,5.737612310297881,68
1527,89,16,72,6,5.736268125328918,10
1528,80,10,109,5,5.736195162181013,5
1529,107,31,47,13,5.730039668040248,18
1530,55,40,54,18,5.729162102948165,22
1531,45,14,9,5,5.727853500458992,9
1532,25,26,51,11,5.726135112848954,15
1533,57,16,53,7,5.724480397511021,9
1534,11,37,19,14,5.719663561206055,23
1535,39,10,52,4,5.718885643095018,6
1536,69,16,12,8,5.715951067980107,8
1537,108,31,51,13,5.714339055081447,18
1538,109,31,55,15,5.712408791206378,16
1539,15,13,74,5,5.7106976006271415,8
1540,81,25,3,10,5.703142713570869,15
1541,64,22,43,9,5.70244252837627,13
1542,53,17,62,7,5.701449545318571,10
1543,13,52,64,24,5.695710338363922,28
1544,72,36,27,16,5.694359310489643,20
1545,70,10,32,5,5.692479372096221,5
1546,17,21,64,9,5.691159081713873,12
1547,41,23,37,9,5.690389002068545,14
1548,35,21,40,8,5.68914021357686,13
1549,37,20,27,8,5.683947818628646,12
1550,94,10,25,5,5.671887186214522,5
1551,16,31,99,13,5.665818337043016,18
1552,54,11,82,4,5.664278302313932,7
1553,100,72,87,32,5.663508217571142,40
1554,16,37,84,15,5.660913981238355,22
1555,25,36,88,13,5.660869431868405,23
1556,64,34,41,13,5.656501014375914,21
1557,30,13,2,6,5.655225265692614,7
1558,46,31,75,13,5.65470539949331,18
1559,103,19,17,7,5.652178473630305,12
1560,4,10,97,4,5.649870700339142,6
1561,62,18,104,6,5.643310295152116,12
1562,51,38,19,14,5.638623032173105,24
1563,109,16,46,7,5.636528034552761,9
1564,83,11,62,4,5.62718588507507,7
1565,34,12,90,4,5.626734472016551,8
1566,49,34,3,15,5.624837768695871,19
1567,19,10,5,4,5.623378775596124,6
1568,68,26,91,12,5.619466372772095,14
1569,102,16,98,7,5.616900846312717,9
1570,86,17,61,7,5.615128594276011,10
1571,76,41,68,14,5.614845988196357,27
1572,23,11,10,5,5.611414438981723,6
1573,49,36,60,15,5.599554299427178,21
1574,80,17,64,8,5.593698551425533,9
1575,20,38,96,15,5.591064360306498,23
1576,58,39,107,15,5.588947967313523,24
1577,20,22,44,9,5.576158683247873,13
1578,89,33,87,13,5.57602350236243,20
1579,7,23,38,10,5.575438881033765,13
1580,39,53,3,24,5.572586621336886,29
1581,72,11,9,5,5.567587328744071,6
1582,107,63,20,27,5.562332766197248,36
1583,37,14,108,6,5.561998311446509,8
1584,31,10,95,4,5.558189159340279,6
1585,13,30,95,13,5.5569838085167085,17
1586,46,11,4,5,5.5562218746456535,6
1587,48,42,107,18,5.555372120517399,24
1588,8,44,46,20,5.5530537260963095,24
1589,69,16,54,7,5.552096999235809,9
1590,8,41,25,16,5.550067480025429,25
1591,36,53,31,23,5.5485644604686595,30
1592,50,16,29,7,5.547011276460966,9
1593,25,18,84,7,5.546687618128964,11
1594,18,42,75,18,5.546579166688547,24
1595,44,11,70,5,5.543204446478317,6
1596,108,35,87,15,5.542122306966002,20
1597,15,14,102,5,5.539976966220617,9
1598,8,11,85,4,5.538404103047142,7
1599,16,22,14,9,5.533520092369791,13
1600,76,47,107,17,5.531771427114936,30
1601,104,11,103,5,5.528181230693725,6
1602,13,27,76,11,5.527723087609434,16
1603,13,24,48,10,5.520624456307565,14
1604,89,10,84,5,5.518590211576737,5
1605,103,27,57,11,5.512312504957701,16
1606,17,10,89,4,5.51177775189421,6
1607,45,23,65,11,5.510611418282089,12
1608,95,19,83,7,5.510188596504651,12
1609,39,32,38,13,5.50941856941641,19
1610,32,13,109,6,5.508051897308613,7
1611,2,13,40,5,5.504797437287725,8
1612,5,10,111,4,5.501968622126493,6
1613,87,69,37,29,5.500923627593111,40
1614,3,27,77,12,5.498978247990351,15
1615,67,10,102,4,5.497246561771851,6
1616,50,12,52,6,5.495642094131338,6
1617,111,27,55,11,5.492663797248297,16
1618,65,77,88,29,5.4834717664660895,48
1619,100,22,25,10,5.476003695191374,12
1620,16,140,107,54,5.471985599808884,86
1621,28,31,17,13,5.468605078583842,18
1622,31,13,74,5,5.468299370651388,8
1623,57,13,50,5,5.46070428512311,8
1624,68,24,109,9,5.452985921882115,15
1625,54,88,88,36,5.435654938222569,52
1626,71,29,68,11,5.435653336862239,18
1627,87,49,41,21,5.4340622034885815,28
1628,42,13,69,6,5.432900919803655,7
1629,34,23,55,10,5.426580515469939,13
1630,104,38,25,17,5.42238345531962,21
1631,23,10,58,4,5.417812881789321,6
1632,2,26,106,11,5.4140126266560475,15
1633,9,21,34,9,5.406001466575153,12
1634,4,11,58,4,5.405037105567138,7
1635,112,29,76,13,5.403769892160428,16
1636,8,20,33,8,5.397787705463006,12
1637,63,16,12,8,5.391260705608898,8
1638,34,20,74,7,5.390554150511845,13
1639,6,14,106,6,5.390411966564587,8
1640,30,29,64,12,5.379600226312595,17
1641,15,25,18,10,5.370261713586336,15
1642,84,36,39,16,5.369674486814979,20
1643,20,13,12,6,5.360426970680711,7
1644,7,35,97,16,5.356987360153854,19
1645,17,31,49,15,5.3513656262489135,16
1646,78,18,50,7,5.342630350789609,11
1647,54,37,90,15,5.340914168653275,22
1648,103,22,12,11,5.337957312778072,11
1649,97,14,102,5,5.335160623731833,9
1650,5,33,51,12,5.328986421528186,21
1651,83,21,64,9,5.3288244180118385,12
1652,100,28,34,13,5.3281859196144525,15
1653,23,47,88,18,5.321999692699338,29
1654,7,40,3,16,5.315954351050264,24
1655,12,21,34,9,5.31592171902971,12
1656,41,30,3,10,5.310066671174618,20
1657,34,38,86,16,5.308774927674142,22
1658,73,19,87,6,5.303982369774461,13
1659,15,21,69,8,5.298709014062983,13
1660,57,26,37,11,5.296608425452367,15
1661,89,11,3,5,5.295815593088658,6
1662,100,29,76,13,5.295650284046963,16
1663,99,21,86,8,5.291638236148403,13
1664,94,43,87,19,5.2888219438648365,24
1665,28,12,92,4,5.284547759707862,8
1666,88,20,6,8,5.272285617199486,12
1667,34,11,1,3,5.259854618241466,8
1668,107,29,35,11,5.259758635892075,18
1669,35,11,31,5,5.255104723881268,6
1670,87,54,49,25,5.249633404988073,29
1671,16,38,53,15,5.248684423830758,23
1672,43,16,62,7,5.246917211698106,9
1673,98,20,12,8,5.2458423308532485,12
1674,25,26,40,11,5.242222631716464,15
1675,91,21,25,9,5.236778929543698,12
1676,13,33,19,13,5.235854195465295,20
1677,44,15,76,6,5.232736844369687,9
1678,75,60,107,21,5.231874163862643,39
1679,35,11,5,5,5.226534281744125,6
1680,92,23,39,11,5.223931097826436,12
1681,54,54,106,25,5.222938310920245,29
1682,7,101,88,43,5.220134457500585,58
1683,72,29,3,13,5.220108593174471,16
1684,10,20,86,9,5.219152465496855,11
1685,23,46,87,19,5.210315940772414,27
1686,63,21,43,9,5.207688448634705,12
1687,3,21,50,9,5.206947329344855,12
1688,46,25,39,13,5.196853389468726,12
1689,104,18,80,8,5.194103195079235,10
1690,40,13,113,5,5.1937263926866155,8
1691,6,10,71,4,5.19369227829273,6
1692,75,17,97,7,5.1834390154874335,10
1693,91,12,48,6,5.179665478095687,6
1694,91,19,54,9,5.17957458706686,10
1695,74,14,112,6,5.173073586151801,8
1696,64,47,86,20,5.172007736481372,27
1697,11,19,32,9,5.1696009211826786,10
1698,39,59,60,26,5.168723942798304,33
1699,31,11,54,5,5.168002033532433,6
1700,65,29,96,13,5.165027076154164,16
1701,6,16,86,6,5.1642614081075955,10
1702,67,12,5,5,5.159840528973079,7
1703,78,30,69,13,5.156427155096975,17
1704,35,16,28,8,5.153123660542294,8
1705,106,24,9,10,5.150083731218856,14
1706,11,13,97,6,5.149154391162877,7
1707,80,17,38,8,5.143241338130117,9
1708,13,17,70,7,5.142156998200086,10
1709,70,15,71,7,5.1409333575718525,8
1710,109,23,38,8,5.1369538890417745,15
1711,36,21,3,8,5.136055944816984,13
1712,40,30,58,14,5.133397385337806,16
1713,64,14,33,5,5.132334361355241,9
1714,39,107,51,46,5.128634803283321,61
1715,104,47,50,19,5.128387406892863,28
1716,54,16,103,6,5.12354803440049,10
1717,30,10,1,4,5.107240382060615,6
1718,11,55,88,22,5.106519046181128,33
1719,86,37,62,16,5.101426314391753,21
1720,41,22,29,9,5.098991788467605,13
1721,49,14,33,5,5.095253781724572,9
1722,69,18,39,8,5.092034225030051,10
1723,34,15,5,5,5.091205514677904,10
1724,76,27,60,10,5.089384731941369,17
1725,39,38,43,17,5.088621927934746,21
1726,32,10,20,3,5.082163415292113,7
1727,62,29,19,11,5.080823904484956,18
1728,87,56,20,25,5.064527743269166,31
1729,7,16,10,7,5.0604070656519635,9
1730,100,27,55,13,5.057275002393836,14
1731,16,23,35,9,5.053981282073499,14
1732,12,12,17,5,5.051854355123882,7
1733,13,27,103,10,5.050931612605473,17
1734,95,20,75,8,5.05026015248493,12
1735,20,23,2,10,5.048117889239678,13
1736,30,18,108,7,5.041583987630236,11
1737,40,16,91,7,5.034652795604085,9
1738,100,24,74,10,5.032874442379239,14
1739,74,26,93,12,5.031462008142043,14
1740,112,12,34,5,5.029259987635679,7
1741,34,16,15,6,5.02872812747396,10
1742,55,19,18,9,5.012210431301632,10
1743,93,12,63,5,5.011120266810436,7
1744,100,53,27,23,5.011003031983155,30
1745,112,17,94,6,5.010192110959227,11
1746,102,13,83,5,5.00532757458449,8
1747,93,26,5,10,5.00446052682132,16
1748,7,41,106,20,5.003800212982274,21
1749,49,21,58,10,5.003014201039977,11
1750,51,23,96,10,5.001175453325252,13
1751,13,41,69,17,4.999568425599911,24
1752,50,23,31,10,4.99199978599778,13
1753,70,16,29,8,4.990481050245631,8
1754,63,19,94,8,4.988953899876627,11
1755,37,73,86,32,4.980857284592114,41
1756,65,25,109,12,4.980801505978468,13
1757,34,26,30,11,4.978136756373611,15
1758,23,46,60,19,4.974553671649713,27
1759,70,30,65,11,4.973765781446556,19
1760,80,10,44,5,4.973541413806906,5
1761,106,13,3,5,4.972676967703688,8
1762,98,11,23,5,4.9699651611390046,6
1763,27,21,114,9,4.967571693509975,12
1764,96,23,90,9,4.963939687748074,14
1765,57,27,43,10,4.963514648901844,17
1766,85,10,64,4,4.96270118497494,6
1767,62,16,64,8,4.958930096475882,8
1768,16,55,3,22,4.955584790321373,33
1769,114,26,3,10,4.954476539328307,16
1770,39,36,77,16,4.952273064965167,20
1771,77,10,89,5,4.949600502404531,5
1772,7,32,47,13,4.949472292851426,19
1773,56,19,68,9,4.948132166753329,10
1774,89,10,109,4,4.9475695420693455,6
1775,80,29,106,12,4.946009667025369,17
1776,40,15,78,5,4.942465399220725,10
1777,28,14,32,6,4.94214857785708,8
1778,49,11,71,5,4.940945789460408,6
1779,98,26,37,11,4.940519420053038,15
1780,78,50,51,24,4.932949040299609,26
1781,63,17,85,8,4.93137224468223,9
1782,65,23,34,9,4.928449942521101,14
1783,86,40,36,17,4.92743325124,23
1784,108,17,63,7,4.925158043652065,10
1785,74,56,106,24,4.924754963776783,32
1786,95,16,109,6,4.923183536193761,10
1787,87,47,57,20,4.916019594874862,27
1788,54,26,72,10,4.908429680107144,16
1789,3,36,29,15,4.907419952450117,21
1790,38,12,28,6,4.907164394244709,6
1791,39,10,101,4,4.88974127810336,6
1792,94,12,18,5,4.884425557504234,7
1793,69,11,95,4,4.882909765417967,7
1794,63,20,79,8,4.882182316485546,12
1795,76,19,72,7,4.875295541544449,12
1796,88,26,57,12,4.870812248870149,14
1797,29,11,1,4,4.866934575588788,7
1798,95,10,64,5,4.863376640358334,5
1799,5,10,89,3,4.862465640901744,7
1800,100,31,112,14,4.858414274039207,17
1801,64,23,23,10,4.856194819207912,13
1802,97,12,32,5,4.8514593495768255,7
1803,78,34,60,15,4.85034428415885,19
1804,30,31,94,14,4.848071493453302,17
1805,39,22,96,8,4.8469385601006945,14
1806,43,39,65,18,4.833637569721974,21
1807,8,15,67,6,4.831909846155588,9
1808,62,25,8,10,4.829650029048983,15
1809,114,21,15,9,4.8260102326414716,12
1810,17,52,51,24,4.824551662950425,28
1811,31,19,25,9,4.8238393010997695,10
1812,14,15,54,5,4.820525855929134,10
1813,74,11,85,5,4.812388004493801,6
1814,13,23,79,9,4.81127521378253,14
1815,104,34,63,15,4.811269466320185,19
1816,13,47,54,20,4.8086934753533885,27
1817,89,14,68,6,4.806077051288233,8
1818,78,43,19,17,4.805418077099062,26
1819,1,16,12,7,4.804302234326604,9
1820,75,22,96,7,4.801381492311929,15
1821,41,22,97,10,4.799957538599524,12
1822,111,11,25,5,4.797175922879401,6
1823,52,13,20,5,4.795236183864799,8
1824,5,12,10,6,4.788462999241516,6
1825,29,24,68,10,4.788097341695897,14
1826,64,23,19,8,4.784510417159227,15
1827,16,115,65,50,4.782452205057377,65
1828,9,12,5,5,4.777710715122406,7
1829,33,14,23,6,4.772846471482117,8
1830,90,13,70,6,4.771084444295363,7
1831,12,15,31,7,4.7706324645211815,8
1832,12,43,3,17,4.769009589089564,26
1833,18,15,98,8,4.768289045671959,7
1834,13,28,84,11,4.762106527456084,17
1835,106,14,62,6,4.759729251582843,8
1836,76,49,87,20,4.758624120350583,29
1837,7,23,50,10,4.754905099968973,13
1838,62,13,20,5,4.748945383379627,8
1839,25,16,77,7,4.745845616411634,9
1840,3,24,18,9,4.745790830202826,15
1841,93,11,100,4,4.745376683830198,7
1842,86,102,88,44,4.742535320864329,58
1843,78,11,64,5,4.7391034261565075,6
1844,25,13,108,5,4.7274242554223145,8
1845,41,34,104,16,4.726865305600903,18
1846,75,32,31,15,4.721982750346428,17
1847,3,28,57,12,4.718038788215104,16
1848,30,11,45,4,4.71768267651097,7
1849,58,21,88,9,4.7114818888953405,12
1850,20,23,46,8,4.7087130702664775,15
1851,4,18,81,7,4.707056678124466,11
1852,98,34,107,15,4.703806209041121,19
1853,111,13,106,4,4.703726078810505,9
1854,12,45,27,18,4.69092611599136,27
1855,40,51,39,21,4.685059105758992,30
1856,41,31,109,12,4.677585743432954,19
1857,109,25,3,11,4.677062907217812,14
1858,12,24,8,10,4.6768486824589965,14
1859,75,10,92,4,4.670779177266828,6
1860,63,16,72,6,4.66921393004508,10
1861,11,26,98,12,4.667493378770945,14
1862,25,15,47,7,4.65539023183265,8
1863,27,13,79,6,4.651583262533679,7
1864,15,16,1,6,4.649350840919032,10
1865,63,39,96,15,4.649023449526141,24
1866,12,17,58,7,4.645880660678281,10
1867,20,45,16,17,4.642619134249096,28
1868,80,11,69,5,4.638884395252672,6
1869,60,22,25,10,4.636282806493919,12
1870,106,15,110,7,4.633960085739291,8
1871,102,16,91,7,4.632859199025978,9
1872,72,10,40,4,4.616108231770902,6
1873,85,20,68,7,4.615895850726344,13
1874,74,11,57,5,4.613445177041246,6
1875,11,31,3,13,4.6088042563161755,18
1876,75,40,37,15,4.608119905928104,25
1877,13,21,96,9,4.6080585972764805,12
1878,80,18,39,8,4.600479594629686,10
1879,27,12,58,6,4.599497662673681,6
1880,41,60,107,23,4.597389180870248,37
1881,76,42,49,18,4.597313417816425,24
1882,104,88,65,39,4.597065355812896,49
1883,50,32,96,14,4.592653394244439,18
1884,9,15,37,7,4.590013554185222,8
1885,107,56,23,25,4.58829626247058,31
1886,13,47,78,20,4.587864669080551,27
1887,99,16,65,7,4.579704538683154,9
1888,7,23,58,11,4.575034525669341,12
1889,99,14,95,6,4.572737764013049,8
1890,60,43,114,22,4.570942388181804,21
1891,99,16,104,8,4.5627492392393005,8
1892,74,23,109,9,4.56252527772352,14
1893,43,18,5,8,4.559277543830878,10
1894,70,15,23,7,4.554568026577774,8
1895,83,15,46,7,4.551826612706294,8
1896,99,18,15,7,4.5514613106187225,11
1897,16,56,50,23,4.542580234745905,33
1898,93,29,28,11,4.540056078542574,18
1899,106,23,75,11,4.532198108241351,12
1900,100,68,13,30,4.527970398342333,38
1901,55,44,28,18,4.526943972884062,26
1902,74,23,50,10,4.520207268757788,13
1903,49,18,112,8,4.517911222226071,10
1904,63,64,54,27,4.513765725874224,37
1905,57,10,96,5,4.511509669176178,5
1906,13,68,46,28,4.497540419141798,40
1907,16,109,7,48,4.487436298549418,61
1908,75,44,71,17,4.485645835804012,27
1909,7,46,64,21,4.481240056988839,25
1910,96,31,25,14,4.472832877552797,17
1911,108,11,94,5,4.472725388082187,6
1912,37,18,32,8,4.466542082918524,10
1913,79,15,54,6,4.462814449138745,9
1914,96,11,49,5,4.460220810874951,6
1915,19,14,85,6,4.456802611003388,8
1916,77,11,97,4,4.454901155383994,7
1917,89,18,49,8,4.440648063424853,10
1918,29,31,15,14,4.43867565265861,17
1919,78,16,96,6,4.433803384678502,10
1920,76,17,90,6,4.433393911042905,11
1921,37,39,70,16,4.433263990915909,23
1922,17,10,58,6,4.43139506148379,4
1923,23,14,20,6,4.427778675436007,8
1924,78,30,49,14,4.425046116990907,16
1925,99,30,13,13,4.4209668288342625,17
1926,29,17,23,8,4.418393467914161,9
1927,84,30,70,13,4.416286467774103,17
1928,7,64,53,28,4.4162137369106675,36
1929,86,118,5,51,4.415256493878053,67
1930,47,21,15,10,4.413268254147364,11
1931,71,14,108,6,4.402422140240555,8
1932,20,53,28,23,4.401187083369335,30
1933,76,35,5,15,4.400670357773005,20
1934,90,26,65,13,4.399856936469097,13
1935,97,39,16,18,4.395866715554318,21
1936,76,16,108,7,4.384341872997917,9
1937,54,20,29,8,4.381395329954479,12
1938,87,33,25,15,4.379098196808539,18
1939,27,32,103,13,4.368558610062529,19
1940,64,23,11,8,4.368456944239422,15
1941,40,23,23,10,4.3684233268033035,13
1942,74,15,9,6,4.367415226980933,9
1943,89,12,20,5,4.365845085514368,7
1944,49,17,70,8,4.364791676107706,9
1945,81,30,16,13,4.363693611861319,17
1946,95,20,23,9,4.361896262769256,11
1947,64,31,71,12,4.3594731378011655,19
1948,19,11,83,5,4.359398192701059,6
1949,30,50,49,21,4.358181419996811,29
1950,65,16,6,7,4.346168811124805,9
1951,11,91,86,40,4.343694930770735,51
1952,77,13,94,5,4.342999354868116,8
1953,60,12,22,5,4.334241842742773,7
1954,16,169,86,69,4.332251257551974,100
1955,95,19,41,8,4.332143979792181,11
1956,47,16,100,7,4.329870016176779,9
1957,19,14,80,6,4.328848204649311,8
1958,77,41,51,19,4.3191516811724595,22
1959,4,22,40,10,4.316643149060887,12
1960,8,61,65,27,4.314970047229393,34
1961,97,23,17,10,4.313428551304965,13
1962,86,64,104,28,4.3129795987995365,36
1963,27,62,3,27,4.308787097250677,35
1964,106,27,53,13,4.3023196001359025,14
1965,37,45,55,21,4.3010010805888355,24
1966,46,24,63,12,4.29640388910373,12
1967,68,32,78,14,4.290052324917813,18
1968,100,83,107,39,4.285231321309808,44
1969,74,51,65,23,4.282390955650973,28
1970,64,17,77,6,4.27748081762254,11
1971,37,55,106,26,4.262507559544696,29
1972,54,71,51,31,4.2511027502562575,40
1973,100,13,70,6,4.2466986166827585,7
1974,106,14,34,7,4.243674039664676,7
1975,16,44,71,18,4.24180487871631,26
1976,15,35,3,15,4.240915958781538,20
1977,71,31,87,14,4.240167636343153,17
1978,29,11,104,5,4.232469176091443,6
1979,17,13,62,6,4.230180767198623,7
1980,9,21,38,9,4.22415659668818,12
1981,71,11,44,5,4.2235243488394545,6
1982,28,29,100,12,4.22112967447295,17
1983,4,19,18,8,4.220670692754495,11
1984,17,20,63,9,4.21709530073227,11
1985,15,29,81,13,4.216798906101532,16
1986,43,19,84,9,4.214619850887415,10
1987,52,10,48,4,4.211289472665269,6
1988,17,21,20,9,4.207666463256874,12
1989,27,20,48,8,4.2066865294128375,12
1990,86,38,81,14,4.2057639809901834,24
1991,65,56,36,24,4.205692860728478,32
1992,20,14,72,6,4.198852334302271,8
1993,29,25,34,12,4.194433318367099,13
1994,19,28,77,13,4.1898819439457275,15
1995,29,15,93,7,4.1887249261114,8
1996,93,11,43,5,4.184906166012258,6
1997,23,27,25,12,4.182190113226041,15
1998,58,29,69,14,4.178369386929424,15
1999,18,13,103,5,4.1752141807255745,8
2000,51,51,46,22,4.174462162624302,29
2001,60,24,96,8,4.164982345638217,16
2002,83,40,5,19,4.163709904424498,21
2003,34,17,22,7,4.1630551469091674,10
2004,30,16,90,7,4.160626997911916,9
2005,39,23,48,9,4.1604878803731165,14
2006,92,14,27,7,4.157793062407016,7
2007,19,10,2,5,4.15617878328422,5
2008,27,24,84,11,4.15605922191636,13
2009,33,14,27,6,4.153827171884239,8
2010,99,12,17,5,4.148375833376951,7
2011,50,77,28,33,4.143924434349459,44
2012,53,47,71,20,4.141303557057989,27
2013,71,11,20,4,4.1364305573939655,7
2014,83,15,50,8,4.131296712002355,7
2015,7,12,2,5,4.115660194227726,7
2016,108,17,55,7,4.110943675956946,10
2017,97,30,63,13,4.107378727934814,17
2018,75,48,51,22,4.10605342104463,26
2019,83,20,93,9,4.100880722204595,11
2020,20,24,35,10,4.098728722002916,14
2021,30,54,60,21,4.0979446685320235,33
2022,111,15,8,7,4.091375789332372,8
2023,36,11,19,5,4.088590218421681,6
2024,69,28,57,11,4.084947289281296,17
2025,78,17,98,8,4.084899624702052,9
2026,91,21,75,13,4.084376386784757,8
2027,95,21,46,9,4.071848693893571,12
2028,69,15,37,7,4.071098728743587,8
2029,7,68,31,30,4.069172309295859,38
2030,65,19,73,8,4.067312461469672,11
2031,20,12,38,4,4.067291998076448,8
2032,43,10,95,4,4.063398320607962,6
2033,56,11,39,6,4.061429150921742,5
2034,68,28,49,12,4.0611103765436,16
2035,15,16,75,6,4.056062954518072,10
2036,69,28,43,12,4.053028562183643,16
2037,14,10,20,4,4.051966837258039,6
2038,32,10,40,5,4.050021677419865,5
2039,84,12,69,5,4.046782427990891,7
2040,104,39,100,17,4.040446439481136,22
2041,1,10,43,5,4.0389767157587135,5
2042,63,41,114,15,4.037972989054357,26
2043,107,38,62,18,4.028509975356835,20
2044,28,25,19,10,4.019180575644085,15
2045,8,20,110,8,4.013172679497399,12
2046,5,18,77,8,4.010067732208506,10
2047,31,16,112,6,4.001730552260444,10
2048,9,18,100,7,3.9953268600169216,11
2049,104,16,112,7,3.9943402412730644,9
2050,112,12,14,6,3.993235963114864,6
2051,45,16,87,7,3.9869877249578156,9
2052,80,35,55,17,3.984081280103419,18
2053,60,18,97,9,3.9792005525226397,9
2054,83,10,76,4,3.9791717561004964,6
2055,96,12,14,5,3.975747798085741,7
2056,13,25,62,11,3.969870239284988,14
2057,13,44,77,19,3.9692169960806796,25
2058,84,11,94,5,3.968156665744439,6
2059,12,15,76,8,3.9651645288437334,7
2060,10,21,84,9,3.9602546020658425,12
2061,3,19,76,8,3.9582470227281767,11
2062,40,23,37,11,3.9558411724945226,12
2063,9,15,91,7,3.9508212932565088,8
2064,67,11,104,5,3.95056976239549,6
2065,16,23,2,10,3.948584482321736,13
2066,35,19,43,9,3.946831407739411,10
2067,29,42,19,17,3.945859288793997,25
2068,34,20,43,9,3.9450965871891324,11
2069,6,11,40,5,3.9442678680230885,6
2070,9,31,54,14,3.942845641758712,17
2071,84,22,76,10,3.938973343504664,12
2072,66,17,86,7,3.9377031431732417,10
2073,18,15,20,6,3.930360704025332,9
2074,60,27,38,12,3.9280695771482024,15
2075,5,28,2,12,3.9232778253201652,16
2076,75,29,64,13,3.9160007140392388,16
2077,30,65,65,28,3.9138585616017822,37
2078,48,47,87,19,3.9021303556719866,28
2079,55,30,63,14,3.9003771949656936,16
2080,62,12,47,5,3.8975081676650087,7
2081,1,25,54,11,3.8929886538978153,14
2082,107,46,3,22,3.8919572095832913,24
2083,40,17,5,8,3.8914877974226934,9
2084,76,31,109,12,3.887698579468372,19
2085,15,44,107,16,3.8828393722287604,28
2086,78,28,54,12,3.882100667150308,16
2087,3,22,112,11,3.881829625852149,11
2088,102,11,49,4,3.8805789709331324,7
2089,90,16,80,6,3.867067615214411,10
2090,16,36,47,16,3.8605492687072616,20
2091,40,50,107,20,3.8570605527160113,30
2092,16,58,62,23,3.8554708150534496,35
2093,85,17,17,7,3.8507511089593,10
2094,28,39,76,18,3.848512689408892,21
2095,100,33,63,16,3.8476705598955556,17
2096,41,22,50,9,3.845767300582984,13
2097,18,23,31,11,3.8430258307678673,12
2098,38,14,41,7,3.841623724218102,7
2099,38,13,46,5,3.8338597693432206,8
2100,4,11,3,5,3.8250463920918434,6
2101,48,12,75,5,3.823943527087417,7
2102,77,33,87,15,3.8220923973741265,18
2103,57,18,48,8,3.8148207098368454,10
2104,5,28,91,11,3.8146250930665184,17
2105,110,16,5,7,3.8138584796050914,9
2106,28,27,71,11,3.8126316435493948,16
2107,74,86,86,40,3.8093023861998647,46
2108,100,13,108,5,3.8087253310335276,8
2109,77,20,11,9,3.79957888463694,11
2110,6,11,39,5,3.7966207547038127,6
2111,90,25,50,11,3.7900343777578605,14
2112,25,29,54,13,3.788520356553666,16
2113,106,52,51,23,3.7850976424308236,29
2114,104,28,98,15,3.783243181516933,13
2115,16,38,80,15,3.781551960166923,23
2116,7,10,93,5,3.780231549016956,5
2117,86,64,46,26,3.776018515844727,38
2118,114,47,13,24,3.775914918731173,23
2119,12,20,38,9,3.7742726810102356,11
2120,87,21,17,9,3.7733166042192914,12
2121,55,27,9,11,3.772633679119087,16
2122,18,29,30,13,3.771793322983948,16
2123,87,124,107,55,3.769642350069727,69
2124,30,86,16,36,3.767405518157334,50
2125,102,14,17,6,3.765627490194506,8
2126,72,26,65,12,3.7623552594784693,14
2127,50,16,19,7,3.7546662752124598,9
2128,52,13,107,5,3.753558475982526,8
2129,3,24,64,11,3.749223027086129,13
2130,19,16,102,6,3.7459666677208263,10
2131,53,42,40,19,3.7429391558119973,23
2132,28,58,54,25,3.7427833536169195,33
2133,51,55,84,24,3.742451182902999,31
2134,1,13,4,5,3.736039087851971,8
2135,60,59,40,26,3.735016412978284,33
2136,15,19,50,8,3.731886058645917,11
2137,76,25,29,12,3.7314055594741085,13
2138,90,31,5,13,3.729228130116929,18
2139,15,13,40,6,3.725578311667862,7
2140,49,59,86,27,3.7237582148237554,32
2141,20,26,41,13,3.722699653504378,13
2142,91,40,86,18,3.721705750823955,22
2143,18,58,53,27,3.720925458312455,31
2144,15,21,5,8,3.7147342263498166,13
2145,1,21,64,10,3.714096825641645,11
2146,60,57,86,25,3.707824553169818,32
2147,13,79,60,33,3.706459830738316,46
2148,95,42,87,20,3.706416281336596,22
2149,112,10,35,5,3.7046440124812365,5
2150,89,15,55,7,3.7024183740582077,8
2151,29,15,108,7,3.6991799646967536,8
2152,17,12,108,5,3.6979659768897495,7
2153,23,19,28,9,3.6970356039584327,10
2154,78,17,20,8,3.6916138480807787,9
2155,38,21,84,10,3.669980206703245,11
2156,28,20,85,9,3.6675135147560156,11
2157,29,16,102,6,3.661932828184928,10
2158,49,19,18,7,3.6613367363964735,12
2159,39,24,31,10,3.6610558433956144,14
2160,90,10,71,5,3.6561036030201173,5
2161,107,21,32,10,3.6546977761524615,11
2162,17,11,18,6,3.651905683853184,5
2163,64,20,108,9,3.648889859577028,11
2164,114,16,98,7,3.6481628146735163,9
2165,9,13,23,6,3.6475995665029006,7
2166,14,10,70,5,3.647042134114854,5
2167,51,60,41,27,3.646621071359162,33
2168,76,32,39,12,3.6413483030396163,20
2169,55,51,5,22,3.6280461911141377,29
2170,39,33,62,14,3.6232722489239313,19
2171,80,26,28,12,3.6230809501897743,14
2172,112,15,79,7,3.621796379179409,8
2173,11,42,57,21,3.616998548456748,21
2174,1,36,88,17,3.612486249864132,19
2175,86,24,32,11,3.600337352350485,13
2176,65,88,41,36,3.5987797514188595,52
2177,34,23,79,9,3.5987779482770503,14
2178,75,57,16,26,3.5952902080350215,31
2179,106,14,57,7,3.593618983726931,7
2180,104,61,5,28,3.5931408944870395,33
2181,7,22,11,9,3.5909071733141316,13
2182,97,10,95,4,3.589432471334791,6
2183,64,24,49,10,3.588258757040444,14
2184,14,18,11,7,3.5868100547047623,11
2185,88,62,5,29,3.583030843412137,33
2186,41,10,62,5,3.5810735995056335,5
2187,102,22,51,10,3.5799509862134142,12
2188,33,14,78,6,3.5759620126343448,8
2189,14,22,87,9,3.574657228905804,13
2190,57,56,15,26,3.5732839064143724,30
2191,25,19,43,7,3.573077352948072,12
2192,78,26,77,12,3.5706941418808995,14
2193,51,51,11,21,3.5670376215712123,30
2194,6,28,7,15,3.5631855242339134,13
2195,60,12,79,5,3.555370933230572,7
2196,28,19,36,9,3.554999615354129,10
2197,62,21,37,8,3.552668728814333,13
2198,34,17,104,7,3.5506468783547804,10
2199,40,16,19,6,3.5456118713031146,10
2200,33,11,70,5,3.5452850377562246,6
2201,47,29,27,13,3.543966431934925,16
2202,34,50,107,21,3.5422466594443303,29
2203,95,46,16,22,3.540672468498238,24
2204,40,65,36,28,3.54008292473436,37
2205,28,32,30,15,3.539926425473853,17
2206,16,152,51,71,3.5371583805731084,81
2207,44,15,7,7,3.5352660207554565,8
2208,85,26,84,10,3.5349178606931724,16
2209,6,10,62,4,3.534555615892036,6
2210,93,17,25,8,3.5300397889756283,9
2211,37,55,50,26,3.5287986061002155,29
2212,17,11,57,4,3.5231240907929307,7
2213,89,16,74,7,3.5219803445540374,9
2214,55,23,77,10,3.5213277725739687,13
2215,28,17,15,8,3.521005718300717,9
2216,47,12,43,5,3.515494631843563,7
2217,8,32,27,15,3.515211617722362,17
2218,102,19,3,8,3.5088603359734862,11
2219,74,16,23,7,3.505315761927062,9
2220,25,27,109,12,3.5041369262347244,15
2221,73,17,98,8,3.503959852428817,9
2222,38,15,54,7,3.502268170966973,8
2223,78,18,103,6,3.5020473101978435,12
2224,114,39,51,19,3.4973322349486455,20
2225,97,36,114,16,3.494809729950692,20
2226,20,26,109,10,3.4929177397438647,16
2227,6,10,54,5,3.4921987314309866,5
2228,14,16,5,6,3.490369625649153,10
2229,62,13,36,6,3.4895283270523723,7
2230,36,30,51,14,3.487460022502504,16
2231,41,16,45,6,3.485066668867455,10
2232,25,20,70,9,3.4845181159437417,11
2233,34,41,27,19,3.4773981792874973,22
2234,11,27,102,13,3.4703002462259294,14
2235,50,21,49,10,3.4685004795882266,11
2236,33,23,5,11,3.4543275091771948,12
2237,37,21,23,10,3.4530437057487378,11
2238,112,14,114,7,3.4529529803290564,7
2239,7,94,86,40,3.4487912180291196,54
2240,65,34,76,13,3.447484602237814,21
2241,81,17,65,7,3.4470499311553464,10
2242,49,25,63,12,3.435463908483024,13
2243,107,40,38,17,3.4320037029545793,23
2244,7,52,27,24,3.4308990471010516,28
2245,108,14,38,6,3.426654286706616,8
2246,4,12,37,5,3.4218717037755013,7
2247,28,18,78,9,3.417711658801108,9
2248,17,11,36,6,3.417273645156761,5
2249,79,22,11,9,3.411899322441769,13
2250,12,28,11,13,3.4099949427919576,15
2251,4,13,28,6,3.394082491248691,7
2252,73,10,104,4,3.3914910994647243,6
2253,12,39,87,17,3.383602356538388,22
2254,36,28,55,13,3.3833365772573503,15
2255,75,28,27,12,3.382934039982325,16
2256,70,20,75,10,3.379349863200628,10
2257,74,16,91,7,3.3793273468188416,9
2258,64,40,39,18,3.377216491809084,22
2259,103,19,3,10,3.376784851491644,9
2260,73,18,96,8,3.3726024221333364,10
2261,91,31,107,13,3.3692392206395296,18
2262,13,56,28,26,3.3671896375902834,30
2263,40,17,20,7,3.3649339637959685,10
2264,54,25,97,12,3.3648153427656786,13
2265,14,23,8,10,3.3634201583462153,13
2266,9,14,61,6,3.362078776884604,8
2267,62,20,11,9,3.360638087171631,11
2268,14,17,106,7,3.360059412826618,10
2269,16,25,45,10,3.357346808329067,15
2270,83,10,20,5,3.3478898251644154,5
2271,15,19,20,8,3.345564249700581,11
2272,68,32,12,15,3.341405752135098,17
2273,68,13,5,6,3.3380294056441113,7
2274,80,17,48,7,3.3356230533911297,10
2275,12,14,57,6,3.335536008757955,8
2276,50,12,81,6,3.335453957922903,6
2277,13,85,55,38,3.325656298998864,47
2278,98,14,97,7,3.3185319117606134,7
2279,97,16,84,6,3.3164282058099306,10
2280,96,59,54,29,3.314517669950013,30
2281,86,66,25,31,3.3097455853588773,35
2282,41,14,96,5,3.3088942892360294,9
2283,107,43,64,20,3.307651233136555,23
2284,19,41,107,17,3.307359072836679,24
2285,47,29,68,13,3.30603752846127,16
2286,65,33,50,15,3.3047538561922973,18
2287,114,21,64,9,3.3046667254482807,12
2288,47,13,61,6,3.3043540506366393,7
2289,12,11,90,4,3.304244091296132,7
2290,12,26,23,12,3.2981731860922108,14
2291,34,11,98,6,3.2977526881218022,5
2292,76,17,79,7,3.2930359935936755,10
2293,55,15,35,7,3.2899027901624844,8
2294,13,37,1,15,3.287939891614485,22
2295,8,25,3,13,3.2773896333319046,12
2296,114,13,67,6,3.2746706512348394,7
2297,88,89,51,44,3.270665264118641,45
2298,11,46,54,21,3.264322305222964,25
2299,68,63,107,30,3.262613498145854,33
2300,7,24,74,9,3.2574931437928867,15
2301,114,47,25,20,3.2540864225169726,27
2302,16,75,49,33,3.251080032765048,42
2303,64,10,96,4,3.2470341038418864,6
2304,23,12,81,5,3.2407035870769985,7
2305,99,25,60,11,3.238194459102711,14
2306,107,49,36,23,3.2348387046482587,26
2307,3,14,97,7,3.230803945654674,7
2308,23,50,65,24,3.229242004811313,26
2309,54,16,12,8,3.22546532700851,8
2310,100,10,80,4,3.221630002984554,6
2311,55,18,94,8,3.2183549150249444,10
2312,89,24,86,12,3.2137728032174717,12
2313,17,16,74,7,3.211770551027834,9
2314,64,29,8,12,3.2116280139221263,17
2315,50,19,97,8,3.210625734622635,11
2316,60,47,31,24,3.209470727487928,23
2317,56,12,97,6,3.2085312435870676,6
2318,106,28,17,11,3.2039846830051175,17
2319,47,15,30,8,3.2029196549329773,7
2320,36,41,39,18,3.1998605067578247,23
2321,69,15,8,7,3.191300471105285,8
2322,17,22,90,9,3.1908484224220683,13
2323,11,10,58,4,3.1884299720547125,6
2324,54,31,114,15,3.18479213160143,16
2325,100,21,50,9,3.182484639829969,12
2326,103,16,69,8,3.178595710406121,8
2327,106,25,60,10,3.1712615038081853,15
2328,55,26,20,12,3.1691541193918384,14
2329,41,30,69,12,3.1671568486745967,18
2330,63,20,66,9,3.166079264336923,11
2331,107,55,9,27,3.1653943190937825,28
2332,16,59,23,27,3.1613779140699885,32
2333,93,16,109,7,3.1609286434035413,9
2334,75,19,4,8,3.1591429263358246,11
2335,86,21,82,9,3.158656091984634,12
2336,104,51,7,23,3.158219418007501,28
2337,49,35,51,16,3.1498846000583622,19
2338,75,23,23,12,3.1487336010920157,11
2339,43,49,19,22,3.148118421041857,27
2340,38,14,72,7,3.1474388565109104,7
2341,112,12,45,6,3.146093665017745,6
2342,114,23,9,8,3.1400252375404265,15
2343,47,24,41,12,3.137759511909013,12
2344,76,15,2,6,3.135016863493124,9
2345,6,11,28,5,3.131247568187587,6
2346,47,30,88,14,3.128005162623052,16
2347,17,37,107,17,3.127832561498684,20
2348,43,44,60,20,3.125644522728473,24
2349,39,45,104,20,3.1235813826450145,25
2350,23,36,8,16,3.1207627844807817,20
2351,28,36,48,16,3.118969087107223,20
2352,36,11,80,5,3.1158574211756562,6
2353,25,25,17,11,3.1106502600539123,14
2354,50,24,4,12,3.1105592371369686,12
2355,111,21,86,9,3.1037611827633476,12
2356,98,24,100,10,3.102517713271864,14
2357,92,15,60,6,3.101629065738577,9
2358,99,14,68,6,3.1001036150844774,8
2359,88,16,74,6,3.1000151762465453,10
2360,64,10,91,4,3.099347902087069,6
2361,104,34,54,16,3.0987784259955395,18
2362,6,20,87,9,3.097245674861366,11
2363,34,28,19,12,3.0972119799619953,16
2364,85,10,109,3,3.0954068823106935,7
2365,6,17,27,8,3.0947871865212933,9
2366,88,84,107,36,3.0947374678827564,48
2367,100,39,88,17,3.0942500000327047,22
2368,63,95,86,40,3.0921235411507433,55
2369,93,17,50,7,3.089216846430406,10
2370,107,59,37,27,3.087858660035621,32
2371,47,20,72,7,3.083365842281265,13
2372,66,12,28,6,3.0826665795427424,6
2373,55,16,62,7,3.0797392954165557,9
2374,97,23,104,11,3.078979141926911,12
2375,72,32,78,16,3.07649498282443,16
2376,19,29,60,14,3.0741844930514635,15
2377,43,37,7,15,3.0706324410883696,22
2378,75,30,25,13,3.0695517335408993,17
2379,71,18,25,8,3.0644100067848137,10
2380,6,11,57,5,3.0567504666964656,6
2381,7,45,55,19,3.054761469393279,26
2382,86,28,93,13,3.0472078293797855,15
2383,38,13,96,6,3.0422152322461717,7
2384,30,22,79,9,3.0387025691085756,13
2385,25,39,65,16,3.0368934823131166,23
2386,39,13,98,5,3.0332323169773585,8
2387,27,51,49,23,3.02887492552183,28
2388,40,17,33,6,3.0217035797006977,11
2389,38,16,18,8,3.0138242905199553,8
2390,74,42,63,20,3.0096162132471513,22
2391,50,20,108,10,3.0061866874624097,10
2392,16,58,37,27,3.0025107191283236,31
2393,96,14,34,6,3.001763014782561,8
2394,4,11,69,5,2.99948417666171,6
2395,76,28,19,12,2.9984169290649487,16
2396,86,47,90,20,2.997206734082276,27
2397,85,23,13,9,2.985985548040522,14
2398,46,13,1,7,2.9771068452784517,6
2399,84,36,106,18,2.975473960825013,18
2400,43,28,41,13,2.9751067750185944,15
2401,36,32,4,13,2.9739066740354216,19
2402,2,21,37,10,2.96975801126945,11
2403,73,16,63,8,2.966556049159884,8
2404,25,18,57,8,2.9649349505538733,10
2405,114,23,46,10,2.963143531607224,13
2406,114,23,57,10,2.9591464136641084,13
2407,65,20,103,8,2.958477045303468,12
2408,71,18,46,9,2.9448527741935377,9
2409,9,18,1,10,2.9438107743951836,8
2410,13,97,107,45,2.93933117280204,52
2411,16,63,5,26,2.9385145168648896,37
2412,83,27,65,13,2.938404758323202,14
2413,36,20,87,8,2.93557325089767,12
2414,33,21,28,11,2.934003356051797,10
2415,12,18,40,9,2.93028970370934,9
2416,3,10,33,4,2.927658221464771,6
2417,1,14,62,7,2.921521583990398,7
2418,88,21,61,8,2.9209863910476948,13
2419,102,19,106,10,2.9207255392565106,9
2420,29,10,47,4,2.9199833749969137,6
2421,109,17,9,9,2.91854195196147,8
2422,55,11,31,5,2.9183781753906346,6
2423,37,10,33,4,2.9157377490462264,6
2424,104,12,10,6,2.9113530030237116,6
2425,62,19,9,9,2.9069158954391607,10
2426,16,33,79,14,2.9049583801159358,19
2427,94,34,107,13,2.9026287383973433,21
2428,85,25,72,10,2.901205083852433,15
2429,30,34,71,16,2.8915964337712703,18
2430,62,30,3,13,2.88950558054978,17
2431,87,51,109,22,2.887890245008505,29
2432,60,69,88,30,2.8828629648708888,39
2433,88,18,48,7,2.8781551150447946,11
2434,17,25,46,11,2.875672610475698,14
2435,106,14,77,7,2.875589368126161,7
2436,75,21,30,10,2.874328227945732,11
2437,108,10,2,4,2.873465048153021,6
2438,107,37,112,18,2.8731744126175918,19
2439,112,14,1,5,2.872325056767921,9
2440,83,25,87,12,2.871024026015094,13
2441,103,16,94,8,2.8705816929887495,8
2442,88,69,68,31,2.8695211003313754,38
2443,88,10,17,6,2.869337502995369,4
2444,13,21,89,9,2.868635287896551,12
2445,28,70,84,31,2.8670003890442093,39
2446,55,50,11,21,2.8656348858368936,29
2447,69,25,28,12,2.861912956405139,13
2448,88,15,94,8,2.8588031686479485,7
2449,39,45,19,18,2.8553124214148213,27
2450,16,96,28,43,2.854985092700266,53
2451,39,51,53,23,2.8501763309992625,28
2452,97,13,33,6,2.848649622206162,7
2453,4,25,16,13,2.8411046840521457,12
2454,107,51,106,24,2.8408623146416336,27
2455,86,104,28,46,2.8374089851944673,58
2456,39,11,35,5,2.8361547619317555,6
2457,51,65,60,26,2.8343023051229057,39
2458,75,21,112,9,2.8242194050340816,12
2459,18,13,71,6,2.821320109059585,7
2460,68,14,48,7,2.8206443314688054,7
2461,97,26,76,12,2.8180456861896697,14
2462,9,48,40,21,2.81743847104381,27
2463,108,39,107,18,2.8113677155433545,21
2464,1,32,36,16,2.809530345293069,16
2465,99,15,41,7,2.8081672918617295,8
2466,65,42,71,18,2.8056942435602363,24
2467,106,14,112,7,2.805082024542774,7
2468,20,66,54,33,2.798936654496461,33
2469,83,32,8,16,2.795775595052069,16
2470,23,15,50,5,2.795623997234249,10
2471,68,14,44,7,2.7953277213928227,7
2472,8,60,51,28,2.7933631521243822,32
2473,7,26,1,12,2.793205495238505,14
2474,100,13,36,6,2.7923934619121074,7
2475,18,10,57,4,2.7910504415885566,6
2476,70,12,102,7,2.7906887378625385,5
2477,85,14,112,6,2.788857070839814,8
2478,87,25,52,12,2.788372915230442,13
2479,18,30,40,12,2.780722164544755,18
2480,16,78,68,34,2.779771316829561,44
2481,10,17,87,8,2.7770692343126595,9
2482,52,13,13,6,2.77648690159436,7
2483,43,22,72,10,2.7684818332150085,12
2484,50,25,64,12,2.763882032651321,13
2485,103,10,53,3,2.7626913899775767,7
2486,1,17,94,9,2.7623810098011936,8
2487,88,23,35,11,2.7598010038488723,12
2488,97,34,96,17,2.7556888339056833,17
2489,70,14,43,6,2.753352748891413,8
2490,3,16,46,8,2.752172231930853,8
2491,49,35,77,15,2.7512791911364767,20
2492,30,31,104,15,2.7504108450647493,16
2493,71,26,51,12,2.748484052918404,14
2494,39,80,107,37,2.7469032653332537,43
2495,69,31,68,14,2.743936079051882,17
2496,99,12,63,6,2.737725340993938,6
2497,104,67,13,30,2.733835584620105,37
2498,60,26,46,12,2.733085524905183,14
2499,89,16,65,7,2.732610790712205,9
2500,72,20,12,8,2.7323736468374116,12
2501,87,58,50,28,2.727728886996148,30
2502,49,11,5,5,2.7256599500520577,6
2503,44,16,88,8,2.7255415222047095,8
2504,37,30,84,14,2.7240272709777176,16
2505,51,93,65,42,2.7230634765412067,51
2506,34,16,88,7,2.7175195012540176,9
2507,63,20,4,9,2.7170319642618375,11
2508,38,21,29,10,2.711869147927812,11
2509,114,66,88,31,2.711653784187521,35
2510,2,46,50,21,2.7076882491876733,25
2511,39,11,79,4,2.703936570933463,7
2512,20,27,7,13,2.7023319306021247,14
2513,72,29,100,13,2.697928826752221,16
2514,87,63,106,30,2.6977525519324614,33
2515,43,20,37,10,2.6945517502192464,10
2516,88,25,90,10,2.6919812849334654,15
2517,10,11,65,5,2.691616036034299,6
2518,87,23,31,11,2.6915087275033063,12
2519,13,20,102,8,2.68911865765018,12
2520,72,32,11,15,2.6871680842550063,17
2521,74,61,5,29,2.685625674476677,32
2522,39,25,5,12,2.6791322172692817,13
2523,48,10,12,4,2.675775448389384,6
2524,89,35,16,16,2.6742119046529864,19
2525,25,17,44,8,2.67353547628176,9
2526,13,118,7,55,2.6708973171944725,63
2527,37,67,104,30,2.6697156594454787,37
2528,71,17,5,8,2.668348512437488,9
2529,49,28,62,11,2.660728279114504,17
2530,40,24,27,13,2.6563176029466624,11
2531,20,14,73,6,2.6543798385197754,8
2532,57,13,36,5,2.6531160901053727,8
2533,27,17,18,8,2.6478374641174094,9
2534,54,83,16,39,2.6476576176633038,44
2535,19,20,20,10,2.646933293157403,10
2536,104,39,109,18,2.643837630094446,21
2537,41,49,27,21,2.643129519975746,28
2538,110,13,54,6,2.635884902993451,7
2539,51,12,22,5,2.6349206585516356,7
2540,95,34,39,16,2.633907594970311,18
2541,54,21,98,10,2.6338814908595602,11
2542,95,34,107,16,2.633836762476072,18
2543,39,42,28,20,2.6233394077803616,22
2544,27,74,107,33,2.6182282798012366,41
2545,104,41,95,18,2.6172247089757974,23
2546,30,40,11,18,2.6113358055228186,22
2547,40,29,1,13,2.6081027273161883,16
2548,90,36,87,18,2.606877775856524,18
2549,50,37,51,18,2.606142976623963,19
2550,88,47,109,20,2.6054595606628665,27
2551,36,23,91,10,2.600483205457642,13
2552,11,38,60,17,2.600434490474114,21
2553,20,48,37,23,2.5936827651590773,25
2554,94,21,65,11,2.593266998560741,10
2555,102,27,37,12,2.5931875377695404,15
2556,1,10,109,5,2.5929606771402334,5
2557,19,35,94,17,2.5924300471605743,18
2558,28,71,65,31,2.5907378992374,40
2559,33,15,88,6,2.581178022844097,9
2560,50,22,112,9,2.578275791966451,13
2561,81,14,108,7,2.5758573743146345,7
2562,1,29,51,14,2.574119304918465,15
2563,48,14,25,7,2.5710538086168517,7
2564,33,26,13,12,2.569937378676217,14
2565,7,109,68,50,2.5626001746544613,59
2566,72,43,87,21,2.558970923403672,22
2567,86,14,14,7,2.5565201304900285,7
2568,16,44,29,21,2.5549668364257676,23
2569,73,19,1,8,2.5534291003907317,11
2570,9,44,39,22,2.551362349935293,22
2571,71,14,47,7,2.5504632262813383,7
2572,7,74,36,34,2.54935875079736,40
2573,97,35,65,16,2.539739428020559,19
2574,70,22,9,9,2.5390649499197586,13
2575,54,34,102,16,2.5372297090094844,18
2576,15,40,11,18,2.5337337406822127,22
2577,40,60,88,27,2.532837544735202,33
2578,7,29,17,13,2.532089441361393,16
2579,61,10,62,5,2.53075507416622,5
2580,44,15,107,7,2.530544567099409,8
2581,99,19,30,8,2.530388293684778,11
2582,76,29,27,12,2.5292444300037227,17
2583,36,33,9,15,2.527924078037464,18
2584,68,27,46,12,2.520930145642669,15
2585,97,18,29,8,2.5164381029243006,10
2586,12,15,36,7,2.516319942513756,8
2587,29,35,27,15,2.5139766493292597,20
2588,89,17,104,8,2.5139241654919755,9
2589,88,63,49,28,2.5106158226248643,35
2590,72,23,103,11,2.5080159380202254,12
2591,87,15,92,7,2.5078466479835897,8
2592,65,42,17,17,2.5046287773470137,25
2593,114,63,86,30,2.5031933128077988,33
2594,84,13,67,7,2.500709874534178,6
2595,65,38,111,16,2.4964278491140734,22
2596,71,27,9,12,2.485839871550415,15
2597,28,25,79,12,2.485405030035431,13
2598,98,14,30,7,2.4787817490874096,7
2599,87,58,28,28,2.477822962643624,30
2600,65,52,106,24,2.474183582331677,28
2601,68,51,3,25,2.4667337505952034,26
2602,74,17,69,9,2.466497282082459,8
2603,17,17,1,8,2.462761073509875,9
2604,102,32,25,15,2.460889696925051,17
2605,110,17,86,8,2.459712460283758,9
2606,40,10,84,5,2.4542210673969374,5
2607,58,16,50,8,2.4508398898046,8
2608,65,29,78,12,2.449883264614465,17
2609,61,17,65,9,2.4487309858444046,8
2610,63,15,61,6,2.445410080263457,9
2611,32,10,50,6,2.4440541907162885,4
2612,64,15,47,6,2.441201731533324,9
2613,23,56,7,26,2.4411917402729504,30
2614,23,34,51,16,2.437137346483703,18
2615,14,19,51,7,2.433844123091522,12
2616,77,19,112,10,2.4329966442768884,9
2617,3,17,96,8,2.432078371197565,9
2618,109,11,99,5,2.4195174025010506,6
2619,8,98,107,48,2.4151763973518863,50
2620,28,19,94,8,2.4149604753175544,11
2621,107,24,81,11,2.4141594134658915,13
2622,15,32,7,17,2.4130666365885896,15
2623,8,40,50,17,2.4122569104172085,23
2624,54,22,23,10,2.4071199385443034,12
2625,88,57,104,25,2.406185933878753,32
2626,20,26,80,12,2.4033351571638515,14
2627,74,14,33,7,2.401214003272284,7
2628,100,27,94,10,2.400243221659601,17
2629,46,38,28,16,2.3990178798165616,22
2630,97,21,109,10,2.398141101921517,11
2631,53,50,65,24,2.397002822057666,26
2632,23,13,48,6,2.3894452247322233,7
2633,4,21,71,8,2.387175011736595,13
2634,96,25,104,11,2.386641983915838,14
2635,75,13,56,5,2.3840139649043484,8
2636,86,90,84,45,2.3816790899230798,45
2637,8,14,112,6,2.3798297239108375,8
2638,71,40,107,17,2.376060967609246,23
2639,90,19,84,9,2.374748457023267,10
2640,86,149,87,74,2.374344474572708,75
2641,53,31,55,14,2.3720895326624136,17
2642,29,45,87,20,2.3714640179129782,25
2643,25,32,63,16,2.3688265373602633,16
2644,40,24,50,10,2.367144047455048,14
2645,99,23,5,11,2.36162190226428,12
2646,70,34,76,16,2.358420872168424,18
2647,100,14,97,6,2.358325970901081,8
2648,53,44,64,20,2.3578163734178164,24
2649,43,16,58,7,2.3567163693861573,9
2650,96,14,109,6,2.3566759619593634,8
2651,8,27,17,13,2.354578898260205,14
2652,40,17,109,7,2.3545763145612293,10
2653,99,12,33,5,2.354570382478152,7
2654,4,36,31,15,2.353535596679466,21
2655,79,10,96,5,2.351992111457352,5
2656,11,63,46,29,2.3482517586733156,34
2657,104,74,16,34,2.3470763532737213,40
2658,78,10,45,5,2.343791897433706,5
2659,30,16,52,7,2.3410140593607367,9
2660,109,21,77,10,2.340788066998929,11
2661,27,59,88,29,2.3376395265847867,30
2662,58,20,3,8,2.3347740768672467,12
2663,38,21,19,8,2.334542521998157,13
2664,57,45,51,21,2.331647398787,24
2665,80,37,86,17,2.3309612757843783,20
2666,25,28,53,14,2.3301510854690863,14
2667,109,51,5,25,2.3285813949081624,26
2668,60,77,77,36,2.328430632540068,41
2669,84,35,50,17,2.3257021134383256,18
2670,16,46,48,23,2.3231842704826606,23
2671,104,21,102,11,2.3206272974702777,10
2672,3,23,61,8,2.318754532374438,15
2673,111,18,87,8,2.316389144833365,10
2674,88,32,91,15,2.315767764685106,17
2675,8,58,96,27,2.313991189820113,31
2676,87,70,3,32,2.3135244458070203,38
2677,71,31,63,14,2.311262987331468,17
2678,63,28,70,13,2.309911464577443,15
2679,76,13,69,5,2.308555624427584,8
2680,35,13,70,7,2.3047047876076423,6
2681,38,11,98,5,2.303289795541877,6
2682,60,26,95,12,2.300035058084818,14
2683,86,23,33,10,2.299697494324661,13
2684,80,20,7,9,2.2986689861273377,11
2685,30,23,48,10,2.2978447431912095,13
2686,63,42,50,19,2.2950983829965117,23
2687,100,24,5,11,2.293242743404467,13
2688,106,13,4,7,2.287883468044358,6
2689,8,76,28,35,2.28759259007733,41
2690,73,16,16,8,2.286947763730408,8
2691,81,26,88,12,2.2857834835265316,14
2692,38,10,81,5,2.2819621266449914,5
2693,77,12,69,6,2.2797993708458937,6
2694,16,133,13,59,2.277115701838463,74
2695,65,14,92,7,2.2769844774151653,7
2696,50,47,11,22,2.276023953743783,25
2697,40,14,74,6,2.2751378053719047,8
2698,13,46,11,21,2.2748850063723403,25
2699,13,68,27,32,2.274081632265013,36
2700,61,10,31,5,2.2696136748473625,5
2701,28,66,96,31,2.2674069446039304,35
2702,85,12,7,5,2.267272935114745,7
2703,49,31,12,18,2.2670465912319986,13
2704,62,12,98,6,2.263618494828719,6
2705,77,32,18,13,2.2588523922859896,19
2706,98,16,17,8,2.2572460925395315,8
2707,74,13,41,7,2.2545650248033358,6
2708,95,30,25,14,2.253973143655666,16
2709,63,11,83,4,2.2518527555221,7
2710,86,16,113,7,2.2517990720455145,9
2711,8,17,19,8,2.250211187456416,9
2712,8,34,76,15,2.2482895172129034,19
2713,70,10,27,5,2.2432632584575636,5
2714,4,26,114,13,2.2345648368573663,13
2715,46,18,65,7,2.232998478058108,11
2716,62,29,71,14,2.2274966883750613,15
2717,90,16,25,7,2.2261576936837093,9
2718,98,13,99,7,2.2212581677933705,6
2719,75,23,84,11,2.2186834285684545,12
2720,5,50,96,22,2.21142719225076,28
2721,30,68,107,30,2.2090823054211053,38
2722,68,109,13,51,2.203259504991036,58
2723,91,12,56,6,2.199268647174773,6
2724,7,75,40,33,2.195752128306479,42
2725,60,32,75,15,2.194819750320694,17
2726,68,35,106,16,2.193685806982791,19
2727,7,19,72,9,2.1917063339887894,10
2728,29,44,107,17,2.1888148481240295,27
2729,109,26,102,12,2.184059522294135,14
2730,8,64,11,30,2.1781854274768375,34
2731,42,13,87,6,2.173897877700351,7
2732,5,10,29,4,2.165232041865749,6
2733,23,13,53,6,2.1639220781507693,7
2734,40,20,45,9,2.160407922723577,11
2735,10,21,8,9,2.147315002146761,12
2736,55,11,69,5,2.141856565606561,6
2737,71,39,39,18,2.1402119009407667,21
2738,72,19,8,10,2.1389010050028654,9
2739,102,22,74,10,2.1384304011801003,12
2740,66,13,31,6,2.1367157981218847,7
2741,8,26,102,13,2.1358165667375633,13
2742,2,12,61,5,2.133108515807604,7
2743,54,77,8,33,2.1325516335637458,44
2744,60,37,41,19,2.130524858613588,18
2745,98,10,43,4,2.1302778964437667,6
2746,41,61,88,27,2.1276735354556675,34
2747,102,32,114,14,2.1240842876015136,18
2748,7,62,9,31,2.12190310948229,31
2749,53,11,70,5,2.1174802085363624,6
2750,60,30,109,14,2.1142512208373354,16
2751,60,89,16,42,2.1138788560424144,47
2752,69,11,25,5,2.112059751085251,6
2753,68,28,94,13,2.106511062546953,15
2754,64,18,46,8,2.104735477830411,10
2755,112,19,23,8,2.101852765262114,11
2756,76,30,55,13,2.1010477361103184,17
2757,64,17,57,7,2.0964467583954445,10
2758,97,22,8,11,2.094799206270942,11
2759,72,27,77,13,2.0941804816773772,14
2760,40,18,11,9,2.0894421004610075,9
2761,15,12,94,5,2.08916589041162,7
2762,64,43,68,18,2.0864244028015833,25
2763,66,14,72,6,2.0852128177023035,8
2764,60,19,83,9,2.080593849514111,10
2765,54,43,19,18,2.0750475945700195,25
2766,13,112,51,56,2.0740369738262014,56
2767,27,20,23,10,2.0722628371370155,10
2768,94,12,50,5,2.067325915186851,7
2769,84,30,34,14,2.067010635537676,16
2770,30,41,15,19,2.065734969735294,22
2771,9,19,57,9,2.058380213538902,10
2772,20,10,108,5,2.0580290800777243,5
2773,48,25,65,13,2.057937129130549,12
2774,94,25,29,12,2.054430963734077,13
2775,12,14,7,7,2.0405365521973633,7
2776,11,18,93,10,2.0391902780828315,8
2777,60,40,8,20,2.033286998314092,20
2778,91,14,114,7,2.031242634143403,7
2779,87,36,75,17,2.0264664637740792,19
2780,32,11,13,5,2.0261815070275424,6
2781,28,52,51,26,2.025017303726126,26
2782,51,18,38,8,2.0249354756330757,10
2783,39,78,13,36,2.021887547561144,42
2784,114,27,17,11,2.021159075364864,16
2785,72,18,60,8,2.0200765666659533,10
2786,8,37,90,16,2.0194647820717773,21
2787,111,10,10,4,2.0194606727691027,6
2788,93,11,60,4,2.018629631632228,7
2789,80,37,54,19,2.0181573041232794,18
2790,84,37,54,17,2.0154202399698513,20
2791,68,29,70,14,2.015118158104632,15
2792,112,13,103,6,2.012520719272728,7
2793,83,22,97,12,2.0076368732075736,10
2794,48,29,11,13,2.003568336649414,16
2795,114,26,74,13,1.9975972531686852,13
2796,72,18,88,8,1.9890770538821374,10
2797,48,12,81,5,1.9888329395840285,7
2798,53,19,4,9,1.9876947928926743,10
2799,100,12,79,5,1.9822381822120898,7
2800,68,30,38,13,1.98112771845421,17
2801,23,11,103,5,1.9773995409345133,6
2802,95,28,53,11,1.9769373995573165,17
2803,88,32,70,15,1.9762934359596307,17
2804,55,31,84,15,1.9725581442910776,16
2805,54,10,35,4,1.970607603878345,6
2806,23,22,3,10,1.9704853033748797,12
2807,68,37,77,16,1.9669287486446911,21
2808,102,11,95,5,1.9663297200367644,6
2809,28,33,91,15,1.9649527402335243,18
2810,41,24,112,11,1.9642201479007209,13
2811,80,11,97,5,1.9631828964682283,6
2812,39,14,33,7,1.960095595226131,7
2813,41,21,78,9,1.9597162558523102,12
2814,50,11,35,5,1.9581460146246819,6
2815,19,30,86,15,1.9572349198961296,15
2816,36,34,64,17,1.9485056781764578,17
2817,13,22,61,9,1.9474617025071013,13
2818,25,20,55,9,1.9429576796619987,11
2819,86,45,12,21,1.9425753714701401,24
2820,23,14,31,6,1.9392936999416412,8
2821,110,13,104,5,1.938847445081051,8
2822,71,49,7,25,1.9387153694352726,24
2823,77,15,103,7,1.9384473379416856,8
2824,32,10,98,5,1.938005226383161,5
2825,23,14,97,7,1.9330528734436583,7
2826,41,26,76,14,1.9323052199492383,12
2827,65,30,84,14,1.928864673268391,16
2828,70,19,40,8,1.9276789997691242,11
2829,17,28,54,14,1.925973647351252,14
2830,114,21,18,10,1.9235772497574426,11
2831,99,11,76,6,1.9173589523208294,5
2832,97,32,106,16,1.9159665785715103,16
2833,110,11,17,5,1.9155371371930712,6
2834,8,65,74,29,1.9128656065638743,36
2835,111,33,16,16,1.9125912453319391,17
2836,17,39,34,20,1.911801999559805,19
2837,68,38,1,18,1.9099752765436635,20
2838,37,20,109,9,1.908398750070837,11
2839,46,35,87,15,1.9081637543359307,20
2840,93,12,9,5,1.9054646427528432,7
2841,50,35,76,19,1.9009793811042361,16
2842,57,67,86,32,1.899571336350326,35
2843,39,52,54,25,1.8985642042569593,27
2844,55,27,99,12,1.895072402151854,15
2845,52,12,100,5,1.8946165490949367,7
2846,85,12,98,5,1.892963761582925,7
2847,71,44,86,22,1.8883807510456327,22
2848,25,23,64,11,1.8857238852847764,12
2849,96,16,30,7,1.8850748786904798,9
2850,2,41,8,20,1.8848654476169666,21
2851,104,15,92,8,1.8690561053420138,7
2852,53,13,47,6,1.867452050486345,7
2853,60,13,33,5,1.8644268792007332,8
2854,93,21,97,10,1.8583722279909525,11
2855,53,22,97,10,1.8492466822191047,12
2856,50,13,73,5,1.8439270323254195,8
2857,12,18,85,9,1.8411131730635333,9
2858,11,34,20,15,1.8399043392082135,19
2859,92,30,88,14,1.8365360092779848,16
2860,84,38,96,19,1.8356486827006806,19
2861,17,18,38,8,1.835044678880425,10
2862,95,22,20,11,1.8350043196326213,11
2863,86,40,112,18,1.8317941051483282,22
2864,74,29,13,14,1.8278354237299024,15
2865,44,13,114,6,1.8263733365516688,7
2866,13,44,75,20,1.82625422828726,24
2867,86,37,79,17,1.8233812794868036,20
2868,102,13,99,6,1.821289341303691,7
2869,13,37,72,19,1.8151366438409953,18
2870,55,18,29,9,1.8130539080836594,9
2871,43,20,18,11,1.8118960321689035,9
2872,50,55,107,27,1.811199412039699,28
2873,13,51,15,25,1.810733306439124,26
2874,40,18,111,9,1.8104998545748747,9
2875,36,22,25,11,1.807144013826855,11
2876,70,57,86,26,1.80463722039498,31
2877,51,34,31,14,1.8036645224364263,20
2878,69,34,3,14,1.8032430518217066,20
2879,29,18,9,9,1.8021042570677095,9
2880,62,19,102,9,1.8008214371485478,10
2881,66,11,15,5,1.795076326934553,6
2882,107,33,85,16,1.7927255981297012,17
2883,100,55,19,25,1.792229597661203,30
2884,114,35,39,18,1.7909993968165154,17
2885,20,19,48,8,1.7888857426975104,11
2886,97,27,46,13,1.7888516310767923,14
2887,37,25,90,12,1.7816453937181727,13
2888,50,21,69,11,1.7758250016074677,10
2889,9,19,30,8,1.7725720850396782,11
2890,37,98,5,47,1.7580752219846099,51
2891,91,29,13,15,1.7567935360990932,14
2892,88,37,18,18,1.7539193639392456,19
2893,104,21,43,9,1.750605109142025,12
2894,79,23,107,10,1.7474071801332398,13
2895,60,33,36,16,1.7416473627060738,17
2896,18,11,6,5,1.7414584600944842,6
2897,36,37,88,16,1.7392851936744356,21
2898,51,14,66,7,1.7380363030144774,7
2899,9,23,112,10,1.7370284161007252,13
2900,111,16,9,7,1.7347101097492736,9
2901,16,27,44,12,1.7334648777380284,15
2902,106,38,96,17,1.7318320126651967,21
2903,32,13,68,5,1.7311662598089266,8
2904,60,24,1,11,1.730552170717301,13
2905,72,33,15,17,1.7279964636834557,16
2906,27,38,43,18,1.7274963713159432,20
2907,77,10,28,5,1.7274479044716262,5
2908,88,25,77,11,1.7210000447837095,14
2909,74,17,43,9,1.720220429736231,8
2910,104,24,83,10,1.7171480590838881,14
2911,5,51,54,23,1.7127518345022985,28
2912,88,62,28,29,1.7102908597256317,33
2913,85,15,57,7,1.703449553409084,8
2914,20,16,102,8,1.6989391239814888,8
2915,36,15,23,9,1.697287527418564,6
2916,63,17,95,8,1.6923751834394967,9
2917,30,57,27,28,1.6896054659634092,29
2918,73,20,28,10,1.687006788072292,10
2919,23,17,109,8,1.6845705647628204,9
2920,55,40,106,18,1.6835382667235024,22
2921,8,83,88,40,1.6811669912632214,43
2922,16,41,90,20,1.6799312140304254,21
2923,16,69,19,30,1.6745125095622309,39
2924,63,45,7,18,1.673573876629926,27
2925,48,14,104,6,1.673511883025235,8
2926,87,45,84,20,1.6712785926609632,25
2927,45,28,31,13,1.6710870406691025,15
2928,17,17,112,8,1.670998049379022,9
2929,54,19,33,8,1.6683853925492595,11
2930,114,13,34,7,1.6642874528280043,6
2931,37,47,74,23,1.66281633297112,24
2932,63,24,47,10,1.6623324282821739,14
2933,41,30,1,13,1.6558361653082903,17
2934,57,16,104,6,1.6527114989919929,10
2935,36,23,68,11,1.651168634820273,12
2936,57,16,98,8,1.6472005514323518,8
2937,30,41,68,20,1.6397998764136308,21
2938,51,89,107,38,1.636329019844688,51
2939,104,26,18,11,1.6361581237581893,15
2940,103,23,29,12,1.6352844270421687,11
2941,6,18,68,10,1.6346986227731617,8
2942,35,28,86,12,1.630292710908606,16
2943,64,12,84,7,1.6272082249846804,5
2944,7,22,30,12,1.6270647619511827,10
2945,106,46,88,20,1.6248459493396556,26
2946,58,18,51,9,1.621479594986714,9
2947,17,14,80,6,1.6140041509212482,8
2948,30,29,69,14,1.6139022710932394,15
2949,15,26,54,14,1.6106595014683187,12
2950,76,17,18,8,1.601109520179619,9
2951,51,56,37,24,1.5992269438266569,32
2952,91,12,38,6,1.5959128745414664,6
2953,14,11,75,5,1.594721022285634,6
2954,51,24,98,11,1.5914965104039462,13
2955,104,18,23,10,1.586371905318577,8
2956,87,99,65,47,1.5861680569201875,52
2957,65,42,11,21,1.5856894048829608,21
2958,27,20,98,10,1.5846794804650375,10
2959,2,15,25,8,1.5845186001024,7
2960,2,34,97,16,1.581483466739766,18
2961,53,24,81,11,1.5814051894912782,13
2962,55,22,90,12,1.578656952498875,10
2963,76,20,95,10,1.5773440780858254,10
2964,74,59,16,29,1.5763144198537753,30
2965,96,34,88,17,1.5755489762598094,17
2966,4,61,13,28,1.56876063127331,33
2967,86,88,8,45,1.5679670065587505,43
2968,30,61,19,28,1.5625167280187038,33
2969,100,25,69,12,1.5539300788324983,13
2970,80,20,11,10,1.5532652275466894,10
2971,43,52,94,25,1.5485361244464173,27
2972,60,53,65,28,1.5454344822227837,25
2973,60,32,9,14,1.541763907829675,18
2974,68,19,81,9,1.5385400494517059,10
2975,65,94,107,45,1.5382878071098194,49
2976,22,10,86,5,1.5381482899799122,5
2977,98,13,79,6,1.5335435073226167,7
2978,29,13,53,5,1.53176700286447,8
2979,60,24,58,12,1.5296571105675618,12
2980,114,20,84,9,1.5282826629009736,11
2981,23,49,86,23,1.5258006277824925,26
2982,51,49,109,20,1.525322576577638,29
2983,35,14,37,7,1.523131742310598,7
2984,63,53,87,24,1.522887484865592,29
2985,78,48,107,22,1.5217674199254123,26
2986,107,45,70,23,1.5183987584852088,22
2987,16,53,70,24,1.5177519456578035,29
2988,46,12,55,5,1.514859018089967,7
2989,64,30,27,14,1.506656484827703,16
2990,68,53,63,25,1.50575560658607,28
2991,60,21,57,10,1.5054649360999508,11
2992,27,25,50,10,1.5040884605682736,15
2993,54,10,89,4,1.503765809030216,6
2994,46,52,5,24,1.4974094901037533,28
2995,107,47,25,23,1.4967278623744338,24
2996,112,16,11,8,1.4950492246382474,8
2997,87,26,112,13,1.492086660519308,13
2998,2,23,74,10,1.4920197761473226,13
2999,27,10,95,4,1.4847422192138044,6
3000,60,74,71,35,1.4843115108657066,39
3001,86,44,77,21,1.4836620718907323,23
3002,30,21,102,11,1.483382510488162,10
3003,37,38,17,16,1.479924510472103,22
3004,68,10,84,4,1.4788993773509214,6
3005,103,17,79,8,1.4762996181953671,9
3006,106,50,11,21,1.4751786277994416,29
3007,35,24,7,12,1.4676220715119486,12
3008,6,13,69,7,1.4672562795661197,6
3009,71,24,3,11,1.4668209780059522,13
3010,57,41,13,21,1.465800440747489,20
3011,40,64,51,31,1.4624658901194083,33
3012,31,21,47,10,1.4606130980712677,11
3013,12,18,52,8,1.4597821535609574,10
3014,25,23,83,10,1.459720188055504,13
3015,19,27,12,15,1.4588039556887227,12
3016,34,29,11,13,1.4582216435249533,16
3017,91,14,90,7,1.453639559044283,7
3018,15,56,86,26,1.4519819824759257,30
3019,65,33,80,16,1.4513664238423436,17
3020,106,55,63,27,1.448556681809942,28
3021,75,44,39,23,1.4473715172929777,21
3022,27,20,81,10,1.446682198592998,10
3023,99,14,27,6,1.4451774655149798,8
3024,18,32,12,16,1.4432504726362265,16
3025,65,33,69,16,1.4425642416495112,17
3026,19,22,112,11,1.4419647960353517,11
3027,20,21,97,11,1.4395279608818752,10
3028,50,28,25,14,1.4391705454909005,14
3029,89,21,60,11,1.4364501610048446,10
3030,108,32,86,14,1.4238119794889865,18
3031,36,35,45,19,1.423273124508118,16
3032,1,11,53,5,1.4196819324858239,6
3033,30,23,106,11,1.4150001393849174,12
3034,12,20,71,10,1.4059148964814137,10
3035,46,25,9,13,1.4052752923291445,12
3036,70,17,95,9,1.4011695857654891,8
3037,74,12,98,6,1.394136813126094,6
3038,63,44,41,21,1.393059609593735,23
3039,78,28,43,13,1.3913461608834174,15
3040,95,12,80,6,1.3888115326852126,6
3041,36,11,29,6,1.3837445576600509,5
3042,62,14,84,7,1.3810102415014267,7
3043,106,30,41,15,1.3806292559177726,15
3044,52,11,55,5,1.3787566985994324,6
3045,20,36,106,17,1.371361503792123,19
3046,23,22,77,11,1.37016978666684,11
3047,25,26,30,14,1.363384718034573,12
3048,41,35,40,18,1.358626645359705,17
3049,104,33,70,16,1.3582302540990812,17
3050,86,38,18,17,1.3540592939037148,21
3051,30,14,81,7,1.3508923221630391,7
3052,97,37,88,18,1.3490743629309014,19
3053,108,17,40,9,1.3479697301696891,8
3054,15,18,41,9,1.3413989104987405,9
3055,8,44,104,21,1.3410693202324964,23
3056,6,10,23,5,1.3385415186806267,5
3057,16,74,57,34,1.3317936510642745,40
3058,19,32,57,16,1.3316648721386188,16
3059,8,56,39,29,1.3280814413768331,27
3060,68,88,51,40,1.324379936821121,48
3061,74,18,80,9,1.319966132866856,9
3062,65,111,63,53,1.3193232513653719,58
3063,55,57,88,25,1.3163784693707288,32
3064,94,11,40,5,1.3131730085845268,6
3065,112,32,65,16,1.3122977163439495,16
3066,68,52,9,25,1.3104638696206712,27
3067,9,28,58,13,1.310268135821897,15
3068,32,14,51,7,1.3093866254236395,7
3069,8,94,55,48,1.3083160570042143,46
3070,86,38,72,18,1.307541159132112,20
3071,41,28,114,14,1.307338108043566,14
3072,107,74,63,39,1.3057879270213837,35
3073,60,79,7,38,1.304264843873566,41
3074,69,22,109,10,1.3040136872203265,12
3075,5,44,13,21,1.3023509853743034,23
3076,15,41,68,18,1.2999611619233393,23
3077,100,31,62,16,1.2976488807900077,15
3078,41,47,68,23,1.2976062488793099,24
3079,7,22,8,10,1.2952715014492373,12
3080,88,39,4,19,1.294921220761057,20
3081,108,23,60,11,1.29428465385161,12
3082,27,49,11,23,1.289997821755581,26
3083,51,19,99,10,1.2892082407104484,9
3084,76,24,88,12,1.2876347721936485,12
3085,49,51,19,24,1.2856247101132403,27
3086,96,59,107,27,1.2779661064945878,32
3087,46,57,54,28,1.2778066019254952,29
3088,34,10,91,5,1.2767116469837227,5
3089,41,20,103,9,1.2736208996736864,11
3090,71,11,1,6,1.2732152302328021,5
3091,17,35,39,16,1.2724401696667658,19
3092,107,129,86,62,1.2723025216289563,67
3093,60,29,28,16,1.272111001147211,13
3094,39,42,12,20,1.2645071612189855,22
3095,52,15,65,8,1.262826215370322,7
3096,92,12,107,5,1.2625916923530776,7
3097,81,20,18,10,1.2612198373935404,10
3098,93,10,79,5,1.2606355667564615,5
3099,114,18,49,10,1.2604600332250735,8
3100,9,37,63,18,1.2589023707877973,19
3101,17,42,13,21,1.2570532505054286,21
3102,13,61,9,28,1.2504419702657084,33
3103,15,23,103,12,1.2498411452028233,11
3104,11,31,74,15,1.2464065422784565,16
3105,3,35,43,16,1.242657245627371,19
3106,91,20,37,10,1.2413018923540677,10
3107,19,27,88,14,1.2411857217422881,13
3108,71,25,31,12,1.2380158081615484,13
3109,94,27,86,13,1.2377242713554286,14
3110,68,76,27,36,1.2367720795392603,40
3111,16,58,41,27,1.234085574365883,31
3112,28,39,25,17,1.2338977751460145,22
3113,86,68,55,32,1.2323957842223827,36
3114,55,17,41,8,1.220974525083998,9
3115,112,51,16,25,1.2207004808764241,26
3116,95,17,77,8,1.2206054516856415,9
3117,63,12,103,5,1.2193256477782357,7
3118,71,37,88,16,1.218508421155273,21
3119,47,15,19,7,1.2137153571077086,8
3120,58,16,63,9,1.2116740819179406,7
3121,25,33,97,16,1.2112097532933517,17
3122,26,14,87,7,1.2094012119748319,7
3123,47,12,76,8,1.2091645579998245,4
3124,8,33,48,16,1.2090868114966704,17
3125,100,20,17,8,1.2077967005548735,12
3126,28,65,5,32,1.2040234196998174,33
3127,90,15,33,7,1.2020135668608967,8
3128,107,25,72,12,1.2011878206481754,13
3129,41,77,13,38,1.2005655519836043,39
3130,20,20,76,11,1.195513412586339,9
3131,68,72,86,36,1.1937648271472945,36
3132,25,67,16,32,1.1932865297100734,35
3133,68,18,74,7,1.1930607364890244,11
3134,64,16,12,8,1.1924819227665278,8
3135,98,15,60,7,1.188577253485572,8
3136,87,16,110,7,1.1878037867151132,9
3137,49,28,9,15,1.1870965912725642,13
3138,76,31,96,14,1.1853039288193863,17
3139,33,12,77,6,1.1756675735500741,6
3140,83,35,55,18,1.174944809247691,17
3141,58,14,100,7,1.174738305934054,7
3142,63,51,11,22,1.1727104947557743,29
3143,44,13,75,7,1.169380882277211,6
3144,70,24,41,13,1.154537329956712,11
3145,30,85,87,41,1.1522758000325846,44
3146,17,33,50,17,1.1518911540029002,16
3147,79,17,7,8,1.150116600366683,9
3148,30,22,72,10,1.1468117043313355,12
3149,17,10,33,5,1.1464162819529016,5
3150,64,20,45,9,1.1431500338693177,11
3151,8,14,56,7,1.138262181129431,7
3152,76,31,30,16,1.1359164811854061,15
3153,62,11,89,5,1.1334013161390812,6
3154,8,11,89,5,1.131548934159431,6
3155,36,26,106,13,1.1307287364062795,13
3156,3,26,31,14,1.1304098830558913,12
3157,79,17,88,8,1.1249704502892566,9
3158,69,28,19,13,1.12274464710603,15
3159,28,25,57,12,1.1208866402447313,13
3160,12,39,51,19,1.1198016366978698,20
3161,50,69,54,34,1.1176760529666152,35
3162,29,19,7,7,1.117067463392933,12
3163,100,14,61,7,1.1138239851805005,7
3164,73,13,55,6,1.1082443575059628,7
3165,4,32,107,15,1.1053879522342496,17
3166,114,41,7,19,1.1043500168291769,22
3167,96,18,2,9,1.1039761816908875,9
3168,70,39,106,20,1.1024614638047314,19
3169,34,24,50,12,1.1020664531949347,12
3170,18,35,41,18,1.098384167284529,17
3171,38,11,76,7,1.0913100762160897,4
3172,15,15,17,8,1.0855800690980384,7
3173,62,32,27,14,1.0771408662893451,18
3174,75,27,74,12,1.0761366724331511,15
3175,64,19,97,9,1.0748997556853976,10
3176,28,61,109,28,1.0738097371372834,33
3177,88,21,89,10,1.0718351353910898,11
3178,9,16,97,9,1.0715415510849877,7
3179,67,20,37,9,1.070770052763525,11
3180,87,56,60,29,1.0686983420451615,27
3181,58,14,71,7,1.0679524363994424,7
3182,3,44,60,21,1.0597090467748502,23
3183,100,14,44,7,1.0590413147864144,7
3184,3,70,51,36,1.058039495031386,34
3185,62,21,76,10,1.0557823416734493,11
3186,86,39,38,18,1.0547313169805967,21
3187,27,35,57,18,1.0526760400051114,17
3188,68,42,104,21,1.0507036529928548,21
3189,71,18,45,10,1.0500246166344471,8
3190,49,11,91,5,1.0426488720953477,6
3191,104,16,33,7,1.0375486456158094,9
3192,80,17,60,9,1.0365050448794264,8
3193,39,66,65,34,1.0335708222911977,32
3194,104,38,74,17,1.0321539192468763,21
3195,77,34,65,18,1.0254375092784382,16
3196,63,20,44,9,1.0233184771026445,11
3197,64,12,90,6,1.0226762518657313,6
3198,79,13,9,7,1.0203716742776936,6
3199,48,22,109,10,1.0193331532855472,12
3200,78,34,63,17,1.0139233676934618,17
3201,20,17,85,8,1.0120202947249686,9
3202,20,17,93,9,1.0112101199556065,8
3203,57,53,78,26,1.0086997663098312,27
3204,91,20,18,9,1.0069076377111847,11
3205,45,12,88,5,1.005819520359159,7
3206,114,11,93,6,1.0049906589581667,5
3207,87,73,11,34,1.0008861818804844,39
3208,43,13,48,7,0.9891423928749106,6
3209,37,42,65,19,0.988736357368918,23
3210,20,13,27,6,0.9871413726704082,7
3211,69,32,107,15,0.9867318989974718,17
3212,54,19,112,9,0.9843355592348286,10
3213,43,10,92,4,0.9836040223889839,6
3214,7,81,41,40,0.9794700083084562,41
3215,11,30,43,15,0.9783180281739885,15
3216,93,19,84,8,0.9776365381665071,11
3217,61,13,39,7,0.9776304076631862,6
3218,68,15,102,7,0.9774478191416416,8
3219,107,65,5,32,0.9748363761521168,33
3220,70,10,62,5,0.9747108971050832,5
3221,78,12,9,6,0.9745877106891233,6
3222,114,31,20,15,0.9686487519699057,16
3223,72,15,62,7,0.9676093328099161,8
3224,7,91,65,47,0.9659125099226098,44
3225,71,34,8,17,0.9628252268322728,17
3226,104,38,106,19,0.9604760273979267,19
3227,47,10,94,5,0.9596390773110727,5
3228,16,52,72,25,0.9554700895706373,27
3229,90,27,60,12,0.9548038662340522,15
3230,63,23,53,11,0.9461903574639025,12
3231,90,10,103,5,0.937267034161119,5
3232,46,22,41,10,0.9370339102063082,12
3233,18,34,60,17,0.9344074833355396,17
3234,3,30,9,15,0.9265694640511716,15
3235,55,24,4,12,0.9256101911535765,12
3236,95,32,7,15,0.9236786450564196,17
3237,75,27,114,13,0.9181862737012535,14
3238,39,14,1,5,0.9120351629887123,9
3239,36,35,75,19,0.9076169876586814,16
3240,29,12,12,6,0.9066091071417807,6
3241,6,14,50,7,0.9048960894988062,7
3242,60,12,111,7,0.901998030050083,5
3243,62,14,50,6,0.9017457082495477,8
3244,78,17,55,9,0.9002458878614119,8
3245,107,91,28,43,0.8970764795683025,48
3246,86,57,9,29,0.8962993918202342,28
3247,39,24,70,11,0.8958543413772162,13
3248,106,71,28,34,0.8945808420172994,37
3249,49,37,65,18,0.8936620553735316,19
3250,55,27,3,13,0.889351927209094,14
3251,9,19,69,9,0.8879210172039291,10
3252,103,29,51,15,0.8851279246560108,14
3253,93,13,3,5,0.8808947328421434,8
3254,83,21,88,11,0.8798897555023121,10
3255,16,69,15,33,0.8787432940602776,36
3256,41,15,48,7,0.8735829617761527,8
3257,66,12,27,6,0.8729397609022103,6
3258,27,15,1,6,0.8721383199452204,9
3259,60,17,84,10,0.8716143564890761,7
3260,30,17,23,8,0.8688267080600449,9
3261,54,111,65,54,0.8660420311677451,57
3262,10,10,114,4,0.8617397018011357,6
3263,16,10,22,5,0.856518199490958,5
3264,29,20,89,10,0.8545856301233101,10
3265,63,31,27,14,0.8537649484268142,17
3266,86,85,39,43,0.8525803466565491,42
3267,33,15,95,7,0.8491128905949068,8
3268,63,17,45,8,0.8485113101880837,9
3269,79,23,84,11,0.8428978656974995,12
3270,37,24,100,11,0.8361893314053773,13
3271,103,41,87,19,0.8349486738084788,22
3272,108,12,65,7,0.8325674455920127,5
3273,2,16,46,8,0.8285194662826778,8
3274,29,12,106,6,0.8264692442725412,6
3275,15,52,19,25,0.824872623212624,27
3276,84,15,95,7,0.8218033746912392,8
3277,39,53,41,28,0.8210630021649841,25
3278,114,19,45,9,0.820568913201756,10
3279,57,18,20,9,0.8178941572060074,9
3280,23,11,19,5,0.8175991137149171,6
3281,29,30,78,14,0.8173395463571667,16
3282,64,48,88,22,0.8099410279440211,26
3283,11,70,39,35,0.8085511252223524,35
3284,56,14,40,7,0.8062835825274118,7
3285,30,26,40,13,0.8045580871786273,13
3286,86,85,20,41,0.8016884889387337,44
3287,2,22,88,11,0.7956469041111253,11
3288,1,36,107,18,0.792741418555241,18
3289,65,61,12,31,0.7915819769678686,30
3290,28,16,89,7,0.7901986413516666,9
3291,75,14,33,6,0.7900898585820573,8
3292,39,41,50,20,0.7899640256721279,21
3293,19,34,68,16,0.7895435672953289,18
3294,4,18,104,10,0.7872554057904755,8
3295,109,16,47,8,0.7871811619003324,8
3296,68,23,43,12,0.7846724466731662,11
3297,54,84,107,42,0.7840333236677923,42
3298,87,22,99,10,0.7762165713325079,12
3299,88,32,69,15,0.7753807063240763,17
3300,20,41,51,22,0.7739635282271321,19
3301,95,14,100,6,0.7733599760917211,8
3302,23,24,15,12,0.7675683844637372,12
3303,68,64,60,33,0.7655380923161711,31
3304,47,27,65,13,0.7649117411143579,14
3305,65,46,15,23,0.7609677100322171,23
3306,95,55,86,25,0.7570140635444287,30
3307,57,14,91,6,0.7523919124216624,8
3308,8,68,37,34,0.7513899671656665,34
3309,14,15,13,6,0.751185424264851,9
3310,78,12,81,7,0.751126821320363,5
3311,51,15,44,9,0.7467242677105251,6
3312,46,24,84,11,0.7446057703540031,13
3313,107,43,97,21,0.7437976748281456,22
3314,36,13,74,5,0.7437175733038418,8
3315,109,27,106,14,0.7430675694349274,13
3316,38,22,64,11,0.7416758999099181,11
3317,7,12,108,5,0.7404080910313966,7
3318,25,24,15,13,0.7394428200536313,11
3319,40,77,86,36,0.735275767181436,41
3320,28,57,11,27,0.733863128330741,30
3321,34,22,3,10,0.733728273284704,12
3322,62,45,87,22,0.733684499676203,23
3323,19,34,65,17,0.7329370882543191,17
3324,103,12,106,5,0.7328239321562169,7
3325,95,41,5,21,0.7316066534315495,20
3326,71,10,96,5,0.7278695572627853,5
3327,57,10,4,4,0.7276499847388465,6
3328,15,22,64,10,0.7194942356138029,12
3329,37,51,28,24,0.7168710662114339,27
3330,61,18,40,9,0.715489570683085,9
3331,51,19,48,8,0.7142524379704616,11
3332,8,72,106,37,0.7133251026811394,35
3333,43,18,71,10,0.7122285277146779,8
3334,87,18,44,9,0.7101293456244441,9
3335,106,18,27,7,0.7074485049679642,11
3336,41,20,54,10,0.7052079558025968,10
3337,39,60,27,28,0.7016027856972962,32
3338,45,16,3,8,0.6997435754221073,8
3339,27,66,51,32,0.6990159270260949,34
3340,94,10,93,6,0.6977746695977096,4
3341,86,98,65,51,0.6974726074215498,47
3342,50,29,9,14,0.6932669196756267,15
3343,100,19,85,9,0.692145009111035,10
3344,69,27,11,14,0.6919460086860773,13
3345,78,29,84,15,0.6870815538251351,14
3346,18,19,25,10,0.6816652439852796,9
3347,29,24,8,10,0.6801150064661755,14
3348,79,16,3,9,0.6788187325928862,7
3349,66,15,9,7,0.6778609704226946,8
3350,39,22,34,11,0.6775072223214644,11
3351,46,11,103,5,0.6773623550053152,6
3352,29,13,79,5,0.6757838864896741,8
3353,50,10,38,4,0.6752935140977933,6
3354,93,18,37,8,0.6735242225279052,10
3355,81,33,60,16,0.6720214795360957,17
3356,48,21,60,10,0.6714503253808508,11
3357,71,24,55,13,0.6670673084821276,11
3358,47,32,51,17,0.6670636230393004,15
3359,72,11,42,5,0.6594494220784329,6
3360,68,76,65,38,0.6569278898882531,38
3361,74,16,90,9,0.65421251535055,7
3362,15,34,49,15,0.6514612643500962,19
3363,49,34,7,16,0.6498930091293172,18
3364,75,50,88,24,0.6490595256191717,26
3365,2,10,109,5,0.6444253237530845,5
3366,85,15,69,7,0.6408165415497196,8
3367,25,25,41,14,0.6394054706376694,11
3368,6,18,51,10,0.6381605805799537,8
3369,111,17,36,8,0.6365354853619519,9
3370,33,29,16,16,0.6325119131101442,13
3371,13,34,20,16,0.6324978295967632,18
3372,4,28,64,13,0.6316212138641669,15
3373,87,11,22,4,0.6297643541071193,7
3374,109,30,84,14,0.6283430275726476,16
3375,13,83,86,39,0.6273783764556919,44
3376,36,33,71,17,0.6241330409639588,16
3377,9,17,81,8,0.6212818094890723,9
3378,76,23,37,10,0.6195085365451084,13
3379,40,12,38,5,0.617907919478443,7
3380,31,22,58,11,0.616855370373501,11
3381,72,11,91,5,0.6086982464001193,6
3382,76,29,46,14,0.6078150500139488,15
3383,91,16,70,7,0.6063303701253766,9
3384,100,54,39,27,0.6049870980473665,27
3385,38,34,13,19,0.6046842261561731,15
3386,69,17,20,8,0.6014949312373209,9
3387,63,15,34,7,0.6010869874219991,8
3388,71,32,106,15,0.6009609652453838,17
3389,111,10,12,6,0.6003907747378712,4
3390,71,10,23,4,0.6000287508458293,6
3391,79,22,8,10,0.596047638444006,12
3392,78,27,88,14,0.5921971540070259,13
3393,86,94,30,48,0.5900965689667583,46
3394,76,13,36,4,0.5885035889042637,9
3395,63,28,112,14,0.5834223269951258,14
3396,28,26,98,11,0.5775231479620817,15
3397,70,33,51,17,0.5766573461400448,16
3398,88,60,9,29,0.5756732724314684,31
3399,41,32,75,17,0.57538170131953,15
3400,87,21,33,11,0.5753227697424537,10
3401,69,15,71,8,0.5724150990318982,7
3402,86,76,3,38,0.5706452006812599,38
3403,64,17,81,8,0.5669312262343831,9
3404,71,13,78,6,0.56619632387446,7
3405,87,79,88,40,0.5655684231870524,39
3406,64,29,100,13,0.5620875680015568,16
3407,83,10,2,5,0.5594397265150789,5
3408,77,15,58,8,0.5570962759082434,7
3409,29,27,77,14,0.554807461818657,13
3410,74,44,54,21,0.5510628960849681,23
3411,92,17,7,7,0.5480230211986085,10
3412,64,29,54,15,0.5456745481805175,14
3413,35,14,13,7,0.5410242166059803,7
3414,106,10,1,5,0.5396528610114324,5
3415,6,22,107,11,0.5355439544398269,11
3416,87,68,54,32,0.5341050371199489,36
3417,57,45,39,23,0.5251440235294456,22
3418,4,24,77,12,0.5234491201479384,12
3419,97,10,43,5,0.5231950290778637,5
3420,74,14,27,8,0.5219215520059601,6
3421,13,49,109,25,0.518583906259667,24
3422,112,10,66,4,0.5146742754382652,6
3423,112,20,51,10,0.5141422831615046,10
3424,4,18,9,9,0.5118055197130298,9
3425,54,41,7,20,0.5072416292031929,21
3426,111,51,68,26,0.5032623987049997,25
3427,88,35,31,18,0.4999807976090581,17
3428,38,13,114,6,0.49067913419821746,7
3429,62,12,97,6,0.490051403125013,6
3430,19,16,58,8,0.4895753929310045,8
3431,84,80,107,39,0.48662393295564865,41
3432,68,23,57,12,0.48364984402513833,11
3433,88,40,20,21,0.4827222531499379,19
3434,7,19,48,10,0.48075396413828586,9
3435,54,20,62,10,0.48075198509246564,10
3436,107,72,114,36,0.4790116249707105,36
3437,95,28,74,13,0.4784255086028103,15
3438,25,51,39,26,0.47594650511842773,25
3439,7,60,18,31,0.4748651156903118,29
3440,63,42,5,18,0.4718441296207792,24
3441,65,54,31,26,0.4691388746969232,28
3442,7,10,22,5,0.46832977832412503,5
3443,5,10,78,6,0.46671252280804226,4
3444,12,18,50,7,0.46586470667488683,11
3445,106,101,86,50,0.4658315283344795,51
3446,65,11,21,6,0.46273082007848293,5
3447,107,36,46,19,0.458246310756249,17
3448,3,36,88,18,0.4543354229088755,18
3449,8,43,30,22,0.45182276766840634,21
3450,103,50,16,26,0.45128855251560246,24
3451,106,45,50,21,0.450853387486715,24
3452,16,47,114,22,0.4504343015160457,25
3453,13,19,92,11,0.44797247250540045,8
3454,13,33,112,17,0.44654566712440297,16
3455,88,66,46,31,0.44611243096233677,35
3456,7,78,39,40,0.44566273518626937,38
3457,80,11,9,7,0.4439834453330443,4
3458,90,15,11,7,0.4409004522210786,8
3459,107,67,60,34,0.4399094716611669,33
3460,43,41,51,19,0.4378425891773764,22
3461,40,49,63,25,0.43519783962840436,24
3462,40,43,31,22,0.4296271974626762,21
3463,16,38,12,19,0.42918825126716137,19
3464,27,15,61,8,0.4250644477983035,7
3465,16,40,108,19,0.42032753107949167,21
3466,112,18,69,10,0.4198013383725023,8
3467,16,31,98,16,0.41976347120600754,15
3468,78,16,38,8,0.4172293933616711,8
3469,5,14,38,7,0.41683785462955975,7
3470,109,30,34,15,0.41518711983885753,15
3471,31,33,86,17,0.41076921803924654,16
3472,96,39,55,20,0.40999901205957556,19
3473,50,18,79,9,0.40910464935228613,9
3474,43,20,12,11,0.4082921247623329,9
3475,17,11,26,5,0.4065653808604262,6
3476,100,55,30,26,0.4042011583708036,29
3477,39,48,47,23,0.40299253872980456,25
3478,35,16,30,8,0.40164153194297303,8
3479,104,15,20,8,0.39743988488785525,7
3480,102,14,84,7,0.3912018744364834,7
3481,8,13,44,6,0.3904420875790021,7
3482,50,19,89,9,0.3889433495588358,10
3483,69,30,36,15,0.38598798110098687,15
3484,79,12,78,6,0.38583207842589995,6
3485,114,28,71,14,0.3795577437704564,14
3486,37,13,48,6,0.3793970201456422,7
3487,70,22,97,12,0.3783758219642569,10
3488,14,18,84,8,0.3778390349649412,10
3489,63,27,60,13,0.37326617266532824,14
3490,34,19,67,11,0.3695552837027412,8
3491,40,21,75,10,0.3686371386700514,11
3492,95,26,28,12,0.36814720179538235,14
3493,43,11,90,5,0.3643101985935386,6
3494,78,60,16,30,0.3619666362528326,30
3495,51,76,87,37,0.3617640470670131,39
3496,28,14,44,8,0.3571298728778931,6
3497,15,62,39,29,0.3567867551153063,33
3498,87,35,47,18,0.3555632831374125,17
3499,34,13,75,6,0.35287672494659683,7
3500,108,11,69,7,0.3504283321129652,4
3501,63,11,82,5,0.34593533956848593,6
3502,13,58,53,27,0.34576714497433353,31
3503,53,41,51,21,0.34398118429468505,20
3504,94,16,33,8,0.34380946136701285,8
3505,111,12,18,6,0.34349474631160665,6
3506,106,14,66,6,0.34287379392296863,8
3507,48,15,19,8,0.3426076067275109,7
3508,57,15,95,6,0.3413524322360248,9
3509,17,12,69,6,0.3399205773020941,6
3510,84,19,91,9,0.338597737579075,10
3511,109,13,4,6,0.33809070228925237,7
3512,8,43,100,21,0.3376906572505313,22
3513,5,61,87,30,0.3370261398348081,31
3514,55,65,51,32,0.3317862409811213,33
3515,83,20,106,11,0.3316445649094074,9
3516,39,55,55,26,0.327344669064615,29
3517,8,57,70,28,0.32660941887077904,29
3518,87,26,2,13,0.32619162405938884,13
3519,57,17,49,8,0.3248828719413707,9
3520,80,17,71,9,0.3237123360021252,8
3521,57,26,102,13,0.3234085467610229,13
3522,18,46,28,22,0.32313224084926334,24
3523,83,25,28,14,0.31931308670237557,11
3524,50,46,13,23,0.3183740832997801,23
3525,114,22,69,10,0.3170624988990175,12
3526,27,25,108,13,0.3163478963551657,12
3527,11,16,114,9,0.31453322621159063,7
3528,107,39,90,20,0.3131139201836661,19
3529,16,41,40,20,0.3129456302783174,21
3530,107,44,18,24,0.3125789428020784,20
3531,60,48,53,25,0.3118269913878406,23
3532,96,51,87,26,0.31095451157976556,25
3533,103,24,76,14,0.3095837566408042,10
3534,16,57,43,27,0.3083825097911045,30
3535,64,12,28,6,0.3078927557568371,6
3536,23,19,111,11,0.30722018824926817,8
3537,65,112,13,57,0.3036291464684758,55
3538,85,34,86,16,0.30043079848706666,18
3539,88,16,85,8,0.29964355304249035,8
3540,87,45,104,24,0.2989430528005182,21
3541,98,16,19,7,0.29311592538168885,9
3542,54,26,18,13,0.2929951334431298,13
3543,47,13,91,6,0.2919938008476733,7
3544,27,17,25,9,0.2912949474117434,8
3545,43,20,8,11,0.28422499135382606,9
3546,90,10,98,5,0.2818861887378333,5
3547,67,12,25,6,0.2816428039469052,6
3548,96,12,67,7,0.2799650125910983,5
3549,7,20,70,8,0.27895885562123496,12
3550,53,18,5,8,0.2778213329671466,10
3551,97,14,49,8,0.276775832531503,6
3552,36,11,38,4,0.2667921507986764,7
3553,13,33,34,17,0.26655106379488114,16
3554,22,16,109,8,0.26617483465115477,8
3555,17,15,91,7,0.26423233992702466,8
3556,43,22,114,12,0.26405625020379975,10
3557,34,50,16,23,0.26377681518635393,27
3558,109,26,49,13,0.2606921490129186,13
3559,39,19,4,9,0.2603628586605467,10
3560,104,22,17,11,0.2597220823510658,11
3561,16,20,85,11,0.25737423659678205,9
3562,4,32,68,16,0.2573095525279982,16
3563,4,16,30,8,0.2549680926160687,8
3564,40,25,47,14,0.24655985846699083,11
3565,39,11,93,6,0.24650819188031292,5
3566,69,43,51,22,0.24445202829272475,21
3567,30,29,57,13,0.24236858733021427,16
3568,65,10,110,6,0.23968670854518379,4
3569,51,16,61,6,0.23498173360609398,10
3570,88,25,93,14,0.2346836303137904,11
3571,93,13,51,7,0.23291171077771639,6
3572,65,10,101,5,0.22906131925900258,5
3573,79,31,48,16,0.22311337916674606,15
3574,82,15,28,8,0.2205286984952181,7
3575,77,13,57,6,0.22002839346063752,7
3576,37,38,88,19,0.21837047991817124,19
3577,17,21,84,10,0.21599839278237065,11
3578,53,21,44,9,0.21221133134211373,12
3579,2,37,86,17,0.21062883056177345,20
3580,6,11,100,6,0.20965402679156367,5
3581,43,21,50,9,0.20889556585366265,12
3582,106,20,48,10,0.20449983406695527,10
3583,78,22,94,11,0.20381830464933717,11
3584,43,36,88,17,0.198258565418297,19
3585,112,18,72,9,0.19365171750841212,9
3586,44,15,65,6,0.18351226600641293,9
3587,50,25,114,12,0.18060110833647136,13
3588,13,96,49,44,0.17843518783775164,52
3589,78,33,11,15,0.17686665327079393,18
3590,54,83,86,40,0.17640750189600762,43
3591,43,23,106,11,0.17255495280345076,12
3592,20,48,8,24,0.17245365752257427,24
3593,15,20,62,10,0.1715539886765498,10
3594,11,90,16,41,0.16962000805281194,49
3595,106,28,100,13,0.1677556244233467,15
3596,75,57,65,29,0.16394853878537058,28
3597,17,29,68,15,0.16206629975870687,14
3598,74,20,108,11,0.16204972626611253,9
3599,7,51,4,26,0.16136746029798288,25
3600,76,39,104,18,0.16127355259141732,21
3601,7,16,83,7,0.15765677447455673,9
3602,107,21,89,11,0.1551010266387392,10
3603,79,14,55,7,0.15414527044248416,7
3604,54,40,30,20,0.1486784071311364,20
3605,51,17,85,8,0.1485089203425515,9
3606,41,22,94,10,0.14625612851966724,12
3607,37,41,114,19,0.14487606275647452,22
3608,49,32,8,15,0.1391486768543616,17
3609,62,29,65,15,0.1368751719397999,14
3610,78,30,30,15,0.13367075650680652,15
3611,73,10,25,5,0.13287312364388484,5
3612,33,16,114,9,0.1306594611288726,7
3613,69,25,7,13,0.12779683769017072,12
3614,15,50,87,26,0.11872631502934242,24
3615,52,17,16,9,0.1158049551506922,8
3616,80,23,84,12,0.11286096846693006,11
3617,29,19,43,9,0.11159899303507154,10
3618,68,10,79,4,0.11002938828097016,6
3619,97,10,94,6,0.10576953599255426,4
3620,11,10,73,5,0.1054273387277771,5
3621,2,18,84,9,0.10504403066305122,9
3622,87,59,55,30,0.10393392000771386,29
3623,15,25,63,13,0.10247163048438637,12
3624,13,24,45,12,0.09910833731151314,12
3625,86,30,53,13,0.09593092236921533,17
3626,74,39,25,20,0.09563368284675952,19
3627,114,29,36,13,0.0921312858778607,16
3628,69,39,87,21,0.09088060537985033,18
3629,60,21,62,10,0.09015235921891117,11
3630,102,16,39,8,0.08813594835062899,8
3631,78,17,109,9,0.08773786963571444,8
3632,114,48,104,25,0.08363522002227851,23
3633,84,37,88,17,0.08333477514829642,20
3634,62,10,95,5,0.0814782186148065,5
3635,97,36,74,17,0.07931920932357457,19
3636,94,22,11,12,0.07680289964805066,10
3637,72,10,18,3,0.07638807634027739,7
3638,74,24,18,13,0.07395269221669398,11
3639,39,16,89,7,0.06976311616165676,9
3640,106,21,40,10,0.0680825308022658,11
3641,29,26,11,13,0.06414652404707756,13
3642,39,52,63,30,0.0630675230274347,22
3643,51,56,9,27,0.06289520250725894,29
3644,33,21,11,12,0.06206180129955844,9
3645,75,46,55,21,0.06023477871620806,25
3646,87,47,74,23,0.05355029116061811,24
3647,98,21,50,11,0.04841640747209045,10
3648,73,16,106,8,0.047003862193632395,8
3649,83,17,51,10,0.04607341431682118,7
3650,30,44,51,22,0.044447387787990726,22
3651,15,28,104,14,0.04354031934497942,14
3652,31,11,97,5,0.04256244744109594,6
3653,9,10,73,5,0.04170228259349536,5
3654,77,10,48,6,0.03843419439614948,4
3655,112,12,12,7,0.037452763165636206,5
3656,88,12,110,7,0.03270549440561658,5
3657,51,40,18,18,0.03150467733021017,22
3658,50,62,86,33,0.030498116430368122,29
3659,31,11,8,5,0.02937900525924807,6
3660,57,40,41,21,0.026842663093561852,19
3661,87,79,39,39,0.02256596629678138,40
3662,64,49,87,23,0.02181474168390749,26
3663,109,79,86,40,0.014824737217986802,39
3664,80,18,8,10,0.01264063172158774,8
3665,109,17,83,7,0.009729329647016893,10
3666,85,15,11,7,0.009683215318296827,8
3667,103,13,37,8,0.006347929382525964,5
3668,57,25,55,14,0.005686766813275881,11
3669,7,100,107,55,0.0045269968653226115,45
3670,107,100,7,45,-0.004526996865322238,55
3671,55,25,57,11,-0.005686766813278013,14
3672,37,13,103,5,-0.006347929382526511,8
3673,106,47,76,26,-0.009505075346388465,21
3674,11,15,85,8,-0.009683215318296353,7
3675,83,17,109,10,-0.009729329647015561,7
3676,8,18,80,8,-0.012640631721588136,10
3677,86,79,109,39,-0.014824737217986623,40
3678,87,49,64,26,-0.02181474168390756,23
3679,39,79,87,40,-0.02256596629677974,39
3680,41,40,57,19,-0.026842663093562764,21
3681,8,11,31,6,-0.02937900525924678,5
3682,86,62,50,29,-0.03049811643036875,33
3683,18,40,51,22,-0.03150467733021017,18
3684,110,12,88,5,-0.032705494405616285,7
3685,12,12,112,5,-0.037452763165636206,7
3686,48,10,77,4,-0.03843419439615055,6
3687,73,10,9,5,-0.04170228259349358,5
3688,97,11,31,6,-0.04256244744109594,5
3689,104,28,15,14,-0.0435403193449772,14
3690,51,44,30,22,-0.04444738778799155,22
3691,51,17,83,7,-0.04607341431682181,10
3692,106,16,73,8,-0.04700386219363217,8
3693,50,21,98,10,-0.048416407472091784,11
3694,74,47,87,24,-0.053550291160618865,23
3695,55,46,75,25,-0.060234778716207416,21
3696,11,21,33,9,-0.06206180129955945,12
3697,9,56,51,29,-0.06289520250725868,27
3698,63,52,39,22,-0.06306752302743374,30
3699,11,26,29,13,-0.06414652404707812,13
3700,40,21,106,11,-0.06808253080226648,10
3701,89,16,39,9,-0.06976311616165676,7
3702,18,24,74,11,-0.07395269221669472,13
3703,18,10,72,7,-0.07638807634027758,3
3704,11,22,94,10,-0.07680289964805179,12
3705,74,36,97,19,-0.07931920932357497,17
3706,11,66,107,32,-0.08031185219657075,34
3707,95,10,62,5,-0.08147821861480545,5
3708,88,37,84,20,-0.08333477514829642,17
3709,104,48,114,23,-0.08363522002227874,25
3710,109,17,78,8,-0.08773786963571381,9
3711,39,16,102,8,-0.08813594835062988,8
3712,62,21,60,11,-0.09015235921891082,10
3713,87,39,69,18,-0.09088060537984924,21
3714,36,29,114,16,-0.09213128587785951,13
3715,25,39,74,19,-0.09563368284675924,20
3716,53,30,86,17,-0.09593092236921522,13
3717,45,24,13,12,-0.09910833731151285,12
3718,63,25,15,12,-0.10247163048438651,13
3719,55,59,87,29,-0.10393392000771247,30
3720,84,18,2,9,-0.10504403066305122,9
3721,73,10,11,5,-0.10542733872777674,5
3722,94,10,97,4,-0.10576953599255319,6
3723,79,10,68,6,-0.11002938828097086,4
3724,43,19,29,10,-0.11159899303507284,9
3725,84,23,80,11,-0.11286096846693021,12
3726,16,17,52,8,-0.11580495515069199,9
3727,87,50,15,24,-0.11872631502934206,26
3728,7,25,69,12,-0.12779683769017072,13
3729,114,16,33,7,-0.13065946112887206,9
3730,25,10,73,5,-0.13287312364388448,5
3731,30,30,78,15,-0.13367075650680663,15
3732,65,29,62,14,-0.13687517193979812,15
3733,8,32,49,17,-0.13914867685436172,15
3734,114,41,37,22,-0.14487606275647522,19
3735,94,22,41,12,-0.1462561285196677,10
3736,85,17,51,9,-0.14850892034255025,8
3737,30,40,54,20,-0.14867840713113747,20
3738,55,14,79,7,-0.1541452704424852,7
3739,89,21,107,10,-0.1551010266387392,11
3740,83,16,7,9,-0.15765677447455717,7
3741,104,39,76,21,-0.1612735525914166,18
3742,4,51,7,25,-0.16136746029798252,26
3743,108,20,74,9,-0.16204972626611233,11
3744,68,29,17,14,-0.16206629975870612,15
3745,65,57,75,28,-0.16394853878537097,29
3746,100,28,106,15,-0.1677556244233485,13
3747,62,20,15,10,-0.17155398867655056,10
3748,8,48,20,24,-0.17245365752257383,24
3749,106,23,43,12,-0.17255495280344985,11
3750,86,83,54,43,-0.17640750189600757,40
3751,11,33,78,18,-0.17686665327079298,15
3752,49,96,13,52,-0.17843518783775134,44
3753,114,25,50,13,-0.18060110833647136,12
3754,65,15,44,9,-0.18351226600641318,6
3755,72,18,112,9,-0.1936517175084127,9
3756,88,36,43,19,-0.19825856541829623,17
3757,94,22,78,11,-0.20381830464933726,11
3758,50,21,43,12,-0.20889556585365976,9
3759,100,11,6,5,-0.20965402679156336,6
3760,86,37,2,20,-0.21062883056177364,17
3761,44,21,53,12,-0.2122113313421144,9
3762,84,21,17,11,-0.21599839278237148,10
3763,88,38,37,19,-0.21837047991817116,19
3764,57,13,77,7,-0.2200283934606397,6
3765,28,15,82,7,-0.2205286984952181,8
3766,48,31,79,15,-0.22311337916674676,16
3767,101,10,65,5,-0.22906131925900355,5
3768,51,13,93,6,-0.2329117107777153,7
3769,93,25,88,11,-0.23468363031378975,14
3770,61,16,51,10,-0.23498173360609353,6
3771,110,10,65,4,-0.2396867085451845,6
3772,57,29,30,16,-0.24236858733021488,13
3773,51,43,69,21,-0.24445202829272533,22
3774,93,11,39,5,-0.24650819188031328,6
3775,47,25,40,11,-0.2465598584669911,14
3776,30,16,4,8,-0.25496809261606845,8
3777,68,32,4,16,-0.25730955252800053,16
3778,85,20,16,9,-0.25737423659678205,11
3779,17,22,104,11,-0.2597220823510663,11
3780,4,19,39,10,-0.26036285866054654,9
3781,49,26,109,13,-0.2606921490129187,13
3782,16,50,34,27,-0.26377681518635226,23
3783,114,22,43,10,-0.2640562502037996,12
3784,91,15,17,8,-0.2642323399270249,7
3785,109,16,22,8,-0.2661748346511539,8
3786,34,33,13,16,-0.2665510637948807,17
3787,38,11,36,7,-0.26679215079867674,4
3788,49,14,97,6,-0.27677583253150245,8
3789,5,18,53,10,-0.27782133296714684,8
3790,70,20,7,12,-0.2789588556212364,8
3791,67,12,96,5,-0.2799650125910977,7
3792,25,12,67,6,-0.2816428039469052,6
3793,98,10,90,5,-0.2818861887378329,5
3794,8,20,43,9,-0.28422499135382606,11
3795,11,45,76,23,-0.28639863340873273,22
3796,25,17,27,8,-0.29129494741174317,9
3797,91,13,47,7,-0.2919938008476733,6
3798,18,26,54,13,-0.2929951334431304,13
3799,19,16,98,9,-0.29311592538168973,7
3800,104,45,87,21,-0.2989430528005174,24
3801,85,16,88,8,-0.2996435530424907,8
3802,86,34,85,18,-0.30043079848706633,16
3803,13,112,65,55,-0.3036291464684749,57
3804,111,19,23,8,-0.3072201882492683,11
3805,28,12,64,6,-0.3078927557568362,6
3806,43,57,16,30,-0.30838250979110554,27
3807,76,24,103,10,-0.30958375664080356,14
3808,87,51,96,25,-0.3109545115797648,26
3809,53,48,60,23,-0.3118269913878415,25
3810,18,44,107,20,-0.3125789428020779,24
3811,40,41,16,21,-0.3129456302783173,20
3812,114,16,11,7,-0.3145332262115904,9
3813,108,25,27,12,-0.31634789635516514,13
3814,69,22,114,12,-0.3170624988990179,10
3815,13,46,50,23,-0.31837408329978034,23
3816,28,25,83,11,-0.31931308670237585,14
3817,28,46,18,24,-0.3231322408492643,22
3818,102,26,57,13,-0.3234085467610242,13
3819,71,17,80,8,-0.32371233600212634,9
3820,49,17,57,9,-0.3248828719413732,8
3821,2,26,87,13,-0.326191624059389,13
3822,70,57,8,29,-0.32660941887077916,28
3823,55,55,39,29,-0.32734466906461546,26
3824,106,20,83,9,-0.33164456490940797,11
3825,51,65,55,33,-0.3317862409811193,32
3826,87,61,5,31,-0.3370261398348085,30
3827,100,43,8,22,-0.3376906572505304,21
3828,4,13,109,7,-0.33809070228925137,6
3829,91,19,84,10,-0.33859773757907446,9
3830,69,12,17,6,-0.3399205773020955,6
3831,95,15,57,9,-0.341352432236026,6
3832,19,15,48,7,-0.3426076067275114,8
3833,66,14,106,8,-0.34287379392296813,6
3834,18,12,111,6,-0.3434947463116063,6
3835,33,16,94,8,-0.3438094613670113,8
3836,51,41,53,20,-0.34398118429468527,21
3837,53,58,13,31,-0.34576714497433364,27
3838,82,11,63,6,-0.3459353395684866,5
3839,69,11,108,4,-0.3504283321129657,7
3840,75,13,34,7,-0.35287672494659683,6
3841,47,35,87,17,-0.35556328313741237,18
3842,39,62,15,33,-0.35678675511530616,29
3843,44,14,28,6,-0.35712987287789527,8
3844,87,76,51,39,-0.36176404706701304,37
3845,16,60,78,30,-0.3619666362528344,30
3846,90,11,43,6,-0.3643101985935379,5
3847,28,26,95,14,-0.3681472017953835,12
3848,75,21,40,11,-0.36863713867005155,10
3849,67,19,34,8,-0.3695552837027408,11
3850,60,27,63,14,-0.3732661726653274,13
3851,84,18,14,10,-0.37783903496494214,8
3852,16,29,102,15,-0.37795834144692964,14
3853,97,22,70,10,-0.37837582196425723,12
3854,48,13,37,7,-0.3793970201456411,6
3855,71,28,114,14,-0.3795577437704577,14
3856,78,12,79,6,-0.3858320784259002,6
3857,36,30,69,15,-0.38598798110098714,15
3858,89,19,50,10,-0.3889433495588358,9
3859,44,13,8,7,-0.39044208757900134,6
3860,84,14,102,7,-0.39120187443648163,7
3861,107,62,74,30,-0.39404353085897736,32
3862,20,15,104,7,-0.3974398848878548,8
3863,30,16,35,8,-0.401641531942974,8
3864,47,48,39,25,-0.40299253872980395,23
3865,30,55,100,29,-0.40420115837080356,26
3866,26,11,17,6,-0.4065653808604267,5
3867,12,20,43,9,-0.4082921247623329,11
3868,79,18,50,9,-0.40910464935228674,9
3869,55,39,96,19,-0.4099990120595754,20
3870,86,33,31,16,-0.4107692180392456,17
3871,34,30,109,15,-0.41518711983885837,15
3872,38,14,5,7,-0.41683785462955825,7
3873,38,16,78,8,-0.4172293933616711,8
3874,98,31,16,15,-0.41976347120600693,16
3875,69,18,112,8,-0.4198013383725037,10
3876,108,40,16,21,-0.4203275310794927,19
3877,61,15,27,7,-0.42506444779830493,8
3878,12,38,16,19,-0.4291882512671619,19
3879,31,43,40,21,-0.4296271974626759,22
3880,63,49,40,24,-0.4351978396284048,25
3881,51,41,43,22,-0.4378425891773769,19
3882,60,67,107,33,-0.4399094716611665,34
3883,11,15,90,8,-0.4409004522210788,7
3884,9,11,80,4,-0.4439834453330441,7
3885,39,78,7,38,-0.44566273518626787,40
3886,46,66,88,35,-0.4461124309623362,31
3887,112,33,13,16,-0.44654566712440186,17
3888,92,19,13,8,-0.44797247250540234,11
3889,114,47,16,25,-0.45043430151604597,22
3890,50,45,106,24,-0.45085338748671533,21
3891,16,50,103,24,-0.4512885525156015,26
3892,30,43,8,21,-0.45182276766840684,22
3893,88,36,3,18,-0.4543354229088761,18
3894,46,36,107,17,-0.4582463107562494,19
3895,21,11,65,5,-0.4627308200784832,6
3896,50,18,12,11,-0.46586470667488794,7
3897,78,10,5,4,-0.466712522808043,6
3898,22,10,7,5,-0.4683297783241262,5
3899,31,54,65,28,-0.46913887469692556,26
3900,5,42,63,24,-0.4718441296207794,18
3901,18,60,7,29,-0.47486511569031375,31
3902,39,51,25,25,-0.47594650511842646,26
3903,74,28,95,15,-0.47842550860281247,13
3904,114,72,107,36,-0.4790116249707105,36
3905,62,20,54,10,-0.48075198509246597,10
3906,48,19,7,9,-0.48075396413828564,10
3907,57,23,68,11,-0.48364984402513833,12
3908,107,80,84,41,-0.4866239329556469,39
3909,58,16,19,8,-0.4895753929310065,8
3910,97,12,62,6,-0.490051403125013,6
3911,114,13,38,7,-0.4906791341982179,6
3912,31,35,88,17,-0.49998079760905945,18
3913,68,51,111,25,-0.5032623987049999,26
3914,7,41,54,21,-0.507241629203192,20
3915,9,18,4,9,-0.5118055197130301,9
3916,51,20,112,10,-0.5141422831615037,10
3917,66,10,112,6,-0.514674275438265,4
3918,109,49,13,24,-0.5185839062596681,25
3919,27,14,74,6,-0.5219215520059618,8
3920,43,10,97,5,-0.5231950290778634,5
3921,77,24,4,12,-0.5234491201479363,12
3922,39,45,57,22,-0.5251440235294459,23
3923,54,68,87,36,-0.5341050371199476,32
3924,107,22,6,11,-0.5355439544398289,11
3925,1,10,106,5,-0.5396528610114331,5
3926,13,14,35,7,-0.5410242166059793,7
3927,54,29,64,14,-0.545674548180516,15
3928,7,17,92,10,-0.5480230211986078,7
3929,54,44,74,23,-0.551062896084969,21
3930,77,27,29,13,-0.5548074618186573,14
3931,58,15,77,7,-0.5570962759082432,8
3932,2,10,83,5,-0.5594397265150782,5
3933,100,29,64,16,-0.562087568001556,13
3934,88,79,87,39,-0.5655684231870526,40
3935,76,29,102,14,-0.5660290351352536,15
3936,78,13,71,7,-0.5661963238744604,6
3937,81,17,64,9,-0.5669312262343831,8
3938,3,76,86,38,-0.5706452006812593,38
3939,71,15,69,7,-0.5724150990318982,8
3940,33,21,87,10,-0.5753227697424538,11
3941,75,32,41,15,-0.57538170131953,17
3942,9,60,88,31,-0.575673272431468,29
3943,51,33,70,16,-0.5766573461400448,17
3944,98,26,28,15,-0.5775231479620817,11
3945,112,28,63,14,-0.5834223269951251,14
3946,20,29,74,14,-0.5870486229107592,15
3947,36,13,76,9,-0.5885035889042627,4
3948,30,94,86,46,-0.5900965689667571,48
3949,88,27,78,13,-0.5921971540070258,14
3950,8,22,79,12,-0.5960476384440053,10
3951,23,10,71,6,-0.6000287508458285,4
3952,12,10,111,4,-0.6003907747378694,6
3953,106,32,71,17,-0.6009609652453864,15
3954,34,15,63,8,-0.6010869874220004,7
3955,20,17,69,9,-0.6014949312373202,8
3956,13,34,38,15,-0.6046842261561727,19
3957,39,54,100,27,-0.6049870980473663,27
3958,70,16,91,9,-0.6063303701253768,7
3959,46,29,76,15,-0.6078150500139491,14
3960,91,11,72,6,-0.6086982464001206,5
3961,58,22,31,11,-0.6168553703734997,11
3962,38,12,40,7,-0.6179079194784425,5
3963,37,23,76,13,-0.6195085365451085,10
3964,81,17,9,9,-0.6212818094890713,8
3965,71,33,36,16,-0.6241330409639583,17
3966,86,83,13,44,-0.6273783764556926,39
3967,84,30,109,16,-0.6283430275726473,14
3968,22,11,87,7,-0.62976435410712,4
3969,64,28,4,15,-0.6316212138641667,13
3970,20,34,13,18,-0.6324978295967627,16
3971,16,29,33,13,-0.6325119131101443,16
3972,36,17,111,9,-0.6365354853619519,8
3973,51,18,6,8,-0.6381605805799541,10
3974,41,25,25,11,-0.6394054706376703,14
3975,69,15,85,8,-0.6408165415497192,7
3976,109,10,2,5,-0.6444253237530845,5
3977,88,50,75,26,-0.6490595256191716,24
3978,7,34,49,18,-0.6498930091293155,16
3979,49,34,15,19,-0.651461264350095,15
3980,90,16,74,7,-0.6542125153505499,9
3981,65,76,68,38,-0.6569278898882535,38
3982,42,11,72,6,-0.6594494220784332,5
3983,51,32,47,15,-0.6670636230392997,17
3984,55,24,71,11,-0.6670673084821287,13
3985,60,21,48,11,-0.6714503253808504,10
3986,60,33,81,17,-0.6720214795360956,16
3987,37,18,93,10,-0.6735242225279054,8
3988,38,10,50,6,-0.6752935140977925,4
3989,79,13,29,8,-0.6757838864896738,5
3990,103,11,46,6,-0.6773623550053158,5
3991,34,22,39,11,-0.6775072223214644,11
3992,9,15,66,8,-0.6778609704226952,7
3993,3,16,79,7,-0.6788187325928865,9
3994,8,24,29,14,-0.6801150064661755,10
3995,25,19,18,9,-0.6816652439852798,10
3996,84,29,78,14,-0.6870815538251354,15
3997,11,27,69,13,-0.6919460086860769,14
3998,85,19,100,10,-0.6921450091110348,9
3999,9,29,50,15,-0.6932669196756251,14
4000,65,98,86,47,-0.6974726074215524,51
4001,93,10,94,4,-0.6977746695977117,6
4002,51,66,27,34,-0.6990159270260942,32
4003,3,16,45,8,-0.6997435754221075,8
4004,27,60,39,32,-0.701602785697296,28
4005,54,20,41,10,-0.7052079558025973,10
4006,27,18,106,11,-0.7074485049679631,7
4007,44,18,87,9,-0.7101293456244435,9
4008,71,18,43,8,-0.7122285277146747,10
4009,106,72,8,35,-0.7133251026811389,37
4010,48,19,51,11,-0.7142524379704612,8
4011,40,18,61,9,-0.7154895706830842,9
4012,28,51,37,27,-0.7168710662114356,24
4013,64,22,15,12,-0.7194942356138038,10
4014,4,10,57,6,-0.7276499847388429,4
4015,96,10,71,5,-0.7278695572627853,5
4016,5,41,95,20,-0.7316066534315485,21
4017,106,12,103,7,-0.7328239321562183,5
4018,65,34,19,17,-0.7329370882543196,17
4019,87,45,62,23,-0.7336844996762034,22
4020,3,22,34,12,-0.7337282732847011,10
4021,11,57,28,30,-0.7338631283307411,27
4022,86,77,40,41,-0.7352757671814358,36
4023,15,24,25,11,-0.7394428200536325,13
4024,108,12,7,7,-0.7404080910313966,5
4025,64,22,38,11,-0.7416758999099166,11
4026,106,27,109,13,-0.7430675694349284,14
4027,74,13,36,8,-0.743717573303843,5
4028,97,43,107,22,-0.7437976748281456,21
4029,84,24,46,13,-0.7446057703540044,11
4030,44,15,51,6,-0.7467242677105268,9
4031,81,12,78,5,-0.7511268213203618,7
4032,13,15,14,9,-0.7511854242648529,6
4033,37,68,8,34,-0.7513899671656677,34
4034,91,14,57,8,-0.7523919124216641,6
4035,86,55,95,30,-0.7570140635444291,25
4036,15,46,65,23,-0.7609677100322179,23
4037,65,27,47,14,-0.7649117411143566,13
4038,60,64,68,31,-0.7655380923161712,33
4039,15,24,23,12,-0.7675683844637368,12
4040,100,14,95,8,-0.7733599760917202,6
4041,51,41,20,19,-0.7739635282271299,22
4042,69,32,88,17,-0.7753807063240763,15
4043,99,22,87,12,-0.7762165713325068,10
4044,107,84,54,42,-0.7840333236677915,42
4045,43,23,68,11,-0.7846724466731662,12
4046,47,16,109,8,-0.7871811619003327,8
4047,104,18,4,8,-0.7872554057904768,10
4048,68,34,19,18,-0.7895435672953282,16
4049,50,41,39,21,-0.7899640256721299,20
4050,33,14,75,8,-0.7900898585820583,6
4051,89,16,28,9,-0.790198641351668,7
4052,12,61,65,30,-0.7915819769678688,31
4053,107,36,1,18,-0.7927414185552435,18
4054,88,22,2,11,-0.7956469041111253,11
4055,20,85,86,44,-0.801688488938734,41
4056,40,26,30,13,-0.804558087178627,13
4057,40,14,56,7,-0.8062835825274137,7
4058,39,70,11,35,-0.8085511252223504,35
4059,88,48,64,26,-0.8099410279440218,22
4060,78,30,29,16,-0.8173395463571673,14
4061,19,11,23,6,-0.8175991137149161,5
4062,20,18,57,9,-0.8178941572060072,9
4063,45,19,114,10,-0.8205689132017555,9
4064,41,53,39,25,-0.8210630021649834,28
4065,95,15,84,8,-0.8218033746912397,7
4066,19,52,15,27,-0.8248726232126244,25
4067,106,12,29,6,-0.8264692442725412,6
4068,46,16,2,8,-0.8285194662826783,8
4069,65,12,108,5,-0.8325674455920146,7
4070,87,41,103,22,-0.8349486738084794,19
4071,100,24,37,13,-0.8361893314053764,11
4072,84,23,79,12,-0.8428978656974985,11
4073,45,17,63,9,-0.8485113101880841,8
4074,95,15,33,8,-0.8491128905949085,7
4075,39,85,86,42,-0.8525803466565491,43
4076,27,31,63,17,-0.8537649484268146,14
4077,89,20,29,10,-0.8545856301233108,10
4078,22,10,16,5,-0.8565181994909576,5
4079,114,10,10,6,-0.8617397018011352,4
4080,65,111,54,57,-0.8660420311677455,54
4081,23,17,30,9,-0.8688267080600451,8
4082,84,17,60,7,-0.8716143564890748,10
4083,1,15,27,9,-0.87213831994522,6
4084,27,12,66,6,-0.8729397609022106,6
4085,48,15,41,8,-0.8735829617761531,7
4086,15,69,16,36,-0.878743294060277,33
4087,88,21,83,10,-0.8798897555023121,11
4088,3,13,93,8,-0.8808947328421445,5
4089,51,29,103,14,-0.8851279246560111,15
4090,69,19,9,10,-0.887921017203931,9
4091,3,27,55,14,-0.8893519272090935,13
4092,65,37,49,19,-0.8936620553735339,18
4093,28,71,106,37,-0.8945808420172991,34
4094,70,24,39,13,-0.8958543413772138,11
4095,9,57,86,28,-0.8962993918202332,29
4096,28,91,107,48,-0.897076479568304,43
4097,55,17,78,8,-0.9002458878614126,9
4098,50,14,62,8,-0.9017457082495483,6
4099,111,12,60,5,-0.9019980300500823,7
4100,16,90,11,50,-0.9030572115970631,40
4101,50,14,6,7,-0.9048960894988056,7
4102,12,12,29,6,-0.9066091071417803,6
4103,75,35,36,16,-0.9076169876586808,19
4104,1,14,39,9,-0.9120351629887133,5
4105,107,66,11,35,-0.9126492849094918,31
4106,114,27,75,14,-0.9181862737012525,13
4107,7,32,95,17,-0.9236786450564201,15
4108,4,24,55,12,-0.9256101911535772,12
4109,9,30,3,15,-0.9265694640511721,15
4110,60,34,18,17,-0.934407483335539,17
4111,74,62,107,33,-0.9344905666009985,29
4112,41,22,46,12,-0.9370339102063082,10
4113,103,10,90,5,-0.9372670341611201,5
4114,53,23,63,12,-0.9461903574639031,11
4115,60,27,90,15,-0.9548038662340523,12
4116,72,52,16,27,-0.9554700895706378,25
4117,94,10,47,5,-0.959639077311073,5
4118,106,38,104,19,-0.960476027397927,19
4119,8,34,71,17,-0.9628252268322751,17
4120,65,91,7,44,-0.9659125099226101,47
4121,62,15,72,8,-0.9676093328099163,7
4122,20,31,114,16,-0.9686487519699076,15
4123,9,12,78,6,-0.9745877106891233,6
4124,62,10,70,5,-0.9747108971050835,5
4125,5,65,107,33,-0.9748363761521173,32
4126,102,15,68,8,-0.9774478191416431,7
4127,39,13,61,6,-0.9776304076631851,7
4128,84,19,93,11,-0.9776365381665065,8
4129,43,30,11,15,-0.978318028173988,15
4130,41,81,7,41,-0.9794700083084553,40
4131,92,10,43,6,-0.9836040223889839,4
4132,112,19,54,10,-0.9843355592348288,9
4133,107,32,69,17,-0.9867318989974727,15
4134,27,13,20,7,-0.9871413726704095,6
4135,65,42,37,23,-0.9887363573689177,19
4136,48,13,43,6,-0.9891423928749106,7
4137,11,73,87,39,-1.0008861818804875,34
4138,93,11,114,5,-1.0049906589581687,6
4139,88,12,45,7,-1.0058195203591593,5
4140,18,20,91,11,-1.0069076377111847,9
4141,78,53,57,27,-1.0086997663098307,26
4142,85,17,20,9,-1.0120202947249695,8
4143,63,34,78,17,-1.0139233676934623,17
4144,109,22,48,12,-1.0193331532855467,10
4145,9,13,79,6,-1.0203716742776934,7
4146,90,12,64,6,-1.0226762518657317,6
4147,44,20,63,11,-1.023318477102645,9
4148,65,34,77,16,-1.0254375092784376,18
4149,74,38,104,21,-1.0321539192468763,17
4150,65,66,39,32,-1.033570822291199,34
4151,60,17,80,8,-1.0365050448794266,9
4152,33,16,104,9,-1.0375486456158098,7
4153,91,11,49,6,-1.0426488720953466,5
4154,45,18,71,8,-1.050024616634447,10
4155,104,42,68,21,-1.050703652992856,21
4156,57,35,27,17,-1.0526760400051105,18
4157,38,39,86,21,-1.0547313169805972,18
4158,76,21,62,11,-1.0557823416734498,10
4159,51,70,3,34,-1.0580394950313863,36
4160,44,14,100,7,-1.0590413147864146,7
4161,60,44,3,23,-1.0597090467748498,21
4162,71,14,58,7,-1.0679524363994422,7
4163,60,56,87,27,-1.0686983420451608,29
4164,37,20,67,11,-1.0707700527635227,9
4165,97,16,9,7,-1.0715415510849884,9
4166,89,21,88,11,-1.071835135391089,10
4167,109,61,28,33,-1.0738097371372815,28
4168,97,19,64,10,-1.0748997556853979,9
4169,74,27,75,15,-1.0761366724331527,12
4170,27,32,62,18,-1.0771408662893445,14
4171,17,15,15,7,-1.085580069098038,8
4172,76,11,38,4,-1.0913100762160892,7
4173,41,35,18,17,-1.0983841672845305,18
4174,50,24,34,12,-1.102066453194935,12
4175,106,39,70,19,-1.1024614638047314,20
4176,2,18,96,9,-1.1039761816908868,9
4177,7,41,114,22,-1.1043500168291773,19
4178,107,32,4,17,-1.1053879522342505,15
4179,55,13,73,7,-1.1082443575059626,6
4180,86,101,106,52,-1.11125626745342,49
4181,61,14,100,7,-1.113823985180499,7
4182,7,19,29,12,-1.1170674633929336,7
4183,54,69,50,35,-1.117676052966614,34
4184,51,39,12,20,-1.119801636697871,19
4185,57,25,28,13,-1.1208866402447324,12
4186,19,28,69,15,-1.1227446471060296,13
4187,88,17,79,9,-1.1249704502892561,8
4188,31,26,3,12,-1.130409883055891,14
4189,106,26,36,13,-1.1307287364062797,13
4190,89,11,8,6,-1.131548934159431,5
4191,89,11,62,6,-1.1334013161390812,5
4192,30,31,76,15,-1.1359164811854037,16
4193,56,14,8,7,-1.138262181129433,7
4194,45,20,64,11,-1.143150033869317,9
4195,33,10,17,5,-1.1464162819529,5
4196,72,22,30,12,-1.1468117043313346,10
4197,76,45,11,23,-1.1478785646333598,22
4198,7,17,79,9,-1.1501166003666843,8
4199,50,33,17,16,-1.1518911540029013,17
4200,87,85,30,44,-1.152275800032585,41
4201,41,24,70,11,-1.1545373299567132,13
4202,20,24,30,13,-1.1568240129361167,11
4203,75,13,44,6,-1.169380882277211,7
4204,11,51,63,29,-1.1727104947557743,22
4205,100,14,58,7,-1.174738305934055,7
4206,55,35,83,17,-1.1749448092476902,18
4207,77,12,33,6,-1.1756675735500741,6
4208,96,31,76,17,-1.185303928819388,14
4209,9,28,49,13,-1.1870965912725648,15
4210,110,16,87,9,-1.1878037867151126,7
4211,60,15,98,8,-1.1885772534855719,7
4212,12,16,64,8,-1.1924819227665273,8
4213,74,18,68,11,-1.1930607364890227,7
4214,16,67,25,35,-1.1932865297100739,32
4215,86,72,68,36,-1.193764827147294,36
4216,76,20,20,9,-1.195513412586338,11
4217,13,77,41,39,-1.2005655519836038,38
4218,72,25,107,13,-1.2011878206481752,12
4219,33,15,90,8,-1.202013566860897,7
4220,5,65,28,33,-1.204023419699817,32
4221,17,20,100,12,-1.2077967005548735,8
4222,48,33,8,17,-1.2090868114966702,16
4223,76,12,47,4,-1.209164557999826,8
4224,87,14,26,7,-1.2094012119748332,7
4225,97,33,25,17,-1.2112097532933537,16
4226,63,16,58,7,-1.2116740819179412,9
4227,19,15,47,8,-1.213715357107708,7
4228,88,37,71,21,-1.2185084211552721,16
4229,103,12,63,7,-1.2193256477782357,5
4230,77,17,95,9,-1.2206054516856415,8
4231,16,51,112,26,-1.2207004808764241,25
4232,41,17,55,9,-1.2209745250839978,8
4233,55,68,86,36,-1.232395784222383,32
4234,25,39,28,22,-1.2338977751460154,17
4235,41,58,16,31,-1.2340855743658825,27
4236,27,76,68,40,-1.23677207953926,36
4237,93,21,107,10,-1.2375139728583175,11
4238,86,27,94,14,-1.2377242713554293,13
4239,31,25,71,13,-1.2380158081615487,12
4240,88,27,19,13,-1.2411857217422875,14
4241,37,20,91,10,-1.2413018923540673,10
4242,43,35,3,19,-1.2426572456273703,16
4243,74,31,11,16,-1.2464065422784565,15
4244,103,23,15,11,-1.2498411452028235,12
4245,9,61,13,33,-1.2504419702657081,28
4246,13,42,17,21,-1.2570532505054302,21
4247,63,37,9,19,-1.258902370787797,18
4248,49,18,114,8,-1.2604600332250737,10
4249,79,10,93,5,-1.2606355667564606,5
4250,18,20,81,10,-1.2612198373935393,10
4251,14,15,107,7,-1.2621804963006722,8
4252,107,12,92,7,-1.2625916923530782,5
4253,65,15,52,7,-1.2628262153703227,8
4254,12,42,39,22,-1.2645071612189862,20
4255,28,29,60,13,-1.2721110011472117,16
4256,86,129,107,67,-1.2723025216289563,62
4257,39,35,17,19,-1.2724401696667662,16
4258,1,11,71,5,-1.2732152302328026,6
4259,103,20,41,11,-1.2736208996736864,9
4260,91,10,34,5,-1.2767116469837234,5
4261,54,57,46,29,-1.2778066019254957,28
4262,107,59,96,32,-1.2779661064945875,27
4263,19,51,49,27,-1.2856247101132403,24
4264,88,24,76,12,-1.287634772193649,12
4265,99,19,51,9,-1.289208240710447,10
4266,11,49,27,26,-1.2899978217555812,23
4267,60,23,108,12,-1.2942846538516084,11
4268,4,39,88,20,-1.2949212207610556,19
4269,8,22,7,12,-1.2952715014492375,10
4270,68,47,41,24,-1.2976062488793096,23
4271,62,31,100,15,-1.2976488807900084,16
4272,68,41,15,23,-1.299961161923338,18
4273,13,44,5,23,-1.3023509853743045,21
4274,109,22,69,12,-1.3040136872203263,10
4275,7,79,60,41,-1.3042648438735662,38
4276,63,74,107,35,-1.3057879270213841,39
4277,114,28,41,14,-1.3073381080435666,14
4278,72,38,86,20,-1.3075411591321122,18
4279,55,94,8,46,-1.3083160570042145,48
4280,51,14,32,7,-1.3093866254236384,7
4281,58,28,9,15,-1.3102681358218982,13
4282,9,52,68,27,-1.3104638696206719,25
4283,65,32,112,16,-1.312297716343949,16
4284,40,11,94,6,-1.3131730085845275,5
4285,88,57,55,32,-1.3163784693707288,25
4286,63,111,65,58,-1.3193232513653719,53
4287,80,18,74,9,-1.3199661328668553,9
4288,51,88,68,48,-1.3243799368211218,40
4289,39,56,8,27,-1.3280814413768331,29
4290,57,32,19,16,-1.33166487213862,16
4291,57,74,16,40,-1.3317936510642732,34
4292,23,10,6,5,-1.3385415186806273,5
4293,104,44,8,23,-1.3410693202324977,21
4294,41,18,15,9,-1.3413989104987394,9
4295,40,17,108,8,-1.3479697301696891,9
4296,88,37,97,19,-1.3490743629309023,18
4297,81,14,30,7,-1.3508923221630396,7
4298,18,38,86,21,-1.354059293903715,17
4299,70,33,104,17,-1.3582302540990816,16
4300,40,35,41,17,-1.3586266453597045,18
4301,30,26,25,12,-1.3633847180345748,14
4302,76,47,106,22,-1.3637390504385927,25
4303,77,22,23,11,-1.3701697866668394,11
4304,106,36,20,19,-1.371361503792123,17
4305,55,11,52,6,-1.3787566985994324,5
4306,41,30,106,15,-1.3806292559177735,15
4307,84,14,62,7,-1.3810102415014252,7
4308,29,11,36,5,-1.3837445576600507,6
4309,80,12,95,6,-1.3888115326852122,6
4310,43,28,78,15,-1.3913461608834166,13
4311,41,44,63,23,-1.393059609593735,21
4312,98,12,74,6,-1.3941368131260956,6
4313,95,17,70,8,-1.4011695857654893,9
4314,9,25,46,12,-1.4052752923291463,13
4315,71,20,12,10,-1.4059148964814134,10
4316,106,23,30,12,-1.4150001393849163,11
4317,53,11,1,6,-1.4196819324858234,5
4318,45,35,36,16,-1.423273124508117,19
4319,86,32,108,18,-1.4238119794889874,14
4320,60,21,89,10,-1.4364501610048455,11
4321,25,28,50,14,-1.4391705454909005,14
4322,97,21,20,10,-1.439527960881876,11
4323,112,22,19,11,-1.441964796035352,11
4324,69,33,65,17,-1.4425642416495132,16
4325,12,32,18,16,-1.4432504726362265,16
4326,27,14,99,8,-1.4451774655149787,6
4327,81,20,27,10,-1.4466821985929976,10
4328,39,44,75,21,-1.4473715172929773,23
4329,63,55,106,28,-1.448556681809941,27
4330,80,33,65,17,-1.4513664238423445,16
4331,86,56,15,30,-1.4519819824759257,26
4332,90,14,91,7,-1.4536395590442823,7
4333,11,29,34,16,-1.4582216435249546,13
4334,12,27,19,12,-1.458803955688723,15
4335,83,23,25,13,-1.459720188055503,10
4336,52,18,12,10,-1.4597821535609574,8
4337,47,21,31,11,-1.460613098071267,10
4338,51,64,40,33,-1.462465890119408,31
4339,13,41,57,20,-1.4658004407474883,21
4340,3,24,71,13,-1.466820978005952,11
4341,69,13,6,6,-1.467256279566122,7
4342,7,24,35,12,-1.4676220715119488,12
4343,11,50,106,29,-1.475178627799442,21
4344,79,17,103,9,-1.476299618195366,8
4345,84,10,68,6,-1.4788993773509216,4
4346,17,38,37,22,-1.4799245104721017,16
4347,77,44,86,23,-1.4836620718907318,21
4348,71,74,60,39,-1.4843115108657063,35
4349,95,10,27,6,-1.484742219213803,4
4350,74,23,2,13,-1.4920197761473217,10
4351,112,26,87,13,-1.4920866605193068,13
4352,11,16,112,8,-1.4950492246382474,8
4353,25,47,107,24,-1.4967278623744342,23
4354,5,52,46,28,-1.4974094901037531,24
4355,89,10,54,6,-1.5037658090302162,4
4356,50,25,27,15,-1.504088460568275,10
4357,57,21,60,11,-1.5054649360999517,10
4358,63,53,68,28,-1.50575560658607,25
4359,27,30,64,16,-1.506656484827703,14
4360,55,12,46,7,-1.5148590180899666,5
4361,70,53,16,29,-1.5177519456578035,24
4362,70,45,107,22,-1.5183987584852079,23
4363,107,48,78,26,-1.521767419925412,22
4364,87,53,63,29,-1.5228874848655918,24
4365,37,14,35,7,-1.5231317423105963,7
4366,109,49,51,29,-1.5253225765776393,20
4367,86,49,23,26,-1.525800627782492,23
4368,84,20,114,11,-1.5282826629009745,9
4369,58,24,60,12,-1.5296571105675618,12
4370,53,13,29,8,-1.5317670028644699,5
4371,79,13,98,7,-1.5335435073226167,6
4372,86,10,22,5,-1.5381482899799122,5
4373,107,94,65,49,-1.53828780710982,45
4374,81,19,68,10,-1.5385400494517059,9
4375,9,32,60,18,-1.5417639078296765,14
4376,65,53,60,25,-1.545434482222783,28
4377,94,52,43,27,-1.5485361244464182,25
4378,11,20,80,10,-1.5532652275466878,10
4379,69,25,100,13,-1.5539300788324981,12
4380,19,61,30,33,-1.5625167280187042,28
4381,8,88,86,43,-1.5679670065587519,45
4382,13,61,4,33,-1.5687606312733104,28
4383,88,34,96,17,-1.5755489762598094,17
4384,16,59,74,30,-1.5763144198537735,29
4385,95,20,76,10,-1.5773440780858252,10
4386,90,22,55,10,-1.5786569524988743,12
4387,81,24,53,13,-1.581405189491278,11
4388,97,34,2,18,-1.581483466739766,16
4389,25,15,2,7,-1.5845186001024003,8
4390,98,20,27,10,-1.5846794804650377,10
4391,11,42,65,21,-1.5856894048829604,21
4392,65,99,87,52,-1.586168056920186,47
4393,23,18,104,8,-1.586371905318577,10
4394,98,24,51,13,-1.5914965104039467,11
4395,75,11,14,6,-1.594721022285634,5
4396,38,12,91,6,-1.5959128745414664,6
4397,37,56,51,32,-1.5992269438266566,24
4398,18,17,76,9,-1.6011095201796195,8
4399,54,26,15,12,-1.6106595014683187,14
4400,69,29,30,15,-1.6139022710932387,14
4401,80,14,17,8,-1.614004150921247,6
4402,51,18,58,9,-1.6214795949867136,9
4403,88,46,106,26,-1.6248459493396543,20
4404,30,22,7,10,-1.627064761951183,12
4405,84,12,64,5,-1.627208224984681,7
4406,86,28,35,16,-1.6302927109086052,12
4407,68,18,6,8,-1.6346986227731621,10
4408,29,23,103,11,-1.635284427042168,12
4409,18,26,104,15,-1.6361581237581888,11
4410,107,89,51,51,-1.6363290198446874,38
4411,68,41,30,21,-1.6397998764136303,20
4412,98,16,57,8,-1.647200551432352,8
4413,68,23,36,12,-1.6511686348202723,11
4414,104,16,57,10,-1.6527114989919918,6
4415,1,30,41,17,-1.6558361653082898,13
4416,102,29,76,16,-1.6595735135507517,13
4417,47,24,63,14,-1.6623324282821748,10
4418,74,47,37,24,-1.6628163329711194,23
4419,34,13,114,6,-1.6642874528280043,7
4420,33,19,54,11,-1.6683853925492602,8
4421,112,17,17,9,-1.6709980493790215,8
4422,31,28,45,15,-1.671087040669103,13
4423,84,45,87,25,-1.6712785926609635,20
4424,104,14,48,8,-1.6735118830252353,6
4425,7,45,63,27,-1.6735738766299257,18
4426,19,69,16,39,-1.6745125095622315,30
4427,90,41,16,21,-1.6799312140304263,20
4428,88,83,8,43,-1.6811669912632214,40
4429,106,40,55,22,-1.6835382667235006,18
4430,109,17,23,9,-1.6845705647628202,8
4431,28,20,73,10,-1.687006788072292,10
4432,27,57,30,29,-1.6896054659634094,28
4433,95,17,63,9,-1.6923751834394962,8
4434,23,15,36,6,-1.697287527418564,9
4435,102,16,20,8,-1.698939123981487,8
4436,88,24,12,13,-1.7020358994387506,11
4437,57,15,85,8,-1.7034495534090837,7
4438,28,62,88,33,-1.710290859725632,29
4439,54,51,5,28,-1.712751834502299,23
4440,83,24,104,14,-1.7171480590838877,10
4441,43,17,74,8,-1.7202204297362316,9
4442,77,25,88,14,-1.7210000447837082,11
4443,28,10,77,5,-1.7274479044716256,5
4444,43,38,27,20,-1.7274963713159421,18
4445,15,33,72,16,-1.7279964636834557,17
4446,12,24,88,12,-1.7300105189995214,12
4447,1,24,60,13,-1.730552170717303,11
4448,68,13,32,8,-1.7311662598089272,5
4449,96,38,106,21,-1.7318320126651956,17
4450,44,27,16,15,-1.7334648777380282,12
4451,9,16,111,9,-1.7347101097492725,7
4452,112,23,9,13,-1.7370284161007248,10
4453,66,14,51,7,-1.7380363030144785,7
4454,88,37,36,21,-1.7392851936744365,16
4455,6,11,18,6,-1.741458460094483,5
4456,36,33,60,17,-1.7416473627060736,16
4457,107,23,79,13,-1.7474071801332414,10
4458,43,21,104,12,-1.7506051091420238,9
4459,18,37,88,19,-1.753919363939246,18
4460,13,29,91,14,-1.7567935360990936,15
4461,5,98,37,51,-1.758075221984611,47
4462,30,19,9,11,-1.7725720850396791,8
4463,69,21,50,10,-1.7758250016074677,11
4464,90,25,37,13,-1.7816453937181718,12
4465,46,27,97,14,-1.7888516310767928,13
4466,48,19,20,11,-1.788885742697511,8
4467,39,35,114,17,-1.7909993968165168,18
4468,19,55,100,30,-1.7922295976612044,25
4469,85,33,107,17,-1.792725598129701,16
4470,15,11,66,6,-1.795076326934553,5
4471,102,19,62,10,-1.8008214371485478,9
4472,9,18,29,9,-1.8021042570677102,9
4473,3,34,69,20,-1.8032430518217073,14
4474,31,34,51,20,-1.8036645224364254,14
4475,86,57,70,31,-1.8046372203949796,26
4476,25,22,36,11,-1.807144013826857,11
4477,111,18,40,9,-1.8104998545748772,9
4478,15,51,13,26,-1.8107333064391236,25
4479,107,55,50,28,-1.8111994120397001,27
4480,18,20,43,9,-1.8118960321689024,11
4481,29,18,55,9,-1.8130539080836594,9
4482,72,37,13,18,-1.8151366438409946,19
4483,99,13,102,7,-1.8212893413036917,6
4484,79,37,86,20,-1.8233812794868027,17
4485,75,44,13,24,-1.82625422828726,20
4486,114,13,44,7,-1.8263733365516681,6
4487,13,29,74,15,-1.8278354237299026,14
4488,112,40,86,22,-1.8317941051483295,18
4489,20,22,95,11,-1.8350043196326247,11
4490,38,18,17,10,-1.8350446788804244,8
4491,96,38,84,19,-1.8356486827006808,19
4492,88,30,92,16,-1.8365360092779854,14
4493,20,34,11,19,-1.8399043392082135,15
4494,85,18,12,9,-1.8411131730635322,9
4495,73,13,50,8,-1.8439270323254189,5
4496,97,22,53,12,-1.8492466822191038,10
4497,97,21,93,11,-1.8583722279909514,10
4498,33,13,60,8,-1.8644268792007352,5
4499,47,13,53,7,-1.867452050486345,6
4500,92,15,104,7,-1.8690561053420156,8
4501,8,41,2,21,-1.884865447616968,20
4502,30,16,96,9,-1.885074878690478,7
4503,64,23,25,12,-1.885723885284777,11
4504,86,44,71,22,-1.8883807510456327,22
4505,98,12,85,7,-1.8929637615829242,5
4506,100,12,52,7,-1.8946165490949367,5
4507,99,27,55,15,-1.895072402151854,12
4508,54,52,39,27,-1.8985642042569597,25
4509,86,67,57,35,-1.8995713363503277,32
4510,76,35,50,16,-1.9009793811042346,19
4511,9,12,93,7,-1.9054646427528426,5
4512,87,35,46,20,-1.9081637543359307,15
4513,109,20,37,11,-1.9083987500708364,9
4514,1,38,68,20,-1.9099752765436626,18
4515,34,39,17,19,-1.9118019995598055,20
4516,16,33,111,17,-1.912591245331939,16
4517,74,65,8,36,-1.912865606563874,29
4518,17,11,110,6,-1.9155371371930692,5
4519,106,32,97,16,-1.9159665785715099,16
4520,76,11,99,5,-1.9173589523208294,6
4521,18,21,114,11,-1.9235772497574435,10
4522,54,28,17,14,-1.9259736473512512,14
4523,40,19,70,11,-1.9276789997691235,8
4524,84,30,65,16,-1.9288646732683914,14
4525,76,26,41,12,-1.9323052199492383,14
4526,97,14,23,7,-1.933052873443659,7
4527,98,10,32,5,-1.938005226383161,5
4528,103,15,77,8,-1.9384473379416851,7
4529,7,49,71,24,-1.9387153694352721,25
4530,104,13,110,8,-1.938847445081051,5
4531,31,14,23,8,-1.9392936999416412,6
4532,12,45,86,24,-1.9425753714701393,21
4533,55,20,25,11,-1.9429576796619983,9
4534,61,22,13,13,-1.9474617025071013,9
4535,64,34,36,17,-1.9485056781764574,17
4536,86,30,19,15,-1.9572349198961299,15
4537,35,11,50,6,-1.9581460146246799,5
4538,78,21,41,12,-1.9597162558523098,9
4539,33,14,39,7,-1.9600955952261323,7
4540,97,11,80,6,-1.9631828964682283,5
4541,112,24,41,13,-1.9642201479007202,11
4542,91,33,28,18,-1.9649527402335243,15
4543,95,11,102,6,-1.9663297200367658,5
4544,77,37,68,21,-1.966928748644692,16
4545,3,22,23,12,-1.9704853033748797,10
4546,35,10,54,6,-1.970607603878344,4
4547,84,31,55,16,-1.972558144291078,15
4548,70,32,88,17,-1.97629343595963,15
4549,53,28,95,17,-1.9769373995573174,11
4550,103,11,23,6,-1.9773995409345126,5
4551,38,30,68,17,-1.98112771845421,13
4552,79,12,100,7,-1.9822381822120907,5
4553,4,19,53,10,-1.9876947928926731,9
4554,81,12,48,7,-1.988832939584028,5
4555,88,18,72,10,-1.9890770538821383,8
4556,74,26,114,13,-1.9975972531686852,13
4557,97,22,83,10,-2.0076368732075736,12
4558,102,29,16,15,-2.01250365528989,14
4559,103,13,112,7,-2.012520719272728,6
4560,70,29,68,15,-2.0151181581046322,14
4561,54,37,84,20,-2.015420239969851,17
4562,54,37,80,18,-2.018157304123278,19
4563,60,11,93,7,-2.0186296316322276,4
4564,10,10,111,6,-2.019460672769103,4
4565,90,37,8,21,-2.019464782071777,16
4566,60,18,72,10,-2.0200765666659533,8
4567,17,27,114,16,-2.0211590753648663,11
4568,13,78,39,42,-2.021887547561143,36
4569,38,18,51,10,-2.0249354756330757,8
4570,51,52,28,26,-2.0250173037261257,26
4571,13,11,32,6,-2.0261815070275415,5
4572,75,36,87,19,-2.026466463774077,17
4573,114,14,91,7,-2.031242634143404,7
4574,8,40,60,20,-2.033286998314092,20
4575,93,18,11,8,-2.03919027808283,10
4576,7,14,12,7,-2.0405365521973633,7
4577,29,25,94,13,-2.054430963734077,12
4578,65,25,48,12,-2.0579371291305484,13
4579,108,10,20,5,-2.0580290800777243,5
4580,57,19,9,10,-2.058380213538902,9
4581,15,41,30,22,-2.065734969735296,19
4582,34,30,84,16,-2.067010635537675,14
4583,50,12,94,7,-2.0673259151868515,5
4584,23,20,27,10,-2.072262837137015,10
4585,51,112,13,56,-2.0740369738262014,56
4586,19,43,54,25,-2.0750475945700195,18
4587,83,19,60,10,-2.080593849514112,9
4588,72,14,66,8,-2.0852128177023075,6
4589,68,43,64,25,-2.086424402801581,18
4590,94,12,15,7,-2.089165890411621,5
4591,11,18,40,9,-2.0894421004610075,9
4592,77,27,72,14,-2.094180481677377,13
4593,8,22,97,11,-2.094799206270942,11
4594,57,17,64,10,-2.0964467583954454,7
4595,55,30,76,17,-2.101047736110318,13
4596,23,19,112,11,-2.1018527652621146,8
4597,46,18,64,10,-2.1047354778304097,8
4598,94,28,68,15,-2.106511062546954,13
4599,25,11,69,6,-2.1120597510852503,5
4600,16,89,60,47,-2.113878856042414,42
4601,109,30,60,16,-2.114251220837337,14
4602,70,11,53,6,-2.117480208536361,5
4603,9,62,7,31,-2.12190310948229,31
4604,114,32,102,18,-2.1240842876015145,14
4605,88,61,41,34,-2.127673535455668,27
4606,43,10,98,6,-2.130277896443765,4
4607,41,37,60,18,-2.130524858613588,19
4608,8,77,54,44,-2.1325516335637458,33
4609,61,12,2,7,-2.1331085158076037,5
4610,102,26,8,13,-2.1358165667375646,13
4611,31,13,66,7,-2.1367157981218847,6
4612,8,19,72,9,-2.138901005002866,10
4613,39,39,71,21,-2.1402119009407663,18
4614,69,11,55,6,-2.141856565606561,5
4615,8,21,10,12,-2.1473150021467613,9
4616,45,20,40,11,-2.1604079227235773,9
4617,53,13,23,7,-2.1639220781507684,6
4618,29,10,5,6,-2.165232041865749,4
4619,87,13,42,7,-2.173897877700351,6
4620,11,64,8,34,-2.1781854274768366,30
4621,102,26,109,14,-2.1840595222941355,12
4622,107,44,29,27,-2.188814848124029,17
4623,72,19,7,10,-2.1917063339887886,9
4624,106,35,68,19,-2.1936858069827916,16
4625,75,32,60,17,-2.194819750320694,15
4626,40,75,7,42,-2.1957521283064794,33
4627,56,12,91,6,-2.1992686471747738,6
4628,13,109,68,58,-2.2032595049910353,51
4629,96,50,5,28,-2.21142719225076,22
4630,84,23,75,12,-2.2186834285684554,11
4631,99,13,98,6,-2.221258167793369,7
4632,25,16,90,9,-2.2261576936837106,7
4633,71,29,62,15,-2.2274966883750613,14
4634,65,18,46,11,-2.2329984780581085,7
4635,114,26,4,13,-2.2345648368573663,13
4636,27,10,70,5,-2.2432632584575636,5
4637,76,34,8,19,-2.2482895172129034,15
4638,19,17,8,9,-2.2502111874564155,8
4639,113,16,86,9,-2.251799072045514,7
4640,83,11,63,7,-2.2518527555220995,4
4641,74,29,20,16,-2.2532656544174667,13
4642,25,30,95,16,-2.253973143655665,14
4643,41,13,74,6,-2.2545650248033335,7
4644,17,16,98,8,-2.257246092539532,8
4645,18,32,77,19,-2.2588523922859904,13
4646,98,12,62,6,-2.263618494828718,6
4647,12,31,49,13,-2.2670465912319986,18
4648,7,12,85,7,-2.267272935114745,5
4649,96,66,28,35,-2.2674069446039304,31
4650,31,10,61,5,-2.2696136748473643,5
4651,27,68,13,36,-2.2740816322650126,32
4652,11,46,13,25,-2.2748850063723407,21
4653,74,14,40,8,-2.2751378053719047,6
4654,30,24,20,12,-2.2752224055021553,12
4655,11,47,50,25,-2.276023953743783,22
4656,92,14,65,7,-2.2769844774151675,7
4657,13,133,16,74,-2.277115701838462,59
4658,69,12,77,6,-2.279799370845894,6
4659,81,10,38,5,-2.281962126644993,5
4660,88,26,81,14,-2.2857834835265307,12
4661,16,16,73,8,-2.2869477637304083,8
4662,28,76,8,41,-2.287592590077328,35
4663,4,13,106,6,-2.2878834680443574,7
4664,5,24,100,13,-2.293242743404464,11
4665,50,42,63,23,-2.295098382996511,19
4666,48,23,30,13,-2.2978447431912103,10
4667,7,20,80,11,-2.2986689861273364,9
4668,33,23,86,13,-2.2996974943246613,10
4669,95,26,60,14,-2.300035058084819,12
4670,98,11,38,6,-2.303289795541878,5
4671,70,13,35,6,-2.304704787607643,7
4672,69,13,76,8,-2.308555624427584,5
4673,70,28,63,15,-2.309911464577443,13
4674,63,31,71,17,-2.3112629873314674,14
4675,3,70,87,38,-2.3135244458070203,32
4676,96,58,8,31,-2.313991189820115,27
4677,91,32,88,17,-2.315767764685104,15
4678,87,18,111,10,-2.3163891448333644,8
4679,61,23,3,15,-2.318754532374438,8
4680,102,21,104,10,-2.3206272974702777,11
4681,48,46,16,23,-2.3231842704826597,23
4682,50,35,84,18,-2.3257021134383264,17
4683,77,77,60,41,-2.328430632540068,36
4684,5,51,109,26,-2.3285813949081633,25
4685,53,28,25,14,-2.330151085469087,14
4686,86,37,80,20,-2.3309612757843783,17
4687,51,45,57,24,-2.3316473987870014,21
4688,19,21,38,13,-2.3345425219981566,8
4689,3,20,58,12,-2.334774076867246,8
4690,88,59,27,30,-2.3376395265847867,29
4691,77,21,109,11,-2.3407880669989285,10
4692,52,16,30,9,-2.3410140593607354,7
4693,45,10,78,5,-2.343791897433706,5
4694,16,74,104,40,-2.347076353273721,34
4695,46,63,11,34,-2.3482517586733156,29
4696,96,10,79,5,-2.3519921114573528,5
4697,31,36,4,21,-2.353535596679466,15
4698,33,12,99,7,-2.354570382478151,5
4699,109,17,40,10,-2.3545763145612293,7
4700,17,27,8,14,-2.3545788982602027,13
4701,109,14,96,8,-2.3566759619593642,6
4702,58,16,43,9,-2.35671636938616,7
4703,64,44,53,24,-2.357816373417817,20
4704,97,14,100,8,-2.358325970901079,6
4705,76,34,70,18,-2.358420872168422,16
4706,5,23,99,12,-2.361621902264283,11
4707,50,24,40,14,-2.3671440474550494,10
4708,63,32,25,16,-2.3688265373602633,16
4709,87,45,29,25,-2.3714640179129787,20
4710,55,31,53,17,-2.372089532662414,14
4711,84,19,90,10,-2.374748457023267,9
4712,107,40,71,23,-2.3760609676092463,17
4713,112,14,8,8,-2.379829723910838,6
4714,84,90,86,45,-2.3816790899230793,45
4715,56,13,75,8,-2.3840139649043497,5
4716,104,25,96,14,-2.3866419839158373,11
4717,71,21,4,13,-2.387175011736595,8
4718,48,13,23,7,-2.389445224732223,6
4719,65,50,53,26,-2.3970028220576673,24
4720,109,21,97,11,-2.3981411019215164,10
4721,28,38,46,22,-2.399017879816561,16
4722,94,27,100,17,-2.4002432216595997,10
4723,33,14,74,7,-2.401214003272286,7
4724,80,26,20,14,-2.403335157163852,12
4725,104,57,88,32,-2.406185933878752,25
4726,23,22,54,12,-2.4071199385443034,10
4727,50,40,8,23,-2.412256910417208,17
4728,7,32,15,15,-2.41306663658859,17
4729,81,24,107,13,-2.414159413465892,11
4730,94,19,28,11,-2.4149604753175535,8
4731,107,98,8,50,-2.415176397351887,48
4732,99,11,109,6,-2.419517402501051,5
4733,90,39,107,20,-2.4251424853764503,19
4734,96,17,3,9,-2.4320783711975644,8
4735,112,19,77,9,-2.4329966442768884,10
4736,51,19,14,12,-2.433844123091522,7
4737,51,34,23,18,-2.4371373464837025,16
4738,7,56,23,30,-2.44119174027295,26
4739,47,15,64,9,-2.441201731533323,6
4740,50,10,32,4,-2.4440541907162885,6
4741,61,15,63,9,-2.445410080263457,6
4742,65,17,61,8,-2.4487309858444055,9
4743,78,29,65,17,-2.449883264614465,12
4744,50,16,58,8,-2.4508398898046004,8
4745,84,10,40,5,-2.454221067396937,5
4746,86,17,110,9,-2.4597124602837575,8
4747,25,32,102,17,-2.460889696925049,15
4748,1,17,17,9,-2.462761073509874,8
4749,69,17,74,8,-2.466497282082459,9
4750,3,51,68,26,-2.4667337505952043,25
4751,106,52,65,28,-2.4741835823316767,24
4752,28,58,87,30,-2.4778229626436263,28
4753,30,14,98,7,-2.4787817490874096,7
4754,79,25,28,13,-2.4854050300354316,12
4755,9,27,71,15,-2.485839871550414,12
4756,111,38,65,22,-2.4964278491140734,16
4757,67,13,84,6,-2.500709874534178,7
4758,86,63,114,33,-2.5031933128077966,30
4759,17,42,65,25,-2.5046287773470137,17
4760,92,15,87,8,-2.5078466479835875,7
4761,103,23,72,12,-2.5080159380202245,11
4762,49,63,88,35,-2.5106158226248643,28
4763,104,17,89,9,-2.5139241654919746,8
4764,27,35,29,20,-2.5139766493292606,15
4765,36,15,12,8,-2.516319942513754,7
4766,29,18,97,10,-2.5164381029242997,8
4767,46,27,68,15,-2.520930145642669,12
4768,9,33,36,18,-2.527924078037464,15
4769,27,29,76,17,-2.5292444300037222,12
4770,30,19,99,11,-2.530388293684777,8
4771,107,15,44,8,-2.5305445670994096,7
4772,62,10,61,5,-2.530755074166221,5
4773,17,29,7,16,-2.532089441361392,13
4774,88,60,40,33,-2.532837544735202,27
4775,11,40,15,22,-2.533733740682213,18
4776,102,34,54,18,-2.537229709009487,16
4777,9,22,70,13,-2.539064949919759,9
4778,65,35,97,19,-2.5397394280205594,16
4779,20,40,88,20,-2.541950104212901,20
4780,36,74,7,40,-2.5493587507973596,34
4781,47,14,71,7,-2.550463226281338,7
4782,39,44,9,22,-2.551362349935292,22
4783,1,19,73,11,-2.5534291003907312,8
4784,29,44,16,23,-2.5549668364257667,21
4785,87,43,72,22,-2.5589709234036717,21
4786,68,109,7,59,-2.5626001746544604,50
4787,13,26,33,14,-2.5699373786762183,12
4788,25,14,48,7,-2.5710538086168517,7
4789,51,29,1,15,-2.5741193049184647,14
4790,108,14,81,7,-2.575857374314636,7
4791,112,22,50,13,-2.578275791966451,9
4792,88,15,33,9,-2.581178022844097,6
4793,65,71,28,40,-2.5907378992374013,31
4794,94,35,19,18,-2.592430047160573,17
4795,109,10,1,5,-2.5929606771402347,5
4796,37,27,102,15,-2.5931875377695413,12
4797,65,21,94,10,-2.5932669985607406,11
4798,37,48,20,25,-2.593682765159078,23
4799,60,38,11,21,-2.600434490474114,17
4800,91,23,36,13,-2.6004832054576417,10
4801,51,37,50,19,-2.6061429766239623,18
4802,87,36,90,18,-2.6068777758565247,18
4803,1,29,40,16,-2.6081027273161874,13
4804,11,40,30,22,-2.6113358055228164,18
4805,95,41,104,23,-2.6172247089757983,18
4806,107,74,27,41,-2.6182282798012366,33
4807,28,42,39,22,-2.6233394077803625,20
4808,107,34,95,18,-2.633836762476073,16
4809,98,21,54,11,-2.633881490859558,10
4810,39,34,95,18,-2.633907594970312,16
4811,22,12,51,7,-2.634920658551637,5
4812,54,13,110,7,-2.6358849029934506,6
4813,27,49,41,28,-2.643129519975746,21
4814,109,39,104,21,-2.643837630094446,18
4815,20,20,19,10,-2.646933293157403,10
4816,16,83,54,44,-2.6476576176633038,39
4817,18,17,27,9,-2.647837464117408,8
4818,36,13,57,8,-2.65311609010537,5
4819,73,14,20,8,-2.6543798385197737,6
4820,27,24,40,11,-2.6563176029466633,13
4821,62,28,49,17,-2.6607282791145046,11
4822,5,17,71,9,-2.668348512437487,8
4823,104,67,37,37,-2.6697156594454787,30
4824,7,118,13,63,-2.670897317194471,55
4825,44,17,25,9,-2.67353547628176,8
4826,16,35,89,19,-2.6742119046529877,16
4827,12,10,48,6,-2.6757754483893836,4
4828,5,25,39,13,-2.679132217269281,12
4829,107,21,93,12,-2.6848247910711347,9
4830,5,61,74,32,-2.685625674476679,29
4831,11,32,72,17,-2.687168084255007,15
4832,102,20,13,12,-2.6891186576501824,8
4833,31,23,87,12,-2.691508727503307,11
4834,65,11,10,6,-2.6916160360342993,5
4835,90,25,88,15,-2.6919812849334623,10
4836,37,20,43,10,-2.694551750219246,10
4837,106,63,87,33,-2.697752551932461,30
4838,100,29,72,16,-2.697928826752221,13
4839,7,27,20,14,-2.7023319306021247,13
4840,79,11,39,7,-2.7039365709334606,4
4841,50,46,2,25,-2.7076882491876737,21
4842,88,66,114,35,-2.711653784187523,31
4843,29,21,38,11,-2.7118691479278114,10
4844,4,20,63,11,-2.717031964261838,9
4845,88,16,34,9,-2.717519501254015,7
4846,65,93,51,51,-2.7230634765412063,42
4847,84,30,37,16,-2.724027270977717,14
4848,88,16,44,8,-2.725541522204711,8
4849,5,11,49,6,-2.7256599500520573,5
4850,50,58,87,30,-2.727728886996148,28
4851,12,20,72,12,-2.7323736468374107,8
4852,65,16,89,9,-2.7326107907122044,7
4853,46,26,60,14,-2.733085524905184,12
4854,13,67,104,37,-2.7338355846201052,30
4855,63,12,99,6,-2.7377253409939395,6
4856,68,31,69,17,-2.743936079051881,14
4857,107,80,39,43,-2.746903265333253,37
4858,51,26,71,14,-2.7484840529184043,12
4859,104,31,30,16,-2.7504108450647484,15
4860,77,35,49,20,-2.7512791911364762,15
4861,46,16,3,8,-2.7521722319308535,8
4862,43,14,70,8,-2.753352748891412,6
4863,96,34,97,17,-2.7556888339056824,17
4864,35,23,88,12,-2.7598010038488736,11
4865,94,17,1,8,-2.7623810098011927,9
4866,53,10,103,7,-2.7626913899775767,3
4867,64,25,50,13,-2.7638820326513205,12
4868,72,22,43,12,-2.768481833215008,10
4869,13,13,52,7,-2.77648690159436,6
4870,87,17,10,9,-2.7770692343126613,8
4871,68,78,16,44,-2.779771316829561,34
4872,40,30,18,18,-2.780722164544755,12
4873,52,25,87,13,-2.7883729152304424,12
4874,112,14,85,8,-2.7888570708398155,6
4875,102,12,70,5,-2.7906887378625385,7
4876,57,10,18,6,-2.791050441588557,4
4877,36,13,100,7,-2.7923934619121082,6
4878,1,26,7,14,-2.7932054952385057,12
4879,51,60,8,32,-2.7933631521243822,28
4880,44,14,68,7,-2.795327721392822,7
4881,50,15,23,10,-2.79562399723425,5
4882,8,32,83,16,-2.795775595052068,16
4883,54,66,20,33,-2.7989366544964605,33
4884,112,14,106,7,-2.805082024542775,7
4885,71,42,65,24,-2.8056942435602354,18
4886,41,15,99,8,-2.808167291861728,7
4887,36,32,1,16,-2.8095303452930676,16
4888,107,39,108,21,-2.811367715543354,18
4889,87,149,86,76,-2.8164162136952697,73
4890,40,48,9,27,-2.81743847104381,21
4891,76,26,97,14,-2.8180456861896683,12
4892,48,14,68,7,-2.8206443314688054,7
4893,71,13,18,7,-2.821320109059585,6
4894,112,21,75,12,-2.824219405034082,9
4895,60,65,51,39,-2.834302305122906,26
4896,35,11,39,6,-2.836154761931755,5
4897,28,104,86,58,-2.8374089851944664,46
4898,16,25,4,12,-2.8411046840521466,13
4899,33,13,97,7,-2.8486496222061612,6
4900,53,51,39,28,-2.850176330999263,23
4901,28,96,16,53,-2.854985092700266,43
4902,19,45,39,27,-2.8553124214148218,18
4903,94,15,88,7,-2.858803168647949,8
4904,28,25,69,13,-2.8619129564051375,12
4905,11,50,55,29,-2.865634885836894,21
4906,84,70,28,39,-2.8670003890442084,31
4907,89,21,13,12,-2.86863528789655,9
4908,17,10,88,4,-2.869337502995369,6
4909,68,69,88,38,-2.8695211003313763,31
4910,94,16,103,8,-2.870581692988751,8
4911,87,25,83,13,-2.871024026015094,12
4912,1,14,112,9,-2.8723250567679224,5
4913,112,37,107,19,-2.873174412617592,18
4914,2,10,108,6,-2.87346504815302,4
4915,30,21,75,11,-2.8743282279457314,10
4916,77,14,106,7,-2.8755893681261617,7
4917,46,25,17,14,-2.875672610475698,11
4918,48,18,88,11,-2.878155115044796,7
4919,88,69,60,39,-2.882862964870889,30
4920,109,51,87,29,-2.8878902450085047,22
4921,3,30,62,17,-2.8895055805497796,13
4922,71,34,30,18,-2.8915964337712703,16
4923,72,25,85,15,-2.9012050838524304,10
4924,107,34,94,21,-2.9026287383973437,13
4925,79,33,16,19,-2.9049583801159375,14
4926,9,19,62,10,-2.9069158954391585,9
4927,10,12,104,6,-2.911353003023708,6
4928,33,10,37,6,-2.9157377490462273,4
4929,31,11,55,6,-2.9183781753906346,5
4930,9,17,109,8,-2.91854195196147,9
4931,47,10,29,6,-2.919983374996915,4
4932,106,19,102,9,-2.920725539256512,10
4933,61,21,88,13,-2.9209863910476948,8
4934,62,14,1,7,-2.9215215839903967,7
4935,33,10,3,6,-2.927658221464772,4
4936,40,18,12,9,-2.9302897037093416,9
4937,28,21,33,10,-2.934003356051797,11
4938,87,20,36,12,-2.935573250897671,8
4939,65,27,83,14,-2.938404758323202,13
4940,5,63,16,37,-2.93851451686489,26
4941,107,97,13,52,-2.9393311728020404,45
4942,1,18,9,8,-2.9438107743951827,10
4943,46,18,71,9,-2.9448527741935377,9
4944,103,20,65,12,-2.958477045303469,8
4945,57,23,114,13,-2.9591464136641092,10
4946,46,23,114,13,-2.963143531607223,10
4947,57,18,25,10,-2.9649349505538742,8
4948,63,16,73,8,-2.966556049159883,8
4949,37,21,2,11,-2.969758011269449,10
4950,4,32,36,19,-2.973906674035423,13
4951,41,28,43,15,-2.9751067750185958,13
4952,106,36,84,18,-2.975473960825012,18
4953,1,13,46,6,-2.9771068452784513,7
4954,13,23,85,14,-2.985985548040523,9
4955,90,47,86,27,-2.997206734082277,20
4956,19,28,76,16,-2.9984169290649487,12
4957,69,11,4,6,-2.9994841766617113,5
4958,34,14,96,8,-3.001763014782561,6
4959,37,58,16,31,-3.002510719128323,27
4960,108,20,50,10,-3.006186687462408,10
4961,63,42,74,22,-3.0096162132471513,20
4962,18,16,38,8,-3.013824290519956,8
4963,33,17,40,11,-3.0217035797006964,6
4964,49,51,27,28,-3.0288749255218295,23
4965,98,13,39,8,-3.033232316977357,5
4966,65,39,25,23,-3.0368934823131153,16
4967,79,22,30,13,-3.038702569108576,9
4968,96,13,38,7,-3.042215232246171,6
4969,93,28,86,15,-3.047207829379784,13
4970,55,45,7,26,-3.0547614693932803,19
4971,57,11,6,6,-3.056750466696465,5
4972,25,18,71,10,-3.0644100067848146,8
4973,25,30,75,17,-3.0695517335408993,13
4974,7,37,43,22,-3.070632441088369,15
4975,60,29,19,15,-3.0741844930514644,14
4976,78,32,72,16,-3.076494982824431,16
4977,104,23,97,12,-3.0789791419269115,11
4978,62,16,55,9,-3.0797392954165557,7
4979,28,12,66,6,-3.0826665795427424,6
4980,72,20,47,13,-3.083365842281265,7
4981,37,59,107,32,-3.087858660035623,27
4982,50,17,93,10,-3.0892168464304066,7
4983,86,95,63,55,-3.0921235411507446,40
4984,88,39,100,22,-3.094250000032704,17
4985,27,17,6,9,-3.094787186521295,8
4986,109,10,85,7,-3.095406882310694,3
4987,19,28,34,16,-3.0972119799619966,12
4988,87,20,6,11,-3.0972456748613655,9
4989,54,34,104,18,-3.0987784259955413,16
4990,91,10,64,6,-3.099347902087069,4
4991,74,16,88,10,-3.1000151762465453,6
4992,68,14,99,8,-3.100103615084475,6
4993,60,15,92,9,-3.1016290657385786,6
4994,100,24,98,14,-3.102517713271865,10
4995,86,21,111,12,-3.1037611827633467,9
4996,4,24,50,12,-3.110559237136967,12
4997,17,25,25,14,-3.1106502600539123,11
4998,80,11,36,6,-3.115857421175655,5
4999,48,36,28,20,-3.1189690871072235,16
5000,8,36,23,20,-3.120762784480779,16
5001,104,45,39,25,-3.1235813826450154,20
5002,60,44,43,24,-3.1256445227284724,20
5003,107,37,17,20,-3.1278325614986824,17
5004,88,30,47,16,-3.128005162623052,14
5005,28,11,6,6,-3.131247568187587,5
5006,2,15,76,9,-3.1350168634931235,6
5007,41,24,47,12,-3.137759511909013,12
5008,9,23,114,15,-3.140025237540426,8
5009,45,12,112,6,-3.1460936650177436,6
5010,72,14,38,7,-3.1474388565109104,7
5011,19,49,43,27,-3.1481184210418562,22
5012,23,23,75,11,-3.148733601092015,12
5013,51,35,49,19,-3.149884600058364,16
5014,7,51,104,28,-3.1582194180075027,23
5015,82,21,86,12,-3.1586560919846343,9
5016,4,19,75,11,-3.1591429263358264,8
5017,23,59,16,32,-3.161377914069989,27
5018,9,55,107,28,-3.165394319093782,27
5019,66,20,63,11,-3.166079264336923,9
5020,69,30,41,18,-3.1671568486745967,12
5021,20,26,55,14,-3.1691541193918393,12
5022,60,25,106,15,-3.171261503808185,10
5023,69,16,103,8,-3.1785957104061207,8
5024,50,21,100,12,-3.1824846398299695,9
5025,114,31,54,16,-3.1847921316014287,15
5026,58,10,11,6,-3.1884299720547142,4
5027,90,22,17,13,-3.190848422422067,9
5028,8,15,69,8,-3.1913004711052855,7
5029,39,41,36,23,-3.1998605067578247,18
5030,30,15,47,7,-3.2029196549329764,8
5031,17,28,106,17,-3.2039846830051175,11
5032,97,12,56,6,-3.20853124358707,6
5033,31,47,60,23,-3.209470727487928,24
5034,97,19,50,11,-3.210625734622635,8
5035,8,29,64,17,-3.2116280139221245,12
5036,74,16,17,9,-3.211770551027836,7
5037,86,24,89,12,-3.2137728032174717,12
5038,94,18,55,10,-3.2183549150249458,8
5039,80,10,100,6,-3.221630002984554,4
5040,12,16,54,8,-3.22546532700851,8
5041,65,50,23,26,-3.2292420048113133,24
5042,97,14,3,7,-3.230803945654675,7
5043,36,49,107,26,-3.2348387046482574,23
5044,60,25,99,14,-3.23819445910271,11
5045,81,12,23,7,-3.240703587077,5
5046,96,10,64,6,-3.2470341038418864,4
5047,49,75,16,42,-3.251080032765049,33
5048,25,47,114,27,-3.2540864225169717,20
5049,74,24,7,15,-3.2574931437928867,9
5050,107,63,68,33,-3.262613498145852,30
5051,54,46,11,25,-3.264322305222964,21
5052,51,89,88,45,-3.270665264118637,44
5053,67,13,114,7,-3.2746706512348394,6
5054,3,25,8,12,-3.277389633331906,13
5055,1,37,13,22,-3.2879398916144846,15
5056,35,15,55,8,-3.2899027901624853,7
5057,79,17,76,10,-3.2930359935936764,7
5058,98,11,34,5,-3.2977526881218022,6
5059,23,26,12,14,-3.2981731860922094,12
5060,61,13,47,7,-3.3043540506366402,6
5061,64,21,114,12,-3.3046667254482798,9
5062,50,33,65,18,-3.3047538561923004,15
5063,68,29,47,16,-3.306037528461268,13
5064,107,41,19,24,-3.3073590728366797,17
5065,64,43,107,23,-3.3076512331365557,20
5066,96,14,41,9,-3.3088942892360294,5
5067,25,66,86,35,-3.3097455853588764,31
5068,54,59,96,30,-3.3145176699500087,29
5069,84,16,97,10,-3.3164282058099315,6
5070,97,14,98,7,-3.3185319117606134,7
5071,55,85,13,47,-3.325656298998864,38
5072,81,12,50,6,-3.335453957922903,6
5073,57,14,12,8,-3.3355360087579555,6
5074,48,17,80,10,-3.335623053391129,7
5075,5,13,68,7,-3.3380294056441095,6
5076,12,32,68,17,-3.3414057521350977,15
5077,20,19,15,11,-3.3455642497005824,8
5078,20,10,83,5,-3.3478898251644154,5
5079,107,15,14,9,-3.3479962116917648,6
5080,45,25,16,15,-3.357346808329067,10
5081,106,17,14,10,-3.3600594128266157,7
5082,11,20,62,11,-3.3606380871716297,9
5083,61,14,9,8,-3.362078776884604,6
5084,8,23,14,13,-3.3634201583462144,10
5085,97,25,54,13,-3.3648153427656795,12
5086,20,17,40,10,-3.3649339637959677,7
5087,28,56,13,30,-3.367189637590283,26
5088,107,31,91,18,-3.369239220639531,13
5089,96,18,73,10,-3.3726024221333355,8
5090,3,19,103,9,-3.376784851491646,10
5091,39,40,64,22,-3.3772164918090852,18
5092,91,16,74,9,-3.379327346818842,7
5093,75,20,70,10,-3.3793498632006282,10
5094,27,28,75,16,-3.3829340399823242,12
5095,55,28,36,15,-3.38333657725735,13
5096,87,39,12,22,-3.383602356538388,17
5097,104,10,73,6,-3.3914910994647247,4
5098,28,13,4,7,-3.394082491248691,6
5099,11,28,12,15,-3.409994942791958,13
5100,11,22,79,13,-3.411899322441765,9
5101,36,11,17,5,-3.4172736451567602,6
5102,78,18,28,9,-3.4177116588011063,9
5103,37,12,4,7,-3.4218717037755013,5
5104,38,14,108,8,-3.4266542867066154,6
5105,27,52,7,28,-3.4308990471010476,24
5106,48,20,106,11,-3.4316235296616595,9
5107,38,40,107,23,-3.4320037029545793,17
5108,63,25,49,13,-3.435463908483024,12
5109,107,68,30,39,-3.4384720672497404,29
5110,65,17,81,10,-3.4470499311553464,7
5111,76,34,65,21,-3.4474846022378154,13
5112,86,94,7,54,-3.44879121802912,40
5113,114,14,112,7,-3.452952980329055,7
5114,23,21,37,11,-3.4530437057487378,10
5115,5,23,33,12,-3.4543275091771934,11
5116,49,21,50,11,-3.468500479588225,10
5117,102,27,11,14,-3.4703002462259303,13
5118,27,41,34,22,-3.4773981792874955,19
5119,70,20,25,11,-3.484518115943742,9
5120,45,16,41,10,-3.485066668867454,6
5121,51,30,36,16,-3.4874600225025043,14
5122,36,13,62,7,-3.4895283270523745,6
5123,5,16,14,10,-3.4903696256491523,6
5124,54,10,6,5,-3.4921987314309866,5
5125,109,26,20,16,-3.4929177397438647,10
5126,114,36,97,20,-3.4948097299506924,16
5127,51,39,114,20,-3.4973322349486473,19
5128,103,18,78,12,-3.502047310197843,6
5129,54,15,38,8,-3.502268170966973,7
5130,98,17,73,9,-3.5039598524288147,8
5131,109,27,25,15,-3.504136926234722,12
5132,23,16,74,9,-3.505315761927062,7
5133,3,19,102,11,-3.508860335973488,8
5134,27,32,8,17,-3.5152116177223616,15
5135,43,12,47,7,-3.515494631843564,5
5136,15,17,28,9,-3.5210057183007173,8
5137,77,23,55,13,-3.5213277725739687,10
5138,74,16,89,9,-3.5219803445540383,7
5139,57,11,17,7,-3.5231240907929307,4
5140,50,55,37,29,-3.5287986061002137,26
5141,25,17,93,9,-3.53003978897563,8
5142,62,10,6,6,-3.5345556158920366,4
5143,84,26,85,16,-3.5349178606931724,10
5144,7,15,44,8,-3.535266020755458,7
5145,51,152,16,81,-3.5371583805731084,71
5146,30,32,28,17,-3.5399264254738525,15
5147,36,65,40,37,-3.5400829247343593,28
5148,16,46,95,24,-3.5406724684982365,22
5149,107,50,34,29,-3.5422466594443294,21
5150,27,29,47,16,-3.543966431934924,13
5151,70,11,33,6,-3.545285037756224,5
5152,19,16,40,10,-3.545611871303118,6
5153,104,17,34,10,-3.55064687835478,7
5154,37,21,62,13,-3.5526687288143344,8
5155,36,19,28,10,-3.554999615354129,9
5156,79,12,60,7,-3.555370933230573,5
5157,7,28,6,13,-3.563185524233912,15
5158,11,51,51,30,-3.5670376215712123,21
5159,77,26,78,14,-3.5706941418808986,12
5160,43,19,25,12,-3.5730773529480713,7
5161,15,56,57,30,-3.573283906414371,26
5162,87,22,14,13,-3.5746572289058025,9
5163,78,14,33,8,-3.5759620126343434,6
5164,51,22,102,12,-3.5799509862134142,10
5165,62,10,41,5,-3.5810735995056335,5
5166,5,62,88,33,-3.583030843412139,29
5167,11,18,14,11,-3.5868100547047623,7
5168,49,24,64,14,-3.5882587570404443,10
5169,95,10,97,6,-3.5894324713347885,4
5170,11,22,7,13,-3.590907173314133,9
5171,5,61,104,33,-3.5931408944870395,28
5172,57,14,106,7,-3.59361898372693,7
5173,16,57,75,31,-3.59529020803502,26
5174,79,23,34,14,-3.5987779482770503,9
5175,41,88,65,52,-3.5987797514188595,36
5176,32,24,86,13,-3.600337352350486,11
5177,88,36,1,19,-3.6124862498641357,17
5178,57,42,11,21,-3.61699854845675,21
5179,79,15,112,8,-3.621796379179409,7
5180,28,26,80,14,-3.6230809501897747,12
5181,62,33,39,19,-3.6232722489239304,14
5182,5,51,55,29,-3.628046191114139,22
5183,39,32,76,20,-3.6413483030396145,12
5184,41,60,51,33,-3.646621071359163,27
5185,70,10,14,5,-3.647042134114855,5
5186,23,13,9,7,-3.6475995665029,6
5187,98,16,114,9,-3.6481628146735163,7
5188,108,20,64,11,-3.648889859577028,9
5189,18,11,17,5,-3.651905683853183,6
5190,32,21,107,11,-3.65469777615246,10
5191,71,10,90,5,-3.6561036030201173,5
5192,31,24,39,14,-3.6610558433956157,10
5193,18,19,49,12,-3.6613367363964735,7
5194,102,16,29,10,-3.6619328281849266,6
5195,85,20,28,11,-3.6675135147560156,9
5196,84,21,38,11,-3.6699802067032445,10
5197,20,17,78,9,-3.6916138480807783,8
5198,28,19,23,10,-3.6970356039584327,9
5199,108,12,17,7,-3.6979659768897495,5
5200,108,15,29,8,-3.6991799646967554,7
5201,55,15,89,8,-3.7024183740582037,7
5202,35,10,112,5,-3.704644012481239,5
5203,87,42,95,22,-3.706416281336595,20
5204,60,79,13,46,-3.706459830738316,33
5205,86,57,60,32,-3.7078245531698175,25
5206,64,21,1,11,-3.7140968256416436,10
5207,5,21,15,13,-3.7147342263498166,8
5208,53,58,18,31,-3.7209254583124536,27
5209,86,40,91,22,-3.721705750823955,18
5210,41,26,20,13,-3.722699653504377,13
5211,86,59,49,32,-3.7237582148237562,27
5212,40,13,15,7,-3.72557831166786,6
5213,5,31,90,18,-3.72922813011693,13
5214,29,25,76,13,-3.731405559474108,12
5215,50,19,15,11,-3.7318860586459177,8
5216,40,59,60,33,-3.7350164129782835,26
5217,4,13,1,8,-3.7360390878519705,5
5218,84,55,51,31,-3.742451182903001,24
5219,54,58,28,33,-3.742783353616919,25
5220,40,42,53,23,-3.7429391558119973,19
5221,102,16,19,10,-3.745966667720826,6
5222,64,24,3,13,-3.749223027086128,11
5223,107,13,52,8,-3.7535584759825276,5
5224,19,16,50,9,-3.754666275212459,7
5225,65,26,72,14,-3.7623552594784684,12
5226,17,14,102,8,-3.765627490194505,6
5227,16,86,30,50,-3.7674055181573327,36
5228,30,29,18,16,-3.7717933229839495,13
5229,9,27,55,16,-3.772633679119087,11
5230,17,21,87,12,-3.7733166042192905,9
5231,38,20,12,11,-3.7742726810102356,9
5232,13,47,114,23,-3.7759149187311722,24
5233,46,64,86,38,-3.7760185158447266,26
5234,93,10,7,5,-3.7802315490169547,5
5235,80,38,16,23,-3.7815519601669254,15
5236,98,28,104,13,-3.783243181516934,15
5237,51,52,106,29,-3.7850976424308227,23
5238,54,29,25,16,-3.7885203565536667,13
5239,50,25,90,14,-3.7900343777578587,11
5240,39,11,6,6,-3.796620754703812,5
5241,11,20,77,11,-3.799578884636941,9
5242,108,13,100,8,-3.8087253310335285,5
5243,86,86,74,46,-3.8093023861998665,40
5244,71,27,28,16,-3.8126316435493957,11
5245,5,16,110,9,-3.8138584796050905,7
5246,91,28,5,17,-3.814625093066518,11
5247,48,18,57,10,-3.8148207098368445,8
5248,87,33,77,18,-3.8220923973741256,15
5249,75,12,48,7,-3.8239435270874167,5
5250,3,11,4,6,-3.8250463920918425,5
5251,46,13,38,8,-3.8338597693432206,5
5252,41,14,38,7,-3.8416237242181017,7
5253,31,23,18,12,-3.8430258307678686,11
5254,50,22,41,13,-3.845767300582984,9
5255,63,33,100,17,-3.8476705598955565,16
5256,76,39,28,21,-3.8485126894088935,18
5257,17,17,85,10,-3.8507511089593,7
5258,62,58,16,35,-3.8554708150534482,23
5259,107,50,40,30,-3.8570605527160122,20
5260,47,36,16,20,-3.860549268707263,16
5261,80,16,90,10,-3.8670676152144083,6
5262,49,11,102,7,-3.880578970933132,4
5263,112,22,3,11,-3.881829625852149,11
5264,54,28,78,16,-3.882100667150309,12
5265,107,44,15,28,-3.8828393722287613,16
5266,109,31,76,19,-3.887698579468372,12
5267,5,17,40,9,-3.8914877974226956,8
5268,3,46,107,24,-3.89195720958329,22
5269,54,25,1,14,-3.8929886538978145,11
5270,47,12,62,7,-3.897508167665008,5
5271,63,30,55,16,-3.900377194965691,14
5272,65,65,30,37,-3.913858561601784,28
5273,64,29,75,16,-3.916000714039239,13
5274,2,28,5,16,-3.923277825320164,12
5275,38,27,60,15,-3.9280695771482024,12
5276,20,15,18,9,-3.9303607040253326,6
5277,86,17,66,10,-3.9377031431732425,7
5278,76,22,84,12,-3.9389733435046645,10
5279,54,31,9,17,-3.942845641758714,14
5280,40,11,6,6,-3.944267868023087,5
5281,43,20,34,11,-3.9450965871891306,9
5282,19,42,29,25,-3.945859288793997,17
5283,43,19,35,10,-3.946831407739412,9
5284,2,23,16,13,-3.9485844823217353,10
5285,104,11,67,6,-3.9505697623954874,5
5286,91,15,9,8,-3.9508212932565088,7
5287,37,23,40,12,-3.9558411724945217,11
5288,76,19,3,11,-3.9582470227281776,8
5289,84,21,10,12,-3.960254602065843,9
5290,76,15,12,7,-3.9651645288437316,8
5291,94,11,84,6,-3.9681566657444405,5
5292,77,44,13,25,-3.969216996080678,19
5293,62,25,13,14,-3.96987023928499,11
5294,14,12,96,7,-3.975747798085742,5
5295,76,10,83,6,-3.979171756100496,4
5296,97,18,60,9,-3.9792005525226384,9
5297,55,35,80,18,-3.9840812801034198,17
5298,87,16,45,9,-3.9869877249578156,7
5299,14,12,112,6,-3.9932359631148633,6
5300,112,16,104,9,-3.994340241273064,7
5301,100,18,9,11,-3.9953268600169216,7
5302,112,16,31,10,-4.001730552260444,6
5303,77,18,5,10,-4.010067732208504,8
5304,110,20,8,12,-4.013172679497397,8
5305,19,25,28,15,-4.019180575644085,10
5306,62,38,107,20,-4.028509975356836,18
5307,114,41,63,26,-4.0379729890543565,15
5308,43,10,1,5,-4.038976715758714,5
5309,100,39,104,22,-4.040446439481137,17
5310,69,12,84,7,-4.046782427990892,5
5311,40,10,32,5,-4.050021677419865,5
5312,20,10,14,6,-4.05196683725804,4
5313,43,28,69,16,-4.053028562183644,12
5314,75,16,15,10,-4.056062954518072,6
5315,49,28,68,16,-4.061110376543601,12
5316,39,11,56,5,-4.061429150921741,6
5317,95,10,43,6,-4.063398320607962,4
5318,38,12,20,8,-4.067291998076448,4
5319,73,19,65,11,-4.067312461469671,8
5320,31,68,7,38,-4.069172309295861,30
5321,37,15,69,8,-4.071098728743587,7
5322,46,21,95,12,-4.071848693893571,9
5323,75,21,91,8,-4.084376386784757,13
5324,98,17,78,9,-4.084899624702052,8
5325,57,28,69,17,-4.084947289281298,11
5326,19,11,36,6,-4.08859021842168,5
5327,8,15,111,8,-4.091375789332371,7
5328,60,54,30,33,-4.097944668532023,21
5329,35,24,20,14,-4.0987287220029165,10
5330,107,84,88,49,-4.099238858645178,35
5331,93,20,83,11,-4.100880722204596,9
5332,51,48,75,26,-4.10605342104463,22
5333,63,30,97,17,-4.107378727934816,13
5334,55,17,108,10,-4.110943675956946,7
5335,2,12,7,7,-4.115660194227728,5
5336,50,15,83,7,-4.131296712002355,8
5337,106,51,107,28,-4.131711792879515,23
5338,20,11,71,7,-4.1364305573939655,4
5339,71,47,53,27,-4.141303557057989,20
5340,28,77,50,44,-4.143924434349461,33
5341,17,12,99,7,-4.148375833376952,5
5342,27,14,33,8,-4.15382717188424,6
5343,84,24,27,13,-4.156059221916358,11
5344,2,10,19,5,-4.15617878328422,5
5345,27,14,92,7,-4.157793062407015,7
5346,48,23,39,14,-4.160487880373118,9
5347,90,16,30,9,-4.1606269979119155,7
5348,22,17,34,10,-4.1630551469091674,7
5349,5,40,83,21,-4.163709904424498,19
5350,96,24,60,16,-4.164982345638217,8
5351,46,51,51,29,-4.174462162624302,22
5352,103,13,18,8,-4.1752141807255745,5
5353,69,29,58,15,-4.178369386929423,14
5354,25,27,23,15,-4.182190113226042,12
5355,43,11,93,6,-4.184906166012258,5
5356,93,15,29,8,-4.188724926111399,7
5357,77,28,19,15,-4.1898819439457275,13
5358,34,25,29,13,-4.194433318367101,12
5359,72,14,20,8,-4.198852334302272,6
5360,36,56,65,32,-4.205692860728478,24
5361,81,38,86,24,-4.205763980990186,14
5362,48,20,27,12,-4.2066865294128375,8
5363,20,21,17,12,-4.207666463256875,9
5364,48,10,52,6,-4.211289472665269,4
5365,84,19,43,10,-4.2146198508874155,9
5366,81,29,15,16,-4.216798906101531,13
5367,63,20,17,11,-4.217095300732271,9
5368,18,19,4,11,-4.220670692754496,8
5369,100,29,28,17,-4.221129674472951,12
5370,44,11,71,6,-4.223524348839454,5
5371,38,21,9,12,-4.2241565966881796,9
5372,11,29,48,17,-4.229170885335417,12
5373,62,13,17,7,-4.2301807671986245,6
5374,104,11,29,6,-4.232469176091443,5
5375,87,31,71,17,-4.240167636343153,14
5376,3,35,15,20,-4.240915958781537,15
5377,71,44,16,26,-4.24180487871631,18
5378,34,14,106,7,-4.243674039664677,7
5379,70,13,100,7,-4.246698616682759,6
5380,51,71,54,40,-4.2511027502562575,31
5381,106,55,37,29,-4.262507559544696,26
5382,77,17,64,11,-4.277480817622541,6
5383,65,51,74,28,-4.282390955650973,23
5384,107,83,100,44,-4.2852313213098085,39
5385,78,32,68,18,-4.290052324917813,14
5386,107,124,87,70,-4.294377910329031,54
5387,63,24,46,12,-4.29640388910373,12
5388,55,45,37,24,-4.301001080588835,21
5389,53,27,106,14,-4.302319600135904,13
5390,3,62,27,35,-4.308787097250679,27
5391,104,64,86,36,-4.312979598799538,28
5392,17,23,97,13,-4.313428551304964,10
5393,65,61,8,34,-4.3149700472293935,27
5394,40,22,4,12,-4.316643149060886,10
5395,51,41,77,22,-4.319151681172461,19
5396,80,14,19,8,-4.32884820464931,6
5397,100,16,47,9,-4.3298700161767805,7
5398,41,19,95,11,-4.33214397979218,8
5399,86,169,16,100,-4.332251257551976,69
5400,22,12,60,7,-4.334241842742773,5
5401,94,13,77,8,-4.342999354868117,5
5402,6,16,65,9,-4.346168811124804,7
5403,109,47,88,28,-4.35799390199305,19
5404,49,50,30,29,-4.35818141999681,21
5405,83,11,19,6,-4.35939819270106,5
5406,71,31,64,19,-4.3594731378011655,12
5407,23,20,95,11,-4.361896262769259,9
5408,16,30,81,17,-4.36369361186132,13
5409,70,17,49,9,-4.364791676107705,8
5410,20,12,89,7,-4.365845085514368,5
5411,9,15,74,9,-4.367415226980933,6
5412,23,23,40,13,-4.368423326803304,10
5413,11,23,64,15,-4.368456944239424,8
5414,103,32,27,19,-4.3685586100625295,13
5415,25,33,87,18,-4.379098196808539,15
5416,29,20,54,12,-4.381395329954479,8
5417,108,16,76,9,-4.384341872997917,7
5418,16,39,97,21,-4.395866715554319,18
5419,65,26,90,13,-4.399856936469098,13
5420,5,35,76,20,-4.4006703577730075,15
5421,28,53,20,30,-4.401187083369335,23
5422,108,14,71,8,-4.402422140240555,6
5423,15,21,47,11,-4.413268254147364,10
5424,5,118,86,67,-4.4152564938780525,51
5425,53,64,7,36,-4.416213736910667,28
5426,70,30,84,17,-4.416286467774103,13
5427,23,17,29,9,-4.418393467914162,8
5428,13,30,99,17,-4.4209668288342625,13
5429,49,30,78,16,-4.425046116990907,14
5430,20,14,23,8,-4.427778675436007,6
5431,58,10,17,4,-4.43139506148379,6
5432,70,39,37,23,-4.433263990915908,16
5433,90,17,76,11,-4.433393911042904,6
5434,96,16,78,10,-4.433803384678501,6
5435,15,31,29,17,-4.438675652658608,14
5436,49,18,89,10,-4.440648063424853,8
5437,97,11,77,7,-4.454901155383995,4
5438,85,14,19,8,-4.456802611003387,6
5439,49,11,96,6,-4.460220810874953,5
5440,54,15,79,9,-4.4628144491387465,6
5441,32,18,37,10,-4.466542082918523,8
5442,94,11,108,6,-4.472725388082187,5
5443,25,31,96,17,-4.472832877552796,14
5444,64,46,7,25,-4.481240056988838,21
5445,71,44,75,27,-4.485645835804011,17
5446,7,109,16,61,-4.487436298549421,48
5447,46,68,13,40,-4.497540419141799,28
5448,96,10,57,5,-4.51150966917618,5
5449,54,64,63,37,-4.513765725874225,27
5450,112,18,49,10,-4.51791122222607,8
5451,50,23,74,13,-4.520207268757789,10
5452,28,44,55,26,-4.526943972884062,18
5453,13,68,100,38,-4.527970398342335,30
5454,75,23,106,12,-4.532198108241352,11
5455,28,29,93,18,-4.540056078542574,11
5456,50,56,16,33,-4.542580234745904,23
5457,15,18,99,11,-4.551461310618722,7
5458,46,15,83,8,-4.551826612706295,7
5459,23,15,70,8,-4.554568026577774,7
5460,5,18,43,10,-4.559277543830877,8
5461,104,16,99,8,-4.5627492392393005,8
5462,114,43,60,21,-4.570942388181802,22
5463,95,14,99,8,-4.572737764013049,6
5464,58,23,7,12,-4.5750345256693405,11
5465,65,16,99,9,-4.579704538683155,7
5466,78,47,13,27,-4.587864669080551,20
5467,23,56,107,31,-4.588296262470578,25
5468,37,15,9,8,-4.590013554185221,7
5469,96,32,50,18,-4.592653394244438,14
5470,65,88,104,49,-4.5970653558129,39
5471,49,42,76,24,-4.597313417816425,18
5472,107,60,41,37,-4.597389180870248,23
5473,58,12,27,6,-4.599497662673681,6
5474,39,18,80,10,-4.600479594629686,8
5475,96,21,13,12,-4.608058597276484,9
5476,37,40,75,25,-4.608119905928107,15
5477,3,31,11,18,-4.6088042563161755,13
5478,57,11,74,6,-4.613445177041247,5
5479,68,20,85,13,-4.615895850726343,7
5480,40,10,72,6,-4.616108231770903,4
5481,91,16,102,9,-4.632859199025976,7
5482,110,15,106,8,-4.633960085739292,7
5483,25,22,60,12,-4.63628280649392,10
5484,69,11,80,6,-4.638884395252672,5
5485,16,45,20,28,-4.642619134249099,17
5486,58,17,12,10,-4.645880660678283,7
5487,96,39,63,24,-4.649023449526143,15
5488,1,16,15,10,-4.649350840919031,6
5489,79,13,27,7,-4.651583262533679,6
5490,47,15,25,8,-4.655390231832651,7
5491,98,26,11,14,-4.667493378770945,12
5492,72,16,63,10,-4.66921393004508,6
5493,92,10,75,6,-4.670779177266829,4
5494,8,24,12,14,-4.676848682458997,10
5495,3,25,109,14,-4.677062907217811,11
5496,109,31,41,19,-4.677585743432954,12
5497,39,51,40,30,-4.685059105758994,21
5498,27,45,12,27,-4.69092611599136,18
5499,106,13,111,9,-4.703726078810505,4
5500,107,34,98,19,-4.703806209041121,15
5501,81,18,4,11,-4.707056678124466,7
5502,46,23,20,15,-4.708713070266477,8
5503,88,21,58,12,-4.71148188889534,9
5504,45,11,30,7,-4.71768267651097,4
5505,57,28,3,16,-4.718038788215104,12
5506,31,32,75,17,-4.72198275034643,15
5507,104,34,41,18,-4.7268653056009,16
5508,108,13,25,8,-4.727424255422313,5
5509,64,11,78,6,-4.739103426156507,5
5510,88,102,86,58,-4.742535320864331,44
5511,100,11,93,7,-4.745376683830199,4
5512,18,24,3,15,-4.745790830202828,9
5513,77,16,25,9,-4.745845616411634,7
5514,20,13,62,8,-4.7489453833796285,5
5515,50,23,7,13,-4.754905099968972,10
5516,62,14,106,8,-4.759729251582842,6
5517,84,28,13,17,-4.762106527456084,11
5518,98,15,18,7,-4.76828904567196,8
5519,3,43,12,26,-4.769009589089563,17
5520,31,15,12,8,-4.7706324645211815,7
5521,70,13,90,7,-4.771084444295364,6
5522,23,14,33,8,-4.772846471482117,6
5523,5,12,9,7,-4.777710715122406,5
5524,65,115,16,65,-4.782452205057376,50
5525,19,23,64,15,-4.784510417159228,8
5526,68,24,29,14,-4.788097341695898,10
5527,10,12,5,6,-4.788462999241516,6
5528,20,13,52,8,-4.795236183864798,5
5529,25,11,111,6,-4.797175922879401,5
5530,97,22,41,12,-4.799957538599525,10
5531,96,22,75,15,-4.801381492311929,7
5532,12,16,1,9,-4.804302234326604,7
5533,19,43,78,26,-4.805418077099063,17
5534,68,14,89,8,-4.8060770512882325,6
5535,54,47,13,27,-4.808693475353388,20
5536,63,34,104,19,-4.811269466320188,15
5537,79,23,13,14,-4.81127521378253,9
5538,85,11,74,6,-4.8123880044938,5
5539,54,15,14,10,-4.820525855929134,5
5540,25,19,31,10,-4.823839301099769,9
5541,51,52,17,28,-4.8245516629504275,24
5542,15,21,114,12,-4.8260102326414716,9
5543,8,25,62,15,-4.829650029048982,10
5544,67,15,8,9,-4.831909846155587,6
5545,65,39,43,21,-4.833637569721975,18
5546,96,22,39,14,-4.8469385601006945,8
5547,94,31,30,17,-4.848071493453302,14
5548,60,34,78,19,-4.850344284158851,15
5549,32,12,97,7,-4.851459349576825,5
5550,23,23,64,13,-4.856194819207908,10
5551,112,31,100,17,-4.858414274039207,14
5552,89,10,5,7,-4.8624656409017435,3
5553,64,10,95,5,-4.863376640358333,5
5554,1,11,29,7,-4.866934575588786,4
5555,57,26,88,14,-4.87081224887015,12
5556,72,19,76,12,-4.875295541544449,7
5557,79,20,63,12,-4.882182316485546,8
5558,95,11,69,7,-4.882909765417964,4
5559,18,12,94,7,-4.884425557504233,5
5560,101,10,39,6,-4.889741278103361,4
5561,28,12,38,6,-4.907164394244709,6
5562,29,36,3,21,-4.907419952450117,15
5563,72,26,54,16,-4.908429680107144,10
5564,57,47,87,27,-4.916019594874858,20
5565,109,16,95,10,-4.92318353619376,6
5566,106,56,74,32,-4.924754963776781,24
5567,63,17,108,10,-4.925158043652064,7
5568,36,40,86,23,-4.92743325124,17
5569,34,23,65,14,-4.928449942521104,9
5570,85,17,63,9,-4.93137224468223,8
5571,51,50,78,26,-4.932949040299611,24
5572,37,26,98,15,-4.940519420053042,11
5573,71,11,49,6,-4.9409457894604065,5
5574,32,14,28,8,-4.942148577857081,6
5575,78,15,40,10,-4.942465399220725,5
5576,106,29,80,17,-4.946009667025367,12
5577,109,10,89,6,-4.9475695420693455,4
5578,68,19,56,10,-4.94813216675333,9
5579,47,32,7,19,-4.949472292851426,13
5580,89,10,77,5,-4.9496005024045315,5
5581,77,36,39,20,-4.952273064965168,16
5582,3,26,114,16,-4.9544765393283035,10
5583,3,55,16,33,-4.955584790321374,22
5584,64,16,62,8,-4.958930096475884,8
5585,64,10,85,6,-4.962701184974941,4
5586,43,27,57,17,-4.963514648901846,10
5587,90,23,96,14,-4.963939687748074,9
5588,114,21,27,12,-4.967571693509976,9
5589,23,11,98,6,-4.969965161139004,5
5590,3,13,106,8,-4.972676967703687,5
5591,44,10,80,5,-4.973541413806903,5
5592,65,30,70,19,-4.973765781446556,11
5593,60,46,23,27,-4.974553671649712,19
5594,30,26,34,15,-4.978136756373612,11
5595,109,25,65,13,-4.980801505978468,12
5596,86,73,37,41,-4.980857284592115,32
5597,94,19,63,11,-4.988953899876627,8
5598,29,16,70,8,-4.990481050245632,8
5599,31,23,50,13,-4.991999785997779,10
5600,69,41,13,24,-4.999568425599911,17
5601,96,23,51,13,-5.001175453325252,10
5602,58,21,49,11,-5.003014201039977,10
5603,106,41,7,21,-5.003800212982271,20
5604,5,26,93,16,-5.004460526821323,10
5605,83,13,102,8,-5.005327574584489,5
5606,94,17,112,11,-5.010192110959226,6
5607,27,53,100,30,-5.011003031983154,23
5608,63,12,93,7,-5.011120266810433,5
5609,18,19,55,10,-5.012210431301632,9
5610,15,16,34,10,-5.028728127473961,6
5611,34,12,112,7,-5.029259987635679,5
5612,93,26,74,14,-5.031462008142044,12
5613,74,24,100,14,-5.032874442379239,10
5614,91,16,40,9,-5.034652795604084,7
5615,108,18,30,11,-5.041583987630236,7
5616,2,23,20,13,-5.04811788923968,10
5617,75,20,95,12,-5.050260152484929,8
5618,103,27,13,17,-5.050931612605477,10
5619,17,12,12,7,-5.051854355123881,5
5620,86,91,11,52,-5.0529528858464925,39
5621,35,23,16,14,-5.053981282073501,9
5622,55,27,100,14,-5.057275002393836,13
5623,10,16,7,9,-5.060407065651965,7
5624,20,56,87,31,-5.064527743269165,25
5625,19,29,62,18,-5.080823904484955,11
5626,20,10,32,7,-5.082163415292113,3
5627,43,38,39,21,-5.08862192793475,17
5628,60,27,76,17,-5.089384731941369,10
5629,5,15,34,10,-5.091205514677906,5
5630,39,18,69,10,-5.092034225030051,8
5631,33,14,49,9,-5.095253781724573,5
5632,29,22,41,13,-5.098991788467605,9
5633,62,37,86,21,-5.101426314391749,16
5634,88,55,11,33,-5.1065190461811305,22
5635,1,10,30,6,-5.107240382060614,4
5636,103,16,54,10,-5.123548034400491,6
5637,50,47,104,28,-5.128387406892863,19
5638,51,107,39,61,-5.128634803283321,46
5639,33,14,64,9,-5.132334361355243,5
5640,58,30,40,16,-5.133397385337805,14
5641,3,21,36,13,-5.136055944816982,8
5642,38,23,109,15,-5.136953889041774,8
5643,71,15,70,8,-5.140933357571855,7
5644,70,17,13,10,-5.142156998200086,7
5645,38,17,80,9,-5.143241338130117,8
5646,97,13,11,7,-5.1491543911628765,6
5647,9,24,106,14,-5.150083731218857,10
5648,28,16,35,8,-5.153123660542294,8
5649,69,30,78,17,-5.156427155096976,13
5650,5,12,67,7,-5.159840528973079,5
5651,86,16,6,10,-5.164261408107595,6
5652,96,29,65,16,-5.165027076154164,13
5653,54,11,31,6,-5.168002033532433,5
5654,60,59,39,33,-5.168723942798302,26
5655,32,19,11,10,-5.169600921182679,9
5656,86,47,64,27,-5.172007736481373,20
5657,112,14,74,8,-5.173073586151801,6
5658,54,19,91,10,-5.179574587066859,9
5659,48,12,91,6,-5.179665478095682,6
5660,97,17,75,10,-5.1834390154874335,7
5661,71,10,6,6,-5.193692278292731,4
5662,113,13,40,8,-5.1937263926866155,5
5663,80,18,104,10,-5.194103195079235,8
5664,39,25,46,12,-5.196853389468726,13
5665,50,21,3,12,-5.206947329344854,9
5666,43,21,63,12,-5.207688448634705,9
5667,87,46,23,27,-5.2103159407724124,19
5668,86,20,10,11,-5.2191524654968555,9
5669,3,29,72,16,-5.220108593174472,13
5670,88,101,7,58,-5.220134457500585,43
5671,106,54,54,29,-5.222938310920246,25
5672,39,23,92,12,-5.223931097826435,11
5673,5,11,35,6,-5.226534281744123,5
5674,107,60,75,39,-5.231874163862644,21
5675,76,15,44,9,-5.232736844369689,6
5676,19,33,13,20,-5.2358541954652935,13
5677,25,21,91,12,-5.236778929543696,9
5678,40,26,25,15,-5.242222631716464,11
5679,12,20,98,12,-5.2458423308532485,8
5680,62,16,43,9,-5.246917211698106,7
5681,53,38,16,23,-5.24868442383076,15
5682,49,54,87,29,-5.249633404988072,25
5683,31,11,35,6,-5.255104723881266,5
5684,35,29,107,18,-5.259758635892076,11
5685,1,11,34,8,-5.259854618241466,3
5686,6,20,88,12,-5.272285617199486,8
5687,87,47,48,29,-5.275374481456969,18
5688,92,12,28,8,-5.284547759707863,4
5689,87,43,94,24,-5.2888219438648365,19
5690,86,21,99,13,-5.291638236148404,8
5691,76,29,100,16,-5.295650284046963,13
5692,3,11,89,6,-5.295815593088658,5
5693,37,26,57,15,-5.296608425452367,11
5694,69,21,15,13,-5.298709014062982,8
5695,87,19,73,13,-5.303982369774458,6
5696,86,38,34,22,-5.308774927674139,16
5697,3,30,41,20,-5.310066671174619,10
5698,34,21,12,12,-5.315921719029712,9
5699,3,40,7,24,-5.315954351050264,16
5700,88,47,23,29,-5.321999692699335,18
5701,34,28,100,15,-5.328185919614453,13
5702,64,21,83,12,-5.328824418011839,9
5703,51,33,5,21,-5.328986421528186,12
5704,102,14,97,9,-5.335160623731833,5
5705,12,22,103,11,-5.337957312778072,11
5706,90,37,54,22,-5.340914168653277,15
5707,50,18,78,11,-5.342630350789609,7
5708,49,31,17,16,-5.351365626248913,15
5709,97,35,7,19,-5.356987360153852,16
5710,12,13,20,7,-5.360426970680715,6
5711,39,36,84,20,-5.36967448681498,16
5712,18,25,15,15,-5.370261713586335,10
5713,64,29,30,17,-5.379600226312596,12
5714,106,14,6,8,-5.390411966564588,6
5715,74,20,34,13,-5.390554150511844,7
5716,12,16,63,8,-5.391260705608898,8
5717,33,20,8,12,-5.397787705463005,8
5718,76,29,112,16,-5.403769892160428,13
5719,58,11,4,7,-5.405037105567137,4
5720,34,21,9,12,-5.406001466575153,9
5721,106,26,2,15,-5.41401262665605,11
5722,58,10,23,6,-5.417812881789321,4
5723,25,38,104,21,-5.422383455319622,17
5724,55,23,34,13,-5.4265805154699365,10
5725,69,13,42,7,-5.432900919803655,6
5726,41,49,87,28,-5.434062203488578,21
5727,68,29,71,18,-5.43565333686224,11
5728,88,88,54,52,-5.435654938222569,36
5729,109,24,68,15,-5.452985921882114,9
5730,50,13,57,8,-5.460704285123109,5
5731,74,13,31,8,-5.4682993706513905,5
5732,17,31,28,18,-5.468605078583842,13
5733,107,140,16,86,-5.471985599808885,54
5734,25,22,100,12,-5.476003695191376,10
5735,88,77,65,48,-5.48347176646609,29
5736,55,27,111,16,-5.492663797248299,11
5737,52,12,50,6,-5.49564209413134,6
5738,102,10,67,6,-5.497246561771854,4
5739,77,27,3,15,-5.49897824799035,12
5740,37,69,87,40,-5.500923627593116,29
5741,111,10,5,6,-5.501968622126494,4
5742,40,13,2,8,-5.504797437287728,5
5743,109,13,32,7,-5.508051897308614,6
5744,38,32,39,19,-5.509418569416409,13
5745,83,19,95,12,-5.510188596504651,7
5746,65,23,45,12,-5.510611418282088,11
5747,89,10,17,6,-5.511777751894211,4
5748,57,27,103,16,-5.512312504957703,11
5749,84,10,89,5,-5.518590211576736,5
5750,48,24,13,14,-5.520624456307564,10
5751,76,27,13,16,-5.527723087609433,11
5752,103,11,104,6,-5.528181230693726,5
5753,107,47,76,30,-5.531771427114938,17
5754,85,11,8,7,-5.538404103047143,4
5755,102,14,15,9,-5.539976966220618,5
5756,87,35,108,20,-5.542122306966,15
5757,70,11,44,6,-5.543204446478318,5
5758,75,42,18,24,-5.546579166688548,18
5759,84,18,25,11,-5.546687618128967,7
5760,29,16,50,9,-5.5470112764609665,7
5761,31,53,36,30,-5.548564460468655,23
5762,25,41,8,25,-5.550067480025429,16
5763,54,16,69,9,-5.552096999235808,7
5764,46,44,8,24,-5.55305372609631,20
5765,107,42,48,24,-5.555372120517398,18
5766,4,11,46,6,-5.556221874645653,5
5767,95,30,13,17,-5.5569838085167085,13
5768,95,10,31,6,-5.5581891593402775,4
5769,108,14,37,8,-5.561998311446509,6
5770,20,63,107,36,-5.562332766197244,27
5771,9,11,72,6,-5.567587328744072,5
5772,3,53,39,29,-5.572586621336891,24
5773,38,23,7,13,-5.5754388810337625,10
5774,87,33,89,20,-5.576023502362433,13
5775,44,22,20,13,-5.576158683247873,9
5776,107,39,58,24,-5.588947967313521,15
5777,96,38,20,23,-5.591064360306497,15
5778,64,17,80,9,-5.593698551425533,8
5779,60,36,49,21,-5.599554299427176,15
5780,102,21,30,11,-5.601838212614089,10
5781,10,11,23,6,-5.611414438981724,5
5782,68,41,76,27,-5.614845988196357,14
5783,61,17,86,10,-5.615128594276013,7
5784,98,16,102,9,-5.616900846312716,7
5785,91,26,68,14,-5.619466372772095,12
5786,5,10,19,6,-5.623378775596125,4
5787,3,34,49,19,-5.624837768695872,15
5788,90,12,34,8,-5.626734472016554,4
5789,62,11,83,7,-5.627185885075068,4
5790,46,16,109,9,-5.636528034552761,7
5791,19,38,51,24,-5.638623032173104,14
5792,104,18,62,12,-5.643310295152116,6
5793,97,10,4,6,-5.649870700339141,4
5794,17,19,103,12,-5.652178473630307,7
5795,75,31,46,18,-5.654705399493309,13
5796,2,13,30,7,-5.655225265692612,6
5797,41,34,64,21,-5.6565010143759125,13
5798,88,36,25,23,-5.660869431868404,13
5799,84,37,16,22,-5.660913981238356,15
5800,87,72,100,40,-5.663508217571143,32
5801,82,11,54,7,-5.664278302313933,4
5802,99,31,16,18,-5.665818337043018,13
5803,25,10,94,5,-5.671887186214522,5
5804,27,20,37,12,-5.683947818628645,8
5805,40,21,35,13,-5.68914021357686,8
5806,37,23,41,14,-5.690389002068543,9
5807,64,21,17,12,-5.691159081713872,9
5808,32,10,70,5,-5.69247937209622,5
5809,27,36,72,20,-5.694359310489642,16
5810,64,52,13,28,-5.695710338363922,24
5811,62,17,53,10,-5.701449545318571,7
5812,43,22,64,13,-5.702442528376269,9
5813,3,25,81,15,-5.703142713570871,10
5814,74,13,15,8,-5.7106976006271415,5
5815,55,31,109,16,-5.712408791206378,15
5816,51,31,108,18,-5.714339055081445,13
5817,12,16,69,8,-5.715951067980106,8
5818,52,10,39,6,-5.718885643095016,4
5819,19,37,11,23,-5.719663561206056,14
5820,53,16,57,9,-5.72448039751102,7
5821,51,26,25,15,-5.726135112848953,11
5822,9,14,45,9,-5.7278535004589894,5
5823,54,40,55,22,-5.729162102948166,18
5824,47,31,107,18,-5.730039668040248,13
5825,109,10,80,5,-5.736195162181013,5
5826,72,16,89,10,-5.736268125328918,6
5827,51,123,86,68,-5.737612310297879,55
5828,106,42,25,26,-5.737688222420903,16
5829,72,18,50,11,-5.738149044873563,7
5830,60,24,17,14,-5.742654989357156,10
5831,53,30,87,16,-5.7432616464807875,14
5832,114,25,100,15,-5.743860264273012,10
5833,18,25,50,14,-5.74537053291684,11
5834,77,12,36,7,-5.751140829309575,5
5835,12,12,47,7,-5.753232192548286,5
5836,53,13,58,6,-5.756559382638675,7
5837,29,28,51,16,-5.7638840206812985,12
5838,78,51,86,29,-5.767244310818809,22
5839,52,11,51,6,-5.770255561533728,5
5840,109,16,62,8,-5.770362238431113,8
5841,81,16,104,8,-5.786821230718971,8
5842,9,21,17,12,-5.788074839959892,9
5843,48,21,34,12,-5.788285695597516,9
5844,30,29,50,17,-5.790909551112376,12
5845,31,19,91,12,-5.801858258461764,7
5846,106,11,10,8,-5.803672894932926,3
5847,98,19,8,12,-5.806615359942181,7
5848,109,20,73,12,-5.807578339260897,8
5849,20,13,79,8,-5.810117746469003,5
5850,75,56,86,31,-5.819454003755878,25
5851,93,37,8,21,-5.824171473230354,16
5852,25,49,13,27,-5.82760144771215,22
5853,13,40,63,23,-5.83698160270361,17
5854,57,34,8,21,-5.8373147484651255,13
5855,66,13,88,8,-5.8387523732132625,5
5856,93,23,16,12,-5.842811946264205,11
5857,74,11,49,6,-5.844136641014432,5
5858,14,17,65,9,-5.850273562995321,8
5859,79,12,80,6,-5.851472407179259,6
5860,93,16,75,9,-5.854064268882732,7
5861,93,17,20,9,-5.856452122456697,8
5862,51,52,104,33,-5.856995324327739,19
5863,112,21,7,13,-5.863389950487477,8
5864,7,17,34,10,-5.863504951401842,7
5865,53,54,68,32,-5.8668125784316985,22
5866,98,18,55,11,-5.870446924304781,7
5867,31,12,28,7,-5.876337878232255,5
5868,15,31,8,17,-5.881893034376993,14
5869,36,12,46,7,-5.882094180819337,5
5870,74,22,102,13,-5.882481039476397,9
5871,108,17,75,10,-5.885506345854971,7
5872,57,15,10,10,-5.887280827061498,5
5873,3,11,37,6,-5.889738338475403,5
5874,40,52,65,30,-5.891062339928423,22
5875,68,15,101,10,-5.891939886749792,5
5876,70,12,15,6,-5.893160304355028,6
5877,9,45,75,27,-5.89399328159944,18
5878,91,45,16,29,-5.895263563304297,16
5879,15,46,100,27,-5.896499790482475,19
5880,3,18,54,10,-5.900167075724966,8
5881,20,51,65,32,-5.9122074355427685,19
5882,15,35,60,20,-5.913095508650004,15
5883,110,22,37,12,-5.913666685850415,10
5884,68,39,54,24,-5.918584354683417,15
5885,7,23,78,12,-5.919551023484507,11
5886,60,18,61,10,-5.9227502194184884,8
5887,114,20,73,12,-5.924435121305102,8
5888,3,37,65,23,-5.92543227536477,14
5889,13,43,12,29,-5.929255274022873,14
5890,38,20,8,12,-5.935271782387747,8
5891,104,26,53,15,-5.936620222245529,11
5892,53,15,28,9,-5.94574436463327,6
5893,81,19,114,10,-5.947687005963305,9
5894,10,12,97,6,-5.9508315819177,6
5895,15,40,27,22,-5.952238112997685,18
5896,3,35,19,20,-5.9604744481672185,15
5897,40,18,97,11,-5.9669184161403885,7
5898,81,16,47,10,-5.967835030110961,6
5899,38,21,27,14,-5.970273477225024,7
5900,19,65,87,40,-5.973528152192207,25
5901,94,18,114,10,-5.974081788881618,8
5902,18,20,64,12,-5.974775055211903,8
5903,77,19,53,11,-5.976513729958847,8
5904,109,13,71,8,-5.977466642753509,5
5905,37,17,94,10,-5.9815536162143665,7
5906,97,28,87,18,-5.983886061129735,10
5907,69,48,16,29,-5.987814454000902,19
5908,31,25,114,14,-5.991876520395491,11
5909,29,18,28,10,-5.99194760387537,8
5910,8,106,16,64,-5.992600381834369,42
5911,54,21,94,12,-6.000772945562414,9
5912,5,47,106,29,-6.005839560090041,18
5913,9,51,65,31,-6.006217714596816,20
5914,37,39,13,23,-6.006726113746223,16
5915,104,69,107,41,-6.010771127855346,28
5916,13,50,81,31,-6.016435190824957,19
5917,94,38,27,23,-6.017224957482415,15
5918,78,33,100,20,-6.022823700055431,13
5919,64,11,72,6,-6.027952830317363,5
5920,68,10,26,6,-6.030745942778485,4
5921,98,24,7,15,-6.033686003781979,9
5922,55,41,104,24,-6.036207114699969,17
5923,63,62,8,35,-6.040704829296192,27
5924,87,29,58,17,-6.043606512163315,12
5925,51,79,100,43,-6.046139963476387,36
5926,86,39,69,23,-6.048519108301492,16
5927,28,22,41,13,-6.053005216366935,9
5928,60,50,55,29,-6.053838967638277,21
5929,84,22,98,14,-6.061006275589921,8
5930,49,32,54,19,-6.063486256391265,13
5931,51,32,62,19,-6.064263452819321,13
5932,86,64,27,39,-6.065009426524368,25
5933,76,68,86,39,-6.069972868791552,29
5934,38,36,16,25,-6.073139665984629,11
5935,17,50,16,32,-6.0746420629109075,18
5936,81,19,41,12,-6.074672741507837,7
5937,102,13,23,7,-6.080684731147932,6
5938,84,26,9,15,-6.089357364465301,11
5939,108,14,96,8,-6.092516088942799,6
5940,69,16,62,9,-6.098141811871047,7
5941,15,12,84,7,-6.098921486728437,5
5942,87,49,76,30,-6.103258993515041,19
5943,7,12,90,7,-6.108519045195328,5
5944,48,13,10,8,-6.11091450287738,5
5945,66,24,107,14,-6.11591039623151,10
5946,31,13,81,9,-6.117159791325402,4
5947,29,45,65,27,-6.117735582469617,18
5948,53,50,107,30,-6.123597161626503,20
5949,48,17,29,10,-6.127198243730572,7
5950,48,17,76,11,-6.130488708954145,6
5951,12,10,37,5,-6.145364992278579,5
5952,43,15,23,9,-6.148918923918837,6
5953,74,24,73,15,-6.15033234594065,9
5954,68,48,114,28,-6.151577271829131,20
5955,7,32,100,19,-6.153012622391108,13
5956,100,26,23,15,-6.1602001909122555,11
5957,28,58,104,34,-6.1611678298334525,24
5958,87,80,8,47,-6.164483005102675,33
5959,36,47,13,29,-6.167141158071527,18
5960,87,92,13,56,-6.171233167252603,36
5961,100,87,16,53,-6.174978718770308,34
5962,93,10,80,5,-6.175234905241022,5
5963,28,17,47,10,-6.182374184386464,7
5964,40,73,13,42,-6.184837754544506,31
5965,9,46,87,27,-6.192350375466503,19
5966,86,27,47,17,-6.193480004187427,10
5967,68,38,11,22,-6.199112684088249,16
5968,2,28,63,16,-6.200018491851488,12
5969,70,28,74,15,-6.203999405338757,13
5970,71,30,50,17,-6.204695227712774,13
5971,88,26,108,16,-6.206778138596414,10
5972,84,15,35,9,-6.209299301194261,6
5973,87,70,68,42,-6.212080199922706,28
5974,94,19,3,11,-6.212642422976981,8
5975,70,24,114,15,-6.214622620602995,9
5976,70,37,28,22,-6.2149266559981875,15
5977,58,14,55,8,-6.218287556947674,6
5978,100,15,53,9,-6.219411389232117,6
5979,94,10,95,5,-6.229015093991729,5
5980,39,22,23,13,-6.230763513729903,9
5981,5,48,114,28,-6.237633533478719,20
5982,63,49,37,30,-6.239339617220504,19
5983,83,18,39,11,-6.2510896629152946,7
5984,81,24,39,15,-6.2522820107309345,9
5985,46,10,48,6,-6.2577441282220505,4
5986,55,65,107,38,-6.262965189618901,27
5987,95,12,15,7,-6.265255655621165,5
5988,86,51,41,32,-6.266690108129252,19
5989,53,15,89,8,-6.26765697101517,7
5990,5,45,20,28,-6.270373633442779,17
5991,70,24,55,14,-6.2726471619319275,10
5992,4,21,86,13,-6.279484499549702,8
5993,4,15,12,10,-6.285579029533404,5
5994,68,68,40,42,-6.288399173895761,26
5995,40,17,92,10,-6.290833711086854,7
5996,77,26,107,15,-6.291183885402884,11
5997,84,18,100,12,-6.292769168431846,6
5998,102,36,28,21,-6.294379170221608,15
5999,63,29,57,16,-6.306126201759986,13
6000,95,37,54,21,-6.333392985225777,16
6001,49,25,72,15,-6.33434766926384,10
6002,7,34,28,21,-6.339260574445828,13
6003,91,16,15,8,-6.341064031534599,8
6004,9,43,28,24,-6.342362216975378,19
6005,46,12,27,8,-6.342403139124134,4
6006,96,17,85,12,-6.345069391274803,5
6007,77,14,46,8,-6.346489877085672,6
6008,46,24,7,16,-6.3620461131037525,8
6009,51,53,76,33,-6.365833327733382,20
6010,37,10,56,6,-6.367440662879469,4
6011,102,15,33,9,-6.371524301983967,6
6012,98,20,70,13,-6.375551069484688,7
6013,27,16,28,11,-6.382931621067466,5
6014,96,13,33,6,-6.392035038140804,7
6015,70,62,54,37,-6.3937515742988325,25
6016,103,23,39,13,-6.39407780587289,10
6017,49,12,79,8,-6.395374558799645,4
6018,103,19,43,12,-6.396904626354191,7
6019,37,20,80,12,-6.401050818487375,8
6020,55,21,48,13,-6.406579400537664,8
6021,72,11,6,6,-6.413604067518455,5
6022,65,38,64,22,-6.415105269042927,16
6023,62,20,7,12,-6.416308867276496,8
6024,63,33,64,19,-6.416872486726011,14
6025,23,10,61,6,-6.419517618014349,4
6026,48,28,84,17,-6.421668889523295,11
6027,80,23,96,14,-6.423400971659432,9
6028,100,21,75,11,-6.42687784088126,10
6029,43,17,17,10,-6.4275095009616035,7
6030,94,18,69,11,-6.4324341241447325,7
6031,78,13,108,8,-6.447674452588381,5
6032,54,28,93,18,-6.453790444084363,10
6033,91,20,8,12,-6.453847873736635,8
6034,10,15,11,9,-6.454288934219355,6
6035,3,29,78,16,-6.463654788433362,13
6036,87,134,16,79,-6.465292763578332,55
6037,15,12,35,6,-6.4672967653015005,6
6038,68,11,98,7,-6.46992769597506,4
6039,38,30,88,20,-6.4734110904241,10
6040,65,57,27,35,-6.47475589008211,22
6041,109,19,72,12,-6.482830333146175,7
6042,97,56,86,33,-6.486588721597318,23
6043,100,13,20,8,-6.50325522303495,5
6044,55,29,74,17,-6.503619546467792,12
6045,97,14,39,9,-6.507571487367288,5
6046,65,66,55,39,-6.5120252706716855,27
6047,37,28,30,18,-6.513690830607849,10
6048,66,20,60,13,-6.515171561917174,7
6049,38,30,37,18,-6.5188975255259205,12
6050,64,16,44,10,-6.52641817446092,6
6051,38,12,102,9,-6.529266346603467,3
6052,80,13,91,8,-6.531108694088667,5
6053,34,14,94,8,-6.531647534575399,6
6054,3,38,30,25,-6.5390107208183155,13
6055,23,32,106,17,-6.549055396089183,15
6056,41,28,23,17,-6.550829980754915,11
6057,97,26,55,16,-6.559887224901373,10
6058,30,15,112,10,-6.562692428407155,5
6059,63,31,75,18,-6.570041946714361,13
6060,114,26,53,15,-6.571088082289223,11
6061,57,28,84,15,-6.577348977317856,13
6062,101,11,27,7,-6.582303845846215,4
6063,73,29,86,16,-6.584732384148774,13
6064,30,14,74,8,-6.5938045244110794,6
6065,109,23,50,14,-6.59737646890257,9
6066,13,16,73,10,-6.598047492921338,6
6067,13,52,71,30,-6.60226683262218,22
6068,35,25,11,15,-6.6098986532599575,10
6069,77,12,102,7,-6.618078815941925,5
6070,68,24,72,15,-6.6236912358247855,9
6071,5,48,25,29,-6.626414170343123,19
6072,37,22,39,13,-6.6321566948630455,9
6073,68,26,62,15,-6.635005761261159,11
6074,65,30,4,18,-6.635600395573754,12
6075,71,16,74,9,-6.635644376222863,7
6076,87,45,78,27,-6.641167568428969,18
6077,58,31,16,18,-6.644349916294224,13
6078,5,26,32,16,-6.647447060451904,10
6079,37,19,71,11,-6.653996053488668,8
6080,71,11,83,6,-6.6562053803338666,5
6081,54,20,85,13,-6.664179187550934,7
6082,88,15,14,9,-6.66936824683007,6
6083,88,134,16,82,-6.673952169928204,52
6084,31,38,64,23,-6.680717740842573,15
6085,54,11,99,7,-6.681725927932733,4
6086,23,25,63,16,-6.701335055503617,9
6087,74,15,83,8,-6.7032980304888605,7
6088,15,16,108,10,-6.713417993979579,6
6089,97,35,28,22,-6.716635909782018,13
6090,55,32,30,20,-6.725062001131896,12
6091,20,11,43,6,-6.726970372628883,5
6092,96,38,74,24,-6.731828732252366,14
6093,80,13,41,8,-6.741244434437033,5
6094,19,16,104,10,-6.74217179249715,6
6095,109,33,43,21,-6.743566165041471,12
6096,86,48,43,29,-6.747240470511001,19
6097,68,13,45,8,-6.747691137383074,5
6098,71,10,94,6,-6.748460655059326,4
6099,109,27,63,15,-6.749986635160675,12
6100,50,17,33,10,-6.750798742645289,7
6101,88,43,39,26,-6.751316626963761,17
6102,87,44,18,26,-6.777662192884357,18
6103,8,32,18,21,-6.77926557051918,11
6104,42,10,8,5,-6.780541784776636,5
6105,57,20,97,12,-6.781237277284942,8
6106,108,15,79,10,-6.783855393965386,5
6107,87,29,80,18,-6.78798453778918,11
6108,38,14,2,8,-6.79244823778732,6
6109,49,16,28,9,-6.801284823553006,7
6110,108,14,28,8,-6.806119384401873,6
6111,28,21,14,14,-6.807027415542907,7
6112,102,22,50,12,-6.809919414830618,10
6113,19,26,41,17,-6.815072252782256,9
6114,4,13,56,7,-6.8162735158796925,6
6115,31,69,68,41,-6.821634358561019,28
6116,30,33,29,21,-6.824118744840726,12
6117,106,25,95,16,-6.830338155584791,9
6118,114,13,77,7,-6.831162976232083,6
6119,114,18,76,12,-6.831521332050889,6
6120,29,15,20,9,-6.832826874702709,6
6121,47,28,75,19,-6.839491111976111,9
6122,103,19,30,12,-6.840872277877624,7
6123,4,43,60,24,-6.864343045215707,19
6124,69,19,29,11,-6.870269758663408,8
6125,37,13,78,8,-6.870587526937587,5
6126,99,15,106,10,-6.882359612487443,5
6127,112,17,18,11,-6.8872676099947565,6
6128,35,19,27,12,-6.889601577867775,7
6129,67,13,88,9,-6.891493842154362,4
6130,50,28,95,17,-6.891870477756297,11
6131,14,16,39,9,-6.892280896151707,7
6132,9,52,16,34,-6.896262542179418,18
6133,68,21,58,13,-6.9046526848664955,8
6134,78,52,27,34,-6.909170906178163,18
6135,64,42,16,26,-6.913321918657586,16
6136,76,31,98,19,-6.914503913195636,12
6137,40,39,87,22,-6.915208460636838,17
6138,13,44,47,27,-6.918967707744426,17
6139,39,23,58,14,-6.923348925217789,9
6140,88,12,99,7,-6.939131232028662,5
6141,78,25,15,14,-6.943037156058224,11
6142,50,33,60,18,-6.944865376684981,15
6143,52,24,86,15,-6.945114778958062,9
6144,29,37,39,20,-6.952516568240127,17
6145,51,25,4,16,-6.952578906103848,9
6146,50,19,91,12,-6.959059467736709,7
6147,104,18,32,12,-6.959225086389552,6
6148,39,15,111,9,-6.9608600117118025,6
6149,36,34,16,21,-6.9623095532486765,13
6150,97,23,18,14,-6.9651635757198616,9
6151,51,45,64,27,-6.974550677142921,18
6152,8,48,109,28,-6.974985396847095,20
6153,6,12,15,8,-6.9844847610743175,4
6154,30,30,53,18,-6.98498975026545,12
6155,55,20,17,11,-6.987444025974708,9
6156,5,15,62,9,-6.992708759597398,6
6157,72,27,39,16,-6.997435434039898,11
6158,29,12,74,7,-6.99788298965225,5
6159,102,28,100,18,-7.00239926695214,10
6160,69,13,40,9,-7.006717860168273,4
6161,39,108,16,64,-7.014829887394665,44
6162,68,16,80,10,-7.020946425736165,6
6163,40,15,95,9,-7.026458120737084,6
6164,43,10,80,6,-7.031005677454653,4
6165,60,18,94,11,-7.0351599724686675,7
6166,17,22,11,13,-7.039864252889303,9
6167,49,25,75,15,-7.046279748381457,10
6168,51,17,35,10,-7.047942210096516,7
6169,18,25,63,16,-7.057051865944987,9
6170,36,18,99,12,-7.061516094995867,6
6171,25,50,37,29,-7.070541112352608,21
6172,63,30,98,18,-7.074142027349339,12
6173,53,10,85,7,-7.078145746437185,3
6174,3,27,104,17,-7.08628040850776,10
6175,55,21,27,14,-7.087211713998168,7
6176,38,26,63,18,-7.091217263422915,8
6177,45,10,1,6,-7.100044646871245,4
6178,54,32,100,20,-7.1062650526850275,12
6179,55,51,40,32,-7.109300201154281,19
6180,49,27,41,16,-7.110861274287936,11
6181,8,31,78,19,-7.113742389089567,12
6182,7,33,45,20,-7.1141476412284765,13
6183,83,30,86,20,-7.11486297608935,10
6184,107,12,67,8,-7.124134838046413,4
6185,51,100,7,63,-7.124169403819474,37
6186,48,39,86,24,-7.1268588442054295,15
6187,93,12,13,7,-7.127658172301537,5
6188,69,12,111,7,-7.144443379259749,5
6189,51,26,97,17,-7.145200913148903,9
6190,86,76,100,45,-7.15091803154684,31
6191,77,30,41,20,-7.157604762874669,10
6192,14,14,86,8,-7.166696838482465,6
6193,112,16,36,10,-7.175574629533444,6
6194,87,75,27,46,-7.180173022968941,29
6195,88,50,63,32,-7.181466866993262,18
6196,39,18,90,10,-7.188846058446482,8
6197,43,15,112,9,-7.1893251112725824,6
6198,109,55,16,34,-7.190095824408779,21
6199,95,14,14,9,-7.1971223272437035,5
6200,93,14,98,8,-7.212314028509714,6
6201,108,12,72,8,-7.213712770239643,4
6202,103,28,107,17,-7.2169193787171295,11
6203,30,16,114,9,-7.223280031087748,7
6204,90,15,41,9,-7.225732946536368,6
6205,90,12,3,7,-7.229183550562685,5
6206,8,37,34,23,-7.229830930601624,14
6207,98,25,13,16,-7.235257648894785,9
6208,94,24,76,16,-7.2362630050315815,8
6209,40,27,114,18,-7.240772461331045,9
6210,5,14,31,9,-7.246607645789557,5
6211,8,42,13,26,-7.249552270590034,16
6212,96,12,69,8,-7.252755690648866,4
6213,63,66,51,38,-7.258723618512866,28
6214,18,10,61,6,-7.259552128825379,4
6215,81,19,75,12,-7.259552889264537,7
6216,98,17,20,11,-7.267496359610289,6
6217,70,16,110,10,-7.267896542251019,6
6218,96,84,86,52,-7.269360183001261,32
6219,68,20,55,13,-7.2739791513354835,7
6220,49,14,95,9,-7.284298716033513,5
6221,17,18,23,11,-7.286484354574565,7
6222,12,33,78,22,-7.286703069476237,11
6223,54,18,2,12,-7.287492324178091,6
6224,40,31,43,18,-7.287691070183644,13
6225,68,32,23,18,-7.289923232946887,14
6226,37,21,49,12,-7.297110710558477,9
6227,9,23,11,14,-7.298808121542033,9
6228,98,27,5,16,-7.2988387616369135,11
6229,53,15,15,9,-7.3015008185893,6
6230,106,65,13,40,-7.303693924530705,25
6231,5,42,70,25,-7.323141246130925,17
6232,88,30,62,18,-7.323841783087015,12
6233,109,24,100,16,-7.329916484501671,8
6234,2,16,75,9,-7.332326563651876,7
6235,11,19,75,11,-7.336654356306241,8
6236,104,41,40,26,-7.342291894534158,15
6237,114,18,23,12,-7.3449426375970175,6
6238,61,11,41,7,-7.351525315520968,4
6239,49,25,34,15,-7.352338099314809,10
6240,87,55,43,34,-7.354167654447851,21
6241,49,17,94,11,-7.354878867659232,6
6242,33,16,25,11,-7.365926272964513,5
6243,61,10,106,7,-7.366885826585401,3
6244,80,14,31,10,-7.367135464628979,4
6245,88,12,56,7,-7.371104573008601,5
6246,71,10,73,6,-7.37323406519455,4
6247,23,48,13,27,-7.373546879981892,21
6248,81,19,71,12,-7.374213709282576,7
6249,17,21,72,13,-7.378309910067959,8
6250,56,22,7,13,-7.387479337914442,9
6251,28,15,10,10,-7.394064388880875,5
6252,76,14,75,8,-7.401272000460671,6
6253,94,11,20,7,-7.404911652749632,4
6254,91,10,77,6,-7.405339289847274,4
6255,20,30,70,19,-7.408681007686707,11
6256,41,34,36,18,-7.412500474371832,16
6257,68,69,39,41,-7.41611238078045,28
6258,5,18,73,11,-7.416873021801379,7
6259,62,17,30,10,-7.428902113557478,7
6260,47,14,58,9,-7.433623349172303,5
6261,16,24,6,13,-7.439865172191105,11
6262,71,12,11,7,-7.444969376445685,5
6263,77,16,74,10,-7.445248923450912,6
6264,69,18,47,11,-7.454070061027654,7
6265,80,11,27,7,-7.461746767808682,4
6266,53,12,45,7,-7.463487107897498,5
6267,49,75,39,48,-7.4689909724253924,27
6268,36,14,70,8,-7.476080415111225,6
6269,68,23,20,13,-7.482872234261611,10
6270,76,15,71,8,-7.4875920550169335,7
6271,1,28,16,19,-7.488361785520795,9
6272,109,21,7,13,-7.49374057253885,8
6273,46,50,16,32,-7.494318856216716,18
6274,93,10,64,5,-7.507177747442427,5
6275,61,16,107,9,-7.509321940652875,7
6276,47,11,85,8,-7.514718359567318,3
6277,17,39,86,22,-7.514722263451874,17
6278,66,17,65,11,-7.515278237298981,6
6279,31,11,6,6,-7.520489323813347,5
6280,17,18,41,12,-7.526219064648916,6
6281,55,11,6,8,-7.526848268362221,3
6282,7,16,33,9,-7.5321884826380465,7
6283,13,33,58,22,-7.5364227387293505,11
6284,46,10,85,7,-7.538229298143683,3
6285,55,74,16,47,-7.540678563620174,27
6286,89,11,26,7,-7.548540951637265,4
6287,112,31,53,17,-7.574348903828082,14
6288,112,17,58,10,-7.574468513714297,7
6289,77,22,15,14,-7.575359057708291,8
6290,85,12,3,6,-7.5842525005471515,6
6291,114,31,28,18,-7.584853881328922,13
6292,36,10,72,6,-7.585561627806541,4
6293,84,18,103,10,-7.589982363677433,8
6294,36,20,18,12,-7.594902878501233,8
6295,91,20,51,13,-7.599736540322733,7
6296,69,18,72,11,-7.6008233213034675,7
6297,69,32,60,18,-7.6138451240077565,14
6298,27,14,71,9,-7.620974472293361,5
6299,3,28,28,17,-7.638630473496032,11
6300,5,29,97,19,-7.6394183021151285,10
6301,96,13,15,8,-7.641753691009956,5
6302,60,11,70,7,-7.646435749026205,4
6303,31,13,33,7,-7.647223417443057,6
6304,60,39,104,27,-7.655966632440938,12
6305,66,11,104,8,-7.658809119364056,3
6306,96,24,37,14,-7.665844925696508,10
6307,49,10,108,6,-7.66866894133045,4
6308,9,38,8,21,-7.6727541362269935,17
6309,63,22,90,13,-7.686561569055609,9
6310,11,32,5,20,-7.687442157533872,12
6311,70,37,87,21,-7.689912827762475,16
6312,7,25,111,15,-7.690323425771979,10
6313,96,11,62,8,-7.693312023908734,3
6314,1,28,86,17,-7.696680317913665,11
6315,68,61,75,39,-7.698232004910779,22
6316,103,12,8,8,-7.7073602754994885,4
6317,96,21,114,13,-7.708209589747937,8
6318,104,17,78,11,-7.72449974280056,6
6319,101,14,16,9,-7.729447625525019,5
6320,29,18,46,9,-7.738693511487552,9
6321,84,11,44,6,-7.74146437073986,5
6322,111,10,30,7,-7.744421754490768,3
6323,68,29,28,19,-7.748993038967355,10
6324,51,19,111,12,-7.750696049131197,7
6325,73,11,53,7,-7.756297558195459,4
6326,114,14,92,10,-7.774797164908201,4
6327,111,10,47,6,-7.786638633209638,4
6328,13,25,111,14,-7.788425056310505,11
6329,31,31,107,16,-7.788469010128701,15
6330,43,10,38,5,-7.7891796162888625,5
6331,110,12,114,8,-7.800316810979699,4
6332,46,46,25,27,-7.8204011950255445,19
6333,108,14,54,10,-7.821734358546889,4
6334,17,22,5,15,-7.829641724195978,7
6335,77,34,30,21,-7.831021537409563,13
6336,93,16,70,10,-7.834949393241651,6
6337,103,37,86,24,-7.8358482603900494,13
6338,1,20,114,13,-7.837742070296789,7
6339,89,13,57,8,-7.848232404548364,5
6340,43,40,100,24,-7.852959068336605,16
6341,66,13,11,7,-7.856337586346076,6
6342,92,16,16,12,-7.8586758925559135,4
6343,91,26,106,17,-7.859341034872009,9
6344,35,12,44,7,-7.859665557157527,5
6345,2,30,28,19,-7.862984699152352,11
6346,90,25,114,15,-7.8701656835045455,10
6347,77,35,27,22,-7.8745216976485,13
6348,40,34,54,21,-7.877426017050995,13
6349,87,25,102,16,-7.882927052878476,9
6350,54,11,61,7,-7.891370825375349,4
6351,57,14,108,8,-7.895571252986589,6
6352,29,16,17,9,-7.89967630532443,7
6353,90,14,53,9,-7.9010322992925905,5
6354,31,11,78,6,-7.904414780494012,5
6355,38,13,71,9,-7.906029048659732,4
6356,82,10,88,6,-7.912578083642501,4
6357,98,20,108,12,-7.913100401728397,8
6358,33,13,30,9,-7.913395188124868,4
6359,91,13,33,7,-7.919655002031917,6
6360,63,79,16,49,-7.92189030623985,30
6361,30,19,17,11,-7.934712638962074,8
6362,87,36,34,23,-7.93604218314432,13
6363,18,54,16,35,-7.937149998649483,19
6364,71,19,98,12,-7.940784287039028,7
6365,66,15,87,9,-7.946121045220587,6
6366,83,10,98,7,-7.946776918388257,3
6367,88,43,15,29,-7.9565940295654904,14
6368,50,44,75,29,-7.963443352466475,15
6369,84,28,5,17,-7.986435375626319,11
6370,40,16,98,9,-7.993416961646093,7
6371,96,19,102,12,-7.995631160966492,7
6372,43,63,13,36,-7.998283279294885,27
6373,98,31,91,19,-8.010154956050261,12
6374,5,28,65,17,-8.01209130053563,11
6375,9,11,35,6,-8.012816785902416,5
6376,52,12,63,7,-8.01519600341839,5
6377,69,39,49,22,-8.022601173310019,17
6378,34,28,78,17,-8.02340892327558,11
6379,18,19,100,11,-8.035989461751754,8
6380,48,15,98,10,-8.040930745507076,5
6381,39,55,30,32,-8.047157218235913,23
6382,37,19,89,10,-8.048334757683454,9
6383,84,36,20,25,-8.048616703285953,11
6384,46,15,19,9,-8.056646218005667,6
6385,39,46,18,29,-8.059585267290437,17
6386,68,29,97,18,-8.0623155896758,11
6387,86,44,98,27,-8.07123889255168,17
6388,39,19,110,13,-8.071999499945951,6
6389,70,18,50,10,-8.072010588554928,8
6390,97,16,110,10,-8.077466293642962,6
6391,32,17,8,10,-8.079749532998788,7
6392,4,17,43,10,-8.083539648296876,7
6393,51,14,73,9,-8.097743889322738,5
6394,81,18,77,11,-8.103239112093918,7
6395,114,14,72,8,-8.112992267571087,6
6396,111,11,81,8,-8.120062859865858,3
6397,98,12,9,7,-8.123745049728663,5
6398,110,11,20,7,-8.125291114928709,4
6399,55,36,50,21,-8.131693382626928,15
6400,107,14,56,8,-8.14241374429404,6
6401,112,10,4,6,-8.145974306589785,4
6402,64,19,70,13,-8.153009023968611,6
6403,65,26,18,16,-8.153871588166583,10
6404,53,29,27,19,-8.155521497979043,10
6405,108,23,19,14,-8.15860455583143,9
6406,92,18,51,11,-8.176167071622316,7
6407,57,16,38,9,-8.179065570967875,7
6408,27,33,54,20,-8.18041909853592,13
6409,33,17,68,11,-8.205627093372602,6
6410,81,11,80,6,-8.214427134711952,5
6411,40,14,112,8,-8.221202026655064,6
6412,71,10,99,6,-8.224966300288866,4
6413,102,12,64,8,-8.225103381123269,4
6414,7,31,37,19,-8.226042864777217,12
6415,106,21,69,13,-8.230262561693126,8
6416,83,15,11,10,-8.230715708736337,5
6417,1,18,75,12,-8.241769187322507,6
6418,76,10,93,6,-8.25053412937542,4
6419,14,12,37,7,-8.266467835075428,5
6420,45,20,60,12,-8.270932074255702,8
6421,91,18,41,12,-8.276671952774398,6
6422,79,14,15,8,-8.279617988476957,6
6423,106,31,90,21,-8.283845461248367,10
6424,35,11,57,8,-8.290193240386728,3
6425,58,10,109,6,-8.291034573977958,4
6426,89,28,51,18,-8.294249380728163,10
6427,56,17,86,11,-8.300855291965847,6
6428,63,13,92,7,-8.301235837359338,6
6429,29,25,98,16,-8.302046476403797,9
6430,109,13,91,8,-8.302894097359493,5
6431,109,23,74,15,-8.306575916019817,8
6432,46,43,37,29,-8.306667442353499,14
6433,109,16,93,10,-8.308998271060947,6
6434,51,20,79,11,-8.309517555811905,9
6435,9,15,25,10,-8.323455878342044,5
6436,96,25,48,16,-8.343995751105185,9
6437,31,33,41,21,-8.353957395244581,12
6438,5,22,7,14,-8.357081514884822,8
6439,94,28,39,17,-8.363460408949937,11
6440,25,45,7,29,-8.372806618348298,16
6441,61,12,69,9,-8.397253145469623,3
6442,51,27,94,17,-8.403248207266076,10
6443,67,14,109,7,-8.410228891959633,7
6444,102,12,41,8,-8.421036787338002,4
6445,90,19,73,12,-8.42410199186246,7
6446,103,23,49,14,-8.430062008794607,9
6447,114,20,55,13,-8.432483182241098,7
6448,70,24,96,13,-8.43741799102626,11
6449,41,24,8,16,-8.446748885751395,8
6450,96,14,95,9,-8.450373982592186,5
6451,12,23,53,14,-8.460797624804181,9
6452,20,37,63,22,-8.464473402081476,15
6453,112,26,39,16,-8.464674026518868,10
6454,48,20,50,13,-8.466418162124782,7
6455,77,18,17,11,-8.46662344473387,7
6456,66,11,30,8,-8.470012652510327,3
6457,85,14,55,9,-8.476039600481299,5
6458,69,19,104,13,-8.491359963005362,6
6459,37,15,29,9,-8.491699980771868,6
6460,40,28,64,18,-8.496071624321132,10
6461,45,10,91,6,-8.504304930616431,4
6462,109,10,33,6,-8.506616474826913,4
6463,8,35,95,21,-8.511725721270736,14
6464,77,11,80,7,-8.51548819382583,4
6465,9,22,20,14,-8.515923532058862,8
6466,69,22,81,13,-8.51799786685539,9
6467,61,20,53,14,-8.524850655507475,6
6468,63,11,110,7,-8.534985747455591,4
6469,65,13,91,8,-8.541931736396268,5
6470,8,34,68,21,-8.545370564412986,13
6471,35,12,94,7,-8.545638882275085,5
6472,67,15,16,10,-8.550473387804702,5
6473,2,11,94,7,-8.550586885180524,4
6474,36,11,78,7,-8.552435160203325,4
6475,68,23,103,14,-8.554646323444773,9
6476,16,14,26,8,-8.561151203860886,6
6477,71,13,91,8,-8.567246551132914,5
6478,107,25,111,14,-8.570266784296766,11
6479,93,10,49,6,-8.572163796775678,4
6480,104,22,9,14,-8.574493523715214,8
6481,55,23,95,15,-8.575006509864881,8
6482,87,22,4,15,-8.590843038311565,7
6483,48,41,63,26,-8.591649372014341,15
6484,107,34,2,22,-8.596357154255273,12
6485,6,23,44,16,-8.597523681350717,7
6486,6,22,13,14,-8.600067561462975,8
6487,14,22,16,14,-8.606971231031414,8
6488,65,16,85,10,-8.614950001639382,6
6489,103,17,109,10,-8.65017384187065,7
6490,81,20,19,13,-8.651149746915294,7
6491,72,18,57,13,-8.656042983673217,5
6492,8,28,73,17,-8.656865963639591,11
6493,103,17,88,10,-8.661440228649823,7
6494,58,12,70,8,-8.66252309250944,4
6495,54,11,53,7,-8.670288326383611,4
6496,31,12,19,8,-8.676840084796208,4
6497,47,23,11,15,-8.67876288907616,8
6498,20,41,39,24,-8.683414479878408,17
6499,47,12,54,7,-8.685088894357262,5
6500,112,30,27,19,-8.685425209929864,11
6501,3,16,38,10,-8.700552917920668,6
6502,62,23,28,14,-8.703867920620004,9
6503,86,16,45,10,-8.710518828201984,6
6504,17,22,4,15,-8.727735068009611,7
6505,46,26,57,16,-8.73890097930274,10
6506,32,11,65,7,-8.739314169667134,4
6507,106,14,38,7,-8.745019433529976,7
6508,85,12,41,7,-8.754152386383815,5
6509,52,16,28,10,-8.757305556361812,6
6510,84,34,8,22,-8.76285424467774,12
6511,84,37,74,21,-8.764103490564016,16
6512,19,17,18,11,-8.772934483482583,6
6513,99,14,77,10,-8.784719144285264,4
6514,107,11,26,7,-8.789963547813732,4
6515,46,12,6,7,-8.79137101803374,5
6516,19,18,63,12,-8.792724982250471,6
6517,12,36,60,20,-8.796940948337134,16
6518,89,16,48,12,-8.797618045530104,4
6519,42,10,106,7,-8.802546839644405,3
6520,47,18,36,12,-8.810892372607714,6
6521,19,19,84,12,-8.81339664085273,7
6522,89,10,100,7,-8.817738880915485,3
6523,77,22,63,15,-8.819997532642512,7
6524,36,19,63,12,-8.822881427312195,7
6525,18,18,47,12,-8.827723884174087,6
6526,87,15,32,10,-8.844155029434871,5
6527,1,15,37,9,-8.845768047127494,6
6528,3,20,20,13,-8.846112059849585,7
6529,68,21,34,13,-8.850128344712713,8
6530,15,30,43,19,-8.851792959599623,11
6531,12,15,6,8,-8.87368712650089,7
6532,98,12,112,8,-8.873991556640123,4
6533,107,24,45,15,-8.882581208643296,9
6534,13,23,90,15,-8.883764352926047,8
6535,97,12,69,8,-8.888377862411462,4
6536,12,32,94,19,-8.90023153026558,13
6537,10,15,63,10,-8.910939208335906,5
6538,25,19,110,13,-8.91770167255822,6
6539,88,10,26,6,-8.919527282390273,4
6540,29,29,84,18,-8.921575167609983,11
6541,98,15,3,8,-8.926309600802394,7
6542,29,22,49,14,-8.92665983569728,8
6543,31,12,73,8,-8.93891957013575,4
6544,74,26,51,18,-8.938947542412071,8
6545,70,11,73,6,-8.941351293720283,5
6546,48,14,69,8,-8.947708246863764,6
6547,41,34,11,23,-8.953991407123155,11
6548,38,27,30,19,-8.95481970598398,8
6549,81,14,11,9,-8.967824856070829,5
6550,114,20,47,12,-8.969382880850311,8
6551,103,19,34,13,-8.970243702574697,6
6552,36,18,97,11,-8.970668153566258,7
6553,49,49,107,32,-8.987451511548663,17
6554,80,15,78,10,-8.990142670025016,5
6555,93,14,30,9,-8.997367289185709,5
6556,86,19,92,11,-8.99999904756414,8
6557,15,21,12,13,-9.00214630392568,8
6558,65,25,1,15,-9.00217902882169,10
6559,5,64,8,40,-9.002251377410767,24
6560,50,19,85,12,-9.007921978503544,7
6561,36,15,5,9,-9.008614310253616,6
6562,39,25,91,16,-9.014113578195186,9
6563,108,21,48,14,-9.016454394528633,7
6564,83,24,13,15,-9.019898615590664,9
6565,87,55,7,36,-9.031940434035896,19
6566,45,16,35,9,-9.040031591861498,7
6567,19,32,103,20,-9.057210821711298,12
6568,51,31,95,21,-9.0604562345489,10
6569,43,24,49,16,-9.063026420936483,8
6570,86,29,44,19,-9.073857704921483,10
6571,55,14,49,9,-9.07453979611351,5
6572,107,39,80,26,-9.074881524481428,13
6573,40,16,57,10,-9.07504759076948,6
6574,103,30,11,21,-9.075766698083198,9
6575,3,21,53,14,-9.076818822513886,7
6576,75,12,94,8,-9.08090116606965,4
6577,45,11,58,7,-9.091525705777384,4
6578,31,15,109,10,-9.113887572404181,5
6579,17,11,92,7,-9.114563540800479,4
6580,2,13,57,8,-9.119959996501732,5
6581,112,23,28,15,-9.120223564016392,8
6582,8,10,58,6,-9.142222913085966,4
6583,5,11,1,7,-9.143641454097294,4
6584,5,43,50,26,-9.15604936984071,17
6585,10,14,76,9,-9.15717818444399,5
6586,63,21,62,13,-9.161474645821354,8
6587,102,36,65,24,-9.161778289738296,12
6588,61,12,75,7,-9.169495709034498,5
6589,37,15,34,10,-9.170559355322496,5
6590,3,60,13,39,-9.173172089609375,21
6591,29,22,112,14,-9.17461030773198,8
6592,58,19,54,11,-9.183988111852093,8
6593,93,12,62,7,-9.184190352261584,5
6594,60,37,100,24,-9.187580857300913,13
6595,91,14,23,8,-9.188824217195526,6
6596,18,31,68,20,-9.190826393650623,11
6597,63,16,81,10,-9.193429569946275,6
6598,114,21,95,13,-9.195016624238175,8
6599,3,28,40,19,-9.202268323423779,9
6600,43,47,107,30,-9.202559953490868,17
6601,48,15,100,9,-9.202663576630133,6
6602,41,10,79,6,-9.204704069079497,4
6603,102,25,107,15,-9.215882737064184,10
6604,19,26,72,17,-9.224632863533008,9
6605,69,16,70,11,-9.22734622840158,5
6606,20,23,91,14,-9.233435902067155,9
6607,62,12,18,8,-9.234800982158575,4
6608,39,26,74,16,-9.23830751990649,10
6609,88,34,30,20,-9.246002926232094,14
6610,49,32,98,21,-9.253129001065592,11
6611,93,27,87,17,-9.265524424049662,10
6612,84,23,104,14,-9.266746412193928,9
6613,109,42,11,28,-9.267889428091761,14
6614,41,33,100,21,-9.267995461447091,12
6615,109,57,54,38,-9.275000788189587,19
6616,40,24,62,13,-9.275726600058688,11
6617,89,15,19,10,-9.286097473243418,5
6618,60,50,27,34,-9.301787306937486,16
6619,13,51,30,33,-9.310159779483705,18
6620,38,10,45,7,-9.31109379184883,3
6621,76,24,15,15,-9.319531248646678,9
6622,9,30,18,20,-9.325317307118524,10
6623,84,10,77,7,-9.326879307665173,3
6624,81,13,54,8,-9.33569894630605,5
6625,87,20,1,12,-9.344990956449259,8
6626,28,12,26,8,-9.352858082446945,4
6627,12,19,28,13,-9.36472715251189,6
6628,89,10,23,7,-9.36938210312373,3
6629,89,22,41,15,-9.373462137125664,7
6630,4,16,27,10,-9.378715415982098,6
6631,38,12,103,9,-9.379557577066373,3
6632,95,13,29,8,-9.382021477576465,5
6633,54,14,73,9,-9.382932635383147,5
6634,77,32,100,21,-9.386860810864015,11
6635,36,11,109,8,-9.390936468630551,3
6636,56,13,16,9,-9.403965360554952,4
6637,2,15,13,9,-9.422510080465477,6
6638,47,16,23,11,-9.428933500778964,5
6639,76,20,34,12,-9.434786757726329,8
6640,18,50,13,32,-9.438422398015991,18
6641,63,11,32,7,-9.44232166344675,4
6642,114,12,89,7,-9.444885030105084,5
6643,76,35,23,22,-9.453849648482663,13
6644,15,15,48,9,-9.456844892945968,6
6645,61,15,30,10,-9.46714266401481,5
6646,57,16,23,10,-9.474501256774843,6
6647,5,29,75,17,-9.487135559909316,12
6648,99,22,37,15,-9.502759058160704,7
6649,2,13,114,8,-9.509158562417845,5
6650,69,13,33,8,-9.51115802646404,5
6651,36,17,8,11,-9.51236026695053,6
6652,25,32,20,21,-9.520523686179047,11
6653,29,32,100,20,-9.521427869790516,12
6654,31,22,1,13,-9.525804060927038,9
6655,97,11,92,6,-9.525917165548371,5
6656,75,11,20,7,-9.527707505687728,4
6657,94,14,9,8,-9.535806051453793,6
6658,76,40,63,27,-9.537527582020363,13
6659,107,25,33,15,-9.539564483245073,10
6660,106,26,39,16,-9.547502317564263,10
6661,3,17,17,10,-9.55033737225928,7
6662,31,28,27,16,-9.569633624787402,12
6663,12,44,100,28,-9.574991282376633,16
6664,89,12,78,8,-9.575146537341476,4
6665,7,20,73,12,-9.582485903794176,8
6666,104,26,49,17,-9.584962173731787,9
6667,43,21,54,13,-9.585604342831406,8
6668,31,10,92,6,-9.586105290347549,4
6669,34,16,102,11,-9.58776658698314,5
6670,9,27,76,18,-9.592643387328541,9
6671,53,13,8,9,-9.596286006275319,4
6672,107,53,57,33,-9.602233129335406,20
6673,10,15,16,10,-9.607669865815328,5
6674,84,18,83,11,-9.609473734372155,7
6675,8,14,99,8,-9.611065592860319,6
6676,51,41,15,26,-9.616941616298604,15
6677,30,17,80,11,-9.61803117509945,6
6678,109,17,70,11,-9.623350653501724,6
6679,53,23,41,15,-9.631953807885303,8
6680,8,40,75,27,-9.637059553855455,13
6681,13,25,26,17,-9.644667177898784,8
6682,114,10,22,5,-9.649313306364826,5
6683,88,11,21,7,-9.65721273441522,4
6684,71,12,100,8,-9.660687520316314,4
6685,65,18,79,11,-9.675692837298339,7
6686,112,22,88,14,-9.681832903230308,8
6687,57,11,58,7,-9.690188481177847,4
6688,58,19,30,12,-9.698186570996029,7
6689,114,34,8,23,-9.699231858321156,11
6690,48,10,2,7,-9.702269151070572,3
6691,111,18,28,12,-9.712251206209237,6
6692,8,15,52,10,-9.715026692600484,5
6693,31,19,43,9,-9.72085277355369,10
6694,84,52,63,32,-9.747162233837335,20
6695,70,14,34,9,-9.755416516876583,5
6696,83,24,37,15,-9.78372636697842,9
6697,103,10,20,7,-9.787162681907015,3
6698,109,20,94,12,-9.794162630052174,8
6699,62,16,114,10,-9.799890996069497,6
6700,70,10,111,6,-9.807746966138032,4
6701,18,24,106,16,-9.811498602513076,8
6702,79,18,104,11,-9.811537818194267,7
6703,3,12,80,7,-9.8150650171119,5
6704,17,24,40,16,-9.815776001763272,8
6705,109,12,81,8,-9.819741316945185,4
6706,57,13,54,10,-9.824315369895022,3
6707,96,26,7,18,-9.825450759982106,8
6708,47,17,9,11,-9.833363334347133,6
6709,11,41,100,27,-9.833590045112281,14
6710,11,26,49,18,-9.83612489763919,8
6711,19,18,17,12,-9.838733881450878,6
6712,38,20,11,13,-9.838969868597395,7
6713,98,10,53,6,-9.839111782848333,4
6714,38,15,53,10,-9.84515620925491,5
6715,51,26,34,17,-9.848586623450819,9
6716,31,32,9,21,-9.853659783790295,11
6717,93,49,65,30,-9.861674082292907,19
6718,91,34,87,23,-9.869349002662767,11
6719,71,15,17,9,-9.87407872077162,6
6720,97,10,30,7,-9.88252203172555,3
6721,16,20,110,13,-9.893450419413215,7
6722,15,16,89,10,-9.900072241190253,6
6723,33,10,15,7,-9.911800000475989,3
6724,70,18,30,11,-9.913973705469942,7
6725,57,11,1,7,-9.916035104284749,4
6726,46,42,74,28,-9.91934754308771,14
6727,78,30,39,20,-9.919462931362235,10
6728,2,10,95,7,-9.920312629990494,3
6729,90,14,46,9,-9.960134782518509,5
6730,107,43,12,30,-9.963868516555266,13
6731,76,45,16,27,-9.966747555091633,18
6732,77,26,43,17,-9.97263393724616,9
6733,60,27,47,18,-9.974271287982043,9
6734,61,15,6,10,-9.976861344972216,5
6735,19,10,99,7,-9.983244859068366,3
6736,12,16,114,9,-9.985343546707199,7
6737,65,25,95,16,-9.987438820754926,9
6738,61,11,58,7,-9.991140661268366,4
6739,60,22,103,14,-9.993230744941123,8
6740,71,23,104,14,-10.004145398382484,9
6741,63,19,111,12,-10.01291034850113,7
6742,75,39,28,26,-10.021801272184058,13
6743,84,27,30,19,-10.023299208241367,8
6744,72,21,28,14,-10.026127135244147,7
6745,107,13,110,9,-10.034721322746929,4
6746,3,10,70,7,-10.036631807498473,3
6747,38,10,44,7,-10.048373138060265,3
6748,10,16,107,10,-10.056408787562024,6
6749,40,18,73,12,-10.060776256522114,6
6750,49,16,40,10,-10.077718304922938,6
6751,54,21,71,13,-10.113144202991709,8
6752,36,36,53,25,-10.114732824687984,11
6753,114,12,78,7,-10.123963867745248,5
6754,103,18,89,11,-10.128092677300105,7
6755,77,28,12,18,-10.128575048689417,10
6756,31,37,53,23,-10.136338371296794,14
6757,23,11,96,7,-10.143008283174428,4
6758,68,16,92,11,-10.147306838487292,5
6759,9,12,6,7,-10.175309866966636,5
6760,48,14,90,9,-10.193948361787585,5
6761,27,83,16,54,-10.19514980428095,29
6762,33,13,71,9,-10.195530501937558,4
6763,2,15,98,9,-10.19860338932166,6
6764,37,42,97,28,-10.199316810918765,14
6765,104,19,90,12,-10.205908373136614,7
6766,31,17,30,10,-10.214096274935347,7
6767,48,10,97,6,-10.221233545434696,4
6768,60,49,64,34,-10.225579774670623,15
6769,96,49,16,35,-10.230768867165024,14
6770,79,12,75,8,-10.235318929578343,4
6771,57,16,75,11,-10.238315344226487,5
6772,106,18,12,13,-10.245560433617426,5
6773,106,16,67,10,-10.25216143423421,6
6774,3,16,47,11,-10.263621577333433,5
6775,112,24,60,16,-10.282975838759189,8
6776,45,10,49,7,-10.284801628936062,3
6777,28,37,74,24,-10.332746781815512,13
6778,39,23,108,14,-10.341615848120973,9
6779,54,48,37,32,-10.345446907641223,16
6780,102,16,40,10,-10.346146758066931,6
6781,27,15,17,9,-10.354549099588292,6
6782,7,10,94,7,-10.355621654064777,3
6783,38,14,62,10,-10.356155726783134,4
6784,12,24,104,16,-10.358875950961007,8
6785,88,39,50,25,-10.36486098410092,14
6786,69,24,63,16,-10.366973166191586,8
6787,91,36,63,25,-10.368824470659426,11
6788,55,16,15,12,-10.370537288257989,4
6789,93,16,106,10,-10.37915501513517,6
6790,23,24,49,16,-10.408633938410516,8
6791,20,18,33,12,-10.409025528596041,6
6792,29,35,60,22,-10.420897470065029,13
6793,39,16,44,10,-10.434810009571386,6
6794,46,15,78,9,-10.43532016213296,6
6795,9,17,43,10,-10.43571876790201,7
6796,34,10,89,6,-10.490414345815992,4
6797,64,27,55,19,-10.49341500131768,8
6798,9,27,64,19,-10.495957554452962,8
6799,60,35,54,24,-10.508874533332268,11
6800,26,10,8,6,-10.512024852650756,4
6801,39,23,109,16,-10.513513507021568,7
6802,88,44,53,30,-10.519286458480718,14
6803,36,27,27,17,-10.52334959933135,10
6804,97,19,71,13,-10.523533962196904,6
6805,90,12,93,8,-10.530779388732013,4
6806,68,19,50,11,-10.535408083030939,8
6807,12,19,74,13,-10.540285470313428,6
6808,38,11,49,8,-10.545141985188478,3
6809,15,14,58,10,-10.547783763961066,4
6810,79,13,19,8,-10.549815768045507,5
6811,40,17,28,10,-10.551622113062642,7
6812,9,15,95,9,-10.569002592922947,6
6813,47,15,78,9,-10.571891033683887,6
6814,75,26,104,17,-10.574353916694225,9
6815,89,20,11,14,-10.589642549823262,6
6816,91,31,7,22,-10.609100286101581,9
6817,103,13,28,9,-10.609246701939707,4
6818,12,18,30,12,-10.622509095824922,6
6819,89,14,43,9,-10.630435372992654,5
6820,91,24,30,17,-10.658543869059741,7
6821,49,40,100,26,-10.661403925033637,14
6822,33,17,63,11,-10.66390349401416,6
6823,35,29,76,19,-10.667558804559748,10
6824,13,36,108,24,-10.689855841590877,12
6825,36,13,43,8,-10.71355202500855,5
6826,111,11,54,8,-10.714143810197234,3
6827,91,12,11,9,-10.737589094202365,3
6828,60,19,5,13,-10.737943337535816,6
6829,108,14,106,10,-10.746780907865295,4
6830,7,11,59,8,-10.771239818059202,3
6831,53,16,78,10,-10.77154978747951,6
6832,13,12,101,9,-10.774607059056445,3
6833,38,16,100,12,-10.780867547654912,4
6834,91,25,55,18,-10.791612827626555,7
6835,90,11,12,8,-10.792345367888727,3
6836,75,12,85,9,-10.804683773311504,3
6837,81,17,106,10,-10.816681182916206,7
6838,109,46,107,31,-10.823018841202272,15
6839,33,27,51,20,-10.83179532446507,7
6840,65,26,38,16,-10.834638706827015,10
6841,13,22,44,15,-10.852020262338174,7
6842,67,17,86,11,-10.856458271232293,6
6843,106,13,79,9,-10.885501834452416,4
6844,9,22,48,15,-10.894666127588817,7
6845,28,48,63,33,-10.937243385325445,15
6846,38,15,34,11,-10.941945653131521,4
6847,53,12,49,8,-10.94241676670431,4
6848,106,67,16,46,-10.962555092667682,21
6849,20,40,50,27,-10.968930608298043,13
6850,97,25,13,16,-10.985857531237668,9
6851,64,17,109,10,-10.986928172384285,7
6852,110,20,51,14,-11.00014817045874,6
6853,71,13,15,9,-11.00914391321025,4
6854,92,14,41,9,-11.016394202336146,5
6855,60,31,91,19,-11.033330949428786,12
6856,66,13,7,8,-11.03456679955437,5
6857,84,10,47,7,-11.043789003229907,3
6858,32,17,16,11,-11.045561391190382,6
6859,114,12,32,8,-11.045874107216173,4
6860,1,39,55,27,-11.047135752371084,12
6861,11,11,99,7,-11.04788337752713,4
6862,112,29,64,21,-11.096215333139426,8
6863,84,36,11,24,-11.100193468531897,12
6864,57,23,79,15,-11.100381889906581,8
6865,109,20,75,14,-11.10040667281172,6
6866,32,13,74,9,-11.101664191982367,4
6867,102,12,46,8,-11.102504599435605,4
6868,48,16,72,9,-11.11237900798842,7
6869,70,15,46,10,-11.123543654837011,5
6870,66,12,78,8,-11.131528298187064,4
6871,11,34,104,23,-11.141180204048963,11
6872,19,49,27,34,-11.141415326856118,15
6873,94,18,62,12,-11.151655058140983,6
6874,65,53,100,36,-11.152854187376468,17
6875,1,13,78,9,-11.156578268103178,4
6876,114,37,87,23,-11.160921669895089,14
6877,94,19,85,13,-11.199140622059147,6
6878,1,11,89,7,-11.209011069389929,4
6879,46,12,100,8,-11.210309669403339,4
6880,3,15,25,10,-11.214634960222725,5
6881,96,20,46,12,-11.223825219116964,8
6882,39,12,45,7,-11.230688824941204,5
6883,68,25,25,17,-11.235607083018877,8
6884,17,23,53,16,-11.244737606744525,7
6885,70,11,83,6,-11.265042422069474,5
6886,86,30,29,21,-11.2740075836407,9
6887,7,52,75,35,-11.274663385996204,17
6888,55,14,2,9,-11.27681615957405,5
6889,27,11,111,8,-11.279710088837584,3
6890,5,10,80,7,-11.295210617596888,3
6891,76,17,74,10,-11.297198648055824,7
6892,91,13,69,8,-11.30407928014614,5
6893,76,14,64,9,-11.304788571126872,5
6894,20,13,64,10,-11.331308462604776,3
6895,44,15,104,10,-11.332078649569059,5
6896,112,11,108,7,-11.335603356831967,4
6897,108,11,52,8,-11.346744817608853,3
6898,102,15,75,11,-11.35790237245839,4
6899,109,22,53,15,-11.359866911275937,7
6900,49,18,47,13,-11.386056581513852,5
6901,38,11,4,8,-11.395009854616482,3
6902,75,10,73,5,-11.395199340418813,5
6903,54,39,75,25,-11.408133317564461,14
6904,60,20,34,14,-11.434147211488856,6
6905,109,22,12,15,-11.439899306130211,7
6906,86,38,102,26,-11.442450297093961,12
6907,106,41,114,27,-11.462749893343949,14
6908,46,10,15,7,-11.466752843427653,3
6909,34,14,18,10,-11.48294101232062,4
6910,37,12,68,8,-11.49658369134707,4
6911,75,14,98,9,-11.49709370731316,5
6912,18,10,108,7,-11.508388616511892,3
6913,65,11,35,8,-11.518581403700487,3
6914,76,20,7,12,-11.52245661748586,8
6915,81,15,7,9,-11.525413070422038,6
6916,77,21,98,15,-11.52597944233578,6
6917,7,12,110,7,-11.526061320417648,5
6918,84,12,18,8,-11.52667869126048,4
6919,78,24,76,18,-11.54437066923267,6
6920,46,14,53,9,-11.556347535591735,5
6921,104,12,72,8,-11.56257995280617,4
6922,87,13,21,9,-11.56318091799384,4
6923,71,10,111,7,-11.563837134119526,3
6924,104,16,36,10,-11.564722196156032,6
6925,11,11,23,8,-11.568338446113305,3
6926,104,12,93,8,-11.57701291373734,4
6927,91,18,43,13,-11.584680594680322,5
6928,70,23,11,16,-11.609570033059047,7
6929,29,16,75,10,-11.609985031917772,6
6930,38,17,75,13,-11.628826987325251,4
6931,110,10,11,8,-11.637838089699006,2
6932,40,12,100,8,-11.638460148115913,4
6933,19,26,7,19,-11.65176644692338,7
6934,23,15,72,10,-11.667454901588142,5
6935,81,10,8,7,-11.678569579324545,3
6936,28,23,34,16,-11.682170467841415,7
6937,72,11,55,8,-11.689010218474658,3
6938,96,13,91,9,-11.69285419312405,4
6939,43,25,55,19,-11.714024478286158,6
6940,102,10,89,6,-11.714231512429773,4
6941,69,12,34,10,-11.742698738008174,2
6942,102,17,63,11,-11.747209471298389,6
6943,60,24,74,15,-11.762098333048542,9
6944,81,21,49,13,-11.780141471258917,8
6945,62,10,112,7,-11.78047192200998,3
6946,81,34,51,22,-11.790201731891964,12
6947,54,10,44,7,-11.791894285038762,3
6948,40,21,8,15,-11.79192140237277,6
6949,77,31,104,21,-11.812621663747162,10
6950,109,11,92,8,-11.825872450184745,3
6951,12,11,79,7,-11.866943529008417,4
6952,29,14,18,10,-11.875077633643942,4
6953,33,10,57,7,-11.896321981403165,3
6954,31,18,98,11,-11.908816140421925,7
6955,77,17,71,12,-11.915487518479782,5
6956,68,16,108,11,-11.92861631232352,5
6957,65,46,114,30,-11.938229846486394,16
6958,57,27,70,17,-11.940546365796532,10
6959,81,13,28,9,-11.947384191502275,4
6960,94,48,16,34,-11.949965738055608,14
6961,18,27,95,18,-11.951490678023534,9
6962,57,22,76,16,-11.963037229635306,6
6963,77,15,37,10,-11.967604181160285,5
6964,55,18,102,12,-11.98386619497443,6
6965,5,32,102,21,-12.011851390558958,11
6966,89,15,63,11,-12.017404575838292,4
6967,104,12,1,8,-12.02010829271743,4
6968,28,14,43,9,-12.028046594555397,5
6969,103,11,58,8,-12.029646076628692,3
6970,88,20,102,15,-12.040669825997002,5
6971,46,20,30,14,-12.044164698044927,6
6972,89,10,10,7,-12.05123505380701,3
6973,63,18,1,11,-12.054495717242014,7
6974,35,11,8,8,-12.093356369533678,3
6975,91,15,76,11,-12.09807191241983,4
6976,83,18,107,13,-12.107720877525319,5
6977,4,10,15,6,-12.124220843420797,4
6978,96,40,11,27,-12.14102850879166,13
6979,103,33,100,22,-12.151129525212454,11
6980,70,22,2,14,-12.153236389251049,8
6981,81,32,87,20,-12.164562147525906,12
6982,41,23,111,15,-12.165817300484488,8
6983,99,21,107,14,-12.174640608684577,7
6984,35,11,75,8,-12.188091693345983,3
6985,11,15,2,10,-12.196157085843714,5
6986,54,15,34,11,-12.19994600804293,4
6987,57,23,65,16,-12.203750629317211,7
6988,97,10,15,7,-12.205780494305644,3
6989,106,11,78,8,-12.210243252742742,3
6990,43,19,75,14,-12.224767647713703,5
6991,57,25,100,17,-12.24904881178982,8
6992,39,10,32,7,-12.259008757767623,3
6993,88,19,73,13,-12.262693289910837,6
6994,60,18,37,11,-12.263894360602315,7
6995,88,90,13,63,-12.269519344214066,27
6996,96,30,98,21,-12.27549839186978,9
6997,81,15,40,11,-12.276802562895192,4
6998,18,15,69,10,-12.281407888329312,5
6999,88,18,98,13,-12.300728896947142,5
7000,93,11,38,6,-12.307152939253097,5
7001,94,34,13,23,-12.315280597409899,11
7002,41,14,34,9,-12.338786367505541,5
7003,97,12,67,9,-12.353467827440639,3
7004,92,12,49,8,-12.374864484595681,4
7005,109,10,35,7,-12.407562430544193,3
7006,91,11,53,8,-12.419564767639512,3
7007,50,17,36,10,-12.423703215189777,7
7008,58,27,65,18,-12.431650709075077,9
7009,37,14,18,10,-12.438833593443574,4
7010,87,30,79,22,-12.466071130940083,8
7011,92,15,64,8,-12.492372460791035,7
7012,13,12,42,9,-12.522183516198908,3
7013,71,18,41,13,-12.557773267008857,5
7014,35,12,3,8,-12.563400964105028,4
7015,51,21,2,13,-12.595923969105383,8
7016,108,24,53,15,-12.606603502458741,9
7017,85,20,39,13,-12.618845399489867,7
7018,51,26,72,17,-12.653159909877598,9
7019,57,23,7,14,-12.666461617234948,9
7020,43,28,30,21,-12.66903424260811,7
7021,5,15,48,11,-12.675358072710559,4
7022,31,13,104,8,-12.681964820727016,5
7023,97,16,38,11,-12.68239796661763,5
7024,63,40,80,28,-12.682443988429268,12
7025,109,33,30,24,-12.68920943988151,9
7026,31,76,13,51,-12.705633823012965,25
7027,89,22,27,16,-12.719981225557996,6
7028,9,33,15,20,-12.724112098622019,13
7029,106,24,46,15,-12.725492516069494,9
7030,48,17,78,12,-12.726810659431582,5
7031,106,14,33,10,-12.736963404825655,4
7032,87,33,98,24,-12.737232267618925,9
7033,37,44,11,30,-12.738426249160876,14
7034,36,10,95,7,-12.746346244298937,3
7035,1,15,100,10,-12.750379039232417,5
7036,52,13,15,9,-12.762709162888326,4
7037,3,31,84,20,-12.781771350844402,11
7038,25,15,49,10,-12.785517383168525,5
7039,66,13,13,9,-12.789636021700206,4
7040,76,11,1,7,-12.827717897490281,4
7041,29,22,64,17,-12.835455672871143,5
7042,29,18,72,12,-12.835964412753416,6
7043,29,31,13,20,-12.842551778178521,11
7044,57,24,34,17,-12.872133630873053,7
7045,65,21,2,16,-12.890027578518191,5
7046,34,13,72,9,-12.8972080689342,4
7047,109,19,17,13,-12.911257852793483,6
7048,94,10,64,6,-12.918584959999516,4
7049,37,20,64,14,-12.946494518825181,6
7050,106,19,98,13,-12.95487415033694,6
7051,84,10,92,6,-12.962976398847763,4
7052,35,14,63,9,-12.998216518752985,5
7053,23,22,55,14,-13.026997694301386,8
7054,47,14,55,9,-13.036465008068175,5
7055,62,23,74,16,-13.07201740553172,7
7056,91,10,94,8,-13.125494056890847,2
7057,103,13,48,10,-13.133825600656486,3
7058,37,28,95,21,-13.149042342745602,7
7059,27,36,104,25,-13.195528716848907,11
7060,11,15,108,11,-13.213308250017539,4
7061,54,18,36,12,-13.21774479827317,6
7062,88,39,95,27,-13.236869470595257,12
7063,49,20,48,15,-13.272537147968347,5
7064,99,12,7,8,-13.27451726078842,4
7065,68,33,100,22,-13.287177831750679,11
7066,46,43,104,29,-13.294982678813746,14
7067,106,19,64,13,-13.295192075566398,6
7068,1,14,8,10,-13.305141225086524,4
7069,88,20,80,13,-13.305539707805673,7
7070,19,17,9,12,-13.318120114033066,5
7071,18,16,11,11,-13.321280125838722,5
7072,9,13,108,8,-13.341841222661904,5
7073,32,11,55,7,-13.363639630093914,4
7074,48,14,17,9,-13.364907872446567,5
7075,12,10,108,6,-13.367955655554766,4
7076,35,12,104,8,-13.369677424437173,4
7077,102,12,43,8,-13.372023836980008,4
7078,3,12,74,9,-13.385856762614393,3
7079,51,22,80,15,-13.405837899191416,7
7080,84,15,71,11,-13.41321574412034,4
7081,112,11,91,8,-13.423237527272493,3
7082,53,15,75,10,-13.423496737137015,5
7083,68,16,61,11,-13.424919545398382,5
7084,32,12,25,7,-13.427877456338669,5
7085,45,16,23,11,-13.436468047997261,5
7086,53,19,43,14,-13.438033142991662,5
7087,35,15,36,11,-13.440272285829968,4
7088,89,10,18,7,-13.441890624210265,3
7089,98,18,109,13,-13.444061011572101,5
7090,85,19,30,13,-13.476610519943755,6
7091,69,24,27,16,-13.483104419153626,8
7092,108,12,84,9,-13.488009207908556,3
7093,63,32,30,22,-13.498171962188781,10
7094,112,13,55,10,-13.49840576791747,3
7095,6,10,80,7,-13.522871173076236,3
7096,62,22,78,15,-13.543765186745388,7
7097,84,19,41,13,-13.556150264603872,6
7098,27,13,22,9,-13.578238998395374,4
7099,109,21,57,15,-13.59261892008212,6
7100,70,13,48,9,-13.61596473877697,4
7101,12,29,41,21,-13.623588976279663,8
7102,12,15,75,10,-13.63556285801919,5
7103,43,14,45,9,-13.636050001554858,5
7104,25,10,92,7,-13.698642336458672,3
7105,5,28,57,20,-13.702708831126639,8
7106,95,10,34,7,-13.704508911135058,3
7107,51,21,45,15,-13.706946532575504,6
7108,31,25,63,18,-13.714594813504084,7
7109,11,25,95,18,-13.725658005456244,7
7110,27,10,97,6,-13.735152835550474,4
7111,57,18,62,14,-13.757275808574354,4
7112,87,12,61,8,-13.760538340997263,4
7113,81,20,100,13,-13.764798264783213,7
7114,112,11,97,9,-13.794615799527316,2
7115,112,14,38,11,-13.819485047030156,3
7116,112,18,47,12,-13.820833793363406,6
7117,103,17,55,13,-13.826956770005324,4
7118,57,12,47,8,-13.842676334165546,4
7119,50,19,53,13,-13.883151416746285,6
7120,3,31,63,24,-13.905152866710317,7
7121,112,10,25,7,-13.919292260310073,3
7122,112,11,37,8,-13.937736127059292,3
7123,20,14,60,10,-13.939926452860888,4
7124,69,19,75,14,-13.942304484906572,5
7125,71,24,40,17,-13.948125771645662,7
7126,29,12,58,9,-13.952580214272475,3
7127,109,29,114,22,-13.96133653890183,7
7128,75,12,111,8,-13.97228180941997,4
7129,9,31,41,22,-13.990507643067815,9
7130,41,11,6,7,-13.99218654178206,4
7131,77,29,40,21,-14.048771071022594,8
7132,48,24,74,15,-14.067708006346336,9
7133,9,10,90,7,-14.073147353965513,3
7134,66,13,58,10,-14.087865353684418,3
7135,58,26,86,19,-14.089393334251394,7
7136,19,10,33,6,-14.198164828754605,4
7137,75,10,72,7,-14.207053385683185,3
7138,46,18,50,12,-14.208875687593247,6
7139,7,17,61,11,-14.217702740281519,6
7140,17,11,83,7,-14.269615650014424,4
7141,83,22,16,16,-14.27379500391039,6
7142,18,15,23,10,-14.275894417804937,5
7143,41,22,30,16,-14.29163797685006,6
7144,112,10,48,8,-14.307464286387088,2
7145,57,12,31,8,-14.310689026630854,4
7146,86,25,26,19,-14.322036756570215,6
7147,10,10,54,7,-14.334784055636703,3
7148,83,10,40,8,-14.347262135245899,2
7149,43,10,33,7,-14.359162628620464,3
7150,77,43,16,31,-14.365664242767586,12
7151,90,16,20,11,-14.40477443227544,5
7152,70,26,108,19,-14.427393649276276,7
7153,14,11,80,7,-14.43534539519452,4
7154,89,16,76,12,-14.444118417343978,4
7155,35,13,97,10,-14.444551731599498,3
7156,5,12,44,9,-14.447481002517359,3
7157,2,10,73,7,-14.457830254043131,3
7158,25,12,34,9,-14.468789684868277,3
7159,6,12,19,8,-14.46906875309814,4
7160,108,10,34,8,-14.47806718750258,2
7161,38,23,104,16,-14.499014536690481,7
7162,57,21,94,15,-14.50162716116162,6
7163,50,19,80,15,-14.554439051919097,4
7164,20,18,34,14,-14.557800978959815,4
7165,109,38,27,26,-14.581241288984,12
7166,99,12,50,8,-14.581629542155008,4
7167,103,14,50,10,-14.598236066613515,4
7168,77,25,8,18,-14.612256603393076,7
7169,66,10,39,7,-14.612542929328725,3
7170,38,11,94,8,-14.612858359579166,3
7171,19,16,55,11,-14.68778354720052,5
7172,83,19,114,14,-14.712530964906863,5
7173,77,28,7,20,-14.72949510503469,8
7174,31,10,100,7,-14.730848989291468,3
7175,102,11,90,6,-14.739148726840867,5
7176,106,14,32,11,-14.741977351969272,3
7177,25,26,11,20,-14.778705544740388,6
7178,89,11,7,8,-14.785043291363074,3
7179,35,11,102,7,-14.787485364380142,4
7180,88,18,111,14,-14.89137809160146,4
7181,103,15,74,11,-14.973961367784039,4
7182,44,10,49,7,-14.992301775479174,3
7183,49,14,80,9,-14.993186389789676,5
7184,22,12,13,9,-14.994671319317483,3
7185,75,10,45,8,-15.003649946946844,2
7186,99,18,25,13,-15.014737107768294,5
7187,50,19,77,15,-15.082093464135088,4
7188,45,12,27,9,-15.129257003834676,3
7189,29,10,71,8,-15.143188317628589,2
7190,54,31,48,22,-15.152035020388912,9
7191,77,11,54,10,-15.154916790692537,1
7192,46,14,93,11,-15.25112664035686,3
7193,90,10,27,8,-15.266408205709798,2
7194,108,15,114,11,-15.270376800556948,4
7195,3,34,100,25,-15.272119536921396,9
7196,94,12,104,9,-15.272338655973261,3
7197,62,17,12,12,-15.350319997172008,5
7198,29,19,109,12,-15.360965277079256,7
7199,2,15,100,10,-15.363858490781979,5
7200,18,11,5,8,-15.389394006883379,3
7201,107,25,73,17,-15.46067272069853,8
7202,39,12,2,9,-15.473797666414953,3
7203,84,23,112,17,-15.486639525748986,6
7204,12,15,9,11,-15.494125308722385,4
7205,31,15,69,10,-15.502962092044207,5
7206,104,20,64,15,-15.51526416011922,5
7207,5,21,23,16,-15.554175057753401,5
7208,90,10,100,8,-15.596895375105717,2
7209,45,14,4,10,-15.600891470448106,4
7210,69,10,23,8,-15.603167423944381,2
7211,85,11,106,8,-15.605731963514023,3
7212,97,13,90,9,-15.621888085765935,4
7213,97,12,14,10,-15.664913845649805,2
7214,112,14,15,10,-15.700949053545523,4
7215,80,13,75,10,-15.718052052365538,3
7216,35,12,80,9,-15.72406211872363,3
7217,96,16,93,12,-15.733194627661215,4
7218,94,13,17,9,-15.746212612138288,4
7219,28,13,110,9,-15.755425369009838,4
7220,109,34,15,27,-15.77394983498588,7
7221,109,18,19,13,-15.79783901124899,5
7222,17,22,95,17,-15.802621580377183,5
7223,3,16,108,12,-15.84511995815099,4
7224,76,14,80,10,-15.87988367140994,4
7225,28,29,90,22,-15.880089586771646,7
7226,70,13,80,11,-15.901333417895945,2
7227,48,12,62,8,-15.963389974606171,4
7228,90,11,57,8,-15.975273202140913,3
7229,108,13,8,10,-16.00695825478633,3
7230,9,31,53,23,-16.014655893145633,8
7231,78,20,17,14,-16.015157348621404,6
7232,5,18,41,12,-16.050377082501452,6
7233,112,15,71,11,-16.116875921028463,4
7234,46,13,98,9,-16.12835125202737,4
7235,80,12,34,10,-16.269229317512288,2
7236,33,16,65,12,-16.286121361101067,4
7237,14,12,25,10,-16.337614979675553,2
7238,2,19,104,13,-16.352388003055772,6
7239,83,13,27,11,-16.368092522641103,2
7240,43,11,110,8,-16.376498956572302,3
7241,40,10,29,8,-16.378294184390825,2
7242,63,14,14,10,-16.386711509096077,4
7243,85,12,87,9,-16.42827150885829,3
7244,39,19,99,15,-16.42872930905631,4
7245,37,11,19,9,-16.4401797639671,2
7246,64,12,74,8,-16.440953543226588,4
7247,55,15,14,12,-16.464885141480416,3
7248,31,46,16,34,-16.494251500601976,12
7249,61,10,34,9,-16.513382683902012,1
7250,64,10,66,8,-16.526342406123636,2
7251,79,12,17,9,-16.52858758988839,3
7252,68,22,95,18,-16.55020486315604,4
7253,36,10,101,8,-16.627946704419486,2
7254,94,13,48,10,-16.653883625052597,3
7255,57,19,29,15,-16.66675592290365,4
7256,69,23,53,17,-16.676579450904736,6
7257,112,28,78,21,-16.67914983172849,7
7258,71,15,95,10,-16.726754189945986,5
7259,83,13,23,10,-16.74470008954982,3
7260,37,15,15,12,-16.78479129694742,3
7261,13,21,80,14,-16.79628268985909,7
7262,10,12,37,8,-16.87706142806293,4
7263,10,12,13,9,-16.892767460419815,3
7264,41,10,22,8,-16.895138763704843,2
7265,46,12,43,9,-16.90387334173946,3
7266,112,19,20,15,-16.964936240764278,4
7267,31,10,38,6,-16.97274158238423,4
7268,102,11,48,9,-16.984312347736424,2
7269,37,13,73,9,-17.03246334806977,4
7270,72,10,94,7,-17.034849598961298,3
7271,1,14,18,11,-17.058153705270215,3
7272,9,29,27,21,-17.072056537621446,8
7273,46,15,18,12,-17.114833090306377,3
7274,2,11,60,8,-17.116843000088547,3
7275,29,28,88,21,-17.15439200584212,7
7276,5,22,27,16,-17.186967099907655,6
7277,106,10,35,7,-17.31905115685177,3
7278,109,11,108,8,-17.40163308376229,3
7279,35,10,60,7,-17.418126947264813,3
7280,83,11,110,9,-17.575104905290953,2
7281,60,18,102,13,-17.60770484195146,5
7282,67,10,20,8,-17.672455088050597,2
7283,3,11,5,7,-17.694163901939536,4
7284,68,12,90,9,-17.719685937760907,3
7285,55,12,44,9,-17.771847163193577,3
7286,15,10,85,8,-17.788004047228643,2
7287,5,18,30,15,-17.810533055025342,3
7288,35,13,48,10,-17.821530991658577,3
7289,88,17,32,13,-17.824594134673823,4
7290,114,11,111,8,-17.846918134233796,3
7291,41,10,35,7,-17.84884882348167,3
7292,30,15,95,11,-17.919901608832802,4
7293,76,21,54,16,-18.08934803214948,5
7294,54,10,67,8,-18.121548101252504,2
7295,12,14,55,11,-18.17466355866916,3
7296,31,15,106,11,-18.52908676481623,4
7297,12,10,45,8,-18.65380711999512,2
7298,57,16,112,12,-18.74164060463068,4
7299,28,17,99,13,-18.75458480836917,4
7300,51,24,90,19,-18.757035278464734,5
7301,38,17,87,13,-18.77101464064772,4
7302,102,12,27,10,-18.772173343475483,2
7303,33,20,55,16,-18.82593244000092,4
7304,97,12,34,9,-18.83120290818016,3
7305,35,18,87,13,-18.85615081602237,5
7306,4,13,98,11,-18.93649850914462,2
7307,81,10,72,7,-19.02372529890775,3
7308,106,10,92,8,-19.04169077246869,2
7309,62,13,34,10,-19.217276142512915,3
7310,18,14,99,11,-19.290873438644518,3
7311,36,19,30,17,-19.305297671687285,2
7312,29,11,114,8,-19.42881288570476,3
7313,6,11,30,9,-19.605882514870544,2
7314,29,11,80,9,-19.670803114551138,2
7315,5,11,64,9,-19.69819687485363,2
7316,31,11,15,8,-19.73878794252568,3
7317,32,12,95,10,-19.760326388824463,2
7318,106,12,89,8,-19.849086778440608,4
7319,97,13,73,9,-19.966763707753138,4
7320,54,17,4,15,-19.99443539185139,2
7321,84,12,7,10,-20.16090095994254,2
7322,68,38,112,30,-20.16144061217486,8
7323,103,10,75,9,-20.24199150509897,1
7324,76,11,77,9,-20.31386830444331,2
7325,12,10,26,8,-20.37973185640995,2
7326,10,11,30,9,-20.38962047667116,2
7327,94,23,81,17,-20.517798479805748,6
7328,95,10,3,8,-20.57885087785416,2
7329,77,10,34,9,-20.670327392487728,1
7330,43,15,81,12,-20.85146634920972,3
7331,3,19,48,15,-21.016851628505158,4
7332,10,14,112,11,-21.021770709139744,3
7333,33,12,100,10,-21.028397065514312,2
7334,10,16,51,13,-21.051824036569297,3
7335,112,16,80,12,-21.108795407964617,4
7336,31,11,76,10,-21.157211826935978,1
7337,51,11,101,9,-21.226620175614496,2
7338,3,18,75,15,-21.417290354619,3
7339,4,13,25,11,-21.420042602463127,2
7340,4,15,41,10,-21.48059017391386,5
7341,31,12,62,9,-21.79094106777599,3
7342,97,12,91,10,-22.175648770183784,2
7343,1,10,3,8,-22.670516239418713,2
7344,91,18,104,17,-22.937436859705542,1
7345,8,11,4,10,-23.17790508365148,1
7346,34,12,64,10,-23.334461135762385,2
7347,18,10,109,8,-23.367244254269075,2
7348,43,11,76,10,-23.388286786781247,1
7349,57,15,26,12,-23.48286717628824,3
7350,77,19,75,16,-23.52836570307736,3
7351,53,10,74,8,-24.36471273024663,2
7352,42,11,104,10,-24.55480599508646,1
7353,23,14,90,12,-25.1914979759845,2
7354,38,15,55,13,-25.19286181976179,2
7355,106,10,49,9,-25.68163240192886,1
7356,38,10,69,9,-27.69592076147955,1
7357,61,10,98,10,-28.32332956610249,0
7358,102,18,112,16,-28.496084585485107,2
7359,90,10,109,10,-29.2714816942141,0
7360,37,11,44,11,-29.88349889925713,0
7361,81,10,17,10,-31.104140358623045,0
