,againstHero,games,hero,losses,shift,wins
0,112,13,102,1,30.235515349155598,12
1,44,11,37,0,29.883498899257123,11
2,90,13,23,1,28.3624814299098,12
3,26,12,57,2,24.80508950345583,10
4,104,10,42,1,24.354495184164943,9
5,75,16,3,2,24.194103806582213,14
6,34,11,97,2,24.058676404388496,9
7,112,12,57,2,24.05133711856007,10
8,12,11,109,1,23.647352995961203,10
9,75,18,77,3,23.52036406952528,15
10,4,11,8,1,23.177905083651492,10
11,80,14,112,3,22.742433885358178,11
12,62,13,94,2,22.46818171411113,11
13,72,11,29,2,22.46436156322263,9
14,29,12,57,2,22.398372618819636,10
15,91,12,97,2,22.175648770183788,10
16,78,13,48,2,22.13337912583355,11
17,62,12,31,3,21.79094106777599,9
18,41,15,4,5,21.480590173913868,10
19,25,13,4,2,21.42004260246313,11
20,2,16,51,4,21.322170492802822,12
21,104,16,91,1,21.319718278752113,15
22,112,13,10,3,21.23417972341476,10
23,110,10,43,2,21.055981543018305,8
24,55,11,38,2,20.87506721402826,9
25,90,11,68,2,20.787956198015944,9
26,17,11,79,2,20.721013165555437,9
27,55,12,19,3,20.602645773872627,9
28,48,11,35,2,20.438098241934792,9
29,27,14,69,3,20.342887062572174,11
30,51,15,10,3,20.332726180509006,12
31,7,11,84,2,20.072751797902637,9
32,73,13,97,4,19.966763707753135,9
33,65,15,33,3,19.770112976636934,12
34,114,11,108,3,19.76837565181859,8
35,95,12,32,2,19.760326388824463,10
36,15,11,31,3,19.73878794252568,8
37,64,11,5,2,19.698196874853632,9
38,101,10,51,2,19.538804927619935,8
39,30,19,3,3,19.465469390037732,16
40,30,19,36,2,19.30529767168729,17
41,99,14,18,3,19.290873438644514,11
42,4,16,54,2,19.2440876038421,14
43,100,10,2,3,19.14350422886928,7
44,90,21,51,4,19.126466143985912,17
45,45,12,43,3,19.04326521517843,9
46,92,10,106,2,19.041690772468705,8
47,34,14,57,3,19.030226565348475,11
48,30,10,6,2,19.02037640213381,8
49,89,11,106,4,18.95338953455919,7
50,98,13,4,2,18.936498509144613,11
51,2,10,11,2,18.923084797888755,8
52,99,17,28,4,18.754584808369174,13
53,81,21,94,6,18.725748202085743,15
54,50,15,68,4,18.68712791744929,11
55,106,15,31,4,18.52908676481624,11
56,48,15,9,3,18.472872872736897,12
57,49,14,81,4,18.46786281015852,10
58,5,10,18,2,18.464269170029823,8
59,112,33,68,7,18.359935763708748,26
60,47,11,3,2,18.331139378820787,9
61,81,12,43,3,18.327617727929386,9
62,48,14,3,4,18.311015885629928,10
63,75,10,79,2,18.18520074819613,8
64,90,28,28,6,18.060877876686437,22
65,55,18,33,4,17.969879843551904,14
66,27,27,9,7,17.966510174027185,20
67,95,15,30,4,17.919901608832813,11
68,13,11,22,2,17.88490511828995,9
69,35,10,41,3,17.84884882348167,7
70,111,11,114,3,17.846918134233796,8
71,32,17,88,4,17.82459413467382,13
72,30,18,5,3,17.81053305502534,15
73,44,12,55,3,17.77184716319356,9
74,41,17,12,4,17.739976133662115,13
75,5,11,3,4,17.694163901939547,7
76,20,10,67,2,17.6724550880506,8
77,110,11,83,2,17.575104905290946,9
78,76,11,79,2,17.53144635448245,9
79,23,14,18,4,17.468338798211544,10
80,60,10,35,3,17.41812694726481,7
81,86,21,58,5,17.41327003256676,16
82,78,25,112,6,17.347844978089675,19
83,45,10,39,3,17.32115834390289,7
84,35,10,106,3,17.319051156851785,7
85,60,13,20,3,17.267904745312975,10
86,103,17,68,4,17.20559237408801,13
87,27,22,5,6,17.18696709990766,16
88,78,11,104,2,17.176382878160833,9
89,60,11,2,3,17.11684300008854,8
90,30,16,43,3,17.116460431238483,13
91,80,17,13,5,17.063751983939074,12
92,18,14,1,3,17.058153705270225,11
93,48,11,70,3,17.04295857723929,8
94,16,21,77,5,17.024944841886622,16
95,43,11,46,3,16.991693442801246,8
96,38,10,31,4,16.97274158238424,6
97,20,19,112,4,16.964936240764274,15
98,13,12,10,3,16.892767460419815,9
99,38,14,97,3,16.838290194315167,11
100,1,10,76,3,16.815372977495876,7
101,23,13,83,3,16.744700089549806,10
102,95,15,71,5,16.72675418994599,10
103,15,10,41,2,16.66572103031544,8
104,101,10,36,2,16.6279467044195,8
105,95,22,68,4,16.550204863156036,18
106,66,10,64,2,16.526342406123636,8
107,80,17,88,5,16.47753804603461,12
108,14,15,55,3,16.464885141480416,12
109,15,14,109,3,16.44720740462248,11
110,11,25,25,5,16.429746187224733,20
111,61,16,7,5,16.42696802044795,11
112,30,12,79,3,16.40518046559389,9
113,29,10,40,2,16.378294184390825,8
114,39,11,103,3,16.363930115890852,8
115,43,14,77,4,16.318985637418912,10
116,29,11,48,3,16.309090813580138,8
117,34,12,80,2,16.269229317512288,10
118,100,36,65,8,16.253000474365038,28
119,53,21,69,6,16.247322250303586,15
120,9,11,94,4,16.19235347544644,7
121,43,10,102,3,16.154622115934178,7
122,71,15,112,4,16.116875921028473,11
123,8,20,77,5,16.11157045463716,15
124,29,17,68,4,16.103821283507283,13
125,41,18,5,6,16.05037708250146,12
126,69,14,18,4,16.026981492760473,10
127,14,13,63,4,15.961958621197992,9
128,80,13,70,2,15.901333417895936,11
129,78,11,94,3,15.897813923810597,8
130,76,15,78,3,15.894717375232737,12
131,53,30,9,8,15.894615033798411,22
132,43,12,28,4,15.894105628705272,8
133,85,12,94,3,15.872945827108664,9
134,19,10,81,2,15.857835232981126,8
135,99,18,39,4,15.84878961626863,14
136,16,45,31,12,15.837412153743443,33
137,95,22,17,5,15.80262158037718,17
138,75,12,12,4,15.785867542761377,8
139,30,11,93,3,15.777207362300766,8
140,75,10,35,2,15.755761764469415,8
141,7,20,57,7,15.746440629237663,13
142,93,16,96,4,15.733194627661211,12
143,37,14,77,4,15.73169378416834,10
144,80,12,35,3,15.72406211872363,9
145,75,13,80,3,15.718052052365534,10
146,8,13,1,3,15.702434313684373,10
147,62,13,57,3,15.691350952781894,10
148,87,13,35,4,15.683184050777024,9
149,14,12,97,2,15.664913845649806,10
150,29,10,102,2,15.661987008438144,8
151,65,23,58,7,15.653154983328356,16
152,100,13,81,4,15.62463744777736,9
153,90,13,97,4,15.621888085765939,9
154,106,11,85,3,15.60573196351404,8
155,4,14,45,4,15.600891470448106,10
156,27,22,109,7,15.5648042036252,15
157,23,20,5,5,15.563915929412016,15
158,104,12,31,4,15.561592201078605,8
159,108,12,11,3,15.551347739122177,9
160,25,11,14,2,15.536643242754739,9
161,37,11,10,4,15.516949569025604,7
162,64,20,104,5,15.515264160119225,15
163,104,18,2,6,15.503443707499333,12
164,69,15,31,5,15.502962092044205,10
165,112,22,84,6,15.486639525748984,16
166,74,12,103,3,15.463990000688314,9
167,73,25,107,8,15.460672720698525,17
168,49,14,25,4,15.43786379260084,10
169,98,12,46,4,15.381140721878971,8
170,84,27,3,9,15.37291614514667,18
171,76,19,49,5,15.351797945480762,14
172,41,29,9,8,15.33957702800506,21
173,41,15,84,4,15.33074063826509,11
174,61,15,68,4,15.24709195978541,11
175,55,12,47,4,15.214446673688142,8
176,111,10,69,3,15.0816233253005,7
177,72,13,3,4,15.071268742232347,9
178,20,16,3,4,15.064164302270505,12
179,45,19,51,5,15.06403272485712,14
180,19,19,107,4,15.029126899987759,15
181,25,18,99,5,15.014737107768298,13
182,30,23,63,7,15.01189424697507,16
183,45,10,75,2,15.003649946946844,8
184,98,11,77,3,14.971497492381289,8
185,78,12,50,3,14.944947384143589,9
186,55,10,112,2,14.907032679929213,8
187,93,13,46,3,14.890756855873015,10
188,2,11,39,3,14.867970478981071,8
189,110,12,28,4,14.860268273313302,8
190,87,13,38,4,14.859584047072822,9
191,55,17,43,3,14.81915638406445,14
192,15,13,76,4,14.81353391108204,9
193,75,36,54,11,14.806584486593527,25
194,78,12,47,4,14.759178311128261,8
195,16,19,83,5,14.75207545610471,14
196,32,14,106,3,14.741977351969275,11
197,100,10,31,3,14.730848989291463,7
198,114,19,83,5,14.712530964906872,14
199,15,13,69,3,14.675971701381801,10
200,104,14,79,5,14.675854986425783,9
201,30,30,13,10,14.642688145497718,20
202,88,22,29,6,14.584788845308772,16
203,50,12,99,4,14.581629542155014,8
204,80,19,50,4,14.554439051919097,15
205,108,11,9,4,14.533752266696009,7
206,73,12,37,4,14.533349572792922,8
207,13,12,2,4,14.516038794033767,8
208,34,12,25,3,14.468789684868277,9
209,73,10,2,3,14.457830254043136,7
210,63,13,35,4,14.450412261730216,9
211,44,12,5,3,14.447481002517355,9
212,97,13,35,3,14.444551731599502,10
213,80,11,14,4,14.435345395194508,7
214,108,26,70,7,14.42739364927628,19
215,40,10,83,2,14.347262135245902,8
216,7,27,77,8,14.33556677589385,19
217,80,37,63,10,14.322048676220186,27
218,26,25,86,6,14.322036756570222,19
219,108,10,112,3,14.316449946299116,7
220,31,12,57,4,14.310689026630849,8
221,47,15,112,5,14.309777431810545,10
222,46,11,102,3,14.30749471315205,8
223,34,12,37,3,14.30057126443514,9
224,102,15,60,5,14.297767291892317,10
225,94,15,57,5,14.275884291420272,10
226,109,12,98,3,14.23012267632687,9
227,109,12,29,5,14.210385237381102,7
228,72,10,75,3,14.207053385683187,7
229,41,11,80,3,14.18671629223256,8
230,100,24,68,8,14.159185579744227,16
231,40,29,77,8,14.048771071022596,21
232,69,11,91,4,13.993001551531528,7
233,111,12,75,4,13.972281809419963,8
234,100,16,57,5,13.968005062174331,11
235,69,11,8,3,13.967704360915697,8
236,40,24,71,7,13.948125771645659,17
237,91,11,109,3,13.946188604720339,8
238,75,19,69,5,13.942304484906579,14
239,37,11,112,3,13.937736127059294,8
240,54,17,76,5,13.892444764564262,12
241,53,19,50,6,13.883151416746285,13
242,34,14,104,4,13.86429846409272,10
243,100,16,77,5,13.809364710866419,11
244,98,17,31,6,13.805084918983171,11
245,13,74,31,23,13.800549608099516,51
246,97,11,112,2,13.794615799527321,9
247,98,13,75,4,13.771823974459998,9
248,64,14,29,3,13.760527067457476,11
249,77,17,50,4,13.753479149012175,13
250,95,37,88,11,13.752013257016605,26
251,97,10,27,4,13.735152835550483,6
252,63,14,33,4,13.733555706081617,10
253,39,19,94,5,13.727828539081456,14
254,63,25,31,7,13.714594813504092,18
255,63,22,3,5,13.713969327820672,17
256,104,14,44,4,13.703910249073422,10
257,47,12,49,3,13.687802461931255,9
258,92,16,86,5,13.67676060817369,11
259,109,11,103,4,13.675879641836712,7
260,49,11,18,3,13.655065375637422,8
261,38,10,3,3,13.612373842695769,7
262,15,10,74,3,13.569326307429137,7
263,76,12,91,3,13.563460914482881,9
264,7,11,66,4,13.514093541012448,7
265,1,10,57,3,13.498323659072742,7
266,48,28,54,9,13.475788580607775,19
267,36,15,35,4,13.440272285829963,11
268,17,14,27,5,13.439086650659679,9
269,43,19,53,5,13.438033142991653,14
270,23,15,45,4,13.436468047997268,11
271,25,12,32,5,13.427877456338663,7
272,75,15,53,5,13.423496737137006,10
273,91,11,112,3,13.423237527272482,8
274,30,14,41,5,13.415502729875797,9
275,78,12,62,4,13.384381985957924,8
276,104,12,35,4,13.369677424437178,8
277,55,11,32,4,13.36363963009391,7
278,34,15,20,4,13.349753634163106,11
279,18,12,46,3,13.322032493347338,9
280,47,16,18,4,13.317575135316673,12
281,50,17,46,6,13.310329365776974,11
282,72,11,23,3,13.303468387767726,8
283,64,19,106,6,13.295192075566398,13
284,62,11,15,3,13.282812708529589,8
285,7,12,99,4,13.274517260788409,8
286,102,31,5,10,13.269431869962297,21
287,95,23,11,6,13.26328800508424,17
288,15,12,112,4,13.25658340349479,8
289,11,39,96,12,13.25258237771624,27
290,8,16,41,4,13.244566662838952,12
291,36,18,54,6,13.217744798273172,12
292,15,12,37,3,13.204885577431204,9
293,76,14,19,4,13.190869862531446,10
294,11,22,70,6,13.174919150937761,16
295,95,28,37,7,13.149042342745604,21
296,27,11,83,2,13.13409712509482,9
297,83,10,70,4,13.118339150755117,6
298,20,13,29,4,13.110983115625555,9
299,98,12,88,3,13.09482237083463,9
300,30,17,94,5,13.089577486769187,12
301,114,13,12,5,13.087005723325442,8
302,84,11,108,3,13.07106461175519,8
303,80,11,30,3,13.03236389442298,8
304,81,12,27,4,12.95680425645175,8
305,91,29,60,10,12.952631394075715,19
306,79,20,87,5,12.924731468288163,15
307,60,14,48,4,12.898116343169704,10
308,74,20,62,6,12.893098863947467,14
309,107,18,103,5,12.891833025895632,13
310,2,21,65,5,12.890027578518202,16
311,38,13,112,3,12.849363497429499,10
312,51,15,19,4,12.82883012805704,11
313,63,11,19,3,12.824791428015688,8
314,72,13,65,4,12.763932802345758,9
315,15,26,9,10,12.761140725080763,16
316,54,12,81,4,12.757047966098476,8
317,95,10,36,3,12.746346244298937,7
318,114,27,109,7,12.737377288037612,20
319,33,14,106,4,12.736963404825662,10
320,46,24,106,9,12.725492516069492,15
321,98,12,48,3,12.72400980532305,9
322,51,28,81,10,12.712212556453917,18
323,111,16,88,4,12.710530076381987,12
324,94,16,51,5,12.706520988924813,11
325,48,15,5,4,12.675358072710548,11
326,57,27,5,8,12.572003913811171,19
327,41,18,71,5,12.55777326700885,13
328,27,21,103,7,12.54168110704352,14
329,98,27,87,8,12.540784384215351,19
330,75,27,5,10,12.535083552437033,17
331,55,12,103,3,12.517980336309982,9
332,80,10,49,4,12.50914199523895,6
333,64,15,92,7,12.492372460791035,8
334,87,30,114,11,12.486821931566258,19
335,18,14,37,4,12.43883359344357,10
336,36,17,50,7,12.423703215189779,10
337,104,39,46,13,12.353574327141933,26
338,67,12,97,3,12.35346782744064,9
339,34,14,60,4,12.336414692805564,10
340,49,23,104,7,12.322985298305156,16
341,47,24,60,7,12.306617941323184,17
342,75,14,57,4,12.306540056833526,10
343,98,29,96,9,12.301665445316493,20
344,17,17,78,6,12.267827102574515,11
345,39,16,85,6,12.259649528892556,10
346,32,10,39,3,12.25900875776762,7
347,71,11,84,3,12.255989147154674,8
348,74,22,60,8,12.230302476711508,14
349,75,19,43,5,12.224767647713705,14
350,43,14,9,5,12.224469441855378,9
351,78,11,106,3,12.210243252742755,8
352,7,18,76,7,12.19661731578168,11
353,11,35,84,11,12.189911906563859,24
354,109,18,39,5,12.189314131019263,13
355,65,19,57,6,12.17988690463077,13
356,107,21,99,7,12.174640608684571,14
357,78,10,103,2,12.172315771013803,8
358,2,22,70,8,12.153236389251056,14
359,19,11,31,3,12.140248760143196,8
360,92,12,63,5,12.136993324985582,7
361,104,27,27,8,12.126412179297137,19
362,100,20,103,7,12.125000771463826,13
363,15,10,4,4,12.1242208434208,6
364,34,12,70,4,12.123530804367727,8
365,8,11,35,3,12.093356369533685,8
366,63,12,72,3,12.08999686228347,9
367,48,14,51,6,12.085273704347411,8
368,108,17,39,6,12.085170572248146,11
369,15,18,11,6,12.07291111577583,12
370,30,18,91,5,12.061464887561753,13
371,16,35,94,10,12.057575200604028,25
372,76,14,57,4,12.056778783520572,10
373,1,18,63,7,12.054495717242014,11
374,72,11,103,4,12.053967326038586,7
375,1,12,104,4,12.020108292717422,8
376,102,18,55,6,11.983866194974436,12
377,37,16,60,6,11.9668638856867,10
378,50,11,72,3,11.966306538639385,8
379,104,14,81,6,11.956844186421009,8
380,53,10,54,3,11.951994898142782,7
381,95,27,18,9,11.951490678023532,18
382,87,23,81,9,11.941246314090842,14
383,114,46,65,16,11.938229846486395,30
384,90,18,104,6,11.89837391797068,12
385,111,22,41,8,11.859477089655313,14
386,74,34,28,11,11.834419909257846,23
387,13,23,29,8,11.832910968358506,15
388,78,10,37,3,11.831707242150298,7
389,63,47,28,14,11.8288664237163,33
390,74,10,64,4,11.828764368523546,6
391,28,16,111,5,11.82030122340792,11
392,83,10,17,4,11.812775268760372,6
393,53,10,91,3,11.811611902058761,7
394,8,11,108,3,11.805411430354427,8
395,8,21,40,6,11.791921402372775,15
396,44,10,54,3,11.791894285038754,7
397,19,10,102,2,11.787844411233353,8
398,91,12,65,4,11.784658313781675,8
399,17,18,109,6,11.781743441013703,12
400,112,10,62,3,11.78047192200998,7
401,55,37,1,11,11.76903355576794,26
402,91,13,96,4,11.692854193124042,9
403,34,23,28,7,11.682170467841415,16
404,21,10,88,3,11.677382922456276,7
405,93,11,104,4,11.670878710804793,7
406,100,12,40,4,11.638460148115906,8
407,90,15,39,5,11.57797650142359,10
408,78,13,20,4,11.577779141148348,9
409,33,15,50,5,11.568332857311571,10
410,36,16,104,6,11.564722196156039,10
411,111,10,71,3,11.563837134119533,7
412,50,10,29,3,11.556789279617938,7
413,74,15,76,6,11.544600382799558,9
414,100,21,3,7,11.544473946230939,14
415,7,15,81,6,11.525413070422038,9
416,30,18,11,6,11.50767296909725,12
417,53,19,3,6,11.503790428420068,13
418,11,15,18,5,11.49652383906797,10
419,85,16,50,5,11.432524505459874,11
420,114,39,106,13,11.417874917507987,26
421,13,76,88,24,11.408220138823303,52
422,29,10,95,3,11.401888238693152,7
423,4,11,38,3,11.395009854616484,8
424,107,14,10,5,11.38119632500004,9
425,28,22,112,7,11.372427658976592,15
426,104,21,71,8,11.370166649530528,13
427,104,30,77,10,11.335858846829385,20
428,64,12,20,3,11.33130846260478,9
429,28,19,72,6,11.306329036701383,13
430,7,25,96,7,11.300422106484014,18
431,80,10,5,3,11.295210617596885,7
432,80,20,51,7,11.284900357531916,13
433,111,11,27,3,11.279710088837586,8
434,2,14,55,5,11.276816159574059,9
435,75,52,7,17,11.274663385996204,35
436,28,10,103,3,11.258889995972657,7
437,41,17,49,6,11.250959668562885,11
438,87,29,70,11,11.250414739740135,18
439,107,16,83,5,11.249585120390279,11
440,57,11,2,4,11.249464824655767,7
441,40,13,81,4,11.249205674756393,9
442,95,28,51,8,11.244919045567018,20
443,75,17,109,5,11.242273446455997,12
444,25,25,68,8,11.235607083018873,17
445,46,20,96,8,11.223825219116966,12
446,75,36,8,11,11.220741251540183,25
447,73,13,51,4,11.219804453521853,9
448,98,18,106,6,11.217270403208776,12
449,25,15,3,5,11.214634960222732,10
450,100,12,46,4,11.210309669403356,8
451,89,11,1,4,11.209011069389932,7
452,64,18,37,6,11.185324034227655,12
453,43,16,4,6,11.162760468553993,10
454,78,13,1,4,11.156578268103178,9
455,15,27,51,10,11.15081768434728,17
456,75,16,38,4,11.14383618558865,12
457,43,16,91,5,11.128114127049443,11
458,46,15,70,5,11.123543654837002,10
459,74,13,32,4,11.101664191982366,9
460,62,15,104,4,11.098747349135207,11
461,78,13,80,4,11.097915766170063,9
462,72,19,68,6,11.097101410094707,13
463,62,20,63,7,11.090581145313461,13
464,34,11,3,4,11.0863686502855,7
465,99,11,11,4,11.04788337752713,7
466,32,12,114,4,11.045874107216177,8
467,16,17,32,6,11.04556139119038,11
468,53,41,88,13,11.023031682203495,28
469,41,14,92,5,11.016394202336144,9
470,15,13,71,4,11.00914391321026,9
471,40,26,3,8,11.00717769248795,18
472,56,13,107,5,11.000292497508868,8
473,51,20,110,6,11.000148170458745,14
474,112,12,30,3,10.999416558177831,9
475,70,24,57,10,10.99751468090858,14
476,50,37,88,13,10.986958086725295,24
477,13,25,97,9,10.985857531237675,16
478,109,13,77,5,10.978972624995869,8
479,60,27,29,10,10.948947669457832,17
480,78,18,49,7,10.943971080345957,11
481,78,12,46,5,10.933012123848135,7
482,39,20,78,7,10.924313585498918,13
483,49,25,69,9,10.919230412296734,16
484,73,17,5,6,10.907383059794872,11
485,102,10,35,4,10.903207987031468,6
486,63,20,69,6,10.901230458210245,14
487,104,10,94,3,10.89001789096002,7
488,71,16,77,5,10.872072685026803,11
489,37,46,54,15,10.870093974692763,31
490,49,14,112,5,10.834140299620774,9
491,30,11,2,4,10.820419515250846,7
492,106,17,81,7,10.816681182916202,10
493,30,19,77,6,10.794678869374387,13
494,55,25,91,7,10.791612827626562,18
495,59,11,7,3,10.771239818059199,8
496,34,18,87,6,10.764160959682634,12
497,53,23,108,9,10.749834986479383,14
498,30,49,65,16,10.739489474599056,33
499,13,45,18,16,10.738363532449275,29
500,79,13,57,5,10.731445030362657,8
501,102,34,86,11,10.728880375380328,23
502,18,41,39,13,10.727251536194172,28
503,53,22,17,7,10.72338378113649,15
504,54,11,111,3,10.714143810197228,8
505,43,13,36,5,10.713552025008548,8
506,51,25,74,7,10.704030149650722,18
507,72,18,51,7,10.698308878498631,11
508,75,13,76,5,10.684711333832391,8
509,38,12,57,5,10.682623087511102,7
510,20,21,9,7,10.676297323703045,14
511,5,25,98,9,10.66291868554062,16
512,3,11,35,4,10.637414854102067,7
513,98,18,71,6,10.627953776602759,12
514,16,12,101,4,10.622717697482882,8
515,48,14,108,4,10.620930026885901,10
516,29,24,19,8,10.613605595781278,16
517,7,31,91,9,10.609100286101588,22
518,26,10,28,3,10.592168464369761,7
519,104,26,75,9,10.57435391669422,17
520,95,15,9,6,10.569002592922953,9
521,71,19,54,7,10.563773271372229,12
522,28,17,40,7,10.551622113062637,10
523,50,39,20,13,10.540260354284218,26
524,76,13,108,4,10.539317855686345,9
525,41,16,17,5,10.533333329606137,11
526,100,19,11,7,10.53147657018387,12
527,71,19,97,6,10.5235339621969,13
528,27,27,36,10,10.523349599331352,17
529,89,14,37,6,10.519274673853001,8
530,86,32,48,11,10.510093191570517,21
531,64,27,9,8,10.495957554452968,19
532,62,10,48,4,10.487894133335649,6
533,1,14,12,5,10.484834370954633,9
534,75,14,102,4,10.47886729381523,10
535,13,37,3,11,10.475725476767076,26
536,6,10,31,4,10.459894630543896,6
537,58,23,69,9,10.458248548468928,14
538,44,16,39,6,10.434810009571377,10
539,95,19,114,7,10.422604339796184,12
540,110,11,7,5,10.422576579231729,6
541,106,16,93,6,10.37915501513517,10
542,58,22,13,6,10.376707299675894,16
543,9,12,12,4,10.366855545040103,8
544,94,10,7,3,10.355621654064773,7
545,53,16,77,6,10.347606271977277,10
546,40,16,102,6,10.346146758066935,10
547,37,13,1,5,10.342164269053148,8
548,9,15,19,5,10.341402019858231,10
549,7,24,19,7,10.325778739734247,17
550,109,37,8,14,10.324259200884013,23
551,54,19,43,7,10.322637569623126,12
552,107,29,31,13,10.30345756995746,16
553,78,15,29,5,10.294109375300296,10
554,45,23,107,8,10.289536165233189,15
555,60,24,112,8,10.282975838759185,16
556,3,16,112,6,10.266087173795974,10
557,67,16,106,6,10.252161434234207,10
558,102,10,34,3,10.243648784994052,7
559,104,27,11,9,10.241615042073931,18
560,16,44,18,14,10.239548895772598,30
561,94,13,49,4,10.229899104632532,9
562,28,27,68,8,10.229548768409218,19
563,63,35,91,11,10.225389928816243,24
564,16,13,67,4,10.22452344209527,9
565,37,18,27,6,10.22264940768202,12
566,48,34,107,12,10.215321385754661,22
567,30,17,31,7,10.214096274935343,10
568,10,14,28,4,10.207926130943799,10
569,11,36,37,12,10.20717474941383,24
570,91,24,39,8,10.206322081312438,16
571,114,16,57,5,10.202940786046575,11
572,48,24,96,8,10.200121519345739,16
573,98,15,2,6,10.198603389321667,9
574,71,13,33,4,10.195530501937561,9
575,97,41,37,14,10.190687502541845,27
576,76,25,35,9,10.177855774517552,16
577,6,12,9,5,10.175309866966636,7
578,75,19,100,8,10.163448061532286,11
579,63,20,77,6,10.162788456093287,14
580,92,16,68,5,10.14730683848729,11
581,96,11,23,4,10.143008283174426,7
582,11,27,57,11,10.138371218730727,16
583,53,37,31,14,10.136338371296793,23
584,92,10,109,3,10.132066653367776,7
585,78,12,114,5,10.123963867745248,7
586,50,20,102,8,10.118106239071224,12
587,53,36,36,11,10.114732824687987,25
588,89,11,74,4,10.093150392265771,7
589,64,45,60,14,10.09108059388622,31
590,23,17,17,6,10.090670558592322,11
591,100,27,54,9,10.085638363780191,18
592,79,12,106,4,10.079963228120917,8
593,40,16,49,6,10.077718304922938,10
594,13,12,79,4,10.072956753420838,8
595,13,23,83,8,10.067954696106945,15
596,15,15,55,4,10.062256659545504,11
597,78,34,51,14,10.05483354011128,20
598,44,10,38,3,10.048373138060269,7
599,62,17,3,6,10.03808009687966,11
600,110,13,107,4,10.03472132274693,9
601,98,19,29,6,10.031731367912892,13
602,95,25,65,9,9.987438820754939,16
603,34,12,49,4,9.986729362525375,8
604,15,35,88,10,9.97900036191667,25
605,73,18,88,6,9.974203425238965,12
606,58,16,39,5,9.963281955136992,11
607,63,45,88,14,9.955054334971098,31
608,23,14,77,5,9.948007056333925,9
609,38,25,65,10,9.938323564506913,15
610,100,15,29,6,9.933406636525953,9
611,75,15,29,6,9.923300198268764,9
612,95,10,2,3,9.920312629990502,7
613,63,50,84,19,9.919938234846502,31
614,107,21,102,8,9.900916609628295,13
615,11,14,83,4,9.89615191909491,10
616,100,11,38,3,9.89382268344099,8
617,110,20,16,7,9.893450419413208,13
618,2,17,54,5,9.883928701627934,12
619,100,17,102,5,9.88194051349157,12
620,49,13,37,5,9.87740902492493,8
621,86,16,67,6,9.87443210558644,10
622,17,15,71,6,9.874078720771614,9
623,75,17,1,5,9.87310906944801,12
624,53,10,98,4,9.839111782848335,6
625,16,12,10,4,9.837247209773244,8
626,9,17,47,6,9.833363334347146,11
627,11,17,9,6,9.83179351941753,11
628,108,28,13,9,9.830768074168214,19
629,69,19,57,6,9.830512940143304,13
630,54,13,57,3,9.824315369895016,10
631,16,13,92,3,9.821906376974377,10
632,40,24,17,8,9.815776001763279,16
633,29,13,93,5,9.815241351279962,8
634,62,10,93,4,9.798162399200404,6
635,63,11,61,3,9.795863144147216,8
636,39,12,72,4,9.790035400948009,8
637,37,24,83,9,9.783726366978417,15
638,13,46,43,19,9.779544155099423,27
639,54,17,58,7,9.778768856735097,10
640,41,16,3,4,9.770770444394438,12
641,30,12,52,4,9.763146241314214,8
642,63,35,48,12,9.759297495682487,23
643,30,41,39,15,9.757589925719179,26
644,86,21,52,7,9.734029946764755,14
645,89,13,16,5,9.733195931265595,8
646,43,19,31,10,9.720852773553682,9
647,75,18,11,7,9.71088785220573,11
648,64,14,19,4,9.690080014182922,10
649,30,22,64,8,9.674793623640712,14
650,51,22,33,6,9.669509126977042,16
651,34,15,51,5,9.661953358650635,10
652,100,12,71,4,9.66068752031631,8
653,34,12,43,4,9.658400280037357,8
654,111,16,63,6,9.656549842780759,10
655,22,10,114,5,9.649313306364819,5
656,41,23,53,8,9.631953807885303,15
657,70,17,109,6,9.623350653501726,11
658,40,12,19,4,9.612489725967157,8
659,99,14,8,6,9.61106559286031,8
660,83,18,84,7,9.609473734372159,11
661,8,13,53,4,9.596286006275326,9
662,64,27,112,8,9.595012833071515,19
663,80,14,39,5,9.589468521855673,9
664,13,29,94,10,9.588851003454677,19
665,73,20,7,8,9.582485903794176,12
666,27,28,31,12,9.569633624787398,16
667,15,10,102,3,9.548494607637116,7
668,106,13,108,4,9.535201707134298,9
669,1,22,31,9,9.525804060927038,13
670,20,32,25,11,9.520523686179052,21
671,18,27,9,9,9.520249042639604,18
672,81,21,16,7,9.51961130701475,14
673,85,17,72,5,9.519520936634539,12
674,8,17,36,6,9.51236026695053,11
675,90,14,80,4,9.509239360264802,10
676,114,13,2,5,9.509158562417847,8
677,57,40,107,15,9.507969659795966,25
678,30,17,46,6,9.50446880568247,11
679,37,22,99,7,9.502759058160713,15
680,37,29,7,11,9.500511382222342,18
681,70,10,58,3,9.487562225897108,7
682,110,17,39,5,9.484612192785775,12
683,16,47,96,14,9.46295382882651,33
684,102,12,17,4,9.460667678985603,8
685,68,50,87,18,9.450913662664803,32
686,17,10,94,4,9.449116979238093,6
687,32,11,63,4,9.44232166344675,7
688,39,37,20,15,9.42792244833799,22
689,39,39,88,14,9.417419225215225,25
690,18,11,19,4,9.400963813834581,7
691,8,25,15,10,9.399214507017128,15
692,30,25,84,8,9.39786160183375,17
693,27,22,53,7,9.395074434024874,15
694,62,20,51,7,9.39238110717572,13
695,109,11,36,3,9.390936468630548,8
696,27,16,4,6,9.3787154159821,10
697,80,33,107,11,9.376730084103613,22
698,104,21,84,8,9.37162724208143,13
699,11,11,43,4,9.359700753111873,7
700,27,23,19,7,9.357709425047492,16
701,23,12,50,3,9.354699302165745,9
702,1,20,87,8,9.344990956449259,12
703,28,29,2,10,9.34282167881126,19
704,53,20,12,8,9.33945038591408,12
705,111,15,51,5,9.328246716797016,10
706,11,14,38,5,9.326168382883848,9
707,45,10,38,3,9.31109379184883,7
708,41,43,86,14,9.304404145319243,29
709,8,27,57,9,9.301352073064093,18
710,100,17,18,7,9.297622647277194,10
711,75,13,93,5,9.279825087560205,8
712,100,20,114,7,9.27494174098356,13
713,87,37,9,15,9.26416450911469,22
714,20,16,90,6,9.25670480461804,10
715,78,15,53,6,9.245467105519944,9
716,11,13,10,5,9.240894504208253,8
717,104,18,38,7,9.236395276928322,11
718,91,23,20,9,9.233435902067152,14
719,70,16,69,5,9.227346228401574,11
720,107,21,77,8,9.225690577042375,13
721,13,19,6,7,9.21551599242718,12
722,93,11,90,4,9.204947446014161,7
723,2,12,40,4,9.204153353273352,8
724,73,17,40,6,9.199997222971483,11
725,23,14,91,6,9.188824217195519,8
726,27,23,12,9,9.18502470983103,14
727,27,21,84,8,9.183612610739734,13
728,15,13,91,6,9.175439096539632,7
729,27,34,60,11,9.174691293905799,23
730,92,15,40,5,9.168940871834318,10
731,16,63,106,21,9.160803291418002,42
732,50,43,5,17,9.156049369840707,26
733,39,25,106,10,9.155969378752744,15
734,8,33,114,11,9.15311587436214,22
735,62,17,19,5,9.13493995438998,12
736,92,11,17,4,9.114563540800457,7
737,109,15,31,5,9.11388757240418,10
738,77,29,51,12,9.108800112298844,17
739,75,22,49,8,9.10384818725207,14
740,58,20,68,7,9.097701878706363,13
741,95,34,8,13,9.079209474058969,21
742,44,29,86,10,9.073857704921485,19
743,28,34,75,12,9.068390514566694,22
744,100,13,1,5,9.068173300248533,8
745,30,11,61,4,9.067314274609851,7
746,78,13,43,5,9.06197930193436,8
747,47,15,15,6,9.054273322827878,9
748,35,16,45,7,9.040031591861501,9
749,30,16,70,7,9.016092338129877,9
750,5,15,36,6,9.008614310253613,9
751,18,10,84,4,8.987605093430469,6
752,28,15,52,6,8.975367013246691,9
753,64,18,43,7,8.974031801153536,11
754,97,18,36,7,8.970668153566264,11
755,47,20,114,8,8.969382880850322,12
756,28,11,32,4,8.963821007682872,7
757,58,28,107,9,8.959763719037467,19
758,30,53,16,19,8.944863635269808,34
759,19,18,3,6,8.94356832582339,12
760,73,12,31,4,8.938919570135752,8
761,58,11,3,3,8.938400689230779,8
762,13,22,84,7,8.92622496976615,15
763,11,10,91,3,8.923724837318142,7
764,54,32,60,11,8.921440420264185,21
765,26,10,88,4,8.919527282390282,6
766,60,25,12,12,8.918654482484731,13
767,110,19,25,6,8.917701672558222,13
768,89,15,107,5,8.908975430626485,10
769,7,20,109,7,8.9080321410632,13
770,58,13,112,5,8.890258303309274,8
771,69,12,97,4,8.888377862411462,8
772,44,20,13,7,8.886721786197054,13
773,49,11,53,4,8.876928289416245,7
774,100,40,87,17,8.871432317719053,23
775,112,18,29,7,8.855419470416207,11
776,3,11,98,5,8.853639708389592,6
777,107,13,61,5,8.850698470757944,8
778,32,15,87,5,8.84415502943487,10
779,34,16,68,6,8.839169628087665,10
780,17,11,3,5,8.832308222560108,6
781,18,26,8,8,8.824824520647518,18
782,63,19,36,7,8.822881427312195,12
783,36,18,47,6,8.810892372607714,12
784,106,10,42,3,8.802546839644418,7
785,26,11,107,4,8.789963547813727,7
786,77,14,99,4,8.784719144285264,10
787,106,23,18,8,8.778191080978742,15
788,16,27,1,8,8.777340054296328,19
789,65,41,93,17,8.77644661518368,24
790,63,35,76,12,8.770301604790541,23
791,27,26,57,11,8.765561788697598,15
792,41,12,96,3,8.760253621607967,9
793,38,14,106,7,8.74501943352997,7
794,4,22,17,7,8.727735068009611,15
795,58,10,45,4,8.721721801464442,6
796,100,24,43,10,8.718363668336293,14
797,45,15,86,6,8.710518828201982,9
798,63,15,102,6,8.710165699989911,9
799,63,35,20,14,8.705248065274409,21
800,9,31,31,11,8.678153869820548,20
801,85,10,98,3,8.673802483900154,7
802,34,12,65,5,8.643990702566064,7
803,41,19,97,7,8.638943706099205,12
804,1,24,65,10,8.63311694974403,14
805,76,19,94,6,8.625164149751628,13
806,68,29,18,11,8.623169944927229,18
807,87,18,112,7,8.593805944861604,11
808,85,15,13,5,8.590889624694588,10
809,108,13,68,5,8.580585833252007,8
810,57,13,109,5,8.575637917032312,8
811,95,23,55,8,8.575006509864881,15
812,48,11,104,4,8.568096491349037,7
813,88,25,3,9,8.556085869457865,16
814,78,11,36,4,8.552435160203329,7
815,94,11,2,4,8.55058688518052,7
816,114,13,62,5,8.54955618000272,8
817,86,46,76,18,8.540285249965544,28
818,11,28,68,11,8.53675826353322,17
819,12,13,106,4,8.530975907772834,9
820,16,42,9,14,8.523105869883171,28
821,91,10,45,4,8.504304930616431,6
822,64,28,40,10,8.496071624321134,18
823,15,23,87,9,8.49381462402236,14
824,55,18,23,8,8.49046563373251,10
825,74,14,77,5,8.485489523270209,9
826,55,14,85,5,8.476039600481302,9
827,114,24,3,8,8.461132150785255,16
828,81,15,69,6,8.455046043718864,9
829,15,13,53,5,8.45144556317874,8
830,95,14,96,5,8.45037398259218,9
831,96,24,70,11,8.437417991026262,13
832,30,13,102,5,8.437038507058075,8
833,55,20,114,7,8.432483182241098,13
834,78,24,69,9,8.424932975106671,15
835,73,19,90,7,8.424101991862472,12
836,38,13,54,5,8.421224564929705,8
837,41,12,102,4,8.421036787338009,8
838,75,60,68,21,8.41417026008603,39
839,27,14,35,5,8.413948011136766,9
840,109,14,67,7,8.410228891959628,7
841,54,20,27,8,8.408885170740447,12
842,80,11,79,5,8.39440233865723,6
843,67,10,104,4,8.393331116483226,6
844,72,11,100,4,8.379086626440998,7
845,7,45,25,16,8.37280661834829,29
846,94,20,12,9,8.3612037286205,11
847,27,21,77,8,8.358326554138548,13
848,7,22,5,8,8.357081514884824,14
849,41,32,31,12,8.353957395244583,20
850,57,22,63,9,8.345432235508332,13
851,8,29,84,10,8.33757645831541,19
852,25,15,9,5,8.323455878342044,10
853,39,27,29,11,8.315613244686423,16
854,90,13,48,5,8.30973168111364,8
855,86,17,56,6,8.300855291965847,11
856,27,42,65,15,8.287007453110329,27
857,90,31,106,10,8.283845461248372,21
858,41,18,91,6,8.276671952774393,12
859,12,13,4,4,8.273106784367055,9
860,37,12,14,5,8.266467835075433,7
861,27,26,78,8,8.25432988354491,18
862,41,16,28,6,8.23874105434128,10
863,69,21,106,8,8.230262561693124,13
864,99,10,71,4,8.22496630028886,6
865,112,14,40,6,8.221202026655053,8
866,87,24,93,9,8.20135369004028,15
867,15,23,18,8,8.198983161894942,15
868,74,25,39,10,8.195535087876927,15
869,63,11,89,3,8.19292788894577,8
870,12,16,49,4,8.167519949794404,12
871,47,15,81,5,8.165398445346261,10
872,50,28,71,11,8.165371088482388,17
873,33,17,20,6,8.157924685534635,11
874,18,16,112,5,8.155957753880719,11
875,4,10,112,4,8.145974306589784,6
876,12,26,107,8,8.139106606456297,18
877,51,55,63,23,8.13570199880597,32
878,20,11,110,4,8.125291114928716,7
879,81,11,111,3,8.120062859865854,8
880,63,26,109,11,8.110737293175296,15
881,74,15,48,7,8.108554922899495,8
882,88,19,112,7,8.10654244906666,12
883,47,16,69,6,8.099464940788463,10
884,37,42,46,14,8.09589581959515,28
885,60,30,50,13,8.087484578525554,17
886,76,35,68,10,8.083319916767412,25
887,109,15,46,6,8.081904977493476,9
888,69,15,54,6,8.081857484845079,9
889,8,61,5,24,8.080732178020162,37
890,110,16,97,6,8.077466293642946,10
891,50,18,70,8,8.072010588554935,10
892,53,13,46,5,8.064750592390656,8
893,51,15,91,5,8.060157448942936,10
894,68,14,33,5,8.058871180827008,9
895,20,36,84,11,8.04861670328596,25
896,90,22,13,8,8.036549897684578,14
897,16,45,46,16,8.034750190065967,29
898,12,11,43,3,8.033640162406574,8
899,52,13,8,5,8.032663143129467,8
900,75,41,50,14,8.02466935745211,27
901,63,12,52,5,8.015196003418383,7
902,35,11,9,5,8.012816785902409,6
903,76,16,114,5,8.01045549406789,11
904,91,31,98,12,8.010154956050265,19
905,102,19,96,7,7.9956311609664965,12
906,44,22,6,7,7.994067314889742,15
907,78,33,16,13,7.991288276209478,20
908,13,16,70,6,7.990308468406848,10
909,5,28,84,11,7.986435375626319,17
910,11,13,103,4,7.983076355721452,9
911,112,26,76,11,7.979151678151438,15
912,16,20,58,7,7.973713265949866,13
913,48,11,89,3,7.971806233433707,8
914,65,25,5,10,7.967561696591304,15
915,23,21,39,8,7.9630880242589255,13
916,16,71,63,27,7.95424039297695,44
917,87,15,33,6,7.945655214602681,9
918,53,19,61,6,7.9431150632920575,13
919,73,17,87,5,7.942207150258419,12
920,18,10,34,3,7.934073113605032,7
921,12,22,3,7,7.920427307494896,15
922,54,22,18,9,7.917650548154775,13
923,88,10,82,4,7.912578083642496,6
924,71,13,38,4,7.906029048659733,9
925,72,12,77,5,7.905665649405599,7
926,78,11,31,5,7.904414780494012,6
927,53,14,90,5,7.90103229929259,9
928,78,18,34,7,7.896291134370744,11
929,62,23,68,9,7.893829370684333,14
930,114,25,90,10,7.8701656835045455,15
931,89,11,13,5,7.868919524993351,6
932,108,15,98,6,7.863072789163925,9
933,44,12,35,5,7.859665557157517,7
934,106,26,91,9,7.859341034872018,17
935,39,22,112,9,7.853779316986331,13
936,29,14,55,5,7.851130455007913,9
937,39,92,51,36,7.842710188542855,56
938,53,19,109,7,7.841205358929896,12
939,114,20,1,7,7.837742070296788,13
940,2,33,107,12,7.828664599470127,21
941,25,46,46,19,7.8204011950255445,27
942,114,12,110,4,7.80031681097971,8
943,50,15,48,5,7.798532000224024,10
944,50,20,30,8,7.797701228015578,12
945,55,22,64,7,7.789831302640343,15
946,47,10,111,4,7.786638633209644,6
947,78,21,8,8,7.782275188757168,13
948,62,17,8,5,7.778739102861808,12
949,72,13,19,5,7.778046405037884,8
950,92,14,114,4,7.774797164908212,10
951,50,22,18,9,7.758401768064157,13
952,17,21,60,8,7.758065583862096,13
953,53,11,73,4,7.756297558195456,7
954,37,49,25,20,7.755599308877524,29
955,16,32,64,11,7.754231430905149,21
956,73,13,54,5,7.746921178252216,8
957,28,14,12,5,7.741725097225164,9
958,44,11,84,5,7.741464370739849,6
959,15,15,1,5,7.73306575970013,10
960,62,25,88,10,7.711671646243702,15
961,23,40,60,15,7.703308873703663,25
962,111,25,7,10,7.69032342577198,15
963,5,32,11,12,7.687442157533876,20
964,39,62,68,25,7.68579068916388,37
965,50,35,55,15,7.677574556383833,20
966,13,61,106,23,7.675692800309161,38
967,37,29,38,11,7.668156637885108,18
968,37,24,96,10,7.665844925696509,14
969,107,27,35,9,7.659745377736294,18
970,86,22,72,8,7.651597318688157,14
971,33,13,31,6,7.647223417443057,7
972,70,11,60,4,7.6464357490262,7
973,97,29,5,10,7.639418302115124,19
974,64,13,81,5,7.638492419047566,8
975,13,18,76,7,7.630501064893035,11
976,71,14,27,5,7.62097447229337,9
977,100,15,84,5,7.609473347550371,10
978,41,20,77,7,7.596512938669422,13
979,41,11,78,4,7.595698149323356,7
980,100,23,63,10,7.595593270007936,13
981,18,20,36,8,7.5949028785012285,12
982,49,16,15,6,7.594278265555581,10
983,58,18,88,7,7.5880987725104365,11
984,72,10,36,4,7.585561627806539,6
985,28,31,114,13,7.584853881328923,18
986,46,12,77,5,7.574271980014295,7
987,34,14,5,4,7.5706698448560905,10
988,40,66,68,24,7.5703219943157025,42
989,107,30,109,11,7.567930415965966,19
990,97,24,51,8,7.56785294854944,16
991,60,19,45,8,7.562934672858015,11
992,87,38,40,16,7.562449238427529,22
993,16,13,12,5,7.55786945629014,8
994,30,10,85,4,7.5440843213091044,6
995,85,10,46,3,7.538229298143679,7
996,64,36,51,14,7.5336949041795735,22
997,33,16,7,7,7.532188482638043,9
998,6,11,55,3,7.526848268362216,8
999,43,34,86,12,7.52352217080424,22
1000,8,30,100,11,7.5204290952711395,19
1001,7,52,87,19,7.517208318589072,33
1002,15,13,50,5,7.509982415529958,8
1003,6,13,61,5,7.506143312140655,8
1004,27,14,98,6,7.497316272159128,8
1005,89,12,68,5,7.483167732526591,7
1006,76,20,60,6,7.483053056006786,14
1007,70,14,36,6,7.476080415111229,8
1008,108,15,63,6,7.475559971035058,9
1009,64,37,31,14,7.4738922265185375,23
1010,43,30,87,12,7.4729053960434975,18
1011,28,10,81,4,7.472696801730322,6
1012,60,10,57,4,7.467563385882379,6
1013,45,12,53,5,7.463487107897495,7
1014,100,12,70,5,7.458777129644957,7
1015,37,21,110,9,7.457046552670356,12
1016,46,30,75,12,7.449361290092638,18
1017,11,12,71,5,7.444969376445684,7
1018,64,17,11,5,7.4149087782475025,12
1019,47,15,28,6,7.412518705302231,9
1020,36,34,41,16,7.412500474371832,18
1021,108,22,88,8,7.409334471097551,14
1022,41,17,81,6,7.406020045346171,11
1023,100,22,60,8,7.404199968366489,14
1024,43,17,84,7,7.4028714682915195,10
1025,41,17,89,6,7.402414100587752,11
1026,1,10,5,4,7.391988711274886,6
1027,73,10,71,4,7.37323406519455,6
1028,34,15,74,5,7.367415754617591,10
1029,31,14,80,4,7.367135464628976,10
1030,25,16,33,5,7.36592627296452,11
1031,77,10,114,4,7.3654772203978025,6
1032,15,24,3,10,7.364319715485781,14
1033,104,36,60,11,7.3607160522172075,25
1034,16,113,88,42,7.360663709722783,71
1035,73,25,8,10,7.35879002547718,15
1036,17,19,9,8,7.3581791578689,11
1037,39,22,77,9,7.354775711790572,13
1038,48,24,79,9,7.345817828277461,15
1039,23,18,114,6,7.344942637597016,12
1040,40,41,104,15,7.342291894534163,26
1041,16,32,76,15,7.341043581035355,17
1042,75,16,2,7,7.332326563651873,9
1043,43,13,68,5,7.327777492653936,8
1044,85,13,65,5,7.3238412361926395,8
1045,70,42,5,17,7.323141246130927,25
1046,63,14,85,6,7.301748789802251,8
1047,54,33,40,13,7.298767912387551,20
1048,11,14,29,6,7.296267599499956,8
1049,47,11,61,4,7.295405799949466,7
1050,86,96,51,41,7.293924213296986,55
1051,43,31,40,13,7.2876910701836355,18
1052,11,11,47,4,7.287013470663887,7
1053,9,20,104,8,7.285236260424962,12
1054,97,16,29,6,7.284915525257299,10
1055,13,20,98,7,7.284404613166717,13
1056,55,20,68,7,7.273979151335479,13
1057,106,13,57,6,7.272492874678534,7
1058,47,40,13,15,7.270637733593475,25
1059,62,10,96,3,7.268496266352443,7
1060,110,16,70,6,7.267896542251015,10
1061,20,17,98,6,7.267496359610282,11
1062,75,19,81,7,7.259552889264539,12
1063,86,30,79,11,7.258463117259926,19
1064,84,33,39,14,7.257920848438738,19
1065,87,29,91,11,7.256753645120718,18
1066,98,19,84,6,7.255378652482318,13
1067,98,12,93,5,7.2513528092711335,7
1068,46,13,90,5,7.250761878801304,8
1069,31,14,5,5,7.246607645789562,9
1070,107,33,3,15,7.244533260714191,18
1071,20,10,75,4,7.241047227766171,6
1072,114,27,40,9,7.240772461331043,18
1073,34,15,76,7,7.234183575632597,8
1074,46,13,29,7,7.227495590691409,6
1075,20,11,100,4,7.213419982652268,7
1076,29,15,34,6,7.211858211585126,9
1077,16,82,39,33,7.2003844657899245,49
1078,53,13,38,5,7.198101634639961,8
1079,17,11,48,5,7.198036653114912,6
1080,34,19,30,7,7.196614878264563,12
1081,109,13,22,5,7.1904728762162415,8
1082,103,13,84,6,7.189748094528316,7
1083,103,11,43,5,7.1819643690428485,6
1084,39,33,43,14,7.179919496295487,19
1085,18,11,62,4,7.178564522913039,7
1086,36,16,112,6,7.175574629533441,10
1087,98,41,86,17,7.171894084868247,24
1088,81,15,63,6,7.165422512761099,9
1089,54,77,88,30,7.16478292612553,47
1090,3,16,18,5,7.159831907657217,11
1091,38,18,84,8,7.154125748328736,10
1092,29,14,37,6,7.147246302868531,8
1093,30,48,107,19,7.144889946502116,29
1094,5,17,60,6,7.144002600647477,11
1095,40,50,55,19,7.142420946012768,31
1096,88,11,67,3,7.127393540580368,8
1097,67,12,107,4,7.124134838046416,8
1098,86,81,96,31,7.122290387606644,50
1099,86,30,83,10,7.114862976089345,20
1100,45,33,7,13,7.114147641228475,20
1101,1,10,45,4,7.100044646871245,6
1102,38,14,17,6,7.099034060595348,8
1103,86,21,103,8,7.096474477436438,13
1104,28,20,62,8,7.086204539456473,12
1105,28,35,70,14,7.078735797739843,21
1106,102,14,98,6,7.075813129571894,8
1107,50,14,49,6,7.064134383315743,8
1108,100,21,25,9,7.062312436550092,12
1109,99,18,36,6,7.061516094995872,12
1110,65,16,73,6,7.056062739811479,10
1111,72,16,17,6,7.044577124730198,10
1112,55,25,97,9,7.041738062020972,16
1113,85,24,84,8,7.039561068893882,16
1114,69,25,68,10,7.030205467019011,15
1115,34,24,8,9,7.028937547408991,15
1116,95,15,40,6,7.026458120737083,9
1117,89,14,104,6,7.025402807656734,8
1118,100,25,49,11,7.023068422221521,14
1119,87,27,53,12,7.022639512769477,15
1120,98,22,49,9,7.008025262016918,13
1121,93,26,54,9,7.002072182522706,17
1122,79,14,54,5,6.993661154009002,9
1123,62,15,5,6,6.992708759597391,9
1124,111,23,13,10,6.988942249892523,13
1125,17,20,55,9,6.987444025974705,11
1126,53,30,30,12,6.984989750265453,18
1127,69,11,12,5,6.9833097870542735,6
1128,43,34,94,14,6.9769266215421,20
1129,64,34,65,14,6.97401145693555,20
1130,51,65,65,24,6.971234570186178,41
1131,39,22,81,8,6.969167490495252,14
1132,18,23,97,9,6.965163575719862,14
1133,26,21,13,7,6.963297761552151,14
1134,16,34,36,13,6.9623095532486845,21
1135,111,15,39,6,6.960860011711801,9
1136,85,13,88,5,6.960388600870984,8
1137,32,18,104,6,6.95922508638955,12
1138,90,20,63,8,6.95733483322538,12
1139,4,25,51,9,6.952578906103857,16
1140,76,12,48,4,6.943708984082041,8
1141,29,20,27,7,6.9404325684569965,13
1142,99,12,88,5,6.93913123202866,7
1143,54,46,109,17,6.937152542807694,29
1144,77,13,29,4,6.937025648198179,9
1145,7,21,46,7,6.935769096747123,14
1146,11,10,3,3,6.927988932149775,7
1147,75,19,30,8,6.923427737676235,11
1148,72,10,60,4,6.902146483608275,6
1149,76,16,88,7,6.891817282335726,9
1150,106,15,99,5,6.882359612487447,10
1151,60,43,4,19,6.864343045215706,24
1152,27,44,87,18,6.86281600141283,26
1153,108,18,60,7,6.856532886501664,11
1154,7,99,51,37,6.849475435937799,62
1155,100,16,50,6,6.845077769092562,10
1156,62,16,60,7,6.8330599498146025,9
1157,78,14,96,5,6.830515928543477,9
1158,95,25,106,9,6.830338155584792,16
1159,11,28,109,10,6.822473141770564,18
1160,68,69,31,28,6.821634358561019,41
1161,65,14,66,5,6.821265394674894,9
1162,30,22,104,10,6.820606807560422,12
1163,60,17,58,7,6.820272973850589,10
1164,56,13,4,6,6.816273515879696,7
1165,51,20,96,8,6.809158319794973,12
1166,71,50,13,21,6.804323620324037,29
1167,49,10,71,4,6.800377692667283,6
1168,55,10,31,4,6.798197972656263,6
1169,2,14,38,6,6.792448237787324,8
1170,34,16,39,7,6.78145072564027,9
1171,33,23,107,10,6.763493299081546,13
1172,49,18,23,7,6.7604409771192655,11
1173,86,54,97,22,6.749652418711037,32
1174,94,10,71,4,6.748460655059317,6
1175,45,13,68,5,6.747691137383071,8
1176,84,26,48,10,6.7407911051084906,16
1177,40,14,78,4,6.732885786530082,10
1178,74,38,96,14,6.731828732252355,24
1179,14,13,95,5,6.731405281187272,8
1180,108,21,87,8,6.728483256491903,13
1181,90,23,50,9,6.721975923903932,14
1182,65,10,32,4,6.718474357729474,6
1183,28,35,97,13,6.716635909782017,22
1184,83,15,74,7,6.703298030488857,8
1185,10,18,86,8,6.698064905065153,10
1186,111,11,106,3,6.697425895741327,8
1187,65,47,20,17,6.69461466944874,30
1188,27,12,79,5,6.670700776711516,7
1189,85,20,54,7,6.664179187550933,13
1190,8,57,63,24,6.662281605906514,33
1191,10,12,57,4,6.658857003244836,8
1192,83,11,71,5,6.656205380333864,6
1193,100,44,86,20,6.654281325593548,24
1194,71,19,37,8,6.653996053488669,11
1195,16,33,3,12,6.648045875535373,21
1196,32,26,5,10,6.647447060451906,16
1197,13,13,103,5,6.6455015698032565,8
1198,65,35,29,15,6.644177446797892,20
1199,86,38,17,17,6.641619574926921,21
1200,75,51,16,21,6.638067927267192,30
1201,4,30,65,12,6.6356003955737535,18
1202,39,22,37,9,6.632156694863052,13
1203,107,32,62,15,6.627456297715231,17
1204,25,48,5,19,6.626414170343125,29
1205,85,10,75,3,6.61929344121288,7
1206,20,21,68,9,6.619136630374984,12
1207,8,15,3,8,6.61802980881579,7
1208,71,18,81,7,6.61709770119633,11
1209,107,37,43,14,6.600978620740834,23
1210,65,28,96,12,6.593487230396348,16
1211,60,31,69,14,6.585373558105323,17
1212,86,27,1,11,6.584989828827026,16
1213,13,36,69,14,6.57796920358836,22
1214,69,10,48,5,6.577798378248737,5
1215,76,13,18,5,6.573059513523393,8
1216,53,26,114,11,6.571088082289226,15
1217,16,36,69,14,6.56872407350153,22
1218,104,37,25,16,6.567754121461538,21
1219,23,29,68,13,6.562476411578635,16
1220,20,43,16,15,6.550408005485555,28
1221,54,58,70,23,6.543056803225659,35
1222,85,13,11,5,6.5402245957157366,8
1223,11,20,35,8,6.53852868587746,12
1224,91,13,80,5,6.531108694088673,8
1225,13,35,37,14,6.522302273576749,21
1226,30,26,55,10,6.510387642998443,16
1227,74,29,55,12,6.503619546467787,17
1228,90,11,102,6,6.502237322589002,5
1229,107,46,53,18,6.492903474758714,28
1230,70,20,9,7,6.477071321597407,13
1231,84,24,29,10,6.4762244600132854,14
1232,89,10,55,4,6.472799854469153,6
1233,98,11,68,4,6.4699276959750645,7
1234,70,13,29,6,6.465173609286504,7
1235,30,10,81,4,6.458484974391473,6
1236,8,20,91,8,6.453847873736644,12
1237,6,10,28,4,6.452419128804086,6
1238,76,43,51,16,6.4523314110416905,27
1239,4,20,87,7,6.445923142452618,13
1240,41,20,109,7,6.432688342356182,13
1241,17,12,15,4,6.429771971115572,8
1242,40,16,33,5,6.427211772717694,11
1243,72,15,27,7,6.425704793436446,8
1244,22,11,27,4,6.425149939635198,7
1245,96,23,80,9,6.423400971659428,14
1246,41,31,104,14,6.421225970365916,17
1247,91,18,54,8,6.414686940093468,10
1248,98,10,12,4,6.413726474649861,6
1249,106,13,77,6,6.407119934187455,7
1250,80,20,37,8,6.401050818487373,12
1251,16,69,55,26,6.397644631354264,43
1252,104,38,55,15,6.394473965912867,23
1253,33,13,96,7,6.392035038140808,6
1254,88,12,103,5,6.387547254085085,7
1255,68,24,8,10,6.3816000624644404,14
1256,64,12,33,4,6.376020245344582,8
1257,7,21,56,9,6.361794853449644,12
1258,92,13,27,6,6.356396578041118,7
1259,85,17,96,5,6.345069391274802,12
1260,62,22,40,11,6.34058891485694,11
1261,47,23,27,9,6.339365937979375,14
1262,33,13,23,5,6.330114552953447,8
1263,54,14,112,5,6.3267118256224935,9
1264,23,17,12,7,6.3172605787938965,10
1265,94,11,35,5,6.295790159546813,6
1266,54,13,3,6,6.2904200663200225,7
1267,63,24,38,8,6.287709572055487,16
1268,70,16,64,5,6.286009204558742,11
1269,87,31,57,12,6.281405166595779,19
1270,86,21,4,8,6.2794844995496994,13
1271,95,10,49,3,6.276830856016241,7
1272,20,45,5,17,6.270373633442785,28
1273,69,11,96,4,6.268969865653719,7
1274,15,12,95,5,6.265255655621163,7
1275,92,22,39,10,6.263991845659126,12
1276,41,17,54,7,6.262569869973235,10
1277,19,20,86,8,6.253559326613622,12
1278,13,45,23,20,6.238267851069181,25
1279,114,48,5,20,6.237633533478721,28
1280,8,31,9,15,6.234041807874366,16
1281,104,41,50,16,6.230364171354915,25
1282,16,42,91,15,6.227187272730326,27
1283,109,10,62,3,6.224068902567428,7
1284,76,19,9,7,6.212932484569381,12
1285,35,15,84,6,6.209299301194261,9
1286,74,28,70,13,6.203999405338755,15
1287,63,28,2,12,6.200018491851485,16
1288,91,12,71,5,6.187474142289449,7
1289,13,65,87,25,6.181857198920594,40
1290,55,14,35,6,6.181710197353361,8
1291,57,21,102,9,6.169321397774083,12
1292,13,47,36,18,6.167141158071529,29
1293,75,27,47,9,6.156969718274411,18
1294,81,34,13,13,6.133078295186986,21
1295,62,10,11,4,6.126587814431934,6
1296,25,35,88,12,6.123879676950231,23
1297,81,13,31,4,6.117159791325403,9
1298,109,10,100,5,6.113193655323139,5
1299,107,33,49,14,6.110518487198577,19
1300,90,12,7,5,6.108519045195328,7
1301,75,17,84,7,6.100134417881318,10
1302,10,13,87,5,6.098821416398097,8
1303,62,16,69,7,6.098141811871047,9
1304,54,11,47,5,6.095812400128514,6
1305,26,10,16,4,6.090476145744292,6
1306,111,23,107,11,6.08814286411973,12
1307,70,29,20,11,6.080511379179193,18
1308,55,10,69,4,6.075582313218194,6
1309,103,23,16,9,6.069341828308502,14
1310,23,27,41,11,6.068042449918637,16
1311,17,14,29,6,6.0580680620208245,8
1312,39,14,14,6,6.04933667985342,8
1313,102,19,51,8,6.04652873125996,11
1314,63,24,18,9,6.046455003215173,15
1315,70,15,93,6,6.04469500542117,9
1316,8,16,32,7,6.041444852098721,9
1317,15,23,81,10,6.041264699343356,13
1318,27,14,114,6,6.034743873961818,8
1319,7,24,98,9,6.0336860037819795,15
1320,75,31,31,14,6.033482134287373,17
1321,64,38,86,16,6.030765339147399,22
1322,91,17,50,6,6.027790824025911,11
1323,95,20,46,8,6.027785407812038,12
1324,108,28,51,12,6.026136385597758,16
1325,80,33,55,15,6.024950901743931,18
1326,63,33,13,14,6.024739641852312,19
1327,98,24,37,10,6.023716027404386,14
1328,103,17,17,6,6.022913063656272,11
1329,65,61,88,23,6.004362907857696,38
1330,37,19,100,7,6.000890669706824,12
1331,30,26,88,12,5.999646200227325,14
1332,87,32,41,13,5.997754878012937,19
1333,102,18,88,6,5.993430232263083,12
1334,114,25,31,11,5.991876520395493,14
1335,49,29,60,12,5.990966249711065,17
1336,63,24,23,9,5.985967731188218,15
1337,64,20,18,8,5.974775055211904,12
1338,102,21,87,8,5.971447061156249,13
1339,97,18,40,7,5.966918416140386,11
1340,68,52,53,21,5.964244334939563,31
1341,23,14,57,6,5.9613183368935285,8
1342,78,26,87,12,5.955202866983132,14
1343,97,12,10,6,5.950831581917705,6
1344,28,15,53,6,5.9457443646332715,9
1345,39,58,49,22,5.945170002942901,36
1346,74,10,43,5,5.941779824004124,5
1347,63,13,10,5,5.94033318775015,8
1348,57,15,40,6,5.936628176580016,9
1349,37,45,63,18,5.933785173114154,27
1350,8,18,33,7,5.930528749487397,11
1351,103,15,79,6,5.924794393548496,9
1352,73,20,114,8,5.924435121305103,12
1353,55,19,77,8,5.924137592807773,11
1354,109,27,55,13,5.923431655873009,14
1355,13,28,78,11,5.920714252201037,17
1356,93,10,63,4,5.9175632502755855,6
1357,41,15,45,5,5.9144627061547626,10
1358,84,27,57,13,5.910397185802947,14
1359,62,10,38,4,5.9059609927975885,6
1360,104,52,28,22,5.899362411800781,30
1361,48,30,87,12,5.897723460875986,18
1362,75,59,107,20,5.896729059645907,39
1363,101,15,68,5,5.8919398867497925,10
1364,74,34,84,16,5.891399521581718,18
1365,46,14,64,6,5.890631605322367,8
1366,17,16,43,7,5.888801333071096,9
1367,46,12,36,5,5.882094180819339,7
1368,97,27,68,11,5.880460614845399,16
1369,28,12,31,5,5.87633787823225,7
1370,62,17,9,7,5.86600144742425,10
1371,54,36,95,16,5.865979569344106,20
1372,34,17,7,7,5.863504951401833,10
1373,7,20,112,8,5.8633899504874805,12
1374,72,10,114,5,5.860000941124309,5
1375,74,37,46,14,5.850135921281393,23
1376,108,10,65,5,5.847992745343311,5
1377,23,28,76,12,5.8473918820519435,16
1378,8,67,87,28,5.843937748929525,39
1379,103,12,51,5,5.8391106709556295,7
1380,28,17,94,6,5.821481138029022,11
1381,40,16,5,7,5.820527251695649,9
1382,80,28,106,11,5.812470547213421,17
1383,79,13,20,5,5.810117746469002,8
1384,8,19,98,7,5.806615359942183,12
1385,10,11,106,3,5.8036728949329275,8
1386,91,19,31,7,5.801858258461766,12
1387,98,26,63,11,5.795644107915217,15
1388,38,16,19,5,5.78310801022648,11
1389,16,19,93,9,5.776545074834794,10
1390,69,20,28,9,5.772064288839902,11
1391,58,13,53,7,5.756559382638666,6
1392,23,13,47,5,5.755142063292807,8
1393,36,12,77,5,5.751140829309578,7
1394,19,11,80,4,5.749943576584892,7
1395,78,10,81,5,5.742474614478736,5
1396,25,42,106,16,5.73768822242091,26
1397,107,64,104,26,5.737421230069909,38
1398,34,11,38,4,5.733514369563806,7
1399,13,48,25,22,5.729332953997915,26
1400,45,14,9,5,5.727853500458987,9
1401,25,26,51,11,5.72613511284895,15
1402,98,13,17,6,5.723425305113809,7
1403,41,18,37,7,5.716493275276269,11
1404,23,11,102,5,5.7160538226538815,6
1405,74,22,109,8,5.703058853572775,14
1406,60,23,96,7,5.703006464112349,16
1407,53,17,62,7,5.701449545318567,10
1408,70,10,32,5,5.692479372096213,5
1409,106,46,5,18,5.689619439430471,28
1410,35,21,40,8,5.6891402135768585,13
1411,102,10,95,4,5.685319962340818,6
1412,60,27,81,11,5.682226522032789,16
1413,30,31,68,14,5.680128230508521,17
1414,94,10,25,5,5.671887186214519,5
1415,75,39,37,14,5.670197882049105,25
1416,16,31,99,13,5.665818337043021,18
1417,76,10,3,4,5.665440442988802,6
1418,54,11,82,4,5.664278302313932,7
1419,9,13,61,5,5.652969843590383,8
1420,86,87,88,36,5.651261944060885,51
1421,78,16,98,7,5.650561601828994,9
1422,4,10,97,4,5.649870700339136,6
1423,39,13,97,5,5.649731064357227,8
1424,73,23,74,9,5.649045009007229,14
1425,28,22,3,9,5.641703705085423,13
1426,75,46,51,20,5.632745764536371,26
1427,75,43,9,17,5.6326941278183265,26
1428,114,44,13,21,5.63006565787977,23
1429,86,28,73,13,5.62531345595925,15
1430,5,21,17,7,5.625033929201379,14
1431,19,10,5,4,5.623378775596127,6
1432,9,24,84,10,5.622843694169622,14
1433,95,26,50,11,5.619957219349123,15
1434,68,26,91,12,5.61946637277209,14
1435,16,48,50,20,5.617696720442929,28
1436,28,29,76,13,5.615688910158878,16
1437,30,14,90,6,5.614315415339312,8
1438,11,13,94,5,5.607013329252646,8
1439,62,12,64,6,5.60460737576113,6
1440,70,17,98,6,5.604121247592221,11
1441,20,38,96,15,5.591064360306499,23
1442,89,13,53,6,5.5817208357882135,7
1443,14,14,88,6,5.580858903619985,8
1444,7,23,38,10,5.57543888103377,13
1445,42,11,69,5,5.570250078296481,6
1446,68,12,48,5,5.567776843888595,7
1447,31,10,95,4,5.5581891593402775,6
1448,13,30,95,13,5.556983808516705,17
1449,46,11,4,5,5.55622187464566,6
1450,107,61,20,26,5.555959949322172,35
1451,8,41,25,16,5.550067480025434,25
1452,36,53,31,23,5.548564460468652,30
1453,29,16,23,7,5.547160957253139,9
1454,25,18,84,7,5.5466876181289715,11
1455,20,22,2,9,5.544865436021075,13
1456,41,27,69,9,5.540528561994146,18
1457,64,21,23,9,5.538877575953661,12
1458,106,31,23,15,5.535479536227778,16
1459,34,18,48,8,5.531916858024636,10
1460,54,20,72,8,5.531412519924271,12
1461,114,45,68,19,5.528966703625285,26
1462,33,14,102,6,5.525239013163607,8
1463,28,33,7,13,5.522079859732702,20
1464,62,10,20,4,5.517288163699186,6
1465,87,59,37,24,5.516733087496062,35
1466,28,35,9,16,5.5146514821295405,19
1467,95,19,83,7,5.510188596504647,12
1468,32,13,109,6,5.5080518973086185,7
1469,67,10,102,4,5.49724656177184,6
1470,114,23,70,9,5.484820175107314,14
1471,31,13,74,5,5.468299370651384,8
1472,5,31,51,11,5.465657211287606,20
1473,30,22,69,10,5.462107433982007,12
1474,89,15,88,7,5.460084177073363,8
1475,100,24,88,10,5.45873126041651,14
1476,71,14,76,7,5.456476326439047,7
1477,75,43,71,16,5.454468163058883,27
1478,97,18,57,8,5.45235309786646,10
1479,71,29,68,11,5.435653336862236,18
1480,104,33,63,14,5.422500590286895,19
1481,103,11,65,5,5.411493347730607,6
1482,4,11,58,4,5.405037105567146,7
1483,13,38,54,15,5.404685941953904,23
1484,84,10,64,3,5.401793074305331,7
1485,54,31,90,13,5.397442007333916,18
1486,72,15,15,7,5.3885104018130185,8
1487,8,42,46,19,5.386306766386785,23
1488,86,30,81,10,5.3861453631776595,20
1489,3,12,94,5,5.374899428324899,7
1490,75,30,63,13,5.362343223381901,17
1491,7,35,97,16,5.356987360153851,19
1492,7,19,62,8,5.339510147514967,11
1493,97,14,102,5,5.335160623731844,9
1494,30,39,60,14,5.333529686326087,25
1495,87,52,50,23,5.330518704603511,29
1496,55,60,65,26,5.327873148487047,34
1497,12,20,86,8,5.327325022745494,12
1498,28,13,49,6,5.31428031912519,7
1499,51,49,84,20,5.314265702072516,29
1500,85,10,47,3,5.309476383215226,7
1501,107,19,66,8,5.307859110353934,11
1502,111,25,55,10,5.307717141421055,15
1503,9,17,100,6,5.299356832075297,11
1504,40,49,39,20,5.294535177326297,29
1505,99,21,86,8,5.291638236148403,13
1506,64,14,47,5,5.28922493224529,9
1507,14,19,28,7,5.288795345484194,12
1508,56,11,88,5,5.280224334897691,6
1509,28,11,92,4,5.26619903758234,7
1510,16,99,65,41,5.262872338718107,58
1511,27,44,88,20,5.261611390153782,24
1512,35,11,31,5,5.255104723881263,6
1513,16,93,87,40,5.252400339370929,53
1514,114,15,94,7,5.246364560187277,8
1515,25,26,40,11,5.242222631716463,15
1516,98,15,40,7,5.239271076053035,8
1517,52,14,16,6,5.238731564661996,8
1518,91,21,25,9,5.236778929543691,12
1519,9,12,23,5,5.231512665759894,7
1520,35,11,5,5,5.226534281744142,6
1521,54,54,106,25,5.222938310920249,29
1522,53,29,112,14,5.221677411254142,15
1523,40,22,37,10,5.2189812618502875,12
1524,20,18,76,9,5.218902337593747,9
1525,49,12,55,5,5.21558348601229,7
1526,33,12,91,6,5.213867650447791,6
1527,6,10,39,4,5.213256916387499,6
1528,55,37,54,17,5.207989269972247,20
1529,16,36,53,14,5.201094174764711,22
1530,76,42,107,15,5.200618733652027,27
1531,46,25,39,13,5.196853389468722,12
1532,86,53,75,24,5.193887338774452,29
1533,40,13,113,5,5.193726392686624,8
1534,6,10,71,4,5.193692278292729,6
1535,13,15,102,5,5.1877642091018785,10
1536,104,78,65,34,5.186990036216577,44
1537,63,61,54,25,5.1846155759135675,36
1538,75,17,97,7,5.183439015487436,10
1539,16,37,43,14,5.181481577984689,23
1540,114,20,96,8,5.164351476040407,12
1541,91,11,56,5,5.1601828143932735,6
1542,27,24,3,12,5.160126272038297,12
1543,67,12,5,5,5.159840528973067,7
1544,35,16,28,8,5.153123660542302,8
1545,76,28,50,10,5.151966096130058,18
1546,106,24,9,10,5.150083731218861,14
1547,35,12,51,5,5.14727626674268,7
1548,80,14,48,5,5.142739603488693,9
1549,49,20,9,9,5.1413088393621935,11
1550,43,34,65,16,5.140817317652902,18
1551,40,12,69,4,5.137627663794988,8
1552,36,21,3,8,5.136055944816986,13
1553,40,30,58,14,5.133397385337812,16
1554,15,15,63,7,5.123996343311646,8
1555,11,22,98,10,5.122669345045474,12
1556,87,74,65,31,5.121490518289122,43
1557,75,18,4,7,5.112428644465592,11
1558,30,10,1,4,5.107240382060611,6
1559,55,23,70,10,5.1032220329288345,13
1560,28,13,108,6,5.102919930198642,7
1561,23,19,100,7,5.096795040845655,12
1562,85,17,68,6,5.0964736355872775,11
1563,53,25,104,11,5.0942603831986055,14
1564,100,53,51,26,5.0917785918230365,27
1565,90,23,65,11,5.084911236528136,12
1566,41,18,19,7,5.083569111932983,11
1567,32,10,20,3,5.082163415292109,7
1568,78,21,7,10,5.074558525866491,11
1569,90,13,33,5,5.072843762888294,8
1570,46,17,65,6,5.066104910854949,11
1571,41,10,61,4,5.060781095904467,6
1572,7,16,10,7,5.060407065651958,9
1573,30,23,37,9,5.052445856918077,14
1574,28,13,27,4,5.05119454239968,9
1575,94,15,65,7,5.044352620567006,8
1576,37,61,104,25,5.041376355525095,36
1577,65,12,52,4,5.0369958566437525,8
1578,20,24,41,11,5.031440077185285,13
1579,34,13,67,7,5.0180079008676195,6
1580,63,14,66,6,5.012099177257039,8
1581,74,12,41,6,5.00781552916323,6
1582,93,26,5,10,5.004460526821323,16
1583,7,41,106,20,5.003800212982272,21
1584,27,42,86,16,4.998624186323087,26
1585,74,15,71,7,4.993812181109021,8
1586,114,15,81,7,4.993414377265688,8
1587,50,23,31,10,4.99199978599778,13
1588,7,30,47,12,4.980252625346256,18
1589,55,47,11,18,4.9717973953487915,29
1590,41,42,68,18,4.9651675063741685,24
1591,40,49,107,19,4.964616090179718,30
1592,109,16,38,6,4.964461961570972,10
1593,96,23,90,9,4.963939687748078,14
1594,16,103,7,45,4.951928398872167,58
1595,56,19,68,9,4.94813216675333,10
1596,51,15,6,6,4.9453303449739225,9
1597,29,13,69,6,4.944211768571181,7
1598,93,27,28,10,4.941127481170006,17
1599,16,21,14,9,4.935526105012941,12
1600,114,22,9,7,4.931319071415342,15
1601,9,19,38,8,4.930493889785887,11
1602,86,40,36,17,4.927433251240005,23
1603,74,56,106,24,4.924754963776778,32
1604,54,12,108,4,4.909695920764135,8
1605,38,12,28,6,4.907164394244691,6
1606,60,15,66,5,4.904241113833256,10
1607,23,14,104,5,4.897799558060741,9
1608,63,15,94,6,4.894229806472441,9
1609,19,17,57,7,4.890667902610667,10
1610,69,11,95,4,4.882909765417961,7
1611,54,17,62,7,4.874030180632838,10
1612,88,26,57,12,4.870812248870149,14
1613,29,11,1,4,4.86693457558879,7
1614,81,13,65,5,4.866303006881107,8
1615,37,54,106,25,4.865641247327302,29
1616,3,21,43,8,4.864647808288565,13
1617,5,10,89,3,4.86246564090175,7
1618,87,45,20,20,4.861780392772673,25
1619,15,21,104,9,4.861598666210975,12
1620,52,12,107,4,4.861262849981809,8
1621,60,10,79,4,4.860077671823909,6
1622,97,12,32,5,4.851459349576839,7
1623,15,30,68,12,4.84933626454479,18
1624,39,17,83,7,4.845386042652696,10
1625,69,35,86,15,4.843108927419926,20
1626,83,20,64,9,4.840996077098241,11
1627,39,28,38,12,4.840157107076872,16
1628,18,41,75,18,4.835583954062303,23
1629,87,15,52,7,4.832747531124254,8
1630,8,15,67,6,4.831909846155583,9
1631,41,13,90,6,4.828201040811693,7
1632,16,26,79,11,4.825490262441231,15
1633,31,19,25,9,4.823839301099763,10
1634,14,15,54,5,4.820525855929132,10
1635,80,26,87,11,4.820034229018145,15
1636,74,11,85,5,4.812388004493803,6
1637,6,12,106,5,4.810944704219048,7
1638,54,53,51,23,4.810159958869109,30
1639,78,35,57,16,4.8085176718662535,19
1640,2,25,106,11,4.808494527305082,14
1641,54,34,68,14,4.806816214683671,20
1642,96,13,108,6,4.805162668071275,7
1643,75,44,88,18,4.804702938088107,26
1644,16,11,56,4,4.8021414027227,7
1645,75,22,96,7,4.801381492311931,15
1646,68,16,6,6,4.799676836342988,10
1647,111,11,25,5,4.797175922879397,6
1648,52,13,20,5,4.795236183864801,8
1649,9,17,1,9,4.794059502939978,8
1650,12,25,13,8,4.790400551753886,17
1651,97,24,76,11,4.789197045000655,13
1652,76,33,5,14,4.788314400539968,19
1653,86,57,104,25,4.778923035703435,32
1654,9,12,5,5,4.777710715122403,7
1655,11,31,20,12,4.776863569942599,19
1656,9,10,37,4,4.7723167368365935,6
1657,90,13,70,6,4.771084444295362,7
1658,12,15,31,7,4.770632464521183,8
1659,55,16,94,7,4.767452995148861,9
1660,6,16,27,7,4.762765446713923,9
1661,19,30,68,12,4.759028599089826,18
1662,64,31,41,12,4.758473174288668,19
1663,107,59,55,26,4.7557964796839585,33
1664,93,16,50,6,4.755526241513054,10
1665,90,30,5,12,4.752640516818983,18
1666,25,16,77,7,4.745845616411638,9
1667,97,11,3,4,4.740273088979023,7
1668,78,10,77,4,4.740093506361644,6
1669,107,25,47,11,4.7386499699721325,14
1670,62,22,65,10,4.738429764528674,12
1671,6,11,46,5,4.730994669309113,6
1672,15,14,75,5,4.729161606780822,9
1673,47,20,86,8,4.725074652339407,12
1674,78,28,60,13,4.724814567031883,15
1675,16,42,62,16,4.724553393774716,26
1676,65,24,76,9,4.724228966633898,15
1677,29,17,86,7,4.718991224578429,10
1678,28,37,18,17,4.710953949587104,20
1679,20,23,46,8,4.708713070266485,15
1680,13,34,1,13,4.702199298952772,21
1681,62,12,84,5,4.699556310812965,7
1682,55,45,60,20,4.699539635247214,25
1683,1,27,51,12,4.696944414266177,15
1684,16,60,68,23,4.69433729993708,37
1685,86,60,46,23,4.689511214815467,37
1686,97,10,62,4,4.689387738532959,6
1687,71,16,5,7,4.686451238703377,9
1688,19,21,69,9,4.68530194770568,12
1689,77,22,18,8,4.676567510317278,14
1690,13,48,64,23,4.67021662986664,25
1691,55,14,98,5,4.662824671110214,9
1692,1,16,94,8,4.659339262334037,8
1693,25,15,47,7,4.655390231832646,8
1694,27,15,25,7,4.649655011418165,8
1695,63,39,96,15,4.649023449526137,24
1696,19,11,79,5,4.6432369038804095,6
1697,6,21,16,10,4.642825718029857,11
1698,73,14,13,6,4.642713338622983,8
1699,48,13,25,6,4.64169889765536,7
1700,73,19,109,8,4.637139105733967,11
1701,60,22,25,10,4.636282806493916,12
1702,106,15,110,7,4.633960085739299,8
1703,51,15,92,7,4.630319337525281,8
1704,34,22,84,10,4.623842838354658,12
1705,16,25,108,10,4.623103686503396,15
1706,104,45,51,17,4.619321545096768,28
1707,30,14,108,6,4.615023887291243,8
1708,37,72,86,32,4.607837359690983,40
1709,38,15,18,7,4.6074157564111795,8
1710,88,10,66,4,4.60434245546846,6
1711,7,35,3,14,4.603775118928216,21
1712,23,11,30,5,4.601908928188203,6
1713,77,13,95,6,4.60149322445291,7
1714,50,32,96,14,4.592653394244439,18
1715,28,25,71,10,4.584215619303489,15
1716,9,46,86,19,4.58270485457889,27
1717,99,16,65,7,4.579704538683142,9
1718,88,29,69,12,4.577351178069389,17
1719,7,23,58,11,4.575034525669344,12
1720,99,14,95,6,4.572737764013027,8
1721,99,16,104,8,4.5627492392393,8
1722,43,18,5,8,4.5592775438308895,10
1723,54,22,49,10,4.559262424288581,12
1724,70,15,23,7,4.554568026577778,8
1725,39,38,27,15,4.5544653803086925,23
1726,85,14,16,5,4.553008304246549,9
1727,83,15,46,7,4.551826612706301,8
1728,99,18,15,7,4.551461310618723,11
1729,28,16,85,7,4.545964613502572,9
1730,8,22,27,9,4.533539031440758,13
1731,106,23,75,11,4.532198108241345,12
1732,50,71,28,30,4.530365152854881,41
1733,13,18,48,8,4.529838045170983,10
1734,20,10,27,4,4.521221510996864,6
1735,37,43,55,20,4.516821858156878,23
1736,11,21,60,9,4.5133956995570435,12
1737,28,16,29,7,4.513248021932702,9
1738,80,10,69,5,4.508733977407145,5
1739,87,24,97,9,4.5078366784517385,15
1740,76,12,69,4,4.499300236532236,8
1741,7,97,88,43,4.494661432270667,54
1742,93,15,37,6,4.493445665639034,9
1743,65,50,40,22,4.488092661947342,28
1744,16,59,27,25,4.483890221884168,34
1745,11,21,102,10,4.481690077928582,11
1746,7,46,64,21,4.481240056988839,25
1747,56,12,8,5,4.475636615156396,7
1748,95,33,107,15,4.475609109265348,18
1749,96,31,25,14,4.4728328775528,17
1750,11,75,86,33,4.469304506132978,42
1751,91,10,57,5,4.468260927215541,5
1752,37,18,32,8,4.466542082918521,10
1753,3,15,50,7,4.464463620895282,8
1754,49,12,43,5,4.460909191235434,7
1755,64,25,8,10,4.455975265271213,15
1756,77,11,97,4,4.4549011553839994,7
1757,50,12,73,4,4.454782630059153,8
1758,95,44,16,20,4.453378575583387,24
1759,6,12,12,6,4.448996636056325,6
1760,2,42,50,18,4.448957186147168,24
1761,95,15,109,6,4.444131433700797,9
1762,65,24,3,10,4.442479320591085,14
1763,27,15,55,6,4.432125170487898,9
1764,100,17,17,6,4.4319100299484715,11
1765,108,17,27,7,4.430289870166569,10
1766,23,14,20,6,4.42777867543601,8
1767,99,30,13,13,4.420966828834258,17
1768,100,23,27,11,4.4173642117929255,12
1769,7,64,53,28,4.416213736910661,36
1770,71,14,108,6,4.402422140240549,8
1771,28,32,102,14,4.400334973714718,18
1772,64,29,63,13,4.394960955961679,16
1773,104,29,100,12,4.3940529908466965,17
1774,12,12,78,5,4.39114253959409,7
1775,111,20,86,8,4.3910837466552355,12
1776,27,28,49,12,4.384912031205689,16
1777,19,16,20,7,4.384623705732578,9
1778,16,106,107,41,4.381011335196187,65
1779,99,10,54,4,4.3797228746123675,6
1780,87,33,25,15,4.379098196808542,18
1781,55,24,9,10,4.371040618945099,14
1782,55,13,58,6,4.369004483506264,7
1783,40,23,23,10,4.368423326803309,13
1784,74,15,9,6,4.367415226980942,9
1785,16,40,17,15,4.363027049067973,25
1786,87,31,49,15,4.362528458898391,16
1787,95,20,23,9,4.3618962627692595,11
1788,64,31,71,12,4.35947313780117,19
1789,72,28,16,12,4.352551781937085,16
1790,65,16,6,7,4.346168811124812,9
1791,70,29,65,11,4.343984179663613,18
1792,13,63,46,26,4.339512508845412,37
1793,60,12,22,5,4.334241842742782,7
1794,95,19,41,8,4.332143979792177,11
1795,16,42,49,18,4.328881914063163,24
1796,9,29,54,13,4.322785325524942,16
1797,4,22,40,10,4.316643149060896,12
1798,70,14,71,7,4.315612188206775,7
1799,97,23,17,10,4.3134285513049555,13
1800,17,19,20,8,4.3112321942034,11
1801,31,10,8,4,4.309099443279478,6
1802,50,10,52,5,4.308197298973349,5
1803,94,15,60,6,4.306950975679676,9
1804,16,42,71,17,4.305176391927468,25
1805,20,22,109,8,4.302333411252667,14
1806,106,27,53,13,4.302319600135898,14
1807,25,28,54,12,4.300413553073274,16
1808,20,21,44,9,4.299103845073809,12
1809,13,12,35,5,4.29516454019383,7
1810,17,10,62,4,4.292232513416535,6
1811,104,16,69,6,4.289368537470419,10
1812,94,10,75,4,4.270847566636737,6
1813,29,16,94,7,4.266183555379084,9
1814,41,13,94,5,4.2659113489413905,8
1815,65,46,9,19,4.265691800988978,27
1816,91,30,107,12,4.264126621091653,18
1817,51,15,38,6,4.261652425824847,9
1818,104,17,80,8,4.256665633473226,9
1819,49,15,62,6,4.244999731944826,9
1820,88,15,74,5,4.244509847633764,10
1821,106,14,34,7,4.243674039664675,7
1822,109,10,47,4,4.236742850593238,6
1823,27,14,50,5,4.2350101393347614,9
1824,23,12,48,5,4.227938531173128,7
1825,47,28,88,13,4.227250764813229,15
1826,71,11,44,5,4.223524348839462,6
1827,4,19,18,8,4.220670692754494,11
1828,87,21,31,10,4.220659397575877,11
1829,90,28,87,12,4.209781806456323,16
1830,65,56,36,24,4.205692860728479,32
1831,107,49,23,22,4.204854869546182,27
1832,55,22,4,10,4.20328253931047,12
1833,15,11,40,5,4.201647176656486,6
1834,9,14,57,6,4.20121561808404,8
1835,108,18,74,7,4.201041319943183,11
1836,76,16,29,8,4.200007794197803,8
1837,13,70,40,31,4.18989591600041,39
1838,94,18,54,8,4.188296451426149,10
1839,30,13,109,5,4.185496549607356,8
1840,23,27,25,12,4.182190113226028,15
1841,43,33,7,13,4.178253566474209,20
1842,16,34,84,15,4.177116652788804,19
1843,87,40,60,19,4.165937031857303,21
1844,83,40,5,19,4.163709904424501,21
1845,13,82,107,37,4.161123444843268,45
1846,16,50,37,22,4.156282391646738,28
1847,16,49,100,21,4.152927924613113,28
1848,28,60,84,26,4.150279635735803,34
1849,99,12,17,5,4.14837583337694,7
1850,84,18,76,8,4.146116027740745,10
1851,20,13,73,5,4.146065391689569,8
1852,100,12,95,6,4.142851413596655,6
1853,13,28,77,12,4.1425538330063505,16
1854,53,47,71,20,4.141303557057986,27
1855,77,18,88,8,4.138723345512823,10
1856,71,11,20,4,4.13643055739397,7
1857,7,51,27,23,4.136091254496649,28
1858,112,16,94,6,4.1306598471384035,10
1859,39,36,3,17,4.1280259461318884,19
1860,45,22,65,11,4.1259231703887,11
1861,3,12,46,6,4.120061864952646,6
1862,7,12,2,5,4.115660194227726,7
1863,57,28,39,13,4.112346188716783,15
1864,97,30,63,13,4.107378727934806,17
1865,93,14,109,6,4.103558953267082,8
1866,83,20,93,9,4.100880722204593,11
1867,20,24,35,10,4.098728722002914,14
1868,47,24,68,10,4.095710109800673,14
1869,112,11,79,5,4.092088872238905,6
1870,36,11,19,5,4.088590218421688,6
1871,74,22,50,10,4.086243740312162,12
1872,86,117,5,51,4.074944655375778,66
1873,11,12,34,6,4.072817944161177,6
1874,7,68,31,30,4.069172309295859,38
1875,28,25,100,10,4.067958600144053,15
1876,20,12,38,4,4.067291998076464,8
1877,64,18,100,7,4.065079844004268,11
1878,43,10,95,4,4.063398320607949,6
1879,38,13,80,5,4.058220808984366,8
1880,14,10,20,4,4.051966837258039,6
1881,32,10,40,5,4.050021677419869,5
1882,23,43,88,17,4.047882049914368,26
1883,7,21,50,10,4.045740478776832,11
1884,87,45,3,20,4.043088707840424,25
1885,98,26,76,11,4.039201436166646,15
1886,1,10,43,5,4.038976715758721,5
1887,19,21,65,9,4.034840520337374,12
1888,71,13,47,6,4.030916530509353,7
1889,17,13,77,6,4.019137969261598,7
1890,39,21,96,8,4.016816457185763,13
1891,39,49,53,21,4.016611432547999,28
1892,57,13,43,4,4.014884834582829,9
1893,8,20,110,8,4.013172679497404,12
1894,66,12,31,5,4.008754872558654,7
1895,30,33,71,15,4.006253796204616,18
1896,31,16,112,6,4.001730552260451,10
1897,60,18,97,9,3.9792005525226366,9
1898,84,16,19,7,3.97722373483422,9
1899,96,12,14,5,3.975747798085754,7
1900,11,16,79,8,3.9747234089980883,8
1901,74,24,93,11,3.9601017688790825,13
1902,30,13,35,6,3.9583115712431316,7
1903,72,15,87,7,3.9476714831248376,8
1904,6,11,40,5,3.9442678680230823,6
1905,16,118,51,54,3.942638198297064,64
1906,3,11,93,6,3.9394735942906975,5
1907,80,10,97,4,3.9365866928471034,6
1908,97,35,16,16,3.9340820840887147,19
1909,57,11,50,4,3.9290278222481443,7
1910,109,20,34,9,3.9288794114930057,11
1911,100,17,76,8,3.9256185311273133,9
1912,102,12,83,5,3.925479234058231,7
1913,85,15,20,7,3.9254254916442872,8
1914,5,28,2,12,3.923277825320168,16
1915,37,38,70,16,3.9227382855891664,22
1916,89,13,86,7,3.91749283769541,6
1917,64,11,90,5,3.90210878186129,6
1918,102,26,37,11,3.9015784283610255,15
1919,102,15,91,7,3.9012134006248127,8
1920,55,30,63,14,3.9003771949657002,16
1921,28,23,57,10,3.897117570901977,13
1922,30,17,38,6,3.8932796799126637,11
1923,28,27,17,12,3.885054779321747,15
1924,1,23,54,10,3.8802733242992375,13
1925,95,19,75,8,3.8704036900259116,11
1926,68,17,109,6,3.8661451047117263,11
1927,41,25,114,12,3.854494902198664,13
1928,18,23,31,11,3.843025830767866,12
1929,20,26,7,12,3.839940256500117,14
1930,38,13,46,5,3.833859769343221,8
1931,7,44,55,18,3.8332053851440007,26
1932,87,100,107,44,3.833109517224519,56
1933,43,13,8,6,3.832590073745516,7
1934,91,26,13,12,3.831748260733109,14
1935,85,14,51,7,3.8310675840112247,7
1936,70,30,51,14,3.8297117807076555,16
1937,4,11,3,5,3.825046392091852,6
1938,44,14,64,6,3.8242226428845654,8
1939,107,47,9,22,3.8164136057968916,25
1940,5,28,91,11,3.8146250930665166,17
1941,43,17,15,8,3.813942358092631,9
1942,110,16,5,7,3.8138584796050923,9
1943,60,27,28,14,3.7909365983154597,13
1944,80,13,60,6,3.7883602235098173,7
1945,49,19,19,9,3.784801733683058,10
1946,7,10,93,5,3.7802315490169653,5
1947,104,13,92,7,3.7768187223532306,6
1948,63,19,4,8,3.775833657808686,11
1949,12,10,104,4,3.765052817962645,6
1950,100,23,112,11,3.761865576918162,12
1951,64,20,27,10,3.7553762630555503,10
1952,41,21,76,11,3.7501063090537037,10
1953,35,17,43,8,3.749011557971225,9
1954,100,55,107,27,3.7489350041480445,28
1955,88,52,104,22,3.7489004082532587,30
1956,53,42,40,19,3.7429391558119995,23
1957,15,31,7,16,3.741081293807926,15
1958,46,52,54,23,3.7381660486484787,29
1959,1,13,4,5,3.736039087851971,8
1960,86,65,25,30,3.735239092039536,35
1961,51,18,112,8,3.7310734779715338,10
1962,89,14,60,7,3.7237634526579124,7
1963,20,64,54,31,3.7237387131550506,33
1964,11,42,88,18,3.7150827621608284,24
1965,15,21,5,8,3.714734226349825,13
1966,8,53,11,23,3.7077170293500528,30
1967,65,16,14,8,3.7073397651844364,8
1968,16,123,86,53,3.6995978729623142,70
1969,107,35,38,15,3.6995303509541118,20
1970,23,19,28,9,3.6970356039584393,10
1971,29,34,87,14,3.692284807000029,20
1972,13,35,8,15,3.6840411755003806,20
1973,68,12,102,5,3.6809870972705725,7
1974,34,19,55,9,3.680955248563573,10
1975,107,13,72,6,3.6746684377826218,7
1976,88,32,18,15,3.671365875253385,17
1977,34,26,16,11,3.668692609157282,15
1978,3,16,77,8,3.6659660860802825,8
1979,39,24,31,10,3.6610558433956157,14
1980,90,10,71,5,3.6561036030201253,5
1981,107,21,32,10,3.6546977761524686,11
1982,109,15,9,8,3.6538651478462696,7
1983,17,11,18,6,3.651905683853181,5
1984,14,10,70,5,3.647042134114848,5
1985,87,37,19,16,3.6418484073869863,21
1986,43,19,18,10,3.6267699505365183,9
1987,80,26,28,12,3.6230809501897743,14
1988,77,18,87,8,3.6188049087662915,10
1989,91,19,18,8,3.601007419787661,11
1990,13,73,55,33,3.5959679557443556,40
1991,19,24,60,12,3.5937814744249885,12
1992,97,10,95,4,3.58943247133478,6
1993,65,83,107,37,3.5878440110923675,46
1994,61,16,60,8,3.58082656290379,8
1995,20,50,28,22,3.578415489537416,28
1996,16,22,38,8,3.5724883088865464,14
1997,39,13,33,6,3.5715142758716403,7
1998,6,28,7,15,3.5631855242339143,13
1999,79,13,108,5,3.562523700236059,8
2000,11,36,54,16,3.5608789843396806,20
2001,28,19,36,9,3.5549996153541237,10
2002,13,94,51,44,3.5548796538428,50
2003,30,13,4,6,3.554167963462701,7
2004,62,26,71,12,3.5527257568780746,14
2005,53,49,65,23,3.552341058928982,26
2006,51,46,46,20,3.5405198677265273,26
2007,40,65,36,28,3.5400829247343655,37
2008,44,15,7,7,3.5352660207554516,8
2009,93,17,25,8,3.5300397889756283,9
2010,19,23,94,10,3.5297631791048,13
2011,8,38,104,17,3.50734140656749,21
2012,49,10,33,4,3.5057518320537766,6
2013,74,16,23,7,3.505315761927058,9
2014,37,13,108,6,3.501919723771849,7
2015,50,26,9,11,3.4989626487903873,15
2016,97,36,114,16,3.4948097299506915,20
2017,60,25,95,11,3.491189705369488,14
2018,62,13,36,6,3.489528327052378,7
2019,54,11,103,4,3.4875703394156505,7
2020,36,30,51,14,3.4874600225025074,16
2021,12,18,71,8,3.487442945948432,10
2022,30,25,19,12,3.4867649172724455,13
2023,88,64,68,28,3.486456108196302,36
2024,25,20,70,9,3.484518115943736,11
2025,55,16,18,8,3.4810467173744706,8
2026,51,34,69,14,3.4807673740541216,20
2027,96,57,54,28,3.4766133859583515,29
2028,74,60,5,28,3.469996146708342,32
2029,83,31,8,15,3.465429893631149,16
2030,85,12,12,5,3.4594510759016344,7
2031,106,49,51,22,3.457607975311814,27
2032,33,23,5,11,3.454327509177194,12
2033,37,21,23,10,3.453043705748743,11
2034,112,14,114,7,3.4529529803290635,7
2035,88,54,9,24,3.4493718580292745,30
2036,95,37,87,17,3.4486313771107997,20
2037,76,28,55,11,3.4438952481653065,17
2038,16,79,8,35,3.4424810831433534,44
2039,60,58,40,26,3.4423663485116363,32
2040,102,31,25,14,3.4382241991917164,17
2041,4,12,37,5,3.421871703775507,7
2042,11,12,97,6,3.419346386793516,6
2043,17,11,36,6,3.4172736451567545,5
2044,100,24,78,11,3.417029837437705,13
2045,71,26,87,12,3.411373843173223,14
2046,104,26,98,14,3.4091853213510754,12
2047,34,25,86,12,3.4077252150003994,13
2048,97,34,65,15,3.4017573029180164,19
2049,55,29,84,13,3.40123055779696,16
2050,43,28,88,12,3.39798547482041,16
2051,4,13,28,6,3.3940824912486867,7
2052,55,50,5,22,3.393419962444802,28
2053,73,10,104,4,3.391491099464731,6
2054,16,20,45,8,3.387101414429135,12
2055,86,32,62,15,3.385910817077394,17
2056,65,29,69,13,3.385901307322931,16
2057,36,28,55,13,3.383336577257353,15
2058,73,15,98,7,3.380055365181917,8
2059,27,23,94,10,3.3747454736006754,13
2060,100,13,44,6,3.3720452657314226,7
2061,51,55,60,22,3.3720405945468563,33
2062,109,23,102,10,3.367967756914995,13
2063,40,17,20,7,3.3649339637959645,10
2064,54,25,97,12,3.3648153427656755,13
2065,17,50,51,24,3.3636759549416113,26
2066,14,23,8,10,3.3634201583462158,13
2067,14,17,106,7,3.360059412826609,10
2068,86,13,113,5,3.3593996912401924,8
2069,88,30,70,13,3.3524090493184278,17
2070,83,10,20,5,3.3478898251644025,5
2071,40,15,91,7,3.345577169162442,8
2072,75,13,33,5,3.342736023465548,8
2073,54,20,98,9,3.3414082574982986,11
2074,64,34,39,15,3.3410123522098636,19
2075,27,30,15,14,3.340230707504182,16
2076,68,13,5,6,3.3380294056441144,7
2077,13,19,62,9,3.333452628124705,10
2078,41,19,50,8,3.331657114556134,11
2079,104,32,54,15,3.328617374285995,17
2080,98,14,97,7,3.3185319117606187,7
2081,30,21,18,10,3.316712750453976,11
2082,97,16,84,6,3.316428205809935,10
2083,60,31,75,14,3.3139158628036856,17
2084,30,31,54,14,3.3088577106148045,17
2085,114,21,64,9,3.3046667254482847,12
2086,28,29,48,13,3.3030143286202387,16
2087,104,60,5,28,3.3007473735225052,32
2088,100,20,74,9,3.2929107546249483,11
2089,11,14,69,5,3.2920409527820227,9
2090,90,25,60,10,3.288918313106561,15
2091,108,10,38,4,3.2810871215401916,6
2092,60,49,86,22,3.275471722293173,27
2093,114,13,67,6,3.2746706512348434,7
2094,2,23,87,10,3.2660250421058743,13
2095,28,56,54,25,3.2622780281799852,31
2096,18,56,53,26,3.2615252410170665,30
2097,76,14,95,6,3.2576515088397957,8
2098,7,24,74,9,3.257493143792888,15
2099,63,39,114,15,3.2551591942844658,24
2100,114,47,25,20,3.2540864225169766,27
2101,107,38,64,18,3.2526423716483417,20
2102,7,19,30,10,3.2523104824501634,9
2103,23,12,81,5,3.240703587077002,7
2104,99,25,60,11,3.2381944591027096,14
2105,107,49,36,23,3.234838704648264,26
2106,51,35,109,13,3.232637822687331,22
2107,16,18,35,7,3.2305329948687067,11
2108,80,14,68,6,3.230403837276107,8
2109,39,38,104,17,3.223398550816597,21
2110,23,55,7,25,3.2229283053761675,30
2111,55,39,28,16,3.2184704312839787,23
2112,60,71,16,32,3.2119681259183364,39
2113,17,16,74,7,3.211770551027832,9
2114,50,19,97,8,3.210625734622642,11
2115,60,47,31,24,3.2094707274879264,23
2116,56,12,97,6,3.2085312435870676,6
2117,106,28,17,11,3.2039846830051117,17
2118,7,93,86,40,3.2025353891099297,53
2119,36,41,39,18,3.1998605067578225,23
2120,88,61,5,29,3.1946532218196624,32
2121,27,45,51,19,3.1935705847044606,26
2122,79,11,65,5,3.1898027389229715,6
2123,37,54,50,26,3.188335276013606,28
2124,74,12,30,6,3.175828716417199,6
2125,106,25,60,10,3.171261503808182,15
2126,110,16,86,7,3.1694821197260503,9
2127,90,14,74,5,3.1680613510289204,9
2128,86,37,112,16,3.163089684403836,21
2129,86,21,82,9,3.1586560919846263,12
2130,104,51,7,23,3.158219418007504,28
2131,75,23,23,12,3.1487336010920157,11
2132,112,12,45,6,3.1460936650177542,6
2133,23,48,65,23,3.1380450881841524,25
2134,55,19,3,9,3.137233953113385,10
2135,57,10,48,4,3.126183126207407,6
2136,49,20,65,9,3.1230525707907892,11
2137,13,116,7,53,3.122778568679997,63
2138,3,20,57,9,3.1217880843393537,11
2139,36,11,80,5,3.115857421175661,6
2140,25,25,17,11,3.1106502600539105,14
2141,50,24,4,12,3.110559237136959,12
2142,43,10,72,5,3.1071314487034227,5
2143,63,91,86,38,3.106277287763664,53
2144,109,25,106,12,3.1028448270841773,13
2145,92,15,60,6,3.101629065738582,9
2146,74,13,27,7,3.1002755903304404,6
2147,99,14,68,6,3.1001036150844663,8
2148,64,10,91,4,3.0993479020870796,6
2149,8,48,51,22,3.0985900488092186,26
2150,29,30,107,11,3.0929862702513926,19
2151,114,38,51,19,3.089797874684742,19
2152,100,36,13,16,3.0887087223930414,20
2153,107,59,37,27,3.0878586600356255,32
2154,45,14,87,6,3.0862202973256596,8
2155,74,40,63,19,3.0803940829456544,21
2156,17,27,54,13,3.0783064660248964,14
2157,109,28,84,12,3.073799704825316,16
2158,75,30,25,13,3.069551733540898,17
2159,39,45,54,21,3.06832776501454,24
2160,60,40,114,22,3.0670908685799034,18
2161,71,18,25,8,3.0644100067848146,10
2162,48,14,55,6,3.06362691776684,8
2163,71,42,86,20,3.060669361739169,22
2164,86,112,87,55,3.052564526636769,57
2165,41,53,107,22,3.0475863619103607,31
2166,81,19,3,8,3.0468436616009753,11
2167,38,13,96,6,3.0422152322461717,7
2168,25,39,65,16,3.0368934823131175,23
2169,78,27,107,12,3.035375492234012,15
2170,27,12,99,6,3.0280763102634354,6
2171,29,22,15,10,3.0200823684900446,12
2172,81,18,18,8,3.0168691904177813,10
2173,49,13,29,6,3.0167276558140452,7
2174,71,36,39,16,3.0138682175368987,20
2175,20,47,37,22,3.004985214474966,25
2176,96,14,34,6,3.0017630147825622,8
2177,4,11,69,5,2.999484176661719,6
2178,41,20,43,9,2.989275902448813,11
2179,47,27,51,13,2.984052849439491,14
2180,46,13,1,7,2.97710684527845,6
2181,84,36,106,18,2.9754739608250116,18
2182,36,32,4,13,2.9739066740354185,19
2183,2,21,37,10,2.9697580112694486,11
2184,47,11,53,5,2.9672181618537916,6
2185,25,18,57,8,2.964934950553875,10
2186,15,41,39,17,2.9647518008297267,24
2187,80,19,7,8,2.963591688050413,11
2188,114,23,46,10,2.9631435316072405,13
2189,80,16,8,8,2.9519293865537115,8
2190,18,37,87,16,2.947620136311876,21
2191,18,20,65,10,2.9468351166959534,10
2192,28,57,65,25,2.9366188041670434,32
2193,36,20,87,8,2.935573250897663,12
2194,9,12,66,6,2.9315079085260156,6
2195,74,82,86,39,2.921287780715151,43
2196,102,19,106,10,2.9207255392565097,9
2197,25,12,108,5,2.9132670669268244,7
2198,27,26,43,12,2.9051148604445527,14
2199,91,19,37,9,2.9050960547005245,10
2200,39,55,65,27,2.904998803301055,28
2201,78,18,3,9,2.9047794476132527,9
2202,114,15,49,8,2.9041454192281644,7
2203,75,42,39,21,2.9040957913723453,21
2204,88,73,107,32,2.899770757279351,41
2205,44,10,70,5,2.8975248911261433,5
2206,75,24,74,10,2.8903655619324433,14
2207,69,20,43,9,2.88344354862395,11
2208,49,20,63,9,2.8831531570492124,11
2209,16,29,29,14,2.8827833722541616,15
2210,57,12,53,6,2.8739584447786424,6
2211,112,14,1,5,2.872325056767924,9
2212,79,15,51,8,2.8685343243710677,7
2213,46,23,63,12,2.867241869896345,11
2214,13,73,60,31,2.8660619635572937,42
2215,51,18,99,9,2.853477797374065,9
2216,73,16,96,7,2.8534303980093814,9
2217,47,11,19,5,2.8500725977528405,6
2218,65,35,111,15,2.849089050578605,20
2219,97,13,33,6,2.8486496222061595,7
2220,28,13,44,7,2.8461398630992765,6
2221,51,27,43,13,2.845756036190168,14
2222,8,25,102,12,2.8455510764088037,13
2223,46,24,76,11,2.8453201116747953,13
2224,86,63,39,31,2.8413131778189764,32
2225,107,51,106,24,2.8408623146416327,27
2226,16,28,47,13,2.8393039542648912,15
2227,103,11,57,5,2.838106547304676,6
2228,12,18,100,7,2.8330282978363783,11
2229,104,33,74,14,2.8329598216365466,19
2230,53,23,81,10,2.832269045840245,13
2231,11,17,78,9,2.83019086666027,8
2232,40,14,109,6,2.8243745319718676,8
2233,75,21,112,9,2.824219405034075,12
2234,18,13,71,6,2.821320109059578,7
2235,39,12,98,5,2.8139572577793732,7
2236,16,32,80,14,2.812380168004336,18
2237,15,40,16,20,2.8104206853650537,20
2238,1,32,36,16,2.8095303452930684,16
2239,99,15,41,7,2.8081672918617278,8
2240,106,14,112,7,2.805082024542767,7
2241,41,15,29,7,2.804326475349553,8
2242,50,20,109,9,2.7980846162026616,11
2243,7,26,1,12,2.7932054952385035,14
2244,100,13,36,6,2.7923934619121087,7
2245,70,12,102,7,2.7906887378625402,5
2246,9,15,97,8,2.7891659901703596,7
2247,63,20,43,9,2.786559914173097,11
2248,28,31,91,14,2.785819668061851,17
2249,12,17,18,7,2.783163645434297,10
2250,86,87,84,43,2.7811330297923607,44
2251,55,15,78,6,2.7795066806067297,9
2252,5,11,10,6,2.7716738654503197,5
2253,38,11,40,6,2.7715520430648577,5
2254,114,31,39,15,2.767916941664064,16
2255,5,17,77,8,2.765837567194589,9
2256,13,54,27,25,2.765333288040677,29
2257,86,99,28,44,2.7627265154997587,55
2258,87,39,84,18,2.761245376421255,21
2259,39,50,55,22,2.7557845118576987,28
2260,97,34,96,17,2.7556888339056806,17
2261,70,14,43,6,2.753352748891417,8
2262,71,24,51,11,2.7455734518808694,13
2263,9,13,29,6,2.741989319929604,7
2264,112,12,8,6,2.740736306324458,6
2265,78,25,63,12,2.7399047963734997,13
2266,97,22,104,11,2.7396377781056174,11
2267,99,12,63,6,2.7377253409939364,6
2268,65,50,106,23,2.735321183024918,27
2269,75,12,34,6,2.7327928404854553,6
2270,12,23,68,10,2.727925031032528,13
2271,44,16,88,8,2.7255415222047024,8
2272,109,33,13,14,2.724207691320181,19
2273,55,53,88,22,2.721264805593774,31
2274,104,31,70,14,2.720810924975006,17
2275,95,11,80,5,2.7197438471090796,6
2276,49,16,70,8,2.713121422106841,8
2277,11,14,114,7,2.6963511699419747,7
2278,65,40,71,17,2.686780335165667,23
2279,8,25,48,11,2.6857985301597798,14
2280,39,25,5,12,2.679132217269287,13
2281,25,17,44,8,2.673535476281759,9
2282,114,25,74,12,2.666972342657447,13
2283,97,26,46,12,2.665342497244282,14
2284,74,13,91,6,2.658254293210725,7
2285,92,29,88,13,2.6541256559252315,16
2286,57,13,36,5,2.6531160901053807,8
2287,16,60,5,25,2.6435184456824317,35
2288,88,17,6,8,2.6434018871915526,9
2289,33,14,95,6,2.641545389608455,8
2290,27,27,30,12,2.639954966572679,15
2291,11,17,17,8,2.63850353139516,9
2292,110,13,54,6,2.63588490299345,7
2293,100,14,98,7,2.63475923786691,7
2294,17,30,39,13,2.6347382750427313,17
2295,91,36,86,17,2.627461430980282,19
2296,9,33,63,15,2.625748491333965,18
2297,39,42,28,20,2.6233394077803616,22
2298,39,10,89,4,2.6189716831037586,6
2299,7,107,68,49,2.615642976840099,58
2300,75,28,64,13,2.6143964254367047,15
2301,76,13,2,5,2.6134640032331116,8
2302,75,15,108,7,2.6118802978166835,8
2303,41,13,100,6,2.6097334113441377,7
2304,40,29,1,13,2.608102727316189,16
2305,72,10,66,5,2.6022001256645595,5
2306,85,25,107,12,2.601380149286502,13
2307,36,23,91,10,2.600483205457648,13
2308,1,10,109,5,2.5929606771402254,5
2309,86,33,18,14,2.5923706641316473,19
2310,87,28,69,12,2.5854797789104245,16
2311,69,14,71,7,2.5823526075537777,7
2312,62,10,47,4,2.5775304802735826,6
2313,107,24,94,13,2.5737473855074766,11
2314,21,10,65,4,2.5701476719258265,6
2315,29,18,38,8,2.5695121914050656,10
2316,43,17,71,9,2.56680210005246,8
2317,50,50,107,24,2.5656690703128167,26
2318,83,10,63,6,2.557624644664858,4
2319,86,14,14,7,2.5565201304900333,7
2320,73,19,1,8,2.55342910039073,11
2321,44,14,76,6,2.5504141931433355,8
2322,7,74,36,34,2.5493587507973596,40
2323,63,25,60,11,2.5472563824704055,14
2324,63,16,79,7,2.5383647167046712,9
2325,14,19,87,8,2.5382763363097096,11
2326,111,11,60,4,2.535604443502029,7
2327,39,50,60,24,2.5355246842136103,26
2328,69,15,94,7,2.5350277997352677,8
2329,23,37,87,16,2.533099907466406,21
2330,20,20,95,9,2.532527406942274,11
2331,7,29,17,13,2.532089441361392,16
2332,44,15,107,7,2.530544567099409,8
2333,99,19,30,8,2.530388293684779,11
2334,36,33,9,15,2.5279240780374668,18
2335,39,18,4,8,2.5267698999647226,10
2336,80,34,54,17,2.5244394841569355,17
2337,28,19,19,8,2.518286906397448,11
2338,12,15,36,7,2.516319942513749,8
2339,107,28,69,13,2.515630999653467,15
2340,75,43,55,18,2.5125301308500267,25
2341,37,18,109,8,2.501013404341532,10
2342,18,11,111,5,2.4899108726358863,6
2343,104,68,16,31,2.4851326308920556,37
2344,76,15,62,7,2.4840168024368525,8
2345,15,29,65,13,2.4718857944026604,16
2346,4,17,81,7,2.4678124777063273,10
2347,87,40,74,18,2.4671563114027473,22
2348,74,17,69,9,2.4664972820824542,8
2349,35,23,7,11,2.4646463019795064,12
2350,11,21,41,8,2.459092945236656,13
2351,85,31,86,14,2.454611381980919,17
2352,34,22,13,10,2.4454259455433367,12
2353,32,10,50,6,2.444054190716271,4
2354,9,14,30,6,2.443448800104742,8
2355,41,21,112,10,2.4417078305364495,11
2356,96,31,88,15,2.4406464912019903,16
2357,55,39,106,17,2.438139246666604,22
2358,76,20,102,9,2.436163153748256,11
2359,14,19,51,7,2.4338441230915158,12
2360,91,20,75,13,2.432369433261267,7
2361,1,35,88,17,2.425177290772468,18
2362,109,11,99,5,2.4195174025010595,6
2363,107,46,25,22,2.4187485647838765,24
2364,11,51,28,25,2.413251522359192,26
2365,65,11,92,5,2.4112859752548714,6
2366,8,33,93,16,2.4111455321691304,17
2367,51,50,41,23,2.4058841906801693,27
2368,9,18,69,8,2.405000245398061,10
2369,20,26,80,12,2.4033351571638564,14
2370,114,15,98,7,2.3992721750256902,8
2371,46,38,28,16,2.3990178798165633,22
2372,78,22,54,10,2.3960681894605504,12
2373,83,22,87,11,2.390357141943488,11
2374,111,12,8,6,2.390343846489095,6
2375,104,40,95,18,2.3890342183876085,22
2376,4,21,71,8,2.3871750117365993,13
2377,96,25,104,11,2.3866419839158346,14
2378,75,13,56,5,2.3840139649043497,8
2379,71,40,107,17,2.3760609676092463,23
2380,109,59,86,27,2.371509864097947,32
2381,8,55,96,25,2.371439357092425,30
2382,30,15,48,6,2.3702999073115167,9
2383,40,24,50,10,2.3671440474550507,14
2384,43,26,19,12,2.3669597883575695,14
2385,99,23,5,11,2.3616219022642833,12
2386,64,44,88,19,2.3590830036125556,25
2387,96,14,109,6,2.3566759619593642,8
2388,99,12,33,5,2.354570382478157,7
2389,17,19,63,9,2.354124767732713,10
2390,4,36,31,15,2.3535355966794667,21
2391,87,57,54,25,2.351493536808367,32
2392,86,82,8,41,2.3514569329407684,41
2393,57,15,20,7,2.3477112943024236,8
2394,16,20,2,9,2.3446106684988552,11
2395,114,12,38,6,2.341526377437994,6
2396,6,13,50,6,2.3414923323310646,7
2397,90,19,17,10,2.330539928781357,9
2398,25,28,53,14,2.3301510854690854,14
2399,109,51,5,25,2.3285813949081655,26
2400,50,23,64,11,2.3285304422785047,12
2401,104,21,102,11,2.320627297470276,10
2402,88,32,91,15,2.315767764685104,17
2403,109,18,48,9,2.306624480190798,9
2404,78,14,15,6,2.305218832493871,8
2405,58,12,50,6,2.3033767529431137,6
2406,86,21,32,10,2.2989864902239003,11
2407,9,15,81,7,2.2974062849528156,8
2408,100,24,5,11,2.2932427434044684,13
2409,106,13,4,7,2.287883468044352,6
2410,112,16,72,7,2.2820100055775443,9
2411,68,21,49,10,2.281945785938521,11
2412,48,19,65,10,2.2816603054261093,9
2413,9,47,40,21,2.2806450266015683,26
2414,88,20,35,10,2.2787018333731495,10
2415,61,10,31,5,2.2696136748473603,5
2416,76,22,39,9,2.268229299099674,13
2417,28,66,96,31,2.267406944603933,35
2418,85,12,7,5,2.2672729351147445,7
2419,94,10,50,4,2.2653355679184144,6
2420,106,45,88,19,2.2639858690375614,26
2421,100,19,55,10,2.263974474960665,9
2422,87,62,106,30,2.2622041017840115,32
2423,68,25,94,12,2.259330794758601,13
2424,95,30,25,14,2.25397314365567,16
2425,8,17,29,9,2.251936716192377,8
2426,88,38,4,18,2.2459217004175493,20
2427,100,27,7,12,2.2445382973019385,15
2428,70,10,27,5,2.243263258457552,5
2429,4,26,114,13,2.234564836857367,13
2430,18,14,20,6,2.2334528603958916,8
2431,90,16,25,7,2.2261576936837058,9
2432,88,11,33,6,2.22422094342155,5
2433,84,10,15,5,2.223805292340999,5
2434,98,13,99,7,2.2212581677933785,6
2435,18,14,98,8,2.221147797140808,6
2436,93,12,51,6,2.2166321429168523,6
2437,5,50,96,22,2.2114271922507607,28
2438,54,30,114,15,2.211141526491363,15
2439,39,24,12,11,2.2080669509255695,13
2440,60,63,88,28,2.2053487740970454,35
2441,7,75,40,33,2.1957521283064803,42
2442,41,33,40,16,2.1935807772699496,17
2443,31,10,54,5,2.186668926147148,5
2444,8,64,74,28,2.186622040651489,36
2445,27,13,1,5,2.1856131991088623,8
2446,57,36,15,17,2.182541076073251,19
2447,63,26,70,12,2.1813121472430437,14
2448,84,16,93,8,2.173203038685072,8
2449,60,27,15,13,2.1718601667841333,14
2450,23,13,53,6,2.1639220781507627,7
2451,111,49,68,24,2.156897460223202,25
2452,15,23,54,12,2.1444739876665646,11
2453,80,14,64,7,2.1424879291036816,7
2454,39,19,48,8,2.1399201020891407,11
2455,102,22,74,10,2.1384304011801047,12
2456,37,26,84,12,2.124049904647881,14
2457,87,61,88,31,2.122443435623283,30
2458,7,62,9,31,2.12190310948229,31
2459,53,11,70,5,2.117480208536356,6
2460,1,20,64,10,2.1164326209593654,10
2461,7,17,72,8,2.1143024060967655,9
2462,74,12,33,6,2.113811361820999,6
2463,69,11,25,5,2.1120597510852464,6
2464,12,11,38,5,2.110101843923071,6
2465,54,29,102,14,2.1047933389757856,15
2466,103,17,19,8,2.100996890368412,9
2467,84,18,79,9,2.0988599029371873,9
2468,83,34,55,17,2.0962093979720215,17
2469,97,22,8,11,2.094799206270941,11
2470,17,12,91,5,2.0932516032559634,7
2471,16,100,13,45,2.090028900138445,55
2472,88,55,28,25,2.0851563159512976,30
2473,44,14,51,5,2.084874228955972,9
2474,74,47,65,23,2.0847963525870914,24
2475,82,10,63,5,2.077975861296688,5
2476,13,27,112,14,2.0668149404635896,13
2477,79,12,88,5,2.064245316960763,7
2478,63,25,112,12,2.0640414856019493,13
2479,86,45,90,20,2.0574221764428238,25
2480,11,21,27,10,2.0528394869207687,11
2481,65,31,80,15,2.0509198465423397,16
2482,87,41,104,21,2.048093110476019,20
2483,93,21,88,9,2.047097578055209,12
2484,62,14,55,7,2.0465381035309016,7
2485,100,26,19,12,2.0433504230535844,14
2486,83,13,50,7,2.034563553464953,6
2487,104,21,17,10,2.0345116655508866,11
2488,19,24,54,12,2.0327285938195168,12
2489,109,18,65,7,2.0321022824018544,11
2490,55,11,79,5,2.0315889229013426,6
2491,91,14,114,7,2.0312426341433967,7
2492,57,29,51,14,2.030987639226967,15
2493,60,29,9,12,2.026686622824744,17
2494,32,11,13,5,2.026181507027534,6
2495,18,32,60,15,2.0244266182620256,17
2496,95,31,39,15,2.0237049528227313,16
2497,19,16,77,8,2.0216404335755893,8
2498,114,27,17,11,2.0211590753648707,16
2499,8,37,90,16,2.0194647820717804,21
2500,93,11,60,4,2.018629631632218,7
2501,69,14,37,7,2.015512849900141,7
2502,68,29,70,14,2.0151181581046385,15
2503,83,22,97,12,2.007636873207567,10
2504,16,87,28,40,2.003836691762287,47
2505,68,26,46,12,2.0015169846627185,14
2506,12,18,87,8,2.0012720031216946,10
2507,75,32,87,15,2.0004298974911783,17
2508,104,15,112,7,1.99393597279257,8
2509,60,20,38,10,1.990189103737265,10
2510,53,19,4,9,1.987694792892671,10
2511,28,38,25,16,1.9833898911599184,22
2512,107,29,112,14,1.9825554500952807,15
2513,7,20,11,9,1.9783496463256043,11
2514,95,28,53,11,1.9769373995573185,17
2515,64,15,15,8,1.9745380862871305,7
2516,11,15,80,7,1.9736773201291566,8
2517,16,49,70,22,1.9664047334731982,27
2518,57,22,46,10,1.9631857780739914,12
2519,11,28,65,12,1.9583032529052826,16
2520,50,11,35,5,1.9581460146246747,6
2521,78,12,71,6,1.95458083263832,6
2522,77,22,4,10,1.951917908415357,12
2523,36,34,64,17,1.9485056781764598,17
2524,7,15,48,8,1.9478692265013036,7
2525,29,13,43,6,1.9447083330041282,7
2526,25,20,55,9,1.9429576796619945,11
2527,112,14,69,7,1.9415067419167833,7
2528,13,18,96,8,1.9406803869416944,10
2529,23,14,31,6,1.9392936999416424,8
2530,110,13,104,5,1.9388474450810558,8
2531,71,49,7,25,1.9387153694352777,24
2532,32,10,98,5,1.9380052263831626,5
2533,30,31,51,14,1.9376385589176917,17
2534,17,11,80,4,1.9331063026674833,7
2535,23,14,97,7,1.9330528734436567,7
2536,70,19,40,8,1.9276789997691202,11
2537,114,21,18,10,1.923577249757446,11
2538,53,43,64,20,1.921457820047301,23
2539,99,11,76,6,1.9173589523208343,5
2540,97,32,106,16,1.9159665785715099,16
2541,110,11,17,5,1.9155371371930665,6
2542,71,29,63,13,1.9151839795200705,16
2543,68,38,1,18,1.9099752765436664,20
2544,51,28,23,13,1.9066169824504657,15
2545,8,67,28,31,1.9053784571291423,36
2546,55,27,99,12,1.8950724021518552,15
2547,20,35,106,16,1.890590591428699,19
2548,25,23,64,11,1.8857238852847684,12
2549,2,41,8,20,1.8848654476169697,21
2550,15,34,86,16,1.8807109699533433,18
2551,69,19,3,8,1.8799369079979436,11
2552,8,14,79,8,1.8787453444383122,6
2553,76,17,27,8,1.8713000313379669,9
2554,11,10,77,5,1.8702893216484315,5
2555,37,95,5,46,1.8654288703425719,49
2556,43,21,114,11,1.8643335671695769,10
2557,85,11,112,5,1.861901124722568,6
2558,53,22,97,10,1.849246682219108,12
2559,114,30,20,14,1.8395405662544742,16
2560,84,38,96,19,1.8356486827006797,19
2561,58,14,63,8,1.8327495171056294,6
2562,74,29,13,14,1.8278354237299064,15
2563,106,11,3,5,1.8270221877820192,6
2564,43,38,60,18,1.8265005826707088,20
2565,44,13,114,6,1.8263733365516701,7
2566,64,16,108,8,1.8224151605655865,8
2567,102,13,99,6,1.8212893413036875,7
2568,71,11,109,5,1.8196417828202216,6
2569,68,97,13,45,1.8146337172887108,52
2570,49,20,77,8,1.814545880475325,12
2571,79,18,28,8,1.8130893193426152,10
2572,40,18,111,9,1.8104998545748818,9
2573,36,22,25,11,1.8071440138268557,11
2574,41,28,1,12,1.8063913789876538,16
2575,54,95,65,45,1.8045781826089209,50
2576,51,34,31,14,1.8036645224364214,20
2577,19,11,17,6,1.8011329372202582,5
2578,18,32,41,16,1.8004819942826358,16
2579,49,35,86,18,1.7890277154346554,17
2580,39,36,50,17,1.7876589706600734,19
2581,41,47,16,24,1.787643155539607,23
2582,87,16,6,8,1.786303676475521,8
2583,37,25,90,12,1.7816453937181782,13
2584,8,85,55,43,1.7705496363892712,42
2585,33,14,11,8,1.768399073594802,6
2586,87,17,103,9,1.7665521948811935,8
2587,88,11,110,6,1.7642228121429866,5
2588,79,12,29,7,1.7612891428274893,5
2589,84,26,70,12,1.7530345342228948,14
2590,7,17,29,10,1.7467705733456507,7
2591,86,13,61,6,1.7442789867829447,7
2592,60,33,36,16,1.7416473627060747,17
2593,18,11,6,5,1.7414584600944751,6
2594,36,37,88,16,1.7392851936744347,21
2595,106,38,96,17,1.7318320126651918,21
2596,70,19,75,10,1.7314858975507377,9
2597,32,13,68,5,1.731166259808923,8
2598,30,46,87,22,1.7304099136306887,24
2599,3,38,68,17,1.7300658661920498,21
2600,63,15,45,7,1.7260545689947924,8
2601,69,15,20,7,1.721204503496633,8
2602,86,32,38,15,1.7164597494651737,17
2603,109,14,43,7,1.7129267358733018,7
2604,62,26,87,12,1.7125493611567966,14
2605,54,40,7,19,1.7088310244062668,21
2606,48,10,37,5,1.7035937503192145,5
2607,23,44,86,21,1.7030841833116428,23
2608,20,16,102,8,1.6989391239814933,8
2609,36,15,23,9,1.6972875274185721,6
2610,9,23,46,10,1.6945658865661515,13
2611,51,14,58,7,1.6936471630550665,7
2612,28,64,5,31,1.6933141899778523,33
2613,11,28,74,13,1.690206932427624,15
2614,104,21,3,10,1.689222758873251,11
2615,68,34,106,16,1.687950689096679,18
2616,45,28,31,13,1.6710870406691087,15
2617,85,16,17,7,1.6640468368595829,9
2618,37,47,74,23,1.6628163329711263,24
2619,36,23,68,11,1.6511686348202657,12
2620,65,72,41,32,1.6394849953180108,40
2621,47,20,63,11,1.6356602263063749,9
2622,7,78,41,38,1.6316845641232849,40
2623,65,36,17,15,1.6294335088777756,21
2624,44,17,87,8,1.6239279411647842,9
2625,68,18,57,9,1.6190755944848347,9
2626,28,44,51,22,1.6126011664528537,22
2627,51,22,29,11,1.6119484938449509,11
2628,64,13,57,6,1.6089353924998575,7
2629,23,15,3,7,1.6013986021332862,8
2630,94,10,18,5,1.6001116131573032,5
2631,14,11,75,5,1.5947210222856318,6
2632,58,17,87,8,1.594565717152522,9
2633,107,113,86,53,1.5928381105330334,60
2634,109,11,78,5,1.5902220637939104,6
2635,2,15,25,8,1.5845186001024008,7
2636,55,22,90,12,1.578656952498874,10
2637,86,76,54,37,1.5774660933047864,39
2638,60,25,46,12,1.5735893742532674,13
2639,40,58,88,27,1.5715316879527905,31
2640,9,14,111,7,1.5621342613374551,7
2641,47,18,41,9,1.5600411821999534,9
2642,3,20,29,9,1.559318906352552,11
2643,15,27,107,11,1.5564537369694866,16
2644,104,23,83,10,1.5563880557352996,13
2645,34,36,107,16,1.542968748431823,20
2646,11,47,87,24,1.5411784284347945,23
2647,13,23,45,11,1.536281477648622,12
2648,29,13,53,5,1.5317670028644748,8
2649,114,20,84,9,1.5282826629009798,11
2650,83,26,65,13,1.5253499649391113,13
2651,30,60,86,27,1.5234348237537507,33
2652,35,14,37,7,1.523131742310598,7
2653,29,17,30,7,1.5216834469495777,10
2654,11,29,13,14,1.5160108859337236,15
2655,48,10,41,5,1.515490885657423,5
2656,46,12,55,5,1.5148590180899557,7
2657,64,18,3,8,1.5139878115874184,10
2658,16,35,48,17,1.5048512213742047,18
2659,25,18,43,7,1.4984580698640848,11
2660,46,52,5,24,1.4974094901037487,28
2661,63,40,41,19,1.4908462817483283,21
2662,49,12,109,6,1.489798170159593,6
2663,53,13,100,6,1.4886628314229116,7
2664,65,47,12,24,1.4878169377788026,23
2665,68,10,84,4,1.478899377350919,6
2666,73,15,63,8,1.4760785674332926,7
2667,8,54,65,26,1.4742236250608167,28
2668,20,23,55,11,1.4733693688994074,12
2669,11,17,32,9,1.4729852723414754,8
2670,86,32,2,16,1.4682447143488935,16
2671,87,48,96,22,1.4629434595612125,26
2672,23,13,43,6,1.4628793390447163,7
2673,40,64,51,31,1.4624658901194145,33
2674,33,20,28,11,1.4609880096092185,9
2675,31,21,47,10,1.4606130980712668,11
2676,25,23,83,10,1.4597201880554966,13
2677,84,32,54,15,1.4591305177250882,17
2678,13,25,72,13,1.4568549539060074,12
2679,8,16,38,8,1.4562520429495758,8
2680,50,16,89,7,1.4560158637801317,9
2681,53,30,55,14,1.4538038424746393,16
2682,46,62,88,31,1.4519317579443412,31
2683,106,55,63,27,1.4485566818099482,28
2684,65,22,47,11,1.444494672794184,11
2685,20,21,97,11,1.439527960881874,10
2686,76,33,87,15,1.4392071016307106,18
2687,50,28,25,14,1.4391705454909012,14
2688,109,23,76,12,1.431479784095354,11
2689,70,56,86,26,1.42921805361145,30
2690,36,35,45,19,1.423273124508123,16
2691,1,11,53,5,1.4196819324858228,6
2692,94,11,109,6,1.4139835062750086,5
2693,12,16,40,8,1.4120822666164417,8
2694,60,34,8,17,1.410478273202496,17
2695,112,18,19,8,1.4017639667638642,10
2696,70,17,95,9,1.4011695857654913,8
2697,75,12,44,5,1.399837377533035,7
2698,41,71,13,35,1.39894611334014,36
2699,41,37,27,17,1.398126824904728,20
2700,88,19,12,9,1.3954007588930366,10
2701,91,13,9,6,1.3946381880594532,7
2702,87,35,109,16,1.3938568273620837,19
2703,44,25,16,13,1.3924747988210242,12
2704,63,47,39,19,1.3876854118637514,28
2705,36,11,29,6,1.3837445576600587,5
2706,50,41,11,19,1.3816262941644981,22
2707,95,31,7,14,1.3809406634768675,17
2708,106,30,41,15,1.3806292559177733,15
2709,112,12,11,6,1.3759919818170585,6
2710,6,11,69,6,1.3727715082405263,5
2711,86,66,55,31,1.371489773467497,35
2712,75,10,48,5,1.3711471542080278,5
2713,90,11,76,6,1.3711097869836062,5
2714,60,59,77,29,1.3709767709472032,30
2715,76,36,104,16,1.3651366012643633,20
2716,25,26,30,14,1.363384718034577,12
2717,64,42,68,18,1.3624818601326818,24
2718,112,12,74,6,1.3616749140437374,6
2719,107,39,70,20,1.3599998705907188,19
2720,16,52,23,25,1.3570419552390456,27
2721,111,17,87,8,1.3561671479223418,9
2722,69,12,85,6,1.3560361154784741,6
2723,30,29,49,14,1.3512252684605828,15
2724,97,37,88,18,1.349074362930903,19
2725,84,26,78,12,1.3485306553399412,14
2726,18,12,27,5,1.348491059130868,7
2727,108,17,40,9,1.3479697301696818,8
2728,88,77,51,41,1.3467242008644091,36
2729,63,39,50,18,1.3455320847013725,21
2730,70,29,76,15,1.3451436146232179,14
2731,94,13,37,6,1.3280387948229053,7
2732,61,13,65,7,1.327965247882516,6
2733,60,25,109,12,1.3235251021634884,13
2734,51,24,11,10,1.3210228131663768,14
2735,74,18,80,9,1.3199661328668575,9
2736,10,16,8,7,1.3145513780375315,9
2737,32,12,51,6,1.314434714983352,6
2738,9,28,58,13,1.310268135821902,15
2739,6,13,86,6,1.3062976396978554,7
2740,20,14,104,6,1.303497989239853,8
2741,5,44,13,21,1.302350985374302,23
2742,2,22,74,10,1.2925512141562505,12
2743,7,74,39,37,1.288018081289338,37
2744,16,53,74,25,1.2870673809929651,28
2745,33,17,54,9,1.2844291677407338,8
2746,97,20,109,10,1.283406905257821,10
2747,30,15,15,7,1.2763156051583036,8
2748,13,94,65,44,1.2761357549811234,50
2749,107,38,90,19,1.2750427230775991,19
2750,15,17,114,8,1.2734943259065565,9
2751,71,11,1,6,1.2732152302328,5
2752,50,19,108,10,1.2701675761997318,9
2753,50,27,65,13,1.2644687002361983,14
2754,73,15,16,8,1.2607482082851333,7
2755,57,45,16,22,1.260216242657092,23
2756,16,22,33,9,1.250719949272024,13
2757,13,28,19,13,1.248860962887749,15
2758,65,10,89,5,1.246766687204138,5
2759,108,31,107,15,1.2462257353255575,16
2760,77,22,65,11,1.2403405493552604,11
2761,107,30,4,15,1.2387516471106226,15
2762,71,25,31,12,1.2380158081615504,13
2763,114,57,86,28,1.2365734265758375,29
2764,63,16,95,8,1.233969730193377,8
2765,60,33,41,17,1.2319535203548815,16
2766,71,26,9,12,1.2262156519313812,14
2767,72,13,8,7,1.2244213275034392,6
2768,51,22,49,11,1.2233396102543554,11
2769,86,81,20,38,1.214920984168942,43
2770,98,11,74,5,1.2137114800422117,6
2771,25,33,97,16,1.211209753293348,17
2772,86,39,78,19,1.2086986282419396,20
2773,63,44,7,18,1.2086828652803667,26
2774,75,52,65,26,1.1957967627587305,26
2775,12,10,19,4,1.1951611042743036,6
2776,93,16,11,6,1.1943672529988347,10
2777,25,25,109,12,1.1927554377225935,13
2778,34,14,79,6,1.1918923228941705,8
2779,87,16,110,7,1.187803786715121,9
2780,20,35,51,19,1.1859303718784329,16
2781,51,78,107,34,1.172815722268868,44
2782,49,28,7,12,1.1696502244503244,16
2783,28,15,78,8,1.1558430891626599,7
2784,64,20,45,9,1.1431500338693237,11
2785,88,24,38,10,1.1397328805109292,14
2786,60,73,71,35,1.1360670304013205,38
2787,36,26,106,13,1.1307287364062801,13
2788,3,26,31,14,1.130409883055894,12
2789,61,18,88,10,1.1254133453483963,8
2790,8,19,49,10,1.119745869684743,9
2791,28,55,109,25,1.1194727855078814,30
2792,69,14,39,7,1.113996399497635,7
2793,73,13,55,6,1.1082443575059586,7
2794,91,12,47,6,1.1047106963660296,6
2795,40,19,45,9,1.1043531225931202,10
2796,96,18,2,9,1.1039761816908797,9
2797,107,35,46,18,1.1031099530770954,17
2798,70,39,106,20,1.1024614638047308,19
2799,14,16,11,7,1.0923565448715802,9
2800,19,42,16,20,1.090264886325069,22
2801,40,13,74,6,1.0901529369074687,7
2802,57,35,13,18,1.076271930506482,17
2803,64,19,97,9,1.0748997556854092,10
2804,87,50,28,25,1.072521726859484,25
2805,67,20,37,9,1.0707700527635258,11
2806,106,12,66,5,1.070759127853136,7
2807,58,14,71,7,1.0679524363994282,7
2808,70,55,8,27,1.0665028298167964,28
2809,104,30,109,15,1.0638658496000608,15
2810,27,50,107,24,1.0635743543410627,26
2811,13,39,50,19,1.056438685531628,20
2812,20,18,48,8,1.0556464172960105,10
2813,27,22,75,11,1.0503344003348205,11
2814,71,18,45,10,1.0500246166344394,8
2815,4,60,13,28,1.0440840904331967,32
2816,23,29,8,14,1.0415352116212746,15
2817,18,35,51,18,1.0414861976482428,17
2818,104,16,33,7,1.0375486456158112,9
2819,90,21,88,11,1.0373159148886417,10
2820,7,59,18,30,1.0365595161190129,29
2821,17,26,34,13,1.0349170327513273,13
2822,45,14,3,7,1.0349134798027078,7
2823,13,56,9,26,1.0296923282418164,30
2824,1,34,107,17,1.0240407626738774,17
2825,63,20,44,9,1.0233184771026502,11
2826,70,10,33,5,1.0222975969230632,5
2827,86,22,93,11,1.0208024258978539,11
2828,98,28,107,14,1.0170960211152535,14
2829,62,11,102,5,1.0112809570617003,6
2830,45,12,88,5,1.0058195203591582,7
2831,13,43,75,20,1.005364432264769,23
2832,114,11,93,6,1.004990658958168,5
2833,114,39,7,18,1.0047894280060632,21
2834,37,37,17,16,0.9978108601802018,21
2835,41,45,39,20,0.9885186385436125,25
2836,3,20,49,10,0.9833749273830156,10
2837,107,65,5,32,0.9748363761521144,33
2838,78,12,9,6,0.9745877106891208,6
2839,53,40,51,20,0.9719493528973242,20
2840,43,18,104,10,0.9713909420415116,8
2841,37,50,51,27,0.9710667257210692,23
2842,9,40,39,21,0.970771475989892,19
2843,102,30,114,14,0.9680544759122783,16
2844,100,23,30,10,0.9671219532326799,13
2845,72,13,88,6,0.9660404326706519,7
2846,54,13,12,7,0.9644229325307597,6
2847,104,38,106,19,0.9604760273979323,19
2848,106,11,103,6,0.9583580547252424,5
2849,62,12,30,5,0.9579903874565542,7
2850,54,17,29,8,0.9568622693148616,9
2851,14,14,5,6,0.9561035605846475,8
2852,63,23,53,11,0.9461903574638922,12
2853,18,29,40,12,0.9358054757186772,17
2854,88,17,78,8,0.92606440809691,9
2855,63,39,11,17,0.925514505053444,22
2856,104,61,13,30,0.9252968920373422,31
2857,33,17,86,9,0.9246066959077469,8
2858,77,24,68,12,0.9242995453914955,12
2859,75,27,114,13,0.9181862737012574,14
2860,13,20,33,10,0.918120505460343,10
2861,49,17,64,9,0.9177987858809149,8
2862,106,100,86,49,0.9173221659807225,51
2863,50,20,112,9,0.9149514035999706,11
2864,107,77,54,36,0.9143717664713554,41
2865,43,17,50,7,0.911659904777202,10
2866,36,35,75,19,0.9076169876586753,16
2867,54,19,23,9,0.9061282044308893,10
2868,112,11,14,6,0.9022319115654415,5
2869,68,17,74,7,0.9001065237726507,10
2870,34,22,27,11,0.8999690225048063,11
2871,8,76,88,37,0.8933115574955768,39
2872,63,98,65,48,0.8891459827270372,50
2873,60,17,83,8,0.8851626447494981,9
2874,12,15,50,5,0.8796715451198309,10
2875,84,17,91,8,0.8755346549877653,9
2876,1,13,39,8,0.8746055005974142,5
2877,112,18,23,8,0.8735906898502468,10
2878,108,11,7,6,0.8716332223147827,5
2879,60,17,84,10,0.871614356489069,7
2880,8,67,37,33,0.8700084298071539,34
2881,15,32,19,16,0.869995419279519,16
2882,10,10,114,4,0.8617397018011257,6
2883,19,14,88,7,0.8605646537582025,7
2884,77,14,64,8,0.8550421959375887,6
2885,39,13,102,6,0.8492100400200487,7
2886,60,14,98,7,0.8439389777307171,7
2887,28,23,30,12,0.8403239904216823,11
2888,86,36,57,17,0.8388849438542109,19
2889,2,16,46,8,0.8285194662826778,8
2890,33,15,114,8,0.8283609152315331,7
2891,29,12,106,6,0.8264692442725535,6
2892,28,48,37,24,0.8263140292594408,24
2893,84,15,95,7,0.8218033746912388,8
2894,107,83,28,39,0.8210512254142036,44
2895,114,19,45,9,0.8205689132017492,10
2896,7,16,79,8,0.808566327439515,8
2897,96,58,107,27,0.8081270899904945,31
2898,84,31,50,16,0.8064114901977948,15
2899,56,14,40,7,0.8062835825274064,7
2900,30,26,40,13,0.8045580871786187,13
2901,39,62,107,31,0.8038504831284023,31
2902,2,22,88,11,0.7956469041111237,11
2903,16,32,109,15,0.7913800876476477,17
2904,28,16,89,7,0.7901986413516635,9
2905,96,15,3,8,0.788360761162582,7
2906,4,18,104,10,0.7872554057904764,8
2907,100,13,97,6,0.7866792604447757,7
2908,9,17,34,8,0.77910514985876,9
2909,35,25,86,11,0.7790661728530307,14
2910,13,51,28,25,0.7790491963091711,26
2911,65,66,68,32,0.7774994840069711,34
2912,87,22,99,10,0.7762165713325069,12
2913,64,10,28,5,0.775821003167415,5
2914,10,19,84,9,0.7730240789929571,10
2915,97,20,93,10,0.7717644600090583,10
2916,107,96,7,42,0.7700695698456721,54
2917,103,12,41,6,0.7623668270727215,6
2918,14,15,13,6,0.7511854242648525,9
2919,3,20,71,10,0.744611540631482,10
2920,46,24,84,11,0.744605770354001,13
2921,36,13,74,5,0.7437175733038444,8
2922,38,22,64,11,0.741675899909912,11
2923,69,20,114,11,0.7413909287632924,9
2924,25,24,15,13,0.7394428200536315,11
2925,5,40,63,22,0.7358500176759455,18
2926,40,77,86,36,0.7352757671814381,41
2927,17,18,87,9,0.7339013030227953,9
2928,95,41,5,21,0.731606653431554,20
2929,7,86,65,45,0.7314326563301058,41
2930,3,27,9,13,0.7284011303001918,14
2931,71,10,96,5,0.7278695572627789,5
2932,57,22,37,11,0.7248362672161263,11
2933,8,24,17,12,0.7243993806611897,12
2934,69,19,50,8,0.7231056665252452,11
2935,37,14,43,6,0.7216140734144576,8
2936,61,18,40,9,0.7154895706830828,9
2937,82,13,28,7,0.7153587234866209,6
2938,17,23,68,12,0.7086074455277899,11
2939,16,43,114,20,0.7076739119335058,23
2940,18,23,104,13,0.701208945227421,10
2941,38,11,91,5,0.7003822911270713,6
2942,51,56,87,27,0.6990808622612193,29
2943,57,11,95,4,0.6989616542578664,7
2944,16,34,90,18,0.6982734048169781,16
2945,62,10,98,5,0.6900751788017032,5
2946,107,33,17,16,0.6889894153515201,17
2947,18,19,25,10,0.6816652439852776,9
2948,109,14,23,7,0.6795387556597896,7
2949,43,13,58,6,0.6756377653052408,7
2950,30,22,76,10,0.671516660444263,12
2951,86,21,94,10,0.6703196828344837,11
2952,37,40,114,18,0.6680388190804037,22
2953,78,27,68,13,0.6665707308109965,14
2954,55,60,51,29,0.6653649036389611,31
2955,8,45,39,23,0.6537935068431715,22
2956,17,27,49,15,0.6491822055299452,12
2957,78,16,65,9,0.6490387322425095,7
2958,30,12,114,6,0.6487861981579935,6
2959,86,27,77,13,0.6434105237769749,14
2960,25,66,16,32,0.6430858425989757,34
2961,98,16,50,8,0.6426219058041094,8
2962,25,25,41,14,0.6394054706376684,11
2963,94,28,87,14,0.6376181936128125,14
2964,111,17,36,8,0.6365354853619557,9
2965,70,22,41,12,0.6354721735396393,10
2966,4,28,64,13,0.6316212138641686,15
2967,60,23,1,11,0.6297573562891167,12
2968,65,40,37,21,0.6273579146862459,19
2969,30,15,78,8,0.6248203878145934,7
2970,36,33,71,17,0.6241330409639582,16
2971,88,34,109,16,0.6239068088208908,18
2972,78,21,19,10,0.623416264726791,11
2973,76,30,96,14,0.6223340675935091,16
2974,87,31,64,16,0.6180751561719404,15
2975,31,22,58,11,0.6168553703735019,11
2976,39,58,87,29,0.6123529887257356,29
2977,19,17,11,9,0.6107883735109847,8
2978,91,16,70,7,0.6063303701253773,9
2979,13,55,53,25,0.6028868868296878,30
2980,41,57,88,27,0.6028240463673848,30
2981,63,15,34,7,0.6010869874219945,8
2982,71,32,106,15,0.6009609652453856,17
2983,111,10,12,6,0.6003907747378726,4
2984,71,10,23,4,0.6000287508458257,6
2985,100,35,39,18,0.5933878984404668,17
2986,112,21,9,11,0.5891782951722581,10
2987,76,13,36,4,0.5885035889042722,9
2988,81,16,68,8,0.5833845458965541,8
2989,3,42,51,24,0.5811176839914873,18
2990,62,25,39,13,0.58110831275913,12
2991,90,18,84,9,0.5795253040496203,9
2992,63,49,87,23,0.5756968266789866,26
2993,20,14,15,7,0.5689936775430091,7
2994,40,10,94,5,0.5678516928680516,5
2995,29,10,108,5,0.5615423900676226,5
2996,97,31,2,15,0.5614740846174435,16
2997,83,10,2,5,0.5594397265150824,5
2998,68,37,104,19,0.5539676176829772,18
2999,5,49,54,23,0.5526115688513309,26
3000,3,14,109,7,0.5522306780191789,7
3001,92,17,7,7,0.5480230211986101,10
3002,98,27,16,13,0.5462850233229243,14
3003,64,29,54,15,0.5456745481805155,14
3004,86,12,66,6,0.5447941989519712,6
3005,11,53,107,25,0.542515727982905,28
3006,60,77,7,38,0.5423394255026432,39
3007,106,10,1,5,0.539652861011431,5
3008,71,22,55,12,0.5319428762463091,10
3009,107,20,6,10,0.5288105428737948,10
3010,73,19,28,10,0.5214155246375574,9
3011,20,45,8,22,0.5203427059390364,23
3012,106,68,28,33,0.5161436710076662,35
3013,4,18,9,9,0.5118055197130339,9
3014,49,12,97,5,0.510198270023406,7
3015,47,12,72,5,0.5048188031697544,7
3016,54,73,16,37,0.5043927067789306,36
3017,90,13,91,6,0.5003235284827323,7
3018,88,35,31,18,0.4999807976090588,17
3019,5,59,87,29,0.4991669720547012,30
3020,50,65,54,32,0.4949296901820479,33
3021,88,13,94,7,0.49329719816466966,6
3022,74,22,18,12,0.49290222508995235,10
3023,86,71,13,36,0.4858778077856393,35
3024,11,63,16,27,0.48577690652561817,36
3025,57,14,104,5,0.4845128262229356,9
3026,95,28,74,13,0.47842550860281996,15
3027,75,31,41,14,0.47837138213253816,17
3028,107,59,60,29,0.47676663680262105,30
3029,25,51,39,26,0.4759465051184244,25
3030,65,54,31,26,0.46913887469692744,28
3031,16,38,40,18,0.46824228728492223,20
3032,97,39,107,20,0.4513498337115768,19
3033,64,17,17,9,0.45034602156283254,8
3034,80,11,9,7,0.4439834453330457,4
3035,17,30,50,16,0.44354818573896915,14
3036,90,15,11,7,0.4409004522210816,8
3037,39,39,47,19,0.434229081136382,20
3038,40,43,31,22,0.429627197462679,21
3039,68,46,63,23,0.4255709909849699,23
3040,27,63,68,31,0.4238770643949794,32
3041,46,11,19,6,0.4237898327913996,5
3042,5,14,38,7,0.4168378546295618,7
3043,31,33,86,17,0.4107692180392416,16
3044,50,18,79,9,0.4091046493522828,9
3045,49,12,72,6,0.4027717126141847,6
3046,1,13,62,7,0.40260932742909444,6
3047,27,17,106,10,0.4013630945998079,7
3048,55,16,41,8,0.3929137359889599,8
3049,62,22,100,10,0.3924814890688976,12
3050,102,14,84,7,0.3912018744364814,7
3051,8,13,44,6,0.3904420875790005,7
3052,57,20,55,11,0.38903746063509637,9
3053,69,30,36,15,0.38598798110099336,15
3054,8,35,50,16,0.38293825667797665,19
3055,16,30,111,14,0.38292925496486846,16
3056,114,28,71,14,0.3795577437704574,14
3057,70,22,97,12,0.3783758219642565,10
3058,14,18,84,8,0.37783903496494214,10
3059,50,31,51,16,0.3741743899822504,15
3060,87,28,47,14,0.37376203212616155,14
3061,88,35,71,19,0.3711092012403024,16
3062,40,21,75,10,0.36863713867004627,11
3063,16,23,4,10,0.3685363738737263,13
3064,95,26,28,12,0.36814720179538635,14
3065,25,30,63,16,0.3669879376751877,14
3066,107,86,8,40,0.3663711044834907,46
3067,92,18,13,7,0.36521745881563183,11
3068,46,18,41,8,0.36430211798636986,10
3069,13,27,38,12,0.35957757900250525,15
3070,7,21,8,10,0.35073482330961425,11
3071,107,16,79,9,0.3498222414341266,7
3072,49,10,5,5,0.3484948933204418,5
3073,51,46,9,22,0.3398399478360059,24
3074,109,13,4,6,0.3380907022892352,7
3075,51,30,12,15,0.33505136011219355,15
3076,83,20,106,11,0.33164456490941063,9
3077,88,23,81,11,0.33068140507189175,12
3078,61,17,3,10,0.326885819863067,7
3079,55,38,96,18,0.3245672587151402,20
3080,80,17,71,9,0.3237123360021306,8
3081,86,23,108,13,0.3219408787814728,10
3082,114,68,107,33,0.32070298196932506,35
3083,83,25,28,14,0.3193130867023741,11
3084,60,48,53,25,0.3118269913878374,23
3085,107,68,63,37,0.3098872954610473,31
3086,29,12,103,5,0.3078260221571778,7
3087,23,19,111,11,0.30722018824927017,8
3088,81,12,108,6,0.3007328534362905,6
3089,114,60,88,30,0.29749332449413723,30
3090,88,15,48,6,0.2955612335778544,9
3091,80,34,86,17,0.2891436647516337,17
3092,70,21,39,11,0.2845470082736238,10
3093,86,88,65,46,0.2829454584527399,42
3094,67,12,25,6,0.2816428039469064,6
3095,96,12,67,7,0.27996501259109813,5
3096,7,20,70,8,0.27895885562124206,12
3097,53,18,5,8,0.2778213329671456,10
3098,3,50,86,26,0.27741436780491696,24
3099,112,16,17,8,0.27197121777913047,8
3100,8,68,54,36,0.2717500362559116,32
3101,36,11,38,4,0.26679215079866997,7
3102,102,21,65,12,0.26656875478495223,9
3103,37,22,76,12,0.2606095394442829,10
3104,17,16,1,8,0.2596634204009507,8
3105,100,18,94,8,0.25905464613448714,10
3106,4,32,68,16,0.25730955252799864,16
3107,69,15,109,7,0.25256668575722185,8
3108,28,13,15,7,0.25134211677209733,6
3109,17,11,108,5,0.2506467392789146,6
3110,88,38,20,20,0.24807571543102264,18
3111,69,10,103,5,0.2471847046423356,5
3112,40,25,47,14,0.24655985846699452,11
3113,39,10,93,5,0.24650819188032075,5
3114,83,20,88,11,0.24121558114701722,9
3115,61,16,13,9,0.23942923044644315,7
3116,30,20,106,10,0.23895557447172086,10
3117,57,27,41,13,0.23819889298826064,14
3118,107,72,84,36,0.23736523288219447,36
3119,76,32,11,15,0.23688360995143154,17
3120,43,12,112,6,0.23582743390542227,6
3121,38,11,27,6,0.2324219244320551,5
3122,84,25,65,12,0.23199956905102248,13
3123,65,10,101,5,0.22906131925901718,5
3124,67,12,84,5,0.22644335659627104,7
3125,107,40,18,22,0.21456452912257484,18
3126,53,21,44,9,0.2122113313421154,12
3127,63,26,27,12,0.2115249139790653,14
3128,28,11,66,5,0.2056598644516812,6
3129,46,23,17,12,0.20521498367655996,11
3130,63,48,40,23,0.20172959340563693,25
3131,81,21,107,11,0.19898617239587554,10
3132,46,16,71,7,0.19894184736909315,9
3133,76,11,47,3,0.1986777302440924,8
3134,20,20,30,10,0.1944033306484096,10
3135,107,61,74,29,0.19420996588142148,32
3136,88,35,37,17,0.1877253046596751,18
3137,35,12,70,7,0.18631436457958764,5
3138,44,15,65,6,0.18351226600640885,9
3139,50,25,114,12,0.18060110833646845,13
3140,71,33,8,17,0.17759312635004623,16
3141,11,47,106,26,0.17225906773687616,21
3142,39,44,11,22,0.1687933757314574,22
3143,8,28,76,13,0.16855819265900343,15
3144,7,51,4,26,0.16136746029798088,25
3145,17,35,13,18,0.16118661156332906,17
3146,62,12,106,6,0.1584669634691407,6
3147,7,16,83,7,0.15765677447455273,9
3148,112,31,65,16,0.15691587782419453,15
3149,20,10,72,5,0.15576959543407512,5
3150,38,25,68,13,0.15398370659524505,12
3151,84,22,80,10,0.15202664995311643,12
3152,51,20,98,10,0.14461940831704007,10
3153,3,33,60,16,0.1438179309995333,17
3154,68,60,86,31,0.13639189861894088,29
3155,65,46,60,20,0.13588081734778348,26
3156,73,10,25,5,0.1328731236438802,5
3157,27,17,23,9,0.1293203467517947,8
3158,98,14,19,6,0.12846875445523867,8
3159,69,25,7,13,0.12779683769016903,12
3160,100,25,15,12,0.12210295717606741,13
3161,28,22,98,9,0.12169006680659694,13
3162,19,27,39,15,0.11800402084248923,12
3163,13,63,39,32,0.11426625661215897,31
3164,87,29,46,16,0.11270653005848175,13
3165,68,61,60,32,0.11182399826942448,29
3166,50,13,62,7,0.11099730608214305,6
3167,72,14,78,8,0.11012637844461588,6
3168,2,18,84,9,0.10504403066305398,9
3169,68,13,44,7,0.10451112471006771,6
3170,50,57,86,30,0.09835934402357824,27
3171,16,41,112,20,0.09719420060748055,21
3172,86,30,53,13,0.09593092236920715,17
3173,74,39,25,20,0.09563368284676016,19
3174,87,14,92,7,0.09367358040314991,7
3175,30,15,96,8,0.09214636377364425,7
3176,114,29,36,13,0.09213128587786307,16
3177,106,19,43,10,0.09144216539691846,9
3178,95,52,86,24,0.08956033992826938,28
3179,8,26,30,13,0.0888857648488451,13
3180,112,20,27,10,0.08833954723325574,10
3181,84,37,88,17,0.08333477514829757,20
3182,97,36,74,17,0.07931920932357782,19
3183,62,16,27,8,0.07764819872737361,8
3184,84,11,69,5,0.0764184866169909,6
3185,13,39,15,20,0.07584827733467901,19
3186,55,15,108,8,0.07480659095217349,7
3187,62,19,37,8,0.06880627143278654,11
3188,106,21,40,10,0.06808253080226546,11
3189,27,20,40,8,0.058743697650326256,12
3190,8,70,106,37,0.05212763279076112,33
3191,23,20,15,10,0.052043691980666475,10
3192,34,19,50,10,0.05002588679712766,9
3193,73,16,106,8,0.04700386219362951,8
3194,83,17,51,10,0.04607341431682285,7
3195,47,10,58,5,0.04544416959920028,5
3196,114,46,104,24,0.04494734082733511,22
3197,74,41,54,20,0.04296760366186976,21
3198,31,11,97,5,0.04256244744109723,6
3199,16,28,102,14,0.03953820636299188,14
3200,9,50,68,25,0.039410551307440755,25
3201,55,52,87,26,0.039341837208104025,26
3202,68,79,51,37,0.038000209577506695,42
3203,84,19,17,10,0.032612383959908106,9
3204,106,42,50,20,0.025298087208634697,22
3205,88,46,49,23,0.025210795706532754,23
3206,106,26,100,12,0.022225583959526604,14
3207,46,49,11,24,0.020470229591225353,25
3208,20,33,13,17,0.019180924905999427,16
3209,11,17,40,8,0.017177041126851686,9
3210,13,64,49,30,0.015693293768663963,34
3211,15,10,48,5,0.011064943202326916,5
3212,109,17,83,7,0.00972932964701334,10
3213,107,54,68,26,0.006652868675110292,28
3214,69,11,100,5,0.0031779218200798905,6
3215,100,11,69,6,-0.0031779218200798905,5
3216,68,54,107,28,-0.0066528686751103575,26
3217,106,47,76,26,-0.009505075346386196,21
3218,83,17,109,10,-0.009729329647013785,7
3219,48,10,15,5,-0.01106494320232656,5
3220,49,64,13,34,-0.01569329376866374,30
3221,40,17,11,9,-0.01717704112685221,8
3222,13,33,20,16,-0.019180924905998997,17
3223,11,49,46,25,-0.020470229591225946,24
3224,100,26,106,14,-0.02222558395952517,12
3225,49,46,88,23,-0.025210795706531827,23
3226,50,42,106,22,-0.02529808720863334,20
3227,17,19,84,9,-0.03261238395990876,10
3228,51,79,68,42,-0.03800020957750606,37
3229,87,52,55,26,-0.039341837208104025,26
3230,68,50,9,25,-0.03941055130744142,25
3231,97,11,31,6,-0.042562447441096586,5
3232,54,41,74,21,-0.04296760366187002,20
3233,104,46,114,22,-0.04494734082733487,24
3234,58,10,47,5,-0.04544416959920099,5
3235,51,17,83,7,-0.04607341431682421,10
3236,106,16,73,8,-0.0470038621936304,8
3237,50,19,34,9,-0.05002588679712785,10
3238,15,20,23,10,-0.05204369198066665,10
3239,106,70,8,33,-0.05212763279076128,37
3240,40,20,27,12,-0.0587436976503246,8
3241,40,21,106,11,-0.0680825308022658,10
3242,37,19,62,11,-0.06880627143278734,8
3243,108,15,55,7,-0.07480659095217229,8
3244,15,39,13,19,-0.07584827733467947,20
3245,69,11,84,6,-0.0764184866169909,5
3246,27,16,62,8,-0.07764819872737494,8
3247,74,36,97,19,-0.07931920932357782,17
3248,88,37,84,20,-0.0833347751482989,17
3249,27,20,112,10,-0.08833954723325495,10
3250,30,26,8,13,-0.08888576484884539,13
3251,86,52,95,28,-0.08956033992827091,24
3252,43,19,106,9,-0.09144216539691921,10
3253,36,29,114,16,-0.09213128587786189,13
3254,96,15,30,7,-0.09214636377364507,8
3255,92,14,87,7,-0.09367358040315074,7
3256,25,39,74,19,-0.0956336828467596,20
3257,53,30,86,17,-0.09593092236920858,13
3258,112,41,16,21,-0.09719420060748007,20
3259,86,57,50,27,-0.09835934402357775,30
3260,44,13,68,6,-0.10451112471006657,7
3261,84,18,2,9,-0.10504403066305477,9
3262,78,14,72,6,-0.1101263784446174,8
3263,62,13,50,6,-0.11099730608214305,7
3264,60,61,68,29,-0.11182399826942448,32
3265,46,29,87,13,-0.11270653005848358,16
3266,39,63,13,31,-0.11426625661216093,32
3267,39,27,19,12,-0.11800402084248993,15
3268,98,22,28,13,-0.1216900668065983,9
3269,15,25,100,13,-0.12210295717606698,12
3270,7,25,69,12,-0.1277968376901685,13
3271,19,14,98,8,-0.12846875445523917,6
3272,23,17,27,8,-0.1293203467517956,9
3273,25,10,73,5,-0.1328731236438802,5
3274,60,46,65,26,-0.1358808173477839,20
3275,86,60,68,29,-0.13639189861894174,31
3276,60,33,3,17,-0.1438179309995335,16
3277,98,20,51,10,-0.14461940831704023,10
3278,80,22,84,12,-0.15202664995311627,10
3279,68,25,38,12,-0.15398370659524221,13
3280,72,10,20,5,-0.15576959543407548,5
3281,65,31,112,15,-0.15691587782419436,16
3282,83,16,7,9,-0.1576567744745514,7
3283,106,12,62,6,-0.15846696346914188,6
3284,13,35,17,17,-0.16118661156332945,18
3285,4,51,7,25,-0.16136746029798163,26
3286,76,28,8,15,-0.1685581926590033,13
3287,11,44,39,22,-0.16879337573145764,22
3288,106,47,11,21,-0.17225906773687602,26
3289,8,33,71,16,-0.17759312635004632,17
3290,114,25,50,13,-0.18060110833646717,12
3291,65,15,44,9,-0.1835122660064091,6
3292,70,12,35,5,-0.18631436457958692,7
3293,37,35,88,18,-0.18772530465967646,17
3294,47,11,76,8,-0.19867773024409274,3
3295,71,16,46,9,-0.19894184736909182,7
3296,107,21,81,10,-0.19898617239587607,11
3297,40,48,63,25,-0.20172959340563568,23
3298,17,23,46,11,-0.2052149836765593,12
3299,66,11,28,6,-0.20565986445168055,5
3300,27,26,63,14,-0.21152491397906464,12
3301,44,21,53,12,-0.2122113313421161,9
3302,18,40,107,18,-0.21456452912257684,22
3303,84,12,67,7,-0.22644335659627166,5
3304,101,10,65,5,-0.2290613192590168,5
3305,65,25,84,13,-0.23199956905102265,12
3306,27,11,38,5,-0.2324219244320551,6
3307,112,12,43,6,-0.23582743390542227,6
3308,84,72,107,36,-0.23736523288219558,36
3309,41,27,57,14,-0.23819889298825944,13
3310,106,20,30,10,-0.2389555744717199,10
3311,13,16,61,7,-0.2394292304464427,9
3312,88,20,83,9,-0.24121558114701463,11
3313,93,10,39,5,-0.24650819188031967,5
3314,47,25,40,11,-0.24655985846699366,14
3315,103,10,69,5,-0.2471847046423381,5
3316,108,11,17,6,-0.25064673927891384,5
3317,15,13,28,6,-0.2513421167720962,7
3318,109,15,69,8,-0.25256668575722047,7
3319,68,32,4,16,-0.2573095525279973,16
3320,94,18,100,10,-0.25905464613448714,8
3321,1,16,17,8,-0.2596634204009509,8
3322,76,22,37,10,-0.26060953944428406,12
3323,65,21,102,9,-0.2665687547849519,12
3324,38,11,36,7,-0.26679215079866964,4
3325,54,68,8,32,-0.27175003625591143,36
3326,17,16,112,8,-0.27197121777913247,8
3327,86,50,3,24,-0.2774143678049175,26
3328,5,18,53,10,-0.277821332967146,8
3329,70,20,7,12,-0.27895885562124184,8
3330,67,12,96,5,-0.279965012591097,7
3331,25,12,67,6,-0.2816428039469064,6
3332,65,88,86,42,-0.28294545845274166,46
3333,39,21,70,10,-0.2845470082736231,11
3334,86,34,80,17,-0.2891436647516337,17
3335,48,15,88,9,-0.29556123357785347,6
3336,88,60,114,30,-0.2974933244941375,30
3337,108,12,81,6,-0.3007328534362905,6
3338,111,19,23,8,-0.30722018824927033,11
3339,103,12,29,7,-0.3078260221571769,5
3340,63,68,107,31,-0.3098872954610479,37
3341,53,48,60,23,-0.3118269913878375,25
3342,28,25,83,11,-0.3193130867023753,14
3343,107,68,114,35,-0.3207029819693246,33
3344,108,23,86,10,-0.32194087878147215,13
3345,71,17,80,8,-0.3237123360021318,9
3346,96,38,55,20,-0.32456725871514125,18
3347,3,17,61,7,-0.32688581986306675,10
3348,81,23,88,12,-0.33068140507189175,11
3349,106,20,83,9,-0.3316445649094112,11
3350,12,30,51,15,-0.33505136011219405,15
3351,4,13,109,7,-0.3380907022892352,6
3352,9,46,51,24,-0.33983994783600563,22
3353,5,10,49,5,-0.3484948933204407,5
3354,79,16,107,7,-0.34982224143412544,9
3355,8,21,7,11,-0.3507348233096159,10
3356,38,27,13,15,-0.3595775790025047,12
3357,41,18,46,10,-0.36430211798637085,8
3358,13,18,92,11,-0.3652174588156323,7
3359,8,86,107,46,-0.3663711044834909,40
3360,63,30,25,14,-0.3669879376751877,16
3361,28,26,95,14,-0.36814720179538646,12
3362,4,23,16,13,-0.36853637387372506,10
3363,75,21,40,11,-0.3686371386700461,10
3364,71,35,88,16,-0.37110920124030156,19
3365,47,28,87,14,-0.3737620321261605,14
3366,51,31,50,15,-0.37417438998225105,16
3367,84,18,14,10,-0.37783903496494253,8
3368,97,22,70,10,-0.3783758219642562,12
3369,71,28,114,14,-0.3795577437704577,14
3370,111,30,16,16,-0.3829292549648681,14
3371,50,35,8,19,-0.3829382566779763,16
3372,36,30,69,15,-0.3859879811009911,15
3373,55,20,57,9,-0.3890374606350971,11
3374,44,13,8,7,-0.3904420875789997,6
3375,84,14,102,7,-0.39120187443648013,7
3376,100,22,62,12,-0.3924814890688968,10
3377,41,16,55,8,-0.39291373598895946,8
3378,106,17,27,7,-0.40136309459980746,10
3379,62,13,1,6,-0.40260932742909444,7
3380,72,12,49,6,-0.402771712614185,6
3381,79,18,50,9,-0.4091046493522828,9
3382,86,33,31,16,-0.4107692180392426,17
3383,38,14,5,7,-0.4168378546295618,7
3384,19,11,46,5,-0.4237898327914003,6
3385,68,63,27,32,-0.4238770643949787,31
3386,63,46,68,23,-0.4255709909849707,23
3387,31,43,40,21,-0.4296271974626791,22
3388,47,39,39,20,-0.43422908113638303,19
3389,11,15,90,8,-0.4409004522210813,7
3390,50,30,17,14,-0.4435481857389689,16
3391,9,11,80,4,-0.4439834453330448,7
3392,17,17,64,8,-0.4503460215628323,9
3393,107,39,97,19,-0.4513498337115769,20
3394,40,38,16,20,-0.46824228728492284,18
3395,31,54,65,28,-0.4691388746969265,26
3396,39,51,25,25,-0.4759465051184236,26
3397,60,59,107,30,-0.4767666368026221,29
3398,41,31,75,17,-0.47837138213253816,14
3399,74,28,95,15,-0.4784255086028221,13
3400,104,14,57,9,-0.4845128262229359,5
3401,13,71,86,35,-0.4858778077856391,36
3402,18,22,74,10,-0.4929022250899522,12
3403,94,13,88,6,-0.49329719816466994,7
3404,54,65,50,33,-0.494929690182047,32
3405,87,59,5,30,-0.49916697205470045,29
3406,31,35,88,17,-0.499980797609059,18
3407,91,13,90,7,-0.5003235284827329,6
3408,16,73,54,36,-0.50439270677893,37
3409,72,12,47,7,-0.504818803169754,5
3410,97,12,49,7,-0.510198270023406,5
3411,9,18,4,9,-0.5118055197130339,9
3412,28,68,106,35,-0.5161436710076651,33
3413,8,45,20,23,-0.5203427059390361,22
3414,28,19,73,9,-0.5214155246375576,10
3415,6,20,107,10,-0.528810542873795,10
3416,55,22,71,10,-0.5319428762463102,12
3417,1,10,106,5,-0.5396528610114302,5
3418,7,77,60,39,-0.5423394255026428,38
3419,66,12,86,6,-0.5447941989519703,6
3420,54,29,64,14,-0.5456745481805153,15
3421,16,27,98,14,-0.5462850233229247,13
3422,7,17,92,10,-0.5480230211986107,7
3423,109,14,3,7,-0.5522306780191784,7
3424,54,49,5,26,-0.5526115688513301,23
3425,104,37,68,18,-0.5539676176829778,19
3426,2,10,83,5,-0.559439726515081,5
3427,2,31,97,16,-0.5614740846174444,15
3428,108,10,29,5,-0.5615423900676234,5
3429,94,10,40,5,-0.5678516928680514,5
3430,15,14,20,7,-0.5689936775430089,7
3431,87,49,63,26,-0.575696826678987,23
3432,84,18,90,9,-0.5795253040496205,9
3433,39,25,62,12,-0.5811083127591289,13
3434,51,42,3,18,-0.5811176839914879,24
3435,68,16,81,8,-0.5833845458965539,8
3436,36,13,76,9,-0.5885035889042698,4
3437,9,21,112,10,-0.5891782951722585,11
3438,39,35,100,17,-0.593387898440466,18
3439,23,10,71,6,-0.6000287508458257,4
3440,12,10,111,4,-0.6003907747378741,6
3441,106,32,71,17,-0.6009609652453869,15
3442,34,15,63,8,-0.6010869874219955,7
3443,88,57,41,30,-0.6028240463673847,27
3444,53,55,13,30,-0.602886886829687,25
3445,70,16,91,9,-0.6063303701253777,7
3446,11,17,19,8,-0.6107883735109851,9
3447,87,58,39,29,-0.6123529887257358,29
3448,58,22,31,11,-0.6168553703735028,11
3449,64,31,87,15,-0.6180751561719395,16
3450,96,30,76,16,-0.6223340675935105,14
3451,19,21,78,11,-0.6234162647267909,10
3452,71,33,36,16,-0.6241330409639598,17
3453,78,15,30,7,-0.6248203878145937,8
3454,37,40,65,19,-0.6273579146862459,21
3455,1,23,60,12,-0.6297573562891176,11
3456,64,28,4,15,-0.6316212138641698,13
3457,20,16,93,9,-0.6327174645108351,7
3458,41,22,70,10,-0.6354721735396389,12
3459,36,17,111,9,-0.6365354853619557,8
3460,87,28,94,14,-0.6376181936128147,14
3461,41,25,25,11,-0.6394054706376676,14
3462,50,16,98,8,-0.6426219058041119,8
3463,16,66,25,34,-0.6430858425989762,32
3464,77,27,86,14,-0.643410523776974,13
3465,114,12,30,6,-0.6487861981579929,6
3466,65,16,78,7,-0.6490387322425106,9
3467,49,27,17,12,-0.6491822055299451,15
3468,39,45,8,22,-0.6537935068431717,23
3469,51,60,55,31,-0.6653649036389623,29
3470,68,27,78,14,-0.6665707308109977,13
3471,114,40,37,22,-0.6680388190804033,18
3472,94,21,86,11,-0.6703196828344838,10
3473,76,22,30,12,-0.6715166604442634,10
3474,58,13,43,7,-0.6756377653052408,6
3475,23,14,109,7,-0.6795387556597896,7
3476,25,19,18,9,-0.6816652439852758,10
3477,17,33,107,17,-0.6889894153515204,16
3478,98,10,62,5,-0.6900751788017029,5
3479,90,34,16,16,-0.6982734048169768,18
3480,95,11,57,7,-0.6989616542578677,4
3481,87,56,51,29,-0.6990808622612193,27
3482,91,11,38,6,-0.7003822911270713,5
3483,104,23,18,10,-0.7012089452274208,13
3484,114,43,16,23,-0.707673911933505,20
3485,68,23,17,11,-0.7086074455277905,12
3486,28,13,82,6,-0.7153587234866207,7
3487,40,18,61,9,-0.7154895706830816,9
3488,43,14,37,8,-0.7216140734144568,6
3489,50,19,69,11,-0.723105666525245,8
3490,17,24,8,12,-0.7243993806611906,12
3491,37,22,57,11,-0.7248362672161277,11
3492,96,10,71,5,-0.7278695572627789,5
3493,9,27,3,14,-0.7284011303001917,13
3494,65,86,7,41,-0.7314326563301068,45
3495,5,41,95,20,-0.7316066534315533,21
3496,87,18,17,9,-0.7339013030227953,9
3497,86,77,40,41,-0.7352757671814375,36
3498,63,40,5,18,-0.7358500176759462,22
3499,15,24,25,11,-0.7394428200536295,13
3500,114,20,69,9,-0.7413909287632927,11
3501,64,22,38,11,-0.741675899909911,11
3502,74,13,36,8,-0.743717573303844,5
3503,84,24,46,13,-0.7446057703540011,11
3504,71,20,3,10,-0.7446115406314829,10
3505,13,15,14,9,-0.751185424264851,6
3506,41,12,103,6,-0.7623668270727219,6
3507,7,96,107,54,-0.7700695698456725,42
3508,93,20,97,10,-0.7717644600090567,10
3509,84,19,10,10,-0.7730240789929577,9
3510,28,10,64,5,-0.7758210031674164,5
3511,99,22,87,12,-0.7762165713325071,10
3512,68,66,65,34,-0.7774994840069711,32
3513,28,51,13,26,-0.7790491963091725,25
3514,86,25,35,14,-0.7790661728530298,11
3515,34,17,9,9,-0.77910514985876,8
3516,97,13,100,7,-0.7866792604447764,6
3517,104,18,4,8,-0.7872554057904768,10
3518,3,15,96,7,-0.7883607611625825,8
3519,89,16,28,9,-0.7901986413516622,7
3520,109,32,16,17,-0.791380087647645,15
3521,88,22,2,11,-0.7956469041111237,11
3522,107,62,39,31,-0.8038504831284012,31
3523,40,26,30,13,-0.8045580871786177,13
3524,40,14,56,7,-0.8062835825274064,7
3525,50,31,84,15,-0.8064114901977935,16
3526,107,58,96,31,-0.8081270899904945,27
3527,79,16,7,8,-0.8085663274395147,8
3528,20,27,74,13,-0.8203305748765273,14
3529,45,19,114,10,-0.8205689132017484,9
3530,28,83,107,44,-0.8210512254142028,39
3531,95,15,84,8,-0.8218033746912378,7
3532,37,48,28,24,-0.8263140292594411,24
3533,106,12,29,6,-0.8264692442725535,6
3534,114,15,33,7,-0.8283609152315335,8
3535,46,16,2,8,-0.8285194662826783,8
3536,57,36,86,19,-0.8388849438542108,17
3537,30,23,28,11,-0.840323990421683,12
3538,98,14,60,7,-0.8439389777307166,7
3539,102,13,39,7,-0.8492100400200481,6
3540,64,14,77,6,-0.8550421959375909,8
3541,88,14,19,7,-0.8605646537582021,7
3542,114,10,10,6,-0.8617397018011254,4
3543,19,32,15,16,-0.8699954192795185,16
3544,37,67,8,34,-0.8700084298071528,33
3545,84,17,60,7,-0.8716143564890693,10
3546,7,11,108,5,-0.8716332223147826,6
3547,23,18,112,10,-0.8735906898502463,8
3548,39,13,1,5,-0.8746055005974142,8
3549,91,17,84,9,-0.8755346549877636,8
3550,11,24,48,12,-0.8788776562363085,12
3551,50,15,12,10,-0.8796715451198305,5
3552,83,17,60,9,-0.8851626447494985,8
3553,65,98,63,50,-0.8891459827270378,48
3554,88,76,8,39,-0.8933115574955759,37
3555,27,22,34,11,-0.8999690225048059,11
3556,74,17,68,10,-0.9001065237726515,7
3557,14,11,112,5,-0.9022319115654427,6
3558,23,19,54,10,-0.9061282044308884,9
3559,75,35,36,16,-0.9076169876586756,19
3560,50,17,43,10,-0.911659904777202,7
3561,54,77,107,41,-0.9143717664713543,36
3562,112,20,50,11,-0.9149514035999712,9
3563,64,17,49,8,-0.9177987858809147,9
3564,33,20,13,10,-0.9181205054603415,10
3565,114,27,75,14,-0.9181862737012573,13
3566,68,24,77,12,-0.9242995453914947,12
3567,86,17,33,8,-0.9246066959077452,9
3568,13,61,104,31,-0.925296892037343,30
3569,11,39,63,22,-0.9255145050534449,17
3570,78,17,88,9,-0.9260644080969103,8
3571,40,29,18,17,-0.9358054757186769,12
3572,53,23,63,12,-0.9461903574638926,11
3573,5,14,14,8,-0.9561035605846475,6
3574,29,17,54,9,-0.9568622693148616,8
3575,30,12,62,7,-0.9579903874565545,5
3576,103,11,106,5,-0.9583580547252434,6
3577,106,38,104,19,-0.9604760273979325,19
3578,12,13,54,6,-0.9644229325307594,7
3579,88,13,72,7,-0.9660404326706524,6
3580,30,23,100,13,-0.9671219532326805,10
3581,114,30,102,16,-0.9680544759122797,14
3582,39,40,9,19,-0.9707714759898943,21
3583,51,50,37,23,-0.9710667257210696,27
3584,104,18,43,8,-0.9713909420415108,10
3585,51,40,53,20,-0.9719493528973238,20
3586,9,12,78,6,-0.9745877106891214,6
3587,5,65,107,33,-0.9748363761521153,32
3588,49,20,3,10,-0.9833749273830158,10
3589,39,45,41,25,-0.9885186385436131,20
3590,17,37,37,21,-0.9978108601802036,16
3591,7,39,114,21,-1.0047894280060643,18
3592,93,11,114,5,-1.0049906589581687,6
3593,75,43,13,23,-1.0053644322647692,20
3594,88,12,45,7,-1.005819520359159,5
3595,102,11,62,6,-1.0112809570617003,5
3596,107,28,98,14,-1.0170960211152535,14
3597,93,22,86,11,-1.0208024258978545,11
3598,33,10,70,5,-1.0222975969230645,5
3599,44,20,63,11,-1.0233184771026504,9
3600,107,34,1,17,-1.0240407626738774,17
3601,9,56,13,30,-1.029692328241817,26
3602,3,14,45,7,-1.0349134798027073,7
3603,34,26,17,13,-1.0349170327513273,13
3604,18,59,7,29,-1.0365595161190124,30
3605,88,21,90,10,-1.0373159148886413,11
3606,33,16,104,9,-1.037548645615811,7
3607,51,35,18,17,-1.0414861976482428,18
3608,8,29,23,15,-1.0415352116212755,14
3609,13,60,4,32,-1.0440840904331994,28
3610,45,18,71,8,-1.050024616634439,10
3611,75,22,27,11,-1.0503344003348196,11
3612,48,18,20,10,-1.0556464172960118,8
3613,50,39,13,20,-1.0564386855316292,19
3614,107,50,27,26,-1.0635743543410638,24
3615,109,30,104,15,-1.063865849600061,15
3616,8,55,70,28,-1.0665028298167962,27
3617,71,14,58,7,-1.067952436399428,7
3618,66,12,106,7,-1.0707591278531368,5
3619,37,20,67,11,-1.0707700527635244,9
3620,28,50,87,25,-1.072521726859484,25
3621,97,19,64,10,-1.0748997556854094,9
3622,13,35,57,17,-1.0762719305064814,18
3623,74,13,40,7,-1.0901529369074696,6
3624,16,42,19,22,-1.0902648863250683,20
3625,11,16,14,9,-1.0923565448715815,7
3626,106,39,70,19,-1.1024614638047292,20
3627,46,35,107,17,-1.1031099530770958,18
3628,2,18,96,9,-1.1039761816908782,9
3629,45,19,40,10,-1.1043531225931214,9
3630,47,12,91,6,-1.104710696366028,6
3631,55,13,73,7,-1.1082443575059588,6
3632,39,14,69,7,-1.1139963994976358,7
3633,109,55,28,30,-1.119472785507881,25
3634,49,19,8,9,-1.119745869684743,10
3635,88,18,61,8,-1.1254133453483963,10
3636,31,26,3,12,-1.1304098830558946,14
3637,106,26,36,13,-1.1307287364062808,13
3638,71,73,60,38,-1.1360670304013198,35
3639,38,24,88,14,-1.139732880510929,10
3640,45,20,64,11,-1.143150033869323,9
3641,78,15,28,7,-1.1558430891626597,8
3642,74,14,12,7,-1.1676100167547812,7
3643,7,28,49,16,-1.169650224450325,12
3644,107,78,51,44,-1.1728157222688689,34
3645,51,35,20,16,-1.185930371878434,19
3646,110,16,87,9,-1.1878037867151192,7
3647,79,14,34,8,-1.1918923228941705,6
3648,109,25,25,13,-1.1927554377225942,12
3649,11,16,93,10,-1.194367252998836,6
3650,19,10,12,6,-1.195161104274304,4
3651,65,52,75,26,-1.1957967627587298,26
3652,7,44,63,26,-1.2086828652803665,18
3653,78,39,86,20,-1.2086986282419392,19
3654,97,33,25,17,-1.2112097532933461,16
3655,74,11,98,6,-1.2137114800422124,5
3656,20,81,86,43,-1.214920984168943,38
3657,49,22,51,11,-1.223339610254356,11
3658,8,13,72,6,-1.2244213275034392,7
3659,9,26,71,14,-1.2262156519313807,12
3660,41,33,60,16,-1.2319535203548821,17
3661,95,16,63,8,-1.233969730193377,8
3662,86,57,114,29,-1.2365734265758381,28
3663,93,21,107,10,-1.2375139728583175,11
3664,31,25,71,13,-1.2380158081615502,12
3665,4,30,107,15,-1.2387516471106224,15
3666,65,22,77,11,-1.2403405493552595,11
3667,107,31,108,16,-1.2462257353255575,15
3668,89,10,65,5,-1.2467666872041385,5
3669,19,28,13,15,-1.248860962887751,13
3670,33,22,16,13,-1.2507199492720238,9
3671,16,45,57,23,-1.2602162426570922,22
3672,16,15,73,7,-1.2607482082851342,8
3673,14,15,107,7,-1.262180496300674,8
3674,65,27,50,14,-1.2644687002361992,13
3675,108,19,50,9,-1.270167576199734,10
3676,1,11,71,5,-1.2732152302328004,6
3677,114,17,15,9,-1.2734943259065574,8
3678,65,94,13,50,-1.276135754981122,44
3679,15,15,30,8,-1.2763156051583031,7
3680,109,20,97,10,-1.2834069052578214,10
3681,54,17,33,8,-1.2844291677407338,9
3682,74,53,16,28,-1.2870673809929654,25
3683,39,74,7,37,-1.288018081289336,37
3684,74,22,2,12,-1.2925512141562505,10
3685,13,44,5,23,-1.3023509853743016,21
3686,104,14,20,8,-1.3034979892398526,6
3687,86,13,6,7,-1.306297639697856,6
3688,58,28,9,15,-1.3102681358219028,13
3689,51,12,32,6,-1.314434714983353,6
3690,8,16,10,9,-1.3145513780375313,7
3691,80,18,74,9,-1.3199661328668575,9
3692,11,24,51,14,-1.3210228131663764,10
3693,109,25,60,13,-1.3235251021634893,12
3694,65,13,61,6,-1.3279652478825155,7
3695,37,13,94,7,-1.3280387948229058,6
3696,76,29,70,14,-1.3451436146232192,15
3697,50,39,63,21,-1.345532084701373,18
3698,51,77,88,36,-1.346724200864409,41
3699,40,17,108,8,-1.3479697301696822,9
3700,27,12,18,7,-1.348491059130869,5
3701,78,26,84,14,-1.3485306553399403,12
3702,88,37,97,19,-1.3490743629309028,18
3703,49,29,30,15,-1.3512252684605837,14
3704,85,12,69,6,-1.3560361154784737,6
3705,87,17,111,9,-1.3561671479223416,8
3706,23,52,16,27,-1.3570419552390458,25
3707,70,39,107,19,-1.3599998705907195,20
3708,74,12,112,6,-1.3616749140437368,6
3709,68,42,64,24,-1.3624818601326816,18
3710,30,26,25,12,-1.3633847180345777,14
3711,76,47,106,22,-1.3637390504385927,25
3712,104,36,76,20,-1.365136601264365,16
3713,77,59,60,30,-1.3709767709472025,29
3714,76,11,90,5,-1.371109786983603,6
3715,48,10,75,5,-1.3711471542080287,5
3716,55,66,86,35,-1.3714897734674971,31
3717,69,11,6,5,-1.3727715082405267,6
3718,11,12,112,6,-1.375991981817059,6
3719,41,30,106,15,-1.3806292559177735,15
3720,7,31,95,17,-1.3809406634768695,14
3721,11,41,50,22,-1.3816262941644981,19
3722,29,11,36,5,-1.3837445576600587,6
3723,39,47,63,28,-1.3876854118637523,19
3724,16,25,44,12,-1.3924747988210244,13
3725,109,35,87,19,-1.3938568273620848,16
3726,9,13,91,7,-1.3946381880594534,6
3727,27,37,41,20,-1.398126824904728,17
3728,13,71,41,36,-1.3989461133401397,35
3729,44,12,75,7,-1.3998373775330364,5
3730,95,17,70,8,-1.4011695857654913,9
3731,19,18,112,10,-1.4017639667638637,8
3732,8,34,60,17,-1.4104782732024959,17
3733,40,16,12,8,-1.412082266616442,8
3734,109,11,94,5,-1.4139835062750101,6
3735,53,11,1,6,-1.4196819324858239,5
3736,45,35,36,16,-1.4232731245081227,19
3737,86,56,70,30,-1.4292180536114512,26
3738,76,23,109,11,-1.4314797840953537,12
3739,25,28,50,14,-1.4391705454909016,14
3740,97,21,20,10,-1.4395279608818727,11
3741,47,22,65,11,-1.444494672794184,11
3742,63,55,106,28,-1.4485566818099482,27
3743,88,62,46,31,-1.4519317579443416,31
3744,55,30,53,16,-1.4538038424746405,14
3745,89,16,50,9,-1.4560158637801313,7
3746,38,16,8,8,-1.4562520429495762,8
3747,72,25,13,12,-1.4568549539060067,13
3748,54,32,84,17,-1.4591305177250877,15
3749,83,23,25,13,-1.459720188055496,10
3750,47,21,31,11,-1.4606130980712662,10
3751,28,20,33,9,-1.4609880096092156,11
3752,51,64,40,33,-1.4624658901194143,31
3753,43,13,23,7,-1.4628793390447175,6
3754,96,48,87,26,-1.4629434595612116,22
3755,2,32,86,16,-1.4682447143488924,16
3756,32,17,11,8,-1.4729852723414758,9
3757,55,23,20,12,-1.4733693688994078,11
3758,65,54,8,28,-1.474223625060816,26
3759,63,15,73,7,-1.4760785674332912,8
3760,84,10,68,6,-1.4788993773509191,4
3761,12,47,65,23,-1.4878169377788033,24
3762,100,13,53,7,-1.488662831422911,6
3763,109,12,49,6,-1.489798170159594,6
3764,41,40,63,21,-1.4908462817483303,19
3765,5,52,46,28,-1.4974094901037482,24
3766,43,18,25,11,-1.498458069864085,7
3767,48,35,16,18,-1.5048512213742042,17
3768,3,18,64,10,-1.5139878115874181,8
3769,55,12,46,7,-1.514859018089955,5
3770,41,10,48,5,-1.5154908856574238,5
3771,13,29,11,15,-1.5160108859337242,14
3772,30,17,29,10,-1.521683446949579,7
3773,37,14,35,7,-1.523131742310598,7
3774,86,60,30,33,-1.5234348237537512,27
3775,65,26,83,13,-1.5253499649391125,13
3776,84,20,114,11,-1.52828266290098,9
3777,53,13,29,8,-1.5317670028644754,5
3778,45,23,13,12,-1.5362814776486233,11
3779,87,47,11,23,-1.5411784284347945,24
3780,107,36,34,20,-1.5429687484318224,16
3781,16,63,11,37,-1.5438502493435542,26
3782,74,61,107,33,-1.5445233108407423,28
3783,83,23,104,13,-1.5563880557352991,10
3784,107,27,15,16,-1.5564537369694875,11
3785,29,20,3,11,-1.5593189063525532,9
3786,41,18,47,9,-1.5600411821999551,9
3787,111,14,9,7,-1.5621342613374538,7
3788,86,100,106,52,-1.5692663469089445,48
3789,88,58,40,31,-1.5715316879527899,27
3790,46,25,60,13,-1.5735893742532685,12
3791,54,76,86,39,-1.577466093304786,37
3792,90,22,55,10,-1.578656952498874,12
3793,25,15,2,7,-1.5845186001024019,8
3794,78,11,109,6,-1.5902220637939115,5
3795,86,113,107,60,-1.592838110533033,53
3796,87,17,58,9,-1.5945657171525212,8
3797,75,11,14,6,-1.594721022285632,5
3798,18,10,94,5,-1.600111613157304,5
3799,3,15,23,8,-1.6013986021332858,7
3800,57,13,64,7,-1.6089353924998575,6
3801,29,22,51,11,-1.6119484938449509,11
3802,51,44,28,22,-1.6126011664528532,22
3803,57,18,68,9,-1.6190755944848343,9
3804,87,17,44,9,-1.6239279411647838,8
3805,17,36,65,21,-1.6294335088777754,15
3806,41,78,7,40,-1.6316845641232842,38
3807,63,20,47,9,-1.6356602263063749,11
3808,41,72,65,40,-1.6394849953180093,32
3809,68,23,36,12,-1.6511686348202665,11
3810,74,47,37,24,-1.6628163329711265,23
3811,48,19,106,10,-1.6634533717988316,9
3812,17,16,85,9,-1.6640468368595824,7
3813,31,28,45,15,-1.6710870406691087,13
3814,106,34,68,18,-1.6879506890966793,16
3815,3,21,104,11,-1.689222758873251,10
3816,74,28,11,15,-1.6902069324276234,13
3817,5,64,28,33,-1.6933141899778517,31
3818,58,14,51,7,-1.6936471630550654,7
3819,46,23,9,13,-1.6945658865661515,10
3820,23,15,36,6,-1.6972875274185715,9
3821,102,16,20,8,-1.6989391239814924,8
3822,86,44,23,23,-1.7030841833116435,21
3823,37,10,48,5,-1.703593750319215,5
3824,7,40,54,21,-1.7088310244062668,19
3825,87,26,62,14,-1.7125493611567963,12
3826,43,14,109,7,-1.712926735873305,7
3827,38,32,86,17,-1.7164597494651734,15
3828,20,15,69,8,-1.7212045034966341,7
3829,45,15,63,8,-1.7260545689947928,7
3830,68,38,3,21,-1.7300658661920494,17
3831,87,46,30,24,-1.7304099136306896,22
3832,68,13,32,8,-1.7311662598089228,5
3833,75,19,70,9,-1.7314858975507368,10
3834,96,38,106,21,-1.7318320126651903,17
3835,106,19,48,10,-1.7335189393534853,9
3836,88,37,36,21,-1.7392851936744331,16
3837,6,11,18,6,-1.7414584600944745,5
3838,36,33,60,17,-1.7416473627060742,16
3839,61,13,86,7,-1.7442789867829431,6
3840,29,17,7,7,-1.7467705733456498,10
3841,70,26,84,14,-1.7530345342228948,12
3842,29,12,79,5,-1.76128914282749,7
3843,110,11,88,5,-1.7642228121429868,6
3844,103,17,87,8,-1.7665521948811942,9
3845,11,14,33,6,-1.768399073594802,8
3846,55,85,8,42,-1.7705496363892723,43
3847,90,25,37,13,-1.7816453937181784,12
3848,107,53,11,29,-1.783717149365483,24
3849,6,16,87,8,-1.7863036764755194,8
3850,16,47,41,23,-1.787643155539607,24
3851,50,36,39,19,-1.7876589706600734,17
3852,86,35,49,17,-1.7890277154346559,18
3853,41,32,18,16,-1.8004819942826362,16
3854,17,11,19,5,-1.8011329372202576,6
3855,31,34,51,20,-1.8036645224364214,14
3856,65,95,54,50,-1.8045781826089207,45
3857,1,28,41,16,-1.8063913789876536,12
3858,25,22,36,11,-1.8071440138268584,11
3859,48,24,11,13,-1.8103920900926083,11
3860,111,18,40,9,-1.8104998545748818,9
3861,28,18,79,10,-1.8130893193426156,8
3862,77,20,49,12,-1.8145458804753243,8
3863,13,97,68,52,-1.8146337172887101,45
3864,109,11,71,6,-1.819641782820222,5
3865,99,13,102,7,-1.8212893413036864,6
3866,108,16,64,8,-1.8224151605655852,8
3867,114,13,44,7,-1.8263733365516708,6
3868,60,38,43,20,-1.8265005826707092,18
3869,3,11,106,6,-1.8270221877820196,5
3870,13,29,74,15,-1.8278354237299068,14
3871,63,14,58,6,-1.8327495171056305,8
3872,96,38,84,19,-1.835648682700679,19
3873,20,30,114,16,-1.839540566254475,14
3874,97,22,53,12,-1.8492466822191078,10
3875,112,11,85,6,-1.86190112472257,5
3876,114,21,43,10,-1.8643335671695762,11
3877,5,95,37,49,-1.865428870342572,46
3878,77,10,11,5,-1.870289321648432,5
3879,27,17,76,9,-1.8713000313379666,8
3880,79,14,8,6,-1.8787453444383126,8
3881,3,19,69,11,-1.8799369079979436,8
3882,86,34,15,18,-1.880710969953343,16
3883,8,41,2,21,-1.8848654476169693,20
3884,64,23,25,12,-1.8857238852847689,11
3885,106,35,20,19,-1.890590591428699,16
3886,99,27,55,15,-1.895072402151854,12
3887,28,67,8,36,-1.9053784571291421,31
3888,23,28,51,15,-1.9066169824504664,13
3889,1,38,68,20,-1.9099752765436673,18
3890,63,29,71,16,-1.915183979520071,13
3891,17,11,110,6,-1.9155371371930654,5
3892,106,32,97,16,-1.9159665785715099,16
3893,76,11,99,5,-1.9173589523208336,6
3894,64,43,53,23,-1.9214578200473016,20
3895,18,21,114,11,-1.923577249757447,10
3896,40,19,70,11,-1.9276789997691202,8
3897,97,14,23,7,-1.9330528734436563,7
3898,80,11,17,7,-1.9331063026674833,4
3899,51,31,30,17,-1.9376385589176919,14
3900,98,10,32,5,-1.9380052263831622,5
3901,7,49,71,24,-1.9387153694352766,25
3902,104,13,110,8,-1.9388474450810558,5
3903,31,14,23,8,-1.9392936999416424,6
3904,96,18,13,10,-1.9406803869416942,8
3905,69,14,112,7,-1.9415067419167844,7
3906,55,20,25,11,-1.9429576796619947,9
3907,43,13,29,7,-1.944708333004128,6
3908,48,15,7,7,-1.9478692265013033,8
3909,64,34,36,17,-1.9485056781764598,17
3910,4,22,77,12,-1.9519179084153562,10
3911,71,12,78,6,-1.9545808326383198,6
3912,35,11,50,6,-1.9581460146246743,5
3913,65,28,11,16,-1.9583032529052828,12
3914,46,22,57,12,-1.9631857780739894,10
3915,70,49,16,27,-1.9664047334731969,22
3916,80,15,11,8,-1.9736773201291566,7
3917,15,15,64,7,-1.974538086287131,8
3918,53,28,95,17,-1.9769373995573178,11
3919,11,20,7,11,-1.9783496463256065,9
3920,112,29,107,15,-1.982555450095281,14
3921,25,38,28,22,-1.983389891159918,16
3922,4,19,53,10,-1.987694792892672,9
3923,38,20,60,10,-1.9901891037372657,10
3924,112,15,104,8,-1.9939359727925703,7
3925,87,32,75,17,-2.0004298974911783,15
3926,87,18,12,10,-2.0012720031216933,8
3927,46,26,68,14,-2.0015169846627177,12
3928,28,87,16,47,-2.0038366917622867,40
3929,97,22,83,10,-2.007636873207568,12
3930,70,29,68,15,-2.015118158104638,14
3931,37,14,69,7,-2.015512849900142,7
3932,60,11,93,7,-2.018629631632218,4
3933,90,37,8,21,-2.01946478207178,16
3934,17,27,114,16,-2.021159075364869,11
3935,77,16,19,8,-2.021640433575591,8
3936,39,31,95,16,-2.0237049528227313,15
3937,60,32,18,17,-2.0244266182620265,15
3938,13,11,32,6,-2.026181507027533,5
3939,9,29,60,17,-2.026686622824744,12
3940,51,29,57,15,-2.0309876392269666,14
3941,114,14,91,7,-2.031242634143396,7
3942,79,11,55,6,-2.0315889229013417,5
3943,65,18,109,11,-2.0321022824018544,7
3944,54,24,19,12,-2.0327285938195145,12
3945,17,21,104,11,-2.0345116655508884,10
3946,50,13,83,6,-2.034563553464953,7
3947,19,26,100,14,-2.0433504230535826,12
3948,55,14,62,7,-2.046538103530902,7
3949,88,21,93,12,-2.047097578055207,9
3950,104,41,87,20,-2.0480931104760187,21
3951,80,31,65,16,-2.05091984654234,15
3952,27,21,11,11,-2.052839486920769,10
3953,90,45,86,25,-2.0574221764428238,20
3954,112,25,63,13,-2.064041485601949,12
3955,88,12,79,7,-2.0642453169607626,5
3956,112,27,13,13,-2.066814940463589,14
3957,63,10,82,5,-2.0779758612966877,5
3958,65,47,74,24,-2.0847963525870905,23
3959,51,14,44,9,-2.0848742289559725,5
3960,28,55,88,30,-2.0851563159512985,25
3961,13,100,16,55,-2.0900289001384453,45
3962,91,12,17,7,-2.0932516032559643,5
3963,8,22,97,11,-2.094799206270941,11
3964,55,34,83,17,-2.0962093979720193,17
3965,79,18,84,9,-2.0988599029371886,9
3966,19,17,103,9,-2.1009968903684118,8
3967,102,29,54,15,-2.1047933389757882,14
3968,38,11,12,6,-2.1101018439230717,5
3969,25,11,69,6,-2.112059751085246,5
3970,33,12,74,6,-2.113811361821,6
3971,72,17,7,9,-2.1143024060967655,8
3972,64,20,1,10,-2.116432620959366,10
3973,70,11,53,6,-2.117480208536356,5
3974,9,62,7,31,-2.1219031094822904,31
3975,88,61,87,30,-2.122443435623283,31
3976,84,26,37,14,-2.1240499046478805,12
3977,48,19,39,11,-2.13992010208914,8
3978,64,14,80,7,-2.1424879291036816,7
3979,54,23,15,11,-2.144473987666565,12
3980,68,49,111,25,-2.156897460223202,24
3981,53,13,23,7,-2.1639220781507644,6
3982,15,27,60,14,-2.171860166784133,13
3983,93,16,84,8,-2.173203038685071,8
3984,70,26,63,14,-2.1813121472430432,12
3985,15,36,57,19,-2.1825410760732544,17
3986,1,13,27,8,-2.1856131991088628,5
3987,74,64,8,36,-2.1866220406514896,28
3988,54,10,31,5,-2.1866689261471493,5
3989,40,33,41,17,-2.193580777269949,16
3990,40,75,7,42,-2.1957521283064807,33
3991,88,63,60,35,-2.2053487740970468,28
3992,12,24,39,13,-2.2080669509255695,11
3993,114,30,54,15,-2.2111415264913634,15
3994,96,50,5,28,-2.21142719225076,22
3995,51,12,93,6,-2.216632142916852,6
3996,98,14,18,6,-2.2211477971408065,8
3997,99,13,98,6,-2.22125816779338,7
3998,15,10,84,5,-2.223805292340998,5
3999,33,11,88,5,-2.224220943421554,6
4000,25,16,90,9,-2.226157693683706,7
4001,74,27,20,15,-2.230377352624161,12
4002,20,14,18,8,-2.233452860395892,6
4003,114,26,4,13,-2.2345648368573685,13
4004,27,10,70,5,-2.243263258457554,5
4005,7,27,100,15,-2.2445382973019394,12
4006,4,38,88,20,-2.24592170041755,18
4007,29,17,8,8,-2.251936716192377,9
4008,11,32,76,18,-2.253835919698121,14
4009,25,30,95,16,-2.25397314365567,14
4010,94,25,68,13,-2.2593307947585997,12
4011,106,62,87,32,-2.262204101784014,30
4012,55,19,100,9,-2.2639744749606634,10
4013,88,45,106,26,-2.2639858690375605,19
4014,50,10,94,6,-2.2653355679184144,4
4015,7,12,85,7,-2.267272935114745,5
4016,96,66,28,35,-2.2674069446039327,31
4017,39,22,76,13,-2.2682292990996733,9
4018,31,10,61,5,-2.2696136748473594,5
4019,35,20,88,10,-2.2787018333731495,10
4020,40,47,9,26,-2.2806450266015688,21
4021,65,19,48,9,-2.2816603054261098,10
4022,49,21,68,11,-2.2819457859385204,10
4023,72,16,112,9,-2.282010005577547,7
4024,4,13,106,6,-2.287883468044352,7
4025,5,24,100,13,-2.2932427434044693,11
4026,81,15,9,8,-2.297406284952818,7
4027,32,21,86,11,-2.2989864902239,10
4028,50,12,58,6,-2.303376752943112,6
4029,15,14,78,8,-2.305218832493872,6
4030,48,18,109,9,-2.3066244801907967,9
4031,91,32,88,17,-2.315767764685103,15
4032,102,21,104,10,-2.320627297470276,11
4033,64,23,50,12,-2.3285304422785043,11
4034,5,51,109,26,-2.3285813949081646,25
4035,53,28,25,14,-2.3301510854690832,14
4036,17,19,90,9,-2.330539928781356,10
4037,50,13,6,7,-2.341492332331065,6
4038,38,12,114,6,-2.3415263774379937,6
4039,2,20,16,11,-2.344610668498853,9
4040,20,15,57,8,-2.347711294302424,7
4041,8,82,86,41,-2.351456932940769,41
4042,54,57,87,32,-2.3514935368083676,25
4043,31,36,4,21,-2.3535355966794675,15
4044,63,19,17,10,-2.3541247677327144,9
4045,33,12,99,7,-2.354570382478156,5
4046,109,14,96,8,-2.3566759619593642,6
4047,88,44,64,25,-2.359083003612554,19
4048,5,23,99,12,-2.3616219022642833,11
4049,19,26,43,14,-2.366959788357569,12
4050,50,24,40,14,-2.3671440474550494,10
4051,48,15,30,9,-2.3702999073115163,6
4052,96,55,8,30,-2.3714393570924233,25
4053,86,59,109,32,-2.371509864097947,27
4054,107,40,71,23,-2.3760609676092477,17
4055,56,13,75,8,-2.3840139649043506,5
4056,104,25,96,14,-2.3866419839158355,11
4057,71,21,4,13,-2.3871750117365993,8
4058,95,40,104,22,-2.389034218387607,18
4059,8,12,111,6,-2.390343846489093,6
4060,87,22,83,11,-2.3903571419434884,11
4061,54,22,78,12,-2.3960681894605513,10
4062,28,38,46,22,-2.3990178798165633,16
4063,98,15,114,8,-2.3992721750256893,7
4064,80,26,20,14,-2.4033351571638573,12
4065,69,18,9,10,-2.4050002453980612,8
4066,41,50,51,27,-2.40588419068017,23
4067,93,33,8,17,-2.4111455321691304,16
4068,92,11,65,6,-2.411285975254871,5
4069,28,51,11,26,-2.4132515223591926,25
4070,20,38,88,19,-2.4156839797078273,19
4071,25,46,107,24,-2.4187485647838773,22
4072,99,11,109,6,-2.419517402501058,5
4073,88,35,1,18,-2.42517729077247,17
4074,75,20,91,7,-2.4323694332612673,13
4075,51,19,14,12,-2.4338441230915153,7
4076,106,39,55,22,-2.4381392466666045,17
4077,88,31,96,16,-2.4406464912019885,15
4078,112,21,41,11,-2.4417078305364504,10
4079,30,14,9,8,-2.443448800104742,6
4080,50,10,32,4,-2.4440541907162716,6
4081,13,22,34,12,-2.4454259455433367,10
4082,86,31,85,17,-2.4546113819809183,14
4083,41,21,11,13,-2.4590929452366552,8
4084,7,23,35,12,-2.4646463019795055,11
4085,69,17,74,8,-2.466497282082454,9
4086,74,40,87,22,-2.4671563114027464,18
4087,81,17,4,10,-2.467812477706327,7
4088,65,29,15,16,-2.4718857944026604,13
4089,62,15,76,8,-2.4840168024368525,7
4090,16,68,104,37,-2.485132630892055,31
4091,111,11,18,6,-2.489910872635885,5
4092,109,18,37,10,-2.5010134043415313,8
4093,55,43,75,25,-2.5125301308500276,18
4094,69,28,107,15,-2.515630999653467,13
4095,36,15,12,8,-2.5163199425137495,7
4096,19,19,28,11,-2.5182869063974485,8
4097,102,28,16,15,-2.521941049128146,13
4098,54,34,80,17,-2.5244394841569355,17
4099,4,18,39,10,-2.5267698999647226,8
4100,9,33,36,18,-2.527924078037467,15
4101,30,19,99,11,-2.5303882936847786,8
4102,107,15,44,8,-2.5305445670994087,7
4103,17,29,7,16,-2.5320894413613915,13
4104,95,20,20,11,-2.5325274069422727,9
4105,87,37,23,21,-2.533099907466406,16
4106,94,15,69,8,-2.535027799735268,7
4107,60,50,39,26,-2.5355246842136108,24
4108,60,11,111,7,-2.535604443502029,4
4109,87,19,14,11,-2.538276336309709,8
4110,79,16,63,9,-2.5383647167046717,7
4111,60,25,63,14,-2.5472563824704046,11
4112,36,74,7,40,-2.54935875079736,34
4113,76,14,44,8,-2.550414193143335,6
4114,1,19,73,11,-2.5534291003907295,8
4115,63,10,83,4,-2.557624644664858,6
4116,107,50,50,26,-2.5656690703128167,24
4117,71,17,43,8,-2.566802100052458,9
4118,38,18,29,10,-2.569512191405065,8
4119,65,10,21,6,-2.570147671925826,4
4120,94,24,107,11,-2.5737473855074757,13
4121,47,10,62,6,-2.5775304802735826,4
4122,71,14,69,7,-2.582352607553779,7
4123,69,28,87,16,-2.585479778910423,12
4124,18,33,86,19,-2.5923706641316473,14
4125,109,10,1,5,-2.592960677140225,5
4126,91,23,36,13,-2.600483205457647,10
4127,107,25,85,13,-2.601380149286501,12
4128,66,10,72,5,-2.6022001256645586,5
4129,1,29,40,16,-2.608102727316189,13
4130,100,13,41,7,-2.6097334113441377,6
4131,108,15,75,8,-2.611880297816683,7
4132,2,13,76,8,-2.6134640032331116,5
4133,64,28,75,15,-2.614396425436705,13
4134,68,107,7,58,-2.6156429768400975,49
4135,89,10,39,6,-2.6189716831037586,4
4136,28,42,39,22,-2.623339407780362,20
4137,63,33,9,18,-2.6257484913339657,15
4138,86,36,91,19,-2.627461430980282,17
4139,39,30,17,17,-2.63473827504273,13
4140,98,14,100,7,-2.6347592378669105,7
4141,54,13,110,7,-2.6358849029934492,6
4142,17,17,11,9,-2.63850353139516,8
4143,30,27,27,15,-2.639954966572679,12
4144,95,14,33,8,-2.6415453896084555,6
4145,6,17,88,9,-2.643401887191552,8
4146,5,60,16,35,-2.643518445682432,25
4147,36,13,57,8,-2.653116090105381,5
4148,88,29,92,16,-2.65412565592523,13
4149,91,13,74,7,-2.658254293210725,6
4150,46,26,97,14,-2.665342497244284,12
4151,74,25,114,13,-2.666972342657448,12
4152,44,17,25,9,-2.673535476281759,8
4153,5,25,39,13,-2.6791322172692884,12
4154,107,21,93,12,-2.6848247910711387,9
4155,48,25,8,14,-2.6857985301597798,11
4156,71,40,65,23,-2.6867803351656674,17
4157,114,14,11,7,-2.6963511699419747,7
4158,70,16,49,8,-2.7131214221068403,8
4159,80,11,95,6,-2.7197438471090796,5
4160,70,31,104,17,-2.7208109249750048,14
4161,88,53,55,31,-2.721264805593774,22
4162,13,33,109,19,-2.72420769132018,14
4163,88,16,44,8,-2.7255415222047015,8
4164,68,23,12,13,-2.7279250310325294,10
4165,34,12,75,6,-2.7327928404854562,6
4166,106,50,65,27,-2.735321183024918,23
4167,63,12,99,6,-2.7377253409939377,6
4168,104,22,97,11,-2.7396377781056187,11
4169,63,25,78,13,-2.7399047963734984,12
4170,8,12,112,6,-2.740736306324458,6
4171,29,13,9,7,-2.7419893199296044,6
4172,51,24,71,13,-2.7455734518808694,11
4173,43,14,70,8,-2.753352748891417,6
4174,96,34,97,17,-2.7556888339056815,17
4175,55,50,39,28,-2.7557845118577005,22
4176,84,39,87,21,-2.761245376421255,18
4177,28,99,86,55,-2.762726515499761,44
4178,27,54,13,29,-2.7653332880406762,25
4179,77,17,5,9,-2.7658375671945885,8
4180,39,31,114,16,-2.7679169416640628,15
4181,40,11,38,5,-2.771552043064858,6
4182,10,11,5,5,-2.7716738654503192,6
4183,78,15,55,9,-2.779506680606731,6
4184,84,87,86,44,-2.7811330297923607,43
4185,18,17,12,10,-2.7831636454342954,7
4186,91,31,28,17,-2.78581966806185,14
4187,43,20,63,11,-2.786559914173096,9
4188,97,15,9,7,-2.7891659901703596,8
4189,102,12,70,5,-2.7906887378625402,7
4190,36,13,100,7,-2.7923934619121096,6
4191,1,26,7,14,-2.793205495238504,12
4192,109,20,50,11,-2.798084616202662,9
4193,29,15,41,8,-2.804326475349554,7
4194,112,14,106,7,-2.805082024542768,7
4195,41,15,99,8,-2.808167291861728,7
4196,36,32,1,16,-2.8095303452930684,16
4197,16,40,15,20,-2.8104206853650533,20
4198,80,32,16,18,-2.812380168004337,14
4199,98,12,39,7,-2.813957257779375,5
4200,71,13,18,7,-2.821320109059578,6
4201,112,21,75,12,-2.824219405034075,9
4202,109,14,40,8,-2.8243745319718685,6
4203,78,17,11,8,-2.8301908666602684,9
4204,81,23,53,13,-2.832269045840244,10
4205,74,33,104,19,-2.832959821636547,14
4206,100,18,12,11,-2.8330282978363788,7
4207,57,11,103,6,-2.8381065473046756,5
4208,47,28,16,15,-2.8393039542648917,13
4209,39,63,86,32,-2.8413131778189746,31
4210,76,24,46,13,-2.8453201116747966,11
4211,102,25,8,13,-2.845551076408804,12
4212,43,27,51,14,-2.845756036190169,13
4213,44,13,28,6,-2.846139863099275,7
4214,33,13,97,7,-2.8486496222061595,6
4215,111,35,65,20,-2.849089050578604,15
4216,19,11,47,6,-2.850072597752839,5
4217,96,16,73,9,-2.853430398009382,7
4218,99,18,51,9,-2.8534777973740635,9
4219,60,73,13,42,-2.8660619635572946,31
4220,63,23,46,11,-2.867241869896345,12
4221,51,15,79,7,-2.868534324371066,8
4222,1,14,112,9,-2.8723250567679255,5
4223,53,12,57,6,-2.8739584447786406,6
4224,29,29,16,15,-2.882783372254161,14
4225,63,20,49,11,-2.8831531570492124,9
4226,43,20,69,11,-2.8834435486239496,9
4227,74,24,75,14,-2.8903655619324415,10
4228,70,10,44,5,-2.8975248911261424,5
4229,39,42,75,21,-2.904095791372347,21
4230,49,15,114,7,-2.904145419228163,8
4231,3,18,78,9,-2.9047794476132514,9
4232,65,55,39,28,-2.904998803301056,27
4233,37,19,91,10,-2.9050960547005253,9
4234,43,26,27,14,-2.9051148604445527,12
4235,108,12,25,7,-2.9132670669268257,5
4236,106,19,102,9,-2.9207255392565092,10
4237,86,82,74,43,-2.9212877807151494,39
4238,66,12,9,6,-2.9315079085260156,6
4239,87,20,36,12,-2.9355732508976633,8
4240,65,57,28,32,-2.936618804167043,25
4241,65,20,18,10,-2.9468351166959508,10
4242,87,37,18,21,-2.947620136311878,16
4243,8,16,80,8,-2.9519293865537106,8
4244,46,23,114,13,-2.9631435316072414,10
4245,7,19,80,11,-2.9635916880504127,8
4246,39,41,15,24,-2.9647518008297276,17
4247,57,18,25,10,-2.964934950553877,8
4248,53,11,47,6,-2.967218161853792,5
4249,37,21,2,11,-2.96975801126945,10
4250,4,32,36,19,-2.9739066740354194,13
4251,106,36,84,18,-2.9754739608250116,18
4252,1,13,46,6,-2.9771068452784495,7
4253,51,27,47,14,-2.9840528494394905,13
4254,43,20,41,11,-2.989275902448812,9
4255,69,11,4,6,-2.9994841766617175,5
4256,34,14,96,8,-3.001763014782562,6
4257,37,47,20,25,-3.0049852144749636,22
4258,39,36,71,20,-3.0138682175368996,16
4259,29,13,49,7,-3.0167276558140466,6
4260,18,18,81,10,-3.0168691904177813,8
4261,15,22,29,12,-3.0200823684900424,10
4262,99,12,27,6,-3.0280763102634345,6
4263,107,27,78,15,-3.0353754922340124,12
4264,65,39,25,23,-3.0368934823131157,16
4265,96,13,38,7,-3.0422152322461713,6
4266,109,34,88,19,-3.046527810071437,15
4267,3,19,81,11,-3.0468436616009753,8
4268,107,53,41,31,-3.0475863619103607,22
4269,86,42,71,22,-3.0606693617391714,20
4270,55,14,48,8,-3.0636269177668387,6
4271,25,18,71,10,-3.0644100067848146,8
4272,114,40,60,18,-3.0670908685799043,22
4273,54,45,39,24,-3.0683277650145424,21
4274,25,30,75,17,-3.069551733540898,13
4275,84,28,109,16,-3.073799704825316,12
4276,54,27,17,14,-3.0783064660248955,13
4277,63,40,74,21,-3.0803940829456544,19
4278,87,14,45,8,-3.086220297325659,6
4279,37,59,107,32,-3.087858660035624,27
4280,13,36,100,20,-3.0887087223930436,16
4281,51,38,114,19,-3.0897978746847414,19
4282,107,30,29,19,-3.0929862702513935,11
4283,51,48,8,26,-3.0985900488092186,22
4284,91,10,64,6,-3.0993479020870796,4
4285,68,14,99,8,-3.100103615084465,6
4286,27,13,74,6,-3.1002755903304386,7
4287,60,15,92,9,-3.101629065738581,6
4288,106,25,109,13,-3.1028448270841773,12
4289,86,91,63,53,-3.106277287763664,38
4290,72,10,43,5,-3.1071314487034236,5
4291,4,24,50,12,-3.1105592371369597,12
4292,17,25,25,14,-3.1106502600539105,11
4293,80,11,36,6,-3.1158574211756616,5
4294,57,20,3,11,-3.1217880843393546,9
4295,7,116,13,63,-3.1227785686799967,53
4296,65,20,49,11,-3.123052570790789,9
4297,48,10,57,6,-3.1261831262074082,4
4298,3,19,55,10,-3.1372339531133817,9
4299,65,48,23,25,-3.1380450881841506,23
4300,45,12,112,6,-3.1460936650177533,6
4301,23,23,75,11,-3.148733601092015,12
4302,7,51,104,28,-3.158219418007504,23
4303,82,21,86,12,-3.1586560919846263,9
4304,112,37,86,21,-3.1630896844038348,16
4305,74,14,90,9,-3.168061351028922,5
4306,86,16,110,9,-3.1694821197260485,7
4307,60,25,106,15,-3.171261503808182,10
4308,30,12,74,6,-3.175828716417198,6
4309,50,54,37,28,-3.1883352760136074,26
4310,65,11,79,6,-3.1898027389229706,5
4311,51,45,27,26,-3.1935705847044606,19
4312,5,61,88,32,-3.1946532218196624,29
4313,39,41,36,23,-3.1998605067578225,18
4314,86,93,7,53,-3.2025353891099275,40
4315,17,28,106,17,-3.2039846830051117,11
4316,97,12,56,6,-3.2085312435870676,6
4317,31,47,60,23,-3.2094707274879264,24
4318,97,19,50,11,-3.210625734622642,8
4319,74,16,17,9,-3.21177055102783,7
4320,16,71,60,39,-3.2119681259183364,32
4321,28,39,55,23,-3.2184704312839756,16
4322,7,55,23,30,-3.222928305376168,25
4323,104,38,39,21,-3.223398550816597,17
4324,68,14,80,8,-3.230403837276107,6
4325,35,18,16,11,-3.2305329948687067,7
4326,109,35,51,22,-3.232637822687332,13
4327,36,49,107,26,-3.234838704648262,23
4328,60,25,99,14,-3.238194459102709,11
4329,81,12,23,7,-3.2407035870770007,5
4330,30,19,7,9,-3.2523104824501616,10
4331,64,38,107,20,-3.25264237164834,18
4332,25,47,114,27,-3.2540864225169766,20
4333,114,39,63,24,-3.2551591942844653,15
4334,74,24,7,15,-3.257493143792889,9
4335,95,14,76,8,-3.257651508839797,6
4336,53,56,18,30,-3.2615252410170648,26
4337,54,56,28,31,-3.262278028179984,25
4338,87,23,2,13,-3.266025042105876,10
4339,67,13,114,7,-3.274670651234843,6
4340,86,49,60,27,-3.2754717222931737,22
4341,38,10,108,6,-3.2810871215401947,4
4342,60,25,90,15,-3.2889183131065622,10
4343,69,14,11,9,-3.292040952782022,5
4344,74,20,100,11,-3.292910754624951,9
4345,5,60,104,32,-3.3007473735225057,28
4346,48,29,28,16,-3.3030143286202387,13
4347,64,21,114,12,-3.304666725448282,9
4348,54,31,30,17,-3.308857710614803,14
4349,75,31,60,17,-3.313915862803686,14
4350,84,16,97,10,-3.316428205809935,6
4351,18,21,30,11,-3.316712750453976,10
4352,97,14,98,7,-3.3185319117606182,7
4353,54,32,104,17,-3.328617374285993,15
4354,50,19,41,11,-3.331657114556132,8
4355,62,19,13,10,-3.3334526281247046,9
4356,5,13,68,7,-3.3380294056441127,6
4357,15,30,27,16,-3.3402307075041833,14
4358,39,34,64,19,-3.3410123522098645,15
4359,98,20,54,11,-3.3414082574983,9
4360,33,13,75,8,-3.342736023465549,5
4361,91,15,40,8,-3.345577169162442,7
4362,20,10,83,5,-3.347889825164404,5
4363,107,15,14,9,-3.3479962116917545,6
4364,70,30,88,17,-3.3524090493184286,13
4365,113,13,86,8,-3.3593996912401902,5
4366,106,17,14,10,-3.3600594128266095,7
4367,8,23,14,13,-3.3634201583462153,10
4368,51,50,17,26,-3.3636759549416126,24
4369,97,25,54,13,-3.364815342765676,12
4370,20,17,40,10,-3.3649339637959637,7
4371,102,23,109,13,-3.3679677569149944,10
4372,60,55,51,33,-3.3720405945468572,22
4373,44,13,100,7,-3.3720452657314217,6
4374,94,23,27,13,-3.374745473600677,10
4375,98,15,73,8,-3.3800553651819163,7
4376,55,28,36,15,-3.383336577257353,13
4377,69,29,65,16,-3.3859013073229325,13
4378,62,32,86,17,-3.3859108170773924,15
4379,45,20,16,12,-3.387101414429136,8
4380,104,10,73,6,-3.391491099464731,4
4381,5,50,55,28,-3.393419962444799,22
4382,28,13,4,7,-3.3940824912486858,6
4383,87,33,76,19,-3.3950396444153768,14
4384,88,28,43,16,-3.3979854748204095,12
4385,84,29,55,16,-3.4012305577969593,13
4386,65,34,97,19,-3.401757302918018,15
4387,86,25,34,13,-3.4077252150004007,12
4388,98,26,104,12,-3.4091853213510745,14
4389,87,26,71,14,-3.411373843173222,12
4390,78,24,100,13,-3.417029837437706,11
4391,36,11,17,5,-3.417273645156755,6
4392,97,12,11,6,-3.419346386793516,6
4393,37,12,4,7,-3.4218717037755084,5
4394,25,31,102,17,-3.4382241991917164,14
4395,40,58,60,32,-3.4423663485116376,26
4396,8,79,16,44,-3.4424810831433503,35
4397,90,38,107,20,-3.442650987354403,18
4398,55,28,76,17,-3.4438952481653042,11
4399,87,37,95,20,-3.4486313771107993,17
4400,9,54,88,30,-3.4493718580292736,24
4401,114,14,112,7,-3.4529529803290626,7
4402,23,21,37,11,-3.4530437057487418,10
4403,5,23,33,12,-3.454327509177194,11
4404,51,49,106,27,-3.457607975311812,22
4405,12,12,85,7,-3.459451075901635,5
4406,8,31,83,16,-3.465429893631149,15
4407,5,60,74,32,-3.4699961467083447,28
4408,54,57,96,29,-3.47661338595835,28
4409,69,34,51,20,-3.480767374054122,14
4410,18,16,55,8,-3.481046717374471,8
4411,70,20,25,11,-3.484518115943737,9
4412,68,64,88,36,-3.486456108196303,28
4413,19,25,30,13,-3.4867649172724473,12
4414,71,18,12,10,-3.4874429459484335,8
4415,51,30,36,16,-3.4874600225025065,14
4416,103,11,54,7,-3.4875703394156505,4
4417,36,13,62,7,-3.489528327052378,6
4418,95,25,60,14,-3.4911897053694894,11
4419,114,36,97,20,-3.494809729950691,16
4420,9,26,50,15,-3.4989626487903873,11
4421,108,13,37,7,-3.5019197237718496,6
4422,23,16,74,9,-3.5053157619270587,7
4423,33,10,49,6,-3.5057518320537775,4
4424,104,38,8,21,-3.5073414065674897,17
4425,94,23,19,13,-3.529763179104801,10
4426,25,17,93,9,-3.530039788975629,8
4427,7,15,44,8,-3.535266020755452,7
4428,36,65,40,37,-3.5400829247343655,28
4429,46,46,51,26,-3.5405198677265264,20
4430,65,49,53,26,-3.552341058928982,23
4431,71,26,62,14,-3.552725756878075,12
4432,4,13,30,7,-3.554167963462701,6
4433,51,94,13,50,-3.5548796538427987,44
4434,36,19,28,10,-3.554999615354126,9
4435,54,36,11,20,-3.5608789843396815,16
4436,108,13,79,8,-3.562523700236057,5
4437,7,28,6,13,-3.5631855242339143,15
4438,33,13,39,7,-3.571514275871642,6
4439,38,22,16,14,-3.5724883088865464,8
4440,28,50,20,28,-3.5784154895374147,22
4441,60,16,61,8,-3.58082656290379,8
4442,107,83,65,46,-3.5878440110923675,37
4443,95,10,97,6,-3.58943247133478,4
4444,60,24,19,12,-3.593781474424983,12
4445,55,73,13,40,-3.5959679557443547,33
4446,18,19,91,11,-3.6010074197876603,8
4447,87,18,77,10,-3.6188049087662915,8
4448,28,26,80,14,-3.6230809501897747,12
4449,18,19,43,9,-3.6267699505365183,10
4450,87,112,86,58,-3.639314289472169,54
4451,19,37,87,21,-3.6418484073869863,16
4452,70,10,14,5,-3.6470421341148493,5
4453,18,11,17,5,-3.6519056838531805,6
4454,9,15,109,7,-3.6538651478462696,8
4455,32,21,107,11,-3.6546977761524695,10
4456,71,10,90,5,-3.656103603020123,5
4457,31,24,39,14,-3.6610558433956144,10
4458,77,16,3,8,-3.6659660860802834,8
4459,16,26,34,15,-3.6686926091572833,11
4460,18,32,88,17,-3.6713658752533838,15
4461,72,13,107,7,-3.6746684377826218,6
4462,55,19,34,10,-3.680955248563573,9
4463,102,12,68,7,-3.68098709727057,5
4464,8,35,13,20,-3.6840411755003823,15
4465,87,34,29,20,-3.6922848070000294,14
4466,28,19,23,10,-3.6970356039584393,9
4467,38,35,107,20,-3.69953035095411,15
4468,86,123,16,70,-3.6995978729623142,53
4469,14,16,65,8,-3.707339765184437,8
4470,11,53,8,30,-3.7077170293500528,23
4471,5,21,15,13,-3.7147342263498238,8
4472,88,42,11,24,-3.7150827621608298,18
4473,54,64,20,33,-3.7237387131550492,31
4474,60,14,89,7,-3.723763452657912,7
4475,112,18,51,10,-3.7310734779715364,8
4476,25,65,86,35,-3.735239092039536,30
4477,4,13,1,8,-3.7360390878519714,5
4478,54,52,46,29,-3.7381660486484787,23
4479,7,31,15,15,-3.741081293807926,16
4480,40,42,53,23,-3.7429391558119995,19
4481,104,52,88,30,-3.748900408253261,22
4482,107,55,100,28,-3.7489350041480445,27
4483,43,17,35,9,-3.749011557971226,8
4484,76,21,41,10,-3.750106309053706,11
4485,27,20,64,10,-3.7553762630555503,10
4486,112,23,100,12,-3.761865576918162,11
4487,104,10,12,6,-3.765052817962645,4
4488,4,19,63,11,-3.7758336578086884,8
4489,92,13,104,6,-3.7768187223532292,7
4490,93,10,7,5,-3.7802315490169662,5
4491,19,19,49,10,-3.7848017336830573,9
4492,60,13,80,7,-3.788360223509818,6
4493,28,27,60,13,-3.790936598315461,14
4494,5,16,110,9,-3.8138584796050923,7
4495,15,17,43,9,-3.813942358092631,8
4496,91,28,5,17,-3.814625093066516,11
4497,9,47,107,25,-3.8164136057968903,22
4498,64,14,44,8,-3.824222642884567,6
4499,3,11,4,6,-3.825046392091852,5
4500,51,30,70,16,-3.8297117807076546,14
4501,51,14,85,7,-3.8310675840112265,7
4502,13,26,91,14,-3.8317482607331113,12
4503,8,13,43,7,-3.8325900737455147,6
4504,55,44,7,26,-3.8332053851439998,18
4505,46,13,38,8,-3.8338597693432233,5
4506,7,26,20,14,-3.839940256500115,12
4507,31,23,18,12,-3.8430258307678655,11
4508,114,25,41,13,-3.8544949021986654,12
4509,109,17,68,11,-3.8661451047117255,6
4510,75,19,95,11,-3.8704036900259116,8
4511,54,23,1,13,-3.8802733242992384,10
4512,17,27,28,15,-3.885054779321748,12
4513,38,17,30,11,-3.8932796799126628,6
4514,57,23,28,13,-3.8971175709019774,10
4515,63,30,55,16,-3.900377194965694,14
4516,91,15,102,8,-3.901213400624812,7
4517,37,26,102,15,-3.901578428361024,11
4518,90,11,64,6,-3.902108781861291,5
4519,86,13,89,6,-3.9174928376954097,7
4520,70,38,37,22,-3.9227382855891673,16
4521,2,28,5,16,-3.923277825320168,12
4522,20,15,85,8,-3.925425491644285,7
4523,83,12,102,7,-3.9254792340582285,5
4524,76,17,100,9,-3.9256185311273124,8
4525,34,20,109,11,-3.9288794114930043,9
4526,50,11,57,7,-3.929027822248146,4
4527,16,35,97,19,-3.9340820840887147,16
4528,97,10,80,6,-3.9365866928471034,4
4529,93,11,3,5,-3.9394735942906975,6
4530,51,118,16,64,-3.942638198297064,54
4531,40,11,6,6,-3.9442678680230827,5
4532,87,15,72,8,-3.9476714831248376,7
4533,35,13,30,7,-3.958311571243133,6
4534,93,24,74,13,-3.960101768879081,11
4535,79,16,11,8,-3.974723408998089,8
4536,14,12,96,7,-3.975747798085754,5
4537,19,16,84,9,-3.977223734834221,7
4538,97,18,60,9,-3.9792005525226375,9
4539,112,16,31,10,-4.001730552260451,6
4540,71,33,30,18,-4.006253796204616,15
4541,31,12,66,7,-4.0087548725586535,5
4542,110,20,8,12,-4.013172679497405,8
4543,43,13,57,9,-4.01488483458283,4
4544,53,49,39,28,-4.0166114325479985,21
4545,96,21,39,13,-4.016816457185763,8
4546,77,13,17,7,-4.019137969261599,6
4547,47,13,71,7,-4.030916530509354,6
4548,65,21,19,12,-4.034840520337374,9
4549,43,10,1,5,-4.03897671575872,5
4550,76,26,98,15,-4.039201436166646,11
4551,3,45,87,25,-4.043088707840422,20
4552,50,21,7,11,-4.045740478776831,10
4553,88,43,23,26,-4.047882049914368,17
4554,40,10,32,5,-4.050021677419869,5
4555,20,10,14,6,-4.051966837258037,4
4556,80,13,38,8,-4.058220808984364,5
4557,107,73,88,42,-4.059899124075387,31
4558,95,10,43,6,-4.0633983206079485,4
4559,100,18,64,11,-4.065079844004268,7
4560,38,12,20,8,-4.067291998076463,4
4561,100,25,28,15,-4.067958600144052,10
4562,31,68,7,38,-4.069172309295859,30
4563,34,12,11,6,-4.072817944161177,6
4564,5,117,86,66,-4.074944655375777,51
4565,50,22,74,12,-4.086243740312161,10
4566,19,11,36,6,-4.0885902184216905,5
4567,79,11,112,6,-4.092088872238905,5
4568,68,24,47,14,-4.095710109800673,10
4569,35,24,20,14,-4.098728722002913,10
4570,93,20,83,11,-4.100880722204593,9
4571,63,30,97,17,-4.107378727934806,13
4572,39,28,57,15,-4.112346188716782,13
4573,2,12,7,7,-4.115660194227726,5
4574,46,12,3,6,-4.120061864952647,6
4575,65,22,45,11,-4.125923170388699,11
4576,3,36,39,19,-4.128025946131889,17
4577,94,16,112,10,-4.1306598471384035,6
4578,106,51,107,28,-4.131711792879518,23
4579,27,51,7,28,-4.136091254496651,23
4580,20,11,71,7,-4.136430557393971,4
4581,88,18,77,10,-4.138723345512824,8
4582,71,47,53,27,-4.141303557057988,20
4583,77,28,13,16,-4.142553833006349,12
4584,95,12,100,6,-4.142851413596655,6
4585,73,13,20,8,-4.146065391689571,5
4586,76,18,84,10,-4.146116027740745,8
4587,17,12,99,7,-4.14837583337694,5
4588,84,60,28,34,-4.150279635735799,26
4589,100,49,16,28,-4.152927924613112,21
4590,37,50,16,28,-4.156282391646739,22
4591,107,82,13,45,-4.161123444843267,37
4592,5,40,83,21,-4.1637099044245005,19
4593,60,40,87,21,-4.165937031857301,19
4594,84,34,16,19,-4.177116652788804,15
4595,7,33,43,20,-4.178253566474207,13
4596,25,27,23,15,-4.182190113226027,12
4597,54,18,94,10,-4.188296451426149,8
4598,40,70,13,39,-4.189895916000412,31
4599,29,16,76,8,-4.200007794197803,8
4600,74,18,108,11,-4.201041319943182,7
4601,57,14,9,8,-4.201215618084039,6
4602,40,11,15,6,-4.201647176656486,5
4603,4,22,55,12,-4.203282539310471,10
4604,23,49,107,27,-4.204854869546181,22
4605,36,56,65,32,-4.205692860728475,24
4606,87,28,90,16,-4.209781806456323,12
4607,31,21,87,11,-4.220659397575877,10
4608,18,19,4,11,-4.220670692754493,8
4609,44,11,71,6,-4.223524348839462,5
4610,88,28,47,15,-4.22725076481323,13
4611,48,12,23,7,-4.227938531173128,5
4612,50,14,27,9,-4.235010139334762,5
4613,47,10,109,6,-4.236742850593237,4
4614,34,14,106,7,-4.243674039664674,7
4615,74,15,88,10,-4.244509847633764,5
4616,62,15,49,9,-4.244999731944826,6
4617,80,17,104,9,-4.256665633473226,8
4618,38,15,51,9,-4.261652425824846,6
4619,107,30,91,18,-4.264126621091654,12
4620,9,46,65,27,-4.265691800988977,19
4621,94,13,41,8,-4.265911348941389,5
4622,94,16,29,9,-4.266183555379085,7
4623,75,10,94,6,-4.27084756663674,4
4624,69,16,104,10,-4.289368537470421,6
4625,62,10,17,6,-4.292232513416535,4
4626,35,12,13,7,-4.295164540193832,5
4627,44,21,20,12,-4.299103845073811,9
4628,54,28,25,16,-4.300413553073274,12
4629,53,27,106,14,-4.302319600135899,13
4630,109,22,20,14,-4.302333411252665,8
4631,71,42,16,25,-4.3051763919274695,17
4632,60,15,94,9,-4.3069509756796736,6
4633,52,10,50,5,-4.308197298973348,5
4634,8,10,31,6,-4.309099443279481,4
4635,20,19,17,11,-4.3112321942034,8
4636,30,20,20,11,-4.312859032774339,9
4637,17,23,97,13,-4.313428551304956,10
4638,71,14,70,7,-4.315612188206777,7
4639,40,22,4,12,-4.316643149060896,10
4640,54,29,9,16,-4.322785325524941,13
4641,49,42,16,24,-4.328881914063162,18
4642,41,19,95,11,-4.332143979792176,8
4643,22,12,60,7,-4.334241842742782,5
4644,46,63,13,37,-4.339512508845411,26
4645,65,29,70,18,-4.3439841796636145,11
4646,6,16,65,9,-4.346168811124812,7
4647,16,28,72,16,-4.352551781937083,12
4648,71,31,64,19,-4.35947313780117,12
4649,23,20,95,11,-4.361896262769259,9
4650,49,31,87,16,-4.362528458898391,15
4651,17,40,16,25,-4.363027049067973,15
4652,9,15,74,9,-4.36741522698094,6
4653,23,23,40,13,-4.36842332680331,10
4654,58,13,55,7,-4.369004483506263,6
4655,9,24,55,14,-4.371040618945101,10
4656,25,33,87,18,-4.379098196808543,15
4657,54,10,99,6,-4.3797228746123675,4
4658,107,106,16,65,-4.3810113351961855,41
4659,20,16,19,9,-4.384623705732577,7
4660,49,28,27,16,-4.3849120312056895,12
4661,86,20,111,12,-4.3910837466552355,8
4662,78,12,12,7,-4.39114253959409,5
4663,100,29,104,17,-4.394052990846696,12
4664,63,29,64,16,-4.39496095596168,13
4665,102,32,28,18,-4.400334973714718,14
4666,108,14,71,8,-4.402422140240547,6
4667,53,64,7,36,-4.416213736910661,28
4668,27,23,100,12,-4.417364211792926,11
4669,13,30,99,17,-4.420966828834257,13
4670,20,14,23,8,-4.42777867543601,6
4671,27,17,108,10,-4.43028987016657,7
4672,17,17,100,11,-4.4319100299484715,6
4673,55,15,27,9,-4.432125170487898,6
4674,3,24,65,14,-4.442479320591086,10
4675,109,15,95,9,-4.444131433700797,6
4676,50,42,2,24,-4.448957186147167,18
4677,12,12,6,6,-4.448996636056325,6
4678,16,44,95,24,-4.453378575583385,20
4679,73,12,50,8,-4.454782630059153,4
4680,97,11,77,7,-4.454901155383999,4
4681,8,25,64,15,-4.455975265271213,10
4682,43,12,49,7,-4.460909191235433,5
4683,50,15,3,8,-4.464463620895281,7
4684,32,18,37,10,-4.466542082918519,8
4685,57,10,91,5,-4.468260927215542,5
4686,25,31,96,17,-4.472832877552798,14
4687,107,33,95,18,-4.475609109265347,15
4688,8,12,56,7,-4.475636615156397,5
4689,64,46,7,25,-4.4812400569888355,21
4690,102,21,11,11,-4.481690077928583,10
4691,27,59,16,34,-4.4838902218841685,25
4692,107,100,87,57,-4.485053698152737,43
4693,40,50,65,28,-4.488092661947341,22
4694,37,15,93,9,-4.4934456656390305,6
4695,88,97,7,54,-4.494661432270669,43
4696,69,12,76,8,-4.499300236532236,4
4697,97,24,87,15,-4.5078366784517385,9
4698,69,10,80,5,-4.508733977407145,5
4699,29,16,28,9,-4.513248021932703,7
4700,60,21,11,12,-4.5133956995570435,9
4701,93,16,20,8,-4.515352163146577,8
4702,55,43,37,23,-4.516821858156877,20
4703,27,10,20,6,-4.521221510996863,4
4704,48,18,13,10,-4.529838045170984,8
4705,28,71,50,41,-4.530365152854882,30
4706,75,23,106,12,-4.532198108241345,11
4707,27,22,8,13,-4.533539031440759,9
4708,85,16,28,9,-4.545964613502572,7
4709,15,18,99,11,-4.551461310618722,7
4710,46,15,83,8,-4.551826612706302,7
4711,16,14,85,9,-4.553008304246548,5
4712,27,38,39,23,-4.5544653803086925,15
4713,23,15,70,8,-4.554568026577778,7
4714,49,22,54,12,-4.559262424288583,10
4715,5,18,43,10,-4.5592775438308895,8
4716,104,16,99,8,-4.562749239239297,8
4717,95,14,99,8,-4.572737764013027,6
4718,58,23,7,12,-4.575034525669345,11
4719,69,29,88,17,-4.57735117806939,12
4720,65,16,99,9,-4.579704538683142,7
4721,86,46,9,27,-4.582704854578892,19
4722,71,25,28,15,-4.584215619303487,10
4723,96,32,50,18,-4.592653394244437,14
4724,95,13,77,7,-4.601493224452909,6
4725,30,11,23,6,-4.601908928188203,5
4726,3,35,7,21,-4.603775118928218,14
4727,66,10,88,6,-4.60434245546846,4
4728,18,15,38,8,-4.607415756411176,7
4729,86,72,37,40,-4.607837359690986,32
4730,108,14,30,8,-4.615023887291242,6
4731,51,45,104,28,-4.619321545096768,17
4732,108,25,16,15,-4.623103686503396,10
4733,84,22,34,12,-4.62384283835466,10
4734,92,15,51,8,-4.63031933752528,7
4735,110,15,106,8,-4.633960085739299,7
4736,25,22,60,12,-4.636282806493915,10
4737,109,19,73,11,-4.637139105733963,8
4738,25,13,48,7,-4.641698897655362,6
4739,13,14,73,8,-4.6427133386229835,6
4740,16,21,6,11,-4.642825718029856,10
4741,79,11,19,6,-4.64323690388041,5
4742,96,39,63,24,-4.649023449526139,15
4743,25,15,27,8,-4.649655011418167,7
4744,47,15,25,8,-4.655390231832644,7
4745,94,16,1,8,-4.659339262334038,8
4746,98,14,55,9,-4.662824671110213,5
4747,64,48,13,25,-4.670216629866639,23
4748,18,22,77,14,-4.676567510317278,8
4749,69,21,19,12,-4.68530194770568,9
4750,5,16,71,9,-4.686451238703376,7
4751,62,10,97,6,-4.689387738532959,4
4752,46,60,86,37,-4.689511214815467,23
4753,68,60,16,37,-4.69433729993708,23
4754,51,27,1,15,-4.696944414266177,12
4755,60,45,55,25,-4.699539635247212,20
4756,84,12,62,7,-4.699556310812963,5
4757,1,34,13,21,-4.702199298952773,13
4758,46,23,20,15,-4.708713070266484,8
4759,18,37,28,20,-4.710953949587104,17
4760,12,14,74,8,-4.7158981291394015,6
4761,86,17,29,10,-4.718991224578428,7
4762,76,24,65,15,-4.724228966633899,9
4763,62,42,16,26,-4.724553393774716,16
4764,60,28,78,15,-4.724814567031883,13
4765,86,20,47,12,-4.7250746523394085,8
4766,75,14,15,9,-4.7291616067808215,5
4767,46,11,6,6,-4.730994669309113,5
4768,65,22,62,12,-4.738429764528674,10
4769,47,25,107,14,-4.7386499699721325,11
4770,77,10,78,6,-4.740093506361646,4
4771,3,11,97,7,-4.7402730889790226,4
4772,77,16,25,9,-4.745845616411638,7
4773,5,30,90,18,-4.752640516818982,12
4774,50,16,93,10,-4.755526241513055,6
4775,55,59,107,33,-4.755796479683958,26
4776,41,31,64,19,-4.758473174288668,12
4777,68,30,19,18,-4.759028599089826,12
4778,27,16,6,9,-4.762765446713921,7
4779,94,16,55,9,-4.767452995148862,7
4780,31,15,12,8,-4.770632464521183,7
4781,70,13,90,7,-4.771084444295363,6
4782,37,10,9,6,-4.7723167368365935,4
4783,20,31,11,19,-4.776863569942599,12
4784,5,12,9,7,-4.777710715122403,5
4785,104,57,86,32,-4.778923035703436,25
4786,5,33,76,19,-4.788314400539968,14
4787,76,24,97,13,-4.7891970450006545,11
4788,13,25,12,17,-4.790400551753887,8
4789,1,17,9,8,-4.79405950293998,9
4790,20,13,52,8,-4.795236183864801,5
4791,25,11,111,6,-4.797175922879397,5
4792,6,16,68,10,-4.799676836342989,6
4793,96,22,75,15,-4.80138149231193,7
4794,56,11,16,7,-4.802141402722699,4
4795,88,44,75,26,-4.804702938088101,18
4796,108,13,96,7,-4.805162668071275,6
4797,68,34,54,20,-4.806816214683671,14
4798,106,25,2,14,-4.808494527305082,11
4799,57,35,78,19,-4.808517671866253,16
4800,51,53,54,30,-4.810159958869113,23
4801,106,12,6,7,-4.810944704219048,5
4802,85,11,74,6,-4.812388004493803,5
4803,87,26,80,15,-4.820034229018142,11
4804,54,15,14,10,-4.820525855929131,5
4805,25,19,31,10,-4.823839301099763,9
4806,79,26,16,15,-4.825490262441229,11
4807,90,13,41,7,-4.828201040811693,6
4808,67,15,8,9,-4.8319098461555825,6
4809,52,15,87,8,-4.832747531124254,7
4810,75,41,18,23,-4.835583954062301,18
4811,38,28,39,16,-4.840157107076872,12
4812,64,20,83,11,-4.840996077098241,9
4813,86,35,69,20,-4.843108927419924,15
4814,83,17,39,10,-4.845386042652696,7
4815,68,30,15,18,-4.8493362645447915,12
4816,32,12,97,7,-4.851459349576838,5
4817,79,10,60,6,-4.86007767182391,4
4818,107,12,52,8,-4.8612628499818085,4
4819,104,21,15,12,-4.861598666210976,9
4820,20,45,87,25,-4.861780392772671,20
4821,89,10,5,7,-4.862465640901751,3
4822,43,21,3,13,-4.864647808288564,8
4823,106,54,37,29,-4.865641247327304,25
4824,65,13,81,8,-4.8663030068811075,5
4825,1,11,29,7,-4.8669345755887905,4
4826,57,26,88,14,-4.87081224887015,12
4827,62,17,54,10,-4.874030180632837,7
4828,95,11,69,7,-4.882909765417962,4
4829,57,17,19,10,-4.8906679026106685,7
4830,94,15,63,9,-4.89422980647244,6
4831,104,14,23,9,-4.897799558060742,5
4832,66,15,60,10,-4.904241113833256,5
4833,28,12,38,6,-4.907164394244693,6
4834,108,12,54,8,-4.909695920764134,4
4835,106,56,74,32,-4.924754963776778,24
4836,36,40,86,23,-4.927433251240003,17
4837,38,19,9,11,-4.930493889785887,8
4838,9,22,114,15,-4.931319071415344,7
4839,28,27,93,17,-4.941127481170006,10
4840,69,13,29,7,-4.94421176857118,6
4841,6,15,51,9,-4.945330344973923,6
4842,68,19,56,10,-4.94813216675333,9
4843,7,103,16,58,-4.951928398872169,45
4844,90,23,96,14,-4.963939687748077,9
4845,38,16,109,10,-4.9644619615709695,6
4846,107,49,40,30,-4.964616090179718,19
4847,68,42,41,24,-4.9651675063741685,18
4848,11,47,55,29,-4.971797395348791,18
4849,47,30,7,18,-4.980252625346254,12
4850,31,23,50,13,-4.991999785997781,10
4851,81,15,114,8,-4.993414377265689,7
4852,71,15,74,8,-4.993812181109021,7
4853,86,42,27,26,-4.998624186323086,16
4854,106,41,7,21,-5.003800212982272,20
4855,5,26,93,16,-5.004460526821323,10
4856,41,12,74,6,-5.00781552916323,6
4857,66,14,63,8,-5.012099177257042,6
4858,67,13,34,6,-5.018007900867618,7
4859,41,24,20,13,-5.0314400771852865,11
4860,52,12,65,8,-5.036995856643753,4
4861,104,61,37,36,-5.041376355525097,25
4862,65,15,94,8,-5.044352620567005,7
4863,27,13,28,9,-5.051194542399679,4
4864,37,23,30,14,-5.052445856918077,9
4865,10,16,7,9,-5.060407065651959,7
4866,61,10,41,6,-5.060781095904467,4
4867,65,17,46,11,-5.06610491085495,6
4868,33,13,90,8,-5.072843762888294,5
4869,7,21,78,11,-5.07455852586649,10
4870,20,10,32,7,-5.08216341529211,3
4871,19,18,41,11,-5.083569111932982,7
4872,65,23,90,12,-5.084911236528136,11
4873,51,53,100,27,-5.091778591823037,26
4874,104,25,53,14,-5.094260383198605,11
4875,68,17,85,11,-5.096473635587277,6
4876,100,19,23,12,-5.096795040845655,7
4877,108,13,28,7,-5.102919930198643,6
4878,70,23,55,13,-5.1032220329288345,10
4879,1,10,30,6,-5.107240382060612,4
4880,4,18,75,11,-5.1124286444655915,7
4881,65,74,87,43,-5.121490518289122,31
4882,98,22,11,12,-5.122669345045473,10
4883,63,15,15,8,-5.123996343311646,7
4884,58,30,40,16,-5.133397385337809,14
4885,3,21,36,13,-5.136055944816986,8
4886,69,12,40,8,-5.137627663794989,4
4887,65,34,43,18,-5.1408173176529015,16
4888,9,20,49,11,-5.141308839362197,9
4889,48,14,80,9,-5.142739603488693,5
4890,51,12,35,7,-5.14727626674268,5
4891,9,24,106,14,-5.150083731218861,10
4892,50,28,76,18,-5.1519660961300575,10
4893,28,16,35,8,-5.1531236605423,8
4894,5,12,67,7,-5.159840528973067,5
4895,3,24,27,12,-5.160126272038298,12
4896,56,11,91,6,-5.160182814393273,5
4897,96,20,114,12,-5.164351476040406,8
4898,43,37,16,23,-5.181481577984689,14
4899,97,17,75,10,-5.183439015487436,7
4900,54,61,63,36,-5.184615575913567,25
4901,65,78,104,44,-5.186990036216576,34
4902,102,15,13,10,-5.18776420910188,5
4903,71,10,6,6,-5.19369227829273,4
4904,113,13,40,8,-5.193726392686624,5
4905,75,53,86,29,-5.193887338774452,24
4906,39,25,46,12,-5.196853389468722,13
4907,107,42,76,27,-5.200618733652023,15
4908,53,36,16,22,-5.201094174764714,14
4909,54,37,55,20,-5.2079892699722485,17
4910,39,10,6,6,-5.213256916387498,4
4911,91,12,33,6,-5.213867650447791,6
4912,55,12,49,7,-5.21558348601229,5
4913,76,18,20,9,-5.218902337593748,9
4914,37,22,40,12,-5.218981261850287,10
4915,112,29,53,15,-5.221677411254142,14
4916,106,54,54,29,-5.222938310920249,25
4917,5,11,35,6,-5.226534281744142,5
4918,23,12,9,7,-5.231512665759891,5
4919,25,21,91,12,-5.23677892954369,9
4920,16,14,52,8,-5.238731564661997,6
4921,40,15,98,8,-5.239271076053038,7
4922,40,26,25,15,-5.242222631716463,11
4923,94,15,114,8,-5.246364560187277,7
4924,31,11,35,6,-5.255104723881262,5
4925,88,44,27,24,-5.261611390153785,20
4926,65,99,16,58,-5.2628723387181084,41
4927,92,11,28,7,-5.266199037582341,4
4928,88,11,56,6,-5.280224334897691,5
4929,28,19,14,12,-5.2887953454841945,7
4930,47,14,64,9,-5.289224932245289,5
4931,86,21,99,13,-5.291638236148403,8
4932,39,49,40,29,-5.294535177326296,20
4933,100,17,9,11,-5.299356832075297,6
4934,55,25,111,15,-5.307717141421055,10
4935,66,19,107,11,-5.307859110353936,8
4936,47,10,85,7,-5.309476383215227,3
4937,84,49,51,29,-5.314265702072517,20
4938,49,13,28,7,-5.31428031912519,6
4939,86,20,12,12,-5.327325022745496,8
4940,65,60,55,34,-5.327873148487049,26
4941,86,75,11,43,-5.329870824958233,32
4942,50,52,87,29,-5.330518704603512,23
4943,60,39,30,25,-5.333529686326088,14
4944,102,14,97,9,-5.335160623731844,5
4945,62,19,7,11,-5.339510147514966,8
4946,97,35,7,19,-5.356987360153851,16
4947,63,30,75,17,-5.362343223381898,13
4948,94,12,3,7,-5.374899428324898,5
4949,81,30,86,20,-5.386145363177658,10
4950,46,42,8,23,-5.3863067663867845,19
4951,15,15,72,8,-5.388510401813019,7
4952,90,31,54,18,-5.397442007333916,13
4953,64,10,84,7,-5.40179307430533,3
4954,54,38,13,23,-5.404685941953907,15
4955,58,11,4,7,-5.405037105567146,4
4956,65,11,103,6,-5.411493347730609,5
4957,63,33,104,19,-5.4225005902868935,14
4958,68,29,71,18,-5.435653336862234,11
4959,57,18,97,10,-5.45235309786646,8
4960,71,43,75,27,-5.454468163058883,16
4961,76,14,71,7,-5.456476326439049,7
4962,88,24,100,14,-5.458731260416509,10
4963,88,15,89,8,-5.460084177073363,7
4964,69,22,30,12,-5.462107433982007,10
4965,51,31,5,20,-5.465657211287607,11
4966,74,13,31,8,-5.468299370651384,5
4967,70,23,114,14,-5.484820175107314,9
4968,102,10,67,6,-5.497246561771841,4
4969,109,13,32,7,-5.508051897308618,6
4970,83,19,95,12,-5.510188596504647,7
4971,9,35,28,19,-5.51465148212954,16
4972,37,59,87,35,-5.516733087496061,24
4973,20,10,62,6,-5.517288163699186,4
4974,7,33,28,20,-5.522079859732704,13
4975,102,14,33,8,-5.525239013163607,6
4976,68,45,114,26,-5.528966703625285,19
4977,72,20,54,12,-5.531412519924271,8
4978,48,18,34,10,-5.531916858024634,8
4979,23,31,106,16,-5.535479536227777,15
4980,23,21,64,12,-5.5388775759536575,9
4981,69,27,41,18,-5.540528561994146,9
4982,2,22,20,13,-5.544865436021075,9
4983,84,18,25,11,-5.5466876181289715,7
4984,23,16,29,9,-5.547160957253139,7
4985,31,53,36,30,-5.548564460468652,23
4986,25,41,8,25,-5.550067480025435,16
4987,20,61,107,35,-5.555959949322172,26
4988,4,11,46,6,-5.55622187464566,5
4989,95,30,13,17,-5.556983808516705,13
4990,95,10,31,6,-5.5581891593402775,4
4991,48,12,68,7,-5.567776843888594,5
4992,69,11,42,6,-5.570250078296482,5
4993,38,23,7,13,-5.575438881033769,10
4994,88,14,14,8,-5.580858903619988,6
4995,53,13,89,7,-5.581720835788214,6
4996,96,38,20,23,-5.5910643603065,15
4997,98,17,70,11,-5.604121247592223,6
4998,64,12,62,6,-5.604607375761128,6
4999,94,13,11,8,-5.607013329252648,5
5000,90,14,30,8,-5.614315415339312,6
5001,76,29,28,16,-5.615688910158877,13
5002,50,48,16,28,-5.617696720442926,20
5003,91,26,68,14,-5.6194663727720915,12
5004,50,26,95,15,-5.619957219349124,11
5005,84,24,9,14,-5.622843694169617,10
5006,5,10,19,6,-5.6233787755961275,4
5007,17,21,5,14,-5.625033929201381,7
5008,73,28,86,15,-5.62531345595925,13
5009,13,44,114,23,-5.630065657879772,21
5010,9,43,75,26,-5.632694127818325,17
5011,51,46,75,26,-5.632745764536369,20
5012,3,22,28,13,-5.641703705085423,9
5013,74,23,73,14,-5.649045009007229,9
5014,97,13,39,8,-5.649731064357227,5
5015,97,10,4,6,-5.649870700339136,4
5016,98,16,78,9,-5.6505616018289935,7
5017,88,87,86,51,-5.651261944060885,36
5018,61,13,9,8,-5.652969843590385,5
5019,102,20,76,12,-5.663286849342956,8
5020,82,11,54,7,-5.66427830231393,4
5021,3,10,76,6,-5.665440442988805,4
5022,99,31,16,18,-5.66581833704302,13
5023,37,39,75,25,-5.670197882049106,14
5024,25,10,94,5,-5.671887186214519,5
5025,68,31,30,17,-5.6801282305085214,14
5026,81,27,60,16,-5.682226522032789,11
5027,95,10,102,6,-5.68531996234082,4
5028,40,21,35,13,-5.689140213576859,8
5029,5,46,106,28,-5.689619439430468,18
5030,32,10,70,5,-5.692479372096212,5
5031,62,17,53,10,-5.701449545318568,7
5032,96,23,60,16,-5.70300646411235,7
5033,102,11,23,6,-5.716053822653882,5
5034,37,18,41,11,-5.716493275276267,7
5035,17,13,98,7,-5.72342530511381,6
5036,51,26,25,15,-5.726135112848949,11
5037,9,14,45,9,-5.727853500458989,5
5038,25,48,13,26,-5.729332953997916,22
5039,12,19,88,11,-5.730617287446644,8
5040,38,11,34,7,-5.733514369563806,4
5041,104,64,107,38,-5.737421230069913,26
5042,106,42,25,26,-5.737688222420908,16
5043,81,10,78,5,-5.742474614478735,5
5044,80,11,19,7,-5.749943576584892,4
5045,77,12,36,7,-5.751140829309579,5
5046,47,13,23,8,-5.7551420632928085,5
5047,53,13,58,6,-5.756559382638664,7
5048,28,20,69,11,-5.7720642888399025,9
5049,93,19,16,10,-5.776545074834796,9
5050,19,16,38,11,-5.78310801022648,5
5051,63,26,98,15,-5.795644107915215,11
5052,31,19,91,12,-5.801858258461768,7
5053,106,11,10,8,-5.803672894932928,3
5054,98,19,8,12,-5.806615359942182,7
5055,20,13,79,8,-5.810117746469,5
5056,106,28,80,17,-5.812470547213422,11
5057,5,16,40,9,-5.82052725169565,7
5058,94,17,28,11,-5.821481138029024,6
5059,51,12,103,7,-5.839110670955628,5
5060,87,67,8,39,-5.843937748929524,28
5061,76,28,23,16,-5.847391882051943,12
5062,65,10,108,5,-5.847992745343311,5
5063,46,37,74,23,-5.850135921281392,14
5064,114,10,72,5,-5.8600009411243095,5
5065,112,20,7,12,-5.863389950487481,8
5066,7,17,34,10,-5.863504951401834,7
5067,95,36,54,20,-5.865979569344108,16
5068,9,17,62,10,-5.866001447424248,7
5069,31,12,28,7,-5.87633787823225,5
5070,68,27,97,16,-5.880460614845397,11
5071,36,12,46,7,-5.88209418081934,5
5072,74,22,102,13,-5.882481039476403,9
5073,43,16,17,9,-5.888801333071093,7
5074,64,14,46,8,-5.890631605322365,6
5075,84,34,74,18,-5.89139952158172,16
5076,68,15,101,10,-5.891939886749793,5
5077,107,59,75,39,-5.896729059645905,20
5078,28,52,104,30,-5.899362411800781,22
5079,38,10,62,6,-5.90596099279759,4
5080,57,27,84,14,-5.910397185802948,13
5081,45,15,41,10,-5.914462706154762,5
5082,63,10,93,6,-5.917563250275586,4
5083,78,28,13,17,-5.920714252201037,11
5084,55,27,109,14,-5.923431655873009,13
5085,77,19,55,11,-5.9241375928077735,8
5086,114,20,73,12,-5.924435121305104,8
5087,79,15,103,9,-5.924794393548497,6
5088,33,18,8,11,-5.930528749487397,7
5089,63,45,37,27,-5.933785173114153,18
5090,40,15,57,9,-5.936628176580016,6
5091,10,13,63,8,-5.94033318775015,5
5092,43,10,74,5,-5.941779824004124,5
5093,49,58,39,36,-5.945170002942903,22
5094,53,15,28,9,-5.945744364633271,6
5095,87,93,16,54,-5.946405435197747,39
5096,10,12,97,6,-5.950831581917707,6
5097,87,26,78,14,-5.955202866983132,12
5098,57,14,23,8,-5.961318336893528,6
5099,53,52,68,31,-5.964244334939566,21
5100,40,18,97,11,-5.966918416140385,7
5101,87,21,102,13,-5.971447061156248,8
5102,18,20,64,12,-5.974775055211904,8
5103,23,24,63,15,-5.985967731188219,9
5104,60,29,49,17,-5.990966249711066,12
5105,31,25,114,14,-5.9918765203954925,11
5106,41,32,87,19,-5.997754878012934,13
5107,88,26,30,14,-5.999646200227326,12
5108,100,19,37,12,-6.000890669706825,7
5109,88,61,65,38,-6.004362907857696,23
5110,17,17,103,11,-6.022913063656272,6
5111,37,24,98,14,-6.023716027404387,10
5112,13,33,63,19,-6.024739641852311,14
5113,55,33,80,18,-6.02495090174393,15
5114,51,28,108,16,-6.026136385597759,12
5115,46,20,95,12,-6.027785407812037,8
5116,50,17,91,11,-6.027790824025908,6
5117,86,38,64,22,-6.0307653391474,16
5118,31,31,75,17,-6.03348213428737,14
5119,98,24,7,15,-6.033686003781978,9
5120,114,14,27,8,-6.034743873961818,6
5121,81,23,15,13,-6.041264699343354,10
5122,32,16,8,9,-6.041444852098721,7
5123,93,15,70,9,-6.04469500542117,6
5124,18,24,63,15,-6.046455003215171,9
5125,51,19,102,11,-6.046528731259958,8
5126,14,14,39,8,-6.049336679853417,6
5127,29,14,17,8,-6.0580680620208245,6
5128,41,27,23,16,-6.068042449918635,11
5129,16,23,103,14,-6.069341828308502,9
5130,69,10,55,6,-6.075582313218194,4
5131,20,29,70,18,-6.0805113791791925,11
5132,107,23,111,12,-6.08814286411973,11
5133,16,10,26,6,-6.090476145744291,4
5134,47,11,54,6,-6.095812400128514,5
5135,69,16,62,9,-6.0981418118710495,7
5136,87,13,10,8,-6.098821416398099,5
5137,84,17,75,10,-6.100134417881319,7
5138,7,12,90,7,-6.108519045195329,5
5139,49,33,107,19,-6.110518487198577,14
5140,100,10,109,5,-6.1131936553231405,5
5141,31,13,81,9,-6.1171597913254026,4
5142,88,35,25,23,-6.12387967695023,12
5143,11,10,62,6,-6.126587814431934,4
5144,13,34,81,21,-6.133078295186986,13
5145,47,27,75,18,-6.156969718274411,9
5146,36,47,13,29,-6.167141158071527,18
5147,102,21,57,12,-6.169321397774082,9
5148,35,14,55,8,-6.18171019735336,6
5149,87,65,13,40,-6.181857198920592,25
5150,71,12,91,7,-6.18747414228945,5
5151,2,28,63,16,-6.200018491851487,12
5152,70,28,74,15,-6.203999405338755,13
5153,84,15,35,9,-6.209299301194262,6
5154,9,19,76,12,-6.212932484569382,7
5155,62,10,109,7,-6.224068902567426,3
5156,91,42,16,27,-6.227187272730331,15
5157,50,41,104,25,-6.230364171354916,16
5158,9,31,8,16,-6.234041807874366,15
5159,5,48,114,28,-6.237633533478722,20
5160,23,45,13,25,-6.238267851069178,20
5161,86,20,19,12,-6.253559326613624,8
5162,54,17,41,10,-6.262569869973235,7
5163,39,22,92,12,-6.263991845659126,10
5164,95,12,15,7,-6.265255655621161,5
5165,96,11,69,7,-6.268969865653717,4
5166,5,45,20,28,-6.270373633442783,17
5167,49,10,95,7,-6.276830856016244,3
5168,4,21,86,13,-6.2794844995496994,8
5169,57,31,87,19,-6.281405166595777,12
5170,64,16,70,11,-6.2860092045587415,5
5171,38,24,63,16,-6.28770957205549,8
5172,3,13,54,7,-6.2904200663200225,6
5173,35,11,94,6,-6.295790159546813,5
5174,12,17,23,10,-6.3172605787938965,7
5175,112,14,54,9,-6.326711825622494,5
5176,23,13,33,8,-6.330114552953446,5
5177,27,23,47,14,-6.339365937979375,9
5178,40,22,62,11,-6.340588914856938,11
5179,96,17,85,12,-6.345069391274802,5
5180,27,13,92,7,-6.356396578041118,6
5181,56,21,7,12,-6.361794853449643,9
5182,33,12,64,8,-6.376020245344582,4
5183,8,24,68,14,-6.3816000624644404,10
5184,103,12,88,7,-6.387547254085084,5
5185,96,13,33,6,-6.392035038140809,7
5186,55,38,104,23,-6.394473965912865,15
5187,55,69,16,43,-6.397644631354262,26
5188,37,20,80,12,-6.401050818487372,8
5189,77,13,106,7,-6.407119934187455,6
5190,12,10,98,6,-6.41372647464986,4
5191,54,18,91,10,-6.414686940093467,8
5192,104,31,41,17,-6.4212259703659145,14
5193,80,23,96,14,-6.423400971659429,9
5194,27,11,22,7,-6.425149939635198,4
5195,27,15,72,8,-6.425704793436447,7
5196,33,16,40,11,-6.427211772717695,5
5197,15,12,17,8,-6.429771971115573,4
5198,109,20,41,13,-6.432688342356182,7
5199,87,20,4,13,-6.445923142452617,7
5200,51,43,76,27,-6.45233141104169,16
5201,28,10,6,6,-6.452419128804086,4
5202,91,20,8,12,-6.453847873736644,8
5203,81,10,30,6,-6.458484974391473,4
5204,29,13,70,7,-6.465173609286503,6
5205,68,11,98,7,-6.4699276959750645,4
5206,55,10,89,6,-6.472799854469152,4
5207,29,24,84,14,-6.4762244600132854,10
5208,9,20,70,13,-6.477071321597405,7
5209,53,46,107,28,-6.492903474758716,18
5210,55,29,74,17,-6.503619546467788,12
5211,55,26,30,16,-6.510387642998442,10
5212,37,35,13,21,-6.522302273576748,14
5213,80,13,91,8,-6.531108694088673,5
5214,35,20,11,12,-6.53852868587746,8
5215,11,13,85,8,-6.5402245957157366,5
5216,70,58,54,35,-6.543056803225656,23
5217,16,43,20,28,-6.5504080054855525,15
5218,68,29,23,16,-6.562476411578635,13
5219,25,37,104,21,-6.567754121461538,16
5220,69,36,16,22,-6.568724073501526,14
5221,114,26,53,15,-6.571088082289226,11
5222,18,13,76,8,-6.573059513523391,5
5223,48,10,69,5,-6.577798378248735,5
5224,69,36,13,22,-6.577969203588359,14
5225,1,27,86,16,-6.584989828827027,11
5226,69,31,60,17,-6.585373558105323,14
5227,96,28,65,16,-6.593487230396348,12
5228,43,37,107,23,-6.600978620740831,14
5229,81,18,71,11,-6.61709770119633,7
5230,3,15,8,7,-6.618029808815789,8
5231,68,21,20,12,-6.619136630374986,9
5232,75,10,85,7,-6.619293441212882,3
5233,5,48,25,29,-6.626414170343123,19
5234,62,32,107,17,-6.627456297715231,15
5235,37,22,39,13,-6.632156694863052,9
5236,65,30,4,18,-6.635600395573753,12
5237,16,51,75,30,-6.638067927267191,21
5238,17,38,86,21,-6.641619574926921,17
5239,29,35,65,20,-6.64417744679789,15
5240,103,13,13,8,-6.6455015698032565,5
5241,5,26,32,16,-6.6474470604519045,10
5242,3,33,16,21,-6.64804587553537,12
5243,37,19,71,11,-6.65399605348867,8
5244,86,44,100,24,-6.65428132559355,20
5245,71,11,83,6,-6.6562053803338666,5
5246,57,12,10,8,-6.658857003244836,4
5247,63,57,8,33,-6.662281605906513,24
5248,54,20,85,13,-6.664179187550933,7
5249,79,12,27,7,-6.670700776711516,5
5250,20,47,65,30,-6.694614669448737,17
5251,106,11,111,8,-6.697425895741327,3
5252,86,18,10,10,-6.698064905065152,8
5253,74,15,83,8,-6.703298030488857,7
5254,97,35,28,22,-6.716635909782018,13
5255,32,10,65,6,-6.718474357729474,4
5256,50,23,90,14,-6.721975923903932,9
5257,87,21,108,13,-6.728483256491903,8
5258,95,13,14,8,-6.731405281187272,5
5259,96,38,74,24,-6.731828732252354,14
5260,78,14,40,10,-6.732885786530082,4
5261,48,26,84,16,-6.740791105108492,10
5262,68,13,45,8,-6.747691137383073,5
5263,71,10,94,6,-6.748460655059317,4
5264,97,54,86,32,-6.749652418711037,22
5265,23,18,49,11,-6.760440977119261,7
5266,107,23,33,13,-6.763493299081546,10
5267,39,16,34,9,-6.781450725640269,7
5268,38,14,2,8,-6.792448237787324,6
5269,31,10,55,6,-6.798197972656263,4
5270,71,10,49,6,-6.8003776926672845,4
5271,13,50,71,29,-6.804323620324037,21
5272,96,20,51,12,-6.8091583197949745,8
5273,4,13,56,7,-6.816273515879698,6
5274,58,17,60,10,-6.820272973850588,7
5275,104,22,30,12,-6.820606807560422,10
5276,66,14,65,9,-6.821265394674894,5
5277,31,69,68,41,-6.8216343585610195,28
5278,109,28,11,18,-6.822473141770564,10
5279,106,25,95,16,-6.830338155584793,9
5280,96,14,78,9,-6.830515928543477,5
5281,60,16,62,9,-6.8330599498146025,7
5282,50,16,100,10,-6.845077769092562,6
5283,51,99,7,62,-6.849475435937795,37
5284,60,18,108,11,-6.856532886501664,7
5285,87,44,27,26,-6.8628160014128285,18
5286,4,43,60,24,-6.864343045215706,19
5287,99,15,106,10,-6.882359612487446,5
5288,88,16,76,9,-6.891817282335724,7
5289,60,10,72,6,-6.902146483608277,4
5290,30,19,75,11,-6.923427737676235,8
5291,3,10,11,7,-6.927988932149775,3
5292,46,21,7,14,-6.93576909674712,7
5293,29,13,77,9,-6.937025648198178,4
5294,109,46,54,29,-6.93715254280769,17
5295,88,12,99,7,-6.939131232028662,5
5296,27,20,29,13,-6.9404325684569965,7
5297,48,12,76,8,-6.943708984082041,4
5298,51,25,4,16,-6.952578906103856,9
5299,63,20,90,12,-6.95733483322538,8
5300,104,18,32,12,-6.959225086389547,6
5301,88,13,85,8,-6.960388600870984,5
5302,39,15,111,9,-6.9608600117118025,6
5303,36,34,16,21,-6.96230955324868,13
5304,13,21,26,14,-6.96329776155215,7
5305,97,23,18,14,-6.965163575719862,9
5306,81,22,39,14,-6.969167490495253,8
5307,65,65,51,41,-6.971234570186179,24
5308,65,34,64,20,-6.974011456935551,14
5309,94,34,43,20,-6.976926621542102,14
5310,12,11,69,6,-6.9833097870542735,5
5311,30,30,53,18,-6.98498975026545,12
5312,55,20,17,11,-6.987444025974705,9
5313,13,23,111,13,-6.988942249892523,10
5314,5,15,62,9,-6.9927087595973925,6
5315,54,14,79,9,-6.993661154009002,5
5316,54,26,93,17,-7.002072182522708,9
5317,49,22,98,13,-7.008025262016916,9
5318,53,27,87,15,-7.0226395127694765,12
5319,49,25,100,14,-7.023068422221521,11
5320,104,14,89,8,-7.025402807656737,6
5321,40,15,95,9,-7.026458120737084,6
5322,8,24,34,15,-7.028937547408993,9
5323,68,25,69,15,-7.030205467019009,10
5324,84,24,85,16,-7.039561068893883,8
5325,97,25,55,16,-7.041738062020974,9
5326,17,16,72,10,-7.0445771247302,6
5327,73,16,65,10,-7.056062739811477,6
5328,36,18,99,12,-7.061516094995873,6
5329,25,21,100,12,-7.062312436550092,9
5330,49,14,50,8,-7.064134383315742,6
5331,98,14,102,8,-7.075813129571892,6
5332,70,35,28,21,-7.078735797739843,14
5333,62,20,28,12,-7.086204539456472,8
5334,103,21,86,13,-7.096474477436441,8
5335,17,14,38,8,-7.099034060595349,6
5336,45,10,1,6,-7.100044646871247,4
5337,7,33,45,20,-7.114147641228475,13
5338,83,30,86,20,-7.114862976089347,10
5339,96,81,86,50,-7.122290387606646,31
5340,107,12,67,8,-7.124134838046419,4
5341,67,11,88,8,-7.127393540580368,3
5342,55,50,40,31,-7.142420946012767,19
5343,60,17,5,11,-7.144002600647478,6
5344,37,14,29,8,-7.14724630286853,6
5345,84,18,38,10,-7.154125748328735,8
5346,18,16,3,11,-7.159831907657219,5
5347,88,77,54,47,-7.16478292612553,30
5348,63,15,81,9,-7.165422512761097,6
5349,14,14,86,8,-7.166696838482464,6
5350,86,41,98,24,-7.171894084868248,17
5351,112,16,36,10,-7.175574629533439,6
5352,62,11,18,7,-7.178564522913038,4
5353,43,33,39,19,-7.179919496295487,14
5354,43,11,103,6,-7.181964369042848,5
5355,84,13,103,7,-7.1897480945283165,6
5356,22,13,109,8,-7.19047287621624,5
5357,30,19,34,12,-7.196614878264562,7
5358,48,11,17,6,-7.198036653114912,5
5359,38,13,53,8,-7.198101634639961,5
5360,39,82,16,49,-7.2003844657899245,33
5361,34,15,29,9,-7.2118582115851275,6
5362,100,11,20,7,-7.213419982652268,4
5363,29,13,46,6,-7.227495590691407,7
5364,76,15,34,8,-7.234183575632595,7
5365,40,27,114,18,-7.240772461331045,9
5366,75,10,20,6,-7.241047227766171,4
5367,3,33,107,18,-7.2445332607141895,15
5368,5,14,31,9,-7.246607645789562,5
5369,90,13,46,8,-7.250761878801305,5
5370,93,12,98,7,-7.251352809271133,5
5371,84,19,98,13,-7.255378652482316,6
5372,91,29,87,18,-7.256753645120718,11
5373,39,33,84,19,-7.2579208484387365,14
5374,79,30,86,19,-7.258463117259924,11
5375,81,19,75,12,-7.259552889264539,7
5376,98,17,20,11,-7.267496359610283,6
5377,70,16,110,10,-7.267896542251016,6
5378,96,10,62,7,-7.268496266352443,3
5379,13,40,47,25,-7.270637733593475,15
5380,57,13,106,7,-7.272492874678534,6
5381,68,20,55,13,-7.273979151335479,7
5382,98,20,13,13,-7.284404613166717,7
5383,29,16,97,10,-7.284915525257297,6
5384,104,20,9,12,-7.285236260424964,8
5385,47,11,11,7,-7.287013470663886,4
5386,40,31,43,18,-7.287691070183636,13
5387,51,96,86,55,-7.293924213296985,41
5388,61,11,47,7,-7.295405799949464,4
5389,29,14,11,8,-7.296267599499956,6
5390,40,33,54,20,-7.298767912387552,13
5391,85,14,63,8,-7.301748789802251,6
5392,5,42,70,25,-7.323141246130922,17
5393,65,13,85,8,-7.3238412361926395,5
5394,68,13,43,8,-7.327777492653937,5
5395,2,16,75,9,-7.332326563651874,7
5396,76,32,16,17,-7.341043581035357,15
5397,104,41,40,26,-7.342291894534161,15
5398,114,18,23,12,-7.344942637597017,6
5399,79,24,48,15,-7.345817828277464,9
5400,77,22,39,13,-7.354775711790571,9
5401,9,19,17,11,-7.358179157868899,8
5402,8,25,73,15,-7.3587900254771785,10
5403,88,113,16,71,-7.360663709722778,42
5404,60,36,104,25,-7.360716052217208,11
5405,3,24,15,14,-7.36431971548578,10
5406,114,10,77,6,-7.365477220397804,4
5407,33,16,25,11,-7.36592627296452,5
5408,80,14,31,10,-7.367135464628977,4
5409,74,15,34,10,-7.367415754617588,5
5410,71,10,73,6,-7.373234065194552,4
5411,5,10,1,6,-7.391988711274882,4
5412,89,17,41,11,-7.402414100587752,6
5413,84,17,43,10,-7.402871468291519,7
5414,60,22,100,14,-7.404199968366489,8
5415,81,17,41,11,-7.406020045346169,6
5416,88,22,108,14,-7.409334471097551,8
5417,41,34,36,18,-7.412500474371831,16
5418,28,15,47,9,-7.412518705302231,6
5419,11,17,64,12,-7.414908778247503,5
5420,71,12,11,7,-7.444969376445684,5
5421,75,30,46,18,-7.449361290092636,12
5422,110,21,37,12,-7.457046552670356,9
5423,70,12,100,7,-7.4587771296449565,5
5424,53,12,45,7,-7.463487107897495,5
5425,57,10,60,6,-7.4675633858823804,4
5426,81,10,28,6,-7.472696801730325,4
5427,87,30,43,18,-7.472905396043497,12
5428,31,37,64,23,-7.4738922265185375,14
5429,63,15,108,9,-7.475559971035059,6
5430,36,14,70,8,-7.476080415111231,6
5431,60,20,76,14,-7.483053056006786,6
5432,68,12,89,7,-7.483167732526589,5
5433,98,14,27,8,-7.497316272159128,6
5434,61,13,6,8,-7.506143312140652,5
5435,50,13,15,8,-7.509982415529958,5
5436,87,52,7,33,-7.517208318589071,19
5437,100,30,8,19,-7.520429095271139,11
5438,86,34,43,22,-7.523522170804235,12
5439,55,11,6,8,-7.526848268362213,3
5440,7,16,33,9,-7.532188482638043,7
5441,51,36,64,22,-7.5336949041795735,14
5442,46,10,85,7,-7.538229298143678,3
5443,85,10,30,6,-7.544084321309105,4
5444,12,13,16,8,-7.55786945629014,5
5445,40,38,87,22,-7.562449238427529,16
5446,45,19,60,11,-7.562934672858015,8
5447,51,24,97,16,-7.567852948549441,8
5448,109,30,107,19,-7.567930415965965,11
5449,68,66,40,42,-7.570321994315703,24
5450,5,14,34,10,-7.5706698448560905,4
5451,77,12,46,7,-7.574271980014295,5
5452,114,31,28,18,-7.584853881328922,13
5453,36,10,72,6,-7.585561627806541,4
5454,88,18,58,11,-7.5880987725104365,7
5455,15,16,49,10,-7.594278265555581,6
5456,36,20,18,12,-7.59490287850123,8
5457,63,23,100,13,-7.595593270007937,10
5458,78,11,41,7,-7.595698149323354,4
5459,77,20,41,13,-7.59651293866942,7
5460,84,15,100,10,-7.609473347550371,5
5461,27,14,71,9,-7.62097447229337,5
5462,76,18,13,11,-7.630501064893033,7
5463,81,13,64,8,-7.638492419047566,5
5464,5,29,97,19,-7.639418302115126,10
5465,60,11,70,7,-7.646435749026202,4
5466,31,13,33,7,-7.647223417443056,6
5467,72,22,86,14,-7.651597318688159,8
5468,35,27,107,18,-7.659745377736293,9
5469,96,24,37,14,-7.66584492569651,10
5470,38,29,37,18,-7.668156637885105,11
5471,106,61,13,38,-7.675692800309158,23
5472,55,35,50,20,-7.677574556383835,15
5473,68,62,39,37,-7.685790689163883,25
5474,11,32,5,20,-7.6874421575338765,12
5475,7,25,111,15,-7.6903234257719815,10
5476,60,40,23,25,-7.703308873703664,15
5477,88,25,62,15,-7.711671646243702,10
5478,1,15,15,10,-7.733065759700131,5
5479,84,11,44,6,-7.741464370739851,5
5480,12,14,28,9,-7.741725097225164,5
5481,54,13,73,8,-7.746921178252214,5
5482,64,32,16,21,-7.754231430905149,11
5483,25,49,37,29,-7.755599308877523,20
5484,73,11,53,7,-7.756297558195456,4
5485,60,21,17,13,-7.758065583862096,8
5486,18,22,50,13,-7.75840176806416,9
5487,114,14,92,10,-7.774797164908212,4
5488,19,13,72,8,-7.778046405037885,5
5489,8,17,62,12,-7.778739102861808,5
5490,8,21,78,13,-7.782275188757168,8
5491,111,10,47,6,-7.786638633209642,4
5492,64,22,55,15,-7.789831302640345,7
5493,30,20,50,12,-7.797701228015578,8
5494,48,15,50,10,-7.798532000224026,5
5495,110,12,114,8,-7.80031681097971,4
5496,46,46,25,27,-7.8204011950255445,19
5497,107,33,2,21,-7.828664599470125,12
5498,1,20,114,13,-7.837742070296789,7
5499,109,19,53,12,-7.841205358929898,7
5500,51,92,39,56,-7.842710188542854,36
5501,55,14,29,9,-7.851130455007914,5
5502,112,22,39,13,-7.853779316986328,9
5503,91,26,106,17,-7.859341034872017,9
5504,35,12,44,7,-7.859665557157517,5
5505,98,15,108,9,-7.863072789163925,6
5506,13,11,89,6,-7.868919524993353,5
5507,90,25,114,15,-7.8701656835045455,10
5508,68,23,62,14,-7.893829370684332,9
5509,34,18,78,11,-7.896291134370742,7
5510,90,14,53,9,-7.901032299292589,5
5511,31,11,78,6,-7.904414780494012,5
5512,77,12,72,7,-7.905665649405599,5
5513,38,13,71,9,-7.906029048659733,4
5514,82,10,88,6,-7.9125780836424955,4
5515,18,22,54,13,-7.917650548154778,9
5516,3,22,12,15,-7.920427307494894,7
5517,34,10,18,7,-7.93407311360503,3
5518,87,17,73,12,-7.94220715025842,5
5519,61,19,53,13,-7.9431150632920575,6
5520,33,15,87,9,-7.945655214602681,6
5521,63,71,16,44,-7.954240392976948,27
5522,39,21,23,13,-7.9630880242589255,8
5523,5,25,65,15,-7.967561696591303,10
5524,89,11,48,8,-7.971806233433708,3
5525,58,20,16,13,-7.973713265949866,7
5526,76,26,112,15,-7.97915167815144,11
5527,103,13,11,9,-7.983076355721452,4
5528,84,28,5,17,-7.986435375626319,11
5529,70,16,13,10,-7.990308468406848,6
5530,16,33,78,20,-7.991288276209478,13
5531,6,22,44,15,-7.994067314889739,7
5532,96,19,102,12,-7.995631160966494,7
5533,98,31,91,19,-8.010154956050265,12
5534,114,16,76,11,-8.01045549406789,5
5535,9,11,35,6,-8.012816785902407,5
5536,52,12,63,7,-8.015196003418383,5
5537,50,41,75,27,-8.02466935745211,14
5538,8,13,52,8,-8.032663143129467,5
5539,43,11,12,8,-8.033640162406574,3
5540,46,45,16,29,-8.034750190065965,16
5541,13,22,90,14,-8.036549897684578,8
5542,84,36,20,25,-8.04861670328596,11
5543,87,30,48,19,-8.04913925793912,11
5544,33,14,68,9,-8.058871180827014,5
5545,91,15,51,10,-8.060157448942936,5
5546,46,13,53,8,-8.064750592390654,5
5547,70,18,50,10,-8.072010588554933,8
5548,97,16,110,10,-8.077466293642948,6
5549,5,61,8,37,-8.080732178020163,24
5550,54,15,69,9,-8.081857484845075,6
5551,46,15,109,9,-8.081904977493476,6
5552,68,35,76,25,-8.083319916767413,10
5553,50,30,60,17,-8.087484578525556,13
5554,46,42,37,28,-8.095895819595153,14
5555,69,16,47,10,-8.099464940788463,6
5556,112,19,88,12,-8.10654244906666,7
5557,48,15,74,8,-8.108554922899495,7
5558,109,26,63,15,-8.110737293175294,11
5559,111,11,81,8,-8.120062859865854,3
5560,110,11,20,7,-8.125291114928718,4
5561,63,55,51,32,-8.13570199880597,23
5562,107,26,12,18,-8.139106606456295,8
5563,112,10,4,6,-8.145974306589782,4
5564,112,16,18,11,-8.155957753880717,5
5565,20,17,33,11,-8.157924685534638,6
5566,14,21,16,13,-8.162649800607642,8
5567,71,28,50,17,-8.165371088482388,11
5568,81,15,47,10,-8.165398445346261,5
5569,49,16,12,12,-8.167519949794402,4
5570,89,11,63,8,-8.192927888945773,3
5571,39,25,74,15,-8.19553508787693,10
5572,18,23,15,15,-8.198983161894938,8
5573,93,24,87,15,-8.201353690040278,9
5574,40,14,112,8,-8.221202026655053,6
5575,71,10,99,6,-8.22496630028886,4
5576,106,21,69,13,-8.230262561693124,8
5577,28,16,41,10,-8.238741054341283,6
5578,78,26,27,18,-8.25432988354491,8
5579,14,12,37,7,-8.266467835075433,5
5580,4,13,12,9,-8.273106784367057,4
5581,91,18,41,12,-8.276671952774393,6
5582,106,31,90,21,-8.28384546124837,10
5583,65,42,27,27,-8.287007453110329,15
5584,56,17,86,11,-8.300855291965847,6
5585,48,13,90,8,-8.30973168111364,5
5586,29,27,39,16,-8.315613244686423,11
5587,9,15,25,10,-8.323455878342047,5
5588,84,29,8,19,-8.33757645831541,10
5589,63,22,57,13,-8.345432235508333,9
5590,31,32,41,20,-8.353957395244585,12
5591,5,22,7,14,-8.357081514884824,8
5592,77,21,27,13,-8.358326554138545,8
5593,12,20,94,11,-8.361203728620506,9
5594,25,45,7,29,-8.372806618348289,16
5595,100,11,72,7,-8.379086626440998,4
5596,104,10,67,6,-8.393331116483225,4
5597,79,11,80,6,-8.394402338657228,5
5598,27,20,54,12,-8.408885170740449,8
5599,67,14,109,7,-8.41022889195963,7
5600,35,14,27,9,-8.413948011136766,5
5601,68,60,75,39,-8.414170260086031,21
5602,102,12,41,8,-8.421036787338009,4
5603,54,13,38,8,-8.421224564929705,5
5604,90,19,73,12,-8.424101991862472,7
5605,69,24,78,15,-8.424932975106671,9
5606,114,20,55,13,-8.432483182241098,7
5607,70,24,96,13,-8.437417991026262,11
5608,96,14,95,9,-8.450373982592183,5
5609,53,13,15,8,-8.451445563178742,5
5610,69,15,81,9,-8.455046043718864,6
5611,3,24,114,16,-8.461132150785257,8
5612,85,14,55,9,-8.476039600481302,5
5613,77,14,74,9,-8.485489523270209,5
5614,23,18,55,10,-8.49046563373251,8
5615,87,23,15,14,-8.49381462402236,9
5616,40,28,64,18,-8.49607162432113,10
5617,45,10,91,6,-8.504304930616431,4
5618,9,42,16,28,-8.523105869883173,14
5619,106,13,12,9,-8.530975907772833,4
5620,68,28,11,17,-8.536758263533219,11
5621,76,46,86,28,-8.540285249965544,18
5622,62,13,114,8,-8.549556180002718,5
5623,2,11,94,7,-8.550586885180518,4
5624,36,11,78,7,-8.552435160203329,4
5625,3,25,88,16,-8.556085869457865,9
5626,104,11,48,7,-8.568096491349037,4
5627,55,23,95,15,-8.57500650986488,8
5628,109,13,57,8,-8.575637917032312,5
5629,68,13,108,8,-8.580585833252005,5
5630,13,15,85,10,-8.590889624694588,5
5631,112,18,87,11,-8.593805944861606,7
5632,18,29,68,18,-8.623169944927229,11
5633,94,19,76,13,-8.625164149751628,6
5634,65,24,1,14,-8.633116949744032,10
5635,97,19,41,12,-8.638943706099203,7
5636,65,12,34,7,-8.643990702566063,5
5637,98,10,85,7,-8.673802483900154,3
5638,31,31,9,20,-8.678153869820548,11
5639,20,35,63,21,-8.70524806527441,14
5640,102,15,63,9,-8.71016569998991,6
5641,86,15,45,9,-8.710518828201982,6
5642,43,24,100,14,-8.71836366833629,10
5643,45,10,58,6,-8.721721801464438,4
5644,17,22,4,15,-8.72773506800961,7
5645,106,14,38,7,-8.74501943352997,7
5646,96,12,41,9,-8.760253621607967,3
5647,57,26,27,15,-8.765561788697596,11
5648,76,35,63,23,-8.77030160479054,12
5649,93,41,65,24,-8.776446615183676,17
5650,1,27,16,19,-8.77734005429633,8
5651,18,23,106,15,-8.778191080978738,8
5652,99,14,77,10,-8.784719144285262,4
5653,107,11,26,7,-8.789963547813729,4
5654,42,10,106,7,-8.802546839644418,3
5655,47,18,36,12,-8.810892372607713,6
5656,36,19,63,12,-8.822881427312195,7
5657,8,26,18,18,-8.824824520647523,8
5658,3,11,17,6,-8.832308222560108,5
5659,68,16,34,10,-8.839169628087664,6
5660,87,15,32,10,-8.84415502943487,5
5661,61,13,107,8,-8.850698470757944,5
5662,98,11,3,6,-8.853639708389592,5
5663,29,18,112,11,-8.855419470416209,7
5664,87,40,100,23,-8.871432317719057,17
5665,53,11,49,7,-8.876928289416243,4
5666,13,20,44,13,-8.886721786197054,7
5667,97,12,69,8,-8.888377862411463,4
5668,112,13,58,8,-8.890258303309274,5
5669,107,48,30,30,-8.897424287832298,18
5670,109,20,7,13,-8.908032141063202,7
5671,107,15,89,10,-8.908975430626485,5
5672,25,19,110,13,-8.917701672558223,6
5673,12,25,60,13,-8.918654482484735,12
5674,88,10,26,6,-8.91952728239028,4
5675,60,32,54,21,-8.921440420264183,11
5676,91,10,11,7,-8.923724837318142,3
5677,84,22,13,15,-8.926224969766146,7
5678,3,11,58,8,-8.938400689230777,3
5679,31,12,73,8,-8.93891957013575,4
5680,3,18,19,12,-8.94356832582339,6
5681,16,53,30,34,-8.944863635269808,19
5682,107,28,58,19,-8.959763719037468,9
5683,32,11,28,7,-8.963821007682874,4
5684,114,20,47,12,-8.969382880850324,8
5685,36,18,97,11,-8.970668153566264,7
5686,43,18,64,11,-8.974031801153536,7
5687,52,15,28,9,-8.975367013246691,6
5688,84,10,18,6,-8.98760509343047,4
5689,36,15,5,9,-9.008614310253614,6
5690,70,16,30,9,-9.016092338129875,7
5691,45,16,35,9,-9.0400315918615,7
5692,15,15,47,9,-9.05427332282788,6
5693,43,13,78,8,-9.06197930193436,5
5694,61,11,30,7,-9.067314274609851,4
5695,1,13,100,8,-9.068173300248535,5
5696,75,34,28,22,-9.068390514566694,12
5697,86,29,44,19,-9.073857704921481,10
5698,8,34,95,21,-9.07920947405897,13
5699,68,20,58,13,-9.097701878706363,7
5700,49,22,75,14,-9.103848187252067,8
5701,51,29,77,17,-9.10880011229884,12
5702,31,15,109,10,-9.113887572404183,5
5703,17,11,92,7,-9.114563540800457,4
5704,19,17,62,12,-9.13493995438998,5
5705,114,33,8,22,-9.153115874362141,11
5706,106,25,39,15,-9.155969378752744,10
5707,5,43,50,26,-9.156049369840705,17
5708,40,15,92,10,-9.168940871834318,5
5709,60,34,27,23,-9.174691293905802,11
5710,91,13,15,7,-9.175439096539634,6
5711,84,21,27,13,-9.183612610739733,8
5712,12,23,27,14,-9.185024709831028,9
5713,91,14,23,8,-9.188824217195519,6
5714,40,17,73,11,-9.199997222971483,6
5715,40,12,2,8,-9.204153353273353,4
5716,90,11,93,7,-9.204947446014161,4
5717,6,19,13,12,-9.21551599242718,7
5718,77,21,107,13,-9.225690577042377,8
5719,69,16,70,11,-9.227346228401576,5
5720,20,23,91,14,-9.233435902067152,9
5721,38,18,104,11,-9.236395276928322,7
5722,10,13,11,8,-9.240894504208253,5
5723,53,15,78,9,-9.245467105519943,6
5724,9,37,87,22,-9.264164509114686,15
5725,114,20,100,13,-9.274941740983559,7
5726,93,13,75,8,-9.279825087560207,5
5727,18,17,100,10,-9.29762264727719,7
5728,57,27,8,18,-9.301352073064093,9
5729,86,43,41,29,-9.304404145319241,14
5730,38,10,45,7,-9.31109379184883,3
5731,38,14,11,9,-9.32616838288385,5
5732,51,15,111,10,-9.328246716797015,5
5733,12,20,53,12,-9.33945038591408,8
5734,2,29,28,19,-9.34282167881126,10
5735,87,20,1,12,-9.344990956449259,8
5736,50,12,23,9,-9.354699302165743,3
5737,19,23,27,16,-9.35770942504749,7
5738,43,11,11,7,-9.359700753111873,4
5739,84,21,104,13,-9.37162724208143,8
5740,107,33,80,22,-9.376730084103613,11
5741,4,16,27,10,-9.378715415982104,6
5742,36,11,109,8,-9.390936468630553,3
5743,51,20,62,13,-9.392381107175718,7
5744,53,22,27,15,-9.395074434024878,7
5745,84,25,30,17,-9.397861601833748,8
5746,15,25,8,15,-9.399214507017128,10
5747,19,11,18,7,-9.400963813834581,4
5748,88,39,39,25,-9.417419225215227,14
5749,20,37,39,22,-9.42792244833799,15
5750,63,11,32,7,-9.44232166344675,4
5751,94,10,17,6,-9.449116979238092,4
5752,87,50,68,32,-9.450913662664803,18
5753,17,12,102,8,-9.460667678985605,4
5754,96,47,16,33,-9.462953828826512,14
5755,39,17,110,12,-9.484612192785775,5
5756,58,10,70,7,-9.487562225897111,3
5757,7,29,37,18,-9.500511382222342,11
5758,99,22,37,15,-9.502759058160713,7
5759,46,17,30,11,-9.504468805682468,6
5760,107,40,57,25,-9.507969659795966,15
5761,2,13,114,8,-9.50915856241785,5
5762,80,14,90,10,-9.509239360264804,4
5763,36,17,8,11,-9.51236026695053,6
5764,72,17,85,12,-9.51952093663454,5
5765,16,21,81,14,-9.519611307014756,7
5766,9,27,18,18,-9.520249042639605,9
5767,25,32,20,21,-9.520523686179052,11
5768,31,22,1,13,-9.525804060927038,9
5769,108,13,106,9,-9.535201707134298,4
5770,102,10,15,7,-9.54849460763712,3
5771,31,28,27,16,-9.569633624787404,12
5772,7,20,73,12,-9.582485903794177,8
5773,94,29,13,19,-9.588851003454678,10
5774,39,14,80,9,-9.589468521855673,5
5775,112,27,64,19,-9.59501283307151,8
5776,53,13,8,9,-9.596286006275326,4
5777,84,18,83,11,-9.60947373437216,7
5778,8,14,99,8,-9.611065592860308,6
5779,19,12,40,8,-9.612489725967157,4
5780,109,17,70,11,-9.623350653501726,6
5781,109,22,74,15,-9.62539761750223,7
5782,53,23,41,15,-9.631953807885303,8
5783,114,10,22,5,-9.649313306364819,5
5784,63,16,111,10,-9.656549842780757,6
5785,43,12,34,8,-9.65840028003736,4
5786,71,12,100,8,-9.66068752031631,4
5787,51,15,34,10,-9.661953358650635,5
5788,33,22,51,16,-9.669509126977042,6
5789,64,22,30,14,-9.674793623640712,8
5790,19,14,64,10,-9.690080014182922,4
5791,11,18,75,11,-9.710887852205726,7
5792,31,19,43,9,-9.720852773553686,10
5793,16,13,89,8,-9.733195931265595,5
5794,52,21,86,14,-9.734029946764757,7
5795,39,41,30,26,-9.757589925719179,15
5796,48,35,63,23,-9.759297495682489,12
5797,52,12,30,8,-9.763146241314214,4
5798,3,16,41,12,-9.770770444394438,4
5799,58,17,54,10,-9.778768856735095,7
5800,43,46,13,27,-9.779544155099417,19
5801,83,24,37,15,-9.783726366978415,9
5802,72,12,39,8,-9.790035400948009,4
5803,61,11,63,8,-9.795863144147216,3
5804,93,10,62,6,-9.798162399200404,4
5805,93,13,29,8,-9.815241351279962,5
5806,17,24,40,16,-9.815776001763277,8
5807,92,13,16,10,-9.821906376974377,3
5808,57,13,54,10,-9.824315369895016,3
5809,57,19,69,13,-9.830512940143306,6
5810,13,28,108,19,-9.830768074168208,9
5811,9,17,11,11,-9.83179351941753,6
5812,47,17,9,11,-9.833363334347146,6
5813,10,12,16,8,-9.837247209773246,4
5814,98,10,53,6,-9.839111782848335,4
5815,1,17,75,12,-9.87310906944801,5
5816,71,15,17,9,-9.874078720771612,6
5817,67,16,86,10,-9.874432105586441,6
5818,37,13,49,8,-9.877409024924928,5
5819,102,17,100,12,-9.881940513491568,5
5820,54,17,2,12,-9.883928701627932,5
5821,16,20,110,13,-9.89345041941321,7
5822,38,11,100,8,-9.893822683440993,3
5823,83,14,11,10,-9.896151919094907,4
5824,84,50,63,31,-9.919938234846498,19
5825,2,10,95,7,-9.9203126299905,3
5826,29,15,75,9,-9.923300198268764,6
5827,29,15,100,9,-9.933406636525955,6
5828,65,25,38,15,-9.938323564506913,10
5829,77,14,23,9,-9.948007056333925,5
5830,88,45,63,31,-9.955054334971098,14
5831,39,16,58,11,-9.963281955136992,5
5832,88,18,73,12,-9.974203425238962,6
5833,88,35,15,25,-9.97900036191667,10
5834,49,12,34,8,-9.986729362525374,4
5835,109,14,93,9,-9.987067099161266,5
5836,65,25,95,16,-9.987438820754939,9
5837,29,19,98,13,-10.031731367912892,6
5838,107,13,110,9,-10.034721322746934,4
5839,3,17,62,11,-10.038080096879659,6
5840,38,10,44,7,-10.048373138060267,3
5841,51,34,78,20,-10.054833540111282,14
5842,55,15,15,11,-10.062256659545504,4
5843,83,23,13,15,-10.067954696106943,8
5844,79,12,13,8,-10.072956753420838,4
5845,49,16,40,10,-10.077718304922938,6
5846,106,12,79,8,-10.079963228120917,4
5847,54,27,100,18,-10.085638363780193,9
5848,17,17,23,11,-10.090670558592322,6
5849,60,45,64,31,-10.091080593886227,14
5850,74,11,89,7,-10.093150392265773,4
5851,36,36,53,25,-10.11473282468799,11
5852,102,20,50,12,-10.118106239071224,8
5853,114,12,78,7,-10.123963867745248,5
5854,109,10,92,7,-10.132066653367776,3
5855,31,37,53,23,-10.136338371296794,14
5856,57,27,11,16,-10.138371218730724,11
5857,23,11,96,7,-10.143008283174424,4
5858,68,16,92,11,-10.14730683848729,5
5859,77,20,63,14,-10.162788456093288,6
5860,100,19,75,11,-10.163448061532288,8
5861,9,12,6,7,-10.175309866966634,5
5862,35,25,76,16,-10.177855774517555,9
5863,37,41,97,27,-10.190687502541847,14
5864,33,13,71,9,-10.195530501937561,4
5865,2,15,98,9,-10.198603389321665,6
5866,96,24,48,16,-10.200121519345737,8
5867,106,63,16,43,-10.201810935158226,20
5868,57,16,114,11,-10.202940786046577,5
5869,39,24,91,16,-10.206322081312436,8
5870,37,36,11,24,-10.207174749413833,12
5871,28,14,10,10,-10.2079261309438,4
5872,31,17,30,10,-10.214096274935343,7
5873,107,34,48,22,-10.215321385754667,12
5874,27,18,37,12,-10.22264940768202,6
5875,67,13,16,9,-10.224523442095272,4
5876,91,35,63,24,-10.225389928816243,11
5877,68,27,28,19,-10.22954876840922,8
5878,49,13,94,9,-10.229899104632532,4
5879,18,44,16,30,-10.2395488957726,14
5880,11,27,104,18,-10.24161504207393,9
5881,34,10,102,7,-10.243648784994052,3
5882,106,16,67,10,-10.252161434234205,6
5883,112,16,3,10,-10.266087173795972,6
5884,112,24,60,16,-10.282975838759182,8
5885,107,23,45,15,-10.289536165233189,8
5886,29,15,78,10,-10.294109375300296,5
5887,31,29,107,16,-10.30345756995746,13
5888,43,19,54,12,-10.322637569623126,7
5889,8,37,109,23,-10.324259200884013,14
5890,19,24,7,17,-10.325778739734245,7
5891,19,15,9,10,-10.341402019858233,5
5892,1,13,37,8,-10.34216426905315,5
5893,102,16,40,10,-10.346146758066936,6
5894,77,16,53,10,-10.347606271977275,6
5895,7,10,94,7,-10.355621654064775,3
5896,12,12,9,8,-10.366855545040101,4
5897,13,22,58,16,-10.376707299675894,6
5898,93,16,106,10,-10.37915501513517,6
5899,7,11,110,6,-10.42257657923173,5
5900,114,19,95,12,-10.422604339796184,7
5901,39,16,44,10,-10.434810009571377,6
5902,69,23,58,14,-10.458248548468932,9
5903,31,10,6,6,-10.459894630543896,4
5904,3,37,13,26,-10.475725476767078,11
5905,102,14,75,10,-10.47886729381523,4
5906,12,14,1,9,-10.484834370954635,5
5907,48,10,62,6,-10.487894133335649,4
5908,9,27,64,19,-10.495957554452968,8
5909,48,32,86,21,-10.510093191570515,11
5910,37,14,89,8,-10.519274673853,6
5911,36,27,27,17,-10.523349599331356,10
5912,97,19,71,13,-10.523533962196899,6
5913,11,19,100,12,-10.53147657018387,7
5914,17,16,41,11,-10.533333329606139,5
5915,108,13,76,9,-10.539317855686345,4
5916,20,39,50,26,-10.540260354284218,13
5917,40,17,28,10,-10.551622113062638,7
5918,54,19,71,12,-10.56377327137223,7
5919,9,15,95,9,-10.569002592922953,6
5920,88,18,102,13,-10.569492123514113,5
5921,75,26,104,17,-10.574353916694225,9
5922,28,10,26,7,-10.592168464369761,3
5923,91,31,7,22,-10.60910028610159,9
5924,19,24,29,16,-10.613605595781276,8
5925,108,14,48,10,-10.6209300268859,4
5926,101,12,16,8,-10.62271769748288,4
5927,71,18,98,12,-10.627953776602759,6
5928,35,11,3,7,-10.637414854102069,4
5929,98,25,5,16,-10.662918685540621,9
5930,9,21,20,14,-10.676297323703047,7
5931,57,12,38,7,-10.682623087511102,5
5932,76,13,75,8,-10.684711333832395,5
5933,51,18,72,11,-10.698308878498631,7
5934,74,25,51,18,-10.704030149650722,7
5935,36,13,43,8,-10.713552025008546,5
5936,111,11,54,8,-10.714143810197228,3
5937,17,22,53,15,-10.723383781136489,7
5938,39,41,18,28,-10.727251536194178,13
5939,57,13,79,8,-10.731445030362655,5
5940,18,45,13,29,-10.738363532449277,16
5941,65,49,30,33,-10.73948947459906,16
5942,108,23,53,14,-10.749834986479383,9
5943,87,18,34,12,-10.764160959682634,6
5944,7,11,59,8,-10.771239818059199,3
5945,91,25,55,18,-10.791612827626562,7
5946,77,19,30,13,-10.794678869374387,6
5947,81,17,106,10,-10.816681182916206,7
5948,2,11,30,7,-10.820419515250846,4
5949,112,14,49,9,-10.834140299620776,5
5950,54,46,37,31,-10.87009397469276,15
5951,77,16,71,11,-10.872072685026803,5
5952,94,10,104,7,-10.890017890960022,3
5953,69,20,63,14,-10.901230458210243,6
5954,35,10,102,6,-10.90320798703147,4
5955,5,17,73,11,-10.90738305979487,6
5956,69,25,49,16,-10.919230412296734,9
5957,78,20,39,13,-10.924313585498918,7
5958,46,12,78,7,-10.933012123848131,5
5959,49,18,78,11,-10.943971080345957,7
5960,29,27,60,17,-10.948947669457837,10
5961,77,13,109,8,-10.978972624995865,5
5962,97,25,13,16,-10.985857531237674,9
5963,88,37,50,24,-10.986958086725291,13
5964,57,24,70,14,-10.997514680908582,10
5965,30,12,112,9,-10.999416558177835,3
5966,110,20,51,14,-11.000148170458745,6
5967,107,13,56,8,-11.000292497508868,5
5968,3,26,40,18,-11.007177692487943,8
5969,71,13,15,9,-11.00914391321026,4
5970,92,14,41,9,-11.016394202336143,5
5971,88,41,53,28,-11.023031682203495,13
5972,32,17,16,11,-11.045561391190384,6
5973,114,12,32,8,-11.045874107216177,4
5974,11,11,99,7,-11.04788337752713,4
5975,109,13,30,9,-11.049589386483902,4
5976,3,11,34,7,-11.0863686502855,4
5977,63,20,62,13,-11.090581145313465,7
5978,68,19,72,13,-11.097101410094709,6
5979,80,13,78,9,-11.09791576617006,4
5980,104,15,62,11,-11.098747349135209,4
5981,32,13,74,9,-11.101664191982367,4
5982,70,15,46,10,-11.123543654837002,5
5983,91,16,43,11,-11.128114127049445,5
5984,38,16,75,12,-11.14383618558865,4
5985,51,27,15,17,-11.150817684347281,10
5986,1,13,78,9,-11.156578268103178,4
5987,4,16,43,10,-11.162760468553993,6
5988,37,18,64,12,-11.185324034227655,6
5989,1,11,89,7,-11.20901106938993,4
5990,46,12,100,8,-11.210309669403358,4
5991,3,15,25,10,-11.21463496022273,5
5992,106,18,98,12,-11.217270403208776,6
5993,51,13,73,9,-11.219804453521853,4
5994,8,36,75,25,-11.220741251540183,11
5995,96,20,46,12,-11.223825219116964,8
5996,68,25,25,17,-11.235607083018872,8
5997,109,17,75,12,-11.242273446455997,5
5998,51,28,95,20,-11.244919045567018,8
5999,81,13,40,9,-11.249205674756395,4
6000,2,11,57,7,-11.249464824655764,4
6001,83,16,107,11,-11.24958512039028,5
6002,70,29,87,18,-11.250414739740132,11
6003,49,17,41,11,-11.250959668562885,6
6004,103,10,28,7,-11.258889995972657,3
6005,7,52,75,35,-11.2746633859962,17
6006,55,14,2,9,-11.276816159574057,5
6007,27,11,111,8,-11.279710088837586,3
6008,51,20,80,13,-11.284900357531916,7
6009,5,10,80,7,-11.295210617596885,3
6010,96,25,7,18,-11.300422106484014,7
6011,72,19,28,13,-11.306329036701383,6
6012,20,12,64,9,-11.331308462604776,3
6013,77,30,104,20,-11.335858846829382,10
6014,71,21,104,13,-11.370166649530528,8
6015,112,22,28,15,-11.372427658976596,7
6016,10,14,107,9,-11.38119632500004,5
6017,38,11,4,8,-11.395009854616482,3
6018,95,10,29,7,-11.401888238693147,3
6019,88,76,13,52,-11.408220138823303,24
6020,106,39,114,26,-11.417874917507989,13
6021,50,16,85,11,-11.432524505459872,5
6022,18,15,11,10,-11.496523839067972,5
6023,3,19,53,13,-11.503790428420066,6
6024,11,18,30,12,-11.507672969097248,6
6025,81,15,7,9,-11.525413070422037,6
6026,3,21,100,14,-11.544473946230937,7
6027,76,15,74,9,-11.544600382799558,6
6028,29,10,50,7,-11.55678927961794,3
6029,71,10,111,7,-11.563837134119527,3
6030,104,16,36,10,-11.564722196156035,6
6031,50,15,33,10,-11.568332857311571,5
6032,20,13,78,9,-11.57777914114835,4
6033,39,15,90,10,-11.577976501423594,5
6034,40,12,100,8,-11.638460148115906,4
6035,104,11,93,7,-11.670878710804795,4
6036,88,10,21,7,-11.67738292245627,3
6037,28,23,34,16,-11.682170467841411,7
6038,96,13,91,9,-11.692854193124042,4
6039,1,37,55,26,-11.769033555767942,11
6040,62,10,112,7,-11.78047192200998,3
6041,109,18,17,12,-11.781743441013703,6
6042,65,12,91,8,-11.784658313781671,4
6043,102,10,19,8,-11.787844411233355,2
6044,54,10,44,7,-11.791894285038754,3
6045,40,21,8,15,-11.791921402372775,6
6046,108,11,8,8,-11.805411430354427,3
6047,91,10,53,7,-11.811611902058761,3
6048,17,10,83,6,-11.812775268760374,4
6049,111,16,28,11,-11.820301223407922,5
6050,64,10,74,6,-11.828764368523549,4
6051,28,47,63,33,-11.828866423716303,14
6052,37,10,78,7,-11.831707242150298,3
6053,29,23,13,15,-11.832910968358506,8
6054,28,34,74,23,-11.834419909257845,11
6055,41,22,111,14,-11.859477089655313,8
6056,104,18,90,12,-11.89837391797068,6
6057,65,46,114,30,-11.938229846486397,16
6058,81,23,87,14,-11.941246314090849,9
6059,18,27,95,18,-11.951490678023534,9
6060,54,10,53,7,-11.951994898142779,3
6061,81,14,104,8,-11.956844186421009,6
6062,72,11,50,8,-11.966306538639385,3
6063,60,16,37,10,-11.9668638856867,6
6064,55,18,102,12,-11.983866194974432,6
6065,104,12,1,8,-12.020108292717424,4
6066,103,11,72,7,-12.053967326038586,4
6067,63,18,1,11,-12.054495717242014,7
6068,57,14,76,10,-12.05677878352057,4
6069,94,35,16,25,-12.057575200604031,10
6070,91,18,30,13,-12.061464887561756,5
6071,11,18,15,12,-12.07291111577583,6
6072,39,17,108,11,-12.085170572248146,6
6073,51,14,48,8,-12.085273704347413,6
6074,72,12,63,9,-12.08999686228347,3
6075,35,11,8,8,-12.093356369533684,3
6076,70,12,34,8,-12.123530804367727,4
6077,4,10,15,6,-12.1242208434208,4
6078,103,20,100,13,-12.125000771463823,7
6079,27,27,104,19,-12.12641217929714,8
6080,63,12,92,7,-12.136993324985582,5
6081,31,11,19,8,-12.140248760143196,3
6082,70,22,2,14,-12.153236389251056,8
6083,103,10,78,8,-12.172315771013801,2
6084,99,21,107,14,-12.174640608684573,7
6085,57,19,65,13,-12.179886904630772,6
6086,39,18,109,13,-12.189314131019263,5
6087,84,35,11,24,-12.189911906563859,11
6088,76,18,7,11,-12.196617315781682,7
6089,106,11,78,8,-12.21024325274275,3
6090,9,14,43,9,-12.224469441855376,5
6091,43,19,75,14,-12.224767647713705,5
6092,60,22,74,14,-12.230302476711504,8
6093,84,11,71,8,-12.255989147154674,3
6094,39,10,32,7,-12.25900875776762,3
6095,85,16,39,10,-12.259649528892558,6
6096,78,17,17,11,-12.267827102574513,6
6097,96,29,98,20,-12.301665445316491,9
6098,57,14,75,10,-12.306540056833528,4
6099,60,24,47,17,-12.306617941323186,7
6100,104,23,49,16,-12.322985298305156,7
6101,60,14,34,10,-12.336414692805567,4
6102,97,12,67,9,-12.35346782744064,3
6103,46,39,104,26,-12.353574327141937,13
6104,50,17,36,10,-12.423703215189779,7
6105,37,14,18,10,-12.438833593443572,4
6106,114,30,87,19,-12.486821931566256,11
6107,92,15,64,8,-12.492372460791037,7
6108,49,10,80,6,-12.509141995238949,4
6109,103,12,55,9,-12.517980336309982,3
6110,5,27,75,17,-12.535083552437035,10
6111,87,27,98,19,-12.540784384215351,8
6112,103,21,27,14,-12.541681107043521,7
6113,71,18,41,13,-12.557773267008848,5
6114,5,27,57,19,-12.572003913811173,8
6115,86,34,102,24,-12.627188431612506,10
6116,5,15,48,11,-12.675358072710548,4
6117,51,16,94,11,-12.706520988924815,5
6118,88,16,111,12,-12.710530076381987,4
6119,81,28,51,18,-12.712212556453922,10
6120,48,12,98,9,-12.72400980532305,3
6121,106,24,46,15,-12.725492516069489,9
6122,106,14,33,10,-12.736963404825662,4
6123,109,27,114,20,-12.737377288037608,7
6124,36,10,95,7,-12.746346244298937,3
6125,81,12,54,8,-12.757047966098474,4
6126,9,26,15,16,-12.761140725080763,10
6127,65,13,72,9,-12.76393280234576,4
6128,19,11,63,8,-12.824791428015692,3
6129,19,15,51,11,-12.82883012805704,4
6130,112,13,38,10,-12.849363497429499,3
6131,65,21,2,16,-12.8900275785182,5
6132,103,18,107,13,-12.891833025895632,5
6133,62,20,74,14,-12.893098863947467,6
6134,48,14,60,10,-12.898116343169702,4
6135,87,20,79,15,-12.924731468288163,5
6136,60,29,91,19,-12.952631394075716,10
6137,27,12,81,8,-12.95680425645175,4
6138,102,21,107,14,-12.974367748289918,7
6139,30,11,80,8,-13.03236389442298,3
6140,108,11,84,8,-13.07106461175519,3
6141,12,13,114,8,-13.087005723325444,5
6142,94,17,30,12,-13.089577486769187,5
6143,88,12,98,9,-13.094822370834628,3
6144,29,13,20,9,-13.110983115625556,4
6145,70,10,83,6,-13.118339150755117,4
6146,83,11,27,9,-13.134097125094824,2
6147,37,28,95,21,-13.149042342745602,7
6148,70,22,11,16,-13.174919150937757,6
6149,19,14,76,10,-13.190869862531446,4
6150,37,12,15,9,-13.204885577431204,3
6151,54,18,36,12,-13.217744798273172,6
6152,41,16,8,12,-13.244566662838952,4
6153,96,39,11,27,-13.252582377716239,12
6154,112,12,15,8,-13.25658340349479,4
6155,11,23,95,17,-13.263288005084238,6
6156,5,31,102,21,-13.269431869962297,10
6157,99,12,7,8,-13.274517260788413,4
6158,15,11,62,8,-13.282812708529592,3
6159,106,19,64,13,-13.295192075566398,6
6160,23,11,72,8,-13.303468387767726,3
6161,46,17,50,11,-13.310329365776978,6
6162,18,16,47,12,-13.317575135316673,4
6163,46,12,18,9,-13.322032493347338,3
6164,20,15,34,11,-13.349753634163106,4
6165,32,11,55,7,-13.36363963009391,4
6166,35,12,104,8,-13.369677424437175,4
6167,62,12,78,8,-13.384381985957924,4
6168,41,14,30,9,-13.415502729875797,5
6169,112,11,91,8,-13.423237527272477,3
6170,53,15,75,10,-13.423496737137004,5
6171,32,12,25,7,-13.427877456338663,5
6172,45,15,23,11,-13.436468047997268,4
6173,53,19,43,14,-13.438033142991657,5
6174,27,14,17,9,-13.439086650659679,5
6175,35,15,36,11,-13.440272285829963,4
6176,54,28,48,19,-13.475788580607775,9
6177,57,10,1,7,-13.498323659072739,3
6178,66,11,7,7,-13.514093541012448,4
6179,91,12,76,9,-13.56346091448288,3
6180,74,10,15,7,-13.56932630742914,3
6181,3,10,38,7,-13.612373842695774,3
6182,18,11,49,8,-13.655065375637419,3
6183,103,11,109,7,-13.675879641836712,4
6184,86,16,92,11,-13.67676060817369,5
6185,49,12,47,9,-13.687802461931257,3
6186,44,14,104,10,-13.703910249073422,4
6187,3,22,63,17,-13.713969327820672,5
6188,31,25,63,18,-13.714594813504094,7
6189,94,19,39,14,-13.727828539081452,5
6190,33,14,63,10,-13.733555706081619,4
6191,27,10,97,6,-13.735152835550487,4
6192,88,37,95,26,-13.752013257016609,11
6193,50,17,77,13,-13.753479149012174,4
6194,29,14,64,11,-13.760527067457474,3
6195,75,13,98,9,-13.771823974459997,4
6196,112,11,97,9,-13.794615799527321,2
6197,31,74,13,51,-13.800549608099518,23
6198,31,17,98,11,-13.805084918983175,6
6199,77,16,100,11,-13.809364710866419,5
6200,104,14,34,10,-13.864298464092721,4
6201,50,19,53,13,-13.883151416746287,6
6202,76,17,54,12,-13.892444764564262,5
6203,112,11,37,8,-13.937736127059297,3
6204,69,19,75,14,-13.94230448490658,5
6205,109,11,91,8,-13.94618860472034,3
6206,71,24,40,17,-13.948125771645659,7
6207,8,11,69,8,-13.967704360915697,3
6208,57,16,100,11,-13.96800506217433,5
6209,75,12,111,8,-13.972281809419961,4
6210,91,11,69,7,-13.993001551531528,4
6211,77,29,40,21,-14.048771071022598,8
6212,68,24,100,16,-14.159185579744227,8
6213,80,11,41,8,-14.186716292232557,3
6214,75,10,72,7,-14.207053385683185,3
6215,29,12,109,7,-14.210385237381104,5
6216,98,12,109,9,-14.23012267632687,3
6217,57,15,94,10,-14.27588429142027,5
6218,60,15,102,10,-14.297767291892317,5
6219,37,12,34,9,-14.300571264435137,3
6220,102,11,46,8,-14.307494713152051,3
6221,112,15,47,10,-14.309777431810543,5
6222,57,12,31,8,-14.310689026630849,4
6223,112,10,108,7,-14.316449946299121,3
6224,86,25,26,19,-14.32203675657022,6
6225,63,37,80,27,-14.322048676220186,10
6226,77,27,7,19,-14.33556677589385,8
6227,83,10,40,8,-14.347262135245904,2
6228,90,16,20,11,-14.40477443227545,5
6229,70,26,108,19,-14.427393649276276,7
6230,14,11,80,7,-14.435345395194508,4
6231,35,13,97,10,-14.4445517315995,3
6232,5,12,44,9,-14.447481002517355,3
6233,35,13,63,9,-14.450412261730216,4
6234,2,10,73,7,-14.457830254043136,3
6235,25,12,34,9,-14.468789684868275,3
6236,2,12,13,8,-14.516038794033763,4
6237,37,12,73,8,-14.533349572792924,4
6238,9,11,108,7,-14.533752266696007,4
6239,50,19,80,15,-14.554439051919099,4
6240,99,12,50,8,-14.581629542155014,4
6241,29,22,88,16,-14.584788845308772,6
6242,13,30,30,20,-14.642688145497717,10
6243,79,14,104,9,-14.67585498642578,5
6244,69,13,15,10,-14.675971701381805,3
6245,83,19,114,14,-14.71253096490687,5
6246,31,10,100,7,-14.730848989291465,3
6247,102,11,90,6,-14.739148726840858,5
6248,106,14,32,11,-14.741977351969277,3
6249,83,19,16,14,-14.752075456104706,5
6250,47,12,78,8,-14.759178311128258,4
6251,54,36,75,25,-14.80658448659353,11
6252,76,13,15,9,-14.81353391108204,4
6253,43,17,55,14,-14.81915638406445,3
6254,38,13,87,9,-14.859584047072818,4
6255,28,12,110,8,-14.8602682733133,4
6256,39,11,2,8,-14.867970478981071,3
6257,46,13,93,10,-14.890756855873018,3
6258,112,10,55,8,-14.907032679929216,2
6259,50,12,78,9,-14.944947384143589,3
6260,77,11,98,8,-14.971497492381292,3
6261,75,10,45,8,-15.003649946946844,2
6262,63,23,30,16,-15.01189424697507,7
6263,99,18,25,13,-15.014737107768294,5
6264,107,19,19,15,-15.02912689998776,4
6265,51,19,45,14,-15.064032724857126,5
6266,3,16,20,12,-15.064164302270505,4
6267,3,13,72,9,-15.071268742232348,4
6268,69,10,111,7,-15.0816233253005,3
6269,47,12,55,8,-15.214446673688142,4
6270,68,15,61,11,-15.24709195978541,4
6271,102,13,30,9,-15.301131343934621,4
6272,84,15,41,11,-15.33074063826509,4
6273,9,29,41,21,-15.339577028005058,8
6274,49,19,76,14,-15.351797945480762,5
6275,3,27,84,18,-15.372916145146673,9
6276,46,12,98,8,-15.381140721878973,4
6277,25,14,49,10,-15.43786379260084,4
6278,107,25,73,17,-15.460672720698524,8
6279,103,12,74,9,-15.463990000688312,3
6280,84,22,112,16,-15.486639525748986,6
6281,31,15,69,10,-15.502962092044207,5
6282,2,18,104,12,-15.50344370749933,6
6283,104,20,64,15,-15.515264160119221,5
6284,10,11,37,7,-15.516949569025604,4
6285,14,11,25,9,-15.536643242754739,2
6286,11,12,108,9,-15.551347739122178,3
6287,31,12,104,8,-15.561592201078605,4
6288,5,20,23,15,-15.563915929412014,5
6289,109,22,27,15,-15.564804203625197,7
6290,45,14,4,10,-15.600891470448104,4
6291,85,11,106,8,-15.605731963514037,3
6292,97,13,90,9,-15.62188808576594,4
6293,81,13,100,9,-15.624637447777362,4
6294,58,23,65,16,-15.653154983328356,7
6295,102,10,29,8,-15.661987008438144,2
6296,97,12,14,10,-15.664913845649806,2
6297,35,13,87,9,-15.683184050777022,4
6298,57,13,62,10,-15.691350952781892,3
6299,1,13,8,10,-15.702434313684371,3
6300,80,13,75,10,-15.71805205236554,3
6301,35,12,80,9,-15.72406211872363,3
6302,77,14,37,10,-15.73169378416834,4
6303,96,16,93,12,-15.73319462766121,4
6304,57,20,7,13,-15.746440629237659,7
6305,35,10,75,8,-15.755761764469415,2
6306,93,11,30,8,-15.77720736230077,3
6307,12,12,75,8,-15.785867542761379,4
6308,17,22,95,17,-15.802621580377178,5
6309,31,45,16,33,-15.837412153743443,12
6310,39,18,99,14,-15.84878961626863,4
6311,81,10,19,8,-15.857835232981126,2
6312,94,12,85,9,-15.872945827108664,3
6313,28,12,43,8,-15.894105628705272,4
6314,9,30,53,22,-15.894615033798411,8
6315,78,15,76,12,-15.894717375232737,3
6316,94,11,78,8,-15.897813923810594,3
6317,70,13,80,11,-15.90133341789594,2
6318,63,13,14,9,-15.961958621197994,4
6319,18,14,69,10,-16.02698149276047,4
6320,5,18,41,12,-16.050377082501456,6
6321,68,17,29,13,-16.10382128350728,4
6322,77,20,8,15,-16.11157045463716,5
6323,112,15,71,11,-16.11687592102847,4
6324,102,10,43,7,-16.154622115934174,3
6325,94,11,9,7,-16.19235347544644,4
6326,69,21,53,15,-16.247322250303586,6
6327,65,36,100,28,-16.253000474365045,8
6328,80,12,34,10,-16.269229317512288,2
6329,48,11,29,8,-16.309090813580134,3
6330,77,14,43,10,-16.318985637418912,4
6331,103,11,39,8,-16.363930115890852,3
6332,40,10,29,8,-16.37829418439082,2
6333,79,12,30,9,-16.40518046559389,3
6334,7,16,61,11,-16.426968020447948,5
6335,25,25,11,20,-16.429746187224737,5
6336,109,14,15,11,-16.447207404622475,3
6337,55,15,14,12,-16.464885141480416,3
6338,88,17,80,12,-16.477538046034613,5
6339,64,10,66,8,-16.526342406123632,2
6340,68,22,95,18,-16.550204863156033,4
6341,36,10,101,8,-16.627946704419497,2
6342,41,10,15,8,-16.66572103031544,2
6343,71,15,95,10,-16.72675418994599,5
6344,83,13,23,10,-16.744700089549813,3
6345,76,10,1,7,-16.815372977495876,3
6346,97,14,38,11,-16.838290194315167,3
6347,10,12,13,9,-16.89276746041982,3
6348,112,19,20,15,-16.964936240764274,4
6349,31,10,38,6,-16.97274158238424,4
6350,46,11,43,8,-16.991693442801246,3
6351,77,21,16,16,-17.024944841886615,5
6352,70,11,48,8,-17.04295857723929,3
6353,1,14,18,11,-17.058153705270225,3
6354,13,17,80,12,-17.06375198393908,5
6355,43,16,30,13,-17.116460431238483,3
6356,2,11,60,8,-17.11684300008854,3
6357,104,11,78,9,-17.17638287816083,2
6358,5,22,27,16,-17.186967099907662,6
6359,68,17,103,13,-17.20559237408801,4
6360,20,13,60,10,-17.267904745312975,3
6361,106,10,35,7,-17.319051156851785,3
6362,39,10,45,7,-17.32115834390289,3
6363,112,25,78,19,-17.347844978089675,6
6364,58,21,86,16,-17.41327003256676,5
6365,35,10,60,7,-17.41812694726481,3
6366,18,14,23,10,-17.468338798211544,4
6367,79,11,76,9,-17.53144635448245,2
6368,83,11,110,9,-17.575104905290946,2
6369,67,10,20,8,-17.6724550880506,2
6370,3,11,5,7,-17.694163901939547,4
6371,12,17,41,13,-17.73997613366211,4
6372,55,12,44,9,-17.771847163193563,3
6373,5,18,30,15,-17.81053305502534,3
6374,88,17,32,13,-17.824594134673823,4
6375,114,11,111,8,-17.846918134233796,3
6376,41,10,35,7,-17.84884882348167,3
6377,22,11,13,9,-17.88490511828995,2
6378,30,15,95,11,-17.91990160883281,4
6379,9,27,27,20,-17.96651017402719,7
6380,33,18,55,14,-17.969879843551904,4
6381,28,28,90,22,-18.060877876686433,6
6382,79,10,75,8,-18.185200748196127,2
6383,3,14,48,10,-18.311015885629924,4
6384,43,12,81,9,-18.327617727929386,3
6385,3,11,47,9,-18.331139378820787,2
6386,68,33,112,26,-18.359935763708748,7
6387,18,10,5,8,-18.464269170029826,2
6388,81,14,49,10,-18.467862810158525,4
6389,9,15,48,12,-18.472872872736897,3
6390,31,15,106,11,-18.52908676481624,4
6391,68,15,50,11,-18.68712791744929,4
6392,94,21,81,15,-18.725748202085747,6
6393,28,17,99,13,-18.754584808369174,4
6394,11,10,2,8,-18.92308479788875,2
6395,4,13,98,11,-18.936498509144613,2
6396,106,11,89,7,-18.95338953455919,4
6397,6,10,30,8,-19.02037640213381,2
6398,57,14,34,11,-19.030226565348475,3
6399,106,10,92,8,-19.041690772468705,2
6400,43,12,45,9,-19.04326521517843,3
6401,51,21,90,17,-19.126466143985915,4
6402,2,10,100,7,-19.143504228869272,3
6403,54,16,4,14,-19.244087603842104,2
6404,18,14,99,11,-19.290873438644514,3
6405,36,19,30,17,-19.30529767168729,2
6406,3,19,30,16,-19.465469390037725,3
6407,51,10,101,8,-19.538804927619935,2
6408,5,11,64,9,-19.698196874853632,2
6409,31,11,15,8,-19.738787942525683,3
6410,32,12,95,10,-19.760326388824467,2
6411,108,11,114,8,-19.76837565181859,3
6412,33,15,65,12,-19.770112976636934,3
6413,97,13,73,9,-19.966763707753135,4
6414,84,11,7,9,-20.072751797902637,2
6415,10,15,51,12,-20.332726180509006,3
6416,69,14,27,11,-20.342887062572174,3
6417,35,11,48,9,-20.438098241934796,2
6418,19,12,55,9,-20.602645773872627,3
6419,79,11,17,9,-20.72101316555543,2
6420,68,11,90,9,-20.787956198015944,2
6421,38,11,55,9,-20.87506721402826,2
6422,43,10,110,8,-21.055981543018305,2
6423,10,13,112,10,-21.234179723414762,3
6424,91,16,104,15,-21.31971827875211,1
6425,51,16,2,12,-21.322170492802826,4
6426,4,13,25,11,-21.42004260246313,2
6427,4,15,41,10,-21.480590173913868,5
6428,31,12,62,9,-21.790941067775986,3
6429,48,13,78,11,-22.133379125833553,2
6430,97,12,91,10,-22.175648770183788,2
6431,57,12,29,10,-22.398372618819636,2
6432,29,11,72,9,-22.464361563222624,2
6433,94,13,62,11,-22.468181714111132,2
6434,112,14,80,11,-22.742433885358178,3
6435,8,11,4,10,-23.17790508365148,1
6436,77,18,75,15,-23.520364069525275,3
6437,109,11,12,10,-23.647352995961207,1
6438,57,12,112,10,-24.05133711856007,2
6439,97,11,34,9,-24.058676404388496,2
6440,3,16,75,14,-24.194103806582213,2
6441,42,10,104,9,-24.354495184164946,1
6442,57,12,26,10,-24.80508950345583,2
6443,23,13,90,12,-28.362481429909796,1
6444,37,11,44,11,-29.883498899257123,0
6445,102,13,112,12,-30.235515349155598,1
