,againstHero,games,hero,losses,shift,wins
0,44,11,37,0,29.883498899257123,11
1,112,11,102,1,29.817132660557686,10
2,72,10,29,1,28.989134542189106,9
3,90,13,23,1,28.3624814299098,12
4,75,17,77,2,26.826580833678786,15
5,26,12,57,2,24.80508950345583,10
6,78,10,48,1,24.571299754132223,9
7,75,16,3,2,24.194103806582213,14
8,73,12,97,3,24.10757303293757,9
9,34,11,97,2,24.058676404388496,9
10,112,11,57,2,24.035129593266095,9
11,12,11,109,1,23.647352995961203,10
12,15,10,31,2,23.609989871480266,8
13,4,11,8,1,23.177905083651492,10
14,80,14,112,3,22.742433885358178,11
15,76,11,19,2,22.55201317613932,9
16,29,12,57,2,22.398372618819636,10
17,91,12,97,2,22.175648770183788,10
18,81,10,43,2,21.874068392367917,8
19,62,12,31,3,21.79094106777599,9
20,41,15,4,5,21.480590173913868,10
21,25,13,4,2,21.42004260246313,11
22,90,20,51,3,21.39328709298296,17
23,2,16,51,4,21.322170492802822,12
24,104,16,91,1,21.319718278752113,15
25,112,13,10,3,21.23417972341476,10
26,110,10,43,2,21.055981543018305,8
27,94,13,57,3,20.917014051877036,10
28,55,11,38,2,20.87506721402826,9
29,90,11,68,2,20.787956198015944,9
30,17,11,79,2,20.721013165555437,9
31,55,12,19,3,20.602645773872627,9
32,30,10,93,2,20.554928098530844,8
33,48,11,35,2,20.438098241934792,9
34,51,15,10,3,20.332726180509006,12
35,100,11,77,2,20.22035050076885,9
36,7,11,84,2,20.072751797902637,9
37,27,13,69,3,19.988033088732543,10
38,95,12,32,2,19.760326388824463,10
39,100,19,68,5,19.724922124038784,14
40,64,11,5,2,19.698196874853632,9
41,101,10,51,2,19.538804927619935,8
42,27,25,9,6,19.431548104449664,19
43,86,19,58,4,19.384187711945845,15
44,30,19,36,2,19.30529767168729,17
45,114,10,108,3,19.30451384791422,7
46,100,11,81,3,19.298912104645595,8
47,99,14,18,3,19.290873438644514,11
48,4,16,54,2,19.2440876038421,14
49,100,10,2,3,19.14350422886928,7
50,45,12,43,3,19.04326521517843,9
51,92,10,106,2,19.041690772468705,8
52,89,11,106,4,18.95338953455919,7
53,98,13,4,2,18.936498509144613,11
54,2,10,11,2,18.923084797888755,8
55,55,11,47,3,18.857554518412744,8
56,99,17,28,4,18.754584808369174,13
57,16,19,77,4,18.736127046783515,15
58,50,15,68,4,18.68712791744929,11
59,34,13,57,3,18.630835458538126,10
60,47,10,49,2,18.58287080699567,8
61,106,15,31,4,18.52908676481624,11
62,65,14,33,3,18.51276218041885,11
63,48,15,9,3,18.472872872736897,12
64,49,14,81,4,18.46786281015852,10
65,5,10,18,2,18.464269170029823,8
66,109,10,103,3,18.37872283171988,7
67,75,10,79,2,18.18520074819613,8
68,79,11,57,3,18.14640267745942,8
69,90,28,28,6,18.060877876686437,22
70,78,22,112,5,18.00765085252849,17
71,55,18,33,4,17.969879843551904,14
72,55,16,43,2,17.887669395914717,14
73,13,11,22,2,17.88490511828995,9
74,35,10,41,3,17.84884882348167,7
75,111,11,114,3,17.846918134233796,8
76,32,17,88,4,17.82459413467382,13
77,69,10,8,2,17.824588271872045,8
78,30,18,5,3,17.81053305502534,15
79,44,12,55,3,17.77184716319356,9
80,112,32,68,7,17.735336321116534,25
81,5,11,3,4,17.694163901939547,7
82,110,11,83,2,17.575104905290946,9
83,23,14,18,4,17.468338798211544,10
84,41,16,12,4,17.359792151573956,12
85,45,10,39,3,17.32115834390289,7
86,35,10,106,3,17.319051156851785,7
87,19,18,107,3,17.294486817084362,15
88,48,10,3,3,17.214556941173633,7
89,27,22,5,6,17.18696709990766,16
90,41,28,9,7,17.159883472781484,21
91,60,12,20,3,17.12579419517071,9
92,60,11,2,3,17.11684300008854,8
93,80,17,13,5,17.063751983939074,12
94,18,14,1,3,17.058153705270225,11
95,48,11,70,3,17.04295857723929,8
96,43,11,46,3,16.991693442801246,8
97,38,10,31,4,16.97274158238424,6
98,20,19,112,4,16.964936240764274,15
99,13,12,10,3,16.892767460419815,9
100,38,14,97,3,16.838290194315167,11
101,95,14,30,4,16.836817117204568,10
102,1,10,76,3,16.815372977495876,7
103,23,13,83,3,16.744700089549806,10
104,95,15,71,5,16.72675418994599,10
105,30,12,41,4,16.67014747818193,8
106,101,10,36,2,16.6279467044195,8
107,95,22,68,4,16.550204863156036,18
108,100,14,57,4,16.51846150699967,10
109,80,17,88,5,16.47753804603461,12
110,14,15,55,3,16.464885141480416,12
111,15,14,109,3,16.44720740462248,11
112,11,25,25,5,16.429746187224733,20
113,61,16,7,5,16.42696802044795,11
114,30,12,79,3,16.40518046559389,9
115,103,16,68,4,16.281667488957137,12
116,53,21,69,6,16.247322250303586,15
117,76,10,79,2,16.246721403642802,8
118,43,10,102,3,16.154622115934178,7
119,71,15,112,4,16.116875921028473,11
120,8,20,77,5,16.11157045463716,15
121,15,24,9,8,16.097463611966127,16
122,41,18,5,6,16.05037708250146,12
123,51,10,19,2,15.984440942521672,8
124,14,13,63,4,15.961958621197992,9
125,80,13,70,2,15.901333417895936,11
126,53,30,9,8,15.894615033798411,22
127,43,12,28,4,15.894105628705272,8
128,30,26,13,8,15.883892019395324,18
129,85,12,94,3,15.872945827108664,9
130,76,11,91,2,15.872477419459232,9
131,99,18,39,4,15.84878961626863,14
132,16,45,31,12,15.837412153743443,33
133,76,11,78,2,15.811000042078588,9
134,95,22,17,5,15.80262158037718,17
135,75,12,12,4,15.785867542761377,8
136,15,10,37,2,15.78269510258246,8
137,75,10,35,2,15.755761764469415,8
138,7,20,57,7,15.746440629237663,13
139,30,14,43,3,15.738372858595184,11
140,93,16,96,4,15.733194627661211,12
141,37,14,77,4,15.73169378416834,10
142,80,12,35,3,15.72406211872363,9
143,75,13,80,3,15.718052052365534,10
144,8,13,1,3,15.702434313684373,10
145,15,23,51,7,15.696340054221967,16
146,15,11,63,3,15.683342037196233,8
147,87,13,35,4,15.683184050777024,9
148,65,23,58,7,15.653154983328356,16
149,90,13,97,4,15.621888085765939,9
150,106,11,85,3,15.60573196351404,8
151,4,14,45,4,15.600891470448106,10
152,23,20,5,5,15.563915929412016,15
153,104,12,31,4,15.561592201078605,8
154,25,11,14,2,15.536643242754739,9
155,37,11,10,4,15.516949569025604,7
156,104,18,2,6,15.503443707499333,12
157,69,15,31,5,15.502962092044205,10
158,112,22,84,6,15.486639525748984,16
159,74,12,103,3,15.463990000688314,9
160,73,25,107,8,15.460672720698525,17
161,49,14,25,4,15.43786379260084,10
162,98,12,46,4,15.381140721878971,8
163,84,27,3,9,15.37291614514667,18
164,18,13,37,3,15.368965567811566,10
165,61,15,68,4,15.24709195978541,11
166,100,32,65,7,15.220205062235209,25
167,100,13,11,4,15.179784599525844,9
168,41,17,71,4,15.16238863659133,13
169,34,11,70,3,15.101320383881482,8
170,111,10,69,3,15.0816233253005,7
171,45,19,51,5,15.06403272485712,14
172,81,17,94,6,15.053941840602283,11
173,25,18,99,5,15.014737107768298,13
174,45,10,75,2,15.003649946946844,8
175,98,11,77,3,14.971497492381289,8
176,55,10,112,2,14.907032679929213,8
177,8,10,108,2,14.883275708091887,8
178,2,11,39,3,14.867970478981071,8
179,110,12,28,4,14.860268273313302,8
180,87,13,38,4,14.859584047072822,9
181,29,15,68,4,14.842517688016263,11
182,34,11,80,2,14.83036003753827,9
183,15,13,76,4,14.81353391108204,9
184,75,36,54,11,14.806584486593527,25
185,29,20,19,5,14.803271488743173,15
186,57,10,2,3,14.75670329182861,7
187,16,19,83,5,14.75207545610471,14
188,32,14,106,3,14.741977351969275,11
189,27,21,109,7,14.741810222555548,14
190,100,10,31,3,14.730848989291463,7
191,114,19,83,5,14.712530964906872,14
192,9,10,94,4,14.704426445452436,6
193,69,13,18,4,14.69589661715718,9
194,104,14,79,5,14.675854986425783,9
195,3,10,35,3,14.67345115895829,7
196,94,14,51,4,14.642632531518043,10
197,14,11,97,2,14.634263785488013,9
198,88,22,29,6,14.584788845308772,16
199,50,12,99,4,14.581629542155014,8
200,74,19,62,5,14.57027413820892,14
201,108,11,9,4,14.533752266696009,7
202,73,12,37,4,14.533349572792922,8
203,13,12,2,4,14.516038794033767,8
204,111,10,27,2,14.504025956772896,8
205,34,12,25,3,14.468789684868277,9
206,73,10,2,3,14.457830254043136,7
207,63,13,35,4,14.450412261730216,9
208,44,12,5,3,14.447481002517355,9
209,97,13,35,3,14.444551731599502,10
210,80,11,14,4,14.435345395194508,7
211,108,26,70,7,14.42739364927628,19
212,30,14,3,3,14.417667272505025,11
213,40,10,83,2,14.347262135245902,8
214,7,27,77,8,14.33556677589385,19
215,80,37,63,10,14.322048676220186,27
216,108,10,112,3,14.316449946299116,7
217,31,12,57,4,14.310689026630849,8
218,47,15,112,5,14.309777431810545,10
219,80,18,50,4,14.309192739594003,14
220,46,11,102,3,14.30749471315205,8
221,34,12,37,3,14.30057126443514,9
222,20,15,3,4,14.188922367828338,11
223,41,11,80,3,14.18671629223256,8
224,49,13,112,4,14.107588631583395,9
225,27,16,78,3,14.073489954228481,13
226,62,12,57,3,14.067895538486148,9
227,40,29,77,8,14.048771071022596,21
228,69,11,91,4,13.993001551531528,7
229,111,12,75,4,13.972281809419963,8
230,40,24,71,7,13.948125771645659,17
231,91,11,109,3,13.946188604720339,8
232,75,19,69,5,13.942304484906579,14
233,37,11,112,3,13.937736127059294,8
234,34,14,68,4,13.903096130211466,10
235,54,17,76,5,13.892444764564262,12
236,53,19,50,6,13.883151416746285,13
237,98,17,31,6,13.805084918983171,11
238,13,74,31,23,13.800549608099516,51
239,97,11,112,2,13.794615799527321,9
240,77,17,50,4,13.753479149012175,13
241,97,10,27,4,13.735152835550483,6
242,63,14,33,4,13.733555706081617,10
243,63,25,31,7,13.714594813504092,18
244,63,22,3,5,13.713969327820672,17
245,104,14,44,4,13.703910249073422,10
246,92,16,86,5,13.67676060817369,11
247,49,11,18,3,13.655065375637422,8
248,93,12,46,3,13.65474091099076,9
249,38,10,3,3,13.612373842695769,7
250,15,10,74,3,13.569326307429137,7
251,49,21,104,6,13.546207868188585,15
252,64,18,104,5,13.54129056151704,13
253,7,11,66,4,13.514093541012448,7
254,16,34,94,9,13.508766109877152,25
255,26,24,86,6,13.454427406615018,18
256,36,15,35,4,13.440272285829963,11
257,23,15,45,4,13.436468047997268,11
258,25,12,32,5,13.427877456338663,7
259,75,15,53,5,13.423496737137006,10
260,91,11,112,3,13.423237527272482,8
261,104,12,35,4,13.369677424437178,8
262,55,11,32,4,13.36363963009391,7
263,87,28,114,10,13.329695440899371,18
264,18,12,46,3,13.322032493347338,9
265,47,16,18,4,13.317575135316673,12
266,78,11,47,4,13.31383796511697,7
267,50,17,46,6,13.310329365776974,11
268,72,11,23,3,13.303468387767726,8
269,64,19,106,6,13.295192075566398,13
270,7,12,99,4,13.274517260788409,8
271,102,31,5,10,13.269431869962297,21
272,95,23,11,6,13.26328800508424,17
273,11,39,96,12,13.25258237771624,27
274,95,36,88,11,13.24512473637818,25
275,8,16,41,4,13.244566662838952,12
276,36,18,54,6,13.217744798273172,12
277,34,17,87,5,13.184329008068609,12
278,51,25,81,9,13.181806016972246,16
279,11,22,70,6,13.174919150937761,16
280,95,28,37,7,13.149042342745604,21
281,76,17,49,5,13.139446319164035,12
282,83,10,70,4,13.118339150755117,6
283,98,12,88,3,13.09482237083463,9
284,114,13,12,5,13.087005723325442,8
285,84,11,108,3,13.07106461175519,8
286,28,21,112,6,13.067763256870427,15
287,43,15,91,4,13.046946068237395,11
288,75,14,29,5,13.04592128555306,9
289,80,11,30,3,13.03236389442298,8
290,30,18,77,5,12.982342846447986,13
291,91,29,60,10,12.952631394075715,19
292,34,14,51,4,12.934608487352977,10
293,41,13,84,4,12.931428566792913,9
294,79,20,87,5,12.924731468288163,15
295,20,20,9,6,12.923964780165193,14
296,18,10,19,3,12.906348402552078,7
297,98,12,75,4,12.900340980932176,8
298,34,10,49,3,12.890039581771168,7
299,2,21,65,5,12.890027578518202,16
300,11,13,38,4,12.885059978927561,9
301,63,11,19,3,12.824791428015688,8
302,54,12,81,4,12.757047966098476,8
303,95,10,36,3,12.746346244298937,7
304,114,27,109,7,12.737377288037612,20
305,33,14,106,4,12.736963404825662,10
306,46,24,106,9,12.725492516069492,15
307,111,16,88,4,12.710530076381987,12
308,48,15,5,4,12.675358072710548,11
309,30,18,63,6,12.599148649844985,12
310,58,15,39,4,12.586107695941518,11
311,57,27,5,8,12.572003913811171,19
312,98,27,87,8,12.540784384215351,19
313,41,15,3,3,12.536867675080288,12
314,54,14,58,5,12.535089602873327,9
315,75,27,5,10,12.535083552437033,17
316,55,12,103,3,12.517980336309982,9
317,80,10,49,4,12.50914199523895,6
318,58,22,69,8,12.496375023223692,14
319,64,15,92,7,12.492372460791035,8
320,60,13,48,4,12.430799804411976,9
321,36,17,50,7,12.423703215189779,10
322,104,39,46,13,12.353574327141933,26
323,67,12,97,3,12.35346782744064,9
324,34,13,104,4,12.352990002767113,9
325,78,10,20,3,12.337947782230119,7
326,78,11,114,4,12.319932318545474,7
327,47,24,60,7,12.306617941323184,17
328,98,29,96,9,12.301665445316493,20
329,58,12,112,4,12.274503829909492,8
330,17,17,78,6,12.267827102574515,11
331,39,16,85,6,12.259649528892556,10
332,32,10,39,3,12.25900875776762,7
333,71,11,84,3,12.255989147154674,8
334,48,27,54,9,12.230401373927076,18
335,74,22,60,8,12.230302476711508,14
336,75,19,43,5,12.224767647713705,14
337,43,14,9,5,12.224469441855378,9
338,78,11,106,3,12.210243252742755,8
339,7,18,76,7,12.19661731578168,11
340,109,18,39,5,12.189314131019263,13
341,65,19,57,6,12.17988690463077,13
342,107,21,99,7,12.174640608684571,14
343,2,22,70,8,12.153236389251056,14
344,19,11,31,3,12.140248760143196,8
345,92,12,63,5,12.136993324985582,7
346,1,12,12,4,12.121434397869615,8
347,104,22,27,6,12.118014964478201,16
348,60,23,112,7,12.10922209330929,16
349,8,11,35,3,12.093356369533685,8
350,39,10,72,3,12.089715209342568,7
351,34,14,20,4,12.080633416209027,10
352,49,20,69,7,12.079897975557312,13
353,30,18,91,5,12.061464887561753,13
354,76,14,57,4,12.056778783520572,10
355,1,18,63,7,12.054495717242014,11
356,1,12,104,4,12.020108292717422,8
357,15,21,87,7,12.012506408703718,14
358,102,18,55,6,11.983866194974436,12
359,109,11,98,3,11.980585816049416,8
360,37,16,60,6,11.9668638856867,10
361,50,11,72,3,11.966306538639385,8
362,104,14,81,6,11.956844186421009,8
363,78,30,51,12,11.956348023402207,18
364,53,10,54,3,11.951994898142782,7
365,95,27,18,9,11.951490678023532,18
366,114,46,65,16,11.938229846486395,30
367,109,11,29,5,11.905733206262543,6
368,62,18,63,6,11.898616241132697,12
369,90,18,104,6,11.89837391797068,12
370,104,28,77,9,11.87424672617717,19
371,20,12,29,4,11.85416559868577,8
372,107,17,103,5,11.846012972334957,12
373,74,34,28,11,11.834419909257846,23
374,78,10,37,3,11.831707242150298,7
375,63,47,28,14,11.8288664237163,33
376,74,10,64,4,11.828764368523546,6
377,43,12,77,4,11.82768859752857,8
378,28,16,111,5,11.82030122340792,11
379,78,10,46,4,11.816501815994842,6
380,83,10,17,4,11.812775268760372,6
381,53,10,91,3,11.811611902058761,7
382,8,21,40,6,11.791921402372775,15
383,44,10,54,3,11.791894285038754,7
384,91,12,65,4,11.784658313781675,8
385,17,18,109,6,11.781743441013703,12
386,55,37,1,11,11.76903355576794,26
387,43,18,53,5,11.762416104262291,13
388,16,11,67,3,11.761532223804268,8
389,11,34,84,11,11.737395009694307,23
390,11,11,94,3,11.72559745135693,8
391,100,15,102,4,11.724376607273166,11
392,91,13,96,4,11.692854193124042,9
393,11,25,68,9,11.682534954278283,16
394,34,23,28,7,11.682170467841415,16
395,98,11,48,3,11.678045251552971,8
396,100,12,40,4,11.638460148115906,8
397,15,21,18,6,11.590119158022436,15
398,72,16,68,5,11.581640635616752,11
399,90,15,39,5,11.57797650142359,10
400,33,15,50,5,11.568332857311571,10
401,108,10,11,3,11.565275419390533,7
402,36,16,104,6,11.564722196156039,10
403,111,10,71,3,11.563837134119533,7
404,74,15,76,6,11.544600382799558,9
405,17,19,60,6,11.54301249333872,13
406,7,15,81,6,11.525413070422038,9
407,53,19,3,6,11.503790428420068,13
408,57,19,63,7,11.49963226954776,12
409,30,14,94,5,11.450907787793929,9
410,47,14,81,4,11.445134927289029,10
411,114,39,106,13,11.417874917507987,26
412,29,10,95,3,11.401888238693152,7
413,4,11,38,3,11.395009854616484,8
414,27,23,57,9,11.383835754448821,14
415,107,14,10,5,11.38119632500004,9
416,104,21,71,8,11.370166649530528,13
417,64,12,20,3,11.33130846260478,9
418,13,75,88,24,11.322656510714445,51
419,50,38,20,12,11.31681648660145,26
420,28,19,72,6,11.306329036701383,13
421,7,25,96,7,11.300422106484014,18
422,80,10,5,3,11.295210617596885,7
423,2,14,55,5,11.276816159574059,9
424,75,52,7,17,11.274663385996204,35
425,28,10,103,3,11.258889995972657,7
426,90,12,48,4,11.252381363492233,8
427,87,29,70,11,11.250414739740135,18
428,107,16,83,5,11.249585120390279,11
429,40,13,81,4,11.249205674756393,9
430,95,28,51,8,11.244919045567018,20
431,75,17,109,5,11.242273446455997,12
432,38,12,112,3,11.230403622900138,9
433,46,20,96,8,11.223825219116966,12
434,73,13,51,4,11.219804453521853,9
435,98,18,106,6,11.217270403208776,12
436,25,15,3,5,11.214634960222732,10
437,100,12,46,4,11.210309669403356,8
438,89,11,1,4,11.209011069389932,7
439,17,13,27,5,11.181834221753338,8
440,43,16,4,6,11.162760468553993,10
441,55,13,85,4,11.149931721802192,9
442,75,16,38,4,11.14383618558865,12
443,46,15,70,5,11.123543654837002,10
444,27,20,84,7,11.118973426521963,13
445,34,22,8,7,11.117728345678303,15
446,27,16,19,4,11.110163799851561,12
447,74,13,32,4,11.101664191982366,9
448,78,13,80,4,11.097915766170063,9
449,99,11,11,4,11.04788337752713,7
450,32,12,114,4,11.045874107216177,8
451,16,17,32,6,11.04556139119038,11
452,53,41,88,13,11.023031682203495,28
453,41,14,92,5,11.016394202336144,9
454,98,10,68,3,11.014423279510455,7
455,15,13,71,4,11.00914391321026,9
456,56,13,107,5,11.000292497508868,8
457,51,20,110,6,11.000148170458745,14
458,104,17,38,6,10.999496940925102,11
459,70,24,57,10,10.99751468090858,14
460,50,37,88,13,10.986958086725295,24
461,108,16,39,6,10.97781923779307,10
462,41,10,100,3,10.96219617530149,7
463,11,14,9,5,10.959299620365583,9
464,73,17,5,6,10.907383059794872,11
465,102,10,35,4,10.903207987031468,6
466,63,20,69,6,10.901230458210245,14
467,104,10,94,3,10.89001789096002,7
468,111,21,41,8,10.875724405637953,13
469,71,16,77,5,10.872072685026803,11
470,37,46,54,15,10.870093974692763,31
471,30,11,2,4,10.820419515250846,7
472,15,33,88,9,10.816839587023418,24
473,106,17,81,7,10.816681182916202,10
474,55,25,91,7,10.791612827626562,18
475,59,11,7,3,10.771239818059199,8
476,63,11,72,3,10.764095493593645,8
477,27,27,31,11,10.758919665279384,16
478,27,10,83,2,10.755457404831498,8
479,53,23,108,9,10.749834986479383,14
480,13,45,18,16,10.738363532449275,29
481,53,22,17,7,10.72338378113649,15
482,54,11,111,3,10.714143810197228,8
483,43,13,36,5,10.713552025008548,8
484,30,23,84,7,10.710699208047561,16
485,51,25,74,7,10.704030149650722,18
486,48,32,107,11,10.694845948293114,21
487,38,12,57,5,10.682623087511102,7
488,65,29,29,11,10.675445820566951,18
489,5,25,98,9,10.66291868554062,16
490,30,15,11,5,10.649445970202313,10
491,30,20,64,7,10.642272986004784,13
492,98,18,71,6,10.627953776602759,12
493,16,12,101,4,10.622717697482882,8
494,48,14,108,4,10.620930026885901,10
495,7,31,91,9,10.609100286101588,22
496,26,10,28,3,10.592168464369761,7
497,95,15,9,6,10.569002592922953,9
498,71,19,54,7,10.563773271372229,12
499,28,17,40,7,10.551622113062637,10
500,86,16,56,5,10.543126647721753,11
501,76,13,108,4,10.539317855686345,9
502,58,18,13,5,10.538623477632353,13
503,63,12,66,4,10.5370312257094,8
504,41,16,17,5,10.533333329606137,11
505,71,19,97,6,10.5235339621969,13
506,27,27,36,10,10.523349599331352,17
507,89,14,37,6,10.519274673853001,8
508,77,25,51,10,10.516258457456905,15
509,64,27,9,8,10.495957554452968,19
510,75,14,102,4,10.47886729381523,10
511,81,11,27,4,10.477393451911677,7
512,75,35,8,11,10.477015226263449,24
513,23,12,77,4,10.472073733658851,8
514,41,16,49,6,10.465212157406025,10
515,6,10,31,4,10.459894630543896,6
516,30,37,39,13,10.453657029709746,24
517,64,25,112,7,10.447348803692252,18
518,44,16,39,6,10.434810009571377,10
519,95,19,114,7,10.422604339796184,12
520,110,11,7,5,10.422576579231729,6
521,110,15,39,4,10.417609870944737,11
522,13,20,29,8,10.404528641481372,12
523,75,13,57,4,10.387723743034115,9
524,78,25,16,9,10.383984889707143,16
525,106,16,93,6,10.37915501513517,10
526,9,12,12,4,10.366855545040103,8
527,94,10,7,3,10.355621654064773,7
528,53,16,77,6,10.347606271977277,10
529,40,16,102,6,10.346146758066935,10
530,16,26,1,7,10.345699287153877,19
531,37,13,1,5,10.342164269053148,8
532,13,27,94,9,10.330435007204882,18
533,7,24,19,7,10.325778739734247,17
534,54,19,43,7,10.322637569623126,12
535,107,29,31,13,10.30345756995746,16
536,30,11,102,4,10.296833808784982,7
537,45,23,107,8,10.289536165233189,15
538,85,15,50,5,10.26203922127155,10
539,18,40,39,13,10.257356241937428,27
540,67,16,106,6,10.252161434234207,10
541,16,44,18,14,10.239548895772598,30
542,28,27,68,8,10.229548768409218,19
543,63,35,91,11,10.225389928816243,24
544,30,17,31,7,10.214096274935343,10
545,25,24,68,8,10.211790433098953,16
546,10,14,28,4,10.207926130943799,10
547,11,36,37,12,10.20717474941383,24
548,91,24,39,8,10.206322081312438,16
549,94,17,12,7,10.206094758988755,10
550,76,14,94,4,10.204693879696782,10
551,114,16,57,5,10.202940786046575,11
552,27,18,77,6,10.202151664682363,12
553,48,24,96,8,10.200121519345739,16
554,98,15,2,6,10.198603389321667,9
555,71,13,33,4,10.195530501937561,9
556,97,41,37,14,10.190687502541845,27
557,6,12,9,5,10.175309866966636,7
558,43,29,86,9,10.173097117221216,20
559,2,13,38,5,10.156438284208228,8
560,92,16,68,5,10.14730683848729,11
561,96,11,23,4,10.143008283174426,7
562,53,37,31,14,10.136338371296793,23
563,92,10,109,3,10.132066653367776,7
564,50,20,102,8,10.118106239071224,12
565,53,36,36,11,10.114732824687987,25
566,18,24,8,7,10.103008591242306,17
567,89,11,74,4,10.093150392265771,7
568,23,17,17,6,10.090670558592322,11
569,79,12,106,4,10.079963228120917,8
570,40,16,49,6,10.077718304922938,10
571,13,12,79,4,10.072956753420838,8
572,13,23,83,8,10.067954696106945,15
573,63,31,76,10,10.049351171103778,21
574,80,19,51,7,10.049293803677342,12
575,44,10,38,3,10.048373138060269,7
576,110,13,107,4,10.03472132274693,9
577,11,14,18,5,10.031989827572826,9
578,98,19,29,6,10.031731367912892,13
579,95,25,65,9,9.987438820754939,16
580,73,18,88,6,9.974203425238965,12
581,69,22,68,8,9.966225512690015,14
582,63,45,88,14,9.955054334971098,31
583,72,15,51,6,9.937514477649751,9
584,87,20,81,9,9.92521789350872,11
585,95,10,2,3,9.920312629990502,7
586,63,50,84,19,9.919938234846502,31
587,8,23,15,9,9.913275414610844,14
588,107,21,102,8,9.900916609628295,13
589,11,14,83,4,9.89615191909491,10
590,100,11,38,3,9.89382268344099,8
591,110,20,16,7,9.893450419413208,13
592,2,17,54,5,9.883928701627934,12
593,100,26,54,9,9.876264305600081,17
594,17,15,71,6,9.874078720771614,9
595,53,10,98,4,9.839111782848335,6
596,16,12,10,4,9.837247209773244,8
597,54,13,57,3,9.824315369895016,10
598,104,25,75,9,9.822163907084754,16
599,16,13,92,3,9.821906376974377,10
600,40,24,17,8,9.815776001763279,16
601,29,13,93,5,9.815241351279962,8
602,64,17,37,6,9.810222324765896,11
603,62,10,93,4,9.798162399200404,6
604,63,11,61,3,9.795863144147216,8
605,65,40,93,16,9.79585778056327,24
606,11,11,71,4,9.793856230234496,7
607,40,25,3,8,9.786955757231253,17
608,37,24,83,9,9.783726366978417,15
609,30,12,52,4,9.763146241314214,8
610,63,35,48,12,9.759297495682487,23
611,100,11,70,4,9.741790049682665,7
612,86,21,52,7,9.734029946764755,14
613,89,13,16,5,9.733195931265595,8
614,43,19,31,10,9.720852773553682,9
615,75,18,11,7,9.71088785220573,11
616,102,33,86,11,9.70383463978044,22
617,100,12,71,4,9.66068752031631,8
618,111,16,63,6,9.656549842780759,10
619,22,10,114,5,9.649313306364819,5
620,109,36,8,14,9.641625939928552,22
621,50,19,30,7,9.638315382937567,12
622,93,10,104,4,9.637966581885273,6
623,41,23,53,8,9.631953807885303,15
624,70,17,109,6,9.623350653501726,11
625,76,16,9,5,9.621504571842449,11
626,99,14,8,6,9.61106559286031,8
627,83,18,84,7,9.609473734372159,11
628,8,13,53,4,9.596286006275326,9
629,80,14,39,5,9.589468521855673,9
630,11,25,109,8,9.585833860536326,17
631,73,20,7,8,9.582485903794176,12
632,16,27,76,12,9.580553023121636,15
633,64,44,60,14,9.569439655645416,30
634,13,24,97,9,9.567486234498416,15
635,60,29,69,12,9.553479216421117,17
636,106,13,108,4,9.535201707134298,9
637,78,12,1,4,9.531466280674074,8
638,1,22,31,9,9.525804060927038,13
639,20,32,25,11,9.520523686179052,21
640,18,27,9,9,9.520249042639604,18
641,8,17,36,6,9.51236026695053,11
642,90,14,80,4,9.509239360264802,10
643,114,13,2,5,9.509158562417847,8
644,76,24,35,9,9.506743182760358,15
645,37,22,99,7,9.502759058160713,15
646,37,29,7,11,9.500511382222342,18
647,102,13,60,5,9.490462801517765,8
648,70,10,58,3,9.487562225897108,7
649,16,47,96,14,9.46295382882651,33
650,102,12,17,4,9.460667678985603,8
651,17,10,94,4,9.449116979238093,6
652,27,32,60,10,9.444817966504301,22
653,32,11,63,4,9.44232166344675,7
654,16,31,3,10,9.436058343738477,21
655,27,20,12,8,9.424219790186681,12
656,100,14,84,4,9.414033228858957,10
657,63,25,109,10,9.392892060380623,15
658,48,13,51,6,9.391737592298234,7
659,109,11,36,3,9.390936468630548,8
660,80,33,107,11,9.376730084103613,22
661,41,16,77,5,9.374945974938667,11
662,104,21,84,8,9.37162724208143,13
663,87,14,33,5,9.358610632806945,9
664,23,12,50,3,9.354699302165745,9
665,28,29,2,10,9.34282167881126,19
666,53,20,12,8,9.33945038591408,12
667,111,15,51,5,9.328246716797016,10
668,76,11,48,3,9.32275185522147,8
669,50,17,70,7,9.316243790355681,10
670,37,17,27,6,9.314988662643295,11
671,15,13,11,5,9.314265162028605,8
672,86,15,67,6,9.30654184494345,9
673,100,17,18,7,9.297622647277194,10
674,63,19,77,6,9.291814452323939,13
675,60,25,29,10,9.283204942004181,15
676,29,15,27,4,9.2811135121499,11
677,75,13,93,5,9.279825087560205,8
678,76,31,68,8,9.272498266828656,23
679,20,16,90,6,9.25670480461804,10
680,78,15,53,6,9.245467105519944,9
681,11,13,10,5,9.240894504208253,8
682,70,16,69,5,9.227346228401574,11
683,64,11,81,4,9.217681779438383,7
684,16,19,14,7,9.215741001366093,12
685,13,19,6,7,9.21551599242718,12
686,27,15,4,6,9.214915067697104,9
687,93,11,90,4,9.204947446014161,7
688,2,12,40,4,9.204153353273352,8
689,73,17,40,6,9.199997222971483,11
690,23,14,91,6,9.188824217195519,8
691,15,13,91,6,9.175439096539632,7
692,92,15,40,5,9.168940871834318,10
693,86,30,48,11,9.16469180554466,19
694,16,63,106,21,9.160803291418002,42
695,50,43,5,17,9.156049369840707,26
696,39,25,106,10,9.155969378752744,15
697,9,16,47,6,9.146152811782594,10
698,16,40,9,13,9.142096271109022,27
699,60,25,81,9,9.119854252529585,16
700,91,22,20,9,9.11515023214943,13
701,92,11,17,4,9.114563540800457,7
702,109,15,31,5,9.11388757240418,10
703,100,16,78,6,9.111982399643404,10
704,75,22,49,8,9.10384818725207,14
705,75,59,68,20,9.101320704031792,39
706,58,20,68,7,9.097701878706363,13
707,95,34,8,13,9.079209474058969,21
708,44,29,86,10,9.073857704921485,19
709,27,37,65,13,9.072867181438877,24
710,28,34,75,12,9.068390514566694,22
711,30,11,61,4,9.067314274609851,7
712,78,13,43,5,9.06197930193436,8
713,69,18,57,6,9.053157000869454,12
714,35,16,45,7,9.040031591861501,9
715,68,49,87,18,9.026916198896792,31
716,75,18,100,8,9.024866169547831,10
717,30,16,70,7,9.016092338129877,9
718,5,15,36,6,9.008614310253613,9
719,47,14,69,5,8.984987738462353,9
720,28,15,52,6,8.975367013246691,9
721,97,18,36,7,8.970668153566264,11
722,47,20,114,8,8.969382880850322,12
723,43,16,84,6,8.968948746982855,10
724,28,11,32,4,8.963821007682872,7
725,13,45,43,19,8.959841259799875,26
726,73,12,31,4,8.938919570135752,8
727,13,22,84,7,8.92622496976615,15
728,11,10,91,3,8.923724837318142,7
729,26,10,88,4,8.919527282390282,6
730,60,25,12,12,8.918654482484731,13
731,110,19,25,6,8.917701672558222,13
732,89,15,107,5,8.908975430626485,10
733,7,20,109,7,8.9080321410632,13
734,15,14,55,4,8.90352085117802,10
735,13,35,3,11,8.889146842450907,24
736,69,12,97,4,8.888377862411462,8
737,44,20,13,7,8.886721786197054,13
738,49,11,53,4,8.876928289416245,7
739,23,16,12,6,8.872217683410865,10
740,3,11,98,5,8.853639708389592,6
741,107,13,61,5,8.850698470757944,8
742,32,15,87,5,8.84415502943487,10
743,87,36,9,15,8.83528388860613,21
744,39,38,88,14,8.832170453588976,24
745,63,19,36,7,8.822881427312195,12
746,36,18,47,6,8.810892372607714,12
747,106,10,42,3,8.802546839644418,7
748,39,36,20,15,8.800920294125156,21
749,109,12,77,5,8.789144881364965,7
750,106,23,18,8,8.778191080978742,15
751,41,12,96,3,8.760253621607967,9
752,108,27,13,9,8.751351034715968,18
753,100,22,88,8,8.748881194655748,14
754,38,14,106,7,8.74501943352997,7
755,104,23,11,8,8.742484307216115,15
756,4,22,17,7,8.727735068009611,15
757,8,26,57,9,8.727187925997562,17
758,58,10,45,4,8.721721801464442,6
759,45,15,86,6,8.710518828201982,9
760,63,15,102,6,8.710165699989911,9
761,63,35,20,14,8.705248065274409,21
762,41,41,86,14,8.69521874947061,27
763,9,31,31,11,8.678153869820548,20
764,85,10,98,3,8.673802483900154,7
765,30,46,107,17,8.65333978621303,29
766,41,19,97,7,8.638943706099205,12
767,1,24,65,10,8.63311694974403,14
768,68,29,18,11,8.623169944927229,18
769,51,51,63,21,8.61580742538916,30
770,9,14,19,5,8.611355514485423,9
771,51,21,33,6,8.606152418737853,15
772,39,20,29,8,8.605526247587276,12
773,27,39,88,16,8.602187681442969,23
774,90,22,50,8,8.598522697494,14
775,81,20,16,7,8.585952206420341,13
776,95,23,55,8,8.575006509864881,15
777,78,11,36,4,8.552435160203329,7
778,94,11,2,4,8.55058688518052,7
779,114,13,62,5,8.54955618000272,8
780,23,39,60,14,8.54484295529887,25
781,12,13,106,4,8.530975907772834,9
782,16,43,46,15,8.523887339164597,28
783,77,10,29,3,8.514723249015375,7
784,62,23,88,9,8.512625127129992,14
785,20,20,68,8,8.505965296169743,12
786,72,14,17,5,8.505149187303852,9
787,91,10,45,4,8.504304930616431,6
788,64,28,40,10,8.496071624321134,18
789,16,33,69,12,8.492849118552362,21
790,75,16,1,5,8.487454866261048,11
791,74,14,77,5,8.485489523270209,9
792,20,22,41,9,8.461320470159405,13
793,114,24,3,8,8.461132150785255,16
794,15,13,53,5,8.45144556317874,8
795,95,14,96,5,8.45037398259218,9
796,8,32,114,11,8.446067232393613,21
797,96,24,70,11,8.437417991026262,13
798,55,20,114,7,8.432483182241098,13
799,73,19,90,7,8.424101991862472,12
800,38,13,54,5,8.421224564929705,8
801,86,44,76,17,8.415057744848589,27
802,109,14,67,7,8.410228891959628,7
803,11,25,57,11,8.400613395593451,14
804,80,11,79,5,8.39440233865723,6
805,67,10,104,4,8.393331116483226,6
806,30,44,65,16,8.376779126545133,28
807,7,45,25,16,8.37280661834829,29
808,78,21,69,8,8.361386739543393,13
809,64,11,29,3,8.360354117139725,8
810,7,22,5,8,8.357081514884824,14
811,38,23,65,10,8.354229779220864,13
812,41,32,31,12,8.353957395244583,20
813,8,29,84,10,8.33757645831541,19
814,25,15,9,5,8.323455878342044,10
815,103,16,17,5,8.316268501161485,11
816,102,17,88,5,8.307899790454732,12
817,90,31,106,10,8.283845461248372,21
818,16,66,63,25,8.283483649795642,41
819,41,18,91,6,8.276671952774393,12
820,57,38,107,15,8.273456454582034,23
821,75,12,76,5,8.269580351796622,7
822,50,34,55,14,8.268886532039616,20
823,37,12,14,5,8.266467835075433,7
824,112,10,79,4,8.23380656767564,6
825,69,21,106,8,8.230262561693124,13
826,64,12,11,3,8.22210502854296,9
827,85,16,72,5,8.221502081191193,11
828,112,14,40,6,8.221202026655053,8
829,87,24,93,9,8.20135369004028,15
830,74,25,39,10,8.195535087876927,15
831,63,11,89,3,8.19292788894577,8
832,104,35,60,10,8.183651908443375,25
833,50,28,71,11,8.165371088482388,17
834,76,19,39,6,8.162098747442764,13
835,54,31,60,11,8.16146550040988,20
836,18,16,112,5,8.155957753880719,11
837,1,19,87,8,8.152622059420272,11
838,4,10,112,4,8.145974306589784,6
839,100,31,87,14,8.141150730216664,17
840,26,10,107,4,8.136960920766814,6
841,100,19,63,8,8.133393706542947,11
842,81,11,111,3,8.120062859865854,8
843,74,15,48,7,8.108554922899495,8
844,27,14,103,6,8.105344167970014,8
845,30,16,46,6,8.09849810603762,10
846,37,42,46,14,8.09589581959515,28
847,60,30,50,13,8.087484578525554,17
848,7,15,10,6,8.086365440359023,9
849,109,15,46,6,8.081904977493476,9
850,8,61,5,24,8.080732178020162,37
851,110,16,97,6,8.077466293642946,10
852,53,13,46,5,8.064750592390656,8
853,51,15,91,5,8.060157448942936,10
854,108,19,87,7,8.0530569756161,12
855,20,36,84,11,8.04861670328596,25
856,77,13,99,4,8.045637077289417,9
857,58,26,107,9,8.037629940895535,17
858,90,22,13,8,8.036549897684578,14
859,75,41,50,14,8.02466935745211,27
860,63,12,52,5,8.015196003418383,7
861,35,11,9,5,8.012816785902409,6
862,48,12,25,5,8.01244102921806,7
863,91,31,98,12,8.010154956050265,19
864,102,19,96,7,7.9956311609664965,12
865,44,22,6,7,7.994067314889742,15
866,13,16,70,6,7.990308468406848,10
867,5,28,84,11,7.986435375626319,17
868,12,12,4,4,7.976222296376225,8
869,48,11,89,3,7.971806233433707,8
870,65,25,5,10,7.967561696591304,15
871,23,21,39,8,7.9630880242589255,13
872,39,60,68,24,7.949045174912651,36
873,53,19,61,6,7.9431150632920575,13
874,73,17,87,5,7.942207150258419,12
875,87,28,91,10,7.938627726741352,18
876,18,10,34,3,7.934073113605032,7
877,33,16,20,6,7.928062438364485,10
878,60,14,66,4,7.920621770687662,10
879,34,20,84,8,7.917696778697559,12
880,54,22,18,9,7.917650548154775,13
881,88,10,82,4,7.912578083642496,6
882,71,13,38,4,7.906029048659733,9
883,78,11,31,5,7.904414780494012,6
884,53,14,90,5,7.90103229929259,9
885,62,23,68,9,7.893829370684333,14
886,55,17,23,8,7.871570609888838,9
887,114,25,90,10,7.8701656835045455,15
888,89,11,13,5,7.868919524993351,6
889,44,12,35,5,7.859665557157517,7
890,106,26,91,9,7.859341034872018,17
891,29,14,55,5,7.851130455007913,9
892,53,19,109,7,7.841205358929896,12
893,8,17,98,6,7.8322640771965775,11
894,107,20,77,8,7.820720701788074,12
895,25,46,46,19,7.8204011950255445,27
896,114,12,110,4,7.80031681097971,8
897,50,15,48,5,7.798532000224024,10
898,15,36,39,12,7.792193998628629,24
899,55,22,64,7,7.789831302640343,15
900,47,10,111,4,7.786638633209644,6
901,64,13,19,4,7.776851315652561,9
902,92,14,114,4,7.774797164908212,10
903,41,15,81,5,7.770221546669875,10
904,63,11,94,4,7.76321840640363,7
905,50,22,18,9,7.758401768064157,13
906,53,11,73,4,7.756297558195456,7
907,37,49,25,20,7.755599308877524,29
908,16,32,64,11,7.754231430905149,21
909,73,13,54,5,7.746921178252216,8
910,28,14,12,5,7.741725097225164,9
911,44,11,84,5,7.741464370739849,6
912,19,10,77,4,7.736725562062309,6
913,15,15,1,5,7.73306575970013,10
914,34,14,39,6,7.721485802648023,8
915,46,13,64,5,7.701785189637151,8
916,111,25,7,10,7.69032342577198,15
917,5,32,11,12,7.687442157533876,20
918,13,15,76,6,7.686884560878501,9
919,37,29,38,11,7.668156637885108,18
920,37,24,96,10,7.665844925696509,14
921,107,27,35,9,7.659745377736294,18
922,16,81,39,32,7.651983090761785,49
923,86,22,72,8,7.651597318688157,14
924,33,13,31,6,7.647223417443057,7
925,70,11,60,4,7.6464357490262,7
926,97,29,5,10,7.639418302115124,19
927,96,22,80,8,7.6325568595370585,14
928,41,30,104,13,7.632551301738366,17
929,39,31,43,13,7.6174681270571165,18
930,18,20,36,8,7.5949028785012285,12
931,39,17,78,7,7.594030405779085,10
932,58,18,88,7,7.5880987725104365,11
933,72,10,36,4,7.585561627806539,6
934,28,31,114,13,7.584853881328923,18
935,34,17,48,7,7.58176353597154,10
936,46,12,77,5,7.574271980014295,7
937,34,14,5,4,7.5706698448560905,10
938,40,66,68,24,7.5703219943157025,42
939,107,30,109,11,7.567930415965966,19
940,97,24,51,8,7.56785294854944,16
941,87,38,40,16,7.562449238427529,22
942,19,10,79,4,7.551536262697121,6
943,30,10,85,4,7.5440843213091044,6
944,85,10,46,3,7.538229298143679,7
945,6,11,55,3,7.526848268362216,8
946,55,18,77,7,7.520653437888106,11
947,88,24,3,9,7.5117017749719,15
948,15,13,50,5,7.509982415529958,8
949,6,13,61,5,7.506143312140655,8
950,27,14,98,6,7.497316272159128,8
951,3,17,43,6,7.496311575799016,11
952,27,21,53,7,7.494848578130689,14
953,20,42,16,14,7.490661859277886,28
954,89,12,68,5,7.483167732526591,7
955,70,14,36,6,7.476080415111229,8
956,108,15,63,6,7.475559971035058,9
957,64,37,31,14,7.4738922265185375,23
958,28,10,81,4,7.472696801730322,6
959,60,10,57,4,7.467563385882379,6
960,13,34,69,13,7.463742443314802,21
961,45,12,53,5,7.463487107897495,7
962,37,21,110,9,7.457046552670356,12
963,46,30,75,12,7.449361290092638,18
964,30,25,88,11,7.4406011551513975,14
965,64,17,43,7,7.43896725456377,10
966,34,11,43,4,7.424240308041092,7
967,19,20,54,9,7.418437201102569,11
968,8,19,91,7,7.416456742894205,12
969,36,34,41,16,7.412500474371832,18
970,27,10,79,4,7.410947014194593,6
971,108,22,88,8,7.409334471097551,14
972,100,19,60,7,7.407232332782622,12
973,41,17,89,6,7.402414100587752,11
974,100,11,29,5,7.392867482515364,6
975,1,10,5,4,7.391988711274886,6
976,75,50,16,20,7.38842567902132,30
977,86,92,51,39,7.387958190410619,53
978,86,36,17,16,7.373387885533473,20
979,73,10,71,4,7.37323406519455,6
980,13,35,54,13,7.373225396669799,22
981,34,15,74,5,7.367415754617591,10
982,31,14,80,4,7.367135464628976,10
983,25,16,33,5,7.36592627296452,11
984,77,10,114,4,7.3654772203978025,6
985,49,13,23,5,7.360298065336568,8
986,73,25,8,10,7.35879002547718,15
987,17,19,9,8,7.3581791578689,11
988,87,17,112,7,7.3462185343517366,10
989,48,24,79,9,7.345817828277461,15
990,23,18,114,6,7.344942637597016,12
991,40,41,104,15,7.342291894534163,26
992,11,10,103,3,7.33896872976819,7
993,16,11,12,4,7.337174492281632,7
994,75,16,2,7,7.332326563651873,9
995,2,32,107,12,7.32884412298255,20
996,78,28,57,12,7.328495727801248,16
997,43,13,68,5,7.327777492653936,8
998,70,42,5,17,7.323141246130927,25
999,47,14,15,6,7.306305822535999,8
1000,63,14,85,6,7.301748789802251,8
1001,100,12,3,5,7.3003800187027315,7
1002,54,33,40,13,7.298767912387551,20
1003,62,11,104,3,7.298660521894603,8
1004,47,11,61,4,7.295405799949466,7
1005,7,51,87,19,7.288175031485435,32
1006,43,31,40,13,7.2876910701836355,18
1007,97,16,29,6,7.284915525257299,10
1008,13,20,98,7,7.284404613166717,13
1009,114,42,13,19,7.284350704257176,23
1010,16,110,88,41,7.282392910348155,69
1011,55,20,68,7,7.273979151335479,13
1012,106,13,57,6,7.272492874678534,7
1013,62,10,96,3,7.268496266352443,7
1014,110,16,70,6,7.267896542251015,10
1015,20,17,98,6,7.267496359610282,11
1016,75,19,81,7,7.259552889264539,12
1017,86,30,79,11,7.258463117259926,19
1018,84,33,39,14,7.257920848438738,19
1019,98,19,84,6,7.255378652482318,13
1020,98,12,93,5,7.2513528092711335,7
1021,46,13,90,5,7.250761878801304,8
1022,31,14,5,5,7.246607645789562,9
1023,30,21,69,9,7.246017311790674,12
1024,20,10,75,4,7.241047227766171,6
1025,114,27,40,9,7.240772461331043,18
1026,54,16,62,6,7.236680580960737,10
1027,13,60,106,23,7.22482230869508,37
1028,35,20,40,7,7.2238461178978355,13
1029,112,22,76,10,7.216620353424457,12
1030,27,13,35,5,7.215256796262466,8
1031,29,15,23,6,7.198689194300129,9
1032,53,13,38,5,7.198101634639961,8
1033,17,11,48,5,7.198036653114912,6
1034,30,49,16,19,7.190557635981447,30
1035,109,13,22,5,7.1904728762162415,8
1036,103,13,84,6,7.189748094528316,7
1037,49,14,62,5,7.1853921647786025,9
1038,18,11,62,4,7.178564522913039,7
1039,36,16,112,6,7.175574629533441,10
1040,98,41,86,17,7.171894084868247,24
1041,100,20,43,9,7.154162949229226,11
1042,38,18,84,8,7.154125748328736,10
1043,34,12,60,4,7.148158666349012,8
1044,29,14,37,6,7.147246302868531,8
1045,88,10,103,4,7.146583091840611,6
1046,5,17,60,6,7.144002600647477,11
1047,40,50,55,19,7.142420946012768,31
1048,90,26,87,10,7.134749793973535,16
1049,63,58,54,22,7.133964662886907,36
1050,75,57,107,18,7.131800392099847,39
1051,88,11,67,3,7.127393540580368,8
1052,67,12,107,4,7.124134838046416,8
1053,86,30,83,10,7.114862976089345,20
1054,1,10,45,4,7.100044646871245,6
1055,38,14,17,6,7.099034060595348,8
1056,27,15,64,5,7.097541085798832,10
1057,28,20,62,8,7.086204539456473,12
1058,28,35,70,14,7.078735797739843,21
1059,102,14,98,6,7.075813129571894,8
1060,50,14,49,6,7.064134383315743,8
1061,100,21,25,9,7.062312436550092,12
1062,99,18,36,6,7.061516094995872,12
1063,65,16,73,6,7.056062739811479,10
1064,55,25,97,9,7.041738062020972,16
1065,20,10,110,4,7.040932959044509,6
1066,85,24,84,8,7.039561068893882,16
1067,95,15,40,6,7.026458120737083,9
1068,89,14,104,6,7.025402807656734,8
1069,87,27,53,12,7.022639512769477,15
1070,93,26,54,9,7.002072182522706,17
1071,80,13,48,4,6.99747900943173,9
1072,62,15,5,6,6.992708759597391,9
1073,114,19,1,7,6.990089974683044,12
1074,111,23,13,10,6.988942249892523,13
1075,17,20,55,9,6.987444025974705,11
1076,53,30,30,12,6.984989750265453,18
1077,8,17,33,6,6.975602243001775,11
1078,18,23,97,9,6.965163575719862,14
1079,78,18,8,7,6.964373625818675,11
1080,16,34,36,13,6.9623095532486845,21
1081,32,18,104,6,6.95922508638955,12
1082,90,20,63,8,6.95733483322538,12
1083,4,25,51,9,6.952578906103857,16
1084,99,12,88,5,6.93913123202866,7
1085,7,21,46,7,6.935769096747123,14
1086,75,19,30,8,6.923427737676235,11
1087,85,14,13,5,6.918810312172774,9
1088,15,24,19,10,6.911568874572907,14
1089,49,10,43,4,6.893725681604248,6
1090,76,16,88,7,6.891817282335726,9
1091,90,22,65,10,6.887045978873851,12
1092,106,15,99,5,6.882359612487447,10
1093,104,15,69,5,6.881466290146877,10
1094,78,22,87,10,6.86895196978416,12
1095,12,14,49,4,6.866754769998276,10
1096,60,43,4,19,6.864343045215706,24
1097,9,13,57,5,6.861208808927346,8
1098,114,19,96,7,6.8573207383282995,12
1099,13,29,95,12,6.852052215706936,17
1100,78,10,49,5,6.852050752332755,5
1101,7,99,51,37,6.849475435937799,62
1102,86,80,96,31,6.839782165020975,49
1103,78,14,96,5,6.830515928543477,9
1104,95,25,106,9,6.830338155584792,16
1105,68,69,31,28,6.821634358561019,41
1106,65,14,66,5,6.821265394674894,9
1107,30,22,104,10,6.820606807560422,12
1108,60,17,58,7,6.820272973850589,10
1109,41,18,43,7,6.81884584310875,11
1110,56,13,4,6,6.816273515879696,7
1111,51,20,96,8,6.809158319794973,12
1112,39,21,112,9,6.808588240484281,12
1113,71,50,13,21,6.804323620324037,29
1114,60,18,45,8,6.8022482279138705,10
1115,3,12,109,5,6.800442852243994,7
1116,49,10,71,4,6.800377692667283,6
1117,55,10,31,4,6.798197972656263,6
1118,17,10,3,5,6.783991378108847,5
1119,88,18,112,7,6.779128140681474,11
1120,33,23,107,10,6.763493299081546,13
1121,57,12,109,5,6.758716421545093,7
1122,86,54,97,22,6.749652418711037,32
1123,94,10,71,4,6.748460655059317,6
1124,45,13,68,5,6.747691137383071,8
1125,45,32,7,13,6.743551275422484,19
1126,84,26,48,10,6.7407911051084906,16
1127,40,14,78,4,6.732885786530082,10
1128,74,38,96,14,6.731828732252355,24
1129,14,13,95,5,6.731405281187272,8
1130,72,11,88,4,6.729487423377159,7
1131,8,13,3,7,6.725771044964114,6
1132,16,19,58,7,6.723872489637056,12
1133,100,11,95,5,6.722166987268522,6
1134,65,10,32,4,6.718474357729474,6
1135,28,35,97,13,6.716635909782017,22
1136,40,11,19,4,6.712468239790962,7
1137,83,15,74,7,6.703298030488857,8
1138,111,11,106,3,6.697425895741327,8
1139,7,18,62,7,6.690218008322475,11
1140,54,75,88,30,6.6874207756050055,45
1141,39,84,51,34,6.677303029953274,50
1142,16,68,55,25,6.673907741530192,43
1143,51,59,65,22,6.666482427201215,37
1144,85,20,54,7,6.664179187550933,13
1145,10,12,57,4,6.658857003244836,8
1146,1,15,94,7,6.658852117194986,8
1147,12,16,87,6,6.65783911864878,10
1148,83,11,71,5,6.656205380333864,6
1149,71,19,37,8,6.653996053488669,11
1150,76,15,114,5,6.6539119931134865,10
1151,32,26,5,10,6.647447060451906,16
1152,4,30,65,12,6.6356003955737535,18
1153,39,22,37,9,6.632156694863052,13
1154,108,12,68,5,6.6299354413411775,7
1155,25,48,5,19,6.626414170343125,29
1156,85,10,75,3,6.61929344121288,7
1157,71,18,81,7,6.61709770119633,11
1158,39,14,94,5,6.607055031378494,9
1159,34,16,30,6,6.601140375094157,10
1160,65,28,96,12,6.593487230396348,16
1161,76,41,51,15,6.590745595942762,26
1162,86,27,1,11,6.584989828827026,16
1163,65,46,20,17,6.582851496170298,29
1164,69,10,48,5,6.577798378248737,5
1165,76,13,18,5,6.573059513523393,8
1166,53,26,114,11,6.571088082289226,15
1167,104,37,25,16,6.567754121461538,21
1168,23,29,68,13,6.562476411578635,16
1169,68,25,91,11,6.550419627313768,14
1170,54,58,70,23,6.543056803225659,35
1171,86,29,81,9,6.532482502137965,20
1172,91,13,80,5,6.531108694088673,8
1173,100,18,114,7,6.509461416428781,11
1174,86,20,103,8,6.502854567619721,12
1175,90,11,102,6,6.502237322589002,5
1176,87,30,41,12,6.500655116407746,18
1177,107,30,49,13,6.496803725713358,17
1178,48,10,104,4,6.493358473776671,6
1179,107,46,53,18,6.492903474758714,28
1180,70,20,9,7,6.477071321597407,13
1181,89,10,55,4,6.472799854469153,6
1182,100,17,30,6,6.466944084563581,11
1183,100,17,55,8,6.465563036443129,9
1184,70,13,29,6,6.465173609286504,7
1185,30,10,81,4,6.458484974391473,6
1186,78,14,98,6,6.457784687804565,8
1187,6,10,28,4,6.452419128804086,6
1188,4,20,87,7,6.445923142452618,13
1189,41,20,109,7,6.432688342356182,13
1190,40,16,33,5,6.427211772717694,11
1191,91,18,54,8,6.414686940093468,10
1192,106,13,77,6,6.407119934187455,7
1193,80,20,37,8,6.401050818487373,12
1194,54,45,109,17,6.380200377092308,28
1195,7,21,56,9,6.361794853449644,12
1196,41,15,28,6,6.359689551305939,9
1197,92,13,27,6,6.356396578041118,7
1198,85,17,96,5,6.345069391274802,12
1199,62,22,40,11,6.34058891485694,11
1200,33,13,23,5,6.330114552953447,8
1201,54,14,112,5,6.3267118256224935,9
1202,64,22,8,8,6.316286000866925,14
1203,47,25,88,11,6.30940951414976,14
1204,88,25,57,11,6.308509689840414,14
1205,13,61,87,23,6.302384648925379,38
1206,39,16,83,6,6.297771796270439,10
1207,94,11,35,5,6.295790159546813,6
1208,16,87,87,36,6.294646679879138,51
1209,70,16,64,5,6.286009204558742,11
1210,41,11,102,4,6.282861273718874,7
1211,86,21,4,8,6.2794844995496994,13
1212,78,20,7,9,6.276730085848355,11
1213,20,45,5,17,6.270373633442785,28
1214,69,11,96,4,6.268969865653719,7
1215,104,24,100,9,6.26669912958639,15
1216,15,12,95,5,6.265255655621163,7
1217,77,17,88,7,6.264530601131227,10
1218,92,22,39,10,6.263991845659126,12
1219,13,45,23,20,6.238267851069181,25
1220,114,48,5,20,6.237633533478721,28
1221,64,33,65,14,6.233889248800645,19
1222,104,41,50,16,6.230364171354915,25
1223,16,42,91,15,6.227187272730326,27
1224,109,10,62,3,6.224068902567428,7
1225,47,14,28,6,6.211297191624255,8
1226,8,56,63,24,6.209822348869131,32
1227,35,15,84,6,6.209299301194261,9
1228,39,27,38,11,6.2054678464741535,16
1229,74,28,70,13,6.203999405338755,15
1230,16,40,49,16,6.203384309935931,24
1231,81,14,69,6,6.2015178700162785,8
1232,63,28,2,12,6.200018491851485,16
1233,76,39,107,13,6.198627172224359,26
1234,98,21,49,9,6.187949327027538,12
1235,91,12,71,5,6.187474142289449,7
1236,55,14,35,6,6.181710197353361,8
1237,97,23,76,10,6.171425808149794,13
1238,57,21,102,9,6.169321397774083,12
1239,15,20,3,9,6.168197310846255,11
1240,13,47,36,18,6.167141158071529,29
1241,20,11,38,3,6.161885029448885,8
1242,16,24,108,9,6.148582612448618,15
1243,68,13,33,5,6.145832331304968,8
1244,81,34,13,13,6.133078295186986,21
1245,54,31,68,12,6.129451922490282,19
1246,100,44,51,21,6.1282339103147585,23
1247,41,11,94,4,6.12514452139477,7
1248,25,35,88,12,6.123879676950231,23
1249,81,13,31,4,6.117159791325403,9
1250,90,12,7,5,6.108519045195328,7
1251,75,17,84,7,6.100134417881318,10
1252,10,13,87,5,6.098821416398097,8
1253,111,23,107,11,6.08814286411973,12
1254,27,37,51,14,6.085616170220784,23
1255,70,29,20,11,6.080511379179193,18
1256,55,10,69,4,6.075582313218194,6
1257,69,34,86,14,6.07493667313256,20
1258,23,27,41,11,6.068042449918637,16
1259,102,19,51,8,6.04652873125996,11
1260,63,24,18,9,6.046455003215173,15
1261,70,15,93,6,6.04469500542117,9
1262,94,11,88,4,6.041461864182689,7
1263,8,16,32,7,6.041444852098721,9
1264,12,23,107,8,6.037067737625527,15
1265,27,14,114,6,6.034743873961818,8
1266,7,24,98,9,6.0336860037819795,15
1267,75,31,31,14,6.033482134287373,17
1268,64,38,86,16,6.030765339147399,22
1269,91,17,50,6,6.027790824025911,11
1270,95,20,46,8,6.027785407812038,12
1271,65,23,3,9,6.026934943225481,14
1272,80,33,55,15,6.024950901743931,18
1273,63,33,13,14,6.024739641852312,19
1274,65,61,88,23,6.004362907857696,38
1275,37,19,100,7,6.000890669706824,12
1276,107,32,3,15,5.999011076330673,17
1277,114,25,31,11,5.991876520395493,14
1278,64,20,18,8,5.974775055211904,12
1279,69,12,54,5,5.973066602774385,7
1280,97,18,40,7,5.966918416140386,11
1281,104,19,17,8,5.965485227876699,11
1282,68,52,53,21,5.964244334939563,31
1283,62,13,8,4,5.96110102258686,9
1284,12,21,68,8,5.954750290252033,13
1285,97,12,10,6,5.950831581917705,6
1286,33,15,7,7,5.9471342175078945,8
1287,28,15,53,6,5.9457443646332715,9
1288,74,10,43,5,5.941779824004124,5
1289,63,13,10,5,5.94033318775015,8
1290,57,15,40,6,5.936628176580016,9
1291,37,45,63,18,5.933785173114154,27
1292,100,28,39,12,5.931884452501854,16
1293,8,30,9,15,5.931176874194081,15
1294,103,15,79,6,5.924794393548496,9
1295,73,20,114,8,5.924435121305103,12
1296,109,27,55,13,5.923431655873009,14
1297,112,16,29,7,5.922867160258866,9
1298,107,29,62,14,5.921546438225422,15
1299,93,10,63,4,5.9175632502755855,6
1300,47,23,68,9,5.915128475524724,14
1301,41,15,45,5,5.9144627061547626,10
1302,84,27,57,13,5.910397185802947,14
1303,69,10,25,4,5.903986394303471,6
1304,16,43,100,17,5.896628103488299,26
1305,46,12,1,6,5.891865749051654,6
1306,74,34,84,16,5.891399521581718,18
1307,109,19,34,8,5.8910600256239505,11
1308,64,34,51,14,5.888421423830696,20
1309,46,12,36,5,5.882094180819339,7
1310,97,27,68,11,5.880460614845399,16
1311,28,12,31,5,5.87633787823225,7
1312,62,17,9,7,5.86600144742425,10
1313,54,36,95,16,5.865979569344106,20
1314,34,17,7,7,5.863504951401833,10
1315,7,20,112,8,5.8633899504874805,12
1316,72,10,114,5,5.860000941124309,5
1317,104,37,55,15,5.856904127783749,22
1318,74,37,46,14,5.850135921281393,23
1319,108,10,65,5,5.847992745343311,5
1320,28,17,94,6,5.821481138029022,11
1321,40,16,5,7,5.820527251695649,9
1322,43,19,19,7,5.812505793153206,12
1323,80,28,106,11,5.812470547213421,17
1324,79,13,20,5,5.810117746469002,8
1325,91,19,31,7,5.801858258461766,12
1326,74,28,55,12,5.797157459674129,16
1327,98,26,63,11,5.795644107915217,15
1328,38,16,19,5,5.78310801022648,11
1329,16,19,93,9,5.776545074834794,10
1330,69,20,28,9,5.772064288839902,11
1331,9,19,104,8,5.769857547388705,11
1332,11,19,35,8,5.768399159544,11
1333,71,13,27,5,5.7671503535549125,8
1334,58,13,53,7,5.756559382638666,6
1335,23,13,47,5,5.755142063292807,8
1336,36,12,77,5,5.751140829309578,7
1337,19,11,80,4,5.749943576584892,7
1338,78,10,81,5,5.742474614478736,5
1339,25,42,106,16,5.73768822242091,26
1340,107,64,104,26,5.737421230069909,38
1341,34,11,38,4,5.733514369563806,7
1342,13,48,25,22,5.729332953997915,26
1343,45,14,9,5,5.727853500458987,9
1344,25,26,51,11,5.72613511284895,15
1345,98,13,17,6,5.723425305113809,7
1346,41,18,37,7,5.716493275276269,11
1347,23,11,102,5,5.7160538226538815,6
1348,74,22,109,8,5.703058853572775,14
1349,53,17,62,7,5.701449545318567,10
1350,47,18,86,7,5.697686731101679,11
1351,27,22,63,10,5.696621529236672,12
1352,70,10,32,5,5.692479372096213,5
1353,106,46,5,18,5.689619439430471,28
1354,30,25,55,10,5.686463879094618,15
1355,63,23,38,8,5.685369937239836,15
1356,102,10,95,4,5.685319962340818,6
1357,54,11,12,5,5.67450373056912,6
1358,94,10,25,5,5.671887186214519,5
1359,75,39,37,14,5.670197882049105,25
1360,16,31,99,13,5.665818337043021,18
1361,54,11,82,4,5.664278302313932,7
1362,9,13,61,5,5.652969843590383,8
1363,86,87,88,36,5.651261944060885,51
1364,4,10,97,4,5.649870700339136,6
1365,39,13,97,5,5.649731064357227,8
1366,73,23,74,9,5.649045009007229,14
1367,57,27,39,12,5.644327608159103,15
1368,28,22,3,9,5.641703705085423,13
1369,108,14,98,6,5.640790264148573,8
1370,29,14,34,6,5.633028321907441,8
1371,75,46,51,20,5.632745764536371,26
1372,75,43,9,17,5.6326941278183265,26
1373,86,28,73,13,5.62531345595925,15
1374,5,21,17,7,5.625033929201379,14
1375,19,10,5,4,5.623378775596127,6
1376,47,37,13,15,5.620628318875079,22
1377,95,26,50,11,5.619957219349123,15
1378,19,14,78,6,5.618762066650021,8
1379,16,48,50,20,5.617696720442929,28
1380,28,29,76,13,5.615688910158878,16
1381,30,14,90,6,5.614315415339312,8
1382,100,15,50,6,5.612526049660052,9
1383,70,17,98,6,5.604121247592221,11
1384,13,12,103,5,5.59714648408255,7
1385,89,13,53,6,5.5817208357882135,7
1386,14,14,88,6,5.580858903619985,8
1387,11,18,51,9,5.57971841586598,9
1388,39,18,81,7,5.577412628644603,11
1389,16,24,79,10,5.575625932552134,14
1390,7,23,38,10,5.57543888103377,13
1391,42,11,69,5,5.570250078296481,6
1392,37,60,104,24,5.563475261062019,36
1393,31,10,95,4,5.5581891593402775,6
1394,46,11,4,5,5.55622187464566,6
1395,8,41,25,16,5.550067480025434,25
1396,36,53,31,23,5.548564460468652,30
1397,25,18,84,7,5.5466876181289715,11
1398,20,22,2,9,5.544865436021075,13
1399,86,51,75,23,5.544222274149607,28
1400,65,26,69,11,5.540534749641236,15
1401,15,12,30,5,5.538463534767753,7
1402,106,31,23,15,5.535479536227778,16
1403,100,15,103,7,5.534796544885517,8
1404,60,11,62,4,5.531153387901844,7
1405,114,45,68,19,5.528966703625285,26
1406,33,14,102,6,5.525239013163607,8
1407,28,33,7,13,5.522079859732702,20
1408,26,20,13,7,5.520285333416165,13
1409,62,10,20,4,5.517288163699186,6
1410,87,59,37,24,5.516733087496062,35
1411,28,35,9,16,5.5146514821295405,19
1412,95,19,83,7,5.510188596504647,12
1413,32,13,109,6,5.5080518973086185,7
1414,76,16,60,5,5.507711057627658,11
1415,3,15,18,5,5.503820701501032,10
1416,107,36,43,14,5.503098905534004,22
1417,67,10,102,4,5.49724656177184,6
1418,65,49,40,21,5.488110460552834,28
1419,114,23,70,9,5.484820175107314,14
1420,14,10,75,4,5.479308338136782,6
1421,62,17,51,7,5.468238395489335,10
1422,5,31,51,11,5.465657211287606,20
1423,89,15,88,7,5.460084177073363,8
1424,71,14,76,7,5.456476326439047,7
1425,75,43,71,16,5.454468163058883,27
1426,97,18,57,8,5.45235309786646,10
1427,102,14,91,6,5.440897571438716,8
1428,71,29,68,11,5.435653336862236,18
1429,49,11,37,5,5.40579366661915,6
1430,4,11,58,4,5.405037105567146,7
1431,9,11,66,5,5.404825557202403,6
1432,84,10,64,3,5.401793074305331,7
1433,54,31,90,13,5.397442007333916,18
1434,100,40,86,19,5.388083386718925,21
1435,41,19,112,8,5.382218168204769,11
1436,20,31,51,15,5.374467949047245,16
1437,75,30,63,13,5.362343223381901,17
1438,7,35,97,16,5.356987360153851,19
1439,108,15,27,6,5.3523218888512964,9
1440,97,14,102,5,5.335160623731844,9
1441,44,13,76,5,5.332854064702134,8
1442,76,14,62,6,5.322243155198474,8
1443,87,30,57,12,5.318358141337941,18
1444,28,13,49,6,5.31428031912519,7
1445,51,49,84,20,5.314265702072516,29
1446,48,27,87,11,5.3093887066916015,16
1447,107,19,66,8,5.307859110353934,11
1448,111,25,55,10,5.307717141421055,15
1449,49,28,60,12,5.30016670289431,16
1450,40,49,39,20,5.294535177326297,29
1451,99,21,86,8,5.291638236148403,13
1452,14,19,28,7,5.288795345484194,12
1453,78,24,60,11,5.286066640363099,13
1454,56,11,88,5,5.280224334897691,6
1455,8,26,100,10,5.278781496523967,16
1456,28,11,92,4,5.26619903758234,7
1457,104,51,28,22,5.259412551866781,29
1458,35,11,31,5,5.255104723881263,6
1459,100,12,76,6,5.247422447073434,6
1460,28,24,100,9,5.2470243708497994,15
1461,103,20,16,8,5.2462346597172855,12
1462,53,12,100,5,5.245979720718175,7
1463,25,26,40,11,5.242222631716463,15
1464,98,15,40,7,5.239271076053035,8
1465,65,15,14,7,5.239230657167624,8
1466,52,14,16,6,5.238731564661996,8
1467,91,21,25,9,5.236778929543691,12
1468,43,29,94,13,5.2362530374368665,16
1469,15,19,104,8,5.235404007755863,11
1470,15,20,27,8,5.234866794800826,12
1471,20,37,96,15,5.229501973456113,22
1472,35,11,5,5,5.226534281744142,6
1473,54,54,106,25,5.222938310920249,29
1474,53,29,112,14,5.221677411254142,15
1475,27,19,49,8,5.220354997526445,11
1476,40,22,37,10,5.2189812618502875,12
1477,20,18,76,9,5.218902337593747,9
1478,49,12,55,5,5.21558348601229,7
1479,33,12,91,6,5.213867650447791,6
1480,16,36,53,14,5.201094174764711,22
1481,46,25,39,13,5.196853389468722,12
1482,40,13,113,5,5.193726392686624,8
1483,6,10,71,4,5.193692278292729,6
1484,63,23,23,9,5.190793013982739,14
1485,13,15,102,5,5.1877642091018785,10
1486,75,17,97,7,5.183439015487436,10
1487,19,15,57,6,5.179432440967374,9
1488,75,26,47,9,5.17693162231529,17
1489,107,60,20,26,5.163543558398883,34
1490,91,11,56,5,5.1601828143932735,6
1491,67,12,5,5,5.159840528973067,7
1492,111,14,39,6,5.158992286191915,8
1493,35,16,28,8,5.153123660542302,8
1494,76,28,50,10,5.151966096130058,18
1495,106,24,9,10,5.150083731218861,14
1496,44,15,88,7,5.148664566159752,8
1497,35,12,51,5,5.14727626674268,7
1498,100,22,112,10,5.147009218037666,12
1499,3,18,29,7,5.138991933006876,11
1500,40,12,69,4,5.137627663794988,8
1501,36,21,3,8,5.136055944816986,13
1502,40,30,58,14,5.133397385337812,16
1503,65,45,9,18,5.129160653393479,27
1504,11,22,98,10,5.122669345045474,12
1505,75,18,4,7,5.112428644465592,11
1506,55,23,70,10,5.1032220329288345,13
1507,28,13,108,6,5.102919930198642,7
1508,23,19,100,7,5.096795040845655,12
1509,53,25,104,11,5.0942603831986055,14
1510,1,25,51,11,5.088840176447445,14
1511,32,10,20,3,5.082163415292109,7
1512,85,12,65,5,5.080554075846518,7
1513,10,17,86,8,5.075771557978404,9
1514,90,13,33,5,5.072843762888294,8
1515,46,17,65,6,5.066104910854949,11
1516,84,23,29,10,5.063232995693045,13
1517,15,28,68,11,5.056650352698314,17
1518,55,29,63,13,5.056066807562624,16
1519,65,78,107,33,5.05228805857697,45
1520,15,20,81,9,5.052153784691686,11
1521,28,13,27,4,5.05119454239968,9
1522,11,14,79,7,5.038711911658494,7
1523,65,12,52,4,5.0369958566437525,8
1524,86,30,62,13,5.023872829173723,17
1525,81,14,63,6,5.016441825370756,8
1526,103,14,87,5,5.013759520616853,9
1527,69,14,3,5,5.009117340423518,9
1528,93,26,5,10,5.004460526821323,16
1529,7,41,106,20,5.003800212982272,21
1530,104,30,63,13,4.993963037729944,17
1531,74,15,71,7,4.993812181109021,8
1532,114,15,81,7,4.993414377265688,8
1533,100,16,49,8,4.993336527033417,8
1534,50,23,31,10,4.99199978599778,13
1535,7,30,47,12,4.980252625346256,18
1536,41,42,68,18,4.9651675063741685,24
1537,40,49,107,19,4.964616090179718,30
1538,109,16,38,6,4.964461961570972,10
1539,96,23,90,9,4.963939687748078,14
1540,8,65,87,28,4.963435920777695,37
1541,13,32,8,13,4.955794878282507,19
1542,16,103,7,45,4.951928398872167,58
1543,56,19,68,9,4.94813216675333,10
1544,51,15,6,6,4.9453303449739225,9
1545,93,27,28,10,4.941127481170006,17
1546,114,22,9,7,4.931319071415342,15
1547,86,40,36,17,4.927433251240005,23
1548,74,56,106,24,4.924754963776778,32
1549,54,12,108,4,4.909695920764135,8
1550,38,12,28,6,4.907164394244691,6
1551,23,14,104,5,4.897799558060741,9
1552,16,34,43,13,4.892938270825966,21
1553,69,11,95,4,4.882909765417961,7
1554,16,49,37,21,4.875150740770066,28
1555,27,39,86,15,4.874385425148463,24
1556,85,12,88,5,4.8737543176102305,7
1557,37,54,106,25,4.865641247327302,29
1558,5,10,89,3,4.86246564090175,7
1559,52,12,107,4,4.861262849981809,8
1560,60,10,79,4,4.860077671823909,6
1561,86,55,104,24,4.860072856889098,31
1562,97,12,32,5,4.851459349576839,7
1563,49,14,15,6,4.850153982450124,8
1564,11,35,54,15,4.848696271718109,20
1565,83,20,64,9,4.840996077098241,11
1566,1,21,54,9,4.840521848687888,12
1567,18,41,75,18,4.835583954062303,23
1568,87,15,52,7,4.832747531124254,8
1569,8,15,67,6,4.831909846155583,9
1570,31,19,25,9,4.823839301099763,10
1571,14,15,54,5,4.820525855929132,10
1572,107,26,69,11,4.8204696774136995,15
1573,74,11,85,5,4.812388004493803,6
1574,83,30,8,14,4.811627367676455,16
1575,6,12,106,5,4.810944704219048,7
1576,2,25,106,11,4.808494527305082,14
1577,96,13,108,6,4.805162668071275,7
1578,75,44,88,18,4.804702938088107,26
1579,16,11,56,4,4.8021414027227,7
1580,75,22,96,7,4.801381492311931,15
1581,68,16,6,6,4.799676836342988,10
1582,111,11,25,5,4.797175922879397,6
1583,52,13,20,5,4.795236183864801,8
1584,9,17,1,9,4.794059502939978,8
1585,76,33,5,14,4.788314400539968,19
1586,87,48,50,22,4.77809392160859,26
1587,9,12,5,5,4.777710715122403,7
1588,46,12,29,7,4.775703546529657,5
1589,114,14,94,7,4.775696268753724,7
1590,78,13,34,6,4.775374082125242,7
1591,30,30,68,14,4.772546445353642,16
1592,90,13,70,6,4.771084444295362,7
1593,12,15,31,7,4.770632464521183,8
1594,43,27,88,11,4.769070275262687,16
1595,6,16,27,7,4.762765446713923,9
1596,64,31,41,12,4.758473174288668,19
1597,93,16,50,6,4.755526241513054,10
1598,90,30,5,12,4.752640516818983,18
1599,87,67,65,28,4.751181720183053,39
1600,41,26,69,9,4.748815562050703,17
1601,25,16,77,7,4.745845616411638,9
1602,77,16,87,7,4.745116036514711,9
1603,97,11,3,4,4.740273088979023,7
1604,8,41,46,19,4.737192297274268,22
1605,19,17,86,7,4.7362233460056355,10
1606,68,19,8,8,4.73543967269736,11
1607,6,11,46,5,4.730994669309113,6
1608,15,14,75,5,4.729161606780822,9
1609,78,22,107,9,4.7251046015466605,13
1610,28,37,18,17,4.710953949587104,20
1611,43,16,71,8,4.70977023229907,8
1612,20,23,46,8,4.708713070266485,15
1613,11,14,80,6,4.704407754517106,8
1614,13,34,1,13,4.702199298952772,21
1615,55,45,60,20,4.699539635247214,25
1616,51,13,58,6,4.6987757235739265,7
1617,16,60,68,23,4.69433729993708,37
1618,97,10,62,4,4.689387738532959,6
1619,43,25,87,11,4.687673727620403,14
1620,71,16,5,7,4.686451238703377,9
1621,39,55,49,22,4.682479403911857,33
1622,77,22,18,8,4.676567510317278,14
1623,13,48,64,23,4.67021662986664,25
1624,52,12,8,5,4.669562642233978,7
1625,55,46,11,18,4.666774926715096,28
1626,80,13,64,6,4.665596394208,7
1627,55,14,98,5,4.662824671110214,9
1628,16,110,51,49,4.657803301271169,61
1629,25,15,47,7,4.655390231832646,8
1630,62,11,19,4,4.655004168981812,7
1631,51,16,112,7,4.651691136811714,9
1632,27,15,25,7,4.649655011418165,8
1633,63,39,96,15,4.649023449526137,24
1634,6,21,16,10,4.642825718029857,11
1635,73,14,13,6,4.642713338622983,8
1636,73,19,109,8,4.637139105733967,11
1637,60,22,25,10,4.636282806493916,12
1638,106,15,110,7,4.633960085739299,8
1639,94,23,87,10,4.631426030648438,13
1640,58,13,63,7,4.62886931152221,6
1641,39,20,77,9,4.6274080055412945,11
1642,30,14,108,6,4.615023887291243,8
1643,60,22,96,7,4.611190930914724,15
1644,107,46,9,21,4.60932354627833,25
1645,37,72,86,32,4.607837359690983,40
1646,88,10,66,4,4.60434245546846,6
1647,7,35,3,14,4.603775118928216,21
1648,88,62,68,26,4.601971796539838,36
1649,23,11,30,5,4.601908928188203,6
1650,77,13,95,6,4.60149322445291,7
1651,50,32,96,14,4.592653394244439,18
1652,60,30,8,14,4.584471076654316,16
1653,28,25,71,10,4.584215619303489,15
1654,99,16,65,7,4.579704538683142,9
1655,7,23,58,11,4.575034525669344,12
1656,99,14,95,6,4.572737764013027,8
1657,62,15,69,7,4.572031014776806,8
1658,99,16,104,8,4.5627492392393,8
1659,43,18,5,8,4.5592775438308895,10
1660,70,15,23,7,4.554568026577778,8
1661,8,20,27,8,4.551888772342851,12
1662,83,15,46,7,4.551826612706301,8
1663,99,18,15,7,4.551461310618723,11
1664,28,16,85,7,4.545964613502572,9
1665,12,19,3,7,4.543846245794999,12
1666,8,24,102,11,4.537070383836359,13
1667,27,32,87,14,4.535051572204843,18
1668,106,23,75,11,4.532198108241345,12
1669,50,71,28,30,4.530365152854881,41
1670,100,11,1,5,4.524502828746237,6
1671,27,53,68,23,4.520595559414033,30
1672,37,43,55,20,4.516821858156878,23
1673,11,12,29,6,4.5142833194159175,6
1674,28,16,29,7,4.513248021932702,9
1675,80,10,69,5,4.508733977407145,5
1676,75,20,112,8,4.4989690721071325,12
1677,7,97,88,43,4.494661432270667,54
1678,93,15,37,6,4.493445665639034,9
1679,16,102,107,39,4.491862341070498,63
1680,34,15,27,7,4.4853072344681015,8
1681,7,46,64,21,4.481240056988839,25
1682,34,22,16,9,4.479454615092594,13
1683,95,33,107,15,4.475609109265348,18
1684,96,31,25,14,4.4728328775528,17
1685,91,10,57,5,4.468260927215541,5
1686,37,18,32,8,4.466542082918521,10
1687,3,15,50,7,4.464463620895282,8
1688,107,23,47,10,4.459572238589974,13
1689,77,11,97,4,4.4549011553839994,7
1690,50,12,73,4,4.454782630059153,8
1691,95,44,16,20,4.453378575583387,24
1692,7,67,31,29,4.4532123702344615,38
1693,6,12,12,6,4.448996636056325,6
1694,2,42,50,18,4.448957186147168,24
1695,13,33,37,14,4.448467961015427,19
1696,95,15,109,6,4.444131433700797,9
1697,45,11,88,4,4.4416566980945715,7
1698,30,33,60,12,4.440049072831526,21
1699,3,13,112,6,4.431324508959898,7
1700,23,14,20,6,4.42777867543601,8
1701,102,20,87,8,4.423994697827657,12
1702,75,40,39,19,4.421810426771486,21
1703,16,39,62,15,4.421453546972002,24
1704,99,30,13,13,4.420966828834258,17
1705,7,64,53,28,4.416213736910661,36
1706,64,12,57,5,4.409680008541512,7
1707,114,20,64,8,4.407773657880817,12
1708,28,32,102,14,4.400334973714718,18
1709,64,29,63,13,4.394960955961679,16
1710,111,20,86,8,4.3910837466552355,12
1711,51,26,43,12,4.390788502279346,14
1712,65,23,76,9,4.385586505985178,14
1713,90,18,17,9,4.380128430106854,9
1714,87,33,25,15,4.379098196808542,18
1715,86,59,39,28,4.3786884201575225,31
1716,9,23,84,10,4.377008558892652,13
1717,60,13,98,6,4.372454949323835,7
1718,55,24,9,10,4.371040618945099,14
1719,55,13,58,6,4.369004483506264,7
1720,40,23,23,10,4.368423326803309,13
1721,74,15,9,6,4.367415226980942,9
1722,33,13,11,7,4.365968233102095,6
1723,95,20,23,9,4.3618962627692595,11
1724,64,31,71,12,4.35947313780117,19
1725,64,16,100,6,4.355062992024106,10
1726,65,16,6,7,4.346168811124812,9
1727,70,29,65,11,4.343984179663613,18
1728,60,12,22,5,4.334241842742782,7
1729,95,19,41,8,4.332143979792177,11
1730,98,23,37,10,4.327931130640237,13
1731,4,22,40,10,4.316643149060896,12
1732,70,14,71,7,4.315612188206775,7
1733,97,23,17,10,4.3134285513049555,13
1734,17,19,20,8,4.3112321942034,11
1735,50,10,52,5,4.308197298973349,5
1736,16,42,71,17,4.305176391927468,25
1737,13,80,107,36,4.302477990099946,44
1738,20,22,109,8,4.302333411252667,14
1739,106,27,53,13,4.302319600135898,14
1740,25,28,54,12,4.300413553073274,16
1741,20,21,44,9,4.299103845073809,12
1742,30,30,54,13,4.29530490019164,17
1743,20,63,54,30,4.290782184792432,33
1744,78,19,54,8,4.289939322497262,11
1745,104,75,65,34,4.2790290823471295,41
1746,9,27,54,12,4.272544772651765,15
1747,33,12,96,7,4.271042933020869,5
1748,19,24,39,12,4.269849668974437,12
1749,108,16,60,7,4.267590404557525,9
1750,91,30,107,12,4.264126621091653,18
1751,51,15,38,6,4.261652425824847,9
1752,104,17,80,8,4.256665633473226,9
1753,9,12,29,5,4.247154248113977,7
1754,27,19,3,10,4.243821513516775,9
1755,106,14,34,7,4.243674039664675,7
1756,31,12,74,5,4.240578281890586,7
1757,109,10,47,4,4.236742850593238,6
1758,17,15,43,7,4.236669826180697,8
1759,23,12,48,5,4.227938531173128,7
1760,71,11,44,5,4.223524348839462,6
1761,4,19,18,8,4.220670692754494,11
1762,87,21,31,10,4.220659397575877,11
1763,86,59,46,23,4.218640718519183,36
1764,65,56,36,24,4.205692860728479,32
1765,15,11,40,5,4.201647176656486,6
1766,13,70,40,31,4.18989591600041,39
1767,30,13,109,5,4.185496549607356,8
1768,23,27,25,12,4.182190113226028,15
1769,80,18,7,7,4.182061930373814,11
1770,16,34,84,15,4.177116652788804,19
1771,46,51,54,22,4.174748314759056,29
1772,29,28,87,11,4.173536785312368,17
1773,83,40,5,19,4.163709904424501,21
1774,28,60,84,26,4.150279635735803,34
1775,99,12,17,5,4.14837583337694,7
1776,55,58,65,26,4.147778374969592,32
1777,84,18,76,8,4.146116027740745,10
1778,20,13,73,5,4.146065391689569,8
1779,13,28,77,12,4.1425538330063505,16
1780,53,47,71,20,4.141303557057986,27
1781,88,53,9,23,4.139791770697589,30
1782,71,11,20,4,4.13643055739397,7
1783,49,19,9,9,4.13427318738577,10
1784,112,16,94,6,4.1306598471384035,10
1785,45,22,65,11,4.1259231703887,11
1786,13,62,46,26,4.124756823653082,36
1787,3,12,46,6,4.120061864952646,6
1788,7,12,2,5,4.115660194227726,7
1789,97,30,63,13,4.107378727934806,17
1790,93,14,109,6,4.103558953267082,8
1791,83,20,93,9,4.100880722204593,11
1792,20,24,35,10,4.098728722002914,14
1793,15,25,107,9,4.092385856197937,16
1794,36,11,19,5,4.088590218421688,6
1795,74,22,50,10,4.086243740312162,12
1796,86,117,5,51,4.074944655375778,66
1797,11,12,34,6,4.072817944161177,6
1798,87,38,60,18,4.07068260924909,20
1799,43,10,95,4,4.063398320607949,6
1800,23,26,76,12,4.056106643228995,14
1801,32,10,40,5,4.050021677419869,5
1802,23,43,88,17,4.047882049914368,26
1803,7,21,50,10,4.045740478776832,11
1804,98,26,76,11,4.039201436166646,15
1805,1,10,43,5,4.038976715758721,5
1806,43,16,104,8,4.037704614766143,8
1807,9,18,38,8,4.035727579019442,10
1808,77,13,64,7,4.031037841312949,6
1809,71,13,47,6,4.030916530509353,7
1810,39,49,53,21,4.016611432547999,28
1811,104,44,51,17,4.0154244082227635,27
1812,8,20,110,8,4.013172679497404,12
1813,55,36,54,17,4.011039158800403,19
1814,66,12,31,5,4.008754872558654,7
1815,100,26,7,11,4.007756687202791,15
1816,30,33,71,15,4.006253796204616,18
1817,31,16,112,6,4.001730552260451,10
1818,60,18,97,9,3.9792005525226366,9
1819,84,16,19,7,3.97722373483422,9
1820,96,12,14,5,3.975747798085754,7
1821,17,18,63,8,3.9668490280440634,10
1822,13,89,51,41,3.963822887097114,48
1823,74,24,93,11,3.9601017688790825,13
1824,30,13,35,6,3.9583115712431316,7
1825,65,34,17,13,3.9540701507148905,21
1826,88,50,104,21,3.9536343834384886,29
1827,9,45,86,19,3.945093339569097,26
1828,6,11,40,5,3.9442678680230823,6
1829,3,11,93,6,3.9394735942906975,5
1830,80,10,97,4,3.9365866928471034,6
1831,97,35,16,16,3.9340820840887147,19
1832,57,11,50,4,3.9290278222481443,7
1833,16,115,86,49,3.928159371089199,66
1834,13,26,78,11,3.926307249939249,15
1835,5,28,2,12,3.923277825320168,16
1836,37,38,70,16,3.9227382855891664,22
1837,89,13,86,7,3.91749283769541,6
1838,79,13,54,5,3.90846253808764,8
1839,102,26,37,11,3.9015784283610255,15
1840,28,23,57,10,3.897117570901977,13
1841,30,17,38,6,3.8932796799126637,11
1842,87,28,49,14,3.8881049860589325,14
1843,28,27,17,12,3.885054779321747,15
1844,11,73,86,33,3.8770029700163966,40
1845,68,17,109,6,3.8661451047117263,11
1846,41,25,114,12,3.854494902198664,13
1847,65,34,111,14,3.8475275648066685,20
1848,18,23,31,11,3.843025830767866,12
1849,15,28,65,12,3.8402623673408756,16
1850,20,26,7,12,3.839940256500117,14
1851,38,13,46,5,3.833859769343221,8
1852,7,44,55,18,3.8332053851440007,26
1853,43,13,8,6,3.832590073745516,7
1854,91,26,13,12,3.831748260733109,14
1855,70,30,51,14,3.8297117807076555,16
1856,7,91,86,38,3.829211308511208,53
1857,44,16,87,7,3.8267549460576484,9
1858,4,11,3,5,3.825046392091852,6
1859,44,14,64,6,3.8242226428845654,8
1860,55,21,4,10,3.821660634263142,11
1861,5,28,91,11,3.8146250930665166,17
1862,110,16,5,7,3.8138584796050923,9
1863,15,17,100,8,3.8067436252412934,9
1864,100,48,107,24,3.805986534344156,24
1865,107,57,55,26,3.801759981148568,31
1866,64,17,3,7,3.801459101897862,10
1867,20,13,104,5,3.7974160411444706,8
1868,80,13,60,6,3.7883602235098173,7
1869,94,12,37,5,3.788108137633396,7
1870,7,10,93,5,3.7802315490169653,5
1871,22,10,27,4,3.779408602150734,6
1872,107,48,23,22,3.7778307981128205,26
1873,104,13,92,7,3.7768187223532306,6
1874,63,19,4,8,3.775833657808686,11
1875,15,22,54,11,3.7704013204125926,11
1876,51,33,109,12,3.752003613096799,21
1877,53,42,40,19,3.7429391558119995,23
1878,1,13,4,5,3.736039087851971,8
1879,86,65,25,30,3.735239092039536,35
1880,87,30,19,13,3.724574535053195,17
1881,89,14,60,7,3.7237634526579124,7
1882,15,21,5,8,3.714734226349825,13
1883,106,17,43,8,3.7068539679712273,9
1884,107,35,38,15,3.6995303509541118,20
1885,16,94,65,41,3.6992360084989437,53
1886,23,19,28,9,3.6970356039584393,10
1887,114,37,51,18,3.6824882422691596,19
1888,34,19,55,9,3.680955248563573,10
1889,101,14,68,5,3.6742625668258913,9
1890,80,25,87,11,3.671802865102301,14
1891,88,32,18,15,3.671365875253385,17
1892,108,26,51,12,3.669690549423147,14
1893,39,24,31,10,3.6610558433956157,14
1894,49,33,86,16,3.658017569424131,17
1895,97,33,96,16,3.657438935158263,17
1896,90,10,71,5,3.6561036030201253,5
1897,107,21,32,10,3.6546977761524686,11
1898,109,15,9,8,3.6538651478462696,7
1899,86,35,112,15,3.6519339014109726,20
1900,17,11,18,6,3.651905683853181,5
1901,27,13,50,5,3.6503401008022798,8
1902,14,10,70,5,3.647042134114848,5
1903,54,51,51,23,3.6412061491233527,28
1904,112,13,69,6,3.640201196896185,7
1905,27,17,112,8,3.6269524973615406,9
1906,43,19,18,10,3.6267699505365183,9
1907,80,26,28,12,3.6230809501897743,14
1908,55,13,94,6,3.6120696685756317,7
1909,91,19,18,8,3.601007419787661,11
1910,58,13,71,6,3.5901555481142546,7
1911,97,10,95,4,3.58943247133478,6
1912,61,16,60,8,3.58082656290379,8
1913,20,50,28,22,3.578415489537416,28
1914,3,18,57,8,3.574243211556378,10
1915,16,22,38,8,3.5724883088865464,14
1916,103,13,19,6,3.5711070394547213,7
1917,79,13,108,5,3.562523700236059,8
1918,64,11,33,4,3.5581108018586245,7
1919,28,19,36,9,3.5549996153541237,10
1920,23,13,57,6,3.554408044637193,7
1921,30,13,4,6,3.554167963462701,7
1922,62,26,71,12,3.5527257568780746,14
1923,53,49,65,23,3.552341058928982,26
1924,87,96,107,43,3.540297368137852,53
1925,40,65,36,28,3.5400829247343655,37
1926,44,15,7,7,3.5352660207554516,8
1927,93,17,25,8,3.5300397889756283,9
1928,87,23,97,9,3.5298267728440083,14
1929,16,39,17,15,3.5193037187836715,24
1930,84,10,69,4,3.511765515832677,6
1931,8,38,104,17,3.50734140656749,21
1932,49,10,33,4,3.5057518320537766,6
1933,74,16,23,7,3.505315761927058,9
1934,1,12,39,7,3.502316135418237,5
1935,37,13,108,6,3.501919723771849,7
1936,49,18,63,8,3.500149915800845,10
1937,50,26,9,11,3.4989626487903873,15
1938,97,36,114,16,3.4948097299506915,20
1939,60,25,95,11,3.491189705369488,14
1940,62,13,36,6,3.489528327052378,7
1941,54,11,103,4,3.4875703394156505,7
1942,36,30,51,14,3.4874600225025074,16
1943,12,18,71,8,3.487442945948432,10
1944,25,20,70,9,3.484518115943736,11
1945,55,16,18,8,3.4810467173744706,8
1946,96,57,54,28,3.4766133859583515,29
1947,73,14,16,7,3.4738693799097953,7
1948,74,60,5,28,3.469996146708342,32
1949,106,49,51,22,3.457607975311814,27
1950,11,27,20,11,3.4556419496334594,16
1951,33,23,5,11,3.454327509177194,12
1952,37,21,23,10,3.453043705748743,11
1953,68,25,46,11,3.449465987108053,14
1954,39,13,14,6,3.4491853918223794,7
1955,95,37,87,17,3.4486313771107997,20
1956,76,28,55,11,3.4438952481653065,17
1957,60,58,40,26,3.4423663485116363,32
1958,114,29,39,14,3.441117211126096,15
1959,102,31,25,14,3.4382241991917164,17
1960,41,14,19,6,3.434202710885185,8
1961,4,12,37,5,3.421871703775507,7
1962,76,18,102,8,3.4198869282915814,10
1963,11,12,97,6,3.419346386793516,6
1964,17,11,36,6,3.4172736451567545,5
1965,65,42,12,20,3.4095028116000385,22
1966,104,26,98,14,3.4091853213510754,12
1967,3,15,78,6,3.406604206642087,9
1968,97,34,65,15,3.4017573029180164,19
1969,55,29,84,13,3.40123055779696,16
1970,4,13,28,6,3.3940824912486867,7
1971,55,50,5,22,3.393419962444802,28
1972,13,26,112,13,3.392352489097591,13
1973,73,10,104,4,3.391491099464731,6
1974,62,19,65,9,3.3909839239840913,10
1975,19,13,88,6,3.388300396354987,7
1976,36,28,55,13,3.383336577257353,15
1977,73,15,98,7,3.380055365181917,8
1978,100,13,44,6,3.3720452657314226,7
1979,109,23,102,10,3.367967756914995,13
1980,11,41,88,18,3.366600706445604,23
1981,112,17,19,7,3.366573611867621,10
1982,40,17,20,7,3.3649339637959645,10
1983,54,25,97,12,3.3648153427656755,13
1984,14,23,8,10,3.3634201583462158,13
1985,54,12,3,6,3.355227899021248,6
1986,88,30,70,13,3.3524090493184278,17
1987,83,10,20,5,3.3478898251644025,5
1988,40,15,91,7,3.345577169162442,8
1989,75,13,33,5,3.342736023465548,8
1990,54,20,98,9,3.3414082574982986,11
1991,68,13,5,6,3.3380294056441144,7
1992,108,17,74,7,3.332088965409244,10
1993,41,19,50,8,3.331657114556134,11
1994,27,16,11,7,3.3310229336615813,9
1995,104,32,54,15,3.328617374285995,17
1996,30,21,18,10,3.316712750453976,11
1997,97,16,84,6,3.316428205809935,10
1998,60,31,75,14,3.3139158628036856,17
1999,28,12,15,6,3.3076634264923883,6
2000,28,29,48,13,3.3030143286202387,16
2001,76,34,104,14,3.3018339509128602,20
2002,104,60,5,28,3.3007473735225052,32
2003,23,36,87,15,3.299045225591567,21
2004,7,50,27,23,3.2964519228876403,27
2005,100,20,74,9,3.2929107546249483,11
2006,100,10,69,5,3.289341908459268,5
2007,90,25,60,10,3.288918313106561,15
2008,108,10,38,4,3.2810871215401916,6
2009,60,49,86,22,3.275471722293173,27
2010,114,13,67,6,3.2746706512348434,7
2011,11,11,78,6,3.2703286160036837,5
2012,13,114,7,52,3.2643026156976367,62
2013,28,56,54,25,3.2622780281799852,31
2014,18,56,53,26,3.2615252410170665,30
2015,76,14,95,6,3.2576515088397957,8
2016,7,24,74,9,3.257493143792888,15
2017,60,29,41,14,3.2551745470437363,15
2018,114,47,25,20,3.2540864225169766,27
2019,107,38,64,18,3.2526423716483417,20
2020,7,19,30,10,3.2523104824501634,9
2021,27,20,94,9,3.2495571612181777,11
2022,72,12,112,6,3.2419070033792714,6
2023,86,108,87,53,3.2407973564526853,55
2024,23,12,81,5,3.240703587077002,7
2025,99,25,60,11,3.2381944591027096,14
2026,107,49,36,23,3.234838704648264,26
2027,60,68,16,31,3.2309192664317186,37
2028,16,18,35,7,3.2305329948687067,11
2029,80,14,68,6,3.230403837276107,8
2030,8,46,51,21,3.2258849231912943,25
2031,4,21,16,11,3.2239938149007976,10
2032,16,25,29,12,3.223647608829416,13
2033,23,55,7,25,3.2229283053761675,30
2034,55,39,28,16,3.2184704312839787,23
2035,64,19,23,9,3.212372911598019,10
2036,51,45,46,20,3.212290911376682,25
2037,17,16,74,7,3.211770551027832,9
2038,50,19,97,8,3.210625734622642,11
2039,60,47,31,24,3.2094707274879264,23
2040,106,28,17,11,3.2039846830051117,17
2041,36,41,39,18,3.1998605067578225,23
2042,88,61,5,29,3.1946532218196624,32
2043,37,54,50,26,3.188335276013606,28
2044,16,26,47,12,3.1797433324518383,14
2045,74,12,30,6,3.175828716417199,6
2046,43,32,7,13,3.1749602918386857,19
2047,106,25,60,10,3.171261503808182,15
2048,110,16,86,7,3.1694821197260503,9
2049,90,14,74,5,3.1680613510289204,9
2050,68,11,48,5,3.1648474660602846,6
2051,86,21,82,9,3.1586560919846263,12
2052,104,51,7,23,3.158219418007504,28
2053,75,23,23,12,3.1487336010920157,11
2054,23,48,65,23,3.1380450881841524,25
2055,112,11,43,5,3.1359235341148524,6
2056,36,11,80,5,3.115857421175661,6
2057,25,25,17,11,3.1106502600539105,14
2058,50,24,4,12,3.110559237136959,12
2059,63,91,86,38,3.106277287763664,53
2060,38,14,18,7,3.1041681623448034,7
2061,109,25,106,12,3.1028448270841773,13
2062,41,15,54,7,3.102250260710982,8
2063,92,15,60,6,3.101629065738582,9
2064,74,13,27,7,3.1002755903304404,6
2065,99,14,68,6,3.1001036150844663,8
2066,64,10,91,4,3.0993479020870796,6
2067,45,14,87,6,3.0862202973256596,8
2068,74,40,63,19,3.0803940829456544,21
2069,109,28,84,12,3.073799704825316,16
2070,74,11,41,6,3.0735662157516845,5
2071,75,30,25,13,3.069551733540898,17
2072,78,11,29,5,3.068035162721388,6
2073,20,22,55,10,3.0673393388469985,12
2074,60,40,114,22,3.0670908685799034,18
2075,71,18,25,8,3.0644100067848146,10
2076,48,14,55,6,3.06362691776684,8
2077,29,27,107,10,3.0624303248850926,17
2078,71,42,86,20,3.060669361739169,22
2079,38,13,96,6,3.0422152322461717,7
2080,25,39,65,16,3.0368934823131175,23
2081,27,12,99,6,3.0280763102634354,6
2082,109,22,76,11,3.021988566444069,11
2083,81,18,18,8,3.0168691904177813,10
2084,49,13,29,6,3.0167276558140452,7
2085,6,27,7,15,3.013941061604383,12
2086,7,16,29,9,3.005492860131707,7
2087,20,47,37,22,3.004985214474966,25
2088,96,14,34,6,3.0017630147825622,8
2089,4,11,69,5,2.999484176661719,6
2090,84,36,106,18,2.9754739608250116,18
2091,49,16,64,8,2.974435618509845,8
2092,36,32,4,13,2.9739066740354185,19
2093,85,16,68,6,2.973610386914133,10
2094,2,21,37,10,2.9697580112694486,11
2095,34,10,67,6,2.9692152425887484,4
2096,28,14,78,7,2.9690904453024123,7
2097,47,11,53,5,2.9672181618537916,6
2098,34,18,13,8,2.9667381266142607,10
2099,25,18,57,8,2.964934950553875,10
2100,114,23,46,10,2.9631435316072405,13
2101,80,16,8,8,2.9519293865537115,8
2102,18,20,65,10,2.9468351166959534,10
2103,41,32,40,15,2.9467288085082743,17
2104,28,57,65,25,2.9366188041670434,32
2105,36,20,87,8,2.935573250897663,12
2106,74,82,86,39,2.921287780715151,43
2107,102,19,106,10,2.9207255392565097,9
2108,13,17,48,8,2.9139461654751586,9
2109,25,12,108,5,2.9132670669268244,7
2110,3,35,68,15,2.909677159948378,20
2111,91,19,37,9,2.9050960547005245,10
2112,114,15,49,8,2.9041454192281644,7
2113,87,26,69,11,2.900139616969508,15
2114,71,13,108,6,2.8992906212622866,7
2115,44,10,70,5,2.8975248911261433,5
2116,13,71,55,33,2.8959426272282824,38
2117,75,24,74,10,2.8903655619324433,14
2118,85,13,16,5,2.881350637135497,8
2119,27,21,75,10,2.874214711599615,11
2120,57,12,53,6,2.8739584447786424,6
2121,87,42,20,20,2.8691206159340576,22
2122,46,23,63,12,2.867241869896345,11
2123,39,35,104,16,2.8536678809946237,19
2124,51,18,99,9,2.853477797374065,9
2125,73,16,96,7,2.8534303980093814,9
2126,34,10,65,5,2.851457666336363,5
2127,97,13,33,6,2.8486496222061595,7
2128,28,13,44,7,2.8461398630992765,6
2129,46,24,76,11,2.8453201116747953,13
2130,15,30,7,16,2.8451548489578506,14
2131,104,33,74,14,2.8329598216365466,19
2132,53,23,81,10,2.832269045840245,13
2133,40,14,109,6,2.8243745319718676,8
2134,18,13,71,6,2.821320109059578,7
2135,64,13,47,5,2.8212403790572256,8
2136,39,12,98,5,2.8139572577793732,7
2137,16,32,80,14,2.812380168004336,18
2138,1,32,36,16,2.8095303452930684,16
2139,99,15,41,7,2.8081672918617278,8
2140,106,14,112,7,2.805082024542767,7
2141,50,20,109,9,2.7980846162026616,11
2142,4,25,114,12,2.797376255941943,13
2143,60,25,15,12,2.796605854193514,13
2144,7,26,1,12,2.7932054952385035,14
2145,100,13,36,6,2.7923934619121087,7
2146,9,15,97,8,2.7891659901703596,7
2147,28,31,91,14,2.785819668061851,17
2148,86,87,84,43,2.7811330297923607,44
2149,5,11,10,6,2.7716738654503197,5
2150,38,11,40,6,2.7715520430648577,5
2151,5,17,77,8,2.765837567194589,9
2152,86,99,28,44,2.7627265154997587,55
2153,39,50,55,22,2.7557845118576987,28
2154,16,28,111,12,2.7556703657470822,16
2155,63,23,112,11,2.746965390570722,12
2156,71,24,51,11,2.7455734518808694,13
2157,68,28,70,13,2.7436175339888784,15
2158,112,12,8,6,2.740736306324458,6
2159,97,22,104,11,2.7396377781056174,11
2160,99,12,63,6,2.7377253409939364,6
2161,65,50,106,23,2.735321183024918,27
2162,75,12,34,6,2.7327928404854553,6
2163,16,76,8,34,2.7297636152330345,42
2164,55,53,88,22,2.721264805593774,31
2165,104,31,70,14,2.720810924975006,17
2166,95,11,80,5,2.7197438471090796,6
2167,49,16,70,8,2.713121422106841,8
2168,41,50,107,21,2.7130435159152007,29
2169,87,15,6,7,2.694438630924357,8
2170,86,81,8,40,2.692628979543156,41
2171,65,40,71,17,2.686780335165667,23
2172,8,25,48,11,2.6857985301597798,14
2173,13,11,35,5,2.684594978225239,6
2174,39,25,5,12,2.679132217269287,13
2175,25,17,44,8,2.673535476281759,9
2176,95,18,75,8,2.672802736686619,10
2177,114,25,74,12,2.666972342657447,13
2178,74,13,91,6,2.658254293210725,7
2179,17,49,51,24,2.655147868092684,25
2180,78,23,63,11,2.6544312226242797,12
2181,92,29,88,13,2.6541256559252315,16
2182,57,13,36,5,2.6531160901053807,8
2183,30,24,8,11,2.6514132136935467,13
2184,30,21,37,9,2.6448172779185537,12
2185,16,60,5,25,2.6435184456824317,35
2186,88,17,6,8,2.6434018871915526,9
2187,33,14,95,6,2.641545389608455,8
2188,10,10,106,3,2.639964127087712,7
2189,11,17,17,8,2.63850353139516,9
2190,3,17,49,8,2.6382409196969405,9
2191,110,13,54,6,2.63588490299345,7
2192,17,30,39,13,2.6347382750427313,17
2193,15,12,78,6,2.6282304993251357,6
2194,91,36,86,17,2.627461430980282,19
2195,27,16,23,8,2.6213518456169727,8
2196,7,107,68,49,2.615642976840099,58
2197,75,28,64,13,2.6143964254367047,15
2198,76,13,2,5,2.6134640032331116,8
2199,11,16,40,7,2.6127959858163616,9
2200,75,15,108,7,2.6118802978166835,8
2201,40,29,1,13,2.608102727316189,16
2202,29,15,8,6,2.6026147927178713,9
2203,85,25,107,12,2.601380149286502,13
2204,36,23,91,10,2.600483205457648,13
2205,1,10,109,5,2.5929606771402254,5
2206,86,33,18,14,2.5923706641316473,19
2207,71,25,87,12,2.5901035214218346,13
2208,34,33,107,14,2.587571909726937,19
2209,88,23,38,9,2.5850808349547196,14
2210,69,14,71,7,2.5823526075537777,7
2211,1,15,17,7,2.5752502333351277,8
2212,29,18,38,8,2.5695121914050656,10
2213,50,50,107,24,2.5656690703128167,26
2214,92,13,87,6,2.565186954563254,7
2215,9,11,23,5,2.5650998994582817,6
2216,28,43,51,21,2.5635290356109595,22
2217,83,10,63,6,2.557624644664858,4
2218,86,14,14,7,2.5565201304900333,7
2219,76,32,87,14,2.5553401924797914,18
2220,94,14,60,6,2.5547507602712973,8
2221,73,19,1,8,2.55342910039073,11
2222,2,22,87,10,2.552259240666561,12
2223,72,11,49,5,2.549936614828146,6
2224,7,74,36,34,2.5493587507973596,40
2225,41,46,16,23,2.5491961367085363,23
2226,63,25,60,11,2.5472563824704055,14
2227,19,15,20,7,2.543598619448083,8
2228,63,16,79,7,2.5383647167046712,9
2229,111,11,60,4,2.535604443502029,7
2230,39,50,60,24,2.5355246842136103,26
2231,69,15,94,7,2.5350277997352677,8
2232,20,20,95,9,2.532527406942274,11
2233,7,29,17,13,2.532089441361392,16
2234,44,15,107,7,2.530544567099409,8
2235,99,19,30,8,2.530388293684779,11
2236,76,30,11,13,2.530101714335273,17
2237,36,33,9,15,2.5279240780374668,18
2238,39,18,4,8,2.5267698999647226,10
2239,80,34,54,17,2.5244394841569355,17
2240,28,19,19,8,2.518286906397448,11
2241,12,15,36,7,2.516319942513749,8
2242,64,33,39,15,2.513227207814634,18
2243,75,43,55,18,2.5125301308500267,25
2244,106,37,96,16,2.50842381050559,21
2245,60,26,28,14,2.50378394638272,12
2246,37,18,109,8,2.501013404341532,10
2247,18,11,111,5,2.4899108726358863,6
2248,87,37,104,19,2.4814321174048914,18
2249,7,61,9,30,2.475604646115282,31
2250,3,11,94,5,2.470336823433669,6
2251,4,17,81,7,2.4678124777063273,10
2252,87,40,74,18,2.4671563114027473,22
2253,74,17,69,9,2.4664972820824542,8
2254,88,72,107,32,2.4608917089958973,40
2255,19,23,68,10,2.459954749025013,13
2256,65,29,112,13,2.4552380652908354,16
2257,100,15,94,6,2.4441989086947187,9
2258,32,10,50,6,2.444054190716271,4
2259,96,31,88,15,2.4406464912019903,16
2260,12,18,86,8,2.4382543520920796,10
2261,55,39,106,17,2.438139246666604,22
2262,14,19,51,7,2.4338441230915158,12
2263,100,16,17,6,2.4323723068282863,10
2264,91,20,75,13,2.432369433261267,7
2265,100,18,62,9,2.424886374103437,9
2266,112,15,17,7,2.4234359656310724,8
2267,76,13,29,7,2.419934578837021,6
2268,109,11,99,5,2.4195174025010595,6
2269,107,46,25,22,2.4187485647838765,24
2270,94,17,54,8,2.418369665890047,9
2271,71,35,39,16,2.4158892555534424,19
2272,11,51,28,25,2.413251522359192,26
2273,65,11,92,5,2.4112859752548714,6
2274,8,33,93,16,2.4111455321691304,17
2275,47,24,51,12,2.409457368099758,12
2276,9,18,69,8,2.405000245398061,10
2277,20,26,80,12,2.4033351571638564,14
2278,56,10,8,4,2.40008605471798,6
2279,114,15,98,7,2.3992721750256902,8
2280,46,38,28,16,2.3990178798165633,22
2281,29,15,30,6,2.3949739668636143,9
2282,83,22,87,11,2.390357141943488,11
2283,111,12,8,6,2.390343846489095,6
2284,104,40,95,18,2.3890342183876085,22
2285,4,21,71,8,2.3871750117365993,13
2286,96,25,104,11,2.3866419839158346,14
2287,75,13,56,5,2.3840139649043497,8
2288,8,23,17,11,2.3808090982416816,12
2289,71,40,107,17,2.3760609676092463,23
2290,41,12,90,6,2.3741301437510107,6
2291,8,55,96,25,2.371439357092425,30
2292,30,15,48,6,2.3702999073115167,9
2293,50,19,112,8,2.3689643473531756,11
2294,40,24,50,10,2.3671440474550507,14
2295,63,46,39,18,2.3626947638130473,28
2296,99,23,5,11,2.3616219022642833,12
2297,8,51,11,23,2.3603163454829668,28
2298,19,17,100,9,2.358656599318164,8
2299,96,14,109,6,2.3566759619593642,8
2300,4,36,31,15,2.3535355966794667,21
2301,107,58,37,27,2.3520883092822165,31
2302,104,19,3,9,2.3520715951524083,10
2303,16,20,2,9,2.3446106684988552,11
2304,114,12,38,6,2.341526377437994,6
2305,6,13,50,6,2.3414923323310646,7
2306,29,16,86,7,2.3399676619619445,9
2307,15,31,57,14,2.3311898509183164,17
2308,25,28,53,14,2.3301510854690854,14
2309,109,51,5,25,2.3285813949081655,26
2310,50,23,64,11,2.3285304422785047,12
2311,104,21,102,11,2.320627297470276,10
2312,88,32,91,15,2.315767764685104,17
2313,54,18,72,8,2.308906899741836,10
2314,109,18,48,9,2.306624480190798,9
2315,86,20,94,9,2.303835666976208,11
2316,58,12,50,6,2.3033767529431137,6
2317,88,27,69,12,2.3003595758399977,15
2318,86,21,32,10,2.2989864902239003,11
2319,9,15,81,7,2.2974062849528156,8
2320,62,22,39,11,2.293442645990563,11
2321,100,24,5,11,2.2932427434044684,13
2322,51,28,69,12,2.2914051236276647,16
2323,106,13,4,7,2.287883468044352,6
2324,37,46,74,22,2.283869095408045,24
2325,63,38,114,15,2.2836807270192585,23
2326,9,47,40,21,2.2806450266015683,26
2327,88,20,35,10,2.2787018333731495,10
2328,16,48,70,21,2.2731186306672027,27
2329,61,10,31,5,2.2696136748473603,5
2330,28,66,96,31,2.267406944603933,35
2331,85,12,7,5,2.2672729351147445,7
2332,49,18,77,7,2.2644642206919787,11
2333,106,45,88,19,2.2639858690375614,26
2334,95,30,25,14,2.25397314365567,16
2335,69,13,20,6,2.253225234520165,7
2336,88,38,4,18,2.2459217004175493,20
2337,70,10,27,5,2.243263258457552,5
2338,18,14,20,6,2.2334528603958916,8
2339,62,12,1,5,2.2295391066336445,7
2340,90,16,25,7,2.2261576936837058,9
2341,88,11,33,6,2.22422094342155,5
2342,15,35,16,18,2.2237416484226826,17
2343,98,13,99,7,2.2212581677933785,6
2344,18,14,98,8,2.221147797140808,6
2345,93,12,51,6,2.2166321429168523,6
2346,107,12,72,6,2.2128381598013536,6
2347,8,84,55,42,2.2123521211081862,42
2348,5,50,96,22,2.2114271922507607,28
2349,60,63,88,28,2.2053487740970454,35
2350,107,50,106,24,2.1993074270722803,26
2351,7,75,40,33,2.1957521283064803,42
2352,31,10,54,5,2.186668926147148,5
2353,8,64,74,28,2.186622040651489,36
2354,27,30,39,16,2.186165587275148,14
2355,51,53,60,22,2.1855409593348947,31
2356,107,49,68,22,2.1853889900704098,27
2357,63,36,11,15,2.1843034251555355,21
2358,63,26,70,12,2.1813121472430437,14
2359,84,16,93,8,2.173203038685072,8
2360,33,11,39,5,2.170155887452032,6
2361,86,75,54,36,2.1689438842347455,39
2362,88,14,74,5,2.165363961250821,9
2363,23,13,53,6,2.1639220781507627,7
2364,30,11,62,6,2.14621057379779,5
2365,102,22,74,10,2.1384304011801047,12
2366,34,13,76,7,2.1338119769299593,6
2367,35,16,43,8,2.1256405181906697,8
2368,37,26,84,12,2.124049904647881,14
2369,53,11,70,5,2.117480208536356,6
2370,65,38,37,19,2.116557677432621,19
2371,1,20,64,10,2.1164326209593654,10
2372,60,21,19,9,2.115884583957073,12
2373,7,17,72,8,2.1143024060967655,9
2374,74,12,33,6,2.113811361820999,6
2375,12,11,38,5,2.110101843923071,6
2376,84,18,79,9,2.0988599029371873,9
2377,13,48,27,23,2.0966587772715646,25
2378,83,34,55,17,2.0962093979720215,17
2379,97,22,8,11,2.094799206270941,11
2380,17,12,91,5,2.0932516032559634,7
2381,13,18,62,9,2.0919053307034106,9
2382,51,73,107,31,2.089934426977997,42
2383,88,55,28,25,2.0851563159512976,30
2384,44,14,51,5,2.084874228955972,9
2385,74,47,65,23,2.0847963525870914,24
2386,82,10,63,5,2.077975861296688,5
2387,88,71,51,37,2.0740353286735176,34
2388,79,12,88,5,2.064245316960763,7
2389,86,12,113,5,2.0586102760293077,7
2390,86,45,90,20,2.0574221764428238,25
2391,65,31,80,15,2.0509198465423397,16
2392,55,12,78,5,2.0477037119923778,7
2393,93,21,88,9,2.047097578055209,12
2394,15,30,86,14,2.0441092378448196,16
2395,18,34,51,17,2.042743355152735,17
2396,83,13,50,7,2.034563553464953,6
2397,109,18,65,7,2.0321022824018544,11
2398,55,11,79,5,2.0315889229013426,6
2399,91,14,114,7,2.0312426341433967,7
2400,60,29,9,12,2.026686622824744,17
2401,32,11,13,5,2.026181507027534,6
2402,18,32,60,15,2.0244266182620256,17
2403,95,31,39,15,2.0237049528227313,16
2404,78,24,68,11,2.023366317382964,13
2405,114,27,17,11,2.0211590753648707,16
2406,8,37,90,16,2.0194647820717804,21
2407,83,22,97,12,2.007636873207567,10
2408,16,87,28,40,2.003836691762287,47
2409,75,32,87,15,2.0004298974911783,17
2410,109,58,86,27,1.9995853464624296,31
2411,11,18,41,7,1.9968842930037833,11
2412,104,15,112,7,1.99393597279257,8
2413,13,38,50,18,1.9937674166002914,20
2414,65,14,19,7,1.9908537179891221,7
2415,60,20,38,10,1.990189103737265,10
2416,53,19,4,9,1.987694792892671,10
2417,1,33,107,16,1.9841002438837665,17
2418,28,38,25,16,1.9833898911599184,22
2419,85,11,11,5,1.9817217638118103,6
2420,7,20,11,9,1.9783496463256043,11
2421,95,28,53,11,1.9769373995573185,17
2422,64,15,15,8,1.9745380862871305,7
2423,50,11,35,5,1.9581460146246747,6
2424,78,12,71,6,1.95458083263832,6
2425,36,34,64,17,1.9485056781764598,17
2426,7,15,48,8,1.9478692265013036,7
2427,19,14,3,6,1.9452038431063525,8
2428,25,20,55,9,1.9429576796619945,11
2429,8,49,65,23,1.9424040079534102,26
2430,13,18,96,8,1.9406803869416944,10
2431,23,14,31,6,1.9392936999416424,8
2432,110,13,104,5,1.9388474450810558,8
2433,71,49,7,25,1.9387153694352777,24
2434,32,10,98,5,1.9380052263831626,5
2435,20,19,30,9,1.9352963119709488,10
2436,17,11,80,4,1.9331063026674833,7
2437,23,14,97,7,1.9330528734436567,7
2438,87,38,84,18,1.9318820493391857,20
2439,70,19,40,8,1.9276789997691202,11
2440,114,56,86,27,1.9239569797033826,29
2441,114,21,18,10,1.923577249757446,11
2442,53,43,64,20,1.921457820047301,23
2443,99,11,76,6,1.9173589523208343,5
2444,97,32,106,16,1.9159665785715099,16
2445,110,11,17,5,1.9155371371930665,6
2446,71,29,63,13,1.9151839795200705,16
2447,87,23,47,11,1.9101133657381941,12
2448,68,38,1,18,1.9099752765436664,20
2449,51,28,23,13,1.9066169824504657,15
2450,86,35,78,17,1.9028193156606692,18
2451,107,27,112,13,1.8978016202230066,14
2452,20,35,106,16,1.890590591428699,19
2453,47,34,39,16,1.8887252121213745,18
2454,25,23,64,11,1.8857238852847684,12
2455,2,41,8,20,1.8848654476169697,21
2456,14,16,106,7,1.8824340944139262,9
2457,87,30,64,15,1.880574512996562,15
2458,8,14,79,8,1.8787453444383122,6
2459,51,49,41,23,1.8775057050925423,26
2460,13,91,65,42,1.8704880163256519,49
2461,17,26,54,13,1.867393134138254,13
2462,37,95,5,46,1.8654288703425719,49
2463,85,11,112,5,1.861901124722568,6
2464,87,61,106,30,1.856632619724249,31
2465,8,17,49,9,1.8503482563099287,8
2466,53,22,97,10,1.849246682219108,12
2467,68,15,81,7,1.8403513087559698,8
2468,114,30,20,14,1.8395405662544742,16
2469,84,38,96,19,1.8356486827006797,19
2470,28,54,109,24,1.8301464583611136,30
2471,54,20,49,10,1.829154265922774,10
2472,74,29,13,14,1.8278354237299064,15
2473,106,11,3,5,1.8270221877820192,6
2474,44,13,114,6,1.8263733365516701,7
2475,64,16,108,8,1.8224151605655865,8
2476,102,13,99,6,1.8212893413036875,7
2477,13,71,60,31,1.8200154702189595,40
2478,71,11,109,5,1.8196417828202216,6
2479,79,18,28,8,1.8130893193426152,10
2480,40,18,111,9,1.8104998545748818,9
2481,36,22,25,11,1.8071440138268557,11
2482,51,34,31,14,1.8036645224364214,20
2483,12,13,100,5,1.803430921135591,8
2484,19,11,17,6,1.8011329372202582,5
2485,37,25,90,12,1.7816453937181782,13
2486,11,17,60,8,1.7794297174970226,9
2487,102,13,84,6,1.779322402529277,7
2488,69,12,39,6,1.7789051579016164,6
2489,16,93,13,42,1.7680272073351382,51
2490,27,14,76,7,1.7665294690868623,7
2491,88,11,110,6,1.7642228121429866,5
2492,84,26,70,12,1.7530345342228948,14
2493,86,33,57,15,1.7522583613315104,18
2494,4,31,68,15,1.751066192618154,16
2495,97,38,107,19,1.7507246476170455,19
2496,86,13,61,6,1.7442789867829447,7
2497,60,33,36,16,1.7416473627060747,17
2498,18,11,6,5,1.7414584600944751,6
2499,78,10,109,5,1.7406613893547558,5
2500,36,37,88,16,1.7392851936744347,21
2501,88,22,81,10,1.7392542924502719,12
2502,43,31,65,16,1.7334771180435686,15
2503,70,19,75,10,1.7314858975507377,9
2504,32,13,68,5,1.731166259808923,8
2505,50,13,12,8,1.7279667161947851,5
2506,63,15,45,7,1.7260545689947924,8
2507,16,19,45,8,1.7223541453977003,11
2508,104,64,16,30,1.7215823847620741,34
2509,54,14,27,7,1.7208673623652107,7
2510,86,32,38,15,1.7164597494651737,17
2511,62,13,3,6,1.7130447574182037,7
2512,109,14,43,7,1.7129267358733018,7
2513,87,14,110,6,1.7127942714735054,8
2514,54,40,7,19,1.7088310244062668,21
2515,9,32,63,15,1.7078031316881512,17
2516,48,10,37,5,1.7035937503192145,5
2517,23,44,86,21,1.7030841833116428,23
2518,20,16,102,8,1.6989391239814933,8
2519,36,15,23,9,1.6972875274185721,6
2520,9,23,46,10,1.6945658865661515,13
2521,28,64,5,31,1.6933141899778523,33
2522,34,24,86,12,1.693239196868056,12
2523,68,34,106,16,1.687950689096679,18
2524,17,12,77,6,1.6873994667000638,6
2525,72,11,27,6,1.6792102173602572,5
2526,54,29,114,15,1.6786165794472776,14
2527,45,28,31,13,1.6710870406691087,15
2528,85,13,51,7,1.664226628935165,6
2529,85,16,17,7,1.6640468368595829,9
2530,107,32,17,15,1.6568754180103666,17
2531,30,25,40,12,1.652774817060953,13
2532,36,23,68,11,1.6511686348202657,12
2533,38,12,80,5,1.6400661445963558,7
2534,7,78,41,38,1.6316845641232849,40
2535,39,19,96,8,1.6315253594413592,11
2536,112,20,9,10,1.6257132685716438,10
2537,68,18,57,9,1.6190755944848347,9
2538,19,19,69,9,1.6096912747748569,10
2539,70,13,43,6,1.6071210379776917,7
2540,47,18,63,10,1.604466681510507,8
2541,23,15,3,7,1.6013986021332862,8
2542,94,10,18,5,1.6001116131573032,5
2543,58,17,87,8,1.594565717152522,9
2544,64,10,90,5,1.5921132093044654,5
2545,2,15,25,8,1.5845186001024008,7
2546,55,22,90,12,1.578656952498874,10
2547,60,25,46,12,1.5735893742532674,13
2548,40,58,88,27,1.5715316879527905,31
2549,9,15,100,6,1.5684675366801661,9
2550,9,14,111,7,1.5621342613374551,7
2551,8,66,28,31,1.5619285888266077,35
2552,109,11,49,5,1.5612220128244458,6
2553,104,23,83,10,1.5563880557352996,13
2554,11,26,74,12,1.5483769164487977,14
2555,57,12,43,4,1.547683226037978,8
2556,74,11,112,5,1.546586662588193,6
2557,97,25,46,12,1.5379422598602892,13
2558,13,23,45,11,1.536281477648622,12
2559,29,13,53,5,1.5317670028644748,8
2560,114,20,84,9,1.5282826629009798,11
2561,83,26,65,13,1.5253499649391113,13
2562,1,34,88,17,1.5234508852206479,17
2563,35,14,37,7,1.523131742310598,7
2564,48,10,41,5,1.515490885657423,5
2565,46,12,55,5,1.5148590180899557,7
2566,16,31,19,15,1.5071806953284643,16
2567,50,17,108,9,1.5013768012598343,8
2568,29,11,43,5,1.4978241959441965,6
2569,46,52,5,24,1.4974094901037487,28
2570,4,59,13,27,1.4911690163054754,32
2571,76,19,30,10,1.48385408577694,9
2572,41,29,27,13,1.4791025709590584,16
2573,73,15,63,8,1.4760785674332926,7
2574,11,17,32,9,1.4729852723414754,8
2575,86,32,2,16,1.4682447143488935,16
2576,112,16,23,7,1.4656028868993851,9
2577,23,13,43,6,1.4628793390447163,7
2578,40,64,51,31,1.4624658901194145,33
2579,33,20,28,11,1.4609880096092185,9
2580,31,21,47,10,1.4606130980712668,11
2581,25,23,83,10,1.4597201880554966,13
2582,84,32,54,15,1.4591305177250882,17
2583,20,15,93,8,1.4584347045217758,7
2584,8,16,38,8,1.4562520429495758,8
2585,50,16,89,7,1.4560158637801317,9
2586,53,30,55,14,1.4538038424746393,16
2587,46,62,88,31,1.4519317579443412,31
2588,3,35,51,20,1.4506027114913664,15
2589,106,55,63,27,1.4485566818099482,28
2590,68,24,38,11,1.4453831916260262,13
2591,20,21,97,11,1.439527960881874,10
2592,50,28,25,14,1.4391705454909012,14
2593,85,30,86,14,1.4358048779112953,16
2594,47,18,27,8,1.4313076543434007,10
2595,70,56,86,26,1.42921805361145,30
2596,36,35,45,19,1.423273124508123,16
2597,29,18,51,8,1.4222631016002016,10
2598,74,21,18,11,1.4198609666190058,10
2599,1,11,53,5,1.4196819324858228,6
2600,94,11,109,6,1.4139835062750086,5
2601,30,43,87,21,1.413930799869251,22
2602,12,16,40,8,1.4120822666164417,8
2603,7,58,18,29,1.407111198769738,29
2604,12,22,13,8,1.4046792155049035,14
2605,70,17,95,9,1.4011695857654913,8
2606,75,12,44,5,1.399837377533035,7
2607,65,63,68,30,1.3991367681458042,33
2608,91,13,9,6,1.3946381880594532,7
2609,7,15,83,6,1.3943529604549396,9
2610,44,25,16,13,1.3924747988210242,12
2611,43,13,37,7,1.3915535608538905,6
2612,77,20,65,10,1.3855589926207088,10
2613,36,11,29,6,1.3837445576600587,5
2614,50,41,11,19,1.3816262941644981,22
2615,95,31,7,14,1.3809406634768675,17
2616,106,30,41,15,1.3806292559177733,15
2617,16,46,27,21,1.375413690186468,25
2618,43,36,60,17,1.374143488053796,19
2619,6,11,69,6,1.3727715082405263,5
2620,86,66,55,31,1.371489773467497,35
2621,75,10,48,5,1.3711471542080278,5
2622,90,11,76,6,1.3711097869836062,5
2623,39,33,50,16,1.3662313543505342,17
2624,25,26,30,14,1.363384718034577,12
2625,64,42,68,18,1.3624818601326818,24
2626,107,39,70,20,1.3599998705907188,19
2627,69,12,85,6,1.3560361154784741,6
2628,12,16,18,7,1.3538062436901652,9
2629,97,37,88,18,1.349074362930903,19
2630,84,26,78,12,1.3485306553399412,14
2631,108,17,40,9,1.3479697301696818,8
2632,70,29,76,15,1.3451436146232179,14
2633,49,59,13,30,1.3342252284134035,29
2634,11,42,87,22,1.3332948484864775,20
2635,61,13,65,7,1.327965247882516,6
2636,60,25,109,12,1.3235251021634884,13
2637,74,18,80,9,1.3199661328668575,9
2638,3,17,55,8,1.3172267439478242,9
2639,10,16,8,7,1.3145513780375315,9
2640,32,12,51,6,1.314434714983352,6
2641,9,28,58,13,1.310268135821902,15
2642,6,13,86,6,1.3062976396978554,7
2643,70,11,102,7,1.3043211125718095,4
2644,5,44,13,21,1.302350985374302,23
2645,87,57,88,30,1.2972492664863855,27
2646,2,22,74,10,1.2925512141562505,12
2647,11,17,102,9,1.2862551218754514,8
2648,33,17,54,9,1.2844291677407338,8
2649,97,20,109,10,1.283406905257821,10
2650,50,30,51,15,1.277023353905357,15
2651,15,17,114,8,1.2734943259065565,9
2652,50,27,65,13,1.2644687002361983,14
2653,63,19,43,9,1.2637110667141382,10
2654,55,26,99,12,1.2605449554949548,14
2655,16,22,33,9,1.250719949272024,13
2656,65,10,89,5,1.246766687204138,5
2657,108,31,107,15,1.2462257353255575,16
2658,1,10,71,4,1.2456643982922146,6
2659,107,30,4,15,1.2387516471106226,15
2660,71,25,31,12,1.2380158081615504,13
2661,63,16,95,8,1.233969730193377,8
2662,71,26,9,12,1.2262156519313812,14
2663,51,22,49,11,1.2233396102543554,11
2664,98,11,74,5,1.2137114800422117,6
2665,60,59,68,27,1.2120069584657038,32
2666,64,42,88,19,1.2118692904336819,23
2667,25,33,97,16,1.211209753293348,17
2668,63,44,7,18,1.2086828652803667,26
2669,65,10,79,5,1.2013413032834044,5
2670,16,51,74,24,1.19895248847691,27
2671,93,16,11,6,1.1943672529988347,10
2672,25,25,109,12,1.1927554377225935,13
2673,34,14,79,6,1.1918923228941705,8
2674,13,61,39,30,1.184741798499231,31
2675,27,21,30,10,1.1758750370452133,11
2676,69,19,43,9,1.1707049338371238,10
2677,49,28,7,12,1.1696502244503244,16
2678,85,11,12,5,1.1385099220486263,6
2679,65,71,41,32,1.1364971533687547,39
2680,60,73,71,35,1.1360670304013205,38
2681,36,26,106,13,1.1307287364062801,13
2682,3,26,31,14,1.130409883055894,12
2683,27,24,43,12,1.1301283213562943,12
2684,61,18,88,10,1.1254133453483963,8
2685,63,47,40,22,1.1085655861732644,25
2686,73,13,55,6,1.1082443575059586,7
2687,91,12,47,6,1.1047106963660296,6
2688,40,19,45,9,1.1043531225931202,10
2689,96,18,2,9,1.1039761816908797,9
2690,107,35,46,18,1.1031099530770954,17
2691,70,39,106,20,1.1024614638047308,19
2692,46,45,11,21,1.1009029076063184,24
2693,72,25,16,12,1.0967181693009582,13
2694,14,16,11,7,1.0923565448715802,9
2695,40,13,74,6,1.0901529369074687,7
2696,46,20,57,10,1.0787393081529641,10
2697,64,19,97,9,1.0748997556854092,10
2698,87,50,28,25,1.072521726859484,25
2699,67,20,37,9,1.0707700527635258,11
2700,106,12,66,5,1.070759127853136,7
2701,68,11,102,5,1.0688066146446942,6
2702,70,55,8,27,1.0665028298167964,28
2703,104,30,109,15,1.0638658496000608,15
2704,18,35,87,16,1.0595333397572304,19
2705,20,18,48,8,1.0556464172960105,10
2706,16,37,40,17,1.0479395774839413,20
2707,20,32,13,16,1.0473604323868067,16
2708,54,28,102,14,1.0470828148001607,14
2709,114,19,69,8,1.0427404151557151,11
2710,90,21,88,11,1.0373159148886417,10
2711,45,14,3,7,1.0349134798027078,7
2712,35,22,7,11,1.0299988339542105,11
2713,13,56,9,26,1.0296923282418164,30
2714,107,111,86,53,1.0263307921685707,58
2715,63,20,44,9,1.0233184771026502,11
2716,70,10,33,5,1.0222975969230632,5
2717,16,42,114,19,1.0212587757382692,23
2718,86,22,93,11,1.0208024258978539,11
2719,60,57,77,28,1.0187732052674565,29
2720,98,28,107,14,1.0170960211152535,14
2721,13,43,75,20,1.005364432264769,23
2722,114,11,93,6,1.004990658958168,5
2723,114,39,7,18,1.0047894280060632,21
2724,87,54,54,25,1.0010998909513955,29
2725,37,37,17,16,0.9978108601802018,21
2726,65,17,49,8,0.9975002647964061,9
2727,86,70,13,35,0.9970973609227789,35
2728,39,31,3,16,0.9959288800754686,15
2729,9,13,30,6,0.9935090532750582,7
2730,17,22,34,11,0.9848498347654561,11
2731,64,21,38,10,0.9820263127460184,11
2732,60,10,93,6,0.9795074052045596,4
2733,8,67,54,35,0.9788096362147576,32
2734,107,65,5,32,0.9748363761521144,33
2735,78,12,9,6,0.9745877106891208,6
2736,53,40,51,20,0.9719493528973242,20
2737,37,50,51,27,0.9710667257210692,23
2738,102,30,114,14,0.9680544759122783,16
2739,104,38,106,19,0.9604760273979323,19
2740,106,11,103,6,0.9583580547252424,5
2741,54,70,16,35,0.957439055762494,35
2742,14,14,5,6,0.9561035605846475,8
2743,63,23,53,11,0.9461903574638922,12
2744,112,13,114,7,0.9421647262329379,6
2745,17,12,29,6,0.9396559694862591,6
2746,7,10,108,4,0.9385265901557563,6
2747,18,29,40,12,0.9358054757186772,17
2748,27,13,55,6,0.934874920243962,7
2749,102,11,83,5,0.9259324073609744,6
2750,33,17,86,9,0.9246066959077469,8
2751,65,24,84,12,0.923495090234857,12
2752,57,28,51,14,0.9210242184575945,14
2753,51,12,79,5,0.9183017095558496,7
2754,75,27,114,13,0.9181862737012574,14
2755,13,20,33,10,0.918120505460343,10
2756,106,100,86,49,0.9173221659807225,51
2757,114,12,11,5,0.9147560322473872,7
2758,39,18,48,8,0.9127145579388772,10
2759,43,17,50,7,0.911659904777202,10
2760,77,22,68,11,0.9089813853065132,11
2761,36,35,75,19,0.9076169876586753,16
2762,112,11,14,6,0.9022319115654415,5
2763,14,18,87,8,0.9015139105491377,10
2764,68,17,74,7,0.9001065237726507,10
2765,16,51,23,25,0.8986830698055411,26
2766,8,76,88,37,0.8933115574955768,39
2767,94,22,107,9,0.8912889870157809,13
2768,13,28,100,14,0.8900217777744478,14
2769,3,49,86,25,0.8896666649940002,24
2770,60,17,83,8,0.8851626447494981,9
2771,77,21,4,10,0.8810684428976758,11
2772,37,21,57,10,0.8778160008276704,11
2773,84,17,91,8,0.8755346549877653,9
2774,111,47,68,24,0.8746288393374696,23
2775,15,36,13,17,0.8728458633356498,19
2776,80,33,86,16,0.8727199174341318,17
2777,51,28,12,14,0.8723369355034586,14
2778,60,17,84,10,0.871614356489069,7
2779,8,67,37,33,0.8700084298071539,34
2780,39,40,28,20,0.868602476168121,20
2781,94,20,19,10,0.8676936024077152,10
2782,10,10,114,4,0.8617397018011257,6
2783,30,28,51,13,0.8603740804537094,15
2784,13,34,17,16,0.8506035791282663,18
2785,39,13,102,6,0.8492100400200487,7
2786,62,11,50,5,0.8451062062670078,6
2787,69,11,29,5,0.8439423628658328,6
2788,28,23,30,12,0.8403239904216823,11
2789,86,80,20,38,0.8301074964710538,42
2790,2,16,46,8,0.8285194662826778,8
2791,33,15,114,8,0.8283609152315331,7
2792,29,12,106,6,0.8264692442725535,6
2793,28,48,37,24,0.8263140292594408,24
2794,84,15,95,7,0.8218033746912388,8
2795,107,83,28,39,0.8210512254142036,44
2796,114,19,45,9,0.8205689132017492,10
2797,13,27,11,13,0.8150505436514466,14
2798,7,16,79,8,0.808566327439515,8
2799,96,58,107,27,0.8081270899904945,31
2800,84,31,50,16,0.8064114901977948,15
2801,56,14,40,7,0.8062835825274064,7
2802,29,14,94,7,0.8058758561257962,7
2803,41,10,103,5,0.8048436282702781,5
2804,68,20,49,10,0.7960430752354475,10
2805,2,22,88,11,0.7956469041111237,11
2806,87,28,46,15,0.7941915016238118,13
2807,28,16,89,7,0.7901986413516635,9
2808,96,15,3,8,0.788360761162582,7
2809,4,18,104,10,0.7872554057904764,8
2810,100,13,97,6,0.7866792604447757,7
2811,9,17,34,8,0.77910514985876,9
2812,35,25,86,11,0.7790661728530307,14
2813,13,51,28,25,0.7790491963091711,26
2814,87,22,99,10,0.7762165713325069,12
2815,10,19,84,9,0.7730240789929571,10
2816,97,20,93,10,0.7717644600090583,10
2817,33,15,104,8,0.7704375614853092,7
2818,94,13,65,7,0.7701527109172647,6
2819,16,40,112,19,0.7567380050399233,21
2820,14,15,13,6,0.7511854242648525,9
2821,49,27,30,13,0.749963309372457,14
2822,3,20,71,10,0.744611540631482,10
2823,46,24,84,11,0.744605770354001,13
2824,41,37,63,18,0.7444231446880563,19
2825,36,13,74,5,0.7437175733038444,8
2826,25,24,15,13,0.7394428200536315,11
2827,5,40,63,22,0.7358500176759455,18
2828,40,77,86,36,0.7352757671814381,41
2829,29,16,54,8,0.7316507778434965,8
2830,95,41,5,21,0.731606653431554,20
2831,7,86,65,45,0.7314326563301058,41
2832,41,66,13,33,0.7296445090281025,33
2833,3,27,9,13,0.7284011303001918,14
2834,69,19,50,8,0.7231056665252452,11
2835,61,18,40,9,0.7154895706830828,9
2836,82,13,28,7,0.7153587234866209,6
2837,17,23,68,12,0.7086074455277899,11
2838,62,23,87,11,0.7039977918400054,12
2839,88,43,49,21,0.7014211589442615,22
2840,18,23,104,13,0.701208945227421,10
2841,38,11,91,5,0.7003822911270713,6
2842,57,11,95,4,0.6989616542578664,7
2843,8,41,39,21,0.6937986397009377,20
2844,7,73,39,37,0.6920867889114359,36
2845,63,97,65,48,0.691978062127847,49
2846,62,10,98,5,0.6900751788017032,5
2847,39,42,54,21,0.684039366023366,21
2848,18,19,25,10,0.6816652439852776,9
2849,50,24,114,11,0.6812811811945304,13
2850,109,14,23,7,0.6795387556597896,7
2851,43,13,58,6,0.6756377653052408,7
2852,16,34,48,17,0.6749071927540307,17
2853,109,31,13,14,0.6717168111881656,17
2854,87,56,39,27,0.671126615184668,29
2855,37,40,114,18,0.6680388190804037,22
2856,63,38,50,18,0.6599709375930062,20
2857,68,92,13,44,0.6581175641889087,48
2858,57,42,16,21,0.6517850743203576,21
2859,30,12,114,6,0.6487861981579935,6
2860,87,32,109,15,0.6465419452888954,17
2861,41,27,1,12,0.6450987397179471,15
2862,51,72,68,38,0.6442185735943904,34
2863,98,16,50,8,0.6426219058041094,8
2864,68,49,9,24,0.6403549802856331,25
2865,25,25,41,14,0.6394054706376684,11
2866,111,17,36,8,0.6365354853619557,9
2867,70,22,41,12,0.6354721735396393,10
2868,30,56,86,26,0.6327113698521639,30
2869,4,28,64,13,0.6316212138641686,15
2870,60,23,1,11,0.6297573562891167,12
2871,36,33,71,17,0.6241330409639582,16
2872,88,34,109,16,0.6239068088208908,18
2873,76,30,96,14,0.6223340675935091,16
2874,31,22,58,11,0.6168553703735019,11
2875,54,90,65,44,0.6146787474699967,46
2876,43,20,114,11,0.6074470201565788,9
2877,91,16,70,7,0.6063303701253773,9
2878,63,15,34,7,0.6010869874219945,8
2879,71,32,106,15,0.6009609652453856,17
2880,13,24,72,13,0.5977342226167962,11
2881,97,11,56,5,0.5931267027213653,6
2882,76,13,36,4,0.5885035889042722,9
2883,64,15,17,8,0.5824319192017166,7
2884,90,18,84,9,0.5795253040496203,9
2885,106,46,76,25,0.577289694916291,21
2886,60,45,65,25,0.5704742089898724,20
2887,72,11,15,6,0.57032022740938,5
2888,20,14,15,7,0.5689936775430091,7
2889,75,51,65,26,0.5689430318120555,25
2890,19,18,30,8,0.5684318965604687,10
2891,40,10,94,5,0.5678516928680516,5
2892,17,16,87,8,0.5653640088554662,8
2893,29,10,108,5,0.5615423900676226,5
2894,97,31,2,15,0.5614740846174435,16
2895,83,10,2,5,0.5594397265150824,5
2896,49,26,17,11,0.5566184788727493,15
2897,41,12,29,6,0.554014154016142,6
2898,5,49,54,23,0.5526115688513309,26
2899,92,17,7,7,0.5480230211986101,10
2900,41,42,39,19,0.5463742537779036,23
2901,98,27,16,13,0.5462850233229243,14
2902,64,29,54,15,0.5456745481805155,14
2903,86,12,66,6,0.5447941989519712,6
2904,12,22,39,11,0.5419618153900833,11
2905,106,10,1,5,0.539652861011431,5
2906,94,23,68,11,0.5364898351423456,12
2907,51,42,9,20,0.5346045933154973,22
2908,41,19,76,11,0.5337576494452235,8
2909,71,22,55,12,0.5319428762463091,10
2910,68,55,86,28,0.5310748741920145,27
2911,107,20,6,10,0.5288105428737948,10
2912,65,19,102,8,0.5234012572749034,11
2913,73,19,28,10,0.5214155246375574,9
2914,43,17,25,10,0.5197036131496171,7
2915,106,68,28,33,0.5161436710076662,35
2916,9,39,39,21,0.5122974091677517,18
2917,4,18,9,9,0.5118055197130339,9
2918,49,12,97,5,0.510198270023406,7
2919,104,34,68,16,0.5092257045757379,18
2920,90,13,91,6,0.5003235284827323,7
2921,88,35,31,18,0.4999807976090588,17
2922,5,59,87,29,0.4991669720547012,30
2923,57,14,104,5,0.4845128262229356,9
2924,87,36,3,18,0.4806290194893962,18
2925,37,17,62,10,0.47941613349669066,7
2926,95,28,74,13,0.47842550860281996,15
2927,75,31,41,14,0.47837138213253816,17
2928,25,51,39,26,0.4759465051184244,25
2929,37,13,69,6,0.4741041536564538,7
2930,27,13,100,6,0.4702077854231135,7
2931,65,54,31,26,0.46913887469692744,28
2932,87,16,111,8,0.45897322341286445,8
2933,1,13,112,8,0.45359520737159276,5
2934,8,26,76,12,0.4492143891303664,14
2935,62,13,55,7,0.4490302976953222,6
2936,65,26,11,14,0.44503248686229346,12
2937,3,17,81,9,0.44434799321825375,8
2938,80,11,9,7,0.4439834453330457,4
2939,17,30,50,16,0.44354818573896915,14
2940,90,15,11,7,0.4409004522210816,8
2941,109,13,69,7,0.43237846797528773,6
2942,40,43,31,22,0.429627197462679,21
2943,68,46,63,23,0.4255709909849699,23
2944,33,11,99,6,0.42486651226142574,5
2945,46,11,19,6,0.4237898327913996,5
2946,87,46,96,22,0.4185307257645089,24
2947,5,14,38,7,0.4168378546295618,7
2948,31,33,86,17,0.4107692180392416,16
2949,50,18,79,9,0.4091046493522828,9
2950,8,28,23,14,0.4068494653629082,14
2951,11,36,39,18,0.4050486579278971,18
2952,27,17,106,10,0.4013630945998079,7
2953,107,95,7,42,0.39776976722684715,53
2954,107,83,8,38,0.3964193758754415,45
2955,27,10,62,5,0.3947917783098916,5
2956,20,13,85,6,0.39373981733351443,7
2957,88,13,78,6,0.3934639813104847,7
2958,55,16,41,8,0.3929137359889599,8
2959,23,18,54,9,0.39214168570707464,9
2960,11,50,107,24,0.3906998437463303,26
2961,8,13,44,6,0.3904420875790005,7
2962,57,20,55,11,0.38903746063509637,9
2963,69,30,36,15,0.38598798110099336,15
2964,8,35,50,16,0.38293825667797665,19
2965,114,28,71,14,0.3795577437704574,14
2966,27,47,107,23,0.3795019334466748,24
2967,70,22,97,12,0.3783758219642565,10
2968,14,18,84,8,0.37783903496494214,10
2969,107,37,90,19,0.3753937941046271,18
2970,49,13,19,7,0.3727133602136098,6
2971,88,35,71,19,0.3711092012403024,16
2972,40,21,75,10,0.36863713867004627,11
2973,95,26,28,12,0.36814720179538635,14
2974,25,30,63,16,0.3669879376751877,14
2975,92,18,13,7,0.36521745881563183,11
2976,46,18,41,8,0.36430211798636986,10
2977,13,27,38,12,0.35957757900250525,15
2978,47,21,65,10,0.3519317997506132,11
2979,15,14,29,7,0.35154179739306457,7
2980,7,21,8,10,0.35073482330961425,11
2981,107,16,79,9,0.3498222414341266,7
2982,49,10,5,5,0.3484948933204418,5
2983,8,44,20,22,0.3454844939659281,22
2984,109,13,4,6,0.3380907022892352,7
2985,83,20,106,11,0.33164456490941063,9
2986,61,17,3,10,0.326885819863067,7
2987,80,17,71,9,0.3237123360021306,8
2988,86,23,108,13,0.3219408787814728,10
2989,114,68,107,33,0.32070298196932506,35
2990,11,12,69,5,0.3194227999608887,7
2991,83,25,28,14,0.3193130867023741,11
2992,60,58,107,29,0.31876911348625786,29
2993,60,48,53,25,0.3118269913878374,23
2994,51,13,92,7,0.31029394338620886,6
2995,107,68,63,37,0.3098872954610473,31
2996,23,19,111,11,0.30722018824927017,8
2997,81,12,108,6,0.3007328534362905,6
2998,29,11,79,4,0.30038972457789276,7
2999,78,12,65,7,0.29851305330662053,5
3000,114,60,88,30,0.29749332449413723,30
3001,41,30,18,14,0.296930660105382,16
3002,88,15,48,6,0.2955612335778544,9
3003,104,56,13,28,0.2850474299823817,28
3004,70,21,39,11,0.2845470082736238,10
3005,67,12,25,6,0.2816428039469064,6
3006,96,12,67,7,0.27996501259109813,5
3007,7,20,70,8,0.27895885562124206,12
3008,53,18,5,8,0.2778213329671456,10
3009,39,49,65,26,0.2688987951279627,23
3010,36,11,38,4,0.26679215079866997,7
3011,37,22,76,12,0.2606095394442829,10
3012,27,11,18,6,0.2537580579499764,5
3013,17,11,108,5,0.2506467392789146,6
3014,47,17,41,9,0.24960180944275975,8
3015,109,31,16,16,0.2489072427641002,15
3016,88,38,20,20,0.24807571543102264,18
3017,40,25,47,14,0.24655985846699452,11
3018,39,10,93,5,0.24650819188032075,5
3019,83,20,88,11,0.24121558114701722,9
3020,61,16,13,9,0.23942923044644315,7
3021,30,20,106,10,0.23895557447172086,10
3022,107,72,84,36,0.23736523288219447,36
3023,64,19,45,9,0.2352744559029064,10
3024,57,14,20,7,0.22969067246688318,7
3025,65,10,101,5,0.22906131925901718,5
3026,67,12,84,5,0.22644335659627104,7
3027,77,12,3,5,0.22356024648773629,7
3028,107,40,18,22,0.21456452912257484,18
3029,53,21,44,9,0.2122113313421154,12
3030,45,11,112,5,0.21017951186860273,6
3031,53,54,13,29,0.2083631688927764,25
3032,65,18,48,8,0.2083165198828137,10
3033,28,11,66,5,0.2056598644516812,6
3034,46,23,17,12,0.20521498367655996,11
3035,86,86,65,45,0.20062046647145396,41
3036,81,21,107,11,0.19898617239587554,10
3037,46,16,71,7,0.19894184736909315,9
3038,76,11,47,3,0.1986777302440924,8
3039,107,61,74,29,0.19420996588142148,32
3040,98,11,100,5,0.18985443720382733,6
3041,88,35,37,17,0.1877253046596751,18
3042,35,12,70,7,0.18631436457958764,5
3043,44,15,65,6,0.18351226600640885,9
3044,71,33,8,17,0.17759312635004623,16
3045,96,37,55,19,0.17732770674363885,18
3046,11,47,106,26,0.17225906773687616,21
3047,57,34,13,18,0.16675051669784913,16
3048,7,51,4,26,0.16136746029798088,25
3049,62,12,106,6,0.1584669634691407,6
3050,84,22,80,10,0.15202664995311643,12
3051,51,20,98,10,0.14461940831704007,10
3052,57,25,41,12,0.14171981720178947,13
3053,73,10,25,5,0.1328731236438802,5
3054,60,76,7,38,0.13134493579901685,38
3055,98,14,19,6,0.12846875445523867,8
3056,69,25,7,13,0.12779683769016903,12
3057,28,22,98,9,0.12169006680659694,13
3058,51,59,55,30,0.12168388038388171,29
3059,98,13,97,7,0.11020600858990875,6
3060,2,18,84,9,0.10504403066305398,9
3061,68,13,44,7,0.10451112471006771,6
3062,41,54,88,26,0.10348470718011778,28
3063,50,57,86,30,0.09835934402357824,27
3064,51,55,87,27,0.09714010961239666,28
3065,86,30,53,13,0.09593092236920715,17
3066,74,39,25,20,0.09563368284676016,19
3067,25,65,16,32,0.09364645449744402,33
3068,30,15,96,8,0.09214636377364425,7
3069,114,29,36,13,0.09213128587786307,16
3070,95,52,86,24,0.08956033992826938,28
3071,107,60,39,29,0.08426356114163677,31
3072,84,37,88,17,0.08333477514829757,20
3073,97,36,74,17,0.07931920932357782,19
3074,63,46,87,22,0.07921188185625391,24
3075,107,73,54,35,0.07798228457878793,38
3076,55,15,108,8,0.07480659095217349,7
3077,106,21,40,10,0.06808253080226546,11
3078,27,20,40,8,0.058743697650326256,12
3079,8,70,106,37,0.05212763279076112,33
3080,23,20,15,10,0.052043691980666475,10
3081,34,19,50,10,0.05002588679712766,9
3082,73,16,106,8,0.04700386219362951,8
3083,83,17,51,10,0.04607341431682285,7
3084,54,64,50,32,0.045818300371850446,32
3085,65,11,81,6,0.04550793535821782,5
3086,47,10,58,5,0.04544416959920028,5
3087,15,13,43,6,0.045041270424713856,7
3088,114,46,104,24,0.04494734082733511,22
3089,74,41,54,20,0.04296760366186976,21
3090,19,25,13,13,0.042831582541997835,12
3091,31,11,97,5,0.04256244744109723,6
3092,55,52,87,26,0.039341837208104025,26
3093,45,17,71,7,0.03389797077786283,10
3094,84,19,17,10,0.032612383959908106,9
3095,106,42,50,20,0.025298087208634697,22
3096,106,26,100,12,0.022225583959526604,14
3097,109,17,83,7,0.00972932964701334,10
3098,86,25,77,12,0.006545458823393915,13
3099,90,33,16,15,0.006116246156991541,18
3100,3,29,60,14,0.0014796010550653669,15
3101,60,29,3,15,-0.001479601055064632,14
3102,16,33,90,18,-0.0061162461569911645,15
3103,77,25,86,13,-0.00654545882339427,12
3104,83,17,109,10,-0.009729329647013785,7
3105,100,26,106,14,-0.02222558395952517,12
3106,50,42,106,22,-0.02529808720863334,20
3107,17,19,84,9,-0.03261238395990876,10
3108,71,17,45,10,-0.03389797077786216,7
3109,87,52,55,26,-0.039341837208104025,26
3110,97,11,31,6,-0.042562447441096586,5
3111,13,25,19,12,-0.04283158254199627,13
3112,54,41,74,21,-0.04296760366187002,20
3113,104,46,114,22,-0.04494734082733487,24
3114,43,13,15,7,-0.04504127042471195,6
3115,58,10,47,5,-0.04544416959920099,5
3116,81,11,65,5,-0.04550793535821569,6
3117,50,64,54,32,-0.045818300371848635,32
3118,51,17,83,7,-0.04607341431682421,10
3119,106,16,73,8,-0.0470038621936304,8
3120,50,19,34,9,-0.05002588679712785,10
3121,15,20,23,10,-0.05204369198066665,10
3122,106,70,8,33,-0.05212763279076128,37
3123,40,20,27,12,-0.0587436976503246,8
3124,40,21,106,11,-0.0680825308022658,10
3125,108,15,55,7,-0.07480659095217229,8
3126,54,73,107,38,-0.07798228457878872,35
3127,87,46,63,24,-0.07921188185625398,22
3128,74,36,97,19,-0.07931920932357782,17
3129,88,37,84,20,-0.0833347751482989,17
3130,39,60,107,31,-0.08426356114163559,29
3131,86,52,95,28,-0.08956033992827091,24
3132,36,29,114,16,-0.09213128587786189,13
3133,96,15,30,7,-0.09214636377364507,8
3134,16,65,25,33,-0.09364645449744435,32
3135,25,39,74,19,-0.0956336828467596,20
3136,53,30,86,17,-0.09593092236920858,13
3137,87,55,51,28,-0.0971401096123966,27
3138,86,57,50,27,-0.09835934402357775,30
3139,88,54,41,28,-0.10348470718011826,26
3140,44,13,68,6,-0.10451112471006657,7
3141,84,18,2,9,-0.10504403066305477,9
3142,97,13,98,6,-0.11020600858990862,7
3143,55,59,51,29,-0.12168388038388292,30
3144,98,22,28,13,-0.1216900668065983,9
3145,7,25,69,12,-0.1277968376901685,13
3146,19,14,98,8,-0.12846875445523917,6
3147,11,57,16,25,-0.1306097490228135,32
3148,7,76,60,38,-0.13134493579901632,38
3149,25,10,73,5,-0.1328731236438802,5
3150,41,25,57,13,-0.14171981720178792,12
3151,98,20,51,10,-0.14461940831704023,10
3152,80,22,84,12,-0.15202664995311627,10
3153,106,12,62,6,-0.15846696346914188,6
3154,4,51,7,25,-0.16136746029798163,26
3155,13,34,57,16,-0.16675051669784913,18
3156,106,47,11,21,-0.17225906773687602,26
3157,16,26,102,13,-0.17363404747602376,13
3158,55,37,96,18,-0.17732770674364082,19
3159,8,33,71,16,-0.17759312635004632,17
3160,65,15,44,9,-0.1835122660064091,6
3161,70,12,35,5,-0.18631436457958692,7
3162,37,35,88,18,-0.18772530465967646,17
3163,100,11,98,6,-0.18985443720382733,5
3164,47,11,76,8,-0.19867773024409274,3
3165,71,16,46,9,-0.19894184736909182,7
3166,107,21,81,10,-0.19898617239587607,11
3167,65,86,86,41,-0.2006204664714556,45
3168,17,23,46,11,-0.2052149836765593,12
3169,66,11,28,6,-0.20565986445168055,5
3170,48,18,65,10,-0.20831651988281447,8
3171,13,54,53,25,-0.20836316889277592,29
3172,112,11,45,6,-0.21017951186860273,5
3173,44,21,53,12,-0.2122113313421161,9
3174,18,40,107,18,-0.21456452912257684,22
3175,3,12,77,7,-0.2235602464877348,5
3176,84,12,67,7,-0.22644335659627166,5
3177,101,10,65,5,-0.2290613192590168,5
3178,20,14,57,7,-0.2296906724668833,7
3179,45,19,64,10,-0.23527445590290527,9
3180,84,72,107,36,-0.23736523288219558,36
3181,106,20,30,10,-0.2389555744717199,10
3182,13,16,61,7,-0.2394292304464427,9
3183,88,20,83,9,-0.24121558114701463,11
3184,93,10,39,5,-0.24650819188031967,5
3185,47,25,40,11,-0.24655985846699366,14
3186,16,31,109,15,-0.24890724276409806,16
3187,41,17,47,8,-0.24960180944275975,9
3188,108,11,17,6,-0.25064673927891384,5
3189,18,11,27,5,-0.2537580579499774,6
3190,76,22,37,10,-0.26060953944428406,12
3191,38,11,36,7,-0.26679215079866964,4
3192,65,49,39,23,-0.2688987951279629,26
3193,5,18,53,10,-0.277821332967146,8
3194,70,20,7,12,-0.27895885562124184,8
3195,67,12,96,5,-0.279965012591097,7
3196,25,12,67,6,-0.2816428039469064,6
3197,39,21,70,10,-0.2845470082736231,11
3198,13,56,104,28,-0.2850474299823818,28
3199,48,15,88,9,-0.29556123357785347,6
3200,18,30,41,16,-0.2969306601053822,14
3201,88,60,114,30,-0.2974933244941375,30
3202,65,12,78,5,-0.29851305330662053,7
3203,79,11,29,7,-0.3003897245778921,4
3204,108,12,81,6,-0.3007328534362905,6
3205,88,18,12,9,-0.3042097842896815,9
3206,111,19,23,8,-0.30722018824927033,11
3207,63,68,107,31,-0.3098872954610479,37
3208,92,13,51,6,-0.31029394338620975,7
3209,53,48,60,23,-0.3118269913878375,25
3210,107,58,60,29,-0.3187691134862571,29
3211,28,25,83,11,-0.3193130867023753,14
3212,69,12,11,7,-0.3194227999608887,5
3213,107,68,114,35,-0.3207029819693246,33
3214,108,23,86,10,-0.32194087878147215,13
3215,71,17,80,8,-0.3237123360021318,9
3216,3,17,61,7,-0.32688581986306675,10
3217,106,20,83,9,-0.3316445649094112,11
3218,4,13,109,7,-0.3380907022892352,6
3219,20,44,8,22,-0.3454844939659279,22
3220,5,10,49,5,-0.3484948933204407,5
3221,79,16,107,7,-0.34982224143412544,9
3222,8,21,7,11,-0.3507348233096159,10
3223,29,14,15,7,-0.35154179739306357,7
3224,65,21,47,11,-0.3519317997506139,10
3225,38,27,13,15,-0.3595775790025047,12
3226,41,18,46,10,-0.36430211798637085,8
3227,13,18,92,11,-0.3652174588156323,7
3228,63,30,25,14,-0.3669879376751877,16
3229,28,26,95,14,-0.36814720179538646,12
3230,75,21,40,11,-0.3686371386700461,10
3231,71,35,88,16,-0.37110920124030156,19
3232,19,13,49,6,-0.37271336021360923,7
3233,84,18,14,10,-0.37783903496494253,8
3234,97,22,70,10,-0.3783758219642562,12
3235,107,47,27,24,-0.3795019334466765,23
3236,71,28,114,14,-0.3795577437704577,14
3237,50,35,8,19,-0.3829382566779763,16
3238,36,30,69,15,-0.3859879811009911,15
3239,55,20,57,9,-0.3890374606350971,11
3240,44,13,8,7,-0.3904420875789997,6
3241,54,18,23,9,-0.39214168570707364,9
3242,41,16,55,8,-0.39291373598895946,8
3243,78,13,88,7,-0.3934639813104835,6
3244,85,13,20,7,-0.3937398173335161,6
3245,62,10,27,5,-0.394791778309893,5
3246,8,83,107,45,-0.39641937587544135,38
3247,7,95,107,53,-0.3977697672268478,42
3248,106,17,27,7,-0.40136309459980746,10
3249,39,36,11,18,-0.40504865792789757,18
3250,23,28,8,14,-0.40684946536290795,14
3251,79,18,50,9,-0.4091046493522828,9
3252,86,33,31,16,-0.4107692180392426,17
3253,38,14,5,7,-0.4168378546295618,7
3254,96,46,87,24,-0.4185307257645087,22
3255,19,11,46,5,-0.4237898327914003,6
3256,99,11,33,5,-0.4248665122614248,6
3257,63,46,68,23,-0.4255709909849707,23
3258,31,43,40,21,-0.4296271974626791,22
3259,69,13,109,6,-0.43237846797528773,7
3260,11,15,90,8,-0.4409004522210813,7
3261,50,30,17,14,-0.4435481857389689,16
3262,9,11,80,4,-0.4439834453330448,7
3263,81,17,3,8,-0.44434799321825436,9
3264,11,26,65,12,-0.4450324868622947,14
3265,55,13,62,6,-0.4490302976953225,7
3266,76,26,8,14,-0.4492143891303651,12
3267,112,13,1,5,-0.45359520737159276,8
3268,111,16,87,8,-0.45897322341286373,8
3269,31,54,65,28,-0.4691388746969265,26
3270,100,13,27,7,-0.4702077854231146,6
3271,69,13,37,7,-0.47410415365645314,6
3272,39,51,25,25,-0.4759465051184236,26
3273,41,31,75,17,-0.47837138213253816,14
3274,74,28,95,15,-0.4784255086028221,13
3275,62,17,37,7,-0.47941613349669043,10
3276,3,36,87,18,-0.4806290194893972,18
3277,104,14,57,9,-0.4845128262229359,5
3278,87,59,5,30,-0.49916697205470045,29
3279,31,35,88,17,-0.499980797609059,18
3280,91,13,90,7,-0.5003235284827329,6
3281,68,34,104,18,-0.5092257045757377,16
3282,97,12,49,7,-0.510198270023406,5
3283,9,18,4,9,-0.5118055197130339,9
3284,39,39,9,18,-0.5122974091677527,21
3285,28,68,106,35,-0.5161436710076651,33
3286,25,17,43,7,-0.5197036131496168,10
3287,28,19,73,9,-0.5214155246375576,10
3288,102,19,65,11,-0.5234012572749034,8
3289,6,20,107,10,-0.528810542873795,10
3290,86,55,68,27,-0.5310748741920146,28
3291,55,22,71,10,-0.5319428762463102,12
3292,76,19,41,8,-0.5337576494452245,11
3293,9,42,51,22,-0.5346045933154959,20
3294,68,23,94,12,-0.5364898351423458,11
3295,1,10,106,5,-0.5396528610114302,5
3296,39,22,12,11,-0.5419618153900839,11
3297,66,12,86,6,-0.5447941989519703,6
3298,54,29,64,14,-0.5456745481805153,15
3299,16,27,98,14,-0.5462850233229247,13
3300,39,42,41,23,-0.5463742537779043,19
3301,7,17,92,10,-0.5480230211986107,7
3302,54,49,5,26,-0.5526115688513301,23
3303,29,12,41,6,-0.5540141540161407,6
3304,17,26,49,15,-0.5566184788727492,11
3305,2,10,83,5,-0.559439726515081,5
3306,2,31,97,16,-0.5614740846174444,15
3307,108,10,29,5,-0.5615423900676234,5
3308,87,16,17,8,-0.5653640088554662,8
3309,94,10,40,5,-0.5678516928680514,5
3310,30,18,19,10,-0.5684318965604689,8
3311,65,51,75,25,-0.5689430318120551,26
3312,15,14,20,7,-0.5689936775430089,7
3313,15,11,72,5,-0.5703202274093787,6
3314,65,45,60,20,-0.5704742089898722,25
3315,84,18,90,9,-0.5795253040496205,9
3316,17,15,64,7,-0.5824319192017173,8
3317,36,13,76,9,-0.5885035889042698,4
3318,56,11,97,6,-0.5931267027213649,5
3319,72,24,13,11,-0.5977342226167965,13
3320,106,32,71,17,-0.6009609652453869,15
3321,34,15,63,8,-0.6010869874219955,7
3322,70,16,91,9,-0.6063303701253777,7
3323,114,20,43,9,-0.6074470201565787,11
3324,65,90,54,46,-0.6146787474699974,44
3325,58,22,31,11,-0.6168553703735028,11
3326,96,30,76,16,-0.6223340675935105,14
3327,71,33,36,16,-0.6241330409639598,17
3328,1,23,60,12,-0.6297573562891176,11
3329,64,28,4,15,-0.6316212138641698,13
3330,86,56,30,30,-0.6327113698521644,26
3331,41,22,70,10,-0.6354721735396389,12
3332,36,17,111,9,-0.6365354853619557,8
3333,41,25,25,11,-0.6394054706376676,14
3334,9,49,68,25,-0.6403549802856343,24
3335,50,16,98,8,-0.6426219058041119,8
3336,68,72,51,34,-0.6442185735943897,38
3337,1,27,41,15,-0.6450987397179483,12
3338,109,32,87,17,-0.6465419452888961,15
3339,114,12,30,6,-0.6487861981579929,6
3340,16,42,57,21,-0.6517850743203587,21
3341,13,92,68,48,-0.6581175641889085,44
3342,50,38,63,20,-0.6599709375930077,18
3343,114,40,37,22,-0.6680388190804033,18
3344,39,56,87,29,-0.6711266151846677,27
3345,13,31,109,17,-0.6717168111881655,14
3346,48,34,16,17,-0.6749071927540304,17
3347,58,13,43,7,-0.6756377653052408,6
3348,23,14,109,7,-0.6795387556597896,7
3349,114,24,50,13,-0.6812811811945291,11
3350,25,19,18,9,-0.6816652439852758,10
3351,54,42,39,21,-0.6840393660233661,21
3352,98,10,62,5,-0.6900751788017029,5
3353,65,97,63,49,-0.6919780621278473,48
3354,39,73,7,36,-0.6920867889114356,37
3355,39,41,8,20,-0.6937986397009376,21
3356,95,11,57,7,-0.6989616542578677,4
3357,91,11,38,6,-0.7003822911270713,5
3358,104,23,18,10,-0.7012089452274208,13
3359,49,43,88,22,-0.7014211589442607,21
3360,87,23,62,12,-0.7039977918400065,11
3361,68,23,17,11,-0.7086074455277905,12
3362,28,13,82,6,-0.7153587234866207,7
3363,40,18,61,9,-0.7154895706830816,9
3364,50,19,69,11,-0.723105666525245,8
3365,9,27,3,14,-0.7284011303001917,13
3366,13,66,41,33,-0.7296445090281021,33
3367,65,86,7,41,-0.7314326563301068,45
3368,5,41,95,20,-0.7316066534315533,21
3369,54,16,29,8,-0.7316507778434965,8
3370,86,77,40,41,-0.7352757671814375,36
3371,63,40,5,18,-0.7358500176759462,22
3372,15,24,25,11,-0.7394428200536295,13
3373,74,13,36,8,-0.743717573303844,5
3374,63,37,41,19,-0.7444231446880566,18
3375,84,24,46,13,-0.7446057703540011,11
3376,71,20,3,10,-0.7446115406314829,10
3377,30,27,49,14,-0.7499633093724578,13
3378,13,15,14,9,-0.751185424264851,6
3379,112,40,16,21,-0.7567380050399233,19
3380,65,13,94,6,-0.7701527109172653,7
3381,104,15,33,7,-0.7704375614853106,8
3382,93,20,97,10,-0.7717644600090567,10
3383,84,19,10,10,-0.7730240789929577,9
3384,99,22,87,12,-0.7762165713325071,10
3385,28,51,13,26,-0.7790491963091725,25
3386,86,25,35,14,-0.7790661728530298,11
3387,34,17,9,9,-0.77910514985876,8
3388,97,13,100,7,-0.7866792604447764,6
3389,104,18,4,8,-0.7872554057904768,10
3390,3,15,96,7,-0.7883607611625825,8
3391,89,16,28,9,-0.7901986413516622,7
3392,46,28,87,13,-0.7941915016238148,15
3393,88,22,2,11,-0.7956469041111237,11
3394,49,20,68,10,-0.7960430752354469,10
3395,103,10,41,5,-0.8048436282702781,5
3396,94,14,29,7,-0.8058758561257962,7
3397,40,14,56,7,-0.8062835825274064,7
3398,50,31,84,15,-0.8064114901977935,16
3399,107,58,96,31,-0.8081270899904945,27
3400,79,16,7,8,-0.8085663274395147,8
3401,11,27,13,14,-0.8150505436514458,13
3402,20,27,74,13,-0.8203305748765273,14
3403,45,19,114,10,-0.8205689132017484,9
3404,28,83,107,44,-0.8210512254142028,39
3405,95,15,84,8,-0.8218033746912378,7
3406,37,48,28,24,-0.8263140292594411,24
3407,106,12,29,6,-0.8264692442725535,6
3408,114,15,33,7,-0.8283609152315335,8
3409,46,16,2,8,-0.8285194662826783,8
3410,20,80,86,42,-0.8301074964710548,38
3411,30,23,28,11,-0.840323990421683,12
3412,29,11,69,6,-0.8439423628658328,5
3413,50,11,62,6,-0.8451062062670082,5
3414,102,13,39,7,-0.8492100400200481,6
3415,17,34,13,18,-0.850603579128267,16
3416,51,28,30,15,-0.8603740804537089,13
3417,114,10,10,6,-0.8617397018011254,4
3418,19,20,94,10,-0.8676936024077146,10
3419,28,40,39,20,-0.8686024761681225,20
3420,37,67,8,34,-0.8700084298071528,33
3421,84,17,60,7,-0.8716143564890693,10
3422,12,28,51,14,-0.8723369355034599,14
3423,86,33,80,17,-0.872719917434131,16
3424,13,36,15,19,-0.8728458633356501,17
3425,68,47,111,23,-0.87462883933747,24
3426,91,17,84,9,-0.8755346549877636,8
3427,57,21,37,11,-0.877816000827672,10
3428,4,21,77,11,-0.8810684428976734,10
3429,83,17,60,9,-0.8851626447494985,8
3430,86,49,3,24,-0.8896666649939996,25
3431,100,28,13,14,-0.8900217777744481,14
3432,107,22,94,13,-0.8912889870157802,9
3433,88,76,8,39,-0.8933115574955759,37
3434,23,51,16,26,-0.8986830698055417,25
3435,74,17,68,10,-0.9001065237726515,7
3436,87,18,14,10,-0.9015139105491373,8
3437,14,11,112,5,-0.9022319115654427,6
3438,75,35,36,16,-0.9076169876586756,19
3439,68,22,77,11,-0.9089813853065126,11
3440,50,17,43,10,-0.911659904777202,7
3441,48,18,39,10,-0.9127145579388771,8
3442,11,12,114,7,-0.9147560322473871,5
3443,33,20,13,10,-0.9181205054603415,10
3444,114,27,75,14,-0.9181862737012573,13
3445,79,12,51,7,-0.9183017095558501,5
3446,51,28,57,14,-0.9210242184575963,14
3447,84,24,65,12,-0.9234950902348572,12
3448,86,17,33,8,-0.9246066959077452,9
3449,83,11,102,6,-0.9259324073609722,5
3450,55,13,27,7,-0.9348749202439617,6
3451,40,29,18,17,-0.9358054757186769,12
3452,108,10,7,6,-0.9385265901557558,4
3453,29,12,17,6,-0.9396559694862591,6
3454,114,13,112,6,-0.9421647262329372,7
3455,53,23,63,12,-0.9461903574638926,11
3456,5,14,14,8,-0.9561035605846475,6
3457,16,70,54,35,-0.9574390557624933,35
3458,103,11,106,5,-0.9583580547252434,6
3459,106,38,104,19,-0.9604760273979325,19
3460,114,30,102,16,-0.9680544759122797,14
3461,51,50,37,23,-0.9710667257210696,27
3462,51,40,53,20,-0.9719493528973238,20
3463,9,12,78,6,-0.9745877106891214,6
3464,5,65,107,33,-0.9748363761521153,32
3465,54,67,8,32,-0.9788096362147561,35
3466,93,10,60,4,-0.9795074052045607,6
3467,38,21,64,11,-0.9820263127460164,10
3468,34,22,17,11,-0.9848498347654565,11
3469,30,13,9,7,-0.9935090532750581,6
3470,3,31,39,15,-0.9959288800754669,16
3471,13,70,86,35,-0.9970973609227783,35
3472,49,17,65,9,-0.9975002647964059,8
3473,17,37,37,21,-0.9978108601802036,16
3474,54,54,87,29,-1.001099890951392,25
3475,7,39,114,21,-1.0047894280060643,18
3476,93,11,114,5,-1.0049906589581687,6
3477,75,43,13,23,-1.0053644322647692,20
3478,107,28,98,14,-1.0170960211152535,14
3479,77,57,60,29,-1.0187732052674565,28
3480,93,22,86,11,-1.0208024258978545,11
3481,114,42,16,23,-1.0212587757382683,19
3482,33,10,70,5,-1.0222975969230645,5
3483,44,20,63,11,-1.0233184771026504,9
3484,86,111,107,58,-1.0263307921685703,53
3485,9,56,13,30,-1.029692328241817,26
3486,7,22,35,11,-1.02999883395421,11
3487,3,14,45,7,-1.0349134798027073,7
3488,88,21,90,10,-1.0373159148886413,11
3489,69,19,114,11,-1.0427404151557151,8
3490,16,57,11,33,-1.0428897766479872,24
3491,102,28,54,14,-1.047082814800161,14
3492,13,32,20,16,-1.0473604323868067,16
3493,40,37,16,20,-1.0479395774839417,17
3494,48,18,20,10,-1.0556464172960118,8
3495,87,35,18,19,-1.059533339757231,16
3496,109,30,104,15,-1.063865849600061,15
3497,48,23,11,12,-1.064181687617497,11
3498,8,55,70,28,-1.0665028298167962,27
3499,102,11,68,6,-1.0688066146446953,5
3500,66,12,106,7,-1.0707591278531368,5
3501,37,20,67,11,-1.0707700527635244,9
3502,28,50,87,25,-1.072521726859484,25
3503,97,19,64,10,-1.0748997556854094,9
3504,57,20,46,10,-1.0787393081529644,10
3505,74,13,40,7,-1.0901529369074696,6
3506,11,16,14,9,-1.0923565448715815,7
3507,16,25,72,13,-1.0967181693009587,12
3508,11,45,46,24,-1.1009029076063193,21
3509,106,39,70,19,-1.1024614638047292,20
3510,46,35,107,17,-1.1031099530770958,18
3511,2,18,96,9,-1.1039761816908782,9
3512,45,19,40,10,-1.1043531225931214,9
3513,47,12,91,6,-1.104710696366028,6
3514,55,13,73,7,-1.1082443575059588,6
3515,40,47,63,25,-1.1085655861732648,22
3516,88,18,61,8,-1.1254133453483963,10
3517,43,24,27,12,-1.1301283213562945,12
3518,31,26,3,12,-1.1304098830558946,14
3519,106,26,36,13,-1.1307287364062808,13
3520,71,73,60,38,-1.1360670304013198,35
3521,41,71,65,39,-1.1364971533687538,32
3522,12,11,85,6,-1.1385099220486274,5
3523,74,14,12,7,-1.1676100167547812,7
3524,7,28,49,16,-1.169650224450325,12
3525,43,19,69,10,-1.1707049338371238,9
3526,30,21,27,11,-1.1758750370452133,10
3527,39,61,13,31,-1.1847417984992314,30
3528,79,14,34,8,-1.1918923228941705,6
3529,109,25,25,13,-1.1927554377225942,12
3530,11,16,93,10,-1.194367252998836,6
3531,74,51,16,27,-1.1989524884769094,24
3532,79,10,65,5,-1.2013413032834053,5
3533,7,44,63,26,-1.2086828652803665,18
3534,97,33,25,17,-1.2112097532933461,16
3535,88,42,64,23,-1.2118692904336803,19
3536,68,59,60,32,-1.2120069584657027,27
3537,74,11,98,6,-1.2137114800422124,5
3538,49,22,51,11,-1.223339610254356,11
3539,9,26,71,14,-1.2262156519313807,12
3540,95,16,63,8,-1.233969730193377,8
3541,93,21,107,10,-1.2375139728583175,11
3542,31,25,71,13,-1.2380158081615502,12
3543,4,30,107,15,-1.2387516471106224,15
3544,71,10,1,6,-1.2456643982922142,4
3545,107,31,108,16,-1.2462257353255575,15
3546,89,10,65,5,-1.2467666872041385,5
3547,33,22,16,13,-1.2507199492720238,9
3548,99,26,55,14,-1.260544955494955,12
3549,14,15,107,7,-1.262180496300674,8
3550,43,19,63,10,-1.2637110667141367,9
3551,65,27,50,14,-1.2644687002361992,13
3552,114,17,15,9,-1.2734943259065574,8
3553,51,30,50,15,-1.277023353905357,15
3554,109,20,97,10,-1.2834069052578214,10
3555,54,17,33,8,-1.2844291677407338,9
3556,102,17,11,8,-1.2862551218754503,9
3557,74,22,2,12,-1.2925512141562505,10
3558,88,57,87,27,-1.297249266486386,30
3559,13,44,5,23,-1.3023509853743016,21
3560,102,11,70,4,-1.3043211125718082,7
3561,86,13,6,7,-1.306297639697856,6
3562,58,28,9,15,-1.3102681358219028,13
3563,51,12,32,6,-1.314434714983353,6
3564,8,16,10,9,-1.3145513780375313,7
3565,55,17,3,9,-1.3172267439478242,8
3566,80,18,74,9,-1.3199661328668575,9
3567,109,25,60,13,-1.3235251021634893,12
3568,65,13,61,6,-1.3279652478825155,7
3569,87,42,11,20,-1.3332948484864782,22
3570,13,59,49,29,-1.3342252284134024,30
3571,76,29,70,14,-1.3451436146232192,15
3572,40,17,108,8,-1.3479697301696822,9
3573,78,26,84,14,-1.3485306553399403,12
3574,88,37,97,19,-1.3490743629309028,18
3575,18,16,12,9,-1.353806243690165,7
3576,85,12,69,6,-1.3560361154784737,6
3577,70,39,107,19,-1.3599998705907195,20
3578,68,42,64,24,-1.3624818601326816,18
3579,30,26,25,12,-1.3633847180345777,14
3580,50,33,39,17,-1.3662313543505333,16
3581,76,11,90,5,-1.371109786983603,6
3582,48,10,75,5,-1.3711471542080287,5
3583,55,66,86,35,-1.3714897734674971,31
3584,69,11,6,5,-1.3727715082405267,6
3585,60,36,43,19,-1.374143488053798,17
3586,27,46,16,25,-1.375413690186467,21
3587,41,30,106,15,-1.3806292559177735,15
3588,7,31,95,17,-1.3809406634768695,14
3589,11,41,50,22,-1.3816262941644981,19
3590,29,11,36,5,-1.3837445576600587,6
3591,65,20,77,10,-1.385558992620708,10
3592,37,13,43,6,-1.39155356085389,7
3593,16,25,44,12,-1.3924747988210244,13
3594,83,15,7,9,-1.3943529604549403,6
3595,9,13,91,7,-1.3946381880594534,6
3596,68,63,65,33,-1.3991367681458051,30
3597,44,12,75,7,-1.3998373775330364,5
3598,95,17,70,8,-1.4011695857654913,9
3599,13,22,12,14,-1.4046792155049046,8
3600,18,58,7,29,-1.407111198769738,29
3601,40,16,12,8,-1.412082266616442,8
3602,87,43,30,22,-1.4139307998692503,21
3603,109,11,94,5,-1.4139835062750101,6
3604,53,11,1,6,-1.4196819324858239,5
3605,18,21,74,10,-1.4198609666190056,11
3606,51,18,29,10,-1.4222631016002014,8
3607,45,35,36,16,-1.4232731245081227,19
3608,86,56,70,30,-1.4292180536114512,26
3609,27,18,47,10,-1.4313076543434002,8
3610,86,30,85,16,-1.4358048779112946,14
3611,25,28,50,14,-1.4391705454909016,14
3612,97,21,20,10,-1.4395279608818727,11
3613,38,24,68,13,-1.4453831916260256,11
3614,63,55,106,28,-1.4485566818099482,27
3615,51,35,3,15,-1.450602711491367,20
3616,88,62,46,31,-1.4519317579443416,31
3617,55,30,53,16,-1.4538038424746405,14
3618,89,16,50,9,-1.4560158637801313,7
3619,38,16,8,8,-1.4562520429495762,8
3620,54,32,84,17,-1.4591305177250877,15
3621,83,23,25,13,-1.459720188055496,10
3622,47,21,31,11,-1.4606130980712662,10
3623,28,20,33,9,-1.4609880096092156,11
3624,51,64,40,33,-1.4624658901194143,31
3625,43,13,23,7,-1.4628793390447175,6
3626,23,16,112,9,-1.4656028868993891,7
3627,2,32,86,16,-1.4682447143488924,16
3628,32,17,11,8,-1.4729852723414758,9
3629,63,15,73,7,-1.4760785674332912,8
3630,27,29,41,16,-1.4791025709590586,13
3631,30,19,76,9,-1.4838540857769407,10
3632,13,59,4,32,-1.4911690163054772,27
3633,5,52,46,28,-1.4974094901037482,24
3634,43,11,29,6,-1.4978241959441987,5
3635,108,17,50,8,-1.5013768012598367,9
3636,19,31,16,16,-1.507180695328465,15
3637,55,12,46,7,-1.514859018089955,5
3638,41,10,48,5,-1.5154908856574238,5
3639,37,14,35,7,-1.523131742310598,7
3640,88,34,1,17,-1.5234508852206479,17
3641,65,26,83,13,-1.5253499649391125,13
3642,84,20,114,11,-1.52828266290098,9
3643,53,13,29,8,-1.5317670028644754,5
3644,45,23,13,12,-1.5362814776486233,11
3645,46,25,97,13,-1.53794225986029,12
3646,74,61,107,33,-1.5445233108407423,28
3647,112,11,74,6,-1.5465866625881939,5
3648,43,12,57,8,-1.547683226037978,4
3649,74,26,11,14,-1.5483769164487973,12
3650,83,23,104,13,-1.5563880557352991,10
3651,49,11,109,6,-1.5612220128244476,5
3652,28,66,8,35,-1.5619285888266068,31
3653,111,14,9,7,-1.5621342613374538,7
3654,100,15,9,9,-1.5684675366801644,6
3655,86,100,106,52,-1.5692663469089445,48
3656,88,58,40,31,-1.5715316879527899,27
3657,46,25,60,13,-1.5735893742532685,12
3658,90,22,55,10,-1.578656952498874,12
3659,25,15,2,7,-1.5845186001024019,8
3660,90,10,64,5,-1.5921132093044663,5
3661,87,17,58,9,-1.5945657171525212,8
3662,18,10,94,5,-1.600111613157304,5
3663,3,15,23,8,-1.6013986021332858,7
3664,63,18,47,8,-1.6044666815105075,10
3665,43,13,70,7,-1.6071210379776915,6
3666,69,19,19,10,-1.6096912747748562,9
3667,57,18,68,9,-1.6190755944848343,9
3668,9,20,112,10,-1.6257132685716436,10
3669,96,19,39,11,-1.6315253594413601,8
3670,41,78,7,40,-1.6316845641232842,38
3671,80,12,38,7,-1.640066144596355,5
3672,68,23,36,12,-1.6511686348202665,11
3673,40,25,30,13,-1.6527748170609526,12
3674,17,32,107,17,-1.6568754180103662,15
3675,48,19,106,10,-1.6634533717988316,9
3676,17,16,85,9,-1.6640468368595824,7
3677,51,13,85,6,-1.664226628935167,7
3678,31,28,45,15,-1.6710870406691087,13
3679,114,29,54,14,-1.6786165794472785,15
3680,27,11,72,5,-1.6792102173602574,6
3681,77,12,17,6,-1.6873994667000654,6
3682,106,34,68,18,-1.6879506890966793,16
3683,86,24,34,12,-1.6932391968680565,12
3684,5,64,28,33,-1.6933141899778517,31
3685,46,23,9,13,-1.6945658865661515,10
3686,23,15,36,6,-1.6972875274185715,9
3687,102,16,20,8,-1.6989391239814924,8
3688,86,44,23,23,-1.7030841833116435,21
3689,37,10,48,5,-1.703593750319215,5
3690,63,32,9,17,-1.707803131688152,15
3691,107,50,11,27,-1.7078931888870255,23
3692,7,40,54,21,-1.7088310244062668,19
3693,110,14,87,8,-1.712794271473505,6
3694,43,14,109,7,-1.712926735873305,7
3695,3,13,62,7,-1.7130447574182024,6
3696,38,32,86,17,-1.7164597494651734,15
3697,27,14,54,7,-1.7208673623652104,7
3698,16,64,104,34,-1.7215823847620737,30
3699,45,19,16,11,-1.7223541453976996,8
3700,45,15,63,8,-1.7260545689947928,7
3701,12,13,50,5,-1.7279667161947843,8
3702,68,13,32,8,-1.7311662598089228,5
3703,75,19,70,9,-1.7314858975507368,10
3704,65,31,43,15,-1.7334771180435702,16
3705,106,19,48,10,-1.7335189393534853,9
3706,81,22,88,12,-1.7392542924502719,10
3707,88,37,36,21,-1.7392851936744331,16
3708,109,10,78,5,-1.740661389354757,5
3709,6,11,18,6,-1.7414584600944745,5
3710,36,33,60,17,-1.7416473627060742,16
3711,11,23,48,12,-1.7420128302909375,11
3712,61,13,86,7,-1.7442789867829431,6
3713,107,38,97,19,-1.7507246476170446,19
3714,68,31,4,16,-1.7510661926181545,15
3715,57,33,86,18,-1.7522583613315093,15
3716,70,26,84,14,-1.7530345342228948,12
3717,110,11,88,5,-1.7642228121429868,6
3718,76,14,27,7,-1.7665294690868616,7
3719,13,93,16,51,-1.7680272073351373,42
3720,39,12,69,6,-1.778905157901617,6
3721,84,13,102,7,-1.7793224025292758,6
3722,60,17,11,9,-1.779429717497023,8
3723,90,25,37,13,-1.7816453937181784,12
3724,17,11,19,5,-1.8011329372202576,6
3725,100,13,12,8,-1.803430921135591,5
3726,31,34,51,20,-1.8036645224364214,14
3727,25,22,36,11,-1.8071440138268584,11
3728,111,18,40,9,-1.8104998545748818,9
3729,28,18,79,10,-1.8130893193426156,8
3730,109,11,71,6,-1.819641782820222,5
3731,60,71,13,40,-1.8200154702189595,31
3732,99,13,102,7,-1.8212893413036864,6
3733,108,16,64,8,-1.8224151605655852,8
3734,114,13,44,7,-1.8263733365516708,6
3735,3,11,106,6,-1.8270221877820196,5
3736,13,29,74,15,-1.8278354237299068,14
3737,49,20,54,10,-1.8291542659227744,10
3738,109,54,28,30,-1.8301464583611147,24
3739,96,38,84,19,-1.835648682700679,19
3740,20,30,114,16,-1.839540566254475,14
3741,81,15,68,8,-1.8403513087559695,7
3742,97,22,53,12,-1.8492466822191078,10
3743,49,17,8,8,-1.8503482563099287,9
3744,106,61,87,31,-1.8566326197242504,30
3745,112,11,85,6,-1.86190112472257,5
3746,5,95,37,49,-1.865428870342572,46
3747,54,26,17,13,-1.867393134138254,13
3748,65,91,13,49,-1.8704880163256519,42
3749,41,49,51,26,-1.877505705092543,23
3750,79,14,8,6,-1.8787453444383126,8
3751,64,30,87,15,-1.8805745129965612,15
3752,106,16,14,9,-1.882434094413926,7
3753,8,41,2,21,-1.8848654476169693,20
3754,64,23,25,12,-1.8857238852847689,11
3755,39,34,47,18,-1.8887252121213738,16
3756,106,35,20,19,-1.890590591428699,16
3757,112,27,107,14,-1.8978016202230057,13
3758,78,35,86,18,-1.9028193156606692,17
3759,23,28,51,15,-1.9066169824504664,13
3760,1,38,68,20,-1.9099752765436673,18
3761,47,23,87,12,-1.9101133657381943,11
3762,63,29,71,16,-1.915183979520071,13
3763,17,11,110,6,-1.9155371371930654,5
3764,106,32,97,16,-1.9159665785715099,16
3765,76,11,99,5,-1.9173589523208336,6
3766,64,43,53,23,-1.9214578200473016,20
3767,18,21,114,11,-1.923577249757447,10
3768,86,56,114,29,-1.9239569797033842,27
3769,40,19,70,11,-1.9276789997691202,8
3770,84,38,87,20,-1.9318820493391857,18
3771,97,14,23,7,-1.9330528734436563,7
3772,80,11,17,7,-1.9331063026674833,4
3773,98,10,32,5,-1.9380052263831622,5
3774,7,49,71,24,-1.9387153694352766,25
3775,104,13,110,8,-1.9388474450810558,5
3776,31,14,23,8,-1.9392936999416424,6
3777,96,18,13,10,-1.9406803869416942,8
3778,65,49,8,26,-1.942404007953409,23
3779,55,20,25,11,-1.9429576796619947,9
3780,3,14,19,8,-1.945203843106352,6
3781,48,15,7,7,-1.9478692265013033,8
3782,64,34,36,17,-1.9485056781764598,17
3783,71,12,78,6,-1.9545808326383198,6
3784,35,11,50,6,-1.9581460146246743,5
3785,15,15,64,7,-1.974538086287131,8
3786,53,28,95,17,-1.9769373995573178,11
3787,11,20,7,11,-1.9783496463256065,9
3788,76,46,106,22,-1.9803869538705086,24
3789,11,11,85,6,-1.9817217638118096,5
3790,25,38,28,22,-1.983389891159918,16
3791,107,33,1,17,-1.9841002438837656,16
3792,4,19,53,10,-1.987694792892672,9
3793,38,20,60,10,-1.9901891037372657,10
3794,19,14,65,7,-1.9908537179891221,7
3795,50,38,13,20,-1.9937674166002943,18
3796,112,15,104,8,-1.9939359727925703,7
3797,41,18,11,11,-1.9968842930037836,7
3798,86,58,109,31,-1.99958534646243,27
3799,87,32,75,17,-2.0004298974911783,15
3800,28,87,16,47,-2.0038366917622867,40
3801,97,22,83,10,-2.007636873207568,12
3802,90,37,8,21,-2.01946478207178,16
3803,17,27,114,16,-2.021159075364869,11
3804,68,24,78,13,-2.0233663173829637,11
3805,39,31,95,16,-2.0237049528227313,15
3806,60,32,18,17,-2.0244266182620265,15
3807,13,11,32,6,-2.026181507027533,5
3808,9,29,60,17,-2.026686622824744,12
3809,114,14,91,7,-2.031242634143396,7
3810,79,11,55,6,-2.0315889229013417,5
3811,65,18,109,11,-2.0321022824018544,7
3812,50,13,83,6,-2.034563553464953,7
3813,51,34,18,17,-2.042743355152735,17
3814,86,30,15,16,-2.0441092378448187,14
3815,88,21,93,12,-2.047097578055207,9
3816,78,12,55,7,-2.047703711992377,5
3817,80,31,65,16,-2.05091984654234,15
3818,90,45,86,25,-2.0574221764428238,20
3819,113,12,86,7,-2.0586102760293072,5
3820,88,12,79,7,-2.0642453169607626,5
3821,51,71,88,34,-2.0740353286735154,37
3822,63,10,82,5,-2.0779758612966877,5
3823,65,47,74,24,-2.0847963525870905,23
3824,51,14,44,9,-2.0848742289559725,5
3825,28,55,88,30,-2.0851563159512985,25
3826,107,73,51,42,-2.0899344269779965,31
3827,62,18,13,9,-2.091905330703411,9
3828,91,12,17,7,-2.0932516032559643,5
3829,8,22,97,11,-2.094799206270941,11
3830,55,34,83,17,-2.0962093979720193,17
3831,27,48,13,25,-2.0966587772715637,23
3832,79,18,84,9,-2.0988599029371886,9
3833,38,11,12,6,-2.1101018439230717,5
3834,33,12,74,6,-2.113811361821,6
3835,72,17,7,9,-2.1143024060967655,8
3836,19,21,60,12,-2.115884583957074,9
3837,64,20,1,10,-2.116432620959366,10
3838,37,38,65,19,-2.116557677432621,19
3839,70,11,53,6,-2.117480208536356,5
3840,84,26,37,14,-2.1240499046478805,12
3841,43,16,35,8,-2.1256405181906706,8
3842,76,13,34,6,-2.1338119769299584,7
3843,62,11,30,5,-2.146210573797789,6
3844,53,13,23,7,-2.1639220781507644,6
3845,74,14,88,9,-2.16536396125082,5
3846,54,75,86,39,-2.1689438842347455,36
3847,39,11,33,6,-2.1701558874520313,5
3848,93,16,84,8,-2.173203038685071,8
3849,70,26,63,14,-2.1813121472430432,12
3850,11,36,63,21,-2.184303425155536,15
3851,68,49,107,27,-2.1853889900704107,22
3852,60,53,51,31,-2.185540959334895,22
3853,39,30,27,14,-2.1861655872751493,16
3854,74,64,8,36,-2.1866220406514896,28
3855,54,10,31,5,-2.1866689261471493,5
3856,40,75,7,42,-2.1957521283064807,33
3857,88,63,60,35,-2.2053487740970468,28
3858,96,50,5,28,-2.21142719225076,22
3859,55,84,8,42,-2.212352121108186,42
3860,72,12,107,6,-2.212838159801352,6
3861,51,12,93,6,-2.216632142916852,6
3862,98,14,18,6,-2.2211477971408065,8
3863,99,13,98,6,-2.22125816779338,7
3864,16,35,15,17,-2.223741648422683,18
3865,33,11,88,5,-2.224220943421554,6
3866,25,16,90,9,-2.226157693683706,7
3867,1,12,62,7,-2.2295391066336445,5
3868,74,27,20,15,-2.230377352624161,12
3869,20,14,18,8,-2.233452860395892,6
3870,27,10,70,5,-2.243263258457554,5
3871,4,38,88,20,-2.24592170041755,18
3872,20,13,69,7,-2.2532252345201647,6
3873,25,30,95,16,-2.25397314365567,14
3874,88,45,106,26,-2.2639858690375605,19
3875,77,18,49,11,-2.2644642206919796,7
3876,7,12,85,7,-2.267272935114745,5
3877,96,66,28,35,-2.2674069446039327,31
3878,31,10,61,5,-2.2696136748473594,5
3879,70,48,16,27,-2.2731186306672018,21
3880,35,20,88,10,-2.2787018333731495,10
3881,40,47,9,26,-2.2806450266015688,21
3882,114,38,63,23,-2.2836807270192585,15
3883,74,46,37,24,-2.2838690954080456,22
3884,4,13,106,6,-2.287883468044352,7
3885,69,28,51,16,-2.2914051236276647,12
3886,5,24,100,13,-2.2932427434044693,11
3887,39,22,62,11,-2.2934426459905617,11
3888,81,15,9,8,-2.297406284952818,7
3889,32,21,86,11,-2.2989864902239,10
3890,69,27,88,15,-2.300359575839998,12
3891,50,12,58,6,-2.303376752943112,6
3892,94,20,86,11,-2.3038356669762092,9
3893,48,18,109,9,-2.3066244801907967,9
3894,72,18,54,10,-2.3089068997418343,8
3895,91,32,88,17,-2.315767764685103,15
3896,102,21,104,10,-2.320627297470276,11
3897,64,23,50,12,-2.3285304422785043,11
3898,5,51,109,26,-2.3285813949081646,25
3899,53,28,25,14,-2.3301510854690832,14
3900,57,31,15,17,-2.3311898509183155,14
3901,86,16,29,9,-2.3399676619619454,7
3902,50,13,6,7,-2.341492332331065,6
3903,38,12,114,6,-2.3415263774379937,6
3904,2,20,16,11,-2.344610668498853,9
3905,3,19,104,10,-2.3520715951524074,9
3906,37,58,107,31,-2.3520883092822156,27
3907,31,36,4,21,-2.3535355966794675,15
3908,109,14,96,8,-2.3566759619593642,6
3909,100,17,19,8,-2.358656599318164,9
3910,11,51,8,28,-2.360316345482966,23
3911,5,23,99,12,-2.3616219022642833,11
3912,39,46,63,28,-2.3626947638130464,18
3913,50,24,40,14,-2.3671440474550494,10
3914,112,19,50,11,-2.3689643473531765,8
3915,48,15,30,9,-2.3702999073115163,6
3916,96,55,8,30,-2.3714393570924233,25
3917,90,12,41,6,-2.374130143751011,6
3918,107,40,71,23,-2.3760609676092477,17
3919,17,23,8,12,-2.380809098241683,11
3920,56,13,75,8,-2.3840139649043506,5
3921,104,25,96,14,-2.3866419839158355,11
3922,71,21,4,13,-2.3871750117365993,8
3923,95,40,104,22,-2.389034218387607,18
3924,8,12,111,6,-2.390343846489093,6
3925,87,22,83,11,-2.3903571419434884,11
3926,30,15,29,9,-2.3949739668636147,6
3927,28,38,46,22,-2.3990178798165633,16
3928,98,15,114,8,-2.3992721750256893,7
3929,8,10,56,6,-2.4000860547179794,4
3930,80,26,20,14,-2.4033351571638573,12
3931,69,18,9,10,-2.4050002453980612,8
3932,51,24,47,12,-2.4094573680997575,12
3933,93,33,8,17,-2.4111455321691304,16
3934,92,11,65,6,-2.411285975254871,5
3935,28,51,11,26,-2.4132515223591926,25
3936,20,38,88,19,-2.4156839797078273,19
3937,39,35,71,19,-2.4158892555534424,16
3938,54,17,94,9,-2.418369665890047,8
3939,25,46,107,24,-2.4187485647838773,22
3940,99,11,109,6,-2.419517402501058,5
3941,29,13,76,6,-2.419934578837023,7
3942,17,15,112,8,-2.423435965631074,7
3943,62,18,100,9,-2.4248863741034374,9
3944,75,20,91,7,-2.4323694332612673,13
3945,17,16,100,10,-2.432372306828288,6
3946,51,19,14,12,-2.4338441230915153,7
3947,106,39,55,22,-2.4381392466666045,17
3948,86,18,12,10,-2.4382543520920796,8
3949,88,31,96,16,-2.4406464912019885,15
3950,50,10,32,4,-2.4440541907162716,6
3951,94,15,100,9,-2.4441989086947187,6
3952,112,29,65,16,-2.4552380652908345,13
3953,68,23,19,13,-2.459954749025012,10
3954,69,17,74,8,-2.466497282082454,9
3955,74,40,87,22,-2.4671563114027464,18
3956,81,17,4,10,-2.467812477706327,7
3957,94,11,3,6,-2.4703368234336676,5
3958,9,61,7,31,-2.4756046461152823,30
3959,104,37,87,18,-2.4814321174048906,19
3960,111,11,18,6,-2.489910872635885,5
3961,109,18,37,10,-2.5010134043415313,8
3962,28,26,60,12,-2.503783946382719,14
3963,96,37,106,21,-2.5084238105055885,16
3964,55,43,75,25,-2.5125301308500276,18
3965,39,33,64,18,-2.5132272078146323,15
3966,102,26,16,14,-2.5156356988528947,12
3967,36,15,12,8,-2.5163199425137495,7
3968,19,19,28,11,-2.5182869063974485,8
3969,54,34,80,17,-2.5244394841569355,17
3970,4,18,39,10,-2.5267698999647226,8
3971,9,33,36,18,-2.527924078037467,15
3972,30,19,99,11,-2.5303882936847786,8
3973,107,15,44,8,-2.5305445670994087,7
3974,17,29,7,16,-2.5320894413613915,13
3975,95,20,20,11,-2.5325274069422727,9
3976,94,15,69,8,-2.535027799735268,7
3977,60,50,39,26,-2.5355246842136108,24
3978,60,11,111,7,-2.535604443502029,4
3979,79,16,63,9,-2.5383647167046717,7
3980,20,15,19,8,-2.543598619448083,7
3981,60,25,63,14,-2.5472563824704046,11
3982,16,46,41,23,-2.549196136708536,23
3983,36,74,7,40,-2.54935875079736,34
3984,49,11,72,6,-2.549936614828146,5
3985,87,22,2,12,-2.552259240666562,10
3986,1,19,73,11,-2.5534291003907295,8
3987,60,14,94,8,-2.5547507602712956,6
3988,63,10,83,4,-2.557624644664858,6
3989,51,43,28,22,-2.5635290356109595,21
3990,23,11,9,6,-2.5650998994582825,5
3991,87,13,92,7,-2.5651869545632544,6
3992,107,50,50,26,-2.5656690703128167,24
3993,38,18,29,10,-2.569512191405065,8
3994,17,15,1,8,-2.5752502333351277,7
3995,71,14,69,7,-2.582352607553779,7
3996,38,23,88,14,-2.5850808349547205,9
3997,107,33,34,19,-2.5875719097269365,14
3998,87,25,71,13,-2.590103521421834,12
3999,18,33,86,19,-2.5923706641316473,14
4000,109,10,1,5,-2.592960677140225,5
4001,91,23,36,13,-2.600483205457647,10
4002,107,25,85,13,-2.601380149286501,12
4003,90,37,107,19,-2.6015860655240464,18
4004,8,15,29,9,-2.602614792717871,6
4005,1,29,40,16,-2.608102727316189,13
4006,108,15,75,8,-2.611880297816683,7
4007,40,16,11,9,-2.612795985816362,7
4008,2,13,76,8,-2.6134640032331116,5
4009,64,28,75,15,-2.614396425436705,13
4010,68,107,7,58,-2.6156429768400975,49
4011,23,16,27,8,-2.621351845616974,8
4012,86,36,91,19,-2.627461430980282,17
4013,78,12,15,6,-2.6282304993251357,6
4014,39,30,17,17,-2.63473827504273,13
4015,54,13,110,7,-2.6358849029934492,6
4016,49,17,3,9,-2.6382409196969414,8
4017,17,17,11,9,-2.63850353139516,8
4018,106,10,10,7,-2.639964127087713,3
4019,95,14,33,8,-2.6415453896084555,6
4020,6,17,88,9,-2.643401887191552,8
4021,5,60,16,35,-2.643518445682432,25
4022,37,21,30,12,-2.6448172779185537,9
4023,8,24,30,13,-2.6514132136935475,11
4024,36,13,57,8,-2.653116090105381,5
4025,88,29,92,16,-2.65412565592523,13
4026,63,23,78,12,-2.654431222624278,11
4027,51,49,17,25,-2.6551478680926848,24
4028,91,13,74,7,-2.658254293210725,6
4029,74,25,114,13,-2.666972342657448,12
4030,75,18,95,10,-2.672802736686619,8
4031,44,17,25,9,-2.673535476281759,8
4032,5,25,39,13,-2.6791322172692884,12
4033,35,11,13,6,-2.684594978225239,5
4034,107,21,93,12,-2.6848247910711387,9
4035,48,25,8,14,-2.6857985301597798,11
4036,71,40,65,23,-2.6867803351656674,17
4037,8,81,86,41,-2.6926289795431546,40
4038,6,15,87,8,-2.6944386309243544,7
4039,107,50,41,29,-2.7130435159152007,21
4040,70,16,49,8,-2.7131214221068403,8
4041,80,11,95,6,-2.7197438471090796,5
4042,70,31,104,17,-2.7208109249750048,14
4043,88,53,55,31,-2.721264805593774,22
4044,8,76,16,42,-2.7297636152330345,34
4045,34,12,75,6,-2.7327928404854562,6
4046,106,50,65,27,-2.735321183024918,23
4047,63,12,99,6,-2.7377253409939377,6
4048,104,22,97,11,-2.7396377781056187,11
4049,8,12,112,6,-2.740736306324458,6
4050,70,28,68,15,-2.743617533988878,13
4051,51,24,71,13,-2.7455734518808694,11
4052,112,23,63,12,-2.74696539057072,11
4053,111,28,16,16,-2.755670365747083,12
4054,55,50,39,28,-2.7557845118577005,22
4055,28,99,86,55,-2.762726515499761,44
4056,77,17,5,9,-2.7658375671945885,8
4057,40,11,38,5,-2.771552043064858,6
4058,10,11,5,5,-2.7716738654503192,6
4059,84,87,86,44,-2.7811330297923607,43
4060,91,31,28,17,-2.78581966806185,14
4061,97,15,9,7,-2.7891659901703596,8
4062,36,13,100,7,-2.7923934619121096,6
4063,1,26,7,14,-2.793205495238504,12
4064,15,25,60,13,-2.796605854193514,12
4065,114,25,4,13,-2.7973762559419417,12
4066,109,20,50,11,-2.798084616202662,9
4067,112,14,106,7,-2.805082024542768,7
4068,41,15,99,8,-2.808167291861728,7
4069,36,32,1,16,-2.8095303452930684,16
4070,80,32,16,18,-2.812380168004337,14
4071,98,12,39,7,-2.813957257779375,5
4072,47,13,64,8,-2.821240379057225,5
4073,71,13,18,7,-2.821320109059578,6
4074,109,14,40,8,-2.8243745319718685,6
4075,81,23,53,13,-2.832269045840244,10
4076,74,33,104,19,-2.832959821636547,14
4077,7,30,15,14,-2.8451548489578506,16
4078,76,24,46,13,-2.8453201116747966,11
4079,44,13,28,6,-2.846139863099275,7
4080,33,13,97,7,-2.8486496222061595,6
4081,65,10,34,5,-2.851457666336363,5
4082,96,16,73,9,-2.853430398009382,7
4083,99,18,51,9,-2.8534777973740635,9
4084,104,35,39,19,-2.8536678809946237,16
4085,63,23,46,11,-2.867241869896345,12
4086,20,42,87,22,-2.869120615934056,20
4087,53,12,57,6,-2.8739584447786406,6
4088,75,21,27,11,-2.8742147115996155,10
4089,16,13,85,8,-2.8813506371354958,5
4090,74,24,75,14,-2.8903655619324415,10
4091,55,71,13,38,-2.895942627228282,33
4092,70,10,44,5,-2.8975248911261424,5
4093,108,13,71,7,-2.8992906212622866,6
4094,69,26,87,15,-2.900139616969508,11
4095,49,15,114,7,-2.904145419228163,8
4096,37,19,91,10,-2.9050960547005253,9
4097,68,35,3,20,-2.9096771599483793,15
4098,108,12,25,7,-2.9132670669268257,5
4099,48,17,13,9,-2.9139461654751595,8
4100,106,19,102,9,-2.9207255392565092,10
4101,86,82,74,43,-2.9212877807151494,39
4102,87,20,36,12,-2.9355732508976633,8
4103,65,57,28,32,-2.936618804167043,25
4104,40,32,41,17,-2.946728808508273,15
4105,65,20,18,10,-2.9468351166959508,10
4106,8,16,80,8,-2.9519293865537106,8
4107,46,23,114,13,-2.9631435316072414,10
4108,57,18,25,10,-2.964934950553877,8
4109,13,18,34,10,-2.966738126614261,8
4110,53,11,47,6,-2.967218161853792,5
4111,78,14,28,7,-2.969090445302413,7
4112,67,10,34,4,-2.9692152425887484,6
4113,37,21,2,11,-2.96975801126945,10
4114,68,16,85,10,-2.9736103869141335,6
4115,4,32,36,19,-2.9739066740354194,13
4116,64,16,49,8,-2.974435618509844,8
4117,106,36,84,18,-2.9754739608250116,18
4118,69,11,4,6,-2.9994841766617175,5
4119,34,14,96,8,-3.001763014782562,6
4120,37,47,20,25,-3.0049852144749636,22
4121,29,16,7,7,-3.0054928601317066,9
4122,7,27,6,12,-3.013941061604383,15
4123,29,13,49,7,-3.0167276558140466,6
4124,18,18,81,10,-3.0168691904177813,8
4125,76,22,109,11,-3.021988566444067,11
4126,99,12,27,6,-3.0280763102634345,6
4127,65,39,25,23,-3.0368934823131157,16
4128,96,13,38,7,-3.0422152322461713,6
4129,109,34,88,19,-3.046527810071437,15
4130,86,42,71,22,-3.0606693617391714,20
4131,107,27,29,17,-3.062430324885094,10
4132,55,14,48,8,-3.0636269177668387,6
4133,25,18,71,10,-3.0644100067848146,8
4134,114,40,60,18,-3.0670908685799043,22
4135,55,22,20,12,-3.0673393388469985,10
4136,29,11,78,6,-3.068035162721387,5
4137,25,30,75,17,-3.069551733540898,13
4138,41,11,74,5,-3.0735662157516845,6
4139,84,28,109,16,-3.073799704825316,12
4140,63,40,74,21,-3.0803940829456544,19
4141,87,14,45,8,-3.086220297325659,6
4142,91,10,64,6,-3.0993479020870796,4
4143,68,14,99,8,-3.100103615084465,6
4144,27,13,74,6,-3.1002755903304386,7
4145,60,15,92,9,-3.101629065738581,6
4146,54,15,41,8,-3.102250260710982,7
4147,106,25,109,13,-3.1028448270841773,12
4148,18,14,38,7,-3.1041681623448047,7
4149,86,91,63,53,-3.106277287763664,38
4150,4,24,50,12,-3.1105592371369597,12
4151,17,25,25,14,-3.1106502600539105,11
4152,80,11,36,6,-3.1158574211756616,5
4153,43,11,112,6,-3.1359235341148506,5
4154,65,48,23,25,-3.1380450881841506,23
4155,23,23,75,11,-3.148733601092015,12
4156,7,51,104,28,-3.158219418007504,23
4157,82,21,86,12,-3.1586560919846263,9
4158,48,11,68,6,-3.1648474660602854,5
4159,74,14,90,9,-3.168061351028922,5
4160,86,16,110,9,-3.1694821197260485,7
4161,60,25,106,15,-3.171261503808182,10
4162,7,32,43,19,-3.1749602918386843,13
4163,30,12,74,6,-3.175828716417198,6
4164,47,26,16,14,-3.179743332451839,12
4165,50,54,37,28,-3.1883352760136074,26
4166,5,61,88,32,-3.1946532218196624,29
4167,39,41,36,23,-3.1998605067578225,18
4168,17,28,106,17,-3.2039846830051117,11
4169,31,47,60,23,-3.2094707274879264,24
4170,97,19,50,11,-3.210625734622642,8
4171,74,16,17,9,-3.21177055102783,7
4172,46,45,51,25,-3.212290911376682,20
4173,23,19,64,10,-3.2123729115980186,9
4174,28,39,55,23,-3.2184704312839756,16
4175,7,55,23,30,-3.222928305376168,25
4176,29,25,16,13,-3.2236476088294164,12
4177,16,21,4,10,-3.223993814900797,11
4178,51,46,8,25,-3.2258849231912943,21
4179,68,14,80,8,-3.230403837276107,6
4180,35,18,16,11,-3.2305329948687067,7
4181,16,68,60,37,-3.2309192664317177,31
4182,36,49,107,26,-3.234838704648262,23
4183,60,25,99,14,-3.238194459102709,11
4184,81,12,23,7,-3.2407035870770007,5
4185,112,12,72,6,-3.241907003379272,6
4186,94,20,27,11,-3.2495571612181777,9
4187,30,19,7,9,-3.2523104824501616,10
4188,64,38,107,20,-3.25264237164834,18
4189,25,47,114,27,-3.2540864225169766,20
4190,41,29,60,15,-3.2551745470437368,14
4191,74,24,7,15,-3.257493143792889,9
4192,95,14,76,8,-3.257651508839797,6
4193,53,56,18,30,-3.2615252410170648,26
4194,54,56,28,31,-3.262278028179984,25
4195,7,114,13,62,-3.264302615697635,52
4196,78,11,11,5,-3.270328616003681,6
4197,67,13,114,7,-3.274670651234843,6
4198,86,49,60,27,-3.2754717222931737,22
4199,38,10,108,6,-3.2810871215401947,4
4200,60,25,90,15,-3.2889183131065622,10
4201,69,10,100,5,-3.289341908459268,5
4202,74,20,100,11,-3.292910754624951,9
4203,27,50,7,27,-3.296451922887636,23
4204,87,36,23,21,-3.299045225591567,15
4205,5,60,104,32,-3.3007473735225057,28
4206,104,34,76,20,-3.3018339509128616,14
4207,48,29,28,16,-3.3030143286202387,13
4208,15,12,28,6,-3.307663426492388,6
4209,75,31,60,17,-3.313915862803686,14
4210,84,16,97,10,-3.316428205809935,6
4211,18,21,30,11,-3.316712750453976,10
4212,54,32,104,17,-3.328617374285993,15
4213,11,16,27,9,-3.3310229336615813,7
4214,50,19,41,11,-3.331657114556132,8
4215,74,17,108,10,-3.332088965409243,7
4216,5,13,68,7,-3.3380294056441127,6
4217,98,20,54,11,-3.3414082574983,9
4218,33,13,75,8,-3.342736023465549,5
4219,91,15,40,8,-3.345577169162442,7
4220,20,10,83,5,-3.347889825164404,5
4221,107,15,14,9,-3.3479962116917545,6
4222,70,30,88,17,-3.3524090493184286,13
4223,3,12,54,6,-3.3552278990212483,6
4224,8,23,14,13,-3.3634201583462153,10
4225,97,25,54,13,-3.364815342765676,12
4226,20,17,40,10,-3.3649339637959637,7
4227,19,17,112,10,-3.3665736118676204,7
4228,88,41,11,23,-3.366600706445604,18
4229,102,23,109,13,-3.3679677569149944,10
4230,44,13,100,7,-3.3720452657314217,6
4231,98,15,73,8,-3.3800553651819163,7
4232,55,28,36,15,-3.383336577257353,13
4233,88,13,19,7,-3.3883003963549876,6
4234,65,19,62,10,-3.3909839239840913,9
4235,104,10,73,6,-3.391491099464731,4
4236,112,26,13,13,-3.392352489097591,13
4237,5,50,55,28,-3.393419962444799,22
4238,28,13,4,7,-3.3940824912486858,6
4239,84,29,55,16,-3.4012305577969593,13
4240,65,34,97,19,-3.401757302918018,15
4241,78,15,3,9,-3.4066042066420863,6
4242,98,26,104,12,-3.4091853213510745,14
4243,12,42,65,22,-3.409502811600041,20
4244,36,11,17,5,-3.417273645156755,6
4245,97,12,11,6,-3.419346386793516,6
4246,37,12,4,7,-3.4218717037755084,5
4247,19,14,41,8,-3.4342027108851845,6
4248,25,31,102,17,-3.4382241991917164,14
4249,39,29,114,15,-3.4411172111260955,14
4250,40,58,60,32,-3.4423663485116376,26
4251,55,28,76,17,-3.4438952481653042,11
4252,87,37,95,20,-3.4486313771107993,17
4253,14,13,39,7,-3.4491853918223785,6
4254,46,25,68,14,-3.4494659871080535,11
4255,23,21,37,11,-3.4530437057487418,10
4256,5,23,33,12,-3.454327509177194,11
4257,20,27,11,16,-3.455641949633459,11
4258,51,49,106,27,-3.457607975311812,22
4259,5,60,74,32,-3.4699961467083447,28
4260,16,14,73,7,-3.4738693799097957,7
4261,54,57,96,29,-3.47661338595835,28
4262,18,16,55,8,-3.481046717374471,8
4263,70,20,25,11,-3.484518115943737,9
4264,71,18,12,10,-3.4874429459484335,8
4265,51,30,36,16,-3.4874600225025065,14
4266,103,11,54,7,-3.4875703394156505,4
4267,36,13,62,7,-3.489528327052378,6
4268,95,25,60,14,-3.4911897053694894,11
4269,114,36,97,20,-3.494809729950691,16
4270,9,26,50,15,-3.4989626487903873,11
4271,63,18,49,10,-3.500149915800845,8
4272,108,13,37,7,-3.5019197237718496,6
4273,39,12,1,5,-3.502316135418237,7
4274,23,16,74,9,-3.5053157619270587,7
4275,33,10,49,6,-3.5057518320537775,4
4276,104,38,8,21,-3.5073414065674897,17
4277,69,10,84,6,-3.5117655158326757,4
4278,106,50,107,27,-3.5165007722129795,23
4279,17,39,16,24,-3.519303718783672,15
4280,97,23,87,14,-3.5298267728440083,9
4281,25,17,93,9,-3.530039788975629,8
4282,7,15,44,8,-3.535266020755452,7
4283,36,65,40,37,-3.5400829247343655,28
4284,65,49,53,26,-3.552341058928982,23
4285,71,26,62,14,-3.552725756878075,12
4286,4,13,30,7,-3.554167963462701,6
4287,57,13,23,7,-3.554408044637194,6
4288,36,19,28,10,-3.554999615354126,9
4289,33,11,64,7,-3.558110801858625,4
4290,108,13,79,8,-3.562523700236057,5
4291,19,13,103,7,-3.5711070394547226,6
4292,38,22,16,14,-3.5724883088865464,8
4293,57,18,3,10,-3.5742432115563805,8
4294,28,50,20,28,-3.5784154895374147,22
4295,60,16,61,8,-3.58082656290379,8
4296,95,10,97,6,-3.58943247133478,4
4297,71,13,58,7,-3.5901555481142533,6
4298,18,19,91,11,-3.6010074197876603,8
4299,94,13,55,7,-3.6120696685756326,6
4300,28,26,80,14,-3.6230809501897747,12
4301,18,19,43,9,-3.6267699505365183,10
4302,112,17,27,9,-3.6269524973615406,8
4303,107,72,88,41,-3.6375933381747343,31
4304,69,13,112,7,-3.640201196896185,6
4305,51,51,54,28,-3.64120614912335,23
4306,70,10,14,5,-3.6470421341148493,5
4307,50,13,27,8,-3.6503401008022798,5
4308,18,11,17,5,-3.6519056838531805,6
4309,112,35,86,20,-3.651933901410972,15
4310,9,15,109,7,-3.6538651478462696,8
4311,32,21,107,11,-3.6546977761524695,10
4312,71,10,90,5,-3.656103603020123,5
4313,96,33,97,17,-3.6574389351582637,16
4314,86,33,49,17,-3.6580175694241315,16
4315,31,24,39,14,-3.6610558433956144,10
4316,51,26,108,14,-3.669690549423146,12
4317,18,32,88,17,-3.6713658752533838,15
4318,87,25,80,14,-3.671802865102298,11
4319,68,14,101,9,-3.6742625668258904,5
4320,55,19,34,10,-3.680955248563573,9
4321,51,37,114,19,-3.6824882422691596,18
4322,28,19,23,10,-3.6970356039584393,9
4323,65,94,16,53,-3.699236008498941,41
4324,38,35,107,20,-3.69953035095411,15
4325,43,17,106,9,-3.706853967971227,8
4326,5,21,15,13,-3.7147342263498238,8
4327,60,14,89,7,-3.723763452657912,7
4328,19,30,87,17,-3.724574535053195,13
4329,25,65,86,35,-3.735239092039536,30
4330,4,13,1,8,-3.7360390878519714,5
4331,40,42,53,23,-3.7429391558119995,19
4332,109,33,51,21,-3.752003613096799,12
4333,54,22,15,11,-3.7704013204125912,11
4334,4,19,63,11,-3.7758336578086884,8
4335,92,13,104,6,-3.7768187223532292,7
4336,23,48,107,26,-3.7778307981128196,22
4337,27,10,22,6,-3.7794086021507356,4
4338,93,10,7,5,-3.7802315490169662,5
4339,37,12,94,7,-3.788108137633397,5
4340,60,13,80,7,-3.788360223509818,6
4341,104,13,20,8,-3.7974160411444697,5
4342,3,17,64,10,-3.801459101897863,7
4343,55,57,107,31,-3.8017599811485696,26
4344,107,48,100,24,-3.805986534344154,24
4345,100,17,15,9,-3.8067436252412943,8
4346,5,16,110,9,-3.8138584796050923,7
4347,91,28,5,17,-3.814625093066516,11
4348,4,21,55,11,-3.821660634263143,10
4349,64,14,44,8,-3.824222642884567,6
4350,3,11,4,6,-3.825046392091852,5
4351,87,16,44,9,-3.826754946057649,7
4352,86,91,7,53,-3.8292113085112067,38
4353,51,30,70,16,-3.8297117807076546,14
4354,13,26,91,14,-3.8317482607331113,12
4355,8,13,43,7,-3.8325900737455147,6
4356,55,44,7,26,-3.8332053851439998,18
4357,46,13,38,8,-3.8338597693432233,5
4358,7,26,20,14,-3.839940256500115,12
4359,65,28,15,16,-3.840262367340876,12
4360,31,23,18,12,-3.8430258307678655,11
4361,111,34,65,20,-3.8475275648066676,14
4362,87,108,86,56,-3.8496886197724405,52
4363,114,25,41,13,-3.8544949021986654,12
4364,109,17,68,11,-3.8661451047117255,6
4365,17,27,28,15,-3.885054779321748,12
4366,49,28,87,14,-3.8881049860589334,14
4367,38,17,30,11,-3.8932796799126628,6
4368,57,23,28,13,-3.8971175709019774,10
4369,37,26,102,15,-3.901578428361024,11
4370,54,13,79,8,-3.90846253808764,5
4371,86,13,89,6,-3.9174928376954097,7
4372,70,38,37,22,-3.9227382855891673,16
4373,2,28,5,16,-3.923277825320168,12
4374,78,26,13,15,-3.9263072499392484,11
4375,86,115,16,66,-3.9281593710891984,49
4376,50,11,57,7,-3.929027822248146,4
4377,16,35,97,19,-3.9340820840887147,16
4378,97,10,80,6,-3.9365866928471034,4
4379,93,11,3,5,-3.9394735942906975,6
4380,40,11,6,6,-3.9442678680230827,5
4381,86,45,9,26,-3.945093339569097,19
4382,104,50,88,29,-3.9536343834384904,21
4383,17,34,65,21,-3.9540701507148897,13
4384,35,13,30,7,-3.958311571243133,6
4385,93,24,74,13,-3.960101768879081,11
4386,51,89,13,48,-3.963822887097114,41
4387,63,18,17,10,-3.9668490280440616,8
4388,14,12,96,7,-3.975747798085754,5
4389,19,16,84,9,-3.977223734834221,7
4390,97,18,60,9,-3.9792005525226375,9
4391,112,16,31,10,-4.001730552260451,6
4392,71,33,30,18,-4.006253796204616,15
4393,7,26,100,15,-4.007756687202794,11
4394,31,12,66,7,-4.0087548725586535,5
4395,54,36,55,19,-4.011039158800405,17
4396,110,20,8,12,-4.013172679497405,8
4397,51,44,104,27,-4.015424408222765,17
4398,53,49,39,28,-4.0166114325479985,21
4399,47,13,71,7,-4.030916530509354,6
4400,64,13,77,6,-4.0310378413129495,7
4401,38,18,9,10,-4.035727579019443,8
4402,104,16,43,8,-4.037704614766144,8
4403,43,10,1,5,-4.03897671575872,5
4404,76,26,98,15,-4.039201436166646,11
4405,50,21,7,11,-4.045740478776831,10
4406,88,43,23,26,-4.047882049914368,17
4407,40,10,32,5,-4.050021677419869,5
4408,76,26,23,14,-4.056106643228995,12
4409,95,10,43,6,-4.0633983206079485,4
4410,60,38,87,20,-4.070682609249087,18
4411,34,12,11,6,-4.072817944161177,6
4412,5,117,86,66,-4.074944655375777,51
4413,50,22,74,12,-4.086243740312161,10
4414,19,11,36,6,-4.0885902184216905,5
4415,107,25,15,16,-4.092385856197936,9
4416,35,24,20,14,-4.098728722002913,10
4417,93,20,83,11,-4.100880722204593,9
4418,63,30,97,17,-4.107378727934806,13
4419,2,12,7,7,-4.115660194227726,5
4420,46,12,3,6,-4.120061864952647,6
4421,46,62,13,36,-4.124756823653081,26
4422,65,22,45,11,-4.125923170388699,11
4423,94,16,112,10,-4.1306598471384035,6
4424,9,19,49,10,-4.134273187385771,9
4425,20,11,71,7,-4.136430557393971,4
4426,9,53,88,30,-4.139791770697589,23
4427,71,47,53,27,-4.141303557057988,20
4428,77,28,13,16,-4.142553833006349,12
4429,73,13,20,8,-4.146065391689571,5
4430,76,18,84,10,-4.146116027740745,8
4431,65,58,55,32,-4.14777837496959,26
4432,17,12,99,7,-4.14837583337694,5
4433,84,60,28,34,-4.150279635735799,26
4434,5,40,83,21,-4.1637099044245005,19
4435,87,28,29,17,-4.173536785312368,11
4436,54,51,46,29,-4.174748314759057,22
4437,84,34,16,19,-4.177116652788804,15
4438,7,18,80,11,-4.182061930373812,7
4439,25,27,23,15,-4.182190113226027,12
4440,40,70,13,39,-4.189895916000412,31
4441,40,11,15,6,-4.201647176656486,5
4442,36,56,65,32,-4.205692860728475,24
4443,46,59,86,36,-4.218640718519182,23
4444,107,96,87,54,-4.219691830368312,42
4445,31,21,87,11,-4.220659397575877,10
4446,18,19,4,11,-4.220670692754493,8
4447,44,11,71,6,-4.223524348839462,5
4448,48,12,23,7,-4.227938531173128,5
4449,43,15,17,8,-4.236669826180696,7
4450,47,10,109,6,-4.236742850593237,4
4451,74,12,31,7,-4.240578281890586,5
4452,34,14,106,7,-4.243674039664674,7
4453,3,19,27,9,-4.2438215135167745,10
4454,29,12,9,7,-4.247154248113976,5
4455,80,17,104,9,-4.256665633473226,8
4456,38,15,51,9,-4.261652425824846,6
4457,107,30,91,18,-4.264126621091654,12
4458,60,16,108,9,-4.267590404557523,7
4459,39,24,19,12,-4.269849668974436,12
4460,96,12,33,5,-4.271042933020871,7
4461,12,18,88,10,-4.271852106961349,8
4462,54,27,9,15,-4.272544772651764,12
4463,65,75,104,41,-4.279029082347129,34
4464,54,19,78,11,-4.289939322497262,8
4465,54,63,20,33,-4.290782184792433,30
4466,54,30,30,17,-4.295304900191639,13
4467,44,21,20,12,-4.299103845073811,9
4468,54,28,25,16,-4.300413553073274,12
4469,53,27,106,14,-4.302319600135899,13
4470,109,22,20,14,-4.302333411252665,8
4471,107,80,13,44,-4.302477990099943,36
4472,71,42,16,25,-4.3051763919274695,17
4473,52,10,50,5,-4.308197298973348,5
4474,20,19,17,11,-4.3112321942034,8
4475,17,23,97,13,-4.313428551304956,10
4476,71,14,70,7,-4.315612188206777,7
4477,40,22,4,12,-4.316643149060896,10
4478,37,23,98,13,-4.327931130640238,10
4479,41,19,95,11,-4.332143979792176,8
4480,22,12,60,7,-4.334241842742782,5
4481,65,29,70,18,-4.3439841796636145,11
4482,6,16,65,9,-4.346168811124812,7
4483,100,16,64,10,-4.355062992024107,6
4484,71,31,64,19,-4.35947313780117,12
4485,23,20,95,11,-4.361896262769259,9
4486,11,13,33,6,-4.365968233102095,7
4487,9,15,74,9,-4.36741522698094,6
4488,23,23,40,13,-4.36842332680331,10
4489,58,13,55,7,-4.369004483506263,6
4490,9,24,55,14,-4.371040618945101,10
4491,98,13,60,7,-4.372454949323837,6
4492,84,23,9,13,-4.37700855889265,10
4493,39,59,86,31,-4.378688420157519,28
4494,25,33,87,18,-4.379098196808543,15
4495,17,18,90,9,-4.380128430106851,9
4496,76,23,65,14,-4.385586505985179,9
4497,43,26,51,14,-4.390788502279346,12
4498,86,20,111,12,-4.3910837466552355,8
4499,63,29,64,16,-4.39496095596168,13
4500,102,32,28,18,-4.400334973714718,14
4501,64,20,114,12,-4.407773657880816,8
4502,57,12,64,7,-4.4096800085415095,5
4503,53,64,7,36,-4.416213736910661,28
4504,13,30,99,17,-4.420966828834257,13
4505,62,39,16,24,-4.4214535469720015,15
4506,39,40,75,21,-4.421810426771488,19
4507,87,20,102,12,-4.423994697827658,8
4508,20,14,23,8,-4.42777867543601,6
4509,112,13,3,7,-4.431324508959898,6
4510,60,33,30,21,-4.440049072831525,12
4511,88,11,45,7,-4.4416566980945715,4
4512,109,15,95,9,-4.444131433700797,6
4513,37,33,13,19,-4.448467961015428,14
4514,50,42,2,24,-4.448957186147167,18
4515,12,12,6,6,-4.448996636056325,6
4516,31,67,7,38,-4.453212370234459,29
4517,16,44,95,24,-4.453378575583385,20
4518,73,12,50,8,-4.454782630059153,4
4519,97,11,77,7,-4.454901155383999,4
4520,47,23,107,13,-4.459572238589973,10
4521,50,15,3,8,-4.464463620895281,7
4522,32,18,37,10,-4.466542082918519,8
4523,57,10,91,5,-4.468260927215542,5
4524,25,31,96,17,-4.472832877552798,14
4525,107,33,95,18,-4.475609109265347,15
4526,16,22,34,13,-4.479454615092594,9
4527,64,46,7,25,-4.4812400569888355,21
4528,27,15,34,8,-4.4853072344681015,7
4529,107,102,16,63,-4.491862341070497,39
4530,37,15,93,9,-4.4934456656390305,6
4531,88,97,7,54,-4.494661432270669,43
4532,112,20,75,12,-4.4989690721071325,8
4533,69,10,80,5,-4.508733977407145,5
4534,29,16,28,9,-4.513248021932703,7
4535,29,12,11,6,-4.514283319415918,6
4536,55,43,37,23,-4.516821858156877,20
4537,68,53,27,30,-4.520595559414031,23
4538,1,11,100,6,-4.524502828746236,5
4539,28,71,50,41,-4.530365152854882,30
4540,75,23,106,12,-4.532198108241345,11
4541,87,32,27,18,-4.535051572204842,14
4542,102,24,8,13,-4.537070383836358,11
4543,3,19,12,12,-4.543846245794998,7
4544,85,16,28,9,-4.545964613502572,7
4545,15,18,99,11,-4.551461310618722,7
4546,46,15,83,8,-4.551826612706302,7
4547,27,20,8,12,-4.551888772342851,8
4548,23,15,70,8,-4.554568026577778,7
4549,5,18,43,10,-4.5592775438308895,8
4550,104,16,99,8,-4.562749239239297,8
4551,69,15,62,8,-4.572031014776806,7
4552,87,32,76,19,-4.572292502226479,13
4553,95,14,99,8,-4.572737764013027,6
4554,58,23,7,12,-4.575034525669345,11
4555,65,16,99,9,-4.579704538683142,7
4556,71,25,28,15,-4.584215619303487,10
4557,8,30,60,16,-4.584471076654315,14
4558,96,32,50,18,-4.592653394244437,14
4559,95,13,77,7,-4.601493224452909,6
4560,30,11,23,6,-4.601908928188203,5
4561,68,62,88,36,-4.601971796539838,26
4562,3,35,7,21,-4.603775118928218,14
4563,66,10,88,6,-4.60434245546846,4
4564,86,72,37,40,-4.607837359690986,32
4565,9,46,107,25,-4.60932354627833,21
4566,96,22,60,15,-4.611190930914723,7
4567,108,14,30,8,-4.615023887291242,6
4568,77,20,39,11,-4.627408005541294,9
4569,63,13,58,6,-4.62886931152221,7
4570,87,23,94,13,-4.631426030648439,10
4571,110,15,106,8,-4.633960085739299,7
4572,25,22,60,12,-4.636282806493915,10
4573,109,19,73,11,-4.637139105733963,8
4574,13,14,73,8,-4.6427133386229835,6
4575,16,21,6,11,-4.642825718029856,10
4576,96,39,63,24,-4.649023449526139,15
4577,25,15,27,8,-4.649655011418167,7
4578,112,16,51,9,-4.651691136811714,7
4579,19,11,62,7,-4.655004168981812,4
4580,47,15,25,8,-4.655390231832644,7
4581,51,110,16,61,-4.657803301271169,49
4582,98,14,55,9,-4.662824671110213,5
4583,64,13,80,7,-4.665596394208,6
4584,11,46,55,28,-4.666774926715098,18
4585,8,12,52,7,-4.669562642233976,5
4586,64,48,13,25,-4.670216629866639,23
4587,18,22,77,14,-4.676567510317278,8
4588,11,30,76,18,-4.681517511398406,12
4589,49,55,39,33,-4.682479403911858,22
4590,5,16,71,9,-4.686451238703376,7
4591,87,25,43,14,-4.687673727620404,11
4592,62,10,97,6,-4.689387738532959,4
4593,68,60,16,37,-4.69433729993708,23
4594,58,13,51,7,-4.6987757235739265,6
4595,60,45,55,25,-4.699539635247212,20
4596,1,34,13,21,-4.702199298952773,13
4597,80,14,11,8,-4.704407754517106,6
4598,46,23,20,15,-4.708713070266484,8
4599,71,16,43,8,-4.709770232299069,8
4600,18,37,28,20,-4.710953949587104,17
4601,12,14,74,8,-4.7158981291394015,6
4602,107,22,78,13,-4.725104601546661,9
4603,75,14,15,9,-4.7291616067808215,5
4604,46,11,6,6,-4.730994669309113,5
4605,8,19,68,11,-4.735439672697361,8
4606,86,17,19,10,-4.7362233460056355,7
4607,46,41,8,22,-4.737192297274267,19
4608,3,11,97,7,-4.7402730889790226,4
4609,87,16,77,9,-4.745116036514711,7
4610,77,16,25,9,-4.745845616411638,7
4611,69,26,41,17,-4.748815562050703,9
4612,65,67,87,39,-4.751181720183052,28
4613,5,30,90,18,-4.752640516818982,12
4614,50,16,93,10,-4.755526241513055,6
4615,41,31,64,19,-4.758473174288668,12
4616,86,73,11,41,-4.761146448261521,32
4617,27,16,6,9,-4.762765446713921,7
4618,88,27,43,16,-4.769070275262686,11
4619,31,15,12,8,-4.770632464521183,7
4620,70,13,90,7,-4.771084444295363,6
4621,68,30,30,16,-4.772546445353643,14
4622,34,13,78,7,-4.775374082125243,6
4623,94,14,114,7,-4.775696268753724,7
4624,29,12,46,5,-4.775703546529658,7
4625,5,12,9,7,-4.777710715122403,5
4626,50,48,87,26,-4.778093921608591,22
4627,5,33,76,19,-4.788314400539968,14
4628,1,17,9,8,-4.79405950293998,9
4629,20,13,52,8,-4.795236183864801,5
4630,25,11,111,6,-4.797175922879397,5
4631,6,16,68,10,-4.799676836342989,6
4632,96,22,75,15,-4.80138149231193,7
4633,56,11,16,7,-4.802141402722699,4
4634,88,44,75,26,-4.804702938088101,18
4635,108,13,96,7,-4.805162668071275,6
4636,106,25,2,14,-4.808494527305082,11
4637,106,12,6,7,-4.810944704219048,5
4638,8,30,83,16,-4.811627367676455,14
4639,85,11,74,6,-4.812388004493803,5
4640,69,26,107,15,-4.820469677413699,11
4641,54,15,14,10,-4.820525855929131,5
4642,25,19,31,10,-4.823839301099763,9
4643,67,15,8,9,-4.8319098461555825,6
4644,52,15,87,8,-4.832747531124254,7
4645,75,41,18,23,-4.835583954062301,18
4646,54,21,1,12,-4.840521848687889,9
4647,64,20,83,11,-4.840996077098241,9
4648,54,35,11,20,-4.848696271718108,15
4649,15,14,49,8,-4.850153982450119,6
4650,32,12,97,7,-4.851459349576838,5
4651,104,55,86,31,-4.8600728568891,24
4652,79,10,60,6,-4.86007767182391,4
4653,107,12,52,8,-4.8612628499818085,4
4654,89,10,5,7,-4.862465640901751,3
4655,106,54,37,29,-4.865641247327304,25
4656,88,12,85,7,-4.873754317610231,5
4657,86,39,27,24,-4.874385425148461,15
4658,37,49,16,28,-4.875150740770066,21
4659,95,11,69,7,-4.882909765417962,4
4660,43,34,16,21,-4.892938270825965,13
4661,104,14,23,9,-4.897799558060742,5
4662,28,12,38,6,-4.907164394244693,6
4663,108,12,54,8,-4.909695920764134,4
4664,106,56,74,32,-4.924754963776778,24
4665,36,40,86,23,-4.927433251240003,17
4666,9,22,114,15,-4.931319071415344,7
4667,28,27,93,17,-4.941127481170006,10
4668,6,15,51,9,-4.945330344973923,6
4669,68,19,56,10,-4.94813216675333,9
4670,7,103,16,58,-4.951928398872169,45
4671,8,32,13,19,-4.955794878282507,13
4672,87,65,8,37,-4.963435920777694,28
4673,90,23,96,14,-4.963939687748077,9
4674,38,16,109,10,-4.9644619615709695,6
4675,107,49,40,30,-4.964616090179718,19
4676,68,42,41,24,-4.9651675063741685,18
4677,47,30,7,18,-4.980252625346254,12
4678,31,23,50,13,-4.991999785997781,10
4679,49,16,100,8,-4.993336527033417,8
4680,81,15,114,8,-4.993414377265689,7
4681,71,15,74,8,-4.993812181109021,7
4682,63,30,104,17,-4.993963037729945,13
4683,106,41,7,21,-5.003800212982272,20
4684,5,26,93,16,-5.004460526821323,10
4685,3,14,69,9,-5.009117340423517,5
4686,87,14,103,9,-5.013759520616852,5
4687,63,14,81,8,-5.016441825370757,6
4688,62,30,86,17,-5.0238728291737225,13
4689,52,12,65,8,-5.036995856643753,4
4690,79,14,11,7,-5.038711911658494,7
4691,27,13,28,9,-5.051194542399679,4
4692,81,20,15,11,-5.0521537846916855,9
4693,107,78,65,45,-5.052288058576973,33
4694,63,29,55,16,-5.056066807562622,13
4695,68,28,15,17,-5.056650352698317,11
4696,29,23,84,13,-5.063232995693044,10
4697,65,17,46,11,-5.06610491085495,6
4698,33,13,90,8,-5.072843762888294,5
4699,86,17,10,9,-5.075771557978405,8
4700,65,12,85,7,-5.080554075846517,5
4701,20,10,32,7,-5.08216341529211,3
4702,51,25,1,14,-5.088840176447444,11
4703,104,25,53,14,-5.094260383198605,11
4704,100,19,23,12,-5.096795040845655,7
4705,108,13,28,7,-5.102919930198643,6
4706,70,23,55,13,-5.1032220329288345,10
4707,4,18,75,11,-5.1124286444655915,7
4708,98,22,11,12,-5.122669345045473,10
4709,9,45,65,27,-5.129160653393477,18
4710,58,30,40,16,-5.133397385337809,14
4711,3,21,36,13,-5.136055944816986,8
4712,69,12,40,8,-5.137627663794989,4
4713,29,18,3,11,-5.138991933006874,7
4714,112,22,100,12,-5.147009218037666,10
4715,51,12,35,7,-5.14727626674268,5
4716,88,15,44,8,-5.148664566159752,7
4717,9,24,106,14,-5.150083731218861,10
4718,50,28,76,18,-5.1519660961300575,10
4719,28,16,35,8,-5.1531236605423,8
4720,39,14,111,8,-5.158992286191917,6
4721,5,12,67,7,-5.159840528973067,5
4722,56,11,91,6,-5.160182814393273,5
4723,20,60,107,34,-5.163543558398883,26
4724,47,26,75,17,-5.17693162231529,9
4725,57,15,19,9,-5.179432440967374,6
4726,97,17,75,10,-5.183439015487436,7
4727,102,15,13,10,-5.18776420910188,5
4728,23,23,63,14,-5.190793013982739,9
4729,71,10,6,6,-5.19369227829273,4
4730,113,13,40,8,-5.193726392686624,5
4731,39,25,46,12,-5.196853389468722,13
4732,53,36,16,22,-5.201094174764714,14
4733,91,12,33,6,-5.213867650447791,6
4734,55,12,49,7,-5.21558348601229,5
4735,76,18,20,9,-5.218902337593748,9
4736,37,22,40,12,-5.218981261850287,10
4737,49,19,27,11,-5.220354997526444,8
4738,112,29,53,15,-5.221677411254142,14
4739,106,54,54,29,-5.222938310920249,25
4740,5,11,35,6,-5.226534281744142,5
4741,96,37,20,22,-5.229501973456112,15
4742,27,20,15,12,-5.234866794800825,8
4743,104,19,15,11,-5.23540400775586,8
4744,94,29,43,16,-5.236253037436864,13
4745,25,21,91,12,-5.23677892954369,9
4746,16,14,52,8,-5.238731564661997,6
4747,14,15,65,8,-5.239230657167625,7
4748,40,15,98,8,-5.239271076053038,7
4749,40,26,25,15,-5.242222631716463,11
4750,100,12,53,7,-5.245979720718174,5
4751,16,20,103,12,-5.2462346597172855,8
4752,100,24,28,15,-5.2470243708497994,9
4753,76,12,100,6,-5.247422447073434,6
4754,31,11,35,6,-5.255104723881262,5
4755,28,51,104,29,-5.259412551866783,22
4756,92,11,28,7,-5.266199037582341,4
4757,100,26,8,16,-5.278781496523967,10
4758,88,11,56,6,-5.280224334897691,5
4759,60,24,78,13,-5.2860666403630985,11
4760,28,19,14,12,-5.2887953454841945,7
4761,86,21,99,13,-5.291638236148403,8
4762,39,49,40,29,-5.294535177326296,20
4763,60,28,49,16,-5.300166702894311,12
4764,55,25,111,15,-5.307717141421055,10
4765,66,19,107,11,-5.307859110353936,8
4766,84,49,51,29,-5.314265702072517,20
4767,49,13,28,7,-5.31428031912519,6
4768,57,30,87,18,-5.318358141337942,12
4769,62,14,76,8,-5.322243155198476,6
4770,76,13,44,8,-5.332854064702134,5
4771,102,14,97,9,-5.335160623731844,5
4772,27,15,108,9,-5.3523218888512964,6
4773,97,35,7,19,-5.356987360153851,16
4774,63,30,75,17,-5.362343223381898,13
4775,51,31,20,16,-5.3744679490472445,15
4776,112,19,41,11,-5.382218168204769,8
4777,86,40,100,21,-5.388083386718925,19
4778,90,31,54,18,-5.397442007333916,13
4779,64,10,84,7,-5.40179307430533,3
4780,66,11,9,6,-5.404825557202403,5
4781,58,11,4,7,-5.405037105567146,4
4782,37,11,49,6,-5.405793666619149,5
4783,68,29,71,18,-5.435653336862234,11
4784,91,14,102,8,-5.440897571438716,6
4785,57,18,97,10,-5.45235309786646,8
4786,71,43,75,27,-5.454468163058883,16
4787,76,14,71,7,-5.456476326439049,7
4788,88,15,89,8,-5.460084177073363,7
4789,51,31,5,20,-5.465657211287607,11
4790,51,17,62,10,-5.468238395489335,7
4791,75,10,14,6,-5.479308338136782,4
4792,70,23,114,14,-5.484820175107314,9
4793,40,49,65,28,-5.488110460552834,21
4794,102,10,67,6,-5.497246561771841,4
4795,43,36,107,22,-5.503098905534003,14
4796,18,15,3,10,-5.503820701501033,5
4797,60,16,76,11,-5.507711057627661,5
4798,109,13,32,7,-5.508051897308618,6
4799,83,19,95,12,-5.510188596504647,7
4800,9,35,28,19,-5.51465148212954,16
4801,37,59,87,35,-5.516733087496061,24
4802,20,10,62,6,-5.517288163699186,4
4803,13,20,26,13,-5.520285333416164,7
4804,7,33,28,20,-5.522079859732704,13
4805,102,14,33,8,-5.525239013163607,6
4806,68,45,114,26,-5.528966703625285,19
4807,62,11,60,7,-5.531153387901844,4
4808,103,15,100,8,-5.5347965448855145,7
4809,23,31,106,16,-5.535479536227777,15
4810,30,12,15,7,-5.538463534767753,5
4811,69,26,65,15,-5.540534749641235,11
4812,75,51,86,28,-5.544222274149607,23
4813,2,22,20,13,-5.544865436021075,9
4814,84,18,25,11,-5.5466876181289715,7
4815,31,53,36,30,-5.548564460468652,23
4816,25,41,8,25,-5.550067480025435,16
4817,4,11,46,6,-5.55622187464566,5
4818,95,10,31,6,-5.5581891593402775,4
4819,104,60,37,36,-5.5634752610620195,24
4820,69,11,42,6,-5.570250078296482,5
4821,38,23,7,13,-5.575438881033769,10
4822,79,24,16,14,-5.575625932552132,10
4823,81,18,39,11,-5.577412628644601,7
4824,51,18,11,9,-5.579718415865981,9
4825,88,14,14,8,-5.580858903619988,6
4826,53,13,89,7,-5.581720835788214,6
4827,103,12,13,7,-5.59714648408255,5
4828,98,17,70,11,-5.604121247592223,6
4829,50,15,100,9,-5.612526049660052,6
4830,90,14,30,8,-5.614315415339312,6
4831,76,29,28,16,-5.615688910158877,13
4832,50,48,16,28,-5.617696720442926,20
4833,78,14,19,8,-5.618762066650021,6
4834,50,26,95,15,-5.619957219349124,11
4835,13,37,47,22,-5.62062831887508,15
4836,5,10,19,6,-5.6233787755961275,4
4837,17,21,5,14,-5.625033929201381,7
4838,73,28,86,15,-5.62531345595925,13
4839,9,43,75,26,-5.632694127818325,17
4840,51,46,75,26,-5.632745764536369,20
4841,34,14,29,8,-5.6330283219074415,6
4842,98,14,108,8,-5.640790264148575,6
4843,3,22,28,13,-5.641703705085423,9
4844,39,27,57,15,-5.644327608159103,12
4845,74,23,73,14,-5.649045009007229,9
4846,97,13,39,8,-5.649731064357227,5
4847,97,10,4,6,-5.649870700339136,4
4848,88,87,86,51,-5.651261944060885,36
4849,61,13,9,8,-5.652969843590385,5
4850,82,11,54,7,-5.66427830231393,4
4851,99,31,16,18,-5.66581833704302,13
4852,37,39,75,25,-5.670197882049106,14
4853,25,10,94,5,-5.671887186214519,5
4854,12,11,54,6,-5.67450373056912,5
4855,95,10,102,6,-5.68531996234082,4
4856,38,23,63,15,-5.685369937239837,8
4857,55,25,30,15,-5.686463879094617,10
4858,5,46,106,28,-5.689619439430468,18
4859,32,10,70,5,-5.692479372096212,5
4860,63,22,27,12,-5.696621529236671,10
4861,86,18,47,11,-5.69768673110168,7
4862,62,17,53,10,-5.701449545318568,7
4863,102,11,23,6,-5.716053822653882,5
4864,37,18,41,11,-5.716493275276267,7
4865,17,13,98,7,-5.72342530511381,6
4866,51,26,25,15,-5.726135112848949,11
4867,9,14,45,9,-5.727853500458989,5
4868,25,48,13,26,-5.729332953997916,22
4869,38,11,34,7,-5.733514369563806,4
4870,104,64,107,38,-5.737421230069913,26
4871,106,42,25,26,-5.737688222420908,16
4872,81,10,78,5,-5.742474614478735,5
4873,80,11,19,7,-5.749943576584892,4
4874,77,12,36,7,-5.751140829309579,5
4875,47,13,23,8,-5.7551420632928085,5
4876,53,13,58,6,-5.756559382638664,7
4877,27,13,71,8,-5.767150353554914,5
4878,35,19,11,11,-5.768399159544,8
4879,104,19,9,11,-5.769857547388704,8
4880,28,20,69,11,-5.7720642888399025,9
4881,93,19,16,10,-5.776545074834796,9
4882,19,16,38,11,-5.78310801022648,5
4883,63,26,98,15,-5.795644107915215,11
4884,55,28,74,16,-5.797157459674131,12
4885,31,19,91,12,-5.801858258461768,7
4886,20,13,79,8,-5.810117746469,5
4887,106,28,80,17,-5.812470547213422,11
4888,19,19,43,12,-5.812505793153207,7
4889,5,16,40,9,-5.82052725169565,7
4890,94,17,28,11,-5.821481138029024,6
4891,65,10,108,5,-5.847992745343311,5
4892,46,37,74,23,-5.850135921281392,14
4893,55,37,104,22,-5.856904127783748,15
4894,114,10,72,5,-5.8600009411243095,5
4895,112,20,7,12,-5.863389950487481,8
4896,7,17,34,10,-5.863504951401834,7
4897,95,36,54,20,-5.865979569344108,16
4898,9,17,62,10,-5.866001447424248,7
4899,31,12,28,7,-5.87633787823225,5
4900,68,27,97,16,-5.880460614845397,11
4901,36,12,46,7,-5.88209418081934,5
4902,74,22,102,13,-5.882481039476403,9
4903,51,34,64,20,-5.888421423830697,14
4904,34,19,109,11,-5.8910600256239505,8
4905,84,34,74,18,-5.89139952158172,16
4906,1,12,46,6,-5.891865749051654,6
4907,100,43,16,26,-5.8966281034883,17
4908,25,10,69,6,-5.903986394303471,4
4909,57,27,84,14,-5.910397185802948,13
4910,45,15,41,10,-5.914462706154762,5
4911,68,23,47,14,-5.9151284755247255,9
4912,63,10,93,6,-5.917563250275586,4
4913,62,29,107,15,-5.9215464382254215,14
4914,29,16,112,9,-5.922867160258867,7
4915,55,27,109,14,-5.923431655873009,13
4916,114,20,73,12,-5.924435121305104,8
4917,79,15,103,9,-5.924794393548497,6
4918,9,30,8,15,-5.931176874194082,15
4919,39,28,100,16,-5.931884452501854,12
4920,63,45,37,27,-5.933785173114153,18
4921,40,15,57,9,-5.936628176580016,6
4922,10,13,63,8,-5.94033318775015,5
4923,43,10,74,5,-5.941779824004124,5
4924,53,15,28,9,-5.945744364633271,6
4925,7,15,33,8,-5.9471342175078945,7
4926,10,12,97,6,-5.950831581917707,6
4927,68,21,12,13,-5.954750290252029,8
4928,8,13,62,9,-5.96110102258686,4
4929,53,52,68,31,-5.964244334939566,21
4930,17,19,104,11,-5.965485227876697,8
4931,40,18,97,11,-5.966918416140385,7
4932,54,12,69,7,-5.973066602774381,5
4933,18,20,64,12,-5.974775055211904,8
4934,31,25,114,14,-5.9918765203954925,11
4935,3,32,107,17,-5.999011076330671,15
4936,100,19,37,12,-6.000890669706825,7
4937,88,61,65,38,-6.004362907857696,23
4938,13,33,63,19,-6.024739641852311,14
4939,55,33,80,18,-6.02495090174393,15
4940,3,23,65,14,-6.026934943225481,9
4941,46,20,95,12,-6.027785407812037,8
4942,50,17,91,11,-6.027790824025908,6
4943,86,38,64,22,-6.0307653391474,16
4944,31,31,75,17,-6.03348213428737,14
4945,98,24,7,15,-6.033686003781978,9
4946,114,14,27,8,-6.034743873961818,6
4947,107,23,12,15,-6.037067737625527,8
4948,32,16,8,9,-6.041444852098721,7
4949,88,11,94,7,-6.041461864182689,4
4950,93,15,70,9,-6.04469500542117,6
4951,18,24,63,15,-6.046455003215171,9
4952,51,19,102,11,-6.046528731259958,8
4953,41,27,23,16,-6.068042449918635,11
4954,86,34,69,20,-6.074936673132558,14
4955,69,10,55,6,-6.075582313218194,4
4956,20,29,70,18,-6.0805113791791925,11
4957,51,37,27,23,-6.085616170220784,14
4958,107,23,111,12,-6.08814286411973,11
4959,87,13,10,8,-6.098821416398099,5
4960,84,17,75,10,-6.100134417881319,7
4961,7,12,90,7,-6.108519045195329,5
4962,31,13,81,9,-6.1171597913254026,4
4963,88,35,25,23,-6.12387967695023,12
4964,94,11,41,7,-6.12514452139477,4
4965,51,44,100,23,-6.128233910314761,21
4966,68,31,54,19,-6.129451922490283,12
4967,13,34,81,21,-6.133078295186986,13
4968,33,13,68,8,-6.145832331304968,5
4969,108,24,16,15,-6.14858261244862,9
4970,38,11,20,8,-6.161885029448885,3
4971,36,47,13,29,-6.167141158071527,18
4972,3,20,15,11,-6.168197310846256,9
4973,102,21,57,12,-6.169321397774082,9
4974,76,23,97,13,-6.171425808149793,10
4975,35,14,55,8,-6.18171019735336,6
4976,71,12,91,7,-6.18747414228945,5
4977,49,21,98,12,-6.187949327027538,9
4978,107,39,76,26,-6.198627172224357,13
4979,2,28,63,16,-6.200018491851487,12
4980,69,14,81,8,-6.2015178700162785,6
4981,49,40,16,24,-6.203384309935932,16
4982,70,28,74,15,-6.203999405338755,13
4983,38,27,39,16,-6.205467846474154,11
4984,84,15,35,9,-6.209299301194262,6
4985,63,56,8,32,-6.209822348869131,24
4986,28,14,47,8,-6.211297191624256,6
4987,62,10,109,7,-6.224068902567426,3
4988,91,42,16,27,-6.227187272730331,15
4989,50,41,104,25,-6.230364171354916,16
4990,65,33,64,19,-6.233889248800647,14
4991,5,48,114,28,-6.237633533478722,20
4992,23,45,13,25,-6.238267851069178,20
4993,39,22,92,12,-6.263991845659126,10
4994,88,17,77,10,-6.264530601131226,7
4995,95,12,15,7,-6.265255655621161,5
4996,100,24,104,15,-6.26669912958639,9
4997,96,11,69,7,-6.268969865653717,4
4998,5,45,20,28,-6.270373633442783,17
4999,30,19,20,11,-6.270512840524559,8
5000,7,20,78,11,-6.276730085848355,9
5001,4,21,86,13,-6.2794844995496994,8
5002,102,11,41,7,-6.282861273718874,4
5003,64,16,70,11,-6.2860092045587415,5
5004,35,11,94,6,-6.295790159546813,5
5005,83,16,39,10,-6.297771796270442,6
5006,87,61,13,38,-6.302384648925379,23
5007,57,25,88,14,-6.308509689840414,11
5008,88,25,47,14,-6.309409514149761,11
5009,8,22,64,14,-6.316286000866925,8
5010,112,14,54,9,-6.326711825622494,5
5011,23,13,33,8,-6.330114552953446,5
5012,40,22,62,11,-6.340588914856938,11
5013,96,17,85,12,-6.345069391274802,5
5014,27,13,92,7,-6.356396578041118,6
5015,28,15,41,9,-6.359689551305938,6
5016,56,21,7,12,-6.361794853449643,9
5017,109,45,54,28,-6.380200377092305,17
5018,37,20,80,12,-6.401050818487372,8
5019,77,13,106,7,-6.407119934187455,6
5020,54,18,91,10,-6.414686940093467,8
5021,33,16,40,11,-6.427211772717695,5
5022,109,20,41,13,-6.432688342356182,7
5023,87,20,4,13,-6.445923142452617,7
5024,28,10,6,6,-6.452419128804086,4
5025,98,14,78,8,-6.457784687804564,6
5026,81,10,30,6,-6.458484974391473,4
5027,29,13,70,7,-6.465173609286503,6
5028,55,17,100,9,-6.46556303644313,8
5029,30,17,100,11,-6.466944084563581,6
5030,55,10,89,6,-6.472799854469152,4
5031,9,20,70,13,-6.477071321597405,7
5032,53,46,107,28,-6.492903474758716,18
5033,104,10,48,6,-6.493358473776669,4
5034,49,30,107,17,-6.496803725713357,13
5035,41,30,87,18,-6.500655116407745,12
5036,103,20,86,12,-6.502854567619723,8
5037,114,18,100,11,-6.509461416428781,7
5038,80,13,91,8,-6.531108694088673,5
5039,81,29,86,20,-6.532482502137965,9
5040,70,58,54,35,-6.543056803225656,23
5041,91,25,68,14,-6.550419627313763,11
5042,68,29,23,16,-6.562476411578635,13
5043,25,37,104,21,-6.567754121461538,16
5044,114,26,53,15,-6.571088082289226,11
5045,18,13,76,8,-6.573059513523391,5
5046,48,10,69,5,-6.577798378248735,5
5047,20,46,65,29,-6.5828514961702975,17
5048,1,27,86,16,-6.584989828827027,11
5049,51,41,76,26,-6.590745595942762,15
5050,96,28,65,16,-6.593487230396348,12
5051,30,16,34,10,-6.601140375094156,6
5052,94,14,39,9,-6.607055031378495,5
5053,81,18,71,11,-6.61709770119633,7
5054,75,10,85,7,-6.619293441212882,3
5055,5,48,25,29,-6.626414170343123,19
5056,68,12,108,7,-6.629935441341175,5
5057,37,22,39,13,-6.632156694863052,9
5058,65,30,4,18,-6.635600395573753,12
5059,5,26,32,16,-6.6474470604519045,10
5060,114,15,76,10,-6.653911993113485,5
5061,37,19,71,11,-6.65399605348867,8
5062,71,11,83,6,-6.6562053803338666,5
5063,87,16,12,10,-6.657839118648781,6
5064,94,15,1,8,-6.6588521171949875,7
5065,57,12,10,8,-6.658857003244836,4
5066,54,20,85,13,-6.664179187550933,7
5067,65,59,51,37,-6.666482427201216,22
5068,55,68,16,43,-6.67390774153019,25
5069,51,84,39,50,-6.677303029953272,34
5070,88,75,54,45,-6.687420775605005,30
5071,62,18,7,11,-6.690218008322474,7
5072,106,11,111,8,-6.697425895741327,3
5073,74,15,83,8,-6.703298030488857,7
5074,19,11,40,7,-6.712468239790962,4
5075,97,35,28,22,-6.716635909782018,13
5076,32,10,65,6,-6.718474357729474,4
5077,95,11,100,6,-6.722166987268522,5
5078,58,19,16,12,-6.723872489637053,7
5079,3,13,8,6,-6.725771044964114,7
5080,88,11,72,7,-6.729487423377159,4
5081,95,13,14,8,-6.731405281187272,5
5082,96,38,74,24,-6.731828732252354,14
5083,78,14,40,10,-6.732885786530082,4
5084,48,26,84,16,-6.740791105108492,10
5085,7,32,45,19,-6.743551275422485,13
5086,68,13,45,8,-6.747691137383073,5
5087,71,10,94,6,-6.748460655059317,4
5088,97,54,86,32,-6.749652418711037,22
5089,109,12,57,7,-6.758716421545093,5
5090,107,23,33,13,-6.763493299081546,10
5091,112,18,88,11,-6.779128140681473,7
5092,3,10,17,5,-6.783991378108847,5
5093,31,10,55,6,-6.798197972656263,4
5094,71,10,49,6,-6.8003776926672845,4
5095,109,12,3,7,-6.800442852243994,5
5096,45,18,60,10,-6.802248227913869,8
5097,13,50,71,29,-6.804323620324037,21
5098,112,21,39,12,-6.808588240484279,9
5099,96,20,51,12,-6.8091583197949745,8
5100,4,13,56,7,-6.816273515879698,6
5101,43,18,41,11,-6.8188458431087495,7
5102,58,17,60,10,-6.820272973850588,7
5103,104,22,30,12,-6.820606807560422,10
5104,66,14,65,9,-6.821265394674894,5
5105,31,69,68,41,-6.8216343585610195,28
5106,106,25,95,16,-6.830338155584793,9
5107,96,14,78,9,-6.830515928543477,5
5108,96,80,86,49,-6.839782165020976,31
5109,51,99,7,62,-6.849475435937795,37
5110,49,10,78,5,-6.852050752332754,5
5111,95,29,13,17,-6.852052215706936,12
5112,96,19,114,12,-6.857320738328298,7
5113,57,13,9,8,-6.861208808927348,5
5114,4,43,60,24,-6.864343045215706,19
5115,49,14,12,10,-6.866754769998274,4
5116,87,22,78,12,-6.86895196978416,10
5117,69,15,104,10,-6.8814662901468795,5
5118,99,15,106,10,-6.882359612487446,5
5119,65,22,90,12,-6.887045978873849,10
5120,88,16,76,9,-6.891817282335724,7
5121,43,10,49,6,-6.893725681604248,4
5122,19,24,15,14,-6.911568874572908,10
5123,13,14,85,9,-6.918810312172774,5
5124,30,19,75,11,-6.923427737676235,8
5125,46,21,7,14,-6.93576909674712,7
5126,88,12,99,7,-6.939131232028662,5
5127,93,15,20,8,-6.949708974023015,7
5128,51,25,4,16,-6.952578906103856,9
5129,63,20,90,12,-6.95733483322538,8
5130,104,18,32,12,-6.959225086389547,6
5131,36,34,16,21,-6.96230955324868,13
5132,8,18,78,11,-6.964373625818676,7
5133,97,23,18,14,-6.965163575719862,9
5134,33,17,8,11,-6.9756022430017754,6
5135,30,30,53,18,-6.98498975026545,12
5136,55,20,17,11,-6.987444025974705,9
5137,13,23,111,13,-6.988942249892523,10
5138,1,19,114,12,-6.990089974683046,7
5139,5,15,62,9,-6.9927087595973925,6
5140,48,13,80,9,-6.99747900943173,4
5141,54,26,93,17,-7.002072182522708,9
5142,102,18,76,11,-7.005579923396805,7
5143,53,27,87,15,-7.0226395127694765,12
5144,104,14,89,8,-7.025402807656737,6
5145,40,15,95,9,-7.026458120737084,6
5146,87,87,16,52,-7.036514196107803,35
5147,84,24,85,16,-7.039561068893883,8
5148,110,10,20,6,-7.040932959044511,4
5149,97,25,55,16,-7.041738062020974,9
5150,73,16,65,10,-7.056062739811477,6
5151,36,18,99,12,-7.061516094995873,6
5152,25,21,100,12,-7.062312436550092,9
5153,49,14,50,8,-7.064134383315742,6
5154,98,14,102,8,-7.075813129571892,6
5155,70,35,28,21,-7.078735797739843,14
5156,62,20,28,12,-7.086204539456472,8
5157,64,15,27,10,-7.0975410857988335,5
5158,17,14,38,8,-7.099034060595349,6
5159,45,10,1,6,-7.100044646871247,4
5160,83,30,86,20,-7.114862976089347,10
5161,107,12,67,8,-7.124134838046419,4
5162,67,11,88,8,-7.127393540580368,3
5163,107,57,75,39,-7.131800392099847,18
5164,54,58,63,36,-7.1339646628869025,22
5165,87,26,90,16,-7.134749793973536,10
5166,55,50,40,31,-7.142420946012767,19
5167,60,17,5,11,-7.144002600647478,6
5168,103,10,88,6,-7.1465830918406095,4
5169,37,14,29,8,-7.14724630286853,6
5170,60,12,34,8,-7.148158666349012,4
5171,84,18,38,10,-7.154125748328735,8
5172,43,20,100,11,-7.154162949229226,9
5173,14,14,86,8,-7.166696838482464,6
5174,86,41,98,24,-7.171894084868248,17
5175,112,16,36,10,-7.175574629533439,6
5176,62,11,18,7,-7.178564522913038,4
5177,62,14,49,9,-7.185392164778604,5
5178,84,13,103,7,-7.1897480945283165,6
5179,22,13,109,8,-7.19047287621624,5
5180,16,49,30,30,-7.1905576359814445,19
5181,48,11,17,6,-7.198036653114912,5
5182,38,13,53,8,-7.198101634639961,5
5183,23,15,29,9,-7.19868919430013,6
5184,35,13,27,8,-7.215256796262468,5
5185,76,22,112,12,-7.216620353424459,10
5186,40,20,35,13,-7.223846117897835,7
5187,106,60,13,37,-7.224822308695077,23
5188,62,16,54,10,-7.236680580960736,6
5189,40,27,114,18,-7.240772461331045,9
5190,75,10,20,6,-7.241047227766171,4
5191,69,21,30,12,-7.246017311790674,9
5192,5,14,31,9,-7.246607645789562,5
5193,90,13,46,8,-7.250761878801305,5
5194,93,12,98,7,-7.251352809271133,5
5195,84,19,98,13,-7.255378652482316,6
5196,39,33,84,19,-7.2579208484387365,14
5197,79,30,86,19,-7.258463117259924,11
5198,81,19,75,12,-7.259552889264539,7
5199,98,17,20,11,-7.267496359610283,6
5200,70,16,110,10,-7.267896542251016,6
5201,96,10,62,7,-7.268496266352443,3
5202,57,13,106,7,-7.272492874678534,6
5203,68,20,55,13,-7.273979151335479,7
5204,88,110,16,69,-7.282392910348152,41
5205,13,42,114,23,-7.284350704257173,19
5206,98,20,13,13,-7.284404613166717,7
5207,29,16,97,10,-7.284915525257297,6
5208,40,31,43,18,-7.287691070183636,13
5209,87,51,7,32,-7.2881750314854346,19
5210,61,11,47,7,-7.295405799949464,4
5211,104,11,62,8,-7.298660521894603,3
5212,40,33,54,20,-7.298767912387552,13
5213,3,12,100,7,-7.30038001870273,5
5214,85,14,63,8,-7.301748789802251,6
5215,15,14,47,8,-7.306305822535999,6
5216,5,42,70,25,-7.323141246130922,17
5217,68,13,43,8,-7.327777492653937,5
5218,57,28,78,16,-7.32849572780125,12
5219,107,32,2,20,-7.328844122982543,12
5220,2,16,75,9,-7.332326563651874,7
5221,12,11,16,7,-7.337174492281631,4
5222,103,10,11,7,-7.33896872976819,3
5223,104,41,40,26,-7.342291894534161,15
5224,114,18,23,12,-7.344942637597017,6
5225,79,24,48,15,-7.345817828277464,9
5226,112,17,87,10,-7.346218534351737,7
5227,9,19,17,11,-7.358179157868899,8
5228,8,25,73,15,-7.3587900254771785,10
5229,23,13,49,8,-7.360298065336568,5
5230,114,10,77,6,-7.365477220397804,4
5231,33,16,25,11,-7.36592627296452,5
5232,80,14,31,10,-7.367135464628977,4
5233,74,15,34,10,-7.367415754617588,5
5234,54,35,13,22,-7.373225396669802,13
5235,71,10,73,6,-7.373234065194552,4
5236,17,36,86,20,-7.373387885533475,16
5237,51,92,86,53,-7.387958190410618,39
5238,16,50,75,30,-7.388425679021318,20
5239,5,10,1,6,-7.391988711274882,4
5240,29,11,100,6,-7.392867482515364,5
5241,89,17,41,11,-7.402414100587752,6
5242,60,19,100,12,-7.407232332782621,7
5243,88,22,108,14,-7.409334471097551,8
5244,79,10,27,6,-7.410947014194593,4
5245,41,34,36,18,-7.412500474371831,16
5246,91,19,8,12,-7.416456742894205,7
5247,54,20,19,11,-7.418437201102565,9
5248,43,11,34,7,-7.424240308041095,4
5249,43,17,64,10,-7.438967254563773,7
5250,88,25,30,14,-7.440601155151398,11
5251,75,30,46,18,-7.449361290092636,12
5252,110,21,37,12,-7.457046552670356,9
5253,53,12,45,7,-7.463487107897495,5
5254,69,34,13,21,-7.4637424433148025,13
5255,57,10,60,6,-7.4675633858823804,4
5256,81,10,28,6,-7.472696801730325,4
5257,31,37,64,23,-7.4738922265185375,14
5258,63,15,108,9,-7.475559971035059,6
5259,36,14,70,8,-7.476080415111231,6
5260,68,12,89,7,-7.483167732526589,5
5261,16,42,20,28,-7.490661859277882,14
5262,53,21,27,14,-7.494848578130689,7
5263,43,17,3,11,-7.496311575799015,6
5264,98,14,27,8,-7.497316272159128,6
5265,61,13,6,8,-7.506143312140652,5
5266,50,13,15,8,-7.509982415529958,5
5267,3,24,88,15,-7.5117017749719,9
5268,77,18,55,11,-7.520653437888105,7
5269,55,11,6,8,-7.526848268362213,3
5270,46,10,85,7,-7.538229298143678,3
5271,85,10,30,6,-7.544084321309105,4
5272,79,10,19,6,-7.551536262697121,4
5273,40,38,87,22,-7.562449238427529,16
5274,51,24,97,16,-7.567852948549441,8
5275,109,30,107,19,-7.567930415965965,11
5276,68,66,40,42,-7.570321994315703,24
5277,5,14,34,10,-7.5706698448560905,4
5278,77,12,46,7,-7.574271980014295,5
5279,48,17,34,10,-7.58176353597154,7
5280,114,31,28,18,-7.584853881328922,13
5281,36,10,72,6,-7.585561627806541,4
5282,88,18,58,11,-7.5880987725104365,7
5283,78,17,39,10,-7.594030405779083,7
5284,36,20,18,12,-7.59490287850123,8
5285,43,31,39,18,-7.6174681270571165,13
5286,104,30,41,17,-7.6325513017383635,13
5287,80,22,96,14,-7.6325568595370585,8
5288,5,29,97,19,-7.639418302115126,10
5289,60,11,70,7,-7.646435749026202,4
5290,31,13,33,7,-7.647223417443056,6
5291,72,22,86,14,-7.651597318688159,8
5292,39,81,16,49,-7.651983090761785,32
5293,35,27,107,18,-7.659745377736293,9
5294,96,24,37,14,-7.66584492569651,10
5295,38,29,37,18,-7.668156637885105,11
5296,76,15,13,9,-7.686884560878501,6
5297,11,32,5,20,-7.6874421575338765,12
5298,7,25,111,15,-7.6903234257719815,10
5299,87,27,48,17,-7.6998507034284165,10
5300,64,13,46,8,-7.70178518963715,5
5301,39,14,34,8,-7.721485802648024,6
5302,1,15,15,10,-7.733065759700131,5
5303,77,10,19,6,-7.736725562062309,4
5304,84,11,44,6,-7.741464370739851,5
5305,12,14,28,9,-7.741725097225164,5
5306,54,13,73,8,-7.746921178252214,5
5307,64,32,16,21,-7.754231430905149,11
5308,25,49,37,29,-7.755599308877523,20
5309,73,11,53,7,-7.756297558195456,4
5310,18,22,50,13,-7.75840176806416,9
5311,94,11,63,7,-7.763218406403629,4
5312,81,15,41,10,-7.770221546669878,5
5313,114,14,92,10,-7.774797164908212,4
5314,19,13,64,9,-7.776851315652561,4
5315,111,10,47,6,-7.786638633209642,4
5316,64,22,55,15,-7.789831302640345,7
5317,39,36,15,24,-7.792193998628627,12
5318,48,15,50,10,-7.798532000224026,5
5319,110,12,114,8,-7.80031681097971,4
5320,46,46,25,27,-7.8204011950255445,19
5321,77,20,107,12,-7.8207207017880735,8
5322,98,17,8,11,-7.832264077196576,6
5323,109,19,53,12,-7.841205358929898,7
5324,55,14,29,9,-7.851130455007914,5
5325,91,26,106,17,-7.859341034872017,9
5326,35,12,44,7,-7.859665557157517,5
5327,13,11,89,6,-7.868919524993353,5
5328,90,25,114,15,-7.8701656835045455,10
5329,23,17,55,9,-7.8715706098888365,8
5330,68,23,62,14,-7.893829370684332,9
5331,90,14,53,9,-7.901032299292589,5
5332,31,11,78,6,-7.904414780494012,5
5333,38,13,71,9,-7.906029048659733,4
5334,82,10,88,6,-7.9125780836424955,4
5335,18,22,54,13,-7.917650548154778,9
5336,84,20,34,12,-7.917696778697561,8
5337,66,14,60,10,-7.920621770687662,4
5338,20,16,33,10,-7.9280624383644875,6
5339,34,10,18,7,-7.93407311360503,3
5340,91,28,87,18,-7.938627726741352,10
5341,87,17,73,12,-7.94220715025842,5
5342,61,19,53,13,-7.9431150632920575,6
5343,68,60,39,36,-7.949045174912654,24
5344,39,21,23,13,-7.9630880242589255,8
5345,5,25,65,15,-7.967561696591303,10
5346,89,11,48,8,-7.971806233433708,3
5347,4,12,12,8,-7.976222296376226,4
5348,84,28,5,17,-7.986435375626319,11
5349,70,16,13,10,-7.990308468406848,6
5350,6,22,44,15,-7.994067314889739,7
5351,96,19,102,12,-7.995631160966494,7
5352,98,31,91,19,-8.010154956050265,12
5353,25,12,48,7,-8.01244102921806,5
5354,9,11,35,6,-8.012816785902407,5
5355,52,12,63,7,-8.015196003418383,5
5356,50,41,75,27,-8.02466935745211,14
5357,13,22,90,14,-8.036549897684578,8
5358,107,26,58,17,-8.037629940895535,9
5359,99,13,77,9,-8.045637077289415,4
5360,84,36,20,25,-8.04861670328596,11
5361,87,19,108,12,-8.053056975616101,7
5362,91,15,51,10,-8.060157448942936,5
5363,46,13,53,8,-8.064750592390654,5
5364,97,16,110,10,-8.077466293642948,6
5365,5,61,8,37,-8.080732178020163,24
5366,46,15,109,9,-8.081904977493476,6
5367,10,15,7,9,-8.086365440359023,6
5368,50,30,60,17,-8.087484578525556,13
5369,46,42,37,28,-8.095895819595153,14
5370,46,16,30,10,-8.098498106037622,6
5371,103,14,27,8,-8.105344167970015,6
5372,48,15,74,8,-8.108554922899495,7
5373,111,11,81,8,-8.120062859865854,3
5374,63,19,100,11,-8.133393706542945,8
5375,107,10,26,6,-8.136960920766814,4
5376,87,31,100,17,-8.141150730216662,14
5377,112,10,4,6,-8.145974306589782,4
5378,87,19,1,11,-8.15262205942027,8
5379,112,16,18,11,-8.155957753880717,5
5380,60,31,54,20,-8.161465500409882,11
5381,39,19,76,13,-8.16209874744276,6
5382,71,28,50,17,-8.165371088482388,11
5383,60,35,104,25,-8.183651908443377,10
5384,89,11,63,8,-8.192927888945773,3
5385,39,25,74,15,-8.19553508787693,10
5386,93,24,87,15,-8.201353690040278,9
5387,40,14,112,8,-8.221202026655053,6
5388,72,16,85,11,-8.221502081191195,5
5389,11,12,64,9,-8.222105028542963,3
5390,106,21,69,13,-8.230262561693124,8
5391,79,10,112,6,-8.23380656767564,4
5392,14,12,37,7,-8.266467835075433,5
5393,55,34,50,20,-8.268886532039618,14
5394,76,12,75,7,-8.269580351796622,5
5395,107,38,57,23,-8.273456454582034,15
5396,91,18,41,12,-8.276671952774393,6
5397,63,66,16,41,-8.283483649795642,25
5398,106,31,90,21,-8.28384546124837,10
5399,17,16,103,11,-8.316268501161485,5
5400,9,15,25,10,-8.323455878342047,5
5401,84,29,8,19,-8.33757645831541,10
5402,31,32,41,20,-8.353957395244585,12
5403,65,23,38,13,-8.354229779220868,10
5404,5,22,7,14,-8.357081514884824,8
5405,29,11,64,8,-8.360354117139725,3
5406,69,21,78,13,-8.361386739543395,8
5407,25,45,7,29,-8.372806618348289,16
5408,65,44,30,28,-8.376779126545134,16
5409,104,10,67,6,-8.393331116483225,4
5410,79,11,80,6,-8.394402338657228,5
5411,57,25,11,14,-8.40061339559345,11
5412,67,14,109,7,-8.41022889195963,7
5413,76,44,86,27,-8.415057744848589,17
5414,54,13,38,8,-8.421224564929705,5
5415,90,19,73,12,-8.424101991862472,7
5416,114,20,55,13,-8.432483182241098,7
5417,70,24,96,13,-8.437417991026262,11
5418,114,32,8,21,-8.446067232393617,11
5419,96,14,95,9,-8.450373982592183,5
5420,53,13,15,8,-8.451445563178742,5
5421,3,24,114,16,-8.461132150785257,8
5422,41,22,20,13,-8.461320470159405,9
5423,77,14,74,9,-8.485489523270209,5
5424,1,16,75,11,-8.487454866261048,5
5425,69,33,16,21,-8.492849118552359,12
5426,40,28,64,18,-8.49607162432113,10
5427,45,10,91,6,-8.504304930616431,4
5428,17,14,72,9,-8.505149187303855,5
5429,68,20,20,12,-8.505965296169745,8
5430,88,23,62,14,-8.51262512712999,9
5431,29,10,77,7,-8.514723249015375,3
5432,46,43,16,28,-8.523887339164595,15
5433,106,13,12,9,-8.530975907772833,4
5434,60,39,23,25,-8.544842955298874,14
5435,62,13,114,8,-8.549556180002718,5
5436,2,11,94,7,-8.550586885180518,4
5437,36,11,78,7,-8.552435160203329,4
5438,55,23,95,15,-8.57500650986488,8
5439,16,20,81,13,-8.585952206420341,7
5440,50,22,90,14,-8.598522697493998,8
5441,88,39,27,23,-8.602187681442969,16
5442,29,20,39,12,-8.605526247587274,8
5443,33,21,51,15,-8.606152418737853,6
5444,19,14,9,9,-8.611355514485425,5
5445,63,51,51,30,-8.615807425389162,21
5446,18,29,68,18,-8.623169944927229,11
5447,65,24,1,14,-8.633116949744032,10
5448,97,19,41,12,-8.638943706099203,7
5449,98,10,85,7,-8.673802483900154,3
5450,31,31,9,20,-8.678153869820548,11
5451,86,41,41,27,-8.69521874947061,14
5452,20,35,63,21,-8.70524806527441,14
5453,102,15,63,9,-8.71016569998991,6
5454,86,15,45,9,-8.710518828201982,6
5455,45,10,58,6,-8.721721801464438,4
5456,57,26,8,17,-8.727187925997562,9
5457,17,22,4,15,-8.72773506800961,7
5458,11,23,104,15,-8.742484307216113,8
5459,106,14,38,7,-8.74501943352997,7
5460,88,22,100,14,-8.748881194655747,8
5461,13,27,108,18,-8.751351034715967,9
5462,96,12,41,9,-8.760253621607967,3
5463,18,23,106,15,-8.778191080978738,8
5464,77,12,109,7,-8.789144881364967,5
5465,20,36,39,21,-8.800920294125156,15
5466,42,10,106,7,-8.802546839644418,3
5467,47,18,36,12,-8.810892372607713,6
5468,36,19,63,12,-8.822881427312195,7
5469,88,38,39,24,-8.832170453588978,14
5470,9,36,87,21,-8.835283888606128,15
5471,87,15,32,10,-8.84415502943487,5
5472,61,13,107,8,-8.850698470757944,5
5473,98,11,3,6,-8.853639708389592,5
5474,12,16,23,10,-8.872217683410863,6
5475,53,11,49,7,-8.876928289416243,4
5476,13,20,44,13,-8.886721786197054,7
5477,97,12,69,8,-8.888377862411463,4
5478,3,35,13,24,-8.889146842450911,11
5479,55,14,15,10,-8.903520851178024,4
5480,109,20,7,13,-8.908032141063202,7
5481,107,15,89,10,-8.908975430626485,5
5482,25,19,110,13,-8.917701672558223,6
5483,12,25,60,13,-8.918654482484735,12
5484,88,10,26,6,-8.91952728239028,4
5485,91,10,11,7,-8.923724837318142,3
5486,84,22,13,15,-8.926224969766146,7
5487,31,12,73,8,-8.93891957013575,4
5488,43,45,13,26,-8.959841259799873,19
5489,32,11,28,7,-8.963821007682874,4
5490,84,16,43,10,-8.968948746982852,6
5491,114,20,47,12,-8.969382880850324,8
5492,36,18,97,11,-8.970668153566264,7
5493,52,15,28,9,-8.975367013246691,6
5494,69,14,47,9,-8.984987738462351,5
5495,36,15,5,9,-9.008614310253614,6
5496,70,16,30,9,-9.016092338129875,7
5497,100,18,75,10,-9.024866169547831,8
5498,87,49,68,31,-9.026916198896794,18
5499,45,16,35,9,-9.0400315918615,7
5500,57,18,69,12,-9.053157000869454,6
5501,43,13,78,8,-9.06197930193436,5
5502,61,11,30,7,-9.067314274609851,4
5503,75,34,28,22,-9.068390514566694,12
5504,65,37,27,24,-9.072867181438877,13
5505,86,29,44,19,-9.073857704921481,10
5506,8,34,95,21,-9.07920947405897,13
5507,68,20,58,13,-9.097701878706363,7
5508,68,59,75,39,-9.101320704031794,20
5509,49,22,75,14,-9.103848187252067,8
5510,78,16,100,10,-9.111982399643404,6
5511,31,15,109,10,-9.113887572404183,5
5512,17,11,92,7,-9.114563540800457,4
5513,20,22,91,13,-9.11515023214943,9
5514,81,25,60,16,-9.119854252529585,9
5515,9,40,16,27,-9.142096271109022,13
5516,47,16,9,10,-9.146152811782592,6
5517,106,25,39,15,-9.155969378752744,10
5518,5,43,50,26,-9.156049369840705,17
5519,48,30,86,19,-9.164691805544658,11
5520,40,15,92,10,-9.168940871834318,5
5521,91,13,15,7,-9.175439096539634,6
5522,91,14,23,8,-9.188824217195519,6
5523,40,17,73,11,-9.199997222971483,6
5524,40,12,2,8,-9.204153353273353,4
5525,90,11,93,7,-9.204947446014161,4
5526,4,15,27,9,-9.21491506769711,6
5527,6,19,13,12,-9.21551599242718,7
5528,81,11,64,7,-9.217681779438383,4
5529,69,16,70,11,-9.227346228401576,5
5530,10,13,11,8,-9.240894504208253,5
5531,53,15,78,9,-9.245467105519943,6
5532,68,31,76,23,-9.272498266828656,8
5533,93,13,75,8,-9.279825087560207,5
5534,27,15,29,11,-9.2811135121499,4
5535,29,25,60,15,-9.283204942004181,10
5536,77,19,63,13,-9.291814452323939,6
5537,18,17,100,10,-9.29762264727719,7
5538,67,15,86,9,-9.306541844943451,6
5539,11,13,15,8,-9.314265162028605,5
5540,27,17,37,11,-9.314988662643295,6
5541,70,17,50,10,-9.316243790355681,7
5542,48,11,76,8,-9.322751855221474,3
5543,51,15,111,10,-9.328246716797015,5
5544,12,20,53,12,-9.33945038591408,8
5545,2,29,28,19,-9.34282167881126,10
5546,50,12,23,9,-9.354699302165743,3
5547,33,14,87,9,-9.358610632806945,5
5548,84,21,104,13,-9.37162724208143,8
5549,77,16,41,11,-9.374945974938667,5
5550,107,33,80,22,-9.376730084103613,11
5551,36,11,109,8,-9.390936468630553,3
5552,51,13,48,7,-9.391737592298234,6
5553,109,25,63,15,-9.392892060380623,10
5554,84,14,100,10,-9.41403322885896,4
5555,12,20,27,12,-9.424219790186683,8
5556,3,31,16,21,-9.436058343738472,10
5557,63,11,32,7,-9.44232166344675,4
5558,60,32,27,22,-9.444817966504303,10
5559,94,10,17,6,-9.449116979238092,4
5560,17,12,102,8,-9.460667678985605,4
5561,96,47,16,33,-9.462953828826512,14
5562,58,10,70,7,-9.487562225897111,3
5563,60,13,102,8,-9.490462801517765,5
5564,7,29,37,18,-9.500511382222342,11
5565,99,22,37,15,-9.502759058160713,7
5566,35,24,76,15,-9.506743182760358,9
5567,2,13,114,8,-9.50915856241785,5
5568,80,14,90,10,-9.509239360264804,4
5569,36,17,8,11,-9.51236026695053,6
5570,9,27,18,18,-9.520249042639605,9
5571,25,32,20,21,-9.520523686179052,11
5572,31,22,1,13,-9.525804060927038,9
5573,1,12,78,8,-9.531466280674072,4
5574,108,13,106,9,-9.535201707134298,4
5575,69,29,60,17,-9.553479216421115,12
5576,97,24,13,15,-9.567486234498414,9
5577,60,44,64,30,-9.569439655645416,14
5578,76,27,16,15,-9.58055302312164,12
5579,7,20,73,12,-9.582485903794177,8
5580,109,25,11,17,-9.585833860536326,8
5581,39,14,80,9,-9.589468521855673,5
5582,53,13,8,9,-9.596286006275326,4
5583,84,18,83,11,-9.60947373437216,7
5584,8,14,99,8,-9.611065592860308,6
5585,9,16,76,11,-9.62150457184245,5
5586,109,17,70,11,-9.623350653501726,6
5587,109,22,74,15,-9.62539761750223,7
5588,53,23,41,15,-9.631953807885303,8
5589,104,10,93,6,-9.63796658188527,4
5590,30,19,50,12,-9.638315382937568,7
5591,8,36,109,22,-9.641625939928554,14
5592,114,10,22,5,-9.649313306364819,5
5593,63,16,111,10,-9.656549842780757,6
5594,71,12,100,8,-9.66068752031631,4
5595,11,18,75,11,-9.710887852205726,7
5596,31,19,43,9,-9.720852773553686,10
5597,16,13,89,8,-9.733195931265595,5
5598,52,21,86,14,-9.734029946764757,7
5599,70,11,100,7,-9.741790049682667,4
5600,48,35,63,23,-9.759297495682489,12
5601,52,12,30,8,-9.763146241314214,4
5602,83,24,37,15,-9.783726366978415,9
5603,3,25,40,17,-9.78695575723125,8
5604,71,11,11,7,-9.793856230234496,4
5605,93,40,65,24,-9.79585778056327,16
5606,61,11,63,8,-9.795863144147216,3
5607,93,10,62,6,-9.798162399200404,4
5608,37,17,64,11,-9.810222324765896,6
5609,93,13,29,8,-9.815241351279962,5
5610,17,24,40,16,-9.815776001763277,8
5611,92,13,16,10,-9.821906376974377,3
5612,75,25,104,16,-9.822163907084752,9
5613,57,13,54,10,-9.824315369895016,3
5614,10,12,16,8,-9.837247209773246,4
5615,98,10,53,6,-9.839111782848335,4
5616,71,15,17,9,-9.874078720771612,6
5617,54,26,100,17,-9.876264305600085,9
5618,54,17,2,12,-9.883928701627932,5
5619,16,20,110,13,-9.89345041941321,7
5620,38,11,100,8,-9.893822683440993,3
5621,83,14,11,10,-9.896151919094907,4
5622,15,23,8,14,-9.91327541461084,9
5623,84,50,63,31,-9.919938234846498,19
5624,2,10,95,7,-9.9203126299905,3
5625,81,20,87,11,-9.925217893508718,9
5626,51,15,72,9,-9.937514477649751,6
5627,88,45,63,31,-9.955054334971098,14
5628,68,22,69,14,-9.966225512690011,8
5629,88,18,73,12,-9.974203425238962,6
5630,109,14,93,9,-9.987067099161266,5
5631,65,25,95,16,-9.987438820754939,9
5632,29,19,98,13,-10.031731367912892,6
5633,18,14,11,9,-10.031989827572827,5
5634,107,13,110,9,-10.034721322746934,4
5635,38,10,44,7,-10.048373138060267,3
5636,51,19,80,12,-10.049293803677344,7
5637,76,31,63,21,-10.049351171103782,10
5638,83,23,13,15,-10.067954696106943,8
5639,79,12,13,8,-10.072956753420838,4
5640,49,16,40,10,-10.077718304922938,6
5641,106,12,79,8,-10.079963228120917,4
5642,17,17,23,11,-10.090670558592322,6
5643,74,11,89,7,-10.093150392265773,4
5644,8,24,18,17,-10.10300859124231,7
5645,36,36,53,25,-10.11473282468799,11
5646,102,20,50,12,-10.118106239071224,8
5647,109,10,92,7,-10.132066653367776,3
5648,31,37,53,23,-10.136338371296794,14
5649,23,11,96,7,-10.143008283174424,4
5650,68,16,92,11,-10.14730683848729,5
5651,38,13,2,8,-10.156438284208226,5
5652,86,29,43,20,-10.173097117221216,9
5653,9,12,6,7,-10.175309866966634,5
5654,37,41,97,27,-10.190687502541847,14
5655,33,13,71,9,-10.195530501937561,4
5656,2,15,98,9,-10.198603389321665,6
5657,96,24,48,16,-10.200121519345737,8
5658,106,63,16,43,-10.201810935158226,20
5659,77,18,27,12,-10.202151664682363,6
5660,57,16,114,11,-10.202940786046577,5
5661,94,14,76,10,-10.204693879696785,4
5662,12,17,94,10,-10.206094758988755,7
5663,39,24,91,16,-10.206322081312436,8
5664,37,36,11,24,-10.207174749413833,12
5665,28,14,10,10,-10.2079261309438,4
5666,68,24,25,16,-10.21179043309895,8
5667,31,17,30,10,-10.214096274935343,7
5668,91,35,63,24,-10.225389928816243,11
5669,68,27,28,19,-10.22954876840922,8
5670,18,44,16,30,-10.2395488957726,14
5671,106,16,67,10,-10.252161434234205,6
5672,39,40,18,27,-10.257356241937435,13
5673,50,15,85,10,-10.26203922127155,5
5674,107,23,45,15,-10.289536165233189,8
5675,31,29,107,16,-10.30345756995746,13
5676,43,19,54,12,-10.322637569623126,7
5677,19,24,7,17,-10.325778739734245,7
5678,94,27,13,18,-10.330435007204885,9
5679,1,13,37,8,-10.34216426905315,5
5680,1,26,16,19,-10.34569928715388,7
5681,102,16,40,10,-10.346146758066936,6
5682,77,16,53,10,-10.347606271977275,6
5683,7,10,94,7,-10.355621654064775,3
5684,12,12,9,8,-10.366855545040101,4
5685,93,16,106,10,-10.37915501513517,6
5686,16,25,78,16,-10.383984889707147,9
5687,57,13,75,9,-10.387723743034117,4
5688,29,20,13,12,-10.404528641481374,8
5689,39,15,110,11,-10.417609870944737,4
5690,7,11,110,6,-10.42257657923173,5
5691,114,19,95,12,-10.422604339796184,7
5692,39,16,44,10,-10.434810009571377,6
5693,112,25,64,18,-10.44734880369225,7
5694,39,37,30,24,-10.453657029709747,13
5695,31,10,6,6,-10.459894630543896,4
5696,49,16,41,10,-10.465212157406025,6
5697,77,12,23,8,-10.47207373365885,4
5698,8,35,75,24,-10.477015226263449,11
5699,27,11,81,7,-10.477393451911677,4
5700,102,14,75,10,-10.47886729381523,4
5701,107,46,30,30,-10.483764542713445,16
5702,9,27,64,19,-10.495957554452968,8
5703,51,25,77,15,-10.516258457456901,10
5704,37,14,89,8,-10.519274673853,6
5705,36,27,27,17,-10.523349599331356,10
5706,97,19,71,13,-10.523533962196899,6
5707,17,16,41,11,-10.533333329606139,5
5708,66,12,63,8,-10.537031225709402,4
5709,13,18,58,13,-10.53862347763235,5
5710,108,13,76,9,-10.539317855686345,4
5711,56,16,86,11,-10.543126647721751,5
5712,40,17,28,10,-10.551622113062638,7
5713,54,19,71,12,-10.56377327137223,7
5714,9,15,95,9,-10.569002592922953,6
5715,28,10,26,7,-10.592168464369761,3
5716,91,31,7,22,-10.60910028610159,9
5717,108,14,48,10,-10.6209300268859,4
5718,101,12,16,8,-10.62271769748288,4
5719,71,18,98,12,-10.627953776602759,6
5720,64,20,30,13,-10.642272986004782,7
5721,11,15,30,10,-10.649445970202313,5
5722,98,25,5,16,-10.662918685540621,9
5723,29,29,65,18,-10.675445820566951,11
5724,57,12,38,7,-10.682623087511102,5
5725,107,32,48,21,-10.69484594829312,11
5726,74,25,51,18,-10.704030149650722,7
5727,84,23,30,16,-10.710699208047563,7
5728,36,13,43,8,-10.713552025008546,5
5729,111,11,54,8,-10.714143810197228,3
5730,17,22,53,15,-10.723383781136489,7
5731,18,45,13,29,-10.738363532449277,16
5732,108,23,53,14,-10.749834986479383,9
5733,83,10,27,8,-10.755457404831498,2
5734,31,27,27,16,-10.758919665279386,11
5735,72,11,63,8,-10.764095493593645,3
5736,7,11,59,8,-10.771239818059199,3
5737,91,25,55,18,-10.791612827626562,7
5738,81,17,106,10,-10.816681182916206,7
5739,88,33,15,24,-10.81683958702342,9
5740,2,11,30,7,-10.820419515250846,4
5741,54,46,37,31,-10.87009397469276,15
5742,77,16,71,11,-10.872072685026803,5
5743,41,21,111,13,-10.875724405637953,8
5744,94,10,104,7,-10.890017890960022,3
5745,69,20,63,14,-10.901230458210243,6
5746,35,10,102,6,-10.90320798703147,4
5747,5,17,73,11,-10.90738305979487,6
5748,9,14,11,9,-10.959299620365583,5
5749,100,10,41,7,-10.96219617530149,3
5750,39,16,108,10,-10.97781923779307,6
5751,88,37,50,24,-10.986958086725291,13
5752,57,24,70,14,-10.997514680908582,10
5753,38,17,104,11,-10.999496940925104,6
5754,110,20,51,14,-11.000148170458745,6
5755,107,13,56,8,-11.000292497508868,5
5756,71,13,15,9,-11.00914391321026,4
5757,68,10,98,7,-11.014423279510455,3
5758,92,14,41,9,-11.016394202336143,5
5759,88,41,53,28,-11.023031682203495,13
5760,32,17,16,11,-11.045561391190384,6
5761,114,12,32,8,-11.045874107216177,4
5762,11,11,99,7,-11.04788337752713,4
5763,109,13,30,9,-11.049589386483902,4
5764,80,13,78,9,-11.09791576617006,4
5765,32,13,74,9,-11.101664191982367,4
5766,19,16,27,12,-11.11016379985156,4
5767,8,22,34,15,-11.117728345678307,7
5768,84,20,27,13,-11.118973426521961,7
5769,70,15,46,10,-11.123543654837002,5
5770,38,16,75,12,-11.14383618558865,4
5771,85,13,55,9,-11.149931721802188,4
5772,4,16,43,10,-11.162760468553993,6
5773,27,13,17,8,-11.181834221753332,5
5774,1,11,89,7,-11.20901106938993,4
5775,46,12,100,8,-11.210309669403358,4
5776,3,15,25,10,-11.21463496022273,5
5777,106,18,98,12,-11.217270403208776,6
5778,51,13,73,9,-11.219804453521853,4
5779,96,20,46,12,-11.223825219116964,8
5780,112,12,38,9,-11.23040362290014,3
5781,109,17,75,12,-11.242273446455997,5
5782,51,28,95,20,-11.244919045567018,8
5783,81,13,40,9,-11.249205674756395,4
5784,83,16,107,11,-11.24958512039028,5
5785,70,29,87,18,-11.250414739740132,11
5786,48,12,90,8,-11.252381363492235,4
5787,103,10,28,7,-11.258889995972657,3
5788,7,52,75,35,-11.2746633859962,17
5789,55,14,2,9,-11.276816159574057,5
5790,5,10,80,7,-11.295210617596885,3
5791,96,25,7,18,-11.300422106484014,7
5792,72,19,28,13,-11.306329036701383,6
5793,20,38,50,26,-11.316816486601454,12
5794,88,75,13,51,-11.322656510714445,24
5795,20,12,64,9,-11.331308462604776,3
5796,71,21,104,13,-11.370166649530528,8
5797,10,14,107,9,-11.38119632500004,5
5798,57,23,27,14,-11.383835754448821,9
5799,38,11,4,8,-11.395009854616482,3
5800,95,10,29,7,-11.401888238693147,3
5801,106,39,114,26,-11.417874917507989,13
5802,81,14,47,10,-11.445134927289029,4
5803,94,14,30,9,-11.450907787793929,5
5804,63,19,57,12,-11.499632269547762,7
5805,3,19,53,13,-11.503790428420066,6
5806,81,15,7,9,-11.525413070422037,6
5807,60,19,17,13,-11.543012493338722,6
5808,76,15,74,9,-11.544600382799558,6
5809,71,10,111,7,-11.563837134119527,3
5810,104,16,36,10,-11.564722196156035,6
5811,11,10,108,7,-11.565275419390531,3
5812,50,15,33,10,-11.568332857311571,5
5813,39,15,90,10,-11.577976501423594,5
5814,68,16,72,11,-11.581640635616754,5
5815,18,21,15,15,-11.590119158022436,6
5816,40,12,100,8,-11.638460148115906,4
5817,86,33,102,23,-11.659667182565103,10
5818,48,11,98,8,-11.678045251552971,3
5819,28,23,34,16,-11.682170467841411,7
5820,68,25,11,16,-11.682534954278285,9
5821,96,13,91,9,-11.692854193124042,4
5822,102,15,100,11,-11.724376607273163,4
5823,94,11,11,8,-11.72559745135693,3
5824,84,34,11,23,-11.737395009694307,11
5825,67,11,16,8,-11.761532223804268,3
5826,53,18,43,13,-11.76241610426229,5
5827,1,37,55,26,-11.769033555767942,11
5828,109,18,17,12,-11.781743441013703,6
5829,65,12,91,8,-11.784658313781671,4
5830,54,10,44,7,-11.791894285038754,3
5831,40,21,8,15,-11.791921402372775,6
5832,91,10,53,7,-11.811611902058761,3
5833,17,10,83,6,-11.812775268760374,4
5834,46,10,78,6,-11.81650181599484,4
5835,111,16,28,11,-11.820301223407922,5
5836,77,12,43,8,-11.827688597528573,4
5837,64,10,74,6,-11.828764368523549,4
5838,28,47,63,33,-11.828866423716303,14
5839,37,10,78,7,-11.831707242150298,3
5840,28,34,74,23,-11.834419909257845,11
5841,103,17,107,12,-11.84601297233496,5
5842,29,12,20,8,-11.85416559868577,4
5843,77,28,104,19,-11.87424672617717,9
5844,104,18,90,12,-11.89837391797068,6
5845,63,18,62,12,-11.898616241132698,6
5846,29,11,109,6,-11.905733206262543,5
5847,65,46,114,30,-11.938229846486397,16
5848,18,27,95,18,-11.951490678023534,9
5849,54,10,53,7,-11.951994898142779,3
5850,51,30,78,18,-11.95634802340221,12
5851,81,14,104,8,-11.956844186421009,6
5852,72,11,50,8,-11.966306538639385,3
5853,60,16,37,10,-11.9668638856867,6
5854,98,11,109,8,-11.980585816049416,3
5855,55,18,102,12,-11.983866194974432,6
5856,87,21,15,14,-12.012506408703718,7
5857,104,12,1,8,-12.020108292717424,4
5858,63,18,1,11,-12.054495717242014,7
5859,57,14,76,10,-12.05677878352057,4
5860,91,18,30,13,-12.061464887561756,5
5861,69,20,49,13,-12.079897975557312,7
5862,20,14,34,10,-12.080633416209027,4
5863,72,10,39,7,-12.089715209342566,3
5864,35,11,8,8,-12.093356369533684,3
5865,112,23,60,16,-12.109222093309295,7
5866,27,22,104,16,-12.1180149644782,6
5867,12,12,1,8,-12.121434397869619,4
5868,63,12,92,7,-12.136993324985582,5
5869,31,11,19,8,-12.140248760143196,3
5870,70,22,2,14,-12.153236389251056,8
5871,99,21,107,14,-12.174640608684573,7
5872,57,19,65,13,-12.179886904630772,6
5873,39,18,109,13,-12.189314131019263,5
5874,76,18,7,11,-12.196617315781682,7
5875,106,11,78,8,-12.21024325274275,3
5876,9,14,43,9,-12.224469441855376,5
5877,43,19,75,14,-12.224767647713705,5
5878,60,22,74,14,-12.230302476711504,8
5879,54,27,48,18,-12.230401373927076,9
5880,84,11,71,8,-12.255989147154674,3
5881,39,10,32,7,-12.25900875776762,3
5882,85,16,39,10,-12.259649528892558,6
5883,78,17,17,11,-12.267827102574513,6
5884,112,12,58,8,-12.27450382990949,4
5885,96,29,98,20,-12.301665445316491,9
5886,60,24,47,17,-12.306617941323186,7
5887,114,11,78,7,-12.319932318545474,4
5888,20,10,78,7,-12.337947782230119,3
5889,104,13,34,9,-12.352990002767115,4
5890,97,12,67,9,-12.35346782744064,3
5891,46,39,104,26,-12.353574327141937,13
5892,50,17,36,10,-12.423703215189779,7
5893,48,13,60,9,-12.430799804411974,4
5894,92,15,64,8,-12.492372460791037,7
5895,69,22,58,14,-12.496375023223694,8
5896,49,10,80,6,-12.509141995238949,4
5897,103,12,55,9,-12.517980336309982,3
5898,5,27,75,17,-12.535083552437035,10
5899,58,14,54,9,-12.535089602873326,5
5900,3,15,41,12,-12.536867675080288,3
5901,87,27,98,19,-12.540784384215351,8
5902,5,27,57,19,-12.572003913811173,8
5903,39,15,58,11,-12.586107695941518,4
5904,63,18,30,12,-12.599148649844983,6
5905,5,15,48,11,-12.675358072710548,4
5906,88,16,111,12,-12.710530076381987,4
5907,106,24,46,15,-12.725492516069489,9
5908,106,14,33,10,-12.736963404825662,4
5909,109,27,114,20,-12.737377288037608,7
5910,36,10,95,7,-12.746346244298937,3
5911,81,12,54,8,-12.757047966098474,4
5912,14,19,16,13,-12.801433996471316,6
5913,19,11,63,8,-12.824791428015692,3
5914,38,13,11,9,-12.885059978927561,4
5915,65,21,2,16,-12.8900275785182,5
5916,49,10,34,7,-12.890039581771166,3
5917,75,12,98,8,-12.900340980932176,4
5918,19,10,18,7,-12.906348402552078,3
5919,9,20,20,14,-12.92396478016519,6
5920,87,20,79,15,-12.924731468288163,5
5921,84,13,41,9,-12.931428566792913,4
5922,51,14,34,10,-12.934608487352978,4
5923,60,29,91,19,-12.952631394075716,10
5924,102,21,107,14,-12.974367748289918,7
5925,77,18,30,13,-12.982342846447986,5
5926,30,11,80,8,-13.03236389442298,3
5927,29,14,75,9,-13.04592128555306,5
5928,91,15,43,11,-13.046946068237398,4
5929,112,21,28,15,-13.06776325687043,6
5930,108,11,84,8,-13.07106461175519,3
5931,12,13,114,8,-13.087005723325444,5
5932,88,12,98,9,-13.094822370834628,3
5933,70,10,83,6,-13.118339150755117,4
5934,49,17,76,12,-13.139446319164033,5
5935,37,28,95,21,-13.149042342745602,7
5936,88,17,102,13,-13.153141792955822,4
5937,70,22,11,16,-13.174919150937757,6
5938,81,25,51,16,-13.181806016972251,9
5939,87,17,34,12,-13.184329008068612,5
5940,54,18,36,12,-13.217744798273172,6
5941,41,16,8,12,-13.244566662838952,4
5942,88,36,95,25,-13.24512473637818,11
5943,96,39,11,27,-13.252582377716239,12
5944,11,23,95,17,-13.263288005084238,6
5945,5,31,102,21,-13.269431869962297,10
5946,99,12,7,8,-13.274517260788413,4
5947,106,19,64,13,-13.295192075566398,6
5948,23,11,72,8,-13.303468387767726,3
5949,46,17,50,11,-13.310329365776978,6
5950,47,11,78,7,-13.313837965116967,4
5951,18,16,47,12,-13.317575135316673,4
5952,46,12,18,9,-13.322032493347338,3
5953,114,28,87,18,-13.32969544089937,10
5954,32,11,55,7,-13.36363963009391,4
5955,35,12,104,8,-13.369677424437175,4
5956,112,11,91,8,-13.423237527272477,3
5957,53,15,75,10,-13.423496737137004,5
5958,32,12,25,7,-13.427877456338663,5
5959,45,15,23,11,-13.436468047997268,4
5960,35,15,36,11,-13.440272285829963,4
5961,86,24,26,18,-13.454427406615018,6
5962,94,34,16,25,-13.508766109877152,9
5963,66,11,7,7,-13.514093541012448,4
5964,104,18,64,13,-13.541290561517043,5
5965,104,21,49,15,-13.546207868188585,6
5966,74,10,15,7,-13.56932630742914,3
5967,3,10,38,7,-13.612373842695774,3
5968,46,12,93,9,-13.65474091099076,3
5969,18,11,49,8,-13.655065375637419,3
5970,86,16,92,11,-13.67676060817369,5
5971,44,14,104,10,-13.703910249073422,4
5972,3,22,63,17,-13.713969327820672,5
5973,31,25,63,18,-13.714594813504094,7
5974,33,14,63,10,-13.733555706081619,4
5975,27,10,97,6,-13.735152835550487,4
5976,50,17,77,13,-13.753479149012174,4
5977,112,11,97,9,-13.794615799527321,2
5978,31,74,13,51,-13.800549608099518,23
5979,31,17,98,11,-13.805084918983175,6
5980,50,19,53,13,-13.883151416746287,6
5981,76,17,54,12,-13.892444764564262,5
5982,68,14,34,10,-13.903096130211466,4
5983,112,11,37,8,-13.937736127059297,3
5984,69,19,75,14,-13.94230448490658,5
5985,109,11,91,8,-13.94618860472034,3
5986,71,24,40,17,-13.948125771645659,7
5987,75,12,111,8,-13.972281809419961,4
5988,91,11,69,7,-13.993001551531528,4
5989,77,29,40,21,-14.048771071022598,8
5990,57,12,62,9,-14.067895538486146,3
5991,78,16,27,13,-14.073489954228481,3
5992,112,13,49,9,-14.107588631583399,4
5993,80,11,41,8,-14.186716292232557,3
5994,3,15,20,11,-14.188922367828342,4
5995,37,12,34,9,-14.300571264435137,3
5996,102,11,46,8,-14.307494713152051,3
5997,50,18,80,14,-14.309192739594003,4
5998,112,15,47,10,-14.309777431810543,5
5999,57,12,31,8,-14.310689026630849,4
6000,112,10,108,7,-14.316449946299121,3
6001,63,37,80,27,-14.322048676220186,10
6002,77,27,7,19,-14.33556677589385,8
6003,83,10,40,8,-14.347262135245904,2
6004,90,16,20,11,-14.40477443227545,5
6005,3,14,30,11,-14.417667272505026,3
6006,70,26,108,19,-14.427393649276276,7
6007,14,11,80,7,-14.435345395194508,4
6008,35,13,97,10,-14.4445517315995,3
6009,5,12,44,9,-14.447481002517355,3
6010,35,13,63,9,-14.450412261730216,4
6011,2,10,73,7,-14.457830254043136,3
6012,25,12,34,9,-14.468789684868275,3
6013,27,10,111,8,-14.504025956772896,2
6014,2,12,13,8,-14.516038794033763,4
6015,37,12,73,8,-14.533349572792924,4
6016,9,11,108,7,-14.533752266696007,4
6017,62,19,74,14,-14.57027413820892,5
6018,99,12,50,8,-14.581629542155014,4
6019,29,22,88,16,-14.584788845308772,6
6020,97,11,14,9,-14.634263785488013,2
6021,51,14,94,10,-14.642632531518043,4
6022,35,10,3,7,-14.67345115895829,3
6023,79,14,104,9,-14.67585498642578,5
6024,18,13,69,9,-14.695896617157176,4
6025,94,10,9,6,-14.704426445452432,4
6026,83,19,114,14,-14.71253096490687,5
6027,31,10,100,7,-14.730848989291465,3
6028,102,11,90,6,-14.739148726840858,5
6029,109,21,27,14,-14.741810222555548,7
6030,106,14,32,11,-14.741977351969277,3
6031,83,19,16,14,-14.752075456104706,5
6032,2,10,57,7,-14.75670329182861,3
6033,19,20,29,15,-14.80327148874317,5
6034,54,36,75,25,-14.80658448659353,11
6035,76,13,15,9,-14.81353391108204,4
6036,80,11,34,9,-14.830360037538274,2
6037,68,15,29,11,-14.842517688016263,4
6038,38,13,87,9,-14.859584047072818,4
6039,28,12,110,8,-14.8602682733133,4
6040,39,11,2,8,-14.867970478981071,3
6041,108,10,8,8,-14.88327570809189,2
6042,112,10,55,8,-14.907032679929216,2
6043,77,11,98,8,-14.971497492381292,3
6044,75,10,45,8,-15.003649946946844,2
6045,99,18,25,13,-15.014737107768294,5
6046,94,17,81,11,-15.053941840602283,6
6047,51,19,45,14,-15.064032724857126,5
6048,69,10,111,7,-15.0816233253005,3
6049,70,11,34,8,-15.101320383881482,3
6050,71,17,41,13,-15.162388636591329,4
6051,11,13,100,9,-15.179784599525844,4
6052,65,32,100,25,-15.220205062235213,7
6053,68,15,61,11,-15.24709195978541,4
6054,37,13,18,10,-15.368965567811568,3
6055,3,27,84,18,-15.372916145146673,9
6056,46,12,98,8,-15.381140721878973,4
6057,25,14,49,10,-15.43786379260084,4
6058,107,25,73,17,-15.460672720698524,8
6059,103,12,74,9,-15.463990000688312,3
6060,84,22,112,16,-15.486639525748986,6
6061,31,15,69,10,-15.502962092044207,5
6062,2,18,104,12,-15.50344370749933,6
6063,10,11,37,7,-15.516949569025604,4
6064,14,11,25,9,-15.536643242754739,2
6065,31,12,104,8,-15.561592201078605,4
6066,5,20,23,15,-15.563915929412014,5
6067,45,14,4,10,-15.600891470448104,4
6068,85,11,106,8,-15.605731963514037,3
6069,97,13,90,9,-15.62188808576594,4
6070,58,23,65,16,-15.653154983328356,7
6071,35,13,87,9,-15.683184050777022,4
6072,63,11,15,8,-15.683342037196233,3
6073,51,23,15,16,-15.696340054221961,7
6074,1,13,8,10,-15.702434313684371,3
6075,80,13,75,10,-15.71805205236554,3
6076,35,12,80,9,-15.72406211872363,3
6077,77,14,37,10,-15.73169378416834,4
6078,96,16,93,12,-15.73319462766121,4
6079,43,14,30,11,-15.738372858595183,3
6080,57,20,7,13,-15.746440629237659,7
6081,35,10,75,8,-15.755761764469415,2
6082,37,10,15,8,-15.78269510258246,2
6083,12,12,75,8,-15.785867542761379,4
6084,17,22,95,17,-15.802621580377178,5
6085,78,11,76,9,-15.811000042078586,2
6086,31,45,16,33,-15.837412153743443,12
6087,39,18,99,14,-15.84878961626863,4
6088,91,11,76,9,-15.872477419459234,2
6089,94,12,85,9,-15.872945827108664,3
6090,13,26,30,18,-15.88389201939532,8
6091,28,12,43,8,-15.894105628705272,4
6092,9,30,53,22,-15.894615033798411,8
6093,70,13,80,11,-15.90133341789594,2
6094,63,13,14,9,-15.961958621197994,4
6095,19,10,51,8,-15.984440942521672,2
6096,5,18,41,12,-16.050377082501456,6
6097,9,24,15,16,-16.09746361196613,8
6098,77,20,8,15,-16.11157045463716,5
6099,112,15,71,11,-16.11687592102847,4
6100,102,10,43,7,-16.154622115934174,3
6101,79,10,76,8,-16.246721403642802,2
6102,69,21,53,15,-16.247322250303586,6
6103,68,16,103,12,-16.281667488957133,4
6104,79,12,30,9,-16.40518046559389,3
6105,7,16,61,11,-16.426968020447948,5
6106,25,25,11,20,-16.429746187224737,5
6107,109,14,15,11,-16.447207404622475,3
6108,55,15,14,12,-16.464885141480416,3
6109,88,17,80,12,-16.477538046034613,5
6110,57,14,100,10,-16.518461506999675,4
6111,68,22,95,18,-16.550204863156033,4
6112,36,10,101,8,-16.627946704419497,2
6113,41,12,30,8,-16.67014747818193,4
6114,71,15,95,10,-16.72675418994599,5
6115,83,13,23,10,-16.744700089549813,3
6116,76,10,1,7,-16.815372977495876,3
6117,30,14,95,10,-16.836817117204564,4
6118,97,14,38,11,-16.838290194315167,3
6119,10,12,13,9,-16.89276746041982,3
6120,112,19,20,15,-16.964936240764274,4
6121,31,10,38,6,-16.97274158238424,4
6122,46,11,43,8,-16.991693442801246,3
6123,70,11,48,8,-17.04295857723929,3
6124,1,14,18,11,-17.058153705270225,3
6125,13,17,80,12,-17.06375198393908,5
6126,2,11,60,8,-17.11684300008854,3
6127,20,12,60,9,-17.12579419517071,3
6128,9,28,41,21,-17.159883472781484,7
6129,5,22,27,16,-17.186967099907662,6
6130,3,10,48,7,-17.21455694117363,3
6131,107,18,19,15,-17.294486817084366,3
6132,106,10,35,7,-17.319051156851785,3
6133,39,10,45,7,-17.32115834390289,3
6134,12,16,41,12,-17.359792151573956,4
6135,18,14,23,10,-17.468338798211544,4
6136,83,11,110,9,-17.575104905290946,2
6137,3,11,5,7,-17.694163901939547,4
6138,68,32,112,25,-17.735336321116534,7
6139,55,12,44,9,-17.771847163193563,3
6140,5,18,30,15,-17.81053305502534,3
6141,8,10,69,8,-17.824588271872045,2
6142,88,17,32,13,-17.824594134673823,4
6143,114,11,111,8,-17.846918134233796,3
6144,41,10,35,7,-17.84884882348167,3
6145,22,11,13,9,-17.88490511828995,2
6146,43,16,55,14,-17.88766939591472,2
6147,33,18,55,14,-17.969879843551904,4
6148,112,22,78,17,-18.00765085252849,5
6149,28,28,90,22,-18.060877876686433,6
6150,57,11,79,8,-18.14640267745942,3
6151,79,10,75,8,-18.185200748196127,2
6152,103,10,109,7,-18.37872283171988,3
6153,18,10,5,8,-18.464269170029826,2
6154,81,14,49,10,-18.467862810158525,4
6155,9,15,48,12,-18.472872872736897,3
6156,33,14,65,11,-18.512762180418843,3
6157,31,15,106,11,-18.52908676481624,4
6158,102,11,30,8,-18.53374521303684,3
6159,49,10,47,8,-18.582870806995665,2
6160,57,13,34,10,-18.63083545853813,3
6161,68,15,50,11,-18.68712791744929,4
6162,77,19,16,15,-18.736127046783512,4
6163,28,17,99,13,-18.754584808369174,4
6164,47,11,55,8,-18.857554518412744,3
6165,11,10,2,8,-18.92308479788875,2
6166,4,13,98,11,-18.936498509144613,2
6167,106,11,89,7,-18.95338953455919,4
6168,106,10,92,8,-19.041690772468705,2
6169,43,12,45,9,-19.04326521517843,3
6170,2,10,100,7,-19.143504228869272,3
6171,54,16,4,14,-19.244087603842104,2
6172,18,14,99,11,-19.290873438644514,3
6173,81,11,100,8,-19.29891210464559,3
6174,108,10,114,7,-19.30451384791422,3
6175,36,19,30,17,-19.30529767168729,2
6176,58,19,86,15,-19.384187711945845,4
6177,9,25,27,19,-19.43154810444966,6
6178,51,10,101,8,-19.538804927619935,2
6179,5,11,64,9,-19.698196874853632,2
6180,68,19,100,14,-19.724922124038788,5
6181,32,12,95,10,-19.760326388824467,2
6182,69,13,27,10,-19.98803308873254,3
6183,84,11,7,9,-20.072751797902637,2
6184,77,11,100,9,-20.220350500768852,2
6185,10,15,51,12,-20.332726180509006,3
6186,35,11,48,9,-20.438098241934796,2
6187,93,10,30,8,-20.554928098530844,2
6188,19,12,55,9,-20.602645773872627,3
6189,79,11,17,9,-20.72101316555543,2
6190,68,11,90,9,-20.787956198015944,2
6191,38,11,55,9,-20.87506721402826,2
6192,57,13,94,10,-20.917014051877036,3
6193,43,10,110,8,-21.055981543018305,2
6194,10,13,112,10,-21.234179723414762,3
6195,91,16,104,15,-21.31971827875211,1
6196,51,16,2,12,-21.322170492802826,4
6197,51,20,90,17,-21.393287092982963,3
6198,4,13,25,11,-21.42004260246313,2
6199,4,15,41,10,-21.480590173913868,5
6200,31,12,62,9,-21.790941067775986,3
6201,43,10,81,8,-21.87406839236792,2
6202,97,12,91,10,-22.175648770183788,2
6203,57,12,29,10,-22.398372618819636,2
6204,19,11,76,9,-22.552013176139315,2
6205,112,14,80,11,-22.742433885358178,3
6206,8,11,4,10,-23.17790508365148,1
6207,31,10,15,8,-23.60998987148027,2
6208,109,11,12,10,-23.647352995961207,1
6209,57,11,112,9,-24.03512959326609,2
6210,97,11,34,9,-24.058676404388496,2
6211,97,12,73,9,-24.10757303293757,3
6212,3,16,75,14,-24.194103806582213,2
6213,48,10,78,9,-24.571299754132223,1
6214,57,12,26,10,-24.80508950345583,2
6215,77,17,75,15,-26.826580833678783,2
6216,23,13,90,12,-28.362481429909796,1
6217,29,10,72,9,-28.9891345421891,1
6218,102,11,112,10,-29.817132660557682,1
6219,37,11,44,11,-29.883498899257123,0
