,againstHero,games,hero,losses,shift,wins
0,112,17,102,1,31.59305348177514,16
1,44,11,37,0,29.88349889925713,11
2,98,10,61,0,28.323329566102494,10
3,69,10,38,1,27.695920761479556,9
4,49,10,106,1,25.681632401928862,9
5,100,11,33,1,25.460296177649866,10
6,90,14,23,2,25.1914979759845,12
7,104,11,42,1,24.55480599508646,10
8,55,13,38,2,23.805883695964802,11
9,75,19,77,3,23.52836570307736,16
10,4,11,8,1,23.177905083651485,10
11,26,14,57,3,23.006782602638854,11
12,104,18,91,1,22.937436859705542,17
13,3,10,1,2,22.670516239418717,8
14,91,12,97,2,22.175648770183784,10
15,62,12,31,3,21.790941067775986,9
16,64,11,34,2,21.53865059177988,9
17,41,15,4,5,21.48059017391386,10
18,25,13,4,2,21.420042602463127,11
19,75,18,3,3,21.417290354619,15
20,43,10,89,2,21.412906477100517,8
21,101,11,51,2,21.226620175614492,9
22,76,11,31,1,21.157211826935978,10
23,80,16,112,4,21.108795407964617,12
24,51,16,10,3,21.051824036569297,13
25,109,10,90,1,21.034570289962243,9
26,112,14,10,3,21.021770709139737,11
27,48,18,3,4,20.77461856356065,14
28,34,10,77,1,20.670327392487728,9
29,3,10,95,2,20.57885087785416,8
30,81,23,94,6,20.517798479805748,17
31,30,11,10,2,20.38962047667116,9
32,26,10,12,2,20.379731856409943,8
33,75,10,103,1,20.24199150509897,9
34,112,38,68,8,20.161440612174868,30
35,7,12,84,2,20.160900959942538,10
36,4,17,54,2,19.994435391851386,15
37,73,13,97,4,19.966763707753138,9
38,94,10,38,2,19.793182522248046,8
39,95,12,32,2,19.760326388824467,10
40,15,11,31,3,19.738787942525676,8
41,64,11,5,2,19.698196874853622,9
42,30,11,6,2,19.605882514870544,9
43,114,11,29,3,19.42881288570476,8
44,30,19,36,2,19.305297671687292,17
45,99,14,18,3,19.290873438644518,11
46,34,13,62,3,19.217276142512915,10
47,92,10,106,2,19.04169077246869,8
48,89,11,106,4,18.95338953455918,7
49,98,13,4,2,18.93649850914462,11
50,34,12,97,3,18.831202908180163,9
51,55,20,33,4,18.82593244000092,16
52,27,12,102,2,18.772173343475483,10
53,90,24,51,5,18.75703527846473,19
54,99,17,28,4,18.75458480836917,13
55,112,16,57,4,18.741640604630682,12
56,45,10,12,2,18.653807119995122,8
57,106,15,31,4,18.52908676481623,11
58,87,17,35,5,18.4649770696095,12
59,81,12,43,3,18.327617727929393,9
60,55,14,12,3,18.17466355866916,11
61,67,10,54,2,18.121548101252504,8
62,54,21,76,5,18.08934803214948,16
63,74,14,103,3,17.994533713441378,11
64,95,15,30,4,17.919901608832795,11
65,35,10,41,3,17.84884882348167,7
66,111,11,114,3,17.846918134233793,8
67,32,17,88,4,17.824594134673823,13
68,48,13,35,3,17.821530991658573,10
69,30,18,5,3,17.81053305502534,15
70,85,10,15,2,17.788004047228643,8
71,44,12,55,3,17.77184716319358,9
72,90,12,68,3,17.719685937760904,9
73,5,11,3,4,17.694163901939536,7
74,20,10,67,2,17.672455088050597,8
75,48,12,70,3,17.608815428580364,9
76,110,11,83,2,17.575104905290953,9
77,109,18,29,6,17.571930830154646,12
78,80,12,76,3,17.55496587930268,9
79,80,10,29,2,17.457200220457587,8
80,60,10,35,3,17.41812694726481,7
81,35,10,106,3,17.31905115685177,7
82,27,22,5,6,17.18696709990766,16
83,102,17,60,5,17.171392721318526,12
84,88,28,29,7,17.154392005842116,21
85,60,11,2,3,17.116843000088547,8
86,27,29,9,8,17.072056537621442,21
87,18,14,1,3,17.058153705270215,11
88,73,13,37,4,17.032463348069772,9
89,38,10,31,4,16.97274158238423,6
90,20,19,112,4,16.964936240764278,15
91,43,12,46,3,16.90387334173946,9
92,100,17,81,5,16.902840028550546,12
93,29,18,57,4,16.901122362734938,14
94,22,10,41,2,16.895138763704843,8
95,13,12,10,3,16.89276746041981,9
96,37,12,10,4,16.877061428062927,8
97,18,14,46,3,16.84517490405338,11
98,80,21,13,7,16.796282689859083,14
99,76,13,89,3,16.79271738787742,10
100,15,15,37,3,16.78479129694742,12
101,23,13,83,3,16.74470008954982,10
102,95,15,71,5,16.726754189945982,10
103,78,28,112,7,16.67914983172849,21
104,53,23,69,6,16.676579450904736,17
105,48,13,94,3,16.653883625052593,10
106,101,10,36,2,16.627946704419482,8
107,19,15,109,4,16.588566849406615,11
108,95,22,68,4,16.55020486315604,18
109,17,12,79,3,16.528587589888392,9
110,66,10,64,2,16.52634240612363,8
111,16,46,31,12,16.494251500601973,34
112,61,10,87,3,16.482333693393578,7
113,14,15,55,3,16.46488514148042,12
114,19,11,37,2,16.4401797639671,9
115,87,15,38,4,16.440170970047017,11
116,99,19,39,4,16.42872930905631,15
117,45,13,43,4,16.39462685745925,9
118,14,14,63,4,16.386711509096077,10
119,29,10,40,2,16.378294184390825,8
120,110,11,43,3,16.376498956572302,8
121,27,13,83,2,16.3680925226411,11
122,100,22,57,6,16.352929528191847,16
123,104,19,2,6,16.35238800305577,13
124,25,12,14,2,16.337614979675553,10
125,109,17,98,4,16.30686299478245,13
126,65,16,33,4,16.286121361101067,12
127,34,12,80,2,16.26922931751229,10
128,86,25,58,6,16.268533196463114,19
129,78,19,62,5,16.13915885630126,14
130,98,13,46,4,16.128351252027375,9
131,71,15,112,4,16.11687592102847,11
132,41,18,5,6,16.050377082501452,12
133,72,15,29,4,16.043829927756203,11
134,53,31,9,8,16.014655893145633,23
135,15,18,76,5,16.009978456662118,13
136,57,11,90,3,15.975273202140915,8
137,80,13,70,2,15.901333417895945,11
138,90,29,28,7,15.88008958677165,22
139,95,22,17,5,15.802621580377183,17
140,110,13,28,4,15.75542536900984,9
141,17,13,94,4,15.746212612138288,9
142,93,16,96,4,15.733194627661216,12
143,80,12,35,3,15.724062118723628,9
144,75,13,80,3,15.718052052365538,10
145,45,20,51,5,15.703190735785379,15
146,15,14,112,4,15.700949053545523,10
147,14,12,97,2,15.664913845649805,10
148,90,13,97,4,15.621888085765939,9
149,106,11,85,3,15.605731963514026,8
150,23,10,69,2,15.603167423944381,8
151,4,14,45,4,15.60089147044811,10
152,100,10,90,2,15.59689537510572,8
153,23,21,5,5,15.554175057753397,16
154,13,12,66,3,15.520614540867863,9
155,64,20,104,5,15.515264160119216,15
156,69,15,31,5,15.502962092044207,10
157,9,15,12,4,15.494125308722385,11
158,112,23,84,6,15.486639525748984,17
159,2,12,39,3,15.473797666414951,9
160,73,25,107,8,15.46067272069853,17
161,5,11,18,3,15.389394006883377,8
162,12,16,62,5,15.366878044727521,11
163,100,15,2,5,15.36385849078198,10
164,114,14,108,4,15.322173355999801,10
165,12,19,109,5,15.312970347960354,14
166,104,12,94,3,15.27233865597326,9
167,93,14,46,3,15.251126640356858,11
168,54,11,77,1,15.154916790692539,10
169,48,31,54,9,15.15203502038891,22
170,71,10,29,2,15.143188317628589,8
171,77,19,50,4,15.082093464135092,15
172,38,10,93,4,15.046407356806787,6
173,25,18,99,5,15.014737107768298,13
174,45,10,75,2,15.00364994694684,8
175,13,12,22,3,14.994671319317483,9
176,80,14,49,5,14.99318638978968,9
177,49,10,44,3,14.992301775479177,7
178,57,11,89,3,14.89329638376114,8
179,111,18,88,4,14.891378091601458,14
180,102,11,35,4,14.787485364380144,7
181,7,11,89,3,14.785043291363074,8
182,11,26,25,6,14.778705544740387,20
183,15,29,109,6,14.74889744436929,23
184,32,14,106,3,14.741977351969275,11
185,78,15,48,4,14.736137197437774,11
186,100,10,31,3,14.730848989291468,7
187,7,28,77,8,14.729495105034692,20
188,114,19,83,5,14.712530964906861,14
189,17,19,78,6,14.709203332504174,13
190,55,16,19,5,14.687783547200517,11
191,100,33,3,9,14.664983210141882,24
192,13,28,29,9,14.626543875108071,19
193,39,10,66,3,14.612542929328729,7
194,50,12,99,4,14.581629542155012,8
195,34,18,20,4,14.557800978959818,14
196,80,19,50,4,14.554439051919097,15
197,38,15,97,4,14.531013843539451,11
198,104,23,38,7,14.499014536690481,16
199,19,12,6,4,14.46906875309814,8
200,34,12,25,3,14.468789684868279,9
201,73,10,2,3,14.457830254043134,7
202,44,12,5,3,14.447481002517359,9
203,97,13,35,3,14.444551731599496,10
204,8,24,77,7,14.435582202481532,17
205,80,11,14,4,14.435345395194517,7
206,108,26,70,7,14.427393649276278,19
207,72,25,51,8,14.407428865039869,17
208,16,42,77,12,14.349445767899914,30
209,85,18,94,5,14.349143244204264,13
210,40,10,83,2,14.347262135245902,8
211,54,10,10,3,14.334784055636703,7
212,11,17,89,4,14.325596299726628,13
213,26,25,86,6,14.322036756570213,19
214,31,12,57,4,14.310689026630854,8
215,46,11,102,3,14.307494713152066,8
216,48,10,112,2,14.307464286387091,8
217,30,22,41,6,14.29163797685006,16
218,23,15,18,5,14.275894417804937,10
219,83,11,17,4,14.269615650014424,7
220,61,17,7,6,14.217702740281522,11
221,50,18,46,6,14.208875687593249,12
222,72,10,75,3,14.207053385683185,7
223,33,10,19,4,14.198164828754605,6
224,58,13,66,3,14.08786535368442,10
225,90,10,9,3,14.073147353965513,7
226,100,31,68,10,14.067965798054423,21
227,40,29,77,8,14.0487710710226,21
228,6,11,41,4,13.99218654178206,7
229,41,31,9,9,13.990507643067811,22
230,111,12,75,4,13.972281809419972,8
231,114,29,109,7,13.96133653890183,22
232,40,24,71,7,13.948125771645659,17
233,75,19,69,5,13.942304484906572,14
234,60,14,20,4,13.939926452860888,10
235,37,11,112,3,13.937736127059289,8
236,25,10,112,3,13.919292260310073,7
237,100,32,103,10,13.9064115038656,22
238,63,31,3,7,13.905152866710317,24
239,16,21,83,6,13.895144807658395,15
240,53,19,50,6,13.883151416746278,13
241,27,35,109,12,13.84726709200119,23
242,47,12,57,4,13.842676334165546,8
243,55,17,103,4,13.826956770005326,13
244,47,18,112,6,13.820833793363406,12
245,38,14,112,3,13.819485047030156,11
246,97,11,112,2,13.794615799527316,9
247,87,11,85,3,13.78530468452242,8
248,62,18,57,4,13.757275808574349,14
249,49,20,81,7,13.7552732032207,13
250,97,10,27,4,13.735152835550473,6
251,95,25,11,7,13.725658005456241,18
252,63,25,31,7,13.714594813504087,18
253,34,10,95,3,13.704508911135058,7
254,57,28,5,8,13.702708831126637,20
255,92,10,25,3,13.698642336458672,7
256,16,45,94,12,13.692234253415494,33
257,89,15,103,5,13.653395986414905,10
258,8,12,108,3,13.645968521702336,9
259,34,18,60,5,13.644836415292458,13
260,75,15,12,5,13.63556285801919,10
261,22,13,27,4,13.578238998395374,9
262,103,18,60,5,13.575363139165225,13
263,41,19,84,6,13.556150264603875,13
264,80,10,6,3,13.522871173076231,7
265,55,13,112,3,13.49840576791747,10
266,30,32,63,10,13.49817196218878,22
267,84,12,108,3,13.488009207908556,9
268,27,24,69,8,13.483104419153626,16
269,30,19,85,6,13.476610519943755,13
270,76,22,78,5,13.440807425985327,17
271,36,15,35,4,13.440272285829971,11
272,43,19,53,5,13.43803314299166,14
273,23,15,45,4,13.436468047997263,11
274,25,12,32,5,13.427877456338669,7
275,34,13,70,4,13.426554854854936,9
276,61,16,68,5,13.424919545398383,11
277,75,15,53,5,13.423496737137011,10
278,91,11,112,3,13.423237527272498,8
279,27,10,45,3,13.421070416218555,7
280,71,15,84,4,13.41321574412034,11
281,62,11,48,4,13.383804058498162,7
282,109,14,103,5,13.379278679742843,9
283,104,12,35,4,13.369677424437175,8
284,17,14,48,5,13.364907872446567,9
285,55,11,32,4,13.363639630093912,7
286,108,13,9,5,13.341841222661904,8
287,11,16,18,5,13.321280125838719,11
288,9,17,19,5,13.31812011403307,12
289,80,20,88,7,13.305539707805673,13
290,8,14,1,4,13.305141225086524,10
291,64,19,106,6,13.295192075566392,13
292,104,43,46,14,13.294982678813746,29
293,7,12,99,4,13.27451726078842,8
294,94,19,57,6,13.247205639863786,13
295,95,39,88,12,13.236869470595256,27
296,109,15,64,6,13.229745561488967,9
297,36,18,54,6,13.217744798273168,12
298,95,28,37,7,13.149042342745599,21
299,34,13,54,3,13.103837032839984,10
300,57,13,72,2,13.071458888669092,11
301,41,28,12,8,13.058385189217622,20
302,55,14,47,5,13.036465008068177,9
303,39,21,72,6,13.02598883384152,15
304,63,14,35,5,12.998216518752985,9
305,74,23,60,8,12.980686447605734,15
306,92,10,84,4,12.962976398847768,6
307,98,19,106,6,12.954874150336938,13
308,74,16,76,6,12.943701075259918,10
309,78,14,47,5,12.914558187890036,9
310,17,19,109,6,12.911257852793483,13
311,2,21,65,5,12.890027578518191,16
312,34,24,57,7,12.872133630873055,17
313,50,13,103,4,12.862167277055054,9
314,104,35,27,11,12.83724877330016,24
315,1,11,76,4,12.827717897490277,7
316,108,14,11,4,12.798974196396992,10
317,49,15,25,5,12.785517383168523,10
318,84,31,3,11,12.7817713508444,20
319,80,21,51,7,12.779249811641694,14
320,100,15,1,5,12.750379039232417,10
321,95,10,36,3,12.746346244298936,7
322,11,44,37,14,12.738426249160874,30
323,98,33,87,9,12.73723226761893,24
324,33,14,106,4,12.736963404825657,10
325,46,24,106,9,12.725492516069494,15
326,15,33,9,13,12.72411209862202,20
327,13,76,31,25,12.705633823012963,51
328,80,40,63,12,12.682443988429267,28
329,104,13,31,5,12.68196482072701,8
330,48,15,5,4,12.675358072710559,11
331,7,23,57,9,12.666461617234948,14
332,39,20,85,7,12.618845399489865,13
333,74,20,48,8,12.617131151527765,12
334,53,24,108,9,12.606603502458741,15
335,15,12,102,3,12.597866884640942,9
336,2,21,51,8,12.59592396910538,13
337,100,14,38,3,12.572962429479661,11
338,3,12,35,4,12.563400964105028,8
339,41,18,71,5,12.557773267008855,13
340,42,12,13,3,12.522183516198908,9
341,64,15,92,7,12.492372460791035,8
342,79,30,87,8,12.466071130940087,22
343,13,88,88,26,12.460305993563065,62
344,18,14,37,4,12.438833593443572,10
345,65,27,58,9,12.431650709075077,18
346,36,17,50,7,12.423703215189775,10
347,35,10,109,3,12.407562430544194,7
348,100,11,108,3,12.392416096060252,8
349,67,12,97,3,12.353467827440639,9
350,34,14,41,5,12.338786367505541,9
351,13,34,94,11,12.315280597409904,23
352,98,18,88,5,12.300728896947142,13
353,100,30,77,9,12.29767742568246,21
354,69,15,18,5,12.281407888329316,10
355,40,15,81,4,12.276802562895192,11
356,98,30,96,9,12.27549839186978,21
357,27,21,89,6,12.26733989700351,15
358,109,21,39,6,12.264003725130951,15
359,37,18,60,7,12.263894360602317,11
360,73,19,88,6,12.262693289910839,13
361,32,10,39,3,12.259008757767624,7
362,58,11,29,3,12.250932195859463,8
363,75,19,43,5,12.224767647713705,14
364,64,19,37,6,12.216856507558594,13
365,78,11,106,3,12.210243252742742,8
366,15,10,97,3,12.205780494305644,7
367,72,15,109,4,12.199392565133763,11
368,2,15,11,5,12.196157085843712,10
369,11,35,84,11,12.189911906563855,24
370,75,11,35,3,12.188091693345983,8
371,107,21,99,7,12.174640608684578,14
372,55,21,23,8,12.170945018647474,13
373,111,23,41,8,12.165817300484488,15
374,87,32,81,12,12.164562147525906,20
375,2,22,70,8,12.153236389251047,14
376,11,40,96,13,12.141028508791658,27
377,57,19,109,6,12.12921132196382,13
378,49,11,92,4,12.12845296171494,7
379,64,21,29,5,12.12654912548516,16
380,15,10,4,4,12.124220843420797,6
381,76,15,91,4,12.09807191241983,11
382,8,11,35,3,12.093356369533678,8
383,74,22,62,7,12.061308273026555,15
384,1,18,63,7,12.054495717242016,11
385,10,10,89,3,12.05123505380701,7
386,100,52,65,16,12.04470855065301,36
387,30,20,46,6,12.044164698044929,14
388,43,14,28,5,12.028046594555397,9
389,1,12,104,4,12.02010829271743,8
390,63,15,89,4,12.017404575838292,11
391,102,32,5,11,12.011851390558954,21
392,43,25,77,8,12.004670640929955,17
393,102,18,55,6,11.983866194974429,12
394,37,15,77,5,11.967604181160285,10
395,76,22,57,6,11.963037229635306,16
396,95,27,18,9,11.951490678023532,18
397,28,13,81,4,11.947384191502273,9
398,70,27,57,10,11.940546365796532,17
399,114,46,65,16,11.938229846486395,30
400,100,36,49,12,11.936314408561872,24
401,48,19,49,5,11.919274877330185,14
402,71,17,77,5,11.915487518479784,12
403,98,18,31,7,11.908816140421921,11
404,43,11,102,4,11.887502689329436,7
405,72,10,34,3,11.870726502798867,7
406,79,11,12,4,11.866943529008417,7
407,92,17,86,6,11.833574375075663,11
408,74,10,64,4,11.828764368523547,6
409,92,11,109,3,11.825872450184745,8
410,104,31,77,10,11.812621663747164,21
411,53,10,91,3,11.811611902058752,7
412,8,21,40,6,11.791921402372768,15
413,44,10,54,3,11.791894285038762,7
414,112,10,62,3,11.780471922009976,7
415,58,10,103,3,11.772908526311582,7
416,63,17,102,6,11.747209471298389,11
417,34,12,69,2,11.742698738008174,10
418,55,25,43,6,11.714024478286158,19
419,91,13,96,4,11.692854193124049,9
420,34,23,28,7,11.682170467841413,16
421,8,10,81,3,11.678569579324542,7
422,72,15,23,5,11.667454901588142,10
423,107,17,83,5,11.64452174042024,12
424,100,12,40,4,11.638460148115916,8
425,11,10,110,2,11.637838089699006,8
426,75,17,38,4,11.628826987325251,13
427,37,14,1,5,11.627292625477205,9
428,30,26,43,7,11.622747410275755,19
429,11,23,70,7,11.609570033059047,16
430,93,12,104,4,11.577012913737342,8
431,36,16,104,6,11.564722196156035,10
432,111,10,71,3,11.563837134119524,7
433,21,13,87,4,11.56318091799384,9
434,72,12,104,4,11.56257995280617,8
435,108,13,3,4,11.562059375800656,9
436,53,14,46,5,11.556347535591735,9
437,18,12,84,4,11.526678691260484,8
438,110,12,7,5,11.526061320417648,7
439,7,15,81,6,11.525413070422038,9
440,7,20,76,8,11.522456617485858,12
441,35,11,65,3,11.518581403700487,8
442,108,10,18,3,11.50838861651189,7
443,98,14,75,5,11.497093707313164,9
444,68,12,37,4,11.496583691347068,8
445,18,14,34,4,11.482941012320621,10
446,15,10,46,3,11.466752843427653,7
447,114,41,106,14,11.462749893343949,27
448,27,46,19,14,11.447727720350228,32
449,47,17,18,5,11.411676107822023,12
450,75,39,54,14,11.408133317564468,25
451,73,10,75,5,11.395199340418811,5
452,4,11,38,3,11.395009854616482,8
453,65,22,57,7,11.382534230045803,15
454,43,17,91,5,11.378756439291882,12
455,39,28,78,9,11.374922957505095,19
456,75,15,102,4,11.357902372458392,11
457,72,14,48,6,11.345448276680482,8
458,108,11,112,4,11.335603356831966,7
459,104,15,44,5,11.332078649569057,10
460,64,13,20,3,11.331308462604776,10
461,69,13,91,5,11.30407928014614,8
462,80,10,5,3,11.295210617596885,7
463,111,11,27,3,11.279710088837586,8
464,2,14,55,5,11.276816159574052,9
465,75,52,7,17,11.2746633859962,35
466,83,11,70,5,11.265042422069474,6
467,87,34,114,13,11.249287876293746,21
468,25,25,68,8,11.235607083018879,17
469,45,12,39,5,11.230688824941206,7
470,46,20,96,8,11.223825219116968,12
471,25,15,3,5,11.214634960222725,10
472,100,12,46,4,11.210309669403342,8
473,89,11,1,4,11.209011069389932,7
474,88,16,103,6,11.202155911494266,10
475,78,13,1,4,11.156578268103182,9
476,62,18,94,6,11.151655058140983,12
477,104,34,11,11,11.141180204048961,23
478,78,12,66,4,11.131528298187064,8
479,46,15,70,5,11.123543654837006,10
480,48,11,102,3,11.116814719382416,8
481,19,21,108,7,11.105185798804058,14
482,74,13,32,4,11.10166419198237,9
483,79,23,57,8,11.10038188990658,15
484,41,21,89,6,11.096465892840714,15
485,107,44,109,14,11.05111003010284,30
486,99,11,11,4,11.04788337752713,7
487,55,39,1,12,11.047135752371082,27
488,32,12,114,4,11.045874107216173,8
489,16,17,32,6,11.045561391190379,11
490,47,10,84,3,11.043789003229906,7
491,49,25,104,8,11.041712547533377,17
492,7,13,66,5,11.034566799554367,8
493,91,31,60,12,11.03333094942879,19
494,41,14,92,5,11.016394202336146,9
495,15,13,71,4,11.00914391321025,9
496,89,11,72,3,11.005026623419422,8
497,51,20,110,6,11.00014817045874,14
498,13,25,97,9,10.985857531237667,16
499,50,40,20,13,10.968930608298047,27
500,29,28,86,9,10.944229389007265,19
501,63,48,28,15,10.937243385325443,33
502,48,22,9,7,10.894666127588817,15
503,79,13,106,4,10.885501834452416,9
504,51,33,81,12,10.882761671799567,21
505,86,17,67,6,10.856458271232293,11
506,44,22,13,7,10.85202026233818,15
507,38,26,65,10,10.83463870682701,16
508,106,17,81,7,10.816681182916202,10
509,85,12,75,3,10.8046837733115,9
510,55,25,91,7,10.79161282762655,18
511,7,25,19,7,10.77597719817787,18
512,101,12,13,3,10.774607059056445,9
513,59,11,7,3,10.7712398180592,8
514,72,25,19,8,10.749639621360698,17
515,106,14,108,4,10.746780907865295,10
516,5,19,60,6,10.737943337535818,13
517,11,12,91,3,10.737589094202368,9
518,23,10,11,3,10.736120462067522,7
519,53,22,17,7,10.723383781136485,15
520,54,11,111,3,10.714143810197234,8
521,43,13,36,5,10.713552025008552,8
522,26,13,16,5,10.70690472808689,8
523,98,20,77,6,10.67353135151257,14
524,63,17,33,6,10.663903494014164,11
525,30,24,91,7,10.658543869059741,17
526,80,10,3,4,10.612199935723586,6
527,48,11,103,3,10.609852030111929,8
528,28,13,103,4,10.609246701939709,9
529,7,31,91,9,10.609100286101583,22
530,58,12,15,3,10.577771186457172,9
531,104,26,75,9,10.574353916694225,17
532,95,15,9,6,10.569002592922947,9
533,28,17,40,7,10.551622113062646,10
534,19,13,79,5,10.549815768045507,8
535,15,11,52,4,10.544640188021937,7
536,50,19,68,8,10.535408083030939,11
537,71,19,97,6,10.523533962196902,13
538,27,27,36,10,10.52334959933135,17
539,53,44,88,14,10.519286458480718,30
540,64,27,9,8,10.495957554452962,19
541,64,28,112,8,10.456743108722605,20
542,43,17,9,7,10.435718767902006,10
543,78,15,46,6,10.435320162132959,9
544,44,16,39,6,10.434810009571388,10
545,100,31,41,11,10.421036364082322,20
546,60,35,29,13,10.42089747006503,22
547,49,22,103,8,10.414318132058174,14
548,33,18,20,6,10.409025528596043,12
549,49,23,23,8,10.408633938410514,15
550,18,16,19,5,10.389246220506259,11
551,106,16,93,6,10.37915501513517,10
552,108,14,68,5,10.37834742902957,9
553,15,16,55,4,10.370537288257989,12
554,63,36,91,11,10.368824470659426,25
555,63,24,69,8,10.366973166191585,16
556,13,49,18,17,10.366295029596339,32
557,50,39,88,14,10.364860984100918,25
558,104,24,12,8,10.358875950961007,16
559,94,10,7,3,10.355621654064775,7
560,17,15,27,6,10.354549099588292,9
561,40,16,102,6,10.346146758066931,10
562,37,48,54,16,10.345446907641227,32
563,108,23,39,9,10.341615848120973,14
564,74,37,28,13,10.332746781815512,24
565,63,39,76,12,10.294441268951951,27
566,60,24,112,8,10.282975838759189,16
567,57,50,107,18,10.282855713553426,32
568,47,16,3,5,10.263621577333433,11
569,23,33,76,12,10.25965129445218,21
570,67,16,106,6,10.252161434234207,10
571,75,16,57,5,10.238315344226487,11
572,75,12,79,4,10.235318929578343,8
573,97,10,48,4,10.2212335454347,6
574,30,17,31,7,10.214096274935345,10
575,90,19,104,7,10.205908373136616,12
576,97,42,37,14,10.199316810918761,28
577,98,15,2,6,10.198603389321663,9
578,71,13,33,4,10.195530501937558,9
579,90,14,48,5,10.193948361787585,9
580,6,12,9,5,10.175309866966638,7
581,92,16,68,5,10.147306838487294,11
582,96,11,23,4,10.143008283174428,7
583,53,37,31,14,10.136338371296794,23
584,51,33,19,10,10.135690608914961,23
585,78,12,114,5,10.123963867745244,7
586,74,11,29,4,10.117149758840515,7
587,30,33,109,10,10.115174626052804,23
588,53,36,36,11,10.114732824687982,25
589,71,21,54,8,10.113144202991709,13
590,43,27,15,9,10.10018668264288,18
591,40,16,49,6,10.077718304922936,10
592,13,23,83,8,10.067954696106945,15
593,13,23,98,7,10.061399224989238,16
594,73,18,40,6,10.060776256522114,12
595,107,16,10,6,10.056408787562026,10
596,44,10,38,3,10.048373138060263,7
597,70,10,3,3,10.036631807498475,7
598,110,13,107,4,10.034721322746927,9
599,28,21,72,7,10.026127135244147,14
600,30,27,84,8,10.023299208241372,19
601,28,39,75,13,10.021801272184058,26
602,111,19,63,7,10.01291034850113,12
603,104,23,71,9,10.004145398382484,14
604,15,21,77,7,9.998659269021646,14
605,58,11,61,4,9.991140661268366,7
606,95,25,65,9,9.98743882075493,16
607,114,16,12,7,9.985343546707197,9
608,16,67,106,22,9.984638821275349,45
609,6,15,61,5,9.976861344972216,10
610,46,14,90,5,9.960134782518509,9
611,64,13,76,5,9.936646521389383,8
612,13,24,103,7,9.928864295214368,17
613,75,15,29,6,9.923300198268768,9
614,95,10,2,3,9.920312629990494,7
615,1,11,57,4,9.916035104284747,7
616,30,18,70,7,9.91397370546994,11
617,54,34,60,11,9.913747967452041,23
618,103,21,68,8,9.904114100948451,13
619,11,14,83,4,9.896151919094924,10
620,110,20,16,7,9.893450419413218,13
621,17,15,71,6,9.87407872077162,9
622,9,32,31,11,9.853659783790295,21
623,51,26,33,7,9.853114112635913,19
624,41,25,49,9,9.850867639271208,16
625,60,35,12,15,9.844876554733125,20
626,55,10,72,3,9.84310611958416,7
627,74,10,3,3,9.841517466916368,7
628,53,10,98,4,9.839111782848335,6
629,17,18,19,6,9.838733881450873,12
630,9,17,47,6,9.833363334347133,11
631,75,19,109,6,9.83076635543319,13
632,7,26,96,8,9.825450759982106,18
633,54,13,57,3,9.824315369895022,10
634,81,12,109,4,9.819741316945185,8
635,11,40,109,13,9.818197495918092,27
636,40,24,17,8,9.815776001763272,16
637,63,40,48,14,9.811551158222233,26
638,104,18,79,7,9.811537818194267,11
639,106,24,18,8,9.811498602513073,16
640,111,10,70,4,9.807746966138032,6
641,53,21,109,7,9.80472277411344,14
642,114,16,62,6,9.799890996069497,10
643,62,10,93,4,9.798162399200413,6
644,76,27,35,10,9.787487717233065,17
645,37,24,83,9,9.783726366978422,15
646,15,14,53,5,9.75938988218119,9
647,49,10,38,3,9.749746841362613,7
648,63,52,84,20,9.74716223383734,32
649,102,38,86,13,9.743964141517802,25
650,108,35,13,12,9.737626185873808,23
651,43,19,31,10,9.72085277355369,9
652,78,12,37,4,9.719307443467278,8
653,52,15,8,5,9.715026692600484,10
654,16,48,96,14,9.712671053609279,34
655,28,18,111,6,9.712251206209237,12
656,2,10,48,3,9.702269151070572,7
657,8,34,114,11,9.699231858321156,23
658,88,22,112,8,9.681832903230312,14
659,79,18,65,7,9.67569283729834,11
660,43,13,62,5,9.668336863011303,8
661,64,47,60,15,9.661747726131631,32
662,47,17,49,5,9.661152599727629,12
663,100,12,71,4,9.660687520316314,8
664,21,11,88,4,9.657212734415223,7
665,74,41,46,14,9.651769490532574,27
666,22,10,114,5,9.649313306364824,5
667,75,40,8,13,9.637059553855455,27
668,41,23,53,8,9.631953807885305,15
669,70,17,109,6,9.623350653501722,11
670,80,17,30,6,9.61803117509945,11
671,99,14,8,6,9.611065592860317,8
672,83,18,84,7,9.609473734372155,11
673,16,15,10,5,9.607669865815327,10
674,8,13,53,4,9.596286006275319,9
675,102,16,34,5,9.587766586983141,11
676,92,10,31,4,9.586105290347549,6
677,54,21,43,8,9.585604342831404,13
678,73,20,7,8,9.582485903794176,12
679,78,12,89,4,9.57514653734148,8
680,27,28,31,12,9.569633624787398,16
681,100,35,60,12,9.557512946143165,23
682,17,17,3,7,9.550337372259282,10
683,72,17,69,6,9.540698034174628,11
684,13,59,3,20,9.539635345466156,39
685,33,25,107,10,9.539564483245075,15
686,49,21,11,7,9.53758147371153,14
687,9,14,94,6,9.535806051453793,8
688,20,11,75,4,9.527707505687728,7
689,92,11,97,5,9.525917165548373,6
690,1,22,31,9,9.525804060927042,13
691,20,32,25,11,9.520523686179047,21
692,8,17,36,6,9.512360266950532,11
693,33,13,69,5,9.51115802646404,8
694,114,13,2,5,9.509158562417845,8
695,15,35,51,13,9.50362708455373,22
696,37,22,99,7,9.502759058160704,15
697,75,29,5,12,9.487135559909316,17
698,89,22,87,7,9.481328961470398,15
699,23,16,57,6,9.474501256774843,10
700,100,41,12,15,9.470438545836245,26
701,48,15,15,6,9.456844892945968,9
702,43,49,87,17,9.45365235059431,32
703,11,22,9,8,9.452997859790166,14
704,89,12,114,5,9.444885030105086,7
705,32,11,63,4,9.44232166344675,7
706,34,20,76,8,9.434786757726329,12
707,13,15,2,6,9.422510080465475,9
708,16,13,56,4,9.403965360554954,9
709,55,26,64,8,9.403088873544016,18
710,27,16,38,5,9.401601002215303,11
711,109,11,36,3,9.390936468630548,8
712,73,14,54,5,9.38293263538315,9
713,29,13,95,5,9.382021477576467,8
714,103,12,38,3,9.379557577066372,9
715,27,16,4,6,9.378715415982096,10
716,23,10,89,3,9.369382103123732,7
717,28,19,12,6,9.364727152511893,13
718,26,12,28,4,9.352858082446945,8
719,1,20,87,8,9.344990956449255,12
720,30,17,58,6,9.339364724047496,11
721,54,13,81,5,9.33569894630605,8
722,77,10,84,3,9.326879307665175,7
723,18,30,9,10,9.325317307118523,20
724,45,10,38,3,9.31109379184883,7
725,19,15,89,5,9.286097473243418,10
726,98,29,49,10,9.27975291225348,19
727,62,24,40,11,9.275726600058688,13
728,47,26,60,9,9.272798561110866,17
729,104,23,84,9,9.26674641219393,14
730,87,27,93,10,9.26552442404966,17
731,20,16,90,6,9.256704804618028,10
732,78,15,53,6,9.245467105519946,9
733,18,12,62,4,9.234800982158571,8
734,91,23,20,9,9.233435902067155,14
735,93,10,100,3,9.229250964204905,7
736,70,16,69,5,9.227346228401577,11
737,34,25,51,9,9.212488951151757,16
738,68,22,109,7,9.205767765094537,15
739,93,11,90,4,9.204947446014167,7
740,79,10,41,4,9.204704069079494,6
741,100,15,48,6,9.202663576630135,9
742,95,21,114,8,9.195016624238175,13
743,81,16,63,6,9.193429569946275,10
744,68,31,18,11,9.190826393650621,20
745,23,14,91,6,9.188824217195526,8
746,54,19,58,8,9.183988111852093,11
747,53,14,38,5,9.17946873124013,9
748,112,22,29,8,9.174610307731976,14
749,34,15,37,5,9.170559355322496,10
750,75,12,61,5,9.169495709034498,7
751,63,14,72,4,9.168022793278993,10
752,62,21,63,8,9.161474645821357,13
753,76,14,10,5,9.157178184443993,9
754,50,43,5,17,9.15604936984071,26
755,39,25,106,10,9.15596937875274,15
756,1,11,5,4,9.143641454097294,7
757,28,23,112,8,9.12022356401639,15
758,57,13,2,5,9.119959996501729,8
759,77,16,81,6,9.116144001105656,10
760,92,11,17,4,9.114563540800479,7
761,109,15,31,5,9.11388757240418,10
762,58,11,45,4,9.091525705777382,7
763,94,12,75,4,9.080901166069646,8
764,53,21,3,7,9.076818822513886,14
765,57,16,40,6,9.075047590769481,10
766,80,39,107,13,9.074881524481428,26
767,49,14,55,5,9.07453979611351,9
768,44,29,86,10,9.073857704921485,19
769,95,31,51,10,9.060456234548898,21
770,35,16,45,7,9.040031591861496,9
771,16,43,76,18,9.037728585176417,25
772,7,55,87,19,9.031940434035894,36
773,49,20,37,8,9.027668819657336,12
774,48,21,108,7,9.016454394528637,14
775,91,25,39,9,9.014113578195186,16
776,5,15,36,6,9.008614310253613,9
777,85,19,50,7,9.007921978503543,12
778,8,64,5,24,9.002251377410767,40
779,1,25,65,10,9.00217902882169,15
780,94,15,49,5,8.993951503059858,10
781,78,15,80,5,8.990142670025016,10
782,48,10,81,3,8.9896961045111,7
783,97,18,36,7,8.970668153566256,11
784,34,19,103,6,8.970243702574694,13
785,47,20,114,8,8.969382880850313,12
786,27,27,53,9,8.968048711845617,18
787,11,14,81,5,8.967824856070829,9
788,17,16,30,7,8.956802894861456,9
789,11,34,41,11,8.953991407123153,23
790,18,45,39,16,8.95168677836069,29
791,69,14,48,6,8.947708246863762,8
792,34,31,87,11,8.947139567709593,20
793,87,33,91,11,8.944507965742199,22
794,73,11,70,5,8.94135129372028,6
795,51,26,74,8,8.938947542412071,18
796,73,12,31,4,8.93891957013575,8
797,27,49,60,16,8.928785554550483,33
798,49,22,29,8,8.92665983569728,14
799,3,15,98,7,8.926309600802396,8
800,84,29,29,11,8.921575167609982,18
801,26,10,88,4,8.919527282390272,6
802,110,19,25,6,8.91770167255822,13
803,100,38,43,15,8.917383841964035,23
804,63,15,10,5,8.910939208335906,10
805,94,32,12,13,8.900231530265584,19
806,16,77,27,28,8.892060221661595,49
807,69,12,97,4,8.888377862411463,8
808,12,18,15,7,8.884258899077803,11
809,90,23,13,8,8.883764352926049,15
810,45,24,107,9,8.882581208643296,15
811,49,11,53,4,8.87692828941625,7
812,16,52,18,18,8.874458678076577,34
813,112,12,98,4,8.873991556640124,8
814,6,15,12,7,8.87368712650089,8
815,34,21,68,8,8.850128344712713,13
816,35,16,51,6,8.849945437990394,10
817,65,47,93,19,8.847119413638655,28
818,32,15,87,5,8.844155029434871,10
819,100,31,29,12,8.841937017793759,19
820,12,40,107,13,8.83024040628561,27
821,89,12,15,5,8.83007520186948,7
822,76,26,9,9,8.8289260170713,17
823,63,19,36,7,8.822881427312195,12
824,63,22,77,7,8.819997532642512,15
825,84,19,19,7,8.813396640852732,12
826,36,18,47,6,8.810892372607718,12
827,27,69,87,25,8.806762686157487,44
828,106,10,42,3,8.802546839644403,7
829,11,19,38,7,8.80025539192087,12
830,48,16,89,4,8.797618045530102,12
831,11,21,47,7,8.793803106813352,14
832,63,18,19,6,8.792724982250471,12
833,6,12,46,5,8.791371018033741,7
834,26,11,107,4,8.789963547813729,7
835,77,14,99,4,8.784719144285264,10
836,16,27,1,8,8.777340054296332,19
837,15,42,88,13,8.764269632154086,29
838,74,37,84,16,8.764103490564013,21
839,8,34,84,12,8.76285424467774,22
840,28,16,52,6,8.75730555636181,10
841,41,12,85,5,8.754152386383817,7
842,38,14,106,7,8.745019433529976,7
843,65,11,32,4,8.739314169667136,7
844,57,26,46,10,8.738900979302741,16
845,4,22,17,7,8.727735068009611,15
846,40,27,3,9,8.719928293728287,18
847,45,15,86,6,8.710518828201984,9
848,28,23,62,9,8.703867920620008,14
849,38,16,3,6,8.700552917920668,10
850,46,13,77,5,8.692557302357292,8
851,39,41,20,17,8.683414479878406,24
852,39,67,68,26,8.67961042805456,41
853,19,12,31,4,8.67684008479621,8
854,53,11,54,4,8.67028832638361,7
855,70,12,58,4,8.66252309250944,8
856,73,28,8,11,8.656865963639591,17
857,43,18,103,6,8.622443217644589,12
858,77,12,114,5,8.61684502256807,7
859,85,16,65,6,8.614950001639382,10
860,76,23,94,7,8.600986903139281,16
861,13,22,6,8,8.600067561462977,14
862,44,23,6,7,8.597523681350719,16
863,2,34,107,12,8.596357154255273,22
864,4,22,87,7,8.590843038311563,15
865,53,18,77,7,8.576780251337041,11
866,54,31,27,12,8.576213735116385,19
867,95,23,55,8,8.57500650986488,15
868,9,22,104,8,8.574493523715214,14
869,49,10,93,4,8.57216379677568,6
870,111,25,107,11,8.570266784296765,14
871,91,13,71,5,8.567246551132914,8
872,30,31,88,13,8.567214048252746,18
873,78,11,36,4,8.552435160203324,7
874,94,11,2,4,8.550586885180525,7
875,16,15,67,5,8.550473387804702,10
876,94,12,35,5,8.545638882275084,7
877,91,13,65,5,8.541931736396267,8
878,26,24,13,8,8.53793688485783,16
879,110,11,63,4,8.534985747455591,7
880,53,20,61,6,8.524850655507475,14
881,81,22,69,9,8.517997866855394,13
882,20,22,9,8,8.515923532058864,14
883,80,11,77,4,8.51548819382583,7
884,50,11,52,5,8.515472572504802,6
885,95,35,8,14,8.511725721270738,21
886,33,10,109,4,8.506616474826911,6
887,91,10,45,4,8.504304930616431,6
888,64,28,40,10,8.496071624321134,18
889,104,19,69,6,8.491359963005367,13
890,13,59,43,25,8.480788752229824,34
891,55,14,85,5,8.476039600481302,9
892,30,11,66,3,8.470012652510327,8
893,50,20,48,7,8.466418162124782,13
894,39,26,112,10,8.464674026518864,16
895,63,37,20,15,8.464473402081477,22
896,12,16,106,5,8.461406597257815,11
897,53,23,12,9,8.46079762480418,14
898,78,26,34,10,8.458913509165537,16
899,38,12,72,5,8.45042764483607,7
900,95,14,96,5,8.450373982592184,9
901,8,24,41,8,8.446748885751393,16
902,107,48,49,17,8.440865653393343,31
903,96,24,70,11,8.437417991026258,13
904,55,20,114,7,8.432483182241096,13
905,73,19,90,7,8.424101991862461,12
906,41,12,102,4,8.421036787338002,8
907,109,14,67,7,8.410228891959635,7
908,34,13,38,4,8.408653659785248,9
909,94,27,51,10,8.403248207266076,17
910,30,49,13,18,8.401319363935377,31
911,69,12,61,3,8.397253145469621,9
912,62,25,68,10,8.382615098007266,15
913,58,29,13,9,8.381428024864276,20
914,7,45,25,16,8.3728066183483,29
915,39,28,94,11,8.363460408949939,17
916,100,26,76,11,8.358757880027346,15
917,7,22,5,8,8.357081514884822,14
918,41,33,31,12,8.353957395244583,21
919,65,32,102,11,8.353467426988884,21
920,48,25,96,9,8.343995751105185,16
921,72,23,68,8,8.332143394635237,15
922,25,15,9,5,8.323455878342038,10
923,79,20,51,9,8.309517555811908,11
924,37,43,46,14,8.306667442353499,29
925,91,13,109,5,8.302894097359495,8
926,92,13,63,6,8.301235837359338,7
927,86,17,56,6,8.300855291965847,11
928,54,55,109,19,8.298335466874404,36
929,109,10,58,4,8.291034573977958,6
930,90,31,106,10,8.283845461248369,21
931,20,12,12,5,8.282275589998797,7
932,15,14,79,6,8.279617988476957,8
933,41,18,91,6,8.2766719527744,12
934,60,20,45,8,8.270932074255704,12
935,100,72,86,29,8.268879432861741,43
936,37,12,14,5,8.26646783507543,7
937,93,10,76,4,8.25053412937542,6
938,75,18,1,6,8.241769187322511,12
939,69,21,106,8,8.230262561693127,13
940,37,31,7,12,8.226042864777218,19
941,99,10,71,4,8.224966300288866,6
942,112,14,40,6,8.221202026655064,8
943,80,11,81,5,8.214427134711954,6
944,100,39,11,14,8.205011502823508,25
945,107,27,103,10,8.200354384886367,17
946,74,25,39,10,8.195535087876934,15
947,92,16,40,6,8.191919233506125,10
948,62,15,64,7,8.162083910878938,8
949,30,26,38,8,8.156860600016584,18
950,18,26,65,10,8.153871588166583,16
951,12,18,38,7,8.148426278473252,11
952,4,10,112,4,8.145974306589784,6
953,56,14,107,6,8.142413744294041,8
954,50,36,55,15,8.131693382626922,21
955,20,11,110,4,8.125291114928707,7
956,9,12,98,5,8.123745049728663,7
957,81,11,111,3,8.120062859865856,8
958,17,17,77,7,8.106011789729994,10
959,73,14,51,5,8.09774388932274,9
960,27,36,94,13,8.09009745193836,23
961,43,17,4,7,8.083539648296874,10
962,8,17,32,7,8.079749532998788,10
963,110,16,97,6,8.077466293642962,10
964,50,18,70,8,8.072010588554928,10
965,97,29,68,11,8.062315589675796,18
966,19,15,46,6,8.056646218005667,9
967,30,15,12,5,8.054443061149305,10
968,20,36,84,11,8.048616703285955,25
969,30,55,39,23,8.047157218235911,32
970,98,15,48,5,8.040930745507078,10
971,100,18,18,8,8.035989461751754,10
972,49,39,69,17,8.02260117331002,22
973,63,12,52,5,8.01519600341839,7
974,35,11,9,5,8.012816785902414,6
975,65,28,5,11,8.012091300535628,17
976,91,31,98,12,8.010154956050263,19
977,41,18,81,6,8.009042710590085,12
978,107,45,43,17,7.99725571895094,28
979,102,19,96,7,7.995631160966492,12
980,98,16,40,7,7.993416961646092,9
981,20,19,3,7,7.987586080022351,12
982,5,28,84,11,7.986435375626316,17
983,75,44,50,15,7.963443352466475,29
984,23,21,39,8,7.963088024258928,13
985,87,15,66,6,7.94612104522059,9
986,43,46,86,17,7.944824738230932,29
987,98,19,71,7,7.940784287039028,12
988,51,19,89,7,7.932827339572911,12
989,102,20,88,6,7.922214123871077,14
990,94,19,109,8,7.91486031707845,11
991,30,13,33,4,7.91339518812487,9
992,108,20,98,8,7.913100401728397,12
993,88,10,82,4,7.912578083642501,6
994,30,14,61,5,7.91063391039008,9
995,71,13,38,4,7.906029048659731,9
996,78,11,31,5,7.904414780494012,6
997,89,16,49,6,7.904313341535026,10
998,53,14,90,5,7.9010322992925905,9
999,17,16,29,7,7.899676305324428,9
1000,3,18,94,7,7.8995884826671166,11
1001,103,30,19,12,7.885969839105237,18
1002,54,34,40,13,7.877426017050995,21
1003,27,35,77,13,7.8745216976485,22
1004,114,25,90,10,7.870165683504547,15
1005,28,30,2,11,7.862984699152351,19
1006,44,12,35,5,7.859665557157527,7
1007,106,26,91,9,7.859341034872011,17
1008,11,13,66,6,7.856337586346077,7
1009,114,20,1,7,7.837742070296789,13
1010,70,16,93,6,7.834949393241649,10
1011,30,34,77,13,7.831021537409562,21
1012,5,22,17,7,7.829641724195981,15
1013,39,74,49,26,7.824718155930499,48
1014,54,14,108,4,7.821734358546891,10
1015,25,46,46,19,7.820401195025543,27
1016,114,12,110,4,7.800316810979699,8
1017,98,43,86,17,7.794241978231682,26
1018,107,31,31,15,7.788469010128701,16
1019,47,10,111,4,7.786638633209638,6
1020,72,19,17,7,7.778851597585446,12
1021,114,18,81,8,7.77743951670038,10
1022,92,14,114,4,7.774797164908201,10
1023,53,11,73,4,7.756297558195458,7
1024,111,19,51,7,7.750696049131197,12
1025,28,29,68,10,7.748993038967358,19
1026,30,10,111,3,7.74442175449077,7
1027,44,11,84,5,7.741464370739859,6
1028,46,18,29,9,7.738693511487552,9
1029,16,14,101,5,7.729447625525021,9
1030,11,37,57,16,7.727829388644561,21
1031,78,17,104,6,7.72449974280056,11
1032,11,28,103,9,7.717567343247041,19
1033,114,21,96,8,7.708209589747937,13
1034,8,12,103,4,7.7073602754994885,8
1035,75,61,68,22,7.69823200491078,39
1036,86,28,1,11,7.696680317913666,17
1037,62,11,96,3,7.693312023908734,8
1038,111,25,7,10,7.690323425771979,15
1039,5,32,11,12,7.687442157533873,20
1040,8,38,9,17,7.672754136226992,21
1041,108,10,49,4,7.66866894133045,6
1042,37,29,38,11,7.668156637885104,18
1043,37,24,96,10,7.665844925696507,14
1044,27,29,112,11,7.661494705671576,18
1045,104,11,66,3,7.658809119364057,8
1046,104,39,60,12,7.65596663244094,27
1047,33,13,31,6,7.647223417443057,7
1048,70,11,60,4,7.646435749026204,7
1049,97,29,5,10,7.639418302115126,19
1050,28,28,3,11,7.638630473496032,17
1051,71,14,27,5,7.6209744722933594,9
1052,60,32,69,14,7.6138451240077565,18
1053,27,50,78,17,7.606628518548325,33
1054,18,20,36,8,7.594902878501233,12
1055,103,18,84,8,7.589982363677433,10
1056,72,10,36,4,7.585561627806544,6
1057,28,31,114,13,7.584853881328921,18
1058,3,12,85,6,7.584252500547151,6
1059,62,14,109,7,7.5814799083377205,7
1060,49,22,43,8,7.5800813989411955,14
1061,23,15,47,5,7.579720378772664,10
1062,12,25,77,10,7.576465102864336,15
1063,58,17,112,7,7.574468513714297,10
1064,53,31,112,14,7.574348903828081,17
1065,16,74,55,27,7.540678563620176,47
1066,16,31,38,9,7.539734032352643,22
1067,85,10,46,3,7.538229298143683,7
1068,34,22,55,9,7.534603126846269,13
1069,33,16,7,7,7.5321884826380465,9
1070,6,11,55,3,7.526848268362221,8
1071,41,18,17,6,7.526219064648913,12
1072,6,11,31,5,7.520489323813347,6
1073,65,17,66,6,7.515278237298981,11
1074,86,39,17,17,7.514722263451873,22
1075,85,11,47,3,7.51471835956732,8
1076,62,12,38,4,7.514124412933275,8
1077,107,16,61,7,7.509321940652872,9
1078,64,10,93,5,7.507177747442428,5
1079,7,21,109,8,7.493740572538848,13
1080,71,15,76,7,7.4875920550169335,8
1081,34,19,74,6,7.4794382394263454,13
1082,70,14,36,6,7.476080415111225,8
1083,110,18,39,6,7.464111416570432,12
1084,45,12,53,5,7.463487107897499,7
1085,27,11,80,4,7.4617467678086795,7
1086,100,12,70,5,7.458777129644962,7
1087,47,18,69,7,7.454070061027652,11
1088,11,12,71,5,7.444969376445687,7
1089,6,24,16,11,7.439865172191104,13
1090,30,17,62,7,7.428902113557475,10
1091,8,30,15,13,7.419542784867986,17
1092,86,60,76,24,7.418102944439204,36
1093,73,18,5,7,7.416873021801379,11
1094,36,34,41,16,7.412500474371831,18
1095,70,30,20,11,7.408681007686706,19
1096,77,10,91,4,7.405339289847274,6
1097,20,11,94,4,7.40491165274963,7
1098,75,14,76,6,7.401272000460674,8
1099,10,15,28,5,7.394064388880875,10
1100,7,22,56,9,7.387479337914444,13
1101,16,15,92,4,7.376894869640722,11
1102,71,19,81,7,7.374213709282574,12
1103,13,48,23,21,7.373546879981892,27
1104,73,10,71,4,7.373234065194549,6
1105,56,12,88,5,7.371104573008601,7
1106,31,14,80,4,7.367135464628979,10
1107,106,10,61,3,7.3668858265854,7
1108,87,36,70,16,7.366475833781512,20
1109,25,16,33,5,7.365926272964513,11
1110,34,25,49,10,7.352338099314809,15
1111,41,11,61,4,7.351525315520968,7
1112,23,18,114,6,7.3449426375970175,12
1113,40,41,104,15,7.3422918945341555,26
1114,72,23,49,9,7.338869641082938,14
1115,75,19,11,8,7.336654356306241,11
1116,76,15,72,5,7.333721136809699,10
1117,75,16,2,7,7.332326563651876,9
1118,100,24,109,8,7.329916484501671,16
1119,62,30,88,12,7.323841783087015,18
1120,70,42,5,17,7.323141246130925,25
1121,78,28,3,12,7.304787220480845,16
1122,78,42,87,16,7.303543911874047,26
1123,27,30,103,11,7.301178067223104,19
1124,5,27,98,11,7.298838761636912,16
1125,51,17,92,7,7.298086943273571,10
1126,23,32,68,14,7.289923232946887,18
1127,43,31,40,13,7.287691070183644,18
1128,2,18,54,6,7.287492324178089,12
1129,23,18,17,7,7.286484354574564,11
1130,55,20,68,7,7.273979151335484,13
1131,110,16,70,6,7.267896542251018,10
1132,20,17,98,6,7.267496359610289,11
1133,75,19,81,7,7.259552889264536,12
1134,64,43,51,17,7.25286038879922,26
1135,69,12,96,4,7.2527556906488675,8
1136,13,42,8,16,7.249552270590032,26
1137,31,14,5,5,7.246607645789558,9
1138,114,27,40,9,7.240772461331045,18
1139,34,14,15,5,7.239632801045708,9
1140,41,15,90,6,7.225732946536368,9
1141,114,16,30,7,7.22328003108775,9
1142,78,31,12,10,7.222144018862549,21
1143,16,49,46,18,7.215241172016058,31
1144,98,14,93,6,7.212314028509714,8
1145,14,14,95,5,7.1971223272437035,9
1146,112,15,43,6,7.1893251112725824,9
1147,90,18,39,8,7.18884605844648,10
1148,63,50,88,18,7.181466866993264,32
1149,98,24,29,9,7.180316216962127,15
1150,36,16,112,6,7.175574629533444,10
1151,41,50,86,18,7.172045803446726,32
1152,41,30,77,10,7.15760476287467,20
1153,29,14,37,6,7.147246302868525,8
1154,97,26,51,9,7.145200913148905,17
1155,111,12,69,5,7.144443379259749,7
1156,33,13,78,5,7.142209395263028,8
1157,27,39,15,17,7.136849333340005,22
1158,16,77,63,30,7.1283657008650145,47
1159,13,12,93,5,7.127658172301537,7
1160,67,12,107,4,7.124134838046416,8
1161,57,10,35,3,7.121001943594234,7
1162,86,30,83,10,7.114862976089353,20
1163,45,33,7,13,7.114147641228474,20
1164,13,64,106,25,7.112707704477979,39
1165,40,51,55,19,7.109300201154281,32
1166,100,32,54,12,7.106265052685026,20
1167,1,10,45,4,7.100044646871245,6
1168,63,26,38,8,7.091217263422916,18
1169,27,21,55,7,7.087211713998168,14
1170,104,27,3,10,7.0862804085077595,17
1171,63,15,12,7,7.082818499870268,8
1172,85,10,53,3,7.078145746437185,7
1173,37,50,25,21,7.070541112352608,29
1174,51,65,63,28,7.0629792709775,37
1175,99,18,36,6,7.061516094995866,12
1176,3,26,57,10,7.046184284491371,16
1177,11,22,17,9,7.039864252889305,13
1178,72,11,114,5,7.039741382461145,6
1179,16,44,91,15,7.0378059774572,29
1180,94,18,60,7,7.0351599724686675,11
1181,37,19,27,7,7.034792767414978,12
1182,80,10,43,4,7.031005677454651,6
1183,95,15,40,6,7.026458120737086,9
1184,87,27,53,12,7.022639512769474,15
1185,40,13,69,4,7.006717860168273,9
1186,89,18,37,9,7.006041314616403,9
1187,62,15,5,6,6.992708759597396,9
1188,111,24,13,11,6.988942249892514,13
1189,17,20,55,9,6.987444025974706,11
1190,53,30,30,12,6.984989750265449,18
1191,15,12,6,4,6.9844847610743175,8
1192,57,22,43,7,6.979538883847618,15
1193,18,23,97,9,6.9651635757198616,14
1194,16,34,36,13,6.962309553248682,21
1195,102,22,87,8,6.961827622477074,14
1196,111,15,39,6,6.960860011711803,9
1197,32,18,104,6,6.9592250863895515,12
1198,91,19,50,7,6.959059467736711,12
1199,4,25,51,9,6.952578906103851,16
1200,58,20,88,8,6.951724289335951,12
1201,86,24,52,9,6.945114778958064,15
1202,60,33,50,15,6.944865376684978,18
1203,99,12,88,5,6.93913123202866,7
1204,86,83,96,32,6.934057728364641,51
1205,16,29,58,12,6.929257642908421,17
1206,87,39,40,17,6.915208460636839,22
1207,29,15,102,5,6.909701748447181,10
1208,58,21,68,8,6.904652684866492,13
1209,68,32,8,13,6.897514212007414,19
1210,16,52,9,18,6.896262542179416,34
1211,39,16,14,7,6.8922808961517115,9
1212,88,13,67,4,6.891493842154361,9
1213,18,17,112,6,6.887267609994756,11
1214,106,15,99,5,6.882359612487443,10
1215,29,19,69,8,6.870269758663409,11
1216,29,22,34,10,6.8665789950123175,12
1217,60,43,4,19,6.864343045215706,24
1218,11,36,68,15,6.855439241001142,21
1219,7,99,51,37,6.849475435937798,62
1220,75,28,47,9,6.839491111976113,19
1221,13,90,87,34,6.83404398092677,56
1222,20,15,29,6,6.832826874702712,9
1223,95,25,106,9,6.830338155584791,16
1224,68,69,31,28,6.821634358561019,41
1225,56,13,4,6,6.816273515879686,7
1226,86,33,103,12,6.816062764734869,21
1227,13,26,76,10,6.81542183282259,16
1228,41,26,19,9,6.8150722527822545,17
1229,50,22,102,10,6.809919414830619,12
1230,14,21,28,7,6.807027415542909,14
1231,28,14,108,6,6.806119384401875,8
1232,34,24,19,9,6.8044723215996825,15
1233,28,16,49,7,6.801284823553006,9
1234,47,15,100,6,6.796575245042939,9
1235,2,14,38,6,6.792448237787319,8
1236,80,29,87,11,6.787984537789177,18
1237,79,15,108,5,6.783855393965387,10
1238,97,20,57,8,6.78123727728494,12
1239,8,10,42,5,6.780541784776636,5
1240,103,18,17,6,6.777134032154198,12
1241,65,43,29,17,6.767708276680646,26
1242,39,43,88,17,6.751316626963761,26
1243,33,17,50,7,6.750798742645289,10
1244,63,27,109,12,6.749986635160673,15
1245,94,10,71,4,6.748460655059323,6
1246,45,13,68,5,6.747691137383074,8
1247,100,23,74,9,6.742923050259366,14
1248,104,16,19,6,6.742171792497148,10
1249,89,14,55,6,6.7412978524504386,8
1250,41,13,80,5,6.741244434437033,8
1251,74,38,96,14,6.7318287322523656,24
1252,87,44,9,18,6.727903209346339,26
1253,39,21,103,9,6.726065933595929,12
1254,30,32,55,12,6.725062001131899,20
1255,28,35,97,13,6.716635909782017,22
1256,16,132,88,51,6.71321569216331,81
1257,108,32,87,13,6.709856968733487,19
1258,83,15,74,7,6.703298030488861,8
1259,63,25,23,9,6.701335055503619,16
1260,39,35,29,16,6.700512029771622,19
1261,89,31,16,12,6.6940872759877985,19
1262,64,38,31,15,6.680717740842574,23
1263,14,15,88,6,6.669368246830069,9
1264,85,20,54,7,6.664179187550934,13
1265,19,13,80,5,6.657036501175089,8
1266,100,65,87,28,6.656761985583141,37
1267,83,11,71,5,6.6562053803338666,6
1268,16,47,69,18,6.655151927437227,29
1269,71,19,37,8,6.653996053488666,11
1270,32,26,5,10,6.647447060451906,16
1271,39,33,77,14,6.643719451133024,19
1272,74,16,71,7,6.635644376222863,9
1273,4,30,65,12,6.635600395573753,18
1274,39,22,37,9,6.6321566948630455,13
1275,47,43,13,17,6.6302542913878515,26
1276,98,29,63,12,6.629039814212708,17
1277,39,102,51,41,6.628453471772387,61
1278,25,48,5,19,6.626414170343125,29
1279,102,12,77,5,6.618078815941925,7
1280,70,18,64,6,6.6150540525041945,12
1281,70,15,29,7,6.61208942766715,8
1282,11,25,35,10,6.609898653259957,15
1283,68,64,87,25,6.609706842501431,39
1284,30,13,93,5,6.605367379129463,8
1285,71,52,13,22,6.6022668326221785,30
1286,73,16,13,6,6.598047492921335,10
1287,74,14,30,6,6.593804524411076,8
1288,87,59,19,23,6.591091504247972,36
1289,72,30,27,13,6.584901048603799,17
1290,86,29,73,13,6.584732384148775,16
1291,27,11,101,4,6.582303845846215,7
1292,84,28,57,13,6.577348977317855,15
1293,86,118,51,51,6.573254049244234,67
1294,53,26,114,11,6.571088082289225,15
1295,75,31,63,13,6.570041946714362,18
1296,74,15,91,6,6.5630560139016625,9
1297,112,15,30,5,6.562692428407154,10
1298,64,22,19,7,6.560999233342087,15
1299,76,40,68,13,6.559994032852323,27
1300,55,26,97,10,6.55988722490137,16
1301,23,28,41,11,6.550829980754917,17
1302,106,32,23,15,6.549055396089183,17
1303,30,38,3,13,6.5390107208183155,25
1304,11,35,19,13,6.536523692400234,22
1305,94,14,34,6,6.531647534575397,8
1306,91,13,80,5,6.531108694088667,8
1307,64,45,86,18,6.529454333029329,27
1308,102,12,38,3,6.529266346603467,9
1309,44,16,64,6,6.52641817446092,10
1310,54,30,49,12,6.5231488423200235,18
1311,60,20,66,7,6.5151715619171755,13
1312,30,28,37,10,6.51369083060785,18
1313,55,66,65,27,6.5120252706716855,39
1314,39,14,97,5,6.507571487367287,9
1315,16,49,17,17,6.5053017221340435,32
1316,74,29,55,12,6.5036195464677915,17
1317,90,11,102,6,6.502237322589013,5
1318,112,28,76,12,6.4984423567384235,16
1319,29,32,30,12,6.494172647338418,20
1320,86,56,97,23,6.486588721597318,33
1321,16,104,39,43,6.48000757879568,61
1322,8,77,87,31,6.477131094145286,46
1323,98,11,68,4,6.469927695975062,7
1324,35,12,15,6,6.467296765301501,6
1325,11,15,10,6,6.454288934219358,9
1326,8,20,91,8,6.453847873736635,12
1327,93,28,54,10,6.453790444084362,18
1328,68,16,33,6,6.451134609706935,10
1329,69,18,94,7,6.432434124144731,11
1330,89,15,74,6,6.429670108852098,9
1331,75,21,100,10,6.42687784088126,11
1332,96,23,80,9,6.423400971659434,14
1333,84,28,48,11,6.421668889523295,17
1334,61,10,23,4,6.419517618014351,6
1335,64,33,63,14,6.4168724867260085,19
1336,29,23,68,9,6.416741070326833,14
1337,7,20,62,8,6.416308867276496,12
1338,64,38,65,16,6.415105269042925,22
1339,91,18,54,8,6.414686940093471,10
1340,6,11,72,5,6.413604067518454,6
1341,48,21,55,8,6.406579400537662,13
1342,80,20,37,8,6.401050818487377,12
1343,72,18,12,6,6.3988646053969065,12
1344,79,12,49,4,6.395374558799645,8
1345,54,62,70,25,6.393751574298834,37
1346,86,38,48,15,6.392497095701149,23
1347,33,13,96,7,6.392035038140804,6
1348,107,36,62,16,6.391470070338046,20
1349,19,18,81,7,6.3888734478665965,11
1350,28,16,27,5,6.382931621067466,11
1351,34,37,86,15,6.379234886229218,22
1352,70,20,98,7,6.375551069484688,13
1353,33,15,102,6,6.371524301983967,9
1354,56,10,37,4,6.3674406628794715,6
1355,7,24,46,8,6.3620461131037525,16
1356,92,13,27,6,6.356396578041118,7
1357,50,15,19,6,6.3532155404268815,9
1358,85,17,96,5,6.345069391274805,12
1359,28,43,9,19,6.342362216975373,24
1360,15,16,91,8,6.341064031534598,8
1361,28,34,7,13,6.33926057444583,21
1362,48,41,107,17,6.323493383217477,24
1363,49,35,60,14,6.302798279430961,21
1364,3,19,50,8,6.302491398681792,11
1365,107,48,53,19,6.300738049492767,29
1366,28,36,102,15,6.294379170221607,21
1367,100,18,84,6,6.292769168431847,12
1368,40,68,68,26,6.288399173895761,42
1369,76,15,108,6,6.28679044129414,9
1370,12,15,4,5,6.2855790295334035,10
1371,29,14,93,6,6.281843189307094,8
1372,86,21,4,8,6.279484499549702,13
1373,58,10,57,4,6.279197954526329,6
1374,55,24,70,10,6.272647161931926,14
1375,20,45,5,17,6.2703736334427855,28
1376,15,12,95,5,6.265255655621168,7
1377,107,65,55,27,6.2629651896189,38
1378,48,10,46,4,6.2577441282220505,6
1379,39,24,81,9,6.2522820107309345,15
1380,38,15,57,7,6.244977724558426,8
1381,37,49,63,19,6.239339617220506,30
1382,114,48,5,20,6.2376335334787205,28
1383,19,33,3,14,6.231929371329674,19
1384,77,39,51,17,6.230685980181538,22
1385,95,10,94,5,6.229015093991729,5
1386,55,14,58,6,6.218287556947672,8
1387,109,46,8,20,6.215024119828955,26
1388,28,37,70,15,6.2149266559981875,22
1389,114,24,70,9,6.214622620602992,15
1390,35,15,84,6,6.209299301194259,9
1391,108,26,88,10,6.206778138596414,16
1392,74,19,12,7,6.205068941759818,12
1393,50,30,71,13,6.204695227712774,17
1394,74,28,70,13,6.203999405338759,15
1395,100,31,78,12,6.200746515672395,19
1396,63,28,2,12,6.2000184918514885,16
1397,90,21,63,9,6.196182582339524,12
1398,13,73,40,31,6.184837754544506,42
1399,47,17,28,7,6.182374184386464,10
1400,80,10,93,5,6.175234905241023,5
1401,13,47,36,18,6.167141158071527,29
1402,104,58,28,24,6.161167829833448,34
1403,23,25,100,10,6.160200190912252,15
1404,50,11,81,5,6.158903696641053,6
1405,54,86,88,34,6.158750397462921,52
1406,100,32,7,13,6.153012622391108,19
1407,114,48,68,20,6.151577271829131,28
1408,73,24,74,9,6.15033234594065,15
1409,23,15,43,6,6.148918923918834,9
1410,76,17,48,6,6.130488708954145,11
1411,81,13,31,4,6.1171597913254,9
1412,107,24,66,10,6.115910396231512,14
1413,10,13,48,5,6.110914502877383,8
1414,90,12,7,5,6.108519045195328,7
1415,98,30,76,12,6.108080609901331,18
1416,84,12,15,5,6.098921486728436,7
1417,62,16,69,7,6.098141811871047,9
1418,54,11,47,5,6.095812400128515,6
1419,27,58,86,23,6.0939729247489485,35
1420,96,14,108,6,6.092516088942797,8
1421,9,26,84,11,6.089357364465301,15
1422,49,19,58,9,6.089354635837898,10
1423,23,13,102,6,6.080684731147933,7
1424,3,11,90,5,6.078153120016463,6
1425,98,22,84,8,6.0610062755899206,14
1426,41,22,28,9,6.053005216366935,13
1427,20,22,68,10,6.05097914081471,12
1428,69,39,86,16,6.048519108301491,23
1429,63,24,18,9,6.046455003215185,15
1430,62,30,51,12,6.046321991251018,18
1431,93,15,109,6,6.044548294291569,9
1432,8,62,63,27,6.040704829296191,35
1433,81,27,16,11,6.036906725272628,16
1434,104,41,55,17,6.036207114699971,24
1435,7,24,98,9,6.033686003781979,15
1436,26,10,68,4,6.030745942778483,6
1437,76,52,51,20,6.028510240188195,32
1438,16,135,107,51,6.021613345277669,84
1439,29,15,48,6,6.020141509256065,9
1440,27,18,35,7,6.016767935838183,11
1441,16,37,53,14,6.0109581007292086,23
1442,107,69,104,28,6.010771127855349,41
1443,65,51,9,20,6.006217714596818,31
1444,106,47,5,18,6.005839560090041,29
1445,57,26,63,12,6.001123193099421,14
1446,94,21,54,9,6.000772945562414,12
1447,28,18,29,8,5.991947603875371,10
1448,114,25,31,11,5.991876520395493,14
1449,87,28,97,10,5.983886061129735,18
1450,94,17,37,7,5.9815536162143665,10
1451,71,13,109,5,5.977466642753509,8
1452,64,20,18,8,5.974775055211903,12
1453,114,18,94,8,5.974081788881617,10
1454,78,30,8,12,5.971195592839112,18
1455,47,16,81,6,5.96783503011096,10
1456,97,18,40,7,5.96691841614039,11
1457,34,25,30,10,5.963708824556785,15
1458,98,18,12,7,5.956268271801364,11
1459,62,27,19,10,5.952981995870272,17
1460,97,12,10,6,5.950831581917697,6
1461,27,56,65,22,5.9505220277082325,34
1462,28,15,53,6,5.945744364633269,9
1463,53,26,104,11,5.936620222245529,15
1464,73,20,114,8,5.924435121305104,12
1465,61,18,60,8,5.922750219418491,10
1466,78,23,7,11,5.919551023484508,12
1467,54,39,68,15,5.918584354683418,24
1468,37,22,110,10,5.913666685850416,12
1469,16,40,64,16,5.910805875597545,24
1470,54,18,3,8,5.900167075724968,10
1471,38,10,98,4,5.899897776783364,6
1472,75,45,9,18,5.89399328159944,27
1473,15,12,70,6,5.893160304355026,6
1474,101,15,68,5,5.891939886749792,10
1475,65,52,40,22,5.89106233992842,30
1476,37,11,3,5,5.8897383384754045,6
1477,17,16,43,7,5.8888013330711,9
1478,10,15,57,5,5.8872808270615,10
1479,75,17,108,7,5.88550634585497,10
1480,46,12,36,5,5.882094180819337,7
1481,28,12,31,5,5.876337878232255,7
1482,51,19,91,7,5.873980399232273,12
1483,75,24,49,10,5.872225875272188,14
1484,55,18,98,7,5.870446924304782,11
1485,54,36,95,16,5.865979569344116,20
1486,18,31,8,11,5.865710785121709,20
1487,34,17,7,7,5.86350495140184,10
1488,7,21,112,8,5.863389950487476,13
1489,104,52,51,19,5.856995324327739,33
1490,75,16,93,7,5.854064268882733,9
1491,80,12,79,6,5.851472407179259,6
1492,65,17,14,8,5.850273562995321,9
1493,49,11,74,5,5.844136641014432,6
1494,13,40,69,16,5.843363292908417,24
1495,16,23,93,11,5.842811946264205,12
1496,95,27,50,11,5.842548173117496,16
1497,88,13,66,5,5.838752373213262,8
1498,8,34,57,13,5.837314748465126,21
1499,63,40,13,17,5.836981602703613,23
1500,13,49,25,22,5.827601447712149,27
1501,8,37,93,16,5.8241714732303524,21
1502,86,56,75,25,5.819454003755878,31
1503,79,13,20,5,5.810117746469002,8
1504,73,20,109,8,5.807578339260896,12
1505,8,19,98,7,5.806615359942182,12
1506,10,11,106,3,5.803672894932928,8
1507,91,19,31,7,5.801858258461762,12
1508,94,41,87,18,5.800171335950352,23
1509,50,29,30,12,5.790909551112376,17
1510,62,19,11,8,5.789369247630062,11
1511,34,21,48,9,5.788285695597517,12
1512,17,21,9,9,5.788074839959892,12
1513,104,16,81,8,5.786821230718973,8
1514,23,45,60,18,5.772794691627653,27
1515,58,25,87,10,5.7682346867020975,15
1516,34,35,8,14,5.766246749506551,21
1517,51,28,29,12,5.763884020681298,16
1518,61,10,54,4,5.763750710129661,6
1519,80,15,68,6,5.759836210772856,9
1520,58,13,53,7,5.7565593826386765,6
1521,65,31,76,11,5.7548632014219345,20
1522,36,12,77,5,5.751140829309577,7
1523,50,25,18,11,5.745370532916838,14
1524,100,25,114,10,5.743860264273013,15
1525,17,24,60,10,5.742654989357159,14
1526,25,42,106,16,5.737688222420903,26
1527,54,24,72,9,5.733611490748339,15
1528,13,50,64,23,5.733384315133941,27
1529,107,31,47,13,5.730039668040248,18
1530,100,27,102,10,5.729669772607344,17
1531,55,40,54,18,5.729162102948165,22
1532,45,14,9,5,5.727853500458992,9
1533,25,26,51,11,5.726135112848954,15
1534,93,11,9,4,5.723540166631908,7
1535,69,16,12,8,5.715951067980107,8
1536,16,124,87,52,5.713728777292365,72
1537,109,31,55,15,5.712408791206378,16
1538,15,13,74,5,5.7106976006271415,8
1539,53,17,62,7,5.701449545318571,10
1540,70,10,32,5,5.692479372096221,5
1541,41,23,37,9,5.690389002068545,14
1542,35,21,40,8,5.68914021357686,13
1543,76,17,114,6,5.686109810518634,11
1544,102,10,95,4,5.685319962340827,6
1545,43,29,109,11,5.674726747365547,18
1546,94,10,25,5,5.671887186214522,5
1547,16,31,99,13,5.665818337043016,18
1548,54,11,82,4,5.664278302313932,7
1549,16,37,84,15,5.660913981238355,22
1550,25,36,88,13,5.660869431868405,23
1551,30,13,2,6,5.655225265692614,7
1552,46,31,75,13,5.65470539949331,18
1553,20,44,16,16,5.653886889078915,28
1554,4,10,97,4,5.649870700339142,6
1555,62,18,104,6,5.643310295152116,12
1556,78,47,51,22,5.638766096914629,25
1557,109,16,46,7,5.636528034552761,9
1558,78,16,20,7,5.629467930549495,9
1559,49,34,3,15,5.624837768695871,19
1560,19,10,5,4,5.623378775596124,6
1561,68,26,91,12,5.619466372772095,14
1562,102,16,98,7,5.616900846312717,9
1563,23,11,10,5,5.611414438981723,6
1564,80,17,64,8,5.593698551425533,9
1565,20,38,96,15,5.591064360306498,23
1566,39,58,60,25,5.5856672004449175,33
1567,20,22,44,9,5.576158683247873,13
1568,7,23,38,10,5.575438881033765,13
1569,81,49,13,19,5.573454415781043,30
1570,72,11,9,5,5.567587328744071,6
1571,107,63,20,27,5.562332766197248,36
1572,37,14,108,6,5.561998311446509,8
1573,31,10,95,4,5.558189159340279,6
1574,13,30,95,13,5.5569838085167085,17
1575,46,11,4,5,5.5562218746456535,6
1576,8,44,46,20,5.5530537260963095,24
1577,69,16,54,7,5.552096999235809,9
1578,8,41,25,16,5.550067480025429,25
1579,36,53,31,23,5.5485644604686595,30
1580,25,18,84,7,5.546687618128964,11
1581,18,42,75,18,5.546579166688547,24
1582,44,11,70,5,5.543204446478317,6
1583,8,11,85,4,5.538404103047142,7
1584,16,22,14,9,5.533520092369791,13
1585,76,47,107,17,5.531771427114936,30
1586,29,13,89,6,5.531676264458074,7
1587,104,11,103,5,5.528181230693725,6
1588,64,11,102,4,5.525256448935211,7
1589,74,15,77,6,5.523098396212754,9
1590,89,10,84,5,5.518590211576737,5
1591,45,23,65,11,5.510611418282089,12
1592,95,19,83,7,5.510188596504651,12
1593,39,32,38,13,5.50941856941641,19
1594,32,13,109,6,5.508051897308613,7
1595,2,13,40,5,5.504797437287725,8
1596,5,10,111,4,5.501968622126493,6
1597,67,10,102,4,5.497246561771851,6
1598,100,43,15,18,5.494377325740484,25
1599,111,27,55,11,5.492663797248297,16
1600,108,15,15,6,5.486650476336331,9
1601,13,46,54,19,5.47948770363916,27
1602,100,22,25,10,5.476003695191374,12
1603,57,14,98,6,5.474149624282838,8
1604,28,31,17,13,5.468605078583842,18
1605,31,13,74,5,5.468299370651388,8
1606,57,13,50,5,5.46070428512311,8
1607,8,19,38,8,5.45571555055501,11
1608,13,38,37,16,5.444485826742332,22
1609,107,24,102,11,5.4429592421544415,13
1610,65,50,20,19,5.436416455030899,31
1611,71,29,68,11,5.435653336862239,18
1612,98,13,30,6,5.435516675342795,7
1613,42,13,69,6,5.432900919803655,7
1614,104,38,25,17,5.42238345531962,21
1615,23,10,58,4,5.417812881789321,6
1616,100,51,27,22,5.416295940725653,29
1617,2,26,106,11,5.4140126266560475,15
1618,72,15,60,6,5.412977646528739,9
1619,9,21,34,9,5.406001466575153,12
1620,4,11,58,4,5.405037105567138,7
1621,87,50,49,23,5.399965650647024,27
1622,8,20,33,8,5.397787705463006,12
1623,6,14,106,6,5.390411966564587,8
1624,16,54,3,21,5.389930683168935,33
1625,58,22,39,9,5.382215528416387,13
1626,76,20,29,10,5.371211242445575,10
1627,15,25,18,10,5.370261713586336,15
1628,84,36,39,16,5.369674486814979,20
1629,7,35,97,16,5.356987360153854,19
1630,15,12,96,5,5.353611172107388,7
1631,17,31,49,15,5.3513656262489135,16
1632,13,22,48,9,5.345621103460163,13
1633,87,66,37,28,5.344759296530825,38
1634,78,18,50,7,5.342630350789609,11
1635,68,53,53,22,5.342360173932808,31
1636,54,37,90,15,5.340914168653275,22
1637,97,14,102,5,5.335160623731833,9
1638,5,33,51,12,5.328986421528186,21
1639,23,47,88,18,5.321999692699338,29
1640,7,40,3,16,5.315954351050264,24
1641,12,21,34,9,5.31592171902971,12
1642,86,15,61,6,5.314125600249345,9
1643,18,41,87,17,5.3123960321036074,24
1644,41,30,3,10,5.310066671174618,20
1645,86,100,88,42,5.309200872049472,58
1646,58,13,47,5,5.305481766967035,8
1647,73,19,87,6,5.303982369774461,13
1648,15,21,69,8,5.298709014062983,13
1649,57,13,53,6,5.2956689882177095,7
1650,99,21,86,8,5.291638236148403,13
1651,28,12,92,4,5.284547759707862,8
1652,13,23,62,10,5.279557581763115,13
1653,88,20,6,8,5.272285617199486,12
1654,11,26,102,12,5.269694308768165,14
1655,78,29,49,13,5.26351385504477,16
1656,34,11,1,3,5.259854618241466,8
1657,107,29,35,11,5.259758635892075,18
1658,35,11,31,5,5.255104723881268,6
1659,76,43,87,17,5.253370842961085,26
1660,25,26,40,11,5.242222631716464,15
1661,91,21,25,9,5.236778929543698,12
1662,13,33,19,13,5.235854195465295,20
1663,75,60,107,21,5.231874163862643,39
1664,35,11,5,5,5.226534281744125,6
1665,92,23,39,11,5.223931097826436,12
1666,54,54,106,25,5.222938310920245,29
1667,7,101,88,43,5.220134457500585,58
1668,10,20,86,9,5.219152465496855,11
1669,16,101,8,41,5.215964728507036,60
1670,33,12,91,6,5.213867650447784,6
1671,50,22,109,9,5.207842202449346,13
1672,63,21,43,9,5.207688448634705,12
1673,46,25,39,13,5.196853389468726,12
1674,104,18,80,8,5.194103195079235,10
1675,40,13,113,5,5.1937263926866155,8
1676,6,10,71,4,5.19369227829273,6
1677,75,17,97,7,5.1834390154874335,10
1678,91,12,48,6,5.179665478095687,6
1679,11,19,32,9,5.1696009211826786,10
1680,31,11,54,5,5.168002033532433,6
1681,65,29,96,13,5.165027076154164,16
1682,6,16,86,6,5.1642614081075955,10
1683,67,12,5,5,5.159840528973079,7
1684,114,20,57,8,5.156592658404358,12
1685,78,30,69,13,5.156427155096975,17
1686,35,16,28,8,5.153123660542294,8
1687,106,24,9,10,5.150083731218856,14
1688,11,13,97,6,5.149154391162877,7
1689,80,17,38,8,5.143241338130117,9
1690,13,17,70,7,5.142156998200086,10
1691,27,48,49,20,5.142147981794254,28
1692,70,15,71,7,5.1409333575718525,8
1693,36,21,3,8,5.136055944816984,13
1694,95,13,49,5,5.135123793958872,8
1695,107,25,77,11,5.133888332698846,14
1696,13,46,78,19,5.1338640219114895,27
1697,40,30,58,14,5.133397385337806,16
1698,64,14,33,5,5.132334361355241,9
1699,103,20,12,10,5.129139372345028,10
1700,78,17,103,5,5.128778719706272,12
1701,104,47,50,19,5.128387406892863,28
1702,30,10,1,4,5.107240382060615,6
1703,41,22,29,9,5.098991788467605,13
1704,49,14,33,5,5.095253781724572,9
1705,69,18,39,8,5.092034225030051,10
1706,34,15,5,5,5.091205514677904,10
1707,104,87,65,38,5.083707839672142,49
1708,32,10,20,3,5.082163415292113,7
1709,104,38,100,16,5.07592182790552,22
1710,60,34,15,15,5.071091727358502,19
1711,55,48,60,21,5.061861505189224,27
1712,7,16,10,7,5.0604070656519635,9
1713,100,27,55,13,5.057275002393836,14
1714,16,23,35,9,5.053981282073499,14
1715,12,12,17,5,5.051854355123882,7
1716,95,20,75,8,5.05026015248493,12
1717,20,23,2,10,5.048117889239678,13
1718,30,18,108,7,5.041583987630236,11
1719,40,16,91,7,5.034652795604085,9
1720,74,26,93,12,5.031462008142043,14
1721,112,12,34,5,5.029259987635679,7
1722,47,25,86,10,5.026594655071246,15
1723,65,75,88,29,5.024036029509362,46
1724,86,37,81,13,5.021427027033439,24
1725,109,20,38,7,5.020675554109465,13
1726,108,30,51,13,5.016985241457158,17
1727,107,55,23,24,5.0158405159135,31
1728,55,19,18,9,5.012210431301632,10
1729,93,12,63,5,5.011120266810436,7
1730,112,17,94,6,5.010192110959227,11
1731,85,24,72,9,5.005644721261361,15
1732,102,13,83,5,5.00532757458449,8
1733,93,26,5,10,5.00446052682132,16
1734,7,41,106,20,5.003800212982274,21
1735,51,23,96,10,5.001175453325252,13
1736,3,26,77,12,4.9989738181650925,14
1737,16,114,65,49,4.992195859368229,65
1738,50,23,31,10,4.99199978599778,13
1739,63,19,94,8,4.988953899876627,11
1740,80,34,55,16,4.987967529735274,18
1741,37,73,86,32,4.980857284592114,41
1742,70,30,65,11,4.973765781446556,19
1743,80,10,44,5,4.973541413806906,5
1744,12,41,13,14,4.9735076403528575,27
1745,106,13,3,5,4.972676967703688,8
1746,108,12,78,5,4.972281769350293,7
1747,98,11,23,5,4.9699651611390046,6
1748,19,24,12,12,4.968367076368186,12
1749,27,21,114,9,4.967571693509975,12
1750,96,23,90,9,4.963939687748074,14
1751,85,10,64,4,4.96270118497494,6
1752,76,25,19,10,4.9582676563812145,15
1753,39,12,89,4,4.957992572640413,8
1754,114,26,3,10,4.954476539328307,16
1755,64,33,41,13,4.951397157092098,20
1756,20,12,100,5,4.948684351907279,7
1757,56,19,68,9,4.948132166753329,10
1758,80,29,106,12,4.946009667025369,17
1759,11,89,86,38,4.943103088335642,51
1760,40,15,78,5,4.942465399220725,10
1761,28,14,32,6,4.94214857785708,8
1762,49,11,71,5,4.940945789460408,6
1763,98,26,37,11,4.940519420053038,15
1764,63,17,85,8,4.93137224468223,9
1765,86,40,36,17,4.92743325124,23
1766,108,17,63,7,4.925158043652065,10
1767,74,56,106,24,4.924754963776783,32
1768,95,16,109,6,4.923183536193761,10
1769,18,11,29,4,4.907291190161112,7
1770,38,12,28,6,4.907164394244709,6
1771,100,74,51,35,4.901425430992143,39
1772,100,27,34,13,4.893953999325648,14
1773,39,10,101,4,4.88974127810336,6
1774,27,11,46,4,4.887638683251713,7
1775,20,12,72,5,4.886775559464283,7
1776,94,12,18,5,4.884425557504234,7
1777,69,11,95,4,4.882909765417967,7
1778,63,20,79,8,4.882182316485546,12
1779,16,81,100,33,4.876041164019558,48
1780,88,26,57,12,4.870812248870149,14
1781,29,11,1,4,4.866934575588788,7
1782,95,10,64,5,4.863376640358334,5
1783,5,10,89,3,4.862465640901744,7
1784,49,33,51,14,4.860731289374451,19
1785,81,24,3,10,4.860040341211914,14
1786,100,31,112,14,4.858414274039207,17
1787,58,38,107,15,4.857008495705358,23
1788,64,23,23,10,4.856194819207912,13
1789,30,52,60,19,4.854739690613495,33
1790,97,12,32,5,4.8514593495768255,7
1791,78,34,60,15,4.85034428415885,19
1792,78,27,54,11,4.849046955755958,16
1793,30,31,94,14,4.848071493453302,17
1794,39,22,96,8,4.8469385601006945,14
1795,39,17,83,7,4.8453860426526845,10
1796,51,48,11,19,4.8453226807343865,29
1797,11,54,88,22,4.844114028171238,32
1798,83,20,64,9,4.840996077098241,11
1799,43,39,65,18,4.833637569721974,21
1800,8,15,67,6,4.831909846155588,9
1801,17,52,51,24,4.824551662950425,28
1802,31,19,25,9,4.8238393010997695,10
1803,14,15,54,5,4.820525855929134,10
1804,30,18,103,7,4.814590438877924,11
1805,74,11,85,5,4.812388004493801,6
1806,13,23,79,9,4.81127521378253,14
1807,104,34,63,15,4.811269466320185,19
1808,89,14,68,6,4.806077051288233,8
1809,47,10,43,4,4.804702726604799,6
1810,1,16,12,7,4.804302234326604,9
1811,75,22,96,7,4.801381492311929,15
1812,41,22,97,10,4.799957538599524,12
1813,111,11,25,5,4.797175922879401,6
1814,52,13,20,5,4.795236183864799,8
1815,26,10,89,4,4.793448655016913,6
1816,5,12,10,6,4.788462999241516,6
1817,9,12,5,5,4.777710715122406,7
1818,33,14,23,6,4.772846471482117,8
1819,90,13,70,6,4.771084444295363,7
1820,12,15,31,7,4.7706324645211815,8
1821,87,45,41,20,4.769561992801358,25
1822,18,15,98,8,4.768289045671959,7
1823,13,28,84,11,4.762106527456084,17
1824,106,14,62,6,4.759729251582843,8
1825,72,20,103,9,4.759681275281785,11
1826,7,23,50,10,4.754905099968973,13
1827,62,13,20,5,4.748945383379627,8
1828,25,16,77,7,4.745845616411634,9
1829,60,25,38,11,4.745524397980581,14
1830,25,13,108,5,4.7274242554223145,8
1831,41,34,104,16,4.726865305600903,18
1832,75,32,31,15,4.721982750346428,17
1833,30,11,45,4,4.71768267651097,7
1834,20,23,46,8,4.7087130702664775,15
1835,4,18,81,7,4.707056678124466,11
1836,111,13,106,4,4.703726078810505,9
1837,39,37,43,17,4.703621314876844,20
1838,88,27,38,10,4.6957798952347884,17
1839,43,15,58,6,4.691878021799609,9
1840,40,51,39,21,4.685059105758992,30
1841,29,38,19,15,4.683753161596133,23
1842,78,25,77,11,4.6796173736139535,14
1843,49,15,18,6,4.678692035250184,9
1844,75,10,92,4,4.670779177266828,6
1845,11,26,98,12,4.667493378770945,14
1846,25,15,47,7,4.65539023183265,8
1847,27,13,79,6,4.651583262533679,7
1848,15,16,1,6,4.649350840919032,10
1849,63,39,96,15,4.649023449526141,24
1850,80,11,69,5,4.638884395252672,6
1851,60,22,25,10,4.636282806493919,12
1852,76,28,39,10,4.634396383023453,18
1853,106,15,110,7,4.633960085739291,8
1854,102,16,91,7,4.632859199025978,9
1855,51,44,109,16,4.624306959512695,28
1856,30,82,16,33,4.619303419404809,49
1857,72,10,40,4,4.616108231770902,6
1858,85,20,68,7,4.615895850726344,13
1859,72,23,100,9,4.614377501945658,14
1860,74,11,57,5,4.613445177041246,6
1861,75,40,37,15,4.608119905928104,25
1862,13,21,96,9,4.6080585972764805,12
1863,38,15,18,7,4.607415756411174,8
1864,80,18,39,8,4.600479594629686,10
1865,27,12,58,6,4.599497662673681,6
1866,41,60,107,23,4.597389180870248,37
1867,50,32,96,14,4.592653394244439,18
1868,64,21,43,9,4.591538622875527,12
1869,9,15,37,7,4.590013554185222,8
1870,99,16,65,7,4.579704538683154,9
1871,16,51,109,21,4.577846187162031,30
1872,7,23,58,11,4.575034525669341,12
1873,87,53,20,24,4.5732821567909925,29
1874,99,14,95,6,4.572737764013049,8
1875,99,16,104,8,4.5627492392393005,8
1876,74,23,109,9,4.56252527772352,14
1877,43,18,5,8,4.559277543830878,10
1878,70,15,23,7,4.554568026577774,8
1879,83,15,46,7,4.551826612706294,8
1880,99,18,15,7,4.5514613106187225,11
1881,16,56,50,23,4.542580234745905,33
1882,93,29,28,11,4.540056078542574,18
1883,106,23,75,11,4.532198108241351,12
1884,52,10,55,4,4.531437489197339,6
1885,55,44,28,18,4.526943972884062,26
1886,74,23,50,10,4.520207268757788,13
1887,49,18,112,8,4.517911222226071,10
1888,63,64,54,27,4.513765725874224,37
1889,3,33,29,14,4.510727209680474,19
1890,13,68,46,28,4.497540419141798,40
1891,57,54,15,24,4.4972747865532545,30
1892,75,44,71,17,4.485645835804012,27
1893,7,46,64,21,4.481240056988839,25
1894,43,15,72,7,4.477766920794388,8
1895,78,41,19,16,4.47496173521471,25
1896,96,31,25,14,4.472832877552797,17
1897,108,11,94,5,4.472725388082187,6
1898,23,44,87,18,4.467134210770063,26
1899,37,18,32,8,4.466542082918524,10
1900,79,15,54,6,4.462814449138745,9
1901,96,11,49,5,4.460220810874951,6
1902,19,14,85,6,4.456802611003388,8
1903,77,11,97,4,4.454901155383994,7
1904,29,31,15,14,4.43867565265861,17
1905,78,16,96,6,4.433803384678502,10
1906,37,39,70,16,4.433263990915909,23
1907,17,10,58,6,4.43139506148379,4
1908,65,35,3,14,4.429509708162627,21
1909,43,10,20,5,4.42949176377814,5
1910,23,14,20,6,4.427778675436007,8
1911,99,30,13,13,4.4209668288342625,17
1912,29,17,23,8,4.418393467914161,9
1913,84,30,70,13,4.416286467774103,17
1914,7,64,53,28,4.4162137369106675,36
1915,50,24,64,11,4.415510499418937,13
1916,86,118,5,51,4.415256493878053,67
1917,47,21,15,10,4.413268254147364,11
1918,71,14,108,6,4.402422140240555,8
1919,20,53,28,23,4.401187083369335,30
1920,76,35,5,15,4.400670357773005,20
1921,90,26,65,13,4.399856936469097,13
1922,41,29,109,11,4.397117687292526,18
1923,97,39,16,18,4.395866715554318,21
1924,63,19,66,8,4.3844048155289554,11
1925,99,10,54,4,4.379722874612374,6
1926,87,33,25,15,4.379098196808539,18
1927,16,158,86,65,4.378991121234952,93
1928,50,17,72,7,4.375655689739112,10
1929,40,23,23,10,4.3684233268033035,13
1930,74,15,9,6,4.367415226980933,9
1931,27,60,3,26,4.3667900702206,34
1932,49,17,70,8,4.364791676107706,9
1933,95,20,23,9,4.361896262769256,11
1934,64,31,71,12,4.3594731378011655,19
1935,19,11,83,5,4.359398192701059,6
1936,65,16,6,7,4.346168811124805,9
1937,77,13,94,5,4.342999354868116,8
1938,16,108,7,48,4.34292459712412,60
1939,95,41,87,19,4.338900803447299,22
1940,15,27,81,12,4.338684972028925,15
1941,11,29,3,12,4.3360878284927775,17
1942,60,12,22,5,4.334241842742773,7
1943,95,19,41,8,4.332143979792181,11
1944,4,22,40,10,4.316643149060887,12
1945,8,61,65,27,4.314970047229393,34
1946,97,23,17,10,4.313428551304965,13
1947,106,27,53,13,4.3023196001359025,14
1948,37,45,55,21,4.3010010805888355,24
1949,68,32,78,14,4.290052324917813,18
1950,86,46,78,21,4.287994076992071,25
1951,30,15,52,6,4.285939641259887,9
1952,114,20,15,9,4.283176268910454,11
1953,37,55,106,26,4.262507559544696,29
1954,106,14,34,7,4.243674039664676,7
1955,16,44,71,18,4.24180487871631,26
1956,71,31,87,14,4.240167636343153,17
1957,29,11,104,5,4.232469176091443,6
1958,17,13,62,6,4.230180767198623,7
1959,9,21,38,9,4.22415659668818,12
1960,71,11,44,5,4.2235243488394545,6
1961,62,18,102,8,4.223468853406059,10
1962,28,29,100,12,4.22112967447295,17
1963,4,19,18,8,4.220670692754495,11
1964,17,20,63,9,4.21709530073227,11
1965,43,19,84,9,4.214619850887415,10
1966,52,10,48,4,4.211289472665269,6
1967,72,26,3,12,4.206822662082306,14
1968,65,56,36,24,4.205692860728478,32
1969,91,39,86,17,4.203939006903641,22
1970,112,12,103,5,4.192929666832575,7
1971,13,36,1,14,4.187998461115461,22
1972,93,11,43,5,4.184906166012258,6
1973,23,27,25,12,4.182190113226041,15
1974,58,29,69,14,4.178369386929424,15
1975,65,18,103,7,4.176079711917938,11
1976,18,13,103,5,4.1752141807255745,8
1977,51,51,46,22,4.174462162624302,29
1978,60,24,96,8,4.164982345638217,16
1979,83,40,5,19,4.163709904424498,21
1980,30,16,90,7,4.160626997911916,9
1981,39,23,48,9,4.1604878803731165,14
1982,19,10,2,5,4.15617878328422,5
1983,27,24,84,11,4.15605922191636,13
1984,33,14,27,6,4.153827171884239,8
1985,99,12,17,5,4.148375833376951,7
1986,50,77,28,33,4.143924434349459,44
1987,53,47,71,20,4.141303557057989,27
1988,95,45,16,21,4.139884598584295,24
1989,30,28,64,12,4.139822872969585,16
1990,71,11,20,4,4.1364305573939655,7
1991,83,15,50,8,4.131296712002355,7
1992,18,57,53,26,4.124925801617175,31
1993,15,22,78,11,4.115841076061162,11
1994,7,12,2,5,4.115660194227726,7
1995,108,17,55,7,4.110943675956946,10
1996,97,30,63,13,4.107378727934814,17
1997,75,48,51,22,4.10605342104463,26
1998,83,20,93,9,4.100880722204595,11
1999,20,24,35,10,4.098728722002916,14
2000,111,15,8,7,4.091375789332372,8
2001,86,27,93,12,4.090249999306011,15
2002,87,42,57,18,4.089570112390128,24
2003,36,11,19,5,4.088590218421681,6
2004,69,28,57,11,4.084947289281296,17
2005,78,17,98,8,4.084899624702052,9
2006,91,21,75,13,4.084376386784757,8
2007,100,79,107,38,4.083463979802417,41
2008,95,21,46,9,4.071848693893571,12
2009,69,15,37,7,4.071098728743587,8
2010,7,68,31,30,4.069172309295859,38
2011,65,19,73,8,4.067312461469672,11
2012,20,12,38,4,4.067291998076448,8
2013,76,40,49,17,4.064499741414121,23
2014,43,10,95,4,4.063398320607962,6
2015,100,67,13,30,4.061612096489254,37
2016,56,11,39,6,4.061429150921742,5
2017,68,28,49,12,4.0611103765436,16
2018,15,16,75,6,4.056062954518072,10
2019,69,28,43,12,4.053028562183643,16
2020,103,23,57,10,4.052024059616258,13
2021,14,10,20,4,4.051966837258039,6
2022,32,10,40,5,4.050021677419865,5
2023,8,58,51,26,4.0480191369019005,32
2024,84,12,69,5,4.046782427990891,7
2025,1,10,43,5,4.0389767157587135,5
2026,63,41,114,15,4.037972989054357,26
2027,60,42,114,22,4.029174933224299,20
2028,51,87,65,38,4.028529388771057,49
2029,7,31,47,13,4.025431088719286,18
2030,28,25,19,10,4.019180575644085,15
2031,12,42,3,17,4.0188072737816185,25
2032,8,20,110,8,4.013172679497399,12
2033,5,18,77,8,4.010067732208506,10
2034,31,16,112,6,4.001730552260444,10
2035,9,18,100,7,3.9953268600169216,11
2036,104,16,112,7,3.9943402412730644,9
2037,112,12,14,6,3.993235963114864,6
2038,86,63,104,28,3.9917721515653795,35
2039,50,15,29,7,3.9901096227477506,8
2040,45,16,87,7,3.9869877249578156,9
2041,60,18,97,9,3.9792005525226397,9
2042,83,10,76,4,3.9791717561004964,6
2043,96,58,54,28,3.976827697325717,30
2044,96,12,14,5,3.975747798085741,7
2045,13,44,77,19,3.9692169960806796,25
2046,84,11,94,5,3.968156665744439,6
2047,10,21,84,9,3.9602546020658425,12
2048,40,23,37,11,3.9558411724945226,12
2049,9,15,91,7,3.9508212932565088,8
2050,67,11,104,5,3.95056976239549,6
2051,16,23,2,10,3.948584482321736,13
2052,35,19,43,9,3.946831407739411,10
2053,6,11,40,5,3.9442678680230885,6
2054,9,31,54,14,3.942845641758712,17
2055,84,22,76,10,3.938973343504664,12
2056,18,15,20,6,3.930360704025332,9
2057,39,49,3,23,3.9292946918791984,26
2058,5,28,2,12,3.9232778253201652,16
2059,83,24,87,11,3.916710407315815,13
2060,75,29,64,13,3.9160007140392388,16
2061,55,30,63,14,3.9003771949656936,16
2062,107,44,3,21,3.8998073957748334,23
2063,77,13,58,6,3.8981506835692445,7
2064,62,12,47,5,3.8975081676650087,7
2065,1,25,54,11,3.8929886538978153,14
2066,27,18,48,7,3.8925796052199804,11
2067,40,17,5,8,3.8914877974226934,9
2068,76,31,109,12,3.887698579468372,19
2069,3,22,112,11,3.881829625852149,11
2070,102,11,49,4,3.8805789709331324,7
2071,90,16,80,6,3.867067615214411,10
2072,57,16,48,7,3.8589473829739176,9
2073,40,50,107,20,3.8570605527160113,30
2074,34,11,90,4,3.855080264142755,7
2075,85,17,17,7,3.8507511089593,10
2076,28,39,76,18,3.848512689408892,21
2077,100,33,63,16,3.8476705598955556,17
2078,41,22,50,9,3.845767300582984,13
2079,18,23,31,11,3.8430258307678673,12
2080,47,11,12,5,3.8390154161535532,6
2081,65,22,34,9,3.8388096634466446,13
2082,100,38,88,16,3.8377330441537496,22
2083,3,22,18,9,3.8346712095468676,13
2084,38,13,46,5,3.8338597693432206,8
2085,11,45,54,20,3.830761670343523,25
2086,74,84,86,39,3.830438067887497,45
2087,98,33,107,15,3.8262612451674287,18
2088,4,11,3,5,3.8250463920918434,6
2089,48,12,75,5,3.823943527087417,7
2090,5,28,91,11,3.8146250930665184,17
2091,110,16,5,7,3.8138584796050914,9
2092,28,27,71,11,3.8126316435493948,16
2093,65,24,109,12,3.803613174780475,12
2094,89,14,53,7,3.799040779312777,7
2095,6,11,39,5,3.7966207547038127,6
2096,30,47,49,20,3.79423392775618,27
2097,90,25,50,11,3.7900343777578605,14
2098,25,29,54,13,3.788520356553666,16
2099,57,24,37,11,3.7883373383566465,13
2100,106,52,51,23,3.7850976424308236,29
2101,104,28,98,15,3.783243181516933,13
2102,7,10,93,5,3.780231549016956,5
2103,114,47,13,24,3.775914918731173,23
2104,87,21,17,9,3.7733166042192914,12
2105,55,27,9,11,3.772633679119087,16
2106,88,87,51,42,3.772351956328509,45
2107,18,29,30,13,3.771793322983948,16
2108,54,70,51,31,3.7670435211295334,39
2109,102,14,17,6,3.765627490194506,8
2110,52,13,107,5,3.753558475982526,8
2111,3,24,64,11,3.749223027086129,13
2112,53,42,40,19,3.7429391558119973,23
2113,28,58,54,25,3.7427833536169195,33
2114,51,55,84,24,3.742451182902999,31
2115,1,13,4,5,3.736039087851971,8
2116,60,59,40,26,3.735016412978284,33
2117,77,30,87,13,3.7336382297691175,17
2118,15,19,50,8,3.731886058645917,11
2119,90,31,5,13,3.729228130116929,18
2120,15,13,40,6,3.725578311667862,7
2121,20,26,41,13,3.722699653504378,13
2122,15,21,5,8,3.7147342263498166,13
2123,1,21,64,10,3.714096825641645,11
2124,12,16,58,7,3.709785868184641,9
2125,38,20,19,7,3.7070161860294797,13
2126,13,79,60,33,3.706459830738316,46
2127,112,10,35,5,3.7046440124812365,5
2128,16,62,5,25,3.7016615680953477,37
2129,17,12,108,5,3.6979659768897495,7
2130,23,19,28,9,3.6970356039584327,10
2131,38,21,84,10,3.669980206703245,11
2132,60,55,86,24,3.6676135242361485,31
2133,28,20,85,9,3.6675135147560156,11
2134,39,24,31,10,3.6610558433956144,14
2135,90,10,71,5,3.6561036030201173,5
2136,15,34,3,15,3.6552844678208354,19
2137,107,21,32,10,3.6546977761524615,11
2138,17,11,18,6,3.651905683853184,5
2139,74,50,65,23,3.6492230502429246,27
2140,64,20,108,9,3.648889859577028,11
2141,114,16,98,7,3.6481628146735163,9
2142,12,18,43,7,3.6477808432329795,11
2143,9,13,23,6,3.6475995665029006,7
2144,14,10,70,5,3.647042134114854,5
2145,34,18,43,8,3.6439583345872713,10
2146,104,38,109,17,3.6425601551139146,21
2147,100,48,19,21,3.637548566834416,27
2148,64,22,11,8,3.63618054141613,14
2149,55,51,5,22,3.6280461911141377,29
2150,43,19,18,10,3.6267699505365094,9
2151,80,26,28,12,3.6230809501897743,14
2152,112,15,79,7,3.621796379179409,8
2153,49,54,86,26,3.620002044904704,28
2154,1,36,88,17,3.612486249864132,19
2155,86,24,32,11,3.600337352350485,13
2156,65,88,41,36,3.5987797514188595,52
2157,34,23,79,9,3.5987779482770503,14
2158,75,57,16,26,3.5952902080350215,31
2159,106,14,57,7,3.593618983726931,7
2160,104,61,5,28,3.5931408944870395,33
2161,7,22,11,9,3.5909071733141316,13
2162,97,10,95,4,3.589432471334791,6
2163,14,18,11,7,3.5868100547047623,11
2164,87,121,107,54,3.583674888744438,67
2165,88,62,5,29,3.583030843412137,33
2166,41,10,62,5,3.5810735995056335,5
2167,102,22,51,10,3.5799509862134142,12
2168,14,22,87,9,3.574657228905804,13
2169,25,19,43,7,3.573077352948072,12
2170,16,56,23,25,3.5704087987012967,31
2171,62,13,84,6,3.5672380956620375,7
2172,6,28,7,15,3.5631855242339134,13
2173,60,12,79,5,3.555370933230572,7
2174,28,19,36,9,3.554999615354129,10
2175,62,21,37,8,3.552668728814333,13
2176,34,17,104,7,3.5506468783547804,10
2177,63,94,86,39,3.5494783654033975,55
2178,40,16,19,6,3.5456118713031146,10
2179,33,11,70,5,3.5452850377562246,6
2180,47,29,27,13,3.543966431934925,16
2181,40,65,36,28,3.54008292473436,37
2182,28,32,30,15,3.539926425473853,17
2183,44,15,7,7,3.5352660207554565,8
2184,85,26,84,10,3.5349178606931724,16
2185,6,10,62,4,3.534555615892036,6
2186,62,24,8,10,3.532603268082999,14
2187,93,17,25,8,3.5300397889756283,9
2188,37,55,50,26,3.5287986061002155,29
2189,17,11,57,4,3.5231240907929307,7
2190,27,19,98,9,3.521955911173927,10
2191,55,23,77,10,3.5213277725739687,13
2192,28,17,15,8,3.521005718300717,9
2193,53,14,100,6,3.5195197890566727,8
2194,8,32,27,15,3.515211617722362,17
2195,74,16,23,7,3.505315761927062,9
2196,25,27,109,12,3.5041369262347244,15
2197,73,17,98,8,3.503959852428817,9
2198,37,19,109,8,3.503844054679794,11
2199,38,15,54,7,3.502268170966973,8
2200,114,39,51,19,3.4973322349486455,20
2201,97,36,114,16,3.494809729950692,20
2202,20,26,109,10,3.4929177397438647,16
2203,6,10,54,5,3.4921987314309866,5
2204,14,16,5,6,3.490369625649153,10
2205,62,13,36,6,3.4895283270523723,7
2206,36,30,51,14,3.487460022502504,16
2207,15,10,94,4,3.487344962429094,6
2208,41,16,45,6,3.485066668867455,10
2209,25,20,70,9,3.4845181159437417,11
2210,74,60,5,28,3.4699961467083478,32
2211,50,21,49,10,3.4685004795882266,11
2212,52,15,16,7,3.4595240857912484,8
2213,33,23,5,11,3.4543275091771948,12
2214,76,27,27,11,3.4531012420920075,16
2215,37,21,23,10,3.4530437057487378,11
2216,112,14,114,7,3.4529529803290564,7
2217,7,94,86,40,3.4487912180291196,54
2218,86,63,46,26,3.447367416883425,37
2219,81,17,65,7,3.4470499311553464,10
2220,48,44,87,18,3.4395277517266023,26
2221,107,40,38,17,3.4320037029545793,23
2222,7,52,27,24,3.4308990471010516,28
2223,87,57,50,27,3.427638697835965,30
2224,108,14,38,6,3.426654286706616,8
2225,4,12,37,5,3.4218717037755013,7
2226,28,18,78,9,3.417711658801108,9
2227,17,11,36,6,3.417273645156761,5
2228,79,22,11,9,3.411899322441769,13
2229,51,59,41,27,3.4065954956888578,32
2230,86,34,62,16,3.405786388187902,18
2231,15,17,41,8,3.3941118387997773,9
2232,4,13,28,6,3.394082491248691,7
2233,73,10,104,4,3.3914910994647243,6
2234,36,28,55,13,3.3833365772573503,15
2235,70,20,75,10,3.379349863200628,10
2236,64,40,39,18,3.377216491809084,22
2237,103,19,3,10,3.376784851491644,9
2238,73,18,96,8,3.3726024221333364,10
2239,91,31,107,13,3.3692392206395296,18
2240,13,56,28,26,3.3671896375902834,30
2241,40,17,20,7,3.3649339637959685,10
2242,54,25,97,12,3.3648153427656786,13
2243,14,23,8,10,3.3634201583462153,13
2244,9,14,61,6,3.362078776884604,8
2245,14,17,106,7,3.360059412826618,10
2246,83,10,20,5,3.3478898251644154,5
2247,15,19,20,8,3.345564249700581,11
2248,68,13,5,6,3.3380294056441113,7
2249,80,17,48,7,3.3356230533911297,10
2250,86,41,12,18,3.3299124420367496,23
2251,13,85,55,38,3.325656298998864,47
2252,39,44,19,17,3.3191116244453105,27
2253,98,14,97,7,3.3185319117606134,7
2254,97,16,84,6,3.3164282058099306,10
2255,54,81,16,37,3.312974052610323,44
2256,49,33,65,15,3.3103697675392834,18
2257,86,66,25,31,3.3097455853588773,35
2258,41,14,96,5,3.3088942892360294,9
2259,107,43,64,20,3.307651233136555,23
2260,19,41,107,17,3.307359072836679,24
2261,12,37,87,16,3.3056577443783226,21
2262,114,21,64,9,3.3046667254482807,12
2263,47,13,61,6,3.3043540506366393,7
2264,12,11,90,4,3.304244091296132,7
2265,12,26,23,12,3.2981731860922108,14
2266,34,11,98,6,3.2977526881218022,5
2267,76,17,79,7,3.2930359935936755,10
2268,55,15,35,7,3.2899027901624844,8
2269,30,64,65,28,3.2783732903393568,36
2270,8,25,3,13,3.2773896333319046,12
2271,39,50,53,22,3.2771617260881887,28
2272,114,13,67,6,3.2746706512348394,7
2273,7,24,74,9,3.2574931437928867,15
2274,114,47,25,20,3.2540864225169726,27
2275,76,25,60,10,3.2509818821521037,15
2276,64,10,96,4,3.2470341038418864,6
2277,23,12,81,5,3.2407035870769985,7
2278,99,25,60,11,3.238194459102711,14
2279,107,49,36,23,3.2348387046482587,26
2280,3,14,97,7,3.230803945654674,7
2281,23,50,65,24,3.229242004811313,26
2282,54,16,12,8,3.22546532700851,8
2283,100,10,80,4,3.221630002984554,6
2284,55,18,94,8,3.2183549150249444,10
2285,17,16,74,7,3.211770551027834,9
2286,64,29,8,12,3.2116280139221263,17
2287,50,19,97,8,3.210625734622635,11
2288,60,47,31,24,3.209470727487928,23
2289,56,12,97,6,3.2085312435870676,6
2290,106,28,17,11,3.2039846830051175,17
2291,27,71,107,31,3.2029449660075056,40
2292,36,41,39,18,3.1998605067578247,23
2293,52,11,13,5,3.198313935058208,6
2294,69,15,8,7,3.191300471105285,8
2295,17,22,90,9,3.1908484224220683,13
2296,11,10,58,4,3.1884299720547125,6
2297,54,31,114,15,3.18479213160143,16
2298,100,21,50,9,3.182484639829969,12
2299,103,16,69,8,3.178595710406121,8
2300,106,25,60,10,3.1712615038081853,15
2301,41,30,69,12,3.1671568486745967,18
2302,51,63,60,25,3.159428352654504,38
2303,75,19,4,8,3.1591429263358246,11
2304,86,21,82,9,3.158656091984634,12
2305,104,51,7,23,3.158219418007501,28
2306,3,18,76,8,3.150422222688238,10
2307,75,23,23,12,3.1487336010920157,11
2308,112,12,45,6,3.146093665017745,6
2309,114,23,9,8,3.1400252375404265,15
2310,76,15,2,6,3.135016863493124,9
2311,6,11,28,5,3.131247568187587,6
2312,86,32,72,14,3.1306662629777597,18
2313,47,30,88,14,3.128005162623052,16
2314,43,44,60,20,3.125644522728473,24
2315,51,15,61,5,3.123205657151163,10
2316,23,36,8,16,3.1207627844807817,20
2317,28,36,48,16,3.118969087107223,20
2318,36,11,80,5,3.1158574211756562,6
2319,25,25,17,11,3.1106502600539123,14
2320,50,24,4,12,3.1105592371369686,12
2321,60,85,16,39,3.1068673804639513,46
2322,111,21,86,9,3.1037611827633476,12
2323,92,15,60,6,3.101629065738577,9
2324,99,14,68,6,3.1001036150844774,8
2325,88,16,74,6,3.1000151762465453,10
2326,64,10,91,4,3.099347902087069,6
2327,104,34,54,16,3.0987784259955395,18
2328,43,47,94,21,3.0983539888454756,26
2329,6,20,87,9,3.097245674861366,11
2330,85,10,109,3,3.0954068823106935,7
2331,6,17,27,8,3.0947871865212933,9
2332,72,18,8,9,3.09366440457023,9
2333,93,17,50,7,3.089216846430406,10
2334,107,59,37,27,3.087858660035621,32
2335,66,12,28,6,3.0826665795427424,6
2336,12,13,76,7,3.082319725605148,6
2337,55,16,62,7,3.0797392954165557,9
2338,97,23,104,11,3.078979141926911,12
2339,19,29,60,14,3.0741844930514635,15
2340,75,30,25,13,3.0695517335408993,17
2341,16,37,80,15,3.068943872404417,22
2342,71,18,25,8,3.0644100067848137,10
2343,57,41,51,19,3.0641529465856614,22
2344,6,11,57,5,3.0567504666964656,6
2345,7,45,55,19,3.054761469393279,26
2346,103,14,94,7,3.046979591253476,7
2347,38,13,96,6,3.0422152322461717,7
2348,68,30,12,14,3.041358769608477,16
2349,30,22,79,9,3.0387025691085756,13
2350,25,39,65,16,3.0368934823131166,23
2351,39,13,98,5,3.0332323169773585,8
2352,40,17,33,6,3.0217035797006977,11
2353,13,95,107,44,3.0102544637375117,51
2354,74,42,63,20,3.0096162132471513,22
2355,48,14,19,7,3.0072884640806787,7
2356,50,20,108,10,3.0061866874624097,10
2357,13,45,11,20,3.0051189905515026,25
2358,16,58,37,27,3.0025107191283236,31
2359,96,14,34,6,3.001763014782561,8
2360,4,11,69,5,2.99948417666171,6
2361,64,22,49,9,2.9990922137386633,13
2362,86,47,90,20,2.997206734082276,27
2363,19,26,77,12,2.9962784532127222,14
2364,114,11,34,6,2.988482941118176,5
2365,54,15,103,6,2.987309214635624,9
2366,85,23,13,9,2.985985548040522,14
2367,34,47,107,20,2.9837018541081877,27
2368,12,27,11,13,2.977572857847816,14
2369,46,13,1,7,2.9771068452784517,6
2370,84,36,106,18,2.975473960825013,18
2371,36,32,4,13,2.9739066740354216,19
2372,114,64,88,30,2.9736929918128037,34
2373,49,48,19,22,2.970691361004913,26
2374,2,21,37,10,2.96975801126945,11
2375,73,16,63,8,2.966556049159884,8
2376,25,18,57,8,2.9649349505538733,10
2377,114,23,46,10,2.963143531607224,13
2378,54,19,29,8,2.949914447875304,11
2379,52,15,12,7,2.9481231325534893,8
2380,88,83,107,36,2.947180644187362,47
2381,71,18,46,9,2.9448527741935377,9
2382,9,18,1,10,2.9438107743951836,8
2383,16,45,48,22,2.938744960882415,23
2384,83,27,65,13,2.938404758323202,14
2385,36,20,87,8,2.93557325089767,12
2386,66,16,86,7,2.9349279516020905,9
2387,78,20,94,9,2.934032764236852,11
2388,33,21,28,11,2.934003356051797,10
2389,12,18,40,9,2.93028970370934,9
2390,15,33,30,15,2.929160019927654,18
2391,3,10,33,4,2.927658221464771,6
2392,1,14,62,7,2.921521583990398,7
2393,102,19,106,10,2.9207255392565106,9
2394,29,10,47,4,2.9199833749969137,6
2395,109,17,9,9,2.91854195196147,8
2396,55,11,31,5,2.9183781753906346,6
2397,37,10,33,4,2.9157377490462264,6
2398,29,40,87,17,2.9142626867555625,23
2399,80,36,54,18,2.9116630961094714,18
2400,104,12,10,6,2.9113530030237116,6
2401,16,35,47,16,2.9089326669310838,19
2402,62,19,9,9,2.9069158954391607,10
2403,16,33,79,14,2.9049583801159358,19
2404,57,39,13,19,2.900842670506896,20
2405,30,34,71,16,2.8915964337712703,18
2406,27,58,88,28,2.8900429056834263,30
2407,87,94,65,43,2.887559650277401,51
2408,17,25,46,11,2.875672610475698,14
2409,106,14,77,7,2.875589368126161,7
2410,75,21,30,10,2.874328227945732,11
2411,108,10,2,4,2.873465048153021,6
2412,107,37,112,18,2.8731744126175918,19
2413,112,14,1,5,2.872325056767921,9
2414,88,69,68,31,2.8695211003313754,38
2415,88,10,17,6,2.869337502995369,4
2416,46,23,63,12,2.8672418698963504,11
2417,28,70,84,31,2.8670003890442093,39
2418,72,14,88,6,2.8660882603566407,8
2419,55,50,11,21,2.8656348858368936,29
2420,69,25,28,12,2.861912956405139,13
2421,88,15,94,8,2.8588031686479485,7
2422,74,13,112,6,2.8550316834984484,7
2423,16,96,28,43,2.854985092700266,53
2424,97,13,33,6,2.848649622206162,7
2425,4,25,16,13,2.8411046840521457,12
2426,107,51,106,24,2.8408623146416336,27
2427,86,104,28,46,2.8374089851944673,58
2428,39,11,35,5,2.8361547619317555,6
2429,72,23,77,11,2.8344033689973918,12
2430,53,23,81,10,2.8322690458402344,13
2431,114,61,86,29,2.8307983943039834,32
2432,75,21,112,9,2.8242194050340816,12
2433,18,13,71,6,2.821320109059585,7
2434,68,14,48,7,2.8206443314688054,7
2435,13,107,51,52,2.81845916276978,55
2436,97,26,76,12,2.8180456861896697,14
2437,9,48,40,21,2.81743847104381,27
2438,16,53,62,22,2.8125450554829077,31
2439,1,32,36,16,2.809530345293069,16
2440,99,15,41,7,2.8081672918617295,8
2441,65,42,71,18,2.8056942435602363,24
2442,106,14,112,7,2.805082024542774,7
2443,12,42,27,18,2.8046964318602283,24
2444,72,23,65,11,2.799732280348779,12
2445,20,66,54,33,2.798936654496461,33
2446,83,32,8,16,2.795775595052069,16
2447,68,14,44,7,2.7953277213928227,7
2448,7,26,1,12,2.793205495238505,14
2449,100,13,36,6,2.7923934619121074,7
2450,18,10,57,4,2.7910504415885566,6
2451,70,12,102,7,2.7906887378625385,5
2452,29,13,108,6,2.7895227059450267,7
2453,85,14,112,6,2.788857070839814,8
2454,17,36,107,17,2.78728948647837,19
2455,18,30,40,12,2.780722164544755,18
2456,10,17,87,8,2.7770692343126595,9
2457,1,17,94,9,2.7623810098011936,8
2458,88,23,35,11,2.7598010038488723,12
2459,16,70,49,31,2.7578832840823457,39
2460,45,15,3,7,2.75626322760889,8
2461,97,34,96,17,2.7556888339056833,17
2462,70,14,43,6,2.753352748891413,8
2463,49,35,77,15,2.7512791911364767,20
2464,30,31,104,15,2.7504108450647493,16
2465,71,26,51,12,2.748484052918404,14
2466,69,31,68,14,2.743936079051882,17
2467,99,12,63,6,2.737725340993938,6
2468,15,25,54,13,2.735147263925594,12
2469,60,26,46,12,2.733085524905183,14
2470,49,11,5,5,2.7256599500520577,6
2471,44,16,88,8,2.7255415222047095,8
2472,37,30,84,14,2.7240272709777176,16
2473,58,17,51,8,2.7220403540386506,9
2474,51,10,52,5,2.719530434484774,5
2475,34,16,88,7,2.7175195012540176,9
2476,63,20,4,9,2.7170319642618375,11
2477,86,89,84,44,2.7122592129849856,45
2478,90,14,33,6,2.708622984963186,8
2479,2,46,50,21,2.7076882491876733,25
2480,38,10,76,6,2.705125102558668,4
2481,39,11,79,4,2.703936570933463,7
2482,20,27,7,13,2.7023319306021247,14
2483,8,63,11,29,2.698721990639596,34
2484,10,11,65,5,2.691616036034299,6
2485,87,23,31,11,2.6915087275033063,12
2486,7,21,30,11,2.691476247459028,10
2487,13,20,102,8,2.68911865765018,12
2488,74,13,43,7,2.6848796666350316,6
2489,39,38,12,17,2.683426444971777,21
2490,39,25,5,12,2.6791322172692817,13
2491,62,28,3,12,2.6778907418210176,16
2492,48,10,12,4,2.675775448389384,6
2493,25,17,44,8,2.67353547628176,9
2494,13,118,7,55,2.6708973171944725,63
2495,37,67,104,30,2.6697156594454787,37
2496,71,17,5,8,2.668348512437488,9
2497,107,54,9,27,2.659934690345264,27
2498,11,33,20,14,2.658025854837765,19
2499,40,24,27,13,2.6563176029466624,11
2500,20,14,73,6,2.6543798385197754,8
2501,57,13,36,5,2.6531160901053727,8
2502,19,20,20,10,2.646933293157403,10
2503,110,13,54,6,2.635884902993451,7
2504,51,12,22,5,2.6349206585516356,7
2505,95,34,39,16,2.633907594970311,18
2506,54,21,98,10,2.6338814908595602,11
2507,95,34,107,16,2.633836762476072,18
2508,86,138,87,67,2.624754919126119,71
2509,39,51,54,24,2.6240157360627983,27
2510,39,42,28,20,2.6233394077803616,22
2511,11,36,60,16,2.6228467685330785,20
2512,104,41,95,18,2.6172247089757974,23
2513,11,61,46,28,2.6136856619738875,33
2514,94,33,107,13,2.6133702151384584,20
2515,40,29,1,13,2.6081027273161883,16
2516,36,23,91,10,2.600483205457642,13
2517,72,30,15,15,2.5954839881557064,15
2518,20,48,37,23,2.5936827651590773,25
2519,94,21,65,11,2.593266998560741,10
2520,102,27,37,12,2.5931875377695404,15
2521,1,10,109,5,2.5929606771402334,5
2522,19,35,94,17,2.5924300471605743,18
2523,28,71,65,31,2.5907378992374,40
2524,43,36,7,15,2.582675602643741,21
2525,33,15,88,6,2.581178022844097,9
2526,50,22,112,9,2.578275791966451,13
2527,81,14,108,7,2.5758573743146345,7
2528,1,29,51,14,2.574119304918465,15
2529,48,14,25,7,2.5710538086168517,7
2530,33,26,13,12,2.569937378676217,14
2531,112,16,77,6,2.5597226186754187,10
2532,86,14,14,7,2.5565201304900285,7
2533,16,75,68,33,2.555368429487557,42
2534,73,19,1,8,2.5534291003907317,11
2535,9,44,39,22,2.551362349935293,22
2536,71,14,47,7,2.5504632262813383,7
2537,44,14,76,6,2.5504141931433417,8
2538,7,74,36,34,2.54935875079736,40
2539,16,148,51,71,2.5416858209936755,77
2540,97,35,65,16,2.539739428020559,19
2541,70,22,9,9,2.5390649499197586,13
2542,54,34,102,16,2.5372297090094844,18
2543,40,60,88,27,2.532837544735202,33
2544,7,29,17,13,2.532089441361393,16
2545,44,15,107,7,2.530544567099409,8
2546,99,19,30,8,2.530388293684778,11
2547,15,41,107,16,2.528631978383112,25
2548,36,33,9,15,2.527924078037464,18
2549,68,27,46,12,2.520930145642669,15
2550,97,18,29,8,2.5164381029243006,10
2551,12,15,36,7,2.516319942513756,8
2552,29,35,27,15,2.5139766493292597,20
2553,88,63,49,28,2.5106158226248643,35
2554,50,54,107,26,2.5099686972292012,28
2555,87,15,92,7,2.5078466479835897,8
2556,65,42,17,17,2.5046287773470137,25
2557,84,13,67,7,2.500709874534178,6
2558,65,38,111,16,2.4964278491140734,22
2559,65,14,89,7,2.492842217794452,7
2560,71,27,9,12,2.485839871550415,15
2561,28,25,79,12,2.485405030035431,13
2562,88,45,109,19,2.4817016474099605,26
2563,87,58,28,28,2.477822962643624,30
2564,17,20,20,9,2.4759550702480673,11
2565,74,17,69,9,2.466497282082459,8
2566,17,17,1,8,2.462761073509875,9
2567,102,32,25,15,2.460889696925051,17
2568,110,17,86,8,2.459712460283758,9
2569,40,10,84,5,2.4542210673969374,5
2570,63,15,61,6,2.445410080263457,9
2571,32,10,50,6,2.4440541907162885,4
2572,64,15,47,6,2.441201731533324,9
2573,23,56,7,26,2.4411917402729504,30
2574,76,19,62,9,2.437883817268277,10
2575,109,24,102,11,2.4374588964673856,13
2576,14,19,51,7,2.433844123091522,12
2577,3,17,96,8,2.432078371197565,9
2578,93,17,37,7,2.4227477033995664,10
2579,109,11,99,5,2.4195174025010506,6
2580,16,39,29,19,2.418389603354776,20
2581,28,19,94,8,2.4149604753175544,11
2582,107,24,81,11,2.4141594134658915,13
2583,15,32,7,17,2.4130666365885896,15
2584,34,23,50,11,2.4065274329929407,12
2585,88,57,104,25,2.406185933878753,32
2586,86,21,33,9,2.4046138870938174,12
2587,20,26,80,12,2.4033351571638515,14
2588,34,16,22,7,2.4015492045904447,9
2589,100,27,94,10,2.400243221659601,17
2590,46,38,28,16,2.3990178798165616,22
2591,97,21,109,10,2.398141101921517,11
2592,53,50,65,24,2.397002822057666,26
2593,23,13,48,6,2.3894452247322233,7
2594,4,21,71,8,2.387175011736595,13
2595,96,25,104,11,2.386641983915838,14
2596,104,66,13,30,2.3854784890372405,36
2597,75,13,56,5,2.3840139649043484,8
2598,8,14,112,6,2.3798297239108375,8
2599,71,40,107,17,2.376060967609246,23
2600,39,44,104,20,2.3751154073426797,24
2601,90,19,84,9,2.374748457023267,10
2602,53,31,55,14,2.3720895326624136,17
2603,25,32,63,16,2.3688265373602633,16
2604,40,24,50,10,2.367144047455048,14
2605,22,10,87,6,2.365823638651169,4
2606,99,23,5,11,2.36162190226428,12
2607,70,34,76,16,2.358420872168424,18
2608,100,14,97,6,2.358325970901081,8
2609,91,28,13,14,2.3583001351127675,14
2610,53,44,64,20,2.3578163734178164,24
2611,96,14,109,6,2.3566759619593634,8
2612,8,27,17,13,2.354578898260205,14
2613,99,12,33,5,2.354570382478152,7
2614,4,36,31,15,2.353535596679466,21
2615,90,34,87,17,2.3522944235108745,17
2616,79,10,96,5,2.351992111457352,5
2617,60,74,77,35,2.348893876129878,39
2618,104,74,16,34,2.3470763532737213,40
2619,78,10,45,5,2.343791897433706,5
2620,58,20,3,8,2.3347740768672467,12
2621,39,78,107,37,2.3322736155815487,41
2622,80,37,86,17,2.3309612757843783,20
2623,25,28,53,14,2.3301510854690863,14
2624,109,51,5,25,2.3285813949081624,26
2625,84,35,50,17,2.3257021134383256,18
2626,104,21,102,11,2.3206272974702777,10
2627,111,18,87,8,2.316389144833365,10
2628,88,32,91,15,2.315767764685106,17
2629,8,58,96,27,2.313991189820113,31
2630,71,31,63,14,2.311262987331468,17
2631,63,28,70,13,2.309911464577443,15
2632,76,13,69,5,2.308555624427584,8
2633,35,13,70,7,2.3047047876076423,6
2634,60,26,95,12,2.300035058084818,14
2635,80,20,7,9,2.2986689861273377,11
2636,63,42,50,19,2.2950983829965117,23
2637,100,24,5,11,2.293242743404467,13
2638,106,13,4,7,2.287883468044358,6
2639,8,76,28,35,2.28759259007733,41
2640,73,16,16,8,2.286947763730408,8
2641,81,26,88,12,2.2857834835265316,14
2642,38,10,81,5,2.2819621266449914,5
2643,77,12,69,6,2.2797993708458937,6
2644,65,14,92,7,2.2769844774151653,7
2645,50,47,11,22,2.276023953743783,25
2646,40,14,74,6,2.2751378053719047,8
2647,57,12,77,6,2.2739735076992793,6
2648,7,108,68,50,2.2702884441480418,58
2649,61,10,31,5,2.2696136748473625,5
2650,28,66,96,31,2.2674069446039304,35
2651,85,12,7,5,2.267272935114745,7
2652,49,31,12,18,2.2670465912319986,13
2653,109,23,3,11,2.262800410189064,12
2654,87,62,106,30,2.262204101784011,32
2655,107,21,72,10,2.2595827881090234,11
2656,98,16,17,8,2.2572460925395315,8
2657,74,13,41,7,2.2545650248033358,6
2658,95,30,25,14,2.253973143655666,16
2659,63,11,83,4,2.2518527555221,7
2660,86,16,113,7,2.2517990720455145,9
2661,8,17,19,8,2.250211187456416,9
2662,16,52,70,23,2.2486906290153845,29
2663,70,10,27,5,2.2432632584575636,5
2664,68,61,107,30,2.239285821874588,31
2665,77,13,103,6,2.2366700053173294,7
2666,108,11,65,6,2.2352573569912666,5
2667,4,26,114,13,2.2345648368573663,13
2668,46,18,65,7,2.232998478058108,11
2669,62,29,71,14,2.2274966883750613,15
2670,90,16,25,7,2.2261576936837093,9
2671,3,32,43,14,2.225155663534229,18
2672,98,13,99,7,2.2212581677933705,6
2673,75,23,84,11,2.2186834285684545,12
2674,47,14,30,8,2.213667646898751,6
2675,62,19,15,9,2.2127139630397488,10
2676,5,50,96,22,2.21142719225076,28
2677,39,57,27,25,2.2060462360665847,32
2678,33,20,11,11,2.2044275894414653,9
2679,13,32,72,16,2.2040070476145748,16
2680,75,27,27,12,2.2036511265370837,15
2681,91,12,56,6,2.199268647174773,6
2682,7,75,40,33,2.195752128306479,42
2683,60,32,75,15,2.194819750320694,17
2684,68,35,106,16,2.193685806982791,19
2685,52,10,100,4,2.1822522154052884,6
2686,41,46,68,22,2.171804807510055,24
2687,60,67,88,30,2.1715375199885685,37
2688,23,13,53,6,2.1639220781507693,7
2689,10,21,8,9,2.147315002146761,12
2690,55,11,69,5,2.141856565606561,6
2691,71,39,39,18,2.1402119009407667,21
2692,102,22,74,10,2.1384304011801003,12
2693,66,13,31,6,2.1367157981218847,7
2694,8,26,102,13,2.1358165667375633,13
2695,72,19,30,9,2.1357204079013914,10
2696,2,12,61,5,2.133108515807604,7
2697,54,77,8,33,2.1325516335637458,44
2698,60,37,41,19,2.130524858613588,18
2699,98,10,43,4,2.1302778964437667,6
2700,23,19,77,9,2.127501226522958,10
2701,102,32,114,14,2.1240842876015136,18
2702,7,62,9,31,2.12190310948229,31
2703,49,24,63,12,2.1212323385530256,12
2704,53,11,70,5,2.1174802085363624,6
2705,69,11,25,5,2.112059751085251,6
2706,68,28,94,13,2.106511062546953,15
2707,64,18,46,8,2.104735477830411,10
2708,112,19,23,8,2.101852765262114,11
2709,76,30,55,13,2.1010477361103184,17
2710,83,34,55,17,2.0962093979720247,17
2711,97,22,8,11,2.094799206270942,11
2712,40,18,11,9,2.0894421004610075,9
2713,15,39,11,18,2.088687983095317,21
2714,64,43,68,18,2.0864244028015833,25
2715,66,14,72,6,2.0852128177023035,8
2716,44,14,51,5,2.0848742289559725,9
2717,57,22,30,11,2.0742110648973373,11
2718,27,20,23,10,2.0722628371370155,10
2719,19,33,68,15,2.0719542875343326,18
2720,54,19,62,9,2.0693050612097696,10
2721,94,12,50,5,2.067325915186851,7
2722,84,30,34,14,2.067010635537676,16
2723,3,66,51,33,2.0636767558286064,33
2724,89,11,20,5,2.0625804150032825,6
2725,16,36,12,17,2.061670014106225,19
2726,62,20,60,10,2.0597588787986405,10
2727,9,19,57,9,2.058380213538902,10
2728,48,25,65,13,2.057937129130549,12
2729,94,25,29,12,2.054430963734077,13
2730,12,14,7,7,2.0405365521973633,7
2731,11,18,93,10,2.0391902780828315,8
2732,103,42,16,21,2.0386614806371375,21
2733,37,23,100,10,2.038180899418236,13
2734,60,40,8,20,2.033286998314092,20
2735,47,28,68,13,2.031806001260121,15
2736,91,14,114,7,2.031242634143403,7
2737,87,36,75,17,2.0264664637740792,19
2738,32,11,13,5,2.0261815070275424,6
2739,28,52,51,26,2.025017303726126,26
2740,76,15,90,6,2.0241498295019933,9
2741,114,27,17,11,2.021159075364864,16
2742,8,37,90,16,2.0194647820717773,21
2743,111,10,10,4,2.0194606727691027,6
2744,93,11,60,4,2.018629631632228,7
2745,68,29,70,14,2.015118158104632,15
2746,47,23,41,12,2.010528215671805,11
2747,83,22,97,12,2.0076368732075736,10
2748,43,47,19,22,2.0058094200599297,25
2749,8,39,50,17,1.9997739229036222,22
2750,114,26,74,13,1.9975972531686852,13
2751,34,18,67,10,1.9956714706950711,8
2752,53,19,4,9,1.9876947928926743,10
2753,100,12,79,5,1.9822381822120898,7
2754,95,28,53,11,1.9769373995573165,17
2755,88,32,70,15,1.9762934359596307,17
2756,55,31,84,15,1.9725581442910776,16
2757,54,10,35,4,1.970607603878345,6
2758,23,22,3,10,1.9704853033748797,12
2759,49,24,62,10,1.968372507575581,14
2760,28,33,91,15,1.9649527402335243,18
2761,41,24,112,11,1.9642201479007209,13
2762,80,11,97,5,1.9631828964682283,6
2763,39,14,33,7,1.960095595226131,7
2764,30,64,107,29,1.9600104085543593,35
2765,41,21,78,9,1.9597162558523102,12
2766,50,11,35,5,1.9581460146246819,6
2767,19,30,86,15,1.9572349198961296,15
2768,27,34,57,17,1.9534766566361856,17
2769,36,34,64,17,1.9485056781764578,17
2770,13,22,61,9,1.9474617025071013,13
2771,25,20,55,9,1.9429576796619987,11
2772,23,14,31,6,1.9392936999416412,8
2773,110,13,104,5,1.938847445081051,8
2774,71,49,7,25,1.9387153694352726,24
2775,32,10,98,5,1.938005226383161,5
2776,88,24,90,10,1.933728517728678,14
2777,23,14,97,7,1.9330528734436583,7
2778,41,26,76,14,1.9323052199492383,12
2779,65,30,84,14,1.928864673268391,16
2780,70,19,40,8,1.9276789997691242,11
2781,15,20,103,10,1.9273473425720336,10
2782,17,28,54,14,1.925973647351252,14
2783,114,21,18,10,1.9235772497574426,11
2784,99,11,76,6,1.9173589523208294,5
2785,97,32,106,16,1.9159665785715103,16
2786,110,11,17,5,1.9155371371930712,6
2787,8,65,74,29,1.9128656065638743,36
2788,68,38,1,18,1.9099752765436635,20
2789,65,51,106,24,1.9069424806899138,27
2790,50,35,76,19,1.9009793811042361,16
2791,55,27,99,12,1.895072402151854,15
2792,109,15,23,7,1.8946632677651118,8
2793,85,12,98,5,1.892963761582925,7
2794,71,44,86,22,1.8883807510456327,22
2795,27,14,18,7,1.8878641320648082,7
2796,103,26,51,13,1.8863798028567007,13
2797,25,23,64,11,1.8857238852847764,12
2798,96,16,30,7,1.8850748786904798,9
2799,68,108,13,51,1.8849483625328212,57
2800,2,41,8,20,1.8848654476169666,21
2801,39,12,61,5,1.883201918418666,7
2802,100,13,95,7,1.8766563875169038,6
2803,104,15,92,8,1.8690561053420138,7
2804,60,19,48,9,1.868377497336707,10
2805,53,13,47,6,1.867452050486345,7
2806,60,13,33,5,1.8644268792007332,8
2807,93,21,97,10,1.8583722279909525,11
2808,53,22,97,10,1.8492466822191047,12
2809,19,25,88,13,1.8450287055712755,12
2810,50,13,73,5,1.8439270323254195,8
2811,12,18,85,9,1.8411131730635333,9
2812,114,30,20,14,1.8395405662544684,16
2813,92,30,88,14,1.8365360092779848,16
2814,84,38,96,19,1.8356486827006806,19
2815,95,22,20,11,1.8350043196326213,11
2816,74,29,13,14,1.8278354237299024,15
2817,16,53,43,24,1.8269899397225597,29
2818,44,13,114,6,1.8263733365516688,7
2819,13,44,75,20,1.82625422828726,24
2820,86,37,79,17,1.8233812794868036,20
2821,102,13,99,6,1.821289341303691,7
2822,40,18,111,9,1.8104998545748747,9
2823,36,22,25,11,1.807144013826855,11
2824,70,57,86,26,1.80463722039498,31
2825,51,34,31,14,1.8036645224364263,20
2826,29,18,9,9,1.8021042570677095,9
2827,112,50,16,24,1.7995643538534876,26
2828,63,10,103,4,1.7993918081481381,6
2829,38,15,78,7,1.7991413148724158,8
2830,66,11,15,5,1.795076326934553,6
2831,34,37,27,18,1.7945437454670505,19
2832,114,35,39,18,1.7909993968165154,17
2833,49,23,109,11,1.7902870459586224,12
2834,20,19,48,8,1.7888857426975104,11
2835,97,27,46,13,1.7888516310767923,14
2836,89,18,13,9,1.786869504777188,9
2837,37,25,90,12,1.7816453937181727,13
2838,50,21,69,11,1.7758250016074677,10
2839,9,19,30,8,1.7725720850396782,11
2840,60,28,109,13,1.770350118894974,15
2841,16,42,72,20,1.7658661909654954,22
2842,88,11,110,6,1.764222812142971,5
2843,64,47,88,21,1.7611807290570651,26
2844,37,98,5,47,1.7580752219846099,51
2845,88,37,18,18,1.7539193639392456,19
2846,104,21,43,9,1.750605109142025,12
2847,79,23,107,10,1.7474071801332398,13
2848,60,33,36,16,1.7416473627060738,17
2849,18,11,6,5,1.7414584600944842,6
2850,36,37,88,16,1.7392851936744356,21
2851,51,14,66,7,1.7380363030144774,7
2852,9,23,112,10,1.7370284161007252,13
2853,111,16,9,7,1.7347101097492736,9
2854,16,27,44,12,1.7334648777380284,15
2855,106,38,96,17,1.7318320126651967,21
2856,32,13,68,5,1.7311662598089266,8
2857,60,24,1,11,1.730552170717301,13
2858,109,20,77,10,1.727976391358886,10
2859,77,10,28,5,1.7274479044716262,5
2860,27,36,43,17,1.7224156033963,19
2861,88,25,77,11,1.7210000447837095,14
2862,77,19,11,9,1.7198753848877157,10
2863,104,24,83,10,1.7171480590838881,14
2864,5,51,54,23,1.7127518345022985,28
2865,88,62,28,29,1.7102908597256317,33
2866,108,21,60,10,1.7101270340213668,11
2867,54,42,19,18,1.7097451513299675,24
2868,50,34,51,17,1.7082975555891384,17
2869,86,67,55,31,1.7078571022769586,36
2870,8,55,39,28,1.7037491877850874,27
2871,85,15,57,7,1.703449553409084,8
2872,41,48,27,21,1.7027939683459146,27
2873,20,16,102,8,1.6989391239814888,8
2874,65,92,107,44,1.6976830026187897,48
2875,36,15,23,9,1.697287527418564,6
2876,63,17,95,8,1.6923751834394967,9
2877,73,20,28,10,1.687006788072292,10
2878,55,40,106,18,1.6835382667235024,22
2879,55,25,20,12,1.682789944223458,13
2880,8,83,88,40,1.6811669912632214,43
2881,65,31,50,15,1.6801621867417356,16
2882,17,19,64,9,1.6742261514283467,10
2883,23,14,50,5,1.673947609647618,9
2884,63,45,7,18,1.673573876629926,27
2885,48,14,104,6,1.673511883025235,8
2886,87,45,84,20,1.6712785926609632,25
2887,45,28,31,13,1.6710870406691025,15
2888,17,17,112,8,1.670998049379022,9
2889,54,19,33,8,1.6683853925492595,11
2890,8,95,107,48,1.6636951263902326,47
2891,37,47,74,23,1.66281633297112,24
2892,63,24,47,10,1.6623324282821739,14
2893,41,30,1,13,1.6558361653082903,17
2894,36,23,68,11,1.651168634820273,12
2895,8,93,55,47,1.6439993285526453,46
2896,30,41,68,20,1.6397998764136308,21
2897,41,60,88,27,1.6397874376242172,33
2898,12,22,8,10,1.6380907548377517,12
2899,104,26,18,11,1.6361581237581893,15
2900,6,18,68,10,1.6346986227731617,8
2901,35,28,86,12,1.630292710908606,16
2902,18,37,51,19,1.6280086279913597,18
2903,64,12,84,7,1.6272082249846804,5
2904,106,46,88,20,1.6248459493396556,26
2905,44,17,87,8,1.6239279411647956,9
2906,17,14,80,6,1.6140041509212482,8
2907,30,29,69,14,1.6139022710932394,15
2908,43,27,41,13,1.6064957153349548,14
2909,76,17,18,8,1.601109520179619,9
2910,12,11,57,5,1.597190174870237,6
2911,91,12,38,6,1.5959128745414664,6
2912,14,11,75,5,1.594721022285634,6
2913,72,28,78,15,1.5935624135020865,13
2914,51,24,98,11,1.5914965104039462,13
2915,57,38,39,19,1.5884848488756722,19
2916,2,15,25,8,1.5845186001024,7
2917,39,77,13,36,1.5839174058100343,41
2918,88,20,61,8,1.5819478875432638,12
2919,2,34,97,16,1.581483466739766,18
2920,55,22,90,12,1.578656952498875,10
2921,76,20,95,10,1.5773440780858254,10
2922,96,34,88,17,1.5755489762598094,17
2923,4,61,13,28,1.56876063127331,33
2924,86,88,8,45,1.5679670065587505,43
2925,89,18,88,9,1.5636617985261774,9
2926,65,28,78,12,1.5618772572285997,16
2927,17,37,34,19,1.5555486001209156,18
2928,100,25,69,12,1.5539300788324983,13
2929,80,20,11,10,1.5532652275466894,10
2930,11,85,16,36,1.5529234128859526,49
2931,57,25,102,12,1.5483760769806807,13
2932,63,30,27,13,1.5482939869847638,17
2933,107,126,86,60,1.5463436947065825,66
2934,60,32,9,14,1.541763907829675,18
2935,103,10,23,5,1.5415735380593838,5
2936,22,10,86,5,1.5381482899799122,5
2937,94,21,11,11,1.5369194320927209,10
2938,98,13,79,6,1.5335435073226167,7
2939,29,13,53,5,1.53176700286447,8
2940,64,15,81,7,1.5315551836921608,8
2941,60,24,58,12,1.5296571105675618,12
2942,114,20,84,9,1.5282826629009736,11
2943,13,66,27,32,1.5277775268373557,34
2944,35,14,37,7,1.523131742310598,7
2945,3,22,61,8,1.5200379980927694,14
2946,107,45,70,23,1.5183987584852088,22
2947,39,15,102,7,1.5161474318556913,8
2948,46,12,55,5,1.514859018089967,7
2949,64,30,27,14,1.506656484827703,16
2950,27,25,50,10,1.5040884605682736,15
2951,54,10,89,4,1.503765809030216,6
2952,78,46,107,21,1.4990563274999613,25
2953,57,61,86,30,1.4989418983337983,31
2954,19,15,102,6,1.4975662366291813,9
2955,46,52,5,24,1.4974094901037533,28
2956,87,47,109,21,1.497154755790953,26
2957,107,47,25,23,1.4967278623744338,24
2958,15,53,86,25,1.495718725186237,28
2959,112,16,11,8,1.4950492246382474,8
2960,87,26,112,13,1.492086660519308,13
2961,2,23,74,10,1.4920197761473226,13
2962,47,15,109,7,1.4902136420221868,8
2963,27,10,95,4,1.4847422192138044,6
2964,60,74,71,35,1.4843115108657066,39
2965,37,38,17,16,1.479924510472103,22
2966,68,10,84,4,1.4788993773509214,6
2967,103,17,79,8,1.4762996181953671,9
2968,106,50,11,21,1.4751786277994416,29
2969,35,24,7,12,1.4676220715119486,12
2970,6,13,69,7,1.4672562795661197,6
2971,71,24,3,11,1.4668209780059522,13
2972,40,64,51,31,1.4624658901194083,33
2973,31,21,47,10,1.4606130980712677,11
2974,25,23,83,10,1.459720188055504,13
2975,13,48,15,24,1.4562082673117382,24
2976,91,14,90,7,1.453639559044283,7
2977,108,37,107,18,1.4524982900970553,19
2978,65,33,80,16,1.4513664238423436,17
2979,62,28,65,14,1.4496341901836953,14
2980,106,55,63,27,1.448556681809942,28
2981,75,44,39,23,1.4473715172929777,21
2982,27,20,81,10,1.446682198592998,10
2983,65,33,69,16,1.4425642416495112,17
2984,20,21,97,11,1.4395279608818752,10
2985,50,28,25,14,1.4391705454909005,14
2986,34,21,39,10,1.4278801146393896,11
2987,34,45,16,20,1.426108806031254,25
2988,36,35,45,19,1.423273124508118,16
2989,1,11,53,5,1.4196819324858239,6
2990,100,29,62,15,1.4095954922785325,14
2991,13,32,34,16,1.4073902567508703,16
2992,12,20,71,10,1.4059148964814137,10
2993,87,35,103,18,1.4056353484688904,17
2994,46,25,9,13,1.4052752923291445,12
2995,70,17,95,9,1.4011695857654891,8
2996,43,19,37,10,1.398788606998224,9
2997,48,28,11,13,1.3960534557902764,15
2998,74,12,98,6,1.394136813126094,6
2999,63,44,41,21,1.393059609593735,23
3000,95,12,80,6,1.3888115326852126,6
3001,36,11,29,6,1.3837445576600509,5
3002,102,18,3,8,1.3811952404449805,10
3003,106,30,41,15,1.3806292559177726,15
3004,72,32,87,17,1.3715852606368866,15
3005,20,36,106,17,1.371361503792123,19
3006,25,26,30,14,1.363384718034573,12
3007,41,35,40,18,1.358626645359705,17
3008,16,66,19,29,1.3583707287410167,37
3009,104,33,70,16,1.3582302540990812,17
3010,87,69,11,32,1.3541146534502855,37
3011,23,33,51,16,1.3518250657215227,17
3012,30,14,81,7,1.3508923221630391,7
3013,97,37,88,18,1.3490743629309014,19
3014,108,17,40,9,1.3479697301696891,8
3015,8,44,104,21,1.3410693202324964,23
3016,87,54,60,28,1.3398118517112774,26
3017,6,10,23,5,1.3385415186806267,5
3018,30,29,78,14,1.337073491942564,15
3019,50,20,98,9,1.335287430553141,11
3020,51,70,87,33,1.3309721449292016,37
3021,30,21,48,9,1.3239953886043165,12
3022,84,36,54,17,1.3202943615638323,19
3023,74,18,80,9,1.319966132866856,9
3024,65,111,63,53,1.3193232513653719,58
3025,55,57,88,25,1.3163784693707288,32
3026,54,21,23,10,1.3133138976413523,11
3027,94,11,40,5,1.3131730085845268,6
3028,112,32,65,16,1.3122977163439495,16
3029,68,52,9,25,1.3104638696206712,27
3030,9,28,58,13,1.310268135821897,15
3031,89,20,107,9,1.3096086727301652,11
3032,32,14,51,7,1.3093866254236395,7
3033,41,28,114,14,1.307338108043566,14
3034,60,79,7,38,1.304264843873566,41
3035,38,16,17,8,1.3036206431746913,8
3036,5,44,13,21,1.3023509853743034,23
3037,78,16,109,8,1.3015742746802685,8
3038,109,29,34,14,1.2955360121997939,15
3039,51,41,30,20,1.2955302637646597,21
3040,7,22,8,10,1.2952715014492373,12
3041,88,39,4,19,1.294921220761057,20
3042,39,31,62,14,1.2943420529811251,17
3043,51,19,99,10,1.2892082407104484,9
3044,76,24,88,12,1.2876347721936485,12
3045,96,59,107,27,1.2779661064945878,32
3046,46,57,54,28,1.2778066019254952,29
3047,34,10,91,5,1.2767116469837227,5
3048,41,20,103,9,1.2736208996736864,11
3049,71,11,1,6,1.2732152302328021,5
3050,60,29,28,16,1.272111001147211,13
3051,52,15,65,8,1.262826215370322,7
3052,92,12,107,5,1.2625916923530776,7
3053,57,24,55,13,1.2620925157379805,11
3054,81,20,18,10,1.2612198373935404,10
3055,93,10,79,5,1.2606355667564615,5
3056,114,18,49,10,1.2604600332250735,8
3057,86,39,112,18,1.2594712193458382,21
3058,9,37,63,18,1.2589023707877973,19
3059,51,55,37,24,1.2588032537436011,31
3060,17,42,13,21,1.2570532505054286,21
3061,41,74,13,36,1.251763682954913,38
3062,13,61,9,28,1.2504419702657084,33
3063,11,31,74,15,1.2464065422784565,16
3064,91,20,37,10,1.2413018923540677,10
3065,70,32,51,16,1.2403340780472845,16
3066,71,25,31,12,1.2380158081615484,13
3067,28,39,25,17,1.2338977751460145,22
3068,51,88,107,38,1.233524626679821,50
3069,95,14,57,8,1.2217973315472734,6
3070,55,17,41,8,1.220974525083998,9
3071,71,37,88,16,1.218508421155273,21
3072,54,25,18,12,1.2139969956731949,13
3073,15,43,65,20,1.2123297453931288,23
3074,58,16,63,9,1.2116740819179406,7
3075,25,33,97,16,1.2112097532933517,17
3076,47,12,76,8,1.2091645579998245,4
3077,3,15,46,8,1.2064770707138577,7
3078,28,65,5,32,1.2040234196998174,33
3079,16,40,90,20,1.1996783019349775,20
3080,20,20,76,11,1.195513412586339,9
3081,68,72,86,36,1.1937648271472945,36
3082,25,67,16,32,1.1932865297100734,35
3083,68,18,74,7,1.1930607364890244,11
3084,60,52,65,28,1.188933451233345,24
3085,98,15,60,7,1.188577253485572,8
3086,87,16,110,7,1.1878037867151132,9
3087,76,31,96,14,1.1853039288193863,17
3088,91,10,72,5,1.1803412713045751,5
3089,89,16,104,8,1.1768798083300285,8
3090,33,12,77,6,1.1756675735500741,6
3091,63,51,11,22,1.1727104947557743,29
3092,72,25,11,13,1.1711150062714097,12
3093,106,22,43,11,1.1696814793934984,11
3094,44,13,75,7,1.169380882277211,6
3095,86,36,18,16,1.16255605324444,20
3096,77,30,18,13,1.157226861340675,17
3097,86,40,77,19,1.1566241794767065,21
3098,111,32,16,16,1.1556733242940576,16
3099,70,24,41,13,1.154537329956712,11
3100,17,33,50,17,1.1518911540029002,16
3101,79,17,7,8,1.150116600366683,9
3102,107,42,97,20,1.1486858251368084,22
3103,17,10,33,5,1.1464162819529016,5
3104,23,48,86,23,1.1432023432243956,25
3105,64,20,45,9,1.1431500338693177,11
3106,8,14,56,7,1.138262181129431,7
3107,13,57,53,26,1.137975375986167,31
3108,107,43,18,23,1.1371611267925203,20
3109,8,11,89,5,1.131548934159431,6
3110,36,26,106,13,1.1307287364062795,13
3111,3,26,31,14,1.1304098830558913,12
3112,79,17,88,8,1.1249704502892566,9
3113,69,28,19,13,1.12274464710603,15
3114,28,25,57,12,1.1208866402447313,13
3115,50,69,54,34,1.1176760529666152,35
3116,29,19,7,7,1.117067463392933,12
3117,100,14,61,7,1.1138239851805005,7
3118,64,25,100,11,1.1138218909114477,14
3119,40,16,109,7,1.112646763896167,9
3120,38,33,13,18,1.1108156926864952,15
3121,73,13,55,6,1.1082443575059628,7
3122,4,32,107,15,1.1053879522342496,17
3123,91,12,47,6,1.1047106963660323,6
3124,40,19,45,9,1.104353122593122,10
3125,96,18,2,9,1.1039761816908875,9
3126,70,39,106,20,1.1024614638047314,19
3127,18,35,41,18,1.098384167284529,17
3128,87,67,54,31,1.096810042612388,36
3129,43,19,8,10,1.0911231586466432,9
3130,69,33,3,14,1.0888853625585373,19
3131,30,60,19,28,1.0855804613556934,32
3132,15,15,17,8,1.0855800690980384,7
3133,16,127,13,59,1.078633988283977,68
3134,19,30,57,15,1.0764867469339017,15
3135,68,47,3,24,1.0761989543068324,23
3136,75,27,74,12,1.0761366724331511,15
3137,64,19,97,9,1.0748997556853976,10
3138,8,42,100,20,1.0739605367491156,22
3139,28,61,109,28,1.0738097371372834,33
3140,9,16,97,9,1.0715415510849877,7
3141,67,20,37,9,1.070770052763525,11
3142,103,21,76,12,1.0703262069804265,9
3143,58,14,71,7,1.0679524363994424,7
3144,16,23,45,10,1.0631054695423379,13
3145,57,15,49,7,1.060251690481505,8
3146,100,14,44,7,1.0590413147864144,7
3147,71,18,45,10,1.0500246166344471,8
3148,107,73,63,39,1.0499479505653528,34
3149,104,16,33,7,1.0375486456158094,9
3150,80,17,60,9,1.0365050448794264,8
3151,39,66,65,34,1.0335708222911977,32
3152,104,38,74,17,1.0321539192468763,21
3153,63,20,44,9,1.0233184771026445,11
3154,64,12,90,6,1.0226762518657313,6
3155,79,13,9,7,1.0203716742776936,6
3156,8,31,49,16,1.0163230526739684,15
3157,64,15,77,6,1.014438241303679,9
3158,68,36,77,16,1.013857135217509,20
3159,20,17,85,8,1.0120202947249686,9
3160,91,20,18,9,1.0069076377111847,11
3161,45,12,88,5,1.005819520359159,7
3162,114,11,93,6,1.0049906589581667,5
3163,8,41,30,21,0.9972122086773991,20
3164,68,29,38,13,0.9956485324900232,16
3165,43,33,88,15,0.9947945347929822,18
3166,3,42,60,20,0.9913631554114472,22
3167,43,13,48,7,0.9891423928749106,6
3168,37,42,65,19,0.988736357368918,23
3169,20,13,27,6,0.9871413726704082,7
3170,69,32,107,15,0.9867318989974718,17
3171,54,19,112,9,0.9843355592348286,10
3172,7,81,41,40,0.9794700083084562,41
3173,11,30,43,15,0.9783180281739885,15
3174,93,19,84,8,0.9776365381665071,11
3175,68,15,102,7,0.9774478191416416,8
3176,107,65,5,32,0.9748363761521168,33
3177,70,10,62,5,0.9747108971050832,5
3178,78,12,9,6,0.9745877106891233,6
3179,63,52,87,24,0.9694664805604988,28
3180,64,16,57,7,0.9686108755747885,9
3181,41,21,94,9,0.9669375303013759,12
3182,7,91,65,47,0.9659125099226098,44
3183,71,34,8,17,0.9628252268322728,17
3184,104,38,106,19,0.9604760273979267,19
3185,47,10,94,5,0.9596390773110727,5
3186,106,11,103,6,0.9583580547252463,5
3187,90,27,60,12,0.9548038662340522,15
3188,63,23,53,11,0.9461903574639025,12
3189,18,34,60,17,0.9344074833355396,17
3190,3,30,9,15,0.9265694640511716,15
3191,55,24,4,12,0.9256101911535765,12
3192,95,32,7,15,0.9236786450564196,17
3193,29,16,43,8,0.9196986818795099,8
3194,75,27,114,13,0.9181862737012535,14
3195,39,14,1,5,0.9120351629887123,9
3196,29,42,107,17,0.9105376441853287,25
3197,36,35,75,19,0.9076169876586814,16
3198,76,28,102,13,0.9068567870201522,15
3199,29,12,12,6,0.9066091071417807,6
3200,6,14,50,7,0.9048960894988062,7
3201,77,16,95,8,0.9045800015217476,8
3202,60,12,111,7,0.901998030050083,5
3203,62,14,50,6,0.9017457082495477,8
3204,78,17,55,9,0.9002458878614119,8
3205,30,52,27,26,0.8997232050548485,26
3206,107,91,28,43,0.8970764795683025,48
3207,86,57,9,29,0.8962993918202342,28
3208,39,24,70,11,0.8958543413772162,13
3209,106,71,28,34,0.8945808420172994,37
3210,39,54,55,25,0.8915312651875593,29
3211,27,63,51,30,0.888138361606474,33
3212,9,19,69,9,0.8879210172039291,10
3213,27,48,11,23,0.8856386812161117,25
3214,93,13,3,5,0.8808947328421434,8
3215,83,21,88,11,0.8798897555023121,10
3216,108,22,27,10,0.8747778872887865,12
3217,41,15,48,7,0.8735829617761527,8
3218,66,12,27,6,0.8729397609022103,6
3219,27,15,1,6,0.8721383199452204,9
3220,68,87,51,40,0.8717843607335442,47
3221,57,22,68,10,0.871674240734193,12
3222,60,17,84,10,0.8716143564890761,7
3223,46,34,87,15,0.8711353256142379,19
3224,100,13,58,6,0.8673966834538442,7
3225,54,111,65,54,0.8660420311677451,57
3226,10,10,114,4,0.8617397018011357,6
3227,74,56,16,28,0.8538133530273738,28
3228,41,12,38,5,0.8514389884122157,7
3229,33,15,95,7,0.8491128905949068,8
3230,63,17,45,8,0.8485113101880837,9
3231,77,29,65,15,0.8469999765931033,14
3232,86,73,3,36,0.8467515042965821,37
3233,8,31,48,15,0.8434410970737376,16
3234,79,23,84,11,0.8428978656974995,12
3235,15,40,68,18,0.8301294650347959,22
3236,2,16,46,8,0.8285194662826778,8
3237,29,12,106,6,0.8264692442725412,6
3238,60,19,89,8,0.8241130711838894,11
3239,39,47,47,22,0.8229209887256965,25
3240,84,15,95,7,0.8218033746912392,8
3241,39,53,41,28,0.8210630021649841,25
3242,114,19,45,9,0.820568913201756,10
3243,57,18,20,9,0.8178941572060074,9
3244,23,11,19,5,0.8175991137149171,6
3245,56,14,40,7,0.8062835825274118,7
3246,30,26,40,13,0.8045580871786273,13
3247,86,85,20,41,0.8016884889387337,44
3248,98,11,62,5,0.7995773049352709,6
3249,2,22,88,11,0.7956469041111253,11
3250,1,36,107,18,0.792741418555241,18
3251,28,16,89,7,0.7901986413516666,9
3252,75,14,33,6,0.7900898585820573,8
3253,41,21,46,11,0.7882087764921283,10
3254,4,18,104,10,0.7872554057904755,8
3255,100,53,30,25,0.7833305207085353,28
3256,43,20,68,9,0.7807661871695073,11
3257,87,22,99,10,0.7762165713325079,12
3258,88,32,69,15,0.7753807063240763,17
3259,23,24,15,12,0.7675683844637372,12
3260,58,15,50,8,0.7660630045931233,7
3261,47,27,65,13,0.7649117411143579,14
3262,98,30,16,14,0.7648701561615461,16
3263,95,55,86,25,0.7570140635444287,30
3264,57,14,91,6,0.7523919124216624,8
3265,8,68,37,34,0.7513899671656665,34
3266,14,15,13,6,0.751185424264851,9
3267,78,12,81,7,0.751126821320363,5
3268,98,22,100,10,0.7471432837189802,12
3269,46,24,84,11,0.7446057703540031,13
3270,36,13,74,5,0.7437175733038418,8
3271,109,27,106,14,0.7430675694349274,13
3272,87,12,42,6,0.7422048267307435,6
3273,38,22,64,11,0.7416758999099181,11
3274,94,24,86,12,0.7404864736135068,12
3275,7,12,108,5,0.7404080910313966,7
3276,25,24,15,13,0.7394428200536313,11
3277,40,77,86,36,0.735275767181436,41
3278,28,57,11,27,0.733863128330741,30
3279,34,22,3,10,0.733728273284704,12
3280,19,34,65,17,0.7329370882543191,17
3281,95,41,5,21,0.7316066534315495,20
3282,27,13,99,7,0.7284055341482011,6
3283,71,10,96,5,0.7278695572627853,5
3284,57,10,4,4,0.7276499847388465,6
3285,3,34,88,17,0.7248549621567527,17
3286,15,22,64,10,0.7194942356138029,12
3287,51,38,43,20,0.7192859319153487,18
3288,37,51,28,24,0.7168710662114339,27
3289,61,18,40,9,0.715489570683085,9
3290,51,19,48,8,0.7142524379704616,11
3291,8,72,106,37,0.7133251026811394,35
3292,43,18,71,10,0.7122285277146779,8
3293,51,37,12,18,0.7101916786560039,19
3294,87,65,3,31,0.7099913561428406,34
3295,106,18,27,7,0.7074485049679642,11
3296,41,20,54,10,0.7052079558025968,10
3297,91,10,49,5,0.7029955830398265,5
3298,90,15,74,6,0.6948431634826372,9
3299,50,29,9,14,0.6932669196756267,15
3300,100,19,85,9,0.692145009111035,10
3301,69,27,11,14,0.6919460086860773,13
3302,16,67,57,31,0.6906915567323977,36
3303,88,17,48,7,0.6890250559346728,10
3304,68,75,27,36,0.6873238062883651,39
3305,78,29,84,15,0.6870815538251351,14
3306,18,19,25,10,0.6816652439852796,9
3307,79,16,3,9,0.6788187325928862,7
3308,66,15,9,7,0.6778609704226946,8
3309,29,13,79,5,0.6757838864896741,8
3310,50,10,38,4,0.6752935140977933,6
3311,71,24,55,13,0.6670673084821276,11
3312,100,52,39,26,0.6658898769470707,26
3313,23,16,30,8,0.6629370475303453,8
3314,72,11,42,5,0.6594494220784329,6
3315,68,76,65,38,0.6569278898882531,38
3316,63,32,78,15,0.6511427448806575,17
3317,49,34,7,16,0.6498930091293172,18
3318,75,50,88,24,0.6490595256191717,26
3319,2,10,109,5,0.6444253237530845,5
3320,72,12,62,6,0.6413947117031077,6
3321,85,15,69,7,0.6408165415497196,8
3322,25,25,41,14,0.6394054706376694,11
3323,6,18,51,10,0.6381605805799537,8
3324,111,17,36,8,0.6365354853619519,9
3325,108,31,86,14,0.6341080201843424,17
3326,33,29,16,16,0.6325119131101442,13
3327,13,34,20,16,0.6324978295967632,18
3328,4,28,64,13,0.6316212138641669,15
3329,18,30,12,15,0.6298488591277334,15
3330,38,20,29,10,0.6286324723530292,10
3331,109,30,84,14,0.6283430275726476,16
3332,36,33,71,17,0.6241330409639588,16
3333,47,34,87,16,0.6236835390952602,18
3334,78,55,16,27,0.6236468844692019,28
3335,87,42,15,20,0.6216688999746871,22
3336,9,17,81,8,0.6212818094890723,9
3337,40,12,38,5,0.617907919478443,7
3338,31,22,58,11,0.616855370373501,11
3339,91,16,70,7,0.6063303701253766,9
3340,69,17,20,8,0.6014949312373209,9
3341,63,15,34,7,0.6010869874219991,8
3342,71,32,106,15,0.6009609652453838,17
3343,111,10,12,6,0.6003907747378712,4
3344,71,10,23,4,0.6000287508458293,6
3345,79,22,8,10,0.596047638444006,12
3346,78,27,88,14,0.5921971540070259,13
3347,76,13,36,4,0.5885035889042637,9
3348,63,28,112,14,0.5834223269951258,14
3349,47,30,51,16,0.5820326521668331,14
3350,16,57,41,27,0.5807574878839267,30
3351,28,26,98,11,0.5775231479620817,15
3352,30,36,11,17,0.576194376752563,19
3353,88,60,9,29,0.5756732724314684,31
3354,41,32,75,17,0.57538170131953,15
3355,114,40,7,19,0.5741553045041325,21
3356,69,15,71,8,0.5724150990318982,7
3357,33,19,87,9,0.5691030268618874,10
3358,71,13,78,6,0.56619632387446,7
3359,83,10,2,5,0.5594397265150789,5
3360,92,17,7,7,0.5480230211986085,10
3361,64,29,54,15,0.5456745481805175,14
3362,13,47,109,24,0.5440660296724144,23
3363,35,14,13,7,0.5410242166059803,7
3364,106,10,1,5,0.5396528610114324,5
3365,74,46,87,23,0.5390692997145561,23
3366,6,22,107,11,0.5355439544398269,11
3367,15,49,19,24,0.5267892517184259,25
3368,64,14,12,7,0.5253918048327046,7
3369,4,24,77,12,0.5234491201479384,12
3370,74,14,27,8,0.5219215520059601,6
3371,60,18,83,9,0.5212906629660267,9
3372,30,22,106,11,0.5189588569615469,11
3373,112,10,66,4,0.5146742754382652,6
3374,112,20,51,10,0.5141422831615046,10
3375,4,18,9,9,0.5118055197130298,9
3376,49,33,15,18,0.510146584914854,15
3377,54,41,7,20,0.5072416292031929,21
3378,111,51,68,26,0.5032623987049997,25
3379,88,35,31,18,0.4999807976090581,17
3380,74,22,18,12,0.4929022250899433,10
3381,38,13,114,6,0.49067913419821746,7
3382,62,12,97,6,0.490051403125013,6
3383,19,16,58,8,0.4895753929310045,8
3384,84,80,107,39,0.48662393295564865,41
3385,88,40,20,21,0.4827222531499379,19
3386,39,57,15,30,0.48239145551833257,27
3387,7,19,48,10,0.48075396413828586,9
3388,95,28,74,13,0.4784255086028103,15
3389,25,51,39,26,0.47594650511842773,25
3390,7,60,18,31,0.4748651156903118,29
3391,63,42,5,18,0.4718441296207792,24
3392,65,54,31,26,0.4691388746969232,28
3393,7,10,22,5,0.46832977832412503,5
3394,5,10,78,6,0.46671252280804226,4
3395,12,18,50,7,0.46586470667488683,11
3396,106,101,86,50,0.4658315283344795,51
3397,86,81,54,41,0.46582318117547167,40
3398,104,38,76,20,0.4636043507636282,18
3399,65,58,12,30,0.46281952828017164,28
3400,65,11,21,6,0.46273082007848293,5
3401,107,36,46,19,0.458246310756249,17
3402,34,28,11,13,0.4540672405990076,15
3403,88,22,12,11,0.4517460006198077,11
3404,106,45,50,21,0.450853387486715,24
3405,13,33,112,17,0.44654566712440297,16
3406,30,37,54,18,0.4460275388884087,19
3407,7,78,39,40,0.44566273518626937,38
3408,80,11,9,7,0.4439834453330443,4
3409,90,15,11,7,0.4409004522210786,8
3410,107,67,60,34,0.4399094716611669,33
3411,40,49,63,25,0.43519783962840436,24
3412,87,44,64,23,0.43441817543517514,21
3413,40,43,31,22,0.4296271974626762,21
3414,107,32,85,16,0.42684494255397554,16
3415,27,15,61,8,0.4250644477983035,7
3416,112,18,69,10,0.4198013383725023,8
3417,5,14,38,7,0.41683785462955975,7
3418,31,33,86,17,0.41076921803924654,16
3419,96,39,55,20,0.40999901205957556,19
3420,50,18,79,9,0.40910464935228613,9
3421,17,11,26,5,0.4065653808604262,6
3422,86,96,65,50,0.40368789145134226,46
3423,35,16,30,8,0.40164153194297303,8
3424,7,18,72,9,0.3988238585283883,9
3425,104,15,20,8,0.39743988488785525,7
3426,61,16,65,9,0.3950505274193439,7
3427,87,22,52,12,0.39451305579519863,10
3428,102,14,84,7,0.3912018744364834,7
3429,8,13,44,6,0.3904420875790021,7
3430,50,19,89,9,0.3889433495588358,10
3431,69,30,36,15,0.38598798110098687,15
3432,79,12,78,6,0.38583207842589995,6
3433,87,78,88,40,0.3833417588154577,38
3434,11,65,107,31,0.3805355395730365,34
3435,114,28,71,14,0.3795577437704564,14
3436,37,13,48,6,0.3793970201456422,7
3437,70,22,97,12,0.3783758219642569,10
3438,14,18,84,8,0.3778390349649412,10
3439,63,27,60,13,0.37326617266532824,14
3440,16,38,108,18,0.3719110059341736,20
3441,40,21,75,10,0.3686371386700514,11
3442,95,26,28,12,0.36814720179538235,14
3443,8,32,76,15,0.36631050299304696,17
3444,54,83,107,42,0.3655524627632432,41
3445,92,18,13,7,0.36521745881562023,11
3446,43,11,90,5,0.3643101985935386,6
3447,28,14,44,8,0.3571298728778931,6
3448,34,13,75,6,0.35287672494659683,7
3449,108,11,69,7,0.3504283321129652,4
3450,63,11,82,5,0.34593533956848593,6
3451,53,41,51,21,0.34398118429468505,20
3452,94,16,33,8,0.34380946136701285,8
3453,111,12,18,6,0.34349474631160665,6
3454,106,14,66,6,0.34287379392296863,8
3455,17,12,69,6,0.3399205773020941,6
3456,84,19,91,9,0.338597737579075,10
3457,109,13,4,6,0.33809070228925237,7
3458,5,61,87,30,0.3370261398348081,31
3459,39,40,50,20,0.3358837847035394,20
3460,62,40,87,20,0.33210733906064327,20
3461,55,65,51,32,0.3317862409811213,33
3462,83,20,106,11,0.3316445649094074,9
3463,8,57,70,28,0.32660941887077904,29
3464,87,26,2,13,0.32619162405938884,13
3465,80,17,71,9,0.3237123360021252,8
3466,18,46,28,22,0.32313224084926334,24
3467,30,29,76,13,0.32009394084410403,16
3468,16,64,15,31,0.31940342910676434,33
3469,83,25,28,14,0.31931308670237557,11
3470,50,46,13,23,0.3183740832997801,23
3471,114,22,69,10,0.3170624988990175,12
3472,11,16,114,9,0.31453322621159063,7
3473,107,39,90,20,0.3131139201836661,19
3474,16,41,40,20,0.3129456302783174,21
3475,47,18,72,7,0.3127971548955407,11
3476,60,48,53,25,0.3118269913878406,23
3477,96,51,87,26,0.31095451157976556,25
3478,64,12,28,6,0.3078927557568371,6
3479,23,19,111,11,0.30722018824926817,8
3480,51,17,38,8,0.30308488501942854,9
3481,57,36,41,19,0.30106587435972065,17
3482,85,34,86,16,0.30043079848706666,18
3483,57,18,60,9,0.29997989841242795,9
3484,88,16,85,8,0.29964355304249035,8
3485,87,45,104,24,0.2989430528005182,21
3486,46,28,76,14,0.2977453961949545,14
3487,98,16,19,7,0.29311592538168885,9
3488,27,17,25,9,0.2912949474117434,8
3489,68,63,60,33,0.2853879784305839,30
3490,90,10,98,5,0.2818861887378333,5
3491,67,12,25,6,0.2816428039469052,6
3492,109,77,86,39,0.28147528023716856,38
3493,96,12,67,7,0.2799650125910983,5
3494,7,20,70,8,0.27895885562123496,12
3495,53,18,5,8,0.2778213329671466,10
3496,97,14,49,8,0.276775832531503,6
3497,51,54,9,26,0.2700079238709996,28
3498,36,11,38,4,0.2667921507986764,7
3499,22,16,109,8,0.26617483465115477,8
3500,63,23,15,11,0.2661717312718841,12
3501,17,15,91,7,0.26423233992702466,8
3502,43,22,114,12,0.26405625020379975,10
3503,37,22,76,12,0.2606095394442805,10
3504,39,19,4,9,0.2603628586605467,10
3505,104,22,17,11,0.2597220823510658,11
3506,16,20,85,11,0.25737423659678205,9
3507,4,32,68,16,0.2573095525279982,16
3508,4,16,30,8,0.2549680926160687,8
3509,40,25,47,14,0.24655985846699083,11
3510,39,11,93,6,0.24650819188031292,5
3511,69,43,51,22,0.24445202829272475,21
3512,88,25,93,14,0.2346836303137904,11
3513,93,13,51,7,0.23291171077771639,6
3514,65,10,101,5,0.22906131925900258,5
3515,79,31,48,16,0.22311337916674606,15
3516,82,15,28,8,0.2205286984952181,7
3517,37,38,88,19,0.21837047991817124,19
3518,17,21,84,10,0.21599839278237065,11
3519,3,26,55,13,0.21392472656945796,13
3520,7,99,107,54,0.2137364856426741,45
3521,53,21,44,9,0.21221133134211373,12
3522,2,37,86,17,0.21062883056177345,20
3523,6,11,100,6,0.20965402679156367,5
3524,43,21,50,9,0.20889556585366265,12
3525,33,13,74,6,0.2046546758624042,7
3526,13,91,49,41,0.20456085492387896,50
3527,106,20,48,10,0.20449983406695527,10
3528,109,21,48,11,0.19855252892549052,10
3529,78,27,43,13,0.19610749955046985,14
3530,107,61,74,29,0.19420996588142067,32
3531,112,18,72,9,0.19365171750841212,9
3532,19,21,112,11,0.19051106403814208,10
3533,104,17,23,10,0.18692044107224143,7
3534,44,15,65,6,0.18351226600641293,9
3535,51,40,20,18,0.18130039081952756,22
3536,50,25,114,12,0.18060110833647136,13
3537,29,29,78,14,0.17884626826337424,15
3538,78,33,11,15,0.17686665327079393,18
3539,20,48,8,24,0.17245365752257427,24
3540,87,76,30,38,0.1713724074732901,38
3541,106,28,100,13,0.1677556244233467,15
3542,87,77,39,38,0.16746421669476616,39
3543,13,80,86,38,0.16497427756503827,42
3544,75,57,65,29,0.16394853878537058,28
3545,86,21,89,9,0.16236612933606814,12
3546,17,29,68,15,0.16206629975870687,14
3547,74,20,108,11,0.16204972626611253,9
3548,7,51,4,26,0.16136746029798288,25
3549,69,21,109,10,0.15767877720671006,11
3550,7,16,83,7,0.15765677447455673,9
3551,79,14,55,7,0.15414527044248416,7
3552,68,51,63,25,0.14938742389458298,26
3553,68,41,104,21,0.14920589858094652,20
3554,86,87,30,45,0.14912511855332147,42
3555,51,17,85,8,0.1485089203425515,9
3556,55,17,29,9,0.14628936106624899,8
3557,37,41,114,19,0.14487606275647452,22
3558,60,32,81,16,0.14477837213122569,16
3559,49,27,9,15,0.1403485015412945,12
3560,73,10,25,5,0.13287312364388484,5
3561,8,23,29,13,0.13090801982125785,10
3562,33,16,114,9,0.1306594611288726,7
3563,69,25,7,13,0.12779683769017072,12
3564,88,65,46,31,0.12160552196414671,34
3565,11,68,39,35,0.11779483587364575,33
3566,80,23,84,12,0.11286096846693006,11
3567,38,36,86,18,0.11234861801277478,18
3568,114,46,16,24,0.1111036842805655,22
3569,68,10,79,4,0.11002938828097016,6
3570,17,34,39,16,0.10903300833788604,18
3571,103,22,29,12,0.10854405086209162,10
3572,62,29,27,13,0.10851630079450583,16
3573,97,10,94,6,0.10576953599255426,4
3574,11,10,73,5,0.1054273387277771,5
3575,2,18,84,9,0.10504403066305122,9
3576,87,59,55,30,0.10393392000771386,29
3577,15,26,104,13,0.10344391765702249,13
3578,100,19,17,8,0.1033034771886362,11
3579,13,24,45,12,0.09910833731151314,12
3580,26,12,87,6,0.09714980507366633,6
3581,86,30,53,13,0.09593092236921533,17
3582,74,39,25,20,0.09563368284675952,19
3583,114,29,36,13,0.0921312858778607,16
3584,69,39,87,21,0.09088060537985033,18
3585,86,81,39,42,0.08786721659463938,39
3586,114,48,104,25,0.08363522002227851,23
3587,84,37,88,17,0.08333477514829642,20
3588,47,14,19,7,0.08237732780024944,7
3589,62,10,95,5,0.0814782186148065,5
3590,97,36,74,17,0.07931920932357457,19
3591,74,43,54,21,0.07806324953233126,22
3592,106,21,40,10,0.0680825308022658,11
3593,29,26,11,13,0.06414652404707756,13
3594,107,71,114,36,0.06336114924955752,35
3595,57,15,104,6,0.0631456146283403,9
3596,39,52,63,30,0.0630675230274347,22
3597,75,46,55,21,0.06023477871620806,25
3598,81,18,68,9,0.059362153841556325,9
3599,73,16,106,8,0.047003862193632395,8
3600,83,17,51,10,0.04607341431682118,7
3601,31,11,97,5,0.04256244744109594,6
3602,9,10,73,5,0.04170228259349536,5
3603,112,12,12,7,0.037452763165636206,5
3604,57,49,78,25,0.035769009908324774,24
3605,50,62,86,33,0.030498116430368122,29
3606,31,11,8,5,0.02937900525924807,6
3607,77,25,29,12,0.024466029711668325,13
3608,65,39,11,20,0.02225019372157458,19
3609,13,111,65,54,0.01458893693313318,57
3610,80,18,8,10,0.01264063172158774,8
3611,109,17,83,7,0.009729329647016893,10
3612,85,15,11,7,0.009683215318296827,8
3613,103,11,37,7,0.007502098361167048,4
3614,37,11,103,4,-0.007502098361167694,7
3615,106,47,76,26,-0.009505075346388465,21
3616,11,15,85,8,-0.009683215318296353,7
3617,83,17,109,10,-0.009729329647015561,7
3618,8,18,80,8,-0.012640631721588136,10
3619,65,111,13,57,-0.014588936933132663,54
3620,11,39,65,19,-0.022250193721574954,20
3621,29,25,77,13,-0.02446602971166854,12
3622,8,11,31,6,-0.02937900525924678,5
3623,86,62,50,29,-0.03049811643036875,33
3624,78,49,57,24,-0.03576900990832448,25
3625,12,12,112,5,-0.037452763165636206,7
3626,73,10,9,5,-0.04170228259349358,5
3627,97,11,31,6,-0.04256244744109594,5
3628,51,17,83,7,-0.04607341431682181,10
3629,106,16,73,8,-0.04700386219363217,8
3630,68,18,81,9,-0.059362153841556325,9
3631,55,46,75,25,-0.060234778716207416,21
3632,63,52,39,22,-0.06306752302743374,30
3633,104,15,57,9,-0.06314561462833927,6
3634,114,71,107,35,-0.06336114924955756,36
3635,11,26,29,13,-0.06414652404707812,13
3636,40,21,106,11,-0.06808253080226648,10
3637,54,43,74,22,-0.0780632495323316,21
3638,74,36,97,19,-0.07931920932357497,17
3639,95,10,62,5,-0.08147821861480545,5
3640,19,14,47,7,-0.08237732780024842,7
3641,88,37,84,20,-0.08333477514829642,17
3642,104,48,114,23,-0.08363522002227874,25
3643,39,81,86,39,-0.08786721659463974,42
3644,87,39,69,18,-0.09088060537984924,21
3645,36,29,114,16,-0.09213128587785951,13
3646,25,39,74,19,-0.09563368284675924,20
3647,53,30,86,17,-0.09593092236921522,13
3648,87,12,26,6,-0.09714980507366781,6
3649,45,24,13,12,-0.09910833731151285,12
3650,17,19,100,11,-0.10330347718863582,8
3651,104,26,15,13,-0.1034439176570201,13
3652,55,59,87,29,-0.10393392000771247,30
3653,84,18,2,9,-0.10504403066305122,9
3654,73,10,11,5,-0.10542733872777674,5
3655,94,10,97,4,-0.10576953599255319,6
3656,27,29,62,16,-0.10851630079450558,13
3657,29,22,103,10,-0.10854405086209194,12
3658,39,34,17,18,-0.10903300833788687,16
3659,79,10,68,6,-0.11002938828097086,4
3660,16,46,114,22,-0.1111036842805667,24
3661,86,36,38,18,-0.11234861801277586,18
3662,84,23,80,11,-0.11286096846693021,12
3663,39,68,11,33,-0.11779483587364424,35
3664,46,65,88,34,-0.12160552196414537,31
3665,7,25,69,12,-0.12779683769017072,13
3666,114,16,33,7,-0.13065946112887206,9
3667,29,23,8,10,-0.13090801982125802,13
3668,25,10,73,5,-0.13287312364388448,5
3669,9,27,49,12,-0.1403485015412958,15
3670,81,32,60,16,-0.14477837213122557,16
3671,114,41,37,22,-0.14487606275647522,19
3672,29,17,55,8,-0.14628936106624899,9
3673,85,17,51,9,-0.14850892034255025,8
3674,30,87,86,42,-0.14912511855331992,45
3675,104,41,68,20,-0.14920589858094577,21
3676,63,51,68,26,-0.14938742389458398,25
3677,55,14,79,7,-0.1541452704424852,7
3678,83,16,7,9,-0.15765677447455717,7
3679,109,21,69,11,-0.15767877720670972,10
3680,4,51,7,25,-0.16136746029798252,26
3681,108,20,74,9,-0.16204972626611233,11
3682,68,29,17,14,-0.16206629975870612,15
3683,89,21,86,12,-0.1623661293360683,9
3684,65,57,75,28,-0.16394853878537097,29
3685,86,80,13,42,-0.16497427756503852,38
3686,39,77,87,39,-0.16746421669476472,38
3687,100,28,106,15,-0.1677556244233485,13
3688,30,76,87,38,-0.1713724074732899,38
3689,8,48,20,24,-0.17245365752257383,24
3690,11,33,78,18,-0.17686665327079298,15
3691,78,29,29,15,-0.17884626826337485,14
3692,114,25,50,13,-0.18060110833647136,12
3693,20,40,51,22,-0.18130039081952506,18
3694,65,15,44,9,-0.18351226600641318,6
3695,23,17,104,7,-0.186920441072241,10
3696,112,21,19,10,-0.19051106403814258,11
3697,72,18,112,9,-0.1936517175084127,9
3698,43,27,78,14,-0.19610749955046944,13
3699,48,21,109,10,-0.19855252892548947,11
3700,49,91,13,50,-0.2045608549238785,41
3701,74,13,33,7,-0.2046546758624053,6
3702,50,21,43,12,-0.20889556585365976,9
3703,100,11,6,5,-0.20965402679156336,6
3704,86,37,2,20,-0.21062883056177364,17
3705,44,21,53,12,-0.2122113313421144,9
3706,107,99,7,45,-0.21373648564267406,54
3707,55,26,3,13,-0.21392472656945763,13
3708,84,21,17,11,-0.21599839278237148,10
3709,88,38,37,19,-0.21837047991817116,19
3710,28,15,82,7,-0.2205286984952181,8
3711,48,31,79,15,-0.22311337916674676,16
3712,101,10,65,5,-0.22906131925900355,5
3713,51,13,93,6,-0.2329117107777153,7
3714,93,25,88,11,-0.23468363031378975,14
3715,51,43,69,21,-0.24445202829272533,22
3716,93,11,39,5,-0.24650819188031328,6
3717,47,25,40,11,-0.2465598584669911,14
3718,30,16,4,8,-0.25496809261606845,8
3719,68,32,4,16,-0.25730955252800053,16
3720,85,20,16,9,-0.25737423659678205,11
3721,17,22,104,11,-0.2597220823510663,11
3722,4,19,39,10,-0.26036285866054654,9
3723,76,22,37,10,-0.2606095394442805,12
3724,114,22,43,10,-0.2640562502037996,12
3725,91,15,17,8,-0.2642323399270249,7
3726,15,23,63,12,-0.2661717312718839,11
3727,109,16,22,8,-0.2661748346511539,8
3728,38,11,36,7,-0.26679215079867674,4
3729,9,54,51,28,-0.2700079238710004,26
3730,49,14,97,6,-0.27677583253150245,8
3731,5,18,53,10,-0.27782133296714684,8
3732,70,20,7,12,-0.2789588556212364,8
3733,67,12,96,5,-0.2799650125910977,7
3734,86,77,109,38,-0.28147528023716845,39
3735,25,12,67,6,-0.2816428039469052,6
3736,98,10,90,5,-0.2818861887378329,5
3737,60,63,68,30,-0.2853879784305837,33
3738,11,43,76,22,-0.28742435081533274,21
3739,25,17,27,8,-0.29129494741174317,9
3740,19,16,98,9,-0.29311592538168973,7
3741,76,28,46,14,-0.297745396194955,14
3742,104,45,87,21,-0.2989430528005174,24
3743,85,16,88,8,-0.2996435530424907,8
3744,60,18,57,9,-0.29997989841242956,9
3745,86,34,85,18,-0.30043079848706633,16
3746,41,36,57,17,-0.3010658743597214,19
3747,38,17,51,9,-0.303084885019429,8
3748,111,19,23,8,-0.3072201882492683,11
3749,28,12,64,6,-0.3078927557568362,6
3750,87,51,96,25,-0.3109545115797648,26
3751,53,48,60,23,-0.3118269913878415,25
3752,72,18,47,11,-0.3127971548955407,7
3753,40,41,16,21,-0.3129456302783173,20
3754,114,16,11,7,-0.3145332262115904,9
3755,69,22,114,12,-0.3170624988990179,10
3756,13,46,50,23,-0.31837408329978034,23
3757,28,25,83,11,-0.31931308670237585,14
3758,15,64,16,33,-0.3194034291067632,31
3759,76,29,30,16,-0.3200939408441028,13
3760,28,46,18,24,-0.3231322408492643,22
3761,71,17,80,8,-0.32371233600212634,9
3762,2,26,87,13,-0.326191624059389,13
3763,70,57,8,29,-0.32660941887077916,28
3764,106,20,83,9,-0.33164456490940797,11
3765,51,65,55,33,-0.3317862409811193,32
3766,87,40,62,20,-0.33210733906064416,20
3767,50,40,39,20,-0.3358837847035414,20
3768,87,61,5,31,-0.3370261398348085,30
3769,4,13,109,7,-0.33809070228925137,6
3770,91,19,84,10,-0.33859773757907446,9
3771,69,12,17,6,-0.3399205773020955,6
3772,66,14,106,8,-0.34287379392296813,6
3773,18,12,111,6,-0.3434947463116063,6
3774,33,16,94,8,-0.3438094613670113,8
3775,51,41,53,20,-0.34398118429468527,21
3776,82,11,63,6,-0.3459353395684866,5
3777,69,11,108,4,-0.3504283321129657,7
3778,75,13,34,7,-0.35287672494659683,6
3779,44,14,28,6,-0.35712987287789527,8
3780,90,11,43,6,-0.3643101985935379,5
3781,13,18,92,11,-0.3652174588156216,7
3782,107,83,54,41,-0.36555246276324344,42
3783,76,32,8,17,-0.3663105029930477,15
3784,28,26,95,14,-0.3681472017953835,12
3785,75,21,40,11,-0.36863713867005155,10
3786,108,38,16,20,-0.37191100593417414,18
3787,60,27,63,14,-0.3732661726653274,13
3788,84,18,14,10,-0.37783903496494214,8
3789,16,29,102,15,-0.37795834144692964,14
3790,97,22,70,10,-0.37837582196425723,12
3791,48,13,37,7,-0.3793970201456411,6
3792,71,28,114,14,-0.3795577437704577,14
3793,88,78,87,38,-0.38334175881545873,40
3794,78,12,79,6,-0.3858320784259002,6
3795,36,30,69,15,-0.38598798110098714,15
3796,89,19,50,10,-0.3889433495588358,9
3797,44,13,8,7,-0.39044208757900134,6
3798,84,14,102,7,-0.39120187443648163,7
3799,52,22,87,10,-0.394513055795197,12
3800,65,16,61,7,-0.3950505274193441,9
3801,20,15,104,7,-0.3974398848878548,8
3802,72,18,7,9,-0.39882385852838764,9
3803,30,16,35,8,-0.401641531942974,8
3804,65,96,86,46,-0.4036878914513449,50
3805,26,11,17,6,-0.4065653808604267,5
3806,79,18,50,9,-0.40910464935228674,9
3807,55,39,96,19,-0.4099990120595754,20
3808,86,33,31,16,-0.4107692180392456,17
3809,38,14,5,7,-0.41683785462955825,7
3810,69,18,112,8,-0.4198013383725037,10
3811,61,15,27,7,-0.42506444779830493,8
3812,85,32,107,16,-0.4268449425539753,16
3813,31,43,40,21,-0.4296271974626759,22
3814,64,44,87,21,-0.4344181754351757,23
3815,63,49,40,24,-0.4351978396284048,25
3816,60,67,107,33,-0.4399094716611665,34
3817,11,15,90,8,-0.4409004522210788,7
3818,9,11,80,4,-0.4439834453330441,7
3819,39,78,7,38,-0.44566273518626787,40
3820,54,37,30,19,-0.44602753888841007,18
3821,112,33,13,16,-0.44654566712440186,17
3822,50,45,106,24,-0.45085338748671533,21
3823,11,28,34,15,-0.4540672405990085,13
3824,46,36,107,17,-0.4582463107562494,19
3825,21,11,65,5,-0.4627308200784832,6
3826,12,58,65,28,-0.46281952828017253,30
3827,76,38,104,18,-0.46360435076362777,20
3828,54,81,86,40,-0.46582318117547183,41
3829,50,18,12,11,-0.46586470667488794,7
3830,78,10,5,4,-0.466712522808043,6
3831,22,10,7,5,-0.4683297783241262,5
3832,31,54,65,28,-0.46913887469692556,26
3833,5,42,63,24,-0.4718441296207794,18
3834,18,60,7,29,-0.47486511569031375,31
3835,39,51,25,25,-0.47594650511842646,26
3836,74,28,95,15,-0.47842550860281247,13
3837,48,19,7,9,-0.48075396413828564,10
3838,15,57,39,27,-0.4823914555183329,30
3839,107,80,84,41,-0.4866239329556469,39
3840,58,16,19,8,-0.4895753929310065,8
3841,97,12,62,6,-0.490051403125013,6
3842,114,13,38,7,-0.4906791341982179,6
3843,18,22,74,10,-0.4929022250899433,12
3844,31,35,88,17,-0.49998079760905945,18
3845,68,51,111,25,-0.5032623987049999,26
3846,7,41,54,21,-0.507241629203192,20
3847,15,33,49,15,-0.510146584914853,18
3848,9,18,4,9,-0.5118055197130301,9
3849,51,20,112,10,-0.5141422831615037,10
3850,66,10,112,6,-0.514674275438265,4
3851,106,22,30,11,-0.5189588569615463,11
3852,83,18,60,9,-0.521290662966027,9
3853,27,14,74,6,-0.5219215520059618,8
3854,77,24,4,12,-0.5234491201479363,12
3855,12,14,64,7,-0.5253918048327042,7
3856,19,49,15,25,-0.5267892517184269,24
3857,107,22,6,11,-0.5355439544398289,11
3858,87,46,74,23,-0.5390692997145571,23
3859,1,10,106,5,-0.5396528610114331,5
3860,13,14,35,7,-0.5410242166059793,7
3861,109,47,13,23,-0.5440660296724149,24
3862,54,29,64,14,-0.545674548180516,15
3863,7,17,92,10,-0.5480230211986078,7
3864,30,20,102,11,-0.548721890008086,9
3865,2,10,83,5,-0.5594397265150782,5
3866,78,13,71,7,-0.5661963238744604,6
3867,87,19,33,10,-0.5691030268618877,9
3868,71,15,69,7,-0.5724150990318982,8
3869,7,40,114,21,-0.5741553045041332,19
3870,75,32,41,15,-0.57538170131953,17
3871,9,60,88,31,-0.575673272431468,29
3872,11,36,30,19,-0.5761943767525608,17
3873,98,26,28,15,-0.5775231479620817,11
3874,41,57,16,30,-0.5807574878839261,27
3875,51,30,47,14,-0.5820326521668323,16
3876,112,28,63,14,-0.5834223269951251,14
3877,20,29,74,14,-0.5870486229107592,15
3878,36,13,76,9,-0.5885035889042627,4
3879,88,27,78,13,-0.5921971540070258,14
3880,8,22,79,12,-0.5960476384440053,10
3881,23,10,71,6,-0.6000287508458285,4
3882,12,10,111,4,-0.6003907747378694,6
3883,106,32,71,17,-0.6009609652453864,15
3884,34,15,63,8,-0.6010869874220004,7
3885,20,17,69,9,-0.6014949312373202,8
3886,70,16,91,9,-0.6063303701253768,7
3887,58,22,31,11,-0.6168553703734997,11
3888,38,12,40,7,-0.6179079194784425,5
3889,81,17,9,9,-0.6212818094890713,8
3890,15,42,87,22,-0.6216688999746874,20
3891,16,55,78,28,-0.6236468844692036,27
3892,87,34,47,18,-0.6236835390952605,16
3893,71,33,36,16,-0.6241330409639583,17
3894,84,30,109,16,-0.6283430275726473,14
3895,29,20,38,10,-0.6286324723530287,10
3896,12,30,18,15,-0.6298488591277334,15
3897,64,28,4,15,-0.6316212138641667,13
3898,20,34,13,18,-0.6324978295967627,16
3899,16,29,33,13,-0.6325119131101443,16
3900,20,16,93,9,-0.6327174645108355,7
3901,86,31,108,17,-0.6341080201843436,14
3902,36,17,111,9,-0.6365354853619519,8
3903,51,18,6,8,-0.6381605805799541,10
3904,41,25,25,11,-0.6394054706376703,14
3905,69,15,85,8,-0.6408165415497192,7
3906,62,12,72,6,-0.6413947117031077,6
3907,109,10,2,5,-0.6444253237530845,5
3908,88,50,75,26,-0.6490595256191716,24
3909,7,34,49,18,-0.6498930091293155,16
3910,78,32,63,17,-0.6511427448806584,15
3911,65,76,68,38,-0.6569278898882535,38
3912,42,11,72,6,-0.6594494220784332,5
3913,30,16,23,8,-0.6629370475303458,8
3914,39,52,100,26,-0.6658898769470701,26
3915,55,24,71,11,-0.6670673084821287,13
3916,38,10,50,6,-0.6752935140977925,4
3917,79,13,29,8,-0.6757838864896738,5
3918,9,15,66,8,-0.6778609704226952,7
3919,3,16,79,7,-0.6788187325928865,9
3920,25,19,18,9,-0.6816652439852798,10
3921,84,29,78,14,-0.6870815538251354,15
3922,27,75,68,39,-0.6873238062883658,36
3923,48,17,88,10,-0.6890250559346737,7
3924,57,67,16,36,-0.6906915567323956,31
3925,11,27,69,13,-0.6919460086860769,14
3926,85,19,100,10,-0.6921450091110348,9
3927,9,29,50,15,-0.6932669196756251,14
3928,74,15,90,9,-0.6948431634826367,6
3929,49,10,91,5,-0.7029955830398261,5
3930,54,20,41,10,-0.7052079558025973,10
3931,27,18,106,11,-0.7074485049679631,7
3932,3,65,87,34,-0.7099913561428384,31
3933,12,37,51,19,-0.7101916786560047,18
3934,71,18,43,8,-0.7122285277146747,10
3935,106,72,8,35,-0.7133251026811389,37
3936,48,19,51,11,-0.7142524379704612,8
3937,40,18,61,9,-0.7154895706830842,9
3938,28,51,37,27,-0.7168710662114356,24
3939,43,38,51,18,-0.7192859319153498,20
3940,64,22,15,12,-0.7194942356138038,10
3941,88,34,3,17,-0.7248549621567533,17
3942,4,10,57,6,-0.7276499847388429,4
3943,96,10,71,5,-0.7278695572627853,5
3944,99,13,27,6,-0.7284055341482,7
3945,5,41,95,20,-0.7316066534315485,21
3946,65,34,19,17,-0.7329370882543196,17
3947,3,22,34,12,-0.7337282732847011,10
3948,11,57,28,30,-0.7338631283307411,27
3949,86,77,40,41,-0.7352757671814358,36
3950,15,24,25,11,-0.7394428200536325,13
3951,108,12,7,7,-0.7404080910313966,5
3952,86,24,94,12,-0.7404864736135073,12
3953,64,22,38,11,-0.7416758999099166,11
3954,42,12,87,6,-0.7422048267307432,6
3955,106,27,109,13,-0.7430675694349284,14
3956,74,13,36,8,-0.743717573303843,5
3957,84,24,46,13,-0.7446057703540044,11
3958,100,22,98,12,-0.7471432837189799,10
3959,81,12,78,5,-0.7511268213203618,7
3960,13,15,14,9,-0.7511854242648529,6
3961,37,68,8,34,-0.7513899671656677,34
3962,91,14,57,8,-0.7523919124216641,6
3963,86,55,95,30,-0.7570140635444291,25
3964,16,30,98,16,-0.7648701561615456,14
3965,65,27,47,14,-0.7649117411143566,13
3966,50,15,58,7,-0.7660630045931237,8
3967,15,24,23,12,-0.7675683844637368,12
3968,69,32,88,17,-0.7753807063240763,15
3969,99,22,87,12,-0.7762165713325068,10
3970,68,20,43,11,-0.7807661871695073,9
3971,30,53,100,28,-0.7833305207085355,25
3972,104,18,4,8,-0.7872554057904768,10
3973,46,21,41,10,-0.7882087764921283,11
3974,33,14,75,8,-0.7900898585820583,6
3975,89,16,28,9,-0.790198641351668,7
3976,107,36,1,18,-0.7927414185552435,18
3977,88,22,2,11,-0.7956469041111253,11
3978,62,11,98,6,-0.7995773049352699,5
3979,20,85,86,44,-0.801688488938734,41
3980,40,26,30,13,-0.804558087178627,13
3981,40,14,56,7,-0.8062835825274137,7
3982,19,11,23,6,-0.8175991137149161,5
3983,20,18,57,9,-0.8178941572060072,9
3984,45,19,114,10,-0.8205689132017555,9
3985,41,53,39,25,-0.8210630021649834,28
3986,95,15,84,8,-0.8218033746912397,7
3987,47,47,39,25,-0.8229209887256974,22
3988,89,19,60,11,-0.8241130711838904,8
3989,106,12,29,6,-0.8264692442725412,6
3990,46,16,2,8,-0.8285194662826783,8
3991,68,40,15,22,-0.8301294650347947,18
3992,84,23,79,12,-0.8428978656974985,11
3993,48,31,8,16,-0.8434410970737373,15
3994,3,73,86,37,-0.8467515042965815,36
3995,65,29,77,14,-0.8469999765931033,15
3996,45,17,63,9,-0.8485113101880841,8
3997,95,15,33,8,-0.8491128905949085,7
3998,38,12,41,7,-0.851438988412215,5
3999,16,56,74,28,-0.8538133530273733,28
4000,114,10,10,6,-0.8617397018011352,4
4001,65,111,54,57,-0.8660420311677455,54
4002,58,13,100,7,-0.8673966834538457,6
4003,87,34,46,19,-0.8711353256142382,15
4004,84,17,60,7,-0.8716143564890748,10
4005,68,22,57,12,-0.8716742407341933,10
4006,51,87,68,47,-0.8717843607335438,40
4007,1,15,27,9,-0.87213831994522,6
4008,27,12,66,6,-0.8729397609022106,6
4009,48,15,41,8,-0.8735829617761531,7
4010,27,22,108,12,-0.8747778872887874,10
4011,88,21,83,10,-0.8798897555023121,11
4012,3,13,93,8,-0.8808947328421445,5
4013,11,48,27,25,-0.8856386812161113,23
4014,69,19,9,10,-0.887921017203931,9
4015,51,63,27,33,-0.8881383616064742,30
4016,55,54,39,29,-0.89153126518756,25
4017,28,71,106,37,-0.8945808420172991,34
4018,70,24,39,13,-0.8958543413772138,11
4019,9,57,86,28,-0.8962993918202332,29
4020,28,91,107,48,-0.897076479568304,43
4021,27,52,30,26,-0.8997232050548477,26
4022,55,17,78,8,-0.9002458878614126,9
4023,50,14,62,8,-0.9017457082495483,6
4024,111,12,60,5,-0.9019980300500823,7
4025,95,16,77,8,-0.9045800015217469,8
4026,50,14,6,7,-0.9048960894988056,7
4027,12,12,29,6,-0.9066091071417803,6
4028,75,35,36,16,-0.9076169876586808,19
4029,107,42,29,25,-0.9105376441853286,17
4030,1,14,39,9,-0.9120351629887133,5
4031,114,27,75,14,-0.9181862737012525,13
4032,43,16,29,8,-0.9196986818795114,8
4033,7,32,95,17,-0.9236786450564201,15
4034,4,24,55,12,-0.9256101911535772,12
4035,9,30,3,15,-0.9265694640511721,15
4036,60,34,18,17,-0.934407483335539,17
4037,53,23,63,12,-0.9461903574639031,11
4038,60,27,90,15,-0.9548038662340523,12
4039,103,11,106,5,-0.9583580547252478,6
4040,94,10,47,5,-0.959639077311073,5
4041,106,38,104,19,-0.960476027397927,19
4042,8,34,71,17,-0.9628252268322751,17
4043,65,91,7,44,-0.9659125099226101,47
4044,94,21,41,12,-0.9669375303013764,9
4045,57,16,64,9,-0.96861087557479,7
4046,87,52,63,28,-0.9694664805604988,24
4047,9,12,78,6,-0.9745877106891233,6
4048,62,10,70,5,-0.9747108971050835,5
4049,5,65,107,33,-0.9748363761521173,32
4050,102,15,68,8,-0.9774478191416431,7
4051,84,19,93,11,-0.9776365381665065,8
4052,43,30,11,15,-0.978318028173988,15
4053,41,81,7,41,-0.9794700083084553,40
4054,112,19,54,10,-0.9843355592348288,9
4055,107,32,69,17,-0.9867318989974727,15
4056,27,13,20,7,-0.9871413726704095,6
4057,65,42,37,23,-0.9887363573689177,19
4058,48,13,43,6,-0.9891423928749106,7
4059,60,42,3,22,-0.9913631554114459,20
4060,88,33,43,18,-0.9947945347929819,15
4061,38,29,68,16,-0.9956485324900239,13
4062,30,41,8,20,-0.9972122086773997,21
4063,93,11,114,5,-1.0049906589581687,6
4064,88,12,45,7,-1.0058195203591593,5
4065,18,20,91,11,-1.0069076377111847,9
4066,85,17,20,9,-1.0120202947249695,8
4067,77,36,68,20,-1.0138571352175099,16
4068,77,15,64,9,-1.0144382413036819,6
4069,49,31,8,15,-1.0163230526739686,16
4070,9,13,79,6,-1.0203716742776934,7
4071,90,12,64,6,-1.0226762518657317,6
4072,44,20,63,11,-1.023318477102645,9
4073,74,38,104,21,-1.0321539192468763,17
4074,65,66,39,32,-1.033570822291199,34
4075,60,17,80,8,-1.0365050448794266,9
4076,33,16,104,9,-1.0375486456158098,7
4077,63,73,107,34,-1.0499479505653528,39
4078,45,18,71,8,-1.050024616634447,10
4079,44,14,100,7,-1.0590413147864146,7
4080,49,15,57,8,-1.0602516904815051,7
4081,45,23,16,13,-1.0631054695423385,10
4082,71,14,58,7,-1.0679524363994422,7
4083,76,21,103,9,-1.0703262069804247,12
4084,37,20,67,11,-1.0707700527635227,9
4085,97,16,9,7,-1.0715415510849884,9
4086,109,61,28,33,-1.0738097371372815,28
4087,100,42,8,22,-1.0739605367491147,20
4088,97,19,64,10,-1.0748997556853979,9
4089,74,27,75,15,-1.0761366724331527,12
4090,3,47,68,23,-1.0761989543068324,24
4091,57,30,19,15,-1.0764867469339023,15
4092,13,127,16,68,-1.0786339882839757,59
4093,17,15,15,7,-1.085580069098038,8
4094,19,60,30,32,-1.0855804613556943,28
4095,3,33,69,19,-1.088885362558538,14
4096,8,19,43,9,-1.091123158646643,10
4097,54,67,87,36,-1.096810042612387,31
4098,41,35,18,17,-1.0983841672845305,18
4099,106,39,70,19,-1.1024614638047314,20
4100,2,18,96,9,-1.1039761816908868,9
4101,45,19,40,10,-1.1043531225931211,9
4102,47,12,91,6,-1.1047106963660316,6
4103,107,32,4,17,-1.1053879522342505,15
4104,55,13,73,7,-1.1082443575059626,6
4105,13,33,38,15,-1.1108156926864943,18
4106,86,101,106,52,-1.11125626745342,49
4107,109,16,40,9,-1.1126467638961661,7
4108,100,25,64,14,-1.1138218909114468,11
4109,61,14,100,7,-1.113823985180499,7
4110,7,19,29,12,-1.1170674633929336,7
4111,54,69,50,35,-1.117676052966614,34
4112,57,25,28,13,-1.1208866402447324,12
4113,19,28,69,15,-1.1227446471060296,13
4114,88,17,79,9,-1.1249704502892561,8
4115,31,26,3,12,-1.130409883055891,14
4116,106,26,36,13,-1.1307287364062797,13
4117,89,11,8,6,-1.131548934159431,5
4118,18,43,107,20,-1.13716112679252,23
4119,53,57,13,31,-1.1379753759861668,26
4120,56,14,8,7,-1.138262181129433,7
4121,45,20,64,11,-1.143150033869317,9
4122,86,48,23,25,-1.143202343224395,23
4123,33,10,17,5,-1.1464162819529,5
4124,97,42,107,22,-1.1486858251368084,20
4125,7,17,79,9,-1.1501166003666843,8
4126,50,33,17,16,-1.1518911540029013,17
4127,41,24,70,11,-1.1545373299567132,13
4128,16,32,111,16,-1.1556733242940573,16
4129,77,40,86,21,-1.1566241794767058,19
4130,20,24,30,13,-1.1568240129361167,11
4131,18,30,77,17,-1.157226861340676,13
4132,18,36,86,20,-1.1625560532444394,16
4133,75,13,44,6,-1.169380882277211,7
4134,43,22,106,11,-1.1696814793934978,11
4135,11,25,72,12,-1.17111500627141,13
4136,11,51,63,29,-1.1727104947557743,22
4137,77,12,33,6,-1.1756675735500741,6
4138,104,16,89,8,-1.1768798083300274,8
4139,72,10,91,5,-1.180341271304578,5
4140,96,31,76,17,-1.185303928819388,14
4141,110,16,87,9,-1.1878037867151126,7
4142,60,15,98,8,-1.1885772534855719,7
4143,65,52,60,24,-1.1889334512333447,28
4144,74,18,68,11,-1.1930607364890227,7
4145,16,67,25,35,-1.1932865297100739,32
4146,86,72,68,36,-1.193764827147294,36
4147,76,20,20,9,-1.195513412586338,11
4148,90,40,16,20,-1.199678301934978,20
4149,5,65,28,33,-1.204023419699817,32
4150,46,15,3,7,-1.2064770707138572,8
4151,76,12,47,4,-1.209164557999826,8
4152,97,33,25,17,-1.2112097532933537,16
4153,63,16,58,7,-1.2116740819179412,9
4154,65,43,15,23,-1.2123297453931292,20
4155,76,43,11,22,-1.213563414577552,21
4156,18,25,54,13,-1.2139969956731949,12
4157,88,37,71,21,-1.2185084211552721,16
4158,41,17,55,9,-1.2209745250839978,8
4159,57,14,95,6,-1.221797331547275,8
4160,107,88,51,50,-1.2335246266798214,38
4161,25,39,28,22,-1.2338977751460154,17
4162,93,21,107,10,-1.2375139728583175,11
4163,31,25,71,13,-1.2380158081615487,12
4164,51,32,70,16,-1.2403340780472845,16
4165,37,20,91,10,-1.2413018923540673,10
4166,74,31,11,16,-1.2464065422784565,15
4167,9,61,13,33,-1.2504419702657081,28
4168,13,74,41,38,-1.251763682954914,36
4169,13,42,17,21,-1.2570532505054302,21
4170,37,55,51,31,-1.258803253743601,24
4171,63,37,9,19,-1.258902370787797,18
4172,112,39,86,21,-1.2594712193458395,18
4173,49,18,114,8,-1.2604600332250737,10
4174,79,10,93,5,-1.2606355667564606,5
4175,18,20,81,10,-1.2612198373935393,10
4176,55,24,57,11,-1.2620925157379828,13
4177,14,15,107,7,-1.2621804963006722,8
4178,107,12,92,7,-1.2625916923530782,5
4179,65,15,52,7,-1.2628262153703227,8
4180,28,29,60,13,-1.2721110011472117,16
4181,1,11,71,5,-1.2732152302328026,6
4182,103,20,41,11,-1.2736208996736864,9
4183,91,10,34,5,-1.2767116469837234,5
4184,54,57,46,29,-1.2778066019254957,28
4185,107,59,96,32,-1.2779661064945875,27
4186,88,24,76,12,-1.287634772193649,12
4187,99,19,51,9,-1.289208240710447,10
4188,62,31,39,17,-1.2943420529811256,14
4189,4,39,88,20,-1.2949212207610556,19
4190,8,22,7,12,-1.2952715014492375,10
4191,30,41,51,21,-1.2955302637646595,20
4192,34,29,109,15,-1.295536012199795,14
4193,109,16,78,8,-1.301574274680268,8
4194,13,44,5,23,-1.3023509853743045,21
4195,17,16,38,8,-1.3036206431746913,8
4196,7,79,60,41,-1.3042648438735662,38
4197,114,28,41,14,-1.3073381080435666,14
4198,51,14,32,7,-1.3093866254236384,7
4199,107,20,89,11,-1.3096086727301648,9
4200,58,28,9,15,-1.3102681358218982,13
4201,9,52,68,27,-1.3104638696206719,25
4202,65,32,112,16,-1.312297716343949,16
4203,40,11,94,6,-1.3131730085845275,5
4204,23,21,54,11,-1.3133138976413512,10
4205,88,57,55,32,-1.3163784693707288,25
4206,63,111,65,58,-1.3193232513653719,53
4207,80,18,74,9,-1.3199661328668553,9
4208,54,36,84,19,-1.3202943615638323,17
4209,48,21,30,12,-1.323995388604317,9
4210,87,70,51,37,-1.330972144929201,33
4211,98,20,50,11,-1.3352874305531426,9
4212,78,29,30,15,-1.337073491942564,14
4213,23,10,6,5,-1.3385415186806273,5
4214,60,54,87,26,-1.3398118517112767,28
4215,104,44,8,23,-1.3410693202324977,21
4216,40,17,108,8,-1.3479697301696891,9
4217,88,37,97,19,-1.3490743629309023,18
4218,81,14,30,7,-1.3508923221630396,7
4219,51,33,23,17,-1.3518250657215223,16
4220,11,69,87,37,-1.3541146534502877,32
4221,70,33,104,17,-1.3582302540990816,16
4222,19,66,16,37,-1.3583707287410167,29
4223,40,35,41,17,-1.3586266453597045,18
4224,30,26,25,12,-1.3633847180345748,14
4225,76,47,106,22,-1.3637390504385927,25
4226,106,36,20,19,-1.371361503792123,17
4227,87,32,72,15,-1.3715852606368857,17
4228,41,30,106,15,-1.3806292559177735,15
4229,3,18,102,10,-1.3811952404449805,8
4230,29,11,36,5,-1.3837445576600507,6
4231,80,12,95,6,-1.3888115326852122,6
4232,107,65,11,35,-1.389011694446381,30
4233,41,44,63,23,-1.393059609593735,21
4234,98,12,74,6,-1.3941368131260956,6
4235,37,19,43,9,-1.3987886069982232,10
4236,95,17,70,8,-1.4011695857654893,9
4237,9,25,46,12,-1.4052752923291463,13
4238,103,35,87,17,-1.4056353484688908,18
4239,71,20,12,10,-1.4059148964814134,10
4240,34,32,13,16,-1.4073902567508705,16
4241,62,29,100,14,-1.409595492278533,15
4242,53,11,1,6,-1.4196819324858234,5
4243,45,35,36,16,-1.423273124508117,19
4244,16,45,34,25,-1.426108806031255,20
4245,39,21,34,11,-1.4278801146393896,10
4246,25,28,50,14,-1.4391705454909005,14
4247,97,21,20,10,-1.439527960881876,11
4248,69,33,65,17,-1.4425642416495132,16
4249,81,20,27,10,-1.4466821985929976,10
4250,39,44,75,21,-1.4473715172929773,23
4251,63,55,106,28,-1.448556681809941,27
4252,65,28,62,14,-1.4496341901836953,14
4253,80,33,65,17,-1.4513664238423445,16
4254,107,37,108,19,-1.4524982900970547,18
4255,90,14,91,7,-1.4536395590442823,7
4256,15,48,13,24,-1.4562082673117376,24
4257,83,23,25,13,-1.459720188055503,10
4258,47,21,31,11,-1.460613098071267,10
4259,51,64,40,33,-1.462465890119408,31
4260,3,24,71,13,-1.466820978005952,11
4261,69,13,6,6,-1.467256279566122,7
4262,7,24,35,12,-1.4676220715119488,12
4263,11,50,106,29,-1.475178627799442,21
4264,79,17,103,9,-1.476299618195366,8
4265,84,10,68,6,-1.4788993773509216,4
4266,17,38,37,22,-1.4799245104721017,16
4267,71,74,60,39,-1.4843115108657063,35
4268,95,10,27,6,-1.484742219213803,4
4269,109,15,47,8,-1.4902136420221872,7
4270,74,23,2,13,-1.4920197761473217,10
4271,112,26,87,13,-1.4920866605193068,13
4272,11,16,112,8,-1.4950492246382474,8
4273,86,53,15,28,-1.4957187251862376,25
4274,25,47,107,24,-1.4967278623744342,23
4275,109,47,87,26,-1.497154755790952,21
4276,5,52,46,28,-1.4974094901037531,24
4277,102,15,19,9,-1.4975662366291813,6
4278,86,61,57,31,-1.4989418983337994,30
4279,107,46,78,25,-1.4990563274999602,21
4280,89,10,54,6,-1.5037658090302162,4
4281,50,25,27,15,-1.504088460568275,10
4282,27,30,64,16,-1.506656484827703,14
4283,55,12,46,7,-1.5148590180899666,5
4284,102,15,39,8,-1.5161474318556918,7
4285,70,45,107,22,-1.5183987584852079,23
4286,61,22,3,14,-1.5200379980927687,8
4287,37,14,35,7,-1.5231317423105963,7
4288,27,66,13,34,-1.5277775268373563,32
4289,84,20,114,11,-1.5282826629009745,9
4290,58,24,60,12,-1.5296571105675618,12
4291,81,15,64,8,-1.5315551836921608,7
4292,53,13,29,8,-1.5317670028644699,5
4293,79,13,98,7,-1.5335435073226167,6
4294,11,21,94,10,-1.5369194320927215,11
4295,86,10,22,5,-1.5381482899799122,5
4296,23,10,103,5,-1.541573538059383,5
4297,9,32,60,18,-1.5417639078296765,14
4298,74,61,107,33,-1.5445233108407403,28
4299,86,126,107,66,-1.5463436947065834,60
4300,27,30,63,17,-1.548293986984764,13
4301,102,25,57,13,-1.5483760769806825,12
4302,11,20,80,10,-1.5532652275466878,10
4303,69,25,100,13,-1.5539300788324981,12
4304,34,37,17,18,-1.5555486001209158,19
4305,78,28,65,16,-1.5618772572286002,12
4306,88,18,89,9,-1.563661798526176,9
4307,8,88,86,43,-1.5679670065587519,45
4308,13,61,4,33,-1.5687606312733104,28
4309,88,34,96,17,-1.5755489762598094,17
4310,95,20,76,10,-1.5773440780858252,10
4311,90,22,55,10,-1.5786569524988743,12
4312,97,34,2,18,-1.581483466739766,16
4313,61,20,88,12,-1.5819478875432638,8
4314,13,77,39,41,-1.5839174058100352,36
4315,25,15,2,7,-1.5845186001024003,8
4316,39,38,57,19,-1.5884848488756724,19
4317,98,24,51,13,-1.5914965104039467,11
4318,78,28,72,13,-1.5935624135020876,15
4319,75,11,14,6,-1.594721022285634,5
4320,38,12,91,6,-1.5959128745414664,6
4321,57,11,12,6,-1.5971901748702373,5
4322,18,17,76,9,-1.6011095201796195,8
4323,41,27,43,14,-1.6064957153349544,13
4324,69,29,30,15,-1.6139022710932387,14
4325,80,14,17,8,-1.614004150921247,6
4326,87,17,44,9,-1.623927941164795,8
4327,88,46,106,26,-1.6248459493396543,20
4328,84,12,64,5,-1.627208224984681,7
4329,51,37,18,18,-1.6280086279913606,19
4330,86,28,35,16,-1.6302927109086052,12
4331,68,18,6,8,-1.6346986227731621,10
4332,18,26,104,15,-1.6361581237581888,11
4333,8,22,12,12,-1.6380907548377523,10
4334,88,60,41,33,-1.6397874376242183,27
4335,68,41,30,21,-1.6397998764136303,20
4336,55,93,8,46,-1.6439993285526449,47
4337,68,23,36,12,-1.6511686348202723,11
4338,1,30,41,17,-1.6558361653082898,13
4339,47,24,63,14,-1.6623324282821748,10
4340,74,47,37,24,-1.6628163329711194,23
4341,107,95,8,47,-1.6636951263902342,48
4342,33,19,54,11,-1.6683853925492602,8
4343,112,17,17,9,-1.6709980493790215,8
4344,31,28,45,15,-1.671087040669103,13
4345,84,45,87,25,-1.6712785926609635,20
4346,104,14,48,8,-1.6735118830252353,6
4347,7,45,63,27,-1.6735738766299257,18
4348,50,14,23,9,-1.6739476096476191,5
4349,64,19,17,10,-1.6742261514283465,9
4350,50,31,65,16,-1.6801621867417365,15
4351,88,83,8,43,-1.6811669912632214,40
4352,20,25,55,13,-1.682789944223457,12
4353,106,40,55,22,-1.6835382667235006,18
4354,28,20,73,10,-1.687006788072292,10
4355,95,17,63,9,-1.6923751834394962,8
4356,23,15,36,6,-1.697287527418564,9
4357,107,92,65,48,-1.69768300261879,44
4358,102,16,20,8,-1.698939123981487,8
4359,27,48,41,27,-1.7027939683459143,21
4360,57,15,85,8,-1.7034495534090837,7
4361,39,55,8,27,-1.7037491877850872,28
4362,55,67,86,36,-1.7078571022769593,31
4363,51,34,50,17,-1.708297555589138,17
4364,19,42,54,24,-1.7097451513299675,18
4365,60,21,108,11,-1.7101270340213663,10
4366,28,62,88,33,-1.710290859725632,29
4367,54,51,5,28,-1.712751834502299,23
4368,83,24,104,14,-1.7171480590838877,10
4369,11,19,77,10,-1.7198753848877157,9
4370,77,25,88,14,-1.7210000447837082,11
4371,43,36,27,19,-1.722415603396299,17
4372,28,10,77,5,-1.7274479044716256,5
4373,77,20,109,10,-1.7279763913588855,10
4374,1,24,60,13,-1.730552170717303,11
4375,68,13,32,8,-1.7311662598089272,5
4376,96,38,106,21,-1.7318320126651956,17
4377,44,27,16,15,-1.7334648777380282,12
4378,9,16,111,9,-1.7347101097492725,7
4379,112,23,9,13,-1.7370284161007248,10
4380,66,14,51,7,-1.7380363030144785,7
4381,88,37,36,21,-1.7392851936744365,16
4382,6,11,18,6,-1.741458460094483,5
4383,36,33,60,17,-1.7416473627060736,16
4384,107,23,79,13,-1.7474071801332414,10
4385,43,21,104,12,-1.7506051091420238,9
4386,18,37,88,19,-1.753919363939246,18
4387,5,98,37,51,-1.758075221984611,47
4388,88,47,64,26,-1.7611807290570662,21
4389,110,11,88,5,-1.7642228121429715,6
4390,72,42,16,22,-1.7658661909654954,20
4391,109,28,60,15,-1.770350118894973,13
4392,30,19,9,11,-1.7725720850396791,8
4393,69,21,50,10,-1.7758250016074677,11
4394,90,25,37,13,-1.7816453937181718,12
4395,13,18,89,9,-1.786869504777189,9
4396,46,27,97,14,-1.7888516310767928,13
4397,48,19,20,11,-1.788885742697511,8
4398,109,23,49,12,-1.790287045958622,11
4399,39,35,114,17,-1.7909993968165168,18
4400,27,37,34,19,-1.7945437454670508,18
4401,15,11,66,6,-1.795076326934553,5
4402,78,15,38,8,-1.799141314872416,7
4403,103,10,63,6,-1.7993918081481381,4
4404,16,50,112,26,-1.7995643538534876,24
4405,9,18,29,9,-1.8021042570677102,9
4406,31,34,51,20,-1.8036645224364254,14
4407,86,57,70,31,-1.8046372203949796,26
4408,25,22,36,11,-1.807144013826857,11
4409,111,18,40,9,-1.8104998545748772,9
4410,99,13,102,7,-1.8212893413036917,6
4411,79,37,86,20,-1.8233812794868027,17
4412,75,44,13,24,-1.82625422828726,20
4413,114,13,44,7,-1.8263733365516681,6
4414,43,53,16,29,-1.8269899397225602,24
4415,13,29,74,15,-1.8278354237299026,14
4416,20,22,95,11,-1.8350043196326247,11
4417,96,38,84,19,-1.8356486827006808,19
4418,88,30,92,16,-1.8365360092779854,14
4419,20,30,114,16,-1.839540566254469,14
4420,85,18,12,9,-1.8411131730635322,9
4421,73,13,50,8,-1.8439270323254189,5
4422,88,25,19,12,-1.8450287055712744,13
4423,97,22,53,12,-1.8492466822191038,10
4424,97,21,93,11,-1.8583722279909514,10
4425,33,13,60,8,-1.8644268792007352,5
4426,47,13,53,7,-1.867452050486345,6
4427,48,19,60,10,-1.8683774973367067,9
4428,92,15,104,7,-1.8690561053420156,8
4429,95,13,100,6,-1.8766563875169042,7
4430,61,12,39,7,-1.8832019184186646,5
4431,8,41,2,21,-1.884865447616968,20
4432,13,108,68,57,-1.8849483625328207,51
4433,30,16,96,9,-1.885074878690478,7
4434,64,23,25,12,-1.885723885284777,11
4435,51,26,103,13,-1.8863798028567014,13
4436,18,14,27,7,-1.887864132064807,7
4437,86,44,71,22,-1.8883807510456327,22
4438,98,12,85,7,-1.8929637615829242,5
4439,23,15,109,8,-1.8946632677651123,7
4440,99,27,55,15,-1.895072402151854,12
4441,76,35,50,16,-1.9009793811042346,19
4442,106,51,65,27,-1.9069424806899136,24
4443,1,38,68,20,-1.9099752765436626,18
4444,74,65,8,36,-1.912865606563874,29
4445,17,11,110,6,-1.9155371371930692,5
4446,106,32,97,16,-1.9159665785715099,16
4447,76,11,99,5,-1.9173589523208294,6
4448,18,21,114,11,-1.9235772497574435,10
4449,54,28,17,14,-1.9259736473512512,14
4450,103,20,15,10,-1.927347342572034,10
4451,40,19,70,11,-1.9276789997691235,8
4452,84,30,65,16,-1.9288646732683914,14
4453,76,26,41,12,-1.9323052199492383,14
4454,97,14,23,7,-1.933052873443659,7
4455,90,24,88,14,-1.9337285177286774,10
4456,98,10,32,5,-1.938005226383161,5
4457,7,49,71,24,-1.9387153694352721,25
4458,104,13,110,8,-1.938847445081051,5
4459,31,14,23,8,-1.9392936999416412,6
4460,55,20,25,11,-1.9429576796619983,9
4461,61,22,13,13,-1.9474617025071013,9
4462,64,34,36,17,-1.9485056781764574,17
4463,57,34,27,17,-1.9534766566361852,17
4464,86,30,19,15,-1.9572349198961299,15
4465,35,11,50,6,-1.9581460146246799,5
4466,78,21,41,12,-1.9597162558523098,9
4467,33,14,39,7,-1.9600955952261323,7
4468,97,11,80,6,-1.9631828964682283,5
4469,112,24,41,13,-1.9642201479007202,11
4470,91,33,28,18,-1.9649527402335243,15
4471,62,24,49,14,-1.9683725075755814,10
4472,3,22,23,12,-1.9704853033748797,10
4473,35,10,54,6,-1.970607603878344,4
4474,84,31,55,16,-1.972558144291078,15
4475,70,32,88,17,-1.97629343595963,15
4476,53,28,95,17,-1.9769373995573174,11
4477,79,12,100,7,-1.9822381822120907,5
4478,4,19,53,10,-1.9876947928926731,9
4479,67,18,34,8,-1.9956714706950724,10
4480,74,26,114,13,-1.9975972531686852,13
4481,50,39,8,22,-1.9997739229036215,17
4482,19,47,43,25,-2.0058094200599297,22
4483,97,22,83,10,-2.0076368732075736,12
4484,41,23,47,11,-2.0105282156718056,12
4485,102,29,16,15,-2.01250365528989,14
4486,70,29,68,15,-2.0151181581046322,14
4487,60,11,93,7,-2.0186296316322276,4
4488,10,10,111,6,-2.019460672769103,4
4489,90,37,8,21,-2.019464782071777,16
4490,17,27,114,16,-2.0211590753648663,11
4491,90,15,76,9,-2.024149829501993,6
4492,51,52,28,26,-2.0250173037261257,26
4493,13,11,32,6,-2.0261815070275415,5
4494,75,36,87,19,-2.026466463774077,17
4495,114,14,91,7,-2.031242634143404,7
4496,68,28,47,15,-2.031806001260119,13
4497,8,40,60,20,-2.033286998314092,20
4498,100,23,37,13,-2.038180899418235,10
4499,16,42,103,21,-2.0386614806371375,21
4500,93,18,11,8,-2.03919027808283,10
4501,7,14,12,7,-2.0405365521973633,7
4502,29,25,94,13,-2.054430963734077,12
4503,65,25,48,12,-2.0579371291305484,13
4504,57,19,9,10,-2.058380213538902,9
4505,60,20,62,10,-2.0597588787986405,10
4506,12,36,16,19,-2.0616700141062254,17
4507,20,11,89,6,-2.062580415003282,5
4508,51,66,3,33,-2.0636767558286078,33
4509,34,30,84,16,-2.067010635537675,14
4510,50,12,94,7,-2.0673259151868515,5
4511,62,19,54,10,-2.069305061209771,9
4512,68,33,19,18,-2.071954287534332,15
4513,23,20,27,10,-2.072262837137015,10
4514,30,22,57,11,-2.074211064897338,11
4515,51,14,44,9,-2.084874228955974,5
4516,72,14,66,8,-2.0852128177023075,6
4517,68,43,64,25,-2.086424402801581,18
4518,11,39,15,21,-2.088687983095317,18
4519,11,18,40,9,-2.0894421004610075,9
4520,8,22,97,11,-2.094799206270942,11
4521,55,34,83,17,-2.0962093979720233,17
4522,55,30,76,17,-2.101047736110318,13
4523,23,19,112,11,-2.1018527652621146,8
4524,46,18,64,10,-2.1047354778304097,8
4525,94,28,68,15,-2.106511062546954,13
4526,25,11,69,6,-2.1120597510852503,5
4527,70,11,53,6,-2.117480208536361,5
4528,63,24,49,12,-2.1212323385530256,12
4529,9,62,7,31,-2.12190310948229,31
4530,114,32,102,18,-2.1240842876015145,14
4531,77,19,23,10,-2.127501226522958,9
4532,43,10,98,6,-2.130277896443765,4
4533,41,37,60,18,-2.130524858613588,19
4534,8,77,54,44,-2.1325516335637458,33
4535,61,12,2,7,-2.1331085158076037,5
4536,30,19,72,10,-2.135720407901392,9
4537,102,26,8,13,-2.1358165667375646,13
4538,31,13,66,7,-2.1367157981218847,6
4539,39,39,71,21,-2.1402119009407663,18
4540,69,11,55,6,-2.141856565606561,5
4541,8,21,10,12,-2.1473150021467613,9
4542,53,13,23,7,-2.1639220781507684,6
4543,88,67,60,37,-2.1715375199885694,30
4544,68,46,41,24,-2.1718048075100542,22
4545,100,10,52,6,-2.1822522154052875,4
4546,106,35,68,19,-2.1936858069827916,16
4547,75,32,60,17,-2.194819750320694,15
4548,40,75,7,42,-2.1957521283064794,33
4549,56,12,91,6,-2.1992686471747738,6
4550,27,27,75,15,-2.203651126537083,12
4551,72,32,13,16,-2.2040070476145734,16
4552,11,20,33,9,-2.2044275894414644,11
4553,27,57,39,32,-2.206046236066585,25
4554,96,50,5,28,-2.21142719225076,22
4555,15,19,62,10,-2.2127139630397497,9
4556,30,14,47,6,-2.21366764689875,8
4557,84,23,75,12,-2.2186834285684554,11
4558,99,13,98,6,-2.221258167793369,7
4559,43,32,3,18,-2.2251556635342298,14
4560,25,16,90,9,-2.2261576936837106,7
4561,71,29,62,15,-2.2274966883750613,14
4562,65,18,46,11,-2.2329984780581085,7
4563,114,26,4,13,-2.2345648368573663,13
4564,65,11,108,5,-2.235257356991268,6
4565,103,13,77,7,-2.236670005317329,6
4566,107,61,68,31,-2.2392858218745877,30
4567,27,10,70,5,-2.2432632584575636,5
4568,70,52,16,29,-2.248690629015385,23
4569,19,17,8,9,-2.2502111874564155,8
4570,113,16,86,9,-2.251799072045514,7
4571,83,11,63,7,-2.2518527555220995,4
4572,74,29,20,16,-2.2532656544174667,13
4573,25,30,95,16,-2.253973143655665,14
4574,41,13,74,6,-2.2545650248033335,7
4575,17,16,98,8,-2.257246092539532,8
4576,72,21,107,11,-2.259582788109023,10
4577,106,62,87,32,-2.2622041017840124,30
4578,3,23,109,12,-2.262800410189064,11
4579,12,31,49,13,-2.2670465912319986,18
4580,7,12,85,7,-2.267272935114745,5
4581,96,66,28,35,-2.2674069446039304,31
4582,31,10,61,5,-2.2696136748473643,5
4583,68,108,7,58,-2.2702884441480418,50
4584,77,12,57,6,-2.2739735076992793,6
4585,74,14,40,8,-2.2751378053719047,6
4586,30,24,20,12,-2.2752224055021553,12
4587,11,47,50,25,-2.276023953743783,22
4588,92,14,65,7,-2.2769844774151675,7
4589,69,12,77,6,-2.279799370845894,6
4590,81,10,38,5,-2.281962126644993,5
4591,88,26,81,14,-2.2857834835265307,12
4592,16,16,73,8,-2.2869477637304083,8
4593,28,76,8,41,-2.287592590077328,35
4594,4,13,106,6,-2.2878834680443574,7
4595,5,24,100,13,-2.293242743404464,11
4596,50,42,63,23,-2.295098382996511,19
4597,7,20,80,11,-2.2986689861273364,9
4598,95,26,60,14,-2.300035058084819,12
4599,70,13,35,6,-2.304704787607643,7
4600,69,13,76,8,-2.308555624427584,5
4601,70,28,63,15,-2.309911464577443,13
4602,63,31,71,17,-2.3112629873314674,14
4603,96,58,8,31,-2.313991189820115,27
4604,91,32,88,17,-2.315767764685104,15
4605,87,18,111,10,-2.3163891448333644,8
4606,102,21,104,10,-2.3206272974702777,11
4607,50,35,84,18,-2.3257021134383264,17
4608,5,51,109,26,-2.3285813949081633,25
4609,53,28,25,14,-2.330151085469087,14
4610,16,85,11,50,-2.3305435804991337,35
4611,86,37,80,20,-2.3309612757843783,17
4612,107,78,39,41,-2.332273615581549,37
4613,3,20,58,12,-2.334774076867246,8
4614,45,10,78,5,-2.343791897433706,5
4615,16,74,104,40,-2.347076353273721,34
4616,77,74,60,39,-2.3488938761298788,35
4617,96,10,79,5,-2.3519921114573528,5
4618,87,34,90,17,-2.3522944235108754,17
4619,31,36,4,21,-2.353535596679466,15
4620,33,12,99,7,-2.354570382478151,5
4621,17,27,8,14,-2.3545788982602027,13
4622,109,14,96,8,-2.3566759619593642,6
4623,64,44,53,24,-2.357816373417817,20
4624,13,28,91,14,-2.3583001351127675,14
4625,97,14,100,8,-2.358325970901079,6
4626,76,34,70,18,-2.358420872168422,16
4627,5,23,99,12,-2.361621902264283,11
4628,87,10,22,4,-2.3658236386511695,6
4629,50,24,40,14,-2.3671440474550494,10
4630,63,32,25,16,-2.3688265373602633,16
4631,55,31,53,17,-2.372089532662414,14
4632,84,19,90,10,-2.374748457023267,9
4633,104,44,39,24,-2.3751154073426806,20
4634,107,40,71,23,-2.3760609676092463,17
4635,112,14,8,8,-2.379829723910838,6
4636,56,13,75,8,-2.3840139649043497,5
4637,13,66,104,36,-2.385478489037241,30
4638,104,25,96,14,-2.3866419839158373,11
4639,71,21,4,13,-2.387175011736595,8
4640,48,13,23,7,-2.389445224732223,6
4641,65,50,53,26,-2.3970028220576673,24
4642,109,21,97,11,-2.3981411019215164,10
4643,28,38,46,22,-2.399017879816561,16
4644,94,27,100,17,-2.4002432216595997,10
4645,22,16,34,9,-2.401549204590445,7
4646,80,26,20,14,-2.403335157163852,12
4647,33,21,86,12,-2.404613887093818,9
4648,104,57,88,32,-2.406185933878752,25
4649,50,23,34,12,-2.4065274329929416,11
4650,7,32,15,15,-2.41306663658859,17
4651,81,24,107,13,-2.414159413465892,11
4652,94,19,28,11,-2.4149604753175535,8
4653,29,39,16,20,-2.4183896033547754,19
4654,99,11,109,6,-2.419517402501051,5
4655,37,17,93,10,-2.422747703399567,7
4656,90,39,107,20,-2.4251424853764503,19
4657,96,17,3,9,-2.4320783711975644,8
4658,51,19,14,12,-2.433844123091522,7
4659,102,24,109,13,-2.437458896467386,11
4660,62,19,76,10,-2.4378838172682777,9
4661,7,56,23,30,-2.44119174027295,26
4662,47,15,64,9,-2.441201731533323,6
4663,50,10,32,4,-2.4440541907162885,6
4664,61,15,63,9,-2.445410080263457,6
4665,84,10,40,5,-2.454221067396937,5
4666,86,17,110,9,-2.4597124602837575,8
4667,25,32,102,17,-2.460889696925049,15
4668,1,17,17,9,-2.462761073509874,8
4669,69,17,74,8,-2.466497282082459,9
4670,20,20,17,11,-2.4759550702480677,9
4671,28,58,87,30,-2.4778229626436263,28
4672,79,25,28,13,-2.4854050300354316,12
4673,9,27,71,15,-2.485839871550414,12
4674,89,14,65,7,-2.4928422177944514,7
4675,111,38,65,22,-2.4964278491140734,16
4676,67,13,84,6,-2.500709874534178,7
4677,17,42,65,25,-2.5046287773470137,17
4678,92,15,87,8,-2.5078466479835875,7
4679,107,54,50,28,-2.5099686972292012,26
4680,49,63,88,35,-2.5106158226248643,28
4681,27,35,29,20,-2.5139766493292606,15
4682,36,15,12,8,-2.516319942513754,7
4683,29,18,97,10,-2.5164381029242997,8
4684,46,27,68,15,-2.520930145642669,12
4685,9,33,36,18,-2.527924078037464,15
4686,107,41,15,25,-2.5286319783831126,16
4687,30,19,99,11,-2.530388293684777,8
4688,107,15,44,8,-2.5305445670994096,7
4689,17,29,7,16,-2.532089441361392,13
4690,88,60,40,33,-2.532837544735202,27
4691,102,34,54,18,-2.537229709009487,16
4692,9,22,70,13,-2.539064949919759,9
4693,65,35,97,19,-2.5397394280205594,16
4694,51,148,16,77,-2.541685820993676,71
4695,20,40,88,20,-2.541950104212901,20
4696,36,74,7,40,-2.5493587507973596,34
4697,76,14,44,8,-2.5504141931433426,6
4698,47,14,71,7,-2.550463226281338,7
4699,39,44,9,22,-2.551362349935292,22
4700,1,19,73,11,-2.5534291003907312,8
4701,68,75,16,42,-2.5553684294875567,33
4702,77,16,112,10,-2.559722618675419,6
4703,13,26,33,14,-2.5699373786762183,12
4704,25,14,48,7,-2.5710538086168517,7
4705,51,29,1,15,-2.5741193049184647,14
4706,108,14,81,7,-2.575857374314636,7
4707,112,22,50,13,-2.578275791966451,9
4708,88,15,33,9,-2.581178022844097,6
4709,7,36,43,21,-2.5826756026437416,15
4710,65,71,28,40,-2.5907378992374013,31
4711,94,35,19,18,-2.592430047160573,17
4712,109,10,1,5,-2.5929606771402347,5
4713,37,27,102,15,-2.5931875377695413,12
4714,65,21,94,10,-2.5932669985607406,11
4715,37,48,20,25,-2.593682765159078,23
4716,15,30,72,15,-2.5954839881557064,15
4717,91,23,36,13,-2.6004832054576417,10
4718,1,29,40,16,-2.6081027273161874,13
4719,107,33,94,20,-2.6133702151384592,13
4720,46,61,11,33,-2.6136856619738875,28
4721,95,41,104,23,-2.6172247089757983,18
4722,60,36,11,20,-2.6228467685330785,16
4723,28,42,39,22,-2.6233394077803625,20
4724,54,51,39,27,-2.6240157360627983,24
4725,107,34,95,18,-2.633836762476073,16
4726,98,21,54,11,-2.633881490859558,10
4727,39,34,95,18,-2.633907594970312,16
4728,22,12,51,7,-2.634920658551637,5
4729,54,13,110,7,-2.6358849029934506,6
4730,20,20,19,10,-2.646933293157403,10
4731,36,13,57,8,-2.65311609010537,5
4732,73,14,20,8,-2.6543798385197737,6
4733,27,24,40,11,-2.6563176029466633,13
4734,20,33,11,19,-2.6580258548377644,14
4735,9,54,107,27,-2.6599346903452616,27
4736,5,17,71,9,-2.668348512437487,8
4737,104,67,37,37,-2.6697156594454787,30
4738,7,118,13,63,-2.670897317194471,55
4739,44,17,25,9,-2.67353547628176,8
4740,12,10,48,6,-2.6757754483893836,4
4741,3,28,62,16,-2.6778907418210167,12
4742,5,25,39,13,-2.679132217269281,12
4743,12,38,39,21,-2.683426444971777,17
4744,107,21,93,12,-2.6848247910711347,9
4745,43,13,74,6,-2.6848796666350307,7
4746,102,20,13,12,-2.6891186576501824,8
4747,30,21,7,10,-2.691476247459028,11
4748,31,23,87,12,-2.691508727503307,11
4749,65,11,10,6,-2.6916160360342993,5
4750,11,63,8,34,-2.698721990639595,29
4751,7,27,20,14,-2.7023319306021247,13
4752,79,11,39,7,-2.7039365709334606,4
4753,76,10,38,4,-2.7051251025586684,6
4754,50,46,2,25,-2.7076882491876737,21
4755,33,14,90,8,-2.7086229849631858,6
4756,84,89,86,45,-2.7122592129849847,44
4757,4,20,63,11,-2.717031964261838,9
4758,88,16,34,9,-2.717519501254015,7
4759,52,10,51,5,-2.7195304344847755,5
4760,51,17,58,9,-2.7220403540386506,8
4761,84,30,37,16,-2.724027270977717,14
4762,88,16,44,8,-2.725541522204711,8
4763,5,11,49,6,-2.7256599500520573,5
4764,46,26,60,14,-2.733085524905184,12
4765,54,25,15,12,-2.735147263925594,13
4766,63,12,99,6,-2.7377253409939395,6
4767,68,31,69,17,-2.743936079051881,14
4768,51,26,71,14,-2.7484840529184043,12
4769,104,31,30,16,-2.7504108450647484,15
4770,77,35,49,20,-2.7512791911364762,15
4771,43,14,70,8,-2.753352748891412,6
4772,96,34,97,17,-2.7556888339056824,17
4773,3,15,45,8,-2.756263227608891,7
4774,49,70,16,39,-2.757883284082346,31
4775,35,23,88,12,-2.7598010038488736,11
4776,94,17,1,8,-2.7623810098011927,9
4777,87,17,10,9,-2.7770692343126613,8
4778,40,30,18,18,-2.780722164544755,12
4779,107,36,17,19,-2.7872894864783673,17
4780,112,14,85,8,-2.7888570708398155,6
4781,108,13,29,7,-2.7895227059450267,6
4782,102,12,70,5,-2.7906887378625385,7
4783,57,10,18,6,-2.791050441588557,4
4784,36,13,100,7,-2.7923934619121082,6
4785,1,26,7,14,-2.7932054952385057,12
4786,44,14,68,7,-2.795327721392822,7
4787,8,32,83,16,-2.795775595052068,16
4788,54,66,20,33,-2.7989366544964605,33
4789,65,23,72,12,-2.799732280348777,11
4790,27,42,12,24,-2.8046964318602283,18
4791,112,14,106,7,-2.805082024542775,7
4792,71,42,65,24,-2.8056942435602354,18
4793,41,15,99,8,-2.808167291861728,7
4794,36,32,1,16,-2.8095303452930676,16
4795,62,53,16,31,-2.8125450554829077,22
4796,40,48,9,27,-2.81743847104381,21
4797,76,26,97,14,-2.8180456861896683,12
4798,51,107,13,55,-2.8184591627697815,52
4799,48,14,68,7,-2.8206443314688054,7
4800,71,13,18,7,-2.821320109059585,6
4801,112,21,75,12,-2.824219405034082,9
4802,86,61,114,32,-2.83079839430398,29
4803,81,23,53,13,-2.832269045840236,10
4804,77,23,72,12,-2.8344033689973904,11
4805,35,11,39,6,-2.836154761931755,5
4806,28,104,86,58,-2.8374089851944664,46
4807,16,25,4,12,-2.8411046840521466,13
4808,33,13,97,7,-2.8486496222061612,6
4809,28,96,16,53,-2.854985092700266,43
4810,112,13,74,7,-2.8550316834984466,6
4811,94,15,88,7,-2.858803168647949,8
4812,28,25,69,13,-2.8619129564051375,12
4813,11,50,55,29,-2.865634885836894,21
4814,88,14,72,8,-2.866088260356641,6
4815,84,70,28,39,-2.8670003890442084,31
4816,63,23,46,11,-2.86724186989635,12
4817,17,10,88,4,-2.869337502995369,6
4818,68,69,88,38,-2.8695211003313763,31
4819,1,14,112,9,-2.8723250567679224,5
4820,112,37,107,19,-2.873174412617592,18
4821,2,10,108,6,-2.87346504815302,4
4822,30,21,75,11,-2.8743282279457314,10
4823,77,14,106,7,-2.8755893681261617,7
4824,46,25,17,14,-2.875672610475698,11
4825,65,94,87,51,-2.887559650277401,43
4826,88,58,27,30,-2.8900429056834263,28
4827,71,34,30,18,-2.8915964337712703,16
4828,13,39,57,20,-2.900842670506894,19
4829,79,33,16,19,-2.9049583801159375,14
4830,9,19,62,10,-2.9069158954391585,9
4831,47,35,16,19,-2.9089326669310847,16
4832,10,12,104,6,-2.911353003023708,6
4833,54,36,80,18,-2.91166309610947,18
4834,87,40,29,23,-2.9142626867555625,17
4835,33,10,37,6,-2.9157377490462273,4
4836,31,11,55,6,-2.9183781753906346,5
4837,9,17,109,8,-2.91854195196147,9
4838,47,10,29,6,-2.919983374996915,4
4839,106,19,102,9,-2.920725539256512,10
4840,62,14,1,7,-2.9215215839903967,7
4841,33,10,3,6,-2.927658221464772,4
4842,30,33,15,18,-2.9291600199276555,15
4843,40,18,12,9,-2.9302897037093416,9
4844,28,21,33,10,-2.934003356051797,11
4845,94,20,78,11,-2.934032764236852,9
4846,86,16,66,9,-2.9349279516020914,7
4847,87,20,36,12,-2.935573250897671,8
4848,65,27,83,14,-2.938404758323202,13
4849,48,45,16,23,-2.9387449608824143,22
4850,1,18,9,8,-2.9438107743951827,10
4851,46,18,71,9,-2.9448527741935377,9
4852,12,15,52,8,-2.948123132553489,7
4853,29,19,54,11,-2.9499144478753045,8
4854,46,23,114,13,-2.963143531607223,10
4855,57,18,25,10,-2.9649349505538742,8
4856,63,16,73,8,-2.966556049159883,8
4857,37,21,2,11,-2.969758011269449,10
4858,19,48,49,26,-2.970691361004913,22
4859,88,64,114,34,-2.9736929918128054,30
4860,4,32,36,19,-2.973906674035423,13
4861,106,36,84,18,-2.975473960825012,18
4862,1,13,46,6,-2.9771068452784513,7
4863,11,27,12,14,-2.9775728578478153,13
4864,107,47,34,27,-2.9837018541081877,20
4865,13,23,85,14,-2.985985548040523,9
4866,103,15,54,9,-2.987309214635625,6
4867,34,11,114,5,-2.9884829411181757,6
4868,77,26,19,14,-2.9962784532127236,12
4869,90,47,86,27,-2.997206734082277,20
4870,49,22,64,13,-2.9990922137386633,9
4871,69,11,4,6,-2.9994841766617113,5
4872,34,14,96,8,-3.001763014782561,6
4873,37,58,16,31,-3.002510719128323,27
4874,11,45,13,25,-3.0051189905515034,20
4875,108,20,50,10,-3.006186687462408,10
4876,19,14,48,7,-3.00728846408068,7
4877,63,42,74,22,-3.0096162132471513,20
4878,107,95,13,51,-3.0102544637375117,44
4879,33,17,40,11,-3.0217035797006964,6
4880,98,13,39,8,-3.033232316977357,5
4881,65,39,25,23,-3.0368934823131153,16
4882,79,22,30,13,-3.038702569108576,9
4883,12,30,68,16,-3.041358769608476,14
4884,96,13,38,7,-3.042215232246171,6
4885,94,14,103,7,-3.046979591253477,7
4886,55,45,7,26,-3.0547614693932803,19
4887,57,11,6,6,-3.056750466696465,5
4888,51,41,57,22,-3.0641529465856623,19
4889,25,18,71,10,-3.0644100067848146,8
4890,80,37,16,22,-3.0689438724044185,15
4891,25,30,75,17,-3.0695517335408993,13
4892,60,29,19,15,-3.0741844930514644,14
4893,104,23,97,12,-3.0789791419269115,11
4894,62,16,55,9,-3.0797392954165557,7
4895,76,13,12,6,-3.082319725605144,7
4896,28,12,66,6,-3.0826665795427424,6
4897,37,59,107,32,-3.087858660035623,27
4898,50,17,93,10,-3.0892168464304066,7
4899,8,18,72,9,-3.0936644045702306,9
4900,27,17,6,9,-3.094787186521295,8
4901,109,10,85,7,-3.095406882310694,3
4902,87,20,6,11,-3.0972456748613655,9
4903,94,47,43,26,-3.0983539888454747,21
4904,54,34,104,18,-3.0987784259955413,16
4905,87,138,86,72,-3.0993319331841627,66
4906,91,10,64,6,-3.099347902087069,4
4907,74,16,88,10,-3.1000151762465453,6
4908,68,14,99,8,-3.100103615084475,6
4909,60,15,92,9,-3.1016290657385786,6
4910,86,21,111,12,-3.1037611827633467,9
4911,16,85,60,46,-3.106867380463951,39
4912,4,24,50,12,-3.110559237136967,12
4913,17,25,25,14,-3.1106502600539123,11
4914,80,11,36,6,-3.115857421175655,5
4915,48,36,28,20,-3.1189690871072235,16
4916,8,36,23,20,-3.120762784480779,16
4917,61,15,51,10,-3.1232056571511624,5
4918,60,44,43,24,-3.1256445227284724,20
4919,88,30,47,16,-3.128005162623052,14
4920,72,32,86,18,-3.1306662629777584,14
4921,28,11,6,6,-3.131247568187587,5
4922,2,15,76,9,-3.1350168634931235,6
4923,9,23,114,15,-3.140025237540426,8
4924,45,12,112,6,-3.1460936650177436,6
4925,23,23,75,11,-3.148733601092015,12
4926,76,18,3,10,-3.150422222688239,8
4927,7,51,104,28,-3.1582194180075027,23
4928,82,21,86,12,-3.1586560919846343,9
4929,4,19,75,11,-3.1591429263358264,8
4930,60,63,51,38,-3.1594283526545044,25
4931,69,30,41,18,-3.1671568486745967,12
4932,60,25,106,15,-3.171261503808185,10
4933,69,16,103,8,-3.1785957104061207,8
4934,50,21,100,12,-3.1824846398299695,9
4935,114,31,54,16,-3.1847921316014287,15
4936,58,10,11,6,-3.1884299720547142,4
4937,90,22,17,13,-3.190848422422067,9
4938,8,15,69,8,-3.1913004711052855,7
4939,13,11,52,6,-3.198313935058208,5
4940,39,41,36,23,-3.1998605067578247,18
4941,107,71,27,40,-3.202944966007506,31
4942,17,28,106,17,-3.2039846830051175,11
4943,97,12,56,6,-3.20853124358707,6
4944,31,47,60,23,-3.209470727487928,24
4945,97,19,50,11,-3.210625734622635,8
4946,8,29,64,17,-3.2116280139221245,12
4947,74,16,17,9,-3.211770551027836,7
4948,102,28,76,16,-3.211945141016371,12
4949,94,18,55,10,-3.2183549150249458,8
4950,80,10,100,6,-3.221630002984554,4
4951,12,16,54,8,-3.22546532700851,8
4952,65,50,23,26,-3.2292420048113133,24
4953,97,14,3,7,-3.230803945654675,7
4954,36,49,107,26,-3.2348387046482574,23
4955,60,25,99,14,-3.23819445910271,11
4956,81,12,23,7,-3.240703587077,5
4957,96,10,64,6,-3.2470341038418864,4
4958,60,25,76,15,-3.2509818821521037,10
4959,25,47,114,27,-3.2540864225169717,20
4960,74,24,7,15,-3.2574931437928867,9
4961,107,64,30,36,-3.26745666319751,28
4962,67,13,114,7,-3.2746706512348394,6
4963,53,50,39,28,-3.2771617260881896,22
4964,3,25,8,12,-3.277389633331906,13
4965,65,64,30,36,-3.2783732903393576,28
4966,35,15,55,8,-3.2899027901624853,7
4967,79,17,76,10,-3.2930359935936764,7
4968,98,11,34,5,-3.2977526881218022,6
4969,23,26,12,14,-3.2981731860922094,12
4970,61,13,47,7,-3.3043540506366402,6
4971,64,21,114,12,-3.3046667254482798,9
4972,87,37,12,21,-3.3056577443783226,16
4973,107,41,19,24,-3.3073590728366797,17
4974,64,43,107,23,-3.3076512331365557,20
4975,96,14,41,9,-3.3088942892360294,5
4976,25,66,86,35,-3.3097455853588764,31
4977,65,33,49,18,-3.3103697675392847,15
4978,16,81,54,44,-3.312974052610322,37
4979,84,16,97,10,-3.3164282058099315,6
4980,97,14,98,7,-3.3185319117606134,7
4981,19,44,39,27,-3.319111624445311,17
4982,55,85,13,47,-3.325656298998864,38
4983,12,41,86,23,-3.3299124420367505,18
4984,48,17,80,10,-3.335623053391129,7
4985,5,13,68,7,-3.3380294056441095,6
4986,20,19,15,11,-3.3455642497005824,8
4987,20,10,83,5,-3.3478898251644154,5
4988,107,15,14,9,-3.3479962116917648,6
4989,106,17,14,10,-3.3600594128266157,7
4990,61,14,9,8,-3.362078776884604,6
4991,8,23,14,13,-3.3634201583462144,10
4992,97,25,54,13,-3.3648153427656795,12
4993,20,17,40,10,-3.3649339637959677,7
4994,28,56,13,30,-3.367189637590283,26
4995,107,31,91,18,-3.369239220639531,13
4996,96,18,73,10,-3.3726024221333355,8
4997,3,19,103,9,-3.376784851491646,10
4998,39,40,64,22,-3.3772164918090852,18
4999,75,20,70,10,-3.3793498632006282,10
5000,55,28,36,15,-3.38333657725735,13
5001,104,10,73,6,-3.3914910994647247,4
5002,28,13,4,7,-3.394082491248691,6
5003,41,17,15,9,-3.394111838799778,8
5004,62,34,86,18,-3.4057863881879014,16
5005,41,59,51,32,-3.4065954956888573,27
5006,11,22,79,13,-3.411899322441765,9
5007,36,11,17,5,-3.4172736451567602,6
5008,78,18,28,9,-3.4177116588011063,9
5009,37,12,4,7,-3.4218717037755013,5
5010,38,14,108,8,-3.4266542867066154,6
5011,50,57,87,30,-3.4276386978359663,27
5012,27,52,7,28,-3.4308990471010476,24
5013,48,20,106,11,-3.4316235296616595,9
5014,38,40,107,23,-3.4320037029545793,17
5015,65,17,81,10,-3.4470499311553464,7
5016,46,63,86,37,-3.4473674168834245,26
5017,86,94,7,54,-3.44879121802912,40
5018,114,14,112,7,-3.452952980329055,7
5019,23,21,37,11,-3.4530437057487378,10
5020,27,27,76,16,-3.4531012420920075,11
5021,5,23,33,12,-3.4543275091771934,11
5022,16,15,52,8,-3.459524085791249,7
5023,49,21,50,11,-3.468500479588225,10
5024,5,60,74,32,-3.4699961467083478,28
5025,70,20,25,11,-3.484518115943742,9
5026,45,16,41,10,-3.485066668867454,6
5027,94,10,15,6,-3.487344962429095,4
5028,51,30,36,16,-3.4874600225025043,14
5029,36,13,62,7,-3.4895283270523745,6
5030,5,16,14,10,-3.4903696256491523,6
5031,54,10,6,5,-3.4921987314309866,5
5032,109,26,20,16,-3.4929177397438647,10
5033,114,36,97,20,-3.4948097299506924,16
5034,51,39,114,20,-3.4973322349486473,19
5035,54,15,38,8,-3.502268170966973,7
5036,109,19,37,11,-3.5038440546797935,8
5037,98,17,73,9,-3.5039598524288147,8
5038,109,27,25,15,-3.504136926234722,12
5039,23,16,74,9,-3.505315761927062,7
5040,27,32,8,17,-3.5152116177223616,15
5041,100,14,53,8,-3.519519789056672,6
5042,15,17,28,9,-3.5210057183007173,8
5043,77,23,55,13,-3.5213277725739687,10
5044,98,19,27,10,-3.521955911173927,9
5045,57,11,17,7,-3.5231240907929307,4
5046,50,55,37,29,-3.5287986061002137,26
5047,25,17,93,9,-3.53003978897563,8
5048,8,24,62,14,-3.532603268082998,10
5049,62,10,6,6,-3.5345556158920366,4
5050,84,26,85,16,-3.5349178606931724,10
5051,7,15,44,8,-3.535266020755458,7
5052,30,32,28,17,-3.5399264254738525,15
5053,36,65,40,37,-3.5400829247343593,28
5054,27,29,47,16,-3.543966431934924,13
5055,70,11,33,6,-3.545285037756224,5
5056,19,16,40,10,-3.545611871303118,6
5057,86,94,63,55,-3.549478365403399,39
5058,104,17,34,10,-3.55064687835478,7
5059,37,21,62,13,-3.5526687288143344,8
5060,36,19,28,10,-3.554999615354129,9
5061,79,12,60,7,-3.555370933230573,5
5062,7,28,6,13,-3.563185524233912,15
5063,84,13,62,7,-3.5672380956620353,6
5064,23,56,16,31,-3.5704087987012967,25
5065,43,19,25,12,-3.5730773529480713,7
5066,87,22,14,13,-3.5746572289058025,9
5067,51,22,102,12,-3.5799509862134142,10
5068,62,10,41,5,-3.5810735995056335,5
5069,5,62,88,33,-3.583030843412139,29
5070,11,18,14,11,-3.5868100547047623,7
5071,95,10,97,6,-3.5894324713347885,4
5072,11,22,7,13,-3.590907173314133,9
5073,5,61,104,33,-3.5931408944870395,28
5074,57,14,106,7,-3.59361898372693,7
5075,16,57,75,31,-3.59529020803502,26
5076,79,23,34,14,-3.5987779482770503,9
5077,41,88,65,52,-3.5987797514188595,36
5078,32,24,86,13,-3.600337352350486,11
5079,88,36,1,19,-3.6124862498641357,17
5080,86,54,49,28,-3.6200020449047035,26
5081,79,15,112,8,-3.621796379179409,7
5082,28,26,80,14,-3.6230809501897747,12
5083,18,19,43,9,-3.6267699505365094,10
5084,5,51,55,29,-3.628046191114139,22
5085,11,22,64,14,-3.6361805414161297,8
5086,19,48,100,27,-3.6375485668344165,21
5087,109,38,104,21,-3.642560155113917,17
5088,43,18,34,10,-3.6439583345872704,8
5089,70,10,14,5,-3.647042134114855,5
5090,23,13,9,7,-3.6475995665029,6
5091,43,18,12,11,-3.6477808432329812,7
5092,98,16,114,9,-3.6481628146735163,7
5093,108,20,64,11,-3.648889859577028,9
5094,65,50,74,27,-3.6492230502429246,23
5095,18,11,17,5,-3.651905683853183,6
5096,32,21,107,11,-3.65469777615246,10
5097,3,34,15,19,-3.655284467820833,15
5098,71,10,90,5,-3.6561036030201173,5
5099,31,24,39,14,-3.6610558433956157,10
5100,85,20,28,11,-3.6675135147560156,9
5101,86,55,60,31,-3.667613524236148,24
5102,84,21,38,11,-3.6699802067032445,10
5103,28,19,23,10,-3.6970356039584327,9
5104,108,12,17,7,-3.6979659768897495,5
5105,11,28,48,16,-3.701141809786494,12
5106,5,62,16,37,-3.7016615680953464,25
5107,35,10,112,5,-3.704644012481239,5
5108,60,79,13,46,-3.706459830738316,33
5109,19,20,38,13,-3.7070161860294797,7
5110,58,16,12,9,-3.7097858681846425,7
5111,64,21,1,11,-3.7140968256416436,10
5112,5,21,15,13,-3.7147342263498166,8
5113,41,26,20,13,-3.722699653504377,13
5114,40,13,15,7,-3.72557831166786,6
5115,5,31,90,18,-3.72922813011693,13
5116,50,19,15,11,-3.7318860586459177,8
5117,87,30,77,17,-3.7336382297691175,13
5118,40,59,60,33,-3.7350164129782835,26
5119,4,13,1,8,-3.7360390878519705,5
5120,84,55,51,31,-3.742451182903001,24
5121,54,58,28,33,-3.742783353616919,25
5122,40,42,53,23,-3.7429391558119973,19
5123,64,24,3,13,-3.749223027086128,11
5124,107,13,52,8,-3.7535584759825276,5
5125,17,14,102,8,-3.765627490194505,6
5126,51,70,54,39,-3.7670435211295343,31
5127,30,29,18,16,-3.7717933229839495,13
5128,51,87,88,45,-3.772351956328506,42
5129,9,27,55,16,-3.772633679119087,11
5130,17,21,87,12,-3.7733166042192905,9
5131,13,47,114,23,-3.7759149187311722,24
5132,93,10,7,5,-3.7802315490169547,5
5133,98,28,104,13,-3.783243181516934,15
5134,51,52,106,29,-3.7850976424308227,23
5135,102,20,30,10,-3.786494638545521,10
5136,37,24,57,13,-3.7883373383566443,11
5137,54,29,25,16,-3.7885203565536667,13
5138,50,25,90,14,-3.7900343777578587,11
5139,49,47,30,27,-3.794233927756181,20
5140,39,11,6,6,-3.796620754703812,5
5141,53,14,89,7,-3.799040779312777,7
5142,109,24,65,12,-3.803613174780475,12
5143,71,27,28,16,-3.8126316435493957,11
5144,5,16,110,9,-3.8138584796050905,7
5145,91,28,5,17,-3.814625093066518,11
5146,75,12,48,7,-3.8239435270874167,5
5147,3,11,4,6,-3.8250463920918425,5
5148,107,33,98,18,-3.826261245167428,15
5149,86,84,74,45,-3.8304380678874983,39
5150,54,45,11,25,-3.830761670343524,20
5151,46,13,38,8,-3.8338597693432206,5
5152,18,22,3,13,-3.8346712095468676,9
5153,88,38,100,22,-3.837733044153748,16
5154,34,22,65,13,-3.838809663446646,9
5155,12,11,47,6,-3.839015416153552,5
5156,31,23,18,12,-3.8430258307678686,11
5157,50,22,41,13,-3.845767300582984,9
5158,63,33,100,17,-3.8476705598955565,16
5159,76,39,28,21,-3.8485126894088935,18
5160,17,17,85,10,-3.8507511089593,7
5161,90,11,34,7,-3.855080264142756,4
5162,107,50,40,30,-3.8570605527160122,20
5163,48,16,57,9,-3.858947382973919,7
5164,80,16,90,10,-3.8670676152144083,6
5165,49,11,102,7,-3.880578970933132,4
5166,112,22,3,11,-3.881829625852149,11
5167,109,31,76,19,-3.887698579468372,12
5168,5,17,40,9,-3.8914877974226956,8
5169,48,18,27,11,-3.8925796052199777,7
5170,54,25,1,14,-3.8929886538978145,11
5171,47,12,62,7,-3.897508167665008,5
5172,58,13,77,7,-3.8981506835692445,6
5173,3,44,107,23,-3.899807395774833,21
5174,63,30,55,16,-3.900377194965691,14
5175,64,29,75,16,-3.916000714039239,13
5176,87,24,83,13,-3.916710407315815,11
5177,2,28,5,16,-3.923277825320164,12
5178,3,49,39,26,-3.929294691879198,23
5179,20,15,18,9,-3.9303607040253326,6
5180,76,22,84,12,-3.9389733435046645,10
5181,54,31,9,17,-3.942845641758714,14
5182,40,11,6,6,-3.944267868023087,5
5183,43,19,35,10,-3.946831407739412,9
5184,2,23,16,13,-3.9485844823217353,10
5185,104,11,67,6,-3.9505697623954874,5
5186,91,15,9,8,-3.9508212932565088,7
5187,37,23,40,12,-3.9558411724945217,11
5188,84,21,10,12,-3.960254602065843,9
5189,107,83,88,48,-3.964083286687591,35
5190,94,11,84,6,-3.9681566657444405,5
5191,77,44,13,25,-3.969216996080678,19
5192,14,12,96,7,-3.975747798085742,5
5193,54,58,96,30,-3.9768276973257124,28
5194,76,10,83,6,-3.979171756100496,4
5195,97,18,60,9,-3.9792005525226384,9
5196,87,16,45,9,-3.9869877249578156,7
5197,29,15,50,8,-3.9901096227477506,7
5198,104,63,86,35,-3.991772151565381,28
5199,14,12,112,6,-3.9932359631148633,6
5200,112,16,104,9,-3.994340241273064,7
5201,100,18,9,11,-3.9953268600169216,7
5202,112,16,31,10,-4.001730552260444,6
5203,77,18,5,10,-4.010067732208504,8
5204,110,20,8,12,-4.013172679497397,8
5205,3,42,12,25,-4.018807273781618,17
5206,19,25,28,15,-4.019180575644085,10
5207,47,31,7,18,-4.025431088719286,13
5208,65,87,51,49,-4.028529388771058,38
5209,114,42,60,20,-4.029174933224297,22
5210,114,41,63,26,-4.0379729890543565,15
5211,43,10,1,5,-4.038976715758714,5
5212,69,12,84,7,-4.046782427990892,5
5213,51,58,8,32,-4.048019136901901,26
5214,40,10,32,5,-4.050021677419865,5
5215,20,10,14,6,-4.05196683725804,4
5216,57,23,103,13,-4.052024059616259,10
5217,43,28,69,16,-4.053028562183644,12
5218,75,16,15,10,-4.056062954518072,6
5219,49,28,68,16,-4.061110376543601,12
5220,39,11,56,5,-4.061429150921741,6
5221,13,67,100,37,-4.061612096489258,30
5222,95,10,43,6,-4.063398320607962,4
5223,49,40,76,23,-4.064499741414121,17
5224,38,12,20,8,-4.067291998076448,4
5225,73,19,65,11,-4.067312461469671,8
5226,31,68,7,38,-4.069172309295861,30
5227,37,15,69,8,-4.071098728743587,7
5228,46,21,95,12,-4.071848693893571,9
5229,107,79,100,41,-4.083463979802418,38
5230,75,21,91,8,-4.084376386784757,13
5231,98,17,78,9,-4.084899624702052,8
5232,57,28,69,17,-4.084947289281298,11
5233,19,11,36,6,-4.08859021842168,5
5234,57,42,87,24,-4.089570112390125,18
5235,93,27,86,15,-4.0902499993060095,12
5236,8,15,111,8,-4.091375789332371,7
5237,35,24,20,14,-4.0987287220029165,10
5238,93,20,83,11,-4.100880722204596,9
5239,51,48,75,26,-4.10605342104463,22
5240,63,30,97,17,-4.107378727934816,13
5241,55,17,108,10,-4.110943675956946,7
5242,2,12,7,7,-4.115660194227728,5
5243,78,22,15,11,-4.115841076061162,11
5244,107,121,87,68,-4.1215288380102235,53
5245,53,57,18,31,-4.124925801617173,26
5246,50,15,83,7,-4.131296712002355,8
5247,106,51,107,28,-4.131711792879515,23
5248,20,11,71,7,-4.1364305573939655,4
5249,64,28,30,16,-4.139822872969586,12
5250,16,45,95,24,-4.139884598584294,21
5251,71,47,53,27,-4.141303557057989,20
5252,28,77,50,44,-4.143924434349461,33
5253,17,12,99,7,-4.148375833376952,5
5254,27,14,33,8,-4.15382717188424,6
5255,84,24,27,13,-4.156059221916358,11
5256,2,10,19,5,-4.15617878328422,5
5257,48,23,39,14,-4.160487880373118,9
5258,90,16,30,9,-4.1606269979119155,7
5259,5,40,83,21,-4.163709904424498,19
5260,96,24,60,16,-4.164982345638217,8
5261,46,51,51,29,-4.174462162624302,22
5262,103,13,18,8,-4.1752141807255745,5
5263,103,18,65,11,-4.176079711917939,7
5264,69,29,58,15,-4.178369386929423,14
5265,25,27,23,15,-4.182190113226042,12
5266,43,11,93,6,-4.184906166012258,5
5267,1,36,13,22,-4.187998461115461,14
5268,103,12,112,7,-4.192929666832575,5
5269,12,22,88,12,-4.1957966389161045,10
5270,86,39,91,22,-4.203939006903641,17
5271,36,56,65,32,-4.205692860728478,24
5272,3,26,72,14,-4.206822662082307,12
5273,48,10,52,6,-4.211289472665269,4
5274,84,19,43,10,-4.2146198508874155,9
5275,63,20,17,11,-4.217095300732271,9
5276,18,19,4,11,-4.220670692754496,8
5277,100,29,28,17,-4.221129674472951,12
5278,102,18,62,10,-4.2234688534060565,8
5279,44,11,71,6,-4.223524348839454,5
5280,38,21,9,12,-4.2241565966881796,9
5281,62,13,17,7,-4.2301807671986245,6
5282,104,11,29,6,-4.232469176091443,5
5283,87,31,71,17,-4.240167636343153,14
5284,71,44,16,26,-4.24180487871631,18
5285,34,14,106,7,-4.243674039664677,7
5286,106,55,37,29,-4.262507559544696,26
5287,15,20,114,11,-4.283176268910454,9
5288,52,15,30,9,-4.285939641259885,6
5289,78,46,86,25,-4.287994076992069,21
5290,78,32,68,18,-4.290052324917813,14
5291,55,45,37,24,-4.301001080588835,21
5292,53,27,106,14,-4.302319600135904,13
5293,109,45,88,27,-4.312126403910374,18
5294,17,23,97,13,-4.313428551304964,10
5295,65,61,8,34,-4.3149700472293935,27
5296,40,22,4,12,-4.316643149060886,10
5297,41,19,95,11,-4.33214397979218,8
5298,22,12,60,7,-4.334241842742773,5
5299,3,29,11,17,-4.336087828492777,12
5300,81,27,15,15,-4.338684972028925,12
5301,87,41,95,22,-4.338900803447298,19
5302,7,108,16,60,-4.342924597124122,48
5303,94,13,77,8,-4.342999354868117,5
5304,6,16,65,9,-4.346168811124804,7
5305,83,11,19,6,-4.35939819270106,5
5306,71,31,64,19,-4.3594731378011655,12
5307,23,20,95,11,-4.361896262769259,9
5308,70,17,49,9,-4.364791676107705,8
5309,3,60,27,34,-4.366790070220602,26
5310,9,15,74,9,-4.367415226980933,6
5311,23,23,40,13,-4.368423326803304,10
5312,72,17,50,10,-4.375655689739112,7
5313,86,158,16,93,-4.378991121234953,65
5314,25,33,87,18,-4.379098196808539,15
5315,54,10,99,6,-4.379722874612374,4
5316,66,19,63,11,-4.384404815528955,8
5317,16,39,97,21,-4.395866715554319,18
5318,109,29,41,18,-4.397117687292524,11
5319,65,26,90,13,-4.399856936469098,13
5320,5,35,76,20,-4.4006703577730075,15
5321,28,53,20,30,-4.401187083369335,23
5322,108,14,71,8,-4.402422140240555,6
5323,15,21,47,11,-4.413268254147364,10
5324,5,118,86,67,-4.4152564938780525,51
5325,64,24,50,13,-4.415510499418937,11
5326,53,64,7,36,-4.416213736910667,28
5327,70,30,84,17,-4.416286467774103,13
5328,23,17,29,9,-4.418393467914162,8
5329,13,30,99,17,-4.4209668288342625,13
5330,20,14,23,8,-4.427778675436007,6
5331,20,10,43,5,-4.429491763778138,5
5332,3,35,65,21,-4.429509708162627,14
5333,58,10,17,4,-4.43139506148379,6
5334,70,39,37,23,-4.433263990915908,16
5335,96,16,78,10,-4.433803384678501,6
5336,15,31,29,17,-4.438675652658608,14
5337,97,11,77,7,-4.454901155383995,4
5338,85,14,19,8,-4.456802611003387,6
5339,49,11,96,6,-4.460220810874953,5
5340,54,15,79,9,-4.4628144491387465,6
5341,32,18,37,10,-4.466542082918523,8
5342,87,44,23,26,-4.467134210770063,18
5343,94,11,108,6,-4.472725388082187,5
5344,25,31,96,17,-4.472832877552796,14
5345,19,41,78,25,-4.47496173521471,16
5346,72,15,43,8,-4.477766920794388,7
5347,64,46,7,25,-4.481240056988838,21
5348,71,44,75,27,-4.485645835804011,17
5349,15,54,57,30,-4.4972747865532545,24
5350,46,68,13,40,-4.497540419141799,28
5351,29,33,3,19,-4.510727209680474,14
5352,54,64,63,37,-4.513765725874225,27
5353,93,16,20,8,-4.515352163146574,8
5354,112,18,49,10,-4.51791122222607,8
5355,50,23,74,13,-4.520207268757789,10
5356,28,44,55,26,-4.526943972884062,18
5357,55,10,52,6,-4.531437489197341,4
5358,75,23,106,12,-4.532198108241352,11
5359,28,29,93,18,-4.540056078542574,11
5360,50,56,16,33,-4.542580234745904,23
5361,15,18,99,11,-4.551461310618722,7
5362,46,15,83,8,-4.551826612706295,7
5363,23,15,70,8,-4.554568026577774,7
5364,5,18,43,10,-4.559277543830877,8
5365,104,16,99,8,-4.5627492392393005,8
5366,95,14,99,8,-4.572737764013049,6
5367,20,53,87,29,-4.573282156790992,24
5368,58,23,7,12,-4.5750345256693405,11
5369,109,51,16,30,-4.577846187162031,21
5370,65,16,99,9,-4.579704538683155,7
5371,37,15,9,8,-4.590013554185221,7
5372,43,21,64,12,-4.591538622875526,9
5373,96,32,50,18,-4.592653394244438,14
5374,107,60,41,37,-4.597389180870248,23
5375,58,12,27,6,-4.599497662673681,6
5376,39,18,80,10,-4.600479594629686,8
5377,18,15,38,8,-4.607415756411177,7
5378,96,21,13,12,-4.608058597276484,9
5379,37,40,75,25,-4.608119905928107,15
5380,57,11,74,6,-4.613445177041247,5
5381,100,23,72,14,-4.6143775019456585,9
5382,68,20,85,13,-4.615895850726343,7
5383,40,10,72,6,-4.616108231770903,4
5384,16,82,30,49,-4.619303419404808,33
5385,109,44,51,28,-4.624306959512696,16
5386,91,16,102,9,-4.632859199025976,7
5387,110,15,106,8,-4.633960085739292,7
5388,39,28,76,18,-4.634396383023451,10
5389,25,22,60,12,-4.63628280649392,10
5390,69,11,80,6,-4.638884395252672,5
5391,96,39,63,24,-4.649023449526143,15
5392,1,16,15,10,-4.649350840919031,6
5393,79,13,27,7,-4.651583262533679,6
5394,47,15,25,8,-4.655390231832651,7
5395,98,26,11,14,-4.667493378770945,12
5396,92,10,75,6,-4.670779177266829,4
5397,18,15,49,9,-4.678692035250183,6
5398,77,25,78,14,-4.679617373613952,11
5399,19,38,29,23,-4.683753161596132,15
5400,39,51,40,30,-4.685059105758994,21
5401,58,15,43,9,-4.691878021799611,6
5402,38,27,88,17,-4.695779895234789,10
5403,43,37,39,20,-4.703621314876847,17
5404,106,13,111,9,-4.703726078810505,4
5405,81,18,4,11,-4.707056678124466,7
5406,46,23,20,15,-4.708713070266477,8
5407,45,11,30,7,-4.71768267651097,4
5408,31,32,75,17,-4.72198275034643,15
5409,104,34,41,18,-4.7268653056009,16
5410,108,13,25,8,-4.727424255422313,5
5411,38,25,60,14,-4.74552439798058,11
5412,77,16,25,9,-4.745845616411634,7
5413,20,13,62,8,-4.7489453833796285,5
5414,50,23,7,13,-4.754905099968972,10
5415,103,20,72,11,-4.7596812752817845,9
5416,62,14,106,8,-4.759729251582842,6
5417,84,28,13,17,-4.762106527456084,11
5418,98,15,18,7,-4.76828904567196,8
5419,41,45,87,25,-4.769561992801355,20
5420,31,15,12,8,-4.7706324645211815,7
5421,70,13,90,7,-4.771084444295364,6
5422,23,14,33,8,-4.772846471482117,6
5423,5,12,9,7,-4.777710715122406,5
5424,10,12,5,6,-4.788462999241516,6
5425,89,10,26,6,-4.7934486550169115,4
5426,20,13,52,8,-4.795236183864798,5
5427,25,11,111,6,-4.797175922879401,5
5428,97,22,41,12,-4.799957538599525,10
5429,96,22,75,15,-4.801381492311929,7
5430,12,16,1,9,-4.804302234326604,7
5431,43,10,47,6,-4.8047027266048,4
5432,68,14,89,8,-4.8060770512882325,6
5433,63,34,104,19,-4.811269466320188,15
5434,79,23,13,14,-4.81127521378253,9
5435,85,11,74,6,-4.8123880044938,5
5436,103,18,30,11,-4.814590438877925,7
5437,54,15,14,10,-4.820525855929134,5
5438,25,19,31,10,-4.823839301099769,9
5439,51,52,17,28,-4.8245516629504275,24
5440,67,15,8,9,-4.831909846155587,6
5441,65,39,43,21,-4.833637569721975,18
5442,64,20,83,11,-4.840996077098241,9
5443,88,54,11,32,-4.844114028171241,22
5444,11,48,51,29,-4.8453226807343865,19
5445,83,17,39,10,-4.845386042652685,7
5446,96,22,39,14,-4.8469385601006945,8
5447,94,31,30,17,-4.848071493453302,14
5448,54,27,78,16,-4.849046955755959,11
5449,60,34,78,19,-4.850344284158851,15
5450,32,12,97,7,-4.851459349576825,5
5451,60,52,30,33,-4.854739690613494,19
5452,23,23,64,13,-4.856194819207908,10
5453,107,38,58,23,-4.857008495705356,15
5454,112,31,100,17,-4.858414274039207,14
5455,3,24,81,14,-4.860040341211916,10
5456,51,33,49,19,-4.860731289374452,14
5457,89,10,5,7,-4.8624656409017435,3
5458,64,10,95,5,-4.863376640358333,5
5459,1,11,29,7,-4.866934575588786,4
5460,57,26,88,14,-4.87081224887015,12
5461,100,81,16,48,-4.876041164019556,33
5462,79,20,63,12,-4.882182316485546,8
5463,95,11,69,7,-4.882909765417964,4
5464,18,12,94,7,-4.884425557504233,5
5465,72,12,20,7,-4.886775559464282,5
5466,46,11,27,7,-4.887638683251712,4
5467,101,10,39,6,-4.889741278103361,4
5468,34,27,100,14,-4.8939539993256505,13
5469,51,74,100,39,-4.901425430992142,35
5470,87,44,48,27,-4.906402158815106,17
5471,28,12,38,6,-4.907164394244709,6
5472,29,11,18,7,-4.9072911901611125,4
5473,109,16,95,10,-4.92318353619376,6
5474,106,56,74,32,-4.924754963776781,24
5475,63,17,108,10,-4.925158043652064,7
5476,36,40,86,23,-4.92743325124,17
5477,85,17,63,9,-4.93137224468223,8
5478,37,26,98,15,-4.940519420053042,11
5479,71,11,49,6,-4.9409457894604065,5
5480,32,14,28,8,-4.942148577857081,6
5481,78,15,40,10,-4.942465399220725,5
5482,106,29,80,17,-4.946009667025367,12
5483,68,19,56,10,-4.94813216675333,9
5484,100,12,20,7,-4.94868435190728,5
5485,41,33,64,20,-4.951397157092097,13
5486,3,26,114,16,-4.9544765393283035,10
5487,89,12,39,8,-4.957992572640415,4
5488,19,25,76,15,-4.958267656381214,10
5489,64,10,85,6,-4.962701184974941,4
5490,90,23,96,14,-4.963939687748074,9
5491,114,21,27,12,-4.967571693509976,9
5492,12,24,19,12,-4.968367076368188,12
5493,23,11,98,6,-4.969965161139004,5
5494,78,12,108,7,-4.972281769350293,5
5495,3,13,106,8,-4.972676967703687,5
5496,13,41,12,27,-4.9735076403528575,14
5497,44,10,80,5,-4.973541413806903,5
5498,65,30,70,19,-4.973765781446556,11
5499,86,73,37,41,-4.980857284592115,32
5500,55,34,80,18,-4.9879675297352755,16
5501,94,19,63,11,-4.988953899876627,8
5502,31,23,50,13,-4.991999785997779,10
5503,65,114,16,65,-4.992195859368226,49
5504,77,26,3,14,-4.9989738181650925,12
5505,96,23,51,13,-5.001175453325252,10
5506,106,41,7,21,-5.003800212982271,20
5507,5,26,93,16,-5.004460526821323,10
5508,83,13,102,8,-5.005327574584489,5
5509,72,24,85,15,-5.005644721261359,9
5510,94,17,112,11,-5.010192110959226,6
5511,63,12,93,7,-5.011120266810433,5
5512,18,19,55,10,-5.012210431301632,9
5513,23,55,107,31,-5.0158405159134976,24
5514,51,30,108,17,-5.016985241457157,13
5515,38,20,109,13,-5.020675554109466,7
5516,81,37,86,24,-5.0214270270334405,13
5517,88,75,65,46,-5.024036029509364,29
5518,86,25,47,15,-5.026594655071246,10
5519,34,12,112,7,-5.029259987635679,5
5520,93,26,74,14,-5.031462008142044,12
5521,91,16,40,9,-5.034652795604084,7
5522,108,18,30,11,-5.041583987630236,7
5523,2,23,20,13,-5.04811788923968,10
5524,75,20,95,12,-5.050260152484929,8
5525,17,12,12,7,-5.051854355123881,5
5526,35,23,16,14,-5.053981282073501,9
5527,55,27,100,14,-5.057275002393836,13
5528,10,16,7,9,-5.060407065651965,7
5529,60,48,55,27,-5.061861505189225,21
5530,15,34,60,19,-5.071091727358502,15
5531,100,38,104,22,-5.075921827905519,16
5532,20,10,32,7,-5.082163415292113,3
5533,65,87,104,49,-5.083707839672146,38
5534,5,15,34,10,-5.091205514677906,5
5535,39,18,69,10,-5.092034225030051,8
5536,33,14,49,9,-5.095253781724573,5
5537,29,22,41,13,-5.098991788467605,9
5538,1,10,30,6,-5.107240382060614,4
5539,50,47,104,28,-5.128387406892863,19
5540,103,17,78,12,-5.128778719706272,5
5541,12,20,103,10,-5.129139372345028,10
5542,33,14,64,9,-5.132334361355243,5
5543,58,30,40,16,-5.133397385337805,14
5544,78,46,13,27,-5.133864021911489,19
5545,77,25,107,14,-5.133888332698847,11
5546,49,13,95,8,-5.135123793958873,5
5547,3,21,36,13,-5.136055944816982,8
5548,71,15,70,8,-5.140933357571855,7
5549,49,48,27,28,-5.1421479817942535,20
5550,70,17,13,10,-5.142156998200086,7
5551,38,17,80,9,-5.143241338130117,8
5552,97,13,11,7,-5.1491543911628765,6
5553,9,24,106,14,-5.150083731218857,10
5554,28,16,35,8,-5.153123660542294,8
5555,69,30,78,17,-5.156427155096976,13
5556,57,20,114,12,-5.15659265840436,8
5557,5,12,67,7,-5.159840528973079,5
5558,86,16,6,10,-5.164261408107595,6
5559,96,29,65,16,-5.165027076154164,13
5560,54,11,31,6,-5.168002033532433,5
5561,32,19,11,10,-5.169600921182679,9
5562,48,12,91,6,-5.179665478095682,6
5563,97,17,75,10,-5.1834390154874335,7
5564,71,10,6,6,-5.193692278292731,4
5565,113,13,40,8,-5.1937263926866155,5
5566,80,18,104,10,-5.194103195079235,8
5567,39,25,46,12,-5.196853389468726,13
5568,43,21,63,12,-5.207688448634705,9
5569,109,22,50,13,-5.207842202449347,9
5570,91,12,33,6,-5.213867650447786,6
5571,8,101,16,60,-5.215964728507033,41
5572,86,20,10,11,-5.2191524654968555,9
5573,88,101,7,58,-5.220134457500585,43
5574,106,54,54,29,-5.222938310920246,25
5575,39,23,92,12,-5.223931097826435,11
5576,5,11,35,6,-5.226534281744123,5
5577,107,60,75,39,-5.231874163862644,21
5578,19,33,13,20,-5.2358541954652935,13
5579,25,21,91,12,-5.236778929543696,9
5580,40,26,25,15,-5.242222631716464,11
5581,31,11,35,6,-5.255104723881266,5
5582,35,29,107,18,-5.259758635892076,11
5583,1,11,34,8,-5.259854618241466,3
5584,49,29,78,16,-5.2635138550447715,13
5585,102,26,11,14,-5.269694308768166,12
5586,6,20,88,12,-5.272285617199486,8
5587,62,23,13,13,-5.279557581763116,10
5588,92,12,28,8,-5.284547759707863,4
5589,86,21,99,13,-5.291638236148404,8
5590,53,13,57,7,-5.295668988217709,6
5591,69,21,15,13,-5.298709014062982,8
5592,87,19,73,13,-5.303982369774458,6
5593,47,13,58,8,-5.305481766967035,5
5594,88,100,86,58,-5.309200872049474,42
5595,3,30,41,20,-5.310066671174619,10
5596,87,41,18,24,-5.312396032103607,17
5597,61,15,86,9,-5.314125600249347,6
5598,34,21,12,12,-5.315921719029712,9
5599,3,40,7,24,-5.315954351050264,16
5600,88,47,23,29,-5.321999692699335,18
5601,51,33,5,21,-5.328986421528186,12
5602,102,14,97,9,-5.335160623731833,5
5603,90,37,54,22,-5.340914168653277,15
5604,53,53,68,31,-5.342360173932807,22
5605,50,18,78,11,-5.342630350789609,7
5606,37,66,87,38,-5.3447592965308255,28
5607,48,22,13,13,-5.345621103460161,9
5608,49,31,17,16,-5.351365626248913,15
5609,96,12,15,7,-5.353611172107386,5
5610,97,35,7,19,-5.356987360153852,16
5611,39,36,84,20,-5.36967448681498,16
5612,18,25,15,15,-5.370261713586335,10
5613,29,20,76,10,-5.371211242445575,10
5614,39,22,58,13,-5.382215528416387,9
5615,3,54,16,33,-5.389930683168938,21
5616,106,14,6,8,-5.390411966564588,6
5617,33,20,8,12,-5.397787705463005,8
5618,49,50,87,27,-5.399965650647023,23
5619,58,11,4,7,-5.405037105567137,4
5620,34,21,9,12,-5.406001466575153,9
5621,60,15,72,9,-5.412977646528739,6
5622,106,26,2,15,-5.41401262665605,11
5623,27,51,100,29,-5.416295940725653,22
5624,58,10,23,6,-5.417812881789321,4
5625,25,38,104,21,-5.422383455319622,17
5626,69,13,42,7,-5.432900919803655,6
5627,30,13,98,7,-5.435516675342795,6
5628,68,29,71,18,-5.43565333686224,11
5629,20,50,65,31,-5.436416455030898,19
5630,37,38,13,22,-5.4444858267423255,16
5631,38,19,8,11,-5.455715550555012,8
5632,50,13,57,8,-5.460704285123109,5
5633,74,13,31,8,-5.4682993706513905,5
5634,17,31,28,18,-5.468605078583842,13
5635,98,14,57,8,-5.474149624282838,6
5636,25,22,100,12,-5.476003695191376,10
5637,54,46,13,27,-5.479487703639157,19
5638,15,15,108,9,-5.486650476336331,6
5639,55,27,111,16,-5.492663797248299,11
5640,15,43,100,25,-5.494377325740486,18
5641,102,10,67,6,-5.497246561771854,4
5642,111,10,5,6,-5.501968622126494,4
5643,40,13,2,8,-5.504797437287728,5
5644,109,13,32,7,-5.508051897308614,6
5645,38,32,39,19,-5.509418569416409,13
5646,83,19,95,12,-5.510188596504651,7
5647,65,23,45,12,-5.510611418282088,11
5648,84,10,89,5,-5.518590211576736,5
5649,77,15,74,9,-5.523098396212754,6
5650,102,11,64,7,-5.525256448935211,4
5651,103,11,104,6,-5.528181230693726,5
5652,89,13,29,7,-5.531676264458072,6
5653,107,47,76,30,-5.531771427114938,17
5654,85,11,8,7,-5.538404103047143,4
5655,70,11,44,6,-5.543204446478318,5
5656,75,42,18,24,-5.546579166688548,18
5657,84,18,25,11,-5.546687618128967,7
5658,31,53,36,30,-5.548564460468655,23
5659,25,41,8,25,-5.550067480025429,16
5660,54,16,69,9,-5.552096999235808,7
5661,46,44,8,24,-5.55305372609631,20
5662,4,11,46,6,-5.556221874645653,5
5663,95,30,13,17,-5.5569838085167085,13
5664,95,10,31,6,-5.5581891593402775,4
5665,108,14,37,8,-5.561998311446509,6
5666,20,63,107,36,-5.562332766197244,27
5667,9,11,72,6,-5.567587328744072,5
5668,13,49,81,30,-5.573454415781041,19
5669,38,23,7,13,-5.5754388810337625,10
5670,44,22,20,13,-5.576158683247873,9
5671,60,58,39,33,-5.585667200444914,25
5672,96,38,20,23,-5.591064360306497,15
5673,64,17,80,9,-5.593698551425533,8
5674,10,11,23,6,-5.611414438981724,5
5675,98,16,102,9,-5.616900846312716,7
5676,91,26,68,14,-5.619466372772095,12
5677,5,10,19,6,-5.623378775596125,4
5678,3,34,49,19,-5.624837768695872,15
5679,20,16,78,9,-5.629467930549494,7
5680,46,16,109,9,-5.636528034552761,7
5681,51,47,78,25,-5.638766096914631,22
5682,104,18,62,12,-5.643310295152116,6
5683,97,10,4,6,-5.649870700339141,4
5684,16,44,20,28,-5.6538868890789145,16
5685,75,31,46,18,-5.654705399493309,13
5686,2,13,30,7,-5.655225265692612,6
5687,88,36,25,23,-5.660869431868404,13
5688,84,37,16,22,-5.660913981238356,15
5689,82,11,54,7,-5.664278302313933,4
5690,99,31,16,18,-5.665818337043018,13
5691,86,89,11,52,-5.668299424424339,37
5692,25,10,94,5,-5.671887186214522,5
5693,109,29,43,18,-5.674726747365546,11
5694,95,10,102,6,-5.685319962340827,4
5695,114,17,76,11,-5.686109810518632,6
5696,40,21,35,13,-5.68914021357686,8
5697,37,23,41,14,-5.690389002068543,9
5698,32,10,70,5,-5.69247937209622,5
5699,62,17,53,10,-5.701449545318571,7
5700,74,13,15,8,-5.7106976006271415,5
5701,55,31,109,16,-5.712408791206378,15
5702,12,16,69,8,-5.715951067980106,8
5703,9,11,93,7,-5.723540166631908,4
5704,51,26,25,15,-5.726135112848953,11
5705,9,14,45,9,-5.7278535004589894,5
5706,54,40,55,22,-5.729162102948166,18
5707,102,27,100,17,-5.729669772607344,10
5708,47,31,107,18,-5.730039668040248,13
5709,64,50,13,27,-5.733384315133941,23
5710,72,24,54,15,-5.733611490748339,9
5711,106,42,25,26,-5.737688222420903,16
5712,60,24,17,14,-5.742654989357156,10
5713,114,25,100,15,-5.743860264273012,10
5714,18,25,50,14,-5.74537053291684,11
5715,77,12,36,7,-5.751140829309575,5
5716,76,31,65,20,-5.754863201421935,11
5717,53,13,58,6,-5.756559382638675,7
5718,68,15,80,9,-5.759836210772854,6
5719,54,10,61,6,-5.763750710129662,4
5720,29,28,51,16,-5.7638840206812985,12
5721,8,35,34,21,-5.766246749506552,14
5722,87,25,58,15,-5.7682346867020975,10
5723,60,45,23,27,-5.772794691627651,18
5724,81,16,104,8,-5.786821230718971,8
5725,9,21,17,12,-5.788074839959892,9
5726,48,21,34,12,-5.788285695597516,9
5727,11,19,62,11,-5.78936924763006,8
5728,30,29,50,17,-5.790909551112376,12
5729,87,41,94,23,-5.800171335950351,18
5730,31,19,91,12,-5.801858258461764,7
5731,106,11,10,8,-5.803672894932926,3
5732,98,19,8,12,-5.806615359942181,7
5733,109,20,73,12,-5.807578339260897,8
5734,20,13,79,8,-5.810117746469003,5
5735,75,56,86,31,-5.819454003755878,25
5736,93,37,8,21,-5.824171473230354,16
5737,25,49,13,27,-5.82760144771215,22
5738,13,40,63,23,-5.83698160270361,17
5739,57,34,8,21,-5.8373147484651255,13
5740,66,13,88,8,-5.8387523732132625,5
5741,50,27,95,16,-5.842548173117497,11
5742,93,23,16,12,-5.842811946264205,11
5743,69,40,13,24,-5.843363292908417,16
5744,74,11,49,6,-5.844136641014432,5
5745,14,17,65,9,-5.850273562995321,8
5746,79,12,80,6,-5.851472407179259,6
5747,93,16,75,9,-5.854064268882732,7
5748,51,52,104,33,-5.856995324327739,19
5749,112,21,7,13,-5.863389950487477,8
5750,7,17,34,10,-5.863504951401842,7
5751,8,31,18,20,-5.865710785121708,11
5752,95,36,54,20,-5.865979569344116,16
5753,98,18,55,11,-5.870446924304781,7
5754,49,24,75,14,-5.87222587527219,10
5755,91,19,51,12,-5.873980399232273,7
5756,31,12,28,7,-5.876337878232255,5
5757,36,12,46,7,-5.882094180819337,5
5758,74,22,102,13,-5.882481039476397,9
5759,108,17,75,10,-5.885506345854971,7
5760,57,15,10,10,-5.887280827061498,5
5761,43,16,17,9,-5.888801333071097,7
5762,3,11,37,6,-5.889738338475403,5
5763,40,52,65,30,-5.891062339928423,22
5764,68,15,101,10,-5.891939886749792,5
5765,70,12,15,6,-5.893160304355028,6
5766,9,45,75,27,-5.89399328159944,18
5767,98,10,38,6,-5.899897776783364,4
5768,3,18,54,10,-5.900167075724966,8
5769,64,40,16,24,-5.910805875597546,16
5770,110,22,37,12,-5.913666685850415,10
5771,68,39,54,24,-5.918584354683417,15
5772,7,23,78,12,-5.919551023484507,11
5773,60,18,61,10,-5.9227502194184884,8
5774,114,20,73,12,-5.924435121305102,8
5775,104,26,53,15,-5.936620222245529,11
5776,53,15,28,9,-5.94574436463327,6
5777,65,56,27,34,-5.9505220277082325,22
5778,10,12,97,6,-5.9508315819177,6
5779,19,27,62,17,-5.95298199587027,10
5780,12,18,98,11,-5.956268271801367,7
5781,30,25,34,15,-5.963708824556785,10
5782,40,18,97,11,-5.9669184161403885,7
5783,81,16,47,10,-5.967835030110961,6
5784,8,30,78,18,-5.971195592839113,12
5785,94,18,114,10,-5.974081788881618,8
5786,18,20,64,12,-5.974775055211903,8
5787,109,13,71,8,-5.977466642753509,5
5788,37,17,94,10,-5.9815536162143665,7
5789,97,28,87,18,-5.983886061129735,10
5790,31,25,114,14,-5.991876520395491,11
5791,29,18,28,10,-5.99194760387537,8
5792,54,21,94,12,-6.000772945562414,9
5793,63,26,57,14,-6.001123193099421,12
5794,5,47,106,29,-6.005839560090041,18
5795,9,51,65,31,-6.006217714596816,20
5796,104,69,107,41,-6.010771127855346,28
5797,53,37,16,23,-6.0109581007292086,14
5798,35,18,27,11,-6.016767935838181,7
5799,48,15,29,9,-6.020141509256064,6
5800,107,135,16,84,-6.021613345277668,51
5801,51,52,76,32,-6.028510240188194,20
5802,68,10,26,6,-6.030745942778485,4
5803,98,24,7,15,-6.033686003781979,9
5804,55,41,104,24,-6.036207114699969,17
5805,16,27,81,16,-6.036906725272629,11
5806,63,62,8,35,-6.040704829296192,27
5807,51,30,62,18,-6.046321991251016,12
5808,18,24,63,15,-6.046455003215185,9
5809,86,39,69,23,-6.048519108301492,16
5810,68,22,20,12,-6.050979140814712,10
5811,28,22,41,13,-6.053005216366935,9
5812,84,22,98,14,-6.061006275589921,8
5813,90,11,3,6,-6.078153120016463,5
5814,102,13,23,7,-6.080684731147932,6
5815,58,19,49,10,-6.089354635837898,9
5816,84,26,9,15,-6.089357364465301,11
5817,108,14,96,8,-6.092516088942799,6
5818,86,58,27,35,-6.09397292474895,23
5819,47,11,54,6,-6.095812400128515,5
5820,69,16,62,9,-6.098141811871047,7
5821,15,12,84,7,-6.098921486728437,5
5822,76,30,98,18,-6.108080609901334,12
5823,7,12,90,7,-6.108519045195328,5
5824,48,13,10,8,-6.11091450287738,5
5825,66,24,107,14,-6.11591039623151,10
5826,31,13,81,9,-6.117159791325402,4
5827,48,17,76,11,-6.130488708954145,6
5828,43,15,23,9,-6.148918923918837,6
5829,74,24,73,15,-6.15033234594065,9
5830,68,48,114,28,-6.151577271829131,20
5831,7,32,100,19,-6.153012622391108,13
5832,88,86,54,52,-6.158750397462921,34
5833,81,11,50,6,-6.158903696641054,5
5834,100,25,23,15,-6.1602001909122555,10
5835,28,58,104,34,-6.1611678298334525,24
5836,36,47,13,29,-6.167141158071527,18
5837,93,10,80,5,-6.175234905241022,5
5838,28,17,47,10,-6.182374184386464,7
5839,40,73,13,42,-6.184837754544506,31
5840,63,21,90,12,-6.196182582339524,9
5841,2,28,63,16,-6.200018491851488,12
5842,78,31,100,19,-6.200746515672394,12
5843,70,28,74,15,-6.203999405338757,13
5844,71,30,50,17,-6.204695227712774,13
5845,88,26,108,16,-6.206778138596414,10
5846,84,15,35,9,-6.209299301194261,6
5847,70,24,114,15,-6.214622620602995,9
5848,70,37,28,22,-6.2149266559981875,15
5849,8,46,109,26,-6.215024119828955,20
5850,58,14,55,8,-6.218287556947674,6
5851,94,10,95,5,-6.229015093991729,5
5852,51,39,77,22,-6.230685980181538,17
5853,3,33,19,19,-6.231929371329674,14
5854,87,124,16,73,-6.234232599162479,51
5855,5,48,114,28,-6.237633533478719,20
5856,63,49,37,30,-6.239339617220504,19
5857,57,15,38,8,-6.244977724558426,7
5858,81,24,39,15,-6.2522820107309345,9
5859,46,10,48,6,-6.2577441282220505,4
5860,55,65,107,38,-6.262965189618901,27
5861,95,12,15,7,-6.265255655621165,5
5862,5,45,20,28,-6.270373633442779,17
5863,70,24,55,14,-6.2726471619319275,10
5864,57,10,58,6,-6.279197954526329,4
5865,4,21,86,13,-6.279484499549702,8
5866,93,14,29,8,-6.281843189307092,6
5867,4,15,12,10,-6.285579029533404,5
5868,108,15,76,9,-6.2867904412941416,6
5869,68,68,40,42,-6.288399173895761,26
5870,84,18,100,12,-6.292769168431846,6
5871,102,36,28,21,-6.294379170221608,15
5872,53,48,107,29,-6.300738049492765,19
5873,50,19,3,11,-6.302491398681792,8
5874,60,35,49,21,-6.302798279430961,14
5875,107,41,48,24,-6.323493383217477,17
5876,7,34,28,21,-6.339260574445828,13
5877,91,16,15,8,-6.341064031534599,8
5878,9,43,28,24,-6.342362216975378,19
5879,96,17,85,12,-6.345069391274803,5
5880,19,15,50,9,-6.35321554042688,6
5881,27,13,92,7,-6.356396578041118,6
5882,46,24,7,16,-6.3620461131037525,8
5883,37,10,56,6,-6.367440662879469,4
5884,102,15,33,9,-6.371524301983967,6
5885,98,20,70,13,-6.375551069484688,7
5886,86,37,34,22,-6.379234886229216,15
5887,27,16,28,11,-6.382931621067466,5
5888,81,18,19,11,-6.388873447866596,7
5889,62,36,107,20,-6.391470070338046,16
5890,96,13,33,6,-6.392035038140804,7
5891,48,38,86,23,-6.392497095701154,15
5892,70,62,54,37,-6.3937515742988325,25
5893,49,12,79,8,-6.395374558799645,4
5894,12,18,72,12,-6.398864605396907,6
5895,37,20,80,12,-6.401050818487375,8
5896,55,21,48,13,-6.406579400537664,8
5897,72,11,6,6,-6.413604067518455,5
5898,54,18,91,10,-6.414686940093469,8
5899,65,38,64,22,-6.415105269042927,16
5900,62,20,7,12,-6.416308867276496,8
5901,68,23,29,14,-6.416741070326833,9
5902,63,33,64,19,-6.416872486726011,14
5903,23,10,61,6,-6.419517618014349,4
5904,48,28,84,17,-6.421668889523295,11
5905,80,23,96,14,-6.423400971659432,9
5906,100,21,75,11,-6.42687784088126,10
5907,74,15,89,9,-6.429670108852098,6
5908,94,18,69,11,-6.4324341241447325,7
5909,33,16,68,10,-6.451134609706935,6
5910,54,28,93,18,-6.453790444084363,10
5911,91,20,8,12,-6.453847873736635,8
5912,10,15,11,9,-6.454288934219355,6
5913,15,12,35,6,-6.4672967653015005,6
5914,68,11,98,7,-6.46992769597506,4
5915,87,77,8,46,-6.477131094145285,31
5916,39,104,16,61,-6.480007578795679,43
5917,97,56,86,33,-6.486588721597318,23
5918,30,32,29,20,-6.49417264733842,12
5919,76,28,112,16,-6.4984423567384235,12
5920,55,29,74,17,-6.503619546467792,12
5921,17,49,16,32,-6.505301722134046,17
5922,97,14,39,9,-6.507571487367288,5
5923,65,66,55,39,-6.5120252706716855,27
5924,37,28,30,18,-6.513690830607849,10
5925,66,20,60,13,-6.515171561917174,7
5926,49,30,54,18,-6.5231488423200235,12
5927,64,16,44,10,-6.52641817446092,6
5928,38,12,102,9,-6.529266346603467,3
5929,86,45,64,27,-6.52945433302933,18
5930,80,13,91,8,-6.531108694088667,5
5931,34,14,94,8,-6.531647534575399,6
5932,19,35,11,22,-6.536523692400234,13
5933,3,38,30,25,-6.5390107208183155,13
5934,23,32,106,17,-6.549055396089183,15
5935,41,28,23,17,-6.550829980754915,11
5936,97,26,55,16,-6.559887224901373,10
5937,68,40,76,27,-6.559994032852324,13
5938,19,22,64,15,-6.560999233342088,7
5939,30,15,112,10,-6.562692428407155,5
5940,91,15,74,9,-6.5630560139016625,6
5941,63,31,75,18,-6.570041946714361,13
5942,114,26,53,15,-6.571088082289223,11
5943,51,118,86,67,-6.573254049244234,51
5944,57,28,84,15,-6.577348977317856,13
5945,101,11,27,7,-6.582303845846215,4
5946,73,29,86,16,-6.584732384148774,13
5947,27,30,72,17,-6.584901048603798,13
5948,19,59,87,36,-6.591091504247972,23
5949,30,14,74,8,-6.5938045244110794,6
5950,13,16,73,10,-6.598047492921338,6
5951,13,52,71,30,-6.60226683262218,22
5952,93,13,30,8,-6.605367379129465,5
5953,87,64,68,39,-6.609706842501433,25
5954,35,25,11,15,-6.6098986532599575,10
5955,29,15,70,8,-6.61208942766715,7
5956,64,18,70,12,-6.615054052504195,6
5957,77,12,102,7,-6.618078815941925,5
5958,5,48,25,29,-6.626414170343123,19
5959,51,102,39,61,-6.628453471772385,41
5960,63,29,98,17,-6.629039814212707,12
5961,13,43,47,26,-6.6302542913878515,17
5962,37,22,39,13,-6.6321566948630455,9
5963,65,30,4,18,-6.635600395573754,12
5964,71,16,74,9,-6.635644376222863,7
5965,77,33,39,19,-6.643719451133023,14
5966,5,26,32,16,-6.647447060451904,10
5967,37,19,71,11,-6.653996053488668,8
5968,69,47,16,29,-6.655151927437225,18
5969,71,11,83,6,-6.6562053803338666,5
5970,87,65,100,37,-6.656761985583143,28
5971,80,13,19,8,-6.657036501175087,5
5972,54,20,85,13,-6.664179187550934,7
5973,88,15,14,9,-6.66936824683007,6
5974,31,38,64,23,-6.680717740842573,15
5975,16,31,89,19,-6.694087275987796,12
5976,29,35,39,19,-6.700512029771623,16
5977,23,25,63,16,-6.701335055503617,9
5978,74,15,83,8,-6.7032980304888605,7
5979,87,32,108,19,-6.709856968733484,13
5980,88,132,16,81,-6.713215692163306,51
5981,97,35,28,22,-6.716635909782018,13
5982,55,32,30,20,-6.725062001131896,12
5983,103,21,39,12,-6.7260659335959305,9
5984,9,44,87,26,-6.7279032093463425,18
5985,96,38,74,24,-6.731828732252366,14
5986,80,13,41,8,-6.741244434437033,5
5987,55,14,89,8,-6.741297852450437,6
5988,19,16,104,10,-6.74217179249715,6
5989,74,23,100,14,-6.742923050259366,9
5990,68,13,45,8,-6.747691137383074,5
5991,71,10,94,6,-6.748460655059326,4
5992,109,27,63,15,-6.749986635160675,12
5993,50,17,33,10,-6.750798742645289,7
5994,88,43,39,26,-6.751316626963761,17
5995,87,43,76,27,-6.754358608353969,16
5996,29,43,65,26,-6.767708276680646,17
5997,17,18,103,12,-6.777134032154199,6
5998,42,10,8,5,-6.780541784776636,5
5999,57,20,97,12,-6.781237277284942,8
6000,108,15,79,10,-6.783855393965386,5
6001,87,29,80,18,-6.78798453778918,11
6002,38,14,2,8,-6.79244823778732,6
6003,100,15,47,9,-6.79657524504294,6
6004,49,16,28,9,-6.801284823553006,7
6005,19,24,34,15,-6.804472321599682,9
6006,108,14,28,8,-6.806119384401873,6
6007,28,21,14,14,-6.807027415542907,7
6008,102,22,50,12,-6.809919414830618,10
6009,19,26,41,17,-6.815072252782256,9
6010,76,26,13,16,-6.8154218328225875,10
6011,103,33,86,21,-6.81606276473487,12
6012,4,13,56,7,-6.8162735158796925,6
6013,31,69,68,41,-6.821634358561019,28
6014,106,25,95,16,-6.830338155584791,9
6015,29,15,20,9,-6.832826874702709,6
6016,87,90,13,56,-6.834043980926773,34
6017,47,28,75,19,-6.839491111976111,9
6018,51,99,7,62,-6.849475435937795,37
6019,68,36,11,21,-6.855439241001142,15
6020,4,43,60,24,-6.864343045215707,19
6021,34,22,29,12,-6.8665789950123175,10
6022,69,19,29,11,-6.870269758663408,8
6023,99,15,106,10,-6.882359612487443,5
6024,112,17,18,11,-6.8872676099947565,6
6025,67,13,88,9,-6.891493842154362,4
6026,14,16,39,9,-6.892280896151707,7
6027,9,52,16,34,-6.896262542179418,18
6028,8,32,68,19,-6.897514212007413,13
6029,68,21,58,13,-6.9046526848664955,8
6030,102,15,29,10,-6.909701748447181,5
6031,40,39,87,22,-6.915208460636838,17
6032,58,29,16,17,-6.92925764290842,12
6033,96,83,86,51,-6.93405772836464,32
6034,88,12,99,7,-6.939131232028662,5
6035,50,33,60,18,-6.944865376684981,15
6036,52,24,86,15,-6.945114778958062,9
6037,88,20,58,12,-6.951724289335951,8
6038,51,25,4,16,-6.952578906103848,9
6039,50,19,91,12,-6.959059467736709,7
6040,104,18,32,12,-6.959225086389552,6
6041,39,15,111,9,-6.9608600117118025,6
6042,87,22,102,14,-6.961827622477074,8
6043,36,34,16,21,-6.9623095532486765,13
6044,97,23,18,14,-6.9651635757198616,9
6045,43,22,57,15,-6.979538883847616,7
6046,6,12,15,8,-6.9844847610743175,4
6047,30,30,53,18,-6.98498975026545,12
6048,55,20,17,11,-6.987444025974708,9
6049,13,24,111,13,-6.9889422498925144,11
6050,5,15,62,9,-6.992708759597398,6
6051,37,18,89,9,-7.006041314616402,9
6052,69,13,40,9,-7.006717860168273,4
6053,53,27,87,15,-7.022639512769472,12
6054,40,15,95,9,-7.026458120737084,6
6055,43,10,80,6,-7.031005677454653,4
6056,27,19,37,12,-7.034792767414977,7
6057,60,18,94,11,-7.0351599724686675,7
6058,91,44,16,29,-7.037805977457202,15
6059,114,11,72,6,-7.039741382461145,5
6060,17,22,11,13,-7.039864252889303,9
6061,57,26,3,16,-7.046184284491375,10
6062,36,18,99,12,-7.061516094995867,6
6063,63,65,51,37,-7.0629792709775,28
6064,25,50,37,29,-7.070541112352608,21
6065,53,10,85,7,-7.078145746437185,3
6066,12,15,63,8,-7.082818499870269,7
6067,3,27,104,17,-7.08628040850776,10
6068,55,21,27,14,-7.087211713998168,7
6069,38,26,63,18,-7.091217263422915,8
6070,45,10,1,6,-7.100044646871245,4
6071,54,32,100,20,-7.1062650526850275,12
6072,55,51,40,32,-7.109300201154281,19
6073,106,64,13,39,-7.112707704477981,25
6074,7,33,45,20,-7.1141476412284765,13
6075,83,30,86,20,-7.11486297608935,10
6076,35,10,57,7,-7.121001943594234,3
6077,107,12,67,8,-7.124134838046413,4
6078,93,12,13,7,-7.127658172301537,5
6079,63,77,16,47,-7.128365700865015,30
6080,15,39,27,22,-7.136849333340006,17
6081,78,13,33,8,-7.142209395263028,5
6082,69,12,111,7,-7.144443379259749,5
6083,51,26,97,17,-7.145200913148903,9
6084,37,14,29,8,-7.147246302868524,6
6085,77,30,41,20,-7.157604762874669,10
6086,14,14,86,8,-7.166696838482465,6
6087,86,50,41,32,-7.1720458034467285,18
6088,112,16,36,10,-7.175574629533444,6
6089,29,24,98,15,-7.180316216962129,9
6090,88,50,63,32,-7.181466866993262,18
6091,39,18,90,10,-7.188846058446482,8
6092,43,15,112,9,-7.1893251112725824,6
6093,95,14,14,9,-7.1971223272437035,5
6094,93,14,98,8,-7.212314028509714,6
6095,46,49,16,31,-7.21524117201606,18
6096,12,31,78,21,-7.222144018862552,10
6097,30,16,114,9,-7.223280031087748,7
6098,90,15,41,9,-7.225732946536368,6
6099,15,14,34,9,-7.239632801045709,5
6100,40,27,114,18,-7.240772461331045,9
6101,5,14,31,9,-7.246607645789557,5
6102,8,42,13,26,-7.249552270590034,16
6103,96,12,69,8,-7.252755690648866,4
6104,51,43,64,26,-7.252860388799222,17
6105,81,19,75,12,-7.259552889264537,7
6106,98,17,20,11,-7.267496359610289,6
6107,70,16,110,10,-7.267896542251019,6
6108,68,20,55,13,-7.2739791513354835,7
6109,17,18,23,11,-7.286484354574565,7
6110,54,18,2,12,-7.287492324178091,6
6111,40,31,43,18,-7.287691070183644,13
6112,68,32,23,18,-7.289923232946887,14
6113,92,17,51,10,-7.298086943273571,7
6114,98,27,5,16,-7.2988387616369135,11
6115,103,30,27,19,-7.301178067223103,11
6116,87,42,78,26,-7.303543911874046,16
6117,3,28,78,16,-7.304787220480848,12
6118,5,42,70,25,-7.323141246130925,17
6119,88,30,62,18,-7.323841783087015,12
6120,109,24,100,16,-7.329916484501671,8
6121,2,16,75,9,-7.332326563651876,7
6122,72,15,76,10,-7.333721136809698,5
6123,11,19,75,11,-7.336654356306241,8
6124,49,23,72,14,-7.338869641082937,9
6125,104,41,40,26,-7.342291894534158,15
6126,114,18,23,12,-7.3449426375970175,6
6127,61,11,41,7,-7.351525315520968,4
6128,49,25,34,15,-7.352338099314809,10
6129,33,16,25,11,-7.365926272964513,5
6130,70,36,87,20,-7.366475833781512,16
6131,61,10,106,7,-7.366885826585401,3
6132,80,14,31,10,-7.367135464628979,4
6133,88,12,56,7,-7.371104573008601,5
6134,71,10,73,6,-7.37323406519455,4
6135,23,48,13,27,-7.373546879981892,21
6136,81,19,71,12,-7.374213709282576,7
6137,92,15,16,11,-7.376894869640721,4
6138,56,22,7,13,-7.387479337914442,9
6139,28,15,10,10,-7.394064388880875,5
6140,76,14,75,8,-7.401272000460671,6
6141,94,11,20,7,-7.404911652749632,4
6142,91,10,77,6,-7.405339289847274,4
6143,20,30,70,19,-7.408681007686707,11
6144,41,34,36,18,-7.412500474371832,16
6145,5,18,73,11,-7.416873021801379,7
6146,76,60,86,36,-7.418102944439206,24
6147,15,30,8,17,-7.419542784867986,13
6148,62,17,30,10,-7.428902113557478,7
6149,16,24,6,13,-7.439865172191105,11
6150,71,12,11,7,-7.444969376445685,5
6151,69,18,47,11,-7.454070061027654,7
6152,70,12,100,7,-7.458777129644962,5
6153,80,11,27,7,-7.461746767808682,4
6154,53,12,45,7,-7.463487107897498,5
6155,39,18,110,12,-7.4641114165704305,6
6156,36,14,70,8,-7.476080415111225,6
6157,74,19,34,13,-7.479438239426344,6
6158,76,15,71,8,-7.4875920550169335,7
6159,109,21,7,13,-7.49374057253885,8
6160,93,10,64,5,-7.507177747442427,5
6161,61,16,107,9,-7.509321940652875,7
6162,38,12,62,8,-7.514124412933273,4
6163,47,11,85,8,-7.514718359567318,3
6164,17,39,86,22,-7.514722263451874,17
6165,66,17,65,11,-7.515278237298981,6
6166,31,11,6,6,-7.520489323813347,5
6167,17,18,41,12,-7.526219064648916,6
6168,55,11,6,8,-7.526848268362221,3
6169,7,16,33,9,-7.5321884826380465,7
6170,55,22,34,13,-7.534603126846269,9
6171,46,10,85,7,-7.538229298143683,3
6172,38,31,16,22,-7.5397340323526425,9
6173,55,74,16,47,-7.540678563620174,27
6174,112,31,53,17,-7.574348903828082,14
6175,112,17,58,10,-7.574468513714297,7
6176,77,25,12,15,-7.576465102864338,10
6177,47,15,23,10,-7.579720378772664,5
6178,43,22,49,14,-7.580081398941197,8
6179,109,14,62,7,-7.5814799083377205,7
6180,85,12,3,6,-7.5842525005471515,6
6181,114,31,28,18,-7.584853881328922,13
6182,36,10,72,6,-7.585561627806541,4
6183,84,18,103,10,-7.589982363677433,8
6184,36,20,18,12,-7.594902878501233,8
6185,78,50,27,33,-7.606628518548326,17
6186,69,32,60,18,-7.6138451240077565,14
6187,27,14,71,9,-7.620974472293361,5
6188,3,28,28,17,-7.638630473496032,11
6189,5,29,97,19,-7.6394183021151285,10
6190,60,11,70,7,-7.646435749026205,4
6191,31,13,33,7,-7.647223417443057,6
6192,60,39,104,27,-7.655966632440938,12
6193,66,11,104,8,-7.658809119364056,3
6194,112,29,27,18,-7.661494705671576,11
6195,96,24,37,14,-7.665844925696508,10
6196,38,29,37,18,-7.668156637885104,11
6197,49,10,108,6,-7.66866894133045,4
6198,9,38,8,21,-7.6727541362269935,17
6199,11,32,5,20,-7.687442157533872,12
6200,7,25,111,15,-7.690323425771979,10
6201,96,11,62,8,-7.693312023908734,3
6202,1,28,86,17,-7.696680317913665,11
6203,68,61,75,39,-7.698232004910779,22
6204,103,12,8,8,-7.7073602754994885,4
6205,96,21,114,13,-7.708209589747937,8
6206,103,28,11,19,-7.717567343247043,9
6207,104,17,78,11,-7.72449974280056,6
6208,57,37,11,21,-7.727829388644563,16
6209,101,14,16,9,-7.729447625525019,5
6210,29,18,46,9,-7.738693511487552,9
6211,84,11,44,6,-7.74146437073986,5
6212,111,10,30,7,-7.744421754490768,3
6213,68,29,28,19,-7.748993038967355,10
6214,51,19,111,12,-7.750696049131197,7
6215,73,11,53,7,-7.756297558195459,4
6216,114,14,92,10,-7.774797164908201,4
6217,81,18,114,10,-7.77743951670038,8
6218,17,19,72,12,-7.778851597585445,7
6219,111,10,47,6,-7.786638633209638,4
6220,31,31,107,16,-7.788469010128701,15
6221,86,43,98,26,-7.794241978231682,17
6222,110,12,114,8,-7.800316810979699,4
6223,46,46,25,27,-7.8204011950255445,19
6224,108,14,54,10,-7.821734358546889,4
6225,49,74,39,48,-7.824718155930495,26
6226,17,22,5,15,-7.829641724195978,7
6227,77,34,30,21,-7.831021537409563,13
6228,93,16,70,10,-7.834949393241651,6
6229,1,20,114,13,-7.837742070296789,7
6230,66,13,11,7,-7.856337586346076,6
6231,91,26,106,17,-7.859341034872009,9
6232,35,12,44,7,-7.859665557157527,5
6233,2,30,28,19,-7.862984699152352,11
6234,90,25,114,15,-7.8701656835045455,10
6235,77,35,27,22,-7.8745216976485,13
6236,40,34,54,21,-7.877426017050995,13
6237,19,30,103,18,-7.8859698391052335,12
6238,94,18,3,11,-7.8995884826671166,7
6239,29,16,17,9,-7.89967630532443,7
6240,90,14,53,9,-7.9010322992925905,5
6241,49,16,89,10,-7.904313341535027,6
6242,31,11,78,6,-7.904414780494012,5
6243,38,13,71,9,-7.906029048659732,4
6244,61,14,30,9,-7.91063391039008,5
6245,82,10,88,6,-7.912578083642501,4
6246,98,20,108,12,-7.913100401728397,8
6247,33,13,30,9,-7.913395188124868,4
6248,109,19,94,11,-7.9148603170784515,8
6249,89,19,51,12,-7.932827339572911,7
6250,71,19,98,12,-7.940784287039028,7
6251,86,46,43,29,-7.944824738230936,17
6252,66,15,87,9,-7.946121045220587,6
6253,39,21,23,13,-7.963088024258928,8
6254,50,44,75,29,-7.963443352466475,15
6255,84,28,5,17,-7.986435375626319,11
6256,3,19,20,12,-7.987586080022353,7
6257,40,16,98,9,-7.993416961646093,7
6258,96,19,102,12,-7.995631160966492,7
6259,43,45,107,28,-7.997255718950938,17
6260,81,18,41,12,-8.009042710590085,6
6261,98,31,91,19,-8.010154956050261,12
6262,5,28,65,17,-8.01209130053563,11
6263,9,11,35,6,-8.012816785902416,5
6264,52,12,63,7,-8.01519600341839,5
6265,69,39,49,22,-8.022601173310019,17
6266,18,18,100,10,-8.035989461751754,8
6267,48,15,98,10,-8.040930745507076,5
6268,39,55,30,32,-8.047157218235913,23
6269,84,36,20,25,-8.048616703285953,11
6270,46,15,19,9,-8.056646218005667,6
6271,68,29,97,18,-8.0623155896758,11
6272,70,18,50,10,-8.072010588554928,8
6273,97,16,110,10,-8.077466293642962,6
6274,32,17,8,10,-8.079749532998788,7
6275,4,17,43,10,-8.083539648296876,7
6276,94,36,27,23,-8.09009745193836,13
6277,51,14,73,9,-8.097743889322738,5
6278,77,17,17,10,-8.106011789729994,7
6279,111,11,81,8,-8.120062859865858,3
6280,98,12,9,7,-8.123745049728663,5
6281,110,11,20,7,-8.125291114928709,4
6282,55,36,50,21,-8.131693382626928,15
6283,102,24,107,14,-8.132228988483364,10
6284,107,14,56,8,-8.14241374429404,6
6285,112,10,4,6,-8.145974306589785,4
6286,38,18,12,11,-8.148426278473254,7
6287,65,26,18,16,-8.153871588166583,10
6288,38,26,30,18,-8.156860600016582,8
6289,64,15,62,8,-8.16208391087894,7
6290,40,16,92,10,-8.191919233506125,6
6291,39,25,74,15,-8.195535087876934,10
6292,103,27,107,17,-8.200354384886367,10
6293,11,39,100,25,-8.205011502823506,14
6294,81,11,80,6,-8.214427134711952,5
6295,40,14,112,8,-8.221202026655064,6
6296,71,10,99,6,-8.224966300288866,4
6297,7,31,37,19,-8.226042864777217,12
6298,106,21,69,13,-8.230262561693126,8
6299,1,18,75,12,-8.241769187322507,6
6300,76,10,93,6,-8.25053412937542,4
6301,14,12,37,7,-8.266467835075428,5
6302,86,72,100,43,-8.268879432861745,29
6303,45,20,60,12,-8.270932074255702,8
6304,91,18,41,12,-8.276671952774398,6
6305,79,14,15,8,-8.279617988476957,6
6306,12,12,20,7,-8.2822755899988,5
6307,106,31,90,21,-8.283845461248367,10
6308,58,10,109,6,-8.291034573977958,4
6309,109,55,54,36,-8.298335466874402,19
6310,56,17,86,11,-8.300855291965847,6
6311,63,13,92,7,-8.301235837359338,6
6312,109,13,91,8,-8.302894097359493,5
6313,109,23,74,15,-8.306575916019817,8
6314,46,43,37,29,-8.306667442353499,14
6315,51,20,79,11,-8.309517555811905,9
6316,9,15,25,10,-8.323455878342044,5
6317,68,23,72,15,-8.332143394635237,8
6318,96,25,48,16,-8.343995751105185,9
6319,102,32,65,21,-8.353467426988889,11
6320,31,33,41,21,-8.353957395244581,12
6321,5,22,7,14,-8.357081514884822,8
6322,76,26,100,15,-8.358757880027346,11
6323,94,28,39,17,-8.363460408949937,11
6324,25,45,7,29,-8.372806618348298,16
6325,13,29,58,20,-8.381428024864281,9
6326,68,25,62,15,-8.382615098007266,10
6327,61,12,69,9,-8.397253145469623,3
6328,13,49,30,31,-8.401319363935377,18
6329,51,27,94,17,-8.403248207266076,10
6330,38,13,34,9,-8.408653659785248,4
6331,67,14,109,7,-8.410228891959633,7
6332,102,12,41,8,-8.421036787338002,4
6333,90,19,73,12,-8.42410199186246,7
6334,114,20,55,13,-8.432483182241098,7
6335,70,24,96,13,-8.43741799102626,11
6336,49,48,107,31,-8.440865653393345,17
6337,41,24,8,16,-8.446748885751395,8
6338,96,14,95,9,-8.450373982592186,5
6339,72,12,38,7,-8.45042764483607,5
6340,34,26,78,16,-8.458913509165539,10
6341,12,23,53,14,-8.460797624804181,9
6342,106,16,12,11,-8.461406597257817,5
6343,20,37,63,22,-8.464473402081476,15
6344,112,26,39,16,-8.464674026518868,10
6345,48,20,50,13,-8.466418162124782,7
6346,66,11,30,8,-8.470012652510327,3
6347,85,14,55,9,-8.476039600481299,5
6348,43,59,13,34,-8.480788752229824,25
6349,69,19,104,13,-8.491359963005362,6
6350,40,28,64,18,-8.496071624321132,10
6351,45,10,91,6,-8.504304930616431,4
6352,109,10,33,6,-8.506616474826913,4
6353,8,35,95,21,-8.511725721270736,14
6354,52,11,50,6,-8.515472572504802,5
6355,77,11,80,7,-8.51548819382583,4
6356,9,22,20,14,-8.515923532058862,8
6357,69,22,81,13,-8.51799786685539,9
6358,61,20,53,14,-8.524850655507475,6
6359,63,11,110,7,-8.534985747455591,4
6360,13,24,26,16,-8.537936884857828,8
6361,65,13,91,8,-8.541931736396268,5
6362,35,12,94,7,-8.545638882275085,5
6363,67,15,16,10,-8.550473387804702,5
6364,2,11,94,7,-8.550586885180524,4
6365,36,11,78,7,-8.552435160203325,4
6366,88,31,30,18,-8.567214048252747,13
6367,71,13,91,8,-8.567246551132914,5
6368,107,25,111,14,-8.570266784296766,11
6369,93,10,49,6,-8.572163796775678,4
6370,104,22,9,14,-8.574493523715214,8
6371,55,23,95,15,-8.575006509864881,8
6372,27,31,54,19,-8.576213735116385,12
6373,77,18,53,11,-8.57678025133704,7
6374,87,22,4,15,-8.590843038311565,7
6375,107,34,2,22,-8.596357154255273,12
6376,6,23,44,16,-8.597523681350717,7
6377,6,22,13,14,-8.600067561462975,8
6378,94,23,76,16,-8.600986903139278,7
6379,14,22,16,14,-8.606971231031414,8
6380,65,16,85,10,-8.614950001639382,6
6381,114,12,77,7,-8.61684502256807,5
6382,103,18,43,12,-8.622443217644589,6
6383,8,28,73,17,-8.656865963639591,11
6384,58,12,70,8,-8.66252309250944,4
6385,54,11,53,7,-8.670288326383611,4
6386,31,12,19,8,-8.676840084796208,4
6387,68,67,39,41,-8.679610428054557,26
6388,20,41,39,24,-8.683414479878408,17
6389,77,13,46,8,-8.692557302357292,5
6390,3,16,38,10,-8.700552917920668,6
6391,62,23,28,14,-8.703867920620004,9
6392,86,15,45,9,-8.710518828201984,6
6393,3,27,40,18,-8.719928293728282,9
6394,17,22,4,15,-8.727735068009611,7
6395,46,26,57,16,-8.73890097930274,10
6396,32,11,65,7,-8.739314169667134,4
6397,106,14,38,7,-8.745019433529976,7
6398,85,12,41,7,-8.754152386383815,5
6399,52,16,28,10,-8.757305556361812,6
6400,84,34,8,22,-8.76285424467774,12
6401,84,37,74,21,-8.764103490564016,16
6402,88,42,15,29,-8.764269632154088,13
6403,1,27,16,19,-8.777340054296332,8
6404,99,14,77,10,-8.784719144285264,4
6405,107,11,26,7,-8.789963547813732,4
6406,46,12,6,7,-8.79137101803374,5
6407,19,18,63,12,-8.792724982250471,6
6408,47,21,11,14,-8.793803106813352,7
6409,89,16,48,12,-8.797618045530104,4
6410,38,19,11,12,-8.800255391920867,7
6411,42,10,106,7,-8.802546839644405,3
6412,87,69,27,44,-8.806762686157485,25
6413,47,18,36,12,-8.810892372607714,6
6414,19,19,84,12,-8.81339664085273,7
6415,77,22,63,15,-8.819997532642512,7
6416,36,19,63,12,-8.822881427312195,7
6417,9,26,76,17,-8.828926017071298,9
6418,15,12,89,7,-8.830075201869482,5
6419,107,40,12,27,-8.830240406285608,13
6420,29,31,100,19,-8.841937017793759,12
6421,87,15,32,10,-8.844155029434871,5
6422,93,47,65,28,-8.847119413638655,19
6423,51,16,35,10,-8.849945437990394,6
6424,68,21,34,13,-8.850128344712713,8
6425,12,15,6,8,-8.87368712650089,7
6426,98,12,112,8,-8.873991556640123,4
6427,18,52,16,34,-8.874458678076579,18
6428,53,11,49,7,-8.876928289416249,4
6429,107,24,45,15,-8.882581208643296,9
6430,13,23,90,15,-8.883764352926047,8
6431,15,18,12,11,-8.884258899077805,7
6432,97,12,69,8,-8.888377862411462,4
6433,27,77,16,49,-8.892060221661591,28
6434,12,32,94,19,-8.90023153026558,13
6435,10,15,63,10,-8.910939208335906,5
6436,43,38,100,23,-8.917383841964034,15
6437,25,19,110,13,-8.91770167255822,6
6438,88,10,26,6,-8.919527282390273,4
6439,29,29,84,18,-8.921575167609983,11
6440,98,15,3,8,-8.926309600802394,7
6441,29,22,49,14,-8.92665983569728,8
6442,60,49,27,33,-8.928785554550485,16
6443,31,12,73,8,-8.93891957013575,4
6444,74,26,51,18,-8.938947542412071,8
6445,70,11,73,6,-8.941351293720283,5
6446,91,33,87,22,-8.944507965742197,11
6447,87,31,34,20,-8.94713956770959,11
6448,48,14,69,8,-8.947708246863764,6
6449,39,45,18,29,-8.951686778360688,16
6450,41,34,11,23,-8.953991407123155,11
6451,30,16,17,9,-8.956802894861456,7
6452,81,14,11,9,-8.967824856070829,5
6453,53,27,27,18,-8.968048711845618,9
6454,114,20,47,12,-8.969382880850311,8
6455,103,19,34,13,-8.970243702574697,6
6456,36,18,97,11,-8.970668153566258,7
6457,81,10,48,7,-8.989696104511102,3
6458,80,15,78,10,-8.990142670025016,5
6459,49,15,94,10,-8.993951503059861,5
6460,65,25,1,15,-9.00217902882169,10
6461,5,64,8,40,-9.002251377410767,24
6462,50,19,85,12,-9.007921978503544,7
6463,36,15,5,9,-9.008614310253616,6
6464,39,25,91,16,-9.014113578195186,9
6465,108,21,48,14,-9.016454394528633,7
6466,37,20,49,12,-9.027668819657334,8
6467,87,55,7,36,-9.031940434035896,19
6468,76,43,16,25,-9.037728585176415,18
6469,45,16,35,9,-9.040031591861498,7
6470,51,31,95,21,-9.0604562345489,10
6471,86,29,44,19,-9.073857704921483,10
6472,55,14,49,9,-9.07453979611351,5
6473,107,39,80,26,-9.074881524481428,13
6474,40,16,57,10,-9.07504759076948,6
6475,3,21,53,14,-9.076818822513886,7
6476,75,12,94,8,-9.08090116606965,4
6477,45,11,58,7,-9.091525705777384,4
6478,31,15,109,10,-9.113887572404181,5
6479,17,11,92,7,-9.114563540800479,4
6480,81,16,77,10,-9.116144001105658,6
6481,2,13,57,8,-9.119959996501732,5
6482,112,23,28,15,-9.120223564016392,8
6483,5,11,1,7,-9.143641454097294,4
6484,106,25,39,15,-9.155969378752738,10
6485,5,43,50,26,-9.15604936984071,17
6486,10,14,76,9,-9.15717818444399,5
6487,63,21,62,13,-9.161474645821354,8
6488,72,14,63,10,-9.168022793278993,4
6489,61,12,75,7,-9.169495709034498,5
6490,37,15,34,10,-9.170559355322496,5
6491,29,22,112,14,-9.17461030773198,8
6492,38,14,53,9,-9.179468731240128,5
6493,58,19,54,11,-9.183988111852093,8
6494,91,14,23,8,-9.188824217195526,6
6495,18,31,68,20,-9.190826393650623,11
6496,63,16,81,10,-9.193429569946275,6
6497,114,21,95,13,-9.195016624238175,8
6498,48,15,100,9,-9.202663576630133,6
6499,41,10,79,6,-9.204704069079497,4
6500,90,11,93,7,-9.204947446014167,4
6501,109,22,68,15,-9.205767765094535,7
6502,51,25,34,16,-9.212488951151755,9
6503,69,16,70,11,-9.22734622840158,5
6504,100,10,93,7,-9.229250964204907,3
6505,20,23,91,14,-9.233435902067155,9
6506,62,12,18,8,-9.234800982158575,4
6507,53,15,78,9,-9.245467105519944,6
6508,93,27,87,17,-9.265524424049662,10
6509,84,23,104,14,-9.266746412193928,9
6510,60,26,47,17,-9.272798561110864,9
6511,40,24,62,13,-9.275726600058688,11
6512,49,29,98,19,-9.27975291225348,10
6513,89,15,19,10,-9.286097473243418,5
6514,38,10,45,7,-9.31109379184883,3
6515,9,30,18,20,-9.325317307118524,10
6516,84,10,77,7,-9.326879307665173,3
6517,81,13,54,8,-9.33569894630605,5
6518,58,17,30,11,-9.339364724047497,6
6519,87,20,1,12,-9.344990956449259,8
6520,28,12,26,8,-9.352858082446945,4
6521,12,19,28,13,-9.36472715251189,6
6522,89,10,23,7,-9.36938210312373,3
6523,4,16,27,10,-9.378715415982098,6
6524,38,12,103,9,-9.379557577066373,3
6525,95,13,29,8,-9.382021477576465,5
6526,54,14,73,9,-9.382932635383147,5
6527,36,11,109,8,-9.390936468630551,3
6528,38,16,27,11,-9.401601002215303,5
6529,64,26,55,18,-9.403088873544014,8
6530,56,13,16,9,-9.403965360554952,4
6531,2,15,13,9,-9.422510080465477,6
6532,76,20,34,12,-9.434786757726329,8
6533,63,11,32,7,-9.44232166344675,4
6534,114,12,89,7,-9.444885030105084,5
6535,9,22,11,14,-9.452997859790166,8
6536,87,49,43,32,-9.45365235059431,17
6537,15,15,48,9,-9.456844892945968,6
6538,12,41,100,26,-9.470438545836245,15
6539,57,16,23,10,-9.474501256774843,6
6540,87,22,89,15,-9.4813289614704,7
6541,5,29,75,17,-9.487135559909316,12
6542,99,22,37,15,-9.502759058160704,7
6543,51,35,15,22,-9.503627084553731,13
6544,2,13,114,8,-9.509158562417845,5
6545,69,13,33,8,-9.51115802646404,5
6546,36,17,8,11,-9.51236026695053,6
6547,25,32,20,21,-9.520523686179047,11
6548,31,22,1,13,-9.525804060927038,9
6549,97,11,92,6,-9.525917165548371,5
6550,75,11,20,7,-9.527707505687728,4
6551,94,14,9,8,-9.535806051453793,6
6552,11,21,49,14,-9.537581473711532,7
6553,107,25,33,15,-9.539564483245073,10
6554,3,59,13,39,-9.539635345466152,20
6555,69,17,72,11,-9.540698034174632,6
6556,3,17,17,10,-9.55033737225928,7
6557,60,35,100,23,-9.557512946143166,12
6558,31,28,27,16,-9.569633624787402,12
6559,89,12,78,8,-9.575146537341476,4
6560,7,20,73,12,-9.582485903794176,8
6561,43,21,54,13,-9.585604342831406,8
6562,31,10,92,6,-9.586105290347549,4
6563,34,16,102,11,-9.58776658698314,5
6564,53,13,8,9,-9.596286006275319,4
6565,10,15,16,10,-9.607669865815328,5
6566,84,18,83,11,-9.609473734372155,7
6567,8,14,99,8,-9.611065592860319,6
6568,30,17,80,11,-9.61803117509945,6
6569,109,17,70,11,-9.623350653501724,6
6570,53,23,41,15,-9.631953807885303,8
6571,8,40,75,27,-9.637059553855455,13
6572,114,10,22,5,-9.649313306364826,5
6573,46,41,74,27,-9.651769490532573,14
6574,88,11,21,7,-9.65721273441522,4
6575,71,12,100,8,-9.660687520316314,4
6576,49,17,47,12,-9.661152599727629,5
6577,60,47,64,32,-9.661747726131635,15
6578,62,13,43,8,-9.668336863011302,5
6579,65,18,79,11,-9.675692837298339,7
6580,112,22,88,14,-9.681832903230308,8
6581,114,34,8,23,-9.699231858321156,11
6582,48,10,2,7,-9.702269151070572,3
6583,111,18,28,12,-9.712251206209237,6
6584,96,48,16,34,-9.712671053609277,14
6585,8,15,52,10,-9.715026692600484,5
6586,37,12,78,8,-9.719307443467276,4
6587,31,19,43,9,-9.72085277355369,10
6588,13,35,108,23,-9.73762618587381,12
6589,84,52,63,32,-9.747162233837335,20
6590,38,10,49,7,-9.749746841362613,3
6591,53,14,15,9,-9.75938988218119,5
6592,83,24,37,15,-9.78372636697842,9
6593,35,27,76,17,-9.787487717233065,10
6594,93,10,62,6,-9.798162399200411,4
6595,62,16,114,10,-9.799890996069497,6
6596,109,21,53,14,-9.80472277411344,7
6597,70,10,111,6,-9.807746966138032,4
6598,18,24,106,16,-9.811498602513076,8
6599,79,18,104,11,-9.811537818194267,7
6600,48,40,63,26,-9.811551158222231,14
6601,17,24,40,16,-9.815776001763272,8
6602,109,40,11,27,-9.818197495918092,13
6603,109,12,81,8,-9.819741316945185,4
6604,57,13,54,10,-9.824315369895022,3
6605,96,26,7,18,-9.825450759982106,8
6606,109,19,75,13,-9.83076635543319,6
6607,47,17,9,11,-9.833363334347133,6
6608,19,18,17,12,-9.838733881450878,6
6609,98,10,53,6,-9.839111782848333,4
6610,3,10,74,7,-9.841517466916367,3
6611,72,10,55,7,-9.84310611958416,3
6612,12,35,60,20,-9.844876554733125,15
6613,49,25,41,16,-9.850867639271204,9
6614,33,26,51,19,-9.853114112635913,7
6615,31,32,9,21,-9.853659783790295,11
6616,71,15,17,9,-9.87407872077162,6
6617,16,20,110,13,-9.893450419413215,7
6618,83,14,11,10,-9.896151919094919,4
6619,68,21,103,13,-9.904114100948451,8
6620,60,34,54,23,-9.913747967452045,11
6621,70,18,30,11,-9.913973705469942,7
6622,57,11,1,7,-9.916035104284749,4
6623,2,10,95,7,-9.920312629990494,3
6624,29,15,75,9,-9.923300198268766,6
6625,103,24,13,17,-9.928864295214371,7
6626,76,13,64,8,-9.936646521389381,5
6627,90,14,46,9,-9.960134782518509,5
6628,61,15,6,10,-9.976861344972216,5
6629,12,16,114,9,-9.985343546707199,7
6630,65,25,95,16,-9.987438820754926,9
6631,61,11,58,7,-9.991140661268366,4
6632,77,21,15,14,-9.998659269021648,7
6633,71,23,104,14,-10.004145398382484,9
6634,63,19,111,12,-10.01291034850113,7
6635,75,39,28,26,-10.021801272184058,13
6636,84,27,30,19,-10.023299208241367,8
6637,72,21,28,14,-10.026127135244147,7
6638,107,13,110,9,-10.034721322746929,4
6639,3,10,70,7,-10.036631807498473,3
6640,38,10,44,7,-10.048373138060265,3
6641,10,16,107,10,-10.056408787562024,6
6642,40,18,73,12,-10.060776256522114,6
6643,98,23,13,16,-10.06139922498924,7
6644,83,23,13,15,-10.067954696106945,8
6645,49,16,40,10,-10.077718304922938,6
6646,15,27,43,18,-10.10018668264288,9
6647,54,21,71,13,-10.113144202991709,8
6648,36,36,53,25,-10.114732824687984,11
6649,29,11,74,7,-10.117149758840515,4
6650,114,12,78,7,-10.123963867745248,5
6651,19,33,51,23,-10.13569060891496,10
6652,31,37,53,23,-10.136338371296794,14
6653,23,11,96,7,-10.143008283174428,4
6654,68,16,92,11,-10.147306838487292,5
6655,9,12,6,7,-10.175309866966636,5
6656,48,14,90,9,-10.193948361787585,5
6657,33,13,71,9,-10.195530501937558,4
6658,2,15,98,9,-10.19860338932166,6
6659,37,42,97,28,-10.199316810918765,14
6660,104,19,90,12,-10.205908373136614,7
6661,31,17,30,10,-10.214096274935347,7
6662,48,10,97,6,-10.221233545434696,4
6663,79,12,75,8,-10.235318929578343,4
6664,57,16,75,11,-10.238315344226487,5
6665,106,16,67,10,-10.25216143423421,6
6666,76,33,23,21,-10.259651294452182,12
6667,3,16,47,11,-10.263621577333433,5
6668,107,50,57,32,-10.282855713553424,18
6669,112,24,60,16,-10.282975838759189,8
6670,76,39,63,27,-10.294441268951953,12
6671,28,37,74,24,-10.332746781815512,13
6672,39,23,108,14,-10.341615848120973,9
6673,54,48,37,32,-10.345446907641223,16
6674,102,16,40,10,-10.346146758066931,6
6675,27,15,17,9,-10.354549099588292,6
6676,7,10,94,7,-10.355621654064777,3
6677,12,24,104,16,-10.358875950961007,8
6678,88,39,50,25,-10.36486098410092,14
6679,18,49,13,32,-10.36629502959634,17
6680,69,24,63,16,-10.366973166191586,8
6681,91,36,63,25,-10.368824470659426,11
6682,55,16,15,12,-10.370537288257989,4
6683,68,14,108,9,-10.37834742902957,5
6684,93,16,106,10,-10.37915501513517,6
6685,19,16,18,11,-10.389246220506255,5
6686,23,23,49,15,-10.408633938410516,8
6687,20,18,33,12,-10.409025528596041,6
6688,103,22,49,14,-10.414318132058174,8
6689,29,35,60,22,-10.420897470065029,13
6690,41,31,100,20,-10.421036364082319,11
6691,39,16,44,10,-10.434810009571386,6
6692,46,15,78,9,-10.43532016213296,6
6693,9,17,43,10,-10.43571876790201,7
6694,112,28,64,20,-10.456743108722609,8
6695,9,27,64,19,-10.495957554452962,8
6696,88,44,53,30,-10.519286458480718,14
6697,36,27,27,17,-10.52334959933135,10
6698,97,19,71,13,-10.523533962196904,6
6699,68,19,50,11,-10.535408083030939,8
6700,12,19,74,13,-10.540285470313428,6
6701,52,11,15,7,-10.544640188021937,4
6702,79,13,19,8,-10.549815768045507,5
6703,40,17,28,10,-10.551622113062642,7
6704,9,15,95,9,-10.569002592922947,6
6705,75,26,104,17,-10.574353916694225,9
6706,15,12,58,9,-10.577771186457172,3
6707,91,31,7,22,-10.609100286101581,9
6708,103,13,28,9,-10.609246701939707,4
6709,103,11,48,8,-10.609852030111927,3
6710,3,10,80,6,-10.612199935723584,4
6711,91,24,30,17,-10.658543869059741,7
6712,33,17,63,11,-10.66390349401416,6
6713,77,20,98,14,-10.67353135151257,6
6714,16,13,26,8,-10.706904728086888,5
6715,36,13,43,8,-10.71355202500855,5
6716,111,11,54,8,-10.714143810197234,3
6717,17,22,53,15,-10.723383781136485,7
6718,11,10,23,7,-10.736120462067522,3
6719,91,12,11,9,-10.737589094202365,3
6720,60,19,5,13,-10.737943337535816,6
6721,108,14,106,10,-10.746780907865295,4
6722,19,25,72,17,-10.749639621360698,8
6723,7,11,59,8,-10.771239818059202,3
6724,13,12,101,9,-10.774607059056445,3
6725,19,25,7,18,-10.77597719817787,7
6726,91,25,55,18,-10.791612827626555,7
6727,90,11,12,8,-10.792345367888727,3
6728,75,12,85,9,-10.804683773311504,3
6729,81,17,106,10,-10.816681182916206,7
6730,65,26,38,16,-10.834638706827015,10
6731,13,22,44,15,-10.852020262338174,7
6732,67,17,86,11,-10.856458271232293,6
6733,81,33,51,21,-10.882761671799566,12
6734,106,13,79,9,-10.885501834452416,4
6735,9,22,48,15,-10.894666127588817,7
6736,28,48,63,33,-10.937243385325445,15
6737,86,28,29,19,-10.944229389007262,9
6738,106,67,16,46,-10.962555092667682,21
6739,20,40,50,27,-10.968930608298043,13
6740,97,25,13,16,-10.985857531237668,9
6741,110,20,51,14,-11.00014817045874,6
6742,72,11,89,8,-11.005026623419422,3
6743,71,13,15,9,-11.00914391321025,4
6744,92,14,41,9,-11.016394202336146,5
6745,60,31,91,19,-11.033330949428786,12
6746,66,13,7,8,-11.03456679955437,5
6747,104,25,49,17,-11.041712547533374,8
6748,84,10,47,7,-11.043789003229907,3
6749,32,17,16,11,-11.045561391190382,6
6750,114,12,32,8,-11.045874107216173,4
6751,1,39,55,27,-11.047135752371084,12
6752,11,11,99,7,-11.04788337752713,4
6753,109,44,107,30,-11.051110030102842,14
6754,89,21,41,15,-11.09646589284071,6
6755,57,23,79,15,-11.100381889906581,8
6756,32,13,74,9,-11.101664191982367,4
6757,108,21,19,14,-11.105185798804058,7
6758,70,15,46,10,-11.123543654837011,5
6759,66,12,78,8,-11.131528298187064,4
6760,11,34,104,23,-11.141180204048963,11
6761,94,18,62,12,-11.151655058140983,6
6762,1,13,78,9,-11.156578268103178,4
6763,103,16,88,10,-11.202155911494266,6
6764,1,11,89,7,-11.209011069389929,4
6765,46,12,100,8,-11.210309669403339,4
6766,3,15,25,10,-11.214634960222725,5
6767,96,20,46,12,-11.223825219116964,8
6768,39,12,45,7,-11.230688824941204,5
6769,68,25,25,17,-11.235607083018877,8
6770,114,34,87,21,-11.249287876293748,13
6771,70,11,83,6,-11.265042422069474,5
6772,7,52,75,35,-11.274663385996204,17
6773,55,14,2,9,-11.27681615957405,5
6774,27,11,111,8,-11.279710088837584,3
6775,5,10,80,7,-11.295210617596888,3
6776,91,13,69,8,-11.30407928014614,5
6777,20,13,64,10,-11.331308462604776,3
6778,44,15,104,10,-11.332078649569059,5
6779,112,11,108,7,-11.335603356831967,4
6780,48,14,72,8,-11.345448276680482,6
6781,102,15,75,11,-11.35790237245839,4
6782,78,28,39,19,-11.374922957505097,9
6783,91,17,43,12,-11.378756439291882,5
6784,57,22,65,15,-11.3825342300458,7
6785,38,11,4,8,-11.395009854616482,3
6786,75,10,73,5,-11.395199340418813,5
6787,54,39,75,25,-11.408133317564461,14
6788,18,17,47,12,-11.411676107822023,5
6789,86,38,102,26,-11.442450297093961,12
6790,19,46,27,32,-11.447727720350228,14
6791,106,41,114,27,-11.462749893343949,14
6792,46,10,15,7,-11.466752843427653,3
6793,34,14,18,10,-11.48294101232062,4
6794,37,12,68,8,-11.49658369134707,4
6795,75,14,98,9,-11.49709370731316,5
6796,18,10,108,7,-11.508388616511892,3
6797,65,11,35,8,-11.518581403700487,3
6798,76,20,7,12,-11.52245661748586,8
6799,81,15,7,9,-11.525413070422038,6
6800,7,12,110,7,-11.526061320417648,5
6801,84,12,18,8,-11.52667869126048,4
6802,109,15,93,10,-11.535822563792802,5
6803,46,14,53,9,-11.556347535591735,5
6804,3,13,108,9,-11.562059375800658,4
6805,104,12,72,8,-11.56257995280617,4
6806,87,13,21,9,-11.56318091799384,4
6807,71,10,111,7,-11.563837134119526,3
6808,104,16,36,10,-11.564722196156032,6
6809,104,12,93,8,-11.57701291373734,4
6810,70,23,11,16,-11.609570033059047,7
6811,43,26,30,19,-11.622747410275757,7
6812,1,14,37,9,-11.6272926254772,5
6813,38,17,75,13,-11.628826987325251,4
6814,110,10,11,8,-11.637838089699006,2
6815,40,12,100,8,-11.638460148115913,4
6816,83,17,107,12,-11.64452174042024,5
6817,23,15,72,10,-11.667454901588142,5
6818,81,10,8,7,-11.678569579324545,3
6819,28,23,34,16,-11.682170467841415,7
6820,96,13,91,9,-11.69285419312405,4
6821,43,25,55,19,-11.714024478286158,6
6822,69,12,34,10,-11.742698738008174,2
6823,102,17,63,11,-11.747209471298389,6
6824,103,10,58,7,-11.772908526311582,3
6825,62,10,112,7,-11.78047192200998,3
6826,54,10,44,7,-11.791894285038762,3
6827,40,21,8,15,-11.79192140237277,6
6828,91,10,53,7,-11.811611902058752,3
6829,77,31,104,21,-11.812621663747162,10
6830,109,11,92,8,-11.825872450184745,3
6831,64,10,74,6,-11.828764368523546,4
6832,86,17,92,11,-11.833574375075663,6
6833,12,11,79,7,-11.866943529008417,4
6834,34,10,72,7,-11.870726502798865,3
6835,102,11,43,7,-11.887502689329436,4
6836,31,18,98,11,-11.908816140421925,7
6837,77,17,71,12,-11.915487518479782,5
6838,49,19,48,14,-11.919274877330183,5
6839,49,36,100,24,-11.93631440856187,12
6840,65,46,114,30,-11.938229846486394,16
6841,57,27,70,17,-11.940546365796532,10
6842,81,13,28,9,-11.947384191502275,4
6843,18,27,95,18,-11.951490678023534,9
6844,57,22,76,16,-11.963037229635306,6
6845,77,15,37,10,-11.967604181160285,5
6846,55,18,102,12,-11.98386619497443,6
6847,77,25,43,17,-12.004670640929955,8
6848,5,32,102,21,-12.011851390558958,11
6849,89,15,63,11,-12.017404575838292,4
6850,104,12,1,8,-12.02010829271743,4
6851,28,14,43,9,-12.028046594555397,5
6852,88,20,102,15,-12.040669825997002,5
6853,46,20,30,14,-12.044164698044927,6
6854,65,52,100,36,-12.044708550653006,16
6855,89,10,10,7,-12.05123505380701,3
6856,63,18,1,11,-12.054495717242014,7
6857,62,22,74,15,-12.061308273026555,7
6858,35,11,8,8,-12.093356369533678,3
6859,91,15,76,11,-12.09807191241983,4
6860,4,10,15,6,-12.124220843420797,4
6861,29,21,64,16,-12.126549125485164,5
6862,92,11,49,7,-12.12845296171494,4
6863,109,19,57,13,-12.12921132196382,6
6864,96,40,11,27,-12.14102850879166,13
6865,70,22,2,14,-12.153236389251049,8
6866,81,32,87,20,-12.164562147525906,12
6867,41,23,111,15,-12.165817300484488,8
6868,23,21,55,13,-12.170945018647474,8
6869,99,21,107,14,-12.174640608684577,7
6870,35,11,75,8,-12.188091693345983,3
6871,84,35,11,24,-12.18991190656385,11
6872,11,15,2,10,-12.196157085843714,5
6873,109,15,72,11,-12.199392565133762,4
6874,97,10,15,7,-12.205780494305644,3
6875,106,11,78,8,-12.210243252742742,3
6876,37,19,64,13,-12.216856507558592,6
6877,43,19,75,14,-12.224767647713703,5
6878,29,11,58,8,-12.250932195859463,3
6879,39,10,32,7,-12.259008757767623,3
6880,88,19,73,13,-12.262693289910837,6
6881,60,18,37,11,-12.263894360602315,7
6882,39,21,109,15,-12.264003725130953,6
6883,89,21,27,15,-12.26733989700351,6
6884,96,30,98,21,-12.27549839186978,9
6885,81,15,40,11,-12.276802562895192,4
6886,18,15,69,10,-12.281407888329312,5
6887,77,30,100,21,-12.29767742568246,9
6888,88,18,98,13,-12.300728896947142,5
6889,94,34,13,23,-12.315280597409899,11
6890,41,14,34,9,-12.338786367505541,5
6891,97,12,67,9,-12.353467827440639,3
6892,108,11,100,8,-12.392416096060252,3
6893,109,10,35,7,-12.407562430544193,3
6894,50,17,36,10,-12.423703215189777,7
6895,58,27,65,18,-12.431650709075077,9
6896,37,14,18,10,-12.438833593443574,4
6897,88,88,13,62,-12.460305993563065,26
6898,87,30,79,22,-12.466071130940083,8
6899,92,15,64,8,-12.492372460791035,7
6900,13,12,42,9,-12.522183516198908,3
6901,71,18,41,13,-12.557773267008857,5
6902,35,12,3,8,-12.563400964105028,4
6903,38,14,100,11,-12.572962429479658,3
6904,51,21,2,13,-12.595923969105383,8
6905,102,12,15,9,-12.597866884640938,3
6906,108,24,53,15,-12.606603502458741,9
6907,48,20,74,12,-12.617131151527767,8
6908,85,20,39,13,-12.618845399489867,7
6909,57,23,7,14,-12.666461617234948,9
6910,5,15,48,11,-12.675358072710559,4
6911,31,13,104,8,-12.681964820727016,5
6912,63,40,80,28,-12.682443988429268,12
6913,109,33,30,24,-12.68920943988151,9
6914,31,76,13,51,-12.705633823012965,25
6915,9,33,15,20,-12.724112098622019,13
6916,106,24,46,15,-12.725492516069494,9
6917,106,14,33,10,-12.736963404825655,4
6918,87,33,98,24,-12.737232267618925,9
6919,37,44,11,30,-12.738426249160876,14
6920,36,10,95,7,-12.746346244298937,3
6921,1,15,100,10,-12.750379039232417,5
6922,51,21,80,14,-12.779249811641696,7
6923,3,31,84,20,-12.781771350844402,11
6924,25,15,49,10,-12.785517383168525,5
6925,11,14,108,10,-12.798974196396985,4
6926,76,11,1,7,-12.827717897490281,4
6927,27,35,104,24,-12.83724877330016,11
6928,103,13,50,9,-12.862167277055057,4
6929,57,24,34,17,-12.872133630873053,7
6930,65,21,2,16,-12.890027578518191,5
6931,109,19,17,13,-12.911257852793483,6
6932,47,14,78,9,-12.914558187890036,5
6933,76,16,74,10,-12.94370107525992,6
6934,106,19,98,13,-12.95487415033694,6
6935,84,10,92,6,-12.962976398847763,4
6936,60,23,74,15,-12.980686447605734,8
6937,35,14,63,9,-12.998216518752985,5
6938,72,21,39,15,-13.025988833841522,6
6939,47,14,55,9,-13.036465008068175,5
6940,12,28,41,20,-13.058385189217622,8
6941,72,13,57,11,-13.071458888669092,2
6942,54,13,34,10,-13.103837032839984,3
6943,37,28,95,21,-13.149042342745602,7
6944,54,18,36,12,-13.21774479827317,6
6945,64,15,109,9,-13.229745561488967,6
6946,88,39,95,27,-13.236869470595257,12
6947,57,19,94,13,-13.247205639863786,6
6948,99,12,7,8,-13.27451726078842,4
6949,46,43,104,29,-13.294982678813746,14
6950,106,19,64,13,-13.295192075566398,6
6951,1,14,8,10,-13.305141225086524,4
6952,88,20,80,13,-13.305539707805673,7
6953,19,17,9,12,-13.318120114033066,5
6954,18,16,11,11,-13.321280125838722,5
6955,9,13,108,8,-13.341841222661904,5
6956,32,11,55,7,-13.363639630093914,4
6957,48,14,17,9,-13.364907872446567,5
6958,35,12,104,8,-13.369677424437173,4
6959,103,14,109,9,-13.379278679742844,5
6960,48,11,62,7,-13.383804058498162,4
6961,84,15,71,11,-13.41321574412034,4
6962,45,10,27,7,-13.421070416218559,3
6963,112,11,91,8,-13.423237527272493,3
6964,53,15,75,10,-13.423496737137015,5
6965,68,16,61,11,-13.424919545398382,5
6966,70,13,34,9,-13.426554854854936,4
6967,32,12,25,7,-13.427877456338669,5
6968,45,15,23,11,-13.436468047997261,4
6969,53,19,43,14,-13.438033142991662,5
6970,35,15,36,11,-13.440272285829968,4
6971,78,22,76,17,-13.440807425985327,5
6972,85,19,30,13,-13.476610519943755,6
6973,69,24,27,16,-13.483104419153626,8
6974,108,12,84,9,-13.488009207908556,3
6975,63,32,30,22,-13.498171962188781,10
6976,112,13,55,10,-13.49840576791747,3
6977,6,10,80,7,-13.522871173076236,3
6978,12,15,30,11,-13.545717330650541,4
6979,84,19,41,13,-13.556150264603872,6
6980,60,18,103,13,-13.575363139165225,5
6981,27,13,22,9,-13.578238998395374,4
6982,12,15,75,10,-13.63556285801919,5
6983,60,18,34,13,-13.644836415292458,5
6984,108,12,8,9,-13.645968521702336,3
6985,103,15,89,10,-13.653395986414903,5
6986,94,45,16,33,-13.692234253415497,12
6987,25,10,92,7,-13.698642336458672,3
6988,5,28,57,20,-13.702708831126639,8
6989,95,10,34,7,-13.704508911135058,3
6990,31,25,63,18,-13.714594813504084,7
6991,11,25,95,18,-13.725658005456244,7
6992,27,10,97,6,-13.735152835550474,4
6993,81,20,49,13,-13.7552732032207,7
6994,57,18,62,14,-13.757275808574354,4
6995,85,11,87,8,-13.78530468452242,3
6996,112,11,97,9,-13.794615799527316,2
6997,112,14,38,11,-13.819485047030156,3
6998,112,18,47,12,-13.820833793363406,6
6999,103,17,55,13,-13.826956770005324,4
7000,57,12,47,8,-13.842676334165546,4
7001,109,35,27,23,-13.847267092001198,12
7002,50,19,53,13,-13.883151416746285,6
7003,83,21,16,15,-13.895144807658395,6
7004,3,31,63,24,-13.905152866710317,7
7005,103,32,100,22,-13.906411503865602,10
7006,112,10,25,7,-13.919292260310073,3
7007,112,11,37,8,-13.937736127059292,3
7008,20,14,60,10,-13.939926452860888,4
7009,69,19,75,14,-13.942304484906572,5
7010,71,24,40,17,-13.948125771645662,7
7011,109,29,114,22,-13.96133653890183,7
7012,75,12,111,8,-13.97228180941997,4
7013,9,31,41,22,-13.990507643067815,9
7014,41,11,6,7,-13.99218654178206,4
7015,77,29,40,21,-14.048771071022594,8
7016,68,31,100,21,-14.067965798054429,10
7017,9,10,90,7,-14.073147353965513,3
7018,66,13,58,10,-14.087865353684418,3
7019,19,10,33,6,-14.198164828754605,4
7020,75,10,72,7,-14.207053385683185,3
7021,46,18,50,12,-14.208875687593247,6
7022,7,17,61,11,-14.217702740281519,6
7023,17,11,83,7,-14.269615650014424,4
7024,18,15,23,10,-14.275894417804937,5
7025,41,22,30,16,-14.29163797685006,6
7026,112,10,48,8,-14.307464286387088,2
7027,102,11,46,8,-14.307494713152066,3
7028,57,12,31,8,-14.310689026630854,4
7029,86,25,26,19,-14.322036756570215,6
7030,89,17,11,13,-14.325596299726628,4
7031,10,10,54,7,-14.334784055636703,3
7032,83,10,40,8,-14.347262135245899,2
7033,94,18,85,13,-14.349143244204264,5
7034,77,42,16,30,-14.349445767899917,12
7035,90,16,20,11,-14.40477443227544,5
7036,51,25,72,17,-14.407428865039867,8
7037,70,26,108,19,-14.427393649276276,7
7038,14,11,80,7,-14.43534539519452,4
7039,77,24,8,17,-14.435582202481529,7
7040,35,13,97,10,-14.444551731599498,3
7041,5,12,44,9,-14.447481002517359,3
7042,2,10,73,7,-14.457830254043131,3
7043,25,12,34,9,-14.468789684868277,3
7044,6,12,19,8,-14.46906875309814,4
7045,38,23,104,16,-14.499014536690481,7
7046,97,15,38,11,-14.531013843539451,4
7047,50,19,80,15,-14.554439051919097,4
7048,20,18,34,14,-14.557800978959815,4
7049,99,12,50,8,-14.581629542155008,4
7050,66,10,39,7,-14.612542929328725,3
7051,29,28,13,19,-14.626543875108073,9
7052,3,33,100,24,-14.664983210141878,9
7053,19,16,55,11,-14.68778354720052,5
7054,78,19,17,13,-14.709203332504178,6
7055,83,19,114,14,-14.712530964906863,5
7056,77,28,7,20,-14.72949510503469,8
7057,31,10,100,7,-14.730848989291468,3
7058,48,15,78,11,-14.736137197437776,4
7059,102,11,90,6,-14.739148726840867,5
7060,106,14,32,11,-14.741977351969272,3
7061,109,29,15,23,-14.748897444369293,6
7062,25,26,11,20,-14.778705544740388,6
7063,89,11,7,8,-14.785043291363074,3
7064,35,11,102,7,-14.787485364380142,4
7065,88,18,111,14,-14.89137809160146,4
7066,89,11,57,8,-14.89329638376114,3
7067,44,10,49,7,-14.992301775479174,3
7068,49,14,80,9,-14.993186389789676,5
7069,22,12,13,9,-14.994671319317483,3
7070,75,10,45,8,-15.003649946946844,2
7071,99,18,25,13,-15.014737107768294,5
7072,93,10,38,6,-15.046407356806787,4
7073,50,19,77,15,-15.082093464135088,4
7074,29,10,71,8,-15.143188317628589,2
7075,54,31,48,22,-15.152035020388912,9
7076,77,11,54,10,-15.154916790692537,1
7077,46,14,93,11,-15.25112664035686,3
7078,94,12,104,9,-15.272338655973261,3
7079,109,19,12,14,-15.312970347960354,5
7080,108,14,114,10,-15.322173355999807,4
7081,2,15,100,10,-15.363858490781979,5
7082,62,16,12,11,-15.366878044727521,5
7083,18,11,5,8,-15.389394006883379,3
7084,107,25,73,17,-15.46067272069853,8
7085,39,12,2,9,-15.473797666414953,3
7086,84,23,112,17,-15.486639525748986,6
7087,12,15,9,11,-15.494125308722385,4
7088,31,15,69,10,-15.502962092044207,5
7089,104,20,64,15,-15.51526416011922,5
7090,66,12,13,9,-15.520614540867863,3
7091,5,21,23,16,-15.554175057753401,5
7092,90,10,100,8,-15.596895375105717,2
7093,45,14,4,10,-15.600891470448106,4
7094,69,10,23,8,-15.603167423944381,2
7095,85,11,106,8,-15.605731963514023,3
7096,97,13,90,9,-15.621888085765935,4
7097,97,12,14,10,-15.664913845649805,2
7098,112,14,15,10,-15.700949053545523,4
7099,51,20,45,15,-15.703190735785377,5
7100,80,13,75,10,-15.718052052365538,3
7101,35,12,80,9,-15.72406211872363,3
7102,96,16,93,12,-15.733194627661215,4
7103,94,13,17,9,-15.746212612138288,4
7104,28,13,110,9,-15.755425369009838,4
7105,17,22,95,17,-15.802621580377183,5
7106,28,29,90,22,-15.880089586771646,7
7107,70,13,80,11,-15.901333417895945,2
7108,90,11,57,8,-15.975273202140913,3
7109,76,18,15,13,-16.00997845666212,5
7110,9,31,53,23,-16.014655893145633,8
7111,29,15,72,11,-16.0438299277562,4
7112,5,18,41,12,-16.050377082501452,6
7113,112,15,71,11,-16.116875921028463,4
7114,46,13,98,9,-16.12835125202737,4
7115,62,19,78,14,-16.13915885630127,5
7116,58,25,86,19,-16.26853319646311,6
7117,80,12,34,10,-16.269229317512288,2
7118,33,16,65,12,-16.286121361101067,4
7119,98,17,109,13,-16.306862994782453,4
7120,14,12,25,10,-16.337614979675553,2
7121,2,19,104,13,-16.352388003055772,6
7122,57,22,100,16,-16.352929528191847,6
7123,83,13,27,11,-16.368092522641103,2
7124,43,11,110,8,-16.376498956572302,3
7125,40,10,29,8,-16.378294184390825,2
7126,63,14,14,10,-16.386711509096077,4
7127,43,13,45,9,-16.39462685745925,4
7128,39,19,99,15,-16.42872930905631,4
7129,38,15,87,11,-16.440170970047014,4
7130,37,11,19,9,-16.4401797639671,2
7131,55,15,14,12,-16.464885141480416,3
7132,87,10,61,7,-16.482333693393578,3
7133,31,46,16,34,-16.494251500601976,12
7134,64,10,66,8,-16.526342406123636,2
7135,79,12,17,9,-16.52858758988839,3
7136,68,22,95,18,-16.55020486315604,4
7137,109,15,19,11,-16.588566849406615,4
7138,36,10,101,8,-16.627946704419486,2
7139,94,13,48,10,-16.653883625052597,3
7140,69,23,53,17,-16.676579450904736,6
7141,112,28,78,21,-16.67914983172849,7
7142,71,15,95,10,-16.726754189945986,5
7143,83,13,23,10,-16.74470008954982,3
7144,37,15,15,12,-16.78479129694742,3
7145,89,13,76,10,-16.79271738787742,3
7146,13,21,80,14,-16.79628268985909,7
7147,46,14,18,11,-16.84517490405338,3
7148,10,12,37,8,-16.87706142806293,4
7149,10,12,13,9,-16.892767460419815,3
7150,41,10,22,8,-16.895138763704843,2
7151,57,18,29,14,-16.901122362734938,4
7152,81,17,100,12,-16.902840028550546,5
7153,46,12,43,9,-16.90387334173946,3
7154,112,19,20,15,-16.964936240764278,4
7155,31,10,38,6,-16.97274158238423,4
7156,102,11,48,9,-16.984312347736424,2
7157,37,13,73,9,-17.03246334806977,4
7158,1,14,18,11,-17.058153705270215,3
7159,9,29,27,21,-17.072056537621446,8
7160,2,11,60,8,-17.116843000088547,3
7161,29,28,88,21,-17.15439200584212,7
7162,60,17,102,12,-17.171392721318526,5
7163,5,22,27,16,-17.186967099907655,6
7164,106,10,35,7,-17.31905115685177,3
7165,35,10,60,7,-17.418126947264813,3
7166,29,10,80,8,-17.45720022045759,2
7167,76,12,80,9,-17.55496587930268,3
7168,29,18,109,12,-17.571930830154635,6
7169,83,11,110,9,-17.575104905290953,2
7170,70,12,48,9,-17.60881542858036,3
7171,67,10,20,8,-17.672455088050597,2
7172,3,11,5,7,-17.694163901939536,4
7173,68,12,90,9,-17.719685937760907,3
7174,55,12,44,9,-17.771847163193577,3
7175,15,10,85,8,-17.788004047228643,2
7176,5,18,30,15,-17.810533055025342,3
7177,35,13,48,10,-17.821530991658577,3
7178,88,17,32,13,-17.824594134673823,4
7179,114,11,111,8,-17.846918134233796,3
7180,41,10,35,7,-17.84884882348167,3
7181,30,15,95,11,-17.919901608832802,4
7182,103,14,74,11,-17.994533713441378,3
7183,76,21,54,16,-18.08934803214948,5
7184,54,10,67,8,-18.121548101252504,2
7185,12,14,55,11,-18.17466355866916,3
7186,43,12,81,9,-18.327617727929393,3
7187,35,17,87,12,-18.4649770696095,5
7188,31,15,106,11,-18.52908676481623,4
7189,12,10,45,8,-18.65380711999512,2
7190,57,16,112,12,-18.74164060463068,4
7191,28,17,99,13,-18.75458480836917,4
7192,51,24,90,19,-18.757035278464734,5
7193,102,12,27,10,-18.772173343475483,2
7194,33,20,55,16,-18.82593244000092,4
7195,97,12,34,9,-18.83120290818016,3
7196,4,13,98,11,-18.93649850914462,2
7197,106,11,89,7,-18.95338953455918,4
7198,106,10,92,8,-19.04169077246869,2
7199,62,13,34,10,-19.217276142512915,3
7200,18,14,99,11,-19.290873438644518,3
7201,36,19,30,17,-19.305297671687285,2
7202,29,11,114,8,-19.42881288570476,3
7203,6,11,30,9,-19.605882514870544,2
7204,5,11,64,9,-19.69819687485363,2
7205,31,11,15,8,-19.73878794252568,3
7206,32,12,95,10,-19.760326388824463,2
7207,38,10,94,8,-19.793182522248042,2
7208,97,13,73,9,-19.966763707753138,4
7209,54,17,4,15,-19.99443539185139,2
7210,84,12,7,10,-20.16090095994254,2
7211,68,38,112,30,-20.16144061217486,8
7212,103,10,75,9,-20.24199150509897,1
7213,12,10,26,8,-20.37973185640995,2
7214,10,11,30,9,-20.38962047667116,2
7215,94,23,81,17,-20.517798479805748,6
7216,95,10,3,8,-20.57885087785416,2
7217,77,10,34,9,-20.670327392487728,1
7218,3,18,48,14,-20.77461856356065,4
7219,10,14,112,11,-21.021770709139744,3
7220,10,16,51,13,-21.051824036569297,3
7221,112,16,80,12,-21.108795407964617,4
7222,31,11,76,10,-21.157211826935978,1
7223,51,11,101,9,-21.226620175614496,2
7224,89,10,43,8,-21.41290647710052,2
7225,3,18,75,15,-21.417290354619,3
7226,4,13,25,11,-21.420042602463127,2
7227,4,15,41,10,-21.48059017391386,5
7228,34,11,64,9,-21.53865059177988,2
7229,31,12,62,9,-21.79094106777599,3
7230,97,12,91,10,-22.175648770183784,2
7231,1,10,3,8,-22.670516239418713,2
7232,91,18,104,17,-22.937436859705542,1
7233,57,14,26,11,-23.006782602638854,3
7234,8,11,4,10,-23.17790508365148,1
7235,77,19,75,16,-23.52836570307736,3
7236,38,13,55,11,-23.805883695964802,2
7237,42,11,104,10,-24.55480599508646,1
7238,23,14,90,12,-25.1914979759845,2
7239,33,11,100,10,-25.460296177649866,1
7240,106,10,49,9,-25.68163240192886,1
7241,38,10,69,9,-27.69592076147955,1
7242,61,10,98,10,-28.32332956610249,0
7243,90,10,109,10,-29.2714816942141,0
7244,37,11,44,11,-29.88349889925713,0
7245,102,17,112,16,-31.59305348177514,1
